0.999999 0.001655 0.000000 0.577887 -0.001655 0.999999 0.000000 -0.006546 0.000000 0.000000 1.000000 0.000000
0.999995 0.003085 0.000000 1.122388 -0.003085 0.999995 0.000000 -0.020701 0.000000 0.000000 1.000000 0.000000
0.999994 0.003550 0.000000 1.699350 -0.003550 0.999994 0.000000 -0.024036 0.000000 0.000000 1.000000 0.000000
0.999995 0.003135 0.000000 2.281121 -0.003135 0.999995 0.000000 -0.035114 0.000000 0.000000 1.000000 0.000000
0.999977 0.006820 0.000000 2.826329 -0.006820 0.999977 0.000000 -0.054556 0.000000 0.000000 1.000000 0.000000
0.999912 0.013254 0.000000 3.412875 -0.013254 0.999912 0.000000 -0.045247 0.000000 0.000000 1.000000 0.000000
0.999861 0.016701 0.000000 4.546955 -0.016701 0.999861 0.000000 -0.082717 0.000000 0.000000 1.000000 0.000000
0.999841 0.017849 0.000000 5.136279 -0.017849 0.999841 0.000000 -0.089527 0.000000 0.000000 1.000000 0.000000
0.999812 0.019377 0.000000 5.945557 -0.019377 0.999812 0.000000 -0.115018 0.000000 0.000000 1.000000 0.000000
0.999815 0.019234 0.000000 6.518241 -0.019234 0.999815 0.000000 -0.111286 0.000000 0.000000 1.000000 0.000000
0.999800 0.020003 0.000000 7.104918 -0.020003 0.999800 0.000000 -0.140438 0.000000 0.000000 1.000000 0.000000
0.999786 0.020677 0.000000 7.685593 -0.020677 0.999786 0.000000 -0.147103 0.000000 0.000000 1.000000 0.000000
0.999768 0.021535 0.000000 8.229947 -0.021535 0.999768 0.000000 -0.167982 0.000000 0.000000 1.000000 0.000000
0.999752 0.022289 0.000000 8.816774 -0.022289 0.999752 0.000000 -0.192488 0.000000 0.000000 1.000000 0.000000
0.999715 0.023878 0.000000 9.367806 -0.023878 0.999715 0.000000 -0.201454 0.000000 0.000000 1.000000 0.000000
0.999709 0.024114 0.000000 9.947713 -0.024114 0.999709 0.000000 -0.205086 0.000000 0.000000 1.000000 0.000000
0.999664 0.025940 0.000000 10.505131 -0.025940 0.999664 0.000000 -0.201394 0.000000 0.000000 1.000000 0.000000
0.999666 0.025828 0.000000 11.075829 -0.025828 0.999666 0.000000 -0.209124 0.000000 0.000000 1.000000 0.000000
0.999624 0.027416 0.000000 11.653446 -0.027416 0.999624 0.000000 -0.225742 0.000000 0.000000 1.000000 0.000000
0.999573 0.029210 0.000000 12.410942 -0.029210 0.999573 0.000000 -0.240848 0.000000 0.000000 1.000000 0.000000
0.999538 0.030397 0.000000 13.030304 -0.030397 0.999538 0.000000 -0.254725 0.000000 0.000000 1.000000 0.000000
0.999531 0.030619 0.000000 13.579102 -0.030619 0.999531 0.000000 -0.267902 0.000000 0.000000 1.000000 0.000000
0.999475 0.032388 0.000000 14.190042 -0.032388 0.999475 0.000000 -0.262585 0.000000 0.000000 1.000000 0.000000
0.999436 0.033577 0.000000 14.766855 -0.033577 0.999436 0.000000 -0.265202 0.000000 0.000000 1.000000 0.000000
0.999412 0.034299 0.000000 15.340149 -0.034299 0.999412 0.000000 -0.288954 0.000000 0.000000 1.000000 0.000000
0.999299 0.037434 0.000000 15.917743 -0.037434 0.999299 0.000000 -0.292671 0.000000 0.000000 1.000000 0.000000
0.999259 0.038486 0.000000 16.493763 -0.038486 0.999259 0.000000 -0.323758 0.000000 0.000000 1.000000 0.000000
0.999162 0.040922 0.000000 17.065743 -0.040922 0.999162 0.000000 -0.337663 0.000000 0.000000 1.000000 0.000000
0.999144 0.041362 0.000000 17.647998 -0.041362 0.999144 0.000000 -0.379566 0.000000 0.000000 1.000000 0.000000
0.999052 0.043541 0.000000 18.221714 -0.043541 0.999052 0.000000 -0.405113 0.000000 0.000000 1.000000 0.000000
0.998959 0.045618 0.000000 18.796127 -0.045618 0.998959 0.000000 -0.443812 0.000000 0.000000 1.000000 0.000000
0.998962 0.045553 0.000000 19.344410 -0.045553 0.998962 0.000000 -0.473570 0.000000 0.000000 1.000000 0.000000
0.998774 0.049504 0.000000 19.911229 -0.049504 0.998774 0.000000 -0.505485 0.000000 0.000000 1.000000 0.000000
0.998708 0.050815 0.000000 21.008830 -0.050815 0.998708 0.000000 -0.567720 0.000000 0.000000 1.000000 0.000000
0.998749 0.050002 0.000000 21.934144 -0.050002 0.998749 0.000000 -0.622570 0.000000 0.000000 1.000000 0.000000
0.998825 0.048455 0.000000 22.499484 -0.048455 0.998825 0.000000 -0.652665 0.000000 0.000000 1.000000 0.000000
0.998742 0.050146 0.000000 23.066607 -0.050146 0.998742 0.000000 -0.696408 0.000000 0.000000 1.000000 0.000000
0.998594 0.053017 0.000000 23.631737 -0.053017 0.998594 0.000000 -0.767410 0.000000 0.000000 1.000000 0.000000
0.998773 0.049522 0.000000 24.188299 -0.049522 0.998773 0.000000 -0.823115 0.000000 0.000000 1.000000 0.000000
0.998827 0.048411 0.000000 24.784282 -0.048411 0.998827 0.000000 -0.852758 0.000000 0.000000 1.000000 0.000000
0.998317 0.057993 0.000000 25.343280 -0.057993 0.998317 0.000000 -0.892000 0.000000 0.000000 1.000000 0.000000
0.997440 0.071509 0.000000 26.458416 -0.071509 0.997440 0.000000 -0.967035 0.000000 0.000000 1.000000 0.000000
0.997585 0.069461 0.000000 27.020600 -0.069461 0.997585 0.000000 -1.026187 0.000000 0.000000 1.000000 0.000000
0.997481 0.070933 0.000000 27.582614 -0.070933 0.997481 0.000000 -1.070714 0.000000 0.000000 1.000000 0.000000
0.997561 0.069799 0.000000 28.104385 -0.069799 0.997561 0.000000 -1.133231 0.000000 0.000000 1.000000 0.000000
0.997692 0.067907 0.000000 28.666940 -0.067907 0.997692 0.000000 -1.188294 0.000000 0.000000 1.000000 0.000000
0.997239 0.074255 0.000000 29.559256 -0.074255 0.997239 0.000000 -1.267762 0.000000 0.000000 1.000000 0.000000
0.997234 0.074329 0.000000 30.150783 -0.074329 0.997234 0.000000 -1.310613 0.000000 0.000000 1.000000 0.000000
0.997156 0.075364 0.000000 30.703483 -0.075364 0.997156 0.000000 -1.344253 0.000000 0.000000 1.000000 0.000000
0.997195 0.074849 0.000000 31.261775 -0.074849 0.997195 0.000000 -1.394111 0.000000 0.000000 1.000000 0.000000
0.997076 0.076417 0.000000 31.827526 -0.076417 0.997076 0.000000 -1.450099 0.000000 0.000000 1.000000 0.000000
0.997082 0.076335 0.000000 32.382632 -0.076335 0.997082 0.000000 -1.518847 0.000000 0.000000 1.000000 0.000000
0.996855 0.079250 0.000000 32.947796 -0.079250 0.996855 0.000000 -1.563192 0.000000 0.000000 1.000000 0.000000
0.997001 0.077386 0.000000 33.522250 -0.077386 0.997001 0.000000 -1.611240 0.000000 0.000000 1.000000 0.000000
0.996818 0.079707 0.000000 34.087851 -0.079707 0.996818 0.000000 -1.651071 0.000000 0.000000 1.000000 0.000000
0.996704 0.081129 0.000000 34.611287 -0.081129 0.996704 0.000000 -1.700636 0.000000 0.000000 1.000000 0.000000
0.996471 0.083932 0.000000 35.545730 -0.083932 0.996471 0.000000 -1.786953 0.000000 0.000000 1.000000 0.000000
0.996080 0.088461 0.000000 36.099223 -0.088461 0.996080 0.000000 -1.844096 0.000000 0.000000 1.000000 0.000000
0.995950 0.089907 0.000000 36.653425 -0.089907 0.995950 0.000000 -1.897815 0.000000 0.000000 1.000000 0.000000
0.995856 0.090949 0.000000 37.206736 -0.090949 0.995856 0.000000 -1.967669 0.000000 0.000000 1.000000 0.000000
0.995638 0.093301 0.000000 37.756860 -0.093301 0.995638 0.000000 -2.005466 0.000000 0.000000 1.000000 0.000000
0.995570 0.094028 0.000000 38.315294 -0.094028 0.995570 0.000000 -2.069723 0.000000 0.000000 1.000000 0.000000
0.995455 0.095231 0.000000 38.905840 -0.095231 0.995455 0.000000 -2.132591 0.000000 0.000000 1.000000 0.000000
0.995416 0.095641 0.000000 39.432457 -0.095641 0.995416 0.000000 -2.185117 0.000000 0.000000 1.000000 0.000000
0.995437 0.095424 0.000000 39.974607 -0.095424 0.995437 0.000000 -2.241679 0.000000 0.000000 1.000000 0.000000
0.995503 0.094726 0.000000 40.528649 -0.094726 0.995503 0.000000 -2.300468 0.000000 0.000000 1.000000 0.000000
0.995122 0.098657 0.000000 41.084179 -0.098657 0.995122 0.000000 -2.360812 0.000000 0.000000 1.000000 0.000000
0.994963 0.100245 0.000000 41.599690 -0.100245 0.994963 0.000000 -2.414325 0.000000 0.000000 1.000000 0.000000
0.994814 0.101712 0.000000 42.153375 -0.101712 0.994814 0.000000 -2.483219 0.000000 0.000000 1.000000 0.000000
0.994906 0.100809 0.000000 42.679456 -0.100809 0.994906 0.000000 -2.536603 0.000000 0.000000 1.000000 0.000000
0.995035 0.099529 0.000000 43.629631 -0.099529 0.995035 0.000000 -2.637834 0.000000 0.000000 1.000000 0.000000
0.994954 0.100333 0.000000 44.174575 -0.100333 0.994954 0.000000 -2.703871 0.000000 0.000000 1.000000 0.000000
0.994631 0.103488 0.000000 44.735767 -0.103488 0.994631 0.000000 -2.770550 0.000000 0.000000 1.000000 0.000000
0.994887 0.100994 0.000000 45.818654 -0.100994 0.994887 0.000000 -2.902700 0.000000 0.000000 1.000000 0.000000
0.994233 0.107242 0.000000 46.401320 -0.107242 0.994233 0.000000 -2.970087 0.000000 0.000000 1.000000 0.000000
0.994168 0.107844 0.000000 46.896208 -0.107844 0.994168 0.000000 -3.030571 0.000000 0.000000 1.000000 0.000000
0.994187 0.107671 0.000000 47.918318 -0.107671 0.994187 0.000000 -3.157396 0.000000 0.000000 1.000000 0.000000
0.994075 0.108692 0.000000 48.444451 -0.108692 0.994075 0.000000 -3.217895 0.000000 0.000000 1.000000 0.000000
0.994183 0.107707 0.000000 48.959845 -0.107707 0.994183 0.000000 -3.263289 0.000000 0.000000 1.000000 0.000000
0.994131 0.108179 0.000000 49.446765 -0.108179 0.994131 0.000000 -3.319757 0.000000 0.000000 1.000000 0.000000
0.993821 0.110996 0.000000 50.344533 -0.110996 0.993821 0.000000 -3.435833 0.000000 0.000000 1.000000 0.000000
0.993952 0.109813 0.000000 50.845524 -0.109813 0.993952 0.000000 -3.506914 0.000000 0.000000 1.000000 0.000000
0.993468 0.114112 0.000000 51.344245 -0.114112 0.993468 0.000000 -3.561625 0.000000 0.000000 1.000000 0.000000
0.992810 0.119699 0.000000 51.834486 -0.119699 0.992810 0.000000 -3.635223 0.000000 0.000000 1.000000 0.000000
0.992772 0.120013 0.000000 52.316721 -0.120013 0.992772 0.000000 -3.687092 0.000000 0.000000 1.000000 0.000000
0.992655 0.120981 0.000000 52.785765 -0.120981 0.992655 0.000000 -3.737069 0.000000 0.000000 1.000000 0.000000
0.992343 0.123511 0.000000 53.263160 -0.123511 0.992343 0.000000 -3.793102 0.000000 0.000000 1.000000 0.000000
0.991835 0.127531 0.000000 53.969281 -0.127531 0.991835 0.000000 -3.890064 0.000000 0.000000 1.000000 0.000000
0.991854 0.127384 0.000000 54.392458 -0.127384 0.991854 0.000000 -3.965804 0.000000 0.000000 1.000000 0.000000
0.991954 0.126601 0.000000 54.852798 -0.126601 0.991954 0.000000 -4.032348 0.000000 0.000000 1.000000 0.000000
0.992049 0.125856 0.000000 55.296977 -0.125856 0.992049 0.000000 -4.094520 0.000000 0.000000 1.000000 0.000000
0.991869 0.127263 0.000000 55.709691 -0.127263 0.991869 0.000000 -4.148420 0.000000 0.000000 1.000000 0.000000
0.992183 0.124793 0.000000 56.134014 -0.124793 0.992183 0.000000 -4.215347 0.000000 0.000000 1.000000 0.000000
0.992391 0.123125 0.000000 56.865207 -0.123125 0.992391 0.000000 -4.323046 0.000000 0.000000 1.000000 0.000000
0.992110 0.125368 0.000000 57.236390 -0.125368 0.992110 0.000000 -4.387431 0.000000 0.000000 1.000000 0.000000
0.991922 0.126850 0.000000 57.673450 -0.126850 0.991922 0.000000 -4.450814 0.000000 0.000000 1.000000 0.000000
0.991743 0.128242 0.000000 58.070634 -0.128242 0.991743 0.000000 -4.505428 0.000000 0.000000 1.000000 0.000000
0.991617 0.129214 0.000000 58.467337 -0.129214 0.991617 0.000000 -4.561943 0.000000 0.000000 1.000000 0.000000
0.991499 0.130115 0.000000 58.858166 -0.130115 0.991499 0.000000 -4.605041 0.000000 0.000000 1.000000 0.000000
0.991331 0.131388 0.000000 59.247176 -0.131388 0.991331 0.000000 -4.665376 0.000000 0.000000 1.000000 0.000000
0.991537 0.129823 0.000000 59.614817 -0.129823 0.991537 0.000000 -4.720234 0.000000 0.000000 1.000000 0.000000
0.991349 0.131254 0.000000 59.978342 -0.131254 0.991349 0.000000 -4.771939 0.000000 0.000000 1.000000 0.000000
0.991111 0.133040 0.000000 60.341530 -0.133040 0.991111 0.000000 -4.829293 0.000000 0.000000 1.000000 0.000000
0.990422 0.138072 0.000000 61.021457 -0.138072 0.990422 0.000000 -4.938382 0.000000 0.000000 1.000000 0.000000
0.990576 0.136963 0.000000 61.368069 -0.136963 0.990576 0.000000 -4.990679 0.000000 0.000000 1.000000 0.000000
0.990614 0.136687 0.000000 61.677693 -0.136687 0.990614 0.000000 -5.037225 0.000000 0.000000 1.000000 0.000000
0.990657 0.136377 0.000000 62.006892 -0.136377 0.990657 0.000000 -5.096952 0.000000 0.000000 1.000000 0.000000
0.990396 0.138263 0.000000 62.329954 -0.138263 0.990396 0.000000 -5.143996 0.000000 0.000000 1.000000 0.000000
0.990124 0.140194 0.000000 62.626795 -0.140194 0.990124 0.000000 -5.185185 0.000000 0.000000 1.000000 0.000000
0.989090 0.147310 0.000000 62.948605 -0.147310 0.989090 0.000000 -5.211036 0.000000 0.000000 1.000000 0.000000
0.988899 0.148592 0.000000 63.270099 -0.148592 0.988899 0.000000 -5.258040 0.000000 0.000000 1.000000 0.000000
0.989206 0.146532 0.000000 63.786676 -0.146532 0.989206 0.000000 -5.344340 0.000000 0.000000 1.000000 0.000000
0.989302 0.145885 0.000000 64.088933 -0.145885 0.989302 0.000000 -5.395095 0.000000 0.000000 1.000000 0.000000
0.989054 0.147551 0.000000 64.388385 -0.147551 0.989054 0.000000 -5.455866 0.000000 0.000000 1.000000 0.000000
0.988660 0.150173 0.000000 64.698185 -0.150173 0.988660 0.000000 -5.508530 0.000000 0.000000 1.000000 0.000000
0.988567 0.150780 0.000000 64.990661 -0.150780 0.988567 0.000000 -5.547333 0.000000 0.000000 1.000000 0.000000
0.988274 0.152690 0.000000 65.258465 -0.152690 0.988274 0.000000 -5.590470 0.000000 0.000000 1.000000 0.000000
0.988256 0.152804 0.000000 65.557434 -0.152804 0.988256 0.000000 -5.641959 0.000000 0.000000 1.000000 0.000000
0.987960 0.154709 0.000000 65.837335 -0.154709 0.987960 0.000000 -5.678108 0.000000 0.000000 1.000000 0.000000
0.987840 0.155474 0.000000 66.110501 -0.155474 0.987840 0.000000 -5.720614 0.000000 0.000000 1.000000 0.000000
0.987295 0.158895 0.000000 66.568912 -0.158895 0.987295 0.000000 -5.796561 0.000000 0.000000 1.000000 0.000000
0.987298 0.158877 0.000000 66.809812 -0.158877 0.987298 0.000000 -5.845553 0.000000 0.000000 1.000000 0.000000
0.987043 0.160457 0.000000 67.085535 -0.160457 0.987043 0.000000 -5.896098 0.000000 0.000000 1.000000 0.000000
0.987025 0.160568 0.000000 67.347864 -0.160568 0.987025 0.000000 -5.942551 0.000000 0.000000 1.000000 0.000000
0.986935 0.161121 0.000000 67.609827 -0.161121 0.986935 0.000000 -5.988441 0.000000 0.000000 1.000000 0.000000
0.986816 0.161849 0.000000 67.867694 -0.161849 0.986816 0.000000 -6.048573 0.000000 0.000000 1.000000 0.000000
0.986638 0.162927 0.000000 68.125715 -0.162927 0.986638 0.000000 -6.095124 0.000000 0.000000 1.000000 0.000000
0.986662 0.162783 0.000000 68.385346 -0.162783 0.986662 0.000000 -6.144249 0.000000 0.000000 1.000000 0.000000
0.986148 0.165867 0.000000 68.626851 -0.165867 0.986148 0.000000 -6.197637 0.000000 0.000000 1.000000 0.000000
0.986020 0.166627 0.000000 68.891709 -0.166627 0.986020 0.000000 -6.245325 0.000000 0.000000 1.000000 0.000000
0.985823 0.167790 0.000000 69.140330 -0.167790 0.985823 0.000000 -6.289444 0.000000 0.000000 1.000000 0.000000
0.985766 0.168121 0.000000 69.392053 -0.168121 0.985766 0.000000 -6.324969 0.000000 0.000000 1.000000 0.000000
0.985337 0.170622 0.000000 69.826334 -0.170622 0.985337 0.000000 -6.407303 0.000000 0.000000 1.000000 0.000000
0.985183 0.171504 0.000000 70.101481 -0.171504 0.985183 0.000000 -6.446360 0.000000 0.000000 1.000000 0.000000
0.985179 0.171529 0.000000 70.371095 -0.171529 0.985179 0.000000 -6.505979 0.000000 0.000000 1.000000 0.000000
0.984963 0.172764 0.000000 70.634201 -0.172764 0.984963 0.000000 -6.543366 0.000000 0.000000 1.000000 0.000000
0.984881 0.173230 0.000000 70.909612 -0.173230 0.984881 0.000000 -6.602336 0.000000 0.000000 1.000000 0.000000
0.984688 0.174324 0.000000 71.195977 -0.174324 0.984688 0.000000 -6.659872 0.000000 0.000000 1.000000 0.000000
0.984565 0.175019 0.000000 71.450882 -0.175019 0.984565 0.000000 -6.720298 0.000000 0.000000 1.000000 0.000000
0.984588 0.174888 0.000000 71.736254 -0.174888 0.984588 0.000000 -6.778528 0.000000 0.000000 1.000000 0.000000
0.984103 0.177597 0.000000 72.009712 -0.177597 0.984103 0.000000 -6.824838 0.000000 0.000000 1.000000 0.000000
0.983918 0.178621 0.000000 72.268612 -0.178621 0.983918 0.000000 -6.887663 0.000000 0.000000 1.000000 0.000000
0.983859 0.178944 0.000000 72.552181 -0.178944 0.983859 0.000000 -6.936398 0.000000 0.000000 1.000000 0.000000
0.983354 0.181701 0.000000 72.813767 -0.181701 0.983354 0.000000 -6.981008 0.000000 0.000000 1.000000 0.000000
0.983206 0.182499 0.000000 73.591207 -0.182499 0.983206 0.000000 -7.131642 0.000000 0.000000 1.000000 0.000000
0.982545 0.186023 0.000000 73.879696 -0.186023 0.982545 0.000000 -7.174051 0.000000 0.000000 1.000000 0.000000
0.982034 0.188703 0.000000 74.169935 -0.188703 0.982034 0.000000 -7.227813 0.000000 0.000000 1.000000 0.000000
0.981806 0.189889 0.000000 74.458266 -0.189889 0.981806 0.000000 -7.285736 0.000000 0.000000 1.000000 0.000000
0.982151 0.188092 0.000000 74.752541 -0.188092 0.982151 0.000000 -7.338920 0.000000 0.000000 1.000000 0.000000
0.981696 0.190452 0.000000 75.325326 -0.190452 0.981696 0.000000 -7.452786 0.000000 0.000000 1.000000 0.000000
0.981339 0.192286 0.000000 75.620928 -0.192286 0.981339 0.000000 -7.510728 0.000000 0.000000 1.000000 0.000000
0.981317 0.192396 0.000000 75.907057 -0.192396 0.981317 0.000000 -7.571947 0.000000 0.000000 1.000000 0.000000
0.981038 0.193817 0.000000 76.368079 -0.193817 0.981038 0.000000 -7.664808 0.000000 0.000000 1.000000 0.000000
0.980291 0.197561 0.000000 76.687074 -0.197561 0.980291 0.000000 -7.726492 0.000000 0.000000 1.000000 0.000000
0.978449 0.206489 0.000000 77.222277 -0.206489 0.978449 0.000000 -7.828100 0.000000 0.000000 1.000000 0.000000
0.978344 0.206984 0.000000 77.549908 -0.206984 0.978344 0.000000 -7.910487 0.000000 0.000000 1.000000 0.000000
0.978300 0.207193 0.000000 77.885004 -0.207193 0.978300 0.000000 -7.974530 0.000000 0.000000 1.000000 0.000000
0.977131 0.212639 0.000000 78.210818 -0.212639 0.977131 0.000000 -8.031926 0.000000 0.000000 1.000000 0.000000
0.977251 0.212087 0.000000 78.565797 -0.212087 0.977251 0.000000 -8.105642 0.000000 0.000000 1.000000 0.000000
0.976589 0.215115 0.000000 79.128070 -0.215115 0.976589 0.000000 -8.239219 0.000000 0.000000 1.000000 0.000000
0.977251 0.212087 0.000000 79.476827 -0.212087 0.977251 0.000000 -8.297287 0.000000 0.000000 1.000000 0.000000
0.977110 0.212735 0.000000 79.859651 -0.212735 0.977110 0.000000 -8.395032 0.000000 0.000000 1.000000 0.000000
0.976831 0.214011 0.000000 80.213783 -0.214011 0.976831 0.000000 -8.468764 0.000000 0.000000 1.000000 0.000000
0.976703 0.214594 0.000000 80.856942 -0.214594 0.976703 0.000000 -8.614378 0.000000 0.000000 1.000000 0.000000
0.976522 0.215417 0.000000 81.514216 -0.215417 0.976522 0.000000 -8.764945 0.000000 0.000000 1.000000 0.000000
0.976974 0.213361 0.000000 81.896991 -0.213361 0.976974 0.000000 -8.879193 0.000000 0.000000 1.000000 0.000000
0.977207 0.212288 0.000000 82.319020 -0.212288 0.977207 0.000000 -8.966991 0.000000 0.000000 1.000000 0.000000
0.976551 0.215286 0.000000 82.717951 -0.215286 0.976551 0.000000 -9.046518 0.000000 0.000000 1.000000 0.000000
0.976292 0.216456 0.000000 83.141914 -0.216456 0.976292 0.000000 -9.161884 0.000000 0.000000 1.000000 0.000000
0.975852 0.218433 0.000000 83.541680 -0.218433 0.975852 0.000000 -9.246707 0.000000 0.000000 1.000000 0.000000
0.976188 0.216927 0.000000 83.985900 -0.216927 0.976188 0.000000 -9.353932 0.000000 0.000000 1.000000 0.000000
0.977474 0.211058 0.000000 84.657604 -0.211058 0.977474 0.000000 -9.498576 0.000000 0.000000 1.000000 0.000000
0.977270 0.211997 0.000000 85.454255 -0.211997 0.977270 0.000000 -9.676154 0.000000 0.000000 1.000000 0.000000
0.977472 0.211065 0.000000 85.919466 -0.211065 0.977472 0.000000 -9.782096 0.000000 0.000000 1.000000 0.000000
0.976744 0.214410 0.000000 86.391471 -0.214410 0.976744 0.000000 -9.898003 0.000000 0.000000 1.000000 0.000000
0.976021 0.217677 0.000000 86.851676 -0.217677 0.976021 0.000000 -10.012803 0.000000 0.000000 1.000000 0.000000
0.974843 0.222894 0.000000 87.352187 -0.222894 0.974843 0.000000 -10.115401 0.000000 0.000000 1.000000 0.000000
0.975121 0.221671 0.000000 87.794943 -0.221671 0.975121 0.000000 -10.215654 0.000000 0.000000 1.000000 0.000000
0.973893 0.227007 0.000000 88.289038 -0.227007 0.973893 0.000000 -10.329609 0.000000 0.000000 1.000000 0.000000
0.973396 0.229130 0.000000 88.796540 -0.229130 0.973396 0.000000 -10.441354 0.000000 0.000000 1.000000 0.000000
0.972859 0.231400 0.000000 89.313027 -0.231400 0.972859 0.000000 -10.557070 0.000000 0.000000 1.000000 0.000000
0.972490 0.232943 0.000000 89.793734 -0.232943 0.972490 0.000000 -10.666426 0.000000 0.000000 1.000000 0.000000
0.972176 0.234250 0.000000 90.315908 -0.234250 0.972176 0.000000 -10.799139 0.000000 0.000000 1.000000 0.000000
0.971083 0.238741 0.000000 91.261700 -0.238741 0.971083 0.000000 -11.030670 0.000000 0.000000 1.000000 0.000000
0.971239 0.238106 0.000000 91.794657 -0.238106 0.971239 0.000000 -11.172758 0.000000 0.000000 1.000000 0.000000
0.971249 0.238064 0.000000 92.337714 -0.238064 0.971249 0.000000 -11.304183 0.000000 0.000000 1.000000 0.000000
0.970105 0.242687 0.000000 92.874097 -0.242687 0.970105 0.000000 -11.434916 0.000000 0.000000 1.000000 0.000000
0.969039 0.246908 0.000000 93.420407 -0.246908 0.969039 0.000000 -11.585856 0.000000 0.000000 1.000000 0.000000
0.969187 0.246325 0.000000 94.250693 -0.246325 0.969187 0.000000 -11.817700 0.000000 0.000000 1.000000 0.000000
0.968708 0.248202 0.000000 94.771013 -0.248202 0.968708 0.000000 -11.959002 0.000000 0.000000 1.000000 0.000000
0.966047 0.258367 0.000000 95.852198 -0.258367 0.966047 0.000000 -12.263142 0.000000 0.000000 1.000000 0.000000
0.965056 0.262044 0.000000 96.580548 -0.262044 0.965056 0.000000 -12.473216 0.000000 0.000000 1.000000 0.000000
0.964196 0.265189 0.000000 97.166471 -0.265189 0.964196 0.000000 -12.630889 0.000000 0.000000 1.000000 0.000000
0.963071 0.269248 0.000000 97.754054 -0.269248 0.963071 0.000000 -12.800688 0.000000 0.000000 1.000000 0.000000
0.961917 0.273343 0.000000 98.344205 -0.273343 0.961917 0.000000 -12.960563 0.000000 0.000000 1.000000 0.000000
0.961528 0.274708 0.000000 98.927569 -0.274708 0.961528 0.000000 -13.132040 0.000000 0.000000 1.000000 0.000000
0.961295 0.275521 0.000000 99.544156 -0.275521 0.961295 0.000000 -13.315923 0.000000 0.000000 1.000000 0.000000
0.960732 0.277478 0.000000 100.108418 -0.277478 0.960732 0.000000 -13.484268 0.000000 0.000000 1.000000 0.000000
0.959824 0.280602 0.000000 100.686528 -0.280602 0.959824 0.000000 -13.652930 0.000000 0.000000 1.000000 0.000000
0.959325 0.282303 0.000000 101.287297 -0.282303 0.959325 0.000000 -13.836135 0.000000 0.000000 1.000000 0.000000
0.960348 0.278804 0.000000 101.843487 -0.278804 0.960348 0.000000 -14.002550 0.000000 0.000000 1.000000 0.000000
0.961088 0.276243 0.000000 102.446621 -0.276243 0.961088 0.000000 -14.172288 0.000000 0.000000 1.000000 0.000000
0.960965 0.276670 0.000000 103.046148 -0.276670 0.960965 0.000000 -14.351589 0.000000 0.000000 1.000000 0.000000
0.960489 0.278319 0.000000 103.607354 -0.278319 0.960489 0.000000 -14.513907 0.000000 0.000000 1.000000 0.000000
0.960170 0.279417 0.000000 104.677763 -0.279417 0.960170 0.000000 -14.827198 0.000000 0.000000 1.000000 0.000000
0.959731 0.280922 0.000000 105.327185 -0.280922 0.959731 0.000000 -15.011217 0.000000 0.000000 1.000000 0.000000
0.959527 0.281617 0.000000 105.935357 -0.281617 0.959527 0.000000 -15.199921 0.000000 0.000000 1.000000 0.000000
0.958757 0.284229 0.000000 106.551553 -0.284229 0.958757 0.000000 -15.376918 0.000000 0.000000 1.000000 0.000000
0.957827 0.287345 0.000000 107.141165 -0.287345 0.957827 0.000000 -15.555095 0.000000 0.000000 1.000000 0.000000
0.958348 0.285605 0.000000 107.749234 -0.285605 0.958348 0.000000 -15.752479 0.000000 0.000000 1.000000 0.000000
0.958180 0.286167 0.000000 108.323947 -0.286167 0.958180 0.000000 -15.922293 0.000000 0.000000 1.000000 0.000000
0.958106 0.286413 0.000000 108.939064 -0.286413 0.958106 0.000000 -16.105409 0.000000 0.000000 1.000000 0.000000
0.957940 0.286968 0.000000 109.512122 -0.286968 0.957940 0.000000 -16.279011 0.000000 0.000000 1.000000 0.000000
0.957337 0.288975 0.000000 110.136917 -0.288975 0.957337 0.000000 -16.481411 0.000000 0.000000 1.000000 0.000000
0.956491 0.291762 0.000000 110.754733 -0.291762 0.956491 0.000000 -16.684968 0.000000 0.000000 1.000000 0.000000
0.956155 0.292861 0.000000 111.391917 -0.292861 0.956155 0.000000 -16.869591 0.000000 0.000000 1.000000 0.000000
0.956447 0.291907 0.000000 112.175598 -0.291907 0.956447 0.000000 -17.127547 0.000000 0.000000 1.000000 0.000000
0.956383 0.292116 0.000000 112.775249 -0.292116 0.956383 0.000000 -17.298659 0.000000 0.000000 1.000000 0.000000
0.954575 0.297970 0.000000 113.411619 -0.297970 0.954575 0.000000 -17.501786 0.000000 0.000000 1.000000 0.000000
0.955694 0.294363 0.000000 114.412950 -0.294363 0.955694 0.000000 -17.817857 0.000000 0.000000 1.000000 0.000000
0.955424 0.295237 0.000000 115.046973 -0.295237 0.955424 0.000000 -18.020674 0.000000 0.000000 1.000000 0.000000
0.955219 0.295900 0.000000 115.688618 -0.295900 0.955219 0.000000 -18.227373 0.000000 0.000000 1.000000 0.000000
0.954342 0.298717 0.000000 116.334505 -0.298717 0.954342 0.000000 -18.445463 0.000000 0.000000 1.000000 0.000000
0.953957 0.299942 0.000000 116.965791 -0.299942 0.953957 0.000000 -18.655678 0.000000 0.000000 1.000000 0.000000
0.953828 0.300355 0.000000 117.611788 -0.300355 0.953828 0.000000 -18.857213 0.000000 0.000000 1.000000 0.000000
0.954183 0.299223 0.000000 118.210895 -0.299223 0.954183 0.000000 -19.047707 0.000000 0.000000 1.000000 0.000000
0.954085 0.299534 0.000000 119.342425 -0.299534 0.954085 0.000000 -19.428882 0.000000 0.000000 1.000000 0.000000
0.954723 0.297496 0.000000 119.989551 -0.297496 0.954723 0.000000 -19.640581 0.000000 0.000000 1.000000 0.000000
0.954953 0.296758 0.000000 120.635858 -0.296758 0.954953 0.000000 -19.847621 0.000000 0.000000 1.000000 0.000000
0.954778 0.297320 0.000000 121.271113 -0.297320 0.954778 0.000000 -20.066904 0.000000 0.000000 1.000000 0.000000
0.954306 0.298832 0.000000 122.577913 -0.298832 0.954306 0.000000 -20.498262 0.000000 0.000000 1.000000 0.000000
0.954425 0.298451 0.000000 123.170613 -0.298451 0.954425 0.000000 -20.689251 0.000000 0.000000 1.000000 0.000000
0.953577 0.301148 0.000000 123.813491 -0.301148 0.953577 0.000000 -20.905883 0.000000 0.000000 1.000000 0.000000
0.954169 0.299268 0.000000 124.403292 -0.299268 0.954169 0.000000 -21.093315 0.000000 0.000000 1.000000 0.000000
0.953466 0.301502 0.000000 125.003513 -0.301502 0.953466 0.000000 -21.284677 0.000000 0.000000 1.000000 0.000000
0.961503 0.274794 0.000000 129.822069 -0.274794 0.961503 0.000000 -23.184627 0.000000 0.000000 1.000000 0.000000
0.962890 0.269895 0.000000 130.455577 -0.269895 0.962890 0.000000 -23.363860 0.000000 0.000000 1.000000 0.000000
0.962159 0.272487 0.000000 131.054825 -0.272487 0.962159 0.000000 -23.539615 0.000000 0.000000 1.000000 0.000000
0.963385 0.268120 0.000000 131.672389 -0.268120 0.963385 0.000000 -23.716685 0.000000 0.000000 1.000000 0.000000
0.963022 0.269424 0.000000 132.272701 -0.269424 0.963022 0.000000 -23.891945 0.000000 0.000000 1.000000 0.000000
0.963981 0.265973 0.000000 132.891264 -0.265973 0.963981 0.000000 -24.074927 0.000000 0.000000 1.000000 0.000000
0.963048 0.269331 0.000000 133.525942 -0.269331 0.963048 0.000000 -24.274819 0.000000 0.000000 1.000000 0.000000
0.963329 0.268323 0.000000 134.337674 -0.268323 0.963329 0.000000 -24.527289 0.000000 0.000000 1.000000 0.000000
0.962825 0.270127 0.000000 134.959104 -0.270127 0.962825 0.000000 -24.720670 0.000000 0.000000 1.000000 0.000000
0.961758 0.273901 0.000000 135.591621 -0.273901 0.961758 0.000000 -24.879151 0.000000 0.000000 1.000000 0.000000
0.961189 0.275891 0.000000 136.510107 -0.275891 0.961189 0.000000 -25.143180 0.000000 0.000000 1.000000 0.000000
0.961322 0.275428 0.000000 137.127894 -0.275428 0.961322 0.000000 -25.330255 0.000000 0.000000 1.000000 0.000000
0.961227 0.275760 0.000000 137.752093 -0.275760 0.961227 0.000000 -25.520151 0.000000 0.000000 1.000000 0.000000
0.961364 0.275281 0.000000 138.373651 -0.275281 0.961364 0.000000 -25.706374 0.000000 0.000000 1.000000 0.000000
0.961405 0.275138 0.000000 138.988855 -0.275138 0.961405 0.000000 -25.898319 0.000000 0.000000 1.000000 0.000000
0.960971 0.276649 0.000000 139.900211 -0.276649 0.960971 0.000000 -26.170000 0.000000 0.000000 1.000000 0.000000
0.960627 0.277840 0.000000 140.501729 -0.277840 0.960627 0.000000 -26.358784 0.000000 0.000000 1.000000 0.000000
0.960145 0.279503 0.000000 141.114203 -0.279503 0.960145 0.000000 -26.544826 0.000000 0.000000 1.000000 0.000000
0.959617 0.281310 0.000000 141.679640 -0.281310 0.959617 0.000000 -26.726905 0.000000 0.000000 1.000000 0.000000
0.958494 0.285113 0.000000 142.468986 -0.285113 0.958494 0.000000 -26.969295 0.000000 0.000000 1.000000 0.000000
0.958523 0.285014 0.000000 143.068653 -0.285014 0.958523 0.000000 -27.166996 0.000000 0.000000 1.000000 0.000000
0.958707 0.284395 0.000000 143.668368 -0.284395 0.958707 0.000000 -27.359757 0.000000 0.000000 1.000000 0.000000
0.959049 0.283241 0.000000 144.271603 -0.283241 0.959049 0.000000 -27.544301 0.000000 0.000000 1.000000 0.000000
0.959814 0.280637 0.000000 144.874573 -0.280637 0.959814 0.000000 -27.732504 0.000000 0.000000 1.000000 0.000000
0.959649 0.281199 0.000000 146.030825 -0.281199 0.959649 0.000000 -28.093220 0.000000 0.000000 1.000000 0.000000
0.960209 0.279281 0.000000 146.578330 -0.279281 0.960209 0.000000 -28.273412 0.000000 0.000000 1.000000 0.000000
0.958995 0.283422 0.000000 147.158104 -0.283422 0.958995 0.000000 -28.440650 0.000000 0.000000 1.000000 0.000000
0.959420 0.281981 0.000000 147.732631 -0.281981 0.959420 0.000000 -28.617702 0.000000 0.000000 1.000000 0.000000
0.958963 0.283530 0.000000 148.280822 -0.283530 0.958963 0.000000 -28.797257 0.000000 0.000000 1.000000 0.000000
0.959181 0.282793 0.000000 148.860053 -0.282793 0.959181 0.000000 -28.978029 0.000000 0.000000 1.000000 0.000000
0.960513 0.278234 0.000000 149.559510 -0.278234 0.960513 0.000000 -29.211378 0.000000 0.000000 1.000000 0.000000
0.960445 0.278470 0.000000 150.132195 -0.278470 0.960445 0.000000 -29.388653 0.000000 0.000000 1.000000 0.000000
0.960452 0.278445 0.000000 150.663109 -0.278445 0.960452 0.000000 -29.563647 0.000000 0.000000 1.000000 0.000000
0.960301 0.278966 0.000000 151.251282 -0.278966 0.960301 0.000000 -29.742779 0.000000 0.000000 1.000000 0.000000
0.959584 0.281421 0.000000 151.824148 -0.281421 0.959584 0.000000 -29.914234 0.000000 0.000000 1.000000 0.000000
0.959256 0.282539 0.000000 152.360810 -0.282539 0.959256 0.000000 -30.069705 0.000000 0.000000 1.000000 0.000000
0.959038 0.283279 0.000000 152.931762 -0.283279 0.959038 0.000000 -30.251403 0.000000 0.000000 1.000000 0.000000
0.959951 0.280168 0.000000 153.465147 -0.280168 0.959951 0.000000 -30.410013 0.000000 0.000000 1.000000 0.000000
0.959424 0.281969 0.000000 154.032412 -0.281969 0.959424 0.000000 -30.588116 0.000000 0.000000 1.000000 0.000000
0.958821 0.284011 0.000000 154.596648 -0.284011 0.958821 0.000000 -30.759211 0.000000 0.000000 1.000000 0.000000
0.957777 0.287513 0.000000 155.312166 -0.287513 0.957777 0.000000 -30.986278 0.000000 0.000000 1.000000 0.000000
0.956974 0.290174 0.000000 155.842335 -0.290174 0.956974 0.000000 -31.142813 0.000000 0.000000 1.000000 0.000000
0.956551 0.291565 0.000000 156.394471 -0.291565 0.956551 0.000000 -31.323720 0.000000 0.000000 1.000000 0.000000
0.956132 0.292935 0.000000 156.912965 -0.292935 0.956132 0.000000 -31.495221 0.000000 0.000000 1.000000 0.000000
0.955953 0.293521 0.000000 157.469500 -0.293521 0.955953 0.000000 -31.675777 0.000000 0.000000 1.000000 0.000000
0.956548 0.291575 0.000000 157.993017 -0.291575 0.956548 0.000000 -31.835540 0.000000 0.000000 1.000000 0.000000
0.956195 0.292731 0.000000 158.708662 -0.292731 0.956195 0.000000 -32.063616 0.000000 0.000000 1.000000 0.000000
0.956109 0.293010 0.000000 159.228699 -0.293010 0.956109 0.000000 -32.228015 0.000000 0.000000 1.000000 0.000000
0.953952 0.299960 0.000000 159.776711 -0.299960 0.953952 0.000000 -32.414081 0.000000 0.000000 1.000000 0.000000
0.953910 0.300093 0.000000 160.292928 -0.300093 0.953910 0.000000 -32.571141 0.000000 0.000000 1.000000 0.000000
0.954907 0.296904 0.000000 160.842083 -0.296904 0.954907 0.000000 -32.738681 0.000000 0.000000 1.000000 0.000000
0.954797 0.297257 0.000000 161.357810 -0.297257 0.954797 0.000000 -32.898771 0.000000 0.000000 1.000000 0.000000
0.954458 0.298344 0.000000 162.096175 -0.298344 0.954458 0.000000 -33.128960 0.000000 0.000000 1.000000 0.000000
0.953616 0.301025 0.000000 162.646573 -0.301025 0.953616 0.000000 -33.302854 0.000000 0.000000 1.000000 0.000000
0.954747 0.297419 0.000000 163.195705 -0.297419 0.954747 0.000000 -33.485962 0.000000 0.000000 1.000000 0.000000
0.955420 0.295250 0.000000 163.740445 -0.295250 0.955420 0.000000 -33.653970 0.000000 0.000000 1.000000 0.000000
0.956093 0.293062 0.000000 164.286862 -0.293062 0.956093 0.000000 -33.826763 0.000000 0.000000 1.000000 0.000000
0.955160 0.296089 0.000000 164.825910 -0.296089 0.955160 0.000000 -34.008713 0.000000 0.000000 1.000000 0.000000
0.955213 0.295919 0.000000 165.369694 -0.295919 0.955213 0.000000 -34.188428 0.000000 0.000000 1.000000 0.000000
0.956140 0.292910 0.000000 165.889493 -0.292910 0.956140 0.000000 -34.362649 0.000000 0.000000 1.000000 0.000000
0.957169 0.289529 0.000000 166.425318 -0.289529 0.957169 0.000000 -34.538247 0.000000 0.000000 1.000000 0.000000
0.957213 0.289383 0.000000 166.978614 -0.289383 0.957213 0.000000 -34.720203 0.000000 0.000000 1.000000 0.000000
0.957401 0.288763 0.000000 167.491067 -0.288763 0.957401 0.000000 -34.891874 0.000000 0.000000 1.000000 0.000000
0.957392 0.288792 0.000000 168.049887 -0.288792 0.957392 0.000000 -35.075952 0.000000 0.000000 1.000000 0.000000
0.958359 0.285566 0.000000 168.569660 -0.285566 0.958359 0.000000 -35.235673 0.000000 0.000000 1.000000 0.000000
0.958250 0.285931 0.000000 169.115351 -0.285931 0.958250 0.000000 -35.417498 0.000000 0.000000 1.000000 0.000000
0.959581 0.281433 0.000000 169.653452 -0.281433 0.959581 0.000000 -35.607971 0.000000 0.000000 1.000000 0.000000
0.960893 0.276918 0.000000 170.215787 -0.276918 0.960893 0.000000 -35.789820 0.000000 0.000000 1.000000 0.000000
0.961860 0.273541 0.000000 170.726138 -0.273541 0.961860 0.000000 -35.942367 0.000000 0.000000 1.000000 0.000000
0.962847 0.270049 0.000000 171.271187 -0.270049 0.962847 0.000000 -36.093097 0.000000 0.000000 1.000000 0.000000
0.963962 0.266040 0.000000 171.777054 -0.266040 0.963962 0.000000 -36.253031 0.000000 0.000000 1.000000 0.000000
0.965625 0.259941 0.000000 172.331990 -0.259941 0.965625 0.000000 -36.416529 0.000000 0.000000 1.000000 0.000000
0.966845 0.255363 0.000000 173.049162 -0.255363 0.966845 0.000000 -36.620647 0.000000 0.000000 1.000000 0.000000
0.967269 0.253755 0.000000 173.605673 -0.253755 0.967269 0.000000 -36.760666 0.000000 0.000000 1.000000 0.000000
0.967869 0.251457 0.000000 174.107580 -0.251457 0.967869 0.000000 -36.913444 0.000000 0.000000 1.000000 0.000000
0.967498 0.252877 0.000000 174.670656 -0.252877 0.967498 0.000000 -37.068331 0.000000 0.000000 1.000000 0.000000
0.967800 0.251719 0.000000 175.364318 -0.251719 0.967800 0.000000 -37.262859 0.000000 0.000000 1.000000 0.000000
0.968964 0.247204 0.000000 176.450842 -0.247204 0.968964 0.000000 -37.565088 0.000000 0.000000 1.000000 0.000000
0.969517 0.245026 0.000000 176.998430 -0.245026 0.969517 0.000000 -37.713730 0.000000 0.000000 1.000000 0.000000
0.970149 0.242509 0.000000 177.540901 -0.242509 0.970149 0.000000 -37.861345 0.000000 0.000000 1.000000 0.000000
0.969881 0.243578 0.000000 178.077260 -0.243578 0.969881 0.000000 -38.008585 0.000000 0.000000 1.000000 0.000000
0.970389 0.241549 0.000000 178.621664 -0.241549 0.970389 0.000000 -38.158079 0.000000 0.000000 1.000000 0.000000
0.970846 0.239705 0.000000 179.163614 -0.239705 0.970846 0.000000 -38.294240 0.000000 0.000000 1.000000 0.000000
0.970515 0.241041 0.000000 179.713464 -0.241041 0.970515 0.000000 -38.434418 0.000000 0.000000 1.000000 0.000000
0.970587 0.240749 0.000000 180.252634 -0.240749 0.970587 0.000000 -38.577746 0.000000 0.000000 1.000000 0.000000
0.970387 0.241555 0.000000 180.751224 -0.241555 0.970387 0.000000 -38.707068 0.000000 0.000000 1.000000 0.000000
0.970000 0.243105 0.000000 181.238639 -0.243105 0.970000 0.000000 -38.837853 0.000000 0.000000 1.000000 0.000000
0.970037 0.242958 0.000000 181.771782 -0.242958 0.970037 0.000000 -38.986283 0.000000 0.000000 1.000000 0.000000
0.970379 0.241589 0.000000 182.273974 -0.241589 0.970379 0.000000 -39.111230 0.000000 0.000000 1.000000 0.000000
0.970834 0.239752 0.000000 182.806941 -0.239752 0.970834 0.000000 -39.242018 0.000000 0.000000 1.000000 0.000000
0.971164 0.238414 0.000000 183.319145 -0.238414 0.971164 0.000000 -39.365923 0.000000 0.000000 1.000000 0.000000
0.970908 0.239451 0.000000 183.853656 -0.239451 0.970908 0.000000 -39.501707 0.000000 0.000000 1.000000 0.000000
0.970952 0.239273 0.000000 184.351629 -0.239273 0.970952 0.000000 -39.621664 0.000000 0.000000 1.000000 0.000000
0.971820 0.235724 0.000000 184.888079 -0.235724 0.971820 0.000000 -39.750050 0.000000 0.000000 1.000000 0.000000
0.972190 0.234192 0.000000 185.370383 -0.234192 0.972190 0.000000 -39.880139 0.000000 0.000000 1.000000 0.000000
0.972251 0.233940 0.000000 185.899996 -0.233940 0.972251 0.000000 -40.007534 0.000000 0.000000 1.000000 0.000000
0.972014 0.234924 0.000000 186.388594 -0.234924 0.972014 0.000000 -40.116785 0.000000 0.000000 1.000000 0.000000
0.971707 0.236189 0.000000 186.914433 -0.236189 0.971707 0.000000 -40.231606 0.000000 0.000000 1.000000 0.000000
0.971968 0.235113 0.000000 187.554730 -0.235113 0.971968 0.000000 -40.405507 0.000000 0.000000 1.000000 0.000000
0.973016 0.230737 0.000000 188.070999 -0.230737 0.973016 0.000000 -40.541077 0.000000 0.000000 1.000000 0.000000
0.974060 0.226291 0.000000 188.583676 -0.226291 0.974060 0.000000 -40.671010 0.000000 0.000000 1.000000 0.000000
0.974296 0.225270 0.000000 189.067625 -0.225270 0.974296 0.000000 -40.785355 0.000000 0.000000 1.000000 0.000000
0.975843 0.218475 0.000000 189.780569 -0.218475 0.975843 0.000000 -40.957702 0.000000 0.000000 1.000000 0.000000
0.976435 0.215811 0.000000 190.295946 -0.215811 0.976435 0.000000 -41.079387 0.000000 0.000000 1.000000 0.000000
0.977061 0.212959 0.000000 190.807579 -0.212959 0.977061 0.000000 -41.195611 0.000000 0.000000 1.000000 0.000000
0.977137 0.212610 0.000000 191.316304 -0.212610 0.977137 0.000000 -41.322469 0.000000 0.000000 1.000000 0.000000
0.978635 0.205605 0.000000 191.828816 -0.205605 0.978635 0.000000 -41.423465 0.000000 0.000000 1.000000 0.000000
0.981055 0.193727 0.000000 192.837339 -0.193727 0.981055 0.000000 -41.640838 0.000000 0.000000 1.000000 0.000000
0.981797 0.189933 0.000000 193.334280 -0.189933 0.981797 0.000000 -41.718029 0.000000 0.000000 1.000000 0.000000
0.983371 0.181610 0.000000 193.822153 -0.181610 0.983371 0.000000 -41.817279 0.000000 0.000000 1.000000 0.000000
0.984812 0.173626 0.000000 194.281672 -0.173626 0.984812 0.000000 -41.899463 0.000000 0.000000 1.000000 0.000000
0.986078 0.166282 0.000000 194.771793 -0.166282 0.986078 0.000000 -41.986627 0.000000 0.000000 1.000000 0.000000
0.987550 0.157307 0.000000 195.238285 -0.157307 0.987550 0.000000 -42.067769 0.000000 0.000000 1.000000 0.000000
0.990447 0.137893 0.000000 196.182488 -0.137893 0.990447 0.000000 -42.211565 0.000000 0.000000 1.000000 0.000000
0.991613 0.129241 0.000000 196.671973 -0.129241 0.991613 0.000000 -42.291332 0.000000 0.000000 1.000000 0.000000
0.992984 0.118248 0.000000 197.119841 -0.118248 0.992984 0.000000 -42.358208 0.000000 0.000000 1.000000 0.000000
0.994267 0.106923 0.000000 197.801193 -0.106923 0.994267 0.000000 -42.438083 0.000000 0.000000 1.000000 0.000000
0.995373 0.096092 0.000000 198.276829 -0.096092 0.995373 0.000000 -42.505993 0.000000 0.000000 1.000000 0.000000
0.996329 0.085603 0.000000 198.751304 -0.085603 0.996329 0.000000 -42.554215 0.000000 0.000000 1.000000 0.000000
0.997144 0.075525 0.000000 199.195094 -0.075525 0.997144 0.000000 -42.592602 0.000000 0.000000 1.000000 0.000000
0.997752 0.067020 0.000000 199.666007 -0.067020 0.997752 0.000000 -42.636686 0.000000 0.000000 1.000000 0.000000
0.998669 0.051574 0.000000 200.138977 -0.051574 0.998669 0.000000 -42.690622 0.000000 0.000000 1.000000 0.000000
