0.999999 0.001642 0.000000 0.577540 -0.001642 0.999999 0.000000 -0.017350 0.000000 0.000000 1.000000 0.000000
0.999995 0.003224 0.000000 1.131279 -0.003224 0.999995 0.000000 -0.015078 0.000000 0.000000 1.000000 0.000000
0.999992 0.003952 0.000000 1.716345 -0.003952 0.999992 0.000000 -0.030007 0.000000 0.000000 1.000000 0.000000
0.999995 0.003186 0.000000 2.291369 -0.003186 0.999995 0.000000 -0.037116 0.000000 0.000000 1.000000 0.000000
0.999975 0.007002 0.000000 2.840096 -0.007002 0.999975 0.000000 -0.045305 0.000000 0.000000 1.000000 0.000000
0.999903 0.013960 0.000000 3.425707 -0.013960 0.999903 0.000000 -0.051013 0.000000 0.000000 1.000000 0.000000
0.999836 0.018091 0.000000 4.557559 -0.018091 0.999836 0.000000 -0.094002 0.000000 0.000000 1.000000 0.000000
0.999801 0.019932 0.000000 5.144755 -0.019932 0.999801 0.000000 -0.110744 0.000000 0.000000 1.000000 0.000000
0.999757 0.022023 0.000000 5.955325 -0.022023 0.999757 0.000000 -0.125966 0.000000 0.000000 1.000000 0.000000
0.999744 0.022648 0.000000 6.528924 -0.022648 0.999744 0.000000 -0.134573 0.000000 0.000000 1.000000 0.000000
0.999724 0.023480 0.000000 7.113750 -0.023480 0.999724 0.000000 -0.153719 0.000000 0.000000 1.000000 0.000000
0.999707 0.024224 0.000000 7.704357 -0.024224 0.999707 0.000000 -0.162384 0.000000 0.000000 1.000000 0.000000
0.999681 0.025268 0.000000 8.244277 -0.025268 0.999681 0.000000 -0.188449 0.000000 0.000000 1.000000 0.000000
0.999661 0.026038 0.000000 8.831067 -0.026038 0.999661 0.000000 -0.222735 0.000000 0.000000 1.000000 0.000000
0.999618 0.027650 0.000000 9.374664 -0.027650 0.999618 0.000000 -0.270540 0.000000 0.000000 1.000000 0.000000
0.999612 0.027857 0.000000 9.958938 -0.027857 0.999612 0.000000 -0.290934 0.000000 0.000000 1.000000 0.000000
0.999559 0.029698 0.000000 10.516158 -0.029698 0.999559 0.000000 -0.297662 0.000000 0.000000 1.000000 0.000000
0.999562 0.029580 0.000000 11.083950 -0.029580 0.999562 0.000000 -0.330615 0.000000 0.000000 1.000000 0.000000
0.999507 0.031383 0.000000 11.656575 -0.031383 0.999507 0.000000 -0.358822 0.000000 0.000000 1.000000 0.000000
0.999423 0.033975 0.000000 12.412109 -0.033975 0.999423 0.000000 -0.405917 0.000000 0.000000 1.000000 0.000000
0.999374 0.035365 0.000000 13.021206 -0.035365 0.999374 0.000000 -0.426320 0.000000 0.000000 1.000000 0.000000
0.999353 0.035963 0.000000 13.563108 -0.035963 0.999353 0.000000 -0.448540 0.000000 0.000000 1.000000 0.000000
0.999269 0.038224 0.000000 14.191919 -0.038224 0.999269 0.000000 -0.467645 0.000000 0.000000 1.000000 0.000000
0.999206 0.039843 0.000000 14.761266 -0.039843 0.999206 0.000000 -0.478952 0.000000 0.000000 1.000000 0.000000
0.999174 0.040634 0.000000 15.331508 -0.040634 0.999174 0.000000 -0.507282 0.000000 0.000000 1.000000 0.000000
0.999018 0.044303 0.000000 15.908227 -0.044303 0.999018 0.000000 -0.530091 0.000000 0.000000 1.000000 0.000000
0.998948 0.045851 0.000000 16.485925 -0.045851 0.998948 0.000000 -0.558698 0.000000 0.000000 1.000000 0.000000
0.998816 0.048656 0.000000 17.067559 -0.048656 0.998816 0.000000 -0.574327 0.000000 0.000000 1.000000 0.000000
0.998770 0.049575 0.000000 17.638314 -0.049575 0.998770 0.000000 -0.613977 0.000000 0.000000 1.000000 0.000000
0.998633 0.052261 0.000000 18.216651 -0.052261 0.998633 0.000000 -0.642794 0.000000 0.000000 1.000000 0.000000
0.998489 0.054945 0.000000 18.794428 -0.054945 0.998489 0.000000 -0.676075 0.000000 0.000000 1.000000 0.000000
0.998460 0.055481 0.000000 19.352039 -0.055481 0.998460 0.000000 -0.712796 0.000000 0.000000 1.000000 0.000000
0.998189 0.060161 0.000000 19.922890 -0.060161 0.998189 0.000000 -0.743215 0.000000 0.000000 1.000000 0.000000
0.998091 0.061758 0.000000 21.011137 -0.061758 0.998091 0.000000 -0.806469 0.000000 0.000000 1.000000 0.000000
0.998138 0.060994 0.000000 21.946998 -0.060994 0.998138 0.000000 -0.884843 0.000000 0.000000 1.000000 0.000000
0.998254 0.059066 0.000000 22.509424 -0.059066 0.998254 0.000000 -0.935880 0.000000 0.000000 1.000000 0.000000
0.998170 0.060472 0.000000 23.075447 -0.060472 0.998170 0.000000 -0.979231 0.000000 0.000000 1.000000 0.000000
0.998038 0.062618 0.000000 23.639417 -0.062618 0.998038 0.000000 -1.028628 0.000000 0.000000 1.000000 0.000000
0.998294 0.058383 0.000000 24.194446 -0.058383 0.998294 0.000000 -1.088440 0.000000 0.000000 1.000000 0.000000
0.998407 0.056421 0.000000 24.798440 -0.056421 0.998407 0.000000 -1.141752 0.000000 0.000000 1.000000 0.000000
0.997828 0.065870 0.000000 25.364878 -0.065870 0.997828 0.000000 -1.186480 0.000000 0.000000 1.000000 0.000000
0.996826 0.079608 0.000000 26.483390 -0.079608 0.996826 0.000000 -1.281516 0.000000 0.000000 1.000000 0.000000
0.996975 0.077725 0.000000 27.038821 -0.077725 0.996975 0.000000 -1.353202 0.000000 0.000000 1.000000 0.000000
0.996832 0.079542 0.000000 27.602782 -0.079542 0.996832 0.000000 -1.406165 0.000000 0.000000 1.000000 0.000000
0.996920 0.078421 0.000000 28.130782 -0.078421 0.996920 0.000000 -1.473007 0.000000 0.000000 1.000000 0.000000
0.997099 0.076121 0.000000 28.690616 -0.076121 0.997099 0.000000 -1.538420 0.000000 0.000000 1.000000 0.000000
0.996610 0.082275 0.000000 29.587708 -0.082275 0.996610 0.000000 -1.613054 0.000000 0.000000 1.000000 0.000000
0.996624 0.082099 0.000000 30.174964 -0.082099 0.996624 0.000000 -1.679899 0.000000 0.000000 1.000000 0.000000
0.996521 0.083338 0.000000 30.725686 -0.083338 0.996521 0.000000 -1.741543 0.000000 0.000000 1.000000 0.000000
0.996607 0.082311 0.000000 31.280419 -0.082311 0.996607 0.000000 -1.791430 0.000000 0.000000 1.000000 0.000000
0.996496 0.083642 0.000000 31.848903 -0.083642 0.996496 0.000000 -1.855652 0.000000 0.000000 1.000000 0.000000
0.996498 0.083622 0.000000 32.406890 -0.083622 0.996498 0.000000 -1.920075 0.000000 0.000000 1.000000 0.000000
0.996305 0.085887 0.000000 32.960123 -0.085887 0.996305 0.000000 -1.971710 0.000000 0.000000 1.000000 0.000000
0.996524 0.083309 0.000000 33.533723 -0.083309 0.996524 0.000000 -2.038661 0.000000 0.000000 1.000000 0.000000
0.996320 0.085711 0.000000 34.092386 -0.085711 0.996320 0.000000 -2.093868 0.000000 0.000000 1.000000 0.000000
0.996237 0.086667 0.000000 34.612068 -0.086667 0.996237 0.000000 -2.153665 0.000000 0.000000 1.000000 0.000000
0.996008 0.089261 0.000000 35.557428 -0.089261 0.996008 0.000000 -2.247524 0.000000 0.000000 1.000000 0.000000
0.995601 0.093696 0.000000 36.115219 -0.093696 0.995601 0.000000 -2.323064 0.000000 0.000000 1.000000 0.000000
0.995457 0.095208 0.000000 36.669679 -0.095208 0.995457 0.000000 -2.379803 0.000000 0.000000 1.000000 0.000000
0.995381 0.096001 0.000000 37.220729 -0.096001 0.995381 0.000000 -2.431357 0.000000 0.000000 1.000000 0.000000
0.995145 0.098417 0.000000 37.778295 -0.098417 0.995145 0.000000 -2.489842 0.000000 0.000000 1.000000 0.000000
0.995079 0.099083 0.000000 38.333134 -0.099083 0.995079 0.000000 -2.553706 0.000000 0.000000 1.000000 0.000000
0.994982 0.100051 0.000000 38.911760 -0.100051 0.994982 0.000000 -2.629025 0.000000 0.000000 1.000000 0.000000
0.994982 0.100052 0.000000 39.428110 -0.100052 0.994982 0.000000 -2.688924 0.000000 0.000000 1.000000 0.000000
0.995044 0.099436 0.000000 39.972838 -0.099436 0.995044 0.000000 -2.756401 0.000000 0.000000 1.000000 0.000000
0.995147 0.098401 0.000000 40.529534 -0.098401 0.995147 0.000000 -2.826632 0.000000 0.000000 1.000000 0.000000
0.994787 0.101974 0.000000 41.083669 -0.101974 0.994787 0.000000 -2.878168 0.000000 0.000000 1.000000 0.000000
0.994614 0.103644 0.000000 41.598008 -0.103644 0.994614 0.000000 -2.937859 0.000000 0.000000 1.000000 0.000000
0.994487 0.104856 0.000000 42.142461 -0.104856 0.994487 0.000000 -3.015708 0.000000 0.000000 1.000000 0.000000
0.994619 0.103600 0.000000 42.671454 -0.103600 0.994619 0.000000 -3.074318 0.000000 0.000000 1.000000 0.000000
0.994758 0.102256 0.000000 43.621097 -0.102256 0.994758 0.000000 -3.195216 0.000000 0.000000 1.000000 0.000000
0.994738 0.102453 0.000000 44.169550 -0.102453 0.994738 0.000000 -3.274837 0.000000 0.000000 1.000000 0.000000
0.994492 0.104812 0.000000 44.715746 -0.104812 0.994492 0.000000 -3.343890 0.000000 0.000000 1.000000 0.000000
0.994828 0.101577 0.000000 45.803492 -0.101577 0.994828 0.000000 -3.451248 0.000000 0.000000 1.000000 0.000000
0.994204 0.107514 0.000000 46.382341 -0.107514 0.994204 0.000000 -3.519716 0.000000 0.000000 1.000000 0.000000
0.994172 0.107809 0.000000 46.881155 -0.107809 0.994172 0.000000 -3.587491 0.000000 0.000000 1.000000 0.000000
0.994260 0.106995 0.000000 47.914860 -0.106995 0.994260 0.000000 -3.709786 0.000000 0.000000 1.000000 0.000000
0.994180 0.107729 0.000000 48.433476 -0.107729 0.994180 0.000000 -3.768089 0.000000 0.000000 1.000000 0.000000
0.994330 0.106339 0.000000 48.955000 -0.106339 0.994330 0.000000 -3.835189 0.000000 0.000000 1.000000 0.000000
0.994351 0.106143 0.000000 49.447645 -0.106143 0.994351 0.000000 -3.903967 0.000000 0.000000 1.000000 0.000000
0.994096 0.108506 0.000000 50.349822 -0.108506 0.994096 0.000000 -4.004829 0.000000 0.000000 1.000000 0.000000
0.994274 0.106864 0.000000 50.861084 -0.106864 0.994274 0.000000 -4.081834 0.000000 0.000000 1.000000 0.000000
0.993837 0.110849 0.000000 51.360635 -0.110849 0.993837 0.000000 -4.131449 0.000000 0.000000 1.000000 0.000000
0.993188 0.116522 0.000000 51.853584 -0.116522 0.993188 0.000000 -4.192634 0.000000 0.000000 1.000000 0.000000
0.993162 0.116745 0.000000 52.336001 -0.116745 0.993162 0.000000 -4.252854 0.000000 0.000000 1.000000 0.000000
0.993029 0.117871 0.000000 52.810470 -0.117871 0.993029 0.000000 -4.308762 0.000000 0.000000 1.000000 0.000000
0.992719 0.120454 0.000000 53.289470 -0.120454 0.992719 0.000000 -4.356393 0.000000 0.000000 1.000000 0.000000
0.992191 0.124728 0.000000 54.013554 -0.124728 0.992191 0.000000 -4.441872 0.000000 0.000000 1.000000 0.000000
0.992231 0.124406 0.000000 54.444326 -0.124406 0.992231 0.000000 -4.502319 0.000000 0.000000 1.000000 0.000000
0.992317 0.123718 0.000000 54.898441 -0.123718 0.992317 0.000000 -4.561710 0.000000 0.000000 1.000000 0.000000
0.992441 0.122723 0.000000 55.337974 -0.122723 0.992441 0.000000 -4.631735 0.000000 0.000000 1.000000 0.000000
0.992357 0.123401 0.000000 55.757065 -0.123401 0.992357 0.000000 -4.686744 0.000000 0.000000 1.000000 0.000000
0.992762 0.120101 0.000000 56.192809 -0.120101 0.992762 0.000000 -4.750336 0.000000 0.000000 1.000000 0.000000
0.993063 0.117580 0.000000 56.932272 -0.117580 0.993063 0.000000 -4.849632 0.000000 0.000000 1.000000 0.000000
0.992894 0.119003 0.000000 57.315049 -0.119003 0.992894 0.000000 -4.896436 0.000000 0.000000 1.000000 0.000000
0.992764 0.120083 0.000000 57.742873 -0.120083 0.992764 0.000000 -4.957337 0.000000 0.000000 1.000000 0.000000
0.992658 0.120956 0.000000 58.136825 -0.120956 0.992658 0.000000 -5.020557 0.000000 0.000000 1.000000 0.000000
0.992566 0.121704 0.000000 58.527102 -0.121704 0.992566 0.000000 -5.073843 0.000000 0.000000 1.000000 0.000000
0.992454 0.122617 0.000000 58.902568 -0.122617 0.992454 0.000000 -5.120977 0.000000 0.000000 1.000000 0.000000
0.992274 0.124064 0.000000 59.289062 -0.124064 0.992274 0.000000 -5.171710 0.000000 0.000000 1.000000 0.000000
0.992504 0.122211 0.000000 59.670092 -0.122211 0.992504 0.000000 -5.237818 0.000000 0.000000 1.000000 0.000000
0.992320 0.123696 0.000000 60.031344 -0.123696 0.992320 0.000000 -5.276562 0.000000 0.000000 1.000000 0.000000
0.992073 0.125660 0.000000 60.399733 -0.125660 0.992073 0.000000 -5.320761 0.000000 0.000000 1.000000 0.000000
0.991410 0.130793 0.000000 61.085871 -0.130793 0.991410 0.000000 -5.420219 0.000000 0.000000 1.000000 0.000000
0.991540 0.129802 0.000000 61.433088 -0.129802 0.991540 0.000000 -5.464462 0.000000 0.000000 1.000000 0.000000
0.991553 0.129699 0.000000 61.741329 -0.129699 0.991553 0.000000 -5.508661 0.000000 0.000000 1.000000 0.000000
0.991641 0.129025 0.000000 62.071065 -0.129025 0.991641 0.000000 -5.563646 0.000000 0.000000 1.000000 0.000000
0.991436 0.130592 0.000000 62.398722 -0.130592 0.991436 0.000000 -5.612404 0.000000 0.000000 1.000000 0.000000
0.991188 0.132463 0.000000 62.711366 -0.132463 0.991188 0.000000 -5.652204 0.000000 0.000000 1.000000 0.000000
0.990152 0.139998 0.000000 63.027923 -0.139998 0.990152 0.000000 -5.679864 0.000000 0.000000 1.000000 0.000000
0.989912 0.141684 0.000000 63.357989 -0.141684 0.989912 0.000000 -5.720781 0.000000 0.000000 1.000000 0.000000
0.990184 0.139771 0.000000 63.877321 -0.139771 0.990184 0.000000 -5.817346 0.000000 0.000000 1.000000 0.000000
0.990293 0.138994 0.000000 64.190800 -0.138994 0.990293 0.000000 -5.864956 0.000000 0.000000 1.000000 0.000000
0.990082 0.140488 0.000000 64.495809 -0.140488 0.990082 0.000000 -5.909360 0.000000 0.000000 1.000000 0.000000
0.989691 0.143218 0.000000 64.817313 -0.143218 0.989691 0.000000 -5.957879 0.000000 0.000000 1.000000 0.000000
0.989624 0.143678 0.000000 65.108031 -0.143678 0.989624 0.000000 -6.018336 0.000000 0.000000 1.000000 0.000000
0.989323 0.145737 0.000000 65.371868 -0.145737 0.989323 0.000000 -6.070272 0.000000 0.000000 1.000000 0.000000
0.989302 0.145883 0.000000 65.666490 -0.145883 0.989302 0.000000 -6.116810 0.000000 0.000000 1.000000 0.000000
0.989057 0.147537 0.000000 65.950243 -0.147537 0.989057 0.000000 -6.153884 0.000000 0.000000 1.000000 0.000000
0.989000 0.147917 0.000000 66.214771 -0.147917 0.989000 0.000000 -6.203156 0.000000 0.000000 1.000000 0.000000
0.988506 0.151181 0.000000 66.682731 -0.151181 0.988506 0.000000 -6.289974 0.000000 0.000000 1.000000 0.000000
0.988506 0.151183 0.000000 66.931675 -0.151183 0.988506 0.000000 -6.336089 0.000000 0.000000 1.000000 0.000000
0.988297 0.152545 0.000000 67.213505 -0.152545 0.988297 0.000000 -6.375468 0.000000 0.000000 1.000000 0.000000
0.988285 0.152622 0.000000 67.468685 -0.152622 0.988285 0.000000 -6.418311 0.000000 0.000000 1.000000 0.000000
0.988185 0.153269 0.000000 67.727226 -0.153269 0.988185 0.000000 -6.460240 0.000000 0.000000 1.000000 0.000000
0.988130 0.153618 0.000000 67.993995 -0.153618 0.988130 0.000000 -6.505774 0.000000 0.000000 1.000000 0.000000
0.988002 0.154441 0.000000 68.253191 -0.154441 0.988002 0.000000 -6.553787 0.000000 0.000000 1.000000 0.000000
0.988034 0.154236 0.000000 68.515940 -0.154236 0.988034 0.000000 -6.603537 0.000000 0.000000 1.000000 0.000000
0.987566 0.157204 0.000000 68.753749 -0.157204 0.987566 0.000000 -6.641269 0.000000 0.000000 1.000000 0.000000
0.987433 0.158038 0.000000 69.018860 -0.158038 0.987433 0.000000 -6.686966 0.000000 0.000000 1.000000 0.000000
0.987259 0.159119 0.000000 69.264606 -0.159119 0.987259 0.000000 -6.720538 0.000000 0.000000 1.000000 0.000000
0.987225 0.159335 0.000000 69.523972 -0.159335 0.987225 0.000000 -6.765511 0.000000 0.000000 1.000000 0.000000
0.986847 0.161657 0.000000 69.958338 -0.161657 0.986847 0.000000 -6.838461 0.000000 0.000000 1.000000 0.000000
0.986702 0.162539 0.000000 70.232227 -0.162539 0.986702 0.000000 -6.894847 0.000000 0.000000 1.000000 0.000000
0.986685 0.162640 0.000000 70.502007 -0.162640 0.986685 0.000000 -6.942377 0.000000 0.000000 1.000000 0.000000
0.986484 0.163857 0.000000 70.769616 -0.163857 0.986484 0.000000 -6.989345 0.000000 0.000000 1.000000 0.000000
0.986399 0.164367 0.000000 71.038517 -0.164367 0.986399 0.000000 -7.040906 0.000000 0.000000 1.000000 0.000000
0.986235 0.165351 0.000000 71.323666 -0.165351 0.986235 0.000000 -7.087593 0.000000 0.000000 1.000000 0.000000
0.986141 0.165909 0.000000 71.583371 -0.165909 0.986141 0.000000 -7.133783 0.000000 0.000000 1.000000 0.000000
0.986192 0.165604 0.000000 71.872755 -0.165604 0.986192 0.000000 -7.193909 0.000000 0.000000 1.000000 0.000000
0.985759 0.168165 0.000000 72.143921 -0.168165 0.985759 0.000000 -7.239901 0.000000 0.000000 1.000000 0.000000
0.985612 0.169022 0.000000 72.398088 -0.169022 0.985612 0.000000 -7.296612 0.000000 0.000000 1.000000 0.000000
0.985518 0.169570 0.000000 72.685187 -0.169570 0.985518 0.000000 -7.350823 0.000000 0.000000 1.000000 0.000000
0.985002 0.172546 0.000000 72.955048 -0.172546 0.985002 0.000000 -7.397726 0.000000 0.000000 1.000000 0.000000
0.984868 0.173303 0.000000 73.732795 -0.173303 0.984868 0.000000 -7.546415 0.000000 0.000000 1.000000 0.000000
0.984189 0.177124 0.000000 74.030788 -0.177124 0.984189 0.000000 -7.591216 0.000000 0.000000 1.000000 0.000000
0.983720 0.179709 0.000000 74.317622 -0.179709 0.983720 0.000000 -7.639045 0.000000 0.000000 1.000000 0.000000
0.983445 0.181207 0.000000 74.613302 -0.181207 0.983445 0.000000 -7.693714 0.000000 0.000000 1.000000 0.000000
0.983772 0.179423 0.000000 74.892438 -0.179423 0.983772 0.000000 -7.755301 0.000000 0.000000 1.000000 0.000000
0.983310 0.181935 0.000000 75.471251 -0.181935 0.983310 0.000000 -7.875609 0.000000 0.000000 1.000000 0.000000
0.982903 0.184122 0.000000 75.765612 -0.184122 0.982903 0.000000 -7.944194 0.000000 0.000000 1.000000 0.000000
0.982910 0.184088 0.000000 76.049630 -0.184088 0.982910 0.000000 -8.007948 0.000000 0.000000 1.000000 0.000000
0.982664 0.185397 0.000000 76.512355 -0.185397 0.982664 0.000000 -8.110229 0.000000 0.000000 1.000000 0.000000
0.981966 0.189057 0.000000 76.822770 -0.189057 0.981966 0.000000 -8.178930 0.000000 0.000000 1.000000 0.000000
0.980100 0.198503 0.000000 77.347512 -0.198503 0.980100 0.000000 -8.275351 0.000000 0.000000 1.000000 0.000000
0.979990 0.199048 0.000000 77.667827 -0.199048 0.979990 0.000000 -8.343204 0.000000 0.000000 1.000000 0.000000
0.979877 0.199603 0.000000 77.995645 -0.199603 0.979877 0.000000 -8.400976 0.000000 0.000000 1.000000 0.000000
0.978625 0.205651 0.000000 78.311049 -0.205651 0.978625 0.000000 -8.454709 0.000000 0.000000 1.000000 0.000000
0.978750 0.205055 0.000000 78.661557 -0.205055 0.978750 0.000000 -8.516526 0.000000 0.000000 1.000000 0.000000
0.978121 0.208035 0.000000 79.227573 -0.208035 0.978121 0.000000 -8.638218 0.000000 0.000000 1.000000 0.000000
0.978820 0.204723 0.000000 79.566891 -0.204723 0.978820 0.000000 -8.701702 0.000000 0.000000 1.000000 0.000000
0.978772 0.204952 0.000000 79.939043 -0.204952 0.978772 0.000000 -8.797448 0.000000 0.000000 1.000000 0.000000
0.978573 0.205902 0.000000 80.289682 -0.205902 0.978573 0.000000 -8.870275 0.000000 0.000000 1.000000 0.000000
0.978458 0.206444 0.000000 80.945882 -0.206444 0.978458 0.000000 -9.016782 0.000000 0.000000 1.000000 0.000000
0.978360 0.206909 0.000000 81.595320 -0.206909 0.978360 0.000000 -9.159065 0.000000 0.000000 1.000000 0.000000
0.978903 0.204326 0.000000 81.973459 -0.204326 0.978903 0.000000 -9.253081 0.000000 0.000000 1.000000 0.000000
0.979217 0.202814 0.000000 82.396462 -0.202814 0.979217 0.000000 -9.340518 0.000000 0.000000 1.000000 0.000000
0.978636 0.205599 0.000000 82.790726 -0.205599 0.978636 0.000000 -9.427403 0.000000 0.000000 1.000000 0.000000
0.978443 0.206518 0.000000 83.218809 -0.206518 0.978443 0.000000 -9.533048 0.000000 0.000000 1.000000 0.000000
0.978062 0.208312 0.000000 83.619731 -0.208312 0.978062 0.000000 -9.626246 0.000000 0.000000 1.000000 0.000000
0.978389 0.206772 0.000000 84.068998 -0.206772 0.978389 0.000000 -9.732835 0.000000 0.000000 1.000000 0.000000
0.979682 0.200559 0.000000 84.754218 -0.200559 0.979682 0.000000 -9.874276 0.000000 0.000000 1.000000 0.000000
0.979578 0.201064 0.000000 85.558909 -0.201064 0.979578 0.000000 -10.036177 0.000000 0.000000 1.000000 0.000000
0.979741 0.200269 0.000000 86.024797 -0.200269 0.979741 0.000000 -10.135992 0.000000 0.000000 1.000000 0.000000
0.979107 0.203344 0.000000 86.501349 -0.203344 0.979107 0.000000 -10.256144 0.000000 0.000000 1.000000 0.000000
0.978417 0.206638 0.000000 86.963194 -0.206638 0.978417 0.000000 -10.378158 0.000000 0.000000 1.000000 0.000000
0.977202 0.212312 0.000000 87.472162 -0.212312 0.977202 0.000000 -10.490702 0.000000 0.000000 1.000000 0.000000
0.977378 0.211499 0.000000 87.914841 -0.211499 0.977378 0.000000 -10.593261 0.000000 0.000000 1.000000 0.000000
0.976104 0.217304 0.000000 88.426657 -0.217304 0.976104 0.000000 -10.693084 0.000000 0.000000 1.000000 0.000000
0.975461 0.220174 0.000000 88.934752 -0.220174 0.975461 0.000000 -10.800883 0.000000 0.000000 1.000000 0.000000
0.974836 0.222925 0.000000 89.451586 -0.222925 0.974836 0.000000 -10.914409 0.000000 0.000000 1.000000 0.000000
0.974307 0.225224 0.000000 89.936962 -0.225224 0.974307 0.000000 -11.015282 0.000000 0.000000 1.000000 0.000000
0.973947 0.226775 0.000000 90.466179 -0.226775 0.973947 0.000000 -11.145292 0.000000 0.000000 1.000000 0.000000
0.972740 0.231896 0.000000 91.412310 -0.231896 0.972740 0.000000 -11.378088 0.000000 0.000000 1.000000 0.000000
0.972801 0.231641 0.000000 91.955552 -0.231641 0.972801 0.000000 -11.509272 0.000000 0.000000 1.000000 0.000000
0.972778 0.231737 0.000000 92.498901 -0.231737 0.972778 0.000000 -11.628518 0.000000 0.000000 1.000000 0.000000
0.971630 0.236506 0.000000 93.042557 -0.236506 0.971630 0.000000 -11.752792 0.000000 0.000000 1.000000 0.000000
0.970561 0.240854 0.000000 93.591386 -0.240854 0.970561 0.000000 -11.897202 0.000000 0.000000 1.000000 0.000000
0.970707 0.240266 0.000000 94.426297 -0.240266 0.970707 0.000000 -12.124689 0.000000 0.000000 1.000000 0.000000
0.970243 0.242133 0.000000 94.945601 -0.242133 0.970243 0.000000 -12.249666 0.000000 0.000000 1.000000 0.000000
0.967460 0.253024 0.000000 96.039328 -0.253024 0.967460 0.000000 -12.539337 0.000000 0.000000 1.000000 0.000000
0.966293 0.257444 0.000000 96.776026 -0.257444 0.966293 0.000000 -12.735625 0.000000 0.000000 1.000000 0.000000
0.965322 0.261061 0.000000 97.357004 -0.261061 0.965322 0.000000 -12.884989 0.000000 0.000000 1.000000 0.000000
0.964002 0.265894 0.000000 97.929955 -0.265894 0.964002 0.000000 -13.061762 0.000000 0.000000 1.000000 0.000000
0.962659 0.270717 0.000000 98.508248 -0.270717 0.962659 0.000000 -13.232608 0.000000 0.000000 1.000000 0.000000
0.962275 0.272078 0.000000 99.101843 -0.272078 0.962275 0.000000 -13.392066 0.000000 0.000000 1.000000 0.000000
0.962018 0.272985 0.000000 99.726274 -0.272985 0.962018 0.000000 -13.554331 0.000000 0.000000 1.000000 0.000000
0.961354 0.275316 0.000000 100.286409 -0.275316 0.961354 0.000000 -13.716577 0.000000 0.000000 1.000000 0.000000
0.960391 0.278656 0.000000 100.868263 -0.278656 0.960391 0.000000 -13.893596 0.000000 0.000000 1.000000 0.000000
0.959901 0.280338 0.000000 101.459627 -0.280338 0.959901 0.000000 -14.072691 0.000000 0.000000 1.000000 0.000000
0.960985 0.276602 0.000000 102.004311 -0.276602 0.960985 0.000000 -14.243046 0.000000 0.000000 1.000000 0.000000
0.961720 0.274035 0.000000 102.607743 -0.274035 0.961720 0.000000 -14.425085 0.000000 0.000000 1.000000 0.000000
0.961644 0.274299 0.000000 103.201346 -0.274299 0.961644 0.000000 -14.600985 0.000000 0.000000 1.000000 0.000000
0.961212 0.275810 0.000000 103.758820 -0.275810 0.961212 0.000000 -14.764607 0.000000 0.000000 1.000000 0.000000
0.960989 0.276585 0.000000 104.827496 -0.276585 0.960989 0.000000 -15.094582 0.000000 0.000000 1.000000 0.000000
0.960652 0.277755 0.000000 105.479307 -0.277755 0.960652 0.000000 -15.302772 0.000000 0.000000 1.000000 0.000000
0.960530 0.278175 0.000000 106.101425 -0.278175 0.960530 0.000000 -15.503803 0.000000 0.000000 1.000000 0.000000
0.959788 0.280727 0.000000 106.708852 -0.280727 0.959788 0.000000 -15.685866 0.000000 0.000000 1.000000 0.000000
0.958887 0.283788 0.000000 107.301204 -0.283788 0.958887 0.000000 -15.867909 0.000000 0.000000 1.000000 0.000000
0.959451 0.281875 0.000000 107.919159 -0.281875 0.959451 0.000000 -16.067062 0.000000 0.000000 1.000000 0.000000
0.959363 0.282174 0.000000 108.501535 -0.282174 0.959363 0.000000 -16.238501 0.000000 0.000000 1.000000 0.000000
0.959352 0.282212 0.000000 109.123523 -0.282212 0.959352 0.000000 -16.427858 0.000000 0.000000 1.000000 0.000000
0.959246 0.282571 0.000000 109.706438 -0.282571 0.959246 0.000000 -16.608810 0.000000 0.000000 1.000000 0.000000
0.958637 0.284631 0.000000 110.327589 -0.284631 0.958637 0.000000 -16.807105 0.000000 0.000000 1.000000 0.000000
0.957760 0.287569 0.000000 110.940565 -0.287569 0.957760 0.000000 -17.009554 0.000000 0.000000 1.000000 0.000000
0.957457 0.288577 0.000000 111.579774 -0.288577 0.957457 0.000000 -17.202604 0.000000 0.000000 1.000000 0.000000
0.957803 0.287426 0.000000 112.364811 -0.287426 0.957803 0.000000 -17.456548 0.000000 0.000000 1.000000 0.000000
0.957788 0.287476 0.000000 112.951721 -0.287476 0.957788 0.000000 -17.631901 0.000000 0.000000 1.000000 0.000000
0.955984 0.293418 0.000000 113.588327 -0.293418 0.955984 0.000000 -17.835601 0.000000 0.000000 1.000000 0.000000
0.957132 0.289653 0.000000 114.582626 -0.289653 0.957132 0.000000 -18.150216 0.000000 0.000000 1.000000 0.000000
0.957031 0.289985 0.000000 115.215450 -0.289985 0.957031 0.000000 -18.369051 0.000000 0.000000 1.000000 0.000000
0.956933 0.290307 0.000000 115.853908 -0.290307 0.956933 0.000000 -18.571617 0.000000 0.000000 1.000000 0.000000
0.956117 0.292986 0.000000 116.499969 -0.292986 0.956117 0.000000 -18.793221 0.000000 0.000000 1.000000 0.000000
0.955818 0.293960 0.000000 117.128497 -0.293960 0.955818 0.000000 -19.006177 0.000000 0.000000 1.000000 0.000000
0.955723 0.294268 0.000000 117.775770 -0.294268 0.955723 0.000000 -19.215085 0.000000 0.000000 1.000000 0.000000
0.956136 0.292923 0.000000 118.363773 -0.292923 0.956136 0.000000 -19.412577 0.000000 0.000000 1.000000 0.000000
0.956214 0.292667 0.000000 119.494245 -0.292667 0.956214 0.000000 -19.781795 0.000000 0.000000 1.000000 0.000000
0.957143 0.289617 0.000000 120.135319 -0.289617 0.957143 0.000000 -19.996174 0.000000 0.000000 1.000000 0.000000
0.957547 0.288278 0.000000 120.783820 -0.288278 0.957547 0.000000 -20.219154 0.000000 0.000000 1.000000 0.000000
0.957721 0.287698 0.000000 121.419051 -0.287698 0.957721 0.000000 -20.432770 0.000000 0.000000 1.000000 0.000000
0.957477 0.288511 0.000000 122.728882 -0.288511 0.957477 0.000000 -20.846679 0.000000 0.000000 1.000000 0.000000
0.957955 0.286917 0.000000 123.327005 -0.286917 0.957955 0.000000 -21.050898 0.000000 0.000000 1.000000 0.000000
0.957332 0.288989 0.000000 123.969309 -0.288989 0.957332 0.000000 -21.260272 0.000000 0.000000 1.000000 0.000000
0.958150 0.286268 0.000000 124.567407 -0.286268 0.958150 0.000000 -21.458276 0.000000 0.000000 1.000000 0.000000
0.957752 0.287596 0.000000 125.168982 -0.287596 0.957752 0.000000 -21.641115 0.000000 0.000000 1.000000 0.000000
0.951953 0.306245 0.000000 129.810234 -0.306245 0.951953 0.000000 -23.188975 0.000000 0.000000 1.000000 0.000000
0.953674 0.300843 0.000000 130.435667 -0.300843 0.953674 0.000000 -23.394981 0.000000 0.000000 1.000000 0.000000
0.953036 0.302857 0.000000 131.033982 -0.302857 0.953036 0.000000 -23.589567 0.000000 0.000000 1.000000 0.000000
0.954645 0.297748 0.000000 131.653624 -0.297748 0.954645 0.000000 -23.804473 0.000000 0.000000 1.000000 0.000000
0.954551 0.298048 0.000000 132.246346 -0.298048 0.954551 0.000000 -23.998069 0.000000 0.000000 1.000000 0.000000
0.955925 0.293610 0.000000 132.866979 -0.293610 0.955925 0.000000 -24.198135 0.000000 0.000000 1.000000 0.000000
0.955077 0.296359 0.000000 133.484374 -0.296359 0.955077 0.000000 -24.413747 0.000000 0.000000 1.000000 0.000000
0.955732 0.294239 0.000000 134.280583 -0.294239 0.955732 0.000000 -24.683044 0.000000 0.000000 1.000000 0.000000
0.955462 0.295113 0.000000 134.901723 -0.295113 0.955462 0.000000 -24.901843 0.000000 0.000000 1.000000 0.000000
0.954397 0.298539 0.000000 135.527157 -0.298539 0.954397 0.000000 -25.088955 0.000000 0.000000 1.000000 0.000000
0.953857 0.300263 0.000000 136.437031 -0.300263 0.953857 0.000000 -25.383958 0.000000 0.000000 1.000000 0.000000
0.954210 0.299138 0.000000 137.060220 -0.299138 0.954210 0.000000 -25.593089 0.000000 0.000000 1.000000 0.000000
0.954299 0.298852 0.000000 137.680979 -0.298852 0.954299 0.000000 -25.797593 0.000000 0.000000 1.000000 0.000000
0.954584 0.297942 0.000000 138.285595 -0.297942 0.954584 0.000000 -26.002863 0.000000 0.000000 1.000000 0.000000
0.954807 0.297227 0.000000 138.892808 -0.297227 0.954807 0.000000 -26.207178 0.000000 0.000000 1.000000 0.000000
0.954438 0.298410 0.000000 139.801958 -0.298410 0.954438 0.000000 -26.503735 0.000000 0.000000 1.000000 0.000000
0.954236 0.299055 0.000000 140.385503 -0.299055 0.954236 0.000000 -26.702050 0.000000 0.000000 1.000000 0.000000
0.953761 0.300566 0.000000 140.997497 -0.300566 0.953761 0.000000 -26.895321 0.000000 0.000000 1.000000 0.000000
0.953198 0.302347 0.000000 141.555985 -0.302347 0.953198 0.000000 -27.101329 0.000000 0.000000 1.000000 0.000000
0.951988 0.306135 0.000000 142.336029 -0.306135 0.951988 0.000000 -27.375248 0.000000 0.000000 1.000000 0.000000
0.951776 0.306795 0.000000 142.926097 -0.306795 0.951776 0.000000 -27.579567 0.000000 0.000000 1.000000 0.000000
0.951906 0.306389 0.000000 143.525724 -0.306389 0.951906 0.000000 -27.784899 0.000000 0.000000 1.000000 0.000000
0.952295 0.305178 0.000000 144.115913 -0.305178 0.952295 0.000000 -27.990667 0.000000 0.000000 1.000000 0.000000
0.953253 0.302172 0.000000 144.714431 -0.302172 0.953253 0.000000 -28.187908 0.000000 0.000000 1.000000 0.000000
0.953195 0.302356 0.000000 145.859770 -0.302356 0.953195 0.000000 -28.579679 0.000000 0.000000 1.000000 0.000000
0.954005 0.299792 0.000000 146.399771 -0.299792 0.954005 0.000000 -28.767376 0.000000 0.000000 1.000000 0.000000
0.952763 0.303713 0.000000 146.970943 -0.303713 0.952763 0.000000 -28.947615 0.000000 0.000000 1.000000 0.000000
0.953324 0.301949 0.000000 147.535965 -0.301949 0.953324 0.000000 -29.154804 0.000000 0.000000 1.000000 0.000000
0.952882 0.303341 0.000000 148.077607 -0.303341 0.952882 0.000000 -29.341294 0.000000 0.000000 1.000000 0.000000
0.953118 0.302599 0.000000 148.647798 -0.302599 0.953118 0.000000 -29.543634 0.000000 0.000000 1.000000 0.000000
0.954800 0.297250 0.000000 149.353928 -0.297250 0.954800 0.000000 -29.794837 0.000000 0.000000 1.000000 0.000000
0.955022 0.296535 0.000000 149.926617 -0.296535 0.955022 0.000000 -29.989599 0.000000 0.000000 1.000000 0.000000
0.955235 0.295847 0.000000 150.454636 -0.295847 0.955235 0.000000 -30.175222 0.000000 0.000000 1.000000 0.000000
0.955164 0.296077 0.000000 151.025032 -0.296077 0.955164 0.000000 -30.363939 0.000000 0.000000 1.000000 0.000000
0.954514 0.298166 0.000000 151.601146 -0.298166 0.954514 0.000000 -30.555603 0.000000 0.000000 1.000000 0.000000
0.954210 0.299138 0.000000 152.132129 -0.299138 0.954210 0.000000 -30.731452 0.000000 0.000000 1.000000 0.000000
0.954071 0.299580 0.000000 152.689714 -0.299580 0.954071 0.000000 -30.918175 0.000000 0.000000 1.000000 0.000000
0.955184 0.296013 0.000000 153.227202 -0.296013 0.955184 0.000000 -31.089673 0.000000 0.000000 1.000000 0.000000
0.954649 0.297732 0.000000 153.794005 -0.297732 0.954649 0.000000 -31.276882 0.000000 0.000000 1.000000 0.000000
0.954023 0.299733 0.000000 154.349618 -0.299733 0.954023 0.000000 -31.463190 0.000000 0.000000 1.000000 0.000000
0.952925 0.303205 0.000000 155.076798 -0.303205 0.952925 0.000000 -31.704078 0.000000 0.000000 1.000000 0.000000
0.952083 0.305841 0.000000 155.598979 -0.305841 0.952083 0.000000 -31.874428 0.000000 0.000000 1.000000 0.000000
0.951630 0.307247 0.000000 156.155675 -0.307247 0.951630 0.000000 -32.060790 0.000000 0.000000 1.000000 0.000000
0.951122 0.308815 0.000000 156.676191 -0.308815 0.951122 0.000000 -32.252425 0.000000 0.000000 1.000000 0.000000
0.950950 0.309344 0.000000 157.224794 -0.309344 0.950950 0.000000 -32.447124 0.000000 0.000000 1.000000 0.000000
0.951682 0.307084 0.000000 157.737767 -0.307084 0.951682 0.000000 -32.615276 0.000000 0.000000 1.000000 0.000000
0.951422 0.307890 0.000000 158.440992 -0.307890 0.951422 0.000000 -32.851434 0.000000 0.000000 1.000000 0.000000
0.951411 0.307924 0.000000 158.948347 -0.307924 0.951411 0.000000 -33.026909 0.000000 0.000000 1.000000 0.000000
0.949131 0.314881 0.000000 159.486486 -0.314881 0.949131 0.000000 -33.226481 0.000000 0.000000 1.000000 0.000000
0.949077 0.315045 0.000000 159.994780 -0.315045 0.949077 0.000000 -33.400837 0.000000 0.000000 1.000000 0.000000
0.950294 0.311353 0.000000 160.545282 -0.311353 0.950294 0.000000 -33.586300 0.000000 0.000000 1.000000 0.000000
0.950313 0.311295 0.000000 161.055339 -0.311295 0.950313 0.000000 -33.752215 0.000000 0.000000 1.000000 0.000000
0.950183 0.311694 0.000000 161.784451 -0.311694 0.950183 0.000000 -34.000902 0.000000 0.000000 1.000000 0.000000
0.949466 0.313870 0.000000 162.339730 -0.313870 0.949466 0.000000 -34.175146 0.000000 0.000000 1.000000 0.000000
0.950890 0.309530 0.000000 162.880140 -0.309530 0.950890 0.000000 -34.360157 0.000000 0.000000 1.000000 0.000000
0.951833 0.306616 0.000000 163.423535 -0.306616 0.951833 0.000000 -34.540712 0.000000 0.000000 1.000000 0.000000
0.952804 0.303586 0.000000 163.968301 -0.303586 0.952804 0.000000 -34.721818 0.000000 0.000000 1.000000 0.000000
0.952013 0.306056 0.000000 164.486801 -0.306056 0.952013 0.000000 -34.915219 0.000000 0.000000 1.000000 0.000000
0.952221 0.305409 0.000000 165.017056 -0.305409 0.952221 0.000000 -35.092799 0.000000 0.000000 1.000000 0.000000
0.953293 0.302047 0.000000 165.525691 -0.302047 0.953293 0.000000 -35.264701 0.000000 0.000000 1.000000 0.000000
0.954618 0.297834 0.000000 166.059045 -0.297834 0.954618 0.000000 -35.443448 0.000000 0.000000 1.000000 0.000000
0.954943 0.296788 0.000000 166.609754 -0.296788 0.954943 0.000000 -35.637349 0.000000 0.000000 1.000000 0.000000
0.955373 0.295404 0.000000 167.114273 -0.295404 0.955373 0.000000 -35.814759 0.000000 0.000000 1.000000 0.000000
0.955637 0.294546 0.000000 167.669080 -0.294546 0.955637 0.000000 -36.003162 0.000000 0.000000 1.000000 0.000000
0.956781 0.290810 0.000000 168.180554 -0.290810 0.956781 0.000000 -36.162549 0.000000 0.000000 1.000000 0.000000
0.956950 0.290252 0.000000 168.721040 -0.290252 0.956950 0.000000 -36.350453 0.000000 0.000000 1.000000 0.000000
0.958612 0.284715 0.000000 169.254604 -0.284715 0.958612 0.000000 -36.538226 0.000000 0.000000 1.000000 0.000000
0.960179 0.279385 0.000000 169.801042 -0.279385 0.960179 0.000000 -36.719445 0.000000 0.000000 1.000000 0.000000
0.961384 0.275211 0.000000 170.317705 -0.275211 0.961384 0.000000 -36.877945 0.000000 0.000000 1.000000 0.000000
0.962631 0.270815 0.000000 170.863419 -0.270815 0.962631 0.000000 -37.043185 0.000000 0.000000 1.000000 0.000000
0.963887 0.266312 0.000000 171.371114 -0.266312 0.963887 0.000000 -37.196429 0.000000 0.000000 1.000000 0.000000
0.965624 0.259943 0.000000 171.911160 -0.259943 0.965624 0.000000 -37.359018 0.000000 0.000000 1.000000 0.000000
0.967011 0.254736 0.000000 172.621271 -0.254736 0.967011 0.000000 -37.564696 0.000000 0.000000 1.000000 0.000000
0.967572 0.252594 0.000000 173.168473 -0.252594 0.967572 0.000000 -37.716084 0.000000 0.000000 1.000000 0.000000
0.968282 0.249861 0.000000 173.657470 -0.249861 0.968282 0.000000 -37.873618 0.000000 0.000000 1.000000 0.000000
0.968061 0.250714 0.000000 174.204975 -0.250714 0.968061 0.000000 -38.038687 0.000000 0.000000 1.000000 0.000000
0.968564 0.248764 0.000000 174.903054 -0.248764 0.968564 0.000000 -38.221532 0.000000 0.000000 1.000000 0.000000
0.969835 0.243762 0.000000 175.997033 -0.243762 0.969835 0.000000 -38.520010 0.000000 0.000000 1.000000 0.000000
0.970599 0.240702 0.000000 176.534564 -0.240702 0.970599 0.000000 -38.674842 0.000000 0.000000 1.000000 0.000000
0.971456 0.237221 0.000000 177.076892 -0.237221 0.971456 0.000000 -38.812489 0.000000 0.000000 1.000000 0.000000
0.971368 0.237578 0.000000 177.610846 -0.237578 0.971368 0.000000 -38.957001 0.000000 0.000000 1.000000 0.000000
0.972046 0.234792 0.000000 178.153360 -0.234792 0.972046 0.000000 -39.099026 0.000000 0.000000 1.000000 0.000000
0.972594 0.232510 0.000000 178.696828 -0.232510 0.972594 0.000000 -39.232269 0.000000 0.000000 1.000000 0.000000
0.972293 0.233767 0.000000 179.254601 -0.233767 0.972293 0.000000 -39.381845 0.000000 0.000000 1.000000 0.000000
0.972404 0.233303 0.000000 179.798034 -0.233303 0.972404 0.000000 -39.517043 0.000000 0.000000 1.000000 0.000000
0.972243 0.233975 0.000000 180.285882 -0.233975 0.972243 0.000000 -39.633572 0.000000 0.000000 1.000000 0.000000
0.971846 0.235619 0.000000 180.778467 -0.235619 0.971846 0.000000 -39.771035 0.000000 0.000000 1.000000 0.000000
0.971886 0.235452 0.000000 181.309476 -0.235452 0.971886 0.000000 -39.900431 0.000000 0.000000 1.000000 0.000000
0.972253 0.233930 0.000000 181.800254 -0.233930 0.972253 0.000000 -40.025311 0.000000 0.000000 1.000000 0.000000
0.972795 0.231667 0.000000 182.323195 -0.231667 0.972795 0.000000 -40.155666 0.000000 0.000000 1.000000 0.000000
0.973237 0.229803 0.000000 182.826714 -0.229803 0.973237 0.000000 -40.271639 0.000000 0.000000 1.000000 0.000000
0.973095 0.230405 0.000000 183.351759 -0.230405 0.973095 0.000000 -40.414812 0.000000 0.000000 1.000000 0.000000
0.973217 0.229886 0.000000 183.842385 -0.229886 0.973217 0.000000 -40.544136 0.000000 0.000000 1.000000 0.000000
0.974175 0.225794 0.000000 184.372881 -0.225794 0.974175 0.000000 -40.676616 0.000000 0.000000 1.000000 0.000000
0.974717 0.223443 0.000000 184.869386 -0.223443 0.974717 0.000000 -40.793066 0.000000 0.000000 1.000000 0.000000
0.974828 0.222958 0.000000 185.394391 -0.222958 0.974828 0.000000 -40.918743 0.000000 0.000000 1.000000 0.000000
0.974703 0.223505 0.000000 185.874805 -0.223505 0.974703 0.000000 -41.036206 0.000000 0.000000 1.000000 0.000000
0.974415 0.224758 0.000000 186.398597 -0.224758 0.974415 0.000000 -41.148030 0.000000 0.000000 1.000000 0.000000
0.974639 0.223784 0.000000 187.042592 -0.223784 0.974639 0.000000 -41.304920 0.000000 0.000000 1.000000 0.000000
0.975672 0.219237 0.000000 187.566048 -0.219237 0.975672 0.000000 -41.427602 0.000000 0.000000 1.000000 0.000000
0.976697 0.214625 0.000000 188.073634 -0.214625 0.976697 0.000000 -41.545663 0.000000 0.000000 1.000000 0.000000
0.976926 0.213579 0.000000 188.549184 -0.213579 0.976926 0.000000 -41.660611 0.000000 0.000000 1.000000 0.000000
0.978470 0.206389 0.000000 189.261419 -0.206389 0.978470 0.000000 -41.830093 0.000000 0.000000 1.000000 0.000000
0.979087 0.203440 0.000000 189.769379 -0.203440 0.979087 0.000000 -41.942802 0.000000 0.000000 1.000000 0.000000
0.979669 0.200620 0.000000 190.279319 -0.200620 0.979669 0.000000 -42.051092 0.000000 0.000000 1.000000 0.000000
0.979671 0.200612 0.000000 190.784504 -0.200612 0.979671 0.000000 -42.169478 0.000000 0.000000 1.000000 0.000000
0.981057 0.193721 0.000000 191.299671 -0.193721 0.981057 0.000000 -42.273338 0.000000 0.000000 1.000000 0.000000
0.983329 0.181838 0.000000 192.315715 -0.181838 0.983329 0.000000 -42.477784 0.000000 0.000000 1.000000 0.000000
0.983983 0.178260 0.000000 192.816956 -0.178260 0.983983 0.000000 -42.550853 0.000000 0.000000 1.000000 0.000000
0.985436 0.170049 0.000000 193.313566 -0.170049 0.985436 0.000000 -42.637145 0.000000 0.000000 1.000000 0.000000
0.986843 0.161683 0.000000 193.774770 -0.161683 0.986843 0.000000 -42.721013 0.000000 0.000000 1.000000 0.000000
0.988001 0.154450 0.000000 194.274639 -0.154450 0.988001 0.000000 -42.796756 0.000000 0.000000 1.000000 0.000000
0.989385 0.145319 0.000000 194.740101 -0.145319 0.989385 0.000000 -42.864915 0.000000 0.000000 1.000000 0.000000
0.992100 0.125452 0.000000 195.683479 -0.125452 0.992100 0.000000 -42.999528 0.000000 0.000000 1.000000 0.000000
0.993189 0.116511 0.000000 196.167303 -0.116511 0.993189 0.000000 -43.066045 0.000000 0.000000 1.000000 0.000000
0.994469 0.105029 0.000000 196.619793 -0.105029 0.994469 0.000000 -43.118718 0.000000 0.000000 1.000000 0.000000
0.995636 0.093324 0.000000 197.300215 -0.093324 0.995636 0.000000 -43.193974 0.000000 0.000000 1.000000 0.000000
0.996654 0.081734 0.000000 197.779835 -0.081734 0.996654 0.000000 -43.243696 0.000000 0.000000 1.000000 0.000000
0.997500 0.070673 0.000000 198.258222 -0.070673 0.997500 0.000000 -43.297913 0.000000 0.000000 1.000000 0.000000
0.998182 0.060279 0.000000 198.698083 -0.060279 0.998182 0.000000 -43.344190 0.000000 0.000000 1.000000 0.000000
0.998697 0.051038 0.000000 199.162310 -0.051038 0.998697 0.000000 -43.378244 0.000000 0.000000 1.000000 0.000000
0.999401 0.034611 0.000000 199.635408 -0.034611 0.999401 0.000000 -43.415175 0.000000 0.000000 1.000000 0.000000
