0.999999 0.001406 0.000000 0.567498 -0.001406 0.999999 0.000000 -0.025605 0.000000 0.000000 1.000000 0.000000
0.999997 0.002359 0.000000 1.128672 -0.002359 0.999997 0.000000 -0.045822 0.000000 0.000000 1.000000 0.000000
0.999995 0.003007 0.000000 1.680955 -0.003007 0.999995 0.000000 -0.075514 0.000000 0.000000 1.000000 0.000000
0.999997 0.002480 0.000000 2.247870 -0.002480 0.999997 0.000000 -0.084891 0.000000 0.000000 1.000000 0.000000
0.999983 0.005900 0.000000 2.798597 -0.005900 0.999983 0.000000 -0.086803 0.000000 0.000000 1.000000 0.000000
0.999922 0.012456 0.000000 3.388446 -0.012456 0.999922 0.000000 -0.103430 0.000000 0.000000 1.000000 0.000000
0.999875 0.015782 0.000000 4.542486 -0.015782 0.999875 0.000000 -0.154086 0.000000 0.000000 1.000000 0.000000
0.999862 0.016593 0.000000 5.161007 -0.016593 0.999862 0.000000 -0.180386 0.000000 0.000000 1.000000 0.000000
0.999863 0.016569 0.000000 5.956823 -0.016569 0.999863 0.000000 -0.221365 0.000000 0.000000 1.000000 0.000000
0.999868 0.016217 0.000000 6.541416 -0.016217 0.999868 0.000000 -0.222700 0.000000 0.000000 1.000000 0.000000
0.999868 0.016243 0.000000 7.097621 -0.016243 0.999868 0.000000 -0.272405 0.000000 0.000000 1.000000 0.000000
0.999862 0.016626 0.000000 7.703927 -0.016626 0.999862 0.000000 -0.303794 0.000000 0.000000 1.000000 0.000000
0.999841 0.017820 0.000000 8.246970 -0.017820 0.999841 0.000000 -0.336571 0.000000 0.000000 1.000000 0.000000
0.999824 0.018744 0.000000 8.800462 -0.018744 0.999824 0.000000 -0.354576 0.000000 0.000000 1.000000 0.000000
0.999792 0.020417 0.000000 9.339402 -0.020417 0.999792 0.000000 -0.348382 0.000000 0.000000 1.000000 0.000000
0.999789 0.020561 0.000000 9.888286 -0.020561 0.999789 0.000000 -0.360264 0.000000 0.000000 1.000000 0.000000
0.999749 0.022385 0.000000 10.462738 -0.022385 0.999749 0.000000 -0.370297 0.000000 0.000000 1.000000 0.000000
0.999752 0.022256 0.000000 10.996741 -0.022256 0.999752 0.000000 -0.407591 0.000000 0.000000 1.000000 0.000000
0.999695 0.024690 0.000000 11.536437 -0.024690 0.999695 0.000000 -0.454236 0.000000 0.000000 1.000000 0.000000
0.999646 0.026593 0.000000 12.309971 -0.026593 0.999646 0.000000 -0.491754 0.000000 0.000000 1.000000 0.000000
0.999614 0.027766 0.000000 12.897139 -0.027766 0.999614 0.000000 -0.517727 0.000000 0.000000 1.000000 0.000000
0.999601 0.028259 0.000000 13.418095 -0.028259 0.999601 0.000000 -0.545058 0.000000 0.000000 1.000000 0.000000
0.999557 0.029750 0.000000 14.030588 -0.029750 0.999557 0.000000 -0.560524 0.000000 0.000000 1.000000 0.000000
0.999538 0.030400 0.000000 14.631547 -0.030400 0.999538 0.000000 -0.570416 0.000000 0.000000 1.000000 0.000000
0.999541 0.030311 0.000000 15.200750 -0.030311 0.999541 0.000000 -0.603762 0.000000 0.000000 1.000000 0.000000
0.999440 0.033468 0.000000 15.775246 -0.033468 0.999440 0.000000 -0.657939 0.000000 0.000000 1.000000 0.000000
0.999393 0.034845 0.000000 16.369633 -0.034845 0.999393 0.000000 -0.704103 0.000000 0.000000 1.000000 0.000000
0.999366 0.035593 0.000000 16.957473 -0.035593 0.999366 0.000000 -0.711932 0.000000 0.000000 1.000000 0.000000
0.999369 0.035515 0.000000 17.519568 -0.035515 0.999369 0.000000 -0.768403 0.000000 0.000000 1.000000 0.000000
0.999308 0.037191 0.000000 18.107618 -0.037191 0.999308 0.000000 -0.805377 0.000000 0.000000 1.000000 0.000000
0.999271 0.038169 0.000000 18.642729 -0.038169 0.999271 0.000000 -0.852135 0.000000 0.000000 1.000000 0.000000
0.999349 0.036064 0.000000 19.195105 -0.036064 0.999349 0.000000 -0.869464 0.000000 0.000000 1.000000 0.000000
0.999225 0.039363 0.000000 19.770861 -0.039363 0.999225 0.000000 -0.901821 0.000000 0.000000 1.000000 0.000000
0.999180 0.040481 0.000000 20.865986 -0.040481 0.999180 0.000000 -0.960162 0.000000 0.000000 1.000000 0.000000
0.999206 0.039846 0.000000 21.818071 -0.039846 0.999206 0.000000 -0.991275 0.000000 0.000000 1.000000 0.000000
0.999244 0.038885 0.000000 22.410318 -0.038885 0.999244 0.000000 -1.028372 0.000000 0.000000 1.000000 0.000000
0.999159 0.040995 0.000000 22.998836 -0.040995 0.999159 0.000000 -1.037826 0.000000 0.000000 1.000000 0.000000
0.999018 0.044305 0.000000 23.581507 -0.044305 0.999018 0.000000 -1.071211 0.000000 0.000000 1.000000 0.000000
0.999132 0.041651 0.000000 24.126293 -0.041651 0.999132 0.000000 -1.093184 0.000000 0.000000 1.000000 0.000000
0.999109 0.042206 0.000000 24.715805 -0.042206 0.999109 0.000000 -1.088729 0.000000 0.000000 1.000000 0.000000
0.998652 0.051900 0.000000 25.266658 -0.051900 0.998652 0.000000 -1.142032 0.000000 0.000000 1.000000 0.000000
0.997851 0.065525 0.000000 26.340824 -0.065525 0.997851 0.000000 -1.239050 0.000000 0.000000 1.000000 0.000000
0.997984 0.063471 0.000000 26.864307 -0.063471 0.997984 0.000000 -1.323077 0.000000 0.000000 1.000000 0.000000
0.997848 0.065570 0.000000 27.412831 -0.065570 0.997848 0.000000 -1.322321 0.000000 0.000000 1.000000 0.000000
0.997964 0.063782 0.000000 27.937517 -0.063782 0.997964 0.000000 -1.374399 0.000000 0.000000 1.000000 0.000000
0.998124 0.061232 0.000000 28.502772 -0.061232 0.998124 0.000000 -1.436558 0.000000 0.000000 1.000000 0.000000
0.997719 0.067511 0.000000 29.381436 -0.067511 0.997719 0.000000 -1.446733 0.000000 0.000000 1.000000 0.000000
0.997667 0.068266 0.000000 29.959871 -0.068266 0.997667 0.000000 -1.492844 0.000000 0.000000 1.000000 0.000000
0.997531 0.070229 0.000000 30.510194 -0.070229 0.997531 0.000000 -1.520394 0.000000 0.000000 1.000000 0.000000
0.997541 0.070091 0.000000 31.098534 -0.070091 0.997541 0.000000 -1.577250 0.000000 0.000000 1.000000 0.000000
0.997401 0.072053 0.000000 31.686440 -0.072053 0.997401 0.000000 -1.642276 0.000000 0.000000 1.000000 0.000000
0.997351 0.072741 0.000000 32.241004 -0.072741 0.997351 0.000000 -1.701324 0.000000 0.000000 1.000000 0.000000
0.997143 0.075542 0.000000 32.781551 -0.075542 0.997143 0.000000 -1.763242 0.000000 0.000000 1.000000 0.000000
0.997289 0.073581 0.000000 33.382734 -0.073581 0.997289 0.000000 -1.838180 0.000000 0.000000 1.000000 0.000000
0.997140 0.075581 0.000000 33.947126 -0.075581 0.997140 0.000000 -1.874944 0.000000 0.000000 1.000000 0.000000
0.997014 0.077215 0.000000 34.441032 -0.077215 0.997014 0.000000 -1.921269 0.000000 0.000000 1.000000 0.000000
0.996766 0.080357 0.000000 35.407127 -0.080357 0.996766 0.000000 -2.017623 0.000000 0.000000 1.000000 0.000000
0.996368 0.085151 0.000000 35.940031 -0.085151 0.996368 0.000000 -2.079085 0.000000 0.000000 1.000000 0.000000
0.996162 0.087527 0.000000 36.446421 -0.087527 0.996162 0.000000 -2.110323 0.000000 0.000000 1.000000 0.000000
0.996040 0.088905 0.000000 37.010650 -0.088905 0.996040 0.000000 -2.182750 0.000000 0.000000 1.000000 0.000000
0.995786 0.091710 0.000000 37.560404 -0.091710 0.995786 0.000000 -2.212433 0.000000 0.000000 1.000000 0.000000
0.995722 0.092401 0.000000 38.073235 -0.092401 0.995722 0.000000 -2.283498 0.000000 0.000000 1.000000 0.000000
0.995520 0.094549 0.000000 38.650491 -0.094549 0.995520 0.000000 -2.345233 0.000000 0.000000 1.000000 0.000000
0.995465 0.095129 0.000000 39.178300 -0.095129 0.995465 0.000000 -2.412350 0.000000 0.000000 1.000000 0.000000
0.995452 0.095266 0.000000 39.671679 -0.095266 0.995452 0.000000 -2.480134 0.000000 0.000000 1.000000 0.000000
0.995572 0.094007 0.000000 40.254100 -0.094007 0.995572 0.000000 -2.567414 0.000000 0.000000 1.000000 0.000000
0.995243 0.097424 0.000000 40.840260 -0.097424 0.995243 0.000000 -2.608567 0.000000 0.000000 1.000000 0.000000
0.995081 0.099060 0.000000 41.345590 -0.099060 0.995081 0.000000 -2.684330 0.000000 0.000000 1.000000 0.000000
0.994893 0.100937 0.000000 41.907943 -0.100937 0.994893 0.000000 -2.734257 0.000000 0.000000 1.000000 0.000000
0.994899 0.100872 0.000000 42.440889 -0.100872 0.994899 0.000000 -2.801648 0.000000 0.000000 1.000000 0.000000
0.994998 0.099898 0.000000 43.391254 -0.099898 0.994998 0.000000 -2.941107 0.000000 0.000000 1.000000 0.000000
0.994865 0.101213 0.000000 43.948879 -0.101213 0.994865 0.000000 -2.992672 0.000000 0.000000 1.000000 0.000000
0.994486 0.104869 0.000000 44.487440 -0.104869 0.994486 0.000000 -3.088331 0.000000 0.000000 1.000000 0.000000
0.994692 0.102893 0.000000 45.586606 -0.102893 0.994692 0.000000 -3.206776 0.000000 0.000000 1.000000 0.000000
0.993987 0.109494 0.000000 46.122635 -0.109494 0.993987 0.000000 -3.288014 0.000000 0.000000 1.000000 0.000000
0.993903 0.110261 0.000000 46.606392 -0.110261 0.993903 0.000000 -3.308956 0.000000 0.000000 1.000000 0.000000
0.993967 0.109681 0.000000 47.616280 -0.109681 0.993967 0.000000 -3.437432 0.000000 0.000000 1.000000 0.000000
0.993843 0.110801 0.000000 48.148395 -0.110801 0.993843 0.000000 -3.498904 0.000000 0.000000 1.000000 0.000000
0.993846 0.110770 0.000000 48.668698 -0.110770 0.993846 0.000000 -3.562170 0.000000 0.000000 1.000000 0.000000
0.993620 0.112781 0.000000 49.177380 -0.112781 0.993620 0.000000 -3.608746 0.000000 0.000000 1.000000 0.000000
0.993158 0.116778 0.000000 50.048867 -0.116778 0.993158 0.000000 -3.744832 0.000000 0.000000 1.000000 0.000000
0.993127 0.117045 0.000000 50.529513 -0.117045 0.993127 0.000000 -3.808325 0.000000 0.000000 1.000000 0.000000
0.992536 0.121952 0.000000 51.033504 -0.121952 0.992536 0.000000 -3.870618 0.000000 0.000000 1.000000 0.000000
0.991830 0.127570 0.000000 51.501318 -0.127570 0.991830 0.000000 -3.966952 0.000000 0.000000 1.000000 0.000000
0.991801 0.127792 0.000000 51.941307 -0.127792 0.991801 0.000000 -4.037156 0.000000 0.000000 1.000000 0.000000
0.991735 0.128301 0.000000 52.431782 -0.128301 0.991735 0.000000 -4.103811 0.000000 0.000000 1.000000 0.000000
0.991451 0.130482 0.000000 52.917576 -0.130482 0.991451 0.000000 -4.190617 0.000000 0.000000 1.000000 0.000000
0.990796 0.135363 0.000000 53.609667 -0.135363 0.990796 0.000000 -4.325892 0.000000 0.000000 1.000000 0.000000
0.990730 0.135847 0.000000 53.958366 -0.135847 0.990730 0.000000 -4.391785 0.000000 0.000000 1.000000 0.000000
0.990829 0.135122 0.000000 54.416212 -0.135122 0.990829 0.000000 -4.486636 0.000000 0.000000 1.000000 0.000000
0.990892 0.134657 0.000000 54.848414 -0.134657 0.990892 0.000000 -4.545038 0.000000 0.000000 1.000000 0.000000
0.990612 0.136706 0.000000 55.262320 -0.136706 0.990612 0.000000 -4.605782 0.000000 0.000000 1.000000 0.000000
0.990764 0.135601 0.000000 55.704784 -0.135601 0.990764 0.000000 -4.641835 0.000000 0.000000 1.000000 0.000000
0.990900 0.134602 0.000000 56.476859 -0.134602 0.990900 0.000000 -4.746685 0.000000 0.000000 1.000000 0.000000
0.990664 0.136330 0.000000 56.870330 -0.136330 0.990664 0.000000 -4.824141 0.000000 0.000000 1.000000 0.000000
0.990496 0.137538 0.000000 57.310622 -0.137538 0.990496 0.000000 -4.869204 0.000000 0.000000 1.000000 0.000000
0.990398 0.138247 0.000000 57.668696 -0.138247 0.990398 0.000000 -4.922980 0.000000 0.000000 1.000000 0.000000
0.990203 0.139636 0.000000 58.028829 -0.139636 0.990203 0.000000 -4.999901 0.000000 0.000000 1.000000 0.000000
0.989991 0.141127 0.000000 58.410682 -0.141127 0.989991 0.000000 -5.030573 0.000000 0.000000 1.000000 0.000000
0.989707 0.143112 0.000000 58.816005 -0.143112 0.989707 0.000000 -5.085381 0.000000 0.000000 1.000000 0.000000
0.989891 0.141833 0.000000 59.171294 -0.141833 0.989891 0.000000 -5.134454 0.000000 0.000000 1.000000 0.000000
0.989467 0.144756 0.000000 59.491093 -0.144756 0.989467 0.000000 -5.210299 0.000000 0.000000 1.000000 0.000000
0.989152 0.146898 0.000000 59.799560 -0.146898 0.989152 0.000000 -5.289573 0.000000 0.000000 1.000000 0.000000
0.988272 0.152701 0.000000 60.488904 -0.152701 0.988272 0.000000 -5.432534 0.000000 0.000000 1.000000 0.000000
0.988451 0.151542 0.000000 60.844743 -0.151542 0.988451 0.000000 -5.514411 0.000000 0.000000 1.000000 0.000000
0.988623 0.150416 0.000000 61.164285 -0.150416 0.988623 0.000000 -5.581730 0.000000 0.000000 1.000000 0.000000
0.988648 0.150248 0.000000 61.459474 -0.150248 0.988648 0.000000 -5.664103 0.000000 0.000000 1.000000 0.000000
0.988287 0.152605 0.000000 61.753319 -0.152605 0.988287 0.000000 -5.721380 0.000000 0.000000 1.000000 0.000000
0.987968 0.154658 0.000000 62.026464 -0.154658 0.987968 0.000000 -5.729127 0.000000 0.000000 1.000000 0.000000
0.986805 0.161913 0.000000 62.316511 -0.161913 0.986805 0.000000 -5.751240 0.000000 0.000000 1.000000 0.000000
0.986604 0.163135 0.000000 62.615168 -0.163135 0.986604 0.000000 -5.805324 0.000000 0.000000 1.000000 0.000000
0.986975 0.160872 0.000000 63.124725 -0.160872 0.986975 0.000000 -5.899517 0.000000 0.000000 1.000000 0.000000
0.987055 0.160384 0.000000 63.412405 -0.160384 0.987055 0.000000 -5.943594 0.000000 0.000000 1.000000 0.000000
0.986844 0.161675 0.000000 63.679074 -0.161675 0.986844 0.000000 -5.988706 0.000000 0.000000 1.000000 0.000000
0.986308 0.164916 0.000000 63.989462 -0.164916 0.986308 0.000000 -6.035383 0.000000 0.000000 1.000000 0.000000
0.986057 0.166409 0.000000 64.263049 -0.166409 0.986057 0.000000 -6.082051 0.000000 0.000000 1.000000 0.000000
0.985567 0.169283 0.000000 64.518750 -0.169283 0.985567 0.000000 -6.143544 0.000000 0.000000 1.000000 0.000000
0.985478 0.169805 0.000000 64.819846 -0.169805 0.985478 0.000000 -6.179747 0.000000 0.000000 1.000000 0.000000
0.985167 0.171598 0.000000 65.087036 -0.171598 0.985167 0.000000 -6.183039 0.000000 0.000000 1.000000 0.000000
0.985053 0.172253 0.000000 65.373721 -0.172253 0.985053 0.000000 -6.235288 0.000000 0.000000 1.000000 0.000000
0.984337 0.176298 0.000000 65.845445 -0.176298 0.984337 0.000000 -6.316146 0.000000 0.000000 1.000000 0.000000
0.984212 0.176994 0.000000 66.056087 -0.176994 0.984212 0.000000 -6.374227 0.000000 0.000000 1.000000 0.000000
0.983814 0.179194 0.000000 66.316520 -0.179194 0.983814 0.000000 -6.432665 0.000000 0.000000 1.000000 0.000000
0.983710 0.179765 0.000000 66.519786 -0.179765 0.983710 0.000000 -6.509721 0.000000 0.000000 1.000000 0.000000
0.983601 0.180359 0.000000 66.770903 -0.180359 0.983601 0.000000 -6.556816 0.000000 0.000000 1.000000 0.000000
0.983444 0.181215 0.000000 67.032083 -0.181215 0.983444 0.000000 -6.625821 0.000000 0.000000 1.000000 0.000000
0.983227 0.182384 0.000000 67.306453 -0.182384 0.983227 0.000000 -6.691007 0.000000 0.000000 1.000000 0.000000
0.983179 0.182642 0.000000 67.555586 -0.182642 0.983179 0.000000 -6.748366 0.000000 0.000000 1.000000 0.000000
0.982480 0.186369 0.000000 67.781846 -0.186369 0.982480 0.000000 -6.801008 0.000000 0.000000 1.000000 0.000000
0.982235 0.187654 0.000000 68.010751 -0.187654 0.982235 0.000000 -6.850881 0.000000 0.000000 1.000000 0.000000
0.982006 0.188847 0.000000 68.237422 -0.188847 0.982006 0.000000 -6.937397 0.000000 0.000000 1.000000 0.000000
0.981829 0.189766 0.000000 68.492964 -0.189766 0.981829 0.000000 -7.028162 0.000000 0.000000 1.000000 0.000000
0.981402 0.191963 0.000000 68.920499 -0.191963 0.981402 0.000000 -7.149007 0.000000 0.000000 1.000000 0.000000
0.981318 0.192393 0.000000 69.213343 -0.192393 0.981318 0.000000 -7.219221 0.000000 0.000000 1.000000 0.000000
0.981426 0.191841 0.000000 69.472118 -0.191841 0.981426 0.000000 -7.293874 0.000000 0.000000 1.000000 0.000000
0.981113 0.193437 0.000000 69.736166 -0.193437 0.981113 0.000000 -7.342790 0.000000 0.000000 1.000000 0.000000
0.981002 0.194000 0.000000 69.973474 -0.194000 0.981002 0.000000 -7.441565 0.000000 0.000000 1.000000 0.000000
0.980630 0.195870 0.000000 70.234480 -0.195870 0.980630 0.000000 -7.493965 0.000000 0.000000 1.000000 0.000000
0.980440 0.196821 0.000000 70.474533 -0.196821 0.980440 0.000000 -7.549281 0.000000 0.000000 1.000000 0.000000
0.980469 0.196676 0.000000 70.794721 -0.196676 0.980469 0.000000 -7.651092 0.000000 0.000000 1.000000 0.000000
0.979835 0.199807 0.000000 71.060914 -0.199807 0.979835 0.000000 -7.711781 0.000000 0.000000 1.000000 0.000000
0.979394 0.201960 0.000000 71.331986 -0.201960 0.979394 0.000000 -7.806250 0.000000 0.000000 1.000000 0.000000
0.979343 0.202206 0.000000 71.597904 -0.202206 0.979343 0.000000 -7.859149 0.000000 0.000000 1.000000 0.000000
0.978648 0.205543 0.000000 71.878603 -0.205543 0.978648 0.000000 -7.916441 0.000000 0.000000 1.000000 0.000000
0.978325 0.207076 0.000000 72.719289 -0.207076 0.978325 0.000000 -8.095483 0.000000 0.000000 1.000000 0.000000
0.977617 0.210394 0.000000 73.032493 -0.210394 0.977617 0.000000 -8.130377 0.000000 0.000000 1.000000 0.000000
0.977264 0.212028 0.000000 73.321601 -0.212028 0.977264 0.000000 -8.192046 0.000000 0.000000 1.000000 0.000000
0.977058 0.212971 0.000000 73.640878 -0.212971 0.977058 0.000000 -8.267920 0.000000 0.000000 1.000000 0.000000
0.977439 0.211218 0.000000 73.921364 -0.211218 0.977439 0.000000 -8.339872 0.000000 0.000000 1.000000 0.000000
0.976917 0.213618 0.000000 74.484737 -0.213618 0.976917 0.000000 -8.461234 0.000000 0.000000 1.000000 0.000000
0.976727 0.214487 0.000000 74.756569 -0.214487 0.976727 0.000000 -8.539341 0.000000 0.000000 1.000000 0.000000
0.976798 0.214163 0.000000 75.045194 -0.214163 0.976798 0.000000 -8.588667 0.000000 0.000000 1.000000 0.000000
0.976448 0.215755 0.000000 75.509668 -0.215755 0.976448 0.000000 -8.715019 0.000000 0.000000 1.000000 0.000000
0.975811 0.218615 0.000000 75.819462 -0.218615 0.975811 0.000000 -8.813862 0.000000 0.000000 1.000000 0.000000
0.973789 0.227453 0.000000 76.317322 -0.227453 0.973789 0.000000 -8.934677 0.000000 0.000000 1.000000 0.000000
0.973841 0.227231 0.000000 76.629395 -0.227231 0.973841 0.000000 -8.996762 0.000000 0.000000 1.000000 0.000000
0.973977 0.226645 0.000000 76.974368 -0.226645 0.973977 0.000000 -9.083589 0.000000 0.000000 1.000000 0.000000
0.972693 0.232097 0.000000 77.323536 -0.232097 0.972693 0.000000 -9.150077 0.000000 0.000000 1.000000 0.000000
0.972772 0.231765 0.000000 77.682307 -0.231765 0.972772 0.000000 -9.239413 0.000000 0.000000 1.000000 0.000000
0.972062 0.234725 0.000000 78.231111 -0.234725 0.972062 0.000000 -9.347795 0.000000 0.000000 1.000000 0.000000
0.972681 0.232146 0.000000 78.589028 -0.232146 0.972681 0.000000 -9.420920 0.000000 0.000000 1.000000 0.000000
0.972414 0.233260 0.000000 78.942213 -0.233260 0.972414 0.000000 -9.510825 0.000000 0.000000 1.000000 0.000000
0.971871 0.235513 0.000000 79.315001 -0.235513 0.971871 0.000000 -9.591188 0.000000 0.000000 1.000000 0.000000
0.971500 0.237039 0.000000 79.959103 -0.237039 0.971500 0.000000 -9.764038 0.000000 0.000000 1.000000 0.000000
0.970976 0.239175 0.000000 80.607286 -0.239175 0.970976 0.000000 -9.920599 0.000000 0.000000 1.000000 0.000000
0.971212 0.238216 0.000000 81.006000 -0.238216 0.971212 0.000000 -10.022754 0.000000 0.000000 1.000000 0.000000
0.971261 0.238017 0.000000 81.454335 -0.238017 0.971261 0.000000 -10.149183 0.000000 0.000000 1.000000 0.000000
0.970173 0.242414 0.000000 81.828431 -0.242414 0.970173 0.000000 -10.275222 0.000000 0.000000 1.000000 0.000000
0.969871 0.243619 0.000000 82.198378 -0.243619 0.969871 0.000000 -10.395122 0.000000 0.000000 1.000000 0.000000
0.969240 0.246118 0.000000 82.557856 -0.246118 0.969240 0.000000 -10.495950 0.000000 0.000000 1.000000 0.000000
0.969647 0.244511 0.000000 83.012061 -0.244511 0.969647 0.000000 -10.619400 0.000000 0.000000 1.000000 0.000000
0.970828 0.239778 0.000000 83.652320 -0.239778 0.970828 0.000000 -10.793416 0.000000 0.000000 1.000000 0.000000
0.970385 0.241565 0.000000 84.411017 -0.241565 0.970385 0.000000 -10.998450 0.000000 0.000000 1.000000 0.000000
0.970152 0.242496 0.000000 84.907275 -0.242496 0.970152 0.000000 -11.123250 0.000000 0.000000 1.000000 0.000000
0.969064 0.246811 0.000000 85.379685 -0.246811 0.969064 0.000000 -11.269279 0.000000 0.000000 1.000000 0.000000
0.968171 0.250289 0.000000 85.829217 -0.250289 0.968171 0.000000 -11.414175 0.000000 0.000000 1.000000 0.000000
0.966907 0.255129 0.000000 86.331897 -0.255129 0.966907 0.000000 -11.536779 0.000000 0.000000 1.000000 0.000000
0.967223 0.253929 0.000000 86.764818 -0.253929 0.967223 0.000000 -11.654827 0.000000 0.000000 1.000000 0.000000
0.965993 0.258567 0.000000 87.279978 -0.258567 0.965993 0.000000 -11.758280 0.000000 0.000000 1.000000 0.000000
0.965620 0.259958 0.000000 87.794707 -0.259958 0.965620 0.000000 -11.891539 0.000000 0.000000 1.000000 0.000000
0.965256 0.261308 0.000000 88.321230 -0.261308 0.965256 0.000000 -12.018303 0.000000 0.000000 1.000000 0.000000
0.965179 0.261589 0.000000 88.816620 -0.261589 0.965179 0.000000 -12.126959 0.000000 0.000000 1.000000 0.000000
0.964997 0.262262 0.000000 89.307934 -0.262262 0.964997 0.000000 -12.266771 0.000000 0.000000 1.000000 0.000000
0.963987 0.265949 0.000000 90.271054 -0.265949 0.963987 0.000000 -12.556309 0.000000 0.000000 1.000000 0.000000
0.964083 0.265600 0.000000 90.821034 -0.265600 0.964083 0.000000 -12.715461 0.000000 0.000000 1.000000 0.000000
0.964144 0.265379 0.000000 91.375635 -0.265379 0.964144 0.000000 -12.879879 0.000000 0.000000 1.000000 0.000000
0.962951 0.269676 0.000000 91.851141 -0.269676 0.962951 0.000000 -12.991680 0.000000 0.000000 1.000000 0.000000
0.961854 0.273564 0.000000 92.409768 -0.273564 0.961854 0.000000 -13.131245 0.000000 0.000000 1.000000 0.000000
0.962085 0.272749 0.000000 93.213097 -0.272749 0.962085 0.000000 -13.388839 0.000000 0.000000 1.000000 0.000000
0.961983 0.273111 0.000000 93.720702 -0.273111 0.961983 0.000000 -13.519047 0.000000 0.000000 1.000000 0.000000
0.959136 0.282945 0.000000 94.824948 -0.282945 0.959136 0.000000 -13.844265 0.000000 0.000000 1.000000 0.000000
0.958284 0.285819 0.000000 95.541951 -0.285819 0.958284 0.000000 -14.057547 0.000000 0.000000 1.000000 0.000000
0.957330 0.288998 0.000000 96.163650 -0.288998 0.957330 0.000000 -14.218267 0.000000 0.000000 1.000000 0.000000
0.956329 0.292291 0.000000 96.757838 -0.292291 0.956329 0.000000 -14.407320 0.000000 0.000000 1.000000 0.000000
0.955351 0.295472 0.000000 97.360589 -0.295472 0.955351 0.000000 -14.576591 0.000000 0.000000 1.000000 0.000000
0.955233 0.295854 0.000000 97.990355 -0.295854 0.955233 0.000000 -14.723923 0.000000 0.000000 1.000000 0.000000
0.955222 0.295891 0.000000 98.609788 -0.295891 0.955222 0.000000 -14.906466 0.000000 0.000000 1.000000 0.000000
0.954956 0.296749 0.000000 99.131556 -0.296749 0.954956 0.000000 -15.077853 0.000000 0.000000 1.000000 0.000000
0.954177 0.299242 0.000000 99.706840 -0.299242 0.954177 0.000000 -15.258455 0.000000 0.000000 1.000000 0.000000
0.953779 0.300508 0.000000 100.306122 -0.300508 0.953779 0.000000 -15.441017 0.000000 0.000000 1.000000 0.000000
0.954646 0.297745 0.000000 100.796861 -0.297745 0.954646 0.000000 -15.614141 0.000000 0.000000 1.000000 0.000000
0.955134 0.296175 0.000000 101.416138 -0.296175 0.955134 0.000000 -15.800661 0.000000 0.000000 1.000000 0.000000
0.954793 0.297270 0.000000 102.011763 -0.297270 0.954793 0.000000 -15.968968 0.000000 0.000000 1.000000 0.000000
0.953850 0.300283 0.000000 102.540746 -0.300283 0.953850 0.000000 -16.138631 0.000000 0.000000 1.000000 0.000000
0.953503 0.301385 0.000000 103.604955 -0.301385 0.953503 0.000000 -16.456893 0.000000 0.000000 1.000000 0.000000
0.953077 0.302728 0.000000 104.236516 -0.302728 0.953077 0.000000 -16.643629 0.000000 0.000000 1.000000 0.000000
0.952850 0.303441 0.000000 104.828316 -0.303441 0.952850 0.000000 -16.801709 0.000000 0.000000 1.000000 0.000000
0.951944 0.306273 0.000000 105.465891 -0.306273 0.951944 0.000000 -16.994531 0.000000 0.000000 1.000000 0.000000
0.950918 0.309444 0.000000 106.076427 -0.309444 0.950918 0.000000 -17.164536 0.000000 0.000000 1.000000 0.000000
0.951390 0.307988 0.000000 106.647990 -0.307988 0.951390 0.000000 -17.364882 0.000000 0.000000 1.000000 0.000000
0.951319 0.308208 0.000000 107.215094 -0.308208 0.951319 0.000000 -17.534435 0.000000 0.000000 1.000000 0.000000
0.951341 0.308140 0.000000 107.835639 -0.308140 0.951341 0.000000 -17.705049 0.000000 0.000000 1.000000 0.000000
0.950957 0.309324 0.000000 108.377057 -0.309324 0.950957 0.000000 -17.891081 0.000000 0.000000 1.000000 0.000000
0.950192 0.311666 0.000000 108.958891 -0.311666 0.950192 0.000000 -18.085645 0.000000 0.000000 1.000000 0.000000
0.949446 0.313929 0.000000 109.547421 -0.313929 0.949446 0.000000 -18.291450 0.000000 0.000000 1.000000 0.000000
0.948990 0.315305 0.000000 110.153453 -0.315305 0.948990 0.000000 -18.501233 0.000000 0.000000 1.000000 0.000000
0.949451 0.313915 0.000000 110.911270 -0.313915 0.949451 0.000000 -18.757155 0.000000 0.000000 1.000000 0.000000
0.949277 0.314440 0.000000 111.487014 -0.314440 0.949277 0.000000 -18.945207 0.000000 0.000000 1.000000 0.000000
0.947443 0.319924 0.000000 112.094017 -0.319924 0.947443 0.000000 -19.188111 0.000000 0.000000 1.000000 0.000000
0.948430 0.316986 0.000000 113.088427 -0.316986 0.948430 0.000000 -19.519190 0.000000 0.000000 1.000000 0.000000
0.948058 0.318099 0.000000 113.738910 -0.318099 0.948058 0.000000 -19.733874 0.000000 0.000000 1.000000 0.000000
0.947959 0.318392 0.000000 114.320625 -0.318392 0.947959 0.000000 -19.902724 0.000000 0.000000 1.000000 0.000000
0.946976 0.321305 0.000000 114.948195 -0.321305 0.946976 0.000000 -20.084646 0.000000 0.000000 1.000000 0.000000
0.946523 0.322636 0.000000 115.562434 -0.322636 0.946523 0.000000 -20.257984 0.000000 0.000000 1.000000 0.000000
0.946116 0.323829 0.000000 116.229766 -0.323829 0.946116 0.000000 -20.496022 0.000000 0.000000 1.000000 0.000000
0.946500 0.322705 0.000000 116.813071 -0.322705 0.946500 0.000000 -20.688736 0.000000 0.000000 1.000000 0.000000
0.946343 0.323164 0.000000 117.963677 -0.323164 0.946343 0.000000 -21.100344 0.000000 0.000000 1.000000 0.000000
0.947023 0.321167 0.000000 118.607265 -0.321167 0.947023 0.000000 -21.306110 0.000000 0.000000 1.000000 0.000000
0.946850 0.321676 0.000000 119.219990 -0.321676 0.946850 0.000000 -21.566136 0.000000 0.000000 1.000000 0.000000
0.946778 0.321888 0.000000 119.866009 -0.321888 0.946778 0.000000 -21.804558 0.000000 0.000000 1.000000 0.000000
0.945918 0.324405 0.000000 121.136714 -0.324405 0.945918 0.000000 -22.277696 0.000000 0.000000 1.000000 0.000000
0.945718 0.324987 0.000000 121.716599 -0.324987 0.945718 0.000000 -22.469843 0.000000 0.000000 1.000000 0.000000
0.944264 0.329190 0.000000 122.326604 -0.329190 0.944264 0.000000 -22.695862 0.000000 0.000000 1.000000 0.000000
0.944702 0.327930 0.000000 122.872256 -0.327930 0.944702 0.000000 -22.878615 0.000000 0.000000 1.000000 0.000000
0.943700 0.330804 0.000000 123.451003 -0.330804 0.943700 0.000000 -23.023486 0.000000 0.000000 1.000000 0.000000
0.936931 0.349515 0.000000 128.025348 -0.349515 0.936931 0.000000 -24.749531 0.000000 0.000000 1.000000 0.000000
0.938621 0.344950 0.000000 128.653737 -0.344950 0.938621 0.000000 -24.929180 0.000000 0.000000 1.000000 0.000000
0.937691 0.347471 0.000000 129.226607 -0.347471 0.937691 0.000000 -25.086022 0.000000 0.000000 1.000000 0.000000
0.938970 0.343999 0.000000 129.834095 -0.343999 0.938970 0.000000 -25.323053 0.000000 0.000000 1.000000 0.000000
0.938642 0.344894 0.000000 130.402622 -0.344894 0.938642 0.000000 -25.531873 0.000000 0.000000 1.000000 0.000000
0.939415 0.342781 0.000000 131.008670 -0.342781 0.939415 0.000000 -25.766899 0.000000 0.000000 1.000000 0.000000
0.937494 0.348000 0.000000 131.628578 -0.348000 0.937494 0.000000 -26.038358 0.000000 0.000000 1.000000 0.000000
0.937524 0.347921 0.000000 132.399489 -0.347921 0.937524 0.000000 -26.331184 0.000000 0.000000 1.000000 0.000000
0.936585 0.350439 0.000000 132.987671 -0.350439 0.936585 0.000000 -26.566479 0.000000 0.000000 1.000000 0.000000
0.934752 0.355302 0.000000 133.591262 -0.355302 0.934752 0.000000 -26.806450 0.000000 0.000000 1.000000 0.000000
0.933881 0.357585 0.000000 134.456539 -0.357585 0.933881 0.000000 -27.118825 0.000000 0.000000 1.000000 0.000000
0.933720 0.358005 0.000000 135.047835 -0.358005 0.933720 0.000000 -27.375209 0.000000 0.000000 1.000000 0.000000
0.933606 0.358300 0.000000 135.632581 -0.358300 0.933606 0.000000 -27.627254 0.000000 0.000000 1.000000 0.000000
0.933403 0.358831 0.000000 136.216552 -0.358831 0.933403 0.000000 -27.877440 0.000000 0.000000 1.000000 0.000000
0.933270 0.359175 0.000000 136.802800 -0.359175 0.933270 0.000000 -28.138780 0.000000 0.000000 1.000000 0.000000
0.932490 0.361195 0.000000 137.699030 -0.361195 0.932490 0.000000 -28.511982 0.000000 0.000000 1.000000 0.000000
0.932008 0.362437 0.000000 138.277735 -0.362437 0.932008 0.000000 -28.749835 0.000000 0.000000 1.000000 0.000000
0.931198 0.364513 0.000000 138.855451 -0.364513 0.931198 0.000000 -29.007965 0.000000 0.000000 1.000000 0.000000
0.930728 0.365713 0.000000 139.397791 -0.365713 0.930728 0.000000 -29.233537 0.000000 0.000000 1.000000 0.000000
0.929342 0.369219 0.000000 140.150746 -0.369219 0.929342 0.000000 -29.531869 0.000000 0.000000 1.000000 0.000000
0.929322 0.369271 0.000000 140.748335 -0.369271 0.929322 0.000000 -29.761553 0.000000 0.000000 1.000000 0.000000
0.929621 0.368517 0.000000 141.357697 -0.368517 0.929621 0.000000 -30.008014 0.000000 0.000000 1.000000 0.000000
0.930033 0.367477 0.000000 141.933344 -0.367477 0.930033 0.000000 -30.252248 0.000000 0.000000 1.000000 0.000000
0.930894 0.365289 0.000000 142.513675 -0.365289 0.930894 0.000000 -30.502014 0.000000 0.000000 1.000000 0.000000
0.930536 0.366201 0.000000 143.626153 -0.366201 0.930536 0.000000 -30.955663 0.000000 0.000000 1.000000 0.000000
0.931008 0.364999 0.000000 144.159939 -0.364999 0.931008 0.000000 -31.161463 0.000000 0.000000 1.000000 0.000000
0.929143 0.369721 0.000000 144.701269 -0.369721 0.929143 0.000000 -31.358493 0.000000 0.000000 1.000000 0.000000
0.929540 0.368722 0.000000 145.240017 -0.368722 0.929540 0.000000 -31.579495 0.000000 0.000000 1.000000 0.000000
0.928782 0.370625 0.000000 145.740094 -0.370625 0.928782 0.000000 -31.784643 0.000000 0.000000 1.000000 0.000000
0.928812 0.370551 0.000000 146.299845 -0.370551 0.928812 0.000000 -32.028269 0.000000 0.000000 1.000000 0.000000
0.930298 0.366805 0.000000 146.978413 -0.366805 0.930298 0.000000 -32.339283 0.000000 0.000000 1.000000 0.000000
0.929685 0.368357 0.000000 147.526355 -0.368357 0.929685 0.000000 -32.564959 0.000000 0.000000 1.000000 0.000000
0.929242 0.369472 0.000000 148.026643 -0.369472 0.929242 0.000000 -32.796807 0.000000 0.000000 1.000000 0.000000
0.928148 0.372212 0.000000 148.603039 -0.372212 0.928148 0.000000 -33.036574 0.000000 0.000000 1.000000 0.000000
0.926928 0.375238 0.000000 149.115662 -0.375238 0.926928 0.000000 -33.273404 0.000000 0.000000 1.000000 0.000000
0.926186 0.377068 0.000000 149.674473 -0.377068 0.926186 0.000000 -33.499879 0.000000 0.000000 1.000000 0.000000
0.925948 0.377651 0.000000 150.248990 -0.377651 0.925948 0.000000 -33.713225 0.000000 0.000000 1.000000 0.000000
0.927124 0.374754 0.000000 150.778141 -0.374754 0.927124 0.000000 -33.886390 0.000000 0.000000 1.000000 0.000000
0.926126 0.377215 0.000000 151.318358 -0.377215 0.926126 0.000000 -34.105510 0.000000 0.000000 1.000000 0.000000
0.925113 0.379691 0.000000 151.869017 -0.379691 0.925113 0.000000 -34.341742 0.000000 0.000000 1.000000 0.000000
0.923422 0.383785 0.000000 152.555532 -0.383785 0.923422 0.000000 -34.683762 0.000000 0.000000 1.000000 0.000000
0.922227 0.386648 0.000000 153.076253 -0.386648 0.922227 0.000000 -34.928603 0.000000 0.000000 1.000000 0.000000
0.921803 0.387659 0.000000 153.596003 -0.387659 0.921803 0.000000 -35.182531 0.000000 0.000000 1.000000 0.000000
0.921353 0.388728 0.000000 154.101815 -0.388728 0.921353 0.000000 -35.408928 0.000000 0.000000 1.000000 0.000000
0.921009 0.389540 0.000000 154.594365 -0.389540 0.921009 0.000000 -35.643370 0.000000 0.000000 1.000000 0.000000
0.921554 0.388249 0.000000 155.068401 -0.388249 0.921554 0.000000 -35.904265 0.000000 0.000000 1.000000 0.000000
0.920920 0.389752 0.000000 155.751969 -0.389752 0.920920 0.000000 -36.219391 0.000000 0.000000 1.000000 0.000000
0.921127 0.389263 0.000000 156.308094 -0.389263 0.921127 0.000000 -36.380440 0.000000 0.000000 1.000000 0.000000
0.918463 0.395507 0.000000 156.826662 -0.395507 0.918463 0.000000 -36.591403 0.000000 0.000000 1.000000 0.000000
0.918354 0.395760 0.000000 157.316884 -0.395760 0.918354 0.000000 -36.811899 0.000000 0.000000 1.000000 0.000000
0.919771 0.392456 0.000000 157.843083 -0.392456 0.919771 0.000000 -37.039346 0.000000 0.000000 1.000000 0.000000
0.919508 0.393072 0.000000 158.382560 -0.393072 0.919508 0.000000 -37.225918 0.000000 0.000000 1.000000 0.000000
0.918798 0.394729 0.000000 159.082653 -0.394729 0.918798 0.000000 -37.542215 0.000000 0.000000 1.000000 0.000000
0.917692 0.397291 0.000000 159.604368 -0.397291 0.917692 0.000000 -37.729731 0.000000 0.000000 1.000000 0.000000
0.919119 0.393980 0.000000 160.162600 -0.393980 0.919119 0.000000 -37.962180 0.000000 0.000000 1.000000 0.000000
0.919552 0.392967 0.000000 160.676788 -0.392967 0.919552 0.000000 -38.219549 0.000000 0.000000 1.000000 0.000000
0.920170 0.391519 0.000000 161.170425 -0.391519 0.920170 0.000000 -38.455901 0.000000 0.000000 1.000000 0.000000
0.918494 0.395436 0.000000 161.687967 -0.395436 0.918494 0.000000 -38.669314 0.000000 0.000000 1.000000 0.000000
0.918029 0.396512 0.000000 162.191983 -0.396512 0.918029 0.000000 -38.884741 0.000000 0.000000 1.000000 0.000000
0.918651 0.395071 0.000000 162.675592 -0.395071 0.918651 0.000000 -39.125599 0.000000 0.000000 1.000000 0.000000
0.919766 0.392466 0.000000 163.177126 -0.392466 0.919766 0.000000 -39.339213 0.000000 0.000000 1.000000 0.000000
0.919420 0.393277 0.000000 163.713064 -0.393277 0.919420 0.000000 -39.544793 0.000000 0.000000 1.000000 0.000000
0.919245 0.393687 0.000000 164.202794 -0.393687 0.919245 0.000000 -39.755525 0.000000 0.000000 1.000000 0.000000
0.918150 0.396232 0.000000 164.742003 -0.396232 0.918150 0.000000 -40.016800 0.000000 0.000000 1.000000 0.000000
0.918811 0.394697 0.000000 165.257650 -0.394697 0.918811 0.000000 -40.273094 0.000000 0.000000 1.000000 0.000000
0.917908 0.396793 0.000000 165.787522 -0.396793 0.917908 0.000000 -40.532399 0.000000 0.000000 1.000000 0.000000
0.919047 0.394148 0.000000 166.294852 -0.394148 0.919047 0.000000 -40.809723 0.000000 0.000000 1.000000 0.000000
0.919944 0.392051 0.000000 166.774729 -0.392051 0.919944 0.000000 -41.020890 0.000000 0.000000 1.000000 0.000000
0.919696 0.392632 0.000000 167.219866 -0.392632 0.919696 0.000000 -41.257781 0.000000 0.000000 1.000000 0.000000
0.920043 0.391818 0.000000 167.660094 -0.391818 0.920043 0.000000 -41.462996 0.000000 0.000000 1.000000 0.000000
0.920818 0.389992 0.000000 168.218787 -0.389992 0.920818 0.000000 -41.715142 0.000000 0.000000 1.000000 0.000000
0.922341 0.386376 0.000000 168.722970 -0.386376 0.922341 0.000000 -41.890211 0.000000 0.000000 1.000000 0.000000
0.923471 0.383668 0.000000 169.408116 -0.383668 0.923471 0.000000 -42.154047 0.000000 0.000000 1.000000 0.000000
0.922850 0.385160 0.000000 169.904048 -0.385160 0.922850 0.000000 -42.322246 0.000000 0.000000 1.000000 0.000000
0.922809 0.385257 0.000000 170.329115 -0.385257 0.922809 0.000000 -42.523128 0.000000 0.000000 1.000000 0.000000
0.921933 0.387351 0.000000 170.871912 -0.387351 0.921933 0.000000 -42.720534 0.000000 0.000000 1.000000 0.000000
0.921899 0.387429 0.000000 171.532581 -0.387429 0.921899 0.000000 -43.012298 0.000000 0.000000 1.000000 0.000000
0.923253 0.384192 0.000000 172.551730 -0.384192 0.923253 0.000000 -43.455818 0.000000 0.000000 1.000000 0.000000
0.923965 0.382478 0.000000 173.121193 -0.382478 0.923965 0.000000 -43.682745 0.000000 0.000000 1.000000 0.000000
0.924454 0.381293 0.000000 173.678877 -0.381293 0.924454 0.000000 -43.905789 0.000000 0.000000 1.000000 0.000000
0.923707 0.383099 0.000000 174.208087 -0.383099 0.923707 0.000000 -44.138561 0.000000 0.000000 1.000000 0.000000
0.924006 0.382379 0.000000 174.728190 -0.382379 0.924006 0.000000 -44.371503 0.000000 0.000000 1.000000 0.000000
0.924200 0.381909 0.000000 175.253034 -0.381909 0.924200 0.000000 -44.606596 0.000000 0.000000 1.000000 0.000000
0.923313 0.384049 0.000000 175.775319 -0.384049 0.923313 0.000000 -44.837482 0.000000 0.000000 1.000000 0.000000
0.923360 0.383935 0.000000 176.281101 -0.383935 0.923360 0.000000 -45.047370 0.000000 0.000000 1.000000 0.000000
0.922834 0.385198 0.000000 176.743755 -0.385198 0.922834 0.000000 -45.252289 0.000000 0.000000 1.000000 0.000000
0.922360 0.386331 0.000000 177.196655 -0.386331 0.922360 0.000000 -45.464406 0.000000 0.000000 1.000000 0.000000
0.922482 0.386041 0.000000 177.716606 -0.386041 0.922482 0.000000 -45.693107 0.000000 0.000000 1.000000 0.000000
0.922625 0.385699 0.000000 178.186994 -0.385699 0.922625 0.000000 -45.908235 0.000000 0.000000 1.000000 0.000000
0.923203 0.384313 0.000000 178.614709 -0.384313 0.923203 0.000000 -46.162986 0.000000 0.000000 1.000000 0.000000
0.923638 0.383266 0.000000 179.112940 -0.383266 0.923638 0.000000 -46.376384 0.000000 0.000000 1.000000 0.000000
0.923051 0.384678 0.000000 179.645602 -0.384678 0.923051 0.000000 -46.633115 0.000000 0.000000 1.000000 0.000000
0.922881 0.385086 0.000000 180.079688 -0.385086 0.922881 0.000000 -46.812301 0.000000 0.000000 1.000000 0.000000
0.923975 0.382453 0.000000 180.545872 -0.382453 0.923975 0.000000 -47.018688 0.000000 0.000000 1.000000 0.000000
0.924451 0.381302 0.000000 181.027511 -0.381302 0.924451 0.000000 -47.240553 0.000000 0.000000 1.000000 0.000000
0.924529 0.381112 0.000000 181.538176 -0.381112 0.924529 0.000000 -47.478877 0.000000 0.000000 1.000000 0.000000
0.923983 0.382433 0.000000 182.013089 -0.382433 0.923983 0.000000 -47.655698 0.000000 0.000000 1.000000 0.000000
0.923432 0.383762 0.000000 182.528080 -0.383762 0.923432 0.000000 -47.851321 0.000000 0.000000 1.000000 0.000000
0.923847 0.382762 0.000000 183.155172 -0.382762 0.923847 0.000000 -48.104692 0.000000 0.000000 1.000000 0.000000
0.925620 0.378455 0.000000 183.664984 -0.378455 0.925620 0.000000 -48.310701 0.000000 0.000000 1.000000 0.000000
0.927199 0.374568 0.000000 184.144600 -0.374568 0.927199 0.000000 -48.481653 0.000000 0.000000 1.000000 0.000000
0.927601 0.373572 0.000000 184.614843 -0.373572 0.927601 0.000000 -48.644125 0.000000 0.000000 1.000000 0.000000
0.930060 0.367409 0.000000 185.288900 -0.367409 0.930060 0.000000 -48.917842 0.000000 0.000000 1.000000 0.000000
0.930858 0.365381 0.000000 185.740476 -0.365381 0.930858 0.000000 -49.127726 0.000000 0.000000 1.000000 0.000000
0.931836 0.362879 0.000000 186.209516 -0.362879 0.931836 0.000000 -49.365976 0.000000 0.000000 1.000000 0.000000
0.932089 0.362229 0.000000 186.678110 -0.362229 0.932089 0.000000 -49.589390 0.000000 0.000000 1.000000 0.000000
0.934791 0.355197 0.000000 187.166887 -0.355197 0.934791 0.000000 -49.779776 0.000000 0.000000 1.000000 0.000000
0.938995 0.343930 0.000000 188.149581 -0.343930 0.938995 0.000000 -50.173273 0.000000 0.000000 1.000000 0.000000
0.940510 0.339766 0.000000 188.611647 -0.339766 0.940510 0.000000 -50.284595 0.000000 0.000000 1.000000 0.000000
0.943480 0.331429 0.000000 189.076311 -0.331429 0.943480 0.000000 -50.469668 0.000000 0.000000 1.000000 0.000000
0.946224 0.323511 0.000000 189.503020 -0.323511 0.946224 0.000000 -50.631877 0.000000 0.000000 1.000000 0.000000
0.948498 0.316783 0.000000 189.983833 -0.316783 0.948498 0.000000 -50.768806 0.000000 0.000000 1.000000 0.000000
0.951255 0.308405 0.000000 190.438542 -0.308405 0.951255 0.000000 -50.913391 0.000000 0.000000 1.000000 0.000000
0.956897 0.290429 0.000000 191.314265 -0.290429 0.956897 0.000000 -51.169981 0.000000 0.000000 1.000000 0.000000
0.959163 0.282854 0.000000 191.775432 -0.282854 0.959163 0.000000 -51.291214 0.000000 0.000000 1.000000 0.000000
0.961980 0.273121 0.000000 192.219333 -0.273121 0.961980 0.000000 -51.406916 0.000000 0.000000 1.000000 0.000000
0.964856 0.262778 0.000000 192.845480 -0.262778 0.964856 0.000000 -51.598914 0.000000 0.000000 1.000000 0.000000
0.967493 0.252898 0.000000 193.276678 -0.252898 0.967493 0.000000 -51.747766 0.000000 0.000000 1.000000 0.000000
0.969893 0.243531 0.000000 193.760861 -0.243531 0.969893 0.000000 -51.865953 0.000000 0.000000 1.000000 0.000000
0.972068 0.234700 0.000000 194.200292 -0.234700 0.972068 0.000000 -51.952399 0.000000 0.000000 1.000000 0.000000
0.973934 0.226832 0.000000 194.634075 -0.226832 0.973934 0.000000 -52.062423 0.000000 0.000000 1.000000 0.000000
0.977042 0.213047 0.000000 195.047086 -0.213047 0.977042 0.000000 -52.165355 0.000000 0.000000 1.000000 0.000000
