1.000000 -0.000625 0.000000 0.831447 0.000625 1.000000 0.000000 -0.024797 0.000000 0.000000 1.000000 0.000000
1.000000 0.000714 0.000000 1.417123 -0.000714 1.000000 0.000000 -0.036080 0.000000 0.000000 1.000000 0.000000
1.000000 0.000360 0.000000 2.043574 -0.000360 1.000000 0.000000 -0.053924 0.000000 0.000000 1.000000 0.000000
0.999991 -0.004330 0.000000 2.971211 0.004330 0.999991 0.000000 -0.090929 0.000000 0.000000 1.000000 0.000000
0.999983 -0.005765 0.000000 3.595573 0.005765 0.999983 0.000000 -0.113148 0.000000 0.000000 1.000000 0.000000
0.999966 -0.008297 0.000000 4.226733 0.008297 0.999966 0.000000 -0.134243 0.000000 0.000000 1.000000 0.000000
0.999967 -0.008130 0.000000 4.847725 0.008130 0.999967 0.000000 -0.146346 0.000000 0.000000 1.000000 0.000000
0.999981 -0.006196 0.000000 6.099017 0.006196 0.999981 0.000000 -0.180307 0.000000 0.000000 1.000000 0.000000
0.999947 -0.010268 0.000000 6.724753 0.010268 0.999947 0.000000 -0.194491 0.000000 0.000000 1.000000 0.000000
0.999921 -0.012550 0.000000 7.351557 0.012550 0.999921 0.000000 -0.198406 0.000000 0.000000 1.000000 0.000000
0.999905 -0.013765 0.000000 7.981763 0.013765 0.999905 0.000000 -0.208622 0.000000 0.000000 1.000000 0.000000
0.999892 -0.014693 0.000000 8.647693 0.014693 0.999892 0.000000 -0.222748 0.000000 0.000000 1.000000 0.000000
0.999891 -0.014765 0.000000 9.267365 0.014765 0.999891 0.000000 -0.235610 0.000000 0.000000 1.000000 0.000000
0.999889 -0.014884 0.000000 9.889791 0.014884 0.999889 0.000000 -0.240745 0.000000 0.000000 1.000000 0.000000
0.999867 -0.016307 0.000000 10.516318 0.016307 0.999867 0.000000 -0.246814 0.000000 0.000000 1.000000 0.000000
0.999830 -0.018463 0.000000 11.138097 0.018463 0.999830 0.000000 -0.254212 0.000000 0.000000 1.000000 0.000000
0.999832 -0.018335 0.000000 11.757760 0.018335 0.999832 0.000000 -0.256050 0.000000 0.000000 1.000000 0.000000
0.999820 -0.018994 0.000000 12.383960 0.018994 0.999820 0.000000 -0.265583 0.000000 0.000000 1.000000 0.000000
0.999831 -0.018366 0.000000 13.000004 0.018366 0.999831 0.000000 -0.269238 0.000000 0.000000 1.000000 0.000000
0.999819 -0.019040 0.000000 13.649724 0.019040 0.999819 0.000000 -0.276420 0.000000 0.000000 1.000000 0.000000
0.999812 -0.019415 0.000000 14.231083 0.019415 0.999812 0.000000 -0.278570 0.000000 0.000000 1.000000 0.000000
0.999819 -0.019015 0.000000 14.851959 0.019015 0.999819 0.000000 -0.285073 0.000000 0.000000 1.000000 0.000000
0.999777 -0.021128 0.000000 15.469056 0.021128 0.999777 0.000000 -0.297812 0.000000 0.000000 1.000000 0.000000
0.999711 -0.024022 0.000000 16.114509 0.024022 0.999711 0.000000 -0.299791 0.000000 0.000000 1.000000 0.000000
0.999611 -0.027895 0.000000 16.736344 0.027895 0.999611 0.000000 -0.303029 0.000000 0.000000 1.000000 0.000000
0.999528 -0.030723 0.000000 17.364540 0.030723 0.999528 0.000000 -0.304160 0.000000 0.000000 1.000000 0.000000
0.999593 -0.028517 0.000000 17.981035 0.028517 0.999593 0.000000 -0.298820 0.000000 0.000000 1.000000 0.000000
0.999596 -0.028417 0.000000 18.607025 0.028417 0.999596 0.000000 -0.299619 0.000000 0.000000 1.000000 0.000000
0.999586 -0.028762 0.000000 19.224084 0.028762 0.999586 0.000000 -0.299684 0.000000 0.000000 1.000000 0.000000
0.999565 -0.029479 0.000000 19.827134 0.029479 0.999565 0.000000 -0.299949 0.000000 0.000000 1.000000 0.000000
0.999567 -0.029419 0.000000 20.448835 0.029419 0.999567 0.000000 -0.298821 0.000000 0.000000 1.000000 0.000000
0.999590 -0.028649 0.000000 21.074038 0.028649 0.999590 0.000000 -0.295606 0.000000 0.000000 1.000000 0.000000
0.999562 -0.029603 0.000000 21.653862 0.029603 0.999562 0.000000 -0.295470 0.000000 0.000000 1.000000 0.000000
0.999484 -0.032109 0.000000 22.283020 0.032109 0.999484 0.000000 -0.295737 0.000000 0.000000 1.000000 0.000000
0.999413 -0.034267 0.000000 22.891668 0.034267 0.999413 0.000000 -0.296854 0.000000 0.000000 1.000000 0.000000
0.999388 -0.034983 0.000000 23.482109 0.034983 0.999388 0.000000 -0.300172 0.000000 0.000000 1.000000 0.000000
0.999391 -0.034895 0.000000 24.103324 0.034895 0.999391 0.000000 -0.299160 0.000000 0.000000 1.000000 0.000000
0.999404 -0.034520 0.000000 24.730753 0.034520 0.999404 0.000000 -0.297313 0.000000 0.000000 1.000000 0.000000
0.999458 -0.032907 0.000000 25.347510 0.032907 0.999458 0.000000 -0.291766 0.000000 0.000000 1.000000 0.000000
0.999579 -0.028999 0.000000 25.931202 0.028999 0.999579 0.000000 -0.286815 0.000000 0.000000 1.000000 0.000000
0.999660 -0.026084 0.000000 26.555409 0.026084 0.999660 0.000000 -0.286966 0.000000 0.000000 1.000000 0.000000
0.999698 -0.024593 0.000000 27.140592 0.024593 0.999698 0.000000 -0.285396 0.000000 0.000000 1.000000 0.000000
0.999688 -0.024986 0.000000 27.765746 0.024986 0.999688 0.000000 -0.285981 0.000000 0.000000 1.000000 0.000000
0.999678 -0.025375 0.000000 28.402091 0.025375 0.999678 0.000000 -0.287796 0.000000 0.000000 1.000000 0.000000
0.999713 -0.023942 0.000000 29.219857 0.023942 0.999713 0.000000 -0.284958 0.000000 0.000000 1.000000 0.000000
0.999754 -0.022158 0.000000 29.859581 0.022158 0.999754 0.000000 -0.278750 0.000000 0.000000 1.000000 0.000000
0.999797 -0.020169 0.000000 30.497081 0.020169 0.999797 0.000000 -0.275458 0.000000 0.000000 1.000000 0.000000
0.999841 -0.017835 0.000000 31.130421 0.017835 0.999841 0.000000 -0.275444 0.000000 0.000000 1.000000 0.000000
0.999844 -0.017656 0.000000 31.755604 0.017656 0.999844 0.000000 -0.281148 0.000000 0.000000 1.000000 0.000000
0.999868 -0.016259 0.000000 32.392699 0.016259 0.999868 0.000000 -0.280871 0.000000 0.000000 1.000000 0.000000
0.999905 -0.013760 0.000000 33.026426 0.013760 0.999905 0.000000 -0.285380 0.000000 0.000000 1.000000 0.000000
0.999954 -0.009580 0.000000 33.666561 0.009580 0.999954 0.000000 -0.287598 0.000000 0.000000 1.000000 0.000000
0.999965 -0.008364 0.000000 34.302251 0.008364 0.999965 0.000000 -0.300101 0.000000 0.000000 1.000000 0.000000
0.999978 -0.006573 0.000000 34.939460 0.006573 0.999978 0.000000 -0.305467 0.000000 0.000000 1.000000 0.000000
0.999986 -0.005202 0.000000 35.572479 0.005202 0.999986 0.000000 -0.316605 0.000000 0.000000 1.000000 0.000000
0.999994 -0.003415 0.000000 36.208679 0.003415 0.999994 0.000000 -0.328507 0.000000 0.000000 1.000000 0.000000
0.999999 -0.001441 0.000000 36.847362 0.001441 0.999999 0.000000 -0.340151 0.000000 0.000000 1.000000 0.000000
0.999999 -0.001236 0.000000 37.483161 0.001236 0.999999 0.000000 -0.359796 0.000000 0.000000 1.000000 0.000000
1.000000 0.000028 0.000000 38.080568 -0.000028 1.000000 0.000000 -0.376890 0.000000 0.000000 1.000000 0.000000
0.999992 0.004059 0.000000 38.721804 -0.004059 0.999992 0.000000 -0.389457 0.000000 0.000000 1.000000 0.000000
0.999983 0.005888 0.000000 39.346999 -0.005888 0.999983 0.000000 -0.407158 0.000000 0.000000 1.000000 0.000000
0.999984 0.005611 0.000000 39.992918 -0.005611 0.999984 0.000000 -0.432003 0.000000 0.000000 1.000000 0.000000
0.999978 0.006647 0.000000 40.630939 -0.006647 0.999978 0.000000 -0.450820 0.000000 0.000000 1.000000 0.000000
0.999971 0.007629 0.000000 41.264185 -0.007629 0.999971 0.000000 -0.472648 0.000000 0.000000 1.000000 0.000000
0.999970 0.007727 0.000000 41.899981 -0.007727 0.999970 0.000000 -0.494133 0.000000 0.000000 1.000000 0.000000
0.999965 0.008393 0.000000 42.539532 -0.008393 0.999965 0.000000 -0.511882 0.000000 0.000000 1.000000 0.000000
0.999941 0.010896 0.000000 43.186393 -0.010896 0.999941 0.000000 -0.529789 0.000000 0.000000 1.000000 0.000000
0.999926 0.012131 0.000000 43.829290 -0.012131 0.999926 0.000000 -0.553215 0.000000 0.000000 1.000000 0.000000
0.999933 0.011580 0.000000 44.479056 -0.011580 0.999933 0.000000 -0.583857 0.000000 0.000000 1.000000 0.000000
0.999926 0.012132 0.000000 45.091799 -0.012132 0.999926 0.000000 -0.604714 0.000000 0.000000 1.000000 0.000000
0.999940 0.010949 0.000000 45.746789 -0.010949 0.999940 0.000000 -0.626313 0.000000 0.000000 1.000000 0.000000
0.999944 0.010555 0.000000 46.402013 -0.010555 0.999944 0.000000 -0.642353 0.000000 0.000000 1.000000 0.000000
0.999943 0.010706 0.000000 47.064389 -0.010706 0.999943 0.000000 -0.668035 0.000000 0.000000 1.000000 0.000000
0.999967 0.008159 0.000000 47.724572 -0.008159 0.999967 0.000000 -0.693752 0.000000 0.000000 1.000000 0.000000
0.999969 0.007841 0.000000 48.372050 -0.007841 0.999969 0.000000 -0.713354 0.000000 0.000000 1.000000 0.000000
0.999961 0.008786 0.000000 48.993429 -0.008786 0.999961 0.000000 -0.729807 0.000000 0.000000 1.000000 0.000000
0.999937 0.011206 0.000000 49.648823 -0.011206 0.999937 0.000000 -0.745142 0.000000 0.000000 1.000000 0.000000
0.999914 0.013133 0.000000 50.306711 -0.013133 0.999914 0.000000 -0.767455 0.000000 0.000000 1.000000 0.000000
0.999896 0.014442 0.000000 50.972122 -0.014442 0.999896 0.000000 -0.790116 0.000000 0.000000 1.000000 0.000000
0.999925 0.012211 0.000000 51.629486 -0.012211 0.999925 0.000000 -0.814195 0.000000 0.000000 1.000000 0.000000
0.999947 0.010256 0.000000 52.282886 -0.010256 0.999947 0.000000 -0.832482 0.000000 0.000000 1.000000 0.000000
0.999951 0.009896 0.000000 53.310189 -0.009896 0.999951 0.000000 -0.873408 0.000000 0.000000 1.000000 0.000000
0.999958 0.009145 0.000000 53.998239 -0.009145 0.999958 0.000000 -0.896927 0.000000 0.000000 1.000000 0.000000
0.999960 0.008906 0.000000 54.631796 -0.008906 0.999960 0.000000 -0.920215 0.000000 0.000000 1.000000 0.000000
0.999956 0.009416 0.000000 55.288354 -0.009416 0.999956 0.000000 -0.946012 0.000000 0.000000 1.000000 0.000000
0.999948 0.010176 0.000000 55.947102 -0.010176 0.999948 0.000000 -0.970058 0.000000 0.000000 1.000000 0.000000
0.999963 0.008619 0.000000 56.603447 -0.008619 0.999963 0.000000 -0.994508 0.000000 0.000000 1.000000 0.000000
0.999968 0.008020 0.000000 57.256991 -0.008020 0.999968 0.000000 -1.020142 0.000000 0.000000 1.000000 0.000000
0.999972 0.007429 0.000000 57.905877 -0.007429 0.999972 0.000000 -1.039373 0.000000 0.000000 1.000000 0.000000
0.999986 0.005298 0.000000 59.248004 -0.005298 0.999986 0.000000 -1.079898 0.000000 0.000000 1.000000 0.000000
0.999997 0.002579 0.000000 59.895955 -0.002579 0.999997 0.000000 -1.095373 0.000000 0.000000 1.000000 0.000000
1.000000 0.000867 0.000000 60.536603 -0.000867 1.000000 0.000000 -1.109850 0.000000 0.000000 1.000000 0.000000
0.999999 0.001543 0.000000 61.172906 -0.001543 0.999999 0.000000 -1.129863 0.000000 0.000000 1.000000 0.000000
0.999996 0.002833 0.000000 61.807711 -0.002833 0.999996 0.000000 -1.151503 0.000000 0.000000 1.000000 0.000000
0.999997 0.002510 0.000000 62.477663 -0.002510 0.999997 0.000000 -1.174887 0.000000 0.000000 1.000000 0.000000
0.999995 0.003258 0.000000 63.109023 -0.003258 0.999995 0.000000 -1.192139 0.000000 0.000000 1.000000 0.000000
0.999991 0.004291 0.000000 63.714027 -0.004291 0.999991 0.000000 -1.208857 0.000000 0.000000 1.000000 0.000000
0.999988 0.004889 0.000000 64.345340 -0.004889 0.999988 0.000000 -1.230788 0.000000 0.000000 1.000000 0.000000
0.999984 0.005652 0.000000 64.930701 -0.005652 0.999984 0.000000 -1.252241 0.000000 0.000000 1.000000 0.000000
0.999983 0.005895 0.000000 65.557784 -0.005895 0.999983 0.000000 -1.277244 0.000000 0.000000 1.000000 0.000000
0.999985 0.005437 0.000000 66.184398 -0.005437 0.999985 0.000000 -1.304592 0.000000 0.000000 1.000000 0.000000
0.999985 0.005403 0.000000 66.766266 -0.005403 0.999985 0.000000 -1.328847 0.000000 0.000000 1.000000 0.000000
0.999991 0.004186 0.000000 67.389735 -0.004186 0.999991 0.000000 -1.355978 0.000000 0.000000 1.000000 0.000000
0.999992 0.004082 0.000000 68.002431 -0.004082 0.999992 0.000000 -1.380422 0.000000 0.000000 1.000000 0.000000
0.999993 0.003662 0.000000 68.574071 -0.003662 0.999993 0.000000 -1.404711 0.000000 0.000000 1.000000 0.000000
0.999992 0.004006 0.000000 69.187511 -0.004006 0.999992 0.000000 -1.424165 0.000000 0.000000 1.000000 0.000000
0.999977 0.006782 0.000000 69.759052 -0.006782 0.999977 0.000000 -1.438309 0.000000 0.000000 1.000000 0.000000
0.999965 0.008369 0.000000 70.370298 -0.008369 0.999965 0.000000 -1.457295 0.000000 0.000000 1.000000 0.000000
0.999960 0.008910 0.000000 70.978178 -0.008910 0.999960 0.000000 -1.479312 0.000000 0.000000 1.000000 0.000000
0.999947 0.010268 0.000000 71.820391 -0.010268 0.999947 0.000000 -1.513901 0.000000 0.000000 1.000000 0.000000
0.999929 0.011927 0.000000 72.419708 -0.011927 0.999929 0.000000 -1.540286 0.000000 0.000000 1.000000 0.000000
0.999945 0.010455 0.000000 73.015743 -0.010455 0.999945 0.000000 -1.563496 0.000000 0.000000 1.000000 0.000000
0.999960 0.008989 0.000000 73.615730 -0.008989 0.999960 0.000000 -1.581759 0.000000 0.000000 1.000000 0.000000
0.999971 0.007591 0.000000 74.209801 -0.007591 0.999971 0.000000 -1.599557 0.000000 0.000000 1.000000 0.000000
0.999984 0.005616 0.000000 74.801706 -0.005616 0.999984 0.000000 -1.615984 0.000000 0.000000 1.000000 0.000000
0.999983 0.005888 0.000000 75.435895 -0.005888 0.999983 0.000000 -1.633745 0.000000 0.000000 1.000000 0.000000
0.999985 0.005548 0.000000 76.033523 -0.005548 0.999985 0.000000 -1.654563 0.000000 0.000000 1.000000 0.000000
0.999978 0.006662 0.000000 76.628580 -0.006662 0.999978 0.000000 -1.674962 0.000000 0.000000 1.000000 0.000000
0.999977 0.006815 0.000000 77.813995 -0.006815 0.999977 0.000000 -1.719159 0.000000 0.000000 1.000000 0.000000
0.999971 0.007574 0.000000 78.399125 -0.007574 0.999971 0.000000 -1.739283 0.000000 0.000000 1.000000 0.000000
0.999956 0.009353 0.000000 78.983289 -0.009353 0.999956 0.000000 -1.766988 0.000000 0.000000 1.000000 0.000000
0.999955 0.009482 0.000000 79.561938 -0.009482 0.999955 0.000000 -1.795363 0.000000 0.000000 1.000000 0.000000
0.999940 0.010923 0.000000 80.145033 -0.010923 0.999940 0.000000 -1.819648 0.000000 0.000000 1.000000 0.000000
0.999935 0.011379 0.000000 80.721838 -0.011379 0.999935 0.000000 -1.849446 0.000000 0.000000 1.000000 0.000000
0.999953 0.009695 0.000000 81.295793 -0.009695 0.999953 0.000000 -1.877071 0.000000 0.000000 1.000000 0.000000
0.999963 0.008559 0.000000 81.866702 -0.008559 0.999963 0.000000 -1.900402 0.000000 0.000000 1.000000 0.000000
0.999958 0.009158 0.000000 82.431307 -0.009158 0.999958 0.000000 -1.926064 0.000000 0.000000 1.000000 0.000000
0.999955 0.009441 0.000000 82.988132 -0.009441 0.999955 0.000000 -1.953024 0.000000 0.000000 1.000000 0.000000
0.999955 0.009443 0.000000 83.544074 -0.009443 0.999955 0.000000 -1.976665 0.000000 0.000000 1.000000 0.000000
0.999953 0.009684 0.000000 84.086413 -0.009684 0.999953 0.000000 -2.004071 0.000000 0.000000 1.000000 0.000000
0.999936 0.011313 0.000000 84.629834 -0.011313 0.999936 0.000000 -2.030243 0.000000 0.000000 1.000000 0.000000
0.999917 0.012904 0.000000 85.144669 -0.012904 0.999917 0.000000 -2.054908 0.000000 0.000000 1.000000 0.000000
0.999878 0.015604 0.000000 85.688313 -0.015604 0.999878 0.000000 -2.077533 0.000000 0.000000 1.000000 0.000000
0.999829 0.018503 0.000000 86.216196 -0.018503 0.999829 0.000000 -2.096593 0.000000 0.000000 1.000000 0.000000
0.999812 0.019381 0.000000 86.724805 -0.019381 0.999812 0.000000 -2.121300 0.000000 0.000000 1.000000 0.000000
0.999817 0.019116 0.000000 87.259770 -0.019116 0.999817 0.000000 -2.153270 0.000000 0.000000 1.000000 0.000000
0.999816 0.019205 0.000000 87.784642 -0.019205 0.999816 0.000000 -2.179504 0.000000 0.000000 1.000000 0.000000
0.999802 0.019921 0.000000 88.272116 -0.019921 0.999802 0.000000 -2.206693 0.000000 0.000000 1.000000 0.000000
0.999757 0.022022 0.000000 88.800600 -0.022022 0.999757 0.000000 -2.234463 0.000000 0.000000 1.000000 0.000000
0.999764 0.021721 0.000000 89.318699 -0.021721 0.999764 0.000000 -2.263965 0.000000 0.000000 1.000000 0.000000
0.999756 0.022105 0.000000 89.801306 -0.022105 0.999756 0.000000 -2.287990 0.000000 0.000000 1.000000 0.000000
0.999730 0.023256 0.000000 90.322192 -0.023256 0.999730 0.000000 -2.311218 0.000000 0.000000 1.000000 0.000000
0.999686 0.025075 0.000000 90.842157 -0.025075 0.999686 0.000000 -2.335990 0.000000 0.000000 1.000000 0.000000
0.999659 0.026118 0.000000 91.326791 -0.026118 0.999659 0.000000 -2.364816 0.000000 0.000000 1.000000 0.000000
0.999659 0.026104 0.000000 91.835720 -0.026104 0.999659 0.000000 -2.397164 0.000000 0.000000 1.000000 0.000000
0.999622 0.027498 0.000000 92.314378 -0.027498 0.999622 0.000000 -2.425650 0.000000 0.000000 1.000000 0.000000
0.999609 0.027962 0.000000 92.823320 -0.027962 0.999609 0.000000 -2.458344 0.000000 0.000000 1.000000 0.000000
0.999627 0.027323 0.000000 93.486102 -0.027323 0.999627 0.000000 -2.497592 0.000000 0.000000 1.000000 0.000000
0.999626 0.027336 0.000000 93.983829 -0.027336 0.999626 0.000000 -2.524821 0.000000 0.000000 1.000000 0.000000
0.999611 0.027873 0.000000 94.480136 -0.027873 0.999611 0.000000 -2.548859 0.000000 0.000000 1.000000 0.000000
0.999617 0.027668 0.000000 94.974231 -0.027668 0.999617 0.000000 -2.574389 0.000000 0.000000 1.000000 0.000000
0.999658 0.026166 0.000000 95.457994 -0.026166 0.999658 0.000000 -2.606754 0.000000 0.000000 1.000000 0.000000
0.999679 0.025317 0.000000 95.938516 -0.025317 0.999679 0.000000 -2.641549 0.000000 0.000000 1.000000 0.000000
0.999631 0.027165 0.000000 96.406860 -0.027165 0.999631 0.000000 -2.668685 0.000000 0.000000 1.000000 0.000000
0.999478 0.032291 0.000000 97.363514 -0.032291 0.999478 0.000000 -2.734229 0.000000 0.000000 1.000000 0.000000
0.999437 0.033538 0.000000 97.832384 -0.033538 0.999437 0.000000 -2.770179 0.000000 0.000000 1.000000 0.000000
0.999320 0.036873 0.000000 98.305777 -0.036873 0.999320 0.000000 -2.805884 0.000000 0.000000 1.000000 0.000000
0.999284 0.037822 0.000000 98.772014 -0.037822 0.999284 0.000000 -2.847670 0.000000 0.000000 1.000000 0.000000
0.999187 0.040318 0.000000 99.245692 -0.040318 0.999187 0.000000 -2.884973 0.000000 0.000000 1.000000 0.000000
0.999134 0.041601 0.000000 99.707778 -0.041601 0.999134 0.000000 -2.926830 0.000000 0.000000 1.000000 0.000000
0.999025 0.044141 0.000000 100.172220 -0.044141 0.999025 0.000000 -2.967056 0.000000 0.000000 1.000000 0.000000
0.998809 0.048789 0.000000 100.635433 -0.048789 0.998809 0.000000 -3.000784 0.000000 0.000000 1.000000 0.000000
0.998684 0.051291 0.000000 101.093755 -0.051291 0.998684 0.000000 -3.039891 0.000000 0.000000 1.000000 0.000000
0.998562 0.053609 0.000000 101.553212 -0.053609 0.998562 0.000000 -3.081177 0.000000 0.000000 1.000000 0.000000
0.998470 0.055294 0.000000 101.978314 -0.055294 0.998470 0.000000 -3.122402 0.000000 0.000000 1.000000 0.000000
0.998408 0.056407 0.000000 102.427475 -0.056407 0.998408 0.000000 -3.164320 0.000000 0.000000 1.000000 0.000000
0.998390 0.056727 0.000000 102.866725 -0.056727 0.998390 0.000000 -3.211054 0.000000 0.000000 1.000000 0.000000
0.998252 0.059100 0.000000 103.306218 -0.059100 0.998252 0.000000 -3.255509 0.000000 0.000000 1.000000 0.000000
0.998133 0.061085 0.000000 103.734053 -0.061085 0.998133 0.000000 -3.294259 0.000000 0.000000 1.000000 0.000000
0.997832 0.065814 0.000000 104.161736 -0.065814 0.997832 0.000000 -3.331755 0.000000 0.000000 1.000000 0.000000
0.997501 0.070651 0.000000 104.580470 -0.070651 0.997501 0.000000 -3.366605 0.000000 0.000000 1.000000 0.000000
0.997348 0.072776 0.000000 104.993447 -0.072776 0.997348 0.000000 -3.404636 0.000000 0.000000 1.000000 0.000000
0.997456 0.071288 0.000000 105.402716 -0.071288 0.997456 0.000000 -3.450312 0.000000 0.000000 1.000000 0.000000
0.997384 0.072290 0.000000 105.822675 -0.072290 0.997384 0.000000 -3.491497 0.000000 0.000000 1.000000 0.000000
0.997355 0.072690 0.000000 106.216732 -0.072690 0.997355 0.000000 -3.535302 0.000000 0.000000 1.000000 0.000000
0.997108 0.075998 0.000000 106.615324 -0.075998 0.997108 0.000000 -3.575099 0.000000 0.000000 1.000000 0.000000
0.996730 0.080809 0.000000 107.001482 -0.080809 0.996730 0.000000 -3.612464 0.000000 0.000000 1.000000 0.000000
0.996573 0.082722 0.000000 107.402216 -0.082722 0.996573 0.000000 -3.660074 0.000000 0.000000 1.000000 0.000000
0.996460 0.084066 0.000000 107.792979 -0.084066 0.996460 0.000000 -3.703056 0.000000 0.000000 1.000000 0.000000
0.996212 0.086963 0.000000 108.169111 -0.086963 0.996212 0.000000 -3.744870 0.000000 0.000000 1.000000 0.000000
0.995847 0.091039 0.000000 108.583803 -0.091039 0.995847 0.000000 -3.789524 0.000000 0.000000 1.000000 0.000000
0.995513 0.094630 0.000000 108.981355 -0.094630 0.995513 0.000000 -3.835567 0.000000 0.000000 1.000000 0.000000
0.995189 0.097971 0.000000 109.544563 -0.097971 0.995189 0.000000 -3.911213 0.000000 0.000000 1.000000 0.000000
0.995015 0.099724 0.000000 109.956070 -0.099724 0.995015 0.000000 -3.968549 0.000000 0.000000 1.000000 0.000000
0.994813 0.101723 0.000000 110.369697 -0.101723 0.994813 0.000000 -4.022522 0.000000 0.000000 1.000000 0.000000
0.994588 0.103899 0.000000 110.785973 -0.103899 0.994588 0.000000 -4.084733 0.000000 0.000000 1.000000 0.000000
0.994441 0.105292 0.000000 111.206202 -0.105292 0.994441 0.000000 -4.138917 0.000000 0.000000 1.000000 0.000000
0.994425 0.105445 0.000000 111.624227 -0.105445 0.994425 0.000000 -4.197829 0.000000 0.000000 1.000000 0.000000
0.994221 0.107354 0.000000 112.044113 -0.107354 0.994221 0.000000 -4.256396 0.000000 0.000000 1.000000 0.000000
0.993640 0.112600 0.000000 112.467969 -0.112600 0.993640 0.000000 -4.312546 0.000000 0.000000 1.000000 0.000000
0.993216 0.116282 0.000000 113.198832 -0.116282 0.993216 0.000000 -4.429601 0.000000 0.000000 1.000000 0.000000
0.993305 0.115519 0.000000 113.620873 -0.115519 0.993305 0.000000 -4.497839 0.000000 0.000000 1.000000 0.000000
0.993217 0.116279 0.000000 114.057314 -0.116279 0.993217 0.000000 -4.561883 0.000000 0.000000 1.000000 0.000000
0.993277 0.115762 0.000000 114.486013 -0.115762 0.993277 0.000000 -4.622330 0.000000 0.000000 1.000000 0.000000
0.993105 0.117226 0.000000 114.923279 -0.117226 0.993105 0.000000 -4.674314 0.000000 0.000000 1.000000 0.000000
0.992886 0.119073 0.000000 115.358872 -0.119073 0.992886 0.000000 -4.730698 0.000000 0.000000 1.000000 0.000000
0.992960 0.118449 0.000000 115.800103 -0.118449 0.992960 0.000000 -4.791640 0.000000 0.000000 1.000000 0.000000
0.992951 0.118530 0.000000 116.244025 -0.118530 0.992951 0.000000 -4.855298 0.000000 0.000000 1.000000 0.000000
0.992925 0.118746 0.000000 116.683038 -0.118746 0.992925 0.000000 -4.922529 0.000000 0.000000 1.000000 0.000000
0.992592 0.121495 0.000000 117.129083 -0.121495 0.992592 0.000000 -4.991014 0.000000 0.000000 1.000000 0.000000
0.992432 0.122792 0.000000 117.574349 -0.122792 0.992432 0.000000 -5.060741 0.000000 0.000000 1.000000 0.000000
0.992495 0.122281 0.000000 118.397211 -0.122281 0.992495 0.000000 -5.188199 0.000000 0.000000 1.000000 0.000000
0.992288 0.123951 0.000000 118.852523 -0.123951 0.992288 0.000000 -5.254023 0.000000 0.000000 1.000000 0.000000
0.992117 0.125316 0.000000 119.301672 -0.125316 0.992117 0.000000 -5.327134 0.000000 0.000000 1.000000 0.000000
0.991905 0.126982 0.000000 119.757827 -0.126982 0.991905 0.000000 -5.405800 0.000000 0.000000 1.000000 0.000000
0.991738 0.128283 0.000000 120.216765 -0.128283 0.991738 0.000000 -5.484453 0.000000 0.000000 1.000000 0.000000
0.991604 0.129311 0.000000 120.678621 -0.129311 0.991604 0.000000 -5.565122 0.000000 0.000000 1.000000 0.000000
0.991155 0.132710 0.000000 121.143578 -0.132710 0.991155 0.000000 -5.640434 0.000000 0.000000 1.000000 0.000000
0.990531 0.137287 0.000000 121.612109 -0.137287 0.990531 0.000000 -5.715739 0.000000 0.000000 1.000000 0.000000
0.989891 0.141828 0.000000 122.113238 -0.141828 0.989891 0.000000 -5.799443 0.000000 0.000000 1.000000 0.000000
0.989741 0.142873 0.000000 122.556080 -0.142873 0.989741 0.000000 -5.879048 0.000000 0.000000 1.000000 0.000000
0.989495 0.144568 0.000000 123.061132 -0.144568 0.989495 0.000000 -5.972362 0.000000 0.000000 1.000000 0.000000
0.989353 0.145534 0.000000 123.533979 -0.145534 0.989353 0.000000 -6.058646 0.000000 0.000000 1.000000 0.000000
0.989576 0.144015 0.000000 123.996753 -0.144015 0.989576 0.000000 -6.149978 0.000000 0.000000 1.000000 0.000000
0.989574 0.144026 0.000000 124.464963 -0.144026 0.989574 0.000000 -6.239324 0.000000 0.000000 1.000000 0.000000
0.989306 0.145858 0.000000 124.936677 -0.145858 0.989306 0.000000 -6.324124 0.000000 0.000000 1.000000 0.000000
0.988776 0.149407 0.000000 125.406284 -0.149407 0.988776 0.000000 -6.406208 0.000000 0.000000 1.000000 0.000000
0.987799 0.155735 0.000000 125.884005 -0.155735 0.987799 0.000000 -6.487075 0.000000 0.000000 1.000000 0.000000
0.987172 0.159663 0.000000 126.360262 -0.159663 0.987172 0.000000 -6.574812 0.000000 0.000000 1.000000 0.000000
0.986919 0.161215 0.000000 126.808953 -0.161215 0.986919 0.000000 -6.658221 0.000000 0.000000 1.000000 0.000000
0.986388 0.164434 0.000000 127.292156 -0.164434 0.986388 0.000000 -6.748685 0.000000 0.000000 1.000000 0.000000
0.986161 0.165792 0.000000 127.772039 -0.165792 0.986161 0.000000 -6.843057 0.000000 0.000000 1.000000 0.000000
0.985959 0.166985 0.000000 128.560503 -0.166985 0.985959 0.000000 -6.998246 0.000000 0.000000 1.000000 0.000000
0.986414 0.164281 0.000000 129.042624 -0.164281 0.986414 0.000000 -7.097137 0.000000 0.000000 1.000000 0.000000
0.987983 0.154564 0.000000 130.017590 -0.154564 0.987983 0.000000 -7.305784 0.000000 0.000000 1.000000 0.000000
0.988572 0.150747 0.000000 130.506850 -0.150747 0.988572 0.000000 -7.407233 0.000000 0.000000 1.000000 0.000000
0.988765 0.149476 0.000000 131.002439 -0.149476 0.988765 0.000000 -7.499387 0.000000 0.000000 1.000000 0.000000
0.989073 0.147424 0.000000 131.503913 -0.147424 0.989073 0.000000 -7.593797 0.000000 0.000000 1.000000 0.000000
0.989060 0.147517 0.000000 132.008725 -0.147517 0.989060 0.000000 -7.679174 0.000000 0.000000 1.000000 0.000000
0.988864 0.148823 0.000000 132.504097 -0.148823 0.988864 0.000000 -7.766014 0.000000 0.000000 1.000000 0.000000
0.989187 0.146661 0.000000 133.046921 -0.146661 0.989187 0.000000 -7.856553 0.000000 0.000000 1.000000 0.000000
0.988953 0.148228 0.000000 133.535979 -0.148228 0.988953 0.000000 -7.939374 0.000000 0.000000 1.000000 0.000000
0.988812 0.149164 0.000000 134.048555 -0.149164 0.988812 0.000000 -8.022683 0.000000 0.000000 1.000000 0.000000
0.988811 0.149174 0.000000 134.564141 -0.149174 0.988811 0.000000 -8.111292 0.000000 0.000000 1.000000 0.000000
0.988825 0.149081 0.000000 135.045371 -0.149081 0.988825 0.000000 -8.195246 0.000000 0.000000 1.000000 0.000000
0.988910 0.148514 0.000000 135.556503 -0.148514 0.988910 0.000000 -8.289077 0.000000 0.000000 1.000000 0.000000
0.988661 0.150166 0.000000 136.085434 -0.150166 0.988661 0.000000 -8.376666 0.000000 0.000000 1.000000 0.000000
0.988754 0.149549 0.000000 136.571721 -0.149549 0.988754 0.000000 -8.460865 0.000000 0.000000 1.000000 0.000000
0.988846 0.148945 0.000000 137.093315 -0.148945 0.988846 0.000000 -8.546513 0.000000 0.000000 1.000000 0.000000
0.988373 0.152046 0.000000 137.629105 -0.152046 0.988373 0.000000 -8.635609 0.000000 0.000000 1.000000 0.000000
0.988009 0.154394 0.000000 138.259485 -0.154394 0.988009 0.000000 -8.740270 0.000000 0.000000 1.000000 0.000000
0.998961 0.045582 0.000000 138.818586 -0.045582 0.998961 0.000000 -8.405699 0.000000 0.000000 1.000000 0.000000
0.998732 0.050351 0.000000 139.320496 -0.050351 0.998732 0.000000 -8.451632 0.000000 0.000000 1.000000 0.000000
0.998596 0.052974 0.000000 139.860385 -0.052974 0.998596 0.000000 -8.488920 0.000000 0.000000 1.000000 0.000000
0.998417 0.056250 0.000000 140.408170 -0.056250 0.998417 0.000000 -8.532317 0.000000 0.000000 1.000000 0.000000
0.998374 0.057008 0.000000 140.956900 -0.057008 0.998374 0.000000 -8.578291 0.000000 0.000000 1.000000 0.000000
0.998146 0.060869 0.000000 144.846375 -0.060869 0.998146 0.000000 -8.899357 0.000000 0.000000 1.000000 0.000000
0.998337 0.057648 0.000000 145.369781 -0.057648 0.998337 0.000000 -8.950143 0.000000 0.000000 1.000000 0.000000
0.999321 0.036842 0.000000 146.529336 -0.036842 0.999321 0.000000 -9.047697 0.000000 0.000000 1.000000 0.000000
0.999198 0.040042 0.000000 147.670280 -0.040042 0.999198 0.000000 -9.133257 0.000000 0.000000 1.000000 0.000000
0.999153 0.041157 0.000000 148.242713 -0.041157 0.999153 0.000000 -9.176756 0.000000 0.000000 1.000000 0.000000
0.999144 0.041369 0.000000 148.822117 -0.041369 0.999144 0.000000 -9.224639 0.000000 0.000000 1.000000 0.000000
0.999169 0.040754 0.000000 149.398401 -0.040754 0.999169 0.000000 -9.276998 0.000000 0.000000 1.000000 0.000000
0.999289 0.037694 0.000000 149.981471 -0.037694 0.999289 0.000000 -9.330051 0.000000 0.000000 1.000000 0.000000
0.999280 0.037947 0.000000 150.563701 -0.037947 0.999280 0.000000 -9.371899 0.000000 0.000000 1.000000 0.000000
0.999214 0.039637 0.000000 151.146217 -0.039637 0.999214 0.000000 -9.410543 0.000000 0.000000 1.000000 0.000000
0.999237 0.039058 0.000000 151.732961 -0.039058 0.999237 0.000000 -9.460944 0.000000 0.000000 1.000000 0.000000
0.999244 0.038867 0.000000 152.318788 -0.038867 0.999244 0.000000 -9.511266 0.000000 0.000000 1.000000 0.000000
0.999031 0.044006 0.000000 153.253240 -0.044006 0.999031 0.000000 -9.580348 0.000000 0.000000 1.000000 0.000000
0.998975 0.045264 0.000000 153.842152 -0.045264 0.998975 0.000000 -9.636753 0.000000 0.000000 1.000000 0.000000
0.998890 0.047094 0.000000 154.419240 -0.047094 0.998890 0.000000 -9.686889 0.000000 0.000000 1.000000 0.000000
0.998672 0.051517 0.000000 155.008239 -0.051517 0.998672 0.000000 -9.731039 0.000000 0.000000 1.000000 0.000000
0.998399 0.056559 0.000000 155.633889 -0.056559 0.998399 0.000000 -9.779976 0.000000 0.000000 1.000000 0.000000
0.998272 0.058761 0.000000 156.172695 -0.058761 0.998272 0.000000 -9.829886 0.000000 0.000000 1.000000 0.000000
0.998193 0.060092 0.000000 156.792655 -0.060092 0.998193 0.000000 -9.895897 0.000000 0.000000 1.000000 0.000000
0.998144 0.060897 0.000000 157.371471 -0.060897 0.998144 0.000000 -9.949783 0.000000 0.000000 1.000000 0.000000
0.998044 0.062519 0.000000 157.961016 -0.062519 0.998044 0.000000 -9.994362 0.000000 0.000000 1.000000 0.000000
0.997878 0.065106 0.000000 158.543029 -0.065106 0.997878 0.000000 -10.036548 0.000000 0.000000 1.000000 0.000000
0.997925 0.064382 0.000000 159.124423 -0.064382 0.997925 0.000000 -10.089149 0.000000 0.000000 1.000000 0.000000
0.997916 0.064522 0.000000 159.704971 -0.064522 0.997916 0.000000 -10.137633 0.000000 0.000000 1.000000 0.000000
0.997801 0.066288 0.000000 160.285788 -0.066288 0.997801 0.000000 -10.181459 0.000000 0.000000 1.000000 0.000000
0.997801 0.066285 0.000000 160.868128 -0.066285 0.997801 0.000000 -10.231388 0.000000 0.000000 1.000000 0.000000
0.997682 0.068055 0.000000 161.458561 -0.068055 0.997682 0.000000 -10.280096 0.000000 0.000000 1.000000 0.000000
0.997537 0.070145 0.000000 162.043917 -0.070145 0.997537 0.000000 -10.330938 0.000000 0.000000 1.000000 0.000000
0.997283 0.073667 0.000000 163.203467 -0.073667 0.997283 0.000000 -10.435654 0.000000 0.000000 1.000000 0.000000
0.997339 0.072906 0.000000 163.782962 -0.072906 0.997339 0.000000 -10.496355 0.000000 0.000000 1.000000 0.000000
0.997194 0.074862 0.000000 164.324351 -0.074862 0.997194 0.000000 -10.544147 0.000000 0.000000 1.000000 0.000000
0.996898 0.078702 0.000000 164.923373 -0.078702 0.996898 0.000000 -10.594542 0.000000 0.000000 1.000000 0.000000
0.996884 0.078884 0.000000 165.492160 -0.078884 0.996884 0.000000 -10.651435 0.000000 0.000000 1.000000 0.000000
0.996935 0.078240 0.000000 166.620264 -0.078240 0.996935 0.000000 -10.766554 0.000000 0.000000 1.000000 0.000000
0.996886 0.078853 0.000000 167.189358 -0.078853 0.996886 0.000000 -10.829049 0.000000 0.000000 1.000000 0.000000
0.996775 0.080247 0.000000 167.733766 -0.080247 0.996775 0.000000 -10.883802 0.000000 0.000000 1.000000 0.000000
0.996810 0.079815 0.000000 168.307326 -0.079815 0.996810 0.000000 -10.941526 0.000000 0.000000 1.000000 0.000000
0.996716 0.080973 0.000000 168.887458 -0.080973 0.996716 0.000000 -10.996771 0.000000 0.000000 1.000000 0.000000
0.996427 0.084457 0.000000 169.427184 -0.084457 0.996427 0.000000 -11.040106 0.000000 0.000000 1.000000 0.000000
0.996087 0.088375 0.000000 170.202711 -0.088375 0.996087 0.000000 -11.109028 0.000000 0.000000 1.000000 0.000000
0.995830 0.091227 0.000000 170.781789 -0.091227 0.995830 0.000000 -11.161890 0.000000 0.000000 1.000000 0.000000
0.995409 0.095717 0.000000 171.360812 -0.095717 0.995409 0.000000 -11.213905 0.000000 0.000000 1.000000 0.000000
0.995170 0.098162 0.000000 171.978142 -0.098162 0.995170 0.000000 -11.278407 0.000000 0.000000 1.000000 0.000000
0.995298 0.096860 0.000000 172.528602 -0.096860 0.995298 0.000000 -11.348028 0.000000 0.000000 1.000000 0.000000
0.995155 0.098322 0.000000 173.151098 -0.098322 0.995155 0.000000 -11.421787 0.000000 0.000000 1.000000 0.000000
0.995071 0.099164 0.000000 173.734830 -0.099164 0.995071 0.000000 -11.490083 0.000000 0.000000 1.000000 0.000000
0.994831 0.101542 0.000000 174.322087 -0.101542 0.994831 0.000000 -11.551032 0.000000 0.000000 1.000000 0.000000
0.994698 0.102842 0.000000 174.914973 -0.102842 0.994698 0.000000 -11.630227 0.000000 0.000000 1.000000 0.000000
0.994839 0.101461 0.000000 175.494718 -0.101461 0.994839 0.000000 -11.704019 0.000000 0.000000 1.000000 0.000000
0.994836 0.101495 0.000000 176.084843 -0.101495 0.994836 0.000000 -11.779080 0.000000 0.000000 1.000000 0.000000
0.995010 0.099778 0.000000 176.666881 -0.099778 0.995010 0.000000 -11.860925 0.000000 0.000000 1.000000 0.000000
0.995486 0.094911 0.000000 177.255828 -0.094911 0.995486 0.000000 -11.946219 0.000000 0.000000 1.000000 0.000000
0.995816 0.091381 0.000000 177.835697 -0.091381 0.995816 0.000000 -12.025232 0.000000 0.000000 1.000000 0.000000
0.995751 0.092086 0.000000 178.421146 -0.092086 0.995751 0.000000 -12.093635 0.000000 0.000000 1.000000 0.000000
0.995849 0.091020 0.000000 179.004958 -0.091020 0.995849 0.000000 -12.168051 0.000000 0.000000 1.000000 0.000000
0.995733 0.092280 0.000000 179.588673 -0.092280 0.995733 0.000000 -12.233208 0.000000 0.000000 1.000000 0.000000
0.995669 0.092965 0.000000 180.136610 -0.092965 0.995669 0.000000 -12.297003 0.000000 0.000000 1.000000 0.000000
0.995680 0.092850 0.000000 180.764269 -0.092850 0.995680 0.000000 -12.366186 0.000000 0.000000 1.000000 0.000000
0.995679 0.092864 0.000000 181.306408 -0.092864 0.995679 0.000000 -12.428472 0.000000 0.000000 1.000000 0.000000
0.995495 0.094818 0.000000 181.894635 -0.094818 0.995495 0.000000 -12.493943 0.000000 0.000000 1.000000 0.000000
0.995194 0.097928 0.000000 182.486063 -0.097928 0.995194 0.000000 -12.560585 0.000000 0.000000 1.000000 0.000000
0.994633 0.103464 0.000000 183.075282 -0.103464 0.994633 0.000000 -12.627836 0.000000 0.000000 1.000000 0.000000
0.994353 0.106120 0.000000 183.664829 -0.106120 0.994353 0.000000 -12.700714 0.000000 0.000000 1.000000 0.000000
0.994289 0.106716 0.000000 184.249563 -0.106716 0.994289 0.000000 -12.774717 0.000000 0.000000 1.000000 0.000000
0.994200 0.107548 0.000000 184.835904 -0.107548 0.994200 0.000000 -12.850446 0.000000 0.000000 1.000000 0.000000
0.993990 0.109471 0.000000 185.423711 -0.109471 0.993990 0.000000 -12.922531 0.000000 0.000000 1.000000 0.000000
0.993689 0.112171 0.000000 186.015844 -0.112171 0.993689 0.000000 -12.995087 0.000000 0.000000 1.000000 0.000000
0.993693 0.112135 0.000000 186.610832 -0.112135 0.993693 0.000000 -13.077305 0.000000 0.000000 1.000000 0.000000
0.993770 0.111447 0.000000 187.193867 -0.111447 0.993770 0.000000 -13.158593 0.000000 0.000000 1.000000 0.000000
0.993511 0.113738 0.000000 187.783080 -0.113738 0.993511 0.000000 -13.235479 0.000000 0.000000 1.000000 0.000000
0.993257 0.115931 0.000000 188.369254 -0.115931 0.993257 0.000000 -13.312026 0.000000 0.000000 1.000000 0.000000
0.993199 0.116429 0.000000 188.925179 -0.116429 0.993199 0.000000 -13.388918 0.000000 0.000000 1.000000 0.000000
0.992909 0.118876 0.000000 189.512043 -0.118876 0.992909 0.000000 -13.468916 0.000000 0.000000 1.000000 0.000000
0.992715 0.120486 0.000000 190.100732 -0.120486 0.992715 0.000000 -13.553294 0.000000 0.000000 1.000000 0.000000
0.992912 0.118849 0.000000 190.662529 -0.118849 0.992912 0.000000 -13.637075 0.000000 0.000000 1.000000 0.000000
0.992856 0.119316 0.000000 191.243368 -0.119316 0.992856 0.000000 -13.718530 0.000000 0.000000 1.000000 0.000000
0.992862 0.119271 0.000000 191.830895 -0.119271 0.992862 0.000000 -13.807845 0.000000 0.000000 1.000000 0.000000
0.992970 0.118368 0.000000 192.383704 -0.118368 0.992970 0.000000 -13.892889 0.000000 0.000000 1.000000 0.000000
0.992616 0.121302 0.000000 192.960252 -0.121302 0.992616 0.000000 -13.975895 0.000000 0.000000 1.000000 0.000000
0.992412 0.122955 0.000000 193.543560 -0.122955 0.992412 0.000000 -14.057644 0.000000 0.000000 1.000000 0.000000
0.992235 0.124380 0.000000 194.091410 -0.124380 0.992235 0.000000 -14.137814 0.000000 0.000000 1.000000 0.000000
0.991972 0.126461 0.000000 194.674502 -0.126461 0.991972 0.000000 -14.224500 0.000000 0.000000 1.000000 0.000000
0.991691 0.128643 0.000000 195.246590 -0.128643 0.991691 0.000000 -14.315937 0.000000 0.000000 1.000000 0.000000
0.991214 0.132270 0.000000 196.083702 -0.132270 0.991214 0.000000 -14.444021 0.000000 0.000000 1.000000 0.000000
0.990803 0.135315 0.000000 196.652952 -0.135315 0.990803 0.000000 -14.528063 0.000000 0.000000 1.000000 0.000000
0.990712 0.135977 0.000000 197.236626 -0.135977 0.990712 0.000000 -14.616194 0.000000 0.000000 1.000000 0.000000
0.990582 0.136923 0.000000 197.811060 -0.136923 0.990582 0.000000 -14.704934 0.000000 0.000000 1.000000 0.000000
0.990654 0.136397 0.000000 198.386377 -0.136397 0.990654 0.000000 -14.793120 0.000000 0.000000 1.000000 0.000000
0.990980 0.134011 0.000000 198.964609 -0.134011 0.990980 0.000000 -14.884618 0.000000 0.000000 1.000000 0.000000
0.991096 0.133146 0.000000 199.535391 -0.133146 0.991096 0.000000 -14.975196 0.000000 0.000000 1.000000 0.000000
0.991091 0.133183 0.000000 200.127717 -0.133183 0.991091 0.000000 -15.069825 0.000000 0.000000 1.000000 0.000000
0.990972 0.134071 0.000000 200.640672 -0.134071 0.990972 0.000000 -15.148854 0.000000 0.000000 1.000000 0.000000
0.990817 0.135210 0.000000 201.643040 -0.135210 0.990817 0.000000 -15.301218 0.000000 0.000000 1.000000 0.000000
0.990662 0.136342 0.000000 202.219662 -0.136342 0.990662 0.000000 -15.391337 0.000000 0.000000 1.000000 0.000000
0.990390 0.138305 0.000000 202.942663 -0.138305 0.990390 0.000000 -15.509294 0.000000 0.000000 1.000000 0.000000
0.990062 0.140634 0.000000 203.669753 -0.140634 0.990062 0.000000 -15.630252 0.000000 0.000000 1.000000 0.000000
0.989953 0.141397 0.000000 204.651022 -0.141397 0.989953 0.000000 -15.794906 0.000000 0.000000 1.000000 0.000000
0.990027 0.140876 0.000000 205.219424 -0.140876 0.990027 0.000000 -15.891745 0.000000 0.000000 1.000000 0.000000
0.990000 0.141067 0.000000 205.798951 -0.141067 0.990000 0.000000 -15.987810 0.000000 0.000000 1.000000 0.000000
0.989833 0.142233 0.000000 206.365668 -0.142233 0.989833 0.000000 -16.080730 0.000000 0.000000 1.000000 0.000000
0.990117 0.140244 0.000000 206.900136 -0.140244 0.990117 0.000000 -16.175616 0.000000 0.000000 1.000000 0.000000
0.990088 0.140450 0.000000 207.480369 -0.140450 0.990088 0.000000 -16.271111 0.000000 0.000000 1.000000 0.000000
0.989960 0.141348 0.000000 208.046956 -0.141348 0.989960 0.000000 -16.373595 0.000000 0.000000 1.000000 0.000000
0.990136 0.140107 0.000000 208.857711 -0.140107 0.990136 0.000000 -16.515945 0.000000 0.000000 1.000000 0.000000
0.990233 0.139423 0.000000 209.429903 -0.139423 0.990233 0.000000 -16.609638 0.000000 0.000000 1.000000 0.000000
0.990212 0.139568 0.000000 209.999567 -0.139568 0.990212 0.000000 -16.705276 0.000000 0.000000 1.000000 0.000000
0.990636 0.136532 0.000000 210.563724 -0.136532 0.990636 0.000000 -16.804775 0.000000 0.000000 1.000000 0.000000
0.990856 0.134922 0.000000 211.165154 -0.134922 0.990856 0.000000 -16.902421 0.000000 0.000000 1.000000 0.000000
0.990859 0.134899 0.000000 211.696176 -0.134899 0.990859 0.000000 -16.990887 0.000000 0.000000 1.000000 0.000000
0.991050 0.133491 0.000000 212.303534 -0.133491 0.991050 0.000000 -17.095455 0.000000 0.000000 1.000000 0.000000
0.991151 0.132741 0.000000 212.839333 -0.132741 0.991151 0.000000 -17.184356 0.000000 0.000000 1.000000 0.000000
