1.000000 -0.000744 0.000000 0.627497 0.000744 1.000000 0.000000 -0.017727 0.000000 0.000000 1.000000 0.000000
0.999994 -0.003327 0.000000 1.252896 0.003327 0.999994 0.000000 -0.034992 0.000000 0.000000 1.000000 0.000000
0.999997 0.002448 0.000000 2.504858 -0.002448 0.999997 0.000000 -0.068174 0.000000 0.000000 1.000000 0.000000
1.000000 0.000584 0.000000 3.130612 -0.000584 1.000000 0.000000 -0.083060 0.000000 0.000000 1.000000 0.000000
0.999992 -0.003977 0.000000 3.755728 0.003977 0.999992 0.000000 -0.095901 0.000000 0.000000 1.000000 0.000000
0.999994 -0.003592 0.000000 4.384662 0.003592 0.999994 0.000000 -0.106800 0.000000 0.000000 1.000000 0.000000
0.999988 -0.004985 0.000000 5.051627 0.004985 0.999988 0.000000 -0.122574 0.000000 0.000000 1.000000 0.000000
0.999990 -0.004456 0.000000 5.674829 0.004456 0.999990 0.000000 -0.143915 0.000000 0.000000 1.000000 0.000000
0.999990 -0.004507 0.000000 6.299137 0.004507 0.999990 0.000000 -0.153777 0.000000 0.000000 1.000000 0.000000
0.999991 -0.004318 0.000000 6.924162 0.004318 0.999991 0.000000 -0.157691 0.000000 0.000000 1.000000 0.000000
0.999980 -0.006366 0.000000 7.547833 0.006366 0.999980 0.000000 -0.171538 0.000000 0.000000 1.000000 0.000000
0.999974 -0.007271 0.000000 8.168335 0.007271 0.999974 0.000000 -0.179378 0.000000 0.000000 1.000000 0.000000
0.999981 -0.006148 0.000000 8.792828 0.006148 0.999981 0.000000 -0.186983 0.000000 0.000000 1.000000 0.000000
0.999978 -0.006671 0.000000 9.409961 0.006671 0.999978 0.000000 -0.201463 0.000000 0.000000 1.000000 0.000000
0.999983 -0.005881 0.000000 10.062028 0.005881 0.999983 0.000000 -0.210827 0.000000 0.000000 1.000000 0.000000
0.999979 -0.006469 0.000000 10.643914 0.006469 0.999979 0.000000 -0.220262 0.000000 0.000000 1.000000 0.000000
0.999980 -0.006303 0.000000 11.265040 0.006303 0.999980 0.000000 -0.230010 0.000000 0.000000 1.000000 0.000000
0.999982 -0.006037 0.000000 11.884677 0.006037 0.999982 0.000000 -0.245907 0.000000 0.000000 1.000000 0.000000
0.999948 -0.010209 0.000000 12.534699 0.010209 0.999948 0.000000 -0.264170 0.000000 0.000000 1.000000 0.000000
0.999932 -0.011641 0.000000 13.159604 0.011641 0.999932 0.000000 -0.270967 0.000000 0.000000 1.000000 0.000000
0.999843 -0.017715 0.000000 13.787644 0.017715 0.999843 0.000000 -0.284392 0.000000 0.000000 1.000000 0.000000
0.999857 -0.016924 0.000000 14.407681 0.016924 0.999857 0.000000 -0.291548 0.000000 0.000000 1.000000 0.000000
0.999899 -0.014225 0.000000 15.035254 0.014225 0.999899 0.000000 -0.297208 0.000000 0.000000 1.000000 0.000000
0.999878 -0.015650 0.000000 15.652851 0.015650 0.999878 0.000000 -0.303776 0.000000 0.000000 1.000000 0.000000
0.999882 -0.015364 0.000000 16.257190 0.015364 0.999882 0.000000 -0.311161 0.000000 0.000000 1.000000 0.000000
0.999879 -0.015550 0.000000 16.881555 0.015550 0.999879 0.000000 -0.313348 0.000000 0.000000 1.000000 0.000000
0.999891 -0.014785 0.000000 17.505099 0.014785 0.999891 0.000000 -0.317653 0.000000 0.000000 1.000000 0.000000
0.999902 -0.014019 0.000000 18.087914 0.014019 0.999902 0.000000 -0.322293 0.000000 0.000000 1.000000 0.000000
0.999867 -0.016286 0.000000 18.716199 0.016286 0.999867 0.000000 -0.333227 0.000000 0.000000 1.000000 0.000000
0.999834 -0.018206 0.000000 19.327890 0.018206 0.999834 0.000000 -0.339207 0.000000 0.000000 1.000000 0.000000
0.999806 -0.019684 0.000000 19.920000 0.019684 0.999806 0.000000 -0.344743 0.000000 0.000000 1.000000 0.000000
0.999802 -0.019902 0.000000 20.544604 0.019902 0.999802 0.000000 -0.352242 0.000000 0.000000 1.000000 0.000000
0.999808 -0.019574 0.000000 21.174026 0.019574 0.999808 0.000000 -0.360078 0.000000 0.000000 1.000000 0.000000
0.999827 -0.018591 0.000000 21.795494 0.018591 0.999827 0.000000 -0.362724 0.000000 0.000000 1.000000 0.000000
0.999869 -0.016205 0.000000 22.383593 0.016205 0.999869 0.000000 -0.365203 0.000000 0.000000 1.000000 0.000000
0.999919 -0.012694 0.000000 23.014561 0.012694 0.999919 0.000000 -0.373608 0.000000 0.000000 1.000000 0.000000
0.999941 -0.010823 0.000000 23.604564 0.010823 0.999941 0.000000 -0.381691 0.000000 0.000000 1.000000 0.000000
0.999950 -0.010040 0.000000 24.231794 0.010040 0.999950 0.000000 -0.389446 0.000000 0.000000 1.000000 0.000000
0.999943 -0.010639 0.000000 24.871037 0.010639 0.999943 0.000000 -0.399711 0.000000 0.000000 1.000000 0.000000
0.999940 -0.010958 0.000000 25.693588 0.010958 0.999940 0.000000 -0.413974 0.000000 0.000000 1.000000 0.000000
0.999958 -0.009172 0.000000 26.327656 0.009172 0.999958 0.000000 -0.416386 0.000000 0.000000 1.000000 0.000000
0.999969 -0.007912 0.000000 26.962483 0.007912 0.999969 0.000000 -0.418018 0.000000 0.000000 1.000000 0.000000
0.999980 -0.006369 0.000000 27.593799 0.006369 0.999980 0.000000 -0.423234 0.000000 0.000000 1.000000 0.000000
0.999988 -0.004982 0.000000 28.221688 0.004982 0.999988 0.000000 -0.432095 0.000000 0.000000 1.000000 0.000000
0.999982 -0.005925 0.000000 28.862864 0.005925 0.999982 0.000000 -0.444783 0.000000 0.000000 1.000000 0.000000
0.999996 -0.002877 0.000000 29.497410 0.002877 0.999996 0.000000 -0.450158 0.000000 0.000000 1.000000 0.000000
1.000000 -0.000951 0.000000 30.140516 0.000951 1.000000 0.000000 -0.462005 0.000000 0.000000 1.000000 0.000000
0.999998 0.002035 0.000000 30.778001 -0.002035 0.999998 0.000000 -0.471196 0.000000 0.000000 1.000000 0.000000
0.999999 0.001339 0.000000 31.415808 -0.001339 0.999999 0.000000 -0.490824 0.000000 0.000000 1.000000 0.000000
0.999989 0.004695 0.000000 32.055158 -0.004695 0.999989 0.000000 -0.498468 0.000000 0.000000 1.000000 0.000000
0.999993 0.003799 0.000000 32.693670 -0.003799 0.999993 0.000000 -0.517072 0.000000 0.000000 1.000000 0.000000
0.999984 0.005658 0.000000 33.332221 -0.005658 0.999984 0.000000 -0.533007 0.000000 0.000000 1.000000 0.000000
0.999978 0.006612 0.000000 33.966793 -0.006612 0.999978 0.000000 -0.549465 0.000000 0.000000 1.000000 0.000000
0.999981 0.006173 0.000000 34.561532 -0.006173 0.999981 0.000000 -0.573147 0.000000 0.000000 1.000000 0.000000
0.999966 0.008279 0.000000 35.207673 -0.008279 0.999966 0.000000 -0.593765 0.000000 0.000000 1.000000 0.000000
0.999935 0.011432 0.000000 35.838755 -0.011432 0.999935 0.000000 -0.611376 0.000000 0.000000 1.000000 0.000000
0.999937 0.011183 0.000000 36.485418 -0.011183 0.999937 0.000000 -0.638114 0.000000 0.000000 1.000000 0.000000
0.999941 0.010895 0.000000 37.125463 -0.010895 0.999941 0.000000 -0.661812 0.000000 0.000000 1.000000 0.000000
0.999932 0.011646 0.000000 37.758684 -0.011646 0.999932 0.000000 -0.680883 0.000000 0.000000 1.000000 0.000000
0.999928 0.012001 0.000000 38.400449 -0.012001 0.999928 0.000000 -0.703996 0.000000 0.000000 1.000000 0.000000
0.999927 0.012057 0.000000 39.043597 -0.012057 0.999927 0.000000 -0.722364 0.000000 0.000000 1.000000 0.000000
0.999913 0.013209 0.000000 39.691738 -0.013209 0.999913 0.000000 -0.738481 0.000000 0.000000 1.000000 0.000000
0.999883 0.015271 0.000000 40.334098 -0.015271 0.999883 0.000000 -0.759974 0.000000 0.000000 1.000000 0.000000
0.999880 0.015499 0.000000 40.987273 -0.015499 0.999880 0.000000 -0.784860 0.000000 0.000000 1.000000 0.000000
0.999900 0.014170 0.000000 41.596828 -0.014170 0.999900 0.000000 -0.811154 0.000000 0.000000 1.000000 0.000000
0.999886 0.015088 0.000000 42.250537 -0.015088 0.999886 0.000000 -0.828119 0.000000 0.000000 1.000000 0.000000
0.999925 0.012252 0.000000 42.906632 -0.012252 0.999925 0.000000 -0.850526 0.000000 0.000000 1.000000 0.000000
0.999894 0.014570 0.000000 43.567839 -0.014570 0.999894 0.000000 -0.873385 0.000000 0.000000 1.000000 0.000000
0.999937 0.011247 0.000000 44.227434 -0.011247 0.999937 0.000000 -0.895568 0.000000 0.000000 1.000000 0.000000
0.999955 0.009449 0.000000 44.880675 -0.009449 0.999955 0.000000 -0.917814 0.000000 0.000000 1.000000 0.000000
0.999949 0.010099 0.000000 45.503989 -0.010099 0.999949 0.000000 -0.933114 0.000000 0.000000 1.000000 0.000000
0.999936 0.011334 0.000000 46.162612 -0.011334 0.999936 0.000000 -0.944518 0.000000 0.000000 1.000000 0.000000
0.999903 0.013945 0.000000 46.818395 -0.013945 0.999903 0.000000 -0.960899 0.000000 0.000000 1.000000 0.000000
0.999883 0.015292 0.000000 47.482046 -0.015292 0.999883 0.000000 -0.984189 0.000000 0.000000 1.000000 0.000000
0.999874 0.015887 0.000000 48.140444 -0.015887 0.999874 0.000000 -1.007902 0.000000 0.000000 1.000000 0.000000
0.999933 0.011614 0.000000 48.797331 -0.011614 0.999933 0.000000 -1.027915 0.000000 0.000000 1.000000 0.000000
0.999895 0.014459 0.000000 49.823420 -0.014459 0.999895 0.000000 -1.073324 0.000000 0.000000 1.000000 0.000000
0.999911 0.013379 0.000000 50.512544 -0.013379 0.999911 0.000000 -1.097569 0.000000 0.000000 1.000000 0.000000
0.999924 0.012297 0.000000 51.147911 -0.012297 0.999924 0.000000 -1.116544 0.000000 0.000000 1.000000 0.000000
0.999928 0.011977 0.000000 51.805005 -0.011977 0.999928 0.000000 -1.140327 0.000000 0.000000 1.000000 0.000000
0.999924 0.012295 0.000000 52.465266 -0.012295 0.999924 0.000000 -1.166043 0.000000 0.000000 1.000000 0.000000
0.999928 0.012037 0.000000 53.117954 -0.012037 0.999928 0.000000 -1.188708 0.000000 0.000000 1.000000 0.000000
0.999948 0.010159 0.000000 53.770322 -0.010159 0.999948 0.000000 -1.211858 0.000000 0.000000 1.000000 0.000000
0.999950 0.009980 0.000000 54.419216 -0.009980 0.999950 0.000000 -1.236868 0.000000 0.000000 1.000000 0.000000
0.999964 0.008435 0.000000 55.757276 -0.008435 0.999964 0.000000 -1.274193 0.000000 0.000000 1.000000 0.000000
0.999977 0.006721 0.000000 56.405096 -0.006721 0.999977 0.000000 -1.289607 0.000000 0.000000 1.000000 0.000000
0.999993 0.003764 0.000000 57.042908 -0.003764 0.999993 0.000000 -1.302916 0.000000 0.000000 1.000000 0.000000
0.999993 0.003835 0.000000 57.682702 -0.003835 0.999993 0.000000 -1.323715 0.000000 0.000000 1.000000 0.000000
0.999986 0.005223 0.000000 58.320623 -0.005223 0.999986 0.000000 -1.343917 0.000000 0.000000 1.000000 0.000000
0.999980 0.006337 0.000000 58.993206 -0.006337 0.999980 0.000000 -1.365377 0.000000 0.000000 1.000000 0.000000
0.999980 0.006280 0.000000 59.627760 -0.006280 0.999980 0.000000 -1.382918 0.000000 0.000000 1.000000 0.000000
0.999969 0.007831 0.000000 60.234443 -0.007831 0.999969 0.000000 -1.398769 0.000000 0.000000 1.000000 0.000000
0.999958 0.009121 0.000000 60.865422 -0.009121 0.999958 0.000000 -1.415677 0.000000 0.000000 1.000000 0.000000
0.999950 0.010030 0.000000 61.446885 -0.010030 0.999950 0.000000 -1.436171 0.000000 0.000000 1.000000 0.000000
0.999941 0.010870 0.000000 62.075026 -0.010870 0.999941 0.000000 -1.462873 0.000000 0.000000 1.000000 0.000000
0.999940 0.010988 0.000000 62.701114 -0.010988 0.999940 0.000000 -1.490240 0.000000 0.000000 1.000000 0.000000
0.999941 0.010834 0.000000 63.282463 -0.010834 0.999941 0.000000 -1.517203 0.000000 0.000000 1.000000 0.000000
0.999945 0.010490 0.000000 63.902678 -0.010490 0.999945 0.000000 -1.543171 0.000000 0.000000 1.000000 0.000000
0.999956 0.009334 0.000000 64.516611 -0.009334 0.999956 0.000000 -1.570793 0.000000 0.000000 1.000000 0.000000
0.999955 0.009481 0.000000 65.092399 -0.009481 0.999955 0.000000 -1.595853 0.000000 0.000000 1.000000 0.000000
0.999962 0.008731 0.000000 65.707924 -0.008731 0.999962 0.000000 -1.621442 0.000000 0.000000 1.000000 0.000000
0.999952 0.009838 0.000000 66.280585 -0.009838 0.999952 0.000000 -1.637005 0.000000 0.000000 1.000000 0.000000
0.999913 0.013212 0.000000 66.894020 -0.013212 0.999913 0.000000 -1.655435 0.000000 0.000000 1.000000 0.000000
0.999907 0.013608 0.000000 67.504503 -0.013608 0.999907 0.000000 -1.679753 0.000000 0.000000 1.000000 0.000000
0.999898 0.014308 0.000000 68.345430 -0.014308 0.999898 0.000000 -1.713453 0.000000 0.000000 1.000000 0.000000
0.999885 0.015133 0.000000 68.943737 -0.015133 0.999885 0.000000 -1.738007 0.000000 0.000000 1.000000 0.000000
0.999876 0.015735 0.000000 69.545471 -0.015735 0.999876 0.000000 -1.761396 0.000000 0.000000 1.000000 0.000000
0.999924 0.012324 0.000000 70.144841 -0.012324 0.999924 0.000000 -1.780051 0.000000 0.000000 1.000000 0.000000
0.999923 0.012370 0.000000 70.742479 -0.012370 0.999923 0.000000 -1.796560 0.000000 0.000000 1.000000 0.000000
0.999958 0.009170 0.000000 71.335907 -0.009170 0.999958 0.000000 -1.810124 0.000000 0.000000 1.000000 0.000000
0.999965 0.008392 0.000000 71.969451 -0.008392 0.999965 0.000000 -1.828534 0.000000 0.000000 1.000000 0.000000
0.999965 0.008401 0.000000 72.562068 -0.008401 0.999965 0.000000 -1.840888 0.000000 0.000000 1.000000 0.000000
0.999966 0.008289 0.000000 73.153990 -0.008289 0.999966 0.000000 -1.859414 0.000000 0.000000 1.000000 0.000000
0.999937 0.011235 0.000000 74.333291 -0.011235 0.999937 0.000000 -1.903810 0.000000 0.000000 1.000000 0.000000
0.999945 0.010461 0.000000 74.915865 -0.010461 0.999945 0.000000 -1.922994 0.000000 0.000000 1.000000 0.000000
0.999925 0.012208 0.000000 75.500567 -0.012208 0.999925 0.000000 -1.944236 0.000000 0.000000 1.000000 0.000000
0.999905 0.013747 0.000000 76.080465 -0.013747 0.999905 0.000000 -1.977459 0.000000 0.000000 1.000000 0.000000
0.999899 0.014194 0.000000 76.663403 -0.014194 0.999899 0.000000 -2.004621 0.000000 0.000000 1.000000 0.000000
0.999872 0.016015 0.000000 77.243171 -0.016015 0.999872 0.000000 -2.027601 0.000000 0.000000 1.000000 0.000000
0.999889 0.014868 0.000000 77.814152 -0.014868 0.999889 0.000000 -2.057751 0.000000 0.000000 1.000000 0.000000
0.999915 0.013041 0.000000 78.380177 -0.013041 0.999915 0.000000 -2.081188 0.000000 0.000000 1.000000 0.000000
0.999916 0.012960 0.000000 78.940062 -0.012960 0.999916 0.000000 -2.108166 0.000000 0.000000 1.000000 0.000000
0.999909 0.013501 0.000000 79.496722 -0.013501 0.999909 0.000000 -2.136365 0.000000 0.000000 1.000000 0.000000
0.999910 0.013448 0.000000 80.047508 -0.013448 0.999910 0.000000 -2.161103 0.000000 0.000000 1.000000 0.000000
0.999910 0.013402 0.000000 80.594282 -0.013402 0.999910 0.000000 -2.187471 0.000000 0.000000 1.000000 0.000000
0.999899 0.014216 0.000000 81.134628 -0.014216 0.999899 0.000000 -2.213329 0.000000 0.000000 1.000000 0.000000
0.999872 0.016026 0.000000 81.649371 -0.016026 0.999872 0.000000 -2.237159 0.000000 0.000000 1.000000 0.000000
0.999839 0.017938 0.000000 82.190753 -0.017938 0.999839 0.000000 -2.255895 0.000000 0.000000 1.000000 0.000000
0.999782 0.020889 0.000000 82.712760 -0.020889 0.999782 0.000000 -2.274891 0.000000 0.000000 1.000000 0.000000
0.999731 0.023173 0.000000 83.218573 -0.023173 0.999731 0.000000 -2.292251 0.000000 0.000000 1.000000 0.000000
0.999743 0.022681 0.000000 83.753290 -0.022681 0.999743 0.000000 -2.323576 0.000000 0.000000 1.000000 0.000000
0.999742 0.022703 0.000000 84.277809 -0.022703 0.999742 0.000000 -2.351727 0.000000 0.000000 1.000000 0.000000
0.999737 0.022949 0.000000 84.766853 -0.022949 0.999737 0.000000 -2.377534 0.000000 0.000000 1.000000 0.000000
0.999706 0.024235 0.000000 85.293430 -0.024235 0.999706 0.000000 -2.411545 0.000000 0.000000 1.000000 0.000000
0.999674 0.025551 0.000000 85.808006 -0.025551 0.999674 0.000000 -2.441337 0.000000 0.000000 1.000000 0.000000
0.999686 0.025064 0.000000 86.291525 -0.025064 0.999686 0.000000 -2.468755 0.000000 0.000000 1.000000 0.000000
0.999663 0.025972 0.000000 86.810726 -0.025972 0.999663 0.000000 -2.494316 0.000000 0.000000 1.000000 0.000000
0.999625 0.027401 0.000000 87.324558 -0.027401 0.999625 0.000000 -2.518450 0.000000 0.000000 1.000000 0.000000
0.999579 0.029031 0.000000 87.803150 -0.029031 0.999579 0.000000 -2.546363 0.000000 0.000000 1.000000 0.000000
0.999579 0.029018 0.000000 88.311673 -0.029018 0.999579 0.000000 -2.580241 0.000000 0.000000 1.000000 0.000000
0.999560 0.029645 0.000000 88.792414 -0.029645 0.999560 0.000000 -2.611013 0.000000 0.000000 1.000000 0.000000
0.999506 0.031430 0.000000 89.298028 -0.031430 0.999506 0.000000 -2.645258 0.000000 0.000000 1.000000 0.000000
0.999503 0.031517 0.000000 89.964564 -0.031517 0.999503 0.000000 -2.687273 0.000000 0.000000 1.000000 0.000000
0.999506 0.031428 0.000000 90.460143 -0.031428 0.999506 0.000000 -2.716949 0.000000 0.000000 1.000000 0.000000
0.999489 0.031979 0.000000 90.955566 -0.031979 0.999489 0.000000 -2.743501 0.000000 0.000000 1.000000 0.000000
0.999465 0.032716 0.000000 91.445741 -0.032716 0.999465 0.000000 -2.766524 0.000000 0.000000 1.000000 0.000000
0.999489 0.031956 0.000000 91.931856 -0.031956 0.999489 0.000000 -2.796274 0.000000 0.000000 1.000000 0.000000
0.999517 0.031065 0.000000 92.413396 -0.031065 0.999517 0.000000 -2.834530 0.000000 0.000000 1.000000 0.000000
0.999493 0.031839 0.000000 92.885772 -0.031839 0.999493 0.000000 -2.869587 0.000000 0.000000 1.000000 0.000000
0.999307 0.037218 0.000000 93.840298 -0.037218 0.999307 0.000000 -2.937820 0.000000 0.000000 1.000000 0.000000
0.999228 0.039289 0.000000 94.308582 -0.039289 0.999228 0.000000 -2.976275 0.000000 0.000000 1.000000 0.000000
0.999135 0.041587 0.000000 94.777205 -0.041587 0.999135 0.000000 -3.014810 0.000000 0.000000 1.000000 0.000000
0.998997 0.044770 0.000000 95.240421 -0.044770 0.998997 0.000000 -3.056401 0.000000 0.000000 1.000000 0.000000
0.998917 0.046521 0.000000 95.711371 -0.046521 0.998917 0.000000 -3.100588 0.000000 0.000000 1.000000 0.000000
0.998791 0.049162 0.000000 96.175482 -0.049162 0.998791 0.000000 -3.141930 0.000000 0.000000 1.000000 0.000000
0.998700 0.050970 0.000000 96.640424 -0.050970 0.998700 0.000000 -3.191285 0.000000 0.000000 1.000000 0.000000
0.998506 0.054647 0.000000 97.100956 -0.054647 0.998506 0.000000 -3.235016 0.000000 0.000000 1.000000 0.000000
0.998243 0.059249 0.000000 97.557964 -0.059249 0.998243 0.000000 -3.275197 0.000000 0.000000 1.000000 0.000000
0.998094 0.061716 0.000000 98.012410 -0.061716 0.998094 0.000000 -3.321344 0.000000 0.000000 1.000000 0.000000
0.997956 0.063904 0.000000 98.437075 -0.063904 0.997956 0.000000 -3.369498 0.000000 0.000000 1.000000 0.000000
0.997846 0.065606 0.000000 98.881911 -0.065606 0.997846 0.000000 -3.416247 0.000000 0.000000 1.000000 0.000000
0.997772 0.066709 0.000000 99.321953 -0.066709 0.997772 0.000000 -3.463890 0.000000 0.000000 1.000000 0.000000
0.997709 0.067654 0.000000 99.761762 -0.067654 0.997709 0.000000 -3.519220 0.000000 0.000000 1.000000 0.000000
0.997499 0.070685 0.000000 100.186111 -0.070685 0.997499 0.000000 -3.565988 0.000000 0.000000 1.000000 0.000000
0.997302 0.073413 0.000000 100.613013 -0.073413 0.997302 0.000000 -3.605603 0.000000 0.000000 1.000000 0.000000
0.996830 0.079563 0.000000 101.034787 -0.079563 0.996830 0.000000 -3.648939 0.000000 0.000000 1.000000 0.000000
0.996482 0.083810 0.000000 101.447243 -0.083810 0.996482 0.000000 -3.688347 0.000000 0.000000 1.000000 0.000000
0.996497 0.083623 0.000000 101.854505 -0.083623 0.996497 0.000000 -3.732809 0.000000 0.000000 1.000000 0.000000
0.996566 0.082805 0.000000 102.269047 -0.082805 0.996566 0.000000 -3.782551 0.000000 0.000000 1.000000 0.000000
0.996337 0.085519 0.000000 102.660363 -0.085519 0.996337 0.000000 -3.826013 0.000000 0.000000 1.000000 0.000000
0.996336 0.085520 0.000000 103.059297 -0.085520 0.996336 0.000000 -3.880613 0.000000 0.000000 1.000000 0.000000
0.995890 0.090576 0.000000 103.441128 -0.090576 0.995890 0.000000 -3.922263 0.000000 0.000000 1.000000 0.000000
0.995453 0.095258 0.000000 103.840034 -0.095258 0.995453 0.000000 -3.965665 0.000000 0.000000 1.000000 0.000000
0.995519 0.094562 0.000000 104.231775 -0.094562 0.995519 0.000000 -4.014881 0.000000 0.000000 1.000000 0.000000
0.995221 0.097650 0.000000 104.607524 -0.097650 0.995221 0.000000 -4.058157 0.000000 0.000000 1.000000 0.000000
0.994839 0.101466 0.000000 105.012469 -0.101466 0.994839 0.000000 -4.108074 0.000000 0.000000 1.000000 0.000000
0.994382 0.105852 0.000000 105.412025 -0.105852 0.994382 0.000000 -4.155758 0.000000 0.000000 1.000000 0.000000
0.993895 0.110331 0.000000 105.972312 -0.110331 0.993895 0.000000 -4.236717 0.000000 0.000000 1.000000 0.000000
0.993648 0.112531 0.000000 106.378940 -0.112531 0.993648 0.000000 -4.296794 0.000000 0.000000 1.000000 0.000000
0.993412 0.114601 0.000000 106.788146 -0.114601 0.993412 0.000000 -4.357549 0.000000 0.000000 1.000000 0.000000
0.993160 0.116762 0.000000 107.202325 -0.116762 0.993160 0.000000 -4.419974 0.000000 0.000000 1.000000 0.000000
0.992907 0.118892 0.000000 107.619036 -0.118892 0.992907 0.000000 -4.486447 0.000000 0.000000 1.000000 0.000000
0.992758 0.120127 0.000000 108.039786 -0.120127 0.992758 0.000000 -4.547035 0.000000 0.000000 1.000000 0.000000
0.992715 0.120487 0.000000 108.458454 -0.120487 0.992715 0.000000 -4.614996 0.000000 0.000000 1.000000 0.000000
0.992298 0.123872 0.000000 108.877057 -0.123872 0.992298 0.000000 -4.679239 0.000000 0.000000 1.000000 0.000000
0.991247 0.132022 0.000000 109.611360 -0.132022 0.991247 0.000000 -4.798107 0.000000 0.000000 1.000000 0.000000
0.991338 0.131338 0.000000 110.035094 -0.131338 0.991338 0.000000 -4.876896 0.000000 0.000000 1.000000 0.000000
0.991419 0.130722 0.000000 110.468130 -0.130722 0.991419 0.000000 -4.951000 0.000000 0.000000 1.000000 0.000000
0.991367 0.131114 0.000000 110.895934 -0.131114 0.991367 0.000000 -5.020119 0.000000 0.000000 1.000000 0.000000
0.991444 0.130531 0.000000 111.333364 -0.130531 0.991444 0.000000 -5.084630 0.000000 0.000000 1.000000 0.000000
0.991025 0.133674 0.000000 111.767225 -0.133674 0.991025 0.000000 -5.141717 0.000000 0.000000 1.000000 0.000000
0.991040 0.133566 0.000000 112.203957 -0.133566 0.991040 0.000000 -5.209390 0.000000 0.000000 1.000000 0.000000
0.991079 0.133279 0.000000 112.647705 -0.133279 0.991079 0.000000 -5.278902 0.000000 0.000000 1.000000 0.000000
0.991061 0.133408 0.000000 113.089188 -0.133408 0.991061 0.000000 -5.349944 0.000000 0.000000 1.000000 0.000000
0.990941 0.134297 0.000000 113.536057 -0.134297 0.990941 0.000000 -5.426090 0.000000 0.000000 1.000000 0.000000
0.990482 0.137646 0.000000 113.981051 -0.137646 0.990482 0.000000 -5.503468 0.000000 0.000000 1.000000 0.000000
0.990466 0.137759 0.000000 114.803930 -0.137759 0.990466 0.000000 -5.642014 0.000000 0.000000 1.000000 0.000000
0.990433 0.137996 0.000000 115.257307 -0.137996 0.990433 0.000000 -5.718478 0.000000 0.000000 1.000000 0.000000
0.990045 0.140752 0.000000 115.713537 -0.140752 0.990045 0.000000 -5.790040 0.000000 0.000000 1.000000 0.000000
0.989926 0.141585 0.000000 116.169886 -0.141585 0.989926 0.000000 -5.880631 0.000000 0.000000 1.000000 0.000000
0.989681 0.143286 0.000000 116.629331 -0.143286 0.989681 0.000000 -5.966445 0.000000 0.000000 1.000000 0.000000
0.989512 0.144448 0.000000 117.090525 -0.144448 0.989512 0.000000 -6.054599 0.000000 0.000000 1.000000 0.000000
0.989289 0.145967 0.000000 117.552741 -0.145967 0.989289 0.000000 -6.140709 0.000000 0.000000 1.000000 0.000000
0.988675 0.150072 0.000000 118.016057 -0.150072 0.988675 0.000000 -6.224983 0.000000 0.000000 1.000000 0.000000
0.987964 0.154684 0.000000 118.516922 -0.154684 0.987964 0.000000 -6.316082 0.000000 0.000000 1.000000 0.000000
0.987534 0.157403 0.000000 118.956371 -0.157403 0.987534 0.000000 -6.398799 0.000000 0.000000 1.000000 0.000000
0.987405 0.158214 0.000000 119.457604 -0.158214 0.987405 0.000000 -6.498598 0.000000 0.000000 1.000000 0.000000
0.987189 0.159553 0.000000 119.927995 -0.159553 0.987189 0.000000 -6.592209 0.000000 0.000000 1.000000 0.000000
0.987177 0.159630 0.000000 120.396607 -0.159630 0.987177 0.000000 -6.684915 0.000000 0.000000 1.000000 0.000000
0.987599 0.156997 0.000000 120.864353 -0.156997 0.987599 0.000000 -6.787899 0.000000 0.000000 1.000000 0.000000
0.987262 0.159105 0.000000 121.333115 -0.159105 0.987262 0.000000 -6.875096 0.000000 0.000000 1.000000 0.000000
0.986952 0.161014 0.000000 121.805646 -0.161014 0.986952 0.000000 -6.967261 0.000000 0.000000 1.000000 0.000000
0.986224 0.165412 0.000000 122.280173 -0.165412 0.986224 0.000000 -7.057083 0.000000 0.000000 1.000000 0.000000
0.985230 0.171233 0.000000 122.753039 -0.171233 0.985230 0.000000 -7.148324 0.000000 0.000000 1.000000 0.000000
0.984842 0.173455 0.000000 123.203043 -0.173455 0.984842 0.000000 -7.237716 0.000000 0.000000 1.000000 0.000000
0.984522 0.175263 0.000000 123.683657 -0.175263 0.984522 0.000000 -7.334322 0.000000 0.000000 1.000000 0.000000
0.984028 0.178016 0.000000 124.163061 -0.178016 0.984028 0.000000 -7.431868 0.000000 0.000000 1.000000 0.000000
0.983788 0.179335 0.000000 124.953463 -0.179335 0.983788 0.000000 -7.598511 0.000000 0.000000 1.000000 0.000000
0.983899 0.178727 0.000000 125.439234 -0.178727 0.983899 0.000000 -7.699478 0.000000 0.000000 1.000000 0.000000
0.985825 0.167776 0.000000 126.413104 -0.167776 0.985825 0.000000 -7.904862 0.000000 0.000000 1.000000 0.000000
0.986570 0.163339 0.000000 126.904166 -0.163339 0.986570 0.000000 -8.009047 0.000000 0.000000 1.000000 0.000000
0.987041 0.160466 0.000000 127.397649 -0.160466 0.987041 0.000000 -8.110864 0.000000 0.000000 1.000000 0.000000
0.987197 0.159504 0.000000 127.893486 -0.159504 0.987197 0.000000 -8.203669 0.000000 0.000000 1.000000 0.000000
0.987531 0.157426 0.000000 128.394692 -0.157426 0.987531 0.000000 -8.299483 0.000000 0.000000 1.000000 0.000000
0.986982 0.160830 0.000000 128.894521 -0.160830 0.986982 0.000000 -8.384297 0.000000 0.000000 1.000000 0.000000
0.987873 0.155263 0.000000 129.434375 -0.155263 0.987873 0.000000 -8.481203 0.000000 0.000000 1.000000 0.000000
0.987509 0.157564 0.000000 129.923192 -0.157564 0.987509 0.000000 -8.567851 0.000000 0.000000 1.000000 0.000000
0.987268 0.159065 0.000000 130.436162 -0.159065 0.987268 0.000000 -8.657408 0.000000 0.000000 1.000000 0.000000
0.987116 0.160006 0.000000 130.952223 -0.160006 0.987116 0.000000 -8.747660 0.000000 0.000000 1.000000 0.000000
0.987101 0.160098 0.000000 131.433621 -0.160098 0.987101 0.000000 -8.834132 0.000000 0.000000 1.000000 0.000000
0.987073 0.160268 0.000000 131.948238 -0.160268 0.987073 0.000000 -8.928849 0.000000 0.000000 1.000000 0.000000
0.987068 0.160302 0.000000 132.475250 -0.160302 0.987068 0.000000 -9.027237 0.000000 0.000000 1.000000 0.000000
0.986756 0.162211 0.000000 132.966403 -0.162211 0.986756 0.000000 -9.111946 0.000000 0.000000 1.000000 0.000000
0.987230 0.159300 0.000000 133.485424 -0.159300 0.987230 0.000000 -9.203806 0.000000 0.000000 1.000000 0.000000
0.986823 0.161803 0.000000 134.018283 -0.161803 0.986823 0.000000 -9.305912 0.000000 0.000000 1.000000 0.000000
0.986235 0.165351 0.000000 134.643814 -0.165351 0.986235 0.000000 -9.414625 0.000000 0.000000 1.000000 0.000000
0.985919 0.167222 0.000000 135.209970 -0.167222 0.985919 0.000000 -9.516227 0.000000 0.000000 1.000000 0.000000
0.984525 0.175247 0.000000 135.703818 -0.175247 0.984525 0.000000 -9.616064 0.000000 0.000000 1.000000 0.000000
0.984404 0.175924 0.000000 136.236908 -0.175924 0.984404 0.000000 -9.722297 0.000000 0.000000 1.000000 0.000000
0.983452 0.181169 0.000000 136.770949 -0.181169 0.983452 0.000000 -9.832861 0.000000 0.000000 1.000000 0.000000
0.983147 0.182817 0.000000 137.310168 -0.182817 0.983147 0.000000 -9.945597 0.000000 0.000000 1.000000 0.000000
0.982215 0.187762 0.000000 141.118104 -0.187762 0.982215 0.000000 -10.779403 0.000000 0.000000 1.000000 0.000000
0.982287 0.187382 0.000000 141.626673 -0.187382 0.982287 0.000000 -10.887198 0.000000 0.000000 1.000000 0.000000
0.984422 0.175823 0.000000 142.769935 -0.175823 0.984422 0.000000 -11.154649 0.000000 0.000000 1.000000 0.000000
0.983587 0.180434 0.000000 143.888717 -0.180434 0.983587 0.000000 -11.399288 0.000000 0.000000 1.000000 0.000000
0.983413 0.181381 0.000000 144.450809 -0.181381 0.983413 0.000000 -11.521038 0.000000 0.000000 1.000000 0.000000
0.983281 0.182094 0.000000 145.017469 -0.182094 0.983281 0.000000 -11.646655 0.000000 0.000000 1.000000 0.000000
0.983336 0.181795 0.000000 145.582115 -0.181795 0.983336 0.000000 -11.774422 0.000000 0.000000 1.000000 0.000000
0.983628 0.180212 0.000000 146.149446 -0.180212 0.983628 0.000000 -11.908730 0.000000 0.000000 1.000000 0.000000
0.984011 0.178109 0.000000 146.719785 -0.178109 0.984011 0.000000 -12.037627 0.000000 0.000000 1.000000 0.000000
0.983421 0.181340 0.000000 147.293177 -0.181340 0.983421 0.000000 -12.159210 0.000000 0.000000 1.000000 0.000000
0.983166 0.182716 0.000000 147.866981 -0.182716 0.983166 0.000000 -12.282971 0.000000 0.000000 1.000000 0.000000
0.983401 0.181445 0.000000 148.436667 -0.181445 0.983401 0.000000 -12.420616 0.000000 0.000000 1.000000 0.000000
0.983101 0.183063 0.000000 149.352435 -0.183063 0.983101 0.000000 -12.628343 0.000000 0.000000 1.000000 0.000000
0.982386 0.186861 0.000000 149.931541 -0.186861 0.982386 0.000000 -12.757494 0.000000 0.000000 1.000000 0.000000
0.982470 0.186421 0.000000 150.496409 -0.186421 0.982470 0.000000 -12.898958 0.000000 0.000000 1.000000 0.000000
0.981766 0.190096 0.000000 151.072999 -0.190096 0.981766 0.000000 -13.029691 0.000000 0.000000 1.000000 0.000000
0.980838 0.194826 0.000000 151.684908 -0.194826 0.980838 0.000000 -13.165281 0.000000 0.000000 1.000000 0.000000
0.980323 0.197402 0.000000 152.211275 -0.197402 0.980323 0.000000 -13.288320 0.000000 0.000000 1.000000 0.000000
0.980075 0.198626 0.000000 152.816390 -0.198626 0.980075 0.000000 -13.437792 0.000000 0.000000 1.000000 0.000000
0.980035 0.198827 0.000000 153.379725 -0.198827 0.980035 0.000000 -13.576930 0.000000 0.000000 1.000000 0.000000
0.979889 0.199546 0.000000 153.952901 -0.199546 0.979889 0.000000 -13.709300 0.000000 0.000000 1.000000 0.000000
0.979391 0.201976 0.000000 154.522566 -0.201976 0.979391 0.000000 -13.831226 0.000000 0.000000 1.000000 0.000000
0.979200 0.202898 0.000000 155.092434 -0.202898 0.979200 0.000000 -13.958955 0.000000 0.000000 1.000000 0.000000
0.979467 0.201604 0.000000 155.655850 -0.201604 0.979467 0.000000 -14.091885 0.000000 0.000000 1.000000 0.000000
0.979410 0.201883 0.000000 156.222538 -0.201883 0.979410 0.000000 -14.217457 0.000000 0.000000 1.000000 0.000000
0.979303 0.202399 0.000000 156.787754 -0.202399 0.979303 0.000000 -14.340588 0.000000 0.000000 1.000000 0.000000
0.979465 0.201612 0.000000 157.359397 -0.201612 0.979465 0.000000 -14.473198 0.000000 0.000000 1.000000 0.000000
0.978899 0.204345 0.000000 157.932045 -0.204345 0.978899 0.000000 -14.598965 0.000000 0.000000 1.000000 0.000000
0.978362 0.206899 0.000000 159.064913 -0.206899 0.978362 0.000000 -14.860293 0.000000 0.000000 1.000000 0.000000
0.978276 0.207309 0.000000 159.630496 -0.207309 0.978276 0.000000 -14.989911 0.000000 0.000000 1.000000 0.000000
0.978596 0.205790 0.000000 160.158121 -0.205790 0.978596 0.000000 -15.118981 0.000000 0.000000 1.000000 0.000000
0.977545 0.210727 0.000000 160.743690 -0.210727 0.977545 0.000000 -15.245240 0.000000 0.000000 1.000000 0.000000
0.977246 0.212108 0.000000 161.297399 -0.212108 0.977246 0.000000 -15.371706 0.000000 0.000000 1.000000 0.000000
0.977515 0.210865 0.000000 162.397526 -0.210865 0.977515 0.000000 -15.636427 0.000000 0.000000 1.000000 0.000000
0.977609 0.210429 0.000000 162.955003 -0.210429 0.977609 0.000000 -15.769238 0.000000 0.000000 1.000000 0.000000
0.977468 0.211085 0.000000 163.486959 -0.211085 0.977468 0.000000 -15.900459 0.000000 0.000000 1.000000 0.000000
0.977389 0.211447 0.000000 164.046583 -0.211447 0.977389 0.000000 -16.030405 0.000000 0.000000 1.000000 0.000000
0.977653 0.210227 0.000000 164.615300 -0.210227 0.977653 0.000000 -16.165093 0.000000 0.000000 1.000000 0.000000
0.977066 0.212936 0.000000 165.144529 -0.212936 0.977066 0.000000 -16.284025 0.000000 0.000000 1.000000 0.000000
0.976147 0.217111 0.000000 165.900404 -0.217111 0.976147 0.000000 -16.448196 0.000000 0.000000 1.000000 0.000000
0.975654 0.219317 0.000000 166.466159 -0.219317 0.975654 0.000000 -16.577349 0.000000 0.000000 1.000000 0.000000
0.975055 0.221964 0.000000 167.032134 -0.221964 0.975055 0.000000 -16.704797 0.000000 0.000000 1.000000 0.000000
0.973904 0.226959 0.000000 167.637025 -0.226959 0.973904 0.000000 -16.840924 0.000000 0.000000 1.000000 0.000000
0.974121 0.226027 0.000000 168.168758 -0.226027 0.974121 0.000000 -16.976453 0.000000 0.000000 1.000000 0.000000
0.974477 0.224486 0.000000 168.773780 -0.224486 0.974477 0.000000 -17.134077 0.000000 0.000000 1.000000 0.000000
0.973673 0.227949 0.000000 169.345859 -0.227949 0.973673 0.000000 -17.272050 0.000000 0.000000 1.000000 0.000000
0.973829 0.227284 0.000000 169.918572 -0.227284 0.973829 0.000000 -17.412697 0.000000 0.000000 1.000000 0.000000
0.972788 0.231697 0.000000 170.503727 -0.231697 0.972788 0.000000 -17.550932 0.000000 0.000000 1.000000 0.000000
0.973698 0.227842 0.000000 171.068996 -0.227842 0.973698 0.000000 -17.706571 0.000000 0.000000 1.000000 0.000000
0.973906 0.226951 0.000000 171.642552 -0.226951 0.973906 0.000000 -17.850742 0.000000 0.000000 1.000000 0.000000
0.974009 0.226510 0.000000 172.208404 -0.226510 0.974009 0.000000 -17.996722 0.000000 0.000000 1.000000 0.000000
0.974827 0.222962 0.000000 172.781861 -0.222962 0.974827 0.000000 -18.152210 0.000000 0.000000 1.000000 0.000000
0.976083 0.217399 0.000000 173.349674 -0.217399 0.976083 0.000000 -18.308053 0.000000 0.000000 1.000000 0.000000
0.976598 0.215071 0.000000 173.922235 -0.215071 0.976598 0.000000 -18.454627 0.000000 0.000000 1.000000 0.000000
0.976434 0.215816 0.000000 174.498264 -0.215816 0.976434 0.000000 -18.598212 0.000000 0.000000 1.000000 0.000000
0.976754 0.214364 0.000000 175.072871 -0.214364 0.976754 0.000000 -18.741007 0.000000 0.000000 1.000000 0.000000
0.976272 0.216549 0.000000 175.610500 -0.216549 0.976272 0.000000 -18.869334 0.000000 0.000000 1.000000 0.000000
0.976143 0.217129 0.000000 176.222427 -0.217129 0.976143 0.000000 -19.018477 0.000000 0.000000 1.000000 0.000000
0.976133 0.217172 0.000000 176.757381 -0.217172 0.976133 0.000000 -19.144702 0.000000 0.000000 1.000000 0.000000
0.975950 0.217994 0.000000 177.327680 -0.217994 0.975950 0.000000 -19.288390 0.000000 0.000000 1.000000 0.000000
0.975349 0.220670 0.000000 177.904066 -0.220670 0.975349 0.000000 -19.426003 0.000000 0.000000 1.000000 0.000000
0.974493 0.224419 0.000000 178.480453 -0.224419 0.974493 0.000000 -19.570879 0.000000 0.000000 1.000000 0.000000
0.972933 0.231088 0.000000 179.056584 -0.231088 0.972933 0.000000 -19.717136 0.000000 0.000000 1.000000 0.000000
0.972790 0.231690 0.000000 179.629827 -0.231690 0.972790 0.000000 -19.863535 0.000000 0.000000 1.000000 0.000000
0.972746 0.231873 0.000000 180.203973 -0.231873 0.972746 0.000000 -20.009677 0.000000 0.000000 1.000000 0.000000
0.972632 0.232350 0.000000 180.778542 -0.232350 0.972632 0.000000 -20.154903 0.000000 0.000000 1.000000 0.000000
0.972168 0.234287 0.000000 181.358954 -0.234287 0.972168 0.000000 -20.298457 0.000000 0.000000 1.000000 0.000000
0.971785 0.235868 0.000000 181.942219 -0.235868 0.971785 0.000000 -20.444522 0.000000 0.000000 1.000000 0.000000
0.972092 0.234599 0.000000 182.510872 -0.234599 0.972092 0.000000 -20.595320 0.000000 0.000000 1.000000 0.000000
0.972232 0.234019 0.000000 183.085257 -0.234019 0.972232 0.000000 -20.747109 0.000000 0.000000 1.000000 0.000000
0.971678 0.236309 0.000000 183.656405 -0.236309 0.971678 0.000000 -20.894585 0.000000 0.000000 1.000000 0.000000
0.971466 0.237179 0.000000 184.197262 -0.237179 0.971466 0.000000 -21.033867 0.000000 0.000000 1.000000 0.000000
0.971394 0.237474 0.000000 184.768239 -0.237474 0.971394 0.000000 -21.187859 0.000000 0.000000 1.000000 0.000000
0.970538 0.240949 0.000000 185.343577 -0.240949 0.970538 0.000000 -21.342817 0.000000 0.000000 1.000000 0.000000
0.970622 0.240610 0.000000 185.893305 -0.240610 0.970622 0.000000 -21.493782 0.000000 0.000000 1.000000 0.000000
0.971144 0.238493 0.000000 186.459756 -0.238493 0.971144 0.000000 -21.650337 0.000000 0.000000 1.000000 0.000000
0.970492 0.241135 0.000000 187.029279 -0.241135 0.970492 0.000000 -21.803565 0.000000 0.000000 1.000000 0.000000
0.971271 0.237977 0.000000 187.566393 -0.237977 0.971271 0.000000 -21.956641 0.000000 0.000000 1.000000 0.000000
0.971058 0.238846 0.000000 188.126170 -0.238846 0.971058 0.000000 -22.113452 0.000000 0.000000 1.000000 0.000000
0.970465 0.241244 0.000000 188.694867 -0.241244 0.970465 0.000000 -22.265359 0.000000 0.000000 1.000000 0.000000
0.970293 0.241934 0.000000 189.228898 -0.241934 0.970293 0.000000 -22.407913 0.000000 0.000000 1.000000 0.000000
0.969973 0.243211 0.000000 189.798978 -0.243211 0.969973 0.000000 -22.563545 0.000000 0.000000 1.000000 0.000000
0.969541 0.244928 0.000000 190.360007 -0.244928 0.969541 0.000000 -22.721360 0.000000 0.000000 1.000000 0.000000
0.968893 0.247480 0.000000 191.175755 -0.247480 0.968893 0.000000 -22.956978 0.000000 0.000000 1.000000 0.000000
0.968203 0.250164 0.000000 191.735413 -0.250164 0.968203 0.000000 -23.108545 0.000000 0.000000 1.000000 0.000000
0.967776 0.251812 0.000000 192.303467 -0.251812 0.967776 0.000000 -23.263282 0.000000 0.000000 1.000000 0.000000
0.967867 0.251464 0.000000 192.864491 -0.251464 0.967867 0.000000 -23.414969 0.000000 0.000000 1.000000 0.000000
0.967777 0.251810 0.000000 193.424109 -0.251810 0.967777 0.000000 -23.570919 0.000000 0.000000 1.000000 0.000000
0.968278 0.249876 0.000000 193.988652 -0.249876 0.968278 0.000000 -23.723535 0.000000 0.000000 1.000000 0.000000
0.969027 0.246955 0.000000 194.542868 -0.246955 0.969027 0.000000 -23.883137 0.000000 0.000000 1.000000 0.000000
0.969018 0.246988 0.000000 195.124138 -0.246988 0.969018 0.000000 -24.042113 0.000000 0.000000 1.000000 0.000000
0.969042 0.246897 0.000000 195.622876 -0.246897 0.969042 0.000000 -24.182149 0.000000 0.000000 1.000000 0.000000
0.968791 0.247879 0.000000 196.593784 -0.247879 0.968791 0.000000 -24.450259 0.000000 0.000000 1.000000 0.000000
0.968743 0.248065 0.000000 197.151910 -0.248065 0.968743 0.000000 -24.598762 0.000000 0.000000 1.000000 0.000000
0.968317 0.249726 0.000000 197.856846 -0.249726 0.968317 0.000000 -24.797082 0.000000 0.000000 1.000000 0.000000
0.967820 0.251643 0.000000 198.565560 -0.251643 0.967820 0.000000 -24.999838 0.000000 0.000000 1.000000 0.000000
0.967297 0.253647 0.000000 199.517738 -0.253647 0.967297 0.000000 -25.276960 0.000000 0.000000 1.000000 0.000000
0.967411 0.253213 0.000000 200.069869 -0.253213 0.967411 0.000000 -25.438336 0.000000 0.000000 1.000000 0.000000
0.967604 0.252472 0.000000 200.630149 -0.252472 0.967604 0.000000 -25.604558 0.000000 0.000000 1.000000 0.000000
0.967432 0.253132 0.000000 201.183141 -0.253132 0.967432 0.000000 -25.761699 0.000000 0.000000 1.000000 0.000000
0.967367 0.253379 0.000000 201.706669 -0.253379 0.967367 0.000000 -25.912045 0.000000 0.000000 1.000000 0.000000
0.968195 0.250197 0.000000 202.268592 -0.250197 0.968195 0.000000 -26.075448 0.000000 0.000000 1.000000 0.000000
0.967771 0.251834 0.000000 202.820748 -0.251834 0.967771 0.000000 -26.239038 0.000000 0.000000 1.000000 0.000000
0.967812 0.251676 0.000000 203.609042 -0.251676 0.967812 0.000000 -26.477527 0.000000 0.000000 1.000000 0.000000
0.968196 0.250192 0.000000 204.167801 -0.250192 0.968196 0.000000 -26.638019 0.000000 0.000000 1.000000 0.000000
0.968281 0.249866 0.000000 204.723976 -0.249866 0.968281 0.000000 -26.794992 0.000000 0.000000 1.000000 0.000000
0.968324 0.249696 0.000000 205.276497 -0.249696 0.968324 0.000000 -26.955090 0.000000 0.000000 1.000000 0.000000
0.969170 0.246391 0.000000 205.863895 -0.246391 0.969170 0.000000 -27.119375 0.000000 0.000000 1.000000 0.000000
0.969209 0.246240 0.000000 206.381232 -0.246240 0.969209 0.000000 -27.264640 0.000000 0.000000 1.000000 0.000000
0.969230 0.246157 0.000000 206.970302 -0.246157 0.969230 0.000000 -27.431054 0.000000 0.000000 1.000000 0.000000
0.969626 0.244592 0.000000 207.488804 -0.244592 0.969626 0.000000 -27.581465 0.000000 0.000000 1.000000 0.000000
0.969777 0.243992 0.000000 208.075361 -0.243992 0.969777 0.000000 -27.747668 0.000000 0.000000 1.000000 0.000000
0.970028 0.242992 0.000000 208.625570 -0.242992 0.970028 0.000000 -27.904581 0.000000 0.000000 1.000000 0.000000
0.969852 0.243693 0.000000 209.177518 -0.243693 0.969852 0.000000 -28.054540 0.000000 0.000000 1.000000 0.000000
0.970115 0.242645 0.000000 209.734386 -0.242645 0.970115 0.000000 -28.210585 0.000000 0.000000 1.000000 0.000000
0.970035 0.242966 0.000000 210.276808 -0.242966 0.970035 0.000000 -28.361176 0.000000 0.000000 1.000000 0.000000
