0.999987 0.005022 0.000000 1.169300 -0.005022 0.999987 0.000000 -0.017446 0.000000 0.000000 1.000000 0.000000
0.999973 0.007345 0.000000 1.720135 -0.007345 0.999973 0.000000 -0.034395 0.000000 0.000000 1.000000 0.000000
0.999943 0.010662 0.000000 2.869089 -0.010662 0.999943 0.000000 -0.069863 0.000000 0.000000 1.000000 0.000000
0.999907 0.013601 0.000000 3.458551 -0.013601 0.999907 0.000000 -0.081020 0.000000 0.000000 1.000000 0.000000
0.999883 0.015290 0.000000 4.014061 -0.015290 0.999883 0.000000 -0.097770 0.000000 0.000000 1.000000 0.000000
0.999877 0.015669 0.000000 4.607456 -0.015669 0.999877 0.000000 -0.116815 0.000000 0.000000 1.000000 0.000000
0.999839 0.017924 0.000000 5.424134 -0.017924 0.999839 0.000000 -0.138173 0.000000 0.000000 1.000000 0.000000
0.999813 0.019353 0.000000 6.003691 -0.019353 0.999813 0.000000 -0.164330 0.000000 0.000000 1.000000 0.000000
0.999791 0.020442 0.000000 6.564511 -0.020442 0.999791 0.000000 -0.184176 0.000000 0.000000 1.000000 0.000000
0.999683 0.025173 0.000000 7.154038 -0.025173 0.999683 0.000000 -0.197457 0.000000 0.000000 1.000000 0.000000
0.999535 0.030500 0.000000 7.699153 -0.030500 0.999535 0.000000 -0.217746 0.000000 0.000000 1.000000 0.000000
0.999331 0.036562 0.000000 8.277664 -0.036562 0.999331 0.000000 -0.243230 0.000000 0.000000 1.000000 0.000000
0.999105 0.042299 0.000000 8.817743 -0.042299 0.999105 0.000000 -0.268228 0.000000 0.000000 1.000000 0.000000
0.998827 0.048422 0.000000 9.534174 -0.048422 0.998827 0.000000 -0.315211 0.000000 0.000000 1.000000 0.000000
0.998653 0.051879 0.000000 10.106117 -0.051879 0.998653 0.000000 -0.353525 0.000000 0.000000 1.000000 0.000000
0.998415 0.056284 0.000000 10.680064 -0.056284 0.998415 0.000000 -0.388566 0.000000 0.000000 1.000000 0.000000
0.998067 0.062147 0.000000 11.250671 -0.062147 0.998067 0.000000 -0.421354 0.000000 0.000000 1.000000 0.000000
0.997414 0.071871 0.000000 12.390966 -0.071871 0.997414 0.000000 -0.501579 0.000000 0.000000 1.000000 0.000000
0.997009 0.077284 0.000000 12.931257 -0.077284 0.997009 0.000000 -0.537662 0.000000 0.000000 1.000000 0.000000
0.996402 0.084753 0.000000 13.508019 -0.084753 0.996402 0.000000 -0.582176 0.000000 0.000000 1.000000 0.000000
0.995825 0.091278 0.000000 14.051578 -0.091278 0.995825 0.000000 -0.629311 0.000000 0.000000 1.000000 0.000000
0.995210 0.097761 0.000000 14.615796 -0.097761 0.995210 0.000000 -0.679436 0.000000 0.000000 1.000000 0.000000
0.994701 0.102807 0.000000 15.143082 -0.102807 0.994701 0.000000 -0.739085 0.000000 0.000000 1.000000 0.000000
0.994025 0.109156 0.000000 15.721277 -0.109156 0.994025 0.000000 -0.808431 0.000000 0.000000 1.000000 0.000000
0.993278 0.115754 0.000000 16.255541 -0.115754 0.993278 0.000000 -0.869304 0.000000 0.000000 1.000000 0.000000
0.991819 0.127650 0.000000 17.008327 -0.127650 0.991819 0.000000 -0.955078 0.000000 0.000000 1.000000 0.000000
0.990864 0.134867 0.000000 17.577986 -0.134867 0.990864 0.000000 -1.032183 0.000000 0.000000 1.000000 0.000000
0.990189 0.139736 0.000000 18.134647 -0.139736 0.990189 0.000000 -1.109231 0.000000 0.000000 1.000000 0.000000
0.989523 0.144378 0.000000 18.685955 -0.144378 0.989523 0.000000 -1.194107 0.000000 0.000000 1.000000 0.000000
0.988565 0.150797 0.000000 19.252882 -0.150797 0.988565 0.000000 -1.284068 0.000000 0.000000 1.000000 0.000000
0.987563 0.157226 0.000000 19.780684 -0.157226 0.987563 0.000000 -1.367887 0.000000 0.000000 1.000000 0.000000
0.986632 0.162965 0.000000 20.306675 -0.162965 0.986632 0.000000 -1.455162 0.000000 0.000000 1.000000 0.000000
0.985167 0.171600 0.000000 20.871129 -0.171600 0.985167 0.000000 -1.552444 0.000000 0.000000 1.000000 0.000000
0.983483 0.181000 0.000000 21.392846 -0.181000 0.983483 0.000000 -1.648905 0.000000 0.000000 1.000000 0.000000
0.982014 0.188806 0.000000 21.949908 -0.188806 0.982014 0.000000 -1.760121 0.000000 0.000000 1.000000 0.000000
0.980630 0.195868 0.000000 22.689427 -0.195868 0.980630 0.000000 -1.920192 0.000000 0.000000 1.000000 0.000000
0.979290 0.202461 0.000000 23.237588 -0.202461 0.979290 0.000000 -2.039639 0.000000 0.000000 1.000000 0.000000
0.977559 0.210660 0.000000 23.824441 -0.210660 0.977559 0.000000 -2.161588 0.000000 0.000000 1.000000 0.000000
0.975937 0.218051 0.000000 24.369917 -0.218051 0.975937 0.000000 -2.281134 0.000000 0.000000 1.000000 0.000000
0.974391 0.224862 0.000000 24.917387 -0.224862 0.974391 0.000000 -2.405999 0.000000 0.000000 1.000000 0.000000
0.973050 0.230593 0.000000 25.425277 -0.230593 0.973050 0.000000 -2.522995 0.000000 0.000000 1.000000 0.000000
0.972101 0.234564 0.000000 25.969471 -0.234564 0.972101 0.000000 -2.652131 0.000000 0.000000 1.000000 0.000000
0.971601 0.236625 0.000000 26.469217 -0.236625 0.971601 0.000000 -2.771124 0.000000 0.000000 1.000000 0.000000
0.970310 0.241865 0.000000 27.002674 -0.241865 0.970310 0.000000 -2.905205 0.000000 0.000000 1.000000 0.000000
0.968034 0.250820 0.000000 28.030438 -0.250820 0.968034 0.000000 -3.177513 0.000000 0.000000 1.000000 0.000000
0.966704 0.255896 0.000000 28.517421 -0.255896 0.966704 0.000000 -3.305067 0.000000 0.000000 1.000000 0.000000
0.965393 0.260799 0.000000 29.043871 -0.260799 0.965393 0.000000 -3.446210 0.000000 0.000000 1.000000 0.000000
0.963643 0.267194 0.000000 29.711077 -0.267194 0.963643 0.000000 -3.633756 0.000000 0.000000 1.000000 0.000000
0.962299 0.271995 0.000000 30.198408 -0.271995 0.962299 0.000000 -3.770071 0.000000 0.000000 1.000000 0.000000
0.960378 0.278699 0.000000 30.680743 -0.278699 0.960378 0.000000 -3.909796 0.000000 0.000000 1.000000 0.000000
0.958922 0.283668 0.000000 31.195886 -0.283668 0.958922 0.000000 -4.070586 0.000000 0.000000 1.000000 0.000000
0.957108 0.289730 0.000000 31.675474 -0.289730 0.957108 0.000000 -4.215812 0.000000 0.000000 1.000000 0.000000
0.954777 0.297323 0.000000 32.348791 -0.297323 0.954777 0.000000 -4.429115 0.000000 0.000000 1.000000 0.000000
0.953625 0.300997 0.000000 32.860581 -0.300997 0.953625 0.000000 -4.599233 0.000000 0.000000 1.000000 0.000000
0.952015 0.306050 0.000000 33.367766 -0.306050 0.952015 0.000000 -4.776348 0.000000 0.000000 1.000000 0.000000
0.950330 0.311244 0.000000 33.854500 -0.311244 0.950330 0.000000 -4.944216 0.000000 0.000000 1.000000 0.000000
0.949389 0.314102 0.000000 34.365872 -0.314102 0.949389 0.000000 -5.125625 0.000000 0.000000 1.000000 0.000000
0.948505 0.316761 0.000000 34.875819 -0.316761 0.948505 0.000000 -5.298230 0.000000 0.000000 1.000000 0.000000
0.946872 0.321611 0.000000 35.343120 -0.321611 0.946872 0.000000 -5.457697 0.000000 0.000000 1.000000 0.000000
0.945414 0.325873 0.000000 35.849842 -0.325873 0.945414 0.000000 -5.642492 0.000000 0.000000 1.000000 0.000000
0.943460 0.331486 0.000000 36.328451 -0.331486 0.943460 0.000000 -5.809904 0.000000 0.000000 1.000000 0.000000
0.941433 0.337200 0.000000 36.830155 -0.337200 0.941433 0.000000 -5.986050 0.000000 0.000000 1.000000 0.000000
0.939281 0.343149 0.000000 37.307174 -0.343149 0.939281 0.000000 -6.163330 0.000000 0.000000 1.000000 0.000000
0.936690 0.350161 0.000000 37.807428 -0.350161 0.936690 0.000000 -6.346721 0.000000 0.000000 1.000000 0.000000
0.934579 0.355754 0.000000 38.284972 -0.355754 0.934579 0.000000 -6.526856 0.000000 0.000000 1.000000 0.000000
0.933180 0.359409 0.000000 38.781977 -0.359409 0.933180 0.000000 -6.722981 0.000000 0.000000 1.000000 0.000000
0.931470 0.363819 0.000000 39.238796 -0.363819 0.931470 0.000000 -6.901567 0.000000 0.000000 1.000000 0.000000
0.927794 0.373092 0.000000 39.924418 -0.373092 0.927794 0.000000 -7.172668 0.000000 0.000000 1.000000 0.000000
0.923516 0.383559 0.000000 40.630436 -0.383559 0.923516 0.000000 -7.460637 0.000000 0.000000 1.000000 0.000000
0.920310 0.391189 0.000000 41.116584 -0.391189 0.920310 0.000000 -7.660589 0.000000 0.000000 1.000000 0.000000
0.915736 0.401779 0.000000 41.960286 -0.401779 0.915736 0.000000 -8.025940 0.000000 0.000000 1.000000 0.000000
0.913558 0.406708 0.000000 42.437353 -0.406708 0.913558 0.000000 -8.243499 0.000000 0.000000 1.000000 0.000000
0.912607 0.408838 0.000000 42.918851 -0.408838 0.912607 0.000000 -8.459957 0.000000 0.000000 1.000000 0.000000
0.910385 0.413763 0.000000 43.394743 -0.413763 0.910385 0.000000 -8.658619 0.000000 0.000000 1.000000 0.000000
0.908113 0.418725 0.000000 43.870876 -0.418725 0.908113 0.000000 -8.871716 0.000000 0.000000 1.000000 0.000000
0.906047 0.423178 0.000000 44.370822 -0.423178 0.906047 0.000000 -9.111580 0.000000 0.000000 1.000000 0.000000
0.903651 0.428269 0.000000 44.800352 -0.428269 0.903651 0.000000 -9.320014 0.000000 0.000000 1.000000 0.000000
0.901944 0.431854 0.000000 45.254039 -0.431854 0.901944 0.000000 -9.542132 0.000000 0.000000 1.000000 0.000000
0.901062 0.433690 0.000000 45.705957 -0.433690 0.901062 0.000000 -9.765526 0.000000 0.000000 1.000000 0.000000
0.899473 0.436976 0.000000 46.153995 -0.436976 0.899473 0.000000 -9.979719 0.000000 0.000000 1.000000 0.000000
0.897789 0.440426 0.000000 46.583301 -0.440426 0.897789 0.000000 -10.198744 0.000000 0.000000 1.000000 0.000000
0.895987 0.444081 0.000000 47.015781 -0.444081 0.895987 0.000000 -10.427201 0.000000 0.000000 1.000000 0.000000
0.895341 0.445382 0.000000 47.409787 -0.445382 0.895341 0.000000 -10.643706 0.000000 0.000000 1.000000 0.000000
0.893771 0.448524 0.000000 47.837133 -0.448524 0.893771 0.000000 -10.868550 0.000000 0.000000 1.000000 0.000000
0.892438 0.451170 0.000000 48.223617 -0.451170 0.892438 0.000000 -11.077848 0.000000 0.000000 1.000000 0.000000
0.892158 0.451723 0.000000 48.645423 -0.451723 0.892158 0.000000 -11.298094 0.000000 0.000000 1.000000 0.000000
0.891521 0.452980 0.000000 49.046727 -0.452980 0.891521 0.000000 -11.509304 0.000000 0.000000 1.000000 0.000000
0.891516 0.452990 0.000000 49.437705 -0.452990 0.891516 0.000000 -11.713794 0.000000 0.000000 1.000000 0.000000
0.889402 0.457125 0.000000 49.835795 -0.457125 0.889402 0.000000 -11.910424 0.000000 0.000000 1.000000 0.000000
0.886237 0.463232 0.000000 50.225854 -0.463232 0.886237 0.000000 -12.109768 0.000000 0.000000 1.000000 0.000000
0.884531 0.466481 0.000000 50.601407 -0.466481 0.884531 0.000000 -12.313763 0.000000 0.000000 1.000000 0.000000
0.881545 0.472099 0.000000 50.972035 -0.472099 0.881545 0.000000 -12.514632 0.000000 0.000000 1.000000 0.000000
0.878696 0.477382 0.000000 51.349909 -0.477382 0.878696 0.000000 -12.731597 0.000000 0.000000 1.000000 0.000000
0.873929 0.486054 0.000000 51.895167 -0.486054 0.873929 0.000000 -13.050805 0.000000 0.000000 1.000000 0.000000
0.869074 0.494681 0.000000 52.287371 -0.494681 0.869074 0.000000 -13.284896 0.000000 0.000000 1.000000 0.000000
0.865636 0.500674 0.000000 52.649206 -0.500674 0.865636 0.000000 -13.500967 0.000000 0.000000 1.000000 0.000000
0.863020 0.505169 0.000000 52.998781 -0.505169 0.863020 0.000000 -13.715677 0.000000 0.000000 1.000000 0.000000
0.859589 0.510986 0.000000 53.340347 -0.510986 0.859589 0.000000 -13.924193 0.000000 0.000000 1.000000 0.000000
0.856483 0.516175 0.000000 53.685098 -0.516175 0.856483 0.000000 -14.134612 0.000000 0.000000 1.000000 0.000000
0.853407 0.521246 0.000000 54.027788 -0.521246 0.853407 0.000000 -14.341154 0.000000 0.000000 1.000000 0.000000
0.849838 0.527044 0.000000 54.372990 -0.527044 0.849838 0.000000 -14.550567 0.000000 0.000000 1.000000 0.000000
0.847602 0.530632 0.000000 54.703148 -0.530632 0.847602 0.000000 -14.762214 0.000000 0.000000 1.000000 0.000000
0.845457 0.534044 0.000000 55.032581 -0.534044 0.845457 0.000000 -14.974586 0.000000 0.000000 1.000000 0.000000
0.843857 0.536568 0.000000 55.351005 -0.536568 0.843857 0.000000 -15.185425 0.000000 0.000000 1.000000 0.000000
0.842542 0.538630 0.000000 55.979152 -0.538630 0.842542 0.000000 -15.598146 0.000000 0.000000 1.000000 0.000000
0.841725 0.539907 0.000000 56.274703 -0.539907 0.841725 0.000000 -15.790272 0.000000 0.000000 1.000000 0.000000
0.841518 0.540229 0.000000 56.552845 -0.540229 0.841518 0.000000 -15.972271 0.000000 0.000000 1.000000 0.000000
0.842292 0.539021 0.000000 56.821084 -0.539021 0.842292 0.000000 -16.156190 0.000000 0.000000 1.000000 0.000000
0.842443 0.538785 0.000000 57.120315 -0.538785 0.842443 0.000000 -16.338930 0.000000 0.000000 1.000000 0.000000
0.841376 0.540451 0.000000 57.383712 -0.540451 0.841376 0.000000 -16.511412 0.000000 0.000000 1.000000 0.000000
0.840522 0.541777 0.000000 57.660253 -0.541777 0.840522 0.000000 -16.697855 0.000000 0.000000 1.000000 0.000000
0.839799 0.542897 0.000000 57.922247 -0.542897 0.839799 0.000000 -16.868690 0.000000 0.000000 1.000000 0.000000
0.839690 0.543066 0.000000 58.189749 -0.543066 0.839690 0.000000 -17.047686 0.000000 0.000000 1.000000 0.000000
0.838952 0.544205 0.000000 58.431417 -0.544205 0.838952 0.000000 -17.211444 0.000000 0.000000 1.000000 0.000000
0.838038 0.545612 0.000000 58.672335 -0.545612 0.838038 0.000000 -17.367714 0.000000 0.000000 1.000000 0.000000
0.836224 0.548389 0.000000 58.929061 -0.548389 0.836224 0.000000 -17.534589 0.000000 0.000000 1.000000 0.000000
0.834158 0.551526 0.000000 59.289631 -0.551526 0.834158 0.000000 -17.773475 0.000000 0.000000 1.000000 0.000000
0.831270 0.555869 0.000000 59.557382 -0.555869 0.831270 0.000000 -17.942751 0.000000 0.000000 1.000000 0.000000
0.828328 0.560244 0.000000 59.802137 -0.560244 0.828328 0.000000 -18.105393 0.000000 0.000000 1.000000 0.000000
0.825185 0.564862 0.000000 60.035100 -0.564862 0.825185 0.000000 -18.258925 0.000000 0.000000 1.000000 0.000000
0.822365 0.568961 0.000000 60.260673 -0.568961 0.822365 0.000000 -18.414772 0.000000 0.000000 1.000000 0.000000
0.821140 0.570727 0.000000 60.476918 -0.570727 0.821140 0.000000 -18.568804 0.000000 0.000000 1.000000 0.000000
0.820941 0.571013 0.000000 60.691251 -0.571013 0.820941 0.000000 -18.728788 0.000000 0.000000 1.000000 0.000000
0.821948 0.569563 0.000000 60.900414 -0.569563 0.821948 0.000000 -18.885499 0.000000 0.000000 1.000000 0.000000
0.822305 0.569047 0.000000 61.106983 -0.569047 0.822305 0.000000 -19.034845 0.000000 0.000000 1.000000 0.000000
0.820729 0.571317 0.000000 61.299214 -0.571317 0.820729 0.000000 -19.176158 0.000000 0.000000 1.000000 0.000000
0.814772 0.579782 0.000000 61.711512 -0.579782 0.814772 0.000000 -19.456040 0.000000 0.000000 1.000000 0.000000
0.812758 0.582602 0.000000 61.887457 -0.582602 0.812758 0.000000 -19.581753 0.000000 0.000000 1.000000 0.000000
0.813245 0.581922 0.000000 62.051540 -0.581922 0.813245 0.000000 -19.714475 0.000000 0.000000 1.000000 0.000000
0.813351 0.581774 0.000000 62.228028 -0.581774 0.813351 0.000000 -19.850371 0.000000 0.000000 1.000000 0.000000
0.812416 0.583079 0.000000 62.388081 -0.583079 0.812416 0.000000 -19.972007 0.000000 0.000000 1.000000 0.000000
0.812206 0.583370 0.000000 62.543288 -0.583370 0.812206 0.000000 -20.094044 0.000000 0.000000 1.000000 0.000000
0.810584 0.585622 0.000000 62.710100 -0.585622 0.810584 0.000000 -20.218886 0.000000 0.000000 1.000000 0.000000
0.809567 0.587027 0.000000 62.863858 -0.587027 0.809567 0.000000 -20.329013 0.000000 0.000000 1.000000 0.000000
0.807921 0.589290 0.000000 63.027852 -0.589290 0.807921 0.000000 -20.447142 0.000000 0.000000 1.000000 0.000000
0.805050 0.593207 0.000000 63.346184 -0.593207 0.805050 0.000000 -20.677784 0.000000 0.000000 1.000000 0.000000
0.804521 0.593924 0.000000 63.496284 -0.593924 0.804521 0.000000 -20.790291 0.000000 0.000000 1.000000 0.000000
0.803644 0.595110 0.000000 63.648834 -0.595110 0.803644 0.000000 -20.898530 0.000000 0.000000 1.000000 0.000000
0.802092 0.597201 0.000000 63.898568 -0.597201 0.802092 0.000000 -21.091045 0.000000 0.000000 1.000000 0.000000
0.800228 0.599696 0.000000 64.062112 -0.599696 0.800228 0.000000 -21.214193 0.000000 0.000000 1.000000 0.000000
0.798316 0.602239 0.000000 64.222009 -0.602239 0.798316 0.000000 -21.333824 0.000000 0.000000 1.000000 0.000000
0.797872 0.602827 0.000000 64.384602 -0.602827 0.797872 0.000000 -21.458863 0.000000 0.000000 1.000000 0.000000
0.797171 0.603754 0.000000 64.544120 -0.603754 0.797171 0.000000 -21.579990 0.000000 0.000000 1.000000 0.000000
0.796110 0.605152 0.000000 64.701438 -0.605152 0.796110 0.000000 -21.704280 0.000000 0.000000 1.000000 0.000000
0.794691 0.607014 0.000000 64.859523 -0.607014 0.794691 0.000000 -21.826633 0.000000 0.000000 1.000000 0.000000
0.791171 0.611595 0.000000 65.183114 -0.611595 0.791171 0.000000 -22.079951 0.000000 0.000000 1.000000 0.000000
0.789610 0.613609 0.000000 65.347708 -0.613609 0.789610 0.000000 -22.210955 0.000000 0.000000 1.000000 0.000000
0.787713 0.616043 0.000000 65.516987 -0.616043 0.787713 0.000000 -22.341577 0.000000 0.000000 1.000000 0.000000
0.786435 0.617673 0.000000 65.674225 -0.617673 0.786435 0.000000 -22.470036 0.000000 0.000000 1.000000 0.000000
0.785616 0.618714 0.000000 65.844807 -0.618714 0.785616 0.000000 -22.610622 0.000000 0.000000 1.000000 0.000000
0.784039 0.620712 0.000000 66.011332 -0.620712 0.784039 0.000000 -22.744904 0.000000 0.000000 1.000000 0.000000
0.782564 0.622570 0.000000 66.172993 -0.622570 0.782564 0.000000 -22.878708 0.000000 0.000000 1.000000 0.000000
0.779996 0.625784 0.000000 66.348923 -0.625784 0.779996 0.000000 -23.021706 0.000000 0.000000 1.000000 0.000000
0.776390 0.630253 0.000000 66.522520 -0.630253 0.776390 0.000000 -23.154881 0.000000 0.000000 1.000000 0.000000
0.772878 0.634555 0.000000 66.695195 -0.634555 0.772878 0.000000 -23.296243 0.000000 0.000000 1.000000 0.000000
0.770326 0.637650 0.000000 66.872265 -0.637650 0.770326 0.000000 -23.447646 0.000000 0.000000 1.000000 0.000000
0.768381 0.639992 0.000000 67.045550 -0.639992 0.768381 0.000000 -23.593925 0.000000 0.000000 1.000000 0.000000
0.766627 0.642093 0.000000 67.233723 -0.642093 0.766627 0.000000 -23.755604 0.000000 0.000000 1.000000 0.000000
0.763972 0.645250 0.000000 67.413039 -0.645250 0.763972 0.000000 -23.907684 0.000000 0.000000 1.000000 0.000000
0.761404 0.648278 0.000000 67.604519 -0.648278 0.761404 0.000000 -24.077392 0.000000 0.000000 1.000000 0.000000
0.758262 0.651950 0.000000 67.788727 -0.651950 0.758262 0.000000 -24.234519 0.000000 0.000000 1.000000 0.000000
0.753551 0.657389 0.000000 68.072683 -0.657389 0.753551 0.000000 -24.474199 0.000000 0.000000 1.000000 0.000000
0.751717 0.659486 0.000000 68.257071 -0.659486 0.751717 0.000000 -24.639489 0.000000 0.000000 1.000000 0.000000
0.750242 0.661163 0.000000 68.455682 -0.661163 0.750242 0.000000 -24.819857 0.000000 0.000000 1.000000 0.000000
0.748592 0.663031 0.000000 68.639507 -0.663031 0.748592 0.000000 -24.990310 0.000000 0.000000 1.000000 0.000000
0.745504 0.666502 0.000000 69.034415 -0.666502 0.745504 0.000000 -25.360207 0.000000 0.000000 1.000000 0.000000
0.743856 0.668340 0.000000 69.226340 -0.668340 0.743856 0.000000 -25.543137 0.000000 0.000000 1.000000 0.000000
0.742278 0.670092 0.000000 69.411998 -0.670092 0.742278 0.000000 -25.717040 0.000000 0.000000 1.000000 0.000000
0.741359 0.671109 0.000000 69.609534 -0.671109 0.741359 0.000000 -25.903007 0.000000 0.000000 1.000000 0.000000
0.737931 0.674876 0.000000 69.890514 -0.674876 0.737931 0.000000 -26.148205 0.000000 0.000000 1.000000 0.000000
0.734465 0.678647 0.000000 70.091040 -0.678647 0.734465 0.000000 -26.327801 0.000000 0.000000 1.000000 0.000000
0.730162 0.683274 0.000000 70.280326 -0.683274 0.730162 0.000000 -26.501385 0.000000 0.000000 1.000000 0.000000
0.727489 0.686120 0.000000 70.469766 -0.686120 0.727489 0.000000 -26.685034 0.000000 0.000000 1.000000 0.000000
0.725728 0.687982 0.000000 70.648776 -0.687982 0.725728 0.000000 -26.858144 0.000000 0.000000 1.000000 0.000000
0.723313 0.690520 0.000000 70.825087 -0.690520 0.723313 0.000000 -27.030099 0.000000 0.000000 1.000000 0.000000
0.722362 0.691515 0.000000 71.008395 -0.691515 0.722362 0.000000 -27.213001 0.000000 0.000000 1.000000 0.000000
0.720673 0.693275 0.000000 71.183970 -0.693275 0.720673 0.000000 -27.387354 0.000000 0.000000 1.000000 0.000000
0.718477 0.695551 0.000000 71.361025 -0.695551 0.718477 0.000000 -27.557184 0.000000 0.000000 1.000000 0.000000
0.718122 0.695917 0.000000 71.545107 -0.695917 0.718122 0.000000 -27.742700 0.000000 0.000000 1.000000 0.000000
0.718777 0.695241 0.000000 71.713839 -0.695241 0.718777 0.000000 -27.918356 0.000000 0.000000 1.000000 0.000000
0.717565 0.696491 0.000000 71.951328 -0.696491 0.717565 0.000000 -28.157901 0.000000 0.000000 1.000000 0.000000
0.716573 0.697512 0.000000 72.141734 -0.697512 0.716573 0.000000 -28.351412 0.000000 0.000000 1.000000 0.000000
0.716611 0.697473 0.000000 72.316030 -0.697473 0.716611 0.000000 -28.537636 0.000000 0.000000 1.000000 0.000000
0.715874 0.698229 0.000000 72.489910 -0.698229 0.715874 0.000000 -28.718756 0.000000 0.000000 1.000000 0.000000
0.716257 0.697837 0.000000 72.651216 -0.697837 0.716257 0.000000 -28.906353 0.000000 0.000000 1.000000 0.000000
0.720487 0.693469 0.000000 72.819360 -0.693469 0.720487 0.000000 -29.090629 0.000000 0.000000 1.000000 0.000000
0.722905 0.690947 0.000000 72.992695 -0.690947 0.722905 0.000000 -29.261721 0.000000 0.000000 1.000000 0.000000
0.724097 0.689698 0.000000 73.166737 -0.689698 0.724097 0.000000 -29.429882 0.000000 0.000000 1.000000 0.000000
0.725781 0.687926 0.000000 73.338833 -0.687926 0.725781 0.000000 -29.598606 0.000000 0.000000 1.000000 0.000000
0.725726 0.687984 0.000000 73.498021 -0.687984 0.725726 0.000000 -29.751694 0.000000 0.000000 1.000000 0.000000
0.726659 0.686999 0.000000 73.826021 -0.686999 0.726659 0.000000 -30.072410 0.000000 0.000000 1.000000 0.000000
0.728491 0.685055 0.000000 73.992763 -0.685055 0.728491 0.000000 -30.238693 0.000000 0.000000 1.000000 0.000000
0.729927 0.683525 0.000000 74.157872 -0.683525 0.729927 0.000000 -30.402361 0.000000 0.000000 1.000000 0.000000
0.731731 0.681593 0.000000 74.305484 -0.681593 0.731731 0.000000 -30.550280 0.000000 0.000000 1.000000 0.000000
0.733119 0.680100 0.000000 74.464395 -0.680100 0.733119 0.000000 -30.706394 0.000000 0.000000 1.000000 0.000000
0.733165 0.680051 0.000000 74.620606 -0.680051 0.733165 0.000000 -30.850837 0.000000 0.000000 1.000000 0.000000
0.733775 0.679392 0.000000 74.778706 -0.679392 0.733775 0.000000 -30.999890 0.000000 0.000000 1.000000 0.000000
0.736429 0.676515 0.000000 75.040601 -0.676515 0.736429 0.000000 -31.252870 0.000000 0.000000 1.000000 0.000000
0.739120 0.673574 0.000000 75.191397 -0.673574 0.739120 0.000000 -31.400423 0.000000 0.000000 1.000000 0.000000
0.740890 0.671626 0.000000 75.339876 -0.671626 0.740890 0.000000 -31.544773 0.000000 0.000000 1.000000 0.000000
0.743383 0.668866 0.000000 75.488381 -0.668866 0.743383 0.000000 -31.687096 0.000000 0.000000 1.000000 0.000000
0.745736 0.666241 0.000000 75.633040 -0.666241 0.745736 0.000000 -31.827490 0.000000 0.000000 1.000000 0.000000
0.749246 0.662292 0.000000 75.776490 -0.662292 0.749246 0.000000 -31.970026 0.000000 0.000000 1.000000 0.000000
0.756076 0.654483 0.000000 76.061264 -0.654483 0.756076 0.000000 -32.237963 0.000000 0.000000 1.000000 0.000000
0.759009 0.651080 0.000000 76.191908 -0.651080 0.759009 0.000000 -32.355181 0.000000 0.000000 1.000000 0.000000
0.762446 0.647052 0.000000 76.320349 -0.647052 0.762446 0.000000 -32.470878 0.000000 0.000000 1.000000 0.000000
0.767070 0.641564 0.000000 76.554492 -0.641564 0.767070 0.000000 -32.668216 0.000000 0.000000 1.000000 0.000000
0.771418 0.636329 0.000000 76.869576 -0.636329 0.771418 0.000000 -32.912040 0.000000 0.000000 1.000000 0.000000
0.776319 0.630341 0.000000 77.049517 -0.630341 0.776319 0.000000 -33.058291 0.000000 0.000000 1.000000 0.000000
0.780147 0.625596 0.000000 77.161432 -0.625596 0.780147 0.000000 -33.152812 0.000000 0.000000 1.000000 0.000000
0.787634 0.616144 0.000000 77.380662 -0.616144 0.787634 0.000000 -33.337083 0.000000 0.000000 1.000000 0.000000
0.791115 0.611668 0.000000 77.490415 -0.611668 0.791115 0.000000 -33.426691 0.000000 0.000000 1.000000 0.000000
0.793607 0.608430 0.000000 77.592222 -0.608430 0.793607 0.000000 -33.506740 0.000000 0.000000 1.000000 0.000000
0.796939 0.604060 0.000000 77.695491 -0.604060 0.796939 0.000000 -33.591938 0.000000 0.000000 1.000000 0.000000
0.801345 0.598202 0.000000 77.853629 -0.598202 0.801345 0.000000 -33.715778 0.000000 0.000000 1.000000 0.000000
0.807673 0.589631 0.000000 78.050093 -0.589631 0.807673 0.000000 -33.869388 0.000000 0.000000 1.000000 0.000000
0.811188 0.584785 0.000000 78.145217 -0.584785 0.811188 0.000000 -33.941811 0.000000 0.000000 1.000000 0.000000
0.814692 0.579894 0.000000 78.235446 -0.579894 0.814692 0.000000 -34.012225 0.000000 0.000000 1.000000 0.000000
0.817863 0.575413 0.000000 78.321616 -0.575413 0.817863 0.000000 -34.076683 0.000000 0.000000 1.000000 0.000000
0.820569 0.571548 0.000000 78.411841 -0.571548 0.820569 0.000000 -34.141016 0.000000 0.000000 1.000000 0.000000
0.823525 0.567280 0.000000 78.491693 -0.567280 0.823525 0.000000 -34.195614 0.000000 0.000000 1.000000 0.000000
0.829120 0.559071 0.000000 78.650261 -0.559071 0.829120 0.000000 -34.311577 0.000000 0.000000 1.000000 0.000000
0.832301 0.554324 0.000000 78.714847 -0.554324 0.832301 0.000000 -34.362579 0.000000 0.000000 1.000000 0.000000
0.834598 0.550860 0.000000 78.789431 -0.550860 0.834598 0.000000 -34.415763 0.000000 0.000000 1.000000 0.000000
0.837094 0.547059 0.000000 78.847376 -0.547059 0.837094 0.000000 -34.459050 0.000000 0.000000 1.000000 0.000000
0.839051 0.544053 0.000000 78.904128 -0.544053 0.839051 0.000000 -34.496535 0.000000 0.000000 1.000000 0.000000
0.840274 0.542162 0.000000 78.949369 -0.542162 0.840274 0.000000 -34.528193 0.000000 0.000000 1.000000 0.000000
0.841060 0.540942 0.000000 78.996935 -0.540942 0.841060 0.000000 -34.557252 0.000000 0.000000 1.000000 0.000000
0.842971 0.537959 0.000000 79.062777 -0.537959 0.842971 0.000000 -34.599868 0.000000 0.000000 1.000000 0.000000
0.843459 0.537193 0.000000 79.093458 -0.537193 0.843459 0.000000 -34.619194 0.000000 0.000000 1.000000 0.000000
0.843936 0.536443 0.000000 79.125650 -0.536443 0.843936 0.000000 -34.637383 0.000000 0.000000 1.000000 0.000000
0.844870 0.534971 0.000000 79.151786 -0.534971 0.844870 0.000000 -34.653642 0.000000 0.000000 1.000000 0.000000
0.846126 0.532983 0.000000 79.174474 -0.532983 0.846126 0.000000 -34.668026 0.000000 0.000000 1.000000 0.000000
0.846268 0.532757 0.000000 79.193027 -0.532757 0.846268 0.000000 -34.679203 0.000000 0.000000 1.000000 0.000000
0.846665 0.532126 0.000000 79.208449 -0.532126 0.846665 0.000000 -34.688664 0.000000 0.000000 1.000000 0.000000
0.847600 0.530635 0.000000 79.218465 -0.530635 0.847600 0.000000 -34.700208 0.000000 0.000000 1.000000 0.000000
0.848342 0.529449 0.000000 79.232916 -0.529449 0.848342 0.000000 -34.711446 0.000000 0.000000 1.000000 0.000000
0.848420 0.529324 0.000000 79.236197 -0.529324 0.848420 0.000000 -34.711387 0.000000 0.000000 1.000000 0.000000
0.848490 0.529212 0.000000 79.236306 -0.529212 0.848490 0.000000 -34.711219 0.000000 0.000000 1.000000 0.000000
0.847898 0.530159 0.000000 79.235128 -0.530159 0.847898 0.000000 -34.707809 0.000000 0.000000 1.000000 0.000000
0.847797 0.530322 0.000000 79.233602 -0.530322 0.847797 0.000000 -34.706591 0.000000 0.000000 1.000000 0.000000
0.847646 0.530562 0.000000 79.231004 -0.530562 0.847646 0.000000 -34.704754 0.000000 0.000000 1.000000 0.000000
0.847946 0.530083 0.000000 79.227076 -0.530083 0.847946 0.000000 -34.705683 0.000000 0.000000 1.000000 0.000000
0.848376 0.529394 0.000000 79.226122 -0.529394 0.848376 0.000000 -34.707756 0.000000 0.000000 1.000000 0.000000
0.847938 0.530096 0.000000 79.226730 -0.530096 0.847938 0.000000 -34.706643 0.000000 0.000000 1.000000 0.000000
0.847710 0.530460 0.000000 79.227108 -0.530460 0.847710 0.000000 -34.706016 0.000000 0.000000 1.000000 0.000000
0.847764 0.530374 0.000000 79.227507 -0.530374 0.847764 0.000000 -34.704770 0.000000 0.000000 1.000000 0.000000
0.847632 0.530584 0.000000 79.228216 -0.530584 0.847632 0.000000 -34.703200 0.000000 0.000000 1.000000 0.000000
0.847599 0.530638 0.000000 79.228839 -0.530638 0.847599 0.000000 -34.701556 0.000000 0.000000 1.000000 0.000000
0.847418 0.530927 0.000000 79.230219 -0.530927 0.847418 0.000000 -34.697074 0.000000 0.000000 1.000000 0.000000
0.847377 0.530992 0.000000 79.230877 -0.530992 0.847377 0.000000 -34.695011 0.000000 0.000000 1.000000 0.000000
0.847437 0.530895 0.000000 79.231415 -0.530895 0.847437 0.000000 -34.692560 0.000000 0.000000 1.000000 0.000000
0.847489 0.530812 0.000000 79.231547 -0.530812 0.847489 0.000000 -34.691925 0.000000 0.000000 1.000000 0.000000
0.847498 0.530798 0.000000 79.231812 -0.530798 0.847498 0.000000 -34.691371 0.000000 0.000000 1.000000 0.000000
0.847460 0.530860 0.000000 79.231952 -0.530860 0.847460 0.000000 -34.691111 0.000000 0.000000 1.000000 0.000000
0.847453 0.530871 0.000000 79.231947 -0.530871 0.847453 0.000000 -34.691249 0.000000 0.000000 1.000000 0.000000
0.847463 0.530855 0.000000 79.231792 -0.530855 0.847463 0.000000 -34.691825 0.000000 0.000000 1.000000 0.000000
0.847431 0.530906 0.000000 79.231609 -0.530906 0.847431 0.000000 -34.692382 0.000000 0.000000 1.000000 0.000000
0.847413 0.530935 0.000000 79.231445 -0.530935 0.847413 0.000000 -34.692842 0.000000 0.000000 1.000000 0.000000
0.847329 0.531069 0.000000 79.231400 -0.531069 0.847329 0.000000 -34.693146 0.000000 0.000000 1.000000 0.000000
0.847108 0.531422 0.000000 79.231444 -0.531422 0.847108 0.000000 -34.693209 0.000000 0.000000 1.000000 0.000000
0.847049 0.531515 0.000000 79.231598 -0.531515 0.847049 0.000000 -34.692872 0.000000 0.000000 1.000000 0.000000
0.847075 0.531474 0.000000 79.231706 -0.531474 0.847075 0.000000 -34.693047 0.000000 0.000000 1.000000 0.000000
0.847113 0.531412 0.000000 79.231546 -0.531412 0.847113 0.000000 -34.693221 0.000000 0.000000 1.000000 0.000000
0.847106 0.531424 0.000000 79.231552 -0.531424 0.847106 0.000000 -34.693108 0.000000 0.000000 1.000000 0.000000
0.847087 0.531454 0.000000 79.231612 -0.531454 0.847087 0.000000 -34.693053 0.000000 0.000000 1.000000 0.000000
0.847047 0.531518 0.000000 79.231608 -0.531518 0.847047 0.000000 -34.692966 0.000000 0.000000 1.000000 0.000000
0.847054 0.531507 0.000000 79.231563 -0.531507 0.847054 0.000000 -34.692758 0.000000 0.000000 1.000000 0.000000
0.846959 0.531658 0.000000 79.231754 -0.531658 0.846959 0.000000 -34.692791 0.000000 0.000000 1.000000 0.000000
0.846988 0.531612 0.000000 79.231651 -0.531612 0.846988 0.000000 -34.692790 0.000000 0.000000 1.000000 0.000000
0.846989 0.531611 0.000000 79.231646 -0.531611 0.846989 0.000000 -34.692784 0.000000 0.000000 1.000000 0.000000
0.846977 0.531630 0.000000 79.231604 -0.531630 0.846977 0.000000 -34.692601 0.000000 0.000000 1.000000 0.000000
0.846958 0.531660 0.000000 79.231627 -0.531660 0.846958 0.000000 -34.692452 0.000000 0.000000 1.000000 0.000000
0.847015 0.531570 0.000000 79.231445 -0.531570 0.847015 0.000000 -34.692380 0.000000 0.000000 1.000000 0.000000
0.847289 0.531132 0.000000 79.230747 -0.531132 0.847289 0.000000 -34.692567 0.000000 0.000000 1.000000 0.000000
0.847246 0.531200 0.000000 79.230151 -0.531200 0.847246 0.000000 -34.692123 0.000000 0.000000 1.000000 0.000000
0.847206 0.531265 0.000000 79.230045 -0.531265 0.847206 0.000000 -34.691760 0.000000 0.000000 1.000000 0.000000
0.847168 0.531325 0.000000 79.229839 -0.531325 0.847168 0.000000 -34.691707 0.000000 0.000000 1.000000 0.000000
0.847183 0.531301 0.000000 79.229656 -0.531301 0.847183 0.000000 -34.691795 0.000000 0.000000 1.000000 0.000000
0.847350 0.531035 0.000000 79.228824 -0.531035 0.847350 0.000000 -34.691863 0.000000 0.000000 1.000000 0.000000
0.847364 0.531013 0.000000 79.228619 -0.531013 0.847364 0.000000 -34.691814 0.000000 0.000000 1.000000 0.000000
0.847203 0.531269 0.000000 79.228844 -0.531269 0.847203 0.000000 -34.691359 0.000000 0.000000 1.000000 0.000000
0.846861 0.531814 0.000000 79.229741 -0.531814 0.846861 0.000000 -34.690236 0.000000 0.000000 1.000000 0.000000
0.846261 0.532768 0.000000 79.231413 -0.532768 0.846261 0.000000 -34.689323 0.000000 0.000000 1.000000 0.000000
0.845584 0.533843 0.000000 79.233495 -0.533843 0.845584 0.000000 -34.688207 0.000000 0.000000 1.000000 0.000000
0.845314 0.534269 0.000000 79.234686 -0.534269 0.845314 0.000000 -34.688807 0.000000 0.000000 1.000000 0.000000
0.845379 0.534168 0.000000 79.235932 -0.534168 0.845379 0.000000 -34.690483 0.000000 0.000000 1.000000 0.000000
0.845531 0.533927 0.000000 79.238851 -0.533927 0.845531 0.000000 -34.694632 0.000000 0.000000 1.000000 0.000000
0.846171 0.532912 0.000000 79.238082 -0.532912 0.846171 0.000000 -34.697271 0.000000 0.000000 1.000000 0.000000
0.847489 0.530814 0.000000 79.234556 -0.530814 0.847489 0.000000 -34.701002 0.000000 0.000000 1.000000 0.000000
0.847987 0.530018 0.000000 79.233214 -0.530018 0.847987 0.000000 -34.701541 0.000000 0.000000 1.000000 0.000000
0.848217 0.529648 0.000000 79.231479 -0.529648 0.848217 0.000000 -34.702073 0.000000 0.000000 1.000000 0.000000
0.848347 0.529440 0.000000 79.230488 -0.529440 0.848347 0.000000 -34.702749 0.000000 0.000000 1.000000 0.000000
0.848548 0.529118 0.000000 79.230027 -0.529118 0.848548 0.000000 -34.703532 0.000000 0.000000 1.000000 0.000000
0.848557 0.529105 0.000000 79.229684 -0.529105 0.848557 0.000000 -34.703603 0.000000 0.000000 1.000000 0.000000
0.848575 0.529076 0.000000 79.229347 -0.529076 0.848575 0.000000 -34.703229 0.000000 0.000000 1.000000 0.000000
0.848807 0.528703 0.000000 79.227923 -0.528703 0.848807 0.000000 -34.703637 0.000000 0.000000 1.000000 0.000000
0.848784 0.528740 0.000000 79.226354 -0.528740 0.848784 0.000000 -34.703362 0.000000 0.000000 1.000000 0.000000
0.848981 0.528423 0.000000 79.224429 -0.528423 0.848981 0.000000 -34.703377 0.000000 0.000000 1.000000 0.000000
0.849097 0.528237 0.000000 79.223250 -0.528237 0.849097 0.000000 -34.703243 0.000000 0.000000 1.000000 0.000000
0.849132 0.528180 0.000000 79.222419 -0.528180 0.849132 0.000000 -34.702873 0.000000 0.000000 1.000000 0.000000
0.849572 0.527473 0.000000 79.220703 -0.527473 0.849572 0.000000 -34.704048 0.000000 0.000000 1.000000 0.000000
0.849879 0.526978 0.000000 79.220264 -0.526978 0.849879 0.000000 -34.705526 0.000000 0.000000 1.000000 0.000000
0.850537 0.525916 0.000000 79.218785 -0.525916 0.850537 0.000000 -34.707575 0.000000 0.000000 1.000000 0.000000
0.851131 0.524954 0.000000 79.217651 -0.524954 0.851131 0.000000 -34.709897 0.000000 0.000000 1.000000 0.000000
0.851227 0.524797 0.000000 79.216785 -0.524797 0.851227 0.000000 -34.710138 0.000000 0.000000 1.000000 0.000000
0.851060 0.525069 0.000000 79.216680 -0.525069 0.851060 0.000000 -34.709664 0.000000 0.000000 1.000000 0.000000
0.850150 0.526541 0.000000 79.219429 -0.526541 0.850150 0.000000 -34.706910 0.000000 0.000000 1.000000 0.000000
0.848682 0.528904 0.000000 79.228090 -0.528904 0.848682 0.000000 -34.703959 0.000000 0.000000 1.000000 0.000000
0.847767 0.530369 0.000000 79.234473 -0.530369 0.847767 0.000000 -34.703272 0.000000 0.000000 1.000000 0.000000
0.846870 0.531800 0.000000 79.237919 -0.531800 0.846870 0.000000 -34.701197 0.000000 0.000000 1.000000 0.000000
0.845841 0.533435 0.000000 79.241548 -0.533435 0.845841 0.000000 -34.697923 0.000000 0.000000 1.000000 0.000000
0.844541 0.535492 0.000000 79.246123 -0.535492 0.844541 0.000000 -34.694400 0.000000 0.000000 1.000000 0.000000
0.843576 0.537010 0.000000 79.251631 -0.537010 0.843576 0.000000 -34.693344 0.000000 0.000000 1.000000 0.000000
0.843106 0.537748 0.000000 79.259061 -0.537748 0.843106 0.000000 -34.696654 0.000000 0.000000 1.000000 0.000000
0.843217 0.537574 0.000000 79.266926 -0.537574 0.843217 0.000000 -34.702442 0.000000 0.000000 1.000000 0.000000
0.843510 0.537114 0.000000 79.273773 -0.537114 0.843510 0.000000 -34.708610 0.000000 0.000000 1.000000 0.000000
0.844210 0.536012 0.000000 79.282598 -0.536012 0.844210 0.000000 -34.717101 0.000000 0.000000 1.000000 0.000000
0.845002 0.534763 0.000000 79.288451 -0.534763 0.845002 0.000000 -34.722954 0.000000 0.000000 1.000000 0.000000
0.845517 0.533949 0.000000 79.296647 -0.533949 0.845517 0.000000 -34.729924 0.000000 0.000000 1.000000 0.000000
0.845599 0.533819 0.000000 79.306370 -0.533819 0.845599 0.000000 -34.736740 0.000000 0.000000 1.000000 0.000000
0.845407 0.534123 0.000000 79.319604 -0.534123 0.845407 0.000000 -34.742442 0.000000 0.000000 1.000000 0.000000
0.844823 0.535046 0.000000 79.336180 -0.535046 0.844823 0.000000 -34.748591 0.000000 0.000000 1.000000 0.000000
0.844380 0.535745 0.000000 79.349972 -0.535745 0.844380 0.000000 -34.752957 0.000000 0.000000 1.000000 0.000000
0.844054 0.536258 0.000000 79.367401 -0.536258 0.844054 0.000000 -34.760685 0.000000 0.000000 1.000000 0.000000
0.844821 0.535050 0.000000 79.395655 -0.535050 0.844821 0.000000 -34.775658 0.000000 0.000000 1.000000 0.000000
0.844677 0.535277 0.000000 79.410230 -0.535277 0.844677 0.000000 -34.782229 0.000000 0.000000 1.000000 0.000000
0.845111 0.534590 0.000000 79.421173 -0.534590 0.845111 0.000000 -34.789990 0.000000 0.000000 1.000000 0.000000
0.845771 0.533547 0.000000 79.432198 -0.533547 0.845771 0.000000 -34.798473 0.000000 0.000000 1.000000 0.000000
0.847147 0.531359 0.000000 79.440034 -0.531359 0.847147 0.000000 -34.807572 0.000000 0.000000 1.000000 0.000000
0.848023 0.529959 0.000000 79.447612 -0.529959 0.848023 0.000000 -34.816754 0.000000 0.000000 1.000000 0.000000
0.848434 0.529301 0.000000 79.453942 -0.529301 0.848434 0.000000 -34.822579 0.000000 0.000000 1.000000 0.000000
0.848618 0.529005 0.000000 79.460512 -0.529005 0.848618 0.000000 -34.827115 0.000000 0.000000 1.000000 0.000000
0.848092 0.529850 0.000000 79.466291 -0.529850 0.848092 0.000000 -34.826683 0.000000 0.000000 1.000000 0.000000
0.847794 0.530326 0.000000 79.469677 -0.530326 0.847794 0.000000 -34.825639 0.000000 0.000000 1.000000 0.000000
0.846639 0.532168 0.000000 79.475883 -0.532168 0.846639 0.000000 -34.821280 0.000000 0.000000 1.000000 0.000000
0.846493 0.532400 0.000000 79.477224 -0.532400 0.846493 0.000000 -34.820919 0.000000 0.000000 1.000000 0.000000
0.846249 0.532788 0.000000 79.478783 -0.532788 0.846249 0.000000 -34.819289 0.000000 0.000000 1.000000 0.000000
0.846191 0.532879 0.000000 79.477789 -0.532879 0.846191 0.000000 -34.820111 0.000000 0.000000 1.000000 0.000000
0.846745 0.532000 0.000000 79.476000 -0.532000 0.846745 0.000000 -34.822102 0.000000 0.000000 1.000000 0.000000
0.847179 0.531307 0.000000 79.473260 -0.531307 0.847179 0.000000 -34.822437 0.000000 0.000000 1.000000 0.000000
0.847351 0.531033 0.000000 79.471269 -0.531033 0.847351 0.000000 -34.821671 0.000000 0.000000 1.000000 0.000000
0.847355 0.531027 0.000000 79.470432 -0.531027 0.847355 0.000000 -34.821167 0.000000 0.000000 1.000000 0.000000
0.847762 0.530377 0.000000 79.469746 -0.530377 0.847762 0.000000 -34.821315 0.000000 0.000000 1.000000 0.000000
0.848009 0.529982 0.000000 79.468411 -0.529982 0.848009 0.000000 -34.821937 0.000000 0.000000 1.000000 0.000000
0.848550 0.529115 0.000000 79.467041 -0.529115 0.848550 0.000000 -34.824113 0.000000 0.000000 1.000000 0.000000
0.849101 0.528231 0.000000 79.466412 -0.528231 0.849101 0.000000 -34.825839 0.000000 0.000000 1.000000 0.000000
0.849583 0.527455 0.000000 79.465062 -0.527455 0.849583 0.000000 -34.827004 0.000000 0.000000 1.000000 0.000000
0.850322 0.526263 0.000000 79.462863 -0.526263 0.850322 0.000000 -34.828618 0.000000 0.000000 1.000000 0.000000
0.850644 0.525742 0.000000 79.462359 -0.525742 0.850644 0.000000 -34.828160 0.000000 0.000000 1.000000 0.000000
0.851146 0.524929 0.000000 79.461714 -0.524929 0.851146 0.000000 -34.828978 0.000000 0.000000 1.000000 0.000000
0.851435 0.524460 0.000000 79.461408 -0.524460 0.851435 0.000000 -34.828861 0.000000 0.000000 1.000000 0.000000
0.851569 0.524243 0.000000 79.461584 -0.524243 0.851569 0.000000 -34.828539 0.000000 0.000000 1.000000 0.000000
0.852033 0.523488 0.000000 79.461131 -0.523488 0.852033 0.000000 -34.829220 0.000000 0.000000 1.000000 0.000000
0.852109 0.523365 0.000000 79.461351 -0.523365 0.852109 0.000000 -34.828495 0.000000 0.000000 1.000000 0.000000
0.852665 0.522459 0.000000 79.460267 -0.522459 0.852665 0.000000 -34.829914 0.000000 0.000000 1.000000 0.000000
0.853286 0.521443 0.000000 79.459817 -0.521443 0.853286 0.000000 -34.832479 0.000000 0.000000 1.000000 0.000000
