0.999999 0.001153 0.000000 0.595968 -0.001153 0.999999 0.000000 -0.011725 0.000000 0.000000 1.000000 0.000000
0.999998 0.002146 0.000000 1.416218 -0.002146 0.999998 0.000000 -0.020888 0.000000 0.000000 1.000000 0.000000
0.999990 0.004362 0.000000 2.001718 -0.004362 0.999990 0.000000 -0.034141 0.000000 0.000000 1.000000 0.000000
0.999986 0.005373 0.000000 2.559760 -0.005373 0.999986 0.000000 -0.046521 0.000000 0.000000 1.000000 0.000000
0.999964 0.008450 0.000000 3.143917 -0.008450 0.999964 0.000000 -0.055098 0.000000 0.000000 1.000000 0.000000
0.999899 0.014201 0.000000 3.681470 -0.014201 0.999899 0.000000 -0.057725 0.000000 0.000000 1.000000 0.000000
0.999793 0.020346 0.000000 4.260627 -0.020346 0.999793 0.000000 -0.077925 0.000000 0.000000 1.000000 0.000000
0.999653 0.026342 0.000000 4.797144 -0.026342 0.999653 0.000000 -0.093090 0.000000 0.000000 1.000000 0.000000
0.999425 0.033918 0.000000 5.514175 -0.033918 0.999425 0.000000 -0.125055 0.000000 0.000000 1.000000 0.000000
0.999269 0.038227 0.000000 6.087898 -0.038227 0.999269 0.000000 -0.158591 0.000000 0.000000 1.000000 0.000000
0.999094 0.042549 0.000000 6.662527 -0.042549 0.999094 0.000000 -0.185740 0.000000 0.000000 1.000000 0.000000
0.998843 0.048085 0.000000 7.232408 -0.048085 0.998843 0.000000 -0.211004 0.000000 0.000000 1.000000 0.000000
0.998190 0.060141 0.000000 8.377396 -0.060141 0.998190 0.000000 -0.279958 0.000000 0.000000 1.000000 0.000000
0.997902 0.064740 0.000000 8.916955 -0.064740 0.997902 0.000000 -0.304154 0.000000 0.000000 1.000000 0.000000
0.997390 0.072202 0.000000 9.494106 -0.072202 0.997390 0.000000 -0.341413 0.000000 0.000000 1.000000 0.000000
0.996811 0.079800 0.000000 10.035803 -0.079800 0.996811 0.000000 -0.385501 0.000000 0.000000 1.000000 0.000000
0.996206 0.087029 0.000000 10.600968 -0.087029 0.996206 0.000000 -0.434298 0.000000 0.000000 1.000000 0.000000
0.995629 0.093400 0.000000 11.133166 -0.093400 0.995629 0.000000 -0.482845 0.000000 0.000000 1.000000 0.000000
0.995103 0.098839 0.000000 11.709726 -0.098839 0.995103 0.000000 -0.549762 0.000000 0.000000 1.000000 0.000000
0.994431 0.105393 0.000000 12.245995 -0.105393 0.994431 0.000000 -0.613969 0.000000 0.000000 1.000000 0.000000
0.993267 0.115846 0.000000 12.999369 -0.115846 0.993267 0.000000 -0.695737 0.000000 0.000000 1.000000 0.000000
0.992002 0.126220 0.000000 13.570482 -0.126220 0.992002 0.000000 -0.763329 0.000000 0.000000 1.000000 0.000000
0.991231 0.132140 0.000000 14.127606 -0.132140 0.991231 0.000000 -0.837298 0.000000 0.000000 1.000000 0.000000
0.990575 0.136974 0.000000 14.682058 -0.136974 0.990575 0.000000 -0.914816 0.000000 0.000000 1.000000 0.000000
0.989756 0.142769 0.000000 15.249363 -0.142769 0.989756 0.000000 -1.000161 0.000000 0.000000 1.000000 0.000000
0.988803 0.149230 0.000000 15.776383 -0.149230 0.988803 0.000000 -1.084780 0.000000 0.000000 1.000000 0.000000
0.987818 0.155616 0.000000 16.301653 -0.155616 0.987818 0.000000 -1.169948 0.000000 0.000000 1.000000 0.000000
0.986633 0.162956 0.000000 16.866588 -0.162956 0.986633 0.000000 -1.262617 0.000000 0.000000 1.000000 0.000000
0.985070 0.172155 0.000000 17.383052 -0.172155 0.985070 0.000000 -1.358821 0.000000 0.000000 1.000000 0.000000
0.983437 0.181252 0.000000 17.938503 -0.181252 0.983437 0.000000 -1.462325 0.000000 0.000000 1.000000 0.000000
0.981933 0.189229 0.000000 18.678292 -0.189229 0.981933 0.000000 -1.601195 0.000000 0.000000 1.000000 0.000000
0.980871 0.194660 0.000000 19.224417 -0.194660 0.980871 0.000000 -1.726417 0.000000 0.000000 1.000000 0.000000
0.979185 0.202968 0.000000 19.812636 -0.202968 0.979185 0.000000 -1.843469 0.000000 0.000000 1.000000 0.000000
0.977624 0.210358 0.000000 20.360446 -0.210358 0.977624 0.000000 -1.959080 0.000000 0.000000 1.000000 0.000000
0.976092 0.217357 0.000000 20.905648 -0.217357 0.976092 0.000000 -2.080201 0.000000 0.000000 1.000000 0.000000
0.974748 0.223306 0.000000 21.414347 -0.223306 0.974748 0.000000 -2.194754 0.000000 0.000000 1.000000 0.000000
0.973421 0.229025 0.000000 21.960565 -0.229025 0.973421 0.000000 -2.319554 0.000000 0.000000 1.000000 0.000000
0.973447 0.228915 0.000000 22.462029 -0.228915 0.973447 0.000000 -2.434595 0.000000 0.000000 1.000000 0.000000
0.972212 0.234103 0.000000 22.994505 -0.234103 0.972212 0.000000 -2.564514 0.000000 0.000000 1.000000 0.000000
0.969567 0.244826 0.000000 24.023542 -0.244826 0.969567 0.000000 -2.827103 0.000000 0.000000 1.000000 0.000000
0.968326 0.249691 0.000000 24.508841 -0.249691 0.968326 0.000000 -2.953940 0.000000 0.000000 1.000000 0.000000
0.966809 0.255499 0.000000 25.035795 -0.255499 0.966809 0.000000 -3.089677 0.000000 0.000000 1.000000 0.000000
0.965013 0.262202 0.000000 25.702657 -0.262202 0.965013 0.000000 -3.270490 0.000000 0.000000 1.000000 0.000000
0.963601 0.267343 0.000000 26.187128 -0.267343 0.963601 0.000000 -3.407014 0.000000 0.000000 1.000000 0.000000
0.961945 0.273243 0.000000 26.669683 -0.273243 0.961945 0.000000 -3.542182 0.000000 0.000000 1.000000 0.000000
0.959981 0.280064 0.000000 27.185205 -0.280064 0.959981 0.000000 -3.696963 0.000000 0.000000 1.000000 0.000000
0.958857 0.283890 0.000000 27.664144 -0.283890 0.958857 0.000000 -3.839966 0.000000 0.000000 1.000000 0.000000
0.956180 0.292779 0.000000 28.337660 -0.292779 0.956180 0.000000 -4.053711 0.000000 0.000000 1.000000 0.000000
0.954770 0.297346 0.000000 28.850440 -0.297346 0.954770 0.000000 -4.221223 0.000000 0.000000 1.000000 0.000000
0.953514 0.301350 0.000000 29.364470 -0.301350 0.953514 0.000000 -4.395974 0.000000 0.000000 1.000000 0.000000
0.951874 0.306491 0.000000 29.854789 -0.306491 0.951874 0.000000 -4.569771 0.000000 0.000000 1.000000 0.000000
0.950286 0.311378 0.000000 30.367360 -0.311378 0.950286 0.000000 -4.745748 0.000000 0.000000 1.000000 0.000000
0.950484 0.310773 0.000000 30.877404 -0.310773 0.950484 0.000000 -4.924738 0.000000 0.000000 1.000000 0.000000
0.948349 0.317230 0.000000 31.347076 -0.317230 0.948349 0.000000 -5.081926 0.000000 0.000000 1.000000 0.000000
0.946946 0.321394 0.000000 31.850730 -0.321394 0.946946 0.000000 -5.267208 0.000000 0.000000 1.000000 0.000000
0.945245 0.326362 0.000000 32.325332 -0.326362 0.945245 0.000000 -5.442196 0.000000 0.000000 1.000000 0.000000
0.943055 0.332637 0.000000 32.827648 -0.332637 0.943055 0.000000 -5.620826 0.000000 0.000000 1.000000 0.000000
0.940959 0.338521 0.000000 33.305386 -0.338521 0.940959 0.000000 -5.790362 0.000000 0.000000 1.000000 0.000000
0.938430 0.345469 0.000000 33.806248 -0.345469 0.938430 0.000000 -5.976841 0.000000 0.000000 1.000000 0.000000
0.935999 0.352003 0.000000 34.282890 -0.352003 0.935999 0.000000 -6.148911 0.000000 0.000000 1.000000 0.000000
0.933952 0.357398 0.000000 34.786453 -0.357398 0.933952 0.000000 -6.344705 0.000000 0.000000 1.000000 0.000000
0.932508 0.361150 0.000000 35.246715 -0.361150 0.932508 0.000000 -6.522851 0.000000 0.000000 1.000000 0.000000
0.929279 0.369378 0.000000 35.932154 -0.369378 0.929279 0.000000 -6.802496 0.000000 0.000000 1.000000 0.000000
0.925077 0.379779 0.000000 36.641712 -0.379779 0.925077 0.000000 -7.092860 0.000000 0.000000 1.000000 0.000000
0.921949 0.387312 0.000000 37.133311 -0.387312 0.921949 0.000000 -7.296112 0.000000 0.000000 1.000000 0.000000
0.916536 0.399952 0.000000 37.975615 -0.399952 0.916536 0.000000 -7.667360 0.000000 0.000000 1.000000 0.000000
0.914282 0.405078 0.000000 38.455406 -0.405078 0.914282 0.000000 -7.884022 0.000000 0.000000 1.000000 0.000000
0.912527 0.409017 0.000000 38.932603 -0.409017 0.912527 0.000000 -8.101723 0.000000 0.000000 1.000000 0.000000
0.911788 0.410661 0.000000 39.405655 -0.410661 0.911788 0.000000 -8.312086 0.000000 0.000000 1.000000 0.000000
0.907983 0.419006 0.000000 39.882040 -0.419006 0.907983 0.000000 -8.515512 0.000000 0.000000 1.000000 0.000000
0.907035 0.421054 0.000000 40.381733 -0.421054 0.907035 0.000000 -8.748938 0.000000 0.000000 1.000000 0.000000
0.904939 0.425541 0.000000 40.813912 -0.425541 0.904939 0.000000 -8.958515 0.000000 0.000000 1.000000 0.000000
0.902648 0.430379 0.000000 41.274844 -0.430379 0.902648 0.000000 -9.172060 0.000000 0.000000 1.000000 0.000000
0.901478 0.432825 0.000000 41.726591 -0.432825 0.901478 0.000000 -9.392182 0.000000 0.000000 1.000000 0.000000
0.900581 0.434688 0.000000 42.178128 -0.434688 0.900581 0.000000 -9.611853 0.000000 0.000000 1.000000 0.000000
0.898481 0.439012 0.000000 42.606335 -0.439012 0.898481 0.000000 -9.832386 0.000000 0.000000 1.000000 0.000000
0.896696 0.442647 0.000000 43.041001 -0.442647 0.896696 0.000000 -10.059530 0.000000 0.000000 1.000000 0.000000
0.895241 0.445582 0.000000 43.440173 -0.445582 0.895241 0.000000 -10.276626 0.000000 0.000000 1.000000 0.000000
0.894821 0.446425 0.000000 43.865844 -0.446425 0.894821 0.000000 -10.511118 0.000000 0.000000 1.000000 0.000000
0.892405 0.451236 0.000000 44.261755 -0.451236 0.892405 0.000000 -10.715793 0.000000 0.000000 1.000000 0.000000
0.891514 0.452994 0.000000 44.684558 -0.452994 0.891514 0.000000 -10.946075 0.000000 0.000000 1.000000 0.000000
0.891018 0.453968 0.000000 45.089071 -0.453968 0.891018 0.000000 -11.155184 0.000000 0.000000 1.000000 0.000000
0.890140 0.455687 0.000000 45.483557 -0.455687 0.890140 0.000000 -11.363163 0.000000 0.000000 1.000000 0.000000
0.889399 0.457132 0.000000 45.878643 -0.457132 0.889399 0.000000 -11.561008 0.000000 0.000000 1.000000 0.000000
0.885425 0.464782 0.000000 46.269568 -0.464782 0.885425 0.000000 -11.754636 0.000000 0.000000 1.000000 0.000000
0.883013 0.469348 0.000000 46.648310 -0.469348 0.883013 0.000000 -11.958424 0.000000 0.000000 1.000000 0.000000
0.880930 0.473246 0.000000 47.016635 -0.473246 0.880930 0.000000 -12.158759 0.000000 0.000000 1.000000 0.000000
0.877269 0.479999 0.000000 47.394053 -0.479999 0.877269 0.000000 -12.375677 0.000000 0.000000 1.000000 0.000000
0.873194 0.487372 0.000000 47.933438 -0.487372 0.873194 0.000000 -12.693224 0.000000 0.000000 1.000000 0.000000
0.868522 0.495650 0.000000 48.321930 -0.495650 0.868522 0.000000 -12.929433 0.000000 0.000000 1.000000 0.000000
0.863685 0.504032 0.000000 48.677640 -0.504032 0.863685 0.000000 -13.147984 0.000000 0.000000 1.000000 0.000000
0.860894 0.508784 0.000000 49.030902 -0.508784 0.860894 0.000000 -13.369396 0.000000 0.000000 1.000000 0.000000
0.858103 0.513478 0.000000 49.378346 -0.513478 0.858103 0.000000 -13.584264 0.000000 0.000000 1.000000 0.000000
0.854379 0.519650 0.000000 49.722067 -0.519650 0.854379 0.000000 -13.795299 0.000000 0.000000 1.000000 0.000000
0.851747 0.523954 0.000000 50.057502 -0.523954 0.851747 0.000000 -14.010086 0.000000 0.000000 1.000000 0.000000
0.848445 0.529283 0.000000 50.396933 -0.529283 0.848445 0.000000 -14.219960 0.000000 0.000000 1.000000 0.000000
0.845359 0.534198 0.000000 50.718537 -0.534198 0.845359 0.000000 -14.431196 0.000000 0.000000 1.000000 0.000000
0.843724 0.536778 0.000000 51.039393 -0.536778 0.843724 0.000000 -14.645586 0.000000 0.000000 1.000000 0.000000
0.841879 0.539667 0.000000 51.350328 -0.539667 0.841879 0.000000 -14.854327 0.000000 0.000000 1.000000 0.000000
0.839604 0.543199 0.000000 51.968634 -0.543199 0.839604 0.000000 -15.271538 0.000000 0.000000 1.000000 0.000000
0.839131 0.543929 0.000000 52.265939 -0.543929 0.839131 0.000000 -15.464740 0.000000 0.000000 1.000000 0.000000
0.838620 0.544718 0.000000 52.543384 -0.544718 0.838620 0.000000 -15.650377 0.000000 0.000000 1.000000 0.000000
0.838556 0.544815 0.000000 52.816448 -0.544815 0.838556 0.000000 -15.831863 0.000000 0.000000 1.000000 0.000000
0.840722 0.541467 0.000000 53.104181 -0.541467 0.840722 0.000000 -16.021683 0.000000 0.000000 1.000000 0.000000
0.839223 0.543788 0.000000 53.366436 -0.543788 0.839223 0.000000 -16.191834 0.000000 0.000000 1.000000 0.000000
0.838116 0.545492 0.000000 53.643039 -0.545492 0.838116 0.000000 -16.377334 0.000000 0.000000 1.000000 0.000000
0.837115 0.547027 0.000000 53.897865 -0.547027 0.837115 0.000000 -16.549969 0.000000 0.000000 1.000000 0.000000
0.836257 0.548337 0.000000 54.171051 -0.548337 0.836257 0.000000 -16.722557 0.000000 0.000000 1.000000 0.000000
0.836269 0.548320 0.000000 54.413359 -0.548320 0.836269 0.000000 -16.890667 0.000000 0.000000 1.000000 0.000000
0.834381 0.551188 0.000000 54.656658 -0.551188 0.834381 0.000000 -17.044191 0.000000 0.000000 1.000000 0.000000
0.832890 0.553439 0.000000 54.916533 -0.553439 0.832890 0.000000 -17.207517 0.000000 0.000000 1.000000 0.000000
0.829721 0.558179 0.000000 55.278912 -0.558179 0.829721 0.000000 -17.449827 0.000000 0.000000 1.000000 0.000000
0.827768 0.561070 0.000000 55.545811 -0.561070 0.827768 0.000000 -17.619500 0.000000 0.000000 1.000000 0.000000
0.824229 0.566257 0.000000 55.785928 -0.566257 0.824229 0.000000 -17.778806 0.000000 0.000000 1.000000 0.000000
0.821113 0.570766 0.000000 56.016933 -0.570766 0.821113 0.000000 -17.933018 0.000000 0.000000 1.000000 0.000000
0.817734 0.575597 0.000000 56.249759 -0.575597 0.817734 0.000000 -18.087921 0.000000 0.000000 1.000000 0.000000
0.815228 0.579140 0.000000 56.470222 -0.579140 0.815228 0.000000 -18.243594 0.000000 0.000000 1.000000 0.000000
0.814872 0.579641 0.000000 56.684809 -0.579641 0.814872 0.000000 -18.403028 0.000000 0.000000 1.000000 0.000000
0.814754 0.579807 0.000000 56.898480 -0.579807 0.814754 0.000000 -18.560981 0.000000 0.000000 1.000000 0.000000
0.816294 0.577637 0.000000 57.106663 -0.577637 0.816294 0.000000 -18.715263 0.000000 0.000000 1.000000 0.000000
0.815062 0.579373 0.000000 57.297183 -0.579373 0.815062 0.000000 -18.864776 0.000000 0.000000 1.000000 0.000000
0.810815 0.585303 0.000000 57.694812 -0.585303 0.810815 0.000000 -19.152985 0.000000 0.000000 1.000000 0.000000
0.807468 0.589911 0.000000 57.880573 -0.589911 0.807468 0.000000 -19.274621 0.000000 0.000000 1.000000 0.000000
0.807441 0.589949 0.000000 58.043233 -0.589949 0.807441 0.000000 -19.408226 0.000000 0.000000 1.000000 0.000000
0.807703 0.589590 0.000000 58.215007 -0.589590 0.807703 0.000000 -19.547180 0.000000 0.000000 1.000000 0.000000
0.807111 0.590400 0.000000 58.375930 -0.590400 0.807111 0.000000 -19.670112 0.000000 0.000000 1.000000 0.000000
0.806126 0.591744 0.000000 58.534034 -0.591744 0.806126 0.000000 -19.792074 0.000000 0.000000 1.000000 0.000000
0.805519 0.592570 0.000000 58.699482 -0.592570 0.805519 0.000000 -19.920334 0.000000 0.000000 1.000000 0.000000
0.803944 0.594705 0.000000 58.850132 -0.594705 0.803944 0.000000 -20.033395 0.000000 0.000000 1.000000 0.000000
0.802560 0.596571 0.000000 59.014322 -0.596571 0.802560 0.000000 -20.153979 0.000000 0.000000 1.000000 0.000000
0.799250 0.600999 0.000000 59.328343 -0.600999 0.799250 0.000000 -20.387501 0.000000 0.000000 1.000000 0.000000
0.798121 0.602498 0.000000 59.478402 -0.602498 0.798121 0.000000 -20.499181 0.000000 0.000000 1.000000 0.000000
0.797293 0.603592 0.000000 59.628566 -0.603592 0.797293 0.000000 -20.609060 0.000000 0.000000 1.000000 0.000000
0.795594 0.605830 0.000000 59.878901 -0.605830 0.795594 0.000000 -20.794180 0.000000 0.000000 1.000000 0.000000
0.794207 0.607647 0.000000 60.035280 -0.607647 0.794207 0.000000 -20.918539 0.000000 0.000000 1.000000 0.000000
0.792106 0.610384 0.000000 60.192931 -0.610384 0.792106 0.000000 -21.039790 0.000000 0.000000 1.000000 0.000000
0.790713 0.612186 0.000000 60.350366 -0.612186 0.790713 0.000000 -21.163832 0.000000 0.000000 1.000000 0.000000
0.790808 0.612064 0.000000 60.508826 -0.612064 0.790808 0.000000 -21.284458 0.000000 0.000000 1.000000 0.000000
0.789519 0.613726 0.000000 60.667747 -0.613726 0.789519 0.000000 -21.410294 0.000000 0.000000 1.000000 0.000000
0.788229 0.615382 0.000000 60.825726 -0.615382 0.788229 0.000000 -21.536960 0.000000 0.000000 1.000000 0.000000
0.784855 0.619679 0.000000 61.144392 -0.619679 0.784855 0.000000 -21.793620 0.000000 0.000000 1.000000 0.000000
0.782987 0.622038 0.000000 61.307354 -0.622038 0.782987 0.000000 -21.925112 0.000000 0.000000 1.000000 0.000000
0.781252 0.624215 0.000000 61.473181 -0.624215 0.781252 0.000000 -22.059150 0.000000 0.000000 1.000000 0.000000
0.779332 0.626611 0.000000 61.634132 -0.626611 0.779332 0.000000 -22.188601 0.000000 0.000000 1.000000 0.000000
0.778250 0.627954 0.000000 61.802030 -0.627954 0.778250 0.000000 -22.328313 0.000000 0.000000 1.000000 0.000000
0.776809 0.629737 0.000000 61.965510 -0.629737 0.776809 0.000000 -22.462782 0.000000 0.000000 1.000000 0.000000
0.775159 0.631766 0.000000 62.125347 -0.631766 0.775159 0.000000 -22.598203 0.000000 0.000000 1.000000 0.000000
0.773068 0.634324 0.000000 62.300637 -0.634324 0.773068 0.000000 -22.745945 0.000000 0.000000 1.000000 0.000000
0.769991 0.638055 0.000000 62.469609 -0.638055 0.769991 0.000000 -22.884302 0.000000 0.000000 1.000000 0.000000
0.766207 0.642594 0.000000 62.643944 -0.642594 0.766207 0.000000 -23.021189 0.000000 0.000000 1.000000 0.000000
0.762843 0.646583 0.000000 62.825482 -0.646583 0.762843 0.000000 -23.175659 0.000000 0.000000 1.000000 0.000000
0.760727 0.649072 0.000000 62.998504 -0.649072 0.760727 0.000000 -23.324143 0.000000 0.000000 1.000000 0.000000
0.758594 0.651563 0.000000 63.187906 -0.651563 0.758594 0.000000 -23.485350 0.000000 0.000000 1.000000 0.000000
0.756484 0.654012 0.000000 63.369279 -0.654012 0.756484 0.000000 -23.640427 0.000000 0.000000 1.000000 0.000000
0.753008 0.658012 0.000000 63.565661 -0.658012 0.753008 0.000000 -23.804519 0.000000 0.000000 1.000000 0.000000
0.750266 0.661137 0.000000 63.748209 -0.661137 0.750266 0.000000 -23.965194 0.000000 0.000000 1.000000 0.000000
0.745213 0.666827 0.000000 64.027146 -0.666827 0.745213 0.000000 -24.209528 0.000000 0.000000 1.000000 0.000000
0.742535 0.669807 0.000000 64.212237 -0.669807 0.742535 0.000000 -24.375496 0.000000 0.000000 1.000000 0.000000
0.740965 0.671544 0.000000 64.407628 -0.671544 0.740965 0.000000 -24.559985 0.000000 0.000000 1.000000 0.000000
0.739432 0.673232 0.000000 64.590314 -0.673232 0.739432 0.000000 -24.731403 0.000000 0.000000 1.000000 0.000000
0.735868 0.677125 0.000000 64.977543 -0.677125 0.735868 0.000000 -25.106293 0.000000 0.000000 1.000000 0.000000
0.734109 0.679031 0.000000 65.166955 -0.679031 0.734109 0.000000 -25.289442 0.000000 0.000000 1.000000 0.000000
0.732468 0.680801 0.000000 65.349976 -0.680801 0.732468 0.000000 -25.466770 0.000000 0.000000 1.000000 0.000000
0.731069 0.682304 0.000000 65.548073 -0.682304 0.731069 0.000000 -25.655571 0.000000 0.000000 1.000000 0.000000
0.729729 0.683737 0.000000 65.819222 -0.683737 0.729729 0.000000 -25.907822 0.000000 0.000000 1.000000 0.000000
0.725130 0.688613 0.000000 66.021394 -0.688613 0.725130 0.000000 -26.086528 0.000000 0.000000 1.000000 0.000000
0.721165 0.692763 0.000000 66.209566 -0.692763 0.721165 0.000000 -26.262795 0.000000 0.000000 1.000000 0.000000
0.716918 0.697158 0.000000 66.398370 -0.697158 0.716918 0.000000 -26.447797 0.000000 0.000000 1.000000 0.000000
0.715237 0.698882 0.000000 66.574071 -0.698882 0.715237 0.000000 -26.626177 0.000000 0.000000 1.000000 0.000000
0.712858 0.701308 0.000000 66.749945 -0.701308 0.712858 0.000000 -26.801546 0.000000 0.000000 1.000000 0.000000
0.710553 0.703644 0.000000 66.934078 -0.703644 0.710553 0.000000 -26.988164 0.000000 0.000000 1.000000 0.000000
0.709763 0.704441 0.000000 67.107291 -0.704441 0.709763 0.000000 -27.165635 0.000000 0.000000 1.000000 0.000000
0.707763 0.706450 0.000000 67.277591 -0.706450 0.707763 0.000000 -27.342446 0.000000 0.000000 1.000000 0.000000
0.706039 0.708173 0.000000 67.460793 -0.708173 0.706039 0.000000 -27.530349 0.000000 0.000000 1.000000 0.000000
0.706290 0.707922 0.000000 67.624896 -0.707922 0.706290 0.000000 -27.707933 0.000000 0.000000 1.000000 0.000000
0.706779 0.707434 0.000000 67.856225 -0.707434 0.706779 0.000000 -27.955248 0.000000 0.000000 1.000000 0.000000
0.705780 0.708431 0.000000 68.043824 -0.708431 0.705780 0.000000 -28.152342 0.000000 0.000000 1.000000 0.000000
0.704981 0.709227 0.000000 68.216530 -0.709227 0.704981 0.000000 -28.338696 0.000000 0.000000 1.000000 0.000000
0.705033 0.709175 0.000000 68.386496 -0.709175 0.705033 0.000000 -28.526919 0.000000 0.000000 1.000000 0.000000
0.704569 0.709636 0.000000 68.555843 -0.709636 0.704569 0.000000 -28.710480 0.000000 0.000000 1.000000 0.000000
0.707931 0.706282 0.000000 68.722966 -0.706282 0.707931 0.000000 -28.894898 0.000000 0.000000 1.000000 0.000000
0.712223 0.701953 0.000000 68.886933 -0.701953 0.712223 0.000000 -29.078881 0.000000 0.000000 1.000000 0.000000
0.712203 0.701973 0.000000 69.060471 -0.701973 0.712203 0.000000 -29.246625 0.000000 0.000000 1.000000 0.000000
0.714025 0.700120 0.000000 69.230105 -0.700120 0.714025 0.000000 -29.418342 0.000000 0.000000 1.000000 0.000000
0.714807 0.699322 0.000000 69.388192 -0.699322 0.714807 0.000000 -29.577501 0.000000 0.000000 1.000000 0.000000
0.714238 0.699903 0.000000 69.717314 -0.699903 0.714238 0.000000 -29.903369 0.000000 0.000000 1.000000 0.000000
0.715304 0.698813 0.000000 69.879289 -0.698813 0.715304 0.000000 -30.069537 0.000000 0.000000 1.000000 0.000000
0.717358 0.696705 0.000000 70.042781 -0.696705 0.717358 0.000000 -30.237887 0.000000 0.000000 1.000000 0.000000
0.718912 0.695101 0.000000 70.189761 -0.695101 0.718912 0.000000 -30.389557 0.000000 0.000000 1.000000 0.000000
0.720589 0.693362 0.000000 70.349107 -0.693362 0.720589 0.000000 -30.547237 0.000000 0.000000 1.000000 0.000000
0.721245 0.692680 0.000000 70.499785 -0.692680 0.721245 0.000000 -30.694759 0.000000 0.000000 1.000000 0.000000
0.721196 0.692732 0.000000 70.656797 -0.692732 0.721196 0.000000 -30.846853 0.000000 0.000000 1.000000 0.000000
0.722628 0.691237 0.000000 70.920535 -0.691237 0.722628 0.000000 -31.102181 0.000000 0.000000 1.000000 0.000000
0.724529 0.689244 0.000000 71.068262 -0.689244 0.724529 0.000000 -31.249476 0.000000 0.000000 1.000000 0.000000
0.726890 0.686754 0.000000 71.213460 -0.686754 0.726890 0.000000 -31.397492 0.000000 0.000000 1.000000 0.000000
0.728881 0.684641 0.000000 71.359150 -0.684641 0.728881 0.000000 -31.542484 0.000000 0.000000 1.000000 0.000000
0.731304 0.682052 0.000000 71.503044 -0.682052 0.731304 0.000000 -31.683828 0.000000 0.000000 1.000000 0.000000
0.733958 0.679195 0.000000 71.646098 -0.679195 0.733958 0.000000 -31.826905 0.000000 0.000000 1.000000 0.000000
0.741240 0.671240 0.000000 71.921276 -0.671240 0.741240 0.000000 -32.104612 0.000000 0.000000 1.000000 0.000000
0.744255 0.667895 0.000000 72.047310 -0.667895 0.744255 0.000000 -32.223229 0.000000 0.000000 1.000000 0.000000
0.747417 0.664355 0.000000 72.174773 -0.664355 0.747417 0.000000 -32.340391 0.000000 0.000000 1.000000 0.000000
0.753227 0.657760 0.000000 72.401773 -0.657760 0.753227 0.000000 -32.545212 0.000000 0.000000 1.000000 0.000000
0.757480 0.652859 0.000000 72.705917 -0.652859 0.757480 0.000000 -32.802454 0.000000 0.000000 1.000000 0.000000
0.763339 0.645998 0.000000 72.880306 -0.645998 0.763339 0.000000 -32.955629 0.000000 0.000000 1.000000 0.000000
0.766251 0.642541 0.000000 72.994097 -0.642541 0.766251 0.000000 -33.049857 0.000000 0.000000 1.000000 0.000000
0.774444 0.632643 0.000000 73.211729 -0.632643 0.774444 0.000000 -33.237474 0.000000 0.000000 1.000000 0.000000
0.778153 0.628075 0.000000 73.318011 -0.628075 0.778153 0.000000 -33.329198 0.000000 0.000000 1.000000 0.000000
0.781189 0.624294 0.000000 73.414434 -0.624294 0.781189 0.000000 -33.408934 0.000000 0.000000 1.000000 0.000000
0.783946 0.620828 0.000000 73.513379 -0.620828 0.783946 0.000000 -33.491913 0.000000 0.000000 1.000000 0.000000
0.788984 0.614413 0.000000 73.666351 -0.614413 0.788984 0.000000 -33.619504 0.000000 0.000000 1.000000 0.000000
0.794673 0.607037 0.000000 73.856064 -0.607037 0.794673 0.000000 -33.771792 0.000000 0.000000 1.000000 0.000000
0.798280 0.602287 0.000000 73.947413 -0.602287 0.798280 0.000000 -33.843391 0.000000 0.000000 1.000000 0.000000
0.801832 0.597550 0.000000 74.037800 -0.597550 0.801832 0.000000 -33.911027 0.000000 0.000000 1.000000 0.000000
0.805190 0.593017 0.000000 74.123912 -0.593017 0.805190 0.000000 -33.979123 0.000000 0.000000 1.000000 0.000000
0.808325 0.588737 0.000000 74.215329 -0.588737 0.808325 0.000000 -34.044964 0.000000 0.000000 1.000000 0.000000
0.810981 0.585072 0.000000 74.298220 -0.585072 0.810981 0.000000 -34.103177 0.000000 0.000000 1.000000 0.000000
0.817627 0.575749 0.000000 74.451689 -0.575749 0.817627 0.000000 -34.220171 0.000000 0.000000 1.000000 0.000000
0.820219 0.572050 0.000000 74.519481 -0.572050 0.820219 0.000000 -34.269847 0.000000 0.000000 1.000000 0.000000
0.823097 0.567901 0.000000 74.584594 -0.567901 0.823097 0.000000 -34.316679 0.000000 0.000000 1.000000 0.000000
0.825050 0.565060 0.000000 74.643779 -0.565060 0.825050 0.000000 -34.359733 0.000000 0.000000 1.000000 0.000000
0.827765 0.561075 0.000000 74.702016 -0.561075 0.827765 0.000000 -34.399011 0.000000 0.000000 1.000000 0.000000
0.829040 0.559190 0.000000 74.748267 -0.559190 0.829040 0.000000 -34.428596 0.000000 0.000000 1.000000 0.000000
0.830066 0.557666 0.000000 74.794780 -0.557666 0.830066 0.000000 -34.458453 0.000000 0.000000 1.000000 0.000000
0.831290 0.555839 0.000000 74.864717 -0.555839 0.831290 0.000000 -34.500684 0.000000 0.000000 1.000000 0.000000
0.832310 0.554310 0.000000 74.896742 -0.554310 0.832310 0.000000 -34.521721 0.000000 0.000000 1.000000 0.000000
0.832795 0.553581 0.000000 74.927479 -0.553581 0.832795 0.000000 -34.540033 0.000000 0.000000 1.000000 0.000000
0.833650 0.552292 0.000000 74.953332 -0.552292 0.833650 0.000000 -34.556851 0.000000 0.000000 1.000000 0.000000
0.834758 0.550616 0.000000 74.976313 -0.550616 0.834758 0.000000 -34.573386 0.000000 0.000000 1.000000 0.000000
0.835522 0.549456 0.000000 74.992145 -0.549456 0.835522 0.000000 -34.585108 0.000000 0.000000 1.000000 0.000000
0.835627 0.549298 0.000000 75.007564 -0.549298 0.835627 0.000000 -34.595556 0.000000 0.000000 1.000000 0.000000
0.836223 0.548389 0.000000 75.020944 -0.548389 0.836223 0.000000 -34.606274 0.000000 0.000000 1.000000 0.000000
0.837644 0.546216 0.000000 75.035976 -0.546216 0.837644 0.000000 -34.622503 0.000000 0.000000 1.000000 0.000000
0.837208 0.546884 0.000000 75.043491 -0.546884 0.837208 0.000000 -34.620988 0.000000 0.000000 1.000000 0.000000
0.837957 0.545736 0.000000 75.045885 -0.545736 0.837957 0.000000 -34.623447 0.000000 0.000000 1.000000 0.000000
0.837719 0.546102 0.000000 75.044968 -0.546102 0.837719 0.000000 -34.621296 0.000000 0.000000 1.000000 0.000000
0.837326 0.546704 0.000000 75.044069 -0.546704 0.837326 0.000000 -34.619501 0.000000 0.000000 1.000000 0.000000
0.837215 0.546873 0.000000 75.041966 -0.546873 0.837215 0.000000 -34.618640 0.000000 0.000000 1.000000 0.000000
0.837300 0.546743 0.000000 75.039667 -0.546743 0.837300 0.000000 -34.618016 0.000000 0.000000 1.000000 0.000000
0.838071 0.545562 0.000000 75.036659 -0.545562 0.838071 0.000000 -34.620703 0.000000 0.000000 1.000000 0.000000
0.837982 0.545697 0.000000 75.035588 -0.545697 0.837982 0.000000 -34.621116 0.000000 0.000000 1.000000 0.000000
0.837489 0.546454 0.000000 75.035516 -0.546454 0.837489 0.000000 -34.619917 0.000000 0.000000 1.000000 0.000000
0.837438 0.546532 0.000000 75.034896 -0.546532 0.837438 0.000000 -34.619385 0.000000 0.000000 1.000000 0.000000
0.837420 0.546559 0.000000 75.034404 -0.546559 0.837420 0.000000 -34.618402 0.000000 0.000000 1.000000 0.000000
0.837382 0.546619 0.000000 75.034844 -0.546619 0.837382 0.000000 -34.617008 0.000000 0.000000 1.000000 0.000000
0.837320 0.546712 0.000000 75.035093 -0.546712 0.837320 0.000000 -34.614691 0.000000 0.000000 1.000000 0.000000
0.837240 0.546835 0.000000 75.035808 -0.546835 0.837240 0.000000 -34.611849 0.000000 0.000000 1.000000 0.000000
0.837300 0.546744 0.000000 75.036359 -0.546744 0.837300 0.000000 -34.609368 0.000000 0.000000 1.000000 0.000000
0.837353 0.546662 0.000000 75.036477 -0.546662 0.837353 0.000000 -34.608717 0.000000 0.000000 1.000000 0.000000
0.837365 0.546645 0.000000 75.036717 -0.546645 0.837365 0.000000 -34.608171 0.000000 0.000000 1.000000 0.000000
0.837329 0.546700 0.000000 75.036848 -0.546700 0.837329 0.000000 -34.607918 0.000000 0.000000 1.000000 0.000000
0.837321 0.546711 0.000000 75.036836 -0.546711 0.837321 0.000000 -34.608075 0.000000 0.000000 1.000000 0.000000
0.837332 0.546695 0.000000 75.036655 -0.546695 0.837332 0.000000 -34.608694 0.000000 0.000000 1.000000 0.000000
0.837301 0.546742 0.000000 75.036441 -0.546742 0.837301 0.000000 -34.609284 0.000000 0.000000 1.000000 0.000000
0.837282 0.546771 0.000000 75.036255 -0.546771 0.837282 0.000000 -34.609776 0.000000 0.000000 1.000000 0.000000
0.837198 0.546899 0.000000 75.036202 -0.546899 0.837198 0.000000 -34.610099 0.000000 0.000000 1.000000 0.000000
0.836974 0.547242 0.000000 75.036239 -0.547242 0.836974 0.000000 -34.610187 0.000000 0.000000 1.000000 0.000000
0.836911 0.547339 0.000000 75.036395 -0.547339 0.836911 0.000000 -34.609867 0.000000 0.000000 1.000000 0.000000
0.836935 0.547303 0.000000 75.036522 -0.547303 0.836935 0.000000 -34.610018 0.000000 0.000000 1.000000 0.000000
0.836974 0.547243 0.000000 75.036391 -0.547243 0.836974 0.000000 -34.610182 0.000000 0.000000 1.000000 0.000000
0.836969 0.547250 0.000000 75.036416 -0.547250 0.836969 0.000000 -34.610089 0.000000 0.000000 1.000000 0.000000
0.836950 0.547279 0.000000 75.036490 -0.547279 0.836950 0.000000 -34.610030 0.000000 0.000000 1.000000 0.000000
0.836911 0.547339 0.000000 75.036493 -0.547339 0.836911 0.000000 -34.609936 0.000000 0.000000 1.000000 0.000000
0.836916 0.547331 0.000000 75.036457 -0.547331 0.836916 0.000000 -34.609712 0.000000 0.000000 1.000000 0.000000
0.836824 0.547472 0.000000 75.036649 -0.547472 0.836824 0.000000 -34.609744 0.000000 0.000000 1.000000 0.000000
0.836850 0.547432 0.000000 75.036554 -0.547432 0.836850 0.000000 -34.609716 0.000000 0.000000 1.000000 0.000000
0.836853 0.547428 0.000000 75.036549 -0.547428 0.836853 0.000000 -34.609686 0.000000 0.000000 1.000000 0.000000
0.836841 0.547445 0.000000 75.036502 -0.547445 0.836841 0.000000 -34.609481 0.000000 0.000000 1.000000 0.000000
0.836823 0.547474 0.000000 75.036521 -0.547474 0.836823 0.000000 -34.609320 0.000000 0.000000 1.000000 0.000000
0.836879 0.547388 0.000000 75.036345 -0.547388 0.836879 0.000000 -34.609228 0.000000 0.000000 1.000000 0.000000
0.837138 0.546991 0.000000 75.035658 -0.546991 0.837138 0.000000 -34.609323 0.000000 0.000000 1.000000 0.000000
0.837306 0.546735 0.000000 75.034984 -0.546735 0.837306 0.000000 -34.609226 0.000000 0.000000 1.000000 0.000000
0.837262 0.546801 0.000000 75.034881 -0.546801 0.837262 0.000000 -34.608853 0.000000 0.000000 1.000000 0.000000
0.837223 0.546862 0.000000 75.034692 -0.546862 0.837223 0.000000 -34.608773 0.000000 0.000000 1.000000 0.000000
0.837236 0.546842 0.000000 75.034531 -0.546842 0.837236 0.000000 -34.608871 0.000000 0.000000 1.000000 0.000000
0.837390 0.546605 0.000000 75.033715 -0.546605 0.837390 0.000000 -34.609021 0.000000 0.000000 1.000000 0.000000
0.837441 0.546528 0.000000 75.032967 -0.546528 0.837441 0.000000 -34.609475 0.000000 0.000000 1.000000 0.000000
0.837337 0.546687 0.000000 75.032550 -0.546687 0.837337 0.000000 -34.609720 0.000000 0.000000 1.000000 0.000000
0.837111 0.547032 0.000000 75.031715 -0.547032 0.837111 0.000000 -34.610047 0.000000 0.000000 1.000000 0.000000
0.836547 0.547895 0.000000 75.031865 -0.547895 0.836547 0.000000 -34.609897 0.000000 0.000000 1.000000 0.000000
0.836125 0.548539 0.000000 75.031527 -0.548539 0.836125 0.000000 -34.610221 0.000000 0.000000 1.000000 0.000000
0.835442 0.549579 0.000000 75.032115 -0.549579 0.835442 0.000000 -34.610647 0.000000 0.000000 1.000000 0.000000
0.835537 0.549434 0.000000 75.030976 -0.549434 0.835537 0.000000 -34.614145 0.000000 0.000000 1.000000 0.000000
0.835779 0.549067 0.000000 75.031311 -0.549067 0.835779 0.000000 -34.618729 0.000000 0.000000 1.000000 0.000000
0.836334 0.548221 0.000000 75.031006 -0.548221 0.836334 0.000000 -34.622935 0.000000 0.000000 1.000000 0.000000
0.837806 0.545968 0.000000 75.029322 -0.545968 0.837806 0.000000 -34.630803 0.000000 0.000000 1.000000 0.000000
0.838364 0.545110 0.000000 75.028235 -0.545110 0.838364 0.000000 -34.631996 0.000000 0.000000 1.000000 0.000000
0.838777 0.544476 0.000000 75.027870 -0.544476 0.838777 0.000000 -34.634212 0.000000 0.000000 1.000000 0.000000
0.838953 0.544204 0.000000 75.026864 -0.544204 0.838953 0.000000 -34.635348 0.000000 0.000000 1.000000 0.000000
0.839156 0.543891 0.000000 75.026385 -0.543891 0.839156 0.000000 -34.636106 0.000000 0.000000 1.000000 0.000000
0.839171 0.543867 0.000000 75.026045 -0.543867 0.839171 0.000000 -34.636195 0.000000 0.000000 1.000000 0.000000
0.839190 0.543838 0.000000 75.025726 -0.543838 0.839190 0.000000 -34.635862 0.000000 0.000000 1.000000 0.000000
0.839316 0.543644 0.000000 75.025090 -0.543644 0.839316 0.000000 -34.636199 0.000000 0.000000 1.000000 0.000000
0.839398 0.543517 0.000000 75.023560 -0.543517 0.839398 0.000000 -34.636660 0.000000 0.000000 1.000000 0.000000
0.839591 0.543219 0.000000 75.021630 -0.543219 0.839591 0.000000 -34.636668 0.000000 0.000000 1.000000 0.000000
0.839709 0.543037 0.000000 75.020445 -0.543037 0.839709 0.000000 -34.636507 0.000000 0.000000 1.000000 0.000000
0.839745 0.542981 0.000000 75.019642 -0.542981 0.839745 0.000000 -34.636117 0.000000 0.000000 1.000000 0.000000
0.839936 0.542685 0.000000 75.018759 -0.542685 0.839936 0.000000 -34.636052 0.000000 0.000000 1.000000 0.000000
0.840255 0.542191 0.000000 75.018278 -0.542191 0.840255 0.000000 -34.637513 0.000000 0.000000 1.000000 0.000000
0.840711 0.541485 0.000000 75.017547 -0.541485 0.840711 0.000000 -34.638478 0.000000 0.000000 1.000000 0.000000
0.841321 0.540535 0.000000 75.016420 -0.540535 0.841321 0.000000 -34.640751 0.000000 0.000000 1.000000 0.000000
0.841607 0.540090 0.000000 75.015794 -0.540090 0.841607 0.000000 -34.641748 0.000000 0.000000 1.000000 0.000000
0.841441 0.540349 0.000000 75.015729 -0.540349 0.841441 0.000000 -34.641269 0.000000 0.000000 1.000000 0.000000
0.840914 0.541168 0.000000 75.018151 -0.541168 0.840914 0.000000 -34.639757 0.000000 0.000000 1.000000 0.000000
0.839614 0.543183 0.000000 75.026724 -0.543183 0.839614 0.000000 -34.637628 0.000000 0.000000 1.000000 0.000000
0.838773 0.544481 0.000000 75.033541 -0.544481 0.838773 0.000000 -34.637835 0.000000 0.000000 1.000000 0.000000
0.837959 0.545733 0.000000 75.038357 -0.545733 0.837959 0.000000 -34.637463 0.000000 0.000000 1.000000 0.000000
0.837025 0.547164 0.000000 75.041815 -0.547164 0.837025 0.000000 -34.635888 0.000000 0.000000 1.000000 0.000000
0.835984 0.548753 0.000000 75.045711 -0.548753 0.835984 0.000000 -34.634520 0.000000 0.000000 1.000000 0.000000
0.834906 0.550392 0.000000 75.052341 -0.550392 0.834906 0.000000 -34.634331 0.000000 0.000000 1.000000 0.000000
0.834275 0.551348 0.000000 75.060608 -0.551348 0.834275 0.000000 -34.638203 0.000000 0.000000 1.000000 0.000000
0.834283 0.551337 0.000000 75.067923 -0.551337 0.834283 0.000000 -34.644762 0.000000 0.000000 1.000000 0.000000
0.834588 0.550875 0.000000 75.073177 -0.550875 0.834588 0.000000 -34.652914 0.000000 0.000000 1.000000 0.000000
0.835250 0.549871 0.000000 75.082357 -0.549871 0.835250 0.000000 -34.661496 0.000000 0.000000 1.000000 0.000000
0.836063 0.548634 0.000000 75.089947 -0.548634 0.836063 0.000000 -34.669321 0.000000 0.000000 1.000000 0.000000
0.836552 0.547888 0.000000 75.099857 -0.547888 0.836552 0.000000 -34.677419 0.000000 0.000000 1.000000 0.000000
0.836927 0.547315 0.000000 75.111305 -0.547315 0.836927 0.000000 -34.685102 0.000000 0.000000 1.000000 0.000000
0.836892 0.547368 0.000000 75.124407 -0.547368 0.836892 0.000000 -34.692174 0.000000 0.000000 1.000000 0.000000
0.836573 0.547855 0.000000 75.139740 -0.547855 0.836573 0.000000 -34.699734 0.000000 0.000000 1.000000 0.000000
0.836144 0.548511 0.000000 75.155441 -0.548511 0.836144 0.000000 -34.705672 0.000000 0.000000 1.000000 0.000000
0.835809 0.549020 0.000000 75.172904 -0.549020 0.835809 0.000000 -34.713756 0.000000 0.000000 1.000000 0.000000
0.835774 0.549073 0.000000 75.204964 -0.549073 0.835774 0.000000 -34.728637 0.000000 0.000000 1.000000 0.000000
0.836044 0.548662 0.000000 75.218819 -0.548662 0.836044 0.000000 -34.736359 0.000000 0.000000 1.000000 0.000000
0.836304 0.548267 0.000000 75.231416 -0.548267 0.836304 0.000000 -34.744038 0.000000 0.000000 1.000000 0.000000
0.836986 0.547225 0.000000 75.242834 -0.547225 0.836986 0.000000 -34.753627 0.000000 0.000000 1.000000 0.000000
0.838029 0.545625 0.000000 75.251558 -0.545625 0.838029 0.000000 -34.764070 0.000000 0.000000 1.000000 0.000000
0.839331 0.543620 0.000000 75.259533 -0.543620 0.839331 0.000000 -34.776025 0.000000 0.000000 1.000000 0.000000
0.840050 0.542508 0.000000 75.265930 -0.542508 0.840050 0.000000 -34.787243 0.000000 0.000000 1.000000 0.000000
0.840366 0.542020 0.000000 75.271868 -0.542020 0.840366 0.000000 -34.792764 0.000000 0.000000 1.000000 0.000000
0.840383 0.541992 0.000000 75.278336 -0.541992 0.840383 0.000000 -34.794734 0.000000 0.000000 1.000000 0.000000
0.840073 0.542473 0.000000 75.281749 -0.542473 0.840073 0.000000 -34.793743 0.000000 0.000000 1.000000 0.000000
0.839398 0.543517 0.000000 75.287706 -0.543517 0.839398 0.000000 -34.791644 0.000000 0.000000 1.000000 0.000000
0.838978 0.544166 0.000000 75.290674 -0.544166 0.838978 0.000000 -34.790642 0.000000 0.000000 1.000000 0.000000
0.838774 0.544479 0.000000 75.291975 -0.544479 0.838774 0.000000 -34.789645 0.000000 0.000000 1.000000 0.000000
0.838645 0.544679 0.000000 75.292053 -0.544679 0.838645 0.000000 -34.789854 0.000000 0.000000 1.000000 0.000000
0.838870 0.544331 0.000000 75.290516 -0.544331 0.838870 0.000000 -34.790447 0.000000 0.000000 1.000000 0.000000
0.839322 0.543634 0.000000 75.287732 -0.543634 0.839322 0.000000 -34.790745 0.000000 0.000000 1.000000 0.000000
0.839606 0.543196 0.000000 75.284880 -0.543196 0.839606 0.000000 -34.790200 0.000000 0.000000 1.000000 0.000000
0.839657 0.543117 0.000000 75.283680 -0.543117 0.839657 0.000000 -34.789327 0.000000 0.000000 1.000000 0.000000
0.839857 0.542808 0.000000 75.282948 -0.542808 0.839857 0.000000 -34.788471 0.000000 0.000000 1.000000 0.000000
0.840118 0.542404 0.000000 75.281629 -0.542404 0.840118 0.000000 -34.789055 0.000000 0.000000 1.000000 0.000000
0.840503 0.541807 0.000000 75.280225 -0.541807 0.840503 0.000000 -34.790488 0.000000 0.000000 1.000000 0.000000
0.841360 0.540475 0.000000 75.277889 -0.540475 0.841360 0.000000 -34.793509 0.000000 0.000000 1.000000 0.000000
0.841697 0.539950 0.000000 75.276741 -0.539950 0.841697 0.000000 -34.793969 0.000000 0.000000 1.000000 0.000000
0.842226 0.539125 0.000000 75.274663 -0.539125 0.842226 0.000000 -34.795028 0.000000 0.000000 1.000000 0.000000
0.842677 0.538419 0.000000 75.273539 -0.538419 0.842677 0.000000 -34.795562 0.000000 0.000000 1.000000 0.000000
0.843020 0.537881 0.000000 75.273142 -0.537881 0.843020 0.000000 -34.795748 0.000000 0.000000 1.000000 0.000000
0.843317 0.537416 0.000000 75.272828 -0.537416 0.843317 0.000000 -34.795643 0.000000 0.000000 1.000000 0.000000
0.843455 0.537200 0.000000 75.272998 -0.537200 0.843455 0.000000 -34.795338 0.000000 0.000000 1.000000 0.000000
0.843876 0.536539 0.000000 75.272539 -0.536539 0.843876 0.000000 -34.795925 0.000000 0.000000 1.000000 0.000000
0.844073 0.536229 0.000000 75.272119 -0.536229 0.844073 0.000000 -34.795981 0.000000 0.000000 1.000000 0.000000
0.844276 0.535909 0.000000 75.271594 -0.535909 0.844276 0.000000 -34.796730 0.000000 0.000000 1.000000 0.000000
0.844943 0.534856 0.000000 75.270833 -0.534856 0.844943 0.000000 -34.799429 0.000000 0.000000 1.000000 0.000000
0.845320 0.534260 0.000000 75.270211 -0.534260 0.845320 0.000000 -34.800823 0.000000 0.000000 1.000000 0.000000
0.845769 0.533549 0.000000 75.269157 -0.533549 0.845769 0.000000 -34.802275 0.000000 0.000000 1.000000 0.000000
0.846130 0.532977 0.000000 75.268690 -0.532977 0.846130 0.000000 -34.803832 0.000000 0.000000 1.000000 0.000000
0.846273 0.532750 0.000000 75.270330 -0.532750 0.846273 0.000000 -34.805204 0.000000 0.000000 1.000000 0.000000
0.846082 0.533052 0.000000 75.272575 -0.533052 0.846082 0.000000 -34.804989 0.000000 0.000000 1.000000 0.000000
