0.999980 0.006281 0.000000 0.584856 -0.006281 0.999980 0.000000 -0.001403 0.000000 0.000000 1.000000 0.000000
0.999949 0.010106 0.000000 1.721689 -0.010106 0.999949 0.000000 -0.028196 0.000000 0.000000 1.000000 0.000000
0.999933 0.011604 0.000000 2.306066 -0.011604 0.999933 0.000000 -0.031904 0.000000 0.000000 1.000000 0.000000
0.999912 0.013282 0.000000 3.111142 -0.013282 0.999912 0.000000 -0.046109 0.000000 0.000000 1.000000 0.000000
0.999905 0.013751 0.000000 3.687874 -0.013751 0.999905 0.000000 -0.049297 0.000000 0.000000 1.000000 0.000000
0.999896 0.014425 0.000000 4.275545 -0.014425 0.999896 0.000000 -0.064195 0.000000 0.000000 1.000000 0.000000
0.999885 0.015168 0.000000 4.862349 -0.015168 0.999885 0.000000 -0.076787 0.000000 0.000000 1.000000 0.000000
0.999873 0.015932 0.000000 5.412085 -0.015932 0.999873 0.000000 -0.091447 0.000000 0.000000 1.000000 0.000000
0.999863 0.016575 0.000000 5.996630 -0.016575 0.999863 0.000000 -0.116754 0.000000 0.000000 1.000000 0.000000
0.999851 0.017274 0.000000 6.540252 -0.017274 0.999851 0.000000 -0.127639 0.000000 0.000000 1.000000 0.000000
0.999833 0.018250 0.000000 7.115394 -0.018250 0.999833 0.000000 -0.132812 0.000000 0.000000 1.000000 0.000000
0.999804 0.019820 0.000000 7.672980 -0.019820 0.999804 0.000000 -0.139381 0.000000 0.000000 1.000000 0.000000
0.999794 0.020280 0.000000 8.239813 -0.020280 0.999794 0.000000 -0.153576 0.000000 0.000000 1.000000 0.000000
0.999755 0.022145 0.000000 8.818870 -0.022145 0.999755 0.000000 -0.165130 0.000000 0.000000 1.000000 0.000000
0.999704 0.024340 0.000000 9.570544 -0.024340 0.999704 0.000000 -0.185519 0.000000 0.000000 1.000000 0.000000
0.999670 0.025670 0.000000 10.191513 -0.025670 0.999670 0.000000 -0.202582 0.000000 0.000000 1.000000 0.000000
0.999641 0.026797 0.000000 10.732988 -0.026797 0.999641 0.000000 -0.208695 0.000000 0.000000 1.000000 0.000000
0.999580 0.028970 0.000000 11.348447 -0.028970 0.999580 0.000000 -0.214566 0.000000 0.000000 1.000000 0.000000
0.999534 0.030512 0.000000 11.928797 -0.030512 0.999534 0.000000 -0.222815 0.000000 0.000000 1.000000 0.000000
0.999503 0.031534 0.000000 12.505255 -0.031534 0.999503 0.000000 -0.242247 0.000000 0.000000 1.000000 0.000000
0.999396 0.034738 0.000000 13.085884 -0.034738 0.999396 0.000000 -0.256968 0.000000 0.000000 1.000000 0.000000
0.999342 0.036268 0.000000 13.665745 -0.036268 0.999342 0.000000 -0.282395 0.000000 0.000000 1.000000 0.000000
0.999256 0.038563 0.000000 14.240534 -0.038563 0.999256 0.000000 -0.301222 0.000000 0.000000 1.000000 0.000000
0.999206 0.039851 0.000000 14.819211 -0.039851 0.999206 0.000000 -0.324449 0.000000 0.000000 1.000000 0.000000
0.999089 0.042675 0.000000 15.392665 -0.042675 0.999089 0.000000 -0.354590 0.000000 0.000000 1.000000 0.000000
0.999033 0.043959 0.000000 15.965637 -0.043959 0.999033 0.000000 -0.388789 0.000000 0.000000 1.000000 0.000000
0.998986 0.045025 0.000000 16.509819 -0.045025 0.998986 0.000000 -0.422002 0.000000 0.000000 1.000000 0.000000
0.998824 0.048479 0.000000 17.077441 -0.048479 0.998824 0.000000 -0.457728 0.000000 0.000000 1.000000 0.000000
0.998773 0.049529 0.000000 18.175833 -0.049529 0.998773 0.000000 -0.517763 0.000000 0.000000 1.000000 0.000000
0.998832 0.048327 0.000000 19.108794 -0.048327 0.998832 0.000000 -0.576907 0.000000 0.000000 1.000000 0.000000
0.998888 0.047147 0.000000 19.672548 -0.047147 0.998888 0.000000 -0.619750 0.000000 0.000000 1.000000 0.000000
0.998813 0.048713 0.000000 20.236524 -0.048713 0.998813 0.000000 -0.656593 0.000000 0.000000 1.000000 0.000000
0.998757 0.049840 0.000000 20.801001 -0.049840 0.998757 0.000000 -0.694810 0.000000 0.000000 1.000000 0.000000
0.998920 0.046464 0.000000 21.363525 -0.046464 0.998920 0.000000 -0.735198 0.000000 0.000000 1.000000 0.000000
0.998915 0.046569 0.000000 21.961518 -0.046569 0.998915 0.000000 -0.772029 0.000000 0.000000 1.000000 0.000000
0.998473 0.055241 0.000000 22.525027 -0.055241 0.998473 0.000000 -0.807419 0.000000 0.000000 1.000000 0.000000
0.997817 0.066037 0.000000 23.654391 -0.066037 0.997817 0.000000 -0.892865 0.000000 0.000000 1.000000 0.000000
0.997889 0.064942 0.000000 24.213409 -0.064942 0.997889 0.000000 -0.953077 0.000000 0.000000 1.000000 0.000000
0.997781 0.066581 0.000000 24.779109 -0.066581 0.997781 0.000000 -1.006463 0.000000 0.000000 1.000000 0.000000
0.997837 0.065738 0.000000 25.304885 -0.065738 0.997837 0.000000 -1.060388 0.000000 0.000000 1.000000 0.000000
0.997893 0.064877 0.000000 25.865084 -0.064877 0.997893 0.000000 -1.107280 0.000000 0.000000 1.000000 0.000000
0.997528 0.070264 0.000000 26.761806 -0.070264 0.997528 0.000000 -1.184277 0.000000 0.000000 1.000000 0.000000
0.997498 0.070693 0.000000 27.360183 -0.070693 0.997498 0.000000 -1.233857 0.000000 0.000000 1.000000 0.000000
0.997455 0.071302 0.000000 27.919506 -0.071302 0.997455 0.000000 -1.276841 0.000000 0.000000 1.000000 0.000000
0.997487 0.070856 0.000000 28.481664 -0.070856 0.997487 0.000000 -1.327096 0.000000 0.000000 1.000000 0.000000
0.997417 0.071832 0.000000 29.045836 -0.071832 0.997417 0.000000 -1.377715 0.000000 0.000000 1.000000 0.000000
0.997372 0.072455 0.000000 29.609210 -0.072455 0.997372 0.000000 -1.427317 0.000000 0.000000 1.000000 0.000000
0.997223 0.074477 0.000000 30.167392 -0.074477 0.997223 0.000000 -1.480209 0.000000 0.000000 1.000000 0.000000
0.997347 0.072795 0.000000 30.737263 -0.072795 0.997347 0.000000 -1.535784 0.000000 0.000000 1.000000 0.000000
0.997182 0.075027 0.000000 31.297737 -0.075027 0.997182 0.000000 -1.578849 0.000000 0.000000 1.000000 0.000000
0.997085 0.076298 0.000000 31.825401 -0.076298 0.997085 0.000000 -1.628591 0.000000 0.000000 1.000000 0.000000
0.996817 0.079727 0.000000 32.770886 -0.079727 0.996817 0.000000 -1.713957 0.000000 0.000000 1.000000 0.000000
0.996494 0.083661 0.000000 33.332629 -0.083661 0.996494 0.000000 -1.771183 0.000000 0.000000 1.000000 0.000000
0.996369 0.085144 0.000000 33.893639 -0.085144 0.996369 0.000000 -1.821109 0.000000 0.000000 1.000000 0.000000
0.996255 0.086461 0.000000 34.454247 -0.086461 0.996255 0.000000 -1.873996 0.000000 0.000000 1.000000 0.000000
0.996068 0.088589 0.000000 35.011918 -0.088589 0.996068 0.000000 -1.925848 0.000000 0.000000 1.000000 0.000000
0.995981 0.089562 0.000000 35.571825 -0.089562 0.995981 0.000000 -1.987300 0.000000 0.000000 1.000000 0.000000
0.995897 0.090498 0.000000 36.164074 -0.090498 0.995897 0.000000 -2.050581 0.000000 0.000000 1.000000 0.000000
0.995914 0.090310 0.000000 36.687562 -0.090310 0.995914 0.000000 -2.104715 0.000000 0.000000 1.000000 0.000000
0.996001 0.089340 0.000000 37.238426 -0.089340 0.996001 0.000000 -2.160465 0.000000 0.000000 1.000000 0.000000
0.996044 0.088858 0.000000 37.796399 -0.088858 0.996044 0.000000 -2.212244 0.000000 0.000000 1.000000 0.000000
0.995822 0.091316 0.000000 38.351441 -0.091316 0.995822 0.000000 -2.263441 0.000000 0.000000 1.000000 0.000000
0.995689 0.092751 0.000000 38.868606 -0.092751 0.995689 0.000000 -2.313538 0.000000 0.000000 1.000000 0.000000
0.995628 0.093402 0.000000 39.423336 -0.093402 0.995628 0.000000 -2.374600 0.000000 0.000000 1.000000 0.000000
0.995735 0.092255 0.000000 39.942640 -0.092255 0.995735 0.000000 -2.426721 0.000000 0.000000 1.000000 0.000000
0.995823 0.091305 0.000000 40.901451 -0.091305 0.995823 0.000000 -2.524655 0.000000 0.000000 1.000000 0.000000
0.995700 0.092638 0.000000 41.449592 -0.092638 0.995700 0.000000 -2.578958 0.000000 0.000000 1.000000 0.000000
0.995510 0.094658 0.000000 42.004402 -0.094658 0.995510 0.000000 -2.633858 0.000000 0.000000 1.000000 0.000000
0.995564 0.094091 0.000000 43.097050 -0.094091 0.995564 0.000000 -2.727291 0.000000 0.000000 1.000000 0.000000
0.995058 0.099292 0.000000 43.680244 -0.099292 0.995058 0.000000 -2.790214 0.000000 0.000000 1.000000 0.000000
0.995026 0.099612 0.000000 44.174847 -0.099612 0.995026 0.000000 -2.839475 0.000000 0.000000 1.000000 0.000000
0.995019 0.099681 0.000000 45.201604 -0.099681 0.995019 0.000000 -2.946281 0.000000 0.000000 1.000000 0.000000
0.994954 0.100333 0.000000 45.729869 -0.100333 0.994954 0.000000 -2.997860 0.000000 0.000000 1.000000 0.000000
0.995014 0.099733 0.000000 46.242365 -0.099733 0.995014 0.000000 -3.046412 0.000000 0.000000 1.000000 0.000000
0.994967 0.100205 0.000000 46.737041 -0.100205 0.994967 0.000000 -3.089848 0.000000 0.000000 1.000000 0.000000
0.994792 0.101926 0.000000 47.636559 -0.101926 0.994792 0.000000 -3.188042 0.000000 0.000000 1.000000 0.000000
0.994837 0.101488 0.000000 48.142760 -0.101488 0.994837 0.000000 -3.253768 0.000000 0.000000 1.000000 0.000000
0.994353 0.106127 0.000000 48.641827 -0.106127 0.994353 0.000000 -3.296194 0.000000 0.000000 1.000000 0.000000
0.993824 0.110965 0.000000 49.135914 -0.110965 0.993824 0.000000 -3.353701 0.000000 0.000000 1.000000 0.000000
0.993760 0.111535 0.000000 49.623402 -0.111535 0.993760 0.000000 -3.407439 0.000000 0.000000 1.000000 0.000000
0.993556 0.113345 0.000000 50.102709 -0.113345 0.993556 0.000000 -3.457103 0.000000 0.000000 1.000000 0.000000
0.993225 0.116211 0.000000 50.575800 -0.116211 0.993225 0.000000 -3.509144 0.000000 0.000000 1.000000 0.000000
0.992764 0.120081 0.000000 51.289180 -0.120081 0.992764 0.000000 -3.598072 0.000000 0.000000 1.000000 0.000000
0.992800 0.119785 0.000000 51.713907 -0.119785 0.992800 0.000000 -3.656870 0.000000 0.000000 1.000000 0.000000
0.992888 0.119055 0.000000 52.166414 -0.119055 0.992888 0.000000 -3.708949 0.000000 0.000000 1.000000 0.000000
0.992942 0.118602 0.000000 52.607782 -0.118602 0.992942 0.000000 -3.763147 0.000000 0.000000 1.000000 0.000000
0.992898 0.118966 0.000000 53.030715 -0.118966 0.992898 0.000000 -3.815347 0.000000 0.000000 1.000000 0.000000
0.993212 0.116316 0.000000 53.455629 -0.116316 0.993212 0.000000 -3.867417 0.000000 0.000000 1.000000 0.000000
0.993388 0.114807 0.000000 54.187838 -0.114807 0.993388 0.000000 -3.953934 0.000000 0.000000 1.000000 0.000000
0.993246 0.116024 0.000000 54.572146 -0.116024 0.993246 0.000000 -3.996353 0.000000 0.000000 1.000000 0.000000
0.993122 0.117084 0.000000 55.007372 -0.117084 0.993122 0.000000 -4.045224 0.000000 0.000000 1.000000 0.000000
0.993029 0.117869 0.000000 55.405296 -0.117869 0.993029 0.000000 -4.095786 0.000000 0.000000 1.000000 0.000000
0.992909 0.118876 0.000000 55.799932 -0.118876 0.992909 0.000000 -4.141941 0.000000 0.000000 1.000000 0.000000
0.992764 0.120085 0.000000 56.185287 -0.120085 0.992764 0.000000 -4.190227 0.000000 0.000000 1.000000 0.000000
0.992613 0.121320 0.000000 56.566341 -0.121320 0.992613 0.000000 -4.246541 0.000000 0.000000 1.000000 0.000000
0.992770 0.120029 0.000000 56.936881 -0.120029 0.992770 0.000000 -4.301989 0.000000 0.000000 1.000000 0.000000
0.992566 0.121709 0.000000 57.295373 -0.121709 0.992566 0.000000 -4.342286 0.000000 0.000000 1.000000 0.000000
0.992292 0.123924 0.000000 57.657230 -0.123924 0.992292 0.000000 -4.386586 0.000000 0.000000 1.000000 0.000000
0.991738 0.128281 0.000000 58.339051 -0.128281 0.991738 0.000000 -4.484530 0.000000 0.000000 1.000000 0.000000
0.991829 0.127574 0.000000 58.675324 -0.127574 0.991829 0.000000 -4.534585 0.000000 0.000000 1.000000 0.000000
0.991863 0.127312 0.000000 58.990514 -0.127312 0.991863 0.000000 -4.583558 0.000000 0.000000 1.000000 0.000000
0.991893 0.127076 0.000000 59.328235 -0.127076 0.991893 0.000000 -4.637664 0.000000 0.000000 1.000000 0.000000
0.991677 0.128747 0.000000 59.656105 -0.128747 0.991677 0.000000 -4.686913 0.000000 0.000000 1.000000 0.000000
0.991356 0.131200 0.000000 59.956510 -0.131200 0.991356 0.000000 -4.716723 0.000000 0.000000 1.000000 0.000000
0.990454 0.137843 0.000000 60.283930 -0.137843 0.990454 0.000000 -4.747693 0.000000 0.000000 1.000000 0.000000
0.990303 0.138921 0.000000 60.605345 -0.138921 0.990303 0.000000 -4.794300 0.000000 0.000000 1.000000 0.000000
0.990543 0.137206 0.000000 61.121261 -0.137206 0.990543 0.000000 -4.878521 0.000000 0.000000 1.000000 0.000000
0.990537 0.137248 0.000000 61.425944 -0.137248 0.990537 0.000000 -4.924823 0.000000 0.000000 1.000000 0.000000
0.990263 0.139208 0.000000 61.728242 -0.139208 0.990263 0.000000 -4.971819 0.000000 0.000000 1.000000 0.000000
0.989983 0.141189 0.000000 62.044748 -0.141189 0.989983 0.000000 -5.023143 0.000000 0.000000 1.000000 0.000000
0.989889 0.141845 0.000000 62.336746 -0.141845 0.989889 0.000000 -5.069138 0.000000 0.000000 1.000000 0.000000
0.989683 0.143274 0.000000 62.607295 -0.143274 0.989683 0.000000 -5.111686 0.000000 0.000000 1.000000 0.000000
0.989634 0.143609 0.000000 62.908831 -0.143609 0.989634 0.000000 -5.158815 0.000000 0.000000 1.000000 0.000000
0.989431 0.145004 0.000000 63.191037 -0.145004 0.989431 0.000000 -5.199838 0.000000 0.000000 1.000000 0.000000
0.989290 0.145960 0.000000 63.463737 -0.145960 0.989290 0.000000 -5.243271 0.000000 0.000000 1.000000 0.000000
0.988845 0.148947 0.000000 63.925682 -0.148947 0.988845 0.000000 -5.321416 0.000000 0.000000 1.000000 0.000000
0.988779 0.149384 0.000000 64.173231 -0.149384 0.988779 0.000000 -5.358420 0.000000 0.000000 1.000000 0.000000
0.988672 0.150094 0.000000 64.453293 -0.150094 0.988672 0.000000 -5.402069 0.000000 0.000000 1.000000 0.000000
0.988610 0.150499 0.000000 64.715444 -0.150499 0.988610 0.000000 -5.442810 0.000000 0.000000 1.000000 0.000000
0.988555 0.150863 0.000000 64.977987 -0.150863 0.988555 0.000000 -5.486761 0.000000 0.000000 1.000000 0.000000
0.988447 0.151569 0.000000 65.241282 -0.151569 0.988447 0.000000 -5.530521 0.000000 0.000000 1.000000 0.000000
0.988379 0.152013 0.000000 65.496154 -0.152013 0.988379 0.000000 -5.572059 0.000000 0.000000 1.000000 0.000000
0.988263 0.152761 0.000000 65.759494 -0.152761 0.988263 0.000000 -5.615377 0.000000 0.000000 1.000000 0.000000
0.987925 0.154931 0.000000 66.005046 -0.154931 0.987925 0.000000 -5.656160 0.000000 0.000000 1.000000 0.000000
0.987753 0.156025 0.000000 66.272642 -0.156025 0.987753 0.000000 -5.697759 0.000000 0.000000 1.000000 0.000000
0.987626 0.156829 0.000000 66.519174 -0.156829 0.987626 0.000000 -5.740102 0.000000 0.000000 1.000000 0.000000
0.987397 0.158263 0.000000 66.776402 -0.158263 0.987397 0.000000 -5.783293 0.000000 0.000000 1.000000 0.000000
0.987071 0.160281 0.000000 67.210311 -0.160281 0.987071 0.000000 -5.858559 0.000000 0.000000 1.000000 0.000000
0.986957 0.160982 0.000000 67.480539 -0.160982 0.986957 0.000000 -5.905287 0.000000 0.000000 1.000000 0.000000
0.986849 0.161643 0.000000 67.756423 -0.161643 0.986849 0.000000 -5.953625 0.000000 0.000000 1.000000 0.000000
0.986715 0.162458 0.000000 68.028867 -0.162458 0.986715 0.000000 -6.002605 0.000000 0.000000 1.000000 0.000000
0.986573 0.163320 0.000000 68.304570 -0.163320 0.986573 0.000000 -6.051958 0.000000 0.000000 1.000000 0.000000
0.986428 0.164193 0.000000 68.595806 -0.164193 0.986428 0.000000 -6.106541 0.000000 0.000000 1.000000 0.000000
0.986420 0.164244 0.000000 68.854246 -0.164244 0.986420 0.000000 -6.156993 0.000000 0.000000 1.000000 0.000000
0.986393 0.164406 0.000000 69.144395 -0.164406 0.986393 0.000000 -6.213634 0.000000 0.000000 1.000000 0.000000
0.986055 0.166421 0.000000 69.422660 -0.166421 0.986055 0.000000 -6.265472 0.000000 0.000000 1.000000 0.000000
0.985947 0.167059 0.000000 69.684944 -0.167059 0.985947 0.000000 -6.317789 0.000000 0.000000 1.000000 0.000000
0.985813 0.167845 0.000000 69.962274 -0.167845 0.985813 0.000000 -6.367808 0.000000 0.000000 1.000000 0.000000
0.985454 0.169944 0.000000 70.228262 -0.169944 0.985454 0.000000 -6.417266 0.000000 0.000000 1.000000 0.000000
0.985136 0.171776 0.000000 71.002834 -0.171776 0.985136 0.000000 -6.561680 0.000000 0.000000 1.000000 0.000000
0.984581 0.174927 0.000000 71.289925 -0.174927 0.984581 0.000000 -6.608380 0.000000 0.000000 1.000000 0.000000
0.984216 0.176971 0.000000 71.580561 -0.176971 0.984216 0.000000 -6.660530 0.000000 0.000000 1.000000 0.000000
0.984141 0.177389 0.000000 71.872187 -0.177389 0.984141 0.000000 -6.719405 0.000000 0.000000 1.000000 0.000000
0.984414 0.175864 0.000000 72.162408 -0.175864 0.984414 0.000000 -6.775660 0.000000 0.000000 1.000000 0.000000
0.983926 0.178577 0.000000 72.743620 -0.178577 0.983926 0.000000 -6.886635 0.000000 0.000000 1.000000 0.000000
0.983707 0.179781 0.000000 73.042734 -0.179781 0.983707 0.000000 -6.946221 0.000000 0.000000 1.000000 0.000000
0.983659 0.180039 0.000000 73.330848 -0.180039 0.983659 0.000000 -7.003521 0.000000 0.000000 1.000000 0.000000
0.983358 0.181681 0.000000 73.797614 -0.181681 0.983358 0.000000 -7.097073 0.000000 0.000000 1.000000 0.000000
0.982614 0.185662 0.000000 74.114714 -0.185662 0.982614 0.000000 -7.155630 0.000000 0.000000 1.000000 0.000000
0.981031 0.193853 0.000000 74.644188 -0.193853 0.981031 0.000000 -7.256113 0.000000 0.000000 1.000000 0.000000
0.980930 0.194359 0.000000 74.973459 -0.194359 0.980930 0.000000 -7.325274 0.000000 0.000000 1.000000 0.000000
0.980725 0.195391 0.000000 75.307501 -0.195391 0.980725 0.000000 -7.389757 0.000000 0.000000 1.000000 0.000000
0.979656 0.200685 0.000000 75.627825 -0.200685 0.979656 0.000000 -7.447201 0.000000 0.000000 1.000000 0.000000
0.979597 0.200973 0.000000 75.977682 -0.200973 0.979597 0.000000 -7.520496 0.000000 0.000000 1.000000 0.000000
0.979244 0.202686 0.000000 76.546539 -0.202686 0.979244 0.000000 -7.644922 0.000000 0.000000 1.000000 0.000000
0.979744 0.200252 0.000000 76.893628 -0.200252 0.979744 0.000000 -7.715495 0.000000 0.000000 1.000000 0.000000
0.979690 0.200517 0.000000 77.269472 -0.200517 0.979690 0.000000 -7.794575 0.000000 0.000000 1.000000 0.000000
0.979585 0.201029 0.000000 77.624239 -0.201029 0.979585 0.000000 -7.863870 0.000000 0.000000 1.000000 0.000000
0.979538 0.201258 0.000000 78.270790 -0.201258 0.979538 0.000000 -8.004658 0.000000 0.000000 1.000000 0.000000
0.979554 0.201182 0.000000 78.925204 -0.201182 0.979554 0.000000 -8.132221 0.000000 0.000000 1.000000 0.000000
0.980000 0.199000 0.000000 79.308946 -0.199000 0.980000 0.000000 -8.223151 0.000000 0.000000 1.000000 0.000000
0.980107 0.198469 0.000000 79.730717 -0.198469 0.980107 0.000000 -8.300189 0.000000 0.000000 1.000000 0.000000
0.979544 0.201232 0.000000 80.128108 -0.201232 0.979544 0.000000 -8.380242 0.000000 0.000000 1.000000 0.000000
0.979278 0.202519 0.000000 80.556777 -0.202519 0.979278 0.000000 -8.480598 0.000000 0.000000 1.000000 0.000000
0.979064 0.203552 0.000000 80.962826 -0.203552 0.979064 0.000000 -8.574204 0.000000 0.000000 1.000000 0.000000
0.979449 0.201692 0.000000 81.409308 -0.201692 0.979449 0.000000 -8.670014 0.000000 0.000000 1.000000 0.000000
0.980416 0.196937 0.000000 82.094782 -0.196937 0.980416 0.000000 -8.803825 0.000000 0.000000 1.000000 0.000000
0.980352 0.197257 0.000000 82.900145 -0.197257 0.980352 0.000000 -8.970294 0.000000 0.000000 1.000000 0.000000
0.980396 0.197038 0.000000 83.369982 -0.197038 0.980396 0.000000 -9.070721 0.000000 0.000000 1.000000 0.000000
0.979748 0.200233 0.000000 83.844765 -0.200233 0.979748 0.000000 -9.175307 0.000000 0.000000 1.000000 0.000000
0.979061 0.203569 0.000000 84.307997 -0.203569 0.979061 0.000000 -9.277219 0.000000 0.000000 1.000000 0.000000
0.978065 0.208302 0.000000 84.812472 -0.208302 0.978065 0.000000 -9.378314 0.000000 0.000000 1.000000 0.000000
0.978032 0.208454 0.000000 85.259475 -0.208454 0.978032 0.000000 -9.477783 0.000000 0.000000 1.000000 0.000000
0.976888 0.213750 0.000000 85.759233 -0.213750 0.976888 0.000000 -9.587176 0.000000 0.000000 1.000000 0.000000
0.976204 0.216856 0.000000 86.269984 -0.216856 0.976204 0.000000 -9.702196 0.000000 0.000000 1.000000 0.000000
0.975597 0.219570 0.000000 86.783852 -0.219570 0.975597 0.000000 -9.818476 0.000000 0.000000 1.000000 0.000000
0.975198 0.221335 0.000000 87.272631 -0.221335 0.975198 0.000000 -9.934462 0.000000 0.000000 1.000000 0.000000
0.974816 0.223012 0.000000 87.796620 -0.223012 0.974816 0.000000 -10.060301 0.000000 0.000000 1.000000 0.000000
0.973894 0.227001 0.000000 88.740965 -0.227001 0.973894 0.000000 -10.287600 0.000000 0.000000 1.000000 0.000000
0.973940 0.226807 0.000000 89.279040 -0.226807 0.973940 0.000000 -10.422520 0.000000 0.000000 1.000000 0.000000
0.973783 0.227477 0.000000 89.819477 -0.227477 0.973783 0.000000 -10.553176 0.000000 0.000000 1.000000 0.000000
0.972718 0.231991 0.000000 90.368887 -0.231991 0.972718 0.000000 -10.681333 0.000000 0.000000 1.000000 0.000000
0.971857 0.235570 0.000000 90.922968 -0.235570 0.971857 0.000000 -10.820711 0.000000 0.000000 1.000000 0.000000
0.971931 0.235266 0.000000 91.761804 -0.235266 0.971931 0.000000 -11.043046 0.000000 0.000000 1.000000 0.000000
0.971220 0.238183 0.000000 92.288049 -0.238183 0.971220 0.000000 -11.170555 0.000000 0.000000 1.000000 0.000000
0.968767 0.247974 0.000000 93.386273 -0.247974 0.968767 0.000000 -11.455852 0.000000 0.000000 1.000000 0.000000
0.967641 0.252331 0.000000 94.119368 -0.252331 0.967641 0.000000 -11.641504 0.000000 0.000000 1.000000 0.000000
0.966722 0.255829 0.000000 94.698129 -0.255829 0.966722 0.000000 -11.787107 0.000000 0.000000 1.000000 0.000000
0.965310 0.261108 0.000000 95.276543 -0.261108 0.965310 0.000000 -11.952177 0.000000 0.000000 1.000000 0.000000
0.964161 0.265317 0.000000 95.855582 -0.265317 0.964161 0.000000 -12.123962 0.000000 0.000000 1.000000 0.000000
0.963867 0.266386 0.000000 96.440496 -0.266386 0.963867 0.000000 -12.285617 0.000000 0.000000 1.000000 0.000000
0.963504 0.267696 0.000000 97.055435 -0.267696 0.963504 0.000000 -12.465004 0.000000 0.000000 1.000000 0.000000
0.962761 0.270355 0.000000 97.616702 -0.270355 0.962761 0.000000 -12.628197 0.000000 0.000000 1.000000 0.000000
0.961992 0.273078 0.000000 98.198376 -0.273078 0.961992 0.000000 -12.799898 0.000000 0.000000 1.000000 0.000000
0.961798 0.273760 0.000000 98.794943 -0.273760 0.961798 0.000000 -12.974552 0.000000 0.000000 1.000000 0.000000
0.962648 0.270757 0.000000 99.353673 -0.270757 0.962648 0.000000 -13.139644 0.000000 0.000000 1.000000 0.000000
0.963115 0.269090 0.000000 99.955202 -0.269090 0.963115 0.000000 -13.315486 0.000000 0.000000 1.000000 0.000000
0.962844 0.270057 0.000000 100.559233 -0.270057 0.962844 0.000000 -13.490170 0.000000 0.000000 1.000000 0.000000
0.962666 0.270693 0.000000 101.120470 -0.270693 0.962666 0.000000 -13.650486 0.000000 0.000000 1.000000 0.000000
0.962412 0.271594 0.000000 102.197392 -0.271594 0.962412 0.000000 -13.955470 0.000000 0.000000 1.000000 0.000000
0.962115 0.272645 0.000000 102.851819 -0.272645 0.962115 0.000000 -14.150202 0.000000 0.000000 1.000000 0.000000
0.961819 0.273688 0.000000 103.459553 -0.273688 0.961819 0.000000 -14.333243 0.000000 0.000000 1.000000 0.000000
0.960982 0.276611 0.000000 104.078386 -0.276611 0.960982 0.000000 -14.518376 0.000000 0.000000 1.000000 0.000000
0.960256 0.279122 0.000000 104.677955 -0.279122 0.960256 0.000000 -14.697728 0.000000 0.000000 1.000000 0.000000
0.960624 0.277852 0.000000 105.294277 -0.277852 0.960624 0.000000 -14.888482 0.000000 0.000000 1.000000 0.000000
0.960531 0.278174 0.000000 105.872834 -0.278174 0.960531 0.000000 -15.059576 0.000000 0.000000 1.000000 0.000000
0.960487 0.278325 0.000000 106.495651 -0.278325 0.960487 0.000000 -15.241906 0.000000 0.000000 1.000000 0.000000
0.960282 0.279032 0.000000 107.078275 -0.279032 0.960282 0.000000 -15.415548 0.000000 0.000000 1.000000 0.000000
0.959602 0.281360 0.000000 107.703905 -0.281360 0.959602 0.000000 -15.614078 0.000000 0.000000 1.000000 0.000000
0.958887 0.283789 0.000000 108.327362 -0.283789 0.958887 0.000000 -15.810884 0.000000 0.000000 1.000000 0.000000
0.958669 0.284525 0.000000 108.961310 -0.284525 0.958669 0.000000 -15.999759 0.000000 0.000000 1.000000 0.000000
0.958910 0.283712 0.000000 109.748523 -0.283712 0.958910 0.000000 -16.245234 0.000000 0.000000 1.000000 0.000000
0.958622 0.284681 0.000000 110.345250 -0.284681 0.958622 0.000000 -16.418266 0.000000 0.000000 1.000000 0.000000
0.957137 0.289635 0.000000 110.980928 -0.289635 0.957137 0.000000 -16.625175 0.000000 0.000000 1.000000 0.000000
0.957962 0.286894 0.000000 111.985314 -0.286894 0.957962 0.000000 -16.937925 0.000000 0.000000 1.000000 0.000000
0.957862 0.287227 0.000000 112.623890 -0.287227 0.957862 0.000000 -17.138975 0.000000 0.000000 1.000000 0.000000
0.957408 0.288739 0.000000 113.267366 -0.288739 0.957408 0.000000 -17.344007 0.000000 0.000000 1.000000 0.000000
0.956679 0.291146 0.000000 113.913666 -0.291146 0.956679 0.000000 -17.553355 0.000000 0.000000 1.000000 0.000000
0.956463 0.291854 0.000000 114.540390 -0.291854 0.956463 0.000000 -17.763892 0.000000 0.000000 1.000000 0.000000
0.956364 0.292176 0.000000 115.185507 -0.292176 0.956364 0.000000 -17.975944 0.000000 0.000000 1.000000 0.000000
0.956453 0.291888 0.000000 115.785658 -0.291888 0.956453 0.000000 -18.171303 0.000000 0.000000 1.000000 0.000000
0.956658 0.291213 0.000000 116.918174 -0.291213 0.956658 0.000000 -18.533810 0.000000 0.000000 1.000000 0.000000
0.957322 0.289025 0.000000 117.561113 -0.289025 0.957322 0.000000 -18.740844 0.000000 0.000000 1.000000 0.000000
0.957566 0.288213 0.000000 118.208071 -0.288213 0.957566 0.000000 -18.945534 0.000000 0.000000 1.000000 0.000000
0.957485 0.288483 0.000000 118.850425 -0.288483 0.957485 0.000000 -19.148408 0.000000 0.000000 1.000000 0.000000
0.957336 0.288978 0.000000 120.166309 -0.288978 0.957336 0.000000 -19.560366 0.000000 0.000000 1.000000 0.000000
0.957330 0.288998 0.000000 120.762113 -0.288998 0.957330 0.000000 -19.748969 0.000000 0.000000 1.000000 0.000000
0.956810 0.290713 0.000000 121.408710 -0.290713 0.956810 0.000000 -19.956762 0.000000 0.000000 1.000000 0.000000
0.957240 0.289295 0.000000 122.009874 -0.289295 0.957240 0.000000 -20.150775 0.000000 0.000000 1.000000 0.000000
0.956569 0.291506 0.000000 122.612219 -0.291506 0.956569 0.000000 -20.334412 0.000000 0.000000 1.000000 0.000000
0.957787 0.287479 0.000000 127.267151 -0.287479 0.957787 0.000000 -21.835135 0.000000 0.000000 1.000000 0.000000
0.958732 0.284312 0.000000 127.907790 -0.284312 0.958732 0.000000 -22.031740 0.000000 0.000000 1.000000 0.000000
0.958304 0.285751 0.000000 128.514313 -0.285751 0.958304 0.000000 -22.214512 0.000000 0.000000 1.000000 0.000000
0.959213 0.282684 0.000000 129.140199 -0.282684 0.959213 0.000000 -22.423285 0.000000 0.000000 1.000000 0.000000
0.959043 0.283262 0.000000 129.742863 -0.283262 0.959043 0.000000 -22.615608 0.000000 0.000000 1.000000 0.000000
0.959904 0.280330 0.000000 130.360760 -0.280330 0.959904 0.000000 -22.815016 0.000000 0.000000 1.000000 0.000000
0.959161 0.282860 0.000000 130.992450 -0.282860 0.959161 0.000000 -23.019379 0.000000 0.000000 1.000000 0.000000
0.959378 0.282125 0.000000 131.795607 -0.282125 0.959378 0.000000 -23.280409 0.000000 0.000000 1.000000 0.000000
0.958948 0.283583 0.000000 132.420925 -0.283583 0.958948 0.000000 -23.486135 0.000000 0.000000 1.000000 0.000000
0.958096 0.286447 0.000000 133.049511 -0.286447 0.958096 0.000000 -23.672726 0.000000 0.000000 1.000000 0.000000
0.957666 0.287882 0.000000 133.958655 -0.287882 0.957666 0.000000 -23.950713 0.000000 0.000000 1.000000 0.000000
0.957837 0.287311 0.000000 134.576520 -0.287311 0.957837 0.000000 -24.151010 0.000000 0.000000 1.000000 0.000000
0.957887 0.287144 0.000000 135.197053 -0.287144 0.957887 0.000000 -24.346738 0.000000 0.000000 1.000000 0.000000
0.958029 0.286671 0.000000 135.807048 -0.286671 0.958029 0.000000 -24.541946 0.000000 0.000000 1.000000 0.000000
0.958040 0.286633 0.000000 136.417275 -0.286633 0.958040 0.000000 -24.738346 0.000000 0.000000 1.000000 0.000000
0.957623 0.288024 0.000000 137.323004 -0.288024 0.957623 0.000000 -25.023106 0.000000 0.000000 1.000000 0.000000
0.957297 0.289108 0.000000 137.913354 -0.289108 0.957297 0.000000 -25.211537 0.000000 0.000000 1.000000 0.000000
0.956792 0.290774 0.000000 138.519599 -0.290774 0.956792 0.000000 -25.404986 0.000000 0.000000 1.000000 0.000000
0.956146 0.292889 0.000000 139.087262 -0.292889 0.956146 0.000000 -25.589709 0.000000 0.000000 1.000000 0.000000
0.954995 0.296621 0.000000 139.872377 -0.296621 0.954995 0.000000 -25.846297 0.000000 0.000000 1.000000 0.000000
0.954877 0.297001 0.000000 140.473547 -0.297001 0.954877 0.000000 -26.050426 0.000000 0.000000 1.000000 0.000000
0.955030 0.296509 0.000000 141.074887 -0.296509 0.955030 0.000000 -26.249752 0.000000 0.000000 1.000000 0.000000
0.955537 0.294871 0.000000 141.670337 -0.294871 0.955537 0.000000 -26.447699 0.000000 0.000000 1.000000 0.000000
0.956147 0.292887 0.000000 142.268096 -0.292887 0.956147 0.000000 -26.639025 0.000000 0.000000 1.000000 0.000000
0.956315 0.292338 0.000000 143.416550 -0.292338 0.956315 0.000000 -27.014773 0.000000 0.000000 1.000000 0.000000
0.956856 0.290563 0.000000 143.967891 -0.290563 0.956856 0.000000 -27.186394 0.000000 0.000000 1.000000 0.000000
0.955944 0.293548 0.000000 144.549356 -0.293548 0.955944 0.000000 -27.360502 0.000000 0.000000 1.000000 0.000000
0.956213 0.292670 0.000000 145.128542 -0.292670 0.956213 0.000000 -27.545317 0.000000 0.000000 1.000000 0.000000
0.956033 0.293260 0.000000 145.673966 -0.293260 0.956033 0.000000 -27.724831 0.000000 0.000000 1.000000 0.000000
0.956392 0.292085 0.000000 146.252726 -0.292085 0.956392 0.000000 -27.917348 0.000000 0.000000 1.000000 0.000000
0.957636 0.287981 0.000000 146.960205 -0.287981 0.957636 0.000000 -28.151056 0.000000 0.000000 1.000000 0.000000
0.957840 0.287302 0.000000 147.532580 -0.287302 0.957840 0.000000 -28.340052 0.000000 0.000000 1.000000 0.000000
0.957907 0.287078 0.000000 148.064256 -0.287078 0.957907 0.000000 -28.514347 0.000000 0.000000 1.000000 0.000000
0.957650 0.287935 0.000000 148.642628 -0.287935 0.957650 0.000000 -28.700319 0.000000 0.000000 1.000000 0.000000
0.957205 0.289410 0.000000 149.211016 -0.289410 0.957205 0.000000 -28.881838 0.000000 0.000000 1.000000 0.000000
0.956955 0.290236 0.000000 149.742259 -0.290236 0.956955 0.000000 -29.053674 0.000000 0.000000 1.000000 0.000000
0.957032 0.289983 0.000000 150.306425 -0.289983 0.957032 0.000000 -29.237756 0.000000 0.000000 1.000000 0.000000
0.957665 0.287884 0.000000 150.840218 -0.287884 0.957665 0.000000 -29.406378 0.000000 0.000000 1.000000 0.000000
0.957080 0.289823 0.000000 151.402277 -0.289823 0.957080 0.000000 -29.582816 0.000000 0.000000 1.000000 0.000000
0.956391 0.292089 0.000000 151.959629 -0.292089 0.956391 0.000000 -29.765007 0.000000 0.000000 1.000000 0.000000
0.955266 0.295747 0.000000 152.682033 -0.295747 0.955266 0.000000 -29.991938 0.000000 0.000000 1.000000 0.000000
0.954540 0.298082 0.000000 153.211565 -0.298082 0.954540 0.000000 -30.159290 0.000000 0.000000 1.000000 0.000000
0.954041 0.299675 0.000000 153.770526 -0.299675 0.954041 0.000000 -30.340637 0.000000 0.000000 1.000000 0.000000
0.953624 0.301002 0.000000 154.295990 -0.301002 0.953624 0.000000 -30.515316 0.000000 0.000000 1.000000 0.000000
0.953622 0.301007 0.000000 154.850622 -0.301007 0.953622 0.000000 -30.696894 0.000000 0.000000 1.000000 0.000000
0.954011 0.299772 0.000000 155.372720 -0.299772 0.954011 0.000000 -30.864614 0.000000 0.000000 1.000000 0.000000
0.953813 0.300401 0.000000 156.087940 -0.300401 0.953813 0.000000 -31.098525 0.000000 0.000000 1.000000 0.000000
0.953660 0.300887 0.000000 156.602418 -0.300887 0.953660 0.000000 -31.263228 0.000000 0.000000 1.000000 0.000000
0.951743 0.306896 0.000000 157.146420 -0.306896 0.951743 0.000000 -31.455135 0.000000 0.000000 1.000000 0.000000
0.952013 0.306058 0.000000 157.656405 -0.306058 0.952013 0.000000 -31.627475 0.000000 0.000000 1.000000 0.000000
0.952861 0.303408 0.000000 158.213734 -0.303408 0.952861 0.000000 -31.801638 0.000000 0.000000 1.000000 0.000000
0.952738 0.303794 0.000000 158.727374 -0.303794 0.952738 0.000000 -31.972761 0.000000 0.000000 1.000000 0.000000
0.952338 0.305044 0.000000 159.472226 -0.305044 0.952338 0.000000 -32.215716 0.000000 0.000000 1.000000 0.000000
0.951840 0.306596 0.000000 160.027632 -0.306596 0.951840 0.000000 -32.394962 0.000000 0.000000 1.000000 0.000000
0.952998 0.302978 0.000000 160.572284 -0.302978 0.952998 0.000000 -32.582736 0.000000 0.000000 1.000000 0.000000
0.953837 0.300323 0.000000 161.117172 -0.300323 0.953837 0.000000 -32.765892 0.000000 0.000000 1.000000 0.000000
0.954359 0.298661 0.000000 161.660814 -0.298661 0.954359 0.000000 -32.946441 0.000000 0.000000 1.000000 0.000000
0.953926 0.300041 0.000000 162.200227 -0.300041 0.953926 0.000000 -33.136570 0.000000 0.000000 1.000000 0.000000
0.954230 0.299074 0.000000 162.744182 -0.299074 0.954230 0.000000 -33.322273 0.000000 0.000000 1.000000 0.000000
0.955340 0.295508 0.000000 163.257936 -0.295508 0.955340 0.000000 -33.496002 0.000000 0.000000 1.000000 0.000000
0.956296 0.292401 0.000000 163.797210 -0.292401 0.956296 0.000000 -33.676299 0.000000 0.000000 1.000000 0.000000
0.956707 0.291054 0.000000 164.347409 -0.291054 0.956707 0.000000 -33.863935 0.000000 0.000000 1.000000 0.000000
0.957127 0.289670 0.000000 164.858645 -0.289670 0.957127 0.000000 -34.032638 0.000000 0.000000 1.000000 0.000000
0.957561 0.288231 0.000000 165.406326 -0.288231 0.957561 0.000000 -34.222294 0.000000 0.000000 1.000000 0.000000
0.958422 0.285354 0.000000 165.925533 -0.285354 0.958422 0.000000 -34.383872 0.000000 0.000000 1.000000 0.000000
0.958653 0.284576 0.000000 166.472250 -0.284576 0.958653 0.000000 -34.563814 0.000000 0.000000 1.000000 0.000000
0.960244 0.279161 0.000000 167.015514 -0.279161 0.960244 0.000000 -34.740942 0.000000 0.000000 1.000000 0.000000
0.961747 0.273939 0.000000 167.573583 -0.273939 0.961747 0.000000 -34.918173 0.000000 0.000000 1.000000 0.000000
0.962988 0.269544 0.000000 168.085085 -0.269544 0.962988 0.000000 -35.079055 0.000000 0.000000 1.000000 0.000000
0.964213 0.265127 0.000000 168.634377 -0.265127 0.964213 0.000000 -35.243265 0.000000 0.000000 1.000000 0.000000
0.965766 0.259416 0.000000 169.136731 -0.259416 0.965766 0.000000 -35.397768 0.000000 0.000000 1.000000 0.000000
0.967290 0.253672 0.000000 169.689200 -0.253672 0.967290 0.000000 -35.562848 0.000000 0.000000 1.000000 0.000000
0.968600 0.248626 0.000000 170.410552 -0.248626 0.968600 0.000000 -35.770494 0.000000 0.000000 1.000000 0.000000
0.969161 0.246429 0.000000 170.961136 -0.246429 0.969161 0.000000 -35.917120 0.000000 0.000000 1.000000 0.000000
0.969780 0.243981 0.000000 171.464829 -0.243981 0.969780 0.000000 -36.060130 0.000000 0.000000 1.000000 0.000000
0.969701 0.244293 0.000000 172.019866 -0.244293 0.969701 0.000000 -36.218711 0.000000 0.000000 1.000000 0.000000
0.970283 0.241974 0.000000 172.712308 -0.241974 0.970283 0.000000 -36.405439 0.000000 0.000000 1.000000 0.000000
0.971546 0.236851 0.000000 173.804386 -0.236851 0.971546 0.000000 -36.699218 0.000000 0.000000 1.000000 0.000000
0.972290 0.233778 0.000000 174.349103 -0.233778 0.972290 0.000000 -36.844673 0.000000 0.000000 1.000000 0.000000
0.972887 0.231282 0.000000 174.895272 -0.231282 0.972887 0.000000 -36.978862 0.000000 0.000000 1.000000 0.000000
0.972941 0.231054 0.000000 175.440524 -0.231054 0.972941 0.000000 -37.118222 0.000000 0.000000 1.000000 0.000000
0.973559 0.228436 0.000000 175.981857 -0.228436 0.973559 0.000000 -37.251788 0.000000 0.000000 1.000000 0.000000
0.973832 0.227270 0.000000 176.522842 -0.227270 0.973832 0.000000 -37.378295 0.000000 0.000000 1.000000 0.000000
0.973758 0.227587 0.000000 177.085871 -0.227587 0.973758 0.000000 -37.521561 0.000000 0.000000 1.000000 0.000000
0.973752 0.227610 0.000000 177.623918 -0.227610 0.973752 0.000000 -37.655418 0.000000 0.000000 1.000000 0.000000
0.973495 0.228708 0.000000 178.123219 -0.228708 0.973495 0.000000 -37.778063 0.000000 0.000000 1.000000 0.000000
0.973157 0.230142 0.000000 178.620022 -0.230142 0.973157 0.000000 -37.913308 0.000000 0.000000 1.000000 0.000000
0.973290 0.229578 0.000000 179.152556 -0.229578 0.973290 0.000000 -38.048324 0.000000 0.000000 1.000000 0.000000
0.973613 0.228207 0.000000 179.651601 -0.228207 0.973613 0.000000 -38.168004 0.000000 0.000000 1.000000 0.000000
0.974080 0.226203 0.000000 180.183105 -0.226203 0.974080 0.000000 -38.293515 0.000000 0.000000 1.000000 0.000000
0.974314 0.225194 0.000000 180.686196 -0.225194 0.974314 0.000000 -38.409687 0.000000 0.000000 1.000000 0.000000
0.974293 0.225285 0.000000 181.214979 -0.225285 0.974293 0.000000 -38.542765 0.000000 0.000000 1.000000 0.000000
0.974597 0.223967 0.000000 181.710254 -0.223967 0.974597 0.000000 -38.660743 0.000000 0.000000 1.000000 0.000000
0.975352 0.220656 0.000000 182.240198 -0.220656 0.975352 0.000000 -38.787901 0.000000 0.000000 1.000000 0.000000
0.975697 0.219124 0.000000 182.725534 -0.219124 0.975697 0.000000 -38.900420 0.000000 0.000000 1.000000 0.000000
0.975718 0.219031 0.000000 183.255213 -0.219031 0.975718 0.000000 -39.019497 0.000000 0.000000 1.000000 0.000000
0.975527 0.219878 0.000000 183.746799 -0.219878 0.975527 0.000000 -39.126499 0.000000 0.000000 1.000000 0.000000
0.975329 0.220756 0.000000 184.269646 -0.220756 0.975329 0.000000 -39.240289 0.000000 0.000000 1.000000 0.000000
0.975653 0.219319 0.000000 184.914096 -0.219319 0.975653 0.000000 -39.396233 0.000000 0.000000 1.000000 0.000000
0.976621 0.214968 0.000000 185.432791 -0.214968 0.976621 0.000000 -39.519433 0.000000 0.000000 1.000000 0.000000
0.977456 0.211139 0.000000 185.941934 -0.211139 0.977456 0.000000 -39.639583 0.000000 0.000000 1.000000 0.000000
0.977724 0.209895 0.000000 186.426539 -0.209895 0.977724 0.000000 -39.750700 0.000000 0.000000 1.000000 0.000000
0.979127 0.203251 0.000000 187.139023 -0.203251 0.979127 0.000000 -39.913855 0.000000 0.000000 1.000000 0.000000
0.979726 0.200341 0.000000 187.652215 -0.200341 0.979726 0.000000 -40.028948 0.000000 0.000000 1.000000 0.000000
0.980170 0.198157 0.000000 188.163952 -0.198157 0.980170 0.000000 -40.138848 0.000000 0.000000 1.000000 0.000000
0.980391 0.197062 0.000000 188.673985 -0.197062 0.980391 0.000000 -40.256612 0.000000 0.000000 1.000000 0.000000
0.981701 0.190427 0.000000 189.184499 -0.190427 0.981701 0.000000 -40.359940 0.000000 0.000000 1.000000 0.000000
0.983780 0.179377 0.000000 190.193943 -0.179377 0.983780 0.000000 -40.565996 0.000000 0.000000 1.000000 0.000000
0.984546 0.175129 0.000000 190.689584 -0.175129 0.984546 0.000000 -40.652153 0.000000 0.000000 1.000000 0.000000
0.986008 0.166700 0.000000 191.183920 -0.166700 0.986008 0.000000 -40.752344 0.000000 0.000000 1.000000 0.000000
0.987305 0.158836 0.000000 191.644312 -0.158836 0.987305 0.000000 -40.834435 0.000000 0.000000 1.000000 0.000000
0.988531 0.151018 0.000000 192.139139 -0.151018 0.988531 0.000000 -40.914383 0.000000 0.000000 1.000000 0.000000
0.989899 0.141777 0.000000 192.604333 -0.141777 0.989899 0.000000 -40.985887 0.000000 0.000000 1.000000 0.000000
0.992504 0.122215 0.000000 193.549028 -0.122215 0.992504 0.000000 -41.120023 0.000000 0.000000 1.000000 0.000000
0.993646 0.112548 0.000000 194.031637 -0.112548 0.993646 0.000000 -41.188010 0.000000 0.000000 1.000000 0.000000
0.994719 0.102632 0.000000 194.483492 -0.102632 0.994719 0.000000 -41.240859 0.000000 0.000000 1.000000 0.000000
0.995921 0.090232 0.000000 195.160656 -0.090232 0.995921 0.000000 -41.315953 0.000000 0.000000 1.000000 0.000000
0.996886 0.078862 0.000000 195.636933 -0.078862 0.996886 0.000000 -41.360894 0.000000 0.000000 1.000000 0.000000
0.997698 0.067808 0.000000 196.110488 -0.067808 0.997698 0.000000 -41.407245 0.000000 0.000000 1.000000 0.000000
0.998316 0.058007 0.000000 196.551079 -0.058007 0.998316 0.000000 -41.443970 0.000000 0.000000 1.000000 0.000000
0.998842 0.048116 0.000000 197.016213 -0.048116 0.998842 0.000000 -41.483689 0.000000 0.000000 1.000000 0.000000
0.999449 0.033205 0.000000 197.484265 -0.033205 0.999449 0.000000 -41.516671 0.000000 0.000000 1.000000 0.000000
0.999743 0.022675 0.000000 197.914307 -0.022675 0.999743 0.000000 -41.546792 0.000000 0.000000 1.000000 0.000000
0.999926 0.012146 0.000000 198.376178 -0.012146 0.999926 0.000000 -41.569697 0.000000 0.000000 1.000000 0.000000
0.999993 0.003834 0.000000 198.797931 -0.003834 0.999993 0.000000 -41.585860 0.000000 0.000000 1.000000 0.000000
0.999976 -0.006973 0.000000 199.250125 0.006973 0.999976 0.000000 -41.599604 0.000000 0.000000 1.000000 0.000000
0.999849 -0.017385 0.000000 199.672034 0.017385 0.999849 0.000000 -41.606400 0.000000 0.000000 1.000000 0.000000
