0.999999 0.001618 0.000000 0.577447 -0.001618 0.999999 0.000000 -0.006658 0.000000 0.000000 1.000000 0.000000
0.999997 0.002548 0.000000 1.126948 -0.002548 0.999997 0.000000 -0.016070 0.000000 0.000000 1.000000 0.000000
0.999999 0.001666 0.000000 1.708116 -0.001666 0.999999 0.000000 -0.027111 0.000000 0.000000 1.000000 0.000000
0.999992 0.004087 0.000000 2.291019 -0.004087 0.999992 0.000000 -0.030680 0.000000 0.000000 1.000000 0.000000
0.999949 0.010102 0.000000 2.834875 -0.010102 0.999949 0.000000 -0.030514 0.000000 0.000000 1.000000 0.000000
0.999898 0.014292 0.000000 3.419750 -0.014292 0.999898 0.000000 -0.043553 0.000000 0.000000 1.000000 0.000000
0.999838 0.017984 0.000000 4.555801 -0.017984 0.999838 0.000000 -0.074672 0.000000 0.000000 1.000000 0.000000
0.999808 0.019616 0.000000 5.142995 -0.019616 0.999808 0.000000 -0.086063 0.000000 0.000000 1.000000 0.000000
0.999781 0.020944 0.000000 5.949008 -0.020944 0.999781 0.000000 -0.106846 0.000000 0.000000 1.000000 0.000000
0.999765 0.021669 0.000000 6.521331 -0.021669 0.999765 0.000000 -0.123030 0.000000 0.000000 1.000000 0.000000
0.999747 0.022500 0.000000 7.109484 -0.022500 0.999747 0.000000 -0.142195 0.000000 0.000000 1.000000 0.000000
0.999723 0.023527 0.000000 7.694847 -0.023527 0.999723 0.000000 -0.162240 0.000000 0.000000 1.000000 0.000000
0.999703 0.024355 0.000000 8.241234 -0.024355 0.999703 0.000000 -0.188138 0.000000 0.000000 1.000000 0.000000
0.999671 0.025647 0.000000 8.826637 -0.025647 0.999671 0.000000 -0.206683 0.000000 0.000000 1.000000 0.000000
0.999664 0.025924 0.000000 9.371172 -0.025924 0.999664 0.000000 -0.221131 0.000000 0.000000 1.000000 0.000000
0.999622 0.027492 0.000000 9.949301 -0.027492 0.999622 0.000000 -0.232024 0.000000 0.000000 1.000000 0.000000
0.999606 0.028078 0.000000 10.508710 -0.028078 0.999606 0.000000 -0.249316 0.000000 0.000000 1.000000 0.000000
0.999559 0.029689 0.000000 11.074736 -0.029689 0.999559 0.000000 -0.268063 0.000000 0.000000 1.000000 0.000000
0.999504 0.031506 0.000000 11.652337 -0.031506 0.999504 0.000000 -0.287284 0.000000 0.000000 1.000000 0.000000
0.999444 0.033344 0.000000 12.408119 -0.033344 0.999444 0.000000 -0.317303 0.000000 0.000000 1.000000 0.000000
0.999414 0.034218 0.000000 13.029110 -0.034218 0.999414 0.000000 -0.342036 0.000000 0.000000 1.000000 0.000000
0.999357 0.035858 0.000000 13.573896 -0.035858 0.999357 0.000000 -0.357706 0.000000 0.000000 1.000000 0.000000
0.999284 0.037839 0.000000 14.193509 -0.037839 0.999284 0.000000 -0.370389 0.000000 0.000000 1.000000 0.000000
0.999244 0.038873 0.000000 14.773532 -0.038873 0.999244 0.000000 -0.391933 0.000000 0.000000 1.000000 0.000000
0.999115 0.042070 0.000000 15.350964 -0.042070 0.999115 0.000000 -0.411908 0.000000 0.000000 1.000000 0.000000
0.999022 0.044214 0.000000 15.932934 -0.044214 0.999022 0.000000 -0.441135 0.000000 0.000000 1.000000 0.000000
0.998910 0.046672 0.000000 16.510868 -0.046672 0.998910 0.000000 -0.469431 0.000000 0.000000 1.000000 0.000000
0.998859 0.047758 0.000000 17.085590 -0.047758 0.998859 0.000000 -0.503113 0.000000 0.000000 1.000000 0.000000
0.998738 0.050219 0.000000 17.664256 -0.050219 0.998738 0.000000 -0.538662 0.000000 0.000000 1.000000 0.000000
0.998593 0.053032 0.000000 18.238098 -0.053032 0.998593 0.000000 -0.574764 0.000000 0.000000 1.000000 0.000000
0.998554 0.053752 0.000000 18.810629 -0.053752 0.998554 0.000000 -0.614590 0.000000 0.000000 1.000000 0.000000
0.998382 0.056865 0.000000 19.356870 -0.056865 0.998382 0.000000 -0.649330 0.000000 0.000000 1.000000 0.000000
0.998270 0.058793 0.000000 19.928981 -0.058793 0.998270 0.000000 -0.686633 0.000000 0.000000 1.000000 0.000000
0.998269 0.058819 0.000000 21.026373 -0.058819 0.998269 0.000000 -0.760557 0.000000 0.000000 1.000000 0.000000
0.998397 0.056591 0.000000 21.958347 -0.056591 0.998397 0.000000 -0.836777 0.000000 0.000000 1.000000 0.000000
0.998320 0.057939 0.000000 22.521632 -0.057939 0.998320 0.000000 -0.883206 0.000000 0.000000 1.000000 0.000000
0.998217 0.059684 0.000000 23.086247 -0.059684 0.998217 0.000000 -0.924298 0.000000 0.000000 1.000000 0.000000
0.998271 0.058781 0.000000 23.650000 -0.058781 0.998271 0.000000 -0.974630 0.000000 0.000000 1.000000 0.000000
0.998409 0.056386 0.000000 24.212058 -0.056386 0.998409 0.000000 -1.024070 0.000000 0.000000 1.000000 0.000000
0.998134 0.061065 0.000000 24.798785 -0.061065 0.998134 0.000000 -1.058917 0.000000 0.000000 1.000000 0.000000
0.997634 0.068743 0.000000 25.358931 -0.068743 0.997634 0.000000 -1.098814 0.000000 0.000000 1.000000 0.000000
0.997235 0.074310 0.000000 26.482318 -0.074310 0.997235 0.000000 -1.215478 0.000000 0.000000 1.000000 0.000000
0.997165 0.075248 0.000000 27.039748 -0.075248 0.997165 0.000000 -1.276712 0.000000 0.000000 1.000000 0.000000
0.997181 0.075032 0.000000 27.600466 -0.075032 0.997181 0.000000 -1.339100 0.000000 0.000000 1.000000 0.000000
0.997311 0.073289 0.000000 28.126606 -0.073289 0.997311 0.000000 -1.396640 0.000000 0.000000 1.000000 0.000000
0.997168 0.075204 0.000000 28.688025 -0.075204 0.997168 0.000000 -1.445167 0.000000 0.000000 1.000000 0.000000
0.996973 0.077748 0.000000 29.586902 -0.077748 0.996973 0.000000 -1.532214 0.000000 0.000000 1.000000 0.000000
0.996922 0.078404 0.000000 30.186822 -0.078404 0.996922 0.000000 -1.587834 0.000000 0.000000 1.000000 0.000000
0.996977 0.077698 0.000000 30.746329 -0.077698 0.996977 0.000000 -1.642241 0.000000 0.000000 1.000000 0.000000
0.996938 0.078193 0.000000 31.310721 -0.078193 0.996938 0.000000 -1.696026 0.000000 0.000000 1.000000 0.000000
0.996941 0.078154 0.000000 31.875060 -0.078154 0.996941 0.000000 -1.754091 0.000000 0.000000 1.000000 0.000000
0.996806 0.079861 0.000000 32.436773 -0.079861 0.996806 0.000000 -1.808114 0.000000 0.000000 1.000000 0.000000
0.996824 0.079630 0.000000 32.992285 -0.079630 0.996824 0.000000 -1.867627 0.000000 0.000000 1.000000 0.000000
0.996812 0.079788 0.000000 33.563084 -0.079788 0.996812 0.000000 -1.916481 0.000000 0.000000 1.000000 0.000000
0.996703 0.081131 0.000000 34.121996 -0.081131 0.996703 0.000000 -1.968408 0.000000 0.000000 1.000000 0.000000
0.996594 0.082465 0.000000 34.644764 -0.082465 0.996594 0.000000 -2.017062 0.000000 0.000000 1.000000 0.000000
0.996093 0.088309 0.000000 35.581126 -0.088309 0.996093 0.000000 -2.109099 0.000000 0.000000 1.000000 0.000000
0.995851 0.091001 0.000000 36.141714 -0.091001 0.995851 0.000000 -2.167380 0.000000 0.000000 1.000000 0.000000
0.995777 0.091805 0.000000 36.700468 -0.091805 0.995777 0.000000 -2.222554 0.000000 0.000000 1.000000 0.000000
0.995588 0.093834 0.000000 37.262494 -0.093834 0.995588 0.000000 -2.274508 0.000000 0.000000 1.000000 0.000000
0.995520 0.094549 0.000000 37.820159 -0.094549 0.995520 0.000000 -2.334837 0.000000 0.000000 1.000000 0.000000
0.995423 0.095566 0.000000 38.381363 -0.095566 0.995423 0.000000 -2.394671 0.000000 0.000000 1.000000 0.000000
0.995390 0.095911 0.000000 38.976847 -0.095911 0.995390 0.000000 -2.458555 0.000000 0.000000 1.000000 0.000000
0.995427 0.095527 0.000000 39.508408 -0.095527 0.995427 0.000000 -2.515991 0.000000 0.000000 1.000000 0.000000
0.995524 0.094514 0.000000 40.056113 -0.094514 0.995524 0.000000 -2.574320 0.000000 0.000000 1.000000 0.000000
0.995355 0.096268 0.000000 40.613186 -0.096268 0.995355 0.000000 -2.624676 0.000000 0.000000 1.000000 0.000000
0.995181 0.098055 0.000000 41.168744 -0.098055 0.995181 0.000000 -2.678891 0.000000 0.000000 1.000000 0.000000
0.995070 0.099175 0.000000 41.688337 -0.099175 0.995070 0.000000 -2.734350 0.000000 0.000000 1.000000 0.000000
0.995099 0.098885 0.000000 42.241826 -0.098885 0.995099 0.000000 -2.795360 0.000000 0.000000 1.000000 0.000000
0.995197 0.097890 0.000000 42.762877 -0.097890 0.995197 0.000000 -2.852810 0.000000 0.000000 1.000000 0.000000
0.995227 0.097585 0.000000 43.718747 -0.097585 0.995227 0.000000 -2.964893 0.000000 0.000000 1.000000 0.000000
0.995056 0.099318 0.000000 44.270298 -0.099318 0.995056 0.000000 -3.023922 0.000000 0.000000 1.000000 0.000000
0.995047 0.099402 0.000000 44.826171 -0.099402 0.995047 0.000000 -3.081455 0.000000 0.000000 1.000000 0.000000
0.994501 0.104730 0.000000 45.918981 -0.104730 0.994501 0.000000 -3.180902 0.000000 0.000000 1.000000 0.000000
0.994225 0.107316 0.000000 46.506938 -0.107316 0.994225 0.000000 -3.252633 0.000000 0.000000 1.000000 0.000000
0.994278 0.106826 0.000000 46.998277 -0.106826 0.994278 0.000000 -3.311480 0.000000 0.000000 1.000000 0.000000
0.994248 0.107105 0.000000 48.019692 -0.107105 0.994248 0.000000 -3.427254 0.000000 0.000000 1.000000 0.000000
0.994391 0.105765 0.000000 48.544091 -0.105765 0.994391 0.000000 -3.487770 0.000000 0.000000 1.000000 0.000000
0.994477 0.104959 0.000000 49.059010 -0.104959 0.994477 0.000000 -3.540292 0.000000 0.000000 1.000000 0.000000
0.994373 0.105935 0.000000 49.548383 -0.105935 0.994373 0.000000 -3.592774 0.000000 0.000000 1.000000 0.000000
0.994451 0.105202 0.000000 50.447314 -0.105202 0.994451 0.000000 -3.703816 0.000000 0.000000 1.000000 0.000000
0.994266 0.106934 0.000000 50.957497 -0.106934 0.994266 0.000000 -3.759805 0.000000 0.000000 1.000000 0.000000
0.993714 0.111949 0.000000 51.461917 -0.111949 0.993714 0.000000 -3.809593 0.000000 0.000000 1.000000 0.000000
0.993451 0.114261 0.000000 51.959360 -0.114261 0.993451 0.000000 -3.874155 0.000000 0.000000 1.000000 0.000000
0.993350 0.115133 0.000000 52.449619 -0.115133 0.993350 0.000000 -3.925154 0.000000 0.000000 1.000000 0.000000
0.993061 0.117597 0.000000 52.926168 -0.117597 0.993061 0.000000 -3.974233 0.000000 0.000000 1.000000 0.000000
0.992733 0.120334 0.000000 53.400849 -0.120334 0.992733 0.000000 -4.028116 0.000000 0.000000 1.000000 0.000000
0.992545 0.121876 0.000000 54.114252 -0.121876 0.992545 0.000000 -4.121461 0.000000 0.000000 1.000000 0.000000
0.992620 0.121269 0.000000 54.541375 -0.121269 0.992620 0.000000 -4.175579 0.000000 0.000000 1.000000 0.000000
0.992754 0.120161 0.000000 54.999423 -0.120161 0.992754 0.000000 -4.233283 0.000000 0.000000 1.000000 0.000000
0.992733 0.120334 0.000000 55.443542 -0.120334 0.992733 0.000000 -4.287500 0.000000 0.000000 1.000000 0.000000
0.992993 0.118176 0.000000 55.862440 -0.118176 0.992993 0.000000 -4.347491 0.000000 0.000000 1.000000 0.000000
0.993183 0.116561 0.000000 56.284727 -0.116561 0.993183 0.000000 -4.398152 0.000000 0.000000 1.000000 0.000000
0.993111 0.117181 0.000000 57.014146 -0.117181 0.993111 0.000000 -4.481826 0.000000 0.000000 1.000000 0.000000
0.993039 0.117782 0.000000 57.396682 -0.117782 0.993039 0.000000 -4.524624 0.000000 0.000000 1.000000 0.000000
0.992967 0.118394 0.000000 57.831693 -0.118394 0.992967 0.000000 -4.575511 0.000000 0.000000 1.000000 0.000000
0.992898 0.118971 0.000000 58.226708 -0.118971 0.992898 0.000000 -4.623267 0.000000 0.000000 1.000000 0.000000
0.992805 0.119742 0.000000 58.617868 -0.119742 0.992805 0.000000 -4.671596 0.000000 0.000000 1.000000 0.000000
0.992649 0.121025 0.000000 59.002459 -0.121025 0.992649 0.000000 -4.720298 0.000000 0.000000 1.000000 0.000000
0.992751 0.120189 0.000000 59.380524 -0.120189 0.992751 0.000000 -4.778598 0.000000 0.000000 1.000000 0.000000
0.992744 0.120244 0.000000 59.750254 -0.120244 0.992744 0.000000 -4.823314 0.000000 0.000000 1.000000 0.000000
0.992538 0.121936 0.000000 60.110618 -0.121936 0.992538 0.000000 -4.861455 0.000000 0.000000 1.000000 0.000000
0.992237 0.124362 0.000000 60.472721 -0.124362 0.992237 0.000000 -4.905243 0.000000 0.000000 1.000000 0.000000
0.992097 0.125471 0.000000 61.157142 -0.125471 0.992097 0.000000 -5.003754 0.000000 0.000000 1.000000 0.000000
0.992115 0.125333 0.000000 61.496120 -0.125333 0.992115 0.000000 -5.048506 0.000000 0.000000 1.000000 0.000000
0.992201 0.124648 0.000000 61.810552 -0.124648 0.992201 0.000000 -5.094088 0.000000 0.000000 1.000000 0.000000
0.992044 0.125888 0.000000 62.142994 -0.125888 0.992044 0.000000 -5.139528 0.000000 0.000000 1.000000 0.000000
0.991813 0.127696 0.000000 62.469734 -0.127696 0.991813 0.000000 -5.175759 0.000000 0.000000 1.000000 0.000000
0.991270 0.131845 0.000000 62.771634 -0.131845 0.991270 0.000000 -5.202859 0.000000 0.000000 1.000000 0.000000
0.990729 0.135851 0.000000 63.098754 -0.135851 0.990729 0.000000 -5.246651 0.000000 0.000000 1.000000 0.000000
0.990779 0.135485 0.000000 63.419312 -0.135485 0.990779 0.000000 -5.297132 0.000000 0.000000 1.000000 0.000000
0.990937 0.134328 0.000000 63.934223 -0.134328 0.990937 0.000000 -5.377500 0.000000 0.000000 1.000000 0.000000
0.990769 0.135561 0.000000 64.239709 -0.135561 0.990769 0.000000 -5.420489 0.000000 0.000000 1.000000 0.000000
0.990439 0.137955 0.000000 64.539335 -0.137955 0.990439 0.000000 -5.462638 0.000000 0.000000 1.000000 0.000000
0.990414 0.138133 0.000000 64.852573 -0.138133 0.990414 0.000000 -5.512314 0.000000 0.000000 1.000000 0.000000
0.990142 0.140068 0.000000 65.141489 -0.140068 0.990142 0.000000 -5.556970 0.000000 0.000000 1.000000 0.000000
0.990046 0.140745 0.000000 65.413719 -0.140745 0.990046 0.000000 -5.599772 0.000000 0.000000 1.000000 0.000000
0.989847 0.142134 0.000000 65.714747 -0.142134 0.989847 0.000000 -5.642281 0.000000 0.000000 1.000000 0.000000
0.989738 0.142894 0.000000 65.995704 -0.142894 0.989738 0.000000 -5.684654 0.000000 0.000000 1.000000 0.000000
0.989510 0.144467 0.000000 66.268450 -0.144467 0.989510 0.000000 -5.728038 0.000000 0.000000 1.000000 0.000000
0.989361 0.145481 0.000000 66.729154 -0.145481 0.989361 0.000000 -5.802047 0.000000 0.000000 1.000000 0.000000
0.989178 0.146720 0.000000 66.973337 -0.146720 0.989178 0.000000 -5.837878 0.000000 0.000000 1.000000 0.000000
0.989159 0.146845 0.000000 67.253339 -0.146845 0.989159 0.000000 -5.880252 0.000000 0.000000 1.000000 0.000000
0.989076 0.147407 0.000000 67.515874 -0.147407 0.989076 0.000000 -5.922840 0.000000 0.000000 1.000000 0.000000
0.989017 0.147804 0.000000 67.780945 -0.147804 0.989017 0.000000 -5.966147 0.000000 0.000000 1.000000 0.000000
0.988901 0.148577 0.000000 68.045216 -0.148577 0.988901 0.000000 -6.008820 0.000000 0.000000 1.000000 0.000000
0.988929 0.148392 0.000000 68.303124 -0.148392 0.988929 0.000000 -6.050544 0.000000 0.000000 1.000000 0.000000
0.988556 0.150856 0.000000 68.566617 -0.150856 0.988556 0.000000 -6.093128 0.000000 0.000000 1.000000 0.000000
0.988354 0.152171 0.000000 68.812733 -0.152171 0.988354 0.000000 -6.133566 0.000000 0.000000 1.000000 0.000000
0.988184 0.153271 0.000000 69.080366 -0.153271 0.988184 0.000000 -6.174450 0.000000 0.000000 1.000000 0.000000
0.988136 0.153579 0.000000 69.328296 -0.153579 0.988136 0.000000 -6.214756 0.000000 0.000000 1.000000 0.000000
0.987968 0.154658 0.000000 69.578672 -0.154658 0.987968 0.000000 -6.255376 0.000000 0.000000 1.000000 0.000000
0.987770 0.155916 0.000000 70.014100 -0.155916 0.987770 0.000000 -6.326975 0.000000 0.000000 1.000000 0.000000
0.987722 0.156222 0.000000 70.282993 -0.156222 0.987722 0.000000 -6.370247 0.000000 0.000000 1.000000 0.000000
0.987555 0.157276 0.000000 70.556344 -0.157276 0.987555 0.000000 -6.415756 0.000000 0.000000 1.000000 0.000000
0.987441 0.157986 0.000000 70.823508 -0.157986 0.987441 0.000000 -6.462050 0.000000 0.000000 1.000000 0.000000
0.987306 0.158828 0.000000 71.100455 -0.158828 0.987306 0.000000 -6.510391 0.000000 0.000000 1.000000 0.000000
0.987197 0.159508 0.000000 71.389474 -0.159508 0.987197 0.000000 -6.562976 0.000000 0.000000 1.000000 0.000000
0.987203 0.159468 0.000000 71.642941 -0.159468 0.987203 0.000000 -6.611683 0.000000 0.000000 1.000000 0.000000
0.986922 0.161199 0.000000 71.924360 -0.161199 0.986922 0.000000 -6.657420 0.000000 0.000000 1.000000 0.000000
0.986654 0.162832 0.000000 72.199779 -0.162832 0.986654 0.000000 -6.705019 0.000000 0.000000 1.000000 0.000000
0.986577 0.163295 0.000000 72.457575 -0.163295 0.986577 0.000000 -6.753333 0.000000 0.000000 1.000000 0.000000
0.986196 0.165580 0.000000 72.736677 -0.165580 0.986196 0.000000 -6.797719 0.000000 0.000000 1.000000 0.000000
0.985964 0.166957 0.000000 72.994882 -0.166957 0.985964 0.000000 -6.843746 0.000000 0.000000 1.000000 0.000000
0.985211 0.171343 0.000000 73.775014 -0.171343 0.985211 0.000000 -6.971605 0.000000 0.000000 1.000000 0.000000
0.984721 0.174141 0.000000 74.063670 -0.174141 0.984721 0.000000 -7.019043 0.000000 0.000000 1.000000 0.000000
0.984461 0.175604 0.000000 74.354613 -0.175604 0.984461 0.000000 -7.071888 0.000000 0.000000 1.000000 0.000000
0.984588 0.174888 0.000000 74.645443 -0.174888 0.984588 0.000000 -7.129801 0.000000 0.000000 1.000000 0.000000
0.984533 0.175198 0.000000 74.937029 -0.175198 0.984533 0.000000 -7.180577 0.000000 0.000000 1.000000 0.000000
0.983875 0.178859 0.000000 75.521090 -0.178859 0.983875 0.000000 -7.290735 0.000000 0.000000 1.000000 0.000000
0.983815 0.179186 0.000000 75.820045 -0.179186 0.983815 0.000000 -7.348355 0.000000 0.000000 1.000000 0.000000
0.983694 0.179850 0.000000 76.106951 -0.179850 0.983694 0.000000 -7.404506 0.000000 0.000000 1.000000 0.000000
0.983053 0.183320 0.000000 76.576876 -0.183320 0.983053 0.000000 -7.494258 0.000000 0.000000 1.000000 0.000000
0.982022 0.188769 0.000000 76.897135 -0.188769 0.982022 0.000000 -7.549762 0.000000 0.000000 1.000000 0.000000
0.981015 0.193933 0.000000 77.430727 -0.193933 0.981015 0.000000 -7.659963 0.000000 0.000000 1.000000 0.000000
0.980892 0.194553 0.000000 77.764185 -0.194553 0.980892 0.000000 -7.726852 0.000000 0.000000 1.000000 0.000000
0.980210 0.197962 0.000000 78.096817 -0.197962 0.980210 0.000000 -7.782989 0.000000 0.000000 1.000000 0.000000
0.979715 0.200395 0.000000 78.420125 -0.200395 0.979715 0.000000 -7.848470 0.000000 0.000000 1.000000 0.000000
0.979464 0.201619 0.000000 78.770074 -0.201619 0.979464 0.000000 -7.922101 0.000000 0.000000 1.000000 0.000000
0.979652 0.200701 0.000000 79.337488 -0.200701 0.979652 0.000000 -8.048350 0.000000 0.000000 1.000000 0.000000
0.979886 0.199557 0.000000 79.686791 -0.199557 0.979886 0.000000 -8.120020 0.000000 0.000000 1.000000 0.000000
0.979780 0.200078 0.000000 80.070181 -0.200078 0.979780 0.000000 -8.196539 0.000000 0.000000 1.000000 0.000000
0.979712 0.200412 0.000000 80.425843 -0.200412 0.979712 0.000000 -8.272054 0.000000 0.000000 1.000000 0.000000
0.979654 0.200695 0.000000 81.075871 -0.200695 0.979654 0.000000 -8.404236 0.000000 0.000000 1.000000 0.000000
0.980156 0.198229 0.000000 81.735357 -0.198229 0.980156 0.000000 -8.551496 0.000000 0.000000 1.000000 0.000000
0.980521 0.196417 0.000000 82.124130 -0.196417 0.980521 0.000000 -8.635267 0.000000 0.000000 1.000000 0.000000
0.980199 0.198016 0.000000 82.542433 -0.198016 0.980199 0.000000 -8.713570 0.000000 0.000000 1.000000 0.000000
0.979936 0.199312 0.000000 82.936066 -0.199312 0.979936 0.000000 -8.801759 0.000000 0.000000 1.000000 0.000000
0.979640 0.200761 0.000000 83.365455 -0.200761 0.979640 0.000000 -8.899022 0.000000 0.000000 1.000000 0.000000
0.979705 0.200444 0.000000 83.769329 -0.200444 0.979705 0.000000 -8.988272 0.000000 0.000000 1.000000 0.000000
0.980368 0.197176 0.000000 84.214552 -0.197176 0.980368 0.000000 -9.081048 0.000000 0.000000 1.000000 0.000000
0.980805 0.194993 0.000000 84.901316 -0.194993 0.980805 0.000000 -9.211481 0.000000 0.000000 1.000000 0.000000
0.981067 0.193667 0.000000 85.703108 -0.193667 0.981067 0.000000 -9.379188 0.000000 0.000000 1.000000 0.000000
0.980649 0.195772 0.000000 86.175323 -0.195772 0.980649 0.000000 -9.477077 0.000000 0.000000 1.000000 0.000000
0.980039 0.198804 0.000000 86.651559 -0.198804 0.980039 0.000000 -9.579493 0.000000 0.000000 1.000000 0.000000
0.979154 0.203121 0.000000 87.117797 -0.203121 0.979154 0.000000 -9.669451 0.000000 0.000000 1.000000 0.000000
0.978696 0.205313 0.000000 87.625665 -0.205313 0.978696 0.000000 -9.773527 0.000000 0.000000 1.000000 0.000000
0.978200 0.207663 0.000000 88.073079 -0.207663 0.978200 0.000000 -9.864319 0.000000 0.000000 1.000000 0.000000
0.977359 0.211589 0.000000 88.573230 -0.211589 0.977359 0.000000 -9.970822 0.000000 0.000000 1.000000 0.000000
0.976703 0.214596 0.000000 89.085877 -0.214596 0.976703 0.000000 -10.084288 0.000000 0.000000 1.000000 0.000000
0.976118 0.217239 0.000000 89.602835 -0.217239 0.976118 0.000000 -10.198323 0.000000 0.000000 1.000000 0.000000
0.975727 0.218992 0.000000 90.088524 -0.218992 0.975727 0.000000 -10.312791 0.000000 0.000000 1.000000 0.000000
0.975141 0.221586 0.000000 90.612743 -0.221586 0.975141 0.000000 -10.433547 0.000000 0.000000 1.000000 0.000000
0.974716 0.223448 0.000000 91.558460 -0.223448 0.974716 0.000000 -10.665070 0.000000 0.000000 1.000000 0.000000
0.974671 0.223644 0.000000 92.095031 -0.223644 0.974671 0.000000 -10.796138 0.000000 0.000000 1.000000 0.000000
0.973945 0.226783 0.000000 92.635721 -0.226783 0.973945 0.000000 -10.915636 0.000000 0.000000 1.000000 0.000000
0.972865 0.231373 0.000000 93.182243 -0.231373 0.972865 0.000000 -11.046553 0.000000 0.000000 1.000000 0.000000
0.972690 0.232106 0.000000 93.731265 -0.232106 0.972690 0.000000 -11.192034 0.000000 0.000000 1.000000 0.000000
0.972277 0.233833 0.000000 94.572642 -0.233833 0.972277 0.000000 -11.401392 0.000000 0.000000 1.000000 0.000000
0.971006 0.239055 0.000000 95.099985 -0.239055 0.971006 0.000000 -11.531299 0.000000 0.000000 1.000000 0.000000
0.968985 0.247120 0.000000 96.197409 -0.247120 0.968985 0.000000 -11.812830 0.000000 0.000000 1.000000 0.000000
0.967815 0.251663 0.000000 96.926775 -0.251663 0.967815 0.000000 -11.996958 0.000000 0.000000 1.000000 0.000000
0.966693 0.255940 0.000000 97.503174 -0.255940 0.966693 0.000000 -12.147362 0.000000 0.000000 1.000000 0.000000
0.965259 0.261294 0.000000 98.081628 -0.261294 0.965259 0.000000 -12.312616 0.000000 0.000000 1.000000 0.000000
0.964484 0.264140 0.000000 98.661701 -0.264140 0.964484 0.000000 -12.476682 0.000000 0.000000 1.000000 0.000000
0.964143 0.265384 0.000000 99.247626 -0.265384 0.964143 0.000000 -12.639654 0.000000 0.000000 1.000000 0.000000
0.963483 0.267768 0.000000 99.862788 -0.267768 0.963483 0.000000 -12.815323 0.000000 0.000000 1.000000 0.000000
0.962568 0.271039 0.000000 100.424713 -0.271039 0.962568 0.000000 -12.976082 0.000000 0.000000 1.000000 0.000000
0.962033 0.272933 0.000000 101.008235 -0.272933 0.962033 0.000000 -13.145087 0.000000 0.000000 1.000000 0.000000
0.962274 0.272084 0.000000 101.602849 -0.272084 0.962274 0.000000 -13.323120 0.000000 0.000000 1.000000 0.000000
0.962999 0.269506 0.000000 102.162250 -0.269506 0.962999 0.000000 -13.488632 0.000000 0.000000 1.000000 0.000000
0.963114 0.269094 0.000000 102.760146 -0.269094 0.963114 0.000000 -13.664268 0.000000 0.000000 1.000000 0.000000
0.962820 0.270144 0.000000 103.361420 -0.270144 0.962820 0.000000 -13.838345 0.000000 0.000000 1.000000 0.000000
0.962711 0.270534 0.000000 103.922304 -0.270534 0.962711 0.000000 -13.998742 0.000000 0.000000 1.000000 0.000000
0.962369 0.271748 0.000000 104.996106 -0.271748 0.962369 0.000000 -14.306607 0.000000 0.000000 1.000000 0.000000
0.962162 0.272477 0.000000 105.644200 -0.272477 0.962162 0.000000 -14.502698 0.000000 0.000000 1.000000 0.000000
0.961625 0.274367 0.000000 106.250471 -0.274367 0.961625 0.000000 -14.682406 0.000000 0.000000 1.000000 0.000000
0.960757 0.277393 0.000000 106.866486 -0.277393 0.960757 0.000000 -14.863130 0.000000 0.000000 1.000000 0.000000
0.960735 0.277467 0.000000 107.458122 -0.277467 0.960735 0.000000 -15.044860 0.000000 0.000000 1.000000 0.000000
0.960883 0.276955 0.000000 108.075037 -0.276955 0.960883 0.000000 -15.228919 0.000000 0.000000 1.000000 0.000000
0.960872 0.276994 0.000000 108.651419 -0.276994 0.960872 0.000000 -15.398023 0.000000 0.000000 1.000000 0.000000
0.960836 0.277119 0.000000 109.272211 -0.277119 0.960836 0.000000 -15.579122 0.000000 0.000000 1.000000 0.000000
0.960447 0.278464 0.000000 109.851698 -0.278464 0.960447 0.000000 -15.756117 0.000000 0.000000 1.000000 0.000000
0.959645 0.281213 0.000000 110.480163 -0.281213 0.959645 0.000000 -15.954408 0.000000 0.000000 1.000000 0.000000
0.959260 0.282524 0.000000 111.103759 -0.282524 0.959260 0.000000 -16.144192 0.000000 0.000000 1.000000 0.000000
0.959313 0.282344 0.000000 111.733376 -0.282344 0.959313 0.000000 -16.338488 0.000000 0.000000 1.000000 0.000000
0.959374 0.282136 0.000000 112.520314 -0.282136 0.959374 0.000000 -16.575414 0.000000 0.000000 1.000000 0.000000
0.958447 0.285272 0.000000 113.114167 -0.285272 0.958447 0.000000 -16.745399 0.000000 0.000000 1.000000 0.000000
0.957956 0.286915 0.000000 113.749558 -0.286915 0.957956 0.000000 -16.955477 0.000000 0.000000 1.000000 0.000000
0.958272 0.285858 0.000000 114.752610 -0.285858 0.958272 0.000000 -17.270073 0.000000 0.000000 1.000000 0.000000
0.958172 0.286194 0.000000 115.389488 -0.286194 0.958172 0.000000 -17.474045 0.000000 0.000000 1.000000 0.000000
0.957449 0.288602 0.000000 116.032250 -0.288602 0.957449 0.000000 -17.679845 0.000000 0.000000 1.000000 0.000000
0.957069 0.289859 0.000000 116.675243 -0.289859 0.957069 0.000000 -17.896454 0.000000 0.000000 1.000000 0.000000
0.956910 0.290383 0.000000 117.305144 -0.290383 0.956910 0.000000 -18.104884 0.000000 0.000000 1.000000 0.000000
0.957152 0.289585 0.000000 117.954717 -0.289585 0.957152 0.000000 -18.321374 0.000000 0.000000 1.000000 0.000000
0.957300 0.289096 0.000000 118.559089 -0.289096 0.957300 0.000000 -18.517469 0.000000 0.000000 1.000000 0.000000
0.958233 0.285987 0.000000 119.691618 -0.285987 0.958233 0.000000 -18.886278 0.000000 0.000000 1.000000 0.000000
0.958770 0.284182 0.000000 120.333472 -0.284182 0.958770 0.000000 -19.093845 0.000000 0.000000 1.000000 0.000000
0.959024 0.283323 0.000000 120.980501 -0.283323 0.959024 0.000000 -19.302312 0.000000 0.000000 1.000000 0.000000
0.958942 0.283603 0.000000 121.624428 -0.283603 0.958942 0.000000 -19.502015 0.000000 0.000000 1.000000 0.000000
0.959500 0.281708 0.000000 122.934762 -0.281708 0.959500 0.000000 -19.918699 0.000000 0.000000 1.000000 0.000000
0.959102 0.283062 0.000000 123.528488 -0.283062 0.959102 0.000000 -20.106646 0.000000 0.000000 1.000000 0.000000
0.959297 0.282400 0.000000 124.172394 -0.282400 0.959297 0.000000 -20.316707 0.000000 0.000000 1.000000 0.000000
0.959139 0.282936 0.000000 124.774485 -0.282936 0.959139 0.000000 -20.498660 0.000000 0.000000 1.000000 0.000000
0.958456 0.285240 0.000000 125.375912 -0.285240 0.958456 0.000000 -20.680745 0.000000 0.000000 1.000000 0.000000
0.967406 0.253232 0.000000 130.571537 -0.253232 0.967406 0.000000 -21.920682 0.000000 0.000000 1.000000 0.000000
0.967505 0.252851 0.000000 131.221916 -0.252851 0.967505 0.000000 -22.091694 0.000000 0.000000 1.000000 0.000000
0.968060 0.250717 0.000000 131.834647 -0.250717 0.968060 0.000000 -22.259539 0.000000 0.000000 1.000000 0.000000
0.968350 0.249595 0.000000 132.467296 -0.249595 0.968350 0.000000 -22.440340 0.000000 0.000000 1.000000 0.000000
0.968978 0.247146 0.000000 133.073637 -0.247146 0.968978 0.000000 -22.614445 0.000000 0.000000 1.000000 0.000000
0.968855 0.247628 0.000000 133.693753 -0.247628 0.968855 0.000000 -22.783995 0.000000 0.000000 1.000000 0.000000
0.968835 0.247706 0.000000 134.327592 -0.247706 0.968835 0.000000 -22.967419 0.000000 0.000000 1.000000 0.000000
0.968884 0.247514 0.000000 135.137649 -0.247514 0.968884 0.000000 -23.186195 0.000000 0.000000 1.000000 0.000000
0.968262 0.249936 0.000000 135.764121 -0.249936 0.968262 0.000000 -23.349496 0.000000 0.000000 1.000000 0.000000
0.967831 0.251602 0.000000 136.396632 -0.251602 0.967831 0.000000 -23.513652 0.000000 0.000000 1.000000 0.000000
0.967918 0.251268 0.000000 137.314274 -0.251268 0.967918 0.000000 -23.764634 0.000000 0.000000 1.000000 0.000000
0.968040 0.250795 0.000000 137.937241 -0.250795 0.968040 0.000000 -23.935960 0.000000 0.000000 1.000000 0.000000
0.968220 0.250101 0.000000 138.566141 -0.250101 0.968220 0.000000 -24.108196 0.000000 0.000000 1.000000 0.000000
0.968441 0.249244 0.000000 139.184469 -0.249244 0.968441 0.000000 -24.283824 0.000000 0.000000 1.000000 0.000000
0.968323 0.249700 0.000000 139.804946 -0.249700 0.968323 0.000000 -24.452834 0.000000 0.000000 1.000000 0.000000
0.968084 0.250626 0.000000 140.725199 -0.250626 0.968084 0.000000 -24.709317 0.000000 0.000000 1.000000 0.000000
0.967753 0.251901 0.000000 141.324618 -0.251901 0.967753 0.000000 -24.873242 0.000000 0.000000 1.000000 0.000000
0.967293 0.253660 0.000000 141.936164 -0.253660 0.967293 0.000000 -25.047230 0.000000 0.000000 1.000000 0.000000
0.966595 0.256310 0.000000 142.509292 -0.256310 0.966595 0.000000 -25.207037 0.000000 0.000000 1.000000 0.000000
0.966070 0.258280 0.000000 143.302384 -0.258280 0.966070 0.000000 -25.437258 0.000000 0.000000 1.000000 0.000000
0.966113 0.258119 0.000000 143.910128 -0.258119 0.966113 0.000000 -25.612813 0.000000 0.000000 1.000000 0.000000
0.966389 0.257085 0.000000 144.517242 -0.257085 0.966389 0.000000 -25.788944 0.000000 0.000000 1.000000 0.000000
0.967078 0.254479 0.000000 145.121573 -0.254479 0.967078 0.000000 -25.960480 0.000000 0.000000 1.000000 0.000000
0.967316 0.253576 0.000000 145.726439 -0.253576 0.967316 0.000000 -26.127527 0.000000 0.000000 1.000000 0.000000
0.968159 0.250338 0.000000 146.890067 -0.250338 0.968159 0.000000 -26.459970 0.000000 0.000000 1.000000 0.000000
0.967863 0.251478 0.000000 147.444788 -0.251478 0.967863 0.000000 -26.600287 0.000000 0.000000 1.000000 0.000000
0.967729 0.251993 0.000000 148.026638 -0.251993 0.967729 0.000000 -26.758513 0.000000 0.000000 1.000000 0.000000
0.967539 0.252721 0.000000 148.611446 -0.252721 0.967539 0.000000 -26.918437 0.000000 0.000000 1.000000 0.000000
0.967743 0.251941 0.000000 149.163422 -0.251941 0.967743 0.000000 -27.075103 0.000000 0.000000 1.000000 0.000000
0.968655 0.248410 0.000000 149.748159 -0.248410 0.968655 0.000000 -27.245792 0.000000 0.000000 1.000000 0.000000
0.969079 0.246752 0.000000 150.462389 -0.246752 0.969079 0.000000 -27.446083 0.000000 0.000000 1.000000 0.000000
0.969345 0.245704 0.000000 151.042784 -0.245704 0.969345 0.000000 -27.609901 0.000000 0.000000 1.000000 0.000000
0.969385 0.245547 0.000000 151.580284 -0.245547 0.969385 0.000000 -27.757562 0.000000 0.000000 1.000000 0.000000
0.968938 0.247305 0.000000 152.163785 -0.247305 0.968938 0.000000 -27.915677 0.000000 0.000000 1.000000 0.000000
0.968712 0.248188 0.000000 152.739841 -0.248188 0.968712 0.000000 -28.073525 0.000000 0.000000 1.000000 0.000000
0.968581 0.248699 0.000000 153.279723 -0.248699 0.968581 0.000000 -28.222105 0.000000 0.000000 1.000000 0.000000
0.969286 0.245937 0.000000 153.854633 -0.245937 0.969286 0.000000 -28.381260 0.000000 0.000000 1.000000 0.000000
0.969256 0.246053 0.000000 154.396762 -0.246053 0.969256 0.000000 -28.525534 0.000000 0.000000 1.000000 0.000000
0.968801 0.247839 0.000000 154.970012 -0.247839 0.968801 0.000000 -28.681507 0.000000 0.000000 1.000000 0.000000
0.968126 0.250462 0.000000 155.539363 -0.250462 0.968126 0.000000 -28.829991 0.000000 0.000000 1.000000 0.000000
0.967187 0.254066 0.000000 156.270227 -0.254066 0.967187 0.000000 -29.022932 0.000000 0.000000 1.000000 0.000000
0.966759 0.255689 0.000000 156.806790 -0.255689 0.966759 0.000000 -29.164583 0.000000 0.000000 1.000000 0.000000
0.966322 0.257337 0.000000 157.370833 -0.257337 0.966322 0.000000 -29.321822 0.000000 0.000000 1.000000 0.000000
0.966170 0.257907 0.000000 157.900853 -0.257907 0.966170 0.000000 -29.467651 0.000000 0.000000 1.000000 0.000000
0.966608 0.256258 0.000000 158.461416 -0.256258 0.966608 0.000000 -29.623980 0.000000 0.000000 1.000000 0.000000
0.966705 0.255892 0.000000 158.992918 -0.255892 0.966705 0.000000 -29.768169 0.000000 0.000000 1.000000 0.000000
0.966710 0.255873 0.000000 159.717228 -0.255873 0.966710 0.000000 -29.970437 0.000000 0.000000 1.000000 0.000000
0.966484 0.256726 0.000000 160.255034 -0.256726 0.966484 0.000000 -30.069407 0.000000 0.000000 1.000000 0.000000
0.965498 0.260411 0.000000 160.808580 -0.260411 0.965498 0.000000 -30.236938 0.000000 0.000000 1.000000 0.000000
0.966098 0.258174 0.000000 161.328711 -0.258174 0.966098 0.000000 -30.383533 0.000000 0.000000 1.000000 0.000000
0.966419 0.256971 0.000000 161.889701 -0.256971 0.966419 0.000000 -30.536051 0.000000 0.000000 1.000000 0.000000
0.966322 0.257336 0.000000 162.412161 -0.257336 0.966322 0.000000 -30.681563 0.000000 0.000000 1.000000 0.000000
0.965778 0.259369 0.000000 163.164079 -0.259369 0.965778 0.000000 -30.885999 0.000000 0.000000 1.000000 0.000000
0.965950 0.258730 0.000000 163.724569 -0.258730 0.965950 0.000000 -31.043351 0.000000 0.000000 1.000000 0.000000
0.966817 0.255471 0.000000 164.278104 -0.255471 0.966817 0.000000 -31.203463 0.000000 0.000000 1.000000 0.000000
0.967631 0.252371 0.000000 164.829509 -0.252371 0.967631 0.000000 -31.363337 0.000000 0.000000 1.000000 0.000000
0.967714 0.252049 0.000000 165.385353 -0.252049 0.967714 0.000000 -31.516640 0.000000 0.000000 1.000000 0.000000
0.967865 0.251470 0.000000 165.933456 -0.251470 0.967865 0.000000 -31.678273 0.000000 0.000000 1.000000 0.000000
0.968735 0.248096 0.000000 166.485155 -0.248096 0.968735 0.000000 -31.839682 0.000000 0.000000 1.000000 0.000000
0.969785 0.243963 0.000000 167.009905 -0.243963 0.969785 0.000000 -31.989553 0.000000 0.000000 1.000000 0.000000
0.970366 0.241639 0.000000 167.557446 -0.241639 0.970366 0.000000 -32.143521 0.000000 0.000000 1.000000 0.000000
0.970889 0.239529 0.000000 168.117562 -0.239529 0.970889 0.000000 -32.299466 0.000000 0.000000 1.000000 0.000000
0.971210 0.238225 0.000000 168.636958 -0.238225 0.971210 0.000000 -32.445940 0.000000 0.000000 1.000000 0.000000
0.971895 0.235413 0.000000 169.197797 -0.235413 0.971895 0.000000 -32.602583 0.000000 0.000000 1.000000 0.000000
0.972354 0.233511 0.000000 169.723396 -0.233511 0.972354 0.000000 -32.740300 0.000000 0.000000 1.000000 0.000000
0.973071 0.230505 0.000000 170.279998 -0.230505 0.973071 0.000000 -32.894668 0.000000 0.000000 1.000000 0.000000
0.974443 0.224634 0.000000 170.829786 -0.224634 0.974443 0.000000 -33.043976 0.000000 0.000000 1.000000 0.000000
0.975620 0.219464 0.000000 171.399550 -0.219464 0.975620 0.000000 -33.194020 0.000000 0.000000 1.000000 0.000000
0.976643 0.214869 0.000000 171.918915 -0.214869 0.976643 0.000000 -33.325285 0.000000 0.000000 1.000000 0.000000
0.977899 0.209079 0.000000 172.472677 -0.209079 0.977899 0.000000 -33.466269 0.000000 0.000000 1.000000 0.000000
0.979199 0.202904 0.000000 172.984491 -0.202904 0.979199 0.000000 -33.592268 0.000000 0.000000 1.000000 0.000000
0.980268 0.197672 0.000000 173.546623 -0.197672 0.980268 0.000000 -33.722376 0.000000 0.000000 1.000000 0.000000
0.981085 0.193577 0.000000 174.279125 -0.193577 0.981085 0.000000 -33.879921 0.000000 0.000000 1.000000 0.000000
0.981680 0.190535 0.000000 174.835798 -0.190535 0.981680 0.000000 -34.000852 0.000000 0.000000 1.000000 0.000000
0.981820 0.189815 0.000000 175.346959 -0.189815 0.981820 0.000000 -34.114684 0.000000 0.000000 1.000000 0.000000
0.982025 0.188750 0.000000 175.912049 -0.188750 0.982025 0.000000 -34.238863 0.000000 0.000000 1.000000 0.000000
0.982565 0.185919 0.000000 176.610301 -0.185919 0.982565 0.000000 -34.385439 0.000000 0.000000 1.000000 0.000000
0.983685 0.179900 0.000000 177.712544 -0.179900 0.983685 0.000000 -34.618208 0.000000 0.000000 1.000000 0.000000
0.984379 0.176065 0.000000 178.264033 -0.176065 0.984379 0.000000 -34.724836 0.000000 0.000000 1.000000 0.000000
0.984574 0.174968 0.000000 178.821893 -0.174968 0.984574 0.000000 -34.827464 0.000000 0.000000 1.000000 0.000000
0.984993 0.172594 0.000000 179.372754 -0.172594 0.984993 0.000000 -34.936572 0.000000 0.000000 1.000000 0.000000
0.985461 0.169902 0.000000 179.920137 -0.169902 0.985461 0.000000 -35.039074 0.000000 0.000000 1.000000 0.000000
0.985471 0.169845 0.000000 180.465553 -0.169845 0.985471 0.000000 -35.139914 0.000000 0.000000 1.000000 0.000000
0.985578 0.169223 0.000000 181.035266 -0.169223 0.985578 0.000000 -35.248136 0.000000 0.000000 1.000000 0.000000
0.985499 0.169681 0.000000 181.580804 -0.169681 0.985499 0.000000 -35.346058 0.000000 0.000000 1.000000 0.000000
0.985252 0.171112 0.000000 182.086338 -0.171112 0.985252 0.000000 -35.444698 0.000000 0.000000 1.000000 0.000000
0.985217 0.171312 0.000000 182.590489 -0.171312 0.985217 0.000000 -35.543028 0.000000 0.000000 1.000000 0.000000
0.985455 0.169938 0.000000 183.134221 -0.169938 0.985455 0.000000 -35.644214 0.000000 0.000000 1.000000 0.000000
0.985789 0.167986 0.000000 183.643832 -0.167986 0.985789 0.000000 -35.736259 0.000000 0.000000 1.000000 0.000000
0.986140 0.165917 0.000000 184.185502 -0.165917 0.986140 0.000000 -35.828179 0.000000 0.000000 1.000000 0.000000
0.986206 0.165524 0.000000 184.699401 -0.165524 0.986206 0.000000 -35.916579 0.000000 0.000000 1.000000 0.000000
0.986290 0.165022 0.000000 185.240686 -0.165022 0.986290 0.000000 -36.013715 0.000000 0.000000 1.000000 0.000000
0.986843 0.161681 0.000000 185.740420 -0.161681 0.986843 0.000000 -36.104384 0.000000 0.000000 1.000000 0.000000
0.987310 0.158803 0.000000 186.275284 -0.158803 0.987310 0.000000 -36.196763 0.000000 0.000000 1.000000 0.000000
0.987454 0.157907 0.000000 186.769741 -0.157907 0.987454 0.000000 -36.277010 0.000000 0.000000 1.000000 0.000000
0.987418 0.158132 0.000000 187.305745 -0.158132 0.987418 0.000000 -36.363816 0.000000 0.000000 1.000000 0.000000
0.987276 0.159018 0.000000 187.802859 -0.159018 0.987276 0.000000 -36.438849 0.000000 0.000000 1.000000 0.000000
0.987298 0.158876 0.000000 188.332216 -0.158876 0.987298 0.000000 -36.527652 0.000000 0.000000 1.000000 0.000000
0.987957 0.154730 0.000000 188.989118 -0.154730 0.987957 0.000000 -36.648914 0.000000 0.000000 1.000000 0.000000
0.988688 0.149986 0.000000 189.510678 -0.149986 0.988688 0.000000 -36.743443 0.000000 0.000000 1.000000 0.000000
0.989039 0.147651 0.000000 190.024242 -0.147651 0.989039 0.000000 -36.828472 0.000000 0.000000 1.000000 0.000000
0.989564 0.144094 0.000000 190.516932 -0.144094 0.989564 0.000000 -36.912656 0.000000 0.000000 1.000000 0.000000
0.990318 0.138820 0.000000 191.240333 -0.138820 0.990318 0.000000 -37.028553 0.000000 0.000000 1.000000 0.000000
0.990728 0.135860 0.000000 191.759129 -0.135860 0.990728 0.000000 -37.110274 0.000000 0.000000 1.000000 0.000000
0.990841 0.135037 0.000000 192.277596 -0.135037 0.990841 0.000000 -37.190946 0.000000 0.000000 1.000000 0.000000
0.991379 0.131022 0.000000 192.784523 -0.131022 0.991379 0.000000 -37.272251 0.000000 0.000000 1.000000 0.000000
0.992200 0.124657 0.000000 193.303165 -0.124657 0.992200 0.000000 -37.346426 0.000000 0.000000 1.000000 0.000000
0.993284 0.115706 0.000000 194.325910 -0.115706 0.993284 0.000000 -37.466156 0.000000 0.000000 1.000000 0.000000
0.994031 0.109102 0.000000 194.822544 -0.109102 0.994031 0.000000 -37.522903 0.000000 0.000000 1.000000 0.000000
0.994995 0.099929 0.000000 195.321009 -0.099929 0.994995 0.000000 -37.586033 0.000000 0.000000 1.000000 0.000000
0.995674 0.092915 0.000000 195.784012 -0.092915 0.995674 0.000000 -37.634995 0.000000 0.000000 1.000000 0.000000
0.996462 0.084050 0.000000 196.284149 -0.084050 0.996462 0.000000 -37.685689 0.000000 0.000000 1.000000 0.000000
0.997225 0.074447 0.000000 196.753313 -0.074447 0.997225 0.000000 -37.732300 0.000000 0.000000 1.000000 0.000000
0.998426 0.056092 0.000000 197.705538 -0.056092 0.998426 0.000000 -37.816622 0.000000 0.000000 1.000000 0.000000
0.999004 0.044612 0.000000 198.193707 -0.044612 0.999004 0.000000 -37.852825 0.000000 0.000000 1.000000 0.000000
0.999359 0.035811 0.000000 198.647471 -0.035811 0.999359 0.000000 -37.877155 0.000000 0.000000 1.000000 0.000000
0.999793 0.020341 0.000000 199.329051 -0.020341 0.999793 0.000000 -37.915859 0.000000 0.000000 1.000000 0.000000
0.999960 0.008976 0.000000 199.806840 -0.008976 0.999960 0.000000 -37.933935 0.000000 0.000000 1.000000 0.000000
0.999997 -0.002563 0.000000 200.280085 0.002563 0.999997 0.000000 -37.949443 0.000000 0.000000 1.000000 0.000000
0.999931 -0.011779 0.000000 200.725765 0.011779 0.999931 0.000000 -37.958186 0.000000 0.000000 1.000000 0.000000
0.999703 -0.024356 0.000000 201.188274 0.024356 0.999703 0.000000 -37.971141 0.000000 0.000000 1.000000 0.000000
0.999321 -0.036832 0.000000 201.659065 0.036832 0.999321 0.000000 -37.969804 0.000000 0.000000 1.000000 0.000000
