1.000000 0.000851 0.000000 0.632335 -0.000851 1.000000 0.000000 -0.015115 0.000000 0.000000 1.000000 0.000000
0.999999 0.001514 0.000000 1.268953 -0.001514 0.999999 0.000000 -0.089378 0.000000 0.000000 1.000000 0.000000
0.999998 -0.001844 0.000000 1.965318 0.001844 0.999998 0.000000 -0.036027 0.000000 0.000000 1.000000 0.000000
1.000000 -0.000845 0.000000 2.509079 0.000845 1.000000 0.000000 -0.003207 0.000000 0.000000 1.000000 0.000000
0.999999 0.001038 0.000000 3.255822 -0.001038 0.999999 0.000000 -0.043019 0.000000 0.000000 1.000000 0.000000
0.999999 -0.001155 0.000000 3.936133 0.001155 0.999999 0.000000 -0.010242 0.000000 0.000000 1.000000 0.000000
0.999999 -0.001729 0.000000 4.484380 0.001729 0.999999 0.000000 -0.081859 0.000000 0.000000 1.000000 0.000000
1.000000 -0.000094 0.000000 5.370045 0.000094 1.000000 0.000000 -0.027263 0.000000 0.000000 1.000000 0.000000
1.000000 -0.000588 0.000000 6.017473 0.000588 1.000000 0.000000 -0.072254 0.000000 0.000000 1.000000 0.000000
0.999999 -0.001199 0.000000 6.545236 0.001199 0.999999 0.000000 -0.029381 0.000000 0.000000 1.000000 0.000000
0.999997 -0.002285 0.000000 7.116597 0.002285 0.999997 0.000000 -0.115768 0.000000 0.000000 1.000000 0.000000
0.999999 -0.001070 0.000000 8.365686 0.001070 0.999999 0.000000 -0.035019 0.000000 0.000000 1.000000 0.000000
1.000000 0.000343 0.000000 8.990467 -0.000343 1.000000 0.000000 -0.005243 0.000000 0.000000 1.000000 0.000000
1.000000 -0.000321 0.000000 9.618815 0.000321 1.000000 0.000000 -0.049676 0.000000 0.000000 1.000000 0.000000
1.000000 0.000306 0.000000 10.340017 -0.000306 1.000000 0.000000 -0.029628 0.000000 0.000000 1.000000 0.000000
1.000000 -0.000026 0.000000 10.914064 0.000026 1.000000 0.000000 -0.108049 0.000000 0.000000 1.000000 0.000000
1.000000 -0.000068 0.000000 11.545740 0.000068 1.000000 0.000000 -0.095867 0.000000 0.000000 1.000000 0.000000
1.000000 -0.000067 0.000000 12.261889 0.000067 1.000000 0.000000 -0.087286 0.000000 0.000000 1.000000 0.000000
1.000000 0.000947 0.000000 12.870671 -0.000947 1.000000 0.000000 -0.018185 0.000000 0.000000 1.000000 0.000000
1.000000 0.000925 0.000000 13.612535 -0.000925 1.000000 0.000000 -0.105342 0.000000 0.000000 1.000000 0.000000
1.000000 -0.000012 0.000000 14.291220 0.000012 1.000000 0.000000 -0.088328 0.000000 0.000000 1.000000 0.000000
0.999996 0.002826 0.000000 14.871308 -0.002826 0.999996 0.000000 -0.075068 0.000000 0.000000 1.000000 0.000000
1.000000 -0.000121 0.000000 15.585784 0.000121 1.000000 0.000000 -0.055891 0.000000 0.000000 1.000000 0.000000
0.999999 0.001532 0.000000 16.214632 -0.001532 0.999999 0.000000 -0.043799 0.000000 0.000000 1.000000 0.000000
0.999990 0.004365 0.000000 16.801885 -0.004365 0.999990 0.000000 -0.048635 0.000000 0.000000 1.000000 0.000000
0.999984 0.005728 0.000000 17.403710 -0.005728 0.999984 0.000000 -0.077704 0.000000 0.000000 1.000000 0.000000
0.999993 0.003836 0.000000 18.040133 -0.003836 0.999993 0.000000 -0.086814 0.000000 0.000000 1.000000 0.000000
0.999995 0.003259 0.000000 18.708278 -0.003259 0.999995 0.000000 -0.105928 0.000000 0.000000 1.000000 0.000000
0.999995 0.003200 0.000000 19.365711 -0.003200 0.999995 0.000000 -0.068114 0.000000 0.000000 1.000000 0.000000
0.999993 0.003711 0.000000 19.878789 -0.003711 0.999993 0.000000 -0.067043 0.000000 0.000000 1.000000 0.000000
0.999983 0.005785 0.000000 20.586085 -0.005785 0.999983 0.000000 -0.081913 0.000000 0.000000 1.000000 0.000000
0.999986 0.005201 0.000000 21.216881 -0.005201 0.999986 0.000000 -0.103024 0.000000 0.000000 1.000000 0.000000
0.999987 0.005134 0.000000 21.784354 -0.005134 0.999987 0.000000 -0.155748 0.000000 0.000000 1.000000 0.000000
0.999988 0.004827 0.000000 22.372358 -0.004827 0.999988 0.000000 -0.154133 0.000000 0.000000 1.000000 0.000000
0.999994 0.003443 0.000000 22.903022 -0.003443 0.999994 0.000000 -0.181357 0.000000 0.000000 1.000000 0.000000
0.999999 0.001109 0.000000 23.569964 -0.001109 0.999999 0.000000 -0.184005 0.000000 0.000000 1.000000 0.000000
0.999999 0.001384 0.000000 24.268008 -0.001384 0.999999 0.000000 -0.192613 0.000000 0.000000 1.000000 0.000000
0.999998 -0.002200 0.000000 24.825833 0.002200 0.999998 0.000000 -0.185571 0.000000 0.000000 1.000000 0.000000
0.999998 -0.001933 0.000000 25.378698 0.001933 0.999998 0.000000 -0.202260 0.000000 0.000000 1.000000 0.000000
1.000000 -0.000838 0.000000 25.993311 0.000838 1.000000 0.000000 -0.209822 0.000000 0.000000 1.000000 0.000000
0.999999 -0.001568 0.000000 26.488588 0.001568 0.999999 0.000000 -0.241759 0.000000 0.000000 1.000000 0.000000
0.999995 -0.003304 0.000000 27.161395 0.003304 0.999995 0.000000 -0.221473 0.000000 0.000000 1.000000 0.000000
0.999992 -0.003873 0.000000 27.815566 0.003873 0.999992 0.000000 -0.237764 0.000000 0.000000 1.000000 0.000000
0.999976 -0.006967 0.000000 28.539726 0.006967 0.999976 0.000000 -0.208765 0.000000 0.000000 1.000000 0.000000
0.999972 -0.007490 0.000000 29.144661 0.007490 0.999972 0.000000 -0.266307 0.000000 0.000000 1.000000 0.000000
0.999981 -0.006110 0.000000 29.845392 0.006110 0.999981 0.000000 -0.226339 0.000000 0.000000 1.000000 0.000000
0.999970 -0.007706 0.000000 30.503507 0.007706 0.999970 0.000000 -0.247790 0.000000 0.000000 1.000000 0.000000
0.999959 -0.009038 0.000000 30.997749 0.009038 0.999959 0.000000 -0.254049 0.000000 0.000000 1.000000 0.000000
0.999959 -0.009037 0.000000 31.910088 0.009037 0.999959 0.000000 -0.273920 0.000000 0.000000 1.000000 0.000000
0.999959 -0.009072 0.000000 32.567665 0.009072 0.999959 0.000000 -0.198100 0.000000 0.000000 1.000000 0.000000
0.999982 -0.005997 0.000000 33.120044 0.005997 0.999982 0.000000 -0.192299 0.000000 0.000000 1.000000 0.000000
0.999983 -0.005782 0.000000 33.662829 0.005782 0.999983 0.000000 -0.214605 0.000000 0.000000 1.000000 0.000000
0.999988 -0.004999 0.000000 34.238009 0.004999 0.999988 0.000000 -0.204910 0.000000 0.000000 1.000000 0.000000
0.999993 -0.003723 0.000000 34.778039 0.003723 0.999993 0.000000 -0.254098 0.000000 0.000000 1.000000 0.000000
0.999993 -0.003725 0.000000 35.492871 0.003725 0.999993 0.000000 -0.301390 0.000000 0.000000 1.000000 0.000000
0.999998 -0.002220 0.000000 36.160054 0.002220 0.999998 0.000000 -0.274691 0.000000 0.000000 1.000000 0.000000
1.000000 0.000201 0.000000 36.673017 -0.000201 1.000000 0.000000 -0.285664 0.000000 0.000000 1.000000 0.000000
0.999996 -0.002788 0.000000 37.147313 0.002788 0.999996 0.000000 -0.229150 0.000000 0.000000 1.000000 0.000000
1.000000 0.000179 0.000000 37.786622 -0.000179 1.000000 0.000000 -0.194792 0.000000 0.000000 1.000000 0.000000
1.000000 -0.000889 0.000000 38.518939 0.000889 1.000000 0.000000 -0.188641 0.000000 0.000000 1.000000 0.000000
0.999997 -0.002516 0.000000 39.117085 0.002516 0.999997 0.000000 -0.189610 0.000000 0.000000 1.000000 0.000000
0.999999 -0.001708 0.000000 39.758190 0.001708 0.999999 0.000000 -0.086810 0.000000 0.000000 1.000000 0.000000
0.999999 0.001145 0.000000 40.278089 -0.001145 0.999999 0.000000 -0.102248 0.000000 0.000000 1.000000 0.000000
0.999993 0.003657 0.000000 40.784870 -0.003657 0.999993 0.000000 -0.131232 0.000000 0.000000 1.000000 0.000000
0.999981 0.006121 0.000000 41.402212 -0.006121 0.999981 0.000000 -0.125392 0.000000 0.000000 1.000000 0.000000
0.999988 0.004995 0.000000 42.069794 -0.004995 0.999988 0.000000 -0.166457 0.000000 0.000000 1.000000 0.000000
0.999975 0.007012 0.000000 42.727376 -0.007012 0.999975 0.000000 -0.156022 0.000000 0.000000 1.000000 0.000000
0.999961 0.008830 0.000000 43.349490 -0.008830 0.999961 0.000000 -0.154494 0.000000 0.000000 1.000000 0.000000
0.999982 0.005942 0.000000 44.129213 -0.005942 0.999982 0.000000 -0.123675 0.000000 0.000000 1.000000 0.000000
0.999978 0.006674 0.000000 44.819108 -0.006674 0.999978 0.000000 -0.146627 0.000000 0.000000 1.000000 0.000000
0.999989 0.004687 0.000000 45.444458 -0.004687 0.999989 0.000000 -0.089236 0.000000 0.000000 1.000000 0.000000
0.999976 0.006927 0.000000 45.956937 -0.006927 0.999976 0.000000 -0.037386 0.000000 0.000000 1.000000 0.000000
0.999973 0.007355 0.000000 46.612484 -0.007355 0.999973 0.000000 -0.108748 0.000000 0.000000 1.000000 0.000000
0.999982 0.006051 0.000000 47.195073 -0.006051 0.999982 0.000000 -0.144801 0.000000 0.000000 1.000000 0.000000
0.999951 0.009853 0.000000 47.813459 -0.009853 0.999951 0.000000 -0.122253 0.000000 0.000000 1.000000 0.000000
0.999966 0.008225 0.000000 48.324345 -0.008225 0.999966 0.000000 -0.119121 0.000000 0.000000 1.000000 0.000000
0.999944 0.010630 0.000000 49.000523 -0.010630 0.999944 0.000000 -0.153225 0.000000 0.000000 1.000000 0.000000
0.999955 0.009437 0.000000 49.572152 -0.009437 0.999955 0.000000 -0.144082 0.000000 0.000000 1.000000 0.000000
0.999966 0.008290 0.000000 50.098723 -0.008290 0.999966 0.000000 -0.175426 0.000000 0.000000 1.000000 0.000000
0.999966 0.008190 0.000000 50.681896 -0.008190 0.999966 0.000000 -0.185387 0.000000 0.000000 1.000000 0.000000
0.999970 0.007700 0.000000 51.408638 -0.007700 0.999970 0.000000 -0.158089 0.000000 0.000000 1.000000 0.000000
0.999961 0.008830 0.000000 52.051671 -0.008830 0.999961 0.000000 -0.167660 0.000000 0.000000 1.000000 0.000000
0.999954 0.009602 0.000000 52.785904 -0.009602 0.999954 0.000000 -0.204659 0.000000 0.000000 1.000000 0.000000
0.999952 0.009838 0.000000 53.416281 -0.009838 0.999952 0.000000 -0.190547 0.000000 0.000000 1.000000 0.000000
0.999975 0.007085 0.000000 53.998603 -0.007085 0.999975 0.000000 -0.250989 0.000000 0.000000 1.000000 0.000000
0.999949 0.010122 0.000000 55.171509 -0.010122 0.999949 0.000000 -0.251774 0.000000 0.000000 1.000000 0.000000
0.999958 0.009201 0.000000 55.861140 -0.009201 0.999958 0.000000 -0.290259 0.000000 0.000000 1.000000 0.000000
0.999961 0.008789 0.000000 56.497772 -0.008789 0.999961 0.000000 -0.334847 0.000000 0.000000 1.000000 0.000000
0.999967 0.008098 0.000000 57.130742 -0.008098 0.999967 0.000000 -0.324226 0.000000 0.000000 1.000000 0.000000
0.999977 0.006815 0.000000 57.880713 -0.006815 0.999977 0.000000 -0.385724 0.000000 0.000000 1.000000 0.000000
0.999947 0.010331 0.000000 58.399617 -0.010331 0.999947 0.000000 -0.358362 0.000000 0.000000 1.000000 0.000000
0.999946 0.010411 0.000000 59.067934 -0.010411 0.999946 0.000000 -0.368529 0.000000 0.000000 1.000000 0.000000
0.999942 0.010752 0.000000 59.682836 -0.010752 0.999942 0.000000 -0.394519 0.000000 0.000000 1.000000 0.000000
0.999950 0.010021 0.000000 61.059309 -0.010021 0.999950 0.000000 -0.446487 0.000000 0.000000 1.000000 0.000000
0.999931 0.011716 0.000000 61.683719 -0.011716 0.999931 0.000000 -0.420861 0.000000 0.000000 1.000000 0.000000
0.999929 0.011958 0.000000 62.454154 -0.011958 0.999929 0.000000 -0.493142 0.000000 0.000000 1.000000 0.000000
0.999929 0.011913 0.000000 63.038611 -0.011913 0.999929 0.000000 -0.475495 0.000000 0.000000 1.000000 0.000000
0.999921 0.012532 0.000000 63.700712 -0.012532 0.999921 0.000000 -0.498810 0.000000 0.000000 1.000000 0.000000
0.999903 0.013917 0.000000 64.433039 -0.013917 0.999903 0.000000 -0.482922 0.000000 0.000000 1.000000 0.000000
0.999872 0.015987 0.000000 64.932600 -0.015987 0.999872 0.000000 -0.513781 0.000000 0.000000 1.000000 0.000000
0.999862 0.016596 0.000000 65.529882 -0.016596 0.999862 0.000000 -0.526230 0.000000 0.000000 1.000000 0.000000
0.999840 0.017881 0.000000 66.076978 -0.017881 0.999840 0.000000 -0.535635 0.000000 0.000000 1.000000 0.000000
0.999847 0.017482 0.000000 66.668381 -0.017482 0.999847 0.000000 -0.493133 0.000000 0.000000 1.000000 0.000000
0.999827 0.018611 0.000000 67.339151 -0.018611 0.999827 0.000000 -0.537546 0.000000 0.000000 1.000000 0.000000
0.999804 0.019822 0.000000 68.004845 -0.019822 0.999804 0.000000 -0.559918 0.000000 0.000000 1.000000 0.000000
0.999832 0.018334 0.000000 68.593710 -0.018334 0.999832 0.000000 -0.615955 0.000000 0.000000 1.000000 0.000000
0.999824 0.018778 0.000000 69.172754 -0.018778 0.999824 0.000000 -0.597161 0.000000 0.000000 1.000000 0.000000
0.999806 0.019696 0.000000 69.758214 -0.019696 0.999806 0.000000 -0.639702 0.000000 0.000000 1.000000 0.000000
0.999803 0.019847 0.000000 70.244702 -0.019847 0.999803 0.000000 -0.636582 0.000000 0.000000 1.000000 0.000000
0.999787 0.020640 0.000000 70.807618 -0.020640 0.999787 0.000000 -0.657348 0.000000 0.000000 1.000000 0.000000
0.999835 0.018190 0.000000 71.350765 -0.018190 0.999835 0.000000 -0.651324 0.000000 0.000000 1.000000 0.000000
0.999801 0.019936 0.000000 71.979396 -0.019936 0.999801 0.000000 -0.657063 0.000000 0.000000 1.000000 0.000000
0.999835 0.018138 0.000000 72.579750 -0.018138 0.999835 0.000000 -0.659505 0.000000 0.000000 1.000000 0.000000
0.999817 0.019107 0.000000 73.414991 -0.019107 0.999817 0.000000 -0.690653 0.000000 0.000000 1.000000 0.000000
0.999802 0.019920 0.000000 74.049335 -0.019920 0.999802 0.000000 -0.657351 0.000000 0.000000 1.000000 0.000000
0.999810 0.019487 0.000000 74.674491 -0.019487 0.999810 0.000000 -0.612496 0.000000 0.000000 1.000000 0.000000
0.999843 0.017742 0.000000 75.343545 -0.017742 0.999843 0.000000 -0.606157 0.000000 0.000000 1.000000 0.000000
0.999816 0.019160 0.000000 75.959806 -0.019160 0.999816 0.000000 -0.604740 0.000000 0.000000 1.000000 0.000000
0.999798 0.020109 0.000000 76.520509 -0.020109 0.999798 0.000000 -0.610659 0.000000 0.000000 1.000000 0.000000
0.999814 0.019293 0.000000 77.088635 -0.019293 0.999814 0.000000 -0.688865 0.000000 0.000000 1.000000 0.000000
0.999770 0.021448 0.000000 77.601761 -0.021448 0.999770 0.000000 -0.703577 0.000000 0.000000 1.000000 0.000000
0.999746 0.022538 0.000000 78.213873 -0.022538 0.999746 0.000000 -0.772471 0.000000 0.000000 1.000000 0.000000
0.999707 0.024209 0.000000 79.398180 -0.024209 0.999707 0.000000 -0.905659 0.000000 0.000000 1.000000 0.000000
0.999701 0.024438 0.000000 79.929458 -0.024438 0.999701 0.000000 -0.956779 0.000000 0.000000 1.000000 0.000000
0.999697 0.024627 0.000000 80.509147 -0.024627 0.999697 0.000000 -0.996353 0.000000 0.000000 1.000000 0.000000
0.999691 0.024862 0.000000 81.014210 -0.024862 0.999691 0.000000 -0.990640 0.000000 0.000000 1.000000 0.000000
0.999655 0.026283 0.000000 81.605962 -0.026283 0.999655 0.000000 -0.956661 0.000000 0.000000 1.000000 0.000000
0.999656 0.026239 0.000000 82.081212 -0.026239 0.999656 0.000000 -0.936485 0.000000 0.000000 1.000000 0.000000
0.999662 0.026010 0.000000 82.721754 -0.026010 0.999662 0.000000 -0.986910 0.000000 0.000000 1.000000 0.000000
0.999656 0.026227 0.000000 83.367285 -0.026227 0.999656 0.000000 -0.986544 0.000000 0.000000 1.000000 0.000000
0.999654 0.026291 0.000000 84.042219 -0.026291 0.999654 0.000000 -1.046848 0.000000 0.000000 1.000000 0.000000
0.999621 0.027512 0.000000 84.586288 -0.027512 0.999621 0.000000 -1.141064 0.000000 0.000000 1.000000 0.000000
0.999615 0.027744 0.000000 85.172214 -0.027744 0.999615 0.000000 -1.136616 0.000000 0.000000 1.000000 0.000000
0.999566 0.029449 0.000000 85.640404 -0.029449 0.999566 0.000000 -1.212525 0.000000 0.000000 1.000000 0.000000
0.999579 0.029004 0.000000 86.167750 -0.029004 0.999579 0.000000 -1.212783 0.000000 0.000000 1.000000 0.000000
0.999586 0.028771 0.000000 86.645872 -0.028771 0.999586 0.000000 -1.232878 0.000000 0.000000 1.000000 0.000000
0.999525 0.030833 0.000000 87.191558 -0.030833 0.999525 0.000000 -1.246789 0.000000 0.000000 1.000000 0.000000
0.999456 0.032992 0.000000 87.743258 -0.032992 0.999456 0.000000 -1.241050 0.000000 0.000000 1.000000 0.000000
0.999467 0.032642 0.000000 88.149595 -0.032642 0.999467 0.000000 -1.249583 0.000000 0.000000 1.000000 0.000000
0.999434 0.033634 0.000000 88.606448 -0.033634 0.999434 0.000000 -1.237819 0.000000 0.000000 1.000000 0.000000
0.999478 0.032314 0.000000 89.202094 -0.032314 0.999478 0.000000 -1.174794 0.000000 0.000000 1.000000 0.000000
0.999406 0.034455 0.000000 89.682470 -0.034455 0.999406 0.000000 -1.222454 0.000000 0.000000 1.000000 0.000000
0.999405 0.034484 0.000000 90.195400 -0.034484 0.999405 0.000000 -1.244761 0.000000 0.000000 1.000000 0.000000
0.999363 0.035693 0.000000 90.787313 -0.035693 0.999363 0.000000 -1.200097 0.000000 0.000000 1.000000 0.000000
0.999372 0.035426 0.000000 91.363977 -0.035426 0.999372 0.000000 -1.198510 0.000000 0.000000 1.000000 0.000000
0.999392 0.034868 0.000000 91.895295 -0.034868 0.999392 0.000000 -1.251034 0.000000 0.000000 1.000000 0.000000
0.999367 0.035575 0.000000 92.383869 -0.035575 0.999367 0.000000 -1.304717 0.000000 0.000000 1.000000 0.000000
0.999301 0.037390 0.000000 92.814339 -0.037390 0.999301 0.000000 -1.417619 0.000000 0.000000 1.000000 0.000000
0.999231 0.039201 0.000000 93.334994 -0.039201 0.999231 0.000000 -1.465217 0.000000 0.000000 1.000000 0.000000
0.999242 0.038925 0.000000 93.861704 -0.038925 0.999242 0.000000 -1.605326 0.000000 0.000000 1.000000 0.000000
0.999216 0.039591 0.000000 94.539362 -0.039591 0.999216 0.000000 -1.653664 0.000000 0.000000 1.000000 0.000000
0.999192 0.040187 0.000000 95.175001 -0.040187 0.999192 0.000000 -1.645872 0.000000 0.000000 1.000000 0.000000
0.999205 0.039863 0.000000 95.838155 -0.039863 0.999205 0.000000 -1.669491 0.000000 0.000000 1.000000 0.000000
0.999186 0.040341 0.000000 96.370453 -0.040341 0.999186 0.000000 -1.679874 0.000000 0.000000 1.000000 0.000000
0.999189 0.040261 0.000000 96.903283 -0.040261 0.999189 0.000000 -1.690797 0.000000 0.000000 1.000000 0.000000
0.999048 0.043627 0.000000 97.319088 -0.043627 0.999048 0.000000 -1.685589 0.000000 0.000000 1.000000 0.000000
0.998954 0.045730 0.000000 97.764858 -0.045730 0.998954 0.000000 -1.635532 0.000000 0.000000 1.000000 0.000000
0.998939 0.046057 0.000000 98.342793 -0.046057 0.998939 0.000000 -1.722954 0.000000 0.000000 1.000000 0.000000
0.998773 0.049516 0.000000 99.416739 -0.049516 0.998773 0.000000 -1.759197 0.000000 0.000000 1.000000 0.000000
0.998725 0.050482 0.000000 99.962603 -0.050482 0.998725 0.000000 -1.798445 0.000000 0.000000 1.000000 0.000000
0.998672 0.051517 0.000000 100.558550 -0.051517 0.998672 0.000000 -1.905298 0.000000 0.000000 1.000000 0.000000
0.998509 0.054596 0.000000 101.108737 -0.054596 0.998509 0.000000 -1.916708 0.000000 0.000000 1.000000 0.000000
0.998356 0.057324 0.000000 101.655109 -0.057324 0.998356 0.000000 -1.939850 0.000000 0.000000 1.000000 0.000000
0.998082 0.061913 0.000000 102.048160 -0.061913 0.998082 0.000000 -1.951832 0.000000 0.000000 1.000000 0.000000
0.997948 0.064029 0.000000 102.572242 -0.064029 0.997948 0.000000 -1.990778 0.000000 0.000000 1.000000 0.000000
0.997798 0.066332 0.000000 103.111291 -0.066332 0.997798 0.000000 -1.991862 0.000000 0.000000 1.000000 0.000000
0.997581 0.069507 0.000000 103.679079 -0.069507 0.997581 0.000000 -1.997234 0.000000 0.000000 1.000000 0.000000
0.997426 0.071697 0.000000 104.170697 -0.071697 0.997426 0.000000 -2.034103 0.000000 0.000000 1.000000 0.000000
0.997295 0.073508 0.000000 104.581583 -0.073508 0.997295 0.000000 -2.129175 0.000000 0.000000 1.000000 0.000000
0.997245 0.074174 0.000000 105.090460 -0.074174 0.997245 0.000000 -2.207146 0.000000 0.000000 1.000000 0.000000
0.996865 0.079120 0.000000 105.515030 -0.079120 0.996865 0.000000 -2.257098 0.000000 0.000000 1.000000 0.000000
0.996556 0.082919 0.000000 105.936488 -0.082919 0.996556 0.000000 -2.297176 0.000000 0.000000 1.000000 0.000000
0.996200 0.087094 0.000000 106.402405 -0.087094 0.996200 0.000000 -2.375552 0.000000 0.000000 1.000000 0.000000
0.995804 0.091517 0.000000 106.843059 -0.091517 0.995804 0.000000 -2.378254 0.000000 0.000000 1.000000 0.000000
0.995327 0.096557 0.000000 107.251999 -0.096557 0.995327 0.000000 -2.400053 0.000000 0.000000 1.000000 0.000000
0.994503 0.104709 0.000000 107.647187 -0.104709 0.994503 0.000000 -2.489256 0.000000 0.000000 1.000000 0.000000
0.993828 0.110932 0.000000 108.029526 -0.110932 0.993828 0.000000 -2.587170 0.000000 0.000000 1.000000 0.000000
0.993708 0.112004 0.000000 108.473954 -0.112004 0.993708 0.000000 -2.612807 0.000000 0.000000 1.000000 0.000000
0.993086 0.117386 0.000000 108.902389 -0.117386 0.993086 0.000000 -2.812361 0.000000 0.000000 1.000000 0.000000
0.992820 0.119616 0.000000 109.205151 -0.119616 0.992820 0.000000 -2.783224 0.000000 0.000000 1.000000 0.000000
0.992579 0.121604 0.000000 109.717404 -0.121604 0.992579 0.000000 -2.914756 0.000000 0.000000 1.000000 0.000000
0.992004 0.126210 0.000000 110.098481 -0.126210 0.992004 0.000000 -2.964311 0.000000 0.000000 1.000000 0.000000
0.991976 0.126425 0.000000 110.455800 -0.126425 0.991976 0.000000 -2.902911 0.000000 0.000000 1.000000 0.000000
0.991837 0.127510 0.000000 110.820814 -0.127510 0.991837 0.000000 -2.977351 0.000000 0.000000 1.000000 0.000000
0.991424 0.130686 0.000000 111.291064 -0.130686 0.991424 0.000000 -3.072652 0.000000 0.000000 1.000000 0.000000
0.991114 0.133014 0.000000 111.745677 -0.133014 0.991114 0.000000 -3.079670 0.000000 0.000000 1.000000 0.000000
0.990470 0.137731 0.000000 112.310241 -0.137731 0.990470 0.000000 -3.232147 0.000000 0.000000 1.000000 0.000000
0.990311 0.138864 0.000000 112.753654 -0.138864 0.990311 0.000000 -3.318052 0.000000 0.000000 1.000000 0.000000
0.989893 0.141817 0.000000 113.141981 -0.141817 0.989893 0.000000 -3.404166 0.000000 0.000000 1.000000 0.000000
0.989881 0.141902 0.000000 113.668910 -0.141902 0.989881 0.000000 -3.478923 0.000000 0.000000 1.000000 0.000000
0.989783 0.142584 0.000000 114.077747 -0.142584 0.989783 0.000000 -3.535274 0.000000 0.000000 1.000000 0.000000
0.989475 0.144705 0.000000 114.513557 -0.144705 0.989475 0.000000 -3.555065 0.000000 0.000000 1.000000 0.000000
0.989574 0.144025 0.000000 115.024695 -0.144025 0.989574 0.000000 -3.667316 0.000000 0.000000 1.000000 0.000000
0.989469 0.144747 0.000000 115.477685 -0.144747 0.989469 0.000000 -3.713616 0.000000 0.000000 1.000000 0.000000
0.988984 0.148021 0.000000 116.287397 -0.148021 0.988984 0.000000 -3.812913 0.000000 0.000000 1.000000 0.000000
0.988743 0.149622 0.000000 116.685015 -0.149622 0.988743 0.000000 -3.919975 0.000000 0.000000 1.000000 0.000000
0.988751 0.149571 0.000000 117.147383 -0.149571 0.988751 0.000000 -3.900305 0.000000 0.000000 1.000000 0.000000
0.988131 0.153615 0.000000 117.719230 -0.153615 0.988131 0.000000 -4.040295 0.000000 0.000000 1.000000 0.000000
0.988356 0.152156 0.000000 118.127158 -0.152156 0.988356 0.000000 -4.000005 0.000000 0.000000 1.000000 0.000000
0.988060 0.154072 0.000000 118.529011 -0.154072 0.988060 0.000000 -4.100422 0.000000 0.000000 1.000000 0.000000
0.987654 0.156654 0.000000 118.984357 -0.156654 0.987654 0.000000 -4.192592 0.000000 0.000000 1.000000 0.000000
0.987536 0.157396 0.000000 119.373300 -0.157396 0.987536 0.000000 -4.220040 0.000000 0.000000 1.000000 0.000000
0.987364 0.158470 0.000000 119.711210 -0.158470 0.987364 0.000000 -4.312974 0.000000 0.000000 1.000000 0.000000
0.987220 0.159363 0.000000 120.089274 -0.159363 0.987220 0.000000 -4.342493 0.000000 0.000000 1.000000 0.000000
0.986914 0.161248 0.000000 120.495107 -0.161248 0.986914 0.000000 -4.478620 0.000000 0.000000 1.000000 0.000000
0.986617 0.163058 0.000000 121.477674 -0.163058 0.986617 0.000000 -4.623430 0.000000 0.000000 1.000000 0.000000
0.986565 0.163371 0.000000 121.931137 -0.163371 0.986565 0.000000 -4.781679 0.000000 0.000000 1.000000 0.000000
0.986295 0.164994 0.000000 122.385033 -0.164994 0.986295 0.000000 -4.843282 0.000000 0.000000 1.000000 0.000000
0.985987 0.166823 0.000000 122.921901 -0.166823 0.985987 0.000000 -4.967860 0.000000 0.000000 1.000000 0.000000
0.985778 0.168052 0.000000 123.386716 -0.168052 0.985778 0.000000 -5.071227 0.000000 0.000000 1.000000 0.000000
0.985441 0.170017 0.000000 123.899604 -0.170017 0.985441 0.000000 -5.111948 0.000000 0.000000 1.000000 0.000000
0.985656 0.168766 0.000000 124.441475 -0.168766 0.985656 0.000000 -5.186421 0.000000 0.000000 1.000000 0.000000
0.985450 0.169963 0.000000 125.009597 -0.169963 0.985450 0.000000 -5.325281 0.000000 0.000000 1.000000 0.000000
0.984972 0.172714 0.000000 125.473386 -0.172714 0.984972 0.000000 -5.351506 0.000000 0.000000 1.000000 0.000000
0.984676 0.174391 0.000000 126.028250 -0.174391 0.984676 0.000000 -5.486755 0.000000 0.000000 1.000000 0.000000
0.984425 0.175807 0.000000 126.549938 -0.175807 0.984425 0.000000 -5.647164 0.000000 0.000000 1.000000 0.000000
0.984310 0.176447 0.000000 127.067958 -0.176447 0.984310 0.000000 -5.699652 0.000000 0.000000 1.000000 0.000000
0.983768 0.179444 0.000000 127.500058 -0.179444 0.983768 0.000000 -5.789544 0.000000 0.000000 1.000000 0.000000
0.983700 0.179815 0.000000 128.023552 -0.179815 0.983700 0.000000 -5.902633 0.000000 0.000000 1.000000 0.000000
0.983561 0.180576 0.000000 128.512445 -0.180576 0.983561 0.000000 -5.984793 0.000000 0.000000 1.000000 0.000000
0.983381 0.181555 0.000000 128.949784 -0.181555 0.983381 0.000000 -6.028335 0.000000 0.000000 1.000000 0.000000
0.983247 0.182276 0.000000 129.404043 -0.182276 0.983247 0.000000 -6.247959 0.000000 0.000000 1.000000 0.000000
0.983121 0.182956 0.000000 129.895541 -0.182956 0.983121 0.000000 -6.336073 0.000000 0.000000 1.000000 0.000000
0.982951 0.183868 0.000000 130.381794 -0.183868 0.982951 0.000000 -6.364609 0.000000 0.000000 1.000000 0.000000
0.982652 0.185457 0.000000 130.918559 -0.185457 0.982652 0.000000 -6.450075 0.000000 0.000000 1.000000 0.000000
0.982322 0.187197 0.000000 131.374535 -0.187197 0.982322 0.000000 -6.510132 0.000000 0.000000 1.000000 0.000000
0.982263 0.187509 0.000000 132.250631 -0.187509 0.982263 0.000000 -6.627120 0.000000 0.000000 1.000000 0.000000
0.982202 0.187828 0.000000 132.714378 -0.187828 0.982202 0.000000 -6.771084 0.000000 0.000000 1.000000 0.000000
0.981975 0.189012 0.000000 133.804857 -0.189012 0.981975 0.000000 -6.965345 0.000000 0.000000 1.000000 0.000000
0.981759 0.190129 0.000000 134.200907 -0.190129 0.981759 0.000000 -7.080010 0.000000 0.000000 1.000000 0.000000
0.981762 0.190114 0.000000 134.766430 -0.190114 0.981762 0.000000 -7.204631 0.000000 0.000000 1.000000 0.000000
0.981174 0.193126 0.000000 135.292515 -0.193126 0.981174 0.000000 -7.343839 0.000000 0.000000 1.000000 0.000000
0.981767 0.190089 0.000000 135.940615 -0.190089 0.981767 0.000000 -7.396554 0.000000 0.000000 1.000000 0.000000
0.980951 0.194255 0.000000 136.340458 -0.194255 0.980951 0.000000 -7.551155 0.000000 0.000000 1.000000 0.000000
0.981218 0.192902 0.000000 136.866078 -0.192902 0.981218 0.000000 -7.599680 0.000000 0.000000 1.000000 0.000000
0.981194 0.193025 0.000000 137.357842 -0.193025 0.981194 0.000000 -7.703860 0.000000 0.000000 1.000000 0.000000
0.980919 0.194419 0.000000 137.875721 -0.194419 0.980919 0.000000 -7.865075 0.000000 0.000000 1.000000 0.000000
0.981174 0.193123 0.000000 138.378912 -0.193123 0.981174 0.000000 -8.041386 0.000000 0.000000 1.000000 0.000000
0.981656 0.190660 0.000000 138.825305 -0.190660 0.981656 0.000000 -8.243470 0.000000 0.000000 1.000000 0.000000
0.981477 0.191580 0.000000 139.344550 -0.191580 0.981477 0.000000 -8.372638 0.000000 0.000000 1.000000 0.000000
0.981657 0.190655 0.000000 139.920521 -0.190655 0.981657 0.000000 -8.446434 0.000000 0.000000 1.000000 0.000000
0.981134 0.193331 0.000000 140.435639 -0.193331 0.981134 0.000000 -8.667031 0.000000 0.000000 1.000000 0.000000
0.981255 0.192712 0.000000 141.051911 -0.192712 0.981255 0.000000 -8.656041 0.000000 0.000000 1.000000 0.000000
0.981094 0.193530 0.000000 141.591171 -0.193530 0.981094 0.000000 -8.764923 0.000000 0.000000 1.000000 0.000000
0.980908 0.194473 0.000000 142.212624 -0.194473 0.980908 0.000000 -8.950394 0.000000 0.000000 1.000000 0.000000
0.981347 0.192247 0.000000 142.742750 -0.192247 0.981347 0.000000 -9.067138 0.000000 0.000000 1.000000 0.000000
0.980328 0.197376 0.000000 143.248008 -0.197376 0.980328 0.000000 -9.206538 0.000000 0.000000 1.000000 0.000000
0.980300 0.197513 0.000000 143.834769 -0.197513 0.980300 0.000000 -9.292067 0.000000 0.000000 1.000000 0.000000
0.979518 0.201356 0.000000 144.394738 -0.201356 0.979518 0.000000 -9.384088 0.000000 0.000000 1.000000 0.000000
0.978945 0.204124 0.000000 144.910928 -0.204124 0.978945 0.000000 -9.532907 0.000000 0.000000 1.000000 0.000000
0.976575 0.215178 0.000000 148.844615 -0.215178 0.976575 0.000000 -10.470548 0.000000 0.000000 1.000000 0.000000
0.976121 0.217227 0.000000 149.393040 -0.217227 0.976121 0.000000 -10.727864 0.000000 0.000000 1.000000 0.000000
0.977213 0.212260 0.000000 150.524031 -0.212260 0.977213 0.000000 -10.942006 0.000000 0.000000 1.000000 0.000000
0.977018 0.213157 0.000000 151.622838 -0.213157 0.977018 0.000000 -11.255075 0.000000 0.000000 1.000000 0.000000
0.977108 0.212743 0.000000 152.190994 -0.212743 0.977108 0.000000 -11.369533 0.000000 0.000000 1.000000 0.000000
0.977473 0.211059 0.000000 152.758390 -0.211059 0.977473 0.000000 -11.385443 0.000000 0.000000 1.000000 0.000000
0.977591 0.210511 0.000000 153.337207 -0.210511 0.977591 0.000000 -11.572560 0.000000 0.000000 1.000000 0.000000
0.977593 0.210502 0.000000 154.020729 -0.210502 0.977593 0.000000 -11.753376 0.000000 0.000000 1.000000 0.000000
0.977999 0.208608 0.000000 154.708393 -0.208608 0.977999 0.000000 -11.863579 0.000000 0.000000 1.000000 0.000000
0.978154 0.207881 0.000000 155.327642 -0.207881 0.978154 0.000000 -12.065596 0.000000 0.000000 1.000000 0.000000
0.978582 0.205858 0.000000 155.919854 -0.205858 0.978582 0.000000 -12.203854 0.000000 0.000000 1.000000 0.000000
0.979002 0.203848 0.000000 156.598015 -0.203848 0.979002 0.000000 -12.308007 0.000000 0.000000 1.000000 0.000000
0.980071 0.198645 0.000000 157.477130 -0.198645 0.980071 0.000000 -12.574066 0.000000 0.000000 1.000000 0.000000
0.979863 0.199669 0.000000 158.042986 -0.199669 0.979863 0.000000 -12.779081 0.000000 0.000000 1.000000 0.000000
0.980513 0.196455 0.000000 158.699735 -0.196455 0.980513 0.000000 -12.896050 0.000000 0.000000 1.000000 0.000000
0.980651 0.195766 0.000000 159.288772 -0.195766 0.980651 0.000000 -13.075103 0.000000 0.000000 1.000000 0.000000
0.981130 0.193348 0.000000 159.965263 -0.193348 0.981130 0.000000 -13.139790 0.000000 0.000000 1.000000 0.000000
0.981207 0.192960 0.000000 160.446546 -0.192960 0.981207 0.000000 -13.269029 0.000000 0.000000 1.000000 0.000000
0.981379 0.192080 0.000000 161.082652 -0.192080 0.981379 0.000000 -13.409033 0.000000 0.000000 1.000000 0.000000
0.981913 0.189335 0.000000 161.708855 -0.189335 0.981913 0.000000 -13.467567 0.000000 0.000000 1.000000 0.000000
0.981807 0.189881 0.000000 162.355136 -0.189881 0.981807 0.000000 -13.561291 0.000000 0.000000 1.000000 0.000000
0.982079 0.188472 0.000000 162.820169 -0.188472 0.982079 0.000000 -13.688893 0.000000 0.000000 1.000000 0.000000
0.982394 0.186822 0.000000 163.468667 -0.186822 0.982394 0.000000 -13.712439 0.000000 0.000000 1.000000 0.000000
0.982845 0.184432 0.000000 163.985697 -0.184432 0.982845 0.000000 -13.740823 0.000000 0.000000 1.000000 0.000000
0.983197 0.182545 0.000000 164.601947 -0.182545 0.983197 0.000000 -13.847486 0.000000 0.000000 1.000000 0.000000
0.983092 0.183113 0.000000 165.294302 -0.183113 0.983092 0.000000 -13.947449 0.000000 0.000000 1.000000 0.000000
0.983731 0.179648 0.000000 165.849664 -0.179648 0.983731 0.000000 -14.143139 0.000000 0.000000 1.000000 0.000000
0.983480 0.181018 0.000000 166.383423 -0.181018 0.983480 0.000000 -14.186908 0.000000 0.000000 1.000000 0.000000
0.983688 0.179885 0.000000 167.490170 -0.179885 0.983688 0.000000 -14.435291 0.000000 0.000000 1.000000 0.000000
0.983702 0.179809 0.000000 168.032989 -0.179809 0.983702 0.000000 -14.509359 0.000000 0.000000 1.000000 0.000000
0.984275 0.176643 0.000000 168.529595 -0.176643 0.984275 0.000000 -14.581730 0.000000 0.000000 1.000000 0.000000
0.984393 0.175984 0.000000 169.054951 -0.175984 0.984393 0.000000 -14.725536 0.000000 0.000000 1.000000 0.000000
0.984321 0.176386 0.000000 169.516584 -0.176386 0.984321 0.000000 -14.699705 0.000000 0.000000 1.000000 0.000000
0.984331 0.176332 0.000000 170.567426 -0.176332 0.984331 0.000000 -14.981982 0.000000 0.000000 1.000000 0.000000
0.984235 0.176863 0.000000 171.265601 -0.176863 0.984235 0.000000 -15.041650 0.000000 0.000000 1.000000 0.000000
0.984224 0.176927 0.000000 171.817120 -0.176927 0.984224 0.000000 -15.163619 0.000000 0.000000 1.000000 0.000000
0.984288 0.176572 0.000000 172.463800 -0.176572 0.984288 0.000000 -15.287463 0.000000 0.000000 1.000000 0.000000
0.984707 0.174216 0.000000 173.070969 -0.174216 0.984707 0.000000 -15.382192 0.000000 0.000000 1.000000 0.000000
0.984986 0.172632 0.000000 173.476778 -0.172632 0.984986 0.000000 -15.459739 0.000000 0.000000 1.000000 0.000000
0.984811 0.173631 0.000000 174.313491 -0.173631 0.984811 0.000000 -15.588671 0.000000 0.000000 1.000000 0.000000
0.984866 0.173319 0.000000 174.836765 -0.173319 0.984866 0.000000 -15.667493 0.000000 0.000000 1.000000 0.000000
0.984999 0.172559 0.000000 175.421759 -0.172559 0.984999 0.000000 -15.781092 0.000000 0.000000 1.000000 0.000000
0.984589 0.174882 0.000000 176.037508 -0.174882 0.984589 0.000000 -15.777963 0.000000 0.000000 1.000000 0.000000
0.984775 0.173831 0.000000 176.565851 -0.173831 0.984775 0.000000 -15.849208 0.000000 0.000000 1.000000 0.000000
0.984960 0.172781 0.000000 177.086480 -0.172781 0.984960 0.000000 -16.059397 0.000000 0.000000 1.000000 0.000000
0.984907 0.173083 0.000000 177.603774 -0.173083 0.984907 0.000000 -16.001963 0.000000 0.000000 1.000000 0.000000
0.985487 0.169749 0.000000 178.112001 -0.169749 0.985487 0.000000 -16.163321 0.000000 0.000000 1.000000 0.000000
0.985681 0.168621 0.000000 178.665245 -0.168621 0.985681 0.000000 -16.224142 0.000000 0.000000 1.000000 0.000000
0.986156 0.165821 0.000000 179.218471 -0.165821 0.986156 0.000000 -16.316899 0.000000 0.000000 1.000000 0.000000
0.986289 0.165028 0.000000 179.822130 -0.165028 0.986289 0.000000 -16.415483 0.000000 0.000000 1.000000 0.000000
0.985984 0.166840 0.000000 180.403717 -0.166840 0.985984 0.000000 -16.556931 0.000000 0.000000 1.000000 0.000000
0.986292 0.165009 0.000000 180.987750 -0.165009 0.986292 0.000000 -16.722780 0.000000 0.000000 1.000000 0.000000
0.986181 0.165669 0.000000 181.627760 -0.165669 0.986181 0.000000 -16.806615 0.000000 0.000000 1.000000 0.000000
0.986476 0.163906 0.000000 182.266692 -0.163906 0.986476 0.000000 -16.919358 0.000000 0.000000 1.000000 0.000000
0.986179 0.165685 0.000000 182.768561 -0.165685 0.986179 0.000000 -17.002646 0.000000 0.000000 1.000000 0.000000
0.986156 0.165823 0.000000 183.359593 -0.165823 0.986156 0.000000 -17.134660 0.000000 0.000000 1.000000 0.000000
0.986382 0.164471 0.000000 183.865365 -0.164471 0.986382 0.000000 -17.197598 0.000000 0.000000 1.000000 0.000000
0.986591 0.163215 0.000000 184.459578 -0.163215 0.986591 0.000000 -17.357622 0.000000 0.000000 1.000000 0.000000
0.986635 0.162948 0.000000 185.079005 -0.162948 0.986635 0.000000 -17.500432 0.000000 0.000000 1.000000 0.000000
0.986693 0.162595 0.000000 185.720500 -0.162595 0.986693 0.000000 -17.643320 0.000000 0.000000 1.000000 0.000000
0.986604 0.163131 0.000000 186.261393 -0.163131 0.986604 0.000000 -17.743460 0.000000 0.000000 1.000000 0.000000
0.987001 0.160715 0.000000 186.860776 -0.160715 0.987001 0.000000 -17.904780 0.000000 0.000000 1.000000 0.000000
0.986764 0.162161 0.000000 187.369713 -0.162161 0.986764 0.000000 -17.967983 0.000000 0.000000 1.000000 0.000000
0.986871 0.161510 0.000000 187.954075 -0.161510 0.986871 0.000000 -18.072756 0.000000 0.000000 1.000000 0.000000
0.986799 0.161948 0.000000 188.527307 -0.161948 0.986799 0.000000 -18.209724 0.000000 0.000000 1.000000 0.000000
0.986942 0.161076 0.000000 189.086693 -0.161076 0.986942 0.000000 -18.290131 0.000000 0.000000 1.000000 0.000000
0.986967 0.160921 0.000000 189.580662 -0.160921 0.986967 0.000000 -18.392438 0.000000 0.000000 1.000000 0.000000
0.986965 0.160935 0.000000 190.148181 -0.160935 0.986965 0.000000 -18.515820 0.000000 0.000000 1.000000 0.000000
0.986922 0.161200 0.000000 190.754473 -0.161200 0.986922 0.000000 -18.601229 0.000000 0.000000 1.000000 0.000000
0.987292 0.158916 0.000000 191.365786 -0.158916 0.987292 0.000000 -18.596211 0.000000 0.000000 1.000000 0.000000
0.987089 0.160172 0.000000 191.881159 -0.160172 0.987089 0.000000 -18.677508 0.000000 0.000000 1.000000 0.000000
0.987126 0.159945 0.000000 192.445140 -0.159945 0.987126 0.000000 -18.865285 0.000000 0.000000 1.000000 0.000000
0.986899 0.161339 0.000000 193.020978 -0.161339 0.986899 0.000000 -18.960320 0.000000 0.000000 1.000000 0.000000
0.986720 0.162430 0.000000 193.562777 -0.162430 0.986720 0.000000 -19.050168 0.000000 0.000000 1.000000 0.000000
0.986366 0.164564 0.000000 194.105456 -0.164564 0.986366 0.000000 -19.028839 0.000000 0.000000 1.000000 0.000000
0.986833 0.161744 0.000000 194.745580 -0.161744 0.986833 0.000000 -19.176684 0.000000 0.000000 1.000000 0.000000
0.986567 0.163360 0.000000 195.300673 -0.163360 0.986567 0.000000 -19.192264 0.000000 0.000000 1.000000 0.000000
0.987231 0.159295 0.000000 195.782327 -0.159295 0.987231 0.000000 -19.224004 0.000000 0.000000 1.000000 0.000000
0.987378 0.158381 0.000000 196.240289 -0.158381 0.987378 0.000000 -19.208346 0.000000 0.000000 1.000000 0.000000
0.986883 0.161435 0.000000 196.801414 -0.161435 0.986883 0.000000 -19.278816 0.000000 0.000000 1.000000 0.000000
0.986839 0.161707 0.000000 197.351209 -0.161707 0.986839 0.000000 -19.391344 0.000000 0.000000 1.000000 0.000000
0.986835 0.161732 0.000000 197.910426 -0.161732 0.986835 0.000000 -19.516266 0.000000 0.000000 1.000000 0.000000
0.987065 0.160322 0.000000 198.491874 -0.160322 0.987065 0.000000 -19.599225 0.000000 0.000000 1.000000 0.000000
0.987279 0.158999 0.000000 199.269290 -0.158999 0.987279 0.000000 -19.752659 0.000000 0.000000 1.000000 0.000000
0.987306 0.158831 0.000000 199.729087 -0.158831 0.987306 0.000000 -19.795654 0.000000 0.000000 1.000000 0.000000
0.987620 0.156866 0.000000 200.369621 -0.156866 0.987620 0.000000 -19.833080 0.000000 0.000000 1.000000 0.000000
0.987487 0.157700 0.000000 200.948115 -0.157700 0.987487 0.000000 -19.988240 0.000000 0.000000 1.000000 0.000000
0.987443 0.157977 0.000000 201.513551 -0.157977 0.987443 0.000000 -20.053290 0.000000 0.000000 1.000000 0.000000
0.987983 0.154562 0.000000 202.125544 -0.154562 0.987983 0.000000 -20.157676 0.000000 0.000000 1.000000 0.000000
0.988006 0.154416 0.000000 202.744389 -0.154416 0.988006 0.000000 -20.261855 0.000000 0.000000 1.000000 0.000000
0.988295 0.152557 0.000000 203.342417 -0.152557 0.988295 0.000000 -20.362158 0.000000 0.000000 1.000000 0.000000
0.988340 0.152266 0.000000 203.796483 -0.152266 0.988340 0.000000 -20.383241 0.000000 0.000000 1.000000 0.000000
0.988699 0.149912 0.000000 204.696178 -0.149912 0.988699 0.000000 -20.506715 0.000000 0.000000 1.000000 0.000000
0.988641 0.150297 0.000000 205.271641 -0.150297 0.988641 0.000000 -20.518221 0.000000 0.000000 1.000000 0.000000
0.988634 0.150343 0.000000 205.951916 -0.150343 0.988634 0.000000 -20.606259 0.000000 0.000000 1.000000 0.000000
0.988421 0.151737 0.000000 206.667663 -0.151737 0.988421 0.000000 -20.654009 0.000000 0.000000 1.000000 0.000000
0.988427 0.151700 0.000000 207.690086 -0.151700 0.988427 0.000000 -20.734969 0.000000 0.000000 1.000000 0.000000
0.988574 0.150737 0.000000 208.219320 -0.150737 0.988574 0.000000 -20.918031 0.000000 0.000000 1.000000 0.000000
0.988586 0.150660 0.000000 208.783931 -0.150660 0.988586 0.000000 -20.998862 0.000000 0.000000 1.000000 0.000000
0.988676 0.150063 0.000000 209.281743 -0.150063 0.988676 0.000000 -21.172592 0.000000 0.000000 1.000000 0.000000
0.988716 0.149803 0.000000 209.819990 -0.149803 0.988716 0.000000 -21.240721 0.000000 0.000000 1.000000 0.000000
0.989158 0.146855 0.000000 210.396860 -0.146855 0.989158 0.000000 -21.303361 0.000000 0.000000 1.000000 0.000000
0.989124 0.147085 0.000000 210.956739 -0.147085 0.989124 0.000000 -21.406666 0.000000 0.000000 1.000000 0.000000
0.988934 0.148357 0.000000 211.912122 -0.148357 0.988934 0.000000 -21.509714 0.000000 0.000000 1.000000 0.000000
0.988996 0.147942 0.000000 212.484139 -0.147942 0.988996 0.000000 -21.606396 0.000000 0.000000 1.000000 0.000000
0.989117 0.147132 0.000000 213.054553 -0.147132 0.989117 0.000000 -21.726548 0.000000 0.000000 1.000000 0.000000
0.988975 0.148085 0.000000 213.623105 -0.148085 0.988975 0.000000 -21.806755 0.000000 0.000000 1.000000 0.000000
