0.999998 0.002189 0.000000 0.604311 -0.002189 0.999998 0.000000 -0.046897 0.000000 0.000000 1.000000 0.000000
0.999987 0.005136 0.000000 1.223484 -0.005136 0.999987 0.000000 0.002304 0.000000 0.000000 1.000000 0.000000
0.999983 0.005913 0.000000 1.925845 -0.005913 0.999983 0.000000 -0.101848 0.000000 0.000000 1.000000 0.000000
0.999979 0.006501 0.000000 2.363575 -0.006501 0.999979 0.000000 -0.058671 0.000000 0.000000 1.000000 0.000000
0.999973 0.007331 0.000000 2.882482 -0.007331 0.999973 0.000000 -0.060111 0.000000 0.000000 1.000000 0.000000
0.999972 0.007449 0.000000 3.412182 -0.007449 0.999972 0.000000 -0.042734 0.000000 0.000000 1.000000 0.000000
0.999980 0.006321 0.000000 4.041493 -0.006321 0.999980 0.000000 -0.095081 0.000000 0.000000 1.000000 0.000000
0.999963 0.008548 0.000000 4.563051 -0.008548 0.999963 0.000000 -0.142203 0.000000 0.000000 1.000000 0.000000
0.999934 0.011449 0.000000 5.011141 -0.011449 0.999934 0.000000 -0.158360 0.000000 0.000000 1.000000 0.000000
0.999900 0.014130 0.000000 5.764735 -0.014130 0.999900 0.000000 -0.182912 0.000000 0.000000 1.000000 0.000000
0.999881 0.015407 0.000000 6.952872 -0.015407 0.999881 0.000000 -0.211791 0.000000 0.000000 1.000000 0.000000
0.999871 0.016069 0.000000 7.604128 -0.016069 0.999871 0.000000 -0.249969 0.000000 0.000000 1.000000 0.000000
0.999800 0.020021 0.000000 8.283590 -0.020021 0.999800 0.000000 -0.361398 0.000000 0.000000 1.000000 0.000000
0.999808 0.019579 0.000000 8.928323 -0.019579 0.999808 0.000000 -0.372830 0.000000 0.000000 1.000000 0.000000
0.999761 0.021874 0.000000 9.486189 -0.021874 0.999761 0.000000 -0.491607 0.000000 0.000000 1.000000 0.000000
0.999780 0.020996 0.000000 10.118277 -0.020996 0.999780 0.000000 -0.613219 0.000000 0.000000 1.000000 0.000000
0.999739 0.022837 0.000000 10.634835 -0.022837 0.999739 0.000000 -0.637099 0.000000 0.000000 1.000000 0.000000
0.999713 0.023950 0.000000 11.177447 -0.023950 0.999713 0.000000 -0.748532 0.000000 0.000000 1.000000 0.000000
0.999570 0.029337 0.000000 11.591264 -0.029337 0.999570 0.000000 -0.616675 0.000000 0.000000 1.000000 0.000000
0.999539 0.030352 0.000000 12.257027 -0.030352 0.999539 0.000000 -0.675961 0.000000 0.000000 1.000000 0.000000
0.999502 0.031557 0.000000 12.684577 -0.031557 0.999502 0.000000 -0.679007 0.000000 0.000000 1.000000 0.000000
0.999496 0.031757 0.000000 13.258738 -0.031757 0.999496 0.000000 -0.802694 0.000000 0.000000 1.000000 0.000000
0.999474 0.032427 0.000000 13.864564 -0.032427 0.999474 0.000000 -0.883042 0.000000 0.000000 1.000000 0.000000
0.999465 0.032716 0.000000 14.685428 -0.032716 0.999465 0.000000 -0.902192 0.000000 0.000000 1.000000 0.000000
0.999426 0.033884 0.000000 15.250179 -0.033884 0.999426 0.000000 -0.959440 0.000000 0.000000 1.000000 0.000000
0.999418 0.034113 0.000000 15.865320 -0.034113 0.999418 0.000000 -0.996338 0.000000 0.000000 1.000000 0.000000
0.999376 0.035311 0.000000 16.519739 -0.035311 0.999376 0.000000 -0.871740 0.000000 0.000000 1.000000 0.000000
0.999338 0.036385 0.000000 17.156224 -0.036385 0.999338 0.000000 -0.932737 0.000000 0.000000 1.000000 0.000000
0.999261 0.038441 0.000000 17.768392 -0.038441 0.999261 0.000000 -0.932585 0.000000 0.000000 1.000000 0.000000
0.999241 0.038959 0.000000 18.313100 -0.038959 0.999241 0.000000 -0.879436 0.000000 0.000000 1.000000 0.000000
0.999149 0.041256 0.000000 18.797169 -0.041256 0.999149 0.000000 -0.928104 0.000000 0.000000 1.000000 0.000000
0.999052 0.043538 0.000000 19.383160 -0.043538 0.999052 0.000000 -0.947461 0.000000 0.000000 1.000000 0.000000
0.998992 0.044887 0.000000 19.972895 -0.044887 0.998992 0.000000 -0.919951 0.000000 0.000000 1.000000 0.000000
0.998913 0.046614 0.000000 20.568035 -0.046614 0.998913 0.000000 -0.956438 0.000000 0.000000 1.000000 0.000000
0.998843 0.048082 0.000000 21.187286 -0.048082 0.998843 0.000000 -1.134895 0.000000 0.000000 1.000000 0.000000
0.998790 0.049186 0.000000 21.741558 -0.049186 0.998790 0.000000 -1.386943 0.000000 0.000000 1.000000 0.000000
0.998708 0.050816 0.000000 22.301103 -0.050816 0.998708 0.000000 -1.443417 0.000000 0.000000 1.000000 0.000000
0.998556 0.053721 0.000000 23.360429 -0.053721 0.998556 0.000000 -1.537887 0.000000 0.000000 1.000000 0.000000
0.998389 0.056732 0.000000 24.239967 -0.056732 0.998389 0.000000 -1.654306 0.000000 0.000000 1.000000 0.000000
0.998231 0.059454 0.000000 24.847533 -0.059454 0.998231 0.000000 -1.673165 0.000000 0.000000 1.000000 0.000000
0.998005 0.063128 0.000000 25.509124 -0.063128 0.998005 0.000000 -1.775015 0.000000 0.000000 1.000000 0.000000
0.997975 0.063613 0.000000 26.087153 -0.063613 0.997975 0.000000 -1.947737 0.000000 0.000000 1.000000 0.000000
0.998051 0.062409 0.000000 26.651839 -0.062409 0.998051 0.000000 -2.071896 0.000000 0.000000 1.000000 0.000000
0.997885 0.065005 0.000000 27.209870 -0.065005 0.997885 0.000000 -1.834872 0.000000 0.000000 1.000000 0.000000
0.997592 0.069363 0.000000 27.606561 -0.069363 0.997592 0.000000 -1.951645 0.000000 0.000000 1.000000 0.000000
0.997183 0.075013 0.000000 28.748179 -0.075013 0.997183 0.000000 -2.257830 0.000000 0.000000 1.000000 0.000000
0.997065 0.076554 0.000000 29.303082 -0.076554 0.997065 0.000000 -2.269416 0.000000 0.000000 1.000000 0.000000
0.997014 0.077224 0.000000 29.806494 -0.077224 0.997014 0.000000 -2.215914 0.000000 0.000000 1.000000 0.000000
0.996617 0.082187 0.000000 30.376386 -0.082187 0.996617 0.000000 -2.402422 0.000000 0.000000 1.000000 0.000000
0.996675 0.081483 0.000000 31.004861 -0.081483 0.996675 0.000000 -2.309114 0.000000 0.000000 1.000000 0.000000
0.996239 0.086645 0.000000 31.924404 -0.086645 0.996239 0.000000 -2.560154 0.000000 0.000000 1.000000 0.000000
0.996017 0.089162 0.000000 32.580440 -0.089162 0.996017 0.000000 -2.744663 0.000000 0.000000 1.000000 0.000000
0.995679 0.092861 0.000000 33.072425 -0.092861 0.995679 0.000000 -2.632158 0.000000 0.000000 1.000000 0.000000
0.995594 0.093764 0.000000 33.724502 -0.093764 0.995594 0.000000 -2.599223 0.000000 0.000000 1.000000 0.000000
0.995309 0.096749 0.000000 34.467994 -0.096749 0.995309 0.000000 -2.757400 0.000000 0.000000 1.000000 0.000000
0.995205 0.097808 0.000000 34.865392 -0.097808 0.995205 0.000000 -2.908170 0.000000 0.000000 1.000000 0.000000
0.994962 0.100254 0.000000 35.440513 -0.100254 0.994962 0.000000 -2.899714 0.000000 0.000000 1.000000 0.000000
0.994813 0.101724 0.000000 35.942229 -0.101724 0.994813 0.000000 -2.955914 0.000000 0.000000 1.000000 0.000000
0.994713 0.102691 0.000000 36.470276 -0.102691 0.994713 0.000000 -3.081589 0.000000 0.000000 1.000000 0.000000
0.994555 0.104213 0.000000 36.840595 -0.104213 0.994555 0.000000 -3.178694 0.000000 0.000000 1.000000 0.000000
0.994669 0.103115 0.000000 37.782437 -0.103115 0.994669 0.000000 -3.311720 0.000000 0.000000 1.000000 0.000000
0.994424 0.105460 0.000000 38.329418 -0.105460 0.994424 0.000000 -3.335719 0.000000 0.000000 1.000000 0.000000
0.994299 0.106632 0.000000 38.886934 -0.106632 0.994299 0.000000 -3.439490 0.000000 0.000000 1.000000 0.000000
0.994254 0.107046 0.000000 39.363153 -0.107046 0.994254 0.000000 -3.641851 0.000000 0.000000 1.000000 0.000000
0.994036 0.109053 0.000000 39.888876 -0.109053 0.994036 0.000000 -3.631458 0.000000 0.000000 1.000000 0.000000
0.994071 0.108736 0.000000 40.359191 -0.108736 0.994071 0.000000 -3.671890 0.000000 0.000000 1.000000 0.000000
0.994026 0.109142 0.000000 40.927665 -0.109142 0.994026 0.000000 -3.671693 0.000000 0.000000 1.000000 0.000000
0.993727 0.111833 0.000000 41.461509 -0.111833 0.993727 0.000000 -3.790046 0.000000 0.000000 1.000000 0.000000
0.993564 0.113274 0.000000 41.903959 -0.113274 0.993564 0.000000 -3.904186 0.000000 0.000000 1.000000 0.000000
0.993361 0.115037 0.000000 42.592228 -0.115037 0.993361 0.000000 -3.966002 0.000000 0.000000 1.000000 0.000000
0.993269 0.115829 0.000000 42.984533 -0.115829 0.993269 0.000000 -4.213851 0.000000 0.000000 1.000000 0.000000
0.993350 0.115138 0.000000 43.566911 -0.115138 0.993350 0.000000 -4.358276 0.000000 0.000000 1.000000 0.000000
0.992942 0.118601 0.000000 44.201117 -0.118601 0.992942 0.000000 -4.492660 0.000000 0.000000 1.000000 0.000000
0.992807 0.119723 0.000000 44.683113 -0.119723 0.992807 0.000000 -4.681201 0.000000 0.000000 1.000000 0.000000
0.992505 0.122204 0.000000 45.607175 -0.122204 0.992505 0.000000 -4.798618 0.000000 0.000000 1.000000 0.000000
0.992367 0.123320 0.000000 46.039568 -0.123320 0.992367 0.000000 -4.941168 0.000000 0.000000 1.000000 0.000000
0.991925 0.126823 0.000000 46.674963 -0.126823 0.991925 0.000000 -4.969787 0.000000 0.000000 1.000000 0.000000
0.991535 0.129836 0.000000 47.519284 -0.129836 0.991535 0.000000 -5.266353 0.000000 0.000000 1.000000 0.000000
0.991219 0.132230 0.000000 48.150134 -0.132230 0.991219 0.000000 -5.441952 0.000000 0.000000 1.000000 0.000000
0.991105 0.133085 0.000000 48.603090 -0.133085 0.991105 0.000000 -5.604730 0.000000 0.000000 1.000000 0.000000
0.990750 0.135702 0.000000 49.696924 -0.135702 0.990750 0.000000 -5.836431 0.000000 0.000000 1.000000 0.000000
0.990527 0.137317 0.000000 50.313520 -0.137317 0.990527 0.000000 -5.962484 0.000000 0.000000 1.000000 0.000000
0.990477 0.137678 0.000000 50.818694 -0.137678 0.990477 0.000000 -6.007837 0.000000 0.000000 1.000000 0.000000
0.990157 0.139961 0.000000 51.377519 -0.139961 0.990157 0.000000 -6.164546 0.000000 0.000000 1.000000 0.000000
0.989409 0.145154 0.000000 52.288966 -0.145154 0.989409 0.000000 -6.361850 0.000000 0.000000 1.000000 0.000000
0.989486 0.144628 0.000000 52.741106 -0.144628 0.989486 0.000000 -6.365449 0.000000 0.000000 1.000000 0.000000
0.988990 0.147982 0.000000 53.281319 -0.147982 0.988990 0.000000 -6.417458 0.000000 0.000000 1.000000 0.000000
0.988833 0.149028 0.000000 53.798521 -0.149028 0.988833 0.000000 -6.517686 0.000000 0.000000 1.000000 0.000000
0.988540 0.150957 0.000000 54.172777 -0.150957 0.988540 0.000000 -6.636449 0.000000 0.000000 1.000000 0.000000
0.988791 0.149304 0.000000 54.764927 -0.149304 0.988791 0.000000 -6.857422 0.000000 0.000000 1.000000 0.000000
0.988657 0.150191 0.000000 55.166652 -0.150191 0.988657 0.000000 -6.960349 0.000000 0.000000 1.000000 0.000000
0.988127 0.153637 0.000000 55.725085 -0.153637 0.988127 0.000000 -7.016901 0.000000 0.000000 1.000000 0.000000
0.987742 0.156096 0.000000 56.203955 -0.156096 0.987742 0.000000 -7.144635 0.000000 0.000000 1.000000 0.000000
0.987845 0.155442 0.000000 56.698547 -0.155442 0.987845 0.000000 -7.295354 0.000000 0.000000 1.000000 0.000000
0.987736 0.156131 0.000000 57.112946 -0.156131 0.987736 0.000000 -7.373156 0.000000 0.000000 1.000000 0.000000
0.987384 0.158344 0.000000 57.483863 -0.158344 0.987384 0.000000 -7.385724 0.000000 0.000000 1.000000 0.000000
0.987564 0.157215 0.000000 57.870733 -0.157215 0.987564 0.000000 -7.440360 0.000000 0.000000 1.000000 0.000000
0.987745 0.156073 0.000000 58.676124 -0.156073 0.987745 0.000000 -7.583601 0.000000 0.000000 1.000000 0.000000
0.987183 0.159591 0.000000 58.935702 -0.159591 0.987183 0.000000 -7.596270 0.000000 0.000000 1.000000 0.000000
0.986838 0.161713 0.000000 59.439873 -0.161713 0.986838 0.000000 -7.637267 0.000000 0.000000 1.000000 0.000000
0.986869 0.161524 0.000000 59.840570 -0.161524 0.986869 0.000000 -7.757114 0.000000 0.000000 1.000000 0.000000
0.986556 0.163424 0.000000 60.286858 -0.163424 0.986556 0.000000 -7.806433 0.000000 0.000000 1.000000 0.000000
0.986350 0.164661 0.000000 60.718540 -0.164661 0.986350 0.000000 -7.750102 0.000000 0.000000 1.000000 0.000000
0.986221 0.165434 0.000000 61.108614 -0.165434 0.986221 0.000000 -7.919470 0.000000 0.000000 1.000000 0.000000
0.986115 0.166063 0.000000 61.456155 -0.166063 0.986115 0.000000 -7.993595 0.000000 0.000000 1.000000 0.000000
0.985703 0.168494 0.000000 61.917564 -0.168494 0.985703 0.000000 -8.102182 0.000000 0.000000 1.000000 0.000000
0.985702 0.168500 0.000000 62.208475 -0.168500 0.985702 0.000000 -8.130273 0.000000 0.000000 1.000000 0.000000
0.984701 0.174254 0.000000 62.851929 -0.174254 0.984701 0.000000 -8.193887 0.000000 0.000000 1.000000 0.000000
0.984792 0.173737 0.000000 63.229637 -0.173737 0.984792 0.000000 -8.284482 0.000000 0.000000 1.000000 0.000000
0.984600 0.174822 0.000000 63.672964 -0.174822 0.984600 0.000000 -8.525390 0.000000 0.000000 1.000000 0.000000
0.984645 0.174569 0.000000 64.153280 -0.174569 0.984645 0.000000 -8.403677 0.000000 0.000000 1.000000 0.000000
0.984336 0.176302 0.000000 64.385167 -0.176302 0.984336 0.000000 -8.432779 0.000000 0.000000 1.000000 0.000000
0.984144 0.177373 0.000000 64.764795 -0.177373 0.984144 0.000000 -8.349662 0.000000 0.000000 1.000000 0.000000
0.983336 0.181797 0.000000 64.912448 -0.181797 0.983336 0.000000 -8.388303 0.000000 0.000000 1.000000 0.000000
0.983273 0.182135 0.000000 65.243249 -0.182135 0.983273 0.000000 -8.439810 0.000000 0.000000 1.000000 0.000000
0.982919 0.184041 0.000000 65.743360 -0.184041 0.982919 0.000000 -8.617432 0.000000 0.000000 1.000000 0.000000
0.982519 0.186164 0.000000 66.009142 -0.186164 0.982519 0.000000 -8.746826 0.000000 0.000000 1.000000 0.000000
0.982150 0.188101 0.000000 66.242079 -0.188101 0.982150 0.000000 -8.780917 0.000000 0.000000 1.000000 0.000000
0.981832 0.189752 0.000000 66.507345 -0.189752 0.981832 0.000000 -8.818990 0.000000 0.000000 1.000000 0.000000
0.981284 0.192565 0.000000 66.659344 -0.192565 0.981284 0.000000 -8.865273 0.000000 0.000000 1.000000 0.000000
0.981205 0.192966 0.000000 67.064145 -0.192966 0.981205 0.000000 -8.976934 0.000000 0.000000 1.000000 0.000000
0.980733 0.195353 0.000000 67.311864 -0.195353 0.980733 0.000000 -9.010766 0.000000 0.000000 1.000000 0.000000
0.980481 0.196613 0.000000 67.633388 -0.196613 0.980481 0.000000 -9.126607 0.000000 0.000000 1.000000 0.000000
0.980513 0.196453 0.000000 67.983668 -0.196453 0.980513 0.000000 -9.256409 0.000000 0.000000 1.000000 0.000000
0.979454 0.201668 0.000000 68.422693 -0.201668 0.979454 0.000000 -9.264576 0.000000 0.000000 1.000000 0.000000
0.979571 0.201097 0.000000 68.725202 -0.201097 0.979571 0.000000 -9.332087 0.000000 0.000000 1.000000 0.000000
0.979106 0.203352 0.000000 68.998745 -0.203352 0.979106 0.000000 -9.424244 0.000000 0.000000 1.000000 0.000000
0.978981 0.203952 0.000000 69.336459 -0.203952 0.978981 0.000000 -9.624105 0.000000 0.000000 1.000000 0.000000
0.978220 0.207570 0.000000 69.549240 -0.207570 0.978220 0.000000 -9.652009 0.000000 0.000000 1.000000 0.000000
0.977910 0.209025 0.000000 69.847906 -0.209025 0.977910 0.000000 -9.727724 0.000000 0.000000 1.000000 0.000000
0.977427 0.211272 0.000000 70.052539 -0.211272 0.977427 0.000000 -9.824682 0.000000 0.000000 1.000000 0.000000
0.977908 0.209033 0.000000 70.387407 -0.209033 0.977908 0.000000 -9.948148 0.000000 0.000000 1.000000 0.000000
0.976879 0.213793 0.000000 70.675765 -0.213793 0.976879 0.000000 -9.921549 0.000000 0.000000 1.000000 0.000000
0.976611 0.215016 0.000000 70.953982 -0.215016 0.976611 0.000000 -10.006435 0.000000 0.000000 1.000000 0.000000
0.976357 0.216166 0.000000 71.258503 -0.216166 0.976357 0.000000 -10.137048 0.000000 0.000000 1.000000 0.000000
0.976144 0.217124 0.000000 71.504303 -0.217124 0.976144 0.000000 -10.122095 0.000000 0.000000 1.000000 0.000000
0.976618 0.214981 0.000000 71.796452 -0.214981 0.976618 0.000000 -10.356393 0.000000 0.000000 1.000000 0.000000
0.976769 0.214293 0.000000 72.039237 -0.214293 0.976769 0.000000 -10.392182 0.000000 0.000000 1.000000 0.000000
0.976618 0.214981 0.000000 72.297058 -0.214981 0.976618 0.000000 -10.433236 0.000000 0.000000 1.000000 0.000000
0.976523 0.215411 0.000000 72.572501 -0.215411 0.976523 0.000000 -10.523444 0.000000 0.000000 1.000000 0.000000
0.976324 0.216312 0.000000 72.854950 -0.216312 0.976324 0.000000 -10.675371 0.000000 0.000000 1.000000 0.000000
0.976523 0.215412 0.000000 73.114811 -0.215412 0.976523 0.000000 -10.778658 0.000000 0.000000 1.000000 0.000000
0.976575 0.215178 0.000000 73.346682 -0.215178 0.976575 0.000000 -10.819806 0.000000 0.000000 1.000000 0.000000
0.976530 0.215383 0.000000 73.767703 -0.215383 0.976530 0.000000 -10.942549 0.000000 0.000000 1.000000 0.000000
0.976465 0.215674 0.000000 73.978359 -0.215674 0.976465 0.000000 -11.046278 0.000000 0.000000 1.000000 0.000000
0.976237 0.216707 0.000000 74.339874 -0.216707 0.976237 0.000000 -11.125075 0.000000 0.000000 1.000000 0.000000
0.976451 0.215741 0.000000 74.505987 -0.215741 0.976451 0.000000 -11.115995 0.000000 0.000000 1.000000 0.000000
0.976140 0.217141 0.000000 74.770525 -0.217141 0.976140 0.000000 -11.143825 0.000000 0.000000 1.000000 0.000000
0.975790 0.218710 0.000000 75.595253 -0.218710 0.975790 0.000000 -11.327489 0.000000 0.000000 1.000000 0.000000
0.975705 0.219088 0.000000 75.895035 -0.219088 0.975705 0.000000 -11.560904 0.000000 0.000000 1.000000 0.000000
0.975108 0.221731 0.000000 76.212426 -0.221731 0.975108 0.000000 -11.577256 0.000000 0.000000 1.000000 0.000000
0.974583 0.224025 0.000000 76.564007 -0.224025 0.974583 0.000000 -11.682371 0.000000 0.000000 1.000000 0.000000
0.974672 0.223637 0.000000 76.766692 -0.223637 0.974672 0.000000 -11.809473 0.000000 0.000000 1.000000 0.000000
0.974632 0.223815 0.000000 77.246441 -0.223815 0.974632 0.000000 -12.008360 0.000000 0.000000 1.000000 0.000000
0.974599 0.223956 0.000000 77.550848 -0.223956 0.974599 0.000000 -12.041358 0.000000 0.000000 1.000000 0.000000
0.974079 0.226210 0.000000 77.781035 -0.226210 0.974079 0.000000 -12.086089 0.000000 0.000000 1.000000 0.000000
0.973558 0.228438 0.000000 78.180430 -0.228438 0.973558 0.000000 -12.191697 0.000000 0.000000 1.000000 0.000000
0.973209 0.229922 0.000000 78.533570 -0.229922 0.973209 0.000000 -12.285007 0.000000 0.000000 1.000000 0.000000
0.972353 0.233515 0.000000 79.010420 -0.233515 0.972353 0.000000 -12.338114 0.000000 0.000000 1.000000 0.000000
0.972041 0.234811 0.000000 79.280138 -0.234811 0.972041 0.000000 -12.506114 0.000000 0.000000 1.000000 0.000000
0.971563 0.236780 0.000000 79.768525 -0.236780 0.971563 0.000000 -12.467911 0.000000 0.000000 1.000000 0.000000
0.971165 0.238410 0.000000 80.064826 -0.238410 0.971165 0.000000 -12.647098 0.000000 0.000000 1.000000 0.000000
0.970756 0.240068 0.000000 80.313775 -0.240068 0.970756 0.000000 -12.623859 0.000000 0.000000 1.000000 0.000000
0.969761 0.244058 0.000000 81.008627 -0.244058 0.969761 0.000000 -12.767453 0.000000 0.000000 1.000000 0.000000
0.970076 0.242802 0.000000 81.396838 -0.242802 0.970076 0.000000 -12.937501 0.000000 0.000000 1.000000 0.000000
0.969737 0.244150 0.000000 81.690737 -0.244150 0.969737 0.000000 -13.108496 0.000000 0.000000 1.000000 0.000000
0.968470 0.249132 0.000000 82.148602 -0.249132 0.968470 0.000000 -13.224523 0.000000 0.000000 1.000000 0.000000
0.967964 0.251091 0.000000 82.845841 -0.251091 0.967964 0.000000 -13.336977 0.000000 0.000000 1.000000 0.000000
0.967352 0.253436 0.000000 83.393397 -0.253436 0.967352 0.000000 -13.512889 0.000000 0.000000 1.000000 0.000000
0.966733 0.255788 0.000000 83.745202 -0.255788 0.966733 0.000000 -13.501015 0.000000 0.000000 1.000000 0.000000
0.966255 0.257587 0.000000 84.123036 -0.257587 0.966255 0.000000 -13.666451 0.000000 0.000000 1.000000 0.000000
0.965083 0.261945 0.000000 84.540752 -0.261945 0.965083 0.000000 -13.721745 0.000000 0.000000 1.000000 0.000000
0.964771 0.263093 0.000000 84.998147 -0.263093 0.964771 0.000000 -13.871388 0.000000 0.000000 1.000000 0.000000
0.963927 0.266166 0.000000 85.376855 -0.266166 0.963927 0.000000 -13.921564 0.000000 0.000000 1.000000 0.000000
0.964089 0.265579 0.000000 85.889406 -0.265579 0.964089 0.000000 -14.098825 0.000000 0.000000 1.000000 0.000000
0.964211 0.265137 0.000000 86.464411 -0.265137 0.964211 0.000000 -14.313482 0.000000 0.000000 1.000000 0.000000
0.963673 0.267084 0.000000 87.332357 -0.267084 0.963673 0.000000 -14.627742 0.000000 0.000000 1.000000 0.000000
0.963692 0.267018 0.000000 87.735427 -0.267018 0.963692 0.000000 -14.819486 0.000000 0.000000 1.000000 0.000000
0.963658 0.267139 0.000000 88.436736 -0.267139 0.963658 0.000000 -15.053859 0.000000 0.000000 1.000000 0.000000
0.963754 0.266793 0.000000 88.833698 -0.266793 0.963754 0.000000 -15.149613 0.000000 0.000000 1.000000 0.000000
0.962812 0.270171 0.000000 89.362270 -0.270171 0.962812 0.000000 -15.275505 0.000000 0.000000 1.000000 0.000000
0.963080 0.269217 0.000000 89.864122 -0.269217 0.963080 0.000000 -15.391163 0.000000 0.000000 1.000000 0.000000
0.962982 0.269566 0.000000 90.430656 -0.269566 0.962982 0.000000 -15.670037 0.000000 0.000000 1.000000 0.000000
0.961299 0.275508 0.000000 90.886295 -0.275508 0.961299 0.000000 -15.850769 0.000000 0.000000 1.000000 0.000000
0.961254 0.275665 0.000000 91.325485 -0.275665 0.961254 0.000000 -15.894583 0.000000 0.000000 1.000000 0.000000
0.960838 0.277112 0.000000 91.891870 -0.277112 0.960838 0.000000 -15.897261 0.000000 0.000000 1.000000 0.000000
0.960693 0.277612 0.000000 92.292208 -0.277612 0.960693 0.000000 -16.171924 0.000000 0.000000 1.000000 0.000000
0.960943 0.276745 0.000000 93.242624 -0.276745 0.960943 0.000000 -16.672255 0.000000 0.000000 1.000000 0.000000
0.960668 0.277698 0.000000 93.674335 -0.277698 0.960668 0.000000 -16.837390 0.000000 0.000000 1.000000 0.000000
0.960882 0.276958 0.000000 94.294198 -0.276958 0.960882 0.000000 -17.026863 0.000000 0.000000 1.000000 0.000000
0.959540 0.281574 0.000000 94.914686 -0.281574 0.959540 0.000000 -17.068488 0.000000 0.000000 1.000000 0.000000
0.958009 0.286738 0.000000 95.440910 -0.286738 0.958009 0.000000 -17.307266 0.000000 0.000000 1.000000 0.000000
0.957796 0.287450 0.000000 96.328709 -0.287450 0.957796 0.000000 -17.450619 0.000000 0.000000 1.000000 0.000000
0.956509 0.291704 0.000000 96.970986 -0.291704 0.956509 0.000000 -17.675711 0.000000 0.000000 1.000000 0.000000
0.955769 0.294120 0.000000 97.879802 -0.294120 0.955769 0.000000 -17.879103 0.000000 0.000000 1.000000 0.000000
0.954587 0.297932 0.000000 98.555204 -0.297932 0.954587 0.000000 -18.240704 0.000000 0.000000 1.000000 0.000000
0.955402 0.295308 0.000000 99.149896 -0.295308 0.955402 0.000000 -18.322387 0.000000 0.000000 1.000000 0.000000
0.954117 0.299433 0.000000 99.734083 -0.299433 0.954117 0.000000 -18.520222 0.000000 0.000000 1.000000 0.000000
0.953447 0.301561 0.000000 100.360924 -0.301561 0.953447 0.000000 -18.639437 0.000000 0.000000 1.000000 0.000000
0.952880 0.303348 0.000000 100.918397 -0.303348 0.952880 0.000000 -18.920896 0.000000 0.000000 1.000000 0.000000
0.951485 0.307696 0.000000 101.504248 -0.307696 0.951485 0.000000 -19.182769 0.000000 0.000000 1.000000 0.000000
0.950464 0.310835 0.000000 102.062386 -0.310835 0.950464 0.000000 -19.395226 0.000000 0.000000 1.000000 0.000000
0.949512 0.313732 0.000000 102.628174 -0.313732 0.949512 0.000000 -19.535377 0.000000 0.000000 1.000000 0.000000
0.948157 0.317802 0.000000 103.231641 -0.317802 0.948157 0.000000 -19.590895 0.000000 0.000000 1.000000 0.000000
0.947968 0.318365 0.000000 103.744713 -0.318365 0.947968 0.000000 -19.862299 0.000000 0.000000 1.000000 0.000000
0.947722 0.319098 0.000000 104.321188 -0.319098 0.947722 0.000000 -20.058141 0.000000 0.000000 1.000000 0.000000
0.948264 0.317484 0.000000 104.925506 -0.317484 0.948264 0.000000 -20.353665 0.000000 0.000000 1.000000 0.000000
0.947728 0.319079 0.000000 105.495679 -0.319079 0.947728 0.000000 -20.469693 0.000000 0.000000 1.000000 0.000000
0.946384 0.323043 0.000000 106.596739 -0.323043 0.946384 0.000000 -20.717240 0.000000 0.000000 1.000000 0.000000
0.945976 0.324236 0.000000 107.240028 -0.324236 0.945976 0.000000 -20.982312 0.000000 0.000000 1.000000 0.000000
0.946071 0.323958 0.000000 107.852721 -0.323958 0.946071 0.000000 -21.111411 0.000000 0.000000 1.000000 0.000000
0.945486 0.325663 0.000000 108.426216 -0.325663 0.945486 0.000000 -21.275301 0.000000 0.000000 1.000000 0.000000
0.944329 0.329002 0.000000 108.996726 -0.329002 0.944329 0.000000 -21.533960 0.000000 0.000000 1.000000 0.000000
0.944264 0.329190 0.000000 109.540337 -0.329190 0.944264 0.000000 -21.677887 0.000000 0.000000 1.000000 0.000000
0.944349 0.328946 0.000000 110.087722 -0.328946 0.944349 0.000000 -21.952210 0.000000 0.000000 1.000000 0.000000
0.943829 0.330433 0.000000 110.650348 -0.330433 0.943829 0.000000 -22.031738 0.000000 0.000000 1.000000 0.000000
0.942792 0.333382 0.000000 111.216378 -0.333382 0.942792 0.000000 -22.314945 0.000000 0.000000 1.000000 0.000000
0.942756 0.333483 0.000000 111.763908 -0.333483 0.942756 0.000000 -22.615288 0.000000 0.000000 1.000000 0.000000
0.942276 0.334837 0.000000 112.398017 -0.334837 0.942276 0.000000 -23.004120 0.000000 0.000000 1.000000 0.000000
0.942345 0.334642 0.000000 112.917234 -0.334642 0.942345 0.000000 -23.153654 0.000000 0.000000 1.000000 0.000000
0.942099 0.335336 0.000000 113.632711 -0.335336 0.942099 0.000000 -23.512064 0.000000 0.000000 1.000000 0.000000
0.942154 0.335182 0.000000 114.248848 -0.335182 0.942154 0.000000 -23.618040 0.000000 0.000000 1.000000 0.000000
0.940969 0.338494 0.000000 114.894188 -0.338494 0.940969 0.000000 -23.975425 0.000000 0.000000 1.000000 0.000000
0.940192 0.340645 0.000000 115.886361 -0.340645 0.940192 0.000000 -24.072711 0.000000 0.000000 1.000000 0.000000
0.939813 0.341689 0.000000 116.631893 -0.341689 0.939813 0.000000 -24.198553 0.000000 0.000000 1.000000 0.000000
0.939545 0.342426 0.000000 117.154142 -0.342426 0.939545 0.000000 -24.414491 0.000000 0.000000 1.000000 0.000000
0.939082 0.343694 0.000000 117.865773 -0.343694 0.939082 0.000000 -24.722104 0.000000 0.000000 1.000000 0.000000
0.939320 0.343043 0.000000 118.558740 -0.343043 0.939320 0.000000 -24.965601 0.000000 0.000000 1.000000 0.000000
0.938627 0.344934 0.000000 119.221041 -0.344934 0.938627 0.000000 -25.183577 0.000000 0.000000 1.000000 0.000000
0.938109 0.346339 0.000000 119.856861 -0.346339 0.938109 0.000000 -25.403536 0.000000 0.000000 1.000000 0.000000
0.937179 0.348848 0.000000 120.921623 -0.348848 0.937179 0.000000 -25.805531 0.000000 0.000000 1.000000 0.000000
0.937471 0.348063 0.000000 121.531766 -0.348063 0.937471 0.000000 -26.074029 0.000000 0.000000 1.000000 0.000000
0.936969 0.349412 0.000000 122.178137 -0.349412 0.936969 0.000000 -26.275775 0.000000 0.000000 1.000000 0.000000
0.936102 0.351730 0.000000 122.730336 -0.351730 0.936102 0.000000 -26.528468 0.000000 0.000000 1.000000 0.000000
0.935960 0.352106 0.000000 124.016546 -0.352106 0.935960 0.000000 -27.103380 0.000000 0.000000 1.000000 0.000000
0.934970 0.354728 0.000000 124.610005 -0.354728 0.934970 0.000000 -27.291428 0.000000 0.000000 1.000000 0.000000
0.933963 0.357369 0.000000 125.308587 -0.357369 0.933963 0.000000 -27.576078 0.000000 0.000000 1.000000 0.000000
0.933298 0.359103 0.000000 125.936055 -0.359103 0.933298 0.000000 -27.630398 0.000000 0.000000 1.000000 0.000000
0.932805 0.360380 0.000000 126.566314 -0.360380 0.932805 0.000000 -27.935973 0.000000 0.000000 1.000000 0.000000
0.927580 0.373624 0.000000 131.076444 -0.373624 0.927580 0.000000 -29.836086 0.000000 0.000000 1.000000 0.000000
0.927353 0.374187 0.000000 131.743632 -0.374187 0.927353 0.000000 -30.059792 0.000000 0.000000 1.000000 0.000000
0.926420 0.376491 0.000000 132.245504 -0.376491 0.926420 0.000000 -30.422513 0.000000 0.000000 1.000000 0.000000
0.926026 0.377459 0.000000 132.843811 -0.377459 0.926026 0.000000 -30.687628 0.000000 0.000000 1.000000 0.000000
0.924261 0.381761 0.000000 133.379792 -0.381761 0.924261 0.000000 -30.889646 0.000000 0.000000 1.000000 0.000000
0.924635 0.380856 0.000000 133.925817 -0.380856 0.924635 0.000000 -31.044761 0.000000 0.000000 1.000000 0.000000
0.921705 0.387892 0.000000 134.427762 -0.387892 0.921705 0.000000 -31.399970 0.000000 0.000000 1.000000 0.000000
0.920949 0.389683 0.000000 135.178178 -0.389683 0.920949 0.000000 -31.759546 0.000000 0.000000 1.000000 0.000000
0.920244 0.391346 0.000000 135.725908 -0.391346 0.920244 0.000000 -31.993545 0.000000 0.000000 1.000000 0.000000
0.919573 0.392919 0.000000 136.267478 -0.392919 0.919573 0.000000 -32.232556 0.000000 0.000000 1.000000 0.000000
0.918765 0.394805 0.000000 137.155022 -0.394805 0.918765 0.000000 -32.554012 0.000000 0.000000 1.000000 0.000000
0.918670 0.395025 0.000000 137.779974 -0.395025 0.918670 0.000000 -32.723435 0.000000 0.000000 1.000000 0.000000
0.918388 0.395681 0.000000 138.493800 -0.395681 0.918388 0.000000 -33.078205 0.000000 0.000000 1.000000 0.000000
0.918064 0.396431 0.000000 139.179917 -0.396431 0.918064 0.000000 -33.318850 0.000000 0.000000 1.000000 0.000000
0.918504 0.395412 0.000000 139.689018 -0.395412 0.918504 0.000000 -33.793605 0.000000 0.000000 1.000000 0.000000
0.918355 0.395758 0.000000 140.578313 -0.395758 0.918355 0.000000 -34.260912 0.000000 0.000000 1.000000 0.000000
0.918351 0.395767 0.000000 141.097477 -0.395767 0.918351 0.000000 -34.425801 0.000000 0.000000 1.000000 0.000000
0.918505 0.395410 0.000000 141.809270 -0.395410 0.918505 0.000000 -34.748414 0.000000 0.000000 1.000000 0.000000
0.918488 0.395448 0.000000 142.343575 -0.395448 0.918488 0.000000 -35.040552 0.000000 0.000000 1.000000 0.000000
0.916653 0.399684 0.000000 143.099884 -0.399684 0.916653 0.000000 -35.293743 0.000000 0.000000 1.000000 0.000000
0.916949 0.399004 0.000000 143.619859 -0.399004 0.916949 0.000000 -35.516730 0.000000 0.000000 1.000000 0.000000
0.916435 0.400185 0.000000 144.204763 -0.400185 0.916435 0.000000 -35.746341 0.000000 0.000000 1.000000 0.000000
0.916543 0.399937 0.000000 144.809339 -0.399937 0.916543 0.000000 -36.057295 0.000000 0.000000 1.000000 0.000000
0.916198 0.400727 0.000000 145.256236 -0.400727 0.916198 0.000000 -36.304524 0.000000 0.000000 1.000000 0.000000
0.914946 0.403577 0.000000 146.232818 -0.403577 0.914946 0.000000 -36.843015 0.000000 0.000000 1.000000 0.000000
0.915733 0.401787 0.000000 146.688074 -0.401787 0.915733 0.000000 -37.120510 0.000000 0.000000 1.000000 0.000000
0.914723 0.404081 0.000000 147.263208 -0.404081 0.914723 0.000000 -37.496331 0.000000 0.000000 1.000000 0.000000
0.914154 0.405368 0.000000 147.743080 -0.405368 0.914154 0.000000 -37.786317 0.000000 0.000000 1.000000 0.000000
0.913338 0.407203 0.000000 148.309098 -0.407203 0.913338 0.000000 -38.135453 0.000000 0.000000 1.000000 0.000000
0.911764 0.410714 0.000000 148.739036 -0.410714 0.911764 0.000000 -38.458649 0.000000 0.000000 1.000000 0.000000
0.911808 0.410617 0.000000 149.298046 -0.410617 0.911808 0.000000 -38.868806 0.000000 0.000000 1.000000 0.000000
0.910892 0.412646 0.000000 149.820033 -0.412646 0.910892 0.000000 -39.137057 0.000000 0.000000 1.000000 0.000000
0.910463 0.413591 0.000000 150.335896 -0.413591 0.910463 0.000000 -39.309081 0.000000 0.000000 1.000000 0.000000
0.909609 0.415465 0.000000 150.905200 -0.415465 0.909609 0.000000 -39.571100 0.000000 0.000000 1.000000 0.000000
0.909205 0.416349 0.000000 151.484742 -0.416349 0.909205 0.000000 -39.860094 0.000000 0.000000 1.000000 0.000000
0.908586 0.417698 0.000000 151.977902 -0.417698 0.908586 0.000000 -40.044678 0.000000 0.000000 1.000000 0.000000
0.907821 0.419358 0.000000 152.433012 -0.419358 0.907821 0.000000 -40.339701 0.000000 0.000000 1.000000 0.000000
0.909191 0.416379 0.000000 153.010566 -0.416379 0.909191 0.000000 -40.486734 0.000000 0.000000 1.000000 0.000000
0.908493 0.417901 0.000000 153.452778 -0.417901 0.908493 0.000000 -40.638635 0.000000 0.000000 1.000000 0.000000
0.908343 0.418226 0.000000 153.995227 -0.418226 0.908343 0.000000 -40.795686 0.000000 0.000000 1.000000 0.000000
0.906496 0.422215 0.000000 154.783270 -0.422215 0.906496 0.000000 -41.253794 0.000000 0.000000 1.000000 0.000000
0.906015 0.423245 0.000000 155.206693 -0.423245 0.906015 0.000000 -41.433651 0.000000 0.000000 1.000000 0.000000
0.904453 0.426573 0.000000 155.700837 -0.426573 0.904453 0.000000 -41.727969 0.000000 0.000000 1.000000 0.000000
0.904435 0.426612 0.000000 156.176324 -0.426612 0.904435 0.000000 -41.913273 0.000000 0.000000 1.000000 0.000000
0.903436 0.428722 0.000000 156.704546 -0.428722 0.903436 0.000000 -42.195162 0.000000 0.000000 1.000000 0.000000
0.904400 0.426686 0.000000 157.246056 -0.426686 0.904400 0.000000 -42.421663 0.000000 0.000000 1.000000 0.000000
0.903048 0.429540 0.000000 157.866598 -0.429540 0.903048 0.000000 -42.835955 0.000000 0.000000 1.000000 0.000000
0.902417 0.430863 0.000000 158.424099 -0.430863 0.902417 0.000000 -43.048303 0.000000 0.000000 1.000000 0.000000
0.900716 0.434408 0.000000 158.959557 -0.434408 0.900716 0.000000 -43.235510 0.000000 0.000000 1.000000 0.000000
0.900233 0.435408 0.000000 159.493231 -0.435408 0.900233 0.000000 -43.474570 0.000000 0.000000 1.000000 0.000000
0.899886 0.436126 0.000000 159.954643 -0.436126 0.899886 0.000000 -43.740055 0.000000 0.000000 1.000000 0.000000
0.899751 0.436404 0.000000 160.422357 -0.436404 0.899751 0.000000 -43.954847 0.000000 0.000000 1.000000 0.000000
0.899704 0.436500 0.000000 161.164187 -0.436500 0.899704 0.000000 -44.287276 0.000000 0.000000 1.000000 0.000000
0.898043 0.439908 0.000000 161.593521 -0.439908 0.898043 0.000000 -44.510591 0.000000 0.000000 1.000000 0.000000
0.898710 0.438543 0.000000 162.006820 -0.438543 0.898710 0.000000 -44.678251 0.000000 0.000000 1.000000 0.000000
0.897641 0.440728 0.000000 162.481028 -0.440728 0.897641 0.000000 -44.922740 0.000000 0.000000 1.000000 0.000000
0.897755 0.440494 0.000000 162.997836 -0.440494 0.897755 0.000000 -45.093216 0.000000 0.000000 1.000000 0.000000
0.896723 0.442592 0.000000 163.480598 -0.442592 0.896723 0.000000 -45.434150 0.000000 0.000000 1.000000 0.000000
0.895750 0.444558 0.000000 163.996321 -0.444558 0.895750 0.000000 -45.701194 0.000000 0.000000 1.000000 0.000000
0.894481 0.447106 0.000000 164.515210 -0.447106 0.894481 0.000000 -45.972025 0.000000 0.000000 1.000000 0.000000
0.893651 0.448763 0.000000 164.958619 -0.448763 0.893651 0.000000 -46.200855 0.000000 0.000000 1.000000 0.000000
0.894030 0.448008 0.000000 165.570286 -0.448008 0.894030 0.000000 -46.340881 0.000000 0.000000 1.000000 0.000000
0.893378 0.449306 0.000000 165.944961 -0.449306 0.893378 0.000000 -46.685324 0.000000 0.000000 1.000000 0.000000
0.892506 0.451035 0.000000 166.369138 -0.451035 0.892506 0.000000 -47.054923 0.000000 0.000000 1.000000 0.000000
0.890280 0.455413 0.000000 166.818240 -0.455413 0.890280 0.000000 -47.303906 0.000000 0.000000 1.000000 0.000000
0.888748 0.458396 0.000000 167.120560 -0.458396 0.888748 0.000000 -47.499990 0.000000 0.000000 1.000000 0.000000
0.888406 0.459059 0.000000 167.592218 -0.459059 0.888406 0.000000 -47.771584 0.000000 0.000000 1.000000 0.000000
0.887496 0.460815 0.000000 168.052764 -0.460815 0.887496 0.000000 -48.083770 0.000000 0.000000 1.000000 0.000000
0.889152 0.457612 0.000000 168.448700 -0.457612 0.889152 0.000000 -48.155536 0.000000 0.000000 1.000000 0.000000
0.887390 0.461020 0.000000 168.864396 -0.461020 0.887390 0.000000 -48.373768 0.000000 0.000000 1.000000 0.000000
0.886174 0.463353 0.000000 169.299591 -0.463353 0.886174 0.000000 -48.625093 0.000000 0.000000 1.000000 0.000000
0.888323 0.459220 0.000000 169.790155 -0.459220 0.888323 0.000000 -48.974438 0.000000 0.000000 1.000000 0.000000
0.887785 0.460259 0.000000 170.468463 -0.460259 0.887785 0.000000 -49.336174 0.000000 0.000000 1.000000 0.000000
0.886930 0.461905 0.000000 171.059660 -0.461905 0.886930 0.000000 -49.562196 0.000000 0.000000 1.000000 0.000000
0.886753 0.462243 0.000000 171.369361 -0.462243 0.886753 0.000000 -49.867245 0.000000 0.000000 1.000000 0.000000
0.884244 0.467026 0.000000 171.932698 -0.467026 0.884244 0.000000 -50.281626 0.000000 0.000000 1.000000 0.000000
0.884514 0.466514 0.000000 172.515355 -0.466514 0.884514 0.000000 -50.568498 0.000000 0.000000 1.000000 0.000000
0.885451 0.464732 0.000000 173.459842 -0.464732 0.885451 0.000000 -50.919731 0.000000 0.000000 1.000000 0.000000
0.884695 0.466171 0.000000 174.040359 -0.466171 0.884695 0.000000 -51.255439 0.000000 0.000000 1.000000 0.000000
0.884606 0.466339 0.000000 174.519271 -0.466339 0.884606 0.000000 -51.529276 0.000000 0.000000 1.000000 0.000000
0.884235 0.467041 0.000000 175.047894 -0.467041 0.884235 0.000000 -51.842514 0.000000 0.000000 1.000000 0.000000
0.883884 0.467705 0.000000 175.552417 -0.467705 0.883884 0.000000 -52.139723 0.000000 0.000000 1.000000 0.000000
0.884531 0.466481 0.000000 176.146880 -0.466481 0.884531 0.000000 -52.384781 0.000000 0.000000 1.000000 0.000000
0.884973 0.465643 0.000000 176.580421 -0.465643 0.884973 0.000000 -52.660606 0.000000 0.000000 1.000000 0.000000
0.885604 0.464440 0.000000 177.143289 -0.464440 0.885604 0.000000 -52.941760 0.000000 0.000000 1.000000 0.000000
0.885515 0.464610 0.000000 177.467856 -0.464610 0.885515 0.000000 -53.259293 0.000000 0.000000 1.000000 0.000000
0.886600 0.462538 0.000000 177.955755 -0.462538 0.886600 0.000000 -53.447262 0.000000 0.000000 1.000000 0.000000
0.886648 0.462445 0.000000 178.517347 -0.462445 0.886648 0.000000 -53.787767 0.000000 0.000000 1.000000 0.000000
0.885955 0.463771 0.000000 178.988771 -0.463771 0.885955 0.000000 -53.944183 0.000000 0.000000 1.000000 0.000000
0.885363 0.464900 0.000000 179.401252 -0.464900 0.885363 0.000000 -54.250256 0.000000 0.000000 1.000000 0.000000
0.884678 0.466202 0.000000 179.970915 -0.466202 0.884678 0.000000 -54.457064 0.000000 0.000000 1.000000 0.000000
0.884845 0.465885 0.000000 180.427640 -0.465885 0.884845 0.000000 -54.715030 0.000000 0.000000 1.000000 0.000000
0.885050 0.465496 0.000000 180.764568 -0.465496 0.885050 0.000000 -54.948617 0.000000 0.000000 1.000000 0.000000
0.884903 0.465776 0.000000 181.271316 -0.465776 0.884903 0.000000 -55.052887 0.000000 0.000000 1.000000 0.000000
0.885192 0.465225 0.000000 181.713379 -0.465225 0.885192 0.000000 -55.272444 0.000000 0.000000 1.000000 0.000000
0.884741 0.466084 0.000000 182.127037 -0.466084 0.884741 0.000000 -55.486061 0.000000 0.000000 1.000000 0.000000
0.885584 0.464478 0.000000 182.670473 -0.464478 0.885584 0.000000 -55.648747 0.000000 0.000000 1.000000 0.000000
0.885597 0.464454 0.000000 183.091634 -0.464454 0.885597 0.000000 -56.025687 0.000000 0.000000 1.000000 0.000000
0.886768 0.462216 0.000000 183.641891 -0.462216 0.886768 0.000000 -56.371901 0.000000 0.000000 1.000000 0.000000
0.887410 0.460982 0.000000 184.238689 -0.460982 0.887410 0.000000 -56.584445 0.000000 0.000000 1.000000 0.000000
0.888744 0.458404 0.000000 184.743295 -0.458404 0.888744 0.000000 -56.753959 0.000000 0.000000 1.000000 0.000000
0.889103 0.457708 0.000000 185.236134 -0.457708 0.889103 0.000000 -56.864944 0.000000 0.000000 1.000000 0.000000
0.891778 0.452474 0.000000 185.913697 -0.452474 0.891778 0.000000 -57.113743 0.000000 0.000000 1.000000 0.000000
0.891333 0.453349 0.000000 186.342668 -0.453349 0.891333 0.000000 -57.408665 0.000000 0.000000 1.000000 0.000000
0.892620 0.450810 0.000000 186.793882 -0.450810 0.892620 0.000000 -57.632574 0.000000 0.000000 1.000000 0.000000
0.894795 0.446478 0.000000 187.272149 -0.446478 0.894795 0.000000 -57.731766 0.000000 0.000000 1.000000 0.000000
0.896619 0.442802 0.000000 187.693125 -0.442802 0.896619 0.000000 -57.983645 0.000000 0.000000 1.000000 0.000000
0.901318 0.433159 0.000000 188.513405 -0.433159 0.901318 0.000000 -58.361197 0.000000 0.000000 1.000000 0.000000
0.903574 0.428433 0.000000 188.921073 -0.428433 0.903574 0.000000 -58.609366 0.000000 0.000000 1.000000 0.000000
0.906861 0.421431 0.000000 189.439897 -0.421431 0.906861 0.000000 -58.865925 0.000000 0.000000 1.000000 0.000000
0.909242 0.416268 0.000000 189.714382 -0.416268 0.909242 0.000000 -58.951340 0.000000 0.000000 1.000000 0.000000
0.911308 0.411724 0.000000 190.091937 -0.411724 0.911308 0.000000 -59.193176 0.000000 0.000000 1.000000 0.000000
0.914360 0.404902 0.000000 190.580898 -0.404902 0.914360 0.000000 -59.376312 0.000000 0.000000 1.000000 0.000000
0.919997 0.391925 0.000000 191.377858 -0.391925 0.919997 0.000000 -59.721369 0.000000 0.000000 1.000000 0.000000
0.922795 0.385291 0.000000 191.951981 -0.385291 0.922795 0.000000 -59.898347 0.000000 0.000000 1.000000 0.000000
0.925559 0.378603 0.000000 192.347090 -0.378603 0.925559 0.000000 -60.032729 0.000000 0.000000 1.000000 0.000000
0.929653 0.368437 0.000000 193.016304 -0.368437 0.929653 0.000000 -60.310127 0.000000 0.000000 1.000000 0.000000
0.932645 0.360795 0.000000 193.447703 -0.360795 0.932645 0.000000 -60.560124 0.000000 0.000000 1.000000 0.000000
