1.000000 -0.000168 0.000000 0.735474 0.000168 1.000000 0.000000 -0.010185 0.000000 0.000000 1.000000 0.000000
0.999997 0.002514 0.000000 1.334948 -0.002514 0.999997 0.000000 0.073702 0.000000 0.000000 1.000000 0.000000
0.999979 0.006554 0.000000 1.914901 -0.006554 0.999979 0.000000 -0.099781 0.000000 0.000000 1.000000 0.000000
0.999935 0.011394 0.000000 2.379835 -0.011394 0.999935 0.000000 -0.152728 0.000000 0.000000 1.000000 0.000000
0.999849 0.017386 0.000000 3.599516 -0.017386 0.999849 0.000000 -0.316740 0.000000 0.000000 1.000000 0.000000
0.999818 0.019075 0.000000 4.146349 -0.019075 0.999818 0.000000 -0.249241 0.000000 0.000000 1.000000 0.000000
0.999685 0.025087 0.000000 5.369746 -0.025087 0.999685 0.000000 -0.331073 0.000000 0.000000 1.000000 0.000000
0.999650 0.026442 0.000000 5.970087 -0.026442 0.999650 0.000000 -0.336786 0.000000 0.000000 1.000000 0.000000
0.999509 0.031340 0.000000 6.511283 -0.031340 0.999509 0.000000 -0.346325 0.000000 0.000000 1.000000 0.000000
0.999455 0.033019 0.000000 7.124707 -0.033019 0.999455 0.000000 -0.133908 0.000000 0.000000 1.000000 0.000000
0.999307 0.037225 0.000000 7.926534 -0.037225 0.999307 0.000000 -0.116349 0.000000 0.000000 1.000000 0.000000
0.998945 0.045925 0.000000 8.441826 -0.045925 0.998945 0.000000 -0.288957 0.000000 0.000000 1.000000 0.000000
0.998807 0.048832 0.000000 9.069849 -0.048832 0.998807 0.000000 -0.321683 0.000000 0.000000 1.000000 0.000000
0.998626 0.052398 0.000000 9.568547 -0.052398 0.998626 0.000000 -0.410865 0.000000 0.000000 1.000000 0.000000
0.998298 0.058322 0.000000 10.281839 -0.058322 0.998298 0.000000 -0.533109 0.000000 0.000000 1.000000 0.000000
0.998115 0.061376 0.000000 10.782179 -0.061376 0.998115 0.000000 -0.382240 0.000000 0.000000 1.000000 0.000000
0.997751 0.067032 0.000000 11.371798 -0.067032 0.997751 0.000000 -0.403202 0.000000 0.000000 1.000000 0.000000
0.997093 0.076200 0.000000 12.140234 -0.076200 0.997093 0.000000 -0.470387 0.000000 0.000000 1.000000 0.000000
0.996496 0.083640 0.000000 12.660228 -0.083640 0.996496 0.000000 -0.563479 0.000000 0.000000 1.000000 0.000000
0.995927 0.090167 0.000000 13.210258 -0.090167 0.995927 0.000000 -0.700369 0.000000 0.000000 1.000000 0.000000
0.995560 0.094131 0.000000 13.669024 -0.094131 0.995560 0.000000 -0.728293 0.000000 0.000000 1.000000 0.000000
0.993978 0.109577 0.000000 14.840156 -0.109577 0.993978 0.000000 -0.803254 0.000000 0.000000 1.000000 0.000000
0.993172 0.116659 0.000000 15.370458 -0.116659 0.993172 0.000000 -0.914049 0.000000 0.000000 1.000000 0.000000
0.992028 0.126017 0.000000 15.939548 -0.126017 0.992028 0.000000 -1.095462 0.000000 0.000000 1.000000 0.000000
0.990912 0.134510 0.000000 16.467637 -0.134510 0.990912 0.000000 -1.244641 0.000000 0.000000 1.000000 0.000000
0.989960 0.141348 0.000000 17.045081 -0.141348 0.989960 0.000000 -1.289125 0.000000 0.000000 1.000000 0.000000
0.988995 0.147949 0.000000 17.501658 -0.147949 0.988995 0.000000 -1.347277 0.000000 0.000000 1.000000 0.000000
0.988247 0.152868 0.000000 18.034016 -0.152868 0.988247 0.000000 -1.457030 0.000000 0.000000 1.000000 0.000000
0.987318 0.158755 0.000000 18.527368 -0.158755 0.987318 0.000000 -1.593494 0.000000 0.000000 1.000000 0.000000
0.985822 0.167796 0.000000 19.282334 -0.167796 0.985822 0.000000 -1.818966 0.000000 0.000000 1.000000 0.000000
0.984493 0.175423 0.000000 19.886333 -0.175423 0.984493 0.000000 -1.938730 0.000000 0.000000 1.000000 0.000000
0.983150 0.182802 0.000000 20.454633 -0.182802 0.983150 0.000000 -2.061626 0.000000 0.000000 1.000000 0.000000
0.982224 0.187712 0.000000 20.977743 -0.187712 0.982224 0.000000 -2.143114 0.000000 0.000000 1.000000 0.000000
0.980776 0.195137 0.000000 21.601733 -0.195137 0.980776 0.000000 -2.276340 0.000000 0.000000 1.000000 0.000000
0.979361 0.202118 0.000000 22.118659 -0.202118 0.979361 0.000000 -2.364340 0.000000 0.000000 1.000000 0.000000
0.977546 0.210723 0.000000 22.651688 -0.210723 0.977546 0.000000 -2.515792 0.000000 0.000000 1.000000 0.000000
0.976038 0.217600 0.000000 23.178254 -0.217600 0.976038 0.000000 -2.588090 0.000000 0.000000 1.000000 0.000000
0.974464 0.224543 0.000000 23.667914 -0.224543 0.974464 0.000000 -2.765181 0.000000 0.000000 1.000000 0.000000
0.972208 0.234120 0.000000 24.244326 -0.234120 0.972208 0.000000 -2.973622 0.000000 0.000000 1.000000 0.000000
0.969643 0.244527 0.000000 24.975743 -0.244527 0.969643 0.000000 -3.147505 0.000000 0.000000 1.000000 0.000000
0.968286 0.249843 0.000000 25.433583 -0.249843 0.968286 0.000000 -3.337465 0.000000 0.000000 1.000000 0.000000
0.966000 0.258543 0.000000 25.994666 -0.258543 0.966000 0.000000 -3.591122 0.000000 0.000000 1.000000 0.000000
0.964003 0.265890 0.000000 26.509031 -0.265890 0.964003 0.000000 -3.702784 0.000000 0.000000 1.000000 0.000000
0.962695 0.270588 0.000000 27.048393 -0.270588 0.962695 0.000000 -3.780237 0.000000 0.000000 1.000000 0.000000
0.960802 0.277235 0.000000 27.522293 -0.277235 0.960802 0.000000 -3.850761 0.000000 0.000000 1.000000 0.000000
0.957419 0.288701 0.000000 28.100112 -0.288701 0.957419 0.000000 -4.088746 0.000000 0.000000 1.000000 0.000000
0.956183 0.292771 0.000000 28.528983 -0.292771 0.956183 0.000000 -4.292508 0.000000 0.000000 1.000000 0.000000
0.954327 0.298763 0.000000 29.079660 -0.298763 0.954327 0.000000 -4.480363 0.000000 0.000000 1.000000 0.000000
0.950873 0.309582 0.000000 30.008015 -0.309582 0.950873 0.000000 -4.764952 0.000000 0.000000 1.000000 0.000000
0.949015 0.315232 0.000000 30.647722 -0.315232 0.949015 0.000000 -4.944659 0.000000 0.000000 1.000000 0.000000
0.947098 0.320943 0.000000 31.173408 -0.320943 0.947098 0.000000 -5.085887 0.000000 0.000000 1.000000 0.000000
0.944668 0.328028 0.000000 31.874967 -0.328028 0.944668 0.000000 -5.355495 0.000000 0.000000 1.000000 0.000000
0.942466 0.334302 0.000000 32.408618 -0.334302 0.942466 0.000000 -5.504067 0.000000 0.000000 1.000000 0.000000
0.940758 0.339078 0.000000 32.802082 -0.339078 0.940758 0.000000 -5.629424 0.000000 0.000000 1.000000 0.000000
0.938213 0.346058 0.000000 33.262110 -0.346058 0.938213 0.000000 -5.762454 0.000000 0.000000 1.000000 0.000000
0.936615 0.350361 0.000000 33.746426 -0.350361 0.936615 0.000000 -6.028820 0.000000 0.000000 1.000000 0.000000
0.934037 0.357176 0.000000 34.419136 -0.357176 0.934037 0.000000 -6.268687 0.000000 0.000000 1.000000 0.000000
0.931434 0.363910 0.000000 34.924828 -0.363910 0.931434 0.000000 -6.434981 0.000000 0.000000 1.000000 0.000000
0.929572 0.368640 0.000000 35.446861 -0.368640 0.929572 0.000000 -6.627236 0.000000 0.000000 1.000000 0.000000
0.928008 0.372561 0.000000 35.918839 -0.372561 0.928008 0.000000 -6.688282 0.000000 0.000000 1.000000 0.000000
0.924278 0.381719 0.000000 36.509051 -0.381719 0.924278 0.000000 -6.993024 0.000000 0.000000 1.000000 0.000000
0.922389 0.386263 0.000000 36.961303 -0.386263 0.922389 0.000000 -7.111344 0.000000 0.000000 1.000000 0.000000
0.918700 0.394956 0.000000 37.394332 -0.394956 0.918700 0.000000 -7.336322 0.000000 0.000000 1.000000 0.000000
0.916575 0.399862 0.000000 37.864548 -0.399862 0.916575 0.000000 -7.605594 0.000000 0.000000 1.000000 0.000000
0.914037 0.405631 0.000000 38.339953 -0.405631 0.914037 0.000000 -7.829535 0.000000 0.000000 1.000000 0.000000
0.911461 0.411386 0.000000 38.830455 -0.411386 0.911461 0.000000 -8.003548 0.000000 0.000000 1.000000 0.000000
0.908832 0.417163 0.000000 39.298235 -0.417163 0.908832 0.000000 -8.178942 0.000000 0.000000 1.000000 0.000000
0.905334 0.424700 0.000000 39.790990 -0.424700 0.905334 0.000000 -8.396630 0.000000 0.000000 1.000000 0.000000
0.902768 0.430128 0.000000 40.243887 -0.430128 0.902768 0.000000 -8.649684 0.000000 0.000000 1.000000 0.000000
0.901200 0.433403 0.000000 40.683658 -0.433403 0.901200 0.000000 -8.801574 0.000000 0.000000 1.000000 0.000000
0.899127 0.437688 0.000000 41.156521 -0.437688 0.899127 0.000000 -8.960851 0.000000 0.000000 1.000000 0.000000
0.896744 0.442551 0.000000 41.676704 -0.442551 0.896744 0.000000 -9.177299 0.000000 0.000000 1.000000 0.000000
0.891838 0.452354 0.000000 42.245066 -0.452354 0.891838 0.000000 -9.539750 0.000000 0.000000 1.000000 0.000000
0.889407 0.457117 0.000000 42.749984 -0.457117 0.889407 0.000000 -9.731277 0.000000 0.000000 1.000000 0.000000
0.884430 0.466673 0.000000 43.594500 -0.466673 0.884430 0.000000 -10.251353 0.000000 0.000000 1.000000 0.000000
0.882249 0.470783 0.000000 43.990447 -0.470783 0.882249 0.000000 -10.413943 0.000000 0.000000 1.000000 0.000000
0.880594 0.473872 0.000000 44.381644 -0.473872 0.880594 0.000000 -10.576910 0.000000 0.000000 1.000000 0.000000
0.878408 0.477912 0.000000 44.948252 -0.477912 0.878408 0.000000 -10.799611 0.000000 0.000000 1.000000 0.000000
0.876331 0.481710 0.000000 45.365673 -0.481710 0.876331 0.000000 -10.903649 0.000000 0.000000 1.000000 0.000000
0.870402 0.492341 0.000000 45.818017 -0.492341 0.870402 0.000000 -11.314487 0.000000 0.000000 1.000000 0.000000
0.867692 0.497103 0.000000 46.185356 -0.497103 0.867692 0.000000 -11.509709 0.000000 0.000000 1.000000 0.000000
0.863987 0.503513 0.000000 46.531999 -0.503513 0.863987 0.000000 -11.822516 0.000000 0.000000 1.000000 0.000000
0.862090 0.506756 0.000000 46.962317 -0.506756 0.862090 0.000000 -12.162903 0.000000 0.000000 1.000000 0.000000
0.860023 0.510256 0.000000 47.311114 -0.510256 0.860023 0.000000 -12.337434 0.000000 0.000000 1.000000 0.000000
0.856798 0.515652 0.000000 47.678680 -0.515652 0.856798 0.000000 -12.582426 0.000000 0.000000 1.000000 0.000000
0.854216 0.519918 0.000000 47.998181 -0.519918 0.854216 0.000000 -12.688911 0.000000 0.000000 1.000000 0.000000
0.853569 0.520980 0.000000 48.245076 -0.520980 0.853569 0.000000 -12.837970 0.000000 0.000000 1.000000 0.000000
0.851429 0.524469 0.000000 48.713416 -0.524469 0.851429 0.000000 -13.224426 0.000000 0.000000 1.000000 0.000000
0.849865 0.527000 0.000000 49.052917 -0.527000 0.849865 0.000000 -13.426365 0.000000 0.000000 1.000000 0.000000
0.847930 0.530108 0.000000 49.525874 -0.530108 0.847930 0.000000 -13.666595 0.000000 0.000000 1.000000 0.000000
0.846571 0.532276 0.000000 49.934703 -0.532276 0.846571 0.000000 -13.908428 0.000000 0.000000 1.000000 0.000000
0.844711 0.535222 0.000000 50.412639 -0.535222 0.844711 0.000000 -14.020330 0.000000 0.000000 1.000000 0.000000
0.840897 0.541195 0.000000 50.856519 -0.541195 0.840897 0.000000 -14.407124 0.000000 0.000000 1.000000 0.000000
0.838617 0.544721 0.000000 51.313291 -0.544721 0.838617 0.000000 -14.633699 0.000000 0.000000 1.000000 0.000000
0.835607 0.549328 0.000000 51.538458 -0.549328 0.835607 0.000000 -14.877977 0.000000 0.000000 1.000000 0.000000
0.834837 0.550498 0.000000 51.904189 -0.550498 0.834837 0.000000 -15.330497 0.000000 0.000000 1.000000 0.000000
0.830078 0.557647 0.000000 52.331018 -0.557647 0.830078 0.000000 -15.539965 0.000000 0.000000 1.000000 0.000000
0.829077 0.559135 0.000000 52.803031 -0.559135 0.829077 0.000000 -15.961053 0.000000 0.000000 1.000000 0.000000
0.825231 0.564796 0.000000 53.095931 -0.564796 0.825231 0.000000 -16.213500 0.000000 0.000000 1.000000 0.000000
0.821214 0.570621 0.000000 53.497177 -0.570621 0.821214 0.000000 -16.507696 0.000000 0.000000 1.000000 0.000000
0.819207 0.573498 0.000000 53.720178 -0.573498 0.819207 0.000000 -16.709994 0.000000 0.000000 1.000000 0.000000
0.815826 0.578298 0.000000 54.171512 -0.578298 0.815826 0.000000 -17.003980 0.000000 0.000000 1.000000 0.000000
0.812587 0.582839 0.000000 54.508443 -0.582839 0.812587 0.000000 -17.250200 0.000000 0.000000 1.000000 0.000000
0.810047 0.586365 0.000000 54.712536 -0.586365 0.810047 0.000000 -17.608281 0.000000 0.000000 1.000000 0.000000
0.805451 0.592662 0.000000 55.009434 -0.592662 0.805451 0.000000 -17.652811 0.000000 0.000000 1.000000 0.000000
0.803138 0.595793 0.000000 55.289570 -0.595793 0.803138 0.000000 -17.802005 0.000000 0.000000 1.000000 0.000000
0.800019 0.599974 0.000000 55.595601 -0.599974 0.800019 0.000000 -18.076294 0.000000 0.000000 1.000000 0.000000
0.799177 0.601096 0.000000 55.735925 -0.601096 0.799177 0.000000 -18.212923 0.000000 0.000000 1.000000 0.000000
0.796119 0.605141 0.000000 56.211474 -0.605141 0.796119 0.000000 -18.569504 0.000000 0.000000 1.000000 0.000000
0.793372 0.608737 0.000000 56.574309 -0.608737 0.793372 0.000000 -18.901782 0.000000 0.000000 1.000000 0.000000
0.795018 0.606586 0.000000 56.660655 -0.606586 0.795018 0.000000 -19.010950 0.000000 0.000000 1.000000 0.000000
0.790620 0.612307 0.000000 56.943663 -0.612307 0.790620 0.000000 -19.266794 0.000000 0.000000 1.000000 0.000000
0.788769 0.614690 0.000000 57.214077 -0.614690 0.788769 0.000000 -19.429441 0.000000 0.000000 1.000000 0.000000
0.787110 0.616812 0.000000 57.445955 -0.616812 0.787110 0.000000 -19.655491 0.000000 0.000000 1.000000 0.000000
0.786373 0.617752 0.000000 57.685444 -0.617752 0.786373 0.000000 -19.782476 0.000000 0.000000 1.000000 0.000000
0.783201 0.621768 0.000000 57.914871 -0.621768 0.783201 0.000000 -19.892896 0.000000 0.000000 1.000000 0.000000
0.780444 0.625226 0.000000 58.180946 -0.625226 0.780444 0.000000 -20.005243 0.000000 0.000000 1.000000 0.000000
0.780453 0.625215 0.000000 58.177113 -0.625215 0.780453 0.000000 -20.185684 0.000000 0.000000 1.000000 0.000000
0.778148 0.628081 0.000000 58.152872 -0.628081 0.778148 0.000000 -20.450631 0.000000 0.000000 1.000000 0.000000
0.777123 0.629349 0.000000 58.440285 -0.629349 0.777123 0.000000 -20.601124 0.000000 0.000000 1.000000 0.000000
0.771004 0.636830 0.000000 58.681558 -0.636830 0.771004 0.000000 -20.939991 0.000000 0.000000 1.000000 0.000000
0.769923 0.638137 0.000000 58.967831 -0.638137 0.769923 0.000000 -21.175147 0.000000 0.000000 1.000000 0.000000
0.768654 0.639665 0.000000 59.212530 -0.639665 0.768654 0.000000 -21.375655 0.000000 0.000000 1.000000 0.000000
0.764074 0.645128 0.000000 59.320176 -0.645128 0.764074 0.000000 -21.589683 0.000000 0.000000 1.000000 0.000000
0.762495 0.646994 0.000000 59.476321 -0.646994 0.762495 0.000000 -21.766067 0.000000 0.000000 1.000000 0.000000
0.759653 0.650329 0.000000 59.595119 -0.650329 0.759653 0.000000 -22.002093 0.000000 0.000000 1.000000 0.000000
0.759136 0.650932 0.000000 59.803866 -0.650932 0.759136 0.000000 -22.026263 0.000000 0.000000 1.000000 0.000000
0.755303 0.655376 0.000000 60.122675 -0.655376 0.755303 0.000000 -22.258930 0.000000 0.000000 1.000000 0.000000
0.756689 0.653775 0.000000 60.403758 -0.653775 0.756689 0.000000 -22.477630 0.000000 0.000000 1.000000 0.000000
0.755131 0.655574 0.000000 60.541972 -0.655574 0.755131 0.000000 -22.602541 0.000000 0.000000 1.000000 0.000000
0.750419 0.660962 0.000000 60.642637 -0.660962 0.750419 0.000000 -22.777094 0.000000 0.000000 1.000000 0.000000
0.745802 0.666167 0.000000 60.592509 -0.666167 0.745802 0.000000 -22.928220 0.000000 0.000000 1.000000 0.000000
0.743544 0.668687 0.000000 60.712454 -0.668687 0.743544 0.000000 -23.270924 0.000000 0.000000 1.000000 0.000000
0.738827 0.673895 0.000000 60.909198 -0.673895 0.738827 0.000000 -23.383543 0.000000 0.000000 1.000000 0.000000
0.737938 0.674868 0.000000 61.052585 -0.674868 0.737938 0.000000 -23.584947 0.000000 0.000000 1.000000 0.000000
0.735674 0.677336 0.000000 61.332217 -0.677336 0.735674 0.000000 -23.634174 0.000000 0.000000 1.000000 0.000000
0.734208 0.678925 0.000000 61.454548 -0.678925 0.734208 0.000000 -23.824172 0.000000 0.000000 1.000000 0.000000
0.733308 0.679897 0.000000 61.435188 -0.679897 0.733308 0.000000 -24.040985 0.000000 0.000000 1.000000 0.000000
0.732280 0.681004 0.000000 61.526938 -0.681004 0.732280 0.000000 -24.143813 0.000000 0.000000 1.000000 0.000000
0.728615 0.684924 0.000000 61.745288 -0.684924 0.728615 0.000000 -24.387007 0.000000 0.000000 1.000000 0.000000
0.726190 0.687494 0.000000 61.933412 -0.687494 0.726190 0.000000 -24.507344 0.000000 0.000000 1.000000 0.000000
0.724200 0.689589 0.000000 61.956787 -0.689589 0.724200 0.000000 -24.646230 0.000000 0.000000 1.000000 0.000000
0.724256 0.689531 0.000000 62.170412 -0.689531 0.724256 0.000000 -24.816935 0.000000 0.000000 1.000000 0.000000
0.721874 0.692025 0.000000 62.371253 -0.692025 0.721874 0.000000 -24.914559 0.000000 0.000000 1.000000 0.000000
0.721118 0.692813 0.000000 62.571582 -0.692813 0.721118 0.000000 -25.076336 0.000000 0.000000 1.000000 0.000000
0.716745 0.697335 0.000000 62.794501 -0.697335 0.716745 0.000000 -25.225343 0.000000 0.000000 1.000000 0.000000
0.714899 0.699228 0.000000 62.910167 -0.699228 0.714899 0.000000 -25.333197 0.000000 0.000000 1.000000 0.000000
0.710713 0.703482 0.000000 63.022776 -0.703482 0.710713 0.000000 -25.464923 0.000000 0.000000 1.000000 0.000000
0.708549 0.705662 0.000000 63.292983 -0.705662 0.708549 0.000000 -25.590649 0.000000 0.000000 1.000000 0.000000
0.704226 0.709976 0.000000 63.523483 -0.709976 0.704226 0.000000 -25.741753 0.000000 0.000000 1.000000 0.000000
0.702403 0.711780 0.000000 63.619027 -0.711780 0.702403 0.000000 -25.776730 0.000000 0.000000 1.000000 0.000000
0.700686 0.713470 0.000000 63.727756 -0.713470 0.700686 0.000000 -26.024414 0.000000 0.000000 1.000000 0.000000
0.699159 0.714967 0.000000 63.756216 -0.714967 0.699159 0.000000 -26.124658 0.000000 0.000000 1.000000 0.000000
0.695492 0.718534 0.000000 63.915263 -0.718534 0.695492 0.000000 -26.327318 0.000000 0.000000 1.000000 0.000000
0.691035 0.722821 0.000000 64.054759 -0.722821 0.691035 0.000000 -26.660234 0.000000 0.000000 1.000000 0.000000
0.689130 0.724638 0.000000 64.095904 -0.724638 0.689130 0.000000 -26.813549 0.000000 0.000000 1.000000 0.000000
0.681293 0.732011 0.000000 64.224163 -0.732011 0.681293 0.000000 -27.053735 0.000000 0.000000 1.000000 0.000000
0.678028 0.735036 0.000000 64.452384 -0.735036 0.678028 0.000000 -27.245264 0.000000 0.000000 1.000000 0.000000
0.675187 0.737646 0.000000 64.681022 -0.737646 0.675187 0.000000 -27.425780 0.000000 0.000000 1.000000 0.000000
0.670594 0.741824 0.000000 64.925797 -0.741824 0.670594 0.000000 -27.641527 0.000000 0.000000 1.000000 0.000000
0.668724 0.743511 0.000000 65.052893 -0.743511 0.668724 0.000000 -27.823060 0.000000 0.000000 1.000000 0.000000
0.665567 0.746338 0.000000 65.322730 -0.746338 0.665567 0.000000 -28.077991 0.000000 0.000000 1.000000 0.000000
0.661638 0.749823 0.000000 65.361737 -0.749823 0.661638 0.000000 -28.261009 0.000000 0.000000 1.000000 0.000000
0.657855 0.753145 0.000000 65.612830 -0.753145 0.657855 0.000000 -28.456277 0.000000 0.000000 1.000000 0.000000
0.653670 0.756780 0.000000 65.659074 -0.756780 0.653670 0.000000 -28.737987 0.000000 0.000000 1.000000 0.000000
0.646910 0.762566 0.000000 65.849329 -0.762566 0.646910 0.000000 -29.090617 0.000000 0.000000 1.000000 0.000000
0.644971 0.764207 0.000000 65.940880 -0.764207 0.644971 0.000000 -29.295624 0.000000 0.000000 1.000000 0.000000
0.644137 0.764910 0.000000 66.138794 -0.764910 0.644137 0.000000 -29.545689 0.000000 0.000000 1.000000 0.000000
0.636993 0.770870 0.000000 66.188684 -0.770870 0.636993 0.000000 -29.826093 0.000000 0.000000 1.000000 0.000000
0.632811 0.774306 0.000000 66.572350 -0.774306 0.632811 0.000000 -30.310573 0.000000 0.000000 1.000000 0.000000
0.633445 0.773788 0.000000 66.776390 -0.773788 0.633445 0.000000 -30.535471 0.000000 0.000000 1.000000 0.000000
0.629161 0.777275 0.000000 66.929466 -0.777275 0.629161 0.000000 -30.787097 0.000000 0.000000 1.000000 0.000000
0.625344 0.780349 0.000000 67.128034 -0.780349 0.625344 0.000000 -31.075350 0.000000 0.000000 1.000000 0.000000
0.624361 0.781136 0.000000 67.204793 -0.781136 0.624361 0.000000 -31.387484 0.000000 0.000000 1.000000 0.000000
0.619859 0.784713 0.000000 67.442104 -0.784713 0.619859 0.000000 -31.667140 0.000000 0.000000 1.000000 0.000000
0.616967 0.786989 0.000000 67.635545 -0.786989 0.616967 0.000000 -31.907237 0.000000 0.000000 1.000000 0.000000
0.608292 0.793713 0.000000 67.767356 -0.793713 0.608292 0.000000 -32.296067 0.000000 0.000000 1.000000 0.000000
0.607638 0.794214 0.000000 67.954958 -0.794214 0.607638 0.000000 -32.481327 0.000000 0.000000 1.000000 0.000000
0.604353 0.796717 0.000000 68.089113 -0.796717 0.604353 0.000000 -32.791000 0.000000 0.000000 1.000000 0.000000
0.602571 0.798065 0.000000 68.300028 -0.798065 0.602571 0.000000 -32.948975 0.000000 0.000000 1.000000 0.000000
0.600610 0.799542 0.000000 68.268585 -0.799542 0.600610 0.000000 -33.162900 0.000000 0.000000 1.000000 0.000000
0.601387 0.798958 0.000000 68.381516 -0.798958 0.601387 0.000000 -33.250597 0.000000 0.000000 1.000000 0.000000
0.597321 0.802002 0.000000 68.578072 -0.802002 0.597321 0.000000 -33.462783 0.000000 0.000000 1.000000 0.000000
0.595473 0.803375 0.000000 68.748896 -0.803375 0.595473 0.000000 -33.671138 0.000000 0.000000 1.000000 0.000000
0.595350 0.803467 0.000000 68.912282 -0.803467 0.595350 0.000000 -33.909263 0.000000 0.000000 1.000000 0.000000
0.595109 0.803645 0.000000 69.004312 -0.803645 0.595109 0.000000 -34.169961 0.000000 0.000000 1.000000 0.000000
0.592130 0.805843 0.000000 69.022898 -0.805843 0.592130 0.000000 -34.460255 0.000000 0.000000 1.000000 0.000000
0.589751 0.807585 0.000000 69.233954 -0.807585 0.589751 0.000000 -34.667174 0.000000 0.000000 1.000000 0.000000
0.585008 0.811028 0.000000 69.309199 -0.811028 0.585008 0.000000 -34.907378 0.000000 0.000000 1.000000 0.000000
0.583681 0.811983 0.000000 69.675215 -0.811983 0.583681 0.000000 -35.127965 0.000000 0.000000 1.000000 0.000000
0.585029 0.811013 0.000000 69.942035 -0.811013 0.585029 0.000000 -35.383003 0.000000 0.000000 1.000000 0.000000
0.587061 0.809543 0.000000 70.106854 -0.809543 0.587061 0.000000 -35.532758 0.000000 0.000000 1.000000 0.000000
0.585074 0.810980 0.000000 70.198683 -0.810980 0.585074 0.000000 -35.734371 0.000000 0.000000 1.000000 0.000000
0.587995 0.808864 0.000000 70.496291 -0.808864 0.587995 0.000000 -35.911503 0.000000 0.000000 1.000000 0.000000
0.590549 0.807001 0.000000 70.708235 -0.807001 0.590549 0.000000 -36.495217 0.000000 0.000000 1.000000 0.000000
0.593107 0.805124 0.000000 70.978745 -0.805124 0.593107 0.000000 -36.590659 0.000000 0.000000 1.000000 0.000000
0.594951 0.803762 0.000000 71.199682 -0.803762 0.594951 0.000000 -36.684049 0.000000 0.000000 1.000000 0.000000
0.596308 0.802756 0.000000 71.315157 -0.802756 0.596308 0.000000 -36.743879 0.000000 0.000000 1.000000 0.000000
0.598191 0.801354 0.000000 71.497140 -0.801354 0.598191 0.000000 -36.934658 0.000000 0.000000 1.000000 0.000000
0.600507 0.799620 0.000000 71.748819 -0.799620 0.600507 0.000000 -37.094194 0.000000 0.000000 1.000000 0.000000
0.600677 0.799492 0.000000 72.046084 -0.799492 0.600677 0.000000 -37.289280 0.000000 0.000000 1.000000 0.000000
0.602606 0.798039 0.000000 72.259098 -0.798039 0.602606 0.000000 -37.641052 0.000000 0.000000 1.000000 0.000000
0.604357 0.796713 0.000000 72.387947 -0.796713 0.604357 0.000000 -37.797359 0.000000 0.000000 1.000000 0.000000
0.604977 0.796243 0.000000 72.450777 -0.796243 0.604977 0.000000 -38.100159 0.000000 0.000000 1.000000 0.000000
0.605655 0.795728 0.000000 72.657220 -0.795728 0.605655 0.000000 -38.237852 0.000000 0.000000 1.000000 0.000000
0.607731 0.794143 0.000000 72.799129 -0.794143 0.607731 0.000000 -38.380115 0.000000 0.000000 1.000000 0.000000
0.608063 0.793889 0.000000 72.916652 -0.793889 0.608063 0.000000 -38.525151 0.000000 0.000000 1.000000 0.000000
0.614029 0.789284 0.000000 73.206034 -0.789284 0.614029 0.000000 -38.792648 0.000000 0.000000 1.000000 0.000000
0.615782 0.787917 0.000000 73.362019 -0.787917 0.615782 0.000000 -38.986218 0.000000 0.000000 1.000000 0.000000
0.616586 0.787288 0.000000 73.496393 -0.787288 0.616586 0.000000 -39.266454 0.000000 0.000000 1.000000 0.000000
0.623353 0.781940 0.000000 73.649977 -0.781940 0.623353 0.000000 -39.606710 0.000000 0.000000 1.000000 0.000000
0.635263 0.772296 0.000000 73.909572 -0.772296 0.635263 0.000000 -40.031933 0.000000 0.000000 1.000000 0.000000
0.641083 0.767472 0.000000 73.995319 -0.767472 0.641083 0.000000 -40.256653 0.000000 0.000000 1.000000 0.000000
0.641764 0.766902 0.000000 74.068452 -0.766902 0.641764 0.000000 -40.310502 0.000000 0.000000 1.000000 0.000000
0.649926 0.759998 0.000000 74.337383 -0.759998 0.649926 0.000000 -40.564499 0.000000 0.000000 1.000000 0.000000
0.653581 0.756857 0.000000 74.424799 -0.756857 0.653581 0.000000 -40.593244 0.000000 0.000000 1.000000 0.000000
0.656175 0.754609 0.000000 74.477848 -0.754609 0.656175 0.000000 -40.725096 0.000000 0.000000 1.000000 0.000000
0.660384 0.750928 0.000000 74.643089 -0.750928 0.660384 0.000000 -40.788064 0.000000 0.000000 1.000000 0.000000
0.664316 0.747452 0.000000 74.689711 -0.747452 0.664316 0.000000 -41.032119 0.000000 0.000000 1.000000 0.000000
0.669825 0.742519 0.000000 74.825633 -0.742519 0.669825 0.000000 -41.173149 0.000000 0.000000 1.000000 0.000000
0.674170 0.738576 0.000000 75.010399 -0.738576 0.674170 0.000000 -41.194340 0.000000 0.000000 1.000000 0.000000
0.677622 0.735411 0.000000 75.042906 -0.735411 0.677622 0.000000 -41.376235 0.000000 0.000000 1.000000 0.000000
0.679335 0.733829 0.000000 75.128721 -0.733829 0.679335 0.000000 -41.466006 0.000000 0.000000 1.000000 0.000000
0.684572 0.728945 0.000000 75.274843 -0.728945 0.684572 0.000000 -41.467209 0.000000 0.000000 1.000000 0.000000
0.687454 0.726228 0.000000 75.260179 -0.726228 0.687454 0.000000 -41.430488 0.000000 0.000000 1.000000 0.000000
0.692580 0.721341 0.000000 75.417263 -0.721341 0.692580 0.000000 -41.513971 0.000000 0.000000 1.000000 0.000000
0.694787 0.719215 0.000000 75.522944 -0.719215 0.694787 0.000000 -41.460185 0.000000 0.000000 1.000000 0.000000
0.698877 0.715242 0.000000 75.622797 -0.715242 0.698877 0.000000 -41.543304 0.000000 0.000000 1.000000 0.000000
0.697384 0.716697 0.000000 75.574166 -0.716697 0.697384 0.000000 -41.656485 0.000000 0.000000 1.000000 0.000000
0.700437 0.713714 0.000000 75.585941 -0.713714 0.700437 0.000000 -41.637876 0.000000 0.000000 1.000000 0.000000
0.703293 0.710900 0.000000 75.596625 -0.710900 0.703293 0.000000 -41.677155 0.000000 0.000000 1.000000 0.000000
0.703692 0.710505 0.000000 75.624916 -0.710505 0.703692 0.000000 -41.766161 0.000000 0.000000 1.000000 0.000000
0.705117 0.709091 0.000000 75.703343 -0.709091 0.705117 0.000000 -41.887346 0.000000 0.000000 1.000000 0.000000
0.705739 0.708472 0.000000 75.713547 -0.708472 0.705739 0.000000 -42.003340 0.000000 0.000000 1.000000 0.000000
0.707145 0.707069 0.000000 75.784427 -0.707069 0.707145 0.000000 -42.027029 0.000000 0.000000 1.000000 0.000000
0.707376 0.706838 0.000000 75.805435 -0.706838 0.707376 0.000000 -42.068135 0.000000 0.000000 1.000000 0.000000
0.707995 0.706217 0.000000 75.910325 -0.706217 0.707995 0.000000 -42.063509 0.000000 0.000000 1.000000 0.000000
0.708156 0.706056 0.000000 75.865551 -0.706056 0.708156 0.000000 -42.077593 0.000000 0.000000 1.000000 0.000000
0.709189 0.705018 0.000000 75.889027 -0.705018 0.709189 0.000000 -42.078760 0.000000 0.000000 1.000000 0.000000
0.709040 0.705168 0.000000 75.867314 -0.705168 0.709040 0.000000 -42.100243 0.000000 0.000000 1.000000 0.000000
0.709929 0.704273 0.000000 75.908887 -0.704273 0.709929 0.000000 -42.060255 0.000000 0.000000 1.000000 0.000000
0.709950 0.704253 0.000000 75.911835 -0.704253 0.709950 0.000000 -42.020760 0.000000 0.000000 1.000000 0.000000
0.709943 0.704260 0.000000 75.912862 -0.704260 0.709943 0.000000 -42.002070 0.000000 0.000000 1.000000 0.000000
0.710317 0.703882 0.000000 75.966941 -0.703882 0.710317 0.000000 -42.040548 0.000000 0.000000 1.000000 0.000000
0.709599 0.704606 0.000000 75.984121 -0.704606 0.709599 0.000000 -41.938970 0.000000 0.000000 1.000000 0.000000
0.709412 0.704794 0.000000 75.965596 -0.704794 0.709412 0.000000 -41.933547 0.000000 0.000000 1.000000 0.000000
0.709452 0.704754 0.000000 76.041484 -0.704754 0.709452 0.000000 -41.977609 0.000000 0.000000 1.000000 0.000000
0.708910 0.705299 0.000000 76.023155 -0.705299 0.708910 0.000000 -41.939415 0.000000 0.000000 1.000000 0.000000
0.709192 0.705015 0.000000 76.014719 -0.705015 0.709192 0.000000 -41.968139 0.000000 0.000000 1.000000 0.000000
0.709175 0.705033 0.000000 76.029796 -0.705033 0.709175 0.000000 -42.025877 0.000000 0.000000 1.000000 0.000000
0.708895 0.705314 0.000000 75.982001 -0.705314 0.708895 0.000000 -41.983651 0.000000 0.000000 1.000000 0.000000
0.709010 0.705198 0.000000 75.982762 -0.705198 0.709010 0.000000 -41.982538 0.000000 0.000000 1.000000 0.000000
0.709250 0.704957 0.000000 75.951420 -0.704957 0.709250 0.000000 -42.008347 0.000000 0.000000 1.000000 0.000000
0.708622 0.705588 0.000000 75.958446 -0.705588 0.708622 0.000000 -41.956950 0.000000 0.000000 1.000000 0.000000
0.709237 0.704970 0.000000 75.938308 -0.704970 0.709237 0.000000 -41.985673 0.000000 0.000000 1.000000 0.000000
0.709783 0.704421 0.000000 75.940385 -0.704421 0.709783 0.000000 -42.063898 0.000000 0.000000 1.000000 0.000000
0.709312 0.704895 0.000000 75.939354 -0.704895 0.709312 0.000000 -42.073323 0.000000 0.000000 1.000000 0.000000
0.709437 0.704769 0.000000 75.929559 -0.704769 0.709437 0.000000 -42.095839 0.000000 0.000000 1.000000 0.000000
0.709834 0.704369 0.000000 75.951141 -0.704369 0.709834 0.000000 -42.112738 0.000000 0.000000 1.000000 0.000000
0.710340 0.703859 0.000000 75.930551 -0.703859 0.710340 0.000000 -42.111232 0.000000 0.000000 1.000000 0.000000
0.709803 0.704400 0.000000 75.909175 -0.704400 0.709803 0.000000 -42.152021 0.000000 0.000000 1.000000 0.000000
0.710033 0.704169 0.000000 75.930055 -0.704169 0.710033 0.000000 -42.160806 0.000000 0.000000 1.000000 0.000000
0.709742 0.704462 0.000000 75.941697 -0.704462 0.709742 0.000000 -42.176623 0.000000 0.000000 1.000000 0.000000
0.709616 0.704589 0.000000 75.953162 -0.704589 0.709616 0.000000 -42.208989 0.000000 0.000000 1.000000 0.000000
0.709510 0.704695 0.000000 75.948719 -0.704695 0.709510 0.000000 -42.216527 0.000000 0.000000 1.000000 0.000000
0.708761 0.705448 0.000000 75.975229 -0.705448 0.708761 0.000000 -42.205715 0.000000 0.000000 1.000000 0.000000
0.708842 0.705367 0.000000 75.941392 -0.705367 0.708842 0.000000 -42.181472 0.000000 0.000000 1.000000 0.000000
0.708734 0.705476 0.000000 75.995453 -0.705476 0.708734 0.000000 -42.158028 0.000000 0.000000 1.000000 0.000000
0.708760 0.705450 0.000000 76.002845 -0.705450 0.708760 0.000000 -42.175096 0.000000 0.000000 1.000000 0.000000
0.707852 0.706361 0.000000 76.029800 -0.706361 0.707852 0.000000 -42.248966 0.000000 0.000000 1.000000 0.000000
0.707600 0.706613 0.000000 76.011445 -0.706613 0.707600 0.000000 -42.237508 0.000000 0.000000 1.000000 0.000000
0.708196 0.706015 0.000000 76.044152 -0.706015 0.708196 0.000000 -42.235122 0.000000 0.000000 1.000000 0.000000
0.707481 0.706732 0.000000 76.034202 -0.706732 0.707481 0.000000 -42.277617 0.000000 0.000000 1.000000 0.000000
0.707303 0.706910 0.000000 76.022229 -0.706910 0.707303 0.000000 -42.299296 0.000000 0.000000 1.000000 0.000000
0.707827 0.706386 0.000000 76.011664 -0.706386 0.707827 0.000000 -42.307709 0.000000 0.000000 1.000000 0.000000
0.707691 0.706522 0.000000 76.021249 -0.706522 0.707691 0.000000 -42.314706 0.000000 0.000000 1.000000 0.000000
0.707468 0.706745 0.000000 75.980485 -0.706745 0.707468 0.000000 -42.350107 0.000000 0.000000 1.000000 0.000000
0.706797 0.707416 0.000000 76.024151 -0.707416 0.706797 0.000000 -42.376212 0.000000 0.000000 1.000000 0.000000
0.707065 0.707148 0.000000 76.038296 -0.707148 0.707065 0.000000 -42.367923 0.000000 0.000000 1.000000 0.000000
0.707435 0.706779 0.000000 76.026110 -0.706779 0.707435 0.000000 -42.330824 0.000000 0.000000 1.000000 0.000000
0.707738 0.706475 0.000000 76.059715 -0.706475 0.707738 0.000000 -42.342305 0.000000 0.000000 1.000000 0.000000
0.707983 0.706230 0.000000 76.018434 -0.706230 0.707983 0.000000 -42.320830 0.000000 0.000000 1.000000 0.000000
0.707918 0.706295 0.000000 76.000817 -0.706295 0.707918 0.000000 -42.318712 0.000000 0.000000 1.000000 0.000000
0.707436 0.706778 0.000000 75.997749 -0.706778 0.707436 0.000000 -42.400206 0.000000 0.000000 1.000000 0.000000
0.707545 0.706668 0.000000 75.925706 -0.706668 0.707545 0.000000 -42.416252 0.000000 0.000000 1.000000 0.000000
0.706995 0.707218 0.000000 75.987966 -0.707218 0.706995 0.000000 -42.448501 0.000000 0.000000 1.000000 0.000000
0.706873 0.707340 0.000000 76.011483 -0.707340 0.706873 0.000000 -42.492225 0.000000 0.000000 1.000000 0.000000
0.707371 0.706842 0.000000 75.981417 -0.706842 0.707371 0.000000 -42.527490 0.000000 0.000000 1.000000 0.000000
0.707924 0.706289 0.000000 75.941484 -0.706289 0.707924 0.000000 -42.524102 0.000000 0.000000 1.000000 0.000000
0.708206 0.706005 0.000000 76.019603 -0.706005 0.708206 0.000000 -42.439382 0.000000 0.000000 1.000000 0.000000
0.708203 0.706009 0.000000 76.042914 -0.706009 0.708203 0.000000 -42.448312 0.000000 0.000000 1.000000 0.000000
0.707293 0.706921 0.000000 75.997070 -0.706921 0.707293 0.000000 -42.467012 0.000000 0.000000 1.000000 0.000000
0.706856 0.707357 0.000000 76.038763 -0.707357 0.706856 0.000000 -42.461382 0.000000 0.000000 1.000000 0.000000
0.707700 0.706513 0.000000 75.961120 -0.706513 0.707700 0.000000 -42.422833 0.000000 0.000000 1.000000 0.000000
0.707938 0.706275 0.000000 75.904182 -0.706275 0.707938 0.000000 -42.448722 0.000000 0.000000 1.000000 0.000000
0.707973 0.706240 0.000000 75.861712 -0.706240 0.707973 0.000000 -42.428379 0.000000 0.000000 1.000000 0.000000
0.706729 0.707484 0.000000 75.891377 -0.707484 0.706729 0.000000 -42.451492 0.000000 0.000000 1.000000 0.000000
0.706967 0.707246 0.000000 75.879414 -0.707246 0.706967 0.000000 -42.436352 0.000000 0.000000 1.000000 0.000000
0.707266 0.706947 0.000000 75.855447 -0.706947 0.707266 0.000000 -42.429834 0.000000 0.000000 1.000000 0.000000
0.707622 0.706591 0.000000 75.904735 -0.706591 0.707622 0.000000 -42.411925 0.000000 0.000000 1.000000 0.000000
0.706901 0.707313 0.000000 75.932111 -0.707313 0.706901 0.000000 -42.474063 0.000000 0.000000 1.000000 0.000000
0.707382 0.706831 0.000000 75.923923 -0.706831 0.707382 0.000000 -42.460418 0.000000 0.000000 1.000000 0.000000
0.707798 0.706415 0.000000 75.905640 -0.706415 0.707798 0.000000 -42.469612 0.000000 0.000000 1.000000 0.000000
0.707260 0.706954 0.000000 75.899358 -0.706954 0.707260 0.000000 -42.457867 0.000000 0.000000 1.000000 0.000000
0.708297 0.705915 0.000000 75.818723 -0.705915 0.708297 0.000000 -42.454643 0.000000 0.000000 1.000000 0.000000
0.708417 0.705794 0.000000 75.796580 -0.705794 0.708417 0.000000 -42.532207 0.000000 0.000000 1.000000 0.000000
0.709394 0.704812 0.000000 75.820920 -0.704812 0.709394 0.000000 -42.565047 0.000000 0.000000 1.000000 0.000000
0.710069 0.704132 0.000000 75.703935 -0.704132 0.710069 0.000000 -42.562718 0.000000 0.000000 1.000000 0.000000
0.711799 0.702384 0.000000 75.738806 -0.702384 0.711799 0.000000 -42.573494 0.000000 0.000000 1.000000 0.000000
0.712093 0.702085 0.000000 75.711089 -0.702085 0.712093 0.000000 -42.648170 0.000000 0.000000 1.000000 0.000000
0.712950 0.701214 0.000000 75.654184 -0.701214 0.712950 0.000000 -42.671700 0.000000 0.000000 1.000000 0.000000
0.714783 0.699346 0.000000 75.638152 -0.699346 0.714783 0.000000 -42.626547 0.000000 0.000000 1.000000 0.000000
0.716273 0.697820 0.000000 75.652921 -0.697820 0.716273 0.000000 -42.718409 0.000000 0.000000 1.000000 0.000000
0.716720 0.697361 0.000000 75.622206 -0.697361 0.716720 0.000000 -42.741795 0.000000 0.000000 1.000000 0.000000
0.717462 0.696597 0.000000 75.610714 -0.696597 0.717462 0.000000 -42.767773 0.000000 0.000000 1.000000 0.000000
0.718300 0.695734 0.000000 75.591447 -0.695734 0.718300 0.000000 -42.793416 0.000000 0.000000 1.000000 0.000000
0.719743 0.694241 0.000000 75.504418 -0.694241 0.719743 0.000000 -42.832076 0.000000 0.000000 1.000000 0.000000
0.720642 0.693307 0.000000 75.502009 -0.693307 0.720642 0.000000 -42.899738 0.000000 0.000000 1.000000 0.000000
0.721317 0.692605 0.000000 75.489003 -0.692605 0.721317 0.000000 -42.842609 0.000000 0.000000 1.000000 0.000000
0.722342 0.691536 0.000000 75.496167 -0.691536 0.722342 0.000000 -42.943116 0.000000 0.000000 1.000000 0.000000
0.722655 0.691209 0.000000 75.469907 -0.691209 0.722655 0.000000 -42.969988 0.000000 0.000000 1.000000 0.000000
0.723884 0.689922 0.000000 75.440772 -0.689922 0.723884 0.000000 -43.019187 0.000000 0.000000 1.000000 0.000000
0.726238 0.687444 0.000000 75.518921 -0.687444 0.726238 0.000000 -42.990535 0.000000 0.000000 1.000000 0.000000
0.725383 0.688346 0.000000 75.449255 -0.688346 0.725383 0.000000 -43.122287 0.000000 0.000000 1.000000 0.000000
0.726795 0.686855 0.000000 75.552106 -0.686855 0.726795 0.000000 -43.025201 0.000000 0.000000 1.000000 0.000000
0.727234 0.686390 0.000000 75.533655 -0.686390 0.727234 0.000000 -43.071032 0.000000 0.000000 1.000000 0.000000
0.728502 0.685044 0.000000 75.523487 -0.685044 0.728502 0.000000 -43.131495 0.000000 0.000000 1.000000 0.000000
0.729219 0.684280 0.000000 75.516773 -0.684280 0.729219 0.000000 -43.116007 0.000000 0.000000 1.000000 0.000000
0.727431 0.686181 0.000000 75.479003 -0.686181 0.727431 0.000000 -43.251426 0.000000 0.000000 1.000000 0.000000
0.727920 0.685662 0.000000 75.481068 -0.685662 0.727920 0.000000 -43.342800 0.000000 0.000000 1.000000 0.000000
0.729680 0.683789 0.000000 75.514114 -0.683789 0.729680 0.000000 -43.329271 0.000000 0.000000 1.000000 0.000000
0.729587 0.683888 0.000000 75.523549 -0.683888 0.729587 0.000000 -43.427196 0.000000 0.000000 1.000000 0.000000
0.730182 0.683253 0.000000 75.530299 -0.683253 0.730182 0.000000 -43.420792 0.000000 0.000000 1.000000 0.000000
0.730527 0.682884 0.000000 75.581834 -0.682884 0.730527 0.000000 -43.385546 0.000000 0.000000 1.000000 0.000000
0.731378 0.681972 0.000000 75.526123 -0.681972 0.731378 0.000000 -43.451084 0.000000 0.000000 1.000000 0.000000
0.733071 0.680152 0.000000 75.476583 -0.680152 0.733071 0.000000 -43.436149 0.000000 0.000000 1.000000 0.000000
0.733333 0.679870 0.000000 75.468234 -0.679870 0.733333 0.000000 -43.408502 0.000000 0.000000 1.000000 0.000000
0.734481 0.678629 0.000000 75.405523 -0.678629 0.734481 0.000000 -43.391769 0.000000 0.000000 1.000000 0.000000
0.734376 0.678743 0.000000 75.407801 -0.678743 0.734376 0.000000 -43.460788 0.000000 0.000000 1.000000 0.000000
0.735492 0.677533 0.000000 75.384740 -0.677533 0.735492 0.000000 -43.487073 0.000000 0.000000 1.000000 0.000000
0.734672 0.678422 0.000000 75.312507 -0.678422 0.734672 0.000000 -43.482804 0.000000 0.000000 1.000000 0.000000
0.735351 0.677687 0.000000 75.337653 -0.677687 0.735351 0.000000 -43.479629 0.000000 0.000000 1.000000 0.000000
0.735433 0.677598 0.000000 75.352527 -0.677598 0.735433 0.000000 -43.477759 0.000000 0.000000 1.000000 0.000000
0.735723 0.677282 0.000000 75.378837 -0.677282 0.735723 0.000000 -43.468126 0.000000 0.000000 1.000000 0.000000
0.735915 0.677074 0.000000 75.347858 -0.677074 0.735915 0.000000 -43.532901 0.000000 0.000000 1.000000 0.000000
0.736127 0.676844 0.000000 75.363629 -0.676844 0.736127 0.000000 -43.563296 0.000000 0.000000 1.000000 0.000000
0.736363 0.676587 0.000000 75.358874 -0.676587 0.736363 0.000000 -43.540246 0.000000 0.000000 1.000000 0.000000
0.736411 0.676534 0.000000 75.318074 -0.676534 0.736411 0.000000 -43.526197 0.000000 0.000000 1.000000 0.000000
0.736410 0.676535 0.000000 75.290874 -0.676535 0.736410 0.000000 -43.560246 0.000000 0.000000 1.000000 0.000000
0.736113 0.676858 0.000000 75.248919 -0.676858 0.736113 0.000000 -43.583039 0.000000 0.000000 1.000000 0.000000
0.736773 0.676141 0.000000 75.299512 -0.676141 0.736773 0.000000 -43.581853 0.000000 0.000000 1.000000 0.000000
0.736382 0.676566 0.000000 75.236418 -0.676566 0.736382 0.000000 -43.553737 0.000000 0.000000 1.000000 0.000000
0.735991 0.676991 0.000000 75.226444 -0.676991 0.735991 0.000000 -43.506320 0.000000 0.000000 1.000000 0.000000
0.736514 0.676422 0.000000 75.227134 -0.676422 0.736514 0.000000 -43.531997 0.000000 0.000000 1.000000 0.000000
0.736697 0.676223 0.000000 75.239480 -0.676223 0.736697 0.000000 -43.484187 0.000000 0.000000 1.000000 0.000000
0.736716 0.676202 0.000000 75.181355 -0.676202 0.736716 0.000000 -43.514318 0.000000 0.000000 1.000000 0.000000
0.736982 0.675912 0.000000 75.150350 -0.675912 0.736982 0.000000 -43.554048 0.000000 0.000000 1.000000 0.000000
