0.999972 0.007489 0.000000 1.172175 -0.007489 0.999972 0.000000 -0.007353 0.000000 0.000000 1.000000 0.000000
0.999963 0.008655 0.000000 1.725551 -0.008655 0.999963 0.000000 -0.022919 0.000000 0.000000 1.000000 0.000000
0.999901 0.014039 0.000000 2.880286 -0.014039 0.999901 0.000000 -0.076733 0.000000 0.000000 1.000000 0.000000
0.999897 0.014372 0.000000 3.464845 -0.014372 0.999897 0.000000 -0.054652 0.000000 0.000000 1.000000 0.000000
0.999856 0.016976 0.000000 4.016250 -0.016976 0.999856 0.000000 -0.058523 0.000000 0.000000 1.000000 0.000000
0.999815 0.019237 0.000000 4.607958 -0.019237 0.999815 0.000000 -0.081544 0.000000 0.000000 1.000000 0.000000
0.999798 0.020092 0.000000 5.420435 -0.020092 0.999798 0.000000 -0.094780 0.000000 0.000000 1.000000 0.000000
0.999729 0.023293 0.000000 6.003822 -0.023293 0.999729 0.000000 -0.125049 0.000000 0.000000 1.000000 0.000000
0.999706 0.024241 0.000000 6.565929 -0.024241 0.999706 0.000000 -0.128205 0.000000 0.000000 1.000000 0.000000
0.999636 0.026982 0.000000 7.147295 -0.026982 0.999636 0.000000 -0.131502 0.000000 0.000000 1.000000 0.000000
0.999450 0.033147 0.000000 7.691395 -0.033147 0.999450 0.000000 -0.108093 0.000000 0.000000 1.000000 0.000000
0.999228 0.039289 0.000000 8.267233 -0.039289 0.999228 0.000000 -0.118337 0.000000 0.000000 1.000000 0.000000
0.998962 0.045554 0.000000 8.813302 -0.045554 0.998962 0.000000 -0.134969 0.000000 0.000000 1.000000 0.000000
0.998562 0.053600 0.000000 9.532067 -0.053600 0.998562 0.000000 -0.171084 0.000000 0.000000 1.000000 0.000000
0.998285 0.058540 0.000000 10.099953 -0.058540 0.998285 0.000000 -0.209008 0.000000 0.000000 1.000000 0.000000
0.998043 0.062526 0.000000 10.678107 -0.062526 0.998043 0.000000 -0.248641 0.000000 0.000000 1.000000 0.000000
0.997702 0.067757 0.000000 11.251394 -0.067757 0.997702 0.000000 -0.282752 0.000000 0.000000 1.000000 0.000000
0.996731 0.080796 0.000000 12.387814 -0.080796 0.996731 0.000000 -0.362318 0.000000 0.000000 1.000000 0.000000
0.996374 0.085076 0.000000 12.925937 -0.085076 0.996374 0.000000 -0.399807 0.000000 0.000000 1.000000 0.000000
0.995759 0.091997 0.000000 13.500552 -0.091997 0.995759 0.000000 -0.443974 0.000000 0.000000 1.000000 0.000000
0.994987 0.100005 0.000000 14.041122 -0.100005 0.994987 0.000000 -0.495527 0.000000 0.000000 1.000000 0.000000
0.994181 0.107719 0.000000 14.604493 -0.107719 0.994181 0.000000 -0.550432 0.000000 0.000000 1.000000 0.000000
0.993418 0.114549 0.000000 15.133370 -0.114549 0.993418 0.000000 -0.597180 0.000000 0.000000 1.000000 0.000000
0.992885 0.119077 0.000000 15.710607 -0.119077 0.992885 0.000000 -0.663503 0.000000 0.000000 1.000000 0.000000
0.992127 0.125236 0.000000 16.241972 -0.125236 0.992127 0.000000 -0.748561 0.000000 0.000000 1.000000 0.000000
0.990865 0.134857 0.000000 16.993795 -0.134857 0.990865 0.000000 -0.846530 0.000000 0.000000 1.000000 0.000000
0.989376 0.145377 0.000000 17.561741 -0.145377 0.989376 0.000000 -0.929734 0.000000 0.000000 1.000000 0.000000
0.988438 0.151626 0.000000 18.127723 -0.151626 0.988438 0.000000 -1.017487 0.000000 0.000000 1.000000 0.000000
0.987704 0.156337 0.000000 18.675231 -0.156337 0.987704 0.000000 -1.111718 0.000000 0.000000 1.000000 0.000000
0.986943 0.161072 0.000000 19.239905 -0.161072 0.986943 0.000000 -1.193364 0.000000 0.000000 1.000000 0.000000
0.985876 0.167476 0.000000 19.766181 -0.167476 0.985876 0.000000 -1.283681 0.000000 0.000000 1.000000 0.000000
0.984658 0.174493 0.000000 20.285448 -0.174493 0.984658 0.000000 -1.381160 0.000000 0.000000 1.000000 0.000000
0.983451 0.181172 0.000000 20.842662 -0.181172 0.983451 0.000000 -1.493327 0.000000 0.000000 1.000000 0.000000
0.981726 0.190301 0.000000 21.364596 -0.190301 0.981726 0.000000 -1.600882 0.000000 0.000000 1.000000 0.000000
0.979784 0.200058 0.000000 21.915099 -0.200058 0.979784 0.000000 -1.731373 0.000000 0.000000 1.000000 0.000000
0.978138 0.207956 0.000000 22.656341 -0.207956 0.978138 0.000000 -1.880538 0.000000 0.000000 1.000000 0.000000
0.977105 0.212756 0.000000 23.197561 -0.212756 0.977105 0.000000 -2.018055 0.000000 0.000000 1.000000 0.000000
0.975343 0.220695 0.000000 23.787080 -0.220695 0.975343 0.000000 -2.132491 0.000000 0.000000 1.000000 0.000000
0.973591 0.228300 0.000000 24.332522 -0.228300 0.973591 0.000000 -2.249661 0.000000 0.000000 1.000000 0.000000
0.971837 0.235654 0.000000 24.878189 -0.235654 0.971837 0.000000 -2.374605 0.000000 0.000000 1.000000 0.000000
0.970327 0.241797 0.000000 25.377763 -0.241797 0.970327 0.000000 -2.500855 0.000000 0.000000 1.000000 0.000000
0.968781 0.247920 0.000000 25.926783 -0.247920 0.968781 0.000000 -2.622360 0.000000 0.000000 1.000000 0.000000
0.969011 0.247017 0.000000 26.423774 -0.247017 0.969011 0.000000 -2.747241 0.000000 0.000000 1.000000 0.000000
0.967586 0.252541 0.000000 26.954864 -0.252541 0.967586 0.000000 -2.884005 0.000000 0.000000 1.000000 0.000000
0.964596 0.263733 0.000000 27.980621 -0.263733 0.964596 0.000000 -3.164635 0.000000 0.000000 1.000000 0.000000
0.963069 0.269255 0.000000 28.465298 -0.269255 0.963069 0.000000 -3.294363 0.000000 0.000000 1.000000 0.000000
0.961183 0.275912 0.000000 28.990097 -0.275912 0.961183 0.000000 -3.439834 0.000000 0.000000 1.000000 0.000000
0.959193 0.282754 0.000000 29.655968 -0.282754 0.959193 0.000000 -3.626329 0.000000 0.000000 1.000000 0.000000
0.957588 0.288140 0.000000 30.135525 -0.288140 0.957588 0.000000 -3.771649 0.000000 0.000000 1.000000 0.000000
0.956037 0.293245 0.000000 30.615598 -0.293245 0.956037 0.000000 -3.917578 0.000000 0.000000 1.000000 0.000000
0.953697 0.300770 0.000000 31.128957 -0.300770 0.953697 0.000000 -4.072301 0.000000 0.000000 1.000000 0.000000
0.952789 0.303634 0.000000 31.604800 -0.303634 0.952789 0.000000 -4.229083 0.000000 0.000000 1.000000 0.000000
0.949797 0.312867 0.000000 32.273814 -0.312867 0.949797 0.000000 -4.456084 0.000000 0.000000 1.000000 0.000000
0.948071 0.318059 0.000000 32.781324 -0.318059 0.948071 0.000000 -4.637793 0.000000 0.000000 1.000000 0.000000
0.946842 0.321700 0.000000 33.280756 -0.321700 0.946842 0.000000 -4.820989 0.000000 0.000000 1.000000 0.000000
0.945097 0.326790 0.000000 33.767788 -0.326790 0.945097 0.000000 -4.998375 0.000000 0.000000 1.000000 0.000000
0.943137 0.332405 0.000000 34.277132 -0.332405 0.943137 0.000000 -5.180582 0.000000 0.000000 1.000000 0.000000
0.943523 0.331306 0.000000 34.779499 -0.331306 0.943523 0.000000 -5.369812 0.000000 0.000000 1.000000 0.000000
0.941053 0.338260 0.000000 35.243386 -0.338260 0.941053 0.000000 -5.525306 0.000000 0.000000 1.000000 0.000000
0.939478 0.342609 0.000000 35.747991 -0.342609 0.939478 0.000000 -5.701067 0.000000 0.000000 1.000000 0.000000
0.937446 0.348130 0.000000 36.231627 -0.348130 0.937446 0.000000 -5.889035 0.000000 0.000000 1.000000 0.000000
0.934678 0.355496 0.000000 36.732991 -0.355496 0.934678 0.000000 -6.077296 0.000000 0.000000 1.000000 0.000000
0.932431 0.361348 0.000000 37.206171 -0.361348 0.932431 0.000000 -6.267832 0.000000 0.000000 1.000000 0.000000
0.929706 0.368303 0.000000 37.699605 -0.368303 0.929706 0.000000 -6.478887 0.000000 0.000000 1.000000 0.000000
0.926843 0.375448 0.000000 38.178032 -0.375448 0.926843 0.000000 -6.663312 0.000000 0.000000 1.000000 0.000000
0.924608 0.380920 0.000000 38.673985 -0.380920 0.924608 0.000000 -6.858488 0.000000 0.000000 1.000000 0.000000
0.923420 0.383791 0.000000 39.135799 -0.383791 0.923420 0.000000 -7.018432 0.000000 0.000000 1.000000 0.000000
0.920272 0.391278 0.000000 39.814971 -0.391278 0.920272 0.000000 -7.307782 0.000000 0.000000 1.000000 0.000000
0.915987 0.401208 0.000000 40.513884 -0.401208 0.915987 0.000000 -7.628566 0.000000 0.000000 1.000000 0.000000
0.912843 0.408311 0.000000 40.998567 -0.408311 0.912843 0.000000 -7.843408 0.000000 0.000000 1.000000 0.000000
0.907003 0.421123 0.000000 41.837210 -0.421123 0.907003 0.000000 -8.235954 0.000000 0.000000 1.000000 0.000000
0.904783 0.425874 0.000000 42.314192 -0.425874 0.904783 0.000000 -8.469148 0.000000 0.000000 1.000000 0.000000
0.902778 0.430106 0.000000 42.793681 -0.430106 0.902778 0.000000 -8.685953 0.000000 0.000000 1.000000 0.000000
0.902272 0.431167 0.000000 43.263851 -0.431167 0.902272 0.000000 -8.901711 0.000000 0.000000 1.000000 0.000000
0.898057 0.439880 0.000000 43.735449 -0.439880 0.898057 0.000000 -9.116744 0.000000 0.000000 1.000000 0.000000
0.897159 0.441708 0.000000 44.226479 -0.441708 0.897159 0.000000 -9.362433 0.000000 0.000000 1.000000 0.000000
0.894541 0.446986 0.000000 44.652122 -0.446986 0.894541 0.000000 -9.579968 0.000000 0.000000 1.000000 0.000000
0.891640 0.452745 0.000000 45.101342 -0.452745 0.891640 0.000000 -9.818687 0.000000 0.000000 1.000000 0.000000
0.890000 0.455961 0.000000 45.554216 -0.455961 0.890000 0.000000 -10.030347 0.000000 0.000000 1.000000 0.000000
0.889348 0.457232 0.000000 45.995860 -0.457232 0.889348 0.000000 -10.271701 0.000000 0.000000 1.000000 0.000000
0.887044 0.461685 0.000000 46.417384 -0.461685 0.887044 0.000000 -10.498544 0.000000 0.000000 1.000000 0.000000
0.885175 0.465259 0.000000 46.844361 -0.465259 0.885175 0.000000 -10.735117 0.000000 0.000000 1.000000 0.000000
0.883172 0.469050 0.000000 47.230927 -0.469050 0.883172 0.000000 -10.965757 0.000000 0.000000 1.000000 0.000000
0.882627 0.470075 0.000000 47.644525 -0.470075 0.882627 0.000000 -11.210961 0.000000 0.000000 1.000000 0.000000
0.879733 0.475469 0.000000 48.031532 -0.475469 0.879733 0.000000 -11.430512 0.000000 0.000000 1.000000 0.000000
0.878562 0.477629 0.000000 48.456256 -0.477629 0.878562 0.000000 -11.655316 0.000000 0.000000 1.000000 0.000000
0.877897 0.478849 0.000000 48.851016 -0.478849 0.877897 0.000000 -11.869935 0.000000 0.000000 1.000000 0.000000
0.876595 0.481229 0.000000 49.236318 -0.481229 0.876595 0.000000 -12.078245 0.000000 0.000000 1.000000 0.000000
0.876191 0.481965 0.000000 49.643203 -0.481965 0.876191 0.000000 -12.285729 0.000000 0.000000 1.000000 0.000000
0.871611 0.490198 0.000000 50.039183 -0.490198 0.871611 0.000000 -12.486181 0.000000 0.000000 1.000000 0.000000
0.868590 0.495531 0.000000 50.420399 -0.495531 0.868590 0.000000 -12.694790 0.000000 0.000000 1.000000 0.000000
0.866465 0.499237 0.000000 50.780625 -0.499237 0.866465 0.000000 -12.923789 0.000000 0.000000 1.000000 0.000000
0.862258 0.506469 0.000000 51.165189 -0.506469 0.862258 0.000000 -13.153040 0.000000 0.000000 1.000000 0.000000
0.858553 0.512725 0.000000 51.687007 -0.512725 0.858553 0.000000 -13.497749 0.000000 0.000000 1.000000 0.000000
0.854386 0.519638 0.000000 52.065238 -0.519638 0.854386 0.000000 -13.749481 0.000000 0.000000 1.000000 0.000000
0.849348 0.527834 0.000000 52.430325 -0.527834 0.849348 0.000000 -13.971186 0.000000 0.000000 1.000000 0.000000
0.847037 0.531534 0.000000 52.774817 -0.531534 0.847037 0.000000 -14.195269 0.000000 0.000000 1.000000 0.000000
0.844767 0.535134 0.000000 53.124731 -0.535134 0.844767 0.000000 -14.417087 0.000000 0.000000 1.000000 0.000000
0.840647 0.541584 0.000000 53.466786 -0.541584 0.840647 0.000000 -14.641834 0.000000 0.000000 1.000000 0.000000
0.837709 0.546117 0.000000 53.800865 -0.546117 0.837709 0.000000 -14.872737 0.000000 0.000000 1.000000 0.000000
0.834283 0.551337 0.000000 54.134908 -0.551337 0.834283 0.000000 -15.096710 0.000000 0.000000 1.000000 0.000000
0.830615 0.556847 0.000000 54.455936 -0.556847 0.830615 0.000000 -15.314216 0.000000 0.000000 1.000000 0.000000
0.829180 0.558982 0.000000 54.762115 -0.558982 0.829180 0.000000 -15.545169 0.000000 0.000000 1.000000 0.000000
0.826624 0.562754 0.000000 55.061282 -0.562754 0.826624 0.000000 -15.776251 0.000000 0.000000 1.000000 0.000000
0.823915 0.566714 0.000000 55.661511 -0.566714 0.823915 0.000000 -16.210215 0.000000 0.000000 1.000000 0.000000
0.823575 0.567208 0.000000 55.952860 -0.567208 0.823575 0.000000 -16.406529 0.000000 0.000000 1.000000 0.000000
0.822425 0.568873 0.000000 56.228343 -0.568873 0.822425 0.000000 -16.575817 0.000000 0.000000 1.000000 0.000000
0.821891 0.569644 0.000000 56.496141 -0.569644 0.821891 0.000000 -16.748402 0.000000 0.000000 1.000000 0.000000
0.823990 0.566604 0.000000 56.783511 -0.566604 0.823990 0.000000 -16.940195 0.000000 0.000000 1.000000 0.000000
0.821610 0.570049 0.000000 57.049528 -0.570049 0.821610 0.000000 -17.121467 0.000000 0.000000 1.000000 0.000000
0.819907 0.572497 0.000000 57.323236 -0.572497 0.819907 0.000000 -17.310460 0.000000 0.000000 1.000000 0.000000
0.818569 0.574408 0.000000 57.578866 -0.574408 0.818569 0.000000 -17.484889 0.000000 0.000000 1.000000 0.000000
0.816885 0.576801 0.000000 57.842024 -0.576801 0.816885 0.000000 -17.672467 0.000000 0.000000 1.000000 0.000000
0.816985 0.576658 0.000000 58.077633 -0.576658 0.816985 0.000000 -17.850416 0.000000 0.000000 1.000000 0.000000
0.814590 0.580037 0.000000 58.317747 -0.580037 0.814590 0.000000 -18.002929 0.000000 0.000000 1.000000 0.000000
0.812920 0.582375 0.000000 58.573063 -0.582375 0.812920 0.000000 -18.168019 0.000000 0.000000 1.000000 0.000000
0.809282 0.587421 0.000000 58.927495 -0.587421 0.809282 0.000000 -18.420980 0.000000 0.000000 1.000000 0.000000
0.807941 0.589264 0.000000 59.194209 -0.589264 0.807941 0.000000 -18.597858 0.000000 0.000000 1.000000 0.000000
0.804162 0.594411 0.000000 59.439647 -0.594411 0.804162 0.000000 -18.759713 0.000000 0.000000 1.000000 0.000000
0.801357 0.598186 0.000000 59.668110 -0.598186 0.801357 0.000000 -18.928939 0.000000 0.000000 1.000000 0.000000
0.798116 0.602503 0.000000 59.891230 -0.602503 0.798116 0.000000 -19.102333 0.000000 0.000000 1.000000 0.000000
0.795744 0.605633 0.000000 60.098497 -0.605633 0.795744 0.000000 -19.265310 0.000000 0.000000 1.000000 0.000000
0.795754 0.605619 0.000000 60.304507 -0.605619 0.795754 0.000000 -19.434222 0.000000 0.000000 1.000000 0.000000
0.795191 0.606359 0.000000 60.510261 -0.606359 0.795191 0.000000 -19.609858 0.000000 0.000000 1.000000 0.000000
0.797265 0.603630 0.000000 60.710112 -0.603630 0.797265 0.000000 -19.766528 0.000000 0.000000 1.000000 0.000000
0.796089 0.605179 0.000000 60.903822 -0.605179 0.796089 0.000000 -19.921375 0.000000 0.000000 1.000000 0.000000
0.791857 0.610707 0.000000 61.300687 -0.610707 0.791857 0.000000 -20.204425 0.000000 0.000000 1.000000 0.000000
0.787760 0.615983 0.000000 61.475032 -0.615983 0.787760 0.000000 -20.329004 0.000000 0.000000 1.000000 0.000000
0.786562 0.617511 0.000000 61.632370 -0.617511 0.786562 0.000000 -20.460912 0.000000 0.000000 1.000000 0.000000
0.786911 0.617066 0.000000 61.806631 -0.617066 0.786911 0.000000 -20.604811 0.000000 0.000000 1.000000 0.000000
0.786770 0.617246 0.000000 61.960267 -0.617246 0.786770 0.000000 -20.733932 0.000000 0.000000 1.000000 0.000000
0.785175 0.619274 0.000000 62.123499 -0.619274 0.785175 0.000000 -20.860835 0.000000 0.000000 1.000000 0.000000
0.784887 0.619638 0.000000 62.281499 -0.619638 0.784887 0.000000 -20.995911 0.000000 0.000000 1.000000 0.000000
0.782609 0.622513 0.000000 62.432590 -0.622513 0.782609 0.000000 -21.105995 0.000000 0.000000 1.000000 0.000000
0.781414 0.624013 0.000000 62.593167 -0.624013 0.781414 0.000000 -21.231884 0.000000 0.000000 1.000000 0.000000
0.777528 0.628848 0.000000 62.904098 -0.628848 0.777528 0.000000 -21.471537 0.000000 0.000000 1.000000 0.000000
0.775947 0.630798 0.000000 63.061611 -0.630798 0.775947 0.000000 -21.579815 0.000000 0.000000 1.000000 0.000000
0.775196 0.631720 0.000000 63.212361 -0.631720 0.775196 0.000000 -21.689374 0.000000 0.000000 1.000000 0.000000
0.773361 0.633967 0.000000 63.459660 -0.633967 0.773361 0.000000 -21.893639 0.000000 0.000000 1.000000 0.000000
0.772196 0.635385 0.000000 63.620426 -0.635385 0.772196 0.000000 -22.021041 0.000000 0.000000 1.000000 0.000000
0.769594 0.638534 0.000000 63.776914 -0.638534 0.769594 0.000000 -22.145486 0.000000 0.000000 1.000000 0.000000
0.767521 0.641024 0.000000 63.936323 -0.641024 0.767521 0.000000 -22.269412 0.000000 0.000000 1.000000 0.000000
0.767794 0.640697 0.000000 64.095620 -0.640697 0.767794 0.000000 -22.399392 0.000000 0.000000 1.000000 0.000000
0.766269 0.642519 0.000000 64.256316 -0.642519 0.766269 0.000000 -22.519983 0.000000 0.000000 1.000000 0.000000
0.764866 0.644190 0.000000 64.405001 -0.644190 0.764866 0.000000 -22.642346 0.000000 0.000000 1.000000 0.000000
0.761270 0.648435 0.000000 64.719959 -0.648435 0.761270 0.000000 -22.899350 0.000000 0.000000 1.000000 0.000000
0.758867 0.651246 0.000000 64.875999 -0.651246 0.758867 0.000000 -23.019339 0.000000 0.000000 1.000000 0.000000
0.757007 0.653407 0.000000 65.050564 -0.653407 0.757007 0.000000 -23.146017 0.000000 0.000000 1.000000 0.000000
0.754582 0.656206 0.000000 65.208235 -0.656206 0.754582 0.000000 -23.280175 0.000000 0.000000 1.000000 0.000000
0.753232 0.657755 0.000000 65.374965 -0.657755 0.753232 0.000000 -23.426656 0.000000 0.000000 1.000000 0.000000
0.752228 0.658902 0.000000 65.532592 -0.658902 0.752228 0.000000 -23.573165 0.000000 0.000000 1.000000 0.000000
0.750084 0.661343 0.000000 65.684215 -0.661343 0.750084 0.000000 -23.718593 0.000000 0.000000 1.000000 0.000000
0.748240 0.663428 0.000000 65.847575 -0.663428 0.748240 0.000000 -23.868622 0.000000 0.000000 1.000000 0.000000
0.744984 0.667082 0.000000 66.013837 -0.667082 0.744984 0.000000 -24.005881 0.000000 0.000000 1.000000 0.000000
0.740749 0.671781 0.000000 66.182841 -0.671781 0.740749 0.000000 -24.155023 0.000000 0.000000 1.000000 0.000000
0.736948 0.675950 0.000000 66.356218 -0.675950 0.736948 0.000000 -24.304767 0.000000 0.000000 1.000000 0.000000
0.734589 0.678512 0.000000 66.523658 -0.678512 0.734589 0.000000 -24.458870 0.000000 0.000000 1.000000 0.000000
0.732317 0.680964 0.000000 66.711571 -0.680964 0.732317 0.000000 -24.619037 0.000000 0.000000 1.000000 0.000000
0.730864 0.682523 0.000000 66.869063 -0.682523 0.730864 0.000000 -24.787113 0.000000 0.000000 1.000000 0.000000
0.727252 0.686371 0.000000 67.068071 -0.686371 0.727252 0.000000 -24.950060 0.000000 0.000000 1.000000 0.000000
0.724884 0.688871 0.000000 67.228272 -0.688871 0.724884 0.000000 -25.122776 0.000000 0.000000 1.000000 0.000000
0.719254 0.694747 0.000000 67.499786 -0.694747 0.719254 0.000000 -25.386773 0.000000 0.000000 1.000000 0.000000
0.716269 0.697825 0.000000 67.673270 -0.697825 0.716269 0.000000 -25.558303 0.000000 0.000000 1.000000 0.000000
0.714772 0.699358 0.000000 67.855547 -0.699358 0.714772 0.000000 -25.748163 0.000000 0.000000 1.000000 0.000000
0.713161 0.701000 0.000000 68.031595 -0.701000 0.713161 0.000000 -25.943117 0.000000 0.000000 1.000000 0.000000
0.709054 0.705154 0.000000 68.398821 -0.705154 0.709054 0.000000 -26.341088 0.000000 0.000000 1.000000 0.000000
0.706787 0.707426 0.000000 68.579570 -0.707426 0.706787 0.000000 -26.527512 0.000000 0.000000 1.000000 0.000000
0.704571 0.709634 0.000000 68.746838 -0.709634 0.704571 0.000000 -26.698416 0.000000 0.000000 1.000000 0.000000
0.702294 0.711887 0.000000 68.947739 -0.711887 0.702294 0.000000 -26.888356 0.000000 0.000000 1.000000 0.000000
0.701089 0.713074 0.000000 69.203600 -0.713074 0.701089 0.000000 -27.161141 0.000000 0.000000 1.000000 0.000000
0.695771 0.718264 0.000000 69.395262 -0.718264 0.695771 0.000000 -27.348555 0.000000 0.000000 1.000000 0.000000
0.692356 0.721556 0.000000 69.570037 -0.721556 0.692356 0.000000 -27.536978 0.000000 0.000000 1.000000 0.000000
0.687447 0.726234 0.000000 69.748839 -0.726234 0.687447 0.000000 -27.741021 0.000000 0.000000 1.000000 0.000000
0.686341 0.727280 0.000000 69.912808 -0.727280 0.686341 0.000000 -27.927929 0.000000 0.000000 1.000000 0.000000
0.684515 0.728998 0.000000 70.082527 -0.728998 0.684515 0.000000 -28.112328 0.000000 0.000000 1.000000 0.000000
0.681781 0.731557 0.000000 70.263250 -0.731557 0.681781 0.000000 -28.308253 0.000000 0.000000 1.000000 0.000000
0.681709 0.731624 0.000000 70.428204 -0.731624 0.681709 0.000000 -28.496299 0.000000 0.000000 1.000000 0.000000
0.679782 0.733415 0.000000 70.590697 -0.733415 0.679782 0.000000 -28.679554 0.000000 0.000000 1.000000 0.000000
0.677244 0.735758 0.000000 70.767959 -0.735758 0.677244 0.000000 -28.877836 0.000000 0.000000 1.000000 0.000000
0.677086 0.735904 0.000000 70.932297 -0.735904 0.677086 0.000000 -29.053733 0.000000 0.000000 1.000000 0.000000
0.677781 0.735264 0.000000 71.153182 -0.735264 0.677781 0.000000 -29.309114 0.000000 0.000000 1.000000 0.000000
0.676243 0.736679 0.000000 71.323984 -0.736679 0.676243 0.000000 -29.521672 0.000000 0.000000 1.000000 0.000000
0.674965 0.737850 0.000000 71.492375 -0.737850 0.674965 0.000000 -29.717438 0.000000 0.000000 1.000000 0.000000
0.675045 0.737776 0.000000 71.655152 -0.737776 0.675045 0.000000 -29.912285 0.000000 0.000000 1.000000 0.000000
0.673691 0.739013 0.000000 71.821206 -0.739013 0.673691 0.000000 -30.105975 0.000000 0.000000 1.000000 0.000000
0.676845 0.736125 0.000000 71.993266 -0.736125 0.676845 0.000000 -30.289117 0.000000 0.000000 1.000000 0.000000
0.681435 0.731879 0.000000 72.150010 -0.731879 0.681435 0.000000 -30.475035 0.000000 0.000000 1.000000 0.000000
0.680663 0.732597 0.000000 72.320782 -0.732597 0.680663 0.000000 -30.653336 0.000000 0.000000 1.000000 0.000000
0.682439 0.730943 0.000000 72.490484 -0.730943 0.682439 0.000000 -30.823245 0.000000 0.000000 1.000000 0.000000
0.683106 0.730320 0.000000 72.647124 -0.730320 0.683106 0.000000 -30.984203 0.000000 0.000000 1.000000 0.000000
0.682074 0.731283 0.000000 72.962693 -0.731283 0.682074 0.000000 -31.319588 0.000000 0.000000 1.000000 0.000000
0.682818 0.730589 0.000000 73.120277 -0.730589 0.682818 0.000000 -31.491177 0.000000 0.000000 1.000000 0.000000
0.684843 0.728690 0.000000 73.284303 -0.728690 0.684843 0.000000 -31.668690 0.000000 0.000000 1.000000 0.000000
0.685673 0.727910 0.000000 73.420084 -0.727910 0.685673 0.000000 -31.827272 0.000000 0.000000 1.000000 0.000000
0.687336 0.726339 0.000000 73.567720 -0.726339 0.687336 0.000000 -32.000317 0.000000 0.000000 1.000000 0.000000
0.688056 0.725658 0.000000 73.719183 -0.725658 0.688056 0.000000 -32.154990 0.000000 0.000000 1.000000 0.000000
0.687403 0.726276 0.000000 73.871511 -0.726276 0.687403 0.000000 -32.303320 0.000000 0.000000 1.000000 0.000000
0.688704 0.725043 0.000000 74.113851 -0.725043 0.688704 0.000000 -32.568837 0.000000 0.000000 1.000000 0.000000
0.690313 0.723511 0.000000 74.248136 -0.723511 0.690313 0.000000 -32.726461 0.000000 0.000000 1.000000 0.000000
0.693155 0.720788 0.000000 74.382202 -0.720788 0.693155 0.000000 -32.882893 0.000000 0.000000 1.000000 0.000000
0.694801 0.719202 0.000000 74.514138 -0.719202 0.694801 0.000000 -33.038163 0.000000 0.000000 1.000000 0.000000
0.697320 0.716760 0.000000 74.652542 -0.716760 0.697320 0.000000 -33.193589 0.000000 0.000000 1.000000 0.000000
0.699430 0.714702 0.000000 74.790984 -0.714702 0.699430 0.000000 -33.348244 0.000000 0.000000 1.000000 0.000000
0.706993 0.707220 0.000000 75.058934 -0.707220 0.706993 0.000000 -33.623383 0.000000 0.000000 1.000000 0.000000
0.710036 0.704165 0.000000 75.185253 -0.704165 0.710036 0.000000 -33.751502 0.000000 0.000000 1.000000 0.000000
0.712941 0.701224 0.000000 75.302471 -0.701224 0.712941 0.000000 -33.871952 0.000000 0.000000 1.000000 0.000000
0.719347 0.694651 0.000000 75.508849 -0.694651 0.719347 0.000000 -34.077804 0.000000 0.000000 1.000000 0.000000
0.723410 0.690419 0.000000 75.801946 -0.690419 0.723410 0.000000 -34.348559 0.000000 0.000000 1.000000 0.000000
0.730026 0.683419 0.000000 75.960940 -0.683419 0.730026 0.000000 -34.518378 0.000000 0.000000 1.000000 0.000000
0.733014 0.680214 0.000000 76.061451 -0.680214 0.733014 0.000000 -34.623191 0.000000 0.000000 1.000000 0.000000
0.741809 0.670611 0.000000 76.259724 -0.670611 0.741809 0.000000 -34.827865 0.000000 0.000000 1.000000 0.000000
0.746101 0.665833 0.000000 76.360645 -0.665833 0.746101 0.000000 -34.926325 0.000000 0.000000 1.000000 0.000000
0.749381 0.662139 0.000000 76.460449 -0.662139 0.749381 0.000000 -35.006935 0.000000 0.000000 1.000000 0.000000
0.752171 0.658968 0.000000 76.558068 -0.658968 0.752171 0.000000 -35.094583 0.000000 0.000000 1.000000 0.000000
0.757497 0.652838 0.000000 76.705552 -0.652838 0.757497 0.000000 -35.233037 0.000000 0.000000 1.000000 0.000000
0.763294 0.646052 0.000000 76.891841 -0.646052 0.763294 0.000000 -35.403157 0.000000 0.000000 1.000000 0.000000
0.767193 0.641417 0.000000 76.992280 -0.641417 0.767193 0.000000 -35.476682 0.000000 0.000000 1.000000 0.000000
0.770966 0.636876 0.000000 77.076033 -0.636876 0.770966 0.000000 -35.552881 0.000000 0.000000 1.000000 0.000000
0.774424 0.632667 0.000000 77.155783 -0.632667 0.774424 0.000000 -35.625154 0.000000 0.000000 1.000000 0.000000
0.777930 0.628351 0.000000 77.240673 -0.628351 0.777930 0.000000 -35.692222 0.000000 0.000000 1.000000 0.000000
0.780363 0.625327 0.000000 77.323095 -0.625327 0.780363 0.000000 -35.747083 0.000000 0.000000 1.000000 0.000000
0.787497 0.616319 0.000000 77.469376 -0.616319 0.787497 0.000000 -35.873093 0.000000 0.000000 1.000000 0.000000
0.789786 0.613382 0.000000 77.535074 -0.613382 0.789786 0.000000 -35.922814 0.000000 0.000000 1.000000 0.000000
0.793082 0.609114 0.000000 77.595883 -0.609114 0.793082 0.000000 -35.969438 0.000000 0.000000 1.000000 0.000000
0.794592 0.607144 0.000000 77.651796 -0.607144 0.794592 0.000000 -36.014673 0.000000 0.000000 1.000000 0.000000
0.797759 0.602977 0.000000 77.704631 -0.602977 0.797759 0.000000 -36.061180 0.000000 0.000000 1.000000 0.000000
0.798997 0.601334 0.000000 77.750364 -0.601334 0.798997 0.000000 -36.091395 0.000000 0.000000 1.000000 0.000000
0.800157 0.599790 0.000000 77.797634 -0.599790 0.800157 0.000000 -36.124995 0.000000 0.000000 1.000000 0.000000
0.801173 0.598432 0.000000 77.861484 -0.598432 0.801173 0.000000 -36.174540 0.000000 0.000000 1.000000 0.000000
0.802517 0.596629 0.000000 77.897509 -0.596629 0.802517 0.000000 -36.199079 0.000000 0.000000 1.000000 0.000000
0.803238 0.595658 0.000000 77.930143 -0.595658 0.803238 0.000000 -36.217393 0.000000 0.000000 1.000000 0.000000
0.804005 0.594623 0.000000 77.957123 -0.594623 0.804005 0.000000 -36.232753 0.000000 0.000000 1.000000 0.000000
0.805241 0.592948 0.000000 77.978742 -0.592948 0.805241 0.000000 -36.248236 0.000000 0.000000 1.000000 0.000000
0.806509 0.591222 0.000000 78.003215 -0.591222 0.806509 0.000000 -36.259195 0.000000 0.000000 1.000000 0.000000
0.806339 0.591453 0.000000 78.017080 -0.591453 0.806339 0.000000 -36.272859 0.000000 0.000000 1.000000 0.000000
0.806754 0.590887 0.000000 78.026277 -0.590887 0.806754 0.000000 -36.290936 0.000000 0.000000 1.000000 0.000000
0.808413 0.588615 0.000000 78.031677 -0.588615 0.808413 0.000000 -36.311030 0.000000 0.000000 1.000000 0.000000
0.807743 0.589534 0.000000 78.034401 -0.589534 0.807743 0.000000 -36.302984 0.000000 0.000000 1.000000 0.000000
0.808780 0.588111 0.000000 78.032801 -0.588111 0.808780 0.000000 -36.299865 0.000000 0.000000 1.000000 0.000000
0.808777 0.588116 0.000000 78.028498 -0.588116 0.808777 0.000000 -36.292138 0.000000 0.000000 1.000000 0.000000
0.807931 0.589277 0.000000 78.025144 -0.589277 0.807931 0.000000 -36.284179 0.000000 0.000000 1.000000 0.000000
0.807960 0.589237 0.000000 78.018253 -0.589237 0.807960 0.000000 -36.282283 0.000000 0.000000 1.000000 0.000000
0.807804 0.589451 0.000000 78.013381 -0.589451 0.807804 0.000000 -36.280423 0.000000 0.000000 1.000000 0.000000
0.808880 0.587974 0.000000 78.011531 -0.587974 0.808880 0.000000 -36.285024 0.000000 0.000000 1.000000 0.000000
0.808920 0.587918 0.000000 78.010644 -0.587918 0.808920 0.000000 -36.287032 0.000000 0.000000 1.000000 0.000000
0.808119 0.589020 0.000000 78.012400 -0.589020 0.808119 0.000000 -36.283826 0.000000 0.000000 1.000000 0.000000
0.807892 0.589330 0.000000 78.013310 -0.589330 0.807892 0.000000 -36.284709 0.000000 0.000000 1.000000 0.000000
0.807935 0.589272 0.000000 78.012625 -0.589272 0.807935 0.000000 -36.284969 0.000000 0.000000 1.000000 0.000000
0.807889 0.589335 0.000000 78.010508 -0.589335 0.807889 0.000000 -36.284766 0.000000 0.000000 1.000000 0.000000
0.807948 0.589254 0.000000 78.010398 -0.589254 0.807948 0.000000 -36.282296 0.000000 0.000000 1.000000 0.000000
0.807733 0.589549 0.000000 78.010997 -0.589549 0.807733 0.000000 -36.279092 0.000000 0.000000 1.000000 0.000000
0.807746 0.589530 0.000000 78.009119 -0.589530 0.807746 0.000000 -36.276935 0.000000 0.000000 1.000000 0.000000
0.807791 0.589469 0.000000 78.007999 -0.589469 0.807791 0.000000 -36.277473 0.000000 0.000000 1.000000 0.000000
0.807891 0.589331 0.000000 78.008606 -0.589331 0.807891 0.000000 -36.277980 0.000000 0.000000 1.000000 0.000000
0.808017 0.589160 0.000000 78.009339 -0.589160 0.808017 0.000000 -36.277767 0.000000 0.000000 1.000000 0.000000
0.808058 0.589102 0.000000 78.010778 -0.589102 0.808058 0.000000 -36.278144 0.000000 0.000000 1.000000 0.000000
0.808045 0.589120 0.000000 78.012718 -0.589120 0.808045 0.000000 -36.279431 0.000000 0.000000 1.000000 0.000000
0.808076 0.589078 0.000000 78.011307 -0.589078 0.808076 0.000000 -36.279911 0.000000 0.000000 1.000000 0.000000
0.808060 0.589100 0.000000 78.010334 -0.589100 0.808060 0.000000 -36.279497 0.000000 0.000000 1.000000 0.000000
0.808058 0.589104 0.000000 78.009919 -0.589104 0.808058 0.000000 -36.281908 0.000000 0.000000 1.000000 0.000000
0.807873 0.589357 0.000000 78.009288 -0.589357 0.807873 0.000000 -36.284232 0.000000 0.000000 1.000000 0.000000
0.807803 0.589452 0.000000 78.010254 -0.589452 0.807803 0.000000 -36.285130 0.000000 0.000000 1.000000 0.000000
0.807790 0.589471 0.000000 78.011007 -0.589471 0.807790 0.000000 -36.284572 0.000000 0.000000 1.000000 0.000000
0.807878 0.589350 0.000000 78.010652 -0.589350 0.807878 0.000000 -36.284149 0.000000 0.000000 1.000000 0.000000
0.807950 0.589251 0.000000 78.009735 -0.589251 0.807950 0.000000 -36.283051 0.000000 0.000000 1.000000 0.000000
0.807966 0.589228 0.000000 78.009109 -0.589228 0.807966 0.000000 -36.281495 0.000000 0.000000 1.000000 0.000000
0.807981 0.589208 0.000000 78.009255 -0.589208 0.807981 0.000000 -36.279323 0.000000 0.000000 1.000000 0.000000
0.808000 0.589182 0.000000 78.009591 -0.589182 0.808000 0.000000 -36.277980 0.000000 0.000000 1.000000 0.000000
0.808033 0.589137 0.000000 78.008456 -0.589137 0.808033 0.000000 -36.277109 0.000000 0.000000 1.000000 0.000000
0.807969 0.589225 0.000000 78.009074 -0.589225 0.807969 0.000000 -36.274549 0.000000 0.000000 1.000000 0.000000
0.808038 0.589131 0.000000 78.010104 -0.589131 0.808038 0.000000 -36.273107 0.000000 0.000000 1.000000 0.000000
0.808035 0.589135 0.000000 78.009236 -0.589135 0.808035 0.000000 -36.271771 0.000000 0.000000 1.000000 0.000000
0.808053 0.589109 0.000000 78.009069 -0.589109 0.808053 0.000000 -36.270657 0.000000 0.000000 1.000000 0.000000
0.808096 0.589050 0.000000 78.009427 -0.589050 0.808096 0.000000 -36.270156 0.000000 0.000000 1.000000 0.000000
0.808126 0.589010 0.000000 78.008929 -0.589010 0.808126 0.000000 -36.270144 0.000000 0.000000 1.000000 0.000000
0.808507 0.588487 0.000000 78.006021 -0.588487 0.808507 0.000000 -36.272100 0.000000 0.000000 1.000000 0.000000
0.808377 0.588665 0.000000 78.005692 -0.588665 0.808377 0.000000 -36.271279 0.000000 0.000000 1.000000 0.000000
0.808240 0.588853 0.000000 78.007460 -0.588853 0.808240 0.000000 -36.271202 0.000000 0.000000 1.000000 0.000000
0.808130 0.589004 0.000000 78.008086 -0.589004 0.808130 0.000000 -36.272488 0.000000 0.000000 1.000000 0.000000
0.808157 0.588967 0.000000 78.008030 -0.588967 0.808157 0.000000 -36.274226 0.000000 0.000000 1.000000 0.000000
0.808381 0.588659 0.000000 78.009095 -0.588659 0.808381 0.000000 -36.274368 0.000000 0.000000 1.000000 0.000000
0.808447 0.588569 0.000000 78.008954 -0.588569 0.808447 0.000000 -36.275486 0.000000 0.000000 1.000000 0.000000
0.808441 0.588577 0.000000 78.002090 -0.588577 0.808441 0.000000 -36.285454 0.000000 0.000000 1.000000 0.000000
0.807963 0.589233 0.000000 78.003205 -0.589233 0.807963 0.000000 -36.286891 0.000000 0.000000 1.000000 0.000000
0.807866 0.589366 0.000000 78.004185 -0.589366 0.807866 0.000000 -36.287422 0.000000 0.000000 1.000000 0.000000
0.806800 0.590825 0.000000 78.004977 -0.590825 0.806800 0.000000 -36.292911 0.000000 0.000000 1.000000 0.000000
0.807164 0.590327 0.000000 78.006454 -0.590327 0.807164 0.000000 -36.299096 0.000000 0.000000 1.000000 0.000000
0.807705 0.589587 0.000000 78.009909 -0.589587 0.807705 0.000000 -36.306265 0.000000 0.000000 1.000000 0.000000
0.808082 0.589069 0.000000 78.010503 -0.589069 0.808082 0.000000 -36.314229 0.000000 0.000000 1.000000 0.000000
0.809480 0.587147 0.000000 78.010162 -0.587147 0.809480 0.000000 -36.324915 0.000000 0.000000 1.000000 0.000000
0.809865 0.586617 0.000000 78.009753 -0.586617 0.809865 0.000000 -36.325496 0.000000 0.000000 1.000000 0.000000
0.810053 0.586357 0.000000 78.009570 -0.586357 0.810053 0.000000 -36.328476 0.000000 0.000000 1.000000 0.000000
0.809965 0.586478 0.000000 78.007420 -0.586478 0.809965 0.000000 -36.328984 0.000000 0.000000 1.000000 0.000000
0.809689 0.586859 0.000000 78.008752 -0.586859 0.809689 0.000000 -36.327968 0.000000 0.000000 1.000000 0.000000
0.809669 0.586887 0.000000 78.009105 -0.586887 0.809669 0.000000 -36.326997 0.000000 0.000000 1.000000 0.000000
0.809530 0.587079 0.000000 78.009358 -0.587079 0.809530 0.000000 -36.327732 0.000000 0.000000 1.000000 0.000000
0.809437 0.587207 0.000000 78.012379 -0.587207 0.809437 0.000000 -36.324532 0.000000 0.000000 1.000000 0.000000
0.809639 0.586929 0.000000 78.012211 -0.586929 0.809639 0.000000 -36.322343 0.000000 0.000000 1.000000 0.000000
0.809565 0.587030 0.000000 78.012764 -0.587030 0.809565 0.000000 -36.321666 0.000000 0.000000 1.000000 0.000000
0.809716 0.586822 0.000000 78.012013 -0.586822 0.809716 0.000000 -36.322424 0.000000 0.000000 1.000000 0.000000
0.809804 0.586700 0.000000 78.011412 -0.586700 0.809804 0.000000 -36.323172 0.000000 0.000000 1.000000 0.000000
0.809903 0.586564 0.000000 78.009145 -0.586564 0.809903 0.000000 -36.323902 0.000000 0.000000 1.000000 0.000000
0.810521 0.585709 0.000000 78.009273 -0.585709 0.810521 0.000000 -36.322820 0.000000 0.000000 1.000000 0.000000
0.810902 0.585182 0.000000 78.009213 -0.585182 0.810902 0.000000 -36.320218 0.000000 0.000000 1.000000 0.000000
0.811584 0.584236 0.000000 78.006523 -0.584236 0.811584 0.000000 -36.320036 0.000000 0.000000 1.000000 0.000000
0.812094 0.583526 0.000000 78.008329 -0.583526 0.812094 0.000000 -36.318240 0.000000 0.000000 1.000000 0.000000
0.812002 0.583655 0.000000 78.007863 -0.583655 0.812002 0.000000 -36.317765 0.000000 0.000000 1.000000 0.000000
0.811664 0.584124 0.000000 78.011318 -0.584124 0.811664 0.000000 -36.322320 0.000000 0.000000 1.000000 0.000000
0.810600 0.585601 0.000000 78.018367 -0.585601 0.810600 0.000000 -36.319005 0.000000 0.000000 1.000000 0.000000
0.810064 0.586341 0.000000 78.019068 -0.586341 0.810064 0.000000 -36.328681 0.000000 0.000000 1.000000 0.000000
0.809651 0.586911 0.000000 78.019221 -0.586911 0.809651 0.000000 -36.337849 0.000000 0.000000 1.000000 0.000000
0.809253 0.587460 0.000000 78.020881 -0.587460 0.809253 0.000000 -36.342447 0.000000 0.000000 1.000000 0.000000
0.808725 0.588187 0.000000 78.021717 -0.588187 0.808725 0.000000 -36.349404 0.000000 0.000000 1.000000 0.000000
0.807893 0.589330 0.000000 78.023142 -0.589330 0.807893 0.000000 -36.358130 0.000000 0.000000 1.000000 0.000000
0.807431 0.589962 0.000000 78.025518 -0.589962 0.807431 0.000000 -36.368530 0.000000 0.000000 1.000000 0.000000
0.807511 0.589853 0.000000 78.031943 -0.589853 0.807511 0.000000 -36.380526 0.000000 0.000000 1.000000 0.000000
0.808080 0.589073 0.000000 78.033216 -0.589073 0.808080 0.000000 -36.389991 0.000000 0.000000 1.000000 0.000000
0.808842 0.588025 0.000000 78.037601 -0.588025 0.808842 0.000000 -36.394563 0.000000 0.000000 1.000000 0.000000
0.809914 0.586549 0.000000 78.045466 -0.586549 0.809914 0.000000 -36.393890 0.000000 0.000000 1.000000 0.000000
0.810949 0.585117 0.000000 78.048359 -0.585117 0.810949 0.000000 -36.404786 0.000000 0.000000 1.000000 0.000000
0.811509 0.584339 0.000000 78.058709 -0.584339 0.811509 0.000000 -36.411508 0.000000 0.000000 1.000000 0.000000
0.811636 0.584164 0.000000 78.070210 -0.584164 0.811636 0.000000 -36.422716 0.000000 0.000000 1.000000 0.000000
0.811517 0.584329 0.000000 78.088933 -0.584329 0.811517 0.000000 -36.428716 0.000000 0.000000 1.000000 0.000000
0.811217 0.584745 0.000000 78.100500 -0.584745 0.811217 0.000000 -36.433052 0.000000 0.000000 1.000000 0.000000
0.811100 0.584907 0.000000 78.119543 -0.584907 0.811100 0.000000 -36.445544 0.000000 0.000000 1.000000 0.000000
0.811127 0.584870 0.000000 78.152666 -0.584870 0.811127 0.000000 -36.465770 0.000000 0.000000 1.000000 0.000000
0.812211 0.583364 0.000000 78.170534 -0.583364 0.812211 0.000000 -36.482147 0.000000 0.000000 1.000000 0.000000
0.812569 0.582866 0.000000 78.186963 -0.582866 0.812569 0.000000 -36.501955 0.000000 0.000000 1.000000 0.000000
0.813471 0.581605 0.000000 78.204206 -0.581605 0.813471 0.000000 -36.523518 0.000000 0.000000 1.000000 0.000000
0.814340 0.580388 0.000000 78.216869 -0.580388 0.814340 0.000000 -36.536844 0.000000 0.000000 1.000000 0.000000
0.815949 0.578124 0.000000 78.226596 -0.578124 0.815949 0.000000 -36.548684 0.000000 0.000000 1.000000 0.000000
0.816565 0.577253 0.000000 78.235319 -0.577253 0.816565 0.000000 -36.556022 0.000000 0.000000 1.000000 0.000000
0.816875 0.576814 0.000000 78.242481 -0.576814 0.816875 0.000000 -36.557230 0.000000 0.000000 1.000000 0.000000
0.817005 0.576631 0.000000 78.247291 -0.576631 0.817005 0.000000 -36.562314 0.000000 0.000000 1.000000 0.000000
0.816516 0.577323 0.000000 78.254615 -0.577323 0.816516 0.000000 -36.557900 0.000000 0.000000 1.000000 0.000000
0.816253 0.577694 0.000000 78.262813 -0.577694 0.816253 0.000000 -36.560675 0.000000 0.000000 1.000000 0.000000
0.815812 0.578318 0.000000 78.267268 -0.578318 0.815812 0.000000 -36.556808 0.000000 0.000000 1.000000 0.000000
0.815980 0.578081 0.000000 78.267752 -0.578081 0.815980 0.000000 -36.557388 0.000000 0.000000 1.000000 0.000000
0.816058 0.577970 0.000000 78.269389 -0.577970 0.816058 0.000000 -36.557952 0.000000 0.000000 1.000000 0.000000
0.816311 0.577613 0.000000 78.270448 -0.577613 0.816311 0.000000 -36.562108 0.000000 0.000000 1.000000 0.000000
0.816969 0.576682 0.000000 78.269919 -0.576682 0.816969 0.000000 -36.563319 0.000000 0.000000 1.000000 0.000000
0.817388 0.576087 0.000000 78.268646 -0.576087 0.817388 0.000000 -36.567935 0.000000 0.000000 1.000000 0.000000
0.817470 0.575972 0.000000 78.269635 -0.575972 0.817470 0.000000 -36.570463 0.000000 0.000000 1.000000 0.000000
0.817365 0.576120 0.000000 78.270116 -0.576120 0.817365 0.000000 -36.568023 0.000000 0.000000 1.000000 0.000000
0.817649 0.575717 0.000000 78.272257 -0.575717 0.817649 0.000000 -36.569418 0.000000 0.000000 1.000000 0.000000
0.817735 0.575594 0.000000 78.272457 -0.575594 0.817735 0.000000 -36.571107 0.000000 0.000000 1.000000 0.000000
0.818627 0.574325 0.000000 78.270807 -0.574325 0.818627 0.000000 -36.575712 0.000000 0.000000 1.000000 0.000000
0.818507 0.574497 0.000000 78.272650 -0.574497 0.818507 0.000000 -36.574945 0.000000 0.000000 1.000000 0.000000
0.818587 0.574383 0.000000 78.272022 -0.574383 0.818587 0.000000 -36.574648 0.000000 0.000000 1.000000 0.000000
0.818933 0.573889 0.000000 78.272252 -0.573889 0.818933 0.000000 -36.576419 0.000000 0.000000 1.000000 0.000000
0.818834 0.574030 0.000000 78.272519 -0.574030 0.818834 0.000000 -36.573528 0.000000 0.000000 1.000000 0.000000
0.819004 0.573788 0.000000 78.272739 -0.573788 0.819004 0.000000 -36.574673 0.000000 0.000000 1.000000 0.000000
0.819009 0.573781 0.000000 78.273676 -0.573781 0.819009 0.000000 -36.573453 0.000000 0.000000 1.000000 0.000000
0.818894 0.573944 0.000000 78.276154 -0.573944 0.818894 0.000000 -36.572094 0.000000 0.000000 1.000000 0.000000
0.819154 0.573573 0.000000 78.274872 -0.573573 0.819154 0.000000 -36.573203 0.000000 0.000000 1.000000 0.000000
0.818958 0.573854 0.000000 78.276141 -0.573854 0.818958 0.000000 -36.571918 0.000000 0.000000 1.000000 0.000000
0.819705 0.572786 0.000000 78.275604 -0.572786 0.819705 0.000000 -36.574121 0.000000 0.000000 1.000000 0.000000
