0.999969 0.007853 0.000000 1.166315 -0.007853 0.999969 0.000000 -0.003921 0.000000 0.000000 1.000000 0.000000
0.999957 0.009270 0.000000 1.722382 -0.009270 0.999957 0.000000 -0.014659 0.000000 0.000000 1.000000 0.000000
0.999892 0.014691 0.000000 2.869387 -0.014691 0.999892 0.000000 -0.066942 0.000000 0.000000 1.000000 0.000000
0.999877 0.015664 0.000000 3.466262 -0.015664 0.999877 0.000000 -0.078910 0.000000 0.000000 1.000000 0.000000
0.999823 0.018809 0.000000 4.015660 -0.018809 0.999823 0.000000 -0.103466 0.000000 0.000000 1.000000 0.000000
0.999799 0.020043 0.000000 4.619027 -0.020043 0.999799 0.000000 -0.120196 0.000000 0.000000 1.000000 0.000000
0.999796 0.020184 0.000000 5.432799 -0.020184 0.999796 0.000000 -0.146221 0.000000 0.000000 1.000000 0.000000
0.999751 0.022304 0.000000 6.026463 -0.022304 0.999751 0.000000 -0.171549 0.000000 0.000000 1.000000 0.000000
0.999745 0.022589 0.000000 6.592361 -0.022589 0.999745 0.000000 -0.204877 0.000000 0.000000 1.000000 0.000000
0.999714 0.023929 0.000000 7.175936 -0.023929 0.999714 0.000000 -0.213939 0.000000 0.000000 1.000000 0.000000
0.999577 0.029094 0.000000 7.730867 -0.029094 0.999577 0.000000 -0.216263 0.000000 0.000000 1.000000 0.000000
0.999389 0.034961 0.000000 8.310385 -0.034961 0.999389 0.000000 -0.254254 0.000000 0.000000 1.000000 0.000000
0.999163 0.040918 0.000000 8.852287 -0.040918 0.999163 0.000000 -0.273722 0.000000 0.000000 1.000000 0.000000
0.998816 0.048648 0.000000 9.560615 -0.048648 0.998816 0.000000 -0.319058 0.000000 0.000000 1.000000 0.000000
0.998596 0.052981 0.000000 10.143929 -0.052981 0.998596 0.000000 -0.354484 0.000000 0.000000 1.000000 0.000000
0.998422 0.056149 0.000000 10.720122 -0.056149 0.998422 0.000000 -0.394752 0.000000 0.000000 1.000000 0.000000
0.998152 0.060767 0.000000 11.300402 -0.060767 0.998152 0.000000 -0.431182 0.000000 0.000000 1.000000 0.000000
0.997319 0.073174 0.000000 12.444135 -0.073174 0.997319 0.000000 -0.520962 0.000000 0.000000 1.000000 0.000000
0.997072 0.076474 0.000000 12.974784 -0.076474 0.997072 0.000000 -0.546170 0.000000 0.000000 1.000000 0.000000
0.996557 0.082905 0.000000 13.548792 -0.082905 0.996557 0.000000 -0.592975 0.000000 0.000000 1.000000 0.000000
0.995941 0.090008 0.000000 14.082736 -0.090008 0.995941 0.000000 -0.644691 0.000000 0.000000 1.000000 0.000000
0.995260 0.097252 0.000000 14.639130 -0.097252 0.995260 0.000000 -0.699131 0.000000 0.000000 1.000000 0.000000
0.994602 0.103762 0.000000 15.164153 -0.103762 0.994602 0.000000 -0.763309 0.000000 0.000000 1.000000 0.000000
0.994117 0.108308 0.000000 15.740383 -0.108308 0.994117 0.000000 -0.849548 0.000000 0.000000 1.000000 0.000000
0.993462 0.114162 0.000000 16.268030 -0.114162 0.993462 0.000000 -0.907704 0.000000 0.000000 1.000000 0.000000
0.992304 0.123826 0.000000 17.024272 -0.123826 0.992304 0.000000 -0.994688 0.000000 0.000000 1.000000 0.000000
0.990908 0.134542 0.000000 17.590940 -0.134542 0.990908 0.000000 -1.070083 0.000000 0.000000 1.000000 0.000000
0.990024 0.140899 0.000000 18.145936 -0.140899 0.990024 0.000000 -1.156052 0.000000 0.000000 1.000000 0.000000
0.989333 0.145670 0.000000 18.704058 -0.145670 0.989333 0.000000 -1.249597 0.000000 0.000000 1.000000 0.000000
0.988640 0.150300 0.000000 19.272899 -0.150300 0.988640 0.000000 -1.340494 0.000000 0.000000 1.000000 0.000000
0.987668 0.156563 0.000000 19.795496 -0.156563 0.987668 0.000000 -1.433665 0.000000 0.000000 1.000000 0.000000
0.986606 0.163123 0.000000 20.316090 -0.163123 0.986606 0.000000 -1.514816 0.000000 0.000000 1.000000 0.000000
0.985604 0.169070 0.000000 20.876195 -0.169070 0.985604 0.000000 -1.607388 0.000000 0.000000 1.000000 0.000000
0.983993 0.178208 0.000000 21.384583 -0.178208 0.983993 0.000000 -1.705733 0.000000 0.000000 1.000000 0.000000
0.982104 0.188339 0.000000 21.942695 -0.188339 0.982104 0.000000 -1.807954 0.000000 0.000000 1.000000 0.000000
0.980521 0.196415 0.000000 22.685256 -0.196415 0.980521 0.000000 -1.949823 0.000000 0.000000 1.000000 0.000000
0.979533 0.201282 0.000000 23.235227 -0.201282 0.979533 0.000000 -2.080407 0.000000 0.000000 1.000000 0.000000
0.977823 0.209433 0.000000 23.822860 -0.209433 0.977823 0.000000 -2.205289 0.000000 0.000000 1.000000 0.000000
0.976152 0.217086 0.000000 24.363712 -0.217086 0.976152 0.000000 -2.321584 0.000000 0.000000 1.000000 0.000000
0.974502 0.224379 0.000000 24.904348 -0.224379 0.974502 0.000000 -2.440205 0.000000 0.000000 1.000000 0.000000
0.973111 0.230336 0.000000 25.404803 -0.230336 0.973111 0.000000 -2.555602 0.000000 0.000000 1.000000 0.000000
0.971637 0.236477 0.000000 25.956463 -0.236477 0.971637 0.000000 -2.697907 0.000000 0.000000 1.000000 0.000000
0.972033 0.234843 0.000000 26.454220 -0.234843 0.972033 0.000000 -2.815979 0.000000 0.000000 1.000000 0.000000
0.970898 0.239495 0.000000 26.986803 -0.239495 0.970898 0.000000 -2.953673 0.000000 0.000000 1.000000 0.000000
0.968281 0.249862 0.000000 28.023157 -0.249862 0.968281 0.000000 -3.236103 0.000000 0.000000 1.000000 0.000000
0.967185 0.254073 0.000000 28.512667 -0.254073 0.967185 0.000000 -3.357752 0.000000 0.000000 1.000000 0.000000
0.965587 0.260079 0.000000 29.038612 -0.260079 0.965587 0.000000 -3.509985 0.000000 0.000000 1.000000 0.000000
0.963844 0.266468 0.000000 29.701426 -0.266468 0.963844 0.000000 -3.695962 0.000000 0.000000 1.000000 0.000000
0.962483 0.271342 0.000000 30.182054 -0.271342 0.962483 0.000000 -3.845390 0.000000 0.000000 1.000000 0.000000
0.961111 0.276162 0.000000 30.666452 -0.276162 0.961111 0.000000 -3.977530 0.000000 0.000000 1.000000 0.000000
0.958990 0.283439 0.000000 31.182662 -0.283439 0.958990 0.000000 -4.119196 0.000000 0.000000 1.000000 0.000000
0.958210 0.286067 0.000000 31.669191 -0.286067 0.958210 0.000000 -4.263902 0.000000 0.000000 1.000000 0.000000
0.955457 0.295132 0.000000 32.346510 -0.295132 0.955457 0.000000 -4.464648 0.000000 0.000000 1.000000 0.000000
0.953914 0.300080 0.000000 32.849617 -0.300080 0.953914 0.000000 -4.614731 0.000000 0.000000 1.000000 0.000000
0.952852 0.303434 0.000000 33.359914 -0.303434 0.952852 0.000000 -4.786919 0.000000 0.000000 1.000000 0.000000
0.951199 0.308577 0.000000 33.852946 -0.308577 0.951199 0.000000 -4.978463 0.000000 0.000000 1.000000 0.000000
0.949393 0.314091 0.000000 34.378402 -0.314091 0.949393 0.000000 -5.148784 0.000000 0.000000 1.000000 0.000000
0.950001 0.312246 0.000000 34.885254 -0.312246 0.950001 0.000000 -5.324701 0.000000 0.000000 1.000000 0.000000
0.947822 0.318801 0.000000 35.349820 -0.318801 0.947822 0.000000 -5.485408 0.000000 0.000000 1.000000 0.000000
0.946592 0.322435 0.000000 35.862391 -0.322435 0.946592 0.000000 -5.677188 0.000000 0.000000 1.000000 0.000000
0.945127 0.326703 0.000000 36.344892 -0.326703 0.945127 0.000000 -5.838282 0.000000 0.000000 1.000000 0.000000
0.942852 0.333212 0.000000 36.833543 -0.333212 0.942852 0.000000 -6.011760 0.000000 0.000000 1.000000 0.000000
0.940902 0.338679 0.000000 37.302493 -0.338679 0.940902 0.000000 -6.173800 0.000000 0.000000 1.000000 0.000000
0.938561 0.345113 0.000000 37.798299 -0.345113 0.938561 0.000000 -6.369294 0.000000 0.000000 1.000000 0.000000
0.935935 0.352174 0.000000 38.276786 -0.352174 0.935935 0.000000 -6.550281 0.000000 0.000000 1.000000 0.000000
0.933851 0.357662 0.000000 38.780138 -0.357662 0.933851 0.000000 -6.740539 0.000000 0.000000 1.000000 0.000000
0.932763 0.360490 0.000000 39.250833 -0.360490 0.932763 0.000000 -6.906284 0.000000 0.000000 1.000000 0.000000
0.929733 0.368234 0.000000 39.943601 -0.368234 0.929733 0.000000 -7.188137 0.000000 0.000000 1.000000 0.000000
0.925791 0.378036 0.000000 40.648927 -0.378036 0.925791 0.000000 -7.480838 0.000000 0.000000 1.000000 0.000000
0.922789 0.385306 0.000000 41.137495 -0.385306 0.922789 0.000000 -7.671871 0.000000 0.000000 1.000000 0.000000
0.917111 0.398631 0.000000 41.977164 -0.398631 0.917111 0.000000 -8.033970 0.000000 0.000000 1.000000 0.000000
0.914892 0.403699 0.000000 42.454095 -0.403699 0.914892 0.000000 -8.240750 0.000000 0.000000 1.000000 0.000000
0.912813 0.408379 0.000000 42.926205 -0.408379 0.912813 0.000000 -8.462222 0.000000 0.000000 1.000000 0.000000
0.912576 0.408908 0.000000 43.402365 -0.408908 0.912576 0.000000 -8.671208 0.000000 0.000000 1.000000 0.000000
0.908249 0.418430 0.000000 43.872575 -0.418430 0.908249 0.000000 -8.878804 0.000000 0.000000 1.000000 0.000000
0.907583 0.419872 0.000000 44.358107 -0.419872 0.907583 0.000000 -9.109343 0.000000 0.000000 1.000000 0.000000
0.905351 0.424665 0.000000 44.785395 -0.424665 0.905351 0.000000 -9.322568 0.000000 0.000000 1.000000 0.000000
0.902742 0.430183 0.000000 45.229449 -0.430183 0.902742 0.000000 -9.531413 0.000000 0.000000 1.000000 0.000000
0.901136 0.433537 0.000000 45.683700 -0.433537 0.901136 0.000000 -9.754444 0.000000 0.000000 1.000000 0.000000
0.900631 0.434585 0.000000 46.129533 -0.434585 0.900631 0.000000 -9.975805 0.000000 0.000000 1.000000 0.000000
0.898434 0.439108 0.000000 46.556763 -0.439108 0.898434 0.000000 -10.192440 0.000000 0.000000 1.000000 0.000000
0.896897 0.442239 0.000000 47.000284 -0.442239 0.896897 0.000000 -10.413117 0.000000 0.000000 1.000000 0.000000
0.895201 0.445662 0.000000 47.389498 -0.445662 0.895201 0.000000 -10.624787 0.000000 0.000000 1.000000 0.000000
0.895238 0.445589 0.000000 47.813136 -0.445589 0.895238 0.000000 -10.850092 0.000000 0.000000 1.000000 0.000000
0.892762 0.450529 0.000000 48.204006 -0.450529 0.892762 0.000000 -11.050729 0.000000 0.000000 1.000000 0.000000
0.892047 0.451942 0.000000 48.616134 -0.451942 0.892047 0.000000 -11.261484 0.000000 0.000000 1.000000 0.000000
0.891982 0.452072 0.000000 49.030059 -0.452072 0.891982 0.000000 -11.475542 0.000000 0.000000 1.000000 0.000000
0.891262 0.453489 0.000000 49.426266 -0.453489 0.891262 0.000000 -11.695236 0.000000 0.000000 1.000000 0.000000
0.891472 0.453076 0.000000 49.822342 -0.453076 0.891472 0.000000 -11.892485 0.000000 0.000000 1.000000 0.000000
0.887590 0.460634 0.000000 50.209602 -0.460634 0.887590 0.000000 -12.082313 0.000000 0.000000 1.000000 0.000000
0.884981 0.465626 0.000000 50.595993 -0.465626 0.884981 0.000000 -12.291038 0.000000 0.000000 1.000000 0.000000
0.883266 0.468872 0.000000 50.975921 -0.468872 0.883266 0.000000 -12.497621 0.000000 0.000000 1.000000 0.000000
0.879297 0.476273 0.000000 51.357571 -0.476273 0.879297 0.000000 -12.709662 0.000000 0.000000 1.000000 0.000000
0.875814 0.482649 0.000000 51.914605 -0.482649 0.875814 0.000000 -13.024134 0.000000 0.000000 1.000000 0.000000
0.871444 0.490494 0.000000 52.296599 -0.490494 0.871444 0.000000 -13.262099 0.000000 0.000000 1.000000 0.000000
0.866452 0.499260 0.000000 52.657139 -0.499260 0.866452 0.000000 -13.497515 0.000000 0.000000 1.000000 0.000000
0.863570 0.504229 0.000000 53.022802 -0.504229 0.863570 0.000000 -13.714514 0.000000 0.000000 1.000000 0.000000
0.861168 0.508320 0.000000 53.378796 -0.508320 0.861168 0.000000 -13.927891 0.000000 0.000000 1.000000 0.000000
0.857050 0.515233 0.000000 53.716126 -0.515233 0.857050 0.000000 -14.144121 0.000000 0.000000 1.000000 0.000000
0.854508 0.519439 0.000000 54.068476 -0.519439 0.854508 0.000000 -14.355039 0.000000 0.000000 1.000000 0.000000
0.851215 0.524817 0.000000 54.400974 -0.524817 0.851215 0.000000 -14.547024 0.000000 0.000000 1.000000 0.000000
0.847644 0.530565 0.000000 54.725221 -0.530565 0.847644 0.000000 -14.755514 0.000000 0.000000 1.000000 0.000000
0.845912 0.533322 0.000000 55.052552 -0.533322 0.845912 0.000000 -14.962335 0.000000 0.000000 1.000000 0.000000
0.843531 0.537081 0.000000 55.367955 -0.537081 0.843531 0.000000 -15.181866 0.000000 0.000000 1.000000 0.000000
0.840935 0.541137 0.000000 55.989591 -0.541137 0.840935 0.000000 -15.603895 0.000000 0.000000 1.000000 0.000000
0.840726 0.541460 0.000000 56.281390 -0.541460 0.840726 0.000000 -15.799955 0.000000 0.000000 1.000000 0.000000
0.839873 0.542784 0.000000 56.573752 -0.542784 0.839873 0.000000 -15.982744 0.000000 0.000000 1.000000 0.000000
0.839763 0.542953 0.000000 56.843662 -0.542953 0.839763 0.000000 -16.151297 0.000000 0.000000 1.000000 0.000000
0.842694 0.538393 0.000000 57.125066 -0.538393 0.842694 0.000000 -16.337742 0.000000 0.000000 1.000000 0.000000
0.841112 0.540861 0.000000 57.394726 -0.540861 0.841112 0.000000 -16.515908 0.000000 0.000000 1.000000 0.000000
0.840083 0.542458 0.000000 57.670533 -0.542458 0.840083 0.000000 -16.700796 0.000000 0.000000 1.000000 0.000000
0.839232 0.543774 0.000000 57.922206 -0.543774 0.839232 0.000000 -16.871389 0.000000 0.000000 1.000000 0.000000
0.838451 0.544977 0.000000 58.182911 -0.544977 0.838451 0.000000 -17.063898 0.000000 0.000000 1.000000 0.000000
0.839020 0.544101 0.000000 58.417816 -0.544101 0.839020 0.000000 -17.249833 0.000000 0.000000 1.000000 0.000000
0.837216 0.546872 0.000000 58.666851 -0.546872 0.837216 0.000000 -17.408117 0.000000 0.000000 1.000000 0.000000
0.836105 0.548569 0.000000 58.919203 -0.548569 0.836105 0.000000 -17.574353 0.000000 0.000000 1.000000 0.000000
0.832877 0.553458 0.000000 59.273304 -0.553458 0.832877 0.000000 -17.813738 0.000000 0.000000 1.000000 0.000000
0.831927 0.554885 0.000000 59.530709 -0.554885 0.831927 0.000000 -18.001623 0.000000 0.000000 1.000000 0.000000
0.828195 0.560440 0.000000 59.768395 -0.560440 0.828195 0.000000 -18.163610 0.000000 0.000000 1.000000 0.000000
0.825689 0.564126 0.000000 60.003795 -0.564126 0.825689 0.000000 -18.316236 0.000000 0.000000 1.000000 0.000000
0.822210 0.569184 0.000000 60.234534 -0.569184 0.822210 0.000000 -18.466681 0.000000 0.000000 1.000000 0.000000
0.819525 0.573043 0.000000 60.470818 -0.573043 0.819525 0.000000 -18.619419 0.000000 0.000000 1.000000 0.000000
0.819282 0.573391 0.000000 60.691937 -0.573391 0.819282 0.000000 -18.784622 0.000000 0.000000 1.000000 0.000000
0.819079 0.573681 0.000000 60.901768 -0.573681 0.819079 0.000000 -18.925320 0.000000 0.000000 1.000000 0.000000
0.821322 0.570465 0.000000 61.101423 -0.570465 0.821322 0.000000 -19.081413 0.000000 0.000000 1.000000 0.000000
0.820416 0.571767 0.000000 61.297591 -0.571767 0.820416 0.000000 -19.243928 0.000000 0.000000 1.000000 0.000000
0.816682 0.577089 0.000000 61.698809 -0.577089 0.816682 0.000000 -19.526649 0.000000 0.000000 1.000000 0.000000
0.813063 0.582176 0.000000 61.890782 -0.582176 0.813063 0.000000 -19.649591 0.000000 0.000000 1.000000 0.000000
0.812236 0.583328 0.000000 62.076423 -0.583328 0.812236 0.000000 -19.785702 0.000000 0.000000 1.000000 0.000000
0.812857 0.582463 0.000000 62.252461 -0.582463 0.812857 0.000000 -19.931291 0.000000 0.000000 1.000000 0.000000
0.812882 0.582429 0.000000 62.416344 -0.582429 0.812882 0.000000 -20.054340 0.000000 0.000000 1.000000 0.000000
0.811856 0.583858 0.000000 62.572069 -0.583858 0.811856 0.000000 -20.171342 0.000000 0.000000 1.000000 0.000000
0.811801 0.583935 0.000000 62.732822 -0.583935 0.811801 0.000000 -20.307432 0.000000 0.000000 1.000000 0.000000
0.810244 0.586093 0.000000 62.876915 -0.586093 0.810244 0.000000 -20.426773 0.000000 0.000000 1.000000 0.000000
0.809315 0.587376 0.000000 63.043137 -0.587376 0.809315 0.000000 -20.553995 0.000000 0.000000 1.000000 0.000000
0.805871 0.592091 0.000000 63.369515 -0.592091 0.805871 0.000000 -20.790399 0.000000 0.000000 1.000000 0.000000
0.804500 0.593953 0.000000 63.525616 -0.593953 0.804500 0.000000 -20.904810 0.000000 0.000000 1.000000 0.000000
0.804012 0.594612 0.000000 63.664545 -0.594612 0.804012 0.000000 -21.017839 0.000000 0.000000 1.000000 0.000000
0.802508 0.596641 0.000000 63.922650 -0.596641 0.802508 0.000000 -21.209439 0.000000 0.000000 1.000000 0.000000
0.801569 0.597902 0.000000 64.085175 -0.597902 0.801569 0.000000 -21.326876 0.000000 0.000000 1.000000 0.000000
0.799416 0.600778 0.000000 64.245887 -0.600778 0.799416 0.000000 -21.449325 0.000000 0.000000 1.000000 0.000000
0.797464 0.603366 0.000000 64.409958 -0.603366 0.797464 0.000000 -21.572654 0.000000 0.000000 1.000000 0.000000
0.798175 0.602426 0.000000 64.567804 -0.602426 0.798175 0.000000 -21.700119 0.000000 0.000000 1.000000 0.000000
0.796759 0.604297 0.000000 64.736323 -0.604297 0.796759 0.000000 -21.816516 0.000000 0.000000 1.000000 0.000000
0.795669 0.605731 0.000000 64.899905 -0.605731 0.795669 0.000000 -21.938085 0.000000 0.000000 1.000000 0.000000
0.792653 0.609673 0.000000 65.230044 -0.609673 0.792653 0.000000 -22.202863 0.000000 0.000000 1.000000 0.000000
0.790734 0.612160 0.000000 65.383315 -0.612160 0.790734 0.000000 -22.330150 0.000000 0.000000 1.000000 0.000000
0.789217 0.614114 0.000000 65.559526 -0.614114 0.789217 0.000000 -22.465379 0.000000 0.000000 1.000000 0.000000
0.787186 0.616716 0.000000 65.738020 -0.616716 0.787186 0.000000 -22.592699 0.000000 0.000000 1.000000 0.000000
0.786209 0.617960 0.000000 65.898485 -0.617960 0.786209 0.000000 -22.723211 0.000000 0.000000 1.000000 0.000000
0.785478 0.618889 0.000000 66.048419 -0.618889 0.785478 0.000000 -22.847984 0.000000 0.000000 1.000000 0.000000
0.783673 0.621174 0.000000 66.202441 -0.621174 0.783673 0.000000 -22.990754 0.000000 0.000000 1.000000 0.000000
0.781845 0.623473 0.000000 66.368896 -0.623473 0.781845 0.000000 -23.143743 0.000000 0.000000 1.000000 0.000000
0.779016 0.627005 0.000000 66.539077 -0.627005 0.779016 0.000000 -23.289225 0.000000 0.000000 1.000000 0.000000
0.775145 0.631784 0.000000 66.722422 -0.631784 0.775145 0.000000 -23.426194 0.000000 0.000000 1.000000 0.000000
0.771519 0.636206 0.000000 66.907220 -0.636206 0.771519 0.000000 -23.574959 0.000000 0.000000 1.000000 0.000000
0.769380 0.638792 0.000000 67.067713 -0.638792 0.769380 0.000000 -23.728909 0.000000 0.000000 1.000000 0.000000
0.767382 0.641190 0.000000 67.251225 -0.641190 0.767382 0.000000 -23.897464 0.000000 0.000000 1.000000 0.000000
0.765966 0.642882 0.000000 67.422298 -0.642882 0.765966 0.000000 -24.061420 0.000000 0.000000 1.000000 0.000000
0.762595 0.646877 0.000000 67.624078 -0.646877 0.762595 0.000000 -24.224713 0.000000 0.000000 1.000000 0.000000
0.760244 0.649638 0.000000 67.795163 -0.649638 0.760244 0.000000 -24.393326 0.000000 0.000000 1.000000 0.000000
0.755129 0.655576 0.000000 68.077708 -0.655576 0.755129 0.000000 -24.644736 0.000000 0.000000 1.000000 0.000000
0.751999 0.659164 0.000000 68.258232 -0.659164 0.751999 0.000000 -24.813970 0.000000 0.000000 1.000000 0.000000
0.750423 0.660958 0.000000 68.459724 -0.660958 0.750423 0.000000 -24.990177 0.000000 0.000000 1.000000 0.000000
0.749090 0.662468 0.000000 68.631002 -0.662468 0.749090 0.000000 -25.171797 0.000000 0.000000 1.000000 0.000000
0.745581 0.666415 0.000000 69.016440 -0.666415 0.745581 0.000000 -25.552646 0.000000 0.000000 1.000000 0.000000
0.743909 0.668281 0.000000 69.199194 -0.668281 0.743909 0.000000 -25.741052 0.000000 0.000000 1.000000 0.000000
0.742254 0.670118 0.000000 69.386191 -0.670118 0.742254 0.000000 -25.925387 0.000000 0.000000 1.000000 0.000000
0.740345 0.672227 0.000000 69.577618 -0.672227 0.740345 0.000000 -26.120340 0.000000 0.000000 1.000000 0.000000
0.739801 0.672825 0.000000 69.859676 -0.672825 0.739801 0.000000 -26.370272 0.000000 0.000000 1.000000 0.000000
0.735119 0.677938 0.000000 70.057086 -0.677938 0.735119 0.000000 -26.549233 0.000000 0.000000 1.000000 0.000000
0.731818 0.681500 0.000000 70.248275 -0.681500 0.731818 0.000000 -26.733207 0.000000 0.000000 1.000000 0.000000
0.727206 0.686420 0.000000 70.437700 -0.686420 0.727206 0.000000 -26.926093 0.000000 0.000000 1.000000 0.000000
0.725934 0.687764 0.000000 70.626373 -0.687764 0.725934 0.000000 -27.121515 0.000000 0.000000 1.000000 0.000000
0.724249 0.689538 0.000000 70.803004 -0.689538 0.724249 0.000000 -27.305813 0.000000 0.000000 1.000000 0.000000
0.721551 0.692362 0.000000 70.988219 -0.692362 0.721551 0.000000 -27.488230 0.000000 0.000000 1.000000 0.000000
0.721461 0.692455 0.000000 71.173259 -0.692455 0.721461 0.000000 -27.671663 0.000000 0.000000 1.000000 0.000000
0.719544 0.694447 0.000000 71.347974 -0.694447 0.719544 0.000000 -27.847959 0.000000 0.000000 1.000000 0.000000
0.717090 0.696981 0.000000 71.534628 -0.696981 0.717090 0.000000 -28.037403 0.000000 0.000000 1.000000 0.000000
0.717041 0.697031 0.000000 71.706375 -0.697031 0.717041 0.000000 -28.209813 0.000000 0.000000 1.000000 0.000000
0.717938 0.696107 0.000000 71.943713 -0.696107 0.717938 0.000000 -28.452814 0.000000 0.000000 1.000000 0.000000
0.716891 0.697185 0.000000 72.129498 -0.697185 0.716891 0.000000 -28.652294 0.000000 0.000000 1.000000 0.000000
0.715852 0.698252 0.000000 72.314692 -0.698252 0.715852 0.000000 -28.840704 0.000000 0.000000 1.000000 0.000000
0.716160 0.697936 0.000000 72.487099 -0.697936 0.716160 0.000000 -29.026381 0.000000 0.000000 1.000000 0.000000
0.715009 0.699115 0.000000 72.663655 -0.699115 0.715009 0.000000 -29.202413 0.000000 0.000000 1.000000 0.000000
0.718113 0.695927 0.000000 72.834255 -0.695927 0.718113 0.000000 -29.392316 0.000000 0.000000 1.000000 0.000000
0.723068 0.690777 0.000000 72.996565 -0.690777 0.723068 0.000000 -29.584654 0.000000 0.000000 1.000000 0.000000
0.723117 0.690726 0.000000 73.173901 -0.690726 0.723117 0.000000 -29.743802 0.000000 0.000000 1.000000 0.000000
0.725200 0.688538 0.000000 73.342941 -0.688538 0.725200 0.000000 -29.914196 0.000000 0.000000 1.000000 0.000000
0.726594 0.687067 0.000000 73.514788 -0.687067 0.726594 0.000000 -30.059729 0.000000 0.000000 1.000000 0.000000
0.725896 0.687804 0.000000 73.848073 -0.687804 0.725896 0.000000 -30.381270 0.000000 0.000000 1.000000 0.000000
0.726743 0.686909 0.000000 74.006898 -0.686909 0.726743 0.000000 -30.538496 0.000000 0.000000 1.000000 0.000000
0.729126 0.684380 0.000000 74.166946 -0.684380 0.729126 0.000000 -30.701452 0.000000 0.000000 1.000000 0.000000
0.730262 0.683167 0.000000 74.321557 -0.683167 0.730262 0.000000 -30.853267 0.000000 0.000000 1.000000 0.000000
0.732334 0.680945 0.000000 74.480314 -0.680945 0.732334 0.000000 -31.012627 0.000000 0.000000 1.000000 0.000000
0.733269 0.679939 0.000000 74.630171 -0.679939 0.733269 0.000000 -31.154979 0.000000 0.000000 1.000000 0.000000
0.732649 0.680607 0.000000 74.783448 -0.680607 0.732649 0.000000 -31.295486 0.000000 0.000000 1.000000 0.000000
0.733889 0.679270 0.000000 75.051510 -0.679270 0.733889 0.000000 -31.543377 0.000000 0.000000 1.000000 0.000000
0.735539 0.677483 0.000000 75.209916 -0.677483 0.735539 0.000000 -31.692737 0.000000 0.000000 1.000000 0.000000
0.738202 0.674579 0.000000 75.363732 -0.674579 0.738202 0.000000 -31.847139 0.000000 0.000000 1.000000 0.000000
0.739710 0.672926 0.000000 75.517809 -0.672926 0.739710 0.000000 -31.995305 0.000000 0.000000 1.000000 0.000000
0.742226 0.670149 0.000000 75.659653 -0.670149 0.742226 0.000000 -32.144456 0.000000 0.000000 1.000000 0.000000
0.744537 0.667582 0.000000 75.800545 -0.667582 0.744537 0.000000 -32.284753 0.000000 0.000000 1.000000 0.000000
0.752017 0.659144 0.000000 76.075898 -0.659144 0.752017 0.000000 -32.566374 0.000000 0.000000 1.000000 0.000000
0.755166 0.655534 0.000000 76.216855 -0.655534 0.755166 0.000000 -32.682865 0.000000 0.000000 1.000000 0.000000
0.758142 0.652089 0.000000 76.353754 -0.652089 0.758142 0.000000 -32.800093 0.000000 0.000000 1.000000 0.000000
0.764230 0.644944 0.000000 76.588219 -0.644944 0.764230 0.000000 -33.004124 0.000000 0.000000 1.000000 0.000000
0.767769 0.640726 0.000000 76.893654 -0.640726 0.767769 0.000000 -33.260665 0.000000 0.000000 1.000000 0.000000
0.773879 0.633334 0.000000 77.085891 -0.633334 0.773879 0.000000 -33.410611 0.000000 0.000000 1.000000 0.000000
0.776461 0.630165 0.000000 77.211589 -0.630165 0.776461 0.000000 -33.503729 0.000000 0.000000 1.000000 0.000000
0.784702 0.619873 0.000000 77.434566 -0.619873 0.784702 0.000000 -33.701224 0.000000 0.000000 1.000000 0.000000
0.788548 0.614973 0.000000 77.559335 -0.614973 0.788548 0.000000 -33.808361 0.000000 0.000000 1.000000 0.000000
0.791751 0.610845 0.000000 77.664074 -0.610845 0.791751 0.000000 -33.891651 0.000000 0.000000 1.000000 0.000000
0.794181 0.607681 0.000000 77.771792 -0.607681 0.794181 0.000000 -33.972200 0.000000 0.000000 1.000000 0.000000
0.799213 0.601048 0.000000 77.931839 -0.601048 0.799213 0.000000 -34.098467 0.000000 0.000000 1.000000 0.000000
0.804546 0.593891 0.000000 78.123244 -0.593891 0.804546 0.000000 -34.250674 0.000000 0.000000 1.000000 0.000000
0.808177 0.588940 0.000000 78.208314 -0.588940 0.808177 0.000000 -34.314408 0.000000 0.000000 1.000000 0.000000
0.811780 0.583963 0.000000 78.306513 -0.583963 0.811780 0.000000 -34.374128 0.000000 0.000000 1.000000 0.000000
0.815187 0.579198 0.000000 78.389435 -0.579198 0.815187 0.000000 -34.455650 0.000000 0.000000 1.000000 0.000000
0.818412 0.574632 0.000000 78.477939 -0.574632 0.818412 0.000000 -34.520106 0.000000 0.000000 1.000000 0.000000
0.820775 0.571252 0.000000 78.566956 -0.571252 0.820775 0.000000 -34.582981 0.000000 0.000000 1.000000 0.000000
0.827666 0.561221 0.000000 78.728669 -0.561221 0.827666 0.000000 -34.712910 0.000000 0.000000 1.000000 0.000000
0.830000 0.557763 0.000000 78.801060 -0.557763 0.830000 0.000000 -34.774102 0.000000 0.000000 1.000000 0.000000
0.833416 0.552647 0.000000 78.861933 -0.552647 0.833416 0.000000 -34.818704 0.000000 0.000000 1.000000 0.000000
0.835162 0.550004 0.000000 78.917099 -0.550004 0.835162 0.000000 -34.858808 0.000000 0.000000 1.000000 0.000000
0.838389 0.545072 0.000000 78.967662 -0.545072 0.838389 0.000000 -34.896892 0.000000 0.000000 1.000000 0.000000
0.839795 0.542904 0.000000 79.019587 -0.542904 0.839795 0.000000 -34.914656 0.000000 0.000000 1.000000 0.000000
0.840956 0.541104 0.000000 79.061633 -0.541104 0.840956 0.000000 -34.951753 0.000000 0.000000 1.000000 0.000000
0.841914 0.539612 0.000000 79.137911 -0.539612 0.841914 0.000000 -34.994007 0.000000 0.000000 1.000000 0.000000
0.843133 0.537706 0.000000 79.171896 -0.537706 0.843133 0.000000 -35.013809 0.000000 0.000000 1.000000 0.000000
0.843754 0.536730 0.000000 79.207453 -0.536730 0.843754 0.000000 -35.029674 0.000000 0.000000 1.000000 0.000000
0.844160 0.536091 0.000000 79.240068 -0.536091 0.844160 0.000000 -35.053965 0.000000 0.000000 1.000000 0.000000
0.845185 0.534473 0.000000 79.265869 -0.534473 0.845185 0.000000 -35.067292 0.000000 0.000000 1.000000 0.000000
0.846287 0.532728 0.000000 79.293142 -0.532728 0.846287 0.000000 -35.086884 0.000000 0.000000 1.000000 0.000000
0.846050 0.533103 0.000000 79.311314 -0.533103 0.846050 0.000000 -35.095121 0.000000 0.000000 1.000000 0.000000
0.846408 0.532536 0.000000 79.323137 -0.532536 0.846408 0.000000 -35.112224 0.000000 0.000000 1.000000 0.000000
0.847982 0.530025 0.000000 79.345238 -0.530025 0.847982 0.000000 -35.133545 0.000000 0.000000 1.000000 0.000000
0.847300 0.531114 0.000000 79.357422 -0.531114 0.847300 0.000000 -35.130060 0.000000 0.000000 1.000000 0.000000
0.848279 0.529550 0.000000 79.363964 -0.529550 0.848279 0.000000 -35.134261 0.000000 0.000000 1.000000 0.000000
0.848245 0.529604 0.000000 79.358022 -0.529604 0.848245 0.000000 -35.140756 0.000000 0.000000 1.000000 0.000000
0.847439 0.530893 0.000000 79.357440 -0.530893 0.847439 0.000000 -35.130171 0.000000 0.000000 1.000000 0.000000
0.847373 0.530998 0.000000 79.351611 -0.530998 0.847373 0.000000 -35.133487 0.000000 0.000000 1.000000 0.000000
0.847148 0.531357 0.000000 79.350241 -0.531357 0.847148 0.000000 -35.135385 0.000000 0.000000 1.000000 0.000000
0.848079 0.529869 0.000000 79.350628 -0.529869 0.848079 0.000000 -35.137432 0.000000 0.000000 1.000000 0.000000
0.848197 0.529681 0.000000 79.347326 -0.529681 0.848197 0.000000 -35.130325 0.000000 0.000000 1.000000 0.000000
0.847368 0.531006 0.000000 79.346150 -0.531006 0.847368 0.000000 -35.131141 0.000000 0.000000 1.000000 0.000000
0.847189 0.531292 0.000000 79.351502 -0.531292 0.847189 0.000000 -35.125495 0.000000 0.000000 1.000000 0.000000
0.847131 0.531383 0.000000 79.351391 -0.531383 0.847131 0.000000 -35.121039 0.000000 0.000000 1.000000 0.000000
0.847082 0.531462 0.000000 79.352964 -0.531462 0.847082 0.000000 -35.121112 0.000000 0.000000 1.000000 0.000000
0.847088 0.531453 0.000000 79.358787 -0.531453 0.847088 0.000000 -35.121138 0.000000 0.000000 1.000000 0.000000
0.846916 0.531727 0.000000 79.354509 -0.531727 0.846916 0.000000 -35.116909 0.000000 0.000000 1.000000 0.000000
0.846874 0.531793 0.000000 79.359587 -0.531793 0.846874 0.000000 -35.118634 0.000000 0.000000 1.000000 0.000000
0.846931 0.531703 0.000000 79.357135 -0.531703 0.846931 0.000000 -35.120248 0.000000 0.000000 1.000000 0.000000
0.846971 0.531639 0.000000 79.351231 -0.531639 0.846971 0.000000 -35.119034 0.000000 0.000000 1.000000 0.000000
0.847032 0.531542 0.000000 79.358353 -0.531542 0.847032 0.000000 -35.120216 0.000000 0.000000 1.000000 0.000000
0.847005 0.531584 0.000000 79.354225 -0.531584 0.847005 0.000000 -35.129260 0.000000 0.000000 1.000000 0.000000
0.846938 0.531691 0.000000 79.358454 -0.531691 0.846938 0.000000 -35.134867 0.000000 0.000000 1.000000 0.000000
0.847017 0.531566 0.000000 79.363289 -0.531566 0.847017 0.000000 -35.134488 0.000000 0.000000 1.000000 0.000000
0.847021 0.531559 0.000000 79.369788 -0.531559 0.847021 0.000000 -35.134966 0.000000 0.000000 1.000000 0.000000
0.847020 0.531561 0.000000 79.370521 -0.531561 0.847020 0.000000 -35.144017 0.000000 0.000000 1.000000 0.000000
0.846869 0.531802 0.000000 79.369290 -0.531802 0.846869 0.000000 -35.152377 0.000000 0.000000 1.000000 0.000000
0.846773 0.531955 0.000000 79.369908 -0.531955 0.846773 0.000000 -35.151944 0.000000 0.000000 1.000000 0.000000
0.846655 0.532143 0.000000 79.381502 -0.532143 0.846655 0.000000 -35.152381 0.000000 0.000000 1.000000 0.000000
0.846688 0.532089 0.000000 79.382883 -0.532089 0.846688 0.000000 -35.155820 0.000000 0.000000 1.000000 0.000000
0.846762 0.531971 0.000000 79.382887 -0.531971 0.846762 0.000000 -35.147868 0.000000 0.000000 1.000000 0.000000
0.846743 0.532003 0.000000 79.389968 -0.532003 0.846743 0.000000 -35.147887 0.000000 0.000000 1.000000 0.000000
0.846813 0.531891 0.000000 79.384422 -0.531891 0.846813 0.000000 -35.145297 0.000000 0.000000 1.000000 0.000000
0.846767 0.531964 0.000000 79.378841 -0.531964 0.846767 0.000000 -35.139898 0.000000 0.000000 1.000000 0.000000
0.846732 0.532019 0.000000 79.377883 -0.532019 0.846732 0.000000 -35.136066 0.000000 0.000000 1.000000 0.000000
0.846603 0.532225 0.000000 79.382823 -0.532225 0.846603 0.000000 -35.136283 0.000000 0.000000 1.000000 0.000000
0.846638 0.532170 0.000000 79.390868 -0.532170 0.846638 0.000000 -35.134826 0.000000 0.000000 1.000000 0.000000
0.846600 0.532229 0.000000 79.397218 -0.532229 0.846600 0.000000 -35.139720 0.000000 0.000000 1.000000 0.000000
0.846564 0.532287 0.000000 79.395736 -0.532287 0.846564 0.000000 -35.142025 0.000000 0.000000 1.000000 0.000000
0.846483 0.532416 0.000000 79.392183 -0.532416 0.846483 0.000000 -35.150495 0.000000 0.000000 1.000000 0.000000
0.846594 0.532240 0.000000 79.391117 -0.532240 0.846594 0.000000 -35.150115 0.000000 0.000000 1.000000 0.000000
0.846975 0.531633 0.000000 79.385663 -0.531633 0.846975 0.000000 -35.149190 0.000000 0.000000 1.000000 0.000000
0.846896 0.531759 0.000000 79.385283 -0.531759 0.846896 0.000000 -35.159163 0.000000 0.000000 1.000000 0.000000
0.846862 0.531813 0.000000 79.391906 -0.531813 0.846862 0.000000 -35.156411 0.000000 0.000000 1.000000 0.000000
0.846813 0.531891 0.000000 79.392185 -0.531891 0.846813 0.000000 -35.161353 0.000000 0.000000 1.000000 0.000000
0.846857 0.531821 0.000000 79.393198 -0.531821 0.846857 0.000000 -35.167409 0.000000 0.000000 1.000000 0.000000
0.847023 0.531556 0.000000 79.390532 -0.531556 0.847023 0.000000 -35.166283 0.000000 0.000000 1.000000 0.000000
0.847024 0.531554 0.000000 79.388180 -0.531554 0.847024 0.000000 -35.161016 0.000000 0.000000 1.000000 0.000000
0.846920 0.531720 0.000000 79.382564 -0.531720 0.846920 0.000000 -35.159379 0.000000 0.000000 1.000000 0.000000
0.846426 0.532506 0.000000 79.380222 -0.532506 0.846426 0.000000 -35.159059 0.000000 0.000000 1.000000 0.000000
0.845979 0.533217 0.000000 79.373154 -0.533217 0.845979 0.000000 -35.160540 0.000000 0.000000 1.000000 0.000000
0.844671 0.535286 0.000000 79.382876 -0.535286 0.844671 0.000000 -35.155162 0.000000 0.000000 1.000000 0.000000
0.844581 0.535428 0.000000 79.385535 -0.535428 0.844581 0.000000 -35.163839 0.000000 0.000000 1.000000 0.000000
0.844798 0.535085 0.000000 79.382127 -0.535085 0.844798 0.000000 -35.170513 0.000000 0.000000 1.000000 0.000000
0.844937 0.534867 0.000000 79.383035 -0.534867 0.844937 0.000000 -35.180465 0.000000 0.000000 1.000000 0.000000
0.846363 0.532607 0.000000 79.382280 -0.532607 0.846363 0.000000 -35.185591 0.000000 0.000000 1.000000 0.000000
0.846927 0.531710 0.000000 79.382168 -0.531710 0.846927 0.000000 -35.191518 0.000000 0.000000 1.000000 0.000000
0.847365 0.531010 0.000000 79.379518 -0.531010 0.847365 0.000000 -35.197948 0.000000 0.000000 1.000000 0.000000
0.847546 0.530723 0.000000 79.381635 -0.530723 0.847546 0.000000 -35.198183 0.000000 0.000000 1.000000 0.000000
0.847526 0.530753 0.000000 79.369482 -0.530753 0.847526 0.000000 -35.194507 0.000000 0.000000 1.000000 0.000000
0.847621 0.530603 0.000000 79.363107 -0.530603 0.847621 0.000000 -35.203154 0.000000 0.000000 1.000000 0.000000
0.847593 0.530646 0.000000 79.354206 -0.530646 0.847593 0.000000 -35.194417 0.000000 0.000000 1.000000 0.000000
0.847519 0.530764 0.000000 79.350108 -0.530764 0.847519 0.000000 -35.196575 0.000000 0.000000 1.000000 0.000000
0.847787 0.530338 0.000000 79.347621 -0.530338 0.847787 0.000000 -35.193008 0.000000 0.000000 1.000000 0.000000
0.847850 0.530235 0.000000 79.343731 -0.530235 0.847850 0.000000 -35.191434 0.000000 0.000000 1.000000 0.000000
0.848087 0.529857 0.000000 79.343489 -0.529857 0.848087 0.000000 -35.189057 0.000000 0.000000 1.000000 0.000000
0.848134 0.529782 0.000000 79.343671 -0.529782 0.848134 0.000000 -35.192926 0.000000 0.000000 1.000000 0.000000
0.848248 0.529600 0.000000 79.333143 -0.529600 0.848248 0.000000 -35.194127 0.000000 0.000000 1.000000 0.000000
0.848701 0.528873 0.000000 79.326750 -0.528873 0.848701 0.000000 -35.201319 0.000000 0.000000 1.000000 0.000000
0.849013 0.528372 0.000000 79.321168 -0.528372 0.849013 0.000000 -35.201679 0.000000 0.000000 1.000000 0.000000
0.849696 0.527274 0.000000 79.319349 -0.527274 0.849696 0.000000 -35.207827 0.000000 0.000000 1.000000 0.000000
0.850321 0.526265 0.000000 79.318010 -0.526265 0.850321 0.000000 -35.223662 0.000000 0.000000 1.000000 0.000000
0.850454 0.526050 0.000000 79.313051 -0.526050 0.850454 0.000000 -35.227306 0.000000 0.000000 1.000000 0.000000
0.850122 0.526585 0.000000 79.316531 -0.526585 0.850122 0.000000 -35.229833 0.000000 0.000000 1.000000 0.000000
0.848943 0.528485 0.000000 79.327088 -0.528485 0.848943 0.000000 -35.225149 0.000000 0.000000 1.000000 0.000000
0.848094 0.529846 0.000000 79.333365 -0.529846 0.848094 0.000000 -35.227995 0.000000 0.000000 1.000000 0.000000
0.847258 0.531181 0.000000 79.343515 -0.531181 0.847258 0.000000 -35.226701 0.000000 0.000000 1.000000 0.000000
0.846398 0.532551 0.000000 79.342367 -0.532551 0.846398 0.000000 -35.225356 0.000000 0.000000 1.000000 0.000000
0.845544 0.533905 0.000000 79.350421 -0.533905 0.845544 0.000000 -35.234537 0.000000 0.000000 1.000000 0.000000
0.844337 0.535813 0.000000 79.356758 -0.535813 0.844337 0.000000 -35.237388 0.000000 0.000000 1.000000 0.000000
0.843465 0.537184 0.000000 79.369877 -0.537184 0.843465 0.000000 -35.237462 0.000000 0.000000 1.000000 0.000000
0.843331 0.537395 0.000000 79.377020 -0.537395 0.843331 0.000000 -35.242740 0.000000 0.000000 1.000000 0.000000
0.843683 0.536842 0.000000 79.381268 -0.536842 0.843683 0.000000 -35.259906 0.000000 0.000000 1.000000 0.000000
0.844191 0.536043 0.000000 79.389281 -0.536043 0.844191 0.000000 -35.283983 0.000000 0.000000 1.000000 0.000000
0.845004 0.534760 0.000000 79.395937 -0.534760 0.845004 0.000000 -35.281245 0.000000 0.000000 1.000000 0.000000
0.845850 0.533421 0.000000 79.406555 -0.533421 0.845850 0.000000 -35.295495 0.000000 0.000000 1.000000 0.000000
0.846341 0.532641 0.000000 79.414847 -0.532641 0.846341 0.000000 -35.314024 0.000000 0.000000 1.000000 0.000000
0.846364 0.532605 0.000000 79.428375 -0.532605 0.846364 0.000000 -35.323854 0.000000 0.000000 1.000000 0.000000
0.846140 0.532960 0.000000 79.446893 -0.532960 0.846140 0.000000 -35.330044 0.000000 0.000000 1.000000 0.000000
0.845581 0.533848 0.000000 79.453426 -0.533848 0.845581 0.000000 -35.349176 0.000000 0.000000 1.000000 0.000000
0.845267 0.534344 0.000000 79.471839 -0.534344 0.845267 0.000000 -35.349225 0.000000 0.000000 1.000000 0.000000
0.844726 0.535199 0.000000 79.496277 -0.535199 0.844726 0.000000 -35.374515 0.000000 0.000000 1.000000 0.000000
0.845392 0.534147 0.000000 79.514278 -0.534147 0.845392 0.000000 -35.390274 0.000000 0.000000 1.000000 0.000000
0.845459 0.534040 0.000000 79.525919 -0.534040 0.845459 0.000000 -35.402182 0.000000 0.000000 1.000000 0.000000
0.845982 0.533211 0.000000 79.532055 -0.533211 0.845982 0.000000 -35.428023 0.000000 0.000000 1.000000 0.000000
0.846680 0.532102 0.000000 79.537224 -0.532102 0.846680 0.000000 -35.453379 0.000000 0.000000 1.000000 0.000000
0.848230 0.529629 0.000000 79.552494 -0.529629 0.848230 0.000000 -35.464331 0.000000 0.000000 1.000000 0.000000
0.848938 0.528493 0.000000 79.556230 -0.528493 0.848938 0.000000 -35.474903 0.000000 0.000000 1.000000 0.000000
0.849331 0.527861 0.000000 79.554113 -0.527861 0.849331 0.000000 -35.483096 0.000000 0.000000 1.000000 0.000000
0.849448 0.527673 0.000000 79.553728 -0.527673 0.849448 0.000000 -35.492933 0.000000 0.000000 1.000000 0.000000
0.848860 0.528618 0.000000 79.564401 -0.528618 0.848860 0.000000 -35.495197 0.000000 0.000000 1.000000 0.000000
0.848367 0.529409 0.000000 79.570829 -0.529409 0.848367 0.000000 -35.498424 0.000000 0.000000 1.000000 0.000000
0.847728 0.530431 0.000000 79.574566 -0.530431 0.847728 0.000000 -35.497400 0.000000 0.000000 1.000000 0.000000
0.847693 0.530487 0.000000 79.571216 -0.530487 0.847693 0.000000 -35.490961 0.000000 0.000000 1.000000 0.000000
0.847600 0.530636 0.000000 79.567596 -0.530636 0.847600 0.000000 -35.494002 0.000000 0.000000 1.000000 0.000000
0.847738 0.530416 0.000000 79.568395 -0.530416 0.847738 0.000000 -35.489743 0.000000 0.000000 1.000000 0.000000
0.848447 0.529280 0.000000 79.560549 -0.529280 0.848447 0.000000 -35.492162 0.000000 0.000000 1.000000 0.000000
0.848935 0.528497 0.000000 79.558709 -0.528497 0.848935 0.000000 -35.495018 0.000000 0.000000 1.000000 0.000000
0.849151 0.528150 0.000000 79.556585 -0.528150 0.849151 0.000000 -35.494024 0.000000 0.000000 1.000000 0.000000
0.849162 0.528132 0.000000 79.549809 -0.528132 0.849162 0.000000 -35.495664 0.000000 0.000000 1.000000 0.000000
0.849512 0.527569 0.000000 79.541654 -0.527569 0.849512 0.000000 -35.504303 0.000000 0.000000 1.000000 0.000000
0.849719 0.527236 0.000000 79.535473 -0.527236 0.849719 0.000000 -35.503569 0.000000 0.000000 1.000000 0.000000
0.850783 0.525517 0.000000 79.532817 -0.525517 0.850783 0.000000 -35.511531 0.000000 0.000000 1.000000 0.000000
0.850989 0.525183 0.000000 79.530459 -0.525183 0.850989 0.000000 -35.515101 0.000000 0.000000 1.000000 0.000000
0.851477 0.524392 0.000000 79.524428 -0.524392 0.851477 0.000000 -35.525202 0.000000 0.000000 1.000000 0.000000
0.852175 0.523257 0.000000 79.516058 -0.523257 0.852175 0.000000 -35.534355 0.000000 0.000000 1.000000 0.000000
0.852409 0.522875 0.000000 79.512599 -0.522875 0.852409 0.000000 -35.534077 0.000000 0.000000 1.000000 0.000000
0.852782 0.522268 0.000000 79.506587 -0.522268 0.852782 0.000000 -35.533686 0.000000 0.000000 1.000000 0.000000
0.852930 0.522025 0.000000 79.508177 -0.522025 0.852930 0.000000 -35.528837 0.000000 0.000000 1.000000 0.000000
0.852970 0.521960 0.000000 79.506738 -0.521960 0.852970 0.000000 -35.532529 0.000000 0.000000 1.000000 0.000000
0.853352 0.521335 0.000000 79.502872 -0.521335 0.853352 0.000000 -35.529433 0.000000 0.000000 1.000000 0.000000
0.853294 0.521430 0.000000 79.500396 -0.521430 0.853294 0.000000 -35.532662 0.000000 0.000000 1.000000 0.000000
0.854257 0.519850 0.000000 79.498057 -0.519850 0.854257 0.000000 -35.541174 0.000000 0.000000 1.000000 0.000000
