0.999964 0.008539 0.000000 1.156946 -0.008539 0.999964 0.000000 -0.057270 0.000000 0.000000 1.000000 0.000000
0.999941 0.010862 0.000000 1.738808 -0.010862 0.999941 0.000000 -0.122159 0.000000 0.000000 1.000000 0.000000
0.999871 0.016056 0.000000 2.905328 -0.016056 0.999871 0.000000 -0.165530 0.000000 0.000000 1.000000 0.000000
0.999844 0.017640 0.000000 3.479339 -0.017640 0.999844 0.000000 -0.203138 0.000000 0.000000 1.000000 0.000000
0.999790 0.020492 0.000000 4.093274 -0.020492 0.999790 0.000000 -0.168710 0.000000 0.000000 1.000000 0.000000
0.999741 0.022761 0.000000 4.658379 -0.022761 0.999741 0.000000 -0.155937 0.000000 0.000000 1.000000 0.000000
0.999713 0.023963 0.000000 5.445423 -0.023963 0.999713 0.000000 -0.131170 0.000000 0.000000 1.000000 0.000000
0.999618 0.027645 0.000000 6.062683 -0.027645 0.999618 0.000000 -0.103311 0.000000 0.000000 1.000000 0.000000
0.999534 0.030528 0.000000 6.634661 -0.030528 0.999534 0.000000 -0.109107 0.000000 0.000000 1.000000 0.000000
0.999374 0.035384 0.000000 7.222123 -0.035384 0.999374 0.000000 -0.123905 0.000000 0.000000 1.000000 0.000000
0.999120 0.041932 0.000000 7.747574 -0.041932 0.999120 0.000000 -0.110079 0.000000 0.000000 1.000000 0.000000
0.998814 0.048679 0.000000 8.314685 -0.048679 0.998814 0.000000 -0.123521 0.000000 0.000000 1.000000 0.000000
0.998468 0.055339 0.000000 8.885176 -0.055339 0.998468 0.000000 -0.151498 0.000000 0.000000 1.000000 0.000000
0.997972 0.063658 0.000000 9.557737 -0.063658 0.997972 0.000000 -0.198442 0.000000 0.000000 1.000000 0.000000
0.997621 0.068939 0.000000 10.168898 -0.068939 0.997621 0.000000 -0.237904 0.000000 0.000000 1.000000 0.000000
0.997289 0.073589 0.000000 10.751077 -0.073589 0.997289 0.000000 -0.296531 0.000000 0.000000 1.000000 0.000000
0.996843 0.079401 0.000000 11.313799 -0.079401 0.996843 0.000000 -0.364024 0.000000 0.000000 1.000000 0.000000
0.995670 0.092953 0.000000 12.447397 -0.092953 0.995670 0.000000 -0.429757 0.000000 0.000000 1.000000 0.000000
0.995230 0.097555 0.000000 13.006868 -0.097555 0.995230 0.000000 -0.445809 0.000000 0.000000 1.000000 0.000000
0.994432 0.105384 0.000000 13.549234 -0.105384 0.994432 0.000000 -0.494538 0.000000 0.000000 1.000000 0.000000
0.993417 0.114559 0.000000 14.095150 -0.114559 0.993417 0.000000 -0.529155 0.000000 0.000000 1.000000 0.000000
0.992374 0.123264 0.000000 14.623247 -0.123264 0.992374 0.000000 -0.599335 0.000000 0.000000 1.000000 0.000000
0.991468 0.130351 0.000000 15.107768 -0.130351 0.991468 0.000000 -0.663527 0.000000 0.000000 1.000000 0.000000
0.990856 0.134923 0.000000 15.667581 -0.134923 0.990856 0.000000 -0.746136 0.000000 0.000000 1.000000 0.000000
0.990014 0.140971 0.000000 16.225228 -0.140971 0.990014 0.000000 -0.827614 0.000000 0.000000 1.000000 0.000000
0.988658 0.150187 0.000000 16.966364 -0.150187 0.988658 0.000000 -0.915529 0.000000 0.000000 1.000000 0.000000
0.986998 0.160732 0.000000 17.522609 -0.160732 0.986998 0.000000 -0.990746 0.000000 0.000000 1.000000 0.000000
0.985968 0.166937 0.000000 18.116423 -0.166937 0.985968 0.000000 -1.094644 0.000000 0.000000 1.000000 0.000000
0.985156 0.171661 0.000000 18.662122 -0.171661 0.985156 0.000000 -1.202506 0.000000 0.000000 1.000000 0.000000
0.984196 0.177081 0.000000 19.228399 -0.177081 0.984196 0.000000 -1.319759 0.000000 0.000000 1.000000 0.000000
0.982968 0.183777 0.000000 19.779274 -0.183777 0.982968 0.000000 -1.399533 0.000000 0.000000 1.000000 0.000000
0.981554 0.191186 0.000000 20.292582 -0.191186 0.981554 0.000000 -1.512973 0.000000 0.000000 1.000000 0.000000
0.980159 0.198213 0.000000 20.837056 -0.198213 0.980159 0.000000 -1.616431 0.000000 0.000000 1.000000 0.000000
0.978236 0.207497 0.000000 21.359469 -0.207497 0.978236 0.000000 -1.729036 0.000000 0.000000 1.000000 0.000000
0.976061 0.217499 0.000000 21.929672 -0.217499 0.976061 0.000000 -1.861522 0.000000 0.000000 1.000000 0.000000
0.974170 0.225816 0.000000 22.705836 -0.225816 0.974170 0.000000 -2.044257 0.000000 0.000000 1.000000 0.000000
0.973033 0.230666 0.000000 23.273366 -0.230666 0.973033 0.000000 -2.182044 0.000000 0.000000 1.000000 0.000000
0.971108 0.238640 0.000000 23.846989 -0.238640 0.971108 0.000000 -2.315143 0.000000 0.000000 1.000000 0.000000
0.969207 0.246247 0.000000 24.384027 -0.246247 0.969207 0.000000 -2.454220 0.000000 0.000000 1.000000 0.000000
0.967248 0.253832 0.000000 24.904227 -0.253832 0.967248 0.000000 -2.578214 0.000000 0.000000 1.000000 0.000000
0.965744 0.259497 0.000000 25.392731 -0.259497 0.965744 0.000000 -2.690105 0.000000 0.000000 1.000000 0.000000
0.964009 0.265869 0.000000 25.949456 -0.265869 0.964009 0.000000 -2.826926 0.000000 0.000000 1.000000 0.000000
0.964174 0.265270 0.000000 26.444937 -0.265270 0.964174 0.000000 -2.957936 0.000000 0.000000 1.000000 0.000000
0.962589 0.270964 0.000000 26.900594 -0.270964 0.962589 0.000000 -3.066376 0.000000 0.000000 1.000000 0.000000
0.958836 0.283961 0.000000 27.919128 -0.283961 0.958836 0.000000 -3.352743 0.000000 0.000000 1.000000 0.000000
0.956802 0.290741 0.000000 28.427719 -0.290741 0.956802 0.000000 -3.516399 0.000000 0.000000 1.000000 0.000000
0.954713 0.297528 0.000000 28.952742 -0.297528 0.954713 0.000000 -3.672629 0.000000 0.000000 1.000000 0.000000
0.952377 0.304924 0.000000 29.624190 -0.304924 0.952377 0.000000 -3.883140 0.000000 0.000000 1.000000 0.000000
0.950123 0.311876 0.000000 30.126373 -0.311876 0.950123 0.000000 -4.088123 0.000000 0.000000 1.000000 0.000000
0.948483 0.316829 0.000000 30.605649 -0.316829 0.948483 0.000000 -4.236893 0.000000 0.000000 1.000000 0.000000
0.945818 0.324697 0.000000 31.105210 -0.324697 0.945818 0.000000 -4.408342 0.000000 0.000000 1.000000 0.000000
0.944649 0.328082 0.000000 31.603782 -0.328082 0.944649 0.000000 -4.587949 0.000000 0.000000 1.000000 0.000000
0.941366 0.337388 0.000000 32.282367 -0.337388 0.941366 0.000000 -4.840837 0.000000 0.000000 1.000000 0.000000
0.939420 0.342768 0.000000 32.777969 -0.342768 0.939420 0.000000 -5.045738 0.000000 0.000000 1.000000 0.000000
0.937936 0.346809 0.000000 33.281847 -0.346809 0.937936 0.000000 -5.235780 0.000000 0.000000 1.000000 0.000000
0.935924 0.352203 0.000000 33.740047 -0.352203 0.935924 0.000000 -5.417735 0.000000 0.000000 1.000000 0.000000
0.933748 0.357930 0.000000 34.249527 -0.357930 0.933748 0.000000 -5.628275 0.000000 0.000000 1.000000 0.000000
0.933802 0.357789 0.000000 34.737306 -0.357789 0.933802 0.000000 -5.833601 0.000000 0.000000 1.000000 0.000000
0.930579 0.366090 0.000000 35.195632 -0.366090 0.930579 0.000000 -5.985417 0.000000 0.000000 1.000000 0.000000
0.928061 0.372428 0.000000 35.704229 -0.372428 0.928061 0.000000 -6.171631 0.000000 0.000000 1.000000 0.000000
0.925240 0.379382 0.000000 36.149175 -0.379382 0.925240 0.000000 -6.356823 0.000000 0.000000 1.000000 0.000000
0.921952 0.387304 0.000000 36.644450 -0.387304 0.921952 0.000000 -6.572821 0.000000 0.000000 1.000000 0.000000
0.918982 0.394298 0.000000 37.108483 -0.394298 0.918982 0.000000 -6.791767 0.000000 0.000000 1.000000 0.000000
0.915655 0.401965 0.000000 37.594769 -0.401965 0.915655 0.000000 -7.006824 0.000000 0.000000 1.000000 0.000000
0.912107 0.409953 0.000000 38.092830 -0.409953 0.912107 0.000000 -7.240181 0.000000 0.000000 1.000000 0.000000
0.909705 0.415256 0.000000 38.585904 -0.415256 0.909705 0.000000 -7.446387 0.000000 0.000000 1.000000 0.000000
0.908314 0.418289 0.000000 39.033536 -0.418289 0.908314 0.000000 -7.639666 0.000000 0.000000 1.000000 0.000000
0.904751 0.425941 0.000000 39.689587 -0.425941 0.904751 0.000000 -7.947881 0.000000 0.000000 1.000000 0.000000
0.900470 0.434919 0.000000 40.379077 -0.434919 0.900470 0.000000 -8.250309 0.000000 0.000000 1.000000 0.000000
0.897305 0.441411 0.000000 40.825286 -0.441411 0.897305 0.000000 -8.446333 0.000000 0.000000 1.000000 0.000000
0.891215 0.453581 0.000000 41.627403 -0.453581 0.891215 0.000000 -8.850758 0.000000 0.000000 1.000000 0.000000
0.889076 0.457760 0.000000 42.097685 -0.457760 0.889076 0.000000 -9.089772 0.000000 0.000000 1.000000 0.000000
0.887235 0.461317 0.000000 42.545926 -0.461317 0.887235 0.000000 -9.331825 0.000000 0.000000 1.000000 0.000000
0.887103 0.461572 0.000000 42.973466 -0.461572 0.887103 0.000000 -9.576498 0.000000 0.000000 1.000000 0.000000
0.881947 0.471349 0.000000 43.461417 -0.471349 0.881947 0.000000 -9.817084 0.000000 0.000000 1.000000 0.000000
0.880763 0.473558 0.000000 43.932906 -0.473558 0.880763 0.000000 -10.064742 0.000000 0.000000 1.000000 0.000000
0.877777 0.479069 0.000000 44.348351 -0.479069 0.877777 0.000000 -10.317599 0.000000 0.000000 1.000000 0.000000
0.874351 0.485294 0.000000 44.759456 -0.485294 0.874351 0.000000 -10.559616 0.000000 0.000000 1.000000 0.000000
0.872361 0.488862 0.000000 45.180999 -0.488862 0.872361 0.000000 -10.801529 0.000000 0.000000 1.000000 0.000000
0.871087 0.491128 0.000000 45.603049 -0.491128 0.871087 0.000000 -11.057739 0.000000 0.000000 1.000000 0.000000
0.868204 0.496207 0.000000 45.974503 -0.496207 0.868204 0.000000 -11.276109 0.000000 0.000000 1.000000 0.000000
0.865903 0.500212 0.000000 46.364101 -0.500212 0.865903 0.000000 -11.512504 0.000000 0.000000 1.000000 0.000000
0.863263 0.504754 0.000000 46.737888 -0.504754 0.863263 0.000000 -11.719405 0.000000 0.000000 1.000000 0.000000
0.862823 0.505506 0.000000 47.138724 -0.505506 0.862823 0.000000 -11.943647 0.000000 0.000000 1.000000 0.000000
0.859371 0.511353 0.000000 47.542088 -0.511353 0.859371 0.000000 -12.202840 0.000000 0.000000 1.000000 0.000000
0.857750 0.514066 0.000000 47.945037 -0.514066 0.857750 0.000000 -12.445051 0.000000 0.000000 1.000000 0.000000
0.856687 0.515837 0.000000 48.328111 -0.515837 0.856687 0.000000 -12.658351 0.000000 0.000000 1.000000 0.000000
0.853965 0.520330 0.000000 48.719667 -0.520330 0.853965 0.000000 -12.918984 0.000000 0.000000 1.000000 0.000000
0.852672 0.522446 0.000000 49.099230 -0.522446 0.852672 0.000000 -13.115508 0.000000 0.000000 1.000000 0.000000
0.847179 0.531307 0.000000 49.454248 -0.531307 0.847179 0.000000 -13.310198 0.000000 0.000000 1.000000 0.000000
0.843312 0.537425 0.000000 49.822880 -0.537425 0.843312 0.000000 -13.537146 0.000000 0.000000 1.000000 0.000000
0.840790 0.541361 0.000000 50.160928 -0.541361 0.840790 0.000000 -13.788361 0.000000 0.000000 1.000000 0.000000
0.835847 0.548962 0.000000 50.510275 -0.548962 0.835847 0.000000 -14.040174 0.000000 0.000000 1.000000 0.000000
0.832438 0.554118 0.000000 51.038746 -0.554118 0.832438 0.000000 -14.375098 0.000000 0.000000 1.000000 0.000000
0.828672 0.559734 0.000000 51.382420 -0.559734 0.828672 0.000000 -14.576599 0.000000 0.000000 1.000000 0.000000
0.824687 0.565590 0.000000 51.689781 -0.565590 0.824687 0.000000 -14.748187 0.000000 0.000000 1.000000 0.000000
0.823785 0.566902 0.000000 51.974794 -0.566902 0.823785 0.000000 -14.916698 0.000000 0.000000 1.000000 0.000000
0.821839 0.569720 0.000000 52.296307 -0.569720 0.821839 0.000000 -15.127656 0.000000 0.000000 1.000000 0.000000
0.817341 0.576154 0.000000 52.619219 -0.576154 0.817341 0.000000 -15.373999 0.000000 0.000000 1.000000 0.000000
0.814647 0.579957 0.000000 53.031912 -0.579957 0.814647 0.000000 -15.651400 0.000000 0.000000 1.000000 0.000000
0.811481 0.584379 0.000000 53.349015 -0.584379 0.811481 0.000000 -15.876798 0.000000 0.000000 1.000000 0.000000
0.808253 0.588836 0.000000 53.646941 -0.588836 0.808253 0.000000 -16.114835 0.000000 0.000000 1.000000 0.000000
0.806853 0.590753 0.000000 53.947681 -0.590753 0.806853 0.000000 -16.351449 0.000000 0.000000 1.000000 0.000000
0.804092 0.594505 0.000000 54.252364 -0.594505 0.804092 0.000000 -16.590122 0.000000 0.000000 1.000000 0.000000
0.800966 0.598710 0.000000 54.834917 -0.598710 0.800966 0.000000 -17.039095 0.000000 0.000000 1.000000 0.000000
0.801024 0.598632 0.000000 55.087327 -0.598632 0.801024 0.000000 -17.213892 0.000000 0.000000 1.000000 0.000000
0.799162 0.601116 0.000000 55.362935 -0.601116 0.799162 0.000000 -17.402348 0.000000 0.000000 1.000000 0.000000
0.798103 0.602521 0.000000 55.615099 -0.602521 0.798103 0.000000 -17.583499 0.000000 0.000000 1.000000 0.000000
0.799535 0.600620 0.000000 55.890501 -0.600620 0.799535 0.000000 -17.797850 0.000000 0.000000 1.000000 0.000000
0.796765 0.604289 0.000000 56.148251 -0.604289 0.796765 0.000000 -17.968600 0.000000 0.000000 1.000000 0.000000
0.795210 0.606334 0.000000 56.415203 -0.606334 0.795210 0.000000 -18.133788 0.000000 0.000000 1.000000 0.000000
0.793007 0.609213 0.000000 56.646526 -0.609213 0.793007 0.000000 -18.319689 0.000000 0.000000 1.000000 0.000000
0.790811 0.612060 0.000000 56.882661 -0.612060 0.790811 0.000000 -18.494756 0.000000 0.000000 1.000000 0.000000
0.790574 0.612367 0.000000 57.090495 -0.612367 0.790574 0.000000 -18.665261 0.000000 0.000000 1.000000 0.000000
0.787560 0.616238 0.000000 57.307810 -0.616238 0.787560 0.000000 -18.814100 0.000000 0.000000 1.000000 0.000000
0.784706 0.619868 0.000000 57.515646 -0.619868 0.784706 0.000000 -18.994018 0.000000 0.000000 1.000000 0.000000
0.780125 0.625624 0.000000 57.836303 -0.625624 0.780125 0.000000 -19.268309 0.000000 0.000000 1.000000 0.000000
0.778251 0.627954 0.000000 58.067885 -0.627954 0.778251 0.000000 -19.457954 0.000000 0.000000 1.000000 0.000000
0.774276 0.632848 0.000000 58.284619 -0.632848 0.774276 0.000000 -19.650884 0.000000 0.000000 1.000000 0.000000
0.772043 0.635570 0.000000 58.494818 -0.635570 0.772043 0.000000 -19.816565 0.000000 0.000000 1.000000 0.000000
0.768886 0.639386 0.000000 58.713233 -0.639386 0.768886 0.000000 -19.998277 0.000000 0.000000 1.000000 0.000000
0.766868 0.641805 0.000000 58.912598 -0.641805 0.766868 0.000000 -20.168103 0.000000 0.000000 1.000000 0.000000
0.766956 0.641700 0.000000 59.109978 -0.641700 0.766956 0.000000 -20.344598 0.000000 0.000000 1.000000 0.000000
0.766722 0.641979 0.000000 59.326178 -0.641979 0.766722 0.000000 -20.529678 0.000000 0.000000 1.000000 0.000000
0.768241 0.640161 0.000000 59.520305 -0.640161 0.768241 0.000000 -20.688553 0.000000 0.000000 1.000000 0.000000
0.766357 0.642415 0.000000 59.672581 -0.642415 0.766357 0.000000 -20.837509 0.000000 0.000000 1.000000 0.000000
0.760671 0.649137 0.000000 60.074050 -0.649137 0.760671 0.000000 -21.123570 0.000000 0.000000 1.000000 0.000000
0.755987 0.654586 0.000000 60.232361 -0.654586 0.755987 0.000000 -21.258592 0.000000 0.000000 1.000000 0.000000
0.754364 0.656457 0.000000 60.339984 -0.656457 0.754364 0.000000 -21.407584 0.000000 0.000000 1.000000 0.000000
0.754331 0.656494 0.000000 60.517261 -0.656494 0.754331 0.000000 -21.583674 0.000000 0.000000 1.000000 0.000000
0.754301 0.656529 0.000000 60.711052 -0.656529 0.754301 0.000000 -21.715954 0.000000 0.000000 1.000000 0.000000
0.751986 0.659179 0.000000 60.894145 -0.659179 0.751986 0.000000 -21.874803 0.000000 0.000000 1.000000 0.000000
0.751325 0.659933 0.000000 61.089052 -0.659933 0.751325 0.000000 -22.029775 0.000000 0.000000 1.000000 0.000000
0.748355 0.663299 0.000000 61.253762 -0.663299 0.748355 0.000000 -22.124325 0.000000 0.000000 1.000000 0.000000
0.746851 0.664991 0.000000 61.416298 -0.664991 0.746851 0.000000 -22.227147 0.000000 0.000000 1.000000 0.000000
0.742310 0.670056 0.000000 61.776047 -0.670056 0.742310 0.000000 -22.459799 0.000000 0.000000 1.000000 0.000000
0.740162 0.672429 0.000000 61.939826 -0.672429 0.740162 0.000000 -22.597781 0.000000 0.000000 1.000000 0.000000
0.738889 0.673828 0.000000 62.092054 -0.673828 0.738889 0.000000 -22.735234 0.000000 0.000000 1.000000 0.000000
0.736641 0.676284 0.000000 62.327968 -0.676284 0.736641 0.000000 -22.946721 0.000000 0.000000 1.000000 0.000000
0.735326 0.677714 0.000000 62.465974 -0.677714 0.735326 0.000000 -23.074045 0.000000 0.000000 1.000000 0.000000
0.733207 0.680006 0.000000 62.626358 -0.680006 0.733207 0.000000 -23.169635 0.000000 0.000000 1.000000 0.000000
0.731126 0.682243 0.000000 62.784007 -0.682243 0.731126 0.000000 -23.293438 0.000000 0.000000 1.000000 0.000000
0.730938 0.682444 0.000000 62.945303 -0.682444 0.730938 0.000000 -23.438413 0.000000 0.000000 1.000000 0.000000
0.729119 0.684387 0.000000 63.083001 -0.684387 0.729119 0.000000 -23.548819 0.000000 0.000000 1.000000 0.000000
0.727651 0.685948 0.000000 63.208637 -0.685948 0.727651 0.000000 -23.620513 0.000000 0.000000 1.000000 0.000000
0.722750 0.691110 0.000000 63.515563 -0.691110 0.722750 0.000000 -23.906091 0.000000 0.000000 1.000000 0.000000
0.719251 0.694750 0.000000 63.659133 -0.694750 0.719251 0.000000 -24.028808 0.000000 0.000000 1.000000 0.000000
0.716372 0.697718 0.000000 63.836781 -0.697718 0.716372 0.000000 -24.201104 0.000000 0.000000 1.000000 0.000000
0.712898 0.701267 0.000000 63.982373 -0.701267 0.712898 0.000000 -24.361871 0.000000 0.000000 1.000000 0.000000
0.711660 0.702524 0.000000 64.099708 -0.702524 0.711660 0.000000 -24.499228 0.000000 0.000000 1.000000 0.000000
0.710133 0.704068 0.000000 64.286207 -0.704068 0.710133 0.000000 -24.679731 0.000000 0.000000 1.000000 0.000000
0.707576 0.706637 0.000000 64.443890 -0.706637 0.707576 0.000000 -24.838634 0.000000 0.000000 1.000000 0.000000
0.705300 0.708909 0.000000 64.573396 -0.708909 0.705300 0.000000 -24.989960 0.000000 0.000000 1.000000 0.000000
0.700602 0.713552 0.000000 64.745188 -0.713552 0.700602 0.000000 -25.174179 0.000000 0.000000 1.000000 0.000000
0.695749 0.718285 0.000000 64.892128 -0.718285 0.695749 0.000000 -25.323198 0.000000 0.000000 1.000000 0.000000
0.691389 0.722483 0.000000 65.060867 -0.722483 0.691389 0.000000 -25.492154 0.000000 0.000000 1.000000 0.000000
0.688724 0.725024 0.000000 65.191543 -0.725024 0.688724 0.000000 -25.637479 0.000000 0.000000 1.000000 0.000000
0.685813 0.727778 0.000000 65.356779 -0.727778 0.685813 0.000000 -25.808999 0.000000 0.000000 1.000000 0.000000
0.683820 0.729651 0.000000 65.515021 -0.729651 0.683820 0.000000 -26.017169 0.000000 0.000000 1.000000 0.000000
0.679915 0.733291 0.000000 65.692908 -0.733291 0.679915 0.000000 -26.192927 0.000000 0.000000 1.000000 0.000000
0.677051 0.735936 0.000000 65.832562 -0.735936 0.677051 0.000000 -26.380723 0.000000 0.000000 1.000000 0.000000
0.671348 0.741142 0.000000 66.017145 -0.741142 0.671348 0.000000 -26.651937 0.000000 0.000000 1.000000 0.000000
0.667542 0.744572 0.000000 66.145450 -0.744572 0.667542 0.000000 -26.854550 0.000000 0.000000 1.000000 0.000000
0.665944 0.746002 0.000000 66.295745 -0.746002 0.665944 0.000000 -27.027581 0.000000 0.000000 1.000000 0.000000
0.664620 0.747181 0.000000 66.453814 -0.747181 0.664620 0.000000 -27.208553 0.000000 0.000000 1.000000 0.000000
0.659051 0.752098 0.000000 66.799964 -0.752098 0.659051 0.000000 -27.663878 0.000000 0.000000 1.000000 0.000000
0.655521 0.755177 0.000000 66.971983 -0.755177 0.655521 0.000000 -27.920973 0.000000 0.000000 1.000000 0.000000
0.652543 0.757751 0.000000 67.147298 -0.757751 0.652543 0.000000 -28.128190 0.000000 0.000000 1.000000 0.000000
0.649402 0.760445 0.000000 67.323266 -0.760445 0.649402 0.000000 -28.357984 0.000000 0.000000 1.000000 0.000000
0.647208 0.762313 0.000000 67.555775 -0.762313 0.647208 0.000000 -28.668963 0.000000 0.000000 1.000000 0.000000
0.640079 0.768309 0.000000 67.727460 -0.768309 0.640079 0.000000 -28.907395 0.000000 0.000000 1.000000 0.000000
0.634410 0.772996 0.000000 67.850250 -0.772996 0.634410 0.000000 -29.155212 0.000000 0.000000 1.000000 0.000000
0.629546 0.776963 0.000000 68.032532 -0.776963 0.629546 0.000000 -29.364801 0.000000 0.000000 1.000000 0.000000
0.628909 0.777479 0.000000 68.172517 -0.777479 0.628909 0.000000 -29.530804 0.000000 0.000000 1.000000 0.000000
0.626604 0.779338 0.000000 68.342503 -0.779338 0.626604 0.000000 -29.749541 0.000000 0.000000 1.000000 0.000000
0.624561 0.780976 0.000000 68.499759 -0.780976 0.624561 0.000000 -29.919763 0.000000 0.000000 1.000000 0.000000
0.624336 0.781156 0.000000 68.623651 -0.781156 0.624336 0.000000 -30.103210 0.000000 0.000000 1.000000 0.000000
0.622274 0.782799 0.000000 68.763386 -0.782799 0.622274 0.000000 -30.289752 0.000000 0.000000 1.000000 0.000000
0.619629 0.784894 0.000000 68.920985 -0.784894 0.619629 0.000000 -30.490579 0.000000 0.000000 1.000000 0.000000
0.619165 0.785261 0.000000 69.069205 -0.785261 0.619165 0.000000 -30.667622 0.000000 0.000000 1.000000 0.000000
0.619298 0.785156 0.000000 69.284684 -0.785156 0.619298 0.000000 -30.904177 0.000000 0.000000 1.000000 0.000000
0.617293 0.786734 0.000000 69.452411 -0.786734 0.617293 0.000000 -31.131291 0.000000 0.000000 1.000000 0.000000
0.614709 0.788754 0.000000 69.607517 -0.788754 0.614709 0.000000 -31.350973 0.000000 0.000000 1.000000 0.000000
0.614291 0.789079 0.000000 69.778354 -0.789079 0.614291 0.000000 -31.553083 0.000000 0.000000 1.000000 0.000000
0.612212 0.790694 0.000000 69.918177 -0.790694 0.612212 0.000000 -31.767387 0.000000 0.000000 1.000000 0.000000
0.614551 0.788877 0.000000 70.075429 -0.788877 0.614551 0.000000 -32.013070 0.000000 0.000000 1.000000 0.000000
0.618339 0.785911 0.000000 70.214754 -0.785911 0.618339 0.000000 -32.235981 0.000000 0.000000 1.000000 0.000000
0.616942 0.787008 0.000000 70.400679 -0.787008 0.616942 0.000000 -32.409579 0.000000 0.000000 1.000000 0.000000
0.616383 0.787446 0.000000 70.602412 -0.787446 0.616383 0.000000 -32.616708 0.000000 0.000000 1.000000 0.000000
0.615350 0.788254 0.000000 70.759187 -0.788254 0.615350 0.000000 -32.812514 0.000000 0.000000 1.000000 0.000000
0.613138 0.789976 0.000000 71.052596 -0.789976 0.613138 0.000000 -33.181689 0.000000 0.000000 1.000000 0.000000
0.612098 0.790782 0.000000 71.184846 -0.790782 0.612098 0.000000 -33.418593 0.000000 0.000000 1.000000 0.000000
0.613558 0.789650 0.000000 71.296337 -0.789650 0.613558 0.000000 -33.616748 0.000000 0.000000 1.000000 0.000000
0.614191 0.789157 0.000000 71.414125 -0.789157 0.614191 0.000000 -33.787339 0.000000 0.000000 1.000000 0.000000
0.616117 0.787655 0.000000 71.558050 -0.787655 0.616117 0.000000 -33.961019 0.000000 0.000000 1.000000 0.000000
0.617740 0.786382 0.000000 71.712816 -0.786382 0.617740 0.000000 -34.089756 0.000000 0.000000 1.000000 0.000000
0.617030 0.786940 0.000000 71.852893 -0.786940 0.617030 0.000000 -34.228995 0.000000 0.000000 1.000000 0.000000
0.618069 0.786124 0.000000 72.056031 -0.786124 0.618069 0.000000 -34.510106 0.000000 0.000000 1.000000 0.000000
0.619889 0.784689 0.000000 72.179972 -0.784689 0.619889 0.000000 -34.669683 0.000000 0.000000 1.000000 0.000000
0.622628 0.782518 0.000000 72.290924 -0.782518 0.622628 0.000000 -34.855987 0.000000 0.000000 1.000000 0.000000
0.624360 0.781137 0.000000 72.419642 -0.781137 0.624360 0.000000 -35.016917 0.000000 0.000000 1.000000 0.000000
0.626930 0.779076 0.000000 72.563770 -0.779076 0.626930 0.000000 -35.185317 0.000000 0.000000 1.000000 0.000000
0.629464 0.777030 0.000000 72.694578 -0.777030 0.629464 0.000000 -35.353697 0.000000 0.000000 1.000000 0.000000
0.637053 0.770820 0.000000 72.947645 -0.770820 0.637053 0.000000 -35.669090 0.000000 0.000000 1.000000 0.000000
0.640378 0.768060 0.000000 73.079467 -0.768060 0.640378 0.000000 -35.830693 0.000000 0.000000 1.000000 0.000000
0.643296 0.765618 0.000000 73.194401 -0.765618 0.643296 0.000000 -35.964438 0.000000 0.000000 1.000000 0.000000
0.649989 0.759944 0.000000 73.383628 -0.759944 0.649989 0.000000 -36.186881 0.000000 0.000000 1.000000 0.000000
0.654001 0.756494 0.000000 73.647414 -0.756494 0.654001 0.000000 -36.477473 0.000000 0.000000 1.000000 0.000000
0.661064 0.750330 0.000000 73.767512 -0.750330 0.661064 0.000000 -36.671419 0.000000 0.000000 1.000000 0.000000
0.664570 0.747226 0.000000 73.864267 -0.747226 0.664570 0.000000 -36.773835 0.000000 0.000000 1.000000 0.000000
0.674898 0.737911 0.000000 74.058412 -0.737911 0.674898 0.000000 -37.010019 0.000000 0.000000 1.000000 0.000000
0.678856 0.734271 0.000000 74.138668 -0.734271 0.678856 0.000000 -37.135449 0.000000 0.000000 1.000000 0.000000
0.682608 0.730784 0.000000 74.230662 -0.730784 0.682608 0.000000 -37.211951 0.000000 0.000000 1.000000 0.000000
0.685678 0.727905 0.000000 74.316754 -0.727905 0.685678 0.000000 -37.305412 0.000000 0.000000 1.000000 0.000000
0.690979 0.722875 0.000000 74.440037 -0.722875 0.690979 0.000000 -37.467567 0.000000 0.000000 1.000000 0.000000
0.697735 0.716356 0.000000 74.601048 -0.716356 0.697735 0.000000 -37.628307 0.000000 0.000000 1.000000 0.000000
0.701625 0.712546 0.000000 74.693468 -0.712546 0.701625 0.000000 -37.707889 0.000000 0.000000 1.000000 0.000000
0.705415 0.708795 0.000000 74.786640 -0.708795 0.705415 0.000000 -37.786294 0.000000 0.000000 1.000000 0.000000
0.709023 0.705186 0.000000 74.852271 -0.705186 0.709023 0.000000 -37.849046 0.000000 0.000000 1.000000 0.000000
0.712778 0.701390 0.000000 74.932027 -0.701390 0.712778 0.000000 -37.924235 0.000000 0.000000 1.000000 0.000000
0.714564 0.699570 0.000000 75.026759 -0.699570 0.714564 0.000000 -38.012056 0.000000 0.000000 1.000000 0.000000
0.721550 0.692363 0.000000 75.112756 -0.692363 0.721550 0.000000 -38.170531 0.000000 0.000000 1.000000 0.000000
0.723566 0.690255 0.000000 75.145643 -0.690255 0.723566 0.000000 -38.229846 0.000000 0.000000 1.000000 0.000000
0.727381 0.686234 0.000000 75.190206 -0.686234 0.727381 0.000000 -38.287613 0.000000 0.000000 1.000000 0.000000
0.728957 0.684560 0.000000 75.233382 -0.684560 0.728957 0.000000 -38.348793 0.000000 0.000000 1.000000 0.000000
0.732012 0.681292 0.000000 75.269657 -0.681292 0.732012 0.000000 -38.389833 0.000000 0.000000 1.000000 0.000000
0.732710 0.680541 0.000000 75.302577 -0.680541 0.732710 0.000000 -38.426867 0.000000 0.000000 1.000000 0.000000
0.733517 0.679671 0.000000 75.337194 -0.679671 0.733517 0.000000 -38.477422 0.000000 0.000000 1.000000 0.000000
0.734664 0.678432 0.000000 75.409239 -0.678432 0.734664 0.000000 -38.537388 0.000000 0.000000 1.000000 0.000000
0.736652 0.676272 0.000000 75.432166 -0.676272 0.736652 0.000000 -38.540965 0.000000 0.000000 1.000000 0.000000
0.737593 0.675245 0.000000 75.466080 -0.675245 0.737593 0.000000 -38.588594 0.000000 0.000000 1.000000 0.000000
0.738310 0.674462 0.000000 75.471060 -0.674462 0.738310 0.000000 -38.613806 0.000000 0.000000 1.000000 0.000000
0.739828 0.672796 0.000000 75.458917 -0.672796 0.739828 0.000000 -38.611374 0.000000 0.000000 1.000000 0.000000
0.741619 0.670821 0.000000 75.437295 -0.670821 0.741619 0.000000 -38.596235 0.000000 0.000000 1.000000 0.000000
0.741617 0.670823 0.000000 75.441682 -0.670823 0.741617 0.000000 -38.608578 0.000000 0.000000 1.000000 0.000000
0.742274 0.670097 0.000000 75.448150 -0.670097 0.742274 0.000000 -38.615558 0.000000 0.000000 1.000000 0.000000
0.743927 0.668261 0.000000 75.470258 -0.668261 0.743927 0.000000 -38.625656 0.000000 0.000000 1.000000 0.000000
0.742903 0.669399 0.000000 75.475782 -0.669399 0.742903 0.000000 -38.615991 0.000000 0.000000 1.000000 0.000000
0.743690 0.668525 0.000000 75.460946 -0.668525 0.743690 0.000000 -38.623732 0.000000 0.000000 1.000000 0.000000
0.743488 0.668750 0.000000 75.475544 -0.668750 0.743488 0.000000 -38.629775 0.000000 0.000000 1.000000 0.000000
0.742413 0.669942 0.000000 75.488182 -0.669942 0.742413 0.000000 -38.617586 0.000000 0.000000 1.000000 0.000000
0.742293 0.670076 0.000000 75.470886 -0.670076 0.742293 0.000000 -38.619442 0.000000 0.000000 1.000000 0.000000
0.742034 0.670362 0.000000 75.474698 -0.670362 0.742034 0.000000 -38.622806 0.000000 0.000000 1.000000 0.000000
0.743228 0.669039 0.000000 75.471654 -0.669039 0.743228 0.000000 -38.631927 0.000000 0.000000 1.000000 0.000000
0.743220 0.669047 0.000000 75.453988 -0.669047 0.743220 0.000000 -38.627710 0.000000 0.000000 1.000000 0.000000
0.742360 0.670001 0.000000 75.444493 -0.670001 0.742360 0.000000 -38.619493 0.000000 0.000000 1.000000 0.000000
0.742274 0.670097 0.000000 75.428662 -0.670097 0.742274 0.000000 -38.608927 0.000000 0.000000 1.000000 0.000000
0.742300 0.670067 0.000000 75.414956 -0.670067 0.742300 0.000000 -38.611771 0.000000 0.000000 1.000000 0.000000
0.742326 0.670038 0.000000 75.404655 -0.670038 0.742326 0.000000 -38.608835 0.000000 0.000000 1.000000 0.000000
0.742312 0.670055 0.000000 75.414025 -0.670055 0.742312 0.000000 -38.615674 0.000000 0.000000 1.000000 0.000000
0.742072 0.670320 0.000000 75.419156 -0.670320 0.742072 0.000000 -38.613873 0.000000 0.000000 1.000000 0.000000
0.741769 0.670655 0.000000 75.445091 -0.670655 0.741769 0.000000 -38.634549 0.000000 0.000000 1.000000 0.000000
0.741919 0.670489 0.000000 75.463475 -0.670489 0.741919 0.000000 -38.635111 0.000000 0.000000 1.000000 0.000000
0.742136 0.670250 0.000000 75.472459 -0.670250 0.742136 0.000000 -38.632108 0.000000 0.000000 1.000000 0.000000
0.742375 0.669985 0.000000 75.487653 -0.669985 0.742375 0.000000 -38.631581 0.000000 0.000000 1.000000 0.000000
0.742403 0.669954 0.000000 75.492778 -0.669954 0.742403 0.000000 -38.628506 0.000000 0.000000 1.000000 0.000000
0.742309 0.670058 0.000000 75.506186 -0.670058 0.742309 0.000000 -38.615612 0.000000 0.000000 1.000000 0.000000
0.742348 0.670015 0.000000 75.515659 -0.670015 0.742348 0.000000 -38.599999 0.000000 0.000000 1.000000 0.000000
0.742336 0.670028 0.000000 75.527299 -0.670028 0.742336 0.000000 -38.592618 0.000000 0.000000 1.000000 0.000000
0.742459 0.669892 0.000000 75.529286 -0.669892 0.742459 0.000000 -38.587852 0.000000 0.000000 1.000000 0.000000
0.742289 0.670080 0.000000 75.534071 -0.670080 0.742289 0.000000 -38.578298 0.000000 0.000000 1.000000 0.000000
0.741974 0.670429 0.000000 75.535369 -0.670429 0.741974 0.000000 -38.585098 0.000000 0.000000 1.000000 0.000000
0.741765 0.670660 0.000000 75.530393 -0.670660 0.741765 0.000000 -38.579035 0.000000 0.000000 1.000000 0.000000
0.741796 0.670626 0.000000 75.529644 -0.670626 0.741796 0.000000 -38.576624 0.000000 0.000000 1.000000 0.000000
0.741819 0.670600 0.000000 75.520359 -0.670600 0.741819 0.000000 -38.569612 0.000000 0.000000 1.000000 0.000000
0.741739 0.670689 0.000000 75.519635 -0.670689 0.741739 0.000000 -38.564185 0.000000 0.000000 1.000000 0.000000
0.741838 0.670579 0.000000 75.514032 -0.670579 0.741838 0.000000 -38.559333 0.000000 0.000000 1.000000 0.000000
0.742008 0.670392 0.000000 75.517528 -0.670392 0.742008 0.000000 -38.552271 0.000000 0.000000 1.000000 0.000000
0.741926 0.670482 0.000000 75.507713 -0.670482 0.741926 0.000000 -38.543980 0.000000 0.000000 1.000000 0.000000
0.741923 0.670485 0.000000 75.506751 -0.670485 0.741923 0.000000 -38.534218 0.000000 0.000000 1.000000 0.000000
0.742044 0.670352 0.000000 75.506102 -0.670352 0.742044 0.000000 -38.526596 0.000000 0.000000 1.000000 0.000000
0.741887 0.670525 0.000000 75.511140 -0.670525 0.741887 0.000000 -38.513921 0.000000 0.000000 1.000000 0.000000
0.742127 0.670259 0.000000 75.512366 -0.670259 0.742127 0.000000 -38.500086 0.000000 0.000000 1.000000 0.000000
0.742206 0.670172 0.000000 75.514150 -0.670172 0.742206 0.000000 -38.498018 0.000000 0.000000 1.000000 0.000000
0.742044 0.670351 0.000000 75.521949 -0.670351 0.742044 0.000000 -38.491612 0.000000 0.000000 1.000000 0.000000
0.742467 0.669883 0.000000 75.518589 -0.669883 0.742467 0.000000 -38.464862 0.000000 0.000000 1.000000 0.000000
0.742335 0.670029 0.000000 75.518260 -0.670029 0.742335 0.000000 -38.450287 0.000000 0.000000 1.000000 0.000000
0.741981 0.670421 0.000000 75.522738 -0.670421 0.741981 0.000000 -38.435464 0.000000 0.000000 1.000000 0.000000
0.741804 0.670617 0.000000 75.522945 -0.670617 0.741804 0.000000 -38.425835 0.000000 0.000000 1.000000 0.000000
0.741744 0.670683 0.000000 75.520607 -0.670683 0.741744 0.000000 -38.421633 0.000000 0.000000 1.000000 0.000000
0.741959 0.670445 0.000000 75.519921 -0.670445 0.741959 0.000000 -38.398393 0.000000 0.000000 1.000000 0.000000
0.741748 0.670678 0.000000 75.517006 -0.670678 0.741748 0.000000 -38.400345 0.000000 0.000000 1.000000 0.000000
0.741014 0.671490 0.000000 75.536832 -0.671490 0.741014 0.000000 -38.432781 0.000000 0.000000 1.000000 0.000000
0.740605 0.671941 0.000000 75.542157 -0.671941 0.740605 0.000000 -38.429929 0.000000 0.000000 1.000000 0.000000
0.740636 0.671906 0.000000 75.545167 -0.671906 0.740636 0.000000 -38.437336 0.000000 0.000000 1.000000 0.000000
0.739839 0.672784 0.000000 75.552917 -0.672784 0.739839 0.000000 -38.443519 0.000000 0.000000 1.000000 0.000000
0.740615 0.671930 0.000000 75.553986 -0.671930 0.740615 0.000000 -38.442986 0.000000 0.000000 1.000000 0.000000
0.741471 0.670985 0.000000 75.564555 -0.670985 0.741471 0.000000 -38.441755 0.000000 0.000000 1.000000 0.000000
0.742286 0.670083 0.000000 75.583074 -0.670083 0.742286 0.000000 -38.437422 0.000000 0.000000 1.000000 0.000000
0.744342 0.667798 0.000000 75.597005 -0.667798 0.744342 0.000000 -38.433028 0.000000 0.000000 1.000000 0.000000
0.744544 0.667573 0.000000 75.597416 -0.667573 0.744544 0.000000 -38.424424 0.000000 0.000000 1.000000 0.000000
0.744683 0.667418 0.000000 75.597054 -0.667418 0.744683 0.000000 -38.407236 0.000000 0.000000 1.000000 0.000000
0.744370 0.667767 0.000000 75.606256 -0.667767 0.744370 0.000000 -38.401402 0.000000 0.000000 1.000000 0.000000
0.743870 0.668325 0.000000 75.613526 -0.668325 0.743870 0.000000 -38.394714 0.000000 0.000000 1.000000 0.000000
0.743857 0.668339 0.000000 75.610329 -0.668339 0.743857 0.000000 -38.381743 0.000000 0.000000 1.000000 0.000000
0.743486 0.668751 0.000000 75.608886 -0.668751 0.743486 0.000000 -38.372022 0.000000 0.000000 1.000000 0.000000
0.743232 0.669034 0.000000 75.612716 -0.669034 0.743232 0.000000 -38.366394 0.000000 0.000000 1.000000 0.000000
0.743208 0.669060 0.000000 75.616491 -0.669060 0.743208 0.000000 -38.369790 0.000000 0.000000 1.000000 0.000000
0.743011 0.669279 0.000000 75.625748 -0.669279 0.743011 0.000000 -38.367108 0.000000 0.000000 1.000000 0.000000
0.743175 0.669097 0.000000 75.633993 -0.669097 0.743175 0.000000 -38.365085 0.000000 0.000000 1.000000 0.000000
0.743288 0.668971 0.000000 75.643804 -0.668971 0.743288 0.000000 -38.372853 0.000000 0.000000 1.000000 0.000000
0.743465 0.668775 0.000000 75.660903 -0.668775 0.743465 0.000000 -38.375942 0.000000 0.000000 1.000000 0.000000
0.744225 0.667929 0.000000 75.674151 -0.667929 0.744225 0.000000 -38.379408 0.000000 0.000000 1.000000 0.000000
0.744869 0.667211 0.000000 75.685201 -0.667211 0.744869 0.000000 -38.370927 0.000000 0.000000 1.000000 0.000000
0.745535 0.666467 0.000000 75.693867 -0.666467 0.745535 0.000000 -38.373966 0.000000 0.000000 1.000000 0.000000
0.746276 0.665636 0.000000 75.704839 -0.665636 0.746276 0.000000 -38.368414 0.000000 0.000000 1.000000 0.000000
0.745909 0.666048 0.000000 75.717520 -0.666048 0.745909 0.000000 -38.373877 0.000000 0.000000 1.000000 0.000000
0.745567 0.666430 0.000000 75.734262 -0.666430 0.745567 0.000000 -38.384960 0.000000 0.000000 1.000000 0.000000
0.744650 0.667455 0.000000 75.747283 -0.667455 0.744650 0.000000 -38.399075 0.000000 0.000000 1.000000 0.000000
0.744331 0.667811 0.000000 75.749493 -0.667811 0.744331 0.000000 -38.420621 0.000000 0.000000 1.000000 0.000000
0.744146 0.668017 0.000000 75.736689 -0.668017 0.744146 0.000000 -38.422051 0.000000 0.000000 1.000000 0.000000
0.744463 0.667664 0.000000 75.736531 -0.667664 0.744463 0.000000 -38.434674 0.000000 0.000000 1.000000 0.000000
0.744619 0.667489 0.000000 75.735531 -0.667489 0.744619 0.000000 -38.444302 0.000000 0.000000 1.000000 0.000000
0.744448 0.667681 0.000000 75.724896 -0.667681 0.744448 0.000000 -38.444458 0.000000 0.000000 1.000000 0.000000
0.744708 0.667390 0.000000 75.727412 -0.667390 0.744708 0.000000 -38.445918 0.000000 0.000000 1.000000 0.000000
0.745679 0.666306 0.000000 75.717292 -0.666306 0.745679 0.000000 -38.440215 0.000000 0.000000 1.000000 0.000000
0.747246 0.664547 0.000000 75.726406 -0.664547 0.747246 0.000000 -38.453059 0.000000 0.000000 1.000000 0.000000
0.748755 0.662847 0.000000 75.736033 -0.662847 0.748755 0.000000 -38.458513 0.000000 0.000000 1.000000 0.000000
0.750486 0.660886 0.000000 75.768388 -0.660886 0.750486 0.000000 -38.460144 0.000000 0.000000 1.000000 0.000000
0.752551 0.658534 0.000000 75.780340 -0.658534 0.752551 0.000000 -38.452836 0.000000 0.000000 1.000000 0.000000
0.753741 0.657172 0.000000 75.792063 -0.657172 0.753741 0.000000 -38.434678 0.000000 0.000000 1.000000 0.000000
0.754586 0.656201 0.000000 75.802577 -0.656201 0.754586 0.000000 -38.415655 0.000000 0.000000 1.000000 0.000000
0.755146 0.655557 0.000000 75.822956 -0.655557 0.755146 0.000000 -38.405602 0.000000 0.000000 1.000000 0.000000
0.755270 0.655414 0.000000 75.841424 -0.655414 0.755270 0.000000 -38.419181 0.000000 0.000000 1.000000 0.000000
0.755368 0.655301 0.000000 75.878441 -0.655301 0.755368 0.000000 -38.446176 0.000000 0.000000 1.000000 0.000000
0.755893 0.654695 0.000000 75.942518 -0.654695 0.755893 0.000000 -38.495635 0.000000 0.000000 1.000000 0.000000
0.757567 0.652758 0.000000 75.973649 -0.652758 0.757567 0.000000 -38.551046 0.000000 0.000000 1.000000 0.000000
0.758350 0.651848 0.000000 75.991741 -0.651848 0.758350 0.000000 -38.576205 0.000000 0.000000 1.000000 0.000000
0.760160 0.649736 0.000000 75.994852 -0.649736 0.760160 0.000000 -38.592855 0.000000 0.000000 1.000000 0.000000
0.761498 0.648168 0.000000 76.005644 -0.648168 0.761498 0.000000 -38.612734 0.000000 0.000000 1.000000 0.000000
0.763262 0.646089 0.000000 76.014249 -0.646089 0.763262 0.000000 -38.638228 0.000000 0.000000 1.000000 0.000000
0.764602 0.644503 0.000000 76.043790 -0.644503 0.764602 0.000000 -38.628939 0.000000 0.000000 1.000000 0.000000
0.765568 0.643355 0.000000 76.076737 -0.643355 0.765568 0.000000 -38.620057 0.000000 0.000000 1.000000 0.000000
0.766435 0.642322 0.000000 76.118587 -0.642322 0.766435 0.000000 -38.612742 0.000000 0.000000 1.000000 0.000000
0.766316 0.642464 0.000000 76.138280 -0.642464 0.766316 0.000000 -38.605430 0.000000 0.000000 1.000000 0.000000
0.766343 0.642432 0.000000 76.158812 -0.642432 0.766343 0.000000 -38.623329 0.000000 0.000000 1.000000 0.000000
0.766046 0.642786 0.000000 76.161457 -0.642786 0.766046 0.000000 -38.631082 0.000000 0.000000 1.000000 0.000000
0.766504 0.642239 0.000000 76.154379 -0.642239 0.766504 0.000000 -38.632792 0.000000 0.000000 1.000000 0.000000
0.766836 0.641843 0.000000 76.153866 -0.641843 0.766836 0.000000 -38.646560 0.000000 0.000000 1.000000 0.000000
0.767292 0.641298 0.000000 76.148095 -0.641298 0.767292 0.000000 -38.660667 0.000000 0.000000 1.000000 0.000000
0.768137 0.640285 0.000000 76.144510 -0.640285 0.768137 0.000000 -38.662652 0.000000 0.000000 1.000000 0.000000
0.768754 0.639545 0.000000 76.146984 -0.639545 0.768754 0.000000 -38.663508 0.000000 0.000000 1.000000 0.000000
0.768804 0.639484 0.000000 76.147441 -0.639484 0.768804 0.000000 -38.669633 0.000000 0.000000 1.000000 0.000000
0.768874 0.639400 0.000000 76.142614 -0.639400 0.768874 0.000000 -38.661864 0.000000 0.000000 1.000000 0.000000
0.769268 0.638926 0.000000 76.139944 -0.638926 0.769268 0.000000 -38.672169 0.000000 0.000000 1.000000 0.000000
0.769525 0.638616 0.000000 76.127527 -0.638616 0.769525 0.000000 -38.676419 0.000000 0.000000 1.000000 0.000000
0.770522 0.637413 0.000000 76.118980 -0.637413 0.770522 0.000000 -38.687462 0.000000 0.000000 1.000000 0.000000
0.770498 0.637443 0.000000 76.128123 -0.637443 0.770498 0.000000 -38.689074 0.000000 0.000000 1.000000 0.000000
0.770522 0.637413 0.000000 76.143497 -0.637413 0.770522 0.000000 -38.693677 0.000000 0.000000 1.000000 0.000000
0.771084 0.636734 0.000000 76.152733 -0.636734 0.771084 0.000000 -38.684342 0.000000 0.000000 1.000000 0.000000
0.770945 0.636901 0.000000 76.170402 -0.636901 0.770945 0.000000 -38.670612 0.000000 0.000000 1.000000 0.000000
0.771158 0.636644 0.000000 76.176453 -0.636644 0.771158 0.000000 -38.662802 0.000000 0.000000 1.000000 0.000000
0.770994 0.636843 0.000000 76.184314 -0.636843 0.770994 0.000000 -38.664041 0.000000 0.000000 1.000000 0.000000
0.770663 0.637243 0.000000 76.197365 -0.637243 0.770663 0.000000 -38.672977 0.000000 0.000000 1.000000 0.000000
0.770887 0.636972 0.000000 76.211983 -0.636972 0.770887 0.000000 -38.682683 0.000000 0.000000 1.000000 0.000000
0.770603 0.637316 0.000000 76.234002 -0.637316 0.770603 0.000000 -38.699421 0.000000 0.000000 1.000000 0.000000
0.771692 0.635996 0.000000 76.250876 -0.635996 0.771692 0.000000 -38.708659 0.000000 0.000000 1.000000 0.000000
