0.999989 0.004646 0.000000 0.597062 -0.004646 0.999989 0.000000 0.011830 0.000000 0.000000 1.000000 0.000000
0.999944 0.010560 0.000000 1.744148 -0.010560 0.999944 0.000000 -0.002184 0.000000 0.000000 1.000000 0.000000
0.999951 0.009930 0.000000 2.350167 -0.009930 0.999951 0.000000 -0.019037 0.000000 0.000000 1.000000 0.000000
0.999927 0.012108 0.000000 3.165290 -0.012108 0.999927 0.000000 -0.041566 0.000000 0.000000 1.000000 0.000000
0.999920 0.012635 0.000000 3.747747 -0.012635 0.999920 0.000000 -0.040305 0.000000 0.000000 1.000000 0.000000
0.999908 0.013564 0.000000 4.338796 -0.013564 0.999908 0.000000 -0.048897 0.000000 0.000000 1.000000 0.000000
0.999898 0.014258 0.000000 4.938000 -0.014258 0.999898 0.000000 -0.053961 0.000000 0.000000 1.000000 0.000000
0.999885 0.015186 0.000000 5.490901 -0.015186 0.999885 0.000000 -0.067269 0.000000 0.000000 1.000000 0.000000
0.999839 0.017921 0.000000 6.080533 -0.017921 0.999839 0.000000 -0.094889 0.000000 0.000000 1.000000 0.000000
0.999812 0.019410 0.000000 6.644608 -0.019410 0.999812 0.000000 -0.106912 0.000000 0.000000 1.000000 0.000000
0.999806 0.019678 0.000000 7.223127 -0.019678 0.999806 0.000000 -0.111011 0.000000 0.000000 1.000000 0.000000
0.999766 0.021650 0.000000 7.784344 -0.021650 0.999766 0.000000 -0.116809 0.000000 0.000000 1.000000 0.000000
0.999765 0.021690 0.000000 8.353810 -0.021690 0.999765 0.000000 -0.140340 0.000000 0.000000 1.000000 0.000000
0.999716 0.023840 0.000000 8.936191 -0.023840 0.999716 0.000000 -0.155045 0.000000 0.000000 1.000000 0.000000
0.999652 0.026363 0.000000 9.698562 -0.026363 0.999652 0.000000 -0.179867 0.000000 0.000000 1.000000 0.000000
0.999609 0.027954 0.000000 10.325801 -0.027954 0.999609 0.000000 -0.198563 0.000000 0.000000 1.000000 0.000000
0.999584 0.028859 0.000000 10.869433 -0.028859 0.999584 0.000000 -0.213463 0.000000 0.000000 1.000000 0.000000
0.999509 0.031326 0.000000 11.485483 -0.031326 0.999509 0.000000 -0.222464 0.000000 0.000000 1.000000 0.000000
0.999397 0.034715 0.000000 12.062420 -0.034715 0.999397 0.000000 -0.235820 0.000000 0.000000 1.000000 0.000000
0.999378 0.035275 0.000000 12.645303 -0.035275 0.999378 0.000000 -0.257259 0.000000 0.000000 1.000000 0.000000
0.999255 0.038600 0.000000 13.225113 -0.038600 0.999255 0.000000 -0.276360 0.000000 0.000000 1.000000 0.000000
0.999216 0.039588 0.000000 13.806388 -0.039588 0.999216 0.000000 -0.311819 0.000000 0.000000 1.000000 0.000000
0.999181 0.040452 0.000000 14.383886 -0.040452 0.999181 0.000000 -0.337727 0.000000 0.000000 1.000000 0.000000
0.999156 0.041071 0.000000 14.962738 -0.041071 0.999156 0.000000 -0.373913 0.000000 0.000000 1.000000 0.000000
0.999056 0.043430 0.000000 15.528360 -0.043430 0.999056 0.000000 -0.398415 0.000000 0.000000 1.000000 0.000000
0.998967 0.045432 0.000000 16.098853 -0.045432 0.998967 0.000000 -0.437161 0.000000 0.000000 1.000000 0.000000
0.998975 0.045270 0.000000 16.636740 -0.045270 0.998975 0.000000 -0.479327 0.000000 0.000000 1.000000 0.000000
0.998864 0.047659 0.000000 17.204818 -0.047659 0.998864 0.000000 -0.517347 0.000000 0.000000 1.000000 0.000000
0.998793 0.049120 0.000000 18.297850 -0.049120 0.998793 0.000000 -0.582036 0.000000 0.000000 1.000000 0.000000
0.998852 0.047912 0.000000 19.224683 -0.047912 0.998852 0.000000 -0.642433 0.000000 0.000000 1.000000 0.000000
0.998903 0.046829 0.000000 19.791611 -0.046829 0.998903 0.000000 -0.687324 0.000000 0.000000 1.000000 0.000000
0.998800 0.048973 0.000000 20.362807 -0.048973 0.998800 0.000000 -0.726721 0.000000 0.000000 1.000000 0.000000
0.998670 0.051561 0.000000 20.921122 -0.051561 0.998670 0.000000 -0.768341 0.000000 0.000000 1.000000 0.000000
0.998650 0.051953 0.000000 21.477841 -0.051953 0.998650 0.000000 -0.812984 0.000000 0.000000 1.000000 0.000000
0.998614 0.052625 0.000000 22.084402 -0.052625 0.998614 0.000000 -0.867341 0.000000 0.000000 1.000000 0.000000
0.998041 0.062561 0.000000 22.651394 -0.062561 0.998041 0.000000 -0.912226 0.000000 0.000000 1.000000 0.000000
0.997073 0.076452 0.000000 23.775350 -0.076452 0.997073 0.000000 -0.998471 0.000000 0.000000 1.000000 0.000000
0.997108 0.075993 0.000000 24.337078 -0.075993 0.997108 0.000000 -1.061541 0.000000 0.000000 1.000000 0.000000
0.996944 0.078124 0.000000 24.897721 -0.078124 0.996944 0.000000 -1.123493 0.000000 0.000000 1.000000 0.000000
0.996982 0.077636 0.000000 25.429932 -0.077636 0.996982 0.000000 -1.181858 0.000000 0.000000 1.000000 0.000000
0.997080 0.076369 0.000000 25.993881 -0.076369 0.997080 0.000000 -1.236938 0.000000 0.000000 1.000000 0.000000
0.996597 0.082431 0.000000 26.888244 -0.082431 0.996597 0.000000 -1.319773 0.000000 0.000000 1.000000 0.000000
0.996594 0.082459 0.000000 27.490652 -0.082459 0.996594 0.000000 -1.375734 0.000000 0.000000 1.000000 0.000000
0.996382 0.084992 0.000000 28.047358 -0.084992 0.996382 0.000000 -1.420922 0.000000 0.000000 1.000000 0.000000
0.996326 0.085641 0.000000 28.612469 -0.085641 0.996326 0.000000 -1.473500 0.000000 0.000000 1.000000 0.000000
0.996200 0.087097 0.000000 29.179366 -0.087097 0.996200 0.000000 -1.520892 0.000000 0.000000 1.000000 0.000000
0.996061 0.088675 0.000000 29.745943 -0.088675 0.996061 0.000000 -1.560600 0.000000 0.000000 1.000000 0.000000
0.995815 0.091391 0.000000 30.304159 -0.091391 0.995815 0.000000 -1.604308 0.000000 0.000000 1.000000 0.000000
0.995804 0.091511 0.000000 30.871669 -0.091511 0.995804 0.000000 -1.647997 0.000000 0.000000 1.000000 0.000000
0.995649 0.093179 0.000000 31.433294 -0.093179 0.995649 0.000000 -1.682813 0.000000 0.000000 1.000000 0.000000
0.995489 0.094879 0.000000 31.954758 -0.094879 0.995489 0.000000 -1.736746 0.000000 0.000000 1.000000 0.000000
0.995152 0.098348 0.000000 32.893724 -0.098348 0.995152 0.000000 -1.826227 0.000000 0.000000 1.000000 0.000000
0.994679 0.103025 0.000000 33.452309 -0.103025 0.994679 0.000000 -1.880970 0.000000 0.000000 1.000000 0.000000
0.994441 0.105294 0.000000 34.010057 -0.105294 0.994441 0.000000 -1.933586 0.000000 0.000000 1.000000 0.000000
0.994295 0.106661 0.000000 34.571902 -0.106661 0.994295 0.000000 -1.986147 0.000000 0.000000 1.000000 0.000000
0.994002 0.109363 0.000000 35.125833 -0.109363 0.994002 0.000000 -2.041499 0.000000 0.000000 1.000000 0.000000
0.993877 0.110493 0.000000 35.686098 -0.110493 0.993877 0.000000 -2.111895 0.000000 0.000000 1.000000 0.000000
0.993726 0.111841 0.000000 36.281642 -0.111841 0.993726 0.000000 -2.176392 0.000000 0.000000 1.000000 0.000000
0.993694 0.112127 0.000000 36.801236 -0.112127 0.993694 0.000000 -2.241064 0.000000 0.000000 1.000000 0.000000
0.993724 0.111857 0.000000 37.345789 -0.111857 0.993724 0.000000 -2.299665 0.000000 0.000000 1.000000 0.000000
0.993814 0.111056 0.000000 37.901545 -0.111056 0.993814 0.000000 -2.352412 0.000000 0.000000 1.000000 0.000000
0.993379 0.114881 0.000000 38.459246 -0.114881 0.993379 0.000000 -2.412575 0.000000 0.000000 1.000000 0.000000
0.993163 0.116738 0.000000 38.977908 -0.116738 0.993163 0.000000 -2.469796 0.000000 0.000000 1.000000 0.000000
0.992995 0.118159 0.000000 39.529649 -0.118159 0.992995 0.000000 -2.549889 0.000000 0.000000 1.000000 0.000000
0.992900 0.118953 0.000000 40.047773 -0.118953 0.992900 0.000000 -2.617674 0.000000 0.000000 1.000000 0.000000
0.992946 0.118566 0.000000 41.002838 -0.118566 0.992946 0.000000 -2.730885 0.000000 0.000000 1.000000 0.000000
0.992847 0.119391 0.000000 41.552094 -0.119391 0.992847 0.000000 -2.799036 0.000000 0.000000 1.000000 0.000000
0.992510 0.122162 0.000000 42.106155 -0.122162 0.992510 0.000000 -2.867954 0.000000 0.000000 1.000000 0.000000
0.991969 0.126485 0.000000 43.193138 -0.126485 0.991969 0.000000 -2.995824 0.000000 0.000000 1.000000 0.000000
0.991482 0.130240 0.000000 43.757571 -0.130240 0.991482 0.000000 -3.072477 0.000000 0.000000 1.000000 0.000000
0.991235 0.132112 0.000000 44.243008 -0.132112 0.991235 0.000000 -3.129287 0.000000 0.000000 1.000000 0.000000
0.990960 0.134161 0.000000 45.263120 -0.134161 0.990960 0.000000 -3.253972 0.000000 0.000000 1.000000 0.000000
0.990801 0.135329 0.000000 45.785301 -0.135329 0.990801 0.000000 -3.318647 0.000000 0.000000 1.000000 0.000000
0.990852 0.134953 0.000000 46.294458 -0.134953 0.990852 0.000000 -3.376092 0.000000 0.000000 1.000000 0.000000
0.990759 0.135632 0.000000 46.779713 -0.135632 0.990759 0.000000 -3.427539 0.000000 0.000000 1.000000 0.000000
0.990361 0.138507 0.000000 47.676781 -0.138507 0.990361 0.000000 -3.545229 0.000000 0.000000 1.000000 0.000000
0.990449 0.137881 0.000000 48.181610 -0.137881 0.990449 0.000000 -3.615842 0.000000 0.000000 1.000000 0.000000
0.989793 0.142514 0.000000 48.674693 -0.142514 0.989793 0.000000 -3.662748 0.000000 0.000000 1.000000 0.000000
0.988936 0.148343 0.000000 49.162490 -0.148343 0.988936 0.000000 -3.721801 0.000000 0.000000 1.000000 0.000000
0.988799 0.149252 0.000000 49.641822 -0.149252 0.988799 0.000000 -3.791889 0.000000 0.000000 1.000000 0.000000
0.988587 0.150648 0.000000 50.106299 -0.150648 0.988587 0.000000 -3.845761 0.000000 0.000000 1.000000 0.000000
0.988107 0.153767 0.000000 50.574197 -0.153767 0.988107 0.000000 -3.906617 0.000000 0.000000 1.000000 0.000000
0.987435 0.158025 0.000000 51.277729 -0.158025 0.987435 0.000000 -4.014558 0.000000 0.000000 1.000000 0.000000
0.987509 0.157561 0.000000 51.702768 -0.157561 0.987509 0.000000 -4.087328 0.000000 0.000000 1.000000 0.000000
0.987315 0.158775 0.000000 52.151359 -0.158775 0.987315 0.000000 -4.158821 0.000000 0.000000 1.000000 0.000000
0.987460 0.157870 0.000000 52.584061 -0.157870 0.987460 0.000000 -4.224087 0.000000 0.000000 1.000000 0.000000
0.987429 0.158062 0.000000 52.995802 -0.158062 0.987429 0.000000 -4.278726 0.000000 0.000000 1.000000 0.000000
0.987921 0.154959 0.000000 53.416439 -0.154959 0.987921 0.000000 -4.343088 0.000000 0.000000 1.000000 0.000000
0.987932 0.154886 0.000000 54.137445 -0.154886 0.987932 0.000000 -4.447105 0.000000 0.000000 1.000000 0.000000
0.987606 0.156951 0.000000 54.515522 -0.156951 0.987606 0.000000 -4.488128 0.000000 0.000000 1.000000 0.000000
0.987357 0.158511 0.000000 54.945778 -0.158511 0.987357 0.000000 -4.541727 0.000000 0.000000 1.000000 0.000000
0.987161 0.159727 0.000000 55.335884 -0.159727 0.987161 0.000000 -4.585477 0.000000 0.000000 1.000000 0.000000
0.986982 0.160828 0.000000 55.730032 -0.160828 0.986982 0.000000 -4.638427 0.000000 0.000000 1.000000 0.000000
0.986874 0.161493 0.000000 56.108378 -0.161493 0.986874 0.000000 -4.688428 0.000000 0.000000 1.000000 0.000000
0.986512 0.163690 0.000000 56.476183 -0.163690 0.986512 0.000000 -4.752953 0.000000 0.000000 1.000000 0.000000
0.986329 0.164788 0.000000 56.843534 -0.164788 0.986329 0.000000 -4.823753 0.000000 0.000000 1.000000 0.000000
0.985952 0.167031 0.000000 57.202838 -0.167031 0.985952 0.000000 -4.881438 0.000000 0.000000 1.000000 0.000000
0.985640 0.168862 0.000000 57.557118 -0.168862 0.985640 0.000000 -4.943983 0.000000 0.000000 1.000000 0.000000
0.985010 0.172499 0.000000 58.225035 -0.172499 0.985010 0.000000 -5.069539 0.000000 0.000000 1.000000 0.000000
0.985106 0.171949 0.000000 58.552830 -0.171949 0.985106 0.000000 -5.129175 0.000000 0.000000 1.000000 0.000000
0.985124 0.171846 0.000000 58.857983 -0.171846 0.985124 0.000000 -5.191156 0.000000 0.000000 1.000000 0.000000
0.985011 0.172491 0.000000 59.189465 -0.172491 0.985011 0.000000 -5.258194 0.000000 0.000000 1.000000 0.000000
0.984753 0.173961 0.000000 59.507007 -0.173961 0.984753 0.000000 -5.313578 0.000000 0.000000 1.000000 0.000000
0.984513 0.175312 0.000000 59.803318 -0.175312 0.984513 0.000000 -5.357646 0.000000 0.000000 1.000000 0.000000
0.983413 0.181379 0.000000 60.120915 -0.181379 0.983413 0.000000 -5.396853 0.000000 0.000000 1.000000 0.000000
0.983296 0.182015 0.000000 60.435752 -0.182015 0.983296 0.000000 -5.460477 0.000000 0.000000 1.000000 0.000000
0.983691 0.179868 0.000000 60.947226 -0.179868 0.983691 0.000000 -5.566678 0.000000 0.000000 1.000000 0.000000
0.983645 0.180117 0.000000 61.245623 -0.180117 0.983645 0.000000 -5.621757 0.000000 0.000000 1.000000 0.000000
0.983295 0.182022 0.000000 61.536661 -0.182022 0.983295 0.000000 -5.687941 0.000000 0.000000 1.000000 0.000000
0.982881 0.184241 0.000000 61.848251 -0.184241 0.982881 0.000000 -5.741377 0.000000 0.000000 1.000000 0.000000
0.982733 0.185030 0.000000 62.139247 -0.185030 0.982733 0.000000 -5.789541 0.000000 0.000000 1.000000 0.000000
0.982306 0.187283 0.000000 62.408620 -0.187283 0.982306 0.000000 -5.834173 0.000000 0.000000 1.000000 0.000000
0.982285 0.187392 0.000000 62.708492 -0.187392 0.982285 0.000000 -5.883738 0.000000 0.000000 1.000000 0.000000
0.982271 0.187468 0.000000 62.984529 -0.187468 0.982271 0.000000 -5.941420 0.000000 0.000000 1.000000 0.000000
0.982014 0.188807 0.000000 63.253691 -0.188807 0.982014 0.000000 -5.994819 0.000000 0.000000 1.000000 0.000000
0.981243 0.192776 0.000000 63.705792 -0.192776 0.981243 0.000000 -6.090289 0.000000 0.000000 1.000000 0.000000
0.980908 0.194471 0.000000 63.950046 -0.194471 0.980908 0.000000 -6.140882 0.000000 0.000000 1.000000 0.000000
0.980841 0.194811 0.000000 64.227031 -0.194811 0.980841 0.000000 -6.199660 0.000000 0.000000 1.000000 0.000000
0.980692 0.195559 0.000000 64.486177 -0.195559 0.980692 0.000000 -6.248775 0.000000 0.000000 1.000000 0.000000
0.980448 0.196776 0.000000 64.744723 -0.196776 0.980448 0.000000 -6.300475 0.000000 0.000000 1.000000 0.000000
0.980255 0.197739 0.000000 65.005279 -0.197739 0.980255 0.000000 -6.356834 0.000000 0.000000 1.000000 0.000000
0.979900 0.199487 0.000000 65.255862 -0.199487 0.979900 0.000000 -6.404499 0.000000 0.000000 1.000000 0.000000
0.979741 0.200270 0.000000 65.515430 -0.200270 0.979741 0.000000 -6.461829 0.000000 0.000000 1.000000 0.000000
0.979558 0.201162 0.000000 65.756786 -0.201162 0.979558 0.000000 -6.509559 0.000000 0.000000 1.000000 0.000000
0.979508 0.201404 0.000000 66.023062 -0.201404 0.979508 0.000000 -6.559861 0.000000 0.000000 1.000000 0.000000
0.979266 0.202577 0.000000 66.266754 -0.202577 0.979266 0.000000 -6.611855 0.000000 0.000000 1.000000 0.000000
0.979000 0.203861 0.000000 66.520113 -0.203861 0.979000 0.000000 -6.665288 0.000000 0.000000 1.000000 0.000000
0.978588 0.205830 0.000000 66.946605 -0.205830 0.978588 0.000000 -6.761624 0.000000 0.000000 1.000000 0.000000
0.978252 0.207419 0.000000 67.203377 -0.207419 0.978252 0.000000 -6.817979 0.000000 0.000000 1.000000 0.000000
0.978150 0.207900 0.000000 67.475973 -0.207900 0.978150 0.000000 -6.883618 0.000000 0.000000 1.000000 0.000000
0.977909 0.209030 0.000000 67.742894 -0.209030 0.977909 0.000000 -6.947256 0.000000 0.000000 1.000000 0.000000
0.977860 0.209261 0.000000 68.021888 -0.209261 0.977860 0.000000 -7.014350 0.000000 0.000000 1.000000 0.000000
0.977511 0.210885 0.000000 68.312827 -0.210885 0.977511 0.000000 -7.084752 0.000000 0.000000 1.000000 0.000000
0.977398 0.211408 0.000000 68.569307 -0.211408 0.977398 0.000000 -7.153028 0.000000 0.000000 1.000000 0.000000
0.977441 0.211208 0.000000 68.861373 -0.211208 0.977441 0.000000 -7.227935 0.000000 0.000000 1.000000 0.000000
0.976864 0.213862 0.000000 69.135418 -0.213862 0.976864 0.000000 -7.291790 0.000000 0.000000 1.000000 0.000000
0.976315 0.216356 0.000000 69.396334 -0.216356 0.976315 0.000000 -7.355503 0.000000 0.000000 1.000000 0.000000
0.976261 0.216596 0.000000 69.672217 -0.216596 0.976261 0.000000 -7.422815 0.000000 0.000000 1.000000 0.000000
0.976439 0.215792 0.000000 69.933823 -0.215792 0.976439 0.000000 -7.492727 0.000000 0.000000 1.000000 0.000000
0.975839 0.218490 0.000000 70.697204 -0.218490 0.975839 0.000000 -7.678683 0.000000 0.000000 1.000000 0.000000
0.975080 0.221852 0.000000 70.979184 -0.221852 0.975080 0.000000 -7.739391 0.000000 0.000000 1.000000 0.000000
0.974460 0.224560 0.000000 71.260659 -0.224560 0.974460 0.000000 -7.800836 0.000000 0.000000 1.000000 0.000000
0.974004 0.226530 0.000000 71.546387 -0.226530 0.974004 0.000000 -7.863383 0.000000 0.000000 1.000000 0.000000
0.974436 0.224666 0.000000 71.831392 -0.224666 0.974436 0.000000 -7.925693 0.000000 0.000000 1.000000 0.000000
0.973886 0.227039 0.000000 72.407111 -0.227039 0.973886 0.000000 -8.060529 0.000000 0.000000 1.000000 0.000000
0.973927 0.226862 0.000000 72.702704 -0.226862 0.973927 0.000000 -8.123347 0.000000 0.000000 1.000000 0.000000
0.973612 0.228211 0.000000 72.982976 -0.228211 0.973612 0.000000 -8.184537 0.000000 0.000000 1.000000 0.000000
0.973330 0.229408 0.000000 73.438233 -0.229408 0.973330 0.000000 -8.292043 0.000000 0.000000 1.000000 0.000000
0.972613 0.232432 0.000000 73.736905 -0.232432 0.972613 0.000000 -8.362668 0.000000 0.000000 1.000000 0.000000
0.971393 0.237477 0.000000 74.257133 -0.237477 0.971393 0.000000 -8.492575 0.000000 0.000000 1.000000 0.000000
0.971225 0.238163 0.000000 74.579942 -0.238163 0.971225 0.000000 -8.569278 0.000000 0.000000 1.000000 0.000000
0.971307 0.237829 0.000000 74.908780 -0.237829 0.971307 0.000000 -8.650511 0.000000 0.000000 1.000000 0.000000
0.969544 0.244919 0.000000 75.230346 -0.244919 0.969544 0.000000 -8.709912 0.000000 0.000000 1.000000 0.000000
0.969566 0.244828 0.000000 75.579976 -0.244828 0.969566 0.000000 -8.796189 0.000000 0.000000 1.000000 0.000000
0.968986 0.247114 0.000000 76.140824 -0.247114 0.968986 0.000000 -8.942678 0.000000 0.000000 1.000000 0.000000
0.969780 0.243980 0.000000 76.481214 -0.243980 0.969780 0.000000 -9.035569 0.000000 0.000000 1.000000 0.000000
0.969559 0.244856 0.000000 76.849272 -0.244856 0.969559 0.000000 -9.136115 0.000000 0.000000 1.000000 0.000000
0.969626 0.244593 0.000000 77.193360 -0.244593 0.969626 0.000000 -9.230366 0.000000 0.000000 1.000000 0.000000
0.969569 0.244818 0.000000 77.825324 -0.244818 0.969569 0.000000 -9.406542 0.000000 0.000000 1.000000 0.000000
0.969698 0.244307 0.000000 78.473923 -0.244307 0.969698 0.000000 -9.566212 0.000000 0.000000 1.000000 0.000000
0.970026 0.243001 0.000000 78.855090 -0.243001 0.970026 0.000000 -9.674714 0.000000 0.000000 1.000000 0.000000
0.970193 0.242333 0.000000 79.270088 -0.242333 0.970193 0.000000 -9.774679 0.000000 0.000000 1.000000 0.000000
0.969594 0.244718 0.000000 79.661918 -0.244718 0.969594 0.000000 -9.876864 0.000000 0.000000 1.000000 0.000000
0.969935 0.243363 0.000000 80.090333 -0.243363 0.969935 0.000000 -9.997746 0.000000 0.000000 1.000000 0.000000
0.969235 0.246139 0.000000 80.495158 -0.246139 0.969235 0.000000 -10.105165 0.000000 0.000000 1.000000 0.000000
0.969338 0.245731 0.000000 80.938151 -0.245731 0.969338 0.000000 -10.214407 0.000000 0.000000 1.000000 0.000000
0.970183 0.242375 0.000000 81.611377 -0.242375 0.970183 0.000000 -10.378764 0.000000 0.000000 1.000000 0.000000
0.970038 0.242954 0.000000 82.406582 -0.242954 0.970038 0.000000 -10.580205 0.000000 0.000000 1.000000 0.000000
0.970062 0.242856 0.000000 82.867424 -0.242856 0.970062 0.000000 -10.696688 0.000000 0.000000 1.000000 0.000000
0.968989 0.247104 0.000000 83.334812 -0.247104 0.968989 0.000000 -10.811232 0.000000 0.000000 1.000000 0.000000
0.968622 0.248538 0.000000 83.786996 -0.248538 0.968622 0.000000 -10.925023 0.000000 0.000000 1.000000 0.000000
0.968240 0.250024 0.000000 84.282119 -0.250024 0.968240 0.000000 -11.053443 0.000000 0.000000 1.000000 0.000000
0.967962 0.251098 0.000000 84.721653 -0.251098 0.967962 0.000000 -11.156852 0.000000 0.000000 1.000000 0.000000
0.966149 0.257984 0.000000 85.209993 -0.257984 0.966149 0.000000 -11.269927 0.000000 0.000000 1.000000 0.000000
0.965460 0.260552 0.000000 85.703502 -0.260552 0.965460 0.000000 -11.398238 0.000000 0.000000 1.000000 0.000000
0.964369 0.264560 0.000000 86.194138 -0.264560 0.964369 0.000000 -11.520939 0.000000 0.000000 1.000000 0.000000
0.963786 0.266677 0.000000 86.665861 -0.266677 0.963786 0.000000 -11.647430 0.000000 0.000000 1.000000 0.000000
0.963383 0.268128 0.000000 87.173443 -0.268128 0.963383 0.000000 -11.791526 0.000000 0.000000 1.000000 0.000000
0.962113 0.272651 0.000000 88.103723 -0.272651 0.962113 0.000000 -12.050354 0.000000 0.000000 1.000000 0.000000
0.962229 0.272241 0.000000 88.632034 -0.272241 0.962229 0.000000 -12.202466 0.000000 0.000000 1.000000 0.000000
0.962213 0.272296 0.000000 89.172238 -0.272296 0.962213 0.000000 -12.345580 0.000000 0.000000 1.000000 0.000000
0.961051 0.276372 0.000000 89.709636 -0.276372 0.961051 0.000000 -12.481234 0.000000 0.000000 1.000000 0.000000
0.959709 0.280995 0.000000 90.256373 -0.280995 0.959709 0.000000 -12.630764 0.000000 0.000000 1.000000 0.000000
0.959698 0.281033 0.000000 91.080482 -0.281033 0.959698 0.000000 -12.874547 0.000000 0.000000 1.000000 0.000000
0.959344 0.282239 0.000000 91.594429 -0.282239 0.959344 0.000000 -13.014716 0.000000 0.000000 1.000000 0.000000
0.956534 0.291622 0.000000 92.676376 -0.291622 0.956534 0.000000 -13.340445 0.000000 0.000000 1.000000 0.000000
0.955510 0.294958 0.000000 93.397577 -0.294958 0.955510 0.000000 -13.550763 0.000000 0.000000 1.000000 0.000000
0.954789 0.297286 0.000000 93.969379 -0.297286 0.954789 0.000000 -13.707008 0.000000 0.000000 1.000000 0.000000
0.953717 0.300705 0.000000 94.542293 -0.300705 0.953717 0.000000 -13.886208 0.000000 0.000000 1.000000 0.000000
0.952411 0.304817 0.000000 95.119238 -0.304817 0.952411 0.000000 -14.073030 0.000000 0.000000 1.000000 0.000000
0.952471 0.304629 0.000000 95.703741 -0.304629 0.952471 0.000000 -14.247575 0.000000 0.000000 1.000000 0.000000
0.952523 0.304467 0.000000 96.316654 -0.304467 0.952523 0.000000 -14.443797 0.000000 0.000000 1.000000 0.000000
0.952154 0.305618 0.000000 96.879202 -0.305618 0.952154 0.000000 -14.620788 0.000000 0.000000 1.000000 0.000000
0.951459 0.307775 0.000000 97.456083 -0.307775 0.951459 0.000000 -14.813863 0.000000 0.000000 1.000000 0.000000
0.951294 0.308286 0.000000 98.053783 -0.308286 0.951294 0.000000 -15.010380 0.000000 0.000000 1.000000 0.000000
0.952560 0.304352 0.000000 98.615879 -0.304352 0.952560 0.000000 -15.194661 0.000000 0.000000 1.000000 0.000000
0.953476 0.301469 0.000000 99.209204 -0.301469 0.953476 0.000000 -15.385826 0.000000 0.000000 1.000000 0.000000
0.953463 0.301509 0.000000 99.805633 -0.301509 0.953463 0.000000 -15.579386 0.000000 0.000000 1.000000 0.000000
0.953044 0.302832 0.000000 100.360332 -0.302832 0.953044 0.000000 -15.762689 0.000000 0.000000 1.000000 0.000000
0.952826 0.303518 0.000000 101.423290 -0.303518 0.952826 0.000000 -16.107103 0.000000 0.000000 1.000000 0.000000
0.952395 0.304868 0.000000 102.064331 -0.304868 0.952395 0.000000 -16.325106 0.000000 0.000000 1.000000 0.000000
0.952137 0.305671 0.000000 102.661522 -0.305671 0.952137 0.000000 -16.526293 0.000000 0.000000 1.000000 0.000000
0.951226 0.308495 0.000000 103.262979 -0.308495 0.951226 0.000000 -16.725936 0.000000 0.000000 1.000000 0.000000
0.950063 0.312057 0.000000 103.854635 -0.312057 0.950063 0.000000 -16.918590 0.000000 0.000000 1.000000 0.000000
0.950533 0.310624 0.000000 104.462007 -0.310624 0.950533 0.000000 -17.122998 0.000000 0.000000 1.000000 0.000000
0.950309 0.311307 0.000000 105.032283 -0.311307 0.950309 0.000000 -17.307112 0.000000 0.000000 1.000000 0.000000
0.950249 0.311492 0.000000 105.634194 -0.311492 0.950249 0.000000 -17.499823 0.000000 0.000000 1.000000 0.000000
0.950086 0.311988 0.000000 106.203883 -0.311988 0.950086 0.000000 -17.681711 0.000000 0.000000 1.000000 0.000000
0.949194 0.314692 0.000000 106.809509 -0.314692 0.949194 0.000000 -17.890012 0.000000 0.000000 1.000000 0.000000
0.948481 0.316835 0.000000 107.409717 -0.316835 0.948481 0.000000 -18.101694 0.000000 0.000000 1.000000 0.000000
0.948148 0.317830 0.000000 108.031679 -0.317830 0.948148 0.000000 -18.311484 0.000000 0.000000 1.000000 0.000000
0.948423 0.317007 0.000000 108.805565 -0.317007 0.948423 0.000000 -18.588819 0.000000 0.000000 1.000000 0.000000
0.948276 0.317447 0.000000 109.395969 -0.317447 0.948276 0.000000 -18.785323 0.000000 0.000000 1.000000 0.000000
0.946304 0.323278 0.000000 110.028787 -0.323278 0.946304 0.000000 -19.007800 0.000000 0.000000 1.000000 0.000000
0.946977 0.321302 0.000000 111.018275 -0.321302 0.946977 0.000000 -19.344439 0.000000 0.000000 1.000000 0.000000
0.946853 0.321667 0.000000 111.651923 -0.321667 0.946853 0.000000 -19.564708 0.000000 0.000000 1.000000 0.000000
0.946569 0.322502 0.000000 112.289518 -0.322502 0.946569 0.000000 -19.784457 0.000000 0.000000 1.000000 0.000000
0.945603 0.325323 0.000000 112.933172 -0.325323 0.945603 0.000000 -20.006405 0.000000 0.000000 1.000000 0.000000
0.945511 0.325590 0.000000 113.559570 -0.325590 0.945511 0.000000 -20.236353 0.000000 0.000000 1.000000 0.000000
0.945183 0.326541 0.000000 114.201223 -0.326541 0.945183 0.000000 -20.462721 0.000000 0.000000 1.000000 0.000000
0.945369 0.326003 0.000000 114.795660 -0.326003 0.945369 0.000000 -20.668573 0.000000 0.000000 1.000000 0.000000
0.945238 0.326383 0.000000 115.925927 -0.326383 0.945238 0.000000 -21.058647 0.000000 0.000000 1.000000 0.000000
0.945189 0.326524 0.000000 116.562721 -0.326524 0.945189 0.000000 -21.283522 0.000000 0.000000 1.000000 0.000000
0.945359 0.326031 0.000000 117.202206 -0.326031 0.945359 0.000000 -21.503833 0.000000 0.000000 1.000000 0.000000
0.945206 0.326475 0.000000 117.841274 -0.326475 0.945206 0.000000 -21.725761 0.000000 0.000000 1.000000 0.000000
0.944550 0.328367 0.000000 119.141943 -0.328367 0.944550 0.000000 -22.173853 0.000000 0.000000 1.000000 0.000000
0.944616 0.328177 0.000000 119.727244 -0.328177 0.944616 0.000000 -22.380045 0.000000 0.000000 1.000000 0.000000
0.943442 0.331536 0.000000 120.366936 -0.331536 0.943442 0.000000 -22.602027 0.000000 0.000000 1.000000 0.000000
0.943251 0.332080 0.000000 120.956205 -0.332080 0.943251 0.000000 -22.818766 0.000000 0.000000 1.000000 0.000000
0.942899 0.333078 0.000000 121.544711 -0.333078 0.942899 0.000000 -23.030145 0.000000 0.000000 1.000000 0.000000
0.935819 0.352482 0.000000 126.120694 -0.352482 0.935819 0.000000 -24.803249 0.000000 0.000000 1.000000 0.000000
0.937309 0.348500 0.000000 126.750249 -0.348500 0.937309 0.000000 -25.048930 0.000000 0.000000 1.000000 0.000000
0.936834 0.349775 0.000000 127.345912 -0.349775 0.936834 0.000000 -25.282572 0.000000 0.000000 1.000000 0.000000
0.937996 0.346645 0.000000 127.959173 -0.346645 0.937996 0.000000 -25.535056 0.000000 0.000000 1.000000 0.000000
0.937262 0.348625 0.000000 128.545151 -0.348625 0.937262 0.000000 -25.769517 0.000000 0.000000 1.000000 0.000000
0.938436 0.345453 0.000000 129.146600 -0.345453 0.938436 0.000000 -26.002455 0.000000 0.000000 1.000000 0.000000
0.936708 0.350112 0.000000 129.762905 -0.350112 0.936708 0.000000 -26.248086 0.000000 0.000000 1.000000 0.000000
0.937029 0.349251 0.000000 130.546223 -0.349251 0.937029 0.000000 -26.568402 0.000000 0.000000 1.000000 0.000000
0.936327 0.351128 0.000000 131.153194 -0.351128 0.936327 0.000000 -26.818120 0.000000 0.000000 1.000000 0.000000
0.934830 0.355094 0.000000 131.758895 -0.355094 0.934830 0.000000 -27.044843 0.000000 0.000000 1.000000 0.000000
0.934637 0.355603 0.000000 132.630294 -0.355603 0.934637 0.000000 -27.384380 0.000000 0.000000 1.000000 0.000000
0.934538 0.355864 0.000000 133.225004 -0.355864 0.934538 0.000000 -27.623416 0.000000 0.000000 1.000000 0.000000
0.934148 0.356886 0.000000 133.825362 -0.356886 0.934148 0.000000 -27.859089 0.000000 0.000000 1.000000 0.000000
0.934076 0.357073 0.000000 134.421664 -0.357073 0.934076 0.000000 -28.093173 0.000000 0.000000 1.000000 0.000000
0.933802 0.357789 0.000000 135.011711 -0.357789 0.933802 0.000000 -28.332930 0.000000 0.000000 1.000000 0.000000
0.933150 0.359488 0.000000 135.893430 -0.359488 0.933150 0.000000 -28.681334 0.000000 0.000000 1.000000 0.000000
0.932719 0.360603 0.000000 136.468110 -0.360603 0.932719 0.000000 -28.911602 0.000000 0.000000 1.000000 0.000000
0.932199 0.361946 0.000000 137.060623 -0.361946 0.932199 0.000000 -29.148449 0.000000 0.000000 1.000000 0.000000
0.931423 0.363937 0.000000 137.615206 -0.363937 0.931423 0.000000 -29.372699 0.000000 0.000000 1.000000 0.000000
0.930372 0.366618 0.000000 138.378798 -0.366618 0.930372 0.000000 -29.682801 0.000000 0.000000 1.000000 0.000000
0.929700 0.368318 0.000000 138.961578 -0.368318 0.929700 0.000000 -29.921605 0.000000 0.000000 1.000000 0.000000
0.929277 0.369383 0.000000 139.549006 -0.369383 0.929277 0.000000 -30.156992 0.000000 0.000000 1.000000 0.000000
0.929615 0.368532 0.000000 140.134285 -0.368532 0.929615 0.000000 -30.400850 0.000000 0.000000 1.000000 0.000000
0.930495 0.366305 0.000000 140.714911 -0.366305 0.930495 0.000000 -30.640374 0.000000 0.000000 1.000000 0.000000
0.930126 0.367240 0.000000 141.830605 -0.367240 0.930126 0.000000 -31.105788 0.000000 0.000000 1.000000 0.000000
0.930936 0.365184 0.000000 142.365586 -0.365184 0.930936 0.000000 -31.324759 0.000000 0.000000 1.000000 0.000000
0.928197 0.372089 0.000000 142.929081 -0.372089 0.928197 0.000000 -31.546709 0.000000 0.000000 1.000000 0.000000
0.928769 0.370659 0.000000 143.491679 -0.370659 0.928769 0.000000 -31.784904 0.000000 0.000000 1.000000 0.000000
0.927397 0.374079 0.000000 144.022106 -0.374079 0.927397 0.000000 -32.007063 0.000000 0.000000 1.000000 0.000000
0.927565 0.373661 0.000000 144.584806 -0.373661 0.927565 0.000000 -32.250330 0.000000 0.000000 1.000000 0.000000
0.929401 0.369072 0.000000 145.272483 -0.369072 0.929401 0.000000 -32.544986 0.000000 0.000000 1.000000 0.000000
0.929982 0.367604 0.000000 145.822871 -0.367604 0.929982 0.000000 -32.786952 0.000000 0.000000 1.000000 0.000000
0.929759 0.368168 0.000000 146.337347 -0.368168 0.929759 0.000000 -33.007032 0.000000 0.000000 1.000000 0.000000
0.929612 0.368540 0.000000 146.898911 -0.368540 0.929612 0.000000 -33.238388 0.000000 0.000000 1.000000 0.000000
0.929231 0.369499 0.000000 147.447025 -0.369499 0.929231 0.000000 -33.469856 0.000000 0.000000 1.000000 0.000000
0.928882 0.370375 0.000000 147.957444 -0.370375 0.928882 0.000000 -33.687262 0.000000 0.000000 1.000000 0.000000
0.928147 0.372213 0.000000 148.507070 -0.372213 0.928147 0.000000 -33.919361 0.000000 0.000000 1.000000 0.000000
0.929061 0.369925 0.000000 149.023779 -0.369925 0.929061 0.000000 -34.135864 0.000000 0.000000 1.000000 0.000000
0.928462 0.371428 0.000000 149.563873 -0.371428 0.928462 0.000000 -34.363377 0.000000 0.000000 1.000000 0.000000
0.927475 0.373885 0.000000 150.100253 -0.373885 0.927475 0.000000 -34.599570 0.000000 0.000000 1.000000 0.000000
0.927244 0.374458 0.000000 150.790379 -0.374458 0.927244 0.000000 -34.896451 0.000000 0.000000 1.000000 0.000000
0.926204 0.377022 0.000000 151.297334 -0.377022 0.926204 0.000000 -35.109510 0.000000 0.000000 1.000000 0.000000
0.925355 0.379101 0.000000 151.845415 -0.379101 0.925355 0.000000 -35.336472 0.000000 0.000000 1.000000 0.000000
0.924572 0.381007 0.000000 152.356421 -0.381007 0.924572 0.000000 -35.551283 0.000000 0.000000 1.000000 0.000000
0.924128 0.382084 0.000000 152.898341 -0.382084 0.924128 0.000000 -35.767362 0.000000 0.000000 1.000000 0.000000
0.923871 0.382705 0.000000 153.410164 -0.382705 0.923871 0.000000 -35.976085 0.000000 0.000000 1.000000 0.000000
0.923599 0.383359 0.000000 154.106243 -0.383359 0.923599 0.000000 -36.270166 0.000000 0.000000 1.000000 0.000000
0.923468 0.383676 0.000000 154.605765 -0.383676 0.923468 0.000000 -36.478647 0.000000 0.000000 1.000000 0.000000
0.920779 0.390086 0.000000 155.131948 -0.390086 0.920779 0.000000 -36.715147 0.000000 0.000000 1.000000 0.000000
0.920744 0.390167 0.000000 155.630034 -0.390167 0.920744 0.000000 -36.934645 0.000000 0.000000 1.000000 0.000000
0.920108 0.391665 0.000000 156.170062 -0.391665 0.920108 0.000000 -37.176069 0.000000 0.000000 1.000000 0.000000
0.920059 0.391780 0.000000 156.667292 -0.391780 0.920059 0.000000 -37.395609 0.000000 0.000000 1.000000 0.000000
0.919773 0.392451 0.000000 157.385916 -0.392451 0.919773 0.000000 -37.711735 0.000000 0.000000 1.000000 0.000000
0.919595 0.392868 0.000000 157.921055 -0.392868 0.919595 0.000000 -37.946804 0.000000 0.000000 1.000000 0.000000
0.920527 0.390679 0.000000 158.453212 -0.390679 0.920527 0.000000 -38.179918 0.000000 0.000000 1.000000 0.000000
0.921408 0.388596 0.000000 158.983175 -0.388596 0.921408 0.000000 -38.412367 0.000000 0.000000 1.000000 0.000000
0.922176 0.386770 0.000000 159.511404 -0.386770 0.922176 0.000000 -38.645104 0.000000 0.000000 1.000000 0.000000
0.920957 0.389664 0.000000 160.034584 -0.389664 0.920957 0.000000 -38.869982 0.000000 0.000000 1.000000 0.000000
0.921681 0.387948 0.000000 160.570559 -0.387948 0.921681 0.000000 -39.092377 0.000000 0.000000 1.000000 0.000000
0.922616 0.385721 0.000000 161.078115 -0.385721 0.922616 0.000000 -39.301631 0.000000 0.000000 1.000000 0.000000
0.923503 0.383591 0.000000 161.612328 -0.383591 0.923503 0.000000 -39.529329 0.000000 0.000000 1.000000 0.000000
0.923275 0.384140 0.000000 162.151840 -0.384140 0.923275 0.000000 -39.758059 0.000000 0.000000 1.000000 0.000000
0.923082 0.384603 0.000000 162.642666 -0.384603 0.923082 0.000000 -39.970204 0.000000 0.000000 1.000000 0.000000
0.922985 0.384835 0.000000 163.161614 -0.384835 0.922985 0.000000 -40.192041 0.000000 0.000000 1.000000 0.000000
0.923818 0.382831 0.000000 163.654630 -0.382831 0.923818 0.000000 -40.404587 0.000000 0.000000 1.000000 0.000000
0.923946 0.382522 0.000000 164.180205 -0.382522 0.923946 0.000000 -40.640153 0.000000 0.000000 1.000000 0.000000
0.925281 0.379281 0.000000 164.686971 -0.379281 0.925281 0.000000 -40.871904 0.000000 0.000000 1.000000 0.000000
0.926419 0.376495 0.000000 165.208812 -0.376495 0.926419 0.000000 -41.097469 0.000000 0.000000 1.000000 0.000000
0.926776 0.375615 0.000000 165.688607 -0.375615 0.926776 0.000000 -41.309391 0.000000 0.000000 1.000000 0.000000
0.927754 0.373193 0.000000 166.208641 -0.373193 0.927754 0.000000 -41.535767 0.000000 0.000000 1.000000 0.000000
0.928358 0.371687 0.000000 166.685982 -0.371687 0.928358 0.000000 -41.743951 0.000000 0.000000 1.000000 0.000000
0.930059 0.367409 0.000000 167.213242 -0.367409 0.930059 0.000000 -41.971108 0.000000 0.000000 1.000000 0.000000
0.930935 0.365186 0.000000 167.899778 -0.365186 0.930935 0.000000 -42.265285 0.000000 0.000000 1.000000 0.000000
0.930766 0.365616 0.000000 168.429030 -0.365616 0.930766 0.000000 -42.472827 0.000000 0.000000 1.000000 0.000000
0.931010 0.364994 0.000000 168.911549 -0.364994 0.931010 0.000000 -42.672455 0.000000 0.000000 1.000000 0.000000
0.930120 0.367256 0.000000 169.443011 -0.367256 0.930120 0.000000 -42.885445 0.000000 0.000000 1.000000 0.000000
0.930428 0.366475 0.000000 170.101357 -0.366475 0.930428 0.000000 -43.155765 0.000000 0.000000 1.000000 0.000000
0.931570 0.363561 0.000000 171.139222 -0.363561 0.931570 0.000000 -43.583285 0.000000 0.000000 1.000000 0.000000
0.931010 0.364994 0.000000 171.663710 -0.364994 0.931010 0.000000 -43.787745 0.000000 0.000000 1.000000 0.000000
0.931458 0.363848 0.000000 172.189882 -0.363848 0.931458 0.000000 -43.993831 0.000000 0.000000 1.000000 0.000000
0.930959 0.365124 0.000000 172.717298 -0.365124 0.930959 0.000000 -44.201138 0.000000 0.000000 1.000000 0.000000
0.931149 0.364639 0.000000 173.244468 -0.364639 0.931149 0.000000 -44.386899 0.000000 0.000000 1.000000 0.000000
0.931033 0.364935 0.000000 173.762506 -0.364935 0.931033 0.000000 -44.574463 0.000000 0.000000 1.000000 0.000000
0.930340 0.366699 0.000000 174.302719 -0.366699 0.930340 0.000000 -44.788996 0.000000 0.000000 1.000000 0.000000
0.930359 0.366649 0.000000 174.825148 -0.366649 0.930359 0.000000 -44.993456 0.000000 0.000000 1.000000 0.000000
0.929498 0.368826 0.000000 175.303621 -0.368826 0.929498 0.000000 -45.181212 0.000000 0.000000 1.000000 0.000000
0.928717 0.370789 0.000000 175.775959 -0.370789 0.928717 0.000000 -45.378114 0.000000 0.000000 1.000000 0.000000
0.928754 0.370698 0.000000 176.285748 -0.370698 0.928754 0.000000 -45.580818 0.000000 0.000000 1.000000 0.000000
0.929222 0.369523 0.000000 176.766058 -0.369523 0.929222 0.000000 -45.762558 0.000000 0.000000 1.000000 0.000000
0.930276 0.366859 0.000000 177.281974 -0.366859 0.930276 0.000000 -45.955588 0.000000 0.000000 1.000000 0.000000
0.930837 0.365435 0.000000 177.777298 -0.365435 0.930837 0.000000 -46.139639 0.000000 0.000000 1.000000 0.000000
0.930961 0.365118 0.000000 178.290995 -0.365118 0.930961 0.000000 -46.340521 0.000000 0.000000 1.000000 0.000000
0.931179 0.364564 0.000000 178.770117 -0.364564 0.931179 0.000000 -46.529544 0.000000 0.000000 1.000000 0.000000
0.932433 0.361344 0.000000 179.275551 -0.361344 0.932433 0.000000 -46.725591 0.000000 0.000000 1.000000 0.000000
0.933066 0.359705 0.000000 179.743901 -0.359705 0.933066 0.000000 -46.897132 0.000000 0.000000 1.000000 0.000000
0.933102 0.359613 0.000000 180.243689 -0.359613 0.933102 0.000000 -47.082422 0.000000 0.000000 1.000000 0.000000
0.932949 0.360008 0.000000 180.714870 -0.360008 0.932949 0.000000 -47.246480 0.000000 0.000000 1.000000 0.000000
0.932366 0.361517 0.000000 181.218564 -0.361517 0.932366 0.000000 -47.422028 0.000000 0.000000 1.000000 0.000000
0.933663 0.358154 0.000000 181.836173 -0.358154 0.933663 0.000000 -47.668452 0.000000 0.000000 1.000000 0.000000
0.935106 0.354367 0.000000 182.335669 -0.354367 0.935106 0.000000 -47.846991 0.000000 0.000000 1.000000 0.000000
0.936514 0.350631 0.000000 182.824181 -0.350631 0.936514 0.000000 -48.026915 0.000000 0.000000 1.000000 0.000000
0.936649 0.350269 0.000000 183.299336 -0.350269 0.936649 0.000000 -48.190265 0.000000 0.000000 1.000000 0.000000
0.938897 0.344197 0.000000 183.980958 -0.344197 0.938897 0.000000 -48.442032 0.000000 0.000000 1.000000 0.000000
0.939624 0.342208 0.000000 184.482569 -0.342208 0.939624 0.000000 -48.623223 0.000000 0.000000 1.000000 0.000000
0.940337 0.340245 0.000000 184.982902 -0.340245 0.940337 0.000000 -48.804540 0.000000 0.000000 1.000000 0.000000
0.941249 0.337714 0.000000 185.471701 -0.337714 0.941249 0.000000 -48.985623 0.000000 0.000000 1.000000 0.000000
0.943434 0.331561 0.000000 185.958926 -0.331561 0.943434 0.000000 -49.159833 0.000000 0.000000 1.000000 0.000000
0.947313 0.320310 0.000000 186.924698 -0.320310 0.947313 0.000000 -49.507717 0.000000 0.000000 1.000000 0.000000
0.949351 0.314218 0.000000 187.401548 -0.314218 0.949351 0.000000 -49.669326 0.000000 0.000000 1.000000 0.000000
0.951746 0.306886 0.000000 187.878254 -0.306886 0.951746 0.000000 -49.836492 0.000000 0.000000 1.000000 0.000000
0.954282 0.298909 0.000000 188.326584 -0.298909 0.954282 0.000000 -49.984940 0.000000 0.000000 1.000000 0.000000
0.956477 0.291809 0.000000 188.806433 -0.291809 0.956477 0.000000 -50.127680 0.000000 0.000000 1.000000 0.000000
0.959086 0.283115 0.000000 189.260113 -0.283115 0.959086 0.000000 -50.253427 0.000000 0.000000 1.000000 0.000000
0.964539 0.263940 0.000000 190.174245 -0.263940 0.964539 0.000000 -50.509348 0.000000 0.000000 1.000000 0.000000
0.966934 0.255026 0.000000 190.642174 -0.255026 0.966934 0.000000 -50.630555 0.000000 0.000000 1.000000 0.000000
0.969633 0.244563 0.000000 191.089099 -0.244563 0.969633 0.000000 -50.736957 0.000000 0.000000 1.000000 0.000000
0.972392 0.233353 0.000000 191.758920 -0.233353 0.972392 0.000000 -50.883306 0.000000 0.000000 1.000000 0.000000
0.974814 0.223019 0.000000 192.224682 -0.223019 0.974814 0.000000 -50.989625 0.000000 0.000000 1.000000 0.000000
0.977059 0.212971 0.000000 192.689636 -0.212971 0.977059 0.000000 -51.100849 0.000000 0.000000 1.000000 0.000000
0.979099 0.203383 0.000000 193.114410 -0.203383 0.979099 0.000000 -51.198264 0.000000 0.000000 1.000000 0.000000
0.980820 0.194918 0.000000 193.573779 -0.194918 0.980820 0.000000 -51.292957 0.000000 0.000000 1.000000 0.000000
0.983726 0.179673 0.000000 194.027247 -0.179673 0.983726 0.000000 -51.397089 0.000000 0.000000 1.000000 0.000000
0.985162 0.171626 0.000000 194.445707 -0.171626 0.985162 0.000000 -51.489014 0.000000 0.000000 1.000000 0.000000
0.986891 0.161385 0.000000 194.902376 -0.161385 0.986891 0.000000 -51.578429 0.000000 0.000000 1.000000 0.000000
0.987957 0.154726 0.000000 195.325182 -0.154726 0.987957 0.000000 -51.646582 0.000000 0.000000 1.000000 0.000000
0.989409 0.145152 0.000000 195.779410 -0.145152 0.989409 0.000000 -51.723636 0.000000 0.000000 1.000000 0.000000
0.990715 0.135955 0.000000 196.201659 -0.135955 0.990715 0.000000 -51.792196 0.000000 0.000000 1.000000 0.000000
