0.999996 0.002680 0.000000 0.590374 -0.002680 0.999996 0.000000 -0.006214 0.000000 0.000000 1.000000 0.000000
0.999982 0.005256 0.000000 1.732329 -0.005251 0.999985 0.000000 -0.015863 0.000000 0.000000 1.000000 0.000000
0.999966 0.007186 0.000000 2.335740 -0.007178 0.999972 0.000000 -0.023733 0.000000 0.000000 1.000000 0.000000
0.999948 0.009384 0.000000 3.171891 -0.009372 0.999951 0.000000 -0.034547 0.000000 0.000000 1.000000 0.000000
0.999920 0.011919 0.000000 3.760569 -0.011903 0.999922 0.000000 -0.046372 0.000000 0.000000 1.000000 0.000000
0.999894 0.013455 0.000000 4.353970 -0.013433 0.999902 0.000000 -0.056718 0.000000 0.000000 1.000000 0.000000
0.999878 0.013858 0.000000 4.947536 -0.013824 0.999893 0.000000 -0.065760 0.000000 0.000000 1.000000 0.000000
0.999850 0.015229 0.000000 5.497068 -0.015185 0.999871 0.000000 -0.075400 0.000000 0.000000 1.000000 0.000000
0.999796 0.018256 0.000000 6.103650 -0.018208 0.999818 0.000000 -0.086986 0.000000 0.000000 1.000000 0.000000
0.999771 0.019581 0.000000 6.664258 -0.019533 0.999793 0.000000 -0.100684 0.000000 0.000000 1.000000 0.000000
0.999763 0.019910 0.000000 7.251421 -0.019856 0.999784 0.000000 -0.115173 0.000000 0.000000 1.000000 0.000000
0.999743 0.020618 0.000000 7.812042 -0.020556 0.999767 0.000000 -0.130380 0.000000 0.000000 1.000000 0.000000
0.999722 0.021069 0.000000 8.381870 -0.021007 0.999762 0.000000 -0.145843 0.000000 0.000000 1.000000 0.000000
0.999677 0.022393 0.000000 8.961438 -0.022330 0.999736 0.000000 -0.161675 0.000000 0.000000 1.000000 0.000000
0.999608 0.024577 0.000000 9.726553 -0.024524 0.999691 0.000000 -0.185149 0.000000 0.000000 1.000000 0.000000
0.999572 0.025772 0.000000 10.359722 -0.025722 0.999662 0.000000 -0.204705 0.000000 0.000000 1.000000 0.000000
0.999534 0.027305 0.000000 10.908414 -0.027246 0.999619 0.000000 -0.223013 0.000000 0.000000 1.000000 0.000000
0.999526 0.027970 0.000000 11.521689 -0.027911 0.999599 0.000000 -0.241938 0.000000 0.000000 1.000000 0.000000
0.999491 0.029259 0.000000 12.105600 -0.029206 0.999564 0.000000 -0.263577 0.000000 0.000000 1.000000 0.000000
0.999413 0.030843 0.000000 12.696325 -0.030798 0.999520 0.000000 -0.285967 0.000000 0.000000 1.000000 0.000000
0.999269 0.033023 0.000000 13.272893 -0.032969 0.999452 0.000000 -0.307244 0.000000 0.000000 1.000000 0.000000
0.999153 0.033744 0.000000 13.842817 -0.033706 0.999430 0.000000 -0.326969 0.000000 0.000000 1.000000 0.000000
0.999086 0.034998 0.000000 14.413159 -0.034975 0.999387 0.000000 -0.347090 0.000000 0.000000 1.000000 0.000000
0.999139 0.035492 0.000000 14.999309 -0.035470 0.999370 0.000000 -0.367390 0.000000 0.000000 1.000000 0.000000
0.999207 0.036769 0.000000 15.580823 -0.036749 0.999323 0.000000 -0.389022 0.000000 0.000000 1.000000 0.000000
0.999204 0.039126 0.000000 16.154577 -0.039102 0.999230 0.000000 -0.413552 0.000000 0.000000 1.000000 0.000000
0.999189 0.039963 0.000000 16.702994 -0.039941 0.999192 0.000000 -0.437605 0.000000 0.000000 1.000000 0.000000
0.999116 0.041211 0.000000 17.270094 -0.041177 0.999143 0.000000 -0.465882 0.000000 0.000000 1.000000 0.000000
0.998850 0.043912 0.000000 18.374517 -0.043822 0.999026 0.000000 -0.518700 0.000000 0.000000 1.000000 0.000000
0.998609 0.047402 0.000000 19.313857 -0.047235 0.998854 0.000000 -0.565241 0.000000 0.000000 1.000000 0.000000
0.998515 0.050448 0.000000 19.866092 -0.050278 0.998697 0.000000 -0.595995 0.000000 0.000000 1.000000 0.000000
0.998507 0.051622 0.000000 20.414762 -0.051466 0.998634 0.000000 -0.625152 0.000000 0.000000 1.000000 0.000000
0.998352 0.054909 0.000000 20.970581 -0.054745 0.998449 0.000000 -0.656361 0.000000 0.000000 1.000000 0.000000
0.998131 0.058574 0.000000 21.533945 -0.058389 0.998234 0.000000 -0.693806 0.000000 0.000000 1.000000 0.000000
0.997980 0.060456 0.000000 22.129848 -0.060244 0.998120 0.000000 -0.733008 0.000000 0.000000 1.000000 0.000000
0.997732 0.063964 0.000000 22.689497 -0.063723 0.997896 0.000000 -0.772174 0.000000 0.000000 1.000000 0.000000
0.997288 0.070670 0.000000 23.804501 -0.070402 0.997428 0.000000 -0.853640 0.000000 0.000000 1.000000 0.000000
0.997121 0.073194 0.000000 24.364651 -0.072929 0.997242 0.000000 -0.895955 0.000000 0.000000 1.000000 0.000000
0.996955 0.075451 0.000000 24.933433 -0.075184 0.997072 0.000000 -0.940440 0.000000 0.000000 1.000000 0.000000
0.996698 0.078737 0.000000 25.459010 -0.078468 0.996818 0.000000 -0.985560 0.000000 0.000000 1.000000 0.000000
0.996497 0.081100 0.000000 26.029706 -0.080829 0.996633 0.000000 -1.035727 0.000000 0.000000 1.000000 0.000000
0.996060 0.086075 0.000000 26.925219 -0.085810 0.996226 0.000000 -1.116229 0.000000 0.000000 1.000000 0.000000
0.995788 0.089046 0.000000 27.522338 -0.088767 0.995962 0.000000 -1.172264 0.000000 0.000000 1.000000 0.000000
0.995509 0.091877 0.000000 28.087788 -0.091547 0.995686 0.000000 -1.228208 0.000000 0.000000 1.000000 0.000000
0.995343 0.093495 0.000000 28.659403 -0.093143 0.995529 0.000000 -1.285322 0.000000 0.000000 1.000000 0.000000
0.995168 0.095326 0.000000 29.233355 -0.094950 0.995343 0.000000 -1.342208 0.000000 0.000000 1.000000 0.000000
0.994935 0.097555 0.000000 29.793466 -0.097111 0.995094 0.000000 -1.400169 0.000000 0.000000 1.000000 0.000000
0.994708 0.099678 0.000000 30.360360 -0.099196 0.994869 0.000000 -1.459015 0.000000 0.000000 1.000000 0.000000
0.994449 0.102279 0.000000 30.932354 -0.101794 0.994601 0.000000 -1.518554 0.000000 0.000000 1.000000 0.000000
0.994254 0.104115 0.000000 31.495804 -0.103646 0.994424 0.000000 -1.579429 0.000000 0.000000 1.000000 0.000000
0.994037 0.106011 0.000000 32.024373 -0.105539 0.994230 0.000000 -1.638274 0.000000 0.000000 1.000000 0.000000
0.993500 0.110101 0.000000 32.985935 -0.109587 0.993799 0.000000 -1.747889 0.000000 0.000000 1.000000 0.000000
0.993136 0.112754 0.000000 33.555279 -0.112210 0.993508 0.000000 -1.815934 0.000000 0.000000 1.000000 0.000000
0.992886 0.114743 0.000000 34.131667 -0.114208 0.993291 0.000000 -1.883914 0.000000 0.000000 1.000000 0.000000
0.992671 0.116329 0.000000 34.700582 -0.115913 0.993156 0.000000 -1.950305 0.000000 0.000000 1.000000 0.000000
0.992435 0.118144 0.000000 35.259010 -0.117835 0.992971 0.000000 -2.018791 0.000000 0.000000 1.000000 0.000000
0.992188 0.120089 0.000000 35.817888 -0.119826 0.992747 0.000000 -2.088043 0.000000 0.000000 1.000000 0.000000
0.991859 0.122182 0.000000 36.412207 -0.121958 0.992500 0.000000 -2.162207 0.000000 0.000000 1.000000 0.000000
0.991616 0.123675 0.000000 36.947984 -0.123442 0.992316 0.000000 -2.229644 0.000000 0.000000 1.000000 0.000000
0.991428 0.124976 0.000000 37.511672 -0.124811 0.992158 0.000000 -2.300672 0.000000 0.000000 1.000000 0.000000
0.991330 0.125921 0.000000 38.075877 -0.125715 0.992036 0.000000 -2.373205 0.000000 0.000000 1.000000 0.000000
0.991207 0.127842 0.000000 38.636224 -0.127568 0.991779 0.000000 -2.447876 0.000000 0.000000 1.000000 0.000000
0.991116 0.129269 0.000000 39.158975 -0.128967 0.991582 0.000000 -2.518319 0.000000 0.000000 1.000000 0.000000
0.990989 0.130573 0.000000 39.725300 -0.130246 0.991401 0.000000 -2.596354 0.000000 0.000000 1.000000 0.000000
0.990744 0.132631 0.000000 40.252255 -0.132321 0.991129 0.000000 -2.670119 0.000000 0.000000 1.000000 0.000000
0.990263 0.135955 0.000000 41.222175 -0.135620 0.990676 0.000000 -2.808077 0.000000 0.000000 1.000000 0.000000
0.989960 0.137760 0.000000 41.766208 -0.137366 0.990417 0.000000 -2.885474 0.000000 0.000000 1.000000 0.000000
0.989483 0.140855 0.000000 42.294728 -0.140383 0.989964 0.000000 -2.965516 0.000000 0.000000 1.000000 0.000000
0.988879 0.143862 0.000000 43.368998 -0.143364 0.989547 0.000000 -3.123012 0.000000 0.000000 1.000000 0.000000
0.988447 0.146537 0.000000 43.947784 -0.146013 0.989152 0.000000 -3.211175 0.000000 0.000000 1.000000 0.000000
0.988198 0.148408 0.000000 44.453520 -0.147858 0.988864 0.000000 -3.288688 0.000000 0.000000 1.000000 0.000000
0.987908 0.151121 0.000000 45.519372 -0.150621 0.988452 0.000000 -3.454803 0.000000 0.000000 1.000000 0.000000
0.987616 0.153409 0.000000 46.056435 -0.152930 0.988097 0.000000 -3.540316 0.000000 0.000000 1.000000 0.000000
0.987344 0.155144 0.000000 46.571458 -0.154675 0.987830 0.000000 -3.623739 0.000000 0.000000 1.000000 0.000000
0.987080 0.156684 0.000000 47.064180 -0.156191 0.987583 0.000000 -3.705265 0.000000 0.000000 1.000000 0.000000
0.986440 0.160506 0.000000 47.977789 -0.159938 0.986949 0.000000 -3.854579 0.000000 0.000000 1.000000 0.000000
0.986225 0.161742 0.000000 48.499367 -0.161144 0.986740 0.000000 -3.939451 0.000000 0.000000 1.000000 0.000000
0.985905 0.163674 0.000000 49.012844 -0.163062 0.986417 0.000000 -4.025419 0.000000 0.000000 1.000000 0.000000
0.985717 0.164805 0.000000 49.511970 -0.164149 0.986212 0.000000 -4.108307 0.000000 0.000000 1.000000 0.000000
0.985380 0.166747 0.000000 50.014179 -0.166029 0.985864 0.000000 -4.191907 0.000000 0.000000 1.000000 0.000000
0.984976 0.168875 0.000000 50.497486 -0.168113 0.985495 0.000000 -4.276259 0.000000 0.000000 1.000000 0.000000
0.984485 0.171409 0.000000 50.969403 -0.170566 0.985038 0.000000 -4.361427 0.000000 0.000000 1.000000 0.000000
0.983814 0.174871 0.000000 51.659428 -0.173952 0.984416 0.000000 -4.485242 0.000000 0.000000 1.000000 0.000000
0.983516 0.176611 0.000000 52.060362 -0.175745 0.984125 0.000000 -4.558720 0.000000 0.000000 1.000000 0.000000
0.983409 0.177612 0.000000 52.507400 -0.176838 0.983964 0.000000 -4.641778 0.000000 0.000000 1.000000 0.000000
0.983195 0.179063 0.000000 52.946469 -0.178286 0.983687 0.000000 -4.724007 0.000000 0.000000 1.000000 0.000000
0.982699 0.181530 0.000000 53.360719 -0.180702 0.983226 0.000000 -4.804112 0.000000 0.000000 1.000000 0.000000
0.982335 0.182971 0.000000 53.772036 -0.182071 0.982957 0.000000 -4.883844 0.000000 0.000000 1.000000 0.000000
0.981729 0.185335 0.000000 54.496774 -0.184413 0.982544 0.000000 -5.024110 0.000000 0.000000 1.000000 0.000000
0.981306 0.187160 0.000000 54.887520 -0.186228 0.982209 0.000000 -5.100361 0.000000 0.000000 1.000000 0.000000
0.981082 0.188099 0.000000 55.314700 -0.187219 0.982053 0.000000 -5.183410 0.000000 0.000000 1.000000 0.000000
0.981114 0.188048 0.000000 55.708759 -0.187261 0.982085 0.000000 -5.259305 0.000000 0.000000 1.000000 0.000000
0.980988 0.189071 0.000000 56.101703 -0.188326 0.981890 0.000000 -5.336498 0.000000 0.000000 1.000000 0.000000
0.980873 0.190086 0.000000 56.493025 -0.189241 0.981654 0.000000 -5.414239 0.000000 0.000000 1.000000 0.000000
0.980601 0.191610 0.000000 56.873698 -0.190664 0.981317 0.000000 -5.489324 0.000000 0.000000 1.000000 0.000000
0.980293 0.193353 0.000000 57.228308 -0.192371 0.980953 0.000000 -5.562105 0.000000 0.000000 1.000000 0.000000
0.980078 0.194501 0.000000 57.582297 -0.193532 0.980729 0.000000 -5.635172 0.000000 0.000000 1.000000 0.000000
0.979733 0.196155 0.000000 57.935742 -0.195219 0.980417 0.000000 -5.710272 0.000000 0.000000 1.000000 0.000000
0.978917 0.199826 0.000000 58.595709 -0.198931 0.979709 0.000000 -5.852113 0.000000 0.000000 1.000000 0.000000
0.978496 0.201900 0.000000 58.941190 -0.200948 0.979263 0.000000 -5.926887 0.000000 0.000000 1.000000 0.000000
0.978230 0.203195 0.000000 59.266081 -0.202199 0.978980 0.000000 -5.995916 0.000000 0.000000 1.000000 0.000000
0.978109 0.203686 0.000000 59.608585 -0.202618 0.978855 0.000000 -6.068689 0.000000 0.000000 1.000000 0.000000
0.977804 0.204940 0.000000 59.946892 -0.203875 0.978606 0.000000 -6.142049 0.000000 0.000000 1.000000 0.000000
0.977429 0.206509 0.000000 60.251992 -0.205454 0.978291 0.000000 -6.208656 0.000000 0.000000 1.000000 0.000000
0.976846 0.209059 0.000000 60.590022 -0.208076 0.977782 0.000000 -6.284357 0.000000 0.000000 1.000000 0.000000
0.976457 0.210824 0.000000 60.910924 -0.209864 0.977412 0.000000 -6.357448 0.000000 0.000000 1.000000 0.000000
0.975862 0.213605 0.000000 61.416653 -0.212543 0.976776 0.000000 -6.474306 0.000000 0.000000 1.000000 0.000000
0.975730 0.214273 0.000000 61.727631 -0.213173 0.976614 0.000000 -6.542915 0.000000 0.000000 1.000000 0.000000
0.975382 0.216048 0.000000 62.028335 -0.214893 0.976193 0.000000 -6.611042 0.000000 0.000000 1.000000 0.000000
0.974991 0.218061 0.000000 62.334145 -0.216928 0.975740 0.000000 -6.681120 0.000000 0.000000 1.000000 0.000000
0.974599 0.220048 0.000000 62.631872 -0.218974 0.975304 0.000000 -6.750651 0.000000 0.000000 1.000000 0.000000
0.974256 0.221754 0.000000 62.895352 -0.220720 0.974922 0.000000 -6.813067 0.000000 0.000000 1.000000 0.000000
0.973788 0.223974 0.000000 63.187759 -0.222992 0.974426 0.000000 -6.883476 0.000000 0.000000 1.000000 0.000000
0.973459 0.225434 0.000000 63.460078 -0.224431 0.974079 0.000000 -6.948135 0.000000 0.000000 1.000000 0.000000
0.973104 0.226937 0.000000 63.719447 -0.225891 0.973715 0.000000 -7.010737 0.000000 0.000000 1.000000 0.000000
0.972432 0.229562 0.000000 64.161057 -0.228453 0.973092 0.000000 -7.119290 0.000000 0.000000 1.000000 0.000000
0.971870 0.231793 0.000000 64.407688 -0.230656 0.972563 0.000000 -7.180663 0.000000 0.000000 1.000000 0.000000
0.971447 0.233580 0.000000 64.687787 -0.232452 0.972138 0.000000 -7.251497 0.000000 0.000000 1.000000 0.000000
0.971102 0.235143 0.000000 64.945588 -0.234044 0.971765 0.000000 -7.317533 0.000000 0.000000 1.000000 0.000000
0.970838 0.236312 0.000000 65.196924 -0.235219 0.971479 0.000000 -7.382222 0.000000 0.000000 1.000000 0.000000
0.970482 0.237731 0.000000 65.447825 -0.236602 0.971121 0.000000 -7.447907 0.000000 0.000000 1.000000 0.000000
0.970041 0.239393 0.000000 65.695909 -0.238209 0.970700 0.000000 -7.512938 0.000000 0.000000 1.000000 0.000000
0.969651 0.240849 0.000000 65.939395 -0.239613 0.970329 0.000000 -7.576767 0.000000 0.000000 1.000000 0.000000
0.969351 0.241991 0.000000 66.186173 -0.240753 0.970049 0.000000 -7.641381 0.000000 0.000000 1.000000 0.000000
0.969015 0.243405 0.000000 66.457006 -0.242176 0.969695 0.000000 -7.711974 0.000000 0.000000 1.000000 0.000000
0.968998 0.243527 0.000000 66.697521 -0.242331 0.969674 0.000000 -7.774558 0.000000 0.000000 1.000000 0.000000
0.968684 0.244729 0.000000 66.944103 -0.243563 0.969388 0.000000 -7.840357 0.000000 0.000000 1.000000 0.000000
0.968135 0.246806 0.000000 67.370101 -0.245663 0.968878 0.000000 -7.953850 0.000000 0.000000 1.000000 0.000000
0.967834 0.247938 0.000000 67.637931 -0.246824 0.968605 0.000000 -8.026233 0.000000 0.000000 1.000000 0.000000
0.967578 0.249067 0.000000 67.910265 -0.247969 0.968312 0.000000 -8.099210 0.000000 0.000000 1.000000 0.000000
0.967307 0.250307 0.000000 68.164350 -0.249226 0.967986 0.000000 -8.170121 0.000000 0.000000 1.000000 0.000000
0.967104 0.251194 0.000000 68.424415 -0.250126 0.967754 0.000000 -8.241243 0.000000 0.000000 1.000000 0.000000
0.966901 0.252069 0.000000 68.705601 -0.250973 0.967508 0.000000 -8.317972 0.000000 0.000000 1.000000 0.000000
0.966587 0.253325 0.000000 68.960792 -0.252226 0.967175 0.000000 -8.386830 0.000000 0.000000 1.000000 0.000000
0.966401 0.254201 0.000000 69.258084 -0.253106 0.966932 0.000000 -8.467570 0.000000 0.000000 1.000000 0.000000
0.966176 0.255447 0.000000 69.541439 -0.254345 0.966556 0.000000 -8.545123 0.000000 0.000000 1.000000 0.000000
0.965809 0.257145 0.000000 69.790394 -0.256108 0.966099 0.000000 -8.614971 0.000000 0.000000 1.000000 0.000000
0.965356 0.258918 0.000000 70.062792 -0.257899 0.965625 0.000000 -8.691841 0.000000 0.000000 1.000000 0.000000
0.965011 0.260060 0.000000 70.322638 -0.258993 0.965313 0.000000 -8.765037 0.000000 0.000000 1.000000 0.000000
0.964329 0.263348 0.000000 71.076134 -0.262430 0.964372 0.000000 -8.981432 0.000000 0.000000 1.000000 0.000000
0.964025 0.264955 0.000000 71.359982 -0.264243 0.963949 0.000000 -9.064532 0.000000 0.000000 1.000000 0.000000
0.963818 0.266064 0.000000 71.645576 -0.265526 0.963660 0.000000 -9.147807 0.000000 0.000000 1.000000 0.000000
0.963508 0.267373 0.000000 71.933008 -0.266943 0.963303 0.000000 -9.231362 0.000000 0.000000 1.000000 0.000000
0.963354 0.267978 0.000000 72.219979 -0.267617 0.963179 0.000000 -9.312893 0.000000 0.000000 1.000000 0.000000
0.962637 0.270655 0.000000 72.778897 -0.270401 0.962474 0.000000 -9.477337 0.000000 0.000000 1.000000 0.000000
0.962260 0.271978 0.000000 73.062480 -0.271726 0.962118 0.000000 -9.560632 0.000000 0.000000 1.000000 0.000000
0.961831 0.273360 0.000000 73.347545 -0.273028 0.961725 0.000000 -9.644297 0.000000 0.000000 1.000000 0.000000
0.961057 0.275424 0.000000 73.802591 -0.274797 0.961114 0.000000 -9.779622 0.000000 0.000000 1.000000 0.000000
0.960370 0.277134 0.000000 74.111472 -0.276276 0.960613 0.000000 -9.872230 0.000000 0.000000 1.000000 0.000000
0.959241 0.279894 0.000000 74.634542 -0.278728 0.959809 0.000000 -10.028968 0.000000 0.000000 1.000000 0.000000
0.958367 0.282196 0.000000 74.948764 -0.280890 0.959146 0.000000 -10.126619 0.000000 0.000000 1.000000 0.000000
0.957439 0.284499 0.000000 75.278708 -0.283039 0.958478 0.000000 -10.228255 0.000000 0.000000 1.000000 0.000000
0.956541 0.286456 0.000000 75.600223 -0.284830 0.957912 0.000000 -10.327289 0.000000 0.000000 1.000000 0.000000
0.955557 0.288243 0.000000 75.951745 -0.286438 0.957403 0.000000 -10.436554 0.000000 0.000000 1.000000 0.000000
0.954063 0.290944 0.000000 76.518914 -0.288693 0.956576 0.000000 -10.613106 0.000000 0.000000 1.000000 0.000000
0.953218 0.292963 0.000000 76.851775 -0.290459 0.955933 0.000000 -10.716757 0.000000 0.000000 1.000000 0.000000
0.952430 0.295312 0.000000 77.246130 -0.292738 0.955205 0.000000 -10.839735 0.000000 0.000000 1.000000 0.000000
0.951877 0.297400 0.000000 77.598394 -0.294809 0.954542 0.000000 -10.952088 0.000000 0.000000 1.000000 0.000000
0.951519 0.300339 0.000000 78.227986 -0.298239 0.953662 0.000000 -11.156675 0.000000 0.000000 1.000000 0.000000
0.951479 0.302981 0.000000 78.878856 -0.301651 0.952897 0.000000 -11.371116 0.000000 0.000000 1.000000 0.000000
0.951408 0.304262 0.000000 79.260801 -0.303234 0.952513 0.000000 -11.496311 0.000000 0.000000 1.000000 0.000000
0.951180 0.305544 0.000000 79.674383 -0.304683 0.952116 0.000000 -11.631693 0.000000 0.000000 1.000000 0.000000
0.950953 0.306697 0.000000 80.063813 -0.305931 0.951748 0.000000 -11.759986 0.000000 0.000000 1.000000 0.000000
0.950485 0.308464 0.000000 80.495670 -0.307750 0.951175 0.000000 -11.903607 0.000000 0.000000 1.000000 0.000000
0.950119 0.309540 0.000000 80.898674 -0.308913 0.950848 0.000000 -12.037577 0.000000 0.000000 1.000000 0.000000
0.949673 0.310615 0.000000 81.332973 -0.310050 0.950516 0.000000 -12.182833 0.000000 0.000000 1.000000 0.000000
0.949362 0.311229 0.000000 81.991176 -0.310760 0.950330 0.000000 -12.403187 0.000000 0.000000 1.000000 0.000000
0.948722 0.313171 0.000000 82.786413 -0.312799 0.949696 0.000000 -12.671152 0.000000 0.000000 1.000000 0.000000
0.948251 0.314651 0.000000 83.242431 -0.314285 0.949207 0.000000 -12.826022 0.000000 0.000000 1.000000 0.000000
0.947845 0.315883 0.000000 83.709513 -0.315492 0.948797 0.000000 -12.983691 0.000000 0.000000 1.000000 0.000000
0.947538 0.316606 0.000000 84.162192 -0.316114 0.948552 0.000000 -13.135898 0.000000 0.000000 1.000000 0.000000
0.947137 0.317313 0.000000 84.662221 -0.316745 0.948315 0.000000 -13.304423 0.000000 0.000000 1.000000 0.000000
0.946604 0.318514 0.000000 85.099047 -0.317916 0.947914 0.000000 -13.454319 0.000000 0.000000 1.000000 0.000000
0.946070 0.320107 0.000000 85.590057 -0.319554 0.947379 0.000000 -13.623801 0.000000 0.000000 1.000000 0.000000
0.945964 0.320806 0.000000 86.086819 -0.320335 0.947144 0.000000 -13.794311 0.000000 0.000000 1.000000 0.000000
0.945678 0.322125 0.000000 86.590743 -0.321704 0.946696 0.000000 -13.968381 0.000000 0.000000 1.000000 0.000000
0.945086 0.324146 0.000000 87.064656 -0.323791 0.946007 0.000000 -14.135372 0.000000 0.000000 1.000000 0.000000
0.944869 0.324915 0.000000 87.565870 -0.324588 0.945743 0.000000 -14.314056 0.000000 0.000000 1.000000 0.000000
0.943701 0.327944 0.000000 88.505779 -0.327492 0.944695 0.000000 -14.650093 0.000000 0.000000 1.000000 0.000000
0.943106 0.329451 0.000000 89.037002 -0.328951 0.944169 0.000000 -14.842162 0.000000 0.000000 1.000000 0.000000
0.942472 0.331174 0.000000 89.560706 -0.330677 0.943567 0.000000 -15.030512 0.000000 0.000000 1.000000 0.000000
0.941784 0.333062 0.000000 90.101048 -0.332529 0.942901 0.000000 -15.226390 0.000000 0.000000 1.000000 0.000000
0.940992 0.335271 0.000000 90.649357 -0.334676 0.942115 0.000000 -15.425999 0.000000 0.000000 1.000000 0.000000
0.940282 0.337356 0.000000 91.492763 -0.336704 0.941364 0.000000 -15.732893 0.000000 0.000000 1.000000 0.000000
0.939806 0.338783 0.000000 92.003172 -0.338089 0.940845 0.000000 -15.920537 0.000000 0.000000 1.000000 0.000000
0.938075 0.343770 0.000000 93.085459 -0.343009 0.939020 0.000000 -16.322595 0.000000 0.000000 1.000000 0.000000
0.937267 0.345937 0.000000 93.798991 -0.345136 0.938218 0.000000 -16.591744 0.000000 0.000000 1.000000 0.000000
0.936493 0.347965 0.000000 94.356850 -0.347124 0.937464 0.000000 -16.803876 0.000000 0.000000 1.000000 0.000000
0.935544 0.350347 0.000000 94.946775 -0.349437 0.936571 0.000000 -17.031003 0.000000 0.000000 1.000000 0.000000
0.934463 0.353075 0.000000 95.515310 -0.352104 0.935542 0.000000 -17.252214 0.000000 0.000000 1.000000 0.000000
0.934005 0.354382 0.000000 96.088585 -0.353418 0.935045 0.000000 -17.473958 0.000000 0.000000 1.000000 0.000000
0.933422 0.356143 0.000000 96.683180 -0.355188 0.934367 0.000000 -17.703780 0.000000 0.000000 1.000000 0.000000
0.932738 0.358050 0.000000 97.234361 -0.357092 0.933631 0.000000 -17.920547 0.000000 0.000000 1.000000 0.000000
0.931948 0.360194 0.000000 97.800613 -0.359224 0.932798 0.000000 -18.144622 0.000000 0.000000 1.000000 0.000000
0.930946 0.362738 0.000000 98.387711 -0.361739 0.931809 0.000000 -18.380049 0.000000 0.000000 1.000000 0.000000
0.930095 0.364765 0.000000 98.929587 -0.363735 0.931021 0.000000 -18.598605 0.000000 0.000000 1.000000 0.000000
0.929527 0.366101 0.000000 99.509181 -0.365061 0.930501 0.000000 -18.832325 0.000000 0.000000 1.000000 0.000000
0.928963 0.367455 0.000000 100.106904 -0.366435 0.929976 0.000000 -19.074449 0.000000 0.000000 1.000000 0.000000
0.928749 0.367949 0.000000 100.667993 -0.366956 0.929789 0.000000 -19.300494 0.000000 0.000000 1.000000 0.000000
0.927362 0.371336 0.000000 101.731155 -0.370301 0.928440 0.000000 -19.735516 0.000000 0.000000 1.000000 0.000000
0.926672 0.373038 0.000000 102.365369 -0.372002 0.927758 0.000000 -19.997789 0.000000 0.000000 1.000000 0.000000
0.926051 0.374541 0.000000 102.952646 -0.373526 0.927159 0.000000 -20.239979 0.000000 0.000000 1.000000 0.000000
0.925364 0.376249 0.000000 103.552375 -0.375255 0.926471 0.000000 -20.488138 0.000000 0.000000 1.000000 0.000000
0.924758 0.377706 0.000000 104.123285 -0.376703 0.925878 0.000000 -20.730169 0.000000 0.000000 1.000000 0.000000
0.924123 0.379185 0.000000 104.722277 -0.378153 0.925272 0.000000 -20.985455 0.000000 0.000000 1.000000 0.000000
0.923522 0.380519 0.000000 105.277363 -0.379499 0.924732 0.000000 -21.222139 0.000000 0.000000 1.000000 0.000000
0.922792 0.382244 0.000000 105.885538 -0.381226 0.924023 0.000000 -21.481470 0.000000 0.000000 1.000000 0.000000
0.922569 0.382883 0.000000 106.449314 -0.381923 0.923764 0.000000 -21.716906 0.000000 0.000000 1.000000 0.000000
0.921942 0.384460 0.000000 107.062609 -0.383612 0.923121 0.000000 -21.976293 0.000000 0.000000 1.000000 0.000000
0.921802 0.384702 0.000000 107.665747 -0.383971 0.923033 0.000000 -22.231762 0.000000 0.000000 1.000000 0.000000
0.920993 0.386470 0.000000 108.280144 -0.385742 0.922297 0.000000 -22.495402 0.000000 0.000000 1.000000 0.000000
0.919992 0.388392 0.000000 109.046055 -0.387674 0.921493 0.000000 -22.827480 0.000000 0.000000 1.000000 0.000000
0.918985 0.390552 0.000000 109.628644 -0.389877 0.920581 0.000000 -23.081984 0.000000 0.000000 1.000000 0.000000
0.918292 0.392069 0.000000 110.247751 -0.391460 0.919935 0.000000 -23.352598 0.000000 0.000000 1.000000 0.000000
0.917017 0.394938 0.000000 111.228610 -0.394412 0.918703 0.000000 -23.781392 0.000000 0.000000 1.000000 0.000000
0.916291 0.396615 0.000000 111.853470 -0.396095 0.917979 0.000000 -24.056689 0.000000 0.000000 1.000000 0.000000
0.915623 0.398301 0.000000 112.468816 -0.397734 0.917252 0.000000 -24.333953 0.000000 0.000000 1.000000 0.000000
0.915156 0.399534 0.000000 113.083647 -0.398951 0.916717 0.000000 -24.609963 0.000000 0.000000 1.000000 0.000000
0.914395 0.401417 0.000000 113.695063 -0.400847 0.915894 0.000000 -24.884466 0.000000 0.000000 1.000000 0.000000
0.913436 0.403730 0.000000 114.321428 -0.403135 0.914878 0.000000 -25.169459 0.000000 0.000000 1.000000 0.000000
0.912909 0.404926 0.000000 114.902857 -0.404344 0.914349 0.000000 -25.433343 0.000000 0.000000 1.000000 0.000000
0.911939 0.407060 0.000000 115.994005 -0.406425 0.913401 0.000000 -25.930824 0.000000 0.000000 1.000000 0.000000
0.911406 0.408299 0.000000 116.617742 -0.407560 0.912847 0.000000 -26.216375 0.000000 0.000000 1.000000 0.000000
0.910569 0.410256 0.000000 117.238830 -0.409509 0.911968 0.000000 -26.503872 0.000000 0.000000 1.000000 0.000000
0.910156 0.411368 0.000000 117.850204 -0.410591 0.911464 0.000000 -26.786961 0.000000 0.000000 1.000000 0.000000
0.908332 0.415439 0.000000 119.100665 -0.414492 0.909601 0.000000 -27.378341 0.000000 0.000000 1.000000 0.000000
0.907800 0.416503 0.000000 119.669331 -0.415492 0.909111 0.000000 -27.647940 0.000000 0.000000 1.000000 0.000000
0.906795 0.418745 0.000000 120.300587 -0.417698 0.908075 0.000000 -27.947172 0.000000 0.000000 1.000000 0.000000
0.906051 0.420555 0.000000 120.874380 -0.419535 0.907234 0.000000 -28.221237 0.000000 0.000000 1.000000 0.000000
0.905171 0.422544 0.000000 121.437436 -0.421545 0.906309 0.000000 -28.488889 0.000000 0.000000 1.000000 0.000000
0.898715 0.436543 0.000000 125.869832 -0.435556 0.899633 0.000000 -30.643274 0.000000 0.000000 1.000000 0.000000
0.898375 0.437317 0.000000 126.478323 -0.436318 0.899249 0.000000 -30.945395 0.000000 0.000000 1.000000 0.000000
0.897344 0.439459 0.000000 127.046976 -0.438390 0.898188 0.000000 -31.230255 0.000000 0.000000 1.000000 0.000000
0.896742 0.440659 0.000000 127.631403 -0.439567 0.897598 0.000000 -31.521985 0.000000 0.000000 1.000000 0.000000
0.895861 0.442437 0.000000 128.188299 -0.441360 0.896727 0.000000 -31.802837 0.000000 0.000000 1.000000 0.000000
0.894605 0.445017 0.000000 128.759954 -0.443935 0.895446 0.000000 -32.092465 0.000000 0.000000 1.000000 0.000000
0.894072 0.446144 0.000000 129.344003 -0.445052 0.894878 0.000000 -32.388329 0.000000 0.000000 1.000000 0.000000
0.892211 0.449841 0.000000 130.082558 -0.448740 0.893026 0.000000 -32.766354 0.000000 0.000000 1.000000 0.000000
0.891251 0.451662 0.000000 130.661210 -0.450489 0.892099 0.000000 -33.064250 0.000000 0.000000 1.000000 0.000000
0.891260 0.451538 0.000000 131.264055 -0.450292 0.892155 0.000000 -33.370612 0.000000 0.000000 1.000000 0.000000
0.890601 0.452734 0.000000 132.145580 -0.451422 0.891545 0.000000 -33.821565 0.000000 0.000000 1.000000 0.000000
0.889532 0.454752 0.000000 132.735132 -0.453442 0.890527 0.000000 -34.123817 0.000000 0.000000 1.000000 0.000000
0.888478 0.456840 0.000000 133.315306 -0.455516 0.889452 0.000000 -34.423209 0.000000 0.000000 1.000000 0.000000
0.887956 0.457963 0.000000 133.894155 -0.456649 0.888865 0.000000 -34.723324 0.000000 0.000000 1.000000 0.000000
0.886958 0.460000 0.000000 134.473541 -0.458719 0.887810 0.000000 -35.027209 0.000000 0.000000 1.000000 0.000000
0.886479 0.460991 0.000000 135.311177 -0.459761 0.887302 0.000000 -35.468383 0.000000 0.000000 1.000000 0.000000
0.886346 0.461327 0.000000 135.861953 -0.460039 0.887101 0.000000 -35.756502 0.000000 0.000000 1.000000 0.000000
0.886134 0.461650 0.000000 136.434700 -0.460369 0.886947 0.000000 -36.056184 0.000000 0.000000 1.000000 0.000000
0.886220 0.461592 0.000000 136.968487 -0.460241 0.886941 0.000000 -36.334216 0.000000 0.000000 1.000000 0.000000
0.885939 0.462252 0.000000 137.726302 -0.460874 0.886568 0.000000 -36.731573 0.000000 0.000000 1.000000 0.000000
0.885748 0.462576 0.000000 138.300301 -0.461209 0.886411 0.000000 -37.032191 0.000000 0.000000 1.000000 0.000000
0.885314 0.463386 0.000000 138.861882 -0.462066 0.886007 0.000000 -37.327463 0.000000 0.000000 1.000000 0.000000
0.885089 0.463873 0.000000 139.423617 -0.462617 0.885764 0.000000 -37.623325 0.000000 0.000000 1.000000 0.000000
0.885021 0.464281 0.000000 139.984134 -0.463055 0.885508 0.000000 -37.918872 0.000000 0.000000 1.000000 0.000000
0.884053 0.466837 0.000000 141.052404 -0.465776 0.883992 0.000000 -38.490013 0.000000 0.000000 1.000000 0.000000
0.883787 0.467485 0.000000 141.562094 -0.466504 0.883605 0.000000 -38.764092 0.000000 0.000000 1.000000 0.000000
0.882768 0.469491 0.000000 142.088128 -0.468487 0.882448 0.000000 -39.052336 0.000000 0.000000 1.000000 0.000000
0.882418 0.470174 0.000000 142.616289 -0.469059 0.881958 0.000000 -39.336873 0.000000 0.000000 1.000000 0.000000
0.882146 0.470689 0.000000 143.126505 -0.469463 0.881573 0.000000 -39.613464 0.000000 0.000000 1.000000 0.000000
0.881735 0.471457 0.000000 143.662055 -0.470090 0.881030 0.000000 -39.906800 0.000000 0.000000 1.000000 0.000000
0.881383 0.472064 0.000000 144.314473 -0.470518 0.880614 0.000000 -40.266732 0.000000 0.000000 1.000000 0.000000
0.880684 0.473265 0.000000 144.846657 -0.471625 0.880036 0.000000 -40.557539 0.000000 0.000000 1.000000 0.000000
0.880461 0.473583 0.000000 145.341757 -0.471871 0.879917 0.000000 -40.824944 0.000000 0.000000 1.000000 0.000000
0.879870 0.474618 0.000000 145.875098 -0.472846 0.879379 0.000000 -41.116331 0.000000 0.000000 1.000000 0.000000
0.879007 0.476181 0.000000 146.399639 -0.474396 0.878562 0.000000 -41.406350 0.000000 0.000000 1.000000 0.000000
0.878335 0.477395 0.000000 146.895683 -0.475644 0.877954 0.000000 -41.683472 0.000000 0.000000 1.000000 0.000000
0.877428 0.479054 0.000000 147.420120 -0.477356 0.877099 0.000000 -41.975282 0.000000 0.000000 1.000000 0.000000
0.876694 0.480367 0.000000 147.900423 -0.478699 0.876428 0.000000 -42.242750 0.000000 0.000000 1.000000 0.000000
0.876281 0.481079 0.000000 148.405152 -0.479411 0.876072 0.000000 -42.521523 0.000000 0.000000 1.000000 0.000000
0.875473 0.482496 0.000000 148.920847 -0.480829 0.875331 0.000000 -42.808544 0.000000 0.000000 1.000000 0.000000
0.874308 0.484549 0.000000 149.589653 -0.482883 0.874236 0.000000 -43.184267 0.000000 0.000000 1.000000 0.000000
0.873389 0.486161 0.000000 150.082534 -0.484517 0.873382 0.000000 -43.461833 0.000000 0.000000 1.000000 0.000000
0.872898 0.487081 0.000000 150.609674 -0.485480 0.872874 0.000000 -43.757985 0.000000 0.000000 1.000000 0.000000
0.872260 0.488246 0.000000 151.105736 -0.486687 0.872238 0.000000 -44.037120 0.000000 0.000000 1.000000 0.000000
0.871912 0.488858 0.000000 151.625972 -0.487314 0.871910 0.000000 -44.329013 0.000000 0.000000 1.000000 0.000000
0.870728 0.490976 0.000000 152.103289 -0.489439 0.870720 0.000000 -44.603687 0.000000 0.000000 1.000000 0.000000
0.869609 0.492956 0.000000 152.764868 -0.491379 0.869579 0.000000 -44.985325 0.000000 0.000000 1.000000 0.000000
0.869136 0.493810 0.000000 153.233411 -0.492253 0.869097 0.000000 -45.255092 0.000000 0.000000 1.000000 0.000000
0.868170 0.495596 0.000000 153.734093 -0.494115 0.868073 0.000000 -45.548157 0.000000 0.000000 1.000000 0.000000
0.867741 0.496423 0.000000 154.196688 -0.495025 0.867602 0.000000 -45.817832 0.000000 0.000000 1.000000 0.000000
0.867168 0.497460 0.000000 154.690093 -0.496134 0.867029 0.000000 -46.107871 0.000000 0.000000 1.000000 0.000000
0.866288 0.499003 0.000000 155.153706 -0.497721 0.866164 0.000000 -46.382199 0.000000 0.000000 1.000000 0.000000
0.865914 0.499618 0.000000 155.800501 -0.498320 0.865825 0.000000 -46.762255 0.000000 0.000000 1.000000 0.000000
0.865516 0.500254 0.000000 156.278904 -0.498921 0.865472 0.000000 -47.042574 0.000000 0.000000 1.000000 0.000000
0.864620 0.501751 0.000000 156.761315 -0.500400 0.864626 0.000000 -47.327652 0.000000 0.000000 1.000000 0.000000
0.863661 0.503348 0.000000 157.243835 -0.501975 0.863716 0.000000 -47.614847 0.000000 0.000000 1.000000 0.000000
0.863125 0.504237 0.000000 157.720545 -0.502842 0.863202 0.000000 -47.897875 0.000000 0.000000 1.000000 0.000000
0.862614 0.505114 0.000000 158.200108 -0.503735 0.862698 0.000000 -48.182180 0.000000 0.000000 1.000000 0.000000
0.861845 0.506483 0.000000 158.678425 -0.505099 0.861862 0.000000 -48.469458 0.000000 0.000000 1.000000 0.000000
0.861457 0.507165 0.000000 159.130928 -0.505779 0.861447 0.000000 -48.742762 0.000000 0.000000 1.000000 0.000000
0.860415 0.508923 0.000000 159.614100 -0.507547 0.860423 0.000000 -49.040252 0.000000 0.000000 1.000000 0.000000
0.859136 0.511060 0.000000 160.115929 -0.509674 0.859165 0.000000 -49.349161 0.000000 0.000000 1.000000 0.000000
0.858138 0.512696 0.000000 160.572415 -0.511293 0.858203 0.000000 -49.634168 0.000000 0.000000 1.000000 0.000000
0.857340 0.514011 0.000000 161.068599 -0.512586 0.857418 0.000000 -49.944163 0.000000 0.000000 1.000000 0.000000
0.856236 0.515829 0.000000 161.530634 -0.514411 0.856341 0.000000 -50.230881 0.000000 0.000000 1.000000 0.000000
0.854710 0.518340 0.000000 162.021222 -0.516947 0.854847 0.000000 -50.540440 0.000000 0.000000 1.000000 0.000000
0.853580 0.520157 0.000000 162.502359 -0.518784 0.853774 0.000000 -50.845395 0.000000 0.000000 1.000000 0.000000
0.853138 0.520856 0.000000 162.990537 -0.519534 0.853382 0.000000 -51.153437 0.000000 0.000000 1.000000 0.000000
0.852886 0.521280 0.000000 163.447347 -0.519999 0.853138 0.000000 -51.441889 0.000000 0.000000 1.000000 0.000000
0.852063 0.522636 0.000000 163.938380 -0.521338 0.852297 0.000000 -51.751460 0.000000 0.000000 1.000000 0.000000
0.851334 0.523850 0.000000 164.379411 -0.522517 0.851526 0.000000 -52.032789 0.000000 0.000000 1.000000 0.000000
0.850026 0.526010 0.000000 164.867114 -0.524653 0.850165 0.000000 -52.347261 0.000000 0.000000 1.000000 0.000000
0.849074 0.527578 0.000000 165.511028 -0.526206 0.849172 0.000000 -52.759716 0.000000 0.000000 1.000000 0.000000
0.848269 0.528927 0.000000 165.989330 -0.527575 0.848314 0.000000 -53.068812 0.000000 0.000000 1.000000 0.000000
0.847739 0.529800 0.000000 166.437416 -0.528475 0.847771 0.000000 -53.357892 0.000000 0.000000 1.000000 0.000000
0.847240 0.530621 0.000000 166.930122 -0.529266 0.847228 0.000000 -53.676106 0.000000 0.000000 1.000000 0.000000
0.846557 0.531697 0.000000 167.540207 -0.530282 0.846530 0.000000 -54.068225 0.000000 0.000000 1.000000 0.000000
0.844986 0.534197 0.000000 168.487590 -0.532773 0.844949 0.000000 -54.681246 0.000000 0.000000 1.000000 0.000000
0.844417 0.535139 0.000000 168.953881 -0.533714 0.844322 0.000000 -54.984133 0.000000 0.000000 1.000000 0.000000
0.843608 0.536385 0.000000 169.416232 -0.534921 0.843533 0.000000 -55.286656 0.000000 0.000000 1.000000 0.000000
0.843342 0.536779 0.000000 169.880318 -0.535286 0.843282 0.000000 -55.587845 0.000000 0.000000 1.000000 0.000000
0.842743 0.537778 0.000000 170.358965 -0.536272 0.842595 0.000000 -55.899246 0.000000 0.000000 1.000000 0.000000
0.843047 0.537404 0.000000 170.824403 -0.535956 0.842779 0.000000 -56.202732 0.000000 0.000000 1.000000 0.000000
0.843704 0.536459 0.000000 171.319598 -0.535153 0.843387 0.000000 -56.524462 0.000000 0.000000 1.000000 0.000000
0.844381 0.535483 0.000000 171.785853 -0.534297 0.843983 0.000000 -56.826726 0.000000 0.000000 1.000000 0.000000
0.844225 0.535736 0.000000 172.222358 -0.534560 0.843818 0.000000 -57.111503 0.000000 0.000000 1.000000 0.000000
0.844528 0.535234 0.000000 172.654239 -0.534034 0.844150 0.000000 -57.392059 0.000000 0.000000 1.000000 0.000000
0.843712 0.536474 0.000000 173.103829 -0.535221 0.843383 0.000000 -57.684026 0.000000 0.000000 1.000000 0.000000
0.843942 0.536040 0.000000 173.521235 -0.534767 0.843722 0.000000 -57.954222 0.000000 0.000000 1.000000 0.000000
0.844393 0.535299 0.000000 173.977631 -0.534072 0.844246 0.000000 -58.249339 0.000000 0.000000 1.000000 0.000000
0.844578 0.534981 0.000000 174.403188 -0.533807 0.844501 0.000000 -58.524225 0.000000 0.000000 1.000000 0.000000
0.844857 0.534541 0.000000 174.862274 -0.533397 0.844796 0.000000 -58.819022 0.000000 0.000000 1.000000 0.000000
0.845151 0.534075 0.000000 175.287107 -0.532949 0.845102 0.000000 -59.092331 0.000000 0.000000 1.000000 0.000000
0.845119 0.534096 0.000000 175.741756 -0.533045 0.845149 0.000000 -59.384119 0.000000 0.000000 1.000000 0.000000
0.844858 0.534453 0.000000 176.158694 -0.533489 0.844995 0.000000 -59.651536 0.000000 0.000000 1.000000 0.000000
0.845098 0.534021 0.000000 176.617397 -0.533133 0.845322 0.000000 -59.946557 0.000000 0.000000 1.000000 0.000000
0.844774 0.534466 0.000000 177.040381 -0.533669 0.845094 0.000000 -60.221734 0.000000 0.000000 1.000000 0.000000
0.845142 0.533836 0.000000 177.491653 -0.533080 0.845514 0.000000 -60.512888 0.000000 0.000000 1.000000 0.000000
0.845757 0.532746 0.000000 178.064919 -0.532029 0.846230 0.000000 -60.881411 0.000000 0.000000 1.000000 0.000000
0.846622 0.531249 0.000000 178.518412 -0.530565 0.847189 0.000000 -61.172869 0.000000 0.000000 1.000000 0.000000
0.847674 0.529430 0.000000 178.972414 -0.528797 0.848343 0.000000 -61.461673 0.000000 0.000000 1.000000 0.000000
0.848992 0.527170 0.000000 179.393764 -0.526561 0.849756 0.000000 -61.729331 0.000000 0.000000 1.000000 0.000000
0.851004 0.523797 0.000000 180.013061 -0.523207 0.851842 0.000000 -62.122459 0.000000 0.000000 1.000000 0.000000
0.852261 0.521684 0.000000 180.470862 -0.521183 0.853138 0.000000 -62.409141 0.000000 0.000000 1.000000 0.000000
0.854386 0.518261 0.000000 180.927365 -0.517801 0.855222 0.000000 -62.692756 0.000000 0.000000 1.000000 0.000000
0.856199 0.515357 0.000000 181.383353 -0.514913 0.856975 0.000000 -62.975118 0.000000 0.000000 1.000000 0.000000
0.858604 0.511516 0.000000 181.829336 -0.511113 0.859274 0.000000 -63.247343 0.000000 0.000000 1.000000 0.000000
0.864472 0.501778 0.000000 182.716461 -0.501493 0.864996 0.000000 -63.779687 0.000000 0.000000 1.000000 0.000000
0.867598 0.496492 0.000000 183.144762 -0.496230 0.868042 0.000000 -64.030153 0.000000 0.000000 1.000000 0.000000
0.871212 0.490221 0.000000 183.586999 -0.489989 0.871598 0.000000 -64.286960 0.000000 0.000000 1.000000 0.000000
0.874713 0.483979 0.000000 184.020937 -0.483801 0.875079 0.000000 -64.535584 0.000000 0.000000 1.000000 0.000000
0.878445 0.477184 0.000000 184.468011 -0.477065 0.878800 0.000000 -64.787225 0.000000 0.000000 1.000000 0.000000
0.881956 0.470655 0.000000 184.890747 -0.470569 0.882311 0.000000 -65.020853 0.000000 0.000000 1.000000 0.000000
0.889438 0.456231 0.000000 185.731279 -0.456213 0.889841 0.000000 -65.468085 0.000000 0.000000 1.000000 0.000000
0.893620 0.447961 0.000000 186.171204 -0.447938 0.894034 0.000000 -65.694346 0.000000 0.000000 1.000000 0.000000
0.897668 0.439807 0.000000 186.590407 -0.439793 0.898073 0.000000 -65.903170 0.000000 0.000000 1.000000 0.000000
0.902879 0.428994 0.000000 187.218331 -0.429009 0.903282 0.000000 -66.210706 0.000000 0.000000 1.000000 0.000000
0.906385 0.421447 0.000000 187.652358 -0.421506 0.906815 0.000000 -66.419082 0.000000 0.000000 1.000000 0.000000
0.909925 0.413584 0.000000 188.077468 -0.413705 0.910407 0.000000 -66.619813 0.000000 0.000000 1.000000 0.000000
0.913189 0.406114 0.000000 188.487323 -0.406321 0.913730 0.000000 -66.809124 0.000000 0.000000 1.000000 0.000000
0.916457 0.398567 0.000000 188.903430 -0.398822 0.917028 0.000000 -66.995803 0.000000 0.000000 1.000000 0.000000
0.920150 0.390212 0.000000 189.315633 -0.390361 0.920660 0.000000 -67.175930 0.000000 0.000000 1.000000 0.000000
0.923337 0.383000 0.000000 189.703483 -0.383014 0.923729 0.000000 -67.343345 0.000000 0.000000 1.000000 0.000000
0.927081 0.374196 0.000000 190.136393 -0.374140 0.927347 0.000000 -67.525783 0.000000 0.000000 1.000000 0.000000
0.930104 0.366859 0.000000 190.535821 -0.366811 0.930276 0.000000 -67.690441 0.000000 0.000000 1.000000 0.000000
0.933386 0.358622 0.000000 190.958154 -0.358568 0.933482 0.000000 -67.858351 0.000000 0.000000 1.000000 0.000000
0.936930 0.349370 0.000000 191.359335 -0.349312 0.936980 0.000000 -68.013727 0.000000 0.000000 1.000000 0.000000
