1.000000 0.000024 0.000000 0.626026 -0.000024 1.000000 0.000000 -0.014058 0.000000 0.000000 1.000000 0.000000
0.999995 -0.003136 0.000000 1.246914 0.003136 0.999995 0.000000 -0.027822 0.000000 0.000000 1.000000 0.000000
0.999972 -0.007521 0.000000 2.499841 0.007521 0.999972 0.000000 -0.036834 0.000000 0.000000 1.000000 0.000000
0.999970 -0.007692 0.000000 3.122327 0.007692 0.999970 0.000000 -0.035602 0.000000 0.000000 1.000000 0.000000
0.999979 -0.006492 0.000000 3.753634 0.006492 0.999979 0.000000 -0.040360 0.000000 0.000000 1.000000 0.000000
0.999988 -0.004862 0.000000 4.391138 0.004862 0.999988 0.000000 -0.035833 0.000000 0.000000 1.000000 0.000000
0.999984 -0.005693 0.000000 5.072776 0.005693 0.999984 0.000000 -0.044977 0.000000 0.000000 1.000000 0.000000
0.999986 -0.005205 0.000000 5.706840 0.005205 0.999986 0.000000 -0.055022 0.000000 0.000000 1.000000 0.000000
0.999990 -0.004453 0.000000 6.338673 0.004453 0.999990 0.000000 -0.057980 0.000000 0.000000 1.000000 0.000000
0.999988 -0.004934 0.000000 6.968080 0.004934 0.999988 0.000000 -0.062074 0.000000 0.000000 1.000000 0.000000
0.999983 -0.005807 0.000000 7.593214 0.005807 0.999983 0.000000 -0.068135 0.000000 0.000000 1.000000 0.000000
0.999986 -0.005274 0.000000 8.215379 0.005274 0.999986 0.000000 -0.066211 0.000000 0.000000 1.000000 0.000000
0.999993 -0.003815 0.000000 8.845123 0.003815 0.999993 0.000000 -0.070789 0.000000 0.000000 1.000000 0.000000
0.999990 -0.004387 0.000000 9.462338 0.004387 0.999990 0.000000 -0.086928 0.000000 0.000000 1.000000 0.000000
0.999995 -0.003173 0.000000 10.119639 0.003173 0.999995 0.000000 -0.097674 0.000000 0.000000 1.000000 0.000000
0.999994 -0.003505 0.000000 10.703770 0.003505 0.999994 0.000000 -0.108621 0.000000 0.000000 1.000000 0.000000
0.999995 -0.003043 0.000000 11.320662 0.003043 0.999995 0.000000 -0.120052 0.000000 0.000000 1.000000 0.000000
0.999998 -0.002128 0.000000 11.943559 0.002128 0.999998 0.000000 -0.135976 0.000000 0.000000 1.000000 0.000000
0.999994 -0.003467 0.000000 12.594146 0.003467 0.999994 0.000000 -0.153997 0.000000 0.000000 1.000000 0.000000
0.999990 -0.004564 0.000000 13.217485 0.004564 0.999990 0.000000 -0.165046 0.000000 0.000000 1.000000 0.000000
0.999986 -0.005376 0.000000 13.834741 0.005376 0.999986 0.000000 -0.177830 0.000000 0.000000 1.000000 0.000000
0.999981 -0.006202 0.000000 14.456241 0.006202 0.999981 0.000000 -0.193016 0.000000 0.000000 1.000000 0.000000
0.999986 -0.005227 0.000000 15.077073 0.005227 0.999986 0.000000 -0.205616 0.000000 0.000000 1.000000 0.000000
0.999972 -0.007535 0.000000 15.708563 0.007535 0.999972 0.000000 -0.215835 0.000000 0.000000 1.000000 0.000000
0.999971 -0.007641 0.000000 16.315018 0.007641 0.999971 0.000000 -0.228742 0.000000 0.000000 1.000000 0.000000
0.999959 -0.009107 0.000000 16.943830 0.009107 0.999959 0.000000 -0.236968 0.000000 0.000000 1.000000 0.000000
0.999974 -0.007213 0.000000 17.573575 0.007213 0.999974 0.000000 -0.241156 0.000000 0.000000 1.000000 0.000000
0.999987 -0.005067 0.000000 18.158884 0.005067 0.999987 0.000000 -0.253327 0.000000 0.000000 1.000000 0.000000
0.999974 -0.007205 0.000000 18.789668 0.007205 0.999974 0.000000 -0.276096 0.000000 0.000000 1.000000 0.000000
0.999956 -0.009391 0.000000 19.400069 0.009391 0.999956 0.000000 -0.290618 0.000000 0.000000 1.000000 0.000000
0.999940 -0.010940 0.000000 19.996460 0.010940 0.999940 0.000000 -0.310599 0.000000 0.000000 1.000000 0.000000
0.999943 -0.010643 0.000000 20.618932 0.010643 0.999943 0.000000 -0.322205 0.000000 0.000000 1.000000 0.000000
0.999952 -0.009806 0.000000 21.255451 0.009806 0.999952 0.000000 -0.339956 0.000000 0.000000 1.000000 0.000000
0.999955 -0.009535 0.000000 21.885725 0.009535 0.999955 0.000000 -0.356675 0.000000 0.000000 1.000000 0.000000
0.999968 -0.007948 0.000000 22.485565 0.007948 0.999968 0.000000 -0.368178 0.000000 0.000000 1.000000 0.000000
0.999994 -0.003498 0.000000 23.135145 0.003498 0.999994 0.000000 -0.385604 0.000000 0.000000 1.000000 0.000000
0.999999 -0.001447 0.000000 23.740627 0.001447 0.999999 0.000000 -0.406070 0.000000 0.000000 1.000000 0.000000
0.999999 -0.001215 0.000000 24.372653 0.001215 0.999999 0.000000 -0.422903 0.000000 0.000000 1.000000 0.000000
0.999997 -0.002331 0.000000 25.009982 0.002331 0.999997 0.000000 -0.443091 0.000000 0.000000 1.000000 0.000000
0.999994 -0.003428 0.000000 25.832645 0.003428 0.999994 0.000000 -0.471733 0.000000 0.000000 1.000000 0.000000
0.999996 -0.002702 0.000000 26.464553 0.002702 0.999996 0.000000 -0.487891 0.000000 0.000000 1.000000 0.000000
0.999998 -0.002012 0.000000 27.095309 0.002012 0.999998 0.000000 -0.498539 0.000000 0.000000 1.000000 0.000000
0.999999 -0.001318 0.000000 27.717198 0.001318 0.999999 0.000000 -0.518450 0.000000 0.000000 1.000000 0.000000
1.000000 -0.000676 0.000000 28.340051 0.000676 1.000000 0.000000 -0.544757 0.000000 0.000000 1.000000 0.000000
0.999997 -0.002335 0.000000 28.985708 0.002335 0.999997 0.000000 -0.567714 0.000000 0.000000 1.000000 0.000000
1.000000 -0.000428 0.000000 29.625361 0.000428 1.000000 0.000000 -0.582379 0.000000 0.000000 1.000000 0.000000
0.999999 0.001003 0.000000 30.278746 -0.001003 0.999999 0.000000 -0.600208 0.000000 0.000000 1.000000 0.000000
0.999995 0.003182 0.000000 30.908375 -0.003182 0.999995 0.000000 -0.616253 0.000000 0.000000 1.000000 0.000000
0.999995 0.003239 0.000000 31.541355 -0.003239 0.999995 0.000000 -0.639028 0.000000 0.000000 1.000000 0.000000
0.999986 0.005298 0.000000 32.175587 -0.005298 0.999986 0.000000 -0.656639 0.000000 0.000000 1.000000 0.000000
0.999993 0.003678 0.000000 32.813506 -0.003678 0.999993 0.000000 -0.681914 0.000000 0.000000 1.000000 0.000000
0.999991 0.004217 0.000000 33.456153 -0.004217 0.999991 0.000000 -0.705373 0.000000 0.000000 1.000000 0.000000
0.999987 0.005041 0.000000 34.094260 -0.005041 0.999987 0.000000 -0.727884 0.000000 0.000000 1.000000 0.000000
0.999993 0.003752 0.000000 34.689779 -0.003752 0.999993 0.000000 -0.752637 0.000000 0.000000 1.000000 0.000000
0.999988 0.004820 0.000000 35.341543 -0.004820 0.999988 0.000000 -0.775451 0.000000 0.000000 1.000000 0.000000
0.999972 0.007535 0.000000 35.966656 -0.007535 0.999972 0.000000 -0.789861 0.000000 0.000000 1.000000 0.000000
0.999975 0.007095 0.000000 36.616348 -0.007095 0.999975 0.000000 -0.810011 0.000000 0.000000 1.000000 0.000000
0.999987 0.005036 0.000000 37.262934 -0.005036 0.999987 0.000000 -0.826274 0.000000 0.000000 1.000000 0.000000
0.999984 0.005726 0.000000 37.898493 -0.005726 0.999984 0.000000 -0.838136 0.000000 0.000000 1.000000 0.000000
0.999973 0.007285 0.000000 38.541065 -0.007285 0.999973 0.000000 -0.851589 0.000000 0.000000 1.000000 0.000000
0.999969 0.007842 0.000000 39.184322 -0.007842 0.999969 0.000000 -0.866479 0.000000 0.000000 1.000000 0.000000
0.999966 0.008256 0.000000 39.834996 -0.008256 0.999966 0.000000 -0.882052 0.000000 0.000000 1.000000 0.000000
0.999945 0.010442 0.000000 40.473435 -0.010442 0.999945 0.000000 -0.904676 0.000000 0.000000 1.000000 0.000000
0.999943 0.010712 0.000000 41.127078 -0.010712 0.999943 0.000000 -0.932938 0.000000 0.000000 1.000000 0.000000
0.999960 0.008949 0.000000 41.731714 -0.008949 0.999960 0.000000 -0.961641 0.000000 0.000000 1.000000 0.000000
0.999933 0.011598 0.000000 42.381553 -0.011598 0.999933 0.000000 -0.976008 0.000000 0.000000 1.000000 0.000000
0.999920 0.012634 0.000000 43.040554 -0.012634 0.999920 0.000000 -0.994515 0.000000 0.000000 1.000000 0.000000
0.999891 0.014743 0.000000 43.705348 -0.014743 0.999891 0.000000 -1.018845 0.000000 0.000000 1.000000 0.000000
0.999944 0.010591 0.000000 44.358292 -0.010591 0.999944 0.000000 -1.038405 0.000000 0.000000 1.000000 0.000000
0.999967 0.008129 0.000000 44.984430 -0.008129 0.999967 0.000000 -1.060774 0.000000 0.000000 1.000000 0.000000
0.999967 0.008144 0.000000 45.585779 -0.008144 0.999967 0.000000 -1.072940 0.000000 0.000000 1.000000 0.000000
0.999962 0.008720 0.000000 46.228355 -0.008720 0.999962 0.000000 -1.086685 0.000000 0.000000 1.000000 0.000000
0.999939 0.011066 0.000000 46.878039 -0.011066 0.999939 0.000000 -1.098633 0.000000 0.000000 1.000000 0.000000
0.999930 0.011863 0.000000 47.536456 -0.011863 0.999930 0.000000 -1.118338 0.000000 0.000000 1.000000 0.000000
0.999944 0.010599 0.000000 48.184723 -0.010599 0.999944 0.000000 -1.132776 0.000000 0.000000 1.000000 0.000000
0.999973 0.007389 0.000000 48.833445 -0.007389 0.999973 0.000000 -1.146572 0.000000 0.000000 1.000000 0.000000
0.999959 0.009096 0.000000 49.857672 -0.009096 0.999959 0.000000 -1.175187 0.000000 0.000000 1.000000 0.000000
0.999977 0.006734 0.000000 50.536366 -0.006734 0.999977 0.000000 -1.185237 0.000000 0.000000 1.000000 0.000000
0.999954 0.009581 0.000000 51.159810 -0.009581 0.999954 0.000000 -1.195484 0.000000 0.000000 1.000000 0.000000
0.999962 0.008681 0.000000 51.818505 -0.008681 0.999962 0.000000 -1.207594 0.000000 0.000000 1.000000 0.000000
0.999965 0.008425 0.000000 52.476410 -0.008425 0.999965 0.000000 -1.220872 0.000000 0.000000 1.000000 0.000000
0.999972 0.007502 0.000000 53.146413 -0.007502 0.999972 0.000000 -1.231424 0.000000 0.000000 1.000000 0.000000
0.999962 0.008666 0.000000 53.797735 -0.008666 0.999962 0.000000 -1.243849 0.000000 0.000000 1.000000 0.000000
0.999972 0.007513 0.000000 54.456702 -0.007513 0.999972 0.000000 -1.260219 0.000000 0.000000 1.000000 0.000000
0.999982 0.006023 0.000000 55.777329 -0.006023 0.999982 0.000000 -1.285241 0.000000 0.000000 1.000000 0.000000
0.999982 0.005924 0.000000 56.431140 -0.005924 0.999982 0.000000 -1.288029 0.000000 0.000000 1.000000 0.000000
0.999997 0.002535 0.000000 57.075417 -0.002535 0.999997 0.000000 -1.296038 0.000000 0.000000 1.000000 0.000000
0.999996 0.003000 0.000000 57.725357 -0.003000 0.999996 0.000000 -1.307031 0.000000 0.000000 1.000000 0.000000
0.999986 0.005227 0.000000 58.370685 -0.005227 0.999986 0.000000 -1.319169 0.000000 0.000000 1.000000 0.000000
0.999973 0.007401 0.000000 59.041753 -0.007401 0.999973 0.000000 -1.332158 0.000000 0.000000 1.000000 0.000000
0.999968 0.007990 0.000000 59.690253 -0.007990 0.999968 0.000000 -1.339929 0.000000 0.000000 1.000000 0.000000
0.999957 0.009234 0.000000 60.297319 -0.009234 0.999957 0.000000 -1.348587 0.000000 0.000000 1.000000 0.000000
0.999959 0.009092 0.000000 60.918797 -0.009092 0.999959 0.000000 -1.364594 0.000000 0.000000 1.000000 0.000000
0.999954 0.009638 0.000000 61.498904 -0.009638 0.999954 0.000000 -1.381437 0.000000 0.000000 1.000000 0.000000
0.999945 0.010493 0.000000 62.125752 -0.010493 0.999945 0.000000 -1.402195 0.000000 0.000000 1.000000 0.000000
0.999934 0.011496 0.000000 62.749018 -0.011496 0.999934 0.000000 -1.425607 0.000000 0.000000 1.000000 0.000000
0.999934 0.011504 0.000000 63.329452 -0.011504 0.999934 0.000000 -1.444029 0.000000 0.000000 1.000000 0.000000
0.999919 0.012743 0.000000 63.946608 -0.012743 0.999919 0.000000 -1.462393 0.000000 0.000000 1.000000 0.000000
0.999943 0.010638 0.000000 64.553806 -0.010638 0.999943 0.000000 -1.488684 0.000000 0.000000 1.000000 0.000000
0.999942 0.010805 0.000000 65.121713 -0.010805 0.999942 0.000000 -1.518529 0.000000 0.000000 1.000000 0.000000
0.999955 0.009498 0.000000 65.720932 -0.009498 0.999955 0.000000 -1.547575 0.000000 0.000000 1.000000 0.000000
0.999954 0.009583 0.000000 66.279786 -0.009583 0.999954 0.000000 -1.566908 0.000000 0.000000 1.000000 0.000000
0.999916 0.012964 0.000000 66.880188 -0.012964 0.999916 0.000000 -1.585749 0.000000 0.000000 1.000000 0.000000
0.999908 0.013571 0.000000 67.470523 -0.013571 0.999908 0.000000 -1.607434 0.000000 0.000000 1.000000 0.000000
0.999909 0.013520 0.000000 68.290720 -0.013520 0.999909 0.000000 -1.640273 0.000000 0.000000 1.000000 0.000000
0.999893 0.014634 0.000000 68.868638 -0.014634 0.999893 0.000000 -1.665523 0.000000 0.000000 1.000000 0.000000
0.999880 0.015480 0.000000 69.465119 -0.015480 0.999880 0.000000 -1.694518 0.000000 0.000000 1.000000 0.000000
0.999898 0.014312 0.000000 70.055348 -0.014312 0.999898 0.000000 -1.719172 0.000000 0.000000 1.000000 0.000000
0.999903 0.013924 0.000000 70.645828 -0.013924 0.999903 0.000000 -1.744335 0.000000 0.000000 1.000000 0.000000
0.999934 0.011511 0.000000 71.240674 -0.011511 0.999934 0.000000 -1.763896 0.000000 0.000000 1.000000 0.000000
0.999953 0.009735 0.000000 71.872405 -0.009735 0.999953 0.000000 -1.786917 0.000000 0.000000 1.000000 0.000000
0.999954 0.009543 0.000000 72.455873 -0.009543 0.999954 0.000000 -1.803530 0.000000 0.000000 1.000000 0.000000
0.999963 0.008609 0.000000 73.046607 -0.008609 0.999963 0.000000 -1.827373 0.000000 0.000000 1.000000 0.000000
0.999933 0.011592 0.000000 74.227711 -0.011592 0.999933 0.000000 -1.872367 0.000000 0.000000 1.000000 0.000000
0.999949 0.010070 0.000000 74.812372 -0.010070 0.999949 0.000000 -1.894130 0.000000 0.000000 1.000000 0.000000
0.999922 0.012494 0.000000 75.404110 -0.012494 0.999922 0.000000 -1.913206 0.000000 0.000000 1.000000 0.000000
0.999914 0.013117 0.000000 75.984731 -0.013117 0.999914 0.000000 -1.945379 0.000000 0.000000 1.000000 0.000000
0.999911 0.013348 0.000000 76.572909 -0.013348 0.999911 0.000000 -1.973119 0.000000 0.000000 1.000000 0.000000
0.999881 0.015412 0.000000 77.150117 -0.015412 0.999881 0.000000 -2.001824 0.000000 0.000000 1.000000 0.000000
0.999894 0.014565 0.000000 77.725902 -0.014565 0.999894 0.000000 -2.033972 0.000000 0.000000 1.000000 0.000000
0.999917 0.012864 0.000000 78.296369 -0.012864 0.999917 0.000000 -2.056337 0.000000 0.000000 1.000000 0.000000
0.999921 0.012553 0.000000 78.853879 -0.012553 0.999921 0.000000 -2.077399 0.000000 0.000000 1.000000 0.000000
0.999897 0.014329 0.000000 79.399479 -0.014329 0.999897 0.000000 -2.094742 0.000000 0.000000 1.000000 0.000000
0.999897 0.014323 0.000000 79.943181 -0.014323 0.999897 0.000000 -2.116018 0.000000 0.000000 1.000000 0.000000
0.999901 0.014043 0.000000 80.477944 -0.014043 0.999901 0.000000 -2.136959 0.000000 0.000000 1.000000 0.000000
0.999899 0.014197 0.000000 81.006354 -0.014197 0.999899 0.000000 -2.164043 0.000000 0.000000 1.000000 0.000000
0.999871 0.016092 0.000000 81.510916 -0.016092 0.999871 0.000000 -2.182844 0.000000 0.000000 1.000000 0.000000
0.999844 0.017681 0.000000 82.049511 -0.017681 0.999844 0.000000 -2.201440 0.000000 0.000000 1.000000 0.000000
0.999794 0.020318 0.000000 82.570151 -0.020318 0.999794 0.000000 -2.224673 0.000000 0.000000 1.000000 0.000000
0.999739 0.022824 0.000000 83.070970 -0.022824 0.999739 0.000000 -2.244421 0.000000 0.000000 1.000000 0.000000
0.999737 0.022918 0.000000 83.600524 -0.022918 0.999737 0.000000 -2.274718 0.000000 0.000000 1.000000 0.000000
0.999751 0.022316 0.000000 84.130412 -0.022316 0.999751 0.000000 -2.305735 0.000000 0.000000 1.000000 0.000000
0.999755 0.022137 0.000000 84.613782 -0.022137 0.999755 0.000000 -2.332628 0.000000 0.000000 1.000000 0.000000
0.999737 0.022932 0.000000 85.137556 -0.022932 0.999737 0.000000 -2.371191 0.000000 0.000000 1.000000 0.000000
0.999677 0.025396 0.000000 85.653298 -0.025396 0.999677 0.000000 -2.406919 0.000000 0.000000 1.000000 0.000000
0.999702 0.024411 0.000000 86.136583 -0.024411 0.999702 0.000000 -2.434309 0.000000 0.000000 1.000000 0.000000
0.999693 0.024758 0.000000 86.654697 -0.024758 0.999693 0.000000 -2.461363 0.000000 0.000000 1.000000 0.000000
0.999658 0.026157 0.000000 87.164804 -0.026157 0.999658 0.000000 -2.485516 0.000000 0.000000 1.000000 0.000000
0.999606 0.028078 0.000000 87.639571 -0.028078 0.999606 0.000000 -2.514466 0.000000 0.000000 1.000000 0.000000
0.999577 0.029068 0.000000 88.154483 -0.029068 0.999577 0.000000 -2.549995 0.000000 0.000000 1.000000 0.000000
0.999561 0.029637 0.000000 88.640565 -0.029637 0.999561 0.000000 -2.582229 0.000000 0.000000 1.000000 0.000000
0.999487 0.032031 0.000000 89.149683 -0.032031 0.999487 0.000000 -2.615952 0.000000 0.000000 1.000000 0.000000
0.999474 0.032445 0.000000 89.812595 -0.032445 0.999474 0.000000 -2.653618 0.000000 0.000000 1.000000 0.000000
0.999348 0.036093 0.000000 90.305013 -0.036093 0.999348 0.000000 -2.671866 0.000000 0.000000 1.000000 0.000000
0.999275 0.038081 0.000000 90.786976 -0.038081 0.999275 0.000000 -2.695676 0.000000 0.000000 1.000000 0.000000
0.999234 0.039123 0.000000 91.257774 -0.039123 0.999234 0.000000 -2.720295 0.000000 0.000000 1.000000 0.000000
0.999255 0.038595 0.000000 91.740216 -0.038595 0.999255 0.000000 -2.751274 0.000000 0.000000 1.000000 0.000000
0.999290 0.037681 0.000000 92.227302 -0.037681 0.999290 0.000000 -2.788209 0.000000 0.000000 1.000000 0.000000
0.999231 0.039214 0.000000 92.701872 -0.039214 0.999231 0.000000 -2.819986 0.000000 0.000000 1.000000 0.000000
0.999076 0.042982 0.000000 93.656932 -0.042982 0.999076 0.000000 -2.888610 0.000000 0.000000 1.000000 0.000000
0.999006 0.044587 0.000000 94.131081 -0.044587 0.999006 0.000000 -2.921837 0.000000 0.000000 1.000000 0.000000
0.998846 0.048030 0.000000 94.602976 -0.048030 0.998846 0.000000 -2.951231 0.000000 0.000000 1.000000 0.000000
0.998738 0.050228 0.000000 95.073166 -0.050228 0.998738 0.000000 -2.993419 0.000000 0.000000 1.000000 0.000000
0.998673 0.051498 0.000000 95.543627 -0.051498 0.998673 0.000000 -3.031641 0.000000 0.000000 1.000000 0.000000
0.998493 0.054880 0.000000 95.997171 -0.054880 0.998493 0.000000 -3.066296 0.000000 0.000000 1.000000 0.000000
0.998384 0.056825 0.000000 96.468172 -0.056825 0.998384 0.000000 -3.115451 0.000000 0.000000 1.000000 0.000000
0.998149 0.060810 0.000000 96.928069 -0.060810 0.998149 0.000000 -3.156198 0.000000 0.000000 1.000000 0.000000
0.997963 0.063794 0.000000 97.392622 -0.063794 0.997963 0.000000 -3.194478 0.000000 0.000000 1.000000 0.000000
0.997772 0.066723 0.000000 97.855624 -0.066723 0.997772 0.000000 -3.236708 0.000000 0.000000 1.000000 0.000000
0.997600 0.069244 0.000000 98.278167 -0.069244 0.997600 0.000000 -3.281819 0.000000 0.000000 1.000000 0.000000
0.997450 0.071374 0.000000 98.720123 -0.071374 0.997450 0.000000 -3.332244 0.000000 0.000000 1.000000 0.000000
0.997189 0.074931 0.000000 99.152842 -0.074931 0.997189 0.000000 -3.382154 0.000000 0.000000 1.000000 0.000000
0.997124 0.075790 0.000000 99.577911 -0.075790 0.997124 0.000000 -3.440077 0.000000 0.000000 1.000000 0.000000
0.996862 0.079161 0.000000 99.999234 -0.079161 0.996862 0.000000 -3.494830 0.000000 0.000000 1.000000 0.000000
0.996703 0.081138 0.000000 100.417594 -0.081138 0.996703 0.000000 -3.537193 0.000000 0.000000 1.000000 0.000000
0.996019 0.089144 0.000000 100.837083 -0.089144 0.996019 0.000000 -3.583507 0.000000 0.000000 1.000000 0.000000
0.995755 0.092041 0.000000 101.253627 -0.092041 0.995755 0.000000 -3.635612 0.000000 0.000000 1.000000 0.000000
0.995423 0.095563 0.000000 101.655799 -0.095563 0.995423 0.000000 -3.693787 0.000000 0.000000 1.000000 0.000000
0.995387 0.095942 0.000000 102.063489 -0.095942 0.995387 0.000000 -3.746999 0.000000 0.000000 1.000000 0.000000
0.995060 0.099274 0.000000 102.453173 -0.099274 0.995060 0.000000 -3.809411 0.000000 0.000000 1.000000 0.000000
0.995116 0.098712 0.000000 102.860153 -0.098712 0.995116 0.000000 -3.874188 0.000000 0.000000 1.000000 0.000000
0.994363 0.106029 0.000000 103.245299 -0.106029 0.994363 0.000000 -3.925223 0.000000 0.000000 1.000000 0.000000
0.993888 0.110391 0.000000 103.644190 -0.110391 0.993888 0.000000 -3.985622 0.000000 0.000000 1.000000 0.000000
0.993896 0.110322 0.000000 104.028702 -0.110322 0.993896 0.000000 -4.043414 0.000000 0.000000 1.000000 0.000000
0.993496 0.113863 0.000000 104.400433 -0.113863 0.993496 0.000000 -4.091194 0.000000 0.000000 1.000000 0.000000
0.992989 0.118210 0.000000 104.804435 -0.118210 0.992989 0.000000 -4.151407 0.000000 0.000000 1.000000 0.000000
0.992407 0.123000 0.000000 105.197492 -0.123000 0.992407 0.000000 -4.210232 0.000000 0.000000 1.000000 0.000000
0.991951 0.126623 0.000000 105.759710 -0.126623 0.991951 0.000000 -4.299691 0.000000 0.000000 1.000000 0.000000
0.991635 0.129074 0.000000 106.170376 -0.129074 0.991635 0.000000 -4.367315 0.000000 0.000000 1.000000 0.000000
0.991353 0.131221 0.000000 106.574667 -0.131221 0.991353 0.000000 -4.436963 0.000000 0.000000 1.000000 0.000000
0.991083 0.133243 0.000000 106.994270 -0.133243 0.991083 0.000000 -4.497839 0.000000 0.000000 1.000000 0.000000
0.990744 0.135743 0.000000 107.408499 -0.135743 0.990744 0.000000 -4.570753 0.000000 0.000000 1.000000 0.000000
0.990674 0.136256 0.000000 107.827322 -0.136256 0.990674 0.000000 -4.638141 0.000000 0.000000 1.000000 0.000000
0.990588 0.136878 0.000000 108.257653 -0.136878 0.990588 0.000000 -4.704609 0.000000 0.000000 1.000000 0.000000
0.990206 0.139612 0.000000 108.678570 -0.139612 0.990206 0.000000 -4.768823 0.000000 0.000000 1.000000 0.000000
0.989236 0.146332 0.000000 109.408969 -0.146332 0.989236 0.000000 -4.881181 0.000000 0.000000 1.000000 0.000000
0.989182 0.146692 0.000000 109.832462 -0.146692 0.989182 0.000000 -4.950064 0.000000 0.000000 1.000000 0.000000
0.989322 0.145744 0.000000 110.261947 -0.145744 0.989322 0.000000 -5.019789 0.000000 0.000000 1.000000 0.000000
0.989411 0.145140 0.000000 110.691846 -0.145140 0.989411 0.000000 -5.097806 0.000000 0.000000 1.000000 0.000000
0.989546 0.144220 0.000000 111.129656 -0.144220 0.989546 0.000000 -5.165305 0.000000 0.000000 1.000000 0.000000
0.989019 0.147786 0.000000 111.560091 -0.147786 0.989019 0.000000 -5.227230 0.000000 0.000000 1.000000 0.000000
0.989200 0.146570 0.000000 111.987241 -0.146570 0.989200 0.000000 -5.304462 0.000000 0.000000 1.000000 0.000000
0.989304 0.145870 0.000000 112.419324 -0.145870 0.989304 0.000000 -5.380083 0.000000 0.000000 1.000000 0.000000
0.989283 0.146013 0.000000 112.851608 -0.146013 0.989283 0.000000 -5.456872 0.000000 0.000000 1.000000 0.000000
0.989097 0.147267 0.000000 113.298132 -0.147267 0.989097 0.000000 -5.540206 0.000000 0.000000 1.000000 0.000000
0.988474 0.151393 0.000000 113.737745 -0.151393 0.988474 0.000000 -5.622832 0.000000 0.000000 1.000000 0.000000
0.988435 0.151645 0.000000 114.557586 -0.151645 0.988435 0.000000 -5.773342 0.000000 0.000000 1.000000 0.000000
0.988485 0.151316 0.000000 115.008520 -0.151316 0.988485 0.000000 -5.861207 0.000000 0.000000 1.000000 0.000000
0.988341 0.152258 0.000000 115.467913 -0.152258 0.988341 0.000000 -5.944773 0.000000 0.000000 1.000000 0.000000
0.988083 0.153924 0.000000 115.917769 -0.153924 0.988083 0.000000 -6.037116 0.000000 0.000000 1.000000 0.000000
0.987693 0.156404 0.000000 116.368655 -0.156404 0.987693 0.000000 -6.125821 0.000000 0.000000 1.000000 0.000000
0.987509 0.157565 0.000000 116.824410 -0.157565 0.987509 0.000000 -6.220752 0.000000 0.000000 1.000000 0.000000
0.987370 0.158432 0.000000 117.280088 -0.158432 0.987370 0.000000 -6.317415 0.000000 0.000000 1.000000 0.000000
0.986808 0.161892 0.000000 117.735594 -0.161892 0.986808 0.000000 -6.409578 0.000000 0.000000 1.000000 0.000000
0.986190 0.165620 0.000000 118.219758 -0.165620 0.986190 0.000000 -6.509346 0.000000 0.000000 1.000000 0.000000
0.985634 0.168897 0.000000 118.658587 -0.168897 0.985634 0.000000 -6.592882 0.000000 0.000000 1.000000 0.000000
0.985691 0.168562 0.000000 119.153285 -0.168562 0.985691 0.000000 -6.695631 0.000000 0.000000 1.000000 0.000000
0.985502 0.169665 0.000000 119.628356 -0.169665 0.985502 0.000000 -6.788566 0.000000 0.000000 1.000000 0.000000
0.985160 0.171637 0.000000 120.101927 -0.171637 0.985160 0.000000 -6.871094 0.000000 0.000000 1.000000 0.000000
0.985547 0.169401 0.000000 120.570057 -0.169401 0.985547 0.000000 -6.971934 0.000000 0.000000 1.000000 0.000000
0.985020 0.172439 0.000000 121.037560 -0.172439 0.985020 0.000000 -7.059226 0.000000 0.000000 1.000000 0.000000
0.984715 0.174176 0.000000 121.506294 -0.174176 0.984715 0.000000 -7.152710 0.000000 0.000000 1.000000 0.000000
0.984118 0.177513 0.000000 121.979814 -0.177513 0.984118 0.000000 -7.253204 0.000000 0.000000 1.000000 0.000000
0.983027 0.183460 0.000000 122.452391 -0.183460 0.983027 0.000000 -7.345916 0.000000 0.000000 1.000000 0.000000
0.982726 0.185064 0.000000 122.907456 -0.185064 0.982726 0.000000 -7.443888 0.000000 0.000000 1.000000 0.000000
0.982692 0.185249 0.000000 123.387319 -0.185249 0.982692 0.000000 -7.540159 0.000000 0.000000 1.000000 0.000000
0.982437 0.186594 0.000000 123.872807 -0.186594 0.982437 0.000000 -7.645404 0.000000 0.000000 1.000000 0.000000
0.982392 0.186833 0.000000 124.676181 -0.186833 0.982392 0.000000 -7.817055 0.000000 0.000000 1.000000 0.000000
0.982440 0.186578 0.000000 125.167039 -0.186578 0.982440 0.000000 -7.926030 0.000000 0.000000 1.000000 0.000000
0.984657 0.174501 0.000000 126.145934 -0.174501 0.984657 0.000000 -8.140288 0.000000 0.000000 1.000000 0.000000
0.984685 0.174344 0.000000 126.649532 -0.174344 0.984685 0.000000 -8.235832 0.000000 0.000000 1.000000 0.000000
0.984851 0.173402 0.000000 127.154084 -0.173402 0.984851 0.000000 -8.336654 0.000000 0.000000 1.000000 0.000000
0.984727 0.174104 0.000000 127.655749 -0.174104 0.984727 0.000000 -8.431028 0.000000 0.000000 1.000000 0.000000
0.984973 0.172706 0.000000 128.154390 -0.172706 0.984973 0.000000 -8.533286 0.000000 0.000000 1.000000 0.000000
0.984704 0.174235 0.000000 128.648967 -0.174235 0.984704 0.000000 -8.635141 0.000000 0.000000 1.000000 0.000000
0.984638 0.174610 0.000000 129.181770 -0.174610 0.984638 0.000000 -8.741481 0.000000 0.000000 1.000000 0.000000
0.984161 0.177278 0.000000 129.666450 -0.177278 0.984161 0.000000 -8.836009 0.000000 0.000000 1.000000 0.000000
0.983843 0.179035 0.000000 130.173541 -0.179035 0.983843 0.000000 -8.941676 0.000000 0.000000 1.000000 0.000000
0.983935 0.178525 0.000000 130.699916 -0.178525 0.983935 0.000000 -9.048448 0.000000 0.000000 1.000000 0.000000
0.984580 0.174932 0.000000 131.177990 -0.174932 0.984580 0.000000 -9.158694 0.000000 0.000000 1.000000 0.000000
0.984529 0.175220 0.000000 131.684087 -0.175220 0.984529 0.000000 -9.259782 0.000000 0.000000 1.000000 0.000000
0.984518 0.175285 0.000000 132.210359 -0.175285 0.984518 0.000000 -9.357345 0.000000 0.000000 1.000000 0.000000
0.984110 0.177562 0.000000 132.696893 -0.177562 0.984110 0.000000 -9.436421 0.000000 0.000000 1.000000 0.000000
0.984783 0.173790 0.000000 133.212330 -0.173790 0.984783 0.000000 -9.534428 0.000000 0.000000 1.000000 0.000000
0.984179 0.177178 0.000000 133.743887 -0.177178 0.984179 0.000000 -9.640544 0.000000 0.000000 1.000000 0.000000
0.983814 0.179193 0.000000 134.366562 -0.179193 0.983814 0.000000 -9.760298 0.000000 0.000000 1.000000 0.000000
0.983588 0.180426 0.000000 134.918207 -0.180426 0.983588 0.000000 -9.860055 0.000000 0.000000 1.000000 0.000000
0.983137 0.182870 0.000000 135.417776 -0.182870 0.983137 0.000000 -9.953497 0.000000 0.000000 1.000000 0.000000
0.983043 0.183376 0.000000 135.946457 -0.183376 0.983043 0.000000 -10.058391 0.000000 0.000000 1.000000 0.000000
0.982106 0.188329 0.000000 136.467790 -0.188329 0.982106 0.000000 -10.172650 0.000000 0.000000 1.000000 0.000000
0.981641 0.190736 0.000000 136.987490 -0.190736 0.981641 0.000000 -10.296877 0.000000 0.000000 1.000000 0.000000
0.980555 0.196244 0.000000 140.767448 -0.196244 0.980555 0.000000 -11.159980 0.000000 0.000000 1.000000 0.000000
0.980736 0.195337 0.000000 141.281087 -0.195337 0.980736 0.000000 -11.265537 0.000000 0.000000 1.000000 0.000000
0.981578 0.191059 0.000000 142.431995 -0.191059 0.981578 0.000000 -11.518708 0.000000 0.000000 1.000000 0.000000
0.980414 0.196946 0.000000 143.530982 -0.196946 0.980414 0.000000 -11.787565 0.000000 0.000000 1.000000 0.000000
0.980179 0.198113 0.000000 144.087200 -0.198113 0.980179 0.000000 -11.920181 0.000000 0.000000 1.000000 0.000000
0.979973 0.199130 0.000000 144.639520 -0.199130 0.979973 0.000000 -12.053668 0.000000 0.000000 1.000000 0.000000
0.979771 0.200123 0.000000 145.186386 -0.200123 0.979771 0.000000 -12.189323 0.000000 0.000000 1.000000 0.000000
0.979875 0.199610 0.000000 145.741917 -0.199610 0.979875 0.000000 -12.340912 0.000000 0.000000 1.000000 0.000000
0.980538 0.196329 0.000000 146.318525 -0.196329 0.980538 0.000000 -12.482048 0.000000 0.000000 1.000000 0.000000
0.979797 0.199993 0.000000 146.885889 -0.199993 0.979797 0.000000 -12.622623 0.000000 0.000000 1.000000 0.000000
0.979701 0.200463 0.000000 147.473873 -0.200463 0.979701 0.000000 -12.762620 0.000000 0.000000 1.000000 0.000000
0.979888 0.199551 0.000000 148.049165 -0.199551 0.979888 0.000000 -12.910641 0.000000 0.000000 1.000000 0.000000
0.979712 0.200409 0.000000 148.962814 -0.200409 0.979712 0.000000 -13.138260 0.000000 0.000000 1.000000 0.000000
0.978812 0.204762 0.000000 149.542471 -0.204762 0.978812 0.000000 -13.279390 0.000000 0.000000 1.000000 0.000000
0.979063 0.203558 0.000000 150.106174 -0.203558 0.979063 0.000000 -13.432939 0.000000 0.000000 1.000000 0.000000
0.978434 0.206562 0.000000 150.680625 -0.206562 0.978434 0.000000 -13.568558 0.000000 0.000000 1.000000 0.000000
0.977950 0.208840 0.000000 151.297002 -0.208840 0.977950 0.000000 -13.713607 0.000000 0.000000 1.000000 0.000000
0.977478 0.211035 0.000000 151.824726 -0.211035 0.977478 0.000000 -13.843978 0.000000 0.000000 1.000000 0.000000
0.977453 0.211151 0.000000 152.437316 -0.211151 0.977453 0.000000 -14.000566 0.000000 0.000000 1.000000 0.000000
0.977595 0.210496 0.000000 153.002545 -0.210496 0.977595 0.000000 -14.161079 0.000000 0.000000 1.000000 0.000000
0.977676 0.210120 0.000000 153.580482 -0.210120 0.977676 0.000000 -14.307194 0.000000 0.000000 1.000000 0.000000
0.977825 0.209422 0.000000 154.148594 -0.209422 0.977825 0.000000 -14.451466 0.000000 0.000000 1.000000 0.000000
0.977871 0.209211 0.000000 154.717699 -0.209211 0.977871 0.000000 -14.594983 0.000000 0.000000 1.000000 0.000000
0.978198 0.207673 0.000000 155.276795 -0.207673 0.978198 0.000000 -14.731029 0.000000 0.000000 1.000000 0.000000
0.978515 0.206177 0.000000 155.833363 -0.206177 0.978515 0.000000 -14.863979 0.000000 0.000000 1.000000 0.000000
0.978517 0.206167 0.000000 156.390541 -0.206167 0.978517 0.000000 -14.992254 0.000000 0.000000 1.000000 0.000000
0.978930 0.204197 0.000000 156.960708 -0.204197 0.978930 0.000000 -15.125746 0.000000 0.000000 1.000000 0.000000
0.978318 0.207107 0.000000 157.535320 -0.207107 0.978318 0.000000 -15.249845 0.000000 0.000000 1.000000 0.000000
0.977816 0.209465 0.000000 158.671731 -0.209465 0.977816 0.000000 -15.517479 0.000000 0.000000 1.000000 0.000000
0.977548 0.210711 0.000000 159.235149 -0.210711 0.977548 0.000000 -15.649715 0.000000 0.000000 1.000000 0.000000
0.977545 0.210727 0.000000 159.766757 -0.210727 0.977545 0.000000 -15.772096 0.000000 0.000000 1.000000 0.000000
0.977164 0.212486 0.000000 160.361688 -0.212486 0.977164 0.000000 -15.911657 0.000000 0.000000 1.000000 0.000000
0.976716 0.214534 0.000000 160.927837 -0.214534 0.976716 0.000000 -16.036833 0.000000 0.000000 1.000000 0.000000
0.976999 0.213245 0.000000 162.047442 -0.213245 0.976999 0.000000 -16.303770 0.000000 0.000000 1.000000 0.000000
0.977187 0.212381 0.000000 162.627546 -0.212381 0.977187 0.000000 -16.428455 0.000000 0.000000 1.000000 0.000000
0.976947 0.213483 0.000000 163.178062 -0.213483 0.976947 0.000000 -16.554674 0.000000 0.000000 1.000000 0.000000
0.976864 0.213861 0.000000 163.765881 -0.213861 0.976864 0.000000 -16.689636 0.000000 0.000000 1.000000 0.000000
0.977333 0.211706 0.000000 164.358713 -0.211706 0.977333 0.000000 -16.819113 0.000000 0.000000 1.000000 0.000000
0.977156 0.212521 0.000000 164.917022 -0.212521 0.977156 0.000000 -16.937571 0.000000 0.000000 1.000000 0.000000
0.976651 0.214831 0.000000 165.696508 -0.214831 0.976651 0.000000 -17.102070 0.000000 0.000000 1.000000 0.000000
0.975634 0.219404 0.000000 166.288402 -0.219404 0.975634 0.000000 -17.222373 0.000000 0.000000 1.000000 0.000000
0.975373 0.220562 0.000000 166.867664 -0.220562 0.975373 0.000000 -17.348494 0.000000 0.000000 1.000000 0.000000
0.974124 0.226013 0.000000 167.483238 -0.226013 0.974124 0.000000 -17.483136 0.000000 0.000000 1.000000 0.000000
0.974160 0.225859 0.000000 168.026483 -0.225859 0.974160 0.000000 -17.610815 0.000000 0.000000 1.000000 0.000000
0.974810 0.223038 0.000000 168.636981 -0.223038 0.974810 0.000000 -17.764330 0.000000 0.000000 1.000000 0.000000
0.973954 0.226748 0.000000 169.217751 -0.226748 0.973954 0.000000 -17.891445 0.000000 0.000000 1.000000 0.000000
0.974503 0.224373 0.000000 169.795234 -0.224373 0.974503 0.000000 -18.028173 0.000000 0.000000 1.000000 0.000000
0.973495 0.228706 0.000000 170.387014 -0.228706 0.973495 0.000000 -18.166662 0.000000 0.000000 1.000000 0.000000
0.974228 0.225566 0.000000 170.954626 -0.225566 0.974228 0.000000 -18.321446 0.000000 0.000000 1.000000 0.000000
0.974563 0.224115 0.000000 171.531318 -0.224115 0.974563 0.000000 -18.468521 0.000000 0.000000 1.000000 0.000000
0.974544 0.224197 0.000000 172.101549 -0.224197 0.974544 0.000000 -18.617288 0.000000 0.000000 1.000000 0.000000
0.975828 0.218540 0.000000 172.676068 -0.218540 0.975828 0.000000 -18.774966 0.000000 0.000000 1.000000 0.000000
0.976910 0.213651 0.000000 173.254678 -0.213651 0.976910 0.000000 -18.933510 0.000000 0.000000 1.000000 0.000000
0.976855 0.213903 0.000000 173.835534 -0.213903 0.976855 0.000000 -19.069144 0.000000 0.000000 1.000000 0.000000
0.976405 0.215949 0.000000 174.411770 -0.215949 0.976405 0.000000 -19.211092 0.000000 0.000000 1.000000 0.000000
0.976189 0.216921 0.000000 174.996057 -0.216921 0.976189 0.000000 -19.350376 0.000000 0.000000 1.000000 0.000000
0.975867 0.218368 0.000000 175.538990 -0.218368 0.975867 0.000000 -19.473943 0.000000 0.000000 1.000000 0.000000
0.975654 0.219314 0.000000 176.154373 -0.219314 0.975654 0.000000 -19.607339 0.000000 0.000000 1.000000 0.000000
0.975947 0.218007 0.000000 176.695398 -0.218007 0.975947 0.000000 -19.723054 0.000000 0.000000 1.000000 0.000000
0.975700 0.219110 0.000000 177.281352 -0.219110 0.975700 0.000000 -19.863065 0.000000 0.000000 1.000000 0.000000
0.975413 0.220385 0.000000 177.878381 -0.220385 0.975413 0.000000 -20.003075 0.000000 0.000000 1.000000 0.000000
0.974738 0.223351 0.000000 178.473027 -0.223351 0.974738 0.000000 -20.151991 0.000000 0.000000 1.000000 0.000000
0.972952 0.231006 0.000000 179.058154 -0.231006 0.972952 0.000000 -20.299460 0.000000 0.000000 1.000000 0.000000
0.972920 0.231141 0.000000 179.647635 -0.231141 0.972920 0.000000 -20.442069 0.000000 0.000000 1.000000 0.000000
0.973092 0.230415 0.000000 180.235083 -0.230415 0.973092 0.000000 -20.599986 0.000000 0.000000 1.000000 0.000000
0.973274 0.229645 0.000000 180.822318 -0.229645 0.973274 0.000000 -20.744739 0.000000 0.000000 1.000000 0.000000
0.973249 0.229755 0.000000 181.411531 -0.229755 0.973249 0.000000 -20.885038 0.000000 0.000000 1.000000 0.000000
0.972814 0.231590 0.000000 182.003085 -0.231590 0.972814 0.000000 -21.022233 0.000000 0.000000 1.000000 0.000000
0.973246 0.229765 0.000000 182.575826 -0.229765 0.973246 0.000000 -21.167698 0.000000 0.000000 1.000000 0.000000
0.973364 0.229265 0.000000 183.175561 -0.229265 0.973364 0.000000 -21.315741 0.000000 0.000000 1.000000 0.000000
0.972900 0.231228 0.000000 183.774355 -0.231228 0.972900 0.000000 -21.454244 0.000000 0.000000 1.000000 0.000000
0.972834 0.231503 0.000000 184.328669 -0.231503 0.972834 0.000000 -21.580792 0.000000 0.000000 1.000000 0.000000
0.973031 0.230675 0.000000 184.896826 -0.230675 0.973031 0.000000 -21.723262 0.000000 0.000000 1.000000 0.000000
0.973000 0.230806 0.000000 185.484788 -0.230806 0.973000 0.000000 -21.862507 0.000000 0.000000 1.000000 0.000000
0.972903 0.231213 0.000000 186.045780 -0.231213 0.972903 0.000000 -22.001923 0.000000 0.000000 1.000000 0.000000
0.973484 0.228754 0.000000 186.645706 -0.228754 0.973484 0.000000 -22.150279 0.000000 0.000000 1.000000 0.000000
0.973114 0.230324 0.000000 187.230259 -0.230324 0.973114 0.000000 -22.299794 0.000000 0.000000 1.000000 0.000000
0.973954 0.226745 0.000000 187.788056 -0.226745 0.973954 0.000000 -22.442835 0.000000 0.000000 1.000000 0.000000
0.974056 0.226306 0.000000 188.366810 -0.226306 0.974056 0.000000 -22.575290 0.000000 0.000000 1.000000 0.000000
0.973251 0.229743 0.000000 188.953484 -0.229743 0.973251 0.000000 -22.700275 0.000000 0.000000 1.000000 0.000000
0.973314 0.229475 0.000000 189.511536 -0.229475 0.973314 0.000000 -22.824473 0.000000 0.000000 1.000000 0.000000
0.972817 0.231574 0.000000 190.107442 -0.231574 0.972817 0.000000 -22.964658 0.000000 0.000000 1.000000 0.000000
0.972503 0.232891 0.000000 190.698188 -0.232891 0.972503 0.000000 -23.108494 0.000000 0.000000 1.000000 0.000000
0.972346 0.233545 0.000000 191.533186 -0.233545 0.972346 0.000000 -23.331013 0.000000 0.000000 1.000000 0.000000
0.971901 0.235388 0.000000 192.108695 -0.235388 0.971901 0.000000 -23.468074 0.000000 0.000000 1.000000 0.000000
0.971664 0.236366 0.000000 192.686143 -0.236366 0.971664 0.000000 -23.610806 0.000000 0.000000 1.000000 0.000000
0.971962 0.235136 0.000000 193.257274 -0.235136 0.971962 0.000000 -23.757642 0.000000 0.000000 1.000000 0.000000
0.971885 0.235455 0.000000 193.830656 -0.235455 0.971885 0.000000 -23.900117 0.000000 0.000000 1.000000 0.000000
0.972461 0.233067 0.000000 194.410163 -0.233067 0.972461 0.000000 -24.040395 0.000000 0.000000 1.000000 0.000000
0.973491 0.228725 0.000000 194.984652 -0.228725 0.973491 0.000000 -24.186929 0.000000 0.000000 1.000000 0.000000
0.973605 0.228241 0.000000 195.581910 -0.228241 0.973605 0.000000 -24.336758 0.000000 0.000000 1.000000 0.000000
0.973780 0.227491 0.000000 196.076326 -0.227491 0.973780 0.000000 -24.469762 0.000000 0.000000 1.000000 0.000000
0.973585 0.228326 0.000000 197.061612 -0.228326 0.973585 0.000000 -24.726417 0.000000 0.000000 1.000000 0.000000
0.973647 0.228060 0.000000 197.626677 -0.228060 0.973647 0.000000 -24.860796 0.000000 0.000000 1.000000 0.000000
0.973444 0.228924 0.000000 198.359867 -0.228924 0.973444 0.000000 -25.042836 0.000000 0.000000 1.000000 0.000000
0.973236 0.229810 0.000000 199.085918 -0.229810 0.973236 0.000000 -25.226194 0.000000 0.000000 1.000000 0.000000
0.972628 0.232367 0.000000 200.054043 -0.232367 0.972628 0.000000 -25.476433 0.000000 0.000000 1.000000 0.000000
0.972757 0.231826 0.000000 200.615150 -0.231826 0.972757 0.000000 -25.619452 0.000000 0.000000 1.000000 0.000000
0.972780 0.231732 0.000000 201.189520 -0.231732 0.972780 0.000000 -25.765429 0.000000 0.000000 1.000000 0.000000
0.972743 0.231887 0.000000 201.750665 -0.231887 0.972743 0.000000 -25.906434 0.000000 0.000000 1.000000 0.000000
0.972648 0.232285 0.000000 202.288583 -0.232285 0.972648 0.000000 -26.025549 0.000000 0.000000 1.000000 0.000000
0.973372 0.229232 0.000000 202.857291 -0.229232 0.973372 0.000000 -26.163680 0.000000 0.000000 1.000000 0.000000
0.972735 0.231918 0.000000 203.419832 -0.231918 0.972735 0.000000 -26.298925 0.000000 0.000000 1.000000 0.000000
0.972639 0.232323 0.000000 204.226053 -0.232323 0.972639 0.000000 -26.520238 0.000000 0.000000 1.000000 0.000000
0.973098 0.230392 0.000000 204.798802 -0.230392 0.973098 0.000000 -26.667519 0.000000 0.000000 1.000000 0.000000
0.973233 0.229819 0.000000 205.382253 -0.229819 0.973233 0.000000 -26.813611 0.000000 0.000000 1.000000 0.000000
0.973164 0.230112 0.000000 205.942168 -0.230112 0.973164 0.000000 -26.955572 0.000000 0.000000 1.000000 0.000000
0.974161 0.225853 0.000000 206.528139 -0.225853 0.974161 0.000000 -27.097109 0.000000 0.000000 1.000000 0.000000
0.974221 0.225594 0.000000 207.060558 -0.225594 0.974221 0.000000 -27.224236 0.000000 0.000000 1.000000 0.000000
0.974167 0.225831 0.000000 207.660516 -0.225831 0.974167 0.000000 -27.369262 0.000000 0.000000 1.000000 0.000000
0.974349 0.225040 0.000000 208.186031 -0.225040 0.974349 0.000000 -27.498532 0.000000 0.000000 1.000000 0.000000
0.974409 0.224784 0.000000 208.780269 -0.224784 0.974409 0.000000 -27.648160 0.000000 0.000000 1.000000 0.000000
0.974475 0.224494 0.000000 209.326573 -0.224494 0.974475 0.000000 -27.784563 0.000000 0.000000 1.000000 0.000000
0.974253 0.225456 0.000000 209.876949 -0.225456 0.974253 0.000000 -27.912258 0.000000 0.000000 1.000000 0.000000
0.974774 0.223195 0.000000 210.436660 -0.223195 0.974774 0.000000 -28.044508 0.000000 0.000000 1.000000 0.000000
0.974458 0.224571 0.000000 210.978235 -0.224571 0.974458 0.000000 -28.170652 0.000000 0.000000 1.000000 0.000000
