0.999998 0.001806 0.000000 0.591446 -0.001806 0.999998 0.000000 0.001386 0.000000 0.000000 1.000000 0.000000
0.999992 0.004108 0.000000 1.420949 -0.004108 0.999992 0.000000 -0.004391 0.000000 0.000000 1.000000 0.000000
0.999977 0.006814 0.000000 2.015456 -0.006814 0.999977 0.000000 -0.006009 0.000000 0.000000 1.000000 0.000000
0.999967 0.008176 0.000000 2.579158 -0.008176 0.999967 0.000000 -0.008660 0.000000 0.000000 1.000000 0.000000
0.999898 0.014291 0.000000 3.142070 -0.014291 0.999898 0.000000 0.016139 0.000000 0.000000 1.000000 0.000000
0.999785 0.020757 0.000000 3.685136 -0.020757 0.999785 0.000000 0.016668 0.000000 0.000000 1.000000 0.000000
0.999617 0.027662 0.000000 4.246681 -0.027662 0.999617 0.000000 -0.014781 0.000000 0.000000 1.000000 0.000000
0.999410 0.034338 0.000000 4.775700 -0.034338 0.999410 0.000000 -0.044135 0.000000 0.000000 1.000000 0.000000
0.999083 0.042804 0.000000 5.487507 -0.042804 0.999083 0.000000 -0.081058 0.000000 0.000000 1.000000 0.000000
0.998849 0.047960 0.000000 6.060368 -0.047960 0.998849 0.000000 -0.120176 0.000000 0.000000 1.000000 0.000000
0.998629 0.052343 0.000000 6.638153 -0.052343 0.998629 0.000000 -0.151460 0.000000 0.000000 1.000000 0.000000
0.998320 0.057935 0.000000 7.202130 -0.057935 0.998320 0.000000 -0.176657 0.000000 0.000000 1.000000 0.000000
0.997455 0.071297 0.000000 8.344628 -0.071297 0.997455 0.000000 -0.246496 0.000000 0.000000 1.000000 0.000000
0.997148 0.075471 0.000000 8.876341 -0.075471 0.997148 0.000000 -0.256290 0.000000 0.000000 1.000000 0.000000
0.996549 0.083004 0.000000 9.442430 -0.083004 0.996549 0.000000 -0.291903 0.000000 0.000000 1.000000 0.000000
0.995789 0.091672 0.000000 9.966667 -0.091672 0.995789 0.000000 -0.328167 0.000000 0.000000 1.000000 0.000000
0.995000 0.099873 0.000000 10.511327 -0.099873 0.995000 0.000000 -0.377791 0.000000 0.000000 1.000000 0.000000
0.994241 0.107165 0.000000 11.039340 -0.107165 0.994241 0.000000 -0.424552 0.000000 0.000000 1.000000 0.000000
0.993624 0.112749 0.000000 11.616938 -0.112749 0.993624 0.000000 -0.493708 0.000000 0.000000 1.000000 0.000000
0.992821 0.119613 0.000000 12.137332 -0.119613 0.992821 0.000000 -0.567874 0.000000 0.000000 1.000000 0.000000
0.991531 0.129871 0.000000 12.878396 -0.129871 0.991531 0.000000 -0.667894 0.000000 0.000000 1.000000 0.000000
0.990013 0.140976 0.000000 13.445919 -0.140976 0.990013 0.000000 -0.743395 0.000000 0.000000 1.000000 0.000000
0.989037 0.147669 0.000000 13.990049 -0.147669 0.989037 0.000000 -0.827791 0.000000 0.000000 1.000000 0.000000
0.988273 0.152699 0.000000 14.542349 -0.152699 0.988273 0.000000 -0.909272 0.000000 0.000000 1.000000 0.000000
0.987487 0.157702 0.000000 15.094432 -0.157702 0.987487 0.000000 -0.999811 0.000000 0.000000 1.000000 0.000000
0.986441 0.164114 0.000000 15.611396 -0.164114 0.986441 0.000000 -1.090121 0.000000 0.000000 1.000000 0.000000
0.985285 0.170921 0.000000 16.121958 -0.170921 0.985285 0.000000 -1.178682 0.000000 0.000000 1.000000 0.000000
0.984176 0.177192 0.000000 16.670712 -0.177192 0.984176 0.000000 -1.273977 0.000000 0.000000 1.000000 0.000000
0.982482 0.186355 0.000000 17.171788 -0.186355 0.982482 0.000000 -1.371858 0.000000 0.000000 1.000000 0.000000
0.981025 0.193883 0.000000 17.728764 -0.193883 0.981025 0.000000 -1.478242 0.000000 0.000000 1.000000 0.000000
0.979322 0.202307 0.000000 18.454932 -0.202307 0.979322 0.000000 -1.626728 0.000000 0.000000 1.000000 0.000000
0.977493 0.210966 0.000000 18.990265 -0.210966 0.977493 0.000000 -1.749227 0.000000 0.000000 1.000000 0.000000
0.975624 0.219450 0.000000 19.565024 -0.219450 0.975624 0.000000 -1.876840 0.000000 0.000000 1.000000 0.000000
0.973968 0.226684 0.000000 20.108311 -0.226684 0.973968 0.000000 -2.007285 0.000000 0.000000 1.000000 0.000000
0.972235 0.234008 0.000000 20.651290 -0.234008 0.972235 0.000000 -2.144148 0.000000 0.000000 1.000000 0.000000
0.970741 0.240128 0.000000 21.150595 -0.240128 0.970741 0.000000 -2.269620 0.000000 0.000000 1.000000 0.000000
0.969121 0.246585 0.000000 21.694490 -0.246585 0.969121 0.000000 -2.400125 0.000000 0.000000 1.000000 0.000000
0.969540 0.244931 0.000000 22.178275 -0.244931 0.969540 0.000000 -2.510671 0.000000 0.000000 1.000000 0.000000
0.968070 0.250680 0.000000 22.696732 -0.250680 0.968070 0.000000 -2.633136 0.000000 0.000000 1.000000 0.000000
0.965010 0.262214 0.000000 23.714856 -0.262214 0.965010 0.000000 -2.892302 0.000000 0.000000 1.000000 0.000000
0.963514 0.267658 0.000000 24.198228 -0.267658 0.963514 0.000000 -3.007938 0.000000 0.000000 1.000000 0.000000
0.961468 0.274916 0.000000 24.727312 -0.274916 0.961468 0.000000 -3.133700 0.000000 0.000000 1.000000 0.000000
0.959181 0.282792 0.000000 25.400437 -0.282792 0.959181 0.000000 -3.315581 0.000000 0.000000 1.000000 0.000000
0.957473 0.288524 0.000000 25.874637 -0.288524 0.957473 0.000000 -3.438887 0.000000 0.000000 1.000000 0.000000
0.955868 0.293798 0.000000 26.345844 -0.293798 0.955868 0.000000 -3.568284 0.000000 0.000000 1.000000 0.000000
0.953556 0.301216 0.000000 26.858242 -0.301216 0.953556 0.000000 -3.719448 0.000000 0.000000 1.000000 0.000000
0.952592 0.304250 0.000000 27.337164 -0.304250 0.952592 0.000000 -3.863967 0.000000 0.000000 1.000000 0.000000
0.949502 0.313761 0.000000 28.007275 -0.313761 0.949502 0.000000 -4.082497 0.000000 0.000000 1.000000 0.000000
0.947671 0.319249 0.000000 28.519881 -0.319249 0.947671 0.000000 -4.255093 0.000000 0.000000 1.000000 0.000000
0.946418 0.322945 0.000000 29.031251 -0.322945 0.946418 0.000000 -4.435009 0.000000 0.000000 1.000000 0.000000
0.944687 0.327973 0.000000 29.521957 -0.327973 0.944687 0.000000 -4.611748 0.000000 0.000000 1.000000 0.000000
0.943139 0.332397 0.000000 30.037470 -0.332397 0.943139 0.000000 -4.799366 0.000000 0.000000 1.000000 0.000000
0.941441 0.337178 0.000000 30.551391 -0.337178 0.941441 0.000000 -4.980173 0.000000 0.000000 1.000000 0.000000
0.939040 0.343809 0.000000 31.024009 -0.343809 0.939040 0.000000 -5.148644 0.000000 0.000000 1.000000 0.000000
0.937501 0.347984 0.000000 31.521765 -0.347984 0.937501 0.000000 -5.349982 0.000000 0.000000 1.000000 0.000000
0.935665 0.352890 0.000000 31.990501 -0.352890 0.935665 0.000000 -5.538570 0.000000 0.000000 1.000000 0.000000
0.933109 0.359593 0.000000 32.486887 -0.359593 0.933109 0.000000 -5.730579 0.000000 0.000000 1.000000 0.000000
0.930696 0.365794 0.000000 32.956024 -0.365794 0.930696 0.000000 -5.912947 0.000000 0.000000 1.000000 0.000000
0.927863 0.372920 0.000000 33.450407 -0.372920 0.927863 0.000000 -6.107917 0.000000 0.000000 1.000000 0.000000
0.924905 0.380197 0.000000 33.927112 -0.380197 0.924905 0.000000 -6.279624 0.000000 0.000000 1.000000 0.000000
0.922386 0.386269 0.000000 34.433838 -0.386269 0.922386 0.000000 -6.482335 0.000000 0.000000 1.000000 0.000000
0.920862 0.389889 0.000000 34.885269 -0.389889 0.920862 0.000000 -6.662502 0.000000 0.000000 1.000000 0.000000
0.917345 0.398093 0.000000 35.561383 -0.398093 0.917345 0.000000 -6.962458 0.000000 0.000000 1.000000 0.000000
0.912835 0.408329 0.000000 36.255229 -0.408329 0.912835 0.000000 -7.268094 0.000000 0.000000 1.000000 0.000000
0.909562 0.415569 0.000000 36.725101 -0.415569 0.909562 0.000000 -7.472274 0.000000 0.000000 1.000000 0.000000
0.903401 0.428796 0.000000 37.554771 -0.428796 0.903401 0.000000 -7.870401 0.000000 0.000000 1.000000 0.000000
0.900864 0.434101 0.000000 38.033435 -0.434101 0.900864 0.000000 -8.111799 0.000000 0.000000 1.000000 0.000000
0.898686 0.438592 0.000000 38.508982 -0.438592 0.898686 0.000000 -8.348934 0.000000 0.000000 1.000000 0.000000
0.897114 0.441800 0.000000 38.972311 -0.441800 0.897114 0.000000 -8.595238 0.000000 0.000000 1.000000 0.000000
0.892639 0.450773 0.000000 39.426068 -0.450773 0.892639 0.000000 -8.827127 0.000000 0.000000 1.000000 0.000000
0.892100 0.451839 0.000000 39.895171 -0.451839 0.892100 0.000000 -9.078670 0.000000 0.000000 1.000000 0.000000
0.891537 0.452948 0.000000 40.317391 -0.452948 0.891537 0.000000 -9.308672 0.000000 0.000000 1.000000 0.000000
0.888972 0.457962 0.000000 40.771203 -0.457962 0.888972 0.000000 -9.544184 0.000000 0.000000 1.000000 0.000000
0.887361 0.461075 0.000000 41.218536 -0.461075 0.887361 0.000000 -9.776859 0.000000 0.000000 1.000000 0.000000
0.887020 0.461731 0.000000 41.670548 -0.461731 0.887020 0.000000 -10.003930 0.000000 0.000000 1.000000 0.000000
0.884682 0.466196 0.000000 42.108842 -0.466196 0.884682 0.000000 -10.216770 0.000000 0.000000 1.000000 0.000000
0.883061 0.469258 0.000000 42.549459 -0.469258 0.883061 0.000000 -10.442117 0.000000 0.000000 1.000000 0.000000
0.881159 0.472821 0.000000 42.941835 -0.472821 0.881159 0.000000 -10.652883 0.000000 0.000000 1.000000 0.000000
0.880894 0.473314 0.000000 43.360593 -0.473314 0.880894 0.000000 -10.885780 0.000000 0.000000 1.000000 0.000000
0.878678 0.477416 0.000000 43.764430 -0.477416 0.878678 0.000000 -11.084610 0.000000 0.000000 1.000000 0.000000
0.877495 0.479586 0.000000 44.190900 -0.479586 0.877495 0.000000 -11.312349 0.000000 0.000000 1.000000 0.000000
0.876882 0.480706 0.000000 44.596548 -0.480706 0.876882 0.000000 -11.521530 0.000000 0.000000 1.000000 0.000000
0.874144 0.485667 0.000000 44.995203 -0.485667 0.874144 0.000000 -11.723710 0.000000 0.000000 1.000000 0.000000
0.873629 0.486593 0.000000 45.390879 -0.486593 0.873629 0.000000 -11.919278 0.000000 0.000000 1.000000 0.000000
0.868065 0.496451 0.000000 45.799261 -0.496451 0.868065 0.000000 -12.099683 0.000000 0.000000 1.000000 0.000000
0.865030 0.501720 0.000000 46.188919 -0.501720 0.865030 0.000000 -12.294830 0.000000 0.000000 1.000000 0.000000
0.862983 0.505233 0.000000 46.567310 -0.505233 0.862983 0.000000 -12.496335 0.000000 0.000000 1.000000 0.000000
0.860277 0.509827 0.000000 46.942543 -0.509827 0.860277 0.000000 -12.714412 0.000000 0.000000 1.000000 0.000000
0.856106 0.516800 0.000000 47.478589 -0.516800 0.856106 0.000000 -13.044445 0.000000 0.000000 1.000000 0.000000
0.851183 0.524869 0.000000 47.859151 -0.524869 0.851183 0.000000 -13.284478 0.000000 0.000000 1.000000 0.000000
0.845830 0.533452 0.000000 48.210906 -0.533452 0.845830 0.000000 -13.502850 0.000000 0.000000 1.000000 0.000000
0.842993 0.537924 0.000000 48.557108 -0.537924 0.842993 0.000000 -13.725384 0.000000 0.000000 1.000000 0.000000
0.840489 0.541828 0.000000 48.900083 -0.541828 0.840489 0.000000 -13.946809 0.000000 0.000000 1.000000 0.000000
0.837019 0.547174 0.000000 49.237316 -0.547174 0.837019 0.000000 -14.163209 0.000000 0.000000 1.000000 0.000000
0.834510 0.550993 0.000000 49.548091 -0.550993 0.834510 0.000000 -14.387392 0.000000 0.000000 1.000000 0.000000
0.831414 0.555653 0.000000 49.863049 -0.555653 0.831414 0.000000 -14.613889 0.000000 0.000000 1.000000 0.000000
0.829207 0.558942 0.000000 50.174193 -0.558942 0.829207 0.000000 -14.842111 0.000000 0.000000 1.000000 0.000000
0.827691 0.561185 0.000000 50.479574 -0.561185 0.827691 0.000000 -15.075216 0.000000 0.000000 1.000000 0.000000
0.825638 0.564201 0.000000 50.788039 -0.564201 0.825638 0.000000 -15.286082 0.000000 0.000000 1.000000 0.000000
0.823279 0.567637 0.000000 51.385213 -0.567637 0.823279 0.000000 -15.717451 0.000000 0.000000 1.000000 0.000000
0.822204 0.569192 0.000000 51.684051 -0.569192 0.822204 0.000000 -15.912385 0.000000 0.000000 1.000000 0.000000
0.821477 0.570242 0.000000 51.969027 -0.570242 0.821477 0.000000 -16.089965 0.000000 0.000000 1.000000 0.000000
0.821136 0.570733 0.000000 52.232035 -0.570733 0.821136 0.000000 -16.269392 0.000000 0.000000 1.000000 0.000000
0.820981 0.570955 0.000000 52.508429 -0.570955 0.820981 0.000000 -16.461343 0.000000 0.000000 1.000000 0.000000
0.818901 0.573934 0.000000 52.773306 -0.573934 0.818901 0.000000 -16.628128 0.000000 0.000000 1.000000 0.000000
0.817096 0.576502 0.000000 53.059021 -0.576502 0.817096 0.000000 -16.813762 0.000000 0.000000 1.000000 0.000000
0.815423 0.578866 0.000000 53.316210 -0.578866 0.815423 0.000000 -16.984351 0.000000 0.000000 1.000000 0.000000
0.814470 0.580205 0.000000 53.596195 -0.580205 0.814470 0.000000 -17.157641 0.000000 0.000000 1.000000 0.000000
0.813918 0.580980 0.000000 53.848350 -0.580980 0.813918 0.000000 -17.324332 0.000000 0.000000 1.000000 0.000000
0.810998 0.585050 0.000000 54.103675 -0.585050 0.810998 0.000000 -17.480175 0.000000 0.000000 1.000000 0.000000
0.808691 0.588234 0.000000 54.361985 -0.588234 0.808691 0.000000 -17.647064 0.000000 0.000000 1.000000 0.000000
0.804553 0.593880 0.000000 54.704720 -0.593880 0.804553 0.000000 -17.885379 0.000000 0.000000 1.000000 0.000000
0.802601 0.596516 0.000000 54.956787 -0.596516 0.802601 0.000000 -18.052786 0.000000 0.000000 1.000000 0.000000
0.798038 0.602607 0.000000 55.193485 -0.602607 0.798038 0.000000 -18.213012 0.000000 0.000000 1.000000 0.000000
0.794707 0.606993 0.000000 55.426168 -0.606993 0.794707 0.000000 -18.380969 0.000000 0.000000 1.000000 0.000000
0.790923 0.611915 0.000000 55.665704 -0.611915 0.790923 0.000000 -18.544007 0.000000 0.000000 1.000000 0.000000
0.787763 0.615978 0.000000 55.887886 -0.615978 0.787763 0.000000 -18.716974 0.000000 0.000000 1.000000 0.000000
0.787379 0.616469 0.000000 56.102169 -0.616469 0.787379 0.000000 -18.889583 0.000000 0.000000 1.000000 0.000000
0.786926 0.617047 0.000000 56.308851 -0.617047 0.786926 0.000000 -19.058794 0.000000 0.000000 1.000000 0.000000
0.789303 0.614004 0.000000 56.508659 -0.614004 0.789303 0.000000 -19.226232 0.000000 0.000000 1.000000 0.000000
0.788124 0.615516 0.000000 56.689808 -0.615516 0.788124 0.000000 -19.395446 0.000000 0.000000 1.000000 0.000000
0.784132 0.620594 0.000000 57.055152 -0.620594 0.784132 0.000000 -19.695441 0.000000 0.000000 1.000000 0.000000
0.780506 0.625148 0.000000 57.226257 -0.625148 0.780506 0.000000 -19.824293 0.000000 0.000000 1.000000 0.000000
0.779629 0.626242 0.000000 57.391398 -0.626242 0.779629 0.000000 -19.967349 0.000000 0.000000 1.000000 0.000000
0.779946 0.625847 0.000000 57.564371 -0.625847 0.779946 0.000000 -20.116099 0.000000 0.000000 1.000000 0.000000
0.778959 0.627075 0.000000 57.722994 -0.627075 0.778959 0.000000 -20.241226 0.000000 0.000000 1.000000 0.000000
0.777535 0.628840 0.000000 57.879279 -0.628840 0.777535 0.000000 -20.355072 0.000000 0.000000 1.000000 0.000000
0.777107 0.629368 0.000000 58.041452 -0.629368 0.777107 0.000000 -20.488619 0.000000 0.000000 1.000000 0.000000
0.775967 0.630773 0.000000 58.183069 -0.630773 0.775967 0.000000 -20.618269 0.000000 0.000000 1.000000 0.000000
0.774040 0.633136 0.000000 58.334985 -0.633136 0.774040 0.000000 -20.749242 0.000000 0.000000 1.000000 0.000000
0.770162 0.637848 0.000000 58.638685 -0.637848 0.770162 0.000000 -20.997101 0.000000 0.000000 1.000000 0.000000
0.768546 0.639795 0.000000 58.782748 -0.639795 0.768546 0.000000 -21.111288 0.000000 0.000000 1.000000 0.000000
0.767569 0.640966 0.000000 58.931641 -0.640966 0.767569 0.000000 -21.222402 0.000000 0.000000 1.000000 0.000000
0.765570 0.643353 0.000000 59.174860 -0.643353 0.765570 0.000000 -21.411917 0.000000 0.000000 1.000000 0.000000
0.764095 0.645104 0.000000 59.320248 -0.645104 0.764095 0.000000 -21.541348 0.000000 0.000000 1.000000 0.000000
0.761471 0.648199 0.000000 59.466792 -0.648199 0.761471 0.000000 -21.667718 0.000000 0.000000 1.000000 0.000000
0.759269 0.650776 0.000000 59.611509 -0.650776 0.759269 0.000000 -21.791208 0.000000 0.000000 1.000000 0.000000
0.759905 0.650034 0.000000 59.752612 -0.650034 0.759905 0.000000 -21.908171 0.000000 0.000000 1.000000 0.000000
0.758416 0.651771 0.000000 59.907747 -0.651771 0.758416 0.000000 -22.028430 0.000000 0.000000 1.000000 0.000000
0.757199 0.653185 0.000000 60.062010 -0.653185 0.757199 0.000000 -22.150828 0.000000 0.000000 1.000000 0.000000
0.753896 0.656994 0.000000 60.370324 -0.656994 0.753896 0.000000 -22.422377 0.000000 0.000000 1.000000 0.000000
0.751551 0.659675 0.000000 60.528562 -0.659675 0.751551 0.000000 -22.556688 0.000000 0.000000 1.000000 0.000000
0.749504 0.662000 0.000000 60.695271 -0.662000 0.749504 0.000000 -22.689892 0.000000 0.000000 1.000000 0.000000
0.746900 0.664937 0.000000 60.850558 -0.664937 0.746900 0.000000 -22.823554 0.000000 0.000000 1.000000 0.000000
0.744391 0.667744 0.000000 61.021393 -0.667744 0.744391 0.000000 -22.963310 0.000000 0.000000 1.000000 0.000000
0.743146 0.669129 0.000000 61.184163 -0.669129 0.743146 0.000000 -23.098866 0.000000 0.000000 1.000000 0.000000
0.740868 0.671651 0.000000 61.341371 -0.671651 0.740868 0.000000 -23.230336 0.000000 0.000000 1.000000 0.000000
0.738710 0.674024 0.000000 61.511277 -0.674024 0.738710 0.000000 -23.375280 0.000000 0.000000 1.000000 0.000000
0.735441 0.677589 0.000000 61.678019 -0.677589 0.735441 0.000000 -23.510205 0.000000 0.000000 1.000000 0.000000
0.731304 0.682052 0.000000 61.848839 -0.682052 0.731304 0.000000 -23.642920 0.000000 0.000000 1.000000 0.000000
0.727293 0.686327 0.000000 62.017076 -0.686327 0.727293 0.000000 -23.791226 0.000000 0.000000 1.000000 0.000000
0.725063 0.688682 0.000000 62.169488 -0.688682 0.725063 0.000000 -23.920779 0.000000 0.000000 1.000000 0.000000
0.722572 0.691296 0.000000 62.343429 -0.691296 0.722572 0.000000 -24.075010 0.000000 0.000000 1.000000 0.000000
0.720349 0.693612 0.000000 62.504666 -0.693612 0.720349 0.000000 -24.227774 0.000000 0.000000 1.000000 0.000000
0.716278 0.697815 0.000000 62.692908 -0.697815 0.716278 0.000000 -24.400462 0.000000 0.000000 1.000000 0.000000
0.713669 0.700483 0.000000 62.867972 -0.700483 0.713669 0.000000 -24.569726 0.000000 0.000000 1.000000 0.000000
0.708163 0.706049 0.000000 63.139197 -0.706049 0.708163 0.000000 -24.824052 0.000000 0.000000 1.000000 0.000000
0.706451 0.707761 0.000000 63.306087 -0.707761 0.706451 0.000000 -24.997720 0.000000 0.000000 1.000000 0.000000
0.704948 0.709259 0.000000 63.483387 -0.709259 0.704948 0.000000 -25.181752 0.000000 0.000000 1.000000 0.000000
0.703377 0.710817 0.000000 63.646431 -0.710817 0.703377 0.000000 -25.366477 0.000000 0.000000 1.000000 0.000000
0.699215 0.714911 0.000000 64.003957 -0.714911 0.699215 0.000000 -25.757610 0.000000 0.000000 1.000000 0.000000
0.697235 0.716842 0.000000 64.168620 -0.716842 0.697235 0.000000 -25.941338 0.000000 0.000000 1.000000 0.000000
0.695158 0.718857 0.000000 64.317070 -0.718857 0.695158 0.000000 -26.113692 0.000000 0.000000 1.000000 0.000000
0.693317 0.720633 0.000000 64.489080 -0.720633 0.693317 0.000000 -26.304600 0.000000 0.000000 1.000000 0.000000
0.690412 0.723417 0.000000 64.739505 -0.723417 0.690412 0.000000 -26.551848 0.000000 0.000000 1.000000 0.000000
0.685089 0.728459 0.000000 64.918833 -0.728459 0.685089 0.000000 -26.729507 0.000000 0.000000 1.000000 0.000000
0.681269 0.732033 0.000000 65.080164 -0.732033 0.681269 0.000000 -26.907240 0.000000 0.000000 1.000000 0.000000
0.676653 0.736302 0.000000 65.249076 -0.736302 0.676653 0.000000 -27.100893 0.000000 0.000000 1.000000 0.000000
0.673471 0.739213 0.000000 65.406067 -0.739213 0.673471 0.000000 -27.284480 0.000000 0.000000 1.000000 0.000000
0.671209 0.741268 0.000000 65.567105 -0.741268 0.671209 0.000000 -27.466863 0.000000 0.000000 1.000000 0.000000
0.668302 0.743890 0.000000 65.732591 -0.743890 0.668302 0.000000 -27.660587 0.000000 0.000000 1.000000 0.000000
0.667296 0.744793 0.000000 65.887181 -0.744793 0.667296 0.000000 -27.850861 0.000000 0.000000 1.000000 0.000000
0.665684 0.746233 0.000000 66.044402 -0.746233 0.665684 0.000000 -28.037808 0.000000 0.000000 1.000000 0.000000
0.663427 0.748241 0.000000 66.211973 -0.748241 0.663427 0.000000 -28.232883 0.000000 0.000000 1.000000 0.000000
0.663318 0.748338 0.000000 66.359788 -0.748338 0.663318 0.000000 -28.416287 0.000000 0.000000 1.000000 0.000000
0.664218 0.747539 0.000000 66.573490 -0.747539 0.664218 0.000000 -28.679587 0.000000 0.000000 1.000000 0.000000
0.663751 0.747954 0.000000 66.746786 -0.747954 0.663751 0.000000 -28.880674 0.000000 0.000000 1.000000 0.000000
0.663151 0.748485 0.000000 66.909428 -0.748485 0.663151 0.000000 -29.070930 0.000000 0.000000 1.000000 0.000000
0.663658 0.748036 0.000000 67.066963 -0.748036 0.663658 0.000000 -29.264769 0.000000 0.000000 1.000000 0.000000
0.662044 0.749465 0.000000 67.227095 -0.749465 0.662044 0.000000 -29.453968 0.000000 0.000000 1.000000 0.000000
0.661332 0.750094 0.000000 67.378983 -0.750094 0.661332 0.000000 -29.638787 0.000000 0.000000 1.000000 0.000000
0.665030 0.746817 0.000000 67.526219 -0.746817 0.665030 0.000000 -29.829071 0.000000 0.000000 1.000000 0.000000
0.664936 0.746900 0.000000 67.687809 -0.746900 0.664936 0.000000 -30.005008 0.000000 0.000000 1.000000 0.000000
0.666872 0.745173 0.000000 67.838548 -0.745173 0.666872 0.000000 -30.181256 0.000000 0.000000 1.000000 0.000000
0.667504 0.744607 0.000000 67.975152 -0.744607 0.667504 0.000000 -30.343985 0.000000 0.000000 1.000000 0.000000
0.668045 0.744121 0.000000 68.263910 -0.744121 0.668045 0.000000 -30.682327 0.000000 0.000000 1.000000 0.000000
0.668270 0.743918 0.000000 68.408940 -0.743918 0.668270 0.000000 -30.852163 0.000000 0.000000 1.000000 0.000000
0.670838 0.741604 0.000000 68.549378 -0.741604 0.670838 0.000000 -31.022633 0.000000 0.000000 1.000000 0.000000
0.672917 0.739718 0.000000 68.676231 -0.739718 0.672917 0.000000 -31.175942 0.000000 0.000000 1.000000 0.000000
0.674202 0.738547 0.000000 68.819013 -0.738547 0.674202 0.000000 -31.320775 0.000000 0.000000 1.000000 0.000000
0.674954 0.737860 0.000000 68.953543 -0.737860 0.674954 0.000000 -31.462519 0.000000 0.000000 1.000000 0.000000
0.675092 0.737734 0.000000 69.098122 -0.737734 0.675092 0.000000 -31.611127 0.000000 0.000000 1.000000 0.000000
0.676237 0.736684 0.000000 69.338988 -0.736684 0.676237 0.000000 -31.870324 0.000000 0.000000 1.000000 0.000000
0.677734 0.735307 0.000000 69.474904 -0.735307 0.677734 0.000000 -32.016245 0.000000 0.000000 1.000000 0.000000
0.680317 0.732918 0.000000 69.608341 -0.732918 0.680317 0.000000 -32.168357 0.000000 0.000000 1.000000 0.000000
0.680526 0.732724 0.000000 69.743076 -0.732724 0.680526 0.000000 -32.315407 0.000000 0.000000 1.000000 0.000000
0.683133 0.730294 0.000000 69.874147 -0.730294 0.683133 0.000000 -32.463721 0.000000 0.000000 1.000000 0.000000
0.685582 0.727995 0.000000 70.001516 -0.727995 0.685582 0.000000 -32.611156 0.000000 0.000000 1.000000 0.000000
0.691025 0.722831 0.000000 70.261712 -0.722831 0.691025 0.000000 -32.896344 0.000000 0.000000 1.000000 0.000000
0.694229 0.719754 0.000000 70.374346 -0.719754 0.694229 0.000000 -33.021032 0.000000 0.000000 1.000000 0.000000
0.697548 0.716538 0.000000 70.495372 -0.716538 0.697548 0.000000 -33.137527 0.000000 0.000000 1.000000 0.000000
0.703856 0.710343 0.000000 70.705034 -0.710343 0.703856 0.000000 -33.349320 0.000000 0.000000 1.000000 0.000000
0.708288 0.705924 0.000000 70.991930 -0.705924 0.708288 0.000000 -33.618965 0.000000 0.000000 1.000000 0.000000
0.715440 0.698675 0.000000 71.152932 -0.698675 0.715440 0.000000 -33.774222 0.000000 0.000000 1.000000 0.000000
0.718824 0.695192 0.000000 71.258903 -0.695192 0.718824 0.000000 -33.858279 0.000000 0.000000 1.000000 0.000000
0.728142 0.685426 0.000000 71.467717 -0.685426 0.728142 0.000000 -34.051108 0.000000 0.000000 1.000000 0.000000
0.732552 0.680712 0.000000 71.575104 -0.680712 0.732552 0.000000 -34.143990 0.000000 0.000000 1.000000 0.000000
0.736738 0.676178 0.000000 71.668690 -0.676178 0.736738 0.000000 -34.217595 0.000000 0.000000 1.000000 0.000000
0.740037 0.672566 0.000000 71.770789 -0.672566 0.740037 0.000000 -34.294570 0.000000 0.000000 1.000000 0.000000
0.745312 0.666716 0.000000 71.933284 -0.666716 0.745312 0.000000 -34.422184 0.000000 0.000000 1.000000 0.000000
0.752474 0.658622 0.000000 72.120776 -0.658622 0.752474 0.000000 -34.575558 0.000000 0.000000 1.000000 0.000000
0.756487 0.654008 0.000000 72.214018 -0.654008 0.756487 0.000000 -34.640400 0.000000 0.000000 1.000000 0.000000
0.760259 0.649621 0.000000 72.308226 -0.649621 0.760259 0.000000 -34.700580 0.000000 0.000000 1.000000 0.000000
0.763901 0.645334 0.000000 72.395301 -0.645334 0.763901 0.000000 -34.760120 0.000000 0.000000 1.000000 0.000000
0.767587 0.640945 0.000000 72.488570 -0.640945 0.767587 0.000000 -34.824576 0.000000 0.000000 1.000000 0.000000
0.769879 0.638190 0.000000 72.569850 -0.638190 0.769879 0.000000 -34.874111 0.000000 0.000000 1.000000 0.000000
0.777239 0.629206 0.000000 72.719318 -0.629206 0.777239 0.000000 -34.992670 0.000000 0.000000 1.000000 0.000000
0.779504 0.626398 0.000000 72.789404 -0.626398 0.779504 0.000000 -35.037575 0.000000 0.000000 1.000000 0.000000
0.782300 0.622901 0.000000 72.858323 -0.622901 0.782300 0.000000 -35.083588 0.000000 0.000000 1.000000 0.000000
0.783879 0.620914 0.000000 72.918203 -0.620914 0.783879 0.000000 -35.118596 0.000000 0.000000 1.000000 0.000000
0.787301 0.616568 0.000000 72.971037 -0.616568 0.787301 0.000000 -35.150649 0.000000 0.000000 1.000000 0.000000
0.788883 0.614543 0.000000 73.007537 -0.614543 0.788883 0.000000 -35.174635 0.000000 0.000000 1.000000 0.000000
0.790589 0.612347 0.000000 73.046884 -0.612347 0.790589 0.000000 -35.204802 0.000000 0.000000 1.000000 0.000000
0.792187 0.610278 0.000000 73.111346 -0.610278 0.792187 0.000000 -35.249628 0.000000 0.000000 1.000000 0.000000
0.793731 0.608269 0.000000 73.136327 -0.608269 0.793731 0.000000 -35.270159 0.000000 0.000000 1.000000 0.000000
0.794290 0.607539 0.000000 73.158678 -0.607539 0.794290 0.000000 -35.287538 0.000000 0.000000 1.000000 0.000000
0.794912 0.606724 0.000000 73.171323 -0.606724 0.794912 0.000000 -35.298087 0.000000 0.000000 1.000000 0.000000
0.796098 0.605168 0.000000 73.188992 -0.605168 0.796098 0.000000 -35.310137 0.000000 0.000000 1.000000 0.000000
0.797090 0.603860 0.000000 73.203345 -0.603860 0.797090 0.000000 -35.322823 0.000000 0.000000 1.000000 0.000000
0.797399 0.603453 0.000000 73.219525 -0.603453 0.797399 0.000000 -35.334966 0.000000 0.000000 1.000000 0.000000
0.797644 0.603129 0.000000 73.231924 -0.603129 0.797644 0.000000 -35.344489 0.000000 0.000000 1.000000 0.000000
0.799313 0.600914 0.000000 73.245219 -0.600914 0.799313 0.000000 -35.362175 0.000000 0.000000 1.000000 0.000000
0.798756 0.601655 0.000000 73.252039 -0.601655 0.798756 0.000000 -35.358720 0.000000 0.000000 1.000000 0.000000
0.799669 0.600442 0.000000 73.253163 -0.600442 0.799669 0.000000 -35.361363 0.000000 0.000000 1.000000 0.000000
0.799647 0.600471 0.000000 73.250423 -0.600471 0.799647 0.000000 -35.357203 0.000000 0.000000 1.000000 0.000000
0.798897 0.601467 0.000000 73.249460 -0.601467 0.798897 0.000000 -35.353821 0.000000 0.000000 1.000000 0.000000
0.798826 0.601563 0.000000 73.248653 -0.601563 0.798826 0.000000 -35.352747 0.000000 0.000000 1.000000 0.000000
0.798607 0.601852 0.000000 73.250996 -0.601852 0.798607 0.000000 -35.353102 0.000000 0.000000 1.000000 0.000000
0.799687 0.600417 0.000000 73.248900 -0.600417 0.799687 0.000000 -35.356096 0.000000 0.000000 1.000000 0.000000
0.799752 0.600330 0.000000 73.247556 -0.600330 0.799752 0.000000 -35.359722 0.000000 0.000000 1.000000 0.000000
0.798985 0.601351 0.000000 73.249371 -0.601351 0.798985 0.000000 -35.359016 0.000000 0.000000 1.000000 0.000000
0.798855 0.601524 0.000000 73.249401 -0.601524 0.798855 0.000000 -35.359965 0.000000 0.000000 1.000000 0.000000
0.798958 0.601387 0.000000 73.248794 -0.601387 0.798958 0.000000 -35.361230 0.000000 0.000000 1.000000 0.000000
0.798911 0.601449 0.000000 73.248024 -0.601449 0.798911 0.000000 -35.361251 0.000000 0.000000 1.000000 0.000000
0.798915 0.601444 0.000000 73.247375 -0.601444 0.798915 0.000000 -35.360360 0.000000 0.000000 1.000000 0.000000
0.798863 0.601513 0.000000 73.247812 -0.601513 0.798863 0.000000 -35.358911 0.000000 0.000000 1.000000 0.000000
0.798695 0.601736 0.000000 73.248241 -0.601736 0.798695 0.000000 -35.355513 0.000000 0.000000 1.000000 0.000000
0.798580 0.601888 0.000000 73.246953 -0.601888 0.798580 0.000000 -35.354707 0.000000 0.000000 1.000000 0.000000
0.798567 0.601906 0.000000 73.246967 -0.601906 0.798567 0.000000 -35.354877 0.000000 0.000000 1.000000 0.000000
0.798602 0.601860 0.000000 73.246636 -0.601860 0.798602 0.000000 -35.355414 0.000000 0.000000 1.000000 0.000000
0.798603 0.601858 0.000000 73.246805 -0.601858 0.798603 0.000000 -35.355992 0.000000 0.000000 1.000000 0.000000
0.798630 0.601823 0.000000 73.246018 -0.601823 0.798630 0.000000 -35.357865 0.000000 0.000000 1.000000 0.000000
0.798650 0.601796 0.000000 73.245003 -0.601796 0.798650 0.000000 -35.358740 0.000000 0.000000 1.000000 0.000000
0.798639 0.601811 0.000000 73.244296 -0.601811 0.798639 0.000000 -35.359776 0.000000 0.000000 1.000000 0.000000
0.798645 0.601802 0.000000 73.244924 -0.601802 0.798645 0.000000 -35.360858 0.000000 0.000000 1.000000 0.000000
0.798518 0.601971 0.000000 73.245206 -0.601971 0.798518 0.000000 -35.362609 0.000000 0.000000 1.000000 0.000000
0.798434 0.602083 0.000000 73.244969 -0.602083 0.798434 0.000000 -35.362690 0.000000 0.000000 1.000000 0.000000
0.798426 0.602093 0.000000 73.245897 -0.602093 0.798426 0.000000 -35.361844 0.000000 0.000000 1.000000 0.000000
0.798447 0.602065 0.000000 73.247623 -0.602065 0.798447 0.000000 -35.362112 0.000000 0.000000 1.000000 0.000000
0.798530 0.601956 0.000000 73.247814 -0.601956 0.798530 0.000000 -35.362788 0.000000 0.000000 1.000000 0.000000
0.798541 0.601940 0.000000 73.247909 -0.601940 0.798541 0.000000 -35.363134 0.000000 0.000000 1.000000 0.000000
0.798550 0.601929 0.000000 73.247737 -0.601929 0.798550 0.000000 -35.364167 0.000000 0.000000 1.000000 0.000000
0.798552 0.601926 0.000000 73.247356 -0.601926 0.798552 0.000000 -35.364842 0.000000 0.000000 1.000000 0.000000
0.798589 0.601877 0.000000 73.246019 -0.601877 0.798589 0.000000 -35.365969 0.000000 0.000000 1.000000 0.000000
0.798579 0.601890 0.000000 73.245972 -0.601890 0.798579 0.000000 -35.365635 0.000000 0.000000 1.000000 0.000000
0.798638 0.601812 0.000000 73.246199 -0.601812 0.798638 0.000000 -35.365148 0.000000 0.000000 1.000000 0.000000
0.798644 0.601804 0.000000 73.246108 -0.601804 0.798644 0.000000 -35.364846 0.000000 0.000000 1.000000 0.000000
0.798649 0.601798 0.000000 73.244960 -0.601798 0.798649 0.000000 -35.365272 0.000000 0.000000 1.000000 0.000000
0.798659 0.601783 0.000000 73.243648 -0.601783 0.798659 0.000000 -35.364455 0.000000 0.000000 1.000000 0.000000
0.798770 0.601636 0.000000 73.241529 -0.601636 0.798770 0.000000 -35.363963 0.000000 0.000000 1.000000 0.000000
0.799188 0.601081 0.000000 73.239344 -0.601081 0.799188 0.000000 -35.363505 0.000000 0.000000 1.000000 0.000000
0.799116 0.601176 0.000000 73.238143 -0.601176 0.799116 0.000000 -35.362395 0.000000 0.000000 1.000000 0.000000
0.799077 0.601229 0.000000 73.237603 -0.601229 0.799077 0.000000 -35.359627 0.000000 0.000000 1.000000 0.000000
0.799055 0.601258 0.000000 73.236204 -0.601258 0.799055 0.000000 -35.357628 0.000000 0.000000 1.000000 0.000000
0.799111 0.601184 0.000000 73.234962 -0.601184 0.799111 0.000000 -35.356633 0.000000 0.000000 1.000000 0.000000
0.799305 0.600926 0.000000 73.232761 -0.600926 0.799305 0.000000 -35.356260 0.000000 0.000000 1.000000 0.000000
0.799300 0.600932 0.000000 73.231408 -0.600932 0.799300 0.000000 -35.355628 0.000000 0.000000 1.000000 0.000000
0.799154 0.601126 0.000000 73.229501 -0.601126 0.799154 0.000000 -35.354878 0.000000 0.000000 1.000000 0.000000
0.798623 0.601831 0.000000 73.229271 -0.601831 0.798623 0.000000 -35.353764 0.000000 0.000000 1.000000 0.000000
0.798277 0.602290 0.000000 73.227559 -0.602290 0.798277 0.000000 -35.353270 0.000000 0.000000 1.000000 0.000000
0.797020 0.603953 0.000000 73.229839 -0.603953 0.797020 0.000000 -35.354118 0.000000 0.000000 1.000000 0.000000
0.797163 0.603764 0.000000 73.226205 -0.603764 0.797163 0.000000 -35.355828 0.000000 0.000000 1.000000 0.000000
0.797349 0.603518 0.000000 73.224038 -0.603518 0.797349 0.000000 -35.358993 0.000000 0.000000 1.000000 0.000000
0.797689 0.603069 0.000000 73.219143 -0.603069 0.797689 0.000000 -35.363277 0.000000 0.000000 1.000000 0.000000
0.798599 0.601864 0.000000 73.209739 -0.601864 0.798599 0.000000 -35.366763 0.000000 0.000000 1.000000 0.000000
0.799343 0.600875 0.000000 73.201799 -0.600875 0.799343 0.000000 -35.372388 0.000000 0.000000 1.000000 0.000000
0.799927 0.600097 0.000000 73.197431 -0.600097 0.799927 0.000000 -35.378169 0.000000 0.000000 1.000000 0.000000
0.800245 0.599673 0.000000 73.191340 -0.599673 0.800245 0.000000 -35.381983 0.000000 0.000000 1.000000 0.000000
0.800380 0.599493 0.000000 73.189134 -0.599493 0.800380 0.000000 -35.383093 0.000000 0.000000 1.000000 0.000000
0.800590 0.599212 0.000000 73.185966 -0.599212 0.800590 0.000000 -35.383852 0.000000 0.000000 1.000000 0.000000
0.800602 0.599196 0.000000 73.185478 -0.599196 0.800602 0.000000 -35.383214 0.000000 0.000000 1.000000 0.000000
0.800597 0.599203 0.000000 73.186214 -0.599203 0.800597 0.000000 -35.381757 0.000000 0.000000 1.000000 0.000000
0.800617 0.599177 0.000000 73.184867 -0.599177 0.800617 0.000000 -35.380786 0.000000 0.000000 1.000000 0.000000
0.800481 0.599359 0.000000 73.183629 -0.599359 0.800481 0.000000 -35.379073 0.000000 0.000000 1.000000 0.000000
0.800608 0.599189 0.000000 73.183159 -0.599189 0.800608 0.000000 -35.377431 0.000000 0.000000 1.000000 0.000000
0.800656 0.599125 0.000000 73.183298 -0.599125 0.800656 0.000000 -35.376030 0.000000 0.000000 1.000000 0.000000
0.800664 0.599113 0.000000 73.181885 -0.599113 0.800664 0.000000 -35.374389 0.000000 0.000000 1.000000 0.000000
0.800899 0.598799 0.000000 73.180609 -0.598799 0.800899 0.000000 -35.373910 0.000000 0.000000 1.000000 0.000000
0.801275 0.598297 0.000000 73.180493 -0.598297 0.801275 0.000000 -35.373558 0.000000 0.000000 1.000000 0.000000
0.801930 0.597418 0.000000 73.179891 -0.597418 0.801930 0.000000 -35.374044 0.000000 0.000000 1.000000 0.000000
0.802444 0.596728 0.000000 73.179611 -0.596728 0.802444 0.000000 -35.375343 0.000000 0.000000 1.000000 0.000000
0.802114 0.597170 0.000000 73.179373 -0.597170 0.802114 0.000000 -35.373214 0.000000 0.000000 1.000000 0.000000
0.800922 0.598769 0.000000 73.182659 -0.598769 0.800922 0.000000 -35.369411 0.000000 0.000000 1.000000 0.000000
0.798621 0.601835 0.000000 73.196934 -0.601835 0.798621 0.000000 -35.366541 0.000000 0.000000 1.000000 0.000000
0.797089 0.603862 0.000000 73.207782 -0.603862 0.797089 0.000000 -35.369884 0.000000 0.000000 1.000000 0.000000
0.795963 0.605345 0.000000 73.217324 -0.605345 0.795963 0.000000 -35.373864 0.000000 0.000000 1.000000 0.000000
0.794590 0.607147 0.000000 73.225279 -0.607147 0.794590 0.000000 -35.373561 0.000000 0.000000 1.000000 0.000000
0.793575 0.608473 0.000000 73.228329 -0.608473 0.793575 0.000000 -35.373755 0.000000 0.000000 1.000000 0.000000
0.792574 0.609776 0.000000 73.236122 -0.609776 0.792574 0.000000 -35.376420 0.000000 0.000000 1.000000 0.000000
0.791761 0.610831 0.000000 73.239925 -0.610831 0.791761 0.000000 -35.382341 0.000000 0.000000 1.000000 0.000000
0.791695 0.610917 0.000000 73.246771 -0.610917 0.791695 0.000000 -35.393031 0.000000 0.000000 1.000000 0.000000
0.791999 0.610522 0.000000 73.247632 -0.610522 0.791999 0.000000 -35.402369 0.000000 0.000000 1.000000 0.000000
0.792701 0.609610 0.000000 73.253166 -0.609610 0.792701 0.000000 -35.411563 0.000000 0.000000 1.000000 0.000000
0.793607 0.608431 0.000000 73.253058 -0.608431 0.793607 0.000000 -35.421038 0.000000 0.000000 1.000000 0.000000
0.795056 0.606536 0.000000 73.258516 -0.606536 0.795056 0.000000 -35.428405 0.000000 0.000000 1.000000 0.000000
0.795875 0.605461 0.000000 73.267274 -0.605461 0.795875 0.000000 -35.436504 0.000000 0.000000 1.000000 0.000000
0.796151 0.605098 0.000000 73.278282 -0.605098 0.796151 0.000000 -35.445710 0.000000 0.000000 1.000000 0.000000
0.796409 0.604758 0.000000 73.293103 -0.604758 0.796409 0.000000 -35.452284 0.000000 0.000000 1.000000 0.000000
0.796190 0.605046 0.000000 73.305718 -0.605046 0.796190 0.000000 -35.455781 0.000000 0.000000 1.000000 0.000000
0.795863 0.605477 0.000000 73.319480 -0.605477 0.795863 0.000000 -35.459935 0.000000 0.000000 1.000000 0.000000
0.795711 0.605677 0.000000 73.342742 -0.605677 0.795711 0.000000 -35.470908 0.000000 0.000000 1.000000 0.000000
0.797078 0.603876 0.000000 73.344876 -0.603876 0.797078 0.000000 -35.478614 0.000000 0.000000 1.000000 0.000000
0.797474 0.603353 0.000000 73.352998 -0.603353 0.797474 0.000000 -35.482503 0.000000 0.000000 1.000000 0.000000
0.798471 0.602033 0.000000 73.358118 -0.602033 0.798471 0.000000 -35.491199 0.000000 0.000000 1.000000 0.000000
0.799290 0.600946 0.000000 73.362205 -0.600946 0.799290 0.000000 -35.501584 0.000000 0.000000 1.000000 0.000000
0.801245 0.598336 0.000000 73.364916 -0.598336 0.801245 0.000000 -35.516961 0.000000 0.000000 1.000000 0.000000
0.802248 0.596991 0.000000 73.366405 -0.596991 0.802248 0.000000 -35.532378 0.000000 0.000000 1.000000 0.000000
0.802735 0.596336 0.000000 73.365924 -0.596336 0.802735 0.000000 -35.539853 0.000000 0.000000 1.000000 0.000000
0.802974 0.596014 0.000000 73.368692 -0.596014 0.802974 0.000000 -35.541422 0.000000 0.000000 1.000000 0.000000
0.802446 0.596725 0.000000 73.371391 -0.596725 0.802446 0.000000 -35.542273 0.000000 0.000000 1.000000 0.000000
0.802136 0.597141 0.000000 73.377446 -0.597141 0.802136 0.000000 -35.539762 0.000000 0.000000 1.000000 0.000000
0.801419 0.598104 0.000000 73.382079 -0.598104 0.801419 0.000000 -35.539951 0.000000 0.000000 1.000000 0.000000
0.801359 0.598183 0.000000 73.386062 -0.598183 0.801359 0.000000 -35.543812 0.000000 0.000000 1.000000 0.000000
0.801166 0.598442 0.000000 73.387669 -0.598442 0.801166 0.000000 -35.543990 0.000000 0.000000 1.000000 0.000000
0.801378 0.598158 0.000000 73.387208 -0.598158 0.801378 0.000000 -35.545675 0.000000 0.000000 1.000000 0.000000
0.801955 0.597385 0.000000 73.384722 -0.597385 0.801955 0.000000 -35.546584 0.000000 0.000000 1.000000 0.000000
0.802402 0.596783 0.000000 73.382603 -0.596783 0.802402 0.000000 -35.547540 0.000000 0.000000 1.000000 0.000000
0.802525 0.596618 0.000000 73.379975 -0.596618 0.802525 0.000000 -35.544696 0.000000 0.000000 1.000000 0.000000
0.802557 0.596575 0.000000 73.379839 -0.596575 0.802557 0.000000 -35.541232 0.000000 0.000000 1.000000 0.000000
0.803012 0.595963 0.000000 73.379325 -0.595963 0.803012 0.000000 -35.538223 0.000000 0.000000 1.000000 0.000000
0.803187 0.595727 0.000000 73.377564 -0.595727 0.803187 0.000000 -35.536214 0.000000 0.000000 1.000000 0.000000
0.804203 0.594355 0.000000 73.376967 -0.594355 0.804203 0.000000 -35.538270 0.000000 0.000000 1.000000 0.000000
0.804264 0.594272 0.000000 73.378044 -0.594272 0.804264 0.000000 -35.534875 0.000000 0.000000 1.000000 0.000000
0.804534 0.593907 0.000000 73.378351 -0.593907 0.804534 0.000000 -35.531651 0.000000 0.000000 1.000000 0.000000
0.805159 0.593059 0.000000 73.378558 -0.593059 0.805159 0.000000 -35.530280 0.000000 0.000000 1.000000 0.000000
0.805179 0.593032 0.000000 73.381585 -0.593032 0.805179 0.000000 -35.527800 0.000000 0.000000 1.000000 0.000000
0.805411 0.592716 0.000000 73.383960 -0.592716 0.805411 0.000000 -35.526780 0.000000 0.000000 1.000000 0.000000
0.805420 0.592705 0.000000 73.385828 -0.592705 0.805420 0.000000 -35.525042 0.000000 0.000000 1.000000 0.000000
0.805326 0.592832 0.000000 73.387103 -0.592832 0.805326 0.000000 -35.524068 0.000000 0.000000 1.000000 0.000000
0.805478 0.592626 0.000000 73.386971 -0.592626 0.805478 0.000000 -35.522881 0.000000 0.000000 1.000000 0.000000
0.805344 0.592808 0.000000 73.387948 -0.592808 0.805344 0.000000 -35.521831 0.000000 0.000000 1.000000 0.000000
0.806158 0.591700 0.000000 73.387228 -0.591700 0.806158 0.000000 -35.524106 0.000000 0.000000 1.000000 0.000000
0.806330 0.591465 0.000000 73.386226 -0.591465 0.806330 0.000000 -35.523673 0.000000 0.000000 1.000000 0.000000
0.806595 0.591104 0.000000 73.386520 -0.591104 0.806595 0.000000 -35.521150 0.000000 0.000000 1.000000 0.000000
0.806975 0.590586 0.000000 73.385290 -0.590586 0.806975 0.000000 -35.520022 0.000000 0.000000 1.000000 0.000000
0.807017 0.590529 0.000000 73.386069 -0.590529 0.807017 0.000000 -35.517700 0.000000 0.000000 1.000000 0.000000
0.806873 0.590726 0.000000 73.389378 -0.590726 0.806873 0.000000 -35.517612 0.000000 0.000000 1.000000 0.000000
