0.999993 0.003646 0.000000 0.605281 -0.003646 0.999993 0.000000 -0.007486 0.000000 0.000000 1.000000 0.000000
0.999957 0.009113 0.000000 1.415056 -0.009111 0.999958 0.000000 -0.019928 0.000000 0.000000 1.000000 0.000000
0.999900 0.013734 0.000000 2.001748 -0.013733 0.999906 0.000000 -0.031985 0.000000 0.000000 1.000000 0.000000
0.999834 0.017775 0.000000 2.560782 -0.017772 0.999842 0.000000 -0.043785 0.000000 0.000000 1.000000 0.000000
0.999733 0.022739 0.000000 3.153969 -0.022732 0.999740 0.000000 -0.060459 0.000000 0.000000 1.000000 0.000000
0.999609 0.027618 0.000000 3.699123 -0.027611 0.999617 0.000000 -0.078252 0.000000 0.000000 1.000000 0.000000
0.999403 0.034104 0.000000 4.284106 -0.034102 0.999418 0.000000 -0.101367 0.000000 0.000000 1.000000 0.000000
0.999174 0.040107 0.000000 4.823041 -0.040103 0.999195 0.000000 -0.124745 0.000000 0.000000 1.000000 0.000000
0.998813 0.048209 0.000000 5.561812 -0.048206 0.998837 0.000000 -0.162963 0.000000 0.000000 1.000000 0.000000
0.998507 0.054172 0.000000 6.156313 -0.054180 0.998531 0.000000 -0.195911 0.000000 0.000000 1.000000 0.000000
0.998124 0.060750 0.000000 6.742983 -0.060768 0.998149 0.000000 -0.234464 0.000000 0.000000 1.000000 0.000000
0.997667 0.067780 0.000000 7.313147 -0.067795 0.997698 0.000000 -0.275907 0.000000 0.000000 1.000000 0.000000
0.996599 0.081595 0.000000 8.475535 -0.081603 0.996665 0.000000 -0.369250 0.000000 0.000000 1.000000 0.000000
0.995934 0.089334 0.000000 9.018362 -0.089354 0.995999 0.000000 -0.419928 0.000000 0.000000 1.000000 0.000000
0.995187 0.097320 0.000000 9.592592 -0.097328 0.995252 0.000000 -0.478665 0.000000 0.000000 1.000000 0.000000
0.994322 0.105670 0.000000 10.123871 -0.105672 0.994401 0.000000 -0.537304 0.000000 0.000000 1.000000 0.000000
0.993433 0.113580 0.000000 10.683033 -0.113599 0.993526 0.000000 -0.603509 0.000000 0.000000 1.000000 0.000000
0.992600 0.120444 0.000000 11.210174 -0.120497 0.992710 0.000000 -0.669058 0.000000 0.000000 1.000000 0.000000
0.991784 0.126735 0.000000 11.785048 -0.126836 0.991912 0.000000 -0.743171 0.000000 0.000000 1.000000 0.000000
0.990874 0.133670 0.000000 12.316528 -0.133779 0.990997 0.000000 -0.815786 0.000000 0.000000 1.000000 0.000000
0.989690 0.142399 0.000000 13.062664 -0.142486 0.989785 0.000000 -0.920366 0.000000 0.000000 1.000000 0.000000
0.988680 0.149364 0.000000 13.645744 -0.149451 0.988755 0.000000 -1.006667 0.000000 0.000000 1.000000 0.000000
0.987473 0.157126 0.000000 14.200101 -0.157225 0.987545 0.000000 -1.094508 0.000000 0.000000 1.000000 0.000000
0.986326 0.164028 0.000000 14.759314 -0.164144 0.986416 0.000000 -1.188244 0.000000 0.000000 1.000000 0.000000
0.985270 0.170079 0.000000 15.325443 -0.170218 0.985384 0.000000 -1.286251 0.000000 0.000000 1.000000 0.000000
0.984096 0.176620 0.000000 15.852287 -0.176780 0.984225 0.000000 -1.380111 0.000000 0.000000 1.000000 0.000000
0.982742 0.183910 0.000000 16.392096 -0.184089 0.982880 0.000000 -1.480258 0.000000 0.000000 1.000000 0.000000
0.981221 0.191880 0.000000 16.962414 -0.192051 0.981359 0.000000 -1.593477 0.000000 0.000000 1.000000 0.000000
0.979734 0.199327 0.000000 17.501504 -0.199494 0.979875 0.000000 -1.704856 0.000000 0.000000 1.000000 0.000000
0.978148 0.206830 0.000000 18.082903 -0.207027 0.978306 0.000000 -1.829201 0.000000 0.000000 1.000000 0.000000
0.975945 0.216900 0.000000 18.846445 -0.217111 0.976117 0.000000 -2.000394 0.000000 0.000000 1.000000 0.000000
0.974306 0.224007 0.000000 19.412054 -0.224240 0.974503 0.000000 -2.130820 0.000000 0.000000 1.000000 0.000000
0.972365 0.232128 0.000000 20.008919 -0.232395 0.972586 0.000000 -2.274448 0.000000 0.000000 1.000000 0.000000
0.970408 0.240169 0.000000 20.553737 -0.240451 0.970621 0.000000 -2.412605 0.000000 0.000000 1.000000 0.000000
0.968808 0.246481 0.000000 21.091170 -0.246779 0.969029 0.000000 -2.550556 0.000000 0.000000 1.000000 0.000000
0.966966 0.253495 0.000000 21.594598 -0.253821 0.967204 0.000000 -2.680894 0.000000 0.000000 1.000000 0.000000
0.964882 0.261152 0.000000 22.162936 -0.261523 0.965143 0.000000 -2.834630 0.000000 0.000000 1.000000 0.000000
0.962925 0.268207 0.000000 22.668867 -0.268582 0.963206 0.000000 -2.976161 0.000000 0.000000 1.000000 0.000000
0.960953 0.275173 0.000000 23.194627 -0.275546 0.961240 0.000000 -3.127760 0.000000 0.000000 1.000000 0.000000
0.956860 0.289122 0.000000 24.230632 -0.289513 0.957117 0.000000 -3.436424 0.000000 0.000000 1.000000 0.000000
0.955080 0.295070 0.000000 24.714879 -0.295427 0.955314 0.000000 -3.587694 0.000000 0.000000 1.000000 0.000000
0.953032 0.301695 0.000000 25.229238 -0.302012 0.953264 0.000000 -3.752328 0.000000 0.000000 1.000000 0.000000
0.950138 0.310746 0.000000 25.879793 -0.311046 0.950358 0.000000 -3.966853 0.000000 0.000000 1.000000 0.000000
0.948190 0.316573 0.000000 26.354075 -0.316878 0.948433 0.000000 -4.126120 0.000000 0.000000 1.000000 0.000000
0.946237 0.322131 0.000000 26.821643 -0.322462 0.946555 0.000000 -4.286679 0.000000 0.000000 1.000000 0.000000
0.943998 0.328487 0.000000 27.315308 -0.328843 0.944359 0.000000 -4.460624 0.000000 0.000000 1.000000 0.000000
0.942111 0.333880 0.000000 27.776184 -0.334248 0.942455 0.000000 -4.624824 0.000000 0.000000 1.000000 0.000000
0.939602 0.340902 0.000000 28.440147 -0.341265 0.939938 0.000000 -4.864462 0.000000 0.000000 1.000000 0.000000
0.937596 0.346513 0.000000 28.949527 -0.346859 0.937886 0.000000 -5.054126 0.000000 0.000000 1.000000 0.000000
0.935400 0.352453 0.000000 29.474202 -0.352819 0.935649 0.000000 -5.255051 0.000000 0.000000 1.000000 0.000000
0.933337 0.357908 0.000000 29.962541 -0.358274 0.933571 0.000000 -5.445193 0.000000 0.000000 1.000000 0.000000
0.931213 0.363386 0.000000 30.464485 -0.363740 0.931462 0.000000 -5.644377 0.000000 0.000000 1.000000 0.000000
0.928694 0.369696 0.000000 30.963607 -0.370029 0.928996 0.000000 -5.845113 0.000000 0.000000 1.000000 0.000000
0.926025 0.376391 0.000000 31.420370 -0.376643 0.926350 0.000000 -6.032392 0.000000 0.000000 1.000000 0.000000
0.923357 0.382837 0.000000 31.908759 -0.383081 0.923710 0.000000 -6.234440 0.000000 0.000000 1.000000 0.000000
0.920508 0.389514 0.000000 32.367580 -0.389785 0.920900 0.000000 -6.429109 0.000000 0.000000 1.000000 0.000000
0.917569 0.396352 0.000000 32.851534 -0.396608 0.917985 0.000000 -6.639939 0.000000 0.000000 1.000000 0.000000
0.914770 0.402763 0.000000 33.314941 -0.403006 0.915196 0.000000 -6.845923 0.000000 0.000000 1.000000 0.000000
0.911790 0.409491 0.000000 33.813717 -0.409690 0.912225 0.000000 -7.069072 0.000000 0.000000 1.000000 0.000000
0.908820 0.416025 0.000000 34.288624 -0.416240 0.909255 0.000000 -7.285835 0.000000 0.000000 1.000000 0.000000
0.905573 0.422997 0.000000 34.771612 -0.423249 0.906013 0.000000 -7.513863 0.000000 0.000000 1.000000 0.000000
0.903283 0.427806 0.000000 35.218563 -0.428075 0.903742 0.000000 -7.725631 0.000000 0.000000 1.000000 0.000000
0.899540 0.435573 0.000000 35.891333 -0.435898 0.899992 0.000000 -8.051834 0.000000 0.000000 1.000000 0.000000
0.895821 0.443172 0.000000 36.588738 -0.443494 0.896274 0.000000 -8.392308 0.000000 0.000000 1.000000 0.000000
0.893002 0.448886 0.000000 37.068753 -0.449204 0.893425 0.000000 -8.632436 0.000000 0.000000 1.000000 0.000000
0.888133 0.458676 0.000000 37.889419 -0.458966 0.888445 0.000000 -9.056720 0.000000 0.000000 1.000000 0.000000
0.885327 0.464039 0.000000 38.351614 -0.464323 0.885660 0.000000 -9.300892 0.000000 0.000000 1.000000 0.000000
0.882549 0.469251 0.000000 38.804293 -0.469535 0.882910 0.000000 -9.545447 0.000000 0.000000 1.000000 0.000000
0.879619 0.474720 0.000000 39.265671 -0.474993 0.879987 0.000000 -9.795665 0.000000 0.000000 1.000000 0.000000
0.876619 0.480220 0.000000 39.725736 -0.480499 0.876993 0.000000 -10.050642 0.000000 0.000000 1.000000 0.000000
0.873347 0.486117 0.000000 40.207266 -0.486405 0.873731 0.000000 -10.321622 0.000000 0.000000 1.000000 0.000000
0.870702 0.490874 0.000000 40.632285 -0.491153 0.871071 0.000000 -10.564117 0.000000 0.000000 1.000000 0.000000
0.868134 0.495399 0.000000 41.067095 -0.495677 0.868505 0.000000 -10.813428 0.000000 0.000000 1.000000 0.000000
0.865166 0.500512 0.000000 41.507556 -0.500799 0.865562 0.000000 -11.068652 0.000000 0.000000 1.000000 0.000000
0.862444 0.505161 0.000000 41.940333 -0.505447 0.862857 0.000000 -11.324338 0.000000 0.000000 1.000000 0.000000
0.859933 0.509414 0.000000 42.359951 -0.509715 0.860342 0.000000 -11.574185 0.000000 0.000000 1.000000 0.000000
0.857130 0.514076 0.000000 42.784599 -0.514376 0.857564 0.000000 -11.831338 0.000000 0.000000 1.000000 0.000000
0.854643 0.518133 0.000000 43.175911 -0.518461 0.855100 0.000000 -12.070359 0.000000 0.000000 1.000000 0.000000
0.852322 0.521970 0.000000 43.584575 -0.522288 0.852769 0.000000 -12.321420 0.000000 0.000000 1.000000 0.000000
0.849827 0.526085 0.000000 43.959950 -0.526392 0.850241 0.000000 -12.556039 0.000000 0.000000 1.000000 0.000000
0.847131 0.530344 0.000000 44.372653 -0.530684 0.847568 0.000000 -12.816638 0.000000 0.000000 1.000000 0.000000
0.844496 0.534429 0.000000 44.755267 -0.534792 0.844983 0.000000 -13.062615 0.000000 0.000000 1.000000 0.000000
0.841700 0.538754 0.000000 45.133419 -0.539115 0.842232 0.000000 -13.306612 0.000000 0.000000 1.000000 0.000000
0.839154 0.542710 0.000000 45.502327 -0.543062 0.839692 0.000000 -13.547375 0.000000 0.000000 1.000000 0.000000
0.836229 0.547238 0.000000 45.872623 -0.547560 0.836766 0.000000 -13.792225 0.000000 0.000000 1.000000 0.000000
0.833408 0.551561 0.000000 46.238458 -0.551875 0.833927 0.000000 -14.035096 0.000000 0.000000 1.000000 0.000000
0.830517 0.555956 0.000000 46.594825 -0.556270 0.831001 0.000000 -14.273431 0.000000 0.000000 1.000000 0.000000
0.827330 0.560706 0.000000 46.973127 -0.561033 0.827793 0.000000 -14.532117 0.000000 0.000000 1.000000 0.000000
0.822773 0.567381 0.000000 47.496946 -0.567776 0.823178 0.000000 -14.896641 0.000000 0.000000 1.000000 0.000000
0.819311 0.572330 0.000000 47.870540 -0.572751 0.819723 0.000000 -15.161116 0.000000 0.000000 1.000000 0.000000
0.815996 0.576990 0.000000 48.210624 -0.577421 0.816442 0.000000 -15.404845 0.000000 0.000000 1.000000 0.000000
0.813288 0.580707 0.000000 48.550212 -0.581148 0.813796 0.000000 -15.646683 0.000000 0.000000 1.000000 0.000000
0.809939 0.585350 0.000000 48.885117 -0.585787 0.810464 0.000000 -15.891251 0.000000 0.000000 1.000000 0.000000
0.806947 0.589475 0.000000 49.217120 -0.589930 0.807452 0.000000 -16.134531 0.000000 0.000000 1.000000 0.000000
0.804262 0.593097 0.000000 49.556536 -0.593561 0.804788 0.000000 -16.385174 0.000000 0.000000 1.000000 0.000000
0.800940 0.597560 0.000000 49.880659 -0.598034 0.801469 0.000000 -16.628762 0.000000 0.000000 1.000000 0.000000
0.797480 0.602171 0.000000 50.193381 -0.602672 0.797985 0.000000 -16.866757 0.000000 0.000000 1.000000 0.000000
0.794643 0.605943 0.000000 50.502806 -0.606486 0.795082 0.000000 -17.105559 0.000000 0.000000 1.000000 0.000000
0.791802 0.609580 0.000000 50.796617 -0.610166 0.792259 0.000000 -17.335029 0.000000 0.000000 1.000000 0.000000
0.786051 0.616857 0.000000 51.374449 -0.617507 0.786549 0.000000 -17.794964 0.000000 0.000000 1.000000 0.000000
0.783588 0.619931 0.000000 51.647588 -0.620601 0.784111 0.000000 -18.013256 0.000000 0.000000 1.000000 0.000000
0.781318 0.622734 0.000000 51.909872 -0.623405 0.781888 0.000000 -18.224128 0.000000 0.000000 1.000000 0.000000
0.778940 0.625646 0.000000 52.170222 -0.626333 0.779547 0.000000 -18.434541 0.000000 0.000000 1.000000 0.000000
0.776574 0.628546 0.000000 52.442917 -0.629262 0.777183 0.000000 -18.659246 0.000000 0.000000 1.000000 0.000000
0.774581 0.630947 0.000000 52.697640 -0.631707 0.775194 0.000000 -18.868498 0.000000 0.000000 1.000000 0.000000
0.772371 0.633652 0.000000 52.963940 -0.634433 0.772960 0.000000 -19.088964 0.000000 0.000000 1.000000 0.000000
0.769916 0.636602 0.000000 53.209965 -0.637410 0.770505 0.000000 -19.295557 0.000000 0.000000 1.000000 0.000000
0.767313 0.639677 0.000000 53.458122 -0.640514 0.767926 0.000000 -19.505767 0.000000 0.000000 1.000000 0.000000
0.765297 0.642041 0.000000 53.677205 -0.642918 0.765911 0.000000 -19.691258 0.000000 0.000000 1.000000 0.000000
0.762729 0.645065 0.000000 53.905681 -0.645956 0.763351 0.000000 -19.885657 0.000000 0.000000 1.000000 0.000000
0.760235 0.648006 0.000000 54.146972 -0.648908 0.760840 0.000000 -20.092687 0.000000 0.000000 1.000000 0.000000
0.756818 0.651958 0.000000 54.485772 -0.652877 0.757438 0.000000 -20.384384 0.000000 0.000000 1.000000 0.000000
0.754281 0.654846 0.000000 54.725402 -0.655795 0.754912 0.000000 -20.594549 0.000000 0.000000 1.000000 0.000000
0.751902 0.657574 0.000000 54.949170 -0.658512 0.752547 0.000000 -20.791734 0.000000 0.000000 1.000000 0.000000
0.749071 0.660804 0.000000 55.173781 -0.661737 0.749713 0.000000 -20.993030 0.000000 0.000000 1.000000 0.000000
0.746533 0.663686 0.000000 55.393732 -0.664613 0.747166 0.000000 -21.190991 0.000000 0.000000 1.000000 0.000000
0.744244 0.666265 0.000000 55.596804 -0.667175 0.744882 0.000000 -21.375251 0.000000 0.000000 1.000000 0.000000
0.741933 0.668831 0.000000 55.783022 -0.669724 0.742596 0.000000 -21.546957 0.000000 0.000000 1.000000 0.000000
0.739780 0.671196 0.000000 55.971371 -0.672114 0.740430 0.000000 -21.721079 0.000000 0.000000 1.000000 0.000000
0.737781 0.673384 0.000000 56.152657 -0.674305 0.738436 0.000000 -21.888260 0.000000 0.000000 1.000000 0.000000
0.735511 0.675911 0.000000 56.329456 -0.676773 0.736182 0.000000 -22.053516 0.000000 0.000000 1.000000 0.000000
0.731023 0.680787 0.000000 56.687739 -0.681620 0.731699 0.000000 -22.389714 0.000000 0.000000 1.000000 0.000000
0.729044 0.682912 0.000000 56.852318 -0.683742 0.729717 0.000000 -22.545208 0.000000 0.000000 1.000000 0.000000
0.727221 0.684901 0.000000 57.008496 -0.685718 0.727859 0.000000 -22.694369 0.000000 0.000000 1.000000 0.000000
0.725334 0.686880 0.000000 57.165517 -0.687736 0.725948 0.000000 -22.845240 0.000000 0.000000 1.000000 0.000000
0.723750 0.688504 0.000000 57.312126 -0.689383 0.724384 0.000000 -22.986483 0.000000 0.000000 1.000000 0.000000
0.721789 0.690505 0.000000 57.458538 -0.691401 0.722461 0.000000 -23.129375 0.000000 0.000000 1.000000 0.000000
0.719850 0.692507 0.000000 57.610626 -0.693401 0.720544 0.000000 -23.278725 0.000000 0.000000 1.000000 0.000000
0.718029 0.694405 0.000000 57.746926 -0.695286 0.718726 0.000000 -23.413122 0.000000 0.000000 1.000000 0.000000
0.716436 0.696088 0.000000 57.894032 -0.696935 0.717130 0.000000 -23.556856 0.000000 0.000000 1.000000 0.000000
0.712896 0.699947 0.000000 58.149553 -0.700621 0.713533 0.000000 -23.811196 0.000000 0.000000 1.000000 0.000000
0.711038 0.701919 0.000000 58.278540 -0.702539 0.711646 0.000000 -23.941614 0.000000 0.000000 1.000000 0.000000
0.709518 0.703508 0.000000 58.409164 -0.704092 0.710109 0.000000 -24.072558 0.000000 0.000000 1.000000 0.000000
0.706251 0.706733 0.000000 58.616452 -0.707325 0.706888 0.000000 -24.283994 0.000000 0.000000 1.000000 0.000000
0.703989 0.708918 0.000000 58.752429 -0.709524 0.704679 0.000000 -24.422722 0.000000 0.000000 1.000000 0.000000
0.701925 0.710891 0.000000 58.885655 -0.711536 0.702649 0.000000 -24.558026 0.000000 0.000000 1.000000 0.000000
0.699235 0.713477 0.000000 59.025598 -0.714187 0.699955 0.000000 -24.702253 0.000000 0.000000 1.000000 0.000000
0.696895 0.715792 0.000000 59.161725 -0.716492 0.697595 0.000000 -24.844252 0.000000 0.000000 1.000000 0.000000
0.694342 0.718321 0.000000 59.296166 -0.718965 0.695045 0.000000 -24.985236 0.000000 0.000000 1.000000 0.000000
0.691671 0.720874 0.000000 59.436183 -0.721507 0.692404 0.000000 -25.132902 0.000000 0.000000 1.000000 0.000000
0.684941 0.727403 0.000000 59.737809 -0.727868 0.685695 0.000000 -25.457176 0.000000 0.000000 1.000000 0.000000
0.681712 0.730435 0.000000 59.882636 -0.730843 0.682507 0.000000 -25.614453 0.000000 0.000000 1.000000 0.000000
0.678473 0.733398 0.000000 60.020251 -0.733769 0.679339 0.000000 -25.766928 0.000000 0.000000 1.000000 0.000000
0.675203 0.736408 0.000000 60.159080 -0.736744 0.676096 0.000000 -25.922077 0.000000 0.000000 1.000000 0.000000
0.671789 0.739566 0.000000 60.298999 -0.739900 0.672646 0.000000 -26.078979 0.000000 0.000000 1.000000 0.000000
0.668725 0.742367 0.000000 60.438200 -0.742725 0.669539 0.000000 -26.235696 0.000000 0.000000 1.000000 0.000000
0.665376 0.745336 0.000000 60.574154 -0.745743 0.666186 0.000000 -26.390705 0.000000 0.000000 1.000000 0.000000
0.661702 0.748566 0.000000 60.718511 -0.749008 0.662519 0.000000 -26.556854 0.000000 0.000000 1.000000 0.000000
0.658314 0.751535 0.000000 60.859199 -0.751979 0.659142 0.000000 -26.718637 0.000000 0.000000 1.000000 0.000000
0.654385 0.754983 0.000000 61.005266 -0.755396 0.655214 0.000000 -26.889952 0.000000 0.000000 1.000000 0.000000
0.650653 0.758162 0.000000 61.157704 -0.758667 0.651447 0.000000 -27.069769 0.000000 0.000000 1.000000 0.000000
0.647541 0.760828 0.000000 61.290907 -0.761391 0.648277 0.000000 -27.228565 0.000000 0.000000 1.000000 0.000000
0.643829 0.764066 0.000000 61.445105 -0.764581 0.644511 0.000000 -27.413436 0.000000 0.000000 1.000000 0.000000
0.640147 0.767111 0.000000 61.592214 -0.767717 0.640784 0.000000 -27.592023 0.000000 0.000000 1.000000 0.000000
0.636094 0.770440 0.000000 61.750576 -0.771097 0.636716 0.000000 -27.787355 0.000000 0.000000 1.000000 0.000000
0.632598 0.773315 0.000000 61.905543 -0.773896 0.633300 0.000000 -27.978910 0.000000 0.000000 1.000000 0.000000
0.627285 0.777514 0.000000 62.140644 -0.778020 0.628182 0.000000 -28.273195 0.000000 0.000000 1.000000 0.000000
0.623687 0.780417 0.000000 62.301709 -0.780811 0.624660 0.000000 -28.477471 0.000000 0.000000 1.000000 0.000000
0.620077 0.783256 0.000000 62.474300 -0.783641 0.621091 0.000000 -28.697278 0.000000 0.000000 1.000000 0.000000
0.617134 0.785587 0.000000 62.635984 -0.786000 0.618118 0.000000 -28.903766 0.000000 0.000000 1.000000 0.000000
0.610818 0.790237 0.000000 62.976827 -0.790942 0.611843 0.000000 -29.344125 0.000000 0.000000 1.000000 0.000000
0.607753 0.792459 0.000000 63.141684 -0.793256 0.608843 0.000000 -29.558497 0.000000 0.000000 1.000000 0.000000
0.604850 0.794574 0.000000 63.303444 -0.795465 0.605965 0.000000 -29.770827 0.000000 0.000000 1.000000 0.000000
0.601272 0.797340 0.000000 63.475588 -0.798238 0.602316 0.000000 -30.001853 0.000000 0.000000 1.000000 0.000000
0.597195 0.800590 0.000000 63.700406 -0.801407 0.598100 0.000000 -30.303057 0.000000 0.000000 1.000000 0.000000
0.594594 0.802676 0.000000 63.859166 -0.803382 0.595438 0.000000 -30.517929 0.000000 0.000000 1.000000 0.000000
0.591199 0.805186 0.000000 64.014977 -0.805885 0.592044 0.000000 -30.731023 0.000000 0.000000 1.000000 0.000000
0.588432 0.807181 0.000000 64.168904 -0.807896 0.589295 0.000000 -30.942347 0.000000 0.000000 1.000000 0.000000
0.585134 0.809539 0.000000 64.309248 -0.810286 0.586008 0.000000 -31.139765 0.000000 0.000000 1.000000 0.000000
0.582314 0.811508 0.000000 64.458541 -0.812314 0.583198 0.000000 -31.349500 0.000000 0.000000 1.000000 0.000000
0.579497 0.813473 0.000000 64.618938 -0.814325 0.580390 0.000000 -31.577516 0.000000 0.000000 1.000000 0.000000
0.577652 0.814783 0.000000 64.765827 -0.815620 0.578565 0.000000 -31.786652 0.000000 0.000000 1.000000 0.000000
0.575635 0.816231 0.000000 64.906741 -0.817028 0.576565 0.000000 -31.988195 0.000000 0.000000 1.000000 0.000000
0.573631 0.817669 0.000000 65.058512 -0.818447 0.574548 0.000000 -32.204972 0.000000 0.000000 1.000000 0.000000
0.571325 0.819329 0.000000 65.199254 -0.820086 0.572208 0.000000 -32.409310 0.000000 0.000000 1.000000 0.000000
0.568741 0.821119 0.000000 65.392272 -0.821881 0.569626 0.000000 -32.691328 0.000000 0.000000 1.000000 0.000000
0.567257 0.822102 0.000000 65.548679 -0.822883 0.568174 0.000000 -32.921713 0.000000 0.000000 1.000000 0.000000
0.566096 0.822860 0.000000 65.695542 -0.823632 0.567075 0.000000 -33.138114 0.000000 0.000000 1.000000 0.000000
0.565002 0.823578 0.000000 65.838441 -0.824328 0.566046 0.000000 -33.349018 0.000000 0.000000 1.000000 0.000000
0.564352 0.824002 0.000000 65.979629 -0.824728 0.565445 0.000000 -33.557760 0.000000 0.000000 1.000000 0.000000
0.564444 0.823950 0.000000 66.121585 -0.824651 0.565549 0.000000 -33.765974 0.000000 0.000000 1.000000 0.000000
0.564577 0.823894 0.000000 66.265970 -0.824588 0.565647 0.000000 -33.977137 0.000000 0.000000 1.000000 0.000000
0.564632 0.823906 0.000000 66.401308 -0.824594 0.565650 0.000000 -34.176205 0.000000 0.000000 1.000000 0.000000
0.564507 0.824021 0.000000 66.535804 -0.824719 0.565479 0.000000 -34.377171 0.000000 0.000000 1.000000 0.000000
0.564841 0.823832 0.000000 66.657137 -0.824521 0.565775 0.000000 -34.557271 0.000000 0.000000 1.000000 0.000000
0.565371 0.823555 0.000000 66.904241 -0.824180 0.566266 0.000000 -34.926721 0.000000 0.000000 1.000000 0.000000
0.565413 0.823548 0.000000 67.036852 -0.824149 0.566307 0.000000 -35.123511 0.000000 0.000000 1.000000 0.000000
0.566167 0.823033 0.000000 67.165101 -0.823623 0.567067 0.000000 -35.313291 0.000000 0.000000 1.000000 0.000000
0.566209 0.823002 0.000000 67.281527 -0.823600 0.567104 0.000000 -35.485807 0.000000 0.000000 1.000000 0.000000
0.566337 0.822890 0.000000 67.406925 -0.823511 0.567237 0.000000 -35.671184 0.000000 0.000000 1.000000 0.000000
0.566716 0.822564 0.000000 67.526300 -0.823228 0.567650 0.000000 -35.847278 0.000000 0.000000 1.000000 0.000000
0.567339 0.822046 0.000000 67.655714 -0.822765 0.568322 0.000000 -36.038042 0.000000 0.000000 1.000000 0.000000
0.568979 0.820906 0.000000 67.861572 -0.821584 0.570009 0.000000 -36.341650 0.000000 0.000000 1.000000 0.000000
0.570118 0.820116 0.000000 67.980699 -0.820751 0.571188 0.000000 -36.515897 0.000000 0.000000 1.000000 0.000000
0.571311 0.819304 0.000000 68.097422 -0.819882 0.572411 0.000000 -36.687143 0.000000 0.000000 1.000000 0.000000
0.573147 0.818112 0.000000 68.211988 -0.818614 0.574210 0.000000 -36.853625 0.000000 0.000000 1.000000 0.000000
0.575299 0.816680 0.000000 68.324695 -0.817161 0.576290 0.000000 -37.016477 0.000000 0.000000 1.000000 0.000000
0.577124 0.815388 0.000000 68.439806 -0.815914 0.578079 0.000000 -37.182334 0.000000 0.000000 1.000000 0.000000
0.582470 0.811522 0.000000 68.680489 -0.812111 0.583428 0.000000 -37.527768 0.000000 0.000000 1.000000 0.000000
0.585017 0.809669 0.000000 68.782835 -0.810301 0.585955 0.000000 -37.673070 0.000000 0.000000 1.000000 0.000000
0.587965 0.807608 0.000000 68.887263 -0.808220 0.588833 0.000000 -37.819697 0.000000 0.000000 1.000000 0.000000
0.593864 0.803368 0.000000 69.072421 -0.803956 0.594653 0.000000 -38.074926 0.000000 0.000000 1.000000 0.000000
0.602704 0.796874 0.000000 69.313797 -0.797346 0.603471 0.000000 -38.401372 0.000000 0.000000 1.000000 0.000000
0.608616 0.792385 0.000000 69.460386 -0.792863 0.609357 0.000000 -38.594952 0.000000 0.000000 1.000000 0.000000
0.612853 0.789119 0.000000 69.555816 -0.789604 0.613580 0.000000 -38.720960 0.000000 0.000000 1.000000 0.000000
0.621382 0.782434 0.000000 69.738098 -0.782872 0.622135 0.000000 -38.955617 0.000000 0.000000 1.000000 0.000000
0.625622 0.779055 0.000000 69.825298 -0.779455 0.626398 0.000000 -39.064687 0.000000 0.000000 1.000000 0.000000
0.629890 0.775635 0.000000 69.910143 -0.775995 0.630669 0.000000 -39.170642 0.000000 0.000000 1.000000 0.000000
0.634239 0.772126 0.000000 69.998359 -0.772449 0.635002 0.000000 -39.280429 0.000000 0.000000 1.000000 0.000000
0.639616 0.767731 0.000000 70.124746 -0.768030 0.640343 0.000000 -39.436534 0.000000 0.000000 1.000000 0.000000
0.645991 0.762422 0.000000 70.270021 -0.762714 0.646675 0.000000 -39.613239 0.000000 0.000000 1.000000 0.000000
0.649778 0.759227 0.000000 70.345942 -0.759496 0.650448 0.000000 -39.703817 0.000000 0.000000 1.000000 0.000000
0.653368 0.756171 0.000000 70.423004 -0.756418 0.654024 0.000000 -39.794834 0.000000 0.000000 1.000000 0.000000
0.656754 0.753260 0.000000 70.499916 -0.753488 0.657395 0.000000 -39.885584 0.000000 0.000000 1.000000 0.000000
0.660491 0.750026 0.000000 70.580150 -0.750235 0.661106 0.000000 -39.979678 0.000000 0.000000 1.000000 0.000000
0.664043 0.746929 0.000000 70.653122 -0.747123 0.664625 0.000000 -40.064273 0.000000 0.000000 1.000000 0.000000
0.669789 0.741844 0.000000 70.791357 -0.742025 0.670320 0.000000 -40.223165 0.000000 0.000000 1.000000 0.000000
0.671842 0.740010 0.000000 70.850001 -0.740179 0.672357 0.000000 -40.290118 0.000000 0.000000 1.000000 0.000000
0.674197 0.737882 0.000000 70.903367 -0.738055 0.674694 0.000000 -40.350923 0.000000 0.000000 1.000000 0.000000
0.676551 0.735745 0.000000 70.950833 -0.735925 0.677024 0.000000 -40.404570 0.000000 0.000000 1.000000 0.000000
0.678730 0.733754 0.000000 70.997630 -0.733937 0.679184 0.000000 -40.457318 0.000000 0.000000 1.000000 0.000000
0.680245 0.732350 0.000000 71.038775 -0.732545 0.680689 0.000000 -40.504154 0.000000 0.000000 1.000000 0.000000
0.681383 0.731276 0.000000 71.075682 -0.731495 0.681824 0.000000 -40.545504 0.000000 0.000000 1.000000 0.000000
0.683660 0.729125 0.000000 71.131873 -0.729377 0.684096 0.000000 -40.607763 0.000000 0.000000 1.000000 0.000000
0.685143 0.727716 0.000000 71.162361 -0.727978 0.685586 0.000000 -40.641923 0.000000 0.000000 1.000000 0.000000
0.686490 0.726446 0.000000 71.192972 -0.726703 0.686936 0.000000 -40.675805 0.000000 0.000000 1.000000 0.000000
0.687558 0.725448 0.000000 71.219345 -0.725696 0.687999 0.000000 -40.704801 0.000000 0.000000 1.000000 0.000000
0.688664 0.724402 0.000000 71.245346 -0.724645 0.689105 0.000000 -40.733432 0.000000 0.000000 1.000000 0.000000
0.689646 0.723459 0.000000 71.264357 -0.723702 0.690095 0.000000 -40.754354 0.000000 0.000000 1.000000 0.000000
0.690677 0.722469 0.000000 71.282079 -0.722713 0.691130 0.000000 -40.773970 0.000000 0.000000 1.000000 0.000000
0.691455 0.721725 0.000000 71.298364 -0.721970 0.691907 0.000000 -40.792013 0.000000 0.000000 1.000000 0.000000
0.691887 0.721308 0.000000 71.315789 -0.721552 0.692342 0.000000 -40.811697 0.000000 0.000000 1.000000 0.000000
0.692130 0.721076 0.000000 71.322977 -0.721317 0.692586 0.000000 -40.820162 0.000000 0.000000 1.000000 0.000000
0.692708 0.720520 0.000000 71.337427 -0.720756 0.693169 0.000000 -40.836923 0.000000 0.000000 1.000000 0.000000
0.692732 0.720492 0.000000 71.343005 -0.720723 0.693200 0.000000 -40.843605 0.000000 0.000000 1.000000 0.000000
0.692507 0.720695 0.000000 71.345087 -0.720925 0.692988 0.000000 -40.846732 0.000000 0.000000 1.000000 0.000000
0.692401 0.720768 0.000000 71.344467 -0.720998 0.692908 0.000000 -40.846924 0.000000 0.000000 1.000000 0.000000
0.692547 0.720593 0.000000 71.342980 -0.720813 0.693092 0.000000 -40.846064 0.000000 0.000000 1.000000 0.000000
0.692786 0.720345 0.000000 71.340724 -0.720545 0.693361 0.000000 -40.844529 0.000000 0.000000 1.000000 0.000000
0.692844 0.720287 0.000000 71.338469 -0.720476 0.693427 0.000000 -40.842994 0.000000 0.000000 1.000000 0.000000
0.692788 0.720349 0.000000 71.336585 -0.720540 0.693363 0.000000 -40.841824 0.000000 0.000000 1.000000 0.000000
0.692860 0.720287 0.000000 71.334900 -0.720483 0.693426 0.000000 -40.840809 0.000000 0.000000 1.000000 0.000000
0.693066 0.720082 0.000000 71.333586 -0.720288 0.693631 0.000000 -40.840160 0.000000 0.000000 1.000000 0.000000
0.693159 0.719978 0.000000 71.332471 -0.720203 0.693724 0.000000 -40.839665 0.000000 0.000000 1.000000 0.000000
0.693231 0.719902 0.000000 71.331529 -0.720136 0.693796 0.000000 -40.839380 0.000000 0.000000 1.000000 0.000000
0.693332 0.719798 0.000000 71.330785 -0.720036 0.693901 0.000000 -40.839250 0.000000 0.000000 1.000000 0.000000
0.693416 0.719707 0.000000 71.329720 -0.719944 0.693994 0.000000 -40.839245 0.000000 0.000000 1.000000 0.000000
0.693483 0.719665 0.000000 71.329150 -0.719880 0.694056 0.000000 -40.839326 0.000000 0.000000 1.000000 0.000000
0.693555 0.719608 0.000000 71.328803 -0.719810 0.694125 0.000000 -40.839506 0.000000 0.000000 1.000000 0.000000
0.693569 0.719598 0.000000 71.328233 -0.719794 0.694140 0.000000 -40.839586 0.000000 0.000000 1.000000 0.000000
0.693607 0.719557 0.000000 71.327861 -0.719756 0.694180 0.000000 -40.839822 0.000000 0.000000 1.000000 0.000000
0.693670 0.719486 0.000000 71.327514 -0.719695 0.694245 0.000000 -40.840002 0.000000 0.000000 1.000000 0.000000
0.693721 0.719432 0.000000 71.327167 -0.719647 0.694297 0.000000 -40.840182 0.000000 0.000000 1.000000 0.000000
0.693763 0.719393 0.000000 71.327018 -0.719605 0.694339 0.000000 -40.840516 0.000000 0.000000 1.000000 0.000000
0.693793 0.719370 0.000000 71.326671 -0.719576 0.694368 0.000000 -40.840696 0.000000 0.000000 1.000000 0.000000
0.693848 0.719324 0.000000 71.326027 -0.719522 0.694422 0.000000 -40.840944 0.000000 0.000000 1.000000 0.000000
0.693855 0.719314 0.000000 71.325928 -0.719513 0.694431 0.000000 -40.841168 0.000000 0.000000 1.000000 0.000000
0.693865 0.719299 0.000000 71.325581 -0.719504 0.694442 0.000000 -40.841347 0.000000 0.000000 1.000000 0.000000
0.693924 0.719237 0.000000 71.325234 -0.719447 0.694503 0.000000 -40.841527 0.000000 0.000000 1.000000 0.000000
0.693967 0.719200 0.000000 71.325135 -0.719407 0.694543 0.000000 -40.841750 0.000000 0.000000 1.000000 0.000000
0.693939 0.719229 0.000000 71.324813 -0.719433 0.694516 0.000000 -40.841874 0.000000 0.000000 1.000000 0.000000
0.693927 0.719246 0.000000 71.324689 -0.719445 0.694502 0.000000 -40.842153 0.000000 0.000000 1.000000 0.000000
0.693968 0.719208 0.000000 71.324367 -0.719404 0.694543 0.000000 -40.842277 0.000000 0.000000 1.000000 0.000000
0.693984 0.719192 0.000000 71.324044 -0.719391 0.694558 0.000000 -40.842401 0.000000 0.000000 1.000000 0.000000
0.693994 0.719183 0.000000 71.323970 -0.719384 0.694567 0.000000 -40.842569 0.000000 0.000000 1.000000 0.000000
0.694002 0.719172 0.000000 71.323648 -0.719376 0.694575 0.000000 -40.842693 0.000000 0.000000 1.000000 0.000000
0.694009 0.719164 0.000000 71.323549 -0.719368 0.694583 0.000000 -40.842916 0.000000 0.000000 1.000000 0.000000
0.694018 0.719158 0.000000 71.323450 -0.719357 0.694593 0.000000 -40.843139 0.000000 0.000000 1.000000 0.000000
0.694024 0.719155 0.000000 71.323152 -0.719352 0.694598 0.000000 -40.843207 0.000000 0.000000 1.000000 0.000000
0.694029 0.719153 0.000000 71.323078 -0.719348 0.694601 0.000000 -40.843375 0.000000 0.000000 1.000000 0.000000
0.694007 0.719169 0.000000 71.322731 -0.719365 0.694583 0.000000 -40.843555 0.000000 0.000000 1.000000 0.000000
0.693992 0.719176 0.000000 71.322657 -0.719374 0.694574 0.000000 -40.843722 0.000000 0.000000 1.000000 0.000000
0.694009 0.719157 0.000000 71.322557 -0.719356 0.694593 0.000000 -40.843945 0.000000 0.000000 1.000000 0.000000
0.694022 0.719145 0.000000 71.322260 -0.719340 0.694608 0.000000 -40.844013 0.000000 0.000000 1.000000 0.000000
0.694102 0.719071 0.000000 71.322186 -0.719262 0.694688 0.000000 -40.844181 0.000000 0.000000 1.000000 0.000000
0.694145 0.719033 0.000000 71.321913 -0.719222 0.694728 0.000000 -40.844193 0.000000 0.000000 1.000000 0.000000
0.694225 0.718955 0.000000 71.321839 -0.719143 0.694810 0.000000 -40.844360 0.000000 0.000000 1.000000 0.000000
0.694329 0.718854 0.000000 71.321566 -0.719041 0.694915 0.000000 -40.844373 0.000000 0.000000 1.000000 0.000000
0.694530 0.718659 0.000000 71.321269 -0.718844 0.695118 0.000000 -40.844441 0.000000 0.000000 1.000000 0.000000
0.694696 0.718503 0.000000 71.320996 -0.718686 0.695281 0.000000 -40.844454 0.000000 0.000000 1.000000 0.000000
0.694776 0.718444 0.000000 71.320476 -0.718628 0.695344 0.000000 -40.844423 0.000000 0.000000 1.000000 0.000000
0.694816 0.718408 0.000000 71.320228 -0.718595 0.695381 0.000000 -40.844380 0.000000 0.000000 1.000000 0.000000
0.694890 0.718338 0.000000 71.320178 -0.718527 0.695452 0.000000 -40.844491 0.000000 0.000000 1.000000 0.000000
0.694924 0.718307 0.000000 71.319906 -0.718497 0.695483 0.000000 -40.844504 0.000000 0.000000 1.000000 0.000000
0.694782 0.718444 0.000000 71.319583 -0.718635 0.695341 0.000000 -40.844628 0.000000 0.000000 1.000000 0.000000
0.694730 0.718489 0.000000 71.319509 -0.718678 0.695294 0.000000 -40.844795 0.000000 0.000000 1.000000 0.000000
0.694712 0.718503 0.000000 71.319459 -0.718692 0.695280 0.000000 -40.844907 0.000000 0.000000 1.000000 0.000000
0.694642 0.718569 0.000000 71.319360 -0.718760 0.695210 0.000000 -40.845130 0.000000 0.000000 1.000000 0.000000
0.694528 0.718678 0.000000 71.319286 -0.718869 0.695097 0.000000 -40.845297 0.000000 0.000000 1.000000 0.000000
0.694459 0.718742 0.000000 71.319236 -0.718934 0.695030 0.000000 -40.845409 0.000000 0.000000 1.000000 0.000000
0.694453 0.718750 0.000000 71.319385 -0.718940 0.695023 0.000000 -40.845675 0.000000 0.000000 1.000000 0.000000
0.694408 0.718794 0.000000 71.319336 -0.718983 0.694979 0.000000 -40.845787 0.000000 0.000000 1.000000 0.000000
0.694318 0.718881 0.000000 71.319261 -0.719068 0.694890 0.000000 -40.845954 0.000000 0.000000 1.000000 0.000000
0.694268 0.718927 0.000000 71.319212 -0.719114 0.694841 0.000000 -40.846066 0.000000 0.000000 1.000000 0.000000
0.694246 0.718947 0.000000 71.319137 -0.719134 0.694821 0.000000 -40.846233 0.000000 0.000000 1.000000 0.000000
0.694241 0.718951 0.000000 71.319088 -0.719140 0.694815 0.000000 -40.846344 0.000000 0.000000 1.000000 0.000000
0.694241 0.718945 0.000000 71.319038 -0.719134 0.694820 0.000000 -40.846456 0.000000 0.000000 1.000000 0.000000
0.694283 0.718895 0.000000 71.318989 -0.719086 0.694869 0.000000 -40.846567 0.000000 0.000000 1.000000 0.000000
0.694306 0.718870 0.000000 71.318964 -0.719057 0.694897 0.000000 -40.846623 0.000000 0.000000 1.000000 0.000000
0.694340 0.718838 0.000000 71.318914 -0.719022 0.694932 0.000000 -40.846735 0.000000 0.000000 1.000000 0.000000
0.694376 0.718800 0.000000 71.318667 -0.718984 0.694971 0.000000 -40.846692 0.000000 0.000000 1.000000 0.000000
0.694443 0.718733 0.000000 71.318642 -0.718916 0.695041 0.000000 -40.846747 0.000000 0.000000 1.000000 0.000000
0.694690 0.718495 0.000000 71.318369 -0.718675 0.695289 0.000000 -40.846760 0.000000 0.000000 1.000000 0.000000
0.694949 0.718257 0.000000 71.317923 -0.718435 0.695538 0.000000 -40.846562 0.000000 0.000000 1.000000 0.000000
0.695053 0.718167 0.000000 71.317898 -0.718345 0.695633 0.000000 -40.846618 0.000000 0.000000 1.000000 0.000000
0.695158 0.718068 0.000000 71.317675 -0.718251 0.695733 0.000000 -40.846519 0.000000 0.000000 1.000000 0.000000
0.695261 0.717975 0.000000 71.317452 -0.718159 0.695829 0.000000 -40.846420 0.000000 0.000000 1.000000 0.000000
0.695433 0.717802 0.000000 71.317948 -0.717987 0.696006 0.000000 -40.847107 0.000000 0.000000 1.000000 0.000000
0.695651 0.717579 0.000000 71.319385 -0.717763 0.696234 0.000000 -40.848680 0.000000 0.000000 1.000000 0.000000
0.696115 0.717124 0.000000 71.319435 -0.717306 0.696704 0.000000 -40.848568 0.000000 0.000000 1.000000 0.000000
0.696560 0.716694 0.000000 71.320228 -0.716872 0.697149 0.000000 -40.849187 0.000000 0.000000 1.000000 0.000000
0.696964 0.716294 0.000000 71.321914 -0.716475 0.697558 0.000000 -40.850803 0.000000 0.000000 1.000000 0.000000
0.697503 0.715766 0.000000 71.325607 -0.715945 0.698101 0.000000 -40.854512 0.000000 0.000000 1.000000 0.000000
0.698200 0.715087 0.000000 71.331531 -0.715264 0.698798 0.000000 -40.860412 0.000000 0.000000 1.000000 0.000000
0.699013 0.714289 0.000000 71.339809 -0.714466 0.699613 0.000000 -40.868827 0.000000 0.000000 1.000000 0.000000
0.699812 0.713508 0.000000 71.350690 -0.713683 0.700412 0.000000 -40.879798 0.000000 0.000000 1.000000 0.000000
0.700531 0.712807 0.000000 71.361596 -0.712977 0.701129 0.000000 -40.890714 0.000000 0.000000 1.000000 0.000000
0.701317 0.712037 0.000000 71.373766 -0.712209 0.701911 0.000000 -40.902992 0.000000 0.000000 1.000000 0.000000
0.702007 0.711368 0.000000 71.385961 -0.711543 0.702589 0.000000 -40.915214 0.000000 0.000000 1.000000 0.000000
0.702836 0.710556 0.000000 71.398900 -0.710735 0.703410 0.000000 -40.928166 0.000000 0.000000 1.000000 0.000000
0.704499 0.708915 0.000000 71.424801 -0.709104 0.705060 0.000000 -40.954016 0.000000 0.000000 1.000000 0.000000
0.705382 0.708039 0.000000 71.439623 -0.708230 0.705939 0.000000 -40.968739 0.000000 0.000000 1.000000 0.000000
0.706167 0.707259 0.000000 71.454049 -0.707450 0.706721 0.000000 -40.983153 0.000000 0.000000 1.000000 0.000000
0.706892 0.706542 0.000000 71.469466 -0.706732 0.707440 0.000000 -40.998340 0.000000 0.000000 1.000000 0.000000
0.707441 0.706003 0.000000 71.481165 -0.706194 0.707979 0.000000 -41.009875 0.000000 0.000000 1.000000 0.000000
0.708010 0.705441 0.000000 71.493806 -0.705638 0.708537 0.000000 -41.022295 0.000000 0.000000 1.000000 0.000000
0.708520 0.704935 0.000000 71.505505 -0.705138 0.709038 0.000000 -41.033830 0.000000 0.000000 1.000000 0.000000
0.708962 0.704491 0.000000 71.517378 -0.704699 0.709476 0.000000 -41.045575 0.000000 0.000000 1.000000 0.000000
0.709284 0.704165 0.000000 71.528556 -0.704375 0.709798 0.000000 -41.056478 0.000000 0.000000 1.000000 0.000000
0.709645 0.703799 0.000000 71.538942 -0.704009 0.710161 0.000000 -41.066161 0.000000 0.000000 1.000000 0.000000
0.710118 0.703319 0.000000 71.553912 -0.703530 0.710636 0.000000 -41.079949 0.000000 0.000000 1.000000 0.000000
0.710335 0.703097 0.000000 71.561150 -0.703307 0.710856 0.000000 -41.086499 0.000000 0.000000 1.000000 0.000000
0.710460 0.702972 0.000000 71.568040 -0.703182 0.710979 0.000000 -41.092628 0.000000 0.000000 1.000000 0.000000
0.710418 0.703016 0.000000 71.571188 -0.703227 0.710935 0.000000 -41.095160 0.000000 0.000000 1.000000 0.000000
0.710341 0.703091 0.000000 71.572155 -0.703304 0.710859 0.000000 -41.095389 0.000000 0.000000 1.000000 0.000000
0.710307 0.703120 0.000000 71.571981 -0.703335 0.710829 0.000000 -41.094577 0.000000 0.000000 1.000000 0.000000
0.710340 0.703075 0.000000 71.571411 -0.703292 0.710870 0.000000 -41.093456 0.000000 0.000000 1.000000 0.000000
0.710418 0.702986 0.000000 71.570668 -0.703201 0.710958 0.000000 -41.092125 0.000000 0.000000 1.000000 0.000000
0.710475 0.702927 0.000000 71.569899 -0.703136 0.711020 0.000000 -41.090849 0.000000 0.000000 1.000000 0.000000
0.710529 0.702874 0.000000 71.569329 -0.703081 0.711075 0.000000 -41.089728 0.000000 0.000000 1.000000 0.000000
0.710600 0.702806 0.000000 71.568932 -0.703012 0.711143 0.000000 -41.088818 0.000000 0.000000 1.000000 0.000000
0.710711 0.702693 0.000000 71.568511 -0.702902 0.711253 0.000000 -41.087362 0.000000 0.000000 1.000000 0.000000
0.710790 0.702611 0.000000 71.568263 -0.702822 0.711332 0.000000 -41.086718 0.000000 0.000000 1.000000 0.000000
0.710830 0.702566 0.000000 71.568412 -0.702777 0.711376 0.000000 -41.086383 0.000000 0.000000 1.000000 0.000000
0.710868 0.702529 0.000000 71.568362 -0.702737 0.711415 0.000000 -41.085894 0.000000 0.000000 1.000000 0.000000
0.710916 0.702483 0.000000 71.568511 -0.702689 0.711462 0.000000 -41.085559 0.000000 0.000000 1.000000 0.000000
0.710953 0.702450 0.000000 71.568635 -0.702657 0.711494 0.000000 -41.085280 0.000000 0.000000 1.000000 0.000000
0.710984 0.702414 0.000000 71.568759 -0.702623 0.711528 0.000000 -41.085002 0.000000 0.000000 1.000000 0.000000
0.710993 0.702402 0.000000 71.568883 -0.702612 0.711539 0.000000 -41.084723 0.000000 0.000000 1.000000 0.000000
0.711020 0.702376 0.000000 71.569006 -0.702586 0.711565 0.000000 -41.084444 0.000000 0.000000 1.000000 0.000000
0.711048 0.702352 0.000000 71.569329 -0.702562 0.711589 0.000000 -41.084320 0.000000 0.000000 1.000000 0.000000
0.711104 0.702298 0.000000 71.569502 -0.702506 0.711644 0.000000 -41.083929 0.000000 0.000000 1.000000 0.000000
0.711129 0.702269 0.000000 71.569601 -0.702479 0.711671 0.000000 -41.083706 0.000000 0.000000 1.000000 0.000000
0.711218 0.702170 0.000000 71.569700 -0.702380 0.711767 0.000000 -41.083483 0.000000 0.000000 1.000000 0.000000
0.711400 0.701979 0.000000 71.569824 -0.702187 0.711956 0.000000 -41.083204 0.000000 0.000000 1.000000 0.000000
0.711516 0.701861 0.000000 71.569948 -0.702066 0.712075 0.000000 -41.082926 0.000000 0.000000 1.000000 0.000000
0.711534 0.701841 0.000000 71.570047 -0.702045 0.712094 0.000000 -41.082702 0.000000 0.000000 1.000000 0.000000
