0.999998 0.001535 0.000000 0.593403 -0.001534 0.999999 0.000000 -0.003210 0.000000 0.000000 1.000000 0.000000
0.999994 0.001935 0.000000 1.186956 -0.001932 0.999998 0.000000 -0.005114 0.000000 0.000000 1.000000 0.000000
0.999986 0.003304 0.000000 1.736492 -0.003298 0.999993 0.000000 -0.008146 0.000000 0.000000 1.000000 0.000000
0.999970 0.006330 0.000000 2.343088 -0.006322 0.999978 0.000000 -0.012438 0.000000 0.000000 1.000000 0.000000
0.999961 0.007655 0.000000 2.903745 -0.007647 0.999969 0.000000 -0.019393 0.000000 0.000000 1.000000 0.000000
0.999958 0.007982 0.000000 3.490961 -0.007971 0.999965 0.000000 -0.026821 0.000000 0.000000 1.000000 0.000000
0.999949 0.008688 0.000000 4.051649 -0.008674 0.999959 0.000000 -0.035286 0.000000 0.000000 1.000000 0.000000
0.999938 0.009143 0.000000 4.621545 -0.009129 0.999956 0.000000 -0.043896 0.000000 0.000000 1.000000 0.000000
0.999915 0.010469 0.000000 5.201184 -0.010457 0.999944 0.000000 -0.052757 0.000000 0.000000 1.000000 0.000000
0.999878 0.012660 0.000000 5.966421 -0.012658 0.999920 0.000000 -0.067029 0.000000 0.000000 1.000000 0.000000
0.999858 0.013856 0.000000 6.599694 -0.013858 0.999904 0.000000 -0.078970 0.000000 0.000000 1.000000 0.000000
0.999838 0.015386 0.000000 7.148492 -0.015381 0.999881 0.000000 -0.090678 0.000000 0.000000 1.000000 0.000000
0.999834 0.016051 0.000000 7.761867 -0.016044 0.999871 0.000000 -0.102227 0.000000 0.000000 1.000000 0.000000
0.999814 0.017341 0.000000 8.345917 -0.017338 0.999850 0.000000 -0.116843 0.000000 0.000000 1.000000 0.000000
0.999764 0.018931 0.000000 8.936788 -0.018939 0.999820 0.000000 -0.132127 0.000000 0.000000 1.000000 0.000000
0.999665 0.021113 0.000000 9.513491 -0.021128 0.999776 0.000000 -0.146470 0.000000 0.000000 1.000000 0.000000
0.999576 0.021840 0.000000 10.083533 -0.021881 0.999759 0.000000 -0.159340 0.000000 0.000000 1.000000 0.000000
0.999528 0.023098 0.000000 10.653998 -0.023155 0.999729 0.000000 -0.172601 0.000000 0.000000 1.000000 0.000000
0.999575 0.023591 0.000000 11.240270 -0.023638 0.999717 0.000000 -0.185851 0.000000 0.000000 1.000000 0.000000
0.999631 0.024867 0.000000 11.821922 -0.024893 0.999688 0.000000 -0.200488 0.000000 0.000000 1.000000 0.000000
0.999623 0.027216 0.000000 12.395852 -0.027219 0.999629 0.000000 -0.218117 0.000000 0.000000 1.000000 0.000000
0.999606 0.028048 0.000000 12.944442 -0.028048 0.999606 0.000000 -0.235573 0.000000 0.000000 1.000000 0.000000
0.999563 0.029298 0.000000 13.511762 -0.029297 0.999571 0.000000 -0.257029 0.000000 0.000000 1.000000 0.000000
0.999376 0.031999 0.000000 14.616588 -0.031985 0.999488 0.000000 -0.296561 0.000000 0.000000 1.000000 0.000000
0.999193 0.035480 0.000000 15.556289 -0.035415 0.999366 0.000000 -0.331802 0.000000 0.000000 1.000000 0.000000
0.999124 0.038523 0.000000 16.108776 -0.038450 0.999249 0.000000 -0.355912 0.000000 0.000000 1.000000 0.000000
0.999118 0.039696 0.000000 16.657680 -0.039629 0.999201 0.000000 -0.378469 0.000000 0.000000 1.000000 0.000000
0.998998 0.042981 0.000000 17.213757 -0.042905 0.999059 0.000000 -0.402991 0.000000 0.000000 1.000000 0.000000
0.998824 0.046644 0.000000 17.777450 -0.046554 0.998891 0.000000 -0.433657 0.000000 0.000000 1.000000 0.000000
0.998704 0.048527 0.000000 18.373697 -0.048419 0.998800 0.000000 -0.465689 0.000000 0.000000 1.000000 0.000000
0.998504 0.052035 0.000000 18.933697 -0.051906 0.998620 0.000000 -0.498122 0.000000 0.000000 1.000000 0.000000
0.998139 0.058740 0.000000 20.049440 -0.058589 0.998237 0.000000 -0.566172 0.000000 0.000000 1.000000 0.000000
0.997999 0.061264 0.000000 20.609978 -0.061115 0.998082 0.000000 -0.601746 0.000000 0.000000 1.000000 0.000000
0.997860 0.063523 0.000000 21.179172 -0.063372 0.997940 0.000000 -0.639387 0.000000 0.000000 1.000000 0.000000
0.997643 0.066812 0.000000 21.705177 -0.066659 0.997725 0.000000 -0.678182 0.000000 0.000000 1.000000 0.000000
0.997472 0.069178 0.000000 22.276352 -0.069025 0.997567 0.000000 -0.721480 0.000000 0.000000 1.000000 0.000000
0.997098 0.074162 0.000000 23.172637 -0.074014 0.997216 0.000000 -0.791205 0.000000 0.000000 1.000000 0.000000
0.996864 0.077134 0.000000 23.770298 -0.076976 0.996988 0.000000 -0.840054 0.000000 0.000000 1.000000 0.000000
0.996623 0.079962 0.000000 24.336296 -0.079764 0.996752 0.000000 -0.889191 0.000000 0.000000 1.000000 0.000000
0.996479 0.081580 0.000000 24.908472 -0.081363 0.996616 0.000000 -0.939426 0.000000 0.000000 1.000000 0.000000
0.996327 0.083409 0.000000 25.482982 -0.083173 0.996455 0.000000 -0.989404 0.000000 0.000000 1.000000 0.000000
0.996124 0.085631 0.000000 26.043666 -0.085340 0.996240 0.000000 -1.040623 0.000000 0.000000 1.000000 0.000000
0.995925 0.087753 0.000000 26.611142 -0.087432 0.996044 0.000000 -1.092645 0.000000 0.000000 1.000000 0.000000
0.995696 0.090357 0.000000 27.183725 -0.090032 0.995807 0.000000 -1.145299 0.000000 0.000000 1.000000 0.000000
0.995524 0.092197 0.000000 27.747783 -0.091886 0.995650 0.000000 -1.199392 0.000000 0.000000 1.000000 0.000000
0.995332 0.094098 0.000000 28.276942 -0.093784 0.995477 0.000000 -1.251874 0.000000 0.000000 1.000000 0.000000
0.994858 0.098196 0.000000 29.239607 -0.097851 0.995092 0.000000 -1.349914 0.000000 0.000000 1.000000 0.000000
0.994535 0.100854 0.000000 29.809642 -0.100486 0.994830 0.000000 -1.411104 0.000000 0.000000 1.000000 0.000000
0.994311 0.102848 0.000000 30.386718 -0.102490 0.994634 0.000000 -1.472145 0.000000 0.000000 1.000000 0.000000
0.994119 0.104453 0.000000 30.956304 -0.104198 0.994503 0.000000 -1.531687 0.000000 0.000000 1.000000 0.000000
0.993907 0.106285 0.000000 31.515430 -0.106124 0.994328 0.000000 -1.593451 0.000000 0.000000 1.000000 0.000000
0.993685 0.108239 0.000000 32.075015 -0.108119 0.994122 0.000000 -1.655974 0.000000 0.000000 1.000000 0.000000
0.993389 0.110341 0.000000 32.670092 -0.110262 0.993894 0.000000 -1.722983 0.000000 0.000000 1.000000 0.000000
0.993171 0.111837 0.000000 33.206559 -0.111754 0.993726 0.000000 -1.783969 0.000000 0.000000 1.000000 0.000000
0.993001 0.113149 0.000000 33.770974 -0.113127 0.993577 0.000000 -1.848211 0.000000 0.000000 1.000000 0.000000
0.992912 0.114090 0.000000 34.335924 -0.114030 0.993470 0.000000 -1.913950 0.000000 0.000000 1.000000 0.000000
0.992798 0.116002 0.000000 34.897042 -0.115874 0.993246 0.000000 -1.981874 0.000000 0.000000 1.000000 0.000000
0.992712 0.117424 0.000000 35.420522 -0.117264 0.993073 0.000000 -2.046023 0.000000 0.000000 1.000000 0.000000
0.992595 0.118725 0.000000 35.987656 -0.118540 0.992912 0.000000 -2.117239 0.000000 0.000000 1.000000 0.000000
0.992371 0.120787 0.000000 36.515378 -0.120614 0.992664 0.000000 -2.184659 0.000000 0.000000 1.000000 0.000000
0.991934 0.124114 0.000000 37.486735 -0.123922 0.992252 0.000000 -2.310938 0.000000 0.000000 1.000000 0.000000
0.991660 0.125917 0.000000 38.031575 -0.125679 0.992018 0.000000 -2.381783 0.000000 0.000000 1.000000 0.000000
0.991225 0.129010 0.000000 38.560936 -0.128707 0.991608 0.000000 -2.455460 0.000000 0.000000 1.000000 0.000000
0.990677 0.132029 0.000000 39.636853 -0.131712 0.991222 0.000000 -2.600019 0.000000 0.000000 1.000000 0.000000
0.990281 0.134707 0.000000 40.216567 -0.134370 0.990860 0.000000 -2.681212 0.000000 0.000000 1.000000 0.000000
0.990052 0.136577 0.000000 40.723118 -0.136216 0.990597 0.000000 -2.752634 0.000000 0.000000 1.000000 0.000000
0.989780 0.139295 0.000000 41.790721 -0.138970 0.990217 0.000000 -2.905912 0.000000 0.000000 1.000000 0.000000
0.989509 0.141586 0.000000 42.328688 -0.141276 0.989891 0.000000 -2.984958 0.000000 0.000000 1.000000 0.000000
0.989257 0.143326 0.000000 42.844595 -0.143024 0.989643 0.000000 -3.062177 0.000000 0.000000 1.000000 0.000000
0.989015 0.144866 0.000000 43.338182 -0.144546 0.989416 0.000000 -3.137769 0.000000 0.000000 1.000000 0.000000
0.988423 0.148689 0.000000 44.253375 -0.148304 0.988834 0.000000 -3.276078 0.000000 0.000000 1.000000 0.000000
0.988226 0.149925 0.000000 44.775853 -0.149515 0.988641 0.000000 -3.354668 0.000000 0.000000 1.000000 0.000000
0.987929 0.151860 0.000000 45.290243 -0.151436 0.988342 0.000000 -3.434451 0.000000 0.000000 1.000000 0.000000
0.987754 0.152988 0.000000 45.790250 -0.152526 0.988155 0.000000 -3.511328 0.000000 0.000000 1.000000 0.000000
0.987442 0.154927 0.000000 46.293348 -0.154413 0.987835 0.000000 -3.588878 0.000000 0.000000 1.000000 0.000000
0.987069 0.157058 0.000000 46.777556 -0.156506 0.987493 0.000000 -3.667408 0.000000 0.000000 1.000000 0.000000
0.986615 0.159593 0.000000 47.250386 -0.158971 0.987070 0.000000 -3.746891 0.000000 0.000000 1.000000 0.000000
0.985992 0.163059 0.000000 47.941737 -0.162372 0.986492 0.000000 -3.862394 0.000000 0.000000 1.000000 0.000000
0.985713 0.164807 0.000000 48.343460 -0.164166 0.986218 0.000000 -3.931042 0.000000 0.000000 1.000000 0.000000
0.985609 0.165814 0.000000 48.791391 -0.165252 0.986065 0.000000 -4.008714 0.000000 0.000000 1.000000 0.000000
0.985408 0.167266 0.000000 49.231346 -0.166699 0.985808 0.000000 -4.085653 0.000000 0.000000 1.000000 0.000000
0.984947 0.169736 0.000000 49.646460 -0.169125 0.985379 0.000000 -4.160767 0.000000 0.000000 1.000000 0.000000
0.984610 0.171179 0.000000 50.058639 -0.170508 0.985127 0.000000 -4.235543 0.000000 0.000000 1.000000 0.000000
0.984048 0.173555 0.000000 50.784890 -0.172870 0.984736 0.000000 -4.367077 0.000000 0.000000 1.000000 0.000000
0.983654 0.175388 0.000000 51.176461 -0.174696 0.984420 0.000000 -4.438620 0.000000 0.000000 1.000000 0.000000
0.983445 0.176335 0.000000 51.604537 -0.175693 0.984269 0.000000 -4.516523 0.000000 0.000000 1.000000 0.000000
0.983474 0.176290 0.000000 51.999415 -0.175732 0.984294 0.000000 -4.587670 0.000000 0.000000 1.000000 0.000000
0.983354 0.177317 0.000000 52.393194 -0.176792 0.984112 0.000000 -4.660128 0.000000 0.000000 1.000000 0.000000
0.983244 0.178321 0.000000 52.785357 -0.177704 0.983898 0.000000 -4.733153 0.000000 0.000000 1.000000 0.000000
0.982989 0.179839 0.000000 53.166843 -0.179130 0.983589 0.000000 -4.803652 0.000000 0.000000 1.000000 0.000000
0.982699 0.181581 0.000000 53.522242 -0.180838 0.983250 0.000000 -4.872160 0.000000 0.000000 1.000000 0.000000
0.982496 0.182732 0.000000 53.877025 -0.182000 0.983039 0.000000 -4.940961 0.000000 0.000000 1.000000 0.000000
0.982172 0.184394 0.000000 54.231288 -0.183692 0.982744 0.000000 -5.011802 0.000000 0.000000 1.000000 0.000000
0.981407 0.188081 0.000000 54.892801 -0.187419 0.982072 0.000000 -5.145690 0.000000 0.000000 1.000000 0.000000
0.981011 0.190156 0.000000 55.239098 -0.189441 0.981655 0.000000 -5.216300 0.000000 0.000000 1.000000 0.000000
0.980761 0.191450 0.000000 55.564741 -0.190696 0.981390 0.000000 -5.281413 0.000000 0.000000 1.000000 0.000000
0.980647 0.191936 0.000000 55.908037 -0.191119 0.981276 0.000000 -5.350059 0.000000 0.000000 1.000000 0.000000
0.980361 0.193197 0.000000 56.247144 -0.192383 0.981039 0.000000 -5.419342 0.000000 0.000000 1.000000 0.000000
0.980009 0.194772 0.000000 56.552971 -0.193970 0.980740 0.000000 -5.482271 0.000000 0.000000 1.000000 0.000000
0.979459 0.197337 0.000000 56.891829 -0.196600 0.980254 0.000000 -5.553899 0.000000 0.000000 1.000000 0.000000
0.979092 0.199109 0.000000 57.213532 -0.198393 0.979903 0.000000 -5.623122 0.000000 0.000000 1.000000 0.000000
0.978531 0.201889 0.000000 57.720542 -0.201080 0.979308 0.000000 -5.733884 0.000000 0.000000 1.000000 0.000000
0.978406 0.202555 0.000000 58.032269 -0.201712 0.979157 0.000000 -5.798746 0.000000 0.000000 1.000000 0.000000
0.978076 0.204328 0.000000 58.333719 -0.203434 0.978764 0.000000 -5.863248 0.000000 0.000000 1.000000 0.000000
0.977704 0.206345 0.000000 58.640298 -0.205468 0.978335 0.000000 -5.929640 0.000000 0.000000 1.000000 0.000000
0.977331 0.208340 0.000000 58.938787 -0.207514 0.977921 0.000000 -5.995582 0.000000 0.000000 1.000000 0.000000
0.977004 0.210051 0.000000 59.202953 -0.209260 0.977559 0.000000 -6.054822 0.000000 0.000000 1.000000 0.000000
0.976559 0.212279 0.000000 59.496135 -0.211534 0.977087 0.000000 -6.121706 0.000000 0.000000 1.000000 0.000000
0.976247 0.213741 0.000000 59.769164 -0.212976 0.976759 0.000000 -6.183082 0.000000 0.000000 1.000000 0.000000
0.975910 0.215244 0.000000 60.029222 -0.214442 0.976416 0.000000 -6.242558 0.000000 0.000000 1.000000 0.000000
0.975275 0.217875 0.000000 60.472028 -0.217017 0.975826 0.000000 -6.345788 0.000000 0.000000 1.000000 0.000000
0.974743 0.220112 0.000000 60.719336 -0.219230 0.975323 0.000000 -6.404187 0.000000 0.000000 1.000000 0.000000
0.974342 0.221905 0.000000 61.000217 -0.221031 0.974919 0.000000 -6.471644 0.000000 0.000000 1.000000 0.000000
0.974012 0.223473 0.000000 61.258748 -0.222624 0.974564 0.000000 -6.534571 0.000000 0.000000 1.000000 0.000000
0.973761 0.224644 0.000000 61.510799 -0.223800 0.974292 0.000000 -6.596230 0.000000 0.000000 1.000000 0.000000
0.973423 0.226065 0.000000 61.762427 -0.225189 0.973953 0.000000 -6.658891 0.000000 0.000000 1.000000 0.000000
0.973005 0.227729 0.000000 62.011231 -0.226804 0.973555 0.000000 -6.720930 0.000000 0.000000 1.000000 0.000000
0.972635 0.229188 0.000000 62.255424 -0.228217 0.973202 0.000000 -6.781823 0.000000 0.000000 1.000000 0.000000
0.972351 0.230334 0.000000 62.502917 -0.229361 0.972936 0.000000 -6.843461 0.000000 0.000000 1.000000 0.000000
0.972030 0.231752 0.000000 62.774531 -0.230786 0.972598 0.000000 -6.910789 0.000000 0.000000 1.000000 0.000000
0.972013 0.231876 0.000000 63.015739 -0.230941 0.972578 0.000000 -6.970472 0.000000 0.000000 1.000000 0.000000
0.971714 0.233085 0.000000 63.263049 -0.232176 0.972303 0.000000 -7.033298 0.000000 0.000000 1.000000 0.000000
0.971191 0.235172 0.000000 63.690305 -0.234284 0.971815 0.000000 -7.141655 0.000000 0.000000 1.000000 0.000000
0.970905 0.236310 0.000000 63.958938 -0.235449 0.971552 0.000000 -7.210808 0.000000 0.000000 1.000000 0.000000
0.970660 0.237442 0.000000 64.232081 -0.236594 0.971273 0.000000 -7.280501 0.000000 0.000000 1.000000 0.000000
0.970399 0.238684 0.000000 64.486954 -0.237850 0.970963 0.000000 -7.348348 0.000000 0.000000 1.000000 0.000000
0.970204 0.239573 0.000000 64.747809 -0.238750 0.970742 0.000000 -7.416334 0.000000 0.000000 1.000000 0.000000
0.970009 0.240447 0.000000 65.029846 -0.239598 0.970510 0.000000 -7.489672 0.000000 0.000000 1.000000 0.000000
0.969710 0.241706 0.000000 65.285801 -0.240855 0.970193 0.000000 -7.555453 0.000000 0.000000 1.000000 0.000000
0.969530 0.242582 0.000000 65.583989 -0.241733 0.969962 0.000000 -7.632608 0.000000 0.000000 1.000000 0.000000
0.969310 0.243823 0.000000 65.868205 -0.242966 0.969609 0.000000 -7.706744 0.000000 0.000000 1.000000 0.000000
0.968955 0.245525 0.000000 66.117937 -0.244726 0.969173 0.000000 -7.773590 0.000000 0.000000 1.000000 0.000000
0.968520 0.247303 0.000000 66.391190 -0.246520 0.968721 0.000000 -7.847174 0.000000 0.000000 1.000000 0.000000
0.968193 0.248448 0.000000 66.651851 -0.247622 0.968424 0.000000 -7.917237 0.000000 0.000000 1.000000 0.000000
0.967525 0.251738 0.000000 67.407756 -0.251044 0.967528 0.000000 -8.124544 0.000000 0.000000 1.000000 0.000000
0.967218 0.253354 0.000000 67.692530 -0.252839 0.967123 0.000000 -8.204220 0.000000 0.000000 1.000000 0.000000
0.967003 0.254469 0.000000 67.979053 -0.254105 0.966845 0.000000 -8.284051 0.000000 0.000000 1.000000 0.000000
0.966694 0.255783 0.000000 68.267417 -0.255511 0.966502 0.000000 -8.364139 0.000000 0.000000 1.000000 0.000000
0.966541 0.256398 0.000000 68.555295 -0.256181 0.966379 0.000000 -8.442209 0.000000 0.000000 1.000000 0.000000
0.965841 0.259091 0.000000 69.116047 -0.258960 0.965698 0.000000 -8.599911 0.000000 0.000000 1.000000 0.000000
0.965482 0.260422 0.000000 69.400558 -0.260290 0.965354 0.000000 -8.679785 0.000000 0.000000 1.000000 0.000000
0.965083 0.261808 0.000000 69.686557 -0.261610 0.964978 0.000000 -8.760012 0.000000 0.000000 1.000000 0.000000
0.964377 0.263875 0.000000 70.143113 -0.263429 0.964396 0.000000 -8.889848 0.000000 0.000000 1.000000 0.000000
0.963741 0.265589 0.000000 70.453028 -0.264944 0.963917 0.000000 -8.978731 0.000000 0.000000 1.000000 0.000000
0.962683 0.268358 0.000000 70.977848 -0.267445 0.963147 0.000000 -9.129159 0.000000 0.000000 1.000000 0.000000
0.961855 0.270669 0.000000 71.293163 -0.269634 0.962509 0.000000 -9.223019 0.000000 0.000000 1.000000 0.000000
0.960976 0.272983 0.000000 71.624243 -0.271814 0.961866 0.000000 -9.320674 0.000000 0.000000 1.000000 0.000000
0.960124 0.274950 0.000000 71.946866 -0.273638 0.961321 0.000000 -9.415830 0.000000 0.000000 1.000000 0.000000
0.959191 0.276750 0.000000 72.299611 -0.275284 0.960828 0.000000 -9.520854 0.000000 0.000000 1.000000 0.000000
0.957769 0.279457 0.000000 72.868755 -0.277595 0.960034 0.000000 -9.690564 0.000000 0.000000 1.000000 0.000000
0.956961 0.281478 0.000000 73.202776 -0.279384 0.959421 0.000000 -9.790199 0.000000 0.000000 1.000000 0.000000
0.956204 0.283835 0.000000 73.598508 -0.281676 0.958722 0.000000 -9.908420 0.000000 0.000000 1.000000 0.000000
0.955672 0.285927 0.000000 73.952031 -0.283750 0.958087 0.000000 -10.016523 0.000000 0.000000 1.000000 0.000000
0.955318 0.288885 0.000000 74.583918 -0.287153 0.957234 0.000000 -10.213513 0.000000 0.000000 1.000000 0.000000
0.955256 0.291555 0.000000 75.237196 -0.290511 0.956485 0.000000 -10.420101 0.000000 0.000000 1.000000 0.000000
0.955173 0.292848 0.000000 75.620546 -0.292069 0.956109 0.000000 -10.540687 0.000000 0.000000 1.000000 0.000000
0.954943 0.294140 0.000000 76.035648 -0.293504 0.955724 0.000000 -10.671078 0.000000 0.000000 1.000000 0.000000
0.954717 0.295298 0.000000 76.426518 -0.294742 0.955368 0.000000 -10.794672 0.000000 0.000000 1.000000 0.000000
0.954258 0.297070 0.000000 76.859988 -0.296557 0.954817 0.000000 -10.933082 0.000000 0.000000 1.000000 0.000000
0.953905 0.298160 0.000000 77.264497 -0.297723 0.954495 0.000000 -11.062189 0.000000 0.000000 1.000000 0.000000
0.953480 0.299249 0.000000 77.700428 -0.298871 0.954167 0.000000 -11.202205 0.000000 0.000000 1.000000 0.000000
0.953185 0.299879 0.000000 78.361107 -0.299591 0.953977 0.000000 -11.414616 0.000000 0.000000 1.000000 0.000000
0.952567 0.301837 0.000000 79.159356 -0.301635 0.953359 0.000000 -11.672985 0.000000 0.000000 1.000000 0.000000
0.952112 0.303323 0.000000 79.617115 -0.303125 0.952887 0.000000 -11.822352 0.000000 0.000000 1.000000 0.000000
0.951720 0.304557 0.000000 80.085970 -0.304338 0.952494 0.000000 -11.974384 0.000000 0.000000 1.000000 0.000000
0.951430 0.305277 0.000000 80.540360 -0.304970 0.952263 0.000000 -12.121128 0.000000 0.000000 1.000000 0.000000
0.951052 0.305986 0.000000 81.042283 -0.305620 0.952035 0.000000 -12.283620 0.000000 0.000000 1.000000 0.000000
0.950544 0.307193 0.000000 81.480796 -0.306806 0.951647 0.000000 -12.428244 0.000000 0.000000 1.000000 0.000000
0.950028 0.308796 0.000000 81.973713 -0.308450 0.951128 0.000000 -12.591801 0.000000 0.000000 1.000000 0.000000
0.949919 0.309501 0.000000 82.472394 -0.309221 0.950899 0.000000 -12.756316 0.000000 0.000000 1.000000 0.000000
0.949634 0.310824 0.000000 82.978277 -0.310581 0.950467 0.000000 -12.924304 0.000000 0.000000 1.000000 0.000000
0.949056 0.312856 0.000000 83.454071 -0.312666 0.949800 0.000000 -13.085575 0.000000 0.000000 1.000000 0.000000
0.948843 0.313629 0.000000 83.957299 -0.313460 0.949544 0.000000 -13.258209 0.000000 0.000000 1.000000 0.000000
0.947726 0.316663 0.000000 84.900997 -0.316391 0.948538 0.000000 -13.582902 0.000000 0.000000 1.000000 0.000000
0.947155 0.318175 0.000000 85.434387 -0.317863 0.948032 0.000000 -13.768558 0.000000 0.000000 1.000000 0.000000
0.946544 0.319907 0.000000 85.960215 -0.319599 0.947449 0.000000 -13.950587 0.000000 0.000000 1.000000 0.000000
0.945881 0.321801 0.000000 86.502768 -0.321462 0.946807 0.000000 -14.139942 0.000000 0.000000 1.000000 0.000000
0.945117 0.324014 0.000000 87.053329 -0.323620 0.946051 0.000000 -14.332933 0.000000 0.000000 1.000000 0.000000
0.944431 0.326102 0.000000 87.900199 -0.325655 0.945330 0.000000 -14.629647 0.000000 0.000000 1.000000 0.000000
0.943969 0.327531 0.000000 88.412726 -0.327044 0.944832 0.000000 -14.811129 0.000000 0.000000 1.000000 0.000000
0.942293 0.332530 0.000000 89.499554 -0.331981 0.943074 0.000000 -15.200122 0.000000 0.000000 1.000000 0.000000
0.941512 0.334704 0.000000 90.216129 -0.334119 0.942300 0.000000 -15.460656 0.000000 0.000000 1.000000 0.000000
0.940766 0.336740 0.000000 90.776388 -0.336119 0.941572 0.000000 -15.666053 0.000000 0.000000 1.000000 0.000000
0.939851 0.339130 0.000000 91.368882 -0.338449 0.940709 0.000000 -15.886057 0.000000 0.000000 1.000000 0.000000
0.938808 0.341868 0.000000 91.939922 -0.341134 0.939714 0.000000 -16.100404 0.000000 0.000000 1.000000 0.000000
0.938363 0.343179 0.000000 92.515707 -0.342451 0.939234 0.000000 -16.315227 0.000000 0.000000 1.000000 0.000000
0.937794 0.344945 0.000000 93.112903 -0.344222 0.938580 0.000000 -16.537869 0.000000 0.000000 1.000000 0.000000
0.937129 0.346858 0.000000 93.666539 -0.346131 0.937869 0.000000 -16.747981 0.000000 0.000000 1.000000 0.000000
0.936363 0.349009 0.000000 94.235329 -0.348270 0.937064 0.000000 -16.965218 0.000000 0.000000 1.000000 0.000000
0.935393 0.351564 0.000000 94.825096 -0.350799 0.936105 0.000000 -17.193556 0.000000 0.000000 1.000000 0.000000
0.934572 0.353601 0.000000 95.369450 -0.352810 0.935341 0.000000 -17.405568 0.000000 0.000000 1.000000 0.000000
0.934023 0.354945 0.000000 95.951695 -0.354145 0.934835 0.000000 -17.632289 0.000000 0.000000 1.000000 0.000000
0.933477 0.356309 0.000000 96.552164 -0.355528 0.934324 0.000000 -17.867194 0.000000 0.000000 1.000000 0.000000
0.933270 0.356808 0.000000 97.115815 -0.356051 0.934140 0.000000 -18.086464 0.000000 0.000000 1.000000 0.000000
0.931928 0.360210 0.000000 98.183914 -0.359417 0.932832 0.000000 -18.508646 0.000000 0.000000 1.000000 0.000000
0.931259 0.361920 0.000000 98.821105 -0.361126 0.932171 0.000000 -18.763259 0.000000 0.000000 1.000000 0.000000
0.930656 0.363432 0.000000 99.411131 -0.362658 0.931587 0.000000 -18.998357 0.000000 0.000000 1.000000 0.000000
0.929989 0.365150 0.000000 100.013677 -0.364395 0.930918 0.000000 -19.239272 0.000000 0.000000 1.000000 0.000000
0.929402 0.366615 0.000000 100.587337 -0.365851 0.930343 0.000000 -19.474408 0.000000 0.000000 1.000000 0.000000
0.928787 0.368100 0.000000 101.189231 -0.367311 0.929755 0.000000 -19.722458 0.000000 0.000000 1.000000 0.000000
0.928205 0.369444 0.000000 101.747007 -0.368667 0.929228 0.000000 -19.952438 0.000000 0.000000 1.000000 0.000000
0.927497 0.371179 0.000000 102.358130 -0.370404 0.928538 0.000000 -20.204422 0.000000 0.000000 1.000000 0.000000
0.927278 0.371823 0.000000 102.924580 -0.371099 0.928284 0.000000 -20.433048 0.000000 0.000000 1.000000 0.000000
0.926666 0.373415 0.000000 103.540821 -0.372791 0.927654 0.000000 -20.685027 0.000000 0.000000 1.000000 0.000000
0.926530 0.373668 0.000000 104.146863 -0.373151 0.927561 0.000000 -20.933212 0.000000 0.000000 1.000000 0.000000
0.925747 0.375448 0.000000 104.764257 -0.374936 0.926843 0.000000 -21.189430 0.000000 0.000000 1.000000 0.000000
0.924782 0.377387 0.000000 105.533945 -0.376892 0.926056 0.000000 -21.512256 0.000000 0.000000 1.000000 0.000000
0.923806 0.379563 0.000000 106.119430 -0.379110 0.925164 0.000000 -21.759722 0.000000 0.000000 1.000000 0.000000
0.923133 0.381094 0.000000 106.741616 -0.380703 0.924531 0.000000 -22.022856 0.000000 0.000000 1.000000 0.000000
0.921894 0.383984 0.000000 107.727353 -0.383670 0.923327 0.000000 -22.439802 0.000000 0.000000 1.000000 0.000000
0.921189 0.385671 0.000000 108.355347 -0.385362 0.922623 0.000000 -22.707550 0.000000 0.000000 1.000000 0.000000
0.920538 0.387360 0.000000 108.973852 -0.387006 0.921920 0.000000 -22.977379 0.000000 0.000000 1.000000 0.000000
0.920081 0.388597 0.000000 109.591827 -0.388225 0.921402 0.000000 -23.245960 0.000000 0.000000 1.000000 0.000000
0.919338 0.390489 0.000000 110.206369 -0.390126 0.920602 0.000000 -23.513076 0.000000 0.000000 1.000000 0.000000
0.918403 0.392810 0.000000 110.835981 -0.392422 0.919616 0.000000 -23.790500 0.000000 0.000000 1.000000 0.000000
0.917889 0.394014 0.000000 111.420418 -0.393637 0.919101 0.000000 -24.047360 0.000000 0.000000 1.000000 0.000000
0.916948 0.396156 0.000000 112.517236 -0.395732 0.918181 0.000000 -24.531656 0.000000 0.000000 1.000000 0.000000
0.916430 0.397394 0.000000 113.144228 -0.396875 0.917648 0.000000 -24.809670 0.000000 0.000000 1.000000 0.000000
0.915613 0.399360 0.000000 113.768594 -0.398832 0.916794 0.000000 -25.089662 0.000000 0.000000 1.000000 0.000000
0.915209 0.400473 0.000000 114.383196 -0.399915 0.916308 0.000000 -25.365363 0.000000 0.000000 1.000000 0.000000
0.913435 0.404553 0.000000 115.640407 -0.403840 0.914504 0.000000 -25.941631 0.000000 0.000000 1.000000 0.000000
0.912920 0.405620 0.000000 116.212151 -0.404851 0.914029 0.000000 -26.204358 0.000000 0.000000 1.000000 0.000000
0.911941 0.407871 0.000000 116.846821 -0.407068 0.913022 0.000000 -26.495960 0.000000 0.000000 1.000000 0.000000
0.911211 0.409689 0.000000 117.423744 -0.408908 0.912205 0.000000 -26.763090 0.000000 0.000000 1.000000 0.000000
0.910351 0.411689 0.000000 117.989855 -0.410925 0.911304 0.000000 -27.023938 0.000000 0.000000 1.000000 0.000000
0.904048 0.425758 0.000000 122.446864 -0.424999 0.904801 0.000000 -29.124749 0.000000 0.000000 1.000000 0.000000
0.903715 0.426534 0.000000 123.058809 -0.425763 0.904430 0.000000 -29.419514 0.000000 0.000000 1.000000 0.000000
0.902710 0.428683 0.000000 123.630720 -0.427848 0.903398 0.000000 -29.697500 0.000000 0.000000 1.000000 0.000000
0.902124 0.429889 0.000000 124.218483 -0.429034 0.902823 0.000000 -29.982164 0.000000 0.000000 1.000000 0.000000
0.901265 0.431679 0.000000 124.778592 -0.430837 0.901973 0.000000 -30.256284 0.000000 0.000000 1.000000 0.000000
0.900038 0.434272 0.000000 125.353560 -0.433426 0.900724 0.000000 -30.539001 0.000000 0.000000 1.000000 0.000000
0.899516 0.435403 0.000000 125.940995 -0.434548 0.900171 0.000000 -30.827803 0.000000 0.000000 1.000000 0.000000
0.897701 0.439123 0.000000 126.683877 -0.438259 0.898363 0.000000 -31.196899 0.000000 0.000000 1.000000 0.000000
0.896768 0.440952 0.000000 127.265938 -0.440024 0.897460 0.000000 -31.487799 0.000000 0.000000 1.000000 0.000000
0.896781 0.440825 0.000000 127.872289 -0.439833 0.897516 0.000000 -31.786872 0.000000 0.000000 1.000000 0.000000
0.896141 0.442027 0.000000 128.758975 -0.440975 0.896921 0.000000 -32.227168 0.000000 0.000000 1.000000 0.000000
0.895099 0.444060 0.000000 129.351987 -0.443011 0.895925 0.000000 -32.522292 0.000000 0.000000 1.000000 0.000000
0.894070 0.446160 0.000000 129.935589 -0.445097 0.894876 0.000000 -32.814669 0.000000 0.000000 1.000000 0.000000
0.893557 0.447287 0.000000 130.517874 -0.446232 0.894305 0.000000 -33.107785 0.000000 0.000000 1.000000 0.000000
0.892579 0.449336 0.000000 131.100741 -0.448309 0.893275 0.000000 -33.404664 0.000000 0.000000 1.000000 0.000000
0.892108 0.450334 0.000000 131.943431 -0.449353 0.892777 0.000000 -33.835709 0.000000 0.000000 1.000000 0.000000
0.891978 0.450665 0.000000 132.497507 -0.449632 0.892586 0.000000 -34.117168 0.000000 0.000000 1.000000 0.000000
0.891773 0.450994 0.000000 133.073687 -0.449968 0.892433 0.000000 -34.409925 0.000000 0.000000 1.000000 0.000000
0.891855 0.450927 0.000000 133.610658 -0.449837 0.892435 0.000000 -34.681502 0.000000 0.000000 1.000000 0.000000
0.891579 0.451585 0.000000 134.373025 -0.450471 0.892075 0.000000 -35.069696 0.000000 0.000000 1.000000 0.000000
0.891393 0.451913 0.000000 134.950467 -0.450809 0.891919 0.000000 -35.363373 0.000000 0.000000 1.000000 0.000000
0.890968 0.452732 0.000000 135.515431 -0.451671 0.891521 0.000000 -35.651854 0.000000 0.000000 1.000000 0.000000
0.890745 0.453224 0.000000 136.080556 -0.452220 0.891281 0.000000 -35.940924 0.000000 0.000000 1.000000 0.000000
0.890670 0.453626 0.000000 136.644459 -0.452648 0.891039 0.000000 -36.229693 0.000000 0.000000 1.000000 0.000000
0.889694 0.456170 0.000000 137.719275 -0.455346 0.889579 0.000000 -36.787915 0.000000 0.000000 1.000000 0.000000
0.889425 0.456815 0.000000 138.232107 -0.456067 0.889206 0.000000 -37.055830 0.000000 0.000000 1.000000 0.000000
0.888426 0.458822 0.000000 138.761448 -0.458059 0.888084 0.000000 -37.337711 0.000000 0.000000 1.000000 0.000000
0.888087 0.459495 0.000000 139.292872 -0.458639 0.887615 0.000000 -37.615860 0.000000 0.000000 1.000000 0.000000
0.887826 0.460003 0.000000 139.806259 -0.459051 0.887247 0.000000 -37.886281 0.000000 0.000000 1.000000 0.000000
0.887430 0.460764 0.000000 140.345174 -0.459690 0.886725 0.000000 -38.173140 0.000000 0.000000 1.000000 0.000000
0.887095 0.461367 0.000000 141.001722 -0.460131 0.886323 0.000000 -38.525180 0.000000 0.000000 1.000000 0.000000
0.886419 0.462581 0.000000 141.537242 -0.461255 0.885754 0.000000 -38.809550 0.000000 0.000000 1.000000 0.000000
0.886207 0.462906 0.000000 142.035408 -0.461510 0.885634 0.000000 -39.070968 0.000000 0.000000 1.000000 0.000000
0.885633 0.463950 0.000000 142.572091 -0.462497 0.885107 0.000000 -39.355904 0.000000 0.000000 1.000000 0.000000
0.884790 0.465525 0.000000 143.099960 -0.464059 0.884307 0.000000 -39.639578 0.000000 0.000000 1.000000 0.000000
0.884133 0.466751 0.000000 143.599185 -0.465315 0.883709 0.000000 -39.910699 0.000000 0.000000 1.000000 0.000000
0.883245 0.468425 0.000000 144.126971 -0.467036 0.882869 0.000000 -40.196165 0.000000 0.000000 1.000000 0.000000
0.882527 0.469752 0.000000 144.610344 -0.468388 0.882209 0.000000 -40.457824 0.000000 0.000000 1.000000 0.000000
0.882125 0.470471 0.000000 145.118272 -0.469106 0.881858 0.000000 -40.730492 0.000000 0.000000 1.000000 0.000000
0.881336 0.471902 0.000000 145.637261 -0.470536 0.881130 0.000000 -41.011275 0.000000 0.000000 1.000000 0.000000
0.880198 0.473973 0.000000 146.310381 -0.472605 0.880055 0.000000 -41.378908 0.000000 0.000000 1.000000 0.000000
0.879299 0.475600 0.000000 146.806448 -0.474252 0.879217 0.000000 -41.650511 0.000000 0.000000 1.000000 0.000000
0.878817 0.476527 0.000000 147.336988 -0.475217 0.878719 0.000000 -41.940286 0.000000 0.000000 1.000000 0.000000
0.878190 0.477701 0.000000 147.836255 -0.476429 0.878095 0.000000 -42.213420 0.000000 0.000000 1.000000 0.000000
0.877850 0.478319 0.000000 148.359842 -0.477061 0.877772 0.000000 -42.499020 0.000000 0.000000 1.000000 0.000000
0.876690 0.480451 0.000000 148.840314 -0.479199 0.876608 0.000000 -42.767920 0.000000 0.000000 1.000000 0.000000
0.875597 0.482442 0.000000 149.506278 -0.481153 0.875493 0.000000 -43.141553 0.000000 0.000000 1.000000 0.000000
0.875132 0.483301 0.000000 149.977921 -0.482032 0.875021 0.000000 -43.405651 0.000000 0.000000 1.000000 0.000000
0.874181 0.485099 0.000000 150.481972 -0.483900 0.874019 0.000000 -43.692658 0.000000 0.000000 1.000000 0.000000
0.873756 0.485931 0.000000 150.947667 -0.484808 0.873558 0.000000 -43.956735 0.000000 0.000000 1.000000 0.000000
0.873191 0.486978 0.000000 151.444406 -0.485919 0.872995 0.000000 -44.240804 0.000000 0.000000 1.000000 0.000000
0.872327 0.488535 0.000000 151.911173 -0.487515 0.872146 0.000000 -44.509522 0.000000 0.000000 1.000000 0.000000
0.871963 0.489155 0.000000 152.562338 -0.488120 0.871812 0.000000 -44.881752 0.000000 0.000000 1.000000 0.000000
0.871576 0.489797 0.000000 153.043963 -0.488730 0.871465 0.000000 -45.156282 0.000000 0.000000 1.000000 0.000000
0.870702 0.491307 0.000000 153.529652 -0.490222 0.870635 0.000000 -45.435522 0.000000 0.000000 1.000000 0.000000
0.869765 0.492918 0.000000 154.015475 -0.491812 0.869741 0.000000 -45.716878 0.000000 0.000000 1.000000 0.000000
0.869242 0.493814 0.000000 154.495440 -0.492687 0.869238 0.000000 -45.994138 0.000000 0.000000 1.000000 0.000000
0.868741 0.494698 0.000000 154.978272 -0.493586 0.868742 0.000000 -46.272639 0.000000 0.000000 1.000000 0.000000
0.867986 0.496072 0.000000 155.459894 -0.494956 0.867927 0.000000 -46.554128 0.000000 0.000000 1.000000 0.000000
0.867606 0.496757 0.000000 155.915542 -0.495640 0.867522 0.000000 -46.821956 0.000000 0.000000 1.000000 0.000000
0.866585 0.498529 0.000000 156.402139 -0.497421 0.866518 0.000000 -47.113598 0.000000 0.000000 1.000000 0.000000
0.865333 0.500682 0.000000 156.907524 -0.499565 0.865284 0.000000 -47.416432 0.000000 0.000000 1.000000 0.000000
0.864357 0.502331 0.000000 157.367291 -0.501197 0.864340 0.000000 -47.695913 0.000000 0.000000 1.000000 0.000000
0.863577 0.503655 0.000000 157.867046 -0.502502 0.863570 0.000000 -47.999903 0.000000 0.000000 1.000000 0.000000
0.862495 0.505489 0.000000 158.332382 -0.504340 0.862513 0.000000 -48.281027 0.000000 0.000000 1.000000 0.000000
0.860999 0.508021 0.000000 158.826537 -0.506894 0.861046 0.000000 -48.584647 0.000000 0.000000 1.000000 0.000000
0.859892 0.509855 0.000000 159.311187 -0.508745 0.859991 0.000000 -48.883777 0.000000 0.000000 1.000000 0.000000
0.859458 0.510565 0.000000 159.802914 -0.509499 0.859602 0.000000 -49.185910 0.000000 0.000000 1.000000 0.000000
0.859209 0.510994 0.000000 160.263047 -0.509965 0.859361 0.000000 -49.468832 0.000000 0.000000 1.000000 0.000000
0.858403 0.512359 0.000000 160.757646 -0.511315 0.858537 0.000000 -49.772458 0.000000 0.000000 1.000000 0.000000
0.857688 0.513577 0.000000 161.201919 -0.512503 0.857784 0.000000 -50.048448 0.000000 0.000000 1.000000 0.000000
0.856405 0.515749 0.000000 161.693247 -0.514653 0.856454 0.000000 -50.357014 0.000000 0.000000 1.000000 0.000000
0.855471 0.517325 0.000000 162.341914 -0.516217 0.855482 0.000000 -50.761674 0.000000 0.000000 1.000000 0.000000
0.854679 0.518681 0.000000 162.823779 -0.517592 0.854643 0.000000 -51.064978 0.000000 0.000000 1.000000 0.000000
0.854158 0.519561 0.000000 163.275197 -0.518497 0.854110 0.000000 -51.348633 0.000000 0.000000 1.000000 0.000000
0.853668 0.520384 0.000000 163.771572 -0.519294 0.853581 0.000000 -51.660881 0.000000 0.000000 1.000000 0.000000
0.853001 0.521465 0.000000 164.386177 -0.520321 0.852898 0.000000 -52.045614 0.000000 0.000000 1.000000 0.000000
0.851461 0.523982 0.000000 165.340626 -0.522831 0.851348 0.000000 -52.647164 0.000000 0.000000 1.000000 0.000000
0.850901 0.524928 0.000000 165.810409 -0.523777 0.850736 0.000000 -52.944404 0.000000 0.000000 1.000000 0.000000
0.850110 0.526183 0.000000 166.276249 -0.524997 0.849961 0.000000 -53.241328 0.000000 0.000000 1.000000 0.000000
0.849850 0.526581 0.000000 166.743807 -0.525367 0.849715 0.000000 -53.536898 0.000000 0.000000 1.000000 0.000000
0.849261 0.527581 0.000000 167.226045 -0.526358 0.849045 0.000000 -53.842504 0.000000 0.000000 1.000000 0.000000
0.849553 0.527198 0.000000 167.694981 -0.526032 0.849231 0.000000 -54.140354 0.000000 0.000000 1.000000 0.000000
0.850188 0.526246 0.000000 168.193886 -0.525211 0.849827 0.000000 -54.456087 0.000000 0.000000 1.000000 0.000000
0.850843 0.525260 0.000000 168.663626 -0.524337 0.850413 0.000000 -54.752706 0.000000 0.000000 1.000000 0.000000
0.850690 0.525515 0.000000 169.103415 -0.524600 0.850252 0.000000 -55.032197 0.000000 0.000000 1.000000 0.000000
0.850989 0.525011 0.000000 169.538530 -0.524073 0.850576 0.000000 -55.307524 0.000000 0.000000 1.000000 0.000000
0.850193 0.526263 0.000000 169.991486 -0.525275 0.849822 0.000000 -55.594048 0.000000 0.000000 1.000000 0.000000
0.850422 0.525832 0.000000 170.412007 -0.524822 0.850149 0.000000 -55.859189 0.000000 0.000000 1.000000 0.000000
0.850864 0.525093 0.000000 170.871805 -0.524121 0.850659 0.000000 -56.148780 0.000000 0.000000 1.000000 0.000000
0.851044 0.524779 0.000000 171.300530 -0.523853 0.850903 0.000000 -56.418514 0.000000 0.000000 1.000000 0.000000
0.851317 0.524338 0.000000 171.763014 -0.523438 0.851191 0.000000 -56.707752 0.000000 0.000000 1.000000 0.000000
0.851605 0.523869 0.000000 172.190997 -0.522986 0.851490 0.000000 -56.975918 0.000000 0.000000 1.000000 0.000000
0.851571 0.523900 0.000000 172.649009 -0.523080 0.851529 0.000000 -57.262200 0.000000 0.000000 1.000000 0.000000
0.851314 0.524272 0.000000 173.069030 -0.523526 0.851368 0.000000 -57.524570 0.000000 0.000000 1.000000 0.000000
0.851548 0.523848 0.000000 173.531133 -0.523166 0.851679 0.000000 -57.814037 0.000000 0.000000 1.000000 0.000000
0.851229 0.524309 0.000000 173.957290 -0.523704 0.851446 0.000000 -58.084092 0.000000 0.000000 1.000000 0.000000
0.851590 0.523681 0.000000 174.411918 -0.523111 0.851852 0.000000 -58.369782 0.000000 0.000000 1.000000 0.000000
0.852197 0.522592 0.000000 174.989431 -0.522056 0.852546 0.000000 -58.731364 0.000000 0.000000 1.000000 0.000000
0.853050 0.521093 0.000000 175.446284 -0.520586 0.853480 0.000000 -59.017332 0.000000 0.000000 1.000000 0.000000
0.854085 0.519271 0.000000 175.903613 -0.518810 0.854603 0.000000 -59.300639 0.000000 0.000000 1.000000 0.000000
0.855383 0.517001 0.000000 176.328047 -0.516564 0.855983 0.000000 -59.563196 0.000000 0.000000 1.000000 0.000000
0.857359 0.513610 0.000000 176.951874 -0.513190 0.858024 0.000000 -59.948826 0.000000 0.000000 1.000000 0.000000
0.858591 0.511490 0.000000 177.412977 -0.511150 0.859288 0.000000 -60.229966 0.000000 0.000000 1.000000 0.000000
0.860669 0.508044 0.000000 177.872745 -0.507739 0.861329 0.000000 -60.508056 0.000000 0.000000 1.000000 0.000000
0.862443 0.505117 0.000000 178.331985 -0.504823 0.863050 0.000000 -60.784898 0.000000 0.000000 1.000000 0.000000
0.864790 0.501246 0.000000 178.781101 -0.500986 0.865304 0.000000 -61.051725 0.000000 0.000000 1.000000 0.000000
0.870521 0.491444 0.000000 179.674350 -0.491278 0.870908 0.000000 -61.573333 0.000000 0.000000 1.000000 0.000000
0.873574 0.486118 0.000000 180.105530 -0.485969 0.873892 0.000000 -61.818617 0.000000 0.000000 1.000000 0.000000
0.877104 0.479805 0.000000 180.550718 -0.479678 0.877375 0.000000 -62.070073 0.000000 0.000000 1.000000 0.000000
0.880525 0.473528 0.000000 180.987512 -0.473443 0.880777 0.000000 -62.313447 0.000000 0.000000 1.000000 0.000000
0.884171 0.466696 0.000000 181.437476 -0.466659 0.884410 0.000000 -62.559679 0.000000 0.000000 1.000000 0.000000
0.887602 0.460130 0.000000 181.862892 -0.460120 0.887839 0.000000 -62.788195 0.000000 0.000000 1.000000 0.000000
0.894917 0.445629 0.000000 182.708549 -0.445678 0.895187 0.000000 -63.225262 0.000000 0.000000 1.000000 0.000000
0.899002 0.437309 0.000000 183.151065 -0.437356 0.899282 0.000000 -63.446204 0.000000 0.000000 1.000000 0.000000
0.902951 0.429107 0.000000 183.572655 -0.429162 0.903223 0.000000 -63.649960 0.000000 0.000000 1.000000 0.000000
0.908032 0.418237 0.000000 184.204094 -0.418316 0.908300 0.000000 -63.949906 0.000000 0.000000 1.000000 0.000000
0.911452 0.410655 0.000000 184.640500 -0.410774 0.911737 0.000000 -64.153036 0.000000 0.000000 1.000000 0.000000
0.914905 0.402759 0.000000 185.067901 -0.402937 0.915227 0.000000 -64.348630 0.000000 0.000000 1.000000 0.000000
0.918088 0.395262 0.000000 185.479915 -0.395521 0.918451 0.000000 -64.532989 0.000000 0.000000 1.000000 0.000000
0.921270 0.387681 0.000000 185.898149 -0.387987 0.921655 0.000000 -64.714640 0.000000 0.000000 1.000000 0.000000
0.924855 0.379269 0.000000 186.312400 -0.379476 0.925199 0.000000 -64.889788 0.000000 0.000000 1.000000 0.000000
0.927940 0.371999 0.000000 186.702154 -0.372080 0.928200 0.000000 -65.052517 0.000000 0.000000 1.000000 0.000000
0.931561 0.363136 0.000000 187.137137 -0.363147 0.931728 0.000000 -65.229726 0.000000 0.000000 1.000000 0.000000
0.934478 0.355760 0.000000 187.538434 -0.355766 0.934573 0.000000 -65.389560 0.000000 0.000000 1.000000 0.000000
0.937643 0.347477 0.000000 187.962670 -0.347469 0.937688 0.000000 -65.552371 0.000000 0.000000 1.000000 0.000000
0.941065 0.338176 0.000000 188.365610 -0.338162 0.941082 0.000000 -65.702903 0.000000 0.000000 1.000000 0.000000
0.944557 0.328301 0.000000 188.783717 -0.328294 0.944573 0.000000 -65.855496 0.000000 0.000000 1.000000 0.000000
0.947603 0.319379 0.000000 189.171657 -0.319381 0.947626 0.000000 -65.992032 0.000000 0.000000 1.000000 0.000000
0.951114 0.308750 0.000000 189.595510 -0.308744 0.951143 0.000000 -66.134836 0.000000 0.000000 1.000000 0.000000
0.954183 0.299116 0.000000 189.984441 -0.299100 0.954216 0.000000 -66.263386 0.000000 0.000000 1.000000 0.000000
0.957158 0.289485 0.000000 190.406550 -0.289477 0.957182 0.000000 -66.397685 0.000000 0.000000 1.000000 0.000000
