1.000000 0.000886 0.000000 0.599727 -0.000886 1.000000 0.000000 -0.002841 0.000000 0.000000 1.000000 0.000000
0.999999 0.001625 0.000000 1.197826 -0.001625 0.999999 0.000000 -0.003272 0.000000 0.000000 1.000000 0.000000
0.999997 0.002575 0.000000 1.755815 -0.002575 0.999997 0.000000 -0.012307 0.000000 0.000000 1.000000 0.000000
0.999984 0.005691 0.000000 2.352482 -0.005691 0.999984 0.000000 -0.028045 0.000000 0.000000 1.000000 0.000000
0.999974 0.007169 0.000000 2.912059 -0.007169 0.999974 0.000000 -0.029541 0.000000 0.000000 1.000000 0.000000
0.999973 0.007414 0.000000 3.494961 -0.007414 0.999973 0.000000 -0.016104 0.000000 0.000000 1.000000 0.000000
0.999957 0.009227 0.000000 4.063067 -0.009227 0.999957 0.000000 -0.015736 0.000000 0.000000 1.000000 0.000000
0.999959 0.009095 0.000000 4.639148 -0.009095 0.999959 0.000000 -0.031908 0.000000 0.000000 1.000000 0.000000
0.999940 0.010956 0.000000 5.222376 -0.010956 0.999940 0.000000 -0.046480 0.000000 0.000000 1.000000 0.000000
0.999911 0.013326 0.000000 5.985089 -0.013326 0.999911 0.000000 -0.061222 0.000000 0.000000 1.000000 0.000000
0.999890 0.014863 0.000000 6.610486 -0.014863 0.999890 0.000000 -0.079537 0.000000 0.000000 1.000000 0.000000
0.999874 0.015900 0.000000 7.144775 -0.015900 0.999874 0.000000 -0.093691 0.000000 0.000000 1.000000 0.000000
0.999830 0.018447 0.000000 7.765141 -0.018447 0.999830 0.000000 -0.106165 0.000000 0.000000 1.000000 0.000000
0.999757 0.022045 0.000000 8.348181 -0.022045 0.999757 0.000000 -0.116744 0.000000 0.000000 1.000000 0.000000
0.999737 0.022949 0.000000 8.934546 -0.022949 0.999737 0.000000 -0.138552 0.000000 0.000000 1.000000 0.000000
0.999645 0.026662 0.000000 9.521451 -0.026662 0.999645 0.000000 -0.148757 0.000000 0.000000 1.000000 0.000000
0.999608 0.028009 0.000000 10.105467 -0.028009 0.999608 0.000000 -0.173898 0.000000 0.000000 1.000000 0.000000
0.999575 0.029167 0.000000 10.682613 -0.029167 0.999575 0.000000 -0.191616 0.000000 0.000000 1.000000 0.000000
0.999549 0.030027 0.000000 11.261464 -0.030027 0.999549 0.000000 -0.216716 0.000000 0.000000 1.000000 0.000000
0.999473 0.032451 0.000000 11.829954 -0.032451 0.999473 0.000000 -0.239126 0.000000 0.000000 1.000000 0.000000
0.999396 0.034760 0.000000 12.404353 -0.034760 0.999396 0.000000 -0.266372 0.000000 0.000000 1.000000 0.000000
0.999392 0.034876 0.000000 12.951385 -0.034876 0.999392 0.000000 -0.296092 0.000000 0.000000 1.000000 0.000000
0.999299 0.037437 0.000000 13.518330 -0.037437 0.999299 0.000000 -0.325850 0.000000 0.000000 1.000000 0.000000
0.999246 0.038829 0.000000 14.611797 -0.038829 0.999246 0.000000 -0.375117 0.000000 0.000000 1.000000 0.000000
0.999292 0.037632 0.000000 15.533154 -0.037632 0.999292 0.000000 -0.425028 0.000000 0.000000 1.000000 0.000000
0.999348 0.036100 0.000000 16.093504 -0.036100 0.999348 0.000000 -0.463933 0.000000 0.000000 1.000000 0.000000
0.999287 0.037754 0.000000 16.653466 -0.037754 0.999287 0.000000 -0.501987 0.000000 0.000000 1.000000 0.000000
0.999212 0.039683 0.000000 17.209496 -0.039683 0.999212 0.000000 -0.538955 0.000000 0.000000 1.000000 0.000000
0.999209 0.039761 0.000000 17.765596 -0.039761 0.999209 0.000000 -0.576480 0.000000 0.000000 1.000000 0.000000
0.999200 0.039996 0.000000 18.366832 -0.039996 0.999200 0.000000 -0.620433 0.000000 0.000000 1.000000 0.000000
0.998757 0.049849 0.000000 18.942980 -0.049849 0.998757 0.000000 -0.659246 0.000000 0.000000 1.000000 0.000000
0.997970 0.063687 0.000000 20.072760 -0.063687 0.997970 0.000000 -0.732044 0.000000 0.000000 1.000000 0.000000
0.998016 0.062968 0.000000 20.639976 -0.062968 0.998016 0.000000 -0.788774 0.000000 0.000000 1.000000 0.000000
0.997889 0.064939 0.000000 21.198662 -0.064939 0.997889 0.000000 -0.839466 0.000000 0.000000 1.000000 0.000000
0.997917 0.064511 0.000000 21.727497 -0.064511 0.997917 0.000000 -0.893277 0.000000 0.000000 1.000000 0.000000
0.997979 0.063550 0.000000 22.290120 -0.063550 0.997979 0.000000 -0.941274 0.000000 0.000000 1.000000 0.000000
0.997548 0.069992 0.000000 23.185541 -0.069992 0.997548 0.000000 -1.013384 0.000000 0.000000 1.000000 0.000000
0.997509 0.070544 0.000000 23.785675 -0.070544 0.997509 0.000000 -1.063526 0.000000 0.000000 1.000000 0.000000
0.997299 0.073452 0.000000 24.343950 -0.073452 0.997299 0.000000 -1.105965 0.000000 0.000000 1.000000 0.000000
0.997231 0.074368 0.000000 24.908465 -0.074368 0.997231 0.000000 -1.151561 0.000000 0.000000 1.000000 0.000000
0.997118 0.075868 0.000000 25.476681 -0.075868 0.997118 0.000000 -1.200204 0.000000 0.000000 1.000000 0.000000
0.997014 0.077215 0.000000 26.042852 -0.077215 0.997014 0.000000 -1.245093 0.000000 0.000000 1.000000 0.000000
0.996817 0.079722 0.000000 26.602647 -0.079722 0.996817 0.000000 -1.290043 0.000000 0.000000 1.000000 0.000000
0.996833 0.079520 0.000000 27.172261 -0.079520 0.996833 0.000000 -1.338224 0.000000 0.000000 1.000000 0.000000
0.996725 0.080864 0.000000 27.735532 -0.080864 0.996725 0.000000 -1.382751 0.000000 0.000000 1.000000 0.000000
0.996594 0.082462 0.000000 28.263640 -0.082462 0.996594 0.000000 -1.427865 0.000000 0.000000 1.000000 0.000000
0.996295 0.085999 0.000000 29.206721 -0.085999 0.996295 0.000000 -1.500642 0.000000 0.000000 1.000000 0.000000
0.995858 0.090922 0.000000 29.772045 -0.090922 0.995858 0.000000 -1.538262 0.000000 0.000000 1.000000 0.000000
0.995633 0.093358 0.000000 30.330927 -0.093358 0.995633 0.000000 -1.565809 0.000000 0.000000 1.000000 0.000000
0.995497 0.094790 0.000000 30.898758 -0.094790 0.995497 0.000000 -1.592098 0.000000 0.000000 1.000000 0.000000
0.995217 0.097691 0.000000 31.460727 -0.097691 0.995217 0.000000 -1.636582 0.000000 0.000000 1.000000 0.000000
0.995085 0.099028 0.000000 32.022917 -0.099028 0.995085 0.000000 -1.687068 0.000000 0.000000 1.000000 0.000000
0.994929 0.100575 0.000000 32.615699 -0.100575 0.994929 0.000000 -1.732112 0.000000 0.000000 1.000000 0.000000
0.994895 0.100913 0.000000 33.136291 -0.100913 0.994895 0.000000 -1.789100 0.000000 0.000000 1.000000 0.000000
0.994913 0.100733 0.000000 33.682896 -0.100733 0.994913 0.000000 -1.838247 0.000000 0.000000 1.000000 0.000000
0.994988 0.099996 0.000000 34.242011 -0.099996 0.994988 0.000000 -1.886422 0.000000 0.000000 1.000000 0.000000
0.994583 0.103945 0.000000 34.799779 -0.103945 0.994583 0.000000 -1.938512 0.000000 0.000000 1.000000 0.000000
0.994387 0.105803 0.000000 35.318584 -0.105803 0.994387 0.000000 -1.985430 0.000000 0.000000 1.000000 0.000000
0.994225 0.107312 0.000000 35.868029 -0.107312 0.994225 0.000000 -2.053342 0.000000 0.000000 1.000000 0.000000
0.994148 0.108023 0.000000 36.385395 -0.108023 0.994148 0.000000 -2.112046 0.000000 0.000000 1.000000 0.000000
0.994212 0.107437 0.000000 37.346771 -0.107437 0.994212 0.000000 -2.209221 0.000000 0.000000 1.000000 0.000000
0.994129 0.108203 0.000000 37.901093 -0.108203 0.994129 0.000000 -2.266786 0.000000 0.000000 1.000000 0.000000
0.993842 0.110807 0.000000 38.452045 -0.110807 0.993842 0.000000 -2.326238 0.000000 0.000000 1.000000 0.000000
0.993395 0.114745 0.000000 39.539069 -0.114745 0.993395 0.000000 -2.451858 0.000000 0.000000 1.000000 0.000000
0.992966 0.118401 0.000000 40.107507 -0.118401 0.992966 0.000000 -2.522637 0.000000 0.000000 1.000000 0.000000
0.992728 0.120379 0.000000 40.599786 -0.120379 0.992728 0.000000 -2.572211 0.000000 0.000000 1.000000 0.000000
0.992512 0.122150 0.000000 41.636760 -0.122150 0.992512 0.000000 -2.688753 0.000000 0.000000 1.000000 0.000000
0.992398 0.123074 0.000000 42.160394 -0.123074 0.992398 0.000000 -2.751117 0.000000 0.000000 1.000000 0.000000
0.992475 0.122449 0.000000 42.664349 -0.122449 0.992475 0.000000 -2.808005 0.000000 0.000000 1.000000 0.000000
0.992436 0.122767 0.000000 43.145727 -0.122767 0.992436 0.000000 -2.854249 0.000000 0.000000 1.000000 0.000000
0.992078 0.125622 0.000000 44.032998 -0.125622 0.992078 0.000000 -2.958187 0.000000 0.000000 1.000000 0.000000
0.992148 0.125065 0.000000 44.529713 -0.125065 0.992148 0.000000 -3.018816 0.000000 0.000000 1.000000 0.000000
0.991530 0.129875 0.000000 45.023054 -0.129875 0.991530 0.000000 -3.054725 0.000000 0.000000 1.000000 0.000000
0.990702 0.136052 0.000000 45.518141 -0.136052 0.990702 0.000000 -3.102142 0.000000 0.000000 1.000000 0.000000
0.990539 0.137234 0.000000 46.006253 -0.137234 0.990539 0.000000 -3.153262 0.000000 0.000000 1.000000 0.000000
0.990332 0.138716 0.000000 46.476060 -0.138716 0.990332 0.000000 -3.192298 0.000000 0.000000 1.000000 0.000000
0.989886 0.141864 0.000000 46.945936 -0.141864 0.989886 0.000000 -3.246753 0.000000 0.000000 1.000000 0.000000
0.989252 0.146223 0.000000 47.648710 -0.146223 0.989252 0.000000 -3.347897 0.000000 0.000000 1.000000 0.000000
0.989277 0.146049 0.000000 48.074386 -0.146049 0.989277 0.000000 -3.412333 0.000000 0.000000 1.000000 0.000000
0.989062 0.147498 0.000000 48.521967 -0.147498 0.989062 0.000000 -3.472524 0.000000 0.000000 1.000000 0.000000
0.989139 0.146981 0.000000 48.959155 -0.146981 0.989139 0.000000 -3.526594 0.000000 0.000000 1.000000 0.000000
0.989036 0.147677 0.000000 49.374651 -0.147677 0.989036 0.000000 -3.573162 0.000000 0.000000 1.000000 0.000000
0.989477 0.144693 0.000000 49.797711 -0.144693 0.989477 0.000000 -3.621160 0.000000 0.000000 1.000000 0.000000
0.989521 0.144386 0.000000 50.523083 -0.144386 0.989521 0.000000 -3.714765 0.000000 0.000000 1.000000 0.000000
0.989216 0.146464 0.000000 50.895941 -0.146464 0.989216 0.000000 -3.756968 0.000000 0.000000 1.000000 0.000000
0.989026 0.147743 0.000000 51.321251 -0.147743 0.989026 0.000000 -3.802870 0.000000 0.000000 1.000000 0.000000
0.988902 0.148567 0.000000 51.706448 -0.148567 0.988902 0.000000 -3.847795 0.000000 0.000000 1.000000 0.000000
0.988810 0.149179 0.000000 52.085983 -0.149179 0.988810 0.000000 -3.894344 0.000000 0.000000 1.000000 0.000000
0.988717 0.149794 0.000000 52.455187 -0.149794 0.988717 0.000000 -3.931409 0.000000 0.000000 1.000000 0.000000
0.988430 0.151679 0.000000 52.829769 -0.151679 0.988430 0.000000 -3.986993 0.000000 0.000000 1.000000 0.000000
0.988260 0.152781 0.000000 53.201233 -0.152781 0.988260 0.000000 -4.049994 0.000000 0.000000 1.000000 0.000000
0.987939 0.154840 0.000000 53.559099 -0.154840 0.987939 0.000000 -4.101157 0.000000 0.000000 1.000000 0.000000
0.987635 0.156772 0.000000 53.914610 -0.156772 0.987635 0.000000 -4.152706 0.000000 0.000000 1.000000 0.000000
0.987027 0.160552 0.000000 54.588244 -0.160552 0.987027 0.000000 -4.263337 0.000000 0.000000 1.000000 0.000000
0.987059 0.160359 0.000000 54.921928 -0.160359 0.987059 0.000000 -4.319902 0.000000 0.000000 1.000000 0.000000
0.987002 0.160711 0.000000 55.227859 -0.160711 0.987002 0.000000 -4.373529 0.000000 0.000000 1.000000 0.000000
0.986836 0.161726 0.000000 55.547305 -0.161726 0.986836 0.000000 -4.427979 0.000000 0.000000 1.000000 0.000000
0.986572 0.163326 0.000000 55.863879 -0.163326 0.986572 0.000000 -4.473970 0.000000 0.000000 1.000000 0.000000
0.986294 0.164999 0.000000 56.153497 -0.164999 0.986294 0.000000 -4.512340 0.000000 0.000000 1.000000 0.000000
0.985218 0.171307 0.000000 56.466558 -0.171307 0.985218 0.000000 -4.544557 0.000000 0.000000 1.000000 0.000000
0.985090 0.172040 0.000000 56.780670 -0.172040 0.985090 0.000000 -4.602231 0.000000 0.000000 1.000000 0.000000
0.985469 0.169857 0.000000 57.294062 -0.169857 0.985469 0.000000 -4.699401 0.000000 0.000000 1.000000 0.000000
0.985460 0.169907 0.000000 57.595153 -0.169907 0.985460 0.000000 -4.753618 0.000000 0.000000 1.000000 0.000000
0.985144 0.171733 0.000000 57.889481 -0.171733 0.985144 0.000000 -4.813749 0.000000 0.000000 1.000000 0.000000
0.984735 0.174062 0.000000 58.201876 -0.174062 0.984735 0.000000 -4.866329 0.000000 0.000000 1.000000 0.000000
0.984571 0.174986 0.000000 58.491311 -0.174986 0.984571 0.000000 -4.912013 0.000000 0.000000 1.000000 0.000000
0.984159 0.177290 0.000000 58.759838 -0.177290 0.984159 0.000000 -4.954664 0.000000 0.000000 1.000000 0.000000
0.984111 0.177553 0.000000 59.054979 -0.177553 0.984111 0.000000 -5.000666 0.000000 0.000000 1.000000 0.000000
0.984076 0.177748 0.000000 59.325068 -0.177748 0.984076 0.000000 -5.052069 0.000000 0.000000 1.000000 0.000000
0.983851 0.178989 0.000000 59.592944 -0.178989 0.983851 0.000000 -5.097185 0.000000 0.000000 1.000000 0.000000
0.983162 0.182736 0.000000 60.045507 -0.182736 0.983162 0.000000 -5.188129 0.000000 0.000000 1.000000 0.000000
0.982839 0.184467 0.000000 60.285156 -0.184467 0.982839 0.000000 -5.236256 0.000000 0.000000 1.000000 0.000000
0.982762 0.184877 0.000000 60.562261 -0.184877 0.982762 0.000000 -5.287502 0.000000 0.000000 1.000000 0.000000
0.982597 0.185750 0.000000 60.823135 -0.185750 0.982597 0.000000 -5.333317 0.000000 0.000000 1.000000 0.000000
0.982342 0.187093 0.000000 61.082549 -0.187093 0.982342 0.000000 -5.380576 0.000000 0.000000 1.000000 0.000000
0.982121 0.188251 0.000000 61.341465 -0.188251 0.982121 0.000000 -5.429293 0.000000 0.000000 1.000000 0.000000
0.981786 0.189990 0.000000 61.595602 -0.189990 0.981786 0.000000 -5.469644 0.000000 0.000000 1.000000 0.000000
0.981645 0.190716 0.000000 61.857330 -0.190716 0.981645 0.000000 -5.519859 0.000000 0.000000 1.000000 0.000000
0.981490 0.191513 0.000000 62.101727 -0.191513 0.981490 0.000000 -5.561599 0.000000 0.000000 1.000000 0.000000
0.981445 0.191746 0.000000 62.366551 -0.191746 0.981445 0.000000 -5.610635 0.000000 0.000000 1.000000 0.000000
0.981235 0.192817 0.000000 62.611441 -0.192817 0.981235 0.000000 -5.659978 0.000000 0.000000 1.000000 0.000000
0.980995 0.194033 0.000000 62.864748 -0.194033 0.980995 0.000000 -5.709303 0.000000 0.000000 1.000000 0.000000
0.980607 0.195985 0.000000 63.294748 -0.195985 0.980607 0.000000 -5.802277 0.000000 0.000000 1.000000 0.000000
0.980306 0.197486 0.000000 63.559671 -0.197486 0.980306 0.000000 -5.856331 0.000000 0.000000 1.000000 0.000000
0.980195 0.198036 0.000000 63.837247 -0.198036 0.980195 0.000000 -5.911599 0.000000 0.000000 1.000000 0.000000
0.979977 0.199112 0.000000 64.108189 -0.199112 0.979977 0.000000 -5.971101 0.000000 0.000000 1.000000 0.000000
0.979923 0.199377 0.000000 64.388363 -0.199377 0.979923 0.000000 -6.033195 0.000000 0.000000 1.000000 0.000000
0.979553 0.201184 0.000000 64.680871 -0.201184 0.979553 0.000000 -6.093394 0.000000 0.000000 1.000000 0.000000
0.979426 0.201803 0.000000 64.931963 -0.201803 0.979426 0.000000 -6.150916 0.000000 0.000000 1.000000 0.000000
0.979456 0.201656 0.000000 65.222795 -0.201656 0.979456 0.000000 -6.220368 0.000000 0.000000 1.000000 0.000000
0.978902 0.204330 0.000000 65.494717 -0.204330 0.978902 0.000000 -6.280194 0.000000 0.000000 1.000000 0.000000
0.978336 0.207025 0.000000 65.755889 -0.207025 0.978336 0.000000 -6.342609 0.000000 0.000000 1.000000 0.000000
0.978256 0.207403 0.000000 66.030158 -0.207403 0.978256 0.000000 -6.407697 0.000000 0.000000 1.000000 0.000000
0.978414 0.206654 0.000000 66.290876 -0.206654 0.978414 0.000000 -6.476555 0.000000 0.000000 1.000000 0.000000
0.977834 0.209384 0.000000 67.058620 -0.209384 0.977834 0.000000 -6.660418 0.000000 0.000000 1.000000 0.000000
0.977145 0.212576 0.000000 67.345474 -0.212576 0.977145 0.000000 -6.718579 0.000000 0.000000 1.000000 0.000000
0.976574 0.215181 0.000000 67.636477 -0.215181 0.976574 0.000000 -6.779985 0.000000 0.000000 1.000000 0.000000
0.976129 0.217189 0.000000 67.921263 -0.217189 0.976129 0.000000 -6.841490 0.000000 0.000000 1.000000 0.000000
0.976566 0.215216 0.000000 68.205128 -0.215216 0.976566 0.000000 -6.898746 0.000000 0.000000 1.000000 0.000000
0.975991 0.217810 0.000000 68.778911 -0.217810 0.975991 0.000000 -7.026133 0.000000 0.000000 1.000000 0.000000
0.976011 0.217721 0.000000 69.068263 -0.217721 0.976011 0.000000 -7.089998 0.000000 0.000000 1.000000 0.000000
0.975697 0.219126 0.000000 69.346531 -0.219126 0.975697 0.000000 -7.147724 0.000000 0.000000 1.000000 0.000000
0.975420 0.220352 0.000000 69.804357 -0.220352 0.975420 0.000000 -7.253541 0.000000 0.000000 1.000000 0.000000
0.974706 0.223490 0.000000 70.106048 -0.223490 0.974706 0.000000 -7.329159 0.000000 0.000000 1.000000 0.000000
0.973516 0.228618 0.000000 70.626147 -0.228618 0.973516 0.000000 -7.454894 0.000000 0.000000 1.000000 0.000000
0.973360 0.229283 0.000000 70.956108 -0.229283 0.973360 0.000000 -7.528757 0.000000 0.000000 1.000000 0.000000
0.973421 0.229022 0.000000 71.286900 -0.229022 0.973421 0.000000 -7.607527 0.000000 0.000000 1.000000 0.000000
0.971734 0.236079 0.000000 71.603271 -0.236079 0.971734 0.000000 -7.661056 0.000000 0.000000 1.000000 0.000000
0.971744 0.236036 0.000000 71.947212 -0.236036 0.971744 0.000000 -7.738141 0.000000 0.000000 1.000000 0.000000
0.971187 0.238317 0.000000 72.506799 -0.238317 0.971187 0.000000 -7.877659 0.000000 0.000000 1.000000 0.000000
0.971959 0.235150 0.000000 72.842200 -0.235150 0.971959 0.000000 -7.961234 0.000000 0.000000 1.000000 0.000000
0.971712 0.236170 0.000000 73.214109 -0.236170 0.971712 0.000000 -8.058165 0.000000 0.000000 1.000000 0.000000
0.971727 0.236109 0.000000 73.564444 -0.236109 0.971727 0.000000 -8.141559 0.000000 0.000000 1.000000 0.000000
0.971719 0.236139 0.000000 74.202502 -0.236139 0.971719 0.000000 -8.310766 0.000000 0.000000 1.000000 0.000000
0.971948 0.235196 0.000000 74.852485 -0.235196 0.971948 0.000000 -8.464145 0.000000 0.000000 1.000000 0.000000
0.972353 0.233517 0.000000 75.226404 -0.233517 0.972353 0.000000 -8.572268 0.000000 0.000000 1.000000 0.000000
0.972657 0.232248 0.000000 75.635178 -0.232248 0.972657 0.000000 -8.669022 0.000000 0.000000 1.000000 0.000000
0.972287 0.233789 0.000000 76.023875 -0.233789 0.972287 0.000000 -8.768103 0.000000 0.000000 1.000000 0.000000
0.972748 0.231863 0.000000 76.442849 -0.231863 0.972748 0.000000 -8.886008 0.000000 0.000000 1.000000 0.000000
0.972159 0.234323 0.000000 76.841866 -0.234323 0.972159 0.000000 -8.988899 0.000000 0.000000 1.000000 0.000000
0.972286 0.233793 0.000000 77.281132 -0.233793 0.972286 0.000000 -9.091755 0.000000 0.000000 1.000000 0.000000
0.973145 0.230191 0.000000 77.957282 -0.230191 0.973145 0.000000 -9.245934 0.000000 0.000000 1.000000 0.000000
0.973009 0.230766 0.000000 78.755961 -0.230766 0.973009 0.000000 -9.437670 0.000000 0.000000 1.000000 0.000000
0.973052 0.230588 0.000000 79.223742 -0.230588 0.973052 0.000000 -9.549039 0.000000 0.000000 1.000000 0.000000
0.972055 0.234753 0.000000 79.697460 -0.234753 0.972055 0.000000 -9.661045 0.000000 0.000000 1.000000 0.000000
0.971691 0.236256 0.000000 80.150709 -0.236256 0.971691 0.000000 -9.769428 0.000000 0.000000 1.000000 0.000000
0.971300 0.237856 0.000000 80.651005 -0.237856 0.971300 0.000000 -9.892493 0.000000 0.000000 1.000000 0.000000
0.970992 0.239111 0.000000 81.089501 -0.239111 0.970992 0.000000 -9.994356 0.000000 0.000000 1.000000 0.000000
0.969191 0.246312 0.000000 81.572989 -0.246312 0.969191 0.000000 -10.104110 0.000000 0.000000 1.000000 0.000000
0.968455 0.249187 0.000000 82.064562 -0.249187 0.968455 0.000000 -10.218740 0.000000 0.000000 1.000000 0.000000
0.967356 0.253423 0.000000 82.563573 -0.253423 0.967356 0.000000 -10.338945 0.000000 0.000000 1.000000 0.000000
0.966654 0.256085 0.000000 83.034111 -0.256085 0.966654 0.000000 -10.462747 0.000000 0.000000 1.000000 0.000000
0.966122 0.258086 0.000000 83.542880 -0.258086 0.966122 0.000000 -10.596563 0.000000 0.000000 1.000000 0.000000
0.964713 0.263303 0.000000 84.467538 -0.263303 0.964713 0.000000 -10.842129 0.000000 0.000000 1.000000 0.000000
0.964693 0.263376 0.000000 84.984611 -0.263376 0.964693 0.000000 -10.991079 0.000000 0.000000 1.000000 0.000000
0.964511 0.264044 0.000000 85.509533 -0.264044 0.964511 0.000000 -11.139046 0.000000 0.000000 1.000000 0.000000
0.963248 0.268615 0.000000 86.042858 -0.268615 0.963248 0.000000 -11.271233 0.000000 0.000000 1.000000 0.000000
0.961796 0.273766 0.000000 86.583094 -0.273766 0.961796 0.000000 -11.418389 0.000000 0.000000 1.000000 0.000000
0.961780 0.273822 0.000000 87.407491 -0.273822 0.961780 0.000000 -11.659799 0.000000 0.000000 1.000000 0.000000
0.961409 0.275123 0.000000 87.921425 -0.275123 0.961409 0.000000 -11.793768 0.000000 0.000000 1.000000 0.000000
0.958586 0.284805 0.000000 89.000235 -0.284805 0.958586 0.000000 -12.108977 0.000000 0.000000 1.000000 0.000000
0.957663 0.287893 0.000000 89.719831 -0.287893 0.957663 0.000000 -12.313017 0.000000 0.000000 1.000000 0.000000
0.957035 0.289972 0.000000 90.284116 -0.289972 0.957035 0.000000 -12.461952 0.000000 0.000000 1.000000 0.000000
0.956025 0.293286 0.000000 90.846355 -0.293286 0.956025 0.000000 -12.634017 0.000000 0.000000 1.000000 0.000000
0.954754 0.297396 0.000000 91.419536 -0.297396 0.954754 0.000000 -12.808866 0.000000 0.000000 1.000000 0.000000
0.954842 0.297115 0.000000 92.002636 -0.297115 0.954842 0.000000 -12.975091 0.000000 0.000000 1.000000 0.000000
0.954879 0.296995 0.000000 92.618569 -0.296995 0.954879 0.000000 -13.158124 0.000000 0.000000 1.000000 0.000000
0.954550 0.298051 0.000000 93.182822 -0.298051 0.954550 0.000000 -13.325001 0.000000 0.000000 1.000000 0.000000
0.953866 0.300232 0.000000 93.757292 -0.300232 0.953866 0.000000 -13.507449 0.000000 0.000000 1.000000 0.000000
0.953764 0.300557 0.000000 94.351432 -0.300557 0.953764 0.000000 -13.695907 0.000000 0.000000 1.000000 0.000000
0.955065 0.296398 0.000000 94.908814 -0.296398 0.955065 0.000000 -13.870588 0.000000 0.000000 1.000000 0.000000
0.956031 0.293265 0.000000 95.496707 -0.293265 0.956031 0.000000 -14.056802 0.000000 0.000000 1.000000 0.000000
0.956123 0.292965 0.000000 96.095955 -0.292965 0.956123 0.000000 -14.241425 0.000000 0.000000 1.000000 0.000000
0.955834 0.293906 0.000000 96.655168 -0.293906 0.955834 0.000000 -14.414908 0.000000 0.000000 1.000000 0.000000
0.955889 0.293727 0.000000 97.726551 -0.293727 0.955889 0.000000 -14.738668 0.000000 0.000000 1.000000 0.000000
0.955729 0.294248 0.000000 98.379155 -0.294248 0.955729 0.000000 -14.943869 0.000000 0.000000 1.000000 0.000000
0.955690 0.294375 0.000000 98.976917 -0.294375 0.955690 0.000000 -15.135049 0.000000 0.000000 1.000000 0.000000
0.954949 0.296770 0.000000 99.580394 -0.296770 0.954949 0.000000 -15.326890 0.000000 0.000000 1.000000 0.000000
0.954014 0.299761 0.000000 100.174973 -0.299761 0.954014 0.000000 -15.516703 0.000000 0.000000 1.000000 0.000000
0.954554 0.298039 0.000000 100.784860 -0.298039 0.954554 0.000000 -15.718921 0.000000 0.000000 1.000000 0.000000
0.954363 0.298649 0.000000 101.356747 -0.298649 0.954363 0.000000 -15.895065 0.000000 0.000000 1.000000 0.000000
0.954325 0.298771 0.000000 101.962019 -0.298771 0.954325 0.000000 -16.078567 0.000000 0.000000 1.000000 0.000000
0.954164 0.299285 0.000000 102.530949 -0.299285 0.954164 0.000000 -16.250733 0.000000 0.000000 1.000000 0.000000
0.953258 0.302159 0.000000 103.142560 -0.302159 0.953258 0.000000 -16.451095 0.000000 0.000000 1.000000 0.000000
0.952478 0.304606 0.000000 103.747407 -0.304606 0.952478 0.000000 -16.653321 0.000000 0.000000 1.000000 0.000000
0.952068 0.305888 0.000000 104.367690 -0.305888 0.952068 0.000000 -16.851966 0.000000 0.000000 1.000000 0.000000
0.952338 0.305044 0.000000 105.138445 -0.305044 0.952338 0.000000 -17.109650 0.000000 0.000000 1.000000 0.000000
0.952214 0.305432 0.000000 105.724986 -0.305432 0.952214 0.000000 -17.294222 0.000000 0.000000 1.000000 0.000000
0.950284 0.311384 0.000000 106.351212 -0.311384 0.950284 0.000000 -17.505071 0.000000 0.000000 1.000000 0.000000
0.950951 0.309341 0.000000 107.340107 -0.309341 0.950951 0.000000 -17.831513 0.000000 0.000000 1.000000 0.000000
0.950833 0.309704 0.000000 107.975599 -0.309704 0.950833 0.000000 -18.043732 0.000000 0.000000 1.000000 0.000000
0.950595 0.310433 0.000000 108.611361 -0.310433 0.950595 0.000000 -18.261782 0.000000 0.000000 1.000000 0.000000
0.949657 0.313291 0.000000 109.256238 -0.313291 0.949657 0.000000 -18.483163 0.000000 0.000000 1.000000 0.000000
0.949613 0.313425 0.000000 109.880641 -0.313425 0.949613 0.000000 -18.704592 0.000000 0.000000 1.000000 0.000000
0.949404 0.314057 0.000000 110.521006 -0.314057 0.949404 0.000000 -18.923025 0.000000 0.000000 1.000000 0.000000
0.949702 0.313156 0.000000 111.122958 -0.313156 0.949702 0.000000 -19.126147 0.000000 0.000000 1.000000 0.000000
0.949639 0.313345 0.000000 112.262581 -0.313345 0.949639 0.000000 -19.499527 0.000000 0.000000 1.000000 0.000000
0.949708 0.313138 0.000000 112.902136 -0.313138 0.949708 0.000000 -19.713306 0.000000 0.000000 1.000000 0.000000
0.949958 0.312378 0.000000 113.545755 -0.312378 0.949958 0.000000 -19.927171 0.000000 0.000000 1.000000 0.000000
0.949862 0.312668 0.000000 114.185947 -0.312668 0.949862 0.000000 -20.144493 0.000000 0.000000 1.000000 0.000000
0.949267 0.314470 0.000000 115.496372 -0.314470 0.949267 0.000000 -20.575246 0.000000 0.000000 1.000000 0.000000
0.949437 0.313959 0.000000 116.089181 -0.313959 0.949437 0.000000 -20.771085 0.000000 0.000000 1.000000 0.000000
0.948443 0.316948 0.000000 116.735505 -0.316948 0.948443 0.000000 -20.987060 0.000000 0.000000 1.000000 0.000000
0.948280 0.317434 0.000000 117.335509 -0.317434 0.948280 0.000000 -21.194803 0.000000 0.000000 1.000000 0.000000
0.947992 0.318295 0.000000 117.930186 -0.318295 0.947992 0.000000 -21.396628 0.000000 0.000000 1.000000 0.000000
0.941347 0.337439 0.000000 122.535903 -0.337439 0.941347 0.000000 -23.092837 0.000000 0.000000 1.000000 0.000000
0.942794 0.333376 0.000000 123.165685 -0.333376 0.942794 0.000000 -23.323414 0.000000 0.000000 1.000000 0.000000
0.942286 0.334808 0.000000 123.763957 -0.334808 0.942286 0.000000 -23.539179 0.000000 0.000000 1.000000 0.000000
0.943403 0.331647 0.000000 124.372181 -0.331647 0.943403 0.000000 -23.777063 0.000000 0.000000 1.000000 0.000000
0.942633 0.333831 0.000000 124.949862 -0.333831 0.942633 0.000000 -24.004108 0.000000 0.000000 1.000000 0.000000
0.943732 0.330712 0.000000 125.549510 -0.330712 0.943732 0.000000 -24.227524 0.000000 0.000000 1.000000 0.000000
0.941970 0.335698 0.000000 126.169395 -0.335698 0.941970 0.000000 -24.468153 0.000000 0.000000 1.000000 0.000000
0.942228 0.334973 0.000000 126.958482 -0.334973 0.942228 0.000000 -24.777295 0.000000 0.000000 1.000000 0.000000
0.941520 0.336956 0.000000 127.573303 -0.336956 0.941520 0.000000 -25.018019 0.000000 0.000000 1.000000 0.000000
0.940008 0.341153 0.000000 128.184248 -0.341153 0.940008 0.000000 -25.238076 0.000000 0.000000 1.000000 0.000000
0.939870 0.341532 0.000000 129.070150 -0.341532 0.939870 0.000000 -25.569925 0.000000 0.000000 1.000000 0.000000
0.939844 0.341604 0.000000 129.667468 -0.341604 0.939844 0.000000 -25.801316 0.000000 0.000000 1.000000 0.000000
0.939530 0.342466 0.000000 130.269649 -0.342466 0.939530 0.000000 -26.034238 0.000000 0.000000 1.000000 0.000000
0.939491 0.342575 0.000000 130.865409 -0.342575 0.939491 0.000000 -26.263476 0.000000 0.000000 1.000000 0.000000
0.939242 0.343255 0.000000 131.455819 -0.343255 0.939242 0.000000 -26.495504 0.000000 0.000000 1.000000 0.000000
0.938587 0.345044 0.000000 132.336697 -0.345044 0.938587 0.000000 -26.829842 0.000000 0.000000 1.000000 0.000000
0.938078 0.346423 0.000000 132.909390 -0.346423 0.938078 0.000000 -27.049187 0.000000 0.000000 1.000000 0.000000
0.937465 0.348080 0.000000 133.501543 -0.348080 0.937465 0.000000 -27.274908 0.000000 0.000000 1.000000 0.000000
0.936634 0.350309 0.000000 134.054754 -0.350309 0.936634 0.000000 -27.492433 0.000000 0.000000 1.000000 0.000000
0.935597 0.353069 0.000000 134.819334 -0.353069 0.935597 0.000000 -27.786339 0.000000 0.000000 1.000000 0.000000
0.934880 0.354964 0.000000 135.407110 -0.354964 0.934880 0.000000 -28.013951 0.000000 0.000000 1.000000 0.000000
0.934395 0.356238 0.000000 135.994152 -0.356238 0.934395 0.000000 -28.238008 0.000000 0.000000 1.000000 0.000000
0.934711 0.355408 0.000000 136.579797 -0.355408 0.934711 0.000000 -28.471827 0.000000 0.000000 1.000000 0.000000
0.935553 0.353187 0.000000 137.167112 -0.353187 0.935553 0.000000 -28.698485 0.000000 0.000000 1.000000 0.000000
0.935235 0.354027 0.000000 138.290004 -0.354027 0.935235 0.000000 -29.141160 0.000000 0.000000 1.000000 0.000000
0.936019 0.351948 0.000000 138.831030 -0.351948 0.936019 0.000000 -29.351400 0.000000 0.000000 1.000000 0.000000
0.933310 0.359072 0.000000 139.401330 -0.359072 0.933310 0.000000 -29.561793 0.000000 0.000000 1.000000 0.000000
0.933854 0.357654 0.000000 139.969831 -0.357654 0.933854 0.000000 -29.784531 0.000000 0.000000 1.000000 0.000000
0.932515 0.361132 0.000000 140.507082 -0.361132 0.932515 0.000000 -29.995480 0.000000 0.000000 1.000000 0.000000
0.932704 0.360644 0.000000 141.072171 -0.360644 0.932704 0.000000 -30.231878 0.000000 0.000000 1.000000 0.000000
0.934563 0.355798 0.000000 141.764676 -0.355798 0.934563 0.000000 -30.515355 0.000000 0.000000 1.000000 0.000000
0.935235 0.354028 0.000000 142.317937 -0.354028 0.935235 0.000000 -30.745862 0.000000 0.000000 1.000000 0.000000
0.935136 0.354288 0.000000 142.835092 -0.354288 0.935136 0.000000 -30.956607 0.000000 0.000000 1.000000 0.000000
0.934974 0.354717 0.000000 143.398306 -0.354717 0.934974 0.000000 -31.184243 0.000000 0.000000 1.000000 0.000000
0.934518 0.355916 0.000000 143.949191 -0.355916 0.934518 0.000000 -31.410807 0.000000 0.000000 1.000000 0.000000
0.934059 0.357120 0.000000 144.460113 -0.357120 0.934059 0.000000 -31.618016 0.000000 0.000000 1.000000 0.000000
0.933343 0.358986 0.000000 145.010349 -0.358986 0.933343 0.000000 -31.839679 0.000000 0.000000 1.000000 0.000000
0.934185 0.356789 0.000000 145.528217 -0.356789 0.934185 0.000000 -32.049309 0.000000 0.000000 1.000000 0.000000
0.933641 0.358211 0.000000 146.069629 -0.358211 0.933641 0.000000 -32.267430 0.000000 0.000000 1.000000 0.000000
0.932786 0.360431 0.000000 146.607246 -0.360431 0.932786 0.000000 -32.492662 0.000000 0.000000 1.000000 0.000000
0.932656 0.360768 0.000000 147.296329 -0.360768 0.932656 0.000000 -32.781496 0.000000 0.000000 1.000000 0.000000
0.931668 0.363310 0.000000 147.806764 -0.363310 0.931668 0.000000 -32.988516 0.000000 0.000000 1.000000 0.000000
0.930832 0.365447 0.000000 148.352526 -0.365447 0.930832 0.000000 -33.209604 0.000000 0.000000 1.000000 0.000000
0.929983 0.367602 0.000000 148.858113 -0.367602 0.929983 0.000000 -33.421107 0.000000 0.000000 1.000000 0.000000
0.929513 0.368790 0.000000 149.392315 -0.368790 0.929513 0.000000 -33.638946 0.000000 0.000000 1.000000 0.000000
0.929193 0.369594 0.000000 149.897605 -0.369594 0.929193 0.000000 -33.845471 0.000000 0.000000 1.000000 0.000000
0.928852 0.370452 0.000000 150.592563 -0.370452 0.928852 0.000000 -34.131846 0.000000 0.000000 1.000000 0.000000
0.928645 0.370969 0.000000 151.090062 -0.370969 0.928645 0.000000 -34.335424 0.000000 0.000000 1.000000 0.000000
0.925927 0.377704 0.000000 151.621464 -0.377704 0.925927 0.000000 -34.562487 0.000000 0.000000 1.000000 0.000000
0.925778 0.378068 0.000000 152.123545 -0.378068 0.925778 0.000000 -34.767718 0.000000 0.000000 1.000000 0.000000
0.925081 0.379769 0.000000 152.665209 -0.379769 0.925081 0.000000 -34.992031 0.000000 0.000000 1.000000 0.000000
0.924951 0.380087 0.000000 153.163930 -0.380087 0.924951 0.000000 -35.202341 0.000000 0.000000 1.000000 0.000000
0.924646 0.380828 0.000000 153.882948 -0.380828 0.924646 0.000000 -35.508739 0.000000 0.000000 1.000000 0.000000
0.924486 0.381217 0.000000 154.415145 -0.381217 0.924486 0.000000 -35.737565 0.000000 0.000000 1.000000 0.000000
0.925421 0.378941 0.000000 154.949283 -0.378941 0.925421 0.000000 -35.971212 0.000000 0.000000 1.000000 0.000000
0.926371 0.376613 0.000000 155.489021 -0.376613 0.926371 0.000000 -36.199941 0.000000 0.000000 1.000000 0.000000
0.927214 0.374531 0.000000 156.023630 -0.374531 0.927214 0.000000 -36.429362 0.000000 0.000000 1.000000 0.000000
0.926089 0.377305 0.000000 156.552655 -0.377305 0.926089 0.000000 -36.659219 0.000000 0.000000 1.000000 0.000000
0.926867 0.375390 0.000000 157.087902 -0.375390 0.926867 0.000000 -36.883768 0.000000 0.000000 1.000000 0.000000
0.927939 0.372733 0.000000 157.597004 -0.372733 0.927939 0.000000 -37.091254 0.000000 0.000000 1.000000 0.000000
0.928903 0.370322 0.000000 158.125752 -0.370322 0.928903 0.000000 -37.309700 0.000000 0.000000 1.000000 0.000000
0.928855 0.370444 0.000000 158.667471 -0.370444 0.928855 0.000000 -37.535735 0.000000 0.000000 1.000000 0.000000
0.928826 0.370516 0.000000 159.164863 -0.370516 0.928826 0.000000 -37.743943 0.000000 0.000000 1.000000 0.000000
0.928909 0.370307 0.000000 159.693476 -0.370307 0.928909 0.000000 -37.964519 0.000000 0.000000 1.000000 0.000000
0.929726 0.368253 0.000000 160.192561 -0.368253 0.929726 0.000000 -38.158243 0.000000 0.000000 1.000000 0.000000
0.929905 0.367800 0.000000 160.721737 -0.367800 0.929905 0.000000 -38.380772 0.000000 0.000000 1.000000 0.000000
0.931183 0.364553 0.000000 161.230888 -0.364553 0.931183 0.000000 -38.605337 0.000000 0.000000 1.000000 0.000000
0.932380 0.361478 0.000000 161.754516 -0.361478 0.932380 0.000000 -38.826878 0.000000 0.000000 1.000000 0.000000
0.932753 0.360516 0.000000 162.227903 -0.360516 0.932753 0.000000 -39.024267 0.000000 0.000000 1.000000 0.000000
0.933626 0.358248 0.000000 162.741358 -0.358248 0.933626 0.000000 -39.246106 0.000000 0.000000 1.000000 0.000000
0.934078 0.357069 0.000000 163.216218 -0.357069 0.934078 0.000000 -39.452781 0.000000 0.000000 1.000000 0.000000
0.935679 0.352853 0.000000 163.739317 -0.352853 0.935679 0.000000 -39.674712 0.000000 0.000000 1.000000 0.000000
0.936503 0.350659 0.000000 164.424041 -0.350659 0.936503 0.000000 -39.962548 0.000000 0.000000 1.000000 0.000000
0.936308 0.351181 0.000000 164.949088 -0.351181 0.936308 0.000000 -40.164910 0.000000 0.000000 1.000000 0.000000
0.936557 0.350516 0.000000 165.430191 -0.350516 0.936557 0.000000 -40.366409 0.000000 0.000000 1.000000 0.000000
0.935634 0.352973 0.000000 165.957996 -0.352973 0.935634 0.000000 -40.587152 0.000000 0.000000 1.000000 0.000000
0.935889 0.352296 0.000000 166.621929 -0.352296 0.935889 0.000000 -40.853499 0.000000 0.000000 1.000000 0.000000
0.937121 0.349005 0.000000 167.669788 -0.349005 0.937121 0.000000 -41.273980 0.000000 0.000000 1.000000 0.000000
0.936719 0.350083 0.000000 168.197743 -0.350083 0.936719 0.000000 -41.481051 0.000000 0.000000 1.000000 0.000000
0.937255 0.348646 0.000000 168.728404 -0.348646 0.937255 0.000000 -41.679249 0.000000 0.000000 1.000000 0.000000
0.936859 0.349707 0.000000 169.255487 -0.349707 0.936859 0.000000 -41.884810 0.000000 0.000000 1.000000 0.000000
0.937180 0.348847 0.000000 169.785090 -0.348847 0.937180 0.000000 -42.068904 0.000000 0.000000 1.000000 0.000000
0.937230 0.348710 0.000000 170.306861 -0.348710 0.937230 0.000000 -42.254453 0.000000 0.000000 1.000000 0.000000
0.936629 0.350322 0.000000 170.852913 -0.350322 0.936629 0.000000 -42.458607 0.000000 0.000000 1.000000 0.000000
0.936676 0.350198 0.000000 171.377479 -0.350198 0.936676 0.000000 -42.655449 0.000000 0.000000 1.000000 0.000000
0.935865 0.352357 0.000000 171.862474 -0.352357 0.935865 0.000000 -42.838108 0.000000 0.000000 1.000000 0.000000
0.935141 0.354276 0.000000 172.341589 -0.354276 0.935141 0.000000 -43.030665 0.000000 0.000000 1.000000 0.000000
0.935093 0.354402 0.000000 172.858878 -0.354402 0.935093 0.000000 -43.227328 0.000000 0.000000 1.000000 0.000000
0.935528 0.353253 0.000000 173.336888 -0.353253 0.935528 0.000000 -43.402791 0.000000 0.000000 1.000000 0.000000
0.936431 0.350853 0.000000 173.849642 -0.350853 0.936431 0.000000 -43.588389 0.000000 0.000000 1.000000 0.000000
0.936913 0.349562 0.000000 174.341956 -0.349562 0.936913 0.000000 -43.762090 0.000000 0.000000 1.000000 0.000000
0.936884 0.349640 0.000000 174.862608 -0.349640 0.936884 0.000000 -43.953637 0.000000 0.000000 1.000000 0.000000
0.936996 0.349339 0.000000 175.344669 -0.349339 0.936996 0.000000 -44.126769 0.000000 0.000000 1.000000 0.000000
0.938208 0.346071 0.000000 175.855789 -0.346071 0.938208 0.000000 -44.310295 0.000000 0.000000 1.000000 0.000000
0.938868 0.344277 0.000000 176.331339 -0.344277 0.938868 0.000000 -44.479244 0.000000 0.000000 1.000000 0.000000
0.938964 0.344016 0.000000 176.837784 -0.344016 0.938964 0.000000 -44.659415 0.000000 0.000000 1.000000 0.000000
0.938975 0.343984 0.000000 177.319807 -0.343984 0.938975 0.000000 -44.820775 0.000000 0.000000 1.000000 0.000000
0.938557 0.345124 0.000000 177.831865 -0.345124 0.938557 0.000000 -44.991425 0.000000 0.000000 1.000000 0.000000
0.939836 0.341625 0.000000 178.456146 -0.341625 0.939836 0.000000 -45.224227 0.000000 0.000000 1.000000 0.000000
0.941282 0.337621 0.000000 178.951197 -0.337621 0.941282 0.000000 -45.394578 0.000000 0.000000 1.000000 0.000000
0.942679 0.333701 0.000000 179.444422 -0.333701 0.942679 0.000000 -45.558702 0.000000 0.000000 1.000000 0.000000
0.942836 0.333257 0.000000 179.915069 -0.333257 0.942836 0.000000 -45.701828 0.000000 0.000000 1.000000 0.000000
0.945018 0.327017 0.000000 180.598881 -0.327017 0.945018 0.000000 -45.929836 0.000000 0.000000 1.000000 0.000000
0.945668 0.325133 0.000000 181.099128 -0.325133 0.945668 0.000000 -46.094869 0.000000 0.000000 1.000000 0.000000
0.946310 0.323261 0.000000 181.601136 -0.323261 0.946310 0.000000 -46.265426 0.000000 0.000000 1.000000 0.000000
0.947125 0.320865 0.000000 182.092101 -0.320865 0.947125 0.000000 -46.438645 0.000000 0.000000 1.000000 0.000000
0.949146 0.314838 0.000000 182.584517 -0.314838 0.949146 0.000000 -46.601703 0.000000 0.000000 1.000000 0.000000
0.952768 0.303700 0.000000 183.560366 -0.303700 0.952768 0.000000 -46.929596 0.000000 0.000000 1.000000 0.000000
0.954746 0.297423 0.000000 184.039868 -0.297423 0.954746 0.000000 -47.072177 0.000000 0.000000 1.000000 0.000000
0.956970 0.290187 0.000000 184.526723 -0.290187 0.956970 0.000000 -47.222044 0.000000 0.000000 1.000000 0.000000
0.959358 0.282192 0.000000 184.979439 -0.282192 0.959358 0.000000 -47.351885 0.000000 0.000000 1.000000 0.000000
0.961373 0.275248 0.000000 185.461318 -0.275248 0.961373 0.000000 -47.484715 0.000000 0.000000 1.000000 0.000000
0.963757 0.266780 0.000000 185.915279 -0.266780 0.963757 0.000000 -47.603736 0.000000 0.000000 1.000000 0.000000
0.968863 0.247598 0.000000 186.832678 -0.247598 0.968863 0.000000 -47.853116 0.000000 0.000000 1.000000 0.000000
0.971149 0.238474 0.000000 187.303725 -0.238474 0.971149 0.000000 -47.973170 0.000000 0.000000 1.000000 0.000000
0.973759 0.227582 0.000000 187.752331 -0.227582 0.973759 0.000000 -48.069801 0.000000 0.000000 1.000000 0.000000
0.976367 0.216119 0.000000 188.420241 -0.216119 0.976367 0.000000 -48.206440 0.000000 0.000000 1.000000 0.000000
0.978670 0.205440 0.000000 188.888149 -0.205440 0.978670 0.000000 -48.307722 0.000000 0.000000 1.000000 0.000000
0.980783 0.195103 0.000000 189.350167 -0.195103 0.980783 0.000000 -48.407891 0.000000 0.000000 1.000000 0.000000
0.982685 0.185284 0.000000 189.777206 -0.185284 0.982685 0.000000 -48.494169 0.000000 0.000000 1.000000 0.000000
0.984264 0.176703 0.000000 190.239370 -0.176703 0.984264 0.000000 -48.579359 0.000000 0.000000 1.000000 0.000000
0.986911 0.161264 0.000000 190.692679 -0.161264 0.986911 0.000000 -48.668957 0.000000 0.000000 1.000000 0.000000
0.988247 0.152865 0.000000 191.113949 -0.152865 0.988247 0.000000 -48.749129 0.000000 0.000000 1.000000 0.000000
0.989815 0.142357 0.000000 191.571306 -0.142357 0.989815 0.000000 -48.826910 0.000000 0.000000 1.000000 0.000000
0.990772 0.135538 0.000000 191.988431 -0.135538 0.990772 0.000000 -48.888103 0.000000 0.000000 1.000000 0.000000
0.992049 0.125850 0.000000 192.443250 -0.125850 0.992049 0.000000 -48.953547 0.000000 0.000000 1.000000 0.000000
0.993155 0.116805 0.000000 192.866968 -0.116805 0.993155 0.000000 -49.007250 0.000000 0.000000 1.000000 0.000000
0.994554 0.104219 0.000000 193.314056 -0.104219 0.994554 0.000000 -49.070427 0.000000 0.000000 1.000000 0.000000
0.995604 0.093657 0.000000 193.718178 -0.093657 0.995604 0.000000 -49.124733 0.000000 0.000000 1.000000 0.000000
0.996496 0.083641 0.000000 194.162123 -0.083641 0.996496 0.000000 -49.170999 0.000000 0.000000 1.000000 0.000000
0.997416 0.071845 0.000000 194.564681 -0.071845 0.997416 0.000000 -49.218121 0.000000 0.000000 1.000000 0.000000
0.998060 0.062253 0.000000 194.997431 -0.062253 0.998060 0.000000 -49.262525 0.000000 0.000000 1.000000 0.000000
