0.999980 0.006389 0.000000 0.552367 -0.006389 0.999980 0.000000 0.007856 0.000000 0.000000 1.000000 0.000000
0.999912 0.013278 0.000000 1.139571 -0.013278 0.999912 0.000000 -0.014647 0.000000 0.000000 1.000000 0.000000
0.999798 0.020078 0.000000 1.682691 -0.020078 0.999798 0.000000 -0.028525 0.000000 0.000000 1.000000 0.000000
0.999588 0.028716 0.000000 2.404697 -0.028716 0.999588 0.000000 -0.043553 0.000000 0.000000 1.000000 0.000000
0.999425 0.033904 0.000000 2.976449 -0.033904 0.999425 0.000000 -0.068015 0.000000 0.000000 1.000000 0.000000
0.999274 0.038104 0.000000 3.549607 -0.038104 0.999274 0.000000 -0.097039 0.000000 0.000000 1.000000 0.000000
0.999058 0.043405 0.000000 4.104578 -0.043405 0.999058 0.000000 -0.117154 0.000000 0.000000 1.000000 0.000000
0.998395 0.056640 0.000000 5.242333 -0.056640 0.998395 0.000000 -0.175693 0.000000 0.000000 1.000000 0.000000
0.998144 0.060899 0.000000 5.778808 -0.060899 0.998144 0.000000 -0.183707 0.000000 0.000000 1.000000 0.000000
0.997652 0.068485 0.000000 6.349458 -0.068485 0.997652 0.000000 -0.213879 0.000000 0.000000 1.000000 0.000000
0.997022 0.077123 0.000000 6.883120 -0.077123 0.997022 0.000000 -0.229722 0.000000 0.000000 1.000000 0.000000
0.996344 0.085431 0.000000 7.437634 -0.085431 0.996344 0.000000 -0.266851 0.000000 0.000000 1.000000 0.000000
0.995673 0.092925 0.000000 7.954136 -0.092925 0.995673 0.000000 -0.305414 0.000000 0.000000 1.000000 0.000000
0.995129 0.098583 0.000000 8.524959 -0.098583 0.995129 0.000000 -0.361913 0.000000 0.000000 1.000000 0.000000
0.994413 0.105561 0.000000 9.053591 -0.105561 0.994413 0.000000 -0.417774 0.000000 0.000000 1.000000 0.000000
0.993243 0.116054 0.000000 9.791456 -0.116054 0.993243 0.000000 -0.501882 0.000000 0.000000 1.000000 0.000000
0.991878 0.127193 0.000000 10.358490 -0.127193 0.991878 0.000000 -0.570584 0.000000 0.000000 1.000000 0.000000
0.990997 0.133881 0.000000 10.913188 -0.133881 0.990997 0.000000 -0.641276 0.000000 0.000000 1.000000 0.000000
0.990270 0.139158 0.000000 11.463979 -0.139158 0.990270 0.000000 -0.712083 0.000000 0.000000 1.000000 0.000000
0.989520 0.144397 0.000000 12.014088 -0.144397 0.989520 0.000000 -0.796939 0.000000 0.000000 1.000000 0.000000
0.988515 0.151120 0.000000 12.533022 -0.151120 0.988515 0.000000 -0.881636 0.000000 0.000000 1.000000 0.000000
0.987402 0.158230 0.000000 13.053642 -0.158230 0.987402 0.000000 -0.964467 0.000000 0.000000 1.000000 0.000000
0.986335 0.164752 0.000000 13.605444 -0.164752 0.986335 0.000000 -1.051212 0.000000 0.000000 1.000000 0.000000
0.984733 0.174073 0.000000 14.114512 -0.174073 0.984733 0.000000 -1.140961 0.000000 0.000000 1.000000 0.000000
0.983345 0.181749 0.000000 14.667264 -0.181749 0.983345 0.000000 -1.241802 0.000000 0.000000 1.000000 0.000000
0.981738 0.190238 0.000000 15.402925 -0.190238 0.981738 0.000000 -1.381971 0.000000 0.000000 1.000000 0.000000
0.980028 0.198858 0.000000 15.947047 -0.198858 0.980028 0.000000 -1.498131 0.000000 0.000000 1.000000 0.000000
0.978285 0.207264 0.000000 16.523898 -0.207264 0.978285 0.000000 -1.619470 0.000000 0.000000 1.000000 0.000000
0.976733 0.214461 0.000000 17.068907 -0.214461 0.976733 0.000000 -1.743006 0.000000 0.000000 1.000000 0.000000
0.975077 0.221865 0.000000 17.611304 -0.221865 0.975077 0.000000 -1.865745 0.000000 0.000000 1.000000 0.000000
0.973644 0.228072 0.000000 18.114537 -0.228072 0.973644 0.000000 -1.981579 0.000000 0.000000 1.000000 0.000000
0.972043 0.234803 0.000000 18.656966 -0.234803 0.972043 0.000000 -2.109933 0.000000 0.000000 1.000000 0.000000
0.972410 0.233278 0.000000 19.148707 -0.233278 0.972410 0.000000 -2.223756 0.000000 0.000000 1.000000 0.000000
0.971060 0.238837 0.000000 19.669030 -0.238837 0.971060 0.000000 -2.349218 0.000000 0.000000 1.000000 0.000000
0.968214 0.250123 0.000000 20.700499 -0.250123 0.968214 0.000000 -2.609726 0.000000 0.000000 1.000000 0.000000
0.966878 0.255237 0.000000 21.175310 -0.255237 0.966878 0.000000 -2.725756 0.000000 0.000000 1.000000 0.000000
0.965009 0.262218 0.000000 21.708039 -0.262218 0.965009 0.000000 -2.845068 0.000000 0.000000 1.000000 0.000000
0.962903 0.269849 0.000000 22.376726 -0.269849 0.962903 0.000000 -3.016705 0.000000 0.000000 1.000000 0.000000
0.961160 0.275990 0.000000 22.850296 -0.275990 0.961160 0.000000 -3.140493 0.000000 0.000000 1.000000 0.000000
0.959459 0.281849 0.000000 23.324303 -0.281849 0.959459 0.000000 -3.260406 0.000000 0.000000 1.000000 0.000000
0.957116 0.289706 0.000000 23.839179 -0.289706 0.957116 0.000000 -3.398634 0.000000 0.000000 1.000000 0.000000
0.956135 0.292925 0.000000 24.320869 -0.292925 0.956135 0.000000 -3.530207 0.000000 0.000000 1.000000 0.000000
0.953171 0.302433 0.000000 24.993272 -0.302433 0.953171 0.000000 -3.734344 0.000000 0.000000 1.000000 0.000000
0.951449 0.307808 0.000000 25.511441 -0.307808 0.951449 0.000000 -3.889352 0.000000 0.000000 1.000000 0.000000
0.950264 0.311446 0.000000 26.026750 -0.311446 0.950264 0.000000 -4.054264 0.000000 0.000000 1.000000 0.000000
0.948519 0.316719 0.000000 26.526046 -0.316719 0.948519 0.000000 -4.220451 0.000000 0.000000 1.000000 0.000000
0.946970 0.321323 0.000000 27.043281 -0.321323 0.946970 0.000000 -4.397654 0.000000 0.000000 1.000000 0.000000
0.945249 0.326350 0.000000 27.561770 -0.326350 0.945249 0.000000 -4.571651 0.000000 0.000000 1.000000 0.000000
0.942839 0.333248 0.000000 28.036164 -0.333248 0.942839 0.000000 -4.731153 0.000000 0.000000 1.000000 0.000000
0.941368 0.337381 0.000000 28.545038 -0.337381 0.941368 0.000000 -4.926259 0.000000 0.000000 1.000000 0.000000
0.939644 0.342155 0.000000 29.026275 -0.342155 0.939644 0.000000 -5.102319 0.000000 0.000000 1.000000 0.000000
0.937195 0.348806 0.000000 29.522394 -0.348806 0.937195 0.000000 -5.283987 0.000000 0.000000 1.000000 0.000000
0.934966 0.354736 0.000000 29.998764 -0.354736 0.934966 0.000000 -5.451179 0.000000 0.000000 1.000000 0.000000
0.932298 0.361691 0.000000 30.503883 -0.361691 0.932298 0.000000 -5.639451 0.000000 0.000000 1.000000 0.000000
0.929439 0.368977 0.000000 30.980801 -0.368977 0.929439 0.000000 -5.803031 0.000000 0.000000 1.000000 0.000000
0.926945 0.375197 0.000000 31.491331 -0.375197 0.926945 0.000000 -5.993710 0.000000 0.000000 1.000000 0.000000
0.925480 0.378797 0.000000 31.947607 -0.378797 0.925480 0.000000 -6.167666 0.000000 0.000000 1.000000 0.000000
0.922058 0.387051 0.000000 32.624279 -0.387051 0.922058 0.000000 -6.450493 0.000000 0.000000 1.000000 0.000000
0.917665 0.397354 0.000000 33.316814 -0.397354 0.917665 0.000000 -6.740949 0.000000 0.000000 1.000000 0.000000
0.914377 0.404865 0.000000 33.791221 -0.404865 0.914377 0.000000 -6.934959 0.000000 0.000000 1.000000 0.000000
0.908188 0.418563 0.000000 34.636952 -0.418563 0.908188 0.000000 -7.315202 0.000000 0.000000 1.000000 0.000000
0.905518 0.424308 0.000000 35.122247 -0.424308 0.905518 0.000000 -7.538303 0.000000 0.000000 1.000000 0.000000
0.903132 0.429363 0.000000 35.601629 -0.429363 0.903132 0.000000 -7.771344 0.000000 0.000000 1.000000 0.000000
0.901356 0.433079 0.000000 36.068251 -0.433079 0.901356 0.000000 -8.006715 0.000000 0.000000 1.000000 0.000000
0.896824 0.442387 0.000000 36.520019 -0.442387 0.896824 0.000000 -8.225045 0.000000 0.000000 1.000000 0.000000
0.896158 0.443734 0.000000 36.991387 -0.443734 0.896158 0.000000 -8.473666 0.000000 0.000000 1.000000 0.000000
0.895378 0.445306 0.000000 37.409298 -0.445306 0.895378 0.000000 -8.696064 0.000000 0.000000 1.000000 0.000000
0.892737 0.450577 0.000000 37.876445 -0.450577 0.892737 0.000000 -8.924231 0.000000 0.000000 1.000000 0.000000
0.891050 0.453905 0.000000 38.339176 -0.453905 0.891050 0.000000 -9.157863 0.000000 0.000000 1.000000 0.000000
0.890743 0.454507 0.000000 38.803125 -0.454507 0.890743 0.000000 -9.379604 0.000000 0.000000 1.000000 0.000000
0.888629 0.458627 0.000000 39.239954 -0.458627 0.888629 0.000000 -9.593883 0.000000 0.000000 1.000000 0.000000
0.887364 0.461069 0.000000 39.675126 -0.461069 0.887364 0.000000 -9.815970 0.000000 0.000000 1.000000 0.000000
0.885691 0.464276 0.000000 40.074949 -0.464276 0.885691 0.000000 -10.027564 0.000000 0.000000 1.000000 0.000000
0.885644 0.464366 0.000000 40.498171 -0.464366 0.885644 0.000000 -10.265954 0.000000 0.000000 1.000000 0.000000
0.883807 0.467851 0.000000 40.903004 -0.467851 0.883807 0.000000 -10.466470 0.000000 0.000000 1.000000 0.000000
0.882729 0.469883 0.000000 41.326909 -0.469883 0.882729 0.000000 -10.689043 0.000000 0.000000 1.000000 0.000000
0.882188 0.470897 0.000000 41.731709 -0.470897 0.882188 0.000000 -10.894700 0.000000 0.000000 1.000000 0.000000
0.879642 0.475637 0.000000 42.127523 -0.475637 0.879642 0.000000 -11.099889 0.000000 0.000000 1.000000 0.000000
0.879393 0.476097 0.000000 42.526265 -0.476097 0.879393 0.000000 -11.285699 0.000000 0.000000 1.000000 0.000000
0.873952 0.486012 0.000000 42.933276 -0.486012 0.873952 0.000000 -11.462688 0.000000 0.000000 1.000000 0.000000
0.870922 0.491422 0.000000 43.330254 -0.491422 0.870922 0.000000 -11.662499 0.000000 0.000000 1.000000 0.000000
0.868935 0.494926 0.000000 43.706430 -0.494926 0.868935 0.000000 -11.860871 0.000000 0.000000 1.000000 0.000000
0.866332 0.499469 0.000000 44.091902 -0.499469 0.866332 0.000000 -12.068519 0.000000 0.000000 1.000000 0.000000
0.862101 0.506737 0.000000 44.637231 -0.506737 0.862101 0.000000 -12.384693 0.000000 0.000000 1.000000 0.000000
0.857184 0.515010 0.000000 45.026061 -0.515010 0.857184 0.000000 -12.622782 0.000000 0.000000 1.000000 0.000000
0.851787 0.523887 0.000000 45.389887 -0.523887 0.851787 0.000000 -12.826048 0.000000 0.000000 1.000000 0.000000
0.848576 0.529074 0.000000 45.746992 -0.529074 0.848576 0.000000 -13.039958 0.000000 0.000000 1.000000 0.000000
0.845673 0.533701 0.000000 46.098465 -0.533701 0.845673 0.000000 -13.250554 0.000000 0.000000 1.000000 0.000000
0.841662 0.540005 0.000000 46.445810 -0.540005 0.841662 0.000000 -13.461370 0.000000 0.000000 1.000000 0.000000
0.838878 0.544320 0.000000 46.768646 -0.544320 0.838878 0.000000 -13.668035 0.000000 0.000000 1.000000 0.000000
0.835451 0.549565 0.000000 47.104985 -0.549565 0.835451 0.000000 -13.883629 0.000000 0.000000 1.000000 0.000000
0.833247 0.552901 0.000000 47.432686 -0.552901 0.833247 0.000000 -14.107021 0.000000 0.000000 1.000000 0.000000
0.831628 0.555333 0.000000 47.751360 -0.555333 0.831628 0.000000 -14.336660 0.000000 0.000000 1.000000 0.000000
0.829676 0.558245 0.000000 48.059934 -0.558245 0.829676 0.000000 -14.546995 0.000000 0.000000 1.000000 0.000000
0.827374 0.561652 0.000000 48.664337 -0.561652 0.827374 0.000000 -14.972371 0.000000 0.000000 1.000000 0.000000
0.826556 0.562855 0.000000 48.946576 -0.562855 0.826556 0.000000 -15.163084 0.000000 0.000000 1.000000 0.000000
0.826003 0.563665 0.000000 49.215593 -0.563665 0.826003 0.000000 -15.337774 0.000000 0.000000 1.000000 0.000000
0.825908 0.563805 0.000000 49.467268 -0.563805 0.825908 0.000000 -15.518239 0.000000 0.000000 1.000000 0.000000
0.826087 0.563543 0.000000 49.739470 -0.563543 0.826087 0.000000 -15.706658 0.000000 0.000000 1.000000 0.000000
0.824308 0.566142 0.000000 50.001148 -0.566142 0.824308 0.000000 -15.873460 0.000000 0.000000 1.000000 0.000000
0.822847 0.568263 0.000000 50.282264 -0.568263 0.822847 0.000000 -16.054260 0.000000 0.000000 1.000000 0.000000
0.821582 0.570090 0.000000 50.535477 -0.570090 0.821582 0.000000 -16.218706 0.000000 0.000000 1.000000 0.000000
0.820860 0.571129 0.000000 50.815703 -0.571129 0.820860 0.000000 -16.394786 0.000000 0.000000 1.000000 0.000000
0.820571 0.571544 0.000000 51.066982 -0.571544 0.820571 0.000000 -16.563441 0.000000 0.000000 1.000000 0.000000
0.817871 0.575402 0.000000 51.316951 -0.575402 0.817871 0.000000 -16.711472 0.000000 0.000000 1.000000 0.000000
0.815655 0.578539 0.000000 51.578809 -0.578539 0.815655 0.000000 -16.873275 0.000000 0.000000 1.000000 0.000000
0.811384 0.584514 0.000000 51.925967 -0.584514 0.811384 0.000000 -17.104311 0.000000 0.000000 1.000000 0.000000
0.809411 0.587242 0.000000 52.176618 -0.587242 0.809411 0.000000 -17.251891 0.000000 0.000000 1.000000 0.000000
0.804795 0.593553 0.000000 52.408250 -0.593553 0.804795 0.000000 -17.391318 0.000000 0.000000 1.000000 0.000000
0.801403 0.598125 0.000000 52.639740 -0.598125 0.801403 0.000000 -17.534872 0.000000 0.000000 1.000000 0.000000
0.797662 0.603105 0.000000 52.875410 -0.603105 0.797662 0.000000 -17.673117 0.000000 0.000000 1.000000 0.000000
0.794482 0.607288 0.000000 53.104129 -0.607288 0.794482 0.000000 -17.822166 0.000000 0.000000 1.000000 0.000000
0.793785 0.608198 0.000000 53.324984 -0.608198 0.793785 0.000000 -17.983319 0.000000 0.000000 1.000000 0.000000
0.793071 0.609129 0.000000 53.543423 -0.609129 0.793071 0.000000 -18.150389 0.000000 0.000000 1.000000 0.000000
0.795022 0.606581 0.000000 53.756437 -0.606581 0.795022 0.000000 -18.315244 0.000000 0.000000 1.000000 0.000000
0.793441 0.608647 0.000000 53.960258 -0.608647 0.793441 0.000000 -18.480929 0.000000 0.000000 1.000000 0.000000
0.789131 0.614224 0.000000 54.344367 -0.614224 0.789131 0.000000 -18.781839 0.000000 0.000000 1.000000 0.000000
0.785435 0.618945 0.000000 54.520514 -0.618945 0.785435 0.000000 -18.902955 0.000000 0.000000 1.000000 0.000000
0.784626 0.619969 0.000000 54.686965 -0.619969 0.784626 0.000000 -19.040050 0.000000 0.000000 1.000000 0.000000
0.785087 0.619386 0.000000 54.859170 -0.619386 0.785087 0.000000 -19.185717 0.000000 0.000000 1.000000 0.000000
0.784242 0.620455 0.000000 55.023828 -0.620455 0.784242 0.000000 -19.311668 0.000000 0.000000 1.000000 0.000000
0.783032 0.621982 0.000000 55.180749 -0.621982 0.783032 0.000000 -19.428229 0.000000 0.000000 1.000000 0.000000
0.782813 0.622257 0.000000 55.342512 -0.622257 0.782813 0.000000 -19.560225 0.000000 0.000000 1.000000 0.000000
0.781753 0.623588 0.000000 55.495601 -0.623588 0.781753 0.000000 -19.684208 0.000000 0.000000 1.000000 0.000000
0.779821 0.626003 0.000000 55.656223 -0.626003 0.779821 0.000000 -19.810982 0.000000 0.000000 1.000000 0.000000
0.775903 0.630853 0.000000 55.966073 -0.630853 0.775903 0.000000 -20.050925 0.000000 0.000000 1.000000 0.000000
0.774250 0.632880 0.000000 56.111848 -0.632880 0.774250 0.000000 -20.163075 0.000000 0.000000 1.000000 0.000000
0.773321 0.634014 0.000000 56.259197 -0.634014 0.773321 0.000000 -20.276983 0.000000 0.000000 1.000000 0.000000
0.771422 0.636324 0.000000 56.494938 -0.636324 0.771422 0.000000 -20.466312 0.000000 0.000000 1.000000 0.000000
0.770060 0.637971 0.000000 56.639018 -0.637971 0.770060 0.000000 -20.592537 0.000000 0.000000 1.000000 0.000000
0.767499 0.641050 0.000000 56.777738 -0.641050 0.767499 0.000000 -20.720527 0.000000 0.000000 1.000000 0.000000
0.765243 0.643741 0.000000 56.915930 -0.643741 0.765243 0.000000 -20.846119 0.000000 0.000000 1.000000 0.000000
0.765748 0.643141 0.000000 57.051522 -0.643141 0.765748 0.000000 -20.965227 0.000000 0.000000 1.000000 0.000000
0.764043 0.645165 0.000000 57.198520 -0.645165 0.764043 0.000000 -21.091243 0.000000 0.000000 1.000000 0.000000
0.762618 0.646849 0.000000 57.348810 -0.646849 0.762618 0.000000 -21.218831 0.000000 0.000000 1.000000 0.000000
0.759354 0.650678 0.000000 57.657494 -0.650678 0.759354 0.000000 -21.480886 0.000000 0.000000 1.000000 0.000000
0.757089 0.653312 0.000000 57.811772 -0.653312 0.757089 0.000000 -21.609859 0.000000 0.000000 1.000000 0.000000
0.755022 0.655699 0.000000 57.979856 -0.655699 0.755022 0.000000 -21.746684 0.000000 0.000000 1.000000 0.000000
0.752444 0.658656 0.000000 58.140917 -0.658656 0.752444 0.000000 -21.883613 0.000000 0.000000 1.000000 0.000000
0.750035 0.661399 0.000000 58.312610 -0.661399 0.750035 0.000000 -22.023516 0.000000 0.000000 1.000000 0.000000
0.748844 0.662746 0.000000 58.472402 -0.662746 0.748844 0.000000 -22.155581 0.000000 0.000000 1.000000 0.000000
0.746633 0.665236 0.000000 58.637326 -0.665236 0.746633 0.000000 -22.283960 0.000000 0.000000 1.000000 0.000000
0.744432 0.667698 0.000000 58.816190 -0.667698 0.744432 0.000000 -22.428849 0.000000 0.000000 1.000000 0.000000
0.741089 0.671407 0.000000 58.984814 -0.671407 0.741089 0.000000 -22.558531 0.000000 0.000000 1.000000 0.000000
0.736762 0.676152 0.000000 59.164581 -0.676152 0.736762 0.000000 -22.685051 0.000000 0.000000 1.000000 0.000000
0.732553 0.680710 0.000000 59.334709 -0.680710 0.732553 0.000000 -22.833737 0.000000 0.000000 1.000000 0.000000
0.730032 0.683413 0.000000 59.500999 -0.683413 0.730032 0.000000 -22.967255 0.000000 0.000000 1.000000 0.000000
0.727622 0.685978 0.000000 59.677415 -0.685978 0.727622 0.000000 -23.115346 0.000000 0.000000 1.000000 0.000000
0.725545 0.688174 0.000000 59.842629 -0.688174 0.725545 0.000000 -23.258734 0.000000 0.000000 1.000000 0.000000
0.721598 0.692313 0.000000 60.036049 -0.692313 0.721598 0.000000 -23.410434 0.000000 0.000000 1.000000 0.000000
0.718881 0.695133 0.000000 60.211176 -0.695133 0.718881 0.000000 -23.566437 0.000000 0.000000 1.000000 0.000000
0.713279 0.700880 0.000000 60.484127 -0.700880 0.713279 0.000000 -23.811972 0.000000 0.000000 1.000000 0.000000
0.711406 0.702782 0.000000 60.662555 -0.702782 0.711406 0.000000 -23.973544 0.000000 0.000000 1.000000 0.000000
0.709631 0.704573 0.000000 60.847886 -0.704573 0.709631 0.000000 -24.153304 0.000000 0.000000 1.000000 0.000000
0.707889 0.706324 0.000000 61.013705 -0.706324 0.707889 0.000000 -24.326650 0.000000 0.000000 1.000000 0.000000
0.703842 0.710356 0.000000 61.375136 -0.710356 0.703842 0.000000 -24.704276 0.000000 0.000000 1.000000 0.000000
0.702078 0.712100 0.000000 61.542115 -0.712100 0.702078 0.000000 -24.882625 0.000000 0.000000 1.000000 0.000000
0.700267 0.713881 0.000000 61.698948 -0.713881 0.700267 0.000000 -25.052409 0.000000 0.000000 1.000000 0.000000
0.698814 0.715304 0.000000 61.873958 -0.715304 0.698814 0.000000 -25.235314 0.000000 0.000000 1.000000 0.000000
0.695960 0.718081 0.000000 62.124803 -0.718081 0.695960 0.000000 -25.484848 0.000000 0.000000 1.000000 0.000000
0.690750 0.723093 0.000000 62.301200 -0.723093 0.690750 0.000000 -25.669173 0.000000 0.000000 1.000000 0.000000
0.687048 0.726612 0.000000 62.466711 -0.726612 0.687048 0.000000 -25.849905 0.000000 0.000000 1.000000 0.000000
0.682592 0.730800 0.000000 62.636296 -0.730800 0.682592 0.000000 -26.038391 0.000000 0.000000 1.000000 0.000000
0.679550 0.733629 0.000000 62.797460 -0.733629 0.679550 0.000000 -26.214113 0.000000 0.000000 1.000000 0.000000
0.677435 0.735583 0.000000 62.955872 -0.735583 0.677435 0.000000 -26.388008 0.000000 0.000000 1.000000 0.000000
0.674528 0.738250 0.000000 63.122880 -0.738250 0.674528 0.000000 -26.573696 0.000000 0.000000 1.000000 0.000000
0.673429 0.739251 0.000000 63.273928 -0.739251 0.673429 0.000000 -26.750381 0.000000 0.000000 1.000000 0.000000
0.671503 0.741001 0.000000 63.428905 -0.741001 0.671503 0.000000 -26.924094 0.000000 0.000000 1.000000 0.000000
0.668782 0.743459 0.000000 63.592650 -0.743459 0.668782 0.000000 -27.110149 0.000000 0.000000 1.000000 0.000000
0.668455 0.743753 0.000000 63.741092 -0.743753 0.668455 0.000000 -27.286152 0.000000 0.000000 1.000000 0.000000
0.669051 0.743217 0.000000 63.949179 -0.743217 0.669051 0.000000 -27.547938 0.000000 0.000000 1.000000 0.000000
0.668467 0.743742 0.000000 64.116116 -0.743742 0.668467 0.000000 -27.750709 0.000000 0.000000 1.000000 0.000000
0.667937 0.744218 0.000000 64.268775 -0.744218 0.667937 0.000000 -27.938282 0.000000 0.000000 1.000000 0.000000
0.668736 0.743500 0.000000 64.418395 -0.743500 0.668736 0.000000 -28.124254 0.000000 0.000000 1.000000 0.000000
0.667240 0.744843 0.000000 64.575031 -0.744843 0.667240 0.000000 -28.311677 0.000000 0.000000 1.000000 0.000000
0.666755 0.745277 0.000000 64.733054 -0.745277 0.666755 0.000000 -28.493100 0.000000 0.000000 1.000000 0.000000
0.670463 0.741943 0.000000 64.889158 -0.741943 0.670463 0.000000 -28.681414 0.000000 0.000000 1.000000 0.000000
0.670512 0.741898 0.000000 65.057355 -0.741898 0.670512 0.000000 -28.854826 0.000000 0.000000 1.000000 0.000000
0.672484 0.740112 0.000000 65.213603 -0.740112 0.672484 0.000000 -29.030190 0.000000 0.000000 1.000000 0.000000
0.673129 0.739525 0.000000 65.354429 -0.739525 0.673129 0.000000 -29.194475 0.000000 0.000000 1.000000 0.000000
0.673613 0.739084 0.000000 65.647486 -0.739084 0.673613 0.000000 -29.533340 0.000000 0.000000 1.000000 0.000000
0.673684 0.739020 0.000000 65.785225 -0.739020 0.673684 0.000000 -29.704033 0.000000 0.000000 1.000000 0.000000
0.675979 0.736921 0.000000 65.916316 -0.736921 0.675979 0.000000 -29.872168 0.000000 0.000000 1.000000 0.000000
0.677879 0.735174 0.000000 66.042720 -0.735174 0.677879 0.000000 -30.025372 0.000000 0.000000 1.000000 0.000000
0.679223 0.733932 0.000000 66.184254 -0.733932 0.679223 0.000000 -30.175675 0.000000 0.000000 1.000000 0.000000
0.680160 0.733064 0.000000 66.317120 -0.733064 0.680160 0.000000 -30.314906 0.000000 0.000000 1.000000 0.000000
0.680286 0.732947 0.000000 66.460388 -0.732947 0.680286 0.000000 -30.460196 0.000000 0.000000 1.000000 0.000000
0.681529 0.731791 0.000000 66.705525 -0.731791 0.681529 0.000000 -30.718032 0.000000 0.000000 1.000000 0.000000
0.683004 0.730415 0.000000 66.838854 -0.730415 0.683004 0.000000 -30.863564 0.000000 0.000000 1.000000 0.000000
0.685455 0.728115 0.000000 66.971990 -0.728115 0.685455 0.000000 -31.012114 0.000000 0.000000 1.000000 0.000000
0.685573 0.728003 0.000000 67.108556 -0.728003 0.685573 0.000000 -31.155903 0.000000 0.000000 1.000000 0.000000
0.688150 0.725568 0.000000 67.240535 -0.725568 0.688150 0.000000 -31.298811 0.000000 0.000000 1.000000 0.000000
0.690435 0.723395 0.000000 67.368826 -0.723395 0.690435 0.000000 -31.443164 0.000000 0.000000 1.000000 0.000000
0.695735 0.718298 0.000000 67.638810 -0.718298 0.695735 0.000000 -31.719741 0.000000 0.000000 1.000000 0.000000
0.698867 0.715252 0.000000 67.763321 -0.715252 0.698867 0.000000 -31.838702 0.000000 0.000000 1.000000 0.000000
0.701930 0.712246 0.000000 67.893992 -0.712246 0.701930 0.000000 -31.958035 0.000000 0.000000 1.000000 0.000000
0.707998 0.706215 0.000000 68.111217 -0.706215 0.707998 0.000000 -32.173467 0.000000 0.000000 1.000000 0.000000
0.712290 0.701885 0.000000 68.394841 -0.701885 0.712290 0.000000 -32.442430 0.000000 0.000000 1.000000 0.000000
0.719260 0.694741 0.000000 68.553289 -0.694741 0.719260 0.000000 -32.602574 0.000000 0.000000 1.000000 0.000000
0.722466 0.691407 0.000000 68.656255 -0.691407 0.722466 0.000000 -32.690620 0.000000 0.000000 1.000000 0.000000
0.731734 0.681590 0.000000 68.868060 -0.681590 0.731734 0.000000 -32.886896 0.000000 0.000000 1.000000 0.000000
0.736100 0.676873 0.000000 68.974409 -0.676873 0.736100 0.000000 -32.978462 0.000000 0.000000 1.000000 0.000000
0.740141 0.672452 0.000000 69.068722 -0.672452 0.740141 0.000000 -33.050720 0.000000 0.000000 1.000000 0.000000
0.743427 0.668818 0.000000 69.177530 -0.668818 0.743427 0.000000 -33.121257 0.000000 0.000000 1.000000 0.000000
0.748636 0.662981 0.000000 69.335886 -0.662981 0.748636 0.000000 -33.243480 0.000000 0.000000 1.000000 0.000000
0.755689 0.654931 0.000000 69.524093 -0.654931 0.755689 0.000000 -33.387814 0.000000 0.000000 1.000000 0.000000
0.759602 0.650388 0.000000 69.614724 -0.650388 0.759602 0.000000 -33.448432 0.000000 0.000000 1.000000 0.000000
0.763430 0.645890 0.000000 69.713317 -0.645890 0.763430 0.000000 -33.503620 0.000000 0.000000 1.000000 0.000000
0.767142 0.641477 0.000000 69.801923 -0.641477 0.767142 0.000000 -33.558925 0.000000 0.000000 1.000000 0.000000
0.771053 0.636771 0.000000 69.893965 -0.636771 0.771053 0.000000 -33.614697 0.000000 0.000000 1.000000 0.000000
0.773482 0.633818 0.000000 69.968988 -0.633818 0.773482 0.000000 -33.661502 0.000000 0.000000 1.000000 0.000000
0.780918 0.624633 0.000000 70.115725 -0.624633 0.780918 0.000000 -33.776466 0.000000 0.000000 1.000000 0.000000
0.783291 0.621655 0.000000 70.181466 -0.621655 0.783291 0.000000 -33.811559 0.000000 0.000000 1.000000 0.000000
0.786211 0.617959 0.000000 70.246142 -0.617959 0.786211 0.000000 -33.849500 0.000000 0.000000 1.000000 0.000000
0.787816 0.615911 0.000000 70.301020 -0.615911 0.787816 0.000000 -33.880316 0.000000 0.000000 1.000000 0.000000
0.791320 0.611402 0.000000 70.357380 -0.611402 0.791320 0.000000 -33.910256 0.000000 0.000000 1.000000 0.000000
0.793010 0.609209 0.000000 70.406118 -0.609209 0.793010 0.000000 -33.931322 0.000000 0.000000 1.000000 0.000000
0.794783 0.606893 0.000000 70.448768 -0.606893 0.794783 0.000000 -33.958649 0.000000 0.000000 1.000000 0.000000
0.796317 0.604879 0.000000 70.516357 -0.604879 0.796317 0.000000 -34.001452 0.000000 0.000000 1.000000 0.000000
0.797825 0.602889 0.000000 70.546225 -0.602889 0.797825 0.000000 -34.020130 0.000000 0.000000 1.000000 0.000000
0.798341 0.602206 0.000000 70.570266 -0.602206 0.798341 0.000000 -34.033252 0.000000 0.000000 1.000000 0.000000
0.798874 0.601498 0.000000 70.589012 -0.601498 0.798874 0.000000 -34.045735 0.000000 0.000000 1.000000 0.000000
0.799974 0.600035 0.000000 70.605601 -0.600035 0.799974 0.000000 -34.058358 0.000000 0.000000 1.000000 0.000000
0.801019 0.598640 0.000000 70.615672 -0.598640 0.801019 0.000000 -34.068488 0.000000 0.000000 1.000000 0.000000
0.801334 0.598218 0.000000 70.625570 -0.598218 0.801334 0.000000 -34.077410 0.000000 0.000000 1.000000 0.000000
0.801505 0.597988 0.000000 70.631982 -0.597988 0.801505 0.000000 -34.082998 0.000000 0.000000 1.000000 0.000000
0.803169 0.595752 0.000000 70.635875 -0.595752 0.803169 0.000000 -34.096048 0.000000 0.000000 1.000000 0.000000
0.802578 0.596547 0.000000 70.636812 -0.596547 0.802578 0.000000 -34.089693 0.000000 0.000000 1.000000 0.000000
0.803494 0.595313 0.000000 70.637282 -0.595313 0.803494 0.000000 -34.091568 0.000000 0.000000 1.000000 0.000000
0.803478 0.595335 0.000000 70.634161 -0.595335 0.803478 0.000000 -34.085935 0.000000 0.000000 1.000000 0.000000
0.802747 0.596319 0.000000 70.634820 -0.596319 0.802747 0.000000 -34.082272 0.000000 0.000000 1.000000 0.000000
0.802697 0.596387 0.000000 70.632910 -0.596387 0.802697 0.000000 -34.080064 0.000000 0.000000 1.000000 0.000000
0.802537 0.596602 0.000000 70.632862 -0.596602 0.802537 0.000000 -34.080922 0.000000 0.000000 1.000000 0.000000
0.803560 0.595223 0.000000 70.630487 -0.595223 0.803560 0.000000 -34.084571 0.000000 0.000000 1.000000 0.000000
0.803612 0.595154 0.000000 70.628226 -0.595154 0.803612 0.000000 -34.087427 0.000000 0.000000 1.000000 0.000000
0.802865 0.596161 0.000000 70.630293 -0.596161 0.802865 0.000000 -34.086874 0.000000 0.000000 1.000000 0.000000
0.802701 0.596382 0.000000 70.633550 -0.596382 0.802701 0.000000 -34.088073 0.000000 0.000000 1.000000 0.000000
0.802821 0.596220 0.000000 70.635725 -0.596220 0.802821 0.000000 -34.089769 0.000000 0.000000 1.000000 0.000000
0.802739 0.596331 0.000000 70.636118 -0.596331 0.802739 0.000000 -34.090659 0.000000 0.000000 1.000000 0.000000
0.802698 0.596386 0.000000 70.635601 -0.596386 0.802698 0.000000 -34.089682 0.000000 0.000000 1.000000 0.000000
0.802614 0.596499 0.000000 70.635775 -0.596499 0.802614 0.000000 -34.087923 0.000000 0.000000 1.000000 0.000000
0.802456 0.596711 0.000000 70.635785 -0.596711 0.802456 0.000000 -34.085169 0.000000 0.000000 1.000000 0.000000
0.802372 0.596824 0.000000 70.635402 -0.596824 0.802372 0.000000 -34.084698 0.000000 0.000000 1.000000 0.000000
0.802383 0.596809 0.000000 70.635273 -0.596809 0.802383 0.000000 -34.084663 0.000000 0.000000 1.000000 0.000000
0.802425 0.596752 0.000000 70.635270 -0.596752 0.802425 0.000000 -34.084997 0.000000 0.000000 1.000000 0.000000
0.802433 0.596742 0.000000 70.635386 -0.596742 0.802433 0.000000 -34.085519 0.000000 0.000000 1.000000 0.000000
0.802452 0.596717 0.000000 70.634608 -0.596717 0.802452 0.000000 -34.086279 0.000000 0.000000 1.000000 0.000000
0.802443 0.596729 0.000000 70.633734 -0.596729 0.802443 0.000000 -34.086570 0.000000 0.000000 1.000000 0.000000
0.802413 0.596769 0.000000 70.632993 -0.596769 0.802413 0.000000 -34.086900 0.000000 0.000000 1.000000 0.000000
0.802390 0.596800 0.000000 70.632610 -0.596800 0.802390 0.000000 -34.088094 0.000000 0.000000 1.000000 0.000000
0.802225 0.597021 0.000000 70.632651 -0.597021 0.802225 0.000000 -34.089110 0.000000 0.000000 1.000000 0.000000
0.802125 0.597157 0.000000 70.632344 -0.597157 0.802125 0.000000 -34.089764 0.000000 0.000000 1.000000 0.000000
0.802080 0.597217 0.000000 70.632473 -0.597217 0.802080 0.000000 -34.089564 0.000000 0.000000 1.000000 0.000000
0.802086 0.597209 0.000000 70.632915 -0.597209 0.802086 0.000000 -34.090074 0.000000 0.000000 1.000000 0.000000
0.802149 0.597124 0.000000 70.633277 -0.597124 0.802149 0.000000 -34.090300 0.000000 0.000000 1.000000 0.000000
0.802181 0.597081 0.000000 70.634491 -0.597081 0.802181 0.000000 -34.090695 0.000000 0.000000 1.000000 0.000000
0.802185 0.597076 0.000000 70.634762 -0.597076 0.802185 0.000000 -34.090887 0.000000 0.000000 1.000000 0.000000
0.802193 0.597064 0.000000 70.634706 -0.597064 0.802193 0.000000 -34.090837 0.000000 0.000000 1.000000 0.000000
0.802226 0.597021 0.000000 70.634706 -0.597021 0.802226 0.000000 -34.091536 0.000000 0.000000 1.000000 0.000000
0.802199 0.597056 0.000000 70.634932 -0.597056 0.802199 0.000000 -34.092659 0.000000 0.000000 1.000000 0.000000
0.802265 0.596967 0.000000 70.634719 -0.596967 0.802265 0.000000 -34.094096 0.000000 0.000000 1.000000 0.000000
0.802297 0.596925 0.000000 70.634589 -0.596925 0.802297 0.000000 -34.095208 0.000000 0.000000 1.000000 0.000000
0.802325 0.596887 0.000000 70.634111 -0.596887 0.802325 0.000000 -34.096366 0.000000 0.000000 1.000000 0.000000
0.802357 0.596845 0.000000 70.633392 -0.596845 0.802357 0.000000 -34.096775 0.000000 0.000000 1.000000 0.000000
0.802524 0.596620 0.000000 70.632510 -0.596620 0.802524 0.000000 -34.096834 0.000000 0.000000 1.000000 0.000000
0.802933 0.596070 0.000000 70.631263 -0.596070 0.802933 0.000000 -34.096012 0.000000 0.000000 1.000000 0.000000
0.802852 0.596178 0.000000 70.630150 -0.596178 0.802852 0.000000 -34.095709 0.000000 0.000000 1.000000 0.000000
0.802801 0.596248 0.000000 70.629245 -0.596248 0.802801 0.000000 -34.094809 0.000000 0.000000 1.000000 0.000000
0.802774 0.596284 0.000000 70.626123 -0.596284 0.802774 0.000000 -34.093415 0.000000 0.000000 1.000000 0.000000
0.802833 0.596204 0.000000 70.623464 -0.596204 0.802833 0.000000 -34.092677 0.000000 0.000000 1.000000 0.000000
0.803014 0.595959 0.000000 70.620443 -0.595959 0.803014 0.000000 -34.093205 0.000000 0.000000 1.000000 0.000000
0.803038 0.595927 0.000000 70.618418 -0.595927 0.803038 0.000000 -34.092498 0.000000 0.000000 1.000000 0.000000
0.802881 0.596140 0.000000 70.617581 -0.596140 0.802881 0.000000 -34.091457 0.000000 0.000000 1.000000 0.000000
0.802325 0.596888 0.000000 70.617810 -0.596888 0.802325 0.000000 -34.089521 0.000000 0.000000 1.000000 0.000000
0.801922 0.597428 0.000000 70.616834 -0.597428 0.801922 0.000000 -34.089504 0.000000 0.000000 1.000000 0.000000
0.800657 0.599122 0.000000 70.619428 -0.599122 0.800657 0.000000 -34.088853 0.000000 0.000000 1.000000 0.000000
0.800688 0.599082 0.000000 70.617008 -0.599082 0.800688 0.000000 -34.089869 0.000000 0.000000 1.000000 0.000000
0.800772 0.598969 0.000000 70.615647 -0.598969 0.800772 0.000000 -34.092165 0.000000 0.000000 1.000000 0.000000
0.801083 0.598554 0.000000 70.611910 -0.598554 0.801083 0.000000 -34.095084 0.000000 0.000000 1.000000 0.000000
0.801996 0.597329 0.000000 70.603436 -0.597329 0.801996 0.000000 -34.097511 0.000000 0.000000 1.000000 0.000000
0.802746 0.596321 0.000000 70.599565 -0.596321 0.802746 0.000000 -34.099986 0.000000 0.000000 1.000000 0.000000
0.803356 0.595499 0.000000 70.598169 -0.595499 0.803356 0.000000 -34.103659 0.000000 0.000000 1.000000 0.000000
0.803688 0.595051 0.000000 70.593027 -0.595051 0.803688 0.000000 -34.107033 0.000000 0.000000 1.000000 0.000000
0.803831 0.594858 0.000000 70.591378 -0.594858 0.803831 0.000000 -34.107494 0.000000 0.000000 1.000000 0.000000
0.804059 0.594550 0.000000 70.585621 -0.594550 0.804059 0.000000 -34.108597 0.000000 0.000000 1.000000 0.000000
0.804143 0.594436 0.000000 70.582570 -0.594436 0.804143 0.000000 -34.109863 0.000000 0.000000 1.000000 0.000000
0.804232 0.594316 0.000000 70.580868 -0.594316 0.804232 0.000000 -34.109789 0.000000 0.000000 1.000000 0.000000
0.804416 0.594067 0.000000 70.576523 -0.594067 0.804416 0.000000 -34.109068 0.000000 0.000000 1.000000 0.000000
0.804462 0.594004 0.000000 70.573796 -0.594004 0.804462 0.000000 -34.108558 0.000000 0.000000 1.000000 0.000000
0.804708 0.593670 0.000000 70.571681 -0.593670 0.804708 0.000000 -34.108132 0.000000 0.000000 1.000000 0.000000
0.804794 0.593555 0.000000 70.572040 -0.593555 0.804794 0.000000 -34.107759 0.000000 0.000000 1.000000 0.000000
0.804885 0.593431 0.000000 70.570677 -0.593431 0.804885 0.000000 -34.107628 0.000000 0.000000 1.000000 0.000000
0.805112 0.593122 0.000000 70.569119 -0.593122 0.805112 0.000000 -34.108583 0.000000 0.000000 1.000000 0.000000
0.805435 0.592684 0.000000 70.569680 -0.592684 0.805435 0.000000 -34.109195 0.000000 0.000000 1.000000 0.000000
0.806044 0.591855 0.000000 70.569340 -0.591855 0.806044 0.000000 -34.110349 0.000000 0.000000 1.000000 0.000000
0.806549 0.591167 0.000000 70.569745 -0.591167 0.806549 0.000000 -34.111345 0.000000 0.000000 1.000000 0.000000
0.806203 0.591639 0.000000 70.571146 -0.591639 0.806203 0.000000 -34.108915 0.000000 0.000000 1.000000 0.000000
0.805000 0.593275 0.000000 70.575813 -0.593275 0.805000 0.000000 -34.102342 0.000000 0.000000 1.000000 0.000000
0.802667 0.596427 0.000000 70.592870 -0.596427 0.802667 0.000000 -34.095919 0.000000 0.000000 1.000000 0.000000
0.801022 0.598635 0.000000 70.605952 -0.598635 0.801022 0.000000 -34.093313 0.000000 0.000000 1.000000 0.000000
0.799661 0.600452 0.000000 70.617552 -0.600452 0.799661 0.000000 -34.093704 0.000000 0.000000 1.000000 0.000000
0.798146 0.602464 0.000000 70.629115 -0.602464 0.798146 0.000000 -34.092856 0.000000 0.000000 1.000000 0.000000
0.796973 0.604015 0.000000 70.636602 -0.604015 0.796973 0.000000 -34.092836 0.000000 0.000000 1.000000 0.000000
0.795938 0.605378 0.000000 70.647413 -0.605378 0.795938 0.000000 -34.096245 0.000000 0.000000 1.000000 0.000000
0.795244 0.606290 0.000000 70.657312 -0.606290 0.795244 0.000000 -34.102238 0.000000 0.000000 1.000000 0.000000
0.795322 0.606187 0.000000 70.668226 -0.606187 0.795322 0.000000 -34.113070 0.000000 0.000000 1.000000 0.000000
0.795649 0.605758 0.000000 70.675535 -0.605758 0.795649 0.000000 -34.122078 0.000000 0.000000 1.000000 0.000000
0.796412 0.604755 0.000000 70.684175 -0.604755 0.796412 0.000000 -34.132447 0.000000 0.000000 1.000000 0.000000
0.797355 0.603511 0.000000 70.690763 -0.603511 0.797355 0.000000 -34.142534 0.000000 0.000000 1.000000 0.000000
0.798753 0.601659 0.000000 70.698788 -0.601659 0.798753 0.000000 -34.154043 0.000000 0.000000 1.000000 0.000000
0.799466 0.600712 0.000000 70.711530 -0.600712 0.799466 0.000000 -34.165484 0.000000 0.000000 1.000000 0.000000
0.799650 0.600466 0.000000 70.723819 -0.600466 0.799650 0.000000 -34.177940 0.000000 0.000000 1.000000 0.000000
0.799876 0.600165 0.000000 70.737748 -0.600165 0.799876 0.000000 -34.187793 0.000000 0.000000 1.000000 0.000000
0.799601 0.600532 0.000000 70.749380 -0.600532 0.799601 0.000000 -34.193257 0.000000 0.000000 1.000000 0.000000
0.799307 0.600923 0.000000 70.761309 -0.600923 0.799307 0.000000 -34.197292 0.000000 0.000000 1.000000 0.000000
0.799182 0.601089 0.000000 70.784201 -0.601089 0.799182 0.000000 -34.210942 0.000000 0.000000 1.000000 0.000000
0.800679 0.599094 0.000000 70.788203 -0.599094 0.800679 0.000000 -34.217457 0.000000 0.000000 1.000000 0.000000
0.801229 0.598357 0.000000 70.796063 -0.598357 0.801229 0.000000 -34.218640 0.000000 0.000000 1.000000 0.000000
0.802282 0.596946 0.000000 70.803193 -0.596946 0.802282 0.000000 -34.225985 0.000000 0.000000 1.000000 0.000000
0.803105 0.595837 0.000000 70.807887 -0.595837 0.803105 0.000000 -34.234749 0.000000 0.000000 1.000000 0.000000
0.805165 0.593051 0.000000 70.810189 -0.593051 0.805165 0.000000 -34.244933 0.000000 0.000000 1.000000 0.000000
0.806287 0.591525 0.000000 70.811820 -0.591525 0.806287 0.000000 -34.254650 0.000000 0.000000 1.000000 0.000000
0.806910 0.590675 0.000000 70.813208 -0.590675 0.806910 0.000000 -34.261914 0.000000 0.000000 1.000000 0.000000
0.807281 0.590167 0.000000 70.815969 -0.590167 0.807281 0.000000 -34.265611 0.000000 0.000000 1.000000 0.000000
0.806824 0.590791 0.000000 70.817870 -0.590791 0.806824 0.000000 -34.266268 0.000000 0.000000 1.000000 0.000000
0.806570 0.591139 0.000000 70.821647 -0.591139 0.806570 0.000000 -34.265273 0.000000 0.000000 1.000000 0.000000
0.805921 0.592023 0.000000 70.824572 -0.592023 0.805921 0.000000 -34.266141 0.000000 0.000000 1.000000 0.000000
0.805883 0.592075 0.000000 70.825081 -0.592075 0.805883 0.000000 -34.265920 0.000000 0.000000 1.000000 0.000000
0.805709 0.592312 0.000000 70.826873 -0.592312 0.805709 0.000000 -34.267092 0.000000 0.000000 1.000000 0.000000
0.805948 0.591986 0.000000 70.824474 -0.591986 0.805948 0.000000 -34.270514 0.000000 0.000000 1.000000 0.000000
0.806519 0.591209 0.000000 70.823212 -0.591209 0.806519 0.000000 -34.271746 0.000000 0.000000 1.000000 0.000000
0.806924 0.590656 0.000000 70.823094 -0.590656 0.806924 0.000000 -34.272863 0.000000 0.000000 1.000000 0.000000
0.806988 0.590567 0.000000 70.821160 -0.590567 0.806988 0.000000 -34.272071 0.000000 0.000000 1.000000 0.000000
0.806949 0.590622 0.000000 70.822747 -0.590622 0.806949 0.000000 -34.271911 0.000000 0.000000 1.000000 0.000000
0.807366 0.590050 0.000000 70.822538 -0.590050 0.807366 0.000000 -34.270559 0.000000 0.000000 1.000000 0.000000
0.807566 0.589777 0.000000 70.821254 -0.589777 0.807566 0.000000 -34.270283 0.000000 0.000000 1.000000 0.000000
0.808683 0.588244 0.000000 70.820216 -0.588244 0.808683 0.000000 -34.272932 0.000000 0.000000 1.000000 0.000000
0.808848 0.588018 0.000000 70.821505 -0.588018 0.808848 0.000000 -34.269112 0.000000 0.000000 1.000000 0.000000
0.809237 0.587482 0.000000 70.822509 -0.587482 0.809237 0.000000 -34.265406 0.000000 0.000000 1.000000 0.000000
0.809990 0.586443 0.000000 70.821788 -0.586443 0.809990 0.000000 -34.262917 0.000000 0.000000 1.000000 0.000000
0.810102 0.586289 0.000000 70.823949 -0.586289 0.810102 0.000000 -34.257696 0.000000 0.000000 1.000000 0.000000
0.810372 0.585915 0.000000 70.826259 -0.585915 0.810372 0.000000 -34.253936 0.000000 0.000000 1.000000 0.000000
0.810421 0.585848 0.000000 70.828994 -0.585848 0.810421 0.000000 -34.250013 0.000000 0.000000 1.000000 0.000000
0.810340 0.585960 0.000000 70.831449 -0.585960 0.810340 0.000000 -34.246637 0.000000 0.000000 1.000000 0.000000
0.810524 0.585706 0.000000 70.832067 -0.585706 0.810524 0.000000 -34.243451 0.000000 0.000000 1.000000 0.000000
0.810362 0.585930 0.000000 70.833319 -0.585930 0.810362 0.000000 -34.241160 0.000000 0.000000 1.000000 0.000000
0.811183 0.584793 0.000000 70.832431 -0.584793 0.811183 0.000000 -34.241648 0.000000 0.000000 1.000000 0.000000
0.811354 0.584555 0.000000 70.830816 -0.584555 0.811354 0.000000 -34.240926 0.000000 0.000000 1.000000 0.000000
0.811659 0.584132 0.000000 70.829911 -0.584132 0.811659 0.000000 -34.238020 0.000000 0.000000 1.000000 0.000000
0.812017 0.583634 0.000000 70.828186 -0.583634 0.812017 0.000000 -34.236403 0.000000 0.000000 1.000000 0.000000
0.812057 0.583578 0.000000 70.830039 -0.583578 0.812057 0.000000 -34.235000 0.000000 0.000000 1.000000 0.000000
0.811880 0.583824 0.000000 70.832970 -0.583824 0.811880 0.000000 -34.233693 0.000000 0.000000 1.000000 0.000000
0.810414 0.585857 0.000000 70.840497 -0.585857 0.810414 0.000000 -34.229950 0.000000 0.000000 1.000000 0.000000
0.808437 0.588583 0.000000 70.850585 -0.588583 0.808437 0.000000 -34.224003 0.000000 0.000000 1.000000 0.000000
0.807374 0.590040 0.000000 70.864470 -0.590040 0.807374 0.000000 -34.220915 0.000000 0.000000 1.000000 0.000000
0.807278 0.590171 0.000000 70.877738 -0.590171 0.807278 0.000000 -34.224088 0.000000 0.000000 1.000000 0.000000
0.807475 0.589901 0.000000 70.893819 -0.589901 0.807475 0.000000 -34.227667 0.000000 0.000000 1.000000 0.000000
