0.999999 0.001487 0.000000 0.624452 -0.001487 0.999999 0.000000 -0.001883 0.000000 0.000000 1.000000 0.000000
1.000000 0.000461 0.000000 1.291186 -0.000461 1.000000 0.000000 -0.011077 0.000000 0.000000 1.000000 0.000000
1.000000 0.000743 0.000000 1.915895 -0.000743 1.000000 0.000000 -0.023381 0.000000 0.000000 1.000000 0.000000
0.999999 0.001498 0.000000 2.547906 -0.001498 0.999999 0.000000 -0.025106 0.000000 0.000000 1.000000 0.000000
0.999999 0.001213 0.000000 3.175165 -0.001213 0.999999 0.000000 -0.030694 0.000000 0.000000 1.000000 0.000000
1.000000 0.000382 0.000000 3.801576 -0.000382 1.000000 0.000000 -0.034497 0.000000 0.000000 1.000000 0.000000
1.000000 0.000857 0.000000 4.428563 -0.000857 1.000000 0.000000 -0.032476 0.000000 0.000000 1.000000 0.000000
0.999997 0.002537 0.000000 5.064165 -0.002537 0.999997 0.000000 -0.032420 0.000000 0.000000 1.000000 0.000000
0.999998 0.002168 0.000000 5.684015 -0.002168 0.999998 0.000000 -0.047239 0.000000 0.000000 1.000000 0.000000
0.999993 0.003621 0.000000 6.342933 -0.003621 0.999993 0.000000 -0.054838 0.000000 0.000000 1.000000 0.000000
0.999994 0.003557 0.000000 6.931271 -0.003557 0.999994 0.000000 -0.067386 0.000000 0.000000 1.000000 0.000000
0.999991 0.004321 0.000000 7.553124 -0.004321 0.999991 0.000000 -0.080544 0.000000 0.000000 1.000000 0.000000
0.999985 0.005479 0.000000 8.177762 -0.005479 0.999985 0.000000 -0.096968 0.000000 0.000000 1.000000 0.000000
0.999991 0.004319 0.000000 8.836410 -0.004319 0.999991 0.000000 -0.116178 0.000000 0.000000 1.000000 0.000000
0.999994 0.003496 0.000000 9.462278 -0.003496 0.999994 0.000000 -0.129335 0.000000 0.000000 1.000000 0.000000
0.999995 0.003153 0.000000 10.076505 -0.003153 0.999995 0.000000 -0.145377 0.000000 0.000000 1.000000 0.000000
0.999996 0.002678 0.000000 10.691933 -0.002678 0.999996 0.000000 -0.166264 0.000000 0.000000 1.000000 0.000000
0.999992 0.003917 0.000000 11.308189 -0.003917 0.999992 0.000000 -0.186321 0.000000 0.000000 1.000000 0.000000
0.999998 0.001737 0.000000 11.933267 -0.001737 0.999998 0.000000 -0.204363 0.000000 0.000000 1.000000 0.000000
0.999999 0.001579 0.000000 12.535827 -0.001579 0.999999 0.000000 -0.221778 0.000000 0.000000 1.000000 0.000000
1.000000 0.000010 0.000000 13.169041 -0.000010 1.000000 0.000000 -0.236735 0.000000 0.000000 1.000000 0.000000
0.999998 0.001801 0.000000 13.790794 -0.001801 0.999998 0.000000 -0.248834 0.000000 0.000000 1.000000 0.000000
0.999993 0.003828 0.000000 14.379117 -0.003828 0.999993 0.000000 -0.264438 0.000000 0.000000 1.000000 0.000000
0.999999 0.001577 0.000000 15.007406 -0.001577 0.999999 0.000000 -0.292774 0.000000 0.000000 1.000000 0.000000
1.000000 -0.000505 0.000000 15.625941 0.000505 1.000000 0.000000 -0.312436 0.000000 0.000000 1.000000 0.000000
0.999998 -0.002049 0.000000 16.220932 0.002049 0.999998 0.000000 -0.334283 0.000000 0.000000 1.000000 0.000000
0.999999 -0.001660 0.000000 16.843653 0.001660 0.999999 0.000000 -0.347820 0.000000 0.000000 1.000000 0.000000
1.000000 -0.000710 0.000000 17.472171 0.000710 1.000000 0.000000 -0.369306 0.000000 0.000000 1.000000 0.000000
1.000000 -0.000155 0.000000 18.095646 0.000155 1.000000 0.000000 -0.390592 0.000000 0.000000 1.000000 0.000000
0.999999 0.001702 0.000000 18.693032 -0.001702 0.999999 0.000000 -0.406262 0.000000 0.000000 1.000000 0.000000
0.999979 0.006548 0.000000 19.332348 -0.006548 0.999979 0.000000 -0.429560 0.000000 0.000000 1.000000 0.000000
0.999961 0.008849 0.000000 19.938941 -0.008849 0.999961 0.000000 -0.457689 0.000000 0.000000 1.000000 0.000000
0.999957 0.009314 0.000000 20.573653 -0.009314 0.999957 0.000000 -0.483216 0.000000 0.000000 1.000000 0.000000
0.999965 0.008377 0.000000 21.218686 -0.008377 0.999965 0.000000 -0.510701 0.000000 0.000000 1.000000 0.000000
0.999971 0.007598 0.000000 22.049073 -0.007598 0.999971 0.000000 -0.549294 0.000000 0.000000 1.000000 0.000000
0.999962 0.008732 0.000000 22.693175 -0.008732 0.999962 0.000000 -0.571075 0.000000 0.000000 1.000000 0.000000
0.999950 0.010025 0.000000 23.328800 -0.010025 0.999950 0.000000 -0.590284 0.000000 0.000000 1.000000 0.000000
0.999935 0.011358 0.000000 23.953844 -0.011358 0.999935 0.000000 -0.613966 0.000000 0.000000 1.000000 0.000000
0.999922 0.012480 0.000000 24.574437 -0.012480 0.999922 0.000000 -0.643789 0.000000 0.000000 1.000000 0.000000
0.999938 0.011151 0.000000 25.219116 -0.011151 0.999938 0.000000 -0.674493 0.000000 0.000000 1.000000 0.000000
0.999915 0.013067 0.000000 25.860882 -0.013067 0.999915 0.000000 -0.702154 0.000000 0.000000 1.000000 0.000000
0.999895 0.014470 0.000000 26.508539 -0.014470 0.999895 0.000000 -0.732617 0.000000 0.000000 1.000000 0.000000
0.999863 0.016576 0.000000 27.134277 -0.016576 0.999863 0.000000 -0.762748 0.000000 0.000000 1.000000 0.000000
0.999863 0.016554 0.000000 27.758717 -0.016554 0.999863 0.000000 -0.796039 0.000000 0.000000 1.000000 0.000000
0.999832 0.018315 0.000000 28.393414 -0.018315 0.999832 0.000000 -0.824080 0.000000 0.000000 1.000000 0.000000
0.999864 0.016507 0.000000 29.040367 -0.016507 0.999864 0.000000 -0.853913 0.000000 0.000000 1.000000 0.000000
0.999856 0.016990 0.000000 29.684216 -0.016990 0.999856 0.000000 -0.883567 0.000000 0.000000 1.000000 0.000000
0.999845 0.017618 0.000000 30.319772 -0.017618 0.999845 0.000000 -0.910206 0.000000 0.000000 1.000000 0.000000
0.999869 0.016206 0.000000 30.910717 -0.016206 0.999869 0.000000 -0.944559 0.000000 0.000000 1.000000 0.000000
0.999850 0.017298 0.000000 31.557463 -0.017298 0.999850 0.000000 -0.977613 0.000000 0.000000 1.000000 0.000000
0.999800 0.019994 0.000000 32.193063 -0.019994 0.999800 0.000000 -1.005898 0.000000 0.000000 1.000000 0.000000
0.999811 0.019433 0.000000 32.848887 -0.019433 0.999811 0.000000 -1.043831 0.000000 0.000000 1.000000 0.000000
0.999850 0.017342 0.000000 33.495698 -0.017342 0.999850 0.000000 -1.074311 0.000000 0.000000 1.000000 0.000000
0.999841 0.017830 0.000000 34.133143 -0.017830 0.999841 0.000000 -1.102775 0.000000 0.000000 1.000000 0.000000
0.999816 0.019178 0.000000 34.778113 -0.019178 0.999816 0.000000 -1.131720 0.000000 0.000000 1.000000 0.000000
0.999807 0.019630 0.000000 35.419773 -0.019630 0.999807 0.000000 -1.155364 0.000000 0.000000 1.000000 0.000000
0.999804 0.019822 0.000000 36.070946 -0.019822 0.999804 0.000000 -1.177974 0.000000 0.000000 1.000000 0.000000
0.999764 0.021736 0.000000 36.714064 -0.021736 0.999764 0.000000 -1.206853 0.000000 0.000000 1.000000 0.000000
0.999759 0.021948 0.000000 37.372931 -0.021948 0.999759 0.000000 -1.242174 0.000000 0.000000 1.000000 0.000000
0.999796 0.020179 0.000000 37.987648 -0.020179 0.999796 0.000000 -1.276226 0.000000 0.000000 1.000000 0.000000
0.999743 0.022671 0.000000 38.641559 -0.022671 0.999743 0.000000 -1.297597 0.000000 0.000000 1.000000 0.000000
0.999718 0.023746 0.000000 39.299767 -0.023746 0.999718 0.000000 -1.323360 0.000000 0.000000 1.000000 0.000000
0.999660 0.026081 0.000000 39.964451 -0.026081 0.999660 0.000000 -1.354916 0.000000 0.000000 1.000000 0.000000
0.999758 0.021990 0.000000 40.615607 -0.021990 0.999758 0.000000 -1.389500 0.000000 0.000000 1.000000 0.000000
0.999812 0.019414 0.000000 41.235521 -0.019414 0.999812 0.000000 -1.427965 0.000000 0.000000 1.000000 0.000000
0.999808 0.019570 0.000000 41.832505 -0.019570 0.999808 0.000000 -1.456724 0.000000 0.000000 1.000000 0.000000
0.999791 0.020428 0.000000 42.474082 -0.020428 0.999791 0.000000 -1.486443 0.000000 0.000000 1.000000 0.000000
0.999737 0.022948 0.000000 43.129010 -0.022948 0.999737 0.000000 -1.516604 0.000000 0.000000 1.000000 0.000000
0.999714 0.023935 0.000000 43.794360 -0.023935 0.999714 0.000000 -1.552262 0.000000 0.000000 1.000000 0.000000
0.999736 0.022957 0.000000 44.443687 -0.022957 0.999736 0.000000 -1.587212 0.000000 0.000000 1.000000 0.000000
0.999804 0.019793 0.000000 45.080956 -0.019793 0.999804 0.000000 -1.614984 0.000000 0.000000 1.000000 0.000000
0.999771 0.021394 0.000000 46.096645 -0.021394 0.999771 0.000000 -1.666122 0.000000 0.000000 1.000000 0.000000
0.999824 0.018782 0.000000 46.781382 -0.018782 0.999824 0.000000 -1.696513 0.000000 0.000000 1.000000 0.000000
0.999764 0.021730 0.000000 47.408814 -0.021730 0.999764 0.000000 -1.721350 0.000000 0.000000 1.000000 0.000000
0.999779 0.021005 0.000000 48.053168 -0.021005 0.999779 0.000000 -1.743790 0.000000 0.000000 1.000000 0.000000
0.999782 0.020858 0.000000 48.703040 -0.020858 0.999782 0.000000 -1.769463 0.000000 0.000000 1.000000 0.000000
0.999797 0.020152 0.000000 49.362337 -0.020152 0.999797 0.000000 -1.790839 0.000000 0.000000 1.000000 0.000000
0.999770 0.021434 0.000000 50.021528 -0.021434 0.999770 0.000000 -1.810435 0.000000 0.000000 1.000000 0.000000
0.999796 0.020213 0.000000 50.675919 -0.020213 0.999796 0.000000 -1.834821 0.000000 0.000000 1.000000 0.000000
0.999830 0.018464 0.000000 51.997696 -0.018464 0.999830 0.000000 -1.873280 0.000000 0.000000 1.000000 0.000000
0.999833 0.018282 0.000000 52.645542 -0.018282 0.999833 0.000000 -1.886585 0.000000 0.000000 1.000000 0.000000
0.999894 0.014585 0.000000 53.283923 -0.014585 0.999894 0.000000 -1.902077 0.000000 0.000000 1.000000 0.000000
0.999887 0.015014 0.000000 53.916371 -0.015014 0.999887 0.000000 -1.921040 0.000000 0.000000 1.000000 0.000000
0.999855 0.017031 0.000000 54.540253 -0.017031 0.999855 0.000000 -1.941074 0.000000 0.000000 1.000000 0.000000
0.999816 0.019157 0.000000 55.204448 -0.019157 0.999816 0.000000 -1.968149 0.000000 0.000000 1.000000 0.000000
0.999811 0.019455 0.000000 55.841991 -0.019455 0.999811 0.000000 -1.987059 0.000000 0.000000 1.000000 0.000000
0.999789 0.020562 0.000000 56.454346 -0.020562 0.999789 0.000000 -2.006874 0.000000 0.000000 1.000000 0.000000
0.999799 0.020048 0.000000 57.090510 -0.020048 0.999799 0.000000 -2.032260 0.000000 0.000000 1.000000 0.000000
0.999793 0.020341 0.000000 57.677039 -0.020341 0.999793 0.000000 -2.055476 0.000000 0.000000 1.000000 0.000000
0.999775 0.021194 0.000000 58.296628 -0.021194 0.999775 0.000000 -2.082910 0.000000 0.000000 1.000000 0.000000
0.999748 0.022432 0.000000 58.918604 -0.022432 0.999748 0.000000 -2.110798 0.000000 0.000000 1.000000 0.000000
0.999738 0.022885 0.000000 59.494606 -0.022885 0.999738 0.000000 -2.133248 0.000000 0.000000 1.000000 0.000000
0.999697 0.024628 0.000000 60.114442 -0.024628 0.999697 0.000000 -2.159031 0.000000 0.000000 1.000000 0.000000
0.999735 0.023016 0.000000 60.719146 -0.023016 0.999735 0.000000 -2.193544 0.000000 0.000000 1.000000 0.000000
0.999726 0.023403 0.000000 61.285647 -0.023403 0.999726 0.000000 -2.227335 0.000000 0.000000 1.000000 0.000000
0.999750 0.022340 0.000000 61.884865 -0.022340 0.999750 0.000000 -2.265118 0.000000 0.000000 1.000000 0.000000
0.999749 0.022394 0.000000 62.444649 -0.022394 0.999749 0.000000 -2.291179 0.000000 0.000000 1.000000 0.000000
0.999665 0.025878 0.000000 63.050816 -0.025878 0.999665 0.000000 -2.318225 0.000000 0.000000 1.000000 0.000000
0.999645 0.026642 0.000000 63.648962 -0.026642 0.999645 0.000000 -2.349180 0.000000 0.000000 1.000000 0.000000
0.999635 0.027017 0.000000 64.476883 -0.027017 0.999635 0.000000 -2.397036 0.000000 0.000000 1.000000 0.000000
0.999594 0.028503 0.000000 65.064070 -0.028503 0.999594 0.000000 -2.430658 0.000000 0.000000 1.000000 0.000000
0.999556 0.029781 0.000000 65.653336 -0.029781 0.999556 0.000000 -2.469857 0.000000 0.000000 1.000000 0.000000
0.999591 0.028593 0.000000 66.240525 -0.028593 0.999591 0.000000 -2.503155 0.000000 0.000000 1.000000 0.000000
0.999603 0.028164 0.000000 66.825920 -0.028164 0.999603 0.000000 -2.535033 0.000000 0.000000 1.000000 0.000000
0.999672 0.025602 0.000000 67.413379 -0.025602 0.999672 0.000000 -2.561780 0.000000 0.000000 1.000000 0.000000
0.999719 0.023697 0.000000 68.031904 -0.023697 0.999719 0.000000 -2.593694 0.000000 0.000000 1.000000 0.000000
0.999724 0.023475 0.000000 68.609710 -0.023475 0.999724 0.000000 -2.618705 0.000000 0.000000 1.000000 0.000000
0.999747 0.022475 0.000000 69.190504 -0.022475 0.999747 0.000000 -2.651199 0.000000 0.000000 1.000000 0.000000
0.999677 0.025422 0.000000 70.360128 -0.025422 0.999677 0.000000 -2.714544 0.000000 0.000000 1.000000 0.000000
0.999720 0.023649 0.000000 70.939525 -0.023649 0.999720 0.000000 -2.740963 0.000000 0.000000 1.000000 0.000000
0.999670 0.025672 0.000000 71.524775 -0.025672 0.999670 0.000000 -2.768533 0.000000 0.000000 1.000000 0.000000
0.999668 0.025784 0.000000 72.096227 -0.025784 0.999668 0.000000 -2.806448 0.000000 0.000000 1.000000 0.000000
0.999673 0.025584 0.000000 72.667038 -0.025584 0.999673 0.000000 -2.836251 0.000000 0.000000 1.000000 0.000000
0.999626 0.027343 0.000000 73.238085 -0.027343 0.999626 0.000000 -2.864615 0.000000 0.000000 1.000000 0.000000
0.999653 0.026353 0.000000 73.805109 -0.026353 0.999653 0.000000 -2.899516 0.000000 0.000000 1.000000 0.000000
0.999696 0.024658 0.000000 74.369464 -0.024658 0.999696 0.000000 -2.926340 0.000000 0.000000 1.000000 0.000000
0.999701 0.024466 0.000000 74.932960 -0.024466 0.999701 0.000000 -2.957948 0.000000 0.000000 1.000000 0.000000
0.999649 0.026496 0.000000 75.482478 -0.026496 0.999649 0.000000 -2.984874 0.000000 0.000000 1.000000 0.000000
0.999649 0.026491 0.000000 76.028285 -0.026491 0.999649 0.000000 -3.016940 0.000000 0.000000 1.000000 0.000000
0.999657 0.026190 0.000000 76.570039 -0.026190 0.999657 0.000000 -3.046494 0.000000 0.000000 1.000000 0.000000
0.999655 0.026276 0.000000 77.114597 -0.026276 0.999655 0.000000 -3.082243 0.000000 0.000000 1.000000 0.000000
0.999606 0.028058 0.000000 77.629313 -0.028058 0.999606 0.000000 -3.110438 0.000000 0.000000 1.000000 0.000000
0.999565 0.029502 0.000000 78.174297 -0.029502 0.999565 0.000000 -3.136370 0.000000 0.000000 1.000000 0.000000
0.999484 0.032112 0.000000 78.692743 -0.032112 0.999484 0.000000 -3.163823 0.000000 0.000000 1.000000 0.000000
0.999402 0.034588 0.000000 79.190465 -0.034588 0.999402 0.000000 -3.184976 0.000000 0.000000 1.000000 0.000000
0.999388 0.034985 0.000000 79.713134 -0.034985 0.999388 0.000000 -3.220146 0.000000 0.000000 1.000000 0.000000
0.999401 0.034609 0.000000 80.239227 -0.034609 0.999401 0.000000 -3.254972 0.000000 0.000000 1.000000 0.000000
0.999404 0.034523 0.000000 80.723680 -0.034523 0.999404 0.000000 -3.282320 0.000000 0.000000 1.000000 0.000000
0.999369 0.035529 0.000000 81.248727 -0.035529 0.999369 0.000000 -3.320431 0.000000 0.000000 1.000000 0.000000
0.999270 0.038214 0.000000 81.759725 -0.038214 0.999270 0.000000 -3.361593 0.000000 0.000000 1.000000 0.000000
0.999307 0.037209 0.000000 82.241399 -0.037209 0.999307 0.000000 -3.395371 0.000000 0.000000 1.000000 0.000000
0.999300 0.037411 0.000000 82.760566 -0.037411 0.999300 0.000000 -3.429644 0.000000 0.000000 1.000000 0.000000
0.999247 0.038788 0.000000 83.271606 -0.038788 0.999247 0.000000 -3.460497 0.000000 0.000000 1.000000 0.000000
0.999177 0.040553 0.000000 83.745193 -0.040553 0.999177 0.000000 -3.498000 0.000000 0.000000 1.000000 0.000000
0.999154 0.041117 0.000000 84.250800 -0.041117 0.999154 0.000000 -3.540366 0.000000 0.000000 1.000000 0.000000
0.999145 0.041348 0.000000 84.727126 -0.041348 0.999145 0.000000 -3.578701 0.000000 0.000000 1.000000 0.000000
0.999050 0.043568 0.000000 85.231539 -0.043568 0.999050 0.000000 -3.620406 0.000000 0.000000 1.000000 0.000000
0.999036 0.043898 0.000000 85.881997 -0.043898 0.999036 0.000000 -3.670571 0.000000 0.000000 1.000000 0.000000
0.998885 0.047207 0.000000 86.369784 -0.047207 0.998885 0.000000 -3.697377 0.000000 0.000000 1.000000 0.000000
0.998792 0.049144 0.000000 86.856499 -0.049144 0.998792 0.000000 -3.727776 0.000000 0.000000 1.000000 0.000000
0.998743 0.050121 0.000000 87.337968 -0.050121 0.998743 0.000000 -3.759947 0.000000 0.000000 1.000000 0.000000
0.998777 0.049441 0.000000 87.819295 -0.049441 0.998777 0.000000 -3.796188 0.000000 0.000000 1.000000 0.000000
0.998832 0.048321 0.000000 88.303669 -0.048321 0.998832 0.000000 -3.837547 0.000000 0.000000 1.000000 0.000000
0.998762 0.049753 0.000000 88.779948 -0.049753 0.998762 0.000000 -3.876827 0.000000 0.000000 1.000000 0.000000
0.998574 0.053384 0.000000 89.732976 -0.053384 0.998574 0.000000 -3.955184 0.000000 0.000000 1.000000 0.000000
0.998480 0.055109 0.000000 90.199127 -0.055109 0.998480 0.000000 -3.994469 0.000000 0.000000 1.000000 0.000000
0.998281 0.058604 0.000000 90.672537 -0.058604 0.998281 0.000000 -4.029795 0.000000 0.000000 1.000000 0.000000
0.998146 0.060871 0.000000 91.144334 -0.060871 0.998146 0.000000 -4.076121 0.000000 0.000000 1.000000 0.000000
0.998067 0.062153 0.000000 91.619072 -0.062153 0.998067 0.000000 -4.121482 0.000000 0.000000 1.000000 0.000000
0.997850 0.065545 0.000000 92.078603 -0.065545 0.997850 0.000000 -4.166173 0.000000 0.000000 1.000000 0.000000
0.997733 0.067298 0.000000 92.540573 -0.067298 0.997733 0.000000 -4.218229 0.000000 0.000000 1.000000 0.000000
0.997450 0.071366 0.000000 92.992660 -0.071366 0.997450 0.000000 -4.264272 0.000000 0.000000 1.000000 0.000000
0.997217 0.074553 0.000000 93.443473 -0.074553 0.997217 0.000000 -4.310197 0.000000 0.000000 1.000000 0.000000
0.996995 0.077460 0.000000 93.891647 -0.077460 0.996995 0.000000 -4.354497 0.000000 0.000000 1.000000 0.000000
0.996793 0.080022 0.000000 94.312044 -0.080022 0.996793 0.000000 -4.396732 0.000000 0.000000 1.000000 0.000000
0.996607 0.082306 0.000000 94.749483 -0.082306 0.996607 0.000000 -4.447102 0.000000 0.000000 1.000000 0.000000
0.996312 0.085810 0.000000 95.181110 -0.085810 0.996312 0.000000 -4.498086 0.000000 0.000000 1.000000 0.000000
0.996246 0.086572 0.000000 95.612146 -0.086572 0.996246 0.000000 -4.558460 0.000000 0.000000 1.000000 0.000000
0.995969 0.089699 0.000000 96.037336 -0.089699 0.995969 0.000000 -4.611731 0.000000 0.000000 1.000000 0.000000
0.995793 0.091629 0.000000 96.452199 -0.091629 0.995793 0.000000 -4.654960 0.000000 0.000000 1.000000 0.000000
0.995019 0.099684 0.000000 96.868318 -0.099684 0.995019 0.000000 -4.702515 0.000000 0.000000 1.000000 0.000000
0.994735 0.102478 0.000000 97.276810 -0.102478 0.994735 0.000000 -4.753352 0.000000 0.000000 1.000000 0.000000
0.994389 0.105786 0.000000 97.681931 -0.105786 0.994389 0.000000 -4.813207 0.000000 0.000000 1.000000 0.000000
0.994383 0.105839 0.000000 98.087560 -0.105839 0.994383 0.000000 -4.869833 0.000000 0.000000 1.000000 0.000000
0.994047 0.108953 0.000000 98.475885 -0.108953 0.994047 0.000000 -4.931872 0.000000 0.000000 1.000000 0.000000
0.994163 0.107888 0.000000 98.879380 -0.107888 0.994163 0.000000 -5.003914 0.000000 0.000000 1.000000 0.000000
0.993376 0.114913 0.000000 99.264836 -0.114913 0.993376 0.000000 -5.062645 0.000000 0.000000 1.000000 0.000000
0.992869 0.119213 0.000000 99.663712 -0.119213 0.992869 0.000000 -5.125491 0.000000 0.000000 1.000000 0.000000
0.992884 0.119086 0.000000 100.046208 -0.119086 0.992884 0.000000 -5.193276 0.000000 0.000000 1.000000 0.000000
0.992456 0.122599 0.000000 100.409033 -0.122599 0.992456 0.000000 -5.253528 0.000000 0.000000 1.000000 0.000000
0.991891 0.127088 0.000000 100.808399 -0.127088 0.991891 0.000000 -5.321943 0.000000 0.000000 1.000000 0.000000
0.991257 0.131943 0.000000 101.200855 -0.131943 0.991257 0.000000 -5.382683 0.000000 0.000000 1.000000 0.000000
0.990773 0.135530 0.000000 101.762828 -0.135530 0.990773 0.000000 -5.480400 0.000000 0.000000 1.000000 0.000000
0.990444 0.137917 0.000000 102.172720 -0.137917 0.990444 0.000000 -5.557749 0.000000 0.000000 1.000000 0.000000
0.990162 0.139925 0.000000 102.579805 -0.139925 0.990162 0.000000 -5.635411 0.000000 0.000000 1.000000 0.000000
0.989851 0.142109 0.000000 102.991153 -0.142109 0.989851 0.000000 -5.699497 0.000000 0.000000 1.000000 0.000000
0.989492 0.144590 0.000000 103.406117 -0.144590 0.989492 0.000000 -5.771507 0.000000 0.000000 1.000000 0.000000
0.989407 0.145167 0.000000 103.823841 -0.145167 0.989407 0.000000 -5.844169 0.000000 0.000000 1.000000 0.000000
0.989269 0.146108 0.000000 104.240410 -0.146108 0.989269 0.000000 -5.915212 0.000000 0.000000 1.000000 0.000000
0.988815 0.149146 0.000000 104.649072 -0.149146 0.988815 0.000000 -5.985138 0.000000 0.000000 1.000000 0.000000
0.987725 0.156202 0.000000 105.371521 -0.156202 0.987725 0.000000 -6.116516 0.000000 0.000000 1.000000 0.000000
0.987636 0.156767 0.000000 105.789510 -0.156767 0.987636 0.000000 -6.194637 0.000000 0.000000 1.000000 0.000000
0.987749 0.156052 0.000000 106.224474 -0.156052 0.987749 0.000000 -6.273583 0.000000 0.000000 1.000000 0.000000
0.987842 0.155461 0.000000 106.660100 -0.155461 0.987842 0.000000 -6.347192 0.000000 0.000000 1.000000 0.000000
0.987963 0.154689 0.000000 107.095710 -0.154689 0.987963 0.000000 -6.414625 0.000000 0.000000 1.000000 0.000000
0.987388 0.158316 0.000000 107.531762 -0.158316 0.987388 0.000000 -6.475844 0.000000 0.000000 1.000000 0.000000
0.987577 0.157133 0.000000 107.964466 -0.157133 0.987577 0.000000 -6.548572 0.000000 0.000000 1.000000 0.000000
0.987690 0.156425 0.000000 108.391332 -0.156425 0.987690 0.000000 -6.619905 0.000000 0.000000 1.000000 0.000000
0.987670 0.156550 0.000000 108.821192 -0.156550 0.987670 0.000000 -6.694899 0.000000 0.000000 1.000000 0.000000
0.987485 0.157712 0.000000 109.265757 -0.157712 0.987485 0.000000 -6.774917 0.000000 0.000000 1.000000 0.000000
0.986879 0.161463 0.000000 109.705937 -0.161463 0.986879 0.000000 -6.857800 0.000000 0.000000 1.000000 0.000000
0.986912 0.161258 0.000000 110.522561 -0.161258 0.986912 0.000000 -7.014893 0.000000 0.000000 1.000000 0.000000
0.987040 0.160472 0.000000 110.974729 -0.160472 0.987040 0.000000 -7.105898 0.000000 0.000000 1.000000 0.000000
0.986935 0.161119 0.000000 111.425928 -0.161119 0.986935 0.000000 -7.190960 0.000000 0.000000 1.000000 0.000000
0.986726 0.162391 0.000000 111.866944 -0.162391 0.986726 0.000000 -7.282610 0.000000 0.000000 1.000000 0.000000
0.986358 0.164616 0.000000 112.311740 -0.164616 0.986358 0.000000 -7.376487 0.000000 0.000000 1.000000 0.000000
0.986172 0.165722 0.000000 112.761423 -0.165722 0.986172 0.000000 -7.476949 0.000000 0.000000 1.000000 0.000000
0.985997 0.166764 0.000000 113.221029 -0.166764 0.985997 0.000000 -7.581993 0.000000 0.000000 1.000000 0.000000
0.985373 0.170414 0.000000 113.694890 -0.170414 0.985373 0.000000 -7.685424 0.000000 0.000000 1.000000 0.000000
0.984690 0.174316 0.000000 114.183400 -0.174316 0.984690 0.000000 -7.792489 0.000000 0.000000 1.000000 0.000000
0.984070 0.177784 0.000000 114.615919 -0.177784 0.984070 0.000000 -7.876000 0.000000 0.000000 1.000000 0.000000
0.984081 0.177721 0.000000 115.108947 -0.177721 0.984081 0.000000 -7.976396 0.000000 0.000000 1.000000 0.000000
0.983863 0.178925 0.000000 115.576733 -0.178925 0.983863 0.000000 -8.065421 0.000000 0.000000 1.000000 0.000000
0.983501 0.180902 0.000000 116.044998 -0.180902 0.983501 0.000000 -8.147559 0.000000 0.000000 1.000000 0.000000
0.983888 0.178784 0.000000 116.507376 -0.178784 0.983888 0.000000 -8.249595 0.000000 0.000000 1.000000 0.000000
0.983275 0.182126 0.000000 116.975416 -0.182126 0.983275 0.000000 -8.344762 0.000000 0.000000 1.000000 0.000000
0.982885 0.184218 0.000000 117.436237 -0.184218 0.982885 0.000000 -8.443403 0.000000 0.000000 1.000000 0.000000
0.982187 0.187906 0.000000 117.902080 -0.187906 0.982187 0.000000 -8.539783 0.000000 0.000000 1.000000 0.000000
0.980975 0.194133 0.000000 118.373953 -0.194133 0.980975 0.000000 -8.630814 0.000000 0.000000 1.000000 0.000000
0.980648 0.195779 0.000000 118.828095 -0.195779 0.980648 0.000000 -8.724307 0.000000 0.000000 1.000000 0.000000
0.980597 0.196037 0.000000 119.309749 -0.196037 0.980597 0.000000 -8.823901 0.000000 0.000000 1.000000 0.000000
0.980314 0.197446 0.000000 119.793851 -0.197446 0.980314 0.000000 -8.931770 0.000000 0.000000 1.000000 0.000000
0.980262 0.197705 0.000000 120.588409 -0.197705 0.980262 0.000000 -9.111180 0.000000 0.000000 1.000000 0.000000
0.980302 0.197503 0.000000 121.072699 -0.197503 0.980302 0.000000 -9.220960 0.000000 0.000000 1.000000 0.000000
0.982698 0.185215 0.000000 122.051370 -0.185215 0.982698 0.000000 -9.437603 0.000000 0.000000 1.000000 0.000000
0.982756 0.184908 0.000000 122.551122 -0.184908 0.982756 0.000000 -9.536019 0.000000 0.000000 1.000000 0.000000
0.983021 0.183493 0.000000 123.060492 -0.183493 0.983021 0.000000 -9.636658 0.000000 0.000000 1.000000 0.000000
0.982977 0.183726 0.000000 123.568838 -0.183726 0.982977 0.000000 -9.728868 0.000000 0.000000 1.000000 0.000000
0.983377 0.181575 0.000000 124.066970 -0.181575 0.983377 0.000000 -9.825124 0.000000 0.000000 1.000000 0.000000
0.983249 0.182266 0.000000 124.564416 -0.182266 0.983249 0.000000 -9.923429 0.000000 0.000000 1.000000 0.000000
0.983295 0.182021 0.000000 125.106425 -0.182021 0.983295 0.000000 -10.026006 0.000000 0.000000 1.000000 0.000000
0.982847 0.184423 0.000000 125.598089 -0.184423 0.982847 0.000000 -10.120648 0.000000 0.000000 1.000000 0.000000
0.982582 0.185829 0.000000 126.109099 -0.185829 0.982582 0.000000 -10.227015 0.000000 0.000000 1.000000 0.000000
0.982756 0.184906 0.000000 126.628393 -0.184906 0.982756 0.000000 -10.332702 0.000000 0.000000 1.000000 0.000000
0.983444 0.181210 0.000000 127.108334 -0.181210 0.983444 0.000000 -10.444331 0.000000 0.000000 1.000000 0.000000
0.983405 0.181423 0.000000 127.613107 -0.181423 0.983405 0.000000 -10.551514 0.000000 0.000000 1.000000 0.000000
0.983393 0.181491 0.000000 128.139157 -0.181491 0.983393 0.000000 -10.658114 0.000000 0.000000 1.000000 0.000000
0.982921 0.184026 0.000000 128.627510 -0.184026 0.982921 0.000000 -10.747277 0.000000 0.000000 1.000000 0.000000
0.983533 0.180726 0.000000 129.145876 -0.180726 0.983533 0.000000 -10.843036 0.000000 0.000000 1.000000 0.000000
0.982869 0.184304 0.000000 129.673740 -0.184304 0.982869 0.000000 -10.956702 0.000000 0.000000 1.000000 0.000000
0.982462 0.186463 0.000000 130.294246 -0.186463 0.982462 0.000000 -11.076344 0.000000 0.000000 1.000000 0.000000
0.982242 0.187617 0.000000 130.852570 -0.187617 0.982242 0.000000 -11.184076 0.000000 0.000000 1.000000 0.000000
0.981830 0.189764 0.000000 131.358663 -0.189764 0.981830 0.000000 -11.279704 0.000000 0.000000 1.000000 0.000000
0.981796 0.189937 0.000000 131.887405 -0.189937 0.981796 0.000000 -11.388038 0.000000 0.000000 1.000000 0.000000
0.980863 0.194698 0.000000 132.418370 -0.194698 0.980863 0.000000 -11.497071 0.000000 0.000000 1.000000 0.000000
0.980411 0.196963 0.000000 132.945508 -0.196963 0.980411 0.000000 -11.617990 0.000000 0.000000 1.000000 0.000000
0.979310 0.202365 0.000000 136.716221 -0.202365 0.979310 0.000000 -12.505348 0.000000 0.000000 1.000000 0.000000
0.979541 0.201245 0.000000 137.211968 -0.201245 0.979541 0.000000 -12.617500 0.000000 0.000000 1.000000 0.000000
0.980429 0.196875 0.000000 138.359628 -0.196875 0.980429 0.000000 -12.873178 0.000000 0.000000 1.000000 0.000000
0.979272 0.202552 0.000000 139.457264 -0.202552 0.979272 0.000000 -13.145809 0.000000 0.000000 1.000000 0.000000
0.979062 0.203562 0.000000 140.009251 -0.203562 0.979062 0.000000 -13.284305 0.000000 0.000000 1.000000 0.000000
0.978873 0.204469 0.000000 140.557489 -0.204469 0.978873 0.000000 -13.421234 0.000000 0.000000 1.000000 0.000000
0.978642 0.205573 0.000000 141.107238 -0.205573 0.978642 0.000000 -13.563178 0.000000 0.000000 1.000000 0.000000
0.978762 0.204998 0.000000 141.658490 -0.204998 0.978762 0.000000 -13.721569 0.000000 0.000000 1.000000 0.000000
0.979479 0.201547 0.000000 142.228204 -0.201547 0.979479 0.000000 -13.867078 0.000000 0.000000 1.000000 0.000000
0.978732 0.205145 0.000000 142.785785 -0.205145 0.978732 0.000000 -14.006846 0.000000 0.000000 1.000000 0.000000
0.978600 0.205772 0.000000 143.366902 -0.205772 0.978600 0.000000 -14.146621 0.000000 0.000000 1.000000 0.000000
0.978762 0.204998 0.000000 143.945462 -0.204998 0.978762 0.000000 -14.292838 0.000000 0.000000 1.000000 0.000000
0.978441 0.206525 0.000000 144.864073 -0.206525 0.978441 0.000000 -14.521917 0.000000 0.000000 1.000000 0.000000
0.977389 0.211447 0.000000 145.445961 -0.211447 0.977389 0.000000 -14.666303 0.000000 0.000000 1.000000 0.000000
0.977529 0.210799 0.000000 146.009627 -0.210799 0.977529 0.000000 -14.825322 0.000000 0.000000 1.000000 0.000000
0.976820 0.214064 0.000000 146.589553 -0.214064 0.976820 0.000000 -14.969518 0.000000 0.000000 1.000000 0.000000
0.976266 0.216574 0.000000 147.215897 -0.216574 0.976266 0.000000 -15.121683 0.000000 0.000000 1.000000 0.000000
0.975694 0.219137 0.000000 147.751613 -0.219137 0.975694 0.000000 -15.255525 0.000000 0.000000 1.000000 0.000000
0.975524 0.219894 0.000000 148.370298 -0.219894 0.975524 0.000000 -15.410297 0.000000 0.000000 1.000000 0.000000
0.975554 0.219759 0.000000 148.947995 -0.219759 0.975554 0.000000 -15.569154 0.000000 0.000000 1.000000 0.000000
0.975547 0.219792 0.000000 149.531809 -0.219792 0.975547 0.000000 -15.706031 0.000000 0.000000 1.000000 0.000000
0.975625 0.219445 0.000000 150.105934 -0.219445 0.975625 0.000000 -15.843044 0.000000 0.000000 1.000000 0.000000
0.975703 0.219097 0.000000 150.679817 -0.219097 0.975703 0.000000 -15.992191 0.000000 0.000000 1.000000 0.000000
0.976086 0.217383 0.000000 151.239352 -0.217383 0.976086 0.000000 -16.140121 0.000000 0.000000 1.000000 0.000000
0.976377 0.216075 0.000000 151.792879 -0.216075 0.976377 0.000000 -16.282482 0.000000 0.000000 1.000000 0.000000
0.976312 0.216369 0.000000 152.351360 -0.216369 0.976312 0.000000 -16.428007 0.000000 0.000000 1.000000 0.000000
0.976717 0.214534 0.000000 152.915820 -0.214534 0.976717 0.000000 -16.577154 0.000000 0.000000 1.000000 0.000000
0.975995 0.217795 0.000000 153.491325 -0.217795 0.975995 0.000000 -16.716130 0.000000 0.000000 1.000000 0.000000
0.975417 0.220366 0.000000 154.617866 -0.220366 0.975417 0.000000 -16.999109 0.000000 0.000000 1.000000 0.000000
0.975156 0.221518 0.000000 155.183614 -0.221518 0.975156 0.000000 -17.142525 0.000000 0.000000 1.000000 0.000000
0.975207 0.221293 0.000000 155.714261 -0.221293 0.975207 0.000000 -17.274638 0.000000 0.000000 1.000000 0.000000
0.974859 0.222822 0.000000 156.305426 -0.222822 0.974859 0.000000 -17.411022 0.000000 0.000000 1.000000 0.000000
0.974433 0.224679 0.000000 156.872013 -0.224679 0.974433 0.000000 -17.532401 0.000000 0.000000 1.000000 0.000000
0.974727 0.223399 0.000000 157.982116 -0.223399 0.974727 0.000000 -17.800024 0.000000 0.000000 1.000000 0.000000
0.974856 0.222837 0.000000 158.554135 -0.222837 0.974856 0.000000 -17.927840 0.000000 0.000000 1.000000 0.000000
0.974515 0.224321 0.000000 159.097931 -0.224321 0.974515 0.000000 -18.056997 0.000000 0.000000 1.000000 0.000000
0.974323 0.225157 0.000000 159.687421 -0.225157 0.974323 0.000000 -18.193211 0.000000 0.000000 1.000000 0.000000
0.974722 0.223420 0.000000 160.280741 -0.223420 0.974722 0.000000 -18.329652 0.000000 0.000000 1.000000 0.000000
0.974493 0.224417 0.000000 160.843611 -0.224417 0.974493 0.000000 -18.454077 0.000000 0.000000 1.000000 0.000000
0.973930 0.226847 0.000000 161.642887 -0.226847 0.973930 0.000000 -18.620321 0.000000 0.000000 1.000000 0.000000
0.972844 0.231460 0.000000 162.245089 -0.231460 0.972844 0.000000 -18.740211 0.000000 0.000000 1.000000 0.000000
0.972568 0.232619 0.000000 162.823851 -0.232619 0.972568 0.000000 -18.870164 0.000000 0.000000 1.000000 0.000000
0.971284 0.237921 0.000000 163.452716 -0.237921 0.971284 0.000000 -19.006355 0.000000 0.000000 1.000000 0.000000
0.971320 0.237778 0.000000 164.006363 -0.237778 0.971320 0.000000 -19.137400 0.000000 0.000000 1.000000 0.000000
0.971982 0.235056 0.000000 164.631249 -0.235056 0.971982 0.000000 -19.301974 0.000000 0.000000 1.000000 0.000000
0.971135 0.238533 0.000000 165.218064 -0.238533 0.971135 0.000000 -19.435355 0.000000 0.000000 1.000000 0.000000
0.971741 0.236048 0.000000 165.807612 -0.236048 0.971741 0.000000 -19.568479 0.000000 0.000000 1.000000 0.000000
0.970625 0.240598 0.000000 166.398179 -0.240598 0.970625 0.000000 -19.710242 0.000000 0.000000 1.000000 0.000000
0.971338 0.237701 0.000000 166.970799 -0.237701 0.971338 0.000000 -19.865456 0.000000 0.000000 1.000000 0.000000
0.971645 0.236445 0.000000 167.545945 -0.236445 0.971645 0.000000 -20.010863 0.000000 0.000000 1.000000 0.000000
0.971523 0.236946 0.000000 168.112821 -0.236946 0.971523 0.000000 -20.157359 0.000000 0.000000 1.000000 0.000000
0.972839 0.231481 0.000000 168.685368 -0.231481 0.972839 0.000000 -20.323778 0.000000 0.000000 1.000000 0.000000
0.974025 0.226439 0.000000 169.259059 -0.226439 0.974025 0.000000 -20.493051 0.000000 0.000000 1.000000 0.000000
0.974081 0.226201 0.000000 169.835478 -0.226201 0.974081 0.000000 -20.641356 0.000000 0.000000 1.000000 0.000000
0.973734 0.227688 0.000000 170.411998 -0.227688 0.973734 0.000000 -20.795869 0.000000 0.000000 1.000000 0.000000
0.973605 0.228238 0.000000 170.991988 -0.228238 0.973605 0.000000 -20.945984 0.000000 0.000000 1.000000 0.000000
0.973379 0.229200 0.000000 171.537221 -0.229200 0.973379 0.000000 -21.085791 0.000000 0.000000 1.000000 0.000000
0.973242 0.229783 0.000000 172.154957 -0.229783 0.973242 0.000000 -21.234480 0.000000 0.000000 1.000000 0.000000
0.973645 0.228068 0.000000 172.702320 -0.228068 0.973645 0.000000 -21.367314 0.000000 0.000000 1.000000 0.000000
0.973419 0.229033 0.000000 173.288716 -0.229033 0.973419 0.000000 -21.515114 0.000000 0.000000 1.000000 0.000000
0.973123 0.230285 0.000000 173.885019 -0.230285 0.973123 0.000000 -21.659291 0.000000 0.000000 1.000000 0.000000
0.972342 0.233561 0.000000 174.474199 -0.233561 0.972342 0.000000 -21.806149 0.000000 0.000000 1.000000 0.000000
0.970229 0.242188 0.000000 175.066900 -0.242188 0.970229 0.000000 -21.951121 0.000000 0.000000 1.000000 0.000000
0.969921 0.243420 0.000000 175.646828 -0.243420 0.969921 0.000000 -22.093513 0.000000 0.000000 1.000000 0.000000
0.969819 0.243827 0.000000 176.225946 -0.243827 0.969819 0.000000 -22.244783 0.000000 0.000000 1.000000 0.000000
0.969749 0.244102 0.000000 176.804237 -0.244102 0.969749 0.000000 -22.395995 0.000000 0.000000 1.000000 0.000000
0.969598 0.244704 0.000000 177.386892 -0.244704 0.969598 0.000000 -22.545756 0.000000 0.000000 1.000000 0.000000
0.969103 0.246658 0.000000 177.969864 -0.246658 0.969103 0.000000 -22.691876 0.000000 0.000000 1.000000 0.000000
0.969611 0.244652 0.000000 178.540677 -0.244652 0.969611 0.000000 -22.844683 0.000000 0.000000 1.000000 0.000000
0.969807 0.243875 0.000000 179.138264 -0.243875 0.969807 0.000000 -22.999572 0.000000 0.000000 1.000000 0.000000
0.969335 0.245744 0.000000 179.741381 -0.245744 0.969335 0.000000 -23.142653 0.000000 0.000000 1.000000 0.000000
0.969224 0.246179 0.000000 180.302562 -0.246179 0.969224 0.000000 -23.271724 0.000000 0.000000 1.000000 0.000000
0.969371 0.245603 0.000000 180.873675 -0.245603 0.969371 0.000000 -23.419718 0.000000 0.000000 1.000000 0.000000
0.969300 0.245882 0.000000 181.456995 -0.245882 0.969300 0.000000 -23.572928 0.000000 0.000000 1.000000 0.000000
0.969210 0.246235 0.000000 182.017183 -0.246235 0.969210 0.000000 -23.723524 0.000000 0.000000 1.000000 0.000000
0.969907 0.243477 0.000000 182.607675 -0.243477 0.969907 0.000000 -23.879606 0.000000 0.000000 1.000000 0.000000
0.969550 0.244894 0.000000 183.193846 -0.244894 0.969550 0.000000 -24.030357 0.000000 0.000000 1.000000 0.000000
0.970484 0.241164 0.000000 183.747150 -0.241164 0.970484 0.000000 -24.175695 0.000000 0.000000 1.000000 0.000000
0.970580 0.240778 0.000000 184.319817 -0.240778 0.970580 0.000000 -24.323317 0.000000 0.000000 1.000000 0.000000
0.969692 0.244330 0.000000 184.907746 -0.244330 0.969692 0.000000 -24.463253 0.000000 0.000000 1.000000 0.000000
0.969732 0.244172 0.000000 185.466213 -0.244172 0.969732 0.000000 -24.594412 0.000000 0.000000 1.000000 0.000000
0.969184 0.246338 0.000000 186.062881 -0.246338 0.969184 0.000000 -24.747193 0.000000 0.000000 1.000000 0.000000
0.968835 0.247707 0.000000 186.647769 -0.247707 0.968835 0.000000 -24.898912 0.000000 0.000000 1.000000 0.000000
0.968622 0.248540 0.000000 187.476536 -0.248540 0.968622 0.000000 -25.131341 0.000000 0.000000 1.000000 0.000000
0.968126 0.250465 0.000000 188.050219 -0.250465 0.968126 0.000000 -25.279112 0.000000 0.000000 1.000000 0.000000
0.967783 0.251784 0.000000 188.619736 -0.251784 0.967783 0.000000 -25.433645 0.000000 0.000000 1.000000 0.000000
0.968007 0.250921 0.000000 189.191617 -0.250921 0.968007 0.000000 -25.592817 0.000000 0.000000 1.000000 0.000000
0.967852 0.251522 0.000000 189.769045 -0.251522 0.967852 0.000000 -25.746026 0.000000 0.000000 1.000000 0.000000
0.968449 0.249212 0.000000 190.350859 -0.249212 0.968449 0.000000 -25.893837 0.000000 0.000000 1.000000 0.000000
0.969617 0.244629 0.000000 190.921449 -0.244629 0.969617 0.000000 -26.046871 0.000000 0.000000 1.000000 0.000000
0.969770 0.244019 0.000000 191.521558 -0.244019 0.969770 0.000000 -26.194952 0.000000 0.000000 1.000000 0.000000
0.969972 0.243217 0.000000 192.029327 -0.243217 0.969972 0.000000 -26.332162 0.000000 0.000000 1.000000 0.000000
0.969787 0.243953 0.000000 193.014506 -0.243953 0.969787 0.000000 -26.597163 0.000000 0.000000 1.000000 0.000000
0.969908 0.243471 0.000000 193.595331 -0.243471 0.969908 0.000000 -26.744711 0.000000 0.000000 1.000000 0.000000
0.969797 0.243913 0.000000 194.322380 -0.243913 0.969797 0.000000 -26.937291 0.000000 0.000000 1.000000 0.000000
0.969734 0.244163 0.000000 195.053900 -0.244163 0.969734 0.000000 -27.130755 0.000000 0.000000 1.000000 0.000000
0.969186 0.246331 0.000000 196.016050 -0.246331 0.969186 0.000000 -27.392018 0.000000 0.000000 1.000000 0.000000
0.969399 0.245492 0.000000 196.589523 -0.245492 0.969399 0.000000 -27.545867 0.000000 0.000000 1.000000 0.000000
0.969495 0.245110 0.000000 197.177516 -0.245110 0.969495 0.000000 -27.698554 0.000000 0.000000 1.000000 0.000000
0.969385 0.245544 0.000000 197.741943 -0.245544 0.969385 0.000000 -27.844689 0.000000 0.000000 1.000000 0.000000
0.969243 0.246107 0.000000 198.280987 -0.246107 0.969243 0.000000 -27.978285 0.000000 0.000000 1.000000 0.000000
0.969949 0.243308 0.000000 198.856411 -0.243308 0.969949 0.000000 -28.129477 0.000000 0.000000 1.000000 0.000000
0.969268 0.246008 0.000000 199.419247 -0.246008 0.969268 0.000000 -28.274565 0.000000 0.000000 1.000000 0.000000
0.969145 0.246490 0.000000 200.213879 -0.246490 0.969145 0.000000 -28.500415 0.000000 0.000000 1.000000 0.000000
0.969671 0.244415 0.000000 200.785805 -0.244415 0.969671 0.000000 -28.649535 0.000000 0.000000 1.000000 0.000000
0.969874 0.243607 0.000000 201.350988 -0.243607 0.969874 0.000000 -28.791998 0.000000 0.000000 1.000000 0.000000
0.969905 0.243483 0.000000 201.916613 -0.243483 0.969905 0.000000 -28.937104 0.000000 0.000000 1.000000 0.000000
0.971091 0.238711 0.000000 202.514107 -0.238711 0.971091 0.000000 -29.085130 0.000000 0.000000 1.000000 0.000000
0.971215 0.238206 0.000000 203.048997 -0.238206 0.971215 0.000000 -29.219551 0.000000 0.000000 1.000000 0.000000
0.971201 0.238260 0.000000 203.655958 -0.238260 0.971201 0.000000 -29.376706 0.000000 0.000000 1.000000 0.000000
0.971439 0.237288 0.000000 204.191901 -0.237288 0.971439 0.000000 -29.516006 0.000000 0.000000 1.000000 0.000000
0.971492 0.237074 0.000000 204.793044 -0.237074 0.971492 0.000000 -29.672840 0.000000 0.000000 1.000000 0.000000
0.971594 0.236652 0.000000 205.349874 -0.236652 0.971594 0.000000 -29.815570 0.000000 0.000000 1.000000 0.000000
0.971406 0.237425 0.000000 205.897487 -0.237425 0.971406 0.000000 -29.943357 0.000000 0.000000 1.000000 0.000000
0.972050 0.234774 0.000000 206.450171 -0.234774 0.972050 0.000000 -30.079861 0.000000 0.000000 1.000000 0.000000
0.971818 0.235731 0.000000 207.004469 -0.235731 0.971818 0.000000 -30.213126 0.000000 0.000000 1.000000 0.000000
0.971872 0.235508 0.000000 207.563103 -0.235508 0.971872 0.000000 -30.358367 0.000000 0.000000 1.000000 0.000000
0.972298 0.233743 0.000000 208.115023 -0.233743 0.972298 0.000000 -30.503832 0.000000 0.000000 1.000000 0.000000
0.972644 0.232302 0.000000 208.658657 -0.232302 0.972644 0.000000 -30.643371 0.000000 0.000000 1.000000 0.000000
0.970794 0.239914 0.000000 209.196677 -0.239914 0.970794 0.000000 -30.787104 0.000000 0.000000 1.000000 0.000000
0.970973 0.239189 0.000000 209.738735 -0.239189 0.970973 0.000000 -30.927488 0.000000 0.000000 1.000000 0.000000
