0.999998 0.002102 0.000000 0.814384 -0.002102 0.999998 0.000000 -0.017893 0.000000 0.000000 1.000000 0.000000
1.000000 0.000596 0.000000 1.394107 -0.000596 1.000000 0.000000 -0.028239 0.000000 0.000000 1.000000 0.000000
0.999998 0.002175 0.000000 2.011469 -0.002175 0.999998 0.000000 -0.034914 0.000000 0.000000 1.000000 0.000000
1.000000 0.000769 0.000000 2.924904 -0.000769 1.000000 0.000000 -0.054183 0.000000 0.000000 1.000000 0.000000
0.999999 -0.001344 0.000000 3.537113 0.001344 0.999999 0.000000 -0.068778 0.000000 0.000000 1.000000 0.000000
0.999999 -0.001244 0.000000 4.184515 0.001244 0.999999 0.000000 -0.071089 0.000000 0.000000 1.000000 0.000000
0.999994 -0.003560 0.000000 4.813507 0.003560 0.999994 0.000000 -0.081860 0.000000 0.000000 1.000000 0.000000
0.999978 -0.006596 0.000000 6.060766 0.006596 0.999978 0.000000 -0.090997 0.000000 0.000000 1.000000 0.000000
0.999984 -0.005720 0.000000 6.651934 0.005720 0.999984 0.000000 -0.094317 0.000000 0.000000 1.000000 0.000000
0.999990 -0.004396 0.000000 7.295132 0.004396 0.999990 0.000000 -0.110606 0.000000 0.000000 1.000000 0.000000
0.999996 -0.002976 0.000000 7.935808 0.002976 0.999996 0.000000 -0.119778 0.000000 0.000000 1.000000 0.000000
0.999992 -0.004031 0.000000 8.611242 0.004031 0.999992 0.000000 -0.135441 0.000000 0.000000 1.000000 0.000000
0.999991 -0.004258 0.000000 9.238532 0.004258 0.999991 0.000000 -0.155722 0.000000 0.000000 1.000000 0.000000
0.999991 -0.004191 0.000000 9.868258 0.004191 0.999991 0.000000 -0.151663 0.000000 0.000000 1.000000 0.000000
0.999987 -0.005032 0.000000 10.491542 0.005032 0.999987 0.000000 -0.155176 0.000000 0.000000 1.000000 0.000000
0.999982 -0.005977 0.000000 11.109712 0.005977 0.999982 0.000000 -0.166367 0.000000 0.000000 1.000000 0.000000
0.999985 -0.005526 0.000000 11.727158 0.005526 0.999985 0.000000 -0.171936 0.000000 0.000000 1.000000 0.000000
0.999991 -0.004284 0.000000 12.350811 0.004284 0.999991 0.000000 -0.180971 0.000000 0.000000 1.000000 0.000000
0.999987 -0.005113 0.000000 12.960431 0.005113 0.999987 0.000000 -0.203329 0.000000 0.000000 1.000000 0.000000
0.999990 -0.004410 0.000000 13.605775 0.004410 0.999990 0.000000 -0.220399 0.000000 0.000000 1.000000 0.000000
0.999985 -0.005390 0.000000 14.195328 0.005390 0.999985 0.000000 -0.227744 0.000000 0.000000 1.000000 0.000000
0.999985 -0.005515 0.000000 14.813721 0.005515 0.999985 0.000000 -0.238123 0.000000 0.000000 1.000000 0.000000
0.999987 -0.005048 0.000000 15.432842 0.005048 0.999987 0.000000 -0.255328 0.000000 0.000000 1.000000 0.000000
0.999977 -0.006812 0.000000 16.083477 0.006812 0.999977 0.000000 -0.269252 0.000000 0.000000 1.000000 0.000000
0.999968 -0.007981 0.000000 16.706893 0.007981 0.999968 0.000000 -0.280872 0.000000 0.000000 1.000000 0.000000
0.999961 -0.008827 0.000000 17.330083 0.008827 0.999961 0.000000 -0.293777 0.000000 0.000000 1.000000 0.000000
0.999954 -0.009643 0.000000 17.959192 0.009643 0.999954 0.000000 -0.304417 0.000000 0.000000 1.000000 0.000000
0.999963 -0.008548 0.000000 18.588391 0.008548 0.999963 0.000000 -0.316630 0.000000 0.000000 1.000000 0.000000
0.999943 -0.010686 0.000000 19.212693 0.010686 0.999943 0.000000 -0.322587 0.000000 0.000000 1.000000 0.000000
0.999943 -0.010695 0.000000 19.810932 0.010695 0.999943 0.000000 -0.332058 0.000000 0.000000 1.000000 0.000000
0.999931 -0.011731 0.000000 20.428360 0.011731 0.999931 0.000000 -0.340002 0.000000 0.000000 1.000000 0.000000
0.999949 -0.010121 0.000000 21.059276 0.010121 0.999949 0.000000 -0.353007 0.000000 0.000000 1.000000 0.000000
0.999964 -0.008438 0.000000 21.645844 0.008438 0.999964 0.000000 -0.367698 0.000000 0.000000 1.000000 0.000000
0.999940 -0.010958 0.000000 22.275115 0.010958 0.999940 0.000000 -0.390484 0.000000 0.000000 1.000000 0.000000
0.999910 -0.013383 0.000000 22.887904 0.013383 0.999910 0.000000 -0.405461 0.000000 0.000000 1.000000 0.000000
0.999885 -0.015154 0.000000 23.489230 0.015154 0.999885 0.000000 -0.418293 0.000000 0.000000 1.000000 0.000000
0.999891 -0.014778 0.000000 24.117817 0.014778 0.999891 0.000000 -0.425966 0.000000 0.000000 1.000000 0.000000
0.999905 -0.013789 0.000000 24.762071 0.013789 0.999905 0.000000 -0.430787 0.000000 0.000000 1.000000 0.000000
0.999910 -0.013442 0.000000 25.386239 0.013442 0.999910 0.000000 -0.440229 0.000000 0.000000 1.000000 0.000000
0.999928 -0.011973 0.000000 25.985126 0.011973 0.999928 0.000000 -0.445073 0.000000 0.000000 1.000000 0.000000
0.999966 -0.008195 0.000000 26.632045 0.008195 0.999966 0.000000 -0.456306 0.000000 0.000000 1.000000 0.000000
0.999973 -0.007354 0.000000 27.227608 0.007354 0.999973 0.000000 -0.463971 0.000000 0.000000 1.000000 0.000000
0.999965 -0.008356 0.000000 27.847318 0.008356 0.999965 0.000000 -0.481796 0.000000 0.000000 1.000000 0.000000
0.999947 -0.010300 0.000000 28.476215 0.010300 0.999947 0.000000 -0.506286 0.000000 0.000000 1.000000 0.000000
0.999928 -0.012023 0.000000 29.299539 0.012023 0.999928 0.000000 -0.533673 0.000000 0.000000 1.000000 0.000000
0.999936 -0.011310 0.000000 29.935614 0.011310 0.999936 0.000000 -0.536138 0.000000 0.000000 1.000000 0.000000
0.999946 -0.010353 0.000000 30.573000 0.010353 0.999946 0.000000 -0.540779 0.000000 0.000000 1.000000 0.000000
0.999956 -0.009367 0.000000 31.210340 0.009367 0.999956 0.000000 -0.545265 0.000000 0.000000 1.000000 0.000000
0.999964 -0.008512 0.000000 31.838064 0.008512 0.999964 0.000000 -0.557875 0.000000 0.000000 1.000000 0.000000
0.999953 -0.009662 0.000000 32.482109 0.009662 0.999953 0.000000 -0.567046 0.000000 0.000000 1.000000 0.000000
0.999971 -0.007593 0.000000 33.122739 0.007593 0.999971 0.000000 -0.573144 0.000000 0.000000 1.000000 0.000000
0.999981 -0.006105 0.000000 33.779288 0.006105 0.999981 0.000000 -0.585611 0.000000 0.000000 1.000000 0.000000
0.999992 -0.003906 0.000000 34.397274 0.003906 0.999992 0.000000 -0.595526 0.000000 0.000000 1.000000 0.000000
0.999992 -0.003910 0.000000 35.029674 0.003910 0.999992 0.000000 -0.613968 0.000000 0.000000 1.000000 0.000000
0.999998 -0.002067 0.000000 35.665833 0.002067 0.999998 0.000000 -0.630998 0.000000 0.000000 1.000000 0.000000
0.999993 -0.003648 0.000000 36.286778 0.003648 0.999993 0.000000 -0.657184 0.000000 0.000000 1.000000 0.000000
0.999996 -0.002927 0.000000 36.922645 0.002927 0.999996 0.000000 -0.672117 0.000000 0.000000 1.000000 0.000000
0.999998 -0.002068 0.000000 37.559758 0.002068 0.999998 0.000000 -0.678636 0.000000 0.000000 1.000000 0.000000
0.999995 -0.003058 0.000000 38.156788 0.003058 0.999995 0.000000 -0.686635 0.000000 0.000000 1.000000 0.000000
0.999999 -0.001565 0.000000 38.803925 0.001565 0.999999 0.000000 -0.694558 0.000000 0.000000 1.000000 0.000000
0.999999 0.001154 0.000000 39.423970 -0.001154 0.999999 0.000000 -0.696405 0.000000 0.000000 1.000000 0.000000
1.000000 0.000805 0.000000 40.073500 -0.000805 1.000000 0.000000 -0.710408 0.000000 0.000000 1.000000 0.000000
1.000000 -0.000752 0.000000 40.710535 0.000752 1.000000 0.000000 -0.724194 0.000000 0.000000 1.000000 0.000000
1.000000 -0.000015 0.000000 41.321143 0.000015 1.000000 0.000000 -0.737283 0.000000 0.000000 1.000000 0.000000
0.999999 0.001525 0.000000 41.940813 -0.001525 0.999999 0.000000 -0.762482 0.000000 0.000000 1.000000 0.000000
0.999997 0.002366 0.000000 42.589517 -0.002366 0.999997 0.000000 -0.783166 0.000000 0.000000 1.000000 0.000000
0.999996 0.002960 0.000000 43.236059 -0.002960 0.999996 0.000000 -0.788532 0.000000 0.000000 1.000000 0.000000
0.999988 0.004895 0.000000 43.869219 -0.004895 0.999988 0.000000 -0.796612 0.000000 0.000000 1.000000 0.000000
0.999987 0.005103 0.000000 44.530957 -0.005103 0.999987 0.000000 -0.801534 0.000000 0.000000 1.000000 0.000000
0.999994 0.003574 0.000000 45.146434 -0.003574 0.999994 0.000000 -0.807004 0.000000 0.000000 1.000000 0.000000
0.999982 0.006034 0.000000 45.796822 -0.006034 0.999982 0.000000 -0.800342 0.000000 0.000000 1.000000 0.000000
0.999979 0.006533 0.000000 46.457424 -0.006533 0.999979 0.000000 -0.806815 0.000000 0.000000 1.000000 0.000000
0.999965 0.008419 0.000000 47.121102 -0.008419 0.999965 0.000000 -0.825685 0.000000 0.000000 1.000000 0.000000
0.999991 0.004288 0.000000 47.768373 -0.004288 0.999991 0.000000 -0.843724 0.000000 0.000000 1.000000 0.000000
0.999999 0.001640 0.000000 48.400139 -0.001640 0.999999 0.000000 -0.856471 0.000000 0.000000 1.000000 0.000000
0.999999 0.001643 0.000000 49.000629 -0.001643 0.999999 0.000000 -0.862440 0.000000 0.000000 1.000000 0.000000
0.999997 0.002501 0.000000 49.639989 -0.002501 0.999997 0.000000 -0.860488 0.000000 0.000000 1.000000 0.000000
0.999987 0.005097 0.000000 50.284343 -0.005097 0.999987 0.000000 -0.851117 0.000000 0.000000 1.000000 0.000000
0.999984 0.005693 0.000000 50.949220 -0.005693 0.999984 0.000000 -0.853465 0.000000 0.000000 1.000000 0.000000
0.999991 0.004166 0.000000 51.614641 -0.004166 0.999991 0.000000 -0.857279 0.000000 0.000000 1.000000 0.000000
1.000000 0.000850 0.000000 52.263074 -0.000850 1.000000 0.000000 -0.859933 0.000000 0.000000 1.000000 0.000000
0.999997 0.002371 0.000000 53.317460 -0.002371 0.999997 0.000000 -0.884162 0.000000 0.000000 1.000000 0.000000
1.000000 -0.000033 0.000000 54.006992 0.000033 1.000000 0.000000 -0.898130 0.000000 0.000000 1.000000 0.000000
0.999996 0.002894 0.000000 54.636401 -0.002894 0.999996 0.000000 -0.909789 0.000000 0.000000 1.000000 0.000000
0.999997 0.002241 0.000000 55.289572 -0.002241 0.999997 0.000000 -0.924501 0.000000 0.000000 1.000000 0.000000
0.999998 0.001985 0.000000 55.955613 -0.001985 0.999998 0.000000 -0.938658 0.000000 0.000000 1.000000 0.000000
0.999999 0.001293 0.000000 56.613617 -0.001293 0.999999 0.000000 -0.950404 0.000000 0.000000 1.000000 0.000000
0.999997 0.002266 0.000000 57.277335 -0.002266 0.999997 0.000000 -0.965592 0.000000 0.000000 1.000000 0.000000
0.999999 0.001111 0.000000 57.929269 -0.001111 0.999999 0.000000 -0.984178 0.000000 0.000000 1.000000 0.000000
1.000000 -0.000358 0.000000 59.269403 0.000358 1.000000 0.000000 -0.996729 0.000000 0.000000 1.000000 0.000000
1.000000 -0.000034 0.000000 59.923121 0.000034 1.000000 0.000000 -0.988458 0.000000 0.000000 1.000000 0.000000
0.999996 -0.002804 0.000000 60.579052 0.002804 0.999996 0.000000 -0.990002 0.000000 0.000000 1.000000 0.000000
0.999999 -0.001606 0.000000 61.223766 0.001606 0.999999 0.000000 -0.987240 0.000000 0.000000 1.000000 0.000000
0.999999 0.001293 0.000000 61.852015 -0.001293 0.999999 0.000000 -0.985536 0.000000 0.000000 1.000000 0.000000
0.999994 0.003601 0.000000 62.525208 -0.003601 0.999994 0.000000 -0.987580 0.000000 0.000000 1.000000 0.000000
0.999992 0.003873 0.000000 63.163981 -0.003873 0.999992 0.000000 -0.993580 0.000000 0.000000 1.000000 0.000000
0.999991 0.004267 0.000000 63.757592 -0.004267 0.999991 0.000000 -1.002814 0.000000 0.000000 1.000000 0.000000
0.999994 0.003362 0.000000 64.384239 -0.003362 0.999994 0.000000 -1.015975 0.000000 0.000000 1.000000 0.000000
0.999995 0.003247 0.000000 64.983169 -0.003247 0.999995 0.000000 -1.030765 0.000000 0.000000 1.000000 0.000000
0.999993 0.003827 0.000000 65.611291 -0.003827 0.999993 0.000000 -1.053784 0.000000 0.000000 1.000000 0.000000
0.999989 0.004646 0.000000 66.234088 -0.004646 0.999989 0.000000 -1.075520 0.000000 0.000000 1.000000 0.000000
0.999988 0.004890 0.000000 66.817542 -0.004890 0.999988 0.000000 -1.090041 0.000000 0.000000 1.000000 0.000000
0.999983 0.005861 0.000000 67.434117 -0.005861 0.999983 0.000000 -1.101419 0.000000 0.000000 1.000000 0.000000
0.999993 0.003716 0.000000 68.032277 -0.003716 0.999993 0.000000 -1.120437 0.000000 0.000000 1.000000 0.000000
0.999993 0.003700 0.000000 68.583203 -0.003700 0.999993 0.000000 -1.138003 0.000000 0.000000 1.000000 0.000000
0.999997 0.002267 0.000000 69.158915 -0.002267 0.999997 0.000000 -1.159027 0.000000 0.000000 1.000000 0.000000
0.999998 0.002141 0.000000 69.717073 -0.002141 0.999998 0.000000 -1.174051 0.000000 0.000000 1.000000 0.000000
0.999985 0.005562 0.000000 70.320222 -0.005562 0.999985 0.000000 -1.185905 0.000000 0.000000 1.000000 0.000000
0.999982 0.006029 0.000000 70.916042 -0.006029 0.999982 0.000000 -1.204311 0.000000 0.000000 1.000000 0.000000
0.999983 0.005853 0.000000 71.759829 -0.005853 0.999983 0.000000 -1.232844 0.000000 0.000000 1.000000 0.000000
0.999979 0.006527 0.000000 72.365088 -0.006527 0.999979 0.000000 -1.253004 0.000000 0.000000 1.000000 0.000000
0.999975 0.007098 0.000000 72.964040 -0.007098 0.999975 0.000000 -1.274084 0.000000 0.000000 1.000000 0.000000
0.999984 0.005595 0.000000 73.550707 -0.005595 0.999984 0.000000 -1.286854 0.000000 0.000000 1.000000 0.000000
0.999987 0.005024 0.000000 74.141878 -0.005024 0.999987 0.000000 -1.301476 0.000000 0.000000 1.000000 0.000000
0.999996 0.002848 0.000000 74.734095 -0.002848 0.999996 0.000000 -1.315066 0.000000 0.000000 1.000000 0.000000
0.999998 0.001760 0.000000 75.366274 -0.001760 0.999998 0.000000 -1.329828 0.000000 0.000000 1.000000 0.000000
0.999997 0.002422 0.000000 75.961434 -0.002422 0.999997 0.000000 -1.344825 0.000000 0.000000 1.000000 0.000000
0.999997 0.002239 0.000000 76.561606 -0.002239 0.999997 0.000000 -1.367541 0.000000 0.000000 1.000000 0.000000
0.999984 0.005624 0.000000 77.757297 -0.005624 0.999984 0.000000 -1.409890 0.000000 0.000000 1.000000 0.000000
0.999991 0.004182 0.000000 78.349690 -0.004182 0.999991 0.000000 -1.430849 0.000000 0.000000 1.000000 0.000000
0.999980 0.006323 0.000000 78.940491 -0.006323 0.999980 0.000000 -1.457623 0.000000 0.000000 1.000000 0.000000
0.999980 0.006339 0.000000 79.520718 -0.006339 0.999980 0.000000 -1.484252 0.000000 0.000000 1.000000 0.000000
0.999982 0.005993 0.000000 80.102404 -0.005993 0.999982 0.000000 -1.506708 0.000000 0.000000 1.000000 0.000000
0.999970 0.007776 0.000000 80.674437 -0.007776 0.999970 0.000000 -1.524863 0.000000 0.000000 1.000000 0.000000
0.999976 0.006878 0.000000 81.247671 -0.006878 0.999976 0.000000 -1.546540 0.000000 0.000000 1.000000 0.000000
0.999984 0.005582 0.000000 81.812915 -0.005582 0.999984 0.000000 -1.559372 0.000000 0.000000 1.000000 0.000000
0.999984 0.005743 0.000000 82.367153 -0.005743 0.999984 0.000000 -1.571324 0.000000 0.000000 1.000000 0.000000
0.999970 0.007773 0.000000 82.905044 -0.007773 0.999970 0.000000 -1.583158 0.000000 0.000000 1.000000 0.000000
0.999969 0.007920 0.000000 83.448849 -0.007920 0.999969 0.000000 -1.595368 0.000000 0.000000 1.000000 0.000000
0.999970 0.007745 0.000000 83.977993 -0.007745 0.999970 0.000000 -1.606351 0.000000 0.000000 1.000000 0.000000
0.999971 0.007613 0.000000 84.505965 -0.007613 0.999971 0.000000 -1.625240 0.000000 0.000000 1.000000 0.000000
0.999958 0.009212 0.000000 85.016878 -0.009212 0.999958 0.000000 -1.645734 0.000000 0.000000 1.000000 0.000000
0.999942 0.010740 0.000000 85.561390 -0.010740 0.999942 0.000000 -1.668146 0.000000 0.000000 1.000000 0.000000
0.999913 0.013210 0.000000 86.087579 -0.013210 0.999913 0.000000 -1.698718 0.000000 0.000000 1.000000 0.000000
0.999883 0.015272 0.000000 86.597939 -0.015272 0.999883 0.000000 -1.718130 0.000000 0.000000 1.000000 0.000000
0.999886 0.015083 0.000000 87.124316 -0.015083 0.999886 0.000000 -1.746067 0.000000 0.000000 1.000000 0.000000
0.999896 0.014406 0.000000 87.649521 -0.014406 0.999896 0.000000 -1.775333 0.000000 0.000000 1.000000 0.000000
0.999895 0.014489 0.000000 88.120533 -0.014489 0.999895 0.000000 -1.803654 0.000000 0.000000 1.000000 0.000000
0.999879 0.015528 0.000000 88.645280 -0.015528 0.999879 0.000000 -1.836641 0.000000 0.000000 1.000000 0.000000
0.999830 0.018424 0.000000 89.167258 -0.018424 0.999830 0.000000 -1.867347 0.000000 0.000000 1.000000 0.000000
0.999837 0.018027 0.000000 89.655394 -0.018027 0.999837 0.000000 -1.889100 0.000000 0.000000 1.000000 0.000000
0.999828 0.018549 0.000000 90.182949 -0.018549 0.999828 0.000000 -1.908726 0.000000 0.000000 1.000000 0.000000
0.999801 0.019962 0.000000 90.703665 -0.019962 0.999801 0.000000 -1.919054 0.000000 0.000000 1.000000 0.000000
0.999754 0.022189 0.000000 91.191369 -0.022189 0.999754 0.000000 -1.942013 0.000000 0.000000 1.000000 0.000000
0.999730 0.023228 0.000000 91.696467 -0.023228 0.999730 0.000000 -1.970400 0.000000 0.000000 1.000000 0.000000
0.999720 0.023669 0.000000 92.184521 -0.023669 0.999720 0.000000 -1.999448 0.000000 0.000000 1.000000 0.000000
0.999668 0.025748 0.000000 92.715800 -0.025748 0.999668 0.000000 -2.025566 0.000000 0.000000 1.000000 0.000000
0.999655 0.026268 0.000000 93.380677 -0.026268 0.999655 0.000000 -2.057302 0.000000 0.000000 1.000000 0.000000
0.999551 0.029978 0.000000 93.864850 -0.029978 0.999551 0.000000 -2.066717 0.000000 0.000000 1.000000 0.000000
0.999494 0.031814 0.000000 94.331851 -0.031814 0.999494 0.000000 -2.085488 0.000000 0.000000 1.000000 0.000000
0.999461 0.032836 0.000000 94.820608 -0.032836 0.999461 0.000000 -2.103061 0.000000 0.000000 1.000000 0.000000
0.999463 0.032761 0.000000 95.309947 -0.032761 0.999463 0.000000 -2.130646 0.000000 0.000000 1.000000 0.000000
0.999481 0.032219 0.000000 95.772813 -0.032219 0.999481 0.000000 -2.159063 0.000000 0.000000 1.000000 0.000000
0.999432 0.033700 0.000000 96.233349 -0.033700 0.999432 0.000000 -2.180917 0.000000 0.000000 1.000000 0.000000
0.999293 0.037606 0.000000 97.187605 -0.037606 0.999293 0.000000 -2.232614 0.000000 0.000000 1.000000 0.000000
0.999224 0.039379 0.000000 97.662021 -0.039379 0.999224 0.000000 -2.256863 0.000000 0.000000 1.000000 0.000000
0.999083 0.042806 0.000000 98.139368 -0.042806 0.999083 0.000000 -2.285408 0.000000 0.000000 1.000000 0.000000
0.998984 0.045065 0.000000 98.613022 -0.045065 0.998984 0.000000 -2.323381 0.000000 0.000000 1.000000 0.000000
0.998925 0.046354 0.000000 99.098637 -0.046354 0.998925 0.000000 -2.360785 0.000000 0.000000 1.000000 0.000000
0.998755 0.049877 0.000000 99.561509 -0.049877 0.998755 0.000000 -2.394136 0.000000 0.000000 1.000000 0.000000
0.998647 0.052008 0.000000 100.031372 -0.052008 0.998647 0.000000 -2.440612 0.000000 0.000000 1.000000 0.000000
0.998424 0.056119 0.000000 100.486342 -0.056119 0.998424 0.000000 -2.478631 0.000000 0.000000 1.000000 0.000000
0.998243 0.059258 0.000000 100.954015 -0.059258 0.998243 0.000000 -2.523296 0.000000 0.000000 1.000000 0.000000
0.998072 0.062069 0.000000 101.408067 -0.062069 0.998072 0.000000 -2.567205 0.000000 0.000000 1.000000 0.000000
0.997917 0.064512 0.000000 101.835700 -0.064512 0.997917 0.000000 -2.609175 0.000000 0.000000 1.000000 0.000000
0.997799 0.066310 0.000000 102.286031 -0.066310 0.997799 0.000000 -2.653665 0.000000 0.000000 1.000000 0.000000
0.997549 0.069967 0.000000 102.730269 -0.069967 0.997549 0.000000 -2.699097 0.000000 0.000000 1.000000 0.000000
0.997477 0.070997 0.000000 103.161727 -0.070997 0.997477 0.000000 -2.755648 0.000000 0.000000 1.000000 0.000000
0.997203 0.074747 0.000000 103.585465 -0.074747 0.997203 0.000000 -2.805994 0.000000 0.000000 1.000000 0.000000
0.997037 0.076927 0.000000 104.008437 -0.076927 0.997037 0.000000 -2.848989 0.000000 0.000000 1.000000 0.000000
0.996385 0.084953 0.000000 104.429215 -0.084953 0.996385 0.000000 -2.882878 0.000000 0.000000 1.000000 0.000000
0.996132 0.087866 0.000000 104.848387 -0.087866 0.996132 0.000000 -2.925052 0.000000 0.000000 1.000000 0.000000
0.995800 0.091553 0.000000 105.258084 -0.091553 0.995800 0.000000 -2.979898 0.000000 0.000000 1.000000 0.000000
0.995742 0.092185 0.000000 105.671001 -0.092185 0.995742 0.000000 -3.021942 0.000000 0.000000 1.000000 0.000000
0.995362 0.096203 0.000000 106.070717 -0.096203 0.995362 0.000000 -3.087400 0.000000 0.000000 1.000000 0.000000
0.995370 0.096113 0.000000 106.470121 -0.096113 0.995370 0.000000 -3.141743 0.000000 0.000000 1.000000 0.000000
0.994665 0.103160 0.000000 106.864690 -0.103160 0.994665 0.000000 -3.180715 0.000000 0.000000 1.000000 0.000000
0.994228 0.107287 0.000000 107.276004 -0.107287 0.994228 0.000000 -3.231757 0.000000 0.000000 1.000000 0.000000
0.994244 0.107141 0.000000 107.658623 -0.107141 0.994244 0.000000 -3.285636 0.000000 0.000000 1.000000 0.000000
0.993861 0.110639 0.000000 108.037517 -0.110639 0.993861 0.000000 -3.328739 0.000000 0.000000 1.000000 0.000000
0.993445 0.114307 0.000000 108.456900 -0.114307 0.993445 0.000000 -3.384993 0.000000 0.000000 1.000000 0.000000
0.992922 0.118770 0.000000 108.852774 -0.118770 0.992922 0.000000 -3.437412 0.000000 0.000000 1.000000 0.000000
0.992533 0.121976 0.000000 109.430139 -0.121976 0.992533 0.000000 -3.528059 0.000000 0.000000 1.000000 0.000000
0.992306 0.123807 0.000000 109.849646 -0.123807 0.992306 0.000000 -3.584991 0.000000 0.000000 1.000000 0.000000
0.992057 0.125790 0.000000 110.262421 -0.125790 0.992057 0.000000 -3.656292 0.000000 0.000000 1.000000 0.000000
0.991804 0.127766 0.000000 110.686105 -0.127766 0.991804 0.000000 -3.711183 0.000000 0.000000 1.000000 0.000000
0.991488 0.130196 0.000000 111.111921 -0.130196 0.991488 0.000000 -3.773694 0.000000 0.000000 1.000000 0.000000
0.991429 0.130643 0.000000 111.522832 -0.130643 0.991429 0.000000 -3.834753 0.000000 0.000000 1.000000 0.000000
0.991331 0.131390 0.000000 111.936574 -0.131390 0.991331 0.000000 -3.905648 0.000000 0.000000 1.000000 0.000000
0.990986 0.133966 0.000000 112.356324 -0.133966 0.990986 0.000000 -3.967436 0.000000 0.000000 1.000000 0.000000
0.990112 0.140281 0.000000 113.083785 -0.140281 0.990112 0.000000 -4.085716 0.000000 0.000000 1.000000 0.000000
0.990099 0.140372 0.000000 113.498676 -0.140372 0.990099 0.000000 -4.157588 0.000000 0.000000 1.000000 0.000000
0.990267 0.139181 0.000000 113.929017 -0.139181 0.990267 0.000000 -4.234850 0.000000 0.000000 1.000000 0.000000
0.990366 0.138472 0.000000 114.352362 -0.138472 0.990366 0.000000 -4.309020 0.000000 0.000000 1.000000 0.000000
0.990507 0.137463 0.000000 114.799384 -0.137463 0.990507 0.000000 -4.371434 0.000000 0.000000 1.000000 0.000000
0.989939 0.141496 0.000000 115.237582 -0.141496 0.989939 0.000000 -4.431629 0.000000 0.000000 1.000000 0.000000
0.990049 0.140725 0.000000 115.671141 -0.140725 0.990049 0.000000 -4.506695 0.000000 0.000000 1.000000 0.000000
0.990075 0.140538 0.000000 116.109657 -0.140538 0.990075 0.000000 -4.583548 0.000000 0.000000 1.000000 0.000000
0.990017 0.140950 0.000000 116.547576 -0.140950 0.990017 0.000000 -4.657469 0.000000 0.000000 1.000000 0.000000
0.989793 0.142515 0.000000 116.993106 -0.142515 0.989793 0.000000 -4.739956 0.000000 0.000000 1.000000 0.000000
0.989159 0.146848 0.000000 117.431816 -0.146848 0.989159 0.000000 -4.819761 0.000000 0.000000 1.000000 0.000000
0.989122 0.147100 0.000000 118.255213 -0.147100 0.989122 0.000000 -4.968293 0.000000 0.000000 1.000000 0.000000
0.989169 0.146783 0.000000 118.711622 -0.146783 0.989169 0.000000 -5.053623 0.000000 0.000000 1.000000 0.000000
0.989025 0.147745 0.000000 119.163028 -0.147745 0.989025 0.000000 -5.133118 0.000000 0.000000 1.000000 0.000000
0.988764 0.149487 0.000000 119.611743 -0.149487 0.988764 0.000000 -5.221336 0.000000 0.000000 1.000000 0.000000
0.988427 0.151696 0.000000 120.061721 -0.151696 0.988427 0.000000 -5.319025 0.000000 0.000000 1.000000 0.000000
0.988279 0.152657 0.000000 120.524145 -0.152657 0.988279 0.000000 -5.411330 0.000000 0.000000 1.000000 0.000000
0.988154 0.153464 0.000000 120.987086 -0.153464 0.988154 0.000000 -5.508529 0.000000 0.000000 1.000000 0.000000
0.987628 0.156815 0.000000 121.457593 -0.156815 0.987628 0.000000 -5.595801 0.000000 0.000000 1.000000 0.000000
0.987072 0.160280 0.000000 121.955954 -0.160280 0.987072 0.000000 -5.692261 0.000000 0.000000 1.000000 0.000000
0.986607 0.163113 0.000000 122.407163 -0.163113 0.986607 0.000000 -5.776477 0.000000 0.000000 1.000000 0.000000
0.986702 0.162541 0.000000 122.921025 -0.162541 0.986702 0.000000 -5.881727 0.000000 0.000000 1.000000 0.000000
0.986584 0.163254 0.000000 123.404994 -0.163254 0.986584 0.000000 -5.966653 0.000000 0.000000 1.000000 0.000000
0.986250 0.165260 0.000000 123.887609 -0.165260 0.986250 0.000000 -6.052619 0.000000 0.000000 1.000000 0.000000
0.986572 0.163330 0.000000 124.351545 -0.163330 0.986572 0.000000 -6.153882 0.000000 0.000000 1.000000 0.000000
0.986036 0.166531 0.000000 124.826346 -0.166531 0.986036 0.000000 -6.238460 0.000000 0.000000 1.000000 0.000000
0.985729 0.168339 0.000000 125.302784 -0.168339 0.985729 0.000000 -6.334551 0.000000 0.000000 1.000000 0.000000
0.985126 0.171832 0.000000 125.771046 -0.171832 0.985126 0.000000 -6.436384 0.000000 0.000000 1.000000 0.000000
0.984148 0.177350 0.000000 126.240995 -0.177350 0.984148 0.000000 -6.538850 0.000000 0.000000 1.000000 0.000000
0.983993 0.178208 0.000000 126.689862 -0.178208 0.983993 0.000000 -6.645927 0.000000 0.000000 1.000000 0.000000
0.983989 0.178229 0.000000 127.180071 -0.178229 0.983989 0.000000 -6.743045 0.000000 0.000000 1.000000 0.000000
0.983733 0.179637 0.000000 127.669480 -0.179637 0.983733 0.000000 -6.847692 0.000000 0.000000 1.000000 0.000000
0.983694 0.179853 0.000000 128.471442 -0.179853 0.983694 0.000000 -7.007548 0.000000 0.000000 1.000000 0.000000
0.983599 0.180368 0.000000 128.974125 -0.180368 0.983599 0.000000 -7.116178 0.000000 0.000000 1.000000 0.000000
0.985435 0.170051 0.000000 129.964066 -0.170051 0.985435 0.000000 -7.332891 0.000000 0.000000 1.000000 0.000000
0.985182 0.171510 0.000000 130.468952 -0.171510 0.985182 0.000000 -7.438329 0.000000 0.000000 1.000000 0.000000
0.985097 0.171999 0.000000 130.959669 -0.171999 0.985097 0.000000 -7.548661 0.000000 0.000000 1.000000 0.000000
0.984792 0.173738 0.000000 131.469696 -0.173738 0.984792 0.000000 -7.647344 0.000000 0.000000 1.000000 0.000000
0.984988 0.172625 0.000000 131.966142 -0.172625 0.984988 0.000000 -7.749371 0.000000 0.000000 1.000000 0.000000
0.984731 0.174082 0.000000 132.463172 -0.174082 0.984731 0.000000 -7.845320 0.000000 0.000000 1.000000 0.000000
0.984686 0.174336 0.000000 132.983854 -0.174336 0.984686 0.000000 -7.946500 0.000000 0.000000 1.000000 0.000000
0.984251 0.176774 0.000000 133.468227 -0.176774 0.984251 0.000000 -8.040472 0.000000 0.000000 1.000000 0.000000
0.984000 0.178169 0.000000 133.974319 -0.178169 0.984000 0.000000 -8.143030 0.000000 0.000000 1.000000 0.000000
0.984217 0.176964 0.000000 134.491835 -0.176964 0.984217 0.000000 -8.241195 0.000000 0.000000 1.000000 0.000000
0.984870 0.173296 0.000000 134.969046 -0.173296 0.984870 0.000000 -8.341580 0.000000 0.000000 1.000000 0.000000
0.984823 0.173562 0.000000 135.478656 -0.173562 0.984823 0.000000 -8.440166 0.000000 0.000000 1.000000 0.000000
0.984805 0.173666 0.000000 136.005196 -0.173666 0.984805 0.000000 -8.541959 0.000000 0.000000 1.000000 0.000000
0.984348 0.176234 0.000000 136.484512 -0.176234 0.984348 0.000000 -8.621986 0.000000 0.000000 1.000000 0.000000
0.984969 0.172733 0.000000 136.997063 -0.172733 0.984969 0.000000 -8.709374 0.000000 0.000000 1.000000 0.000000
0.984383 0.176038 0.000000 137.527045 -0.176038 0.984383 0.000000 -8.813377 0.000000 0.000000 1.000000 0.000000
0.984029 0.178008 0.000000 138.150604 -0.178008 0.984029 0.000000 -8.923840 0.000000 0.000000 1.000000 0.000000
0.983829 0.179113 0.000000 138.703770 -0.179113 0.983829 0.000000 -9.030211 0.000000 0.000000 1.000000 0.000000
0.983416 0.181365 0.000000 139.192329 -0.181365 0.983416 0.000000 -9.126079 0.000000 0.000000 1.000000 0.000000
0.983384 0.181535 0.000000 139.706196 -0.181535 0.983384 0.000000 -9.238504 0.000000 0.000000 1.000000 0.000000
0.982470 0.186422 0.000000 140.224720 -0.186422 0.982470 0.000000 -9.356369 0.000000 0.000000 1.000000 0.000000
0.981971 0.189030 0.000000 140.743403 -0.189030 0.981971 0.000000 -9.477671 0.000000 0.000000 1.000000 0.000000
0.980739 0.195324 0.000000 144.539546 -0.195324 0.980739 0.000000 -10.333961 0.000000 0.000000 1.000000 0.000000
0.980862 0.194705 0.000000 145.058453 -0.194705 0.980862 0.000000 -10.436200 0.000000 0.000000 1.000000 0.000000
0.981576 0.191073 0.000000 146.211557 -0.191073 0.981576 0.000000 -10.679091 0.000000 0.000000 1.000000 0.000000
0.980372 0.197155 0.000000 147.335024 -0.197155 0.980372 0.000000 -10.936447 0.000000 0.000000 1.000000 0.000000
0.980109 0.198460 0.000000 147.898091 -0.198460 0.980109 0.000000 -11.071908 0.000000 0.000000 1.000000 0.000000
0.979997 0.199013 0.000000 148.461382 -0.199013 0.979997 0.000000 -11.202442 0.000000 0.000000 1.000000 0.000000
0.979916 0.199410 0.000000 149.018271 -0.199410 0.979916 0.000000 -11.341955 0.000000 0.000000 1.000000 0.000000
0.980223 0.197896 0.000000 149.572115 -0.197896 0.980223 0.000000 -11.496609 0.000000 0.000000 1.000000 0.000000
0.981006 0.193975 0.000000 150.137888 -0.193975 0.981006 0.000000 -11.635087 0.000000 0.000000 1.000000 0.000000
0.980361 0.197213 0.000000 150.707627 -0.197213 0.980361 0.000000 -11.780112 0.000000 0.000000 1.000000 0.000000
0.980269 0.197670 0.000000 151.292339 -0.197670 0.980269 0.000000 -11.919818 0.000000 0.000000 1.000000 0.000000
0.980424 0.196896 0.000000 151.869550 -0.196896 0.980424 0.000000 -12.069996 0.000000 0.000000 1.000000 0.000000
0.980257 0.197728 0.000000 152.785191 -0.197728 0.980257 0.000000 -12.291748 0.000000 0.000000 1.000000 0.000000
0.979581 0.201049 0.000000 153.361803 -0.201049 0.979581 0.000000 -12.427334 0.000000 0.000000 1.000000 0.000000
0.980054 0.198729 0.000000 153.921545 -0.198729 0.980054 0.000000 -12.576057 0.000000 0.000000 1.000000 0.000000
0.979671 0.200613 0.000000 154.487821 -0.200613 0.979671 0.000000 -12.715061 0.000000 0.000000 1.000000 0.000000
0.979432 0.201773 0.000000 155.088398 -0.201773 0.979432 0.000000 -12.865608 0.000000 0.000000 1.000000 0.000000
0.979098 0.203387 0.000000 155.620977 -0.203387 0.979098 0.000000 -12.995052 0.000000 0.000000 1.000000 0.000000
0.979138 0.203196 0.000000 156.239585 -0.203196 0.979138 0.000000 -13.152940 0.000000 0.000000 1.000000 0.000000
0.979388 0.201988 0.000000 156.810934 -0.201988 0.979388 0.000000 -13.304321 0.000000 0.000000 1.000000 0.000000
0.979501 0.201438 0.000000 157.394532 -0.201438 0.979501 0.000000 -13.441539 0.000000 0.000000 1.000000 0.000000
0.979669 0.200618 0.000000 157.967116 -0.200618 0.979669 0.000000 -13.571637 0.000000 0.000000 1.000000 0.000000
0.979723 0.200357 0.000000 158.531976 -0.200357 0.979723 0.000000 -13.708308 0.000000 0.000000 1.000000 0.000000
0.979991 0.199043 0.000000 159.096335 -0.199043 0.979991 0.000000 -13.842401 0.000000 0.000000 1.000000 0.000000
0.980185 0.198084 0.000000 159.671642 -0.198084 0.980185 0.000000 -13.971631 0.000000 0.000000 1.000000 0.000000
0.980083 0.198589 0.000000 160.235322 -0.198589 0.980083 0.000000 -14.092717 0.000000 0.000000 1.000000 0.000000
0.980370 0.197165 0.000000 160.812877 -0.197165 0.980370 0.000000 -14.224411 0.000000 0.000000 1.000000 0.000000
0.979739 0.200281 0.000000 161.386017 -0.200281 0.979739 0.000000 -14.341869 0.000000 0.000000 1.000000 0.000000
0.979356 0.202144 0.000000 162.527886 -0.202144 0.979356 0.000000 -14.603998 0.000000 0.000000 1.000000 0.000000
0.979203 0.202882 0.000000 163.096823 -0.202882 0.979203 0.000000 -14.735135 0.000000 0.000000 1.000000 0.000000
0.979428 0.201793 0.000000 163.636326 -0.201793 0.979428 0.000000 -14.856658 0.000000 0.000000 1.000000 0.000000
0.979278 0.202522 0.000000 164.235110 -0.202522 0.979278 0.000000 -14.995012 0.000000 0.000000 1.000000 0.000000
0.979003 0.203845 0.000000 164.808499 -0.203845 0.979003 0.000000 -15.116260 0.000000 0.000000 1.000000 0.000000
0.979273 0.202543 0.000000 165.931388 -0.202543 0.979273 0.000000 -15.372222 0.000000 0.000000 1.000000 0.000000
0.979424 0.201812 0.000000 166.509992 -0.201812 0.979424 0.000000 -15.496958 0.000000 0.000000 1.000000 0.000000
0.979143 0.203173 0.000000 167.062199 -0.203173 0.979143 0.000000 -15.631819 0.000000 0.000000 1.000000 0.000000
0.978937 0.204161 0.000000 167.638459 -0.204161 0.978937 0.000000 -15.757742 0.000000 0.000000 1.000000 0.000000
0.979247 0.202671 0.000000 168.214783 -0.202671 0.979247 0.000000 -15.886681 0.000000 0.000000 1.000000 0.000000
0.979045 0.203644 0.000000 168.764031 -0.203644 0.979045 0.000000 -15.993438 0.000000 0.000000 1.000000 0.000000
0.978582 0.205856 0.000000 169.525750 -0.205856 0.978582 0.000000 -16.155758 0.000000 0.000000 1.000000 0.000000
0.977683 0.210086 0.000000 170.104730 -0.210086 0.977683 0.000000 -16.273905 0.000000 0.000000 1.000000 0.000000
0.977532 0.210785 0.000000 170.675194 -0.210785 0.977532 0.000000 -16.403644 0.000000 0.000000 1.000000 0.000000
0.976555 0.215270 0.000000 171.287631 -0.215270 0.976555 0.000000 -16.535690 0.000000 0.000000 1.000000 0.000000
0.976720 0.214517 0.000000 171.830897 -0.214517 0.976720 0.000000 -16.663810 0.000000 0.000000 1.000000 0.000000
0.977375 0.211512 0.000000 172.441145 -0.211512 0.977375 0.000000 -16.823461 0.000000 0.000000 1.000000 0.000000
0.976596 0.215084 0.000000 173.012402 -0.215084 0.976596 0.000000 -16.963492 0.000000 0.000000 1.000000 0.000000
0.977190 0.212365 0.000000 173.592503 -0.212365 0.977190 0.000000 -17.101363 0.000000 0.000000 1.000000 0.000000
0.976288 0.216476 0.000000 174.183613 -0.216476 0.976288 0.000000 -17.233983 0.000000 0.000000 1.000000 0.000000
0.976952 0.213459 0.000000 174.750719 -0.213459 0.976952 0.000000 -17.378043 0.000000 0.000000 1.000000 0.000000
0.977207 0.212290 0.000000 175.328581 -0.212290 0.977207 0.000000 -17.517896 0.000000 0.000000 1.000000 0.000000
0.977068 0.212926 0.000000 175.901384 -0.212926 0.977068 0.000000 -17.661144 0.000000 0.000000 1.000000 0.000000
0.978142 0.207938 0.000000 176.480885 -0.207938 0.978142 0.000000 -17.800146 0.000000 0.000000 1.000000 0.000000
0.978871 0.204479 0.000000 177.058014 -0.204479 0.978871 0.000000 -17.931212 0.000000 0.000000 1.000000 0.000000
0.978625 0.205653 0.000000 177.629643 -0.205653 0.978625 0.000000 -18.041234 0.000000 0.000000 1.000000 0.000000
0.978084 0.208213 0.000000 178.209113 -0.208213 0.978084 0.000000 -18.172877 0.000000 0.000000 1.000000 0.000000
0.977799 0.209546 0.000000 178.785508 -0.209546 0.977799 0.000000 -18.308553 0.000000 0.000000 1.000000 0.000000
0.977536 0.210768 0.000000 179.323646 -0.210768 0.977536 0.000000 -18.436198 0.000000 0.000000 1.000000 0.000000
0.977583 0.210550 0.000000 179.938825 -0.210550 0.977583 0.000000 -18.580271 0.000000 0.000000 1.000000 0.000000
0.978104 0.208115 0.000000 180.472697 -0.208115 0.978104 0.000000 -18.707327 0.000000 0.000000 1.000000 0.000000
0.978000 0.208604 0.000000 181.058660 -0.208604 0.978000 0.000000 -18.845862 0.000000 0.000000 1.000000 0.000000
0.977867 0.209226 0.000000 181.650868 -0.209226 0.977867 0.000000 -18.977311 0.000000 0.000000 1.000000 0.000000
0.977339 0.211679 0.000000 182.244474 -0.211679 0.977339 0.000000 -19.121064 0.000000 0.000000 1.000000 0.000000
0.975811 0.218614 0.000000 182.826053 -0.218614 0.975811 0.000000 -19.258061 0.000000 0.000000 1.000000 0.000000
0.975971 0.217902 0.000000 183.403281 -0.217902 0.975971 0.000000 -19.399015 0.000000 0.000000 1.000000 0.000000
0.976152 0.217089 0.000000 183.982027 -0.217089 0.976152 0.000000 -19.542094 0.000000 0.000000 1.000000 0.000000
0.976367 0.216121 0.000000 184.571257 -0.216121 0.976367 0.000000 -19.676355 0.000000 0.000000 1.000000 0.000000
0.976376 0.216077 0.000000 185.159916 -0.216077 0.976376 0.000000 -19.816645 0.000000 0.000000 1.000000 0.000000
0.975984 0.217841 0.000000 185.748104 -0.217841 0.975984 0.000000 -19.962936 0.000000 0.000000 1.000000 0.000000
0.976390 0.216016 0.000000 186.329666 -0.216016 0.976390 0.000000 -20.102962 0.000000 0.000000 1.000000 0.000000
0.976481 0.215604 0.000000 186.940325 -0.215604 0.976481 0.000000 -20.239871 0.000000 0.000000 1.000000 0.000000
0.976004 0.217751 0.000000 187.554601 -0.217751 0.976004 0.000000 -20.364100 0.000000 0.000000 1.000000 0.000000
0.975868 0.218360 0.000000 188.117791 -0.218360 0.975868 0.000000 -20.489321 0.000000 0.000000 1.000000 0.000000
0.976022 0.217673 0.000000 188.682848 -0.217673 0.976022 0.000000 -20.630284 0.000000 0.000000 1.000000 0.000000
0.976037 0.217606 0.000000 189.275771 -0.217606 0.976037 0.000000 -20.755422 0.000000 0.000000 1.000000 0.000000
0.975969 0.217908 0.000000 189.843908 -0.217908 0.975969 0.000000 -20.892355 0.000000 0.000000 1.000000 0.000000
0.976534 0.215363 0.000000 190.432578 -0.215363 0.976534 0.000000 -21.037097 0.000000 0.000000 1.000000 0.000000
0.976163 0.217037 0.000000 191.028109 -0.217037 0.976163 0.000000 -21.183310 0.000000 0.000000 1.000000 0.000000
0.976910 0.213652 0.000000 191.580120 -0.213652 0.976910 0.000000 -21.321943 0.000000 0.000000 1.000000 0.000000
0.976911 0.213645 0.000000 192.158603 -0.213645 0.976911 0.000000 -21.462060 0.000000 0.000000 1.000000 0.000000
0.976108 0.217285 0.000000 192.737934 -0.217285 0.976108 0.000000 -21.587372 0.000000 0.000000 1.000000 0.000000
0.976179 0.216965 0.000000 193.290774 -0.216965 0.976179 0.000000 -21.692921 0.000000 0.000000 1.000000 0.000000
0.975749 0.218895 0.000000 193.876701 -0.218895 0.975749 0.000000 -21.817864 0.000000 0.000000 1.000000 0.000000
0.975543 0.219808 0.000000 194.456172 -0.219808 0.975543 0.000000 -21.947298 0.000000 0.000000 1.000000 0.000000
0.975441 0.220261 0.000000 195.282646 -0.220261 0.975441 0.000000 -22.161758 0.000000 0.000000 1.000000 0.000000
0.975069 0.221901 0.000000 195.853886 -0.221901 0.975069 0.000000 -22.292404 0.000000 0.000000 1.000000 0.000000
0.975015 0.222140 0.000000 196.426572 -0.222140 0.975015 0.000000 -22.423820 0.000000 0.000000 1.000000 0.000000
0.975324 0.220778 0.000000 196.993462 -0.220778 0.975324 0.000000 -22.572708 0.000000 0.000000 1.000000 0.000000
0.975208 0.221289 0.000000 197.565982 -0.221289 0.975208 0.000000 -22.717483 0.000000 0.000000 1.000000 0.000000
0.975632 0.219413 0.000000 198.143169 -0.219413 0.975632 0.000000 -22.847947 0.000000 0.000000 1.000000 0.000000
0.976356 0.216169 0.000000 198.712899 -0.216169 0.976356 0.000000 -22.990602 0.000000 0.000000 1.000000 0.000000
0.976188 0.216925 0.000000 199.294680 -0.216925 0.976188 0.000000 -23.131973 0.000000 0.000000 1.000000 0.000000
0.976142 0.217133 0.000000 199.781334 -0.217133 0.976142 0.000000 -23.254435 0.000000 0.000000 1.000000 0.000000
0.975853 0.218429 0.000000 200.777980 -0.218429 0.975853 0.000000 -23.505230 0.000000 0.000000 1.000000 0.000000
0.975819 0.218579 0.000000 201.364907 -0.218579 0.975819 0.000000 -23.650964 0.000000 0.000000 1.000000 0.000000
0.975801 0.218659 0.000000 202.099023 -0.218659 0.975801 0.000000 -23.831787 0.000000 0.000000 1.000000 0.000000
0.975699 0.219117 0.000000 202.822559 -0.219117 0.975699 0.000000 -24.001578 0.000000 0.000000 1.000000 0.000000
0.975305 0.220860 0.000000 203.787203 -0.220860 0.975305 0.000000 -24.226933 0.000000 0.000000 1.000000 0.000000
0.975507 0.219970 0.000000 204.356613 -0.219970 0.975507 0.000000 -24.358664 0.000000 0.000000 1.000000 0.000000
0.975536 0.219840 0.000000 204.943209 -0.219840 0.975536 0.000000 -24.510422 0.000000 0.000000 1.000000 0.000000
0.975410 0.220398 0.000000 205.500952 -0.220398 0.975410 0.000000 -24.657344 0.000000 0.000000 1.000000 0.000000
0.975302 0.220876 0.000000 206.025873 -0.220876 0.975302 0.000000 -24.789431 0.000000 0.000000 1.000000 0.000000
0.975804 0.218647 0.000000 206.589336 -0.218647 0.975804 0.000000 -24.930100 0.000000 0.000000 1.000000 0.000000
0.975124 0.221662 0.000000 207.151278 -0.221662 0.975124 0.000000 -25.069033 0.000000 0.000000 1.000000 0.000000
0.975027 0.222088 0.000000 207.968810 -0.222088 0.975027 0.000000 -25.286338 0.000000 0.000000 1.000000 0.000000
0.975461 0.220172 0.000000 208.544180 -0.220172 0.975461 0.000000 -25.426939 0.000000 0.000000 1.000000 0.000000
0.975544 0.219804 0.000000 209.116772 -0.219804 0.975544 0.000000 -25.563212 0.000000 0.000000 1.000000 0.000000
0.975476 0.220105 0.000000 209.675010 -0.220105 0.975476 0.000000 -25.700948 0.000000 0.000000 1.000000 0.000000
0.976292 0.216458 0.000000 210.263365 -0.216458 0.976292 0.000000 -25.836730 0.000000 0.000000 1.000000 0.000000
0.976229 0.216741 0.000000 210.789967 -0.216741 0.976229 0.000000 -25.962602 0.000000 0.000000 1.000000 0.000000
0.976076 0.217428 0.000000 211.390768 -0.217428 0.976076 0.000000 -26.093812 0.000000 0.000000 1.000000 0.000000
0.976178 0.216972 0.000000 211.894503 -0.216972 0.976178 0.000000 -26.202047 0.000000 0.000000 1.000000 0.000000
