0.999970 0.007737 0.000000 1.183519 -0.007737 0.999970 0.000000 -0.011151 0.000000 0.000000 1.000000 0.000000
0.999959 0.009100 0.000000 1.736222 -0.009100 0.999959 0.000000 -0.031547 0.000000 0.000000 1.000000 0.000000
0.999900 0.014116 0.000000 2.900256 -0.014116 0.999900 0.000000 -0.085906 0.000000 0.000000 1.000000 0.000000
0.999888 0.014960 0.000000 3.490596 -0.014960 0.999888 0.000000 -0.089720 0.000000 0.000000 1.000000 0.000000
0.999841 0.017828 0.000000 4.038267 -0.017828 0.999841 0.000000 -0.091046 0.000000 0.000000 1.000000 0.000000
0.999800 0.020012 0.000000 4.635910 -0.020012 0.999800 0.000000 -0.090874 0.000000 0.000000 1.000000 0.000000
0.999731 0.023173 0.000000 5.440726 -0.023173 0.999731 0.000000 -0.101676 0.000000 0.000000 1.000000 0.000000
0.999630 0.027193 0.000000 6.016347 -0.027193 0.999630 0.000000 -0.110212 0.000000 0.000000 1.000000 0.000000
0.999565 0.029487 0.000000 6.571799 -0.029487 0.999565 0.000000 -0.108705 0.000000 0.000000 1.000000 0.000000
0.999349 0.036088 0.000000 7.156301 -0.036088 0.999349 0.000000 -0.096485 0.000000 0.000000 1.000000 0.000000
0.999106 0.042278 0.000000 7.695838 -0.042278 0.999106 0.000000 -0.092635 0.000000 0.000000 1.000000 0.000000
0.998821 0.048555 0.000000 8.276805 -0.048555 0.998821 0.000000 -0.122927 0.000000 0.000000 1.000000 0.000000
0.998494 0.054858 0.000000 8.813896 -0.054858 0.998494 0.000000 -0.156178 0.000000 0.000000 1.000000 0.000000
0.998016 0.062968 0.000000 9.538851 -0.062968 0.998016 0.000000 -0.208876 0.000000 0.000000 1.000000 0.000000
0.997683 0.068041 0.000000 10.109100 -0.068041 0.997683 0.000000 -0.258940 0.000000 0.000000 1.000000 0.000000
0.997383 0.072297 0.000000 10.688149 -0.072297 0.997383 0.000000 -0.301377 0.000000 0.000000 1.000000 0.000000
0.996975 0.077722 0.000000 11.253189 -0.077722 0.996975 0.000000 -0.334677 0.000000 0.000000 1.000000 0.000000
0.995811 0.091439 0.000000 12.408224 -0.091439 0.995811 0.000000 -0.418365 0.000000 0.000000 1.000000 0.000000
0.995340 0.096423 0.000000 12.938165 -0.096423 0.995340 0.000000 -0.435808 0.000000 0.000000 1.000000 0.000000
0.994499 0.104741 0.000000 13.491135 -0.104741 0.994499 0.000000 -0.497603 0.000000 0.000000 1.000000 0.000000
0.993544 0.113452 0.000000 14.017634 -0.113452 0.993544 0.000000 -0.547249 0.000000 0.000000 1.000000 0.000000
0.992627 0.121211 0.000000 14.579673 -0.121211 0.992627 0.000000 -0.602199 0.000000 0.000000 1.000000 0.000000
0.991738 0.128279 0.000000 15.104683 -0.128279 0.991738 0.000000 -0.665171 0.000000 0.000000 1.000000 0.000000
0.991085 0.133230 0.000000 15.671860 -0.133230 0.991085 0.000000 -0.746076 0.000000 0.000000 1.000000 0.000000
0.990248 0.139318 0.000000 16.199268 -0.139318 0.990248 0.000000 -0.823754 0.000000 0.000000 1.000000 0.000000
0.988867 0.148802 0.000000 16.932290 -0.148802 0.988867 0.000000 -0.931295 0.000000 0.000000 1.000000 0.000000
0.987273 0.159038 0.000000 17.497782 -0.159038 0.987273 0.000000 -1.017865 0.000000 0.000000 1.000000 0.000000
0.986310 0.164904 0.000000 18.043661 -0.164904 0.986310 0.000000 -1.106318 0.000000 0.000000 1.000000 0.000000
0.985517 0.169576 0.000000 18.597246 -0.169576 0.985517 0.000000 -1.204235 0.000000 0.000000 1.000000 0.000000
0.984652 0.174530 0.000000 19.171913 -0.174530 0.984652 0.000000 -1.298518 0.000000 0.000000 1.000000 0.000000
0.983459 0.181133 0.000000 19.715615 -0.181133 0.983459 0.000000 -1.391316 0.000000 0.000000 1.000000 0.000000
0.982084 0.188443 0.000000 20.237539 -0.188443 0.982084 0.000000 -1.481254 0.000000 0.000000 1.000000 0.000000
0.980767 0.195183 0.000000 20.794709 -0.195183 0.980767 0.000000 -1.586644 0.000000 0.000000 1.000000 0.000000
0.978896 0.204360 0.000000 21.305457 -0.204360 0.978896 0.000000 -1.694211 0.000000 0.000000 1.000000 0.000000
0.977305 0.211839 0.000000 21.864513 -0.211839 0.977305 0.000000 -1.821825 0.000000 0.000000 1.000000 0.000000
0.975467 0.220148 0.000000 22.575420 -0.220148 0.975467 0.000000 -1.986827 0.000000 0.000000 1.000000 0.000000
0.973599 0.228266 0.000000 23.116880 -0.228266 0.973599 0.000000 -2.117868 0.000000 0.000000 1.000000 0.000000
0.971705 0.236197 0.000000 23.685428 -0.236197 0.971705 0.000000 -2.257862 0.000000 0.000000 1.000000 0.000000
0.969973 0.243211 0.000000 24.220378 -0.243211 0.969973 0.000000 -2.392261 0.000000 0.000000 1.000000 0.000000
0.968151 0.250367 0.000000 24.760953 -0.250367 0.968151 0.000000 -2.535555 0.000000 0.000000 1.000000 0.000000
0.966593 0.256316 0.000000 25.266614 -0.256316 0.966593 0.000000 -2.666706 0.000000 0.000000 1.000000 0.000000
0.964794 0.263005 0.000000 25.814520 -0.263005 0.964794 0.000000 -2.801601 0.000000 0.000000 1.000000 0.000000
0.964929 0.262511 0.000000 26.316670 -0.262511 0.964929 0.000000 -2.916180 0.000000 0.000000 1.000000 0.000000
0.963058 0.269293 0.000000 26.867147 -0.269293 0.963058 0.000000 -3.046311 0.000000 0.000000 1.000000 0.000000
0.959494 0.281730 0.000000 27.876512 -0.281730 0.959494 0.000000 -3.320015 0.000000 0.000000 1.000000 0.000000
0.957763 0.287557 0.000000 28.342928 -0.287557 0.957763 0.000000 -3.451315 0.000000 0.000000 1.000000 0.000000
0.955713 0.294301 0.000000 28.854503 -0.294301 0.955713 0.000000 -3.597100 0.000000 0.000000 1.000000 0.000000
0.953424 0.301634 0.000000 29.525545 -0.301634 0.953424 0.000000 -3.803882 0.000000 0.000000 1.000000 0.000000
0.951721 0.306963 0.000000 30.001688 -0.306963 0.951721 0.000000 -3.959099 0.000000 0.000000 1.000000 0.000000
0.950112 0.311910 0.000000 30.472388 -0.311910 0.950112 0.000000 -4.113585 0.000000 0.000000 1.000000 0.000000
0.947844 0.318734 0.000000 30.968284 -0.318734 0.947844 0.000000 -4.281758 0.000000 0.000000 1.000000 0.000000
0.946954 0.321369 0.000000 31.436753 -0.321369 0.946954 0.000000 -4.437903 0.000000 0.000000 1.000000 0.000000
0.943926 0.330157 0.000000 32.099579 -0.330157 0.943926 0.000000 -4.666789 0.000000 0.000000 1.000000 0.000000
0.942215 0.335008 0.000000 32.609776 -0.335008 0.942215 0.000000 -4.852453 0.000000 0.000000 1.000000 0.000000
0.941009 0.338381 0.000000 33.120745 -0.338381 0.941009 0.000000 -5.040919 0.000000 0.000000 1.000000 0.000000
0.939187 0.343406 0.000000 33.602232 -0.343406 0.939187 0.000000 -5.232260 0.000000 0.000000 1.000000 0.000000
0.937560 0.347823 0.000000 34.105886 -0.347823 0.937560 0.000000 -5.436669 0.000000 0.000000 1.000000 0.000000
0.935640 0.352955 0.000000 34.598833 -0.352955 0.935640 0.000000 -5.631077 0.000000 0.000000 1.000000 0.000000
0.932991 0.359898 0.000000 35.059359 -0.359898 0.932991 0.000000 -5.807793 0.000000 0.000000 1.000000 0.000000
0.931244 0.364395 0.000000 35.550824 -0.364395 0.931244 0.000000 -6.010141 0.000000 0.000000 1.000000 0.000000
0.929278 0.369381 0.000000 36.002379 -0.369381 0.929278 0.000000 -6.190269 0.000000 0.000000 1.000000 0.000000
0.926591 0.376069 0.000000 36.479543 -0.376069 0.926591 0.000000 -6.379363 0.000000 0.000000 1.000000 0.000000
0.924131 0.382075 0.000000 36.942754 -0.382075 0.924131 0.000000 -6.577222 0.000000 0.000000 1.000000 0.000000
0.921121 0.389277 0.000000 37.443109 -0.389277 0.921121 0.000000 -6.777025 0.000000 0.000000 1.000000 0.000000
0.918119 0.396306 0.000000 37.920247 -0.396306 0.918119 0.000000 -6.960722 0.000000 0.000000 1.000000 0.000000
0.915680 0.401908 0.000000 38.431972 -0.401908 0.915680 0.000000 -7.173807 0.000000 0.000000 1.000000 0.000000
0.914256 0.405137 0.000000 38.887515 -0.405137 0.914256 0.000000 -7.368117 0.000000 0.000000 1.000000 0.000000
0.910844 0.412752 0.000000 39.558316 -0.412752 0.910844 0.000000 -7.671635 0.000000 0.000000 1.000000 0.000000
0.906436 0.422343 0.000000 40.247753 -0.422343 0.906436 0.000000 -7.991838 0.000000 0.000000 1.000000 0.000000
0.903209 0.429202 0.000000 40.721958 -0.429202 0.903209 0.000000 -8.203452 0.000000 0.000000 1.000000 0.000000
0.897156 0.441714 0.000000 41.553086 -0.441714 0.897156 0.000000 -8.608139 0.000000 0.000000 1.000000 0.000000
0.894965 0.446137 0.000000 42.026473 -0.446137 0.894965 0.000000 -8.861352 0.000000 0.000000 1.000000 0.000000
0.893038 0.449982 0.000000 42.503576 -0.449982 0.893038 0.000000 -9.116344 0.000000 0.000000 1.000000 0.000000
0.891788 0.452454 0.000000 42.962654 -0.452454 0.891788 0.000000 -9.355611 0.000000 0.000000 1.000000 0.000000
0.887478 0.460851 0.000000 43.413032 -0.460851 0.887478 0.000000 -9.594394 0.000000 0.000000 1.000000 0.000000
0.886657 0.462428 0.000000 43.907924 -0.462428 0.886657 0.000000 -9.842508 0.000000 0.000000 1.000000 0.000000
0.885566 0.464514 0.000000 44.316652 -0.464514 0.885566 0.000000 -10.070007 0.000000 0.000000 1.000000 0.000000
0.882616 0.470094 0.000000 44.766070 -0.470094 0.882616 0.000000 -10.316242 0.000000 0.000000 1.000000 0.000000
0.880599 0.473861 0.000000 45.202399 -0.473861 0.880599 0.000000 -10.553208 0.000000 0.000000 1.000000 0.000000
0.879596 0.475721 0.000000 45.656770 -0.475721 0.879596 0.000000 -10.779237 0.000000 0.000000 1.000000 0.000000
0.877130 0.480253 0.000000 46.089743 -0.480253 0.877130 0.000000 -10.998919 0.000000 0.000000 1.000000 0.000000
0.875422 0.483359 0.000000 46.519559 -0.483359 0.875422 0.000000 -11.235295 0.000000 0.000000 1.000000 0.000000
0.873430 0.486950 0.000000 46.918136 -0.486950 0.873430 0.000000 -11.441977 0.000000 0.000000 1.000000 0.000000
0.872900 0.487898 0.000000 47.344595 -0.487898 0.872900 0.000000 -11.665999 0.000000 0.000000 1.000000 0.000000
0.870625 0.491946 0.000000 47.747336 -0.491946 0.870625 0.000000 -11.873953 0.000000 0.000000 1.000000 0.000000
0.869331 0.494231 0.000000 48.188078 -0.494231 0.869331 0.000000 -12.104980 0.000000 0.000000 1.000000 0.000000
0.868465 0.495750 0.000000 48.592608 -0.495750 0.868465 0.000000 -12.318091 0.000000 0.000000 1.000000 0.000000
0.865335 0.501193 0.000000 48.996053 -0.501193 0.865335 0.000000 -12.526177 0.000000 0.000000 1.000000 0.000000
0.864825 0.502073 0.000000 49.389571 -0.502073 0.864825 0.000000 -12.744215 0.000000 0.000000 1.000000 0.000000
0.859282 0.511502 0.000000 49.782630 -0.511502 0.859282 0.000000 -12.935923 0.000000 0.000000 1.000000 0.000000
0.856315 0.516455 0.000000 50.146044 -0.516455 0.856315 0.000000 -13.154309 0.000000 0.000000 1.000000 0.000000
0.854632 0.519235 0.000000 50.510353 -0.519235 0.854632 0.000000 -13.374715 0.000000 0.000000 1.000000 0.000000
0.852195 0.523224 0.000000 50.878364 -0.523224 0.852195 0.000000 -13.607410 0.000000 0.000000 1.000000 0.000000
0.848329 0.529470 0.000000 51.409607 -0.529470 0.848329 0.000000 -13.960930 0.000000 0.000000 1.000000 0.000000
0.843709 0.536801 0.000000 51.778245 -0.536801 0.843709 0.000000 -14.215943 0.000000 0.000000 1.000000 0.000000
0.838684 0.544618 0.000000 52.146285 -0.544618 0.838684 0.000000 -14.445400 0.000000 0.000000 1.000000 0.000000
0.836014 0.548709 0.000000 52.477559 -0.548709 0.836014 0.000000 -14.676656 0.000000 0.000000 1.000000 0.000000
0.833643 0.552304 0.000000 52.772291 -0.552304 0.833643 0.000000 -14.894199 0.000000 0.000000 1.000000 0.000000
0.829959 0.557825 0.000000 53.078337 -0.557825 0.829959 0.000000 -15.111209 0.000000 0.000000 1.000000 0.000000
0.827568 0.561366 0.000000 53.379508 -0.561366 0.827568 0.000000 -15.330756 0.000000 0.000000 1.000000 0.000000
0.824224 0.566264 0.000000 53.708947 -0.566264 0.824224 0.000000 -15.554149 0.000000 0.000000 1.000000 0.000000
0.822152 0.569267 0.000000 54.030127 -0.569267 0.822152 0.000000 -15.775072 0.000000 0.000000 1.000000 0.000000
0.820635 0.571452 0.000000 54.346035 -0.571452 0.820635 0.000000 -16.006334 0.000000 0.000000 1.000000 0.000000
0.818376 0.574683 0.000000 54.658215 -0.574683 0.818376 0.000000 -16.223639 0.000000 0.000000 1.000000 0.000000
0.815639 0.578561 0.000000 55.251744 -0.578561 0.815639 0.000000 -16.651294 0.000000 0.000000 1.000000 0.000000
0.814029 0.580825 0.000000 55.547406 -0.580825 0.814029 0.000000 -16.843858 0.000000 0.000000 1.000000 0.000000
0.812535 0.582913 0.000000 55.825993 -0.582913 0.812535 0.000000 -17.034718 0.000000 0.000000 1.000000 0.000000
0.811594 0.584222 0.000000 56.093112 -0.584222 0.811594 0.000000 -17.211271 0.000000 0.000000 1.000000 0.000000
0.810969 0.585090 0.000000 56.386245 -0.585090 0.810969 0.000000 -17.408741 0.000000 0.000000 1.000000 0.000000
0.808834 0.588036 0.000000 56.645421 -0.588036 0.808834 0.000000 -17.577760 0.000000 0.000000 1.000000 0.000000
0.807026 0.590515 0.000000 56.930136 -0.590515 0.807026 0.000000 -17.764624 0.000000 0.000000 1.000000 0.000000
0.805316 0.592846 0.000000 57.202215 -0.592846 0.805316 0.000000 -17.948827 0.000000 0.000000 1.000000 0.000000
0.804319 0.594198 0.000000 57.489763 -0.594198 0.804319 0.000000 -18.139555 0.000000 0.000000 1.000000 0.000000
0.803956 0.594689 0.000000 57.738614 -0.594689 0.803956 0.000000 -18.314597 0.000000 0.000000 1.000000 0.000000
0.801155 0.598457 0.000000 57.984197 -0.598457 0.801155 0.000000 -18.482039 0.000000 0.000000 1.000000 0.000000
0.799055 0.601257 0.000000 58.232553 -0.601257 0.799055 0.000000 -18.654523 0.000000 0.000000 1.000000 0.000000
0.795271 0.606255 0.000000 58.584088 -0.606255 0.795271 0.000000 -18.915387 0.000000 0.000000 1.000000 0.000000
0.794012 0.607902 0.000000 58.846010 -0.607902 0.794012 0.000000 -19.098994 0.000000 0.000000 1.000000 0.000000
0.790136 0.612931 0.000000 59.084474 -0.612931 0.790136 0.000000 -19.272092 0.000000 0.000000 1.000000 0.000000
0.787483 0.616336 0.000000 59.311017 -0.616336 0.787483 0.000000 -19.443978 0.000000 0.000000 1.000000 0.000000
0.784438 0.620207 0.000000 59.537113 -0.620207 0.784438 0.000000 -19.621329 0.000000 0.000000 1.000000 0.000000
0.782040 0.623228 0.000000 59.747537 -0.623228 0.782040 0.000000 -19.803214 0.000000 0.000000 1.000000 0.000000
0.782073 0.623187 0.000000 59.947205 -0.623187 0.782073 0.000000 -19.982536 0.000000 0.000000 1.000000 0.000000
0.781472 0.623941 0.000000 60.150644 -0.623941 0.781472 0.000000 -20.161679 0.000000 0.000000 1.000000 0.000000
0.783407 0.621510 0.000000 60.359789 -0.621510 0.783407 0.000000 -20.325969 0.000000 0.000000 1.000000 0.000000
0.781685 0.623674 0.000000 60.539419 -0.623674 0.781685 0.000000 -20.491604 0.000000 0.000000 1.000000 0.000000
0.776884 0.629644 0.000000 60.897115 -0.629644 0.776884 0.000000 -20.798206 0.000000 0.000000 1.000000 0.000000
0.772954 0.634462 0.000000 61.064008 -0.634462 0.772954 0.000000 -20.925909 0.000000 0.000000 1.000000 0.000000
0.772290 0.635271 0.000000 61.212963 -0.635271 0.772290 0.000000 -21.074658 0.000000 0.000000 1.000000 0.000000
0.772961 0.634453 0.000000 61.370001 -0.634453 0.772961 0.000000 -21.224301 0.000000 0.000000 1.000000 0.000000
0.772358 0.635187 0.000000 61.520494 -0.635187 0.772358 0.000000 -21.358880 0.000000 0.000000 1.000000 0.000000
0.771078 0.636741 0.000000 61.664270 -0.636741 0.771078 0.000000 -21.481794 0.000000 0.000000 1.000000 0.000000
0.770788 0.637092 0.000000 61.816841 -0.637092 0.770788 0.000000 -21.612916 0.000000 0.000000 1.000000 0.000000
0.769691 0.638416 0.000000 61.960115 -0.638416 0.769691 0.000000 -21.736817 0.000000 0.000000 1.000000 0.000000
0.767645 0.640875 0.000000 62.115633 -0.640875 0.767645 0.000000 -21.861528 0.000000 0.000000 1.000000 0.000000
0.763736 0.645529 0.000000 62.417643 -0.645529 0.763736 0.000000 -22.109890 0.000000 0.000000 1.000000 0.000000
0.762067 0.647498 0.000000 62.565562 -0.647498 0.762067 0.000000 -22.231893 0.000000 0.000000 1.000000 0.000000
0.761242 0.648468 0.000000 62.715334 -0.648468 0.761242 0.000000 -22.351802 0.000000 0.000000 1.000000 0.000000
0.759456 0.650558 0.000000 62.962099 -0.650558 0.759456 0.000000 -22.555131 0.000000 0.000000 1.000000 0.000000
0.758220 0.651999 0.000000 63.107616 -0.651999 0.758220 0.000000 -22.688153 0.000000 0.000000 1.000000 0.000000
0.755674 0.654948 0.000000 63.247168 -0.654948 0.755674 0.000000 -22.816496 0.000000 0.000000 1.000000 0.000000
0.753544 0.657397 0.000000 63.395816 -0.657397 0.753544 0.000000 -22.953066 0.000000 0.000000 1.000000 0.000000
0.754366 0.656454 0.000000 63.539679 -0.656454 0.754366 0.000000 -23.082058 0.000000 0.000000 1.000000 0.000000
0.752943 0.658086 0.000000 63.689979 -0.658086 0.752943 0.000000 -23.203928 0.000000 0.000000 1.000000 0.000000
0.751378 0.659872 0.000000 63.843775 -0.659872 0.751378 0.000000 -23.328570 0.000000 0.000000 1.000000 0.000000
0.747950 0.663755 0.000000 64.148249 -0.663755 0.747950 0.000000 -23.599858 0.000000 0.000000 1.000000 0.000000
0.745372 0.666648 0.000000 64.300134 -0.666648 0.745372 0.000000 -23.734508 0.000000 0.000000 1.000000 0.000000
0.743341 0.668913 0.000000 64.454451 -0.668913 0.743341 0.000000 -23.866106 0.000000 0.000000 1.000000 0.000000
0.741037 0.671465 0.000000 64.605056 -0.671465 0.741037 0.000000 -24.004838 0.000000 0.000000 1.000000 0.000000
0.738904 0.673811 0.000000 64.774045 -0.673811 0.738904 0.000000 -24.155758 0.000000 0.000000 1.000000 0.000000
0.737856 0.674958 0.000000 64.929286 -0.674958 0.737856 0.000000 -24.306390 0.000000 0.000000 1.000000 0.000000
0.735680 0.677329 0.000000 65.078698 -0.677329 0.735680 0.000000 -24.450862 0.000000 0.000000 1.000000 0.000000
0.733475 0.679716 0.000000 65.245698 -0.679716 0.733475 0.000000 -24.605305 0.000000 0.000000 1.000000 0.000000
0.730259 0.683170 0.000000 65.412995 -0.683170 0.730259 0.000000 -24.745962 0.000000 0.000000 1.000000 0.000000
0.725927 0.687772 0.000000 65.576759 -0.687772 0.725927 0.000000 -24.881518 0.000000 0.000000 1.000000 0.000000
0.721862 0.692037 0.000000 65.743636 -0.692037 0.721862 0.000000 -25.032465 0.000000 0.000000 1.000000 0.000000
0.719528 0.694463 0.000000 65.907209 -0.694463 0.719528 0.000000 -25.161136 0.000000 0.000000 1.000000 0.000000
0.717099 0.696972 0.000000 66.091352 -0.696972 0.717099 0.000000 -25.302398 0.000000 0.000000 1.000000 0.000000
0.715379 0.698737 0.000000 66.237666 -0.698737 0.715379 0.000000 -25.470680 0.000000 0.000000 1.000000 0.000000
0.711517 0.702669 0.000000 66.410874 -0.702669 0.711517 0.000000 -25.665978 0.000000 0.000000 1.000000 0.000000
0.709019 0.705189 0.000000 66.569481 -0.705189 0.709019 0.000000 -25.849447 0.000000 0.000000 1.000000 0.000000
0.703783 0.710415 0.000000 66.828215 -0.710415 0.703783 0.000000 -26.113731 0.000000 0.000000 1.000000 0.000000
0.702056 0.712121 0.000000 66.988819 -0.712121 0.702056 0.000000 -26.291811 0.000000 0.000000 1.000000 0.000000
0.700321 0.713828 0.000000 67.168797 -0.713828 0.700321 0.000000 -26.480116 0.000000 0.000000 1.000000 0.000000
0.698571 0.715541 0.000000 67.333965 -0.715541 0.698571 0.000000 -26.662339 0.000000 0.000000 1.000000 0.000000
0.693935 0.720038 0.000000 67.693705 -0.720038 0.693935 0.000000 -27.053030 0.000000 0.000000 1.000000 0.000000
0.691421 0.722452 0.000000 67.853796 -0.722452 0.691421 0.000000 -27.232449 0.000000 0.000000 1.000000 0.000000
0.688972 0.724788 0.000000 68.015242 -0.724788 0.688972 0.000000 -27.402055 0.000000 0.000000 1.000000 0.000000
0.686976 0.726680 0.000000 68.176571 -0.726680 0.686976 0.000000 -27.588055 0.000000 0.000000 1.000000 0.000000
0.684046 0.729439 0.000000 68.440137 -0.729439 0.684046 0.000000 -27.820160 0.000000 0.000000 1.000000 0.000000
0.678842 0.734284 0.000000 68.616881 -0.734284 0.678842 0.000000 -27.999571 0.000000 0.000000 1.000000 0.000000
0.675107 0.737720 0.000000 68.768499 -0.737720 0.675107 0.000000 -28.190018 0.000000 0.000000 1.000000 0.000000
0.670843 0.741600 0.000000 68.922844 -0.741600 0.670843 0.000000 -28.392385 0.000000 0.000000 1.000000 0.000000
0.668144 0.744032 0.000000 69.081008 -0.744032 0.668144 0.000000 -28.584969 0.000000 0.000000 1.000000 0.000000
0.666086 0.745875 0.000000 69.237981 -0.745875 0.666086 0.000000 -28.774909 0.000000 0.000000 1.000000 0.000000
0.663530 0.748150 0.000000 69.396723 -0.748150 0.663530 0.000000 -28.970912 0.000000 0.000000 1.000000 0.000000
0.662711 0.748876 0.000000 69.556941 -0.748876 0.662711 0.000000 -29.159743 0.000000 0.000000 1.000000 0.000000
0.661122 0.750278 0.000000 69.712607 -0.750278 0.661122 0.000000 -29.339692 0.000000 0.000000 1.000000 0.000000
0.658476 0.752602 0.000000 69.882134 -0.752602 0.658476 0.000000 -29.540488 0.000000 0.000000 1.000000 0.000000
0.658239 0.752809 0.000000 70.037305 -0.752809 0.658239 0.000000 -29.726823 0.000000 0.000000 1.000000 0.000000
0.658785 0.752331 0.000000 70.244717 -0.752331 0.658785 0.000000 -29.990296 0.000000 0.000000 1.000000 0.000000
0.658096 0.752934 0.000000 70.415156 -0.752934 0.658096 0.000000 -30.200563 0.000000 0.000000 1.000000 0.000000
0.657158 0.753753 0.000000 70.567799 -0.753753 0.657158 0.000000 -30.399322 0.000000 0.000000 1.000000 0.000000
0.657569 0.753395 0.000000 70.717953 -0.753395 0.657569 0.000000 -30.590916 0.000000 0.000000 1.000000 0.000000
0.656051 0.754716 0.000000 70.872421 -0.754716 0.656051 0.000000 -30.780669 0.000000 0.000000 1.000000 0.000000
0.655751 0.754977 0.000000 71.019486 -0.754977 0.655751 0.000000 -30.960734 0.000000 0.000000 1.000000 0.000000
0.659379 0.751811 0.000000 71.176894 -0.751811 0.659379 0.000000 -31.155691 0.000000 0.000000 1.000000 0.000000
0.659421 0.751774 0.000000 71.348794 -0.751774 0.659421 0.000000 -31.340690 0.000000 0.000000 1.000000 0.000000
0.661372 0.750058 0.000000 71.501918 -0.750058 0.661372 0.000000 -31.524629 0.000000 0.000000 1.000000 0.000000
0.661872 0.749617 0.000000 71.635696 -0.749617 0.661872 0.000000 -31.681924 0.000000 0.000000 1.000000 0.000000
0.662364 0.749183 0.000000 71.927815 -0.749183 0.662364 0.000000 -32.023172 0.000000 0.000000 1.000000 0.000000
0.662524 0.749040 0.000000 72.074353 -0.749040 0.662524 0.000000 -32.199880 0.000000 0.000000 1.000000 0.000000
0.664863 0.746966 0.000000 72.208770 -0.746966 0.664863 0.000000 -32.366363 0.000000 0.000000 1.000000 0.000000
0.666930 0.745121 0.000000 72.332218 -0.745121 0.666930 0.000000 -32.515201 0.000000 0.000000 1.000000 0.000000
0.668361 0.743837 0.000000 72.478535 -0.743837 0.668361 0.000000 -32.669737 0.000000 0.000000 1.000000 0.000000
0.669321 0.742973 0.000000 72.615415 -0.742973 0.669321 0.000000 -32.828278 0.000000 0.000000 1.000000 0.000000
0.669705 0.742628 0.000000 72.755023 -0.742628 0.669705 0.000000 -32.987478 0.000000 0.000000 1.000000 0.000000
0.671253 0.741228 0.000000 72.986302 -0.741228 0.671253 0.000000 -33.258298 0.000000 0.000000 1.000000 0.000000
0.673024 0.739620 0.000000 73.111915 -0.739620 0.673024 0.000000 -33.424273 0.000000 0.000000 1.000000 0.000000
0.675734 0.737146 0.000000 73.245093 -0.737146 0.675734 0.000000 -33.585913 0.000000 0.000000 1.000000 0.000000
0.676427 0.736510 0.000000 73.382098 -0.736510 0.676427 0.000000 -33.742552 0.000000 0.000000 1.000000 0.000000
0.679268 0.733890 0.000000 73.513358 -0.733890 0.679268 0.000000 -33.894876 0.000000 0.000000 1.000000 0.000000
0.681844 0.731498 0.000000 73.637172 -0.731498 0.681844 0.000000 -34.047677 0.000000 0.000000 1.000000 0.000000
0.687440 0.726241 0.000000 73.909049 -0.726241 0.687440 0.000000 -34.333010 0.000000 0.000000 1.000000 0.000000
0.690989 0.722865 0.000000 74.034633 -0.722865 0.690989 0.000000 -34.454285 0.000000 0.000000 1.000000 0.000000
0.694179 0.719803 0.000000 74.162001 -0.719803 0.694179 0.000000 -34.576370 0.000000 0.000000 1.000000 0.000000
0.700337 0.713812 0.000000 74.380671 -0.713812 0.700337 0.000000 -34.793641 0.000000 0.000000 1.000000 0.000000
0.705051 0.709156 0.000000 74.674802 -0.709156 0.705051 0.000000 -35.065169 0.000000 0.000000 1.000000 0.000000
0.712266 0.701910 0.000000 74.833525 -0.701910 0.712266 0.000000 -35.227287 0.000000 0.000000 1.000000 0.000000
0.715803 0.698302 0.000000 74.938284 -0.698302 0.715803 0.000000 -35.317731 0.000000 0.000000 1.000000 0.000000
0.725130 0.688612 0.000000 75.144078 -0.688612 0.725130 0.000000 -35.524291 0.000000 0.000000 1.000000 0.000000
0.729544 0.683934 0.000000 75.243238 -0.683934 0.729544 0.000000 -35.615238 0.000000 0.000000 1.000000 0.000000
0.733446 0.679748 0.000000 75.337278 -0.679748 0.733446 0.000000 -35.691396 0.000000 0.000000 1.000000 0.000000
0.736489 0.676450 0.000000 75.436882 -0.676450 0.736489 0.000000 -35.771666 0.000000 0.000000 1.000000 0.000000
0.741474 0.670981 0.000000 75.593576 -0.670981 0.741474 0.000000 -35.901070 0.000000 0.000000 1.000000 0.000000
0.748504 0.663130 0.000000 75.775312 -0.663130 0.748504 0.000000 -36.065543 0.000000 0.000000 1.000000 0.000000
0.752293 0.658828 0.000000 75.872335 -0.658828 0.752293 0.000000 -36.139021 0.000000 0.000000 1.000000 0.000000
0.756050 0.654514 0.000000 75.966918 -0.654514 0.756050 0.000000 -36.214657 0.000000 0.000000 1.000000 0.000000
0.759762 0.650201 0.000000 76.052145 -0.650201 0.759762 0.000000 -36.285105 0.000000 0.000000 1.000000 0.000000
0.763700 0.645571 0.000000 76.138072 -0.645571 0.763700 0.000000 -36.349495 0.000000 0.000000 1.000000 0.000000
0.765966 0.642881 0.000000 76.220023 -0.642881 0.765966 0.000000 -36.404396 0.000000 0.000000 1.000000 0.000000
0.773115 0.634266 0.000000 76.362060 -0.634266 0.773115 0.000000 -36.528360 0.000000 0.000000 1.000000 0.000000
0.775404 0.631465 0.000000 76.428515 -0.631465 0.775404 0.000000 -36.572804 0.000000 0.000000 1.000000 0.000000
0.778346 0.627836 0.000000 76.490077 -0.627836 0.778346 0.000000 -36.622062 0.000000 0.000000 1.000000 0.000000
0.779892 0.625915 0.000000 76.546174 -0.625915 0.779892 0.000000 -36.661052 0.000000 0.000000 1.000000 0.000000
0.783364 0.621563 0.000000 76.596355 -0.621563 0.783364 0.000000 -36.698026 0.000000 0.000000 1.000000 0.000000
0.785068 0.619409 0.000000 76.631538 -0.619409 0.785068 0.000000 -36.725555 0.000000 0.000000 1.000000 0.000000
0.787006 0.616945 0.000000 76.663445 -0.616945 0.787006 0.000000 -36.755136 0.000000 0.000000 1.000000 0.000000
0.788615 0.614887 0.000000 76.735428 -0.614887 0.788615 0.000000 -36.802348 0.000000 0.000000 1.000000 0.000000
0.790220 0.612824 0.000000 76.765001 -0.612824 0.790220 0.000000 -36.829152 0.000000 0.000000 1.000000 0.000000
0.790893 0.611954 0.000000 76.795675 -0.611954 0.790893 0.000000 -36.852993 0.000000 0.000000 1.000000 0.000000
0.791625 0.611007 0.000000 76.819421 -0.611007 0.791625 0.000000 -36.863478 0.000000 0.000000 1.000000 0.000000
0.792889 0.609366 0.000000 76.841300 -0.609366 0.792889 0.000000 -36.879014 0.000000 0.000000 1.000000 0.000000
0.793918 0.608025 0.000000 76.858052 -0.608025 0.793918 0.000000 -36.893394 0.000000 0.000000 1.000000 0.000000
0.794308 0.607515 0.000000 76.873126 -0.607515 0.794308 0.000000 -36.906639 0.000000 0.000000 1.000000 0.000000
0.794516 0.607243 0.000000 76.884316 -0.607243 0.794516 0.000000 -36.916899 0.000000 0.000000 1.000000 0.000000
0.796124 0.605134 0.000000 76.893987 -0.605134 0.796124 0.000000 -36.933664 0.000000 0.000000 1.000000 0.000000
0.795505 0.605947 0.000000 76.901111 -0.605947 0.795505 0.000000 -36.924074 0.000000 0.000000 1.000000 0.000000
0.796455 0.604697 0.000000 76.906639 -0.604697 0.796455 0.000000 -36.921338 0.000000 0.000000 1.000000 0.000000
0.796399 0.604772 0.000000 76.906517 -0.604772 0.796399 0.000000 -36.917437 0.000000 0.000000 1.000000 0.000000
0.795719 0.605666 0.000000 76.907104 -0.605666 0.795719 0.000000 -36.916025 0.000000 0.000000 1.000000 0.000000
0.795680 0.605717 0.000000 76.904131 -0.605717 0.795680 0.000000 -36.917287 0.000000 0.000000 1.000000 0.000000
0.795466 0.605998 0.000000 76.900864 -0.605998 0.795466 0.000000 -36.920491 0.000000 0.000000 1.000000 0.000000
0.796556 0.604564 0.000000 76.895575 -0.604564 0.796556 0.000000 -36.925230 0.000000 0.000000 1.000000 0.000000
0.796631 0.604466 0.000000 76.893179 -0.604466 0.796631 0.000000 -36.927129 0.000000 0.000000 1.000000 0.000000
0.795849 0.605496 0.000000 76.894548 -0.605496 0.795849 0.000000 -36.924925 0.000000 0.000000 1.000000 0.000000
0.795714 0.605673 0.000000 76.894879 -0.605673 0.795714 0.000000 -36.923924 0.000000 0.000000 1.000000 0.000000
0.795776 0.605592 0.000000 76.893769 -0.605592 0.795776 0.000000 -36.924629 0.000000 0.000000 1.000000 0.000000
0.795721 0.605663 0.000000 76.893024 -0.605663 0.795721 0.000000 -36.924119 0.000000 0.000000 1.000000 0.000000
0.795714 0.605672 0.000000 76.893534 -0.605672 0.795714 0.000000 -36.922931 0.000000 0.000000 1.000000 0.000000
0.795625 0.605789 0.000000 76.894648 -0.605789 0.795625 0.000000 -36.921294 0.000000 0.000000 1.000000 0.000000
0.795458 0.606008 0.000000 76.895608 -0.606008 0.795458 0.000000 -36.918846 0.000000 0.000000 1.000000 0.000000
0.795355 0.606144 0.000000 76.894706 -0.606144 0.795355 0.000000 -36.919036 0.000000 0.000000 1.000000 0.000000
0.795354 0.606146 0.000000 76.895245 -0.606146 0.795354 0.000000 -36.919265 0.000000 0.000000 1.000000 0.000000
0.795426 0.606051 0.000000 76.895366 -0.606051 0.795426 0.000000 -36.919366 0.000000 0.000000 1.000000 0.000000
0.795434 0.606040 0.000000 76.895504 -0.606040 0.795434 0.000000 -36.919710 0.000000 0.000000 1.000000 0.000000
0.795447 0.606023 0.000000 76.895291 -0.606023 0.795447 0.000000 -36.920206 0.000000 0.000000 1.000000 0.000000
0.795468 0.605996 0.000000 76.895672 -0.605996 0.795468 0.000000 -36.920505 0.000000 0.000000 1.000000 0.000000
0.795452 0.606017 0.000000 76.895788 -0.606017 0.795452 0.000000 -36.921279 0.000000 0.000000 1.000000 0.000000
0.795452 0.606016 0.000000 76.895521 -0.606016 0.795452 0.000000 -36.924529 0.000000 0.000000 1.000000 0.000000
0.795291 0.606227 0.000000 76.894539 -0.606227 0.795291 0.000000 -36.927004 0.000000 0.000000 1.000000 0.000000
0.795213 0.606330 0.000000 76.894289 -0.606330 0.795213 0.000000 -36.926697 0.000000 0.000000 1.000000 0.000000
0.795209 0.606335 0.000000 76.894054 -0.606335 0.795209 0.000000 -36.926080 0.000000 0.000000 1.000000 0.000000
0.795253 0.606278 0.000000 76.893888 -0.606278 0.795253 0.000000 -36.926248 0.000000 0.000000 1.000000 0.000000
0.795329 0.606178 0.000000 76.893080 -0.606178 0.795329 0.000000 -36.925889 0.000000 0.000000 1.000000 0.000000
0.795333 0.606172 0.000000 76.893458 -0.606172 0.795333 0.000000 -36.925649 0.000000 0.000000 1.000000 0.000000
0.795288 0.606232 0.000000 76.893465 -0.606232 0.795288 0.000000 -36.925569 0.000000 0.000000 1.000000 0.000000
0.795240 0.606295 0.000000 76.893017 -0.606295 0.795240 0.000000 -36.926115 0.000000 0.000000 1.000000 0.000000
0.795230 0.606308 0.000000 76.891593 -0.606308 0.795230 0.000000 -36.925942 0.000000 0.000000 1.000000 0.000000
0.795202 0.606345 0.000000 76.891184 -0.606345 0.795202 0.000000 -36.925330 0.000000 0.000000 1.000000 0.000000
0.795257 0.606273 0.000000 76.891250 -0.606273 0.795257 0.000000 -36.924997 0.000000 0.000000 1.000000 0.000000
0.795255 0.606275 0.000000 76.891313 -0.606275 0.795255 0.000000 -36.924876 0.000000 0.000000 1.000000 0.000000
0.795256 0.606274 0.000000 76.891521 -0.606274 0.795256 0.000000 -36.924847 0.000000 0.000000 1.000000 0.000000
0.795268 0.606258 0.000000 76.891366 -0.606258 0.795268 0.000000 -36.923990 0.000000 0.000000 1.000000 0.000000
0.795343 0.606159 0.000000 76.890672 -0.606159 0.795343 0.000000 -36.923451 0.000000 0.000000 1.000000 0.000000
0.795710 0.605678 0.000000 76.888247 -0.605678 0.795710 0.000000 -36.922519 0.000000 0.000000 1.000000 0.000000
0.795627 0.605787 0.000000 76.887779 -0.605787 0.795627 0.000000 -36.921962 0.000000 0.000000 1.000000 0.000000
0.795570 0.605861 0.000000 76.887608 -0.605861 0.795570 0.000000 -36.920332 0.000000 0.000000 1.000000 0.000000
0.795560 0.605875 0.000000 76.886058 -0.605875 0.795560 0.000000 -36.917706 0.000000 0.000000 1.000000 0.000000
0.795665 0.605736 0.000000 76.882746 -0.605736 0.795665 0.000000 -36.914504 0.000000 0.000000 1.000000 0.000000
0.795878 0.605457 0.000000 76.881434 -0.605457 0.795878 0.000000 -36.913593 0.000000 0.000000 1.000000 0.000000
0.795880 0.605455 0.000000 76.879945 -0.605455 0.795880 0.000000 -36.912004 0.000000 0.000000 1.000000 0.000000
0.795751 0.605625 0.000000 76.873587 -0.605625 0.795751 0.000000 -36.915153 0.000000 0.000000 1.000000 0.000000
0.795243 0.606291 0.000000 76.874414 -0.606291 0.795243 0.000000 -36.915530 0.000000 0.000000 1.000000 0.000000
0.795007 0.606600 0.000000 76.875438 -0.606600 0.795007 0.000000 -36.917031 0.000000 0.000000 1.000000 0.000000
0.793989 0.607932 0.000000 76.876582 -0.607932 0.793989 0.000000 -36.921130 0.000000 0.000000 1.000000 0.000000
0.794320 0.607500 0.000000 76.872835 -0.607500 0.794320 0.000000 -36.926097 0.000000 0.000000 1.000000 0.000000
0.794481 0.607289 0.000000 76.872129 -0.607289 0.794481 0.000000 -36.935050 0.000000 0.000000 1.000000 0.000000
0.794850 0.606806 0.000000 76.865743 -0.606806 0.794850 0.000000 -36.947213 0.000000 0.000000 1.000000 0.000000
0.795680 0.605717 0.000000 76.852774 -0.605717 0.795680 0.000000 -36.949840 0.000000 0.000000 1.000000 0.000000
0.796249 0.604970 0.000000 76.847321 -0.604970 0.796249 0.000000 -36.950076 0.000000 0.000000 1.000000 0.000000
0.796627 0.604471 0.000000 76.847039 -0.604471 0.796627 0.000000 -36.950960 0.000000 0.000000 1.000000 0.000000
0.796763 0.604292 0.000000 76.846177 -0.604292 0.796763 0.000000 -36.951782 0.000000 0.000000 1.000000 0.000000
0.796663 0.604424 0.000000 76.848385 -0.604424 0.796663 0.000000 -36.954425 0.000000 0.000000 1.000000 0.000000
0.796720 0.604349 0.000000 76.848241 -0.604349 0.796720 0.000000 -36.954167 0.000000 0.000000 1.000000 0.000000
0.796685 0.604394 0.000000 76.847973 -0.604394 0.796685 0.000000 -36.953521 0.000000 0.000000 1.000000 0.000000
0.796630 0.604467 0.000000 76.847209 -0.604467 0.796630 0.000000 -36.952222 0.000000 0.000000 1.000000 0.000000
0.796612 0.604491 0.000000 76.845761 -0.604491 0.796612 0.000000 -36.951458 0.000000 0.000000 1.000000 0.000000
0.796482 0.604662 0.000000 76.844080 -0.604662 0.796482 0.000000 -36.949498 0.000000 0.000000 1.000000 0.000000
0.796662 0.604425 0.000000 76.843254 -0.604425 0.796662 0.000000 -36.948403 0.000000 0.000000 1.000000 0.000000
0.796732 0.604332 0.000000 76.842800 -0.604332 0.796732 0.000000 -36.947970 0.000000 0.000000 1.000000 0.000000
0.796816 0.604222 0.000000 76.841471 -0.604222 0.796816 0.000000 -36.948613 0.000000 0.000000 1.000000 0.000000
0.797126 0.603813 0.000000 76.839579 -0.603813 0.797126 0.000000 -36.949166 0.000000 0.000000 1.000000 0.000000
0.797526 0.603285 0.000000 76.838762 -0.603285 0.797526 0.000000 -36.947476 0.000000 0.000000 1.000000 0.000000
0.798155 0.602452 0.000000 76.837732 -0.602452 0.798155 0.000000 -36.949321 0.000000 0.000000 1.000000 0.000000
0.798657 0.601787 0.000000 76.835410 -0.601787 0.798657 0.000000 -36.948929 0.000000 0.000000 1.000000 0.000000
0.798357 0.602184 0.000000 76.836711 -0.602184 0.798357 0.000000 -36.945838 0.000000 0.000000 1.000000 0.000000
0.797227 0.603679 0.000000 76.843552 -0.603679 0.797227 0.000000 -36.944189 0.000000 0.000000 1.000000 0.000000
0.795181 0.606372 0.000000 76.858582 -0.606372 0.795181 0.000000 -36.944651 0.000000 0.000000 1.000000 0.000000
0.794042 0.607863 0.000000 76.864873 -0.607863 0.794042 0.000000 -36.945726 0.000000 0.000000 1.000000 0.000000
0.793327 0.608796 0.000000 76.871548 -0.608796 0.793327 0.000000 -36.950415 0.000000 0.000000 1.000000 0.000000
0.792134 0.610347 0.000000 76.878072 -0.610347 0.792134 0.000000 -36.953684 0.000000 0.000000 1.000000 0.000000
0.791171 0.611595 0.000000 76.878285 -0.611595 0.791171 0.000000 -36.953730 0.000000 0.000000 1.000000 0.000000
0.790206 0.612841 0.000000 76.877035 -0.612841 0.790206 0.000000 -36.956600 0.000000 0.000000 1.000000 0.000000
0.789538 0.613701 0.000000 76.877455 -0.613701 0.789538 0.000000 -36.962262 0.000000 0.000000 1.000000 0.000000
0.789542 0.613696 0.000000 76.878580 -0.613696 0.789542 0.000000 -36.972466 0.000000 0.000000 1.000000 0.000000
0.789949 0.613173 0.000000 76.877013 -0.613173 0.789949 0.000000 -36.979959 0.000000 0.000000 1.000000 0.000000
0.790556 0.612389 0.000000 76.881942 -0.612389 0.790556 0.000000 -36.987463 0.000000 0.000000 1.000000 0.000000
0.791440 0.611247 0.000000 76.882080 -0.611247 0.791440 0.000000 -36.990158 0.000000 0.000000 1.000000 0.000000
0.792734 0.609568 0.000000 76.885795 -0.609568 0.792734 0.000000 -37.000201 0.000000 0.000000 1.000000 0.000000
0.793439 0.608650 0.000000 76.895133 -0.608650 0.793439 0.000000 -37.009256 0.000000 0.000000 1.000000 0.000000
0.793541 0.608517 0.000000 76.904702 -0.608517 0.793541 0.000000 -37.018755 0.000000 0.000000 1.000000 0.000000
0.793583 0.608462 0.000000 76.922041 -0.608462 0.793583 0.000000 -37.027855 0.000000 0.000000 1.000000 0.000000
0.793220 0.608935 0.000000 76.930365 -0.608935 0.793220 0.000000 -37.032172 0.000000 0.000000 1.000000 0.000000
0.792853 0.609413 0.000000 76.942412 -0.609413 0.792853 0.000000 -37.040065 0.000000 0.000000 1.000000 0.000000
0.792767 0.609525 0.000000 76.961211 -0.609525 0.792767 0.000000 -37.057889 0.000000 0.000000 1.000000 0.000000
0.794246 0.607597 0.000000 76.958819 -0.607597 0.794246 0.000000 -37.069754 0.000000 0.000000 1.000000 0.000000
0.794666 0.607046 0.000000 76.959825 -0.607046 0.794666 0.000000 -37.073940 0.000000 0.000000 1.000000 0.000000
0.795541 0.605899 0.000000 76.965934 -0.605899 0.795541 0.000000 -37.085398 0.000000 0.000000 1.000000 0.000000
0.796154 0.605094 0.000000 76.969932 -0.605094 0.796154 0.000000 -37.097636 0.000000 0.000000 1.000000 0.000000
0.797853 0.602852 0.000000 76.973270 -0.602852 0.797853 0.000000 -37.110783 0.000000 0.000000 1.000000 0.000000
0.798707 0.601720 0.000000 76.980467 -0.601720 0.798707 0.000000 -37.122690 0.000000 0.000000 1.000000 0.000000
0.799106 0.601191 0.000000 76.984955 -0.601191 0.799106 0.000000 -37.132715 0.000000 0.000000 1.000000 0.000000
0.799310 0.600919 0.000000 76.993248 -0.600919 0.799310 0.000000 -37.131167 0.000000 0.000000 1.000000 0.000000
0.798802 0.601594 0.000000 76.999445 -0.601594 0.798802 0.000000 -37.131233 0.000000 0.000000 1.000000 0.000000
0.798626 0.601827 0.000000 77.005630 -0.601827 0.798626 0.000000 -37.132724 0.000000 0.000000 1.000000 0.000000
0.798073 0.602561 0.000000 77.011633 -0.602561 0.798073 0.000000 -37.132438 0.000000 0.000000 1.000000 0.000000
0.798064 0.602573 0.000000 77.013799 -0.602573 0.798064 0.000000 -37.131205 0.000000 0.000000 1.000000 0.000000
0.798034 0.602612 0.000000 77.013272 -0.602612 0.798034 0.000000 -37.130879 0.000000 0.000000 1.000000 0.000000
0.798300 0.602261 0.000000 77.011283 -0.602261 0.798300 0.000000 -37.133803 0.000000 0.000000 1.000000 0.000000
0.798837 0.601547 0.000000 77.006402 -0.601547 0.798837 0.000000 -37.132861 0.000000 0.000000 1.000000 0.000000
0.799210 0.601051 0.000000 77.003363 -0.601051 0.799210 0.000000 -37.132310 0.000000 0.000000 1.000000 0.000000
0.799207 0.601056 0.000000 77.001985 -0.601056 0.799207 0.000000 -37.130090 0.000000 0.000000 1.000000 0.000000
0.799133 0.601155 0.000000 77.004028 -0.601155 0.799133 0.000000 -37.128676 0.000000 0.000000 1.000000 0.000000
0.799497 0.600670 0.000000 77.005009 -0.600670 0.799497 0.000000 -37.125086 0.000000 0.000000 1.000000 0.000000
0.799638 0.600482 0.000000 77.006992 -0.600482 0.799638 0.000000 -37.123708 0.000000 0.000000 1.000000 0.000000
0.800550 0.599266 0.000000 77.006919 -0.599266 0.800550 0.000000 -37.128139 0.000000 0.000000 1.000000 0.000000
0.800496 0.599338 0.000000 77.008881 -0.599338 0.800496 0.000000 -37.127533 0.000000 0.000000 1.000000 0.000000
0.800645 0.599139 0.000000 77.009627 -0.599139 0.800645 0.000000 -37.126835 0.000000 0.000000 1.000000 0.000000
0.801198 0.598399 0.000000 77.008989 -0.598399 0.801198 0.000000 -37.127270 0.000000 0.000000 1.000000 0.000000
0.801236 0.598348 0.000000 77.010027 -0.598348 0.801236 0.000000 -37.127111 0.000000 0.000000 1.000000 0.000000
0.801506 0.597986 0.000000 77.011469 -0.597986 0.801506 0.000000 -37.127180 0.000000 0.000000 1.000000 0.000000
0.801580 0.597888 0.000000 77.012938 -0.597888 0.801580 0.000000 -37.126224 0.000000 0.000000 1.000000 0.000000
0.801551 0.597927 0.000000 77.014140 -0.597927 0.801551 0.000000 -37.127009 0.000000 0.000000 1.000000 0.000000
0.801742 0.597671 0.000000 77.014406 -0.597671 0.801742 0.000000 -37.126956 0.000000 0.000000 1.000000 0.000000
0.801626 0.597826 0.000000 77.015467 -0.597826 0.801626 0.000000 -37.126707 0.000000 0.000000 1.000000 0.000000
0.802440 0.596732 0.000000 77.015794 -0.596732 0.802440 0.000000 -37.129650 0.000000 0.000000 1.000000 0.000000
