0.999997 0.002260 0.000000 0.584549 -0.002260 0.999997 0.000000 -0.010039 0.000000 0.000000 1.000000 0.000000
0.999998 0.001746 0.000000 1.137943 -0.001746 0.999998 0.000000 -0.017675 0.000000 0.000000 1.000000 0.000000
0.999998 0.002037 0.000000 1.726211 -0.002037 0.999998 0.000000 -0.035544 0.000000 0.000000 1.000000 0.000000
0.999999 0.001688 0.000000 2.320068 -0.001688 0.999999 0.000000 -0.035135 0.000000 0.000000 1.000000 0.000000
0.999985 0.005490 0.000000 2.862448 -0.005490 0.999985 0.000000 -0.040067 0.000000 0.000000 1.000000 0.000000
0.999951 0.009942 0.000000 3.449181 -0.009942 0.999951 0.000000 -0.018796 0.000000 0.000000 1.000000 0.000000
0.999877 0.015705 0.000000 4.597627 -0.015705 0.999877 0.000000 -0.041289 0.000000 0.000000 1.000000 0.000000
0.999888 0.014973 0.000000 5.198067 -0.014973 0.999888 0.000000 -0.059463 0.000000 0.000000 1.000000 0.000000
0.999863 0.016536 0.000000 6.011622 -0.016536 0.999863 0.000000 -0.090055 0.000000 0.000000 1.000000 0.000000
0.999855 0.017057 0.000000 6.590229 -0.017057 0.999855 0.000000 -0.095348 0.000000 0.000000 1.000000 0.000000
0.999838 0.018024 0.000000 7.181535 -0.018024 0.999838 0.000000 -0.123763 0.000000 0.000000 1.000000 0.000000
0.999820 0.018983 0.000000 7.766529 -0.018983 0.999820 0.000000 -0.131204 0.000000 0.000000 1.000000 0.000000
0.999798 0.020110 0.000000 8.317117 -0.020110 0.999798 0.000000 -0.137831 0.000000 0.000000 1.000000 0.000000
0.999730 0.023243 0.000000 8.902881 -0.023243 0.999730 0.000000 -0.155314 0.000000 0.000000 1.000000 0.000000
0.999685 0.025099 0.000000 9.457913 -0.025099 0.999685 0.000000 -0.159593 0.000000 0.000000 1.000000 0.000000
0.999674 0.025528 0.000000 10.039382 -0.025528 0.999674 0.000000 -0.153148 0.000000 0.000000 1.000000 0.000000
0.999625 0.027376 0.000000 10.603982 -0.027376 0.999625 0.000000 -0.150312 0.000000 0.000000 1.000000 0.000000
0.999629 0.027255 0.000000 11.172401 -0.027255 0.999629 0.000000 -0.178687 0.000000 0.000000 1.000000 0.000000
0.999567 0.029414 0.000000 11.755989 -0.029414 0.999567 0.000000 -0.185733 0.000000 0.000000 1.000000 0.000000
0.999505 0.031455 0.000000 12.516168 -0.031455 0.999505 0.000000 -0.209170 0.000000 0.000000 1.000000 0.000000
0.999459 0.032891 0.000000 13.140552 -0.032891 0.999459 0.000000 -0.224615 0.000000 0.000000 1.000000 0.000000
0.999431 0.033715 0.000000 13.681549 -0.033715 0.999431 0.000000 -0.232960 0.000000 0.000000 1.000000 0.000000
0.999348 0.036092 0.000000 14.299398 -0.036092 0.999348 0.000000 -0.227499 0.000000 0.000000 1.000000 0.000000
0.999238 0.039022 0.000000 14.875199 -0.039022 0.999238 0.000000 -0.239769 0.000000 0.000000 1.000000 0.000000
0.999227 0.039323 0.000000 15.451225 -0.039323 0.999227 0.000000 -0.266194 0.000000 0.000000 1.000000 0.000000
0.999108 0.042236 0.000000 16.036713 -0.042236 0.999108 0.000000 -0.301108 0.000000 0.000000 1.000000 0.000000
0.999076 0.042990 0.000000 16.618348 -0.042990 0.999076 0.000000 -0.341647 0.000000 0.000000 1.000000 0.000000
0.999050 0.043576 0.000000 17.199412 -0.043576 0.999050 0.000000 -0.374992 0.000000 0.000000 1.000000 0.000000
0.999017 0.044336 0.000000 17.782525 -0.044336 0.999017 0.000000 -0.410420 0.000000 0.000000 1.000000 0.000000
0.998910 0.046675 0.000000 18.349084 -0.046675 0.998910 0.000000 -0.435149 0.000000 0.000000 1.000000 0.000000
0.998800 0.048972 0.000000 18.916746 -0.048972 0.998800 0.000000 -0.472381 0.000000 0.000000 1.000000 0.000000
0.998794 0.049107 0.000000 19.458031 -0.049107 0.998794 0.000000 -0.512884 0.000000 0.000000 1.000000 0.000000
0.998665 0.051659 0.000000 20.028176 -0.051659 0.998665 0.000000 -0.557633 0.000000 0.000000 1.000000 0.000000
0.998575 0.053373 0.000000 21.126096 -0.053373 0.998575 0.000000 -0.613368 0.000000 0.000000 1.000000 0.000000
0.998612 0.052676 0.000000 22.058736 -0.052676 0.998612 0.000000 -0.670174 0.000000 0.000000 1.000000 0.000000
0.998633 0.052279 0.000000 22.622514 -0.052279 0.998633 0.000000 -0.707454 0.000000 0.000000 1.000000 0.000000
0.998483 0.055054 0.000000 23.187416 -0.055054 0.998483 0.000000 -0.742413 0.000000 0.000000 1.000000 0.000000
0.998311 0.058102 0.000000 23.745114 -0.058102 0.998311 0.000000 -0.779460 0.000000 0.000000 1.000000 0.000000
0.998243 0.059261 0.000000 24.295529 -0.059261 0.998243 0.000000 -0.824818 0.000000 0.000000 1.000000 0.000000
0.998208 0.059836 0.000000 24.895705 -0.059836 0.998208 0.000000 -0.876268 0.000000 0.000000 1.000000 0.000000
0.997611 0.069087 0.000000 25.470240 -0.069087 0.997611 0.000000 -0.921728 0.000000 0.000000 1.000000 0.000000
0.996679 0.081430 0.000000 26.578299 -0.081430 0.996679 0.000000 -1.014881 0.000000 0.000000 1.000000 0.000000
0.996807 0.079849 0.000000 27.135264 -0.079849 0.996807 0.000000 -1.079096 0.000000 0.000000 1.000000 0.000000
0.996719 0.080938 0.000000 27.684141 -0.080938 0.996719 0.000000 -1.138208 0.000000 0.000000 1.000000 0.000000
0.996784 0.080130 0.000000 28.212147 -0.080130 0.996784 0.000000 -1.198395 0.000000 0.000000 1.000000 0.000000
0.996886 0.078857 0.000000 28.773559 -0.078857 0.996886 0.000000 -1.253234 0.000000 0.000000 1.000000 0.000000
0.996348 0.085383 0.000000 29.674845 -0.085383 0.996348 0.000000 -1.316140 0.000000 0.000000 1.000000 0.000000
0.996306 0.085877 0.000000 30.279631 -0.085877 0.996306 0.000000 -1.361011 0.000000 0.000000 1.000000 0.000000
0.996049 0.088804 0.000000 30.838670 -0.088804 0.996049 0.000000 -1.395139 0.000000 0.000000 1.000000 0.000000
0.995960 0.089801 0.000000 31.401831 -0.089801 0.995960 0.000000 -1.434918 0.000000 0.000000 1.000000 0.000000
0.995831 0.091221 0.000000 31.969121 -0.091221 0.995831 0.000000 -1.481301 0.000000 0.000000 1.000000 0.000000
0.995688 0.092760 0.000000 32.530745 -0.092760 0.995688 0.000000 -1.535355 0.000000 0.000000 1.000000 0.000000
0.995450 0.095282 0.000000 33.090400 -0.095282 0.995450 0.000000 -1.579110 0.000000 0.000000 1.000000 0.000000
0.995459 0.095193 0.000000 33.656841 -0.095193 0.995459 0.000000 -1.631683 0.000000 0.000000 1.000000 0.000000
0.995317 0.096667 0.000000 34.205823 -0.096667 0.995317 0.000000 -1.680190 0.000000 0.000000 1.000000 0.000000
0.995167 0.098192 0.000000 34.716038 -0.098192 0.995167 0.000000 -1.732945 0.000000 0.000000 1.000000 0.000000
0.994854 0.101320 0.000000 35.649709 -0.101320 0.994854 0.000000 -1.836354 0.000000 0.000000 1.000000 0.000000
0.994382 0.105855 0.000000 36.207647 -0.105855 0.994382 0.000000 -1.904534 0.000000 0.000000 1.000000 0.000000
0.994177 0.107756 0.000000 36.766787 -0.107756 0.994177 0.000000 -1.960237 0.000000 0.000000 1.000000 0.000000
0.994059 0.108844 0.000000 37.322038 -0.108844 0.994059 0.000000 -2.015533 0.000000 0.000000 1.000000 0.000000
0.993786 0.111311 0.000000 37.874168 -0.111311 0.993786 0.000000 -2.071875 0.000000 0.000000 1.000000 0.000000
0.993670 0.112343 0.000000 38.439928 -0.112343 0.993670 0.000000 -2.139049 0.000000 0.000000 1.000000 0.000000
0.993495 0.113872 0.000000 39.034486 -0.113872 0.993495 0.000000 -2.191383 0.000000 0.000000 1.000000 0.000000
0.993448 0.114284 0.000000 39.560096 -0.114284 0.993448 0.000000 -2.245560 0.000000 0.000000 1.000000 0.000000
0.993444 0.114319 0.000000 40.096407 -0.114319 0.993444 0.000000 -2.301763 0.000000 0.000000 1.000000 0.000000
0.993503 0.113809 0.000000 40.648124 -0.113809 0.993503 0.000000 -2.367586 0.000000 0.000000 1.000000 0.000000
0.993092 0.117342 0.000000 41.204013 -0.117342 0.993092 0.000000 -2.433232 0.000000 0.000000 1.000000 0.000000
0.992888 0.119050 0.000000 41.717491 -0.119050 0.992888 0.000000 -2.490028 0.000000 0.000000 1.000000 0.000000
0.992696 0.120644 0.000000 42.267599 -0.120644 0.992696 0.000000 -2.564626 0.000000 0.000000 1.000000 0.000000
0.992599 0.121435 0.000000 42.793035 -0.121435 0.992599 0.000000 -2.628661 0.000000 0.000000 1.000000 0.000000
0.992649 0.121029 0.000000 43.740147 -0.121029 0.992649 0.000000 -2.746282 0.000000 0.000000 1.000000 0.000000
0.992490 0.122322 0.000000 44.290139 -0.122322 0.992490 0.000000 -2.798777 0.000000 0.000000 1.000000 0.000000
0.992111 0.125363 0.000000 44.853657 -0.125363 0.992111 0.000000 -2.864351 0.000000 0.000000 1.000000 0.000000
0.991508 0.130046 0.000000 45.935244 -0.130046 0.991508 0.000000 -2.993168 0.000000 0.000000 1.000000 0.000000
0.990946 0.134265 0.000000 46.503914 -0.134265 0.990946 0.000000 -3.066689 0.000000 0.000000 1.000000 0.000000
0.990705 0.136029 0.000000 46.998797 -0.136029 0.990705 0.000000 -3.118274 0.000000 0.000000 1.000000 0.000000
0.990436 0.137976 0.000000 48.030415 -0.137976 0.990436 0.000000 -3.246788 0.000000 0.000000 1.000000 0.000000
0.990265 0.139195 0.000000 48.538884 -0.139195 0.990265 0.000000 -3.310821 0.000000 0.000000 1.000000 0.000000
0.990350 0.138588 0.000000 49.047242 -0.138588 0.990350 0.000000 -3.390018 0.000000 0.000000 1.000000 0.000000
0.990258 0.139248 0.000000 49.522449 -0.139248 0.990258 0.000000 -3.463307 0.000000 0.000000 1.000000 0.000000
0.989782 0.142592 0.000000 50.408255 -0.142592 0.989782 0.000000 -3.596910 0.000000 0.000000 1.000000 0.000000
0.989863 0.142023 0.000000 50.904227 -0.142023 0.989863 0.000000 -3.684088 0.000000 0.000000 1.000000 0.000000
0.989214 0.146478 0.000000 51.395110 -0.146478 0.989214 0.000000 -3.742084 0.000000 0.000000 1.000000 0.000000
0.988391 0.151931 0.000000 51.892557 -0.151931 0.988391 0.000000 -3.809188 0.000000 0.000000 1.000000 0.000000
0.988294 0.152559 0.000000 52.374597 -0.152559 0.988294 0.000000 -3.877978 0.000000 0.000000 1.000000 0.000000
0.988218 0.153051 0.000000 52.837980 -0.153051 0.988218 0.000000 -3.935454 0.000000 0.000000 1.000000 0.000000
0.987861 0.155338 0.000000 53.305809 -0.155338 0.987861 0.000000 -4.004000 0.000000 0.000000 1.000000 0.000000
0.987278 0.159006 0.000000 54.010350 -0.159006 0.987278 0.000000 -4.128263 0.000000 0.000000 1.000000 0.000000
0.987349 0.158562 0.000000 54.434705 -0.158562 0.987349 0.000000 -4.208043 0.000000 0.000000 1.000000 0.000000
0.987171 0.159665 0.000000 54.894142 -0.159665 0.987171 0.000000 -4.290501 0.000000 0.000000 1.000000 0.000000
0.987275 0.159024 0.000000 55.334660 -0.159024 0.987275 0.000000 -4.357181 0.000000 0.000000 1.000000 0.000000
0.987149 0.159802 0.000000 55.753874 -0.159802 0.987149 0.000000 -4.414942 0.000000 0.000000 1.000000 0.000000
0.987525 0.157460 0.000000 56.173293 -0.157460 0.987525 0.000000 -4.479864 0.000000 0.000000 1.000000 0.000000
0.987484 0.157719 0.000000 56.900525 -0.157719 0.987484 0.000000 -4.594564 0.000000 0.000000 1.000000 0.000000
0.987055 0.160382 0.000000 57.272733 -0.160382 0.987055 0.000000 -4.646038 0.000000 0.000000 1.000000 0.000000
0.986761 0.162184 0.000000 57.700865 -0.162184 0.986761 0.000000 -4.686501 0.000000 0.000000 1.000000 0.000000
0.986506 0.163728 0.000000 58.077622 -0.163728 0.986506 0.000000 -4.735135 0.000000 0.000000 1.000000 0.000000
0.986348 0.164674 0.000000 58.468193 -0.164674 0.986348 0.000000 -4.804759 0.000000 0.000000 1.000000 0.000000
0.986258 0.165214 0.000000 58.847082 -0.165214 0.986258 0.000000 -4.864270 0.000000 0.000000 1.000000 0.000000
0.985932 0.167149 0.000000 59.214397 -0.167149 0.985932 0.000000 -4.929949 0.000000 0.000000 1.000000 0.000000
0.985807 0.167884 0.000000 59.582152 -0.167884 0.985807 0.000000 -5.005667 0.000000 0.000000 1.000000 0.000000
0.985526 0.169524 0.000000 59.942393 -0.169524 0.985526 0.000000 -5.059446 0.000000 0.000000 1.000000 0.000000
0.985297 0.170851 0.000000 60.300139 -0.170851 0.985297 0.000000 -5.122881 0.000000 0.000000 1.000000 0.000000
0.984714 0.174179 0.000000 60.977726 -0.174179 0.984714 0.000000 -5.246711 0.000000 0.000000 1.000000 0.000000
0.984883 0.173220 0.000000 61.316303 -0.173220 0.984883 0.000000 -5.318468 0.000000 0.000000 1.000000 0.000000
0.984919 0.173018 0.000000 61.629552 -0.173018 0.984919 0.000000 -5.387790 0.000000 0.000000 1.000000 0.000000
0.984809 0.173640 0.000000 61.963843 -0.173640 0.984809 0.000000 -5.453350 0.000000 0.000000 1.000000 0.000000
0.984557 0.175065 0.000000 62.285108 -0.175065 0.984557 0.000000 -5.508537 0.000000 0.000000 1.000000 0.000000
0.984302 0.176493 0.000000 62.573792 -0.176493 0.984302 0.000000 -5.561280 0.000000 0.000000 1.000000 0.000000
0.983240 0.182316 0.000000 62.891706 -0.182316 0.983240 0.000000 -5.609599 0.000000 0.000000 1.000000 0.000000
0.983205 0.182507 0.000000 63.211998 -0.182507 0.983205 0.000000 -5.685331 0.000000 0.000000 1.000000 0.000000
0.983621 0.180247 0.000000 63.721326 -0.180247 0.983621 0.000000 -5.793374 0.000000 0.000000 1.000000 0.000000
0.983586 0.180439 0.000000 64.035574 -0.180439 0.983586 0.000000 -5.842541 0.000000 0.000000 1.000000 0.000000
0.983167 0.182710 0.000000 64.327960 -0.182710 0.983167 0.000000 -5.894969 0.000000 0.000000 1.000000 0.000000
0.982713 0.185136 0.000000 64.639481 -0.185136 0.982713 0.000000 -5.952013 0.000000 0.000000 1.000000 0.000000
0.982499 0.186267 0.000000 64.924892 -0.186267 0.982499 0.000000 -6.009817 0.000000 0.000000 1.000000 0.000000
0.982079 0.188468 0.000000 65.204285 -0.188468 0.982079 0.000000 -6.062725 0.000000 0.000000 1.000000 0.000000
0.982117 0.188271 0.000000 65.504463 -0.188271 0.982117 0.000000 -6.126734 0.000000 0.000000 1.000000 0.000000
0.982135 0.188180 0.000000 65.772707 -0.188180 0.982135 0.000000 -6.186453 0.000000 0.000000 1.000000 0.000000
0.981938 0.189204 0.000000 66.040012 -0.189204 0.981938 0.000000 -6.239405 0.000000 0.000000 1.000000 0.000000
0.981270 0.192638 0.000000 66.495303 -0.192638 0.981270 0.000000 -6.332233 0.000000 0.000000 1.000000 0.000000
0.980999 0.194011 0.000000 66.736228 -0.194011 0.980999 0.000000 -6.384030 0.000000 0.000000 1.000000 0.000000
0.980923 0.194398 0.000000 67.014921 -0.194398 0.980923 0.000000 -6.441524 0.000000 0.000000 1.000000 0.000000
0.980768 0.195178 0.000000 67.274203 -0.195178 0.980768 0.000000 -6.495214 0.000000 0.000000 1.000000 0.000000
0.980556 0.196240 0.000000 67.536496 -0.196240 0.980556 0.000000 -6.549450 0.000000 0.000000 1.000000 0.000000
0.980394 0.197045 0.000000 67.794422 -0.197045 0.980394 0.000000 -6.608984 0.000000 0.000000 1.000000 0.000000
0.980058 0.198712 0.000000 68.048945 -0.198712 0.980058 0.000000 -6.657959 0.000000 0.000000 1.000000 0.000000
0.979886 0.199559 0.000000 68.314029 -0.199559 0.979886 0.000000 -6.710609 0.000000 0.000000 1.000000 0.000000
0.979708 0.200430 0.000000 68.551557 -0.200430 0.979708 0.000000 -6.761140 0.000000 0.000000 1.000000 0.000000
0.979670 0.200615 0.000000 68.818760 -0.200615 0.979670 0.000000 -6.813348 0.000000 0.000000 1.000000 0.000000
0.979420 0.201833 0.000000 69.063465 -0.201833 0.979420 0.000000 -6.860415 0.000000 0.000000 1.000000 0.000000
0.979177 0.203006 0.000000 69.314307 -0.203006 0.979177 0.000000 -6.908894 0.000000 0.000000 1.000000 0.000000
0.978784 0.204895 0.000000 69.738688 -0.204895 0.978784 0.000000 -7.004856 0.000000 0.000000 1.000000 0.000000
0.978422 0.206618 0.000000 69.995456 -0.206618 0.978422 0.000000 -7.057910 0.000000 0.000000 1.000000 0.000000
0.978258 0.207390 0.000000 70.264970 -0.207390 0.978258 0.000000 -7.117790 0.000000 0.000000 1.000000 0.000000
0.978023 0.208495 0.000000 70.531615 -0.208495 0.978023 0.000000 -7.178442 0.000000 0.000000 1.000000 0.000000
0.978008 0.208568 0.000000 70.806732 -0.208568 0.978008 0.000000 -7.242935 0.000000 0.000000 1.000000 0.000000
0.977701 0.210000 0.000000 71.089951 -0.210000 0.977701 0.000000 -7.310622 0.000000 0.000000 1.000000 0.000000
0.977649 0.210245 0.000000 71.343536 -0.210245 0.977649 0.000000 -7.382688 0.000000 0.000000 1.000000 0.000000
0.977655 0.210214 0.000000 71.628865 -0.210214 0.977655 0.000000 -7.448921 0.000000 0.000000 1.000000 0.000000
0.977093 0.212812 0.000000 71.901755 -0.212812 0.977093 0.000000 -7.508654 0.000000 0.000000 1.000000 0.000000
0.976547 0.215305 0.000000 72.152406 -0.215305 0.976547 0.000000 -7.573568 0.000000 0.000000 1.000000 0.000000
0.976461 0.215694 0.000000 72.429418 -0.215694 0.976461 0.000000 -7.636706 0.000000 0.000000 1.000000 0.000000
0.976599 0.215068 0.000000 72.691080 -0.215068 0.976599 0.000000 -7.700113 0.000000 0.000000 1.000000 0.000000
0.976011 0.217720 0.000000 73.464146 -0.217720 0.976011 0.000000 -7.874704 0.000000 0.000000 1.000000 0.000000
0.975243 0.221135 0.000000 73.757665 -0.221135 0.975243 0.000000 -7.930917 0.000000 0.000000 1.000000 0.000000
0.974607 0.223922 0.000000 74.041242 -0.223922 0.974607 0.000000 -7.986598 0.000000 0.000000 1.000000 0.000000
0.974188 0.225739 0.000000 74.318203 -0.225739 0.974188 0.000000 -8.049490 0.000000 0.000000 1.000000 0.000000
0.974615 0.223889 0.000000 74.598692 -0.223889 0.974615 0.000000 -8.105277 0.000000 0.000000 1.000000 0.000000
0.974076 0.226223 0.000000 75.174865 -0.226223 0.974076 0.000000 -8.251318 0.000000 0.000000 1.000000 0.000000
0.974082 0.226194 0.000000 75.458364 -0.226194 0.974082 0.000000 -8.311000 0.000000 0.000000 1.000000 0.000000
0.973741 0.227657 0.000000 75.737904 -0.227657 0.973741 0.000000 -8.372740 0.000000 0.000000 1.000000 0.000000
0.973395 0.229134 0.000000 76.194512 -0.229134 0.973395 0.000000 -8.485161 0.000000 0.000000 1.000000 0.000000
0.972631 0.232356 0.000000 76.501803 -0.232356 0.972631 0.000000 -8.561133 0.000000 0.000000 1.000000 0.000000
0.971402 0.237442 0.000000 77.027887 -0.237442 0.971402 0.000000 -8.686908 0.000000 0.000000 1.000000 0.000000
0.971215 0.238205 0.000000 77.356594 -0.238205 0.971215 0.000000 -8.760729 0.000000 0.000000 1.000000 0.000000
0.971354 0.237637 0.000000 77.684497 -0.237637 0.971354 0.000000 -8.833152 0.000000 0.000000 1.000000 0.000000
0.969733 0.244169 0.000000 78.004233 -0.244169 0.969733 0.000000 -8.903736 0.000000 0.000000 1.000000 0.000000
0.969786 0.243957 0.000000 78.350921 -0.243957 0.969786 0.000000 -8.988002 0.000000 0.000000 1.000000 0.000000
0.969147 0.246482 0.000000 78.907997 -0.246482 0.969147 0.000000 -9.138140 0.000000 0.000000 1.000000 0.000000
0.969903 0.243494 0.000000 79.248790 -0.243494 0.969903 0.000000 -9.237251 0.000000 0.000000 1.000000 0.000000
0.969546 0.244910 0.000000 79.620392 -0.244910 0.969546 0.000000 -9.339387 0.000000 0.000000 1.000000 0.000000
0.969377 0.245579 0.000000 79.967343 -0.245579 0.969377 0.000000 -9.437600 0.000000 0.000000 1.000000 0.000000
0.969109 0.246634 0.000000 80.599041 -0.246634 0.969109 0.000000 -9.619298 0.000000 0.000000 1.000000 0.000000
0.969064 0.246810 0.000000 81.249438 -0.246810 0.969064 0.000000 -9.788439 0.000000 0.000000 1.000000 0.000000
0.969253 0.246066 0.000000 81.627385 -0.246066 0.969253 0.000000 -9.903180 0.000000 0.000000 1.000000 0.000000
0.969378 0.245574 0.000000 82.037192 -0.245574 0.969378 0.000000 -10.005369 0.000000 0.000000 1.000000 0.000000
0.968756 0.248016 0.000000 82.426227 -0.248016 0.968756 0.000000 -10.108271 0.000000 0.000000 1.000000 0.000000
0.969106 0.246644 0.000000 82.851011 -0.246644 0.969106 0.000000 -10.223555 0.000000 0.000000 1.000000 0.000000
0.968452 0.249199 0.000000 83.254598 -0.249199 0.968452 0.000000 -10.330375 0.000000 0.000000 1.000000 0.000000
0.968660 0.248390 0.000000 83.698178 -0.248390 0.968660 0.000000 -10.449710 0.000000 0.000000 1.000000 0.000000
0.969497 0.245104 0.000000 84.364289 -0.245104 0.969497 0.000000 -10.612183 0.000000 0.000000 1.000000 0.000000
0.969280 0.245962 0.000000 85.163711 -0.245962 0.969280 0.000000 -10.818450 0.000000 0.000000 1.000000 0.000000
0.969281 0.245957 0.000000 85.625184 -0.245957 0.969281 0.000000 -10.932876 0.000000 0.000000 1.000000 0.000000
0.968339 0.249637 0.000000 86.079901 -0.249637 0.968339 0.000000 -11.054049 0.000000 0.000000 1.000000 0.000000
0.968065 0.250700 0.000000 86.533902 -0.250700 0.968065 0.000000 -11.165896 0.000000 0.000000 1.000000 0.000000
0.967802 0.251713 0.000000 87.036378 -0.251713 0.967802 0.000000 -11.293026 0.000000 0.000000 1.000000 0.000000
0.967648 0.252302 0.000000 87.481579 -0.252302 0.967648 0.000000 -11.406083 0.000000 0.000000 1.000000 0.000000
0.966123 0.258083 0.000000 87.976101 -0.258083 0.966123 0.000000 -11.529672 0.000000 0.000000 1.000000 0.000000
0.965619 0.259961 0.000000 88.484608 -0.259961 0.965619 0.000000 -11.654818 0.000000 0.000000 1.000000 0.000000
0.964758 0.263140 0.000000 88.996180 -0.263140 0.964758 0.000000 -11.776058 0.000000 0.000000 1.000000 0.000000
0.964427 0.264350 0.000000 89.466632 -0.264350 0.964427 0.000000 -11.911954 0.000000 0.000000 1.000000 0.000000
0.964249 0.264998 0.000000 89.984031 -0.264998 0.964249 0.000000 -12.062354 0.000000 0.000000 1.000000 0.000000
0.962988 0.269544 0.000000 90.909928 -0.269544 0.962988 0.000000 -12.314702 0.000000 0.000000 1.000000 0.000000
0.963110 0.269110 0.000000 91.444916 -0.269110 0.963110 0.000000 -12.468511 0.000000 0.000000 1.000000 0.000000
0.963044 0.269344 0.000000 91.980730 -0.269344 0.963044 0.000000 -12.609664 0.000000 0.000000 1.000000 0.000000
0.961801 0.273751 0.000000 92.508611 -0.273751 0.961801 0.000000 -12.752862 0.000000 0.000000 1.000000 0.000000
0.960340 0.278832 0.000000 93.051795 -0.278832 0.960340 0.000000 -12.902203 0.000000 0.000000 1.000000 0.000000
0.960224 0.279230 0.000000 93.879226 -0.279230 0.960224 0.000000 -13.150743 0.000000 0.000000 1.000000 0.000000
0.959811 0.280648 0.000000 94.401285 -0.280648 0.959811 0.000000 -13.303864 0.000000 0.000000 1.000000 0.000000
0.957119 0.289696 0.000000 95.487147 -0.289696 0.957119 0.000000 -13.643358 0.000000 0.000000 1.000000 0.000000
0.956265 0.292503 0.000000 96.204786 -0.292503 0.956265 0.000000 -13.861171 0.000000 0.000000 1.000000 0.000000
0.955614 0.294620 0.000000 96.776467 -0.294620 0.955614 0.000000 -14.021708 0.000000 0.000000 1.000000 0.000000
0.954623 0.297817 0.000000 97.347476 -0.297817 0.954623 0.000000 -14.202979 0.000000 0.000000 1.000000 0.000000
0.953274 0.302106 0.000000 97.924533 -0.302106 0.953274 0.000000 -14.387684 0.000000 0.000000 1.000000 0.000000
0.953295 0.302040 0.000000 98.517955 -0.302040 0.953295 0.000000 -14.565669 0.000000 0.000000 1.000000 0.000000
0.953310 0.301993 0.000000 99.132079 -0.301993 0.953310 0.000000 -14.763864 0.000000 0.000000 1.000000 0.000000
0.952853 0.303433 0.000000 99.687509 -0.303433 0.952853 0.000000 -14.943901 0.000000 0.000000 1.000000 0.000000
0.952087 0.305828 0.000000 100.258771 -0.305828 0.952087 0.000000 -15.142423 0.000000 0.000000 1.000000 0.000000
0.951568 0.307437 0.000000 100.850527 -0.307437 0.951568 0.000000 -15.340427 0.000000 0.000000 1.000000 0.000000
0.952420 0.304788 0.000000 101.394448 -0.304788 0.952420 0.000000 -15.530098 0.000000 0.000000 1.000000 0.000000
0.953044 0.302833 0.000000 101.990103 -0.302833 0.953044 0.000000 -15.726576 0.000000 0.000000 1.000000 0.000000
0.952768 0.303699 0.000000 102.578644 -0.303699 0.952768 0.000000 -15.924659 0.000000 0.000000 1.000000 0.000000
0.951979 0.306163 0.000000 103.125045 -0.306163 0.951979 0.000000 -16.106271 0.000000 0.000000 1.000000 0.000000
0.951576 0.307412 0.000000 104.179262 -0.307412 0.951576 0.000000 -16.449798 0.000000 0.000000 1.000000 0.000000
0.951013 0.309152 0.000000 104.813558 -0.309152 0.951013 0.000000 -16.666587 0.000000 0.000000 1.000000 0.000000
0.950809 0.309776 0.000000 105.409492 -0.309776 0.950809 0.000000 -16.870547 0.000000 0.000000 1.000000 0.000000
0.950003 0.312242 0.000000 106.010816 -0.312242 0.950003 0.000000 -17.069176 0.000000 0.000000 1.000000 0.000000
0.948918 0.315523 0.000000 106.597310 -0.315523 0.948918 0.000000 -17.258909 0.000000 0.000000 1.000000 0.000000
0.949531 0.313674 0.000000 107.199649 -0.313674 0.949531 0.000000 -17.473800 0.000000 0.000000 1.000000 0.000000
0.949404 0.314059 0.000000 107.771497 -0.314059 0.949404 0.000000 -17.662057 0.000000 0.000000 1.000000 0.000000
0.949381 0.314125 0.000000 108.377669 -0.314125 0.949381 0.000000 -17.872370 0.000000 0.000000 1.000000 0.000000
0.949136 0.314867 0.000000 108.954347 -0.314867 0.949136 0.000000 -18.063159 0.000000 0.000000 1.000000 0.000000
0.948321 0.317312 0.000000 109.562055 -0.317312 0.948321 0.000000 -18.278230 0.000000 0.000000 1.000000 0.000000
0.947645 0.319327 0.000000 110.167780 -0.319327 0.947645 0.000000 -18.492030 0.000000 0.000000 1.000000 0.000000
0.947327 0.320268 0.000000 110.792074 -0.320268 0.947327 0.000000 -18.703677 0.000000 0.000000 1.000000 0.000000
0.947602 0.319452 0.000000 111.575771 -0.319452 0.947602 0.000000 -18.983426 0.000000 0.000000 1.000000 0.000000
0.947522 0.319690 0.000000 112.169960 -0.319690 0.947522 0.000000 -19.174778 0.000000 0.000000 1.000000 0.000000
0.945492 0.325646 0.000000 112.803250 -0.325646 0.945492 0.000000 -19.401128 0.000000 0.000000 1.000000 0.000000
0.946038 0.324056 0.000000 113.798826 -0.324056 0.946038 0.000000 -19.736708 0.000000 0.000000 1.000000 0.000000
0.945760 0.324866 0.000000 114.422406 -0.324866 0.945760 0.000000 -19.948525 0.000000 0.000000 1.000000 0.000000
0.945484 0.325669 0.000000 115.061279 -0.325669 0.945484 0.000000 -20.159433 0.000000 0.000000 1.000000 0.000000
0.944440 0.328685 0.000000 115.701724 -0.328685 0.944440 0.000000 -20.383823 0.000000 0.000000 1.000000 0.000000
0.944285 0.329128 0.000000 116.328929 -0.329128 0.944285 0.000000 -20.622016 0.000000 0.000000 1.000000 0.000000
0.944036 0.329843 0.000000 116.971956 -0.329843 0.944036 0.000000 -20.857511 0.000000 0.000000 1.000000 0.000000
0.944293 0.329106 0.000000 117.567115 -0.329106 0.944293 0.000000 -21.079126 0.000000 0.000000 1.000000 0.000000
0.944124 0.329590 0.000000 118.691354 -0.329590 0.944124 0.000000 -21.480245 0.000000 0.000000 1.000000 0.000000
0.943938 0.330122 0.000000 119.325904 -0.330122 0.943938 0.000000 -21.712684 0.000000 0.000000 1.000000 0.000000
0.944005 0.329930 0.000000 119.957158 -0.329930 0.944005 0.000000 -21.948283 0.000000 0.000000 1.000000 0.000000
0.943681 0.330857 0.000000 120.586229 -0.330857 0.943681 0.000000 -22.173898 0.000000 0.000000 1.000000 0.000000
0.942828 0.333281 0.000000 121.871948 -0.333281 0.942828 0.000000 -22.623414 0.000000 0.000000 1.000000 0.000000
0.942753 0.333492 0.000000 122.452137 -0.333492 0.942753 0.000000 -22.825107 0.000000 0.000000 1.000000 0.000000
0.941524 0.336945 0.000000 123.087694 -0.336945 0.941524 0.000000 -23.062039 0.000000 0.000000 1.000000 0.000000
0.941392 0.337314 0.000000 123.670207 -0.337314 0.941392 0.000000 -23.288336 0.000000 0.000000 1.000000 0.000000
0.941142 0.338012 0.000000 124.255723 -0.338012 0.941142 0.000000 -23.499634 0.000000 0.000000 1.000000 0.000000
0.934066 0.357101 0.000000 128.818411 -0.357101 0.934066 0.000000 -25.291962 0.000000 0.000000 1.000000 0.000000
0.935806 0.352515 0.000000 129.455492 -0.352515 0.935806 0.000000 -25.540525 0.000000 0.000000 1.000000 0.000000
0.935444 0.353476 0.000000 130.048627 -0.353476 0.935444 0.000000 -25.769257 0.000000 0.000000 1.000000 0.000000
0.936633 0.350313 0.000000 130.647313 -0.350313 0.936633 0.000000 -26.016788 0.000000 0.000000 1.000000 0.000000
0.935855 0.352385 0.000000 131.229134 -0.352385 0.935855 0.000000 -26.254627 0.000000 0.000000 1.000000 0.000000
0.936912 0.349565 0.000000 131.826114 -0.349565 0.936912 0.000000 -26.485542 0.000000 0.000000 1.000000 0.000000
0.935032 0.354563 0.000000 132.438985 -0.354563 0.935032 0.000000 -26.730025 0.000000 0.000000 1.000000 0.000000
0.935270 0.353934 0.000000 133.225481 -0.353934 0.935270 0.000000 -27.037408 0.000000 0.000000 1.000000 0.000000
0.934529 0.355888 0.000000 133.823545 -0.355888 0.934529 0.000000 -27.272561 0.000000 0.000000 1.000000 0.000000
0.933045 0.359760 0.000000 134.422431 -0.359760 0.933045 0.000000 -27.493689 0.000000 0.000000 1.000000 0.000000
0.932951 0.360003 0.000000 135.295276 -0.360003 0.932951 0.000000 -27.835433 0.000000 0.000000 1.000000 0.000000
0.932950 0.360006 0.000000 135.896491 -0.360006 0.932950 0.000000 -28.073058 0.000000 0.000000 1.000000 0.000000
0.932783 0.360439 0.000000 136.508878 -0.360439 0.932783 0.000000 -28.312248 0.000000 0.000000 1.000000 0.000000
0.932869 0.360215 0.000000 137.109377 -0.360215 0.932869 0.000000 -28.548111 0.000000 0.000000 1.000000 0.000000
0.932745 0.360536 0.000000 137.705506 -0.360536 0.932745 0.000000 -28.794482 0.000000 0.000000 1.000000 0.000000
0.932239 0.361843 0.000000 138.589088 -0.361843 0.932239 0.000000 -29.148301 0.000000 0.000000 1.000000 0.000000
0.931895 0.362727 0.000000 139.165920 -0.362727 0.931895 0.000000 -29.385463 0.000000 0.000000 1.000000 0.000000
0.931449 0.363873 0.000000 139.753973 -0.363873 0.931449 0.000000 -29.617224 0.000000 0.000000 1.000000 0.000000
0.930789 0.365558 0.000000 140.299421 -0.365558 0.930789 0.000000 -29.848466 0.000000 0.000000 1.000000 0.000000
0.929877 0.367872 0.000000 141.057505 -0.367872 0.929877 0.000000 -30.167738 0.000000 0.000000 1.000000 0.000000
0.929260 0.369426 0.000000 141.636385 -0.369426 0.929260 0.000000 -30.408330 0.000000 0.000000 1.000000 0.000000
0.928946 0.370214 0.000000 142.216803 -0.370214 0.928946 0.000000 -30.649232 0.000000 0.000000 1.000000 0.000000
0.929294 0.369340 0.000000 142.796969 -0.369340 0.929294 0.000000 -30.892118 0.000000 0.000000 1.000000 0.000000
0.930079 0.367359 0.000000 143.375971 -0.367359 0.930079 0.000000 -31.128584 0.000000 0.000000 1.000000 0.000000
0.929580 0.368621 0.000000 144.494551 -0.368621 0.929580 0.000000 -31.590287 0.000000 0.000000 1.000000 0.000000
0.930257 0.366909 0.000000 145.034536 -0.366909 0.930257 0.000000 -31.800954 0.000000 0.000000 1.000000 0.000000
0.927473 0.373889 0.000000 145.594867 -0.373889 0.927473 0.000000 -32.013549 0.000000 0.000000 1.000000 0.000000
0.928057 0.372438 0.000000 146.154778 -0.372438 0.928057 0.000000 -32.240740 0.000000 0.000000 1.000000 0.000000
0.926833 0.375473 0.000000 146.684152 -0.375473 0.926833 0.000000 -32.460120 0.000000 0.000000 1.000000 0.000000
0.927251 0.374439 0.000000 147.248128 -0.374439 0.927251 0.000000 -32.702682 0.000000 0.000000 1.000000 0.000000
0.929261 0.369423 0.000000 147.932921 -0.369423 0.929261 0.000000 -32.998343 0.000000 0.000000 1.000000 0.000000
0.929648 0.368449 0.000000 148.477283 -0.368449 0.929648 0.000000 -33.238053 0.000000 0.000000 1.000000 0.000000
0.929346 0.369209 0.000000 148.993522 -0.369209 0.929346 0.000000 -33.459965 0.000000 0.000000 1.000000 0.000000
0.929151 0.369699 0.000000 149.552339 -0.369699 0.929151 0.000000 -33.693359 0.000000 0.000000 1.000000 0.000000
0.928695 0.370845 0.000000 150.101872 -0.370845 0.928695 0.000000 -33.933704 0.000000 0.000000 1.000000 0.000000
0.928340 0.371733 0.000000 150.615087 -0.371733 0.928340 0.000000 -34.152540 0.000000 0.000000 1.000000 0.000000
0.927713 0.373294 0.000000 151.170061 -0.373294 0.927713 0.000000 -34.383959 0.000000 0.000000 1.000000 0.000000
0.928748 0.370711 0.000000 151.690341 -0.370711 0.928748 0.000000 -34.599255 0.000000 0.000000 1.000000 0.000000
0.928264 0.371923 0.000000 152.237301 -0.371923 0.928264 0.000000 -34.823400 0.000000 0.000000 1.000000 0.000000
0.927374 0.374136 0.000000 152.784891 -0.374136 0.927374 0.000000 -35.045212 0.000000 0.000000 1.000000 0.000000
0.927247 0.374451 0.000000 153.479561 -0.374451 0.927247 0.000000 -35.340326 0.000000 0.000000 1.000000 0.000000
0.926300 0.376786 0.000000 153.992424 -0.376786 0.926300 0.000000 -35.552117 0.000000 0.000000 1.000000 0.000000
0.925608 0.378484 0.000000 154.538055 -0.378484 0.925608 0.000000 -35.778034 0.000000 0.000000 1.000000 0.000000
0.924968 0.380044 0.000000 155.045383 -0.380044 0.924968 0.000000 -35.996443 0.000000 0.000000 1.000000 0.000000
0.924621 0.380888 0.000000 155.583211 -0.380888 0.924621 0.000000 -36.213955 0.000000 0.000000 1.000000 0.000000
0.924440 0.381328 0.000000 156.098020 -0.381328 0.924440 0.000000 -36.425360 0.000000 0.000000 1.000000 0.000000
0.924263 0.381756 0.000000 156.796780 -0.381756 0.924263 0.000000 -36.712132 0.000000 0.000000 1.000000 0.000000
0.924198 0.381913 0.000000 157.299846 -0.381913 0.924198 0.000000 -36.919663 0.000000 0.000000 1.000000 0.000000
0.921582 0.388183 0.000000 157.830250 -0.388183 0.921582 0.000000 -37.155237 0.000000 0.000000 1.000000 0.000000
0.921633 0.388064 0.000000 158.327086 -0.388064 0.921633 0.000000 -37.372646 0.000000 0.000000 1.000000 0.000000
0.921040 0.389468 0.000000 158.865906 -0.389468 0.921040 0.000000 -37.602450 0.000000 0.000000 1.000000 0.000000
0.921016 0.389525 0.000000 159.369225 -0.389525 0.921016 0.000000 -37.815281 0.000000 0.000000 1.000000 0.000000
0.920738 0.390181 0.000000 160.087908 -0.390181 0.920738 0.000000 -38.134688 0.000000 0.000000 1.000000 0.000000
0.920473 0.390806 0.000000 160.625402 -0.390806 0.920473 0.000000 -38.367962 0.000000 0.000000 1.000000 0.000000
0.921231 0.389015 0.000000 161.161012 -0.389015 0.921231 0.000000 -38.593626 0.000000 0.000000 1.000000 0.000000
0.921803 0.387660 0.000000 161.691110 -0.387660 0.921803 0.000000 -38.813512 0.000000 0.000000 1.000000 0.000000
0.922277 0.386529 0.000000 162.211556 -0.386529 0.922277 0.000000 -39.031258 0.000000 0.000000 1.000000 0.000000
0.920858 0.389897 0.000000 162.732770 -0.389897 0.920858 0.000000 -39.258206 0.000000 0.000000 1.000000 0.000000
0.921349 0.388737 0.000000 163.271905 -0.388737 0.921349 0.000000 -39.502423 0.000000 0.000000 1.000000 0.000000
0.922193 0.386730 0.000000 163.787750 -0.386730 0.922193 0.000000 -39.727915 0.000000 0.000000 1.000000 0.000000
0.922949 0.384921 0.000000 164.315716 -0.384921 0.922949 0.000000 -39.961502 0.000000 0.000000 1.000000 0.000000
0.922879 0.385090 0.000000 164.857092 -0.385090 0.922879 0.000000 -40.201527 0.000000 0.000000 1.000000 0.000000
0.922656 0.385624 0.000000 165.352434 -0.385624 0.922656 0.000000 -40.410059 0.000000 0.000000 1.000000 0.000000
0.922478 0.386051 0.000000 165.882508 -0.386051 0.922478 0.000000 -40.640462 0.000000 0.000000 1.000000 0.000000
0.923283 0.384122 0.000000 166.384273 -0.384122 0.923283 0.000000 -40.852317 0.000000 0.000000 1.000000 0.000000
0.923326 0.384017 0.000000 166.911080 -0.384017 0.923326 0.000000 -41.088600 0.000000 0.000000 1.000000 0.000000
0.924630 0.380867 0.000000 167.419207 -0.380867 0.924630 0.000000 -41.325837 0.000000 0.000000 1.000000 0.000000
0.925596 0.378513 0.000000 167.957135 -0.378513 0.925596 0.000000 -41.558363 0.000000 0.000000 1.000000 0.000000
0.925936 0.377681 0.000000 168.442089 -0.377681 0.925936 0.000000 -41.777492 0.000000 0.000000 1.000000 0.000000
0.926876 0.375369 0.000000 168.965078 -0.375369 0.926876 0.000000 -42.015401 0.000000 0.000000 1.000000 0.000000
0.927663 0.373419 0.000000 169.447778 -0.373419 0.927663 0.000000 -42.229993 0.000000 0.000000 1.000000 0.000000
0.929374 0.369140 0.000000 169.985956 -0.369140 0.929374 0.000000 -42.463231 0.000000 0.000000 1.000000 0.000000
0.930296 0.366810 0.000000 170.687185 -0.366810 0.930296 0.000000 -42.753440 0.000000 0.000000 1.000000 0.000000
0.930189 0.367080 0.000000 171.225774 -0.367080 0.930189 0.000000 -42.945817 0.000000 0.000000 1.000000 0.000000
0.930735 0.365694 0.000000 171.706660 -0.365694 0.930735 0.000000 -43.153223 0.000000 0.000000 1.000000 0.000000
0.930060 0.367407 0.000000 172.246569 -0.367407 0.930060 0.000000 -43.371900 0.000000 0.000000 1.000000 0.000000
0.930382 0.366592 0.000000 172.910999 -0.366592 0.930382 0.000000 -43.629174 0.000000 0.000000 1.000000 0.000000
0.931514 0.363706 0.000000 173.959026 -0.363706 0.931514 0.000000 -44.041056 0.000000 0.000000 1.000000 0.000000
0.930883 0.365317 0.000000 174.473589 -0.365317 0.930883 0.000000 -44.243310 0.000000 0.000000 1.000000 0.000000
0.931399 0.364001 0.000000 175.011606 -0.364001 0.931399 0.000000 -44.441727 0.000000 0.000000 1.000000 0.000000
0.931043 0.364910 0.000000 175.539667 -0.364910 0.931043 0.000000 -44.656885 0.000000 0.000000 1.000000 0.000000
0.931362 0.364096 0.000000 176.074864 -0.364096 0.931362 0.000000 -44.863474 0.000000 0.000000 1.000000 0.000000
0.931507 0.363722 0.000000 176.593809 -0.363722 0.931507 0.000000 -45.049562 0.000000 0.000000 1.000000 0.000000
0.930929 0.365199 0.000000 177.140432 -0.365199 0.930929 0.000000 -45.254777 0.000000 0.000000 1.000000 0.000000
0.931130 0.364687 0.000000 177.666616 -0.364687 0.931130 0.000000 -45.459728 0.000000 0.000000 1.000000 0.000000
0.930407 0.366527 0.000000 178.154677 -0.366527 0.930407 0.000000 -45.648627 0.000000 0.000000 1.000000 0.000000
0.929983 0.367601 0.000000 178.627023 -0.367601 0.929983 0.000000 -45.838489 0.000000 0.000000 1.000000 0.000000
0.930276 0.366860 0.000000 179.155911 -0.366860 0.930276 0.000000 -46.030930 0.000000 0.000000 1.000000 0.000000
0.930752 0.365651 0.000000 179.646714 -0.365651 0.930752 0.000000 -46.210772 0.000000 0.000000 1.000000 0.000000
0.931688 0.363261 0.000000 180.158296 -0.363261 0.931688 0.000000 -46.390850 0.000000 0.000000 1.000000 0.000000
0.932078 0.362258 0.000000 180.650865 -0.362258 0.932078 0.000000 -46.567801 0.000000 0.000000 1.000000 0.000000
0.931909 0.362693 0.000000 181.164759 -0.362693 0.931909 0.000000 -46.763068 0.000000 0.000000 1.000000 0.000000
0.931892 0.362735 0.000000 181.636020 -0.362735 0.931892 0.000000 -46.944839 0.000000 0.000000 1.000000 0.000000
0.932980 0.359928 0.000000 182.131859 -0.359928 0.932980 0.000000 -47.134252 0.000000 0.000000 1.000000 0.000000
0.933422 0.358781 0.000000 182.598121 -0.358781 0.933422 0.000000 -47.308373 0.000000 0.000000 1.000000 0.000000
0.933409 0.358815 0.000000 183.107826 -0.358815 0.933409 0.000000 -47.496858 0.000000 0.000000 1.000000 0.000000
0.933342 0.358988 0.000000 183.583468 -0.358988 0.933342 0.000000 -47.667958 0.000000 0.000000 1.000000 0.000000
0.932777 0.360453 0.000000 184.089178 -0.360453 0.932777 0.000000 -47.856559 0.000000 0.000000 1.000000 0.000000
0.934098 0.357017 0.000000 184.699365 -0.357017 0.934098 0.000000 -48.104378 0.000000 0.000000 1.000000 0.000000
0.935588 0.353094 0.000000 185.191553 -0.353094 0.935588 0.000000 -48.284787 0.000000 0.000000 1.000000 0.000000
0.936969 0.349412 0.000000 185.671525 -0.349412 0.936969 0.000000 -48.477456 0.000000 0.000000 1.000000 0.000000
0.937177 0.348855 0.000000 186.141842 -0.348855 0.937177 0.000000 -48.650810 0.000000 0.000000 1.000000 0.000000
0.939472 0.342626 0.000000 186.819954 -0.342626 0.939472 0.000000 -48.906157 0.000000 0.000000 1.000000 0.000000
0.940157 0.340740 0.000000 187.321675 -0.340740 0.940157 0.000000 -49.090918 0.000000 0.000000 1.000000 0.000000
0.940876 0.338752 0.000000 187.824130 -0.338752 0.940876 0.000000 -49.276374 0.000000 0.000000 1.000000 0.000000
0.941915 0.335853 0.000000 188.312336 -0.335853 0.941915 0.000000 -49.457959 0.000000 0.000000 1.000000 0.000000
0.944167 0.329467 0.000000 188.801952 -0.329467 0.944167 0.000000 -49.630889 0.000000 0.000000 1.000000 0.000000
0.948032 0.318174 0.000000 189.776167 -0.318174 0.948032 0.000000 -49.974271 0.000000 0.000000 1.000000 0.000000
0.950056 0.312081 0.000000 190.249642 -0.312081 0.950056 0.000000 -50.117647 0.000000 0.000000 1.000000 0.000000
0.952406 0.304834 0.000000 190.720751 -0.304834 0.952406 0.000000 -50.278930 0.000000 0.000000 1.000000 0.000000
0.954801 0.297246 0.000000 191.170758 -0.297246 0.954801 0.000000 -50.422541 0.000000 0.000000 1.000000 0.000000
0.956948 0.290260 0.000000 191.651754 -0.290260 0.956948 0.000000 -50.563948 0.000000 0.000000 1.000000 0.000000
0.959474 0.281798 0.000000 192.107336 -0.281798 0.959474 0.000000 -50.698446 0.000000 0.000000 1.000000 0.000000
0.964836 0.262852 0.000000 193.029709 -0.262852 0.964836 0.000000 -50.959106 0.000000 0.000000 1.000000 0.000000
0.967206 0.253992 0.000000 193.506537 -0.253992 0.967206 0.000000 -51.087615 0.000000 0.000000 1.000000 0.000000
0.969874 0.243607 0.000000 193.954650 -0.243607 0.969874 0.000000 -51.203827 0.000000 0.000000 1.000000 0.000000
0.972620 0.232399 0.000000 194.626917 -0.232399 0.972620 0.000000 -51.352961 0.000000 0.000000 1.000000 0.000000
0.974914 0.222582 0.000000 195.090171 -0.222582 0.974914 0.000000 -51.466538 0.000000 0.000000 1.000000 0.000000
0.977176 0.212433 0.000000 195.557730 -0.212433 0.977176 0.000000 -51.586249 0.000000 0.000000 1.000000 0.000000
0.979208 0.202861 0.000000 195.993312 -0.202861 0.979208 0.000000 -51.688863 0.000000 0.000000 1.000000 0.000000
0.980863 0.194698 0.000000 196.461933 -0.194698 0.980863 0.000000 -51.785707 0.000000 0.000000 1.000000 0.000000
0.983630 0.180200 0.000000 196.923372 -0.180200 0.983630 0.000000 -51.898576 0.000000 0.000000 1.000000 0.000000
