0.999942 0.003081 0.010315 7.384864 -0.003105 0.999992 0.002338 -0.072655 -0.010307 -0.002370 0.999944 -0.066473
0.999950 0.003817 0.009199 8.016571 -0.003838 0.999990 0.002287 -0.080701 -0.009190 -0.002322 0.999955 -0.072112
0.999973 0.004686 0.005680 9.279068 -0.004708 0.999982 0.003804 -0.097273 -0.005662 -0.003831 0.999977 -0.083370
0.999975 0.004991 0.005057 9.914790 -0.005012 0.999979 0.004187 -0.106944 -0.005036 -0.004213 0.999978 -0.089006
0.999967 0.005012 0.006332 10.544343 -0.005044 0.999975 0.005037 -0.116800 -0.006307 -0.005068 0.999967 -0.094579
0.999950 0.006564 0.007504 11.171009 -0.006608 0.999961 0.005815 -0.126921 -0.007465 -0.005864 0.999955 -0.100119
0.999940 0.006574 0.008767 11.836860 -0.006625 0.999961 0.005893 -0.136041 -0.008728 -0.005951 0.999944 -0.106047
0.999940 0.005965 0.009195 12.454022 -0.006018 0.999966 0.005696 -0.142717 -0.009161 -0.005751 0.999942 -0.111587
0.999931 0.007548 0.008957 13.066669 -0.007592 0.999959 0.004990 -0.153534 -0.008919 -0.005058 0.999947 -0.116979
0.999926 0.008223 0.008962 13.688356 -0.008263 0.999956 0.004501 -0.166385 -0.008924 -0.004574 0.999950 -0.122404
0.999922 0.008614 0.009053 14.313922 -0.008670 0.999944 0.006114 -0.179281 -0.008999 -0.006192 0.999940 -0.127863
0.999925 0.007840 0.009365 14.927761 -0.007916 0.999936 0.008127 -0.189614 -0.009300 -0.008201 0.999923 -0.133279
0.999932 0.007246 0.009113 15.544665 -0.007328 0.999933 0.008966 -0.200416 -0.009048 -0.009033 0.999918 -0.138711
0.999929 0.006598 0.009972 16.151382 -0.006689 0.999936 0.009177 -0.209229 -0.009911 -0.009243 0.999908 -0.144100
0.999918 0.006445 0.011049 16.792073 -0.006558 0.999926 0.010247 -0.219064 -0.010983 -0.010318 0.999886 -0.149777
0.999908 0.007198 0.011529 17.370807 -0.007316 0.999921 0.010202 -0.229377 -0.011455 -0.010285 0.999881 -0.154869
0.999906 0.007817 0.011223 17.993326 -0.007936 0.999913 0.010562 -0.239731 -0.011140 -0.010650 0.999881 -0.160364
0.999893 0.008550 0.011904 18.611769 -0.008689 0.999894 0.011709 -0.251107 -0.011803 -0.011811 0.999861 -0.165796
0.999916 0.008083 0.010104 19.260897 -0.008201 0.999898 0.011723 -0.262604 -0.010008 -0.011805 0.999880 -0.171509
0.999941 0.007243 0.008150 19.884375 -0.007330 0.999916 0.010730 -0.271496 -0.008071 -0.010790 0.999909 -0.177051
0.999945 0.006952 0.007869 20.504775 -0.007029 0.999928 0.009768 -0.279101 -0.007801 -0.009823 0.999921 -0.182597
0.999947 0.006829 0.007737 21.123354 -0.006901 0.999932 0.009386 -0.285589 -0.007672 -0.009439 0.999926 -0.188155
0.999935 0.007020 0.008946 21.749995 -0.007106 0.999928 0.009652 -0.294210 -0.008877 -0.009715 0.999913 -0.193733
0.999913 0.007014 0.011170 22.379308 -0.007130 0.999920 0.010412 -0.302678 -0.011096 -0.010491 0.999883 -0.199339
0.999906 0.006991 0.011819 22.984379 -0.007116 0.999918 0.010609 -0.310973 -0.011744 -0.010692 0.999874 -0.204726
0.999901 0.007162 0.012138 23.616750 -0.007285 0.999922 0.010134 -0.319499 -0.012065 -0.010222 0.999875 -0.210359
0.999925 0.006294 0.010535 24.256956 -0.006398 0.999931 0.009835 -0.326422 -0.010472 -0.009902 0.999896 -0.216106
0.999925 0.006717 0.010242 24.857393 -0.006814 0.999932 0.009491 -0.335203 -0.010177 -0.009560 0.999903 -0.221438
0.999934 0.006514 0.009466 25.504713 -0.006602 0.999935 0.009325 -0.343101 -0.009405 -0.009387 0.999912 -0.227225
0.999932 0.006016 0.010018 26.129251 -0.006106 0.999941 0.009002 -0.350064 -0.009963 -0.009062 0.999909 -0.232826
0.999917 0.006505 0.011166 26.731485 -0.006597 0.999944 0.008289 -0.358460 -0.011111 -0.008362 0.999903 -0.238184
0.999914 0.006208 0.011574 27.351403 -0.006291 0.999954 0.007177 -0.366728 -0.011529 -0.007249 0.999907 -0.243709
0.999904 0.006302 0.012363 27.980817 -0.006404 0.999946 0.008220 -0.374730 -0.012311 -0.008298 0.999890 -0.249328
0.999913 0.006838 0.011323 28.603306 -0.006939 0.999937 0.008838 -0.383174 -0.011262 -0.008916 0.999897 -0.254872
0.999904 0.007217 0.011870 29.183427 -0.007316 0.999939 0.008257 -0.391663 -0.011810 -0.008343 0.999895 -0.260023
0.999890 0.006748 0.013233 29.817781 -0.006849 0.999947 0.007644 -0.401084 -0.013181 -0.007734 0.999883 -0.265652
0.999904 0.005994 0.012515 30.401086 -0.006098 0.999947 0.008252 -0.407364 -0.012465 -0.008328 0.999888 -0.270889
0.999909 0.006531 0.011782 31.009379 -0.006634 0.999940 0.008714 -0.415769 -0.011725 -0.008792 0.999893 -0.276302
0.999905 0.007254 0.011713 31.635644 -0.007351 0.999939 0.008245 -0.424724 -0.011652 -0.008331 0.999897 -0.281868
0.999903 0.006597 0.012267 32.447455 -0.006698 0.999944 0.008186 -0.435446 -0.012212 -0.008267 0.999891 -0.289106
0.999904 0.006228 0.012401 33.068334 -0.006320 0.999953 0.007365 -0.442251 -0.012355 -0.007443 0.999896 -0.294677
0.999895 0.006116 0.013136 33.692774 -0.006218 0.999951 0.007673 -0.449953 -0.013088 -0.007754 0.999884 -0.300258
0.999863 0.006226 0.015354 34.324430 -0.006350 0.999948 0.008001 -0.458028 -0.015304 -0.008098 0.999850 -0.305896
0.999883 0.006917 0.013649 34.958175 -0.007022 0.999946 0.007609 -0.467077 -0.013595 -0.007703 0.999878 -0.311529
0.999914 0.007794 0.010559 35.597294 -0.007871 0.999943 0.007208 -0.477593 -0.010502 -0.007290 0.999918 -0.317174
0.999918 0.009012 0.009075 36.230157 -0.009082 0.999929 0.007708 -0.489305 -0.009005 -0.007789 0.999929 -0.322731
0.999919 0.009541 0.008467 36.870981 -0.009610 0.999920 0.008172 -0.500584 -0.008388 -0.008253 0.999931 -0.328372
0.999905 0.010658 0.008797 37.504417 -0.010726 0.999913 0.007676 -0.513923 -0.008715 -0.007770 0.999932 -0.333893
0.999897 0.010072 0.010244 38.140300 -0.010145 0.999923 0.007110 -0.523511 -0.010172 -0.007213 0.999922 -0.339532
0.999880 0.010344 0.011513 38.766718 -0.010429 0.999919 0.007334 -0.535137 -0.011436 -0.007453 0.999907 -0.345031
0.999878 0.011128 0.010936 39.401008 -0.011224 0.999899 0.008747 -0.547343 -0.010838 -0.008869 0.999902 -0.350589
0.999864 0.010644 0.012612 40.045507 -0.010753 0.999905 0.008586 -0.556297 -0.012519 -0.008720 0.999884 -0.356323
0.999868 0.011310 0.011650 40.699883 -0.011404 0.999903 0.008042 -0.568226 -0.011558 -0.008173 0.999900 -0.362074
0.999889 0.011338 0.009661 41.303723 -0.011416 0.999903 0.008027 -0.581290 -0.009569 -0.008137 0.999921 -0.367327
0.999882 0.011719 0.009907 41.949663 -0.011799 0.999898 0.008099 -0.594859 -0.009811 -0.008215 0.999918 -0.372958
0.999885 0.011536 0.009857 42.581181 -0.011622 0.999894 0.008763 -0.604519 -0.009755 -0.008877 0.999913 -0.378555
0.999813 0.012334 0.014892 43.237202 -0.012489 0.999868 0.010363 -0.616830 -0.014762 -0.010547 0.999835 -0.384310
0.999609 0.012552 0.024973 43.881718 -0.012918 0.999811 0.014542 -0.630041 -0.024786 -0.014859 0.999582 -0.389937
0.999229 0.012316 0.037267 44.514443 -0.013009 0.999746 0.018410 -0.643337 -0.037031 -0.018881 0.999136 -0.395452
0.998616 0.013111 0.050940 45.153843 -0.014129 0.999707 0.019678 -0.657560 -0.050667 -0.020371 0.998508 -0.401005
0.998308 0.013367 0.056591 45.790722 -0.014538 0.999688 0.020323 -0.671170 -0.056302 -0.021112 0.998191 -0.406551
0.998533 0.014376 0.052208 46.436206 -0.015550 0.999634 0.022149 -0.686767 -0.051870 -0.022928 0.998391 -0.412126
0.999013 0.015656 0.041577 47.089825 -0.016708 0.999546 0.025078 -0.702393 -0.041166 -0.025748 0.998821 -0.417775
0.999346 0.016724 0.032065 47.749842 -0.017554 0.999513 0.025783 -0.718540 -0.031618 -0.026329 0.999153 -0.423470
0.999441 0.017649 0.028391 48.366535 -0.018358 0.999521 0.024902 -0.733029 -0.027938 -0.025410 0.999287 -0.428806
0.999383 0.017107 0.030671 49.016402 -0.017828 0.999568 0.023377 -0.749509 -0.030258 -0.023909 0.999256 -0.434399
0.999293 0.017200 0.033429 49.660245 -0.017983 0.999568 0.023266 -0.768162 -0.033014 -0.023851 0.999170 -0.439880
0.999296 0.017157 0.033350 50.306283 -0.017942 0.999566 0.023379 -0.784295 -0.032935 -0.023961 0.999170 -0.445446
0.999326 0.017723 0.032149 50.952451 -0.018520 0.999524 0.024691 -0.801599 -0.031697 -0.025269 0.999178 -0.450984
0.999366 0.017854 0.030818 51.594476 -0.018622 0.999519 0.024818 -0.819272 -0.030360 -0.025376 0.999217 -0.456474
0.999389 0.017557 0.030216 52.217523 -0.018289 0.999541 0.024133 -0.834993 -0.029778 -0.024671 0.999252 -0.461837
0.999359 0.017377 0.031311 52.871820 -0.018157 0.999527 0.024806 -0.851918 -0.030865 -0.025359 0.999202 -0.467460
0.999319 0.017544 0.032476 53.531398 -0.018375 0.999507 0.025472 -0.868019 -0.032013 -0.026052 0.999148 -0.473152
0.999296 0.017491 0.033189 54.203231 -0.018321 0.999523 0.024868 -0.885582 -0.032738 -0.025458 0.999140 -0.478920
0.999268 0.017336 0.034115 54.870404 -0.018188 0.999527 0.024813 -0.901994 -0.033669 -0.025415 0.999110 -0.484675
0.999307 0.016409 0.033425 55.537659 -0.017223 0.999559 0.024208 -0.916848 -0.033013 -0.024767 0.999148 -0.490470
0.999409 0.015548 0.030665 56.588777 -0.016236 0.999619 0.022326 -0.941112 -0.030306 -0.022811 0.999280 -0.499576
0.999511 0.014921 0.027483 57.303544 -0.015512 0.999651 0.021404 -0.956684 -0.027154 -0.021820 0.999393 -0.505793
0.999550 0.014768 0.026115 57.968747 -0.015273 0.999698 0.019229 -0.969580 -0.025823 -0.019619 0.999474 -0.511619
0.999589 0.013784 0.025149 58.647352 -0.014241 0.999735 0.018089 -0.980727 -0.024893 -0.018439 0.999520 -0.517613
0.999540 0.013106 0.027360 59.323286 -0.013582 0.999758 0.017295 -0.992301 -0.027127 -0.017658 0.999476 -0.523572
0.999466 0.012499 0.030176 59.998773 -0.012966 0.999798 0.015354 -1.003008 -0.029978 -0.015737 0.999427 -0.529548
0.999489 0.012281 0.029510 60.667128 -0.012643 0.999847 0.012109 -1.015088 -0.029357 -0.012476 0.999491 -0.535424
0.999636 0.011682 0.024326 61.313144 -0.011946 0.999871 0.010749 -1.023389 -0.024198 -0.011036 0.999646 -0.541190
0.999778 0.012674 0.016861 62.670876 -0.012876 0.999846 0.011960 -1.047476 -0.016706 -0.012174 0.999786 -0.553138
0.999643 0.013933 0.022807 63.343412 -0.014216 0.999823 0.012320 -1.061507 -0.022632 -0.012640 0.999664 -0.559002
0.999364 0.014204 0.032699 63.998999 -0.014582 0.999829 0.011360 -1.074044 -0.032532 -0.011829 0.999401 -0.564748
0.999006 0.014885 0.042018 64.653298 -0.015371 0.999818 0.011260 -1.087803 -0.041843 -0.011895 0.999053 -0.570451
0.998778 0.015866 0.046812 65.302530 -0.016434 0.999796 0.011771 -1.102273 -0.046615 -0.012526 0.998834 -0.576089
0.998778 0.016123 0.046721 65.980302 -0.016741 0.999777 0.012862 -1.115917 -0.046503 -0.013629 0.998825 -0.582012
0.998875 0.017064 0.044255 66.614937 -0.017667 0.999756 0.013268 -1.129182 -0.044017 -0.014035 0.998932 -0.587546
0.998990 0.017101 0.041540 67.217372 -0.017717 0.999738 0.014521 -1.143115 -0.041281 -0.015242 0.999031 -0.592765
0.999045 0.017515 0.040022 67.852807 -0.018125 0.999724 0.014928 -1.158577 -0.039749 -0.015639 0.999087 -0.598250
0.999052 0.018376 0.039455 68.440765 -0.018980 0.999708 0.014975 -1.175232 -0.039168 -0.015709 0.999109 -0.603265
0.999064 0.019006 0.038859 69.063338 -0.019637 0.999680 0.015931 -1.192026 -0.038543 -0.016679 0.999118 -0.608597
0.999115 0.019212 0.037420 69.677368 -0.019858 0.999659 0.016963 -1.207214 -0.037081 -0.017691 0.999156 -0.613891
0.999150 0.019824 0.036153 70.258035 -0.020468 0.999637 0.017535 -1.222161 -0.035792 -0.018260 0.999192 -0.618883
0.999160 0.019587 0.036005 70.879703 -0.020227 0.999642 0.017500 -1.237086 -0.035649 -0.018214 0.999198 -0.624254
0.999150 0.018836 0.036660 71.490713 -0.019494 0.999654 0.017678 -1.251232 -0.036315 -0.018377 0.999171 -0.629547
0.999095 0.019400 0.037864 72.057677 -0.020082 0.999641 0.017726 -1.266160 -0.037506 -0.018471 0.999126 -0.634412
0.999076 0.019075 0.038523 72.677709 -0.019790 0.999637 0.018260 -1.281249 -0.038160 -0.019006 0.999091 -0.639764
0.999049 0.019336 0.039071 73.258894 -0.020058 0.999634 0.018163 -1.297716 -0.038705 -0.018929 0.999071 -0.644722
0.999040 0.020266 0.038836 73.876606 -0.020998 0.999608 0.018537 -1.314426 -0.038445 -0.019335 0.999074 -0.650011
0.999082 0.019500 0.038152 74.503884 -0.020213 0.999626 0.018400 -1.328495 -0.037779 -0.019154 0.999103 -0.655456
0.999099 0.018855 0.038031 75.372227 -0.019534 0.999655 0.017549 -1.350373 -0.037687 -0.018277 0.999122 -0.662933
0.999056 0.019716 0.038704 75.971383 -0.020420 0.999631 0.017886 -1.367389 -0.038337 -0.018660 0.999091 -0.668042
0.999025 0.019777 0.039469 76.584876 -0.020526 0.999615 0.018656 -1.383132 -0.039085 -0.019448 0.999047 -0.673317
0.999029 0.019484 0.039524 77.186938 -0.020220 0.999628 0.018309 -1.397671 -0.039153 -0.019090 0.999051 -0.678517
0.999029 0.019736 0.039390 77.785821 -0.020515 0.999600 0.019467 -1.414692 -0.038990 -0.020256 0.999034 -0.683624
0.999081 0.019900 0.037956 78.391329 -0.020686 0.999577 0.020434 -1.432940 -0.037533 -0.021201 0.999070 -0.688762
0.999126 0.020069 0.036662 79.028750 -0.020769 0.999607 0.018811 -1.452736 -0.036270 -0.019556 0.999151 -0.694155
0.999134 0.020426 0.036262 79.619666 -0.021071 0.999625 0.017505 -1.470052 -0.035891 -0.018254 0.999189 -0.699181
0.999133 0.020961 0.035983 80.206662 -0.021603 0.999613 0.017543 -1.488034 -0.035601 -0.018305 0.999198 -0.704153
0.999059 0.021571 0.037631 81.383779 -0.022267 0.999587 0.018152 -1.521407 -0.037224 -0.018973 0.999127 -0.714194
0.999095 0.021729 0.036572 81.981629 -0.022406 0.999583 0.018190 -1.538826 -0.036161 -0.018993 0.999165 -0.719281
0.999143 0.021489 0.035374 82.567585 -0.022137 0.999592 0.018045 -1.556525 -0.034972 -0.018812 0.999211 -0.724252
0.999155 0.021645 0.034929 83.138009 -0.022313 0.999573 0.018851 -1.572815 -0.034506 -0.019615 0.999212 -0.729114
0.999147 0.021846 0.035032 83.709411 -0.022555 0.999546 0.019978 -1.588734 -0.034580 -0.020751 0.999186 -0.733995
0.999119 0.022540 0.035393 84.283844 -0.023276 0.999518 0.020524 -1.606376 -0.034913 -0.021330 0.999163 -0.738860
0.999063 0.023157 0.036550 84.855696 -0.023934 0.999494 0.020954 -1.623025 -0.036047 -0.021809 0.999112 -0.743727
0.999084 0.022226 0.036572 85.429206 -0.023029 0.999499 0.021699 -1.634406 -0.036071 -0.022521 0.999095 -0.748743
0.999056 0.022132 0.037381 85.985358 -0.022951 0.999503 0.021620 -1.649321 -0.036884 -0.022458 0.999067 -0.753508
0.999037 0.022602 0.037604 86.524569 -0.023444 0.999481 0.022104 -1.666454 -0.037085 -0.022964 0.999048 -0.758061
0.999027 0.022935 0.037660 87.074149 -0.023791 0.999465 0.022463 -1.683416 -0.037125 -0.023337 0.999038 -0.762713
0.999004 0.024086 0.037566 87.620056 -0.024915 0.999453 0.021764 -1.702703 -0.037021 -0.022678 0.999057 -0.767273
0.998997 0.024829 0.037263 88.174568 -0.025626 0.999450 0.021056 -1.720675 -0.036720 -0.021990 0.999084 -0.771945
0.999003 0.025926 0.036346 88.691675 -0.026669 0.999442 0.020101 -1.738309 -0.035805 -0.021051 0.999137 -0.776280
0.999007 0.026980 0.035465 89.237848 -0.027679 0.999429 0.019372 -1.757182 -0.034922 -0.020334 0.999183 -0.780852
0.999023 0.028039 0.034159 89.765864 -0.028712 0.999400 0.019389 -1.774227 -0.033595 -0.020351 0.999228 -0.785303
0.999063 0.028898 0.032216 90.288112 -0.029548 0.999366 0.019876 -1.792349 -0.031621 -0.020810 0.999283 -0.789673
0.999085 0.029283 0.031167 90.832679 -0.029928 0.999343 0.020442 -1.809858 -0.030548 -0.021356 0.999305 -0.794266
0.999067 0.030085 0.030999 91.347512 -0.030721 0.999323 0.020228 -1.828676 -0.030370 -0.021162 0.999315 -0.798549
0.999050 0.030824 0.030802 91.835203 -0.031440 0.999311 0.019713 -1.847041 -0.030173 -0.020663 0.999331 -0.802594
0.999046 0.031302 0.030437 92.361302 -0.031906 0.999299 0.019578 -1.866874 -0.029803 -0.020530 0.999345 -0.806956
0.999006 0.031643 0.031410 92.882031 -0.032296 0.999268 0.020505 -1.885649 -0.030738 -0.021499 0.999296 -0.811295
0.998934 0.032733 0.032553 93.375777 -0.033413 0.999230 0.020576 -1.903614 -0.031855 -0.021641 0.999258 -0.815406
0.998840 0.034537 0.033544 93.926567 -0.035213 0.999184 0.019780 -1.927651 -0.032834 -0.020938 0.999241 -0.819889
0.998779 0.036101 0.033724 94.468826 -0.036777 0.999130 0.019672 -1.950765 -0.032985 -0.020888 0.999238 -0.824317
0.998769 0.036968 0.033071 94.960175 -0.037628 0.999100 0.019578 -1.972318 -0.032318 -0.020799 0.999261 -0.828314
0.998721 0.039121 0.032041 95.477383 -0.039770 0.999011 0.019865 -1.995954 -0.031232 -0.021114 0.999289 -0.832497
0.998659 0.040583 0.032149 95.958516 -0.041209 0.998969 0.019034 -2.017184 -0.031344 -0.020333 0.999302 -0.836408
0.998540 0.042242 0.033654 96.462942 -0.042819 0.998945 0.016610 -2.040458 -0.032917 -0.018027 0.999296 -0.840482
0.998388 0.044325 0.035444 97.141474 -0.044873 0.998883 0.014830 -2.073385 -0.034747 -0.016397 0.999262 -0.845921
0.998318 0.045802 0.035536 97.650934 -0.046279 0.998847 0.012736 -2.097340 -0.034912 -0.014359 0.999287 -0.850024
0.998281 0.047728 0.034006 98.144102 -0.048158 0.998768 0.011963 -2.123175 -0.033393 -0.013580 0.999350 -0.853929
0.998202 0.050361 0.032512 98.641907 -0.050759 0.998644 0.011545 -2.152098 -0.031886 -0.013174 0.999405 -0.857798
0.998074 0.052340 0.033289 99.141610 -0.052763 0.998535 0.011963 -2.180308 -0.032614 -0.013696 0.999374 -0.861702
0.997910 0.054019 0.035460 99.629373 -0.054488 0.998438 0.012378 -2.209371 -0.034736 -0.014284 0.999294 -0.865475
0.997689 0.055657 0.038979 100.105273 -0.056163 0.998350 0.011999 -2.237592 -0.038247 -0.014160 0.999168 -0.869159
0.997331 0.059218 0.042708 101.056052 -0.059772 0.998142 0.011805 -2.298280 -0.041929 -0.014326 0.999018 -0.876409
0.997252 0.060525 0.042713 101.524519 -0.061093 0.998058 0.012134 -2.329271 -0.041895 -0.014710 0.999014 -0.879954
0.997072 0.063038 0.043286 101.991491 -0.063632 0.997895 0.012475 -2.362279 -0.042409 -0.015193 0.998985 -0.883434
0.996867 0.065760 0.043942 102.460905 -0.066371 0.997715 0.012604 -2.394428 -0.043013 -0.015481 0.998955 -0.886958
0.996617 0.068820 0.044927 102.934658 -0.069494 0.997489 0.013622 -2.428170 -0.043877 -0.016698 0.998897 -0.890481
0.996315 0.071922 0.046735 103.407949 -0.072587 0.997281 0.012681 -2.463530 -0.045696 -0.016027 0.998827 -0.893959
0.996023 0.074685 0.048589 103.890225 -0.075377 0.997076 0.012577 -2.500815 -0.047508 -0.016189 0.998740 -0.897471
0.995692 0.077860 0.050350 104.360901 -0.078627 0.996814 0.013430 -2.539875 -0.049144 -0.017331 0.998641 -0.900831
0.995309 0.080902 0.053064 104.830834 -0.081667 0.996582 0.012409 -2.580148 -0.051879 -0.016684 0.998514 -0.904153
0.994930 0.084326 0.054802 105.279753 -0.085126 0.996293 0.012432 -2.620768 -0.053550 -0.017035 0.998420 -0.907272
0.994674 0.086522 0.056017 105.710693 -0.087367 0.996094 0.012827 -2.660429 -0.054689 -0.017652 0.998347 -0.910248
0.994322 0.089258 0.057936 106.166079 -0.090182 0.995833 0.013535 -2.702497 -0.056486 -0.018683 0.998229 -0.913390
0.993803 0.092334 0.061895 106.622065 -0.093457 0.995503 0.015503 -2.747831 -0.060185 -0.021191 0.997962 -0.916454
0.993225 0.095324 0.066457 107.072799 -0.096493 0.995227 0.014606 -2.792460 -0.064748 -0.020919 0.997682 -0.919487
0.992615 0.099283 0.069706 107.504392 -0.100375 0.994873 0.012325 -2.838524 -0.068125 -0.019231 0.997491 -0.922307
0.992057 0.102762 0.072546 107.938008 -0.103933 0.994505 0.012546 -2.884773 -0.070858 -0.019986 0.997286 -0.925141
0.991507 0.106769 0.074264 108.380345 -0.108071 0.994048 0.013737 -2.933361 -0.072355 -0.021646 0.997144 -0.927995
0.990818 0.111578 0.076360 108.809077 -0.113091 0.993459 0.015774 -2.981328 -0.074101 -0.024265 0.996956 -0.930740
0.990117 0.117425 0.076679 109.235212 -0.119118 0.992719 0.017875 -3.030647 -0.074021 -0.026833 0.996896 -0.933426
0.989480 0.123557 0.075259 109.657911 -0.125167 0.991989 0.017051 -3.083544 -0.072550 -0.026292 0.997018 -0.935990
0.988825 0.128216 0.076069 110.055224 -0.129839 0.991393 0.016763 -3.136451 -0.073265 -0.026452 0.996962 -0.938318
0.988255 0.132656 0.075864 110.469969 -0.134147 0.990850 0.014888 -3.193627 -0.073195 -0.024890 0.997007 -0.940699
0.987803 0.136783 0.074406 110.863361 -0.138194 0.990304 0.014136 -3.250365 -0.071751 -0.024246 0.997128 -0.942893
0.987370 0.140951 0.072340 111.274428 -0.142455 0.989671 0.016037 -3.312896 -0.069332 -0.026140 0.997251 -0.945103
0.987230 0.143528 0.069110 111.667965 -0.145033 0.989276 0.017248 -3.371760 -0.065893 -0.027051 0.997460 -0.947245
0.987141 0.146432 0.064105 112.034056 -0.147883 0.988832 0.018490 -3.428403 -0.060682 -0.027732 0.997772 -0.949189
0.987019 0.149813 0.057883 112.427911 -0.151084 0.988353 0.018223 -3.493293 -0.054479 -0.026732 0.998157 -0.951180
0.986832 0.153245 0.051759 112.825571 -0.154332 0.987861 0.017673 -3.557164 -0.048423 -0.025428 0.998503 -0.953232
0.986489 0.157279 0.045860 113.369487 -0.158068 0.987327 0.014102 -3.646567 -0.043061 -0.021160 0.998848 -0.955987
0.986204 0.159890 0.042848 113.782907 -0.160370 0.987025 0.007993 -3.715855 -0.041014 -0.014754 0.999050 -0.958047
0.985760 0.162688 0.042530 114.191062 -0.163034 0.986609 0.004771 -3.787059 -0.041184 -0.011636 0.999084 -0.960009
0.985118 0.165653 0.045833 114.591444 -0.166010 0.986116 0.004074 -3.856944 -0.044522 -0.011623 0.998941 -0.961934
0.984578 0.168267 0.047871 114.992408 -0.168581 0.985685 0.002565 -3.929003 -0.046754 -0.010595 0.998850 -0.963808
0.984255 0.169645 0.049614 115.396822 -0.170001 0.985439 0.003012 -4.001742 -0.048381 -0.011399 0.998764 -0.965696
0.984006 0.171231 0.049110 115.800787 -0.171623 0.985155 0.003837 -4.076918 -0.047724 -0.012205 0.998786 -0.967519
0.983992 0.171827 0.047276 116.223875 -0.172153 0.985066 0.002891 -4.153005 -0.046073 -0.010984 0.998878 -0.969495
0.983940 0.172845 0.044572 116.962365 -0.173046 0.984914 0.000647 -4.290802 -0.043788 -0.008349 0.999006 -0.972818
0.983864 0.173600 0.043293 117.391007 -0.173752 0.984789 -0.000245 -4.372529 -0.042677 -0.007281 0.999062 -0.974702
0.983779 0.174262 0.042571 117.831166 -0.174435 0.984669 0.000352 -4.454039 -0.041857 -0.007772 0.999093 -0.976698
0.983508 0.175765 0.042642 118.264949 -0.176050 0.984377 0.002990 -4.536254 -0.041451 -0.010448 0.999086 -0.978617
0.983286 0.176917 0.043008 118.696329 -0.177308 0.984141 0.005407 -4.618481 -0.041370 -0.012942 0.999060 -0.980513
0.983203 0.177552 0.042281 119.132514 -0.177987 0.984010 0.006737 -4.700684 -0.040408 -0.014149 0.999083 -0.982455
0.983252 0.177732 0.040331 119.574118 -0.178165 0.983973 0.007384 -4.783780 -0.038372 -0.014446 0.999159 -0.984424
0.983147 0.178759 0.038318 120.019165 -0.179166 0.983791 0.007455 -4.867010 -0.036364 -0.014194 0.999238 -0.986421
0.982957 0.180245 0.036168 120.459464 -0.180625 0.983523 0.007501 -4.950373 -0.034220 -0.013906 0.999318 -0.988371
0.982722 0.182003 0.033651 120.906688 -0.182356 0.983202 0.007710 -5.036460 -0.031683 -0.013713 0.999404 -0.990316
0.982500 0.183578 0.031504 121.357775 -0.183970 0.982881 0.010018 -5.121773 -0.029126 -0.015639 0.999453 -0.992316
0.982287 0.185556 0.026101 122.185946 -0.185958 0.982459 0.013902 -5.281123 -0.023064 -0.018510 0.999563 -0.995920
0.981968 0.187513 0.024041 122.633569 -0.187869 0.982102 0.013488 -5.371542 -0.021081 -0.017762 0.999620 -0.997758
0.981685 0.189156 0.022693 123.079693 -0.189486 0.981792 0.013405 -5.460404 -0.019744 -0.017459 0.999653 -0.999622
0.981380 0.191008 0.020237 123.537576 -0.191323 0.981414 0.014934 -5.553738 -0.017008 -0.018528 0.999684 -1.001481
0.981014 0.193070 0.018301 123.994443 -0.193397 0.980953 0.018148 -5.648426 -0.014448 -0.021343 0.999668 -1.003295
0.980566 0.195447 0.017076 124.452768 -0.195785 0.980420 0.021090 -5.742080 -0.012619 -0.024024 0.999632 -1.005150
0.980399 0.196470 0.014763 124.909789 -0.196773 0.980176 0.023120 -5.839440 -0.009928 -0.025572 0.999624 -1.006899
0.980185 0.197634 0.013362 125.371645 -0.197903 0.979945 0.023283 -5.938549 -0.008493 -0.025466 0.999640 -1.008647
0.980009 0.198492 0.013521 125.873715 -0.198770 0.979754 0.023919 -6.046026 -0.008500 -0.026128 0.999622 -1.010554
0.979681 0.200086 0.013804 126.310601 -0.200372 0.979425 0.024038 -6.140799 -0.008710 -0.026316 0.999616 -1.012182
0.979137 0.202691 0.014376 126.805980 -0.202993 0.978881 0.024195 -6.249697 -0.009169 -0.026608 0.999604 -1.013992
0.978869 0.203919 0.015223 127.270079 -0.204255 0.978591 0.025289 -6.352453 -0.009740 -0.027864 0.999564 -1.015668
0.978729 0.204612 0.014968 127.745373 -0.204954 0.978403 0.026861 -6.455297 -0.009149 -0.029357 0.999527 -1.017446
0.978462 0.205948 0.014074 128.219238 -0.206284 0.978053 0.029329 -6.560811 -0.007725 -0.031600 0.999471 -1.019142
0.978668 0.205017 0.013299 128.697011 -0.205336 0.978220 0.030380 -6.655209 -0.006780 -0.032463 0.999450 -1.021158
0.978508 0.205821 0.012670 129.169139 -0.206126 0.978019 0.031463 -6.758050 -0.005916 -0.033399 0.999425 -1.022906
0.978391 0.206364 0.012822 129.636997 -0.206672 0.977912 0.031227 -6.856924 -0.006095 -0.033202 0.999430 -1.024716
0.978167 0.207398 0.013225 130.110710 -0.207703 0.977764 0.028933 -6.959903 -0.006930 -0.031048 0.999494 -1.026476
0.977901 0.208583 0.014266 130.563483 -0.208901 0.977577 0.026527 -7.061126 -0.008413 -0.028921 0.999546 -1.028087
0.977593 0.209933 0.015514 131.033123 -0.210258 0.977360 0.023633 -7.165400 -0.010202 -0.026365 0.999600 -1.029775
0.977146 0.211928 0.016518 131.513751 -0.212275 0.976933 0.023250 -7.273724 -0.011209 -0.026225 0.999593 -1.031463
0.976784 0.213757 0.014204 132.310289 -0.214088 0.976396 0.028598 -7.454637 -0.007756 -0.030975 0.999490 -1.034224
0.976796 0.213834 0.011995 132.794461 -0.214103 0.976358 0.029739 -7.562765 -0.005352 -0.031617 0.999486 -1.035949
0.976758 0.214021 0.011756 133.778552 -0.214248 0.976492 0.023704 -7.783483 -0.006406 -0.025672 0.999650 -1.039432
0.976561 0.214856 0.012878 134.267512 -0.215086 0.976382 0.020400 -7.893933 -0.008190 -0.022691 0.999709 -1.041142
0.976198 0.216300 0.015871 134.768497 -0.216592 0.976061 0.019807 -8.008306 -0.011207 -0.022773 0.999678 -1.042864
0.975827 0.217767 0.018432 135.267501 -0.218150 0.975664 0.022165 -8.121784 -0.013157 -0.025650 0.999584 -1.044590
0.975664 0.218423 0.019286 135.763479 -0.218850 0.975468 0.023802 -8.233947 -0.013614 -0.027444 0.999531 -1.046322
0.975633 0.218584 0.019018 136.255948 -0.218977 0.975485 0.021881 -8.345186 -0.013769 -0.025512 0.999580 -1.048044
0.975502 0.219080 0.019977 136.797074 -0.219462 0.975426 0.019499 -8.470167 -0.015214 -0.023406 0.999610 -1.049867
0.975350 0.219702 0.020597 137.281887 -0.220060 0.975336 0.017113 -8.583880 -0.016329 -0.021224 0.999641 -1.051456
0.974766 0.222268 0.020690 137.796270 -0.222619 0.974766 0.016523 -8.706137 -0.016495 -0.020713 0.999649 -1.053101
0.974466 0.223728 0.019007 138.317872 -0.224057 0.974421 0.017373 -8.832341 -0.014634 -0.021187 0.999668 -1.054712
0.974134 0.225324 0.017087 138.791968 -0.225626 0.974040 0.018437 -8.951770 -0.012489 -0.021815 0.999684 -1.056056
0.974067 0.225707 0.015781 139.303770 -0.225992 0.973934 0.019494 -9.076335 -0.010970 -0.022555 0.999685 -1.057618
0.973892 0.226492 0.015337 139.824601 -0.226774 0.973738 0.020195 -9.202252 -0.010360 -0.023146 0.999678 -1.059230
0.973975 0.226185 0.014557 140.306838 -0.226449 0.973814 0.020163 -9.315379 -0.009615 -0.022935 0.999691 -1.060810
0.973836 0.226823 0.013951 140.832466 -0.227075 0.973663 0.020445 -9.440726 -0.008947 -0.023078 0.999694 -1.062480
0.973684 0.227465 0.014136 141.364707 -0.227726 0.973500 0.020947 -9.569784 -0.008996 -0.023615 0.999681 -1.064117
0.973336 0.228948 0.014152 141.982210 -0.229214 0.973138 0.021522 -9.720631 -0.008844 -0.024192 0.999668 -1.065987
0.973183 0.229581 0.014434 142.543928 -0.229855 0.972984 0.021667 -9.855943 -0.009070 -0.024404 0.999661 -1.067737
0.972950 0.230561 0.014523 143.042463 -0.230832 0.972765 0.021112 -9.977234 -0.009260 -0.023894 0.999672 -1.069260
0.972390 0.232897 0.014689 143.572697 -0.233165 0.972224 0.020377 -10.110364 -0.009535 -0.023239 0.999684 -1.070775
0.971576 0.236278 0.014557 144.101971 -0.236539 0.971415 0.020032 -10.244819 -0.009408 -0.022906 0.999693 -1.072247
0.970748 0.239687 0.014094 144.636913 -0.239925 0.970611 0.018735 -10.381965 -0.009189 -0.021568 0.999725 -1.073702
0.967544 0.252560 0.008536 148.497238 -0.252672 0.967404 0.016907 -11.412588 -0.003987 -0.018515 0.999821 -1.083165
0.967431 0.253019 0.007695 149.018921 -0.253117 0.967283 0.017174 -11.553473 -0.003098 -0.018562 0.999823 -1.084403
0.967177 0.254000 0.007321 150.180542 -0.254082 0.967077 0.014299 -11.870953 -0.003448 -0.015690 0.999871 -1.087063
0.967312 0.253497 0.006852 151.300586 -0.253559 0.967260 0.010798 -12.173618 -0.003890 -0.012182 0.999918 -1.089716
0.967296 0.253567 0.006517 151.866438 -0.253622 0.967254 0.009826 -12.327556 -0.003812 -0.011157 0.999930 -1.091030
0.967468 0.252931 0.005641 152.427981 -0.252973 0.967432 0.008938 -12.478372 -0.003196 -0.010074 0.999944 -1.092384
0.967587 0.252497 0.004459 152.993260 -0.252523 0.967566 0.006934 -12.630682 -0.002563 -0.007835 0.999966 -1.093734
0.967786 0.251727 0.004828 153.550949 -0.251748 0.967782 0.004597 -12.782953 -0.003515 -0.005664 0.999978 -1.095015
0.967913 0.251231 0.005185 154.111275 -0.251246 0.967920 0.002440 -12.936191 -0.004406 -0.003665 0.999984 -1.096296
0.967950 0.251086 0.005349 154.683218 -0.251093 0.967963 0.000736 -13.091912 -0.004993 -0.002055 0.999985 -1.097621
0.968027 0.250784 0.005603 155.249933 -0.250784 0.968043 -0.000733 -13.245262 -0.005608 -0.000695 0.999984 -1.098958
0.968286 0.249776 0.005796 155.817799 -0.249774 0.968304 -0.001063 -13.398703 -0.005877 -0.000418 0.999983 -1.100303
0.968741 0.248027 0.004895 156.727611 -0.248017 0.968752 -0.002527 -13.647228 -0.005369 0.001234 0.999985 -1.102390
0.968974 0.247096 0.005789 157.314806 -0.247073 0.968987 -0.004380 -13.807391 -0.006692 0.002813 0.999974 -1.103743
0.969315 0.245753 0.005738 157.885294 -0.245727 0.969327 -0.004901 -13.960979 -0.006767 0.003341 0.999972 -1.105109
0.969716 0.244173 0.005584 158.471525 -0.244153 0.969728 -0.004010 -14.112561 -0.006394 0.002525 0.999976 -1.106671
0.969929 0.243355 0.004076 159.097253 -0.243345 0.969936 -0.002819 -14.278528 -0.004639 0.001743 0.999988 -1.108233
0.970323 0.241804 0.002029 159.623854 -0.241801 0.970324 -0.001648 -14.416303 -0.002367 0.001109 0.999997 -1.109595
0.970576 0.240786 0.001934 160.233820 -0.240784 0.970578 -0.001268 -14.576718 -0.002182 0.000765 0.999997 -1.111153
0.970803 0.239858 0.003057 160.804904 -0.239856 0.970808 -0.000885 -14.726831 -0.003180 0.000126 0.999995 -1.112613
0.971014 0.238979 0.004541 161.373435 -0.238977 0.971025 -0.001057 -14.877722 -0.004662 -0.000058 0.999989 -1.114029
0.971239 0.238056 0.004819 161.940131 -0.238053 0.971251 -0.001246 -15.023377 -0.004977 0.000063 0.999988 -1.115562
0.971320 0.237749 0.003465 162.507240 -0.237746 0.971326 -0.001372 -15.170745 -0.003692 0.000509 0.999993 -1.117055
0.971500 0.237036 0.001527 163.071966 -0.237034 0.971500 -0.001563 -15.316186 -0.001854 0.001156 0.999998 -1.118575
0.971551 0.236827 -0.000810 163.644335 -0.236828 0.971550 -0.001771 -15.464804 0.000367 0.001913 0.999998 -1.120085
0.971474 0.237127 -0.003069 164.211385 -0.237136 0.971472 -0.002831 -15.615229 0.002310 0.003478 0.999991 -1.121499
0.971671 0.236295 -0.004554 164.777334 -0.236308 0.971675 -0.002567 -15.761824 0.003818 0.003570 0.999986 -1.123001
0.971858 0.235522 -0.004650 165.328863 -0.235533 0.971864 -0.001993 -15.904919 0.004050 0.003032 0.999987 -1.124459
0.972211 0.234048 -0.005215 166.420753 -0.234044 0.972225 0.001449 -16.182613 0.005410 -0.000188 0.999985 -1.127487
0.972448 0.233062 -0.005136 166.988743 -0.233049 0.972460 0.003094 -16.324017 0.005715 -0.001812 0.999982 -1.129141
0.972516 0.232782 -0.005060 167.520740 -0.232761 0.972524 0.004330 -16.458019 0.005929 -0.003033 0.999978 -1.130649
0.972590 0.232491 -0.004181 168.104826 -0.232473 0.972593 0.004292 -16.605351 0.005064 -0.003203 0.999982 -1.132300
0.972567 0.232608 -0.002543 168.659770 -0.232596 0.972564 0.004303 -16.743641 0.003474 -0.003594 0.999988 -1.133912
0.972548 0.232692 0.002142 169.756469 -0.232701 0.972531 0.005765 -17.011813 -0.000742 -0.006106 0.999981 -1.137227
0.972546 0.232703 0.001791 170.314599 -0.232709 0.972536 0.004596 -17.148031 -0.000672 -0.004887 0.999988 -1.138921
0.972691 0.232097 0.001628 170.854640 -0.232103 0.972679 0.004913 -17.283209 -0.000443 -0.005157 0.999987 -1.140474
0.972811 0.231589 0.002224 171.421349 -0.231598 0.972789 0.006553 -17.423078 -0.000645 -0.006890 0.999976 -1.142155
0.972941 0.231046 0.001591 171.988822 -0.231052 0.972912 0.007554 -17.562962 0.000198 -0.007717 0.999970 -1.143842
0.972951 0.231006 0.001582 172.518782 -0.231011 0.972932 0.006147 -17.689492 -0.000119 -0.006347 0.999980 -1.145522
0.973123 0.230276 0.002137 173.284852 -0.230285 0.973098 0.006994 -17.873474 -0.000469 -0.007298 0.999973 -1.147923
0.973241 0.229777 0.002302 173.853760 -0.229787 0.973221 0.006286 -18.010960 -0.000796 -0.006647 0.999978 -1.149684
0.973092 0.230406 0.002404 174.426836 -0.230417 0.973074 0.005870 -18.152880 -0.000987 -0.006266 0.999980 -1.151371
0.973064 0.230522 0.002445 175.038652 -0.230533 0.973044 0.006341 -18.306413 -0.000917 -0.006734 0.999977 -1.153121
0.972970 0.230915 0.002604 175.573990 -0.230926 0.972956 0.005420 -18.441015 -0.001282 -0.005874 0.999982 -1.154645
0.973062 0.230536 0.001641 176.187069 -0.230541 0.973057 0.003195 -18.594992 -0.000861 -0.003487 0.999994 -1.156395
0.973157 0.230138 0.001290 176.758772 -0.230140 0.973154 0.002440 -18.736525 -0.000693 -0.002672 0.999996 -1.158079
0.973265 0.229677 0.001659 177.325502 -0.229681 0.973263 0.002287 -18.877622 -0.001090 -0.002607 0.999996 -1.159728
0.973213 0.229895 0.002099 177.900194 -0.229900 0.973212 0.002167 -19.021453 -0.001544 -0.002591 0.999995 -1.161382
0.973246 0.229755 0.002162 178.458458 -0.229760 0.973244 0.002677 -19.162416 -0.001490 -0.003102 0.999994 -1.162956
0.973297 0.229538 0.002383 179.028662 -0.229546 0.973291 0.003764 -19.305557 -0.001456 -0.004210 0.999990 -1.164585
0.973421 0.228994 0.003527 179.597811 -0.229008 0.973416 0.004097 -19.444431 -0.002495 -0.004796 0.999985 -1.166314
0.973473 0.228759 0.004481 180.177608 -0.228776 0.973471 0.003878 -19.586704 -0.003475 -0.004800 0.999982 -1.168054
0.973593 0.228226 0.005509 180.753970 -0.228251 0.973592 0.004469 -19.725949 -0.004344 -0.005608 0.999975 -1.169839
0.973654 0.227945 0.006303 181.330391 -0.227981 0.973649 0.005618 -19.868742 -0.004857 -0.006907 0.999964 -1.171535
0.973737 0.227592 0.006134 181.907947 -0.227632 0.973724 0.006725 -20.010806 -0.004442 -0.007945 0.999959 -1.173260
0.973799 0.227345 0.005444 182.483369 -0.227384 0.973770 0.008321 -20.152606 -0.003409 -0.009341 0.999951 -1.174972
0.973825 0.227243 0.004958 183.032469 -0.227281 0.973784 0.009395 -20.287471 -0.002693 -0.010276 0.999944 -1.176616
0.973902 0.226914 0.005057 183.658493 -0.226954 0.973854 0.009995 -20.438560 -0.002656 -0.010882 0.999937 -1.178560
0.973956 0.226670 0.005607 184.191277 -0.226714 0.973918 0.009241 -20.567472 -0.003366 -0.010272 0.999942 -1.180205
0.974040 0.226296 0.005976 184.761897 -0.226342 0.974010 0.008601 -20.709433 -0.003874 -0.009731 0.999945 -1.181868
0.973816 0.227245 0.006517 185.354305 -0.227293 0.973794 0.007984 -20.858075 -0.004532 -0.009256 0.999947 -1.183563
0.973771 0.227432 0.006699 185.933665 -0.227479 0.973755 0.007390 -21.003602 -0.004842 -0.008720 0.999950 -1.185216
0.973816 0.227252 0.006244 186.518173 -0.227290 0.973807 0.006247 -21.146725 -0.004661 -0.007502 0.999961 -1.186978
0.973874 0.227009 0.006039 187.100581 -0.227041 0.973870 0.005353 -21.291630 -0.004666 -0.006584 0.999967 -1.188676
0.974083 0.226116 0.005910 187.680728 -0.226142 0.974085 0.004328 -21.432068 -0.004778 -0.005553 0.999973 -1.190466
0.974105 0.226022 0.005871 188.254362 -0.226048 0.974106 0.004348 -21.571359 -0.004737 -0.005563 0.999973 -1.192225
0.974293 0.225205 0.005953 188.840321 -0.225235 0.974292 0.004971 -21.709873 -0.004681 -0.006184 0.999970 -1.194118
0.974378 0.224829 0.006281 189.419537 -0.224859 0.974380 0.004650 -21.846807 -0.005075 -0.005943 0.999969 -1.195989
0.974418 0.224643 0.006728 189.987473 -0.224674 0.974424 0.004333 -21.984936 -0.005583 -0.005734 0.999968 -1.197725
0.974420 0.224588 0.008101 190.559105 -0.224634 0.974428 0.005366 -22.125406 -0.006689 -0.007049 0.999953 -1.199435
0.974411 0.224565 0.009733 191.132804 -0.224634 0.974420 0.006730 -22.265351 -0.007972 -0.008744 0.999930 -1.201178
0.974336 0.224835 0.010837 191.677121 -0.224917 0.974353 0.007028 -22.398303 -0.008979 -0.009285 0.999917 -1.202828
0.974535 0.223971 0.010897 192.241066 -0.224053 0.974552 0.006955 -22.532869 -0.009062 -0.009219 0.999916 -1.204618
0.974632 0.223581 0.010192 192.813852 -0.223659 0.974640 0.007366 -22.670536 -0.008287 -0.009459 0.999921 -1.206410
0.974559 0.223961 0.008695 193.369725 -0.224034 0.974545 0.008469 -22.805590 -0.006577 -0.010202 0.999926 -1.208113
0.974476 0.224377 0.007221 193.933715 -0.224440 0.974441 0.009565 -22.946186 -0.004891 -0.010942 0.999928 -1.209750
0.974539 0.224133 0.006162 194.509471 -0.224192 0.974476 0.011599 -23.085060 -0.003405 -0.012686 0.999914 -1.211539
0.974755 0.223205 0.005601 195.055078 -0.223260 0.974677 0.012656 -23.213488 -0.002634 -0.013587 0.999904 -1.213315
0.974731 0.223302 0.005924 195.623433 -0.223364 0.974640 0.013630 -23.350574 -0.002730 -0.014609 0.999890 -1.215082
0.974778 0.223072 0.006817 196.203705 -0.223148 0.974686 0.013897 -23.488609 -0.003544 -0.015068 0.999880 -1.216934
0.974878 0.222612 0.007578 196.744808 -0.222703 0.974775 0.014732 -23.618694 -0.004108 -0.016050 0.999863 -1.218627
0.974845 0.222783 0.006689 197.307620 -0.222866 0.974709 0.016548 -23.754124 -0.002833 -0.017623 0.999841 -1.220384
0.974827 0.222937 0.003444 197.878221 -0.222963 0.974665 0.017793 -23.891691 0.000610 -0.018113 0.999836 -1.222159
0.975069 0.221899 0.000671 198.709396 -0.221880 0.974935 0.016435 -24.086906 0.002993 -0.016174 0.999865 -1.224877
0.975252 0.221094 0.001131 199.267651 -0.221088 0.975157 0.013744 -24.217554 0.001936 -0.013654 0.999905 -1.226714
0.975033 0.221998 0.005192 199.836775 -0.222041 0.974984 0.010234 -24.354927 -0.002790 -0.011132 0.999934 -1.228480
0.974739 0.223126 0.009943 200.401122 -0.223198 0.974749 0.006886 -24.490796 -0.008156 -0.008931 0.999927 -1.230240
0.974738 0.223029 0.012032 200.972077 -0.223100 0.974783 0.004957 -24.626665 -0.010623 -0.007516 0.999915 -1.232062
0.974925 0.222313 0.009869 201.553506 -0.222360 0.974957 0.003961 -24.765199 -0.008741 -0.006056 0.999943 -1.233912
0.975078 0.221789 0.005697 202.123314 -0.221811 0.975083 0.003630 -24.901115 -0.004750 -0.004803 0.999977 -1.235722
0.975237 0.221155 0.001714 202.710868 -0.221160 0.975230 0.003913 -25.043614 -0.000806 -0.004195 0.999991 -1.237528
0.975279 0.220975 0.000618 203.210493 -0.220974 0.975260 0.006219 -25.161585 0.000771 -0.006202 0.999980 -1.239146
0.975460 0.220170 0.001595 204.191583 -0.220174 0.975405 0.010439 -25.392259 0.000742 -0.010534 0.999944 -1.242347
0.975583 0.219624 0.001839 204.749031 -0.219630 0.975504 0.012473 -25.523602 0.000945 -0.012572 0.999921 -1.244158
0.975661 0.219279 0.001414 205.476925 -0.219274 0.975538 0.015660 -25.693750 0.002054 -0.015589 0.999876 -1.246559
0.975750 0.218887 -0.000397 206.217222 -0.218841 0.975579 0.018815 -25.867759 0.004505 -0.018272 0.999823 -1.248975
0.975544 0.219801 -0.001130 207.211961 -0.219732 0.975344 0.020536 -26.101646 0.005616 -0.019786 0.999788 -1.252221
0.975548 0.219787 -0.000478 207.778853 -0.219723 0.975313 0.022031 -26.232888 0.005308 -0.021387 0.999757 -1.254123
0.975477 0.220096 0.001514 208.358183 -0.220070 0.975203 0.023406 -26.370175 0.003675 -0.023166 0.999725 -1.255986
0.975485 0.220050 0.002751 208.908559 -0.220051 0.975186 0.024306 -26.499697 0.002665 -0.024316 0.999701 -1.257778
0.975482 0.220044 0.003971 209.433094 -0.220076 0.975188 0.023979 -26.621760 0.001404 -0.024265 0.999705 -1.259522
0.975544 0.219756 0.004583 210.005636 -0.219802 0.975238 0.024440 -26.754601 0.000902 -0.024850 0.999691 -1.261435
0.975571 0.219613 0.005618 210.563874 -0.219685 0.975254 0.024865 -26.884293 -0.000018 -0.025492 0.999675 -1.263297
0.975272 0.220881 0.007533 211.356597 -0.221001 0.974958 0.024821 -27.072011 -0.001862 -0.025872 0.999664 -1.265849
0.975155 0.221328 0.009285 211.914869 -0.221496 0.974834 0.025281 -27.206916 -0.003456 -0.026710 0.999637 -1.267578
0.975227 0.220978 0.010070 212.476503 -0.221167 0.974907 0.025321 -27.337180 -0.004222 -0.026921 0.999629 -1.269456
0.975259 0.220850 0.009787 213.044295 -0.221031 0.974937 0.025343 -27.470018 -0.003945 -0.026879 0.999631 -1.271325
