0.999998 0.001801 0.000000 0.594555 -0.001801 0.999998 -0.000000 -0.006602 -0.000000 0.000000 1.000000 0.000000
0.999991 0.004133 0.000000 1.415277 -0.004133 0.999991 -0.000000 -0.014881 -0.000000 0.000000 1.000000 0.000000
0.999976 0.006957 0.000000 1.993248 -0.006957 0.999976 -0.000000 -0.022112 -0.000000 0.000000 1.000000 0.000000
0.999965 0.008328 0.000000 2.564252 -0.008328 0.999965 -0.000000 -0.032710 -0.000000 0.000000 1.000000 0.000000
0.999901 0.014101 0.000000 3.146233 -0.014101 0.999901 -0.000000 -0.023382 -0.000000 0.000000 1.000000 0.000000
0.999800 0.019989 0.000000 3.684760 -0.019989 0.999800 -0.000000 -0.028042 -0.000000 0.000000 1.000000 0.000000
0.999654 0.026309 0.000000 4.261470 -0.026309 0.999654 -0.000000 -0.048280 -0.000000 0.000000 1.000000 0.000000
0.999470 0.032564 0.000000 4.798735 -0.032564 0.999470 -0.000000 -0.064812 -0.000000 0.000000 1.000000 0.000000
0.999168 0.040777 0.000000 5.516564 -0.040777 0.999168 -0.000000 -0.092326 -0.000000 0.000000 1.000000 0.000000
0.998957 0.045663 0.000000 6.087877 -0.045663 0.998957 -0.000000 -0.128298 -0.000000 0.000000 1.000000 0.000000
0.998755 0.049881 0.000000 6.663378 -0.049881 0.998755 -0.000000 -0.156614 -0.000000 0.000000 1.000000 0.000000
0.998476 0.055184 0.000000 7.230109 -0.055184 0.998476 -0.000000 -0.179926 -0.000000 0.000000 1.000000 0.000000
0.997655 0.068443 0.000000 8.374143 -0.068443 0.997655 -0.000000 -0.250872 -0.000000 0.000000 1.000000 0.000000
0.997364 0.072567 0.000000 8.913091 -0.072567 0.997364 -0.000000 -0.269598 -0.000000 0.000000 1.000000 0.000000
0.996801 0.079927 0.000000 9.490737 -0.079927 0.996801 -0.000000 -0.304983 -0.000000 0.000000 1.000000 0.000000
0.996087 0.088375 0.000000 10.034721 -0.088375 0.996087 -0.000000 -0.349405 -0.000000 0.000000 1.000000 0.000000
0.995384 0.095967 0.000000 10.600057 -0.095967 0.995384 -0.000000 -0.402702 -0.000000 0.000000 1.000000 0.000000
0.994682 0.102993 0.000000 11.130253 -0.102993 0.994682 -0.000000 -0.454364 -0.000000 0.000000 1.000000 0.000000
0.994113 0.108348 0.000000 11.707523 -0.108348 0.994113 -0.000000 -0.524704 -0.000000 0.000000 1.000000 0.000000
0.993369 0.114966 0.000000 12.241215 -0.114966 0.993369 -0.000000 -0.596421 -0.000000 0.000000 1.000000 0.000000
0.992150 0.125057 0.000000 12.991090 -0.125057 0.992150 -0.000000 -0.687230 -0.000000 0.000000 1.000000 0.000000
0.990706 0.136018 0.000000 13.561582 -0.136018 0.990706 -0.000000 -0.757070 -0.000000 0.000000 1.000000 0.000000
0.989799 0.142472 0.000000 14.115587 -0.142472 0.989799 -0.000000 -0.835795 -0.000000 0.000000 1.000000 0.000000
0.989066 0.147474 0.000000 14.665658 -0.147474 0.989066 -0.000000 -0.917224 -0.000000 0.000000 1.000000 0.000000
0.988297 0.152540 0.000000 15.231587 -0.152540 0.988297 -0.000000 -1.006849 -0.000000 0.000000 1.000000 0.000000
0.987285 0.158958 0.000000 15.754704 -0.158958 0.987285 -0.000000 -1.096342 -0.000000 0.000000 1.000000 0.000000
0.986195 0.165587 0.000000 16.275851 -0.165587 0.986195 -0.000000 -1.185414 -0.000000 0.000000 1.000000 0.000000
0.985128 0.171822 0.000000 16.832883 -0.171822 0.985128 -0.000000 -1.281762 -0.000000 0.000000 1.000000 0.000000
0.983498 0.180919 0.000000 17.345094 -0.180919 0.983498 -0.000000 -1.382339 -0.000000 0.000000 1.000000 0.000000
0.982108 0.188317 0.000000 17.898836 -0.188317 0.982108 -0.000000 -1.483891 -0.000000 0.000000 1.000000 0.000000
0.980464 0.196700 0.000000 18.633325 -0.196700 0.980464 -0.000000 -1.625835 -0.000000 0.000000 1.000000 0.000000
0.978703 0.205281 0.000000 19.177719 -0.205281 0.978703 -0.000000 -1.743634 -0.000000 0.000000 1.000000 0.000000
0.976891 0.213737 0.000000 19.764636 -0.213737 0.976891 -0.000000 -1.864294 -0.000000 0.000000 1.000000 0.000000
0.975288 0.220936 0.000000 20.310498 -0.220936 0.975288 -0.000000 -1.990483 -0.000000 0.000000 1.000000 0.000000
0.973626 0.228151 0.000000 20.851435 -0.228151 0.973626 -0.000000 -2.117450 -0.000000 0.000000 1.000000 0.000000
0.972175 0.234255 0.000000 21.356723 -0.234255 0.972175 -0.000000 -2.237803 -0.000000 0.000000 1.000000 0.000000
0.970623 0.240604 0.000000 21.904379 -0.240604 0.970623 -0.000000 -2.364190 -0.000000 0.000000 1.000000 0.000000
0.971023 0.238985 0.000000 22.404714 -0.238985 0.971023 -0.000000 -2.481132 -0.000000 0.000000 1.000000 0.000000
0.969648 0.244504 0.000000 22.937052 -0.244504 0.969648 -0.000000 -2.610888 -0.000000 0.000000 1.000000 0.000000
0.966790 0.255571 0.000000 23.965212 -0.255571 0.966790 -0.000000 -2.881628 -0.000000 0.000000 1.000000 0.000000
0.965472 0.260506 0.000000 24.449606 -0.260506 0.965472 -0.000000 -3.011543 -0.000000 0.000000 1.000000 0.000000
0.963624 0.267261 0.000000 24.976650 -0.267261 0.963624 -0.000000 -3.149816 -0.000000 0.000000 1.000000 0.000000
0.961616 0.274399 0.000000 25.642627 -0.274399 0.961616 -0.000000 -3.336309 -0.000000 0.000000 1.000000 0.000000
0.960049 0.279832 0.000000 26.126912 -0.279832 0.960049 -0.000000 -3.475179 -0.000000 0.000000 1.000000 0.000000
0.958470 0.285193 0.000000 26.611100 -0.285193 0.958470 -0.000000 -3.613818 -0.000000 0.000000 1.000000 0.000000
0.956238 0.292591 0.000000 27.125911 -0.292591 0.956238 -0.000000 -3.765804 -0.000000 0.000000 1.000000 0.000000
0.955260 0.295769 0.000000 27.605855 -0.295769 0.955260 -0.000000 -3.910340 -0.000000 0.000000 1.000000 0.000000
0.952330 0.305071 0.000000 28.274833 -0.305071 0.952330 -0.000000 -4.131008 -0.000000 0.000000 1.000000 0.000000
0.950563 0.310531 0.000000 28.783751 -0.310531 0.950563 -0.000000 -4.304377 -0.000000 0.000000 1.000000 0.000000
0.949362 0.314183 0.000000 29.296133 -0.314183 0.949362 -0.000000 -4.485967 -0.000000 0.000000 1.000000 0.000000
0.947677 0.319231 0.000000 29.783609 -0.319231 0.947677 -0.000000 -4.668569 -0.000000 0.000000 1.000000 0.000000
0.946132 0.323781 0.000000 30.292118 -0.323781 0.946132 -0.000000 -4.859395 -0.000000 0.000000 1.000000 0.000000
0.944473 0.328588 0.000000 30.796625 -0.328588 0.944473 -0.000000 -5.048056 -0.000000 0.000000 1.000000 0.000000
0.942138 0.335225 0.000000 31.264086 -0.335225 0.942138 -0.000000 -5.214765 -0.000000 0.000000 1.000000 0.000000
0.940721 0.339182 0.000000 31.762600 -0.339182 0.940721 -0.000000 -5.408407 -0.000000 0.000000 1.000000 0.000000
0.939034 0.343824 0.000000 32.234099 -0.343824 0.939034 -0.000000 -5.588034 -0.000000 0.000000 1.000000 0.000000
0.936593 0.350418 0.000000 32.733272 -0.350418 0.936593 -0.000000 -5.776386 -0.000000 0.000000 1.000000 0.000000
0.934288 0.356519 0.000000 33.207252 -0.356519 0.934288 -0.000000 -5.949272 -0.000000 0.000000 1.000000 0.000000
0.931616 0.363444 0.000000 33.703313 -0.363444 0.931616 -0.000000 -6.144489 -0.000000 0.000000 1.000000 0.000000
0.928809 0.370559 0.000000 34.173703 -0.370559 0.928809 -0.000000 -6.324478 -0.000000 0.000000 1.000000 0.000000
0.926390 0.376566 0.000000 34.671729 -0.376566 0.926390 -0.000000 -6.529150 -0.000000 0.000000 1.000000 0.000000
0.924977 0.380024 0.000000 35.128618 -0.380024 0.924977 -0.000000 -6.714991 -0.000000 0.000000 1.000000 0.000000
0.921663 0.387991 0.000000 35.806946 -0.387991 0.921663 -0.000000 -7.010085 -0.000000 0.000000 1.000000 0.000000
0.917265 0.398277 0.000000 36.511880 -0.398277 0.917265 -0.000000 -7.314535 -0.000000 0.000000 1.000000 0.000000
0.913938 0.405853 0.000000 37.001923 -0.405853 0.913938 -0.000000 -7.527303 -0.000000 0.000000 1.000000 0.000000
0.908052 0.418858 0.000000 37.840183 -0.418858 0.908052 -0.000000 -7.920580 -0.000000 0.000000 1.000000 0.000000
0.905645 0.424038 0.000000 38.315609 -0.424038 0.905645 -0.000000 -8.151025 -0.000000 0.000000 1.000000 0.000000
0.903512 0.428563 0.000000 38.793165 -0.428563 0.903512 -0.000000 -8.384200 -0.000000 0.000000 1.000000 0.000000
0.901937 0.431867 0.000000 39.265772 -0.431867 0.901937 -0.000000 -8.621365 -0.000000 0.000000 1.000000 0.000000
0.897603 0.440806 0.000000 39.729713 -0.440806 0.897603 -0.000000 -8.842553 -0.000000 0.000000 1.000000 0.000000
0.896967 0.442097 0.000000 40.225837 -0.442097 0.896967 -0.000000 -9.090798 -0.000000 0.000000 1.000000 0.000000
0.896359 0.443328 0.000000 40.654381 -0.443328 0.896359 -0.000000 -9.310079 -0.000000 0.000000 1.000000 0.000000
0.893809 0.448448 0.000000 41.111483 -0.448448 0.893809 -0.000000 -9.533930 -0.000000 0.000000 1.000000 0.000000
0.892180 0.451680 0.000000 41.561375 -0.451680 0.892180 -0.000000 -9.762141 -0.000000 0.000000 1.000000 0.000000
0.891673 0.452681 0.000000 42.011240 -0.452681 0.891673 -0.000000 -9.990420 -0.000000 0.000000 1.000000 0.000000
0.889333 0.457260 0.000000 42.438912 -0.457260 0.889333 -0.000000 -10.206893 -0.000000 0.000000 1.000000 0.000000
0.887712 0.460400 0.000000 42.877428 -0.460400 0.887712 -0.000000 -10.430882 -0.000000 0.000000 1.000000 0.000000
0.885865 0.463943 0.000000 43.278488 -0.463943 0.885865 -0.000000 -10.646025 -0.000000 0.000000 1.000000 0.000000
0.885582 0.464483 0.000000 43.702289 -0.464483 0.885582 -0.000000 -10.883656 -0.000000 0.000000 1.000000 0.000000
0.883508 0.468416 0.000000 44.100242 -0.468416 0.883508 -0.000000 -11.084373 -0.000000 0.000000 1.000000 0.000000
0.882376 0.470544 0.000000 44.521456 -0.470544 0.882376 -0.000000 -11.314410 -0.000000 0.000000 1.000000 0.000000
0.881719 0.471774 0.000000 44.925123 -0.471774 0.881719 -0.000000 -11.525873 -0.000000 0.000000 1.000000 0.000000
0.879138 0.476568 0.000000 45.316026 -0.476568 0.879138 -0.000000 -11.739518 -0.000000 0.000000 1.000000 0.000000
0.878795 0.477199 0.000000 45.711398 -0.477199 0.878795 -0.000000 -11.944712 -0.000000 0.000000 1.000000 0.000000
0.873475 0.486870 0.000000 46.105584 -0.486870 0.873475 -0.000000 -12.136729 -0.000000 0.000000 1.000000 0.000000
0.870590 0.492009 0.000000 46.484733 -0.492009 0.870590 -0.000000 -12.345731 -0.000000 0.000000 1.000000 0.000000
0.868632 0.495458 0.000000 46.851490 -0.495458 0.868632 -0.000000 -12.550151 -0.000000 0.000000 1.000000 0.000000
0.866078 0.499909 0.000000 47.228581 -0.499909 0.866078 -0.000000 -12.766814 -0.000000 0.000000 1.000000 0.000000
0.862009 0.506893 0.000000 47.767161 -0.506893 0.862009 -0.000000 -13.092321 -0.000000 0.000000 1.000000 0.000000
0.857210 0.514967 0.000000 48.146276 -0.514967 0.857210 -0.000000 -13.335128 -0.000000 0.000000 1.000000 0.000000
0.851947 0.523629 0.000000 48.494714 -0.523629 0.851947 -0.000000 -13.558825 -0.000000 0.000000 1.000000 0.000000
0.849026 0.528351 0.000000 48.846671 -0.528351 0.849026 -0.000000 -13.787773 -0.000000 0.000000 1.000000 0.000000
0.846423 0.532511 0.000000 49.190814 -0.532511 0.846423 -0.000000 -14.009382 -0.000000 0.000000 1.000000 0.000000
0.842802 0.538223 0.000000 49.532534 -0.538223 0.842802 -0.000000 -14.227686 -0.000000 0.000000 1.000000 0.000000
0.840243 0.542210 0.000000 49.857458 -0.542210 0.840243 -0.000000 -14.451842 -0.000000 0.000000 1.000000 0.000000
0.837005 0.547195 0.000000 50.193570 -0.547195 0.837005 -0.000000 -14.673843 -0.000000 0.000000 1.000000 0.000000
0.834946 0.550332 0.000000 50.510656 -0.550332 0.834946 -0.000000 -14.893133 -0.000000 0.000000 1.000000 0.000000
0.833348 0.552749 0.000000 50.825801 -0.552749 0.833348 -0.000000 -15.116889 -0.000000 0.000000 1.000000 0.000000
0.831036 0.556219 0.000000 51.128739 -0.556219 0.831036 -0.000000 -15.331650 -0.000000 0.000000 1.000000 0.000000
0.828444 0.560071 0.000000 51.731182 -0.560071 0.828444 -0.000000 -15.761494 -0.000000 0.000000 1.000000 0.000000
0.827272 0.561802 0.000000 52.020395 -0.561802 0.827272 -0.000000 -15.960889 -0.000000 0.000000 1.000000 0.000000
0.826380 0.563113 0.000000 52.291553 -0.563113 0.826380 -0.000000 -16.148193 -0.000000 0.000000 1.000000 0.000000
0.825987 0.563689 0.000000 52.563330 -0.563689 0.825987 -0.000000 -16.332880 -0.000000 0.000000 1.000000 0.000000
0.825884 0.563841 0.000000 52.841651 -0.563841 0.825884 -0.000000 -16.537572 -0.000000 0.000000 1.000000 0.000000
0.824082 0.566471 0.000000 53.100278 -0.566471 0.824082 -0.000000 -16.710794 -0.000000 0.000000 1.000000 0.000000
0.822810 0.568317 0.000000 53.370955 -0.568317 0.822810 -0.000000 -16.898760 -0.000000 0.000000 1.000000 0.000000
0.821685 0.569942 0.000000 53.621340 -0.569942 0.821685 -0.000000 -17.074584 -0.000000 0.000000 1.000000 0.000000
0.821352 0.570422 0.000000 53.890894 -0.570422 0.821352 -0.000000 -17.249178 -0.000000 0.000000 1.000000 0.000000
0.821349 0.570426 0.000000 54.133602 -0.570426 0.821349 -0.000000 -17.419141 -0.000000 0.000000 1.000000 0.000000
0.818984 0.573817 0.000000 54.376910 -0.573817 0.818984 -0.000000 -17.573933 -0.000000 0.000000 1.000000 0.000000
0.817286 0.576232 0.000000 54.629991 -0.576232 0.817286 -0.000000 -17.737912 -0.000000 0.000000 1.000000 0.000000
0.813711 0.581270 0.000000 54.991561 -0.581270 0.813711 -0.000000 -17.985176 -0.000000 0.000000 1.000000 0.000000
0.812083 0.583542 0.000000 55.254552 -0.583542 0.812083 -0.000000 -18.162105 -0.000000 0.000000 1.000000 0.000000
0.807982 0.589208 0.000000 55.494119 -0.589208 0.807982 -0.000000 -18.327662 -0.000000 0.000000 1.000000 0.000000
0.804997 0.593279 0.000000 55.726413 -0.593279 0.804997 -0.000000 -18.491486 -0.000000 0.000000 1.000000 0.000000
0.801415 0.598109 0.000000 55.957319 -0.598109 0.801415 -0.000000 -18.649944 -0.000000 0.000000 1.000000 0.000000
0.798398 0.602130 0.000000 56.172363 -0.602130 0.798398 -0.000000 -18.806386 -0.000000 0.000000 1.000000 0.000000
0.797979 0.602686 0.000000 56.386249 -0.602686 0.797979 -0.000000 -18.971328 -0.000000 0.000000 1.000000 0.000000
0.797509 0.603306 0.000000 56.599544 -0.603306 0.797509 -0.000000 -19.136233 -0.000000 0.000000 1.000000 0.000000
0.799784 0.600288 0.000000 56.804014 -0.600288 0.799784 -0.000000 -19.299472 -0.000000 0.000000 1.000000 0.000000
0.798587 0.601880 0.000000 56.992646 -0.601880 0.798587 -0.000000 -19.458623 -0.000000 0.000000 1.000000 0.000000
0.794692 0.607013 0.000000 57.372450 -0.607013 0.794692 -0.000000 -19.756509 -0.000000 0.000000 1.000000 0.000000
0.791048 0.611754 0.000000 57.551778 -0.611754 0.791048 -0.000000 -19.883052 -0.000000 0.000000 1.000000 0.000000
0.790171 0.612887 0.000000 57.712211 -0.612887 0.790171 -0.000000 -20.024120 -0.000000 0.000000 1.000000 0.000000
0.790447 0.612531 0.000000 57.881389 -0.612531 0.790447 -0.000000 -20.173349 -0.000000 0.000000 1.000000 0.000000
0.789474 0.613784 0.000000 58.042039 -0.613784 0.789474 -0.000000 -20.302131 -0.000000 0.000000 1.000000 0.000000
0.788032 0.615634 0.000000 58.198577 -0.615634 0.788032 -0.000000 -20.426218 -0.000000 0.000000 1.000000 0.000000
0.787709 0.616048 0.000000 58.360744 -0.616048 0.787709 -0.000000 -20.558473 -0.000000 0.000000 1.000000 0.000000
0.786609 0.617451 0.000000 58.507084 -0.617451 0.786609 -0.000000 -20.674328 -0.000000 0.000000 1.000000 0.000000
0.784847 0.619689 0.000000 58.669670 -0.619689 0.784847 -0.000000 -20.798395 -0.000000 0.000000 1.000000 0.000000
0.781040 0.624481 0.000000 58.978420 -0.624481 0.781040 -0.000000 -21.037821 -0.000000 0.000000 1.000000 0.000000
0.779562 0.626325 0.000000 59.125823 -0.626325 0.779562 -0.000000 -21.150117 -0.000000 0.000000 1.000000 0.000000
0.778792 0.627282 0.000000 59.273249 -0.627282 0.778792 -0.000000 -21.261400 -0.000000 0.000000 1.000000 0.000000
0.777030 0.629464 0.000000 59.519533 -0.629464 0.777030 -0.000000 -21.447194 -0.000000 0.000000 1.000000 0.000000
0.775769 0.631016 0.000000 59.670311 -0.631016 0.775769 -0.000000 -21.572643 -0.000000 0.000000 1.000000 0.000000
0.773347 0.633983 0.000000 59.822174 -0.633983 0.773347 -0.000000 -21.694801 -0.000000 0.000000 1.000000 0.000000
0.771298 0.636474 0.000000 59.973980 -0.636474 0.771298 -0.000000 -21.820989 -0.000000 0.000000 1.000000 0.000000
0.771999 0.635623 0.000000 60.126463 -0.635623 0.771999 -0.000000 -21.943034 -0.000000 0.000000 1.000000 0.000000
0.770499 0.637442 0.000000 60.278432 -0.637442 0.770499 -0.000000 -22.068782 -0.000000 0.000000 1.000000 0.000000
0.769180 0.639032 0.000000 60.433077 -0.639032 0.769180 -0.000000 -22.196669 -0.000000 0.000000 1.000000 0.000000
0.765932 0.642922 0.000000 60.746267 -0.642922 0.765932 -0.000000 -22.460247 -0.000000 0.000000 1.000000 0.000000
0.763641 0.645641 0.000000 60.907000 -0.645641 0.763641 -0.000000 -22.591505 -0.000000 0.000000 1.000000 0.000000
0.761697 0.647933 0.000000 61.071601 -0.647933 0.761697 -0.000000 -22.727033 -0.000000 0.000000 1.000000 0.000000
0.759346 0.650687 0.000000 61.227311 -0.650687 0.759346 -0.000000 -22.853935 -0.000000 0.000000 1.000000 0.000000
0.757029 0.653381 0.000000 61.389348 -0.653381 0.757029 -0.000000 -22.993388 -0.000000 0.000000 1.000000 0.000000
0.755793 0.654810 0.000000 61.544515 -0.654810 0.755793 -0.000000 -23.136783 -0.000000 0.000000 1.000000 0.000000
0.753749 0.657163 0.000000 61.697537 -0.657163 0.753749 -0.000000 -23.276494 -0.000000 0.000000 1.000000 0.000000
0.751802 0.659389 0.000000 61.865119 -0.659389 0.751802 -0.000000 -23.430150 -0.000000 0.000000 1.000000 0.000000
0.748680 0.662931 0.000000 62.030822 -0.662931 0.748680 -0.000000 -23.571088 -0.000000 0.000000 1.000000 0.000000
0.744615 0.667494 0.000000 62.201800 -0.667494 0.744615 -0.000000 -23.711828 -0.000000 0.000000 1.000000 0.000000
0.740701 0.671835 0.000000 62.375574 -0.671835 0.740701 -0.000000 -23.870932 -0.000000 0.000000 1.000000 0.000000
0.738405 0.674358 0.000000 62.538171 -0.674358 0.738405 -0.000000 -24.024281 -0.000000 0.000000 1.000000 0.000000
0.736082 0.676892 0.000000 62.720963 -0.676892 0.736082 -0.000000 -24.190111 -0.000000 0.000000 1.000000 0.000000
0.734194 0.678940 0.000000 62.893000 -0.678940 0.734194 -0.000000 -24.347461 -0.000000 0.000000 1.000000 0.000000
0.730378 0.683043 0.000000 63.084315 -0.683043 0.730378 -0.000000 -24.516341 -0.000000 0.000000 1.000000 0.000000
0.727912 0.685670 0.000000 63.260646 -0.685670 0.727912 -0.000000 -24.683911 -0.000000 0.000000 1.000000 0.000000
0.722530 0.691340 0.000000 63.531321 -0.691340 0.722530 -0.000000 -24.932789 -0.000000 0.000000 1.000000 0.000000
0.720845 0.693096 0.000000 63.707812 -0.693096 0.720845 -0.000000 -25.104013 -0.000000 0.000000 1.000000 0.000000
0.719242 0.694759 0.000000 63.895798 -0.694759 0.719242 -0.000000 -25.292375 -0.000000 0.000000 1.000000 0.000000
0.717625 0.696430 0.000000 64.072541 -0.696430 0.717625 -0.000000 -25.473164 -0.000000 0.000000 1.000000 0.000000
0.713547 0.700608 0.000000 64.444355 -0.700608 0.713547 -0.000000 -25.859965 -0.000000 0.000000 1.000000 0.000000
0.711625 0.702560 0.000000 64.627017 -0.702560 0.711625 -0.000000 -26.048345 -0.000000 0.000000 1.000000 0.000000
0.709774 0.704430 0.000000 64.802080 -0.704430 0.709774 -0.000000 -26.228391 -0.000000 0.000000 1.000000 0.000000
0.708126 0.706086 0.000000 64.992838 -0.706086 0.708126 -0.000000 -26.422131 -0.000000 0.000000 1.000000 0.000000
0.705214 0.708995 0.000000 65.257972 -0.708995 0.705214 -0.000000 -26.675053 -0.000000 0.000000 1.000000 0.000000
0.700090 0.714055 0.000000 65.453494 -0.714055 0.700090 -0.000000 -26.857881 -0.000000 0.000000 1.000000 0.000000
0.696370 0.717683 0.000000 65.636963 -0.717683 0.696370 -0.000000 -27.038864 -0.000000 0.000000 1.000000 0.000000
0.692138 0.721765 0.000000 65.821377 -0.721765 0.692138 -0.000000 -27.231558 -0.000000 0.000000 1.000000 0.000000
0.689366 0.724413 0.000000 65.989231 -0.724413 0.689366 -0.000000 -27.411799 -0.000000 0.000000 1.000000 0.000000
0.687292 0.726381 0.000000 66.161510 -0.726381 0.687292 -0.000000 -27.590456 -0.000000 0.000000 1.000000 0.000000
0.684490 0.729022 0.000000 66.336381 -0.729022 0.684490 -0.000000 -27.784112 -0.000000 0.000000 1.000000 0.000000
0.683501 0.729949 0.000000 66.503288 -0.729949 0.683501 -0.000000 -27.971167 -0.000000 0.000000 1.000000 0.000000
0.681838 0.731503 0.000000 66.665961 -0.731503 0.681838 -0.000000 -28.158299 -0.000000 0.000000 1.000000 0.000000
0.679601 0.733582 0.000000 66.842344 -0.733582 0.679601 -0.000000 -28.353866 -0.000000 0.000000 1.000000 0.000000
0.679729 0.733463 0.000000 66.998900 -0.733463 0.679729 -0.000000 -28.538006 -0.000000 0.000000 1.000000 0.000000
0.680646 0.732612 0.000000 67.218147 -0.732612 0.680646 -0.000000 -28.795675 -0.000000 0.000000 1.000000 0.000000
0.680198 0.733029 0.000000 67.396702 -0.733029 0.680198 -0.000000 -29.000334 -0.000000 0.000000 1.000000 0.000000
0.679570 0.733611 0.000000 67.563942 -0.733611 0.679570 -0.000000 -29.191639 -0.000000 0.000000 1.000000 0.000000
0.680128 0.733093 0.000000 67.727373 -0.733093 0.680128 -0.000000 -29.385805 -0.000000 0.000000 1.000000 0.000000
0.678509 0.734592 0.000000 67.892634 -0.734592 0.678509 -0.000000 -29.577123 -0.000000 0.000000 1.000000 0.000000
0.678004 0.735058 0.000000 68.057673 -0.735058 0.678004 -0.000000 -29.763041 -0.000000 0.000000 1.000000 0.000000
0.681654 0.731675 0.000000 68.212016 -0.731675 0.681654 -0.000000 -29.952152 -0.000000 0.000000 1.000000 0.000000
0.681642 0.731686 0.000000 68.378179 -0.731686 0.681642 -0.000000 -30.125819 -0.000000 0.000000 1.000000 0.000000
0.683635 0.729824 0.000000 68.540064 -0.729824 0.683635 -0.000000 -30.302722 -0.000000 0.000000 1.000000 0.000000
0.684292 0.729208 0.000000 68.686199 -0.729208 0.684292 -0.000000 -30.466149 -0.000000 0.000000 1.000000 0.000000
0.685001 0.728542 0.000000 68.995940 -0.728542 0.685001 -0.000000 -30.809671 -0.000000 0.000000 1.000000 0.000000
0.685341 0.728223 0.000000 69.150480 -0.728223 0.685341 -0.000000 -30.983149 -0.000000 0.000000 1.000000 0.000000
0.687802 0.725899 0.000000 69.307187 -0.725899 0.687802 -0.000000 -31.156397 -0.000000 0.000000 1.000000 0.000000
0.689799 0.724001 0.000000 69.443568 -0.724001 0.689799 -0.000000 -31.315302 -0.000000 0.000000 1.000000 0.000000
0.691170 0.722693 0.000000 69.597817 -0.722693 0.691170 -0.000000 -31.471029 -0.000000 0.000000 1.000000 0.000000
0.691993 0.721904 0.000000 69.742732 -0.721904 0.691993 -0.000000 -31.622296 -0.000000 0.000000 1.000000 0.000000
0.692187 0.721718 0.000000 69.897206 -0.721718 0.692187 -0.000000 -31.778507 -0.000000 0.000000 1.000000 0.000000
0.693366 0.720586 0.000000 70.153008 -0.720586 0.693366 -0.000000 -32.040720 -0.000000 0.000000 1.000000 0.000000
0.694980 0.719029 0.000000 70.295215 -0.719029 0.694980 -0.000000 -32.190822 -0.000000 0.000000 1.000000 0.000000
0.697437 0.716646 0.000000 70.435212 -0.716646 0.697437 -0.000000 -32.341774 -0.000000 0.000000 1.000000 0.000000
0.697801 0.716292 0.000000 70.577583 -0.716292 0.697801 -0.000000 -32.486968 -0.000000 0.000000 1.000000 0.000000
0.700387 0.713764 0.000000 70.719513 -0.713764 0.700387 -0.000000 -32.632719 -0.000000 0.000000 1.000000 0.000000
0.702888 0.711301 0.000000 70.857806 -0.711301 0.702888 -0.000000 -32.783178 -0.000000 0.000000 1.000000 0.000000
0.708428 0.705783 0.000000 71.127103 -0.705783 0.708428 -0.000000 -33.063193 -0.000000 0.000000 1.000000 0.000000
0.711776 0.702406 0.000000 71.244995 -0.702406 0.711776 -0.000000 -33.186840 -0.000000 0.000000 1.000000 0.000000
0.715062 0.699061 0.000000 71.368728 -0.699061 0.715062 -0.000000 -33.309246 -0.000000 0.000000 1.000000 0.000000
0.721226 0.692700 0.000000 71.583429 -0.692700 0.721226 -0.000000 -33.525107 -0.000000 0.000000 1.000000 0.000000
0.725487 0.688236 0.000000 71.873754 -0.688236 0.725487 -0.000000 -33.795281 -0.000000 0.000000 1.000000 0.000000
0.732323 0.680958 0.000000 72.044383 -0.680958 0.732323 -0.000000 -33.956966 -0.000000 0.000000 1.000000 0.000000
0.735385 0.677649 0.000000 72.156067 -0.677649 0.735385 -0.000000 -34.051500 -0.000000 0.000000 1.000000 0.000000
0.744276 0.667872 0.000000 72.363821 -0.667872 0.744276 -0.000000 -34.247904 -0.000000 0.000000 1.000000 0.000000
0.748429 0.663215 0.000000 72.465202 -0.663215 0.748429 -0.000000 -34.340394 -0.000000 0.000000 1.000000 0.000000
0.752309 0.658810 0.000000 72.559201 -0.658810 0.752309 -0.000000 -34.421361 -0.000000 0.000000 1.000000 0.000000
0.755299 0.655380 0.000000 72.654147 -0.655380 0.755299 -0.000000 -34.505817 -0.000000 0.000000 1.000000 0.000000
0.760310 0.649560 0.000000 72.802196 -0.649560 0.760310 -0.000000 -34.632502 -0.000000 0.000000 1.000000 0.000000
0.767099 0.641529 0.000000 72.986086 -0.641529 0.767099 -0.000000 -34.792664 -0.000000 0.000000 1.000000 0.000000
0.770926 0.636925 0.000000 73.078375 -0.636925 0.770926 -0.000000 -34.864315 -0.000000 0.000000 1.000000 0.000000
0.774575 0.632482 0.000000 73.166965 -0.632482 0.774575 -0.000000 -34.931239 -0.000000 0.000000 1.000000 0.000000
0.778286 0.627910 0.000000 73.248588 -0.627910 0.778286 -0.000000 -34.999300 -0.000000 0.000000 1.000000 0.000000
0.782026 0.623245 0.000000 73.334064 -0.623245 0.782026 -0.000000 -35.065355 -0.000000 0.000000 1.000000 0.000000
0.784528 0.620094 0.000000 73.414829 -0.620094 0.784528 -0.000000 -35.119140 -0.000000 0.000000 1.000000 0.000000
0.791714 0.610892 0.000000 73.568520 -0.610892 0.791714 -0.000000 -35.235114 -0.000000 0.000000 1.000000 0.000000
0.794102 0.607784 0.000000 73.638049 -0.607784 0.794102 -0.000000 -35.281432 -0.000000 0.000000 1.000000 0.000000
0.796834 0.604198 0.000000 73.704358 -0.604198 0.796834 -0.000000 -35.328081 -0.000000 0.000000 1.000000 0.000000
0.798442 0.602071 0.000000 73.763618 -0.602071 0.798442 -0.000000 -35.367718 -0.000000 0.000000 1.000000 0.000000
0.801776 0.597624 0.000000 73.823194 -0.597624 0.801776 -0.000000 -35.406666 -0.000000 0.000000 1.000000 0.000000
0.803408 0.595429 0.000000 73.867366 -0.595429 0.803408 -0.000000 -35.433282 -0.000000 0.000000 1.000000 0.000000
0.805127 0.593103 0.000000 73.914389 -0.593103 0.805127 -0.000000 -35.466165 -0.000000 0.000000 1.000000 0.000000
0.806625 0.591063 0.000000 73.985246 -0.591063 0.806625 -0.000000 -35.513288 -0.000000 0.000000 1.000000 0.000000
0.808098 0.589048 0.000000 74.018318 -0.589048 0.808098 -0.000000 -35.535196 -0.000000 0.000000 1.000000 0.000000
0.808651 0.588289 0.000000 74.049231 -0.588289 0.808651 -0.000000 -35.554286 -0.000000 0.000000 1.000000 0.000000
0.809228 0.587494 0.000000 74.074300 -0.587494 0.809228 -0.000000 -35.569245 -0.000000 0.000000 1.000000 0.000000
0.810302 0.586012 0.000000 74.095419 -0.586012 0.810302 -0.000000 -35.583869 -0.000000 0.000000 1.000000 0.000000
0.811194 0.584778 0.000000 74.111228 -0.584778 0.811194 -0.000000 -35.594468 -0.000000 0.000000 1.000000 0.000000
0.811468 0.584398 0.000000 74.128924 -0.584398 0.811468 -0.000000 -35.604694 -0.000000 0.000000 1.000000 0.000000
0.811683 0.584098 0.000000 74.143591 -0.584098 0.811683 -0.000000 -35.613183 -0.000000 0.000000 1.000000 0.000000
0.813303 0.581841 0.000000 74.155968 -0.581841 0.813303 -0.000000 -35.627410 -0.000000 0.000000 1.000000 0.000000
0.812751 0.582611 0.000000 74.165899 -0.582611 0.812751 -0.000000 -35.622107 -0.000000 0.000000 1.000000 0.000000
0.813711 0.581270 0.000000 74.170967 -0.581270 0.813711 -0.000000 -35.621775 -0.000000 0.000000 1.000000 0.000000
0.813696 0.581290 0.000000 74.172899 -0.581290 0.813696 -0.000000 -35.617211 -0.000000 0.000000 1.000000 0.000000
0.812963 0.582316 0.000000 74.175286 -0.582316 0.812963 -0.000000 -35.611775 -0.000000 0.000000 1.000000 0.000000
0.812849 0.582474 0.000000 74.175295 -0.582474 0.812849 -0.000000 -35.609071 -0.000000 0.000000 1.000000 0.000000
0.812622 0.582791 0.000000 74.175395 -0.582791 0.812622 -0.000000 -35.605656 -0.000000 0.000000 1.000000 0.000000
0.813642 0.581367 0.000000 74.173316 -0.581367 0.813642 -0.000000 -35.607480 -0.000000 0.000000 1.000000 0.000000
0.813660 0.581342 0.000000 74.172485 -0.581342 0.813660 -0.000000 -35.608152 -0.000000 0.000000 1.000000 0.000000
0.812886 0.582422 0.000000 74.173238 -0.582422 0.812886 -0.000000 -35.605501 -0.000000 0.000000 1.000000 0.000000
0.812761 0.582598 0.000000 74.172595 -0.582598 0.812761 -0.000000 -35.605765 -0.000000 0.000000 1.000000 0.000000
0.812856 0.582464 0.000000 74.170529 -0.582464 0.812856 -0.000000 -35.606952 -0.000000 0.000000 1.000000 0.000000
0.812809 0.582531 0.000000 74.169326 -0.582531 0.812809 -0.000000 -35.607450 -0.000000 0.000000 1.000000 0.000000
0.812824 0.582509 0.000000 74.167915 -0.582509 0.812824 -0.000000 -35.606392 -0.000000 0.000000 1.000000 0.000000
0.812775 0.582577 0.000000 74.167931 -0.582577 0.812775 -0.000000 -35.604373 -0.000000 0.000000 1.000000 0.000000
0.812634 0.582775 0.000000 74.168936 -0.582775 0.812634 -0.000000 -35.601435 -0.000000 0.000000 1.000000 0.000000
0.812584 0.582845 0.000000 74.169170 -0.582845 0.812584 -0.000000 -35.600560 -0.000000 0.000000 1.000000 0.000000
0.812601 0.582820 0.000000 74.170222 -0.582820 0.812601 -0.000000 -35.599899 -0.000000 0.000000 1.000000 0.000000
0.812674 0.582719 0.000000 74.171620 -0.582719 0.812674 -0.000000 -35.599030 -0.000000 0.000000 1.000000 0.000000
0.812682 0.582708 0.000000 74.172525 -0.582708 0.812682 -0.000000 -35.599037 -0.000000 0.000000 1.000000 0.000000
0.812708 0.582671 0.000000 74.172741 -0.582671 0.812708 -0.000000 -35.600392 -0.000000 0.000000 1.000000 0.000000
0.812716 0.582659 0.000000 74.172541 -0.582659 0.812716 -0.000000 -35.600690 -0.000000 0.000000 1.000000 0.000000
0.812703 0.582679 0.000000 74.172923 -0.582679 0.812703 -0.000000 -35.600918 -0.000000 0.000000 1.000000 0.000000
0.812702 0.582679 0.000000 74.174184 -0.582679 0.812702 -0.000000 -35.601041 -0.000000 0.000000 1.000000 0.000000
0.812561 0.582876 0.000000 74.175140 -0.582876 0.812561 -0.000000 -35.601628 -0.000000 0.000000 1.000000 0.000000
0.812468 0.583005 0.000000 74.175830 -0.583005 0.812468 -0.000000 -35.600925 -0.000000 0.000000 1.000000 0.000000
0.812439 0.583046 0.000000 74.176188 -0.583046 0.812439 -0.000000 -35.599341 -0.000000 0.000000 1.000000 0.000000
0.812441 0.583043 0.000000 74.176701 -0.583043 0.812441 -0.000000 -35.598770 -0.000000 0.000000 1.000000 0.000000
0.812478 0.582992 0.000000 74.176526 -0.582992 0.812478 -0.000000 -35.598845 -0.000000 0.000000 1.000000 0.000000
0.812471 0.583001 0.000000 74.176168 -0.583001 0.812471 -0.000000 -35.598483 -0.000000 0.000000 1.000000 0.000000
0.812468 0.583005 0.000000 74.175227 -0.583005 0.812468 -0.000000 -35.597646 -0.000000 0.000000 1.000000 0.000000
0.812470 0.583004 0.000000 74.174566 -0.583004 0.812470 -0.000000 -35.596360 -0.000000 0.000000 1.000000 0.000000
0.812497 0.582965 0.000000 74.173100 -0.582965 0.812497 -0.000000 -35.594874 -0.000000 0.000000 1.000000 0.000000
0.812457 0.583021 0.000000 74.172324 -0.583021 0.812457 -0.000000 -35.592484 -0.000000 0.000000 1.000000 0.000000
0.812524 0.582928 0.000000 74.171457 -0.582928 0.812524 -0.000000 -35.589743 -0.000000 0.000000 1.000000 0.000000
0.812544 0.582900 0.000000 74.170112 -0.582900 0.812544 -0.000000 -35.587353 -0.000000 0.000000 1.000000 0.000000
0.812546 0.582897 0.000000 74.168576 -0.582897 0.812546 -0.000000 -35.585818 -0.000000 0.000000 1.000000 0.000000
0.812561 0.582876 0.000000 74.166720 -0.582876 0.812561 -0.000000 -35.583922 -0.000000 0.000000 1.000000 0.000000
0.812648 0.582755 0.000000 74.164688 -0.582755 0.812648 -0.000000 -35.582664 -0.000000 0.000000 1.000000 0.000000
0.813051 0.582192 0.000000 74.162114 -0.582192 0.813051 -0.000000 -35.581043 -0.000000 0.000000 1.000000 0.000000
0.812967 0.582309 0.000000 74.161440 -0.582309 0.812967 -0.000000 -35.579894 -0.000000 0.000000 1.000000 0.000000
0.812910 0.582389 0.000000 74.161450 -0.582389 0.812910 -0.000000 -35.577934 -0.000000 0.000000 1.000000 0.000000
0.812885 0.582424 0.000000 74.161872 -0.582424 0.812885 -0.000000 -35.577302 -0.000000 0.000000 1.000000 0.000000
0.812924 0.582370 0.000000 74.161607 -0.582370 0.812924 -0.000000 -35.577850 -0.000000 0.000000 1.000000 0.000000
0.813039 0.582209 0.000000 74.160869 -0.582209 0.813039 -0.000000 -35.579108 -0.000000 0.000000 1.000000 0.000000
0.813003 0.582259 0.000000 74.160215 -0.582259 0.813003 -0.000000 -35.579747 -0.000000 0.000000 1.000000 0.000000
0.812828 0.582504 0.000000 74.159096 -0.582504 0.812828 -0.000000 -35.580881 -0.000000 0.000000 1.000000 0.000000
0.812297 0.583245 0.000000 74.159025 -0.583245 0.812297 -0.000000 -35.580977 -0.000000 0.000000 1.000000 0.000000
0.811975 0.583693 0.000000 74.158451 -0.583693 0.811975 -0.000000 -35.581183 -0.000000 0.000000 1.000000 0.000000
0.810795 0.585330 0.000000 74.159092 -0.585330 0.810795 -0.000000 -35.582521 -0.000000 0.000000 1.000000 0.000000
0.810910 0.585171 0.000000 74.158783 -0.585171 0.810910 -0.000000 -35.587020 -0.000000 0.000000 1.000000 0.000000
0.811105 0.584900 0.000000 74.160637 -0.584900 0.811105 -0.000000 -35.594617 -0.000000 0.000000 1.000000 0.000000
0.811426 0.584455 0.000000 74.158584 -0.584455 0.811426 -0.000000 -35.603123 -0.000000 0.000000 1.000000 0.000000
0.812326 0.583204 0.000000 74.152691 -0.583204 0.812326 -0.000000 -35.609274 -0.000000 0.000000 1.000000 0.000000
0.813045 0.582201 0.000000 74.150768 -0.582201 0.813045 -0.000000 -35.613034 -0.000000 0.000000 1.000000 0.000000
0.813609 0.581413 0.000000 74.149428 -0.581413 0.813609 -0.000000 -35.616698 -0.000000 0.000000 1.000000 0.000000
0.813918 0.580980 0.000000 74.147275 -0.580980 0.813918 -0.000000 -35.618639 -0.000000 0.000000 1.000000 0.000000
0.814066 0.580772 0.000000 74.146551 -0.580772 0.814066 -0.000000 -35.618546 -0.000000 0.000000 1.000000 0.000000
0.814301 0.580442 0.000000 74.144230 -0.580442 0.814301 -0.000000 -35.616828 -0.000000 0.000000 1.000000 0.000000
0.814307 0.580434 0.000000 74.143227 -0.580434 0.814307 -0.000000 -35.615041 -0.000000 0.000000 1.000000 0.000000
0.814329 0.580404 0.000000 74.142736 -0.580404 0.814329 -0.000000 -35.614420 -0.000000 0.000000 1.000000 0.000000
0.814355 0.580368 0.000000 74.139888 -0.580368 0.814355 -0.000000 -35.613755 -0.000000 0.000000 1.000000 0.000000
0.814258 0.580503 0.000000 74.137577 -0.580503 0.814258 -0.000000 -35.613180 -0.000000 0.000000 1.000000 0.000000
0.814379 0.580333 0.000000 74.135969 -0.580333 0.814379 -0.000000 -35.612736 -0.000000 0.000000 1.000000 0.000000
0.814418 0.580278 0.000000 74.135157 -0.580278 0.814418 -0.000000 -35.612312 -0.000000 0.000000 1.000000 0.000000
0.814463 0.580215 0.000000 74.133924 -0.580215 0.814463 -0.000000 -35.611438 -0.000000 0.000000 1.000000 0.000000
0.814693 0.579893 0.000000 74.131906 -0.579893 0.814693 -0.000000 -35.610780 -0.000000 0.000000 1.000000 0.000000
0.815072 0.579360 0.000000 74.130748 -0.579360 0.815072 -0.000000 -35.610177 -0.000000 0.000000 1.000000 0.000000
0.815730 0.578432 0.000000 74.128967 -0.578432 0.815730 -0.000000 -35.611278 -0.000000 0.000000 1.000000 0.000000
0.816285 0.577649 0.000000 74.127356 -0.577649 0.816285 -0.000000 -35.612638 -0.000000 0.000000 1.000000 0.000000
0.816062 0.577965 0.000000 74.126201 -0.577965 0.816062 -0.000000 -35.611849 -0.000000 0.000000 1.000000 0.000000
0.814970 0.579503 0.000000 74.129584 -0.579503 0.814970 -0.000000 -35.610851 -0.000000 0.000000 1.000000 0.000000
0.812903 0.582400 0.000000 74.138463 -0.582400 0.812903 -0.000000 -35.610766 -0.000000 0.000000 1.000000 0.000000
0.811483 0.584376 0.000000 74.148184 -0.584376 0.811483 -0.000000 -35.615391 -0.000000 0.000000 1.000000 0.000000
0.810396 0.585882 0.000000 74.152265 -0.585882 0.810396 -0.000000 -35.618304 -0.000000 0.000000 1.000000 0.000000
0.809036 0.587758 0.000000 74.154550 -0.587758 0.809036 -0.000000 -35.620931 -0.000000 0.000000 1.000000 0.000000
0.807982 0.589207 0.000000 74.155754 -0.589207 0.807982 -0.000000 -35.623193 -0.000000 0.000000 1.000000 0.000000
0.806941 0.590632 0.000000 74.157776 -0.590632 0.806941 -0.000000 -35.625954 -0.000000 0.000000 1.000000 0.000000
0.806117 0.591756 0.000000 74.160581 -0.591756 0.806117 -0.000000 -35.630943 -0.000000 0.000000 1.000000 0.000000
0.805964 0.591964 0.000000 74.163087 -0.591964 0.805964 -0.000000 -35.640028 -0.000000 0.000000 1.000000 0.000000
0.806046 0.591853 0.000000 74.164186 -0.591853 0.806046 -0.000000 -35.649608 -0.000000 0.000000 1.000000 0.000000
0.806643 0.591039 0.000000 74.171744 -0.591039 0.806643 -0.000000 -35.658919 -0.000000 0.000000 1.000000 0.000000
0.807457 0.589926 0.000000 74.175526 -0.589926 0.807457 -0.000000 -35.667828 -0.000000 0.000000 1.000000 0.000000
0.808733 0.588177 0.000000 74.183911 -0.588177 0.808733 -0.000000 -35.677946 -0.000000 0.000000 1.000000 0.000000
0.809405 0.587251 0.000000 74.196276 -0.587251 0.809405 -0.000000 -35.685431 -0.000000 0.000000 1.000000 0.000000
0.809463 0.587170 0.000000 74.208088 -0.587170 0.809463 -0.000000 -35.694442 -0.000000 0.000000 1.000000 0.000000
0.809485 0.587140 0.000000 74.221535 -0.587140 0.809485 -0.000000 -35.707508 -0.000000 0.000000 1.000000 0.000000
0.809159 0.587589 0.000000 74.235808 -0.587589 0.809159 -0.000000 -35.714539 -0.000000 0.000000 1.000000 0.000000
0.808728 0.588183 0.000000 74.253559 -0.588183 0.808728 -0.000000 -35.725831 -0.000000 0.000000 1.000000 0.000000
0.808466 0.588543 0.000000 74.284049 -0.588543 0.808466 -0.000000 -35.745066 -0.000000 0.000000 1.000000 0.000000
0.809663 0.586895 0.000000 74.295778 -0.586895 0.809663 -0.000000 -35.758399 -0.000000 0.000000 1.000000 0.000000
0.809932 0.586524 0.000000 74.309076 -0.586524 0.809932 -0.000000 -35.770053 -0.000000 0.000000 1.000000 0.000000
0.810798 0.585326 0.000000 74.321424 -0.585326 0.810798 -0.000000 -35.786306 -0.000000 0.000000 1.000000 0.000000
0.811475 0.584387 0.000000 74.332918 -0.584387 0.811475 -0.000000 -35.799668 -0.000000 0.000000 1.000000 0.000000
0.813277 0.581876 0.000000 74.338243 -0.581876 0.813277 -0.000000 -35.814662 -0.000000 0.000000 1.000000 0.000000
0.814207 0.580575 0.000000 74.347670 -0.580575 0.814207 -0.000000 -35.831043 -0.000000 0.000000 1.000000 0.000000
0.814712 0.579866 0.000000 74.353134 -0.579866 0.814712 -0.000000 -35.837697 -0.000000 0.000000 1.000000 0.000000
0.815029 0.579420 0.000000 74.361552 -0.579420 0.815029 -0.000000 -35.841334 -0.000000 0.000000 1.000000 0.000000
0.814533 0.580117 0.000000 74.368135 -0.580117 0.814533 -0.000000 -35.841978 -0.000000 0.000000 1.000000 0.000000
0.814165 0.580633 0.000000 74.377365 -0.580633 0.814165 -0.000000 -35.840645 -0.000000 0.000000 1.000000 0.000000
0.813432 0.581660 0.000000 74.383103 -0.581660 0.813432 -0.000000 -35.840895 -0.000000 0.000000 1.000000 0.000000
0.813354 0.581769 0.000000 74.386506 -0.581769 0.813354 -0.000000 -35.841312 -0.000000 0.000000 1.000000 0.000000
0.813167 0.582031 0.000000 74.389231 -0.582031 0.813167 -0.000000 -35.841534 -0.000000 0.000000 1.000000 0.000000
0.813361 0.581759 0.000000 74.388502 -0.581759 0.813361 -0.000000 -35.843118 -0.000000 0.000000 1.000000 0.000000
0.813946 0.580941 0.000000 74.386642 -0.580941 0.813946 -0.000000 -35.843704 -0.000000 0.000000 1.000000 0.000000
0.814361 0.580358 0.000000 74.384399 -0.580358 0.814361 -0.000000 -35.844062 -0.000000 0.000000 1.000000 0.000000
0.814472 0.580203 0.000000 74.383259 -0.580203 0.814472 -0.000000 -35.842852 -0.000000 0.000000 1.000000 0.000000
0.814521 0.580134 0.000000 74.383638 -0.580134 0.814521 -0.000000 -35.840831 -0.000000 0.000000 1.000000 0.000000
0.814978 0.579493 0.000000 74.383767 -0.579493 0.814978 -0.000000 -35.840592 -0.000000 0.000000 1.000000 0.000000
0.815169 0.579223 0.000000 74.382258 -0.579223 0.815169 -0.000000 -35.841020 -0.000000 0.000000 1.000000 0.000000
0.816187 0.577788 0.000000 74.380345 -0.577788 0.816187 -0.000000 -35.844980 -0.000000 0.000000 1.000000 0.000000
0.816263 0.577680 0.000000 74.381077 -0.577680 0.816263 -0.000000 -35.844349 -0.000000 0.000000 1.000000 0.000000
0.816546 0.577280 0.000000 74.380314 -0.577280 0.816546 -0.000000 -35.843434 -0.000000 0.000000 1.000000 0.000000
0.817205 0.576348 0.000000 74.377909 -0.576348 0.817205 -0.000000 -35.844775 -0.000000 0.000000 1.000000 0.000000
0.817258 0.576272 0.000000 74.378390 -0.576272 0.817258 -0.000000 -35.843300 -0.000000 0.000000 1.000000 0.000000
0.817523 0.575896 0.000000 74.378340 -0.575896 0.817523 -0.000000 -35.842846 -0.000000 0.000000 1.000000 0.000000
0.817602 0.575784 0.000000 74.378659 -0.575784 0.817602 -0.000000 -35.841628 -0.000000 0.000000 1.000000 0.000000
0.817557 0.575848 0.000000 74.380147 -0.575848 0.817557 -0.000000 -35.841148 -0.000000 0.000000 1.000000 0.000000
0.817699 0.575646 0.000000 74.380272 -0.575646 0.817699 -0.000000 -35.840243 -0.000000 0.000000 1.000000 0.000000
0.817563 0.575839 0.000000 74.381478 -0.575839 0.817563 -0.000000 -35.839319 -0.000000 0.000000 1.000000 0.000000
