0.999855 0.016605 -0.003679 6.783290 -0.016641 0.999811 -0.010003 -0.074062 0.003512 0.010063 0.999943 0.216510
0.999816 0.019177 -0.001056 7.924866 -0.019187 0.999756 -0.010915 -0.099958 0.000847 0.010933 0.999940 0.253022
0.999777 0.021105 0.000034 8.528038 -0.021103 0.999712 -0.011470 -0.116414 -0.000276 0.011466 0.999934 0.272328
0.999729 0.023299 0.000165 9.363858 -0.023295 0.999651 -0.012481 -0.139125 -0.000456 0.012474 0.999922 0.299081
0.999666 0.025830 0.000348 9.952245 -0.025823 0.999580 -0.013190 -0.159326 -0.000688 0.013176 0.999913 0.317938
0.999624 0.027364 0.001538 10.545375 -0.027341 0.999535 -0.013505 -0.178115 -0.001907 0.013458 0.999908 0.336937
0.999609 0.027764 0.003207 11.138687 -0.027716 0.999514 -0.014271 -0.195602 -0.003601 0.014177 0.999893 0.355935
0.999566 0.029133 0.004352 11.687967 -0.029066 0.999468 -0.014763 -0.213061 -0.004780 0.014630 0.999882 0.373531
0.999472 0.032158 0.004728 12.294257 -0.032083 0.999370 -0.015182 -0.233278 -0.005213 0.015022 0.999874 0.392958
0.999429 0.033483 0.004633 12.854554 -0.033409 0.999326 -0.015238 -0.254952 -0.005140 0.015074 0.999873 0.410927
0.999417 0.033809 0.004805 13.441389 -0.033730 0.999308 -0.015646 -0.277795 -0.005331 0.015474 0.999866 0.429749
0.999389 0.034515 0.005474 14.001678 -0.034423 0.999278 -0.016077 -0.300979 -0.006025 0.015879 0.999856 0.447726
0.999367 0.034969 0.006589 14.571167 -0.034864 0.999272 -0.015500 -0.324550 -0.007126 0.015261 0.999858 0.465999
0.999309 0.036295 0.008036 15.150390 -0.036172 0.999234 -0.014964 -0.348628 -0.008573 0.014663 0.999856 0.484585
0.999214 0.038484 0.009501 15.915012 -0.038352 0.999171 -0.013648 -0.382988 -0.010019 0.013273 0.999862 0.509134
0.999163 0.039679 0.009945 16.547773 -0.039545 0.999129 -0.013326 -0.411553 -0.010465 0.012921 0.999862 0.529450
0.999104 0.041209 0.009670 17.096091 -0.041070 0.999057 -0.014078 -0.437667 -0.010241 0.013668 0.999854 0.547063
0.999083 0.041873 0.008945 17.708971 -0.041742 0.999026 -0.014297 -0.465318 -0.009535 0.013910 0.999858 0.566740
0.999030 0.043162 0.008740 18.292455 -0.043038 0.998977 -0.013912 -0.495265 -0.009331 0.013523 0.999865 0.585494
0.998938 0.044750 0.011000 18.882740 -0.044608 0.998923 -0.012802 -0.526060 -0.011561 0.012297 0.999858 0.604470
0.998781 0.046930 0.015326 19.458887 -0.046737 0.998826 -0.012753 -0.555541 -0.015906 0.012022 0.999801 0.622987
0.998671 0.047656 0.019636 20.028413 -0.047431 0.998806 -0.011733 -0.583375 -0.020171 0.010786 0.999738 0.641285
0.998590 0.048912 0.020654 20.598352 -0.048690 0.998752 -0.011126 -0.611610 -0.021172 0.010104 0.999725 0.659598
0.998624 0.049405 0.017560 21.184092 -0.049215 0.998727 -0.011093 -0.640251 -0.018086 0.010213 0.999784 0.678416
0.998650 0.050680 0.011350 21.765180 -0.050552 0.998658 -0.011228 -0.670156 -0.011904 0.010639 0.999873 0.697094
0.998585 0.053028 0.003914 22.338469 -0.052974 0.998514 -0.012750 -0.702849 -0.004584 0.012525 0.999911 0.715538
0.998548 0.053859 0.000930 22.886432 -0.053841 0.998452 -0.013980 -0.734706 -0.001682 0.013910 0.999902 0.733171
0.998471 0.055108 0.004349 23.453014 -0.055043 0.998389 -0.013766 -0.771052 -0.005101 0.013506 0.999896 0.751422
0.998211 0.057805 0.015295 24.556463 -0.057581 0.998232 -0.014748 -0.839584 -0.016120 0.013841 0.999774 0.786954
0.997938 0.061283 0.019090 25.494951 -0.060952 0.997988 -0.017434 -0.899490 -0.020120 0.016235 0.999666 0.817183
0.997792 0.064323 0.016558 26.046638 -0.064017 0.997780 -0.018381 -0.938100 -0.017704 0.017280 0.999694 0.834972
0.997757 0.065494 0.013874 26.594783 -0.065230 0.997695 -0.018705 -0.975064 -0.015067 0.017758 0.999729 0.852639
0.997552 0.068774 0.012688 27.150047 -0.068516 0.997454 -0.019784 -1.014181 -0.014016 0.018866 0.999724 0.870544
0.997283 0.072433 0.013388 27.712766 -0.072149 0.997181 -0.020606 -1.059641 -0.014843 0.019584 0.999698 0.888722
0.997115 0.074312 0.015467 28.307994 -0.073982 0.997040 -0.020932 -1.107322 -0.016977 0.019727 0.999661 0.907948
0.996824 0.077815 0.016931 28.866975 -0.077443 0.996762 -0.021618 -1.154451 -0.018558 0.020239 0.999623 0.926017
0.996287 0.084508 0.016470 29.980602 -0.084117 0.996187 -0.023141 -1.251781 -0.018362 0.021670 0.999597 0.962032
0.996082 0.087028 0.015726 30.540040 -0.086648 0.995964 -0.023422 -1.302066 -0.017701 0.021968 0.999602 0.980132
0.995884 0.089281 0.015617 31.108079 -0.088900 0.995761 -0.023608 -1.354643 -0.017658 0.022122 0.999599 0.998519
0.995582 0.092564 0.015738 31.632913 -0.092178 0.995461 -0.023691 -1.407242 -0.017859 0.022135 0.999595 1.015529
0.995351 0.094926 0.016318 32.202785 -0.094532 0.995246 -0.023425 -1.465528 -0.018464 0.021773 0.999592 1.034006
0.994847 0.099898 0.017304 33.096981 -0.099497 0.994779 -0.022698 -1.558771 -0.019481 0.020859 0.999593 1.063008
0.994537 0.102864 0.017778 33.693188 -0.102443 0.994470 -0.023136 -1.623302 -0.020060 0.021188 0.999574 1.082359
0.994224 0.105685 0.018704 34.257735 -0.105209 0.994141 -0.024801 -1.687291 -0.021216 0.022690 0.999517 1.100697
0.994038 0.107299 0.019382 34.828429 -0.106795 0.993957 -0.025386 -1.752538 -0.021989 0.023165 0.999490 1.119239
0.993839 0.109123 0.019400 35.401463 -0.108598 0.993737 -0.026328 -1.817590 -0.022151 0.024059 0.999465 1.137854
0.993579 0.111340 0.020078 35.960643 -0.110747 0.993437 -0.028600 -1.883520 -0.023130 0.026193 0.999389 1.156032
0.993326 0.113457 0.020747 36.526593 -0.112821 0.993174 -0.029599 -1.950431 -0.023964 0.027060 0.999347 1.174432
0.993031 0.116053 0.020532 37.097632 -0.115416 0.992867 -0.029898 -2.018109 -0.023855 0.027320 0.999342 1.192997
0.992810 0.117889 0.020741 37.660111 -0.117263 0.992672 -0.029166 -2.087001 -0.024027 0.026524 0.999359 1.211297
0.992569 0.119784 0.021399 38.187744 -0.119147 0.992455 -0.028929 -2.153365 -0.024703 0.026165 0.999352 1.228473
0.991990 0.123871 0.024753 39.147567 -0.123156 0.991976 -0.028586 -2.276662 -0.028096 0.025309 0.999285 1.259732
0.991598 0.126521 0.026952 39.715838 -0.125753 0.991651 -0.028533 -2.352807 -0.030337 0.024904 0.999229 1.278256
0.991322 0.128510 0.027682 40.291151 -0.127740 0.991413 -0.027974 -2.428988 -0.031039 0.024195 0.999225 1.297005
0.991086 0.130109 0.028650 40.859016 -0.129437 0.991292 -0.024192 -2.503473 -0.031548 0.020268 0.999297 1.315507
0.990824 0.131934 0.029341 41.416368 -0.131353 0.991114 -0.020948 -2.579904 -0.031844 0.016902 0.999350 1.333686
0.990550 0.133882 0.029766 41.974158 -0.133338 0.990877 -0.019576 -2.657107 -0.032116 0.015422 0.999365 1.351882
0.990199 0.135977 0.031886 42.567312 -0.135447 0.990617 -0.018248 -2.739728 -0.034068 0.013751 0.999325 1.371235
0.989941 0.137468 0.033458 43.102032 -0.136912 0.990413 -0.018376 -2.814788 -0.035664 0.013611 0.999271 1.388684
0.989736 0.138775 0.034135 43.664605 -0.138274 0.990255 -0.016619 -2.893835 -0.036109 0.011728 0.999279 1.407043
0.989623 0.139713 0.033551 44.227676 -0.139181 0.990108 -0.017730 -2.974396 -0.035697 0.012876 0.999280 1.425426
0.989463 0.141620 0.030124 44.786859 -0.141061 0.989800 -0.019936 -3.057039 -0.032640 0.015476 0.999347 1.443697
0.989342 0.143038 0.027236 45.308513 -0.142483 0.989568 -0.021317 -3.134920 -0.030001 0.017210 0.999402 1.460746
0.989193 0.144334 0.025784 45.873625 -0.143773 0.989356 -0.022448 -3.221012 -0.028749 0.018498 0.999415 1.479225
0.988915 0.146389 0.024836 46.399437 -0.145852 0.989057 -0.022203 -3.302274 -0.027815 0.018335 0.999445 1.496425
0.988393 0.149705 0.025856 47.367219 -0.149133 0.988555 -0.022787 -3.454032 -0.028971 0.018666 0.999406 1.528094
0.988073 0.151502 0.027567 47.910054 -0.150857 0.988261 -0.024143 -3.539169 -0.030901 0.019697 0.999328 1.545858
0.987559 0.154584 0.028819 48.437342 -0.153852 0.987750 -0.026082 -3.626730 -0.032498 0.021324 0.999244 1.563140
0.986932 0.157590 0.033613 49.509179 -0.156781 0.987304 -0.025519 -3.799511 -0.037208 0.019916 0.999109 1.598240
0.986468 0.160259 0.034619 50.086609 -0.159413 0.986870 -0.025973 -3.895908 -0.038327 0.020103 0.999063 1.617168
0.986191 0.162122 0.033835 50.591153 -0.161260 0.986547 -0.026824 -3.980617 -0.037728 0.020997 0.999067 1.633710
0.985849 0.164829 0.030535 51.654454 -0.164050 0.986096 -0.026494 -4.161896 -0.034478 0.021110 0.999182 1.668586
0.985519 0.167111 0.028753 52.190206 -0.166371 0.985708 -0.026480 -4.255051 -0.032767 0.021313 0.999236 1.686168
0.985222 0.168843 0.028794 52.703952 -0.168111 0.985419 -0.026214 -4.345801 -0.032801 0.020986 0.999242 1.703036
0.984940 0.170378 0.029398 53.195428 -0.169616 0.985148 -0.026712 -4.434338 -0.033513 0.021323 0.999211 1.719182
0.984252 0.174185 0.030136 54.106754 -0.173344 0.984446 -0.028590 -4.596649 -0.034647 0.022916 0.999137 1.749111
0.984023 0.175416 0.030476 54.627034 -0.174543 0.984214 -0.029287 -4.688942 -0.035132 0.023499 0.999106 1.766196
0.983676 0.177342 0.030508 55.139198 -0.176454 0.983861 -0.029692 -4.782215 -0.035281 0.023824 0.999093 1.783028
0.983473 0.178466 0.030497 55.637059 -0.177537 0.983630 -0.030873 -4.872205 -0.035507 0.024948 0.999058 1.799385
0.983113 0.180396 0.030769 56.137992 -0.179407 0.983242 -0.032388 -4.962950 -0.036096 0.026320 0.999002 1.815845
0.982685 0.182518 0.031906 56.620015 -0.181472 0.982839 -0.033086 -5.054179 -0.037397 0.026723 0.998943 1.831705
0.982166 0.185041 0.033299 57.090641 -0.183902 0.982338 -0.034536 -5.146060 -0.039102 0.027796 0.998849 1.847206
0.981455 0.188492 0.034882 57.778786 -0.187262 0.981660 -0.035723 -5.279693 -0.040975 0.028528 0.998753 1.869867
0.981131 0.190231 0.034567 58.178607 -0.189055 0.981356 -0.034631 -5.358875 -0.040510 0.027443 0.998802 1.883041
0.981000 0.191234 0.032698 58.624388 -0.190166 0.981191 -0.033178 -5.448294 -0.038428 0.026330 0.998914 1.897737
0.980762 0.192679 0.031330 59.062214 -0.191622 0.980885 -0.033847 -5.536769 -0.037252 0.027192 0.998936 1.912173
0.980237 0.195137 0.032501 59.475254 -0.194018 0.980386 -0.034648 -5.622767 -0.038625 0.027657 0.998871 1.925807
0.979864 0.196573 0.035009 59.885369 -0.195356 0.980095 -0.035344 -5.708352 -0.041260 0.027793 0.998762 1.939345
0.979239 0.198938 0.038909 60.607990 -0.197655 0.979666 -0.034465 -5.858929 -0.044974 0.026058 0.998648 1.963198
0.978798 0.200761 0.040601 60.997587 -0.199449 0.979312 -0.034185 -5.940739 -0.046624 0.025363 0.998590 1.976061
0.978563 0.201704 0.041589 61.423514 -0.200430 0.979157 -0.032855 -6.029866 -0.047349 0.023815 0.998594 1.990123
0.978591 0.201659 0.041150 61.816427 -0.200480 0.979206 -0.031052 -6.111367 -0.046556 0.022137 0.998670 2.003090
0.978444 0.202681 0.039585 62.208208 -0.201558 0.978999 -0.030598 -6.194150 -0.044955 0.021960 0.998748 2.016028
0.978312 0.203680 0.037690 62.598359 -0.202483 0.978720 -0.033275 -6.277458 -0.043666 0.024922 0.998735 2.028918
0.978019 0.205190 0.037078 62.977900 -0.203903 0.978339 -0.035715 -6.357960 -0.043604 0.027370 0.998674 2.041454
0.977686 0.206923 0.036242 63.331416 -0.205611 0.977940 -0.036849 -6.435786 -0.043068 0.028575 0.998663 2.053146
0.977453 0.208068 0.035966 63.684308 -0.206771 0.977701 -0.036701 -6.513889 -0.042800 0.028437 0.998679 2.064820
0.977085 0.209722 0.036341 64.036627 -0.208451 0.977376 -0.035843 -6.594018 -0.043036 0.027446 0.998696 2.076486
0.976224 0.213390 0.038095 64.694470 -0.212137 0.976634 -0.034397 -6.745248 -0.044545 0.025498 0.998682 2.098279
0.975776 0.215454 0.037966 65.038831 -0.214146 0.976149 -0.035714 -6.824938 -0.044755 0.026719 0.998641 2.109689
0.975493 0.216741 0.037905 65.362688 -0.215392 0.975838 -0.036690 -6.898589 -0.044941 0.027626 0.998608 2.120414
0.975369 0.217225 0.038335 65.704101 -0.215802 0.975696 -0.038051 -6.976235 -0.045669 0.028841 0.998540 2.131719
0.975049 0.218478 0.039316 66.041309 -0.217047 0.975435 -0.037653 -7.054408 -0.046577 0.028180 0.998517 2.142893
0.974656 0.220045 0.040322 66.345412 -0.218612 0.975106 -0.037105 -7.125355 -0.047483 0.027349 0.998498 2.152973
0.974039 0.222596 0.041229 66.682312 -0.221220 0.974580 -0.035440 -7.205866 -0.048070 0.025399 0.998521 2.164151
0.973626 0.224358 0.041432 67.002123 -0.223001 0.974191 -0.034961 -7.283523 -0.048207 0.024799 0.998529 2.174768
0.972994 0.227122 0.041197 67.506110 -0.225668 0.973497 -0.037109 -7.407575 -0.048534 0.026810 0.998462 2.191509
0.972854 0.227785 0.040868 67.816061 -0.226298 0.973318 -0.037977 -7.480609 -0.048428 0.027698 0.998443 2.201787
0.972479 0.229547 0.039912 68.115748 -0.228018 0.972858 -0.039436 -7.553014 -0.047882 0.029250 0.998425 2.211734
0.972056 0.231552 0.038622 68.420513 -0.230058 0.972374 -0.039517 -7.627443 -0.046705 0.029527 0.998472 2.221854
0.971630 0.233536 0.037369 68.717204 -0.232111 0.971914 -0.038820 -7.701209 -0.045385 0.029045 0.998547 2.231714
0.971258 0.235237 0.036352 68.979754 -0.233862 0.971512 -0.038381 -7.767374 -0.044346 0.028777 0.998602 2.240443
0.970755 0.237452 0.035378 69.271115 -0.236137 0.970990 -0.037651 -7.841943 -0.043292 0.028196 0.998664 2.250137
0.970406 0.238905 0.035173 69.542471 -0.237572 0.970617 -0.038228 -7.910476 -0.043273 0.028741 0.998650 2.259160
0.970032 0.240399 0.035315 69.800909 -0.239023 0.970225 -0.039123 -7.976768 -0.043668 0.029509 0.998610 2.267760
0.969329 0.243014 0.036670 70.240907 -0.241560 0.969563 -0.039963 -8.091605 -0.045265 0.029879 0.998528 2.282411
0.968740 0.245237 0.037428 70.486627 -0.243747 0.969002 -0.040278 -8.156486 -0.046145 0.029896 0.998487 2.290598
0.968292 0.247019 0.037302 70.765676 -0.245539 0.968554 -0.040171 -8.231305 -0.046052 0.029738 0.998496 2.299901
0.967922 0.248577 0.036561 71.022498 -0.247132 0.968161 -0.039871 -8.301009 -0.045308 0.029556 0.998536 2.308468
0.967640 0.249741 0.036073 71.272875 -0.248308 0.967857 -0.039954 -8.369274 -0.044892 0.029704 0.998550 2.316821
0.967267 0.251153 0.036291 71.522804 -0.249682 0.967474 -0.040655 -8.438528 -0.045322 0.030263 0.998514 2.325166
0.966807 0.252807 0.037045 71.769926 -0.251272 0.967025 -0.041532 -8.507088 -0.046323 0.030845 0.998450 2.333417
0.966401 0.254256 0.037732 72.012468 -0.252663 0.966628 -0.042330 -8.574382 -0.047236 0.031374 0.998391 2.341516
0.966087 0.255395 0.038081 72.258289 -0.253795 0.966335 -0.042252 -8.642506 -0.047590 0.031154 0.998381 2.349723
0.965729 0.256803 0.037680 72.528077 -0.255216 0.965960 -0.042256 -8.716952 -0.047249 0.031191 0.998396 2.358729
0.965708 0.256927 0.037370 72.767666 -0.255376 0.965943 -0.041692 -8.782958 -0.046809 0.030719 0.998431 2.366726
0.965378 0.258128 0.037626 73.013274 -0.256602 0.965647 -0.040992 -8.852265 -0.046914 0.029918 0.998451 2.374934
0.964801 0.260201 0.038149 73.437594 -0.258690 0.965117 -0.040366 -8.971819 -0.047322 0.029076 0.998456 2.389112
0.964484 0.261332 0.038427 73.704355 -0.259846 0.964835 -0.039674 -9.048012 -0.047444 0.028280 0.998473 2.398031
0.964210 0.262457 0.037631 73.975610 -0.260994 0.964525 -0.039674 -9.124864 -0.046709 0.028433 0.998504 2.407097
0.963917 0.263691 0.036481 74.228648 -0.262257 0.964178 -0.039763 -9.199390 -0.045659 0.028761 0.998543 2.415570
0.963699 0.264574 0.035845 74.487663 -0.263160 0.963933 -0.039741 -9.274212 -0.045066 0.028865 0.998567 2.424235
0.963482 0.265441 0.035248 74.767716 -0.264007 0.963666 -0.040598 -9.354941 -0.044744 0.029810 0.998554 2.433602
0.963151 0.266692 0.034881 75.021890 -0.265258 0.963313 -0.040818 -9.427430 -0.044487 0.030061 0.998558 2.442100
0.962948 0.267562 0.033778 75.317990 -0.266145 0.963052 -0.041213 -9.512399 -0.043557 0.030696 0.998579 2.452002
0.962697 0.268794 0.031044 75.600199 -0.267400 0.962639 -0.042705 -9.593984 -0.041363 0.032811 0.998605 2.461444
0.962298 0.270484 0.028662 75.848124 -0.269181 0.962155 -0.042419 -9.667373 -0.039051 0.033105 0.998689 2.469747
0.961817 0.272250 0.028060 76.119389 -0.270970 0.961657 -0.042318 -9.748119 -0.038505 0.033099 0.998710 2.478835
0.961462 0.273387 0.029174 76.378156 -0.272047 0.961327 -0.042897 -9.825012 -0.039773 0.033307 0.998653 2.487503
0.960707 0.276654 0.022461 77.128465 -0.275533 0.960321 -0.043184 -10.052126 -0.033517 0.035298 0.998815 2.512661
0.960356 0.278258 0.017006 77.411089 -0.277396 0.959883 -0.040943 -10.139264 -0.027717 0.034603 0.999017 2.522146
0.960110 0.279365 0.012003 77.695458 -0.278727 0.959585 -0.038835 -10.226603 -0.022367 0.033940 0.999174 2.531688
0.959766 0.280670 0.008529 77.981661 -0.280173 0.959211 -0.037634 -10.314247 -0.018744 0.033731 0.999255 2.541289
0.959597 0.281281 0.007419 78.267430 -0.280861 0.959097 -0.035355 -10.399861 -0.017060 0.031842 0.999347 2.550866
0.958827 0.283955 0.004531 78.823929 -0.283667 0.958373 -0.032470 -10.572257 -0.013563 0.029848 0.999462 2.569547
0.958433 0.285276 0.004949 79.106286 -0.284985 0.958006 -0.031756 -10.659585 -0.013800 0.029026 0.999483 2.579025
0.957999 0.286652 0.008268 79.390120 -0.286248 0.957593 -0.032816 -10.747306 -0.017324 0.029071 0.999427 2.588551
0.957242 0.288704 0.018366 79.843177 -0.287904 0.956944 -0.037010 -10.889105 -0.028260 0.030140 0.999146 2.603768
0.956564 0.290405 0.025490 80.150697 -0.289301 0.956415 -0.039700 -10.986108 -0.035908 0.030601 0.998886 2.614100
0.955439 0.293153 0.034609 80.671462 -0.291646 0.955571 -0.042733 -11.150287 -0.045599 0.030735 0.998487 2.631598
0.954553 0.295447 0.039229 80.984252 -0.293750 0.954880 -0.043750 -11.252408 -0.050385 0.030239 0.998272 2.642126
0.953616 0.297743 0.044332 81.312704 -0.295838 0.954186 -0.044818 -11.358738 -0.055645 0.029625 0.998011 2.653177
0.952716 0.299695 0.050152 81.632765 -0.297560 0.953602 -0.045842 -11.462346 -0.061564 0.028751 0.997689 2.663946
0.951738 0.301481 0.057476 81.982684 -0.299086 0.953082 -0.046718 -11.576612 -0.068864 0.027273 0.997253 2.675725
0.950253 0.304167 0.067093 82.547262 -0.301223 0.952211 -0.050587 -11.761233 -0.079274 0.027861 0.996463 2.694730
0.949398 0.306172 0.070015 82.878603 -0.302943 0.951528 -0.053105 -11.869620 -0.082881 0.029207 0.996131 2.705885
0.948582 0.308510 0.070812 83.271154 -0.305200 0.950765 -0.053848 -11.998208 -0.083939 0.029467 0.996035 2.719101
0.947997 0.310586 0.069562 83.621772 -0.307273 0.950066 -0.054385 -12.115573 -0.082980 0.030182 0.996094 2.730919
0.947558 0.313520 0.061967 84.248368 -0.310777 0.949163 -0.050066 -12.329117 -0.074513 0.028183 0.996822 2.752060
0.947414 0.316168 0.049437 84.896100 -0.314324 0.948402 -0.041641 -12.552818 -0.060052 0.023912 0.997909 2.773931
0.947293 0.317451 0.043130 85.276212 -0.315974 0.948016 -0.037755 -12.683446 -0.052873 0.022137 0.998356 2.786762
0.947028 0.318731 0.039349 85.687813 -0.317460 0.947613 -0.035334 -12.824712 -0.048550 0.020971 0.998601 2.800654
0.946771 0.319880 0.036086 86.075366 -0.318737 0.947231 -0.034066 -12.958545 -0.045079 0.020751 0.998768 2.813740
0.946267 0.321637 0.033599 86.505122 -0.320573 0.946632 -0.033476 -13.108310 -0.042573 0.020906 0.998875 2.828258
0.945884 0.322717 0.034029 86.906166 -0.321733 0.946310 -0.031394 -13.248013 -0.042333 0.018747 0.998928 2.841806
0.945428 0.323797 0.036344 87.338341 -0.322848 0.945986 -0.029665 -13.399448 -0.043986 0.016312 0.998899 2.856410
0.945114 0.324421 0.038866 87.993322 -0.323538 0.945820 -0.027347 -13.629166 -0.045632 0.013272 0.998870 2.878545
0.944444 0.326361 0.038915 88.784641 -0.325574 0.945179 -0.025266 -13.908445 -0.045027 0.011193 0.998923 2.905297
0.943950 0.327834 0.038507 89.238396 -0.327057 0.944669 -0.025182 -14.069802 -0.044632 0.011177 0.998941 2.920644
0.943527 0.329059 0.038424 89.703173 -0.328257 0.944237 -0.025755 -14.234116 -0.044756 0.011687 0.998930 2.936358
0.943220 0.329772 0.039828 90.153627 -0.328855 0.943968 -0.027910 -14.392763 -0.046800 0.013228 0.998817 2.951585
0.942824 0.330476 0.043223 90.651193 -0.329447 0.943720 -0.029282 -14.568402 -0.050467 0.013368 0.998636 2.968406
0.942285 0.331672 0.045746 91.085829 -0.330586 0.943306 -0.029770 -14.724513 -0.053026 0.012929 0.998509 2.983115
0.941727 0.333261 0.045681 91.574364 -0.332220 0.942757 -0.028981 -14.900980 -0.052724 0.012116 0.998536 2.999653
0.941599 0.333959 0.043148 92.068635 -0.333026 0.942517 -0.027466 -15.078557 -0.049840 0.011492 0.998691 3.016380
0.941280 0.335271 0.039806 92.570017 -0.334424 0.942050 -0.026511 -15.259796 -0.046388 0.011642 0.998856 3.033354
0.940649 0.337285 0.037653 93.041493 -0.336526 0.941339 -0.025141 -15.433529 -0.043924 0.010978 0.998975 3.049333
0.940417 0.338051 0.036581 93.540101 -0.337330 0.941067 -0.024527 -15.619343 -0.042716 0.010726 0.999030 3.066244
0.939222 0.341059 0.039244 94.475110 -0.340186 0.939961 -0.027318 -15.968752 -0.046205 0.012307 0.998856 3.097961
0.938613 0.342557 0.040737 95.003534 -0.341619 0.939412 -0.028319 -16.168379 -0.047970 0.012664 0.998768 3.115898
0.937958 0.344273 0.041369 95.524492 -0.343331 0.938789 -0.028283 -16.364179 -0.048574 0.012325 0.998744 3.133576
0.937247 0.346150 0.041817 96.061979 -0.345167 0.938092 -0.029033 -16.567744 -0.049278 0.012778 0.998703 3.151823
0.936427 0.348343 0.041966 96.607379 -0.347297 0.937265 -0.030312 -16.775153 -0.049892 0.013810 0.998659 3.170344
0.935688 0.350413 0.041212 97.446314 -0.349317 0.936473 -0.031562 -17.094046 -0.049654 0.015136 0.998652 3.198831
0.935191 0.351828 0.040425 97.953989 -0.350699 0.935924 -0.032501 -17.288951 -0.049269 0.016218 0.998654 3.216081
0.933388 0.356781 0.038641 99.030422 -0.355603 0.934011 -0.034197 -17.706407 -0.048292 0.018178 0.998668 3.252679
0.932552 0.358935 0.038883 99.740037 -0.357714 0.933174 -0.035018 -17.985706 -0.048854 0.018747 0.998630 3.276828
0.931754 0.360951 0.039354 100.294811 -0.359684 0.932387 -0.035794 -18.205775 -0.049613 0.019196 0.998584 3.295718
0.930779 0.363318 0.040618 100.881433 -0.361968 0.931457 -0.036982 -18.441294 -0.051270 0.019719 0.998490 3.315707
0.929667 0.366029 0.041742 101.446754 -0.364606 0.930386 -0.038015 -18.670593 -0.052750 0.020122 0.998405 3.334983
0.929188 0.367328 0.040979 102.016805 -0.365920 0.929869 -0.038043 -18.900493 -0.052080 0.020354 0.998435 3.354413
0.928574 0.369077 0.039148 102.608059 -0.367696 0.929159 -0.038252 -19.138774 -0.050493 0.021126 0.998501 3.374565
0.927860 0.370971 0.038148 103.156091 -0.369598 0.928391 -0.038558 -19.363382 -0.049720 0.021677 0.998528 3.393265
0.927039 0.373101 0.037342 103.719088 -0.371724 0.927523 -0.039022 -19.595512 -0.049194 0.022294 0.998540 3.412482
0.926004 0.375630 0.037660 104.302769 -0.374220 0.926495 -0.039570 -19.839292 -0.049755 0.022549 0.998507 3.432423
0.925131 0.377647 0.038940 104.841472 -0.376191 0.925682 -0.039926 -20.065557 -0.051124 0.022288 0.998444 3.450835
0.924548 0.378977 0.039846 105.417674 -0.377500 0.925147 -0.039969 -20.307522 -0.052011 0.021911 0.998406 3.470527
0.923966 0.380327 0.040472 106.011883 -0.378862 0.924610 -0.039490 -20.558149 -0.052440 0.021154 0.998400 3.490842
0.923745 0.380821 0.040866 106.569691 -0.379379 0.924423 -0.038915 -20.792177 -0.052597 0.020444 0.998407 3.509905
0.922316 0.384188 0.041628 107.626542 -0.382695 0.923025 -0.039622 -21.242323 -0.053646 0.020613 0.998347 3.546059
0.921603 0.385881 0.041763 108.256953 -0.384384 0.922321 -0.039664 -21.513618 -0.053824 0.020501 0.998340 3.567641
0.920961 0.387377 0.042076 108.840717 -0.385898 0.921707 -0.039240 -21.764163 -0.053983 0.019901 0.998344 3.587622
0.920249 0.389077 0.041955 109.436848 -0.387619 0.920998 -0.038907 -22.020854 -0.053778 0.019541 0.998362 3.608031
0.919624 0.390526 0.042194 110.004251 -0.389056 0.920385 -0.039082 -22.271007 -0.054098 0.019525 0.998345 3.627489
0.918972 0.391996 0.042779 110.599546 -0.390489 0.919757 -0.039554 -22.534814 -0.054851 0.019644 0.998301 3.647910
0.918355 0.393325 0.043803 111.151203 -0.391819 0.919206 -0.039218 -22.779395 -0.055689 0.018853 0.998270 3.666836
0.917603 0.395041 0.044134 111.755621 -0.393533 0.918475 -0.039173 -23.047378 -0.056011 0.018577 0.998257 3.687571
0.917366 0.395679 0.043338 112.315984 -0.394237 0.918213 -0.038245 -23.290834 -0.054926 0.017999 0.998328 3.706767
0.916710 0.397253 0.042799 112.925520 -0.395929 0.917564 -0.036287 -23.558946 -0.053686 0.016319 0.998425 3.727667
0.916565 0.397503 0.043586 113.524957 -0.396288 0.917495 -0.034031 -23.822996 -0.053517 0.013919 0.998470 3.748221
0.915736 0.399263 0.044901 114.135536 -0.398036 0.916741 -0.033959 -24.095376 -0.054721 0.013225 0.998414 3.769177
0.914720 0.401181 0.048383 114.896639 -0.399925 0.915926 -0.033751 -24.438350 -0.057856 0.011523 0.998258 3.795318
0.913687 0.403333 0.049990 115.475545 -0.402102 0.914997 -0.033077 -24.701142 -0.059082 0.010121 0.998202 3.815212
0.912973 0.404846 0.050791 116.090735 -0.403673 0.914343 -0.032018 -24.980563 -0.059403 0.008729 0.998196 3.836354
0.911658 0.407704 0.051555 117.065387 -0.406604 0.913087 -0.030750 -25.423311 -0.059611 0.007071 0.998197 3.869849
0.910909 0.409372 0.051569 117.686264 -0.408277 0.912341 -0.030716 -25.707497 -0.059622 0.006925 0.998197 3.891198
0.910215 0.411043 0.050512 118.297602 -0.409913 0.911581 -0.031487 -25.993515 -0.058988 0.007954 0.998227 3.912254
0.909728 0.412266 0.049320 118.908442 -0.411132 0.911023 -0.031751 -26.278272 -0.058022 0.008607 0.998278 3.933286
0.908936 0.414137 0.048226 119.515888 -0.413027 0.910172 -0.031539 -26.561473 -0.056956 0.008748 0.998338 3.954202
0.907943 0.416432 0.047163 120.138133 -0.415308 0.909117 -0.032011 -26.855376 -0.056207 0.009476 0.998374 3.975649
0.907398 0.417623 0.047125 120.715748 -0.416511 0.908574 -0.031825 -27.127532 -0.056107 0.009250 0.998382 3.995553
0.906402 0.419740 0.047470 121.799706 -0.418571 0.907590 -0.032827 -27.640535 -0.056862 0.009885 0.998333 4.032919
0.905855 0.420965 0.047069 122.419316 -0.419695 0.907002 -0.034696 -27.934959 -0.057297 0.011675 0.998289 4.054284
0.904988 0.422908 0.046316 123.036251 -0.421638 0.906092 -0.034904 -28.231292 -0.056728 0.012059 0.998317 4.075575
0.904556 0.424008 0.044671 123.643535 -0.422726 0.905562 -0.035511 -28.523078 -0.055510 0.013238 0.998370 4.096533
0.902681 0.428042 0.044129 124.885459 -0.426592 0.903615 -0.038713 -29.132247 -0.056446 0.016120 0.998275 4.139462
0.902140 0.429096 0.044943 125.450234 -0.427573 0.903105 -0.039772 -29.409936 -0.057654 0.016664 0.998198 4.158988
0.901104 0.431320 0.044436 126.077169 -0.429766 0.902031 -0.040516 -29.718148 -0.057558 0.017412 0.998190 4.180662
0.900327 0.433117 0.042666 126.647008 -0.431608 0.901161 -0.040298 -30.000375 -0.055902 0.017866 0.998276 4.200375
0.899416 0.435093 0.041776 127.206200 -0.433614 0.900207 -0.040069 -30.276037 -0.055040 0.017924 0.998323 4.219712
0.892753 0.448990 0.037420 131.607521 -0.447565 0.893320 -0.040798 -32.493477 -0.051746 0.019674 0.998466 4.372174
0.892400 0.449756 0.036635 132.211657 -0.448327 0.892920 -0.041201 -32.804254 -0.051242 0.020343 0.998479 4.393136
0.891342 0.451878 0.036278 132.776205 -0.450381 0.891815 -0.042696 -33.097203 -0.051647 0.021718 0.998429 4.412739
0.890725 0.453069 0.036572 133.356427 -0.451544 0.891207 -0.043106 -33.397247 -0.052124 0.021882 0.998401 4.432881
0.889820 0.454837 0.036670 133.909277 -0.453325 0.890316 -0.042830 -33.686022 -0.052128 0.021488 0.998409 4.452088
0.888526 0.457397 0.036177 134.476759 -0.455885 0.888996 -0.043072 -33.983782 -0.051862 0.021778 0.998417 4.471811
0.887976 0.458514 0.035552 135.056546 -0.456998 0.888408 -0.043412 -34.287954 -0.051490 0.022302 0.998424 4.491962
0.886065 0.462185 0.035678 135.789657 -0.460657 0.886505 -0.043635 -34.676485 -0.051796 0.022228 0.998410 4.517462
0.885086 0.463990 0.036535 136.364019 -0.462380 0.885546 -0.044865 -34.982613 -0.053171 0.022817 0.998325 4.537451
0.885103 0.463865 0.037695 136.962451 -0.462169 0.885601 -0.045946 -35.297551 -0.054695 0.023246 0.998232 4.558255
0.884435 0.465051 0.038765 137.837481 -0.463276 0.884970 -0.046940 -35.761044 -0.056136 0.023557 0.998145 4.588691
0.883340 0.467058 0.039594 138.422680 -0.465275 0.883931 -0.046746 -36.071683 -0.056832 0.022871 0.998122 4.609050
0.882257 0.469130 0.039237 138.998543 -0.467334 0.882823 -0.047136 -36.379328 -0.056752 0.023249 0.998118 4.629094
0.881716 0.470242 0.038077 139.573071 -0.468469 0.882216 -0.047244 -36.687678 -0.055808 0.023818 0.998157 4.649100
0.880684 0.472264 0.036911 140.148084 -0.470535 0.881131 -0.046963 -36.999805 -0.054702 0.023992 0.998214 4.669143
0.880187 0.473249 0.036143 140.979371 -0.471580 0.880612 -0.046210 -37.452895 -0.053697 0.023629 0.998278 4.698128
0.880050 0.473575 0.035189 141.526000 -0.471858 0.880391 -0.047555 -37.748849 -0.053501 0.025247 0.998249 4.717176
0.879836 0.473900 0.036165 142.094434 -0.472179 0.880240 -0.047164 -38.056679 -0.054184 0.024420 0.998232 4.736985
0.879922 0.473833 0.034921 142.624219 -0.472055 0.880217 -0.048815 -38.342304 -0.053868 0.026469 0.998197 4.755440
0.879630 0.474482 0.033442 143.376315 -0.472692 0.879820 -0.049798 -38.750441 -0.053051 0.027996 0.998199 4.781654
0.879434 0.474806 0.033976 143.945987 -0.473020 0.879664 -0.049425 -39.059225 -0.053355 0.027395 0.998200 4.801508
0.878988 0.475615 0.034221 144.503320 -0.473874 0.879258 -0.048462 -39.362485 -0.053139 0.026381 0.998239 4.820938
0.878751 0.476100 0.033547 145.060797 -0.474432 0.879014 -0.047424 -39.666339 -0.052067 0.025758 0.998311 4.840376
0.878666 0.476496 0.029950 145.617061 -0.474896 0.878732 -0.047995 -39.969859 -0.049187 0.027948 0.998398 4.859774
0.877624 0.479004 0.018214 146.677116 -0.477691 0.877114 -0.049828 -40.556197 -0.039843 0.035029 0.998592 4.896783
0.877337 0.479640 0.015014 147.182863 -0.478441 0.876704 -0.049833 -40.837527 -0.037065 0.036538 0.998645 4.914448
0.876287 0.481618 0.012844 147.704755 -0.480417 0.875491 -0.052102 -41.133253 -0.036338 0.039485 0.998559 4.932708
0.875933 0.482280 0.012094 148.228824 -0.480973 0.874958 -0.055805 -41.425304 -0.037495 0.043064 0.998368 4.951016
0.875661 0.482779 0.011908 148.735063 -0.481360 0.874540 -0.058926 -41.709153 -0.038862 0.045868 0.998191 4.968711
0.875248 0.483528 0.011892 149.266396 -0.481965 0.873957 -0.062521 -42.010108 -0.040624 0.048990 0.997973 4.987300
0.874901 0.484121 0.013214 149.913641 -0.482363 0.873514 -0.065577 -42.379320 -0.043290 0.051000 0.997760 5.009959
0.874195 0.485319 0.015748 150.441645 -0.483440 0.872932 -0.065382 -42.677698 -0.045478 0.049544 0.997736 5.028428
0.873976 0.485641 0.017860 150.932899 -0.483666 0.872820 -0.065215 -42.952146 -0.047259 0.048358 0.997711 5.045594
0.873376 0.486670 0.019131 151.462051 -0.484621 0.872272 -0.065458 -43.251120 -0.048544 0.047898 0.997672 5.064102
0.872493 0.488224 0.019822 151.982424 -0.486153 0.871440 -0.065173 -43.548600 -0.049093 0.047226 0.997677 5.082323
0.871804 0.489434 0.020293 152.474487 -0.487393 0.870826 -0.064107 -43.832779 -0.049048 0.045998 0.997737 5.099568
0.870872 0.491085 0.020430 152.994731 -0.489095 0.869959 -0.062899 -44.132049 -0.048662 0.044785 0.997811 5.117795
0.870119 0.492394 0.020988 153.471191 -0.490427 0.869282 -0.061887 -44.406349 -0.048717 0.043556 0.997862 5.134489
0.869698 0.493104 0.021765 153.971914 -0.491129 0.868924 -0.061344 -44.692303 -0.049161 0.042661 0.997879 5.152020
0.868873 0.494515 0.022689 154.483485 -0.492531 0.868174 -0.060726 -44.986660 -0.049728 0.041588 0.997897 5.169943
0.867682 0.496557 0.023658 155.146894 -0.494562 0.867061 -0.060120 -45.371897 -0.050366 0.040465 0.997911 5.193205
0.866741 0.498162 0.024406 155.635788 -0.496181 0.866196 -0.059228 -45.656474 -0.050646 0.039225 0.997946 5.210352
0.866234 0.499075 0.023741 156.158673 -0.497144 0.865677 -0.058748 -45.960124 -0.049871 0.039087 0.997991 5.228686
0.865576 0.500232 0.023359 156.650725 -0.498348 0.865028 -0.058100 -46.246316 -0.049270 0.038649 0.998037 5.245943
0.865219 0.500842 0.023514 157.166769 -0.498971 0.864696 -0.057697 -46.545610 -0.049230 0.038188 0.998057 5.264035
0.864005 0.502943 0.023307 157.640142 -0.501079 0.863477 -0.057683 -46.827075 -0.049137 0.038160 0.998063 5.280670
0.862862 0.504904 0.023262 158.296243 -0.502999 0.862303 -0.058531 -47.218123 -0.049611 0.038804 0.998015 5.303732
0.862375 0.505752 0.022924 158.760914 -0.503870 0.861809 -0.058308 -47.494556 -0.049245 0.038733 0.998035 5.320062
0.861376 0.507523 0.021260 159.257390 -0.505735 0.860758 -0.057687 -47.794743 -0.047577 0.038938 0.998108 5.337536
0.860928 0.508343 0.019768 159.716115 -0.506655 0.860277 -0.056784 -48.070998 -0.045872 0.038871 0.998191 5.353676
0.860335 0.509375 0.018994 160.205359 -0.507767 0.859695 -0.055654 -48.368056 -0.044678 0.038237 0.998269 5.370902
0.859431 0.510908 0.018754 160.665036 -0.509347 0.858815 -0.054789 -48.648979 -0.044099 0.037535 0.998322 5.387098
0.859051 0.511520 0.019480 161.306378 -0.509935 0.858473 -0.054690 -49.038236 -0.044698 0.037048 0.998313 5.409679
0.858648 0.512153 0.020571 161.780759 -0.510521 0.858115 -0.054840 -49.325361 -0.045739 0.036586 0.998283 5.426378
0.857735 0.513641 0.021553 162.259080 -0.511979 0.857255 -0.054697 -49.617301 -0.046571 0.035881 0.998270 5.443228
0.856757 0.515228 0.022529 162.737480 -0.513533 0.856328 -0.054649 -49.911359 -0.047449 0.035252 0.998251 5.460093
0.856212 0.516110 0.023072 163.210131 -0.514387 0.855804 -0.054825 -50.201169 -0.048041 0.035073 0.998229 5.476751
0.855688 0.516981 0.023008 163.685615 -0.515274 0.855290 -0.054514 -50.492296 -0.047861 0.034791 0.998248 5.493506
0.854898 0.518334 0.021911 164.159813 -0.516632 0.854425 -0.055220 -50.786378 -0.047344 0.035888 0.998234 5.510237
0.854500 0.519008 0.021454 164.608397 -0.517309 0.853996 -0.055515 -51.066119 -0.047135 0.036339 0.998227 5.526073
0.853433 0.520754 0.021627 165.087306 -0.519062 0.852952 -0.055201 -51.370482 -0.047193 0.035884 0.998241 5.543011
0.852126 0.522874 0.022006 165.584708 -0.521167 0.851668 -0.055199 -51.686529 -0.047604 0.035568 0.998233 5.560602
0.851108 0.524498 0.022713 166.037110 -0.522765 0.850687 -0.055217 -51.978030 -0.048283 0.035122 0.998216 5.576624
0.850294 0.525802 0.023068 166.528853 -0.524043 0.849884 -0.055471 -52.295084 -0.048772 0.035078 0.998194 5.594041
0.849166 0.527607 0.023412 166.986780 -0.525850 0.848786 -0.055164 -52.588373 -0.048976 0.034532 0.998203 5.610249
0.847604 0.530100 0.023692 167.472934 -0.528365 0.847266 -0.054503 -52.904911 -0.048965 0.033679 0.998233 5.627485
0.846449 0.531906 0.024471 167.949703 -0.530183 0.846179 -0.053732 -53.216710 -0.049288 0.032507 0.998255 5.644396
0.845996 0.532606 0.024924 168.433469 -0.530929 0.845789 -0.052492 -53.531697 -0.049038 0.031175 0.998310 5.661547
0.845736 0.533028 0.024741 168.886148 -0.531395 0.845545 -0.051695 -53.826647 -0.048474 0.030573 0.998356 5.677597
0.844895 0.534371 0.024500 169.372746 -0.532723 0.844681 -0.052164 -54.143203 -0.048569 0.031022 0.998338 5.694847
0.844150 0.535570 0.024006 169.809750 -0.533890 0.843883 -0.053128 -54.430806 -0.048712 0.032032 0.998299 5.710357
0.842811 0.537707 0.023247 170.292950 -0.536008 0.842483 -0.054008 -54.752215 -0.048626 0.033058 0.998270 5.727526
0.841838 0.539257 0.022606 170.930959 -0.537549 0.841461 -0.054624 -55.173830 -0.048478 0.033833 0.998251 5.750180
0.841010 0.540592 0.021504 171.404836 -0.538914 0.840578 -0.054772 -55.489729 -0.047685 0.034475 0.998267 5.767021
0.840466 0.541457 0.021001 171.848783 -0.539813 0.840024 -0.054417 -55.785184 -0.047106 0.034399 0.998297 5.782796
0.839956 0.542267 0.020512 172.336934 -0.540596 0.839460 -0.055342 -56.110407 -0.047229 0.035396 0.998257 5.800143
0.839262 0.543330 0.020765 172.941406 -0.541593 0.838740 -0.056502 -56.511204 -0.048116 0.036174 0.998187 5.821613
0.837657 0.545807 0.020611 173.880013 -0.544061 0.837122 -0.056775 -57.137702 -0.048242 0.036345 0.998174 5.854975
0.837074 0.546737 0.019661 174.341969 -0.544998 0.836474 -0.057342 -57.447221 -0.047797 0.037284 0.998161 5.871401
0.836251 0.547971 0.020293 174.799990 -0.546186 0.835667 -0.057795 -57.756320 -0.048628 0.037248 0.998122 5.887700
0.835982 0.548363 0.020804 175.259765 -0.546542 0.835411 -0.058139 -58.064111 -0.049261 0.037233 0.998092 5.904047
0.835368 0.549346 0.019497 175.733955 -0.547524 0.834696 -0.059165 -58.382322 -0.048776 0.038750 0.998058 5.920911
0.835669 0.548968 0.017082 176.195049 -0.547230 0.834871 -0.059418 -58.692428 -0.046880 0.040306 0.998087 5.937313
0.836326 0.548032 0.014836 176.685639 -0.546463 0.835493 -0.057705 -59.021202 -0.044020 0.040153 0.998223 5.954757
0.837003 0.547062 0.012194 177.147568 -0.545643 0.836096 -0.056714 -59.330099 -0.041222 0.040816 0.998316 5.971179
0.836844 0.547312 0.011916 177.579997 -0.545906 0.835927 -0.056680 -59.621084 -0.040982 0.040927 0.998321 5.986562
0.837156 0.546817 0.012684 178.007862 -0.545378 0.836269 -0.056721 -59.907784 -0.041623 0.040566 0.998310 6.001777
0.836328 0.548048 0.014062 178.453273 -0.546541 0.835491 -0.056989 -60.206147 -0.042982 0.039976 0.998276 6.017614
0.836569 0.547625 0.016064 178.866812 -0.546079 0.835853 -0.056107 -60.482280 -0.044153 0.038165 0.998296 6.032313
0.837030 0.546899 0.016825 179.318983 -0.545393 0.836403 -0.054563 -60.783890 -0.043913 0.036495 0.998369 6.048384
0.837216 0.546591 0.017510 179.740605 -0.545134 0.836678 -0.052901 -61.064829 -0.043566 0.034744 0.998446 6.063367
0.837500 0.546157 0.017490 180.195470 -0.544731 0.836985 -0.052198 -61.366156 -0.043148 0.034188 0.998484 6.079522
0.837799 0.545697 0.017535 180.616390 -0.544290 0.837301 -0.051716 -61.645509 -0.042903 0.033784 0.998508 6.094475
0.837763 0.545728 0.018280 181.066862 -0.544391 0.837369 -0.049519 -61.943764 -0.042331 0.031533 0.998606 6.110473
0.837495 0.546095 0.019564 181.479971 -0.544835 0.837239 -0.046752 -62.217112 -0.041911 0.028495 0.998715 6.125143
0.837738 0.545677 0.020751 181.934450 -0.544486 0.837596 -0.044370 -62.518658 -0.041593 0.025872 0.998800 6.141287
0.837406 0.546131 0.022203 182.353496 -0.545020 0.837392 -0.041576 -62.799851 -0.041299 0.022714 0.998889 6.156190
0.837782 0.545514 0.023159 182.800599 -0.544435 0.837835 -0.040284 -63.097425 -0.041379 0.021140 0.998920 6.172077
0.838415 0.544442 0.025342 183.368590 -0.543383 0.838589 -0.038769 -63.474103 -0.042360 0.018734 0.998927 6.192252
0.839306 0.542967 0.027440 183.817910 -0.541921 0.839588 -0.037585 -63.772012 -0.043445 0.016675 0.998917 6.208211
0.840386 0.541173 0.029722 184.267776 -0.540158 0.840790 -0.036069 -64.067274 -0.044509 0.014257 0.998907 6.224173
0.841741 0.538940 0.031879 184.685293 -0.537928 0.842250 -0.035334 -64.340925 -0.045893 0.012594 0.998867 6.238986
0.843803 0.535601 0.033569 185.298960 -0.534592 0.844394 -0.034795 -64.742863 -0.046982 0.011414 0.998831 6.260756
0.845087 0.533515 0.034490 185.752654 -0.532588 0.845739 -0.032790 -65.036057 -0.046664 0.009341 0.998867 6.276828
0.847254 0.530122 0.033639 186.205093 -0.529248 0.847873 -0.031752 -65.326166 -0.045354 0.009099 0.998930 6.292844
0.849102 0.527241 0.032286 186.657035 -0.526399 0.849662 -0.031289 -65.615015 -0.043929 0.009573 0.998989 6.308837
0.851549 0.523430 0.029756 187.099116 -0.522659 0.852009 -0.030133 -65.893584 -0.041124 0.010107 0.999103 6.324459
0.857531 0.513775 0.026002 187.978607 -0.513169 0.857872 -0.026704 -66.438547 -0.036026 0.009556 0.999305 6.355487
0.860721 0.508529 0.023625 188.403313 -0.507973 0.860984 -0.025887 -66.695106 -0.033505 0.010280 0.999386 6.370434
0.864413 0.502308 0.021840 188.841865 -0.501804 0.864625 -0.024820 -66.958204 -0.031350 0.010495 0.999453 6.385858
0.867994 0.496120 0.021257 189.272233 -0.495679 0.868204 -0.022889 -67.213001 -0.029811 0.009331 0.999512 6.400976
0.871815 0.489383 0.021049 189.715693 -0.489009 0.872035 -0.020638 -67.471001 -0.028455 0.007699 0.999565 6.416529
0.875413 0.482907 0.021256 190.135071 -0.482566 0.875646 -0.019336 -67.710643 -0.027950 0.006669 0.999587 6.431212
0.883099 0.468600 0.023460 190.969169 -0.468307 0.883401 -0.017066 -68.169832 -0.028722 0.004084 0.999579 6.460321
0.887397 0.460389 0.023844 191.405836 -0.460089 0.887707 -0.017158 -68.402352 -0.029066 0.004256 0.999568 6.475516
0.891556 0.452292 0.023645 191.822029 -0.452004 0.891860 -0.016666 -68.617138 -0.028626 0.004171 0.999581 6.489961
0.896916 0.441556 0.023867 192.445518 -0.441297 0.897228 -0.015482 -68.933607 -0.028251 0.003353 0.999595 6.511572
0.900529 0.434065 0.025183 192.876538 -0.433838 0.900880 -0.014177 -69.148158 -0.028840 0.001842 0.999582 6.526488
0.904183 0.426261 0.027467 193.298750 -0.426073 0.904600 -0.012662 -69.354936 -0.030244 -0.000254 0.999543 6.541081
0.907556 0.418849 0.030128 193.705870 -0.418720 0.908052 -0.010760 -69.550078 -0.031864 -0.002850 0.999488 6.555128
