0.999990 0.004464 0.000000 0.589531 -0.004464 0.999990 -0.000000 0.007077 -0.000000 0.000000 1.000000 0.000000
0.999946 0.010365 0.000000 1.728542 -0.010365 0.999946 -0.000000 -0.015466 -0.000000 0.000000 1.000000 0.000000
0.999952 0.009819 0.000000 2.315065 -0.009819 0.999952 -0.000000 -0.021885 -0.000000 0.000000 1.000000 0.000000
0.999931 0.011769 0.000000 3.121311 -0.011769 0.999931 -0.000000 -0.035467 -0.000000 0.000000 1.000000 0.000000
0.999926 0.012195 0.000000 3.697701 -0.012195 0.999926 -0.000000 -0.039162 -0.000000 0.000000 1.000000 0.000000
0.999918 0.012830 0.000000 4.282731 -0.012830 0.999918 -0.000000 -0.051518 -0.000000 0.000000 1.000000 0.000000
0.999911 0.013313 0.000000 4.870562 -0.013313 0.999911 -0.000000 -0.058318 -0.000000 0.000000 1.000000 0.000000
0.999901 0.014048 0.000000 5.421334 -0.014048 0.999901 -0.000000 -0.068013 -0.000000 0.000000 1.000000 0.000000
0.999866 0.016398 0.000000 6.005766 -0.016398 0.999866 -0.000000 -0.082626 -0.000000 0.000000 1.000000 0.000000
0.999848 0.017457 0.000000 6.553203 -0.017457 0.999848 -0.000000 -0.087578 -0.000000 0.000000 1.000000 0.000000
0.999842 0.017762 0.000000 7.130520 -0.017762 0.999842 -0.000000 -0.088065 -0.000000 0.000000 1.000000 0.000000
0.999810 0.019507 0.000000 7.692199 -0.019507 0.999810 -0.000000 -0.090202 -0.000000 0.000000 1.000000 0.000000
0.999814 0.019261 0.000000 8.257901 -0.019261 0.999814 -0.000000 -0.109697 -0.000000 0.000000 1.000000 0.000000
0.999778 0.021082 0.000000 8.838571 -0.021082 0.999778 -0.000000 -0.115844 -0.000000 0.000000 1.000000 0.000000
0.999726 0.023423 0.000000 9.592681 -0.023423 0.999726 -0.000000 -0.137897 -0.000000 0.000000 1.000000 0.000000
0.999690 0.024889 0.000000 10.211873 -0.024889 0.999690 -0.000000 -0.152854 -0.000000 0.000000 1.000000 0.000000
0.999670 0.025682 0.000000 10.754243 -0.025682 0.999670 -0.000000 -0.158015 -0.000000 0.000000 1.000000 0.000000
0.999607 0.028018 0.000000 11.365303 -0.028018 0.999607 -0.000000 -0.162444 -0.000000 0.000000 1.000000 0.000000
0.999509 0.031341 0.000000 11.944882 -0.031341 0.999509 -0.000000 -0.172147 -0.000000 0.000000 1.000000 0.000000
0.999493 0.031854 0.000000 12.522107 -0.031854 0.999493 -0.000000 -0.196654 -0.000000 0.000000 1.000000 0.000000
0.999380 0.035196 0.000000 13.099163 -0.035196 0.999380 -0.000000 -0.209366 -0.000000 0.000000 1.000000 0.000000
0.999349 0.036086 0.000000 13.679767 -0.036086 0.999349 -0.000000 -0.235989 -0.000000 0.000000 1.000000 0.000000
0.999310 0.037146 0.000000 14.253073 -0.037146 0.999310 -0.000000 -0.254857 -0.000000 0.000000 1.000000 0.000000
0.999285 0.037821 0.000000 14.829705 -0.037821 0.999285 -0.000000 -0.277900 -0.000000 0.000000 1.000000 0.000000
0.999195 0.040126 0.000000 15.400542 -0.040126 0.999195 -0.000000 -0.300014 -0.000000 0.000000 1.000000 0.000000
0.999103 0.042354 0.000000 15.968348 -0.042354 0.999103 -0.000000 -0.333499 -0.000000 0.000000 1.000000 0.000000
0.999100 0.042424 0.000000 16.512176 -0.042424 0.999100 -0.000000 -0.370080 -0.000000 0.000000 1.000000 0.000000
0.998994 0.044834 0.000000 17.079031 -0.044834 0.998994 -0.000000 -0.406329 -0.000000 0.000000 1.000000 0.000000
0.998928 0.046289 0.000000 18.178542 -0.046289 0.998928 -0.000000 -0.461592 -0.000000 0.000000 1.000000 0.000000
0.998996 0.044807 0.000000 19.109240 -0.044807 0.998996 -0.000000 -0.515914 -0.000000 0.000000 1.000000 0.000000
0.999056 0.043430 0.000000 19.673623 -0.043430 0.999056 -0.000000 -0.559292 -0.000000 0.000000 1.000000 0.000000
0.998982 0.045114 0.000000 20.239390 -0.045114 0.998982 -0.000000 -0.598255 -0.000000 0.000000 1.000000 0.000000
0.998882 0.047267 0.000000 20.803134 -0.047267 0.998882 -0.000000 -0.635018 -0.000000 0.000000 1.000000 0.000000
0.998874 0.047440 0.000000 21.364676 -0.047440 0.998874 -0.000000 -0.668637 -0.000000 0.000000 1.000000 0.000000
0.998858 0.047769 0.000000 21.965921 -0.047769 0.998858 -0.000000 -0.712938 -0.000000 0.000000 1.000000 0.000000
0.998347 0.057467 0.000000 22.528563 -0.057467 0.998347 -0.000000 -0.748782 -0.000000 0.000000 1.000000 0.000000
0.997471 0.071076 0.000000 23.650981 -0.071076 0.997471 -0.000000 -0.825096 -0.000000 0.000000 1.000000 0.000000
0.997513 0.070476 0.000000 24.211217 -0.070476 0.997513 -0.000000 -0.883028 -0.000000 0.000000 1.000000 0.000000
0.997360 0.072611 0.000000 24.772151 -0.072611 0.997360 -0.000000 -0.935946 -0.000000 0.000000 1.000000 0.000000
0.997395 0.072135 0.000000 25.298498 -0.072135 0.997395 -0.000000 -0.989118 -0.000000 0.000000 1.000000 0.000000
0.997480 0.070949 0.000000 25.857954 -0.070949 0.997480 -0.000000 -1.040143 -0.000000 0.000000 1.000000 0.000000
0.997036 0.076941 0.000000 26.756880 -0.076941 0.997036 -0.000000 -1.118376 -0.000000 0.000000 1.000000 0.000000
0.997031 0.077002 0.000000 27.354611 -0.077002 0.997031 -0.000000 -1.166975 -0.000000 0.000000 1.000000 0.000000
0.996853 0.079267 0.000000 27.911111 -0.079267 0.996853 -0.000000 -1.206202 -0.000000 0.000000 1.000000 0.000000
0.996806 0.079864 0.000000 28.475225 -0.079864 0.996806 -0.000000 -1.254168 -0.000000 0.000000 1.000000 0.000000
0.996703 0.081134 0.000000 29.039002 -0.081134 0.996703 -0.000000 -1.307457 -0.000000 0.000000 1.000000 0.000000
0.996573 0.082712 0.000000 29.602557 -0.082712 0.996573 -0.000000 -1.363005 -0.000000 0.000000 1.000000 0.000000
0.996360 0.085245 0.000000 30.166191 -0.085245 0.996360 -0.000000 -1.416979 -0.000000 0.000000 1.000000 0.000000
0.996386 0.084942 0.000000 30.737064 -0.084942 0.996386 -0.000000 -1.474744 -0.000000 0.000000 1.000000 0.000000
0.996278 0.086203 0.000000 31.296719 -0.086203 0.996278 -0.000000 -1.523204 -0.000000 0.000000 1.000000 0.000000
0.996154 0.087620 0.000000 31.822558 -0.087620 0.996154 -0.000000 -1.580969 -0.000000 0.000000 1.000000 0.000000
0.995881 0.090669 0.000000 32.762947 -0.090669 0.995881 -0.000000 -1.679407 -0.000000 0.000000 1.000000 0.000000
0.995455 0.095229 0.000000 33.323349 -0.095229 0.995455 -0.000000 -1.738095 -0.000000 0.000000 1.000000 0.000000
0.995275 0.097091 0.000000 33.880873 -0.097091 0.995275 -0.000000 -1.792518 -0.000000 0.000000 1.000000 0.000000
0.995168 0.098184 0.000000 34.442896 -0.098184 0.995168 -0.000000 -1.852970 -0.000000 0.000000 1.000000 0.000000
0.994906 0.100803 0.000000 34.993633 -0.100803 0.994906 -0.000000 -1.911055 -0.000000 0.000000 1.000000 0.000000
0.994795 0.101896 0.000000 35.551675 -0.101896 0.994795 -0.000000 -1.980205 -0.000000 0.000000 1.000000 0.000000
0.994652 0.103284 0.000000 36.142403 -0.103284 0.994652 -0.000000 -2.046965 -0.000000 0.000000 1.000000 0.000000
0.994635 0.103444 0.000000 36.661727 -0.103444 0.994635 -0.000000 -2.104681 -0.000000 0.000000 1.000000 0.000000
0.994665 0.103161 0.000000 37.212464 -0.103161 0.994665 -0.000000 -2.164434 -0.000000 0.000000 1.000000 0.000000
0.994754 0.102300 0.000000 37.768201 -0.102300 0.994754 -0.000000 -2.225406 -0.000000 0.000000 1.000000 0.000000
0.994363 0.106028 0.000000 38.320655 -0.106028 0.994363 -0.000000 -2.281004 -0.000000 0.000000 1.000000 0.000000
0.994182 0.107717 0.000000 38.836521 -0.107717 0.994182 -0.000000 -2.338447 -0.000000 0.000000 1.000000 0.000000
0.994036 0.109057 0.000000 39.390808 -0.109057 0.994036 -0.000000 -2.408259 -0.000000 0.000000 1.000000 0.000000
0.993972 0.109637 0.000000 39.907569 -0.109637 0.993972 -0.000000 -2.470734 -0.000000 0.000000 1.000000 0.000000
0.994040 0.109014 0.000000 40.864745 -0.109014 0.994040 -0.000000 -2.586005 -0.000000 0.000000 1.000000 0.000000
0.993969 0.109661 0.000000 41.411921 -0.109661 0.993969 -0.000000 -2.654393 -0.000000 0.000000 1.000000 0.000000
0.993685 0.112206 0.000000 41.967689 -0.112206 0.993685 -0.000000 -2.716846 -0.000000 0.000000 1.000000 0.000000
0.993234 0.116127 0.000000 43.063716 -0.116127 0.993234 -0.000000 -2.841291 -0.000000 0.000000 1.000000 0.000000
0.992853 0.119340 0.000000 43.640983 -0.119340 0.992853 -0.000000 -2.916859 -0.000000 0.000000 1.000000 0.000000
0.992677 0.120802 0.000000 44.132458 -0.120802 0.992677 -0.000000 -2.978812 -0.000000 0.000000 1.000000 0.000000
0.992514 0.122127 0.000000 45.156018 -0.122127 0.992514 -0.000000 -3.109439 -0.000000 0.000000 1.000000 0.000000
0.992425 0.122853 0.000000 45.679210 -0.122853 0.992425 -0.000000 -3.179792 -0.000000 0.000000 1.000000 0.000000
0.992510 0.122163 0.000000 46.188297 -0.122163 0.992510 -0.000000 -3.247550 -0.000000 0.000000 1.000000 0.000000
0.992485 0.122363 0.000000 46.682163 -0.122363 0.992485 -0.000000 -3.305149 -0.000000 0.000000 1.000000 0.000000
0.992163 0.124947 0.000000 47.581847 -0.124947 0.992163 -0.000000 -3.426001 -0.000000 0.000000 1.000000 0.000000
0.992326 0.123645 0.000000 48.085069 -0.123645 0.992326 -0.000000 -3.506811 -0.000000 0.000000 1.000000 0.000000
0.991760 0.128113 0.000000 48.578765 -0.128113 0.991760 -0.000000 -3.561178 -0.000000 0.000000 1.000000 0.000000
0.991007 0.133808 0.000000 49.070084 -0.133808 0.991007 -0.000000 -3.629197 -0.000000 0.000000 1.000000 0.000000
0.990887 0.134695 0.000000 49.555046 -0.134695 0.990887 -0.000000 -3.694407 -0.000000 0.000000 1.000000 0.000000
0.990686 0.136167 0.000000 50.026068 -0.136167 0.990686 -0.000000 -3.755065 -0.000000 0.000000 1.000000 0.000000
0.990267 0.139181 0.000000 50.499497 -0.139181 0.990267 -0.000000 -3.818237 -0.000000 0.000000 1.000000 0.000000
0.989620 0.143708 0.000000 51.211670 -0.143708 0.989620 -0.000000 -3.918703 -0.000000 0.000000 1.000000 0.000000
0.989618 0.143723 0.000000 51.634983 -0.143723 0.989618 -0.000000 -3.980441 -0.000000 0.000000 1.000000 0.000000
0.989380 0.145350 0.000000 52.087033 -0.145350 0.989380 -0.000000 -4.047593 -0.000000 0.000000 1.000000 0.000000
0.989466 0.144763 0.000000 52.525484 -0.144763 0.989466 -0.000000 -4.111429 -0.000000 0.000000 1.000000 0.000000
0.989389 0.145288 0.000000 52.942781 -0.145288 0.989389 -0.000000 -4.169671 -0.000000 0.000000 1.000000 0.000000
0.989827 0.142275 0.000000 53.365718 -0.142275 0.989827 -0.000000 -4.234186 -0.000000 0.000000 1.000000 0.000000
0.989856 0.142073 0.000000 54.097671 -0.142073 0.989856 -0.000000 -4.341636 -0.000000 0.000000 1.000000 0.000000
0.989564 0.144096 0.000000 54.478176 -0.144096 0.989564 -0.000000 -4.391526 -0.000000 0.000000 1.000000 0.000000
0.989356 0.145513 0.000000 54.909381 -0.145513 0.989356 -0.000000 -4.449045 -0.000000 0.000000 1.000000 0.000000
0.989225 0.146400 0.000000 55.303003 -0.146400 0.989225 -0.000000 -4.510123 -0.000000 0.000000 1.000000 0.000000
0.989124 0.147083 0.000000 55.699699 -0.147083 0.989124 -0.000000 -4.567861 -0.000000 0.000000 1.000000 0.000000
0.989054 0.147551 0.000000 56.089450 -0.147551 0.989054 -0.000000 -4.623739 -0.000000 0.000000 1.000000 0.000000
0.988796 0.149271 0.000000 56.469600 -0.149271 0.988796 -0.000000 -4.686628 -0.000000 0.000000 1.000000 0.000000
0.988694 0.149950 0.000000 56.840954 -0.149950 0.988694 -0.000000 -4.748333 -0.000000 0.000000 1.000000 0.000000
0.988426 0.151705 0.000000 57.203143 -0.151705 0.988426 -0.000000 -4.800069 -0.000000 0.000000 1.000000 0.000000
0.988191 0.153227 0.000000 57.566643 -0.153227 0.988191 -0.000000 -4.854992 -0.000000 0.000000 1.000000 0.000000
0.987664 0.156587 0.000000 58.244435 -0.156587 0.987664 -0.000000 -4.967463 -0.000000 0.000000 1.000000 0.000000
0.987798 0.155740 0.000000 58.585033 -0.155740 0.987798 -0.000000 -5.028384 -0.000000 0.000000 1.000000 0.000000
0.987840 0.155476 0.000000 58.898834 -0.155476 0.987840 -0.000000 -5.084423 -0.000000 0.000000 1.000000 0.000000
0.987771 0.155913 0.000000 59.232690 -0.155913 0.987771 -0.000000 -5.144229 -0.000000 0.000000 1.000000 0.000000
0.987599 0.156997 0.000000 59.556881 -0.156997 0.987599 -0.000000 -5.204301 -0.000000 0.000000 1.000000 0.000000
0.987437 0.158016 0.000000 59.858770 -0.158016 0.987437 -0.000000 -5.246340 -0.000000 0.000000 1.000000 0.000000
0.986482 0.163867 0.000000 60.183483 -0.163867 0.986482 -0.000000 -5.283018 -0.000000 0.000000 1.000000 0.000000
0.986401 0.164359 0.000000 60.502301 -0.164359 0.986401 -0.000000 -5.342336 -0.000000 0.000000 1.000000 0.000000
0.986804 0.161918 0.000000 61.015941 -0.161918 0.986804 -0.000000 -5.441548 -0.000000 0.000000 1.000000 0.000000
0.986815 0.161852 0.000000 61.315752 -0.161852 0.986815 -0.000000 -5.494431 -0.000000 0.000000 1.000000 0.000000
0.986555 0.163431 0.000000 61.616459 -0.163431 0.986555 -0.000000 -5.550200 -0.000000 0.000000 1.000000 0.000000
0.986225 0.165411 0.000000 61.929387 -0.165411 0.986225 -0.000000 -5.603983 -0.000000 0.000000 1.000000 0.000000
0.986131 0.165966 0.000000 62.224533 -0.165966 0.986131 -0.000000 -5.659482 -0.000000 0.000000 1.000000 0.000000
0.985794 0.167959 0.000000 62.497591 -0.167959 0.985794 -0.000000 -5.709633 -0.000000 0.000000 1.000000 0.000000
0.985832 0.167738 0.000000 62.796012 -0.167738 0.985832 -0.000000 -5.763380 -0.000000 0.000000 1.000000 0.000000
0.985849 0.167634 0.000000 63.073477 -0.167634 0.985849 -0.000000 -5.815034 -0.000000 0.000000 1.000000 0.000000
0.985673 0.168665 0.000000 63.346376 -0.168665 0.985673 -0.000000 -5.861155 -0.000000 0.000000 1.000000 0.000000
0.985009 0.172502 0.000000 63.807942 -0.172502 0.985009 -0.000000 -5.943557 -0.000000 0.000000 1.000000 0.000000
0.984712 0.174190 0.000000 64.053330 -0.174190 0.984712 -0.000000 -5.980801 -0.000000 0.000000 1.000000 0.000000
0.984656 0.174508 0.000000 64.332825 -0.174508 0.984656 -0.000000 -6.027951 -0.000000 0.000000 1.000000 0.000000
0.984495 0.175410 0.000000 64.595352 -0.175410 0.984495 -0.000000 -6.071142 -0.000000 0.000000 1.000000 0.000000
0.984291 0.176552 0.000000 64.857312 -0.176552 0.984291 -0.000000 -6.118106 -0.000000 0.000000 1.000000 0.000000
0.984131 0.177443 0.000000 65.118592 -0.177443 0.984131 -0.000000 -6.166497 -0.000000 0.000000 1.000000 0.000000
0.983864 0.178918 0.000000 65.371002 -0.178918 0.983864 -0.000000 -6.213023 -0.000000 0.000000 1.000000 0.000000
0.983738 0.179609 0.000000 65.631357 -0.179609 0.983738 -0.000000 -6.263530 -0.000000 0.000000 1.000000 0.000000
0.983573 0.180511 0.000000 65.871066 -0.180511 0.983573 -0.000000 -6.309182 -0.000000 0.000000 1.000000 0.000000
0.983566 0.180547 0.000000 66.137653 -0.180547 0.983566 -0.000000 -6.361753 -0.000000 0.000000 1.000000 0.000000
0.983388 0.181517 0.000000 66.385713 -0.181517 0.983388 -0.000000 -6.414428 -0.000000 0.000000 1.000000 0.000000
0.983185 0.182612 0.000000 66.643818 -0.182612 0.983185 -0.000000 -6.462092 -0.000000 0.000000 1.000000 0.000000
0.982839 0.184466 0.000000 67.076011 -0.184466 0.982839 -0.000000 -6.548937 -0.000000 0.000000 1.000000 0.000000
0.982540 0.186053 0.000000 67.340179 -0.186053 0.982540 -0.000000 -6.598440 -0.000000 0.000000 1.000000 0.000000
0.982400 0.186790 0.000000 67.614279 -0.186790 0.982400 -0.000000 -6.655030 -0.000000 0.000000 1.000000 0.000000
0.982173 0.187981 0.000000 67.885332 -0.187981 0.982173 -0.000000 -6.711493 -0.000000 0.000000 1.000000 0.000000
0.982091 0.188409 0.000000 68.161534 -0.188409 0.982091 -0.000000 -6.768189 -0.000000 0.000000 1.000000 0.000000
0.981729 0.190284 0.000000 68.449868 -0.190284 0.981729 -0.000000 -6.828960 -0.000000 0.000000 1.000000 0.000000
0.981558 0.191163 0.000000 68.705513 -0.191163 0.981558 -0.000000 -6.889147 -0.000000 0.000000 1.000000 0.000000
0.981561 0.191151 0.000000 68.996643 -0.191151 0.981561 -0.000000 -6.957309 -0.000000 0.000000 1.000000 0.000000
0.981014 0.193939 0.000000 69.273757 -0.193939 0.981014 -0.000000 -7.016782 -0.000000 0.000000 1.000000 0.000000
0.980472 0.196657 0.000000 69.537847 -0.196657 0.980472 -0.000000 -7.076383 -0.000000 0.000000 1.000000 0.000000
0.980399 0.197023 0.000000 69.815230 -0.197023 0.980399 -0.000000 -7.141379 -0.000000 0.000000 1.000000 0.000000
0.980538 0.196329 0.000000 70.078927 -0.196329 0.980538 -0.000000 -7.208072 -0.000000 0.000000 1.000000 0.000000
0.979964 0.199173 0.000000 70.851299 -0.199173 0.979964 -0.000000 -7.376641 -0.000000 0.000000 1.000000 0.000000
0.979246 0.202674 0.000000 71.138697 -0.202674 0.979246 -0.000000 -7.433021 -0.000000 0.000000 1.000000 0.000000
0.978681 0.205385 0.000000 71.427123 -0.205385 0.978681 -0.000000 -7.490264 -0.000000 0.000000 1.000000 0.000000
0.978278 0.207299 0.000000 71.718672 -0.207299 0.978278 -0.000000 -7.551987 -0.000000 0.000000 1.000000 0.000000
0.978691 0.205338 0.000000 72.005449 -0.205338 0.978691 -0.000000 -7.618285 -0.000000 0.000000 1.000000 0.000000
0.978173 0.207793 0.000000 72.584850 -0.207793 0.978173 -0.000000 -7.748539 -0.000000 0.000000 1.000000 0.000000
0.978188 0.207722 0.000000 72.881742 -0.207722 0.978188 -0.000000 -7.812764 -0.000000 0.000000 1.000000 0.000000
0.977900 0.209072 0.000000 73.167998 -0.209072 0.977900 -0.000000 -7.873646 -0.000000 0.000000 1.000000 0.000000
0.977625 0.210356 0.000000 73.627042 -0.210356 0.977625 -0.000000 -7.978449 -0.000000 0.000000 1.000000 0.000000
0.976936 0.213532 0.000000 73.944994 -0.213532 0.976936 -0.000000 -8.048739 -0.000000 0.000000 1.000000 0.000000
0.975807 0.218634 0.000000 74.472317 -0.218634 0.975807 -0.000000 -8.171391 -0.000000 0.000000 1.000000 0.000000
0.975627 0.219434 0.000000 74.798082 -0.219434 0.975627 -0.000000 -8.244675 -0.000000 0.000000 1.000000 0.000000
0.975664 0.219272 0.000000 75.131836 -0.219272 0.975664 -0.000000 -8.321409 -0.000000 0.000000 1.000000 0.000000
0.973967 0.226688 0.000000 75.452778 -0.226688 0.973967 -0.000000 -8.381264 -0.000000 0.000000 1.000000 0.000000
0.973937 0.226818 0.000000 75.803868 -0.226818 0.973937 -0.000000 -8.464610 -0.000000 0.000000 1.000000 0.000000
0.973318 0.229459 0.000000 76.364593 -0.229459 0.973318 -0.000000 -8.599520 -0.000000 0.000000 1.000000 0.000000
0.973971 0.226671 0.000000 76.710651 -0.226671 0.973971 -0.000000 -8.685015 -0.000000 0.000000 1.000000 0.000000
0.973700 0.227833 0.000000 77.087271 -0.227833 0.973700 -0.000000 -8.775635 -0.000000 0.000000 1.000000 0.000000
0.973724 0.227730 0.000000 77.440922 -0.227730 0.973724 -0.000000 -8.856705 -0.000000 0.000000 1.000000 0.000000
0.973663 0.227992 0.000000 78.083777 -0.227992 0.973663 -0.000000 -9.018499 -0.000000 0.000000 1.000000 0.000000
0.973779 0.227496 0.000000 78.736956 -0.227496 0.973779 -0.000000 -9.165866 -0.000000 0.000000 1.000000 0.000000
0.974112 0.226068 0.000000 79.118836 -0.226068 0.974112 -0.000000 -9.264946 -0.000000 0.000000 1.000000 0.000000
0.974285 0.225321 0.000000 79.535873 -0.225321 0.974285 -0.000000 -9.359447 -0.000000 0.000000 1.000000 0.000000
0.973746 0.227636 0.000000 79.932478 -0.227636 0.973746 -0.000000 -9.450692 -0.000000 0.000000 1.000000 0.000000
0.974116 0.226051 0.000000 80.355293 -0.226051 0.974116 -0.000000 -9.559459 -0.000000 0.000000 1.000000 0.000000
0.973536 0.228532 0.000000 80.756608 -0.228532 0.973536 -0.000000 -9.661753 -0.000000 0.000000 1.000000 0.000000
0.973725 0.227728 0.000000 81.200848 -0.227728 0.973725 -0.000000 -9.767041 -0.000000 0.000000 1.000000 0.000000
0.974574 0.224067 0.000000 81.878448 -0.224067 0.974574 -0.000000 -9.923079 -0.000000 0.000000 1.000000 0.000000
0.974538 0.224224 0.000000 82.679217 -0.224224 0.974538 -0.000000 -10.111868 -0.000000 0.000000 1.000000 0.000000
0.974675 0.223626 0.000000 83.142006 -0.223626 0.974675 -0.000000 -10.225668 -0.000000 0.000000 1.000000 0.000000
0.973820 0.227319 0.000000 83.611457 -0.227319 0.973820 -0.000000 -10.342077 -0.000000 0.000000 1.000000 0.000000
0.973671 0.227959 0.000000 84.065824 -0.227959 0.973671 -0.000000 -10.453029 -0.000000 0.000000 1.000000 0.000000
0.973438 0.228952 0.000000 84.564768 -0.228952 0.973438 -0.000000 -10.575711 -0.000000 0.000000 1.000000 0.000000
0.973336 0.229386 0.000000 85.007610 -0.229386 0.973336 -0.000000 -10.681058 -0.000000 0.000000 1.000000 0.000000
0.971770 0.235930 0.000000 85.505366 -0.235930 0.971770 -0.000000 -10.796775 -0.000000 0.000000 1.000000 0.000000
0.971196 0.238281 0.000000 86.008520 -0.238281 0.971196 -0.000000 -10.922163 -0.000000 0.000000 1.000000 0.000000
0.970267 0.242038 0.000000 86.517358 -0.242038 0.970267 -0.000000 -11.046183 -0.000000 0.000000 1.000000 0.000000
0.969789 0.243946 0.000000 86.999139 -0.243946 0.969789 -0.000000 -11.171037 -0.000000 0.000000 1.000000 0.000000
0.969440 0.245329 0.000000 87.518953 -0.245329 0.969440 -0.000000 -11.309649 -0.000000 0.000000 1.000000 0.000000
0.968294 0.249815 0.000000 88.457966 -0.249815 0.968294 -0.000000 -11.554509 -0.000000 0.000000 1.000000 0.000000
0.968428 0.249295 0.000000 88.991016 -0.249295 0.968428 -0.000000 -11.702853 -0.000000 0.000000 1.000000 0.000000
0.968356 0.249573 0.000000 89.534421 -0.249573 0.968356 -0.000000 -11.845545 -0.000000 0.000000 1.000000 0.000000
0.967221 0.253936 0.000000 90.081553 -0.253936 0.967221 -0.000000 -11.982715 -0.000000 0.000000 1.000000 0.000000
0.965933 0.258793 0.000000 90.630469 -0.258793 0.965933 -0.000000 -12.126277 -0.000000 0.000000 1.000000 0.000000
0.965882 0.258983 0.000000 91.465068 -0.258983 0.965882 -0.000000 -12.364665 -0.000000 0.000000 1.000000 0.000000
0.965468 0.260521 0.000000 91.986218 -0.260521 0.965468 -0.000000 -12.503126 -0.000000 0.000000 1.000000 0.000000
0.962790 0.270252 0.000000 93.072821 -0.270252 0.962790 -0.000000 -12.813363 -0.000000 0.000000 1.000000 0.000000
0.961777 0.273833 0.000000 93.799006 -0.273833 0.961777 -0.000000 -13.014353 -0.000000 0.000000 1.000000 0.000000
0.960964 0.276673 0.000000 94.375888 -0.276673 0.960964 -0.000000 -13.168472 -0.000000 0.000000 1.000000 0.000000
0.959704 0.281011 0.000000 94.956960 -0.281011 0.959704 -0.000000 -13.341350 -0.000000 0.000000 1.000000 0.000000
0.958216 0.286045 0.000000 95.535740 -0.286045 0.958216 -0.000000 -13.514315 -0.000000 0.000000 1.000000 0.000000
0.957987 0.286811 0.000000 96.118857 -0.286811 0.957987 -0.000000 -13.682444 -0.000000 0.000000 1.000000 0.000000
0.957857 0.287246 0.000000 96.730865 -0.287246 0.957857 -0.000000 -13.870907 -0.000000 0.000000 1.000000 0.000000
0.957239 0.289298 0.000000 97.289310 -0.289298 0.957239 -0.000000 -14.042157 -0.000000 0.000000 1.000000 0.000000
0.956374 0.292146 0.000000 97.868683 -0.292146 0.956374 -0.000000 -14.223390 -0.000000 0.000000 1.000000 0.000000
0.956051 0.293201 0.000000 98.461972 -0.293201 0.956051 -0.000000 -14.406970 -0.000000 0.000000 1.000000 0.000000
0.957086 0.289805 0.000000 99.017605 -0.289805 0.957086 -0.000000 -14.576868 -0.000000 0.000000 1.000000 0.000000
0.957877 0.287179 0.000000 99.622346 -0.287179 0.957877 -0.000000 -14.759960 -0.000000 0.000000 1.000000 0.000000
0.957798 0.287444 0.000000 100.225531 -0.287444 0.957798 -0.000000 -14.946383 -0.000000 0.000000 1.000000 0.000000
0.957314 0.289049 0.000000 100.782623 -0.289049 0.957314 -0.000000 -15.118824 -0.000000 0.000000 1.000000 0.000000
0.957091 0.289787 0.000000 101.847187 -0.289787 0.957091 -0.000000 -15.444291 -0.000000 0.000000 1.000000 0.000000
0.956656 0.291220 0.000000 102.500726 -0.291220 0.956656 -0.000000 -15.650680 -0.000000 0.000000 1.000000 0.000000
0.956419 0.291997 0.000000 103.104529 -0.291997 0.956419 -0.000000 -15.849577 -0.000000 0.000000 1.000000 0.000000
0.955538 0.294867 0.000000 103.717540 -0.294867 0.955538 -0.000000 -16.044250 -0.000000 0.000000 1.000000 0.000000
0.954441 0.298401 0.000000 104.314057 -0.298401 0.954441 -0.000000 -16.235375 -0.000000 0.000000 1.000000 0.000000
0.954891 0.296957 0.000000 104.923998 -0.296957 0.954891 -0.000000 -16.439527 -0.000000 0.000000 1.000000 0.000000
0.954695 0.297586 0.000000 105.496327 -0.297586 0.954695 -0.000000 -16.620214 -0.000000 0.000000 1.000000 0.000000
0.954641 0.297758 0.000000 106.110905 -0.297758 0.954641 -0.000000 -16.815288 -0.000000 0.000000 1.000000 0.000000
0.954475 0.298292 0.000000 106.689500 -0.298292 0.954475 -0.000000 -16.996598 -0.000000 0.000000 1.000000 0.000000
0.953631 0.300979 0.000000 107.309263 -0.300979 0.953631 -0.000000 -17.206499 -0.000000 0.000000 1.000000 0.000000
0.952989 0.303006 0.000000 107.925511 -0.303006 0.952989 -0.000000 -17.412504 -0.000000 0.000000 1.000000 0.000000
0.952648 0.304075 0.000000 108.555064 -0.304075 0.952648 -0.000000 -17.610704 -0.000000 0.000000 1.000000 0.000000
0.952977 0.303041 0.000000 109.333920 -0.303041 0.952977 -0.000000 -17.871004 -0.000000 0.000000 1.000000 0.000000
0.952801 0.303595 0.000000 109.927344 -0.303595 0.952801 -0.000000 -18.053960 -0.000000 0.000000 1.000000 0.000000
0.950922 0.309432 0.000000 110.559313 -0.309432 0.950922 -0.000000 -18.264429 -0.000000 0.000000 1.000000 0.000000
0.951598 0.307346 0.000000 111.562480 -0.307346 0.951598 -0.000000 -18.587361 -0.000000 0.000000 1.000000 0.000000
0.951479 0.307715 0.000000 112.198803 -0.307715 0.951479 -0.000000 -18.796212 -0.000000 0.000000 1.000000 0.000000
0.951270 0.308360 0.000000 112.842194 -0.308360 0.951270 -0.000000 -19.010893 -0.000000 0.000000 1.000000 0.000000
0.950373 0.311111 0.000000 113.485067 -0.311111 0.950373 -0.000000 -19.225919 -0.000000 0.000000 1.000000 0.000000
0.950300 0.311336 0.000000 114.110912 -0.311336 0.950300 -0.000000 -19.445389 -0.000000 0.000000 1.000000 0.000000
0.950021 0.312187 0.000000 114.749068 -0.312187 0.950021 -0.000000 -19.662615 -0.000000 0.000000 1.000000 0.000000
0.950270 0.311428 0.000000 115.348380 -0.311428 0.950270 -0.000000 -19.869881 -0.000000 0.000000 1.000000 0.000000
0.950239 0.311521 0.000000 116.476876 -0.311521 0.950239 -0.000000 -20.253411 -0.000000 0.000000 1.000000 0.000000
0.950299 0.311340 0.000000 117.119585 -0.311340 0.950299 -0.000000 -20.469883 -0.000000 0.000000 1.000000 0.000000
0.950505 0.310708 0.000000 117.761588 -0.310708 0.950505 -0.000000 -20.688244 -0.000000 0.000000 1.000000 0.000000
0.950420 0.310971 0.000000 118.400242 -0.310971 0.950420 -0.000000 -20.906667 -0.000000 0.000000 1.000000 0.000000
0.949876 0.312628 0.000000 119.708572 -0.312628 0.949876 -0.000000 -21.347712 -0.000000 0.000000 1.000000 0.000000
0.949990 0.312280 0.000000 120.299654 -0.312280 0.949990 -0.000000 -21.546098 -0.000000 0.000000 1.000000 0.000000
0.948967 0.315376 0.000000 120.943627 -0.315376 0.948967 -0.000000 -21.765142 -0.000000 0.000000 1.000000 0.000000
0.948956 0.315408 0.000000 121.538628 -0.315408 0.948956 -0.000000 -21.977528 -0.000000 0.000000 1.000000 0.000000
0.948709 0.316150 0.000000 122.133486 -0.316150 0.948709 -0.000000 -22.177123 -0.000000 0.000000 1.000000 0.000000
0.942236 0.334951 0.000000 126.735196 -0.334951 0.942236 -0.000000 -23.861698 -0.000000 0.000000 1.000000 0.000000
0.943722 0.330740 0.000000 127.369311 -0.330740 0.943722 -0.000000 -24.086422 -0.000000 0.000000 1.000000 0.000000
0.943310 0.331912 0.000000 127.964624 -0.331912 0.943310 -0.000000 -24.305874 -0.000000 0.000000 1.000000 0.000000
0.944522 0.328448 0.000000 128.583563 -0.328448 0.944522 -0.000000 -24.541845 -0.000000 0.000000 1.000000 0.000000
0.943850 0.330375 0.000000 129.174311 -0.330375 0.943850 -0.000000 -24.763368 -0.000000 0.000000 1.000000 0.000000
0.945050 0.326927 0.000000 129.780399 -0.326927 0.945050 -0.000000 -24.987444 -0.000000 0.000000 1.000000 0.000000
0.943543 0.331249 0.000000 130.400654 -0.331249 0.943543 -0.000000 -25.220844 -0.000000 0.000000 1.000000 0.000000
0.943979 0.330005 0.000000 131.192041 -0.330005 0.943979 -0.000000 -25.522167 -0.000000 0.000000 1.000000 0.000000
0.943437 0.331552 0.000000 131.805793 -0.331552 0.943437 -0.000000 -25.753719 -0.000000 0.000000 1.000000 0.000000
0.942168 0.335140 0.000000 132.421950 -0.335140 0.942168 -0.000000 -25.959872 -0.000000 0.000000 1.000000 0.000000
0.942110 0.335304 0.000000 133.311449 -0.335304 0.942110 -0.000000 -26.284086 -0.000000 0.000000 1.000000 0.000000
0.942210 0.335024 0.000000 133.916196 -0.335024 0.942210 -0.000000 -26.511313 -0.000000 0.000000 1.000000 0.000000
0.941998 0.335620 0.000000 134.527570 -0.335620 0.941998 -0.000000 -26.732133 -0.000000 0.000000 1.000000 0.000000
0.941993 0.335633 0.000000 135.127028 -0.335633 0.941993 -0.000000 -26.951858 -0.000000 0.000000 1.000000 0.000000
0.941845 0.336047 0.000000 135.726592 -0.336047 0.941845 -0.000000 -27.178283 -0.000000 0.000000 1.000000 0.000000
0.941253 0.337703 0.000000 136.615992 -0.337703 0.941253 -0.000000 -27.507138 -0.000000 0.000000 1.000000 0.000000
0.940886 0.338724 0.000000 137.194376 -0.338724 0.940886 -0.000000 -27.727278 -0.000000 0.000000 1.000000 0.000000
0.940391 0.340096 0.000000 137.791914 -0.340096 0.940391 -0.000000 -27.948622 -0.000000 0.000000 1.000000 0.000000
0.939673 0.342074 0.000000 138.346994 -0.342074 0.939673 -0.000000 -28.163020 -0.000000 0.000000 1.000000 0.000000
0.938716 0.344690 0.000000 139.115133 -0.344690 0.938716 -0.000000 -28.460459 -0.000000 0.000000 1.000000 0.000000
0.938085 0.346406 0.000000 139.704387 -0.346406 0.938085 -0.000000 -28.691415 -0.000000 0.000000 1.000000 0.000000
0.937735 0.347352 0.000000 140.297924 -0.347352 0.937735 -0.000000 -28.918928 -0.000000 0.000000 1.000000 0.000000
0.938092 0.346387 0.000000 140.883473 -0.346387 0.938092 -0.000000 -29.149286 -0.000000 0.000000 1.000000 0.000000
0.939047 0.343788 0.000000 141.471212 -0.343788 0.939047 -0.000000 -29.371796 -0.000000 0.000000 1.000000 0.000000
0.938918 0.344142 0.000000 142.600054 -0.344142 0.938918 -0.000000 -29.810061 -0.000000 0.000000 1.000000 0.000000
0.939781 0.341778 0.000000 143.140144 -0.341778 0.939781 -0.000000 -30.013280 -0.000000 0.000000 1.000000 0.000000
0.937307 0.348504 0.000000 143.709683 -0.348504 0.937307 -0.000000 -30.222939 -0.000000 0.000000 1.000000 0.000000
0.937958 0.346750 0.000000 144.275690 -0.346750 0.937958 -0.000000 -30.444262 -0.000000 0.000000 1.000000 0.000000
0.936794 0.349881 0.000000 144.812519 -0.349881 0.936794 -0.000000 -30.655894 -0.000000 0.000000 1.000000 0.000000
0.937086 0.349099 0.000000 145.382853 -0.349099 0.937086 -0.000000 -30.885856 -0.000000 0.000000 1.000000 0.000000
0.938881 0.344243 0.000000 146.079458 -0.344243 0.938881 -0.000000 -31.157987 -0.000000 0.000000 1.000000 0.000000
0.939600 0.342275 0.000000 146.639018 -0.342275 0.939600 -0.000000 -31.384389 -0.000000 0.000000 1.000000 0.000000
0.939518 0.342500 0.000000 147.161018 -0.342500 0.939518 -0.000000 -31.587590 -0.000000 0.000000 1.000000 0.000000
0.939435 0.342726 0.000000 147.728111 -0.342726 0.939435 -0.000000 -31.805165 -0.000000 0.000000 1.000000 0.000000
0.939210 0.343343 0.000000 148.288239 -0.343343 0.939210 -0.000000 -32.023601 -0.000000 0.000000 1.000000 0.000000
0.939028 0.343840 0.000000 148.811760 -0.343840 0.939028 -0.000000 -32.226370 -0.000000 0.000000 1.000000 0.000000
0.938511 0.345248 0.000000 149.367600 -0.345248 0.938511 -0.000000 -32.444578 -0.000000 0.000000 1.000000 0.000000
0.939498 0.342555 0.000000 149.891731 -0.342555 0.939498 -0.000000 -32.646102 -0.000000 0.000000 1.000000 0.000000
0.939026 0.343845 0.000000 150.438448 -0.343845 0.939026 -0.000000 -32.858480 -0.000000 0.000000 1.000000 0.000000
0.938238 0.345992 0.000000 150.983341 -0.345992 0.938238 -0.000000 -33.075816 -0.000000 0.000000 1.000000 0.000000
0.938150 0.346228 0.000000 151.685482 -0.346228 0.938150 -0.000000 -33.351614 -0.000000 0.000000 1.000000 0.000000
0.937344 0.348406 0.000000 152.202638 -0.348406 0.937344 -0.000000 -33.548451 -0.000000 0.000000 1.000000 0.000000
0.936618 0.350353 0.000000 152.750477 -0.350353 0.936618 -0.000000 -33.761122 -0.000000 0.000000 1.000000 0.000000
0.935895 0.352278 0.000000 153.263396 -0.352278 0.935895 -0.000000 -33.963454 -0.000000 0.000000 1.000000 0.000000
0.935476 0.353390 0.000000 153.807647 -0.353390 0.935476 -0.000000 -34.169371 -0.000000 0.000000 1.000000 0.000000
0.935264 0.353952 0.000000 154.319455 -0.353952 0.935264 -0.000000 -34.365301 -0.000000 0.000000 1.000000 0.000000
0.935032 0.354563 0.000000 155.020785 -0.354563 0.935032 -0.000000 -34.632455 -0.000000 0.000000 1.000000 0.000000
0.934938 0.354811 0.000000 155.526392 -0.354811 0.934938 -0.000000 -34.828060 -0.000000 0.000000 1.000000 0.000000
0.932430 0.361352 0.000000 156.059537 -0.361352 0.932430 -0.000000 -35.044763 -0.000000 0.000000 1.000000 0.000000
0.932337 0.361591 0.000000 156.563594 -0.361591 0.932337 -0.000000 -35.243072 -0.000000 0.000000 1.000000 0.000000
0.931736 0.363136 0.000000 157.106636 -0.363136 0.931736 -0.000000 -35.459277 -0.000000 0.000000 1.000000 0.000000
0.931658 0.363336 0.000000 157.609595 -0.363336 0.931658 -0.000000 -35.662004 -0.000000 0.000000 1.000000 0.000000
0.931391 0.364021 0.000000 158.335893 -0.364021 0.931391 -0.000000 -35.957442 -0.000000 0.000000 1.000000 0.000000
0.931218 0.364463 0.000000 158.877750 -0.364463 0.931218 -0.000000 -36.179039 -0.000000 0.000000 1.000000 0.000000
0.932123 0.362143 0.000000 159.413074 -0.362143 0.932123 -0.000000 -36.401722 -0.000000 0.000000 1.000000 0.000000
0.933055 0.359733 0.000000 159.947825 -0.359733 0.933055 -0.000000 -36.617738 -0.000000 0.000000 1.000000 0.000000
0.933930 0.357456 0.000000 160.480396 -0.357456 0.933930 -0.000000 -36.834070 -0.000000 0.000000 1.000000 0.000000
0.932930 0.360058 0.000000 161.008190 -0.360058 0.932930 -0.000000 -37.057022 -0.000000 0.000000 1.000000 0.000000
0.933782 0.357843 0.000000 161.540984 -0.357843 0.933782 -0.000000 -37.271497 -0.000000 0.000000 1.000000 0.000000
0.934925 0.354845 0.000000 162.044290 -0.354845 0.934925 -0.000000 -37.477839 -0.000000 0.000000 1.000000 0.000000
0.935983 0.352046 0.000000 162.570995 -0.352046 0.935983 -0.000000 -37.695191 -0.000000 0.000000 1.000000 0.000000
0.936034 0.351909 0.000000 163.111397 -0.351909 0.936034 -0.000000 -37.915132 -0.000000 0.000000 1.000000 0.000000
0.936233 0.351379 0.000000 163.611832 -0.351379 0.936233 -0.000000 -38.116777 -0.000000 0.000000 1.000000 0.000000
0.936571 0.350479 0.000000 164.152680 -0.350479 0.936571 -0.000000 -38.333642 -0.000000 0.000000 1.000000 0.000000
0.937635 0.347622 0.000000 164.660025 -0.347622 0.937635 -0.000000 -38.518992 -0.000000 0.000000 1.000000 0.000000
0.938054 0.346488 0.000000 165.195931 -0.346488 0.938054 -0.000000 -38.725468 -0.000000 0.000000 1.000000 0.000000
0.939825 0.341657 0.000000 165.724944 -0.341657 0.939825 -0.000000 -38.939088 -0.000000 0.000000 1.000000 0.000000
0.941352 0.337427 0.000000 166.271256 -0.337427 0.941352 -0.000000 -39.151108 -0.000000 0.000000 1.000000 0.000000
0.942186 0.335091 0.000000 166.777431 -0.335091 0.942186 -0.000000 -39.346434 -0.000000 0.000000 1.000000 0.000000
0.943581 0.331141 0.000000 167.311772 -0.331141 0.943581 -0.000000 -39.544853 -0.000000 0.000000 1.000000 0.000000
0.944726 0.327860 0.000000 167.800029 -0.327860 0.944726 -0.000000 -39.737390 -0.000000 0.000000 1.000000 0.000000
0.946700 0.322117 0.000000 168.342222 -0.322117 0.946700 -0.000000 -39.942917 -0.000000 0.000000 1.000000 0.000000
0.948208 0.317649 0.000000 169.044062 -0.317649 0.948208 -0.000000 -40.207222 -0.000000 0.000000 1.000000 0.000000
0.948714 0.316135 0.000000 169.584820 -0.316135 0.948714 -0.000000 -40.395655 -0.000000 0.000000 1.000000 0.000000
0.949432 0.313973 0.000000 170.079806 -0.313973 0.949432 -0.000000 -40.574026 -0.000000 0.000000 1.000000 0.000000
0.949001 0.315273 0.000000 170.623597 -0.315273 0.949001 -0.000000 -40.766858 -0.000000 0.000000 1.000000 0.000000
0.949499 0.313770 0.000000 171.300136 -0.313770 0.949499 -0.000000 -41.000695 -0.000000 0.000000 1.000000 0.000000
0.950941 0.309373 0.000000 172.368790 -0.309373 0.950941 -0.000000 -41.376264 -0.000000 0.000000 1.000000 0.000000
0.950819 0.309747 0.000000 172.901711 -0.309747 0.950819 -0.000000 -41.567612 -0.000000 0.000000 1.000000 0.000000
0.951475 0.307726 0.000000 173.437746 -0.307726 0.951475 -0.000000 -41.747871 -0.000000 0.000000 1.000000 0.000000
0.951286 0.308311 0.000000 173.971341 -0.308311 0.951286 -0.000000 -41.930540 -0.000000 0.000000 1.000000 0.000000
0.951666 0.307134 0.000000 174.501698 -0.307134 0.951666 -0.000000 -42.103857 -0.000000 0.000000 1.000000 0.000000
0.951833 0.306618 0.000000 175.033260 -0.306618 0.951833 -0.000000 -42.271404 -0.000000 0.000000 1.000000 0.000000
0.951323 0.308196 0.000000 175.582296 -0.308196 0.951323 -0.000000 -42.461273 -0.000000 0.000000 1.000000 0.000000
0.951410 0.307928 0.000000 176.107318 -0.307928 0.951410 -0.000000 -42.637904 -0.000000 0.000000 1.000000 0.000000
0.950723 0.310040 0.000000 176.595221 -0.310040 0.950723 -0.000000 -42.801405 -0.000000 0.000000 1.000000 0.000000
0.950077 0.312016 0.000000 177.078945 -0.312016 0.950077 -0.000000 -42.978644 -0.000000 0.000000 1.000000 0.000000
0.950098 0.311951 0.000000 177.597685 -0.311951 0.950098 -0.000000 -43.154455 -0.000000 0.000000 1.000000 0.000000
0.950486 0.310768 0.000000 178.082975 -0.310768 0.950486 -0.000000 -43.309357 -0.000000 0.000000 1.000000 0.000000
0.951278 0.308334 0.000000 178.605805 -0.308334 0.951278 -0.000000 -43.475579 -0.000000 0.000000 1.000000 0.000000
0.951726 0.306949 0.000000 179.097951 -0.306949 0.951726 -0.000000 -43.627488 -0.000000 0.000000 1.000000 0.000000
0.951840 0.306595 0.000000 179.614760 -0.306595 0.951840 -0.000000 -43.798306 -0.000000 0.000000 1.000000 0.000000
0.951992 0.306123 0.000000 180.100493 -0.306123 0.951992 -0.000000 -43.958647 -0.000000 0.000000 1.000000 0.000000
0.953059 0.302785 0.000000 180.619512 -0.302785 0.953059 -0.000000 -44.129289 -0.000000 0.000000 1.000000 0.000000
0.953542 0.301262 0.000000 181.096254 -0.301262 0.953542 -0.000000 -44.279247 -0.000000 0.000000 1.000000 0.000000
0.953595 0.301094 0.000000 181.613632 -0.301094 0.953595 -0.000000 -44.439344 -0.000000 0.000000 1.000000 0.000000
0.953539 0.301271 0.000000 182.095412 -0.301271 0.953539 -0.000000 -44.586432 -0.000000 0.000000 1.000000 0.000000
0.953044 0.302832 0.000000 182.607669 -0.302832 0.953044 -0.000000 -44.738357 -0.000000 0.000000 1.000000 0.000000
0.954155 0.299313 0.000000 183.233807 -0.299313 0.954155 -0.000000 -44.953622 -0.000000 0.000000 1.000000 0.000000
0.955328 0.295549 0.000000 183.743170 -0.295549 0.955328 -0.000000 -45.114225 -0.000000 0.000000 1.000000 0.000000
0.956536 0.291616 0.000000 184.242447 -0.291616 0.956536 -0.000000 -45.274235 -0.000000 0.000000 1.000000 0.000000
0.956688 0.291115 0.000000 184.718529 -0.291115 0.956688 -0.000000 -45.419776 -0.000000 0.000000 1.000000 0.000000
0.958608 0.284729 0.000000 185.418059 -0.284729 0.958608 -0.000000 -45.638885 -0.000000 0.000000 1.000000 0.000000
0.959257 0.282537 0.000000 185.923682 -0.282537 0.959257 -0.000000 -45.790859 -0.000000 0.000000 1.000000 0.000000
0.959906 0.280323 0.000000 186.430766 -0.280323 0.959906 -0.000000 -45.940468 -0.000000 0.000000 1.000000 0.000000
0.960672 0.277685 0.000000 186.935822 -0.277685 0.960672 -0.000000 -46.086414 -0.000000 0.000000 1.000000 0.000000
0.962499 0.271286 0.000000 187.435390 -0.271286 0.962499 -0.000000 -46.230325 -0.000000 0.000000 1.000000 0.000000
0.965638 0.259892 0.000000 188.425997 -0.259892 0.965638 -0.000000 -46.519008 -0.000000 0.000000 1.000000 0.000000
0.967290 0.253674 0.000000 188.913843 -0.253674 0.967290 -0.000000 -46.646896 -0.000000 0.000000 1.000000 0.000000
0.969162 0.246426 0.000000 189.401440 -0.246426 0.969162 -0.000000 -46.786969 -0.000000 0.000000 1.000000 0.000000
0.971178 0.238357 0.000000 189.853519 -0.238357 0.971178 -0.000000 -46.909297 -0.000000 0.000000 1.000000 0.000000
0.972876 0.231326 0.000000 190.343322 -0.231326 0.972876 -0.000000 -47.029337 -0.000000 0.000000 1.000000 0.000000
0.974941 0.222465 0.000000 190.801896 -0.222465 0.974941 -0.000000 -47.136736 -0.000000 0.000000 1.000000 0.000000
0.979151 0.203134 0.000000 191.733355 -0.203134 0.979151 -0.000000 -47.346611 -0.000000 0.000000 1.000000 0.000000
0.980974 0.194139 0.000000 192.214490 -0.194139 0.980974 -0.000000 -47.448551 -0.000000 0.000000 1.000000 0.000000
0.983017 0.183515 0.000000 192.661733 -0.183515 0.983017 -0.000000 -47.535692 -0.000000 0.000000 1.000000 0.000000
0.985084 0.172072 0.000000 193.336918 -0.172072 0.985084 -0.000000 -47.660479 -0.000000 0.000000 1.000000 0.000000
0.986878 0.161468 0.000000 193.807309 -0.161468 0.986878 -0.000000 -47.748034 -0.000000 0.000000 1.000000 0.000000
0.988545 0.150926 0.000000 194.275325 -0.150926 0.988545 -0.000000 -47.830841 -0.000000 0.000000 1.000000 0.000000
0.990009 0.141007 0.000000 194.710528 -0.141007 0.990009 -0.000000 -47.904541 -0.000000 0.000000 1.000000 0.000000
0.991163 0.132653 0.000000 195.173718 -0.132653 0.991163 -0.000000 -47.973253 -0.000000 0.000000 1.000000 0.000000
