1.000000 -0.000380 0.000000 0.632644 0.000380 1.000000 0.000000 -0.015896 0.000000 0.000000 1.000000 0.000000
0.999993 -0.003825 0.000000 1.263454 0.003825 0.999993 0.000000 -0.031138 0.000000 0.000000 1.000000 0.000000
0.999964 -0.008529 0.000000 2.524908 0.008529 0.999964 0.000000 -0.045608 0.000000 0.000000 1.000000 0.000000
0.999958 -0.009141 0.000000 3.151629 0.009141 0.999958 0.000000 -0.048965 0.000000 0.000000 1.000000 0.000000
0.999964 -0.008476 0.000000 3.783300 0.008476 0.999964 0.000000 -0.056218 0.000000 0.000000 1.000000 0.000000
0.999974 -0.007226 0.000000 4.418630 0.007226 0.999974 0.000000 -0.055638 0.000000 0.000000 1.000000 0.000000
0.999964 -0.008508 0.000000 5.091981 0.008508 0.999964 0.000000 -0.066115 0.000000 0.000000 1.000000 0.000000
0.999964 -0.008439 0.000000 5.720857 0.008439 0.999964 0.000000 -0.081606 0.000000 0.000000 1.000000 0.000000
0.999966 -0.008273 0.000000 6.352646 0.008273 0.999966 0.000000 -0.087625 0.000000 0.000000 1.000000 0.000000
0.999956 -0.009381 0.000000 6.981054 0.009381 0.999956 0.000000 -0.094624 0.000000 0.000000 1.000000 0.000000
0.999944 -0.010623 0.000000 7.610579 0.010623 0.999944 0.000000 -0.103721 0.000000 0.000000 1.000000 0.000000
0.999947 -0.010300 0.000000 8.229686 0.010300 0.999947 0.000000 -0.108421 0.000000 0.000000 1.000000 0.000000
0.999958 -0.009190 0.000000 8.858205 0.009190 0.999958 0.000000 -0.114035 0.000000 0.000000 1.000000 0.000000
0.999948 -0.010221 0.000000 9.476595 0.010221 0.999948 0.000000 -0.129141 0.000000 0.000000 1.000000 0.000000
0.999956 -0.009401 0.000000 10.129725 0.009401 0.999956 0.000000 -0.134594 0.000000 0.000000 1.000000 0.000000
0.999950 -0.009982 0.000000 10.715995 0.009982 0.999950 0.000000 -0.142948 0.000000 0.000000 1.000000 0.000000
0.999952 -0.009766 0.000000 11.335501 0.009766 0.999952 0.000000 -0.149509 0.000000 0.000000 1.000000 0.000000
0.999958 -0.009127 0.000000 11.957302 0.009127 0.999958 0.000000 -0.162772 0.000000 0.000000 1.000000 0.000000
0.999942 -0.010741 0.000000 12.607056 0.010741 0.999942 0.000000 -0.173214 0.000000 0.000000 1.000000 0.000000
0.999928 -0.011988 0.000000 13.225993 0.011988 0.999928 0.000000 -0.180292 0.000000 0.000000 1.000000 0.000000
0.999917 -0.012848 0.000000 13.849090 0.012848 0.999917 0.000000 -0.186963 0.000000 0.000000 1.000000 0.000000
0.999906 -0.013743 0.000000 14.473713 0.013743 0.999906 0.000000 -0.197347 0.000000 0.000000 1.000000 0.000000
0.999919 -0.012732 0.000000 15.102854 0.012732 0.999919 0.000000 -0.205898 0.000000 0.000000 1.000000 0.000000
0.999886 -0.015127 0.000000 15.725266 0.015127 0.999886 0.000000 -0.210778 0.000000 0.000000 1.000000 0.000000
0.999882 -0.015331 0.000000 16.334385 0.015331 0.999882 0.000000 -0.216253 0.000000 0.000000 1.000000 0.000000
0.999858 -0.016879 0.000000 16.966468 0.016879 0.999858 0.000000 -0.220328 0.000000 0.000000 1.000000 0.000000
0.999884 -0.015213 0.000000 17.597804 0.015213 0.999884 0.000000 -0.220390 0.000000 0.000000 1.000000 0.000000
0.999912 -0.013242 0.000000 18.185161 0.013242 0.999912 0.000000 -0.221315 0.000000 0.000000 1.000000 0.000000
0.999879 -0.015560 0.000000 18.817479 0.015560 0.999879 0.000000 -0.234693 0.000000 0.000000 1.000000 0.000000
0.999840 -0.017894 0.000000 19.431533 0.017894 0.999840 0.000000 -0.240482 0.000000 0.000000 1.000000 0.000000
0.999809 -0.019554 0.000000 20.033374 0.019554 0.999809 0.000000 -0.246467 0.000000 0.000000 1.000000 0.000000
0.999812 -0.019413 0.000000 20.661275 0.019413 0.999812 0.000000 -0.249053 0.000000 0.000000 1.000000 0.000000
0.999823 -0.018826 0.000000 21.298679 0.018826 0.999823 0.000000 -0.257368 0.000000 0.000000 1.000000 0.000000
0.999826 -0.018630 0.000000 21.926792 0.018630 0.999826 0.000000 -0.265804 0.000000 0.000000 1.000000 0.000000
0.999855 -0.017043 0.000000 22.516819 0.017043 0.999855 0.000000 -0.268622 0.000000 0.000000 1.000000 0.000000
0.999919 -0.012760 0.000000 23.152440 0.012760 0.999919 0.000000 -0.278568 0.000000 0.000000 1.000000 0.000000
0.999941 -0.010824 0.000000 23.744819 0.010824 0.999941 0.000000 -0.288629 0.000000 0.000000 1.000000 0.000000
0.999945 -0.010507 0.000000 24.376514 0.010507 0.999945 0.000000 -0.300151 0.000000 0.000000 1.000000 0.000000
0.999932 -0.011631 0.000000 25.015036 0.011631 0.999932 0.000000 -0.310826 0.000000 0.000000 1.000000 0.000000
0.999920 -0.012683 0.000000 25.843729 0.012683 0.999920 0.000000 -0.330466 0.000000 0.000000 1.000000 0.000000
0.999928 -0.011972 0.000000 26.476847 0.011972 0.999928 0.000000 -0.335856 0.000000 0.000000 1.000000 0.000000
0.999939 -0.011083 0.000000 27.116020 0.011083 0.999939 0.000000 -0.334882 0.000000 0.000000 1.000000 0.000000
0.999948 -0.010212 0.000000 27.752174 0.010212 0.999948 0.000000 -0.338905 0.000000 0.000000 1.000000 0.000000
0.999955 -0.009476 0.000000 28.386529 0.009476 0.999955 0.000000 -0.346531 0.000000 0.000000 1.000000 0.000000
0.999939 -0.011083 0.000000 29.032913 0.011083 0.999939 0.000000 -0.356804 0.000000 0.000000 1.000000 0.000000
0.999957 -0.009223 0.000000 29.676613 0.009223 0.999957 0.000000 -0.360123 0.000000 0.000000 1.000000 0.000000
0.999970 -0.007685 0.000000 30.326717 0.007685 0.999970 0.000000 -0.370008 0.000000 0.000000 1.000000 0.000000
0.999986 -0.005323 0.000000 30.962822 0.005323 0.999986 0.000000 -0.373471 0.000000 0.000000 1.000000 0.000000
0.999987 -0.005183 0.000000 31.608226 0.005183 0.999987 0.000000 -0.383889 0.000000 0.000000 1.000000 0.000000
0.999995 -0.003017 0.000000 32.247167 0.003017 0.999995 0.000000 -0.387479 0.000000 0.000000 1.000000 0.000000
0.999990 -0.004484 0.000000 32.880680 0.004484 0.999990 0.000000 -0.401332 0.000000 0.000000 1.000000 0.000000
0.999994 -0.003577 0.000000 33.518459 0.003577 0.999994 0.000000 -0.411681 0.000000 0.000000 1.000000 0.000000
0.999996 -0.002668 0.000000 34.156985 0.002668 0.999996 0.000000 -0.419955 0.000000 0.000000 1.000000 0.000000
0.999993 -0.003795 0.000000 34.760852 0.003795 0.999993 0.000000 -0.436496 0.000000 0.000000 1.000000 0.000000
0.999997 -0.002510 0.000000 35.405529 0.002510 0.999997 0.000000 -0.448507 0.000000 0.000000 1.000000 0.000000
1.000000 0.000314 0.000000 36.037762 -0.000314 1.000000 -0.000000 -0.450524 -0.000000 0.000000 1.000000 0.000000
1.000000 0.000038 0.000000 36.678329 -0.000038 1.000000 -0.000000 -0.463625 -0.000000 0.000000 1.000000 0.000000
0.999998 -0.001837 0.000000 37.315436 0.001837 0.999998 0.000000 -0.473073 0.000000 0.000000 1.000000 0.000000
0.999999 -0.001152 0.000000 37.950185 0.001152 0.999999 0.000000 -0.475741 0.000000 0.000000 1.000000 0.000000
1.000000 0.000457 0.000000 38.593713 -0.000457 1.000000 -0.000000 -0.484632 -0.000000 0.000000 1.000000 0.000000
0.999999 0.001054 0.000000 39.241858 -0.001054 0.999999 -0.000000 -0.488639 -0.000000 0.000000 1.000000 0.000000
0.999999 0.001452 0.000000 39.894198 -0.001452 0.999999 -0.000000 -0.490079 -0.000000 0.000000 1.000000 0.000000
0.999993 0.003617 0.000000 40.535753 -0.003617 0.999993 -0.000000 -0.496741 -0.000000 0.000000 1.000000 0.000000
0.999993 0.003765 0.000000 41.185279 -0.003765 0.999993 -0.000000 -0.506252 -0.000000 0.000000 1.000000 0.000000
0.999998 0.001903 0.000000 41.796903 -0.001903 0.999998 -0.000000 -0.520434 -0.000000 0.000000 1.000000 0.000000
0.999990 0.004459 0.000000 42.459223 -0.004459 0.999990 -0.000000 -0.518940 -0.000000 0.000000 1.000000 0.000000
0.999985 0.005503 0.000000 43.119090 -0.005503 0.999985 -0.000000 -0.524696 -0.000000 0.000000 1.000000 0.000000
0.999971 0.007627 0.000000 43.783473 -0.007627 0.999971 -0.000000 -0.538169 -0.000000 0.000000 1.000000 0.000000
0.999994 0.003441 0.000000 44.440836 -0.003441 0.999994 -0.000000 -0.550588 -0.000000 0.000000 1.000000 0.000000
1.000000 0.000806 0.000000 45.094086 -0.000806 1.000000 -0.000000 -0.567618 -0.000000 0.000000 1.000000 0.000000
1.000000 0.000758 0.000000 45.708247 -0.000758 1.000000 -0.000000 -0.574787 -0.000000 0.000000 1.000000 0.000000
0.999999 0.001357 0.000000 46.364030 -0.001357 0.999999 -0.000000 -0.578000 -0.000000 0.000000 1.000000 0.000000
0.999993 0.003730 0.000000 47.018380 -0.003730 0.999993 -0.000000 -0.583494 -0.000000 0.000000 1.000000 0.000000
0.999989 0.004605 0.000000 47.676470 -0.004605 0.999989 -0.000000 -0.593000 -0.000000 0.000000 1.000000 0.000000
0.999994 0.003389 0.000000 48.330269 -0.003389 0.999994 -0.000000 -0.601860 -0.000000 0.000000 1.000000 0.000000
1.000000 0.000188 0.000000 48.983580 -0.000188 1.000000 -0.000000 -0.606085 -0.000000 0.000000 1.000000 0.000000
0.999998 0.001859 0.000000 50.009232 -0.001859 0.999998 -0.000000 -0.627449 -0.000000 0.000000 1.000000 0.000000
1.000000 -0.000692 0.000000 50.691281 0.000692 1.000000 0.000000 -0.635118 0.000000 0.000000 1.000000 0.000000
0.999998 0.002205 0.000000 51.321123 -0.002205 0.999998 -0.000000 -0.640390 -0.000000 0.000000 1.000000 0.000000
0.999999 0.001334 0.000000 51.980195 -0.001334 0.999999 -0.000000 -0.646099 -0.000000 0.000000 1.000000 0.000000
0.999999 0.001140 0.000000 52.640412 -0.001140 0.999999 -0.000000 -0.654434 -0.000000 0.000000 1.000000 0.000000
1.000000 0.000225 0.000000 53.296265 -0.000225 1.000000 -0.000000 -0.664440 -0.000000 0.000000 1.000000 0.000000
0.999999 0.001438 0.000000 53.949432 -0.001438 0.999999 -0.000000 -0.671588 -0.000000 0.000000 1.000000 0.000000
1.000000 0.000384 0.000000 54.596878 -0.000384 1.000000 -0.000000 -0.682075 -0.000000 0.000000 1.000000 0.000000
0.999999 -0.001209 0.000000 55.935464 0.001209 0.999999 0.000000 -0.692619 0.000000 0.000000 1.000000 0.000000
0.999999 -0.001499 0.000000 56.578525 0.001499 0.999999 0.000000 -0.689788 0.000000 0.000000 1.000000 0.000000
0.999988 -0.005000 0.000000 57.215081 0.005000 0.999988 0.000000 -0.689131 0.000000 0.000000 1.000000 0.000000
0.999989 -0.004652 0.000000 57.854723 0.004652 0.999989 0.000000 -0.688259 0.000000 0.000000 1.000000 0.000000
0.999997 -0.002407 0.000000 58.489420 0.002407 0.999997 0.000000 -0.689951 0.000000 0.000000 1.000000 0.000000
1.000000 -0.000286 0.000000 59.156482 0.000286 1.000000 0.000000 -0.694287 0.000000 0.000000 1.000000 0.000000
1.000000 0.000269 0.000000 59.792290 -0.000269 1.000000 -0.000000 -0.693630 -0.000000 0.000000 1.000000 0.000000
0.999999 0.001488 0.000000 60.400546 -0.001488 0.999999 -0.000000 -0.694603 -0.000000 0.000000 1.000000 0.000000
0.999999 0.001147 0.000000 61.023790 -0.001147 0.999999 -0.000000 -0.701698 -0.000000 0.000000 1.000000 0.000000
0.999999 0.001672 0.000000 61.609891 -0.001672 0.999999 -0.000000 -0.710513 -0.000000 0.000000 1.000000 0.000000
0.999997 0.002623 0.000000 62.236403 -0.002623 0.999997 -0.000000 -0.723406 -0.000000 0.000000 1.000000 0.000000
0.999993 0.003774 0.000000 62.864088 -0.003774 0.999993 -0.000000 -0.739491 -0.000000 0.000000 1.000000 0.000000
0.999992 0.004017 0.000000 63.444838 -0.004017 0.999992 -0.000000 -0.752406 -0.000000 0.000000 1.000000 0.000000
0.999986 0.005278 0.000000 64.062619 -0.005278 0.999986 -0.000000 -0.765650 -0.000000 0.000000 1.000000 0.000000
0.999995 0.003245 0.000000 64.672914 -0.003245 0.999995 -0.000000 -0.784980 -0.000000 0.000000 1.000000 0.000000
0.999994 0.003357 0.000000 65.244303 -0.003357 0.999994 -0.000000 -0.805939 -0.000000 0.000000 1.000000 0.000000
0.999998 0.002072 0.000000 65.852202 -0.002072 0.999998 -0.000000 -0.825476 -0.000000 0.000000 1.000000 0.000000
0.999997 0.002290 0.000000 66.423905 -0.002290 0.999997 -0.000000 -0.834558 -0.000000 0.000000 1.000000 0.000000
0.999984 0.005723 0.000000 67.034393 -0.005723 0.999984 -0.000000 -0.844239 -0.000000 0.000000 1.000000 0.000000
0.999980 0.006340 0.000000 67.641507 -0.006340 0.999980 -0.000000 -0.857265 -0.000000 0.000000 1.000000 0.000000
0.999978 0.006623 0.000000 68.478097 -0.006623 0.999978 -0.000000 -0.880189 -0.000000 0.000000 1.000000 0.000000
0.999968 0.007979 0.000000 69.072885 -0.007979 0.999968 -0.000000 -0.893638 -0.000000 0.000000 1.000000 0.000000
0.999959 0.009075 0.000000 69.671940 -0.009075 0.999959 -0.000000 -0.911334 -0.000000 0.000000 1.000000 0.000000
0.999969 0.007877 0.000000 70.267786 -0.007877 0.999969 -0.000000 -0.922368 -0.000000 0.000000 1.000000 0.000000
0.999972 0.007456 0.000000 70.865056 -0.007456 0.999972 -0.000000 -0.931319 -0.000000 0.000000 1.000000 0.000000
0.999987 0.005134 0.000000 71.453866 -0.005134 0.999987 -0.000000 -0.937357 -0.000000 0.000000 1.000000 0.000000
0.999995 0.003301 0.000000 72.086149 -0.003301 0.999995 -0.000000 -0.947098 -0.000000 0.000000 1.000000 0.000000
0.999995 0.003034 0.000000 72.678391 -0.003034 0.999995 -0.000000 -0.952719 -0.000000 0.000000 1.000000 0.000000
0.999998 0.002007 0.000000 73.273104 -0.002007 0.999998 -0.000000 -0.962372 -0.000000 0.000000 1.000000 0.000000
0.999987 0.005004 0.000000 74.457311 -0.005004 0.999987 -0.000000 -0.993180 -0.000000 0.000000 1.000000 0.000000
0.999994 0.003509 0.000000 75.041531 -0.003509 0.999994 -0.000000 -1.002582 -0.000000 0.000000 1.000000 0.000000
0.999983 0.005796 0.000000 75.623610 -0.005796 0.999983 -0.000000 -1.011901 -0.000000 0.000000 1.000000 0.000000
0.999981 0.006129 0.000000 76.205212 -0.006129 0.999981 -0.000000 -1.033629 -0.000000 0.000000 1.000000 0.000000
0.999981 0.006124 0.000000 76.789687 -0.006124 0.999981 -0.000000 -1.046285 -0.000000 0.000000 1.000000 0.000000
0.999968 0.008019 0.000000 77.369677 -0.008019 0.999968 -0.000000 -1.058491 -0.000000 0.000000 1.000000 0.000000
0.999976 0.006939 0.000000 77.941641 -0.006939 0.999976 -0.000000 -1.077848 -0.000000 0.000000 1.000000 0.000000
0.999988 0.004939 0.000000 78.508184 -0.004939 0.999988 -0.000000 -1.086133 -0.000000 0.000000 1.000000 0.000000
0.999990 0.004478 0.000000 79.069028 -0.004478 0.999990 -0.000000 -1.098613 -0.000000 0.000000 1.000000 0.000000
0.999981 0.006231 0.000000 79.626146 -0.006231 0.999981 -0.000000 -1.111373 -0.000000 0.000000 1.000000 0.000000
0.999982 0.006024 0.000000 80.178805 -0.006024 0.999982 -0.000000 -1.124138 -0.000000 0.000000 1.000000 0.000000
0.999984 0.005636 0.000000 80.724652 -0.005636 0.999984 -0.000000 -1.138107 -0.000000 0.000000 1.000000 0.000000
0.999983 0.005807 0.000000 81.263035 -0.005807 0.999983 -0.000000 -1.155199 -0.000000 0.000000 1.000000 0.000000
0.999970 0.007709 0.000000 81.776261 -0.007709 0.999970 -0.000000 -1.167028 -0.000000 0.000000 1.000000 0.000000
0.999957 0.009326 0.000000 82.319714 -0.009326 0.999957 -0.000000 -1.174087 -0.000000 0.000000 1.000000 0.000000
0.999928 0.011974 0.000000 82.841994 -0.011974 0.999928 -0.000000 -1.185398 -0.000000 0.000000 1.000000 0.000000
0.999894 0.014560 0.000000 83.348656 -0.014560 0.999894 -0.000000 -1.190744 -0.000000 0.000000 1.000000 0.000000
0.999890 0.014829 0.000000 83.885463 -0.014829 0.999890 -0.000000 -1.211693 -0.000000 0.000000 1.000000 0.000000
0.999897 0.014372 0.000000 84.410213 -0.014372 0.999897 -0.000000 -1.232156 -0.000000 0.000000 1.000000 0.000000
0.999897 0.014359 0.000000 84.900957 -0.014359 0.999897 -0.000000 -1.249504 -0.000000 0.000000 1.000000 0.000000
0.999884 0.015199 0.000000 85.429815 -0.015199 0.999884 -0.000000 -1.276939 -0.000000 0.000000 1.000000 0.000000
0.999842 0.017751 0.000000 85.940939 -0.017751 0.999842 -0.000000 -1.301877 -0.000000 0.000000 1.000000 0.000000
0.999858 0.016826 0.000000 86.424246 -0.016826 0.999858 -0.000000 -1.321558 -0.000000 0.000000 1.000000 0.000000
0.999854 0.017116 0.000000 86.940014 -0.017116 0.999854 -0.000000 -1.340970 -0.000000 0.000000 1.000000 0.000000
0.999831 0.018366 0.000000 87.447368 -0.018366 0.999831 -0.000000 -1.358007 -0.000000 0.000000 1.000000 0.000000
0.999796 0.020203 0.000000 87.924351 -0.020203 0.999796 -0.000000 -1.378126 -0.000000 0.000000 1.000000 0.000000
0.999781 0.020929 0.000000 88.431244 -0.020929 0.999781 -0.000000 -1.406248 -0.000000 0.000000 1.000000 0.000000
0.999770 0.021437 0.000000 88.913392 -0.021437 0.999770 -0.000000 -1.429906 -0.000000 0.000000 1.000000 0.000000
0.999720 0.023652 0.000000 89.422774 -0.023652 0.999720 -0.000000 -1.454816 -0.000000 0.000000 1.000000 0.000000
0.999711 0.024032 0.000000 90.087437 -0.024032 0.999711 -0.000000 -1.486453 -0.000000 0.000000 1.000000 0.000000
0.999617 0.027659 0.000000 90.581614 -0.027659 0.999617 -0.000000 -1.498589 -0.000000 0.000000 1.000000 0.000000
0.999562 0.029578 0.000000 91.080135 -0.029578 0.999562 -0.000000 -1.515151 -0.000000 0.000000 1.000000 0.000000
0.999532 0.030595 0.000000 91.568952 -0.030595 0.999532 -0.000000 -1.532600 -0.000000 0.000000 1.000000 0.000000
0.999547 0.030088 0.000000 92.051652 -0.030088 0.999547 -0.000000 -1.555137 -0.000000 0.000000 1.000000 0.000000
0.999574 0.029184 0.000000 92.533196 -0.029184 0.999574 -0.000000 -1.582762 -0.000000 0.000000 1.000000 0.000000
0.999531 0.030625 0.000000 93.004907 -0.030625 0.999531 -0.000000 -1.608088 -0.000000 0.000000 1.000000 0.000000
0.999414 0.034230 0.000000 93.961729 -0.034230 0.999414 -0.000000 -1.670504 -0.000000 0.000000 1.000000 0.000000
0.999356 0.035886 0.000000 94.430314 -0.035886 0.999356 -0.000000 -1.704797 -0.000000 0.000000 1.000000 0.000000
0.999228 0.039281 0.000000 94.894396 -0.039281 0.999228 -0.000000 -1.730694 -0.000000 0.000000 1.000000 0.000000
0.999147 0.041300 0.000000 95.361399 -0.041300 0.999147 -0.000000 -1.769720 -0.000000 0.000000 1.000000 0.000000
0.999095 0.042530 0.000000 95.831353 -0.042530 0.999095 -0.000000 -1.808890 -0.000000 0.000000 1.000000 0.000000
0.998949 0.045829 0.000000 96.291535 -0.045829 0.998949 -0.000000 -1.839197 -0.000000 0.000000 1.000000 0.000000
0.998861 0.047720 0.000000 96.758869 -0.047720 0.998861 -0.000000 -1.881937 -0.000000 0.000000 1.000000 0.000000
0.998664 0.051677 0.000000 97.220918 -0.051677 0.998664 -0.000000 -1.918585 -0.000000 0.000000 1.000000 0.000000
0.998505 0.054662 0.000000 97.677656 -0.054662 0.998505 -0.000000 -1.955271 -0.000000 0.000000 1.000000 0.000000
0.998341 0.057585 0.000000 98.134402 -0.057585 0.998341 -0.000000 -1.996335 -0.000000 0.000000 1.000000 0.000000
0.998185 0.060221 0.000000 98.556491 -0.060221 0.998185 -0.000000 -2.038402 -0.000000 0.000000 1.000000 0.000000
0.998051 0.062405 0.000000 98.998666 -0.062405 0.998051 -0.000000 -2.080340 -0.000000 0.000000 1.000000 0.000000
0.997842 0.065668 0.000000 99.437845 -0.065668 0.997842 -0.000000 -2.121205 -0.000000 0.000000 1.000000 0.000000
0.997792 0.066413 0.000000 99.875211 -0.066413 0.997792 -0.000000 -2.171857 -0.000000 0.000000 1.000000 0.000000
0.997561 0.069800 0.000000 100.299392 -0.069800 0.997561 -0.000000 -2.218545 -0.000000 0.000000 1.000000 0.000000
0.997421 0.071768 0.000000 100.725392 -0.071768 0.997421 -0.000000 -2.254975 -0.000000 0.000000 1.000000 0.000000
0.996819 0.079704 0.000000 101.150069 -0.079704 0.996819 -0.000000 -2.293790 -0.000000 0.000000 1.000000 0.000000
0.996600 0.082393 0.000000 101.558398 -0.082393 0.996600 -0.000000 -2.334403 -0.000000 0.000000 1.000000 0.000000
0.996320 0.085709 0.000000 101.964498 -0.085709 0.996320 -0.000000 -2.378778 -0.000000 0.000000 1.000000 0.000000
0.996321 0.085694 0.000000 102.375590 -0.085694 0.996321 -0.000000 -2.424318 -0.000000 0.000000 1.000000 0.000000
0.996040 0.088901 0.000000 102.766861 -0.088901 0.996040 -0.000000 -2.471124 -0.000000 0.000000 1.000000 0.000000
0.996122 0.087984 0.000000 103.163927 -0.087984 0.996122 -0.000000 -2.526348 -0.000000 0.000000 1.000000 0.000000
0.995493 0.094834 0.000000 103.549485 -0.094834 0.995493 -0.000000 -2.569913 -0.000000 0.000000 1.000000 0.000000
0.995137 0.098503 0.000000 103.951045 -0.098503 0.995137 -0.000000 -2.617703 -0.000000 0.000000 1.000000 0.000000
0.995191 0.097948 0.000000 104.337776 -0.097948 0.995191 -0.000000 -2.669818 -0.000000 0.000000 1.000000 0.000000
0.994851 0.101348 0.000000 104.710848 -0.101348 0.994851 -0.000000 -2.712328 -0.000000 0.000000 1.000000 0.000000
0.994413 0.105556 0.000000 105.115529 -0.105556 0.994413 -0.000000 -2.764383 -0.000000 0.000000 1.000000 0.000000
0.993904 0.110253 0.000000 105.513045 -0.110253 0.993904 -0.000000 -2.813889 -0.000000 0.000000 1.000000 0.000000
0.993489 0.113925 0.000000 106.075032 -0.113925 0.993489 -0.000000 -2.899373 -0.000000 0.000000 1.000000 0.000000
0.993199 0.116428 0.000000 106.482417 -0.116428 0.993199 -0.000000 -2.958405 -0.000000 0.000000 1.000000 0.000000
0.992930 0.118704 0.000000 106.887503 -0.118704 0.992930 -0.000000 -3.023496 -0.000000 0.000000 1.000000 0.000000
0.992660 0.120941 0.000000 107.305289 -0.120941 0.992660 -0.000000 -3.086144 -0.000000 0.000000 1.000000 0.000000
0.992356 0.123406 0.000000 107.719440 -0.123406 0.992356 -0.000000 -3.156740 -0.000000 0.000000 1.000000 0.000000
0.992298 0.123873 0.000000 108.132876 -0.123873 0.992298 -0.000000 -3.219566 -0.000000 0.000000 1.000000 0.000000
0.992210 0.124579 0.000000 108.553222 -0.124579 0.992210 -0.000000 -3.288108 -0.000000 0.000000 1.000000 0.000000
0.991860 0.127332 0.000000 108.972607 -0.127332 0.991860 -0.000000 -3.358429 -0.000000 0.000000 1.000000 0.000000
0.990940 0.134303 0.000000 109.703372 -0.134303 0.990940 -0.000000 -3.480784 -0.000000 0.000000 1.000000 0.000000
0.990883 0.134722 0.000000 110.126217 -0.134722 0.990883 -0.000000 -3.560680 -0.000000 0.000000 1.000000 0.000000
0.991000 0.133865 0.000000 110.553745 -0.133865 0.991000 -0.000000 -3.638200 -0.000000 0.000000 1.000000 0.000000
0.991076 0.133299 0.000000 110.979341 -0.133299 0.991076 -0.000000 -3.716111 -0.000000 0.000000 1.000000 0.000000
0.991188 0.132464 0.000000 111.415217 -0.132464 0.991188 -0.000000 -3.781592 -0.000000 0.000000 1.000000 0.000000
0.990707 0.136016 0.000000 111.849742 -0.136016 0.990707 -0.000000 -3.842815 -0.000000 0.000000 1.000000 0.000000
0.990853 0.134944 0.000000 112.284748 -0.134944 0.990853 -0.000000 -3.919118 -0.000000 0.000000 1.000000 0.000000
0.990915 0.134492 0.000000 112.726518 -0.134492 0.990915 -0.000000 -3.987775 -0.000000 0.000000 1.000000 0.000000
0.990869 0.134827 0.000000 113.169558 -0.134827 0.990869 -0.000000 -4.058274 -0.000000 0.000000 1.000000 0.000000
0.990672 0.136266 0.000000 113.618600 -0.136266 0.990672 -0.000000 -4.132435 -0.000000 0.000000 1.000000 0.000000
0.990087 0.140453 0.000000 114.063701 -0.140453 0.990087 -0.000000 -4.210312 -0.000000 0.000000 1.000000 0.000000
0.990044 0.140758 0.000000 114.888777 -0.140758 0.990044 -0.000000 -4.348554 -0.000000 0.000000 1.000000 0.000000
0.990081 0.140501 0.000000 115.343137 -0.140501 0.990081 -0.000000 -4.427788 -0.000000 0.000000 1.000000 0.000000
0.989909 0.141704 0.000000 115.799247 -0.141704 0.989909 -0.000000 -4.503526 -0.000000 0.000000 1.000000 0.000000
0.989649 0.143507 0.000000 116.261323 -0.143507 0.989649 -0.000000 -4.592123 -0.000000 0.000000 1.000000 0.000000
0.989305 0.145859 0.000000 116.720135 -0.145859 0.989305 -0.000000 -4.678559 -0.000000 0.000000 1.000000 0.000000
0.989138 0.146991 0.000000 117.180922 -0.146991 0.989138 -0.000000 -4.766808 -0.000000 0.000000 1.000000 0.000000
0.988970 0.148116 0.000000 117.644448 -0.148116 0.988970 -0.000000 -4.853984 -0.000000 0.000000 1.000000 0.000000
0.988423 0.151723 0.000000 118.109637 -0.151723 0.988423 -0.000000 -4.940856 -0.000000 0.000000 1.000000 0.000000
0.987815 0.155634 0.000000 118.608177 -0.155634 0.987815 -0.000000 -5.031991 -0.000000 0.000000 1.000000 0.000000
0.987278 0.159005 0.000000 119.047998 -0.159005 0.987278 -0.000000 -5.115363 -0.000000 0.000000 1.000000 0.000000
0.987292 0.158918 0.000000 119.547558 -0.158918 0.987292 -0.000000 -5.213918 -0.000000 0.000000 1.000000 0.000000
0.987082 0.160217 0.000000 120.020420 -0.160217 0.987082 -0.000000 -5.307776 -0.000000 0.000000 1.000000 0.000000
0.986728 0.162380 0.000000 120.488802 -0.162380 0.986728 -0.000000 -5.400829 -0.000000 0.000000 1.000000 0.000000
0.987081 0.160219 0.000000 120.957735 -0.160219 0.987081 -0.000000 -5.501378 -0.000000 0.000000 1.000000 0.000000
0.986567 0.163360 0.000000 121.430844 -0.163360 0.986567 -0.000000 -5.586658 -0.000000 0.000000 1.000000 0.000000
0.986233 0.165359 0.000000 121.900997 -0.165359 0.986233 -0.000000 -5.682851 -0.000000 0.000000 1.000000 0.000000
0.985664 0.168722 0.000000 122.371783 -0.168722 0.985664 -0.000000 -5.781857 -0.000000 0.000000 1.000000 0.000000
0.984602 0.174812 0.000000 122.846445 -0.174812 0.984602 -0.000000 -5.877991 -0.000000 0.000000 1.000000 0.000000
0.984321 0.176386 0.000000 123.297973 -0.176386 0.984321 -0.000000 -5.971703 -0.000000 0.000000 1.000000 0.000000
0.984225 0.176920 0.000000 123.775799 -0.176920 0.984225 -0.000000 -6.069771 -0.000000 0.000000 1.000000 0.000000
0.983901 0.178716 0.000000 124.252471 -0.178716 0.983901 -0.000000 -6.170986 -0.000000 0.000000 1.000000 0.000000
0.983788 0.179336 0.000000 125.041302 -0.179336 0.983788 -0.000000 -6.335249 -0.000000 0.000000 1.000000 0.000000
0.983773 0.179417 0.000000 125.529282 -0.179417 0.983773 -0.000000 -6.438103 -0.000000 0.000000 1.000000 0.000000
0.985885 0.167423 0.000000 126.500100 -0.167423 0.985885 -0.000000 -6.643589 -0.000000 0.000000 1.000000 0.000000
0.985887 0.167415 0.000000 126.996391 -0.167415 0.985887 -0.000000 -6.738716 -0.000000 0.000000 1.000000 0.000000
0.986026 0.166590 0.000000 127.495135 -0.166590 0.986026 -0.000000 -6.836235 -0.000000 0.000000 1.000000 0.000000
0.985910 0.167278 0.000000 127.994518 -0.167278 0.985910 -0.000000 -6.926185 -0.000000 0.000000 1.000000 0.000000
0.986140 0.165918 0.000000 128.491853 -0.165918 0.986140 -0.000000 -7.021467 -0.000000 0.000000 1.000000 0.000000
0.985901 0.167330 0.000000 128.994267 -0.167330 0.985901 -0.000000 -7.112839 -0.000000 0.000000 1.000000 0.000000
0.985878 0.167464 0.000000 129.531119 -0.167464 0.985878 -0.000000 -7.217095 -0.000000 0.000000 1.000000 0.000000
0.985416 0.170162 0.000000 130.017484 -0.170162 0.985416 -0.000000 -7.309010 -0.000000 0.000000 1.000000 0.000000
0.985100 0.171984 0.000000 130.526902 -0.171984 0.985100 -0.000000 -7.407211 -0.000000 0.000000 1.000000 0.000000
0.985213 0.171333 0.000000 131.045199 -0.171333 0.985213 -0.000000 -7.502626 -0.000000 0.000000 1.000000 0.000000
0.985816 0.167828 0.000000 131.528420 -0.167828 0.985816 -0.000000 -7.606065 -0.000000 0.000000 1.000000 0.000000
0.985758 0.168169 0.000000 132.046584 -0.168169 0.985758 -0.000000 -7.701541 -0.000000 0.000000 1.000000 0.000000
0.985731 0.168328 0.000000 132.572388 -0.168328 0.985731 -0.000000 -7.798092 -0.000000 0.000000 1.000000 0.000000
0.985310 0.170776 0.000000 133.065822 -0.170776 0.985310 -0.000000 -7.882505 -0.000000 0.000000 1.000000 0.000000
0.985931 0.167154 0.000000 133.587060 -0.167154 0.985931 -0.000000 -7.975353 -0.000000 0.000000 1.000000 0.000000
0.985325 0.170691 0.000000 134.120526 -0.170691 0.985325 -0.000000 -8.080302 -0.000000 0.000000 1.000000 0.000000
0.984936 0.172921 0.000000 134.745969 -0.172921 0.984936 -0.000000 -8.196329 -0.000000 0.000000 1.000000 0.000000
0.984638 0.174611 0.000000 135.308642 -0.174611 0.984638 -0.000000 -8.300312 -0.000000 0.000000 1.000000 0.000000
0.984151 0.177333 0.000000 135.803560 -0.177333 0.984151 -0.000000 -8.387561 -0.000000 0.000000 1.000000 0.000000
0.984046 0.177916 0.000000 136.332891 -0.177916 0.984046 -0.000000 -8.495789 -0.000000 0.000000 1.000000 0.000000
0.983111 0.183010 0.000000 136.864691 -0.183010 0.983111 -0.000000 -8.605204 -0.000000 0.000000 1.000000 0.000000
0.982641 0.185518 0.000000 137.400639 -0.185518 0.982641 -0.000000 -8.716138 -0.000000 0.000000 1.000000 0.000000
0.981585 0.191025 0.000000 141.202723 -0.191025 0.981585 -0.000000 -9.559487 -0.000000 0.000000 1.000000 0.000000
0.981801 0.189912 0.000000 141.720718 -0.189912 0.981801 -0.000000 -9.670865 -0.000000 0.000000 1.000000 0.000000
0.982644 0.185499 0.000000 142.872458 -0.185499 0.982644 -0.000000 -9.924658 -0.000000 0.000000 1.000000 0.000000
0.981579 0.191056 0.000000 143.990381 -0.191056 0.981579 -0.000000 -10.182517 -0.000000 0.000000 1.000000 0.000000
0.981385 0.192049 0.000000 144.551187 -0.192049 0.981385 -0.000000 -10.311003 -0.000000 0.000000 1.000000 0.000000
0.981179 0.193100 0.000000 145.112879 -0.193100 0.981179 -0.000000 -10.442586 -0.000000 0.000000 1.000000 0.000000
0.981014 0.193937 0.000000 145.684230 -0.193937 0.981014 -0.000000 -10.571714 -0.000000 0.000000 1.000000 0.000000
0.981152 0.193236 0.000000 146.249167 -0.193236 0.981152 -0.000000 -10.711722 -0.000000 0.000000 1.000000 0.000000
0.981841 0.189704 0.000000 146.823670 -0.189704 0.981841 -0.000000 -10.846501 -0.000000 0.000000 1.000000 0.000000
0.981146 0.193268 0.000000 147.402126 -0.193268 0.981146 -0.000000 -10.976974 -0.000000 0.000000 1.000000 0.000000
0.981060 0.193706 0.000000 147.977443 -0.193706 0.981060 -0.000000 -11.107291 -0.000000 0.000000 1.000000 0.000000
0.981230 0.192843 0.000000 148.549010 -0.192843 0.981230 -0.000000 -11.250918 -0.000000 0.000000 1.000000 0.000000
0.981063 0.193687 0.000000 149.459650 -0.193687 0.981063 -0.000000 -11.467882 -0.000000 0.000000 1.000000 0.000000
0.980236 0.197834 0.000000 150.036952 -0.197834 0.980236 -0.000000 -11.598817 -0.000000 0.000000 1.000000 0.000000
0.980481 0.196614 0.000000 150.600416 -0.196614 0.980481 -0.000000 -11.748440 -0.000000 0.000000 1.000000 0.000000
0.979852 0.199725 0.000000 151.176119 -0.199725 0.979852 -0.000000 -11.880961 -0.000000 0.000000 1.000000 0.000000
0.979342 0.202210 0.000000 151.792699 -0.202210 0.979342 -0.000000 -12.031903 -0.000000 0.000000 1.000000 0.000000
0.978815 0.204746 0.000000 152.317883 -0.204746 0.978815 -0.000000 -12.161903 -0.000000 0.000000 1.000000 0.000000
0.978664 0.205469 0.000000 152.924329 -0.205469 0.978664 -0.000000 -12.316687 -0.000000 0.000000 1.000000 0.000000
0.978735 0.205127 0.000000 153.490251 -0.205127 0.978735 -0.000000 -12.461442 -0.000000 0.000000 1.000000 0.000000
0.978781 0.204908 0.000000 154.066290 -0.204908 0.978781 -0.000000 -12.600614 -0.000000 0.000000 1.000000 0.000000
0.978861 0.204525 0.000000 154.634069 -0.204525 0.978861 -0.000000 -12.731441 -0.000000 0.000000 1.000000 0.000000
0.978920 0.204243 0.000000 155.197830 -0.204243 0.978920 -0.000000 -12.864752 -0.000000 0.000000 1.000000 0.000000
0.979318 0.202329 0.000000 155.754882 -0.202329 0.979318 -0.000000 -13.000500 -0.000000 0.000000 1.000000 0.000000
0.979615 0.200882 0.000000 156.319067 -0.200882 0.979615 -0.000000 -13.129513 -0.000000 0.000000 1.000000 0.000000
0.979624 0.200838 0.000000 156.879504 -0.200838 0.979624 -0.000000 -13.253770 -0.000000 0.000000 1.000000 0.000000
0.980014 0.198930 0.000000 157.449764 -0.198930 0.980014 -0.000000 -13.386616 -0.000000 0.000000 1.000000 0.000000
0.979382 0.202017 0.000000 158.015910 -0.202017 0.979382 -0.000000 -13.509950 -0.000000 0.000000 1.000000 0.000000
0.978906 0.204313 0.000000 159.151919 -0.204313 0.978906 -0.000000 -13.772406 -0.000000 0.000000 1.000000 0.000000
0.978702 0.205284 0.000000 159.715841 -0.205284 0.978702 -0.000000 -13.902735 -0.000000 0.000000 1.000000 0.000000
0.978772 0.204952 0.000000 160.246053 -0.204952 0.978772 -0.000000 -14.025798 -0.000000 0.000000 1.000000 0.000000
0.978422 0.206618 0.000000 160.832409 -0.206618 0.978422 -0.000000 -14.158087 -0.000000 0.000000 1.000000 0.000000
0.978011 0.208555 0.000000 161.387419 -0.208555 0.978011 -0.000000 -14.283177 -0.000000 0.000000 1.000000 0.000000
0.978342 0.206993 0.000000 162.491103 -0.206993 0.978342 -0.000000 -14.544590 -0.000000 0.000000 1.000000 0.000000
0.978524 0.206132 0.000000 163.055439 -0.206132 0.978524 -0.000000 -14.675269 -0.000000 0.000000 1.000000 0.000000
0.978264 0.207363 0.000000 163.586340 -0.207363 0.978264 -0.000000 -14.806229 -0.000000 0.000000 1.000000 0.000000
0.978140 0.207946 0.000000 164.151889 -0.207946 0.978140 -0.000000 -14.938341 -0.000000 0.000000 1.000000 0.000000
0.978534 0.206085 0.000000 164.725515 -0.206085 0.978534 -0.000000 -15.070793 -0.000000 0.000000 1.000000 0.000000
0.978301 0.207187 0.000000 165.261779 -0.207187 0.978301 -0.000000 -15.188005 -0.000000 0.000000 1.000000 0.000000
0.977832 0.209392 0.000000 166.020651 -0.209392 0.977832 -0.000000 -15.353015 -0.000000 0.000000 1.000000 0.000000
0.976896 0.213717 0.000000 166.586041 -0.213717 0.976896 -0.000000 -15.471810 -0.000000 0.000000 1.000000 0.000000
0.976650 0.214838 0.000000 167.155026 -0.214838 0.976650 -0.000000 -15.599447 -0.000000 0.000000 1.000000 0.000000
0.975515 0.219931 0.000000 167.761422 -0.219931 0.975515 -0.000000 -15.732706 -0.000000 0.000000 1.000000 0.000000
0.975521 0.219905 0.000000 168.297321 -0.219905 0.975521 -0.000000 -15.855699 -0.000000 0.000000 1.000000 0.000000
0.976123 0.217219 0.000000 168.903785 -0.217219 0.976123 -0.000000 -16.010560 -0.000000 0.000000 1.000000 0.000000
0.975285 0.220952 0.000000 169.477271 -0.220952 0.975285 -0.000000 -16.137804 -0.000000 0.000000 1.000000 0.000000
0.975806 0.218636 0.000000 170.053449 -0.218636 0.975806 -0.000000 -16.269608 -0.000000 0.000000 1.000000 0.000000
0.974842 0.222897 0.000000 170.636136 -0.222897 0.974842 -0.000000 -16.400822 -0.000000 0.000000 1.000000 0.000000
0.975537 0.219835 0.000000 171.203303 -0.219835 0.975537 -0.000000 -16.545896 -0.000000 0.000000 1.000000 0.000000
0.975881 0.218303 0.000000 171.777927 -0.218303 0.975881 -0.000000 -16.680149 -0.000000 0.000000 1.000000 0.000000
0.975884 0.218290 0.000000 172.347361 -0.218290 0.975884 -0.000000 -16.820139 -0.000000 0.000000 1.000000 0.000000
0.977153 0.212539 0.000000 172.924200 -0.212539 0.977153 -0.000000 -16.969768 -0.000000 0.000000 1.000000 0.000000
0.978206 0.207635 0.000000 173.500578 -0.207635 0.978206 -0.000000 -17.116271 -0.000000 0.000000 1.000000 0.000000
0.978176 0.207778 0.000000 174.079239 -0.207778 0.978176 -0.000000 -17.247473 -0.000000 0.000000 1.000000 0.000000
0.977819 0.209453 0.000000 174.652675 -0.209453 0.977819 -0.000000 -17.385802 -0.000000 0.000000 1.000000 0.000000
0.977647 0.210254 0.000000 175.231889 -0.210254 0.977647 -0.000000 -17.522208 -0.000000 0.000000 1.000000 0.000000
0.977385 0.211466 0.000000 175.774345 -0.211466 0.977385 -0.000000 -17.650697 -0.000000 0.000000 1.000000 0.000000
0.977239 0.212141 0.000000 176.388549 -0.212141 0.977239 -0.000000 -17.796901 -0.000000 0.000000 1.000000 0.000000
0.977548 0.210711 0.000000 176.925991 -0.210711 0.977548 -0.000000 -17.919862 -0.000000 0.000000 1.000000 0.000000
0.977307 0.211828 0.000000 177.503801 -0.211828 0.977307 -0.000000 -18.059082 -0.000000 0.000000 1.000000 0.000000
0.977020 0.213146 0.000000 178.081480 -0.213146 0.977020 -0.000000 -18.191448 -0.000000 0.000000 1.000000 0.000000
0.976362 0.216144 0.000000 178.662202 -0.216144 0.976362 -0.000000 -18.334377 -0.000000 0.000000 1.000000 0.000000
0.974656 0.223711 0.000000 179.241636 -0.223711 0.974656 -0.000000 -18.476614 -0.000000 0.000000 1.000000 0.000000
0.974598 0.223963 0.000000 179.820109 -0.223963 0.974598 -0.000000 -18.617914 -0.000000 0.000000 1.000000 0.000000
0.974735 0.223365 0.000000 180.408081 -0.223365 0.974735 -0.000000 -18.759066 -0.000000 0.000000 1.000000 0.000000
0.974839 0.222909 0.000000 180.991390 -0.222909 0.974839 -0.000000 -18.898381 -0.000000 0.000000 1.000000 0.000000
0.974768 0.223219 0.000000 181.581033 -0.223219 0.974768 -0.000000 -19.036515 -0.000000 0.000000 1.000000 0.000000
0.974409 0.224783 0.000000 182.171977 -0.224783 0.974409 -0.000000 -19.173789 -0.000000 0.000000 1.000000 0.000000
0.974852 0.222853 0.000000 182.747086 -0.222853 0.974852 -0.000000 -19.318176 -0.000000 0.000000 1.000000 0.000000
0.974968 0.222346 0.000000 183.325594 -0.222346 0.974968 -0.000000 -19.465983 -0.000000 0.000000 1.000000 0.000000
0.974487 0.224442 0.000000 183.903515 -0.224442 0.974487 -0.000000 -19.607356 -0.000000 0.000000 1.000000 0.000000
0.974383 0.224894 0.000000 184.451200 -0.224894 0.974383 -0.000000 -19.740459 -0.000000 0.000000 1.000000 0.000000
0.974511 0.224340 0.000000 185.025169 -0.224340 0.974511 -0.000000 -19.886879 -0.000000 0.000000 1.000000 0.000000
0.974477 0.224488 0.000000 185.605862 -0.224488 0.974477 -0.000000 -20.031244 -0.000000 0.000000 1.000000 0.000000
0.974428 0.224698 0.000000 186.162006 -0.224698 0.974428 -0.000000 -20.171171 -0.000000 0.000000 1.000000 0.000000
0.975046 0.222005 0.000000 186.728724 -0.222005 0.975046 -0.000000 -20.314657 -0.000000 0.000000 1.000000 0.000000
0.974688 0.223570 0.000000 187.301688 -0.223570 0.974688 -0.000000 -20.462340 -0.000000 0.000000 1.000000 0.000000
0.975498 0.220007 0.000000 187.839637 -0.220007 0.975498 -0.000000 -20.603326 -0.000000 0.000000 1.000000 0.000000
0.975589 0.219603 0.000000 188.407013 -0.219603 0.975589 -0.000000 -20.747686 -0.000000 0.000000 1.000000 0.000000
0.974849 0.222865 0.000000 188.980389 -0.222865 0.974849 -0.000000 -20.888486 -0.000000 0.000000 1.000000 0.000000
0.974892 0.222677 0.000000 189.516671 -0.222677 0.974892 -0.000000 -21.020269 -0.000000 0.000000 1.000000 0.000000
0.974429 0.224697 0.000000 190.095662 -0.224697 0.974429 -0.000000 -21.165663 -0.000000 0.000000 1.000000 0.000000
0.974097 0.226131 0.000000 190.662848 -0.226131 0.974097 -0.000000 -21.306528 -0.000000 0.000000 1.000000 0.000000
0.973848 0.227201 0.000000 191.485892 -0.227201 0.973848 -0.000000 -21.528440 -0.000000 0.000000 1.000000 0.000000
0.973385 0.229178 0.000000 192.052736 -0.229178 0.973385 -0.000000 -21.667671 -0.000000 0.000000 1.000000 0.000000
0.973126 0.230274 0.000000 192.621778 -0.230274 0.973126 -0.000000 -21.807863 -0.000000 0.000000 1.000000 0.000000
0.973374 0.229222 0.000000 193.188614 -0.229222 0.973374 -0.000000 -21.947089 -0.000000 0.000000 1.000000 0.000000
0.973258 0.229716 0.000000 193.752403 -0.229716 0.973258 -0.000000 -22.089912 -0.000000 0.000000 1.000000 0.000000
0.973765 0.227557 0.000000 194.317686 -0.227557 0.973765 -0.000000 -22.226519 -0.000000 0.000000 1.000000 0.000000
0.974745 0.223322 0.000000 194.880198 -0.223322 0.974745 -0.000000 -22.373763 -0.000000 0.000000 1.000000 0.000000
0.974806 0.223053 0.000000 195.462328 -0.223053 0.974806 -0.000000 -22.513611 -0.000000 0.000000 1.000000 0.000000
0.974952 0.222414 0.000000 195.963290 -0.222414 0.974952 -0.000000 -22.640756 -0.000000 0.000000 1.000000 0.000000
0.974756 0.223271 0.000000 196.937228 -0.223271 0.974756 -0.000000 -22.887003 -0.000000 0.000000 1.000000 0.000000
0.974764 0.223239 0.000000 197.501710 -0.223239 0.974764 -0.000000 -23.021685 -0.000000 0.000000 1.000000 0.000000
0.974570 0.224084 0.000000 198.212923 -0.224084 0.974570 -0.000000 -23.196549 -0.000000 0.000000 1.000000 0.000000
0.974383 0.224896 0.000000 198.929351 -0.224896 0.974383 -0.000000 -23.380898 -0.000000 0.000000 1.000000 0.000000
0.973830 0.227279 0.000000 199.888540 -0.227279 0.973830 -0.000000 -23.631135 -0.000000 0.000000 1.000000 0.000000
0.973936 0.226823 0.000000 200.450355 -0.226823 0.973936 -0.000000 -23.779864 -0.000000 0.000000 1.000000 0.000000
0.973991 0.226585 0.000000 201.022784 -0.226585 0.973991 -0.000000 -23.927235 -0.000000 0.000000 1.000000 0.000000
0.973939 0.226809 0.000000 201.580883 -0.226809 0.973939 -0.000000 -24.071514 -0.000000 0.000000 1.000000 0.000000
0.973857 0.227161 0.000000 202.112133 -0.227161 0.973857 -0.000000 -24.202117 -0.000000 0.000000 1.000000 0.000000
0.974552 0.224163 0.000000 202.677815 -0.224163 0.974552 -0.000000 -24.348389 -0.000000 0.000000 1.000000 0.000000
0.973938 0.226815 0.000000 203.235700 -0.226815 0.973938 -0.000000 -24.493093 -0.000000 0.000000 1.000000 0.000000
0.973909 0.226939 0.000000 204.031341 -0.226939 0.973909 -0.000000 -24.710017 -0.000000 0.000000 1.000000 0.000000
0.974361 0.224992 0.000000 204.598646 -0.224992 0.974361 -0.000000 -24.857665 -0.000000 0.000000 1.000000 0.000000
0.974563 0.224113 0.000000 205.171491 -0.224113 0.974563 -0.000000 -24.999099 -0.000000 0.000000 1.000000 0.000000
0.974521 0.224297 0.000000 205.733493 -0.224297 0.974521 -0.000000 -25.138351 -0.000000 0.000000 1.000000 0.000000
0.975529 0.219872 0.000000 206.326602 -0.219872 0.975529 -0.000000 -25.282892 -0.000000 0.000000 1.000000 0.000000
0.975620 0.219465 0.000000 206.852854 -0.219465 0.975620 -0.000000 -25.409702 -0.000000 0.000000 1.000000 0.000000
0.975596 0.219573 0.000000 207.451189 -0.219573 0.975596 -0.000000 -25.553425 -0.000000 0.000000 1.000000 0.000000
0.975789 0.218712 0.000000 207.979912 -0.218712 0.975789 -0.000000 -25.684401 -0.000000 0.000000 1.000000 0.000000
