0.999996 -0.002697 0.000000 0.628291 0.002697 0.999996 0.000000 -0.024240 0.000000 0.000000 1.000000 0.000000
0.999999 -0.001006 0.000000 1.257879 0.001006 0.999999 0.000000 -0.038178 0.000000 0.000000 1.000000 0.000000
1.000000 -0.000303 0.000000 2.510503 0.000303 1.000000 0.000000 -0.076636 0.000000 0.000000 1.000000 0.000000
0.999989 -0.004795 0.000000 3.137979 0.004795 0.999989 0.000000 -0.093060 0.000000 0.000000 1.000000 0.000000
0.999980 -0.006399 0.000000 3.763308 0.006399 0.999980 0.000000 -0.102505 0.000000 0.000000 1.000000 0.000000
0.999972 -0.007519 0.000000 4.393715 0.007519 0.999972 0.000000 -0.115093 0.000000 0.000000 1.000000 0.000000
0.999967 -0.008184 0.000000 5.063970 0.008184 0.999967 0.000000 -0.134671 0.000000 0.000000 1.000000 0.000000
0.999961 -0.008832 0.000000 5.689754 0.008832 0.999961 0.000000 -0.145365 0.000000 0.000000 1.000000 0.000000
0.999960 -0.008928 0.000000 6.316432 0.008928 0.999960 0.000000 -0.153373 0.000000 0.000000 1.000000 0.000000
0.999946 -0.010429 0.000000 6.943285 0.010429 0.999946 0.000000 -0.162684 0.000000 0.000000 1.000000 0.000000
0.999921 -0.012574 0.000000 7.566922 0.012574 0.999921 0.000000 -0.173760 0.000000 0.000000 1.000000 0.000000
0.999923 -0.012407 0.000000 8.188041 0.012407 0.999923 0.000000 -0.179151 0.000000 0.000000 1.000000 0.000000
0.999918 -0.012820 0.000000 8.813280 0.012820 0.999918 0.000000 -0.190382 0.000000 0.000000 1.000000 0.000000
0.999924 -0.012297 0.000000 9.430637 0.012297 0.999924 0.000000 -0.197828 0.000000 0.000000 1.000000 0.000000
0.999913 -0.013172 0.000000 10.085259 0.013172 0.999913 0.000000 -0.208105 0.000000 0.000000 1.000000 0.000000
0.999909 -0.013527 0.000000 10.666306 0.013527 0.999909 0.000000 -0.213720 0.000000 0.000000 1.000000 0.000000
0.999914 -0.013116 0.000000 11.286130 0.013116 0.999914 0.000000 -0.222581 0.000000 0.000000 1.000000 0.000000
0.999879 -0.015569 0.000000 11.906006 0.015569 0.999879 0.000000 -0.239138 0.000000 0.000000 1.000000 0.000000
0.999832 -0.018317 0.000000 12.554607 0.018317 0.999832 0.000000 -0.245069 0.000000 0.000000 1.000000 0.000000
0.999734 -0.023058 0.000000 13.181156 0.023058 0.999734 0.000000 -0.254096 0.000000 0.000000 1.000000 0.000000
0.999663 -0.025941 0.000000 13.809257 0.025941 0.999663 0.000000 -0.258186 0.000000 0.000000 1.000000 0.000000
0.999726 -0.023389 0.000000 14.428914 0.023389 0.999726 0.000000 -0.256755 0.000000 0.000000 1.000000 0.000000
0.999716 -0.023816 0.000000 15.057626 0.023816 0.999716 0.000000 -0.259221 0.000000 0.000000 1.000000 0.000000
0.999708 -0.024166 0.000000 15.673885 0.024166 0.999708 0.000000 -0.262202 0.000000 0.000000 1.000000 0.000000
0.999692 -0.024812 0.000000 16.278201 0.024812 0.999692 0.000000 -0.264584 0.000000 0.000000 1.000000 0.000000
0.999693 -0.024775 0.000000 16.901466 0.024775 0.999693 0.000000 -0.264956 0.000000 0.000000 1.000000 0.000000
0.999714 -0.023903 0.000000 17.525387 0.023903 0.999714 0.000000 -0.264399 0.000000 0.000000 1.000000 0.000000
0.999687 -0.025007 0.000000 18.112035 0.025007 0.999687 0.000000 -0.268062 0.000000 0.000000 1.000000 0.000000
0.999623 -0.027457 0.000000 18.741870 0.027457 0.999623 0.000000 -0.271392 0.000000 0.000000 1.000000 0.000000
0.999561 -0.029617 0.000000 19.355082 0.029617 0.999561 0.000000 -0.275664 0.000000 0.000000 1.000000 0.000000
0.999533 -0.030549 0.000000 19.947676 0.030549 0.999533 0.000000 -0.279276 0.000000 0.000000 1.000000 0.000000
0.999533 -0.030562 0.000000 20.574354 0.030562 0.999533 0.000000 -0.280311 0.000000 0.000000 1.000000 0.000000
0.999543 -0.030242 0.000000 21.203888 0.030242 0.999543 0.000000 -0.281464 0.000000 0.000000 1.000000 0.000000
0.999600 -0.028294 0.000000 21.828866 0.028294 0.999600 0.000000 -0.278060 0.000000 0.000000 1.000000 0.000000
0.999698 -0.024572 0.000000 22.417550 0.024572 0.999698 0.000000 -0.276106 0.000000 0.000000 1.000000 0.000000
0.999760 -0.021901 0.000000 23.048395 0.021901 0.999760 0.000000 -0.278756 0.000000 0.000000 1.000000 0.000000
0.999795 -0.020257 0.000000 23.638858 0.020257 0.999795 0.000000 -0.279034 0.000000 0.000000 1.000000 0.000000
0.999792 -0.020418 0.000000 24.267454 0.020418 0.999792 0.000000 -0.282794 0.000000 0.000000 1.000000 0.000000
0.999787 -0.020629 0.000000 24.906952 0.020629 0.999787 0.000000 -0.287742 0.000000 0.000000 1.000000 0.000000
0.999825 -0.018695 0.000000 25.729706 0.018695 0.999825 0.000000 -0.287808 0.000000 0.000000 1.000000 0.000000
0.999858 -0.016880 0.000000 26.364108 0.016880 0.999858 0.000000 -0.285055 0.000000 0.000000 1.000000 0.000000
0.999887 -0.015040 0.000000 26.999226 0.015040 0.999887 0.000000 -0.284458 0.000000 0.000000 1.000000 0.000000
0.999924 -0.012354 0.000000 27.630270 0.012354 0.999924 0.000000 -0.289506 0.000000 0.000000 1.000000 0.000000
0.999924 -0.012360 0.000000 28.260070 0.012360 0.999924 0.000000 -0.298433 0.000000 0.000000 1.000000 0.000000
0.999947 -0.010326 0.000000 28.900602 0.010326 0.999947 0.000000 -0.301168 0.000000 0.000000 1.000000 0.000000
0.999970 -0.007692 0.000000 29.537032 0.007692 0.999970 0.000000 -0.308100 0.000000 0.000000 1.000000 0.000000
0.999992 -0.003883 0.000000 30.182199 0.003883 0.999992 0.000000 -0.314148 0.000000 0.000000 1.000000 0.000000
0.999996 -0.002965 0.000000 30.819616 0.002965 0.999996 0.000000 -0.329820 0.000000 0.000000 1.000000 0.000000
1.000000 -0.000552 0.000000 31.457674 0.000552 1.000000 0.000000 -0.338678 0.000000 0.000000 1.000000 0.000000
1.000000 0.000413 0.000000 32.098094 -0.000413 1.000000 0.000000 -0.353503 0.000000 0.000000 1.000000 0.000000
0.999998 0.002112 0.000000 32.736897 -0.002112 0.999998 0.000000 -0.368753 0.000000 0.000000 1.000000 0.000000
0.999992 0.004091 0.000000 33.375728 -0.004091 0.999992 0.000000 -0.383884 0.000000 0.000000 1.000000 0.000000
0.999991 0.004217 0.000000 34.011361 -0.004217 0.999991 0.000000 -0.405990 0.000000 0.000000 1.000000 0.000000
0.999981 0.006144 0.000000 34.604686 -0.006144 0.999981 0.000000 -0.427164 0.000000 0.000000 1.000000 0.000000
0.999944 0.010543 0.000000 35.249651 -0.010543 0.999944 0.000000 -0.444174 0.000000 0.000000 1.000000 0.000000
0.999931 0.011709 0.000000 35.880439 -0.011709 0.999931 0.000000 -0.467922 0.000000 0.000000 1.000000 0.000000
0.999935 0.011412 0.000000 36.526575 -0.011412 0.999935 0.000000 -0.497804 0.000000 0.000000 1.000000 0.000000
0.999921 0.012556 0.000000 37.166399 -0.012556 0.999921 0.000000 -0.520504 0.000000 0.000000 1.000000 0.000000
0.999908 0.013537 0.000000 37.799670 -0.013537 0.999908 0.000000 -0.545543 0.000000 0.000000 1.000000 0.000000
0.999908 0.013547 0.000000 38.443319 -0.013547 0.999908 0.000000 -0.569430 0.000000 0.000000 1.000000 0.000000
0.999899 0.014243 0.000000 39.086431 -0.014243 0.999899 0.000000 -0.590024 0.000000 0.000000 1.000000 0.000000
0.999865 0.016456 0.000000 39.735197 -0.016456 0.999865 0.000000 -0.610266 0.000000 0.000000 1.000000 0.000000
0.999848 0.017455 0.000000 40.377001 -0.017455 0.999848 0.000000 -0.637949 0.000000 0.000000 1.000000 0.000000
0.999859 0.016814 0.000000 41.031524 -0.016814 0.999859 0.000000 -0.671013 0.000000 0.000000 1.000000 0.000000
0.999832 0.018323 0.000000 41.641521 -0.018323 0.999832 0.000000 -0.693201 0.000000 0.000000 1.000000 0.000000
0.999856 0.016947 0.000000 42.297548 -0.016947 0.999856 0.000000 -0.721490 0.000000 0.000000 1.000000 0.000000
0.999843 0.017738 0.000000 42.954095 -0.017738 0.999843 0.000000 -0.741559 0.000000 0.000000 1.000000 0.000000
0.999857 0.016912 0.000000 43.616533 -0.016912 0.999857 0.000000 -0.772064 0.000000 0.000000 1.000000 0.000000
0.999899 0.014191 0.000000 44.273320 -0.014191 0.999899 0.000000 -0.800819 0.000000 0.000000 1.000000 0.000000
0.999895 0.014488 0.000000 44.925995 -0.014488 0.999895 0.000000 -0.824540 0.000000 0.000000 1.000000 0.000000
0.999879 0.015552 0.000000 45.549263 -0.015552 0.999879 0.000000 -0.844738 0.000000 0.000000 1.000000 0.000000
0.999837 0.018044 0.000000 46.205602 -0.018044 0.999837 0.000000 -0.863426 0.000000 0.000000 1.000000 0.000000
0.999800 0.019992 0.000000 46.861107 -0.019992 0.999800 0.000000 -0.890513 0.000000 0.000000 1.000000 0.000000
0.999772 0.021358 0.000000 47.526137 -0.021358 0.999772 0.000000 -0.917495 0.000000 0.000000 1.000000 0.000000
0.999832 0.018336 0.000000 48.185321 -0.018336 0.999832 0.000000 -0.947058 0.000000 0.000000 1.000000 0.000000
0.999846 0.017552 0.000000 48.839720 -0.017552 0.999846 0.000000 -0.970812 0.000000 0.000000 1.000000 0.000000
0.999853 0.017174 0.000000 49.866453 -0.017174 0.999853 0.000000 -1.019283 0.000000 0.000000 1.000000 0.000000
0.999865 0.016424 0.000000 50.554403 -0.016424 0.999865 0.000000 -1.047790 0.000000 0.000000 1.000000 0.000000
0.999869 0.016179 0.000000 51.189275 -0.016179 0.999869 0.000000 -1.075364 0.000000 0.000000 1.000000 0.000000
0.999862 0.016585 0.000000 51.845328 -0.016585 0.999862 0.000000 -1.105083 0.000000 0.000000 1.000000 0.000000
0.999850 0.017299 0.000000 52.504678 -0.017299 0.999850 0.000000 -1.133683 0.000000 0.000000 1.000000 0.000000
0.999879 0.015574 0.000000 53.156500 -0.015574 0.999879 0.000000 -1.162143 0.000000 0.000000 1.000000 0.000000
0.999884 0.015232 0.000000 53.808278 -0.015232 0.999884 0.000000 -1.193160 0.000000 0.000000 1.000000 0.000000
0.999894 0.014582 0.000000 54.457223 -0.014582 0.999894 0.000000 -1.215984 0.000000 0.000000 1.000000 0.000000
0.999923 0.012382 0.000000 55.794520 -0.012382 0.999923 0.000000 -1.266389 0.000000 0.000000 1.000000 0.000000
0.999962 0.008733 0.000000 56.441188 -0.008733 0.999962 0.000000 -1.287490 0.000000 0.000000 1.000000 0.000000
0.999977 0.006851 0.000000 57.080095 -0.006851 0.999977 0.000000 -1.307880 0.000000 0.000000 1.000000 0.000000
0.999971 0.007680 0.000000 57.720127 -0.007680 0.999971 0.000000 -1.335176 0.000000 0.000000 1.000000 0.000000
0.999962 0.008678 0.000000 58.357468 -0.008678 0.999962 0.000000 -1.363703 0.000000 0.000000 1.000000 0.000000
0.999973 0.007285 0.000000 59.030888 -0.007285 0.999973 0.000000 -1.393745 0.000000 0.000000 1.000000 0.000000
0.999964 0.008537 0.000000 59.665389 -0.008537 0.999964 0.000000 -1.414356 0.000000 0.000000 1.000000 0.000000
0.999955 0.009530 0.000000 60.271874 -0.009530 0.999955 0.000000 -1.435045 0.000000 0.000000 1.000000 0.000000
0.999948 0.010175 0.000000 60.903146 -0.010175 0.999948 0.000000 -1.460438 0.000000 0.000000 1.000000 0.000000
0.999938 0.011117 0.000000 61.484728 -0.011117 0.999938 0.000000 -1.485469 0.000000 0.000000 1.000000 0.000000
0.999935 0.011377 0.000000 62.111818 -0.011377 0.999935 0.000000 -1.513839 0.000000 0.000000 1.000000 0.000000
0.999941 0.010890 0.000000 62.737741 -0.010890 0.999941 0.000000 -1.545429 0.000000 0.000000 1.000000 0.000000
0.999941 0.010908 0.000000 63.319075 -0.010908 0.999941 0.000000 -1.573217 0.000000 0.000000 1.000000 0.000000
0.999954 0.009554 0.000000 63.941354 -0.009554 0.999954 0.000000 -1.605091 0.000000 0.000000 1.000000 0.000000
0.999954 0.009611 0.000000 64.556342 -0.009611 0.999954 0.000000 -1.633709 0.000000 0.000000 1.000000 0.000000
0.999959 0.009001 0.000000 65.132245 -0.009001 0.999959 0.000000 -1.661870 0.000000 0.000000 1.000000 0.000000
0.999953 0.009654 0.000000 65.748284 -0.009654 0.999953 0.000000 -1.684382 0.000000 0.000000 1.000000 0.000000
0.999916 0.012953 0.000000 66.322193 -0.012953 0.999916 0.000000 -1.702718 0.000000 0.000000 1.000000 0.000000
0.999893 0.014620 0.000000 66.936298 -0.014620 0.999893 0.000000 -1.725485 0.000000 0.000000 1.000000 0.000000
0.999883 0.015277 0.000000 67.546744 -0.015277 0.999883 0.000000 -1.752269 0.000000 0.000000 1.000000 0.000000
0.999862 0.016642 0.000000 68.388361 -0.016642 0.999862 0.000000 -1.792031 0.000000 0.000000 1.000000 0.000000
0.999833 0.018300 0.000000 68.984561 -0.018300 0.999833 0.000000 -1.821286 0.000000 0.000000 1.000000 0.000000
0.999864 0.016470 0.000000 69.587911 -0.016470 0.999864 0.000000 -1.848519 0.000000 0.000000 1.000000 0.000000
0.999875 0.015793 0.000000 70.185810 -0.015793 0.999875 0.000000 -1.871685 0.000000 0.000000 1.000000 0.000000
0.999904 0.013836 0.000000 70.783792 -0.013836 0.999904 0.000000 -1.894050 0.000000 0.000000 1.000000 0.000000
0.999931 0.011738 0.000000 71.376244 -0.011738 0.999931 0.000000 -1.915546 0.000000 0.000000 1.000000 0.000000
0.999928 0.012006 0.000000 72.010302 -0.012006 0.999928 0.000000 -1.937219 0.000000 0.000000 1.000000 0.000000
0.999934 0.011471 0.000000 72.602438 -0.011471 0.999934 0.000000 -1.958557 0.000000 0.000000 1.000000 0.000000
0.999921 0.012589 0.000000 73.196324 -0.012589 0.999921 0.000000 -1.981537 0.000000 0.000000 1.000000 0.000000
0.999926 0.012186 0.000000 74.375198 -0.012186 0.999926 0.000000 -2.028702 0.000000 0.000000 1.000000 0.000000
0.999908 0.013558 0.000000 74.958650 -0.013558 0.999908 0.000000 -2.053125 0.000000 0.000000 1.000000 0.000000
0.999880 0.015467 0.000000 75.543281 -0.015467 0.999880 0.000000 -2.082934 0.000000 0.000000 1.000000 0.000000
0.999878 0.015614 0.000000 76.122220 -0.015614 0.999878 0.000000 -2.115105 0.000000 0.000000 1.000000 0.000000
0.999849 0.017354 0.000000 76.703600 -0.017354 0.999849 0.000000 -2.143085 0.000000 0.000000 1.000000 0.000000
0.999842 0.017787 0.000000 77.281546 -0.017787 0.999842 0.000000 -2.174660 0.000000 0.000000 1.000000 0.000000
0.999873 0.015936 0.000000 77.851019 -0.015936 0.999873 0.000000 -2.204250 0.000000 0.000000 1.000000 0.000000
0.999890 0.014802 0.000000 78.416596 -0.014802 0.999890 0.000000 -2.232636 0.000000 0.000000 1.000000 0.000000
0.999876 0.015737 0.000000 78.976293 -0.015737 0.999876 0.000000 -2.264545 0.000000 0.000000 1.000000 0.000000
0.999874 0.015882 0.000000 79.532419 -0.015882 0.999874 0.000000 -2.296386 0.000000 0.000000 1.000000 0.000000
0.999877 0.015703 0.000000 80.082948 -0.015703 0.999877 0.000000 -2.326248 0.000000 0.000000 1.000000 0.000000
0.999874 0.015898 0.000000 80.629353 -0.015898 0.999874 0.000000 -2.359241 0.000000 0.000000 1.000000 0.000000
0.999843 0.017698 0.000000 81.170514 -0.017698 0.999843 0.000000 -2.390886 0.000000 0.000000 1.000000 0.000000
0.999814 0.019293 0.000000 81.685219 -0.019293 0.999814 0.000000 -2.418776 0.000000 0.000000 1.000000 0.000000
0.999755 0.022123 0.000000 82.227904 -0.022123 0.999755 0.000000 -2.445523 0.000000 0.000000 1.000000 0.000000
0.999683 0.025167 0.000000 82.749475 -0.025167 0.999683 0.000000 -2.466279 0.000000 0.000000 1.000000 0.000000
0.999661 0.026035 0.000000 83.254238 -0.026035 0.999661 0.000000 -2.491003 0.000000 0.000000 1.000000 0.000000
0.999668 0.025772 0.000000 83.788893 -0.025772 0.999668 0.000000 -2.526520 0.000000 0.000000 1.000000 0.000000
0.999665 0.025885 0.000000 84.313187 -0.025885 0.999665 0.000000 -2.556124 0.000000 0.000000 1.000000 0.000000
0.999642 0.026766 0.000000 84.803195 -0.026766 0.999642 0.000000 -2.587621 0.000000 0.000000 1.000000 0.000000
0.999581 0.028951 0.000000 85.330033 -0.028951 0.999581 0.000000 -2.619314 0.000000 0.000000 1.000000 0.000000
0.999583 0.028875 0.000000 85.842277 -0.028875 0.999583 0.000000 -2.651642 0.000000 0.000000 1.000000 0.000000
0.999568 0.029378 0.000000 86.326202 -0.029378 0.999568 0.000000 -2.678966 0.000000 0.000000 1.000000 0.000000
0.999532 0.030600 0.000000 86.844816 -0.030600 0.999532 0.000000 -2.705820 0.000000 0.000000 1.000000 0.000000
0.999471 0.032513 0.000000 87.357382 -0.032513 0.999471 0.000000 -2.735834 0.000000 0.000000 1.000000 0.000000
0.999450 0.033148 0.000000 87.834527 -0.033148 0.999450 0.000000 -2.769095 0.000000 0.000000 1.000000 0.000000
0.999452 0.033113 0.000000 88.342871 -0.033113 0.999452 0.000000 -2.805047 0.000000 0.000000 1.000000 0.000000
0.999402 0.034586 0.000000 88.823346 -0.034586 0.999402 0.000000 -2.838377 0.000000 0.000000 1.000000 0.000000
0.999388 0.034988 0.000000 89.329436 -0.034988 0.999388 0.000000 -2.874773 0.000000 0.000000 1.000000 0.000000
0.999411 0.034325 0.000000 89.994459 -0.034325 0.999411 0.000000 -2.919412 0.000000 0.000000 1.000000 0.000000
0.999411 0.034317 0.000000 90.491109 -0.034317 0.999411 0.000000 -2.950522 0.000000 0.000000 1.000000 0.000000
0.999393 0.034842 0.000000 90.986816 -0.034842 0.999393 0.000000 -2.978059 0.000000 0.000000 1.000000 0.000000
0.999406 0.034468 0.000000 91.477654 -0.034468 0.999406 0.000000 -3.006304 0.000000 0.000000 1.000000 0.000000
0.999462 0.032809 0.000000 91.964984 -0.032809 0.999462 0.000000 -3.042176 0.000000 0.000000 1.000000 0.000000
0.999487 0.032013 0.000000 92.446571 -0.032013 0.999487 0.000000 -3.081625 0.000000 0.000000 1.000000 0.000000
0.999418 0.034114 0.000000 92.919189 -0.034114 0.999418 0.000000 -3.113336 0.000000 0.000000 1.000000 0.000000
0.999230 0.039231 0.000000 93.873084 -0.039231 0.999230 0.000000 -3.185213 0.000000 0.000000 1.000000 0.000000
0.999181 0.040475 0.000000 94.341703 -0.040475 0.999181 0.000000 -3.224387 0.000000 0.000000 1.000000 0.000000
0.999051 0.043545 0.000000 94.810119 -0.043545 0.999051 0.000000 -3.262609 0.000000 0.000000 1.000000 0.000000
0.998986 0.045014 0.000000 95.273568 -0.045014 0.998986 0.000000 -3.306582 0.000000 0.000000 1.000000 0.000000
0.998879 0.047343 0.000000 95.744269 -0.047343 0.998879 0.000000 -3.347782 0.000000 0.000000 1.000000 0.000000
0.998812 0.048720 0.000000 96.208296 -0.048720 0.998812 0.000000 -3.392301 0.000000 0.000000 1.000000 0.000000
0.998682 0.051319 0.000000 96.674613 -0.051319 0.998682 0.000000 -3.436223 0.000000 0.000000 1.000000 0.000000
0.998429 0.056033 0.000000 97.136736 -0.056033 0.998429 0.000000 -3.474048 0.000000 0.000000 1.000000 0.000000
0.998291 0.058443 0.000000 97.594646 -0.058443 0.998291 0.000000 -3.516468 0.000000 0.000000 1.000000 0.000000
0.998151 0.060781 0.000000 98.049634 -0.060781 0.998151 0.000000 -3.562593 0.000000 0.000000 1.000000 0.000000
0.998042 0.062545 0.000000 98.474815 -0.062545 0.998042 0.000000 -3.607760 0.000000 0.000000 1.000000 0.000000
0.997970 0.063689 0.000000 98.920281 -0.063689 0.997970 0.000000 -3.654030 0.000000 0.000000 1.000000 0.000000
0.997951 0.063979 0.000000 99.361205 -0.063979 0.997951 0.000000 -3.704504 0.000000 0.000000 1.000000 0.000000
0.997804 0.066242 0.000000 99.799771 -0.066242 0.997804 0.000000 -3.754207 0.000000 0.000000 1.000000 0.000000
0.997707 0.067677 0.000000 100.225190 -0.067677 0.997707 0.000000 -3.794141 0.000000 0.000000 1.000000 0.000000
0.997378 0.072372 0.000000 100.654593 -0.072372 0.997378 0.000000 -3.835091 0.000000 0.000000 1.000000 0.000000
0.997009 0.077289 0.000000 101.077130 -0.077289 0.997009 0.000000 -3.873983 0.000000 0.000000 1.000000 0.000000
0.996904 0.078627 0.000000 101.489137 -0.078627 0.996904 0.000000 -3.915166 0.000000 0.000000 1.000000 0.000000
0.997042 0.076853 0.000000 101.895345 -0.076853 0.997042 0.000000 -3.961016 0.000000 0.000000 1.000000 0.000000
0.996957 0.077958 0.000000 102.310449 -0.077958 0.996957 0.000000 -4.007014 0.000000 0.000000 1.000000 0.000000
0.996960 0.077911 0.000000 102.700095 -0.077911 0.996960 0.000000 -4.054872 0.000000 0.000000 1.000000 0.000000
0.996664 0.081611 0.000000 103.101898 -0.081611 0.996664 0.000000 -4.101860 0.000000 0.000000 1.000000 0.000000
0.996289 0.086077 0.000000 103.483498 -0.086077 0.996289 0.000000 -4.141909 0.000000 0.000000 1.000000 0.000000
0.996214 0.086934 0.000000 103.880853 -0.086934 0.996214 0.000000 -4.192008 0.000000 0.000000 1.000000 0.000000
0.996043 0.088868 0.000000 104.273526 -0.088868 0.996043 0.000000 -4.236917 0.000000 0.000000 1.000000 0.000000
0.995783 0.091741 0.000000 104.649353 -0.091741 0.995783 0.000000 -4.281227 0.000000 0.000000 1.000000 0.000000
0.995376 0.096051 0.000000 105.055850 -0.096051 0.995376 0.000000 -4.326987 0.000000 0.000000 1.000000 0.000000
0.995020 0.099673 0.000000 105.454017 -0.099673 0.995020 0.000000 -4.375251 0.000000 0.000000 1.000000 0.000000
0.994673 0.103080 0.000000 106.014498 -0.103080 0.994673 0.000000 -4.454186 0.000000 0.000000 1.000000 0.000000
0.994477 0.104959 0.000000 106.421660 -0.104959 0.994477 0.000000 -4.512355 0.000000 0.000000 1.000000 0.000000
0.994262 0.106975 0.000000 106.831625 -0.106975 0.994262 0.000000 -4.568427 0.000000 0.000000 1.000000 0.000000
0.994024 0.109161 0.000000 107.247020 -0.109161 0.994024 0.000000 -4.633030 0.000000 0.000000 1.000000 0.000000
0.993846 0.110769 0.000000 107.663821 -0.110769 0.993846 0.000000 -4.691160 0.000000 0.000000 1.000000 0.000000
0.993833 0.110884 0.000000 108.083264 -0.110884 0.993833 0.000000 -4.752674 0.000000 0.000000 1.000000 0.000000
0.993572 0.113204 0.000000 108.502992 -0.113204 0.993572 0.000000 -4.812840 0.000000 0.000000 1.000000 0.000000
0.993023 0.117922 0.000000 108.921984 -0.117922 0.993023 0.000000 -4.871945 0.000000 0.000000 1.000000 0.000000
0.992598 0.121443 0.000000 109.653420 -0.121443 0.992598 0.000000 -4.990461 0.000000 0.000000 1.000000 0.000000
0.992686 0.120724 0.000000 110.079449 -0.120724 0.992686 0.000000 -5.061670 0.000000 0.000000 1.000000 0.000000
0.992555 0.121800 0.000000 110.516803 -0.121800 0.992555 0.000000 -5.127751 0.000000 0.000000 1.000000 0.000000
0.992619 0.121277 0.000000 110.945791 -0.121277 0.992619 0.000000 -5.190930 0.000000 0.000000 1.000000 0.000000
0.992389 0.123145 0.000000 111.387844 -0.123145 0.992389 0.000000 -5.244678 0.000000 0.000000 1.000000 0.000000
0.992233 0.124393 0.000000 111.822435 -0.124393 0.992233 0.000000 -5.305180 0.000000 0.000000 1.000000 0.000000
0.992304 0.123827 0.000000 112.260353 -0.123827 0.992304 0.000000 -5.368601 0.000000 0.000000 1.000000 0.000000
0.992286 0.123972 0.000000 112.704632 -0.123972 0.992286 0.000000 -5.435002 0.000000 0.000000 1.000000 0.000000
0.992269 0.124108 0.000000 113.145821 -0.124108 0.992269 0.000000 -5.505447 0.000000 0.000000 1.000000 0.000000
0.991837 0.127515 0.000000 113.593015 -0.127515 0.991837 0.000000 -5.576231 0.000000 0.000000 1.000000 0.000000
0.991684 0.128694 0.000000 114.037436 -0.128694 0.991684 0.000000 -5.648167 0.000000 0.000000 1.000000 0.000000
0.991754 0.128159 0.000000 114.860371 -0.128159 0.991754 0.000000 -5.779716 0.000000 0.000000 1.000000 0.000000
0.991504 0.130074 0.000000 115.315556 -0.130074 0.991504 0.000000 -5.846657 0.000000 0.000000 1.000000 0.000000
0.991337 0.131341 0.000000 115.770361 -0.131341 0.991337 0.000000 -5.923280 0.000000 0.000000 1.000000 0.000000
0.991097 0.133144 0.000000 116.229013 -0.133144 0.991097 0.000000 -6.005055 0.000000 0.000000 1.000000 0.000000
0.990943 0.134285 0.000000 116.688716 -0.134285 0.990943 0.000000 -6.087158 0.000000 0.000000 1.000000 0.000000
0.990803 0.135312 0.000000 117.150645 -0.135312 0.990803 0.000000 -6.171054 0.000000 0.000000 1.000000 0.000000
0.990272 0.139148 0.000000 117.615295 -0.139148 0.990272 0.000000 -6.248650 0.000000 0.000000 1.000000 0.000000
0.989625 0.143678 0.000000 118.080759 -0.143678 0.989625 0.000000 -6.327117 0.000000 0.000000 1.000000 0.000000
0.988951 0.148243 0.000000 118.582580 -0.148243 0.988951 0.000000 -6.414267 0.000000 0.000000 1.000000 0.000000
0.988767 0.149465 0.000000 119.022143 -0.149465 0.988767 0.000000 -6.495339 0.000000 0.000000 1.000000 0.000000
0.988406 0.151831 0.000000 119.522969 -0.151831 0.988406 0.000000 -6.591174 0.000000 0.000000 1.000000 0.000000
0.988267 0.152735 0.000000 119.993769 -0.152735 0.988267 0.000000 -6.680341 0.000000 0.000000 1.000000 0.000000
0.988542 0.150949 0.000000 120.460817 -0.150949 0.988542 0.000000 -6.775251 0.000000 0.000000 1.000000 0.000000
0.988498 0.151233 0.000000 120.930985 -0.151233 0.988498 0.000000 -6.867213 0.000000 0.000000 1.000000 0.000000
0.988222 0.153025 0.000000 121.399522 -0.153025 0.988222 0.000000 -6.954625 0.000000 0.000000 1.000000 0.000000
0.987635 0.156772 0.000000 121.873483 -0.156772 0.987635 0.000000 -7.041425 0.000000 0.000000 1.000000 0.000000
0.986660 0.162797 0.000000 122.348169 -0.162797 0.986660 0.000000 -7.126545 0.000000 0.000000 1.000000 0.000000
0.985963 0.166963 0.000000 122.821483 -0.166963 0.985963 0.000000 -7.217529 0.000000 0.000000 1.000000 0.000000
0.985701 0.168502 0.000000 123.273297 -0.168502 0.985701 0.000000 -7.304738 0.000000 0.000000 1.000000 0.000000
0.984974 0.172700 0.000000 123.754986 -0.172700 0.984974 0.000000 -7.401240 0.000000 0.000000 1.000000 0.000000
0.984777 0.173822 0.000000 124.233703 -0.173822 0.984777 0.000000 -7.500401 0.000000 0.000000 1.000000 0.000000
0.984530 0.175215 0.000000 125.025447 -0.175215 0.984530 0.000000 -7.665765 0.000000 0.000000 1.000000 0.000000
0.985143 0.171737 0.000000 125.511359 -0.171737 0.985143 0.000000 -7.769162 0.000000 0.000000 1.000000 0.000000
0.986843 0.161680 0.000000 126.484357 -0.161680 0.986843 0.000000 -7.983964 0.000000 0.000000 1.000000 0.000000
0.987512 0.157546 0.000000 126.975532 -0.157546 0.987512 0.000000 -8.090371 0.000000 0.000000 1.000000 0.000000
0.987692 0.156411 0.000000 127.471386 -0.156411 0.987692 0.000000 -8.185793 0.000000 0.000000 1.000000 0.000000
0.988052 0.154123 0.000000 127.966132 -0.154123 0.988052 0.000000 -8.280658 0.000000 0.000000 1.000000 0.000000
0.987856 0.155373 0.000000 128.471828 -0.155373 0.987856 0.000000 -8.368661 0.000000 0.000000 1.000000 0.000000
0.988143 0.153537 0.000000 128.969269 -0.153537 0.988143 0.000000 -8.458676 0.000000 0.000000 1.000000 0.000000
0.988289 0.152594 0.000000 129.509603 -0.152594 0.988289 0.000000 -8.548512 0.000000 0.000000 1.000000 0.000000
0.988047 0.154155 0.000000 129.998229 -0.154155 0.988047 0.000000 -8.634281 0.000000 0.000000 1.000000 0.000000
0.987892 0.155140 0.000000 130.511711 -0.155140 0.987892 0.000000 -8.720934 0.000000 0.000000 1.000000 0.000000
0.987894 0.155130 0.000000 131.028262 -0.155130 0.987894 0.000000 -8.812963 0.000000 0.000000 1.000000 0.000000
0.987908 0.155043 0.000000 131.509731 -0.155043 0.987908 0.000000 -8.900668 0.000000 0.000000 1.000000 0.000000
0.987966 0.154669 0.000000 132.024406 -0.154669 0.987966 0.000000 -8.997164 0.000000 0.000000 1.000000 0.000000
0.987669 0.156559 0.000000 132.552529 -0.156559 0.987669 0.000000 -9.087697 0.000000 0.000000 1.000000 0.000000
0.987853 0.155389 0.000000 133.043762 -0.155389 0.987853 0.000000 -9.174454 0.000000 0.000000 1.000000 0.000000
0.987893 0.155137 0.000000 133.564863 -0.155137 0.987893 0.000000 -9.265171 0.000000 0.000000 1.000000 0.000000
0.987394 0.158281 0.000000 134.100560 -0.158281 0.987394 0.000000 -9.357124 0.000000 0.000000 1.000000 0.000000
0.987079 0.160232 0.000000 134.727475 -0.160232 0.987079 0.000000 -9.467384 0.000000 0.000000 1.000000 0.000000
0.986096 0.166177 0.000000 135.294525 -0.166177 0.986096 0.000000 -9.563780 0.000000 0.000000 1.000000 0.000000
0.985404 0.170235 0.000000 135.788027 -0.170235 0.985404 0.000000 -9.663556 0.000000 0.000000 1.000000 0.000000
0.984755 0.173948 0.000000 136.321954 -0.173948 0.984755 0.000000 -9.765121 0.000000 0.000000 1.000000 0.000000
0.984146 0.177358 0.000000 136.858202 -0.177358 0.984146 0.000000 -9.874183 0.000000 0.000000 1.000000 0.000000
0.984012 0.178105 0.000000 137.397271 -0.178105 0.984012 0.000000 -9.986600 0.000000 0.000000 1.000000 0.000000
0.983329 0.181834 0.000000 141.214487 -0.181834 0.983329 0.000000 -10.776706 0.000000 0.000000 1.000000 0.000000
0.984092 0.177662 0.000000 141.719906 -0.177662 0.984092 0.000000 -10.891795 0.000000 0.000000 1.000000 0.000000
0.984384 0.176034 0.000000 142.867147 -0.176034 0.984384 0.000000 -11.150813 0.000000 0.000000 1.000000 0.000000
0.983926 0.178575 0.000000 143.986026 -0.178575 0.983926 0.000000 -11.394941 0.000000 0.000000 1.000000 0.000000
0.983743 0.179580 0.000000 144.547903 -0.179580 0.983743 0.000000 -11.519925 0.000000 0.000000 1.000000 0.000000
0.983755 0.179519 0.000000 145.113425 -0.179519 0.983755 0.000000 -11.649130 0.000000 0.000000 1.000000 0.000000
0.983886 0.178796 0.000000 145.677622 -0.178796 0.983886 0.000000 -11.782188 0.000000 0.000000 1.000000 0.000000
0.984368 0.176124 0.000000 146.248309 -0.176124 0.984368 0.000000 -11.914538 0.000000 0.000000 1.000000 0.000000
0.984169 0.177233 0.000000 146.821381 -0.177233 0.984169 0.000000 -12.036297 0.000000 0.000000 1.000000 0.000000
0.983868 0.178898 0.000000 147.392883 -0.178898 0.983868 0.000000 -12.155954 0.000000 0.000000 1.000000 0.000000
0.983955 0.178415 0.000000 147.964740 -0.178415 0.983955 0.000000 -12.288186 0.000000 0.000000 1.000000 0.000000
0.983911 0.178658 0.000000 148.534868 -0.178658 0.983911 0.000000 -12.417720 0.000000 0.000000 1.000000 0.000000
0.982882 0.184238 0.000000 149.450213 -0.184238 0.982882 0.000000 -12.619191 0.000000 0.000000 1.000000 0.000000
0.982619 0.185635 0.000000 150.025537 -0.185635 0.982619 0.000000 -12.757534 0.000000 0.000000 1.000000 0.000000
0.982145 0.188126 0.000000 150.590956 -0.188126 0.982145 0.000000 -12.888301 0.000000 0.000000 1.000000 0.000000
0.981178 0.193105 0.000000 151.166736 -0.193105 0.981178 0.000000 -13.011644 0.000000 0.000000 1.000000 0.000000
0.980190 0.198062 0.000000 151.779033 -0.198062 0.980190 0.000000 -13.149105 0.000000 0.000000 1.000000 0.000000
0.979738 0.200281 0.000000 152.304530 -0.200281 0.979738 0.000000 -13.275105 0.000000 0.000000 1.000000 0.000000
0.979458 0.201646 0.000000 152.907493 -0.201646 0.979458 0.000000 -13.427900 0.000000 0.000000 1.000000 0.000000
0.979266 0.202577 0.000000 153.471478 -0.202577 0.979266 0.000000 -13.562515 0.000000 0.000000 1.000000 0.000000
0.978868 0.204494 0.000000 154.045473 -0.204494 0.978868 0.000000 -13.689816 0.000000 0.000000 1.000000 0.000000
0.978301 0.207187 0.000000 154.614291 -0.207187 0.978301 0.000000 -13.814901 0.000000 0.000000 1.000000 0.000000
0.978410 0.206673 0.000000 155.180216 -0.206673 0.978410 0.000000 -13.948990 0.000000 0.000000 1.000000 0.000000
0.978360 0.206909 0.000000 155.744021 -0.206909 0.978360 0.000000 -14.079711 0.000000 0.000000 1.000000 0.000000
0.978078 0.208239 0.000000 156.308484 -0.208239 0.978078 0.000000 -14.206185 0.000000 0.000000 1.000000 0.000000
0.978127 0.208010 0.000000 156.869459 -0.208010 0.978127 0.000000 -14.341156 0.000000 0.000000 1.000000 0.000000
0.977557 0.210669 0.000000 157.442727 -0.210669 0.977557 0.000000 -14.471261 0.000000 0.000000 1.000000 0.000000
0.977155 0.212530 0.000000 158.010663 -0.212530 0.977155 0.000000 -14.605360 0.000000 0.000000 1.000000 0.000000
0.976358 0.216160 0.000000 159.142159 -0.216160 0.976358 0.000000 -14.874840 0.000000 0.000000 1.000000 0.000000
0.976568 0.215209 0.000000 159.702142 -0.215209 0.976568 0.000000 -15.018445 0.000000 0.000000 1.000000 0.000000
0.975906 0.218193 0.000000 160.230478 -0.218193 0.975906 0.000000 -15.140892 0.000000 0.000000 1.000000 0.000000
0.975101 0.221762 0.000000 160.812202 -0.221762 0.975101 0.000000 -15.278080 0.000000 0.000000 1.000000 0.000000
0.975098 0.221773 0.000000 161.363592 -0.221773 0.975098 0.000000 -15.416688 0.000000 0.000000 1.000000 0.000000
0.975228 0.221200 0.000000 162.460309 -0.221200 0.975228 0.000000 -15.692501 0.000000 0.000000 1.000000 0.000000
0.975084 0.221838 0.000000 163.014421 -0.221838 0.975084 0.000000 -15.836550 0.000000 0.000000 1.000000 0.000000
0.974743 0.223332 0.000000 163.544773 -0.223332 0.974743 0.000000 -15.968291 0.000000 0.000000 1.000000 0.000000
0.974976 0.222310 0.000000 164.100205 -0.222310 0.974976 0.000000 -16.109767 0.000000 0.000000 1.000000 0.000000
0.974629 0.223825 0.000000 164.667467 -0.223825 0.974629 0.000000 -16.247268 0.000000 0.000000 1.000000 0.000000
0.973826 0.227296 0.000000 165.195317 -0.227296 0.973826 0.000000 -16.367819 0.000000 0.000000 1.000000 0.000000
0.972928 0.231108 0.000000 165.948027 -0.231108 0.972928 0.000000 -16.547528 0.000000 0.000000 1.000000 0.000000
0.972207 0.234121 0.000000 166.511657 -0.234121 0.972207 0.000000 -16.682735 0.000000 0.000000 1.000000 0.000000
0.970868 0.239616 0.000000 167.075233 -0.239616 0.970868 0.000000 -16.816048 0.000000 0.000000 1.000000 0.000000
0.970320 0.241825 0.000000 167.673832 -0.241825 0.970320 0.000000 -16.972412 0.000000 0.000000 1.000000 0.000000
0.970621 0.240613 0.000000 168.201946 -0.240613 0.970621 0.000000 -17.120315 0.000000 0.000000 1.000000 0.000000
0.970015 0.243045 0.000000 168.804777 -0.243045 0.970015 0.000000 -17.279974 0.000000 0.000000 1.000000 0.000000
0.969838 0.243749 0.000000 169.372337 -0.243749 0.969838 0.000000 -17.431735 0.000000 0.000000 1.000000 0.000000
0.968909 0.247416 0.000000 169.944317 -0.247416 0.968909 0.000000 -17.576408 0.000000 0.000000 1.000000 0.000000
0.969050 0.246866 0.000000 170.522154 -0.246866 0.969050 0.000000 -17.740008 0.000000 0.000000 1.000000 0.000000
0.969443 0.245318 0.000000 171.086973 -0.245318 0.969443 0.000000 -17.898706 0.000000 0.000000 1.000000 0.000000
0.969441 0.245324 0.000000 171.656891 -0.245324 0.969441 0.000000 -18.057635 0.000000 0.000000 1.000000 0.000000
0.969941 0.243342 0.000000 172.217161 -0.243342 0.969941 0.000000 -18.219659 0.000000 0.000000 1.000000 0.000000
0.971221 0.238180 0.000000 172.787165 -0.238180 0.971221 0.000000 -18.390964 0.000000 0.000000 1.000000 0.000000
0.971960 0.235148 0.000000 173.353888 -0.235148 0.971960 0.000000 -18.553999 0.000000 0.000000 1.000000 0.000000
0.971712 0.236168 0.000000 173.925974 -0.236168 0.971712 0.000000 -18.707536 0.000000 0.000000 1.000000 0.000000
0.972034 0.234840 0.000000 174.497973 -0.234840 0.972034 0.000000 -18.867671 0.000000 0.000000 1.000000 0.000000
0.971525 0.236938 0.000000 175.071611 -0.236938 0.971525 0.000000 -19.018112 0.000000 0.000000 1.000000 0.000000
0.971288 0.237908 0.000000 175.605845 -0.237908 0.971288 0.000000 -19.160929 0.000000 0.000000 1.000000 0.000000
0.971305 0.237837 0.000000 176.215416 -0.237837 0.971305 0.000000 -19.320139 0.000000 0.000000 1.000000 0.000000
0.971235 0.238123 0.000000 176.746122 -0.238123 0.971235 0.000000 -19.464702 0.000000 0.000000 1.000000 0.000000
0.970783 0.239959 0.000000 177.313590 -0.239959 0.970783 0.000000 -19.615198 0.000000 0.000000 1.000000 0.000000
0.969935 0.243363 0.000000 177.885817 -0.243363 0.969935 0.000000 -19.768464 0.000000 0.000000 1.000000 0.000000
0.968175 0.250274 0.000000 178.457766 -0.250274 0.968175 0.000000 -19.923094 0.000000 0.000000 1.000000 0.000000
0.967353 0.253432 0.000000 179.029886 -0.253432 0.967353 0.000000 -20.083686 0.000000 0.000000 1.000000 0.000000
0.967174 0.254113 0.000000 179.599261 -0.254113 0.967174 0.000000 -20.246270 0.000000 0.000000 1.000000 0.000000
0.967016 0.254714 0.000000 180.171275 -0.254714 0.967016 0.000000 -20.408172 0.000000 0.000000 1.000000 0.000000
0.966515 0.256610 0.000000 180.742882 -0.256610 0.966515 0.000000 -20.566892 0.000000 0.000000 1.000000 0.000000
0.965781 0.259359 0.000000 181.320158 -0.259359 0.965781 0.000000 -20.725805 0.000000 0.000000 1.000000 0.000000
0.965756 0.259453 0.000000 181.898837 -0.259453 0.965756 0.000000 -20.893416 0.000000 0.000000 1.000000 0.000000
0.965924 0.258825 0.000000 182.463154 -0.258825 0.965924 0.000000 -21.061693 0.000000 0.000000 1.000000 0.000000
0.965109 0.261847 0.000000 183.032763 -0.261847 0.965109 0.000000 -21.225550 0.000000 0.000000 1.000000 0.000000
0.964542 0.263928 0.000000 183.600231 -0.263928 0.964542 0.000000 -21.389683 0.000000 0.000000 1.000000 0.000000
0.964447 0.264275 0.000000 184.136299 -0.264275 0.964447 0.000000 -21.549451 0.000000 0.000000 1.000000 0.000000
0.963607 0.267324 0.000000 184.702975 -0.267324 0.963607 0.000000 -21.718262 0.000000 0.000000 1.000000 0.000000
0.963134 0.269023 0.000000 185.274375 -0.269023 0.963134 0.000000 -21.890285 0.000000 0.000000 1.000000 0.000000
0.963563 0.267480 0.000000 185.818028 -0.267480 0.963563 0.000000 -22.058326 0.000000 0.000000 1.000000 0.000000
0.963194 0.268808 0.000000 186.379507 -0.268808 0.963194 0.000000 -22.226298 0.000000 0.000000 1.000000 0.000000
0.963402 0.268060 0.000000 186.942802 -0.268060 0.963402 0.000000 -22.403478 0.000000 0.000000 1.000000 0.000000
0.963493 0.267735 0.000000 187.476720 -0.267735 0.963493 0.000000 -22.571834 0.000000 0.000000 1.000000 0.000000
0.962688 0.270616 0.000000 188.034232 -0.270616 0.962688 0.000000 -22.741800 0.000000 0.000000 1.000000 0.000000
0.962267 0.272106 0.000000 188.598145 -0.272106 0.962267 0.000000 -22.910856 0.000000 0.000000 1.000000 0.000000
0.961846 0.273591 0.000000 189.125678 -0.273591 0.961846 0.000000 -23.073456 0.000000 0.000000 1.000000 0.000000
0.961244 0.275699 0.000000 189.689271 -0.275699 0.961244 0.000000 -23.249037 0.000000 0.000000 1.000000 0.000000
0.960627 0.277841 0.000000 190.243470 -0.277841 0.960627 0.000000 -23.427685 0.000000 0.000000 1.000000 0.000000
0.959531 0.281604 0.000000 191.050908 -0.281604 0.959531 0.000000 -23.681878 0.000000 0.000000 1.000000 0.000000
0.958525 0.285007 0.000000 191.603683 -0.285007 0.958525 0.000000 -23.854592 0.000000 0.000000 1.000000 0.000000
0.958384 0.285483 0.000000 192.165130 -0.285483 0.958384 0.000000 -24.030819 0.000000 0.000000 1.000000 0.000000
0.958077 0.286512 0.000000 192.720030 -0.286512 0.958077 0.000000 -24.206011 0.000000 0.000000 1.000000 0.000000
0.958371 0.285524 0.000000 193.274010 -0.285524 0.958371 0.000000 -24.377705 0.000000 0.000000 1.000000 0.000000
0.959117 0.283010 0.000000 193.830045 -0.283010 0.959117 0.000000 -24.557027 0.000000 0.000000 1.000000 0.000000
0.959161 0.282861 0.000000 194.381140 -0.282861 0.959161 0.000000 -24.731758 0.000000 0.000000 1.000000 0.000000
0.959170 0.282831 0.000000 194.956055 -0.282831 0.959170 0.000000 -24.915502 0.000000 0.000000 1.000000 0.000000
0.958917 0.283688 0.000000 195.450897 -0.283688 0.958917 0.000000 -25.071844 0.000000 0.000000 1.000000 0.000000
0.958610 0.284724 0.000000 196.412931 -0.284724 0.958610 0.000000 -25.371023 0.000000 0.000000 1.000000 0.000000
0.958320 0.285698 0.000000 196.964590 -0.285698 0.958320 0.000000 -25.545365 0.000000 0.000000 1.000000 0.000000
0.957741 0.287633 0.000000 197.660951 -0.287633 0.957741 0.000000 -25.771881 0.000000 0.000000 1.000000 0.000000
0.957031 0.289985 0.000000 198.359987 -0.289985 0.957031 0.000000 -26.001939 0.000000 0.000000 1.000000 0.000000
0.956780 0.290813 0.000000 199.301832 -0.290813 0.956780 0.000000 -26.313228 0.000000 0.000000 1.000000 0.000000
0.956925 0.290336 0.000000 199.847760 -0.290336 0.956925 0.000000 -26.496439 0.000000 0.000000 1.000000 0.000000
0.956780 0.290814 0.000000 200.403607 -0.290814 0.956780 0.000000 -26.678940 0.000000 0.000000 1.000000 0.000000
0.956453 0.291888 0.000000 200.950514 -0.291888 0.956453 0.000000 -26.857875 0.000000 0.000000 1.000000 0.000000
0.957062 0.289883 0.000000 201.465558 -0.289883 0.957062 0.000000 -27.032633 0.000000 0.000000 1.000000 0.000000
0.956992 0.290114 0.000000 202.020840 -0.290114 0.956992 0.000000 -27.217291 0.000000 0.000000 1.000000 0.000000
0.956750 0.290912 0.000000 202.566190 -0.290912 0.956750 0.000000 -27.405199 0.000000 0.000000 1.000000 0.000000
0.957149 0.289596 0.000000 203.345387 -0.289596 0.957149 0.000000 -27.670260 0.000000 0.000000 1.000000 0.000000
0.957372 0.288858 0.000000 203.897225 -0.288858 0.957372 0.000000 -27.850365 0.000000 0.000000 1.000000 0.000000
0.957366 0.288876 0.000000 204.448404 -0.288876 0.957366 0.000000 -28.031934 0.000000 0.000000 1.000000 0.000000
0.958456 0.285242 0.000000 204.991763 -0.285242 0.958456 0.000000 -28.214795 0.000000 0.000000 1.000000 0.000000
0.958979 0.283475 0.000000 205.571936 -0.283475 0.958979 0.000000 -28.401653 0.000000 0.000000 1.000000 0.000000
0.958987 0.283449 0.000000 206.083227 -0.283449 0.958987 0.000000 -28.569436 0.000000 0.000000 1.000000 0.000000
0.959460 0.281845 0.000000 206.664627 -0.281845 0.959460 0.000000 -28.762767 0.000000 0.000000 1.000000 0.000000
0.959588 0.281408 0.000000 207.178280 -0.281408 0.959588 0.000000 -28.930058 0.000000 0.000000 1.000000 0.000000
0.960092 0.279684 0.000000 207.757006 -0.279684 0.960092 0.000000 -29.121582 0.000000 0.000000 1.000000 0.000000
0.960005 0.279982 0.000000 208.303294 -0.279982 0.960005 0.000000 -29.291009 0.000000 0.000000 1.000000 0.000000
0.960401 0.278621 0.000000 208.846890 -0.278621 0.960401 0.000000 -29.466381 0.000000 0.000000 1.000000 0.000000
0.960358 0.278769 0.000000 209.397711 -0.278769 0.960358 0.000000 -29.639323 0.000000 0.000000 1.000000 0.000000
0.960494 0.278299 0.000000 209.933462 -0.278299 0.960494 0.000000 -29.810917 0.000000 0.000000 1.000000 0.000000
