1.000000 -0.000655 0.000000 0.831607 0.000655 1.000000 0.000000 -0.025354 0.000000 0.000000 1.000000 0.000000
1.000000 0.000295 0.000000 1.421509 -0.000295 1.000000 0.000000 -0.035499 0.000000 0.000000 1.000000 0.000000
1.000000 -0.000071 0.000000 2.050756 0.000071 1.000000 0.000000 -0.053343 0.000000 0.000000 1.000000 0.000000
0.999989 -0.004768 0.000000 2.978688 0.004768 0.999989 0.000000 -0.090439 0.000000 0.000000 1.000000 0.000000
0.999979 -0.006516 0.000000 3.604291 0.006516 0.999979 0.000000 -0.111005 0.000000 0.000000 1.000000 0.000000
0.999959 -0.009057 0.000000 4.236438 0.009057 0.999959 0.000000 -0.130726 0.000000 0.000000 1.000000 0.000000
0.999967 -0.008097 0.000000 4.860323 0.008097 0.999967 0.000000 -0.139079 0.000000 0.000000 1.000000 0.000000
0.999981 -0.006204 0.000000 6.114865 0.006204 0.999981 0.000000 -0.172264 0.000000 0.000000 1.000000 0.000000
0.999947 -0.010308 0.000000 6.745394 0.010308 0.999947 0.000000 -0.185451 0.000000 0.000000 1.000000 0.000000
0.999924 -0.012307 0.000000 7.370902 0.012307 0.999924 0.000000 -0.189672 0.000000 0.000000 1.000000 0.000000
0.999911 -0.013358 0.000000 8.006621 0.013358 0.999911 0.000000 -0.199674 0.000000 0.000000 1.000000 0.000000
0.999898 -0.014270 0.000000 8.675383 0.014270 0.999898 0.000000 -0.213539 0.000000 0.000000 1.000000 0.000000
0.999895 -0.014459 0.000000 9.298606 0.014459 0.999895 0.000000 -0.224809 0.000000 0.000000 1.000000 0.000000
0.999894 -0.014575 0.000000 9.921739 0.014575 0.999894 0.000000 -0.230089 0.000000 0.000000 1.000000 0.000000
0.999872 -0.016008 0.000000 10.549171 0.016008 0.999872 0.000000 -0.235633 0.000000 0.000000 1.000000 0.000000
0.999835 -0.018161 0.000000 11.171560 0.018161 0.999835 0.000000 -0.243126 0.000000 0.000000 1.000000 0.000000
0.999838 -0.017988 0.000000 11.792794 0.017988 0.999838 0.000000 -0.244880 0.000000 0.000000 1.000000 0.000000
0.999825 -0.018719 0.000000 12.418400 0.018719 0.999825 0.000000 -0.255093 0.000000 0.000000 1.000000 0.000000
0.999837 -0.018074 0.000000 13.034427 0.018074 0.999837 0.000000 -0.258838 0.000000 0.000000 1.000000 0.000000
0.999824 -0.018760 0.000000 13.684419 0.018760 0.999824 0.000000 -0.266079 0.000000 0.000000 1.000000 0.000000
0.999816 -0.019166 0.000000 14.264962 0.019166 0.999816 0.000000 -0.267589 0.000000 0.000000 1.000000 0.000000
0.999824 -0.018735 0.000000 14.886443 0.018735 0.999824 0.000000 -0.274487 0.000000 0.000000 1.000000 0.000000
0.999782 -0.020869 0.000000 15.503272 0.020869 0.999782 0.000000 -0.287119 0.000000 0.000000 1.000000 0.000000
0.999719 -0.023717 0.000000 16.148079 0.023717 0.999719 0.000000 -0.288021 0.000000 0.000000 1.000000 0.000000
0.999619 -0.027617 0.000000 16.771986 0.027617 0.999619 0.000000 -0.291207 0.000000 0.000000 1.000000 0.000000
0.999537 -0.030437 0.000000 17.400419 0.030437 0.999537 0.000000 -0.291589 0.000000 0.000000 1.000000 0.000000
0.999601 -0.028233 0.000000 18.017527 0.028233 0.999601 0.000000 -0.285875 0.000000 0.000000 1.000000 0.000000
0.999603 -0.028171 0.000000 18.645537 0.028171 0.999603 0.000000 -0.285193 0.000000 0.000000 1.000000 0.000000
0.999588 -0.028694 0.000000 19.265900 0.028694 0.999588 0.000000 -0.284169 0.000000 0.000000 1.000000 0.000000
0.999575 -0.029138 0.000000 19.873467 0.029138 0.999575 0.000000 -0.284313 0.000000 0.000000 1.000000 0.000000
0.999572 -0.029263 0.000000 20.496959 0.029263 0.999572 0.000000 -0.281217 0.000000 0.000000 1.000000 0.000000
0.999592 -0.028578 0.000000 21.126589 0.028578 0.999592 0.000000 -0.277743 0.000000 0.000000 1.000000 0.000000
0.999563 -0.029544 0.000000 21.709532 0.029544 0.999563 0.000000 -0.277479 0.000000 0.000000 1.000000 0.000000
0.999487 -0.032024 0.000000 22.344982 0.032024 0.999487 0.000000 -0.277801 0.000000 0.000000 1.000000 0.000000
0.999413 -0.034248 0.000000 22.956512 0.034248 0.999413 0.000000 -0.280471 0.000000 0.000000 1.000000 0.000000
0.999387 -0.035007 0.000000 23.547397 0.035007 0.999387 0.000000 -0.283364 0.000000 0.000000 1.000000 0.000000
0.999390 -0.034930 0.000000 24.171514 0.034930 0.999390 0.000000 -0.282364 0.000000 0.000000 1.000000 0.000000
0.999403 -0.034556 0.000000 24.799178 0.034556 0.999403 0.000000 -0.280513 0.000000 0.000000 1.000000 0.000000
0.999460 -0.032867 0.000000 25.418672 0.032867 0.999460 0.000000 -0.274433 0.000000 0.000000 1.000000 0.000000
0.999567 -0.029408 0.000000 26.004781 0.029408 0.999567 0.000000 -0.267839 0.000000 0.000000 1.000000 0.000000
0.999648 -0.026544 0.000000 26.631333 0.026544 0.999648 0.000000 -0.267606 0.000000 0.000000 1.000000 0.000000
0.999686 -0.025044 0.000000 27.217499 0.025044 0.999686 0.000000 -0.265679 0.000000 0.000000 1.000000 0.000000
0.999676 -0.025445 0.000000 27.842674 0.025445 0.999676 0.000000 -0.266111 0.000000 0.000000 1.000000 0.000000
0.999669 -0.025738 0.000000 28.480384 0.025738 0.999669 0.000000 -0.267905 0.000000 0.000000 1.000000 0.000000
0.999705 -0.024296 0.000000 29.301218 0.024296 0.999705 0.000000 -0.264691 0.000000 0.000000 1.000000 0.000000
0.999746 -0.022523 0.000000 29.941980 0.022523 0.999746 0.000000 -0.257850 0.000000 0.000000 1.000000 0.000000
0.999786 -0.020670 0.000000 30.580614 0.020670 0.999786 0.000000 -0.253543 0.000000 0.000000 1.000000 0.000000
0.999830 -0.018453 0.000000 31.215233 0.018453 0.999830 0.000000 -0.251993 0.000000 0.000000 1.000000 0.000000
0.999832 -0.018339 0.000000 31.842997 0.018339 0.999832 0.000000 -0.257252 0.000000 0.000000 1.000000 0.000000
0.999857 -0.016916 0.000000 32.481508 0.016916 0.999857 0.000000 -0.255611 0.000000 0.000000 1.000000 0.000000
0.999896 -0.014418 0.000000 33.115298 0.014418 0.999896 0.000000 -0.259725 0.000000 0.000000 1.000000 0.000000
0.999948 -0.010212 0.000000 33.755719 0.010212 0.999948 0.000000 -0.261236 0.000000 0.000000 1.000000 0.000000
0.999959 -0.009030 0.000000 34.393300 0.009030 0.999959 0.000000 -0.272551 0.000000 0.000000 1.000000 0.000000
0.999974 -0.007233 0.000000 35.032175 0.007233 0.999974 0.000000 -0.276119 0.000000 0.000000 1.000000 0.000000
0.999983 -0.005897 0.000000 35.668413 0.005897 0.999983 0.000000 -0.287056 0.000000 0.000000 1.000000 0.000000
0.999991 -0.004229 0.000000 36.304425 0.004229 0.999991 0.000000 -0.298097 0.000000 0.000000 1.000000 0.000000
0.999997 -0.002250 0.000000 36.943285 0.002250 0.999997 0.000000 -0.309184 0.000000 0.000000 1.000000 0.000000
0.999998 -0.001995 0.000000 37.580955 0.001995 0.999998 0.000000 -0.327689 0.000000 0.000000 1.000000 0.000000
1.000000 -0.000916 0.000000 38.179150 0.000916 1.000000 0.000000 -0.343213 0.000000 0.000000 1.000000 0.000000
0.999995 0.003075 0.000000 38.820265 -0.003075 0.999995 0.000000 -0.354500 0.000000 0.000000 1.000000 0.000000
0.999988 0.004875 0.000000 39.447221 -0.004875 0.999988 0.000000 -0.371072 0.000000 0.000000 1.000000 0.000000
0.999989 0.004590 0.000000 40.094291 -0.004590 0.999989 0.000000 -0.395659 0.000000 0.000000 1.000000 0.000000
0.999983 0.005879 0.000000 40.733559 -0.005879 0.999983 0.000000 -0.414132 0.000000 0.000000 1.000000 0.000000
0.999977 0.006845 0.000000 41.367223 -0.006845 0.999977 0.000000 -0.435173 0.000000 0.000000 1.000000 0.000000
0.999976 0.006926 0.000000 42.006123 -0.006926 0.999976 0.000000 -0.455921 0.000000 0.000000 1.000000 0.000000
0.999971 0.007610 0.000000 42.646142 -0.007610 0.999971 0.000000 -0.472994 0.000000 0.000000 1.000000 0.000000
0.999950 0.010000 0.000000 43.292847 -0.010000 0.999950 0.000000 -0.489016 0.000000 0.000000 1.000000 0.000000
0.999935 0.011369 0.000000 43.937419 -0.011369 0.999935 0.000000 -0.510979 0.000000 0.000000 1.000000 0.000000
0.999941 0.010896 0.000000 44.589592 -0.010896 0.999941 0.000000 -0.539980 0.000000 0.000000 1.000000 0.000000
0.999932 0.011657 0.000000 45.203564 -0.011657 0.999932 0.000000 -0.558762 0.000000 0.000000 1.000000 0.000000
0.999945 0.010445 0.000000 45.860484 -0.010445 0.999945 0.000000 -0.579462 0.000000 0.000000 1.000000 0.000000
0.999943 0.010719 0.000000 46.514253 -0.010719 0.999943 0.000000 -0.593039 0.000000 0.000000 1.000000 0.000000
0.999942 0.010815 0.000000 47.176966 -0.010815 0.999942 0.000000 -0.620102 0.000000 0.000000 1.000000 0.000000
0.999966 0.008209 0.000000 47.836997 -0.008209 0.999966 0.000000 -0.643639 0.000000 0.000000 1.000000 0.000000
0.999969 0.007867 0.000000 48.482660 -0.007867 0.999969 0.000000 -0.662343 0.000000 0.000000 1.000000 0.000000
0.999960 0.008931 0.000000 49.106050 -0.008931 0.999960 0.000000 -0.678470 0.000000 0.000000 1.000000 0.000000
0.999936 0.011311 0.000000 49.760434 -0.011311 0.999936 0.000000 -0.693022 0.000000 0.000000 1.000000 0.000000
0.999912 0.013271 0.000000 50.418642 -0.013271 0.999912 0.000000 -0.714497 0.000000 0.000000 1.000000 0.000000
0.999893 0.014616 0.000000 51.084874 -0.014616 0.999893 0.000000 -0.737035 0.000000 0.000000 1.000000 0.000000
0.999921 0.012590 0.000000 51.741604 -0.012590 0.999921 0.000000 -0.760985 0.000000 0.000000 1.000000 0.000000
0.999942 0.010774 0.000000 52.394977 -0.010774 0.999942 0.000000 -0.780277 0.000000 0.000000 1.000000 0.000000
0.999948 0.010216 0.000000 53.422983 -0.010216 0.999948 0.000000 -0.821298 0.000000 0.000000 1.000000 0.000000
0.999956 0.009375 0.000000 54.108926 -0.009375 0.999956 0.000000 -0.844683 0.000000 0.000000 1.000000 0.000000
0.999958 0.009153 0.000000 54.742687 -0.009153 0.999958 0.000000 -0.868180 0.000000 0.000000 1.000000 0.000000
0.999954 0.009628 0.000000 55.398701 -0.009628 0.999954 0.000000 -0.893885 0.000000 0.000000 1.000000 0.000000
0.999946 0.010400 0.000000 56.057003 -0.010400 0.999946 0.000000 -0.917912 0.000000 0.000000 1.000000 0.000000
0.999961 0.008809 0.000000 56.713109 -0.008809 0.999961 0.000000 -0.942465 0.000000 0.000000 1.000000 0.000000
0.999967 0.008181 0.000000 57.368335 -0.008181 0.999967 0.000000 -0.967765 0.000000 0.000000 1.000000 0.000000
0.999971 0.007628 0.000000 58.016468 -0.007628 0.999971 0.000000 -0.987466 0.000000 0.000000 1.000000 0.000000
0.999985 0.005494 0.000000 59.357640 -0.005494 0.999985 0.000000 -1.027697 0.000000 0.000000 1.000000 0.000000
0.999996 0.002836 0.000000 60.006146 -0.002836 0.999996 0.000000 -1.041996 0.000000 0.000000 1.000000 0.000000
0.999999 0.001139 0.000000 60.649135 -0.001139 0.999999 0.000000 -1.055771 0.000000 0.000000 1.000000 0.000000
0.999998 0.001807 0.000000 61.286499 -0.001807 0.999998 0.000000 -1.075027 0.000000 0.000000 1.000000 0.000000
0.999995 0.003174 0.000000 61.919228 -0.003174 0.999995 0.000000 -1.095170 0.000000 0.000000 1.000000 0.000000
0.999996 0.002843 0.000000 62.590503 -0.002843 0.999996 0.000000 -1.118201 0.000000 0.000000 1.000000 0.000000
0.999992 0.003989 0.000000 63.224721 -0.003989 0.999992 0.000000 -1.135844 0.000000 0.000000 1.000000 0.000000
0.999987 0.005029 0.000000 63.829732 -0.005029 0.999987 0.000000 -1.152704 0.000000 0.000000 1.000000 0.000000
0.999984 0.005585 0.000000 64.461402 -0.005585 0.999984 0.000000 -1.176327 0.000000 0.000000 1.000000 0.000000
0.999980 0.006344 0.000000 65.046203 -0.006344 0.999980 0.000000 -1.198289 0.000000 0.000000 1.000000 0.000000
0.999978 0.006615 0.000000 65.673925 -0.006615 0.999978 0.000000 -1.223730 0.000000 0.000000 1.000000 0.000000
0.999981 0.006143 0.000000 66.299723 -0.006143 0.999981 0.000000 -1.251875 0.000000 0.000000 1.000000 0.000000
0.999982 0.006066 0.000000 66.882093 -0.006066 0.999982 0.000000 -1.276189 0.000000 0.000000 1.000000 0.000000
0.999988 0.004992 0.000000 67.505742 -0.004992 0.999988 0.000000 -1.301910 0.000000 0.000000 1.000000 0.000000
0.999987 0.005047 0.000000 68.121667 -0.005047 0.999987 0.000000 -1.327110 0.000000 0.000000 1.000000 0.000000
0.999989 0.004623 0.000000 68.695048 -0.004623 0.999989 0.000000 -1.351781 0.000000 0.000000 1.000000 0.000000
0.999988 0.004973 0.000000 69.308845 -0.004973 0.999988 0.000000 -1.371793 0.000000 0.000000 1.000000 0.000000
0.999971 0.007633 0.000000 69.879371 -0.007633 0.999971 0.000000 -1.386288 0.000000 0.000000 1.000000 0.000000
0.999956 0.009391 0.000000 70.490117 -0.009391 0.999956 0.000000 -1.404656 0.000000 0.000000 1.000000 0.000000
0.999950 0.010047 0.000000 71.099752 -0.010047 0.999950 0.000000 -1.428212 0.000000 0.000000 1.000000 0.000000
0.999934 0.011459 0.000000 71.942175 -0.011459 0.999934 0.000000 -1.464032 0.000000 0.000000 1.000000 0.000000
0.999914 0.013133 0.000000 72.541409 -0.013133 0.999914 0.000000 -1.491161 0.000000 0.000000 1.000000 0.000000
0.999933 0.011589 0.000000 73.138872 -0.011589 0.999933 0.000000 -1.515029 0.000000 0.000000 1.000000 0.000000
0.999948 0.010151 0.000000 73.738580 -0.010151 0.999948 0.000000 -1.533944 0.000000 0.000000 1.000000 0.000000
0.999962 0.008711 0.000000 74.333391 -0.008711 0.999962 0.000000 -1.552050 0.000000 0.000000 1.000000 0.000000
0.999977 0.006762 0.000000 74.927685 -0.006762 0.999977 0.000000 -1.568698 0.000000 0.000000 1.000000 0.000000
0.999976 0.006889 0.000000 75.561135 -0.006889 0.999976 0.000000 -1.586105 0.000000 0.000000 1.000000 0.000000
0.999978 0.006567 0.000000 76.157518 -0.006567 0.999978 0.000000 -1.607108 0.000000 0.000000 1.000000 0.000000
0.999971 0.007565 0.000000 76.755424 -0.007565 0.999971 0.000000 -1.626828 0.000000 0.000000 1.000000 0.000000
0.999970 0.007697 0.000000 77.942502 -0.007697 0.999970 0.000000 -1.670886 0.000000 0.000000 1.000000 0.000000
0.999965 0.008361 0.000000 78.529172 -0.008361 0.999965 0.000000 -1.691594 0.000000 0.000000 1.000000 0.000000
0.999948 0.010157 0.000000 79.112638 -0.010157 0.999948 0.000000 -1.720441 0.000000 0.000000 1.000000 0.000000
0.999946 0.010391 0.000000 79.689726 -0.010391 0.999946 0.000000 -1.749034 0.000000 0.000000 1.000000 0.000000
0.999929 0.011911 0.000000 80.270784 -0.011911 0.999929 0.000000 -1.773656 0.000000 0.000000 1.000000 0.000000
0.999924 0.012330 0.000000 80.845528 -0.012330 0.999924 0.000000 -1.802898 0.000000 0.000000 1.000000 0.000000
0.999945 0.010533 0.000000 81.416899 -0.010533 0.999945 0.000000 -1.829764 0.000000 0.000000 1.000000 0.000000
0.999956 0.009385 0.000000 81.986082 -0.009385 0.999956 0.000000 -1.852482 0.000000 0.000000 1.000000 0.000000
0.999950 0.009950 0.000000 82.549662 -0.009950 0.999950 0.000000 -1.877680 0.000000 0.000000 1.000000 0.000000
0.999947 0.010251 0.000000 83.104839 -0.010251 0.999947 0.000000 -1.904245 0.000000 0.000000 1.000000 0.000000
0.999947 0.010263 0.000000 83.661623 -0.010263 0.999947 0.000000 -1.927402 0.000000 0.000000 1.000000 0.000000
0.999945 0.010501 0.000000 84.203393 -0.010501 0.999945 0.000000 -1.953682 0.000000 0.000000 1.000000 0.000000
0.999927 0.012099 0.000000 84.746201 -0.012099 0.999927 0.000000 -1.979809 0.000000 0.000000 1.000000 0.000000
0.999906 0.013690 0.000000 85.261015 -0.013690 0.999906 0.000000 -2.004870 0.000000 0.000000 1.000000 0.000000
0.999866 0.016381 0.000000 85.804621 -0.016381 0.999866 0.000000 -2.027713 0.000000 0.000000 1.000000 0.000000
0.999814 0.019289 0.000000 86.331546 -0.019289 0.999814 0.000000 -2.046887 0.000000 0.000000 1.000000 0.000000
0.999797 0.020140 0.000000 86.838401 -0.020140 0.999797 0.000000 -2.071351 0.000000 0.000000 1.000000 0.000000
0.999802 0.019875 0.000000 87.373338 -0.019875 0.999802 0.000000 -2.103740 0.000000 0.000000 1.000000 0.000000
0.999800 0.019987 0.000000 87.897734 -0.019987 0.999800 0.000000 -2.130266 0.000000 0.000000 1.000000 0.000000
0.999786 0.020693 0.000000 88.384231 -0.020693 0.999786 0.000000 -2.157867 0.000000 0.000000 1.000000 0.000000
0.999735 0.023020 0.000000 88.910959 -0.023020 0.999735 0.000000 -2.185470 0.000000 0.000000 1.000000 0.000000
0.999732 0.023170 0.000000 89.425341 -0.023170 0.999732 0.000000 -2.214995 0.000000 0.000000 1.000000 0.000000
0.999721 0.023618 0.000000 89.908845 -0.023618 0.999721 0.000000 -2.239594 0.000000 0.000000 1.000000 0.000000
0.999691 0.024841 0.000000 90.427661 -0.024841 0.999691 0.000000 -2.263443 0.000000 0.000000 1.000000 0.000000
0.999645 0.026661 0.000000 90.946734 -0.026661 0.999645 0.000000 -2.288302 0.000000 0.000000 1.000000 0.000000
0.999616 0.027718 0.000000 91.432090 -0.027718 0.999616 0.000000 -2.317582 0.000000 0.000000 1.000000 0.000000
0.999614 0.027773 0.000000 91.942008 -0.027773 0.999614 0.000000 -2.350459 0.000000 0.000000 1.000000 0.000000
0.999575 0.029161 0.000000 92.420880 -0.029161 0.999575 0.000000 -2.379713 0.000000 0.000000 1.000000 0.000000
0.999557 0.029746 0.000000 92.933357 -0.029746 0.999557 0.000000 -2.412874 0.000000 0.000000 1.000000 0.000000
0.999575 0.029139 0.000000 93.596738 -0.029139 0.999575 0.000000 -2.452660 0.000000 0.000000 1.000000 0.000000
0.999575 0.029152 0.000000 94.095651 -0.029152 0.999575 0.000000 -2.480667 0.000000 0.000000 1.000000 0.000000
0.999559 0.029689 0.000000 94.591947 -0.029689 0.999559 0.000000 -2.504920 0.000000 0.000000 1.000000 0.000000
0.999565 0.029482 0.000000 95.084574 -0.029482 0.999565 0.000000 -2.530664 0.000000 0.000000 1.000000 0.000000
0.999608 0.028011 0.000000 95.568687 -0.028011 0.999608 0.000000 -2.563760 0.000000 0.000000 1.000000 0.000000
0.999630 0.027188 0.000000 96.050183 -0.027188 0.999630 0.000000 -2.599874 0.000000 0.000000 1.000000 0.000000
0.999578 0.029052 0.000000 96.519515 -0.029052 0.999578 0.000000 -2.627603 0.000000 0.000000 1.000000 0.000000
0.999415 0.034194 0.000000 97.476263 -0.034194 0.999415 0.000000 -2.693783 0.000000 0.000000 1.000000 0.000000
0.999372 0.035440 0.000000 97.945089 -0.035440 0.999372 0.000000 -2.730605 0.000000 0.000000 1.000000 0.000000
0.999251 0.038703 0.000000 98.418839 -0.038703 0.999251 0.000000 -2.767048 0.000000 0.000000 1.000000 0.000000
0.999220 0.039494 0.000000 98.885526 -0.039494 0.999220 0.000000 -2.809785 0.000000 0.000000 1.000000 0.000000
0.999118 0.041990 0.000000 99.359174 -0.041990 0.999118 0.000000 -2.847879 0.000000 0.000000 1.000000 0.000000
0.999057 0.043427 0.000000 99.822527 -0.043427 0.999057 0.000000 -2.889734 0.000000 0.000000 1.000000 0.000000
0.998942 0.045994 0.000000 100.287794 -0.045994 0.998942 0.000000 -2.930934 0.000000 0.000000 1.000000 0.000000
0.998715 0.050681 0.000000 100.751555 -0.050681 0.998715 0.000000 -2.964710 0.000000 0.000000 1.000000 0.000000
0.998585 0.053182 0.000000 101.209891 -0.053182 0.998585 0.000000 -3.004773 0.000000 0.000000 1.000000 0.000000
0.998458 0.055504 0.000000 101.668579 -0.055504 0.998458 0.000000 -3.046931 0.000000 0.000000 1.000000 0.000000
0.998362 0.057208 0.000000 102.094991 -0.057208 0.998362 0.000000 -3.089321 0.000000 0.000000 1.000000 0.000000
0.998297 0.058329 0.000000 102.545106 -0.058329 0.998297 0.000000 -3.132648 0.000000 0.000000 1.000000 0.000000
0.998279 0.058647 0.000000 102.984473 -0.058647 0.998279 0.000000 -3.180385 0.000000 0.000000 1.000000 0.000000
0.998132 0.061087 0.000000 103.421557 -0.061087 0.998132 0.000000 -3.225057 0.000000 0.000000 1.000000 0.000000
0.998016 0.062954 0.000000 103.849131 -0.062954 0.998016 0.000000 -3.264501 0.000000 0.000000 1.000000 0.000000
0.997715 0.067563 0.000000 104.276607 -0.067563 0.997715 0.000000 -3.301709 0.000000 0.000000 1.000000 0.000000
0.997380 0.072335 0.000000 104.696055 -0.072335 0.997380 0.000000 -3.336633 0.000000 0.000000 1.000000 0.000000
0.997220 0.074512 0.000000 105.108477 -0.074512 0.997220 0.000000 -3.376480 0.000000 0.000000 1.000000 0.000000
0.997316 0.073217 0.000000 105.519904 -0.073217 0.997316 0.000000 -3.423581 0.000000 0.000000 1.000000 0.000000
0.997244 0.074197 0.000000 105.941724 -0.074197 0.997244 0.000000 -3.466207 0.000000 0.000000 1.000000 0.000000
0.997215 0.074582 0.000000 106.335552 -0.074582 0.997215 0.000000 -3.511192 0.000000 0.000000 1.000000 0.000000
0.996979 0.077677 0.000000 106.738677 -0.077677 0.996979 0.000000 -3.551908 0.000000 0.000000 1.000000 0.000000
0.996598 0.082420 0.000000 107.122927 -0.082420 0.996598 0.000000 -3.589728 0.000000 0.000000 1.000000 0.000000
0.996443 0.084272 0.000000 107.520448 -0.084272 0.996443 0.000000 -3.639335 0.000000 0.000000 1.000000 0.000000
0.996317 0.085750 0.000000 107.911939 -0.085750 0.996317 0.000000 -3.682114 0.000000 0.000000 1.000000 0.000000
0.996061 0.088667 0.000000 108.286290 -0.088667 0.996061 0.000000 -3.723992 0.000000 0.000000 1.000000 0.000000
0.995689 0.092759 0.000000 108.700354 -0.092759 0.995689 0.000000 -3.769267 0.000000 0.000000 1.000000 0.000000
0.995346 0.096365 0.000000 109.097822 -0.096365 0.995346 0.000000 -3.815689 0.000000 0.000000 1.000000 0.000000
0.995017 0.099704 0.000000 109.661546 -0.099704 0.995017 0.000000 -3.892403 0.000000 0.000000 1.000000 0.000000
0.994840 0.101456 0.000000 110.072978 -0.101456 0.994840 0.000000 -3.950446 0.000000 0.000000 1.000000 0.000000
0.994637 0.103427 0.000000 110.484799 -0.103427 0.994637 0.000000 -4.006044 0.000000 0.000000 1.000000 0.000000
0.994407 0.105614 0.000000 110.900864 -0.105614 0.994407 0.000000 -4.069544 0.000000 0.000000 1.000000 0.000000
0.994248 0.107100 0.000000 111.321520 -0.107100 0.994248 0.000000 -4.125414 0.000000 0.000000 1.000000 0.000000
0.994224 0.107325 0.000000 111.740888 -0.107325 0.994224 0.000000 -4.184312 0.000000 0.000000 1.000000 0.000000
0.994015 0.109248 0.000000 112.160716 -0.109248 0.994015 0.000000 -4.243915 0.000000 0.000000 1.000000 0.000000
0.993444 0.114316 0.000000 112.583417 -0.114316 0.993444 0.000000 -4.300633 0.000000 0.000000 1.000000 0.000000
0.993021 0.117939 0.000000 113.311797 -0.117939 0.993021 0.000000 -4.419718 0.000000 0.000000 1.000000 0.000000
0.993111 0.117175 0.000000 113.735036 -0.117175 0.993111 0.000000 -4.488751 0.000000 0.000000 1.000000 0.000000
0.993004 0.118085 0.000000 114.173129 -0.118085 0.993004 0.000000 -4.553523 0.000000 0.000000 1.000000 0.000000
0.993078 0.117457 0.000000 114.603722 -0.117457 0.993078 0.000000 -4.614626 0.000000 0.000000 1.000000 0.000000
0.992903 0.118927 0.000000 115.043977 -0.118927 0.992903 0.000000 -4.665227 0.000000 0.000000 1.000000 0.000000
0.992680 0.120778 0.000000 115.480625 -0.120778 0.992680 0.000000 -4.722697 0.000000 0.000000 1.000000 0.000000
0.992757 0.120136 0.000000 115.921932 -0.120136 0.992757 0.000000 -4.784481 0.000000 0.000000 1.000000 0.000000
0.992745 0.120239 0.000000 116.366149 -0.120239 0.992745 0.000000 -4.848917 0.000000 0.000000 1.000000 0.000000
0.992717 0.120467 0.000000 116.803961 -0.120467 0.992717 0.000000 -4.916155 0.000000 0.000000 1.000000 0.000000
0.992368 0.123309 0.000000 117.249492 -0.123309 0.992368 0.000000 -4.985086 0.000000 0.000000 1.000000 0.000000
0.992214 0.124543 0.000000 117.695250 -0.124543 0.992214 0.000000 -5.055461 0.000000 0.000000 1.000000 0.000000
0.992273 0.124073 0.000000 118.517632 -0.124073 0.992273 0.000000 -5.183449 0.000000 0.000000 1.000000 0.000000
0.992059 0.125771 0.000000 118.973559 -0.125771 0.992059 0.000000 -5.249357 0.000000 0.000000 1.000000 0.000000
0.991886 0.127127 0.000000 119.424734 -0.127127 0.991886 0.000000 -5.323721 0.000000 0.000000 1.000000 0.000000
0.991664 0.128855 0.000000 119.882262 -0.128855 0.991664 0.000000 -5.402614 0.000000 0.000000 1.000000 0.000000
0.991480 0.130256 0.000000 120.340107 -0.130256 0.991480 0.000000 -5.481518 0.000000 0.000000 1.000000 0.000000
0.991343 0.131301 0.000000 120.800205 -0.131301 0.991343 0.000000 -5.562482 0.000000 0.000000 1.000000 0.000000
0.990800 0.135332 0.000000 121.265668 -0.135332 0.990800 0.000000 -5.637785 0.000000 0.000000 1.000000 0.000000
0.990165 0.139906 0.000000 121.734042 -0.139906 0.990165 0.000000 -5.714308 0.000000 0.000000 1.000000 0.000000
0.989510 0.144466 0.000000 122.237135 -0.144466 0.989510 0.000000 -5.799637 0.000000 0.000000 1.000000 0.000000
0.989374 0.145395 0.000000 122.679674 -0.145395 0.989374 0.000000 -5.881195 0.000000 0.000000 1.000000 0.000000
0.989141 0.146970 0.000000 123.184404 -0.146970 0.989141 0.000000 -5.976714 0.000000 0.000000 1.000000 0.000000
0.988997 0.147935 0.000000 123.656869 -0.147935 0.988997 0.000000 -6.064354 0.000000 0.000000 1.000000 0.000000
0.989240 0.146298 0.000000 124.119631 -0.146298 0.989240 0.000000 -6.158565 0.000000 0.000000 1.000000 0.000000
0.989236 0.146329 0.000000 124.588263 -0.146329 0.989236 0.000000 -6.247694 0.000000 0.000000 1.000000 0.000000
0.988954 0.148223 0.000000 125.060951 -0.148223 0.988954 0.000000 -6.333619 0.000000 0.000000 1.000000 0.000000
0.988402 0.151859 0.000000 125.531426 -0.151859 0.988402 0.000000 -6.416525 0.000000 0.000000 1.000000 0.000000
0.987468 0.157817 0.000000 126.008134 -0.157817 0.987468 0.000000 -6.501142 0.000000 0.000000 1.000000 0.000000
0.986860 0.161575 0.000000 126.484721 -0.161575 0.986860 0.000000 -6.590091 0.000000 0.000000 1.000000 0.000000
0.986619 0.163044 0.000000 126.936753 -0.163044 0.986619 0.000000 -6.674610 0.000000 0.000000 1.000000 0.000000
0.986105 0.166123 0.000000 127.420521 -0.166123 0.986105 0.000000 -6.765372 0.000000 0.000000 1.000000 0.000000
0.985851 0.167625 0.000000 127.899739 -0.167625 0.985851 0.000000 -6.859575 0.000000 0.000000 1.000000 0.000000
0.985659 0.168751 0.000000 128.687730 -0.168751 0.985659 0.000000 -7.014197 0.000000 0.000000 1.000000 0.000000
0.986126 0.165998 0.000000 129.169615 -0.165998 0.986126 0.000000 -7.112561 0.000000 0.000000 1.000000 0.000000
0.987707 0.156316 0.000000 130.144301 -0.156316 0.987707 0.000000 -7.324276 0.000000 0.000000 1.000000 0.000000
0.988295 0.152553 0.000000 130.631321 -0.152553 0.988295 0.000000 -7.423693 0.000000 0.000000 1.000000 0.000000
0.988469 0.151421 0.000000 131.127612 -0.151421 0.988469 0.000000 -7.516575 0.000000 0.000000 1.000000 0.000000
0.988800 0.149245 0.000000 131.627250 -0.149245 0.988800 0.000000 -7.613018 0.000000 0.000000 1.000000 0.000000
0.988768 0.149459 0.000000 132.132688 -0.149459 0.988768 0.000000 -7.697448 0.000000 0.000000 1.000000 0.000000
0.988572 0.150747 0.000000 132.627839 -0.150747 0.988572 0.000000 -7.787528 0.000000 0.000000 1.000000 0.000000
0.988888 0.148664 0.000000 133.172379 -0.148664 0.988888 0.000000 -7.876999 0.000000 0.000000 1.000000 0.000000
0.988631 0.150365 0.000000 133.660791 -0.150365 0.988631 0.000000 -7.960398 0.000000 0.000000 1.000000 0.000000
0.988472 0.151403 0.000000 134.175105 -0.151403 0.988472 0.000000 -8.045097 0.000000 0.000000 1.000000 0.000000
0.988482 0.151340 0.000000 134.691687 -0.151340 0.988482 0.000000 -8.135526 0.000000 0.000000 1.000000 0.000000
0.988496 0.151246 0.000000 135.173728 -0.151246 0.988496 0.000000 -8.220389 0.000000 0.000000 1.000000 0.000000
0.988581 0.150689 0.000000 135.686169 -0.150689 0.988581 0.000000 -8.315229 0.000000 0.000000 1.000000 0.000000
0.988300 0.152521 0.000000 136.213735 -0.152521 0.988300 0.000000 -8.403261 0.000000 0.000000 1.000000 0.000000
0.988433 0.151661 0.000000 136.698485 -0.151661 0.988433 0.000000 -8.490020 0.000000 0.000000 1.000000 0.000000
0.988529 0.151031 0.000000 137.219244 -0.151031 0.988529 0.000000 -8.574198 0.000000 0.000000 1.000000 0.000000
0.988029 0.154271 0.000000 137.754347 -0.154271 0.988029 0.000000 -8.662446 0.000000 0.000000 1.000000 0.000000
0.987653 0.156657 0.000000 138.384438 -0.156657 0.987653 0.000000 -8.768003 0.000000 0.000000 1.000000 0.000000
0.996222 0.086841 0.000000 135.584178 -0.086841 0.996222 0.000000 -7.356640 0.000000 0.000000 1.000000 0.000000
0.995805 0.091498 0.000000 136.081618 -0.091498 0.995805 0.000000 -7.425664 0.000000 0.000000 1.000000 0.000000
0.995557 0.094165 0.000000 136.618148 -0.094165 0.995557 0.000000 -7.484375 0.000000 0.000000 1.000000 0.000000
0.995230 0.097554 0.000000 137.163527 -0.097554 0.995230 0.000000 -7.551358 0.000000 0.000000 1.000000 0.000000
0.995156 0.098309 0.000000 137.709801 -0.098309 0.995156 0.000000 -7.620051 0.000000 0.000000 1.000000 0.000000
0.994768 0.102160 0.000000 141.582901 -0.102160 0.994768 0.000000 -8.100955 0.000000 0.000000 1.000000 0.000000
0.995103 0.098839 0.000000 142.103405 -0.098839 0.995103 0.000000 -8.174779 0.000000 0.000000 1.000000 0.000000
0.996049 0.088803 0.000000 143.270428 -0.088803 0.996049 0.000000 -8.324816 0.000000 0.000000 1.000000 0.000000
0.995747 0.092127 0.000000 144.403972 -0.092127 0.995747 0.000000 -8.468318 0.000000 0.000000 1.000000 0.000000
0.995642 0.093261 0.000000 144.972944 -0.093261 0.995642 0.000000 -8.540576 0.000000 0.000000 1.000000 0.000000
0.995629 0.093397 0.000000 145.549040 -0.093397 0.995629 0.000000 -8.619497 0.000000 0.000000 1.000000 0.000000
0.995684 0.092811 0.000000 146.124009 -0.092811 0.995684 0.000000 -8.701104 0.000000 0.000000 1.000000 0.000000
0.995950 0.089907 0.000000 146.705010 -0.089907 0.995950 0.000000 -8.784537 0.000000 0.000000 1.000000 0.000000
0.995926 0.090170 0.000000 147.283833 -0.090170 0.995926 0.000000 -8.853754 0.000000 0.000000 1.000000 0.000000
0.995773 0.091853 0.000000 147.863615 -0.091853 0.995773 0.000000 -8.922825 0.000000 0.000000 1.000000 0.000000
0.995826 0.091267 0.000000 148.445969 -0.091267 0.995826 0.000000 -9.003853 0.000000 0.000000 1.000000 0.000000
0.995811 0.091441 0.000000 149.027375 -0.091441 0.995811 0.000000 -9.082790 0.000000 0.000000 1.000000 0.000000
0.995324 0.096594 0.000000 149.956605 -0.096594 0.995324 0.000000 -9.200389 0.000000 0.000000 1.000000 0.000000
0.995204 0.097821 0.000000 150.539778 -0.097821 0.995204 0.000000 -9.289230 0.000000 0.000000 1.000000 0.000000
0.995021 0.099666 0.000000 151.111243 -0.099666 0.995021 0.000000 -9.368598 0.000000 0.000000 1.000000 0.000000
0.994571 0.104059 0.000000 151.695579 -0.104059 0.994571 0.000000 -9.443679 0.000000 0.000000 1.000000 0.000000
0.994033 0.109079 0.000000 152.317795 -0.109079 0.994033 0.000000 -9.525515 0.000000 0.000000 1.000000 0.000000
0.993791 0.111265 0.000000 152.852214 -0.111265 0.993791 0.000000 -9.603848 0.000000 0.000000 1.000000 0.000000
0.993635 0.112647 0.000000 153.466482 -0.112647 0.993635 0.000000 -9.701803 0.000000 0.000000 1.000000 0.000000
0.993549 0.113400 0.000000 154.041338 -0.113400 0.993549 0.000000 -9.785940 0.000000 0.000000 1.000000 0.000000
0.993372 0.114944 0.000000 154.628002 -0.114944 0.993372 0.000000 -9.861988 0.000000 0.000000 1.000000 0.000000
0.993055 0.117649 0.000000 155.206005 -0.117649 0.993055 0.000000 -9.934958 0.000000 0.000000 1.000000 0.000000
0.993108 0.117202 0.000000 155.781368 -0.117202 0.993108 0.000000 -10.017069 0.000000 0.000000 1.000000 0.000000
0.993085 0.117394 0.000000 156.358113 -0.117394 0.993085 0.000000 -10.096127 0.000000 0.000000 1.000000 0.000000
0.992927 0.118724 0.000000 156.932504 -0.118724 0.992927 0.000000 -10.170926 0.000000 0.000000 1.000000 0.000000
0.992930 0.118699 0.000000 157.509544 -0.118699 0.992930 0.000000 -10.251763 0.000000 0.000000 1.000000 0.000000
0.992716 0.120475 0.000000 158.097060 -0.120475 0.992716 0.000000 -10.331101 0.000000 0.000000 1.000000 0.000000
0.992465 0.122530 0.000000 158.678705 -0.122530 0.992465 0.000000 -10.412954 0.000000 0.000000 1.000000 0.000000
0.992029 0.126013 0.000000 159.831386 -0.126013 0.992029 0.000000 -10.578530 0.000000 0.000000 1.000000 0.000000
0.992180 0.124815 0.000000 160.405197 -0.124815 0.992180 0.000000 -10.673012 0.000000 0.000000 1.000000 0.000000
0.991924 0.126830 0.000000 160.945631 -0.126830 0.991924 0.000000 -10.748479 0.000000 0.000000 1.000000 0.000000
0.991441 0.130555 0.000000 161.538327 -0.130555 0.991441 0.000000 -10.831025 0.000000 0.000000 1.000000 0.000000
0.991438 0.130578 0.000000 162.100766 -0.130578 0.991438 0.000000 -10.918141 0.000000 0.000000 1.000000 0.000000
0.991520 0.129953 0.000000 163.219618 -0.129953 0.991520 0.000000 -11.090857 0.000000 0.000000 1.000000 0.000000
0.991464 0.130380 0.000000 163.785575 -0.130380 0.991464 0.000000 -11.181032 0.000000 0.000000 1.000000 0.000000
0.991274 0.131814 0.000000 164.326258 -0.131814 0.991274 0.000000 -11.263425 0.000000 0.000000 1.000000 0.000000
0.991336 0.131354 0.000000 164.895846 -0.131354 0.991336 0.000000 -11.351321 0.000000 0.000000 1.000000 0.000000
0.991177 0.132547 0.000000 165.472267 -0.132547 0.991177 0.000000 -11.435974 0.000000 0.000000 1.000000 0.000000
0.990719 0.135924 0.000000 166.006212 -0.135924 0.990719 0.000000 -11.507101 0.000000 0.000000 1.000000 0.000000
0.990177 0.139817 0.000000 166.775236 -0.139817 0.990177 0.000000 -11.614280 0.000000 0.000000 1.000000 0.000000
0.989740 0.142881 0.000000 167.349011 -0.142881 0.989740 0.000000 -11.696556 0.000000 0.000000 1.000000 0.000000
0.989005 0.147882 0.000000 167.920632 -0.147882 0.989005 0.000000 -11.777070 0.000000 0.000000 1.000000 0.000000
0.988655 0.150203 0.000000 168.530611 -0.150203 0.988655 0.000000 -11.873972 0.000000 0.000000 1.000000 0.000000
0.988854 0.148887 0.000000 169.077087 -0.148887 0.988854 0.000000 -11.970802 0.000000 0.000000 1.000000 0.000000
0.988627 0.150390 0.000000 169.691969 -0.150390 0.988627 0.000000 -12.075644 0.000000 0.000000 1.000000 0.000000
0.988524 0.151061 0.000000 170.268458 -0.151061 0.988524 0.000000 -12.174004 0.000000 0.000000 1.000000 0.000000
0.988150 0.153491 0.000000 170.852986 -0.153491 0.988150 0.000000 -12.265720 0.000000 0.000000 1.000000 0.000000
0.987969 0.154654 0.000000 171.440299 -0.154654 0.987969 0.000000 -12.378277 0.000000 0.000000 1.000000 0.000000
0.988135 0.153590 0.000000 172.014350 -0.153590 0.988135 0.000000 -12.481967 0.000000 0.000000 1.000000 0.000000
0.988141 0.153546 0.000000 172.601011 -0.153546 0.988141 0.000000 -12.586580 0.000000 0.000000 1.000000 0.000000
0.988405 0.151839 0.000000 173.176437 -0.151839 0.988405 0.000000 -12.697756 0.000000 0.000000 1.000000 0.000000
0.989140 0.146980 0.000000 173.760736 -0.146980 0.989140 0.000000 -12.813266 0.000000 0.000000 1.000000 0.000000
0.989635 0.143608 0.000000 174.337151 -0.143608 0.989635 0.000000 -12.922509 0.000000 0.000000 1.000000 0.000000
0.989530 0.144329 0.000000 174.918402 -0.144329 0.989530 0.000000 -13.021195 0.000000 0.000000 1.000000 0.000000
0.989679 0.143303 0.000000 175.496675 -0.143303 0.989679 0.000000 -13.126349 0.000000 0.000000 1.000000 0.000000
0.989501 0.144526 0.000000 176.076539 -0.144526 0.989501 0.000000 -13.222444 0.000000 0.000000 1.000000 0.000000
0.989370 0.145422 0.000000 176.621193 -0.145422 0.989370 0.000000 -13.315428 0.000000 0.000000 1.000000 0.000000
0.989389 0.145293 0.000000 177.243240 -0.145293 0.989389 0.000000 -13.417596 0.000000 0.000000 1.000000 0.000000
0.989381 0.145347 0.000000 177.782505 -0.145347 0.989381 0.000000 -13.509599 0.000000 0.000000 1.000000 0.000000
0.989044 0.147618 0.000000 178.366187 -0.147618 0.989044 0.000000 -13.605106 0.000000 0.000000 1.000000 0.000000
0.988588 0.150643 0.000000 178.953398 -0.150643 0.988588 0.000000 -13.702587 0.000000 0.000000 1.000000 0.000000
0.987724 0.156207 0.000000 179.537439 -0.156207 0.987724 0.000000 -13.799300 0.000000 0.000000 1.000000 0.000000
0.987167 0.159694 0.000000 180.124207 -0.159694 0.987167 0.000000 -13.904804 0.000000 0.000000 1.000000 0.000000
0.987069 0.160297 0.000000 180.705033 -0.160297 0.987069 0.000000 -14.010651 0.000000 0.000000 1.000000 0.000000
0.986940 0.161089 0.000000 181.286733 -0.161089 0.986940 0.000000 -14.117831 0.000000 0.000000 1.000000 0.000000
0.986635 0.162946 0.000000 181.870792 -0.162946 0.986635 0.000000 -14.221606 0.000000 0.000000 1.000000 0.000000
0.986196 0.165584 0.000000 182.458338 -0.165584 0.986196 0.000000 -14.326788 0.000000 0.000000 1.000000 0.000000
0.986200 0.165561 0.000000 183.048934 -0.165561 0.986200 0.000000 -14.440791 0.000000 0.000000 1.000000 0.000000
0.986324 0.164820 0.000000 183.629432 -0.164820 0.986324 0.000000 -14.554134 0.000000 0.000000 1.000000 0.000000
0.985813 0.167846 0.000000 184.211767 -0.167846 0.985813 0.000000 -14.662462 0.000000 0.000000 1.000000 0.000000
0.985438 0.170038 0.000000 184.793956 -0.170038 0.985438 0.000000 -14.771215 0.000000 0.000000 1.000000 0.000000
0.985356 0.170511 0.000000 185.346094 -0.170511 0.985356 0.000000 -14.879140 0.000000 0.000000 1.000000 0.000000
0.984926 0.172977 0.000000 185.930055 -0.172977 0.984926 0.000000 -14.989896 0.000000 0.000000 1.000000 0.000000
0.984610 0.174766 0.000000 186.513752 -0.174766 0.984610 0.000000 -15.107281 0.000000 0.000000 1.000000 0.000000
0.984906 0.173090 0.000000 187.069418 -0.173090 0.984906 0.000000 -15.221895 0.000000 0.000000 1.000000 0.000000
0.984816 0.173599 0.000000 187.644473 -0.173599 0.984816 0.000000 -15.332976 0.000000 0.000000 1.000000 0.000000
0.984839 0.173470 0.000000 188.227814 -0.173470 0.984839 0.000000 -15.456340 0.000000 0.000000 1.000000 0.000000
0.984932 0.172940 0.000000 188.775729 -0.172940 0.984932 0.000000 -15.570711 0.000000 0.000000 1.000000 0.000000
0.984423 0.175813 0.000000 189.345455 -0.175813 0.984423 0.000000 -15.684811 0.000000 0.000000 1.000000 0.000000
0.984125 0.177478 0.000000 189.924108 -0.177478 0.984125 0.000000 -15.798674 0.000000 0.000000 1.000000 0.000000
0.983882 0.178818 0.000000 190.467385 -0.178818 0.983882 0.000000 -15.908574 0.000000 0.000000 1.000000 0.000000
0.983485 0.180990 0.000000 191.043085 -0.180990 0.983485 0.000000 -16.027299 0.000000 0.000000 1.000000 0.000000
0.983092 0.183111 0.000000 191.608174 -0.183111 0.983092 0.000000 -16.149598 0.000000 0.000000 1.000000 0.000000
0.982421 0.186680 0.000000 192.436238 -0.186680 0.982421 0.000000 -16.322772 0.000000 0.000000 1.000000 0.000000
0.981845 0.189686 0.000000 193.000383 -0.189686 0.981845 0.000000 -16.438057 0.000000 0.000000 1.000000 0.000000
0.981725 0.190307 0.000000 193.576827 -0.190307 0.981725 0.000000 -16.557699 0.000000 0.000000 1.000000 0.000000
0.981558 0.191167 0.000000 194.146222 -0.191167 0.981558 0.000000 -16.677135 0.000000 0.000000 1.000000 0.000000
0.981679 0.190542 0.000000 194.713764 -0.190542 0.981679 0.000000 -16.796109 0.000000 0.000000 1.000000 0.000000
0.982140 0.188150 0.000000 195.285767 -0.188150 0.982140 0.000000 -16.918671 0.000000 0.000000 1.000000 0.000000
0.982246 0.187597 0.000000 195.851804 -0.187597 0.982246 0.000000 -17.038933 0.000000 0.000000 1.000000 0.000000
0.982219 0.187737 0.000000 196.435100 -0.187737 0.982219 0.000000 -17.164665 0.000000 0.000000 1.000000 0.000000
0.982051 0.188618 0.000000 196.942857 -0.188618 0.982051 0.000000 -17.271915 0.000000 0.000000 1.000000 0.000000
0.981834 0.189744 0.000000 197.935171 -0.189744 0.981834 0.000000 -17.479283 0.000000 0.000000 1.000000 0.000000
0.981624 0.190823 0.000000 198.506286 -0.190823 0.981624 0.000000 -17.600693 0.000000 0.000000 1.000000 0.000000
0.981232 0.192828 0.000000 199.220908 -0.192828 0.981232 0.000000 -17.758269 0.000000 0.000000 1.000000 0.000000
0.980756 0.195236 0.000000 199.938925 -0.195236 0.980756 0.000000 -17.918967 0.000000 0.000000 1.000000 0.000000
0.980647 0.195785 0.000000 200.909599 -0.195785 0.980647 0.000000 -18.136266 0.000000 0.000000 1.000000 0.000000
0.980752 0.195259 0.000000 201.472912 -0.195259 0.980752 0.000000 -18.263805 0.000000 0.000000 1.000000 0.000000
0.980718 0.195426 0.000000 202.047063 -0.195426 0.980718 0.000000 -18.391969 0.000000 0.000000 1.000000 0.000000
0.980493 0.196555 0.000000 202.609011 -0.196555 0.980493 0.000000 -18.516022 0.000000 0.000000 1.000000 0.000000
0.980878 0.194624 0.000000 203.137327 -0.194624 0.980878 0.000000 -18.640724 0.000000 0.000000 1.000000 0.000000
0.980834 0.194847 0.000000 203.710569 -0.194847 0.980834 0.000000 -18.766966 0.000000 0.000000 1.000000 0.000000
0.980651 0.195767 0.000000 204.270299 -0.195767 0.980651 0.000000 -18.899835 0.000000 0.000000 1.000000 0.000000
0.980921 0.194406 0.000000 205.069392 -0.194406 0.980921 0.000000 -19.085004 0.000000 0.000000 1.000000 0.000000
0.981047 0.193768 0.000000 205.634481 -0.193768 0.981047 0.000000 -19.209632 0.000000 0.000000 1.000000 0.000000
0.981020 0.193906 0.000000 206.198766 -0.193906 0.981020 0.000000 -19.336500 0.000000 0.000000 1.000000 0.000000
0.981613 0.190881 0.000000 206.755911 -0.190881 0.981613 0.000000 -19.467738 0.000000 0.000000 1.000000 0.000000
0.981997 0.188898 0.000000 207.351187 -0.188898 0.981997 0.000000 -19.595801 0.000000 0.000000 1.000000 0.000000
0.982001 0.188875 0.000000 207.876348 -0.188875 0.982001 0.000000 -19.713121 0.000000 0.000000 1.000000 0.000000
0.982269 0.187477 0.000000 208.475415 -0.187477 0.982269 0.000000 -19.849727 0.000000 0.000000 1.000000 0.000000
0.982354 0.187029 0.000000 209.002965 -0.187029 0.982354 0.000000 -19.966445 0.000000 0.000000 1.000000 0.000000
