0.999993 0.003699 0.000000 0.585482 -0.003699 0.999993 0.000000 -0.007206 0.000000 0.000000 1.000000 0.000000
0.999972 0.007500 0.000000 1.723693 -0.007500 0.999972 0.000000 -0.023031 0.000000 0.000000 1.000000 0.000000
0.999958 0.009204 0.000000 2.308411 -0.009204 0.999958 0.000000 -0.030043 0.000000 0.000000 1.000000 0.000000
0.999945 0.010478 0.000000 3.112702 -0.010478 0.999945 0.000000 -0.039245 0.000000 0.000000 1.000000 0.000000
0.999937 0.011214 0.000000 3.689310 -0.011214 0.999937 0.000000 -0.047625 0.000000 0.000000 1.000000 0.000000
0.999928 0.012040 0.000000 4.274577 -0.012040 0.999928 0.000000 -0.055286 0.000000 0.000000 1.000000 0.000000
0.999915 0.013056 0.000000 4.860230 -0.013056 0.999915 0.000000 -0.069110 0.000000 0.000000 1.000000 0.000000
0.999904 0.013826 0.000000 5.410390 -0.013826 0.999904 0.000000 -0.087819 0.000000 0.000000 1.000000 0.000000
0.999887 0.015013 0.000000 5.995463 -0.015013 0.999887 0.000000 -0.101853 0.000000 0.000000 1.000000 0.000000
0.999884 0.015241 0.000000 6.539875 -0.015241 0.999884 0.000000 -0.110282 0.000000 0.000000 1.000000 0.000000
0.999854 0.017063 0.000000 7.116150 -0.017063 0.999854 0.000000 -0.116351 0.000000 0.000000 1.000000 0.000000
0.999847 0.017482 0.000000 7.674136 -0.017482 0.999847 0.000000 -0.129880 0.000000 0.000000 1.000000 0.000000
0.999818 0.019090 0.000000 8.240459 -0.019090 0.999818 0.000000 -0.142514 0.000000 0.000000 1.000000 0.000000
0.999781 0.020918 0.000000 8.819759 -0.020918 0.999781 0.000000 -0.155035 0.000000 0.000000 1.000000 0.000000
0.999742 0.022716 0.000000 9.570126 -0.022716 0.999742 0.000000 -0.178013 0.000000 0.000000 1.000000 0.000000
0.999721 0.023604 0.000000 10.189390 -0.023604 0.999721 0.000000 -0.195720 0.000000 0.000000 1.000000 0.000000
0.999677 0.025413 0.000000 10.729975 -0.025413 0.999677 0.000000 -0.205051 0.000000 0.000000 1.000000 0.000000
0.999627 0.027313 0.000000 11.344735 -0.027313 0.999627 0.000000 -0.214962 0.000000 0.000000 1.000000 0.000000
0.999597 0.028383 0.000000 11.924107 -0.028383 0.999597 0.000000 -0.232881 0.000000 0.000000 1.000000 0.000000
0.999481 0.032202 0.000000 12.500683 -0.032202 0.999481 0.000000 -0.245990 0.000000 0.000000 1.000000 0.000000
0.999413 0.034249 0.000000 13.078782 -0.034249 0.999413 0.000000 -0.267963 0.000000 0.000000 1.000000 0.000000
0.999320 0.036872 0.000000 13.657053 -0.036872 0.999320 0.000000 -0.288666 0.000000 0.000000 1.000000 0.000000
0.999271 0.038166 0.000000 14.231309 -0.038166 0.999271 0.000000 -0.315157 0.000000 0.000000 1.000000 0.000000
0.999183 0.040411 0.000000 14.811147 -0.040411 0.999183 0.000000 -0.341082 0.000000 0.000000 1.000000 0.000000
0.999064 0.043245 0.000000 15.384546 -0.043245 0.999064 0.000000 -0.371571 0.000000 0.000000 1.000000 0.000000
0.999040 0.043810 0.000000 15.956782 -0.043810 0.999040 0.000000 -0.405368 0.000000 0.000000 1.000000 0.000000
0.998871 0.047502 0.000000 16.500733 -0.047502 0.998871 0.000000 -0.434815 0.000000 0.000000 1.000000 0.000000
0.998775 0.049479 0.000000 17.069145 -0.049479 0.998775 0.000000 -0.468975 0.000000 0.000000 1.000000 0.000000
0.998792 0.049145 0.000000 18.166506 -0.049145 0.998792 0.000000 -0.536782 0.000000 0.000000 1.000000 0.000000
0.998909 0.046694 0.000000 19.098019 -0.046694 0.998909 0.000000 -0.603980 0.000000 0.000000 1.000000 0.000000
0.998851 0.047924 0.000000 19.661591 -0.047924 0.998851 0.000000 -0.644432 0.000000 0.000000 1.000000 0.000000
0.998766 0.049656 0.000000 20.225198 -0.049656 0.998766 0.000000 -0.679215 0.000000 0.000000 1.000000 0.000000
0.998938 0.046072 0.000000 20.790351 -0.046072 0.998938 0.000000 -0.727239 0.000000 0.000000 1.000000 0.000000
0.999053 0.043521 0.000000 21.351707 -0.043521 0.999053 0.000000 -0.768222 0.000000 0.000000 1.000000 0.000000
0.998759 0.049798 0.000000 21.943437 -0.049798 0.998759 0.000000 -0.792458 0.000000 0.000000 1.000000 0.000000
0.998354 0.057351 0.000000 22.507015 -0.057351 0.998354 0.000000 -0.825861 0.000000 0.000000 1.000000 0.000000
0.998285 0.058538 0.000000 23.644970 -0.058538 0.998285 0.000000 -0.941075 0.000000 0.000000 1.000000 0.000000
0.998179 0.060316 0.000000 24.203245 -0.060316 0.998179 0.000000 -0.992444 0.000000 0.000000 1.000000 0.000000
0.998189 0.060162 0.000000 24.769366 -0.060162 0.998189 0.000000 -1.047354 0.000000 0.000000 1.000000 0.000000
0.998289 0.058476 0.000000 25.295854 -0.058476 0.998289 0.000000 -1.096939 0.000000 0.000000 1.000000 0.000000
0.998155 0.060720 0.000000 25.854611 -0.060720 0.998155 0.000000 -1.136020 0.000000 0.000000 1.000000 0.000000
0.998096 0.061687 0.000000 26.752988 -0.061687 0.998096 0.000000 -1.208742 0.000000 0.000000 1.000000 0.000000
0.998048 0.062446 0.000000 27.350719 -0.062446 0.998048 0.000000 -1.254224 0.000000 0.000000 1.000000 0.000000
0.998087 0.061817 0.000000 27.911486 -0.061817 0.998087 0.000000 -1.298430 0.000000 0.000000 1.000000 0.000000
0.998027 0.062793 0.000000 28.472161 -0.062793 0.998027 0.000000 -1.340912 0.000000 0.000000 1.000000 0.000000
0.998030 0.062742 0.000000 29.036857 -0.062742 0.998030 0.000000 -1.389014 0.000000 0.000000 1.000000 0.000000
0.997907 0.064660 0.000000 29.599182 -0.064660 0.997907 0.000000 -1.433037 0.000000 0.000000 1.000000 0.000000
0.997969 0.063705 0.000000 30.157348 -0.063705 0.997969 0.000000 -1.485289 0.000000 0.000000 1.000000 0.000000
0.997924 0.064410 0.000000 30.732416 -0.064410 0.997924 0.000000 -1.525782 0.000000 0.000000 1.000000 0.000000
0.997840 0.065698 0.000000 31.293665 -0.065698 0.997840 0.000000 -1.569201 0.000000 0.000000 1.000000 0.000000
0.997751 0.067028 0.000000 31.821496 -0.067028 0.997751 0.000000 -1.610622 0.000000 0.000000 1.000000 0.000000
0.997319 0.073171 0.000000 32.766850 -0.073171 0.997319 0.000000 -1.688508 0.000000 0.000000 1.000000 0.000000
0.997123 0.075803 0.000000 33.328271 -0.075803 0.997123 0.000000 -1.735959 0.000000 0.000000 1.000000 0.000000
0.997066 0.076544 0.000000 33.888703 -0.076544 0.997066 0.000000 -1.782828 0.000000 0.000000 1.000000 0.000000
0.996878 0.078953 0.000000 34.447748 -0.078953 0.996878 0.000000 -1.824133 0.000000 0.000000 1.000000 0.000000
0.996811 0.079800 0.000000 35.005610 -0.079800 0.996811 0.000000 -1.875838 0.000000 0.000000 1.000000 0.000000
0.996727 0.080842 0.000000 35.564437 -0.080842 0.996727 0.000000 -1.926110 0.000000 0.000000 1.000000 0.000000
0.996717 0.080960 0.000000 36.157082 -0.080960 0.996717 0.000000 -1.979875 0.000000 0.000000 1.000000 0.000000
0.996768 0.080335 0.000000 36.680592 -0.080335 0.996768 0.000000 -2.025517 0.000000 0.000000 1.000000 0.000000
0.996861 0.079166 0.000000 37.231798 -0.079166 0.996861 0.000000 -2.074983 0.000000 0.000000 1.000000 0.000000
0.996650 0.081780 0.000000 37.787942 -0.081780 0.996650 0.000000 -2.116368 0.000000 0.000000 1.000000 0.000000
0.996521 0.083340 0.000000 38.342902 -0.083340 0.996521 0.000000 -2.162109 0.000000 0.000000 1.000000 0.000000
0.996437 0.084344 0.000000 38.860747 -0.084344 0.996437 0.000000 -2.212097 0.000000 0.000000 1.000000 0.000000
0.996489 0.083722 0.000000 39.416239 -0.083722 0.996489 0.000000 -2.265808 0.000000 0.000000 1.000000 0.000000
0.996571 0.082745 0.000000 39.936502 -0.082745 0.996571 0.000000 -2.315996 0.000000 0.000000 1.000000 0.000000
0.996604 0.082349 0.000000 40.898510 -0.082349 0.996604 0.000000 -2.411699 0.000000 0.000000 1.000000 0.000000
0.996448 0.084213 0.000000 41.447295 -0.084213 0.996448 0.000000 -2.462379 0.000000 0.000000 1.000000 0.000000
0.996474 0.083902 0.000000 42.004281 -0.083902 0.996474 0.000000 -2.512233 0.000000 0.000000 1.000000 0.000000
0.995919 0.090252 0.000000 43.103747 -0.090252 0.995919 0.000000 -2.602735 0.000000 0.000000 1.000000 0.000000
0.995749 0.092108 0.000000 43.689475 -0.092108 0.995749 0.000000 -2.662278 0.000000 0.000000 1.000000 0.000000
0.995782 0.091747 0.000000 44.183547 -0.091747 0.995782 0.000000 -2.713099 0.000000 0.000000 1.000000 0.000000
0.995762 0.091973 0.000000 45.212639 -0.091973 0.995762 0.000000 -2.813475 0.000000 0.000000 1.000000 0.000000
0.995875 0.090731 0.000000 45.738878 -0.090731 0.995875 0.000000 -2.865917 0.000000 0.000000 1.000000 0.000000
0.995943 0.089989 0.000000 46.252110 -0.089989 0.995943 0.000000 -2.907597 0.000000 0.000000 1.000000 0.000000
0.995867 0.090828 0.000000 46.747988 -0.090828 0.995867 0.000000 -2.951076 0.000000 0.000000 1.000000 0.000000
0.995998 0.089372 0.000000 47.649086 -0.089372 0.995998 0.000000 -3.051306 0.000000 0.000000 1.000000 0.000000
0.995794 0.091616 0.000000 48.160574 -0.091616 0.995794 0.000000 -3.097257 0.000000 0.000000 1.000000 0.000000
0.995302 0.096819 0.000000 48.659434 -0.096819 0.995302 0.000000 -3.138772 0.000000 0.000000 1.000000 0.000000
0.995145 0.098415 0.000000 49.153196 -0.098415 0.995145 0.000000 -3.191731 0.000000 0.000000 1.000000 0.000000
0.995053 0.099342 0.000000 49.640124 -0.099342 0.995053 0.000000 -3.236266 0.000000 0.000000 1.000000 0.000000
0.994796 0.101886 0.000000 50.119682 -0.101886 0.994796 0.000000 -3.278424 0.000000 0.000000 1.000000 0.000000
0.994503 0.104704 0.000000 50.593142 -0.104704 0.994503 0.000000 -3.325471 0.000000 0.000000 1.000000 0.000000
0.994401 0.105670 0.000000 51.307020 -0.105670 0.994401 0.000000 -3.410189 0.000000 0.000000 1.000000 0.000000
0.994466 0.105055 0.000000 51.732822 -0.105055 0.994466 0.000000 -3.455576 0.000000 0.000000 1.000000 0.000000
0.994582 0.103950 0.000000 52.185283 -0.103950 0.994582 0.000000 -3.504174 0.000000 0.000000 1.000000 0.000000
0.994532 0.104436 0.000000 52.625327 -0.104436 0.994532 0.000000 -3.550325 0.000000 0.000000 1.000000 0.000000
0.994799 0.101860 0.000000 53.049416 -0.101860 0.994799 0.000000 -3.601591 0.000000 0.000000 1.000000 0.000000
0.994963 0.100241 0.000000 53.472514 -0.100241 0.994963 0.000000 -3.645363 0.000000 0.000000 1.000000 0.000000
0.994889 0.100970 0.000000 54.205000 -0.100970 0.994889 0.000000 -3.714528 0.000000 0.000000 1.000000 0.000000
0.994828 0.101570 0.000000 54.588208 -0.101570 0.994828 0.000000 -3.751046 0.000000 0.000000 1.000000 0.000000
0.994774 0.102102 0.000000 55.022422 -0.102102 0.994774 0.000000 -3.798517 0.000000 0.000000 1.000000 0.000000
0.994710 0.102720 0.000000 55.420015 -0.102720 0.994710 0.000000 -3.840397 0.000000 0.000000 1.000000 0.000000
0.994627 0.103527 0.000000 55.815208 -0.103527 0.994627 0.000000 -3.881667 0.000000 0.000000 1.000000 0.000000
0.994484 0.104884 0.000000 56.201647 -0.104884 0.994484 0.000000 -3.925386 0.000000 0.000000 1.000000 0.000000
0.994565 0.104118 0.000000 56.584481 -0.104118 0.994565 0.000000 -3.978612 0.000000 0.000000 1.000000 0.000000
0.994534 0.104413 0.000000 56.957183 -0.104413 0.994534 0.000000 -4.017171 0.000000 0.000000 1.000000 0.000000
0.994348 0.106168 0.000000 57.315555 -0.106168 0.994348 0.000000 -4.050046 0.000000 0.000000 1.000000 0.000000
0.994076 0.108688 0.000000 57.678436 -0.108688 0.994076 0.000000 -4.089909 0.000000 0.000000 1.000000 0.000000
0.993984 0.109524 0.000000 58.364687 -0.109524 0.993984 0.000000 -4.176798 0.000000 0.000000 1.000000 0.000000
0.993999 0.109392 0.000000 58.703974 -0.109392 0.993999 0.000000 -4.216157 0.000000 0.000000 1.000000 0.000000
0.994075 0.108699 0.000000 59.019251 -0.108699 0.994075 0.000000 -4.257195 0.000000 0.000000 1.000000 0.000000
0.993971 0.109645 0.000000 59.356656 -0.109645 0.993971 0.000000 -4.299638 0.000000 0.000000 1.000000 0.000000
0.993775 0.111409 0.000000 59.686800 -0.111409 0.993775 0.000000 -4.336438 0.000000 0.000000 1.000000 0.000000
0.993214 0.116302 0.000000 59.987187 -0.116302 0.993214 0.000000 -4.355030 0.000000 0.000000 1.000000 0.000000
0.992761 0.120110 0.000000 60.315559 -0.120110 0.992761 0.000000 -4.389908 0.000000 0.000000 1.000000 0.000000
0.992828 0.119548 0.000000 60.636935 -0.119548 0.992828 0.000000 -4.435925 0.000000 0.000000 1.000000 0.000000
0.992968 0.118380 0.000000 61.152186 -0.118380 0.992968 0.000000 -4.508956 0.000000 0.000000 1.000000 0.000000
0.992764 0.120082 0.000000 61.455166 -0.120082 0.992764 0.000000 -4.546410 0.000000 0.000000 1.000000 0.000000
0.992476 0.122439 0.000000 61.757369 -0.122439 0.992476 0.000000 -4.585379 0.000000 0.000000 1.000000 0.000000
0.992401 0.123043 0.000000 62.074238 -0.123043 0.992401 0.000000 -4.631223 0.000000 0.000000 1.000000 0.000000
0.992190 0.124735 0.000000 62.366026 -0.124735 0.992190 0.000000 -4.671884 0.000000 0.000000 1.000000 0.000000
0.992129 0.125224 0.000000 62.636632 -0.125224 0.992129 0.000000 -4.710960 0.000000 0.000000 1.000000 0.000000
0.991938 0.126721 0.000000 62.938581 -0.126721 0.991938 0.000000 -4.747995 0.000000 0.000000 1.000000 0.000000
0.991847 0.127436 0.000000 63.220244 -0.127436 0.991847 0.000000 -4.786425 0.000000 0.000000 1.000000 0.000000
0.991632 0.129096 0.000000 63.492422 -0.129096 0.991632 0.000000 -4.825966 0.000000 0.000000 1.000000 0.000000
0.991494 0.130149 0.000000 63.957003 -0.130149 0.991494 0.000000 -4.894079 0.000000 0.000000 1.000000 0.000000
0.991346 0.131272 0.000000 64.203176 -0.131272 0.991346 0.000000 -4.926048 0.000000 0.000000 1.000000 0.000000
0.991341 0.131311 0.000000 64.483440 -0.131311 0.991341 0.000000 -4.963859 0.000000 0.000000 1.000000 0.000000
0.991268 0.131862 0.000000 64.746310 -0.131862 0.991268 0.000000 -5.001912 0.000000 0.000000 1.000000 0.000000
0.991221 0.132215 0.000000 65.009644 -0.132215 0.991221 0.000000 -5.040894 0.000000 0.000000 1.000000 0.000000
0.991117 0.132992 0.000000 65.274522 -0.132992 0.991117 0.000000 -5.079362 0.000000 0.000000 1.000000 0.000000
0.991135 0.132862 0.000000 65.529247 -0.132862 0.991135 0.000000 -5.116009 0.000000 0.000000 1.000000 0.000000
0.990770 0.135555 0.000000 65.793846 -0.135555 0.990770 0.000000 -5.154268 0.000000 0.000000 1.000000 0.000000
0.990671 0.136277 0.000000 66.040413 -0.136277 0.990671 0.000000 -5.188156 0.000000 0.000000 1.000000 0.000000
0.990518 0.137380 0.000000 66.308729 -0.137380 0.990518 0.000000 -5.224719 0.000000 0.000000 1.000000 0.000000
0.990476 0.137684 0.000000 66.557212 -0.137684 0.990476 0.000000 -5.261144 0.000000 0.000000 1.000000 0.000000
0.990271 0.139154 0.000000 66.815261 -0.139154 0.990271 0.000000 -5.299318 0.000000 0.000000 1.000000 0.000000
0.990088 0.140451 0.000000 67.251373 -0.140451 0.990088 0.000000 -5.364117 0.000000 0.000000 1.000000 0.000000
0.990070 0.140579 0.000000 67.524028 -0.140579 0.990070 0.000000 -5.405606 0.000000 0.000000 1.000000 0.000000
0.989897 0.141787 0.000000 67.799877 -0.141787 0.989897 0.000000 -5.447484 0.000000 0.000000 1.000000 0.000000
0.989820 0.142323 0.000000 68.073754 -0.142323 0.989820 0.000000 -5.490409 0.000000 0.000000 1.000000 0.000000
0.989695 0.143191 0.000000 68.350641 -0.143191 0.989695 0.000000 -5.534145 0.000000 0.000000 1.000000 0.000000
0.989603 0.143826 0.000000 68.644190 -0.143826 0.989603 0.000000 -5.582588 0.000000 0.000000 1.000000 0.000000
0.989641 0.143562 0.000000 68.903468 -0.143562 0.989641 0.000000 -5.627255 0.000000 0.000000 1.000000 0.000000
0.989373 0.145399 0.000000 69.196089 -0.145399 0.989373 0.000000 -5.672663 0.000000 0.000000 1.000000 0.000000
0.989257 0.146190 0.000000 69.476487 -0.146190 0.989257 0.000000 -5.719325 0.000000 0.000000 1.000000 0.000000
0.989203 0.146549 0.000000 69.740961 -0.146549 0.989203 0.000000 -5.762626 0.000000 0.000000 1.000000 0.000000
0.988838 0.148998 0.000000 70.020554 -0.148998 0.988838 0.000000 -5.803750 0.000000 0.000000 1.000000 0.000000
0.988787 0.149331 0.000000 70.289200 -0.149331 0.988787 0.000000 -5.848975 0.000000 0.000000 1.000000 0.000000
0.987837 0.155490 0.000000 71.067867 -0.155490 0.987837 0.000000 -5.957273 0.000000 0.000000 1.000000 0.000000
0.987402 0.158232 0.000000 71.356262 -0.158232 0.987402 0.000000 -6.000098 0.000000 0.000000 1.000000 0.000000
0.987169 0.159682 0.000000 71.647842 -0.159682 0.987169 0.000000 -6.048260 0.000000 0.000000 1.000000 0.000000
0.987355 0.158522 0.000000 71.940708 -0.158522 0.987355 0.000000 -6.100279 0.000000 0.000000 1.000000 0.000000
0.987259 0.159121 0.000000 72.232761 -0.159121 0.987259 0.000000 -6.147884 0.000000 0.000000 1.000000 0.000000
0.986664 0.162769 0.000000 72.815724 -0.162769 0.986664 0.000000 -6.247710 0.000000 0.000000 1.000000 0.000000
0.986610 0.163098 0.000000 73.114362 -0.163098 0.986610 0.000000 -6.300673 0.000000 0.000000 1.000000 0.000000
0.986489 0.163827 0.000000 73.403538 -0.163827 0.986489 0.000000 -6.352599 0.000000 0.000000 1.000000 0.000000
0.985754 0.168194 0.000000 73.871570 -0.168194 0.985754 0.000000 -6.430651 0.000000 0.000000 1.000000 0.000000
0.984810 0.173635 0.000000 74.190843 -0.173635 0.984810 0.000000 -6.480922 0.000000 0.000000 1.000000 0.000000
0.984048 0.177905 0.000000 74.720974 -0.177905 0.984048 0.000000 -6.584383 0.000000 0.000000 1.000000 0.000000
0.983938 0.178508 0.000000 75.053035 -0.178508 0.983938 0.000000 -6.645968 0.000000 0.000000 1.000000 0.000000
0.983132 0.182898 0.000000 75.388695 -0.182898 0.983132 0.000000 -6.695101 0.000000 0.000000 1.000000 0.000000
0.982741 0.184987 0.000000 75.713294 -0.184987 0.982741 0.000000 -6.756323 0.000000 0.000000 1.000000 0.000000
0.982484 0.186346 0.000000 76.065134 -0.186346 0.982484 0.000000 -6.825154 0.000000 0.000000 1.000000 0.000000
0.982949 0.183878 0.000000 76.640820 -0.183878 0.982949 0.000000 -6.941742 0.000000 0.000000 1.000000 0.000000
0.983105 0.183043 0.000000 76.989075 -0.183043 0.983105 0.000000 -7.008523 0.000000 0.000000 1.000000 0.000000
0.983021 0.183493 0.000000 77.369009 -0.183493 0.983021 0.000000 -7.078545 0.000000 0.000000 1.000000 0.000000
0.982990 0.183658 0.000000 77.726152 -0.183658 0.982990 0.000000 -7.148282 0.000000 0.000000 1.000000 0.000000
0.982959 0.183826 0.000000 78.377795 -0.183826 0.982959 0.000000 -7.269438 0.000000 0.000000 1.000000 0.000000
0.983531 0.180740 0.000000 79.032490 -0.180740 0.983531 0.000000 -7.405964 0.000000 0.000000 1.000000 0.000000
0.983873 0.178869 0.000000 79.420045 -0.178869 0.983873 0.000000 -7.481109 0.000000 0.000000 1.000000 0.000000
0.983565 0.180557 0.000000 79.844504 -0.180557 0.983565 0.000000 -7.551998 0.000000 0.000000 1.000000 0.000000
0.983329 0.181835 0.000000 80.241750 -0.181835 0.983329 0.000000 -7.632494 0.000000 0.000000 1.000000 0.000000
0.983041 0.183384 0.000000 80.672154 -0.183384 0.983041 0.000000 -7.721100 0.000000 0.000000 1.000000 0.000000
0.983148 0.182814 0.000000 81.080495 -0.182814 0.983148 0.000000 -7.802702 0.000000 0.000000 1.000000 0.000000
0.983764 0.179468 0.000000 81.529105 -0.179468 0.983764 0.000000 -7.887710 0.000000 0.000000 1.000000 0.000000
0.984077 0.177744 0.000000 82.217928 -0.177744 0.984077 0.000000 -8.006032 0.000000 0.000000 1.000000 0.000000
0.984363 0.176151 0.000000 83.026706 -0.176151 0.984363 0.000000 -8.160866 0.000000 0.000000 1.000000 0.000000
0.984015 0.178084 0.000000 83.498865 -0.178084 0.984015 0.000000 -8.250534 0.000000 0.000000 1.000000 0.000000
0.983446 0.181204 0.000000 83.975783 -0.181204 0.983446 0.000000 -8.343917 0.000000 0.000000 1.000000 0.000000
0.982603 0.185718 0.000000 84.442984 -0.185718 0.982603 0.000000 -8.425191 0.000000 0.000000 1.000000 0.000000
0.982352 0.187043 0.000000 84.944954 -0.187043 0.982352 0.000000 -8.523573 0.000000 0.000000 1.000000 0.000000
0.981628 0.190807 0.000000 85.393519 -0.190807 0.981628 0.000000 -8.604345 0.000000 0.000000 1.000000 0.000000
0.980822 0.194905 0.000000 85.891800 -0.194905 0.980822 0.000000 -8.701765 0.000000 0.000000 1.000000 0.000000
0.980201 0.198003 0.000000 86.404499 -0.198003 0.980201 0.000000 -8.806629 0.000000 0.000000 1.000000 0.000000
0.979651 0.200707 0.000000 86.919967 -0.200707 0.979651 0.000000 -8.911565 0.000000 0.000000 1.000000 0.000000
0.979289 0.202466 0.000000 87.410844 -0.202466 0.979289 0.000000 -9.018018 0.000000 0.000000 1.000000 0.000000
0.978741 0.205100 0.000000 87.937098 -0.205100 0.978741 0.000000 -9.129844 0.000000 0.000000 1.000000 0.000000
0.978445 0.206509 0.000000 88.884692 -0.206509 0.978445 0.000000 -9.344587 0.000000 0.000000 1.000000 0.000000
0.978388 0.206778 0.000000 89.426363 -0.206778 0.978388 0.000000 -9.466749 0.000000 0.000000 1.000000 0.000000
0.977687 0.210067 0.000000 89.970899 -0.210067 0.977687 0.000000 -9.579701 0.000000 0.000000 1.000000 0.000000
0.976692 0.214644 0.000000 90.522144 -0.214644 0.976692 0.000000 -9.702349 0.000000 0.000000 1.000000 0.000000
0.976508 0.215482 0.000000 91.080900 -0.215482 0.976508 0.000000 -9.836481 0.000000 0.000000 1.000000 0.000000
0.976081 0.217406 0.000000 91.923653 -0.217406 0.976081 0.000000 -10.028005 0.000000 0.000000 1.000000 0.000000
0.975035 0.222053 0.000000 92.451537 -0.222053 0.975035 0.000000 -10.147077 0.000000 0.000000 1.000000 0.000000
0.973185 0.230024 0.000000 93.555876 -0.230024 0.973185 0.000000 -10.407154 0.000000 0.000000 1.000000 0.000000
0.972032 0.234848 0.000000 94.292903 -0.234848 0.972032 0.000000 -10.576912 0.000000 0.000000 1.000000 0.000000
0.970944 0.239305 0.000000 94.871616 -0.239305 0.970944 0.000000 -10.718779 0.000000 0.000000 1.000000 0.000000
0.969602 0.244686 0.000000 95.452811 -0.244686 0.969602 0.000000 -10.874065 0.000000 0.000000 1.000000 0.000000
0.968934 0.247321 0.000000 96.039413 -0.247321 0.968934 0.000000 -11.027141 0.000000 0.000000 1.000000 0.000000
0.968616 0.248561 0.000000 96.627936 -0.248561 0.968616 0.000000 -11.179998 0.000000 0.000000 1.000000 0.000000
0.967948 0.251151 0.000000 97.248806 -0.251151 0.967948 0.000000 -11.346080 0.000000 0.000000 1.000000 0.000000
0.967018 0.254707 0.000000 97.815136 -0.254707 0.967018 0.000000 -11.499204 0.000000 0.000000 1.000000 0.000000
0.966494 0.256688 0.000000 98.399907 -0.256688 0.966494 0.000000 -11.658562 0.000000 0.000000 1.000000 0.000000
0.967276 0.253728 0.000000 98.998911 -0.253728 0.967276 0.000000 -11.824775 0.000000 0.000000 1.000000 0.000000
0.967945 0.251164 0.000000 99.560787 -0.251164 0.967945 0.000000 -11.979478 0.000000 0.000000 1.000000 0.000000
0.967963 0.251094 0.000000 100.165864 -0.251094 0.967963 0.000000 -12.144114 0.000000 0.000000 1.000000 0.000000
0.967665 0.252237 0.000000 100.773309 -0.252237 0.967665 0.000000 -12.307580 0.000000 0.000000 1.000000 0.000000
0.967621 0.252406 0.000000 101.337797 -0.252406 0.967621 0.000000 -12.456002 0.000000 0.000000 1.000000 0.000000
0.967305 0.253616 0.000000 102.418354 -0.253616 0.967305 0.000000 -12.744786 0.000000 0.000000 1.000000 0.000000
0.967162 0.254161 0.000000 103.075427 -0.254161 0.967162 0.000000 -12.932013 0.000000 0.000000 1.000000 0.000000
0.966551 0.256473 0.000000 103.689512 -0.256473 0.966551 0.000000 -13.099580 0.000000 0.000000 1.000000 0.000000
0.965710 0.259622 0.000000 104.311961 -0.259622 0.965710 0.000000 -13.269279 0.000000 0.000000 1.000000 0.000000
0.965844 0.259123 0.000000 104.912060 -0.259123 0.965844 0.000000 -13.439169 0.000000 0.000000 1.000000 0.000000
0.965816 0.259230 0.000000 105.534393 -0.259230 0.965816 0.000000 -13.609141 0.000000 0.000000 1.000000 0.000000
0.965806 0.259267 0.000000 106.116080 -0.259267 0.965806 0.000000 -13.768479 0.000000 0.000000 1.000000 0.000000
0.965770 0.259402 0.000000 106.742875 -0.259402 0.965770 0.000000 -13.939155 0.000000 0.000000 1.000000 0.000000
0.965375 0.260867 0.000000 107.326747 -0.260867 0.965375 0.000000 -14.107720 0.000000 0.000000 1.000000 0.000000
0.964633 0.263598 0.000000 107.955646 -0.263598 0.964633 0.000000 -14.293081 0.000000 0.000000 1.000000 0.000000
0.964238 0.265039 0.000000 108.583586 -0.265039 0.964238 0.000000 -14.473492 0.000000 0.000000 1.000000 0.000000
0.964336 0.264680 0.000000 109.219461 -0.264680 0.964336 0.000000 -14.657358 0.000000 0.000000 1.000000 0.000000
0.964350 0.264630 0.000000 110.014157 -0.264630 0.964350 0.000000 -14.880614 0.000000 0.000000 1.000000 0.000000
0.963316 0.268371 0.000000 110.614754 -0.268371 0.963316 0.000000 -15.046181 0.000000 0.000000 1.000000 0.000000
0.963145 0.268982 0.000000 111.254959 -0.268982 0.963145 0.000000 -15.243293 0.000000 0.000000 1.000000 0.000000
0.963430 0.267961 0.000000 112.266002 -0.267961 0.963430 0.000000 -15.537815 0.000000 0.000000 1.000000 0.000000
0.963355 0.268228 0.000000 112.908826 -0.268228 0.963355 0.000000 -15.730503 0.000000 0.000000 1.000000 0.000000
0.962620 0.270855 0.000000 113.556248 -0.270855 0.962620 0.000000 -15.925211 0.000000 0.000000 1.000000 0.000000
0.962252 0.272160 0.000000 114.205745 -0.272160 0.962252 0.000000 -16.127466 0.000000 0.000000 1.000000 0.000000
0.962148 0.272528 0.000000 114.837827 -0.272528 0.962148 0.000000 -16.321451 0.000000 0.000000 1.000000 0.000000
0.962419 0.271570 0.000000 115.484946 -0.271570 0.962419 0.000000 -16.524319 0.000000 0.000000 1.000000 0.000000
0.962488 0.271325 0.000000 116.089112 -0.271325 0.962488 0.000000 -16.706793 0.000000 0.000000 1.000000 0.000000
0.963503 0.267696 0.000000 117.226690 -0.267696 0.963503 0.000000 -17.055384 0.000000 0.000000 1.000000 0.000000
0.964017 0.265839 0.000000 117.873103 -0.265839 0.964017 0.000000 -17.250765 0.000000 0.000000 1.000000 0.000000
0.964261 0.264953 0.000000 118.523116 -0.264953 0.964261 0.000000 -17.444942 0.000000 0.000000 1.000000 0.000000
0.964184 0.265235 0.000000 119.170169 -0.265235 0.964184 0.000000 -17.632229 0.000000 0.000000 1.000000 0.000000
0.964894 0.262640 0.000000 120.491622 -0.262640 0.964894 0.000000 -18.024096 0.000000 0.000000 1.000000 0.000000
0.964612 0.263672 0.000000 121.092610 -0.263672 0.964612 0.000000 -18.198573 0.000000 0.000000 1.000000 0.000000
0.965026 0.262153 0.000000 121.744801 -0.262153 0.965026 0.000000 -18.394701 0.000000 0.000000 1.000000 0.000000
0.964912 0.262573 0.000000 122.355566 -0.262573 0.964912 0.000000 -18.565525 0.000000 0.000000 1.000000 0.000000
0.964274 0.264906 0.000000 122.961827 -0.264906 0.964274 0.000000 -18.735519 0.000000 0.000000 1.000000 0.000000
0.973095 0.230403 0.000000 127.714941 -0.230403 0.973095 0.000000 -20.052193 0.000000 0.000000 1.000000 0.000000
0.973012 0.230755 0.000000 128.366742 -0.230755 0.973012 0.000000 -20.210161 0.000000 0.000000 1.000000 0.000000
0.973685 0.227897 0.000000 128.980092 -0.227897 0.973685 0.000000 -20.359374 0.000000 0.000000 1.000000 0.000000
0.973907 0.226947 0.000000 129.619611 -0.226947 0.973907 0.000000 -20.528369 0.000000 0.000000 1.000000 0.000000
0.974562 0.224119 0.000000 130.230723 -0.224119 0.974562 0.000000 -20.683862 0.000000 0.000000 1.000000 0.000000
0.974459 0.224565 0.000000 130.859124 -0.224565 0.974459 0.000000 -20.846638 0.000000 0.000000 1.000000 0.000000
0.974681 0.223598 0.000000 131.500509 -0.223598 0.974681 0.000000 -21.011692 0.000000 0.000000 1.000000 0.000000
0.974608 0.223918 0.000000 132.317583 -0.223918 0.974608 0.000000 -21.220756 0.000000 0.000000 1.000000 0.000000
0.974028 0.226427 0.000000 132.957100 -0.226427 0.974028 0.000000 -21.373651 0.000000 0.000000 1.000000 0.000000
0.973787 0.227461 0.000000 133.595287 -0.227461 0.973787 0.000000 -21.523824 0.000000 0.000000 1.000000 0.000000
0.973937 0.226817 0.000000 134.517534 -0.226817 0.973937 0.000000 -21.752661 0.000000 0.000000 1.000000 0.000000
0.974041 0.226373 0.000000 135.146223 -0.226373 0.974041 0.000000 -21.908265 0.000000 0.000000 1.000000 0.000000
0.974239 0.225518 0.000000 135.776995 -0.225518 0.974239 0.000000 -22.065876 0.000000 0.000000 1.000000 0.000000
0.974442 0.224640 0.000000 136.399031 -0.224640 0.974442 0.000000 -22.226003 0.000000 0.000000 1.000000 0.000000
0.974337 0.225095 0.000000 137.020064 -0.225095 0.974337 0.000000 -22.378825 0.000000 0.000000 1.000000 0.000000
0.974124 0.226014 0.000000 137.939968 -0.226014 0.974124 0.000000 -22.611764 0.000000 0.000000 1.000000 0.000000
0.973809 0.227368 0.000000 138.542015 -0.227368 0.973809 0.000000 -22.759207 0.000000 0.000000 1.000000 0.000000
0.973389 0.229157 0.000000 139.157816 -0.229157 0.973389 0.000000 -22.918976 0.000000 0.000000 1.000000 0.000000
0.972737 0.231912 0.000000 139.735190 -0.231912 0.972737 0.000000 -23.064198 0.000000 0.000000 1.000000 0.000000
0.972393 0.233348 0.000000 140.533194 -0.233348 0.972393 0.000000 -23.276183 0.000000 0.000000 1.000000 0.000000
0.972408 0.233286 0.000000 141.146845 -0.233286 0.972408 0.000000 -23.436871 0.000000 0.000000 1.000000 0.000000
0.972639 0.232322 0.000000 141.759761 -0.232322 0.972639 0.000000 -23.597563 0.000000 0.000000 1.000000 0.000000
0.973261 0.229700 0.000000 142.368468 -0.229700 0.973261 0.000000 -23.754716 0.000000 0.000000 1.000000 0.000000
0.973471 0.228809 0.000000 142.978553 -0.228809 0.973471 0.000000 -23.906903 0.000000 0.000000 1.000000 0.000000
0.974374 0.224936 0.000000 144.149115 -0.224936 0.974374 0.000000 -24.208819 0.000000 0.000000 1.000000 0.000000
0.974036 0.226394 0.000000 144.712267 -0.226394 0.974036 0.000000 -24.335025 0.000000 0.000000 1.000000 0.000000
0.974068 0.226257 0.000000 145.302691 -0.226257 0.974068 0.000000 -24.481019 0.000000 0.000000 1.000000 0.000000
0.973952 0.226756 0.000000 145.895223 -0.226756 0.973952 0.000000 -24.625566 0.000000 0.000000 1.000000 0.000000
0.974191 0.225725 0.000000 146.452084 -0.225725 0.974191 0.000000 -24.767652 0.000000 0.000000 1.000000 0.000000
0.975039 0.222035 0.000000 147.043586 -0.222035 0.975039 0.000000 -24.923224 0.000000 0.000000 1.000000 0.000000
0.975342 0.220698 0.000000 147.765393 -0.220698 0.975342 0.000000 -25.104261 0.000000 0.000000 1.000000 0.000000
0.975602 0.219547 0.000000 148.350964 -0.219547 0.975602 0.000000 -25.252552 0.000000 0.000000 1.000000 0.000000
0.975640 0.219379 0.000000 148.894127 -0.219379 0.975640 0.000000 -25.386658 0.000000 0.000000 1.000000 0.000000
0.975266 0.221035 0.000000 149.483304 -0.221035 0.975266 0.000000 -25.529540 0.000000 0.000000 1.000000 0.000000
0.975064 0.221922 0.000000 150.063364 -0.221922 0.975064 0.000000 -25.671741 0.000000 0.000000 1.000000 0.000000
0.974950 0.222424 0.000000 150.606280 -0.222424 0.974950 0.000000 -25.805772 0.000000 0.000000 1.000000 0.000000
0.975698 0.219119 0.000000 151.182057 -0.219119 0.975698 0.000000 -25.948741 0.000000 0.000000 1.000000 0.000000
0.975573 0.219674 0.000000 151.727113 -0.219674 0.975573 0.000000 -26.077308 0.000000 0.000000 1.000000 0.000000
0.975161 0.221496 0.000000 152.299155 -0.221496 0.975161 0.000000 -26.218949 0.000000 0.000000 1.000000 0.000000
0.974574 0.224067 0.000000 152.869511 -0.224067 0.974574 0.000000 -26.354255 0.000000 0.000000 1.000000 0.000000
0.973726 0.227722 0.000000 153.608352 -0.227722 0.973726 0.000000 -26.526621 0.000000 0.000000 1.000000 0.000000
0.973338 0.229377 0.000000 154.149737 -0.229377 0.973338 0.000000 -26.655438 0.000000 0.000000 1.000000 0.000000
0.972941 0.231054 0.000000 154.718522 -0.231054 0.972941 0.000000 -26.797377 0.000000 0.000000 1.000000 0.000000
0.972761 0.231812 0.000000 155.256050 -0.231812 0.972761 0.000000 -26.930883 0.000000 0.000000 1.000000 0.000000
0.973188 0.230013 0.000000 155.822036 -0.230013 0.973188 0.000000 -27.070853 0.000000 0.000000 1.000000 0.000000
0.973218 0.229884 0.000000 156.355696 -0.229884 0.973218 0.000000 -27.201250 0.000000 0.000000 1.000000 0.000000
0.973244 0.229776 0.000000 157.084410 -0.229776 0.973244 0.000000 -27.383653 0.000000 0.000000 1.000000 0.000000
0.972390 0.233360 0.000000 157.611544 -0.233360 0.972390 0.000000 -27.510673 0.000000 0.000000 1.000000 0.000000
0.971693 0.236248 0.000000 158.166549 -0.236248 0.971693 0.000000 -27.664623 0.000000 0.000000 1.000000 0.000000
0.972297 0.233748 0.000000 158.688065 -0.233748 0.972297 0.000000 -27.797917 0.000000 0.000000 1.000000 0.000000
0.972573 0.232597 0.000000 159.254975 -0.232597 0.972573 0.000000 -27.934154 0.000000 0.000000 1.000000 0.000000
0.972485 0.232966 0.000000 159.778643 -0.232966 0.972485 0.000000 -28.068188 0.000000 0.000000 1.000000 0.000000
0.971916 0.235328 0.000000 160.538791 -0.235328 0.971916 0.000000 -28.250314 0.000000 0.000000 1.000000 0.000000
0.972373 0.233433 0.000000 161.104473 -0.233433 0.972373 0.000000 -28.398955 0.000000 0.000000 1.000000 0.000000
0.973135 0.230236 0.000000 161.660843 -0.230236 0.973135 0.000000 -28.544188 0.000000 0.000000 1.000000 0.000000
0.973873 0.227094 0.000000 162.217835 -0.227094 0.973873 0.000000 -28.689809 0.000000 0.000000 1.000000 0.000000
0.973792 0.227442 0.000000 162.771288 -0.227442 0.973792 0.000000 -28.830798 0.000000 0.000000 1.000000 0.000000
0.973948 0.226772 0.000000 163.322747 -0.226772 0.973948 0.000000 -28.978342 0.000000 0.000000 1.000000 0.000000
0.974891 0.222682 0.000000 163.878187 -0.222682 0.974891 0.000000 -29.125075 0.000000 0.000000 1.000000 0.000000
0.975907 0.218186 0.000000 164.402665 -0.218186 0.975907 0.000000 -29.262452 0.000000 0.000000 1.000000 0.000000
0.976412 0.215914 0.000000 164.955216 -0.215914 0.976412 0.000000 -29.401079 0.000000 0.000000 1.000000 0.000000
0.976919 0.213610 0.000000 165.518384 -0.213610 0.976919 0.000000 -29.541627 0.000000 0.000000 1.000000 0.000000
0.977198 0.212332 0.000000 166.040744 -0.212332 0.977198 0.000000 -29.675745 0.000000 0.000000 1.000000 0.000000
0.977879 0.209173 0.000000 166.602414 -0.209173 0.977879 0.000000 -29.816480 0.000000 0.000000 1.000000 0.000000
0.978241 0.207472 0.000000 167.132072 -0.207472 0.978241 0.000000 -29.940672 0.000000 0.000000 1.000000 0.000000
0.979387 0.201993 0.000000 167.691455 -0.201993 0.979387 0.000000 -30.080344 0.000000 0.000000 1.000000 0.000000
0.980579 0.196126 0.000000 168.246274 -0.196126 0.980579 0.000000 -30.213302 0.000000 0.000000 1.000000 0.000000
0.981613 0.190881 0.000000 168.816473 -0.190881 0.981613 0.000000 -30.347068 0.000000 0.000000 1.000000 0.000000
0.982498 0.186272 0.000000 169.339883 -0.186272 0.982498 0.000000 -30.463178 0.000000 0.000000 1.000000 0.000000
0.983509 0.180857 0.000000 169.900722 -0.180857 0.983509 0.000000 -30.585624 0.000000 0.000000 1.000000 0.000000
0.984685 0.174345 0.000000 170.414466 -0.174345 0.984685 0.000000 -30.696047 0.000000 0.000000 1.000000 0.000000
0.985543 0.169425 0.000000 170.979734 -0.169425 0.985543 0.000000 -30.814560 0.000000 0.000000 1.000000 0.000000
0.986237 0.165337 0.000000 171.718531 -0.165337 0.986237 0.000000 -30.951029 0.000000 0.000000 1.000000 0.000000
0.986788 0.162020 0.000000 172.278412 -0.162020 0.986788 0.000000 -31.058286 0.000000 0.000000 1.000000 0.000000
0.986892 0.161384 0.000000 172.789427 -0.161384 0.986892 0.000000 -31.157396 0.000000 0.000000 1.000000 0.000000
0.987087 0.160182 0.000000 173.357056 -0.160182 0.987087 0.000000 -31.266229 0.000000 0.000000 1.000000 0.000000
0.987652 0.156664 0.000000 174.062484 -0.156664 0.987652 0.000000 -31.398531 0.000000 0.000000 1.000000 0.000000
0.988647 0.150257 0.000000 175.172750 -0.150257 0.988647 0.000000 -31.603192 0.000000 0.000000 1.000000 0.000000
0.989230 0.146371 0.000000 175.728415 -0.146371 0.989230 0.000000 -31.694275 0.000000 0.000000 1.000000 0.000000
0.989330 0.145689 0.000000 176.283865 -0.145689 0.989330 0.000000 -31.783013 0.000000 0.000000 1.000000 0.000000
0.989718 0.143029 0.000000 176.837059 -0.143029 0.989718 0.000000 -31.874970 0.000000 0.000000 1.000000 0.000000
0.990106 0.140323 0.000000 177.387266 -0.140323 0.990106 0.000000 -31.960987 0.000000 0.000000 1.000000 0.000000
0.990123 0.140203 0.000000 177.936878 -0.140203 0.990123 0.000000 -32.042836 0.000000 0.000000 1.000000 0.000000
0.990204 0.139630 0.000000 178.510781 -0.139630 0.990204 0.000000 -32.134613 0.000000 0.000000 1.000000 0.000000
0.990124 0.140192 0.000000 179.057981 -0.140192 0.990124 0.000000 -32.215156 0.000000 0.000000 1.000000 0.000000
0.989903 0.141747 0.000000 179.564510 -0.141747 0.989903 0.000000 -32.300058 0.000000 0.000000 1.000000 0.000000
0.989852 0.142100 0.000000 180.072979 -0.142100 0.989852 0.000000 -32.384747 0.000000 0.000000 1.000000 0.000000
0.990065 0.140614 0.000000 180.614842 -0.140614 0.990065 0.000000 -32.469387 0.000000 0.000000 1.000000 0.000000
0.990352 0.138577 0.000000 181.120067 -0.138577 0.990352 0.000000 -32.544600 0.000000 0.000000 1.000000 0.000000
0.990639 0.136506 0.000000 181.660579 -0.136506 0.990639 0.000000 -32.621697 0.000000 0.000000 1.000000 0.000000
0.990671 0.136272 0.000000 182.169965 -0.136272 0.990671 0.000000 -32.695585 0.000000 0.000000 1.000000 0.000000
0.990796 0.135364 0.000000 182.707850 -0.135364 0.990796 0.000000 -32.776179 0.000000 0.000000 1.000000 0.000000
0.991270 0.131849 0.000000 183.210332 -0.131849 0.991270 0.000000 -32.851565 0.000000 0.000000 1.000000 0.000000
0.991655 0.128921 0.000000 183.749828 -0.128921 0.991655 0.000000 -32.927699 0.000000 0.000000 1.000000 0.000000
0.991752 0.128171 0.000000 184.243751 -0.128171 0.991752 0.000000 -32.992312 0.000000 0.000000 1.000000 0.000000
0.991717 0.128438 0.000000 184.781681 -0.128438 0.991717 0.000000 -33.063211 0.000000 0.000000 1.000000 0.000000
0.991597 0.129364 0.000000 185.280811 -0.129364 0.991597 0.000000 -33.123493 0.000000 0.000000 1.000000 0.000000
0.991619 0.129198 0.000000 185.812395 -0.129198 0.991619 0.000000 -33.195026 0.000000 0.000000 1.000000 0.000000
0.992199 0.124663 0.000000 186.470462 -0.124663 0.992199 0.000000 -33.293710 0.000000 0.000000 1.000000 0.000000
0.992790 0.119871 0.000000 186.998669 -0.119871 0.992790 0.000000 -33.372740 0.000000 0.000000 1.000000 0.000000
0.992922 0.118767 0.000000 187.517813 -0.118767 0.992922 0.000000 -33.440066 0.000000 0.000000 1.000000 0.000000
0.993393 0.114759 0.000000 188.010269 -0.114759 0.993393 0.000000 -33.509213 0.000000 0.000000 1.000000 0.000000
0.993975 0.109611 0.000000 188.734829 -0.109611 0.993975 0.000000 -33.601221 0.000000 0.000000 1.000000 0.000000
0.994301 0.106614 0.000000 189.256582 -0.106614 0.994301 0.000000 -33.666539 0.000000 0.000000 1.000000 0.000000
0.994380 0.105870 0.000000 189.774357 -0.105870 0.994380 0.000000 -33.730502 0.000000 0.000000 1.000000 0.000000
0.994863 0.101234 0.000000 190.291254 -0.101234 0.994863 0.000000 -33.796260 0.000000 0.000000 1.000000 0.000000
0.995484 0.094934 0.000000 190.809701 -0.094934 0.995484 0.000000 -33.854979 0.000000 0.000000 1.000000 0.000000
0.996261 0.086391 0.000000 191.833169 -0.086391 0.996261 0.000000 -33.947628 0.000000 0.000000 1.000000 0.000000
0.996817 0.079728 0.000000 192.334717 -0.079728 0.996817 0.000000 -33.995750 0.000000 0.000000 1.000000 0.000000
0.997503 0.070627 0.000000 192.835808 -0.070627 0.997503 0.000000 -34.044980 0.000000 0.000000 1.000000 0.000000
0.997965 0.063766 0.000000 193.302132 -0.063766 0.997965 0.000000 -34.080312 0.000000 0.000000 1.000000 0.000000
0.998509 0.054592 0.000000 193.801788 -0.054592 0.998509 0.000000 -34.117109 0.000000 0.000000 1.000000 0.000000
0.998993 0.044872 0.000000 194.271489 -0.044872 0.998993 0.000000 -34.149635 0.000000 0.000000 1.000000 0.000000
0.999650 0.026448 0.000000 195.223056 -0.026448 0.999650 0.000000 -34.203906 0.000000 0.000000 1.000000 0.000000
0.999895 0.014510 0.000000 195.709904 -0.014510 0.999895 0.000000 -34.225273 0.000000 0.000000 1.000000 0.000000
0.999984 0.005711 0.000000 196.166692 -0.005711 0.999984 0.000000 -34.235321 0.000000 0.000000 1.000000 0.000000
0.999950 -0.009989 0.000000 196.848130 0.009989 0.999950 0.000000 -34.251206 0.000000 0.000000 1.000000 0.000000
0.999771 -0.021419 0.000000 197.327046 0.021419 0.999771 0.000000 -34.255672 0.000000 0.000000 1.000000 0.000000
0.999457 -0.032946 0.000000 197.801236 0.032946 0.999457 0.000000 -34.256408 0.000000 0.000000 1.000000 0.000000
0.999120 -0.041955 0.000000 198.242670 0.041955 0.999120 0.000000 -34.252502 0.000000 0.000000 1.000000 0.000000
0.998373 -0.057016 0.000000 198.708115 0.057016 0.998373 0.000000 -34.253002 0.000000 0.000000 1.000000 0.000000
0.997597 -0.069285 0.000000 199.177206 0.069285 0.997597 0.000000 -34.236618 0.000000 0.000000 1.000000 0.000000
0.996763 -0.080390 0.000000 199.608032 0.080390 0.996763 0.000000 -34.221951 0.000000 0.000000 1.000000 0.000000
0.995976 -0.089624 0.000000 200.067551 0.089624 0.995976 0.000000 -34.196907 0.000000 0.000000 1.000000 0.000000
0.995017 -0.099702 0.000000 200.489128 0.099702 0.995017 0.000000 -34.174926 0.000000 0.000000 1.000000 0.000000
0.993849 -0.110746 0.000000 200.940180 0.110746 0.993849 0.000000 -34.144505 0.000000 0.000000 1.000000 0.000000
0.992356 -0.123410 0.000000 201.361230 0.123410 0.992356 0.000000 -34.113611 0.000000 0.000000 1.000000 0.000000
