0.999987 0.005011 0.000000 1.169189 -0.005011 0.999987 0.000000 -0.017425 0.000000 0.000000 1.000000 0.000000
0.999973 0.007322 0.000000 1.717565 -0.007322 0.999973 0.000000 -0.035060 0.000000 0.000000 1.000000 0.000000
0.999944 0.010620 0.000000 2.866367 -0.010620 0.999944 0.000000 -0.069520 0.000000 0.000000 1.000000 0.000000
0.999910 0.013411 0.000000 3.456188 -0.013411 0.999910 0.000000 -0.079015 0.000000 0.000000 1.000000 0.000000
0.999884 0.015252 0.000000 4.011402 -0.015252 0.999884 0.000000 -0.093018 0.000000 0.000000 1.000000 0.000000
0.999872 0.015981 0.000000 4.600062 -0.015981 0.999872 0.000000 -0.110292 0.000000 0.000000 1.000000 0.000000
0.999834 0.018224 0.000000 5.413572 -0.018224 0.999834 0.000000 -0.129487 0.000000 0.000000 1.000000 0.000000
0.999807 0.019627 0.000000 5.989580 -0.019627 0.999807 0.000000 -0.152565 0.000000 0.000000 1.000000 0.000000
0.999785 0.020738 0.000000 6.550618 -0.020738 0.999785 0.000000 -0.171969 0.000000 0.000000 1.000000 0.000000
0.999677 0.025423 0.000000 7.136756 -0.025423 0.999677 0.000000 -0.183144 0.000000 0.000000 1.000000 0.000000
0.999528 0.030735 0.000000 7.680114 -0.030735 0.999528 0.000000 -0.200812 0.000000 0.000000 1.000000 0.000000
0.999323 0.036790 0.000000 8.258545 -0.036790 0.999323 0.000000 -0.225255 0.000000 0.000000 1.000000 0.000000
0.999096 0.042503 0.000000 8.797755 -0.042503 0.999096 0.000000 -0.250204 0.000000 0.000000 1.000000 0.000000
0.998813 0.048706 0.000000 9.511002 -0.048706 0.998813 0.000000 -0.297294 0.000000 0.000000 1.000000 0.000000
0.998636 0.052211 0.000000 10.081997 -0.052211 0.998636 0.000000 -0.335757 0.000000 0.000000 1.000000 0.000000
0.998398 0.056589 0.000000 10.655271 -0.056589 0.998398 0.000000 -0.370681 0.000000 0.000000 1.000000 0.000000
0.998054 0.062349 0.000000 11.224970 -0.062349 0.998054 0.000000 -0.401358 0.000000 0.000000 1.000000 0.000000
0.997403 0.072027 0.000000 12.364211 -0.072027 0.997403 0.000000 -0.478301 0.000000 0.000000 1.000000 0.000000
0.997003 0.077363 0.000000 12.904960 -0.077363 0.997003 0.000000 -0.511717 0.000000 0.000000 1.000000 0.000000
0.996395 0.084830 0.000000 13.481842 -0.084830 0.996395 0.000000 -0.556189 0.000000 0.000000 1.000000 0.000000
0.995807 0.091477 0.000000 14.024204 -0.091477 0.995807 0.000000 -0.603275 0.000000 0.000000 1.000000 0.000000
0.995190 0.097960 0.000000 14.588408 -0.097960 0.995190 0.000000 -0.653505 0.000000 0.000000 1.000000 0.000000
0.994670 0.103108 0.000000 15.115883 -0.103108 0.994670 0.000000 -0.711322 0.000000 0.000000 1.000000 0.000000
0.993992 0.109457 0.000000 15.694094 -0.109457 0.993992 0.000000 -0.780805 0.000000 0.000000 1.000000 0.000000
0.993237 0.116101 0.000000 16.229469 -0.116101 0.993237 0.000000 -0.840826 0.000000 0.000000 1.000000 0.000000
0.991774 0.127999 0.000000 16.981923 -0.127999 0.991774 0.000000 -0.924695 0.000000 0.000000 1.000000 0.000000
0.990728 0.135857 0.000000 17.548823 -0.135857 0.990728 0.000000 -1.003100 0.000000 0.000000 1.000000 0.000000
0.990029 0.140867 0.000000 18.106306 -0.140867 0.990029 0.000000 -1.081570 0.000000 0.000000 1.000000 0.000000
0.989354 0.145529 0.000000 18.652959 -0.145529 0.989354 0.000000 -1.167279 0.000000 0.000000 1.000000 0.000000
0.988420 0.151742 0.000000 19.219924 -0.151742 0.988420 0.000000 -1.256033 0.000000 0.000000 1.000000 0.000000
0.987412 0.158170 0.000000 19.747592 -0.158170 0.987412 0.000000 -1.340355 0.000000 0.000000 1.000000 0.000000
0.986484 0.163858 0.000000 20.273525 -0.163858 0.986484 0.000000 -1.427530 0.000000 0.000000 1.000000 0.000000
0.984986 0.172635 0.000000 20.838399 -0.172635 0.984986 0.000000 -1.525804 0.000000 0.000000 1.000000 0.000000
0.983292 0.182035 0.000000 21.360613 -0.182035 0.983292 0.000000 -1.622268 0.000000 0.000000 1.000000 0.000000
0.981817 0.189827 0.000000 21.914718 -0.189827 0.981817 0.000000 -1.734925 0.000000 0.000000 1.000000 0.000000
0.980426 0.196887 0.000000 22.653805 -0.196887 0.980426 0.000000 -1.895579 0.000000 0.000000 1.000000 0.000000
0.979077 0.203490 0.000000 23.202539 -0.203490 0.979077 0.000000 -2.013606 0.000000 0.000000 1.000000 0.000000
0.977338 0.211687 0.000000 23.789364 -0.211687 0.977338 0.000000 -2.136197 0.000000 0.000000 1.000000 0.000000
0.975712 0.219055 0.000000 24.335759 -0.219055 0.975712 0.000000 -2.256532 0.000000 0.000000 1.000000 0.000000
0.974184 0.225756 0.000000 24.881609 -0.225756 0.974184 0.000000 -2.380728 0.000000 0.000000 1.000000 0.000000
0.972816 0.231578 0.000000 25.387608 -0.231578 0.972816 0.000000 -2.499582 0.000000 0.000000 1.000000 0.000000
0.971799 0.235812 0.000000 25.932602 -0.235812 0.971799 0.000000 -2.629335 0.000000 0.000000 1.000000 0.000000
0.971281 0.237937 0.000000 26.431592 -0.237937 0.971281 0.000000 -2.747371 0.000000 0.000000 1.000000 0.000000
0.969981 0.243181 0.000000 26.964320 -0.243181 0.969981 0.000000 -2.881557 0.000000 0.000000 1.000000 0.000000
0.967684 0.252166 0.000000 27.990079 -0.252166 0.967684 0.000000 -3.154392 0.000000 0.000000 1.000000 0.000000
0.966345 0.257248 0.000000 28.476684 -0.257248 0.966345 0.000000 -3.282038 0.000000 0.000000 1.000000 0.000000
0.965034 0.262125 0.000000 29.002806 -0.262125 0.965034 0.000000 -3.423829 0.000000 0.000000 1.000000 0.000000
0.963271 0.268529 0.000000 29.670466 -0.268529 0.963271 0.000000 -3.612585 0.000000 0.000000 1.000000 0.000000
0.961930 0.273296 0.000000 30.156666 -0.273296 0.961930 0.000000 -3.748183 0.000000 0.000000 1.000000 0.000000
0.960050 0.279827 0.000000 30.639363 -0.279827 0.960050 0.000000 -3.888063 0.000000 0.000000 1.000000 0.000000
0.958620 0.284690 0.000000 31.154430 -0.284690 0.958620 0.000000 -4.049407 0.000000 0.000000 1.000000 0.000000
0.956857 0.290559 0.000000 31.633663 -0.290559 0.956857 0.000000 -4.194192 0.000000 0.000000 1.000000 0.000000
0.954519 0.298152 0.000000 32.306915 -0.298152 0.954519 0.000000 -4.408169 0.000000 0.000000 1.000000 0.000000
0.953350 0.301868 0.000000 32.819086 -0.301868 0.953350 0.000000 -4.579081 0.000000 0.000000 1.000000 0.000000
0.951781 0.306778 0.000000 33.325659 -0.306778 0.951781 0.000000 -4.755913 0.000000 0.000000 1.000000 0.000000
0.950089 0.311979 0.000000 33.811597 -0.311979 0.950089 0.000000 -4.923931 0.000000 0.000000 1.000000 0.000000
0.949186 0.314715 0.000000 34.321601 -0.314715 0.949186 0.000000 -5.107363 0.000000 0.000000 1.000000 0.000000
0.948267 0.317474 0.000000 34.831841 -0.317474 0.948267 0.000000 -5.276890 0.000000 0.000000 1.000000 0.000000
0.946624 0.322340 0.000000 35.297690 -0.322340 0.946624 0.000000 -5.436801 0.000000 0.000000 1.000000 0.000000
0.945160 0.326606 0.000000 35.801805 -0.326606 0.945160 0.000000 -5.620506 0.000000 0.000000 1.000000 0.000000
0.943192 0.332247 0.000000 36.280353 -0.332247 0.943192 0.000000 -5.788041 0.000000 0.000000 1.000000 0.000000
0.941115 0.338087 0.000000 36.779338 -0.338087 0.941115 0.000000 -5.964368 0.000000 0.000000 1.000000 0.000000
0.938952 0.344047 0.000000 37.255069 -0.344047 0.938952 0.000000 -6.141952 0.000000 0.000000 1.000000 0.000000
0.936356 0.351051 0.000000 37.755807 -0.351051 0.936356 0.000000 -6.326469 0.000000 0.000000 1.000000 0.000000
0.934225 0.356684 0.000000 38.233561 -0.356684 0.934225 0.000000 -6.507586 0.000000 0.000000 1.000000 0.000000
0.932797 0.360403 0.000000 38.730244 -0.360403 0.932797 0.000000 -6.704736 0.000000 0.000000 1.000000 0.000000
0.931139 0.364664 0.000000 39.187556 -0.364664 0.931139 0.000000 -6.881764 0.000000 0.000000 1.000000 0.000000
0.927318 0.374275 0.000000 39.874389 -0.374275 0.927318 0.000000 -7.152714 0.000000 0.000000 1.000000 0.000000
0.923023 0.384744 0.000000 40.582218 -0.384744 0.923023 0.000000 -7.441318 0.000000 0.000000 1.000000 0.000000
0.919816 0.392350 0.000000 41.067468 -0.392350 0.919816 0.000000 -7.641388 0.000000 0.000000 1.000000 0.000000
0.915175 0.403058 0.000000 41.912571 -0.403058 0.915175 0.000000 -8.010795 0.000000 0.000000 1.000000 0.000000
0.912989 0.407983 0.000000 42.390004 -0.407983 0.912989 0.000000 -8.229335 0.000000 0.000000 1.000000 0.000000
0.911933 0.410340 0.000000 42.871293 -0.410340 0.911933 0.000000 -8.447902 0.000000 0.000000 1.000000 0.000000
0.909660 0.415353 0.000000 43.349593 -0.415353 0.909660 0.000000 -8.645970 0.000000 0.000000 1.000000 0.000000
0.907386 0.420298 0.000000 43.825536 -0.420298 0.907386 0.000000 -8.866237 0.000000 0.000000 1.000000 0.000000
0.905351 0.424664 0.000000 44.324847 -0.424664 0.905351 0.000000 -9.104858 0.000000 0.000000 1.000000 0.000000
0.902963 0.429718 0.000000 44.755667 -0.429718 0.902963 0.000000 -9.311701 0.000000 0.000000 1.000000 0.000000
0.901293 0.433211 0.000000 45.208753 -0.433211 0.901293 0.000000 -9.534326 0.000000 0.000000 1.000000 0.000000
0.900455 0.434949 0.000000 45.661671 -0.434949 0.900455 0.000000 -9.758342 0.000000 0.000000 1.000000 0.000000
0.898955 0.438040 0.000000 46.109874 -0.438040 0.898955 0.000000 -9.970615 0.000000 0.000000 1.000000 0.000000
0.897325 0.441371 0.000000 46.537597 -0.441371 0.897325 0.000000 -10.188815 0.000000 0.000000 1.000000 0.000000
0.895522 0.445017 0.000000 46.968890 -0.445017 0.895522 0.000000 -10.417058 0.000000 0.000000 1.000000 0.000000
0.894756 0.446555 0.000000 47.362832 -0.446555 0.894756 0.000000 -10.631541 0.000000 0.000000 1.000000 0.000000
0.892827 0.450400 0.000000 47.791672 -0.450400 0.892827 0.000000 -10.852116 0.000000 0.000000 1.000000 0.000000
0.891398 0.453222 0.000000 48.176959 -0.453222 0.891398 0.000000 -11.061522 0.000000 0.000000 1.000000 0.000000
0.891348 0.453320 0.000000 48.597368 -0.453320 0.891348 0.000000 -11.280270 0.000000 0.000000 1.000000 0.000000
0.890705 0.454582 0.000000 48.997718 -0.454582 0.890705 0.000000 -11.492233 0.000000 0.000000 1.000000 0.000000
0.890736 0.454521 0.000000 49.387819 -0.454521 0.890736 0.000000 -11.696423 0.000000 0.000000 1.000000 0.000000
0.888582 0.458718 0.000000 49.789424 -0.458718 0.888582 0.000000 -11.890212 0.000000 0.000000 1.000000 0.000000
0.885405 0.464821 0.000000 50.182472 -0.464821 0.885405 0.000000 -12.090236 0.000000 0.000000 1.000000 0.000000
0.883694 0.468066 0.000000 50.558343 -0.468066 0.883694 0.000000 -12.294798 0.000000 0.000000 1.000000 0.000000
0.880790 0.473507 0.000000 50.928658 -0.473507 0.880790 0.000000 -12.494763 0.000000 0.000000 1.000000 0.000000
0.878086 0.478502 0.000000 51.305945 -0.478502 0.878086 0.000000 -12.711281 0.000000 0.000000 1.000000 0.000000
0.873066 0.487602 0.000000 51.852893 -0.487602 0.873066 0.000000 -13.027404 0.000000 0.000000 1.000000 0.000000
0.868190 0.496232 0.000000 52.248037 -0.496232 0.868190 0.000000 -13.263569 0.000000 0.000000 1.000000 0.000000
0.864580 0.502495 0.000000 52.617351 -0.502495 0.864580 0.000000 -13.483588 0.000000 0.000000 1.000000 0.000000
0.861952 0.506989 0.000000 52.972022 -0.506989 0.861952 0.000000 -13.702854 0.000000 0.000000 1.000000 0.000000
0.858495 0.512822 0.000000 53.316131 -0.512822 0.858495 0.000000 -13.915416 0.000000 0.000000 1.000000 0.000000
0.855402 0.517965 0.000000 53.659779 -0.517965 0.855402 0.000000 -14.126171 0.000000 0.000000 1.000000 0.000000
0.852353 0.522966 0.000000 54.001185 -0.522966 0.852353 0.000000 -14.335692 0.000000 0.000000 1.000000 0.000000
0.848751 0.528792 0.000000 54.344446 -0.528792 0.848751 0.000000 -14.546741 0.000000 0.000000 1.000000 0.000000
0.846671 0.532117 0.000000 54.668815 -0.532117 0.846671 0.000000 -14.757349 0.000000 0.000000 1.000000 0.000000
0.844560 0.535462 0.000000 54.996717 -0.535462 0.844560 0.000000 -14.971873 0.000000 0.000000 1.000000 0.000000
0.842969 0.537962 0.000000 55.312216 -0.537962 0.842969 0.000000 -15.182759 0.000000 0.000000 1.000000 0.000000
0.841685 0.539969 0.000000 55.938728 -0.539969 0.841685 0.000000 -15.593346 0.000000 0.000000 1.000000 0.000000
0.840919 0.541162 0.000000 56.232536 -0.541162 0.840919 0.000000 -15.784416 0.000000 0.000000 1.000000 0.000000
0.840550 0.541734 0.000000 56.506903 -0.541734 0.840550 0.000000 -15.965516 0.000000 0.000000 1.000000 0.000000
0.841375 0.540452 0.000000 56.773953 -0.540452 0.841375 0.000000 -16.154667 0.000000 0.000000 1.000000 0.000000
0.841493 0.540267 0.000000 57.076052 -0.540267 0.841493 0.000000 -16.328849 0.000000 0.000000 1.000000 0.000000
0.840432 0.541916 0.000000 57.338771 -0.541916 0.840432 0.000000 -16.501628 0.000000 0.000000 1.000000 0.000000
0.839578 0.543239 0.000000 57.614782 -0.543239 0.839578 0.000000 -16.687532 0.000000 0.000000 1.000000 0.000000
0.838866 0.544338 0.000000 57.875823 -0.544338 0.838866 0.000000 -16.857086 0.000000 0.000000 1.000000 0.000000
0.838764 0.544495 0.000000 58.140525 -0.544495 0.838764 0.000000 -17.035055 0.000000 0.000000 1.000000 0.000000
0.838014 0.545649 0.000000 58.380788 -0.545649 0.838014 0.000000 -17.199945 0.000000 0.000000 1.000000 0.000000
0.836805 0.547501 0.000000 58.620639 -0.547501 0.836805 0.000000 -17.353634 0.000000 0.000000 1.000000 0.000000
0.835008 0.550238 0.000000 58.878301 -0.550238 0.835008 0.000000 -17.519567 0.000000 0.000000 1.000000 0.000000
0.832989 0.553290 0.000000 59.239080 -0.553290 0.832989 0.000000 -17.758703 0.000000 0.000000 1.000000 0.000000
0.830197 0.557470 0.000000 59.508949 -0.557470 0.830197 0.000000 -17.927363 0.000000 0.000000 1.000000 0.000000
0.827218 0.561881 0.000000 59.754643 -0.561881 0.827218 0.000000 -18.090804 0.000000 0.000000 1.000000 0.000000
0.824042 0.566528 0.000000 59.986375 -0.566528 0.824042 0.000000 -18.244314 0.000000 0.000000 1.000000 0.000000
0.821220 0.570612 0.000000 60.211448 -0.570612 0.821220 0.000000 -18.401149 0.000000 0.000000 1.000000 0.000000
0.819869 0.572551 0.000000 60.426901 -0.572551 0.819869 0.000000 -18.554781 0.000000 0.000000 1.000000 0.000000
0.819670 0.572837 0.000000 60.640329 -0.572837 0.819670 0.000000 -18.714993 0.000000 0.000000 1.000000 0.000000
0.820888 0.571090 0.000000 60.851653 -0.571090 0.820888 0.000000 -18.872655 0.000000 0.000000 1.000000 0.000000
0.821228 0.570600 0.000000 61.060651 -0.570600 0.821228 0.000000 -19.021750 0.000000 0.000000 1.000000 0.000000
0.819649 0.572867 0.000000 61.252993 -0.572867 0.819649 0.000000 -19.164030 0.000000 0.000000 1.000000 0.000000
0.813648 0.581358 0.000000 61.665615 -0.581358 0.813648 0.000000 -19.444884 0.000000 0.000000 1.000000 0.000000
0.811645 0.584150 0.000000 61.844110 -0.584150 0.811645 0.000000 -19.571709 0.000000 0.000000 1.000000 0.000000
0.812210 0.583365 0.000000 62.007674 -0.583365 0.812210 0.000000 -19.704323 0.000000 0.000000 1.000000 0.000000
0.812327 0.583202 0.000000 62.184887 -0.583202 0.812327 0.000000 -19.841348 0.000000 0.000000 1.000000 0.000000
0.811390 0.584506 0.000000 62.344729 -0.584506 0.811390 0.000000 -19.963267 0.000000 0.000000 1.000000 0.000000
0.811116 0.584886 0.000000 62.502525 -0.584886 0.811116 0.000000 -20.086929 0.000000 0.000000 1.000000 0.000000
0.809788 0.586722 0.000000 62.671039 -0.586722 0.809788 0.000000 -20.212368 0.000000 0.000000 1.000000 0.000000
0.808680 0.588248 0.000000 62.824091 -0.588248 0.808680 0.000000 -20.321016 0.000000 0.000000 1.000000 0.000000
0.807015 0.590531 0.000000 62.989424 -0.590531 0.807015 0.000000 -20.439835 0.000000 0.000000 1.000000 0.000000
0.804158 0.594415 0.000000 63.307164 -0.594415 0.804158 0.000000 -20.670365 0.000000 0.000000 1.000000 0.000000
0.803628 0.595132 0.000000 63.457084 -0.595132 0.803628 0.000000 -20.783092 0.000000 0.000000 1.000000 0.000000
0.802752 0.596312 0.000000 63.609799 -0.596312 0.802752 0.000000 -20.891884 0.000000 0.000000 1.000000 0.000000
0.801177 0.598428 0.000000 63.860731 -0.598428 0.801177 0.000000 -21.084760 0.000000 0.000000 1.000000 0.000000
0.799296 0.600937 0.000000 64.025506 -0.600937 0.799296 0.000000 -21.208496 0.000000 0.000000 1.000000 0.000000
0.797370 0.603491 0.000000 64.185491 -0.603491 0.797370 0.000000 -21.328475 0.000000 0.000000 1.000000 0.000000
0.796930 0.604071 0.000000 64.349078 -0.604071 0.796930 0.000000 -21.455908 0.000000 0.000000 1.000000 0.000000
0.796283 0.604924 0.000000 64.509845 -0.604924 0.796283 0.000000 -21.576591 0.000000 0.000000 1.000000 0.000000
0.795182 0.606371 0.000000 64.665969 -0.606371 0.795182 0.000000 -21.699005 0.000000 0.000000 1.000000 0.000000
0.793754 0.608238 0.000000 64.823449 -0.608238 0.793754 0.000000 -21.820069 0.000000 0.000000 1.000000 0.000000
0.790228 0.612813 0.000000 65.145083 -0.612813 0.790228 0.000000 -22.071932 0.000000 0.000000 1.000000 0.000000
0.788636 0.614860 0.000000 65.307945 -0.614860 0.788636 0.000000 -22.201290 0.000000 0.000000 1.000000 0.000000
0.786737 0.617288 0.000000 65.478096 -0.617288 0.786737 0.000000 -22.331824 0.000000 0.000000 1.000000 0.000000
0.785426 0.618955 0.000000 65.633892 -0.618955 0.785426 0.000000 -22.459240 0.000000 0.000000 1.000000 0.000000
0.784605 0.619995 0.000000 65.804284 -0.619995 0.784605 0.000000 -22.600161 0.000000 0.000000 1.000000 0.000000
0.783025 0.621991 0.000000 65.971398 -0.621991 0.783025 0.000000 -22.736117 0.000000 0.000000 1.000000 0.000000
0.781571 0.623816 0.000000 66.133168 -0.623816 0.781571 0.000000 -22.870600 0.000000 0.000000 1.000000 0.000000
0.779055 0.626956 0.000000 66.306373 -0.626956 0.779055 0.000000 -23.012680 0.000000 0.000000 1.000000 0.000000
0.775381 0.631494 0.000000 66.479974 -0.631494 0.775381 0.000000 -23.146745 0.000000 0.000000 1.000000 0.000000
0.771886 0.635761 0.000000 66.651821 -0.635761 0.771886 0.000000 -23.289499 0.000000 0.000000 1.000000 0.000000
0.769309 0.638877 0.000000 66.827494 -0.638877 0.769309 0.000000 -23.440437 0.000000 0.000000 1.000000 0.000000
0.767351 0.641227 0.000000 67.001101 -0.641227 0.767351 0.000000 -23.586975 0.000000 0.000000 1.000000 0.000000
0.765584 0.643336 0.000000 67.190524 -0.643336 0.765584 0.000000 -23.748995 0.000000 0.000000 1.000000 0.000000
0.763086 0.646297 0.000000 67.368643 -0.646297 0.763086 0.000000 -23.903229 0.000000 0.000000 1.000000 0.000000
0.760517 0.649318 0.000000 67.558064 -0.649318 0.760517 0.000000 -24.072639 0.000000 0.000000 1.000000 0.000000
0.757515 0.652817 0.000000 67.739916 -0.652817 0.757515 0.000000 -24.231043 0.000000 0.000000 1.000000 0.000000
0.752823 0.658222 0.000000 68.025434 -0.658222 0.752823 0.000000 -24.473692 0.000000 0.000000 1.000000 0.000000
0.751380 0.659869 0.000000 68.210626 -0.659869 0.751380 0.000000 -24.642172 0.000000 0.000000 1.000000 0.000000
0.749912 0.661538 0.000000 68.408508 -0.661538 0.749912 0.000000 -24.822737 0.000000 0.000000 1.000000 0.000000
0.748257 0.663409 0.000000 68.592401 -0.663409 0.748257 0.000000 -24.994533 0.000000 0.000000 1.000000 0.000000
0.745167 0.666878 0.000000 68.987122 -0.666878 0.745167 0.000000 -25.364629 0.000000 0.000000 1.000000 0.000000
0.743514 0.668720 0.000000 69.178816 -0.668720 0.743514 0.000000 -25.547723 0.000000 0.000000 1.000000 0.000000
0.741902 0.670508 0.000000 69.363278 -0.670508 0.741902 0.000000 -25.720536 0.000000 0.000000 1.000000 0.000000
0.740972 0.671536 0.000000 69.559205 -0.671536 0.740972 0.000000 -25.904357 0.000000 0.000000 1.000000 0.000000
0.737463 0.675387 0.000000 69.839187 -0.675387 0.737463 0.000000 -26.147277 0.000000 0.000000 1.000000 0.000000
0.733787 0.679380 0.000000 70.039449 -0.679380 0.733787 0.000000 -26.325503 0.000000 0.000000 1.000000 0.000000
0.729448 0.684036 0.000000 70.228998 -0.684036 0.729448 0.000000 -26.499644 0.000000 0.000000 1.000000 0.000000
0.727151 0.686478 0.000000 70.418211 -0.686478 0.727151 0.000000 -26.685816 0.000000 0.000000 1.000000 0.000000
0.725399 0.688329 0.000000 70.596885 -0.688329 0.725399 0.000000 -26.858835 0.000000 0.000000 1.000000 0.000000
0.722872 0.690982 0.000000 70.774457 -0.690982 0.722872 0.000000 -27.031914 0.000000 0.000000 1.000000 0.000000
0.721935 0.691961 0.000000 70.957393 -0.691961 0.721935 0.000000 -27.216216 0.000000 0.000000 1.000000 0.000000
0.720204 0.693763 0.000000 71.132726 -0.693763 0.720204 0.000000 -27.390871 0.000000 0.000000 1.000000 0.000000
0.718006 0.696037 0.000000 71.309659 -0.696037 0.718006 0.000000 -27.560806 0.000000 0.000000 1.000000 0.000000
0.717397 0.696664 0.000000 71.493957 -0.696664 0.717397 0.000000 -27.747818 0.000000 0.000000 1.000000 0.000000
0.718052 0.695989 0.000000 71.662543 -0.695989 0.718052 0.000000 -27.923723 0.000000 0.000000 1.000000 0.000000
0.716851 0.697226 0.000000 71.899741 -0.697226 0.716851 0.000000 -28.163445 0.000000 0.000000 1.000000 0.000000
0.715870 0.698233 0.000000 72.090215 -0.698233 0.715870 0.000000 -28.357827 0.000000 0.000000 1.000000 0.000000
0.716027 0.698073 0.000000 72.263947 -0.698073 0.716027 0.000000 -28.546605 0.000000 0.000000 1.000000 0.000000
0.715370 0.698746 0.000000 72.438985 -0.698746 0.715370 0.000000 -28.731139 0.000000 0.000000 1.000000 0.000000
0.715617 0.698493 0.000000 72.597746 -0.698493 0.715617 0.000000 -28.922882 0.000000 0.000000 1.000000 0.000000
0.720231 0.693735 0.000000 72.763848 -0.693735 0.720231 0.000000 -29.108626 0.000000 0.000000 1.000000 0.000000
0.722603 0.691264 0.000000 72.943437 -0.691264 0.722603 0.000000 -29.278756 0.000000 0.000000 1.000000 0.000000
0.723551 0.690271 0.000000 73.120906 -0.690271 0.723551 0.000000 -29.448643 0.000000 0.000000 1.000000 0.000000
0.725247 0.688489 0.000000 73.294319 -0.688489 0.725247 0.000000 -29.618606 0.000000 0.000000 1.000000 0.000000
0.725183 0.688556 0.000000 73.453806 -0.688556 0.725183 0.000000 -29.771665 0.000000 0.000000 1.000000 0.000000
0.726158 0.687528 0.000000 73.780416 -0.687528 0.726158 0.000000 -30.092163 0.000000 0.000000 1.000000 0.000000
0.727968 0.685611 0.000000 73.949584 -0.685611 0.727968 0.000000 -30.261611 0.000000 0.000000 1.000000 0.000000
0.729406 0.684081 0.000000 74.114831 -0.684081 0.729406 0.000000 -30.425475 0.000000 0.000000 1.000000 0.000000
0.731192 0.682172 0.000000 74.261758 -0.682172 0.731192 0.000000 -30.573297 0.000000 0.000000 1.000000 0.000000
0.732596 0.680664 0.000000 74.421375 -0.680664 0.732596 0.000000 -30.729907 0.000000 0.000000 1.000000 0.000000
0.732675 0.680578 0.000000 74.577460 -0.680578 0.732675 0.000000 -30.872560 0.000000 0.000000 1.000000 0.000000
0.733348 0.679853 0.000000 74.735909 -0.679853 0.733348 0.000000 -31.021779 0.000000 0.000000 1.000000 0.000000
0.735824 0.677173 0.000000 74.998759 -0.677173 0.735824 0.000000 -31.276896 0.000000 0.000000 1.000000 0.000000
0.738445 0.674314 0.000000 75.150153 -0.674314 0.738445 0.000000 -31.425835 0.000000 0.000000 1.000000 0.000000
0.740142 0.672451 0.000000 75.299543 -0.672451 0.740142 0.000000 -31.571430 0.000000 0.000000 1.000000 0.000000
0.742554 0.669786 0.000000 75.448434 -0.669786 0.742554 0.000000 -31.714831 0.000000 0.000000 1.000000 0.000000
0.744920 0.667154 0.000000 75.593672 -0.667154 0.744920 0.000000 -31.855683 0.000000 0.000000 1.000000 0.000000
0.748192 0.663483 0.000000 75.740247 -0.663483 0.748192 0.000000 -31.998164 0.000000 0.000000 1.000000 0.000000
0.755032 0.655688 0.000000 76.025652 -0.655688 0.755032 0.000000 -32.264458 0.000000 0.000000 1.000000 0.000000
0.757965 0.652295 0.000000 76.159317 -0.652295 0.757965 0.000000 -32.383100 0.000000 0.000000 1.000000 0.000000
0.761451 0.648222 0.000000 76.286978 -0.648222 0.761451 0.000000 -32.498392 0.000000 0.000000 1.000000 0.000000
0.766027 0.642808 0.000000 76.520970 -0.642808 0.766027 0.000000 -32.693857 0.000000 0.000000 1.000000 0.000000
0.770886 0.636973 0.000000 76.877036 -0.636973 0.770886 0.000000 -32.896961 0.000000 0.000000 1.000000 0.000000
0.775719 0.631078 0.000000 77.053972 -0.631078 0.775719 0.000000 -33.042492 0.000000 0.000000 1.000000 0.000000
0.779507 0.626393 0.000000 77.164044 -0.626393 0.779507 0.000000 -33.135833 0.000000 0.000000 1.000000 0.000000
0.787105 0.616819 0.000000 77.380882 -0.616819 0.787105 0.000000 -33.319472 0.000000 0.000000 1.000000 0.000000
0.790622 0.612304 0.000000 77.487892 -0.612304 0.790622 0.000000 -33.407740 0.000000 0.000000 1.000000 0.000000
0.793218 0.608937 0.000000 77.587799 -0.608937 0.793218 0.000000 -33.484242 0.000000 0.000000 1.000000 0.000000
0.796458 0.604694 0.000000 77.690033 -0.604694 0.796458 0.000000 -33.568527 0.000000 0.000000 1.000000 0.000000
0.800856 0.598857 0.000000 77.846707 -0.598857 0.800856 0.000000 -33.691593 0.000000 0.000000 1.000000 0.000000
0.807210 0.590264 0.000000 78.043954 -0.590264 0.807210 0.000000 -33.845834 0.000000 0.000000 1.000000 0.000000
0.810733 0.585417 0.000000 78.138631 -0.585417 0.810733 0.000000 -33.917533 0.000000 0.000000 1.000000 0.000000
0.814249 0.580516 0.000000 78.229507 -0.580516 0.814249 0.000000 -33.986766 0.000000 0.000000 1.000000 0.000000
0.817421 0.576041 0.000000 78.315187 -0.576041 0.817421 0.000000 -34.050869 0.000000 0.000000 1.000000 0.000000
0.820035 0.572314 0.000000 78.403784 -0.572314 0.820035 0.000000 -34.114301 0.000000 0.000000 1.000000 0.000000
0.823018 0.568015 0.000000 78.483727 -0.568015 0.823018 0.000000 -34.168130 0.000000 0.000000 1.000000 0.000000
0.828617 0.559817 0.000000 78.641896 -0.559817 0.828617 0.000000 -34.282791 0.000000 0.000000 1.000000 0.000000
0.831960 0.554835 0.000000 78.707764 -0.554835 0.831960 0.000000 -34.335486 0.000000 0.000000 1.000000 0.000000
0.834218 0.551435 0.000000 78.786814 -0.551435 0.834218 0.000000 -34.391414 0.000000 0.000000 1.000000 0.000000
0.836692 0.547674 0.000000 78.844610 -0.547674 0.836692 0.000000 -34.435393 0.000000 0.000000 1.000000 0.000000
0.838661 0.544654 0.000000 78.902227 -0.544654 0.838661 0.000000 -34.472247 0.000000 0.000000 1.000000 0.000000
0.839881 0.542770 0.000000 78.947112 -0.542770 0.839881 0.000000 -34.503503 0.000000 0.000000 1.000000 0.000000
0.840643 0.541589 0.000000 78.993799 -0.541589 0.840643 0.000000 -34.531670 0.000000 0.000000 1.000000 0.000000
0.842626 0.538499 0.000000 79.058835 -0.538499 0.842626 0.000000 -34.575200 0.000000 0.000000 1.000000 0.000000
0.843195 0.537608 0.000000 79.090165 -0.537608 0.843195 0.000000 -34.594684 0.000000 0.000000 1.000000 0.000000
0.843677 0.536851 0.000000 79.123297 -0.536851 0.843677 0.000000 -34.613437 0.000000 0.000000 1.000000 0.000000
0.844571 0.535443 0.000000 79.150595 -0.535443 0.844571 0.000000 -34.629975 0.000000 0.000000 1.000000 0.000000
0.845828 0.533456 0.000000 79.173266 -0.533456 0.845828 0.000000 -34.644370 0.000000 0.000000 1.000000 0.000000
0.845975 0.533222 0.000000 79.192177 -0.533222 0.845975 0.000000 -34.656171 0.000000 0.000000 1.000000 0.000000
0.846373 0.532590 0.000000 79.207526 -0.532590 0.846373 0.000000 -34.665602 0.000000 0.000000 1.000000 0.000000
0.847306 0.531105 0.000000 79.217673 -0.531105 0.847306 0.000000 -34.677450 0.000000 0.000000 1.000000 0.000000
0.848063 0.529896 0.000000 79.231813 -0.529896 0.848063 0.000000 -34.689290 0.000000 0.000000 1.000000 0.000000
0.848072 0.529881 0.000000 79.235160 -0.529881 0.848072 0.000000 -34.688407 0.000000 0.000000 1.000000 0.000000
0.848141 0.529770 0.000000 79.235309 -0.529770 0.848141 0.000000 -34.688246 0.000000 0.000000 1.000000 0.000000
0.847598 0.530639 0.000000 79.232598 -0.530639 0.847598 0.000000 -34.684391 0.000000 0.000000 1.000000 0.000000
0.847463 0.530854 0.000000 79.230834 -0.530854 0.847463 0.000000 -34.682866 0.000000 0.000000 1.000000 0.000000
0.847322 0.531079 0.000000 79.227037 -0.531079 0.847322 0.000000 -34.680593 0.000000 0.000000 1.000000 0.000000
0.847356 0.531025 0.000000 79.223134 -0.531025 0.847356 0.000000 -34.681824 0.000000 0.000000 1.000000 0.000000
0.847828 0.530271 0.000000 79.221020 -0.530271 0.847828 0.000000 -34.684132 0.000000 0.000000 1.000000 0.000000
0.847459 0.530862 0.000000 79.220185 -0.530862 0.847459 0.000000 -34.683465 0.000000 0.000000 1.000000 0.000000
0.847220 0.531243 0.000000 79.220151 -0.531243 0.847220 0.000000 -34.682669 0.000000 0.000000 1.000000 0.000000
0.847273 0.531157 0.000000 79.220532 -0.531157 0.847273 0.000000 -34.681422 0.000000 0.000000 1.000000 0.000000
0.847142 0.531367 0.000000 79.221255 -0.531367 0.847142 0.000000 -34.679862 0.000000 0.000000 1.000000 0.000000
0.847108 0.531420 0.000000 79.221891 -0.531420 0.847108 0.000000 -34.678224 0.000000 0.000000 1.000000 0.000000
0.846927 0.531709 0.000000 79.223269 -0.531709 0.846927 0.000000 -34.673744 0.000000 0.000000 1.000000 0.000000
0.846886 0.531775 0.000000 79.223938 -0.531775 0.846886 0.000000 -34.671684 0.000000 0.000000 1.000000 0.000000
0.846947 0.531677 0.000000 79.224473 -0.531677 0.846947 0.000000 -34.669229 0.000000 0.000000 1.000000 0.000000
0.846999 0.531594 0.000000 79.224593 -0.531594 0.846999 0.000000 -34.668587 0.000000 0.000000 1.000000 0.000000
0.847008 0.531580 0.000000 79.224866 -0.531580 0.847008 0.000000 -34.668031 0.000000 0.000000 1.000000 0.000000
0.846970 0.531641 0.000000 79.225020 -0.531641 0.846970 0.000000 -34.667774 0.000000 0.000000 1.000000 0.000000
0.846963 0.531652 0.000000 79.225013 -0.531652 0.846963 0.000000 -34.667910 0.000000 0.000000 1.000000 0.000000
0.846973 0.531636 0.000000 79.224858 -0.531636 0.846973 0.000000 -34.668485 0.000000 0.000000 1.000000 0.000000
0.846941 0.531687 0.000000 79.224677 -0.531687 0.846941 0.000000 -34.669042 0.000000 0.000000 1.000000 0.000000
0.846922 0.531717 0.000000 79.224520 -0.531717 0.846922 0.000000 -34.669506 0.000000 0.000000 1.000000 0.000000
0.846838 0.531851 0.000000 79.224485 -0.531851 0.846838 0.000000 -34.669815 0.000000 0.000000 1.000000 0.000000
0.846617 0.532203 0.000000 79.224533 -0.532203 0.846617 0.000000 -34.669881 0.000000 0.000000 1.000000 0.000000
0.846558 0.532297 0.000000 79.224685 -0.532297 0.846558 0.000000 -34.669542 0.000000 0.000000 1.000000 0.000000
0.846584 0.532255 0.000000 79.224788 -0.532255 0.846584 0.000000 -34.669713 0.000000 0.000000 1.000000 0.000000
0.846622 0.532194 0.000000 79.224630 -0.532194 0.846622 0.000000 -34.669882 0.000000 0.000000 1.000000 0.000000
0.846615 0.532205 0.000000 79.224640 -0.532205 0.846615 0.000000 -34.669772 0.000000 0.000000 1.000000 0.000000
0.846597 0.532235 0.000000 79.224714 -0.532235 0.846597 0.000000 -34.669721 0.000000 0.000000 1.000000 0.000000
0.846556 0.532299 0.000000 79.224717 -0.532299 0.846556 0.000000 -34.669635 0.000000 0.000000 1.000000 0.000000
0.846563 0.532289 0.000000 79.224675 -0.532289 0.846563 0.000000 -34.669427 0.000000 0.000000 1.000000 0.000000
0.846468 0.532440 0.000000 79.224870 -0.532440 0.846468 0.000000 -34.669463 0.000000 0.000000 1.000000 0.000000
0.846497 0.532393 0.000000 79.224768 -0.532393 0.846497 0.000000 -34.669462 0.000000 0.000000 1.000000 0.000000
0.846498 0.532392 0.000000 79.224764 -0.532392 0.846498 0.000000 -34.669454 0.000000 0.000000 1.000000 0.000000
0.846486 0.532411 0.000000 79.224722 -0.532411 0.846486 0.000000 -34.669270 0.000000 0.000000 1.000000 0.000000
0.846467 0.532442 0.000000 79.224740 -0.532442 0.846467 0.000000 -34.669120 0.000000 0.000000 1.000000 0.000000
0.846524 0.532351 0.000000 79.224558 -0.532351 0.846524 0.000000 -34.669047 0.000000 0.000000 1.000000 0.000000
0.846798 0.531914 0.000000 79.223871 -0.531914 0.846798 0.000000 -34.669231 0.000000 0.000000 1.000000 0.000000
0.846754 0.531985 0.000000 79.222991 -0.531985 0.846754 0.000000 -34.668774 0.000000 0.000000 1.000000 0.000000
0.846713 0.532050 0.000000 79.222894 -0.532050 0.846713 0.000000 -34.668410 0.000000 0.000000 1.000000 0.000000
0.846675 0.532110 0.000000 79.222698 -0.532110 0.846675 0.000000 -34.668360 0.000000 0.000000 1.000000 0.000000
0.846691 0.532086 0.000000 79.222504 -0.532086 0.846691 0.000000 -34.668443 0.000000 0.000000 1.000000 0.000000
0.846858 0.531819 0.000000 79.221660 -0.531819 0.846858 0.000000 -34.668507 0.000000 0.000000 1.000000 0.000000
0.846871 0.531798 0.000000 79.221444 -0.531798 0.846871 0.000000 -34.668462 0.000000 0.000000 1.000000 0.000000
0.846711 0.532054 0.000000 79.221666 -0.532054 0.846711 0.000000 -34.668012 0.000000 0.000000 1.000000 0.000000
0.846368 0.532598 0.000000 79.222558 -0.532598 0.846368 0.000000 -34.666895 0.000000 0.000000 1.000000 0.000000
0.845770 0.533548 0.000000 79.224283 -0.533548 0.845770 0.000000 -34.666162 0.000000 0.000000 1.000000 0.000000
0.845171 0.534496 0.000000 79.226809 -0.534496 0.845171 0.000000 -34.667015 0.000000 0.000000 1.000000 0.000000
0.844857 0.534992 0.000000 79.228115 -0.534992 0.844857 0.000000 -34.668100 0.000000 0.000000 1.000000 0.000000
0.844943 0.534857 0.000000 79.230532 -0.534857 0.844943 0.000000 -34.670879 0.000000 0.000000 1.000000 0.000000
0.845100 0.534609 0.000000 79.235418 -0.534609 0.845100 0.000000 -34.677800 0.000000 0.000000 1.000000 0.000000
0.845737 0.533600 0.000000 79.234730 -0.533600 0.845737 0.000000 -34.680014 0.000000 0.000000 1.000000 0.000000
0.847057 0.531502 0.000000 79.231083 -0.531502 0.847057 0.000000 -34.683647 0.000000 0.000000 1.000000 0.000000
0.847544 0.530725 0.000000 79.228593 -0.530725 0.847544 0.000000 -34.682108 0.000000 0.000000 1.000000 0.000000
0.847781 0.530347 0.000000 79.226561 -0.530347 0.847781 0.000000 -34.682169 0.000000 0.000000 1.000000 0.000000
0.847911 0.530139 0.000000 79.225534 -0.530139 0.847911 0.000000 -34.682819 0.000000 0.000000 1.000000 0.000000
0.848112 0.529817 0.000000 79.225097 -0.529817 0.848112 0.000000 -34.683615 0.000000 0.000000 1.000000 0.000000
0.848120 0.529804 0.000000 79.224744 -0.529804 0.848120 0.000000 -34.683677 0.000000 0.000000 1.000000 0.000000
0.848139 0.529775 0.000000 79.224407 -0.529775 0.848139 0.000000 -34.683297 0.000000 0.000000 1.000000 0.000000
0.848368 0.529407 0.000000 79.223077 -0.529407 0.848368 0.000000 -34.683689 0.000000 0.000000 1.000000 0.000000
0.848345 0.529444 0.000000 79.221501 -0.529444 0.848345 0.000000 -34.683410 0.000000 0.000000 1.000000 0.000000
0.848542 0.529128 0.000000 79.219552 -0.529128 0.848542 0.000000 -34.683416 0.000000 0.000000 1.000000 0.000000
0.848658 0.528942 0.000000 79.218381 -0.528942 0.848658 0.000000 -34.683286 0.000000 0.000000 1.000000 0.000000
0.848693 0.528885 0.000000 79.217542 -0.528885 0.848693 0.000000 -34.682907 0.000000 0.000000 1.000000 0.000000
0.849119 0.528202 0.000000 79.215465 -0.528202 0.849119 0.000000 -34.683642 0.000000 0.000000 1.000000 0.000000
0.849430 0.527702 0.000000 79.214708 -0.527702 0.849430 0.000000 -34.684941 0.000000 0.000000 1.000000 0.000000
0.850053 0.526697 0.000000 79.212576 -0.526697 0.850053 0.000000 -34.685874 0.000000 0.000000 1.000000 0.000000
0.850645 0.525741 0.000000 79.211193 -0.525741 0.850645 0.000000 -34.687909 0.000000 0.000000 1.000000 0.000000
0.850741 0.525584 0.000000 79.210269 -0.525584 0.850741 0.000000 -34.688095 0.000000 0.000000 1.000000 0.000000
0.850579 0.525847 0.000000 79.209705 -0.525847 0.850579 0.000000 -34.687308 0.000000 0.000000 1.000000 0.000000
0.849649 0.527349 0.000000 79.213107 -0.527349 0.849649 0.000000 -34.684799 0.000000 0.000000 1.000000 0.000000
0.848170 0.529724 0.000000 79.222654 -0.529724 0.848170 0.000000 -34.682710 0.000000 0.000000 1.000000 0.000000
0.847284 0.531141 0.000000 79.230178 -0.531141 0.847284 0.000000 -34.682936 0.000000 0.000000 1.000000 0.000000
0.846421 0.532514 0.000000 79.234019 -0.532514 0.846421 0.000000 -34.681764 0.000000 0.000000 1.000000 0.000000
0.845391 0.534148 0.000000 79.237648 -0.534148 0.845391 0.000000 -34.678501 0.000000 0.000000 1.000000 0.000000
0.844095 0.536194 0.000000 79.242530 -0.536194 0.844095 0.000000 -34.675577 0.000000 0.000000 1.000000 0.000000
0.843134 0.537704 0.000000 79.246872 -0.537704 0.843134 0.000000 -34.674870 0.000000 0.000000 1.000000 0.000000
0.842667 0.538436 0.000000 79.254634 -0.538436 0.842667 0.000000 -34.678851 0.000000 0.000000 1.000000 0.000000
0.842736 0.538327 0.000000 79.263917 -0.538327 0.842736 0.000000 -34.686607 0.000000 0.000000 1.000000 0.000000
0.843027 0.537871 0.000000 79.273053 -0.537871 0.843027 0.000000 -34.693647 0.000000 0.000000 1.000000 0.000000
0.843745 0.536744 0.000000 79.282699 -0.536744 0.843745 0.000000 -34.702694 0.000000 0.000000 1.000000 0.000000
0.844542 0.535489 0.000000 79.288523 -0.535489 0.844542 0.000000 -34.708212 0.000000 0.000000 1.000000 0.000000
0.845047 0.534692 0.000000 79.297320 -0.534692 0.845047 0.000000 -34.715782 0.000000 0.000000 1.000000 0.000000
0.845109 0.534594 0.000000 79.307681 -0.534594 0.845109 0.000000 -34.723424 0.000000 0.000000 1.000000 0.000000
0.844901 0.534922 0.000000 79.321641 -0.534922 0.844901 0.000000 -34.729491 0.000000 0.000000 1.000000 0.000000
0.844354 0.535785 0.000000 79.338911 -0.535785 0.844354 0.000000 -34.736392 0.000000 0.000000 1.000000 0.000000
0.843902 0.536498 0.000000 79.354405 -0.536498 0.843902 0.000000 -34.741721 0.000000 0.000000 1.000000 0.000000
0.843575 0.537011 0.000000 79.371956 -0.537011 0.843575 0.000000 -34.749573 0.000000 0.000000 1.000000 0.000000
0.844330 0.535823 0.000000 79.401103 -0.535823 0.844330 0.000000 -34.765409 0.000000 0.000000 1.000000 0.000000
0.844419 0.535683 0.000000 79.416497 -0.535683 0.844419 0.000000 -34.775587 0.000000 0.000000 1.000000 0.000000
0.844902 0.534921 0.000000 79.428353 -0.534921 0.844902 0.000000 -34.784314 0.000000 0.000000 1.000000 0.000000
0.845562 0.533878 0.000000 79.439416 -0.533878 0.845562 0.000000 -34.792824 0.000000 0.000000 1.000000 0.000000
0.846867 0.531805 0.000000 79.448419 -0.531805 0.846867 0.000000 -34.802685 0.000000 0.000000 1.000000 0.000000
0.847723 0.530439 0.000000 79.456622 -0.530439 0.847723 0.000000 -34.812257 0.000000 0.000000 1.000000 0.000000
0.848134 0.529781 0.000000 79.463001 -0.529781 0.848134 0.000000 -34.818101 0.000000 0.000000 1.000000 0.000000
0.848319 0.529485 0.000000 79.469616 -0.529485 0.848319 0.000000 -34.822636 0.000000 0.000000 1.000000 0.000000
0.847857 0.530225 0.000000 79.476574 -0.530225 0.847857 0.000000 -34.822655 0.000000 0.000000 1.000000 0.000000
0.847559 0.530701 0.000000 79.479970 -0.530701 0.847559 0.000000 -34.821610 0.000000 0.000000 1.000000 0.000000
0.846582 0.532259 0.000000 79.487188 -0.532259 0.846582 0.000000 -34.819221 0.000000 0.000000 1.000000 0.000000
0.846432 0.532496 0.000000 79.488707 -0.532496 0.846432 0.000000 -34.818977 0.000000 0.000000 1.000000 0.000000
0.846189 0.532884 0.000000 79.490311 -0.532884 0.846189 0.000000 -34.817390 0.000000 0.000000 1.000000 0.000000
0.846131 0.532975 0.000000 79.489320 -0.532975 0.846131 0.000000 -34.818220 0.000000 0.000000 1.000000 0.000000
0.846676 0.532109 0.000000 79.487868 -0.532109 0.846676 0.000000 -34.820545 0.000000 0.000000 1.000000 0.000000
0.847111 0.531417 0.000000 79.485135 -0.531417 0.847111 0.000000 -34.820883 0.000000 0.000000 1.000000 0.000000
0.847283 0.531142 0.000000 79.483154 -0.531142 0.847283 0.000000 -34.820125 0.000000 0.000000 1.000000 0.000000
0.847286 0.531137 0.000000 79.482319 -0.531137 0.847286 0.000000 -34.819628 0.000000 0.000000 1.000000 0.000000
0.847677 0.530512 0.000000 79.481389 -0.530512 0.847677 0.000000 -34.819526 0.000000 0.000000 1.000000 0.000000
0.847925 0.530117 0.000000 79.480052 -0.530117 0.847925 0.000000 -34.820157 0.000000 0.000000 1.000000 0.000000
0.848483 0.529223 0.000000 79.478807 -0.529223 0.848483 0.000000 -34.822493 0.000000 0.000000 1.000000 0.000000
0.849039 0.528331 0.000000 79.478538 -0.528331 0.849039 0.000000 -34.824721 0.000000 0.000000 1.000000 0.000000
0.849510 0.527573 0.000000 79.477341 -0.527573 0.849510 0.000000 -34.825962 0.000000 0.000000 1.000000 0.000000
0.850237 0.526400 0.000000 79.474949 -0.526400 0.850237 0.000000 -34.827420 0.000000 0.000000 1.000000 0.000000
0.850564 0.525872 0.000000 79.474627 -0.525872 0.850564 0.000000 -34.827167 0.000000 0.000000 1.000000 0.000000
0.851042 0.525098 0.000000 79.474444 -0.525098 0.851042 0.000000 -34.828268 0.000000 0.000000 1.000000 0.000000
0.851331 0.524629 0.000000 79.474165 -0.524629 0.851331 0.000000 -34.828172 0.000000 0.000000 1.000000 0.000000
0.851465 0.524412 0.000000 79.474384 -0.524412 0.851465 0.000000 -34.827872 0.000000 0.000000 1.000000 0.000000
0.851907 0.523693 0.000000 79.474269 -0.523693 0.851907 0.000000 -34.828708 0.000000 0.000000 1.000000 0.000000
0.851983 0.523570 0.000000 79.474499 -0.523570 0.851983 0.000000 -34.827997 0.000000 0.000000 1.000000 0.000000
0.852533 0.522674 0.000000 79.473405 -0.522674 0.852533 0.000000 -34.829250 0.000000 0.000000 1.000000 0.000000
0.853155 0.521658 0.000000 79.472960 -0.521658 0.853155 0.000000 -34.831817 0.000000 0.000000 1.000000 0.000000
