0.999999 0.001618 0.000000 0.577481 -0.001618 0.999999 0.000000 -0.006639 0.000000 0.000000 1.000000 0.000000
0.999997 0.002567 0.000000 1.127451 -0.002567 0.999997 0.000000 -0.015409 0.000000 0.000000 1.000000 0.000000
0.999999 0.001708 0.000000 1.708427 -0.001708 0.999999 0.000000 -0.026480 0.000000 0.000000 1.000000 0.000000
0.999991 0.004135 0.000000 2.293320 -0.004135 0.999991 0.000000 -0.029090 0.000000 0.000000 1.000000 0.000000
0.999945 0.010455 0.000000 2.835988 -0.010455 0.999945 0.000000 -0.028868 0.000000 0.000000 1.000000 0.000000
0.999894 0.014592 0.000000 3.421698 -0.014592 0.999894 0.000000 -0.042112 0.000000 0.000000 1.000000 0.000000
0.999833 0.018263 0.000000 4.558359 -0.018263 0.999833 0.000000 -0.074233 0.000000 0.000000 1.000000 0.000000
0.999802 0.019881 0.000000 5.143152 -0.019881 0.999802 0.000000 -0.085107 0.000000 0.000000 1.000000 0.000000
0.999775 0.021190 0.000000 5.948751 -0.021190 0.999775 0.000000 -0.105331 0.000000 0.000000 1.000000 0.000000
0.999760 0.021907 0.000000 6.521421 -0.021907 0.999760 0.000000 -0.121261 0.000000 0.000000 1.000000 0.000000
0.999741 0.022738 0.000000 7.108179 -0.022738 0.999741 0.000000 -0.138556 0.000000 0.000000 1.000000 0.000000
0.999718 0.023767 0.000000 7.693294 -0.023767 0.999718 0.000000 -0.158783 0.000000 0.000000 1.000000 0.000000
0.999697 0.024596 0.000000 8.238981 -0.024596 0.999697 0.000000 -0.184856 0.000000 0.000000 1.000000 0.000000
0.999665 0.025897 0.000000 8.824081 -0.025897 0.999665 0.000000 -0.202894 0.000000 0.000000 1.000000 0.000000
0.999658 0.026141 0.000000 9.368500 -0.026141 0.999658 0.000000 -0.217296 0.000000 0.000000 1.000000 0.000000
0.999614 0.027791 0.000000 9.946005 -0.027791 0.999614 0.000000 -0.228986 0.000000 0.000000 1.000000 0.000000
0.999597 0.028371 0.000000 10.503044 -0.028371 0.999597 0.000000 -0.245630 0.000000 0.000000 1.000000 0.000000
0.999548 0.030061 0.000000 11.068678 -0.030061 0.999548 0.000000 -0.264693 0.000000 0.000000 1.000000 0.000000
0.999492 0.031874 0.000000 11.644483 -0.031874 0.999492 0.000000 -0.284313 0.000000 0.000000 1.000000 0.000000
0.999432 0.033707 0.000000 12.398715 -0.033707 0.999432 0.000000 -0.314875 0.000000 0.000000 1.000000 0.000000
0.999402 0.034572 0.000000 13.018718 -0.034572 0.999402 0.000000 -0.339011 0.000000 0.000000 1.000000 0.000000
0.999344 0.036210 0.000000 13.562763 -0.036210 0.999344 0.000000 -0.354603 0.000000 0.000000 1.000000 0.000000
0.999271 0.038177 0.000000 14.179247 -0.038177 0.999271 0.000000 -0.367030 0.000000 0.000000 1.000000 0.000000
0.999231 0.039203 0.000000 14.756972 -0.039203 0.999231 0.000000 -0.388195 0.000000 0.000000 1.000000 0.000000
0.999116 0.042035 0.000000 15.332161 -0.042035 0.999116 0.000000 -0.408413 0.000000 0.000000 1.000000 0.000000
0.999030 0.044036 0.000000 15.910573 -0.044036 0.999030 0.000000 -0.438293 0.000000 0.000000 1.000000 0.000000
0.998918 0.046514 0.000000 16.487212 -0.046514 0.998918 0.000000 -0.466089 0.000000 0.000000 1.000000 0.000000
0.998864 0.047648 0.000000 17.061794 -0.047648 0.998864 0.000000 -0.499347 0.000000 0.000000 1.000000 0.000000
0.998750 0.049988 0.000000 17.641443 -0.049988 0.998750 0.000000 -0.533888 0.000000 0.000000 1.000000 0.000000
0.998606 0.052792 0.000000 18.215177 -0.052792 0.998606 0.000000 -0.569507 0.000000 0.000000 1.000000 0.000000
0.998575 0.053361 0.000000 18.787026 -0.053361 0.998575 0.000000 -0.608776 0.000000 0.000000 1.000000 0.000000
0.998364 0.057170 0.000000 19.331277 -0.057170 0.998364 0.000000 -0.642450 0.000000 0.000000 1.000000 0.000000
0.998240 0.059301 0.000000 19.901628 -0.059301 0.998240 0.000000 -0.682063 0.000000 0.000000 1.000000 0.000000
0.998239 0.059315 0.000000 20.997033 -0.059315 0.998239 0.000000 -0.757582 0.000000 0.000000 1.000000 0.000000
0.998369 0.057082 0.000000 21.926871 -0.057082 0.998369 0.000000 -0.834367 0.000000 0.000000 1.000000 0.000000
0.998315 0.058024 0.000000 22.489100 -0.058024 0.998315 0.000000 -0.880162 0.000000 0.000000 1.000000 0.000000
0.998212 0.059779 0.000000 23.054793 -0.059779 0.998212 0.000000 -0.921238 0.000000 0.000000 1.000000 0.000000
0.998272 0.058769 0.000000 23.620403 -0.058769 0.998272 0.000000 -0.973890 0.000000 0.000000 1.000000 0.000000
0.998420 0.056189 0.000000 24.180534 -0.056189 0.998420 0.000000 -1.021377 0.000000 0.000000 1.000000 0.000000
0.998138 0.060989 0.000000 24.767435 -0.060989 0.998138 0.000000 -1.051461 0.000000 0.000000 1.000000 0.000000
0.997633 0.068766 0.000000 25.325731 -0.068766 0.997633 0.000000 -1.091905 0.000000 0.000000 1.000000 0.000000
0.997246 0.074158 0.000000 26.446463 -0.074158 0.997246 0.000000 -1.215301 0.000000 0.000000 1.000000 0.000000
0.997124 0.075794 0.000000 27.004093 -0.075794 0.997124 0.000000 -1.275367 0.000000 0.000000 1.000000 0.000000
0.997109 0.075987 0.000000 27.566011 -0.075987 0.997109 0.000000 -1.335135 0.000000 0.000000 1.000000 0.000000
0.997239 0.074254 0.000000 28.092017 -0.074254 0.997239 0.000000 -1.393311 0.000000 0.000000 1.000000 0.000000
0.997132 0.075684 0.000000 28.652695 -0.075684 0.997132 0.000000 -1.438592 0.000000 0.000000 1.000000 0.000000
0.996940 0.078171 0.000000 29.551088 -0.078171 0.996940 0.000000 -1.525572 0.000000 0.000000 1.000000 0.000000
0.996887 0.078845 0.000000 30.150464 -0.078845 0.996887 0.000000 -1.581258 0.000000 0.000000 1.000000 0.000000
0.996942 0.078142 0.000000 30.709884 -0.078142 0.996942 0.000000 -1.636150 0.000000 0.000000 1.000000 0.000000
0.996899 0.078697 0.000000 31.274073 -0.078697 0.996899 0.000000 -1.689171 0.000000 0.000000 1.000000 0.000000
0.996891 0.078791 0.000000 31.839133 -0.078791 0.996891 0.000000 -1.748863 0.000000 0.000000 1.000000 0.000000
0.996738 0.080700 0.000000 32.399200 -0.080700 0.996738 0.000000 -1.802609 0.000000 0.000000 1.000000 0.000000
0.996759 0.080448 0.000000 32.953731 -0.080448 0.996759 0.000000 -1.862329 0.000000 0.000000 1.000000 0.000000
0.996742 0.080652 0.000000 33.527083 -0.080652 0.996742 0.000000 -1.910481 0.000000 0.000000 1.000000 0.000000
0.996628 0.082057 0.000000 34.087872 -0.082057 0.996628 0.000000 -1.962762 0.000000 0.000000 1.000000 0.000000
0.996516 0.083400 0.000000 34.611018 -0.083400 0.996516 0.000000 -2.011431 0.000000 0.000000 1.000000 0.000000
0.996016 0.089177 0.000000 35.546256 -0.089177 0.996016 0.000000 -2.103305 0.000000 0.000000 1.000000 0.000000
0.995772 0.091861 0.000000 36.103803 -0.091861 0.995772 0.000000 -2.162611 0.000000 0.000000 1.000000 0.000000
0.995692 0.092722 0.000000 36.661104 -0.092722 0.995692 0.000000 -2.218185 0.000000 0.000000 1.000000 0.000000
0.995461 0.095167 0.000000 37.219131 -0.095167 0.995461 0.000000 -2.268315 0.000000 0.000000 1.000000 0.000000
0.995362 0.096201 0.000000 37.774082 -0.096201 0.995362 0.000000 -2.328596 0.000000 0.000000 1.000000 0.000000
0.995263 0.097218 0.000000 38.334206 -0.097218 0.995263 0.000000 -2.388980 0.000000 0.000000 1.000000 0.000000
0.995230 0.097553 0.000000 38.929356 -0.097553 0.995230 0.000000 -2.454136 0.000000 0.000000 1.000000 0.000000
0.995269 0.097154 0.000000 39.460049 -0.097154 0.995269 0.000000 -2.511700 0.000000 0.000000 1.000000 0.000000
0.995357 0.096251 0.000000 40.003826 -0.096251 0.995357 0.000000 -2.571402 0.000000 0.000000 1.000000 0.000000
0.995135 0.098521 0.000000 40.560427 -0.098521 0.995135 0.000000 -2.622226 0.000000 0.000000 1.000000 0.000000
0.994959 0.100287 0.000000 41.115728 -0.100287 0.994959 0.000000 -2.677668 0.000000 0.000000 1.000000 0.000000
0.994843 0.101422 0.000000 41.637020 -0.101422 0.994843 0.000000 -2.734289 0.000000 0.000000 1.000000 0.000000
0.994875 0.101117 0.000000 42.191391 -0.101117 0.994875 0.000000 -2.797066 0.000000 0.000000 1.000000 0.000000
0.994976 0.100118 0.000000 42.713626 -0.100118 0.994976 0.000000 -2.855911 0.000000 0.000000 1.000000 0.000000
0.995006 0.099819 0.000000 43.670425 -0.099819 0.995006 0.000000 -2.970344 0.000000 0.000000 1.000000 0.000000
0.994834 0.101516 0.000000 44.223682 -0.101516 0.994834 0.000000 -3.029946 0.000000 0.000000 1.000000 0.000000
0.994824 0.101615 0.000000 44.782132 -0.101615 0.994824 0.000000 -3.090269 0.000000 0.000000 1.000000 0.000000
0.994259 0.106998 0.000000 45.875067 -0.106998 0.994259 0.000000 -3.193344 0.000000 0.000000 1.000000 0.000000
0.993978 0.109579 0.000000 46.462828 -0.109579 0.993978 0.000000 -3.267706 0.000000 0.000000 1.000000 0.000000
0.994026 0.109146 0.000000 46.954498 -0.109146 0.994026 0.000000 -3.327379 0.000000 0.000000 1.000000 0.000000
0.993998 0.109403 0.000000 47.977298 -0.109403 0.993998 0.000000 -3.446301 0.000000 0.000000 1.000000 0.000000
0.994129 0.108205 0.000000 48.501525 -0.108205 0.994129 0.000000 -3.508774 0.000000 0.000000 1.000000 0.000000
0.994215 0.107410 0.000000 49.014934 -0.107410 0.994215 0.000000 -3.561917 0.000000 0.000000 1.000000 0.000000
0.994109 0.108386 0.000000 49.504196 -0.108386 0.994109 0.000000 -3.615621 0.000000 0.000000 1.000000 0.000000
0.994188 0.107658 0.000000 50.405199 -0.107658 0.994188 0.000000 -3.734704 0.000000 0.000000 1.000000 0.000000
0.993996 0.109417 0.000000 50.913765 -0.109417 0.993996 0.000000 -3.789739 0.000000 0.000000 1.000000 0.000000
0.993426 0.114479 0.000000 51.415607 -0.114479 0.993426 0.000000 -3.841134 0.000000 0.000000 1.000000 0.000000
0.993159 0.116770 0.000000 51.911784 -0.116770 0.993159 0.000000 -3.908251 0.000000 0.000000 1.000000 0.000000
0.993054 0.117662 0.000000 52.400447 -0.117662 0.993054 0.000000 -3.960599 0.000000 0.000000 1.000000 0.000000
0.992762 0.120100 0.000000 52.876659 -0.120100 0.992762 0.000000 -4.010945 0.000000 0.000000 1.000000 0.000000
0.992428 0.122826 0.000000 53.351982 -0.122826 0.992428 0.000000 -4.065593 0.000000 0.000000 1.000000 0.000000
0.992242 0.124320 0.000000 54.063703 -0.124320 0.992242 0.000000 -4.160918 0.000000 0.000000 1.000000 0.000000
0.992327 0.123639 0.000000 54.487258 -0.123639 0.992327 0.000000 -4.212560 0.000000 0.000000 1.000000 0.000000
0.992463 0.122548 0.000000 54.945326 -0.122548 0.992463 0.000000 -4.270622 0.000000 0.000000 1.000000 0.000000
0.992427 0.122835 0.000000 55.386811 -0.122835 0.992427 0.000000 -4.325313 0.000000 0.000000 1.000000 0.000000
0.992589 0.121520 0.000000 55.802595 -0.121520 0.992589 0.000000 -4.386328 0.000000 0.000000 1.000000 0.000000
0.992786 0.119899 0.000000 56.224821 -0.119899 0.992786 0.000000 -4.438415 0.000000 0.000000 1.000000 0.000000
0.992708 0.120542 0.000000 56.954750 -0.120542 0.992708 0.000000 -4.524035 0.000000 0.000000 1.000000 0.000000
0.992635 0.121143 0.000000 57.337097 -0.121143 0.992635 0.000000 -4.568140 0.000000 0.000000 1.000000 0.000000
0.992559 0.121763 0.000000 57.771955 -0.121763 0.992559 0.000000 -4.621649 0.000000 0.000000 1.000000 0.000000
0.992488 0.122338 0.000000 58.166745 -0.122338 0.992488 0.000000 -4.670669 0.000000 0.000000 1.000000 0.000000
0.992393 0.123111 0.000000 58.557613 -0.123111 0.992393 0.000000 -4.720136 0.000000 0.000000 1.000000 0.000000
0.992234 0.124389 0.000000 58.942611 -0.124389 0.992234 0.000000 -4.769657 0.000000 0.000000 1.000000 0.000000
0.992321 0.123693 0.000000 59.321508 -0.123693 0.992321 0.000000 -4.830261 0.000000 0.000000 1.000000 0.000000
0.992304 0.123829 0.000000 59.690785 -0.123829 0.992304 0.000000 -4.875060 0.000000 0.000000 1.000000 0.000000
0.992089 0.125534 0.000000 60.050443 -0.125534 0.992089 0.000000 -4.914692 0.000000 0.000000 1.000000 0.000000
0.991774 0.127998 0.000000 60.411572 -0.127998 0.991774 0.000000 -4.960552 0.000000 0.000000 1.000000 0.000000
0.991616 0.129218 0.000000 61.092627 -0.129218 0.991616 0.000000 -5.061946 0.000000 0.000000 1.000000 0.000000
0.991636 0.129068 0.000000 61.430851 -0.129068 0.991636 0.000000 -5.107820 0.000000 0.000000 1.000000 0.000000
0.991734 0.128310 0.000000 61.743678 -0.128310 0.991734 0.000000 -5.154607 0.000000 0.000000 1.000000 0.000000
0.991545 0.129762 0.000000 62.074809 -0.129762 0.991545 0.000000 -5.201053 0.000000 0.000000 1.000000 0.000000
0.991312 0.131533 0.000000 62.398896 -0.131533 0.991312 0.000000 -5.240171 0.000000 0.000000 1.000000 0.000000
0.990740 0.135775 0.000000 62.697440 -0.135775 0.990740 0.000000 -5.267940 0.000000 0.000000 1.000000 0.000000
0.990277 0.139110 0.000000 63.023625 -0.139110 0.990277 0.000000 -5.315188 0.000000 0.000000 1.000000 0.000000
0.990342 0.138644 0.000000 63.345475 -0.138644 0.990342 0.000000 -5.368107 0.000000 0.000000 1.000000 0.000000
0.990504 0.137484 0.000000 63.859728 -0.137484 0.990504 0.000000 -5.449989 0.000000 0.000000 1.000000 0.000000
0.990312 0.138857 0.000000 64.163992 -0.138857 0.990312 0.000000 -5.493372 0.000000 0.000000 1.000000 0.000000
0.989975 0.141245 0.000000 64.463572 -0.141245 0.989975 0.000000 -5.536731 0.000000 0.000000 1.000000 0.000000
0.989933 0.141536 0.000000 64.776412 -0.141536 0.989933 0.000000 -5.587327 0.000000 0.000000 1.000000 0.000000
0.989655 0.143471 0.000000 65.065163 -0.143471 0.989655 0.000000 -5.632954 0.000000 0.000000 1.000000 0.000000
0.989557 0.144140 0.000000 65.335320 -0.144140 0.989557 0.000000 -5.676173 0.000000 0.000000 1.000000 0.000000
0.989340 0.145627 0.000000 65.636048 -0.145627 0.989340 0.000000 -5.718874 0.000000 0.000000 1.000000 0.000000
0.989234 0.146342 0.000000 65.915037 -0.146342 0.989234 0.000000 -5.762455 0.000000 0.000000 1.000000 0.000000
0.989001 0.147907 0.000000 66.188728 -0.147907 0.989001 0.000000 -5.807097 0.000000 0.000000 1.000000 0.000000
0.988849 0.148920 0.000000 66.649649 -0.148920 0.988849 0.000000 -5.882251 0.000000 0.000000 1.000000 0.000000
0.988662 0.150159 0.000000 66.893691 -0.150159 0.988662 0.000000 -5.918906 0.000000 0.000000 1.000000 0.000000
0.988608 0.150512 0.000000 67.175471 -0.150512 0.988608 0.000000 -5.963413 0.000000 0.000000 1.000000 0.000000
0.988523 0.151073 0.000000 67.437871 -0.151073 0.988523 0.000000 -6.006974 0.000000 0.000000 1.000000 0.000000
0.988463 0.151465 0.000000 67.702016 -0.151465 0.988463 0.000000 -6.050840 0.000000 0.000000 1.000000 0.000000
0.988344 0.152238 0.000000 67.966162 -0.152238 0.988344 0.000000 -6.094504 0.000000 0.000000 1.000000 0.000000
0.988376 0.152032 0.000000 68.223650 -0.152032 0.988376 0.000000 -6.137101 0.000000 0.000000 1.000000 0.000000
0.987995 0.154488 0.000000 68.486943 -0.154488 0.987995 0.000000 -6.180442 0.000000 0.000000 1.000000 0.000000
0.987769 0.155923 0.000000 68.732871 -0.155923 0.987769 0.000000 -6.223217 0.000000 0.000000 1.000000 0.000000
0.987596 0.157018 0.000000 69.000122 -0.157018 0.987596 0.000000 -6.265065 0.000000 0.000000 1.000000 0.000000
0.987556 0.157268 0.000000 69.248660 -0.157268 0.987556 0.000000 -6.306346 0.000000 0.000000 1.000000 0.000000
0.987388 0.158319 0.000000 69.498514 -0.158319 0.987388 0.000000 -6.347047 0.000000 0.000000 1.000000 0.000000
0.987186 0.159576 0.000000 69.933676 -0.159576 0.987186 0.000000 -6.420257 0.000000 0.000000 1.000000 0.000000
0.987138 0.159868 0.000000 70.203344 -0.159868 0.987138 0.000000 -6.464956 0.000000 0.000000 1.000000 0.000000
0.986969 0.160909 0.000000 70.476937 -0.160909 0.986969 0.000000 -6.511008 0.000000 0.000000 1.000000 0.000000
0.986849 0.161648 0.000000 70.742684 -0.161648 0.986849 0.000000 -6.557390 0.000000 0.000000 1.000000 0.000000
0.986706 0.162514 0.000000 71.018458 -0.162514 0.986706 0.000000 -6.606519 0.000000 0.000000 1.000000 0.000000
0.986589 0.163225 0.000000 71.304718 -0.163225 0.986589 0.000000 -6.660377 0.000000 0.000000 1.000000 0.000000
0.986593 0.163201 0.000000 71.557924 -0.163201 0.986593 0.000000 -6.710430 0.000000 0.000000 1.000000 0.000000
0.986300 0.164964 0.000000 71.841420 -0.164964 0.986300 0.000000 -6.757783 0.000000 0.000000 1.000000 0.000000
0.986060 0.166389 0.000000 72.118704 -0.166389 0.986060 0.000000 -6.807914 0.000000 0.000000 1.000000 0.000000
0.985985 0.166835 0.000000 72.378787 -0.166835 0.985985 0.000000 -6.857589 0.000000 0.000000 1.000000 0.000000
0.985583 0.169195 0.000000 72.659922 -0.169195 0.985583 0.000000 -6.903261 0.000000 0.000000 1.000000 0.000000
0.985369 0.170437 0.000000 72.920678 -0.170437 0.985369 0.000000 -6.952106 0.000000 0.000000 1.000000 0.000000
0.984585 0.174908 0.000000 73.702116 -0.174908 0.984585 0.000000 -7.079118 0.000000 0.000000 1.000000 0.000000
0.984095 0.177640 0.000000 73.989649 -0.177640 0.984095 0.000000 -7.127588 0.000000 0.000000 1.000000 0.000000
0.983834 0.179085 0.000000 74.280223 -0.179085 0.983834 0.000000 -7.181482 0.000000 0.000000 1.000000 0.000000
0.984012 0.178103 0.000000 74.568964 -0.178103 0.984012 0.000000 -7.239866 0.000000 0.000000 1.000000 0.000000
0.983949 0.178452 0.000000 74.862197 -0.178452 0.983949 0.000000 -7.291597 0.000000 0.000000 1.000000 0.000000
0.983287 0.182062 0.000000 75.445177 -0.182062 0.983287 0.000000 -7.402677 0.000000 0.000000 1.000000 0.000000
0.983239 0.182323 0.000000 75.744894 -0.182323 0.983239 0.000000 -7.461400 0.000000 0.000000 1.000000 0.000000
0.983104 0.183050 0.000000 76.033101 -0.183050 0.983104 0.000000 -7.519105 0.000000 0.000000 1.000000 0.000000
0.982443 0.186563 0.000000 76.503505 -0.186563 0.982443 0.000000 -7.610042 0.000000 0.000000 1.000000 0.000000
0.981406 0.191942 0.000000 76.822865 -0.191942 0.981406 0.000000 -7.666306 0.000000 0.000000 1.000000 0.000000
0.980402 0.197007 0.000000 77.355305 -0.197007 0.980402 0.000000 -7.781827 0.000000 0.000000 1.000000 0.000000
0.980277 0.197630 0.000000 77.688364 -0.197630 0.980277 0.000000 -7.849538 0.000000 0.000000 1.000000 0.000000
0.979574 0.201084 0.000000 78.024841 -0.201084 0.979574 0.000000 -7.902442 0.000000 0.000000 1.000000 0.000000
0.979126 0.203256 0.000000 78.350664 -0.203256 0.979126 0.000000 -7.971173 0.000000 0.000000 1.000000 0.000000
0.978855 0.204554 0.000000 78.702736 -0.204554 0.978855 0.000000 -8.046388 0.000000 0.000000 1.000000 0.000000
0.979066 0.203541 0.000000 79.270939 -0.203541 0.979066 0.000000 -8.177620 0.000000 0.000000 1.000000 0.000000
0.979308 0.202378 0.000000 79.619387 -0.202378 0.979308 0.000000 -8.249542 0.000000 0.000000 1.000000 0.000000
0.979199 0.202904 0.000000 80.001858 -0.202904 0.979199 0.000000 -8.327272 0.000000 0.000000 1.000000 0.000000
0.979131 0.203232 0.000000 80.358668 -0.203232 0.979131 0.000000 -8.404311 0.000000 0.000000 1.000000 0.000000
0.979069 0.203527 0.000000 81.008754 -0.203527 0.979069 0.000000 -8.538710 0.000000 0.000000 1.000000 0.000000
0.979583 0.201042 0.000000 81.668232 -0.201042 0.979583 0.000000 -8.691329 0.000000 0.000000 1.000000 0.000000
0.979945 0.199266 0.000000 82.059662 -0.199266 0.979945 0.000000 -8.778279 0.000000 0.000000 1.000000 0.000000
0.979603 0.200942 0.000000 82.479471 -0.200942 0.979603 0.000000 -8.858334 0.000000 0.000000 1.000000 0.000000
0.979355 0.202150 0.000000 82.874568 -0.202150 0.979355 0.000000 -8.949178 0.000000 0.000000 1.000000 0.000000
0.979052 0.203613 0.000000 83.302859 -0.203613 0.979052 0.000000 -9.047257 0.000000 0.000000 1.000000 0.000000
0.979118 0.203293 0.000000 83.706011 -0.203293 0.979118 0.000000 -9.137686 0.000000 0.000000 1.000000 0.000000
0.979801 0.199973 0.000000 84.152880 -0.199973 0.979801 0.000000 -9.232082 0.000000 0.000000 1.000000 0.000000
0.980266 0.197685 0.000000 84.837536 -0.197685 0.980266 0.000000 -9.362471 0.000000 0.000000 1.000000 0.000000
0.980546 0.196288 0.000000 85.640424 -0.196288 0.980546 0.000000 -9.533970 0.000000 0.000000 1.000000 0.000000
0.980115 0.198428 0.000000 86.113106 -0.198428 0.980115 0.000000 -9.633172 0.000000 0.000000 1.000000 0.000000
0.979495 0.201468 0.000000 86.588988 -0.201468 0.979495 0.000000 -9.736741 0.000000 0.000000 1.000000 0.000000
0.978596 0.205792 0.000000 87.052764 -0.205792 0.978596 0.000000 -9.826343 0.000000 0.000000 1.000000 0.000000
0.978144 0.207928 0.000000 87.556054 -0.207928 0.978144 0.000000 -9.931927 0.000000 0.000000 1.000000 0.000000
0.977635 0.210311 0.000000 88.003099 -0.210311 0.977635 0.000000 -10.021323 0.000000 0.000000 1.000000 0.000000
0.976782 0.214234 0.000000 88.501149 -0.214234 0.976782 0.000000 -10.127825 0.000000 0.000000 1.000000 0.000000
0.976131 0.217181 0.000000 89.011705 -0.217181 0.976131 0.000000 -10.241260 0.000000 0.000000 1.000000 0.000000
0.975546 0.219797 0.000000 89.528252 -0.219797 0.975546 0.000000 -10.355857 0.000000 0.000000 1.000000 0.000000
0.975151 0.221542 0.000000 90.014610 -0.221542 0.975151 0.000000 -10.471755 0.000000 0.000000 1.000000 0.000000
0.974564 0.224111 0.000000 90.537162 -0.224111 0.974564 0.000000 -10.592896 0.000000 0.000000 1.000000 0.000000
0.974141 0.225942 0.000000 91.482393 -0.225942 0.974141 0.000000 -10.829061 0.000000 0.000000 1.000000 0.000000
0.974098 0.226126 0.000000 92.017393 -0.226126 0.974098 0.000000 -10.960877 0.000000 0.000000 1.000000 0.000000
0.973351 0.229319 0.000000 92.560223 -0.229319 0.973351 0.000000 -11.080465 0.000000 0.000000 1.000000 0.000000
0.972257 0.233917 0.000000 93.105029 -0.233917 0.972257 0.000000 -11.211569 0.000000 0.000000 1.000000 0.000000
0.972019 0.234901 0.000000 93.654552 -0.234901 0.972019 0.000000 -11.359750 0.000000 0.000000 1.000000 0.000000
0.971598 0.236637 0.000000 94.492812 -0.236637 0.971598 0.000000 -11.568935 0.000000 0.000000 1.000000 0.000000
0.970312 0.241856 0.000000 95.019740 -0.241856 0.970312 0.000000 -11.700359 0.000000 0.000000 1.000000 0.000000
0.968272 0.249899 0.000000 96.115029 -0.249899 0.968272 0.000000 -11.985558 0.000000 0.000000 1.000000 0.000000
0.967072 0.254505 0.000000 96.846394 -0.254505 0.967072 0.000000 -12.171789 0.000000 0.000000 1.000000 0.000000
0.965938 0.258775 0.000000 97.424443 -0.258775 0.965938 0.000000 -12.324745 0.000000 0.000000 1.000000 0.000000
0.964506 0.264061 0.000000 98.003235 -0.264061 0.964506 0.000000 -12.491829 0.000000 0.000000 1.000000 0.000000
0.963774 0.266719 0.000000 98.587484 -0.266719 0.963774 0.000000 -12.655421 0.000000 0.000000 1.000000 0.000000
0.963426 0.267975 0.000000 99.173952 -0.267975 0.963426 0.000000 -12.820573 0.000000 0.000000 1.000000 0.000000
0.962700 0.270571 0.000000 99.791756 -0.270571 0.962700 0.000000 -12.998308 0.000000 0.000000 1.000000 0.000000
0.961706 0.274084 0.000000 100.354921 -0.274084 0.961706 0.000000 -13.162584 0.000000 0.000000 1.000000 0.000000
0.961097 0.276211 0.000000 100.934639 -0.276211 0.961097 0.000000 -13.333304 0.000000 0.000000 1.000000 0.000000
0.961352 0.275321 0.000000 101.526274 -0.275321 0.961352 0.000000 -13.514417 0.000000 0.000000 1.000000 0.000000
0.962078 0.272775 0.000000 102.084547 -0.272775 0.962078 0.000000 -13.681696 0.000000 0.000000 1.000000 0.000000
0.962060 0.272839 0.000000 102.685269 -0.272839 0.962060 0.000000 -13.860249 0.000000 0.000000 1.000000 0.000000
0.961755 0.273911 0.000000 103.286880 -0.273911 0.961755 0.000000 -14.037123 0.000000 0.000000 1.000000 0.000000
0.961640 0.274314 0.000000 103.847852 -0.274314 0.961640 0.000000 -14.200043 0.000000 0.000000 1.000000 0.000000
0.961293 0.275528 0.000000 104.920766 -0.275528 0.961293 0.000000 -14.511107 0.000000 0.000000 1.000000 0.000000
0.961071 0.276303 0.000000 105.568475 -0.276303 0.961071 0.000000 -14.708221 0.000000 0.000000 1.000000 0.000000
0.960509 0.278250 0.000000 106.172707 -0.278250 0.960509 0.000000 -14.888669 0.000000 0.000000 1.000000 0.000000
0.959621 0.281296 0.000000 106.789124 -0.281296 0.959621 0.000000 -15.071620 0.000000 0.000000 1.000000 0.000000
0.959618 0.281306 0.000000 107.379682 -0.281306 0.959618 0.000000 -15.257415 0.000000 0.000000 1.000000 0.000000
0.959767 0.280798 0.000000 107.995372 -0.280798 0.959767 0.000000 -15.443269 0.000000 0.000000 1.000000 0.000000
0.959754 0.280842 0.000000 108.570928 -0.280842 0.959754 0.000000 -15.614601 0.000000 0.000000 1.000000 0.000000
0.959716 0.280971 0.000000 109.191955 -0.280971 0.959716 0.000000 -15.798580 0.000000 0.000000 1.000000 0.000000
0.959308 0.282362 0.000000 109.770056 -0.282362 0.959308 0.000000 -15.978957 0.000000 0.000000 1.000000 0.000000
0.958502 0.285086 0.000000 110.397143 -0.285086 0.958502 0.000000 -16.179760 0.000000 0.000000 1.000000 0.000000
0.958109 0.286404 0.000000 111.019642 -0.286404 0.958109 0.000000 -16.372027 0.000000 0.000000 1.000000 0.000000
0.958173 0.286188 0.000000 111.649734 -0.286188 0.958173 0.000000 -16.569174 0.000000 0.000000 1.000000 0.000000
0.958199 0.286103 0.000000 112.438355 -0.286103 0.958199 0.000000 -16.808934 0.000000 0.000000 1.000000 0.000000
0.957251 0.289257 0.000000 113.033766 -0.289257 0.957251 0.000000 -16.982508 0.000000 0.000000 1.000000 0.000000
0.956761 0.290874 0.000000 113.668773 -0.290874 0.956761 0.000000 -17.197819 0.000000 0.000000 1.000000 0.000000
0.957095 0.289774 0.000000 114.671846 -0.289774 0.957095 0.000000 -17.513059 0.000000 0.000000 1.000000 0.000000
0.956981 0.290150 0.000000 115.309118 -0.290150 0.956981 0.000000 -17.717178 0.000000 0.000000 1.000000 0.000000
0.956289 0.292424 0.000000 115.951888 -0.292424 0.956289 0.000000 -17.924277 0.000000 0.000000 1.000000 0.000000
0.956064 0.293157 0.000000 116.595589 -0.293157 0.956064 0.000000 -18.145448 0.000000 0.000000 1.000000 0.000000
0.955909 0.293664 0.000000 117.225050 -0.293664 0.955909 0.000000 -18.355316 0.000000 0.000000 1.000000 0.000000
0.956153 0.292868 0.000000 117.872625 -0.292868 0.956153 0.000000 -18.573074 0.000000 0.000000 1.000000 0.000000
0.956266 0.292498 0.000000 118.474445 -0.292498 0.956266 0.000000 -18.769716 0.000000 0.000000 1.000000 0.000000
0.957209 0.289397 0.000000 119.605350 -0.289397 0.957209 0.000000 -19.144050 0.000000 0.000000 1.000000 0.000000
0.957750 0.287602 0.000000 120.248998 -0.287602 0.957750 0.000000 -19.353714 0.000000 0.000000 1.000000 0.000000
0.958002 0.286763 0.000000 120.896881 -0.286763 0.958002 0.000000 -19.564061 0.000000 0.000000 1.000000 0.000000
0.957917 0.287045 0.000000 121.541313 -0.287045 0.957917 0.000000 -19.766310 0.000000 0.000000 1.000000 0.000000
0.958482 0.285152 0.000000 122.850455 -0.285152 0.958482 0.000000 -20.188215 0.000000 0.000000 1.000000 0.000000
0.958148 0.286275 0.000000 123.445575 -0.286275 0.958148 0.000000 -20.377761 0.000000 0.000000 1.000000 0.000000
0.958348 0.285605 0.000000 124.087958 -0.285605 0.958348 0.000000 -20.588635 0.000000 0.000000 1.000000 0.000000
0.958197 0.286108 0.000000 124.688801 -0.286108 0.958197 0.000000 -20.772255 0.000000 0.000000 1.000000 0.000000
0.957507 0.288411 0.000000 125.289215 -0.288411 0.957507 0.000000 -20.955713 0.000000 0.000000 1.000000 0.000000
0.966784 0.255594 0.000000 130.169655 -0.255594 0.966784 0.000000 -22.481419 0.000000 0.000000 1.000000 0.000000
0.966883 0.255219 0.000000 130.819123 -0.255219 0.966883 0.000000 -22.650638 0.000000 0.000000 1.000000 0.000000
0.967458 0.253032 0.000000 131.430112 -0.253032 0.967458 0.000000 -22.818891 0.000000 0.000000 1.000000 0.000000
0.967700 0.252104 0.000000 132.061431 -0.252104 0.967700 0.000000 -22.997968 0.000000 0.000000 1.000000 0.000000
0.968331 0.249671 0.000000 132.668612 -0.249671 0.968331 0.000000 -23.175653 0.000000 0.000000 1.000000 0.000000
0.968343 0.249621 0.000000 133.287131 -0.249621 0.968343 0.000000 -23.342695 0.000000 0.000000 1.000000 0.000000
0.968299 0.249794 0.000000 133.919686 -0.249794 0.968299 0.000000 -23.529109 0.000000 0.000000 1.000000 0.000000
0.968301 0.249787 0.000000 134.730451 -0.249787 0.968301 0.000000 -23.754488 0.000000 0.000000 1.000000 0.000000
0.967671 0.252216 0.000000 135.357936 -0.252216 0.967671 0.000000 -23.920007 0.000000 0.000000 1.000000 0.000000
0.967169 0.254133 0.000000 135.989029 -0.254133 0.967169 0.000000 -24.084526 0.000000 0.000000 1.000000 0.000000
0.967258 0.253794 0.000000 136.905580 -0.253794 0.967258 0.000000 -24.337757 0.000000 0.000000 1.000000 0.000000
0.967381 0.253327 0.000000 137.527066 -0.253327 0.967381 0.000000 -24.509457 0.000000 0.000000 1.000000 0.000000
0.967552 0.252671 0.000000 138.157222 -0.252671 0.967552 0.000000 -24.683747 0.000000 0.000000 1.000000 0.000000
0.967760 0.251875 0.000000 138.778083 -0.251875 0.967760 0.000000 -24.860499 0.000000 0.000000 1.000000 0.000000
0.967641 0.252330 0.000000 139.397711 -0.252330 0.967641 0.000000 -25.031097 0.000000 0.000000 1.000000 0.000000
0.967399 0.253258 0.000000 140.316977 -0.253258 0.967399 0.000000 -25.289702 0.000000 0.000000 1.000000 0.000000
0.967066 0.254527 0.000000 140.916936 -0.254527 0.967066 0.000000 -25.455106 0.000000 0.000000 1.000000 0.000000
0.966609 0.256257 0.000000 141.530127 -0.256257 0.966609 0.000000 -25.629079 0.000000 0.000000 1.000000 0.000000
0.965907 0.258890 0.000000 142.103263 -0.258890 0.965907 0.000000 -25.790269 0.000000 0.000000 1.000000 0.000000
0.965357 0.260933 0.000000 142.895908 -0.260933 0.965357 0.000000 -26.021845 0.000000 0.000000 1.000000 0.000000
0.965399 0.260778 0.000000 143.503024 -0.260778 0.965399 0.000000 -26.199369 0.000000 0.000000 1.000000 0.000000
0.965693 0.259686 0.000000 144.108853 -0.259686 0.965693 0.000000 -26.377592 0.000000 0.000000 1.000000 0.000000
0.966419 0.256972 0.000000 144.711801 -0.256972 0.966419 0.000000 -26.550953 0.000000 0.000000 1.000000 0.000000
0.966680 0.255990 0.000000 145.317989 -0.255990 0.966680 0.000000 -26.719739 0.000000 0.000000 1.000000 0.000000
0.967531 0.252753 0.000000 146.483502 -0.252753 0.967531 0.000000 -27.056649 0.000000 0.000000 1.000000 0.000000
0.967002 0.254770 0.000000 147.042009 -0.254770 0.967002 0.000000 -27.197245 0.000000 0.000000 1.000000 0.000000
0.966872 0.255260 0.000000 147.625654 -0.255260 0.966872 0.000000 -27.359333 0.000000 0.000000 1.000000 0.000000
0.966684 0.255973 0.000000 148.209670 -0.255973 0.966684 0.000000 -27.520677 0.000000 0.000000 1.000000 0.000000
0.966953 0.254955 0.000000 148.762016 -0.254955 0.966953 0.000000 -27.679455 0.000000 0.000000 1.000000 0.000000
0.967770 0.251834 0.000000 149.347231 -0.251834 0.967770 0.000000 -27.852303 0.000000 0.000000 1.000000 0.000000
0.968183 0.250242 0.000000 150.061697 -0.250242 0.968183 0.000000 -28.054703 0.000000 0.000000 1.000000 0.000000
0.968460 0.249168 0.000000 150.641804 -0.249168 0.968460 0.000000 -28.220600 0.000000 0.000000 1.000000 0.000000
0.968499 0.249018 0.000000 151.178914 -0.249018 0.968499 0.000000 -28.370822 0.000000 0.000000 1.000000 0.000000
0.968045 0.250775 0.000000 151.761875 -0.250775 0.968045 0.000000 -28.531025 0.000000 0.000000 1.000000 0.000000
0.967808 0.251691 0.000000 152.337095 -0.251691 0.967808 0.000000 -28.690844 0.000000 0.000000 1.000000 0.000000
0.967671 0.252215 0.000000 152.877157 -0.252215 0.967671 0.000000 -28.841667 0.000000 0.000000 1.000000 0.000000
0.968250 0.249985 0.000000 153.452598 -0.249985 0.968250 0.000000 -29.005258 0.000000 0.000000 1.000000 0.000000
0.968222 0.250093 0.000000 153.993857 -0.250093 0.968222 0.000000 -29.151043 0.000000 0.000000 1.000000 0.000000
0.967756 0.251890 0.000000 154.567268 -0.251890 0.967756 0.000000 -29.309099 0.000000 0.000000 1.000000 0.000000
0.967070 0.254511 0.000000 155.135988 -0.254511 0.967070 0.000000 -29.459939 0.000000 0.000000 1.000000 0.000000
0.966115 0.258111 0.000000 155.864881 -0.258111 0.966115 0.000000 -29.655816 0.000000 0.000000 1.000000 0.000000
0.965676 0.259749 0.000000 156.400488 -0.259749 0.965676 0.000000 -29.798574 0.000000 0.000000 1.000000 0.000000
0.965239 0.261367 0.000000 156.962071 -0.261367 0.965239 0.000000 -29.957672 0.000000 0.000000 1.000000 0.000000
0.965074 0.261979 0.000000 157.491782 -0.261979 0.965074 0.000000 -30.106109 0.000000 0.000000 1.000000 0.000000
0.965529 0.260294 0.000000 158.051579 -0.260294 0.965529 0.000000 -30.264835 0.000000 0.000000 1.000000 0.000000
0.965627 0.259933 0.000000 158.582518 -0.259933 0.965627 0.000000 -30.410677 0.000000 0.000000 1.000000 0.000000
0.965655 0.259829 0.000000 159.304465 -0.259829 0.965655 0.000000 -30.615703 0.000000 0.000000 1.000000 0.000000
0.964978 0.262331 0.000000 159.838242 -0.262331 0.964978 0.000000 -30.747700 0.000000 0.000000 1.000000 0.000000
0.963983 0.265962 0.000000 160.389567 -0.265962 0.963983 0.000000 -30.918629 0.000000 0.000000 1.000000 0.000000
0.964605 0.263699 0.000000 160.908551 -0.263699 0.964605 0.000000 -31.068076 0.000000 0.000000 1.000000 0.000000
0.964979 0.262327 0.000000 161.468154 -0.262327 0.964979 0.000000 -31.221655 0.000000 0.000000 1.000000 0.000000
0.964881 0.262687 0.000000 161.990980 -0.262687 0.964881 0.000000 -31.369163 0.000000 0.000000 1.000000 0.000000
0.964243 0.265019 0.000000 162.740635 -0.265019 0.964243 0.000000 -31.574291 0.000000 0.000000 1.000000 0.000000
0.964438 0.264308 0.000000 163.300456 -0.264308 0.964438 0.000000 -31.734613 0.000000 0.000000 1.000000 0.000000
0.965302 0.261137 0.000000 163.851857 -0.261137 0.965302 0.000000 -31.897522 0.000000 0.000000 1.000000 0.000000
0.966132 0.258048 0.000000 164.401908 -0.258048 0.966132 0.000000 -32.060412 0.000000 0.000000 1.000000 0.000000
0.966199 0.257798 0.000000 164.955834 -0.257798 0.966199 0.000000 -32.212119 0.000000 0.000000 1.000000 0.000000
0.966306 0.257395 0.000000 165.501165 -0.257395 0.966306 0.000000 -32.376788 0.000000 0.000000 1.000000 0.000000
0.967333 0.253508 0.000000 166.050544 -0.253508 0.967333 0.000000 -32.541289 0.000000 0.000000 1.000000 0.000000
0.968390 0.249440 0.000000 166.575490 -0.249440 0.968390 0.000000 -32.693530 0.000000 0.000000 1.000000 0.000000
0.969007 0.247032 0.000000 167.122165 -0.247032 0.969007 0.000000 -32.848985 0.000000 0.000000 1.000000 0.000000
0.969586 0.244749 0.000000 167.680532 -0.244749 0.969586 0.000000 -33.007475 0.000000 0.000000 1.000000 0.000000
0.969908 0.243472 0.000000 168.198874 -0.243472 0.969908 0.000000 -33.157350 0.000000 0.000000 1.000000 0.000000
0.970623 0.240606 0.000000 168.760560 -0.240606 0.970623 0.000000 -33.316954 0.000000 0.000000 1.000000 0.000000
0.971073 0.238781 0.000000 169.284043 -0.238781 0.971073 0.000000 -33.458362 0.000000 0.000000 1.000000 0.000000
0.971819 0.235729 0.000000 169.839970 -0.235729 0.971819 0.000000 -33.615798 0.000000 0.000000 1.000000 0.000000
0.973222 0.229866 0.000000 170.388968 -0.229866 0.973222 0.000000 -33.768083 0.000000 0.000000 1.000000 0.000000
0.974420 0.224733 0.000000 170.959966 -0.224733 0.974420 0.000000 -33.921179 0.000000 0.000000 1.000000 0.000000
0.975461 0.220171 0.000000 171.479098 -0.220171 0.975461 0.000000 -34.055483 0.000000 0.000000 1.000000 0.000000
0.976699 0.214613 0.000000 172.030610 -0.214613 0.976699 0.000000 -34.198966 0.000000 0.000000 1.000000 0.000000
0.978065 0.208298 0.000000 172.541010 -0.208298 0.978065 0.000000 -34.327330 0.000000 0.000000 1.000000 0.000000
0.979168 0.203052 0.000000 173.103829 -0.203052 0.979168 0.000000 -34.460712 0.000000 0.000000 1.000000 0.000000
0.979974 0.199125 0.000000 173.835000 -0.199125 0.979974 0.000000 -34.620778 0.000000 0.000000 1.000000 0.000000
0.980586 0.196090 0.000000 174.392301 -0.196090 0.980586 0.000000 -34.744297 0.000000 0.000000 1.000000 0.000000
0.980739 0.195324 0.000000 174.902240 -0.195324 0.980739 0.000000 -34.859818 0.000000 0.000000 1.000000 0.000000
0.980949 0.194267 0.000000 175.468952 -0.194267 0.980949 0.000000 -34.987636 0.000000 0.000000 1.000000 0.000000
0.981524 0.191337 0.000000 176.166430 -0.191337 0.981524 0.000000 -35.139752 0.000000 0.000000 1.000000 0.000000
0.982676 0.185330 0.000000 177.266593 -0.185330 0.982676 0.000000 -35.379126 0.000000 0.000000 1.000000 0.000000
0.983395 0.181480 0.000000 177.815651 -0.181480 0.983395 0.000000 -35.488443 0.000000 0.000000 1.000000 0.000000
0.983591 0.180412 0.000000 178.371744 -0.180412 0.983591 0.000000 -35.594007 0.000000 0.000000 1.000000 0.000000
0.984043 0.177928 0.000000 178.920250 -0.177928 0.984043 0.000000 -35.706233 0.000000 0.000000 1.000000 0.000000
0.984526 0.175238 0.000000 179.467039 -0.175238 0.984526 0.000000 -35.811650 0.000000 0.000000 1.000000 0.000000
0.984567 0.175009 0.000000 180.011952 -0.175009 0.984567 0.000000 -35.913590 0.000000 0.000000 1.000000 0.000000
0.984671 0.174421 0.000000 180.580851 -0.174421 0.984671 0.000000 -36.024806 0.000000 0.000000 1.000000 0.000000
0.984572 0.174979 0.000000 181.124831 -0.174979 0.984572 0.000000 -36.124557 0.000000 0.000000 1.000000 0.000000
0.984322 0.176382 0.000000 181.630164 -0.176382 0.984322 0.000000 -36.224425 0.000000 0.000000 1.000000 0.000000
0.984313 0.176431 0.000000 182.134380 -0.176431 0.984313 0.000000 -36.323925 0.000000 0.000000 1.000000 0.000000
0.984559 0.175054 0.000000 182.677479 -0.175054 0.984559 0.000000 -36.427662 0.000000 0.000000 1.000000 0.000000
0.984902 0.173115 0.000000 183.186567 -0.173115 0.984902 0.000000 -36.521803 0.000000 0.000000 1.000000 0.000000
0.985262 0.171054 0.000000 183.726744 -0.171054 0.985262 0.000000 -36.616568 0.000000 0.000000 1.000000 0.000000
0.985325 0.170691 0.000000 184.239509 -0.170691 0.985325 0.000000 -36.706241 0.000000 0.000000 1.000000 0.000000
0.985407 0.170215 0.000000 184.779613 -0.170215 0.985407 0.000000 -36.805782 0.000000 0.000000 1.000000 0.000000
0.985980 0.166866 0.000000 185.279340 -0.166866 0.985980 0.000000 -36.899680 0.000000 0.000000 1.000000 0.000000
0.986469 0.163950 0.000000 185.815248 -0.163950 0.986469 0.000000 -36.994439 0.000000 0.000000 1.000000 0.000000
0.986620 0.163035 0.000000 186.309831 -0.163035 0.986620 0.000000 -37.077530 0.000000 0.000000 1.000000 0.000000
0.986581 0.163271 0.000000 186.845386 -0.163271 0.986581 0.000000 -37.167303 0.000000 0.000000 1.000000 0.000000
0.986436 0.164149 0.000000 187.342171 -0.164149 0.986436 0.000000 -37.244538 0.000000 0.000000 1.000000 0.000000
0.986456 0.164025 0.000000 187.872631 -0.164025 0.986456 0.000000 -37.336284 0.000000 0.000000 1.000000 0.000000
0.987153 0.159777 0.000000 188.529771 -0.159777 0.987153 0.000000 -37.460997 0.000000 0.000000 1.000000 0.000000
0.987908 0.155044 0.000000 189.050546 -0.155044 0.987908 0.000000 -37.557010 0.000000 0.000000 1.000000 0.000000
0.988147 0.153509 0.000000 189.566039 -0.153509 0.988147 0.000000 -37.642137 0.000000 0.000000 1.000000 0.000000
0.988653 0.150220 0.000000 190.059590 -0.150220 0.988653 0.000000 -37.728546 0.000000 0.000000 1.000000 0.000000
0.989465 0.144769 0.000000 190.782457 -0.144769 0.989465 0.000000 -37.846068 0.000000 0.000000 1.000000 0.000000
0.989893 0.141818 0.000000 191.302413 -0.141818 0.989893 0.000000 -37.930911 0.000000 0.000000 1.000000 0.000000
0.990047 0.140740 0.000000 191.823185 -0.140740 0.990047 0.000000 -38.012823 0.000000 0.000000 1.000000 0.000000
0.990614 0.136688 0.000000 192.331439 -0.136688 0.990614 0.000000 -38.098699 0.000000 0.000000 1.000000 0.000000
0.991470 0.130335 0.000000 192.850341 -0.130335 0.991470 0.000000 -38.176107 0.000000 0.000000 1.000000 0.000000
0.992602 0.121412 0.000000 193.871149 -0.121412 0.992602 0.000000 -38.301559 0.000000 0.000000 1.000000 0.000000
0.993389 0.114796 0.000000 194.366517 -0.114796 0.993389 0.000000 -38.363118 0.000000 0.000000 1.000000 0.000000
0.994401 0.105673 0.000000 194.863984 -0.105673 0.994401 0.000000 -38.429225 0.000000 0.000000 1.000000 0.000000
0.995129 0.098581 0.000000 195.325876 -0.098581 0.995129 0.000000 -38.480666 0.000000 0.000000 1.000000 0.000000
0.995986 0.089508 0.000000 195.823881 -0.089508 0.995986 0.000000 -38.535396 0.000000 0.000000 1.000000 0.000000
0.996801 0.079919 0.000000 196.293448 -0.079919 0.996801 0.000000 -38.583773 0.000000 0.000000 1.000000 0.000000
0.998102 0.061583 0.000000 197.243900 -0.061583 0.998102 0.000000 -38.671836 0.000000 0.000000 1.000000 0.000000
0.998744 0.050107 0.000000 197.732342 -0.050107 0.998744 0.000000 -38.710796 0.000000 0.000000 1.000000 0.000000
0.999152 0.041168 0.000000 198.187481 -0.041168 0.999152 0.000000 -38.737378 0.000000 0.000000 1.000000 0.000000
0.999661 0.026018 0.000000 198.872254 -0.026018 0.999661 0.000000 -38.780359 0.000000 0.000000 1.000000 0.000000
0.999892 0.014679 0.000000 199.352422 -0.014679 0.999892 0.000000 -38.800457 0.000000 0.000000 1.000000 0.000000
0.999995 0.003073 0.000000 199.824764 -0.003073 0.999995 0.000000 -38.818840 0.000000 0.000000 1.000000 0.000000
0.999981 -0.006106 0.000000 200.269207 0.006106 0.999981 0.000000 -38.829574 0.000000 0.000000 1.000000 0.000000
0.999824 -0.018762 0.000000 200.734354 0.018762 0.999824 0.000000 -38.844571 0.000000 0.000000 1.000000 0.000000
0.999510 -0.031314 0.000000 201.204948 0.031314 0.999510 0.000000 -38.844924 0.000000 0.000000 1.000000 0.000000
