1.000000 -0.000027 0.000000 0.596874 0.000027 1.000000 0.000000 -0.009502 0.000000 0.000000 1.000000 0.000000
0.999998 0.001964 0.000000 1.418365 -0.001964 0.999998 0.000000 -0.021968 0.000000 0.000000 1.000000 0.000000
0.999996 0.002873 0.000000 2.002224 -0.002873 0.999996 0.000000 -0.038643 0.000000 0.000000 1.000000 0.000000
0.999993 0.003855 0.000000 2.560198 -0.003855 0.999993 0.000000 -0.049245 0.000000 0.000000 1.000000 0.000000
0.999960 0.008922 0.000000 3.145923 -0.008922 0.999960 0.000000 -0.053145 0.000000 0.000000 1.000000 0.000000
0.999899 0.014181 0.000000 3.683153 -0.014181 0.999899 0.000000 -0.062452 0.000000 0.000000 1.000000 0.000000
0.999795 0.020232 0.000000 4.262424 -0.020232 0.999795 0.000000 -0.076650 0.000000 0.000000 1.000000 0.000000
0.999662 0.026001 0.000000 4.798209 -0.026001 0.999662 0.000000 -0.091924 0.000000 0.000000 1.000000 0.000000
0.999493 0.031826 0.000000 5.514462 -0.031826 0.999493 0.000000 -0.127587 0.000000 0.000000 1.000000 0.000000
0.999376 0.035325 0.000000 6.087763 -0.035325 0.999376 0.000000 -0.157849 0.000000 0.000000 1.000000 0.000000
0.999211 0.039728 0.000000 6.661761 -0.039728 0.999211 0.000000 -0.182706 0.000000 0.000000 1.000000 0.000000
0.998957 0.045669 0.000000 7.234002 -0.045669 0.998957 0.000000 -0.206407 0.000000 0.000000 1.000000 0.000000
0.998505 0.054658 0.000000 8.375327 -0.054658 0.998505 0.000000 -0.260193 0.000000 0.000000 1.000000 0.000000
0.998201 0.059949 0.000000 8.915030 -0.059949 0.998201 0.000000 -0.285742 0.000000 0.000000 1.000000 0.000000
0.997724 0.067425 0.000000 9.492379 -0.067425 0.997724 0.000000 -0.320213 0.000000 0.000000 1.000000 0.000000
0.997248 0.074132 0.000000 10.034698 -0.074132 0.997248 0.000000 -0.358567 0.000000 0.000000 1.000000 0.000000
0.996745 0.080624 0.000000 10.599690 -0.080624 0.996745 0.000000 -0.398974 0.000000 0.000000 1.000000 0.000000
0.996329 0.085609 0.000000 11.131169 -0.085609 0.996329 0.000000 -0.449031 0.000000 0.000000 1.000000 0.000000
0.995765 0.091931 0.000000 11.710037 -0.091931 0.995765 0.000000 -0.508375 0.000000 0.000000 1.000000 0.000000
0.995117 0.098699 0.000000 12.247052 -0.098699 0.995117 0.000000 -0.559621 0.000000 0.000000 1.000000 0.000000
0.993784 0.111324 0.000000 13.001150 -0.111324 0.993784 0.000000 -0.630787 0.000000 0.000000 1.000000 0.000000
0.992921 0.118779 0.000000 13.568533 -0.118779 0.992921 0.000000 -0.696684 0.000000 0.000000 1.000000 0.000000
0.992314 0.123746 0.000000 14.125444 -0.123746 0.992314 0.000000 -0.764389 0.000000 0.000000 1.000000 0.000000
0.991722 0.128400 0.000000 14.678950 -0.128400 0.991722 0.000000 -0.838598 0.000000 0.000000 1.000000 0.000000
0.990861 0.134885 0.000000 15.247663 -0.134885 0.990861 0.000000 -0.920105 0.000000 0.000000 1.000000 0.000000
0.989962 0.141334 0.000000 15.774025 -0.141334 0.989962 0.000000 -0.996261 0.000000 0.000000 1.000000 0.000000
0.989132 0.147027 0.000000 16.300304 -0.147027 0.989132 0.000000 -1.074271 0.000000 0.000000 1.000000 0.000000
0.987818 0.155613 0.000000 16.866212 -0.155613 0.987818 0.000000 -1.163255 0.000000 0.000000 1.000000 0.000000
0.986291 0.165018 0.000000 17.383580 -0.165018 0.986291 0.000000 -1.250184 0.000000 0.000000 1.000000 0.000000
0.984977 0.172685 0.000000 17.937374 -0.172685 0.984977 0.000000 -1.347331 0.000000 0.000000 1.000000 0.000000
0.983714 0.179740 0.000000 18.675027 -0.179740 0.983714 0.000000 -1.491815 0.000000 0.000000 1.000000 0.000000
0.982438 0.186588 0.000000 19.224725 -0.186588 0.982438 0.000000 -1.599090 0.000000 0.000000 1.000000 0.000000
0.980840 0.194816 0.000000 19.813535 -0.194816 0.980840 0.000000 -1.711516 0.000000 0.000000 1.000000 0.000000
0.979343 0.202205 0.000000 20.362290 -0.202205 0.979343 0.000000 -1.822509 0.000000 0.000000 1.000000 0.000000
0.977956 0.208812 0.000000 20.908402 -0.208812 0.977956 0.000000 -1.936830 0.000000 0.000000 1.000000 0.000000
0.976710 0.214565 0.000000 21.418158 -0.214565 0.976710 0.000000 -2.045411 0.000000 0.000000 1.000000 0.000000
0.976251 0.216644 0.000000 21.961366 -0.216644 0.976251 0.000000 -2.166316 0.000000 0.000000 1.000000 0.000000
0.975750 0.218887 0.000000 22.464681 -0.218887 0.975750 0.000000 -2.277642 0.000000 0.000000 1.000000 0.000000
0.974570 0.224085 0.000000 22.998520 -0.224085 0.974570 0.000000 -2.402125 0.000000 0.000000 1.000000 0.000000
0.972587 0.232538 0.000000 24.028822 -0.232538 0.972587 0.000000 -2.655207 0.000000 0.000000 1.000000 0.000000
0.971349 0.237659 0.000000 24.517206 -0.237659 0.971349 0.000000 -2.771738 0.000000 0.000000 1.000000 0.000000
0.970137 0.242559 0.000000 25.046007 -0.242559 0.970137 0.000000 -2.902812 0.000000 0.000000 1.000000 0.000000
0.968517 0.248945 0.000000 25.714378 -0.248945 0.968517 0.000000 -3.076914 0.000000 0.000000 1.000000 0.000000
0.967309 0.253601 0.000000 26.201040 -0.253601 0.967309 0.000000 -3.200409 0.000000 0.000000 1.000000 0.000000
0.965509 0.260370 0.000000 26.685006 -0.260370 0.965509 0.000000 -3.330232 0.000000 0.000000 1.000000 0.000000
0.964467 0.264204 0.000000 27.203324 -0.264204 0.964467 0.000000 -3.473863 0.000000 0.000000 1.000000 0.000000
0.962813 0.270169 0.000000 27.684395 -0.270169 0.962813 0.000000 -3.607985 0.000000 0.000000 1.000000 0.000000
0.960642 0.277789 0.000000 28.363367 -0.277789 0.960642 0.000000 -3.806803 0.000000 0.000000 1.000000 0.000000
0.959663 0.281155 0.000000 28.878311 -0.281155 0.959663 0.000000 -3.964502 0.000000 0.000000 1.000000 0.000000
0.958241 0.285962 0.000000 29.393898 -0.285962 0.958241 0.000000 -4.131584 0.000000 0.000000 1.000000 0.000000
0.956658 0.291213 0.000000 29.888417 -0.291213 0.956658 0.000000 -4.289079 0.000000 0.000000 1.000000 0.000000
0.956174 0.292799 0.000000 30.404330 -0.292799 0.956174 0.000000 -4.458266 0.000000 0.000000 1.000000 0.000000
0.955143 0.296144 0.000000 30.919018 -0.296144 0.955143 0.000000 -4.620819 0.000000 0.000000 1.000000 0.000000
0.953730 0.300664 0.000000 31.389365 -0.300664 0.953730 0.000000 -4.775997 0.000000 0.000000 1.000000 0.000000
0.952375 0.304929 0.000000 31.896679 -0.304929 0.952375 0.000000 -4.948763 0.000000 0.000000 1.000000 0.000000
0.950566 0.310522 0.000000 32.377932 -0.310522 0.950566 0.000000 -5.106862 0.000000 0.000000 1.000000 0.000000
0.948732 0.316081 0.000000 32.884854 -0.316081 0.948732 0.000000 -5.270934 0.000000 0.000000 1.000000 0.000000
0.946704 0.322104 0.000000 33.363753 -0.322104 0.946704 0.000000 -5.436822 0.000000 0.000000 1.000000 0.000000
0.944273 0.329162 0.000000 33.868845 -0.329162 0.944273 0.000000 -5.610089 0.000000 0.000000 1.000000 0.000000
0.942422 0.334426 0.000000 34.345126 -0.334426 0.942422 0.000000 -5.777705 0.000000 0.000000 1.000000 0.000000
0.941163 0.337953 0.000000 34.851528 -0.337953 0.941163 0.000000 -5.962059 0.000000 0.000000 1.000000 0.000000
0.939477 0.342612 0.000000 35.313642 -0.342612 0.939477 0.000000 -6.131894 0.000000 0.000000 1.000000 0.000000
0.935993 0.352019 0.000000 36.007422 -0.352019 0.935993 0.000000 -6.389411 0.000000 0.000000 1.000000 0.000000
0.931908 0.362694 0.000000 36.723432 -0.362694 0.931908 0.000000 -6.662019 0.000000 0.000000 1.000000 0.000000
0.928871 0.370404 0.000000 37.218552 -0.370404 0.928871 0.000000 -6.852709 0.000000 0.000000 1.000000 0.000000
0.924384 0.381462 0.000000 38.070412 -0.381462 0.924384 0.000000 -7.204999 0.000000 0.000000 1.000000 0.000000
0.922301 0.386471 0.000000 38.553706 -0.386471 0.922301 0.000000 -7.412754 0.000000 0.000000 1.000000 0.000000
0.921345 0.388745 0.000000 39.038417 -0.388745 0.921345 0.000000 -7.619310 0.000000 0.000000 1.000000 0.000000
0.918747 0.394846 0.000000 39.520297 -0.394846 0.918747 0.000000 -7.816034 0.000000 0.000000 1.000000 0.000000
0.916900 0.399117 0.000000 39.996590 -0.399117 0.916900 0.000000 -8.018791 0.000000 0.000000 1.000000 0.000000
0.914966 0.403532 0.000000 40.502416 -0.403532 0.914966 0.000000 -8.246940 0.000000 0.000000 1.000000 0.000000
0.912787 0.408437 0.000000 40.943114 -0.408437 0.912787 0.000000 -8.444089 0.000000 0.000000 1.000000 0.000000
0.910973 0.412466 0.000000 41.407111 -0.412466 0.910973 0.000000 -8.654855 0.000000 0.000000 1.000000 0.000000
0.910278 0.413997 0.000000 41.866189 -0.413997 0.910278 0.000000 -8.866708 0.000000 0.000000 1.000000 0.000000
0.908634 0.417594 0.000000 42.323395 -0.417594 0.908634 0.000000 -9.077716 0.000000 0.000000 1.000000 0.000000
0.907155 0.420796 0.000000 42.755017 -0.420796 0.907155 0.000000 -9.285509 0.000000 0.000000 1.000000 0.000000
0.905440 0.424474 0.000000 43.192931 -0.424474 0.905440 0.000000 -9.503760 0.000000 0.000000 1.000000 0.000000
0.904947 0.425524 0.000000 43.594728 -0.425524 0.904947 0.000000 -9.713113 0.000000 0.000000 1.000000 0.000000
0.903335 0.428936 0.000000 44.030469 -0.428936 0.903335 0.000000 -9.928902 0.000000 0.000000 1.000000 0.000000
0.902040 0.431653 0.000000 44.427006 -0.431653 0.902040 0.000000 -10.128911 0.000000 0.000000 1.000000 0.000000
0.901726 0.432309 0.000000 44.856595 -0.432309 0.901726 0.000000 -10.342433 0.000000 0.000000 1.000000 0.000000
0.901140 0.433529 0.000000 45.263340 -0.433529 0.901140 0.000000 -10.544295 0.000000 0.000000 1.000000 0.000000
0.901446 0.432892 0.000000 45.660748 -0.432892 0.901446 0.000000 -10.739785 0.000000 0.000000 1.000000 0.000000
0.898824 0.438309 0.000000 46.066069 -0.438309 0.898824 0.000000 -10.920866 0.000000 0.000000 1.000000 0.000000
0.895940 0.444176 0.000000 46.457699 -0.444176 0.895940 0.000000 -11.110614 0.000000 0.000000 1.000000 0.000000
0.894199 0.447670 0.000000 46.841013 -0.447670 0.894199 0.000000 -11.306404 0.000000 0.000000 1.000000 0.000000
0.891343 0.453329 0.000000 47.214114 -0.453329 0.891343 0.000000 -11.496463 0.000000 0.000000 1.000000 0.000000
0.888927 0.458049 0.000000 47.596729 -0.458049 0.888927 0.000000 -11.703172 0.000000 0.000000 1.000000 0.000000
0.883892 0.467691 0.000000 48.145770 -0.467691 0.883892 0.000000 -12.004211 0.000000 0.000000 1.000000 0.000000
0.878979 0.476860 0.000000 48.543121 -0.476860 0.878979 0.000000 -12.227305 0.000000 0.000000 1.000000 0.000000
0.875643 0.482959 0.000000 48.905879 -0.482959 0.875643 0.000000 -12.435146 0.000000 0.000000 1.000000 0.000000
0.873048 0.487635 0.000000 49.267949 -0.487635 0.873048 0.000000 -12.642869 0.000000 0.000000 1.000000 0.000000
0.869562 0.493825 0.000000 49.625336 -0.493825 0.869562 0.000000 -12.847367 0.000000 0.000000 1.000000 0.000000
0.866714 0.498806 0.000000 49.972706 -0.498806 0.866714 0.000000 -13.050402 0.000000 0.000000 1.000000 0.000000
0.863771 0.503885 0.000000 50.316706 -0.503885 0.863771 0.000000 -13.252061 0.000000 0.000000 1.000000 0.000000
0.860257 0.509861 0.000000 50.659803 -0.509861 0.860257 0.000000 -13.456233 0.000000 0.000000 1.000000 0.000000
0.858502 0.512810 0.000000 50.986485 -0.512810 0.858502 0.000000 -13.657798 0.000000 0.000000 1.000000 0.000000
0.856452 0.516227 0.000000 51.313180 -0.516227 0.856452 0.000000 -13.863438 0.000000 0.000000 1.000000 0.000000
0.855102 0.518460 0.000000 51.628387 -0.518460 0.855102 0.000000 -14.063717 0.000000 0.000000 1.000000 0.000000
0.854055 0.520182 0.000000 52.258787 -0.520182 0.854055 0.000000 -14.457077 0.000000 0.000000 1.000000 0.000000
0.853267 0.521475 0.000000 52.558512 -0.521475 0.853267 0.000000 -14.642749 0.000000 0.000000 1.000000 0.000000
0.853147 0.521671 0.000000 52.841110 -0.521671 0.853147 0.000000 -14.818759 0.000000 0.000000 1.000000 0.000000
0.855021 0.518593 0.000000 53.114789 -0.518593 0.855021 0.000000 -14.996256 0.000000 0.000000 1.000000 0.000000
0.854946 0.518717 0.000000 53.411193 -0.518717 0.854946 0.000000 -15.171270 0.000000 0.000000 1.000000 0.000000
0.854030 0.520224 0.000000 53.675932 -0.520224 0.854030 0.000000 -15.335600 0.000000 0.000000 1.000000 0.000000
0.853286 0.521443 0.000000 53.955440 -0.521443 0.853286 0.000000 -15.515367 0.000000 0.000000 1.000000 0.000000
0.852656 0.522473 0.000000 54.216672 -0.522473 0.852656 0.000000 -15.675537 0.000000 0.000000 1.000000 0.000000
0.852786 0.522261 0.000000 54.488351 -0.522261 0.852786 0.000000 -15.848645 0.000000 0.000000 1.000000 0.000000
0.851593 0.524204 0.000000 54.737849 -0.524204 0.851593 0.000000 -16.004788 0.000000 0.000000 1.000000 0.000000
0.850538 0.525913 0.000000 54.983461 -0.525913 0.850538 0.000000 -16.153908 0.000000 0.000000 1.000000 0.000000
0.848793 0.528725 0.000000 55.244745 -0.528725 0.848793 0.000000 -16.312350 0.000000 0.000000 1.000000 0.000000
0.847066 0.531488 0.000000 55.614168 -0.531488 0.847066 0.000000 -16.541034 0.000000 0.000000 1.000000 0.000000
0.844168 0.536078 0.000000 55.885609 -0.536078 0.844168 0.000000 -16.701956 0.000000 0.000000 1.000000 0.000000
0.841345 0.540498 0.000000 56.129313 -0.540498 0.841345 0.000000 -16.854184 0.000000 0.000000 1.000000 0.000000
0.838203 0.545358 0.000000 56.364813 -0.545358 0.838203 0.000000 -17.000732 0.000000 0.000000 1.000000 0.000000
0.835342 0.549730 0.000000 56.599510 -0.549730 0.835342 0.000000 -17.152199 0.000000 0.000000 1.000000 0.000000
0.834116 0.551589 0.000000 56.823531 -0.551589 0.834116 0.000000 -17.302571 0.000000 0.000000 1.000000 0.000000
0.833855 0.551984 0.000000 57.042626 -0.551984 0.833855 0.000000 -17.457473 0.000000 0.000000 1.000000 0.000000
0.834959 0.550312 0.000000 57.260281 -0.550312 0.834959 0.000000 -17.611282 0.000000 0.000000 1.000000 0.000000
0.835174 0.549986 0.000000 57.472364 -0.549986 0.835174 0.000000 -17.760838 0.000000 0.000000 1.000000 0.000000
0.833663 0.552273 0.000000 57.670559 -0.552273 0.833663 0.000000 -17.899419 0.000000 0.000000 1.000000 0.000000
0.827861 0.560934 0.000000 58.086201 -0.560934 0.827861 0.000000 -18.163421 0.000000 0.000000 1.000000 0.000000
0.826185 0.563400 0.000000 58.268803 -0.563400 0.826185 0.000000 -18.286902 0.000000 0.000000 1.000000 0.000000
0.826789 0.562513 0.000000 58.435740 -0.562513 0.826789 0.000000 -18.415032 0.000000 0.000000 1.000000 0.000000
0.826870 0.562392 0.000000 58.614999 -0.562392 0.826870 0.000000 -18.546438 0.000000 0.000000 1.000000 0.000000
0.826060 0.563582 0.000000 58.780375 -0.563582 0.826060 0.000000 -18.664943 0.000000 0.000000 1.000000 0.000000
0.825798 0.563966 0.000000 58.942553 -0.563966 0.825798 0.000000 -18.785139 0.000000 0.000000 1.000000 0.000000
0.824394 0.566016 0.000000 59.113392 -0.566016 0.824394 0.000000 -18.907023 0.000000 0.000000 1.000000 0.000000
0.823447 0.567394 0.000000 59.268986 -0.567394 0.823447 0.000000 -19.014320 0.000000 0.000000 1.000000 0.000000
0.821741 0.569861 0.000000 59.437917 -0.569861 0.821741 0.000000 -19.130578 0.000000 0.000000 1.000000 0.000000
0.819166 0.573556 0.000000 59.761135 -0.573556 0.819166 0.000000 -19.351083 0.000000 0.000000 1.000000 0.000000
0.818656 0.574284 0.000000 59.913895 -0.574284 0.818656 0.000000 -19.459891 0.000000 0.000000 1.000000 0.000000
0.817777 0.575535 0.000000 60.068620 -0.575535 0.817777 0.000000 -19.563420 0.000000 0.000000 1.000000 0.000000
0.816242 0.577711 0.000000 60.320724 -0.577711 0.816242 0.000000 -19.744026 0.000000 0.000000 1.000000 0.000000
0.814188 0.580601 0.000000 60.483594 -0.580601 0.814188 0.000000 -19.858738 0.000000 0.000000 1.000000 0.000000
0.812306 0.583232 0.000000 60.645162 -0.583232 0.812306 0.000000 -19.973951 0.000000 0.000000 1.000000 0.000000
0.812173 0.583417 0.000000 60.806334 -0.583417 0.812173 0.000000 -20.091721 0.000000 0.000000 1.000000 0.000000
0.811424 0.584458 0.000000 60.968214 -0.584458 0.811424 0.000000 -20.207762 0.000000 0.000000 1.000000 0.000000
0.810484 0.585760 0.000000 61.130049 -0.585760 0.810484 0.000000 -20.331522 0.000000 0.000000 1.000000 0.000000
0.809083 0.587694 0.000000 61.294062 -0.587694 0.809083 0.000000 -20.453422 0.000000 0.000000 1.000000 0.000000
0.805692 0.592335 0.000000 61.622136 -0.592335 0.805692 0.000000 -20.697307 0.000000 0.000000 1.000000 0.000000
0.804229 0.594320 0.000000 61.788721 -0.594320 0.804229 0.000000 -20.822231 0.000000 0.000000 1.000000 0.000000
0.802359 0.596842 0.000000 61.961662 -0.596842 0.802359 0.000000 -20.949858 0.000000 0.000000 1.000000 0.000000
0.801161 0.598449 0.000000 62.122796 -0.598449 0.801161 0.000000 -21.075450 0.000000 0.000000 1.000000 0.000000
0.800307 0.599590 0.000000 62.294464 -0.599590 0.800307 0.000000 -21.209664 0.000000 0.000000 1.000000 0.000000
0.798642 0.601806 0.000000 62.462020 -0.601806 0.798642 0.000000 -21.339783 0.000000 0.000000 1.000000 0.000000
0.797204 0.603710 0.000000 62.626225 -0.603710 0.797204 0.000000 -21.469444 0.000000 0.000000 1.000000 0.000000
0.794644 0.607076 0.000000 62.806107 -0.607076 0.794644 0.000000 -21.609135 0.000000 0.000000 1.000000 0.000000
0.791159 0.611610 0.000000 62.980655 -0.611610 0.791159 0.000000 -21.738674 0.000000 0.000000 1.000000 0.000000
0.787826 0.615898 0.000000 63.154247 -0.615898 0.787826 0.000000 -21.875791 0.000000 0.000000 1.000000 0.000000
0.785368 0.619030 0.000000 63.338461 -0.619030 0.785368 0.000000 -22.025224 0.000000 0.000000 1.000000 0.000000
0.783475 0.621424 0.000000 63.515385 -0.621424 0.783475 0.000000 -22.168258 0.000000 0.000000 1.000000 0.000000
0.781817 0.623509 0.000000 63.706259 -0.623509 0.781817 0.000000 -22.325673 0.000000 0.000000 1.000000 0.000000
0.778802 0.627270 0.000000 63.893584 -0.627270 0.778802 0.000000 -22.472511 0.000000 0.000000 1.000000 0.000000
0.776207 0.630479 0.000000 64.088833 -0.630479 0.776207 0.000000 -22.635622 0.000000 0.000000 1.000000 0.000000
0.773072 0.634319 0.000000 64.277081 -0.634319 0.773072 0.000000 -22.788043 0.000000 0.000000 1.000000 0.000000
0.768483 0.639870 0.000000 64.565832 -0.639870 0.768483 0.000000 -23.020637 0.000000 0.000000 1.000000 0.000000
0.766887 0.641782 0.000000 64.754996 -0.641782 0.766887 0.000000 -23.183405 0.000000 0.000000 1.000000 0.000000
0.765449 0.643497 0.000000 64.957599 -0.643497 0.765449 0.000000 -23.359991 0.000000 0.000000 1.000000 0.000000
0.763830 0.645418 0.000000 65.146346 -0.645418 0.763830 0.000000 -23.527081 0.000000 0.000000 1.000000 0.000000
0.760729 0.649070 0.000000 65.547538 -0.649070 0.760729 0.000000 -23.886368 0.000000 0.000000 1.000000 0.000000
0.759142 0.650925 0.000000 65.743011 -0.650925 0.759142 0.000000 -24.064130 0.000000 0.000000 1.000000 0.000000
0.757633 0.652681 0.000000 65.933212 -0.652681 0.757633 0.000000 -24.234137 0.000000 0.000000 1.000000 0.000000
0.757190 0.653194 0.000000 66.138940 -0.653194 0.757190 0.000000 -24.413799 0.000000 0.000000 1.000000 0.000000
0.753147 0.657853 0.000000 66.422265 -0.657853 0.753147 0.000000 -24.653162 0.000000 0.000000 1.000000 0.000000
0.749820 0.661642 0.000000 66.626973 -0.661642 0.749820 0.000000 -24.828613 0.000000 0.000000 1.000000 0.000000
0.745457 0.666554 0.000000 66.821552 -0.666554 0.745457 0.000000 -24.999017 0.000000 0.000000 1.000000 0.000000
0.742987 0.669306 0.000000 67.014605 -0.669306 0.742987 0.000000 -25.176285 0.000000 0.000000 1.000000 0.000000
0.741188 0.671298 0.000000 67.199128 -0.671298 0.741188 0.000000 -25.345564 0.000000 0.000000 1.000000 0.000000
0.738720 0.674013 0.000000 67.380771 -0.674013 0.738720 0.000000 -25.514501 0.000000 0.000000 1.000000 0.000000
0.737900 0.674910 0.000000 67.570695 -0.674910 0.737900 0.000000 -25.693685 0.000000 0.000000 1.000000 0.000000
0.736242 0.676718 0.000000 67.750478 -0.676718 0.736242 0.000000 -25.864770 0.000000 0.000000 1.000000 0.000000
0.734097 0.679044 0.000000 67.931357 -0.679044 0.734097 0.000000 -26.030606 0.000000 0.000000 1.000000 0.000000
0.733957 0.679196 0.000000 68.120100 -0.679196 0.733957 0.000000 -26.211733 0.000000 0.000000 1.000000 0.000000
0.734586 0.678515 0.000000 68.292664 -0.678515 0.734586 0.000000 -26.383429 0.000000 0.000000 1.000000 0.000000
0.733611 0.679569 0.000000 68.535762 -0.679569 0.733611 0.000000 -26.618455 0.000000 0.000000 1.000000 0.000000
0.732656 0.680599 0.000000 68.730872 -0.680599 0.732656 0.000000 -26.808152 0.000000 0.000000 1.000000 0.000000
0.733104 0.680116 0.000000 68.907686 -0.680116 0.733104 0.000000 -26.991480 0.000000 0.000000 1.000000 0.000000
0.732261 0.681025 0.000000 69.088563 -0.681025 0.732261 0.000000 -27.170264 0.000000 0.000000 1.000000 0.000000
0.734166 0.678970 0.000000 69.263604 -0.678970 0.734166 0.000000 -27.347418 0.000000 0.000000 1.000000 0.000000
0.738638 0.674103 0.000000 69.435050 -0.674103 0.738638 0.000000 -27.527915 0.000000 0.000000 1.000000 0.000000
0.740526 0.672027 0.000000 69.615542 -0.672027 0.740526 0.000000 -27.698191 0.000000 0.000000 1.000000 0.000000
0.742092 0.670299 0.000000 69.794372 -0.670299 0.742092 0.000000 -27.861896 0.000000 0.000000 1.000000 0.000000
0.743734 0.668476 0.000000 69.971227 -0.668476 0.743734 0.000000 -28.026179 0.000000 0.000000 1.000000 0.000000
0.743558 0.668671 0.000000 70.135835 -0.668671 0.743558 0.000000 -28.176295 0.000000 0.000000 1.000000 0.000000
0.744225 0.667929 0.000000 70.476897 -0.667929 0.744225 0.000000 -28.490611 0.000000 0.000000 1.000000 0.000000
0.746215 0.665705 0.000000 70.645158 -0.665705 0.746215 0.000000 -28.651245 0.000000 0.000000 1.000000 0.000000
0.747657 0.664085 0.000000 70.817156 -0.664085 0.747657 0.000000 -28.812514 0.000000 0.000000 1.000000 0.000000
0.749631 0.661856 0.000000 70.970512 -0.661856 0.749631 0.000000 -28.957661 0.000000 0.000000 1.000000 0.000000
0.751005 0.660297 0.000000 71.135056 -0.660297 0.751005 0.000000 -29.110396 0.000000 0.000000 1.000000 0.000000
0.750806 0.660523 0.000000 71.291912 -0.660523 0.750806 0.000000 -29.249330 0.000000 0.000000 1.000000 0.000000
0.751572 0.659651 0.000000 71.455014 -0.659651 0.751572 0.000000 -29.394566 0.000000 0.000000 1.000000 0.000000
0.753816 0.657086 0.000000 71.726960 -0.657086 0.753816 0.000000 -29.640738 0.000000 0.000000 1.000000 0.000000
0.756467 0.654031 0.000000 71.881705 -0.654031 0.756467 0.000000 -29.783779 0.000000 0.000000 1.000000 0.000000
0.758027 0.652223 0.000000 72.035537 -0.652223 0.758027 0.000000 -29.925444 0.000000 0.000000 1.000000 0.000000
0.760464 0.649380 0.000000 72.187639 -0.649380 0.760464 0.000000 -30.063674 0.000000 0.000000 1.000000 0.000000
0.762744 0.646700 0.000000 72.335478 -0.646700 0.762744 0.000000 -30.200009 0.000000 0.000000 1.000000 0.000000
0.766344 0.642430 0.000000 72.482281 -0.642430 0.766344 0.000000 -30.339413 0.000000 0.000000 1.000000 0.000000
0.773001 0.634404 0.000000 72.773966 -0.634404 0.773001 0.000000 -30.600081 0.000000 0.000000 1.000000 0.000000
0.775850 0.630917 0.000000 72.905606 -0.630917 0.775850 0.000000 -30.712437 0.000000 0.000000 1.000000 0.000000
0.779155 0.626832 0.000000 73.037720 -0.626832 0.779155 0.000000 -30.824223 0.000000 0.000000 1.000000 0.000000
0.783137 0.621849 0.000000 73.280638 -0.621849 0.783137 0.000000 -31.016532 0.000000 0.000000 1.000000 0.000000
0.789716 0.613473 0.000000 73.588624 -0.613473 0.789716 0.000000 -31.266596 0.000000 0.000000 1.000000 0.000000
0.793971 0.607956 0.000000 73.773508 -0.607956 0.793971 0.000000 -31.408302 0.000000 0.000000 1.000000 0.000000
0.797593 0.603196 0.000000 73.888571 -0.603196 0.797593 0.000000 -31.498513 0.000000 0.000000 1.000000 0.000000
0.804797 0.593550 0.000000 74.113016 -0.593550 0.804797 0.000000 -31.676302 0.000000 0.000000 1.000000 0.000000
0.808168 0.588952 0.000000 74.223437 -0.588952 0.808168 0.000000 -31.761880 0.000000 0.000000 1.000000 0.000000
0.810617 0.585577 0.000000 74.324733 -0.585577 0.810617 0.000000 -31.837230 0.000000 0.000000 1.000000 0.000000
0.813661 0.581339 0.000000 74.426121 -0.581339 0.813661 0.000000 -31.916121 0.000000 0.000000 1.000000 0.000000
0.817879 0.575390 0.000000 74.585222 -0.575390 0.817879 0.000000 -32.033572 0.000000 0.000000 1.000000 0.000000
0.824250 0.566226 0.000000 74.781040 -0.566226 0.824250 0.000000 -32.175824 0.000000 0.000000 1.000000 0.000000
0.827647 0.561250 0.000000 74.874799 -0.561250 0.827647 0.000000 -32.243065 0.000000 0.000000 1.000000 0.000000
0.830990 0.556287 0.000000 74.965096 -0.556287 0.830990 0.000000 -32.309299 0.000000 0.000000 1.000000 0.000000
0.834042 0.551701 0.000000 75.053850 -0.551701 0.834042 0.000000 -32.371720 0.000000 0.000000 1.000000 0.000000
0.836636 0.547759 0.000000 75.146122 -0.547759 0.836636 0.000000 -32.432972 0.000000 0.000000 1.000000 0.000000
0.839684 0.543075 0.000000 75.228726 -0.543075 0.839684 0.000000 -32.489233 0.000000 0.000000 1.000000 0.000000
0.845060 0.534672 0.000000 75.388701 -0.534672 0.845060 0.000000 -32.597780 0.000000 0.000000 1.000000 0.000000
0.848151 0.529755 0.000000 75.455907 -0.529755 0.848151 0.000000 -32.646950 0.000000 0.000000 1.000000 0.000000
0.850257 0.526367 0.000000 75.523796 -0.526367 0.850257 0.000000 -32.691809 0.000000 0.000000 1.000000 0.000000
0.852803 0.522234 0.000000 75.582904 -0.522234 0.852803 0.000000 -32.733325 0.000000 0.000000 1.000000 0.000000
0.854679 0.519157 0.000000 75.644594 -0.519157 0.854679 0.000000 -32.770317 0.000000 0.000000 1.000000 0.000000
0.855846 0.517231 0.000000 75.691138 -0.517231 0.855846 0.000000 -32.799993 0.000000 0.000000 1.000000 0.000000
0.856565 0.516039 0.000000 75.739538 -0.516039 0.856565 0.000000 -32.826644 0.000000 0.000000 1.000000 0.000000
0.858382 0.513010 0.000000 75.809693 -0.513010 0.858382 0.000000 -32.869226 0.000000 0.000000 1.000000 0.000000
0.858962 0.512039 0.000000 75.843067 -0.512039 0.858962 0.000000 -32.888543 0.000000 0.000000 1.000000 0.000000
0.859407 0.511292 0.000000 75.874961 -0.511292 0.859407 0.000000 -32.905087 0.000000 0.000000 1.000000 0.000000
0.860300 0.509788 0.000000 75.901474 -0.509788 0.860300 0.000000 -32.920568 0.000000 0.000000 1.000000 0.000000
0.861461 0.507823 0.000000 75.925566 -0.507823 0.861461 0.000000 -32.935316 0.000000 0.000000 1.000000 0.000000
0.861301 0.508095 0.000000 75.941595 -0.508095 0.861301 0.000000 -32.944569 0.000000 0.000000 1.000000 0.000000
0.861680 0.507452 0.000000 75.957274 -0.507452 0.861680 0.000000 -32.953568 0.000000 0.000000 1.000000 0.000000
0.862517 0.506027 0.000000 75.969814 -0.506027 0.862517 0.000000 -32.965732 0.000000 0.000000 1.000000 0.000000
0.862858 0.505446 0.000000 75.986842 -0.505446 0.862858 0.000000 -32.977509 0.000000 0.000000 1.000000 0.000000
0.863014 0.505181 0.000000 75.991797 -0.505181 0.863014 0.000000 -32.979390 0.000000 0.000000 1.000000 0.000000
0.863203 0.504856 0.000000 75.993680 -0.504856 0.863203 0.000000 -32.980374 0.000000 0.000000 1.000000 0.000000
0.862610 0.505869 0.000000 75.992646 -0.505869 0.862610 0.000000 -32.976736 0.000000 0.000000 1.000000 0.000000
0.862515 0.506032 0.000000 75.991137 -0.506032 0.862515 0.000000 -32.975624 0.000000 0.000000 1.000000 0.000000
0.862358 0.506299 0.000000 75.989735 -0.506299 0.862358 0.000000 -32.974282 0.000000 0.000000 1.000000 0.000000
0.863027 0.505158 0.000000 75.985423 -0.505158 0.863027 0.000000 -32.975776 0.000000 0.000000 1.000000 0.000000
0.863305 0.504682 0.000000 75.983392 -0.504682 0.863305 0.000000 -32.975803 0.000000 0.000000 1.000000 0.000000
0.862760 0.505613 0.000000 75.983221 -0.505613 0.862760 0.000000 -32.972754 0.000000 0.000000 1.000000 0.000000
0.862520 0.506022 0.000000 75.982733 -0.506022 0.862520 0.000000 -32.971687 0.000000 0.000000 1.000000 0.000000
0.862561 0.505953 0.000000 75.982517 -0.505953 0.862561 0.000000 -32.970276 0.000000 0.000000 1.000000 0.000000
0.862440 0.506160 0.000000 75.982974 -0.506160 0.862440 0.000000 -32.968624 0.000000 0.000000 1.000000 0.000000
0.862408 0.506214 0.000000 75.983539 -0.506214 0.862408 0.000000 -32.966967 0.000000 0.000000 1.000000 0.000000
0.862235 0.506509 0.000000 75.984758 -0.506509 0.862235 0.000000 -32.962432 0.000000 0.000000 1.000000 0.000000
0.862196 0.506575 0.000000 75.985307 -0.506575 0.862196 0.000000 -32.960318 0.000000 0.000000 1.000000 0.000000
0.862254 0.506477 0.000000 75.985746 -0.506477 0.862254 0.000000 -32.957814 0.000000 0.000000 1.000000 0.000000
0.862303 0.506393 0.000000 75.985836 -0.506393 0.862303 0.000000 -32.957145 0.000000 0.000000 1.000000 0.000000
0.862312 0.506378 0.000000 75.986064 -0.506378 0.862312 0.000000 -32.956557 0.000000 0.000000 1.000000 0.000000
0.862275 0.506440 0.000000 75.986203 -0.506440 0.862275 0.000000 -32.956288 0.000000 0.000000 1.000000 0.000000
0.862269 0.506451 0.000000 75.986220 -0.506451 0.862269 0.000000 -32.956435 0.000000 0.000000 1.000000 0.000000
0.862279 0.506434 0.000000 75.986087 -0.506434 0.862279 0.000000 -32.957032 0.000000 0.000000 1.000000 0.000000
0.862248 0.506486 0.000000 75.985922 -0.506486 0.862248 0.000000 -32.957603 0.000000 0.000000 1.000000 0.000000
0.862231 0.506515 0.000000 75.985778 -0.506515 0.862231 0.000000 -32.958081 0.000000 0.000000 1.000000 0.000000
0.862151 0.506652 0.000000 75.985761 -0.506652 0.862151 0.000000 -32.958397 0.000000 0.000000 1.000000 0.000000
0.861940 0.507011 0.000000 75.985816 -0.507011 0.861940 0.000000 -32.958462 0.000000 0.000000 1.000000 0.000000
0.861883 0.507107 0.000000 75.985961 -0.507107 0.861883 0.000000 -32.958123 0.000000 0.000000 1.000000 0.000000
0.861908 0.507065 0.000000 75.986083 -0.507065 0.861908 0.000000 -32.958298 0.000000 0.000000 1.000000 0.000000
0.861944 0.507003 0.000000 75.985955 -0.507003 0.861944 0.000000 -32.958485 0.000000 0.000000 1.000000 0.000000
0.861938 0.507014 0.000000 75.985987 -0.507014 0.861938 0.000000 -32.958384 0.000000 0.000000 1.000000 0.000000
0.861920 0.507045 0.000000 75.986059 -0.507045 0.861920 0.000000 -32.958332 0.000000 0.000000 1.000000 0.000000
0.861881 0.507110 0.000000 75.986060 -0.507110 0.861881 0.000000 -32.958245 0.000000 0.000000 1.000000 0.000000
0.861888 0.507099 0.000000 75.986013 -0.507099 0.861888 0.000000 -32.958035 0.000000 0.000000 1.000000 0.000000
0.861797 0.507253 0.000000 75.986209 -0.507253 0.861797 0.000000 -32.958059 0.000000 0.000000 1.000000 0.000000
0.861825 0.507205 0.000000 75.986109 -0.507205 0.861825 0.000000 -32.958056 0.000000 0.000000 1.000000 0.000000
0.861826 0.507205 0.000000 75.986106 -0.507205 0.861826 0.000000 -32.958044 0.000000 0.000000 1.000000 0.000000
0.861814 0.507224 0.000000 75.986052 -0.507224 0.861814 0.000000 -32.957850 0.000000 0.000000 1.000000 0.000000
0.861796 0.507255 0.000000 75.986063 -0.507255 0.861796 0.000000 -32.957692 0.000000 0.000000 1.000000 0.000000
0.861850 0.507163 0.000000 75.985880 -0.507163 0.861850 0.000000 -32.957618 0.000000 0.000000 1.000000 0.000000
0.862113 0.506716 0.000000 75.985164 -0.506716 0.862113 0.000000 -32.957816 0.000000 0.000000 1.000000 0.000000
0.862076 0.506779 0.000000 75.984700 -0.506779 0.862076 0.000000 -32.957542 0.000000 0.000000 1.000000 0.000000
0.862038 0.506844 0.000000 75.984579 -0.506844 0.862038 0.000000 -32.957174 0.000000 0.000000 1.000000 0.000000
0.862002 0.506905 0.000000 75.984370 -0.506905 0.862002 0.000000 -32.957119 0.000000 0.000000 1.000000 0.000000
0.862017 0.506880 0.000000 75.984214 -0.506880 0.862017 0.000000 -32.957222 0.000000 0.000000 1.000000 0.000000
0.862176 0.506609 0.000000 75.983416 -0.506609 0.862176 0.000000 -32.957338 0.000000 0.000000 1.000000 0.000000
0.862188 0.506588 0.000000 75.983211 -0.506588 0.862188 0.000000 -32.957307 0.000000 0.000000 1.000000 0.000000
0.862035 0.506849 0.000000 75.983444 -0.506849 0.862035 0.000000 -32.956856 0.000000 0.000000 1.000000 0.000000
0.861708 0.507405 0.000000 75.984307 -0.507405 0.861708 0.000000 -32.955710 0.000000 0.000000 1.000000 0.000000
0.861136 0.508375 0.000000 75.985821 -0.508375 0.861136 0.000000 -32.954717 0.000000 0.000000 1.000000 0.000000
0.860512 0.509430 0.000000 75.987356 -0.509430 0.860512 0.000000 -32.953670 0.000000 0.000000 1.000000 0.000000
0.860216 0.509930 0.000000 75.987671 -0.509930 0.860216 0.000000 -32.953810 0.000000 0.000000 1.000000 0.000000
0.860277 0.509828 0.000000 75.988883 -0.509828 0.860277 0.000000 -32.955439 0.000000 0.000000 1.000000 0.000000
0.860418 0.509590 0.000000 75.990797 -0.509590 0.860418 0.000000 -32.959405 0.000000 0.000000 1.000000 0.000000
0.861094 0.508445 0.000000 75.991102 -0.508445 0.861094 0.000000 -32.963110 0.000000 0.000000 1.000000 0.000000
0.862383 0.506257 0.000000 75.990160 -0.506257 0.862383 0.000000 -32.969895 0.000000 0.000000 1.000000 0.000000
0.862865 0.505435 0.000000 75.989096 -0.505435 0.862865 0.000000 -32.970873 0.000000 0.000000 1.000000 0.000000
0.863118 0.505002 0.000000 75.988699 -0.505002 0.863118 0.000000 -32.972460 0.000000 0.000000 1.000000 0.000000
0.863243 0.504788 0.000000 75.987773 -0.504788 0.863243 0.000000 -32.973207 0.000000 0.000000 1.000000 0.000000
0.863436 0.504458 0.000000 75.987337 -0.504458 0.863436 0.000000 -32.973999 0.000000 0.000000 1.000000 0.000000
0.863445 0.504443 0.000000 75.986986 -0.504443 0.863445 0.000000 -32.974073 0.000000 0.000000 1.000000 0.000000
0.863463 0.504412 0.000000 75.986645 -0.504412 0.863463 0.000000 -32.973719 0.000000 0.000000 1.000000 0.000000
0.863700 0.504006 0.000000 75.985177 -0.504006 0.863700 0.000000 -32.974300 0.000000 0.000000 1.000000 0.000000
0.863679 0.504043 0.000000 75.983620 -0.504043 0.863679 0.000000 -32.974100 0.000000 0.000000 1.000000 0.000000
0.863868 0.503719 0.000000 75.981673 -0.503719 0.863868 0.000000 -32.974175 0.000000 0.000000 1.000000 0.000000
0.863977 0.503530 0.000000 75.980472 -0.503530 0.863977 0.000000 -32.974060 0.000000 0.000000 1.000000 0.000000
0.864011 0.503472 0.000000 75.979625 -0.503472 0.864011 0.000000 -32.973705 0.000000 0.000000 1.000000 0.000000
0.864428 0.502756 0.000000 75.977780 -0.502756 0.864428 0.000000 -32.974791 0.000000 0.000000 1.000000 0.000000
0.864721 0.502252 0.000000 75.977331 -0.502252 0.864721 0.000000 -32.976250 0.000000 0.000000 1.000000 0.000000
0.865339 0.501186 0.000000 75.975332 -0.501186 0.865339 0.000000 -32.977941 0.000000 0.000000 1.000000 0.000000
0.865906 0.500207 0.000000 75.974243 -0.500207 0.865906 0.000000 -32.980282 0.000000 0.000000 1.000000 0.000000
0.865998 0.500048 0.000000 75.973367 -0.500048 0.865998 0.000000 -32.980559 0.000000 0.000000 1.000000 0.000000
0.865845 0.500313 0.000000 75.972760 -0.500313 0.865845 0.000000 -32.979818 0.000000 0.000000 1.000000 0.000000
0.864933 0.501888 0.000000 75.976387 -0.501888 0.864933 0.000000 -32.977051 0.000000 0.000000 1.000000 0.000000
0.863478 0.504386 0.000000 75.986120 -0.504386 0.863478 0.000000 -32.973745 0.000000 0.000000 1.000000 0.000000
0.862585 0.505912 0.000000 75.993373 -0.505912 0.862585 0.000000 -32.973275 0.000000 0.000000 1.000000 0.000000
0.861739 0.507352 0.000000 75.999015 -0.507352 0.861739 0.000000 -32.972452 0.000000 0.000000 1.000000 0.000000
0.860771 0.508992 0.000000 76.002910 -0.508992 0.860771 0.000000 -32.969645 0.000000 0.000000 1.000000 0.000000
0.859451 0.511218 0.000000 76.008690 -0.511218 0.859451 0.000000 -32.966288 0.000000 0.000000 1.000000 0.000000
0.858514 0.512791 0.000000 76.015750 -0.512791 0.858514 0.000000 -32.965545 0.000000 0.000000 1.000000 0.000000
0.858066 0.513539 0.000000 76.024264 -0.513539 0.858066 0.000000 -32.969021 0.000000 0.000000 1.000000 0.000000
0.858172 0.513362 0.000000 76.032313 -0.513362 0.858172 0.000000 -32.974595 0.000000 0.000000 1.000000 0.000000
0.858453 0.512892 0.000000 76.039037 -0.512892 0.858453 0.000000 -32.981060 0.000000 0.000000 1.000000 0.000000
0.859139 0.511742 0.000000 76.049063 -0.511742 0.859139 0.000000 -32.989866 0.000000 0.000000 1.000000 0.000000
0.859900 0.510462 0.000000 76.057813 -0.510462 0.859900 0.000000 -32.997078 0.000000 0.000000 1.000000 0.000000
0.860339 0.509722 0.000000 76.068115 -0.509722 0.860339 0.000000 -33.004754 0.000000 0.000000 1.000000 0.000000
0.860331 0.509735 0.000000 76.081048 -0.509735 0.860331 0.000000 -33.013444 0.000000 0.000000 1.000000 0.000000
0.860112 0.510105 0.000000 76.095833 -0.510105 0.860112 0.000000 -33.019463 0.000000 0.000000 1.000000 0.000000
0.859571 0.511016 0.000000 76.112692 -0.511016 0.859571 0.000000 -33.025467 0.000000 0.000000 1.000000 0.000000
0.859131 0.511756 0.000000 76.129319 -0.511756 0.859131 0.000000 -33.030673 0.000000 0.000000 1.000000 0.000000
0.858819 0.512280 0.000000 76.147125 -0.512280 0.858819 0.000000 -33.038033 0.000000 0.000000 1.000000 0.000000
0.859450 0.511219 0.000000 76.178149 -0.511219 0.859450 0.000000 -33.053003 0.000000 0.000000 1.000000 0.000000
0.859347 0.511392 0.000000 76.193064 -0.511392 0.859347 0.000000 -33.059500 0.000000 0.000000 1.000000 0.000000
0.859808 0.510617 0.000000 76.205200 -0.510617 0.859808 0.000000 -33.067914 0.000000 0.000000 1.000000 0.000000
0.860440 0.509551 0.000000 76.218022 -0.509551 0.860440 0.000000 -33.077412 0.000000 0.000000 1.000000 0.000000
0.861664 0.507480 0.000000 76.228101 -0.507480 0.861664 0.000000 -33.087820 0.000000 0.000000 1.000000 0.000000
0.862423 0.506188 0.000000 76.237627 -0.506188 0.862423 0.000000 -33.097897 0.000000 0.000000 1.000000 0.000000
0.862883 0.505403 0.000000 76.246185 -0.505403 0.862883 0.000000 -33.106004 0.000000 0.000000 1.000000 0.000000
0.863060 0.505101 0.000000 76.252912 -0.505101 0.863060 0.000000 -33.110411 0.000000 0.000000 1.000000 0.000000
0.862620 0.505852 0.000000 76.259935 -0.505852 0.862620 0.000000 -33.110717 0.000000 0.000000 1.000000 0.000000
0.862336 0.506336 0.000000 76.263303 -0.506336 0.862336 0.000000 -33.109582 0.000000 0.000000 1.000000 0.000000
0.861280 0.508131 0.000000 76.269836 -0.508131 0.861280 0.000000 -33.105460 0.000000 0.000000 1.000000 0.000000
0.861100 0.508435 0.000000 76.272171 -0.508435 0.861100 0.000000 -33.105311 0.000000 0.000000 1.000000 0.000000
0.860867 0.508830 0.000000 76.273737 -0.508830 0.860867 0.000000 -33.103654 0.000000 0.000000 1.000000 0.000000
0.860806 0.508933 0.000000 76.273163 -0.508933 0.860806 0.000000 -33.104641 0.000000 0.000000 1.000000 0.000000
0.861324 0.508055 0.000000 76.271442 -0.508055 0.861324 0.000000 -33.106287 0.000000 0.000000 1.000000 0.000000
0.861740 0.507351 0.000000 76.268712 -0.507351 0.861740 0.000000 -33.106694 0.000000 0.000000 1.000000 0.000000
0.861904 0.507071 0.000000 76.266647 -0.507071 0.861904 0.000000 -33.105954 0.000000 0.000000 1.000000 0.000000
0.861908 0.507064 0.000000 76.265739 -0.507064 0.861908 0.000000 -33.105433 0.000000 0.000000 1.000000 0.000000
0.862311 0.506379 0.000000 76.265033 -0.506379 0.862311 0.000000 -33.105584 0.000000 0.000000 1.000000 0.000000
0.862548 0.505975 0.000000 76.263751 -0.505975 0.862548 0.000000 -33.106268 0.000000 0.000000 1.000000 0.000000
0.863083 0.505062 0.000000 76.262563 -0.505062 0.863083 0.000000 -33.108642 0.000000 0.000000 1.000000 0.000000
0.863603 0.504173 0.000000 76.261270 -0.504173 0.863603 0.000000 -33.109671 0.000000 0.000000 1.000000 0.000000
0.864064 0.503381 0.000000 76.259905 -0.503381 0.864064 0.000000 -33.110850 0.000000 0.000000 1.000000 0.000000
0.864790 0.502133 0.000000 76.257835 -0.502133 0.864790 0.000000 -33.112639 0.000000 0.000000 1.000000 0.000000
0.865098 0.501603 0.000000 76.257274 -0.501603 0.865098 0.000000 -33.112174 0.000000 0.000000 1.000000 0.000000
0.865578 0.500774 0.000000 76.256651 -0.500774 0.865578 0.000000 -33.113010 0.000000 0.000000 1.000000 0.000000
0.865854 0.500296 0.000000 76.256354 -0.500296 0.865854 0.000000 -33.112906 0.000000 0.000000 1.000000 0.000000
0.865982 0.500075 0.000000 76.256522 -0.500075 0.865982 0.000000 -33.112576 0.000000 0.000000 1.000000 0.000000
0.866427 0.499305 0.000000 76.256069 -0.499305 0.866427 0.000000 -33.113256 0.000000 0.000000 1.000000 0.000000
0.866499 0.499179 0.000000 76.256230 -0.499179 0.866499 0.000000 -33.112508 0.000000 0.000000 1.000000 0.000000
0.867124 0.498093 0.000000 76.255142 -0.498093 0.867124 0.000000 -33.114467 0.000000 0.000000 1.000000 0.000000
0.867717 0.497059 0.000000 76.254739 -0.497059 0.867717 0.000000 -33.117038 0.000000 0.000000 1.000000 0.000000
0.868146 0.496309 0.000000 76.254678 -0.496309 0.868146 0.000000 -33.118569 0.000000 0.000000 1.000000 0.000000
0.868748 0.495255 0.000000 76.253974 -0.495255 0.868748 0.000000 -33.121188 0.000000 0.000000 1.000000 0.000000
0.869062 0.494703 0.000000 76.253849 -0.494703 0.869062 0.000000 -33.122547 0.000000 0.000000 1.000000 0.000000
0.869187 0.494484 0.000000 76.255879 -0.494484 0.869187 0.000000 -33.123995 0.000000 0.000000 1.000000 0.000000
0.868413 0.495841 0.000000 76.260228 -0.495841 0.868413 0.000000 -33.121169 0.000000 0.000000 1.000000 0.000000
