0.999998 -0.002052 0.000000 0.677291 0.002052 0.999998 0.000000 -0.014843 0.000000 0.000000 1.000000 0.000000
0.999983 -0.005772 0.000000 1.290079 0.005772 0.999983 0.000000 -0.025307 0.000000 0.000000 1.000000 0.000000
0.999989 -0.004599 0.000000 1.937496 0.004599 0.999989 0.000000 -0.047590 0.000000 0.000000 1.000000 0.000000
0.999996 -0.002916 0.000000 2.594785 0.002916 0.999996 0.000000 -0.058010 0.000000 0.000000 1.000000 0.000000
0.999989 -0.004644 0.000000 3.467672 0.004644 0.999989 0.000000 -0.078167 0.000000 0.000000 1.000000 0.000000
0.999990 -0.004377 0.000000 4.125480 0.004377 0.999990 0.000000 -0.084179 0.000000 0.000000 1.000000 0.000000
0.999981 -0.006173 0.000000 4.752202 0.006173 0.999981 0.000000 -0.106089 0.000000 0.000000 1.000000 0.000000
0.999924 -0.012363 0.000000 5.681117 0.012363 0.999924 0.000000 -0.146905 0.000000 0.000000 1.000000 0.000000
0.999928 -0.011971 0.000000 6.364312 0.011971 0.999928 0.000000 -0.166840 0.000000 0.000000 1.000000 0.000000
0.999916 -0.012927 0.000000 6.944848 0.012927 0.999916 0.000000 -0.189731 0.000000 0.000000 1.000000 0.000000
0.999924 -0.012329 0.000000 7.537650 0.012329 0.999924 0.000000 -0.227015 0.000000 0.000000 1.000000 0.000000
0.999891 -0.014748 0.000000 8.797405 0.014748 0.999891 0.000000 -0.245388 0.000000 0.000000 1.000000 0.000000
0.999825 -0.018731 0.000000 9.425462 0.018731 0.999825 0.000000 -0.270600 0.000000 0.000000 1.000000 0.000000
0.999817 -0.019111 0.000000 10.110494 0.019111 0.999817 0.000000 -0.277493 0.000000 0.000000 1.000000 0.000000
0.999772 -0.021355 0.000000 10.736562 0.021355 0.999772 0.000000 -0.285435 0.000000 0.000000 1.000000 0.000000
0.999768 -0.021523 0.000000 11.401645 0.021523 0.999768 0.000000 -0.302636 0.000000 0.000000 1.000000 0.000000
0.999772 -0.021374 0.000000 11.984009 0.021374 0.999772 0.000000 -0.280444 0.000000 0.000000 1.000000 0.000000
0.999771 -0.021418 0.000000 12.629182 0.021418 0.999771 0.000000 -0.275319 0.000000 0.000000 1.000000 0.000000
0.999741 -0.022741 0.000000 13.280058 0.022741 0.999741 0.000000 -0.285682 0.000000 0.000000 1.000000 0.000000
0.999703 -0.024383 0.000000 13.866928 0.024383 0.999703 0.000000 -0.287351 0.000000 0.000000 1.000000 0.000000
0.999720 -0.023659 0.000000 14.452160 0.023659 0.999720 0.000000 -0.284943 0.000000 0.000000 1.000000 0.000000
0.999687 -0.025012 0.000000 15.066697 0.025012 0.999687 0.000000 -0.293148 0.000000 0.000000 1.000000 0.000000
0.999687 -0.025012 0.000000 15.682880 0.025012 0.999687 0.000000 -0.292557 0.000000 0.000000 1.000000 0.000000
0.999653 -0.026323 0.000000 16.335283 0.026323 0.999653 0.000000 -0.295999 0.000000 0.000000 1.000000 0.000000
0.999648 -0.026548 0.000000 16.943413 0.026548 0.999648 0.000000 -0.291921 0.000000 0.000000 1.000000 0.000000
0.999628 -0.027275 0.000000 17.606160 0.027275 0.999628 0.000000 -0.282341 0.000000 0.000000 1.000000 0.000000
0.999485 -0.032085 0.000000 18.234236 0.032085 0.999485 0.000000 -0.283661 0.000000 0.000000 1.000000 0.000000
0.999426 -0.033865 0.000000 18.892930 0.033865 0.999426 0.000000 -0.276026 0.000000 0.000000 1.000000 0.000000
0.999205 -0.039861 0.000000 19.527833 0.039861 0.999205 0.000000 -0.271894 0.000000 0.000000 1.000000 0.000000
0.999174 -0.040630 0.000000 20.155930 0.040630 0.999174 0.000000 -0.272464 0.000000 0.000000 1.000000 0.000000
0.999198 -0.040053 0.000000 20.759397 0.040053 0.999198 0.000000 -0.248343 0.000000 0.000000 1.000000 0.000000
0.999087 -0.042728 0.000000 21.433339 0.042728 0.999087 0.000000 -0.232818 0.000000 0.000000 1.000000 0.000000
0.999085 -0.042769 0.000000 22.056075 0.042769 0.999085 0.000000 -0.224698 0.000000 0.000000 1.000000 0.000000
0.999052 -0.043528 0.000000 22.660342 0.043528 0.999052 0.000000 -0.215214 0.000000 0.000000 1.000000 0.000000
0.999013 -0.044416 0.000000 23.291392 0.044416 0.999013 0.000000 -0.211883 0.000000 0.000000 1.000000 0.000000
0.999026 -0.044134 0.000000 23.914180 0.044134 0.999026 0.000000 -0.198998 0.000000 0.000000 1.000000 0.000000
0.999001 -0.044695 0.000000 24.473264 0.044695 0.999001 0.000000 -0.188880 0.000000 0.000000 1.000000 0.000000
0.998942 -0.045978 0.000000 25.075775 0.045978 0.998942 0.000000 -0.181747 0.000000 0.000000 1.000000 0.000000
0.998816 -0.048644 0.000000 25.687574 0.048644 0.998816 0.000000 -0.175591 0.000000 0.000000 1.000000 0.000000
0.998814 -0.048679 0.000000 26.279971 0.048679 0.998814 0.000000 -0.156228 0.000000 0.000000 1.000000 0.000000
0.998806 -0.048852 0.000000 26.912286 0.048852 0.998806 0.000000 -0.128611 0.000000 0.000000 1.000000 0.000000
0.998821 -0.048538 0.000000 27.541675 0.048538 0.998821 0.000000 -0.118259 0.000000 0.000000 1.000000 0.000000
0.998912 -0.046630 0.000000 28.167075 0.046630 0.998912 0.000000 -0.103435 0.000000 0.000000 1.000000 0.000000
0.999063 -0.043276 0.000000 28.750582 0.043276 0.999063 0.000000 -0.123246 0.000000 0.000000 1.000000 0.000000
0.999174 -0.040642 0.000000 29.356933 0.040642 0.999174 0.000000 -0.119542 0.000000 0.000000 1.000000 0.000000
0.999194 -0.040151 0.000000 29.909173 0.040151 0.999194 0.000000 -0.100946 0.000000 0.000000 1.000000 0.000000
0.999172 -0.040680 0.000000 30.524737 0.040680 0.999172 0.000000 -0.090471 0.000000 0.000000 1.000000 0.000000
0.999145 -0.041346 0.000000 31.135665 0.041346 0.999145 0.000000 -0.100261 0.000000 0.000000 1.000000 0.000000
0.999152 -0.041185 0.000000 31.956792 0.041185 0.999152 0.000000 -0.064245 0.000000 0.000000 1.000000 0.000000
0.999187 -0.040315 0.000000 32.602495 0.040315 0.999187 0.000000 -0.035408 0.000000 0.000000 1.000000 0.000000
0.999209 -0.039775 0.000000 33.239495 0.039775 0.999209 0.000000 -0.007715 0.000000 0.000000 1.000000 0.000000
0.999270 -0.038193 0.000000 33.911738 0.038193 0.999270 0.000000 0.015234 0.000000 0.000000 1.000000 0.000000
0.999257 -0.038541 0.000000 34.583780 0.038541 0.999257 0.000000 0.027557 0.000000 0.000000 1.000000 0.000000
0.999359 -0.035797 0.000000 35.179567 0.035797 0.999359 0.000000 0.049496 0.000000 0.000000 1.000000 0.000000
0.999442 -0.033414 0.000000 35.738212 0.033414 0.999442 0.000000 0.065147 0.000000 0.000000 1.000000 0.000000
0.999579 -0.029015 0.000000 36.374905 0.029015 0.999579 0.000000 0.067551 0.000000 0.000000 1.000000 0.000000
0.999576 -0.029123 0.000000 36.989646 0.029123 0.999576 0.000000 0.065020 0.000000 0.000000 1.000000 0.000000
0.999671 -0.025639 0.000000 37.563010 0.025639 0.999671 0.000000 0.057011 0.000000 0.000000 1.000000 0.000000
0.999661 -0.026024 0.000000 38.205312 0.026024 0.999661 0.000000 0.058269 0.000000 0.000000 1.000000 0.000000
0.999717 -0.023806 0.000000 38.835452 0.023806 0.999717 0.000000 0.061076 0.000000 0.000000 1.000000 0.000000
0.999757 -0.022050 0.000000 39.475227 0.022050 0.999757 0.000000 0.067827 0.000000 0.000000 1.000000 0.000000
0.999756 -0.022100 0.000000 40.105371 0.022100 0.999756 0.000000 0.055631 0.000000 0.000000 1.000000 0.000000
0.999753 -0.022229 0.000000 40.678577 0.022229 0.999753 0.000000 0.058736 0.000000 0.000000 1.000000 0.000000
0.999826 -0.018637 0.000000 41.320814 0.018637 0.999826 0.000000 0.068057 0.000000 0.000000 1.000000 0.000000
0.999835 -0.018169 0.000000 41.950080 0.018169 0.999835 0.000000 0.067170 0.000000 0.000000 1.000000 0.000000
0.999840 -0.017867 0.000000 42.607609 0.017867 0.999840 0.000000 0.070874 0.000000 0.000000 1.000000 0.000000
0.999842 -0.017784 0.000000 43.249964 0.017784 0.999842 0.000000 0.097426 0.000000 0.000000 1.000000 0.000000
0.999840 -0.017866 0.000000 43.891027 0.017866 0.999840 0.000000 0.088717 0.000000 0.000000 1.000000 0.000000
0.999839 -0.017925 0.000000 44.532333 0.017925 0.999839 0.000000 0.085870 0.000000 0.000000 1.000000 0.000000
0.999880 -0.015467 0.000000 45.176461 0.015467 0.999880 0.000000 0.083687 0.000000 0.000000 1.000000 0.000000
0.999921 -0.012578 0.000000 45.822802 0.012578 0.999921 0.000000 0.079663 0.000000 0.000000 1.000000 0.000000
0.999927 -0.012098 0.000000 46.454063 0.012098 0.999927 0.000000 0.072068 0.000000 0.000000 1.000000 0.000000
0.999917 -0.012861 0.000000 47.048258 0.012861 0.999917 0.000000 0.060566 0.000000 0.000000 1.000000 0.000000
0.999920 -0.012660 0.000000 47.661057 0.012660 0.999920 0.000000 0.057267 0.000000 0.000000 1.000000 0.000000
0.999910 -0.013431 0.000000 48.309097 0.013431 0.999910 0.000000 0.046285 0.000000 0.000000 1.000000 0.000000
0.999906 -0.013726 0.000000 48.910063 0.013726 0.999906 0.000000 0.051339 0.000000 0.000000 1.000000 0.000000
0.999874 -0.015852 0.000000 49.582911 0.015852 0.999874 0.000000 0.041707 0.000000 0.000000 1.000000 0.000000
0.999839 -0.017971 0.000000 50.238026 0.017971 0.999839 0.000000 0.029724 0.000000 0.000000 1.000000 0.000000
0.999817 -0.019112 0.000000 50.902339 0.019112 0.999817 0.000000 0.024667 0.000000 0.000000 1.000000 0.000000
0.999820 -0.018981 0.000000 51.549594 0.018981 0.999820 0.000000 0.022776 0.000000 0.000000 1.000000 0.000000
0.999868 -0.016230 0.000000 52.215547 0.016230 0.999868 0.000000 0.026797 0.000000 0.000000 1.000000 0.000000
0.999855 -0.017004 0.000000 52.879883 0.017004 0.999855 0.000000 0.018275 0.000000 0.000000 1.000000 0.000000
0.999878 -0.015633 0.000000 53.546952 0.015633 0.999878 0.000000 0.015873 0.000000 0.000000 1.000000 0.000000
0.999817 -0.019144 0.000000 54.176103 0.019144 0.999817 0.000000 0.005580 0.000000 0.000000 1.000000 0.000000
0.999861 -0.016678 0.000000 54.840304 0.016678 0.999861 0.000000 -0.001449 0.000000 0.000000 1.000000 0.000000
0.999856 -0.016974 0.000000 55.862481 0.016974 0.999856 0.000000 -0.010824 0.000000 0.000000 1.000000 0.000000
0.999844 -0.017686 0.000000 56.543281 0.017686 0.999844 0.000000 -0.015839 0.000000 0.000000 1.000000 0.000000
0.999839 -0.017937 0.000000 57.192052 0.017937 0.999839 0.000000 -0.023901 0.000000 0.000000 1.000000 0.000000
0.999849 -0.017374 0.000000 57.850575 0.017374 0.999849 0.000000 -0.032137 0.000000 0.000000 1.000000 0.000000
0.999856 -0.016976 0.000000 58.508085 0.016976 0.999856 0.000000 -0.032494 0.000000 0.000000 1.000000 0.000000
0.999844 -0.017690 0.000000 59.061437 0.017690 0.999844 0.000000 -0.040730 0.000000 0.000000 1.000000 0.000000
0.999828 -0.018541 0.000000 59.706714 0.018541 0.999828 0.000000 -0.049302 0.000000 0.000000 1.000000 0.000000
0.999808 -0.019595 0.000000 60.415103 0.019595 0.999808 0.000000 -0.051063 0.000000 0.000000 1.000000 0.000000
0.999762 -0.021797 0.000000 61.720264 0.021797 0.999762 0.000000 -0.056938 0.000000 0.000000 1.000000 0.000000
0.999669 -0.025735 0.000000 62.349310 0.025735 0.999669 0.000000 -0.055502 0.000000 0.000000 1.000000 0.000000
0.999656 -0.026229 0.000000 62.969323 0.026229 0.999656 0.000000 -0.055965 0.000000 0.000000 1.000000 0.000000
0.999652 -0.026391 0.000000 63.511366 0.026391 0.999652 0.000000 -0.061035 0.000000 0.000000 1.000000 0.000000
0.999676 -0.025452 0.000000 64.149797 0.025452 0.999676 0.000000 -0.068870 0.000000 0.000000 1.000000 0.000000
0.999663 -0.025942 0.000000 64.774258 0.025942 0.999663 0.000000 -0.078162 0.000000 0.000000 1.000000 0.000000
0.999641 -0.026799 0.000000 65.403942 0.026799 0.999641 0.000000 -0.075872 0.000000 0.000000 1.000000 0.000000
0.999660 -0.026062 0.000000 66.001190 0.026062 0.999660 0.000000 -0.073012 0.000000 0.000000 1.000000 0.000000
0.999670 -0.025690 0.000000 66.565931 0.025690 0.999670 0.000000 -0.072546 0.000000 0.000000 1.000000 0.000000
0.999658 -0.026148 0.000000 67.154005 0.026148 0.999658 0.000000 -0.078442 0.000000 0.000000 1.000000 0.000000
0.999661 -0.026018 0.000000 67.736170 0.026018 0.999661 0.000000 -0.082471 0.000000 0.000000 1.000000 0.000000
0.999703 -0.024360 0.000000 68.396987 0.024360 0.999703 0.000000 -0.088221 0.000000 0.000000 1.000000 0.000000
0.999682 -0.025235 0.000000 69.069877 0.025235 0.999682 0.000000 -0.096538 0.000000 0.000000 1.000000 0.000000
0.999642 -0.026764 0.000000 69.687912 0.026764 0.999642 0.000000 -0.106841 0.000000 0.000000 1.000000 0.000000
0.999623 -0.027459 0.000000 70.266980 0.027459 0.999623 0.000000 -0.110167 0.000000 0.000000 1.000000 0.000000
0.999616 -0.027699 0.000000 70.731844 0.027699 0.999616 0.000000 -0.118388 0.000000 0.000000 1.000000 0.000000
0.999622 -0.027490 0.000000 71.350518 0.027490 0.999622 0.000000 -0.118904 0.000000 0.000000 1.000000 0.000000
0.999699 -0.024535 0.000000 71.947765 0.024535 0.999699 0.000000 -0.109493 0.000000 0.000000 1.000000 0.000000
0.999712 -0.023984 0.000000 72.560494 0.023984 0.999712 0.000000 -0.112029 0.000000 0.000000 1.000000 0.000000
0.999729 -0.023290 0.000000 73.170812 0.023290 0.999729 0.000000 -0.115595 0.000000 0.000000 1.000000 0.000000
0.999721 -0.023619 0.000000 74.053655 0.023619 0.999721 0.000000 -0.125391 0.000000 0.000000 1.000000 0.000000
0.999703 -0.024370 0.000000 74.641278 0.024370 0.999703 0.000000 -0.130592 0.000000 0.000000 1.000000 0.000000
0.999632 -0.027140 0.000000 75.251557 0.027140 0.999632 0.000000 -0.133189 0.000000 0.000000 1.000000 0.000000
0.999642 -0.026742 0.000000 75.743161 0.026742 0.999642 0.000000 -0.131948 0.000000 0.000000 1.000000 0.000000
0.999620 -0.027550 0.000000 76.309231 0.027550 0.999620 0.000000 -0.138540 0.000000 0.000000 1.000000 0.000000
0.999583 -0.028869 0.000000 76.918323 0.028869 0.999583 0.000000 -0.141987 0.000000 0.000000 1.000000 0.000000
0.999592 -0.028547 0.000000 77.480969 0.028547 0.999592 0.000000 -0.137458 0.000000 0.000000 1.000000 0.000000
0.999542 -0.030258 0.000000 78.066316 0.030258 0.999542 0.000000 -0.125362 0.000000 0.000000 1.000000 0.000000
0.999579 -0.029026 0.000000 78.674011 0.029026 0.999579 0.000000 -0.118719 0.000000 0.000000 1.000000 0.000000
0.999493 -0.031848 0.000000 79.831754 0.031848 0.999493 0.000000 -0.115683 0.000000 0.000000 1.000000 0.000000
0.999542 -0.030266 0.000000 80.415374 0.030266 0.999542 0.000000 -0.114995 0.000000 0.000000 1.000000 0.000000
0.999559 -0.029704 0.000000 80.994941 0.029704 0.999559 0.000000 -0.124466 0.000000 0.000000 1.000000 0.000000
0.999552 -0.029929 0.000000 81.566813 0.029929 0.999552 0.000000 -0.128843 0.000000 0.000000 1.000000 0.000000
0.999597 -0.028401 0.000000 82.174429 0.028401 0.999597 0.000000 -0.119341 0.000000 0.000000 1.000000 0.000000
0.999572 -0.029249 0.000000 82.722270 0.029249 0.999572 0.000000 -0.123506 0.000000 0.000000 1.000000 0.000000
0.999511 -0.031272 0.000000 83.293219 0.031272 0.999511 0.000000 -0.125737 0.000000 0.000000 1.000000 0.000000
0.999512 -0.031235 0.000000 83.854906 0.031235 0.999512 0.000000 -0.126403 0.000000 0.000000 1.000000 0.000000
0.999549 -0.030027 0.000000 84.430766 0.030027 0.999549 0.000000 -0.116567 0.000000 0.000000 1.000000 0.000000
0.999530 -0.030662 0.000000 84.987487 0.030662 0.999530 0.000000 -0.122356 0.000000 0.000000 1.000000 0.000000
0.999507 -0.031405 0.000000 85.509546 0.031405 0.999507 0.000000 -0.123145 0.000000 0.000000 1.000000 0.000000
0.999514 -0.031165 0.000000 86.055690 0.031165 0.999514 0.000000 -0.130386 0.000000 0.000000 1.000000 0.000000
0.999560 -0.029655 0.000000 86.597559 0.029655 0.999560 0.000000 -0.135893 0.000000 0.000000 1.000000 0.000000
0.999598 -0.028369 0.000000 87.138330 0.028369 0.999598 0.000000 -0.123049 0.000000 0.000000 1.000000 0.000000
0.999670 -0.025689 0.000000 87.682751 0.025689 0.999670 0.000000 -0.118841 0.000000 0.000000 1.000000 0.000000
0.999744 -0.022647 0.000000 88.204645 0.022647 0.999744 0.000000 -0.114639 0.000000 0.000000 1.000000 0.000000
0.999797 -0.020157 0.000000 88.763441 0.020157 0.999797 0.000000 -0.096983 0.000000 0.000000 1.000000 0.000000
0.999823 -0.018800 0.000000 89.269490 0.018800 0.999823 0.000000 -0.112295 0.000000 0.000000 1.000000 0.000000
0.999798 -0.020089 0.000000 89.793651 0.020089 0.999798 0.000000 -0.121633 0.000000 0.000000 1.000000 0.000000
0.999809 -0.019527 0.000000 90.274227 0.019527 0.999809 0.000000 -0.121427 0.000000 0.000000 1.000000 0.000000
0.999838 -0.017991 0.000000 90.832580 0.017991 0.999838 0.000000 -0.128493 0.000000 0.000000 1.000000 0.000000
0.999815 -0.019242 0.000000 91.231728 0.019242 0.999815 0.000000 -0.112141 0.000000 0.000000 1.000000 0.000000
0.999833 -0.018273 0.000000 91.740347 0.018273 0.999833 0.000000 -0.119144 0.000000 0.000000 1.000000 0.000000
0.999858 -0.016875 0.000000 92.245103 0.016875 0.999858 0.000000 -0.132788 0.000000 0.000000 1.000000 0.000000
0.999889 -0.014878 0.000000 92.755801 0.014878 0.999889 0.000000 -0.138677 0.000000 0.000000 1.000000 0.000000
0.999894 -0.014531 0.000000 93.282063 0.014531 0.999894 0.000000 -0.133457 0.000000 0.000000 1.000000 0.000000
0.999894 -0.014582 0.000000 93.793918 0.014582 0.999894 0.000000 -0.094570 0.000000 0.000000 1.000000 0.000000
0.999919 -0.012709 0.000000 94.269220 0.012709 0.999919 0.000000 -0.105104 0.000000 0.000000 1.000000 0.000000
0.999923 -0.012424 0.000000 94.716361 0.012424 0.999923 0.000000 -0.117008 0.000000 0.000000 1.000000 0.000000
0.999920 -0.012621 0.000000 95.352739 0.012621 0.999920 0.000000 -0.129597 0.000000 0.000000 1.000000 0.000000
0.999931 -0.011781 0.000000 95.824025 0.011781 0.999931 0.000000 -0.138176 0.000000 0.000000 1.000000 0.000000
0.999933 -0.011592 0.000000 96.290778 0.011592 0.999933 0.000000 -0.135100 0.000000 0.000000 1.000000 0.000000
0.999938 -0.011105 0.000000 96.766908 0.011105 0.999938 0.000000 -0.179140 0.000000 0.000000 1.000000 0.000000
0.999951 -0.009928 0.000000 97.201672 0.009928 0.999951 0.000000 -0.208143 0.000000 0.000000 1.000000 0.000000
0.999942 -0.010727 0.000000 97.683819 0.010727 0.999942 0.000000 -0.223682 0.000000 0.000000 1.000000 0.000000
0.999960 -0.008924 0.000000 98.158506 0.008924 0.999960 0.000000 -0.234868 0.000000 0.000000 1.000000 0.000000
0.999992 -0.003913 0.000000 99.109379 0.003913 0.999992 0.000000 -0.266876 0.000000 0.000000 1.000000 0.000000
0.999999 -0.001451 0.000000 99.512623 0.001451 0.999999 0.000000 -0.291753 0.000000 0.000000 1.000000 0.000000
0.999999 0.001630 0.000000 99.986445 -0.001630 0.999999 0.000000 -0.313548 0.000000 0.000000 1.000000 0.000000
0.999995 0.003173 0.000000 100.555193 -0.003173 0.999995 0.000000 -0.336460 0.000000 0.000000 1.000000 0.000000
0.999980 0.006398 0.000000 100.991342 -0.006398 0.999980 0.000000 -0.377182 0.000000 0.000000 1.000000 0.000000
0.999969 0.007886 0.000000 101.454425 -0.007886 0.999969 0.000000 -0.405567 0.000000 0.000000 1.000000 0.000000
0.999933 0.011611 0.000000 101.914416 -0.011611 0.999933 0.000000 -0.437091 0.000000 0.000000 1.000000 0.000000
0.999873 0.015917 0.000000 102.422781 -0.015917 0.999873 0.000000 -0.441783 0.000000 0.000000 1.000000 0.000000
0.999834 0.018213 0.000000 102.917230 -0.018213 0.999834 0.000000 -0.467017 0.000000 0.000000 1.000000 0.000000
0.999787 0.020617 0.000000 103.379101 -0.020617 0.999787 0.000000 -0.496918 0.000000 0.000000 1.000000 0.000000
0.999699 0.024520 0.000000 103.778069 -0.024520 0.999699 0.000000 -0.582577 0.000000 0.000000 1.000000 0.000000
0.999655 0.026250 0.000000 104.213285 -0.026250 0.999655 0.000000 -0.599366 0.000000 0.000000 1.000000 0.000000
0.999570 0.029323 0.000000 104.645448 -0.029323 0.999570 0.000000 -0.642726 0.000000 0.000000 1.000000 0.000000
0.999482 0.032182 0.000000 105.080681 -0.032182 0.999482 0.000000 -0.673120 0.000000 0.000000 1.000000 0.000000
0.999429 0.033789 0.000000 105.598506 -0.033789 0.999429 0.000000 -0.695472 0.000000 0.000000 1.000000 0.000000
0.999301 0.037389 0.000000 106.024199 -0.037389 0.999301 0.000000 -0.722451 0.000000 0.000000 1.000000 0.000000
0.999072 0.043064 0.000000 106.443542 -0.043064 0.999072 0.000000 -0.779730 0.000000 0.000000 1.000000 0.000000
0.999020 0.044270 0.000000 106.906250 -0.044270 0.999020 0.000000 -0.803920 0.000000 0.000000 1.000000 0.000000
0.999180 0.040477 0.000000 107.325258 -0.040477 0.999180 0.000000 -0.746976 0.000000 0.000000 1.000000 0.000000
0.999095 0.042524 0.000000 107.699744 -0.042524 0.999095 0.000000 -0.762007 0.000000 0.000000 1.000000 0.000000
0.999142 0.041420 0.000000 107.988468 -0.041420 0.999142 0.000000 -0.830016 0.000000 0.000000 1.000000 0.000000
0.998907 0.046733 0.000000 108.391209 -0.046733 0.998907 0.000000 -0.860681 0.000000 0.000000 1.000000 0.000000
0.998733 0.050326 0.000000 108.775168 -0.050326 0.998733 0.000000 -0.877041 0.000000 0.000000 1.000000 0.000000
0.998863 0.047674 0.000000 109.184763 -0.047674 0.998863 0.000000 -0.903300 0.000000 0.000000 1.000000 0.000000
0.998721 0.050554 0.000000 109.583808 -0.050554 0.998721 0.000000 -0.936256 0.000000 0.000000 1.000000 0.000000
0.998584 0.053204 0.000000 109.880903 -0.053204 0.998584 0.000000 -0.971865 0.000000 0.000000 1.000000 0.000000
0.998462 0.055447 0.000000 110.274739 -0.055447 0.998462 0.000000 -0.985889 0.000000 0.000000 1.000000 0.000000
0.998322 0.057905 0.000000 110.712541 -0.057905 0.998322 0.000000 -1.028112 0.000000 0.000000 1.000000 0.000000
0.998161 0.060625 0.000000 111.245589 -0.060625 0.998161 0.000000 -1.085331 0.000000 0.000000 1.000000 0.000000
0.998055 0.062333 0.000000 111.659224 -0.062333 0.998055 0.000000 -1.125383 0.000000 0.000000 1.000000 0.000000
0.998007 0.063110 0.000000 112.079246 -0.063110 0.998007 0.000000 -1.151848 0.000000 0.000000 1.000000 0.000000
0.997896 0.064838 0.000000 112.494646 -0.064838 0.997896 0.000000 -1.183045 0.000000 0.000000 1.000000 0.000000
0.997836 0.065754 0.000000 112.918968 -0.065754 0.997836 0.000000 -1.220517 0.000000 0.000000 1.000000 0.000000
0.997819 0.066005 0.000000 113.344187 -0.066005 0.997819 0.000000 -1.277398 0.000000 0.000000 1.000000 0.000000
0.997597 0.069288 0.000000 113.792375 -0.069288 0.997597 0.000000 -1.325118 0.000000 0.000000 1.000000 0.000000
0.997213 0.074606 0.000000 114.177265 -0.074606 0.997213 0.000000 -1.367402 0.000000 0.000000 1.000000 0.000000
0.997183 0.075005 0.000000 114.899877 -0.075005 0.997183 0.000000 -1.490936 0.000000 0.000000 1.000000 0.000000
0.997249 0.074120 0.000000 115.321169 -0.074120 0.997249 0.000000 -1.537914 0.000000 0.000000 1.000000 0.000000
0.997177 0.075089 0.000000 115.782396 -0.075089 0.997177 0.000000 -1.581011 0.000000 0.000000 1.000000 0.000000
0.997148 0.075476 0.000000 116.227830 -0.075476 0.997148 0.000000 -1.619444 0.000000 0.000000 1.000000 0.000000
0.997006 0.077319 0.000000 116.666279 -0.077319 0.997006 0.000000 -1.640488 0.000000 0.000000 1.000000 0.000000
0.996974 0.077734 0.000000 117.110645 -0.077734 0.996974 0.000000 -1.685106 0.000000 0.000000 1.000000 0.000000
0.997034 0.076968 0.000000 117.555399 -0.076968 0.997034 0.000000 -1.727832 0.000000 0.000000 1.000000 0.000000
0.997066 0.076546 0.000000 117.987727 -0.076546 0.997066 0.000000 -1.773168 0.000000 0.000000 1.000000 0.000000
0.997010 0.077276 0.000000 118.468509 -0.077276 0.997010 0.000000 -1.821835 0.000000 0.000000 1.000000 0.000000
0.996796 0.079991 0.000000 118.918649 -0.079991 0.996796 0.000000 -1.875033 0.000000 0.000000 1.000000 0.000000
0.996697 0.081214 0.000000 119.339894 -0.081214 0.996697 0.000000 -1.922180 0.000000 0.000000 1.000000 0.000000
0.996646 0.081829 0.000000 120.153229 -0.081829 0.996646 0.000000 -2.017017 0.000000 0.000000 1.000000 0.000000
0.996429 0.084430 0.000000 120.545632 -0.084430 0.996429 0.000000 -2.065750 0.000000 0.000000 1.000000 0.000000
0.996416 0.084593 0.000000 121.008237 -0.084593 0.996416 0.000000 -2.125611 0.000000 0.000000 1.000000 0.000000
0.996231 0.086737 0.000000 121.465172 -0.086737 0.996231 0.000000 -2.179145 0.000000 0.000000 1.000000 0.000000
0.996131 0.087875 0.000000 121.928205 -0.087875 0.996131 0.000000 -2.239715 0.000000 0.000000 1.000000 0.000000
0.996038 0.088928 0.000000 122.398016 -0.088928 0.996038 0.000000 -2.302150 0.000000 0.000000 1.000000 0.000000
0.995772 0.091857 0.000000 122.834372 -0.091857 0.995772 0.000000 -2.320269 0.000000 0.000000 1.000000 0.000000
0.995512 0.094639 0.000000 123.336403 -0.094639 0.995512 0.000000 -2.371874 0.000000 0.000000 1.000000 0.000000
0.995123 0.098646 0.000000 123.865143 -0.098646 0.995123 0.000000 -2.441625 0.000000 0.000000 1.000000 0.000000
0.994960 0.100272 0.000000 124.302655 -0.100272 0.994960 0.000000 -2.507091 0.000000 0.000000 1.000000 0.000000
0.994890 0.100964 0.000000 124.814283 -0.100964 0.994890 0.000000 -2.568162 0.000000 0.000000 1.000000 0.000000
0.994799 0.101859 0.000000 125.283520 -0.101859 0.994799 0.000000 -2.632818 0.000000 0.000000 1.000000 0.000000
0.995042 0.099456 0.000000 125.757510 -0.099456 0.995042 0.000000 -2.706367 0.000000 0.000000 1.000000 0.000000
0.994812 0.101730 0.000000 126.228722 -0.101730 0.994812 0.000000 -2.765539 0.000000 0.000000 1.000000 0.000000
0.994644 0.103360 0.000000 126.710105 -0.103360 0.994644 0.000000 -2.827301 0.000000 0.000000 1.000000 0.000000
0.994181 0.107721 0.000000 127.200481 -0.107721 0.994181 0.000000 -2.857638 0.000000 0.000000 1.000000 0.000000
0.993378 0.114893 0.000000 127.709494 -0.114893 0.993378 0.000000 -2.915496 0.000000 0.000000 1.000000 0.000000
0.992984 0.118251 0.000000 128.188604 -0.118251 0.992984 0.000000 -2.982059 0.000000 0.000000 1.000000 0.000000
0.992843 0.119429 0.000000 128.642146 -0.119429 0.992843 0.000000 -3.046751 0.000000 0.000000 1.000000 0.000000
0.992355 0.123412 0.000000 129.134502 -0.123412 0.992355 0.000000 -3.110524 0.000000 0.000000 1.000000 0.000000
0.992249 0.124264 0.000000 129.600109 -0.124264 0.992249 0.000000 -3.183055 0.000000 0.000000 1.000000 0.000000
0.992113 0.125349 0.000000 130.387313 -0.125349 0.992113 0.000000 -3.299813 0.000000 0.000000 1.000000 0.000000
0.992664 0.120904 0.000000 130.916501 -0.120904 0.992664 0.000000 -3.381518 0.000000 0.000000 1.000000 0.000000
0.992996 0.118147 0.000000 131.907455 -0.118147 0.992996 0.000000 -3.549036 0.000000 0.000000 1.000000 0.000000
0.993383 0.114852 0.000000 132.399854 -0.114852 0.993383 0.000000 -3.631050 0.000000 0.000000 1.000000 0.000000
0.993498 0.113848 0.000000 132.898342 -0.113848 0.993498 0.000000 -3.706300 0.000000 0.000000 1.000000 0.000000
0.993860 0.110641 0.000000 133.398935 -0.110641 0.993860 0.000000 -3.785839 0.000000 0.000000 1.000000 0.000000
0.993641 0.112593 0.000000 133.896747 -0.112593 0.993641 0.000000 -3.838443 0.000000 0.000000 1.000000 0.000000
0.994377 0.105897 0.000000 134.355233 -0.105897 0.994377 0.000000 -3.924322 0.000000 0.000000 1.000000 0.000000
0.994238 0.107198 0.000000 134.912880 -0.107198 0.994238 0.000000 -3.994257 0.000000 0.000000 1.000000 0.000000
0.994085 0.108602 0.000000 135.388014 -0.108602 0.994085 0.000000 -4.053807 0.000000 0.000000 1.000000 0.000000
0.994039 0.109026 0.000000 135.898838 -0.109026 0.994039 0.000000 -4.125759 0.000000 0.000000 1.000000 0.000000
0.994085 0.108608 0.000000 136.432491 -0.108608 0.994085 0.000000 -4.208478 0.000000 0.000000 1.000000 0.000000
0.994095 0.108514 0.000000 136.917556 -0.108514 0.994095 0.000000 -4.273568 0.000000 0.000000 1.000000 0.000000
0.994021 0.109190 0.000000 137.442391 -0.109190 0.994021 0.000000 -4.317568 0.000000 0.000000 1.000000 0.000000
0.994082 0.108628 0.000000 137.912510 -0.108628 0.994082 0.000000 -4.363159 0.000000 0.000000 1.000000 0.000000
0.994535 0.104400 0.000000 138.462315 -0.104400 0.994535 0.000000 -4.381756 0.000000 0.000000 1.000000 0.000000
0.994353 0.106122 0.000000 138.991102 -0.106122 0.994353 0.000000 -4.447599 0.000000 0.000000 1.000000 0.000000
0.994005 0.109331 0.000000 139.504066 -0.109331 0.994005 0.000000 -4.508273 0.000000 0.000000 1.000000 0.000000
0.993812 0.111075 0.000000 140.158633 -0.111075 0.993812 0.000000 -4.579649 0.000000 0.000000 1.000000 0.000000
0.993306 0.115510 0.000000 140.733121 -0.115510 0.993306 0.000000 -4.665630 0.000000 0.000000 1.000000 0.000000
0.993330 0.115305 0.000000 141.221543 -0.115305 0.993330 0.000000 -4.727641 0.000000 0.000000 1.000000 0.000000
0.992785 0.119906 0.000000 141.738149 -0.119906 0.992785 0.000000 -4.785489 0.000000 0.000000 1.000000 0.000000
0.992477 0.122428 0.000000 142.283716 -0.122428 0.992477 0.000000 -4.863445 0.000000 0.000000 1.000000 0.000000
0.992238 0.124354 0.000000 142.777440 -0.124354 0.992238 0.000000 -4.935904 0.000000 0.000000 1.000000 0.000000
0.991690 0.128650 0.000000 146.682616 -0.128650 0.991690 0.000000 -5.497530 0.000000 0.000000 1.000000 0.000000
0.992206 0.124611 0.000000 147.201866 -0.124611 0.992206 0.000000 -5.596796 0.000000 0.000000 1.000000 0.000000
0.991809 0.127733 0.000000 148.368420 -0.127733 0.991809 0.000000 -5.765359 0.000000 0.000000 1.000000 0.000000
0.991521 0.129943 0.000000 149.503551 -0.129943 0.991521 0.000000 -5.956864 0.000000 0.000000 1.000000 0.000000
0.991456 0.130442 0.000000 150.060872 -0.130442 0.991456 0.000000 -6.040622 0.000000 0.000000 1.000000 0.000000
0.991484 0.130230 0.000000 150.632266 -0.130230 0.991484 0.000000 -6.143100 0.000000 0.000000 1.000000 0.000000
0.991569 0.129580 0.000000 151.195279 -0.129580 0.991569 0.000000 -6.253349 0.000000 0.000000 1.000000 0.000000
0.991807 0.127744 0.000000 151.770256 -0.127744 0.991807 0.000000 -6.308458 0.000000 0.000000 1.000000 0.000000
0.991348 0.131257 0.000000 152.344779 -0.131257 0.991348 0.000000 -6.399239 0.000000 0.000000 1.000000 0.000000
0.991097 0.133138 0.000000 152.894313 -0.133138 0.991097 0.000000 -6.502599 0.000000 0.000000 1.000000 0.000000
0.991335 0.131354 0.000000 153.469198 -0.131354 0.991335 0.000000 -6.615619 0.000000 0.000000 1.000000 0.000000
0.991231 0.132141 0.000000 154.047720 -0.132141 0.991231 0.000000 -6.716109 0.000000 0.000000 1.000000 0.000000
0.990217 0.139537 0.000000 154.979107 -0.139537 0.990217 0.000000 -6.864461 0.000000 0.000000 1.000000 0.000000
0.990024 0.140897 0.000000 155.542039 -0.140897 0.990024 0.000000 -6.971112 0.000000 0.000000 1.000000 0.000000
0.989369 0.145427 0.000000 156.116746 -0.145427 0.989369 0.000000 -7.068958 0.000000 0.000000 1.000000 0.000000
0.989057 0.147532 0.000000 156.725904 -0.147532 0.989057 0.000000 -7.096250 0.000000 0.000000 1.000000 0.000000
0.988340 0.152262 0.000000 157.334966 -0.152262 0.988340 0.000000 -7.185172 0.000000 0.000000 1.000000 0.000000
0.988007 0.154407 0.000000 157.868862 -0.154407 0.988007 0.000000 -7.287302 0.000000 0.000000 1.000000 0.000000
0.987824 0.155576 0.000000 158.481835 -0.155576 0.987824 0.000000 -7.412724 0.000000 0.000000 1.000000 0.000000
0.987634 0.156777 0.000000 159.045407 -0.156777 0.987634 0.000000 -7.544397 0.000000 0.000000 1.000000 0.000000
0.987223 0.159342 0.000000 159.624180 -0.159342 0.987223 0.000000 -7.640884 0.000000 0.000000 1.000000 0.000000
0.987232 0.159288 0.000000 160.197395 -0.159288 0.987232 0.000000 -7.736290 0.000000 0.000000 1.000000 0.000000
0.987371 0.158428 0.000000 160.770426 -0.158428 0.987371 0.000000 -7.846241 0.000000 0.000000 1.000000 0.000000
0.987391 0.158303 0.000000 161.347273 -0.158303 0.987391 0.000000 -7.948442 0.000000 0.000000 1.000000 0.000000
0.987112 0.160029 0.000000 161.919271 -0.160029 0.987112 0.000000 -8.045130 0.000000 0.000000 1.000000 0.000000
0.987102 0.160095 0.000000 162.486591 -0.160095 0.987102 0.000000 -8.181309 0.000000 0.000000 1.000000 0.000000
0.986553 0.163443 0.000000 163.082985 -0.163443 0.986553 0.000000 -8.328242 0.000000 0.000000 1.000000 0.000000
0.986350 0.164665 0.000000 163.656182 -0.164665 0.986350 0.000000 -8.435143 0.000000 0.000000 1.000000 0.000000
0.985776 0.168065 0.000000 164.769569 -0.168065 0.985776 0.000000 -8.644785 0.000000 0.000000 1.000000 0.000000
0.986045 0.166482 0.000000 165.336792 -0.166482 0.986045 0.000000 -8.765050 0.000000 0.000000 1.000000 0.000000
0.985610 0.169038 0.000000 165.861022 -0.169038 0.985610 0.000000 -8.867127 0.000000 0.000000 1.000000 0.000000
0.985057 0.172227 0.000000 166.447243 -0.172227 0.985057 0.000000 -8.978539 0.000000 0.000000 1.000000 0.000000
0.985109 0.171933 0.000000 167.003929 -0.171933 0.985109 0.000000 -9.090595 0.000000 0.000000 1.000000 0.000000
0.984824 0.173556 0.000000 168.113660 -0.173556 0.984824 0.000000 -9.287342 0.000000 0.000000 1.000000 0.000000
0.984782 0.173796 0.000000 168.633296 -0.173796 0.984782 0.000000 -9.397091 0.000000 0.000000 1.000000 0.000000
0.984393 0.175986 0.000000 169.173784 -0.175986 0.984393 0.000000 -9.502364 0.000000 0.000000 1.000000 0.000000
0.984587 0.174893 0.000000 169.735225 -0.174893 0.984587 0.000000 -9.617107 0.000000 0.000000 1.000000 0.000000
0.984294 0.176536 0.000000 170.300120 -0.176536 0.984294 0.000000 -9.728008 0.000000 0.000000 1.000000 0.000000
0.983683 0.179909 0.000000 170.859778 -0.179909 0.983683 0.000000 -9.817571 0.000000 0.000000 1.000000 0.000000
0.983012 0.183539 0.000000 171.613866 -0.183539 0.983012 0.000000 -9.963726 0.000000 0.000000 1.000000 0.000000
0.982456 0.186497 0.000000 172.168817 -0.186497 0.982456 0.000000 -10.065263 0.000000 0.000000 1.000000 0.000000
0.981359 0.192183 0.000000 172.718497 -0.192183 0.981359 0.000000 -10.166799 0.000000 0.000000 1.000000 0.000000
0.981222 0.192880 0.000000 173.364176 -0.192880 0.981222 0.000000 -10.281153 0.000000 0.000000 1.000000 0.000000
0.981518 0.191369 0.000000 173.898036 -0.191369 0.981518 0.000000 -10.399978 0.000000 0.000000 1.000000 0.000000
0.980677 0.195636 0.000000 174.535735 -0.195636 0.980677 0.000000 -10.497510 0.000000 0.000000 1.000000 0.000000
0.980848 0.194776 0.000000 175.128908 -0.194776 0.980848 0.000000 -10.628716 0.000000 0.000000 1.000000 0.000000
0.979484 0.201523 0.000000 175.708453 -0.201523 0.979484 0.000000 -10.742072 0.000000 0.000000 1.000000 0.000000
0.979446 0.201704 0.000000 176.352738 -0.201704 0.979446 0.000000 -10.838969 0.000000 0.000000 1.000000 0.000000
0.979600 0.200955 0.000000 176.944497 -0.200955 0.979600 0.000000 -10.978764 0.000000 0.000000 1.000000 0.000000
0.979711 0.200415 0.000000 177.518534 -0.200415 0.979711 0.000000 -11.114405 0.000000 0.000000 1.000000 0.000000
0.980305 0.197489 0.000000 178.082182 -0.197489 0.980305 0.000000 -11.254257 0.000000 0.000000 1.000000 0.000000
0.981063 0.193689 0.000000 178.650636 -0.193689 0.981063 0.000000 -11.402769 0.000000 0.000000 1.000000 0.000000
0.981652 0.190683 0.000000 179.230510 -0.190683 0.981652 0.000000 -11.541953 0.000000 0.000000 1.000000 0.000000
0.981404 0.191952 0.000000 179.808472 -0.191952 0.981404 0.000000 -11.669282 0.000000 0.000000 1.000000 0.000000
0.982039 0.188678 0.000000 180.387812 -0.188678 0.982039 0.000000 -11.798779 0.000000 0.000000 1.000000 0.000000
0.981523 0.191344 0.000000 180.968417 -0.191344 0.981523 0.000000 -11.922335 0.000000 0.000000 1.000000 0.000000
0.981397 0.191991 0.000000 181.503912 -0.191991 0.981397 0.000000 -12.044426 0.000000 0.000000 1.000000 0.000000
0.981666 0.190607 0.000000 182.129994 -0.190607 0.981666 0.000000 -12.181191 0.000000 0.000000 1.000000 0.000000
0.981592 0.190990 0.000000 182.666949 -0.190990 0.981592 0.000000 -12.303279 0.000000 0.000000 1.000000 0.000000
0.981273 0.192624 0.000000 183.249978 -0.192624 0.981273 0.000000 -12.418160 0.000000 0.000000 1.000000 0.000000
0.980674 0.195649 0.000000 183.773821 -0.195649 0.980674 0.000000 -12.484692 0.000000 0.000000 1.000000 0.000000
0.979301 0.202411 0.000000 184.350311 -0.202411 0.979301 0.000000 -12.610555 0.000000 0.000000 1.000000 0.000000
0.978726 0.205173 0.000000 184.925192 -0.205173 0.978726 0.000000 -12.740087 0.000000 0.000000 1.000000 0.000000
0.978580 0.205868 0.000000 185.501756 -0.205868 0.978580 0.000000 -12.874376 0.000000 0.000000 1.000000 0.000000
0.978387 0.206781 0.000000 186.076775 -0.206781 0.978387 0.000000 -13.009050 0.000000 0.000000 1.000000 0.000000
0.978242 0.207465 0.000000 186.619849 -0.207465 0.978242 0.000000 -13.134353 0.000000 0.000000 1.000000 0.000000
0.977233 0.212170 0.000000 187.190311 -0.212170 0.977233 0.000000 -13.318894 0.000000 0.000000 1.000000 0.000000
0.977420 0.211307 0.000000 187.769541 -0.211307 0.977420 0.000000 -13.461273 0.000000 0.000000 1.000000 0.000000
0.977442 0.211203 0.000000 188.340902 -0.211203 0.977442 0.000000 -13.608998 0.000000 0.000000 1.000000 0.000000
0.976731 0.214468 0.000000 188.933580 -0.214468 0.976731 0.000000 -13.755440 0.000000 0.000000 1.000000 0.000000
0.976147 0.217111 0.000000 189.546923 -0.217111 0.976147 0.000000 -13.885054 0.000000 0.000000 1.000000 0.000000
0.976109 0.217281 0.000000 190.086533 -0.217281 0.976109 0.000000 -14.019888 0.000000 0.000000 1.000000 0.000000
0.975366 0.220592 0.000000 190.703845 -0.220592 0.975366 0.000000 -14.169997 0.000000 0.000000 1.000000 0.000000
0.975488 0.220053 0.000000 191.299288 -0.220053 0.975488 0.000000 -14.338712 0.000000 0.000000 1.000000 0.000000
0.975566 0.219705 0.000000 191.852878 -0.219705 0.975566 0.000000 -14.467235 0.000000 0.000000 1.000000 0.000000
0.975143 0.221577 0.000000 192.430559 -0.221577 0.975143 0.000000 -14.607637 0.000000 0.000000 1.000000 0.000000
0.975865 0.218373 0.000000 192.997322 -0.218373 0.975865 0.000000 -14.758464 0.000000 0.000000 1.000000 0.000000
0.975628 0.219430 0.000000 193.531814 -0.219430 0.975628 0.000000 -14.897962 0.000000 0.000000 1.000000 0.000000
0.974986 0.222266 0.000000 194.100437 -0.222266 0.974986 0.000000 -15.020412 0.000000 0.000000 1.000000 0.000000
0.974680 0.223605 0.000000 194.667819 -0.223605 0.974680 0.000000 -15.175872 0.000000 0.000000 1.000000 0.000000
0.974571 0.224080 0.000000 195.224043 -0.224080 0.974571 0.000000 -15.302886 0.000000 0.000000 1.000000 0.000000
0.974466 0.224536 0.000000 195.824483 -0.224536 0.974466 0.000000 -15.428070 0.000000 0.000000 1.000000 0.000000
0.974064 0.226274 0.000000 196.412567 -0.226274 0.974064 0.000000 -15.576460 0.000000 0.000000 1.000000 0.000000
0.973623 0.228163 0.000000 197.249384 -0.228163 0.973623 0.000000 -15.834416 0.000000 0.000000 1.000000 0.000000
0.972932 0.231091 0.000000 197.856017 -0.231091 0.972932 0.000000 -15.967780 0.000000 0.000000 1.000000 0.000000
0.972933 0.231089 0.000000 198.421740 -0.231089 0.972933 0.000000 -16.112062 0.000000 0.000000 1.000000 0.000000
0.973023 0.230708 0.000000 198.984737 -0.230708 0.973023 0.000000 -16.245065 0.000000 0.000000 1.000000 0.000000
0.973073 0.230498 0.000000 199.546659 -0.230498 0.973073 0.000000 -16.388371 0.000000 0.000000 1.000000 0.000000
0.973689 0.227879 0.000000 200.080376 -0.227879 0.973689 0.000000 -16.534282 0.000000 0.000000 1.000000 0.000000
0.973655 0.228028 0.000000 200.639971 -0.228028 0.973655 0.000000 -16.668746 0.000000 0.000000 1.000000 0.000000
0.973597 0.228272 0.000000 201.223016 -0.228272 0.973597 0.000000 -16.822119 0.000000 0.000000 1.000000 0.000000
0.973250 0.229748 0.000000 201.715056 -0.229748 0.973250 0.000000 -16.970495 0.000000 0.000000 1.000000 0.000000
0.973430 0.228984 0.000000 202.685609 -0.228984 0.973430 0.000000 -17.211362 0.000000 0.000000 1.000000 0.000000
0.972994 0.230832 0.000000 203.231738 -0.230832 0.972994 0.000000 -17.349305 0.000000 0.000000 1.000000 0.000000
0.972497 0.232915 0.000000 203.939360 -0.232915 0.972497 0.000000 -17.537481 0.000000 0.000000 1.000000 0.000000
0.971916 0.235328 0.000000 204.649958 -0.235328 0.971916 0.000000 -17.727500 0.000000 0.000000 1.000000 0.000000
0.972166 0.234294 0.000000 205.607907 -0.234294 0.972166 0.000000 -17.977950 0.000000 0.000000 1.000000 0.000000
0.972371 0.233440 0.000000 206.183136 -0.233440 0.972371 0.000000 -18.144305 0.000000 0.000000 1.000000 0.000000
0.972376 0.233420 0.000000 206.736752 -0.233420 0.972376 0.000000 -18.295688 0.000000 0.000000 1.000000 0.000000
0.972245 0.233963 0.000000 207.289041 -0.233963 0.972245 0.000000 -18.455668 0.000000 0.000000 1.000000 0.000000
0.972301 0.233731 0.000000 207.805248 -0.233731 0.972301 0.000000 -18.613080 0.000000 0.000000 1.000000 0.000000
0.971892 0.235429 0.000000 208.363187 -0.235429 0.971892 0.000000 -18.778611 0.000000 0.000000 1.000000 0.000000
0.971756 0.235989 0.000000 208.905745 -0.235989 0.971756 0.000000 -18.930269 0.000000 0.000000 1.000000 0.000000
0.972130 0.234444 0.000000 209.741822 -0.234444 0.972130 0.000000 -19.169907 0.000000 0.000000 1.000000 0.000000
0.972709 0.232030 0.000000 210.293724 -0.232030 0.972709 0.000000 -19.337393 0.000000 0.000000 1.000000 0.000000
0.972648 0.232283 0.000000 210.842943 -0.232283 0.972648 0.000000 -19.481001 0.000000 0.000000 1.000000 0.000000
0.973870 0.227107 0.000000 211.420587 -0.227107 0.973870 0.000000 -19.551584 0.000000 0.000000 1.000000 0.000000
0.973889 0.227023 0.000000 212.047295 -0.227023 0.973889 0.000000 -19.709170 0.000000 0.000000 1.000000 0.000000
