0.999999 -0.001003 0.000000 0.826907 0.001003 0.999999 0.000000 -0.034055 0.000000 0.000000 1.000000 0.000000
1.000000 0.000097 0.000000 1.413341 -0.000097 1.000000 0.000000 -0.041597 0.000000 0.000000 1.000000 0.000000
1.000000 -0.000435 0.000000 2.020133 0.000435 1.000000 0.000000 -0.068353 0.000000 0.000000 1.000000 0.000000
0.999983 -0.005837 0.000000 2.961686 0.005837 0.999983 0.000000 -0.111443 0.000000 0.000000 1.000000 0.000000
0.999971 -0.007570 0.000000 3.580904 0.007570 0.999971 0.000000 -0.131762 0.000000 0.000000 1.000000 0.000000
0.999940 -0.010982 0.000000 4.220812 0.010982 0.999940 0.000000 -0.155711 0.000000 0.000000 1.000000 0.000000
0.999961 -0.008884 0.000000 4.853389 0.008884 0.999961 0.000000 -0.160400 0.000000 0.000000 1.000000 0.000000
0.999970 -0.007799 0.000000 6.159153 0.007799 0.999970 0.000000 -0.199632 0.000000 0.000000 1.000000 0.000000
0.999913 -0.013215 0.000000 6.798061 0.013215 0.999913 0.000000 -0.216531 0.000000 0.000000 1.000000 0.000000
0.999897 -0.014322 0.000000 7.426750 0.014322 0.999897 0.000000 -0.222914 0.000000 0.000000 1.000000 0.000000
0.999869 -0.016207 0.000000 8.052162 0.016207 0.999869 0.000000 -0.233455 0.000000 0.000000 1.000000 0.000000
0.999860 -0.016741 0.000000 8.716118 0.016741 0.999860 0.000000 -0.245904 0.000000 0.000000 1.000000 0.000000
0.999850 -0.017347 0.000000 9.341377 0.017347 0.999850 0.000000 -0.252276 0.000000 0.000000 1.000000 0.000000
0.999847 -0.017468 0.000000 9.963794 0.017468 0.999847 0.000000 -0.255805 0.000000 0.000000 1.000000 0.000000
0.999815 -0.019245 0.000000 10.581891 0.019245 0.999815 0.000000 -0.272478 0.000000 0.000000 1.000000 0.000000
0.999770 -0.021427 0.000000 11.200857 0.021427 0.999770 0.000000 -0.278651 0.000000 0.000000 1.000000 0.000000
0.999778 -0.021065 0.000000 11.823511 0.021065 0.999778 0.000000 -0.277898 0.000000 0.000000 1.000000 0.000000
0.999757 -0.022025 0.000000 12.443560 0.022025 0.999757 0.000000 -0.289937 0.000000 0.000000 1.000000 0.000000
0.999773 -0.021316 0.000000 13.059752 0.021316 0.999773 0.000000 -0.291555 0.000000 0.000000 1.000000 0.000000
0.999793 -0.020346 0.000000 13.885424 0.020346 0.999793 0.000000 -0.307285 0.000000 0.000000 1.000000 0.000000
0.999788 -0.020611 0.000000 14.472529 0.020611 0.999788 0.000000 -0.309201 0.000000 0.000000 1.000000 0.000000
0.999797 -0.020134 0.000000 15.095245 0.020134 0.999797 0.000000 -0.315492 0.000000 0.000000 1.000000 0.000000
0.999721 -0.023601 0.000000 15.715032 0.023601 0.999721 0.000000 -0.330589 0.000000 0.000000 1.000000 0.000000
0.999670 -0.025701 0.000000 16.364305 0.025701 0.999670 0.000000 -0.329318 0.000000 0.000000 1.000000 0.000000
0.999556 -0.029805 0.000000 17.020320 0.029805 0.999556 0.000000 -0.339609 0.000000 0.000000 1.000000 0.000000
0.999504 -0.031493 0.000000 17.642423 0.031493 0.999504 0.000000 -0.339049 0.000000 0.000000 1.000000 0.000000
0.999576 -0.029118 0.000000 18.259188 0.029118 0.999576 0.000000 -0.334062 0.000000 0.000000 1.000000 0.000000
0.999526 -0.030794 0.000000 18.888078 0.030794 0.999526 0.000000 -0.333349 0.000000 0.000000 1.000000 0.000000
0.999514 -0.031173 0.000000 19.503877 0.031173 0.999514 0.000000 -0.326847 0.000000 0.000000 1.000000 0.000000
0.999487 -0.032036 0.000000 20.105458 0.032036 0.999487 0.000000 -0.325781 0.000000 0.000000 1.000000 0.000000
0.999487 -0.032036 0.000000 20.727120 0.032036 0.999487 0.000000 -0.322459 0.000000 0.000000 1.000000 0.000000
0.999509 -0.031331 0.000000 21.347625 0.031331 0.999509 0.000000 -0.318663 0.000000 0.000000 1.000000 0.000000
0.999471 -0.032533 0.000000 21.924123 0.032533 0.999471 0.000000 -0.326172 0.000000 0.000000 1.000000 0.000000
0.999385 -0.035065 0.000000 22.550742 0.035065 0.999385 0.000000 -0.324279 0.000000 0.000000 1.000000 0.000000
0.999302 -0.037353 0.000000 23.158304 0.037353 0.999302 0.000000 -0.324015 0.000000 0.000000 1.000000 0.000000
0.999275 -0.038064 0.000000 23.748733 0.038064 0.999275 0.000000 -0.325564 0.000000 0.000000 1.000000 0.000000
0.999279 -0.037976 0.000000 24.369900 0.037976 0.999279 0.000000 -0.322618 0.000000 0.000000 1.000000 0.000000
0.999289 -0.037701 0.000000 24.998228 0.037701 0.999289 0.000000 -0.318507 0.000000 0.000000 1.000000 0.000000
0.999353 -0.035966 0.000000 25.623332 0.035966 0.999353 0.000000 -0.309718 0.000000 0.000000 1.000000 0.000000
0.999479 -0.032261 0.000000 26.201487 0.032261 0.999479 0.000000 -0.302287 0.000000 0.000000 1.000000 0.000000
0.999567 -0.029435 0.000000 26.831015 0.029435 0.999567 0.000000 -0.300636 0.000000 0.000000 1.000000 0.000000
0.999611 -0.027874 0.000000 27.419885 0.027874 0.999611 0.000000 -0.296605 0.000000 0.000000 1.000000 0.000000
0.999606 -0.028066 0.000000 28.058434 0.028066 0.999606 0.000000 -0.302910 0.000000 0.000000 1.000000 0.000000
0.999598 -0.028355 0.000000 28.695989 0.028355 0.999598 0.000000 -0.302831 0.000000 0.000000 1.000000 0.000000
0.999638 -0.026902 0.000000 29.520908 0.026902 0.999638 0.000000 -0.295817 0.000000 0.000000 1.000000 0.000000
0.999685 -0.025089 0.000000 30.155688 0.025089 0.999685 0.000000 -0.288745 0.000000 0.000000 1.000000 0.000000
0.999733 -0.023092 0.000000 30.793168 0.023092 0.999733 0.000000 -0.283613 0.000000 0.000000 1.000000 0.000000
0.999781 -0.020907 0.000000 31.425020 0.020907 0.999781 0.000000 -0.282298 0.000000 0.000000 1.000000 0.000000
0.999772 -0.021336 0.000000 32.050633 0.021336 0.999772 0.000000 -0.287809 0.000000 0.000000 1.000000 0.000000
0.999793 -0.020328 0.000000 32.684944 0.020328 0.999793 0.000000 -0.290102 0.000000 0.000000 1.000000 0.000000
0.999843 -0.017738 0.000000 33.317578 0.017738 0.999843 0.000000 -0.291822 0.000000 0.000000 1.000000 0.000000
0.999904 -0.013825 0.000000 33.955630 0.013825 0.999904 0.000000 -0.293449 0.000000 0.000000 1.000000 0.000000
0.999908 -0.013551 0.000000 34.648279 0.013551 0.999908 0.000000 -0.314715 0.000000 0.000000 1.000000 0.000000
0.999955 -0.009493 0.000000 35.282737 0.009493 0.999955 0.000000 -0.310695 0.000000 0.000000 1.000000 0.000000
0.999954 -0.009574 0.000000 35.920888 0.009574 0.999954 0.000000 -0.322088 0.000000 0.000000 1.000000 0.000000
0.999968 -0.008038 0.000000 36.536158 0.008038 0.999968 0.000000 -0.329569 0.000000 0.000000 1.000000 0.000000
0.999982 -0.006054 0.000000 37.175044 0.006054 0.999982 0.000000 -0.338241 0.000000 0.000000 1.000000 0.000000
0.999981 -0.006173 0.000000 37.811396 0.006173 0.999981 0.000000 -0.356912 0.000000 0.000000 1.000000 0.000000
0.999990 -0.004565 0.000000 38.389576 0.004565 0.999990 0.000000 -0.370915 0.000000 0.000000 1.000000 0.000000
1.000000 -0.000697 0.000000 39.030612 0.000697 1.000000 0.000000 -0.381578 0.000000 0.000000 1.000000 0.000000
1.000000 0.000280 0.000000 39.658655 -0.000280 1.000000 0.000000 -0.397127 0.000000 0.000000 1.000000 0.000000
1.000000 0.000121 0.000000 40.303853 -0.000121 1.000000 0.000000 -0.419260 0.000000 0.000000 1.000000 0.000000
0.999999 0.001082 0.000000 40.942639 -0.001082 0.999999 0.000000 -0.436709 0.000000 0.000000 1.000000 0.000000
0.999998 0.002133 0.000000 41.574958 -0.002133 0.999998 0.000000 -0.456298 0.000000 0.000000 1.000000 0.000000
0.999998 0.002046 0.000000 42.222471 -0.002046 0.999998 0.000000 -0.472934 0.000000 0.000000 1.000000 0.000000
0.999996 0.002756 0.000000 42.866891 -0.002756 0.999996 0.000000 -0.485182 0.000000 0.000000 1.000000 0.000000
0.999985 0.005416 0.000000 43.511961 -0.005416 0.999985 0.000000 -0.498376 0.000000 0.000000 1.000000 0.000000
0.999978 0.006565 0.000000 44.153834 -0.006565 0.999978 0.000000 -0.517403 0.000000 0.000000 1.000000 0.000000
0.999984 0.005599 0.000000 44.812149 -0.005599 0.999984 0.000000 -0.546339 0.000000 0.000000 1.000000 0.000000
0.999979 0.006427 0.000000 45.406017 -0.006427 0.999979 0.000000 -0.556334 0.000000 0.000000 1.000000 0.000000
0.999991 0.004266 0.000000 46.056029 -0.004266 0.999991 0.000000 -0.577646 0.000000 0.000000 1.000000 0.000000
0.999998 0.001963 0.000000 46.709916 -0.001963 0.999998 0.000000 -0.587915 0.000000 0.000000 1.000000 0.000000
0.999999 0.001239 0.000000 47.371363 -0.001239 0.999999 0.000000 -0.609086 0.000000 0.000000 1.000000 0.000000
0.999999 -0.001161 0.000000 48.032319 0.001161 0.999999 0.000000 -0.631327 0.000000 0.000000 1.000000 0.000000
0.999999 -0.001217 0.000000 48.679492 0.001217 0.999999 0.000000 -0.642759 0.000000 0.000000 1.000000 0.000000
1.000000 -0.000404 0.000000 49.299249 0.000404 1.000000 0.000000 -0.656131 0.000000 0.000000 1.000000 0.000000
0.999997 0.002292 0.000000 49.959082 -0.002292 0.999997 0.000000 -0.665273 0.000000 0.000000 1.000000 0.000000
0.999992 0.004011 0.000000 50.616851 -0.004011 0.999992 0.000000 -0.682624 0.000000 0.000000 1.000000 0.000000
0.999986 0.005381 0.000000 51.283720 -0.005381 0.999986 0.000000 -0.699038 0.000000 0.000000 1.000000 0.000000
0.999996 0.002968 0.000000 51.986431 -0.002968 0.999996 0.000000 -0.722063 0.000000 0.000000 1.000000 0.000000
1.000000 0.000866 0.000000 52.646211 -0.000866 1.000000 0.000000 -0.730748 0.000000 0.000000 1.000000 0.000000
0.999999 0.001239 0.000000 53.666522 -0.001239 0.999999 0.000000 -0.761365 0.000000 0.000000 1.000000 0.000000
1.000000 0.000466 0.000000 54.355389 -0.000466 1.000000 0.000000 -0.778475 0.000000 0.000000 1.000000 0.000000
1.000000 0.000358 0.000000 54.990227 -0.000358 1.000000 0.000000 -0.797143 0.000000 0.000000 1.000000 0.000000
0.999999 0.001002 0.000000 55.649218 -0.001002 0.999999 0.000000 -0.817788 0.000000 0.000000 1.000000 0.000000
0.999998 0.001811 0.000000 56.306567 -0.001811 0.999998 0.000000 -0.836160 0.000000 0.000000 1.000000 0.000000
0.999998 0.001846 0.000000 57.006069 -0.001846 0.999998 0.000000 -0.852560 0.000000 0.000000 1.000000 0.000000
0.999999 0.001554 0.000000 57.650012 -0.001554 0.999999 0.000000 -0.872495 0.000000 0.000000 1.000000 0.000000
0.999999 0.001557 0.000000 58.293840 -0.001557 0.999999 0.000000 -0.887938 0.000000 0.000000 1.000000 0.000000
1.000000 -0.000992 0.000000 59.629544 0.000992 1.000000 0.000000 -0.924529 0.000000 0.000000 1.000000 0.000000
0.999989 -0.004703 0.000000 60.274937 0.004703 0.999989 0.000000 -0.940731 0.000000 0.000000 1.000000 0.000000
0.999982 -0.005925 0.000000 60.909664 0.005925 0.999982 0.000000 -0.956424 0.000000 0.000000 1.000000 0.000000
0.999986 -0.005266 0.000000 61.543168 0.005266 0.999986 0.000000 -0.973590 0.000000 0.000000 1.000000 0.000000
0.999991 -0.004295 0.000000 62.181354 0.004295 0.999991 0.000000 -0.992875 0.000000 0.000000 1.000000 0.000000
0.999985 -0.005420 0.000000 62.871152 0.005420 0.999985 0.000000 -1.012789 0.000000 0.000000 1.000000 0.000000
0.999990 -0.004540 0.000000 63.503901 0.004540 0.999990 0.000000 -1.023849 0.000000 0.000000 1.000000 0.000000
0.999994 -0.003541 0.000000 64.110919 0.003541 0.999994 0.000000 -1.036508 0.000000 0.000000 1.000000 0.000000
0.999996 -0.002787 0.000000 64.739593 0.002787 0.999996 0.000000 -1.055263 0.000000 0.000000 1.000000 0.000000
0.999998 -0.001859 0.000000 65.328498 0.001859 0.999998 0.000000 -1.074164 0.000000 0.000000 1.000000 0.000000
0.999999 -0.001592 0.000000 65.955908 0.001592 0.999999 0.000000 -1.094344 0.000000 0.000000 1.000000 0.000000
0.999998 -0.002048 0.000000 66.581323 0.002048 0.999998 0.000000 -1.117143 0.000000 0.000000 1.000000 0.000000
0.999998 -0.002176 0.000000 67.166448 0.002176 0.999998 0.000000 -1.136284 0.000000 0.000000 1.000000 0.000000
0.999994 -0.003531 0.000000 67.789684 0.003531 0.999994 0.000000 -1.160607 0.000000 0.000000 1.000000 0.000000
0.999994 -0.003337 0.000000 68.403893 0.003337 0.999994 0.000000 -1.180923 0.000000 0.000000 1.000000 0.000000
0.999992 -0.003893 0.000000 68.975625 0.003893 0.999992 0.000000 -1.203219 0.000000 0.000000 1.000000 0.000000
0.999994 -0.003418 0.000000 69.598778 0.003418 0.999994 0.000000 -1.217095 0.000000 0.000000 1.000000 0.000000
0.999999 -0.001399 0.000000 70.197108 0.001399 0.999999 0.000000 -1.203604 0.000000 0.000000 1.000000 0.000000
1.000000 -0.000442 0.000000 70.807989 0.000442 1.000000 0.000000 -1.220183 0.000000 0.000000 1.000000 0.000000
1.000000 0.000182 0.000000 71.417751 -0.000182 1.000000 0.000000 -1.237030 0.000000 0.000000 1.000000 0.000000
0.999999 0.001043 0.000000 72.260184 -0.001043 0.999999 0.000000 -1.262316 0.000000 0.000000 1.000000 0.000000
0.999996 0.002713 0.000000 72.863927 -0.002713 0.999996 0.000000 -1.280498 0.000000 0.000000 1.000000 0.000000
1.000000 0.000016 0.000000 73.462578 -0.000016 1.000000 0.000000 -1.303996 0.000000 0.000000 1.000000 0.000000
0.999999 -0.001107 0.000000 74.087273 0.001107 0.999999 0.000000 -1.318849 0.000000 0.000000 1.000000 0.000000
0.999994 -0.003519 0.000000 74.677725 0.003519 0.999994 0.000000 -1.333068 0.000000 0.000000 1.000000 0.000000
0.999987 -0.005002 0.000000 75.276114 0.005002 0.999987 0.000000 -1.347249 0.000000 0.000000 1.000000 0.000000
0.999988 -0.004860 0.000000 75.910530 0.004860 0.999988 0.000000 -1.357189 0.000000 0.000000 1.000000 0.000000
0.999985 -0.005440 0.000000 76.507193 0.005440 0.999985 0.000000 -1.374524 0.000000 0.000000 1.000000 0.000000
0.999992 -0.004042 0.000000 77.100452 0.004042 0.999992 0.000000 -1.387837 0.000000 0.000000 1.000000 0.000000
0.999990 -0.004412 0.000000 78.273015 0.004412 0.999990 0.000000 -1.431126 0.000000 0.000000 1.000000 0.000000
0.999993 -0.003816 0.000000 78.847435 0.003816 0.999993 0.000000 -1.427942 0.000000 0.000000 1.000000 0.000000
0.999998 -0.001850 0.000000 79.427259 0.001850 0.999998 0.000000 -1.451319 0.000000 0.000000 1.000000 0.000000
0.999999 -0.001719 0.000000 80.010124 0.001719 0.999999 0.000000 -1.473609 0.000000 0.000000 1.000000 0.000000
1.000000 -0.000104 0.000000 80.574425 0.000104 1.000000 0.000000 -1.485939 0.000000 0.000000 1.000000 0.000000
1.000000 -0.000376 0.000000 81.147430 0.000376 1.000000 0.000000 -1.514354 0.000000 0.000000 1.000000 0.000000
0.999998 -0.002197 0.000000 81.715944 0.002197 0.999998 0.000000 -1.534445 0.000000 0.000000 1.000000 0.000000
0.999996 -0.002961 0.000000 82.275567 0.002961 0.999996 0.000000 -1.554066 0.000000 0.000000 1.000000 0.000000
0.999997 -0.002486 0.000000 82.842829 0.002486 0.999997 0.000000 -1.571157 0.000000 0.000000 1.000000 0.000000
0.999998 -0.002224 0.000000 83.396366 0.002224 0.999998 0.000000 -1.592408 0.000000 0.000000 1.000000 0.000000
0.999997 -0.002372 0.000000 83.945959 0.002372 0.999997 0.000000 -1.613591 0.000000 0.000000 1.000000 0.000000
0.999998 -0.002189 0.000000 84.490650 0.002189 0.999998 0.000000 -1.636516 0.000000 0.000000 1.000000 0.000000
1.000000 -0.000476 0.000000 85.037192 0.000476 1.000000 0.000000 -1.656582 0.000000 0.000000 1.000000 0.000000
0.999999 0.001113 0.000000 85.552227 -0.001113 0.999999 0.000000 -1.675208 0.000000 0.000000 1.000000 0.000000
0.999993 0.003774 0.000000 86.093956 -0.003774 0.999993 0.000000 -1.690648 0.000000 0.000000 1.000000 0.000000
0.999977 0.006750 0.000000 86.619528 -0.006750 0.999977 0.000000 -1.704098 0.000000 0.000000 1.000000 0.000000
0.999977 0.006848 0.000000 87.128885 -0.006848 0.999977 0.000000 -1.726812 0.000000 0.000000 1.000000 0.000000
0.999978 0.006567 0.000000 87.665122 -0.006567 0.999978 0.000000 -1.752463 0.000000 0.000000 1.000000 0.000000
0.999978 0.006684 0.000000 88.189844 -0.006684 0.999978 0.000000 -1.771995 0.000000 0.000000 1.000000 0.000000
0.999972 0.007469 0.000000 88.680199 -0.007469 0.999972 0.000000 -1.792643 0.000000 0.000000 1.000000 0.000000
0.999954 0.009613 0.000000 89.206364 -0.009613 0.999954 0.000000 -1.811779 0.000000 0.000000 1.000000 0.000000
0.999957 0.009282 0.000000 89.725265 -0.009282 0.999957 0.000000 -1.837122 0.000000 0.000000 1.000000 0.000000
0.999953 0.009709 0.000000 90.209839 -0.009709 0.999953 0.000000 -1.854687 0.000000 0.000000 1.000000 0.000000
0.999941 0.010862 0.000000 90.731221 -0.010862 0.999941 0.000000 -1.871171 0.000000 0.000000 1.000000 0.000000
0.999921 0.012594 0.000000 91.246145 -0.012594 0.999921 0.000000 -1.888072 0.000000 0.000000 1.000000 0.000000
0.999907 0.013631 0.000000 91.715909 -0.013631 0.999907 0.000000 -1.909878 0.000000 0.000000 1.000000 0.000000
0.999908 0.013591 0.000000 92.224903 -0.013591 0.999908 0.000000 -1.935910 0.000000 0.000000 1.000000 0.000000
0.999889 0.014924 0.000000 92.699566 -0.014924 0.999889 0.000000 -1.960892 0.000000 0.000000 1.000000 0.000000
0.999878 0.015613 0.000000 93.197820 -0.015613 0.999878 0.000000 -1.986568 0.000000 0.000000 1.000000 0.000000
0.999888 0.014941 0.000000 93.856172 -0.014941 0.999888 0.000000 -2.019520 0.000000 0.000000 1.000000 0.000000
0.999896 0.014409 0.000000 94.349354 -0.014409 0.999896 0.000000 -2.040419 0.000000 0.000000 1.000000 0.000000
0.999890 0.014817 0.000000 94.842398 -0.014817 0.999890 0.000000 -2.057905 0.000000 0.000000 1.000000 0.000000
0.999900 0.014168 0.000000 95.318467 -0.014168 0.999900 0.000000 -2.080868 0.000000 0.000000 1.000000 0.000000
0.999928 0.012034 0.000000 95.802972 -0.012034 0.999928 0.000000 -2.110885 0.000000 0.000000 1.000000 0.000000
0.999938 0.011129 0.000000 96.284717 -0.011129 0.999938 0.000000 -2.137674 0.000000 0.000000 1.000000 0.000000
0.999926 0.012161 0.000000 96.708333 -0.012161 0.999926 0.000000 -2.133227 0.000000 0.000000 1.000000 0.000000
0.999853 0.017152 0.000000 97.660562 -0.017152 0.999853 0.000000 -2.184643 0.000000 0.000000 1.000000 0.000000
0.999826 0.018666 0.000000 98.131324 -0.018666 0.999826 0.000000 -2.213962 0.000000 0.000000 1.000000 0.000000
0.999763 0.021781 0.000000 98.605800 -0.021781 0.999763 0.000000 -2.250425 0.000000 0.000000 1.000000 0.000000
0.999730 0.023220 0.000000 99.071860 -0.023220 0.999730 0.000000 -2.286061 0.000000 0.000000 1.000000 0.000000
0.999676 0.025448 0.000000 99.552992 -0.025448 0.999676 0.000000 -2.317715 0.000000 0.000000 1.000000 0.000000
0.999641 0.026790 0.000000 100.015463 -0.026790 0.999641 0.000000 -2.355189 0.000000 0.000000 1.000000 0.000000
0.999570 0.029331 0.000000 100.479828 -0.029331 0.999570 0.000000 -2.386502 0.000000 0.000000 1.000000 0.000000
0.999409 0.034366 0.000000 100.938550 -0.034366 0.999409 0.000000 -2.411691 0.000000 0.000000 1.000000 0.000000
0.996372 0.085110 0.000000 101.117448 -0.085110 0.996372 0.000000 -2.303799 0.000000 0.000000 1.000000 0.000000
0.996175 0.087380 0.000000 101.566765 -0.087380 0.996175 0.000000 -2.361459 0.000000 0.000000 1.000000 0.000000
0.996033 0.088985 0.000000 101.987708 -0.088985 0.996033 0.000000 -2.416501 0.000000 0.000000 1.000000 0.000000
0.995954 0.089866 0.000000 102.425740 -0.089866 0.995954 0.000000 -2.474070 0.000000 0.000000 1.000000 0.000000
0.995952 0.089883 0.000000 102.860765 -0.089883 0.995952 0.000000 -2.536207 0.000000 0.000000 1.000000 0.000000
0.995744 0.092161 0.000000 103.253798 -0.092161 0.995744 0.000000 -2.591804 0.000000 0.000000 1.000000 0.000000
0.995597 0.093741 0.000000 103.680700 -0.093741 0.995597 0.000000 -2.644956 0.000000 0.000000 1.000000 0.000000
0.995075 0.099128 0.000000 104.098328 -0.099128 0.995075 0.000000 -2.691552 0.000000 0.000000 1.000000 0.000000
0.994605 0.103732 0.000000 104.515545 -0.103732 0.994605 0.000000 -2.741164 0.000000 0.000000 1.000000 0.000000
0.994458 0.105132 0.000000 104.925563 -0.105132 0.994458 0.000000 -2.799097 0.000000 0.000000 1.000000 0.000000
0.994691 0.102907 0.000000 105.333831 -0.102907 0.994691 0.000000 -2.853662 0.000000 0.000000 1.000000 0.000000
0.994499 0.104743 0.000000 105.737398 -0.104743 0.994499 0.000000 -2.908395 0.000000 0.000000 1.000000 0.000000
0.994513 0.104613 0.000000 106.137790 -0.104613 0.994513 0.000000 -2.989487 0.000000 0.000000 1.000000 0.000000
0.994006 0.109325 0.000000 106.543025 -0.109325 0.994006 0.000000 -3.045592 0.000000 0.000000 1.000000 0.000000
0.993507 0.113767 0.000000 106.923362 -0.113767 0.993507 0.000000 -3.096276 0.000000 0.000000 1.000000 0.000000
0.960823 0.277162 0.000000 98.394980 -0.277162 0.960823 0.000000 -0.730664 0.000000 0.000000 1.000000 0.000000
0.960122 0.279583 0.000000 98.770574 -0.279583 0.960122 0.000000 -0.852808 0.000000 0.000000 1.000000 0.000000
0.959335 0.282269 0.000000 99.133352 -0.282269 0.959335 0.000000 -0.970886 0.000000 0.000000 1.000000 0.000000
0.958128 0.286340 0.000000 99.524665 -0.286340 0.958128 0.000000 -1.094984 0.000000 0.000000 1.000000 0.000000
0.957194 0.289448 0.000000 99.909322 -0.289448 0.957194 0.000000 -1.221283 0.000000 0.000000 1.000000 0.000000
0.956299 0.292389 0.000000 100.451203 -0.292389 0.956299 0.000000 -1.404783 0.000000 0.000000 1.000000 0.000000
0.955783 0.294072 0.000000 100.843371 -0.294072 0.955783 0.000000 -1.542211 0.000000 0.000000 1.000000 0.000000
0.955222 0.295889 0.000000 101.236845 -0.295889 0.955222 0.000000 -1.677937 0.000000 0.000000 1.000000 0.000000
0.954579 0.297957 0.000000 101.631873 -0.297957 0.954579 0.000000 -1.820313 0.000000 0.000000 1.000000 0.000000
0.954141 0.299357 0.000000 102.029162 -0.299357 0.954141 0.000000 -1.958095 0.000000 0.000000 1.000000 0.000000
0.954132 0.299386 0.000000 102.422458 -0.299386 0.954132 0.000000 -2.108171 0.000000 0.000000 1.000000 0.000000
0.953864 0.300238 0.000000 102.826686 -0.300238 0.953864 0.000000 -2.262511 0.000000 0.000000 1.000000 0.000000
0.952671 0.304002 0.000000 103.241121 -0.304002 0.952671 0.000000 -2.390753 0.000000 0.000000 1.000000 0.000000
0.952441 0.304724 0.000000 103.950028 -0.304724 0.952441 0.000000 -2.654723 0.000000 0.000000 1.000000 0.000000
0.952664 0.304026 0.000000 104.359116 -0.304026 0.952664 0.000000 -2.804458 0.000000 0.000000 1.000000 0.000000
0.952421 0.304785 0.000000 104.776682 -0.304785 0.952421 0.000000 -2.951373 0.000000 0.000000 1.000000 0.000000
0.952581 0.304287 0.000000 105.193345 -0.304287 0.952581 0.000000 -3.095522 0.000000 0.000000 1.000000 0.000000
0.951934 0.306302 0.000000 105.610363 -0.306302 0.951934 0.000000 -3.227538 0.000000 0.000000 1.000000 0.000000
0.951614 0.307295 0.000000 106.028957 -0.307295 0.951614 0.000000 -3.368705 0.000000 0.000000 1.000000 0.000000
0.951803 0.306709 0.000000 106.449614 -0.306709 0.951803 0.000000 -3.513749 0.000000 0.000000 1.000000 0.000000
0.951851 0.306561 0.000000 106.869233 -0.306561 0.951851 0.000000 -3.658773 0.000000 0.000000 1.000000 0.000000
0.951816 0.306669 0.000000 107.292242 -0.306669 0.951816 0.000000 -3.811185 0.000000 0.000000 1.000000 0.000000
0.950907 0.309478 0.000000 107.718500 -0.309478 0.950907 0.000000 -3.963435 0.000000 0.000000 1.000000 0.000000
0.950119 0.311888 0.000000 108.136287 -0.311888 0.950119 0.000000 -4.121900 0.000000 0.000000 1.000000 0.000000
0.950310 0.311305 0.000000 108.926799 -0.311305 0.950310 0.000000 -4.403262 0.000000 0.000000 1.000000 0.000000
0.949646 0.313325 0.000000 109.369460 -0.313325 0.949646 0.000000 -4.553606 0.000000 0.000000 1.000000 0.000000
0.949393 0.314092 0.000000 109.800774 -0.314092 0.949393 0.000000 -4.718627 0.000000 0.000000 1.000000 0.000000
0.948805 0.315863 0.000000 110.236482 -0.315863 0.948805 0.000000 -4.886519 0.000000 0.000000 1.000000 0.000000
0.948402 0.317071 0.000000 110.666434 -0.317071 0.948402 0.000000 -5.049675 0.000000 0.000000 1.000000 0.000000
0.948063 0.318083 0.000000 111.103765 -0.318083 0.948063 0.000000 -5.217485 0.000000 0.000000 1.000000 0.000000
0.947124 0.320869 0.000000 111.539123 -0.320869 0.947124 0.000000 -5.385485 0.000000 0.000000 1.000000 0.000000
0.945653 0.325177 0.000000 111.984592 -0.325177 0.945653 0.000000 -5.552089 0.000000 0.000000 1.000000 0.000000
0.944145 0.329532 0.000000 112.462439 -0.329532 0.944145 0.000000 -5.731316 0.000000 0.000000 1.000000 0.000000
0.943938 0.330123 0.000000 112.876245 -0.330123 0.943938 0.000000 -5.892900 0.000000 0.000000 1.000000 0.000000
0.943272 0.332021 0.000000 113.353967 -0.332021 0.943272 0.000000 -6.081235 0.000000 0.000000 1.000000 0.000000
0.942881 0.333131 0.000000 113.805223 -0.333131 0.942881 0.000000 -6.257367 0.000000 0.000000 1.000000 0.000000
0.943622 0.331024 0.000000 114.253736 -0.331024 0.943622 0.000000 -6.457710 0.000000 0.000000 1.000000 0.000000
0.943501 0.331368 0.000000 114.699770 -0.331368 0.943501 0.000000 -6.628854 0.000000 0.000000 1.000000 0.000000
0.942812 0.333325 0.000000 115.147349 -0.333325 0.942812 0.000000 -6.802788 0.000000 0.000000 1.000000 0.000000
0.941533 0.336921 0.000000 115.592300 -0.336921 0.941533 0.000000 -6.974251 0.000000 0.000000 1.000000 0.000000
0.939336 0.342999 0.000000 116.066424 -0.342999 0.939336 0.000000 -7.156279 0.000000 0.000000 1.000000 0.000000
0.937826 0.347107 0.000000 116.518607 -0.347107 0.937826 0.000000 -7.337854 0.000000 0.000000 1.000000 0.000000
0.937238 0.348690 0.000000 116.947503 -0.348690 0.937238 0.000000 -7.507413 0.000000 0.000000 1.000000 0.000000
0.935940 0.352160 0.000000 117.402448 -0.352160 0.935940 0.000000 -7.690291 0.000000 0.000000 1.000000 0.000000
0.935462 0.353426 0.000000 117.856150 -0.353426 0.935462 0.000000 -7.876428 0.000000 0.000000 1.000000 0.000000
0.934952 0.354773 0.000000 118.606075 -0.354773 0.934952 0.000000 -8.187441 0.000000 0.000000 1.000000 0.000000
0.936597 0.350409 0.000000 119.058945 -0.350409 0.936597 0.000000 -8.381872 0.000000 0.000000 1.000000 0.000000
0.940118 0.340850 0.000000 119.978652 -0.340850 0.940118 0.000000 -8.760659 0.000000 0.000000 1.000000 0.000000
0.941518 0.336961 0.000000 120.439374 -0.336961 0.941518 0.000000 -8.956434 0.000000 0.000000 1.000000 0.000000
0.942176 0.335119 0.000000 120.908512 -0.335119 0.942176 0.000000 -9.126348 0.000000 0.000000 1.000000 0.000000
0.942449 0.334350 0.000000 121.372140 -0.334350 0.942449 0.000000 -9.323067 0.000000 0.000000 1.000000 0.000000
0.941538 0.336908 0.000000 121.850074 -0.336908 0.941538 0.000000 -9.499425 0.000000 0.000000 1.000000 0.000000
0.941495 0.337028 0.000000 122.316927 -0.337028 0.941495 0.000000 -9.684941 0.000000 0.000000 1.000000 0.000000
0.941527 0.336939 0.000000 122.849424 -0.336939 0.941527 0.000000 -9.890439 0.000000 0.000000 1.000000 0.000000
0.940935 0.338587 0.000000 123.311710 -0.338587 0.940935 0.000000 -10.066682 0.000000 0.000000 1.000000 0.000000
0.940616 0.339473 0.000000 123.794511 -0.339473 0.940616 0.000000 -10.250014 0.000000 0.000000 1.000000 0.000000
0.940700 0.339241 0.000000 124.285239 -0.339241 0.940700 0.000000 -10.440155 0.000000 0.000000 1.000000 0.000000
0.940730 0.339155 0.000000 124.741414 -0.339155 0.940730 0.000000 -10.617444 0.000000 0.000000 1.000000 0.000000
0.940961 0.338514 0.000000 125.228656 -0.338514 0.940961 0.000000 -10.813116 0.000000 0.000000 1.000000 0.000000
0.940385 0.340112 0.000000 125.728126 -0.340112 0.940385 0.000000 -11.002260 0.000000 0.000000 1.000000 0.000000
0.940537 0.339692 0.000000 126.185818 -0.339692 0.940537 0.000000 -11.195016 0.000000 0.000000 1.000000 0.000000
0.940735 0.339143 0.000000 126.683095 -0.339143 0.940735 0.000000 -11.381805 0.000000 0.000000 1.000000 0.000000
0.939599 0.342277 0.000000 127.191828 -0.342277 0.939599 0.000000 -11.569486 0.000000 0.000000 1.000000 0.000000
0.938951 0.344050 0.000000 127.787816 -0.344050 0.938951 0.000000 -11.801611 0.000000 0.000000 1.000000 0.000000
0.938627 0.344935 0.000000 128.320896 -0.344935 0.938627 0.000000 -11.991446 0.000000 0.000000 1.000000 0.000000
0.937653 0.347573 0.000000 128.787083 -0.347573 0.937653 0.000000 -12.178964 0.000000 0.000000 1.000000 0.000000
0.935919 0.352215 0.000000 129.294181 -0.352215 0.935919 0.000000 -12.377477 0.000000 0.000000 1.000000 0.000000
0.934867 0.354998 0.000000 129.801993 -0.354998 0.934867 0.000000 -12.582290 0.000000 0.000000 1.000000 0.000000
0.934509 0.355940 0.000000 130.312101 -0.355940 0.934509 0.000000 -12.791898 0.000000 0.000000 1.000000 0.000000
0.933055 0.359733 0.000000 133.978485 -0.359733 0.933055 0.000000 -14.297409 0.000000 0.000000 1.000000 0.000000
0.934796 0.355186 0.000000 134.458852 -0.355186 0.934796 0.000000 -14.508085 0.000000 0.000000 1.000000 0.000000
0.934428 0.356151 0.000000 135.546921 -0.356151 0.934428 0.000000 -14.966259 0.000000 0.000000 1.000000 0.000000
0.933370 0.358916 0.000000 136.603448 -0.358916 0.933370 0.000000 -15.422414 0.000000 0.000000 1.000000 0.000000
0.933003 0.359869 0.000000 137.131848 -0.359869 0.933003 0.000000 -15.650170 0.000000 0.000000 1.000000 0.000000
0.932981 0.359925 0.000000 137.664043 -0.359925 0.932981 0.000000 -15.881246 0.000000 0.000000 1.000000 0.000000
0.933155 0.359473 0.000000 138.191664 -0.359473 0.933155 0.000000 -16.122113 0.000000 0.000000 1.000000 0.000000
0.934284 0.356529 0.000000 138.722263 -0.356529 0.934284 0.000000 -16.359072 0.000000 0.000000 1.000000 0.000000
0.935931 0.352183 0.000000 139.258486 -0.352183 0.935931 0.000000 -16.563788 0.000000 0.000000 1.000000 0.000000
0.935227 0.354049 0.000000 139.799739 -0.354049 0.935227 0.000000 -16.785696 0.000000 0.000000 1.000000 0.000000
0.935695 0.352810 0.000000 140.350265 -0.352810 0.935695 0.000000 -17.029855 0.000000 0.000000 1.000000 0.000000
0.935328 0.353782 0.000000 140.890857 -0.353782 0.935328 0.000000 -17.259094 0.000000 0.000000 1.000000 0.000000
0.935687 0.352831 0.000000 141.737291 -0.352831 0.935687 0.000000 -17.622384 0.000000 0.000000 1.000000 0.000000
0.935732 0.352712 0.000000 142.273350 -0.352712 0.935732 0.000000 -17.864694 0.000000 0.000000 1.000000 0.000000
0.935290 0.353882 0.000000 142.801834 -0.353882 0.935290 0.000000 -18.084486 0.000000 0.000000 1.000000 0.000000
0.933469 0.358658 0.000000 143.347482 -0.358658 0.933469 0.000000 -18.304620 0.000000 0.000000 1.000000 0.000000
0.931726 0.363161 0.000000 143.927019 -0.363161 0.931726 0.000000 -18.546546 0.000000 0.000000 1.000000 0.000000
0.930934 0.365188 0.000000 144.426017 -0.365188 0.930934 0.000000 -18.762128 0.000000 0.000000 1.000000 0.000000
0.930423 0.366487 0.000000 144.993858 -0.366487 0.930423 0.000000 -19.016000 0.000000 0.000000 1.000000 0.000000
0.929952 0.367680 0.000000 145.530661 -0.367680 0.929952 0.000000 -19.245466 0.000000 0.000000 1.000000 0.000000
0.929717 0.368274 0.000000 146.046040 -0.368274 0.929717 0.000000 -19.503752 0.000000 0.000000 1.000000 0.000000
0.928697 0.370840 0.000000 146.585240 -0.370840 0.928697 0.000000 -19.723946 0.000000 0.000000 1.000000 0.000000
0.928889 0.370358 0.000000 147.122626 -0.370358 0.928889 0.000000 -19.953914 0.000000 0.000000 1.000000 0.000000
0.928815 0.370543 0.000000 147.661002 -0.370543 0.928815 0.000000 -20.179298 0.000000 0.000000 1.000000 0.000000
0.928260 0.371932 0.000000 148.199389 -0.371932 0.928260 0.000000 -20.401627 0.000000 0.000000 1.000000 0.000000
0.928401 0.371579 0.000000 148.729240 -0.371579 0.928401 0.000000 -20.632015 0.000000 0.000000 1.000000 0.000000
0.927801 0.373076 0.000000 149.273130 -0.373076 0.927801 0.000000 -20.858607 0.000000 0.000000 1.000000 0.000000
0.927061 0.374910 0.000000 149.810830 -0.374910 0.927061 0.000000 -21.086018 0.000000 0.000000 1.000000 0.000000
0.925651 0.378377 0.000000 150.876008 -0.378377 0.925651 0.000000 -21.541787 0.000000 0.000000 1.000000 0.000000
0.926019 0.377477 0.000000 151.410674 -0.377477 0.926019 0.000000 -21.769723 0.000000 0.000000 1.000000 0.000000
0.925949 0.377649 0.000000 151.914248 -0.377649 0.925949 0.000000 -21.978810 0.000000 0.000000 1.000000 0.000000
0.924609 0.380918 0.000000 152.464246 -0.380918 0.924609 0.000000 -22.208962 0.000000 0.000000 1.000000 0.000000
0.924621 0.380889 0.000000 152.982784 -0.380889 0.924621 0.000000 -22.435558 0.000000 0.000000 1.000000 0.000000
0.924759 0.380553 0.000000 154.012464 -0.380553 0.924759 0.000000 -22.888770 0.000000 0.000000 1.000000 0.000000
0.924571 0.381009 0.000000 154.536535 -0.381009 0.924571 0.000000 -23.124286 0.000000 0.000000 1.000000 0.000000
0.924056 0.382257 0.000000 155.036795 -0.382257 0.924056 0.000000 -23.344426 0.000000 0.000000 1.000000 0.000000
0.924283 0.381708 0.000000 155.562927 -0.381708 0.924283 0.000000 -23.577666 0.000000 0.000000 1.000000 0.000000
0.924724 0.380639 0.000000 156.079001 -0.380639 0.924724 0.000000 -23.798095 0.000000 0.000000 1.000000 0.000000
0.923345 0.383970 0.000000 156.581000 -0.383970 0.923345 0.000000 -24.004075 0.000000 0.000000 1.000000 0.000000
0.921854 0.387538 0.000000 157.289153 -0.387538 0.921854 0.000000 -24.305387 0.000000 0.000000 1.000000 0.000000
0.920711 0.390245 0.000000 157.821308 -0.390245 0.920711 0.000000 -24.533466 0.000000 0.000000 1.000000 0.000000
0.918501 0.395418 0.000000 158.353920 -0.395418 0.918501 0.000000 -24.756772 0.000000 0.000000 1.000000 0.000000
0.918185 0.396152 0.000000 158.916992 -0.396152 0.918185 0.000000 -25.016569 0.000000 0.000000 1.000000 0.000000
0.918693 0.394972 0.000000 159.410569 -0.394972 0.918693 0.000000 -25.248416 0.000000 0.000000 1.000000 0.000000
0.917818 0.397002 0.000000 159.975749 -0.397002 0.917818 0.000000 -25.495214 0.000000 0.000000 1.000000 0.000000
0.917613 0.397474 0.000000 160.513307 -0.397474 0.917613 0.000000 -25.748308 0.000000 0.000000 1.000000 0.000000
0.916560 0.399898 0.000000 161.049040 -0.399898 0.916560 0.000000 -25.985447 0.000000 0.000000 1.000000 0.000000
0.915188 0.403027 0.000000 161.581783 -0.403027 0.915188 0.000000 -26.255726 0.000000 0.000000 1.000000 0.000000
0.915756 0.401734 0.000000 162.111497 -0.401734 0.915756 0.000000 -26.500448 0.000000 0.000000 1.000000 0.000000
0.915620 0.402045 0.000000 162.642762 -0.402045 0.915620 0.000000 -26.752539 0.000000 0.000000 1.000000 0.000000
0.916509 0.400013 0.000000 163.166483 -0.400013 0.916509 0.000000 -27.008829 0.000000 0.000000 1.000000 0.000000
0.918805 0.394711 0.000000 163.694051 -0.394711 0.918805 0.000000 -27.274671 0.000000 0.000000 1.000000 0.000000
0.920075 0.391742 0.000000 164.222829 -0.391742 0.920075 0.000000 -27.527657 0.000000 0.000000 1.000000 0.000000
0.919795 0.392400 0.000000 164.755971 -0.392400 0.919795 0.000000 -27.770919 0.000000 0.000000 1.000000 0.000000
0.920177 0.391502 0.000000 165.288373 -0.391502 0.920177 0.000000 -28.023162 0.000000 0.000000 1.000000 0.000000
0.919335 0.393476 0.000000 165.822189 -0.393476 0.919335 0.000000 -28.261145 0.000000 0.000000 1.000000 0.000000
0.918891 0.394510 0.000000 166.325316 -0.394510 0.918891 0.000000 -28.490881 0.000000 0.000000 1.000000 0.000000
0.918959 0.394353 0.000000 166.898279 -0.394353 0.918959 0.000000 -28.747760 0.000000 0.000000 1.000000 0.000000
0.918901 0.394489 0.000000 167.396111 -0.394489 0.918901 0.000000 -28.977885 0.000000 0.000000 1.000000 0.000000
0.918170 0.396187 0.000000 167.936658 -0.396187 0.918170 0.000000 -29.223563 0.000000 0.000000 1.000000 0.000000
0.917002 0.398881 0.000000 168.472791 -0.398881 0.917002 0.000000 -29.469990 0.000000 0.000000 1.000000 0.000000
0.915052 0.403336 0.000000 169.009058 -0.403336 0.915052 0.000000 -29.712340 0.000000 0.000000 1.000000 0.000000
0.914219 0.405219 0.000000 169.546624 -0.405219 0.914219 0.000000 -29.963431 0.000000 0.000000 1.000000 0.000000
0.913932 0.405867 0.000000 170.082385 -0.405867 0.913932 0.000000 -30.215265 0.000000 0.000000 1.000000 0.000000
0.913612 0.406587 0.000000 170.616939 -0.406587 0.913612 0.000000 -30.467875 0.000000 0.000000 1.000000 0.000000
0.913787 0.406194 0.000000 171.158850 -0.406194 0.913787 0.000000 -30.708476 0.000000 0.000000 1.000000 0.000000
0.912602 0.408849 0.000000 171.701152 -0.408849 0.912602 0.000000 -30.956410 0.000000 0.000000 1.000000 0.000000
0.912761 0.408495 0.000000 172.240097 -0.408495 0.912761 0.000000 -31.217040 0.000000 0.000000 1.000000 0.000000
0.912955 0.408061 0.000000 172.767022 -0.408061 0.912955 0.000000 -31.471485 0.000000 0.000000 1.000000 0.000000
0.911919 0.410371 0.000000 173.304999 -0.410371 0.911919 0.000000 -31.726717 0.000000 0.000000 1.000000 0.000000
0.911003 0.412399 0.000000 173.839788 -0.412399 0.911003 0.000000 -31.977815 0.000000 0.000000 1.000000 0.000000
0.910738 0.412985 0.000000 174.332318 -0.412985 0.910738 0.000000 -32.215564 0.000000 0.000000 1.000000 0.000000
0.909386 0.415954 0.000000 174.866363 -0.415954 0.909386 0.000000 -32.465846 0.000000 0.000000 1.000000 0.000000
0.908816 0.417197 0.000000 175.405713 -0.417197 0.908816 0.000000 -32.728315 0.000000 0.000000 1.000000 0.000000
0.909574 0.415542 0.000000 175.918698 -0.415542 0.909574 0.000000 -32.981584 0.000000 0.000000 1.000000 0.000000
0.909844 0.414952 0.000000 176.436172 -0.414952 0.909844 0.000000 -33.235953 0.000000 0.000000 1.000000 0.000000
0.910995 0.412417 0.000000 176.967582 -0.412417 0.910995 0.000000 -33.502241 0.000000 0.000000 1.000000 0.000000
0.911735 0.410778 0.000000 177.485984 -0.410778 0.911735 0.000000 -33.735570 0.000000 0.000000 1.000000 0.000000
0.910722 0.413020 0.000000 178.002388 -0.413020 0.910722 0.000000 -33.981417 0.000000 0.000000 1.000000 0.000000
0.910124 0.414335 0.000000 178.535752 -0.414335 0.910124 0.000000 -34.232959 0.000000 0.000000 1.000000 0.000000
0.909432 0.415853 0.000000 179.031082 -0.415853 0.909432 0.000000 -34.472993 0.000000 0.000000 1.000000 0.000000
0.908526 0.417828 0.000000 179.552707 -0.417828 0.908526 0.000000 -34.727468 0.000000 0.000000 1.000000 0.000000
0.907565 0.419913 0.000000 180.072933 -0.419913 0.907565 0.000000 -34.986931 0.000000 0.000000 1.000000 0.000000
0.905717 0.423883 0.000000 180.836035 -0.423883 0.905717 0.000000 -35.351225 0.000000 0.000000 1.000000 0.000000
0.904540 0.426388 0.000000 181.358772 -0.426388 0.904540 0.000000 -35.605859 0.000000 0.000000 1.000000 0.000000
0.904416 0.426652 0.000000 181.886508 -0.426652 0.904416 0.000000 -35.864002 0.000000 0.000000 1.000000 0.000000
0.903773 0.428012 0.000000 182.400946 -0.428012 0.903773 0.000000 -36.118773 0.000000 0.000000 1.000000 0.000000
0.904079 0.427365 0.000000 182.921967 -0.427365 0.904079 0.000000 -36.374068 0.000000 0.000000 1.000000 0.000000
0.905203 0.424979 0.000000 183.447492 -0.424979 0.905203 0.000000 -36.629301 0.000000 0.000000 1.000000 0.000000
0.905301 0.424771 0.000000 183.970067 -0.424771 0.905301 0.000000 -36.882000 0.000000 0.000000 1.000000 0.000000
0.905127 0.425141 0.000000 184.505140 -0.425141 0.905127 0.000000 -37.150646 0.000000 0.000000 1.000000 0.000000
0.904743 0.425957 0.000000 184.970569 -0.425957 0.904743 0.000000 -37.380274 0.000000 0.000000 1.000000 0.000000
0.904256 0.426991 0.000000 185.874006 -0.426991 0.904256 0.000000 -37.820279 0.000000 0.000000 1.000000 0.000000
0.903769 0.428021 0.000000 186.391848 -0.428021 0.903769 0.000000 -38.077217 0.000000 0.000000 1.000000 0.000000
0.902876 0.429900 0.000000 187.044888 -0.429900 0.902876 0.000000 -38.406869 0.000000 0.000000 1.000000 0.000000
0.901829 0.432093 0.000000 187.700889 -0.432093 0.901829 0.000000 -38.740400 0.000000 0.000000 1.000000 0.000000
0.901505 0.432769 0.000000 188.594883 -0.432769 0.901505 0.000000 -39.198234 0.000000 0.000000 1.000000 0.000000
0.901689 0.432384 0.000000 189.106481 -0.432384 0.901689 0.000000 -39.462689 0.000000 0.000000 1.000000 0.000000
0.901391 0.433007 0.000000 189.624468 -0.433007 0.901391 0.000000 -39.725349 0.000000 0.000000 1.000000 0.000000
0.900833 0.434167 0.000000 190.134213 -0.434167 0.900833 0.000000 -39.983170 0.000000 0.000000 1.000000 0.000000
0.902007 0.431721 0.000000 190.616364 -0.431721 0.902007 0.000000 -40.235604 0.000000 0.000000 1.000000 0.000000
0.901897 0.431952 0.000000 191.139253 -0.431952 0.901897 0.000000 -40.497369 0.000000 0.000000 1.000000 0.000000
0.901546 0.432683 0.000000 191.645245 -0.432683 0.901546 0.000000 -40.766477 0.000000 0.000000 1.000000 0.000000
0.902330 0.431045 0.000000 192.372648 -0.431045 0.902330 0.000000 -41.146490 0.000000 0.000000 1.000000 0.000000
0.902646 0.430383 0.000000 192.888899 -0.430383 0.902646 0.000000 -41.407431 0.000000 0.000000 1.000000 0.000000
0.902580 0.430523 0.000000 193.399999 -0.430523 0.902580 0.000000 -41.668403 0.000000 0.000000 1.000000 0.000000
0.903954 0.427629 0.000000 193.913377 -0.427629 0.903954 0.000000 -41.934535 0.000000 0.000000 1.000000 0.000000
0.904462 0.426555 0.000000 194.457599 -0.426555 0.904462 0.000000 -42.207697 0.000000 0.000000 1.000000 0.000000
0.904521 0.426430 0.000000 194.936443 -0.426430 0.904521 0.000000 -42.451335 0.000000 0.000000 1.000000 0.000000
0.905475 0.424400 0.000000 195.478794 -0.424400 0.905475 0.000000 -42.734468 0.000000 0.000000 1.000000 0.000000
0.905775 0.423758 0.000000 195.963159 -0.423758 0.905775 0.000000 -42.978487 0.000000 0.000000 1.000000 0.000000
