0.999993 -0.003720 0.000000 0.628246 0.003720 0.999993 0.000000 -0.028439 0.000000 0.000000 1.000000 0.000000
0.999999 -0.001405 0.000000 1.258655 0.001405 0.999999 0.000000 -0.040054 0.000000 0.000000 1.000000 0.000000
0.999993 -0.003685 0.000000 2.518116 0.003685 0.999993 0.000000 -0.085923 0.000000 0.000000 1.000000 0.000000
0.999955 -0.009453 0.000000 3.146077 0.009453 0.999955 0.000000 -0.104691 0.000000 0.000000 1.000000 0.000000
0.999949 -0.010111 0.000000 3.772904 0.010111 0.999949 0.000000 -0.109473 0.000000 0.000000 1.000000 0.000000
0.999927 -0.012103 0.000000 4.400107 0.012103 0.999927 0.000000 -0.122511 0.000000 0.000000 1.000000 0.000000
0.999922 -0.012454 0.000000 5.065862 0.012454 0.999922 0.000000 -0.143447 0.000000 0.000000 1.000000 0.000000
0.999915 -0.013062 0.000000 5.691437 0.013062 0.999915 0.000000 -0.152391 0.000000 0.000000 1.000000 0.000000
0.999913 -0.013182 0.000000 6.313835 0.013182 0.999913 0.000000 -0.158586 0.000000 0.000000 1.000000 0.000000
0.999878 -0.015622 0.000000 6.938832 0.015622 0.999878 0.000000 -0.162714 0.000000 0.000000 1.000000 0.000000
0.999841 -0.017826 0.000000 7.559394 0.017826 0.999841 0.000000 -0.171205 0.000000 0.000000 1.000000 0.000000
0.999847 -0.017491 0.000000 8.187959 0.017491 0.999847 0.000000 -0.172618 0.000000 0.000000 1.000000 0.000000
0.999825 -0.018723 0.000000 8.814400 0.018723 0.999825 0.000000 -0.184373 0.000000 0.000000 1.000000 0.000000
0.999836 -0.018114 0.000000 9.430854 0.018114 0.999836 0.000000 -0.187880 0.000000 0.000000 1.000000 0.000000
0.999810 -0.019482 0.000000 10.084519 0.019482 0.999810 0.000000 -0.195765 0.000000 0.000000 1.000000 0.000000
0.999803 -0.019824 0.000000 10.670585 0.019824 0.999803 0.000000 -0.197739 0.000000 0.000000 1.000000 0.000000
0.999812 -0.019385 0.000000 11.293179 0.019385 0.999812 0.000000 -0.203557 0.000000 0.000000 1.000000 0.000000
0.999734 -0.023052 0.000000 11.915876 0.023052 0.999734 0.000000 -0.222772 0.000000 0.000000 1.000000 0.000000
0.999686 -0.025075 0.000000 12.567610 0.025075 0.999686 0.000000 -0.219747 0.000000 0.000000 1.000000 0.000000
0.999700 -0.024498 0.000000 13.154153 0.024498 0.999700 0.000000 -0.442175 0.000000 0.000000 1.000000 0.000000
0.999661 -0.026026 0.000000 13.777478 0.026026 0.999661 0.000000 -0.447462 0.000000 0.000000 1.000000 0.000000
0.999720 -0.023667 0.000000 14.395894 0.023667 0.999720 0.000000 -0.446393 0.000000 0.000000 1.000000 0.000000
0.999671 -0.025637 0.000000 15.022344 0.025637 0.999671 0.000000 -0.445645 0.000000 0.000000 1.000000 0.000000
0.999670 -0.025706 0.000000 15.641147 0.025706 0.999670 0.000000 -0.449040 0.000000 0.000000 1.000000 0.000000
0.999652 -0.026370 0.000000 16.246368 0.026370 0.999652 0.000000 -0.452437 0.000000 0.000000 1.000000 0.000000
0.999652 -0.026370 0.000000 16.870084 0.026370 0.999652 0.000000 -0.452725 0.000000 0.000000 1.000000 0.000000
0.999672 -0.025627 0.000000 17.496054 0.025627 0.999672 0.000000 -0.453848 0.000000 0.000000 1.000000 0.000000
0.999614 -0.027800 0.000000 18.077647 0.027800 0.999614 0.000000 -0.458720 0.000000 0.000000 1.000000 0.000000
0.999539 -0.030347 0.000000 18.704340 0.030347 0.999539 0.000000 -0.461068 0.000000 0.000000 1.000000 0.000000
0.999470 -0.032559 0.000000 19.315462 0.032559 0.999470 0.000000 -0.462446 0.000000 0.000000 1.000000 0.000000
0.999445 -0.033319 0.000000 19.902404 0.033319 0.999445 0.000000 -0.467201 0.000000 0.000000 1.000000 0.000000
0.999448 -0.033233 0.000000 20.523621 0.033233 0.999448 0.000000 -0.467193 0.000000 0.000000 1.000000 0.000000
0.999457 -0.032958 0.000000 21.153078 0.032958 0.999457 0.000000 -0.467172 0.000000 0.000000 1.000000 0.000000
0.999515 -0.031138 0.000000 21.774629 0.031138 0.999515 0.000000 -0.461149 0.000000 0.000000 1.000000 0.000000
0.999634 -0.027038 0.000000 22.356761 0.027038 0.999634 0.000000 -0.457928 0.000000 0.000000 1.000000 0.000000
0.999703 -0.024377 0.000000 22.987643 0.024377 0.999703 0.000000 -0.459008 0.000000 0.000000 1.000000 0.000000
0.999744 -0.022631 0.000000 23.577797 0.022631 0.999744 0.000000 -0.458599 0.000000 0.000000 1.000000 0.000000
0.999741 -0.022753 0.000000 24.222882 0.022753 0.999741 0.000000 -0.468002 0.000000 0.000000 1.000000 0.000000
0.999738 -0.022903 0.000000 24.861748 0.022903 0.999738 0.000000 -0.471718 0.000000 0.000000 1.000000 0.000000
0.999802 -0.019892 0.000000 25.682459 0.019892 0.999802 0.000000 -0.465974 0.000000 0.000000 1.000000 0.000000
0.999838 -0.017983 0.000000 26.315227 0.017983 0.999838 0.000000 -0.464086 0.000000 0.000000 1.000000 0.000000
0.999872 -0.015985 0.000000 26.952730 0.015985 0.999872 0.000000 -0.463487 0.000000 0.000000 1.000000 0.000000
0.999908 -0.013577 0.000000 27.581149 0.013577 0.999908 0.000000 -0.466586 0.000000 0.000000 1.000000 0.000000
0.999903 -0.013924 0.000000 28.213017 0.013924 0.999903 0.000000 -0.477878 0.000000 0.000000 1.000000 0.000000
0.999945 -0.010506 0.000000 28.867669 0.010506 0.999945 0.000000 -0.474960 0.000000 0.000000 1.000000 0.000000
0.999968 -0.008013 0.000000 29.501392 0.008013 0.999968 0.000000 -0.483141 0.000000 0.000000 1.000000 0.000000
0.999993 -0.003760 0.000000 30.144207 0.003760 0.999993 0.000000 -0.488588 0.000000 0.000000 1.000000 0.000000
0.999993 -0.003727 0.000000 30.777705 0.003727 0.999993 0.000000 -0.508967 0.000000 0.000000 1.000000 0.000000
0.999951 -0.009943 0.000000 31.225917 0.009943 0.999951 0.000000 -0.610874 0.000000 0.000000 1.000000 0.000000
0.999947 -0.010261 0.000000 31.866349 0.010261 0.999947 0.000000 -0.623991 0.000000 0.000000 1.000000 0.000000
0.999964 -0.008524 0.000000 32.503634 0.008524 0.999964 0.000000 -0.632492 0.000000 0.000000 1.000000 0.000000
0.999979 -0.006549 0.000000 33.142738 0.006549 0.999979 0.000000 -0.641466 0.000000 0.000000 1.000000 0.000000
0.999977 -0.006780 0.000000 33.777684 0.006780 0.999977 0.000000 -0.662135 0.000000 0.000000 1.000000 0.000000
0.999987 -0.005182 0.000000 34.372645 0.005182 0.999987 0.000000 -0.674856 0.000000 0.000000 1.000000 0.000000
1.000000 -0.000820 0.000000 35.018931 0.000820 1.000000 0.000000 -0.684614 0.000000 0.000000 1.000000 0.000000
1.000000 -0.000050 0.000000 35.650999 0.000050 1.000000 0.000000 -0.701026 0.000000 0.000000 1.000000 0.000000
1.000000 -0.000141 0.000000 36.296177 0.000141 1.000000 0.000000 -0.722796 0.000000 0.000000 1.000000 0.000000
1.000000 0.000901 0.000000 36.935831 -0.000901 1.000000 0.000000 -0.737708 0.000000 0.000000 1.000000 0.000000
0.999998 0.001981 0.000000 37.568177 -0.001981 0.999998 0.000000 -0.757263 0.000000 0.000000 1.000000 0.000000
0.999998 0.001894 0.000000 38.215691 -0.001894 0.999998 0.000000 -0.773793 0.000000 0.000000 1.000000 0.000000
0.999997 0.002625 0.000000 38.860189 -0.002625 0.999997 0.000000 -0.786354 0.000000 0.000000 1.000000 0.000000
0.999986 0.005215 0.000000 39.509590 -0.005215 0.999986 0.000000 -0.802934 0.000000 0.000000 1.000000 0.000000
0.999980 0.006359 0.000000 40.151097 -0.006359 0.999980 0.000000 -0.823073 0.000000 0.000000 1.000000 0.000000
0.999985 0.005439 0.000000 40.797984 -0.005439 0.999985 0.000000 -0.847731 0.000000 0.000000 1.000000 0.000000
0.999978 0.006636 0.000000 41.409007 -0.006636 0.999978 0.000000 -0.862948 0.000000 0.000000 1.000000 0.000000
0.999991 0.004211 0.000000 42.057346 -0.004211 0.999991 0.000000 -0.885663 0.000000 0.000000 1.000000 0.000000
1.000000 0.000626 0.000000 42.657120 -0.000626 1.000000 0.000000 -0.861607 0.000000 0.000000 1.000000 0.000000
0.999999 -0.001119 0.000000 43.327210 0.001119 0.999999 0.000000 -0.880818 0.000000 0.000000 1.000000 0.000000
0.999994 -0.003482 0.000000 43.988403 0.003482 0.999994 0.000000 -0.902368 0.000000 0.000000 1.000000 0.000000
0.999994 -0.003451 0.000000 44.640505 0.003451 0.999994 0.000000 -0.912716 0.000000 0.000000 1.000000 0.000000
0.999997 -0.002381 0.000000 45.264065 0.002381 0.999997 0.000000 -0.921775 0.000000 0.000000 1.000000 0.000000
1.000000 0.000405 0.000000 45.922167 -0.000405 1.000000 0.000000 -0.928980 0.000000 0.000000 1.000000 0.000000
0.999998 0.002129 0.000000 46.582221 -0.002129 0.999998 0.000000 -0.946082 0.000000 0.000000 1.000000 0.000000
0.999994 0.003503 0.000000 47.249221 -0.003503 0.999994 0.000000 -0.960008 0.000000 0.000000 1.000000 0.000000
1.000000 0.000307 0.000000 47.911990 -0.000307 1.000000 0.000000 -0.976209 0.000000 0.000000 1.000000 0.000000
1.000000 -0.000908 0.000000 48.573927 0.000908 1.000000 0.000000 -0.965872 0.000000 0.000000 1.000000 0.000000
0.999999 -0.001667 0.000000 49.601799 0.001667 0.999999 0.000000 -0.993124 0.000000 0.000000 1.000000 0.000000
0.999997 -0.002457 0.000000 50.290735 0.002457 0.999997 0.000000 -1.007424 0.000000 0.000000 1.000000 0.000000
0.999997 -0.002635 0.000000 50.925811 0.002635 0.999997 0.000000 -1.023095 0.000000 0.000000 1.000000 0.000000
0.999998 -0.002109 0.000000 51.585685 0.002109 0.999998 0.000000 -1.040893 0.000000 0.000000 1.000000 0.000000
0.999999 -0.001331 0.000000 52.243788 0.001331 0.999999 0.000000 -1.056628 0.000000 0.000000 1.000000 0.000000
0.999992 0.003970 0.000000 52.789221 -0.003970 0.999992 0.000000 -1.103034 0.000000 0.000000 1.000000 0.000000
0.999993 0.003772 0.000000 53.432274 -0.003772 0.999993 0.000000 -1.126220 0.000000 0.000000 1.000000 0.000000
0.999995 0.003252 0.000000 54.082621 -0.003252 0.999995 0.000000 -1.141853 0.000000 0.000000 1.000000 0.000000
1.000000 0.000702 0.000000 55.417489 -0.000702 1.000000 0.000000 -1.180467 0.000000 0.000000 1.000000 0.000000
0.999995 -0.003088 0.000000 56.066244 0.003088 0.999995 0.000000 -1.195275 0.000000 0.000000 1.000000 0.000000
0.999990 -0.004375 0.000000 56.701029 0.004375 0.999990 0.000000 -1.212511 0.000000 0.000000 1.000000 0.000000
0.999993 -0.003676 0.000000 57.340738 0.003676 0.999993 0.000000 -1.231198 0.000000 0.000000 1.000000 0.000000
0.999996 -0.002727 0.000000 57.978843 0.002727 0.999996 0.000000 -1.252393 0.000000 0.000000 1.000000 0.000000
0.999991 -0.004181 0.000000 58.651715 0.004181 0.999991 0.000000 -1.274965 0.000000 0.000000 1.000000 0.000000
0.999995 -0.003190 0.000000 59.286947 0.003190 0.999995 0.000000 -1.287017 0.000000 0.000000 1.000000 0.000000
0.999998 -0.002187 0.000000 59.893504 0.002187 0.999998 0.000000 -1.299770 0.000000 0.000000 1.000000 0.000000
0.999999 -0.001451 0.000000 60.523396 0.001451 0.999999 0.000000 -1.318084 0.000000 0.000000 1.000000 0.000000
1.000000 -0.000510 0.000000 61.112375 0.000510 1.000000 0.000000 -1.338169 0.000000 0.000000 1.000000 0.000000
1.000000 -0.000174 0.000000 61.740032 0.000174 1.000000 0.000000 -1.358751 0.000000 0.000000 1.000000 0.000000
1.000000 -0.000667 0.000000 62.366293 0.000667 1.000000 0.000000 -1.383149 0.000000 0.000000 1.000000 0.000000
1.000000 -0.000645 0.000000 62.947912 0.000645 1.000000 0.000000 -1.404239 0.000000 0.000000 1.000000 0.000000
0.999998 -0.002036 0.000000 63.569808 0.002036 0.999998 0.000000 -1.430181 0.000000 0.000000 1.000000 0.000000
0.999998 -0.001788 0.000000 64.187851 0.001788 0.999998 0.000000 -1.451195 0.000000 0.000000 1.000000 0.000000
0.999996 -0.002652 0.000000 64.766532 0.002652 0.999996 0.000000 -1.473999 0.000000 0.000000 1.000000 0.000000
0.999998 -0.002157 0.000000 65.384145 0.002157 0.999998 0.000000 -1.489259 0.000000 0.000000 1.000000 0.000000
0.999999 0.001243 0.000000 65.960114 -0.001243 0.999999 0.000000 -1.499105 0.000000 0.000000 1.000000 0.000000
0.999997 0.002485 0.000000 66.564128 -0.002485 0.999997 0.000000 -1.517500 0.000000 0.000000 1.000000 0.000000
0.999995 0.003153 0.000000 67.173597 -0.003153 0.999995 0.000000 -1.536647 0.000000 0.000000 1.000000 0.000000
0.999990 0.004481 0.000000 68.017399 -0.004481 0.999990 0.000000 -1.565684 0.000000 0.000000 1.000000 0.000000
0.999979 0.006407 0.000000 68.620605 -0.006407 0.999979 0.000000 -1.588998 0.000000 0.000000 1.000000 0.000000
0.999995 0.003180 0.000000 69.216520 -0.003180 0.999995 0.000000 -1.613373 0.000000 0.000000 1.000000 0.000000
0.999994 0.003412 0.000000 69.820761 -0.003412 0.999994 0.000000 -1.624395 0.000000 0.000000 1.000000 0.000000
1.000000 0.000483 0.000000 70.416712 -0.000483 1.000000 0.000000 -1.643655 0.000000 0.000000 1.000000 0.000000
0.999999 -0.001210 0.000000 71.025593 0.001210 0.999999 0.000000 -1.658200 0.000000 0.000000 1.000000 0.000000
0.999999 -0.001117 0.000000 71.660323 0.001117 0.999999 0.000000 -1.671129 0.000000 0.000000 1.000000 0.000000
0.999998 -0.001782 0.000000 72.251872 0.001782 0.999998 0.000000 -1.690422 0.000000 0.000000 1.000000 0.000000
1.000000 -0.000285 0.000000 72.842172 0.000285 1.000000 0.000000 -1.706831 0.000000 0.000000 1.000000 0.000000
0.999998 -0.002114 0.000000 74.014398 0.002114 0.999998 0.000000 -1.745397 0.000000 0.000000 1.000000 0.000000
1.000000 -0.000802 0.000000 74.597904 0.000802 1.000000 0.000000 -1.760158 0.000000 0.000000 1.000000 0.000000
0.999999 0.001172 0.000000 75.177611 -0.001172 0.999999 0.000000 -1.785451 0.000000 0.000000 1.000000 0.000000
0.999999 0.001389 0.000000 75.759249 -0.001389 0.999999 0.000000 -1.811060 0.000000 0.000000 1.000000 0.000000
0.999994 0.003318 0.000000 76.342587 -0.003318 0.999994 0.000000 -1.825911 0.000000 0.000000 1.000000 0.000000
0.999995 0.003038 0.000000 76.915617 -0.003038 0.999995 0.000000 -1.856731 0.000000 0.000000 1.000000 0.000000
0.999999 0.001705 0.000000 77.498496 -0.001705 0.999999 0.000000 -1.899976 0.000000 0.000000 1.000000 0.000000
1.000000 0.000938 0.000000 78.062322 -0.000938 1.000000 0.000000 -1.923785 0.000000 0.000000 1.000000 0.000000
0.999999 0.001713 0.000000 78.623428 -0.001713 0.999999 0.000000 -1.947079 0.000000 0.000000 1.000000 0.000000
0.999998 0.001919 0.000000 79.178396 -0.001919 0.999998 0.000000 -1.972321 0.000000 0.000000 1.000000 0.000000
0.999999 0.001726 0.000000 79.729302 -0.001726 0.999999 0.000000 -1.995498 0.000000 0.000000 1.000000 0.000000
0.999998 0.001910 0.000000 80.276179 -0.001910 0.999998 0.000000 -2.021460 0.000000 0.000000 1.000000 0.000000
0.999993 0.003731 0.000000 80.818741 -0.003731 0.999993 0.000000 -2.044315 0.000000 0.000000 1.000000 0.000000
0.999986 0.005382 0.000000 81.333966 -0.005382 0.999986 0.000000 -2.066400 0.000000 0.000000 1.000000 0.000000
0.999967 0.008085 0.000000 81.877464 -0.008085 0.999967 0.000000 -2.084760 0.000000 0.000000 1.000000 0.000000
0.999938 0.011096 0.000000 82.398379 -0.011096 0.999938 0.000000 -2.098932 0.000000 0.000000 1.000000 0.000000
0.999939 0.011040 0.000000 82.907454 -0.011040 0.999939 0.000000 -2.123623 0.000000 0.000000 1.000000 0.000000
0.999943 0.010674 0.000000 83.449422 -0.010674 0.999943 0.000000 -2.154600 0.000000 0.000000 1.000000 0.000000
0.999942 0.010791 0.000000 83.974058 -0.010791 0.999942 0.000000 -2.176277 0.000000 0.000000 1.000000 0.000000
0.999935 0.011423 0.000000 84.467850 -0.011423 0.999935 0.000000 -2.197334 0.000000 0.000000 1.000000 0.000000
0.999907 0.013605 0.000000 84.992506 -0.013605 0.999907 0.000000 -2.219932 0.000000 0.000000 1.000000 0.000000
0.999915 0.013028 0.000000 85.507501 -0.013028 0.999915 0.000000 -2.249342 0.000000 0.000000 1.000000 0.000000
0.999911 0.013340 0.000000 85.990980 -0.013340 0.999911 0.000000 -2.267457 0.000000 0.000000 1.000000 0.000000
0.999895 0.014487 0.000000 86.511058 -0.014487 0.999895 0.000000 -2.286157 0.000000 0.000000 1.000000 0.000000
0.999866 0.016378 0.000000 87.022986 -0.016378 0.999866 0.000000 -2.306096 0.000000 0.000000 1.000000 0.000000
0.999856 0.016990 0.000000 87.499875 -0.016990 0.999856 0.000000 -2.329194 0.000000 0.000000 1.000000 0.000000
0.999856 0.016950 0.000000 88.008781 -0.016950 0.999856 0.000000 -2.356937 0.000000 0.000000 1.000000 0.000000
0.999826 0.018643 0.000000 88.484124 -0.018643 0.999826 0.000000 -2.381790 0.000000 0.000000 1.000000 0.000000
0.999822 0.018878 0.000000 88.979251 -0.018878 0.999822 0.000000 -2.412505 0.000000 0.000000 1.000000 0.000000
0.999836 0.018107 0.000000 89.638468 -0.018107 0.999836 0.000000 -2.446809 0.000000 0.000000 1.000000 0.000000
0.999837 0.018069 0.000000 90.132372 -0.018069 0.999837 0.000000 -2.469279 0.000000 0.000000 1.000000 0.000000
0.999827 0.018582 0.000000 90.625760 -0.018582 0.999827 0.000000 -2.488657 0.000000 0.000000 1.000000 0.000000
0.999844 0.017677 0.000000 91.111392 -0.017677 0.999844 0.000000 -2.510386 0.000000 0.000000 1.000000 0.000000
0.999874 0.015875 0.000000 91.590797 -0.015875 0.999874 0.000000 -2.540347 0.000000 0.000000 1.000000 0.000000
0.999887 0.015001 0.000000 92.073731 -0.015001 0.999887 0.000000 -2.569965 0.000000 0.000000 1.000000 0.000000
0.999855 0.017014 0.000000 92.545390 -0.017014 0.999855 0.000000 -2.592295 0.000000 0.000000 1.000000 0.000000
0.999758 0.022003 0.000000 93.499848 -0.022003 0.999758 0.000000 -2.647820 0.000000 0.000000 1.000000 0.000000
0.999726 0.023405 0.000000 93.968197 -0.023405 0.999726 0.000000 -2.678604 0.000000 0.000000 1.000000 0.000000
0.999648 0.026515 0.000000 94.443219 -0.026515 0.999648 0.000000 -2.706313 0.000000 0.000000 1.000000 0.000000
0.999616 0.027716 0.000000 94.910755 -0.027716 0.999616 0.000000 -2.743328 0.000000 0.000000 1.000000 0.000000
0.999550 0.030013 0.000000 95.386114 -0.030013 0.999550 0.000000 -2.776710 0.000000 0.000000 1.000000 0.000000
0.999516 0.031095 0.000000 95.846737 -0.031095 0.999516 0.000000 -2.814624 0.000000 0.000000 1.000000 0.000000
0.999433 0.033665 0.000000 96.318595 -0.033665 0.999433 0.000000 -2.848713 0.000000 0.000000 1.000000 0.000000
0.999246 0.038813 0.000000 96.777777 -0.038813 0.999246 0.000000 -2.875787 0.000000 0.000000 1.000000 0.000000
0.999131 0.041690 0.000000 97.230560 -0.041690 0.999131 0.000000 -2.909831 0.000000 0.000000 1.000000 0.000000
0.999032 0.043981 0.000000 97.682259 -0.043981 0.999032 0.000000 -2.948167 0.000000 0.000000 1.000000 0.000000
0.998953 0.045756 0.000000 98.109124 -0.045756 0.998953 0.000000 -2.986969 0.000000 0.000000 1.000000 0.000000
0.998912 0.046645 0.000000 98.549235 -0.046645 0.998912 0.000000 -3.025484 0.000000 0.000000 1.000000 0.000000
0.998906 0.046755 0.000000 98.980599 -0.046755 0.998906 0.000000 -3.071057 0.000000 0.000000 1.000000 0.000000
0.998769 0.049601 0.000000 99.413653 -0.049601 0.998769 0.000000 -3.110766 0.000000 0.000000 1.000000 0.000000
0.998698 0.051018 0.000000 99.841520 -0.051018 0.998698 0.000000 -3.143730 0.000000 0.000000 1.000000 0.000000
0.998393 0.056674 0.000000 100.262267 -0.056674 0.998393 0.000000 -3.176195 0.000000 0.000000 1.000000 0.000000
0.998122 0.061250 0.000000 100.682285 -0.061250 0.998122 0.000000 -3.208629 0.000000 0.000000 1.000000 0.000000
0.998106 0.061511 0.000000 101.091891 -0.061511 0.998106 0.000000 -3.245172 0.000000 0.000000 1.000000 0.000000
0.998242 0.059263 0.000000 101.504479 -0.059263 0.998242 0.000000 -3.286345 0.000000 0.000000 1.000000 0.000000
0.998148 0.060830 0.000000 101.910042 -0.060830 0.998148 0.000000 -3.326005 0.000000 0.000000 1.000000 0.000000
0.998237 0.059353 0.000000 102.304610 -0.059353 0.998237 0.000000 -3.367987 0.000000 0.000000 1.000000 0.000000
0.997948 0.064036 0.000000 102.705884 -0.064036 0.997948 0.000000 -3.403847 0.000000 0.000000 1.000000 0.000000
0.997637 0.068706 0.000000 103.088498 -0.068706 0.997637 0.000000 -3.438957 0.000000 0.000000 1.000000 0.000000
0.997716 0.067548 0.000000 103.494752 -0.067548 0.997716 0.000000 -3.482187 0.000000 0.000000 1.000000 0.000000
0.997544 0.070043 0.000000 103.890252 -0.070043 0.997544 0.000000 -3.522652 0.000000 0.000000 1.000000 0.000000
0.997344 0.072840 0.000000 104.269897 -0.072840 0.997344 0.000000 -3.561664 0.000000 0.000000 1.000000 0.000000
0.997025 0.077083 0.000000 104.677182 -0.077083 0.997025 0.000000 -3.600966 0.000000 0.000000 1.000000 0.000000
0.996765 0.080365 0.000000 105.079650 -0.080365 0.996765 0.000000 -3.642844 0.000000 0.000000 1.000000 0.000000
0.996506 0.083520 0.000000 105.607985 -0.083520 0.996506 0.000000 -3.681335 0.000000 0.000000 1.000000 0.000000
0.996346 0.085411 0.000000 106.020289 -0.085411 0.996346 0.000000 -3.733317 0.000000 0.000000 1.000000 0.000000
0.996185 0.087265 0.000000 106.434629 -0.087265 0.996185 0.000000 -3.782877 0.000000 0.000000 1.000000 0.000000
0.995990 0.089461 0.000000 106.851837 -0.089461 0.995990 0.000000 -3.835968 0.000000 0.000000 1.000000 0.000000
0.995855 0.090953 0.000000 107.272274 -0.090953 0.995855 0.000000 -3.886149 0.000000 0.000000 1.000000 0.000000
0.995871 0.090780 0.000000 107.690536 -0.090780 0.995871 0.000000 -3.934209 0.000000 0.000000 1.000000 0.000000
0.995646 0.093214 0.000000 108.111386 -0.093214 0.995646 0.000000 -3.982754 0.000000 0.000000 1.000000 0.000000
0.995148 0.098391 0.000000 108.536373 -0.098391 0.995148 0.000000 -4.037122 0.000000 0.000000 1.000000 0.000000
0.994808 0.101768 0.000000 109.311568 -0.101768 0.994808 0.000000 -4.142367 0.000000 0.000000 1.000000 0.000000
0.994880 0.101062 0.000000 109.741568 -0.101062 0.994880 0.000000 -4.205259 0.000000 0.000000 1.000000 0.000000
0.994799 0.101861 0.000000 110.177232 -0.101861 0.994799 0.000000 -4.260565 0.000000 0.000000 1.000000 0.000000
0.994865 0.101214 0.000000 110.610224 -0.101214 0.994865 0.000000 -4.315090 0.000000 0.000000 1.000000 0.000000
0.994573 0.104038 0.000000 111.049359 -0.104038 0.994573 0.000000 -4.355285 0.000000 0.000000 1.000000 0.000000
0.994497 0.104763 0.000000 111.491549 -0.104763 0.994497 0.000000 -4.408853 0.000000 0.000000 1.000000 0.000000
0.994574 0.104033 0.000000 111.934748 -0.104033 0.994574 0.000000 -4.463766 0.000000 0.000000 1.000000 0.000000
0.994568 0.104084 0.000000 112.379207 -0.104084 0.994568 0.000000 -4.521292 0.000000 0.000000 1.000000 0.000000
0.994560 0.104161 0.000000 112.825276 -0.104161 0.994560 0.000000 -4.581959 0.000000 0.000000 1.000000 0.000000
0.994213 0.107425 0.000000 113.274031 -0.107425 0.994213 0.000000 -4.640643 0.000000 0.000000 1.000000 0.000000
0.994017 0.109223 0.000000 113.732125 -0.109223 0.994017 0.000000 -4.714544 0.000000 0.000000 1.000000 0.000000
0.994110 0.108378 0.000000 114.564430 -0.108378 0.994110 0.000000 -4.832934 0.000000 0.000000 1.000000 0.000000
0.993847 0.110759 0.000000 115.025278 -0.110759 0.993847 0.000000 -4.888963 0.000000 0.000000 1.000000 0.000000
0.993764 0.111506 0.000000 115.490118 -0.111506 0.993764 0.000000 -4.946559 0.000000 0.000000 1.000000 0.000000
0.993554 0.113361 0.000000 115.951608 -0.113361 0.993554 0.000000 -5.022894 0.000000 0.000000 1.000000 0.000000
0.993409 0.114625 0.000000 116.413375 -0.114625 0.993409 0.000000 -5.095680 0.000000 0.000000 1.000000 0.000000
0.993294 0.115614 0.000000 116.878233 -0.115614 0.993294 0.000000 -5.170771 0.000000 0.000000 1.000000 0.000000
0.992853 0.119345 0.000000 117.344802 -0.119345 0.992853 0.000000 -5.240076 0.000000 0.000000 1.000000 0.000000
0.992290 0.123940 0.000000 117.815397 -0.123940 0.992290 0.000000 -5.310032 0.000000 0.000000 1.000000 0.000000
0.991706 0.128527 0.000000 118.319577 -0.128527 0.991706 0.000000 -5.387183 0.000000 0.000000 1.000000 0.000000
0.991621 0.129179 0.000000 118.758785 -0.129179 0.991621 0.000000 -5.460907 0.000000 0.000000 1.000000 0.000000
0.991326 0.131427 0.000000 119.261172 -0.131427 0.991326 0.000000 -5.548665 0.000000 0.000000 1.000000 0.000000
0.991182 0.132510 0.000000 119.739209 -0.132510 0.991182 0.000000 -5.628849 0.000000 0.000000 1.000000 0.000000
0.991528 0.129896 0.000000 120.207863 -0.129896 0.991528 0.000000 -5.720144 0.000000 0.000000 1.000000 0.000000
0.991321 0.131464 0.000000 120.675004 -0.131464 0.991321 0.000000 -5.789985 0.000000 0.000000 1.000000 0.000000
0.991052 0.133474 0.000000 121.145177 -0.133474 0.991052 0.000000 -5.869132 0.000000 0.000000 1.000000 0.000000
0.990508 0.137458 0.000000 121.625009 -0.137458 0.990508 0.000000 -5.958437 0.000000 0.000000 1.000000 0.000000
0.989544 0.144228 0.000000 122.104298 -0.144228 0.989544 0.000000 -6.032509 0.000000 0.000000 1.000000 0.000000
0.988937 0.148334 0.000000 122.584974 -0.148334 0.988937 0.000000 -6.114770 0.000000 0.000000 1.000000 0.000000
0.988699 0.149913 0.000000 123.039927 -0.149913 0.988699 0.000000 -6.194196 0.000000 0.000000 1.000000 0.000000
0.988152 0.153478 0.000000 123.524865 -0.153478 0.988152 0.000000 -6.281838 0.000000 0.000000 1.000000 0.000000
0.987942 0.154825 0.000000 124.006127 -0.154825 0.987942 0.000000 -6.371254 0.000000 0.000000 1.000000 0.000000
0.987701 0.156355 0.000000 124.802213 -0.156355 0.987701 0.000000 -6.521966 0.000000 0.000000 1.000000 0.000000
0.988427 0.151695 0.000000 125.292344 -0.151695 0.988427 0.000000 -6.621488 0.000000 0.000000 1.000000 0.000000
0.989879 0.141914 0.000000 126.275431 -0.141914 0.989879 0.000000 -6.823728 0.000000 0.000000 1.000000 0.000000
0.990466 0.137760 0.000000 126.770619 -0.137760 0.990466 0.000000 -6.921918 0.000000 0.000000 1.000000 0.000000
0.990654 0.136400 0.000000 127.269475 -0.136400 0.990654 0.000000 -7.008127 0.000000 0.000000 1.000000 0.000000
0.991059 0.133428 0.000000 127.764368 -0.133428 0.991059 0.000000 -7.097300 0.000000 0.000000 1.000000 0.000000
0.990694 0.136105 0.000000 128.268306 -0.136105 0.990694 0.000000 -7.171616 0.000000 0.000000 1.000000 0.000000
0.990336 0.138685 0.000000 128.759875 -0.138685 0.990336 0.000000 -7.243684 0.000000 0.000000 1.000000 0.000000
0.990114 0.140262 0.000000 129.305149 -0.140262 0.990114 0.000000 -7.329279 0.000000 0.000000 1.000000 0.000000
0.989872 0.141961 0.000000 129.795022 -0.141961 0.989872 0.000000 -7.408894 0.000000 0.000000 1.000000 0.000000
0.989737 0.142898 0.000000 130.306687 -0.142898 0.989737 0.000000 -7.489441 0.000000 0.000000 1.000000 0.000000
0.989744 0.142855 0.000000 130.825119 -0.142855 0.989744 0.000000 -7.575430 0.000000 0.000000 1.000000 0.000000
0.989757 0.142766 0.000000 131.307652 -0.142766 0.989757 0.000000 -7.657224 0.000000 0.000000 1.000000 0.000000
0.989855 0.142082 0.000000 131.824646 -0.142082 0.989855 0.000000 -7.750742 0.000000 0.000000 1.000000 0.000000
0.989555 0.144156 0.000000 132.352367 -0.144156 0.989555 0.000000 -7.835472 0.000000 0.000000 1.000000 0.000000
0.989971 0.141269 0.000000 132.840897 -0.141269 0.989971 0.000000 -7.919163 0.000000 0.000000 1.000000 0.000000
0.990047 0.140737 0.000000 133.366753 -0.140737 0.990047 0.000000 -8.007992 0.000000 0.000000 1.000000 0.000000
0.989590 0.143915 0.000000 133.902952 -0.143915 0.989590 0.000000 -8.095180 0.000000 0.000000 1.000000 0.000000
0.989340 0.145624 0.000000 134.532803 -0.145624 0.989340 0.000000 -8.197140 0.000000 0.000000 1.000000 0.000000
0.988600 0.150567 0.000000 135.104455 -0.150567 0.988600 0.000000 -8.290284 0.000000 0.000000 1.000000 0.000000
0.987021 0.160594 0.000000 135.570377 -0.160594 0.987021 0.000000 -8.369142 0.000000 0.000000 1.000000 0.000000
0.986248 0.165269 0.000000 136.107765 -0.165269 0.986248 0.000000 -8.464609 0.000000 0.000000 1.000000 0.000000
0.985756 0.168179 0.000000 136.646433 -0.168179 0.985756 0.000000 -8.567609 0.000000 0.000000 1.000000 0.000000
0.985630 0.168919 0.000000 137.186479 -0.168919 0.985630 0.000000 -8.675002 0.000000 0.000000 1.000000 0.000000
0.985066 0.172175 0.000000 141.078694 -0.172175 0.985066 0.000000 -9.425967 0.000000 0.000000 1.000000 0.000000
0.986055 0.166418 0.000000 141.593529 -0.166418 0.986055 0.000000 -9.539865 0.000000 0.000000 1.000000 0.000000
0.987528 0.157443 0.000000 142.765031 -0.157443 0.987528 0.000000 -9.742828 0.000000 0.000000 1.000000 0.000000
0.987181 0.159606 0.000000 143.891312 -0.159606 0.987181 0.000000 -9.970414 0.000000 0.000000 1.000000 0.000000
0.987016 0.160624 0.000000 144.455944 -0.160624 0.987016 0.000000 -10.085335 0.000000 0.000000 1.000000 0.000000
0.987047 0.160431 0.000000 145.023007 -0.160431 0.987047 0.000000 -10.204429 0.000000 0.000000 1.000000 0.000000
0.987170 0.159673 0.000000 145.589378 -0.159673 0.987170 0.000000 -10.326637 0.000000 0.000000 1.000000 0.000000
0.987669 0.156556 0.000000 146.160874 -0.156556 0.987669 0.000000 -10.450331 0.000000 0.000000 1.000000 0.000000
0.987328 0.158692 0.000000 146.731189 -0.158692 0.987328 0.000000 -10.557763 0.000000 0.000000 1.000000 0.000000
0.987021 0.160588 0.000000 147.304040 -0.160588 0.987021 0.000000 -10.667566 0.000000 0.000000 1.000000 0.000000
0.987228 0.159312 0.000000 147.878376 -0.159312 0.987228 0.000000 -10.794424 0.000000 0.000000 1.000000 0.000000
0.987124 0.159954 0.000000 148.446882 -0.159954 0.987124 0.000000 -10.907590 0.000000 0.000000 1.000000 0.000000
0.986143 0.165897 0.000000 149.352754 -0.165897 0.986143 0.000000 -11.084460 0.000000 0.000000 1.000000 0.000000
0.986057 0.166408 0.000000 149.926783 -0.166408 0.986057 0.000000 -11.216978 0.000000 0.000000 1.000000 0.000000
0.985513 0.169601 0.000000 150.488728 -0.169601 0.985513 0.000000 -11.330555 0.000000 0.000000 1.000000 0.000000
0.984619 0.174714 0.000000 151.066274 -0.174714 0.984619 0.000000 -11.442861 0.000000 0.000000 1.000000 0.000000
0.983723 0.179693 0.000000 151.681095 -0.179693 0.983723 0.000000 -11.568850 0.000000 0.000000 1.000000 0.000000
0.983329 0.181834 0.000000 152.211942 -0.181834 0.983329 0.000000 -11.685796 0.000000 0.000000 1.000000 0.000000
0.983038 0.183400 0.000000 152.815833 -0.183400 0.983038 0.000000 -11.826365 0.000000 0.000000 1.000000 0.000000
0.982793 0.184713 0.000000 153.386525 -0.184713 0.982793 0.000000 -11.947518 0.000000 0.000000 1.000000 0.000000
0.982382 0.186885 0.000000 153.961192 -0.186885 0.982382 0.000000 -12.065929 0.000000 0.000000 1.000000 0.000000
0.981862 0.189597 0.000000 154.532177 -0.189597 0.981862 0.000000 -12.180806 0.000000 0.000000 1.000000 0.000000
0.981969 0.189044 0.000000 155.102072 -0.189044 0.981969 0.000000 -12.305959 0.000000 0.000000 1.000000 0.000000
0.981920 0.189299 0.000000 155.670639 -0.189299 0.981920 0.000000 -12.425715 0.000000 0.000000 1.000000 0.000000
0.981620 0.190848 0.000000 156.241873 -0.190848 0.981620 0.000000 -12.542730 0.000000 0.000000 1.000000 0.000000
0.981649 0.190697 0.000000 156.806902 -0.190697 0.981649 0.000000 -12.667498 0.000000 0.000000 1.000000 0.000000
0.981011 0.193954 0.000000 157.384583 -0.193954 0.981011 0.000000 -12.788549 0.000000 0.000000 1.000000 0.000000
0.980631 0.195863 0.000000 157.954102 -0.195863 0.980631 0.000000 -12.912522 0.000000 0.000000 1.000000 0.000000
0.979866 0.199656 0.000000 159.083929 -0.199656 0.979866 0.000000 -13.161109 0.000000 0.000000 1.000000 0.000000
0.980118 0.198415 0.000000 159.647244 -0.198415 0.980118 0.000000 -13.296684 0.000000 0.000000 1.000000 0.000000
0.979216 0.202820 0.000000 160.172532 -0.202820 0.979216 0.000000 -13.404804 0.000000 0.000000 1.000000 0.000000
0.978514 0.206179 0.000000 160.751822 -0.206179 0.978514 0.000000 -13.531637 0.000000 0.000000 1.000000 0.000000
0.978526 0.206126 0.000000 161.304198 -0.206126 0.978526 0.000000 -13.662257 0.000000 0.000000 1.000000 0.000000
0.978603 0.205756 0.000000 162.399910 -0.205756 0.978603 0.000000 -13.919958 0.000000 0.000000 1.000000 0.000000
0.978460 0.206438 0.000000 162.954338 -0.206438 0.978460 0.000000 -14.055092 0.000000 0.000000 1.000000 0.000000
0.978160 0.207852 0.000000 163.486635 -0.207852 0.978160 0.000000 -14.180155 0.000000 0.000000 1.000000 0.000000
0.978320 0.207100 0.000000 164.046775 -0.207100 0.978320 0.000000 -14.310181 0.000000 0.000000 1.000000 0.000000
0.977761 0.209720 0.000000 164.607994 -0.209720 0.977761 0.000000 -14.445267 0.000000 0.000000 1.000000 0.000000
0.976980 0.213329 0.000000 165.137951 -0.213329 0.976980 0.000000 -14.558014 0.000000 0.000000 1.000000 0.000000
0.976104 0.217303 0.000000 165.891470 -0.217303 0.976104 0.000000 -14.729068 0.000000 0.000000 1.000000 0.000000
0.975441 0.220260 0.000000 166.455946 -0.220260 0.975441 0.000000 -14.858118 0.000000 0.000000 1.000000 0.000000
0.974122 0.226024 0.000000 167.019517 -0.226024 0.974122 0.000000 -14.982948 0.000000 0.000000 1.000000 0.000000
0.973804 0.227390 0.000000 167.619878 -0.227390 0.973804 0.000000 -15.132262 0.000000 0.000000 1.000000 0.000000
0.974094 0.226145 0.000000 168.149222 -0.226145 0.974094 0.000000 -15.271966 0.000000 0.000000 1.000000 0.000000
0.973343 0.229356 0.000000 168.756550 -0.229356 0.973343 0.000000 -15.435631 0.000000 0.000000 1.000000 0.000000
0.973409 0.229072 0.000000 169.327272 -0.229072 0.973409 0.000000 -15.575466 0.000000 0.000000 1.000000 0.000000
0.972216 0.234086 0.000000 169.898491 -0.234086 0.972216 0.000000 -15.711103 0.000000 0.000000 1.000000 0.000000
0.972833 0.231506 0.000000 170.478049 -0.231506 0.972833 0.000000 -15.869746 0.000000 0.000000 1.000000 0.000000
0.973136 0.230231 0.000000 171.042749 -0.230231 0.973136 0.000000 -16.017658 0.000000 0.000000 1.000000 0.000000
0.973035 0.230657 0.000000 171.612268 -0.230657 0.973035 0.000000 -16.170893 0.000000 0.000000 1.000000 0.000000
0.973605 0.228238 0.000000 172.172548 -0.228238 0.973605 0.000000 -16.329759 0.000000 0.000000 1.000000 0.000000
0.974959 0.222386 0.000000 172.738110 -0.222386 0.974959 0.000000 -16.494569 0.000000 0.000000 1.000000 0.000000
0.975708 0.219074 0.000000 173.309214 -0.219074 0.975708 0.000000 -16.648435 0.000000 0.000000 1.000000 0.000000
0.975539 0.219826 0.000000 173.882988 -0.219826 0.975539 0.000000 -16.793986 0.000000 0.000000 1.000000 0.000000
0.975952 0.217984 0.000000 174.459144 -0.217984 0.975952 0.000000 -16.938351 0.000000 0.000000 1.000000 0.000000
0.975428 0.220316 0.000000 175.029888 -0.220316 0.975428 0.000000 -17.080056 0.000000 0.000000 1.000000 0.000000
0.975248 0.221115 0.000000 175.565492 -0.221115 0.975248 0.000000 -17.214309 0.000000 0.000000 1.000000 0.000000
0.975262 0.221050 0.000000 176.174234 -0.221050 0.975262 0.000000 -17.365443 0.000000 0.000000 1.000000 0.000000
0.975387 0.220498 0.000000 176.691624 -0.220498 0.975387 0.000000 -17.483106 0.000000 0.000000 1.000000 0.000000
0.974951 0.222418 0.000000 177.268011 -0.222418 0.974951 0.000000 -17.627894 0.000000 0.000000 1.000000 0.000000
0.974187 0.225744 0.000000 177.841535 -0.225744 0.974187 0.000000 -17.770549 0.000000 0.000000 1.000000 0.000000
0.972376 0.233421 0.000000 178.414897 -0.233421 0.972376 0.000000 -17.912989 0.000000 0.000000 1.000000 0.000000
0.971809 0.235772 0.000000 178.986165 -0.235772 0.971809 0.000000 -18.062741 0.000000 0.000000 1.000000 0.000000
0.971616 0.236562 0.000000 179.558954 -0.236562 0.971616 0.000000 -18.214458 0.000000 0.000000 1.000000 0.000000
0.971416 0.237383 0.000000 180.130253 -0.237383 0.971416 0.000000 -18.366687 0.000000 0.000000 1.000000 0.000000
0.970931 0.239358 0.000000 180.702139 -0.239358 0.970931 0.000000 -18.514307 0.000000 0.000000 1.000000 0.000000
0.970241 0.242142 0.000000 181.278823 -0.242142 0.970241 0.000000 -18.663125 0.000000 0.000000 1.000000 0.000000
0.970381 0.241579 0.000000 181.858734 -0.241579 0.970381 0.000000 -18.806798 0.000000 0.000000 1.000000 0.000000
0.970491 0.241136 0.000000 182.422168 -0.241136 0.970491 0.000000 -18.964664 0.000000 0.000000 1.000000 0.000000
0.969723 0.244208 0.000000 182.993911 -0.244208 0.969723 0.000000 -19.117786 0.000000 0.000000 1.000000 0.000000
0.969165 0.246414 0.000000 183.563434 -0.246414 0.969165 0.000000 -19.271558 0.000000 0.000000 1.000000 0.000000
0.969094 0.246691 0.000000 184.099519 -0.246691 0.969094 0.000000 -19.422122 0.000000 0.000000 1.000000 0.000000
0.967953 0.251133 0.000000 184.667076 -0.251133 0.967953 0.000000 -19.579935 0.000000 0.000000 1.000000 0.000000
0.967575 0.252584 0.000000 185.241483 -0.252584 0.967575 0.000000 -19.744091 0.000000 0.000000 1.000000 0.000000
0.968003 0.250940 0.000000 185.786952 -0.250940 0.968003 0.000000 -19.903414 0.000000 0.000000 1.000000 0.000000
0.967287 0.253685 0.000000 186.346749 -0.253685 0.967287 0.000000 -20.059195 0.000000 0.000000 1.000000 0.000000
0.967846 0.251545 0.000000 186.910377 -0.251545 0.967846 0.000000 -20.233636 0.000000 0.000000 1.000000 0.000000
0.967751 0.251907 0.000000 187.442798 -0.251907 0.967751 0.000000 -20.390713 0.000000 0.000000 1.000000 0.000000
0.966841 0.255380 0.000000 188.004894 -0.255380 0.966841 0.000000 -20.551191 0.000000 0.000000 1.000000 0.000000
0.966469 0.256784 0.000000 188.570806 -0.256784 0.966469 0.000000 -20.710204 0.000000 0.000000 1.000000 0.000000
0.966029 0.258433 0.000000 189.098826 -0.258433 0.966029 0.000000 -20.864521 0.000000 0.000000 1.000000 0.000000
0.965438 0.260633 0.000000 189.661548 -0.260633 0.965438 0.000000 -21.027162 0.000000 0.000000 1.000000 0.000000
0.964832 0.262866 0.000000 190.217284 -0.262866 0.964832 0.000000 -21.197216 0.000000 0.000000 1.000000 0.000000
0.963633 0.267230 0.000000 191.028382 -0.267230 0.963633 0.000000 -21.434083 0.000000 0.000000 1.000000 0.000000
0.962676 0.270657 0.000000 191.583610 -0.270657 0.962676 0.000000 -21.598510 0.000000 0.000000 1.000000 0.000000
0.962567 0.271043 0.000000 192.152331 -0.271043 0.962567 0.000000 -21.766275 0.000000 0.000000 1.000000 0.000000
0.962155 0.272501 0.000000 192.707122 -0.272501 0.962155 0.000000 -21.934263 0.000000 0.000000 1.000000 0.000000
0.962357 0.271787 0.000000 193.267642 -0.271787 0.962357 0.000000 -22.101599 0.000000 0.000000 1.000000 0.000000
0.963132 0.269028 0.000000 193.821429 -0.269028 0.963132 0.000000 -22.275584 0.000000 0.000000 1.000000 0.000000
0.963068 0.269257 0.000000 194.372969 -0.269257 0.963068 0.000000 -22.446048 0.000000 0.000000 1.000000 0.000000
0.963056 0.269301 0.000000 194.947084 -0.269301 0.963056 0.000000 -22.622513 0.000000 0.000000 1.000000 0.000000
0.962912 0.269817 0.000000 195.448960 -0.269817 0.962912 0.000000 -22.772296 0.000000 0.000000 1.000000 0.000000
0.962586 0.270977 0.000000 196.413091 -0.270977 0.962586 0.000000 -23.056037 0.000000 0.000000 1.000000 0.000000
0.962225 0.272254 0.000000 196.967821 -0.272254 0.962225 0.000000 -23.226159 0.000000 0.000000 1.000000 0.000000
0.961658 0.274253 0.000000 197.666412 -0.274253 0.961658 0.000000 -23.442969 0.000000 0.000000 1.000000 0.000000
0.960983 0.276606 0.000000 198.367297 -0.276606 0.960983 0.000000 -23.663635 0.000000 0.000000 1.000000 0.000000
0.960804 0.277229 0.000000 199.316688 -0.277229 0.960804 0.000000 -23.961776 0.000000 0.000000 1.000000 0.000000
0.960948 0.276729 0.000000 199.860914 -0.276729 0.960948 0.000000 -24.136065 0.000000 0.000000 1.000000 0.000000
0.960724 0.277505 0.000000 200.417514 -0.277505 0.960724 0.000000 -24.308374 0.000000 0.000000 1.000000 0.000000
0.960358 0.278769 0.000000 200.962623 -0.278769 0.960358 0.000000 -24.478176 0.000000 0.000000 1.000000 0.000000
0.961153 0.276017 0.000000 201.474287 -0.276017 0.961153 0.000000 -24.645520 0.000000 0.000000 1.000000 0.000000
0.960775 0.277330 0.000000 202.029501 -0.277330 0.960775 0.000000 -24.816669 0.000000 0.000000 1.000000 0.000000
0.960634 0.277815 0.000000 202.573009 -0.277815 0.960634 0.000000 -24.997051 0.000000 0.000000 1.000000 0.000000
0.961184 0.275909 0.000000 203.349676 -0.275909 0.961184 0.000000 -25.246466 0.000000 0.000000 1.000000 0.000000
0.961385 0.275208 0.000000 203.901609 -0.275208 0.961385 0.000000 -25.418523 0.000000 0.000000 1.000000 0.000000
0.961380 0.275225 0.000000 204.451334 -0.275225 0.961380 0.000000 -25.591366 0.000000 0.000000 1.000000 0.000000
0.962365 0.271759 0.000000 205.000639 -0.271759 0.962365 0.000000 -25.767614 0.000000 0.000000 1.000000 0.000000
0.962646 0.270764 0.000000 205.584722 -0.270764 0.962646 0.000000 -25.948851 0.000000 0.000000 1.000000 0.000000
0.962653 0.270738 0.000000 206.098210 -0.270738 0.962653 0.000000 -26.109912 0.000000 0.000000 1.000000 0.000000
0.963329 0.268323 0.000000 206.677290 -0.268323 0.963329 0.000000 -26.296445 0.000000 0.000000 1.000000 0.000000
0.963507 0.267683 0.000000 207.193466 -0.267683 0.963507 0.000000 -26.456983 0.000000 0.000000 1.000000 0.000000
0.964005 0.265884 0.000000 207.773441 -0.265884 0.964005 0.000000 -26.640097 0.000000 0.000000 1.000000 0.000000
0.963871 0.266368 0.000000 208.322975 -0.266368 0.963871 0.000000 -26.798554 0.000000 0.000000 1.000000 0.000000
0.964293 0.264838 0.000000 208.869860 -0.264838 0.964293 0.000000 -26.966888 0.000000 0.000000 1.000000 0.000000
0.964290 0.264849 0.000000 209.422454 -0.264849 0.964290 0.000000 -27.127133 0.000000 0.000000 1.000000 0.000000
0.964387 0.264494 0.000000 209.960350 -0.264494 0.964387 0.000000 -27.290547 0.000000 0.000000 1.000000 0.000000
