0.999996 0.002846 0.000000 0.583993 -0.002846 0.999996 0.000000 -0.012477 0.000000 0.000000 1.000000 0.000000
0.999978 0.006689 0.000000 1.721221 -0.006689 0.999978 0.000000 -0.025617 0.000000 0.000000 1.000000 0.000000
0.999966 0.008258 0.000000 2.302072 -0.008258 0.999966 0.000000 -0.026011 0.000000 0.000000 1.000000 0.000000
0.999953 0.009656 0.000000 3.106712 -0.009656 0.999953 0.000000 -0.032464 0.000000 0.000000 1.000000 0.000000
0.999944 0.010573 0.000000 3.680416 -0.010573 0.999944 0.000000 -0.046504 0.000000 0.000000 1.000000 0.000000
0.999935 0.011413 0.000000 4.265089 -0.011413 0.999935 0.000000 -0.053520 0.000000 0.000000 1.000000 0.000000
0.999923 0.012412 0.000000 4.849447 -0.012412 0.999923 0.000000 -0.066112 0.000000 0.000000 1.000000 0.000000
0.999913 0.013201 0.000000 5.393944 -0.013201 0.999913 0.000000 -0.088665 0.000000 0.000000 1.000000 0.000000
0.999896 0.014420 0.000000 5.973919 -0.014420 0.999896 0.000000 -0.103964 0.000000 0.000000 1.000000 0.000000
0.999891 0.014771 0.000000 6.518231 -0.014771 0.999891 0.000000 -0.114295 0.000000 0.000000 1.000000 0.000000
0.999868 0.016262 0.000000 7.094835 -0.016262 0.999868 0.000000 -0.119043 0.000000 0.000000 1.000000 0.000000
0.999866 0.016342 0.000000 7.658299 -0.016342 0.999866 0.000000 -0.136721 0.000000 0.000000 1.000000 0.000000
0.999842 0.017763 0.000000 8.223701 -0.017763 0.999842 0.000000 -0.150010 0.000000 0.000000 1.000000 0.000000
0.999808 0.019574 0.000000 8.799615 -0.019574 0.999808 0.000000 -0.162547 0.000000 0.000000 1.000000 0.000000
0.999768 0.021552 0.000000 9.548965 -0.021552 0.999768 0.000000 -0.181240 0.000000 0.000000 1.000000 0.000000
0.999750 0.022338 0.000000 10.164670 -0.022338 0.999750 0.000000 -0.197798 0.000000 0.000000 1.000000 0.000000
0.999707 0.024201 0.000000 10.703069 -0.024201 0.999707 0.000000 -0.206764 0.000000 0.000000 1.000000 0.000000
0.999659 0.026121 0.000000 11.318326 -0.026121 0.999659 0.000000 -0.218906 0.000000 0.000000 1.000000 0.000000
0.999633 0.027104 0.000000 11.894174 -0.027104 0.999633 0.000000 -0.239939 0.000000 0.000000 1.000000 0.000000
0.999537 0.030438 0.000000 12.463761 -0.030438 0.999537 0.000000 -0.248004 0.000000 0.000000 1.000000 0.000000
0.999481 0.032222 0.000000 13.040242 -0.032222 0.999481 0.000000 -0.271487 0.000000 0.000000 1.000000 0.000000
0.999392 0.034867 0.000000 13.614774 -0.034867 0.999392 0.000000 -0.289531 0.000000 0.000000 1.000000 0.000000
0.999347 0.036134 0.000000 14.190174 -0.036134 0.999347 0.000000 -0.315428 0.000000 0.000000 1.000000 0.000000
0.999246 0.038833 0.000000 14.764718 -0.038833 0.999246 0.000000 -0.344336 0.000000 0.000000 1.000000 0.000000
0.999131 0.041670 0.000000 15.338221 -0.041670 0.999131 0.000000 -0.373939 0.000000 0.000000 1.000000 0.000000
0.999099 0.042444 0.000000 15.910840 -0.042444 0.999099 0.000000 -0.406382 0.000000 0.000000 1.000000 0.000000
0.998919 0.046488 0.000000 16.454262 -0.046488 0.998919 0.000000 -0.431630 0.000000 0.000000 1.000000 0.000000
0.998859 0.047754 0.000000 17.021091 -0.047754 0.998859 0.000000 -0.461689 0.000000 0.000000 1.000000 0.000000
0.998879 0.047328 0.000000 18.120192 -0.047328 0.998879 0.000000 -0.532678 0.000000 0.000000 1.000000 0.000000
0.999011 0.044463 0.000000 19.053691 -0.044463 0.999011 0.000000 -0.605642 0.000000 0.000000 1.000000 0.000000
0.998965 0.045487 0.000000 19.615615 -0.045487 0.998965 0.000000 -0.643701 0.000000 0.000000 1.000000 0.000000
0.998890 0.047095 0.000000 20.179749 -0.047095 0.998890 0.000000 -0.679126 0.000000 0.000000 1.000000 0.000000
0.998781 0.049365 0.000000 20.747338 -0.049365 0.998781 0.000000 -0.727772 0.000000 0.000000 1.000000 0.000000
0.998897 0.046953 0.000000 21.309501 -0.046953 0.998897 0.000000 -0.772382 0.000000 0.000000 1.000000 0.000000
0.998495 0.054848 0.000000 21.896260 -0.054848 0.998495 0.000000 -0.796402 0.000000 0.000000 1.000000 0.000000
0.998075 0.062017 0.000000 22.460058 -0.062017 0.998075 0.000000 -0.832659 0.000000 0.000000 1.000000 0.000000
0.998226 0.059532 0.000000 23.588845 -0.059532 0.998226 0.000000 -0.962788 0.000000 0.000000 1.000000 0.000000
0.998140 0.060962 0.000000 24.149031 -0.060962 0.998140 0.000000 -1.014539 0.000000 0.000000 1.000000 0.000000
0.998168 0.060506 0.000000 24.711018 -0.060506 0.998168 0.000000 -1.071310 0.000000 0.000000 1.000000 0.000000
0.998275 0.058714 0.000000 25.237162 -0.058714 0.998275 0.000000 -1.121644 0.000000 0.000000 1.000000 0.000000
0.998089 0.061793 0.000000 25.796785 -0.061793 0.998089 0.000000 -1.164882 0.000000 0.000000 1.000000 0.000000
0.997388 0.072235 0.000000 26.680403 -0.072235 0.997388 0.000000 -1.260945 0.000000 0.000000 1.000000 0.000000
0.997340 0.072885 0.000000 27.279787 -0.072885 0.997340 0.000000 -1.313334 0.000000 0.000000 1.000000 0.000000
0.997400 0.072062 0.000000 27.835837 -0.072062 0.997400 0.000000 -1.365181 0.000000 0.000000 1.000000 0.000000
0.997332 0.073000 0.000000 28.396051 -0.073000 0.997332 0.000000 -1.412827 0.000000 0.000000 1.000000 0.000000
0.997332 0.072998 0.000000 28.962513 -0.072998 0.997332 0.000000 -1.461461 0.000000 0.000000 1.000000 0.000000
0.997192 0.074883 0.000000 29.523971 -0.074883 0.997192 0.000000 -1.511072 0.000000 0.000000 1.000000 0.000000
0.997348 0.072784 0.000000 30.077692 -0.072784 0.997348 0.000000 -1.574077 0.000000 0.000000 1.000000 0.000000
0.997215 0.074585 0.000000 30.643644 -0.074585 0.997215 0.000000 -1.615791 0.000000 0.000000 1.000000 0.000000
0.997108 0.075994 0.000000 31.209897 -0.075994 0.997108 0.000000 -1.659954 0.000000 0.000000 1.000000 0.000000
0.997005 0.077338 0.000000 31.733356 -0.077338 0.997005 0.000000 -1.705390 0.000000 0.000000 1.000000 0.000000
0.996476 0.083884 0.000000 32.662489 -0.083884 0.996476 0.000000 -1.800872 0.000000 0.000000 1.000000 0.000000
0.996296 0.085994 0.000000 33.226363 -0.085994 0.996296 0.000000 -1.851376 0.000000 0.000000 1.000000 0.000000
0.996227 0.086783 0.000000 33.786550 -0.086783 0.996227 0.000000 -1.903821 0.000000 0.000000 1.000000 0.000000
0.996049 0.088809 0.000000 34.354553 -0.088809 0.996049 0.000000 -1.952292 0.000000 0.000000 1.000000 0.000000
0.995954 0.089867 0.000000 34.922292 -0.089867 0.995954 0.000000 -2.004601 0.000000 0.000000 1.000000 0.000000
0.995866 0.090829 0.000000 35.480563 -0.090829 0.995866 0.000000 -2.060162 0.000000 0.000000 1.000000 0.000000
0.995858 0.090927 0.000000 36.073574 -0.090927 0.995858 0.000000 -2.120134 0.000000 0.000000 1.000000 0.000000
0.995904 0.090416 0.000000 36.597968 -0.090416 0.995904 0.000000 -2.173129 0.000000 0.000000 1.000000 0.000000
0.995993 0.089428 0.000000 37.150910 -0.089428 0.995993 0.000000 -2.229392 0.000000 0.000000 1.000000 0.000000
0.995729 0.092323 0.000000 37.701004 -0.092323 0.995729 0.000000 -2.273476 0.000000 0.000000 1.000000 0.000000
0.995585 0.093869 0.000000 38.255436 -0.093869 0.995585 0.000000 -2.325035 0.000000 0.000000 1.000000 0.000000
0.995490 0.094868 0.000000 38.772741 -0.094868 0.995490 0.000000 -2.380519 0.000000 0.000000 1.000000 0.000000
0.995610 0.093603 0.000000 39.327464 -0.093603 0.995610 0.000000 -2.432683 0.000000 0.000000 1.000000 0.000000
0.995706 0.092573 0.000000 39.847056 -0.092573 0.995706 0.000000 -2.486134 0.000000 0.000000 1.000000 0.000000
0.995724 0.092380 0.000000 40.799482 -0.092380 0.995724 0.000000 -2.592772 0.000000 0.000000 1.000000 0.000000
0.995550 0.094233 0.000000 41.346323 -0.094233 0.995550 0.000000 -2.651254 0.000000 0.000000 1.000000 0.000000
0.995651 0.093163 0.000000 41.891776 -0.093163 0.995651 0.000000 -2.701678 0.000000 0.000000 1.000000 0.000000
0.994939 0.100484 0.000000 42.987556 -0.100484 0.994939 0.000000 -2.796168 0.000000 0.000000 1.000000 0.000000
0.994826 0.101591 0.000000 43.560585 -0.101591 0.994826 0.000000 -2.888336 0.000000 0.000000 1.000000 0.000000
0.994845 0.101412 0.000000 44.053716 -0.101412 0.994845 0.000000 -2.945300 0.000000 0.000000 1.000000 0.000000
0.994827 0.101582 0.000000 45.075967 -0.101582 0.994827 0.000000 -3.056810 0.000000 0.000000 1.000000 0.000000
0.994942 0.100448 0.000000 45.602790 -0.100448 0.994942 0.000000 -3.112922 0.000000 0.000000 1.000000 0.000000
0.995041 0.099469 0.000000 46.113290 -0.099469 0.995041 0.000000 -3.156565 0.000000 0.000000 1.000000 0.000000
0.994960 0.100274 0.000000 46.602572 -0.100274 0.994960 0.000000 -3.204633 0.000000 0.000000 1.000000 0.000000
0.995238 0.097473 0.000000 47.490113 -0.097473 0.995238 0.000000 -3.313606 0.000000 0.000000 1.000000 0.000000
0.994930 0.100573 0.000000 47.993164 -0.100573 0.994930 0.000000 -3.357325 0.000000 0.000000 1.000000 0.000000
0.994380 0.105869 0.000000 48.488821 -0.105869 0.994380 0.000000 -3.404082 0.000000 0.000000 1.000000 0.000000
0.994313 0.106499 0.000000 48.974164 -0.106499 0.994313 0.000000 -3.466365 0.000000 0.000000 1.000000 0.000000
0.994212 0.107437 0.000000 49.457681 -0.107437 0.994212 0.000000 -3.515548 0.000000 0.000000 1.000000 0.000000
0.993908 0.110217 0.000000 49.931445 -0.110217 0.993908 0.000000 -3.560678 0.000000 0.000000 1.000000 0.000000
0.993593 0.113015 0.000000 50.401619 -0.113015 0.993593 0.000000 -3.611558 0.000000 0.000000 1.000000 0.000000
0.993590 0.113044 0.000000 51.105002 -0.113044 0.993590 0.000000 -3.705604 0.000000 0.000000 1.000000 0.000000
0.993668 0.112359 0.000000 51.528790 -0.112359 0.993668 0.000000 -3.752500 0.000000 0.000000 1.000000 0.000000
0.993802 0.111167 0.000000 51.977851 -0.111167 0.993802 0.000000 -3.805040 0.000000 0.000000 1.000000 0.000000
0.993772 0.111430 0.000000 52.418550 -0.111430 0.993772 0.000000 -3.855417 0.000000 0.000000 1.000000 0.000000
0.994073 0.108711 0.000000 52.837790 -0.108711 0.994073 0.000000 -3.909693 0.000000 0.000000 1.000000 0.000000
0.994248 0.107101 0.000000 53.260543 -0.107101 0.994248 0.000000 -3.956386 0.000000 0.000000 1.000000 0.000000
0.994089 0.108571 0.000000 53.979059 -0.108571 0.994089 0.000000 -4.032886 0.000000 0.000000 1.000000 0.000000
0.994020 0.109198 0.000000 54.361795 -0.109198 0.994020 0.000000 -4.072831 0.000000 0.000000 1.000000 0.000000
0.993979 0.109568 0.000000 54.793989 -0.109568 0.993979 0.000000 -4.121716 0.000000 0.000000 1.000000 0.000000
0.993920 0.110105 0.000000 55.189382 -0.110105 0.993920 0.000000 -4.165797 0.000000 0.000000 1.000000 0.000000
0.993845 0.110779 0.000000 55.578920 -0.110779 0.993845 0.000000 -4.209460 0.000000 0.000000 1.000000 0.000000
0.993727 0.111831 0.000000 55.964133 -0.111831 0.993727 0.000000 -4.254903 0.000000 0.000000 1.000000 0.000000
0.993901 0.110274 0.000000 56.334802 -0.110274 0.993901 0.000000 -4.309214 0.000000 0.000000 1.000000 0.000000
0.993781 0.111349 0.000000 56.700415 -0.111349 0.993781 0.000000 -4.344485 0.000000 0.000000 1.000000 0.000000
0.993586 0.113081 0.000000 57.059071 -0.113081 0.993586 0.000000 -4.379782 0.000000 0.000000 1.000000 0.000000
0.993299 0.115569 0.000000 57.419525 -0.115569 0.993299 0.000000 -4.419500 0.000000 0.000000 1.000000 0.000000
0.993061 0.117599 0.000000 58.089297 -0.117599 0.993061 0.000000 -4.514124 0.000000 0.000000 1.000000 0.000000
0.993092 0.117338 0.000000 58.427680 -0.117338 0.993092 0.000000 -4.554954 0.000000 0.000000 1.000000 0.000000
0.993180 0.116589 0.000000 58.740994 -0.116589 0.993180 0.000000 -4.597894 0.000000 0.000000 1.000000 0.000000
0.993022 0.117930 0.000000 59.072608 -0.117930 0.993022 0.000000 -4.640515 0.000000 0.000000 1.000000 0.000000
0.992822 0.119600 0.000000 59.400303 -0.119600 0.992822 0.000000 -4.679523 0.000000 0.000000 1.000000 0.000000
0.992659 0.120943 0.000000 59.696420 -0.120943 0.992659 0.000000 -4.711951 0.000000 0.000000 1.000000 0.000000
0.992302 0.123845 0.000000 60.020068 -0.123845 0.992302 0.000000 -4.748471 0.000000 0.000000 1.000000 0.000000
0.992384 0.123180 0.000000 60.337377 -0.123180 0.992384 0.000000 -4.796608 0.000000 0.000000 1.000000 0.000000
0.992544 0.121890 0.000000 60.849520 -0.121890 0.992544 0.000000 -4.866707 0.000000 0.000000 1.000000 0.000000
0.992360 0.123378 0.000000 61.151905 -0.123378 0.992360 0.000000 -4.904697 0.000000 0.000000 1.000000 0.000000
0.992071 0.125676 0.000000 61.450032 -0.125676 0.992071 0.000000 -4.939474 0.000000 0.000000 1.000000 0.000000
0.991990 0.126315 0.000000 61.761488 -0.126315 0.991990 0.000000 -4.985944 0.000000 0.000000 1.000000 0.000000
0.991760 0.128107 0.000000 62.052322 -0.128107 0.991760 0.000000 -5.025400 0.000000 0.000000 1.000000 0.000000
0.991721 0.128409 0.000000 62.317500 -0.128409 0.991721 0.000000 -5.068153 0.000000 0.000000 1.000000 0.000000
0.991503 0.130087 0.000000 62.616818 -0.130087 0.991503 0.000000 -5.104943 0.000000 0.000000 1.000000 0.000000
0.991423 0.130690 0.000000 62.893130 -0.130690 0.991423 0.000000 -5.143345 0.000000 0.000000 1.000000 0.000000
0.991189 0.132455 0.000000 63.161242 -0.132455 0.991189 0.000000 -5.183004 0.000000 0.000000 1.000000 0.000000
0.991146 0.132778 0.000000 63.610242 -0.132778 0.991146 0.000000 -5.253251 0.000000 0.000000 1.000000 0.000000
0.991000 0.133863 0.000000 63.855307 -0.133863 0.991000 0.000000 -5.286860 0.000000 0.000000 1.000000 0.000000
0.990928 0.134390 0.000000 64.139781 -0.134390 0.990928 0.000000 -5.325785 0.000000 0.000000 1.000000 0.000000
0.990880 0.134747 0.000000 64.407630 -0.134747 0.990880 0.000000 -5.365031 0.000000 0.000000 1.000000 0.000000
0.990832 0.135097 0.000000 64.670851 -0.135097 0.990832 0.000000 -5.404792 0.000000 0.000000 1.000000 0.000000
0.990737 0.135798 0.000000 64.936076 -0.135798 0.990737 0.000000 -5.443509 0.000000 0.000000 1.000000 0.000000
0.990779 0.135491 0.000000 65.193619 -0.135491 0.990779 0.000000 -5.481434 0.000000 0.000000 1.000000 0.000000
0.990421 0.138078 0.000000 65.456367 -0.138078 0.990421 0.000000 -5.522541 0.000000 0.000000 1.000000 0.000000
0.990259 0.139236 0.000000 65.706828 -0.139236 0.990259 0.000000 -5.557745 0.000000 0.000000 1.000000 0.000000
0.990103 0.140339 0.000000 65.975033 -0.140339 0.990103 0.000000 -5.595125 0.000000 0.000000 1.000000 0.000000
0.990069 0.140584 0.000000 66.224257 -0.140584 0.990069 0.000000 -5.632193 0.000000 0.000000 1.000000 0.000000
0.989858 0.142059 0.000000 66.482158 -0.142059 0.989858 0.000000 -5.671146 0.000000 0.000000 1.000000 0.000000
0.989637 0.143590 0.000000 66.918746 -0.143590 0.989637 0.000000 -5.742646 0.000000 0.000000 1.000000 0.000000
0.989621 0.143703 0.000000 67.191835 -0.143703 0.989621 0.000000 -5.785370 0.000000 0.000000 1.000000 0.000000
0.989460 0.144809 0.000000 67.468264 -0.144809 0.989460 0.000000 -5.828819 0.000000 0.000000 1.000000 0.000000
0.989375 0.145387 0.000000 67.741608 -0.145387 0.989375 0.000000 -5.872817 0.000000 0.000000 1.000000 0.000000
0.989256 0.146191 0.000000 68.018534 -0.146191 0.989256 0.000000 -5.918053 0.000000 0.000000 1.000000 0.000000
0.989165 0.146805 0.000000 68.312523 -0.146805 0.989165 0.000000 -5.967419 0.000000 0.000000 1.000000 0.000000
0.989160 0.146839 0.000000 68.572992 -0.146839 0.989160 0.000000 -6.010834 0.000000 0.000000 1.000000 0.000000
0.988793 0.149294 0.000000 68.865106 -0.149294 0.988793 0.000000 -6.047765 0.000000 0.000000 1.000000 0.000000
0.988628 0.150383 0.000000 69.144819 -0.150383 0.988628 0.000000 -6.095032 0.000000 0.000000 1.000000 0.000000
0.988574 0.150739 0.000000 69.409119 -0.150739 0.988574 0.000000 -6.139388 0.000000 0.000000 1.000000 0.000000
0.988151 0.153488 0.000000 69.693289 -0.153488 0.988151 0.000000 -6.182879 0.000000 0.000000 1.000000 0.000000
0.988101 0.153804 0.000000 69.961729 -0.153804 0.988101 0.000000 -6.229301 0.000000 0.000000 1.000000 0.000000
0.986856 0.161601 0.000000 70.749209 -0.161601 0.986856 0.000000 -6.328175 0.000000 0.000000 1.000000 0.000000
0.986379 0.164488 0.000000 71.036717 -0.164488 0.986379 0.000000 -6.372174 0.000000 0.000000 1.000000 0.000000
0.986119 0.166037 0.000000 71.328147 -0.166037 0.986119 0.000000 -6.421630 0.000000 0.000000 1.000000 0.000000
0.986371 0.164539 0.000000 71.616816 -0.164539 0.986371 0.000000 -6.480143 0.000000 0.000000 1.000000 0.000000
0.986217 0.165455 0.000000 71.911510 -0.165455 0.986217 0.000000 -6.527126 0.000000 0.000000 1.000000 0.000000
0.985552 0.169371 0.000000 72.503639 -0.169371 0.985552 0.000000 -6.633275 0.000000 0.000000 1.000000 0.000000
0.985527 0.169516 0.000000 72.805253 -0.169516 0.985527 0.000000 -6.688100 0.000000 0.000000 1.000000 0.000000
0.985388 0.170323 0.000000 73.095258 -0.170323 0.985388 0.000000 -6.742093 0.000000 0.000000 1.000000 0.000000
0.984521 0.175265 0.000000 73.564868 -0.175265 0.984521 0.000000 -6.818550 0.000000 0.000000 1.000000 0.000000
0.983511 0.180850 0.000000 73.886691 -0.180850 0.983511 0.000000 -6.873637 0.000000 0.000000 1.000000 0.000000
0.980163 0.198193 0.000000 74.418641 -0.198193 0.980163 0.000000 -6.976342 0.000000 0.000000 1.000000 0.000000
0.980038 0.198811 0.000000 74.750836 -0.198811 0.980038 0.000000 -7.044644 0.000000 0.000000 1.000000 0.000000
0.978917 0.204257 0.000000 75.090853 -0.204257 0.978917 0.000000 -7.090916 0.000000 0.000000 1.000000 0.000000
0.978747 0.205073 0.000000 75.419657 -0.205073 0.978747 0.000000 -7.162229 0.000000 0.000000 1.000000 0.000000
0.978433 0.206564 0.000000 75.777832 -0.206564 0.978433 0.000000 -7.239828 0.000000 0.000000 1.000000 0.000000
0.977780 0.209636 0.000000 76.350672 -0.209636 0.977780 0.000000 -7.371904 0.000000 0.000000 1.000000 0.000000
0.977833 0.209387 0.000000 76.699437 -0.209387 0.977833 0.000000 -7.451628 0.000000 0.000000 1.000000 0.000000
0.977733 0.209852 0.000000 77.081356 -0.209852 0.977733 0.000000 -7.531643 0.000000 0.000000 1.000000 0.000000
0.977701 0.210001 0.000000 77.438438 -0.210001 0.977701 0.000000 -7.614373 0.000000 0.000000 1.000000 0.000000
0.977675 0.210121 0.000000 78.095516 -0.210121 0.977675 0.000000 -7.750082 0.000000 0.000000 1.000000 0.000000
0.978598 0.205783 0.000000 78.760741 -0.205783 0.978598 0.000000 -7.914957 0.000000 0.000000 1.000000 0.000000
0.978966 0.204023 0.000000 79.149554 -0.204023 0.978966 0.000000 -7.993986 0.000000 0.000000 1.000000 0.000000
0.978478 0.206352 0.000000 79.573811 -0.206352 0.978478 0.000000 -8.077747 0.000000 0.000000 1.000000 0.000000
0.978291 0.207236 0.000000 79.970987 -0.207236 0.978291 0.000000 -8.171144 0.000000 0.000000 1.000000 0.000000
0.977990 0.208651 0.000000 80.404758 -0.208651 0.977990 0.000000 -8.269874 0.000000 0.000000 1.000000 0.000000
0.978232 0.207515 0.000000 80.811069 -0.207515 0.978232 0.000000 -8.361010 0.000000 0.000000 1.000000 0.000000
0.979017 0.203780 0.000000 81.262808 -0.203780 0.979017 0.000000 -8.465648 0.000000 0.000000 1.000000 0.000000
0.979118 0.203292 0.000000 81.954749 -0.203292 0.979118 0.000000 -8.603725 0.000000 0.000000 1.000000 0.000000
0.979605 0.200935 0.000000 82.773654 -0.200935 0.979605 0.000000 -8.783589 0.000000 0.000000 1.000000 0.000000
0.979110 0.203331 0.000000 83.248010 -0.203331 0.979110 0.000000 -8.884089 0.000000 0.000000 1.000000 0.000000
0.978476 0.206362 0.000000 83.727848 -0.206362 0.978476 0.000000 -8.989950 0.000000 0.000000 1.000000 0.000000
0.977418 0.211315 0.000000 84.197547 -0.211315 0.977418 0.000000 -9.076069 0.000000 0.000000 1.000000 0.000000
0.977453 0.211154 0.000000 84.705666 -0.211154 0.977453 0.000000 -9.194964 0.000000 0.000000 1.000000 0.000000
0.976443 0.215775 0.000000 85.156558 -0.215775 0.976443 0.000000 -9.284443 0.000000 0.000000 1.000000 0.000000
0.975664 0.219273 0.000000 85.662158 -0.219273 0.975664 0.000000 -9.394490 0.000000 0.000000 1.000000 0.000000
0.974964 0.222365 0.000000 86.175248 -0.222365 0.974964 0.000000 -9.512324 0.000000 0.000000 1.000000 0.000000
0.974294 0.225281 0.000000 86.694684 -0.225281 0.974294 0.000000 -9.634237 0.000000 0.000000 1.000000 0.000000
0.973805 0.227384 0.000000 87.183122 -0.227384 0.973805 0.000000 -9.753745 0.000000 0.000000 1.000000 0.000000
0.973131 0.230251 0.000000 87.712142 -0.230251 0.973131 0.000000 -9.880010 0.000000 0.000000 1.000000 0.000000
0.972994 0.230828 0.000000 88.668078 -0.230828 0.972994 0.000000 -10.130894 0.000000 0.000000 1.000000 0.000000
0.972941 0.231053 0.000000 89.206440 -0.231053 0.972941 0.000000 -10.267296 0.000000 0.000000 1.000000 0.000000
0.972130 0.234441 0.000000 89.751981 -0.234441 0.972130 0.000000 -10.383244 0.000000 0.000000 1.000000 0.000000
0.971021 0.238995 0.000000 90.299982 -0.238995 0.971021 0.000000 -10.519699 0.000000 0.000000 1.000000 0.000000
0.971010 0.239038 0.000000 90.855261 -0.239038 0.971010 0.000000 -10.668823 0.000000 0.000000 1.000000 0.000000
0.970333 0.241771 0.000000 91.707167 -0.241771 0.970333 0.000000 -10.881402 0.000000 0.000000 1.000000 0.000000
0.969118 0.246597 0.000000 92.233684 -0.246597 0.969118 0.000000 -11.014289 0.000000 0.000000 1.000000 0.000000
0.967243 0.253851 0.000000 93.344661 -0.253851 0.967243 0.000000 -11.300157 0.000000 0.000000 1.000000 0.000000
0.965994 0.258565 0.000000 94.076479 -0.258565 0.965994 0.000000 -11.489348 0.000000 0.000000 1.000000 0.000000
0.964674 0.263447 0.000000 94.654448 -0.263447 0.964674 0.000000 -11.650712 0.000000 0.000000 1.000000 0.000000
0.963202 0.268780 0.000000 95.231776 -0.268780 0.963202 0.000000 -11.820216 0.000000 0.000000 1.000000 0.000000
0.962636 0.270799 0.000000 95.817470 -0.270799 0.962636 0.000000 -11.982082 0.000000 0.000000 1.000000 0.000000
0.962273 0.272087 0.000000 96.403849 -0.272087 0.962273 0.000000 -12.149714 0.000000 0.000000 1.000000 0.000000
0.961537 0.274675 0.000000 97.020970 -0.274675 0.961537 0.000000 -12.330446 0.000000 0.000000 1.000000 0.000000
0.960519 0.278214 0.000000 97.583401 -0.278214 0.960519 0.000000 -12.497339 0.000000 0.000000 1.000000 0.000000
0.960011 0.279962 0.000000 98.166223 -0.279962 0.960011 0.000000 -12.670218 0.000000 0.000000 1.000000 0.000000
0.961074 0.276293 0.000000 98.761491 -0.276293 0.961074 0.000000 -12.848171 0.000000 0.000000 1.000000 0.000000
0.961800 0.273752 0.000000 99.319610 -0.273752 0.961800 0.000000 -13.016018 0.000000 0.000000 1.000000 0.000000
0.962355 0.271795 0.000000 100.216389 -0.271795 0.962355 0.000000 -13.106831 0.000000 0.000000 1.000000 0.000000
0.962071 0.272799 0.000000 100.816651 -0.272799 0.962071 0.000000 -13.283003 0.000000 0.000000 1.000000 0.000000
0.962021 0.272976 0.000000 101.377831 -0.272976 0.962021 0.000000 -13.443479 0.000000 0.000000 1.000000 0.000000
0.961649 0.274283 0.000000 102.457113 -0.274283 0.961649 0.000000 -13.760130 0.000000 0.000000 1.000000 0.000000
0.961533 0.274691 0.000000 103.108876 -0.274691 0.961533 0.000000 -13.963086 0.000000 0.000000 1.000000 0.000000
0.960898 0.276904 0.000000 103.715718 -0.276904 0.960898 0.000000 -14.138564 0.000000 0.000000 1.000000 0.000000
0.960005 0.279983 0.000000 104.333902 -0.279983 0.960005 0.000000 -14.324034 0.000000 0.000000 1.000000 0.000000
0.960407 0.278600 0.000000 104.933292 -0.278600 0.960407 0.000000 -14.513304 0.000000 0.000000 1.000000 0.000000
0.960383 0.278685 0.000000 105.542564 -0.278685 0.960383 0.000000 -14.688516 0.000000 0.000000 1.000000 0.000000
0.960395 0.278641 0.000000 106.123258 -0.278641 0.960395 0.000000 -14.860196 0.000000 0.000000 1.000000 0.000000
0.960357 0.278773 0.000000 106.746841 -0.278773 0.960357 0.000000 -15.043586 0.000000 0.000000 1.000000 0.000000
0.959875 0.280429 0.000000 107.328808 -0.280429 0.959875 0.000000 -15.227257 0.000000 0.000000 1.000000 0.000000
0.959056 0.283218 0.000000 107.959759 -0.283218 0.959056 0.000000 -15.427143 0.000000 0.000000 1.000000 0.000000
0.958707 0.284397 0.000000 108.583159 -0.284397 0.958707 0.000000 -15.619552 0.000000 0.000000 1.000000 0.000000
0.958955 0.283557 0.000000 109.213799 -0.283557 0.958955 0.000000 -15.819145 0.000000 0.000000 1.000000 0.000000
0.958922 0.283669 0.000000 110.005353 -0.283669 0.958922 0.000000 -16.056801 0.000000 0.000000 1.000000 0.000000
0.957519 0.288370 0.000000 110.603754 -0.288370 0.957519 0.000000 -16.219428 0.000000 0.000000 1.000000 0.000000
0.957466 0.288547 0.000000 111.238425 -0.288547 0.957466 0.000000 -16.444031 0.000000 0.000000 1.000000 0.000000
0.957553 0.288257 0.000000 112.246928 -0.288257 0.957553 0.000000 -16.761621 0.000000 0.000000 1.000000 0.000000
0.957478 0.288506 0.000000 112.885993 -0.288506 0.957478 0.000000 -16.969743 0.000000 0.000000 1.000000 0.000000
0.956699 0.291080 0.000000 113.529218 -0.291080 0.956699 0.000000 -17.178155 0.000000 0.000000 1.000000 0.000000
0.956405 0.292044 0.000000 114.170774 -0.292044 0.956405 0.000000 -17.394934 0.000000 0.000000 1.000000 0.000000
0.956282 0.292446 0.000000 114.797443 -0.292446 0.956282 0.000000 -17.602435 0.000000 0.000000 1.000000 0.000000
0.956663 0.291199 0.000000 115.436799 -0.291199 0.956663 0.000000 -17.817099 0.000000 0.000000 1.000000 0.000000
0.956736 0.290958 0.000000 116.037077 -0.290958 0.956736 0.000000 -18.011896 0.000000 0.000000 1.000000 0.000000
0.958062 0.286559 0.000000 117.156817 -0.286559 0.958062 0.000000 -18.387514 0.000000 0.000000 1.000000 0.000000
0.958612 0.284715 0.000000 117.799246 -0.284715 0.958612 0.000000 -18.596970 0.000000 0.000000 1.000000 0.000000
0.958897 0.283753 0.000000 118.441849 -0.283753 0.958897 0.000000 -18.804421 0.000000 0.000000 1.000000 0.000000
0.958847 0.283922 0.000000 119.084530 -0.283922 0.958847 0.000000 -19.003402 0.000000 0.000000 1.000000 0.000000
0.959847 0.280524 0.000000 120.393577 -0.280524 0.959847 0.000000 -19.439814 0.000000 0.000000 1.000000 0.000000
0.959468 0.281816 0.000000 120.986906 -0.281816 0.959468 0.000000 -19.625202 0.000000 0.000000 1.000000 0.000000
0.960193 0.279339 0.000000 121.631204 -0.279339 0.960193 0.000000 -19.846933 0.000000 0.000000 1.000000 0.000000
0.959897 0.280351 0.000000 122.234526 -0.280351 0.959897 0.000000 -20.026191 0.000000 0.000000 1.000000 0.000000
0.959237 0.282602 0.000000 122.835638 -0.282602 0.959237 0.000000 -20.207634 0.000000 0.000000 1.000000 0.000000
0.969776 0.243997 0.000000 127.495854 -0.243997 0.969776 0.000000 -21.627319 0.000000 0.000000 1.000000 0.000000
0.972767 0.231784 0.000000 128.123245 -0.231784 0.972767 0.000000 -21.769976 0.000000 0.000000 1.000000 0.000000
0.973792 0.227440 0.000000 128.733453 -0.227440 0.973792 0.000000 -21.926014 0.000000 0.000000 1.000000 0.000000
0.973877 0.227075 0.000000 129.371419 -0.227075 0.973877 0.000000 -22.062459 0.000000 0.000000 1.000000 0.000000
0.974690 0.223559 0.000000 129.974303 -0.223559 0.974690 0.000000 -22.236656 0.000000 0.000000 1.000000 0.000000
0.974369 0.224956 0.000000 130.601735 -0.224956 0.974369 0.000000 -22.359238 0.000000 0.000000 1.000000 0.000000
0.974698 0.223524 0.000000 131.240246 -0.223524 0.974698 0.000000 -22.525629 0.000000 0.000000 1.000000 0.000000
0.974637 0.223791 0.000000 132.056021 -0.223791 0.974637 0.000000 -22.731940 0.000000 0.000000 1.000000 0.000000
0.973968 0.226685 0.000000 132.692814 -0.226685 0.973968 0.000000 -22.883673 0.000000 0.000000 1.000000 0.000000
0.973691 0.227871 0.000000 133.331055 -0.227871 0.973691 0.000000 -23.028661 0.000000 0.000000 1.000000 0.000000
0.974017 0.226476 0.000000 134.256137 -0.226476 0.974017 0.000000 -23.259840 0.000000 0.000000 1.000000 0.000000
0.974158 0.225867 0.000000 134.886863 -0.225867 0.974158 0.000000 -23.420303 0.000000 0.000000 1.000000 0.000000
0.974396 0.224840 0.000000 135.515577 -0.224840 0.974396 0.000000 -23.577847 0.000000 0.000000 1.000000 0.000000
0.974599 0.223958 0.000000 136.138005 -0.223958 0.974599 0.000000 -23.736388 0.000000 0.000000 1.000000 0.000000
0.974452 0.224597 0.000000 136.764665 -0.224597 0.974452 0.000000 -23.888913 0.000000 0.000000 1.000000 0.000000
0.974269 0.225388 0.000000 137.683321 -0.225388 0.974269 0.000000 -24.122407 0.000000 0.000000 1.000000 0.000000
0.973954 0.226745 0.000000 138.285504 -0.226745 0.973954 0.000000 -24.269448 0.000000 0.000000 1.000000 0.000000
0.973566 0.228406 0.000000 138.903286 -0.228406 0.973566 0.000000 -24.425401 0.000000 0.000000 1.000000 0.000000
0.972907 0.231197 0.000000 139.479154 -0.231197 0.972907 0.000000 -24.569305 0.000000 0.000000 1.000000 0.000000
0.972622 0.232393 0.000000 140.276081 -0.232393 0.972622 0.000000 -24.780244 0.000000 0.000000 1.000000 0.000000
0.972678 0.232158 0.000000 140.886289 -0.232158 0.972678 0.000000 -24.937841 0.000000 0.000000 1.000000 0.000000
0.972916 0.231161 0.000000 141.497534 -0.231161 0.972916 0.000000 -25.094588 0.000000 0.000000 1.000000 0.000000
0.973563 0.228418 0.000000 142.100718 -0.228418 0.973563 0.000000 -25.248311 0.000000 0.000000 1.000000 0.000000
0.973634 0.228116 0.000000 142.708667 -0.228116 0.973634 0.000000 -25.400731 0.000000 0.000000 1.000000 0.000000
0.974768 0.223221 0.000000 143.868703 -0.223221 0.974768 0.000000 -25.702404 0.000000 0.000000 1.000000 0.000000
0.974146 0.225918 0.000000 144.428364 -0.225918 0.974146 0.000000 -25.825617 0.000000 0.000000 1.000000 0.000000
0.974435 0.224671 0.000000 145.021754 -0.224671 0.974435 0.000000 -25.970047 0.000000 0.000000 1.000000 0.000000
0.974270 0.225386 0.000000 145.610702 -0.225386 0.974270 0.000000 -26.114830 0.000000 0.000000 1.000000 0.000000
0.974387 0.224877 0.000000 146.156258 -0.224877 0.974387 0.000000 -26.264559 0.000000 0.000000 1.000000 0.000000
0.975318 0.220805 0.000000 146.752641 -0.220805 0.975318 0.000000 -26.409858 0.000000 0.000000 1.000000 0.000000
0.975636 0.219396 0.000000 147.474791 -0.219396 0.975636 0.000000 -26.588604 0.000000 0.000000 1.000000 0.000000
0.975895 0.218239 0.000000 148.060606 -0.218239 0.975895 0.000000 -26.736106 0.000000 0.000000 1.000000 0.000000
0.976012 0.217718 0.000000 148.603609 -0.217718 0.976012 0.000000 -26.873450 0.000000 0.000000 1.000000 0.000000
0.975634 0.219406 0.000000 149.191636 -0.219406 0.975634 0.000000 -27.014702 0.000000 0.000000 1.000000 0.000000
0.975434 0.220292 0.000000 149.772001 -0.220292 0.975434 0.000000 -27.155958 0.000000 0.000000 1.000000 0.000000
0.975348 0.220674 0.000000 150.311044 -0.220674 0.975348 0.000000 -27.287551 0.000000 0.000000 1.000000 0.000000
0.976100 0.217323 0.000000 150.892010 -0.217323 0.976100 0.000000 -27.429835 0.000000 0.000000 1.000000 0.000000
0.975921 0.218125 0.000000 151.434198 -0.218125 0.975921 0.000000 -27.560217 0.000000 0.000000 1.000000 0.000000
0.975533 0.219855 0.000000 152.004657 -0.219855 0.975533 0.000000 -27.699254 0.000000 0.000000 1.000000 0.000000
0.974972 0.222327 0.000000 152.576298 -0.222327 0.974972 0.000000 -27.836673 0.000000 0.000000 1.000000 0.000000
0.974143 0.225934 0.000000 153.316285 -0.225934 0.974143 0.000000 -28.008749 0.000000 0.000000 1.000000 0.000000
0.973758 0.227587 0.000000 153.854334 -0.227587 0.973758 0.000000 -28.137079 0.000000 0.000000 1.000000 0.000000
0.973369 0.229243 0.000000 154.424113 -0.229243 0.973369 0.000000 -28.276427 0.000000 0.000000 1.000000 0.000000
0.973171 0.230082 0.000000 154.957075 -0.230082 0.973171 0.000000 -28.408334 0.000000 0.000000 1.000000 0.000000
0.973638 0.228100 0.000000 155.519839 -0.228100 0.973638 0.000000 -28.548438 0.000000 0.000000 1.000000 0.000000
0.973600 0.228263 0.000000 156.052079 -0.228263 0.973600 0.000000 -28.674661 0.000000 0.000000 1.000000 0.000000
0.973626 0.228151 0.000000 156.780111 -0.228151 0.973626 0.000000 -28.854724 0.000000 0.000000 1.000000 0.000000
0.972656 0.232252 0.000000 157.332985 -0.232252 0.972656 0.000000 -28.905954 0.000000 0.000000 1.000000 0.000000
0.972325 0.233632 0.000000 157.892955 -0.233632 0.972325 0.000000 -29.052199 0.000000 0.000000 1.000000 0.000000
0.973036 0.230652 0.000000 158.411133 -0.230652 0.973036 0.000000 -29.181137 0.000000 0.000000 1.000000 0.000000
0.973113 0.230327 0.000000 158.974063 -0.230327 0.973113 0.000000 -29.316582 0.000000 0.000000 1.000000 0.000000
0.973032 0.230669 0.000000 159.496731 -0.230669 0.973032 0.000000 -29.448273 0.000000 0.000000 1.000000 0.000000
0.972449 0.233116 0.000000 160.253700 -0.233116 0.972449 0.000000 -29.628860 0.000000 0.000000 1.000000 0.000000
0.973300 0.229536 0.000000 160.806355 -0.229536 0.973300 0.000000 -29.781285 0.000000 0.000000 1.000000 0.000000
0.974067 0.226261 0.000000 161.364232 -0.226261 0.974067 0.000000 -29.923777 0.000000 0.000000 1.000000 0.000000
0.974824 0.222976 0.000000 161.918922 -0.222976 0.974824 0.000000 -30.067583 0.000000 0.000000 1.000000 0.000000
0.974793 0.223110 0.000000 162.475437 -0.223110 0.974793 0.000000 -30.187411 0.000000 0.000000 1.000000 0.000000
0.974887 0.222700 0.000000 163.032260 -0.222700 0.974887 0.000000 -30.337443 0.000000 0.000000 1.000000 0.000000
0.975732 0.218966 0.000000 163.587723 -0.218966 0.975732 0.000000 -30.487912 0.000000 0.000000 1.000000 0.000000
0.976716 0.214538 0.000000 164.112711 -0.214538 0.976716 0.000000 -30.622052 0.000000 0.000000 1.000000 0.000000
0.977056 0.212981 0.000000 164.664757 -0.212981 0.977056 0.000000 -30.763928 0.000000 0.000000 1.000000 0.000000
0.977505 0.210913 0.000000 165.229937 -0.210913 0.977505 0.000000 -30.904559 0.000000 0.000000 1.000000 0.000000
0.977815 0.209470 0.000000 165.750997 -0.209470 0.977815 0.000000 -31.034263 0.000000 0.000000 1.000000 0.000000
0.978635 0.205604 0.000000 166.309445 -0.205604 0.978635 0.000000 -31.176316 0.000000 0.000000 1.000000 0.000000
0.978864 0.204513 0.000000 166.836805 -0.204513 0.978864 0.000000 -31.295432 0.000000 0.000000 1.000000 0.000000
0.979993 0.199034 0.000000 167.396998 -0.199034 0.979993 0.000000 -31.433605 0.000000 0.000000 1.000000 0.000000
0.981176 0.193114 0.000000 167.951405 -0.193114 0.981176 0.000000 -31.564340 0.000000 0.000000 1.000000 0.000000
0.982212 0.187773 0.000000 168.519172 -0.187773 0.982212 0.000000 -31.696948 0.000000 0.000000 1.000000 0.000000
0.983086 0.183143 0.000000 169.042471 -0.183143 0.983086 0.000000 -31.811292 0.000000 0.000000 1.000000 0.000000
0.984119 0.177509 0.000000 169.601296 -0.177509 0.984119 0.000000 -31.933744 0.000000 0.000000 1.000000 0.000000
0.985211 0.171346 0.000000 170.115618 -0.171346 0.985211 0.000000 -32.044926 0.000000 0.000000 1.000000 0.000000
0.986020 0.166626 0.000000 170.678932 -0.166626 0.986020 0.000000 -32.161855 0.000000 0.000000 1.000000 0.000000
0.986642 0.162905 0.000000 171.412489 -0.162905 0.986642 0.000000 -32.294898 0.000000 0.000000 1.000000 0.000000
0.987228 0.159315 0.000000 171.968424 -0.159315 0.987228 0.000000 -32.403875 0.000000 0.000000 1.000000 0.000000
0.987192 0.159538 0.000000 172.483734 -0.159538 0.987192 0.000000 -32.506590 0.000000 0.000000 1.000000 0.000000
0.987444 0.157972 0.000000 173.045130 -0.157972 0.987444 0.000000 -32.612301 0.000000 0.000000 1.000000 0.000000
0.987962 0.154697 0.000000 173.751633 -0.154697 0.987962 0.000000 -32.740668 0.000000 0.000000 1.000000 0.000000
0.988979 0.148054 0.000000 174.859312 -0.148054 0.988979 0.000000 -32.944360 0.000000 0.000000 1.000000 0.000000
0.989579 0.143993 0.000000 175.413681 -0.143993 0.989579 0.000000 -33.032689 0.000000 0.000000 1.000000 0.000000
0.989592 0.143901 0.000000 175.965253 -0.143901 0.989592 0.000000 -33.121327 0.000000 0.000000 1.000000 0.000000
0.990010 0.140998 0.000000 176.516503 -0.140998 0.990010 0.000000 -33.212091 0.000000 0.000000 1.000000 0.000000
0.990392 0.138290 0.000000 177.066857 -0.138290 0.990392 0.000000 -33.296991 0.000000 0.000000 1.000000 0.000000
0.990344 0.138633 0.000000 177.616338 -0.138633 0.990344 0.000000 -33.372878 0.000000 0.000000 1.000000 0.000000
0.990396 0.138257 0.000000 178.188274 -0.138257 0.990396 0.000000 -33.465470 0.000000 0.000000 1.000000 0.000000
0.990337 0.138680 0.000000 178.735582 -0.138680 0.990337 0.000000 -33.546928 0.000000 0.000000 1.000000 0.000000
0.990127 0.140174 0.000000 179.244217 -0.140174 0.990127 0.000000 -33.633375 0.000000 0.000000 1.000000 0.000000
0.990099 0.140374 0.000000 179.747905 -0.140374 0.990099 0.000000 -33.711609 0.000000 0.000000 1.000000 0.000000
0.990314 0.138844 0.000000 180.290134 -0.138844 0.990314 0.000000 -33.794194 0.000000 0.000000 1.000000 0.000000
0.990593 0.136841 0.000000 180.793945 -0.136841 0.990593 0.000000 -33.870017 0.000000 0.000000 1.000000 0.000000
0.990886 0.134704 0.000000 181.335667 -0.134704 0.990886 0.000000 -33.946134 0.000000 0.000000 1.000000 0.000000
0.990868 0.134837 0.000000 181.841112 -0.134837 0.990868 0.000000 -34.023306 0.000000 0.000000 1.000000 0.000000
0.990963 0.134138 0.000000 182.379104 -0.134138 0.990963 0.000000 -34.106198 0.000000 0.000000 1.000000 0.000000
0.991451 0.130477 0.000000 182.881465 -0.130477 0.991451 0.000000 -34.180849 0.000000 0.000000 1.000000 0.000000
0.991830 0.127570 0.000000 183.417384 -0.127570 0.991830 0.000000 -34.256415 0.000000 0.000000 1.000000 0.000000
0.991940 0.126708 0.000000 183.911373 -0.126708 0.991940 0.000000 -34.322993 0.000000 0.000000 1.000000 0.000000
0.991904 0.126987 0.000000 184.445355 -0.126987 0.991904 0.000000 -34.391922 0.000000 0.000000 1.000000 0.000000
0.991800 0.127797 0.000000 184.939492 -0.127797 0.991800 0.000000 -34.448628 0.000000 0.000000 1.000000 0.000000
0.991847 0.127436 0.000000 185.465127 -0.127436 0.991847 0.000000 -34.527644 0.000000 0.000000 1.000000 0.000000
0.992494 0.122296 0.000000 186.116822 -0.122296 0.992494 0.000000 -34.619106 0.000000 0.000000 1.000000 0.000000
0.993073 0.117500 0.000000 186.645219 -0.117500 0.993073 0.000000 -34.696926 0.000000 0.000000 1.000000 0.000000
0.993240 0.116076 0.000000 187.165550 -0.116076 0.993240 0.000000 -34.763896 0.000000 0.000000 1.000000 0.000000
0.993756 0.111572 0.000000 187.654646 -0.111572 0.993756 0.000000 -34.829588 0.000000 0.000000 1.000000 0.000000
0.994268 0.106914 0.000000 188.371595 -0.106914 0.994268 0.000000 -34.923716 0.000000 0.000000 1.000000 0.000000
0.994588 0.103900 0.000000 188.889731 -0.103900 0.994588 0.000000 -34.987297 0.000000 0.000000 1.000000 0.000000
0.994627 0.103528 0.000000 189.402836 -0.103528 0.994627 0.000000 -35.050960 0.000000 0.000000 1.000000 0.000000
0.995244 0.097415 0.000000 189.915116 -0.097415 0.995244 0.000000 -35.117673 0.000000 0.000000 1.000000 0.000000
0.995821 0.091332 0.000000 190.427139 -0.091332 0.995821 0.000000 -35.177842 0.000000 0.000000 1.000000 0.000000
0.996478 0.083858 0.000000 191.449465 -0.083858 0.996478 0.000000 -35.260350 0.000000 0.000000 1.000000 0.000000
0.997084 0.076306 0.000000 191.946505 -0.076306 0.997084 0.000000 -35.311047 0.000000 0.000000 1.000000 0.000000
0.997746 0.067102 0.000000 192.446820 -0.067102 0.997746 0.000000 -35.357695 0.000000 0.000000 1.000000 0.000000
0.998193 0.060092 0.000000 192.914947 -0.060092 0.998193 0.000000 -35.390572 0.000000 0.000000 1.000000 0.000000
0.998715 0.050688 0.000000 193.411170 -0.050688 0.998715 0.000000 -35.427263 0.000000 0.000000 1.000000 0.000000
0.999163 0.040915 0.000000 193.878119 -0.040915 0.999163 0.000000 -35.460060 0.000000 0.000000 1.000000 0.000000
0.999738 0.022883 0.000000 194.821317 -0.022883 0.999738 0.000000 -35.518104 0.000000 0.000000 1.000000 0.000000
0.999940 0.010929 0.000000 195.308048 -0.010929 0.999940 0.000000 -35.534606 0.000000 0.000000 1.000000 0.000000
0.999996 0.002703 0.000000 195.760703 -0.002703 0.999996 0.000000 -35.544152 0.000000 0.000000 1.000000 0.000000
0.999907 -0.013605 0.000000 196.454675 0.013605 0.999907 0.000000 -35.555662 0.000000 0.000000 1.000000 0.000000
0.999685 -0.025090 0.000000 196.929178 0.025090 0.999685 0.000000 -35.561559 0.000000 0.000000 1.000000 0.000000
0.999326 -0.036698 0.000000 197.401836 0.036698 0.999326 0.000000 -35.561171 0.000000 0.000000 1.000000 0.000000
0.998965 -0.045481 0.000000 197.839096 0.045481 0.998965 0.000000 -35.557088 0.000000 0.000000 1.000000 0.000000
0.998125 -0.061211 0.000000 198.310358 0.061211 0.998125 0.000000 -35.551427 0.000000 0.000000 1.000000 0.000000
0.997369 -0.072497 0.000000 198.774723 0.072497 0.997369 0.000000 -35.537003 0.000000 0.000000 1.000000 0.000000
0.996496 -0.083641 0.000000 199.205227 0.083641 0.996496 0.000000 -35.520892 0.000000 0.000000 1.000000 0.000000
0.995707 -0.092566 0.000000 199.660894 0.092566 0.995707 0.000000 -35.495063 0.000000 0.000000 1.000000 0.000000
0.994720 -0.102622 0.000000 200.081881 0.102622 0.994720 0.000000 -35.471862 0.000000 0.000000 1.000000 0.000000
0.993516 -0.113690 0.000000 200.532479 0.113690 0.993516 0.000000 -35.440560 0.000000 0.000000 1.000000 0.000000
0.991857 -0.127356 0.000000 200.948791 0.127356 0.991857 0.000000 -35.410339 0.000000 0.000000 1.000000 0.000000
