0.999999 0.001618 0.000000 0.577407 -0.001618 0.999999 0.000000 -0.006648 0.000000 0.000000 1.000000 0.000000
0.999979 0.006481 0.000000 1.111868 -0.006481 0.999979 0.000000 -0.045572 0.000000 0.000000 1.000000 0.000000
0.999979 0.006538 0.000000 1.691630 -0.006538 0.999979 0.000000 -0.036256 0.000000 0.000000 1.000000 0.000000
0.999958 0.009183 0.000000 2.273415 -0.009183 0.999958 0.000000 -0.033814 0.000000 0.000000 1.000000 0.000000
0.999888 0.014990 0.000000 2.810264 -0.014990 0.999888 0.000000 -0.019910 0.000000 0.000000 1.000000 0.000000
0.999837 0.018067 0.000000 3.394608 -0.018067 0.999837 0.000000 -0.040654 0.000000 0.000000 1.000000 0.000000
0.999761 0.021857 0.000000 4.530912 -0.021857 0.999761 0.000000 -0.069334 0.000000 0.000000 1.000000 0.000000
0.999719 0.023685 0.000000 5.111619 -0.023685 0.999719 0.000000 -0.088198 0.000000 0.000000 1.000000 0.000000
0.999686 0.025054 0.000000 5.916743 -0.025054 0.999686 0.000000 -0.109276 0.000000 0.000000 1.000000 0.000000
0.999663 0.025954 0.000000 6.489902 -0.025954 0.999663 0.000000 -0.132471 0.000000 0.000000 1.000000 0.000000
0.999641 0.026805 0.000000 7.074608 -0.026805 0.999641 0.000000 -0.149309 0.000000 0.000000 1.000000 0.000000
0.999614 0.027778 0.000000 7.658651 -0.027778 0.999614 0.000000 -0.171278 0.000000 0.000000 1.000000 0.000000
0.999590 0.028618 0.000000 8.203491 -0.028618 0.999590 0.000000 -0.200441 0.000000 0.000000 1.000000 0.000000
0.999556 0.029786 0.000000 8.783344 -0.029786 0.999556 0.000000 -0.229060 0.000000 0.000000 1.000000 0.000000
0.999503 0.031511 0.000000 9.329682 -0.031511 0.999503 0.000000 -0.251668 0.000000 0.000000 1.000000 0.000000
0.999487 0.032027 0.000000 9.903284 -0.032027 0.999487 0.000000 -0.261964 0.000000 0.000000 1.000000 0.000000
0.999441 0.033425 0.000000 10.465723 -0.033425 0.999441 0.000000 -0.283740 0.000000 0.000000 1.000000 0.000000
0.999404 0.034523 0.000000 11.031305 -0.034523 0.999404 0.000000 -0.302002 0.000000 0.000000 1.000000 0.000000
0.999340 0.036324 0.000000 11.607265 -0.036324 0.999340 0.000000 -0.323993 0.000000 0.000000 1.000000 0.000000
0.999261 0.038449 0.000000 12.357839 -0.038449 0.999261 0.000000 -0.358142 0.000000 0.000000 1.000000 0.000000
0.999216 0.039593 0.000000 12.980426 -0.039593 0.999216 0.000000 -0.378318 0.000000 0.000000 1.000000 0.000000
0.999144 0.041374 0.000000 13.515108 -0.041374 0.999144 0.000000 -0.395054 0.000000 0.000000 1.000000 0.000000
0.999061 0.043329 0.000000 14.129828 -0.043329 0.999061 0.000000 -0.422097 0.000000 0.000000 1.000000 0.000000
0.999020 0.044271 0.000000 14.704119 -0.044271 0.999020 0.000000 -0.453946 0.000000 0.000000 1.000000 0.000000
0.998880 0.047324 0.000000 15.278955 -0.047324 0.998880 0.000000 -0.478287 0.000000 0.000000 1.000000 0.000000
0.998791 0.049149 0.000000 15.854537 -0.049149 0.998791 0.000000 -0.511410 0.000000 0.000000 1.000000 0.000000
0.998661 0.051730 0.000000 16.428606 -0.051730 0.998661 0.000000 -0.544348 0.000000 0.000000 1.000000 0.000000
0.998598 0.052927 0.000000 17.004895 -0.052927 0.998598 0.000000 -0.581719 0.000000 0.000000 1.000000 0.000000
0.998511 0.054544 0.000000 17.577592 -0.054544 0.998511 0.000000 -0.622438 0.000000 0.000000 1.000000 0.000000
0.998352 0.057389 0.000000 18.150193 -0.057389 0.998352 0.000000 -0.661441 0.000000 0.000000 1.000000 0.000000
0.998301 0.058267 0.000000 18.723139 -0.058267 0.998301 0.000000 -0.707990 0.000000 0.000000 1.000000 0.000000
0.998052 0.062389 0.000000 19.270840 -0.062389 0.998052 0.000000 -0.746649 0.000000 0.000000 1.000000 0.000000
0.997973 0.063635 0.000000 19.840122 -0.063635 0.997973 0.000000 -0.783869 0.000000 0.000000 1.000000 0.000000
0.997967 0.063736 0.000000 20.939461 -0.063736 0.997967 0.000000 -0.868584 0.000000 0.000000 1.000000 0.000000
0.998113 0.061397 0.000000 21.874566 -0.061397 0.998113 0.000000 -0.952894 0.000000 0.000000 1.000000 0.000000
0.998056 0.062327 0.000000 22.435135 -0.062327 0.998056 0.000000 -1.001205 0.000000 0.000000 1.000000 0.000000
0.997952 0.063963 0.000000 22.999201 -0.063963 0.997952 0.000000 -1.044042 0.000000 0.000000 1.000000 0.000000
0.998120 0.061290 0.000000 23.562999 -0.061290 0.998120 0.000000 -1.105504 0.000000 0.000000 1.000000 0.000000
0.998262 0.058934 0.000000 24.124269 -0.058934 0.998262 0.000000 -1.156916 0.000000 0.000000 1.000000 0.000000
0.997850 0.065532 0.000000 24.708620 -0.065532 0.997850 0.000000 -1.188361 0.000000 0.000000 1.000000 0.000000
0.997348 0.072777 0.000000 25.265254 -0.072777 0.997348 0.000000 -1.235300 0.000000 0.000000 1.000000 0.000000
0.997134 0.075662 0.000000 26.383615 -0.075662 0.997134 0.000000 -1.384533 0.000000 0.000000 1.000000 0.000000
0.997044 0.076837 0.000000 26.945009 -0.076837 0.997044 0.000000 -1.446133 0.000000 0.000000 1.000000 0.000000
0.997071 0.076483 0.000000 27.506339 -0.076483 0.997071 0.000000 -1.511757 0.000000 0.000000 1.000000 0.000000
0.997195 0.074843 0.000000 28.027800 -0.074843 0.997195 0.000000 -1.569349 0.000000 0.000000 1.000000 0.000000
0.997011 0.077260 0.000000 28.590921 -0.077260 0.997011 0.000000 -1.616245 0.000000 0.000000 1.000000 0.000000
0.996788 0.080084 0.000000 29.490535 -0.080084 0.996788 0.000000 -1.713007 0.000000 0.000000 1.000000 0.000000
0.996791 0.080053 0.000000 30.087497 -0.080053 0.996791 0.000000 -1.769227 0.000000 0.000000 1.000000 0.000000
0.996858 0.079212 0.000000 30.646554 -0.079212 0.996858 0.000000 -1.826126 0.000000 0.000000 1.000000 0.000000
0.996798 0.079961 0.000000 31.207371 -0.079961 0.996798 0.000000 -1.880173 0.000000 0.000000 1.000000 0.000000
0.996781 0.080171 0.000000 31.770346 -0.080171 0.996781 0.000000 -1.925648 0.000000 0.000000 1.000000 0.000000
0.996638 0.081928 0.000000 32.334301 -0.081928 0.996638 0.000000 -1.977625 0.000000 0.000000 1.000000 0.000000
0.996493 0.083679 0.000000 32.886060 -0.083679 0.996493 0.000000 -2.041003 0.000000 0.000000 1.000000 0.000000
0.996413 0.084625 0.000000 33.452972 -0.084625 0.996413 0.000000 -2.086081 0.000000 0.000000 1.000000 0.000000
0.996321 0.085703 0.000000 34.008869 -0.085703 0.996321 0.000000 -2.142515 0.000000 0.000000 1.000000 0.000000
0.996228 0.086770 0.000000 34.528532 -0.086770 0.996228 0.000000 -2.195485 0.000000 0.000000 1.000000 0.000000
0.995708 0.092553 0.000000 35.462621 -0.092553 0.995708 0.000000 -2.280970 0.000000 0.000000 1.000000 0.000000
0.995518 0.094573 0.000000 36.023546 -0.094573 0.995518 0.000000 -2.343339 0.000000 0.000000 1.000000 0.000000
0.995425 0.095543 0.000000 36.582756 -0.095543 0.995425 0.000000 -2.394328 0.000000 0.000000 1.000000 0.000000
0.995207 0.097792 0.000000 37.140079 -0.097792 0.995207 0.000000 -2.447393 0.000000 0.000000 1.000000 0.000000
0.995121 0.098667 0.000000 37.700277 -0.098667 0.995121 0.000000 -2.515580 0.000000 0.000000 1.000000 0.000000
0.995033 0.099543 0.000000 38.257546 -0.099543 0.995033 0.000000 -2.578624 0.000000 0.000000 1.000000 0.000000
0.995019 0.099689 0.000000 38.849958 -0.099689 0.995019 0.000000 -2.642085 0.000000 0.000000 1.000000 0.000000
0.995046 0.099413 0.000000 39.373517 -0.099413 0.995046 0.000000 -2.698240 0.000000 0.000000 1.000000 0.000000
0.995133 0.098539 0.000000 39.924430 -0.098539 0.995133 0.000000 -2.760611 0.000000 0.000000 1.000000 0.000000
0.994973 0.100147 0.000000 40.469991 -0.100147 0.994973 0.000000 -2.797550 0.000000 0.000000 1.000000 0.000000
0.994753 0.102301 0.000000 41.037067 -0.102301 0.994753 0.000000 -2.849664 0.000000 0.000000 1.000000 0.000000
0.994643 0.103372 0.000000 41.554013 -0.103372 0.994643 0.000000 -2.908581 0.000000 0.000000 1.000000 0.000000
0.994732 0.102511 0.000000 42.087054 -0.102511 0.994732 0.000000 -2.966962 0.000000 0.000000 1.000000 0.000000
0.994836 0.101493 0.000000 42.606666 -0.101493 0.994836 0.000000 -3.026246 0.000000 0.000000 1.000000 0.000000
0.994861 0.101247 0.000000 43.559303 -0.101247 0.994861 0.000000 -3.136369 0.000000 0.000000 1.000000 0.000000
0.994710 0.102721 0.000000 44.107356 -0.102721 0.994710 0.000000 -3.192536 0.000000 0.000000 1.000000 0.000000
0.994640 0.103395 0.000000 44.658582 -0.103395 0.994640 0.000000 -3.253465 0.000000 0.000000 1.000000 0.000000
0.993886 0.110409 0.000000 45.750596 -0.110409 0.993886 0.000000 -3.392503 0.000000 0.000000 1.000000 0.000000
0.993332 0.115286 0.000000 46.339319 -0.115286 0.993332 0.000000 -3.551664 0.000000 0.000000 1.000000 0.000000
0.993357 0.115069 0.000000 46.830095 -0.115069 0.993357 0.000000 -3.614634 0.000000 0.000000 1.000000 0.000000
0.993325 0.115349 0.000000 47.850440 -0.115349 0.993325 0.000000 -3.738853 0.000000 0.000000 1.000000 0.000000
0.993340 0.115221 0.000000 48.372846 -0.115221 0.993340 0.000000 -3.799734 0.000000 0.000000 1.000000 0.000000
0.993430 0.114438 0.000000 48.882657 -0.114438 0.993430 0.000000 -3.853029 0.000000 0.000000 1.000000 0.000000
0.993317 0.115418 0.000000 49.371547 -0.115418 0.993317 0.000000 -3.910178 0.000000 0.000000 1.000000 0.000000
0.993422 0.114511 0.000000 50.262585 -0.114511 0.993422 0.000000 -3.977038 0.000000 0.000000 1.000000 0.000000
0.993147 0.116873 0.000000 50.773787 -0.116873 0.993147 0.000000 -4.008862 0.000000 0.000000 1.000000 0.000000
0.992519 0.122093 0.000000 51.266846 -0.122093 0.992519 0.000000 -4.059783 0.000000 0.000000 1.000000 0.000000
0.992193 0.124715 0.000000 51.740881 -0.124715 0.992193 0.000000 -4.141175 0.000000 0.000000 1.000000 0.000000
0.992069 0.125694 0.000000 52.223103 -0.125694 0.992069 0.000000 -4.197680 0.000000 0.000000 1.000000 0.000000
0.991757 0.128133 0.000000 52.695186 -0.128133 0.991757 0.000000 -4.252981 0.000000 0.000000 1.000000 0.000000
0.991390 0.130939 0.000000 53.164460 -0.130939 0.991390 0.000000 -4.311936 0.000000 0.000000 1.000000 0.000000
0.991211 0.132291 0.000000 53.871009 -0.132291 0.991211 0.000000 -4.409299 0.000000 0.000000 1.000000 0.000000
0.991299 0.131626 0.000000 54.293616 -0.131626 0.991299 0.000000 -4.465211 0.000000 0.000000 1.000000 0.000000
0.991438 0.130575 0.000000 54.742444 -0.130575 0.991438 0.000000 -4.523818 0.000000 0.000000 1.000000 0.000000
0.991398 0.130884 0.000000 55.185173 -0.130884 0.991398 0.000000 -4.582123 0.000000 0.000000 1.000000 0.000000
0.991700 0.128577 0.000000 55.624687 -0.128577 0.991700 0.000000 -4.644976 0.000000 0.000000 1.000000 0.000000
0.991934 0.126756 0.000000 56.044581 -0.126756 0.991934 0.000000 -4.699380 0.000000 0.000000 1.000000 0.000000
0.991739 0.128274 0.000000 56.761066 -0.128274 0.991739 0.000000 -4.786655 0.000000 0.000000 1.000000 0.000000
0.991637 0.129060 0.000000 57.142578 -0.129060 0.991637 0.000000 -4.833533 0.000000 0.000000 1.000000 0.000000
0.991587 0.129443 0.000000 57.571550 -0.129443 0.991587 0.000000 -4.892957 0.000000 0.000000 1.000000 0.000000
0.991515 0.129990 0.000000 57.966804 -0.129990 0.991515 0.000000 -4.944329 0.000000 0.000000 1.000000 0.000000
0.991442 0.130550 0.000000 58.359597 -0.130550 0.991442 0.000000 -5.001240 0.000000 0.000000 1.000000 0.000000
0.991296 0.131654 0.000000 58.747239 -0.131654 0.991296 0.000000 -5.052934 0.000000 0.000000 1.000000 0.000000
0.991438 0.130581 0.000000 59.113496 -0.130581 0.991438 0.000000 -5.120372 0.000000 0.000000 1.000000 0.000000
0.991444 0.130530 0.000000 59.487030 -0.130530 0.991444 0.000000 -5.173361 0.000000 0.000000 1.000000 0.000000
0.991218 0.132241 0.000000 59.844719 -0.132241 0.991218 0.000000 -5.214939 0.000000 0.000000 1.000000 0.000000
0.990910 0.134525 0.000000 60.204183 -0.134525 0.990910 0.000000 -5.258513 0.000000 0.000000 1.000000 0.000000
0.990095 0.140397 0.000000 60.902024 -0.140397 0.990095 0.000000 -5.433984 0.000000 0.000000 1.000000 0.000000
0.990158 0.139956 0.000000 61.243454 -0.139956 0.990158 0.000000 -5.481679 0.000000 0.000000 1.000000 0.000000
0.990250 0.139302 0.000000 61.556237 -0.139302 0.990250 0.000000 -5.533417 0.000000 0.000000 1.000000 0.000000
0.990107 0.140312 0.000000 61.888006 -0.140312 0.990107 0.000000 -5.579040 0.000000 0.000000 1.000000 0.000000
0.989868 0.141988 0.000000 62.213970 -0.141988 0.989868 0.000000 -5.625360 0.000000 0.000000 1.000000 0.000000
0.989032 0.147699 0.000000 62.511919 -0.147699 0.989032 0.000000 -5.646569 0.000000 0.000000 1.000000 0.000000
0.988154 0.153468 0.000000 62.825511 -0.153468 0.988154 0.000000 -5.762216 0.000000 0.000000 1.000000 0.000000
0.988255 0.152814 0.000000 63.142593 -0.152814 0.988255 0.000000 -5.818453 0.000000 0.000000 1.000000 0.000000
0.988477 0.151369 0.000000 63.647133 -0.151369 0.988477 0.000000 -5.907059 0.000000 0.000000 1.000000 0.000000
0.988247 0.152864 0.000000 63.949007 -0.152864 0.988247 0.000000 -5.952756 0.000000 0.000000 1.000000 0.000000
0.987874 0.155259 0.000000 64.246937 -0.155259 0.987874 0.000000 -5.997900 0.000000 0.000000 1.000000 0.000000
0.984852 0.173398 0.000000 64.434467 -0.173398 0.984852 0.000000 -6.131490 0.000000 0.000000 1.000000 0.000000
0.984515 0.175298 0.000000 64.721831 -0.175298 0.984515 0.000000 -6.185136 0.000000 0.000000 1.000000 0.000000
0.984427 0.175796 0.000000 64.987299 -0.175796 0.984427 0.000000 -6.238565 0.000000 0.000000 1.000000 0.000000
0.984164 0.177260 0.000000 65.285652 -0.177260 0.984164 0.000000 -6.288193 0.000000 0.000000 1.000000 0.000000
0.984058 0.177846 0.000000 65.558754 -0.177846 0.984058 0.000000 -6.340187 0.000000 0.000000 1.000000 0.000000
0.983713 0.179747 0.000000 65.824217 -0.179747 0.983713 0.000000 -6.393470 0.000000 0.000000 1.000000 0.000000
0.983717 0.179727 0.000000 66.267527 -0.179727 0.983717 0.000000 -6.481892 0.000000 0.000000 1.000000 0.000000
0.983514 0.180834 0.000000 66.509484 -0.180834 0.983514 0.000000 -6.526526 0.000000 0.000000 1.000000 0.000000
0.983400 0.181448 0.000000 66.787023 -0.181448 0.983400 0.000000 -6.578475 0.000000 0.000000 1.000000 0.000000
0.983297 0.182008 0.000000 67.047889 -0.182008 0.983297 0.000000 -6.630261 0.000000 0.000000 1.000000 0.000000
0.983233 0.182356 0.000000 67.308909 -0.182356 0.983233 0.000000 -6.682573 0.000000 0.000000 1.000000 0.000000
0.983100 0.183071 0.000000 67.571021 -0.183071 0.983100 0.000000 -6.734274 0.000000 0.000000 1.000000 0.000000
0.983138 0.182864 0.000000 67.826245 -0.182864 0.983138 0.000000 -6.784404 0.000000 0.000000 1.000000 0.000000
0.982693 0.185241 0.000000 68.088422 -0.185241 0.982693 0.000000 -6.836471 0.000000 0.000000 1.000000 0.000000
0.982360 0.187000 0.000000 68.330447 -0.187000 0.982360 0.000000 -6.887423 0.000000 0.000000 1.000000 0.000000
0.982151 0.188092 0.000000 68.596531 -0.188092 0.982151 0.000000 -6.937741 0.000000 0.000000 1.000000 0.000000
0.982080 0.188462 0.000000 68.843369 -0.188462 0.982080 0.000000 -6.986043 0.000000 0.000000 1.000000 0.000000
0.981799 0.189925 0.000000 69.099081 -0.189925 0.981799 0.000000 -7.037462 0.000000 0.000000 1.000000 0.000000
0.981444 0.191750 0.000000 69.542386 -0.191750 0.981444 0.000000 -7.127945 0.000000 0.000000 1.000000 0.000000
0.981375 0.192103 0.000000 69.813383 -0.192103 0.981375 0.000000 -7.179051 0.000000 0.000000 1.000000 0.000000
0.981158 0.193207 0.000000 70.085863 -0.193207 0.981158 0.000000 -7.235189 0.000000 0.000000 1.000000 0.000000
0.980965 0.194185 0.000000 70.357509 -0.194185 0.980965 0.000000 -7.292719 0.000000 0.000000 1.000000 0.000000
0.980809 0.194971 0.000000 70.630153 -0.194971 0.980809 0.000000 -7.350796 0.000000 0.000000 1.000000 0.000000
0.980671 0.195662 0.000000 70.919442 -0.195662 0.980671 0.000000 -7.414327 0.000000 0.000000 1.000000 0.000000
0.980698 0.195527 0.000000 71.174648 -0.195527 0.980698 0.000000 -7.471475 0.000000 0.000000 1.000000 0.000000
0.980219 0.197918 0.000000 71.462588 -0.197918 0.980219 0.000000 -7.527595 0.000000 0.000000 1.000000 0.000000
0.979993 0.199032 0.000000 71.741854 -0.199032 0.979993 0.000000 -7.588966 0.000000 0.000000 1.000000 0.000000
0.979887 0.199552 0.000000 72.001699 -0.199552 0.979887 0.000000 -7.647098 0.000000 0.000000 1.000000 0.000000
0.979477 0.201557 0.000000 72.294430 -0.201557 0.979477 0.000000 -7.650655 0.000000 0.000000 1.000000 0.000000
0.979359 0.202130 0.000000 72.557424 -0.202130 0.979359 0.000000 -7.715099 0.000000 0.000000 1.000000 0.000000
0.978752 0.205048 0.000000 73.334481 -0.205048 0.978752 0.000000 -7.848691 0.000000 0.000000 1.000000 0.000000
0.978106 0.208105 0.000000 73.625543 -0.208105 0.978106 0.000000 -7.903542 0.000000 0.000000 1.000000 0.000000
0.977695 0.210028 0.000000 73.912509 -0.210028 0.977695 0.000000 -7.971532 0.000000 0.000000 1.000000 0.000000
0.977989 0.208656 0.000000 74.199306 -0.208656 0.977989 0.000000 -8.037245 0.000000 0.000000 1.000000 0.000000
0.977855 0.209283 0.000000 74.488833 -0.209283 0.977855 0.000000 -8.094820 0.000000 0.000000 1.000000 0.000000
0.977205 0.212297 0.000000 75.069680 -0.212297 0.977205 0.000000 -8.237443 0.000000 0.000000 1.000000 0.000000
0.977113 0.212721 0.000000 75.369338 -0.212721 0.977113 0.000000 -8.314826 0.000000 0.000000 1.000000 0.000000
0.977077 0.212888 0.000000 75.656977 -0.212888 0.977077 0.000000 -8.382404 0.000000 0.000000 1.000000 0.000000
0.976082 0.217404 0.000000 76.127063 -0.217404 0.976082 0.000000 -8.482927 0.000000 0.000000 1.000000 0.000000
0.974890 0.222689 0.000000 76.444264 -0.222689 0.974890 0.000000 -8.550769 0.000000 0.000000 1.000000 0.000000
0.973114 0.230326 0.000000 76.979785 -0.230326 0.973114 0.000000 -8.666239 0.000000 0.000000 1.000000 0.000000
0.972972 0.230922 0.000000 77.310342 -0.230922 0.972972 0.000000 -8.746223 0.000000 0.000000 1.000000 0.000000
0.972069 0.234693 0.000000 77.643928 -0.234693 0.972069 0.000000 -8.782644 0.000000 0.000000 1.000000 0.000000
0.971396 0.237465 0.000000 77.971038 -0.237465 0.971396 0.000000 -8.855675 0.000000 0.000000 1.000000 0.000000
0.971058 0.238844 0.000000 78.307622 -0.238844 0.971058 0.000000 -8.940230 0.000000 0.000000 1.000000 0.000000
0.971732 0.236086 0.000000 78.876748 -0.236086 0.971732 0.000000 -9.068852 0.000000 0.000000 1.000000 0.000000
0.971882 0.235470 0.000000 79.223622 -0.235470 0.971882 0.000000 -9.157123 0.000000 0.000000 1.000000 0.000000
0.971759 0.235976 0.000000 79.604762 -0.235976 0.971759 0.000000 -9.247665 0.000000 0.000000 1.000000 0.000000
0.971713 0.236166 0.000000 79.961509 -0.236166 0.971713 0.000000 -9.338098 0.000000 0.000000 1.000000 0.000000
0.971682 0.236294 0.000000 80.614971 -0.236294 0.971682 0.000000 -9.492395 0.000000 0.000000 1.000000 0.000000
0.972348 0.233537 0.000000 81.277868 -0.233537 0.972348 0.000000 -9.672448 0.000000 0.000000 1.000000 0.000000
0.972780 0.231729 0.000000 81.661616 -0.231729 0.972780 0.000000 -9.762888 0.000000 0.000000 1.000000 0.000000
0.972607 0.232458 0.000000 82.070862 -0.232458 0.972607 0.000000 -9.838341 0.000000 0.000000 1.000000 0.000000
0.972216 0.234087 0.000000 82.463968 -0.234087 0.972216 0.000000 -9.939235 0.000000 0.000000 1.000000 0.000000
0.971889 0.235438 0.000000 82.899143 -0.235438 0.971889 0.000000 -10.048219 0.000000 0.000000 1.000000 0.000000
0.972050 0.234773 0.000000 83.294012 -0.234773 0.972050 0.000000 -10.154348 0.000000 0.000000 1.000000 0.000000
0.972917 0.231155 0.000000 83.742957 -0.231155 0.972917 0.000000 -10.262699 0.000000 0.000000 1.000000 0.000000
0.973183 0.230031 0.000000 84.433012 -0.230031 0.973183 0.000000 -10.421533 0.000000 0.000000 1.000000 0.000000
0.973654 0.228029 0.000000 85.238469 -0.228029 0.973654 0.000000 -10.615972 0.000000 0.000000 1.000000 0.000000
0.973152 0.230165 0.000000 85.708455 -0.230165 0.973152 0.000000 -10.733473 0.000000 0.000000 1.000000 0.000000
0.972491 0.232941 0.000000 86.185385 -0.232941 0.972491 0.000000 -10.851518 0.000000 0.000000 1.000000 0.000000
0.971382 0.237524 0.000000 86.638681 -0.237524 0.971382 0.000000 -10.964987 0.000000 0.000000 1.000000 0.000000
0.971011 0.239033 0.000000 87.150676 -0.239033 0.971011 0.000000 -11.092611 0.000000 0.000000 1.000000 0.000000
0.970312 0.241855 0.000000 87.605100 -0.241855 0.970312 0.000000 -11.201530 0.000000 0.000000 1.000000 0.000000
0.969400 0.245488 0.000000 88.109145 -0.245488 0.969400 0.000000 -11.335798 0.000000 0.000000 1.000000 0.000000
0.968615 0.248566 0.000000 88.618681 -0.248566 0.968615 0.000000 -11.466970 0.000000 0.000000 1.000000 0.000000
0.967911 0.251294 0.000000 89.136048 -0.251294 0.967911 0.000000 -11.602468 0.000000 0.000000 1.000000 0.000000
0.967413 0.253205 0.000000 89.621274 -0.253205 0.967413 0.000000 -11.735028 0.000000 0.000000 1.000000 0.000000
0.966830 0.255420 0.000000 90.146367 -0.255420 0.966830 0.000000 -11.875902 0.000000 0.000000 1.000000 0.000000
0.966572 0.256395 0.000000 91.090420 -0.256395 0.966572 0.000000 -12.144451 0.000000 0.000000 1.000000 0.000000
0.966505 0.256647 0.000000 91.624791 -0.256647 0.966505 0.000000 -12.295258 0.000000 0.000000 1.000000 0.000000
0.966050 0.258353 0.000000 92.168786 -0.258353 0.966050 0.000000 -12.426775 0.000000 0.000000 1.000000 0.000000
0.964829 0.262878 0.000000 92.713254 -0.262878 0.964829 0.000000 -12.576708 0.000000 0.000000 1.000000 0.000000
0.964629 0.263610 0.000000 93.259981 -0.263610 0.964629 0.000000 -12.748312 0.000000 0.000000 1.000000 0.000000
0.963998 0.265908 0.000000 94.101898 -0.265908 0.963998 0.000000 -12.983220 0.000000 0.000000 1.000000 0.000000
0.962967 0.269621 0.000000 94.590241 -0.269621 0.962967 0.000000 -13.152183 0.000000 0.000000 1.000000 0.000000
0.960985 0.276599 0.000000 95.694618 -0.276599 0.960985 0.000000 -13.465852 0.000000 0.000000 1.000000 0.000000
0.959627 0.281275 0.000000 96.420783 -0.281275 0.959627 0.000000 -13.674203 0.000000 0.000000 1.000000 0.000000
0.958208 0.286072 0.000000 96.994215 -0.286072 0.958208 0.000000 -13.848716 0.000000 0.000000 1.000000 0.000000
0.956605 0.291386 0.000000 97.567218 -0.291386 0.956605 0.000000 -14.031995 0.000000 0.000000 1.000000 0.000000
0.955957 0.293508 0.000000 98.149970 -0.293508 0.955957 0.000000 -14.196058 0.000000 0.000000 1.000000 0.000000
0.955577 0.294742 0.000000 98.731514 -0.294742 0.955577 0.000000 -14.378127 0.000000 0.000000 1.000000 0.000000
0.954779 0.297318 0.000000 99.344122 -0.297318 0.954779 0.000000 -14.573591 0.000000 0.000000 1.000000 0.000000
0.953744 0.300621 0.000000 99.901696 -0.300621 0.953744 0.000000 -14.755576 0.000000 0.000000 1.000000 0.000000
0.953038 0.302851 0.000000 100.476710 -0.302851 0.953038 0.000000 -14.949200 0.000000 0.000000 1.000000 0.000000
0.953237 0.302224 0.000000 101.064204 -0.302224 0.953237 0.000000 -15.169579 0.000000 0.000000 1.000000 0.000000
0.954094 0.299508 0.000000 101.619401 -0.299508 0.954094 0.000000 -15.352275 0.000000 0.000000 1.000000 0.000000
0.954224 0.299092 0.000000 102.222544 -0.299092 0.954224 0.000000 -15.546451 0.000000 0.000000 1.000000 0.000000
0.953921 0.300056 0.000000 102.818386 -0.300056 0.953921 0.000000 -15.739783 0.000000 0.000000 1.000000 0.000000
0.953835 0.300331 0.000000 103.374139 -0.300331 0.953835 0.000000 -15.916504 0.000000 0.000000 1.000000 0.000000
0.953476 0.301469 0.000000 104.439434 -0.301469 0.953476 0.000000 -16.259962 0.000000 0.000000 1.000000 0.000000
0.953309 0.301997 0.000000 105.083837 -0.301997 0.953309 0.000000 -16.479161 0.000000 0.000000 1.000000 0.000000
0.952618 0.304171 0.000000 105.690381 -0.304171 0.952618 0.000000 -16.675293 0.000000 0.000000 1.000000 0.000000
0.951621 0.307275 0.000000 106.303634 -0.307275 0.951621 0.000000 -16.875671 0.000000 0.000000 1.000000 0.000000
0.950868 0.309595 0.000000 106.832340 -0.309595 0.950868 0.000000 -17.134260 0.000000 0.000000 1.000000 0.000000
0.950952 0.309340 0.000000 107.431095 -0.309340 0.950952 0.000000 -17.326260 0.000000 0.000000 1.000000 0.000000
0.950966 0.309296 0.000000 108.005986 -0.309296 0.950966 0.000000 -17.516470 0.000000 0.000000 1.000000 0.000000
0.950923 0.309427 0.000000 108.623367 -0.309427 0.950923 0.000000 -17.719761 0.000000 0.000000 1.000000 0.000000
0.950404 0.311017 0.000000 109.202644 -0.311017 0.950404 0.000000 -17.868358 0.000000 0.000000 1.000000 0.000000
0.949500 0.313768 0.000000 109.827005 -0.313768 0.949500 0.000000 -18.088320 0.000000 0.000000 1.000000 0.000000
0.949108 0.314952 0.000000 110.440762 -0.314952 0.949108 0.000000 -18.313084 0.000000 0.000000 1.000000 0.000000
0.949350 0.314220 0.000000 111.062514 -0.314220 0.949350 0.000000 -18.531841 0.000000 0.000000 1.000000 0.000000
0.949399 0.314072 0.000000 111.846045 -0.314072 0.949399 0.000000 -18.795180 0.000000 0.000000 1.000000 0.000000
0.947902 0.318563 0.000000 112.431411 -0.318563 0.947902 0.000000 -18.994929 0.000000 0.000000 1.000000 0.000000
0.945435 0.325812 0.000000 113.042406 -0.325812 0.945435 0.000000 -19.229597 0.000000 0.000000 1.000000 0.000000
0.945540 0.325505 0.000000 114.037187 -0.325505 0.945540 0.000000 -19.589567 0.000000 0.000000 1.000000 0.000000
0.945456 0.325751 0.000000 114.667615 -0.325751 0.945456 0.000000 -19.822538 0.000000 0.000000 1.000000 0.000000
0.944773 0.327725 0.000000 115.304643 -0.327725 0.944773 0.000000 -20.060870 0.000000 0.000000 1.000000 0.000000
0.944367 0.328893 0.000000 115.932182 -0.328893 0.944367 0.000000 -20.297134 0.000000 0.000000 1.000000 0.000000
0.944214 0.329332 0.000000 116.547424 -0.329332 0.944214 0.000000 -20.535883 0.000000 0.000000 1.000000 0.000000
0.944638 0.328116 0.000000 117.180236 -0.328116 0.944638 0.000000 -20.774911 0.000000 0.000000 1.000000 0.000000
0.944754 0.327780 0.000000 117.771944 -0.327780 0.944754 0.000000 -20.993906 0.000000 0.000000 1.000000 0.000000
0.945818 0.324698 0.000000 118.868088 -0.324698 0.945818 0.000000 -21.420391 0.000000 0.000000 1.000000 0.000000
0.946515 0.322659 0.000000 119.499982 -0.322659 0.946515 0.000000 -21.661779 0.000000 0.000000 1.000000 0.000000
0.946928 0.321446 0.000000 120.133366 -0.321446 0.946928 0.000000 -21.898309 0.000000 0.000000 1.000000 0.000000
0.946833 0.321725 0.000000 120.768219 -0.321725 0.946833 0.000000 -22.123491 0.000000 0.000000 1.000000 0.000000
0.947914 0.318526 0.000000 122.060527 -0.318526 0.947914 0.000000 -22.600180 0.000000 0.000000 1.000000 0.000000
0.947445 0.319919 0.000000 122.645481 -0.319919 0.947445 0.000000 -22.812123 0.000000 0.000000 1.000000 0.000000
0.947201 0.320641 0.000000 123.288047 -0.320641 0.947201 0.000000 -23.049380 0.000000 0.000000 1.000000 0.000000
0.946962 0.321346 0.000000 123.882647 -0.321346 0.946962 0.000000 -23.255194 0.000000 0.000000 1.000000 0.000000
0.946336 0.323183 0.000000 124.473039 -0.323183 0.946336 0.000000 -23.461332 0.000000 0.000000 1.000000 0.000000
0.959138 0.282937 0.000000 129.046227 -0.282937 0.959138 0.000000 -25.083582 0.000000 0.000000 1.000000 0.000000
0.959563 0.281493 0.000000 129.678558 -0.281493 0.959563 0.000000 -25.271975 0.000000 0.000000 1.000000 0.000000
0.960590 0.277969 0.000000 130.268341 -0.277969 0.960590 0.000000 -25.472556 0.000000 0.000000 1.000000 0.000000
0.960712 0.277549 0.000000 130.898658 -0.277549 0.960712 0.000000 -25.662334 0.000000 0.000000 1.000000 0.000000
0.961699 0.274107 0.000000 131.497694 -0.274107 0.961699 0.000000 -25.847330 0.000000 0.000000 1.000000 0.000000
0.961508 0.274776 0.000000 132.123940 -0.274776 0.961508 0.000000 -26.021226 0.000000 0.000000 1.000000 0.000000
0.961652 0.274272 0.000000 132.747965 -0.274272 0.961652 0.000000 -26.223492 0.000000 0.000000 1.000000 0.000000
0.961620 0.274386 0.000000 133.553188 -0.274386 0.961620 0.000000 -26.463962 0.000000 0.000000 1.000000 0.000000
0.960801 0.277239 0.000000 134.181845 -0.277239 0.960801 0.000000 -26.641530 0.000000 0.000000 1.000000 0.000000
0.960347 0.278807 0.000000 134.804233 -0.278807 0.960347 0.000000 -26.827211 0.000000 0.000000 1.000000 0.000000
0.960267 0.279084 0.000000 135.704236 -0.279084 0.960267 0.000000 -27.103288 0.000000 0.000000 1.000000 0.000000
0.960413 0.278580 0.000000 136.324587 -0.278580 0.960413 0.000000 -27.289960 0.000000 0.000000 1.000000 0.000000
0.960678 0.277665 0.000000 136.944669 -0.277665 0.960678 0.000000 -27.482072 0.000000 0.000000 1.000000 0.000000
0.960930 0.276791 0.000000 137.557235 -0.276791 0.960930 0.000000 -27.675577 0.000000 0.000000 1.000000 0.000000
0.960794 0.277264 0.000000 138.173801 -0.277264 0.960794 0.000000 -27.862419 0.000000 0.000000 1.000000 0.000000
0.960606 0.277913 0.000000 139.074881 -0.277913 0.960606 0.000000 -28.148103 0.000000 0.000000 1.000000 0.000000
0.960249 0.279145 0.000000 139.666132 -0.279145 0.960249 0.000000 -28.327390 0.000000 0.000000 1.000000 0.000000
0.959741 0.280887 0.000000 140.273124 -0.280887 0.959741 0.000000 -28.517111 0.000000 0.000000 1.000000 0.000000
0.959094 0.283089 0.000000 140.847993 -0.283089 0.959094 0.000000 -28.698062 0.000000 0.000000 1.000000 0.000000
0.958553 0.284914 0.000000 141.608190 -0.284914 0.958553 0.000000 -28.967097 0.000000 0.000000 1.000000 0.000000
0.958563 0.284880 0.000000 142.207043 -0.284880 0.958563 0.000000 -29.161662 0.000000 0.000000 1.000000 0.000000
0.958832 0.283975 0.000000 142.807617 -0.283975 0.958832 0.000000 -29.354716 0.000000 0.000000 1.000000 0.000000
0.959695 0.281045 0.000000 143.403977 -0.281045 0.959695 0.000000 -29.542391 0.000000 0.000000 1.000000 0.000000
0.959789 0.280721 0.000000 143.998942 -0.280721 0.959789 0.000000 -29.728303 0.000000 0.000000 1.000000 0.000000
0.960866 0.277012 0.000000 145.139172 -0.277012 0.960866 0.000000 -30.100444 0.000000 0.000000 1.000000 0.000000
0.960142 0.279513 0.000000 145.686869 -0.279513 0.960142 0.000000 -30.255921 0.000000 0.000000 1.000000 0.000000
0.960225 0.279229 0.000000 146.267076 -0.279229 0.960225 0.000000 -30.425900 0.000000 0.000000 1.000000 0.000000
0.960062 0.279787 0.000000 146.845001 -0.279787 0.960062 0.000000 -30.602163 0.000000 0.000000 1.000000 0.000000
0.960073 0.279749 0.000000 147.387285 -0.279749 0.960073 0.000000 -30.775410 0.000000 0.000000 1.000000 0.000000
0.961074 0.276291 0.000000 147.968120 -0.276291 0.961074 0.000000 -30.963661 0.000000 0.000000 1.000000 0.000000
0.961584 0.274512 0.000000 148.684865 -0.274512 0.961584 0.000000 -31.172066 0.000000 0.000000 1.000000 0.000000
0.961881 0.273469 0.000000 149.261817 -0.273469 0.961881 0.000000 -31.352093 0.000000 0.000000 1.000000 0.000000
0.961933 0.273286 0.000000 149.795204 -0.273286 0.961933 0.000000 -31.515973 0.000000 0.000000 1.000000 0.000000
0.961489 0.274843 0.000000 150.375816 -0.274843 0.961489 0.000000 -31.693363 0.000000 0.000000 1.000000 0.000000
0.961164 0.275976 0.000000 150.948520 -0.275976 0.961164 0.000000 -31.869065 0.000000 0.000000 1.000000 0.000000
0.960944 0.276742 0.000000 151.478961 -0.276742 0.960944 0.000000 -32.031056 0.000000 0.000000 1.000000 0.000000
0.961618 0.274391 0.000000 152.050984 -0.274391 0.961618 0.000000 -32.209960 0.000000 0.000000 1.000000 0.000000
0.961648 0.274286 0.000000 152.585538 -0.274286 0.961648 0.000000 -32.371341 0.000000 0.000000 1.000000 0.000000
0.961156 0.276004 0.000000 153.148694 -0.276004 0.961156 0.000000 -32.544050 0.000000 0.000000 1.000000 0.000000
0.960434 0.278509 0.000000 153.713263 -0.278509 0.960434 0.000000 -32.711479 0.000000 0.000000 1.000000 0.000000
0.959384 0.282103 0.000000 154.441948 -0.282103 0.959384 0.000000 -32.924797 0.000000 0.000000 1.000000 0.000000
0.958911 0.283708 0.000000 154.975643 -0.283708 0.958911 0.000000 -33.083472 0.000000 0.000000 1.000000 0.000000
0.958420 0.285360 0.000000 155.535506 -0.285360 0.958420 0.000000 -33.257142 0.000000 0.000000 1.000000 0.000000
0.958194 0.286120 0.000000 156.062988 -0.286120 0.958194 0.000000 -33.416409 0.000000 0.000000 1.000000 0.000000
0.958716 0.284365 0.000000 156.622002 -0.284365 0.958716 0.000000 -33.576199 0.000000 0.000000 1.000000 0.000000
0.958716 0.284366 0.000000 157.149190 -0.284366 0.958716 0.000000 -33.730241 0.000000 0.000000 1.000000 0.000000
0.958745 0.284266 0.000000 157.866330 -0.284266 0.958745 0.000000 -33.952592 0.000000 0.000000 1.000000 0.000000
0.957021 0.290019 0.000000 158.378517 -0.290019 0.957021 0.000000 -34.142786 0.000000 0.000000 1.000000 0.000000
0.956036 0.293250 0.000000 158.913535 -0.293250 0.956036 0.000000 -34.318637 0.000000 0.000000 1.000000 0.000000
0.956768 0.290852 0.000000 159.445740 -0.290852 0.956768 0.000000 -34.439157 0.000000 0.000000 1.000000 0.000000
0.956891 0.290447 0.000000 160.000393 -0.290447 0.956891 0.000000 -34.610983 0.000000 0.000000 1.000000 0.000000
0.956785 0.290797 0.000000 160.513894 -0.290797 0.956785 0.000000 -34.775237 0.000000 0.000000 1.000000 0.000000
0.956073 0.293127 0.000000 161.258546 -0.293127 0.956073 0.000000 -35.007729 0.000000 0.000000 1.000000 0.000000
0.956919 0.290356 0.000000 161.800899 -0.290356 0.956919 0.000000 -35.187914 0.000000 0.000000 1.000000 0.000000
0.957897 0.287111 0.000000 162.347262 -0.287111 0.957897 0.000000 -35.366871 0.000000 0.000000 1.000000 0.000000
0.958858 0.283887 0.000000 162.893073 -0.283887 0.958858 0.000000 -35.539988 0.000000 0.000000 1.000000 0.000000
0.958509 0.285061 0.000000 163.434024 -0.285061 0.958509 0.000000 -35.722600 0.000000 0.000000 1.000000 0.000000
0.958609 0.284725 0.000000 163.977037 -0.284725 0.958609 0.000000 -35.912682 0.000000 0.000000 1.000000 0.000000
0.959642 0.281223 0.000000 164.519940 -0.281223 0.959642 0.000000 -36.090846 0.000000 0.000000 1.000000 0.000000
0.960933 0.276782 0.000000 165.035073 -0.276782 0.960933 0.000000 -36.259775 0.000000 0.000000 1.000000 0.000000
0.961424 0.275069 0.000000 165.585679 -0.275069 0.961424 0.000000 -36.416095 0.000000 0.000000 1.000000 0.000000
0.961956 0.273205 0.000000 166.139356 -0.273205 0.961956 0.000000 -36.589600 0.000000 0.000000 1.000000 0.000000
0.962380 0.271707 0.000000 166.652472 -0.271707 0.962380 0.000000 -36.751953 0.000000 0.000000 1.000000 0.000000
0.963269 0.268539 0.000000 167.215192 -0.268539 0.963269 0.000000 -36.945600 0.000000 0.000000 1.000000 0.000000
0.963667 0.267107 0.000000 167.740080 -0.267107 0.963667 0.000000 -37.114364 0.000000 0.000000 1.000000 0.000000
0.965060 0.262030 0.000000 168.290348 -0.262030 0.965060 0.000000 -37.288062 0.000000 0.000000 1.000000 0.000000
0.966623 0.256201 0.000000 168.835017 -0.256201 0.966623 0.000000 -37.455219 0.000000 0.000000 1.000000 0.000000
0.967970 0.251065 0.000000 169.392991 -0.251065 0.967970 0.000000 -37.623101 0.000000 0.000000 1.000000 0.000000
0.969143 0.246500 0.000000 169.907773 -0.246500 0.969143 0.000000 -37.771131 0.000000 0.000000 1.000000 0.000000
0.970483 0.241171 0.000000 170.456801 -0.241171 0.970483 0.000000 -37.926419 0.000000 0.000000 1.000000 0.000000
0.971873 0.235507 0.000000 170.964170 -0.235507 0.971873 0.000000 -38.067361 0.000000 0.000000 1.000000 0.000000
0.973079 0.230470 0.000000 171.548580 -0.230470 0.973079 0.000000 -38.245828 0.000000 0.000000 1.000000 0.000000
0.973958 0.226729 0.000000 172.276655 -0.226729 0.973958 0.000000 -38.423368 0.000000 0.000000 1.000000 0.000000
0.974657 0.223704 0.000000 172.824627 -0.223704 0.974657 0.000000 -38.567069 0.000000 0.000000 1.000000 0.000000
0.974626 0.223841 0.000000 173.330164 -0.223841 0.974626 0.000000 -38.701912 0.000000 0.000000 1.000000 0.000000
0.974696 0.223533 0.000000 173.896645 -0.223533 0.974696 0.000000 -38.825086 0.000000 0.000000 1.000000 0.000000
0.975428 0.220317 0.000000 174.591244 -0.220317 0.975428 0.000000 -39.003228 0.000000 0.000000 1.000000 0.000000
0.976799 0.214159 0.000000 175.679879 -0.214159 0.976799 0.000000 -39.284594 0.000000 0.000000 1.000000 0.000000
0.977636 0.210304 0.000000 176.224808 -0.210304 0.977636 0.000000 -39.411848 0.000000 0.000000 1.000000 0.000000
0.977734 0.209848 0.000000 176.781863 -0.209848 0.977734 0.000000 -39.540174 0.000000 0.000000 1.000000 0.000000
0.978323 0.207085 0.000000 177.322088 -0.207085 0.978323 0.000000 -39.662152 0.000000 0.000000 1.000000 0.000000
0.978887 0.204404 0.000000 177.865574 -0.204404 0.978887 0.000000 -39.783917 0.000000 0.000000 1.000000 0.000000
0.978907 0.204309 0.000000 178.405491 -0.204309 0.978907 0.000000 -39.892871 0.000000 0.000000 1.000000 0.000000
0.978996 0.203877 0.000000 178.973084 -0.203877 0.978996 0.000000 -40.023888 0.000000 0.000000 1.000000 0.000000
0.978917 0.204260 0.000000 179.512057 -0.204260 0.978917 0.000000 -40.148532 0.000000 0.000000 1.000000 0.000000
0.978637 0.205594 0.000000 180.009863 -0.205594 0.978637 0.000000 -40.263636 0.000000 0.000000 1.000000 0.000000
0.978523 0.206139 0.000000 180.510291 -0.206139 0.978523 0.000000 -40.378340 0.000000 0.000000 1.000000 0.000000
0.978833 0.204660 0.000000 181.045974 -0.204660 0.978833 0.000000 -40.498071 0.000000 0.000000 1.000000 0.000000
0.979281 0.202508 0.000000 181.542926 -0.202508 0.979281 0.000000 -40.606087 0.000000 0.000000 1.000000 0.000000
0.979702 0.200457 0.000000 182.077273 -0.200457 0.979702 0.000000 -40.718085 0.000000 0.000000 1.000000 0.000000
0.979693 0.200502 0.000000 182.576737 -0.200502 0.979693 0.000000 -40.830775 0.000000 0.000000 1.000000 0.000000
0.979852 0.199724 0.000000 183.108509 -0.199724 0.979852 0.000000 -40.946655 0.000000 0.000000 1.000000 0.000000
0.980385 0.197093 0.000000 183.599691 -0.197093 0.980385 0.000000 -41.054071 0.000000 0.000000 1.000000 0.000000
0.980959 0.194216 0.000000 184.130088 -0.194216 0.980959 0.000000 -41.162631 0.000000 0.000000 1.000000 0.000000
0.981202 0.192985 0.000000 184.626882 -0.192985 0.981202 0.000000 -41.254829 0.000000 0.000000 1.000000 0.000000
0.981169 0.193152 0.000000 185.157302 -0.193152 0.981169 0.000000 -41.358936 0.000000 0.000000 1.000000 0.000000
0.980985 0.194086 0.000000 185.647380 -0.194086 0.980985 0.000000 -41.451001 0.000000 0.000000 1.000000 0.000000
0.981037 0.193822 0.000000 186.167134 -0.193822 0.981037 0.000000 -41.563424 0.000000 0.000000 1.000000 0.000000
0.981957 0.189103 0.000000 186.829657 -0.189103 0.981957 0.000000 -41.720575 0.000000 0.000000 1.000000 0.000000
0.982821 0.184560 0.000000 187.349399 -0.184560 0.982821 0.000000 -41.831735 0.000000 0.000000 1.000000 0.000000
0.983106 0.183039 0.000000 187.865276 -0.183039 0.983106 0.000000 -41.936049 0.000000 0.000000 1.000000 0.000000
0.983818 0.179172 0.000000 188.355060 -0.179172 0.983818 0.000000 -42.036723 0.000000 0.000000 1.000000 0.000000
0.984630 0.174651 0.000000 189.064671 -0.174651 0.984630 0.000000 -42.178389 0.000000 0.000000 1.000000 0.000000
0.985156 0.171660 0.000000 189.578080 -0.171660 0.985156 0.000000 -42.276953 0.000000 0.000000 1.000000 0.000000
0.985263 0.171045 0.000000 190.098854 -0.171045 0.985263 0.000000 -42.369851 0.000000 0.000000 1.000000 0.000000
0.986219 0.165443 0.000000 190.603253 -0.165443 0.986219 0.000000 -42.464347 0.000000 0.000000 1.000000 0.000000
0.987210 0.159424 0.000000 191.109692 -0.159424 0.987210 0.000000 -42.559674 0.000000 0.000000 1.000000 0.000000
0.988478 0.151363 0.000000 192.144369 -0.151363 0.988478 0.000000 -42.710499 0.000000 0.000000 1.000000 0.000000
0.988826 0.149073 0.000000 192.488351 -0.149073 0.988826 0.000000 -42.915800 0.000000 0.000000 1.000000 0.000000
0.990135 0.140115 0.000000 192.985205 -0.140115 0.990135 0.000000 -42.996763 0.000000 0.000000 1.000000 0.000000
0.991104 0.133088 0.000000 193.450275 -0.133088 0.991104 0.000000 -43.064618 0.000000 0.000000 1.000000 0.000000
0.992305 0.123816 0.000000 193.943086 -0.123816 0.992305 0.000000 -43.137201 0.000000 0.000000 1.000000 0.000000
0.993465 0.114140 0.000000 194.409782 -0.114140 0.993465 0.000000 -43.202959 0.000000 0.000000 1.000000 0.000000
0.995398 0.095829 0.000000 195.353290 -0.095829 0.995398 0.000000 -43.336002 0.000000 0.000000 1.000000 0.000000
0.996449 0.084199 0.000000 195.838400 -0.084199 0.996449 0.000000 -43.393620 0.000000 0.000000 1.000000 0.000000
0.997191 0.074898 0.000000 196.262384 -0.074898 0.997191 0.000000 -43.438361 0.000000 0.000000 1.000000 0.000000
0.997656 0.068422 0.000000 196.869051 -0.068422 0.997656 0.000000 -43.445165 0.000000 0.000000 1.000000 0.000000
0.998378 0.056925 0.000000 197.341875 -0.056925 0.998378 0.000000 -43.489787 0.000000 0.000000 1.000000 0.000000
0.998971 0.045354 0.000000 197.813221 -0.045354 0.998971 0.000000 -43.527214 0.000000 0.000000 1.000000 0.000000
0.999342 0.036263 0.000000 198.245851 -0.036263 0.999342 0.000000 -43.555273 0.000000 0.000000 1.000000 0.000000
0.999774 0.021254 0.000000 198.713040 -0.021254 0.999774 0.000000 -43.587022 0.000000 0.000000 1.000000 0.000000
0.999952 0.009781 0.000000 199.176490 -0.009781 0.999952 0.000000 -43.612418 0.000000 0.000000 1.000000 0.000000
