1.000000 0.000542 0.000000 0.580390 -0.000542 1.000000 0.000000 -0.013057 0.000000 0.000000 1.000000 0.000000
1.000000 0.000553 0.000000 1.122702 -0.000553 1.000000 0.000000 -0.025905 0.000000 0.000000 1.000000 0.000000
1.000000 0.000342 0.000000 1.696737 -0.000342 1.000000 0.000000 -0.039941 0.000000 0.000000 1.000000 0.000000
0.999997 0.002281 0.000000 2.272956 -0.002281 0.999997 0.000000 -0.048428 0.000000 0.000000 1.000000 0.000000
0.999989 0.004634 0.000000 2.850352 -0.004634 0.999989 0.000000 -0.056861 0.000000 0.000000 1.000000 0.000000
0.999983 0.005754 0.000000 3.390388 -0.005754 0.999983 0.000000 -0.079280 0.000000 0.000000 1.000000 0.000000
0.999983 0.005758 0.000000 3.910320 -0.005758 0.999983 0.000000 -0.098429 0.000000 0.000000 1.000000 0.000000
0.999953 0.009698 0.000000 4.566222 -0.009698 0.999953 0.000000 -0.133690 0.000000 0.000000 1.000000 0.000000
0.999874 0.015870 0.000000 5.135406 -0.015870 0.999874 0.000000 -0.155282 0.000000 0.000000 1.000000 0.000000
0.999837 0.018069 0.000000 5.719493 -0.018069 0.999837 0.000000 -0.174372 0.000000 0.000000 1.000000 0.000000
0.999759 0.021933 0.000000 6.850005 -0.021933 0.999759 0.000000 -0.209511 0.000000 0.000000 1.000000 0.000000
0.999731 0.023187 0.000000 7.436294 -0.023187 0.999731 0.000000 -0.221873 0.000000 0.000000 1.000000 0.000000
0.999721 0.023611 0.000000 8.261533 -0.023611 0.999721 0.000000 -0.280837 0.000000 0.000000 1.000000 0.000000
0.999654 0.026292 0.000000 8.825003 -0.026292 0.999654 0.000000 -0.298660 0.000000 0.000000 1.000000 0.000000
0.999632 0.027133 0.000000 9.409492 -0.027133 0.999632 0.000000 -0.314861 0.000000 0.000000 1.000000 0.000000
0.999590 0.028617 0.000000 9.998231 -0.028617 0.999590 0.000000 -0.340435 0.000000 0.000000 1.000000 0.000000
0.999561 0.029621 0.000000 10.570512 -0.029621 0.999561 0.000000 -0.386816 0.000000 0.000000 1.000000 0.000000
0.999540 0.030343 0.000000 11.150255 -0.030343 0.999540 0.000000 -0.404462 0.000000 0.000000 1.000000 0.000000
0.999469 0.032597 0.000000 11.705966 -0.032597 0.999469 0.000000 -0.397503 0.000000 0.000000 1.000000 0.000000
0.999419 0.034082 0.000000 12.268327 -0.034082 0.999419 0.000000 -0.395146 0.000000 0.000000 1.000000 0.000000
0.999403 0.034546 0.000000 12.851361 -0.034546 0.999403 0.000000 -0.456531 0.000000 0.000000 1.000000 0.000000
0.999386 0.035031 0.000000 13.405010 -0.035031 0.999386 0.000000 -0.504735 0.000000 0.000000 1.000000 0.000000
0.999331 0.036579 0.000000 13.985899 -0.036579 0.999331 0.000000 -0.516569 0.000000 0.000000 1.000000 0.000000
0.999282 0.037898 0.000000 14.750231 -0.037898 0.999282 0.000000 -0.554333 0.000000 0.000000 1.000000 0.000000
0.999255 0.038594 0.000000 15.336204 -0.038594 0.999255 0.000000 -0.578519 0.000000 0.000000 1.000000 0.000000
0.999194 0.040138 0.000000 15.865458 -0.040138 0.999194 0.000000 -0.577724 0.000000 0.000000 1.000000 0.000000
0.999139 0.041497 0.000000 16.479725 -0.041497 0.999139 0.000000 -0.596147 0.000000 0.000000 1.000000 0.000000
0.999109 0.042205 0.000000 17.053622 -0.042205 0.999109 0.000000 -0.625497 0.000000 0.000000 1.000000 0.000000
0.998946 0.045892 0.000000 17.657012 -0.045892 0.998946 0.000000 -0.670862 0.000000 0.000000 1.000000 0.000000
0.998865 0.047624 0.000000 18.230162 -0.047624 0.998865 0.000000 -0.708765 0.000000 0.000000 1.000000 0.000000
0.998817 0.048618 0.000000 18.804209 -0.048618 0.998817 0.000000 -0.735693 0.000000 0.000000 1.000000 0.000000
0.998765 0.049680 0.000000 19.378815 -0.049680 0.998765 0.000000 -0.770588 0.000000 0.000000 1.000000 0.000000
0.998713 0.050728 0.000000 19.949658 -0.050728 0.998713 0.000000 -0.789047 0.000000 0.000000 1.000000 0.000000
0.998565 0.053560 0.000000 20.522772 -0.053560 0.998565 0.000000 -0.825473 0.000000 0.000000 1.000000 0.000000
0.998531 0.054178 0.000000 21.101128 -0.054178 0.998531 0.000000 -0.865613 0.000000 0.000000 1.000000 0.000000
0.998297 0.058343 0.000000 21.649580 -0.058343 0.998297 0.000000 -0.870984 0.000000 0.000000 1.000000 0.000000
0.998211 0.059789 0.000000 22.215516 -0.059789 0.998211 0.000000 -0.909274 0.000000 0.000000 1.000000 0.000000
0.998270 0.058795 0.000000 23.303009 -0.058795 0.998270 0.000000 -0.989012 0.000000 0.000000 1.000000 0.000000
0.998419 0.056206 0.000000 24.256252 -0.056206 0.998419 0.000000 -1.070825 0.000000 0.000000 1.000000 0.000000
0.998345 0.057501 0.000000 24.851696 -0.057501 0.998345 0.000000 -1.111402 0.000000 0.000000 1.000000 0.000000
0.998244 0.059235 0.000000 25.414924 -0.059235 0.998244 0.000000 -1.151553 0.000000 0.000000 1.000000 0.000000
0.998513 0.054513 0.000000 25.977156 -0.054513 0.998513 0.000000 -1.203518 0.000000 0.000000 1.000000 0.000000
0.998533 0.054145 0.000000 26.477510 -0.054145 0.998533 0.000000 -1.253337 0.000000 0.000000 1.000000 0.000000
0.998022 0.062863 0.000000 27.067376 -0.062863 0.998022 0.000000 -1.255178 0.000000 0.000000 1.000000 0.000000
0.997629 0.068815 0.000000 27.622997 -0.068815 0.997629 0.000000 -1.297752 0.000000 0.000000 1.000000 0.000000
0.997932 0.064283 0.000000 28.743785 -0.064283 0.997932 0.000000 -1.430362 0.000000 0.000000 1.000000 0.000000
0.997815 0.066077 0.000000 29.301807 -0.066077 0.997815 0.000000 -1.484955 0.000000 0.000000 1.000000 0.000000
0.997820 0.065993 0.000000 30.010513 -0.065993 0.997820 0.000000 -1.571559 0.000000 0.000000 1.000000 0.000000
0.997775 0.066665 0.000000 30.524885 -0.066665 0.997775 0.000000 -1.619543 0.000000 0.000000 1.000000 0.000000
0.997521 0.070374 0.000000 31.084412 -0.070374 0.997521 0.000000 -1.667455 0.000000 0.000000 1.000000 0.000000
0.997286 0.073629 0.000000 31.900017 -0.073629 0.997286 0.000000 -1.754536 0.000000 0.000000 1.000000 0.000000
0.997221 0.074496 0.000000 32.495932 -0.074496 0.997221 0.000000 -1.806327 0.000000 0.000000 1.000000 0.000000
0.997167 0.075215 0.000000 33.105438 -0.075215 0.997167 0.000000 -1.875150 0.000000 0.000000 1.000000 0.000000
0.997080 0.076361 0.000000 33.664542 -0.076361 0.997080 0.000000 -1.924926 0.000000 0.000000 1.000000 0.000000
0.997113 0.075936 0.000000 34.214417 -0.075936 0.997113 0.000000 -1.969338 0.000000 0.000000 1.000000 0.000000
0.996872 0.079033 0.000000 34.793106 -0.079033 0.996872 0.000000 -2.027915 0.000000 0.000000 1.000000 0.000000
0.996782 0.080162 0.000000 35.326122 -0.080162 0.996782 0.000000 -2.053333 0.000000 0.000000 1.000000 0.000000
0.996763 0.080393 0.000000 35.888536 -0.080393 0.996763 0.000000 -2.097376 0.000000 0.000000 1.000000 0.000000
0.996665 0.081602 0.000000 36.429452 -0.081602 0.996665 0.000000 -2.142494 0.000000 0.000000 1.000000 0.000000
0.996524 0.083308 0.000000 36.942133 -0.083308 0.996524 0.000000 -2.212558 0.000000 0.000000 1.000000 0.000000
0.995892 0.090544 0.000000 37.887431 -0.090544 0.995892 0.000000 -2.314575 0.000000 0.000000 1.000000 0.000000
0.995819 0.091345 0.000000 38.446093 -0.091345 0.995819 0.000000 -2.368544 0.000000 0.000000 1.000000 0.000000
0.995671 0.092945 0.000000 39.017608 -0.092945 0.995671 0.000000 -2.404522 0.000000 0.000000 1.000000 0.000000
0.995437 0.095420 0.000000 39.571657 -0.095420 0.995437 0.000000 -2.458726 0.000000 0.000000 1.000000 0.000000
0.995389 0.095918 0.000000 40.123110 -0.095918 0.995389 0.000000 -2.522086 0.000000 0.000000 1.000000 0.000000
0.995530 0.094442 0.000000 40.650512 -0.094442 0.995530 0.000000 -2.570125 0.000000 0.000000 1.000000 0.000000
0.995535 0.094393 0.000000 41.242015 -0.094393 0.995535 0.000000 -2.630555 0.000000 0.000000 1.000000 0.000000
0.995479 0.094980 0.000000 41.755886 -0.094980 0.995479 0.000000 -2.688812 0.000000 0.000000 1.000000 0.000000
0.995245 0.097401 0.000000 42.302459 -0.097401 0.995245 0.000000 -2.764212 0.000000 0.000000 1.000000 0.000000
0.994917 0.100702 0.000000 42.872808 -0.100702 0.994917 0.000000 -2.806948 0.000000 0.000000 1.000000 0.000000
0.994879 0.101071 0.000000 43.421953 -0.101071 0.994879 0.000000 -2.893518 0.000000 0.000000 1.000000 0.000000
0.994566 0.104109 0.000000 43.951018 -0.104109 0.994566 0.000000 -2.934980 0.000000 0.000000 1.000000 0.000000
0.994499 0.104746 0.000000 44.501115 -0.104746 0.994499 0.000000 -2.979842 0.000000 0.000000 1.000000 0.000000
0.994601 0.103770 0.000000 45.020218 -0.103770 0.994601 0.000000 -3.041035 0.000000 0.000000 1.000000 0.000000
0.994446 0.105247 0.000000 45.975555 -0.105247 0.994446 0.000000 -3.167589 0.000000 0.000000 1.000000 0.000000
0.994229 0.107280 0.000000 46.520745 -0.107280 0.994229 0.000000 -3.231368 0.000000 0.000000 1.000000 0.000000
0.994256 0.107029 0.000000 47.021213 -0.107029 0.994256 0.000000 -3.247122 0.000000 0.000000 1.000000 0.000000
0.993118 0.117116 0.000000 48.102410 -0.117116 0.993118 0.000000 -3.377323 0.000000 0.000000 1.000000 0.000000
0.993104 0.117240 0.000000 48.668594 -0.117240 0.993104 0.000000 -3.448909 0.000000 0.000000 1.000000 0.000000
0.993353 0.115106 0.000000 49.147148 -0.115106 0.993353 0.000000 -3.561856 0.000000 0.000000 1.000000 0.000000
0.993327 0.115332 0.000000 50.170784 -0.115332 0.993327 0.000000 -3.687578 0.000000 0.000000 1.000000 0.000000
0.993258 0.115923 0.000000 50.718563 -0.115923 0.993258 0.000000 -3.754065 0.000000 0.000000 1.000000 0.000000
0.993251 0.115989 0.000000 51.228396 -0.115989 0.993251 0.000000 -3.808329 0.000000 0.000000 1.000000 0.000000
0.993245 0.116033 0.000000 51.690039 -0.116033 0.993245 0.000000 -3.908946 0.000000 0.000000 1.000000 0.000000
0.993587 0.113068 0.000000 52.536637 -0.113068 0.993587 0.000000 -4.024208 0.000000 0.000000 1.000000 0.000000
0.993426 0.114480 0.000000 53.063359 -0.114480 0.993426 0.000000 -4.150489 0.000000 0.000000 1.000000 0.000000
0.992943 0.118589 0.000000 53.537420 -0.118589 0.992943 0.000000 -4.165841 0.000000 0.000000 1.000000 0.000000
0.993073 0.117499 0.000000 54.041767 -0.117499 0.993073 0.000000 -4.225176 0.000000 0.000000 1.000000 0.000000
0.992856 0.119317 0.000000 54.547607 -0.119317 0.992856 0.000000 -4.275306 0.000000 0.000000 1.000000 0.000000
0.992671 0.120848 0.000000 55.060026 -0.120848 0.992671 0.000000 -4.287540 0.000000 0.000000 1.000000 0.000000
0.992282 0.124001 0.000000 55.509990 -0.124001 0.992282 0.000000 -4.348307 0.000000 0.000000 1.000000 0.000000
0.992363 0.123349 0.000000 56.198790 -0.123349 0.992363 0.000000 -4.447350 0.000000 0.000000 1.000000 0.000000
0.992409 0.122983 0.000000 56.625318 -0.122983 0.992409 0.000000 -4.482222 0.000000 0.000000 1.000000 0.000000
0.992561 0.121746 0.000000 57.073056 -0.121746 0.992561 0.000000 -4.540037 0.000000 0.000000 1.000000 0.000000
0.992501 0.122240 0.000000 57.512138 -0.122240 0.992501 0.000000 -4.594052 0.000000 0.000000 1.000000 0.000000
0.992885 0.119073 0.000000 57.956964 -0.119073 0.992885 0.000000 -4.653721 0.000000 0.000000 1.000000 0.000000
0.992919 0.118794 0.000000 58.398425 -0.118794 0.992919 0.000000 -4.743168 0.000000 0.000000 1.000000 0.000000
0.992657 0.120962 0.000000 59.107288 -0.120962 0.992657 0.000000 -4.833369 0.000000 0.000000 1.000000 0.000000
0.992481 0.122396 0.000000 59.496187 -0.122396 0.992481 0.000000 -4.882094 0.000000 0.000000 1.000000 0.000000
0.992439 0.122737 0.000000 59.924558 -0.122737 0.992439 0.000000 -4.940261 0.000000 0.000000 1.000000 0.000000
0.992271 0.124094 0.000000 60.302827 -0.124094 0.992271 0.000000 -5.002889 0.000000 0.000000 1.000000 0.000000
0.992182 0.124801 0.000000 60.689875 -0.124801 0.992182 0.000000 -5.052514 0.000000 0.000000 1.000000 0.000000
0.991977 0.126420 0.000000 61.070231 -0.126420 0.991977 0.000000 -5.110447 0.000000 0.000000 1.000000 0.000000
0.992292 0.123923 0.000000 61.445405 -0.123923 0.992292 0.000000 -5.164912 0.000000 0.000000 1.000000 0.000000
0.991756 0.128144 0.000000 61.842234 -0.128144 0.991756 0.000000 -5.283396 0.000000 0.000000 1.000000 0.000000
0.991769 0.128042 0.000000 62.212829 -0.128042 0.991769 0.000000 -5.315262 0.000000 0.000000 1.000000 0.000000
0.990997 0.133881 0.000000 62.573642 -0.133881 0.990997 0.000000 -5.364599 0.000000 0.000000 1.000000 0.000000
0.991446 0.130520 0.000000 63.238773 -0.130520 0.991446 0.000000 -5.444582 0.000000 0.000000 1.000000 0.000000
0.991466 0.130365 0.000000 63.568775 -0.130365 0.991466 0.000000 -5.489022 0.000000 0.000000 1.000000 0.000000
0.991772 0.128015 0.000000 63.881516 -0.128015 0.991772 0.000000 -5.535748 0.000000 0.000000 1.000000 0.000000
0.991608 0.129281 0.000000 64.204821 -0.129281 0.991608 0.000000 -5.590819 0.000000 0.000000 1.000000 0.000000
0.991369 0.131099 0.000000 64.531743 -0.131099 0.991369 0.000000 -5.627608 0.000000 0.000000 1.000000 0.000000
0.990621 0.136640 0.000000 64.835013 -0.136640 0.990621 0.000000 -5.647181 0.000000 0.000000 1.000000 0.000000
0.990410 0.138162 0.000000 65.186086 -0.138162 0.990410 0.000000 -5.722224 0.000000 0.000000 1.000000 0.000000
0.990560 0.137078 0.000000 65.501416 -0.137078 0.990560 0.000000 -5.773350 0.000000 0.000000 1.000000 0.000000
0.990290 0.139016 0.000000 66.054134 -0.139016 0.990290 0.000000 -5.814554 0.000000 0.000000 1.000000 0.000000
0.989996 0.141094 0.000000 66.288123 -0.141094 0.989996 0.000000 -5.891721 0.000000 0.000000 1.000000 0.000000
0.989902 0.141753 0.000000 66.550912 -0.141753 0.989902 0.000000 -5.956355 0.000000 0.000000 1.000000 0.000000
0.989962 0.141331 0.000000 66.874194 -0.141331 0.989962 0.000000 -5.976425 0.000000 0.000000 1.000000 0.000000
0.989715 0.143053 0.000000 67.159619 -0.143053 0.989715 0.000000 -6.014159 0.000000 0.000000 1.000000 0.000000
0.989690 0.143224 0.000000 67.428701 -0.143224 0.989690 0.000000 -6.075213 0.000000 0.000000 1.000000 0.000000
0.989464 0.144782 0.000000 67.715525 -0.144782 0.989464 0.000000 -6.097517 0.000000 0.000000 1.000000 0.000000
0.989720 0.143018 0.000000 68.061615 -0.143018 0.989720 0.000000 -6.000944 0.000000 0.000000 1.000000 0.000000
0.989546 0.144221 0.000000 68.366884 -0.144221 0.989546 0.000000 -6.011907 0.000000 0.000000 1.000000 0.000000
0.989270 0.146101 0.000000 68.837835 -0.146101 0.989270 0.000000 -6.093781 0.000000 0.000000 1.000000 0.000000
0.989295 0.145932 0.000000 69.079392 -0.145932 0.989295 0.000000 -6.133738 0.000000 0.000000 1.000000 0.000000
0.989449 0.144882 0.000000 69.352430 -0.144882 0.989449 0.000000 -6.198075 0.000000 0.000000 1.000000 0.000000
0.989514 0.144440 0.000000 69.593880 -0.144440 0.989514 0.000000 -6.241992 0.000000 0.000000 1.000000 0.000000
0.989862 0.142034 0.000000 69.860071 -0.142034 0.989862 0.000000 -6.282397 0.000000 0.000000 1.000000 0.000000
0.990000 0.141068 0.000000 70.098999 -0.141068 0.990000 0.000000 -6.319094 0.000000 0.000000 1.000000 0.000000
0.990175 0.139837 0.000000 70.362370 -0.139837 0.990175 0.000000 -6.354914 0.000000 0.000000 1.000000 0.000000
0.989742 0.142864 0.000000 70.627312 -0.142864 0.989742 0.000000 -6.395481 0.000000 0.000000 1.000000 0.000000
0.989592 0.143903 0.000000 70.869816 -0.143903 0.989592 0.000000 -6.423079 0.000000 0.000000 1.000000 0.000000
0.989202 0.146558 0.000000 71.159894 -0.146558 0.989202 0.000000 -6.447405 0.000000 0.000000 1.000000 0.000000
0.989472 0.144722 0.000000 71.410968 -0.144722 0.989472 0.000000 -6.487100 0.000000 0.000000 1.000000 0.000000
0.989324 0.145735 0.000000 71.705581 -0.145735 0.989324 0.000000 -6.548233 0.000000 0.000000 1.000000 0.000000
0.988888 0.148662 0.000000 72.141450 -0.148662 0.988888 0.000000 -6.616962 0.000000 0.000000 1.000000 0.000000
0.988639 0.150307 0.000000 72.415100 -0.150307 0.988639 0.000000 -6.664872 0.000000 0.000000 1.000000 0.000000
0.988388 0.151948 0.000000 72.637277 -0.151948 0.988388 0.000000 -6.769177 0.000000 0.000000 1.000000 0.000000
0.988697 0.149928 0.000000 72.815903 -0.149928 0.988697 0.000000 -6.761823 0.000000 0.000000 1.000000 0.000000
0.988580 0.150695 0.000000 73.068974 -0.150695 0.988580 0.000000 -6.820263 0.000000 0.000000 1.000000 0.000000
0.988475 0.151386 0.000000 73.354261 -0.151386 0.988475 0.000000 -6.865575 0.000000 0.000000 1.000000 0.000000
0.988428 0.151688 0.000000 73.623528 -0.151688 0.988428 0.000000 -6.949883 0.000000 0.000000 1.000000 0.000000
0.987973 0.154626 0.000000 73.937051 -0.154626 0.987973 0.000000 -7.015760 0.000000 0.000000 1.000000 0.000000
0.987723 0.156218 0.000000 74.192654 -0.156218 0.987723 0.000000 -7.091017 0.000000 0.000000 1.000000 0.000000
0.987746 0.156068 0.000000 74.447635 -0.156068 0.987746 0.000000 -7.118963 0.000000 0.000000 1.000000 0.000000
0.987401 0.158237 0.000000 74.729212 -0.158237 0.987401 0.000000 -7.171905 0.000000 0.000000 1.000000 0.000000
0.987309 0.158809 0.000000 75.017821 -0.158809 0.987309 0.000000 -7.243027 0.000000 0.000000 1.000000 0.000000
0.985659 0.168747 0.000000 75.801080 -0.168747 0.985659 0.000000 -7.353222 0.000000 0.000000 1.000000 0.000000
0.985189 0.171472 0.000000 76.088876 -0.171472 0.985189 0.000000 -7.399912 0.000000 0.000000 1.000000 0.000000
0.985134 0.171785 0.000000 76.379698 -0.171785 0.985134 0.000000 -7.507040 0.000000 0.000000 1.000000 0.000000
0.985108 0.171936 0.000000 76.686217 -0.171936 0.985108 0.000000 -7.566023 0.000000 0.000000 1.000000 0.000000
0.984881 0.173233 0.000000 76.981073 -0.173233 0.984881 0.000000 -7.619514 0.000000 0.000000 1.000000 0.000000
0.984624 0.174685 0.000000 77.583648 -0.174685 0.984624 0.000000 -7.705419 0.000000 0.000000 1.000000 0.000000
0.984694 0.174292 0.000000 77.809261 -0.174292 0.984694 0.000000 -7.741909 0.000000 0.000000 1.000000 0.000000
0.984566 0.175014 0.000000 78.047146 -0.175014 0.984566 0.000000 -7.788647 0.000000 0.000000 1.000000 0.000000
0.983425 0.181316 0.000000 78.432264 -0.181316 0.983425 0.000000 -7.911795 0.000000 0.000000 1.000000 0.000000
0.982308 0.187270 0.000000 78.753951 -0.187270 0.982308 0.000000 -7.985959 0.000000 0.000000 1.000000 0.000000
0.982223 0.187717 0.000000 79.276841 -0.187717 0.982223 0.000000 -8.068228 0.000000 0.000000 1.000000 0.000000
0.982092 0.188399 0.000000 79.603416 -0.188399 0.982092 0.000000 -8.170911 0.000000 0.000000 1.000000 0.000000
0.980924 0.194392 0.000000 79.953883 -0.194392 0.980924 0.000000 -8.243037 0.000000 0.000000 1.000000 0.000000
0.980730 0.195369 0.000000 80.247930 -0.195369 0.980730 0.000000 -8.293581 0.000000 0.000000 1.000000 0.000000
0.980031 0.198843 0.000000 80.645992 -0.198843 0.980031 0.000000 -8.366106 0.000000 0.000000 1.000000 0.000000
0.980640 0.195820 0.000000 81.226178 -0.195820 0.980640 0.000000 -8.484527 0.000000 0.000000 1.000000 0.000000
0.980674 0.195647 0.000000 81.585442 -0.195647 0.980674 0.000000 -8.565626 0.000000 0.000000 1.000000 0.000000
0.980375 0.197142 0.000000 81.971662 -0.197142 0.980375 0.000000 -8.641292 0.000000 0.000000 1.000000 0.000000
0.980367 0.197183 0.000000 82.331748 -0.197183 0.980367 0.000000 -8.719476 0.000000 0.000000 1.000000 0.000000
0.980292 0.197553 0.000000 82.958943 -0.197553 0.980292 0.000000 -8.811412 0.000000 0.000000 1.000000 0.000000
0.981260 0.192688 0.000000 83.627127 -0.192688 0.981260 0.000000 -8.967451 0.000000 0.000000 1.000000 0.000000
0.981383 0.192063 0.000000 83.987501 -0.192063 0.981383 0.000000 -9.071826 0.000000 0.000000 1.000000 0.000000
0.981224 0.192873 0.000000 84.423457 -0.192873 0.981224 0.000000 -9.145786 0.000000 0.000000 1.000000 0.000000
0.981252 0.192731 0.000000 84.793637 -0.192731 0.981252 0.000000 -9.225222 0.000000 0.000000 1.000000 0.000000
0.981266 0.192659 0.000000 85.162809 -0.192659 0.981266 0.000000 -9.344710 0.000000 0.000000 1.000000 0.000000
0.981593 0.190984 0.000000 85.598314 -0.190984 0.981593 0.000000 -9.423789 0.000000 0.000000 1.000000 0.000000
0.982163 0.188033 0.000000 86.054101 -0.188033 0.982163 0.000000 -9.511744 0.000000 0.000000 1.000000 0.000000
0.982226 0.187704 0.000000 86.651116 -0.187704 0.982226 0.000000 -9.635684 0.000000 0.000000 1.000000 0.000000
0.982736 0.185013 0.000000 87.477379 -0.185013 0.982736 0.000000 -9.802616 0.000000 0.000000 1.000000 0.000000
0.982373 0.186930 0.000000 87.952346 -0.186930 0.982373 0.000000 -9.880039 0.000000 0.000000 1.000000 0.000000
0.982111 0.188304 0.000000 88.449184 -0.188304 0.982111 0.000000 -9.961665 0.000000 0.000000 1.000000 0.000000
0.981181 0.193089 0.000000 88.918677 -0.193089 0.981181 0.000000 -10.037440 0.000000 0.000000 1.000000 0.000000
0.981156 0.193216 0.000000 89.427532 -0.193216 0.981156 0.000000 -10.142110 0.000000 0.000000 1.000000 0.000000
0.980486 0.196591 0.000000 89.876914 -0.196591 0.980486 0.000000 -10.207015 0.000000 0.000000 1.000000 0.000000
0.979859 0.199692 0.000000 90.360951 -0.199692 0.979859 0.000000 -10.280386 0.000000 0.000000 1.000000 0.000000
0.978956 0.204070 0.000000 90.871995 -0.204070 0.978956 0.000000 -10.377475 0.000000 0.000000 1.000000 0.000000
0.978632 0.205622 0.000000 91.395268 -0.205622 0.978632 0.000000 -10.483750 0.000000 0.000000 1.000000 0.000000
0.978252 0.207418 0.000000 91.853527 -0.207418 0.978252 0.000000 -10.604755 0.000000 0.000000 1.000000 0.000000
0.977614 0.210407 0.000000 92.385420 -0.210407 0.977614 0.000000 -10.719740 0.000000 0.000000 1.000000 0.000000
0.977570 0.210612 0.000000 93.332233 -0.210612 0.977570 0.000000 -10.952106 0.000000 0.000000 1.000000 0.000000
0.977562 0.210648 0.000000 93.869784 -0.210648 0.977562 0.000000 -11.072710 0.000000 0.000000 1.000000 0.000000
0.976774 0.214272 0.000000 94.418877 -0.214272 0.976774 0.000000 -11.186298 0.000000 0.000000 1.000000 0.000000
0.975996 0.217790 0.000000 94.980928 -0.217790 0.975996 0.000000 -11.272584 0.000000 0.000000 1.000000 0.000000
0.976047 0.217561 0.000000 95.536169 -0.217561 0.976047 0.000000 -11.418456 0.000000 0.000000 1.000000 0.000000
0.975253 0.221091 0.000000 96.313077 -0.221091 0.975253 0.000000 -11.680404 0.000000 0.000000 1.000000 0.000000
0.974043 0.226363 0.000000 96.842057 -0.226363 0.974043 0.000000 -11.803425 0.000000 0.000000 1.000000 0.000000
0.972278 0.233826 0.000000 97.906847 -0.233826 0.972278 0.000000 -12.056835 0.000000 0.000000 1.000000 0.000000
0.971568 0.236760 0.000000 98.643689 -0.236760 0.971568 0.000000 -12.227588 0.000000 0.000000 1.000000 0.000000
0.970619 0.240623 0.000000 99.218316 -0.240623 0.970619 0.000000 -12.374415 0.000000 0.000000 1.000000 0.000000
0.969436 0.245344 0.000000 99.793248 -0.245344 0.969436 0.000000 -12.527788 0.000000 0.000000 1.000000 0.000000
0.968633 0.248496 0.000000 100.381311 -0.248496 0.968633 0.000000 -12.675264 0.000000 0.000000 1.000000 0.000000
0.968303 0.249779 0.000000 100.971888 -0.249779 0.968303 0.000000 -12.830202 0.000000 0.000000 1.000000 0.000000
0.967524 0.252780 0.000000 101.600802 -0.252780 0.967524 0.000000 -13.003007 0.000000 0.000000 1.000000 0.000000
0.967210 0.253979 0.000000 102.140604 -0.253979 0.967210 0.000000 -13.169575 0.000000 0.000000 1.000000 0.000000
0.966746 0.255738 0.000000 102.727587 -0.255738 0.966746 0.000000 -13.327745 0.000000 0.000000 1.000000 0.000000
0.967099 0.254401 0.000000 103.334819 -0.254401 0.967099 0.000000 -13.488776 0.000000 0.000000 1.000000 0.000000
0.967756 0.251890 0.000000 103.882349 -0.251890 0.967756 0.000000 -13.635699 0.000000 0.000000 1.000000 0.000000
0.967630 0.252373 0.000000 104.479765 -0.252373 0.967630 0.000000 -13.803563 0.000000 0.000000 1.000000 0.000000
0.967498 0.252879 0.000000 105.126803 -0.252879 0.967498 0.000000 -13.973333 0.000000 0.000000 1.000000 0.000000
0.967480 0.252948 0.000000 105.683382 -0.252948 0.967480 0.000000 -14.126553 0.000000 0.000000 1.000000 0.000000
0.966422 0.256961 0.000000 106.770224 -0.256961 0.966422 0.000000 -14.424839 0.000000 0.000000 1.000000 0.000000
0.965826 0.259191 0.000000 107.402172 -0.259191 0.965826 0.000000 -14.604894 0.000000 0.000000 1.000000 0.000000
0.965680 0.259736 0.000000 108.019036 -0.259736 0.965680 0.000000 -14.775591 0.000000 0.000000 1.000000 0.000000
0.965137 0.261745 0.000000 108.624584 -0.261745 0.965137 0.000000 -14.969259 0.000000 0.000000 1.000000 0.000000
0.964786 0.263038 0.000000 109.200466 -0.263038 0.964786 0.000000 -15.199320 0.000000 0.000000 1.000000 0.000000
0.964694 0.263375 0.000000 109.822870 -0.263375 0.964694 0.000000 -15.370474 0.000000 0.000000 1.000000 0.000000
0.964753 0.263158 0.000000 110.351033 -0.263158 0.964753 0.000000 -15.542458 0.000000 0.000000 1.000000 0.000000
0.964684 0.263408 0.000000 111.021276 -0.263408 0.964684 0.000000 -15.697855 0.000000 0.000000 1.000000 0.000000
0.964316 0.264753 0.000000 111.599671 -0.264753 0.964316 0.000000 -15.897734 0.000000 0.000000 1.000000 0.000000
0.963629 0.267243 0.000000 112.239139 -0.267243 0.963629 0.000000 -16.094558 0.000000 0.000000 1.000000 0.000000
0.963106 0.269122 0.000000 112.867242 -0.269122 0.963106 0.000000 -16.276897 0.000000 0.000000 1.000000 0.000000
0.963393 0.268094 0.000000 113.500856 -0.268094 0.963393 0.000000 -16.468008 0.000000 0.000000 1.000000 0.000000
0.963460 0.267852 0.000000 114.307655 -0.267852 0.963460 0.000000 -16.670041 0.000000 0.000000 1.000000 0.000000
0.962157 0.272497 0.000000 114.911287 -0.272497 0.962157 0.000000 -16.850085 0.000000 0.000000 1.000000 0.000000
0.963052 0.269315 0.000000 115.564206 -0.269315 0.963052 0.000000 -16.991722 0.000000 0.000000 1.000000 0.000000
0.962961 0.269641 0.000000 116.580343 -0.269641 0.962961 0.000000 -17.255709 0.000000 0.000000 1.000000 0.000000
0.963693 0.267013 0.000000 117.249905 -0.267013 0.963693 0.000000 -17.380296 0.000000 0.000000 1.000000 0.000000
0.963078 0.269224 0.000000 117.897160 -0.269224 0.963078 0.000000 -17.572675 0.000000 0.000000 1.000000 0.000000
0.962914 0.269808 0.000000 118.531987 -0.269808 0.962914 0.000000 -17.766604 0.000000 0.000000 1.000000 0.000000
0.962658 0.270719 0.000000 119.170285 -0.270719 0.962658 0.000000 -17.985503 0.000000 0.000000 1.000000 0.000000
0.963224 0.268700 0.000000 119.802840 -0.268700 0.963224 0.000000 -18.222760 0.000000 0.000000 1.000000 0.000000
0.963449 0.267890 0.000000 120.399099 -0.267890 0.963449 0.000000 -18.414131 0.000000 0.000000 1.000000 0.000000
0.963591 0.267379 0.000000 121.528205 -0.267379 0.963591 0.000000 -18.790854 0.000000 0.000000 1.000000 0.000000
0.963881 0.266334 0.000000 122.169230 -0.266334 0.963881 0.000000 -19.005938 0.000000 0.000000 1.000000 0.000000
0.964303 0.264800 0.000000 122.859817 -0.264800 0.964303 0.000000 -19.106744 0.000000 0.000000 1.000000 0.000000
0.964225 0.265085 0.000000 123.506890 -0.265085 0.964225 0.000000 -19.293933 0.000000 0.000000 1.000000 0.000000
0.965575 0.260125 0.000000 124.469875 -0.260125 0.965575 0.000000 -19.353706 0.000000 0.000000 1.000000 0.000000
0.965365 0.260904 0.000000 125.075103 -0.260904 0.965365 0.000000 -19.454306 0.000000 0.000000 1.000000 0.000000
0.966266 0.257546 0.000000 125.722373 -0.257546 0.966266 0.000000 -19.649152 0.000000 0.000000 1.000000 0.000000
0.966132 0.258050 0.000000 126.302273 -0.258050 0.966132 0.000000 -19.800220 0.000000 0.000000 1.000000 0.000000
0.965497 0.260416 0.000000 126.906554 -0.260416 0.965497 0.000000 -19.968095 0.000000 0.000000 1.000000 0.000000
0.975091 0.221804 0.000000 131.801675 -0.221804 0.975091 0.000000 -21.408489 0.000000 0.000000 1.000000 0.000000
0.974650 0.223735 0.000000 132.449459 -0.223735 0.974650 0.000000 -21.555500 0.000000 0.000000 1.000000 0.000000
0.975550 0.219777 0.000000 133.060719 -0.219777 0.975550 0.000000 -21.712774 0.000000 0.000000 1.000000 0.000000
0.975462 0.220167 0.000000 133.692058 -0.220167 0.975462 0.000000 -21.869679 0.000000 0.000000 1.000000 0.000000
0.975605 0.219535 0.000000 134.289943 -0.219535 0.975605 0.000000 -22.012315 0.000000 0.000000 1.000000 0.000000
0.975080 0.221852 0.000000 134.915875 -0.221852 0.975080 0.000000 -22.167843 0.000000 0.000000 1.000000 0.000000
0.975383 0.220519 0.000000 135.541396 -0.220519 0.975383 0.000000 -22.307267 0.000000 0.000000 1.000000 0.000000
0.974796 0.223100 0.000000 136.361587 -0.223100 0.974796 0.000000 -22.503211 0.000000 0.000000 1.000000 0.000000
0.991716 0.128451 0.000000 138.916374 -0.128451 0.991716 0.000000 -16.693936 0.000000 0.000000 1.000000 0.000000
0.991619 0.129199 0.000000 139.577719 -0.129199 0.991619 0.000000 -16.741480 0.000000 0.000000 1.000000 0.000000
0.991755 0.128146 0.000000 140.532570 -0.128146 0.991755 0.000000 -16.883030 0.000000 0.000000 1.000000 0.000000
0.991814 0.127695 0.000000 141.110673 -0.127695 0.991814 0.000000 -16.892975 0.000000 0.000000 1.000000 0.000000
0.991948 0.126647 0.000000 141.751951 -0.126647 0.991948 0.000000 -16.987097 0.000000 0.000000 1.000000 0.000000
0.992002 0.126225 0.000000 142.386048 -0.126225 0.992002 0.000000 -17.074826 0.000000 0.000000 1.000000 0.000000
0.992154 0.125022 0.000000 143.046822 -0.125022 0.992154 0.000000 -17.126958 0.000000 0.000000 1.000000 0.000000
0.992072 0.125671 0.000000 143.981291 -0.125671 0.992072 0.000000 -17.269532 0.000000 0.000000 1.000000 0.000000
0.991868 0.127272 0.000000 144.586575 -0.127272 0.991868 0.000000 -17.354400 0.000000 0.000000 1.000000 0.000000
0.991686 0.128684 0.000000 145.191129 -0.128684 0.991686 0.000000 -17.413815 0.000000 0.000000 1.000000 0.000000
0.991296 0.131651 0.000000 145.777726 -0.131651 0.991296 0.000000 -17.498289 0.000000 0.000000 1.000000 0.000000
0.991182 0.132509 0.000000 146.596009 -0.132509 0.991182 0.000000 -17.623353 0.000000 0.000000 1.000000 0.000000
0.991175 0.132561 0.000000 147.218993 -0.132561 0.991175 0.000000 -17.718448 0.000000 0.000000 1.000000 0.000000
0.990986 0.133963 0.000000 147.848360 -0.133963 0.990986 0.000000 -17.842224 0.000000 0.000000 1.000000 0.000000
0.991327 0.131422 0.000000 148.438819 -0.131422 0.991327 0.000000 -17.973166 0.000000 0.000000 1.000000 0.000000
0.991331 0.131391 0.000000 149.056166 -0.131391 0.991331 0.000000 -18.067291 0.000000 0.000000 1.000000 0.000000
0.992052 0.125832 0.000000 150.236547 -0.125832 0.992052 0.000000 -18.253910 0.000000 0.000000 1.000000 0.000000
0.992011 0.126151 0.000000 150.796904 -0.126151 0.992011 0.000000 -18.304108 0.000000 0.000000 1.000000 0.000000
0.992258 0.124196 0.000000 151.400584 -0.124196 0.992258 0.000000 -18.394685 0.000000 0.000000 1.000000 0.000000
0.992312 0.123760 0.000000 152.000595 -0.123760 0.992312 0.000000 -18.480512 0.000000 0.000000 1.000000 0.000000
0.992234 0.124383 0.000000 152.606881 -0.124383 0.992234 0.000000 -18.575959 0.000000 0.000000 1.000000 0.000000
0.992856 0.119323 0.000000 153.252195 -0.119323 0.992856 0.000000 -18.623996 0.000000 0.000000 1.000000 0.000000
0.992977 0.118309 0.000000 153.988462 -0.118309 0.992977 0.000000 -18.729714 0.000000 0.000000 1.000000 0.000000
0.992961 0.118443 0.000000 154.609365 -0.118443 0.992961 0.000000 -18.823069 0.000000 0.000000 1.000000 0.000000
0.992980 0.118279 0.000000 155.161426 -0.118279 0.992980 0.000000 -18.900006 0.000000 0.000000 1.000000 0.000000
0.992687 0.120715 0.000000 155.758883 -0.120715 0.992687 0.000000 -18.985983 0.000000 0.000000 1.000000 0.000000
0.992671 0.120850 0.000000 156.298889 -0.120850 0.992671 0.000000 -19.049217 0.000000 0.000000 1.000000 0.000000
0.992635 0.121142 0.000000 156.848779 -0.121142 0.992635 0.000000 -19.121612 0.000000 0.000000 1.000000 0.000000
0.992928 0.118720 0.000000 157.447479 -0.118720 0.992928 0.000000 -19.203829 0.000000 0.000000 1.000000 0.000000
0.992937 0.118640 0.000000 157.997737 -0.118640 0.992937 0.000000 -19.337703 0.000000 0.000000 1.000000 0.000000
0.992828 0.119554 0.000000 158.586517 -0.119554 0.992828 0.000000 -19.421495 0.000000 0.000000 1.000000 0.000000
0.992527 0.122028 0.000000 159.191645 -0.122028 0.992527 0.000000 -19.513667 0.000000 0.000000 1.000000 0.000000
0.992071 0.125682 0.000000 159.934594 -0.125682 0.992071 0.000000 -19.615342 0.000000 0.000000 1.000000 0.000000
0.992105 0.125413 0.000000 160.511541 -0.125413 0.992105 0.000000 -19.605258 0.000000 0.000000 1.000000 0.000000
0.991890 0.127096 0.000000 161.090698 -0.127096 0.991890 0.000000 -19.687388 0.000000 0.000000 1.000000 0.000000
0.991857 0.127360 0.000000 161.655679 -0.127360 0.991857 0.000000 -19.758359 0.000000 0.000000 1.000000 0.000000
0.992170 0.124895 0.000000 162.230744 -0.124895 0.992170 0.000000 -19.836474 0.000000 0.000000 1.000000 0.000000
0.992115 0.125328 0.000000 162.783722 -0.125328 0.992115 0.000000 -19.904803 0.000000 0.000000 1.000000 0.000000
0.992162 0.124955 0.000000 163.520861 -0.124955 0.992162 0.000000 -20.003615 0.000000 0.000000 1.000000 0.000000
0.991289 0.131701 0.000000 164.073648 -0.131701 0.991289 0.000000 -20.109152 0.000000 0.000000 1.000000 0.000000
0.991211 0.132287 0.000000 164.622700 -0.132287 0.991211 0.000000 -20.198443 0.000000 0.000000 1.000000 0.000000
0.991525 0.129912 0.000000 165.155993 -0.129912 0.991525 0.000000 -20.266714 0.000000 0.000000 1.000000 0.000000
0.991263 0.131904 0.000000 165.724690 -0.131904 0.991263 0.000000 -20.333529 0.000000 0.000000 1.000000 0.000000
0.991213 0.132276 0.000000 166.257420 -0.132276 0.991213 0.000000 -20.413414 0.000000 0.000000 1.000000 0.000000
0.990844 0.135011 0.000000 167.022809 -0.135011 0.990844 0.000000 -20.517257 0.000000 0.000000 1.000000 0.000000
0.991193 0.132425 0.000000 167.587664 -0.132425 0.991193 0.000000 -20.601790 0.000000 0.000000 1.000000 0.000000
0.991370 0.131094 0.000000 168.158497 -0.131094 0.991370 0.000000 -20.694643 0.000000 0.000000 1.000000 0.000000
0.991667 0.128828 0.000000 168.663138 -0.128828 0.991667 0.000000 -20.768509 0.000000 0.000000 1.000000 0.000000
0.991711 0.128485 0.000000 169.259584 -0.128485 0.991711 0.000000 -20.885761 0.000000 0.000000 1.000000 0.000000
0.991774 0.127999 0.000000 169.861882 -0.127999 0.991774 0.000000 -20.943363 0.000000 0.000000 1.000000 0.000000
0.992238 0.124351 0.000000 170.428859 -0.124351 0.992238 0.000000 -21.034031 0.000000 0.000000 1.000000 0.000000
0.992768 0.120052 0.000000 170.966041 -0.120052 0.992768 0.000000 -21.114324 0.000000 0.000000 1.000000 0.000000
0.992887 0.119062 0.000000 171.526969 -0.119062 0.992887 0.000000 -21.220545 0.000000 0.000000 1.000000 0.000000
0.993469 0.114099 0.000000 172.121753 -0.114099 0.993469 0.000000 -21.309625 0.000000 0.000000 1.000000 0.000000
0.993602 0.112940 0.000000 172.647177 -0.112940 0.993602 0.000000 -21.406032 0.000000 0.000000 1.000000 0.000000
0.994255 0.107038 0.000000 173.280523 -0.107038 0.994255 0.000000 -21.428245 0.000000 0.000000 1.000000 0.000000
0.994281 0.106800 0.000000 173.860142 -0.106800 0.994281 0.000000 -21.527443 0.000000 0.000000 1.000000 0.000000
0.994883 0.101037 0.000000 174.440335 -0.101037 0.994883 0.000000 -21.618113 0.000000 0.000000 1.000000 0.000000
0.995467 0.095109 0.000000 175.005890 -0.095109 0.995467 0.000000 -21.697410 0.000000 0.000000 1.000000 0.000000
0.995901 0.090452 0.000000 175.594516 -0.090452 0.995901 0.000000 -21.805855 0.000000 0.000000 1.000000 0.000000
0.996226 0.086800 0.000000 176.126602 -0.086800 0.996226 0.000000 -21.869748 0.000000 0.000000 1.000000 0.000000
0.996613 0.082232 0.000000 176.675974 -0.082232 0.996613 0.000000 -21.960324 0.000000 0.000000 1.000000 0.000000
0.997199 0.074797 0.000000 177.295036 -0.074797 0.997199 0.000000 -22.037013 0.000000 0.000000 1.000000 0.000000
0.997523 0.070335 0.000000 177.868663 -0.070335 0.997523 0.000000 -22.106040 0.000000 0.000000 1.000000 0.000000
0.997695 0.067862 0.000000 178.622650 -0.067862 0.997695 0.000000 -22.177714 0.000000 0.000000 1.000000 0.000000
0.997912 0.064587 0.000000 179.214470 -0.064587 0.997912 0.000000 -22.237889 0.000000 0.000000 1.000000 0.000000
0.997759 0.066905 0.000000 179.729578 -0.066905 0.997759 0.000000 -22.299067 0.000000 0.000000 1.000000 0.000000
0.997791 0.066424 0.000000 180.292882 -0.066424 0.997791 0.000000 -22.407221 0.000000 0.000000 1.000000 0.000000
0.997967 0.063735 0.000000 181.060183 -0.063735 0.997967 0.000000 -22.513582 0.000000 0.000000 1.000000 0.000000
0.998269 0.058819 0.000000 182.173409 -0.058819 0.998269 0.000000 -22.631251 0.000000 0.000000 1.000000 0.000000
0.998237 0.059347 0.000000 182.488515 -0.059347 0.998237 0.000000 -22.581442 0.000000 0.000000 1.000000 0.000000
0.998238 0.059332 0.000000 183.045584 -0.059332 0.998238 0.000000 -22.622866 0.000000 0.000000 1.000000 0.000000
0.998346 0.057491 0.000000 183.600857 -0.057491 0.998346 0.000000 -22.666423 0.000000 0.000000 1.000000 0.000000
0.998438 0.055865 0.000000 184.234944 -0.055865 0.998438 0.000000 -22.718003 0.000000 0.000000 1.000000 0.000000
0.998333 0.057719 0.000000 184.782498 -0.057719 0.998333 0.000000 -22.764972 0.000000 0.000000 1.000000 0.000000
0.998370 0.057073 0.000000 185.355663 -0.057073 0.998370 0.000000 -22.805131 0.000000 0.000000 1.000000 0.000000
0.998298 0.058318 0.000000 185.951404 -0.058318 0.998298 0.000000 -22.833268 0.000000 0.000000 1.000000 0.000000
0.998354 0.057344 0.000000 186.507144 -0.057344 0.998354 0.000000 -22.837429 0.000000 0.000000 1.000000 0.000000
0.998349 0.057432 0.000000 187.063111 -0.057432 0.998349 0.000000 -22.876361 0.000000 0.000000 1.000000 0.000000
0.998448 0.055691 0.000000 187.608304 -0.055691 0.998448 0.000000 -22.913763 0.000000 0.000000 1.000000 0.000000
0.998525 0.054285 0.000000 188.128492 -0.054285 0.998525 0.000000 -22.904396 0.000000 0.000000 1.000000 0.000000
0.998608 0.052749 0.000000 188.610649 -0.052749 0.998608 0.000000 -22.932938 0.000000 0.000000 1.000000 0.000000
0.998586 0.053160 0.000000 189.126480 -0.053160 0.998586 0.000000 -22.971180 0.000000 0.000000 1.000000 0.000000
0.998545 0.053925 0.000000 189.675689 -0.053925 0.998545 0.000000 -23.013466 0.000000 0.000000 1.000000 0.000000
0.998754 0.049897 0.000000 190.172922 -0.049897 0.998754 0.000000 -23.046144 0.000000 0.000000 1.000000 0.000000
0.998889 0.047115 0.000000 190.711958 -0.047115 0.998889 0.000000 -23.078483 0.000000 0.000000 1.000000 0.000000
0.998916 0.046552 0.000000 191.180276 -0.046552 0.998916 0.000000 -23.098435 0.000000 0.000000 1.000000 0.000000
0.998900 0.046900 0.000000 191.721635 -0.046900 0.998900 0.000000 -23.118056 0.000000 0.000000 1.000000 0.000000
0.998869 0.047552 0.000000 192.215509 -0.047552 0.998869 0.000000 -23.145650 0.000000 0.000000 1.000000 0.000000
0.998898 0.046924 0.000000 192.801869 -0.046924 0.998898 0.000000 -23.195540 0.000000 0.000000 1.000000 0.000000
0.999149 0.041250 0.000000 193.459392 -0.041250 0.999149 0.000000 -23.238249 0.000000 0.000000 1.000000 0.000000
0.999319 0.036906 0.000000 193.991076 -0.036906 0.999319 0.000000 -23.269922 0.000000 0.000000 1.000000 0.000000
0.999329 0.036627 0.000000 194.538211 -0.036627 0.999329 0.000000 -23.296752 0.000000 0.000000 1.000000 0.000000
0.999498 0.031689 0.000000 195.114550 -0.031689 0.999498 0.000000 -23.312936 0.000000 0.000000 1.000000 0.000000
0.999640 0.026843 0.000000 195.864107 -0.026843 0.999640 0.000000 -23.357012 0.000000 0.000000 1.000000 0.000000
0.999674 0.025536 0.000000 196.386507 -0.025536 0.999674 0.000000 -23.379664 0.000000 0.000000 1.000000 0.000000
0.999685 0.025106 0.000000 196.943533 -0.025106 0.999685 0.000000 -23.437220 0.000000 0.000000 1.000000 0.000000
0.999834 0.018242 0.000000 197.477707 -0.018242 0.999834 0.000000 -23.455372 0.000000 0.000000 1.000000 0.000000
0.999926 0.012206 0.000000 197.977620 -0.012206 0.999926 0.000000 -23.485293 0.000000 0.000000 1.000000 0.000000
0.999987 0.005140 0.000000 199.001308 -0.005140 0.999987 0.000000 -23.482570 0.000000 0.000000 1.000000 0.000000
0.999997 -0.002635 0.000000 199.494047 0.002635 0.999997 0.000000 -23.498099 0.000000 0.000000 1.000000 0.000000
0.999953 -0.009699 0.000000 200.034720 0.009699 0.999953 0.000000 -23.522380 0.000000 0.000000 1.000000 0.000000
0.999857 -0.016900 0.000000 200.501867 0.016900 0.999857 0.000000 -23.527804 0.000000 0.000000 1.000000 0.000000
0.999643 -0.026707 0.000000 201.031112 0.026707 0.999643 0.000000 -23.511780 0.000000 0.000000 1.000000 0.000000
0.999334 -0.036499 0.000000 201.511227 0.036499 0.999334 0.000000 -23.501174 0.000000 0.000000 1.000000 0.000000
0.998653 -0.051881 0.000000 202.448124 0.051881 0.998653 0.000000 -23.508335 0.000000 0.000000 1.000000 0.000000
0.997961 -0.063821 0.000000 202.932376 0.063821 0.997961 0.000000 -23.486887 0.000000 0.000000 1.000000 0.000000
0.997376 -0.072393 0.000000 203.454966 0.072393 0.997376 0.000000 -23.430643 0.000000 0.000000 1.000000 0.000000
0.996051 -0.088779 0.000000 204.124356 0.088779 0.996051 0.000000 -23.382716 0.000000 0.000000 1.000000 0.000000
0.994962 -0.100257 0.000000 204.606580 0.100257 0.994962 0.000000 -23.350277 0.000000 0.000000 1.000000 0.000000
