1.000000 0.000256 0.000000 0.598041 -0.000256 1.000000 0.000000 -0.011961 0.000000 0.000000 1.000000 0.000000
0.999996 0.002729 0.000000 1.415478 -0.002729 0.999996 0.000000 -0.027612 0.000000 0.000000 1.000000 0.000000
0.999995 0.003044 0.000000 2.002116 -0.003044 0.999995 0.000000 -0.051213 0.000000 0.000000 1.000000 0.000000
0.999992 0.003992 0.000000 2.559428 -0.003992 0.999992 0.000000 -0.060883 0.000000 0.000000 1.000000 0.000000
0.999962 0.008746 0.000000 3.145761 -0.008746 0.999962 0.000000 -0.065318 0.000000 0.000000 1.000000 0.000000
0.999905 0.013750 0.000000 3.689283 -0.013750 0.999905 0.000000 -0.081894 0.000000 0.000000 1.000000 0.000000
0.999804 0.019782 0.000000 4.269650 -0.019782 0.999804 0.000000 -0.094697 0.000000 0.000000 1.000000 0.000000
0.999675 0.025477 0.000000 4.808764 -0.025477 0.999675 0.000000 -0.110595 0.000000 0.000000 1.000000 0.000000
0.999523 0.030897 0.000000 5.523408 -0.030897 0.999523 0.000000 -0.145609 0.000000 0.000000 1.000000 0.000000
0.999415 0.034189 0.000000 6.099861 -0.034189 0.999415 0.000000 -0.176105 0.000000 0.000000 1.000000 0.000000
0.999254 0.038606 0.000000 6.671935 -0.038606 0.999254 0.000000 -0.200599 0.000000 0.000000 1.000000 0.000000
0.999006 0.044585 0.000000 7.246457 -0.044585 0.999006 0.000000 -0.224040 0.000000 0.000000 1.000000 0.000000
0.998699 0.050999 0.000000 8.398897 -0.050999 0.998699 0.000000 -0.263358 0.000000 0.000000 1.000000 0.000000
0.998393 0.056662 0.000000 8.941585 -0.056662 0.998393 0.000000 -0.291942 0.000000 0.000000 1.000000 0.000000
0.997945 0.064069 0.000000 9.517713 -0.064069 0.997945 0.000000 -0.323798 0.000000 0.000000 1.000000 0.000000
0.997505 0.070592 0.000000 10.062145 -0.070592 0.997505 0.000000 -0.359639 0.000000 0.000000 1.000000 0.000000
0.997025 0.077079 0.000000 10.627290 -0.077079 0.997025 0.000000 -0.397994 0.000000 0.000000 1.000000 0.000000
0.996698 0.081202 0.000000 11.163544 -0.081202 0.996698 0.000000 -0.452262 0.000000 0.000000 1.000000 0.000000
0.996158 0.087577 0.000000 11.743145 -0.087577 0.996158 0.000000 -0.509044 0.000000 0.000000 1.000000 0.000000
0.995533 0.094412 0.000000 12.279950 -0.094412 0.995533 0.000000 -0.553902 0.000000 0.000000 1.000000 0.000000
0.994086 0.108592 0.000000 13.033684 -0.108592 0.994086 0.000000 -0.618426 0.000000 0.000000 1.000000 0.000000
0.993301 0.115555 0.000000 13.600632 -0.115555 0.993301 0.000000 -0.681893 0.000000 0.000000 1.000000 0.000000
0.992713 0.120505 0.000000 14.157809 -0.120505 0.992713 0.000000 -0.747963 0.000000 0.000000 1.000000 0.000000
0.992138 0.125148 0.000000 14.714629 -0.125148 0.992138 0.000000 -0.818439 0.000000 0.000000 1.000000 0.000000
0.991300 0.131625 0.000000 15.283972 -0.131625 0.991300 0.000000 -0.898015 0.000000 0.000000 1.000000 0.000000
0.990423 0.138064 0.000000 15.813263 -0.138064 0.990423 0.000000 -0.972545 0.000000 0.000000 1.000000 0.000000
0.989637 0.143590 0.000000 16.341345 -0.143590 0.989637 0.000000 -1.048112 0.000000 0.000000 1.000000 0.000000
0.988229 0.152981 0.000000 16.905646 -0.152981 0.988229 0.000000 -1.135562 0.000000 0.000000 1.000000 0.000000
0.986714 0.162469 0.000000 17.425735 -0.162469 0.986714 0.000000 -1.219135 0.000000 0.000000 1.000000 0.000000
0.985599 0.169097 0.000000 17.982825 -0.169097 0.985599 0.000000 -1.316178 0.000000 0.000000 1.000000 0.000000
0.984437 0.175740 0.000000 18.719126 -0.175740 0.984437 0.000000 -1.463301 0.000000 0.000000 1.000000 0.000000
0.983061 0.183277 0.000000 19.273563 -0.183277 0.983061 0.000000 -1.566551 0.000000 0.000000 1.000000 0.000000
0.981480 0.191565 0.000000 19.862300 -0.191565 0.981480 0.000000 -1.677206 0.000000 0.000000 1.000000 0.000000
0.980006 0.198969 0.000000 20.411294 -0.198969 0.980006 0.000000 -1.786628 0.000000 0.000000 1.000000 0.000000
0.978623 0.205664 0.000000 20.957460 -0.205664 0.978623 0.000000 -1.901079 0.000000 0.000000 1.000000 0.000000
0.977396 0.211417 0.000000 21.467571 -0.211417 0.977396 0.000000 -2.008005 0.000000 0.000000 1.000000 0.000000
0.977125 0.212668 0.000000 22.016503 -0.212668 0.977125 0.000000 -2.133098 0.000000 0.000000 1.000000 0.000000
0.976362 0.216140 0.000000 22.520953 -0.216140 0.976362 0.000000 -2.246989 0.000000 0.000000 1.000000 0.000000
0.975197 0.221340 0.000000 23.055091 -0.221340 0.975197 0.000000 -2.369963 0.000000 0.000000 1.000000 0.000000
0.973237 0.229805 0.000000 24.085459 -0.229805 0.973237 0.000000 -2.621196 0.000000 0.000000 1.000000 0.000000
0.972105 0.234546 0.000000 24.578349 -0.234546 0.972105 0.000000 -2.726451 0.000000 0.000000 1.000000 0.000000
0.970880 0.239568 0.000000 25.107001 -0.239568 0.970880 0.000000 -2.857269 0.000000 0.000000 1.000000 0.000000
0.969301 0.245876 0.000000 25.773950 -0.245876 0.969301 0.000000 -3.029816 0.000000 0.000000 1.000000 0.000000
0.968108 0.250535 0.000000 26.260936 -0.250535 0.968108 0.000000 -3.151968 0.000000 0.000000 1.000000 0.000000
0.966345 0.257250 0.000000 26.745857 -0.257250 0.966345 0.000000 -3.279537 0.000000 0.000000 1.000000 0.000000
0.965412 0.260728 0.000000 27.268687 -0.260728 0.965412 0.000000 -3.409868 0.000000 0.000000 1.000000 0.000000
0.963709 0.266953 0.000000 27.751377 -0.266953 0.963709 0.000000 -3.542073 0.000000 0.000000 1.000000 0.000000
0.961695 0.274120 0.000000 28.427922 -0.274120 0.961695 0.000000 -3.735797 0.000000 0.000000 1.000000 0.000000
0.960733 0.277476 0.000000 28.943467 -0.277476 0.960733 0.000000 -3.891484 0.000000 0.000000 1.000000 0.000000
0.959302 0.282382 0.000000 29.455650 -0.282382 0.959302 0.000000 -4.055408 0.000000 0.000000 1.000000 0.000000
0.957732 0.287662 0.000000 29.955143 -0.287662 0.957732 0.000000 -4.208112 0.000000 0.000000 1.000000 0.000000
0.956148 0.292882 0.000000 30.493528 -0.292882 0.956148 0.000000 -4.394294 0.000000 0.000000 1.000000 0.000000
0.954935 0.296816 0.000000 31.006085 -0.296816 0.954935 0.000000 -4.544724 0.000000 0.000000 1.000000 0.000000
0.953799 0.300447 0.000000 31.479019 -0.300447 0.953799 0.000000 -4.710294 0.000000 0.000000 1.000000 0.000000
0.952436 0.304739 0.000000 31.989762 -0.304739 0.952436 0.000000 -4.883770 0.000000 0.000000 1.000000 0.000000
0.950715 0.310066 0.000000 32.463688 -0.310066 0.950715 0.000000 -5.033511 0.000000 0.000000 1.000000 0.000000
0.948863 0.315689 0.000000 32.969267 -0.315689 0.948863 0.000000 -5.201450 0.000000 0.000000 1.000000 0.000000
0.947688 0.319199 0.000000 33.451901 -0.319199 0.947688 0.000000 -5.349112 0.000000 0.000000 1.000000 0.000000
0.945299 0.326205 0.000000 33.956029 -0.326205 0.945299 0.000000 -5.520158 0.000000 0.000000 1.000000 0.000000
0.943422 0.331595 0.000000 34.433182 -0.331595 0.943422 0.000000 -5.687723 0.000000 0.000000 1.000000 0.000000
0.942300 0.334770 0.000000 34.938701 -0.334770 0.942300 0.000000 -5.867760 0.000000 0.000000 1.000000 0.000000
0.940567 0.339608 0.000000 35.398005 -0.339608 0.940567 0.000000 -6.034857 0.000000 0.000000 1.000000 0.000000
0.937240 0.348686 0.000000 36.094567 -0.348686 0.937240 0.000000 -6.263657 0.000000 0.000000 1.000000 0.000000
0.933217 0.359314 0.000000 36.805928 -0.359314 0.933217 0.000000 -6.530430 0.000000 0.000000 1.000000 0.000000
0.930206 0.367037 0.000000 37.296485 -0.367037 0.930206 0.000000 -6.721586 0.000000 0.000000 1.000000 0.000000
0.926107 0.377260 0.000000 38.141867 -0.377260 0.926107 0.000000 -7.067249 0.000000 0.000000 1.000000 0.000000
0.924009 0.382370 0.000000 38.625429 -0.382370 0.924009 0.000000 -7.271779 0.000000 0.000000 1.000000 0.000000
0.923445 0.383731 0.000000 39.104469 -0.383731 0.923445 0.000000 -7.472654 0.000000 0.000000 1.000000 0.000000
0.920138 0.391594 0.000000 39.591920 -0.391594 0.920138 0.000000 -7.656507 0.000000 0.000000 1.000000 0.000000
0.918900 0.394489 0.000000 40.065269 -0.394489 0.918900 0.000000 -7.859351 0.000000 0.000000 1.000000 0.000000
0.916762 0.399433 0.000000 40.566592 -0.399433 0.916762 0.000000 -8.085245 0.000000 0.000000 1.000000 0.000000
0.914526 0.404527 0.000000 41.002067 -0.404527 0.914526 0.000000 -8.273611 0.000000 0.000000 1.000000 0.000000
0.912892 0.408201 0.000000 41.460180 -0.408201 0.912892 0.000000 -8.484487 0.000000 0.000000 1.000000 0.000000
0.912391 0.409320 0.000000 41.912457 -0.409320 0.912391 0.000000 -8.682312 0.000000 0.000000 1.000000 0.000000
0.910520 0.413464 0.000000 42.364660 -0.413464 0.910520 0.000000 -8.888405 0.000000 0.000000 1.000000 0.000000
0.908927 0.416955 0.000000 42.796765 -0.416955 0.908927 0.000000 -9.099607 0.000000 0.000000 1.000000 0.000000
0.907265 0.420560 0.000000 43.235696 -0.420560 0.907265 0.000000 -9.314578 0.000000 0.000000 1.000000 0.000000
0.907192 0.420717 0.000000 43.640967 -0.420717 0.907192 0.000000 -9.525993 0.000000 0.000000 1.000000 0.000000
0.905040 0.425327 0.000000 44.069089 -0.425327 0.905040 0.000000 -9.741252 0.000000 0.000000 1.000000 0.000000
0.904207 0.427094 0.000000 44.465496 -0.427094 0.904207 0.000000 -9.942131 0.000000 0.000000 1.000000 0.000000
0.904018 0.427494 0.000000 44.893136 -0.427494 0.904018 0.000000 -10.151109 0.000000 0.000000 1.000000 0.000000
0.903475 0.428641 0.000000 45.300808 -0.428641 0.903475 0.000000 -10.349127 0.000000 0.000000 1.000000 0.000000
0.903650 0.428271 0.000000 45.699403 -0.428271 0.903650 0.000000 -10.544160 0.000000 0.000000 1.000000 0.000000
0.900497 0.434861 0.000000 46.098653 -0.434861 0.900497 0.000000 -10.723497 0.000000 0.000000 1.000000 0.000000
0.897984 0.440027 0.000000 46.488991 -0.440027 0.897984 0.000000 -10.918060 0.000000 0.000000 1.000000 0.000000
0.896326 0.443396 0.000000 46.869604 -0.443396 0.896326 0.000000 -11.115584 0.000000 0.000000 1.000000 0.000000
0.892993 0.450070 0.000000 47.234578 -0.450070 0.892993 0.000000 -11.304948 0.000000 0.000000 1.000000 0.000000
0.890434 0.455112 0.000000 47.618322 -0.455112 0.890434 0.000000 -11.510002 0.000000 0.000000 1.000000 0.000000
0.885050 0.465497 0.000000 48.161385 -0.465497 0.885050 0.000000 -11.807964 0.000000 0.000000 1.000000 0.000000
0.880052 0.474877 0.000000 48.553263 -0.474877 0.880052 0.000000 -12.019978 0.000000 0.000000 1.000000 0.000000
0.876963 0.480558 0.000000 48.914597 -0.480558 0.876963 0.000000 -12.226728 0.000000 0.000000 1.000000 0.000000
0.874371 0.485259 0.000000 49.275491 -0.485259 0.874371 0.000000 -12.427791 0.000000 0.000000 1.000000 0.000000
0.870497 0.492174 0.000000 49.626727 -0.492174 0.870497 0.000000 -12.625110 0.000000 0.000000 1.000000 0.000000
0.867743 0.497013 0.000000 49.972511 -0.497013 0.867743 0.000000 -12.826182 0.000000 0.000000 1.000000 0.000000
0.864908 0.501930 0.000000 50.317500 -0.501930 0.864908 0.000000 -13.020724 0.000000 0.000000 1.000000 0.000000
0.861355 0.508004 0.000000 50.658009 -0.508004 0.861355 0.000000 -13.221110 0.000000 0.000000 1.000000 0.000000
0.859484 0.511163 0.000000 50.983110 -0.511163 0.859484 0.000000 -13.422145 0.000000 0.000000 1.000000 0.000000
0.857180 0.515017 0.000000 51.306513 -0.515017 0.857180 0.000000 -13.619013 0.000000 0.000000 1.000000 0.000000
0.855763 0.517368 0.000000 51.624797 -0.517368 0.855763 0.000000 -13.818895 0.000000 0.000000 1.000000 0.000000
0.855111 0.518445 0.000000 52.197851 -0.518445 0.855111 0.000000 -14.229773 0.000000 0.000000 1.000000 0.000000
0.854321 0.519746 0.000000 52.497900 -0.519746 0.854321 0.000000 -14.414846 0.000000 0.000000 1.000000 0.000000
0.854191 0.519960 0.000000 52.781402 -0.519960 0.854191 0.000000 -14.590394 0.000000 0.000000 1.000000 0.000000
0.856394 0.516323 0.000000 53.060153 -0.516323 0.856394 0.000000 -14.768411 0.000000 0.000000 1.000000 0.000000
0.855415 0.517943 0.000000 53.350035 -0.517943 0.855415 0.000000 -14.943635 0.000000 0.000000 1.000000 0.000000
0.854504 0.519445 0.000000 53.615935 -0.519445 0.854504 0.000000 -15.109292 0.000000 0.000000 1.000000 0.000000
0.853794 0.520610 0.000000 53.893847 -0.520610 0.853794 0.000000 -15.288477 0.000000 0.000000 1.000000 0.000000
0.853261 0.521485 0.000000 54.147972 -0.521485 0.853261 0.000000 -15.450154 0.000000 0.000000 1.000000 0.000000
0.853829 0.520554 0.000000 54.417191 -0.520554 0.853829 0.000000 -15.623028 0.000000 0.000000 1.000000 0.000000
0.852430 0.522841 0.000000 54.667254 -0.522841 0.852430 0.000000 -15.777469 0.000000 0.000000 1.000000 0.000000
0.851521 0.524321 0.000000 54.911246 -0.524321 0.851521 0.000000 -15.927695 0.000000 0.000000 1.000000 0.000000
0.849633 0.527375 0.000000 55.166121 -0.527375 0.849633 0.000000 -16.086645 0.000000 0.000000 1.000000 0.000000
0.848080 0.529868 0.000000 55.534980 -0.529868 0.848080 0.000000 -16.311997 0.000000 0.000000 1.000000 0.000000
0.844592 0.535410 0.000000 55.798623 -0.535410 0.844592 0.000000 -16.473381 0.000000 0.000000 1.000000 0.000000
0.841879 0.539667 0.000000 56.039589 -0.539667 0.841879 0.000000 -16.625354 0.000000 0.000000 1.000000 0.000000
0.838729 0.544548 0.000000 56.274920 -0.544548 0.838729 0.000000 -16.771479 0.000000 0.000000 1.000000 0.000000
0.835972 0.548771 0.000000 56.503950 -0.548771 0.835972 0.000000 -16.919579 0.000000 0.000000 1.000000 0.000000
0.835407 0.549632 0.000000 56.725530 -0.549632 0.835407 0.000000 -17.071928 0.000000 0.000000 1.000000 0.000000
0.835177 0.549981 0.000000 56.940323 -0.549981 0.835177 0.000000 -17.224756 0.000000 0.000000 1.000000 0.000000
0.836858 0.547420 0.000000 57.153161 -0.547420 0.836858 0.000000 -17.376867 0.000000 0.000000 1.000000 0.000000
0.836454 0.548036 0.000000 57.360620 -0.548036 0.836454 0.000000 -17.527326 0.000000 0.000000 1.000000 0.000000
0.835014 0.550229 0.000000 57.549669 -0.550229 0.835014 0.000000 -17.663284 0.000000 0.000000 1.000000 0.000000
0.828539 0.559931 0.000000 57.948328 -0.559931 0.828539 0.000000 -17.909216 0.000000 0.000000 1.000000 0.000000
0.827030 0.562158 0.000000 58.109841 -0.562158 0.827030 0.000000 -18.036477 0.000000 0.000000 1.000000 0.000000
0.827341 0.561699 0.000000 58.274997 -0.561699 0.827341 0.000000 -18.164457 0.000000 0.000000 1.000000 0.000000
0.827510 0.561451 0.000000 58.446670 -0.561451 0.827510 0.000000 -18.297907 0.000000 0.000000 1.000000 0.000000
0.826601 0.562788 0.000000 58.609711 -0.562788 0.826601 0.000000 -18.415553 0.000000 0.000000 1.000000 0.000000
0.826454 0.563004 0.000000 58.769195 -0.563004 0.826454 0.000000 -18.535210 0.000000 0.000000 1.000000 0.000000
0.825086 0.565008 0.000000 58.941383 -0.565008 0.825086 0.000000 -18.658084 0.000000 0.000000 1.000000 0.000000
0.824351 0.566080 0.000000 59.101168 -0.566080 0.824351 0.000000 -18.767047 0.000000 0.000000 1.000000 0.000000
0.822713 0.568456 0.000000 59.270775 -0.568456 0.822713 0.000000 -18.883838 0.000000 0.000000 1.000000 0.000000
0.820003 0.572359 0.000000 59.594935 -0.572359 0.820003 0.000000 -19.105494 0.000000 0.000000 1.000000 0.000000
0.819312 0.573348 0.000000 59.746372 -0.573348 0.819312 0.000000 -19.214994 0.000000 0.000000 1.000000 0.000000
0.818513 0.574489 0.000000 59.900700 -0.574489 0.818513 0.000000 -19.319213 0.000000 0.000000 1.000000 0.000000
0.816982 0.576663 0.000000 60.154807 -0.576663 0.816982 0.000000 -19.504023 0.000000 0.000000 1.000000 0.000000
0.815085 0.579341 0.000000 60.317472 -0.579341 0.815085 0.000000 -19.618916 0.000000 0.000000 1.000000 0.000000
0.813202 0.581981 0.000000 60.481598 -0.581981 0.813202 0.000000 -19.734970 0.000000 0.000000 1.000000 0.000000
0.813350 0.581775 0.000000 60.642618 -0.581775 0.813350 0.000000 -19.855085 0.000000 0.000000 1.000000 0.000000
0.812497 0.582966 0.000000 60.807547 -0.582966 0.812497 0.000000 -19.968291 0.000000 0.000000 1.000000 0.000000
0.811535 0.584304 0.000000 60.969530 -0.584304 0.811535 0.000000 -20.091699 0.000000 0.000000 1.000000 0.000000
0.810175 0.586188 0.000000 61.133404 -0.586188 0.810175 0.000000 -20.213658 0.000000 0.000000 1.000000 0.000000
0.806762 0.590876 0.000000 61.468340 -0.590876 0.806762 0.000000 -20.461685 0.000000 0.000000 1.000000 0.000000
0.805415 0.592711 0.000000 61.636780 -0.592711 0.805415 0.000000 -20.587386 0.000000 0.000000 1.000000 0.000000
0.803569 0.595212 0.000000 61.810092 -0.595212 0.803569 0.000000 -20.714887 0.000000 0.000000 1.000000 0.000000
0.802491 0.596664 0.000000 61.977700 -0.596664 0.802491 0.000000 -20.842882 0.000000 0.000000 1.000000 0.000000
0.801691 0.597738 0.000000 62.151463 -0.597738 0.801691 0.000000 -20.978831 0.000000 0.000000 1.000000 0.000000
0.800072 0.599904 0.000000 62.319320 -0.599904 0.800072 0.000000 -21.108349 0.000000 0.000000 1.000000 0.000000
0.798638 0.601811 0.000000 62.485040 -0.601811 0.798638 0.000000 -21.237964 0.000000 0.000000 1.000000 0.000000
0.796088 0.605182 0.000000 62.667291 -0.605182 0.796088 0.000000 -21.378689 0.000000 0.000000 1.000000 0.000000
0.792453 0.609933 0.000000 62.844823 -0.609933 0.792453 0.000000 -21.508804 0.000000 0.000000 1.000000 0.000000
0.789134 0.614222 0.000000 63.018236 -0.614222 0.789134 0.000000 -21.645304 0.000000 0.000000 1.000000 0.000000
0.786819 0.617183 0.000000 63.195991 -0.617183 0.786819 0.000000 -21.791609 0.000000 0.000000 1.000000 0.000000
0.784958 0.619549 0.000000 63.373754 -0.619549 0.784958 0.000000 -21.935397 0.000000 0.000000 1.000000 0.000000
0.783454 0.621449 0.000000 63.566916 -0.621449 0.783454 0.000000 -22.095251 0.000000 0.000000 1.000000 0.000000
0.780485 0.625174 0.000000 63.755497 -0.625174 0.780485 0.000000 -22.242320 0.000000 0.000000 1.000000 0.000000
0.778066 0.628183 0.000000 63.949449 -0.628183 0.778066 0.000000 -22.400865 0.000000 0.000000 1.000000 0.000000
0.774920 0.632059 0.000000 64.138797 -0.632059 0.774920 0.000000 -22.553003 0.000000 0.000000 1.000000 0.000000
0.770414 0.637544 0.000000 64.432059 -0.637544 0.770414 0.000000 -22.786367 0.000000 0.000000 1.000000 0.000000
0.768873 0.639402 0.000000 64.622082 -0.639402 0.768873 0.000000 -22.949308 0.000000 0.000000 1.000000 0.000000
0.767462 0.641095 0.000000 64.829282 -0.641095 0.767462 0.000000 -23.128206 0.000000 0.000000 1.000000 0.000000
0.765812 0.643065 0.000000 65.021114 -0.643065 0.765812 0.000000 -23.297073 0.000000 0.000000 1.000000 0.000000
0.762727 0.646721 0.000000 65.424241 -0.646721 0.762727 0.000000 -23.654658 0.000000 0.000000 1.000000 0.000000
0.761164 0.648560 0.000000 65.621453 -0.648560 0.761164 0.000000 -23.833014 0.000000 0.000000 1.000000 0.000000
0.759660 0.650320 0.000000 65.812252 -0.650320 0.759660 0.000000 -24.002467 0.000000 0.000000 1.000000 0.000000
0.759159 0.650905 0.000000 66.017776 -0.650905 0.759159 0.000000 -24.181638 0.000000 0.000000 1.000000 0.000000
0.754255 0.656581 0.000000 66.297714 -0.656581 0.754255 0.000000 -24.415054 0.000000 0.000000 1.000000 0.000000
0.750827 0.660499 0.000000 66.501362 -0.660499 0.750827 0.000000 -24.591238 0.000000 0.000000 1.000000 0.000000
0.746596 0.665277 0.000000 66.693939 -0.665277 0.746596 0.000000 -24.762510 0.000000 0.000000 1.000000 0.000000
0.744702 0.667398 0.000000 66.889684 -0.667398 0.744702 0.000000 -24.944449 0.000000 0.000000 1.000000 0.000000
0.750075 0.661352 0.000000 67.076937 -0.661352 0.750075 0.000000 -24.861297 0.000000 0.000000 1.000000 0.000000
0.747847 0.663871 0.000000 67.259464 -0.663871 0.747847 0.000000 -25.025008 0.000000 0.000000 1.000000 0.000000
0.747238 0.664556 0.000000 67.451392 -0.664556 0.747238 0.000000 -25.201512 0.000000 0.000000 1.000000 0.000000
0.745633 0.666357 0.000000 67.632608 -0.666357 0.745633 0.000000 -25.368420 0.000000 0.000000 1.000000 0.000000
0.743519 0.668715 0.000000 67.815829 -0.668715 0.743519 0.000000 -25.531656 0.000000 0.000000 1.000000 0.000000
0.743224 0.669043 0.000000 68.005922 -0.669043 0.743224 0.000000 -25.709591 0.000000 0.000000 1.000000 0.000000
0.743760 0.668447 0.000000 68.179599 -0.668447 0.743760 0.000000 -25.879035 0.000000 0.000000 1.000000 0.000000
0.742792 0.669522 0.000000 68.425656 -0.669522 0.742792 0.000000 -26.111983 0.000000 0.000000 1.000000 0.000000
0.741853 0.670563 0.000000 68.623353 -0.670563 0.741853 0.000000 -26.299002 0.000000 0.000000 1.000000 0.000000
0.742089 0.670302 0.000000 68.800589 -0.670302 0.742089 0.000000 -26.481392 0.000000 0.000000 1.000000 0.000000
0.741154 0.671335 0.000000 68.982890 -0.671335 0.741154 0.000000 -26.656935 0.000000 0.000000 1.000000 0.000000
0.743470 0.668769 0.000000 69.159089 -0.668769 0.743470 0.000000 -26.835992 0.000000 0.000000 1.000000 0.000000
0.748044 0.663649 0.000000 69.329959 -0.663649 0.748044 0.000000 -27.012505 0.000000 0.000000 1.000000 0.000000
0.748718 0.662889 0.000000 69.512200 -0.662889 0.748718 0.000000 -27.173882 0.000000 0.000000 1.000000 0.000000
0.750471 0.660903 0.000000 69.690151 -0.660903 0.750471 0.000000 -27.335913 0.000000 0.000000 1.000000 0.000000
0.752072 0.659081 0.000000 69.867935 -0.659081 0.752072 0.000000 -27.497153 0.000000 0.000000 1.000000 0.000000
0.752030 0.659129 0.000000 70.033984 -0.659129 0.752030 0.000000 -27.645416 0.000000 0.000000 1.000000 0.000000
0.752810 0.658238 0.000000 70.371091 -0.658238 0.752810 0.000000 -27.954742 0.000000 0.000000 1.000000 0.000000
0.754313 0.656515 0.000000 70.552361 -0.656515 0.754313 0.000000 -28.125894 0.000000 0.000000 1.000000 0.000000
0.755700 0.654918 0.000000 70.721007 -0.654918 0.755700 0.000000 -28.282449 0.000000 0.000000 1.000000 0.000000
0.757607 0.652711 0.000000 70.876294 -0.652711 0.757607 0.000000 -28.426301 0.000000 0.000000 1.000000 0.000000
0.759305 0.650735 0.000000 71.039301 -0.650735 0.759305 0.000000 -28.569185 0.000000 0.000000 1.000000 0.000000
0.759007 0.651082 0.000000 71.199639 -0.651082 0.759007 0.000000 -28.708797 0.000000 0.000000 1.000000 0.000000
0.759483 0.650527 0.000000 71.365291 -0.650527 0.759483 0.000000 -28.854786 0.000000 0.000000 1.000000 0.000000
0.762117 0.647439 0.000000 71.635804 -0.647439 0.762117 0.000000 -29.096816 0.000000 0.000000 1.000000 0.000000
0.764268 0.644899 0.000000 71.786113 -0.644899 0.764268 0.000000 -29.243587 0.000000 0.000000 1.000000 0.000000
0.765923 0.642933 0.000000 71.941312 -0.642933 0.765923 0.000000 -29.382796 0.000000 0.000000 1.000000 0.000000
0.768331 0.640053 0.000000 72.095107 -0.640053 0.768331 0.000000 -29.519196 0.000000 0.000000 1.000000 0.000000
0.770587 0.637335 0.000000 72.245340 -0.637335 0.770587 0.000000 -29.653735 0.000000 0.000000 1.000000 0.000000
0.773898 0.633310 0.000000 72.397615 -0.633310 0.773898 0.000000 -29.793862 0.000000 0.000000 1.000000 0.000000
0.780365 0.625324 0.000000 72.684089 -0.625324 0.780365 0.000000 -30.041012 0.000000 0.000000 1.000000 0.000000
0.783173 0.621804 0.000000 72.817052 -0.621804 0.783173 0.000000 -30.151849 0.000000 0.000000 1.000000 0.000000
0.786494 0.617598 0.000000 72.949677 -0.617598 0.786494 0.000000 -30.261936 0.000000 0.000000 1.000000 0.000000
0.789690 0.613506 0.000000 73.186878 -0.613506 0.789690 0.000000 -30.439620 0.000000 0.000000 1.000000 0.000000
0.797058 0.603902 0.000000 73.483914 -0.603902 0.797058 0.000000 -30.678626 0.000000 0.000000 1.000000 0.000000
0.801063 0.598580 0.000000 73.669043 -0.598580 0.801063 0.000000 -30.815303 0.000000 0.000000 1.000000 0.000000
0.804807 0.593537 0.000000 73.788735 -0.593537 0.804807 0.000000 -30.903390 0.000000 0.000000 1.000000 0.000000
0.811920 0.583769 0.000000 74.015473 -0.583769 0.811920 0.000000 -31.078201 0.000000 0.000000 1.000000 0.000000
0.815194 0.579187 0.000000 74.129649 -0.579187 0.815194 0.000000 -31.164058 0.000000 0.000000 1.000000 0.000000
0.817604 0.575781 0.000000 74.233772 -0.575781 0.817604 0.000000 -31.239468 0.000000 0.000000 1.000000 0.000000
0.820681 0.571386 0.000000 74.339429 -0.571386 0.820681 0.000000 -31.320386 0.000000 0.000000 1.000000 0.000000
0.824713 0.565551 0.000000 74.497819 -0.565551 0.824713 0.000000 -31.433368 0.000000 0.000000 1.000000 0.000000
0.831151 0.556046 0.000000 74.690674 -0.556046 0.831151 0.000000 -31.571167 0.000000 0.000000 1.000000 0.000000
0.834491 0.551021 0.000000 74.784912 -0.551021 0.834491 0.000000 -31.637465 0.000000 0.000000 1.000000 0.000000
0.837781 0.546006 0.000000 74.874329 -0.546006 0.837781 0.000000 -31.703438 0.000000 0.000000 1.000000 0.000000
0.840785 0.541370 0.000000 74.963144 -0.541370 0.840785 0.000000 -31.766844 0.000000 0.000000 1.000000 0.000000
0.843589 0.536989 0.000000 75.062446 -0.536989 0.843589 0.000000 -31.818799 0.000000 0.000000 1.000000 0.000000
0.846583 0.532256 0.000000 75.136208 -0.532256 0.846583 0.000000 -31.880853 0.000000 0.000000 1.000000 0.000000
0.851454 0.524429 0.000000 75.286553 -0.524429 0.851454 0.000000 -31.981148 0.000000 0.000000 1.000000 0.000000
0.854483 0.519479 0.000000 75.353709 -0.519479 0.854483 0.000000 -32.031310 0.000000 0.000000 1.000000 0.000000
0.856482 0.516176 0.000000 75.419556 -0.516176 0.856482 0.000000 -32.074434 0.000000 0.000000 1.000000 0.000000
0.859336 0.511411 0.000000 75.476681 -0.511411 0.859336 0.000000 -32.115432 0.000000 0.000000 1.000000 0.000000
0.860945 0.508698 0.000000 75.533002 -0.508698 0.860945 0.000000 -32.150502 0.000000 0.000000 1.000000 0.000000
0.862212 0.506547 0.000000 75.581997 -0.506547 0.862212 0.000000 -32.182877 0.000000 0.000000 1.000000 0.000000
0.862893 0.505387 0.000000 75.627424 -0.505387 0.862893 0.000000 -32.207872 0.000000 0.000000 1.000000 0.000000
0.864840 0.502047 0.000000 75.695000 -0.502047 0.864840 0.000000 -32.247904 0.000000 0.000000 1.000000 0.000000
0.865407 0.501069 0.000000 75.730232 -0.501069 0.865407 0.000000 -32.266893 0.000000 0.000000 1.000000 0.000000
0.865847 0.500310 0.000000 75.761173 -0.500310 0.865847 0.000000 -32.283652 0.000000 0.000000 1.000000 0.000000
0.866629 0.498954 0.000000 75.790551 -0.498954 0.866629 0.000000 -32.298707 0.000000 0.000000 1.000000 0.000000
0.867771 0.496963 0.000000 75.814211 -0.496963 0.867771 0.000000 -32.312517 0.000000 0.000000 1.000000 0.000000
0.867565 0.497325 0.000000 75.830480 -0.497325 0.867565 0.000000 -32.321372 0.000000 0.000000 1.000000 0.000000
0.867874 0.496785 0.000000 75.847004 -0.496785 0.867874 0.000000 -32.331498 0.000000 0.000000 1.000000 0.000000
0.868604 0.495508 0.000000 75.856699 -0.495508 0.868604 0.000000 -32.342764 0.000000 0.000000 1.000000 0.000000
0.868522 0.495651 0.000000 75.871074 -0.495651 0.868522 0.000000 -32.345816 0.000000 0.000000 1.000000 0.000000
0.868692 0.495352 0.000000 75.876985 -0.495352 0.868692 0.000000 -32.348757 0.000000 0.000000 1.000000 0.000000
0.868901 0.494986 0.000000 75.876949 -0.494986 0.868901 0.000000 -32.349110 0.000000 0.000000 1.000000 0.000000
0.868331 0.495985 0.000000 75.876494 -0.495985 0.868331 0.000000 -32.346037 0.000000 0.000000 1.000000 0.000000
0.868147 0.496308 0.000000 75.876564 -0.496308 0.868147 0.000000 -32.345089 0.000000 0.000000 1.000000 0.000000
0.867980 0.496599 0.000000 75.876466 -0.496599 0.867980 0.000000 -32.344219 0.000000 0.000000 1.000000 0.000000
0.868586 0.495538 0.000000 75.877290 -0.495538 0.868586 0.000000 -32.346131 0.000000 0.000000 1.000000 0.000000
0.868945 0.494908 0.000000 75.876774 -0.494908 0.868945 0.000000 -32.347364 0.000000 0.000000 1.000000 0.000000
0.868756 0.495240 0.000000 75.877061 -0.495240 0.868756 0.000000 -32.347742 0.000000 0.000000 1.000000 0.000000
0.868544 0.495612 0.000000 75.877689 -0.495612 0.868544 0.000000 -32.347069 0.000000 0.000000 1.000000 0.000000
0.868429 0.495814 0.000000 75.878004 -0.495814 0.868429 0.000000 -32.345951 0.000000 0.000000 1.000000 0.000000
0.868409 0.495849 0.000000 75.878464 -0.495849 0.868409 0.000000 -32.344737 0.000000 0.000000 1.000000 0.000000
0.868377 0.495904 0.000000 75.879042 -0.495904 0.868377 0.000000 -32.343071 0.000000 0.000000 1.000000 0.000000
0.868355 0.495942 0.000000 75.879101 -0.495942 0.868355 0.000000 -32.342857 0.000000 0.000000 1.000000 0.000000
0.868300 0.496040 0.000000 75.879706 -0.496040 0.868300 0.000000 -32.340778 0.000000 0.000000 1.000000 0.000000
0.868344 0.495962 0.000000 75.880122 -0.495962 0.868344 0.000000 -32.338276 0.000000 0.000000 1.000000 0.000000
0.868393 0.495877 0.000000 75.880215 -0.495877 0.868393 0.000000 -32.337609 0.000000 0.000000 1.000000 0.000000
0.868400 0.495864 0.000000 75.880434 -0.495864 0.868400 0.000000 -32.337015 0.000000 0.000000 1.000000 0.000000
0.868364 0.495928 0.000000 75.880546 -0.495928 0.868364 0.000000 -32.336736 0.000000 0.000000 1.000000 0.000000
0.868349 0.495953 0.000000 75.880615 -0.495953 0.868349 0.000000 -32.336625 0.000000 0.000000 1.000000 0.000000
0.868359 0.495937 0.000000 75.880472 -0.495937 0.868359 0.000000 -32.337204 0.000000 0.000000 1.000000 0.000000
0.868337 0.495974 0.000000 75.880333 -0.495974 0.868337 0.000000 -32.337770 0.000000 0.000000 1.000000 0.000000
0.868320 0.496004 0.000000 75.880196 -0.496004 0.868320 0.000000 -32.338242 0.000000 0.000000 1.000000 0.000000
0.868242 0.496141 0.000000 75.880159 -0.496141 0.868242 0.000000 -32.338543 0.000000 0.000000 1.000000 0.000000
0.868036 0.496501 0.000000 75.880203 -0.496501 0.868036 0.000000 -32.338593 0.000000 0.000000 1.000000 0.000000
0.867981 0.496597 0.000000 75.880348 -0.496597 0.867981 0.000000 -32.338252 0.000000 0.000000 1.000000 0.000000
0.867988 0.496586 0.000000 75.880446 -0.496586 0.867988 0.000000 -32.338062 0.000000 0.000000 1.000000 0.000000
0.868024 0.496523 0.000000 75.880314 -0.496523 0.868024 0.000000 -32.338250 0.000000 0.000000 1.000000 0.000000
0.868016 0.496536 0.000000 75.880337 -0.496536 0.868016 0.000000 -32.338145 0.000000 0.000000 1.000000 0.000000
0.867999 0.496566 0.000000 75.880402 -0.496566 0.867999 0.000000 -32.338095 0.000000 0.000000 1.000000 0.000000
0.867961 0.496632 0.000000 75.880400 -0.496632 0.867961 0.000000 -32.338013 0.000000 0.000000 1.000000 0.000000
0.867967 0.496622 0.000000 75.880345 -0.496622 0.867967 0.000000 -32.337810 0.000000 0.000000 1.000000 0.000000
0.867878 0.496778 0.000000 75.880562 -0.496778 0.867878 0.000000 -32.337846 0.000000 0.000000 1.000000 0.000000
0.867905 0.496730 0.000000 75.880456 -0.496730 0.867905 0.000000 -32.337853 0.000000 0.000000 1.000000 0.000000
0.867906 0.496728 0.000000 75.880455 -0.496728 0.867906 0.000000 -32.337853 0.000000 0.000000 1.000000 0.000000
0.867895 0.496748 0.000000 75.880403 -0.496748 0.867895 0.000000 -32.337670 0.000000 0.000000 1.000000 0.000000
0.867877 0.496779 0.000000 75.880424 -0.496779 0.867877 0.000000 -32.337521 0.000000 0.000000 1.000000 0.000000
0.867930 0.496687 0.000000 75.880248 -0.496687 0.867930 0.000000 -32.337461 0.000000 0.000000 1.000000 0.000000
0.868188 0.496235 0.000000 75.879534 -0.496235 0.868188 0.000000 -32.337685 0.000000 0.000000 1.000000 0.000000
0.868420 0.495829 0.000000 75.879572 -0.495829 0.868420 0.000000 -32.337458 0.000000 0.000000 1.000000 0.000000
0.868376 0.495906 0.000000 75.879586 -0.495906 0.868376 0.000000 -32.337165 0.000000 0.000000 1.000000 0.000000
0.868342 0.495967 0.000000 75.879394 -0.495967 0.868342 0.000000 -32.337131 0.000000 0.000000 1.000000 0.000000
0.868356 0.495941 0.000000 75.879250 -0.495941 0.868356 0.000000 -32.337245 0.000000 0.000000 1.000000 0.000000
0.868493 0.495701 0.000000 75.878577 -0.495701 0.868493 0.000000 -32.337351 0.000000 0.000000 1.000000 0.000000
0.868510 0.495672 0.000000 75.878403 -0.495672 0.868510 0.000000 -32.337354 0.000000 0.000000 1.000000 0.000000
0.868418 0.495833 0.000000 75.878617 -0.495833 0.868418 0.000000 -32.337091 0.000000 0.000000 1.000000 0.000000
0.868180 0.496250 0.000000 75.879278 -0.496250 0.868180 0.000000 -32.336420 0.000000 0.000000 1.000000 0.000000
0.867623 0.497222 0.000000 75.880933 -0.497222 0.867623 0.000000 -32.335334 0.000000 0.000000 1.000000 0.000000
0.867045 0.498229 0.000000 75.883002 -0.498229 0.867045 0.000000 -32.334398 0.000000 0.000000 1.000000 0.000000
0.866663 0.498895 0.000000 75.884461 -0.498895 0.866663 0.000000 -32.334342 0.000000 0.000000 1.000000 0.000000
0.866655 0.498908 0.000000 75.885737 -0.498908 0.866655 0.000000 -32.335801 0.000000 0.000000 1.000000 0.000000
0.866759 0.498727 0.000000 75.884710 -0.498727 0.866759 0.000000 -32.336411 0.000000 0.000000 1.000000 0.000000
0.867206 0.497949 0.000000 75.884506 -0.497949 0.867206 0.000000 -32.340291 0.000000 0.000000 1.000000 0.000000
0.868466 0.495749 0.000000 75.881878 -0.495749 0.868466 0.000000 -32.343805 0.000000 0.000000 1.000000 0.000000
0.869170 0.494514 0.000000 75.880362 -0.494514 0.869170 0.000000 -32.346138 0.000000 0.000000 1.000000 0.000000
0.869565 0.493819 0.000000 75.878495 -0.493819 0.869565 0.000000 -32.347642 0.000000 0.000000 1.000000 0.000000
0.869691 0.493597 0.000000 75.877170 -0.493597 0.869691 0.000000 -32.347967 0.000000 0.000000 1.000000 0.000000
0.869880 0.493263 0.000000 75.876703 -0.493263 0.869880 0.000000 -32.348741 0.000000 0.000000 1.000000 0.000000
0.869888 0.493249 0.000000 75.876365 -0.493249 0.869888 0.000000 -32.348831 0.000000 0.000000 1.000000 0.000000
0.869906 0.493217 0.000000 75.876015 -0.493217 0.869906 0.000000 -32.348477 0.000000 0.000000 1.000000 0.000000
0.870150 0.492786 0.000000 75.874068 -0.492786 0.870150 0.000000 -32.348908 0.000000 0.000000 1.000000 0.000000
0.870378 0.492384 0.000000 75.873327 -0.492384 0.870378 0.000000 -32.348886 0.000000 0.000000 1.000000 0.000000
0.870565 0.492053 0.000000 75.871395 -0.492053 0.870565 0.000000 -32.348990 0.000000 0.000000 1.000000 0.000000
0.870673 0.491863 0.000000 75.870205 -0.491863 0.870673 0.000000 -32.348905 0.000000 0.000000 1.000000 0.000000
0.870706 0.491804 0.000000 75.869353 -0.491804 0.870706 0.000000 -32.348570 0.000000 0.000000 1.000000 0.000000
0.871119 0.491072 0.000000 75.867393 -0.491072 0.871119 0.000000 -32.350103 0.000000 0.000000 1.000000 0.000000
0.871405 0.490564 0.000000 75.867045 -0.490564 0.871405 0.000000 -32.351612 0.000000 0.000000 1.000000 0.000000
0.871730 0.489987 0.000000 75.866230 -0.489987 0.871730 0.000000 -32.351977 0.000000 0.000000 1.000000 0.000000
0.872285 0.488999 0.000000 75.865177 -0.488999 0.872285 0.000000 -32.354460 0.000000 0.000000 1.000000 0.000000
0.872372 0.488843 0.000000 75.864286 -0.488843 0.872372 0.000000 -32.354729 0.000000 0.000000 1.000000 0.000000
0.872215 0.489123 0.000000 75.864218 -0.489123 0.872215 0.000000 -32.354298 0.000000 0.000000 1.000000 0.000000
0.871212 0.490907 0.000000 75.869530 -0.490907 0.871212 0.000000 -32.351971 0.000000 0.000000 1.000000 0.000000
0.869726 0.493535 0.000000 75.880981 -0.493535 0.869726 0.000000 -32.348695 0.000000 0.000000 1.000000 0.000000
0.868858 0.495062 0.000000 75.886088 -0.495062 0.868858 0.000000 -32.346513 0.000000 0.000000 1.000000 0.000000
0.867992 0.496579 0.000000 75.889154 -0.496579 0.867992 0.000000 -32.343744 0.000000 0.000000 1.000000 0.000000
0.867028 0.498260 0.000000 75.892657 -0.498260 0.867028 0.000000 -32.340295 0.000000 0.000000 1.000000 0.000000
0.865710 0.500547 0.000000 75.898435 -0.500547 0.865710 0.000000 -32.336024 0.000000 0.000000 1.000000 0.000000
0.864810 0.502099 0.000000 75.907552 -0.502099 0.864810 0.000000 -32.335733 0.000000 0.000000 1.000000 0.000000
0.864349 0.502893 0.000000 75.916618 -0.502893 0.864349 0.000000 -32.338899 0.000000 0.000000 1.000000 0.000000
0.864454 0.502712 0.000000 75.924736 -0.502712 0.864454 0.000000 -32.344331 0.000000 0.000000 1.000000 0.000000
0.864726 0.502245 0.000000 75.934213 -0.502245 0.864726 0.000000 -32.350972 0.000000 0.000000 1.000000 0.000000
0.865398 0.501085 0.000000 75.944383 -0.501085 0.865398 0.000000 -32.359687 0.000000 0.000000 1.000000 0.000000
0.866143 0.499797 0.000000 75.954444 -0.499797 0.866143 0.000000 -32.367371 0.000000 0.000000 1.000000 0.000000
0.866619 0.498971 0.000000 75.964749 -0.498971 0.866619 0.000000 -32.374759 0.000000 0.000000 1.000000 0.000000
0.866880 0.498516 0.000000 75.971091 -0.498516 0.866880 0.000000 -32.379250 0.000000 0.000000 1.000000 0.000000
0.866697 0.498835 0.000000 75.983592 -0.498835 0.866697 0.000000 -32.385741 0.000000 0.000000 1.000000 0.000000
0.866211 0.499678 0.000000 75.999264 -0.499678 0.866211 0.000000 -32.390868 0.000000 0.000000 1.000000 0.000000
0.865780 0.500425 0.000000 76.015990 -0.500425 0.865780 0.000000 -32.395843 0.000000 0.000000 1.000000 0.000000
0.865475 0.500953 0.000000 76.033892 -0.500953 0.865475 0.000000 -32.402941 0.000000 0.000000 1.000000 0.000000
0.866032 0.499988 0.000000 76.066357 -0.499988 0.866032 0.000000 -32.413795 0.000000 0.000000 1.000000 0.000000
0.865998 0.500048 0.000000 76.079015 -0.500048 0.865998 0.000000 -32.419549 0.000000 0.000000 1.000000 0.000000
0.866361 0.499418 0.000000 76.092624 -0.499418 0.866361 0.000000 -32.428185 0.000000 0.000000 1.000000 0.000000
0.866977 0.498349 0.000000 76.104007 -0.498349 0.866977 0.000000 -32.436229 0.000000 0.000000 1.000000 0.000000
0.867783 0.496943 0.000000 76.115210 -0.496943 0.867783 0.000000 -32.443114 0.000000 0.000000 1.000000 0.000000
0.868738 0.495272 0.000000 76.123182 -0.495272 0.868738 0.000000 -32.451159 0.000000 0.000000 1.000000 0.000000
0.869178 0.494500 0.000000 76.130615 -0.494500 0.869178 0.000000 -32.457485 0.000000 0.000000 1.000000 0.000000
0.869349 0.494199 0.000000 76.137393 -0.494199 0.869349 0.000000 -32.461793 0.000000 0.000000 1.000000 0.000000
0.868965 0.494873 0.000000 76.145141 -0.494873 0.868965 0.000000 -32.460151 0.000000 0.000000 1.000000 0.000000
0.868689 0.495358 0.000000 76.148473 -0.495358 0.868689 0.000000 -32.458971 0.000000 0.000000 1.000000 0.000000
0.867752 0.496998 0.000000 76.160368 -0.496998 0.867752 0.000000 -32.455298 0.000000 0.000000 1.000000 0.000000
0.867487 0.497460 0.000000 76.160666 -0.497460 0.867487 0.000000 -32.453349 0.000000 0.000000 1.000000 0.000000
0.867300 0.497786 0.000000 76.162405 -0.497786 0.867300 0.000000 -32.451995 0.000000 0.000000 1.000000 0.000000
0.867244 0.497883 0.000000 76.161802 -0.497883 0.867244 0.000000 -32.452476 0.000000 0.000000 1.000000 0.000000
0.867586 0.497286 0.000000 76.158650 -0.497286 0.867586 0.000000 -32.454698 0.000000 0.000000 1.000000 0.000000
0.868004 0.496558 0.000000 76.156111 -0.496558 0.868004 0.000000 -32.455265 0.000000 0.000000 1.000000 0.000000
0.868178 0.496252 0.000000 76.154223 -0.496252 0.868178 0.000000 -32.454720 0.000000 0.000000 1.000000 0.000000
0.868181 0.496247 0.000000 76.153372 -0.496247 0.868181 0.000000 -32.454249 0.000000 0.000000 1.000000 0.000000
0.868331 0.495985 0.000000 76.152120 -0.495985 0.868331 0.000000 -32.454329 0.000000 0.000000 1.000000 0.000000
0.868667 0.495397 0.000000 76.151317 -0.495397 0.868667 0.000000 -32.454932 0.000000 0.000000 1.000000 0.000000
0.869046 0.494731 0.000000 76.149420 -0.494731 0.869046 0.000000 -32.456415 0.000000 0.000000 1.000000 0.000000
0.869640 0.493686 0.000000 76.148386 -0.493686 0.869640 0.000000 -32.458691 0.000000 0.000000 1.000000 0.000000
0.870059 0.492947 0.000000 76.146926 -0.492947 0.870059 0.000000 -32.459625 0.000000 0.000000 1.000000 0.000000
0.870790 0.491655 0.000000 76.145167 -0.491655 0.870790 0.000000 -32.461680 0.000000 0.000000 1.000000 0.000000
0.871090 0.491123 0.000000 76.144626 -0.491123 0.871090 0.000000 -32.461211 0.000000 0.000000 1.000000 0.000000
0.871563 0.490284 0.000000 76.143987 -0.490284 0.871563 0.000000 -32.462046 0.000000 0.000000 1.000000 0.000000
0.871834 0.489802 0.000000 76.143684 -0.489802 0.871834 0.000000 -32.461934 0.000000 0.000000 1.000000 0.000000
0.871959 0.489579 0.000000 76.143861 -0.489579 0.871959 0.000000 -32.461608 0.000000 0.000000 1.000000 0.000000
0.872397 0.488798 0.000000 76.143398 -0.488798 0.872397 0.000000 -32.462295 0.000000 0.000000 1.000000 0.000000
0.872466 0.488674 0.000000 76.143587 -0.488674 0.872466 0.000000 -32.461542 0.000000 0.000000 1.000000 0.000000
0.872970 0.487774 0.000000 76.142750 -0.487774 0.872970 0.000000 -32.462660 0.000000 0.000000 1.000000 0.000000
0.873550 0.486734 0.000000 76.142397 -0.486734 0.873550 0.000000 -32.465235 0.000000 0.000000 1.000000 0.000000
0.873972 0.485976 0.000000 76.142420 -0.485976 0.873972 0.000000 -32.466801 0.000000 0.000000 1.000000 0.000000
0.874567 0.484905 0.000000 76.141858 -0.484905 0.874567 0.000000 -32.469523 0.000000 0.000000 1.000000 0.000000
0.874872 0.484353 0.000000 76.142546 -0.484353 0.874872 0.000000 -32.471374 0.000000 0.000000 1.000000 0.000000
0.874994 0.484134 0.000000 76.144529 -0.484134 0.874994 0.000000 -32.472749 0.000000 0.000000 1.000000 0.000000
0.874124 0.485703 0.000000 76.150850 -0.485703 0.874124 0.000000 -32.470122 0.000000 0.000000 1.000000 0.000000
