0.999991 0.004332 0.000000 1.167688 -0.004332 0.999991 0.000000 -0.025664 0.000000 0.000000 1.000000 0.000000
0.999978 0.006626 0.000000 1.719486 -0.006626 0.999978 0.000000 -0.042554 0.000000 0.000000 1.000000 0.000000
0.999953 0.009732 0.000000 2.860277 -0.009732 0.999953 0.000000 -0.101568 0.000000 0.000000 1.000000 0.000000
0.999920 0.012670 0.000000 3.452130 -0.012670 0.999920 0.000000 -0.109054 0.000000 0.000000 1.000000 0.000000
0.999901 0.014102 0.000000 4.007408 -0.014102 0.999901 0.000000 -0.125620 0.000000 0.000000 1.000000 0.000000
0.999897 0.014349 0.000000 4.605141 -0.014349 0.999897 0.000000 -0.143298 0.000000 0.000000 1.000000 0.000000
0.999857 0.016927 0.000000 5.418603 -0.016927 0.999857 0.000000 -0.170024 0.000000 0.000000 1.000000 0.000000
0.999846 0.017563 0.000000 6.001430 -0.017563 0.999846 0.000000 -0.200806 0.000000 0.000000 1.000000 0.000000
0.999829 0.018497 0.000000 6.558440 -0.018497 0.999829 0.000000 -0.217641 0.000000 0.000000 1.000000 0.000000
0.999729 0.023272 0.000000 7.164568 -0.023272 0.999729 0.000000 -0.231345 0.000000 0.000000 1.000000 0.000000
0.999600 0.028274 0.000000 7.707131 -0.028274 0.999600 0.000000 -0.256394 0.000000 0.000000 1.000000 0.000000
0.999410 0.034352 0.000000 8.287241 -0.034352 0.999410 0.000000 -0.285847 0.000000 0.000000 1.000000 0.000000
0.999197 0.040055 0.000000 8.826631 -0.040055 0.999197 0.000000 -0.309109 0.000000 0.000000 1.000000 0.000000
0.998950 0.045805 0.000000 9.542662 -0.045805 0.998950 0.000000 -0.354799 0.000000 0.000000 1.000000 0.000000
0.998791 0.049148 0.000000 10.116335 -0.049148 0.998791 0.000000 -0.393705 0.000000 0.000000 1.000000 0.000000
0.998565 0.053560 0.000000 10.692763 -0.053560 0.998565 0.000000 -0.427490 0.000000 0.000000 1.000000 0.000000
0.998228 0.059499 0.000000 11.266309 -0.059499 0.998228 0.000000 -0.459312 0.000000 0.000000 1.000000 0.000000
0.997826 0.065908 0.000000 12.418033 -0.065908 0.997826 0.000000 -0.515836 0.000000 0.000000 1.000000 0.000000
0.997436 0.071565 0.000000 12.960234 -0.071565 0.997436 0.000000 -0.552522 0.000000 0.000000 1.000000 0.000000
0.996873 0.079014 0.000000 13.538289 -0.079014 0.996873 0.000000 -0.593482 0.000000 0.000000 1.000000 0.000000
0.996336 0.085531 0.000000 14.082122 -0.085531 0.996336 0.000000 -0.637476 0.000000 0.000000 1.000000 0.000000
0.995745 0.092157 0.000000 14.648709 -0.092157 0.995745 0.000000 -0.687646 0.000000 0.000000 1.000000 0.000000
0.995328 0.096547 0.000000 15.180513 -0.096547 0.995328 0.000000 -0.748305 0.000000 0.000000 1.000000 0.000000
0.994691 0.102911 0.000000 15.759169 -0.102911 0.994691 0.000000 -0.814009 0.000000 0.000000 1.000000 0.000000
0.993974 0.109616 0.000000 16.294730 -0.109616 0.993974 0.000000 -0.869478 0.000000 0.000000 1.000000 0.000000
0.992480 0.122404 0.000000 17.045013 -0.122404 0.992480 0.000000 -0.944718 0.000000 0.000000 1.000000 0.000000
0.991453 0.130461 0.000000 17.615907 -0.130461 0.991453 0.000000 -1.016951 0.000000 0.000000 1.000000 0.000000
0.990783 0.135461 0.000000 18.173326 -0.135461 0.990783 0.000000 -1.093500 0.000000 0.000000 1.000000 0.000000
0.990140 0.140082 0.000000 18.727047 -0.140082 0.990140 0.000000 -1.175923 0.000000 0.000000 1.000000 0.000000
0.989198 0.146588 0.000000 19.292350 -0.146588 0.989198 0.000000 -1.265168 0.000000 0.000000 1.000000 0.000000
0.988235 0.152943 0.000000 19.822000 -0.152943 0.988235 0.000000 -1.347334 0.000000 0.000000 1.000000 0.000000
0.987340 0.158618 0.000000 20.348570 -0.158618 0.987340 0.000000 -1.431244 0.000000 0.000000 1.000000 0.000000
0.985782 0.168030 0.000000 20.909185 -0.168030 0.985782 0.000000 -1.526571 0.000000 0.000000 1.000000 0.000000
0.984137 0.177412 0.000000 21.429974 -0.177412 0.984137 0.000000 -1.616979 0.000000 0.000000 1.000000 0.000000
0.982832 0.184503 0.000000 21.990174 -0.184503 0.982832 0.000000 -1.734045 0.000000 0.000000 1.000000 0.000000
0.981570 0.191104 0.000000 22.726494 -0.191104 0.981570 0.000000 -1.896437 0.000000 0.000000 1.000000 0.000000
0.980097 0.198519 0.000000 23.280000 -0.198519 0.980097 0.000000 -2.008769 0.000000 0.000000 1.000000 0.000000
0.978399 0.206725 0.000000 23.867371 -0.206725 0.978399 0.000000 -2.128358 0.000000 0.000000 1.000000 0.000000
0.976797 0.214167 0.000000 24.415262 -0.214167 0.976797 0.000000 -2.245972 0.000000 0.000000 1.000000 0.000000
0.975306 0.220860 0.000000 24.960268 -0.220860 0.975306 0.000000 -2.367832 0.000000 0.000000 1.000000 0.000000
0.973982 0.226624 0.000000 25.468680 -0.226624 0.973982 0.000000 -2.482984 0.000000 0.000000 1.000000 0.000000
0.973337 0.229378 0.000000 26.011149 -0.229378 0.973337 0.000000 -2.612999 0.000000 0.000000 1.000000 0.000000
0.972479 0.232991 0.000000 26.520934 -0.232991 0.972479 0.000000 -2.740703 0.000000 0.000000 1.000000 0.000000
0.971223 0.238171 0.000000 27.052860 -0.238171 0.971223 0.000000 -2.872902 0.000000 0.000000 1.000000 0.000000
0.969149 0.246475 0.000000 28.079114 -0.246475 0.969149 0.000000 -3.139227 0.000000 0.000000 1.000000 0.000000
0.967901 0.251330 0.000000 28.567251 -0.251330 0.967901 0.000000 -3.264188 0.000000 0.000000 1.000000 0.000000
0.966581 0.256360 0.000000 29.095541 -0.256360 0.966581 0.000000 -3.405609 0.000000 0.000000 1.000000 0.000000
0.964894 0.262641 0.000000 29.759397 -0.262641 0.964894 0.000000 -3.589690 0.000000 0.000000 1.000000 0.000000
0.963615 0.267294 0.000000 30.244581 -0.267294 0.963615 0.000000 -3.721555 0.000000 0.000000 1.000000 0.000000
0.961790 0.273789 0.000000 30.732419 -0.273789 0.961790 0.000000 -3.860131 0.000000 0.000000 1.000000 0.000000
0.960609 0.277904 0.000000 31.249085 -0.277904 0.960609 0.000000 -4.021771 0.000000 0.000000 1.000000 0.000000
0.958833 0.283970 0.000000 31.728755 -0.283970 0.958833 0.000000 -4.158623 0.000000 0.000000 1.000000 0.000000
0.956674 0.291160 0.000000 32.397254 -0.291160 0.956674 0.000000 -4.362992 0.000000 0.000000 1.000000 0.000000
0.955581 0.294728 0.000000 32.909021 -0.294728 0.955581 0.000000 -4.527739 0.000000 0.000000 1.000000 0.000000
0.954085 0.299536 0.000000 33.417142 -0.299536 0.954085 0.000000 -4.699820 0.000000 0.000000 1.000000 0.000000
0.952431 0.304755 0.000000 33.912960 -0.304755 0.952431 0.000000 -4.862055 0.000000 0.000000 1.000000 0.000000
0.951839 0.306600 0.000000 34.430566 -0.306600 0.951839 0.000000 -5.040554 0.000000 0.000000 1.000000 0.000000
0.951085 0.308929 0.000000 34.931096 -0.308929 0.951085 0.000000 -5.203523 0.000000 0.000000 1.000000 0.000000
0.949954 0.312389 0.000000 35.400844 -0.312389 0.949954 0.000000 -5.370441 0.000000 0.000000 1.000000 0.000000
0.948566 0.316579 0.000000 35.908758 -0.316579 0.948566 0.000000 -5.550848 0.000000 0.000000 1.000000 0.000000
0.946754 0.321959 0.000000 36.378952 -0.321959 0.946754 0.000000 -5.708242 0.000000 0.000000 1.000000 0.000000
0.944826 0.327572 0.000000 36.881634 -0.327572 0.944826 0.000000 -5.883643 0.000000 0.000000 1.000000 0.000000
0.942763 0.333463 0.000000 37.358064 -0.333463 0.942763 0.000000 -6.055094 0.000000 0.000000 1.000000 0.000000
0.940329 0.340266 0.000000 37.856778 -0.340266 0.940329 0.000000 -6.235042 0.000000 0.000000 1.000000 0.000000
0.938377 0.345613 0.000000 38.331368 -0.345613 0.938377 0.000000 -6.408662 0.000000 0.000000 1.000000 0.000000
0.937093 0.349079 0.000000 38.827472 -0.349079 0.937093 0.000000 -6.598771 0.000000 0.000000 1.000000 0.000000
0.935297 0.353864 0.000000 39.287697 -0.353864 0.935297 0.000000 -6.775672 0.000000 0.000000 1.000000 0.000000
0.931748 0.363106 0.000000 39.976377 -0.363106 0.931748 0.000000 -7.032605 0.000000 0.000000 1.000000 0.000000
0.927556 0.373685 0.000000 40.684705 -0.373685 0.927556 0.000000 -7.310520 0.000000 0.000000 1.000000 0.000000
0.924434 0.381342 0.000000 41.172771 -0.381342 0.924434 0.000000 -7.506675 0.000000 0.000000 1.000000 0.000000
0.920204 0.391440 0.000000 42.015903 -0.391440 0.920204 0.000000 -7.860524 0.000000 0.000000 1.000000 0.000000
0.918068 0.396423 0.000000 42.492410 -0.396423 0.918068 0.000000 -8.070047 0.000000 0.000000 1.000000 0.000000
0.917501 0.397734 0.000000 42.971796 -0.397734 0.917501 0.000000 -8.274270 0.000000 0.000000 1.000000 0.000000
0.914926 0.403621 0.000000 43.450865 -0.403621 0.914926 0.000000 -8.464425 0.000000 0.000000 1.000000 0.000000
0.912774 0.408465 0.000000 43.919853 -0.408465 0.912774 0.000000 -8.688546 0.000000 0.000000 1.000000 0.000000
0.910505 0.413499 0.000000 44.418275 -0.413499 0.910505 0.000000 -8.921334 0.000000 0.000000 1.000000 0.000000
0.908173 0.418594 0.000000 44.850111 -0.418594 0.908173 0.000000 -9.116756 0.000000 0.000000 1.000000 0.000000
0.906401 0.422419 0.000000 45.302846 -0.422419 0.906401 0.000000 -9.337135 0.000000 0.000000 1.000000 0.000000
0.905805 0.423696 0.000000 45.758688 -0.423696 0.905805 0.000000 -9.549276 0.000000 0.000000 1.000000 0.000000
0.904073 0.427377 0.000000 46.217727 -0.427377 0.904073 0.000000 -9.745467 0.000000 0.000000 1.000000 0.000000
0.902259 0.431194 0.000000 46.650226 -0.431194 0.902259 0.000000 -9.959890 0.000000 0.000000 1.000000 0.000000
0.900499 0.434859 0.000000 47.084055 -0.434859 0.900499 0.000000 -10.183235 0.000000 0.000000 1.000000 0.000000
0.900417 0.435028 0.000000 47.486601 -0.435028 0.900417 0.000000 -10.398545 0.000000 0.000000 1.000000 0.000000
0.898411 0.439157 0.000000 47.913701 -0.439157 0.898411 0.000000 -10.611021 0.000000 0.000000 1.000000 0.000000
0.896791 0.442455 0.000000 48.306650 -0.442455 0.896791 0.000000 -10.812103 0.000000 0.000000 1.000000 0.000000
0.896577 0.442888 0.000000 48.729409 -0.442888 0.896577 0.000000 -11.030177 0.000000 0.000000 1.000000 0.000000
0.896016 0.444022 0.000000 49.133161 -0.444022 0.896016 0.000000 -11.236785 0.000000 0.000000 1.000000 0.000000
0.895986 0.444082 0.000000 49.526104 -0.444082 0.895986 0.000000 -11.443411 0.000000 0.000000 1.000000 0.000000
0.892789 0.450475 0.000000 49.921654 -0.450475 0.892789 0.000000 -11.630920 0.000000 0.000000 1.000000 0.000000
0.890026 0.455911 0.000000 50.311574 -0.455911 0.890026 0.000000 -11.831973 0.000000 0.000000 1.000000 0.000000
0.888325 0.459215 0.000000 50.690494 -0.459215 0.888325 0.000000 -12.034304 0.000000 0.000000 1.000000 0.000000
0.885223 0.465168 0.000000 51.054512 -0.465168 0.885223 0.000000 -12.224327 0.000000 0.000000 1.000000 0.000000
0.878886 0.477033 0.000000 51.457956 -0.477033 0.878886 0.000000 -12.444683 0.000000 0.000000 1.000000 0.000000
0.874958 0.484199 0.000000 52.055756 -0.484199 0.874958 0.000000 -12.742886 0.000000 0.000000 1.000000 0.000000
0.869944 0.493151 0.000000 52.438075 -0.493151 0.869944 0.000000 -12.969058 0.000000 0.000000 1.000000 0.000000
0.866289 0.499543 0.000000 52.799419 -0.499543 0.866289 0.000000 -13.184652 0.000000 0.000000 1.000000 0.000000
0.863651 0.504091 0.000000 53.153928 -0.504091 0.863651 0.000000 -13.394529 0.000000 0.000000 1.000000 0.000000
0.859651 0.510882 0.000000 53.501020 -0.510882 0.859651 0.000000 -13.600248 0.000000 0.000000 1.000000 0.000000
0.856791 0.515664 0.000000 53.842591 -0.515664 0.856791 0.000000 -13.809159 0.000000 0.000000 1.000000 0.000000
0.853536 0.521034 0.000000 54.183524 -0.521034 0.853536 0.000000 -14.012537 0.000000 0.000000 1.000000 0.000000
0.849798 0.527108 0.000000 54.513956 -0.527108 0.849798 0.000000 -14.216642 0.000000 0.000000 1.000000 0.000000
0.847804 0.530310 0.000000 54.839162 -0.530310 0.847804 0.000000 -14.425030 0.000000 0.000000 1.000000 0.000000
0.845413 0.534113 0.000000 55.160353 -0.534113 0.845413 0.000000 -14.630535 0.000000 0.000000 1.000000 0.000000
0.843890 0.536516 0.000000 55.478589 -0.536516 0.843890 0.000000 -14.840626 0.000000 0.000000 1.000000 0.000000
0.843189 0.537617 0.000000 56.094492 -0.537617 0.843189 0.000000 -15.250102 0.000000 0.000000 1.000000 0.000000
0.842370 0.538899 0.000000 56.390283 -0.538899 0.842370 0.000000 -15.441897 0.000000 0.000000 1.000000 0.000000
0.842272 0.539053 0.000000 56.669521 -0.539053 0.842272 0.000000 -15.623673 0.000000 0.000000 1.000000 0.000000
0.844599 0.535400 0.000000 56.941303 -0.535400 0.844599 0.000000 -15.807209 0.000000 0.000000 1.000000 0.000000
0.843498 0.537132 0.000000 57.229327 -0.537132 0.843498 0.000000 -15.989589 0.000000 0.000000 1.000000 0.000000
0.841920 0.539602 0.000000 57.492003 -0.539602 0.841920 0.000000 -16.160247 0.000000 0.000000 1.000000 0.000000
0.841198 0.540728 0.000000 57.764259 -0.540728 0.841198 0.000000 -16.345423 0.000000 0.000000 1.000000 0.000000
0.840586 0.541678 0.000000 58.017082 -0.541678 0.840586 0.000000 -16.513960 0.000000 0.000000 1.000000 0.000000
0.841115 0.540856 0.000000 58.281349 -0.540856 0.841115 0.000000 -16.693200 0.000000 0.000000 1.000000 0.000000
0.839693 0.543061 0.000000 58.525431 -0.543061 0.839693 0.000000 -16.852479 0.000000 0.000000 1.000000 0.000000
0.838760 0.544501 0.000000 58.765959 -0.544501 0.838760 0.000000 -17.008698 0.000000 0.000000 1.000000 0.000000
0.836834 0.547456 0.000000 59.017018 -0.547456 0.836834 0.000000 -17.175221 0.000000 0.000000 1.000000 0.000000
0.835128 0.550056 0.000000 59.369533 -0.550056 0.835128 0.000000 -17.411220 0.000000 0.000000 1.000000 0.000000
0.831740 0.555165 0.000000 59.629073 -0.555165 0.831740 0.000000 -17.577982 0.000000 0.000000 1.000000 0.000000
0.828880 0.559427 0.000000 59.866429 -0.559427 0.828880 0.000000 -17.736192 0.000000 0.000000 1.000000 0.000000
0.825698 0.564112 0.000000 60.098672 -0.564112 0.825698 0.000000 -17.888535 0.000000 0.000000 1.000000 0.000000
0.822888 0.568204 0.000000 60.322406 -0.568204 0.822888 0.000000 -18.042691 0.000000 0.000000 1.000000 0.000000
0.822005 0.569480 0.000000 60.537284 -0.569480 0.822005 0.000000 -18.197509 0.000000 0.000000 1.000000 0.000000
0.821768 0.569823 0.000000 60.748357 -0.569823 0.821768 0.000000 -18.355435 0.000000 0.000000 1.000000 0.000000
0.823181 0.567779 0.000000 60.956238 -0.567779 0.823181 0.000000 -18.513151 0.000000 0.000000 1.000000 0.000000
0.823175 0.567787 0.000000 61.161146 -0.567787 0.823175 0.000000 -18.662303 0.000000 0.000000 1.000000 0.000000
0.821464 0.570260 0.000000 61.360724 -0.570260 0.821464 0.000000 -18.803836 0.000000 0.000000 1.000000 0.000000
0.816480 0.577373 0.000000 61.740939 -0.577373 0.816480 0.000000 -19.073998 0.000000 0.000000 1.000000 0.000000
0.815053 0.579386 0.000000 61.922058 -0.579386 0.815053 0.000000 -19.197493 0.000000 0.000000 1.000000 0.000000
0.814991 0.579474 0.000000 62.091547 -0.579474 0.814991 0.000000 -19.333820 0.000000 0.000000 1.000000 0.000000
0.815431 0.578854 0.000000 62.259544 -0.578854 0.815431 0.000000 -19.472689 0.000000 0.000000 1.000000 0.000000
0.814555 0.580086 0.000000 62.420322 -0.580086 0.814555 0.000000 -19.593973 0.000000 0.000000 1.000000 0.000000
0.813899 0.581007 0.000000 62.581140 -0.581007 0.813899 0.000000 -19.718299 0.000000 0.000000 1.000000 0.000000
0.812517 0.582937 0.000000 62.748576 -0.582937 0.812517 0.000000 -19.843690 0.000000 0.000000 1.000000 0.000000
0.811743 0.584014 0.000000 62.905972 -0.584014 0.811743 0.000000 -19.956180 0.000000 0.000000 1.000000 0.000000
0.810409 0.585864 0.000000 63.076538 -0.585864 0.810409 0.000000 -20.076154 0.000000 0.000000 1.000000 0.000000
0.807515 0.589846 0.000000 63.395833 -0.589846 0.807515 0.000000 -20.305360 0.000000 0.000000 1.000000 0.000000
0.806934 0.590641 0.000000 63.545943 -0.590641 0.806934 0.000000 -20.417016 0.000000 0.000000 1.000000 0.000000
0.806270 0.591548 0.000000 63.699365 -0.591548 0.806270 0.000000 -20.525466 0.000000 0.000000 1.000000 0.000000
0.804748 0.593616 0.000000 63.948547 -0.593616 0.804748 0.000000 -20.716623 0.000000 0.000000 1.000000 0.000000
0.802813 0.596231 0.000000 64.109323 -0.596231 0.802813 0.000000 -20.835936 0.000000 0.000000 1.000000 0.000000
0.800914 0.598779 0.000000 64.269731 -0.598779 0.800914 0.000000 -20.954874 0.000000 0.000000 1.000000 0.000000
0.801125 0.598496 0.000000 64.431602 -0.598496 0.801125 0.000000 -21.080257 0.000000 0.000000 1.000000 0.000000
0.800464 0.599380 0.000000 64.594266 -0.599380 0.800464 0.000000 -21.197161 0.000000 0.000000 1.000000 0.000000
0.799445 0.600739 0.000000 64.753386 -0.600739 0.799445 0.000000 -21.323168 0.000000 0.000000 1.000000 0.000000
0.798056 0.602584 0.000000 64.914282 -0.602584 0.798056 0.000000 -21.447849 0.000000 0.000000 1.000000 0.000000
0.794558 0.607188 0.000000 65.244338 -0.607188 0.794558 0.000000 -21.702297 0.000000 0.000000 1.000000 0.000000
0.793178 0.608990 0.000000 65.409950 -0.608990 0.793178 0.000000 -21.831261 0.000000 0.000000 1.000000 0.000000
0.791466 0.611213 0.000000 65.578455 -0.611213 0.791466 0.000000 -21.962616 0.000000 0.000000 1.000000 0.000000
0.790399 0.612592 0.000000 65.741233 -0.612592 0.790399 0.000000 -22.095859 0.000000 0.000000 1.000000 0.000000
0.789572 0.613658 0.000000 65.911829 -0.613658 0.789572 0.000000 -22.235171 0.000000 0.000000 1.000000 0.000000
0.787864 0.615849 0.000000 66.077046 -0.615849 0.787864 0.000000 -22.368262 0.000000 0.000000 1.000000 0.000000
0.786428 0.617682 0.000000 66.239925 -0.617682 0.786428 0.000000 -22.501490 0.000000 0.000000 1.000000 0.000000
0.783904 0.620882 0.000000 66.420692 -0.620882 0.783904 0.000000 -22.647134 0.000000 0.000000 1.000000 0.000000
0.780265 0.625449 0.000000 66.596414 -0.625449 0.780265 0.000000 -22.780018 0.000000 0.000000 1.000000 0.000000
0.776873 0.629657 0.000000 66.767482 -0.629657 0.776873 0.000000 -22.919107 0.000000 0.000000 1.000000 0.000000
0.774547 0.632516 0.000000 66.951255 -0.632516 0.774547 0.000000 -23.073181 0.000000 0.000000 1.000000 0.000000
0.772489 0.635028 0.000000 67.126568 -0.635028 0.772489 0.000000 -23.219694 0.000000 0.000000 1.000000 0.000000
0.770921 0.636930 0.000000 67.310964 -0.636930 0.770921 0.000000 -23.379699 0.000000 0.000000 1.000000 0.000000
0.768023 0.640422 0.000000 67.495893 -0.640422 0.768023 0.000000 -23.531542 0.000000 0.000000 1.000000 0.000000
0.765537 0.643391 0.000000 67.683334 -0.643391 0.765537 0.000000 -23.701034 0.000000 0.000000 1.000000 0.000000
0.762994 0.646405 0.000000 67.870455 -0.646405 0.762994 0.000000 -23.858291 0.000000 0.000000 1.000000 0.000000
0.758319 0.651884 0.000000 68.154620 -0.651884 0.758319 0.000000 -24.095854 0.000000 0.000000 1.000000 0.000000
0.756154 0.654394 0.000000 68.327134 -0.654394 0.756154 0.000000 -24.250048 0.000000 0.000000 1.000000 0.000000
0.754710 0.656059 0.000000 68.530780 -0.656059 0.754710 0.000000 -24.432986 0.000000 0.000000 1.000000 0.000000
0.753021 0.657996 0.000000 68.719251 -0.657996 0.753021 0.000000 -24.605592 0.000000 0.000000 1.000000 0.000000
0.749811 0.661652 0.000000 69.114145 -0.661652 0.749811 0.000000 -24.975608 0.000000 0.000000 1.000000 0.000000
0.748212 0.663460 0.000000 69.307797 -0.663460 0.748212 0.000000 -25.157817 0.000000 0.000000 1.000000 0.000000
0.746675 0.665189 0.000000 69.495215 -0.665189 0.746675 0.000000 -25.331003 0.000000 0.000000 1.000000 0.000000
0.745904 0.666054 0.000000 69.697956 -0.666054 0.745904 0.000000 -25.517854 0.000000 0.000000 1.000000 0.000000
0.743047 0.669239 0.000000 69.983006 -0.669239 0.743047 0.000000 -25.759729 0.000000 0.000000 1.000000 0.000000
0.739552 0.673099 0.000000 70.183040 -0.673099 0.739552 0.000000 -25.936712 0.000000 0.000000 1.000000 0.000000
0.735592 0.677425 0.000000 70.372068 -0.677425 0.735592 0.000000 -26.104702 0.000000 0.000000 1.000000 0.000000
0.732995 0.680235 0.000000 70.560513 -0.680235 0.732995 0.000000 -26.288074 0.000000 0.000000 1.000000 0.000000
0.731212 0.682150 0.000000 70.742323 -0.682150 0.731212 0.000000 -26.460523 0.000000 0.000000 1.000000 0.000000
0.728701 0.684832 0.000000 70.921392 -0.684832 0.728701 0.000000 -26.632087 0.000000 0.000000 1.000000 0.000000
0.727637 0.685963 0.000000 71.103227 -0.685963 0.727637 0.000000 -26.823301 0.000000 0.000000 1.000000 0.000000
0.727442 0.686169 0.000000 71.287206 -0.686169 0.727442 0.000000 -26.997791 0.000000 0.000000 1.000000 0.000000
0.725267 0.688468 0.000000 71.465889 -0.688468 0.725267 0.000000 -27.165933 0.000000 0.000000 1.000000 0.000000
0.724322 0.689462 0.000000 71.639899 -0.689462 0.724322 0.000000 -27.367856 0.000000 0.000000 1.000000 0.000000
0.724977 0.688773 0.000000 71.810213 -0.688773 0.724977 0.000000 -27.542041 0.000000 0.000000 1.000000 0.000000
0.724017 0.689782 0.000000 72.050188 -0.689782 0.724017 0.000000 -27.776069 0.000000 0.000000 1.000000 0.000000
0.723040 0.690807 0.000000 72.242131 -0.690807 0.723040 0.000000 -27.968037 0.000000 0.000000 1.000000 0.000000
0.723263 0.690573 0.000000 72.418409 -0.690573 0.723263 0.000000 -28.154496 0.000000 0.000000 1.000000 0.000000
0.723085 0.690759 0.000000 72.607562 -0.690759 0.723085 0.000000 -28.322070 0.000000 0.000000 1.000000 0.000000
0.724085 0.689711 0.000000 72.779326 -0.689711 0.724085 0.000000 -28.504453 0.000000 0.000000 1.000000 0.000000
0.728212 0.685352 0.000000 72.949845 -0.685352 0.728212 0.000000 -28.692827 0.000000 0.000000 1.000000 0.000000
0.728888 0.684633 0.000000 73.126214 -0.684633 0.728888 0.000000 -28.859070 0.000000 0.000000 1.000000 0.000000
0.728879 0.684643 0.000000 73.298228 -0.684643 0.728879 0.000000 -29.019571 0.000000 0.000000 1.000000 0.000000
0.730634 0.682770 0.000000 73.471706 -0.682770 0.730634 0.000000 -29.186090 0.000000 0.000000 1.000000 0.000000
0.730674 0.682726 0.000000 73.636919 -0.682726 0.730674 0.000000 -29.338259 0.000000 0.000000 1.000000 0.000000
0.731728 0.681597 0.000000 73.964786 -0.681597 0.731728 0.000000 -29.653775 0.000000 0.000000 1.000000 0.000000
0.733215 0.679997 0.000000 74.143740 -0.679997 0.733215 0.000000 -29.820857 0.000000 0.000000 1.000000 0.000000
0.734470 0.678642 0.000000 74.308082 -0.678642 0.734470 0.000000 -29.981331 0.000000 0.000000 1.000000 0.000000
0.736225 0.676737 0.000000 74.458183 -0.676737 0.736225 0.000000 -30.129876 0.000000 0.000000 1.000000 0.000000
0.737722 0.675105 0.000000 74.616683 -0.675105 0.737722 0.000000 -30.284350 0.000000 0.000000 1.000000 0.000000
0.737571 0.675270 0.000000 74.769764 -0.675270 0.737571 0.000000 -30.426176 0.000000 0.000000 1.000000 0.000000
0.737661 0.675171 0.000000 74.930973 -0.675171 0.737661 0.000000 -30.575965 0.000000 0.000000 1.000000 0.000000
0.740505 0.672051 0.000000 75.193518 -0.672051 0.740505 0.000000 -30.826460 0.000000 0.000000 1.000000 0.000000
0.742458 0.669892 0.000000 75.349346 -0.669892 0.742458 0.000000 -30.973930 0.000000 0.000000 1.000000 0.000000
0.744037 0.668139 0.000000 75.500380 -0.668139 0.744037 0.000000 -31.118993 0.000000 0.000000 1.000000 0.000000
0.745897 0.666062 0.000000 75.653378 -0.666062 0.745897 0.000000 -31.263075 0.000000 0.000000 1.000000 0.000000
0.748210 0.663462 0.000000 75.799378 -0.663462 0.748210 0.000000 -31.402701 0.000000 0.000000 1.000000 0.000000
0.751664 0.659546 0.000000 75.944590 -0.659546 0.751664 0.000000 -31.548648 0.000000 0.000000 1.000000 0.000000
0.758384 0.651809 0.000000 76.222140 -0.651809 0.758384 0.000000 -31.805195 0.000000 0.000000 1.000000 0.000000
0.761332 0.648362 0.000000 76.352069 -0.648362 0.761332 0.000000 -31.920283 0.000000 0.000000 1.000000 0.000000
0.764659 0.644435 0.000000 76.479042 -0.644435 0.764659 0.000000 -32.032578 0.000000 0.000000 1.000000 0.000000
0.768452 0.639907 0.000000 76.711492 -0.639907 0.768452 0.000000 -32.217539 0.000000 0.000000 1.000000 0.000000
0.775068 0.631878 0.000000 76.989113 -0.631878 0.775068 0.000000 -32.492998 0.000000 0.000000 1.000000 0.000000
0.779574 0.626310 0.000000 77.185511 -0.626310 0.779574 0.000000 -32.637942 0.000000 0.000000 1.000000 0.000000
0.783537 0.621345 0.000000 77.298277 -0.621345 0.783537 0.000000 -32.724631 0.000000 0.000000 1.000000 0.000000
0.790988 0.611832 0.000000 77.518137 -0.611832 0.790988 0.000000 -32.906822 0.000000 0.000000 1.000000 0.000000
0.794558 0.607189 0.000000 77.632540 -0.607189 0.794558 0.000000 -33.001161 0.000000 0.000000 1.000000 0.000000
0.797124 0.603816 0.000000 77.731124 -0.603816 0.797124 0.000000 -33.072756 0.000000 0.000000 1.000000 0.000000
0.800332 0.599556 0.000000 77.833818 -0.599556 0.800332 0.000000 -33.155642 0.000000 0.000000 1.000000 0.000000
0.804558 0.593875 0.000000 77.988558 -0.593875 0.804558 0.000000 -33.271752 0.000000 0.000000 1.000000 0.000000
0.810989 0.585061 0.000000 78.178082 -0.585061 0.810989 0.000000 -33.421133 0.000000 0.000000 1.000000 0.000000
0.814503 0.580159 0.000000 78.269715 -0.580159 0.814503 0.000000 -33.490351 0.000000 0.000000 1.000000 0.000000
0.817968 0.575264 0.000000 78.357946 -0.575264 0.817968 0.000000 -33.559804 0.000000 0.000000 1.000000 0.000000
0.821121 0.570755 0.000000 78.444144 -0.570755 0.821121 0.000000 -33.623185 0.000000 0.000000 1.000000 0.000000
0.823760 0.566938 0.000000 78.533647 -0.566938 0.823760 0.000000 -33.686426 0.000000 0.000000 1.000000 0.000000
0.826727 0.562604 0.000000 78.596640 -0.562604 0.826727 0.000000 -33.740744 0.000000 0.000000 1.000000 0.000000
0.831908 0.554914 0.000000 78.737687 -0.554914 0.831908 0.000000 -33.845272 0.000000 0.000000 1.000000 0.000000
0.835058 0.550163 0.000000 78.804488 -0.550163 0.835058 0.000000 -33.896842 0.000000 0.000000 1.000000 0.000000
0.837405 0.546583 0.000000 78.874788 -0.546583 0.837405 0.000000 -33.938233 0.000000 0.000000 1.000000 0.000000
0.840328 0.542078 0.000000 78.930138 -0.542078 0.840328 0.000000 -33.981471 0.000000 0.000000 1.000000 0.000000
0.841959 0.539542 0.000000 78.985088 -0.539542 0.841959 0.000000 -34.018005 0.000000 0.000000 1.000000 0.000000
0.843160 0.537662 0.000000 79.037144 -0.537662 0.843160 0.000000 -34.053341 0.000000 0.000000 1.000000 0.000000
0.843942 0.536434 0.000000 79.083631 -0.536434 0.843942 0.000000 -34.082750 0.000000 0.000000 1.000000 0.000000
0.845694 0.533668 0.000000 79.156820 -0.533668 0.845694 0.000000 -34.124400 0.000000 0.000000 1.000000 0.000000
0.846405 0.532539 0.000000 79.182301 -0.532539 0.846405 0.000000 -34.141589 0.000000 0.000000 1.000000 0.000000
0.846871 0.531799 0.000000 79.212547 -0.531799 0.846871 0.000000 -34.159382 0.000000 0.000000 1.000000 0.000000
0.847571 0.530683 0.000000 79.240043 -0.530683 0.847571 0.000000 -34.175041 0.000000 0.000000 1.000000 0.000000
0.848659 0.528940 0.000000 79.263997 -0.528940 0.848659 0.000000 -34.190317 0.000000 0.000000 1.000000 0.000000
0.848856 0.528624 0.000000 79.279569 -0.528624 0.848856 0.000000 -34.201757 0.000000 0.000000 1.000000 0.000000
0.849177 0.528108 0.000000 79.294772 -0.528108 0.849177 0.000000 -34.211649 0.000000 0.000000 1.000000 0.000000
0.850094 0.526631 0.000000 79.304080 -0.526631 0.850094 0.000000 -34.223452 0.000000 0.000000 1.000000 0.000000
0.851336 0.524621 0.000000 79.312501 -0.524621 0.851336 0.000000 -34.225665 0.000000 0.000000 1.000000 0.000000
0.851243 0.524772 0.000000 79.325182 -0.524772 0.851243 0.000000 -34.225574 0.000000 0.000000 1.000000 0.000000
0.851572 0.524237 0.000000 79.324866 -0.524237 0.851572 0.000000 -34.226015 0.000000 0.000000 1.000000 0.000000
0.851175 0.524883 0.000000 79.323459 -0.524883 0.851175 0.000000 -34.222203 0.000000 0.000000 1.000000 0.000000
0.850905 0.525319 0.000000 79.324128 -0.525319 0.850905 0.000000 -34.220936 0.000000 0.000000 1.000000 0.000000
0.850730 0.525603 0.000000 79.324061 -0.525603 0.850730 0.000000 -34.220064 0.000000 0.000000 1.000000 0.000000
0.850942 0.525260 0.000000 79.323283 -0.525260 0.850942 0.000000 -34.222948 0.000000 0.000000 1.000000 0.000000
0.851342 0.524611 0.000000 79.323099 -0.524611 0.851342 0.000000 -34.223425 0.000000 0.000000 1.000000 0.000000
0.850900 0.525327 0.000000 79.324137 -0.525327 0.850900 0.000000 -34.221711 0.000000 0.000000 1.000000 0.000000
0.850687 0.525672 0.000000 79.324719 -0.525672 0.850687 0.000000 -34.221186 0.000000 0.000000 1.000000 0.000000
0.850549 0.525896 0.000000 79.325220 -0.525896 0.850549 0.000000 -34.220457 0.000000 0.000000 1.000000 0.000000
0.850423 0.526099 0.000000 79.325922 -0.526099 0.850423 0.000000 -34.218901 0.000000 0.000000 1.000000 0.000000
0.850390 0.526153 0.000000 79.326557 -0.526153 0.850390 0.000000 -34.217259 0.000000 0.000000 1.000000 0.000000
0.850356 0.526208 0.000000 79.327365 -0.526208 0.850356 0.000000 -34.215545 0.000000 0.000000 1.000000 0.000000
0.850258 0.526366 0.000000 79.328125 -0.526366 0.850258 0.000000 -34.212950 0.000000 0.000000 1.000000 0.000000
0.850318 0.526269 0.000000 79.328626 -0.526269 0.850318 0.000000 -34.210462 0.000000 0.000000 1.000000 0.000000
0.850370 0.526186 0.000000 79.328742 -0.526186 0.850370 0.000000 -34.209798 0.000000 0.000000 1.000000 0.000000
0.850378 0.526172 0.000000 79.328981 -0.526172 0.850378 0.000000 -34.209212 0.000000 0.000000 1.000000 0.000000
0.850339 0.526235 0.000000 79.329100 -0.526235 0.850339 0.000000 -34.208936 0.000000 0.000000 1.000000 0.000000
0.850332 0.526246 0.000000 79.329085 -0.526246 0.850332 0.000000 -34.209066 0.000000 0.000000 1.000000 0.000000
0.850342 0.526231 0.000000 79.328953 -0.526231 0.850342 0.000000 -34.209475 0.000000 0.000000 1.000000 0.000000
0.850310 0.526282 0.000000 79.328780 -0.526282 0.850310 0.000000 -34.210037 0.000000 0.000000 1.000000 0.000000
0.850292 0.526311 0.000000 79.328626 -0.526311 0.850292 0.000000 -34.210504 0.000000 0.000000 1.000000 0.000000
0.850209 0.526445 0.000000 79.328579 -0.526445 0.850209 0.000000 -34.210802 0.000000 0.000000 1.000000 0.000000
0.849991 0.526797 0.000000 79.328621 -0.526797 0.849991 0.000000 -34.210854 0.000000 0.000000 1.000000 0.000000
0.849933 0.526891 0.000000 79.328778 -0.526891 0.849933 0.000000 -34.210519 0.000000 0.000000 1.000000 0.000000
0.849958 0.526850 0.000000 79.328910 -0.526850 0.849958 0.000000 -34.210713 0.000000 0.000000 1.000000 0.000000
0.849996 0.526789 0.000000 79.328757 -0.526789 0.849996 0.000000 -34.210894 0.000000 0.000000 1.000000 0.000000
0.849989 0.526801 0.000000 79.328783 -0.526801 0.849989 0.000000 -34.210790 0.000000 0.000000 1.000000 0.000000
0.849970 0.526831 0.000000 79.328849 -0.526831 0.849970 0.000000 -34.210740 0.000000 0.000000 1.000000 0.000000
0.849930 0.526895 0.000000 79.328850 -0.526895 0.849930 0.000000 -34.210657 0.000000 0.000000 1.000000 0.000000
0.849937 0.526885 0.000000 79.328803 -0.526885 0.849937 0.000000 -34.210452 0.000000 0.000000 1.000000 0.000000
0.849844 0.527035 0.000000 79.329023 -0.527035 0.849844 0.000000 -34.210499 0.000000 0.000000 1.000000 0.000000
0.849873 0.526988 0.000000 79.328917 -0.526988 0.849873 0.000000 -34.210503 0.000000 0.000000 1.000000 0.000000
0.849873 0.526988 0.000000 79.328916 -0.526988 0.849873 0.000000 -34.210502 0.000000 0.000000 1.000000 0.000000
0.849861 0.527008 0.000000 79.328869 -0.527008 0.849861 0.000000 -34.210316 0.000000 0.000000 1.000000 0.000000
0.849842 0.527038 0.000000 79.328897 -0.527038 0.849842 0.000000 -34.210170 0.000000 0.000000 1.000000 0.000000
0.849898 0.526948 0.000000 79.328717 -0.526948 0.849898 0.000000 -34.210100 0.000000 0.000000 1.000000 0.000000
0.850171 0.526506 0.000000 79.327996 -0.526506 0.850171 0.000000 -34.210298 0.000000 0.000000 1.000000 0.000000
0.850082 0.526650 0.000000 79.328230 -0.526650 0.850082 0.000000 -34.210090 0.000000 0.000000 1.000000 0.000000
0.850035 0.526726 0.000000 79.328280 -0.526726 0.850035 0.000000 -34.209871 0.000000 0.000000 1.000000 0.000000
0.849998 0.526785 0.000000 79.328090 -0.526785 0.849998 0.000000 -34.209830 0.000000 0.000000 1.000000 0.000000
0.850014 0.526760 0.000000 79.327944 -0.526760 0.850014 0.000000 -34.209938 0.000000 0.000000 1.000000 0.000000
0.850180 0.526492 0.000000 79.327121 -0.526492 0.850180 0.000000 -34.210014 0.000000 0.000000 1.000000 0.000000
0.850235 0.526404 0.000000 79.326813 -0.526404 0.850235 0.000000 -34.210052 0.000000 0.000000 1.000000 0.000000
0.850074 0.526663 0.000000 79.327081 -0.526663 0.850074 0.000000 -34.209590 0.000000 0.000000 1.000000 0.000000
0.849734 0.527212 0.000000 79.328025 -0.527212 0.849734 0.000000 -34.208447 0.000000 0.000000 1.000000 0.000000
0.849175 0.528112 0.000000 79.329636 -0.528112 0.849175 0.000000 -34.207050 0.000000 0.000000 1.000000 0.000000
0.848622 0.529000 0.000000 79.331362 -0.529000 0.848622 0.000000 -34.206184 0.000000 0.000000 1.000000 0.000000
0.848382 0.529385 0.000000 79.332314 -0.529385 0.848382 0.000000 -34.206604 0.000000 0.000000 1.000000 0.000000
0.848442 0.529289 0.000000 79.333177 -0.529289 0.848442 0.000000 -34.208501 0.000000 0.000000 1.000000 0.000000
0.848551 0.529114 0.000000 79.332215 -0.529114 0.848551 0.000000 -34.209068 0.000000 0.000000 1.000000 0.000000
0.849257 0.527980 0.000000 79.332426 -0.527980 0.849257 0.000000 -34.212738 0.000000 0.000000 1.000000 0.000000
0.850563 0.525872 0.000000 79.328956 -0.525872 0.850563 0.000000 -34.216390 0.000000 0.000000 1.000000 0.000000
0.851063 0.525064 0.000000 79.327874 -0.525064 0.851063 0.000000 -34.217330 0.000000 0.000000 1.000000 0.000000
0.851312 0.524659 0.000000 79.326500 -0.524659 0.851312 0.000000 -34.218110 0.000000 0.000000 1.000000 0.000000
0.851441 0.524450 0.000000 79.325518 -0.524450 0.851441 0.000000 -34.218789 0.000000 0.000000 1.000000 0.000000
0.851642 0.524124 0.000000 79.325025 -0.524124 0.851642 0.000000 -34.219546 0.000000 0.000000 1.000000 0.000000
0.851654 0.524105 0.000000 79.324686 -0.524105 0.851654 0.000000 -34.219620 0.000000 0.000000 1.000000 0.000000
0.851653 0.524105 0.000000 79.324252 -0.524105 0.851653 0.000000 -34.219401 0.000000 0.000000 1.000000 0.000000
0.851796 0.523874 0.000000 79.322551 -0.523874 0.851796 0.000000 -34.219999 0.000000 0.000000 1.000000 0.000000
0.851790 0.523883 0.000000 79.320975 -0.523883 0.851790 0.000000 -34.219716 0.000000 0.000000 1.000000 0.000000
0.851987 0.523563 0.000000 79.319040 -0.523563 0.851987 0.000000 -34.219750 0.000000 0.000000 1.000000 0.000000
0.852101 0.523377 0.000000 79.317856 -0.523377 0.852101 0.000000 -34.219621 0.000000 0.000000 1.000000 0.000000
0.852137 0.523319 0.000000 79.317018 -0.523319 0.852137 0.000000 -34.219257 0.000000 0.000000 1.000000 0.000000
0.852520 0.522694 0.000000 79.315425 -0.522694 0.852520 0.000000 -34.220931 0.000000 0.000000 1.000000 0.000000
0.852838 0.522175 0.000000 79.315074 -0.522175 0.852838 0.000000 -34.222500 0.000000 0.000000 1.000000 0.000000
0.853259 0.521487 0.000000 79.314036 -0.521487 0.853259 0.000000 -34.224432 0.000000 0.000000 1.000000 0.000000
0.853849 0.520521 0.000000 79.312919 -0.520521 0.853849 0.000000 -34.226785 0.000000 0.000000 1.000000 0.000000
0.853956 0.520345 0.000000 79.312173 -0.520345 0.853956 0.000000 -34.226976 0.000000 0.000000 1.000000 0.000000
0.853794 0.520611 0.000000 79.312031 -0.520611 0.853794 0.000000 -34.226405 0.000000 0.000000 1.000000 0.000000
0.853035 0.521854 0.000000 79.316385 -0.521854 0.853035 0.000000 -34.224830 0.000000 0.000000 1.000000 0.000000
0.851603 0.524187 0.000000 79.326372 -0.524187 0.851603 0.000000 -34.222325 0.000000 0.000000 1.000000 0.000000
0.850632 0.525762 0.000000 79.331582 -0.525762 0.850632 0.000000 -34.220347 0.000000 0.000000 1.000000 0.000000
0.849712 0.527247 0.000000 79.334746 -0.527247 0.849712 0.000000 -34.217690 0.000000 0.000000 1.000000 0.000000
0.848790 0.528730 0.000000 79.338195 -0.528730 0.848790 0.000000 -34.216973 0.000000 0.000000 1.000000 0.000000
0.847412 0.530936 0.000000 79.344912 -0.530936 0.847412 0.000000 -34.213383 0.000000 0.000000 1.000000 0.000000
0.846457 0.532457 0.000000 79.354033 -0.532457 0.846457 0.000000 -34.213416 0.000000 0.000000 1.000000 0.000000
0.846003 0.533178 0.000000 79.362635 -0.533178 0.846003 0.000000 -34.215291 0.000000 0.000000 1.000000 0.000000
0.846096 0.533031 0.000000 79.370275 -0.533031 0.846096 0.000000 -34.220415 0.000000 0.000000 1.000000 0.000000
0.846296 0.532714 0.000000 79.379009 -0.532714 0.846296 0.000000 -34.227228 0.000000 0.000000 1.000000 0.000000
0.846844 0.531842 0.000000 79.388740 -0.531842 0.846844 0.000000 -34.236303 0.000000 0.000000 1.000000 0.000000
0.847634 0.530581 0.000000 79.398521 -0.530581 0.847634 0.000000 -34.244340 0.000000 0.000000 1.000000 0.000000
0.848206 0.529667 0.000000 79.406440 -0.529667 0.848206 0.000000 -34.250344 0.000000 0.000000 1.000000 0.000000
0.848311 0.529498 0.000000 79.417015 -0.529498 0.848311 0.000000 -34.259823 0.000000 0.000000 1.000000 0.000000
0.848153 0.529751 0.000000 79.429104 -0.529751 0.848153 0.000000 -34.268299 0.000000 0.000000 1.000000 0.000000
0.847771 0.530363 0.000000 79.443790 -0.530363 0.847771 0.000000 -34.279145 0.000000 0.000000 1.000000 0.000000
0.847313 0.531094 0.000000 79.460324 -0.531094 0.847313 0.000000 -34.284716 0.000000 0.000000 1.000000 0.000000
0.846978 0.531627 0.000000 79.478306 -0.531627 0.846978 0.000000 -34.292222 0.000000 0.000000 1.000000 0.000000
0.847632 0.530584 0.000000 79.505931 -0.530584 0.847632 0.000000 -34.309514 0.000000 0.000000 1.000000 0.000000
0.847842 0.530248 0.000000 79.520744 -0.530248 0.847842 0.000000 -34.317721 0.000000 0.000000 1.000000 0.000000
0.848321 0.529483 0.000000 79.532679 -0.529483 0.848321 0.000000 -34.326412 0.000000 0.000000 1.000000 0.000000
0.848957 0.528462 0.000000 79.544348 -0.528462 0.848957 0.000000 -34.335518 0.000000 0.000000 1.000000 0.000000
0.849859 0.527011 0.000000 79.556031 -0.527011 0.849859 0.000000 -34.344684 0.000000 0.000000 1.000000 0.000000
0.850669 0.525701 0.000000 79.564314 -0.525701 0.850669 0.000000 -34.352740 0.000000 0.000000 1.000000 0.000000
0.851075 0.525045 0.000000 79.570662 -0.525045 0.851075 0.000000 -34.358530 0.000000 0.000000 1.000000 0.000000
0.851256 0.524750 0.000000 79.577277 -0.524750 0.851256 0.000000 -34.363072 0.000000 0.000000 1.000000 0.000000
0.850990 0.525182 0.000000 79.580439 -0.525182 0.850990 0.000000 -34.361735 0.000000 0.000000 1.000000 0.000000
0.850654 0.525725 0.000000 79.587245 -0.525725 0.850654 0.000000 -34.362725 0.000000 0.000000 1.000000 0.000000
0.849998 0.526785 0.000000 79.594640 -0.526785 0.849998 0.000000 -34.358179 0.000000 0.000000 1.000000 0.000000
0.849754 0.527179 0.000000 79.595824 -0.527179 0.849754 0.000000 -34.357643 0.000000 0.000000 1.000000 0.000000
0.849520 0.527557 0.000000 79.597767 -0.527557 0.849520 0.000000 -34.356531 0.000000 0.000000 1.000000 0.000000
0.849455 0.527661 0.000000 79.597175 -0.527661 0.849455 0.000000 -34.356945 0.000000 0.000000 1.000000 0.000000
0.849898 0.526948 0.000000 79.593820 -0.526948 0.849898 0.000000 -34.359043 0.000000 0.000000 1.000000 0.000000
0.850364 0.526195 0.000000 79.591371 -0.526195 0.850364 0.000000 -34.359370 0.000000 0.000000 1.000000 0.000000
0.850574 0.525855 0.000000 79.589872 -0.525855 0.850574 0.000000 -34.359118 0.000000 0.000000 1.000000 0.000000
0.850577 0.525850 0.000000 79.589039 -0.525850 0.850577 0.000000 -34.358617 0.000000 0.000000 1.000000 0.000000
0.850719 0.525621 0.000000 79.588099 -0.525621 0.850719 0.000000 -34.358741 0.000000 0.000000 1.000000 0.000000
0.851050 0.525085 0.000000 79.587139 -0.525085 0.851050 0.000000 -34.359029 0.000000 0.000000 1.000000 0.000000
0.851383 0.524545 0.000000 79.585423 -0.524545 0.851383 0.000000 -34.361345 0.000000 0.000000 1.000000 0.000000
0.851857 0.523774 0.000000 79.583600 -0.523774 0.851857 0.000000 -34.361148 0.000000 0.000000 1.000000 0.000000
0.852340 0.522988 0.000000 79.582207 -0.522988 0.852340 0.000000 -34.362307 0.000000 0.000000 1.000000 0.000000
0.853026 0.521869 0.000000 79.580565 -0.521869 0.853026 0.000000 -34.364036 0.000000 0.000000 1.000000 0.000000
0.853350 0.521338 0.000000 79.580142 -0.521338 0.853350 0.000000 -34.363775 0.000000 0.000000 1.000000 0.000000
0.853836 0.520542 0.000000 79.579301 -0.520542 0.853836 0.000000 -34.364365 0.000000 0.000000 1.000000 0.000000
0.854123 0.520071 0.000000 79.579002 -0.520071 0.854123 0.000000 -34.364243 0.000000 0.000000 1.000000 0.000000
0.854256 0.519852 0.000000 79.579191 -0.519852 0.854256 0.000000 -34.363923 0.000000 0.000000 1.000000 0.000000
0.854701 0.519121 0.000000 79.578810 -0.519121 0.854701 0.000000 -34.364344 0.000000 0.000000 1.000000 0.000000
0.854790 0.518974 0.000000 79.578811 -0.518974 0.854790 0.000000 -34.364288 0.000000 0.000000 1.000000 0.000000
0.855129 0.518414 0.000000 79.578208 -0.518414 0.855129 0.000000 -34.364742 0.000000 0.000000 1.000000 0.000000
0.855748 0.517393 0.000000 79.577415 -0.517393 0.855748 0.000000 -34.367047 0.000000 0.000000 1.000000 0.000000
