1.000000 -0.000757 0.000000 0.777013 0.000757 1.000000 0.000000 0.000967 0.000000 0.000000 1.000000 0.000000
1.000000 -0.000044 0.000000 1.350393 0.000044 1.000000 0.000000 0.084597 0.000000 0.000000 1.000000 0.000000
0.999996 0.002933 0.000000 1.949533 -0.002933 0.999996 0.000000 0.077653 0.000000 0.000000 1.000000 0.000000
0.999981 0.006109 0.000000 2.498049 -0.006109 0.999981 0.000000 0.081743 0.000000 0.000000 1.000000 0.000000
0.999944 0.010624 0.000000 3.668642 -0.010624 0.999944 0.000000 0.060789 0.000000 0.000000 1.000000 0.000000
0.999912 0.013247 0.000000 4.221353 -0.013247 0.999912 0.000000 0.038792 0.000000 0.000000 1.000000 0.000000
0.999869 0.016203 0.000000 5.291710 -0.016203 0.999869 0.000000 0.089202 0.000000 0.000000 1.000000 0.000000
0.999811 0.019448 0.000000 5.813952 -0.019448 0.999811 0.000000 0.069378 0.000000 0.000000 1.000000 0.000000
0.999792 0.020375 0.000000 6.277477 -0.020375 0.999792 0.000000 0.106641 0.000000 0.000000 1.000000 0.000000
0.999783 0.020812 0.000000 6.862717 -0.020812 0.999783 0.000000 0.064807 0.000000 0.000000 1.000000 0.000000
0.999718 0.023754 0.000000 7.659694 -0.023754 0.999718 0.000000 0.146878 0.000000 0.000000 1.000000 0.000000
0.999679 0.025319 0.000000 8.258526 -0.025319 0.999679 0.000000 0.146232 0.000000 0.000000 1.000000 0.000000
0.999643 0.026735 0.000000 8.819260 -0.026735 0.999643 0.000000 0.126582 0.000000 0.000000 1.000000 0.000000
0.999512 0.031232 0.000000 9.386208 -0.031232 0.999512 0.000000 0.092235 0.000000 0.000000 1.000000 0.000000
0.999295 0.037538 0.000000 9.943699 -0.037538 0.999295 0.000000 0.013575 0.000000 0.000000 1.000000 0.000000
0.999031 0.044005 0.000000 10.557779 -0.044005 0.999031 0.000000 -0.052100 0.000000 0.000000 1.000000 0.000000
0.998703 0.050916 0.000000 11.084541 -0.050916 0.998703 0.000000 -0.132119 0.000000 0.000000 1.000000 0.000000
0.998317 0.057996 0.000000 11.812600 -0.057996 0.998317 0.000000 -0.234734 0.000000 0.000000 1.000000 0.000000
0.998131 0.061116 0.000000 12.388446 -0.061116 0.998131 0.000000 -0.278581 0.000000 0.000000 1.000000 0.000000
0.997850 0.065546 0.000000 12.973686 -0.065546 0.997850 0.000000 -0.315920 0.000000 0.000000 1.000000 0.000000
0.997432 0.071619 0.000000 13.547466 -0.071619 0.997432 0.000000 -0.355993 0.000000 0.000000 1.000000 0.000000
0.996839 0.079444 0.000000 14.663287 -0.079444 0.996839 0.000000 -0.422701 0.000000 0.000000 1.000000 0.000000
0.996354 0.085318 0.000000 15.204653 -0.085318 0.996354 0.000000 -0.471639 0.000000 0.000000 1.000000 0.000000
0.995683 0.092824 0.000000 15.784501 -0.092824 0.995683 0.000000 -0.524908 0.000000 0.000000 1.000000 0.000000
0.994862 0.101241 0.000000 16.323992 -0.101241 0.994862 0.000000 -0.582123 0.000000 0.000000 1.000000 0.000000
0.994230 0.107269 0.000000 16.889135 -0.107269 0.994230 0.000000 -0.633649 0.000000 0.000000 1.000000 0.000000
0.993533 0.113545 0.000000 17.442966 -0.113545 0.993533 0.000000 -0.689582 0.000000 0.000000 1.000000 0.000000
0.992821 0.119613 0.000000 17.964542 -0.119613 0.992821 0.000000 -0.786280 0.000000 0.000000 1.000000 0.000000
0.992051 0.125833 0.000000 18.495188 -0.125833 0.992051 0.000000 -0.867751 0.000000 0.000000 1.000000 0.000000
0.990194 0.139696 0.000000 19.241833 -0.139696 0.990194 0.000000 -0.963737 0.000000 0.000000 1.000000 0.000000
0.989052 0.147569 0.000000 19.831029 -0.147569 0.989052 0.000000 -1.108871 0.000000 0.000000 1.000000 0.000000
0.988211 0.153101 0.000000 20.391280 -0.153101 0.988211 0.000000 -1.217102 0.000000 0.000000 1.000000 0.000000
0.987459 0.157877 0.000000 20.915837 -0.157877 0.987459 0.000000 -1.304362 0.000000 0.000000 1.000000 0.000000
0.986377 0.164501 0.000000 21.480812 -0.164501 0.986377 0.000000 -1.403179 0.000000 0.000000 1.000000 0.000000
0.985286 0.170915 0.000000 22.007391 -0.170915 0.985286 0.000000 -1.494262 0.000000 0.000000 1.000000 0.000000
0.984223 0.176932 0.000000 22.531584 -0.176932 0.984223 0.000000 -1.581470 0.000000 0.000000 1.000000 0.000000
0.982414 0.186718 0.000000 23.091489 -0.186718 0.982414 0.000000 -1.690589 0.000000 0.000000 1.000000 0.000000
0.980699 0.195524 0.000000 23.597718 -0.195524 0.980699 0.000000 -1.779095 0.000000 0.000000 1.000000 0.000000
0.979348 0.202180 0.000000 24.151749 -0.202180 0.979348 0.000000 -1.881686 0.000000 0.000000 1.000000 0.000000
0.977960 0.208793 0.000000 24.922295 -0.208793 0.977960 0.000000 -2.040616 0.000000 0.000000 1.000000 0.000000
0.976272 0.216547 0.000000 25.474069 -0.216547 0.976272 0.000000 -2.156750 0.000000 0.000000 1.000000 0.000000
0.974424 0.224718 0.000000 26.059138 -0.224718 0.974424 0.000000 -2.287140 0.000000 0.000000 1.000000 0.000000
0.973144 0.230196 0.000000 26.611823 -0.230196 0.973144 0.000000 -2.450295 0.000000 0.000000 1.000000 0.000000
0.971557 0.236806 0.000000 27.192053 -0.236806 0.971557 0.000000 -2.579252 0.000000 0.000000 1.000000 0.000000
0.970133 0.242574 0.000000 27.701422 -0.242574 0.970133 0.000000 -2.704634 0.000000 0.000000 1.000000 0.000000
0.968942 0.247288 0.000000 28.166178 -0.247288 0.968942 0.000000 -2.865183 0.000000 0.000000 1.000000 0.000000
0.967910 0.251295 0.000000 28.666765 -0.251295 0.967910 0.000000 -2.996791 0.000000 0.000000 1.000000 0.000000
0.966509 0.256631 0.000000 29.188953 -0.256631 0.966509 0.000000 -3.177949 0.000000 0.000000 1.000000 0.000000
0.963825 0.266537 0.000000 30.161599 -0.266537 0.963825 0.000000 -3.470106 0.000000 0.000000 1.000000 0.000000
0.962583 0.270989 0.000000 30.653424 -0.270989 0.962583 0.000000 -3.624208 0.000000 0.000000 1.000000 0.000000
0.961082 0.276263 0.000000 31.167030 -0.276263 0.961082 0.000000 -3.768048 0.000000 0.000000 1.000000 0.000000
0.959365 0.282170 0.000000 31.882754 -0.282170 0.959365 0.000000 -3.938882 0.000000 0.000000 1.000000 0.000000
0.957265 0.289211 0.000000 32.393139 -0.289211 0.957265 0.000000 -4.149191 0.000000 0.000000 1.000000 0.000000
0.955520 0.294928 0.000000 32.895563 -0.294928 0.955520 0.000000 -4.331350 0.000000 0.000000 1.000000 0.000000
0.954126 0.299407 0.000000 33.443097 -0.299407 0.954126 0.000000 -4.492875 0.000000 0.000000 1.000000 0.000000
0.952144 0.305650 0.000000 33.921570 -0.305650 0.952144 0.000000 -4.638799 0.000000 0.000000 1.000000 0.000000
0.949795 0.312872 0.000000 34.584459 -0.312872 0.949795 0.000000 -4.878445 0.000000 0.000000 1.000000 0.000000
0.948658 0.316304 0.000000 35.086368 -0.316304 0.948658 0.000000 -5.056387 0.000000 0.000000 1.000000 0.000000
0.947588 0.319495 0.000000 35.614330 -0.319495 0.947588 0.000000 -5.246204 0.000000 0.000000 1.000000 0.000000
0.945691 0.325066 0.000000 36.107925 -0.325066 0.945691 0.000000 -5.417097 0.000000 0.000000 1.000000 0.000000
0.945479 0.325682 0.000000 36.603581 -0.325682 0.945479 0.000000 -5.547749 0.000000 0.000000 1.000000 0.000000
0.942978 0.332856 0.000000 37.085137 -0.332856 0.942978 0.000000 -5.716116 0.000000 0.000000 1.000000 0.000000
0.941839 0.336065 0.000000 37.552910 -0.336065 0.941839 0.000000 -5.897574 0.000000 0.000000 1.000000 0.000000
0.940056 0.341019 0.000000 38.021004 -0.341019 0.940056 0.000000 -6.104558 0.000000 0.000000 1.000000 0.000000
0.938120 0.346309 0.000000 38.494938 -0.346309 0.938120 0.000000 -6.279390 0.000000 0.000000 1.000000 0.000000
0.935810 0.352506 0.000000 38.994385 -0.352506 0.935810 0.000000 -6.442022 0.000000 0.000000 1.000000 0.000000
0.932880 0.360187 0.000000 39.478938 -0.360187 0.932880 0.000000 -6.649595 0.000000 0.000000 1.000000 0.000000
0.930702 0.365778 0.000000 39.975498 -0.365778 0.930702 0.000000 -6.835388 0.000000 0.000000 1.000000 0.000000
0.928588 0.371112 0.000000 40.443763 -0.371112 0.928588 0.000000 -7.017884 0.000000 0.000000 1.000000 0.000000
0.927314 0.374285 0.000000 40.933209 -0.374285 0.927314 0.000000 -7.224139 0.000000 0.000000 1.000000 0.000000
0.925332 0.379159 0.000000 41.368119 -0.379159 0.925332 0.000000 -7.396725 0.000000 0.000000 1.000000 0.000000
0.921747 0.387792 0.000000 42.027182 -0.387792 0.921747 0.000000 -7.663656 0.000000 0.000000 1.000000 0.000000
0.918130 0.396280 0.000000 42.739081 -0.396280 0.918130 0.000000 -7.930880 0.000000 0.000000 1.000000 0.000000
0.914799 0.403909 0.000000 43.223130 -0.403909 0.914799 0.000000 -8.137532 0.000000 0.000000 1.000000 0.000000
0.910380 0.413774 0.000000 44.030758 -0.413774 0.910380 0.000000 -8.517422 0.000000 0.000000 1.000000 0.000000
0.908135 0.418678 0.000000 44.504885 -0.418678 0.908135 0.000000 -8.741261 0.000000 0.000000 1.000000 0.000000
0.907641 0.419747 0.000000 44.979584 -0.419747 0.907641 0.000000 -8.954838 0.000000 0.000000 1.000000 0.000000
0.904885 0.425656 0.000000 45.462667 -0.425656 0.904885 0.000000 -9.150227 0.000000 0.000000 1.000000 0.000000
0.902671 0.430332 0.000000 45.883154 -0.430332 0.902671 0.000000 -9.444544 0.000000 0.000000 1.000000 0.000000
0.900701 0.434439 0.000000 46.385502 -0.434439 0.900701 0.000000 -9.674571 0.000000 0.000000 1.000000 0.000000
0.901103 0.433605 0.000000 46.662632 -0.433605 0.901103 0.000000 -9.749471 0.000000 0.000000 1.000000 0.000000
0.899262 0.437409 0.000000 47.116446 -0.437409 0.899262 0.000000 -9.959556 0.000000 0.000000 1.000000 0.000000
0.897699 0.440608 0.000000 47.569087 -0.440608 0.897699 0.000000 -10.190476 0.000000 0.000000 1.000000 0.000000
0.895804 0.444450 0.000000 47.989820 -0.444450 0.895804 0.000000 -10.409483 0.000000 0.000000 1.000000 0.000000
0.894238 0.447593 0.000000 48.423154 -0.447593 0.894238 0.000000 -10.629359 0.000000 0.000000 1.000000 0.000000
0.892553 0.450942 0.000000 48.895048 -0.450942 0.892553 0.000000 -10.866518 0.000000 0.000000 1.000000 0.000000
0.892679 0.450693 0.000000 49.290451 -0.450693 0.892679 0.000000 -11.073362 0.000000 0.000000 1.000000 0.000000
0.890171 0.455627 0.000000 49.714883 -0.455627 0.890171 0.000000 -11.289712 0.000000 0.000000 1.000000 0.000000
0.887540 0.460731 0.000000 50.101008 -0.460731 0.887540 0.000000 -11.545754 0.000000 0.000000 1.000000 0.000000
0.887302 0.461189 0.000000 50.597027 -0.461189 0.887302 0.000000 -11.794174 0.000000 0.000000 1.000000 0.000000
0.886538 0.462657 0.000000 51.004254 -0.462657 0.886538 0.000000 -11.989960 0.000000 0.000000 1.000000 0.000000
0.886872 0.462015 0.000000 51.395082 -0.462015 0.886872 0.000000 -12.198261 0.000000 0.000000 1.000000 0.000000
0.883160 0.469073 0.000000 51.768964 -0.469073 0.883160 0.000000 -12.407972 0.000000 0.000000 1.000000 0.000000
0.880411 0.474211 0.000000 52.161272 -0.474211 0.880411 0.000000 -12.613769 0.000000 0.000000 1.000000 0.000000
0.877678 0.479250 0.000000 52.602558 -0.479250 0.877678 0.000000 -12.871666 0.000000 0.000000 1.000000 0.000000
0.873930 0.486051 0.000000 52.956547 -0.486051 0.873930 0.000000 -13.071423 0.000000 0.000000 1.000000 0.000000
0.871353 0.490657 0.000000 53.331268 -0.490657 0.871353 0.000000 -13.292168 0.000000 0.000000 1.000000 0.000000
0.866344 0.499448 0.000000 53.861289 -0.499448 0.866344 0.000000 -13.595156 0.000000 0.000000 1.000000 0.000000
0.861607 0.507576 0.000000 54.250200 -0.507576 0.861607 0.000000 -13.777850 0.000000 0.000000 1.000000 0.000000
0.858896 0.512149 0.000000 54.604952 -0.512149 0.858896 0.000000 -14.005748 0.000000 0.000000 1.000000 0.000000
0.855398 0.517971 0.000000 54.995341 -0.517971 0.855398 0.000000 -14.189635 0.000000 0.000000 1.000000 0.000000
0.852599 0.522566 0.000000 55.339026 -0.522566 0.852599 0.000000 -14.402727 0.000000 0.000000 1.000000 0.000000
0.849788 0.527125 0.000000 55.677554 -0.527125 0.849788 0.000000 -14.616176 0.000000 0.000000 1.000000 0.000000
0.846481 0.532419 0.000000 56.028781 -0.532419 0.846481 0.000000 -14.821414 0.000000 0.000000 1.000000 0.000000
0.842923 0.538035 0.000000 56.359768 -0.538035 0.842923 0.000000 -15.024685 0.000000 0.000000 1.000000 0.000000
0.841237 0.540666 0.000000 56.654602 -0.540666 0.841237 0.000000 -15.223846 0.000000 0.000000 1.000000 0.000000
0.838715 0.544571 0.000000 56.970524 -0.544571 0.838715 0.000000 -15.430858 0.000000 0.000000 1.000000 0.000000
0.837479 0.546469 0.000000 57.286251 -0.546469 0.837479 0.000000 -15.623114 0.000000 0.000000 1.000000 0.000000
0.836376 0.548156 0.000000 57.910256 -0.548156 0.836376 0.000000 -16.024090 0.000000 0.000000 1.000000 0.000000
0.835609 0.549325 0.000000 58.191644 -0.549325 0.835609 0.000000 -16.196490 0.000000 0.000000 1.000000 0.000000
0.835507 0.549480 0.000000 58.468602 -0.549480 0.835507 0.000000 -16.381726 0.000000 0.000000 1.000000 0.000000
0.838039 0.545610 0.000000 58.696105 -0.545610 0.838039 0.000000 -16.481536 0.000000 0.000000 1.000000 0.000000
0.836461 0.548026 0.000000 58.985227 -0.548026 0.836461 0.000000 -16.714941 0.000000 0.000000 1.000000 0.000000
0.835282 0.549821 0.000000 59.244057 -0.549821 0.835282 0.000000 -16.893624 0.000000 0.000000 1.000000 0.000000
0.834635 0.550803 0.000000 59.513436 -0.550803 0.834635 0.000000 -17.082924 0.000000 0.000000 1.000000 0.000000
0.833188 0.552990 0.000000 59.724181 -0.552990 0.833188 0.000000 -17.258785 0.000000 0.000000 1.000000 0.000000
0.832817 0.553549 0.000000 60.006638 -0.553549 0.832817 0.000000 -17.455048 0.000000 0.000000 1.000000 0.000000
0.831491 0.555539 0.000000 60.285809 -0.555539 0.831491 0.000000 -17.672454 0.000000 0.000000 1.000000 0.000000
0.829966 0.557814 0.000000 60.524056 -0.557814 0.829966 0.000000 -17.832543 0.000000 0.000000 1.000000 0.000000
0.827207 0.561897 0.000000 60.784781 -0.561897 0.827207 0.000000 -17.989329 0.000000 0.000000 1.000000 0.000000
0.825913 0.563798 0.000000 61.145498 -0.563798 0.825913 0.000000 -18.229284 0.000000 0.000000 1.000000 0.000000
0.822770 0.568374 0.000000 61.442827 -0.568374 0.822770 0.000000 -18.442266 0.000000 0.000000 1.000000 0.000000
0.820485 0.571668 0.000000 61.675222 -0.571668 0.820485 0.000000 -18.601740 0.000000 0.000000 1.000000 0.000000
0.817651 0.575715 0.000000 61.885227 -0.575715 0.817651 0.000000 -18.712868 0.000000 0.000000 1.000000 0.000000
0.813991 0.580877 0.000000 62.124409 -0.580877 0.813991 0.000000 -18.921090 0.000000 0.000000 1.000000 0.000000
0.813664 0.581336 0.000000 62.400281 -0.581336 0.813664 0.000000 -19.106467 0.000000 0.000000 1.000000 0.000000
0.814299 0.580445 0.000000 62.610199 -0.580445 0.814299 0.000000 -19.264737 0.000000 0.000000 1.000000 0.000000
0.814169 0.580628 0.000000 62.820943 -0.580628 0.814169 0.000000 -19.426753 0.000000 0.000000 1.000000 0.000000
0.813331 0.581801 0.000000 62.968746 -0.581801 0.813331 0.000000 -19.553814 0.000000 0.000000 1.000000 0.000000
0.811405 0.584484 0.000000 63.143132 -0.584484 0.811405 0.000000 -19.699270 0.000000 0.000000 1.000000 0.000000
0.807649 0.589663 0.000000 63.517169 -0.589663 0.807649 0.000000 -20.081845 0.000000 0.000000 1.000000 0.000000
0.806908 0.590677 0.000000 63.668804 -0.590677 0.806908 0.000000 -20.216541 0.000000 0.000000 1.000000 0.000000
0.807549 0.589800 0.000000 63.831380 -0.589800 0.807549 0.000000 -20.350157 0.000000 0.000000 1.000000 0.000000
0.807805 0.589450 0.000000 64.002502 -0.589450 0.807805 0.000000 -20.471311 0.000000 0.000000 1.000000 0.000000
0.805625 0.592425 0.000000 64.214673 -0.592425 0.805625 0.000000 -20.652139 0.000000 0.000000 1.000000 0.000000
0.805510 0.592582 0.000000 64.344434 -0.592582 0.805510 0.000000 -20.755416 0.000000 0.000000 1.000000 0.000000
0.803634 0.595123 0.000000 64.502956 -0.595123 0.803634 0.000000 -20.897362 0.000000 0.000000 1.000000 0.000000
0.802802 0.596246 0.000000 64.660464 -0.596246 0.802802 0.000000 -21.008220 0.000000 0.000000 1.000000 0.000000
0.800953 0.598727 0.000000 64.828638 -0.598727 0.800953 0.000000 -21.128665 0.000000 0.000000 1.000000 0.000000
0.798254 0.602321 0.000000 65.143828 -0.602321 0.798254 0.000000 -21.360537 0.000000 0.000000 1.000000 0.000000
0.797578 0.603215 0.000000 65.287482 -0.603215 0.797578 0.000000 -21.464047 0.000000 0.000000 1.000000 0.000000
0.796992 0.603989 0.000000 65.418459 -0.603989 0.796992 0.000000 -21.545815 0.000000 0.000000 1.000000 0.000000
0.795121 0.606450 0.000000 65.595646 -0.606450 0.795121 0.000000 -21.698024 0.000000 0.000000 1.000000 0.000000
0.795067 0.606522 0.000000 65.759048 -0.606522 0.795067 0.000000 -21.818974 0.000000 0.000000 1.000000 0.000000
0.793752 0.608241 0.000000 65.910473 -0.608241 0.793752 0.000000 -21.890000 0.000000 0.000000 1.000000 0.000000
0.793535 0.608525 0.000000 66.062828 -0.608525 0.793535 0.000000 -22.002551 0.000000 0.000000 1.000000 0.000000
0.793004 0.609217 0.000000 66.218784 -0.609217 0.793004 0.000000 -22.075120 0.000000 0.000000 1.000000 0.000000
0.792766 0.609527 0.000000 66.381248 -0.609527 0.792766 0.000000 -22.204234 0.000000 0.000000 1.000000 0.000000
0.790865 0.611991 0.000000 66.647959 -0.611991 0.790865 0.000000 -22.359777 0.000000 0.000000 1.000000 0.000000
0.785551 0.618797 0.000000 66.963702 -0.618797 0.785551 0.000000 -22.593277 0.000000 0.000000 1.000000 0.000000
0.784170 0.620546 0.000000 67.129531 -0.620546 0.784170 0.000000 -22.726880 0.000000 0.000000 1.000000 0.000000
0.782194 0.623035 0.000000 67.299000 -0.623035 0.782194 0.000000 -22.860656 0.000000 0.000000 1.000000 0.000000
0.780900 0.624656 0.000000 67.458905 -0.624656 0.780900 0.000000 -22.999391 0.000000 0.000000 1.000000 0.000000
0.782653 0.622458 0.000000 67.686035 -0.622458 0.782653 0.000000 -23.040689 0.000000 0.000000 1.000000 0.000000
0.780917 0.624635 0.000000 67.849756 -0.624635 0.780917 0.000000 -23.175622 0.000000 0.000000 1.000000 0.000000
0.778284 0.627912 0.000000 67.995373 -0.627912 0.778284 0.000000 -23.369543 0.000000 0.000000 1.000000 0.000000
0.775565 0.631268 0.000000 68.178088 -0.631268 0.775565 0.000000 -23.510410 0.000000 0.000000 1.000000 0.000000
0.772115 0.635483 0.000000 68.328103 -0.635483 0.772115 0.000000 -23.623626 0.000000 0.000000 1.000000 0.000000
0.770358 0.637612 0.000000 68.501201 -0.637612 0.770358 0.000000 -23.760089 0.000000 0.000000 1.000000 0.000000
0.765270 0.643709 0.000000 68.719902 -0.643709 0.765270 0.000000 -23.961139 0.000000 0.000000 1.000000 0.000000
0.764491 0.644634 0.000000 68.919618 -0.644634 0.764491 0.000000 -24.028489 0.000000 0.000000 1.000000 0.000000
0.761939 0.647649 0.000000 69.107132 -0.647649 0.761939 0.000000 -24.197931 0.000000 0.000000 1.000000 0.000000
0.760149 0.649748 0.000000 69.168271 -0.649748 0.760149 0.000000 -24.336213 0.000000 0.000000 1.000000 0.000000
0.758436 0.651747 0.000000 69.367893 -0.651747 0.758436 0.000000 -24.471935 0.000000 0.000000 1.000000 0.000000
0.755750 0.654860 0.000000 69.553216 -0.654860 0.755750 0.000000 -24.629489 0.000000 0.000000 1.000000 0.000000
0.749810 0.661653 0.000000 69.796083 -0.661653 0.749810 0.000000 -24.859432 0.000000 0.000000 1.000000 0.000000
0.748371 0.663280 0.000000 69.980532 -0.663280 0.748371 0.000000 -25.028793 0.000000 0.000000 1.000000 0.000000
0.746054 0.665885 0.000000 70.177915 -0.665885 0.746054 0.000000 -25.215911 0.000000 0.000000 1.000000 0.000000
0.744342 0.667799 0.000000 70.364113 -0.667799 0.744342 0.000000 -25.390972 0.000000 0.000000 1.000000 0.000000
0.741084 0.671413 0.000000 70.749022 -0.671413 0.741084 0.000000 -25.756531 0.000000 0.000000 1.000000 0.000000
0.739274 0.673405 0.000000 70.945084 -0.673405 0.739274 0.000000 -25.941509 0.000000 0.000000 1.000000 0.000000
0.737708 0.675120 0.000000 71.129003 -0.675120 0.737708 0.000000 -26.119280 0.000000 0.000000 1.000000 0.000000
0.735378 0.677657 0.000000 71.255093 -0.677657 0.735378 0.000000 -26.387398 0.000000 0.000000 1.000000 0.000000
0.732046 0.681255 0.000000 71.519145 -0.681255 0.732046 0.000000 -26.629429 0.000000 0.000000 1.000000 0.000000
0.728961 0.684555 0.000000 71.738766 -0.684555 0.728961 0.000000 -26.795107 0.000000 0.000000 1.000000 0.000000
0.726212 0.687470 0.000000 71.915898 -0.687470 0.726212 0.000000 -26.988462 0.000000 0.000000 1.000000 0.000000
0.723571 0.690250 0.000000 72.107312 -0.690250 0.723571 0.000000 -27.177315 0.000000 0.000000 1.000000 0.000000
0.721526 0.692387 0.000000 72.283937 -0.692387 0.721526 0.000000 -27.357651 0.000000 0.000000 1.000000 0.000000
0.718973 0.695038 0.000000 72.460766 -0.695038 0.718973 0.000000 -27.528678 0.000000 0.000000 1.000000 0.000000
0.718282 0.695752 0.000000 72.651178 -0.695752 0.718282 0.000000 -27.719238 0.000000 0.000000 1.000000 0.000000
0.716388 0.697702 0.000000 72.824051 -0.697702 0.716388 0.000000 -27.899359 0.000000 0.000000 1.000000 0.000000
0.714824 0.699305 0.000000 72.987909 -0.699305 0.714824 0.000000 -28.065758 0.000000 0.000000 1.000000 0.000000
0.714748 0.699382 0.000000 73.165383 -0.699382 0.714748 0.000000 -28.246026 0.000000 0.000000 1.000000 0.000000
0.715503 0.698609 0.000000 73.342982 -0.698609 0.715503 0.000000 -28.411818 0.000000 0.000000 1.000000 0.000000
0.714191 0.699951 0.000000 73.579356 -0.699951 0.714191 0.000000 -28.652727 0.000000 0.000000 1.000000 0.000000
0.713017 0.701147 0.000000 73.771064 -0.701147 0.713017 0.000000 -28.908212 0.000000 0.000000 1.000000 0.000000
0.713456 0.700700 0.000000 73.963783 -0.700700 0.713456 0.000000 -29.090490 0.000000 0.000000 1.000000 0.000000
0.715356 0.698760 0.000000 74.184624 -0.698760 0.715356 0.000000 -29.245465 0.000000 0.000000 1.000000 0.000000
0.717457 0.696603 0.000000 74.367354 -0.696603 0.717457 0.000000 -29.427675 0.000000 0.000000 1.000000 0.000000
0.720938 0.692999 0.000000 74.488861 -0.692999 0.720938 0.000000 -29.576159 0.000000 0.000000 1.000000 0.000000
0.719571 0.694419 0.000000 74.658404 -0.694419 0.719571 0.000000 -29.766348 0.000000 0.000000 1.000000 0.000000
0.721928 0.691968 0.000000 74.839261 -0.691968 0.721928 0.000000 -29.934606 0.000000 0.000000 1.000000 0.000000
0.723205 0.690633 0.000000 75.014466 -0.690633 0.723205 0.000000 -30.094311 0.000000 0.000000 1.000000 0.000000
0.723012 0.690835 0.000000 75.156922 -0.690835 0.723012 0.000000 -30.233540 0.000000 0.000000 1.000000 0.000000
0.724659 0.689107 0.000000 75.479540 -0.689107 0.724659 0.000000 -30.551628 0.000000 0.000000 1.000000 0.000000
0.727163 0.686465 0.000000 75.641138 -0.686465 0.727163 0.000000 -30.713618 0.000000 0.000000 1.000000 0.000000
0.728572 0.684969 0.000000 75.794933 -0.684969 0.728572 0.000000 -30.862382 0.000000 0.000000 1.000000 0.000000
0.731214 0.682148 0.000000 75.971902 -0.682148 0.731214 0.000000 -30.980708 0.000000 0.000000 1.000000 0.000000
0.731362 0.681989 0.000000 76.132551 -0.681989 0.731362 0.000000 -31.145438 0.000000 0.000000 1.000000 0.000000
0.730972 0.682407 0.000000 76.283974 -0.682407 0.730972 0.000000 -31.287903 0.000000 0.000000 1.000000 0.000000
0.733009 0.680219 0.000000 76.540813 -0.680219 0.733009 0.000000 -31.507087 0.000000 0.000000 1.000000 0.000000
0.736291 0.676665 0.000000 76.796505 -0.676665 0.736291 0.000000 -31.729024 0.000000 0.000000 1.000000 0.000000
0.739104 0.673592 0.000000 76.947853 -0.673592 0.739104 0.000000 -31.876533 0.000000 0.000000 1.000000 0.000000
0.739941 0.672671 0.000000 77.143281 -0.672671 0.739941 0.000000 -32.085793 0.000000 0.000000 1.000000 0.000000
0.742582 0.669755 0.000000 77.299214 -0.669755 0.742582 0.000000 -32.223527 0.000000 0.000000 1.000000 0.000000
0.745056 0.667002 0.000000 77.467152 -0.667002 0.745056 0.000000 -32.360377 0.000000 0.000000 1.000000 0.000000
0.748816 0.662777 0.000000 77.610010 -0.662777 0.748816 0.000000 -32.503875 0.000000 0.000000 1.000000 0.000000
0.755088 0.655623 0.000000 77.896644 -0.655623 0.755088 0.000000 -32.709871 0.000000 0.000000 1.000000 0.000000
0.758772 0.651356 0.000000 78.018686 -0.651356 0.758772 0.000000 -32.833685 0.000000 0.000000 1.000000 0.000000
0.762681 0.646775 0.000000 78.150429 -0.646775 0.762681 0.000000 -32.926156 0.000000 0.000000 1.000000 0.000000
0.766745 0.641951 0.000000 78.394964 -0.641951 0.766745 0.000000 -33.141437 0.000000 0.000000 1.000000 0.000000
0.776498 0.630120 0.000000 78.673967 -0.630120 0.776498 0.000000 -33.387648 0.000000 0.000000 1.000000 0.000000
0.779853 0.625963 0.000000 78.856419 -0.625963 0.779853 0.000000 -33.529240 0.000000 0.000000 1.000000 0.000000
0.784027 0.620727 0.000000 78.994676 -0.620727 0.784027 0.000000 -33.600420 0.000000 0.000000 1.000000 0.000000
0.791310 0.611416 0.000000 79.216416 -0.611416 0.791310 0.000000 -33.776487 0.000000 0.000000 1.000000 0.000000
0.794737 0.606954 0.000000 79.327565 -0.606954 0.794737 0.000000 -33.866235 0.000000 0.000000 1.000000 0.000000
0.797616 0.603165 0.000000 79.416236 -0.603165 0.797616 0.000000 -33.944988 0.000000 0.000000 1.000000 0.000000
0.801462 0.598046 0.000000 79.514319 -0.598046 0.801462 0.000000 -34.028470 0.000000 0.000000 1.000000 0.000000
0.805787 0.592206 0.000000 79.680813 -0.592206 0.805787 0.000000 -34.144163 0.000000 0.000000 1.000000 0.000000
0.811453 0.584418 0.000000 79.839036 -0.584418 0.811453 0.000000 -34.320894 0.000000 0.000000 1.000000 0.000000
0.814766 0.579790 0.000000 79.906902 -0.579790 0.814766 0.000000 -34.373701 0.000000 0.000000 1.000000 0.000000
0.818262 0.574846 0.000000 79.996094 -0.574846 0.818262 0.000000 -34.443497 0.000000 0.000000 1.000000 0.000000
0.821534 0.570160 0.000000 80.049830 -0.570160 0.821534 0.000000 -34.491598 0.000000 0.000000 1.000000 0.000000
0.825099 0.564988 0.000000 80.139202 -0.564988 0.825099 0.000000 -34.548143 0.000000 0.000000 1.000000 0.000000
0.828556 0.559907 0.000000 80.217704 -0.559907 0.828556 0.000000 -34.607781 0.000000 0.000000 1.000000 0.000000
0.832309 0.554312 0.000000 80.348922 -0.554312 0.832309 0.000000 -34.761563 0.000000 0.000000 1.000000 0.000000
0.834774 0.550593 0.000000 80.399974 -0.550593 0.834774 0.000000 -34.848897 0.000000 0.000000 1.000000 0.000000
0.837355 0.546659 0.000000 80.453218 -0.546659 0.837355 0.000000 -34.880286 0.000000 0.000000 1.000000 0.000000
0.839310 0.543653 0.000000 80.489712 -0.543653 0.839310 0.000000 -34.989992 0.000000 0.000000 1.000000 0.000000
0.840893 0.541202 0.000000 80.544932 -0.541202 0.840893 0.000000 -35.026997 0.000000 0.000000 1.000000 0.000000
0.841310 0.540553 0.000000 80.590774 -0.540553 0.841310 0.000000 -35.059094 0.000000 0.000000 1.000000 0.000000
0.841858 0.539699 0.000000 80.597857 -0.539699 0.841858 0.000000 -35.068854 0.000000 0.000000 1.000000 0.000000
0.844777 0.535118 0.000000 80.699702 -0.535118 0.844777 0.000000 -35.079718 0.000000 0.000000 1.000000 0.000000
0.845586 0.533838 0.000000 80.738377 -0.533838 0.845586 0.000000 -35.078238 0.000000 0.000000 1.000000 0.000000
0.846044 0.533113 0.000000 80.778045 -0.533113 0.846044 0.000000 -35.111275 0.000000 0.000000 1.000000 0.000000
0.846980 0.531624 0.000000 80.804119 -0.531624 0.846980 0.000000 -35.127415 0.000000 0.000000 1.000000 0.000000
0.848386 0.529379 0.000000 80.829514 -0.529379 0.848386 0.000000 -35.135853 0.000000 0.000000 1.000000 0.000000
0.848441 0.529290 0.000000 80.839124 -0.529290 0.848441 0.000000 -35.143166 0.000000 0.000000 1.000000 0.000000
0.848820 0.528682 0.000000 80.868214 -0.528682 0.848820 0.000000 -35.162385 0.000000 0.000000 1.000000 0.000000
0.849786 0.527127 0.000000 80.874950 -0.527127 0.849786 0.000000 -35.168346 0.000000 0.000000 1.000000 0.000000
0.850417 0.526109 0.000000 80.878467 -0.526109 0.850417 0.000000 -35.143552 0.000000 0.000000 1.000000 0.000000
0.849097 0.528236 0.000000 80.872495 -0.528236 0.849097 0.000000 -35.211223 0.000000 0.000000 1.000000 0.000000
0.849139 0.528170 0.000000 80.890112 -0.528170 0.849139 0.000000 -35.226008 0.000000 0.000000 1.000000 0.000000
0.849739 0.527203 0.000000 80.900284 -0.527203 0.849739 0.000000 -35.209633 0.000000 0.000000 1.000000 0.000000
0.849588 0.527446 0.000000 80.914460 -0.527446 0.849588 0.000000 -35.202038 0.000000 0.000000 1.000000 0.000000
0.849328 0.527865 0.000000 80.866574 -0.527865 0.849328 0.000000 -35.230971 0.000000 0.000000 1.000000 0.000000
0.849841 0.527039 0.000000 80.880004 -0.527039 0.849841 0.000000 -35.254126 0.000000 0.000000 1.000000 0.000000
0.849925 0.526904 0.000000 80.880415 -0.526904 0.849925 0.000000 -35.254689 0.000000 0.000000 1.000000 0.000000
0.850180 0.526492 0.000000 80.908024 -0.526492 0.850180 0.000000 -35.263781 0.000000 0.000000 1.000000 0.000000
0.850151 0.526539 0.000000 80.941175 -0.526539 0.850151 0.000000 -35.249302 0.000000 0.000000 1.000000 0.000000
0.850935 0.525270 0.000000 80.961712 -0.525270 0.850935 0.000000 -35.225695 0.000000 0.000000 1.000000 0.000000
0.850987 0.525187 0.000000 80.971796 -0.525187 0.850987 0.000000 -35.218840 0.000000 0.000000 1.000000 0.000000
0.850765 0.525546 0.000000 80.984446 -0.525546 0.850765 0.000000 -35.222377 0.000000 0.000000 1.000000 0.000000
0.850545 0.525902 0.000000 80.973689 -0.525902 0.850545 0.000000 -35.224427 0.000000 0.000000 1.000000 0.000000
0.850521 0.525941 0.000000 80.966341 -0.525941 0.850521 0.000000 -35.216181 0.000000 0.000000 1.000000 0.000000
0.850793 0.525501 0.000000 80.973585 -0.525501 0.850793 0.000000 -35.208703 0.000000 0.000000 1.000000 0.000000
0.851232 0.524790 0.000000 81.013724 -0.524790 0.851232 0.000000 -35.195592 0.000000 0.000000 1.000000 0.000000
0.851548 0.524277 0.000000 81.027744 -0.524277 0.851548 0.000000 -35.184692 0.000000 0.000000 1.000000 0.000000
0.851523 0.524317 0.000000 81.025856 -0.524317 0.851523 0.000000 -35.183650 0.000000 0.000000 1.000000 0.000000
0.851339 0.524616 0.000000 81.017548 -0.524616 0.851339 0.000000 -35.192451 0.000000 0.000000 1.000000 0.000000
0.851390 0.524533 0.000000 81.017000 -0.524533 0.851390 0.000000 -35.190565 0.000000 0.000000 1.000000 0.000000
0.851367 0.524570 0.000000 81.015509 -0.524570 0.851367 0.000000 -35.189842 0.000000 0.000000 1.000000 0.000000
0.851380 0.524549 0.000000 81.013739 -0.524549 0.851380 0.000000 -35.187632 0.000000 0.000000 1.000000 0.000000
0.851586 0.524216 0.000000 81.035736 -0.524216 0.851586 0.000000 -35.175086 0.000000 0.000000 1.000000 0.000000
0.851369 0.524568 0.000000 81.032809 -0.524568 0.851369 0.000000 -35.185676 0.000000 0.000000 1.000000 0.000000
0.851475 0.524395 0.000000 81.069614 -0.524395 0.851475 0.000000 -35.177658 0.000000 0.000000 1.000000 0.000000
0.851325 0.524638 0.000000 81.065940 -0.524638 0.851325 0.000000 -35.186704 0.000000 0.000000 1.000000 0.000000
0.851174 0.524884 0.000000 81.078294 -0.524884 0.851174 0.000000 -35.205613 0.000000 0.000000 1.000000 0.000000
0.851166 0.524896 0.000000 81.078321 -0.524896 0.851166 0.000000 -35.205509 0.000000 0.000000 1.000000 0.000000
0.851025 0.525126 0.000000 81.087882 -0.525126 0.851025 0.000000 -35.214246 0.000000 0.000000 1.000000 0.000000
0.851162 0.524903 0.000000 81.092101 -0.524903 0.851162 0.000000 -35.205445 0.000000 0.000000 1.000000 0.000000
0.851223 0.524804 0.000000 81.102891 -0.524804 0.851223 0.000000 -35.204258 0.000000 0.000000 1.000000 0.000000
0.851712 0.524011 0.000000 81.126318 -0.524011 0.851712 0.000000 -35.182487 0.000000 0.000000 1.000000 0.000000
0.851943 0.523635 0.000000 81.108583 -0.523635 0.851943 0.000000 -35.165396 0.000000 0.000000 1.000000 0.000000
0.851868 0.523757 0.000000 81.111377 -0.523757 0.851868 0.000000 -35.172311 0.000000 0.000000 1.000000 0.000000
0.852179 0.523250 0.000000 81.115485 -0.523250 0.852179 0.000000 -35.153875 0.000000 0.000000 1.000000 0.000000
0.852300 0.523053 0.000000 81.118771 -0.523053 0.852300 0.000000 -35.146392 0.000000 0.000000 1.000000 0.000000
0.852578 0.522600 0.000000 81.146497 -0.522600 0.852578 0.000000 -35.142131 0.000000 0.000000 1.000000 0.000000
0.852006 0.523533 0.000000 81.111152 -0.523533 0.852006 0.000000 -35.178951 0.000000 0.000000 1.000000 0.000000
0.852012 0.523522 0.000000 81.114200 -0.523522 0.852012 0.000000 -35.177190 0.000000 0.000000 1.000000 0.000000
0.852190 0.523232 0.000000 81.098861 -0.523232 0.852190 0.000000 -35.156371 0.000000 0.000000 1.000000 0.000000
0.852154 0.523292 0.000000 81.098665 -0.523292 0.852154 0.000000 -35.156337 0.000000 0.000000 1.000000 0.000000
0.852158 0.523284 0.000000 81.098417 -0.523284 0.852158 0.000000 -35.159138 0.000000 0.000000 1.000000 0.000000
0.852337 0.522993 0.000000 81.093378 -0.522993 0.852337 0.000000 -35.156439 0.000000 0.000000 1.000000 0.000000
0.852104 0.523373 0.000000 81.095976 -0.523373 0.852104 0.000000 -35.168941 0.000000 0.000000 1.000000 0.000000
0.851999 0.523543 0.000000 81.080265 -0.523543 0.851999 0.000000 -35.191615 0.000000 0.000000 1.000000 0.000000
0.851964 0.523601 0.000000 81.081508 -0.523601 0.851964 0.000000 -35.184723 0.000000 0.000000 1.000000 0.000000
0.850811 0.525472 0.000000 81.039131 -0.525472 0.850811 0.000000 -35.243286 0.000000 0.000000 1.000000 0.000000
0.850483 0.526003 0.000000 81.038489 -0.526003 0.850483 0.000000 -35.241976 0.000000 0.000000 1.000000 0.000000
0.850317 0.526272 0.000000 81.039918 -0.526272 0.850317 0.000000 -35.240344 0.000000 0.000000 1.000000 0.000000
0.850335 0.526242 0.000000 81.041385 -0.526242 0.850335 0.000000 -35.241741 0.000000 0.000000 1.000000 0.000000
0.850407 0.526125 0.000000 81.040837 -0.526125 0.850407 0.000000 -35.244551 0.000000 0.000000 1.000000 0.000000
0.850373 0.526181 0.000000 81.029446 -0.526181 0.850373 0.000000 -35.256364 0.000000 0.000000 1.000000 0.000000
0.850530 0.525927 0.000000 81.021260 -0.525927 0.850530 0.000000 -35.263250 0.000000 0.000000 1.000000 0.000000
0.851081 0.525035 0.000000 81.021312 -0.525035 0.851081 0.000000 -35.254824 0.000000 0.000000 1.000000 0.000000
0.851277 0.524717 0.000000 81.019773 -0.524717 0.851277 0.000000 -35.257234 0.000000 0.000000 1.000000 0.000000
0.851472 0.524400 0.000000 81.019237 -0.524400 0.851472 0.000000 -35.254860 0.000000 0.000000 1.000000 0.000000
0.851799 0.523869 0.000000 81.026256 -0.523869 0.851799 0.000000 -35.248028 0.000000 0.000000 1.000000 0.000000
0.851783 0.523894 0.000000 81.025789 -0.523894 0.851783 0.000000 -35.249696 0.000000 0.000000 1.000000 0.000000
0.851790 0.523884 0.000000 81.023615 -0.523884 0.851790 0.000000 -35.248999 0.000000 0.000000 1.000000 0.000000
0.851865 0.523762 0.000000 81.021718 -0.523762 0.851865 0.000000 -35.249701 0.000000 0.000000 1.000000 0.000000
0.851848 0.523789 0.000000 81.019383 -0.523789 0.851848 0.000000 -35.248831 0.000000 0.000000 1.000000 0.000000
0.852589 0.522581 0.000000 81.022794 -0.522581 0.852589 0.000000 -35.224419 0.000000 0.000000 1.000000 0.000000
0.852953 0.521988 0.000000 81.023899 -0.521988 0.852953 0.000000 -35.213960 0.000000 0.000000 1.000000 0.000000
0.853256 0.521492 0.000000 81.002691 -0.521492 0.853256 0.000000 -35.189778 0.000000 0.000000 1.000000 0.000000
0.853383 0.521284 0.000000 81.003014 -0.521284 0.853383 0.000000 -35.191200 0.000000 0.000000 1.000000 0.000000
0.853683 0.520793 0.000000 81.003575 -0.520793 0.853683 0.000000 -35.193212 0.000000 0.000000 1.000000 0.000000
0.854378 0.519652 0.000000 81.002125 -0.519652 0.854378 0.000000 -35.195907 0.000000 0.000000 1.000000 0.000000
0.854311 0.519761 0.000000 80.979178 -0.519761 0.854311 0.000000 -35.182299 0.000000 0.000000 1.000000 0.000000
0.854555 0.519361 0.000000 80.996395 -0.519361 0.854555 0.000000 -35.188190 0.000000 0.000000 1.000000 0.000000
0.854897 0.518798 0.000000 81.015359 -0.518798 0.854897 0.000000 -35.189552 0.000000 0.000000 1.000000 0.000000
0.854377 0.519654 0.000000 81.016912 -0.519654 0.854377 0.000000 -35.237732 0.000000 0.000000 1.000000 0.000000
0.853245 0.521511 0.000000 81.060490 -0.521511 0.853245 0.000000 -35.250771 0.000000 0.000000 1.000000 0.000000
0.853346 0.521346 0.000000 81.096489 -0.521346 0.853346 0.000000 -35.238395 0.000000 0.000000 1.000000 0.000000
0.852660 0.522467 0.000000 81.070622 -0.522467 0.852660 0.000000 -35.251548 0.000000 0.000000 1.000000 0.000000
0.851645 0.524119 0.000000 81.074228 -0.524119 0.851645 0.000000 -35.248201 0.000000 0.000000 1.000000 0.000000
0.850403 0.526132 0.000000 81.071173 -0.526132 0.850403 0.000000 -35.248416 0.000000 0.000000 1.000000 0.000000
0.850230 0.526411 0.000000 81.077327 -0.526411 0.850230 0.000000 -35.247900 0.000000 0.000000 1.000000 0.000000
0.849757 0.527175 0.000000 81.128553 -0.527175 0.849757 0.000000 -35.262975 0.000000 0.000000 1.000000 0.000000
0.849419 0.527719 0.000000 81.147891 -0.527719 0.849419 0.000000 -35.289105 0.000000 0.000000 1.000000 0.000000
0.849878 0.526980 0.000000 81.130119 -0.526980 0.849878 0.000000 -35.281413 0.000000 0.000000 1.000000 0.000000
0.851249 0.524762 0.000000 81.142588 -0.524762 0.851249 0.000000 -35.279336 0.000000 0.000000 1.000000 0.000000
0.852031 0.523491 0.000000 81.152438 -0.523491 0.852031 0.000000 -35.287293 0.000000 0.000000 1.000000 0.000000
0.852476 0.522766 0.000000 81.162572 -0.522766 0.852476 0.000000 -35.295100 0.000000 0.000000 1.000000 0.000000
0.852366 0.522945 0.000000 81.173892 -0.522945 0.852366 0.000000 -35.309129 0.000000 0.000000 1.000000 0.000000
0.852017 0.523514 0.000000 81.183820 -0.523514 0.852017 0.000000 -35.313145 0.000000 0.000000 1.000000 0.000000
0.851888 0.523723 0.000000 81.195884 -0.523723 0.851888 0.000000 -35.313264 0.000000 0.000000 1.000000 0.000000
0.851656 0.524101 0.000000 81.212458 -0.524101 0.851656 0.000000 -35.318699 0.000000 0.000000 1.000000 0.000000
0.851696 0.524037 0.000000 81.234104 -0.524037 0.851696 0.000000 -35.322066 0.000000 0.000000 1.000000 0.000000
0.852104 0.523372 0.000000 81.263125 -0.523372 0.852104 0.000000 -35.337001 0.000000 0.000000 1.000000 0.000000
0.852310 0.523038 0.000000 81.277712 -0.523038 0.852310 0.000000 -35.354896 0.000000 0.000000 1.000000 0.000000
0.852534 0.522671 0.000000 81.286301 -0.522671 0.852534 0.000000 -35.384403 0.000000 0.000000 1.000000 0.000000
0.853543 0.521023 0.000000 81.300709 -0.521023 0.853543 0.000000 -35.390298 0.000000 0.000000 1.000000 0.000000
0.854767 0.519011 0.000000 81.299701 -0.519011 0.854767 0.000000 -35.395578 0.000000 0.000000 1.000000 0.000000
0.854778 0.518993 0.000000 81.296607 -0.518993 0.854778 0.000000 -35.412963 0.000000 0.000000 1.000000 0.000000
0.855179 0.518334 0.000000 81.302997 -0.518334 0.855179 0.000000 -35.418699 0.000000 0.000000 1.000000 0.000000
0.855128 0.518416 0.000000 81.241673 -0.518416 0.855128 0.000000 -35.417406 0.000000 0.000000 1.000000 0.000000
0.854552 0.519365 0.000000 81.234193 -0.519365 0.854552 0.000000 -35.432004 0.000000 0.000000 1.000000 0.000000
0.854149 0.520028 0.000000 81.246850 -0.520028 0.854149 0.000000 -35.442568 0.000000 0.000000 1.000000 0.000000
0.854237 0.519883 0.000000 81.252518 -0.519883 0.854237 0.000000 -35.401305 0.000000 0.000000 1.000000 0.000000
0.853946 0.520362 0.000000 81.252474 -0.520362 0.853946 0.000000 -35.418822 0.000000 0.000000 1.000000 0.000000
0.853594 0.520939 0.000000 81.249232 -0.520939 0.853594 0.000000 -35.444560 0.000000 0.000000 1.000000 0.000000
0.853289 0.521439 0.000000 81.236807 -0.521439 0.853289 0.000000 -35.461380 0.000000 0.000000 1.000000 0.000000
0.852846 0.522163 0.000000 81.239280 -0.522163 0.852846 0.000000 -35.472007 0.000000 0.000000 1.000000 0.000000
0.852595 0.522572 0.000000 81.233491 -0.522572 0.852595 0.000000 -35.496820 0.000000 0.000000 1.000000 0.000000
0.852518 0.522697 0.000000 81.226404 -0.522697 0.852518 0.000000 -35.511499 0.000000 0.000000 1.000000 0.000000
0.852383 0.522919 0.000000 81.211023 -0.522919 0.852383 0.000000 -35.518408 0.000000 0.000000 1.000000 0.000000
0.852800 0.522238 0.000000 81.210518 -0.522238 0.852800 0.000000 -35.517013 0.000000 0.000000 1.000000 0.000000
0.852623 0.522526 0.000000 81.206059 -0.522526 0.852623 0.000000 -35.544036 0.000000 0.000000 1.000000 0.000000
0.852551 0.522643 0.000000 81.208073 -0.522643 0.852551 0.000000 -35.552300 0.000000 0.000000 1.000000 0.000000
0.853024 0.521871 0.000000 81.198619 -0.521871 0.853024 0.000000 -35.552380 0.000000 0.000000 1.000000 0.000000
0.853342 0.521352 0.000000 81.199888 -0.521352 0.853342 0.000000 -35.554049 0.000000 0.000000 1.000000 0.000000
0.853263 0.521481 0.000000 81.181707 -0.521481 0.853263 0.000000 -35.554840 0.000000 0.000000 1.000000 0.000000
0.853581 0.520961 0.000000 81.181190 -0.520961 0.853581 0.000000 -35.554345 0.000000 0.000000 1.000000 0.000000
0.853810 0.520585 0.000000 81.186816 -0.520585 0.853810 0.000000 -35.571475 0.000000 0.000000 1.000000 0.000000
0.853663 0.520826 0.000000 81.168980 -0.520826 0.853663 0.000000 -35.586131 0.000000 0.000000 1.000000 0.000000
0.853272 0.521466 0.000000 81.162066 -0.521466 0.853272 0.000000 -35.615928 0.000000 0.000000 1.000000 0.000000
0.853838 0.520538 0.000000 81.149480 -0.520538 0.853838 0.000000 -35.573228 0.000000 0.000000 1.000000 0.000000
