0.999998 -0.002028 0.000000 0.628815 0.002028 0.999998 0.000000 0.004749 0.000000 0.000000 1.000000 0.000000
1.000000 0.000794 0.000000 1.261208 -0.000794 1.000000 0.000000 -0.013957 0.000000 0.000000 1.000000 0.000000
0.999997 0.002548 0.000000 2.094619 -0.002548 0.999997 0.000000 -0.029033 0.000000 0.000000 1.000000 0.000000
0.999999 0.001040 0.000000 2.685999 -0.001040 0.999999 0.000000 -0.046348 0.000000 0.000000 1.000000 0.000000
0.999997 0.002621 0.000000 3.308548 -0.002621 0.999997 0.000000 -0.050189 0.000000 0.000000 1.000000 0.000000
1.000000 0.000697 0.000000 4.246098 -0.000697 1.000000 0.000000 -0.081768 0.000000 0.000000 1.000000 0.000000
0.999998 -0.001975 0.000000 4.865015 0.001975 0.999998 0.000000 -0.107984 0.000000 0.000000 1.000000 0.000000
0.999999 -0.001276 0.000000 5.507367 0.001276 0.999999 0.000000 -0.117332 0.000000 0.000000 1.000000 0.000000
0.999992 -0.003956 0.000000 6.126508 0.003956 0.999992 0.000000 -0.138961 0.000000 0.000000 1.000000 0.000000
0.999998 0.002020 0.000000 7.400973 -0.002020 0.999998 0.000000 -0.172213 0.000000 0.000000 1.000000 0.000000
1.000000 0.000192 0.000000 8.035113 -0.000192 1.000000 0.000000 -0.184790 0.000000 0.000000 1.000000 0.000000
0.999986 -0.005383 0.000000 8.661021 0.005383 0.999986 0.000000 -0.198492 0.000000 0.000000 1.000000 0.000000
0.999993 -0.003775 0.000000 9.272001 0.003775 0.999993 0.000000 -0.209281 0.000000 0.000000 1.000000 0.000000
0.999989 -0.004771 0.000000 9.933586 0.004771 0.999989 0.000000 -0.228006 0.000000 0.000000 1.000000 0.000000
0.999991 -0.004202 0.000000 10.551678 0.004202 0.999991 0.000000 -0.251326 0.000000 0.000000 1.000000 0.000000
0.999990 -0.004479 0.000000 11.173268 0.004479 0.999990 0.000000 -0.257702 0.000000 0.000000 1.000000 0.000000
0.999992 -0.003911 0.000000 11.786923 0.003911 0.999992 0.000000 -0.264734 0.000000 0.000000 1.000000 0.000000
0.999984 -0.005703 0.000000 12.415959 0.005703 0.999984 0.000000 -0.277259 0.000000 0.000000 1.000000 0.000000
0.999976 -0.006946 0.000000 13.031504 0.006946 0.999976 0.000000 -0.290059 0.000000 0.000000 1.000000 0.000000
0.999985 -0.005532 0.000000 13.659949 0.005532 0.999985 0.000000 -0.288748 0.000000 0.000000 1.000000 0.000000
0.999976 -0.006967 0.000000 14.272648 0.006967 0.999976 0.000000 -0.304277 0.000000 0.000000 1.000000 0.000000
0.999979 -0.006549 0.000000 14.917053 0.006549 0.999979 0.000000 -0.298811 0.000000 0.000000 1.000000 0.000000
0.999971 -0.007650 0.000000 15.499963 0.007650 0.999971 0.000000 -0.310229 0.000000 0.000000 1.000000 0.000000
0.999968 -0.008015 0.000000 16.123486 0.008015 0.999968 0.000000 -0.317230 0.000000 0.000000 1.000000 0.000000
0.999973 -0.007354 0.000000 16.741137 0.007354 0.999973 0.000000 -0.325274 0.000000 0.000000 1.000000 0.000000
0.999928 -0.011998 0.000000 17.392717 0.011998 0.999928 0.000000 -0.338076 0.000000 0.000000 1.000000 0.000000
0.999922 -0.012507 0.000000 18.007665 0.012507 0.999922 0.000000 -0.319623 0.000000 0.000000 1.000000 0.000000
0.999836 -0.018118 0.000000 18.632567 0.018118 0.999836 0.000000 -0.330354 0.000000 0.000000 1.000000 0.000000
0.999857 -0.016921 0.000000 19.254810 0.016921 0.999857 0.000000 -0.324164 0.000000 0.000000 1.000000 0.000000
0.999908 -0.013541 0.000000 19.870522 0.013541 0.999908 0.000000 -0.327658 0.000000 0.000000 1.000000 0.000000
0.999863 -0.016530 0.000000 20.483396 0.016530 0.999863 0.000000 -0.332427 0.000000 0.000000 1.000000 0.000000
0.999863 -0.016566 0.000000 21.082893 0.016566 0.999863 0.000000 -0.339219 0.000000 0.000000 1.000000 0.000000
0.999856 -0.016950 0.000000 21.706453 0.016950 0.999856 0.000000 -0.335579 0.000000 0.000000 1.000000 0.000000
0.999859 -0.016804 0.000000 22.334154 0.016804 0.999859 0.000000 -0.342080 0.000000 0.000000 1.000000 0.000000
0.999873 -0.015917 0.000000 22.912561 0.015917 0.999873 0.000000 -0.333494 0.000000 0.000000 1.000000 0.000000
0.999839 -0.017956 0.000000 23.531949 0.017956 0.999839 0.000000 -0.349105 0.000000 0.000000 1.000000 0.000000
0.999802 -0.019901 0.000000 24.133835 0.019901 0.999802 0.000000 -0.351606 0.000000 0.000000 1.000000 0.000000
0.999791 -0.020438 0.000000 24.724186 0.020438 0.999791 0.000000 -0.361829 0.000000 0.000000 1.000000 0.000000
0.999796 -0.020211 0.000000 25.338975 0.020211 0.999796 0.000000 -0.367154 0.000000 0.000000 1.000000 0.000000
0.999801 -0.019967 0.000000 25.974192 0.019967 0.999801 0.000000 -0.368832 0.000000 0.000000 1.000000 0.000000
0.999808 -0.019590 0.000000 26.594960 0.019590 0.999808 0.000000 -0.370463 0.000000 0.000000 1.000000 0.000000
0.999827 -0.018588 0.000000 27.178783 0.018588 0.999827 0.000000 -0.380050 0.000000 0.000000 1.000000 0.000000
0.999885 -0.015152 0.000000 27.802135 0.015152 0.999885 0.000000 -0.386182 0.000000 0.000000 1.000000 0.000000
0.999892 -0.014702 0.000000 28.384957 0.014702 0.999892 0.000000 -0.390286 0.000000 0.000000 1.000000 0.000000
0.999894 -0.014581 0.000000 29.002401 0.014581 0.999894 0.000000 -0.399216 0.000000 0.000000 1.000000 0.000000
0.999876 -0.015741 0.000000 29.647748 0.015741 0.999876 0.000000 -0.400008 0.000000 0.000000 1.000000 0.000000
0.999865 -0.016413 0.000000 30.478119 0.016413 0.999865 0.000000 -0.408630 0.000000 0.000000 1.000000 0.000000
0.999897 -0.014380 0.000000 31.118908 0.014380 0.999897 0.000000 -0.411573 0.000000 0.000000 1.000000 0.000000
0.999903 -0.013904 0.000000 31.751103 0.013904 0.999903 0.000000 -0.411769 0.000000 0.000000 1.000000 0.000000
0.999910 -0.013384 0.000000 32.382132 0.013384 0.999910 0.000000 -0.410730 0.000000 0.000000 1.000000 0.000000
0.999933 -0.011547 0.000000 33.023001 0.011547 0.999933 0.000000 -0.423299 0.000000 0.000000 1.000000 0.000000
0.999910 -0.013391 0.000000 33.670302 0.013391 0.999910 0.000000 -0.433685 0.000000 0.000000 1.000000 0.000000
0.999948 -0.010156 0.000000 34.303843 0.010156 0.999948 0.000000 -0.439123 0.000000 0.000000 1.000000 0.000000
0.999957 -0.009232 0.000000 34.940000 0.009232 0.999957 0.000000 -0.445097 0.000000 0.000000 1.000000 0.000000
0.999981 -0.006221 0.000000 35.575699 0.006221 0.999981 0.000000 -0.442634 0.000000 0.000000 1.000000 0.000000
0.999969 -0.007924 0.000000 36.228458 0.007924 0.999969 0.000000 -0.450010 0.000000 0.000000 1.000000 0.000000
0.999992 -0.004044 0.000000 36.867937 0.004044 0.999992 0.000000 -0.457463 0.000000 0.000000 1.000000 0.000000
0.999986 -0.005379 0.000000 37.514927 0.005379 0.999986 0.000000 -0.476100 0.000000 0.000000 1.000000 0.000000
0.999992 -0.004010 0.000000 38.165841 0.004010 0.999992 0.000000 -0.482698 0.000000 0.000000 1.000000 0.000000
0.999996 -0.002827 0.000000 38.794123 0.002827 0.999996 0.000000 -0.488570 0.000000 0.000000 1.000000 0.000000
0.999993 -0.003788 0.000000 39.376774 0.003788 0.999993 0.000000 -0.504269 0.000000 0.000000 1.000000 0.000000
0.999997 -0.002341 0.000000 40.014961 0.002341 0.999997 0.000000 -0.515691 0.000000 0.000000 1.000000 0.000000
0.999999 0.001074 0.000000 40.640796 -0.001074 0.999999 0.000000 -0.528952 0.000000 0.000000 1.000000 0.000000
1.000000 0.000371 0.000000 41.279252 -0.000371 1.000000 0.000000 -0.546057 0.000000 0.000000 1.000000 0.000000
1.000000 -0.000759 0.000000 41.926568 0.000759 1.000000 0.000000 -0.551758 0.000000 0.000000 1.000000 0.000000
1.000000 0.000142 0.000000 42.567702 -0.000142 1.000000 0.000000 -0.563765 0.000000 0.000000 1.000000 0.000000
1.000000 0.000761 0.000000 43.213813 -0.000761 1.000000 0.000000 -0.580536 0.000000 0.000000 1.000000 0.000000
1.000000 0.000804 0.000000 43.853497 -0.000804 1.000000 0.000000 -0.591235 0.000000 0.000000 1.000000 0.000000
0.999999 0.001690 0.000000 44.490692 -0.001690 0.999999 0.000000 -0.603416 0.000000 0.000000 1.000000 0.000000
0.999992 0.004036 0.000000 45.129301 -0.004036 0.999992 0.000000 -0.608258 0.000000 0.000000 1.000000 0.000000
0.999992 0.004098 0.000000 45.778669 -0.004098 0.999992 0.000000 -0.620799 0.000000 0.000000 1.000000 0.000000
0.999998 0.002169 0.000000 46.389602 -0.002169 0.999998 0.000000 -0.637332 0.000000 0.000000 1.000000 0.000000
0.999993 0.003678 0.000000 47.038379 -0.003678 0.999993 0.000000 -0.638529 0.000000 0.000000 1.000000 0.000000
1.000000 0.000558 0.000000 47.684819 -0.000558 1.000000 0.000000 -0.655414 0.000000 0.000000 1.000000 0.000000
0.999993 0.003637 0.000000 48.330216 -0.003637 0.999993 0.000000 -0.668805 0.000000 0.000000 1.000000 0.000000
1.000000 0.000894 0.000000 48.981576 -0.000894 1.000000 0.000000 -0.689436 0.000000 0.000000 1.000000 0.000000
1.000000 -0.000812 0.000000 49.620192 0.000812 1.000000 0.000000 -0.708745 0.000000 0.000000 1.000000 0.000000
1.000000 -0.000222 0.000000 50.242871 0.000222 1.000000 0.000000 -0.716871 0.000000 0.000000 1.000000 0.000000
1.000000 0.000429 0.000000 50.899881 -0.000429 1.000000 0.000000 -0.726368 0.000000 0.000000 1.000000 0.000000
0.999997 0.002450 0.000000 51.564894 -0.002450 0.999997 0.000000 -0.736534 0.000000 0.000000 1.000000 0.000000
0.999997 0.002623 0.000000 52.230036 -0.002623 0.999997 0.000000 -0.754619 0.000000 0.000000 1.000000 0.000000
0.999996 0.002868 0.000000 52.891543 -0.002868 0.999996 0.000000 -0.768521 0.000000 0.000000 1.000000 0.000000
0.999998 -0.001871 0.000000 53.554646 0.001871 0.999998 0.000000 -0.783179 0.000000 0.000000 1.000000 0.000000
0.999999 0.001599 0.000000 54.580249 -0.001599 0.999999 0.000000 -0.822558 0.000000 0.000000 1.000000 0.000000
1.000000 0.000642 0.000000 55.263253 -0.000642 1.000000 0.000000 -0.839555 0.000000 0.000000 1.000000 0.000000
1.000000 -0.000294 0.000000 55.895247 0.000294 1.000000 0.000000 -0.847160 0.000000 0.000000 1.000000 0.000000
1.000000 -0.000487 0.000000 56.557649 0.000487 1.000000 0.000000 -0.862684 0.000000 0.000000 1.000000 0.000000
1.000000 -0.000372 0.000000 57.216635 0.000372 1.000000 0.000000 -0.880320 0.000000 0.000000 1.000000 0.000000
1.000000 -0.000048 0.000000 57.854923 0.000048 1.000000 0.000000 -0.899969 0.000000 0.000000 1.000000 0.000000
0.999997 -0.002349 0.000000 58.508024 0.002349 0.999997 0.000000 -0.915660 0.000000 0.000000 1.000000 0.000000
0.999998 -0.001733 0.000000 59.166525 0.001733 0.999998 0.000000 -0.937354 0.000000 0.000000 1.000000 0.000000
0.999996 -0.002825 0.000000 60.518463 0.002825 0.999996 0.000000 -0.951089 0.000000 0.000000 1.000000 0.000000
0.999994 -0.003386 0.000000 61.162224 0.003386 0.999994 0.000000 -0.959832 0.000000 0.000000 1.000000 0.000000
0.999985 -0.005508 0.000000 61.807952 0.005508 0.999985 0.000000 -0.951289 0.000000 0.000000 1.000000 0.000000
0.999988 -0.004999 0.000000 62.433990 0.004999 0.999988 0.000000 -0.966033 0.000000 0.000000 1.000000 0.000000
0.999996 -0.002783 0.000000 63.059644 0.002783 0.999996 0.000000 -0.983254 0.000000 0.000000 1.000000 0.000000
0.999999 -0.001312 0.000000 63.730015 0.001312 0.999999 0.000000 -0.997249 0.000000 0.000000 1.000000 0.000000
0.999996 -0.002728 0.000000 64.361590 0.002728 0.999996 0.000000 -1.007074 0.000000 0.000000 1.000000 0.000000
0.999998 -0.001742 0.000000 64.967932 0.001742 0.999998 0.000000 -1.014787 0.000000 0.000000 1.000000 0.000000
1.000000 -0.000942 0.000000 65.603110 0.000942 1.000000 0.000000 -1.025464 0.000000 0.000000 1.000000 0.000000
0.999999 -0.001077 0.000000 66.180343 0.001077 0.999999 0.000000 -1.038971 0.000000 0.000000 1.000000 0.000000
1.000000 -0.000629 0.000000 66.809121 0.000629 1.000000 0.000000 -1.057094 0.000000 0.000000 1.000000 0.000000
1.000000 -0.000843 0.000000 67.435625 0.000843 1.000000 0.000000 -1.073405 0.000000 0.000000 1.000000 0.000000
0.999999 -0.001308 0.000000 68.026943 0.001308 0.999999 0.000000 -1.090163 0.000000 0.000000 1.000000 0.000000
0.999999 -0.001412 0.000000 68.656525 0.001412 0.999999 0.000000 -1.105645 0.000000 0.000000 1.000000 0.000000
0.999996 -0.002929 0.000000 69.265008 0.002929 0.999996 0.000000 -1.123045 0.000000 0.000000 1.000000 0.000000
0.999997 -0.002466 0.000000 69.837084 0.002466 0.999997 0.000000 -1.136217 0.000000 0.000000 1.000000 0.000000
0.999995 -0.003075 0.000000 70.438757 0.003075 0.999995 0.000000 -1.155426 0.000000 0.000000 1.000000 0.000000
0.999997 -0.002643 0.000000 71.011526 0.002643 0.999997 0.000000 -1.165595 0.000000 0.000000 1.000000 0.000000
1.000000 0.000577 0.000000 71.629554 -0.000577 1.000000 0.000000 -1.165837 0.000000 0.000000 1.000000 0.000000
1.000000 -0.000142 0.000000 72.241095 0.000142 1.000000 0.000000 -1.174636 0.000000 0.000000 1.000000 0.000000
1.000000 -0.000502 0.000000 73.082891 0.000502 1.000000 0.000000 -1.196607 0.000000 0.000000 1.000000 0.000000
1.000000 -0.000420 0.000000 73.680650 0.000420 1.000000 0.000000 -1.218053 0.000000 0.000000 1.000000 0.000000
1.000000 0.000536 0.000000 74.288815 -0.000536 1.000000 0.000000 -1.237920 0.000000 0.000000 1.000000 0.000000
0.999995 -0.003248 0.000000 74.890391 0.003248 0.999995 0.000000 -1.243884 0.000000 0.000000 1.000000 0.000000
0.999998 -0.001833 0.000000 75.479055 0.001833 0.999998 0.000000 -1.247117 0.000000 0.000000 1.000000 0.000000
0.999992 -0.003914 0.000000 76.070558 0.003914 0.999992 0.000000 -1.259232 0.000000 0.000000 1.000000 0.000000
0.999990 -0.004457 0.000000 76.696533 0.004457 0.999990 0.000000 -1.270759 0.000000 0.000000 1.000000 0.000000
0.999993 -0.003690 0.000000 77.288044 0.003690 0.999993 0.000000 -1.277099 0.000000 0.000000 1.000000 0.000000
0.999991 -0.004290 0.000000 77.893344 0.004290 0.999991 0.000000 -1.287052 0.000000 0.000000 1.000000 0.000000
0.999999 -0.001335 0.000000 79.082665 0.001335 0.999999 0.000000 -1.317102 0.000000 0.000000 1.000000 0.000000
0.999995 -0.003188 0.000000 79.670337 0.003188 0.999995 0.000000 -1.330096 0.000000 0.000000 1.000000 0.000000
0.999997 -0.002332 0.000000 80.257719 0.002332 0.999997 0.000000 -1.341741 0.000000 0.000000 1.000000 0.000000
1.000000 -0.000681 0.000000 80.835665 0.000681 1.000000 0.000000 -1.357791 0.000000 0.000000 1.000000 0.000000
0.999999 -0.001243 0.000000 81.419990 0.001243 0.999999 0.000000 -1.373208 0.000000 0.000000 1.000000 0.000000
1.000000 0.000174 0.000000 82.001718 -0.000174 1.000000 0.000000 -1.378241 0.000000 0.000000 1.000000 0.000000
1.000000 -0.000362 0.000000 82.587736 0.000362 1.000000 0.000000 -1.388044 0.000000 0.000000 1.000000 0.000000
0.999998 -0.002197 0.000000 83.147441 0.002197 0.999998 0.000000 -1.391983 0.000000 0.000000 1.000000 0.000000
0.999997 -0.002270 0.000000 83.707918 0.002270 0.999997 0.000000 -1.398862 0.000000 0.000000 1.000000 0.000000
1.000000 -0.000908 0.000000 84.262641 0.000908 1.000000 0.000000 -1.416101 0.000000 0.000000 1.000000 0.000000
1.000000 -0.000994 0.000000 84.825601 0.000994 1.000000 0.000000 -1.425621 0.000000 0.000000 1.000000 0.000000
1.000000 -0.000843 0.000000 85.382534 0.000843 1.000000 0.000000 -1.441957 0.000000 0.000000 1.000000 0.000000
1.000000 -0.000505 0.000000 85.925735 0.000505 1.000000 0.000000 -1.449077 0.000000 0.000000 1.000000 0.000000
0.999999 0.001600 0.000000 86.456192 -0.001600 0.999999 0.000000 -1.461867 0.000000 0.000000 1.000000 0.000000
0.999995 0.003025 0.000000 87.003644 -0.003025 0.999995 0.000000 -1.474729 0.000000 0.000000 1.000000 0.000000
0.999987 0.005162 0.000000 87.529102 -0.005162 0.999987 0.000000 -1.490273 0.000000 0.000000 1.000000 0.000000
0.999974 0.007168 0.000000 88.025615 -0.007168 0.999974 0.000000 -1.496758 0.000000 0.000000 1.000000 0.000000
0.999982 0.006053 0.000000 88.568999 -0.006053 0.999982 0.000000 -1.504528 0.000000 0.000000 1.000000 0.000000
0.999983 0.005775 0.000000 89.093240 -0.005775 0.999983 0.000000 -1.520366 0.000000 0.000000 1.000000 0.000000
0.999980 0.006320 0.000000 89.580233 -0.006320 0.999980 0.000000 -1.528536 0.000000 0.000000 1.000000 0.000000
0.999972 0.007475 0.000000 90.104103 -0.007475 0.999972 0.000000 -1.553327 0.000000 0.000000 1.000000 0.000000
0.999952 0.009805 0.000000 90.610113 -0.009805 0.999952 0.000000 -1.568011 0.000000 0.000000 1.000000 0.000000
0.999957 0.009301 0.000000 91.092594 -0.009301 0.999957 0.000000 -1.593249 0.000000 0.000000 1.000000 0.000000
0.999947 0.010300 0.000000 91.608155 -0.010300 0.999947 0.000000 -1.606995 0.000000 0.000000 1.000000 0.000000
0.999931 0.011712 0.000000 92.128145 -0.011712 0.999931 0.000000 -1.625697 0.000000 0.000000 1.000000 0.000000
0.999904 0.013855 0.000000 92.613146 -0.013855 0.999904 0.000000 -1.638052 0.000000 0.000000 1.000000 0.000000
0.999898 0.014260 0.000000 93.118275 -0.014260 0.999898 0.000000 -1.652973 0.000000 0.000000 1.000000 0.000000
0.999891 0.014791 0.000000 93.589603 -0.014791 0.999891 0.000000 -1.686054 0.000000 0.000000 1.000000 0.000000
0.999851 0.017269 0.000000 94.123010 -0.017269 0.999851 0.000000 -1.702582 0.000000 0.000000 1.000000 0.000000
0.999839 0.017962 0.000000 94.800225 -0.017962 0.999839 0.000000 -1.728185 0.000000 0.000000 1.000000 0.000000
0.999840 0.017898 0.000000 95.313667 -0.017898 0.999840 0.000000 -1.736537 0.000000 0.000000 1.000000 0.000000
0.999811 0.019421 0.000000 95.816215 -0.019421 0.999811 0.000000 -1.755025 0.000000 0.000000 1.000000 0.000000
0.999769 0.021503 0.000000 96.312372 -0.021503 0.999769 0.000000 -1.767330 0.000000 0.000000 1.000000 0.000000
0.999778 0.021064 0.000000 96.802555 -0.021064 0.999778 0.000000 -1.779778 0.000000 0.000000 1.000000 0.000000
0.999792 0.020397 0.000000 97.298107 -0.020397 0.999792 0.000000 -1.809819 0.000000 0.000000 1.000000 0.000000
0.999774 0.021268 0.000000 97.766372 -0.021268 0.999774 0.000000 -1.838098 0.000000 0.000000 1.000000 0.000000
0.999645 0.026658 0.000000 98.728939 -0.026658 0.999645 0.000000 -1.891015 0.000000 0.000000 1.000000 0.000000
0.999567 0.029410 0.000000 99.195941 -0.029410 0.999567 0.000000 -1.919173 0.000000 0.000000 1.000000 0.000000
0.999532 0.030582 0.000000 99.670076 -0.030582 0.999532 0.000000 -1.938570 0.000000 0.000000 1.000000 0.000000
0.999396 0.034748 0.000000 100.119366 -0.034748 0.999396 0.000000 -1.981769 0.000000 0.000000 1.000000 0.000000
0.999325 0.036729 0.000000 100.578666 -0.036729 0.999325 0.000000 -2.025727 0.000000 0.000000 1.000000 0.000000
0.999205 0.039878 0.000000 101.035580 -0.039878 0.999205 0.000000 -2.049534 0.000000 0.000000 1.000000 0.000000
0.999118 0.041998 0.000000 101.506884 -0.041998 0.999118 0.000000 -2.095591 0.000000 0.000000 1.000000 0.000000
0.998993 0.044867 0.000000 101.981460 -0.044867 0.998993 0.000000 -2.126880 0.000000 0.000000 1.000000 0.000000
0.998765 0.049681 0.000000 102.441144 -0.049681 0.998765 0.000000 -2.165692 0.000000 0.000000 1.000000 0.000000
0.998665 0.051653 0.000000 102.910286 -0.051653 0.998665 0.000000 -2.199630 0.000000 0.000000 1.000000 0.000000
0.998548 0.053875 0.000000 103.344473 -0.053875 0.998548 0.000000 -2.249207 0.000000 0.000000 1.000000 0.000000
0.998426 0.056091 0.000000 103.785992 -0.056091 0.998426 0.000000 -2.283507 0.000000 0.000000 1.000000 0.000000
0.998291 0.058440 0.000000 104.232464 -0.058440 0.998291 0.000000 -2.322545 0.000000 0.000000 1.000000 0.000000
0.998207 0.059863 0.000000 104.667524 -0.059863 0.998207 0.000000 -2.357986 0.000000 0.000000 1.000000 0.000000
0.997930 0.064310 0.000000 105.094523 -0.064310 0.997930 0.000000 -2.399426 0.000000 0.000000 1.000000 0.000000
0.997757 0.066947 0.000000 105.518478 -0.066947 0.997757 0.000000 -2.437431 0.000000 0.000000 1.000000 0.000000
0.997310 0.073296 0.000000 105.945410 -0.073296 0.997310 0.000000 -2.471826 0.000000 0.000000 1.000000 0.000000
0.996917 0.078461 0.000000 106.365849 -0.078461 0.996917 0.000000 -2.512151 0.000000 0.000000 1.000000 0.000000
0.996800 0.079933 0.000000 106.783238 -0.079933 0.996800 0.000000 -2.556739 0.000000 0.000000 1.000000 0.000000
0.996810 0.079812 0.000000 107.195021 -0.079812 0.996810 0.000000 -2.608878 0.000000 0.000000 1.000000 0.000000
0.996451 0.084172 0.000000 107.594889 -0.084172 0.996451 0.000000 -2.646817 0.000000 0.000000 1.000000 0.000000
0.996456 0.084120 0.000000 107.983510 -0.084120 0.996456 0.000000 -2.707263 0.000000 0.000000 1.000000 0.000000
0.995946 0.089955 0.000000 108.356678 -0.089955 0.995946 0.000000 -2.760818 0.000000 0.000000 1.000000 0.000000
0.995454 0.095244 0.000000 108.755049 -0.095244 0.995454 0.000000 -2.799745 0.000000 0.000000 1.000000 0.000000
0.995652 0.093154 0.000000 109.146326 -0.093154 0.995652 0.000000 -2.854552 0.000000 0.000000 1.000000 0.000000
0.995358 0.096238 0.000000 109.534661 -0.096238 0.995358 0.000000 -2.897230 0.000000 0.000000 1.000000 0.000000
0.995007 0.099803 0.000000 109.945669 -0.099803 0.995007 0.000000 -2.938519 0.000000 0.000000 1.000000 0.000000
0.994579 0.103988 0.000000 110.343922 -0.103988 0.994579 0.000000 -2.978893 0.000000 0.000000 1.000000 0.000000
0.994082 0.108634 0.000000 110.903694 -0.108634 0.994082 0.000000 -3.067792 0.000000 0.000000 1.000000 0.000000
0.993888 0.110390 0.000000 111.313412 -0.110390 0.993888 0.000000 -3.130634 0.000000 0.000000 1.000000 0.000000
0.993627 0.112716 0.000000 111.728588 -0.112716 0.993627 0.000000 -3.202646 0.000000 0.000000 1.000000 0.000000
0.993359 0.115057 0.000000 112.148798 -0.115057 0.993359 0.000000 -3.264746 0.000000 0.000000 1.000000 0.000000
0.993109 0.117194 0.000000 112.566209 -0.117194 0.993109 0.000000 -3.333812 0.000000 0.000000 1.000000 0.000000
0.992955 0.118490 0.000000 112.988069 -0.118490 0.992955 0.000000 -3.381902 0.000000 0.000000 1.000000 0.000000
0.993025 0.117902 0.000000 113.401302 -0.117902 0.993025 0.000000 -3.445187 0.000000 0.000000 1.000000 0.000000
0.992684 0.120738 0.000000 113.817796 -0.120738 0.992684 0.000000 -3.520035 0.000000 0.000000 1.000000 0.000000
0.991715 0.128457 0.000000 114.556268 -0.128457 0.991715 0.000000 -3.629646 0.000000 0.000000 1.000000 0.000000
0.991945 0.126667 0.000000 114.968562 -0.126667 0.991945 0.000000 -3.708877 0.000000 0.000000 1.000000 0.000000
0.992128 0.125227 0.000000 115.406243 -0.125227 0.992128 0.000000 -3.773356 0.000000 0.000000 1.000000 0.000000
0.991934 0.126752 0.000000 115.836440 -0.126752 0.991934 0.000000 -3.839011 0.000000 0.000000 1.000000 0.000000
0.991988 0.126335 0.000000 116.282029 -0.126335 0.991988 0.000000 -3.903172 0.000000 0.000000 1.000000 0.000000
0.991507 0.130054 0.000000 116.717645 -0.130054 0.991507 0.000000 -3.967628 0.000000 0.000000 1.000000 0.000000
0.991464 0.130381 0.000000 117.150175 -0.130381 0.991464 0.000000 -4.039688 0.000000 0.000000 1.000000 0.000000
0.991522 0.129941 0.000000 117.585946 -0.129941 0.991522 0.000000 -4.112613 0.000000 0.000000 1.000000 0.000000
0.991419 0.130719 0.000000 118.020385 -0.130719 0.991419 0.000000 -4.175968 0.000000 0.000000 1.000000 0.000000
0.991353 0.131220 0.000000 118.474186 -0.131220 0.991353 0.000000 -4.250144 0.000000 0.000000 1.000000 0.000000
0.990859 0.134905 0.000000 118.917446 -0.134905 0.990859 0.000000 -4.327709 0.000000 0.000000 1.000000 0.000000
0.990819 0.135198 0.000000 119.731502 -0.135198 0.990819 0.000000 -4.446981 0.000000 0.000000 1.000000 0.000000
0.990854 0.134940 0.000000 120.181170 -0.134940 0.990854 0.000000 -4.504319 0.000000 0.000000 1.000000 0.000000
0.990400 0.138229 0.000000 120.646161 -0.138229 0.990400 0.000000 -4.552515 0.000000 0.000000 1.000000 0.000000
0.990353 0.138567 0.000000 121.112764 -0.138567 0.990353 0.000000 -4.650410 0.000000 0.000000 1.000000 0.000000
0.990045 0.140750 0.000000 121.569765 -0.140750 0.990045 0.000000 -4.738457 0.000000 0.000000 1.000000 0.000000
0.989834 0.142230 0.000000 122.029977 -0.142230 0.989834 0.000000 -4.818810 0.000000 0.000000 1.000000 0.000000
0.989665 0.143401 0.000000 122.504297 -0.143401 0.989665 0.000000 -4.895426 0.000000 0.000000 1.000000 0.000000
0.989134 0.147016 0.000000 122.967469 -0.147016 0.989134 0.000000 -4.970674 0.000000 0.000000 1.000000 0.000000
0.988622 0.150419 0.000000 123.473620 -0.150419 0.988622 0.000000 -5.063107 0.000000 0.000000 1.000000 0.000000
0.988216 0.153066 0.000000 123.917198 -0.153066 0.988216 0.000000 -5.140704 0.000000 0.000000 1.000000 0.000000
0.988317 0.152415 0.000000 124.417632 -0.152415 0.988317 0.000000 -5.247761 0.000000 0.000000 1.000000 0.000000
0.988034 0.154235 0.000000 124.875895 -0.154235 0.988034 0.000000 -5.340997 0.000000 0.000000 1.000000 0.000000
0.987700 0.156359 0.000000 125.331431 -0.156359 0.987700 0.000000 -5.442646 0.000000 0.000000 1.000000 0.000000
0.988001 0.154445 0.000000 125.799026 -0.154445 0.988001 0.000000 -5.539906 0.000000 0.000000 1.000000 0.000000
0.987456 0.157895 0.000000 126.280925 -0.157895 0.987456 0.000000 -5.632403 0.000000 0.000000 1.000000 0.000000
0.987269 0.159058 0.000000 126.743607 -0.159058 0.987269 0.000000 -5.723797 0.000000 0.000000 1.000000 0.000000
0.986808 0.161894 0.000000 127.211057 -0.161894 0.986808 0.000000 -5.826077 0.000000 0.000000 1.000000 0.000000
0.986010 0.166686 0.000000 127.692582 -0.166686 0.986010 0.000000 -5.899886 0.000000 0.000000 1.000000 0.000000
0.985859 0.167577 0.000000 128.143029 -0.167577 0.985859 0.000000 -5.974627 0.000000 0.000000 1.000000 0.000000
0.985854 0.167606 0.000000 128.617147 -0.167606 0.985854 0.000000 -6.057504 0.000000 0.000000 1.000000 0.000000
0.985252 0.171111 0.000000 129.081688 -0.171111 0.985252 0.000000 -6.143954 0.000000 0.000000 1.000000 0.000000
0.985032 0.172370 0.000000 129.866405 -0.172370 0.985032 0.000000 -6.297814 0.000000 0.000000 1.000000 0.000000
0.985034 0.172361 0.000000 130.344893 -0.172361 0.985034 0.000000 -6.388873 0.000000 0.000000 1.000000 0.000000
0.986545 0.163487 0.000000 131.321229 -0.163487 0.986545 0.000000 -6.590524 0.000000 0.000000 1.000000 0.000000
0.986801 0.161940 0.000000 131.810964 -0.161940 0.986801 0.000000 -6.720897 0.000000 0.000000 1.000000 0.000000
0.986910 0.161271 0.000000 132.303449 -0.161271 0.986910 0.000000 -6.821184 0.000000 0.000000 1.000000 0.000000
0.986714 0.162470 0.000000 132.799273 -0.162470 0.986714 0.000000 -6.901017 0.000000 0.000000 1.000000 0.000000
0.987054 0.160391 0.000000 133.306192 -0.160391 0.987054 0.000000 -6.999506 0.000000 0.000000 1.000000 0.000000
0.986343 0.164703 0.000000 133.795188 -0.164703 0.986343 0.000000 -7.082821 0.000000 0.000000 1.000000 0.000000
0.987302 0.158854 0.000000 134.326141 -0.158854 0.987302 0.000000 -7.178952 0.000000 0.000000 1.000000 0.000000
0.986802 0.161928 0.000000 134.804460 -0.161928 0.986802 0.000000 -7.269607 0.000000 0.000000 1.000000 0.000000
0.986522 0.163629 0.000000 135.324842 -0.163629 0.986522 0.000000 -7.365876 0.000000 0.000000 1.000000 0.000000
0.986403 0.164344 0.000000 135.834290 -0.164344 0.986403 0.000000 -7.456725 0.000000 0.000000 1.000000 0.000000
0.986546 0.163485 0.000000 136.320401 -0.163485 0.986546 0.000000 -7.549441 0.000000 0.000000 1.000000 0.000000
0.986539 0.163524 0.000000 136.826704 -0.163524 0.986539 0.000000 -7.642303 0.000000 0.000000 1.000000 0.000000
0.986656 0.162817 0.000000 137.350258 -0.162817 0.986656 0.000000 -7.745523 0.000000 0.000000 1.000000 0.000000
0.986215 0.165470 0.000000 137.838674 -0.165470 0.986215 0.000000 -7.833655 0.000000 0.000000 1.000000 0.000000
0.986800 0.161944 0.000000 138.354429 -0.161944 0.986800 0.000000 -7.924554 0.000000 0.000000 1.000000 0.000000
0.986401 0.164357 0.000000 138.884720 -0.164357 0.986401 0.000000 -8.045997 0.000000 0.000000 1.000000 0.000000
0.985868 0.167525 0.000000 139.505387 -0.167525 0.985868 0.000000 -8.150645 0.000000 0.000000 1.000000 0.000000
0.985834 0.167724 0.000000 140.069495 -0.167724 0.985834 0.000000 -8.262295 0.000000 0.000000 1.000000 0.000000
0.984536 0.175181 0.000000 140.553051 -0.175181 0.984536 0.000000 -8.362314 0.000000 0.000000 1.000000 0.000000
0.984686 0.174339 0.000000 141.071349 -0.174339 0.984686 0.000000 -8.475959 0.000000 0.000000 1.000000 0.000000
0.983820 0.179159 0.000000 141.620104 -0.179159 0.983820 0.000000 -8.586186 0.000000 0.000000 1.000000 0.000000
0.983391 0.181498 0.000000 142.151676 -0.181498 0.983391 0.000000 -8.693676 0.000000 0.000000 1.000000 0.000000
0.982355 0.187026 0.000000 145.945468 -0.187026 0.982355 0.000000 -9.528301 0.000000 0.000000 1.000000 0.000000
0.982075 0.188489 0.000000 146.474892 -0.188489 0.982075 0.000000 -9.638208 0.000000 0.000000 1.000000 0.000000
0.984331 0.176333 0.000000 147.609186 -0.176333 0.984331 0.000000 -9.896041 0.000000 0.000000 1.000000 0.000000
0.983101 0.183066 0.000000 148.733558 -0.183066 0.983101 0.000000 -10.105201 0.000000 0.000000 1.000000 0.000000
0.982863 0.184335 0.000000 149.291118 -0.184335 0.982863 0.000000 -10.222695 0.000000 0.000000 1.000000 0.000000
0.982917 0.184052 0.000000 149.850108 -0.184052 0.982917 0.000000 -10.335608 0.000000 0.000000 1.000000 0.000000
0.983099 0.183072 0.000000 150.418150 -0.183072 0.983099 0.000000 -10.453765 0.000000 0.000000 1.000000 0.000000
0.983318 0.181895 0.000000 150.981612 -0.181895 0.983318 0.000000 -10.585328 0.000000 0.000000 1.000000 0.000000
0.983886 0.178797 0.000000 151.545671 -0.178797 0.983886 0.000000 -10.732073 0.000000 0.000000 1.000000 0.000000
0.983325 0.181857 0.000000 152.117153 -0.181857 0.983325 0.000000 -10.865172 0.000000 0.000000 1.000000 0.000000
0.983096 0.183090 0.000000 152.682947 -0.183090 0.983096 0.000000 -10.994964 0.000000 0.000000 1.000000 0.000000
0.983663 0.180022 0.000000 153.258774 -0.180022 0.983663 0.000000 -11.124662 0.000000 0.000000 1.000000 0.000000
0.983619 0.180258 0.000000 154.168929 -0.180258 0.983619 0.000000 -11.331511 0.000000 0.000000 1.000000 0.000000
0.982898 0.184148 0.000000 154.747011 -0.184148 0.982898 0.000000 -11.445007 0.000000 0.000000 1.000000 0.000000
0.983267 0.182170 0.000000 155.313523 -0.182170 0.983267 0.000000 -11.577598 0.000000 0.000000 1.000000 0.000000
0.982866 0.184322 0.000000 155.895212 -0.184322 0.982866 0.000000 -11.701750 0.000000 0.000000 1.000000 0.000000
0.982232 0.187670 0.000000 156.510800 -0.187670 0.982232 0.000000 -11.827547 0.000000 0.000000 1.000000 0.000000
0.981996 0.188901 0.000000 157.026249 -0.188901 0.981996 0.000000 -11.946272 0.000000 0.000000 1.000000 0.000000
0.981998 0.188893 0.000000 157.617770 -0.188893 0.981998 0.000000 -12.101302 0.000000 0.000000 1.000000 0.000000
0.982077 0.188478 0.000000 158.195318 -0.188478 0.982077 0.000000 -12.219985 0.000000 0.000000 1.000000 0.000000
0.982134 0.188184 0.000000 158.786215 -0.188184 0.982134 0.000000 -12.334713 0.000000 0.000000 1.000000 0.000000
0.981852 0.189650 0.000000 159.363024 -0.189650 0.981852 0.000000 -12.453899 0.000000 0.000000 1.000000 0.000000
0.981551 0.191200 0.000000 159.923249 -0.191200 0.981551 0.000000 -12.574604 0.000000 0.000000 1.000000 0.000000
0.982023 0.188760 0.000000 160.478838 -0.188760 0.982023 0.000000 -12.703878 0.000000 0.000000 1.000000 0.000000
0.982060 0.188571 0.000000 161.039007 -0.188571 0.982060 0.000000 -12.834501 0.000000 0.000000 1.000000 0.000000
0.981842 0.189699 0.000000 161.618915 -0.189699 0.981842 0.000000 -12.944488 0.000000 0.000000 1.000000 0.000000
0.982135 0.188180 0.000000 162.183421 -0.188180 0.982135 0.000000 -13.076631 0.000000 0.000000 1.000000 0.000000
0.981584 0.191032 0.000000 162.756627 -0.191032 0.981584 0.000000 -13.199284 0.000000 0.000000 1.000000 0.000000
0.981319 0.192389 0.000000 163.896421 -0.192389 0.981319 0.000000 -13.452433 0.000000 0.000000 1.000000 0.000000
0.981273 0.192621 0.000000 164.458776 -0.192621 0.981273 0.000000 -13.561349 0.000000 0.000000 1.000000 0.000000
0.981823 0.189797 0.000000 164.997600 -0.189797 0.981823 0.000000 -13.687694 0.000000 0.000000 1.000000 0.000000
0.980825 0.194891 0.000000 165.585681 -0.194891 0.980825 0.000000 -13.808446 0.000000 0.000000 1.000000 0.000000
0.980587 0.196083 0.000000 166.139098 -0.196083 0.980587 0.000000 -13.922787 0.000000 0.000000 1.000000 0.000000
0.980980 0.194107 0.000000 167.245049 -0.194107 0.980980 0.000000 -14.159268 0.000000 0.000000 1.000000 0.000000
0.981107 0.193466 0.000000 167.811590 -0.193466 0.981107 0.000000 -14.274450 0.000000 0.000000 1.000000 0.000000
0.980939 0.194316 0.000000 168.332422 -0.194316 0.980939 0.000000 -14.394613 0.000000 0.000000 1.000000 0.000000
0.980774 0.195146 0.000000 168.901481 -0.195146 0.980774 0.000000 -14.505206 0.000000 0.000000 1.000000 0.000000
0.981241 0.192783 0.000000 169.470973 -0.192783 0.981241 0.000000 -14.634512 0.000000 0.000000 1.000000 0.000000
0.980849 0.194767 0.000000 170.000730 -0.194767 0.980849 0.000000 -14.744069 0.000000 0.000000 1.000000 0.000000
0.980191 0.198053 0.000000 170.761588 -0.198053 0.980191 0.000000 -14.902559 0.000000 0.000000 1.000000 0.000000
0.979967 0.199162 0.000000 171.330114 -0.199162 0.979967 0.000000 -15.020607 0.000000 0.000000 1.000000 0.000000
0.979875 0.199614 0.000000 171.900001 -0.199614 0.979875 0.000000 -15.146321 0.000000 0.000000 1.000000 0.000000
0.978896 0.204361 0.000000 172.498287 -0.204361 0.978896 0.000000 -15.259651 0.000000 0.000000 1.000000 0.000000
0.979215 0.202827 0.000000 173.036789 -0.202827 0.979215 0.000000 -15.384995 0.000000 0.000000 1.000000 0.000000
0.979689 0.200523 0.000000 173.635347 -0.200523 0.979689 0.000000 -15.534185 0.000000 0.000000 1.000000 0.000000
0.978818 0.204731 0.000000 174.212649 -0.204731 0.978818 0.000000 -15.656951 0.000000 0.000000 1.000000 0.000000
0.979139 0.203191 0.000000 174.780078 -0.203191 0.979139 0.000000 -15.803658 0.000000 0.000000 1.000000 0.000000
0.978108 0.208098 0.000000 175.367203 -0.208098 0.978108 0.000000 -15.931350 0.000000 0.000000 1.000000 0.000000
0.979001 0.203853 0.000000 175.949353 -0.203853 0.979001 0.000000 -16.063362 0.000000 0.000000 1.000000 0.000000
0.979123 0.203268 0.000000 176.534506 -0.203268 0.979123 0.000000 -16.180587 0.000000 0.000000 1.000000 0.000000
0.978979 0.203963 0.000000 177.089412 -0.203963 0.978979 0.000000 -16.307371 0.000000 0.000000 1.000000 0.000000
0.979524 0.201327 0.000000 177.667571 -0.201327 0.979524 0.000000 -16.435206 0.000000 0.000000 1.000000 0.000000
0.980546 0.196289 0.000000 178.236681 -0.196289 0.980546 0.000000 -16.577646 0.000000 0.000000 1.000000 0.000000
0.980856 0.194737 0.000000 178.826677 -0.194737 0.980856 0.000000 -16.703549 0.000000 0.000000 1.000000 0.000000
0.980417 0.196934 0.000000 179.403785 -0.196934 0.980417 0.000000 -16.837573 0.000000 0.000000 1.000000 0.000000
0.980807 0.194982 0.000000 179.981805 -0.194982 0.980807 0.000000 -16.970887 0.000000 0.000000 1.000000 0.000000
0.980344 0.197297 0.000000 180.521582 -0.197297 0.980344 0.000000 -17.093330 0.000000 0.000000 1.000000 0.000000
0.980283 0.197601 0.000000 181.141424 -0.197601 0.980283 0.000000 -17.230804 0.000000 0.000000 1.000000 0.000000
0.980489 0.196574 0.000000 181.685873 -0.196574 0.980489 0.000000 -17.340148 0.000000 0.000000 1.000000 0.000000
0.980537 0.196334 0.000000 182.259548 -0.196334 0.980537 0.000000 -17.464087 0.000000 0.000000 1.000000 0.000000
0.980192 0.198047 0.000000 182.846560 -0.198047 0.980192 0.000000 -17.575141 0.000000 0.000000 1.000000 0.000000
0.979770 0.200126 0.000000 183.424273 -0.200126 0.979770 0.000000 -17.720784 0.000000 0.000000 1.000000 0.000000
0.978533 0.206090 0.000000 184.002264 -0.206090 0.978533 0.000000 -17.852687 0.000000 0.000000 1.000000 0.000000
0.978721 0.205195 0.000000 184.577454 -0.205195 0.978721 0.000000 -17.983453 0.000000 0.000000 1.000000 0.000000
0.978938 0.204158 0.000000 185.152697 -0.204158 0.978938 0.000000 -18.117152 0.000000 0.000000 1.000000 0.000000
0.979041 0.203662 0.000000 185.729573 -0.203662 0.979041 0.000000 -18.247989 0.000000 0.000000 1.000000 0.000000
0.978748 0.205068 0.000000 186.311488 -0.205068 0.978748 0.000000 -18.384799 0.000000 0.000000 1.000000 0.000000
0.978433 0.206566 0.000000 186.896976 -0.206566 0.978433 0.000000 -18.516670 0.000000 0.000000 1.000000 0.000000
0.978731 0.205146 0.000000 187.466112 -0.205146 0.978731 0.000000 -18.657520 0.000000 0.000000 1.000000 0.000000
0.978980 0.203957 0.000000 188.045929 -0.203957 0.978980 0.000000 -18.787185 0.000000 0.000000 1.000000 0.000000
0.978421 0.206620 0.000000 188.624740 -0.206620 0.978421 0.000000 -18.918210 0.000000 0.000000 1.000000 0.000000
0.978265 0.207357 0.000000 189.179311 -0.207357 0.978265 0.000000 -19.031054 0.000000 0.000000 1.000000 0.000000
0.978382 0.206804 0.000000 189.753922 -0.206804 0.978382 0.000000 -19.171127 0.000000 0.000000 1.000000 0.000000
0.977573 0.210598 0.000000 190.337220 -0.210598 0.977573 0.000000 -19.306830 0.000000 0.000000 1.000000 0.000000
0.977635 0.210311 0.000000 190.891705 -0.210311 0.977635 0.000000 -19.432489 0.000000 0.000000 1.000000 0.000000
0.978385 0.206793 0.000000 191.464115 -0.206793 0.978385 0.000000 -19.568523 0.000000 0.000000 1.000000 0.000000
0.977623 0.210364 0.000000 192.043479 -0.210364 0.977623 0.000000 -19.694970 0.000000 0.000000 1.000000 0.000000
0.978333 0.207038 0.000000 192.586287 -0.207038 0.978333 0.000000 -19.844066 0.000000 0.000000 1.000000 0.000000
0.978204 0.207648 0.000000 193.150657 -0.207648 0.978204 0.000000 -19.978554 0.000000 0.000000 1.000000 0.000000
0.977524 0.210826 0.000000 193.701466 -0.210826 0.977524 0.000000 -20.111672 0.000000 0.000000 1.000000 0.000000
0.977484 0.211010 0.000000 194.235203 -0.211010 0.977484 0.000000 -20.227795 0.000000 0.000000 1.000000 0.000000
0.977386 0.211465 0.000000 194.805000 -0.211465 0.977386 0.000000 -20.374806 0.000000 0.000000 1.000000 0.000000
0.977171 0.212454 0.000000 195.371427 -0.212454 0.977171 0.000000 -20.507781 0.000000 0.000000 1.000000 0.000000
0.976755 0.214359 0.000000 196.189523 -0.214359 0.976755 0.000000 -20.718908 0.000000 0.000000 1.000000 0.000000
0.976499 0.215524 0.000000 196.744873 -0.215524 0.976499 0.000000 -20.849029 0.000000 0.000000 1.000000 0.000000
0.976094 0.217351 0.000000 197.321926 -0.217351 0.976094 0.000000 -20.980769 0.000000 0.000000 1.000000 0.000000
0.976347 0.216209 0.000000 197.895096 -0.216209 0.976347 0.000000 -21.114986 0.000000 0.000000 1.000000 0.000000
0.976140 0.217143 0.000000 198.459760 -0.217143 0.976140 0.000000 -21.232223 0.000000 0.000000 1.000000 0.000000
0.976487 0.215576 0.000000 199.019957 -0.215576 0.976487 0.000000 -21.355973 0.000000 0.000000 1.000000 0.000000
0.976994 0.213267 0.000000 199.581962 -0.213267 0.976994 0.000000 -21.497953 0.000000 0.000000 1.000000 0.000000
0.976795 0.214175 0.000000 200.165995 -0.214175 0.976795 0.000000 -21.645990 0.000000 0.000000 1.000000 0.000000
0.976762 0.214327 0.000000 200.667573 -0.214327 0.976762 0.000000 -21.764746 0.000000 0.000000 1.000000 0.000000
0.976648 0.214847 0.000000 201.641981 -0.214847 0.976648 0.000000 -22.002705 0.000000 0.000000 1.000000 0.000000
0.976670 0.214748 0.000000 202.207740 -0.214748 0.976670 0.000000 -22.128673 0.000000 0.000000 1.000000 0.000000
0.976476 0.215626 0.000000 202.926737 -0.215626 0.976476 0.000000 -22.300752 0.000000 0.000000 1.000000 0.000000
0.976171 0.217004 0.000000 203.644781 -0.217004 0.976171 0.000000 -22.476349 0.000000 0.000000 1.000000 0.000000
0.975638 0.219388 0.000000 204.611618 -0.219388 0.975638 0.000000 -22.717179 0.000000 0.000000 1.000000 0.000000
0.975779 0.218758 0.000000 205.177935 -0.218758 0.975779 0.000000 -22.854817 0.000000 0.000000 1.000000 0.000000
0.976056 0.217517 0.000000 205.754712 -0.217517 0.976056 0.000000 -22.992898 0.000000 0.000000 1.000000 0.000000
0.975895 0.218239 0.000000 206.308737 -0.218239 0.975895 0.000000 -23.129128 0.000000 0.000000 1.000000 0.000000
0.975656 0.219306 0.000000 206.827632 -0.219306 0.975656 0.000000 -23.256072 0.000000 0.000000 1.000000 0.000000
0.976348 0.216207 0.000000 207.395047 -0.216207 0.976348 0.000000 -23.390264 0.000000 0.000000 1.000000 0.000000
0.975846 0.218462 0.000000 207.961702 -0.218462 0.975846 0.000000 -23.528809 0.000000 0.000000 1.000000 0.000000
0.975797 0.218677 0.000000 208.760022 -0.218677 0.975797 0.000000 -23.726680 0.000000 0.000000 1.000000 0.000000
0.976140 0.217142 0.000000 209.323669 -0.217142 0.976140 0.000000 -23.877895 0.000000 0.000000 1.000000 0.000000
0.976138 0.217153 0.000000 209.886081 -0.217153 0.976138 0.000000 -24.013986 0.000000 0.000000 1.000000 0.000000
0.975933 0.218069 0.000000 210.447823 -0.218069 0.975933 0.000000 -24.150105 0.000000 0.000000 1.000000 0.000000
0.976717 0.214533 0.000000 211.032828 -0.214533 0.976717 0.000000 -24.302463 0.000000 0.000000 1.000000 0.000000
0.976691 0.214652 0.000000 211.549188 -0.214652 0.976691 0.000000 -24.432274 0.000000 0.000000 1.000000 0.000000
