1.000000 -0.000861 0.000000 0.625255 0.000861 1.000000 0.000000 -0.012395 0.000000 0.000000 1.000000 0.000000
0.999998 0.002134 0.000000 1.172250 -0.002134 0.999998 0.000000 -0.030969 0.000000 0.000000 1.000000 0.000000
0.999993 0.003840 0.000000 1.921010 -0.003840 0.999993 0.000000 -0.057188 0.000000 0.000000 1.000000 0.000000
0.999998 0.001983 0.000000 2.463407 -0.001983 0.999998 0.000000 -0.068198 0.000000 0.000000 1.000000 0.000000
0.999990 0.004566 0.000000 3.043188 -0.004566 0.999990 0.000000 -0.089037 0.000000 0.000000 1.000000 0.000000
0.999994 0.003498 0.000000 4.006386 -0.003498 0.999994 0.000000 -0.125443 0.000000 0.000000 1.000000 0.000000
0.999999 0.001716 0.000000 4.650131 -0.001716 0.999999 0.000000 -0.138257 0.000000 0.000000 1.000000 0.000000
0.999994 0.003488 0.000000 5.242668 -0.003488 0.999994 0.000000 -0.152252 0.000000 0.000000 1.000000 0.000000
0.999999 0.001297 0.000000 5.918112 -0.001297 0.999999 0.000000 -0.178730 0.000000 0.000000 1.000000 0.000000
0.999974 0.007217 0.000000 7.106989 -0.007217 0.999974 0.000000 -0.211839 0.000000 0.000000 1.000000 0.000000
0.999982 0.005988 0.000000 7.794811 -0.005988 0.999982 0.000000 -0.229720 0.000000 0.000000 1.000000 0.000000
1.000000 0.000218 0.000000 8.509156 -0.000218 1.000000 0.000000 -0.221027 0.000000 0.000000 1.000000 0.000000
0.999998 0.002174 0.000000 9.023206 -0.002174 0.999998 0.000000 -0.211685 0.000000 0.000000 1.000000 0.000000
0.999999 0.001299 0.000000 9.607586 -0.001299 0.999999 0.000000 -0.232298 0.000000 0.000000 1.000000 0.000000
0.999999 0.001351 0.000000 10.256347 -0.001351 0.999999 0.000000 -0.255930 0.000000 0.000000 1.000000 0.000000
0.999999 0.001234 0.000000 10.766318 -0.001234 0.999999 0.000000 -0.267112 0.000000 0.000000 1.000000 0.000000
0.999999 0.001510 0.000000 11.343016 -0.001510 0.999999 0.000000 -0.259052 0.000000 0.000000 1.000000 0.000000
1.000000 -0.000367 0.000000 11.880865 0.000367 1.000000 0.000000 -0.266617 0.000000 0.000000 1.000000 0.000000
1.000000 -0.000784 0.000000 12.504995 0.000784 1.000000 0.000000 -0.285960 0.000000 0.000000 1.000000 0.000000
0.999999 0.001280 0.000000 13.095973 -0.001280 0.999999 0.000000 -0.301085 0.000000 0.000000 1.000000 0.000000
1.000000 -0.000661 0.000000 13.639434 0.000661 1.000000 0.000000 -0.309156 0.000000 0.000000 1.000000 0.000000
0.999999 -0.001216 0.000000 14.268090 0.001216 0.999999 0.000000 -0.296872 0.000000 0.000000 1.000000 0.000000
0.999998 -0.002025 0.000000 14.763601 0.002025 0.999998 0.000000 -0.302247 0.000000 0.000000 1.000000 0.000000
0.999997 -0.002395 0.000000 15.305834 0.002395 0.999997 0.000000 -0.295583 0.000000 0.000000 1.000000 0.000000
0.999999 -0.001656 0.000000 15.931269 0.001656 0.999999 0.000000 -0.316155 0.000000 0.000000 1.000000 0.000000
0.999983 -0.005816 0.000000 16.606231 0.005816 0.999983 0.000000 -0.344581 0.000000 0.000000 1.000000 0.000000
0.999983 -0.005879 0.000000 17.130439 0.005879 0.999983 0.000000 -0.329740 0.000000 0.000000 1.000000 0.000000
0.999943 -0.010646 0.000000 17.627328 0.010646 0.999943 0.000000 -0.335324 0.000000 0.000000 1.000000 0.000000
0.999960 -0.008944 0.000000 18.265805 0.008944 0.999960 0.000000 -0.327076 0.000000 0.000000 1.000000 0.000000
0.999991 -0.004356 0.000000 18.838271 0.004356 0.999991 0.000000 -0.335976 0.000000 0.000000 1.000000 0.000000
0.999978 -0.006626 0.000000 19.445334 0.006626 0.999978 0.000000 -0.358225 0.000000 0.000000 1.000000 0.000000
0.999977 -0.006768 0.000000 20.094381 0.006768 0.999977 0.000000 -0.354266 0.000000 0.000000 1.000000 0.000000
0.999978 -0.006655 0.000000 20.704513 0.006655 0.999978 0.000000 -0.369488 0.000000 0.000000 1.000000 0.000000
0.999984 -0.005719 0.000000 21.306220 0.005719 0.999984 0.000000 -0.360146 0.000000 0.000000 1.000000 0.000000
0.999992 -0.003928 0.000000 21.917060 0.003928 0.999992 0.000000 -0.364364 0.000000 0.000000 1.000000 0.000000
0.999989 -0.004675 0.000000 22.551668 0.004675 0.999989 0.000000 -0.372371 0.000000 0.000000 1.000000 0.000000
0.999987 -0.005051 0.000000 23.092625 0.005051 0.999987 0.000000 -0.392381 0.000000 0.000000 1.000000 0.000000
0.999985 -0.005535 0.000000 23.701944 0.005535 0.999985 0.000000 -0.397168 0.000000 0.000000 1.000000 0.000000
0.999985 -0.005521 0.000000 24.326172 0.005521 0.999985 0.000000 -0.372116 0.000000 0.000000 1.000000 0.000000
0.999989 -0.004733 0.000000 24.933514 0.004733 0.999989 0.000000 -0.358733 0.000000 0.000000 1.000000 0.000000
0.999991 -0.004241 0.000000 25.524085 0.004241 0.999991 0.000000 -0.359050 0.000000 0.000000 1.000000 0.000000
0.999994 -0.003537 0.000000 26.146032 0.003537 0.999994 0.000000 -0.344756 0.000000 0.000000 1.000000 0.000000
0.999999 -0.001115 0.000000 26.721613 0.001115 0.999999 0.000000 -0.345801 0.000000 0.000000 1.000000 0.000000
0.999999 -0.001261 0.000000 27.343839 0.001261 0.999999 0.000000 -0.349322 0.000000 0.000000 1.000000 0.000000
0.999999 -0.001159 0.000000 27.961393 0.001159 0.999999 0.000000 -0.356950 0.000000 0.000000 1.000000 0.000000
0.999998 -0.002099 0.000000 28.644078 0.002099 0.999998 0.000000 -0.339637 0.000000 0.000000 1.000000 0.000000
0.999995 -0.003039 0.000000 29.409660 0.003039 0.999995 0.000000 -0.341760 0.000000 0.000000 1.000000 0.000000
1.000000 -0.000412 0.000000 30.051284 0.000412 1.000000 0.000000 -0.337168 0.000000 0.000000 1.000000 0.000000
1.000000 -0.000071 0.000000 30.641670 0.000071 1.000000 0.000000 -0.302122 0.000000 0.000000 1.000000 0.000000
1.000000 0.000914 0.000000 31.190785 -0.000914 1.000000 0.000000 -0.297522 0.000000 0.000000 1.000000 0.000000
0.999994 0.003572 0.000000 31.850176 -0.003572 0.999994 0.000000 -0.296529 0.000000 0.000000 1.000000 0.000000
1.000000 0.000531 0.000000 32.467443 -0.000531 1.000000 0.000000 -0.294776 0.000000 0.000000 1.000000 0.000000
0.999994 0.003555 0.000000 33.095866 -0.003555 0.999994 0.000000 -0.311958 0.000000 0.000000 1.000000 0.000000
0.999988 0.004970 0.000000 33.721478 -0.004970 0.999988 0.000000 -0.325429 0.000000 0.000000 1.000000 0.000000
0.999963 0.008593 0.000000 34.212975 -0.008593 0.999963 0.000000 -0.338338 0.000000 0.000000 1.000000 0.000000
0.999974 0.007198 0.000000 34.781748 -0.007198 0.999974 0.000000 -0.351870 0.000000 0.000000 1.000000 0.000000
0.999929 0.011908 0.000000 35.387116 -0.011908 0.999929 0.000000 -0.340366 0.000000 0.000000 1.000000 0.000000
0.999928 0.011986 0.000000 35.967366 -0.011986 0.999928 0.000000 -0.358029 0.000000 0.000000 1.000000 0.000000
0.999907 0.013647 0.000000 36.569958 -0.013647 0.999907 0.000000 -0.374221 0.000000 0.000000 1.000000 0.000000
0.999882 0.015394 0.000000 37.133972 -0.015394 0.999882 0.000000 -0.390562 0.000000 0.000000 1.000000 0.000000
0.999885 0.015141 0.000000 37.745528 -0.015141 0.999885 0.000000 -0.416935 0.000000 0.000000 1.000000 0.000000
0.999854 0.017086 0.000000 38.409224 -0.017086 0.999854 0.000000 -0.444777 0.000000 0.000000 1.000000 0.000000
0.999796 0.020199 0.000000 38.913610 -0.020199 0.999796 0.000000 -0.459381 0.000000 0.000000 1.000000 0.000000
0.999796 0.020178 0.000000 39.607137 -0.020178 0.999796 0.000000 -0.503618 0.000000 0.000000 1.000000 0.000000
0.999817 0.019118 0.000000 40.245370 -0.019118 0.999817 0.000000 -0.512789 0.000000 0.000000 1.000000 0.000000
0.999771 0.021393 0.000000 40.816375 -0.021393 0.999771 0.000000 -0.529166 0.000000 0.000000 1.000000 0.000000
0.999724 0.023475 0.000000 41.414435 -0.023475 0.999724 0.000000 -0.574164 0.000000 0.000000 1.000000 0.000000
0.999677 0.025405 0.000000 42.016408 -0.025405 0.999677 0.000000 -0.605170 0.000000 0.000000 1.000000 0.000000
0.999635 0.027034 0.000000 42.700481 -0.027034 0.999635 0.000000 -0.628811 0.000000 0.000000 1.000000 0.000000
0.999550 0.029993 0.000000 43.339868 -0.029993 0.999550 0.000000 -0.670921 0.000000 0.000000 1.000000 0.000000
0.999540 0.030342 0.000000 43.958640 -0.030342 0.999540 0.000000 -0.711861 0.000000 0.000000 1.000000 0.000000
0.999564 0.029540 0.000000 44.512990 -0.029540 0.999564 0.000000 -0.765528 0.000000 0.000000 1.000000 0.000000
0.999493 0.031842 0.000000 45.178416 -0.031842 0.999493 0.000000 -0.797561 0.000000 0.000000 1.000000 0.000000
0.999550 0.029985 0.000000 45.864861 -0.029985 0.999550 0.000000 -0.841822 0.000000 0.000000 1.000000 0.000000
0.999438 0.033515 0.000000 46.581213 -0.033515 0.999438 0.000000 -0.872780 0.000000 0.000000 1.000000 0.000000
0.999503 0.031539 0.000000 47.274940 -0.031539 0.999503 0.000000 -0.903358 0.000000 0.000000 1.000000 0.000000
0.999513 0.031193 0.000000 47.921530 -0.031193 0.999513 0.000000 -0.929563 0.000000 0.000000 1.000000 0.000000
0.999443 0.033377 0.000000 48.460583 -0.033377 0.999443 0.000000 -0.948402 0.000000 0.000000 1.000000 0.000000
0.999403 0.034543 0.000000 49.121044 -0.034543 0.999403 0.000000 -0.990132 0.000000 0.000000 1.000000 0.000000
0.999341 0.036311 0.000000 49.828222 -0.036311 0.999341 0.000000 -1.025701 0.000000 0.000000 1.000000 0.000000
0.999341 0.036292 0.000000 50.376814 -0.036292 0.999341 0.000000 -1.065330 0.000000 0.000000 1.000000 0.000000
0.999333 0.036506 0.000000 50.946094 -0.036506 0.999333 0.000000 -1.093476 0.000000 0.000000 1.000000 0.000000
0.999494 0.031793 0.000000 51.608283 -0.031793 0.999494 0.000000 -1.127125 0.000000 0.000000 1.000000 0.000000
0.999338 0.036385 0.000000 52.536449 -0.036385 0.999338 0.000000 -1.202316 0.000000 0.000000 1.000000 0.000000
0.999336 0.036444 0.000000 53.195285 -0.036444 0.999336 0.000000 -1.232953 0.000000 0.000000 1.000000 0.000000
0.999339 0.036352 0.000000 53.781713 -0.036352 0.999339 0.000000 -1.256283 0.000000 0.000000 1.000000 0.000000
0.999289 0.037707 0.000000 54.397486 -0.037707 0.999289 0.000000 -1.291988 0.000000 0.000000 1.000000 0.000000
0.999247 0.038788 0.000000 55.044731 -0.038788 0.999247 0.000000 -1.346096 0.000000 0.000000 1.000000 0.000000
0.999174 0.040629 0.000000 55.599020 -0.040629 0.999174 0.000000 -1.385224 0.000000 0.000000 1.000000 0.000000
0.999228 0.039293 0.000000 56.101205 -0.039293 0.999228 0.000000 -1.419265 0.000000 0.000000 1.000000 0.000000
0.999109 0.042205 0.000000 56.722449 -0.042205 0.999109 0.000000 -1.473108 0.000000 0.000000 1.000000 0.000000
0.999059 0.043380 0.000000 58.082464 -0.043380 0.999059 0.000000 -1.550517 0.000000 0.000000 1.000000 0.000000
0.998998 0.044760 0.000000 58.713731 -0.044760 0.998998 0.000000 -1.593651 0.000000 0.000000 1.000000 0.000000
0.998980 0.045159 0.000000 59.305065 -0.045159 0.998980 0.000000 -1.635195 0.000000 0.000000 1.000000 0.000000
0.998858 0.047775 0.000000 59.924504 -0.047775 0.998858 0.000000 -1.678689 0.000000 0.000000 1.000000 0.000000
0.998698 0.051014 0.000000 60.501307 -0.051014 0.998698 0.000000 -1.734917 0.000000 0.000000 1.000000 0.000000
0.998528 0.054246 0.000000 61.223993 -0.054246 0.998528 0.000000 -1.807726 0.000000 0.000000 1.000000 0.000000
0.998531 0.054185 0.000000 61.799108 -0.054185 0.998531 0.000000 -1.851839 0.000000 0.000000 1.000000 0.000000
0.998392 0.056692 0.000000 62.493712 -0.056692 0.998392 0.000000 -1.908088 0.000000 0.000000 1.000000 0.000000
0.998276 0.058698 0.000000 63.116135 -0.058698 0.998276 0.000000 -1.962412 0.000000 0.000000 1.000000 0.000000
0.998248 0.059176 0.000000 63.584174 -0.059176 0.998248 0.000000 -2.010135 0.000000 0.000000 1.000000 0.000000
0.998202 0.059934 0.000000 64.056202 -0.059934 0.998202 0.000000 -2.048095 0.000000 0.000000 1.000000 0.000000
0.998230 0.059467 0.000000 64.636830 -0.059467 0.998230 0.000000 -2.084499 0.000000 0.000000 1.000000 0.000000
0.998236 0.059367 0.000000 65.196976 -0.059367 0.998236 0.000000 -2.130552 0.000000 0.000000 1.000000 0.000000
0.998167 0.060517 0.000000 65.770679 -0.060517 0.998167 0.000000 -2.180743 0.000000 0.000000 1.000000 0.000000
0.998173 0.060418 0.000000 66.348806 -0.060418 0.998173 0.000000 -2.231704 0.000000 0.000000 1.000000 0.000000
0.998050 0.062413 0.000000 66.869778 -0.062413 0.998050 0.000000 -2.285377 0.000000 0.000000 1.000000 0.000000
0.997981 0.063517 0.000000 67.237564 -0.063517 0.997981 0.000000 -2.327479 0.000000 0.000000 1.000000 0.000000
0.997890 0.064927 0.000000 67.843815 -0.064927 0.997890 0.000000 -2.378113 0.000000 0.000000 1.000000 0.000000
0.997680 0.068074 0.000000 68.446962 -0.068074 0.997680 0.000000 -2.413875 0.000000 0.000000 1.000000 0.000000
0.997670 0.068219 0.000000 69.006248 -0.068219 0.997670 0.000000 -2.468349 0.000000 0.000000 1.000000 0.000000
0.997606 0.069151 0.000000 69.752428 -0.069151 0.997606 0.000000 -2.556029 0.000000 0.000000 1.000000 0.000000
0.997487 0.070844 0.000000 70.308474 -0.070844 0.997487 0.000000 -2.628567 0.000000 0.000000 1.000000 0.000000
0.997352 0.072724 0.000000 70.856148 -0.072724 0.997352 0.000000 -2.696396 0.000000 0.000000 1.000000 0.000000
0.997511 0.070516 0.000000 71.291464 -0.070516 0.997511 0.000000 -2.743545 0.000000 0.000000 1.000000 0.000000
0.997369 0.072488 0.000000 71.903526 -0.072488 0.997369 0.000000 -2.788795 0.000000 0.000000 1.000000 0.000000
0.997406 0.071984 0.000000 72.496396 -0.071984 0.997406 0.000000 -2.851932 0.000000 0.000000 1.000000 0.000000
0.997294 0.073520 0.000000 73.002629 -0.073520 0.997294 0.000000 -2.918711 0.000000 0.000000 1.000000 0.000000
0.997126 0.075763 0.000000 73.420824 -0.075763 0.997126 0.000000 -2.970639 0.000000 0.000000 1.000000 0.000000
0.997067 0.076531 0.000000 74.031439 -0.076531 0.997067 0.000000 -3.043650 0.000000 0.000000 1.000000 0.000000
0.996782 0.080154 0.000000 75.109249 -0.080154 0.996782 0.000000 -3.168774 0.000000 0.000000 1.000000 0.000000
0.996876 0.078988 0.000000 75.714452 -0.078988 0.996876 0.000000 -3.229838 0.000000 0.000000 1.000000 0.000000
0.996772 0.080288 0.000000 76.218660 -0.080288 0.996772 0.000000 -3.285636 0.000000 0.000000 1.000000 0.000000
0.996606 0.082318 0.000000 76.661568 -0.082318 0.996606 0.000000 -3.355954 0.000000 0.000000 1.000000 0.000000
0.996570 0.082757 0.000000 77.290044 -0.082757 0.996570 0.000000 -3.430030 0.000000 0.000000 1.000000 0.000000
0.996438 0.084334 0.000000 77.848665 -0.084334 0.996438 0.000000 -3.479254 0.000000 0.000000 1.000000 0.000000
0.996536 0.083165 0.000000 78.448962 -0.083165 0.996536 0.000000 -3.530337 0.000000 0.000000 1.000000 0.000000
0.996674 0.081490 0.000000 79.021281 -0.081490 0.996674 0.000000 -3.579043 0.000000 0.000000 1.000000 0.000000
0.996514 0.083424 0.000000 79.538174 -0.083424 0.996514 0.000000 -3.643345 0.000000 0.000000 1.000000 0.000000
0.996243 0.086605 0.000000 80.037206 -0.086605 0.996243 0.000000 -3.715433 0.000000 0.000000 1.000000 0.000000
0.996185 0.087268 0.000000 80.493524 -0.087268 0.996185 0.000000 -3.764195 0.000000 0.000000 1.000000 0.000000
0.996080 0.088462 0.000000 81.040803 -0.088462 0.996080 0.000000 -3.839934 0.000000 0.000000 1.000000 0.000000
0.995892 0.090552 0.000000 81.567707 -0.090552 0.995892 0.000000 -3.911211 0.000000 0.000000 1.000000 0.000000
0.995659 0.093080 0.000000 82.073941 -0.093080 0.995659 0.000000 -3.970629 0.000000 0.000000 1.000000 0.000000
0.995527 0.094473 0.000000 82.596878 -0.094473 0.995527 0.000000 -4.015137 0.000000 0.000000 1.000000 0.000000
0.995412 0.095679 0.000000 83.119351 -0.095679 0.995412 0.000000 -4.056025 0.000000 0.000000 1.000000 0.000000
0.995345 0.096379 0.000000 83.652394 -0.096379 0.995345 0.000000 -4.094590 0.000000 0.000000 1.000000 0.000000
0.995397 0.095841 0.000000 84.185377 -0.095841 0.995397 0.000000 -4.170545 0.000000 0.000000 1.000000 0.000000
0.995430 0.095491 0.000000 84.793951 -0.095491 0.995430 0.000000 -4.224238 0.000000 0.000000 1.000000 0.000000
0.995378 0.096032 0.000000 85.225750 -0.096032 0.995378 0.000000 -4.257200 0.000000 0.000000 1.000000 0.000000
0.995226 0.097593 0.000000 85.715979 -0.097593 0.995226 0.000000 -4.325492 0.000000 0.000000 1.000000 0.000000
0.995082 0.099054 0.000000 86.085295 -0.099054 0.995082 0.000000 -4.366121 0.000000 0.000000 1.000000 0.000000
0.995103 0.098840 0.000000 86.562946 -0.098840 0.995103 0.000000 -4.419729 0.000000 0.000000 1.000000 0.000000
0.995020 0.099675 0.000000 87.123780 -0.099675 0.995020 0.000000 -4.485403 0.000000 0.000000 1.000000 0.000000
0.994874 0.101120 0.000000 87.621121 -0.101120 0.994874 0.000000 -4.544225 0.000000 0.000000 1.000000 0.000000
0.994709 0.102729 0.000000 87.996037 -0.102729 0.994709 0.000000 -4.591104 0.000000 0.000000 1.000000 0.000000
0.994742 0.102410 0.000000 88.413452 -0.102410 0.994742 0.000000 -4.612981 0.000000 0.000000 1.000000 0.000000
0.994713 0.102693 0.000000 88.860405 -0.102693 0.994713 0.000000 -4.659435 0.000000 0.000000 1.000000 0.000000
0.994402 0.105665 0.000000 89.495976 -0.105665 0.994402 0.000000 -4.750837 0.000000 0.000000 1.000000 0.000000
0.994310 0.106528 0.000000 90.043472 -0.106528 0.994310 0.000000 -4.820768 0.000000 0.000000 1.000000 0.000000
0.994239 0.107183 0.000000 90.476955 -0.107183 0.994239 0.000000 -4.857061 0.000000 0.000000 1.000000 0.000000
0.994046 0.108964 0.000000 91.045513 -0.108964 0.994046 0.000000 -4.901177 0.000000 0.000000 1.000000 0.000000
0.993838 0.110840 0.000000 91.503746 -0.110840 0.993838 0.000000 -4.935300 0.000000 0.000000 1.000000 0.000000
0.993868 0.110569 0.000000 91.904634 -0.110569 0.993868 0.000000 -4.972767 0.000000 0.000000 1.000000 0.000000
0.993797 0.111211 0.000000 92.394045 -0.111211 0.993797 0.000000 -5.041575 0.000000 0.000000 1.000000 0.000000
0.993784 0.111323 0.000000 92.760242 -0.111323 0.993784 0.000000 -5.073172 0.000000 0.000000 1.000000 0.000000
0.993132 0.116999 0.000000 93.709389 -0.116999 0.993132 0.000000 -5.204130 0.000000 0.000000 1.000000 0.000000
0.992802 0.119764 0.000000 94.151428 -0.119764 0.992802 0.000000 -5.278146 0.000000 0.000000 1.000000 0.000000
0.992513 0.122138 0.000000 94.648343 -0.122138 0.992513 0.000000 -5.374681 0.000000 0.000000 1.000000 0.000000
0.992160 0.124972 0.000000 95.130794 -0.124972 0.992160 0.000000 -5.450823 0.000000 0.000000 1.000000 0.000000
0.991914 0.126910 0.000000 95.729976 -0.126910 0.991914 0.000000 -5.529851 0.000000 0.000000 1.000000 0.000000
0.991612 0.129254 0.000000 96.331598 -0.129254 0.991612 0.000000 -5.580557 0.000000 0.000000 1.000000 0.000000
0.991518 0.129969 0.000000 96.845587 -0.129969 0.991518 0.000000 -5.641594 0.000000 0.000000 1.000000 0.000000
0.991114 0.133014 0.000000 97.330200 -0.133014 0.991114 0.000000 -5.705785 0.000000 0.000000 1.000000 0.000000
0.990366 0.138475 0.000000 97.759778 -0.138475 0.990366 0.000000 -5.797181 0.000000 0.000000 1.000000 0.000000
0.990061 0.140637 0.000000 98.276716 -0.140637 0.990061 0.000000 -5.883161 0.000000 0.000000 1.000000 0.000000
0.989625 0.143676 0.000000 98.765191 -0.143676 0.989625 0.000000 -6.003519 0.000000 0.000000 1.000000 0.000000
0.989299 0.145904 0.000000 99.091283 -0.145904 0.989299 0.000000 -6.072202 0.000000 0.000000 1.000000 0.000000
0.988998 0.147929 0.000000 99.502164 -0.147929 0.988998 0.000000 -6.149597 0.000000 0.000000 1.000000 0.000000
0.988783 0.149362 0.000000 99.896293 -0.149362 0.988783 0.000000 -6.195794 0.000000 0.000000 1.000000 0.000000
0.988347 0.152218 0.000000 100.492833 -0.152218 0.988347 0.000000 -6.250547 0.000000 0.000000 1.000000 0.000000
0.987821 0.155595 0.000000 100.940696 -0.155595 0.987821 0.000000 -6.319500 0.000000 0.000000 1.000000 0.000000
0.986570 0.163337 0.000000 101.449986 -0.163337 0.986570 0.000000 -6.418519 0.000000 0.000000 1.000000 0.000000
0.985773 0.168084 0.000000 101.890644 -0.168084 0.985773 0.000000 -6.462744 0.000000 0.000000 1.000000 0.000000
0.985496 0.169700 0.000000 102.259821 -0.169700 0.985496 0.000000 -6.514668 0.000000 0.000000 1.000000 0.000000
0.985537 0.169460 0.000000 102.643314 -0.169460 0.985537 0.000000 -6.554958 0.000000 0.000000 1.000000 0.000000
0.984671 0.174422 0.000000 102.983395 -0.174422 0.984671 0.000000 -6.612213 0.000000 0.000000 1.000000 0.000000
0.984407 0.175908 0.000000 103.427947 -0.175908 0.984407 0.000000 -6.696555 0.000000 0.000000 1.000000 0.000000
0.983083 0.183163 0.000000 103.779216 -0.183163 0.983083 0.000000 -6.771783 0.000000 0.000000 1.000000 0.000000
0.981863 0.189594 0.000000 104.166641 -0.189594 0.981863 0.000000 -6.868596 0.000000 0.000000 1.000000 0.000000
0.982335 0.187132 0.000000 104.521347 -0.187132 0.982335 0.000000 -6.935464 0.000000 0.000000 1.000000 0.000000
0.981380 0.192078 0.000000 104.780381 -0.192078 0.981380 0.000000 -7.022308 0.000000 0.000000 1.000000 0.000000
0.980429 0.196875 0.000000 105.130167 -0.196875 0.980429 0.000000 -7.100212 0.000000 0.000000 1.000000 0.000000
0.979673 0.200601 0.000000 105.425083 -0.200601 0.979673 0.000000 -7.149076 0.000000 0.000000 1.000000 0.000000
0.978844 0.204610 0.000000 106.019214 -0.204610 0.978844 0.000000 -7.311583 0.000000 0.000000 1.000000 0.000000
0.978249 0.207433 0.000000 106.465695 -0.207433 0.978249 0.000000 -7.463577 0.000000 0.000000 1.000000 0.000000
0.977615 0.210399 0.000000 106.852879 -0.210399 0.977615 0.000000 -7.611381 0.000000 0.000000 1.000000 0.000000
0.977029 0.213106 0.000000 107.192673 -0.213106 0.977029 0.000000 -7.698438 0.000000 0.000000 1.000000 0.000000
0.976721 0.214513 0.000000 107.610118 -0.214513 0.976721 0.000000 -7.805223 0.000000 0.000000 1.000000 0.000000
0.976505 0.215496 0.000000 108.011147 -0.215496 0.976505 0.000000 -7.881940 0.000000 0.000000 1.000000 0.000000
0.976558 0.215254 0.000000 108.339193 -0.215254 0.976558 0.000000 -8.008954 0.000000 0.000000 1.000000 0.000000
0.976161 0.217046 0.000000 108.681358 -0.217046 0.976161 0.000000 -8.107789 0.000000 0.000000 1.000000 0.000000
0.974712 0.223465 0.000000 109.303573 -0.223465 0.974712 0.000000 -8.269849 0.000000 0.000000 1.000000 0.000000
0.975403 0.220429 0.000000 109.752666 -0.220429 0.975403 0.000000 -8.385955 0.000000 0.000000 1.000000 0.000000
0.976001 0.217767 0.000000 110.155541 -0.217767 0.976001 0.000000 -8.481879 0.000000 0.000000 1.000000 0.000000
0.975852 0.218432 0.000000 110.635826 -0.218432 0.975852 0.000000 -8.549669 0.000000 0.000000 1.000000 0.000000
0.976330 0.216284 0.000000 111.127712 -0.216284 0.976330 0.000000 -8.610567 0.000000 0.000000 1.000000 0.000000
0.975576 0.219660 0.000000 111.469404 -0.219660 0.975576 0.000000 -8.725235 0.000000 0.000000 1.000000 0.000000
0.975459 0.220181 0.000000 111.897287 -0.220181 0.975459 0.000000 -8.842553 0.000000 0.000000 1.000000 0.000000
0.975207 0.221294 0.000000 112.330749 -0.221294 0.975207 0.000000 -8.972105 0.000000 0.000000 1.000000 0.000000
0.974856 0.222837 0.000000 112.832538 -0.222837 0.974856 0.000000 -9.100477 0.000000 0.000000 1.000000 0.000000
0.974627 0.223835 0.000000 113.189104 -0.223835 0.974627 0.000000 -9.205754 0.000000 0.000000 1.000000 0.000000
0.973770 0.227535 0.000000 113.570080 -0.227535 0.973770 0.000000 -9.301580 0.000000 0.000000 1.000000 0.000000
0.973806 0.227380 0.000000 114.350728 -0.227380 0.973806 0.000000 -9.492052 0.000000 0.000000 1.000000 0.000000
0.973917 0.226907 0.000000 114.788612 -0.226907 0.973917 0.000000 -9.575014 0.000000 0.000000 1.000000 0.000000
0.973224 0.229860 0.000000 115.163349 -0.229860 0.973224 0.000000 -9.659736 0.000000 0.000000 1.000000 0.000000
0.972861 0.231388 0.000000 115.569291 -0.231388 0.972861 0.000000 -9.813829 0.000000 0.000000 1.000000 0.000000
0.972392 0.233351 0.000000 116.047947 -0.233351 0.972392 0.000000 -9.943849 0.000000 0.000000 1.000000 0.000000
0.972082 0.234641 0.000000 116.473827 -0.234641 0.972082 0.000000 -10.033451 0.000000 0.000000 1.000000 0.000000
0.971798 0.235816 0.000000 116.911399 -0.235816 0.971798 0.000000 -10.167805 0.000000 0.000000 1.000000 0.000000
0.970889 0.239528 0.000000 117.430988 -0.239528 0.970889 0.000000 -10.319705 0.000000 0.000000 1.000000 0.000000
0.970063 0.242854 0.000000 117.916057 -0.242854 0.970063 0.000000 -10.486458 0.000000 0.000000 1.000000 0.000000
0.969498 0.245098 0.000000 118.342277 -0.245098 0.969498 0.000000 -10.619588 0.000000 0.000000 1.000000 0.000000
0.969436 0.245344 0.000000 118.806372 -0.245344 0.969436 0.000000 -10.792647 0.000000 0.000000 1.000000 0.000000
0.968733 0.248104 0.000000 119.267135 -0.248104 0.968733 0.000000 -10.963825 0.000000 0.000000 1.000000 0.000000
0.968244 0.250007 0.000000 119.705523 -0.250007 0.968244 0.000000 -11.122526 0.000000 0.000000 1.000000 0.000000
0.968885 0.247510 0.000000 120.135999 -0.247510 0.968885 0.000000 -11.207395 0.000000 0.000000 1.000000 0.000000
0.968007 0.250924 0.000000 120.660810 -0.250924 0.968007 0.000000 -11.350760 0.000000 0.000000 1.000000 0.000000
0.967998 0.250959 0.000000 121.104997 -0.250959 0.967998 0.000000 -11.453956 0.000000 0.000000 1.000000 0.000000
0.967598 0.252494 0.000000 121.577954 -0.252494 0.967598 0.000000 -11.564258 0.000000 0.000000 1.000000 0.000000
0.967009 0.254742 0.000000 122.018536 -0.254742 0.967009 0.000000 -11.650432 0.000000 0.000000 1.000000 0.000000
0.967240 0.253864 0.000000 122.447313 -0.253864 0.967240 0.000000 -11.735866 0.000000 0.000000 1.000000 0.000000
0.967753 0.251900 0.000000 122.886465 -0.251900 0.967753 0.000000 -11.814733 0.000000 0.000000 1.000000 0.000000
0.967108 0.254366 0.000000 123.247990 -0.254366 0.967108 0.000000 -11.885898 0.000000 0.000000 1.000000 0.000000
0.966950 0.254965 0.000000 123.923202 -0.254965 0.966950 0.000000 -12.089625 0.000000 0.000000 1.000000 0.000000
0.967330 0.253520 0.000000 124.377852 -0.253520 0.967330 0.000000 -12.204458 0.000000 0.000000 1.000000 0.000000
0.969360 0.245643 0.000000 125.308152 -0.245643 0.969360 0.000000 -12.446318 0.000000 0.000000 1.000000 0.000000
0.969683 0.244366 0.000000 125.798006 -0.244366 0.969683 0.000000 -12.538790 0.000000 0.000000 1.000000 0.000000
0.968861 0.247604 0.000000 126.299551 -0.247604 0.968861 0.000000 -12.719501 0.000000 0.000000 1.000000 0.000000
0.968382 0.249474 0.000000 126.782968 -0.249474 0.968382 0.000000 -12.841527 0.000000 0.000000 1.000000 0.000000
0.968583 0.248691 0.000000 127.256823 -0.248691 0.968583 0.000000 -12.984658 0.000000 0.000000 1.000000 0.000000
0.967577 0.252578 0.000000 127.730824 -0.252578 0.967577 0.000000 -13.104185 0.000000 0.000000 1.000000 0.000000
0.969778 0.243991 0.000000 128.268898 -0.243991 0.969778 0.000000 -13.235594 0.000000 0.000000 1.000000 0.000000
0.969133 0.246537 0.000000 128.777724 -0.246537 0.969133 0.000000 -13.385130 0.000000 0.000000 1.000000 0.000000
0.968825 0.247747 0.000000 129.301604 -0.247747 0.968825 0.000000 -13.541875 0.000000 0.000000 1.000000 0.000000
0.968707 0.248208 0.000000 129.774818 -0.248208 0.968707 0.000000 -13.749136 0.000000 0.000000 1.000000 0.000000
0.968842 0.247681 0.000000 130.190219 -0.247681 0.968842 0.000000 -13.921658 0.000000 0.000000 1.000000 0.000000
0.968797 0.247856 0.000000 130.677629 -0.247856 0.968797 0.000000 -14.049754 0.000000 0.000000 1.000000 0.000000
0.969203 0.246263 0.000000 131.174332 -0.246263 0.969203 0.000000 -14.172376 0.000000 0.000000 1.000000 0.000000
0.968581 0.248700 0.000000 131.641040 -0.248700 0.968581 0.000000 -14.298374 0.000000 0.000000 1.000000 0.000000
0.969544 0.244915 0.000000 132.178737 -0.244915 0.969544 0.000000 -14.378488 0.000000 0.000000 1.000000 0.000000
0.968942 0.247287 0.000000 132.669950 -0.247287 0.968942 0.000000 -14.511530 0.000000 0.000000 1.000000 0.000000
0.968199 0.250182 0.000000 133.309178 -0.250182 0.968199 0.000000 -14.620144 0.000000 0.000000 1.000000 0.000000
0.968610 0.248586 0.000000 133.849458 -0.248586 0.968610 0.000000 -14.731689 0.000000 0.000000 1.000000 0.000000
0.966626 0.256192 0.000000 134.302439 -0.256192 0.966626 0.000000 -14.943113 0.000000 0.000000 1.000000 0.000000
0.967063 0.254535 0.000000 134.803892 -0.254535 0.967063 0.000000 -15.066380 0.000000 0.000000 1.000000 0.000000
0.965828 0.259184 0.000000 135.318460 -0.259184 0.965828 0.000000 -15.211267 0.000000 0.000000 1.000000 0.000000
0.965266 0.261269 0.000000 135.798248 -0.261269 0.965266 0.000000 -15.368221 0.000000 0.000000 1.000000 0.000000
0.963446 0.267901 0.000000 139.436766 -0.267901 0.963446 0.000000 -16.552139 0.000000 0.000000 1.000000 0.000000
0.963002 0.269494 0.000000 139.987568 -0.269494 0.963002 0.000000 -16.734827 0.000000 0.000000 1.000000 0.000000
0.965654 0.259832 0.000000 141.125339 -0.259832 0.965654 0.000000 -17.126074 0.000000 0.000000 1.000000 0.000000
0.963327 0.268330 0.000000 142.168283 -0.268330 0.963327 0.000000 -17.527205 0.000000 0.000000 1.000000 0.000000
0.962571 0.271028 0.000000 142.607161 -0.271028 0.962571 0.000000 -17.665617 0.000000 0.000000 1.000000 0.000000
0.962779 0.270290 0.000000 143.143013 -0.270290 0.962779 0.000000 -17.890760 0.000000 0.000000 1.000000 0.000000
0.962844 0.270058 0.000000 143.699588 -0.270058 0.962844 0.000000 -18.143036 0.000000 0.000000 1.000000 0.000000
0.963021 0.269427 0.000000 144.228978 -0.269427 0.963021 0.000000 -18.333564 0.000000 0.000000 1.000000 0.000000
0.963836 0.266495 0.000000 144.813850 -0.266495 0.963836 0.000000 -18.492394 0.000000 0.000000 1.000000 0.000000
0.963092 0.269171 0.000000 145.390264 -0.269171 0.963092 0.000000 -18.630859 0.000000 0.000000 1.000000 0.000000
0.962690 0.270605 0.000000 145.855449 -0.270605 0.962690 0.000000 -18.799489 0.000000 0.000000 1.000000 0.000000
0.963854 0.266431 0.000000 146.395647 -0.266431 0.963854 0.000000 -18.972998 0.000000 0.000000 1.000000 0.000000
0.964198 0.265183 0.000000 147.287434 -0.265183 0.964198 0.000000 -19.296121 0.000000 0.000000 1.000000 0.000000
0.963716 0.266931 0.000000 147.934017 -0.266931 0.963716 0.000000 -19.441997 0.000000 0.000000 1.000000 0.000000
0.964581 0.263786 0.000000 148.503759 -0.263786 0.964581 0.000000 -19.639360 0.000000 0.000000 1.000000 0.000000
0.964332 0.264697 0.000000 149.010907 -0.264697 0.964332 0.000000 -19.789711 0.000000 0.000000 1.000000 0.000000
0.964060 0.265683 0.000000 149.593727 -0.265683 0.964060 0.000000 -19.960172 0.000000 0.000000 1.000000 0.000000
0.964067 0.265658 0.000000 150.085763 -0.265658 0.964067 0.000000 -20.136422 0.000000 0.000000 1.000000 0.000000
0.964281 0.264883 0.000000 150.652035 -0.264883 0.964281 0.000000 -20.368482 0.000000 0.000000 1.000000 0.000000
0.965061 0.262027 0.000000 151.217204 -0.262027 0.965061 0.000000 -20.445863 0.000000 0.000000 1.000000 0.000000
0.965182 0.261579 0.000000 151.773514 -0.261579 0.965182 0.000000 -20.579170 0.000000 0.000000 1.000000 0.000000
0.965126 0.261784 0.000000 152.343048 -0.261784 0.965126 0.000000 -20.788421 0.000000 0.000000 1.000000 0.000000
0.964764 0.263118 0.000000 152.878013 -0.263118 0.964764 0.000000 -21.001324 0.000000 0.000000 1.000000 0.000000
0.965669 0.259774 0.000000 153.392924 -0.259774 0.965669 0.000000 -21.161249 0.000000 0.000000 1.000000 0.000000
0.965913 0.258867 0.000000 153.895389 -0.258867 0.965913 0.000000 -21.302899 0.000000 0.000000 1.000000 0.000000
0.965665 0.259791 0.000000 154.430519 -0.259791 0.965665 0.000000 -21.464205 0.000000 0.000000 1.000000 0.000000
0.966365 0.257176 0.000000 154.956672 -0.257176 0.966365 0.000000 -21.651034 0.000000 0.000000 1.000000 0.000000
0.965737 0.259522 0.000000 155.548426 -0.259522 0.965737 0.000000 -21.794787 0.000000 0.000000 1.000000 0.000000
0.965622 0.259949 0.000000 156.631174 -0.259949 0.965622 0.000000 -22.119822 0.000000 0.000000 1.000000 0.000000
0.965688 0.259707 0.000000 157.154201 -0.259707 0.965688 0.000000 -22.317705 0.000000 0.000000 1.000000 0.000000
0.966503 0.256656 0.000000 157.660652 -0.256656 0.966503 0.000000 -22.464682 0.000000 0.000000 1.000000 0.000000
0.965598 0.260041 0.000000 158.199305 -0.260041 0.965598 0.000000 -22.638696 0.000000 0.000000 1.000000 0.000000
0.965530 0.260293 0.000000 158.741151 -0.260293 0.965530 0.000000 -22.802563 0.000000 0.000000 1.000000 0.000000
0.966190 0.257829 0.000000 159.765803 -0.257829 0.966190 0.000000 -23.120886 0.000000 0.000000 1.000000 0.000000
0.966421 0.256964 0.000000 160.294189 -0.256964 0.966421 0.000000 -23.280939 0.000000 0.000000 1.000000 0.000000
0.966537 0.256527 0.000000 160.728584 -0.256527 0.966537 0.000000 -23.457458 0.000000 0.000000 1.000000 0.000000
0.966683 0.255975 0.000000 161.255402 -0.255975 0.966683 0.000000 -23.610914 0.000000 0.000000 1.000000 0.000000
0.967444 0.253085 0.000000 161.723280 -0.253085 0.967444 0.000000 -23.729766 0.000000 0.000000 1.000000 0.000000
0.967161 0.254163 0.000000 162.243718 -0.254163 0.967161 0.000000 -23.868911 0.000000 0.000000 1.000000 0.000000
0.966484 0.256729 0.000000 163.006018 -0.256729 0.966484 0.000000 -24.094668 0.000000 0.000000 1.000000 0.000000
0.966559 0.256444 0.000000 163.560308 -0.256444 0.966559 0.000000 -24.239962 0.000000 0.000000 1.000000 0.000000
0.966633 0.256164 0.000000 164.082663 -0.256164 0.966633 0.000000 -24.396257 0.000000 0.000000 1.000000 0.000000
0.965844 0.259124 0.000000 164.675178 -0.259124 0.965844 0.000000 -24.583847 0.000000 0.000000 1.000000 0.000000
0.966572 0.256397 0.000000 165.249270 -0.256397 0.966572 0.000000 -24.747224 0.000000 0.000000 1.000000 0.000000
0.967092 0.254426 0.000000 165.879043 -0.254426 0.967092 0.000000 -24.931058 0.000000 0.000000 1.000000 0.000000
0.966267 0.257542 0.000000 166.382296 -0.257542 0.966267 0.000000 -25.047918 0.000000 0.000000 1.000000 0.000000
0.966657 0.256076 0.000000 166.931247 -0.256076 0.966657 0.000000 -25.262087 0.000000 0.000000 1.000000 0.000000
0.965426 0.260677 0.000000 167.480870 -0.260677 0.965426 0.000000 -25.427601 0.000000 0.000000 1.000000 0.000000
0.966648 0.256110 0.000000 168.042318 -0.256110 0.966648 0.000000 -25.663713 0.000000 0.000000 1.000000 0.000000
0.966840 0.255383 0.000000 168.589418 -0.255383 0.966840 0.000000 -25.827243 0.000000 0.000000 1.000000 0.000000
0.966385 0.257098 0.000000 169.124172 -0.257098 0.966385 0.000000 -26.007703 0.000000 0.000000 1.000000 0.000000
0.966486 0.256718 0.000000 169.653882 -0.256718 0.966486 0.000000 -26.191481 0.000000 0.000000 1.000000 0.000000
0.967622 0.252404 0.000000 170.169908 -0.252404 0.967622 0.000000 -26.350461 0.000000 0.000000 1.000000 0.000000
0.967760 0.251874 0.000000 170.751581 -0.251874 0.967760 0.000000 -26.507442 0.000000 0.000000 1.000000 0.000000
0.966812 0.255488 0.000000 171.299961 -0.255488 0.966812 0.000000 -26.718486 0.000000 0.000000 1.000000 0.000000
0.967359 0.253411 0.000000 171.840474 -0.253411 0.967359 0.000000 -26.908028 0.000000 0.000000 1.000000 0.000000
0.967153 0.254193 0.000000 172.307095 -0.254193 0.967153 0.000000 -27.027185 0.000000 0.000000 1.000000 0.000000
0.967072 0.254501 0.000000 172.886194 -0.254501 0.967072 0.000000 -27.203198 0.000000 0.000000 1.000000 0.000000
0.967533 0.252743 0.000000 173.416333 -0.252743 0.967533 0.000000 -27.367013 0.000000 0.000000 1.000000 0.000000
0.967886 0.251390 0.000000 173.928927 -0.251390 0.967886 0.000000 -27.514690 0.000000 0.000000 1.000000 0.000000
0.967685 0.252162 0.000000 174.539486 -0.252162 0.967685 0.000000 -27.662907 0.000000 0.000000 1.000000 0.000000
0.967734 0.251974 0.000000 175.073698 -0.251974 0.967734 0.000000 -27.780872 0.000000 0.000000 1.000000 0.000000
0.966503 0.256654 0.000000 175.594819 -0.256654 0.966503 0.000000 -27.925073 0.000000 0.000000 1.000000 0.000000
0.967449 0.253065 0.000000 176.083394 -0.253065 0.967449 0.000000 -28.059133 0.000000 0.000000 1.000000 0.000000
0.967859 0.251493 0.000000 176.617285 -0.251493 0.967859 0.000000 -28.203742 0.000000 0.000000 1.000000 0.000000
0.968136 0.250426 0.000000 177.098147 -0.250426 0.968136 0.000000 -28.342754 0.000000 0.000000 1.000000 0.000000
0.967998 0.250957 0.000000 177.549031 -0.250957 0.967998 0.000000 -28.487890 0.000000 0.000000 1.000000 0.000000
0.967751 0.251909 0.000000 178.100705 -0.251909 0.967751 0.000000 -28.660692 0.000000 0.000000 1.000000 0.000000
0.968300 0.249789 0.000000 178.560216 -0.249789 0.968300 0.000000 -28.814037 0.000000 0.000000 1.000000 0.000000
0.968743 0.248065 0.000000 179.074147 -0.248065 0.968743 0.000000 -28.956744 0.000000 0.000000 1.000000 0.000000
0.967954 0.251128 0.000000 179.590957 -0.251128 0.967954 0.000000 -29.126630 0.000000 0.000000 1.000000 0.000000
0.968023 0.250861 0.000000 180.100280 -0.250861 0.968023 0.000000 -29.229129 0.000000 0.000000 1.000000 0.000000
0.968466 0.249147 0.000000 180.599173 -0.249147 0.968466 0.000000 -29.379294 0.000000 0.000000 1.000000 0.000000
0.967731 0.251987 0.000000 181.136015 -0.251987 0.967731 0.000000 -29.552562 0.000000 0.000000 1.000000 0.000000
0.968035 0.250817 0.000000 181.680528 -0.250817 0.968035 0.000000 -29.679004 0.000000 0.000000 1.000000 0.000000
0.969320 0.245802 0.000000 182.194432 -0.245802 0.969320 0.000000 -29.761259 0.000000 0.000000 1.000000 0.000000
0.968518 0.248945 0.000000 182.731548 -0.248945 0.968518 0.000000 -29.875248 0.000000 0.000000 1.000000 0.000000
0.969575 0.244794 0.000000 183.246104 -0.244794 0.969575 0.000000 -30.014475 0.000000 0.000000 1.000000 0.000000
0.969842 0.243733 0.000000 183.698395 -0.243733 0.969842 0.000000 -30.119653 0.000000 0.000000 1.000000 0.000000
0.969226 0.246173 0.000000 184.207657 -0.246173 0.969226 0.000000 -30.254636 0.000000 0.000000 1.000000 0.000000
0.969580 0.244773 0.000000 184.665876 -0.244773 0.969580 0.000000 -30.327594 0.000000 0.000000 1.000000 0.000000
0.969633 0.244563 0.000000 185.188609 -0.244563 0.969633 0.000000 -30.458555 0.000000 0.000000 1.000000 0.000000
0.969496 0.245107 0.000000 185.742881 -0.245107 0.969496 0.000000 -30.606254 0.000000 0.000000 1.000000 0.000000
0.969216 0.246213 0.000000 186.448099 -0.246213 0.969216 0.000000 -30.826361 0.000000 0.000000 1.000000 0.000000
0.969335 0.245744 0.000000 186.993653 -0.245744 0.969335 0.000000 -30.954390 0.000000 0.000000 1.000000 0.000000
0.969210 0.246236 0.000000 187.552654 -0.246236 0.969210 0.000000 -31.081560 0.000000 0.000000 1.000000 0.000000
0.969808 0.243871 0.000000 188.136343 -0.243871 0.969808 0.000000 -31.199353 0.000000 0.000000 1.000000 0.000000
0.969853 0.243690 0.000000 188.718694 -0.243690 0.969853 0.000000 -31.322443 0.000000 0.000000 1.000000 0.000000
0.970176 0.242403 0.000000 189.192431 -0.242403 0.970176 0.000000 -31.430314 0.000000 0.000000 1.000000 0.000000
0.970836 0.239743 0.000000 189.710559 -0.239743 0.970836 0.000000 -31.535599 0.000000 0.000000 1.000000 0.000000
0.970572 0.240811 0.000000 190.312868 -0.240811 0.970572 0.000000 -31.718673 0.000000 0.000000 1.000000 0.000000
0.970672 0.240408 0.000000 190.780256 -0.240408 0.970672 0.000000 -31.787966 0.000000 0.000000 1.000000 0.000000
0.970602 0.240689 0.000000 191.662427 -0.240689 0.970602 0.000000 -32.019501 0.000000 0.000000 1.000000 0.000000
0.970586 0.240756 0.000000 192.238118 -0.240756 0.970586 0.000000 -32.149012 0.000000 0.000000 1.000000 0.000000
0.970648 0.240505 0.000000 192.943099 -0.240505 0.970648 0.000000 -32.313467 0.000000 0.000000 1.000000 0.000000
0.970469 0.241227 0.000000 193.669985 -0.241227 0.970469 0.000000 -32.469258 0.000000 0.000000 1.000000 0.000000
0.970193 0.242335 0.000000 194.619909 -0.242335 0.970193 0.000000 -32.685352 0.000000 0.000000 1.000000 0.000000
0.970458 0.241270 0.000000 195.103188 -0.241270 0.970458 0.000000 -32.840866 0.000000 0.000000 1.000000 0.000000
0.970758 0.240060 0.000000 195.667726 -0.240060 0.970758 0.000000 -33.020396 0.000000 0.000000 1.000000 0.000000
0.970482 0.241173 0.000000 196.198350 -0.241173 0.970482 0.000000 -33.180409 0.000000 0.000000 1.000000 0.000000
0.970064 0.242848 0.000000 196.651660 -0.242848 0.970064 0.000000 -33.312251 0.000000 0.000000 1.000000 0.000000
0.970769 0.240014 0.000000 197.182814 -0.240014 0.970769 0.000000 -33.450968 0.000000 0.000000 1.000000 0.000000
0.970201 0.242302 0.000000 197.649310 -0.242302 0.970201 0.000000 -33.567767 0.000000 0.000000 1.000000 0.000000
0.970243 0.242132 0.000000 198.404498 -0.242132 0.970243 0.000000 -33.746732 0.000000 0.000000 1.000000 0.000000
0.970629 0.240582 0.000000 198.917464 -0.240582 0.970629 0.000000 -33.883821 0.000000 0.000000 1.000000 0.000000
0.970265 0.242046 0.000000 199.444143 -0.242046 0.970265 0.000000 -34.049478 0.000000 0.000000 1.000000 0.000000
0.969871 0.243618 0.000000 199.987099 -0.243618 0.969871 0.000000 -34.194431 0.000000 0.000000 1.000000 0.000000
0.970482 0.241174 0.000000 200.577704 -0.241174 0.970482 0.000000 -34.352368 0.000000 0.000000 1.000000 0.000000
0.970682 0.240366 0.000000 201.060853 -0.240366 0.970682 0.000000 -34.426167 0.000000 0.000000 1.000000 0.000000
