0.999998 -0.002158 0.000000 0.624369 0.002158 0.999998 0.000000 -0.016413 0.000000 0.000000 1.000000 0.000000
0.999999 0.001183 0.000000 1.243283 -0.001183 0.999999 0.000000 -0.047358 0.000000 0.000000 1.000000 0.000000
0.999997 0.002297 0.000000 2.071385 -0.002297 0.999997 0.000000 -0.054986 0.000000 0.000000 1.000000 0.000000
1.000000 0.000613 0.000000 2.644487 -0.000613 1.000000 0.000000 -0.064278 0.000000 0.000000 1.000000 0.000000
0.999997 0.002612 0.000000 3.269871 -0.002612 0.999997 0.000000 -0.076602 0.000000 0.000000 1.000000 0.000000
1.000000 -0.000199 0.000000 4.208973 0.000199 1.000000 0.000000 -0.095979 0.000000 0.000000 1.000000 0.000000
0.999992 -0.003907 0.000000 4.835446 0.003907 0.999992 0.000000 -0.120884 0.000000 0.000000 1.000000 0.000000
0.999992 -0.004120 0.000000 5.458849 0.004120 0.999992 0.000000 -0.116612 0.000000 0.000000 1.000000 0.000000
0.999976 -0.006936 0.000000 6.101044 0.006936 0.999976 0.000000 -0.140801 0.000000 0.000000 1.000000 0.000000
1.000000 -0.000236 0.000000 7.353177 0.000236 1.000000 0.000000 -0.162079 0.000000 0.000000 1.000000 0.000000
0.999998 -0.001777 0.000000 7.981500 0.001777 0.999998 0.000000 -0.181014 0.000000 0.000000 1.000000 0.000000
0.999966 -0.008296 0.000000 8.611872 0.008296 0.999966 0.000000 -0.176130 0.000000 0.000000 1.000000 0.000000
0.999973 -0.007327 0.000000 9.243650 0.007327 0.999973 0.000000 -0.183579 0.000000 0.000000 1.000000 0.000000
0.999964 -0.008519 0.000000 9.895540 0.008519 0.999964 0.000000 -0.204031 0.000000 0.000000 1.000000 0.000000
0.999962 -0.008764 0.000000 10.521517 0.008764 0.999962 0.000000 -0.229479 0.000000 0.000000 1.000000 0.000000
0.999959 -0.009086 0.000000 11.132936 0.009086 0.999959 0.000000 -0.243427 0.000000 0.000000 1.000000 0.000000
0.999958 -0.009133 0.000000 11.750530 0.009133 0.999958 0.000000 -0.244266 0.000000 0.000000 1.000000 0.000000
0.999934 -0.011509 0.000000 12.373974 0.011509 0.999934 0.000000 -0.247018 0.000000 0.000000 1.000000 0.000000
0.999913 -0.013214 0.000000 12.979746 0.013214 0.999913 0.000000 -0.244861 0.000000 0.000000 1.000000 0.000000
0.999930 -0.011862 0.000000 13.609675 0.011862 0.999930 0.000000 -0.266430 0.000000 0.000000 1.000000 0.000000
0.999913 -0.013200 0.000000 14.223385 0.013200 0.999913 0.000000 -0.290260 0.000000 0.000000 1.000000 0.000000
0.999922 -0.012474 0.000000 14.872138 0.012474 0.999922 0.000000 -0.288155 0.000000 0.000000 1.000000 0.000000
0.999906 -0.013709 0.000000 15.460332 0.013709 0.999906 0.000000 -0.294904 0.000000 0.000000 1.000000 0.000000
0.999905 -0.013758 0.000000 16.083563 0.013758 0.999905 0.000000 -0.290626 0.000000 0.000000 1.000000 0.000000
0.999917 -0.012896 0.000000 16.709880 0.012896 0.999917 0.000000 -0.302863 0.000000 0.000000 1.000000 0.000000
0.999845 -0.017581 0.000000 17.362972 0.017581 0.999845 0.000000 -0.318107 0.000000 0.000000 1.000000 0.000000
0.999824 -0.018745 0.000000 17.993770 0.018745 0.999824 0.000000 -0.311526 0.000000 0.000000 1.000000 0.000000
0.999677 -0.025425 0.000000 18.625126 0.025425 0.999677 0.000000 -0.329759 0.000000 0.000000 1.000000 0.000000
0.999674 -0.025545 0.000000 19.252614 0.025545 0.999674 0.000000 -0.317994 0.000000 0.000000 1.000000 0.000000
0.999755 -0.022146 0.000000 19.879021 0.022146 0.999755 0.000000 -0.319306 0.000000 0.000000 1.000000 0.000000
0.999690 -0.024909 0.000000 20.513267 0.024909 0.999690 0.000000 -0.322765 0.000000 0.000000 1.000000 0.000000
0.999687 -0.025038 0.000000 21.116892 0.025038 0.999687 0.000000 -0.308147 0.000000 0.000000 1.000000 0.000000
0.999674 -0.025536 0.000000 21.736371 0.025536 0.999674 0.000000 -0.308530 0.000000 0.000000 1.000000 0.000000
0.999681 -0.025276 0.000000 22.354772 0.025276 0.999681 0.000000 -0.309094 0.000000 0.000000 1.000000 0.000000
0.999700 -0.024492 0.000000 22.922040 0.024492 0.999700 0.000000 -0.310724 0.000000 0.000000 1.000000 0.000000
0.999626 -0.027335 0.000000 23.565212 0.027335 0.999626 0.000000 -0.319113 0.000000 0.000000 1.000000 0.000000
0.999563 -0.029573 0.000000 24.171575 0.029573 0.999563 0.000000 -0.300097 0.000000 0.000000 1.000000 0.000000
0.999514 -0.031172 0.000000 24.754883 0.031172 0.999514 0.000000 -0.314097 0.000000 0.000000 1.000000 0.000000
0.999514 -0.031169 0.000000 25.363098 0.031169 0.999514 0.000000 -0.320474 0.000000 0.000000 1.000000 0.000000
0.999528 -0.030720 0.000000 25.995190 0.030720 0.999528 0.000000 -0.321860 0.000000 0.000000 1.000000 0.000000
0.999536 -0.030463 0.000000 26.599169 0.030463 0.999536 0.000000 -0.323390 0.000000 0.000000 1.000000 0.000000
0.999583 -0.028868 0.000000 27.193328 0.028868 0.999583 0.000000 -0.301343 0.000000 0.000000 1.000000 0.000000
0.999697 -0.024597 0.000000 27.812367 0.024597 0.999697 0.000000 -0.301808 0.000000 0.000000 1.000000 0.000000
0.999737 -0.022924 0.000000 28.402451 0.022924 0.999737 0.000000 -0.291871 0.000000 0.000000 1.000000 0.000000
0.999757 -0.022049 0.000000 29.013821 0.022049 0.999757 0.000000 -0.286662 0.000000 0.000000 1.000000 0.000000
0.999736 -0.022983 0.000000 29.643321 0.022983 0.999736 0.000000 -0.274211 0.000000 0.000000 1.000000 0.000000
0.999726 -0.023407 0.000000 30.462336 0.023407 0.999726 0.000000 -0.287239 0.000000 0.000000 1.000000 0.000000
0.999780 -0.020994 0.000000 31.093115 0.020994 0.999780 0.000000 -0.278628 0.000000 0.000000 1.000000 0.000000
0.999812 -0.019378 0.000000 31.746031 0.019378 0.999812 0.000000 -0.260228 0.000000 0.000000 1.000000 0.000000
0.999840 -0.017869 0.000000 32.359387 0.017869 0.999840 0.000000 -0.254549 0.000000 0.000000 1.000000 0.000000
0.999886 -0.015091 0.000000 32.988231 0.015091 0.999886 0.000000 -0.254605 0.000000 0.000000 1.000000 0.000000
0.999866 -0.016358 0.000000 33.635034 0.016358 0.999866 0.000000 -0.263810 0.000000 0.000000 1.000000 0.000000
0.999922 -0.012494 0.000000 34.265034 0.012494 0.999922 0.000000 -0.253798 0.000000 0.000000 1.000000 0.000000
0.999946 -0.010437 0.000000 34.894779 0.010437 0.999946 0.000000 -0.270144 0.000000 0.000000 1.000000 0.000000
0.999978 -0.006581 0.000000 35.515703 0.006581 0.999978 0.000000 -0.287596 0.000000 0.000000 1.000000 0.000000
0.999971 -0.007594 0.000000 36.155936 0.007594 0.999971 0.000000 -0.292671 0.000000 0.000000 1.000000 0.000000
0.999994 -0.003332 0.000000 36.791804 0.003332 0.999994 0.000000 -0.290803 0.000000 0.000000 1.000000 0.000000
0.999990 -0.004441 0.000000 37.436892 0.004441 0.999990 0.000000 -0.293886 0.000000 0.000000 1.000000 0.000000
0.999997 -0.002511 0.000000 38.073045 0.002511 0.999997 0.000000 -0.296077 0.000000 0.000000 1.000000 0.000000
1.000000 -0.000858 0.000000 38.702703 0.000858 1.000000 0.000000 -0.303797 0.000000 0.000000 1.000000 0.000000
0.999998 -0.001745 0.000000 39.281946 0.001745 0.999998 0.000000 -0.325473 0.000000 0.000000 1.000000 0.000000
1.000000 -0.000153 0.000000 39.922094 0.000153 1.000000 0.000000 -0.325745 0.000000 0.000000 1.000000 0.000000
0.999992 0.004106 0.000000 40.551263 -0.004106 0.999992 0.000000 -0.345918 0.000000 0.000000 1.000000 0.000000
0.999992 0.003877 0.000000 41.179920 -0.003877 0.999992 0.000000 -0.354397 0.000000 0.000000 1.000000 0.000000
0.999995 0.003125 0.000000 41.814900 -0.003125 0.999995 0.000000 -0.366506 0.000000 0.000000 1.000000 0.000000
0.999991 0.004182 0.000000 42.455140 -0.004182 0.999991 0.000000 -0.380380 0.000000 0.000000 1.000000 0.000000
0.999986 0.005233 0.000000 43.104149 -0.005233 0.999986 0.000000 -0.389160 0.000000 0.000000 1.000000 0.000000
0.999988 0.004969 0.000000 43.753890 -0.004969 0.999988 0.000000 -0.402644 0.000000 0.000000 1.000000 0.000000
0.999983 0.005807 0.000000 44.405578 -0.005807 0.999983 0.000000 -0.409285 0.000000 0.000000 1.000000 0.000000
0.999963 0.008617 0.000000 45.051065 -0.008617 0.999963 0.000000 -0.420865 0.000000 0.000000 1.000000 0.000000
0.999960 0.008975 0.000000 45.686613 -0.008975 0.999960 0.000000 -0.420374 0.000000 0.000000 1.000000 0.000000
0.999971 0.007605 0.000000 46.266759 -0.007605 0.999971 0.000000 -0.436770 0.000000 0.000000 1.000000 0.000000
0.999959 0.009004 0.000000 46.915211 -0.009004 0.999959 0.000000 -0.460281 0.000000 0.000000 1.000000 0.000000
0.999981 0.006176 0.000000 47.557915 -0.006176 0.999981 0.000000 -0.499314 0.000000 0.000000 1.000000 0.000000
0.999953 0.009668 0.000000 48.212459 -0.009668 0.999953 0.000000 -0.518273 0.000000 0.000000 1.000000 0.000000
0.999980 0.006304 0.000000 48.868325 -0.006304 0.999980 0.000000 -0.533772 0.000000 0.000000 1.000000 0.000000
0.999990 0.004425 0.000000 49.521357 -0.004425 0.999990 0.000000 -0.562221 0.000000 0.000000 1.000000 0.000000
0.999986 0.005224 0.000000 50.141345 -0.005224 0.999986 0.000000 -0.565501 0.000000 0.000000 1.000000 0.000000
0.999980 0.006365 0.000000 50.793345 -0.006365 0.999980 0.000000 -0.568261 0.000000 0.000000 1.000000 0.000000
0.999956 0.009332 0.000000 51.436265 -0.009332 0.999956 0.000000 -0.580770 0.000000 0.000000 1.000000 0.000000
0.999945 0.010460 0.000000 52.104495 -0.010460 0.999945 0.000000 -0.604714 0.000000 0.000000 1.000000 0.000000
0.999936 0.011295 0.000000 52.752627 -0.011295 0.999936 0.000000 -0.622141 0.000000 0.000000 1.000000 0.000000
0.999980 0.006326 0.000000 53.424557 -0.006326 0.999980 0.000000 -0.637338 0.000000 0.000000 1.000000 0.000000
0.999950 0.010007 0.000000 54.452775 -0.010007 0.999950 0.000000 -0.682116 0.000000 0.000000 1.000000 0.000000
0.999956 0.009399 0.000000 55.122281 -0.009399 0.999956 0.000000 -0.715056 0.000000 0.000000 1.000000 0.000000
0.999963 0.008554 0.000000 55.765182 -0.008554 0.999963 0.000000 -0.714808 0.000000 0.000000 1.000000 0.000000
0.999964 0.008499 0.000000 56.422699 -0.008499 0.999964 0.000000 -0.734805 0.000000 0.000000 1.000000 0.000000
0.999964 0.008493 0.000000 57.090261 -0.008493 0.999964 0.000000 -0.757279 0.000000 0.000000 1.000000 0.000000
0.999960 0.008984 0.000000 57.743386 -0.008984 0.999960 0.000000 -0.775426 0.000000 0.000000 1.000000 0.000000
0.999978 0.006679 0.000000 58.394371 -0.006679 0.999978 0.000000 -0.792104 0.000000 0.000000 1.000000 0.000000
0.999974 0.007183 0.000000 59.038353 -0.007183 0.999974 0.000000 -0.811303 0.000000 0.000000 1.000000 0.000000
0.999982 0.005990 0.000000 60.372923 -0.005990 0.999982 0.000000 -0.833145 0.000000 0.000000 1.000000 0.000000
0.999987 0.005038 0.000000 61.035524 -0.005038 0.999987 0.000000 -0.853637 0.000000 0.000000 1.000000 0.000000
0.999999 0.001478 0.000000 61.672989 -0.001478 0.999999 0.000000 -0.875040 0.000000 0.000000 1.000000 0.000000
0.999999 0.001208 0.000000 62.324433 -0.001208 0.999999 0.000000 -0.898507 0.000000 0.000000 1.000000 0.000000
0.999997 0.002466 0.000000 62.958308 -0.002466 0.999997 0.000000 -0.921484 0.000000 0.000000 1.000000 0.000000
0.999994 0.003458 0.000000 63.614417 -0.003458 0.999994 0.000000 -0.933402 0.000000 0.000000 1.000000 0.000000
0.999998 0.001900 0.000000 64.248857 -0.001900 0.999998 0.000000 -0.941934 0.000000 0.000000 1.000000 0.000000
0.999994 0.003489 0.000000 64.844811 -0.003489 0.999994 0.000000 -0.948209 0.000000 0.000000 1.000000 0.000000
0.999987 0.005089 0.000000 65.478459 -0.005089 0.999987 0.000000 -0.975734 0.000000 0.000000 1.000000 0.000000
0.999986 0.005248 0.000000 66.078703 -0.005248 0.999986 0.000000 -0.996973 0.000000 0.000000 1.000000 0.000000
0.999981 0.006122 0.000000 66.695338 -0.006122 0.999981 0.000000 -1.018237 0.000000 0.000000 1.000000 0.000000
0.999981 0.006086 0.000000 67.325191 -0.006086 0.999981 0.000000 -1.022120 0.000000 0.000000 1.000000 0.000000
0.999985 0.005558 0.000000 67.915246 -0.005558 0.999985 0.000000 -1.047870 0.000000 0.000000 1.000000 0.000000
0.999984 0.005579 0.000000 68.537767 -0.005579 0.999984 0.000000 -1.071220 0.000000 0.000000 1.000000 0.000000
0.999993 0.003785 0.000000 69.157773 -0.003785 0.999993 0.000000 -1.107402 0.000000 0.000000 1.000000 0.000000
0.999991 0.004264 0.000000 69.717940 -0.004264 0.999991 0.000000 -1.121584 0.000000 0.000000 1.000000 0.000000
0.999993 0.003609 0.000000 70.335927 -0.003609 0.999993 0.000000 -1.145560 0.000000 0.000000 1.000000 0.000000
0.999991 0.004292 0.000000 70.916951 -0.004292 0.999991 0.000000 -1.154685 0.000000 0.000000 1.000000 0.000000
0.999967 0.008176 0.000000 71.529385 -0.008176 0.999967 0.000000 -1.169137 0.000000 0.000000 1.000000 0.000000
0.999967 0.008167 0.000000 72.142329 -0.008167 0.999967 0.000000 -1.185222 0.000000 0.000000 1.000000 0.000000
0.999964 0.008431 0.000000 72.990249 -0.008431 0.999964 0.000000 -1.211380 0.000000 0.000000 1.000000 0.000000
0.999958 0.009186 0.000000 73.594518 -0.009186 0.999958 0.000000 -1.243295 0.000000 0.000000 1.000000 0.000000
0.999937 0.011244 0.000000 74.205399 -0.011244 0.999937 0.000000 -1.274284 0.000000 0.000000 1.000000 0.000000
0.999974 0.007194 0.000000 74.814210 -0.007194 0.999974 0.000000 -1.284020 0.000000 0.000000 1.000000 0.000000
0.999968 0.007976 0.000000 75.411807 -0.007976 0.999968 0.000000 -1.277609 0.000000 0.000000 1.000000 0.000000
0.999988 0.004912 0.000000 76.016127 -0.004912 0.999988 0.000000 -1.300159 0.000000 0.000000 1.000000 0.000000
0.999993 0.003816 0.000000 76.650887 -0.003816 0.999993 0.000000 -1.322024 0.000000 0.000000 1.000000 0.000000
0.999989 0.004773 0.000000 77.240546 -0.004773 0.999989 0.000000 -1.347136 0.000000 0.000000 1.000000 0.000000
0.999992 0.004096 0.000000 77.840008 -0.004096 0.999992 0.000000 -1.383504 0.000000 0.000000 1.000000 0.000000
0.999969 0.007928 0.000000 79.021836 -0.007928 0.999969 0.000000 -1.416996 0.000000 0.000000 1.000000 0.000000
0.999980 0.006308 0.000000 79.606886 -0.006308 0.999980 0.000000 -1.425916 0.000000 0.000000 1.000000 0.000000
0.999971 0.007569 0.000000 80.193749 -0.007569 0.999971 0.000000 -1.454935 0.000000 0.000000 1.000000 0.000000
0.999951 0.009910 0.000000 80.772394 -0.009910 0.999951 0.000000 -1.494470 0.000000 0.000000 1.000000 0.000000
0.999955 0.009521 0.000000 81.357577 -0.009521 0.999955 0.000000 -1.513732 0.000000 0.000000 1.000000 0.000000
0.999935 0.011363 0.000000 81.929247 -0.011363 0.999935 0.000000 -1.519565 0.000000 0.000000 1.000000 0.000000
0.999943 0.010694 0.000000 82.492261 -0.010694 0.999943 0.000000 -1.532951 0.000000 0.000000 1.000000 0.000000
0.999965 0.008401 0.000000 83.060585 -0.008401 0.999965 0.000000 -1.533310 0.000000 0.000000 1.000000 0.000000
0.999968 0.008009 0.000000 83.623383 -0.008009 0.999968 0.000000 -1.552745 0.000000 0.000000 1.000000 0.000000
0.999958 0.009112 0.000000 84.194882 -0.009112 0.999958 0.000000 -1.571037 0.000000 0.000000 1.000000 0.000000
0.999957 0.009235 0.000000 84.759735 -0.009235 0.999957 0.000000 -1.601386 0.000000 0.000000 1.000000 0.000000
0.999957 0.009225 0.000000 85.297385 -0.009225 0.999957 0.000000 -1.616825 0.000000 0.000000 1.000000 0.000000
0.999954 0.009576 0.000000 85.833173 -0.009576 0.999954 0.000000 -1.638349 0.000000 0.000000 1.000000 0.000000
0.999931 0.011707 0.000000 86.347965 -0.011707 0.999931 0.000000 -1.674587 0.000000 0.000000 1.000000 0.000000
0.999915 0.013072 0.000000 86.876376 -0.013072 0.999915 0.000000 -1.685255 0.000000 0.000000 1.000000 0.000000
0.999884 0.015243 0.000000 87.408177 -0.015243 0.999884 0.000000 -1.699120 0.000000 0.000000 1.000000 0.000000
0.999840 0.017908 0.000000 87.913272 -0.017908 0.999840 0.000000 -1.710181 0.000000 0.000000 1.000000 0.000000
0.999852 0.017226 0.000000 88.446956 -0.017226 0.999852 0.000000 -1.748951 0.000000 0.000000 1.000000 0.000000
0.999860 0.016740 0.000000 88.974537 -0.016740 0.999860 0.000000 -1.784276 0.000000 0.000000 1.000000 0.000000
0.999856 0.016959 0.000000 89.448418 -0.016959 0.999856 0.000000 -1.803535 0.000000 0.000000 1.000000 0.000000
0.999840 0.017869 0.000000 89.984037 -0.017869 0.999840 0.000000 -1.815845 0.000000 0.000000 1.000000 0.000000
0.999794 0.020312 0.000000 90.502734 -0.020312 0.999794 0.000000 -1.845839 0.000000 0.000000 1.000000 0.000000
0.999814 0.019264 0.000000 90.994724 -0.019264 0.999814 0.000000 -1.857838 0.000000 0.000000 1.000000 0.000000
0.999803 0.019830 0.000000 91.533658 -0.019830 0.999803 0.000000 -1.873693 0.000000 0.000000 1.000000 0.000000
0.999777 0.021135 0.000000 92.066819 -0.021135 0.999777 0.000000 -1.887359 0.000000 0.000000 1.000000 0.000000
0.999737 0.022914 0.000000 92.546910 -0.022914 0.999737 0.000000 -1.910211 0.000000 0.000000 1.000000 0.000000
0.999726 0.023396 0.000000 93.062287 -0.023396 0.999726 0.000000 -1.943249 0.000000 0.000000 1.000000 0.000000
0.999721 0.023626 0.000000 93.523742 -0.023626 0.999721 0.000000 -1.979249 0.000000 0.000000 1.000000 0.000000
0.999664 0.025925 0.000000 94.036093 -0.025925 0.999664 0.000000 -2.011496 0.000000 0.000000 1.000000 0.000000
0.999666 0.025842 0.000000 94.712885 -0.025842 0.999666 0.000000 -2.064851 0.000000 0.000000 1.000000 0.000000
0.999679 0.025325 0.000000 95.235897 -0.025325 0.999679 0.000000 -2.095150 0.000000 0.000000 1.000000 0.000000
0.999666 0.025833 0.000000 95.743223 -0.025833 0.999666 0.000000 -2.117617 0.000000 0.000000 1.000000 0.000000
0.999638 0.026919 0.000000 96.253076 -0.026919 0.999638 0.000000 -2.141468 0.000000 0.000000 1.000000 0.000000
0.999663 0.025957 0.000000 96.744010 -0.025957 0.999663 0.000000 -2.154605 0.000000 0.000000 1.000000 0.000000
0.999709 0.024126 0.000000 97.220193 -0.024126 0.999709 0.000000 -2.177797 0.000000 0.000000 1.000000 0.000000
0.999709 0.024118 0.000000 97.687076 -0.024118 0.999709 0.000000 -2.221146 0.000000 0.000000 1.000000 0.000000
0.999560 0.029654 0.000000 98.650194 -0.029654 0.999560 0.000000 -2.283940 0.000000 0.000000 1.000000 0.000000
0.999483 0.032144 0.000000 99.132100 -0.032144 0.999483 0.000000 -2.321762 0.000000 0.000000 1.000000 0.000000
0.999448 0.033213 0.000000 99.624900 -0.033213 0.999448 0.000000 -2.352121 0.000000 0.000000 1.000000 0.000000
0.999340 0.036323 0.000000 100.106152 -0.036323 0.999340 0.000000 -2.387952 0.000000 0.000000 1.000000 0.000000
0.999315 0.037013 0.000000 100.594087 -0.037013 0.999315 0.000000 -2.427784 0.000000 0.000000 1.000000 0.000000
0.999219 0.039510 0.000000 101.073750 -0.039510 0.999219 0.000000 -2.462233 0.000000 0.000000 1.000000 0.000000
0.999164 0.040883 0.000000 101.544910 -0.040883 0.999164 0.000000 -2.501644 0.000000 0.000000 1.000000 0.000000
0.999018 0.044313 0.000000 101.995496 -0.044313 0.999018 0.000000 -2.540076 0.000000 0.000000 1.000000 0.000000
0.998769 0.049601 0.000000 102.460980 -0.049601 0.998769 0.000000 -2.579904 0.000000 0.000000 1.000000 0.000000
0.998661 0.051726 0.000000 102.935464 -0.051726 0.998661 0.000000 -2.618790 0.000000 0.000000 1.000000 0.000000
0.998548 0.053861 0.000000 103.370333 -0.053861 0.998548 0.000000 -2.641955 0.000000 0.000000 1.000000 0.000000
0.998458 0.055515 0.000000 103.825452 -0.055515 0.998458 0.000000 -2.681453 0.000000 0.000000 1.000000 0.000000
0.998398 0.056585 0.000000 104.262435 -0.056585 0.998398 0.000000 -2.736403 0.000000 0.000000 1.000000 0.000000
0.998380 0.056905 0.000000 104.700997 -0.056905 0.998380 0.000000 -2.802740 0.000000 0.000000 1.000000 0.000000
0.998161 0.060611 0.000000 105.108866 -0.060611 0.998161 0.000000 -2.843698 0.000000 0.000000 1.000000 0.000000
0.998052 0.062390 0.000000 105.567599 -0.062390 0.998052 0.000000 -2.862279 0.000000 0.000000 1.000000 0.000000
0.997617 0.068998 0.000000 106.009672 -0.068998 0.997617 0.000000 -2.909973 0.000000 0.000000 1.000000 0.000000
0.997290 0.073573 0.000000 106.414884 -0.073573 0.997290 0.000000 -2.944145 0.000000 0.000000 1.000000 0.000000
0.997325 0.073090 0.000000 106.815893 -0.073090 0.997325 0.000000 -2.991706 0.000000 0.000000 1.000000 0.000000
0.997431 0.071628 0.000000 107.220366 -0.071628 0.997431 0.000000 -3.074526 0.000000 0.000000 1.000000 0.000000
0.997125 0.075779 0.000000 107.598671 -0.075779 0.997125 0.000000 -3.134989 0.000000 0.000000 1.000000 0.000000
0.997221 0.074507 0.000000 108.003966 -0.074507 0.997221 0.000000 -3.181548 0.000000 0.000000 1.000000 0.000000
0.996783 0.080150 0.000000 108.387676 -0.080150 0.996783 0.000000 -3.229555 0.000000 0.000000 1.000000 0.000000
0.996362 0.085222 0.000000 108.788619 -0.085222 0.996362 0.000000 -3.269153 0.000000 0.000000 1.000000 0.000000
0.996573 0.082719 0.000000 109.195777 -0.082719 0.996573 0.000000 -3.329715 0.000000 0.000000 1.000000 0.000000
0.996323 0.085677 0.000000 109.576510 -0.085677 0.996323 0.000000 -3.374632 0.000000 0.000000 1.000000 0.000000
0.996037 0.088939 0.000000 109.982926 -0.088939 0.996037 0.000000 -3.412771 0.000000 0.000000 1.000000 0.000000
0.995630 0.093384 0.000000 110.385823 -0.093384 0.995630 0.000000 -3.469485 0.000000 0.000000 1.000000 0.000000
0.995214 0.097719 0.000000 110.955947 -0.097719 0.995214 0.000000 -3.537305 0.000000 0.000000 1.000000 0.000000
0.995010 0.099776 0.000000 111.367376 -0.099776 0.995010 0.000000 -3.593186 0.000000 0.000000 1.000000 0.000000
0.994813 0.101718 0.000000 111.775021 -0.101718 0.994813 0.000000 -3.666840 0.000000 0.000000 1.000000 0.000000
0.994615 0.103638 0.000000 112.199065 -0.103638 0.994615 0.000000 -3.721846 0.000000 0.000000 1.000000 0.000000
0.994370 0.105965 0.000000 112.614312 -0.105965 0.994370 0.000000 -3.793287 0.000000 0.000000 1.000000 0.000000
0.994257 0.107021 0.000000 113.050503 -0.107021 0.994257 0.000000 -3.855811 0.000000 0.000000 1.000000 0.000000
0.994286 0.106751 0.000000 113.473494 -0.106751 0.994286 0.000000 -3.919302 0.000000 0.000000 1.000000 0.000000
0.993972 0.109630 0.000000 113.902093 -0.109630 0.993972 0.000000 -3.975806 0.000000 0.000000 1.000000 0.000000
0.992929 0.118708 0.000000 114.652978 -0.118708 0.992929 0.000000 -4.081515 0.000000 0.000000 1.000000 0.000000
0.993081 0.117430 0.000000 115.084167 -0.117430 0.993081 0.000000 -4.143778 0.000000 0.000000 1.000000 0.000000
0.993250 0.115995 0.000000 115.530015 -0.115995 0.993250 0.000000 -4.216945 0.000000 0.000000 1.000000 0.000000
0.993086 0.117391 0.000000 115.963151 -0.117391 0.993086 0.000000 -4.274867 0.000000 0.000000 1.000000 0.000000
0.993157 0.116787 0.000000 116.417588 -0.116787 0.993157 0.000000 -4.317699 0.000000 0.000000 1.000000 0.000000
0.992673 0.120833 0.000000 116.866267 -0.120833 0.992673 0.000000 -4.382666 0.000000 0.000000 1.000000 0.000000
0.992645 0.121060 0.000000 117.303107 -0.121060 0.992645 0.000000 -4.433280 0.000000 0.000000 1.000000 0.000000
0.992749 0.120204 0.000000 117.748506 -0.120204 0.992749 0.000000 -4.499944 0.000000 0.000000 1.000000 0.000000
0.992674 0.120821 0.000000 118.183319 -0.120821 0.992674 0.000000 -4.569809 0.000000 0.000000 1.000000 0.000000
0.992614 0.121317 0.000000 118.624408 -0.121317 0.992614 0.000000 -4.646097 0.000000 0.000000 1.000000 0.000000
0.992120 0.125290 0.000000 119.066145 -0.125290 0.992120 0.000000 -4.715146 0.000000 0.000000 1.000000 0.000000
0.992096 0.125479 0.000000 119.894496 -0.125479 0.992096 0.000000 -4.843192 0.000000 0.000000 1.000000 0.000000
0.992175 0.124853 0.000000 120.360190 -0.124853 0.992175 0.000000 -4.931080 0.000000 0.000000 1.000000 0.000000
0.991735 0.128302 0.000000 120.847272 -0.128302 0.991735 0.000000 -4.988154 0.000000 0.000000 1.000000 0.000000
0.991700 0.128572 0.000000 121.313147 -0.128572 0.991700 0.000000 -5.083204 0.000000 0.000000 1.000000 0.000000
0.991462 0.130400 0.000000 121.783730 -0.130400 0.991462 0.000000 -5.160975 0.000000 0.000000 1.000000 0.000000
0.991272 0.131836 0.000000 122.256859 -0.131836 0.991272 0.000000 -5.244677 0.000000 0.000000 1.000000 0.000000
0.991128 0.132913 0.000000 122.721934 -0.132913 0.991128 0.000000 -5.336489 0.000000 0.000000 1.000000 0.000000
0.990583 0.136911 0.000000 123.202646 -0.136911 0.990583 0.000000 -5.411523 0.000000 0.000000 1.000000 0.000000
0.989966 0.141309 0.000000 123.720095 -0.141309 0.989966 0.000000 -5.497616 0.000000 0.000000 1.000000 0.000000
0.989485 0.144632 0.000000 124.175916 -0.144632 0.989485 0.000000 -5.566705 0.000000 0.000000 1.000000 0.000000
0.989551 0.144183 0.000000 124.683868 -0.144183 0.989551 0.000000 -5.640437 0.000000 0.000000 1.000000 0.000000
0.989266 0.146123 0.000000 125.183107 -0.146123 0.989266 0.000000 -5.726024 0.000000 0.000000 1.000000 0.000000
0.989109 0.147184 0.000000 125.661163 -0.147184 0.989109 0.000000 -5.824713 0.000000 0.000000 1.000000 0.000000
0.989569 0.144058 0.000000 126.130724 -0.144058 0.989569 0.000000 -5.902609 0.000000 0.000000 1.000000 0.000000
0.989145 0.146941 0.000000 126.596220 -0.146941 0.989145 0.000000 -5.987064 0.000000 0.000000 1.000000 0.000000
0.988816 0.149143 0.000000 127.076905 -0.149143 0.988816 0.000000 -6.083358 0.000000 0.000000 1.000000 0.000000
0.988183 0.153280 0.000000 127.549219 -0.153280 0.988183 0.000000 -6.167476 0.000000 0.000000 1.000000 0.000000
0.987083 0.160208 0.000000 128.024048 -0.160208 0.987083 0.000000 -6.226091 0.000000 0.000000 1.000000 0.000000
0.986645 0.162885 0.000000 128.470290 -0.162885 0.986645 0.000000 -6.325566 0.000000 0.000000 1.000000 0.000000
0.986539 0.163525 0.000000 128.942099 -0.163525 0.986539 0.000000 -6.397137 0.000000 0.000000 1.000000 0.000000
0.985876 0.167476 0.000000 129.425168 -0.167476 0.985876 0.000000 -6.501213 0.000000 0.000000 1.000000 0.000000
0.985635 0.168888 0.000000 130.222272 -0.168888 0.985635 0.000000 -6.651939 0.000000 0.000000 1.000000 0.000000
0.985537 0.169462 0.000000 130.699053 -0.169462 0.985537 0.000000 -6.730955 0.000000 0.000000 1.000000 0.000000
0.987348 0.158567 0.000000 131.687313 -0.158567 0.987348 0.000000 -6.932741 0.000000 0.000000 1.000000 0.000000
0.987980 0.154585 0.000000 132.162852 -0.154585 0.987980 0.000000 -7.056091 0.000000 0.000000 1.000000 0.000000
0.988119 0.153694 0.000000 132.681930 -0.153694 0.988119 0.000000 -7.163822 0.000000 0.000000 1.000000 0.000000
0.988057 0.154089 0.000000 133.164415 -0.154089 0.988057 0.000000 -7.250717 0.000000 0.000000 1.000000 0.000000
0.988404 0.151850 0.000000 133.659541 -0.151850 0.988404 0.000000 -7.353060 0.000000 0.000000 1.000000 0.000000
0.987732 0.156161 0.000000 134.176721 -0.156161 0.987732 0.000000 -7.436191 0.000000 0.000000 1.000000 0.000000
0.988820 0.149114 0.000000 134.718834 -0.149114 0.988820 0.000000 -7.532367 0.000000 0.000000 1.000000 0.000000
0.988409 0.151816 0.000000 135.188647 -0.151816 0.988409 0.000000 -7.628290 0.000000 0.000000 1.000000 0.000000
0.988053 0.154116 0.000000 135.705341 -0.154116 0.988053 0.000000 -7.721464 0.000000 0.000000 1.000000 0.000000
0.987966 0.154670 0.000000 136.220126 -0.154670 0.987966 0.000000 -7.813229 0.000000 0.000000 1.000000 0.000000
0.988000 0.154457 0.000000 136.704302 -0.154457 0.988000 0.000000 -7.886462 0.000000 0.000000 1.000000 0.000000
0.988045 0.154168 0.000000 137.216771 -0.154168 0.988045 0.000000 -7.984378 0.000000 0.000000 1.000000 0.000000
0.988163 0.153411 0.000000 137.739588 -0.153411 0.988163 0.000000 -8.091944 0.000000 0.000000 1.000000 0.000000
0.987773 0.155902 0.000000 138.235184 -0.155902 0.987773 0.000000 -8.174275 0.000000 0.000000 1.000000 0.000000
0.988383 0.151982 0.000000 138.773563 -0.151982 0.988383 0.000000 -8.270602 0.000000 0.000000 1.000000 0.000000
0.988046 0.154159 0.000000 139.300241 -0.154159 0.988046 0.000000 -8.388412 0.000000 0.000000 1.000000 0.000000
0.987392 0.158297 0.000000 139.939220 -0.158297 0.987392 0.000000 -8.465007 0.000000 0.000000 1.000000 0.000000
0.987217 0.159380 0.000000 140.507399 -0.159380 0.987217 0.000000 -8.556324 0.000000 0.000000 1.000000 0.000000
0.985839 0.167697 0.000000 141.008771 -0.167697 0.985839 0.000000 -8.648504 0.000000 0.000000 1.000000 0.000000
0.985961 0.166975 0.000000 141.540410 -0.166975 0.985961 0.000000 -8.745054 0.000000 0.000000 1.000000 0.000000
0.985076 0.172121 0.000000 142.091907 -0.172121 0.985076 0.000000 -8.855870 0.000000 0.000000 1.000000 0.000000
0.984689 0.174319 0.000000 142.633193 -0.174319 0.984689 0.000000 -8.950282 0.000000 0.000000 1.000000 0.000000
0.983756 0.179509 0.000000 146.452332 -0.179509 0.983756 0.000000 -9.746525 0.000000 0.000000 1.000000 0.000000
0.983619 0.180257 0.000000 146.977120 -0.180257 0.983619 0.000000 -9.868768 0.000000 0.000000 1.000000 0.000000
0.985992 0.166793 0.000000 148.122103 -0.166793 0.985992 0.000000 -10.158863 0.000000 0.000000 1.000000 0.000000
0.984995 0.172582 0.000000 149.230640 -0.172582 0.984995 0.000000 -10.420181 0.000000 0.000000 1.000000 0.000000
0.984676 0.174397 0.000000 149.792135 -0.174397 0.984676 0.000000 -10.530298 0.000000 0.000000 1.000000 0.000000
0.984629 0.174657 0.000000 150.353523 -0.174657 0.984629 0.000000 -10.644331 0.000000 0.000000 1.000000 0.000000
0.984726 0.174112 0.000000 150.911444 -0.174112 0.984726 0.000000 -10.766348 0.000000 0.000000 1.000000 0.000000
0.985002 0.172541 0.000000 151.467117 -0.172541 0.985002 0.000000 -10.891498 0.000000 0.000000 1.000000 0.000000
0.985577 0.169225 0.000000 152.035075 -0.169225 0.985577 0.000000 -11.016378 0.000000 0.000000 1.000000 0.000000
0.984946 0.172864 0.000000 152.617287 -0.172864 0.984946 0.000000 -11.136161 0.000000 0.000000 1.000000 0.000000
0.984637 0.174615 0.000000 153.190467 -0.174615 0.984637 0.000000 -11.255578 0.000000 0.000000 1.000000 0.000000
0.985083 0.172078 0.000000 153.760995 -0.172078 0.985083 0.000000 -11.383764 0.000000 0.000000 1.000000 0.000000
0.984927 0.172971 0.000000 154.685655 -0.172971 0.984927 0.000000 -11.595355 0.000000 0.000000 1.000000 0.000000
0.984105 0.177588 0.000000 155.280364 -0.177588 0.984105 0.000000 -11.717380 0.000000 0.000000 1.000000 0.000000
0.984398 0.175958 0.000000 155.844070 -0.175958 0.984398 0.000000 -11.870541 0.000000 0.000000 1.000000 0.000000
0.983768 0.179446 0.000000 156.433547 -0.179446 0.983768 0.000000 -11.995485 0.000000 0.000000 1.000000 0.000000
0.982908 0.184096 0.000000 157.051959 -0.184096 0.982908 0.000000 -12.117475 0.000000 0.000000 1.000000 0.000000
0.982439 0.186583 0.000000 157.590721 -0.186583 0.982439 0.000000 -12.236139 0.000000 0.000000 1.000000 0.000000
0.982335 0.187131 0.000000 158.196853 -0.187131 0.982335 0.000000 -12.358458 0.000000 0.000000 1.000000 0.000000
0.982376 0.186917 0.000000 158.763578 -0.186917 0.982376 0.000000 -12.494777 0.000000 0.000000 1.000000 0.000000
0.982343 0.187089 0.000000 159.357620 -0.187089 0.982343 0.000000 -12.602550 0.000000 0.000000 1.000000 0.000000
0.982046 0.188640 0.000000 159.937247 -0.188640 0.982046 0.000000 -12.688494 0.000000 0.000000 1.000000 0.000000
0.981642 0.190731 0.000000 160.504907 -0.190731 0.981642 0.000000 -12.805159 0.000000 0.000000 1.000000 0.000000
0.981986 0.188956 0.000000 161.072942 -0.188956 0.981986 0.000000 -12.937033 0.000000 0.000000 1.000000 0.000000
0.981979 0.188991 0.000000 161.647223 -0.188991 0.981979 0.000000 -13.053239 0.000000 0.000000 1.000000 0.000000
0.981698 0.190446 0.000000 162.216474 -0.190446 0.981698 0.000000 -13.165414 0.000000 0.000000 1.000000 0.000000
0.981887 0.189465 0.000000 162.795360 -0.189465 0.981887 0.000000 -13.291724 0.000000 0.000000 1.000000 0.000000
0.981231 0.192835 0.000000 163.387844 -0.192835 0.981231 0.000000 -13.405453 0.000000 0.000000 1.000000 0.000000
0.980695 0.195541 0.000000 164.514285 -0.195541 0.980695 0.000000 -13.649852 0.000000 0.000000 1.000000 0.000000
0.980446 0.196787 0.000000 165.078218 -0.196787 0.980446 0.000000 -13.753608 0.000000 0.000000 1.000000 0.000000
0.980894 0.194542 0.000000 165.616096 -0.194542 0.980894 0.000000 -13.873305 0.000000 0.000000 1.000000 0.000000
0.979686 0.200537 0.000000 166.192303 -0.200537 0.979686 0.000000 -13.980381 0.000000 0.000000 1.000000 0.000000
0.979206 0.202867 0.000000 166.753404 -0.202867 0.979206 0.000000 -14.095473 0.000000 0.000000 1.000000 0.000000
0.979589 0.201010 0.000000 167.857119 -0.201010 0.979589 0.000000 -14.346340 0.000000 0.000000 1.000000 0.000000
0.979690 0.200517 0.000000 168.401675 -0.200517 0.979690 0.000000 -14.475717 0.000000 0.000000 1.000000 0.000000
0.979478 0.201553 0.000000 168.930258 -0.201553 0.979478 0.000000 -14.609323 0.000000 0.000000 1.000000 0.000000
0.979211 0.202845 0.000000 169.510570 -0.202845 0.979211 0.000000 -14.717389 0.000000 0.000000 1.000000 0.000000
0.979518 0.201359 0.000000 170.087866 -0.201359 0.979518 0.000000 -14.845017 0.000000 0.000000 1.000000 0.000000
0.978948 0.204108 0.000000 170.625463 -0.204108 0.978948 0.000000 -14.960121 0.000000 0.000000 1.000000 0.000000
0.977972 0.208734 0.000000 171.377897 -0.208734 0.977972 0.000000 -15.127124 0.000000 0.000000 1.000000 0.000000
0.977642 0.210277 0.000000 171.932861 -0.210277 0.977642 0.000000 -15.245350 0.000000 0.000000 1.000000 0.000000
0.977260 0.212043 0.000000 172.496023 -0.212043 0.977260 0.000000 -15.357703 0.000000 0.000000 1.000000 0.000000
0.975946 0.218014 0.000000 173.096234 -0.218014 0.975946 0.000000 -15.483418 0.000000 0.000000 1.000000 0.000000
0.976064 0.217485 0.000000 173.616837 -0.217485 0.976064 0.000000 -15.608358 0.000000 0.000000 1.000000 0.000000
0.976597 0.215078 0.000000 174.229561 -0.215078 0.976597 0.000000 -15.750673 0.000000 0.000000 1.000000 0.000000
0.975457 0.220191 0.000000 174.802937 -0.220191 0.975457 0.000000 -15.870928 0.000000 0.000000 1.000000 0.000000
0.975678 0.219208 0.000000 175.364069 -0.219208 0.975678 0.000000 -16.019704 0.000000 0.000000 1.000000 0.000000
0.974280 0.225342 0.000000 175.941785 -0.225342 0.974280 0.000000 -16.131832 0.000000 0.000000 1.000000 0.000000
0.975332 0.220745 0.000000 176.508933 -0.220745 0.975332 0.000000 -16.283811 0.000000 0.000000 1.000000 0.000000
0.975636 0.219394 0.000000 177.090803 -0.219394 0.975636 0.000000 -16.399660 0.000000 0.000000 1.000000 0.000000
0.975414 0.220379 0.000000 177.663511 -0.220379 0.975414 0.000000 -16.553109 0.000000 0.000000 1.000000 0.000000
0.975993 0.217804 0.000000 178.235639 -0.217804 0.975993 0.000000 -16.699865 0.000000 0.000000 1.000000 0.000000
0.977332 0.211713 0.000000 178.819668 -0.211713 0.977332 0.000000 -16.863710 0.000000 0.000000 1.000000 0.000000
0.977867 0.209229 0.000000 179.389882 -0.209229 0.977867 0.000000 -17.029646 0.000000 0.000000 1.000000 0.000000
0.977447 0.211179 0.000000 179.978538 -0.211179 0.977447 0.000000 -17.178516 0.000000 0.000000 1.000000 0.000000
0.977940 0.208885 0.000000 180.564368 -0.208885 0.977940 0.000000 -17.324356 0.000000 0.000000 1.000000 0.000000
0.977395 0.211420 0.000000 181.088747 -0.211420 0.977395 0.000000 -17.440245 0.000000 0.000000 1.000000 0.000000
0.977202 0.212310 0.000000 181.717351 -0.212310 0.977202 0.000000 -17.591705 0.000000 0.000000 1.000000 0.000000
0.977356 0.211601 0.000000 182.255444 -0.211601 0.977356 0.000000 -17.725390 0.000000 0.000000 1.000000 0.000000
0.977354 0.211612 0.000000 182.828912 -0.211612 0.977354 0.000000 -17.864391 0.000000 0.000000 1.000000 0.000000
0.976871 0.213831 0.000000 183.407296 -0.213831 0.976871 0.000000 -18.006161 0.000000 0.000000 1.000000 0.000000
0.976217 0.216795 0.000000 183.986542 -0.216795 0.976217 0.000000 -18.151667 0.000000 0.000000 1.000000 0.000000
0.974492 0.224423 0.000000 184.561254 -0.224423 0.974492 0.000000 -18.291116 0.000000 0.000000 1.000000 0.000000
0.974442 0.224639 0.000000 185.127478 -0.224639 0.974442 0.000000 -18.439164 0.000000 0.000000 1.000000 0.000000
0.974582 0.224031 0.000000 185.679062 -0.224031 0.974582 0.000000 -18.568861 0.000000 0.000000 1.000000 0.000000
0.974552 0.224163 0.000000 186.239189 -0.224163 0.974552 0.000000 -18.708965 0.000000 0.000000 1.000000 0.000000
0.973991 0.226586 0.000000 186.804672 -0.226586 0.973991 0.000000 -18.850320 0.000000 0.000000 1.000000 0.000000
0.973436 0.228958 0.000000 187.390202 -0.228958 0.973436 0.000000 -18.985539 0.000000 0.000000 1.000000 0.000000
0.973860 0.227150 0.000000 187.958744 -0.227150 0.973860 0.000000 -19.126929 0.000000 0.000000 1.000000 0.000000
0.974063 0.226276 0.000000 188.531516 -0.226276 0.974063 0.000000 -19.277530 0.000000 0.000000 1.000000 0.000000
0.973242 0.229781 0.000000 189.094986 -0.229781 0.973242 0.000000 -19.411901 0.000000 0.000000 1.000000 0.000000
0.972860 0.231395 0.000000 189.638582 -0.231395 0.972860 0.000000 -19.525472 0.000000 0.000000 1.000000 0.000000
0.973033 0.230665 0.000000 190.218106 -0.230665 0.973033 0.000000 -19.668523 0.000000 0.000000 1.000000 0.000000
0.971880 0.235475 0.000000 190.796405 -0.235475 0.971880 0.000000 -19.827475 0.000000 0.000000 1.000000 0.000000
0.971789 0.235852 0.000000 191.349484 -0.235852 0.971789 0.000000 -19.962089 0.000000 0.000000 1.000000 0.000000
0.972404 0.233302 0.000000 191.915630 -0.233302 0.972404 0.000000 -20.098524 0.000000 0.000000 1.000000 0.000000
0.971406 0.237424 0.000000 192.478304 -0.237424 0.971406 0.000000 -20.236571 0.000000 0.000000 1.000000 0.000000
0.972242 0.233978 0.000000 193.018555 -0.233978 0.972242 0.000000 -20.379776 0.000000 0.000000 1.000000 0.000000
0.972158 0.234328 0.000000 193.574990 -0.234328 0.972158 0.000000 -20.527722 0.000000 0.000000 1.000000 0.000000
0.971356 0.237628 0.000000 194.132896 -0.237628 0.971356 0.000000 -20.668657 0.000000 0.000000 1.000000 0.000000
0.971160 0.238428 0.000000 194.652577 -0.238428 0.971160 0.000000 -20.800374 0.000000 0.000000 1.000000 0.000000
0.970798 0.239898 0.000000 195.223391 -0.239898 0.970798 0.000000 -20.952129 0.000000 0.000000 1.000000 0.000000
0.970398 0.241510 0.000000 195.798558 -0.241510 0.970398 0.000000 -21.102237 0.000000 0.000000 1.000000 0.000000
0.969788 0.243948 0.000000 196.611977 -0.243948 0.969788 0.000000 -21.339046 0.000000 0.000000 1.000000 0.000000
0.969190 0.246316 0.000000 197.184654 -0.246316 0.969190 0.000000 -21.478812 0.000000 0.000000 1.000000 0.000000
0.968495 0.249033 0.000000 197.735666 -0.249033 0.968495 0.000000 -21.627068 0.000000 0.000000 1.000000 0.000000
0.968730 0.248116 0.000000 198.291066 -0.248116 0.968730 0.000000 -21.755822 0.000000 0.000000 1.000000 0.000000
0.968429 0.249290 0.000000 198.861986 -0.249290 0.968429 0.000000 -21.903532 0.000000 0.000000 1.000000 0.000000
0.968748 0.248047 0.000000 199.414186 -0.248047 0.968748 0.000000 -22.058146 0.000000 0.000000 1.000000 0.000000
0.969554 0.244879 0.000000 199.979974 -0.244879 0.969554 0.000000 -22.214519 0.000000 0.000000 1.000000 0.000000
0.969322 0.245795 0.000000 200.568967 -0.245795 0.969322 0.000000 -22.381004 0.000000 0.000000 1.000000 0.000000
0.969239 0.246121 0.000000 201.069914 -0.246121 0.969239 0.000000 -22.516329 0.000000 0.000000 1.000000 0.000000
0.968916 0.247389 0.000000 202.044527 -0.247389 0.968916 0.000000 -22.796702 0.000000 0.000000 1.000000 0.000000
0.968846 0.247665 0.000000 202.601957 -0.247665 0.968846 0.000000 -22.929517 0.000000 0.000000 1.000000 0.000000
0.968594 0.248648 0.000000 203.318435 -0.248648 0.968594 0.000000 -23.115570 0.000000 0.000000 1.000000 0.000000
0.967992 0.250983 0.000000 204.028210 -0.250983 0.967992 0.000000 -23.304517 0.000000 0.000000 1.000000 0.000000
0.967267 0.253761 0.000000 204.975581 -0.253761 0.967267 0.000000 -23.575691 0.000000 0.000000 1.000000 0.000000
0.967294 0.253656 0.000000 205.520886 -0.253656 0.967294 0.000000 -23.720316 0.000000 0.000000 1.000000 0.000000
0.967654 0.252281 0.000000 206.102315 -0.252281 0.967654 0.000000 -23.872808 0.000000 0.000000 1.000000 0.000000
0.967409 0.253221 0.000000 206.655652 -0.253221 0.967409 0.000000 -24.039683 0.000000 0.000000 1.000000 0.000000
0.967002 0.254770 0.000000 207.183793 -0.254770 0.967002 0.000000 -24.182809 0.000000 0.000000 1.000000 0.000000
0.967964 0.251090 0.000000 207.745451 -0.251090 0.967964 0.000000 -24.349479 0.000000 0.000000 1.000000 0.000000
0.967337 0.253494 0.000000 208.297434 -0.253494 0.967337 0.000000 -24.504737 0.000000 0.000000 1.000000 0.000000
0.967229 0.253905 0.000000 209.086575 -0.253905 0.967229 0.000000 -24.727498 0.000000 0.000000 1.000000 0.000000
0.967725 0.252008 0.000000 209.650843 -0.252008 0.967725 0.000000 -24.877241 0.000000 0.000000 1.000000 0.000000
0.967869 0.251454 0.000000 210.212103 -0.251454 0.967869 0.000000 -25.027249 0.000000 0.000000 1.000000 0.000000
0.967772 0.251827 0.000000 210.772342 -0.251827 0.967772 0.000000 -25.183633 0.000000 0.000000 1.000000 0.000000
0.968779 0.247928 0.000000 211.357272 -0.247928 0.968779 0.000000 -25.359130 0.000000 0.000000 1.000000 0.000000
0.968785 0.247901 0.000000 211.861219 -0.247901 0.968785 0.000000 -25.505483 0.000000 0.000000 1.000000 0.000000
