0.999997 0.002424 0.000000 0.591784 -0.002424 0.999997 0.000000 -0.029757 0.000000 0.000000 1.000000 0.000000
0.999998 0.001906 0.000000 1.185144 -0.001906 0.999998 0.000000 -0.034811 0.000000 0.000000 1.000000 0.000000
0.999993 0.003739 0.000000 1.765266 -0.003739 0.999993 0.000000 -0.045897 0.000000 0.000000 1.000000 0.000000
0.999985 0.005454 0.000000 2.290241 -0.005454 0.999985 0.000000 -0.051818 0.000000 0.000000 1.000000 0.000000
0.999982 0.005944 0.000000 2.882103 -0.005944 0.999982 0.000000 -0.065231 0.000000 0.000000 1.000000 0.000000
0.999988 0.004875 0.000000 3.457041 -0.004875 0.999988 0.000000 -0.076636 0.000000 0.000000 1.000000 0.000000
0.999962 0.008710 0.000000 4.003192 -0.008710 0.999962 0.000000 -0.088317 0.000000 0.000000 1.000000 0.000000
0.999880 0.015464 0.000000 4.586478 -0.015464 0.999880 0.000000 -0.095822 0.000000 0.000000 1.000000 0.000000
0.999821 0.018903 0.000000 5.732756 -0.018903 0.999821 0.000000 -0.136531 0.000000 0.000000 1.000000 0.000000
0.999791 0.020433 0.000000 6.317516 -0.020433 0.999791 0.000000 -0.146285 0.000000 0.000000 1.000000 0.000000
0.999740 0.022784 0.000000 7.117086 -0.022784 0.999740 0.000000 -0.163381 0.000000 0.000000 1.000000 0.000000
0.999719 0.023712 0.000000 7.695282 -0.023712 0.999719 0.000000 -0.175156 0.000000 0.000000 1.000000 0.000000
0.999691 0.024875 0.000000 8.260271 -0.024875 0.999691 0.000000 -0.213439 0.000000 0.000000 1.000000 0.000000
0.999673 0.025555 0.000000 8.854097 -0.025555 0.999673 0.000000 -0.237912 0.000000 0.000000 1.000000 0.000000
0.999642 0.026749 0.000000 9.405728 -0.026749 0.999642 0.000000 -0.301938 0.000000 0.000000 1.000000 0.000000
0.999630 0.027202 0.000000 9.990437 -0.027202 0.999630 0.000000 -0.345451 0.000000 0.000000 1.000000 0.000000
0.999592 0.028577 0.000000 10.534479 -0.028577 0.999592 0.000000 -0.350709 0.000000 0.000000 1.000000 0.000000
0.999583 0.028866 0.000000 11.105662 -0.028866 0.999583 0.000000 -0.376681 0.000000 0.000000 1.000000 0.000000
0.999518 0.031029 0.000000 11.653003 -0.031029 0.999518 0.000000 -0.409122 0.000000 0.000000 1.000000 0.000000
0.999517 0.031090 0.000000 12.229395 -0.031090 0.999517 0.000000 -0.477061 0.000000 0.000000 1.000000 0.000000
0.999456 0.032983 0.000000 12.777698 -0.032983 0.999456 0.000000 -0.493699 0.000000 0.000000 1.000000 0.000000
0.999388 0.034969 0.000000 13.525478 -0.034969 0.999388 0.000000 -0.518887 0.000000 0.000000 1.000000 0.000000
0.999343 0.036240 0.000000 14.162677 -0.036240 0.999343 0.000000 -0.543951 0.000000 0.000000 1.000000 0.000000
0.999324 0.036771 0.000000 14.696539 -0.036771 0.999324 0.000000 -0.548867 0.000000 0.000000 1.000000 0.000000
0.999223 0.039411 0.000000 15.300754 -0.039411 0.999223 0.000000 -0.565670 0.000000 0.000000 1.000000 0.000000
0.999164 0.040870 0.000000 15.872096 -0.040870 0.999164 0.000000 -0.580939 0.000000 0.000000 1.000000 0.000000
0.999133 0.041622 0.000000 16.452628 -0.041622 0.999133 0.000000 -0.615492 0.000000 0.000000 1.000000 0.000000
0.998977 0.045213 0.000000 17.042788 -0.045213 0.998977 0.000000 -0.624658 0.000000 0.000000 1.000000 0.000000
0.998915 0.046567 0.000000 17.625040 -0.046567 0.998915 0.000000 -0.658442 0.000000 0.000000 1.000000 0.000000
0.998786 0.049264 0.000000 18.207864 -0.049264 0.998786 0.000000 -0.659829 0.000000 0.000000 1.000000 0.000000
0.998736 0.050260 0.000000 18.783379 -0.050260 0.998736 0.000000 -0.690082 0.000000 0.000000 1.000000 0.000000
0.998582 0.053230 0.000000 19.379415 -0.053230 0.998582 0.000000 -0.729122 0.000000 0.000000 1.000000 0.000000
0.998442 0.055799 0.000000 19.957027 -0.055799 0.998442 0.000000 -0.750915 0.000000 0.000000 1.000000 0.000000
0.998427 0.056063 0.000000 20.496691 -0.056063 0.998427 0.000000 -0.792812 0.000000 0.000000 1.000000 0.000000
0.998158 0.060676 0.000000 21.067139 -0.060676 0.998158 0.000000 -0.834992 0.000000 0.000000 1.000000 0.000000
0.998055 0.062339 0.000000 22.159780 -0.062339 0.998055 0.000000 -0.913642 0.000000 0.000000 1.000000 0.000000
0.998101 0.061597 0.000000 23.093009 -0.061597 0.998101 0.000000 -0.975815 0.000000 0.000000 1.000000 0.000000
0.998172 0.060429 0.000000 23.667659 -0.060429 0.998172 0.000000 -1.040076 0.000000 0.000000 1.000000 0.000000
0.998039 0.062595 0.000000 24.227438 -0.062595 0.998039 0.000000 -1.095140 0.000000 0.000000 1.000000 0.000000
0.997873 0.065182 0.000000 24.797999 -0.065182 0.997873 0.000000 -1.133687 0.000000 0.000000 1.000000 0.000000
0.998147 0.060844 0.000000 25.362358 -0.060844 0.998147 0.000000 -1.195217 0.000000 0.000000 1.000000 0.000000
0.998255 0.059048 0.000000 25.968229 -0.059048 0.998255 0.000000 -1.250039 0.000000 0.000000 1.000000 0.000000
0.997630 0.068800 0.000000 26.505443 -0.068800 0.997630 0.000000 -1.296568 0.000000 0.000000 1.000000 0.000000
0.996600 0.082395 0.000000 27.623598 -0.082395 0.996600 0.000000 -1.376655 0.000000 0.000000 1.000000 0.000000
0.996846 0.079362 0.000000 28.175103 -0.079362 0.996846 0.000000 -1.460919 0.000000 0.000000 1.000000 0.000000
0.996743 0.080642 0.000000 28.741984 -0.080642 0.996743 0.000000 -1.538620 0.000000 0.000000 1.000000 0.000000
0.996754 0.080509 0.000000 29.261990 -0.080509 0.996754 0.000000 -1.587690 0.000000 0.000000 1.000000 0.000000
0.996910 0.078552 0.000000 29.800014 -0.078552 0.996910 0.000000 -1.656700 0.000000 0.000000 1.000000 0.000000
0.996341 0.085465 0.000000 30.679815 -0.085465 0.996341 0.000000 -1.767593 0.000000 0.000000 1.000000 0.000000
0.996351 0.085349 0.000000 31.268979 -0.085349 0.996351 0.000000 -1.806729 0.000000 0.000000 1.000000 0.000000
0.996268 0.086309 0.000000 31.845541 -0.086309 0.996268 0.000000 -1.895338 0.000000 0.000000 1.000000 0.000000
0.996285 0.086112 0.000000 32.411660 -0.086112 0.996285 0.000000 -1.959739 0.000000 0.000000 1.000000 0.000000
0.996143 0.087745 0.000000 32.968905 -0.087745 0.996143 0.000000 -2.021895 0.000000 0.000000 1.000000 0.000000
0.996136 0.087820 0.000000 33.552900 -0.087820 0.996136 0.000000 -2.093429 0.000000 0.000000 1.000000 0.000000
0.995908 0.090377 0.000000 34.123491 -0.090377 0.995908 0.000000 -2.166950 0.000000 0.000000 1.000000 0.000000
0.996133 0.087861 0.000000 34.663277 -0.087861 0.996133 0.000000 -2.258200 0.000000 0.000000 1.000000 0.000000
0.995918 0.090265 0.000000 35.225544 -0.090265 0.995918 0.000000 -2.303238 0.000000 0.000000 1.000000 0.000000
0.995819 0.091351 0.000000 35.740190 -0.091351 0.995819 0.000000 -2.381433 0.000000 0.000000 1.000000 0.000000
0.995597 0.093733 0.000000 36.674547 -0.093733 0.995597 0.000000 -2.480596 0.000000 0.000000 1.000000 0.000000
0.995159 0.098283 0.000000 37.217868 -0.098283 0.995159 0.000000 -2.538041 0.000000 0.000000 1.000000 0.000000
0.995014 0.099738 0.000000 37.787704 -0.099738 0.995014 0.000000 -2.604107 0.000000 0.000000 1.000000 0.000000
0.994959 0.100280 0.000000 38.344218 -0.100280 0.994959 0.000000 -2.675875 0.000000 0.000000 1.000000 0.000000
0.994717 0.102657 0.000000 38.895456 -0.102657 0.994717 0.000000 -2.741400 0.000000 0.000000 1.000000 0.000000
0.994636 0.103435 0.000000 39.439325 -0.103435 0.994636 0.000000 -2.824989 0.000000 0.000000 1.000000 0.000000
0.994513 0.104617 0.000000 40.010846 -0.104617 0.994513 0.000000 -2.901238 0.000000 0.000000 1.000000 0.000000
0.994480 0.104930 0.000000 40.513943 -0.104930 0.994480 0.000000 -2.988776 0.000000 0.000000 1.000000 0.000000
0.994560 0.104166 0.000000 41.065691 -0.104166 0.994560 0.000000 -3.029143 0.000000 0.000000 1.000000 0.000000
0.994630 0.103499 0.000000 41.630237 -0.103499 0.994630 0.000000 -3.099308 0.000000 0.000000 1.000000 0.000000
0.994228 0.107292 0.000000 42.186808 -0.107292 0.994228 0.000000 -3.167914 0.000000 0.000000 1.000000 0.000000
0.994038 0.109032 0.000000 42.735165 -0.109032 0.994038 0.000000 -3.239919 0.000000 0.000000 1.000000 0.000000
0.993983 0.109537 0.000000 43.262742 -0.109537 0.993983 0.000000 -3.321234 0.000000 0.000000 1.000000 0.000000
0.994141 0.108090 0.000000 43.789322 -0.108090 0.994141 0.000000 -3.392055 0.000000 0.000000 1.000000 0.000000
0.994234 0.107232 0.000000 44.740244 -0.107232 0.994234 0.000000 -3.527141 0.000000 0.000000 1.000000 0.000000
0.994162 0.107898 0.000000 45.277708 -0.107898 0.994162 0.000000 -3.602702 0.000000 0.000000 1.000000 0.000000
0.993883 0.110439 0.000000 45.821397 -0.110439 0.993883 0.000000 -3.668567 0.000000 0.000000 1.000000 0.000000
0.994234 0.107234 0.000000 46.912631 -0.107234 0.994234 0.000000 -3.793904 0.000000 0.000000 1.000000 0.000000
0.993569 0.113230 0.000000 47.489763 -0.113230 0.993569 0.000000 -3.873514 0.000000 0.000000 1.000000 0.000000
0.993469 0.114099 0.000000 47.957617 -0.114099 0.993469 0.000000 -3.928100 0.000000 0.000000 1.000000 0.000000
0.993573 0.113197 0.000000 48.992430 -0.113197 0.993573 0.000000 -4.061493 0.000000 0.000000 1.000000 0.000000
0.993472 0.114074 0.000000 49.513255 -0.114074 0.993472 0.000000 -4.154124 0.000000 0.000000 1.000000 0.000000
0.993520 0.113661 0.000000 50.037063 -0.113661 0.993520 0.000000 -4.220300 0.000000 0.000000 1.000000 0.000000
0.993557 0.113336 0.000000 50.534076 -0.113336 0.993557 0.000000 -4.289094 0.000000 0.000000 1.000000 0.000000
0.993306 0.115510 0.000000 51.433865 -0.115510 0.993306 0.000000 -4.383104 0.000000 0.000000 1.000000 0.000000
0.993462 0.114162 0.000000 51.934755 -0.114162 0.993462 0.000000 -4.467356 0.000000 0.000000 1.000000 0.000000
0.992958 0.118467 0.000000 52.430329 -0.118467 0.992958 0.000000 -4.517339 0.000000 0.000000 1.000000 0.000000
0.992296 0.123892 0.000000 52.911064 -0.123892 0.992296 0.000000 -4.582910 0.000000 0.000000 1.000000 0.000000
0.992362 0.123359 0.000000 53.417738 -0.123359 0.992362 0.000000 -4.635286 0.000000 0.000000 1.000000 0.000000
0.992218 0.124513 0.000000 53.901644 -0.124513 0.992218 0.000000 -4.682118 0.000000 0.000000 1.000000 0.000000
0.991817 0.127666 0.000000 54.376177 -0.127666 0.991817 0.000000 -4.740082 0.000000 0.000000 1.000000 0.000000
0.991262 0.131911 0.000000 55.104048 -0.131911 0.991262 0.000000 -4.843807 0.000000 0.000000 1.000000 0.000000
0.991271 0.131838 0.000000 55.539762 -0.131838 0.991271 0.000000 -4.922716 0.000000 0.000000 1.000000 0.000000
0.991345 0.131279 0.000000 55.978946 -0.131279 0.991345 0.000000 -4.990707 0.000000 0.000000 1.000000 0.000000
0.991442 0.130548 0.000000 56.432153 -0.130548 0.991442 0.000000 -5.048630 0.000000 0.000000 1.000000 0.000000
0.991339 0.131329 0.000000 56.865882 -0.131329 0.991339 0.000000 -5.118412 0.000000 0.000000 1.000000 0.000000
0.991759 0.128116 0.000000 57.293609 -0.128116 0.991759 0.000000 -5.180411 0.000000 0.000000 1.000000 0.000000
0.992044 0.125889 0.000000 58.020455 -0.125889 0.992044 0.000000 -5.276418 0.000000 0.000000 1.000000 0.000000
0.991826 0.127599 0.000000 58.374233 -0.127599 0.991826 0.000000 -5.335452 0.000000 0.000000 1.000000 0.000000
0.991690 0.128652 0.000000 58.821553 -0.128652 0.991690 0.000000 -5.393636 0.000000 0.000000 1.000000 0.000000
0.991635 0.129074 0.000000 59.207832 -0.129074 0.991635 0.000000 -5.452835 0.000000 0.000000 1.000000 0.000000
0.991601 0.129336 0.000000 59.606929 -0.129336 0.991601 0.000000 -5.515822 0.000000 0.000000 1.000000 0.000000
0.991516 0.129988 0.000000 59.991748 -0.129988 0.991516 0.000000 -5.573700 0.000000 0.000000 1.000000 0.000000
0.991289 0.131702 0.000000 60.362328 -0.131702 0.991289 0.000000 -5.620926 0.000000 0.000000 1.000000 0.000000
0.991518 0.129966 0.000000 60.741427 -0.129966 0.991518 0.000000 -5.680583 0.000000 0.000000 1.000000 0.000000
0.991321 0.131465 0.000000 61.106504 -0.131465 0.991321 0.000000 -5.744512 0.000000 0.000000 1.000000 0.000000
0.991064 0.133390 0.000000 61.472968 -0.133390 0.991064 0.000000 -5.776481 0.000000 0.000000 1.000000 0.000000
0.990382 0.138363 0.000000 62.161707 -0.138363 0.990382 0.000000 -5.877523 0.000000 0.000000 1.000000 0.000000
0.990539 0.137231 0.000000 62.499317 -0.137231 0.990539 0.000000 -5.926175 0.000000 0.000000 1.000000 0.000000
0.990556 0.137108 0.000000 62.806689 -0.137108 0.990556 0.000000 -5.964032 0.000000 0.000000 1.000000 0.000000
0.990623 0.136626 0.000000 63.152182 -0.136626 0.990623 0.000000 -6.035402 0.000000 0.000000 1.000000 0.000000
0.990362 0.138506 0.000000 63.491920 -0.138506 0.990362 0.000000 -6.099340 0.000000 0.000000 1.000000 0.000000
0.990126 0.140184 0.000000 63.817175 -0.140184 0.990126 0.000000 -6.119303 0.000000 0.000000 1.000000 0.000000
0.989073 0.147427 0.000000 64.137020 -0.147427 0.989073 0.000000 -6.147902 0.000000 0.000000 1.000000 0.000000
0.988912 0.148500 0.000000 64.465100 -0.148500 0.988912 0.000000 -6.199008 0.000000 0.000000 1.000000 0.000000
0.989244 0.146274 0.000000 64.977559 -0.146274 0.989244 0.000000 -6.296815 0.000000 0.000000 1.000000 0.000000
0.989304 0.145872 0.000000 65.303947 -0.145872 0.989304 0.000000 -6.352264 0.000000 0.000000 1.000000 0.000000
0.988968 0.148131 0.000000 65.614568 -0.148131 0.988968 0.000000 -6.409105 0.000000 0.000000 1.000000 0.000000
0.988461 0.151473 0.000000 65.939332 -0.151473 0.988461 0.000000 -6.488042 0.000000 0.000000 1.000000 0.000000
0.988410 0.151810 0.000000 66.216857 -0.151810 0.988410 0.000000 -6.534399 0.000000 0.000000 1.000000 0.000000
0.988114 0.153725 0.000000 66.495524 -0.153725 0.988114 0.000000 -6.560502 0.000000 0.000000 1.000000 0.000000
0.988106 0.153776 0.000000 66.790918 -0.153776 0.988106 0.000000 -6.623709 0.000000 0.000000 1.000000 0.000000
0.987869 0.155290 0.000000 67.085174 -0.155290 0.987869 0.000000 -6.680947 0.000000 0.000000 1.000000 0.000000
0.987802 0.155718 0.000000 67.349377 -0.155718 0.987802 0.000000 -6.742010 0.000000 0.000000 1.000000 0.000000
0.987270 0.159051 0.000000 67.803524 -0.159051 0.987270 0.000000 -6.814041 0.000000 0.000000 1.000000 0.000000
0.987274 0.159031 0.000000 68.049286 -0.159031 0.987274 0.000000 -6.859137 0.000000 0.000000 1.000000 0.000000
0.987018 0.160612 0.000000 68.319297 -0.160612 0.987018 0.000000 -6.897312 0.000000 0.000000 1.000000 0.000000
0.987045 0.160443 0.000000 68.584515 -0.160443 0.987045 0.000000 -6.958028 0.000000 0.000000 1.000000 0.000000
0.986933 0.161128 0.000000 68.862256 -0.161128 0.986933 0.000000 -7.010417 0.000000 0.000000 1.000000 0.000000
0.986858 0.161589 0.000000 69.130271 -0.161589 0.986858 0.000000 -7.071089 0.000000 0.000000 1.000000 0.000000
0.986687 0.162631 0.000000 69.374999 -0.162631 0.986687 0.000000 -7.102693 0.000000 0.000000 1.000000 0.000000
0.986672 0.162723 0.000000 69.638748 -0.162723 0.986672 0.000000 -7.149995 0.000000 0.000000 1.000000 0.000000
0.986185 0.165648 0.000000 69.881442 -0.165648 0.986185 0.000000 -7.202141 0.000000 0.000000 1.000000 0.000000
0.986093 0.166196 0.000000 70.158201 -0.166196 0.986093 0.000000 -7.249732 0.000000 0.000000 1.000000 0.000000
0.985913 0.167258 0.000000 70.404620 -0.167258 0.985913 0.000000 -7.288445 0.000000 0.000000 1.000000 0.000000
0.985815 0.167838 0.000000 70.664431 -0.167838 0.985815 0.000000 -7.342852 0.000000 0.000000 1.000000 0.000000
0.985383 0.170353 0.000000 71.097463 -0.170353 0.985383 0.000000 -7.427967 0.000000 0.000000 1.000000 0.000000
0.985276 0.170971 0.000000 71.365970 -0.170971 0.985276 0.000000 -7.465964 0.000000 0.000000 1.000000 0.000000
0.985279 0.170956 0.000000 71.633588 -0.170956 0.985279 0.000000 -7.524184 0.000000 0.000000 1.000000 0.000000
0.985054 0.172247 0.000000 71.893910 -0.172247 0.985054 0.000000 -7.561675 0.000000 0.000000 1.000000 0.000000
0.984937 0.172915 0.000000 72.183162 -0.172915 0.984937 0.000000 -7.629309 0.000000 0.000000 1.000000 0.000000
0.984781 0.173802 0.000000 72.486141 -0.173802 0.984781 0.000000 -7.693735 0.000000 0.000000 1.000000 0.000000
0.984740 0.174032 0.000000 72.726210 -0.174032 0.984740 0.000000 -7.734954 0.000000 0.000000 1.000000 0.000000
0.984799 0.173695 0.000000 73.010142 -0.173695 0.984799 0.000000 -7.800008 0.000000 0.000000 1.000000 0.000000
0.984315 0.176417 0.000000 73.282527 -0.176417 0.984315 0.000000 -7.854449 0.000000 0.000000 1.000000 0.000000
0.984181 0.177165 0.000000 73.537047 -0.177165 0.984181 0.000000 -7.914129 0.000000 0.000000 1.000000 0.000000
0.984169 0.177232 0.000000 73.817957 -0.177232 0.984169 0.000000 -7.966549 0.000000 0.000000 1.000000 0.000000
0.983637 0.180162 0.000000 74.109399 -0.180162 0.983637 0.000000 -7.996708 0.000000 0.000000 1.000000 0.000000
0.983529 0.180749 0.000000 74.880595 -0.180749 0.983529 0.000000 -8.149511 0.000000 0.000000 1.000000 0.000000
0.982863 0.184336 0.000000 75.164624 -0.184336 0.982863 0.000000 -8.193914 0.000000 0.000000 1.000000 0.000000
0.982341 0.187102 0.000000 75.429395 -0.187102 0.982341 0.000000 -8.234374 0.000000 0.000000 1.000000 0.000000
0.982130 0.188205 0.000000 75.713891 -0.188205 0.982130 0.000000 -8.303148 0.000000 0.000000 1.000000 0.000000
0.982440 0.186580 0.000000 76.014969 -0.186580 0.982440 0.000000 -8.372228 0.000000 0.000000 1.000000 0.000000
0.981925 0.189271 0.000000 76.580916 -0.189271 0.981925 0.000000 -8.501867 0.000000 0.000000 1.000000 0.000000
0.981560 0.191156 0.000000 76.887874 -0.191156 0.981560 0.000000 -8.562734 0.000000 0.000000 1.000000 0.000000
0.981629 0.190800 0.000000 77.149901 -0.190800 0.981629 0.000000 -8.637476 0.000000 0.000000 1.000000 0.000000
0.981406 0.191943 0.000000 77.610854 -0.191943 0.981406 0.000000 -8.719671 0.000000 0.000000 1.000000 0.000000
0.980643 0.195806 0.000000 77.909397 -0.195806 0.980643 0.000000 -8.778156 0.000000 0.000000 1.000000 0.000000
0.978671 0.205434 0.000000 78.408482 -0.205434 0.978671 0.000000 -8.867328 0.000000 0.000000 1.000000 0.000000
0.978664 0.205465 0.000000 78.749335 -0.205465 0.978664 0.000000 -8.950715 0.000000 0.000000 1.000000 0.000000
0.978663 0.205473 0.000000 79.095130 -0.205473 0.978663 0.000000 -8.986542 0.000000 0.000000 1.000000 0.000000
0.977283 0.211940 0.000000 79.417092 -0.211940 0.977283 0.000000 -9.022706 0.000000 0.000000 1.000000 0.000000
0.977360 0.211582 0.000000 79.774935 -0.211582 0.977360 0.000000 -9.084915 0.000000 0.000000 1.000000 0.000000
0.976752 0.214373 0.000000 80.332700 -0.214373 0.976752 0.000000 -9.215933 0.000000 0.000000 1.000000 0.000000
0.977325 0.211743 0.000000 80.658203 -0.211743 0.977325 0.000000 -9.283621 0.000000 0.000000 1.000000 0.000000
0.977080 0.212875 0.000000 81.059271 -0.212875 0.977080 0.000000 -9.377645 0.000000 0.000000 1.000000 0.000000
0.976856 0.213900 0.000000 81.396070 -0.213900 0.976856 0.000000 -9.475584 0.000000 0.000000 1.000000 0.000000
0.976752 0.214374 0.000000 82.024627 -0.214374 0.976752 0.000000 -9.635600 0.000000 0.000000 1.000000 0.000000
0.976637 0.214896 0.000000 82.679420 -0.214896 0.976637 0.000000 -9.784534 0.000000 0.000000 1.000000 0.000000
0.977161 0.212498 0.000000 83.060861 -0.212498 0.977161 0.000000 -9.894186 0.000000 0.000000 1.000000 0.000000
0.977428 0.211271 0.000000 83.465847 -0.211271 0.977428 0.000000 -9.985001 0.000000 0.000000 1.000000 0.000000
0.976797 0.214169 0.000000 83.861844 -0.214169 0.976797 0.000000 -10.071016 0.000000 0.000000 1.000000 0.000000
0.976616 0.214991 0.000000 84.284178 -0.214991 0.976616 0.000000 -10.206014 0.000000 0.000000 1.000000 0.000000
0.976265 0.216581 0.000000 84.677651 -0.216581 0.976265 0.000000 -10.313358 0.000000 0.000000 1.000000 0.000000
0.976569 0.215203 0.000000 85.124249 -0.215203 0.976569 0.000000 -10.404219 0.000000 0.000000 1.000000 0.000000
0.977756 0.209748 0.000000 85.807257 -0.209748 0.977756 0.000000 -10.529925 0.000000 0.000000 1.000000 0.000000
0.977553 0.210690 0.000000 86.617371 -0.210690 0.977553 0.000000 -10.734290 0.000000 0.000000 1.000000 0.000000
0.977801 0.209536 0.000000 87.089795 -0.209536 0.977801 0.000000 -10.852732 0.000000 0.000000 1.000000 0.000000
0.977196 0.212339 0.000000 87.557244 -0.212339 0.977196 0.000000 -10.989628 0.000000 0.000000 1.000000 0.000000
0.976553 0.215275 0.000000 88.016150 -0.215275 0.976553 0.000000 -11.111127 0.000000 0.000000 1.000000 0.000000
0.975396 0.220459 0.000000 88.551206 -0.220459 0.975396 0.000000 -11.220652 0.000000 0.000000 1.000000 0.000000
0.975725 0.218999 0.000000 88.998787 -0.218999 0.975725 0.000000 -11.314739 0.000000 0.000000 1.000000 0.000000
0.974393 0.224852 0.000000 89.504412 -0.224852 0.974393 0.000000 -11.410636 0.000000 0.000000 1.000000 0.000000
0.973705 0.227812 0.000000 90.011008 -0.227812 0.973705 0.000000 -11.513034 0.000000 0.000000 1.000000 0.000000
0.973141 0.230210 0.000000 90.530616 -0.230210 0.973141 0.000000 -11.649140 0.000000 0.000000 1.000000 0.000000
0.972626 0.232377 0.000000 91.021387 -0.232377 0.972626 0.000000 -11.777822 0.000000 0.000000 1.000000 0.000000
0.972261 0.233897 0.000000 91.556708 -0.233897 0.972261 0.000000 -11.892626 0.000000 0.000000 1.000000 0.000000
0.971051 0.238874 0.000000 92.509258 -0.238874 0.971051 0.000000 -12.093435 0.000000 0.000000 1.000000 0.000000
0.971095 0.238692 0.000000 93.040348 -0.238692 0.971095 0.000000 -12.241054 0.000000 0.000000 1.000000 0.000000
0.971017 0.239011 0.000000 93.574312 -0.239011 0.971017 0.000000 -12.384543 0.000000 0.000000 1.000000 0.000000
0.969807 0.243874 0.000000 94.109284 -0.243874 0.969807 0.000000 -12.514649 0.000000 0.000000 1.000000 0.000000
0.968782 0.247914 0.000000 94.663527 -0.247914 0.968782 0.000000 -12.659160 0.000000 0.000000 1.000000 0.000000
0.968894 0.247476 0.000000 95.489949 -0.247476 0.968894 0.000000 -12.882983 0.000000 0.000000 1.000000 0.000000
0.968338 0.249642 0.000000 96.014065 -0.249642 0.968338 0.000000 -13.016284 0.000000 0.000000 1.000000 0.000000
0.965490 0.260440 0.000000 97.103229 -0.260440 0.965490 0.000000 -13.320666 0.000000 0.000000 1.000000 0.000000
0.964350 0.264631 0.000000 97.822521 -0.264631 0.964350 0.000000 -13.528604 0.000000 0.000000 1.000000 0.000000
0.963565 0.267473 0.000000 98.397826 -0.267473 0.963565 0.000000 -13.681239 0.000000 0.000000 1.000000 0.000000
0.962247 0.272178 0.000000 98.983030 -0.272178 0.962247 0.000000 -13.841687 0.000000 0.000000 1.000000 0.000000
0.960967 0.276663 0.000000 99.580601 -0.276663 0.960967 0.000000 -13.998250 0.000000 0.000000 1.000000 0.000000
0.960603 0.277924 0.000000 100.157759 -0.277924 0.960603 0.000000 -14.156628 0.000000 0.000000 1.000000 0.000000
0.960312 0.278927 0.000000 100.768184 -0.278927 0.960312 0.000000 -14.327592 0.000000 0.000000 1.000000 0.000000
0.959623 0.281288 0.000000 101.321302 -0.281288 0.959623 0.000000 -14.507449 0.000000 0.000000 1.000000 0.000000
0.958524 0.285011 0.000000 101.892896 -0.285011 0.958524 0.000000 -14.696025 0.000000 0.000000 1.000000 0.000000
0.958083 0.286492 0.000000 102.506705 -0.286492 0.958083 0.000000 -14.863406 0.000000 0.000000 1.000000 0.000000
0.959123 0.282989 0.000000 103.069015 -0.282989 0.959123 0.000000 -15.030660 0.000000 0.000000 1.000000 0.000000
0.959765 0.280803 0.000000 103.662085 -0.280803 0.959765 0.000000 -15.207466 0.000000 0.000000 1.000000 0.000000
0.959504 0.281697 0.000000 104.242915 -0.281697 0.959504 0.000000 -15.413367 0.000000 0.000000 1.000000 0.000000
0.958993 0.283431 0.000000 104.797035 -0.283431 0.958993 0.000000 -15.596398 0.000000 0.000000 1.000000 0.000000
0.958864 0.283866 0.000000 105.874189 -0.283866 0.958864 0.000000 -15.939551 0.000000 0.000000 1.000000 0.000000
0.958643 0.284612 0.000000 106.527868 -0.284612 0.958643 0.000000 -16.136153 0.000000 0.000000 1.000000 0.000000
0.958391 0.285460 0.000000 107.124502 -0.285460 0.958391 0.000000 -16.316661 0.000000 0.000000 1.000000 0.000000
0.957620 0.288035 0.000000 107.743298 -0.288035 0.957620 0.000000 -16.514083 0.000000 0.000000 1.000000 0.000000
0.956730 0.290976 0.000000 108.343786 -0.290976 0.956730 0.000000 -16.689543 0.000000 0.000000 1.000000 0.000000
0.957350 0.288929 0.000000 108.964858 -0.288929 0.957350 0.000000 -16.882625 0.000000 0.000000 1.000000 0.000000
0.957152 0.289587 0.000000 109.535211 -0.289587 0.957152 0.000000 -17.059663 0.000000 0.000000 1.000000 0.000000
0.957115 0.289708 0.000000 110.152471 -0.289708 0.957115 0.000000 -17.238299 0.000000 0.000000 1.000000 0.000000
0.957018 0.290028 0.000000 110.727341 -0.290028 0.957018 0.000000 -17.427923 0.000000 0.000000 1.000000 0.000000
0.956404 0.292048 0.000000 111.361304 -0.292048 0.956404 0.000000 -17.629225 0.000000 0.000000 1.000000 0.000000
0.955559 0.294799 0.000000 111.982391 -0.294799 0.955559 0.000000 -17.844819 0.000000 0.000000 1.000000 0.000000
0.955359 0.295448 0.000000 112.609768 -0.295448 0.955359 0.000000 -18.027889 0.000000 0.000000 1.000000 0.000000
0.955685 0.294390 0.000000 113.396248 -0.294390 0.955685 0.000000 -18.284763 0.000000 0.000000 1.000000 0.000000
0.955629 0.294572 0.000000 113.959862 -0.294572 0.955629 0.000000 -18.461634 0.000000 0.000000 1.000000 0.000000
0.953683 0.300813 0.000000 114.580679 -0.300813 0.953683 0.000000 -18.706202 0.000000 0.000000 1.000000 0.000000
0.954776 0.297327 0.000000 115.583457 -0.297327 0.954776 0.000000 -19.024614 0.000000 0.000000 1.000000 0.000000
0.954715 0.297521 0.000000 116.212405 -0.297521 0.954715 0.000000 -19.242844 0.000000 0.000000 1.000000 0.000000
0.954389 0.298566 0.000000 116.857853 -0.298566 0.954389 0.000000 -19.434959 0.000000 0.000000 1.000000 0.000000
0.953558 0.301208 0.000000 117.514926 -0.301208 0.953558 0.000000 -19.643673 0.000000 0.000000 1.000000 0.000000
0.953312 0.301987 0.000000 118.121656 -0.301987 0.953312 0.000000 -19.855897 0.000000 0.000000 1.000000 0.000000
0.953166 0.302446 0.000000 118.777271 -0.302446 0.953166 0.000000 -20.081547 0.000000 0.000000 1.000000 0.000000
0.953672 0.300848 0.000000 119.389942 -0.300848 0.953672 0.000000 -20.287133 0.000000 0.000000 1.000000 0.000000
0.953657 0.300894 0.000000 120.522951 -0.300894 0.953657 0.000000 -20.687161 0.000000 0.000000 1.000000 0.000000
0.954486 0.298256 0.000000 121.149361 -0.298256 0.954486 0.000000 -20.904951 0.000000 0.000000 1.000000 0.000000
0.954856 0.297070 0.000000 121.787816 -0.297070 0.954856 0.000000 -21.124884 0.000000 0.000000 1.000000 0.000000
0.954921 0.296861 0.000000 122.429497 -0.296861 0.954921 0.000000 -21.367275 0.000000 0.000000 1.000000 0.000000
0.954547 0.298061 0.000000 123.741824 -0.298061 0.954547 0.000000 -21.812053 0.000000 0.000000 1.000000 0.000000
0.954966 0.296714 0.000000 124.329283 -0.296714 0.954966 0.000000 -22.010336 0.000000 0.000000 1.000000 0.000000
0.954222 0.299100 0.000000 124.963371 -0.299100 0.954222 0.000000 -22.232575 0.000000 0.000000 1.000000 0.000000
0.954840 0.297120 0.000000 125.553803 -0.297120 0.954840 0.000000 -22.436128 0.000000 0.000000 1.000000 0.000000
0.954410 0.298498 0.000000 126.144157 -0.298498 0.954410 0.000000 -22.634509 0.000000 0.000000 1.000000 0.000000
0.948426 0.316999 0.000000 130.773014 -0.316999 0.948426 0.000000 -24.234602 0.000000 0.000000 1.000000 0.000000
0.950226 0.311561 0.000000 131.420063 -0.311561 0.950226 0.000000 -24.443900 0.000000 0.000000 1.000000 0.000000
0.949744 0.313027 0.000000 132.028372 -0.313027 0.949744 0.000000 -24.631806 0.000000 0.000000 1.000000 0.000000
0.951153 0.308719 0.000000 132.646872 -0.308719 0.951153 0.000000 -24.847397 0.000000 0.000000 1.000000 0.000000
0.950665 0.310218 0.000000 133.219396 -0.310218 0.950665 0.000000 -25.079976 0.000000 0.000000 1.000000 0.000000
0.952006 0.306080 0.000000 133.822621 -0.306080 0.952006 0.000000 -25.278654 0.000000 0.000000 1.000000 0.000000
0.951053 0.309027 0.000000 134.445583 -0.309027 0.951053 0.000000 -25.503140 0.000000 0.000000 1.000000 0.000000
0.951690 0.307059 0.000000 135.225122 -0.307059 0.951690 0.000000 -25.756223 0.000000 0.000000 1.000000 0.000000
0.951341 0.308140 0.000000 135.848543 -0.308140 0.951341 0.000000 -25.980843 0.000000 0.000000 1.000000 0.000000
0.950203 0.311633 0.000000 136.480027 -0.311633 0.950203 0.000000 -26.172521 0.000000 0.000000 1.000000 0.000000
0.949756 0.312991 0.000000 137.394389 -0.312991 0.949756 0.000000 -26.465104 0.000000 0.000000 1.000000 0.000000
0.950183 0.311691 0.000000 137.999782 -0.311691 0.950183 0.000000 -26.681371 0.000000 0.000000 1.000000 0.000000
0.950260 0.311458 0.000000 138.598747 -0.311458 0.950260 0.000000 -26.874688 0.000000 0.000000 1.000000 0.000000
0.950377 0.311101 0.000000 139.230017 -0.311101 0.950377 0.000000 -27.083659 0.000000 0.000000 1.000000 0.000000
0.950506 0.310707 0.000000 139.834873 -0.310707 0.950506 0.000000 -27.290058 0.000000 0.000000 1.000000 0.000000
0.950094 0.311964 0.000000 140.749240 -0.311964 0.950094 0.000000 -27.597281 0.000000 0.000000 1.000000 0.000000
0.949900 0.312553 0.000000 141.324987 -0.312553 0.949900 0.000000 -27.822898 0.000000 0.000000 1.000000 0.000000
0.949355 0.314204 0.000000 141.936345 -0.314204 0.949355 0.000000 -28.049252 0.000000 0.000000 1.000000 0.000000
0.948798 0.315884 0.000000 142.491397 -0.315884 0.948798 0.000000 -28.229777 0.000000 0.000000 1.000000 0.000000
0.947538 0.319644 0.000000 143.274683 -0.319644 0.947538 0.000000 -28.512526 0.000000 0.000000 1.000000 0.000000
0.947395 0.320066 0.000000 143.858645 -0.320066 0.947395 0.000000 -28.740188 0.000000 0.000000 1.000000 0.000000
0.947550 0.319609 0.000000 144.453139 -0.319609 0.947550 0.000000 -28.935179 0.000000 0.000000 1.000000 0.000000
0.947832 0.318770 0.000000 145.040706 -0.318770 0.947832 0.000000 -29.159249 0.000000 0.000000 1.000000 0.000000
0.948561 0.316593 0.000000 145.622126 -0.316593 0.948561 0.000000 -29.368634 0.000000 0.000000 1.000000 0.000000
0.948411 0.317045 0.000000 146.758137 -0.317045 0.948411 0.000000 -29.784632 0.000000 0.000000 1.000000 0.000000
0.949181 0.314730 0.000000 147.286197 -0.314730 0.949181 0.000000 -29.982823 0.000000 0.000000 1.000000 0.000000
0.947801 0.318861 0.000000 147.855449 -0.318861 0.947801 0.000000 -30.188869 0.000000 0.000000 1.000000 0.000000
0.948363 0.317187 0.000000 148.420234 -0.317187 0.948363 0.000000 -30.411029 0.000000 0.000000 1.000000 0.000000
0.947951 0.318417 0.000000 148.968791 -0.318417 0.947951 0.000000 -30.614711 0.000000 0.000000 1.000000 0.000000
0.948152 0.317817 0.000000 149.527488 -0.317817 0.948152 0.000000 -30.822977 0.000000 0.000000 1.000000 0.000000
0.949669 0.313254 0.000000 150.224664 -0.313254 0.949669 0.000000 -31.092781 0.000000 0.000000 1.000000 0.000000
0.949628 0.313380 0.000000 150.783670 -0.313380 0.949628 0.000000 -31.307698 0.000000 0.000000 1.000000 0.000000
0.949841 0.312734 0.000000 151.315961 -0.312734 0.949841 0.000000 -31.500324 0.000000 0.000000 1.000000 0.000000
0.949777 0.312926 0.000000 151.886386 -0.312926 0.949777 0.000000 -31.704995 0.000000 0.000000 1.000000 0.000000
0.949165 0.314779 0.000000 152.436100 -0.314779 0.949165 0.000000 -31.889940 0.000000 0.000000 1.000000 0.000000
0.948939 0.315460 0.000000 152.959552 -0.315460 0.948939 0.000000 -32.082377 0.000000 0.000000 1.000000 0.000000
0.948799 0.315880 0.000000 153.522453 -0.315880 0.948799 0.000000 -32.296581 0.000000 0.000000 1.000000 0.000000
0.949846 0.312719 0.000000 154.035984 -0.312719 0.949846 0.000000 -32.480823 0.000000 0.000000 1.000000 0.000000
0.949227 0.314592 0.000000 154.605859 -0.314592 0.949227 0.000000 -32.668713 0.000000 0.000000 1.000000 0.000000
0.948675 0.316254 0.000000 155.156202 -0.316254 0.948675 0.000000 -32.846005 0.000000 0.000000 1.000000 0.000000
0.947549 0.319610 0.000000 155.868254 -0.319610 0.947549 0.000000 -33.088376 0.000000 0.000000 1.000000 0.000000
0.946628 0.322329 0.000000 156.385568 -0.322329 0.946628 0.000000 -33.283650 0.000000 0.000000 1.000000 0.000000
0.946089 0.323907 0.000000 156.956963 -0.323907 0.946089 0.000000 -33.501135 0.000000 0.000000 1.000000 0.000000
0.945630 0.325245 0.000000 157.458745 -0.325245 0.945630 0.000000 -33.686605 0.000000 0.000000 1.000000 0.000000
0.945393 0.325934 0.000000 157.994303 -0.325934 0.945393 0.000000 -33.880077 0.000000 0.000000 1.000000 0.000000
0.946141 0.323754 0.000000 158.506428 -0.323754 0.946141 0.000000 -34.046372 0.000000 0.000000 1.000000 0.000000
0.945682 0.325092 0.000000 159.220081 -0.325092 0.945682 0.000000 -34.299653 0.000000 0.000000 1.000000 0.000000
0.945605 0.325316 0.000000 159.724033 -0.325316 0.945605 0.000000 -34.473276 0.000000 0.000000 1.000000 0.000000
0.943261 0.332054 0.000000 160.260824 -0.332054 0.943261 0.000000 -34.682443 0.000000 0.000000 1.000000 0.000000
0.943339 0.331831 0.000000 160.768901 -0.331831 0.943339 0.000000 -34.850335 0.000000 0.000000 1.000000 0.000000
0.944685 0.327978 0.000000 161.294261 -0.327978 0.944685 0.000000 -35.020184 0.000000 0.000000 1.000000 0.000000
0.944482 0.328563 0.000000 161.810777 -0.328563 0.944482 0.000000 -35.176965 0.000000 0.000000 1.000000 0.000000
0.944181 0.329427 0.000000 162.539443 -0.329427 0.944181 0.000000 -35.429990 0.000000 0.000000 1.000000 0.000000
0.943530 0.331288 0.000000 163.087336 -0.331288 0.943530 0.000000 -35.620491 0.000000 0.000000 1.000000 0.000000
0.945103 0.326771 0.000000 163.623230 -0.326771 0.945103 0.000000 -35.807239 0.000000 0.000000 1.000000 0.000000
0.945900 0.324458 0.000000 164.135152 -0.324458 0.945900 0.000000 -36.006349 0.000000 0.000000 1.000000 0.000000
0.946695 0.322133 0.000000 164.649058 -0.322133 0.946695 0.000000 -36.186434 0.000000 0.000000 1.000000 0.000000
0.945649 0.325190 0.000000 165.181075 -0.325190 0.945649 0.000000 -36.382121 0.000000 0.000000 1.000000 0.000000
0.945831 0.324660 0.000000 165.720597 -0.324660 0.945831 0.000000 -36.559007 0.000000 0.000000 1.000000 0.000000
0.947122 0.320874 0.000000 166.230848 -0.320874 0.947122 0.000000 -36.752409 0.000000 0.000000 1.000000 0.000000
0.948343 0.317246 0.000000 166.762148 -0.317246 0.948343 0.000000 -36.952751 0.000000 0.000000 1.000000 0.000000
0.948351 0.317224 0.000000 167.315687 -0.317224 0.948351 0.000000 -37.164088 0.000000 0.000000 1.000000 0.000000
0.948699 0.316180 0.000000 167.816014 -0.316180 0.948699 0.000000 -37.341939 0.000000 0.000000 1.000000 0.000000
0.949049 0.315129 0.000000 168.371570 -0.315129 0.949049 0.000000 -37.525919 0.000000 0.000000 1.000000 0.000000
0.950205 0.311625 0.000000 168.875391 -0.311625 0.950205 0.000000 -37.729300 0.000000 0.000000 1.000000 0.000000
0.950134 0.311842 0.000000 169.394653 -0.311842 0.950134 0.000000 -37.930011 0.000000 0.000000 1.000000 0.000000
0.951624 0.307266 0.000000 169.943466 -0.307266 0.951624 0.000000 -38.107497 0.000000 0.000000 1.000000 0.000000
0.953220 0.302278 0.000000 170.487079 -0.302278 0.953220 0.000000 -38.291925 0.000000 0.000000 1.000000 0.000000
0.954254 0.298996 0.000000 171.009268 -0.298996 0.954254 0.000000 -38.462633 0.000000 0.000000 1.000000 0.000000
0.955417 0.295261 0.000000 171.542588 -0.295261 0.955417 0.000000 -38.635133 0.000000 0.000000 1.000000 0.000000
0.956736 0.290959 0.000000 172.033804 -0.290959 0.956736 0.000000 -38.775751 0.000000 0.000000 1.000000 0.000000
0.958536 0.284973 0.000000 172.587356 -0.284973 0.958536 0.000000 -38.964607 0.000000 0.000000 1.000000 0.000000
0.959784 0.280739 0.000000 173.271502 -0.280739 0.959784 0.000000 -39.221757 0.000000 0.000000 1.000000 0.000000
0.960374 0.278715 0.000000 173.824565 -0.278715 0.960374 0.000000 -39.391520 0.000000 0.000000 1.000000 0.000000
0.961114 0.276151 0.000000 174.324649 -0.276151 0.961114 0.000000 -39.520006 0.000000 0.000000 1.000000 0.000000
0.960732 0.277477 0.000000 174.884590 -0.277477 0.960732 0.000000 -39.674146 0.000000 0.000000 1.000000 0.000000
0.961334 0.275385 0.000000 175.570678 -0.275385 0.961334 0.000000 -39.900245 0.000000 0.000000 1.000000 0.000000
0.962607 0.270902 0.000000 176.651681 -0.270902 0.962607 0.000000 -40.235056 0.000000 0.000000 1.000000 0.000000
0.963363 0.268200 0.000000 177.185750 -0.268200 0.963363 0.000000 -40.405137 0.000000 0.000000 1.000000 0.000000
0.964255 0.264977 0.000000 177.725728 -0.264977 0.964255 0.000000 -40.531297 0.000000 0.000000 1.000000 0.000000
0.964084 0.265596 0.000000 178.266165 -0.265596 0.964084 0.000000 -40.689771 0.000000 0.000000 1.000000 0.000000
0.964766 0.263109 0.000000 178.792183 -0.263109 0.964766 0.000000 -40.854501 0.000000 0.000000 1.000000 0.000000
0.965451 0.260584 0.000000 179.347331 -0.260584 0.965451 0.000000 -40.998650 0.000000 0.000000 1.000000 0.000000
0.965107 0.261855 0.000000 179.906207 -0.261855 0.965107 0.000000 -41.143979 0.000000 0.000000 1.000000 0.000000
0.965231 0.261397 0.000000 180.442061 -0.261397 0.965231 0.000000 -41.291750 0.000000 0.000000 1.000000 0.000000
0.965060 0.262031 0.000000 180.930099 -0.262031 0.965060 0.000000 -41.403130 0.000000 0.000000 1.000000 0.000000
0.964609 0.263685 0.000000 181.421679 -0.263685 0.964609 0.000000 -41.548706 0.000000 0.000000 1.000000 0.000000
0.964731 0.263239 0.000000 181.929755 -0.263239 0.964731 0.000000 -41.714275 0.000000 0.000000 1.000000 0.000000
0.965171 0.261619 0.000000 182.433433 -0.261619 0.965171 0.000000 -41.839283 0.000000 0.000000 1.000000 0.000000
0.965653 0.259835 0.000000 182.958970 -0.259835 0.965653 0.000000 -41.990623 0.000000 0.000000 1.000000 0.000000
0.966037 0.258404 0.000000 183.451409 -0.258404 0.966037 0.000000 -42.124390 0.000000 0.000000 1.000000 0.000000
0.965878 0.258996 0.000000 183.974954 -0.258996 0.965878 0.000000 -42.278289 0.000000 0.000000 1.000000 0.000000
0.966035 0.258412 0.000000 184.474022 -0.258412 0.966035 0.000000 -42.406707 0.000000 0.000000 1.000000 0.000000
0.967042 0.254618 0.000000 184.988037 -0.254618 0.967042 0.000000 -42.546503 0.000000 0.000000 1.000000 0.000000
0.967566 0.252620 0.000000 185.446741 -0.252620 0.967566 0.000000 -42.677831 0.000000 0.000000 1.000000 0.000000
0.967585 0.252545 0.000000 185.976484 -0.252545 0.967585 0.000000 -42.815352 0.000000 0.000000 1.000000 0.000000
0.967421 0.253172 0.000000 186.448846 -0.253172 0.967421 0.000000 -42.948966 0.000000 0.000000 1.000000 0.000000
0.967256 0.253801 0.000000 186.973445 -0.253801 0.967256 0.000000 -43.066036 0.000000 0.000000 1.000000 0.000000
0.967559 0.252645 0.000000 187.620157 -0.252645 0.967559 0.000000 -43.213755 0.000000 0.000000 1.000000 0.000000
0.968742 0.248069 0.000000 188.122406 -0.248069 0.968742 0.000000 -43.362463 0.000000 0.000000 1.000000 0.000000
0.969874 0.243605 0.000000 188.623730 -0.243605 0.969874 0.000000 -43.511689 0.000000 0.000000 1.000000 0.000000
0.970041 0.242940 0.000000 189.092301 -0.242940 0.970041 0.000000 -43.620385 0.000000 0.000000 1.000000 0.000000
0.971785 0.235867 0.000000 189.787899 -0.235867 0.971785 0.000000 -43.772987 0.000000 0.000000 1.000000 0.000000
0.972470 0.233030 0.000000 190.293230 -0.233030 0.972470 0.000000 -43.910111 0.000000 0.000000 1.000000 0.000000
0.973096 0.230400 0.000000 190.799296 -0.230400 0.973096 0.000000 -44.047886 0.000000 0.000000 1.000000 0.000000
0.973119 0.230301 0.000000 191.287562 -0.230301 0.973119 0.000000 -44.166506 0.000000 0.000000 1.000000 0.000000
0.974752 0.223289 0.000000 191.799598 -0.223289 0.974752 0.000000 -44.285278 0.000000 0.000000 1.000000 0.000000
0.977435 0.211238 0.000000 192.808052 -0.211238 0.977435 0.000000 -44.509147 0.000000 0.000000 1.000000 0.000000
0.978120 0.208043 0.000000 193.302632 -0.208043 0.978120 0.000000 -44.597949 0.000000 0.000000 1.000000 0.000000
0.979776 0.200098 0.000000 193.802805 -0.200098 0.979776 0.000000 -44.700345 0.000000 0.000000 1.000000 0.000000
0.981503 0.191446 0.000000 194.258231 -0.191446 0.981503 0.000000 -44.795840 0.000000 0.000000 1.000000 0.000000
0.982871 0.184296 0.000000 194.740016 -0.184296 0.982871 0.000000 -44.888861 0.000000 0.000000 1.000000 0.000000
0.984439 0.175727 0.000000 195.203385 -0.175727 0.984439 0.000000 -44.981569 0.000000 0.000000 1.000000 0.000000
0.987714 0.156275 0.000000 196.146896 -0.156275 0.987714 0.000000 -45.146848 0.000000 0.000000 1.000000 0.000000
0.989020 0.147783 0.000000 196.618460 -0.147783 0.989020 0.000000 -45.217163 0.000000 0.000000 1.000000 0.000000
0.990625 0.136609 0.000000 197.072937 -0.136609 0.990625 0.000000 -45.272304 0.000000 0.000000 1.000000 0.000000
0.992103 0.125423 0.000000 197.762529 -0.125423 0.992103 0.000000 -45.379206 0.000000 0.000000 1.000000 0.000000
0.993471 0.114084 0.000000 198.243647 -0.114084 0.993471 0.000000 -45.453459 0.000000 0.000000 1.000000 0.000000
0.994696 0.102862 0.000000 198.712238 -0.102862 0.994696 0.000000 -45.519104 0.000000 0.000000 1.000000 0.000000
0.995695 0.092696 0.000000 199.160274 -0.092696 0.995695 0.000000 -45.577270 0.000000 0.000000 1.000000 0.000000
