0.999999 0.001279 0.000000 0.635206 -0.001279 0.999999 0.000000 -0.019373 0.000000 0.000000 1.000000 0.000000
1.000000 0.000080 0.000000 1.170222 -0.000080 1.000000 0.000000 -0.055911 0.000000 0.000000 1.000000 0.000000
0.999999 0.001464 0.000000 1.750795 -0.001464 0.999999 0.000000 -0.090369 0.000000 0.000000 1.000000 0.000000
0.999991 0.004350 0.000000 2.342110 -0.004350 0.999991 0.000000 -0.076023 0.000000 0.000000 1.000000 0.000000
0.999983 0.005772 0.000000 2.887151 -0.005772 0.999983 0.000000 -0.067858 0.000000 0.000000 1.000000 0.000000
0.999982 0.005967 0.000000 3.419920 -0.005967 0.999982 0.000000 -0.056581 0.000000 0.000000 1.000000 0.000000
0.999965 0.008369 0.000000 4.026985 -0.008369 0.999965 0.000000 0.016337 0.000000 0.000000 1.000000 0.000000
0.999892 0.014721 0.000000 4.656534 -0.014721 0.999892 0.000000 -0.031950 0.000000 0.000000 1.000000 0.000000
0.999828 0.018550 0.000000 5.802729 -0.018550 0.999828 0.000000 -0.163100 0.000000 0.000000 1.000000 0.000000
0.999809 0.019524 0.000000 6.413035 -0.019524 0.999809 0.000000 -0.175978 0.000000 0.000000 1.000000 0.000000
0.999777 0.021132 0.000000 7.191207 -0.021132 0.999777 0.000000 -0.273329 0.000000 0.000000 1.000000 0.000000
0.999773 0.021285 0.000000 7.764156 -0.021285 0.999773 0.000000 -0.249884 0.000000 0.000000 1.000000 0.000000
0.999750 0.022347 0.000000 8.335186 -0.022347 0.999750 0.000000 -0.310985 0.000000 0.000000 1.000000 0.000000
0.999727 0.023359 0.000000 8.935646 -0.023359 0.999727 0.000000 -0.301438 0.000000 0.000000 1.000000 0.000000
0.999685 0.025112 0.000000 9.450183 -0.025112 0.999685 0.000000 -0.371283 0.000000 0.000000 1.000000 0.000000
0.999666 0.025841 0.000000 10.059615 -0.025841 0.999666 0.000000 -0.451096 0.000000 0.000000 1.000000 0.000000
0.999583 0.028888 0.000000 10.568910 -0.028888 0.999583 0.000000 -0.507802 0.000000 0.000000 1.000000 0.000000
0.999586 0.028784 0.000000 11.115938 -0.028784 0.999586 0.000000 -0.534823 0.000000 0.000000 1.000000 0.000000
0.999520 0.030972 0.000000 11.641577 -0.030972 0.999520 0.000000 -0.630070 0.000000 0.000000 1.000000 0.000000
0.999551 0.029979 0.000000 12.266743 -0.029979 0.999551 0.000000 -0.710401 0.000000 0.000000 1.000000 0.000000
0.999470 0.032540 0.000000 12.798378 -0.032540 0.999470 0.000000 -0.801698 0.000000 0.000000 1.000000 0.000000
0.999386 0.035047 0.000000 13.533298 -0.035047 0.999386 0.000000 -0.881282 0.000000 0.000000 1.000000 0.000000
0.999341 0.036293 0.000000 14.167266 -0.036293 0.999341 0.000000 -0.955033 0.000000 0.000000 1.000000 0.000000
0.999362 0.035729 0.000000 14.743727 -0.035729 0.999362 0.000000 -0.967749 0.000000 0.000000 1.000000 0.000000
0.999231 0.039214 0.000000 15.314624 -0.039214 0.999231 0.000000 -1.082883 0.000000 0.000000 1.000000 0.000000
0.999167 0.040815 0.000000 15.885249 -0.040815 0.999167 0.000000 -1.184803 0.000000 0.000000 1.000000 0.000000
0.999154 0.041136 0.000000 16.450844 -0.041136 0.999154 0.000000 -1.228774 0.000000 0.000000 1.000000 0.000000
0.998958 0.045649 0.000000 16.939029 -0.045649 0.998958 0.000000 -1.361933 0.000000 0.000000 1.000000 0.000000
0.998862 0.047695 0.000000 17.494401 -0.047695 0.998862 0.000000 -1.478473 0.000000 0.000000 1.000000 0.000000
0.998796 0.049050 0.000000 18.037602 -0.049050 0.998796 0.000000 -1.521642 0.000000 0.000000 1.000000 0.000000
0.998808 0.048808 0.000000 18.654178 -0.048808 0.998808 0.000000 -1.689392 0.000000 0.000000 1.000000 0.000000
0.998695 0.051073 0.000000 19.267594 -0.051073 0.998695 0.000000 -1.739854 0.000000 0.000000 1.000000 0.000000
0.998651 0.051925 0.000000 19.751392 -0.051925 0.998651 0.000000 -1.685273 0.000000 0.000000 1.000000 0.000000
0.998687 0.051230 0.000000 20.296349 -0.051230 0.998687 0.000000 -1.753474 0.000000 0.000000 1.000000 0.000000
0.998523 0.054333 0.000000 20.881231 -0.054333 0.998523 0.000000 -1.826768 0.000000 0.000000 1.000000 0.000000
0.998392 0.056684 0.000000 22.015182 -0.056684 0.998392 0.000000 -2.004645 0.000000 0.000000 1.000000 0.000000
0.998327 0.057824 0.000000 22.883289 -0.057824 0.998327 0.000000 -2.154438 0.000000 0.000000 1.000000 0.000000
0.998040 0.062585 0.000000 23.465208 -0.062585 0.998040 0.000000 -2.336561 0.000000 0.000000 1.000000 0.000000
0.997856 0.065449 0.000000 23.980730 -0.065449 0.997856 0.000000 -2.322124 0.000000 0.000000 1.000000 0.000000
0.997650 0.068520 0.000000 24.543098 -0.068520 0.997650 0.000000 -2.337543 0.000000 0.000000 1.000000 0.000000
0.997723 0.067449 0.000000 25.040320 -0.067449 0.997723 0.000000 -2.453038 0.000000 0.000000 1.000000 0.000000
0.997661 0.068358 0.000000 25.518684 -0.068358 0.997661 0.000000 -2.531416 0.000000 0.000000 1.000000 0.000000
0.996992 0.077506 0.000000 26.019320 -0.077506 0.996992 0.000000 -2.666803 0.000000 0.000000 1.000000 0.000000
0.995626 0.093428 0.000000 27.113824 -0.093428 0.995626 0.000000 -2.946284 0.000000 0.000000 1.000000 0.000000
0.995796 0.091604 0.000000 27.627155 -0.091604 0.995796 0.000000 -3.212079 0.000000 0.000000 1.000000 0.000000
0.995915 0.090293 0.000000 28.100993 -0.090293 0.995915 0.000000 -3.254513 0.000000 0.000000 1.000000 0.000000
0.995934 0.090090 0.000000 28.622777 -0.090090 0.995934 0.000000 -3.298255 0.000000 0.000000 1.000000 0.000000
0.995860 0.090901 0.000000 29.139470 -0.090901 0.995860 0.000000 -3.386420 0.000000 0.000000 1.000000 0.000000
0.994965 0.100220 0.000000 30.027807 -0.100220 0.994965 0.000000 -3.546536 0.000000 0.000000 1.000000 0.000000
0.994834 0.101513 0.000000 30.620714 -0.101513 0.994834 0.000000 -3.594339 0.000000 0.000000 1.000000 0.000000
0.994571 0.104064 0.000000 31.195110 -0.104064 0.994571 0.000000 -3.707998 0.000000 0.000000 1.000000 0.000000
0.994359 0.106069 0.000000 31.780096 -0.106069 0.994359 0.000000 -3.837112 0.000000 0.000000 1.000000 0.000000
0.993778 0.111377 0.000000 32.245279 -0.111377 0.993778 0.000000 -3.989783 0.000000 0.000000 1.000000 0.000000
0.993483 0.113980 0.000000 32.851317 -0.113980 0.993483 0.000000 -4.183310 0.000000 0.000000 1.000000 0.000000
0.993041 0.117766 0.000000 33.418518 -0.117766 0.993041 0.000000 -4.357764 0.000000 0.000000 1.000000 0.000000
0.993403 0.114676 0.000000 33.983016 -0.114676 0.993403 0.000000 -4.427828 0.000000 0.000000 1.000000 0.000000
0.993105 0.117229 0.000000 34.599455 -0.117229 0.993105 0.000000 -4.532299 0.000000 0.000000 1.000000 0.000000
0.992876 0.119154 0.000000 35.056643 -0.119154 0.992876 0.000000 -4.673257 0.000000 0.000000 1.000000 0.000000
0.992468 0.122506 0.000000 36.013132 -0.122506 0.992468 0.000000 -4.810317 0.000000 0.000000 1.000000 0.000000
0.991676 0.128756 0.000000 36.588496 -0.128756 0.991676 0.000000 -4.928677 0.000000 0.000000 1.000000 0.000000
0.991140 0.132824 0.000000 37.182400 -0.132824 0.991140 0.000000 -5.111947 0.000000 0.000000 1.000000 0.000000
0.991188 0.132461 0.000000 37.735430 -0.132461 0.991188 0.000000 -5.193412 0.000000 0.000000 1.000000 0.000000
0.990693 0.136113 0.000000 38.306940 -0.136113 0.990693 0.000000 -5.277703 0.000000 0.000000 1.000000 0.000000
0.990638 0.136517 0.000000 38.804389 -0.136517 0.990638 0.000000 -5.375372 0.000000 0.000000 1.000000 0.000000
0.990299 0.138950 0.000000 39.412421 -0.138950 0.990299 0.000000 -5.556876 0.000000 0.000000 1.000000 0.000000
0.990109 0.140298 0.000000 39.919323 -0.140298 0.990109 0.000000 -5.629987 0.000000 0.000000 1.000000 0.000000
0.989815 0.142357 0.000000 40.503687 -0.142357 0.989815 0.000000 -5.722513 0.000000 0.000000 1.000000 0.000000
0.989698 0.143172 0.000000 41.044154 -0.143172 0.989698 0.000000 -5.893501 0.000000 0.000000 1.000000 0.000000
0.989295 0.145929 0.000000 41.572676 -0.145929 0.989295 0.000000 -5.906391 0.000000 0.000000 1.000000 0.000000
0.989136 0.147001 0.000000 42.075763 -0.147001 0.989136 0.000000 -5.996763 0.000000 0.000000 1.000000 0.000000
0.988807 0.149202 0.000000 42.582583 -0.149202 0.988807 0.000000 -6.159165 0.000000 0.000000 1.000000 0.000000
0.988476 0.151376 0.000000 43.165350 -0.151376 0.988476 0.000000 -6.359766 0.000000 0.000000 1.000000 0.000000
0.988400 0.151872 0.000000 44.186659 -0.151872 0.988400 0.000000 -6.502251 0.000000 0.000000 1.000000 0.000000
0.988222 0.153024 0.000000 44.739063 -0.153024 0.988222 0.000000 -6.643691 0.000000 0.000000 1.000000 0.000000
0.987682 0.156475 0.000000 45.335349 -0.156475 0.987682 0.000000 -6.713358 0.000000 0.000000 1.000000 0.000000
0.987688 0.156434 0.000000 46.430590 -0.156434 0.987688 0.000000 -7.097345 0.000000 0.000000 1.000000 0.000000
0.986795 0.161974 0.000000 46.928001 -0.161974 0.986795 0.000000 -7.203478 0.000000 0.000000 1.000000 0.000000
0.986350 0.164665 0.000000 47.340287 -0.164665 0.986350 0.000000 -7.345103 0.000000 0.000000 1.000000 0.000000
0.986706 0.162518 0.000000 48.328841 -0.162518 0.986706 0.000000 -7.478991 0.000000 0.000000 1.000000 0.000000
0.986449 0.164070 0.000000 48.839735 -0.164070 0.986449 0.000000 -7.584767 0.000000 0.000000 1.000000 0.000000
0.986357 0.164619 0.000000 49.360826 -0.164619 0.986357 0.000000 -7.709481 0.000000 0.000000 1.000000 0.000000
0.985848 0.167639 0.000000 49.818743 -0.167639 0.985848 0.000000 -7.882261 0.000000 0.000000 1.000000 0.000000
0.985241 0.171176 0.000000 50.679384 -0.171176 0.985241 0.000000 -8.085504 0.000000 0.000000 1.000000 0.000000
0.985628 0.168933 0.000000 51.131820 -0.168933 0.985628 0.000000 -8.310225 0.000000 0.000000 1.000000 0.000000
0.985086 0.172063 0.000000 51.636551 -0.172063 0.985086 0.000000 -8.394596 0.000000 0.000000 1.000000 0.000000
0.984264 0.176703 0.000000 52.083646 -0.176703 0.984264 0.000000 -8.395516 0.000000 0.000000 1.000000 0.000000
0.984313 0.176431 0.000000 52.536333 -0.176431 0.984313 0.000000 -8.508789 0.000000 0.000000 1.000000 0.000000
0.984380 0.176055 0.000000 52.971502 -0.176055 0.984380 0.000000 -8.488733 0.000000 0.000000 1.000000 0.000000
0.983985 0.178253 0.000000 53.440504 -0.178253 0.983985 0.000000 -8.546352 0.000000 0.000000 1.000000 0.000000
0.983251 0.182258 0.000000 54.085498 -0.182258 0.983251 0.000000 -8.762859 0.000000 0.000000 1.000000 0.000000
0.983156 0.182769 0.000000 54.452327 -0.182769 0.983156 0.000000 -8.900567 0.000000 0.000000 1.000000 0.000000
0.983241 0.182311 0.000000 54.879946 -0.182311 0.983241 0.000000 -8.943226 0.000000 0.000000 1.000000 0.000000
0.983399 0.181459 0.000000 55.349966 -0.181459 0.983399 0.000000 -8.960105 0.000000 0.000000 1.000000 0.000000
0.982497 0.186276 0.000000 55.805010 -0.186276 0.982497 0.000000 -9.191298 0.000000 0.000000 1.000000 0.000000
0.982364 0.186979 0.000000 56.227263 -0.186979 0.982364 0.000000 -9.317351 0.000000 0.000000 1.000000 0.000000
0.981994 0.188910 0.000000 56.886188 -0.188910 0.981994 0.000000 -9.530579 0.000000 0.000000 1.000000 0.000000
0.982508 0.186219 0.000000 57.246422 -0.186219 0.982508 0.000000 -9.433123 0.000000 0.000000 1.000000 0.000000
0.981880 0.189504 0.000000 57.589047 -0.189504 0.981880 0.000000 -9.590748 0.000000 0.000000 1.000000 0.000000
0.981670 0.190587 0.000000 58.020984 -0.190587 0.981670 0.000000 -9.681033 0.000000 0.000000 1.000000 0.000000
0.980695 0.195544 0.000000 58.390617 -0.195544 0.980695 0.000000 -9.928345 0.000000 0.000000 1.000000 0.000000
0.979792 0.200020 0.000000 58.677525 -0.200020 0.979792 0.000000 -10.127101 0.000000 0.000000 1.000000 0.000000
0.980079 0.198609 0.000000 58.995448 -0.198609 0.980079 0.000000 -10.141032 0.000000 0.000000 1.000000 0.000000
0.980240 0.197810 0.000000 59.382161 -0.197810 0.980240 0.000000 -10.302193 0.000000 0.000000 1.000000 0.000000
0.980029 0.198857 0.000000 59.739013 -0.198857 0.980029 0.000000 -10.434759 0.000000 0.000000 1.000000 0.000000
0.979815 0.199906 0.000000 60.019958 -0.199906 0.979815 0.000000 -10.498249 0.000000 0.000000 1.000000 0.000000
0.978965 0.204028 0.000000 60.611124 -0.204028 0.978965 0.000000 -10.690776 0.000000 0.000000 1.000000 0.000000
0.980638 0.195831 0.000000 60.894508 -0.195831 0.980638 0.000000 -10.579911 0.000000 0.000000 1.000000 0.000000
0.981684 0.190514 0.000000 61.276926 -0.190514 0.981684 0.000000 -10.534161 0.000000 0.000000 1.000000 0.000000
0.981723 0.190314 0.000000 61.681039 -0.190314 0.981723 0.000000 -10.584322 0.000000 0.000000 1.000000 0.000000
0.980989 0.194065 0.000000 62.011008 -0.194065 0.980989 0.000000 -10.689088 0.000000 0.000000 1.000000 0.000000
0.980189 0.198066 0.000000 62.235483 -0.198066 0.980189 0.000000 -10.805362 0.000000 0.000000 1.000000 0.000000
0.979691 0.200512 0.000000 62.401302 -0.200512 0.979691 0.000000 -10.788465 0.000000 0.000000 1.000000 0.000000
0.980615 0.195943 0.000000 62.668412 -0.195943 0.980615 0.000000 -10.804640 0.000000 0.000000 1.000000 0.000000
0.981069 0.193657 0.000000 63.150643 -0.193657 0.981069 0.000000 -10.913388 0.000000 0.000000 1.000000 0.000000
0.981207 0.192957 0.000000 63.415758 -0.192957 0.981207 0.000000 -10.983974 0.000000 0.000000 1.000000 0.000000
0.980451 0.196765 0.000000 63.666347 -0.196765 0.980451 0.000000 -11.073147 0.000000 0.000000 1.000000 0.000000
0.979952 0.199235 0.000000 63.863622 -0.199235 0.979952 0.000000 -11.153022 0.000000 0.000000 1.000000 0.000000
0.979829 0.199837 0.000000 64.041099 -0.199837 0.979829 0.000000 -11.125750 0.000000 0.000000 1.000000 0.000000
0.979204 0.202878 0.000000 64.208759 -0.202878 0.979204 0.000000 -11.151178 0.000000 0.000000 1.000000 0.000000
0.978787 0.204878 0.000000 64.372190 -0.204878 0.978787 0.000000 -11.223827 0.000000 0.000000 1.000000 0.000000
0.978753 0.205042 0.000000 64.619681 -0.205042 0.978753 0.000000 -11.296099 0.000000 0.000000 1.000000 0.000000
0.978694 0.205324 0.000000 64.796227 -0.205324 0.978694 0.000000 -11.432672 0.000000 0.000000 1.000000 0.000000
0.977183 0.212397 0.000000 65.371401 -0.212397 0.977183 0.000000 -11.644488 0.000000 0.000000 1.000000 0.000000
0.976156 0.217072 0.000000 65.615758 -0.217072 0.976156 0.000000 -11.820362 0.000000 0.000000 1.000000 0.000000
0.975473 0.220119 0.000000 65.860263 -0.220119 0.975473 0.000000 -11.915802 0.000000 0.000000 1.000000 0.000000
0.974950 0.222426 0.000000 66.080017 -0.222426 0.974950 0.000000 -12.063120 0.000000 0.000000 1.000000 0.000000
0.974866 0.222790 0.000000 66.305043 -0.222790 0.974866 0.000000 -12.130533 0.000000 0.000000 1.000000 0.000000
0.974653 0.223723 0.000000 66.673429 -0.223723 0.974653 0.000000 -12.206480 0.000000 0.000000 1.000000 0.000000
0.973650 0.228049 0.000000 66.862569 -0.228049 0.973650 0.000000 -12.255847 0.000000 0.000000 1.000000 0.000000
0.973507 0.228655 0.000000 67.097797 -0.228655 0.973507 0.000000 -12.309026 0.000000 0.000000 1.000000 0.000000
0.972642 0.232307 0.000000 67.305166 -0.232307 0.972642 0.000000 -12.381201 0.000000 0.000000 1.000000 0.000000
0.972341 0.233565 0.000000 67.510445 -0.233565 0.972341 0.000000 -12.456141 0.000000 0.000000 1.000000 0.000000
0.971888 0.235443 0.000000 67.793256 -0.235443 0.971888 0.000000 -12.589736 0.000000 0.000000 1.000000 0.000000
0.972291 0.233775 0.000000 68.075693 -0.233775 0.972291 0.000000 -12.613454 0.000000 0.000000 1.000000 0.000000
0.971915 0.235333 0.000000 68.457563 -0.235333 0.971915 0.000000 -12.752961 0.000000 0.000000 1.000000 0.000000
0.971483 0.237109 0.000000 68.702808 -0.237109 0.971483 0.000000 -12.785888 0.000000 0.000000 1.000000 0.000000
0.971713 0.236165 0.000000 68.972559 -0.236165 0.971713 0.000000 -12.816995 0.000000 0.000000 1.000000 0.000000
0.970901 0.239480 0.000000 69.311637 -0.239480 0.970901 0.000000 -12.896034 0.000000 0.000000 1.000000 0.000000
0.970869 0.239610 0.000000 69.577691 -0.239610 0.970869 0.000000 -12.904262 0.000000 0.000000 1.000000 0.000000
0.970981 0.239157 0.000000 69.677078 -0.239157 0.970981 0.000000 -13.066841 0.000000 0.000000 1.000000 0.000000
0.970607 0.240669 0.000000 69.999889 -0.240669 0.970607 0.000000 -13.104936 0.000000 0.000000 1.000000 0.000000
0.970141 0.242540 0.000000 70.147847 -0.242540 0.970141 0.000000 -13.199982 0.000000 0.000000 1.000000 0.000000
0.969297 0.245893 0.000000 70.311310 -0.245893 0.969297 0.000000 -13.344835 0.000000 0.000000 1.000000 0.000000
0.968916 0.247389 0.000000 70.672123 -0.247389 0.968916 0.000000 -13.490144 0.000000 0.000000 1.000000 0.000000
0.968798 0.247851 0.000000 70.905554 -0.247851 0.968798 0.000000 -13.546302 0.000000 0.000000 1.000000 0.000000
0.968067 0.250691 0.000000 71.107942 -0.250691 0.968067 0.000000 -13.612990 0.000000 0.000000 1.000000 0.000000
0.967537 0.252730 0.000000 71.853299 -0.252730 0.967537 0.000000 -13.889129 0.000000 0.000000 1.000000 0.000000
0.966670 0.256024 0.000000 72.223399 -0.256024 0.966670 0.000000 -13.989052 0.000000 0.000000 1.000000 0.000000
0.965666 0.259787 0.000000 72.463229 -0.259787 0.965666 0.000000 -14.199525 0.000000 0.000000 1.000000 0.000000
0.965552 0.260211 0.000000 72.819000 -0.260211 0.965552 0.000000 -14.295753 0.000000 0.000000 1.000000 0.000000
0.965894 0.258938 0.000000 73.089818 -0.258938 0.965894 0.000000 -14.350740 0.000000 0.000000 1.000000 0.000000
0.965077 0.261968 0.000000 73.607680 -0.261968 0.965077 0.000000 -14.507191 0.000000 0.000000 1.000000 0.000000
0.965686 0.259714 0.000000 73.862065 -0.259714 0.965686 0.000000 -14.502501 0.000000 0.000000 1.000000 0.000000
0.966108 0.258137 0.000000 74.209388 -0.258137 0.966108 0.000000 -14.554331 0.000000 0.000000 1.000000 0.000000
0.965871 0.259024 0.000000 74.673167 -0.259024 0.965871 0.000000 -14.760387 0.000000 0.000000 1.000000 0.000000
0.965141 0.261732 0.000000 74.964774 -0.261732 0.965141 0.000000 -14.812036 0.000000 0.000000 1.000000 0.000000
0.962979 0.269576 0.000000 75.399583 -0.269576 0.962979 0.000000 -15.000577 0.000000 0.000000 1.000000 0.000000
0.964057 0.265694 0.000000 75.808433 -0.265694 0.964057 0.000000 -15.065839 0.000000 0.000000 1.000000 0.000000
0.964706 0.263330 0.000000 76.190637 -0.263330 0.964706 0.000000 -15.095900 0.000000 0.000000 1.000000 0.000000
0.963205 0.268770 0.000000 76.583835 -0.268770 0.963205 0.000000 -15.138329 0.000000 0.000000 1.000000 0.000000
0.963418 0.268004 0.000000 76.938832 -0.268004 0.963418 0.000000 -15.184774 0.000000 0.000000 1.000000 0.000000
0.962602 0.270919 0.000000 77.470794 -0.270919 0.962602 0.000000 -15.348239 0.000000 0.000000 1.000000 0.000000
0.962877 0.269940 0.000000 77.793499 -0.269940 0.962877 0.000000 -15.380460 0.000000 0.000000 1.000000 0.000000
0.962313 0.271944 0.000000 78.160076 -0.271944 0.962313 0.000000 -15.481998 0.000000 0.000000 1.000000 0.000000
0.961622 0.274378 0.000000 78.483077 -0.274378 0.961622 0.000000 -15.582809 0.000000 0.000000 1.000000 0.000000
0.961348 0.275337 0.000000 79.078779 -0.275337 0.961348 0.000000 -15.784521 0.000000 0.000000 1.000000 0.000000
0.960552 0.278100 0.000000 79.748301 -0.278100 0.960552 0.000000 -16.015635 0.000000 0.000000 1.000000 0.000000
0.960846 0.277085 0.000000 80.136046 -0.277085 0.960846 0.000000 -16.098123 0.000000 0.000000 1.000000 0.000000
0.960689 0.277626 0.000000 80.611933 -0.277626 0.960689 0.000000 -16.247015 0.000000 0.000000 1.000000 0.000000
0.959786 0.280734 0.000000 80.974144 -0.280734 0.959786 0.000000 -16.397132 0.000000 0.000000 1.000000 0.000000
0.959484 0.281762 0.000000 81.306199 -0.281762 0.959484 0.000000 -16.539572 0.000000 0.000000 1.000000 0.000000
0.959295 0.282406 0.000000 81.593453 -0.282406 0.959295 0.000000 -16.589392 0.000000 0.000000 1.000000 0.000000
0.959532 0.281601 0.000000 82.105781 -0.281601 0.959532 0.000000 -16.717286 0.000000 0.000000 1.000000 0.000000
0.960725 0.277502 0.000000 82.832301 -0.277502 0.960725 0.000000 -16.929015 0.000000 0.000000 1.000000 0.000000
0.960161 0.279448 0.000000 83.606980 -0.279448 0.960161 0.000000 -17.155032 0.000000 0.000000 1.000000 0.000000
0.959807 0.280661 0.000000 84.083889 -0.280661 0.959807 0.000000 -17.335119 0.000000 0.000000 1.000000 0.000000
0.958741 0.284282 0.000000 84.564773 -0.284282 0.958741 0.000000 -17.526198 0.000000 0.000000 1.000000 0.000000
0.957919 0.287040 0.000000 85.035971 -0.287040 0.957919 0.000000 -17.700875 0.000000 0.000000 1.000000 0.000000
0.956768 0.290853 0.000000 85.531163 -0.290853 0.956768 0.000000 -17.844779 0.000000 0.000000 1.000000 0.000000
0.957236 0.289309 0.000000 85.911897 -0.289309 0.957236 0.000000 -17.961829 0.000000 0.000000 1.000000 0.000000
0.955758 0.294153 0.000000 86.347079 -0.294153 0.955758 0.000000 -18.071657 0.000000 0.000000 1.000000 0.000000
0.955252 0.295793 0.000000 86.869296 -0.295793 0.955252 0.000000 -18.257018 0.000000 0.000000 1.000000 0.000000
0.954706 0.297550 0.000000 87.286515 -0.297550 0.954706 0.000000 -18.424681 0.000000 0.000000 1.000000 0.000000
0.954636 0.297775 0.000000 87.770187 -0.297775 0.954636 0.000000 -18.521652 0.000000 0.000000 1.000000 0.000000
0.954510 0.298178 0.000000 88.248631 -0.298178 0.954510 0.000000 -18.648584 0.000000 0.000000 1.000000 0.000000
0.953663 0.300878 0.000000 89.207632 -0.300878 0.953663 0.000000 -18.916398 0.000000 0.000000 1.000000 0.000000
0.954006 0.299789 0.000000 89.683797 -0.299789 0.954006 0.000000 -19.058774 0.000000 0.000000 1.000000 0.000000
0.953592 0.301101 0.000000 90.240631 -0.301101 0.953592 0.000000 -19.245651 0.000000 0.000000 1.000000 0.000000
0.952259 0.305292 0.000000 90.752896 -0.305292 0.952259 0.000000 -19.343252 0.000000 0.000000 1.000000 0.000000
0.951435 0.307851 0.000000 91.260054 -0.307851 0.951435 0.000000 -19.475355 0.000000 0.000000 1.000000 0.000000
0.951976 0.306174 0.000000 92.022524 -0.306174 0.951976 0.000000 -19.757756 0.000000 0.000000 1.000000 0.000000
0.952133 0.305683 0.000000 92.569666 -0.305683 0.952133 0.000000 -19.902937 0.000000 0.000000 1.000000 0.000000
0.948569 0.316572 0.000000 93.699170 -0.316572 0.948569 0.000000 -20.258482 0.000000 0.000000 1.000000 0.000000
0.947070 0.321028 0.000000 94.401481 -0.321028 0.947070 0.000000 -20.550540 0.000000 0.000000 1.000000 0.000000
0.946061 0.323988 0.000000 95.014747 -0.323988 0.946061 0.000000 -20.770485 0.000000 0.000000 1.000000 0.000000
0.944836 0.327543 0.000000 95.629903 -0.327543 0.944836 0.000000 -20.992289 0.000000 0.000000 1.000000 0.000000
0.943580 0.331144 0.000000 96.135499 -0.331144 0.943580 0.000000 -21.168562 0.000000 0.000000 1.000000 0.000000
0.943433 0.331563 0.000000 96.739417 -0.331563 0.943433 0.000000 -21.376323 0.000000 0.000000 1.000000 0.000000
0.943100 0.332509 0.000000 97.294263 -0.332509 0.943100 0.000000 -21.596342 0.000000 0.000000 1.000000 0.000000
0.942798 0.333364 0.000000 97.816482 -0.333364 0.942798 0.000000 -21.746263 0.000000 0.000000 1.000000 0.000000
0.941983 0.335661 0.000000 98.405868 -0.335661 0.941983 0.000000 -21.958135 0.000000 0.000000 1.000000 0.000000
0.941876 0.335961 0.000000 99.003300 -0.335961 0.941876 0.000000 -22.123150 0.000000 0.000000 1.000000 0.000000
0.942868 0.333166 0.000000 99.494797 -0.333166 0.942868 0.000000 -22.307787 0.000000 0.000000 1.000000 0.000000
0.942889 0.333106 0.000000 100.063881 -0.333106 0.942889 0.000000 -22.489813 0.000000 0.000000 1.000000 0.000000
0.942184 0.335097 0.000000 100.601639 -0.335097 0.942184 0.000000 -22.708589 0.000000 0.000000 1.000000 0.000000
0.941218 0.337801 0.000000 101.048236 -0.337801 0.941218 0.000000 -22.920852 0.000000 0.000000 1.000000 0.000000
0.941129 0.338049 0.000000 102.185996 -0.338049 0.941129 0.000000 -23.263725 0.000000 0.000000 1.000000 0.000000
0.940088 0.340932 0.000000 102.780985 -0.340932 0.940088 0.000000 -23.562201 0.000000 0.000000 1.000000 0.000000
0.939837 0.341623 0.000000 103.402640 -0.341623 0.939837 0.000000 -23.718806 0.000000 0.000000 1.000000 0.000000
0.938696 0.344746 0.000000 104.022616 -0.344746 0.938696 0.000000 -23.928182 0.000000 0.000000 1.000000 0.000000
0.937378 0.348313 0.000000 104.607533 -0.348313 0.937378 0.000000 -24.127341 0.000000 0.000000 1.000000 0.000000
0.938052 0.346494 0.000000 105.213014 -0.346494 0.938052 0.000000 -24.332795 0.000000 0.000000 1.000000 0.000000
0.937440 0.348147 0.000000 105.718392 -0.348147 0.937440 0.000000 -24.550751 0.000000 0.000000 1.000000 0.000000
0.937311 0.348493 0.000000 106.323733 -0.348493 0.937311 0.000000 -24.714387 0.000000 0.000000 1.000000 0.000000
0.937232 0.348707 0.000000 106.868775 -0.348707 0.937232 0.000000 -24.883586 0.000000 0.000000 1.000000 0.000000
0.936766 0.349955 0.000000 107.495791 -0.349955 0.936766 0.000000 -25.087096 0.000000 0.000000 1.000000 0.000000
0.935902 0.352261 0.000000 108.062542 -0.352261 0.935902 0.000000 -25.318798 0.000000 0.000000 1.000000 0.000000
0.935279 0.353912 0.000000 108.678700 -0.353912 0.935279 0.000000 -25.543465 0.000000 0.000000 1.000000 0.000000
0.936158 0.351579 0.000000 109.529411 -0.351579 0.936158 0.000000 -25.697122 0.000000 0.000000 1.000000 0.000000
0.935865 0.352359 0.000000 110.130589 -0.352359 0.935865 0.000000 -25.872618 0.000000 0.000000 1.000000 0.000000
0.934204 0.356738 0.000000 110.743580 -0.356738 0.934204 0.000000 -26.030872 0.000000 0.000000 1.000000 0.000000
0.935180 0.354173 0.000000 111.693033 -0.354173 0.935180 0.000000 -26.469040 0.000000 0.000000 1.000000 0.000000
0.936227 0.351396 0.000000 112.332292 -0.351396 0.936227 0.000000 -26.531005 0.000000 0.000000 1.000000 0.000000
0.935499 0.353331 0.000000 112.933268 -0.353331 0.935499 0.000000 -26.673559 0.000000 0.000000 1.000000 0.000000
0.934633 0.355613 0.000000 113.576191 -0.355613 0.934633 0.000000 -26.861207 0.000000 0.000000 1.000000 0.000000
0.934326 0.356418 0.000000 114.181450 -0.356418 0.934326 0.000000 -27.074768 0.000000 0.000000 1.000000 0.000000
0.934352 0.356351 0.000000 114.843820 -0.356351 0.934352 0.000000 -27.256743 0.000000 0.000000 1.000000 0.000000
0.934964 0.354742 0.000000 115.467909 -0.354742 0.934964 0.000000 -27.418485 0.000000 0.000000 1.000000 0.000000
0.934598 0.355706 0.000000 116.616394 -0.355706 0.934598 0.000000 -27.868632 0.000000 0.000000 1.000000 0.000000
0.934833 0.355086 0.000000 117.202604 -0.355086 0.934833 0.000000 -28.127660 0.000000 0.000000 1.000000 0.000000
0.934557 0.355814 0.000000 117.779068 -0.355814 0.934557 0.000000 -28.357163 0.000000 0.000000 1.000000 0.000000
0.934541 0.355856 0.000000 118.366522 -0.355856 0.934541 0.000000 -28.533923 0.000000 0.000000 1.000000 0.000000
0.933974 0.357341 0.000000 119.675760 -0.357341 0.933974 0.000000 -29.005126 0.000000 0.000000 1.000000 0.000000
0.934172 0.356824 0.000000 120.247627 -0.356824 0.934172 0.000000 -29.188293 0.000000 0.000000 1.000000 0.000000
0.932647 0.360790 0.000000 120.853732 -0.360790 0.932647 0.000000 -29.352306 0.000000 0.000000 1.000000 0.000000
0.933096 0.359627 0.000000 121.328120 -0.359627 0.933096 0.000000 -29.483545 0.000000 0.000000 1.000000 0.000000
0.931966 0.362547 0.000000 121.885741 -0.362547 0.931966 0.000000 -29.731137 0.000000 0.000000 1.000000 0.000000
0.924460 0.381280 0.000000 126.361772 -0.381280 0.924460 0.000000 -31.646038 0.000000 0.000000 1.000000 0.000000
0.926718 0.375757 0.000000 126.913839 -0.375757 0.926718 0.000000 -31.731655 0.000000 0.000000 1.000000 0.000000
0.926466 0.376379 0.000000 127.385963 -0.376379 0.926466 0.000000 -31.823898 0.000000 0.000000 1.000000 0.000000
0.926763 0.375646 0.000000 127.946879 -0.375646 0.926763 0.000000 -32.051029 0.000000 0.000000 1.000000 0.000000
0.925436 0.378905 0.000000 128.511190 -0.378905 0.925436 0.000000 -32.275684 0.000000 0.000000 1.000000 0.000000
0.926407 0.376525 0.000000 129.122915 -0.376525 0.926407 0.000000 -32.457348 0.000000 0.000000 1.000000 0.000000
0.924246 0.381796 0.000000 129.752627 -0.381796 0.924246 0.000000 -32.763501 0.000000 0.000000 1.000000 0.000000
0.924066 0.382232 0.000000 130.455636 -0.382232 0.924066 0.000000 -33.110771 0.000000 0.000000 1.000000 0.000000
0.922887 0.385071 0.000000 131.016036 -0.385071 0.922887 0.000000 -33.446001 0.000000 0.000000 1.000000 0.000000
0.921525 0.388320 0.000000 131.640913 -0.388320 0.921525 0.000000 -33.654876 0.000000 0.000000 1.000000 0.000000
0.920340 0.391119 0.000000 132.495867 -0.391119 0.920340 0.000000 -34.094678 0.000000 0.000000 1.000000 0.000000
0.921111 0.389300 0.000000 133.041912 -0.389300 0.921111 0.000000 -34.269792 0.000000 0.000000 1.000000 0.000000
0.921300 0.388853 0.000000 133.684285 -0.388853 0.921300 0.000000 -34.436880 0.000000 0.000000 1.000000 0.000000
0.920540 0.390648 0.000000 134.227690 -0.390648 0.920540 0.000000 -34.723707 0.000000 0.000000 1.000000 0.000000
0.920812 0.390006 0.000000 134.829845 -0.390006 0.920812 0.000000 -34.947268 0.000000 0.000000 1.000000 0.000000
0.919737 0.392536 0.000000 135.674311 -0.392536 0.919737 0.000000 -35.351574 0.000000 0.000000 1.000000 0.000000
0.919338 0.393469 0.000000 136.238380 -0.393469 0.919338 0.000000 -35.561976 0.000000 0.000000 1.000000 0.000000
0.918890 0.394514 0.000000 136.816330 -0.394514 0.918890 0.000000 -35.786234 0.000000 0.000000 1.000000 0.000000
0.918526 0.395361 0.000000 137.338066 -0.395361 0.918526 0.000000 -35.991015 0.000000 0.000000 1.000000 0.000000
0.916932 0.399044 0.000000 138.096371 -0.399044 0.916932 0.000000 -36.336003 0.000000 0.000000 1.000000 0.000000
0.916331 0.400423 0.000000 138.641967 -0.400423 0.916331 0.000000 -36.702202 0.000000 0.000000 1.000000 0.000000
0.916582 0.399846 0.000000 139.224297 -0.399846 0.916582 0.000000 -36.970693 0.000000 0.000000 1.000000 0.000000
0.917218 0.398385 0.000000 139.798023 -0.398385 0.917218 0.000000 -37.157091 0.000000 0.000000 1.000000 0.000000
0.918081 0.396393 0.000000 140.379937 -0.396393 0.918081 0.000000 -37.403252 0.000000 0.000000 1.000000 0.000000
0.916621 0.399756 0.000000 141.452015 -0.399756 0.916621 0.000000 -37.975387 0.000000 0.000000 1.000000 0.000000
0.916682 0.399617 0.000000 141.959478 -0.399617 0.916682 0.000000 -38.313596 0.000000 0.000000 1.000000 0.000000
0.915363 0.402629 0.000000 142.538141 -0.402629 0.915363 0.000000 -38.466705 0.000000 0.000000 1.000000 0.000000
0.916498 0.400039 0.000000 143.113761 -0.400039 0.916498 0.000000 -38.660918 0.000000 0.000000 1.000000 0.000000
0.915478 0.402367 0.000000 143.624924 -0.402367 0.915478 0.000000 -38.944782 0.000000 0.000000 1.000000 0.000000
0.915530 0.402250 0.000000 144.257850 -0.402250 0.915530 0.000000 -39.208898 0.000000 0.000000 1.000000 0.000000
0.916445 0.400161 0.000000 144.928722 -0.400161 0.916445 0.000000 -39.500859 0.000000 0.000000 1.000000 0.000000
0.915641 0.401997 0.000000 145.492062 -0.401997 0.915641 0.000000 -39.705853 0.000000 0.000000 1.000000 0.000000
0.915267 0.402848 0.000000 145.995666 -0.402848 0.915267 0.000000 -39.926697 0.000000 0.000000 1.000000 0.000000
0.914827 0.403847 0.000000 146.592033 -0.403847 0.914827 0.000000 -40.185300 0.000000 0.000000 1.000000 0.000000
0.914055 0.405590 0.000000 147.120050 -0.405590 0.914055 0.000000 -40.410484 0.000000 0.000000 1.000000 0.000000
0.914057 0.405586 0.000000 147.616914 -0.405586 0.914057 0.000000 -40.630150 0.000000 0.000000 1.000000 0.000000
0.914004 0.405704 0.000000 148.164470 -0.405704 0.914004 0.000000 -40.876001 0.000000 0.000000 1.000000 0.000000
0.915543 0.402221 0.000000 148.769661 -0.402221 0.915543 0.000000 -41.064141 0.000000 0.000000 1.000000 0.000000
0.914344 0.404937 0.000000 149.354631 -0.404937 0.914344 0.000000 -41.298829 0.000000 0.000000 1.000000 0.000000
0.913033 0.407885 0.000000 149.927913 -0.407885 0.913033 0.000000 -41.564448 0.000000 0.000000 1.000000 0.000000
0.911858 0.410506 0.000000 150.594352 -0.410506 0.911858 0.000000 -41.844614 0.000000 0.000000 1.000000 0.000000
0.911128 0.412125 0.000000 151.175311 -0.412125 0.911128 0.000000 -42.043925 0.000000 0.000000 1.000000 0.000000
0.910878 0.412676 0.000000 151.711796 -0.412676 0.910878 0.000000 -42.312571 0.000000 0.000000 1.000000 0.000000
0.912046 0.410088 0.000000 152.299320 -0.410088 0.912046 0.000000 -42.354654 0.000000 0.000000 1.000000 0.000000
0.912210 0.409722 0.000000 152.888019 -0.409722 0.912210 0.000000 -42.541726 0.000000 0.000000 1.000000 0.000000
0.912667 0.408704 0.000000 153.428426 -0.408704 0.912667 0.000000 -42.737765 0.000000 0.000000 1.000000 0.000000
0.911805 0.410624 0.000000 154.081625 -0.410624 0.911805 0.000000 -43.002584 0.000000 0.000000 1.000000 0.000000
0.912808 0.408390 0.000000 154.703194 -0.408390 0.912808 0.000000 -43.176462 0.000000 0.000000 1.000000 0.000000
0.910207 0.414153 0.000000 155.237063 -0.414153 0.910207 0.000000 -43.412448 0.000000 0.000000 1.000000 0.000000
0.912043 0.410094 0.000000 155.900937 -0.410094 0.912043 0.000000 -43.645225 0.000000 0.000000 1.000000 0.000000
0.913191 0.407532 0.000000 156.487077 -0.407532 0.913191 0.000000 -43.918373 0.000000 0.000000 1.000000 0.000000
0.912555 0.408953 0.000000 157.045686 -0.408953 0.912555 0.000000 -44.113592 0.000000 0.000000 1.000000 0.000000
0.911562 0.411163 0.000000 157.732826 -0.411163 0.911562 0.000000 -44.413265 0.000000 0.000000 1.000000 0.000000
0.910362 0.413814 0.000000 158.240804 -0.413814 0.910362 0.000000 -44.665045 0.000000 0.000000 1.000000 0.000000
0.912555 0.408953 0.000000 158.759288 -0.408953 0.912555 0.000000 -44.855106 0.000000 0.000000 1.000000 0.000000
0.912458 0.409170 0.000000 159.233903 -0.409170 0.912458 0.000000 -45.171976 0.000000 0.000000 1.000000 0.000000
0.913533 0.406765 0.000000 159.763269 -0.406765 0.913533 0.000000 -45.356606 0.000000 0.000000 1.000000 0.000000
0.912108 0.409950 0.000000 160.291067 -0.409950 0.912108 0.000000 -45.549438 0.000000 0.000000 1.000000 0.000000
0.912799 0.408409 0.000000 160.764679 -0.408409 0.912799 0.000000 -45.645361 0.000000 0.000000 1.000000 0.000000
0.913571 0.406680 0.000000 161.217114 -0.406680 0.913571 0.000000 -45.821961 0.000000 0.000000 1.000000 0.000000
0.913371 0.407129 0.000000 161.689710 -0.407129 0.913371 0.000000 -46.203801 0.000000 0.000000 1.000000 0.000000
0.912340 0.409432 0.000000 162.155747 -0.409432 0.912340 0.000000 -46.546360 0.000000 0.000000 1.000000 0.000000
0.911132 0.412115 0.000000 162.656611 -0.412115 0.911132 0.000000 -46.826431 0.000000 0.000000 1.000000 0.000000
0.910343 0.413854 0.000000 163.214780 -0.413854 0.910343 0.000000 -47.119584 0.000000 0.000000 1.000000 0.000000
0.910654 0.413171 0.000000 163.733806 -0.413171 0.910654 0.000000 -47.448521 0.000000 0.000000 1.000000 0.000000
0.910342 0.413856 0.000000 164.363901 -0.413856 0.910342 0.000000 -47.631260 0.000000 0.000000 1.000000 0.000000
0.908423 0.418052 0.000000 164.782618 -0.418052 0.908423 0.000000 -48.146616 0.000000 0.000000 1.000000 0.000000
0.908922 0.416966 0.000000 165.308501 -0.416966 0.908922 0.000000 -48.335743 0.000000 0.000000 1.000000 0.000000
0.909339 0.416055 0.000000 165.776568 -0.416055 0.909339 0.000000 -48.503741 0.000000 0.000000 1.000000 0.000000
0.909093 0.416593 0.000000 166.308731 -0.416593 0.909093 0.000000 -48.669509 0.000000 0.000000 1.000000 0.000000
0.909048 0.416691 0.000000 166.768725 -0.416691 0.909048 0.000000 -48.907801 0.000000 0.000000 1.000000 0.000000
0.910269 0.414017 0.000000 167.214853 -0.414017 0.910269 0.000000 -49.114840 0.000000 0.000000 1.000000 0.000000
0.910646 0.413187 0.000000 167.951016 -0.413187 0.910646 0.000000 -49.453895 0.000000 0.000000 1.000000 0.000000
0.909955 0.414707 0.000000 168.441321 -0.414707 0.909955 0.000000 -49.683621 0.000000 0.000000 1.000000 0.000000
0.910092 0.414406 0.000000 168.800820 -0.414406 0.910092 0.000000 -49.920403 0.000000 0.000000 1.000000 0.000000
0.909426 0.415866 0.000000 169.303583 -0.415866 0.909426 0.000000 -50.183376 0.000000 0.000000 1.000000 0.000000
0.909461 0.415789 0.000000 169.922352 -0.415789 0.909461 0.000000 -50.547789 0.000000 0.000000 1.000000 0.000000
0.911739 0.410770 0.000000 170.941925 -0.410770 0.911739 0.000000 -51.020010 0.000000 0.000000 1.000000 0.000000
0.911480 0.411345 0.000000 171.528902 -0.411345 0.911480 0.000000 -51.312403 0.000000 0.000000 1.000000 0.000000
0.911393 0.411537 0.000000 171.966704 -0.411537 0.911393 0.000000 -51.573897 0.000000 0.000000 1.000000 0.000000
0.910618 0.413250 0.000000 172.402501 -0.413250 0.910618 0.000000 -51.769518 0.000000 0.000000 1.000000 0.000000
0.911470 0.411366 0.000000 172.968363 -0.411366 0.911470 0.000000 -52.033875 0.000000 0.000000 1.000000 0.000000
0.911280 0.411786 0.000000 173.515219 -0.411786 0.911280 0.000000 -52.369584 0.000000 0.000000 1.000000 0.000000
0.910391 0.413749 0.000000 174.045627 -0.413749 0.910391 0.000000 -52.598145 0.000000 0.000000 1.000000 0.000000
0.910586 0.413320 0.000000 174.587220 -0.413320 0.910586 0.000000 -52.861836 0.000000 0.000000 1.000000 0.000000
0.910737 0.412988 0.000000 175.136700 -0.412988 0.910737 0.000000 -53.077449 0.000000 0.000000 1.000000 0.000000
0.910635 0.413211 0.000000 175.651471 -0.413211 0.910635 0.000000 -53.311322 0.000000 0.000000 1.000000 0.000000
0.910764 0.412926 0.000000 176.208795 -0.412926 0.910764 0.000000 -53.540405 0.000000 0.000000 1.000000 0.000000
0.911324 0.411690 0.000000 176.715728 -0.411690 0.911324 0.000000 -53.683564 0.000000 0.000000 1.000000 0.000000
0.911625 0.411022 0.000000 177.144140 -0.411022 0.911625 0.000000 -53.916585 0.000000 0.000000 1.000000 0.000000
0.911960 0.410279 0.000000 177.611227 -0.410279 0.911960 0.000000 -54.136776 0.000000 0.000000 1.000000 0.000000
0.912091 0.409988 0.000000 178.107284 -0.409988 0.912091 0.000000 -54.347204 0.000000 0.000000 1.000000 0.000000
0.912373 0.409360 0.000000 178.553057 -0.409360 0.912373 0.000000 -54.541100 0.000000 0.000000 1.000000 0.000000
0.914126 0.405430 0.000000 179.040231 -0.405430 0.914126 0.000000 -54.760139 0.000000 0.000000 1.000000 0.000000
0.914740 0.404043 0.000000 179.506247 -0.404043 0.914740 0.000000 -54.940306 0.000000 0.000000 1.000000 0.000000
0.914626 0.404300 0.000000 180.002278 -0.404300 0.914626 0.000000 -55.138935 0.000000 0.000000 1.000000 0.000000
0.914790 0.403931 0.000000 180.451145 -0.403931 0.914790 0.000000 -55.283361 0.000000 0.000000 1.000000 0.000000
0.915066 0.403303 0.000000 180.901995 -0.403303 0.915066 0.000000 -55.382547 0.000000 0.000000 1.000000 0.000000
0.916547 0.399927 0.000000 181.565396 -0.399927 0.916547 0.000000 -55.590407 0.000000 0.000000 1.000000 0.000000
0.919117 0.393986 0.000000 182.079514 -0.393986 0.919117 0.000000 -55.770929 0.000000 0.000000 1.000000 0.000000
0.920965 0.389645 0.000000 182.569223 -0.389645 0.920965 0.000000 -55.843841 0.000000 0.000000 1.000000 0.000000
0.921525 0.388319 0.000000 183.094283 -0.388319 0.921525 0.000000 -55.978011 0.000000 0.000000 1.000000 0.000000
0.924216 0.381871 0.000000 183.791662 -0.381871 0.924216 0.000000 -56.218053 0.000000 0.000000 1.000000 0.000000
0.924614 0.380904 0.000000 184.245710 -0.380904 0.924614 0.000000 -56.467577 0.000000 0.000000 1.000000 0.000000
0.925749 0.378139 0.000000 184.698844 -0.378139 0.925749 0.000000 -56.641766 0.000000 0.000000 1.000000 0.000000
0.926761 0.375652 0.000000 185.222991 -0.375652 0.926761 0.000000 -56.848878 0.000000 0.000000 1.000000 0.000000
0.929712 0.368288 0.000000 185.749222 -0.368288 0.929712 0.000000 -57.064234 0.000000 0.000000 1.000000 0.000000
0.933821 0.357741 0.000000 186.702071 -0.357741 0.933821 0.000000 -57.465095 0.000000 0.000000 1.000000 0.000000
0.934706 0.355421 0.000000 187.082720 -0.355421 0.934706 0.000000 -57.644079 0.000000 0.000000 1.000000 0.000000
0.937826 0.347105 0.000000 187.526283 -0.347105 0.937826 0.000000 -57.804736 0.000000 0.000000 1.000000 0.000000
0.940690 0.339267 0.000000 187.892246 -0.339267 0.940690 0.000000 -57.985153 0.000000 0.000000 1.000000 0.000000
0.943041 0.332676 0.000000 188.366258 -0.332676 0.943041 0.000000 -58.129903 0.000000 0.000000 1.000000 0.000000
0.945779 0.324812 0.000000 188.765070 -0.324812 0.945779 0.000000 -58.238277 0.000000 0.000000 1.000000 0.000000
0.951052 0.309030 0.000000 189.537872 -0.309030 0.951052 0.000000 -58.514731 0.000000 0.000000 1.000000 0.000000
0.953456 0.301531 0.000000 189.955890 -0.301531 0.953456 0.000000 -58.592099 0.000000 0.000000 1.000000 0.000000
0.956707 0.291054 0.000000 190.393188 -0.291054 0.956707 0.000000 -58.634221 0.000000 0.000000 1.000000 0.000000
0.959921 0.280271 0.000000 191.000815 -0.280271 0.959921 0.000000 -58.764400 0.000000 0.000000 1.000000 0.000000
0.962490 0.271316 0.000000 191.435892 -0.271316 0.962490 0.000000 -58.812699 0.000000 0.000000 1.000000 0.000000
0.965134 0.261757 0.000000 191.869615 -0.261757 0.965134 0.000000 -58.929323 0.000000 0.000000 1.000000 0.000000
