0.999996 0.002687 0.000000 0.619826 -0.002687 0.999996 0.000000 0.043609 0.000000 0.000000 1.000000 0.000000
0.999972 0.007425 0.000000 1.155882 -0.007425 0.999972 0.000000 -0.039066 0.000000 0.000000 1.000000 0.000000
0.999898 0.014284 0.000000 2.275253 -0.014284 0.999898 0.000000 -0.161236 0.000000 0.000000 1.000000 0.000000
0.999838 0.017982 0.000000 2.837740 -0.017982 0.999838 0.000000 -0.378981 0.000000 0.000000 1.000000 0.000000
0.999709 0.024121 0.000000 4.100276 -0.024121 0.999709 0.000000 -0.425667 0.000000 0.000000 1.000000 0.000000
0.999626 0.027344 0.000000 4.809681 -0.027344 0.999626 0.000000 -0.443902 0.000000 0.000000 1.000000 0.000000
0.999571 0.029303 0.000000 5.378971 -0.029303 0.999571 0.000000 -0.306144 0.000000 0.000000 1.000000 0.000000
0.999517 0.031067 0.000000 5.994332 -0.031067 0.999517 0.000000 -0.242336 0.000000 0.000000 1.000000 0.000000
0.999494 0.031800 0.000000 6.831895 -0.031800 0.999494 0.000000 -0.150077 0.000000 0.000000 1.000000 0.000000
0.999179 0.040515 0.000000 7.457240 -0.040515 0.999179 0.000000 -0.316875 0.000000 0.000000 1.000000 0.000000
0.998989 0.044959 0.000000 8.085657 -0.044959 0.998989 0.000000 -0.341331 0.000000 0.000000 1.000000 0.000000
0.998830 0.048361 0.000000 8.586455 -0.048361 0.998830 0.000000 -0.341317 0.000000 0.000000 1.000000 0.000000
0.998515 0.054486 0.000000 9.091348 -0.054486 0.998515 0.000000 -0.336795 0.000000 0.000000 1.000000 0.000000
0.998191 0.060125 0.000000 9.663731 -0.060125 0.998191 0.000000 -0.363120 0.000000 0.000000 1.000000 0.000000
0.997823 0.065942 0.000000 10.283014 -0.065942 0.997823 0.000000 -0.392280 0.000000 0.000000 1.000000 0.000000
0.997279 0.073721 0.000000 11.004414 -0.073721 0.997279 0.000000 -0.442173 0.000000 0.000000 1.000000 0.000000
0.996752 0.080538 0.000000 11.591909 -0.080538 0.996752 0.000000 -0.564566 0.000000 0.000000 1.000000 0.000000
0.996368 0.085157 0.000000 12.067000 -0.085157 0.996368 0.000000 -0.608716 0.000000 0.000000 1.000000 0.000000
0.995805 0.091498 0.000000 12.650934 -0.091498 0.995805 0.000000 -0.655572 0.000000 0.000000 1.000000 0.000000
0.994306 0.106563 0.000000 13.868130 -0.106563 0.994306 0.000000 -0.796914 0.000000 0.000000 1.000000 0.000000
0.993826 0.110954 0.000000 14.478127 -0.110954 0.993826 0.000000 -0.770587 0.000000 0.000000 1.000000 0.000000
0.992766 0.120062 0.000000 15.032516 -0.120062 0.992766 0.000000 -0.859428 0.000000 0.000000 1.000000 0.000000
0.991617 0.129216 0.000000 15.664599 -0.129216 0.991617 0.000000 -0.937847 0.000000 0.000000 1.000000 0.000000
0.990628 0.136586 0.000000 16.238838 -0.136586 0.990628 0.000000 -1.009315 0.000000 0.000000 1.000000 0.000000
0.989748 0.142827 0.000000 16.796416 -0.142827 0.989748 0.000000 -1.057194 0.000000 0.000000 1.000000 0.000000
0.989155 0.146876 0.000000 17.434927 -0.146876 0.989155 0.000000 -1.118052 0.000000 0.000000 1.000000 0.000000
0.988232 0.152961 0.000000 17.947505 -0.152961 0.988232 0.000000 -1.200836 0.000000 0.000000 1.000000 0.000000
0.986781 0.162060 0.000000 18.735485 -0.162060 0.986781 0.000000 -1.285655 0.000000 0.000000 1.000000 0.000000
0.984752 0.173963 0.000000 19.360072 -0.173963 0.984752 0.000000 -1.495933 0.000000 0.000000 1.000000 0.000000
0.983638 0.180157 0.000000 19.948574 -0.180157 0.983638 0.000000 -1.637289 0.000000 0.000000 1.000000 0.000000
0.982212 0.187775 0.000000 20.493468 -0.187775 0.982212 0.000000 -1.913298 0.000000 0.000000 1.000000 0.000000
0.981133 0.193336 0.000000 21.048419 -0.193336 0.981133 0.000000 -2.001986 0.000000 0.000000 1.000000 0.000000
0.979618 0.200868 0.000000 21.573404 -0.200868 0.979618 0.000000 -2.092904 0.000000 0.000000 1.000000 0.000000
0.977953 0.208825 0.000000 22.126422 -0.208825 0.977953 0.000000 -2.250461 0.000000 0.000000 1.000000 0.000000
0.976290 0.216469 0.000000 22.753442 -0.216469 0.976290 0.000000 -2.440520 0.000000 0.000000 1.000000 0.000000
0.974169 0.225819 0.000000 23.277275 -0.225819 0.974169 0.000000 -2.611204 0.000000 0.000000 1.000000 0.000000
0.971960 0.235147 0.000000 23.835102 -0.235147 0.971960 0.000000 -2.767909 0.000000 0.000000 1.000000 0.000000
0.970194 0.242330 0.000000 24.613857 -0.242330 0.970194 0.000000 -2.891054 0.000000 0.000000 1.000000 0.000000
0.968915 0.247394 0.000000 25.131385 -0.247394 0.968915 0.000000 -3.034212 0.000000 0.000000 1.000000 0.000000
0.966485 0.256724 0.000000 25.723951 -0.256724 0.966485 0.000000 -3.152997 0.000000 0.000000 1.000000 0.000000
0.964761 0.263128 0.000000 26.234471 -0.263128 0.964761 0.000000 -3.240134 0.000000 0.000000 1.000000 0.000000
0.962965 0.269627 0.000000 26.741503 -0.269627 0.962965 0.000000 -3.351609 0.000000 0.000000 1.000000 0.000000
0.961334 0.275384 0.000000 27.278971 -0.275384 0.961334 0.000000 -3.471053 0.000000 0.000000 1.000000 0.000000
0.958899 0.283747 0.000000 27.880669 -0.283747 0.958899 0.000000 -3.664668 0.000000 0.000000 1.000000 0.000000
0.957942 0.286961 0.000000 28.408165 -0.286961 0.957942 0.000000 -3.884543 0.000000 0.000000 1.000000 0.000000
0.955517 0.294935 0.000000 28.945000 -0.294935 0.955517 0.000000 -4.105983 0.000000 0.000000 1.000000 0.000000
0.952639 0.304103 0.000000 29.907088 -0.304103 0.952639 0.000000 -4.253652 0.000000 0.000000 1.000000 0.000000
0.950616 0.310369 0.000000 30.490192 -0.310369 0.950616 0.000000 -4.448067 0.000000 0.000000 1.000000 0.000000
0.948241 0.317551 0.000000 31.039292 -0.317551 0.948241 0.000000 -4.620661 0.000000 0.000000 1.000000 0.000000
0.945956 0.324295 0.000000 31.684709 -0.324295 0.945956 0.000000 -4.870717 0.000000 0.000000 1.000000 0.000000
0.943896 0.330242 0.000000 32.176823 -0.330242 0.943896 0.000000 -5.053840 0.000000 0.000000 1.000000 0.000000
0.941475 0.337084 0.000000 32.670860 -0.337084 0.941475 0.000000 -5.304526 0.000000 0.000000 1.000000 0.000000
0.938523 0.345217 0.000000 33.177779 -0.345217 0.938523 0.000000 -5.471727 0.000000 0.000000 1.000000 0.000000
0.936965 0.349424 0.000000 33.650465 -0.349424 0.936965 0.000000 -5.683401 0.000000 0.000000 1.000000 0.000000
0.933376 0.358900 0.000000 34.349326 -0.358900 0.933376 0.000000 -5.974333 0.000000 0.000000 1.000000 0.000000
0.931249 0.364383 0.000000 34.864716 -0.364383 0.931249 0.000000 -6.191933 0.000000 0.000000 1.000000 0.000000
0.929250 0.369450 0.000000 35.366569 -0.369450 0.929250 0.000000 -6.448046 0.000000 0.000000 1.000000 0.000000
0.927253 0.374434 0.000000 35.787701 -0.374434 0.927253 0.000000 -6.611244 0.000000 0.000000 1.000000 0.000000
0.924740 0.380600 0.000000 36.287996 -0.380600 0.924740 0.000000 -6.799895 0.000000 0.000000 1.000000 0.000000
0.924618 0.380896 0.000000 36.762264 -0.380896 0.924618 0.000000 -6.954909 0.000000 0.000000 1.000000 0.000000
0.920953 0.389673 0.000000 37.158244 -0.389673 0.920953 0.000000 -7.076633 0.000000 0.000000 1.000000 0.000000
0.918345 0.395782 0.000000 37.698686 -0.395782 0.918345 0.000000 -7.273582 0.000000 0.000000 1.000000 0.000000
0.915947 0.401300 0.000000 38.188082 -0.401300 0.915947 0.000000 -7.507310 0.000000 0.000000 1.000000 0.000000
0.912857 0.408279 0.000000 38.685116 -0.408279 0.912857 0.000000 -7.715013 0.000000 0.000000 1.000000 0.000000
0.910720 0.413024 0.000000 39.112355 -0.413024 0.910720 0.000000 -7.860733 0.000000 0.000000 1.000000 0.000000
0.908163 0.418616 0.000000 39.630120 -0.418616 0.908163 0.000000 -8.026777 0.000000 0.000000 1.000000 0.000000
0.904543 0.426381 0.000000 40.112218 -0.426381 0.904543 0.000000 -8.274796 0.000000 0.000000 1.000000 0.000000
0.902533 0.430621 0.000000 40.522342 -0.430621 0.902533 0.000000 -8.440769 0.000000 0.000000 1.000000 0.000000
0.901475 0.432830 0.000000 40.955736 -0.432830 0.901475 0.000000 -8.598464 0.000000 0.000000 1.000000 0.000000
0.899070 0.437806 0.000000 41.683382 -0.437806 0.899070 0.000000 -8.795828 0.000000 0.000000 1.000000 0.000000
0.894580 0.446908 0.000000 42.341462 -0.446908 0.894580 0.000000 -9.114895 0.000000 0.000000 1.000000 0.000000
0.890765 0.454464 0.000000 42.777568 -0.454464 0.890765 0.000000 -9.389286 0.000000 0.000000 1.000000 0.000000
0.884317 0.466887 0.000000 43.583568 -0.466887 0.884317 0.000000 -9.881136 0.000000 0.000000 1.000000 0.000000
0.882264 0.470754 0.000000 44.011389 -0.470754 0.882264 0.000000 -10.156157 0.000000 0.000000 1.000000 0.000000
0.879924 0.475114 0.000000 44.420905 -0.475114 0.879924 0.000000 -10.415575 0.000000 0.000000 1.000000 0.000000
0.877191 0.480142 0.000000 44.767284 -0.480142 0.877191 0.000000 -10.840491 0.000000 0.000000 1.000000 0.000000
0.872138 0.489260 0.000000 45.239524 -0.489260 0.872138 0.000000 -10.999582 0.000000 0.000000 1.000000 0.000000
0.870454 0.492250 0.000000 45.711053 -0.492250 0.870454 0.000000 -11.257683 0.000000 0.000000 1.000000 0.000000
0.867324 0.497744 0.000000 46.117668 -0.497744 0.867324 0.000000 -11.479003 0.000000 0.000000 1.000000 0.000000
0.863334 0.504632 0.000000 46.515160 -0.504632 0.863334 0.000000 -11.782917 0.000000 0.000000 1.000000 0.000000
0.862687 0.505738 0.000000 46.966397 -0.505738 0.862687 0.000000 -11.965826 0.000000 0.000000 1.000000 0.000000
0.861879 0.507115 0.000000 47.430814 -0.507115 0.861879 0.000000 -12.211415 0.000000 0.000000 1.000000 0.000000
0.859127 0.511762 0.000000 47.799356 -0.511762 0.859127 0.000000 -12.441739 0.000000 0.000000 1.000000 0.000000
0.856343 0.516407 0.000000 48.201887 -0.516407 0.856343 0.000000 -12.692201 0.000000 0.000000 1.000000 0.000000
0.853457 0.521163 0.000000 48.568808 -0.521163 0.853457 0.000000 -12.958026 0.000000 0.000000 1.000000 0.000000
0.852491 0.522742 0.000000 48.942664 -0.522742 0.852491 0.000000 -13.227996 0.000000 0.000000 1.000000 0.000000
0.847422 0.530920 0.000000 49.263732 -0.530920 0.847422 0.000000 -13.549288 0.000000 0.000000 1.000000 0.000000
0.844798 0.535086 0.000000 49.657590 -0.535086 0.844798 0.000000 -13.889232 0.000000 0.000000 1.000000 0.000000
0.843375 0.537325 0.000000 50.124352 -0.537325 0.843375 0.000000 -14.125391 0.000000 0.000000 1.000000 0.000000
0.839366 0.543567 0.000000 50.445020 -0.543567 0.839366 0.000000 -14.416097 0.000000 0.000000 1.000000 0.000000
0.837651 0.546205 0.000000 50.893837 -0.546205 0.837651 0.000000 -14.696253 0.000000 0.000000 1.000000 0.000000
0.832156 0.554541 0.000000 51.218700 -0.554541 0.832156 0.000000 -14.906668 0.000000 0.000000 1.000000 0.000000
0.829178 0.558985 0.000000 51.563789 -0.558985 0.829178 0.000000 -15.104223 0.000000 0.000000 1.000000 0.000000
0.828794 0.559554 0.000000 51.963763 -0.559554 0.828794 0.000000 -15.270375 0.000000 0.000000 1.000000 0.000000
0.823477 0.567350 0.000000 52.300775 -0.567350 0.823477 0.000000 -15.525200 0.000000 0.000000 1.000000 0.000000
0.820282 0.571960 0.000000 52.838891 -0.571960 0.820282 0.000000 -15.879303 0.000000 0.000000 1.000000 0.000000
0.816094 0.577919 0.000000 53.134626 -0.577919 0.816094 0.000000 -16.129991 0.000000 0.000000 1.000000 0.000000
0.811567 0.584259 0.000000 53.472737 -0.584259 0.811567 0.000000 -16.372380 0.000000 0.000000 1.000000 0.000000
0.809576 0.587015 0.000000 53.730125 -0.587015 0.809576 0.000000 -16.570913 0.000000 0.000000 1.000000 0.000000
0.808178 0.588938 0.000000 53.972211 -0.588938 0.808178 0.000000 -16.757283 0.000000 0.000000 1.000000 0.000000
0.802898 0.596117 0.000000 54.238606 -0.596117 0.802898 0.000000 -17.056399 0.000000 0.000000 1.000000 0.000000
0.799396 0.600804 0.000000 54.738681 -0.600804 0.799396 0.000000 -17.382273 0.000000 0.000000 1.000000 0.000000
0.796829 0.604205 0.000000 55.133836 -0.604205 0.796829 0.000000 -17.656236 0.000000 0.000000 1.000000 0.000000
0.793541 0.608516 0.000000 55.405429 -0.608516 0.793541 0.000000 -17.876706 0.000000 0.000000 1.000000 0.000000
0.793070 0.609130 0.000000 55.667749 -0.609130 0.793070 0.000000 -18.017371 0.000000 0.000000 1.000000 0.000000
0.791317 0.611406 0.000000 55.950199 -0.611406 0.791317 0.000000 -18.198521 0.000000 0.000000 1.000000 0.000000
0.787075 0.616857 0.000000 56.542494 -0.616857 0.787075 0.000000 -18.672201 0.000000 0.000000 1.000000 0.000000
0.784758 0.619802 0.000000 56.785938 -0.619802 0.784758 0.000000 -18.921523 0.000000 0.000000 1.000000 0.000000
0.783362 0.621566 0.000000 57.055212 -0.621566 0.783362 0.000000 -19.060047 0.000000 0.000000 1.000000 0.000000
0.781641 0.623729 0.000000 57.346163 -0.623729 0.781641 0.000000 -19.274703 0.000000 0.000000 1.000000 0.000000
0.782715 0.622380 0.000000 57.609551 -0.622380 0.782715 0.000000 -19.501243 0.000000 0.000000 1.000000 0.000000
0.779483 0.626424 0.000000 57.838440 -0.626424 0.779483 0.000000 -19.648594 0.000000 0.000000 1.000000 0.000000
0.777041 0.629450 0.000000 58.109479 -0.629450 0.777041 0.000000 -19.846629 0.000000 0.000000 1.000000 0.000000
0.775481 0.631371 0.000000 58.364780 -0.631371 0.775481 0.000000 -20.083000 0.000000 0.000000 1.000000 0.000000
0.773261 0.634088 0.000000 58.600672 -0.634088 0.773261 0.000000 -20.320126 0.000000 0.000000 1.000000 0.000000
0.772339 0.635210 0.000000 58.750579 -0.635210 0.772339 0.000000 -20.490833 0.000000 0.000000 1.000000 0.000000
0.767917 0.640550 0.000000 58.982200 -0.640550 0.767917 0.000000 -20.693776 0.000000 0.000000 1.000000 0.000000
0.765146 0.643857 0.000000 59.159705 -0.643857 0.765146 0.000000 -20.859983 0.000000 0.000000 1.000000 0.000000
0.760620 0.649197 0.000000 59.429470 -0.649197 0.760620 0.000000 -21.116864 0.000000 0.000000 1.000000 0.000000
0.758118 0.652118 0.000000 59.690698 -0.652118 0.758118 0.000000 -21.331804 0.000000 0.000000 1.000000 0.000000
0.754091 0.656770 0.000000 59.927378 -0.656770 0.754091 0.000000 -21.534993 0.000000 0.000000 1.000000 0.000000
0.752330 0.658787 0.000000 60.155945 -0.658787 0.752330 0.000000 -21.755523 0.000000 0.000000 1.000000 0.000000
0.749645 0.661840 0.000000 60.363047 -0.661840 0.749645 0.000000 -21.991455 0.000000 0.000000 1.000000 0.000000
0.747415 0.664357 0.000000 60.515146 -0.664357 0.747415 0.000000 -22.122047 0.000000 0.000000 1.000000 0.000000
0.746812 0.665035 0.000000 60.677817 -0.665035 0.746812 0.000000 -22.247128 0.000000 0.000000 1.000000 0.000000
0.745797 0.666174 0.000000 60.893194 -0.666174 0.745797 0.000000 -22.339100 0.000000 0.000000 1.000000 0.000000
0.746126 0.665805 0.000000 61.118543 -0.665805 0.746126 0.000000 -22.541667 0.000000 0.000000 1.000000 0.000000
0.743492 0.668745 0.000000 61.257654 -0.668745 0.743492 0.000000 -22.685223 0.000000 0.000000 1.000000 0.000000
0.737734 0.675091 0.000000 61.599322 -0.675091 0.737734 0.000000 -23.009578 0.000000 0.000000 1.000000 0.000000
0.733923 0.679233 0.000000 61.688533 -0.679233 0.733923 0.000000 -23.102041 0.000000 0.000000 1.000000 0.000000
0.734248 0.678881 0.000000 61.911860 -0.678881 0.734248 0.000000 -23.308254 0.000000 0.000000 1.000000 0.000000
0.732721 0.680529 0.000000 62.146638 -0.680529 0.732721 0.000000 -23.514553 0.000000 0.000000 1.000000 0.000000
0.732283 0.681001 0.000000 62.344873 -0.681001 0.732283 0.000000 -23.693149 0.000000 0.000000 1.000000 0.000000
0.729152 0.684352 0.000000 62.424508 -0.684352 0.729152 0.000000 -23.729654 0.000000 0.000000 1.000000 0.000000
0.728399 0.685154 0.000000 62.610082 -0.685154 0.728399 0.000000 -23.812818 0.000000 0.000000 1.000000 0.000000
0.726725 0.686929 0.000000 62.869522 -0.686929 0.726725 0.000000 -23.906561 0.000000 0.000000 1.000000 0.000000
0.726714 0.686940 0.000000 63.099831 -0.686940 0.726714 0.000000 -23.976586 0.000000 0.000000 1.000000 0.000000
0.722756 0.691103 0.000000 63.414074 -0.691103 0.722756 0.000000 -24.178038 0.000000 0.000000 1.000000 0.000000
0.722085 0.691804 0.000000 63.566861 -0.691804 0.722085 0.000000 -24.231920 0.000000 0.000000 1.000000 0.000000
0.721227 0.692699 0.000000 63.729566 -0.692699 0.721227 0.000000 -24.334779 0.000000 0.000000 1.000000 0.000000
0.718614 0.695409 0.000000 63.948650 -0.695409 0.718614 0.000000 -24.573297 0.000000 0.000000 1.000000 0.000000
0.718033 0.696009 0.000000 64.107928 -0.696009 0.718033 0.000000 -24.667041 0.000000 0.000000 1.000000 0.000000
0.714410 0.699728 0.000000 64.197750 -0.699728 0.714410 0.000000 -24.802340 0.000000 0.000000 1.000000 0.000000
0.712210 0.701967 0.000000 64.347789 -0.701967 0.712210 0.000000 -24.966100 0.000000 0.000000 1.000000 0.000000
0.711802 0.702380 0.000000 64.554018 -0.702380 0.711802 0.000000 -25.143663 0.000000 0.000000 1.000000 0.000000
0.709094 0.705114 0.000000 64.698066 -0.705114 0.709094 0.000000 -25.286786 0.000000 0.000000 1.000000 0.000000
0.707652 0.706561 0.000000 64.813009 -0.706561 0.707652 0.000000 -25.318211 0.000000 0.000000 1.000000 0.000000
0.702953 0.711236 0.000000 65.057916 -0.711236 0.702953 0.000000 -25.529260 0.000000 0.000000 1.000000 0.000000
0.698987 0.715134 0.000000 65.165977 -0.715134 0.698987 0.000000 -25.670073 0.000000 0.000000 1.000000 0.000000
0.695852 0.718185 0.000000 65.331625 -0.718185 0.695852 0.000000 -25.908636 0.000000 0.000000 1.000000 0.000000
0.692642 0.721282 0.000000 65.425570 -0.721282 0.692642 0.000000 -26.058002 0.000000 0.000000 1.000000 0.000000
0.692532 0.721387 0.000000 65.544000 -0.721387 0.692532 0.000000 -26.217224 0.000000 0.000000 1.000000 0.000000
0.690576 0.723260 0.000000 65.660550 -0.723260 0.690576 0.000000 -26.408620 0.000000 0.000000 1.000000 0.000000
0.688948 0.724811 0.000000 65.818902 -0.724811 0.688948 0.000000 -26.563005 0.000000 0.000000 1.000000 0.000000
0.684996 0.728547 0.000000 65.925131 -0.728547 0.684996 0.000000 -26.707677 0.000000 0.000000 1.000000 0.000000
0.680645 0.732614 0.000000 66.025223 -0.732614 0.680645 0.000000 -26.871932 0.000000 0.000000 1.000000 0.000000
0.676140 0.736773 0.000000 66.194952 -0.736773 0.676140 0.000000 -27.043374 0.000000 0.000000 1.000000 0.000000
0.672319 0.740262 0.000000 66.468425 -0.740262 0.672319 0.000000 -27.159415 0.000000 0.000000 1.000000 0.000000
0.671568 0.740943 0.000000 66.676525 -0.740943 0.671568 0.000000 -27.205115 0.000000 0.000000 1.000000 0.000000
0.668264 0.743925 0.000000 66.806921 -0.743925 0.668264 0.000000 -27.288672 0.000000 0.000000 1.000000 0.000000
0.666341 0.745647 0.000000 67.047306 -0.745647 0.666341 0.000000 -27.575989 0.000000 0.000000 1.000000 0.000000
0.661011 0.750376 0.000000 67.285447 -0.750376 0.661011 0.000000 -27.803024 0.000000 0.000000 1.000000 0.000000
0.658514 0.752569 0.000000 67.480377 -0.752569 0.658514 0.000000 -27.976455 0.000000 0.000000 1.000000 0.000000
0.652401 0.757874 0.000000 67.646258 -0.757874 0.652401 0.000000 -28.272375 0.000000 0.000000 1.000000 0.000000
0.649276 0.760553 0.000000 67.770182 -0.760553 0.649276 0.000000 -28.458689 0.000000 0.000000 1.000000 0.000000
0.648790 0.760968 0.000000 67.860352 -0.760968 0.648790 0.000000 -28.601859 0.000000 0.000000 1.000000 0.000000
0.646151 0.763210 0.000000 68.022709 -0.763210 0.646151 0.000000 -28.805202 0.000000 0.000000 1.000000 0.000000
0.638168 0.769897 0.000000 68.331459 -0.769897 0.638168 0.000000 -29.334404 0.000000 0.000000 1.000000 0.000000
0.637592 0.770374 0.000000 68.583829 -0.770374 0.637592 0.000000 -29.491519 0.000000 0.000000 1.000000 0.000000
0.634457 0.772958 0.000000 68.771636 -0.772958 0.634457 0.000000 -29.674306 0.000000 0.000000 1.000000 0.000000
0.631934 0.775022 0.000000 68.949750 -0.775022 0.631934 0.000000 -29.865326 0.000000 0.000000 1.000000 0.000000
0.631695 0.775217 0.000000 69.242326 -0.775217 0.631695 0.000000 -30.094524 0.000000 0.000000 1.000000 0.000000
0.624696 0.780868 0.000000 69.429737 -0.780868 0.624696 0.000000 -30.347612 0.000000 0.000000 1.000000 0.000000
0.616821 0.787103 0.000000 69.403477 -0.787103 0.616821 0.000000 -30.731947 0.000000 0.000000 1.000000 0.000000
0.611638 0.791137 0.000000 69.498373 -0.791137 0.611638 0.000000 -30.966090 0.000000 0.000000 1.000000 0.000000
0.614175 0.789170 0.000000 69.758377 -0.789170 0.614175 0.000000 -31.044622 0.000000 0.000000 1.000000 0.000000
0.609279 0.792956 0.000000 69.870852 -0.792956 0.609279 0.000000 -31.338717 0.000000 0.000000 1.000000 0.000000
0.607196 0.794552 0.000000 70.001541 -0.794552 0.607196 0.000000 -31.509363 0.000000 0.000000 1.000000 0.000000
0.605854 0.795576 0.000000 70.078008 -0.795576 0.605854 0.000000 -31.723511 0.000000 0.000000 1.000000 0.000000
0.604102 0.796907 0.000000 70.169988 -0.796907 0.604102 0.000000 -31.839525 0.000000 0.000000 1.000000 0.000000
0.598963 0.800777 0.000000 70.333459 -0.800777 0.598963 0.000000 -32.164863 0.000000 0.000000 1.000000 0.000000
0.594168 0.804341 0.000000 70.396672 -0.804341 0.594168 0.000000 -32.521152 0.000000 0.000000 1.000000 0.000000
0.591282 0.806465 0.000000 70.545536 -0.806465 0.591282 0.000000 -32.872054 0.000000 0.000000 1.000000 0.000000
0.586384 0.810033 0.000000 70.634209 -0.810033 0.586384 0.000000 -33.192324 0.000000 0.000000 1.000000 0.000000
0.584771 0.811198 0.000000 70.810716 -0.811198 0.584771 0.000000 -33.428354 0.000000 0.000000 1.000000 0.000000
0.585241 0.810859 0.000000 70.994194 -0.810859 0.585241 0.000000 -33.641656 0.000000 0.000000 1.000000 0.000000
0.583619 0.812028 0.000000 71.140234 -0.812028 0.583619 0.000000 -33.857016 0.000000 0.000000 1.000000 0.000000
0.586512 0.809941 0.000000 71.334934 -0.809941 0.586512 0.000000 -34.070958 0.000000 0.000000 1.000000 0.000000
0.589926 0.807457 0.000000 71.550863 -0.807457 0.589926 0.000000 -34.313152 0.000000 0.000000 1.000000 0.000000
0.585270 0.810839 0.000000 71.722842 -0.810839 0.585270 0.000000 -34.609636 0.000000 0.000000 1.000000 0.000000
0.580863 0.814001 0.000000 71.792142 -0.814001 0.580863 0.000000 -34.924237 0.000000 0.000000 1.000000 0.000000
0.579097 0.815259 0.000000 71.914843 -0.815259 0.579097 0.000000 -35.179587 0.000000 0.000000 1.000000 0.000000
0.576938 0.816788 0.000000 72.133728 -0.816788 0.576938 0.000000 -35.547556 0.000000 0.000000 1.000000 0.000000
0.577037 0.816718 0.000000 72.206966 -0.816718 0.577037 0.000000 -35.773582 0.000000 0.000000 1.000000 0.000000
0.579537 0.814946 0.000000 72.364984 -0.814946 0.579537 0.000000 -36.020170 0.000000 0.000000 1.000000 0.000000
0.577024 0.816727 0.000000 72.477619 -0.816727 0.577024 0.000000 -36.314102 0.000000 0.000000 1.000000 0.000000
0.574348 0.818611 0.000000 72.563525 -0.818611 0.574348 0.000000 -36.603331 0.000000 0.000000 1.000000 0.000000
0.573875 0.818943 0.000000 72.685151 -0.818943 0.573875 0.000000 -36.823662 0.000000 0.000000 1.000000 0.000000
0.573060 0.819514 0.000000 72.815782 -0.819514 0.573060 0.000000 -37.029784 0.000000 0.000000 1.000000 0.000000
0.574829 0.818273 0.000000 73.010580 -0.818273 0.574829 0.000000 -37.319500 0.000000 0.000000 1.000000 0.000000
0.575909 0.817514 0.000000 73.118349 -0.817514 0.575909 0.000000 -37.569073 0.000000 0.000000 1.000000 0.000000
0.579040 0.815299 0.000000 73.251705 -0.815299 0.579040 0.000000 -37.763381 0.000000 0.000000 1.000000 0.000000
0.579087 0.815266 0.000000 73.339353 -0.815266 0.579087 0.000000 -37.986899 0.000000 0.000000 1.000000 0.000000
0.581225 0.813743 0.000000 73.439498 -0.813743 0.581225 0.000000 -38.164796 0.000000 0.000000 1.000000 0.000000
0.584905 0.811101 0.000000 73.537277 -0.811101 0.584905 0.000000 -38.256629 0.000000 0.000000 1.000000 0.000000
0.591185 0.806536 0.000000 73.735649 -0.806536 0.591185 0.000000 -38.620225 0.000000 0.000000 1.000000 0.000000
0.593812 0.804604 0.000000 73.862375 -0.804604 0.593812 0.000000 -38.810408 0.000000 0.000000 1.000000 0.000000
0.595914 0.803048 0.000000 74.034368 -0.803048 0.595914 0.000000 -39.015199 0.000000 0.000000 1.000000 0.000000
0.604015 0.796973 0.000000 74.223739 -0.796973 0.604015 0.000000 -39.246026 0.000000 0.000000 1.000000 0.000000
0.609761 0.792585 0.000000 74.493533 -0.792585 0.609761 0.000000 -39.524447 0.000000 0.000000 1.000000 0.000000
0.617851 0.786295 0.000000 74.609716 -0.786295 0.617851 0.000000 -39.730145 0.000000 0.000000 1.000000 0.000000
0.621659 0.783288 0.000000 74.691272 -0.783288 0.621659 0.000000 -39.822806 0.000000 0.000000 1.000000 0.000000
0.630893 0.775870 0.000000 74.905947 -0.775870 0.630893 0.000000 -40.032192 0.000000 0.000000 1.000000 0.000000
0.635640 0.771985 0.000000 75.003473 -0.771985 0.635640 0.000000 -40.146026 0.000000 0.000000 1.000000 0.000000
0.639136 0.769094 0.000000 75.051799 -0.769094 0.639136 0.000000 -40.251986 0.000000 0.000000 1.000000 0.000000
0.642054 0.766659 0.000000 75.131784 -0.766659 0.642054 0.000000 -40.384178 0.000000 0.000000 1.000000 0.000000
0.649265 0.760562 0.000000 75.231004 -0.760562 0.649265 0.000000 -40.505175 0.000000 0.000000 1.000000 0.000000
0.655929 0.754823 0.000000 75.391439 -0.754823 0.655929 0.000000 -40.702569 0.000000 0.000000 1.000000 0.000000
0.659745 0.751490 0.000000 75.461364 -0.751490 0.659745 0.000000 -40.772592 0.000000 0.000000 1.000000 0.000000
0.664750 0.747066 0.000000 75.572752 -0.747066 0.664750 0.000000 -40.830508 0.000000 0.000000 1.000000 0.000000
0.668660 0.743568 0.000000 75.660591 -0.743568 0.668660 0.000000 -40.861226 0.000000 0.000000 1.000000 0.000000
0.672586 0.740019 0.000000 75.730573 -0.740019 0.672586 0.000000 -40.966505 0.000000 0.000000 1.000000 0.000000
0.675265 0.737575 0.000000 75.803138 -0.737575 0.675265 0.000000 -41.017808 0.000000 0.000000 1.000000 0.000000
0.682475 0.730909 0.000000 75.874439 -0.730909 0.682475 0.000000 -41.261648 0.000000 0.000000 1.000000 0.000000
0.684636 0.728885 0.000000 75.851841 -0.728885 0.684636 0.000000 -41.266288 0.000000 0.000000 1.000000 0.000000
0.688326 0.725401 0.000000 75.891794 -0.725401 0.688326 0.000000 -41.324674 0.000000 0.000000 1.000000 0.000000
0.689976 0.723832 0.000000 75.929256 -0.723832 0.689976 0.000000 -41.388244 0.000000 0.000000 1.000000 0.000000
0.693268 0.720680 0.000000 75.959069 -0.720680 0.693268 0.000000 -41.464870 0.000000 0.000000 1.000000 0.000000
0.694164 0.719817 0.000000 76.032395 -0.719817 0.694164 0.000000 -41.531282 0.000000 0.000000 1.000000 0.000000
0.695172 0.718844 0.000000 76.084323 -0.718844 0.695172 0.000000 -41.608780 0.000000 0.000000 1.000000 0.000000
0.696384 0.717669 0.000000 76.155424 -0.717669 0.696384 0.000000 -41.709765 0.000000 0.000000 1.000000 0.000000
0.698652 0.715462 0.000000 76.175327 -0.715462 0.698652 0.000000 -41.704280 0.000000 0.000000 1.000000 0.000000
0.699958 0.714184 0.000000 76.200962 -0.714184 0.699958 0.000000 -41.788667 0.000000 0.000000 1.000000 0.000000
0.700750 0.713407 0.000000 76.205627 -0.713407 0.700750 0.000000 -41.809455 0.000000 0.000000 1.000000 0.000000
0.702545 0.711639 0.000000 76.253592 -0.711639 0.702545 0.000000 -41.842605 0.000000 0.000000 1.000000 0.000000
0.704248 0.709954 0.000000 76.296526 -0.709954 0.704248 0.000000 -41.866758 0.000000 0.000000 1.000000 0.000000
0.704017 0.710183 0.000000 76.340942 -0.710183 0.704017 0.000000 -41.886644 0.000000 0.000000 1.000000 0.000000
0.704225 0.709977 0.000000 76.317826 -0.709977 0.704225 0.000000 -41.917195 0.000000 0.000000 1.000000 0.000000
0.706266 0.707947 0.000000 76.341752 -0.707947 0.706266 0.000000 -41.917429 0.000000 0.000000 1.000000 0.000000
0.705245 0.708963 0.000000 76.360581 -0.708963 0.705245 0.000000 -41.909111 0.000000 0.000000 1.000000 0.000000
0.705878 0.708334 0.000000 76.375383 -0.708334 0.705878 0.000000 -41.921413 0.000000 0.000000 1.000000 0.000000
0.706107 0.708105 0.000000 76.366195 -0.708105 0.706107 0.000000 -41.918134 0.000000 0.000000 1.000000 0.000000
0.705245 0.708963 0.000000 76.377568 -0.708963 0.705245 0.000000 -41.889547 0.000000 0.000000 1.000000 0.000000
0.705632 0.708579 0.000000 76.406727 -0.708579 0.705632 0.000000 -41.890942 0.000000 0.000000 1.000000 0.000000
0.706494 0.707719 0.000000 76.413625 -0.707719 0.706494 0.000000 -41.866128 0.000000 0.000000 1.000000 0.000000
0.709055 0.705154 0.000000 76.423114 -0.705154 0.709055 0.000000 -41.837487 0.000000 0.000000 1.000000 0.000000
0.709102 0.705106 0.000000 76.415995 -0.705106 0.709102 0.000000 -41.865451 0.000000 0.000000 1.000000 0.000000
0.708143 0.706070 0.000000 76.414839 -0.706070 0.708143 0.000000 -41.887432 0.000000 0.000000 1.000000 0.000000
0.708518 0.705693 0.000000 76.415708 -0.705693 0.708518 0.000000 -41.906032 0.000000 0.000000 1.000000 0.000000
0.709217 0.704991 0.000000 76.434917 -0.704991 0.709217 0.000000 -41.937569 0.000000 0.000000 1.000000 0.000000
0.709016 0.705192 0.000000 76.427748 -0.705192 0.709016 0.000000 -41.908489 0.000000 0.000000 1.000000 0.000000
0.708587 0.705624 0.000000 76.420145 -0.705624 0.708587 0.000000 -41.903684 0.000000 0.000000 1.000000 0.000000
0.708166 0.706046 0.000000 76.440152 -0.706046 0.708166 0.000000 -41.892865 0.000000 0.000000 1.000000 0.000000
0.708248 0.705964 0.000000 76.484524 -0.705964 0.708248 0.000000 -41.927266 0.000000 0.000000 1.000000 0.000000
0.708712 0.705498 0.000000 76.513389 -0.705498 0.708712 0.000000 -41.918624 0.000000 0.000000 1.000000 0.000000
0.709134 0.705074 0.000000 76.522220 -0.705074 0.709134 0.000000 -41.923622 0.000000 0.000000 1.000000 0.000000
0.709005 0.705203 0.000000 76.525227 -0.705203 0.709005 0.000000 -41.918649 0.000000 0.000000 1.000000 0.000000
0.708801 0.705408 0.000000 76.520868 -0.705408 0.708801 0.000000 -41.917877 0.000000 0.000000 1.000000 0.000000
0.708663 0.705547 0.000000 76.535057 -0.705547 0.708663 0.000000 -41.918385 0.000000 0.000000 1.000000 0.000000
0.708667 0.705543 0.000000 76.537049 -0.705543 0.708667 0.000000 -41.899142 0.000000 0.000000 1.000000 0.000000
0.708782 0.705427 0.000000 76.553523 -0.705427 0.708782 0.000000 -41.887689 0.000000 0.000000 1.000000 0.000000
0.708898 0.705311 0.000000 76.554423 -0.705311 0.708898 0.000000 -41.871596 0.000000 0.000000 1.000000 0.000000
0.709133 0.705074 0.000000 76.565775 -0.705074 0.709133 0.000000 -41.859803 0.000000 0.000000 1.000000 0.000000
0.709002 0.705206 0.000000 76.566253 -0.705206 0.709002 0.000000 -41.843290 0.000000 0.000000 1.000000 0.000000
0.708868 0.705341 0.000000 76.570073 -0.705341 0.708868 0.000000 -41.820703 0.000000 0.000000 1.000000 0.000000
0.709268 0.704939 0.000000 76.579280 -0.704939 0.709268 0.000000 -41.809978 0.000000 0.000000 1.000000 0.000000
0.709447 0.704759 0.000000 76.570363 -0.704759 0.709447 0.000000 -41.801697 0.000000 0.000000 1.000000 0.000000
0.709729 0.704474 0.000000 76.570535 -0.704474 0.709729 0.000000 -41.791918 0.000000 0.000000 1.000000 0.000000
0.710023 0.704178 0.000000 76.576163 -0.704178 0.710023 0.000000 -41.782338 0.000000 0.000000 1.000000 0.000000
0.710111 0.704090 0.000000 76.583576 -0.704090 0.710111 0.000000 -41.779545 0.000000 0.000000 1.000000 0.000000
0.710208 0.703992 0.000000 76.594456 -0.703992 0.710208 0.000000 -41.761702 0.000000 0.000000 1.000000 0.000000
0.710270 0.703929 0.000000 76.598168 -0.703929 0.710270 0.000000 -41.742118 0.000000 0.000000 1.000000 0.000000
0.710900 0.703293 0.000000 76.611796 -0.703293 0.710900 0.000000 -41.706667 0.000000 0.000000 1.000000 0.000000
0.710792 0.703402 0.000000 76.612835 -0.703402 0.710792 0.000000 -41.697220 0.000000 0.000000 1.000000 0.000000
0.711022 0.703170 0.000000 76.603838 -0.703170 0.711022 0.000000 -41.688772 0.000000 0.000000 1.000000 0.000000
0.710978 0.703214 0.000000 76.594722 -0.703214 0.710978 0.000000 -41.688530 0.000000 0.000000 1.000000 0.000000
0.711334 0.702854 0.000000 76.597352 -0.702854 0.711334 0.000000 -41.677319 0.000000 0.000000 1.000000 0.000000
0.711572 0.702613 0.000000 76.604496 -0.702613 0.711572 0.000000 -41.669939 0.000000 0.000000 1.000000 0.000000
0.711754 0.702429 0.000000 76.611490 -0.702429 0.711754 0.000000 -41.675844 0.000000 0.000000 1.000000 0.000000
0.711565 0.702620 0.000000 76.616014 -0.702620 0.711565 0.000000 -41.684088 0.000000 0.000000 1.000000 0.000000
0.712115 0.702063 0.000000 76.628393 -0.702063 0.712115 0.000000 -41.663154 0.000000 0.000000 1.000000 0.000000
0.712688 0.701481 0.000000 76.623136 -0.701481 0.712688 0.000000 -41.628986 0.000000 0.000000 1.000000 0.000000
0.712785 0.701383 0.000000 76.634266 -0.701383 0.712785 0.000000 -41.616296 0.000000 0.000000 1.000000 0.000000
0.712966 0.701198 0.000000 76.642872 -0.701198 0.712966 0.000000 -41.599210 0.000000 0.000000 1.000000 0.000000
0.713780 0.700370 0.000000 76.639366 -0.700370 0.713780 0.000000 -41.573923 0.000000 0.000000 1.000000 0.000000
0.713564 0.700590 0.000000 76.662117 -0.700590 0.713564 0.000000 -41.596865 0.000000 0.000000 1.000000 0.000000
0.714089 0.700055 0.000000 76.674339 -0.700055 0.714089 0.000000 -41.616095 0.000000 0.000000 1.000000 0.000000
0.712916 0.701250 0.000000 76.677582 -0.701250 0.712916 0.000000 -41.655770 0.000000 0.000000 1.000000 0.000000
0.713441 0.700715 0.000000 76.678067 -0.700715 0.713441 0.000000 -41.685738 0.000000 0.000000 1.000000 0.000000
0.713435 0.700721 0.000000 76.671995 -0.700721 0.713435 0.000000 -41.717531 0.000000 0.000000 1.000000 0.000000
0.713837 0.700312 0.000000 76.671944 -0.700312 0.713837 0.000000 -41.713571 0.000000 0.000000 1.000000 0.000000
0.715189 0.698931 0.000000 76.672608 -0.698931 0.715189 0.000000 -41.695698 0.000000 0.000000 1.000000 0.000000
0.714878 0.699249 0.000000 76.675869 -0.699249 0.714878 0.000000 -41.698795 0.000000 0.000000 1.000000 0.000000
0.714456 0.699680 0.000000 76.683662 -0.699680 0.714456 0.000000 -41.694815 0.000000 0.000000 1.000000 0.000000
0.714182 0.699960 0.000000 76.681816 -0.699960 0.714182 0.000000 -41.694340 0.000000 0.000000 1.000000 0.000000
0.713903 0.700244 0.000000 76.688706 -0.700244 0.713903 0.000000 -41.697280 0.000000 0.000000 1.000000 0.000000
0.714051 0.700094 0.000000 76.701593 -0.700094 0.714051 0.000000 -41.698484 0.000000 0.000000 1.000000 0.000000
0.713715 0.700436 0.000000 76.710840 -0.700436 0.713715 0.000000 -41.704104 0.000000 0.000000 1.000000 0.000000
0.713524 0.700631 0.000000 76.743550 -0.700631 0.713524 0.000000 -41.704252 0.000000 0.000000 1.000000 0.000000
0.713420 0.700736 0.000000 76.767468 -0.700736 0.713420 0.000000 -41.717011 0.000000 0.000000 1.000000 0.000000
0.713514 0.700641 0.000000 76.788694 -0.700641 0.713514 0.000000 -41.723191 0.000000 0.000000 1.000000 0.000000
0.714341 0.699798 0.000000 76.812090 -0.699798 0.714341 0.000000 -41.719034 0.000000 0.000000 1.000000 0.000000
0.715519 0.698593 0.000000 76.832604 -0.698593 0.715519 0.000000 -41.709301 0.000000 0.000000 1.000000 0.000000
0.716068 0.698030 0.000000 76.853046 -0.698030 0.716068 0.000000 -41.696005 0.000000 0.000000 1.000000 0.000000
0.716643 0.697440 0.000000 76.857098 -0.697440 0.716643 0.000000 -41.696315 0.000000 0.000000 1.000000 0.000000
0.718103 0.695936 0.000000 76.891195 -0.695936 0.718103 0.000000 -41.649181 0.000000 0.000000 1.000000 0.000000
0.718634 0.695389 0.000000 76.916693 -0.695389 0.718634 0.000000 -41.658343 0.000000 0.000000 1.000000 0.000000
0.718704 0.695316 0.000000 76.947196 -0.695316 0.718704 0.000000 -41.683402 0.000000 0.000000 1.000000 0.000000
0.719299 0.694701 0.000000 76.972051 -0.694701 0.719299 0.000000 -41.663316 0.000000 0.000000 1.000000 0.000000
0.719975 0.694000 0.000000 76.970486 -0.694000 0.719975 0.000000 -41.637103 0.000000 0.000000 1.000000 0.000000
0.720744 0.693202 0.000000 76.987292 -0.693202 0.720744 0.000000 -41.578663 0.000000 0.000000 1.000000 0.000000
0.722480 0.691392 0.000000 76.984777 -0.691392 0.722480 0.000000 -41.556146 0.000000 0.000000 1.000000 0.000000
0.724883 0.688872 0.000000 76.981005 -0.688872 0.724883 0.000000 -41.497641 0.000000 0.000000 1.000000 0.000000
0.727529 0.686077 0.000000 76.945489 -0.686077 0.727529 0.000000 -41.431567 0.000000 0.000000 1.000000 0.000000
0.728061 0.685513 0.000000 76.907794 -0.685513 0.728061 0.000000 -41.400085 0.000000 0.000000 1.000000 0.000000
0.728783 0.684745 0.000000 76.842903 -0.684745 0.728783 0.000000 -41.329306 0.000000 0.000000 1.000000 0.000000
0.729277 0.684218 0.000000 76.805308 -0.684218 0.729277 0.000000 -41.316135 0.000000 0.000000 1.000000 0.000000
0.730642 0.682761 0.000000 76.794472 -0.682761 0.730642 0.000000 -41.282802 0.000000 0.000000 1.000000 0.000000
0.733681 0.679494 0.000000 76.825690 -0.679494 0.733681 0.000000 -41.214826 0.000000 0.000000 1.000000 0.000000
0.735750 0.677254 0.000000 76.837531 -0.677254 0.735750 0.000000 -41.174020 0.000000 0.000000 1.000000 0.000000
0.738428 0.674332 0.000000 76.898587 -0.674332 0.738428 0.000000 -41.162353 0.000000 0.000000 1.000000 0.000000
0.742562 0.669777 0.000000 76.964947 -0.669777 0.742562 0.000000 -41.087209 0.000000 0.000000 1.000000 0.000000
0.745352 0.666671 0.000000 77.031194 -0.666671 0.745352 0.000000 -40.993150 0.000000 0.000000 1.000000 0.000000
0.746157 0.665770 0.000000 77.054007 -0.665770 0.746157 0.000000 -40.968381 0.000000 0.000000 1.000000 0.000000
0.746758 0.665096 0.000000 77.081067 -0.665096 0.746758 0.000000 -40.988828 0.000000 0.000000 1.000000 0.000000
0.748102 0.663584 0.000000 77.101068 -0.663584 0.748102 0.000000 -41.000440 0.000000 0.000000 1.000000 0.000000
0.749553 0.661945 0.000000 77.121214 -0.661945 0.749553 0.000000 -41.006526 0.000000 0.000000 1.000000 0.000000
0.750984 0.660320 0.000000 77.136850 -0.660320 0.750984 0.000000 -40.992548 0.000000 0.000000 1.000000 0.000000
0.752764 0.658291 0.000000 77.101434 -0.658291 0.752764 0.000000 -40.979122 0.000000 0.000000 1.000000 0.000000
0.754467 0.656339 0.000000 77.143221 -0.656339 0.754467 0.000000 -40.958343 0.000000 0.000000 1.000000 0.000000
0.757291 0.653077 0.000000 77.162105 -0.653077 0.757291 0.000000 -40.886408 0.000000 0.000000 1.000000 0.000000
0.759833 0.650119 0.000000 77.177653 -0.650119 0.759833 0.000000 -40.805757 0.000000 0.000000 1.000000 0.000000
0.761469 0.648202 0.000000 77.170098 -0.648202 0.761469 0.000000 -40.803748 0.000000 0.000000 1.000000 0.000000
0.762883 0.646536 0.000000 77.173474 -0.646536 0.762883 0.000000 -40.731393 0.000000 0.000000 1.000000 0.000000
0.763113 0.646265 0.000000 77.165821 -0.646265 0.763113 0.000000 -40.724858 0.000000 0.000000 1.000000 0.000000
0.764486 0.644640 0.000000 77.177254 -0.644640 0.764486 0.000000 -40.699413 0.000000 0.000000 1.000000 0.000000
0.765479 0.643461 0.000000 77.221363 -0.643461 0.765479 0.000000 -40.654945 0.000000 0.000000 1.000000 0.000000
0.766183 0.642622 0.000000 77.229594 -0.642622 0.766183 0.000000 -40.657974 0.000000 0.000000 1.000000 0.000000
0.766112 0.642707 0.000000 77.219018 -0.642707 0.766112 0.000000 -40.673918 0.000000 0.000000 1.000000 0.000000
0.766819 0.641864 0.000000 77.201797 -0.641864 0.766819 0.000000 -40.679702 0.000000 0.000000 1.000000 0.000000
0.766924 0.641738 0.000000 77.180459 -0.641738 0.766924 0.000000 -40.661539 0.000000 0.000000 1.000000 0.000000
0.767682 0.640831 0.000000 77.180847 -0.640831 0.767682 0.000000 -40.640038 0.000000 0.000000 1.000000 0.000000
0.768527 0.639817 0.000000 77.205859 -0.639817 0.768527 0.000000 -40.649671 0.000000 0.000000 1.000000 0.000000
0.768718 0.639588 0.000000 77.213324 -0.639588 0.768718 0.000000 -40.650307 0.000000 0.000000 1.000000 0.000000
0.769066 0.639169 0.000000 77.206757 -0.639169 0.769066 0.000000 -40.649920 0.000000 0.000000 1.000000 0.000000
0.769252 0.638945 0.000000 77.197567 -0.638945 0.769252 0.000000 -40.651618 0.000000 0.000000 1.000000 0.000000
0.769833 0.638245 0.000000 77.179682 -0.638245 0.769833 0.000000 -40.667587 0.000000 0.000000 1.000000 0.000000
0.770548 0.637382 0.000000 77.169674 -0.637382 0.770548 0.000000 -40.659135 0.000000 0.000000 1.000000 0.000000
0.771854 0.635799 0.000000 77.152027 -0.635799 0.771854 0.000000 -40.635431 0.000000 0.000000 1.000000 0.000000
0.771904 0.635739 0.000000 77.134216 -0.635739 0.771904 0.000000 -40.618543 0.000000 0.000000 1.000000 0.000000
0.771673 0.636020 0.000000 77.100879 -0.636020 0.771673 0.000000 -40.610183 0.000000 0.000000 1.000000 0.000000
0.772494 0.635022 0.000000 77.097663 -0.635022 0.772494 0.000000 -40.597311 0.000000 0.000000 1.000000 0.000000
0.772827 0.634617 0.000000 77.097967 -0.634617 0.772827 0.000000 -40.569894 0.000000 0.000000 1.000000 0.000000
0.773234 0.634120 0.000000 77.091376 -0.634120 0.773234 0.000000 -40.565044 0.000000 0.000000 1.000000 0.000000
0.773659 0.633602 0.000000 77.107563 -0.633602 0.773659 0.000000 -40.562090 0.000000 0.000000 1.000000 0.000000
0.773097 0.634288 0.000000 77.091353 -0.634288 0.773097 0.000000 -40.595046 0.000000 0.000000 1.000000 0.000000
0.773457 0.633849 0.000000 77.073997 -0.633849 0.773457 0.000000 -40.590529 0.000000 0.000000 1.000000 0.000000
