0.999999 0.001682 0.000000 0.583754 -0.001682 0.999999 0.000000 -0.017001 0.000000 0.000000 1.000000 0.000000
0.999999 0.001197 0.000000 1.171392 -0.001197 0.999999 0.000000 -0.026104 0.000000 0.000000 1.000000 0.000000
0.999996 0.002903 0.000000 1.744980 -0.002903 0.999996 0.000000 -0.038271 0.000000 0.000000 1.000000 0.000000
0.999990 0.004446 0.000000 2.300037 -0.004446 0.999990 0.000000 -0.039976 0.000000 0.000000 1.000000 0.000000
0.999987 0.005050 0.000000 2.870994 -0.005050 0.999987 0.000000 -0.051677 0.000000 0.000000 1.000000 0.000000
0.999992 0.004048 0.000000 3.455605 -0.004048 0.999992 0.000000 -0.063344 0.000000 0.000000 1.000000 0.000000
0.999974 0.007272 0.000000 3.985111 -0.007272 0.999974 0.000000 -0.076044 0.000000 0.000000 1.000000 0.000000
0.999906 0.013675 0.000000 4.579851 -0.013675 0.999906 0.000000 -0.066942 0.000000 0.000000 1.000000 0.000000
0.999873 0.015934 0.000000 5.730567 -0.015934 0.999873 0.000000 -0.123205 0.000000 0.000000 1.000000 0.000000
0.999855 0.017049 0.000000 6.318444 -0.017049 0.999855 0.000000 -0.123773 0.000000 0.000000 1.000000 0.000000
0.999827 0.018578 0.000000 7.122099 -0.018578 0.999827 0.000000 -0.134660 0.000000 0.000000 1.000000 0.000000
0.999823 0.018789 0.000000 7.687411 -0.018789 0.999823 0.000000 -0.136178 0.000000 0.000000 1.000000 0.000000
0.999808 0.019582 0.000000 8.273744 -0.019582 0.999808 0.000000 -0.181432 0.000000 0.000000 1.000000 0.000000
0.999797 0.020159 0.000000 8.856642 -0.020159 0.999797 0.000000 -0.192309 0.000000 0.000000 1.000000 0.000000
0.999777 0.021105 0.000000 9.411781 -0.021105 0.999777 0.000000 -0.216899 0.000000 0.000000 1.000000 0.000000
0.999762 0.021828 0.000000 10.003558 -0.021828 0.999762 0.000000 -0.248853 0.000000 0.000000 1.000000 0.000000
0.999738 0.022903 0.000000 10.549040 -0.022903 0.999738 0.000000 -0.257386 0.000000 0.000000 1.000000 0.000000
0.999730 0.023243 0.000000 11.127360 -0.023243 0.999730 0.000000 -0.279731 0.000000 0.000000 1.000000 0.000000
0.999689 0.024953 0.000000 11.680733 -0.024953 0.999689 0.000000 -0.288554 0.000000 0.000000 1.000000 0.000000
0.999703 0.024372 0.000000 12.251628 -0.024372 0.999703 0.000000 -0.299591 0.000000 0.000000 1.000000 0.000000
0.999665 0.025882 0.000000 12.831267 -0.025882 0.999665 0.000000 -0.308782 0.000000 0.000000 1.000000 0.000000
0.999617 0.027687 0.000000 13.601198 -0.027687 0.999617 0.000000 -0.322214 0.000000 0.000000 1.000000 0.000000
0.999590 0.028628 0.000000 14.221474 -0.028628 0.999590 0.000000 -0.333853 0.000000 0.000000 1.000000 0.000000
0.999585 0.028796 0.000000 14.774894 -0.028796 0.999585 0.000000 -0.341265 0.000000 0.000000 1.000000 0.000000
0.999513 0.031214 0.000000 15.380401 -0.031214 0.999513 0.000000 -0.341057 0.000000 0.000000 1.000000 0.000000
0.999488 0.032008 0.000000 15.959858 -0.032008 0.999488 0.000000 -0.352531 0.000000 0.000000 1.000000 0.000000
0.999477 0.032330 0.000000 16.534835 -0.032330 0.999477 0.000000 -0.365544 0.000000 0.000000 1.000000 0.000000
0.999380 0.035202 0.000000 17.113269 -0.035202 0.999380 0.000000 -0.378369 0.000000 0.000000 1.000000 0.000000
0.999344 0.036213 0.000000 17.692569 -0.036213 0.999344 0.000000 -0.431038 0.000000 0.000000 1.000000 0.000000
0.999279 0.037975 0.000000 18.270298 -0.037975 0.999279 0.000000 -0.432980 0.000000 0.000000 1.000000 0.000000
0.999272 0.038147 0.000000 18.851620 -0.038147 0.999272 0.000000 -0.472790 0.000000 0.000000 1.000000 0.000000
0.999176 0.040583 0.000000 19.417187 -0.040583 0.999176 0.000000 -0.512625 0.000000 0.000000 1.000000 0.000000
0.999102 0.042369 0.000000 19.989537 -0.042369 0.999102 0.000000 -0.549532 0.000000 0.000000 1.000000 0.000000
0.999117 0.042019 0.000000 20.533482 -0.042019 0.999117 0.000000 -0.578517 0.000000 0.000000 1.000000 0.000000
0.998923 0.046404 0.000000 21.101773 -0.046404 0.998923 0.000000 -0.613116 0.000000 0.000000 1.000000 0.000000
0.998872 0.047494 0.000000 22.200322 -0.047494 0.998872 0.000000 -0.647668 0.000000 0.000000 1.000000 0.000000
0.998916 0.046559 0.000000 23.132845 -0.046559 0.998916 0.000000 -0.705582 0.000000 0.000000 1.000000 0.000000
0.998937 0.046099 0.000000 23.708623 -0.046099 0.998937 0.000000 -0.753665 0.000000 0.000000 1.000000 0.000000
0.998806 0.048863 0.000000 24.264313 -0.048863 0.998806 0.000000 -0.799065 0.000000 0.000000 1.000000 0.000000
0.998626 0.052399 0.000000 24.823539 -0.052399 0.998626 0.000000 -0.884425 0.000000 0.000000 1.000000 0.000000
0.998818 0.048613 0.000000 25.382917 -0.048613 0.998818 0.000000 -0.939536 0.000000 0.000000 1.000000 0.000000
0.998838 0.048185 0.000000 25.980426 -0.048185 0.998838 0.000000 -0.997168 0.000000 0.000000 1.000000 0.000000
0.998357 0.057299 0.000000 26.530549 -0.057299 0.998357 0.000000 -1.040437 0.000000 0.000000 1.000000 0.000000
0.997538 0.070133 0.000000 27.643401 -0.070133 0.997538 0.000000 -1.123022 0.000000 0.000000 1.000000 0.000000
0.997760 0.066888 0.000000 28.213274 -0.066888 0.997760 0.000000 -1.178183 0.000000 0.000000 1.000000 0.000000
0.997655 0.068447 0.000000 28.772289 -0.068447 0.997655 0.000000 -1.225752 0.000000 0.000000 1.000000 0.000000
0.997655 0.068447 0.000000 29.307638 -0.068447 0.997655 0.000000 -1.272167 0.000000 0.000000 1.000000 0.000000
0.997737 0.067234 0.000000 29.866022 -0.067234 0.997737 0.000000 -1.327729 0.000000 0.000000 1.000000 0.000000
0.997292 0.073545 0.000000 30.765197 -0.073545 0.997292 0.000000 -1.407039 0.000000 0.000000 1.000000 0.000000
0.997286 0.073630 0.000000 31.358763 -0.073630 0.997286 0.000000 -1.471870 0.000000 0.000000 1.000000 0.000000
0.997202 0.074759 0.000000 31.917012 -0.074759 0.997202 0.000000 -1.542599 0.000000 0.000000 1.000000 0.000000
0.997228 0.074402 0.000000 32.474975 -0.074402 0.997228 0.000000 -1.607885 0.000000 0.000000 1.000000 0.000000
0.997109 0.075981 0.000000 33.049524 -0.075981 0.997109 0.000000 -1.660158 0.000000 0.000000 1.000000 0.000000
0.997084 0.076312 0.000000 33.611410 -0.076312 0.997084 0.000000 -1.736808 0.000000 0.000000 1.000000 0.000000
0.996906 0.078599 0.000000 34.181349 -0.078599 0.996906 0.000000 -1.778419 0.000000 0.000000 1.000000 0.000000
0.997054 0.076707 0.000000 34.750834 -0.076707 0.997054 0.000000 -1.834886 0.000000 0.000000 1.000000 0.000000
0.996854 0.079262 0.000000 35.304220 -0.079262 0.996854 0.000000 -1.870502 0.000000 0.000000 1.000000 0.000000
0.996724 0.080882 0.000000 35.829860 -0.080882 0.996724 0.000000 -1.918827 0.000000 0.000000 1.000000 0.000000
0.996509 0.083490 0.000000 36.772075 -0.083490 0.996509 0.000000 -2.011449 0.000000 0.000000 1.000000 0.000000
0.996106 0.088158 0.000000 37.321914 -0.088158 0.996106 0.000000 -2.078884 0.000000 0.000000 1.000000 0.000000
0.995963 0.089762 0.000000 37.884856 -0.089762 0.995963 0.000000 -2.119564 0.000000 0.000000 1.000000 0.000000
0.995916 0.090283 0.000000 38.450800 -0.090283 0.995916 0.000000 -2.176347 0.000000 0.000000 1.000000 0.000000
0.995676 0.092898 0.000000 39.002800 -0.092898 0.995676 0.000000 -2.208037 0.000000 0.000000 1.000000 0.000000
0.995546 0.094275 0.000000 39.559049 -0.094275 0.995546 0.000000 -2.273452 0.000000 0.000000 1.000000 0.000000
0.995417 0.095631 0.000000 40.149719 -0.095631 0.995417 0.000000 -2.338141 0.000000 0.000000 1.000000 0.000000
0.995394 0.095864 0.000000 40.676188 -0.095864 0.995394 0.000000 -2.416391 0.000000 0.000000 1.000000 0.000000
0.995366 0.096155 0.000000 41.222237 -0.096155 0.995366 0.000000 -2.474867 0.000000 0.000000 1.000000 0.000000
0.995443 0.095361 0.000000 41.783235 -0.095361 0.995443 0.000000 -2.524002 0.000000 0.000000 1.000000 0.000000
0.995067 0.099202 0.000000 42.333150 -0.099202 0.995067 0.000000 -2.578359 0.000000 0.000000 1.000000 0.000000
0.994966 0.100214 0.000000 42.866717 -0.100214 0.994966 0.000000 -2.629488 0.000000 0.000000 1.000000 0.000000
0.994839 0.101468 0.000000 43.422631 -0.101468 0.994839 0.000000 -2.687813 0.000000 0.000000 1.000000 0.000000
0.994909 0.100779 0.000000 43.941366 -0.100779 0.994909 0.000000 -2.745969 0.000000 0.000000 1.000000 0.000000
0.994925 0.100624 0.000000 44.894458 -0.100624 0.994925 0.000000 -2.849059 0.000000 0.000000 1.000000 0.000000
0.994827 0.101583 0.000000 45.435915 -0.101583 0.994827 0.000000 -2.924754 0.000000 0.000000 1.000000 0.000000
0.994543 0.104331 0.000000 45.995969 -0.104331 0.994543 0.000000 -2.994591 0.000000 0.000000 1.000000 0.000000
0.994787 0.101975 0.000000 47.083352 -0.101975 0.994787 0.000000 -3.069014 0.000000 0.000000 1.000000 0.000000
0.994188 0.107657 0.000000 47.654932 -0.107657 0.994188 0.000000 -3.111292 0.000000 0.000000 1.000000 0.000000
0.994063 0.108803 0.000000 48.142424 -0.108803 0.994063 0.000000 -3.187924 0.000000 0.000000 1.000000 0.000000
0.994129 0.108200 0.000000 49.160444 -0.108200 0.994129 0.000000 -3.301483 0.000000 0.000000 1.000000 0.000000
0.994007 0.109317 0.000000 49.683439 -0.109317 0.994007 0.000000 -3.366329 0.000000 0.000000 1.000000 0.000000
0.994014 0.109251 0.000000 50.196615 -0.109251 0.994014 0.000000 -3.418734 0.000000 0.000000 1.000000 0.000000
0.993977 0.109590 0.000000 50.683086 -0.109590 0.993977 0.000000 -3.480241 0.000000 0.000000 1.000000 0.000000
0.993638 0.112622 0.000000 51.593372 -0.112622 0.993638 0.000000 -3.612793 0.000000 0.000000 1.000000 0.000000
0.993821 0.110995 0.000000 52.084930 -0.110995 0.993821 0.000000 -3.706803 0.000000 0.000000 1.000000 0.000000
0.993389 0.114797 0.000000 52.588065 -0.114797 0.993389 0.000000 -3.737909 0.000000 0.000000 1.000000 0.000000
0.992827 0.119559 0.000000 53.076872 -0.119559 0.992827 0.000000 -3.792329 0.000000 0.000000 1.000000 0.000000
0.992890 0.119038 0.000000 53.562927 -0.119038 0.992890 0.000000 -3.847226 0.000000 0.000000 1.000000 0.000000
0.992815 0.119658 0.000000 54.031351 -0.119658 0.992815 0.000000 -3.888656 0.000000 0.000000 1.000000 0.000000
0.992490 0.122324 0.000000 54.500820 -0.122324 0.992490 0.000000 -3.948800 0.000000 0.000000 1.000000 0.000000
0.991988 0.126328 0.000000 55.213681 -0.126328 0.991988 0.000000 -4.054551 0.000000 0.000000 1.000000 0.000000
0.991960 0.126555 0.000000 55.639508 -0.126555 0.991960 0.000000 -4.117708 0.000000 0.000000 1.000000 0.000000
0.991979 0.126406 0.000000 56.086327 -0.126406 0.991979 0.000000 -4.180958 0.000000 0.000000 1.000000 0.000000
0.991994 0.126283 0.000000 56.537526 -0.126283 0.991994 0.000000 -4.254946 0.000000 0.000000 1.000000 0.000000
0.991809 0.127734 0.000000 56.964109 -0.127734 0.991809 0.000000 -4.314321 0.000000 0.000000 1.000000 0.000000
0.991975 0.126435 0.000000 57.387908 -0.126435 0.991975 0.000000 -4.383847 0.000000 0.000000 1.000000 0.000000
0.992114 0.125341 0.000000 58.104479 -0.125341 0.992114 0.000000 -4.490243 0.000000 0.000000 1.000000 0.000000
0.991868 0.127271 0.000000 58.471636 -0.127271 0.991868 0.000000 -4.529562 0.000000 0.000000 1.000000 0.000000
0.991679 0.128733 0.000000 58.916432 -0.128733 0.991679 0.000000 -4.597779 0.000000 0.000000 1.000000 0.000000
0.991568 0.129587 0.000000 59.322999 -0.129587 0.991568 0.000000 -4.659829 0.000000 0.000000 1.000000 0.000000
0.991459 0.130417 0.000000 59.721522 -0.130417 0.991459 0.000000 -4.705213 0.000000 0.000000 1.000000 0.000000
0.991305 0.131582 0.000000 60.107103 -0.131582 0.991305 0.000000 -4.740961 0.000000 0.000000 1.000000 0.000000
0.991161 0.132668 0.000000 60.496334 -0.132668 0.991161 0.000000 -4.790847 0.000000 0.000000 1.000000 0.000000
0.991360 0.131167 0.000000 60.863737 -0.131167 0.991360 0.000000 -4.859371 0.000000 0.000000 1.000000 0.000000
0.991140 0.132819 0.000000 61.226061 -0.132819 0.991140 0.000000 -4.926524 0.000000 0.000000 1.000000 0.000000
0.990890 0.134676 0.000000 61.589185 -0.134676 0.990890 0.000000 -4.976617 0.000000 0.000000 1.000000 0.000000
0.990296 0.138977 0.000000 62.258254 -0.138977 0.990296 0.000000 -5.070089 0.000000 0.000000 1.000000 0.000000
0.990464 0.137770 0.000000 62.592704 -0.137770 0.990464 0.000000 -5.123081 0.000000 0.000000 1.000000 0.000000
0.990482 0.137641 0.000000 62.892243 -0.137641 0.990482 0.000000 -5.163069 0.000000 0.000000 1.000000 0.000000
0.990494 0.137557 0.000000 63.213531 -0.137557 0.990494 0.000000 -5.214520 0.000000 0.000000 1.000000 0.000000
0.990192 0.139711 0.000000 63.539236 -0.139711 0.990192 0.000000 -5.263960 0.000000 0.000000 1.000000 0.000000
0.990007 0.141019 0.000000 63.845359 -0.141019 0.990007 0.000000 -5.313361 0.000000 0.000000 1.000000 0.000000
0.989131 0.147036 0.000000 64.166452 -0.147036 0.989131 0.000000 -5.334450 0.000000 0.000000 1.000000 0.000000
0.989040 0.147650 0.000000 64.486874 -0.147650 0.989040 0.000000 -5.379819 0.000000 0.000000 1.000000 0.000000
0.989323 0.145741 0.000000 64.997473 -0.145741 0.989323 0.000000 -5.475829 0.000000 0.000000 1.000000 0.000000
0.989390 0.145286 0.000000 65.292535 -0.145286 0.989390 0.000000 -5.521688 0.000000 0.000000 1.000000 0.000000
0.989067 0.147464 0.000000 65.593738 -0.147464 0.989067 0.000000 -5.571581 0.000000 0.000000 1.000000 0.000000
0.988749 0.149587 0.000000 65.900497 -0.149587 0.988749 0.000000 -5.615975 0.000000 0.000000 1.000000 0.000000
0.988710 0.149842 0.000000 66.193359 -0.149842 0.988710 0.000000 -5.650391 0.000000 0.000000 1.000000 0.000000
0.988403 0.151855 0.000000 66.468569 -0.151855 0.988403 0.000000 -5.696412 0.000000 0.000000 1.000000 0.000000
0.988297 0.152540 0.000000 66.765268 -0.152540 0.988297 0.000000 -5.748835 0.000000 0.000000 1.000000 0.000000
0.987994 0.154492 0.000000 67.036987 -0.154492 0.987994 0.000000 -5.804021 0.000000 0.000000 1.000000 0.000000
0.987854 0.155385 0.000000 67.302480 -0.155385 0.987854 0.000000 -5.848387 0.000000 0.000000 1.000000 0.000000
0.987322 0.158732 0.000000 67.763691 -0.158732 0.987322 0.000000 -5.923908 0.000000 0.000000 1.000000 0.000000
0.987358 0.158507 0.000000 67.999421 -0.158507 0.987358 0.000000 -5.968145 0.000000 0.000000 1.000000 0.000000
0.987185 0.159580 0.000000 68.277777 -0.159580 0.987185 0.000000 -6.007419 0.000000 0.000000 1.000000 0.000000
0.987215 0.159395 0.000000 68.546399 -0.159395 0.987215 0.000000 -6.052878 0.000000 0.000000 1.000000 0.000000
0.987059 0.160356 0.000000 68.809133 -0.160356 0.987059 0.000000 -6.102764 0.000000 0.000000 1.000000 0.000000
0.986892 0.161380 0.000000 69.065851 -0.161380 0.986892 0.000000 -6.164241 0.000000 0.000000 1.000000 0.000000
0.986724 0.162406 0.000000 69.323804 -0.162406 0.986724 0.000000 -6.207452 0.000000 0.000000 1.000000 0.000000
0.986789 0.162014 0.000000 69.586717 -0.162014 0.986789 0.000000 -6.258111 0.000000 0.000000 1.000000 0.000000
0.986328 0.164792 0.000000 69.822529 -0.164792 0.986328 0.000000 -6.299874 0.000000 0.000000 1.000000 0.000000
0.986209 0.165504 0.000000 70.076176 -0.165504 0.986209 0.000000 -6.329827 0.000000 0.000000 1.000000 0.000000
0.986080 0.166270 0.000000 70.319381 -0.166270 0.986080 0.000000 -6.368428 0.000000 0.000000 1.000000 0.000000
0.986062 0.166376 0.000000 70.582979 -0.166376 0.986062 0.000000 -6.407720 0.000000 0.000000 1.000000 0.000000
0.985632 0.168907 0.000000 71.008312 -0.168907 0.985632 0.000000 -6.498792 0.000000 0.000000 1.000000 0.000000
0.985475 0.169818 0.000000 71.273635 -0.169818 0.985475 0.000000 -6.550579 0.000000 0.000000 1.000000 0.000000
0.985475 0.169819 0.000000 71.539471 -0.169819 0.985475 0.000000 -6.609395 0.000000 0.000000 1.000000 0.000000
0.985232 0.171226 0.000000 71.796241 -0.171226 0.985232 0.000000 -6.658024 0.000000 0.000000 1.000000 0.000000
0.985166 0.171602 0.000000 72.077256 -0.171602 0.985166 0.000000 -6.725368 0.000000 0.000000 1.000000 0.000000
0.985055 0.172239 0.000000 72.357704 -0.172239 0.985055 0.000000 -6.778227 0.000000 0.000000 1.000000 0.000000
0.984937 0.172913 0.000000 72.614568 -0.172913 0.984937 0.000000 -6.838336 0.000000 0.000000 1.000000 0.000000
0.984868 0.173309 0.000000 72.902855 -0.173309 0.984868 0.000000 -6.892553 0.000000 0.000000 1.000000 0.000000
0.984435 0.175747 0.000000 73.183285 -0.175747 0.984435 0.000000 -6.937975 0.000000 0.000000 1.000000 0.000000
0.984299 0.176512 0.000000 73.437148 -0.176512 0.984299 0.000000 -6.994584 0.000000 0.000000 1.000000 0.000000
0.984254 0.176760 0.000000 73.722995 -0.176760 0.984254 0.000000 -7.035184 0.000000 0.000000 1.000000 0.000000
0.983783 0.179362 0.000000 73.988863 -0.179362 0.983783 0.000000 -7.070951 0.000000 0.000000 1.000000 0.000000
0.983668 0.179994 0.000000 74.765086 -0.179994 0.983668 0.000000 -7.214867 0.000000 0.000000 1.000000 0.000000
0.983100 0.183071 0.000000 75.054763 -0.183071 0.983100 0.000000 -7.262195 0.000000 0.000000 1.000000 0.000000
0.982654 0.185450 0.000000 75.346903 -0.185450 0.982654 0.000000 -7.294942 0.000000 0.000000 1.000000 0.000000
0.982447 0.186544 0.000000 75.628144 -0.186544 0.982447 0.000000 -7.331259 0.000000 0.000000 1.000000 0.000000
0.982746 0.184962 0.000000 75.923850 -0.184962 0.982746 0.000000 -7.391092 0.000000 0.000000 1.000000 0.000000
0.982172 0.187984 0.000000 76.490883 -0.187984 0.982172 0.000000 -7.515419 0.000000 0.000000 1.000000 0.000000
0.981738 0.190238 0.000000 76.779126 -0.190238 0.981738 0.000000 -7.575691 0.000000 0.000000 1.000000 0.000000
0.981862 0.189600 0.000000 77.065144 -0.189600 0.981862 0.000000 -7.641031 0.000000 0.000000 1.000000 0.000000
0.981654 0.190670 0.000000 77.527718 -0.190670 0.981654 0.000000 -7.733426 0.000000 0.000000 1.000000 0.000000
0.980955 0.194237 0.000000 77.854750 -0.194237 0.980955 0.000000 -7.784082 0.000000 0.000000 1.000000 0.000000
0.979293 0.202448 0.000000 78.391327 -0.202448 0.979293 0.000000 -7.907610 0.000000 0.000000 1.000000 0.000000
0.979253 0.202641 0.000000 78.721171 -0.202641 0.979253 0.000000 -8.006133 0.000000 0.000000 1.000000 0.000000
0.979273 0.202546 0.000000 79.064335 -0.202546 0.979273 0.000000 -8.060597 0.000000 0.000000 1.000000 0.000000
0.977980 0.208699 0.000000 79.383543 -0.208699 0.977980 0.000000 -8.137433 0.000000 0.000000 1.000000 0.000000
0.978067 0.208289 0.000000 79.730132 -0.208289 0.978067 0.000000 -8.211336 0.000000 0.000000 1.000000 0.000000
0.977532 0.210789 0.000000 80.297475 -0.210789 0.977532 0.000000 -8.325139 0.000000 0.000000 1.000000 0.000000
0.978099 0.208140 0.000000 80.650519 -0.208140 0.978099 0.000000 -8.385295 0.000000 0.000000 1.000000 0.000000
0.977925 0.208957 0.000000 81.038494 -0.208957 0.977925 0.000000 -8.469508 0.000000 0.000000 1.000000 0.000000
0.977626 0.210350 0.000000 81.394332 -0.210350 0.977626 0.000000 -8.551931 0.000000 0.000000 1.000000 0.000000
0.977425 0.211281 0.000000 82.034825 -0.211281 0.977425 0.000000 -8.718940 0.000000 0.000000 1.000000 0.000000
0.977204 0.212303 0.000000 82.685357 -0.212303 0.977204 0.000000 -8.855494 0.000000 0.000000 1.000000 0.000000
0.977597 0.210486 0.000000 83.071505 -0.210486 0.977597 0.000000 -8.959402 0.000000 0.000000 1.000000 0.000000
0.977698 0.210018 0.000000 83.492949 -0.210018 0.977698 0.000000 -9.029787 0.000000 0.000000 1.000000 0.000000
0.976977 0.213346 0.000000 83.891312 -0.213346 0.976977 0.000000 -9.123427 0.000000 0.000000 1.000000 0.000000
0.976893 0.213730 0.000000 84.306484 -0.213730 0.976893 0.000000 -9.232818 0.000000 0.000000 1.000000 0.000000
0.976558 0.215255 0.000000 84.711107 -0.215255 0.976558 0.000000 -9.316115 0.000000 0.000000 1.000000 0.000000
0.976892 0.213733 0.000000 85.156375 -0.213733 0.976892 0.000000 -9.422442 0.000000 0.000000 1.000000 0.000000
0.977951 0.208835 0.000000 85.840738 -0.208835 0.977951 0.000000 -9.553534 0.000000 0.000000 1.000000 0.000000
0.977576 0.210585 0.000000 86.646112 -0.210585 0.977576 0.000000 -9.727853 0.000000 0.000000 1.000000 0.000000
0.977684 0.210079 0.000000 87.110697 -0.210079 0.977684 0.000000 -9.845895 0.000000 0.000000 1.000000 0.000000
0.977000 0.213241 0.000000 87.587361 -0.213241 0.977000 0.000000 -9.955803 0.000000 0.000000 1.000000 0.000000
0.976435 0.215814 0.000000 88.042651 -0.215814 0.976435 0.000000 -10.066215 0.000000 0.000000 1.000000 0.000000
0.975399 0.220448 0.000000 88.547322 -0.220448 0.975399 0.000000 -10.167781 0.000000 0.000000 1.000000 0.000000
0.975827 0.218543 0.000000 88.986447 -0.218543 0.975827 0.000000 -10.272663 0.000000 0.000000 1.000000 0.000000
0.974639 0.223783 0.000000 89.481173 -0.223783 0.974639 0.000000 -10.390650 0.000000 0.000000 1.000000 0.000000
0.974113 0.226064 0.000000 89.994004 -0.226064 0.974113 0.000000 -10.509927 0.000000 0.000000 1.000000 0.000000
0.973663 0.227994 0.000000 90.513503 -0.227994 0.973663 0.000000 -10.617588 0.000000 0.000000 1.000000 0.000000
0.973300 0.229539 0.000000 90.999088 -0.229539 0.973300 0.000000 -10.726601 0.000000 0.000000 1.000000 0.000000
0.973093 0.230411 0.000000 91.519321 -0.230411 0.973093 0.000000 -10.858784 0.000000 0.000000 1.000000 0.000000
0.971982 0.235057 0.000000 92.463050 -0.235057 0.971982 0.000000 -11.095123 0.000000 0.000000 1.000000 0.000000
0.972064 0.234717 0.000000 92.991966 -0.234717 0.972064 0.000000 -11.232190 0.000000 0.000000 1.000000 0.000000
0.972060 0.234733 0.000000 93.545581 -0.234733 0.972060 0.000000 -11.356289 0.000000 0.000000 1.000000 0.000000
0.970927 0.239374 0.000000 94.090671 -0.239374 0.970927 0.000000 -11.484020 0.000000 0.000000 1.000000 0.000000
0.969948 0.243313 0.000000 94.628327 -0.243313 0.969948 0.000000 -11.620541 0.000000 0.000000 1.000000 0.000000
0.970176 0.242401 0.000000 95.462509 -0.242401 0.970176 0.000000 -11.851828 0.000000 0.000000 1.000000 0.000000
0.969687 0.244352 0.000000 95.980433 -0.244352 0.969687 0.000000 -11.994564 0.000000 0.000000 1.000000 0.000000
0.967142 0.254237 0.000000 97.068576 -0.254237 0.967142 0.000000 -12.288364 0.000000 0.000000 1.000000 0.000000
0.966342 0.257261 0.000000 97.797123 -0.257261 0.966342 0.000000 -12.510822 0.000000 0.000000 1.000000 0.000000
0.965742 0.259504 0.000000 98.378551 -0.259504 0.965742 0.000000 -12.660497 0.000000 0.000000 1.000000 0.000000
0.964627 0.263620 0.000000 98.952427 -0.263620 0.964627 0.000000 -12.841096 0.000000 0.000000 1.000000 0.000000
0.963507 0.267682 0.000000 99.528940 -0.267682 0.963507 0.000000 -12.994128 0.000000 0.000000 1.000000 0.000000
0.963192 0.268816 0.000000 100.110242 -0.268816 0.963192 0.000000 -13.165588 0.000000 0.000000 1.000000 0.000000
0.962852 0.270029 0.000000 100.725938 -0.270029 0.962852 0.000000 -13.350424 0.000000 0.000000 1.000000 0.000000
0.962198 0.272350 0.000000 101.280696 -0.272350 0.962198 0.000000 -13.515880 0.000000 0.000000 1.000000 0.000000
0.961305 0.275487 0.000000 101.864606 -0.275487 0.961305 0.000000 -13.686728 0.000000 0.000000 1.000000 0.000000
0.960914 0.276846 0.000000 102.469476 -0.276846 0.960914 0.000000 -13.849762 0.000000 0.000000 1.000000 0.000000
0.961811 0.273713 0.000000 103.025979 -0.273713 0.961811 0.000000 -14.009817 0.000000 0.000000 1.000000 0.000000
0.962219 0.272276 0.000000 103.619969 -0.272276 0.962219 0.000000 -14.179286 0.000000 0.000000 1.000000 0.000000
0.961826 0.273663 0.000000 104.212346 -0.273663 0.961826 0.000000 -14.374055 0.000000 0.000000 1.000000 0.000000
0.961330 0.275400 0.000000 104.761284 -0.275400 0.961330 0.000000 -14.538792 0.000000 0.000000 1.000000 0.000000
0.961144 0.276049 0.000000 105.823203 -0.276049 0.961144 0.000000 -14.857780 0.000000 0.000000 1.000000 0.000000
0.960674 0.277679 0.000000 106.472090 -0.277679 0.960674 0.000000 -15.045142 0.000000 0.000000 1.000000 0.000000
0.960501 0.278275 0.000000 107.077065 -0.278275 0.960501 0.000000 -15.210231 0.000000 0.000000 1.000000 0.000000
0.959707 0.281002 0.000000 107.679883 -0.281002 0.959707 0.000000 -15.393291 0.000000 0.000000 1.000000 0.000000
0.958847 0.283922 0.000000 108.274019 -0.283922 0.958847 0.000000 -15.572886 0.000000 0.000000 1.000000 0.000000
0.959310 0.282353 0.000000 108.879619 -0.282353 0.959310 0.000000 -15.780792 0.000000 0.000000 1.000000 0.000000
0.959071 0.283165 0.000000 109.435308 -0.283165 0.959071 0.000000 -15.966834 0.000000 0.000000 1.000000 0.000000
0.958941 0.283605 0.000000 110.054254 -0.283605 0.958941 0.000000 -16.130966 0.000000 0.000000 1.000000 0.000000
0.958901 0.283739 0.000000 110.633664 -0.283739 0.958901 0.000000 -16.292138 0.000000 0.000000 1.000000 0.000000
0.958394 0.285450 0.000000 111.254883 -0.285450 0.958394 0.000000 -16.489813 0.000000 0.000000 1.000000 0.000000
0.957552 0.288259 0.000000 111.874149 -0.288259 0.957552 0.000000 -16.714293 0.000000 0.000000 1.000000 0.000000
0.957369 0.288868 0.000000 112.510075 -0.288868 0.957369 0.000000 -16.895688 0.000000 0.000000 1.000000 0.000000
0.957591 0.288132 0.000000 113.296926 -0.288132 0.957591 0.000000 -17.135895 0.000000 0.000000 1.000000 0.000000
0.957278 0.289169 0.000000 113.887260 -0.289169 0.957278 0.000000 -17.285209 0.000000 0.000000 1.000000 0.000000
0.955449 0.295158 0.000000 114.517816 -0.295158 0.955449 0.000000 -17.485318 0.000000 0.000000 1.000000 0.000000
0.956432 0.291955 0.000000 115.513637 -0.291955 0.956432 0.000000 -17.794883 0.000000 0.000000 1.000000 0.000000
0.956022 0.293296 0.000000 116.130597 -0.293296 0.956022 0.000000 -18.028154 0.000000 0.000000 1.000000 0.000000
0.955672 0.294433 0.000000 116.780675 -0.294433 0.955672 0.000000 -18.232464 0.000000 0.000000 1.000000 0.000000
0.954865 0.297040 0.000000 117.418580 -0.297040 0.954865 0.000000 -18.431472 0.000000 0.000000 1.000000 0.000000
0.954733 0.297465 0.000000 118.044962 -0.297465 0.954733 0.000000 -18.644213 0.000000 0.000000 1.000000 0.000000
0.954533 0.298106 0.000000 118.688806 -0.298106 0.954533 0.000000 -18.856474 0.000000 0.000000 1.000000 0.000000
0.954690 0.297602 0.000000 119.296961 -0.297602 0.954690 0.000000 -19.048030 0.000000 0.000000 1.000000 0.000000
0.954531 0.298112 0.000000 120.419632 -0.298112 0.954531 0.000000 -19.434092 0.000000 0.000000 1.000000 0.000000
0.954933 0.296822 0.000000 121.053605 -0.296822 0.954933 0.000000 -19.670581 0.000000 0.000000 1.000000 0.000000
0.955009 0.296576 0.000000 121.683637 -0.296576 0.955009 0.000000 -19.892047 0.000000 0.000000 1.000000 0.000000
0.954785 0.297298 0.000000 122.326688 -0.297298 0.954785 0.000000 -20.101563 0.000000 0.000000 1.000000 0.000000
0.954219 0.299109 0.000000 123.637955 -0.299109 0.954219 0.000000 -20.528621 0.000000 0.000000 1.000000 0.000000
0.954370 0.298627 0.000000 124.228124 -0.298627 0.954370 0.000000 -20.717727 0.000000 0.000000 1.000000 0.000000
0.953264 0.302140 0.000000 124.883517 -0.302140 0.953264 0.000000 -20.912651 0.000000 0.000000 1.000000 0.000000
0.953746 0.300612 0.000000 125.477423 -0.300612 0.953746 0.000000 -21.094772 0.000000 0.000000 1.000000 0.000000
0.953172 0.302429 0.000000 126.073972 -0.302429 0.953172 0.000000 -21.280981 0.000000 0.000000 1.000000 0.000000
0.948143 0.317844 0.000000 130.707514 -0.317844 0.948143 0.000000 -22.993369 0.000000 0.000000 1.000000 0.000000
0.949812 0.312821 0.000000 131.347663 -0.312821 0.949812 0.000000 -23.164064 0.000000 0.000000 1.000000 0.000000
0.949071 0.315062 0.000000 131.947418 -0.315062 0.949071 0.000000 -23.344277 0.000000 0.000000 1.000000 0.000000
0.950148 0.311800 0.000000 132.555595 -0.311800 0.950148 0.000000 -23.560220 0.000000 0.000000 1.000000 0.000000
0.949316 0.314322 0.000000 133.141354 -0.314322 0.949316 0.000000 -23.789793 0.000000 0.000000 1.000000 0.000000
0.950297 0.311345 0.000000 133.750417 -0.311345 0.950297 0.000000 -24.011844 0.000000 0.000000 1.000000 0.000000
0.948997 0.315286 0.000000 134.362571 -0.315286 0.948997 0.000000 -24.239120 0.000000 0.000000 1.000000 0.000000
0.949253 0.314513 0.000000 135.153481 -0.314513 0.949253 0.000000 -24.502506 0.000000 0.000000 1.000000 0.000000
0.948678 0.316243 0.000000 135.760027 -0.316243 0.948678 0.000000 -24.722153 0.000000 0.000000 1.000000 0.000000
0.947615 0.319414 0.000000 136.389091 -0.319414 0.947615 0.000000 -24.918709 0.000000 0.000000 1.000000 0.000000
0.947142 0.320815 0.000000 137.300766 -0.320815 0.947142 0.000000 -25.221174 0.000000 0.000000 1.000000 0.000000
0.947439 0.319938 0.000000 137.911670 -0.319938 0.947439 0.000000 -25.438915 0.000000 0.000000 1.000000 0.000000
0.947204 0.320632 0.000000 138.528832 -0.320632 0.947204 0.000000 -25.650649 0.000000 0.000000 1.000000 0.000000
0.947360 0.320171 0.000000 139.133089 -0.320171 0.947360 0.000000 -25.863242 0.000000 0.000000 1.000000 0.000000
0.947410 0.320024 0.000000 139.745232 -0.320024 0.947410 0.000000 -26.073621 0.000000 0.000000 1.000000 0.000000
0.946899 0.321530 0.000000 140.654082 -0.321530 0.946899 0.000000 -26.391008 0.000000 0.000000 1.000000 0.000000
0.946526 0.322627 0.000000 141.238073 -0.322627 0.946526 0.000000 -26.608600 0.000000 0.000000 1.000000 0.000000
0.946186 0.323622 0.000000 141.839181 -0.323622 0.946186 0.000000 -26.811588 0.000000 0.000000 1.000000 0.000000
0.945721 0.324979 0.000000 142.401061 -0.324979 0.945721 0.000000 -27.010094 0.000000 0.000000 1.000000 0.000000
0.944411 0.328768 0.000000 143.178165 -0.328768 0.944411 0.000000 -27.301156 0.000000 0.000000 1.000000 0.000000
0.944433 0.328704 0.000000 143.766336 -0.328704 0.944433 0.000000 -27.536505 0.000000 0.000000 1.000000 0.000000
0.944707 0.327917 0.000000 144.371892 -0.327917 0.944707 0.000000 -27.757180 0.000000 0.000000 1.000000 0.000000
0.945004 0.327060 0.000000 144.969535 -0.327060 0.945004 0.000000 -27.963626 0.000000 0.000000 1.000000 0.000000
0.945627 0.325252 0.000000 145.561447 -0.325252 0.945627 0.000000 -28.165547 0.000000 0.000000 1.000000 0.000000
0.945122 0.326719 0.000000 146.688407 -0.326719 0.945122 0.000000 -28.597609 0.000000 0.000000 1.000000 0.000000
0.946037 0.324060 0.000000 147.236392 -0.324060 0.946037 0.000000 -28.769749 0.000000 0.000000 1.000000 0.000000
0.944742 0.327816 0.000000 147.811078 -0.327816 0.944742 0.000000 -28.966817 0.000000 0.000000 1.000000 0.000000
0.945297 0.326211 0.000000 148.379544 -0.326211 0.945297 0.000000 -29.168507 0.000000 0.000000 1.000000 0.000000
0.944883 0.327407 0.000000 148.909224 -0.327407 0.944883 0.000000 -29.372228 0.000000 0.000000 1.000000 0.000000
0.945000 0.327070 0.000000 149.489984 -0.327070 0.945000 0.000000 -29.584298 0.000000 0.000000 1.000000 0.000000
0.946382 0.323051 0.000000 150.180149 -0.323051 0.946382 0.000000 -29.844846 0.000000 0.000000 1.000000 0.000000
0.946105 0.323859 0.000000 150.753296 -0.323859 0.946105 0.000000 -30.055859 0.000000 0.000000 1.000000 0.000000
0.945750 0.324895 0.000000 151.264079 -0.324895 0.945750 0.000000 -30.259704 0.000000 0.000000 1.000000 0.000000
0.945510 0.325592 0.000000 151.843536 -0.325592 0.945510 0.000000 -30.474731 0.000000 0.000000 1.000000 0.000000
0.944825 0.327577 0.000000 152.410403 -0.327577 0.944825 0.000000 -30.678472 0.000000 0.000000 1.000000 0.000000
0.944577 0.328289 0.000000 152.948591 -0.328289 0.944577 0.000000 -30.868571 0.000000 0.000000 1.000000 0.000000
0.944338 0.328977 0.000000 153.522418 -0.328977 0.944338 0.000000 -31.081648 0.000000 0.000000 1.000000 0.000000
0.945276 0.326273 0.000000 154.049362 -0.326273 0.945276 0.000000 -31.270286 0.000000 0.000000 1.000000 0.000000
0.944583 0.328273 0.000000 154.611189 -0.328273 0.944583 0.000000 -31.477341 0.000000 0.000000 1.000000 0.000000
0.944019 0.329892 0.000000 155.179915 -0.329892 0.944019 0.000000 -31.664361 0.000000 0.000000 1.000000 0.000000
0.943014 0.332753 0.000000 155.882786 -0.332753 0.943014 0.000000 -31.921092 0.000000 0.000000 1.000000 0.000000
0.942150 0.335193 0.000000 156.403336 -0.335193 0.942150 0.000000 -32.107883 0.000000 0.000000 1.000000 0.000000
0.941770 0.336258 0.000000 156.936720 -0.336258 0.941770 0.000000 -32.323943 0.000000 0.000000 1.000000 0.000000
0.941274 0.337642 0.000000 157.447722 -0.337642 0.941274 0.000000 -32.521783 0.000000 0.000000 1.000000 0.000000
0.941001 0.338404 0.000000 157.996136 -0.338404 0.941001 0.000000 -32.729121 0.000000 0.000000 1.000000 0.000000
0.941432 0.337203 0.000000 158.519926 -0.337203 0.941432 0.000000 -32.911806 0.000000 0.000000 1.000000 0.000000
0.940863 0.338788 0.000000 159.219618 -0.338788 0.940863 0.000000 -33.176477 0.000000 0.000000 1.000000 0.000000
0.940904 0.338674 0.000000 159.725144 -0.338674 0.940904 0.000000 -33.358832 0.000000 0.000000 1.000000 0.000000
0.938591 0.345032 0.000000 160.258759 -0.345032 0.938591 0.000000 -33.572737 0.000000 0.000000 1.000000 0.000000
0.938668 0.344823 0.000000 160.768799 -0.344823 0.938668 0.000000 -33.753219 0.000000 0.000000 1.000000 0.000000
0.939769 0.341810 0.000000 161.312426 -0.341810 0.939769 0.000000 -33.938674 0.000000 0.000000 1.000000 0.000000
0.939421 0.342765 0.000000 161.824243 -0.342765 0.939421 0.000000 -34.126699 0.000000 0.000000 1.000000 0.000000
0.938853 0.344317 0.000000 162.556947 -0.344317 0.938853 0.000000 -34.406278 0.000000 0.000000 1.000000 0.000000
0.937975 0.346704 0.000000 163.103357 -0.346704 0.937975 0.000000 -34.612399 0.000000 0.000000 1.000000 0.000000
0.939407 0.342805 0.000000 163.643113 -0.342805 0.939407 0.000000 -34.818761 0.000000 0.000000 1.000000 0.000000
0.939807 0.341705 0.000000 164.179049 -0.341705 0.939807 0.000000 -35.026772 0.000000 0.000000 1.000000 0.000000
0.940434 0.339977 0.000000 164.719697 -0.339977 0.940434 0.000000 -35.234247 0.000000 0.000000 1.000000 0.000000
0.939579 0.342331 0.000000 165.253452 -0.342331 0.939579 0.000000 -35.427882 0.000000 0.000000 1.000000 0.000000
0.939671 0.342080 0.000000 165.788388 -0.342080 0.939671 0.000000 -35.618777 0.000000 0.000000 1.000000 0.000000
0.940659 0.339353 0.000000 166.303077 -0.339353 0.940659 0.000000 -35.800850 0.000000 0.000000 1.000000 0.000000
0.941694 0.336469 0.000000 166.826520 -0.336469 0.941694 0.000000 -36.013545 0.000000 0.000000 1.000000 0.000000
0.941412 0.337258 0.000000 167.373229 -0.337258 0.941412 0.000000 -36.234755 0.000000 0.000000 1.000000 0.000000
0.941495 0.337027 0.000000 167.875850 -0.337027 0.941495 0.000000 -36.457427 0.000000 0.000000 1.000000 0.000000
0.941450 0.337154 0.000000 168.418269 -0.337154 0.941450 0.000000 -36.693355 0.000000 0.000000 1.000000 0.000000
0.942464 0.334308 0.000000 168.940573 -0.334308 0.942464 0.000000 -36.894745 0.000000 0.000000 1.000000 0.000000
0.942197 0.335059 0.000000 169.482283 -0.335059 0.942197 0.000000 -37.098115 0.000000 0.000000 1.000000 0.000000
0.943711 0.330771 0.000000 170.015104 -0.330771 0.943711 0.000000 -37.289967 0.000000 0.000000 1.000000 0.000000
0.945150 0.326636 0.000000 170.568054 -0.326636 0.945150 0.000000 -37.486476 0.000000 0.000000 1.000000 0.000000
0.945960 0.324284 0.000000 171.068725 -0.324284 0.945960 0.000000 -37.706521 0.000000 0.000000 1.000000 0.000000
0.946965 0.321337 0.000000 171.601169 -0.321337 0.946965 0.000000 -37.898372 0.000000 0.000000 1.000000 0.000000
0.948100 0.317973 0.000000 172.097364 -0.317973 0.948100 0.000000 -38.084101 0.000000 0.000000 1.000000 0.000000
0.949711 0.313129 0.000000 172.668079 -0.313129 0.949711 0.000000 -38.271684 0.000000 0.000000 1.000000 0.000000
0.951065 0.308990 0.000000 173.375350 -0.308990 0.951065 0.000000 -38.527251 0.000000 0.000000 1.000000 0.000000
0.951364 0.308068 0.000000 173.927844 -0.308068 0.951364 0.000000 -38.711508 0.000000 0.000000 1.000000 0.000000
0.952088 0.305824 0.000000 174.414935 -0.305824 0.952088 0.000000 -38.900983 0.000000 0.000000 1.000000 0.000000
0.951719 0.306972 0.000000 174.962937 -0.306972 0.951719 0.000000 -39.075706 0.000000 0.000000 1.000000 0.000000
0.952072 0.305874 0.000000 175.640713 -0.305874 0.952072 0.000000 -39.309985 0.000000 0.000000 1.000000 0.000000
0.953374 0.301791 0.000000 176.716283 -0.301791 0.953374 0.000000 -39.670512 0.000000 0.000000 1.000000 0.000000
0.954001 0.299803 0.000000 177.256758 -0.299803 0.954001 0.000000 -39.857350 0.000000 0.000000 1.000000 0.000000
0.954631 0.297791 0.000000 177.792558 -0.297791 0.954631 0.000000 -40.044883 0.000000 0.000000 1.000000 0.000000
0.954362 0.298652 0.000000 178.320995 -0.298652 0.954362 0.000000 -40.218506 0.000000 0.000000 1.000000 0.000000
0.955124 0.296205 0.000000 178.845886 -0.296205 0.955124 0.000000 -40.413035 0.000000 0.000000 1.000000 0.000000
0.955613 0.294624 0.000000 179.367611 -0.294624 0.955613 0.000000 -40.589773 0.000000 0.000000 1.000000 0.000000
0.955156 0.296102 0.000000 179.912323 -0.296102 0.955156 0.000000 -40.766159 0.000000 0.000000 1.000000 0.000000
0.955312 0.295600 0.000000 180.440548 -0.295600 0.955312 0.000000 -40.939146 0.000000 0.000000 1.000000 0.000000
0.955162 0.296084 0.000000 180.931908 -0.296084 0.955162 0.000000 -41.093913 0.000000 0.000000 1.000000 0.000000
0.954733 0.297463 0.000000 181.412686 -0.297463 0.954733 0.000000 -41.263828 0.000000 0.000000 1.000000 0.000000
0.954788 0.297289 0.000000 181.933735 -0.297289 0.954788 0.000000 -41.423319 0.000000 0.000000 1.000000 0.000000
0.955197 0.295972 0.000000 182.427031 -0.295972 0.955197 0.000000 -41.582374 0.000000 0.000000 1.000000 0.000000
0.955664 0.294460 0.000000 182.947745 -0.294460 0.955664 0.000000 -41.747158 0.000000 0.000000 1.000000 0.000000
0.955962 0.293490 0.000000 183.451262 -0.293490 0.955962 0.000000 -41.877605 0.000000 0.000000 1.000000 0.000000
0.955691 0.294371 0.000000 183.973241 -0.294371 0.955691 0.000000 -42.056628 0.000000 0.000000 1.000000 0.000000
0.955853 0.293846 0.000000 184.463606 -0.293846 0.955853 0.000000 -42.209739 0.000000 0.000000 1.000000 0.000000
0.956861 0.290545 0.000000 184.993150 -0.290545 0.956861 0.000000 -42.358530 0.000000 0.000000 1.000000 0.000000
0.957218 0.289367 0.000000 185.461389 -0.289367 0.957218 0.000000 -42.509240 0.000000 0.000000 1.000000 0.000000
0.957222 0.289354 0.000000 185.981240 -0.289354 0.957222 0.000000 -42.673426 0.000000 0.000000 1.000000 0.000000
0.957015 0.290038 0.000000 186.465503 -0.290038 0.957015 0.000000 -42.831065 0.000000 0.000000 1.000000 0.000000
0.956817 0.290692 0.000000 186.985315 -0.290692 0.956817 0.000000 -42.963385 0.000000 0.000000 1.000000 0.000000
0.957246 0.289274 0.000000 187.614442 -0.289274 0.957246 0.000000 -43.167989 0.000000 0.000000 1.000000 0.000000
0.958526 0.285006 0.000000 188.129060 -0.285006 0.958526 0.000000 -43.321288 0.000000 0.000000 1.000000 0.000000
0.959708 0.280999 0.000000 188.623837 -0.280999 0.959708 0.000000 -43.491085 0.000000 0.000000 1.000000 0.000000
0.959863 0.280470 0.000000 189.110286 -0.280470 0.959863 0.000000 -43.634466 0.000000 0.000000 1.000000 0.000000
0.961860 0.273544 0.000000 189.817952 -0.273544 0.961860 0.000000 -43.853198 0.000000 0.000000 1.000000 0.000000
0.962628 0.270826 0.000000 190.321489 -0.270826 0.962628 0.000000 -44.009352 0.000000 0.000000 1.000000 0.000000
0.963481 0.267777 0.000000 190.823322 -0.267777 0.963481 0.000000 -44.141249 0.000000 0.000000 1.000000 0.000000
0.963785 0.266680 0.000000 191.310229 -0.266680 0.963785 0.000000 -44.288528 0.000000 0.000000 1.000000 0.000000
0.965793 0.259315 0.000000 191.828719 -0.259315 0.965793 0.000000 -44.409764 0.000000 0.000000 1.000000 0.000000
0.968947 0.247267 0.000000 192.817109 -0.247267 0.968947 0.000000 -44.671501 0.000000 0.000000 1.000000 0.000000
0.969644 0.244521 0.000000 193.296367 -0.244521 0.969644 0.000000 -44.800475 0.000000 0.000000 1.000000 0.000000
0.971640 0.236465 0.000000 193.772086 -0.236465 0.971640 0.000000 -44.937270 0.000000 0.000000 1.000000 0.000000
0.973561 0.228428 0.000000 194.218147 -0.228428 0.973561 0.000000 -45.054236 0.000000 0.000000 1.000000 0.000000
0.975138 0.221598 0.000000 194.707950 -0.221598 0.975138 0.000000 -45.163588 0.000000 0.000000 1.000000 0.000000
0.977045 0.213033 0.000000 195.179028 -0.213033 0.977045 0.000000 -45.285850 0.000000 0.000000 1.000000 0.000000
0.980936 0.194329 0.000000 196.111738 -0.194329 0.980936 0.000000 -45.494954 0.000000 0.000000 1.000000 0.000000
0.982551 0.185991 0.000000 196.610543 -0.185991 0.982551 0.000000 -45.583141 0.000000 0.000000 1.000000 0.000000
0.984467 0.175567 0.000000 197.050270 -0.175567 0.984467 0.000000 -45.664505 0.000000 0.000000 1.000000 0.000000
0.986425 0.164213 0.000000 197.715875 -0.164213 0.986425 0.000000 -45.775577 0.000000 0.000000 1.000000 0.000000
0.988155 0.153461 0.000000 198.185766 -0.153461 0.988155 0.000000 -45.863509 0.000000 0.000000 1.000000 0.000000
0.989656 0.143460 0.000000 198.654396 -0.143460 0.989656 0.000000 -45.948693 0.000000 0.000000 1.000000 0.000000
0.990988 0.133948 0.000000 199.110979 -0.133948 0.990988 0.000000 -46.025210 0.000000 0.000000 1.000000 0.000000
