0.999997 0.002441 0.000000 0.585706 -0.002441 0.999997 0.000000 -0.003183 0.000000 0.000000 1.000000 0.000000
0.999983 0.005865 0.000000 1.155480 -0.005865 0.999983 0.000000 -0.002068 0.000000 0.000000 1.000000 0.000000
0.999909 0.013520 0.000000 2.321184 -0.013520 0.999909 0.000000 -0.043656 0.000000 0.000000 1.000000 0.000000
0.999886 0.015109 0.000000 2.880018 -0.015109 0.999886 0.000000 -0.075030 0.000000 0.000000 1.000000 0.000000
0.999790 0.020476 0.000000 4.040846 -0.020476 0.999790 0.000000 -0.141113 0.000000 0.000000 1.000000 0.000000
0.999773 0.021285 0.000000 4.633267 -0.021285 0.999773 0.000000 -0.151995 0.000000 0.000000 1.000000 0.000000
0.999694 0.024749 0.000000 5.185379 -0.024749 0.999694 0.000000 -0.159482 0.000000 0.000000 1.000000 0.000000
0.999658 0.026155 0.000000 5.795848 -0.026155 0.999658 0.000000 -0.182724 0.000000 0.000000 1.000000 0.000000
0.999647 0.026582 0.000000 6.618397 -0.026582 0.999647 0.000000 -0.212872 0.000000 0.000000 1.000000 0.000000
0.999581 0.028962 0.000000 7.201434 -0.028962 0.999581 0.000000 -0.219303 0.000000 0.000000 1.000000 0.000000
0.999562 0.029588 0.000000 7.763108 -0.029588 0.999562 0.000000 -0.218559 0.000000 0.000000 1.000000 0.000000
0.999504 0.031480 0.000000 8.346850 -0.031480 0.999504 0.000000 -0.242427 0.000000 0.000000 1.000000 0.000000
0.999320 0.036881 0.000000 8.884942 -0.036881 0.999320 0.000000 -0.257602 0.000000 0.000000 1.000000 0.000000
0.999100 0.042418 0.000000 9.443930 -0.042418 0.999100 0.000000 -0.302696 0.000000 0.000000 1.000000 0.000000
0.998854 0.047871 0.000000 9.998554 -0.047871 0.998854 0.000000 -0.325356 0.000000 0.000000 1.000000 0.000000
0.998466 0.055366 0.000000 10.716570 -0.055366 0.998466 0.000000 -0.355956 0.000000 0.000000 1.000000 0.000000
0.998214 0.059740 0.000000 11.299556 -0.059740 0.998214 0.000000 -0.396966 0.000000 0.000000 1.000000 0.000000
0.997994 0.063308 0.000000 11.871344 -0.063308 0.997994 0.000000 -0.451620 0.000000 0.000000 1.000000 0.000000
0.997666 0.068281 0.000000 12.426494 -0.068281 0.997666 0.000000 -0.487106 0.000000 0.000000 1.000000 0.000000
0.996706 0.081095 0.000000 13.571860 -0.081095 0.996706 0.000000 -0.594718 0.000000 0.000000 1.000000 0.000000
0.996455 0.084123 0.000000 14.084302 -0.084123 0.996455 0.000000 -0.630782 0.000000 0.000000 1.000000 0.000000
0.995873 0.090758 0.000000 14.656306 -0.090758 0.995873 0.000000 -0.665702 0.000000 0.000000 1.000000 0.000000
0.995130 0.098567 0.000000 15.170998 -0.098567 0.995130 0.000000 -0.725544 0.000000 0.000000 1.000000 0.000000
0.994395 0.105733 0.000000 15.732665 -0.105733 0.994395 0.000000 -0.802260 0.000000 0.000000 1.000000 0.000000
0.993733 0.111781 0.000000 16.253318 -0.111781 0.993733 0.000000 -0.837787 0.000000 0.000000 1.000000 0.000000
0.993246 0.116029 0.000000 16.828112 -0.116029 0.993246 0.000000 -0.897295 0.000000 0.000000 1.000000 0.000000
0.992527 0.122026 0.000000 17.356145 -0.122026 0.992527 0.000000 -0.982762 0.000000 0.000000 1.000000 0.000000
0.991276 0.131805 0.000000 18.110015 -0.131805 0.991276 0.000000 -1.096031 0.000000 0.000000 1.000000 0.000000
0.989780 0.142601 0.000000 18.689021 -0.142601 0.989780 0.000000 -1.209935 0.000000 0.000000 1.000000 0.000000
0.988879 0.148722 0.000000 19.242516 -0.148722 0.988879 0.000000 -1.300662 0.000000 0.000000 1.000000 0.000000
0.988166 0.153388 0.000000 19.806753 -0.153388 0.988166 0.000000 -1.395422 0.000000 0.000000 1.000000 0.000000
0.987405 0.158212 0.000000 20.372828 -0.158212 0.987405 0.000000 -1.479207 0.000000 0.000000 1.000000 0.000000
0.986392 0.164411 0.000000 20.889253 -0.164411 0.986392 0.000000 -1.572393 0.000000 0.000000 1.000000 0.000000
0.985248 0.171131 0.000000 21.395079 -0.171131 0.985248 0.000000 -1.662993 0.000000 0.000000 1.000000 0.000000
0.984218 0.176962 0.000000 21.954906 -0.176962 0.984218 0.000000 -1.736257 0.000000 0.000000 1.000000 0.000000
0.982532 0.186095 0.000000 22.480699 -0.186095 0.982532 0.000000 -1.835194 0.000000 0.000000 1.000000 0.000000
0.980555 0.196243 0.000000 23.026485 -0.196243 0.980555 0.000000 -1.945053 0.000000 0.000000 1.000000 0.000000
0.979006 0.203833 0.000000 23.757303 -0.203833 0.979006 0.000000 -2.094846 0.000000 0.000000 1.000000 0.000000
0.978010 0.208560 0.000000 24.309223 -0.208560 0.978010 0.000000 -2.226935 0.000000 0.000000 1.000000 0.000000
0.976188 0.216928 0.000000 24.889026 -0.216928 0.976188 0.000000 -2.341968 0.000000 0.000000 1.000000 0.000000
0.974490 0.224431 0.000000 25.426246 -0.224431 0.974490 0.000000 -2.470600 0.000000 0.000000 1.000000 0.000000
0.972830 0.231520 0.000000 25.976013 -0.231520 0.972830 0.000000 -2.612788 0.000000 0.000000 1.000000 0.000000
0.971397 0.237463 0.000000 26.486605 -0.237463 0.971397 0.000000 -2.730708 0.000000 0.000000 1.000000 0.000000
0.969856 0.243679 0.000000 27.028683 -0.243679 0.969856 0.000000 -2.859029 0.000000 0.000000 1.000000 0.000000
0.970185 0.242365 0.000000 27.534755 -0.242365 0.970185 0.000000 -2.990381 0.000000 0.000000 1.000000 0.000000
0.968841 0.247684 0.000000 28.078932 -0.247684 0.968841 0.000000 -3.112855 0.000000 0.000000 1.000000 0.000000
0.965995 0.258562 0.000000 29.099641 -0.258562 0.965995 0.000000 -3.406342 0.000000 0.000000 1.000000 0.000000
0.964890 0.262653 0.000000 29.588431 -0.262653 0.964890 0.000000 -3.541188 0.000000 0.000000 1.000000 0.000000
0.963236 0.268657 0.000000 30.102662 -0.268657 0.963236 0.000000 -3.690947 0.000000 0.000000 1.000000 0.000000
0.961349 0.275334 0.000000 30.775931 -0.275334 0.961349 0.000000 -3.884218 0.000000 0.000000 1.000000 0.000000
0.960070 0.279761 0.000000 31.255920 -0.279761 0.960070 0.000000 -3.994632 0.000000 0.000000 1.000000 0.000000
0.958635 0.284638 0.000000 31.744039 -0.284638 0.958635 0.000000 -4.134820 0.000000 0.000000 1.000000 0.000000
0.956490 0.291764 0.000000 32.269668 -0.291764 0.956490 0.000000 -4.268035 0.000000 0.000000 1.000000 0.000000
0.955844 0.293874 0.000000 32.731213 -0.293874 0.955844 0.000000 -4.395688 0.000000 0.000000 1.000000 0.000000
0.953002 0.302963 0.000000 33.400511 -0.302963 0.953002 0.000000 -4.609892 0.000000 0.000000 1.000000 0.000000
0.951266 0.308370 0.000000 33.916317 -0.308370 0.951266 0.000000 -4.790602 0.000000 0.000000 1.000000 0.000000
0.950217 0.311590 0.000000 34.449292 -0.311590 0.950217 0.000000 -4.962934 0.000000 0.000000 1.000000 0.000000
0.948449 0.316931 0.000000 34.933294 -0.316931 0.948449 0.000000 -5.131213 0.000000 0.000000 1.000000 0.000000
0.946515 0.322659 0.000000 35.431150 -0.322659 0.946515 0.000000 -5.306322 0.000000 0.000000 1.000000 0.000000
0.947128 0.320857 0.000000 35.947132 -0.320857 0.947128 0.000000 -5.492602 0.000000 0.000000 1.000000 0.000000
0.944729 0.327854 0.000000 36.442376 -0.327854 0.944729 0.000000 -5.629842 0.000000 0.000000 1.000000 0.000000
0.943108 0.332487 0.000000 36.925224 -0.332487 0.943108 0.000000 -5.827883 0.000000 0.000000 1.000000 0.000000
0.941547 0.336882 0.000000 37.387746 -0.336882 0.941547 0.000000 -6.020880 0.000000 0.000000 1.000000 0.000000
0.939280 0.343151 0.000000 37.884009 -0.343151 0.939280 0.000000 -6.229575 0.000000 0.000000 1.000000 0.000000
0.937202 0.348787 0.000000 38.358696 -0.348787 0.937202 0.000000 -6.400511 0.000000 0.000000 1.000000 0.000000
0.934824 0.355113 0.000000 38.862905 -0.355113 0.934824 0.000000 -6.579108 0.000000 0.000000 1.000000 0.000000
0.932249 0.361819 0.000000 39.354086 -0.361819 0.932249 0.000000 -6.744454 0.000000 0.000000 1.000000 0.000000
0.929966 0.367645 0.000000 39.862629 -0.367645 0.929966 0.000000 -6.960793 0.000000 0.000000 1.000000 0.000000
0.928949 0.370209 0.000000 40.320525 -0.370209 0.928949 0.000000 -7.161912 0.000000 0.000000 1.000000 0.000000
0.925962 0.377618 0.000000 40.991321 -0.377618 0.925962 0.000000 -7.423104 0.000000 0.000000 1.000000 0.000000
0.921768 0.387741 0.000000 41.689023 -0.387741 0.921768 0.000000 -7.717110 0.000000 0.000000 1.000000 0.000000
0.918961 0.394348 0.000000 42.160889 -0.394348 0.918961 0.000000 -7.914837 0.000000 0.000000 1.000000 0.000000
0.913332 0.407216 0.000000 42.985661 -0.407216 0.913332 0.000000 -8.277110 0.000000 0.000000 1.000000 0.000000
0.911113 0.412158 0.000000 43.458590 -0.412158 0.911113 0.000000 -8.506023 0.000000 0.000000 1.000000 0.000000
0.909013 0.416768 0.000000 43.928506 -0.416768 0.909013 0.000000 -8.725586 0.000000 0.000000 1.000000 0.000000
0.908525 0.417831 0.000000 44.378870 -0.417831 0.908525 0.000000 -8.933827 0.000000 0.000000 1.000000 0.000000
0.903889 0.427768 0.000000 44.864441 -0.427768 0.903889 0.000000 -9.157683 0.000000 0.000000 1.000000 0.000000
0.903123 0.429382 0.000000 45.348548 -0.429382 0.903123 0.000000 -9.400554 0.000000 0.000000 1.000000 0.000000
0.900940 0.433945 0.000000 45.765218 -0.433945 0.900940 0.000000 -9.616008 0.000000 0.000000 1.000000 0.000000
0.898080 0.439833 0.000000 46.217335 -0.439833 0.898080 0.000000 -9.837586 0.000000 0.000000 1.000000 0.000000
0.896453 0.443139 0.000000 46.658539 -0.443139 0.896453 0.000000 -10.062278 0.000000 0.000000 1.000000 0.000000
0.896057 0.443940 0.000000 47.102495 -0.443940 0.896057 0.000000 -10.286144 0.000000 0.000000 1.000000 0.000000
0.893830 0.448406 0.000000 47.514049 -0.448406 0.893830 0.000000 -10.516053 0.000000 0.000000 1.000000 0.000000
0.892141 0.451757 0.000000 47.934398 -0.451757 0.892141 0.000000 -10.719421 0.000000 0.000000 1.000000 0.000000
0.890242 0.455487 0.000000 48.333341 -0.455487 0.890242 0.000000 -10.923772 0.000000 0.000000 1.000000 0.000000
0.890235 0.455501 0.000000 48.729271 -0.455501 0.890235 0.000000 -11.136794 0.000000 0.000000 1.000000 0.000000
0.887922 0.459995 0.000000 49.129012 -0.459995 0.887922 0.000000 -11.336313 0.000000 0.000000 1.000000 0.000000
0.887112 0.461554 0.000000 49.554921 -0.461554 0.887112 0.000000 -11.573100 0.000000 0.000000 1.000000 0.000000
0.886958 0.461851 0.000000 49.961111 -0.461851 0.886958 0.000000 -11.780949 0.000000 0.000000 1.000000 0.000000
0.886219 0.463267 0.000000 50.357006 -0.463267 0.886219 0.000000 -11.988054 0.000000 0.000000 1.000000 0.000000
0.886041 0.463607 0.000000 50.750769 -0.463607 0.886041 0.000000 -12.189353 0.000000 0.000000 1.000000 0.000000
0.881881 0.471473 0.000000 51.161207 -0.471473 0.881881 0.000000 -12.380593 0.000000 0.000000 1.000000 0.000000
0.879325 0.476223 0.000000 51.543858 -0.476223 0.879325 0.000000 -12.577651 0.000000 0.000000 1.000000 0.000000
0.877989 0.478681 0.000000 51.942780 -0.478681 0.877989 0.000000 -12.798822 0.000000 0.000000 1.000000 0.000000
0.874048 0.485840 0.000000 52.307898 -0.485840 0.874048 0.000000 -13.010884 0.000000 0.000000 1.000000 0.000000
0.870473 0.492216 0.000000 52.847358 -0.492216 0.870473 0.000000 -13.352161 0.000000 0.000000 1.000000 0.000000
0.866098 0.499875 0.000000 53.220300 -0.499875 0.866098 0.000000 -13.563488 0.000000 0.000000 1.000000 0.000000
0.861127 0.508390 0.000000 53.587014 -0.508390 0.861127 0.000000 -13.794694 0.000000 0.000000 1.000000 0.000000
0.858475 0.512855 0.000000 53.930074 -0.512855 0.858475 0.000000 -14.039260 0.000000 0.000000 1.000000 0.000000
0.856139 0.516746 0.000000 54.288278 -0.516746 0.856139 0.000000 -14.257608 0.000000 0.000000 1.000000 0.000000
0.851924 0.523666 0.000000 54.628495 -0.523666 0.851924 0.000000 -14.448206 0.000000 0.000000 1.000000 0.000000
0.849304 0.527904 0.000000 54.971838 -0.527904 0.849304 0.000000 -14.680669 0.000000 0.000000 1.000000 0.000000
0.846058 0.533091 0.000000 55.330533 -0.533091 0.846058 0.000000 -14.880787 0.000000 0.000000 1.000000 0.000000
0.842337 0.538951 0.000000 55.665255 -0.538951 0.842337 0.000000 -15.111963 0.000000 0.000000 1.000000 0.000000
0.840576 0.541693 0.000000 55.997224 -0.541693 0.840576 0.000000 -15.297676 0.000000 0.000000 1.000000 0.000000
0.838071 0.545561 0.000000 56.300935 -0.545561 0.838071 0.000000 -15.511672 0.000000 0.000000 1.000000 0.000000
0.835676 0.549223 0.000000 56.924136 -0.549223 0.835676 0.000000 -15.949189 0.000000 0.000000 1.000000 0.000000
0.835624 0.549302 0.000000 57.203439 -0.549302 0.835624 0.000000 -16.132816 0.000000 0.000000 1.000000 0.000000
0.834367 0.551209 0.000000 57.467338 -0.551209 0.834367 0.000000 -16.310532 0.000000 0.000000 1.000000 0.000000
0.834050 0.551689 0.000000 57.736448 -0.551689 0.834050 0.000000 -16.514652 0.000000 0.000000 1.000000 0.000000
0.836922 0.547321 0.000000 58.018997 -0.547321 0.836922 0.000000 -16.698947 0.000000 0.000000 1.000000 0.000000
0.834872 0.550445 0.000000 58.287805 -0.550445 0.834872 0.000000 -16.865014 0.000000 0.000000 1.000000 0.000000
0.833540 0.552459 0.000000 58.553341 -0.552459 0.833540 0.000000 -17.082115 0.000000 0.000000 1.000000 0.000000
0.832735 0.553672 0.000000 58.806830 -0.553672 0.832735 0.000000 -17.270979 0.000000 0.000000 1.000000 0.000000
0.832099 0.554628 0.000000 59.089870 -0.554628 0.832099 0.000000 -17.437162 0.000000 0.000000 1.000000 0.000000
0.832754 0.553643 0.000000 59.329303 -0.553643 0.832754 0.000000 -17.615473 0.000000 0.000000 1.000000 0.000000
0.830854 0.556491 0.000000 59.583668 -0.556491 0.830854 0.000000 -17.765582 0.000000 0.000000 1.000000 0.000000
0.829913 0.557893 0.000000 59.830884 -0.557893 0.829913 0.000000 -17.953440 0.000000 0.000000 1.000000 0.000000
0.826857 0.562412 0.000000 60.181932 -0.562412 0.826857 0.000000 -18.203158 0.000000 0.000000 1.000000 0.000000
0.825889 0.563832 0.000000 60.435393 -0.563832 0.825889 0.000000 -18.382803 0.000000 0.000000 1.000000 0.000000
0.821795 0.569784 0.000000 60.666856 -0.569784 0.821795 0.000000 -18.535246 0.000000 0.000000 1.000000 0.000000
0.819061 0.573707 0.000000 60.894740 -0.573707 0.819061 0.000000 -18.706833 0.000000 0.000000 1.000000 0.000000
0.815854 0.578258 0.000000 61.126816 -0.578258 0.815854 0.000000 -18.872936 0.000000 0.000000 1.000000 0.000000
0.813363 0.581757 0.000000 61.344131 -0.581757 0.813363 0.000000 -19.004255 0.000000 0.000000 1.000000 0.000000
0.813425 0.581669 0.000000 61.542706 -0.581669 0.813425 0.000000 -19.161177 0.000000 0.000000 1.000000 0.000000
0.813108 0.582113 0.000000 61.729001 -0.582113 0.813108 0.000000 -19.337292 0.000000 0.000000 1.000000 0.000000
0.815075 0.579355 0.000000 61.951122 -0.579355 0.815075 0.000000 -19.476180 0.000000 0.000000 1.000000 0.000000
0.813560 0.581481 0.000000 62.177620 -0.581481 0.813560 0.000000 -19.637363 0.000000 0.000000 1.000000 0.000000
0.809564 0.587032 0.000000 62.611638 -0.587032 0.809564 0.000000 -19.929484 0.000000 0.000000 1.000000 0.000000
0.805933 0.592007 0.000000 62.784832 -0.592007 0.805933 0.000000 -20.060339 0.000000 0.000000 1.000000 0.000000
0.805389 0.592747 0.000000 62.922020 -0.592747 0.805389 0.000000 -20.194735 0.000000 0.000000 1.000000 0.000000
0.806017 0.591893 0.000000 63.077719 -0.591893 0.806017 0.000000 -20.337445 0.000000 0.000000 1.000000 0.000000
0.805752 0.592253 0.000000 63.227752 -0.592253 0.805752 0.000000 -20.489604 0.000000 0.000000 1.000000 0.000000
0.804497 0.593956 0.000000 63.375104 -0.593956 0.804497 0.000000 -20.619719 0.000000 0.000000 1.000000 0.000000
0.804468 0.593996 0.000000 63.541753 -0.593996 0.804468 0.000000 -20.756547 0.000000 0.000000 1.000000 0.000000
0.802733 0.596339 0.000000 63.720099 -0.596339 0.802733 0.000000 -20.866065 0.000000 0.000000 1.000000 0.000000
0.801705 0.597720 0.000000 63.905026 -0.597720 0.801705 0.000000 -20.978668 0.000000 0.000000 1.000000 0.000000
0.798319 0.602235 0.000000 64.218329 -0.602235 0.798319 0.000000 -21.223982 0.000000 0.000000 1.000000 0.000000
0.797058 0.603903 0.000000 64.378720 -0.603903 0.797058 0.000000 -21.349000 0.000000 0.000000 1.000000 0.000000
0.796473 0.604674 0.000000 64.504725 -0.604674 0.796473 0.000000 -21.475747 0.000000 0.000000 1.000000 0.000000
0.794907 0.606731 0.000000 64.758401 -0.606731 0.794907 0.000000 -21.671777 0.000000 0.000000 1.000000 0.000000
0.793747 0.608249 0.000000 64.922204 -0.608249 0.793747 0.000000 -21.801891 0.000000 0.000000 1.000000 0.000000
0.791573 0.611074 0.000000 65.064549 -0.611074 0.791573 0.000000 -21.922467 0.000000 0.000000 1.000000 0.000000
0.789299 0.614009 0.000000 65.233975 -0.614009 0.789299 0.000000 -22.036069 0.000000 0.000000 1.000000 0.000000
0.789864 0.613282 0.000000 65.407630 -0.613282 0.789864 0.000000 -22.148136 0.000000 0.000000 1.000000 0.000000
0.788539 0.614984 0.000000 65.585422 -0.614984 0.788539 0.000000 -22.285744 0.000000 0.000000 1.000000 0.000000
0.787376 0.616473 0.000000 65.722100 -0.616473 0.787376 0.000000 -22.403394 0.000000 0.000000 1.000000 0.000000
0.783898 0.620890 0.000000 66.038253 -0.620890 0.783898 0.000000 -22.673045 0.000000 0.000000 1.000000 0.000000
0.781737 0.623608 0.000000 66.207770 -0.623608 0.781737 0.000000 -22.800396 0.000000 0.000000 1.000000 0.000000
0.780088 0.625670 0.000000 66.366988 -0.625670 0.780088 0.000000 -22.901398 0.000000 0.000000 1.000000 0.000000
0.778238 0.627969 0.000000 66.515764 -0.627969 0.778238 0.000000 -23.007357 0.000000 0.000000 1.000000 0.000000
0.777131 0.629338 0.000000 66.660965 -0.629338 0.777131 0.000000 -23.178822 0.000000 0.000000 1.000000 0.000000
0.776126 0.630578 0.000000 66.812046 -0.630578 0.776126 0.000000 -23.337297 0.000000 0.000000 1.000000 0.000000
0.774066 0.633105 0.000000 66.984113 -0.633105 0.774066 0.000000 -23.489683 0.000000 0.000000 1.000000 0.000000
0.771910 0.635732 0.000000 67.141985 -0.635732 0.771910 0.000000 -23.666031 0.000000 0.000000 1.000000 0.000000
0.769109 0.639118 0.000000 67.321469 -0.639118 0.769109 0.000000 -23.811796 0.000000 0.000000 1.000000 0.000000
0.765236 0.643749 0.000000 67.466587 -0.643749 0.765236 0.000000 -23.966958 0.000000 0.000000 1.000000 0.000000
0.761642 0.647998 0.000000 67.651437 -0.647998 0.761642 0.000000 -24.117115 0.000000 0.000000 1.000000 0.000000
0.759598 0.650393 0.000000 67.818238 -0.650393 0.759598 0.000000 -24.279493 0.000000 0.000000 1.000000 0.000000
0.757211 0.653170 0.000000 68.011889 -0.653170 0.757211 0.000000 -24.440443 0.000000 0.000000 1.000000 0.000000
0.755581 0.655055 0.000000 68.188015 -0.655055 0.755581 0.000000 -24.602614 0.000000 0.000000 1.000000 0.000000
0.752176 0.658962 0.000000 68.378222 -0.658962 0.752176 0.000000 -24.783456 0.000000 0.000000 1.000000 0.000000
0.749867 0.661589 0.000000 68.529345 -0.661589 0.749867 0.000000 -24.949281 0.000000 0.000000 1.000000 0.000000
0.744460 0.667668 0.000000 68.803166 -0.667668 0.744460 0.000000 -25.183936 0.000000 0.000000 1.000000 0.000000
0.741672 0.670762 0.000000 68.966660 -0.670762 0.741672 0.000000 -25.357285 0.000000 0.000000 1.000000 0.000000
0.740495 0.672062 0.000000 69.138598 -0.672062 0.740495 0.000000 -25.569016 0.000000 0.000000 1.000000 0.000000
0.739208 0.673478 0.000000 69.311949 -0.673478 0.739208 0.000000 -25.759897 0.000000 0.000000 1.000000 0.000000
0.735482 0.677545 0.000000 69.706180 -0.677545 0.735482 0.000000 -26.149651 0.000000 0.000000 1.000000 0.000000
0.733500 0.679689 0.000000 69.883372 -0.679689 0.733500 0.000000 -26.335971 0.000000 0.000000 1.000000 0.000000
0.731797 0.681523 0.000000 70.085287 -0.681523 0.731797 0.000000 -26.506591 0.000000 0.000000 1.000000 0.000000
0.730053 0.683390 0.000000 70.282009 -0.683390 0.730053 0.000000 -26.699872 0.000000 0.000000 1.000000 0.000000
0.729380 0.684109 0.000000 70.530016 -0.684109 0.729380 0.000000 -26.951839 0.000000 0.000000 1.000000 0.000000
0.724622 0.689147 0.000000 70.726058 -0.689147 0.724622 0.000000 -27.150173 0.000000 0.000000 1.000000 0.000000
0.721264 0.692661 0.000000 70.924781 -0.692661 0.721264 0.000000 -27.367734 0.000000 0.000000 1.000000 0.000000
0.716545 0.697541 0.000000 71.112615 -0.697541 0.716545 0.000000 -27.582215 0.000000 0.000000 1.000000 0.000000
0.715257 0.698861 0.000000 71.283734 -0.698861 0.715257 0.000000 -27.763388 0.000000 0.000000 1.000000 0.000000
0.713271 0.700888 0.000000 71.463362 -0.700888 0.713271 0.000000 -27.940270 0.000000 0.000000 1.000000 0.000000
0.710552 0.703645 0.000000 71.654330 -0.703645 0.710552 0.000000 -28.119482 0.000000 0.000000 1.000000 0.000000
0.710418 0.703780 0.000000 71.830593 -0.703780 0.710418 0.000000 -28.313733 0.000000 0.000000 1.000000 0.000000
0.708371 0.705841 0.000000 72.005470 -0.705841 0.708371 0.000000 -28.498627 0.000000 0.000000 1.000000 0.000000
0.706023 0.708189 0.000000 72.183121 -0.708189 0.706023 0.000000 -28.678179 0.000000 0.000000 1.000000 0.000000
0.706236 0.707976 0.000000 72.354485 -0.707976 0.706236 0.000000 -28.843143 0.000000 0.000000 1.000000 0.000000
0.706976 0.707238 0.000000 72.589095 -0.707238 0.706976 0.000000 -29.095064 0.000000 0.000000 1.000000 0.000000
0.705542 0.708668 0.000000 72.775867 -0.708668 0.705542 0.000000 -29.286278 0.000000 0.000000 1.000000 0.000000
0.704445 0.709758 0.000000 72.930611 -0.709758 0.704445 0.000000 -29.473228 0.000000 0.000000 1.000000 0.000000
0.704873 0.709333 0.000000 73.075826 -0.709333 0.704873 0.000000 -29.692345 0.000000 0.000000 1.000000 0.000000
0.703792 0.710406 0.000000 73.238275 -0.710406 0.703792 0.000000 -29.888178 0.000000 0.000000 1.000000 0.000000
0.707171 0.707042 0.000000 73.406190 -0.707042 0.707171 0.000000 -30.062290 0.000000 0.000000 1.000000 0.000000
0.711915 0.702265 0.000000 73.581878 -0.702265 0.711915 0.000000 -30.246536 0.000000 0.000000 1.000000 0.000000
0.711650 0.702534 0.000000 73.768910 -0.702534 0.711650 0.000000 -30.400165 0.000000 0.000000 1.000000 0.000000
0.713668 0.700484 0.000000 73.958196 -0.700484 0.713668 0.000000 -30.576904 0.000000 0.000000 1.000000 0.000000
0.715490 0.698623 0.000000 74.108223 -0.698623 0.715490 0.000000 -30.720135 0.000000 0.000000 1.000000 0.000000
0.714462 0.699674 0.000000 74.406675 -0.699674 0.714462 0.000000 -31.038007 0.000000 0.000000 1.000000 0.000000
0.715572 0.698539 0.000000 74.584561 -0.698539 0.715572 0.000000 -31.203510 0.000000 0.000000 1.000000 0.000000
0.718153 0.695885 0.000000 74.742996 -0.695885 0.718153 0.000000 -31.392160 0.000000 0.000000 1.000000 0.000000
0.718802 0.695215 0.000000 74.891916 -0.695215 0.718802 0.000000 -31.532418 0.000000 0.000000 1.000000 0.000000
0.720514 0.693440 0.000000 75.044547 -0.693440 0.720514 0.000000 -31.671340 0.000000 0.000000 1.000000 0.000000
0.721695 0.692211 0.000000 75.199705 -0.692211 0.721695 0.000000 -31.805459 0.000000 0.000000 1.000000 0.000000
0.721194 0.692733 0.000000 75.376402 -0.692733 0.721194 0.000000 -31.955326 0.000000 0.000000 1.000000 0.000000
0.722412 0.691463 0.000000 75.640056 -0.691463 0.722412 0.000000 -32.219074 0.000000 0.000000 1.000000 0.000000
0.724116 0.689678 0.000000 75.804444 -0.689678 0.724116 0.000000 -32.377570 0.000000 0.000000 1.000000 0.000000
0.726970 0.686669 0.000000 75.947264 -0.686669 0.726970 0.000000 -32.534174 0.000000 0.000000 1.000000 0.000000
0.728445 0.685104 0.000000 76.079661 -0.685104 0.728445 0.000000 -32.692061 0.000000 0.000000 1.000000 0.000000
0.731155 0.682211 0.000000 76.215937 -0.682211 0.731155 0.000000 -32.839252 0.000000 0.000000 1.000000 0.000000
0.733745 0.679425 0.000000 76.384983 -0.679425 0.733745 0.000000 -32.969394 0.000000 0.000000 1.000000 0.000000
0.741053 0.671447 0.000000 76.666089 -0.671447 0.741053 0.000000 -33.254679 0.000000 0.000000 1.000000 0.000000
0.743945 0.668241 0.000000 76.797486 -0.668241 0.743945 0.000000 -33.370807 0.000000 0.000000 1.000000 0.000000
0.746782 0.665069 0.000000 76.926327 -0.665069 0.746782 0.000000 -33.478778 0.000000 0.000000 1.000000 0.000000
0.753167 0.657830 0.000000 77.167630 -0.657830 0.753167 0.000000 -33.673902 0.000000 0.000000 1.000000 0.000000
0.757026 0.653385 0.000000 77.489093 -0.653385 0.757026 0.000000 -33.936328 0.000000 0.000000 1.000000 0.000000
0.763259 0.646092 0.000000 77.650217 -0.646092 0.763259 0.000000 -34.110515 0.000000 0.000000 1.000000 0.000000
0.765958 0.642891 0.000000 77.784652 -0.642891 0.765958 0.000000 -34.234145 0.000000 0.000000 1.000000 0.000000
0.774449 0.632637 0.000000 77.993194 -0.632637 0.774449 0.000000 -34.424873 0.000000 0.000000 1.000000 0.000000
0.777984 0.628285 0.000000 78.114503 -0.628285 0.777984 0.000000 -34.517616 0.000000 0.000000 1.000000 0.000000
0.781145 0.624349 0.000000 78.213417 -0.624349 0.781145 0.000000 -34.607543 0.000000 0.000000 1.000000 0.000000
0.783607 0.621257 0.000000 78.312304 -0.621257 0.783607 0.000000 -34.686641 0.000000 0.000000 1.000000 0.000000
0.788891 0.614533 0.000000 78.451215 -0.614533 0.788891 0.000000 -34.822015 0.000000 0.000000 1.000000 0.000000
0.794555 0.607193 0.000000 78.655949 -0.607193 0.794555 0.000000 -34.956880 0.000000 0.000000 1.000000 0.000000
0.798192 0.602403 0.000000 78.750227 -0.602403 0.798192 0.000000 -35.045578 0.000000 0.000000 1.000000 0.000000
0.801632 0.597817 0.000000 78.842278 -0.597817 0.801632 0.000000 -35.113562 0.000000 0.000000 1.000000 0.000000
0.805047 0.593211 0.000000 78.932881 -0.593211 0.805047 0.000000 -35.189968 0.000000 0.000000 1.000000 0.000000
0.808353 0.588698 0.000000 79.044707 -0.588698 0.808353 0.000000 -35.283660 0.000000 0.000000 1.000000 0.000000
0.810641 0.585543 0.000000 79.130670 -0.585543 0.810641 0.000000 -35.354225 0.000000 0.000000 1.000000 0.000000
0.817875 0.575397 0.000000 79.284617 -0.575397 0.817875 0.000000 -35.468634 0.000000 0.000000 1.000000 0.000000
0.820167 0.572124 0.000000 79.348769 -0.572124 0.820167 0.000000 -35.507397 0.000000 0.000000 1.000000 0.000000
0.823237 0.567698 0.000000 79.391499 -0.567698 0.823237 0.000000 -35.537986 0.000000 0.000000 1.000000 0.000000
0.825018 0.565107 0.000000 79.453383 -0.565107 0.825018 0.000000 -35.554896 0.000000 0.000000 1.000000 0.000000
0.828354 0.560206 0.000000 79.498782 -0.560206 0.828354 0.000000 -35.611626 0.000000 0.000000 1.000000 0.000000
0.829643 0.558294 0.000000 79.541716 -0.558294 0.829643 0.000000 -35.634539 0.000000 0.000000 1.000000 0.000000
0.830853 0.556493 0.000000 79.590677 -0.556493 0.830853 0.000000 -35.663080 0.000000 0.000000 1.000000 0.000000
0.832024 0.554739 0.000000 79.675384 -0.554739 0.832024 0.000000 -35.698723 0.000000 0.000000 1.000000 0.000000
0.833243 0.552906 0.000000 79.709191 -0.552906 0.833243 0.000000 -35.733683 0.000000 0.000000 1.000000 0.000000
0.833714 0.552196 0.000000 79.732419 -0.552196 0.833714 0.000000 -35.764370 0.000000 0.000000 1.000000 0.000000
0.834046 0.551695 0.000000 79.773595 -0.551695 0.834046 0.000000 -35.793587 0.000000 0.000000 1.000000 0.000000
0.835124 0.550061 0.000000 79.799838 -0.550061 0.835124 0.000000 -35.811951 0.000000 0.000000 1.000000 0.000000
0.836156 0.548492 0.000000 79.813811 -0.548492 0.836156 0.000000 -35.836508 0.000000 0.000000 1.000000 0.000000
0.835903 0.548877 0.000000 79.859674 -0.548877 0.835903 0.000000 -35.843308 0.000000 0.000000 1.000000 0.000000
0.836303 0.548267 0.000000 79.887481 -0.548267 0.836303 0.000000 -35.853827 0.000000 0.000000 1.000000 0.000000
0.838048 0.545597 0.000000 79.906106 -0.545597 0.838048 0.000000 -35.871445 0.000000 0.000000 1.000000 0.000000
0.837176 0.546933 0.000000 79.893397 -0.546933 0.837176 0.000000 -35.880915 0.000000 0.000000 1.000000 0.000000
0.837968 0.545719 0.000000 79.897470 -0.545719 0.837968 0.000000 -35.867665 0.000000 0.000000 1.000000 0.000000
0.838107 0.545507 0.000000 79.893318 -0.545507 0.838107 0.000000 -35.864484 0.000000 0.000000 1.000000 0.000000
0.837249 0.546822 0.000000 79.887111 -0.546822 0.837249 0.000000 -35.858636 0.000000 0.000000 1.000000 0.000000
0.837159 0.546960 0.000000 79.892230 -0.546960 0.837159 0.000000 -35.858695 0.000000 0.000000 1.000000 0.000000
0.837100 0.547050 0.000000 79.888952 -0.547050 0.837100 0.000000 -35.838261 0.000000 0.000000 1.000000 0.000000
0.838056 0.545584 0.000000 79.886371 -0.545584 0.838056 0.000000 -35.842712 0.000000 0.000000 1.000000 0.000000
0.838134 0.545464 0.000000 79.897573 -0.545464 0.838134 0.000000 -35.843138 0.000000 0.000000 1.000000 0.000000
0.837132 0.547000 0.000000 79.892208 -0.547000 0.837132 0.000000 -35.839766 0.000000 0.000000 1.000000 0.000000
0.837007 0.547193 0.000000 79.889388 -0.547193 0.837007 0.000000 -35.847928 0.000000 0.000000 1.000000 0.000000
0.837229 0.546852 0.000000 79.900910 -0.546852 0.837229 0.000000 -35.850002 0.000000 0.000000 1.000000 0.000000
0.837147 0.546978 0.000000 79.900621 -0.546978 0.837147 0.000000 -35.850626 0.000000 0.000000 1.000000 0.000000
0.837162 0.546955 0.000000 79.905920 -0.546955 0.837162 0.000000 -35.857757 0.000000 0.000000 1.000000 0.000000
0.837047 0.547131 0.000000 79.897714 -0.547131 0.837047 0.000000 -35.856104 0.000000 0.000000 1.000000 0.000000
0.836868 0.547405 0.000000 79.897377 -0.547405 0.836868 0.000000 -35.850502 0.000000 0.000000 1.000000 0.000000
0.836999 0.547204 0.000000 79.904232 -0.547204 0.836999 0.000000 -35.855448 0.000000 0.000000 1.000000 0.000000
0.837011 0.547186 0.000000 79.911258 -0.547186 0.837011 0.000000 -35.874910 0.000000 0.000000 1.000000 0.000000
0.837021 0.547172 0.000000 79.917705 -0.547172 0.837021 0.000000 -35.882446 0.000000 0.000000 1.000000 0.000000
0.837103 0.547045 0.000000 79.917405 -0.547045 0.837103 0.000000 -35.882437 0.000000 0.000000 1.000000 0.000000
0.837202 0.546894 0.000000 79.925136 -0.546894 0.837202 0.000000 -35.881809 0.000000 0.000000 1.000000 0.000000
0.837237 0.546841 0.000000 79.926948 -0.546841 0.837237 0.000000 -35.890374 0.000000 0.000000 1.000000 0.000000
0.837129 0.547005 0.000000 79.931797 -0.547005 0.837129 0.000000 -35.902251 0.000000 0.000000 1.000000 0.000000
0.837024 0.547166 0.000000 79.941154 -0.547166 0.837024 0.000000 -35.896858 0.000000 0.000000 1.000000 0.000000
0.836740 0.547600 0.000000 79.955508 -0.547600 0.836740 0.000000 -35.900254 0.000000 0.000000 1.000000 0.000000
0.836596 0.547821 0.000000 79.952498 -0.547821 0.836596 0.000000 -35.912011 0.000000 0.000000 1.000000 0.000000
0.836568 0.547863 0.000000 79.957547 -0.547863 0.836568 0.000000 -35.904129 0.000000 0.000000 1.000000 0.000000
0.836594 0.547823 0.000000 79.967438 -0.547823 0.836594 0.000000 -35.906973 0.000000 0.000000 1.000000 0.000000
0.836768 0.547557 0.000000 79.962400 -0.547557 0.836768 0.000000 -35.903909 0.000000 0.000000 1.000000 0.000000
0.836708 0.547649 0.000000 79.959228 -0.547649 0.836708 0.000000 -35.893442 0.000000 0.000000 1.000000 0.000000
0.836644 0.547747 0.000000 79.956085 -0.547747 0.836644 0.000000 -35.900431 0.000000 0.000000 1.000000 0.000000
0.836466 0.548018 0.000000 79.966226 -0.548018 0.836466 0.000000 -35.900194 0.000000 0.000000 1.000000 0.000000
0.836500 0.547967 0.000000 79.971289 -0.547967 0.836500 0.000000 -35.893696 0.000000 0.000000 1.000000 0.000000
0.836394 0.548128 0.000000 79.978253 -0.548128 0.836394 0.000000 -35.902278 0.000000 0.000000 1.000000 0.000000
0.836372 0.548162 0.000000 79.979954 -0.548162 0.836372 0.000000 -35.903107 0.000000 0.000000 1.000000 0.000000
0.836271 0.548316 0.000000 79.969811 -0.548316 0.836271 0.000000 -35.912190 0.000000 0.000000 1.000000 0.000000
0.836279 0.548303 0.000000 79.974764 -0.548303 0.836279 0.000000 -35.916942 0.000000 0.000000 1.000000 0.000000
0.836314 0.548250 0.000000 79.973663 -0.548250 0.836314 0.000000 -35.920392 0.000000 0.000000 1.000000 0.000000
0.836331 0.548225 0.000000 79.968035 -0.548225 0.836331 0.000000 -35.931763 0.000000 0.000000 1.000000 0.000000
0.836766 0.547560 0.000000 79.979125 -0.547560 0.836766 0.000000 -35.935070 0.000000 0.000000 1.000000 0.000000
0.836693 0.547672 0.000000 79.984397 -0.547672 0.836693 0.000000 -35.935405 0.000000 0.000000 1.000000 0.000000
0.836691 0.547675 0.000000 79.980468 -0.547675 0.836691 0.000000 -35.927616 0.000000 0.000000 1.000000 0.000000
0.836705 0.547654 0.000000 79.980616 -0.547654 0.836705 0.000000 -35.922753 0.000000 0.000000 1.000000 0.000000
0.836816 0.547484 0.000000 79.967594 -0.547484 0.836816 0.000000 -35.917122 0.000000 0.000000 1.000000 0.000000
0.837004 0.547197 0.000000 79.966560 -0.547197 0.837004 0.000000 -35.928982 0.000000 0.000000 1.000000 0.000000
0.836950 0.547279 0.000000 79.966516 -0.547279 0.836950 0.000000 -35.940397 0.000000 0.000000 1.000000 0.000000
0.836687 0.547681 0.000000 79.942974 -0.547681 0.836687 0.000000 -35.957455 0.000000 0.000000 1.000000 0.000000
0.836143 0.548511 0.000000 79.953619 -0.548511 0.836143 0.000000 -35.957328 0.000000 0.000000 1.000000 0.000000
0.835718 0.549159 0.000000 79.963833 -0.549159 0.835718 0.000000 -35.975609 0.000000 0.000000 1.000000 0.000000
0.834564 0.550910 0.000000 79.956104 -0.550910 0.834564 0.000000 -35.985477 0.000000 0.000000 1.000000 0.000000
0.834501 0.551006 0.000000 79.959233 -0.551006 0.834501 0.000000 -36.002522 0.000000 0.000000 1.000000 0.000000
0.834668 0.550754 0.000000 79.956685 -0.550754 0.834668 0.000000 -35.994743 0.000000 0.000000 1.000000 0.000000
0.834717 0.550680 0.000000 79.957690 -0.550680 0.834717 0.000000 -35.997023 0.000000 0.000000 1.000000 0.000000
0.836133 0.548527 0.000000 79.957255 -0.548527 0.836133 0.000000 -36.007532 0.000000 0.000000 1.000000 0.000000
0.836539 0.547907 0.000000 79.958857 -0.547907 0.836539 0.000000 -35.999302 0.000000 0.000000 1.000000 0.000000
0.836964 0.547258 0.000000 79.940539 -0.547258 0.836964 0.000000 -35.991981 0.000000 0.000000 1.000000 0.000000
0.837028 0.547161 0.000000 79.925362 -0.547161 0.837028 0.000000 -36.009233 0.000000 0.000000 1.000000 0.000000
0.837130 0.547004 0.000000 79.923024 -0.547004 0.837130 0.000000 -35.996217 0.000000 0.000000 1.000000 0.000000
0.837204 0.546890 0.000000 79.913907 -0.546890 0.837204 0.000000 -35.997492 0.000000 0.000000 1.000000 0.000000
0.837302 0.546741 0.000000 79.911432 -0.546741 0.837302 0.000000 -35.994464 0.000000 0.000000 1.000000 0.000000
0.837335 0.546691 0.000000 79.912823 -0.546691 0.837335 0.000000 -35.997014 0.000000 0.000000 1.000000 0.000000
0.837719 0.546101 0.000000 79.916983 -0.546101 0.837719 0.000000 -35.996660 0.000000 0.000000 1.000000 0.000000
0.837618 0.546256 0.000000 79.909406 -0.546256 0.837618 0.000000 -36.009350 0.000000 0.000000 1.000000 0.000000
0.837929 0.545779 0.000000 79.894906 -0.545779 0.837929 0.000000 -36.007934 0.000000 0.000000 1.000000 0.000000
0.838065 0.545571 0.000000 79.883750 -0.545571 0.838065 0.000000 -36.015713 0.000000 0.000000 1.000000 0.000000
0.838092 0.545529 0.000000 79.871973 -0.545529 0.838092 0.000000 -36.012784 0.000000 0.000000 1.000000 0.000000
0.838641 0.544685 0.000000 79.860315 -0.544685 0.838641 0.000000 -36.008363 0.000000 0.000000 1.000000 0.000000
0.838971 0.544176 0.000000 79.862091 -0.544176 0.838971 0.000000 -36.029714 0.000000 0.000000 1.000000 0.000000
0.839779 0.542929 0.000000 79.856209 -0.542929 0.839779 0.000000 -36.038438 0.000000 0.000000 1.000000 0.000000
0.840304 0.542115 0.000000 79.858152 -0.542115 0.840304 0.000000 -36.051337 0.000000 0.000000 1.000000 0.000000
0.840422 0.541933 0.000000 79.852087 -0.541933 0.840422 0.000000 -36.051320 0.000000 0.000000 1.000000 0.000000
0.840126 0.542391 0.000000 79.849534 -0.542391 0.840126 0.000000 -36.061209 0.000000 0.000000 1.000000 0.000000
0.839002 0.544129 0.000000 79.860568 -0.544129 0.839002 0.000000 -36.059723 0.000000 0.000000 1.000000 0.000000
0.838418 0.545028 0.000000 79.862514 -0.545028 0.838418 0.000000 -36.064913 0.000000 0.000000 1.000000 0.000000
0.837895 0.545832 0.000000 79.863970 -0.545832 0.837895 0.000000 -36.084738 0.000000 0.000000 1.000000 0.000000
0.837110 0.547035 0.000000 79.862998 -0.547035 0.837110 0.000000 -36.092511 0.000000 0.000000 1.000000 0.000000
0.836218 0.548397 0.000000 79.862199 -0.548397 0.836218 0.000000 -36.091382 0.000000 0.000000 1.000000 0.000000
0.835317 0.549769 0.000000 79.859751 -0.549769 0.835317 0.000000 -36.094298 0.000000 0.000000 1.000000 0.000000
0.834738 0.550647 0.000000 79.855941 -0.550647 0.834738 0.000000 -36.120074 0.000000 0.000000 1.000000 0.000000
0.834708 0.550693 0.000000 79.874625 -0.550693 0.834708 0.000000 -36.138472 0.000000 0.000000 1.000000 0.000000
0.835174 0.549986 0.000000 79.881730 -0.549986 0.835174 0.000000 -36.129932 0.000000 0.000000 1.000000 0.000000
0.835448 0.549570 0.000000 79.879998 -0.549570 0.835448 0.000000 -36.154247 0.000000 0.000000 1.000000 0.000000
0.836138 0.548519 0.000000 79.875470 -0.548519 0.836138 0.000000 -36.172316 0.000000 0.000000 1.000000 0.000000
0.837055 0.547118 0.000000 79.885936 -0.547118 0.837055 0.000000 -36.189150 0.000000 0.000000 1.000000 0.000000
0.837661 0.546190 0.000000 79.904684 -0.546190 0.837661 0.000000 -36.200946 0.000000 0.000000 1.000000 0.000000
0.837507 0.546426 0.000000 79.902923 -0.546426 0.837507 0.000000 -36.244857 0.000000 0.000000 1.000000 0.000000
0.837522 0.546404 0.000000 79.915437 -0.546404 0.837522 0.000000 -36.246405 0.000000 0.000000 1.000000 0.000000
0.837064 0.547105 0.000000 79.930393 -0.547105 0.837064 0.000000 -36.271955 0.000000 0.000000 1.000000 0.000000
0.836968 0.547251 0.000000 79.954725 -0.547251 0.836968 0.000000 -36.279985 0.000000 0.000000 1.000000 0.000000
0.836719 0.547632 0.000000 79.982433 -0.547632 0.836719 0.000000 -36.298024 0.000000 0.000000 1.000000 0.000000
0.837193 0.546907 0.000000 79.982643 -0.546907 0.837193 0.000000 -36.336008 0.000000 0.000000 1.000000 0.000000
0.837191 0.546910 0.000000 79.996461 -0.546910 0.837191 0.000000 -36.371546 0.000000 0.000000 1.000000 0.000000
0.837869 0.545871 0.000000 80.029256 -0.545871 0.837869 0.000000 -36.380387 0.000000 0.000000 1.000000 0.000000
0.838508 0.544889 0.000000 80.046692 -0.544889 0.838508 0.000000 -36.399510 0.000000 0.000000 1.000000 0.000000
0.840020 0.542555 0.000000 80.039033 -0.542555 0.840020 0.000000 -36.420970 0.000000 0.000000 1.000000 0.000000
0.840654 0.541573 0.000000 80.045899 -0.541573 0.840654 0.000000 -36.427548 0.000000 0.000000 1.000000 0.000000
0.840958 0.541100 0.000000 80.060723 -0.541100 0.840958 0.000000 -36.442818 0.000000 0.000000 1.000000 0.000000
0.841142 0.540814 0.000000 80.062252 -0.540814 0.841142 0.000000 -36.461171 0.000000 0.000000 1.000000 0.000000
0.840643 0.541589 0.000000 80.058229 -0.541589 0.840643 0.000000 -36.463850 0.000000 0.000000 1.000000 0.000000
0.840356 0.542035 0.000000 80.057057 -0.542035 0.840356 0.000000 -36.451278 0.000000 0.000000 1.000000 0.000000
0.839927 0.542699 0.000000 80.058236 -0.542699 0.839927 0.000000 -36.460278 0.000000 0.000000 1.000000 0.000000
0.840053 0.542504 0.000000 80.057370 -0.542504 0.840053 0.000000 -36.453182 0.000000 0.000000 1.000000 0.000000
0.839930 0.542694 0.000000 80.046093 -0.542694 0.839930 0.000000 -36.456582 0.000000 0.000000 1.000000 0.000000
0.840037 0.542529 0.000000 80.041661 -0.542529 0.840037 0.000000 -36.449989 0.000000 0.000000 1.000000 0.000000
0.840724 0.541463 0.000000 80.040481 -0.541463 0.840724 0.000000 -36.447311 0.000000 0.000000 1.000000 0.000000
0.841195 0.540732 0.000000 80.029813 -0.540732 0.841195 0.000000 -36.453109 0.000000 0.000000 1.000000 0.000000
0.841215 0.540701 0.000000 80.016010 -0.540701 0.841215 0.000000 -36.465508 0.000000 0.000000 1.000000 0.000000
0.841227 0.540682 0.000000 80.017861 -0.540682 0.841227 0.000000 -36.463158 0.000000 0.000000 1.000000 0.000000
0.841589 0.540119 0.000000 80.010702 -0.540119 0.841589 0.000000 -36.456438 0.000000 0.000000 1.000000 0.000000
0.841790 0.539805 0.000000 80.000696 -0.539805 0.841790 0.000000 -36.458730 0.000000 0.000000 1.000000 0.000000
0.842949 0.537993 0.000000 79.988858 -0.537993 0.842949 0.000000 -36.477059 0.000000 0.000000 1.000000 0.000000
0.843023 0.537878 0.000000 79.978511 -0.537878 0.843023 0.000000 -36.486573 0.000000 0.000000 1.000000 0.000000
0.843394 0.537295 0.000000 79.984318 -0.537295 0.843394 0.000000 -36.490152 0.000000 0.000000 1.000000 0.000000
0.843980 0.536374 0.000000 79.966399 -0.536374 0.843980 0.000000 -36.496020 0.000000 0.000000 1.000000 0.000000
0.844112 0.536167 0.000000 79.964292 -0.536167 0.844112 0.000000 -36.486534 0.000000 0.000000 1.000000 0.000000
0.844500 0.535556 0.000000 79.970412 -0.535556 0.844500 0.000000 -36.499824 0.000000 0.000000 1.000000 0.000000
0.844700 0.535239 0.000000 79.960319 -0.535239 0.844700 0.000000 -36.497267 0.000000 0.000000 1.000000 0.000000
0.844669 0.535289 0.000000 79.953770 -0.535289 0.844669 0.000000 -36.502355 0.000000 0.000000 1.000000 0.000000
0.845143 0.534541 0.000000 79.950080 -0.534541 0.845143 0.000000 -36.506189 0.000000 0.000000 1.000000 0.000000
