0.999995 0.003106 0.000000 0.603656 -0.003106 0.999995 0.000000 0.001606 0.000000 0.000000 1.000000 0.000000
0.999980 0.006353 0.000000 1.180555 -0.006353 0.999980 0.000000 -0.005645 0.000000 0.000000 1.000000 0.000000
0.999924 0.012361 0.000000 2.350705 -0.012361 0.999924 0.000000 -0.000733 0.000000 0.000000 1.000000 0.000000
0.999916 0.012994 0.000000 2.899342 -0.012994 0.999916 0.000000 -0.022091 0.000000 0.000000 1.000000 0.000000
0.999826 0.018668 0.000000 4.060385 -0.018668 0.999826 0.000000 -0.098045 0.000000 0.000000 1.000000 0.000000
0.999791 0.020422 0.000000 4.647300 -0.020422 0.999791 0.000000 -0.109269 0.000000 0.000000 1.000000 0.000000
0.999709 0.024108 0.000000 5.196730 -0.024108 0.999709 0.000000 -0.132419 0.000000 0.000000 1.000000 0.000000
0.999636 0.026976 0.000000 5.788759 -0.026976 0.999636 0.000000 -0.189352 0.000000 0.000000 1.000000 0.000000
0.999589 0.028657 0.000000 6.608915 -0.028657 0.999589 0.000000 -0.228520 0.000000 0.000000 1.000000 0.000000
0.999451 0.033130 0.000000 7.198337 -0.033130 0.999451 0.000000 -0.252080 0.000000 0.000000 1.000000 0.000000
0.999374 0.035384 0.000000 7.766263 -0.035384 0.999374 0.000000 -0.259938 0.000000 0.000000 1.000000 0.000000
0.999282 0.037890 0.000000 8.340638 -0.037890 0.999282 0.000000 -0.265853 0.000000 0.000000 1.000000 0.000000
0.999034 0.043941 0.000000 8.888088 -0.043941 0.999034 0.000000 -0.282753 0.000000 0.000000 1.000000 0.000000
0.998751 0.049965 0.000000 9.462871 -0.049965 0.998751 0.000000 -0.324017 0.000000 0.000000 1.000000 0.000000
0.998442 0.055808 0.000000 10.005056 -0.055808 0.998442 0.000000 -0.356470 0.000000 0.000000 1.000000 0.000000
0.997957 0.063888 0.000000 10.721332 -0.063888 0.997957 0.000000 -0.411181 0.000000 0.000000 1.000000 0.000000
0.997608 0.069120 0.000000 11.293907 -0.069120 0.997608 0.000000 -0.466317 0.000000 0.000000 1.000000 0.000000
0.997288 0.073597 0.000000 11.872646 -0.073597 0.997288 0.000000 -0.502993 0.000000 0.000000 1.000000 0.000000
0.996822 0.079660 0.000000 12.442617 -0.079660 0.996822 0.000000 -0.544251 0.000000 0.000000 1.000000 0.000000
0.995668 0.092980 0.000000 13.584182 -0.092980 0.995668 0.000000 -0.637527 0.000000 0.000000 1.000000 0.000000
0.995217 0.097691 0.000000 14.125716 -0.097691 0.995217 0.000000 -0.683513 0.000000 0.000000 1.000000 0.000000
0.994402 0.105659 0.000000 14.695845 -0.105659 0.994402 0.000000 -0.740602 0.000000 0.000000 1.000000 0.000000
0.993460 0.114181 0.000000 15.233640 -0.114181 0.993460 0.000000 -0.813826 0.000000 0.000000 1.000000 0.000000
0.992610 0.121352 0.000000 15.804096 -0.121352 0.992610 0.000000 -0.885489 0.000000 0.000000 1.000000 0.000000
0.991831 0.127558 0.000000 16.331176 -0.127558 0.991831 0.000000 -0.951169 0.000000 0.000000 1.000000 0.000000
0.991249 0.132007 0.000000 16.896233 -0.132007 0.991249 0.000000 -1.024775 0.000000 0.000000 1.000000 0.000000
0.990441 0.137935 0.000000 17.423383 -0.137935 0.990441 0.000000 -1.108313 0.000000 0.000000 1.000000 0.000000
0.989068 0.147462 0.000000 18.182945 -0.147462 0.989068 0.000000 -1.211198 0.000000 0.000000 1.000000 0.000000
0.987463 0.157849 0.000000 18.755996 -0.157849 0.987463 0.000000 -1.322294 0.000000 0.000000 1.000000 0.000000
0.986526 0.163602 0.000000 19.311287 -0.163602 0.986526 0.000000 -1.417556 0.000000 0.000000 1.000000 0.000000
0.985724 0.168367 0.000000 19.851225 -0.168367 0.985724 0.000000 -1.520224 0.000000 0.000000 1.000000 0.000000
0.984709 0.174208 0.000000 20.414277 -0.174208 0.984709 0.000000 -1.617088 0.000000 0.000000 1.000000 0.000000
0.983428 0.181301 0.000000 20.935622 -0.181301 0.983428 0.000000 -1.717926 0.000000 0.000000 1.000000 0.000000
0.982088 0.188421 0.000000 21.464798 -0.188421 0.982088 0.000000 -1.825750 0.000000 0.000000 1.000000 0.000000
0.980835 0.194842 0.000000 22.023675 -0.194842 0.980835 0.000000 -1.944923 0.000000 0.000000 1.000000 0.000000
0.979044 0.203651 0.000000 22.535658 -0.203651 0.979044 0.000000 -2.085850 0.000000 0.000000 1.000000 0.000000
0.977039 0.213062 0.000000 23.082412 -0.213062 0.977039 0.000000 -2.216614 0.000000 0.000000 1.000000 0.000000
0.975390 0.220485 0.000000 23.824092 -0.220485 0.975390 0.000000 -2.360540 0.000000 0.000000 1.000000 0.000000
0.974246 0.225487 0.000000 24.365290 -0.225487 0.974246 0.000000 -2.507596 0.000000 0.000000 1.000000 0.000000
0.972242 0.233977 0.000000 24.965053 -0.233977 0.972242 0.000000 -2.603540 0.000000 0.000000 1.000000 0.000000
0.970428 0.241390 0.000000 25.515231 -0.241390 0.970428 0.000000 -2.737706 0.000000 0.000000 1.000000 0.000000
0.968713 0.248184 0.000000 26.057204 -0.248184 0.968713 0.000000 -2.885088 0.000000 0.000000 1.000000 0.000000
0.967133 0.254269 0.000000 26.560206 -0.254269 0.967133 0.000000 -3.005202 0.000000 0.000000 1.000000 0.000000
0.965302 0.261136 0.000000 27.102769 -0.261136 0.965302 0.000000 -3.135769 0.000000 0.000000 1.000000 0.000000
0.965222 0.261430 0.000000 27.594963 -0.261430 0.965222 0.000000 -3.264701 0.000000 0.000000 1.000000 0.000000
0.963277 0.268511 0.000000 28.132853 -0.268511 0.963277 0.000000 -3.408391 0.000000 0.000000 1.000000 0.000000
0.959971 0.280099 0.000000 29.150765 -0.280099 0.959971 0.000000 -3.705603 0.000000 0.000000 1.000000 0.000000
0.958498 0.285101 0.000000 29.635778 -0.285101 0.958498 0.000000 -3.828589 0.000000 0.000000 1.000000 0.000000
0.956579 0.291475 0.000000 30.151395 -0.291475 0.956579 0.000000 -4.004273 0.000000 0.000000 1.000000 0.000000
0.954518 0.298152 0.000000 30.818871 -0.298152 0.954518 0.000000 -4.208446 0.000000 0.000000 1.000000 0.000000
0.952864 0.303397 0.000000 31.298009 -0.303397 0.952864 0.000000 -4.371951 0.000000 0.000000 1.000000 0.000000
0.951212 0.308539 0.000000 31.776714 -0.308539 0.951212 0.000000 -4.532250 0.000000 0.000000 1.000000 0.000000
0.948826 0.315800 0.000000 32.287128 -0.315800 0.948826 0.000000 -4.671296 0.000000 0.000000 1.000000 0.000000
0.948017 0.318220 0.000000 32.758896 -0.318220 0.948017 0.000000 -4.821128 0.000000 0.000000 1.000000 0.000000
0.944997 0.327078 0.000000 33.421017 -0.327078 0.944997 0.000000 -5.040823 0.000000 0.000000 1.000000 0.000000
0.943158 0.332345 0.000000 33.930258 -0.332345 0.943158 0.000000 -5.245760 0.000000 0.000000 1.000000 0.000000
0.942068 0.335421 0.000000 34.430174 -0.335421 0.942068 0.000000 -5.426978 0.000000 0.000000 1.000000 0.000000
0.940178 0.340683 0.000000 34.913737 -0.340683 0.940178 0.000000 -5.587497 0.000000 0.000000 1.000000 0.000000
0.937993 0.346654 0.000000 35.418757 -0.346654 0.937993 0.000000 -5.765406 0.000000 0.000000 1.000000 0.000000
0.938150 0.346229 0.000000 35.930978 -0.346229 0.938150 0.000000 -5.947315 0.000000 0.000000 1.000000 0.000000
0.935165 0.354212 0.000000 36.401088 -0.354212 0.935165 0.000000 -6.123425 0.000000 0.000000 1.000000 0.000000
0.933073 0.359688 0.000000 36.902358 -0.359688 0.933073 0.000000 -6.311700 0.000000 0.000000 1.000000 0.000000
0.931222 0.364451 0.000000 37.384215 -0.364451 0.931222 0.000000 -6.512409 0.000000 0.000000 1.000000 0.000000
0.928319 0.371785 0.000000 37.879825 -0.371785 0.928319 0.000000 -6.720662 0.000000 0.000000 1.000000 0.000000
0.925798 0.378020 0.000000 38.350201 -0.378020 0.925798 0.000000 -6.919522 0.000000 0.000000 1.000000 0.000000
0.923073 0.384624 0.000000 38.833551 -0.384624 0.923073 0.000000 -7.119719 0.000000 0.000000 1.000000 0.000000
0.920179 0.391499 0.000000 39.306308 -0.391499 0.920179 0.000000 -7.303855 0.000000 0.000000 1.000000 0.000000
0.917866 0.396891 0.000000 39.808425 -0.396891 0.917866 0.000000 -7.510612 0.000000 0.000000 1.000000 0.000000
0.916654 0.399682 0.000000 40.263395 -0.399682 0.916654 0.000000 -7.686840 0.000000 0.000000 1.000000 0.000000
0.913391 0.407083 0.000000 40.934964 -0.407083 0.913391 0.000000 -7.990873 0.000000 0.000000 1.000000 0.000000
0.908818 0.417192 0.000000 41.628040 -0.417192 0.908818 0.000000 -8.326126 0.000000 0.000000 1.000000 0.000000
0.905856 0.423586 0.000000 42.104636 -0.423586 0.905856 0.000000 -8.531869 0.000000 0.000000 1.000000 0.000000
0.900113 0.435657 0.000000 42.931991 -0.435657 0.900113 0.000000 -8.930746 0.000000 0.000000 1.000000 0.000000
0.897999 0.439998 0.000000 43.410023 -0.439998 0.897999 0.000000 -9.155733 0.000000 0.000000 1.000000 0.000000
0.895595 0.444870 0.000000 43.892511 -0.444870 0.895595 0.000000 -9.394003 0.000000 0.000000 1.000000 0.000000
0.894630 0.446807 0.000000 44.346917 -0.446807 0.894630 0.000000 -9.664391 0.000000 0.000000 1.000000 0.000000
0.889874 0.456207 0.000000 44.815169 -0.456207 0.889874 0.000000 -9.852274 0.000000 0.000000 1.000000 0.000000
0.888943 0.458017 0.000000 45.295272 -0.458017 0.888943 0.000000 -10.099643 0.000000 0.000000 1.000000 0.000000
0.886376 0.462966 0.000000 45.717558 -0.462966 0.886376 0.000000 -10.333360 0.000000 0.000000 1.000000 0.000000
0.883201 0.468994 0.000000 46.165720 -0.468994 0.883201 0.000000 -10.580549 0.000000 0.000000 1.000000 0.000000
0.881420 0.472333 0.000000 46.612764 -0.472333 0.881420 0.000000 -10.820472 0.000000 0.000000 1.000000 0.000000
0.880626 0.473812 0.000000 47.043468 -0.473812 0.880626 0.000000 -11.077138 0.000000 0.000000 1.000000 0.000000
0.877944 0.478763 0.000000 47.443161 -0.478763 0.877944 0.000000 -11.319182 0.000000 0.000000 1.000000 0.000000
0.875733 0.482796 0.000000 47.860498 -0.482796 0.875733 0.000000 -11.562043 0.000000 0.000000 1.000000 0.000000
0.873489 0.486844 0.000000 48.251213 -0.486844 0.873489 0.000000 -11.801475 0.000000 0.000000 1.000000 0.000000
0.873073 0.487589 0.000000 48.672177 -0.487589 0.873073 0.000000 -12.049066 0.000000 0.000000 1.000000 0.000000
0.870057 0.492951 0.000000 49.053222 -0.492951 0.870057 0.000000 -12.259822 0.000000 0.000000 1.000000 0.000000
0.868527 0.495641 0.000000 49.469682 -0.495641 0.868527 0.000000 -12.502877 0.000000 0.000000 1.000000 0.000000
0.867594 0.497273 0.000000 49.862578 -0.497273 0.867594 0.000000 -12.743365 0.000000 0.000000 1.000000 0.000000
0.865465 0.500970 0.000000 50.248987 -0.500970 0.865465 0.000000 -12.965849 0.000000 0.000000 1.000000 0.000000
0.864496 0.502639 0.000000 50.642599 -0.502639 0.864496 0.000000 -13.194692 0.000000 0.000000 1.000000 0.000000
0.859531 0.511084 0.000000 51.016253 -0.511084 0.859531 0.000000 -13.416008 0.000000 0.000000 1.000000 0.000000
0.856433 0.516258 0.000000 51.379106 -0.516258 0.856433 0.000000 -13.650356 0.000000 0.000000 1.000000 0.000000
0.854504 0.519444 0.000000 51.726183 -0.519444 0.854504 0.000000 -13.892460 0.000000 0.000000 1.000000 0.000000
0.850555 0.525886 0.000000 52.091166 -0.525886 0.850555 0.000000 -14.142062 0.000000 0.000000 1.000000 0.000000
0.846741 0.532005 0.000000 52.630542 -0.532005 0.846741 0.000000 -14.504690 0.000000 0.000000 1.000000 0.000000
0.843053 0.537831 0.000000 53.005759 -0.537831 0.843053 0.000000 -14.747039 0.000000 0.000000 1.000000 0.000000
0.838419 0.545026 0.000000 53.353137 -0.545026 0.838419 0.000000 -14.949570 0.000000 0.000000 1.000000 0.000000
0.836009 0.548716 0.000000 53.682107 -0.548716 0.836009 0.000000 -15.179812 0.000000 0.000000 1.000000 0.000000
0.833554 0.552439 0.000000 54.025309 -0.552439 0.833554 0.000000 -15.407459 0.000000 0.000000 1.000000 0.000000
0.829205 0.558945 0.000000 54.363306 -0.558945 0.829205 0.000000 -15.635357 0.000000 0.000000 1.000000 0.000000
0.826461 0.562995 0.000000 54.670661 -0.562995 0.826461 0.000000 -15.881705 0.000000 0.000000 1.000000 0.000000
0.823182 0.567778 0.000000 54.987871 -0.567778 0.823182 0.000000 -16.112041 0.000000 0.000000 1.000000 0.000000
0.819626 0.572899 0.000000 55.293812 -0.572899 0.819626 0.000000 -16.335953 0.000000 0.000000 1.000000 0.000000
0.818132 0.575031 0.000000 55.612489 -0.575031 0.818132 0.000000 -16.561685 0.000000 0.000000 1.000000 0.000000
0.815869 0.578237 0.000000 55.905310 -0.578237 0.815869 0.000000 -16.786110 0.000000 0.000000 1.000000 0.000000
0.813256 0.581905 0.000000 56.514725 -0.581905 0.813256 0.000000 -17.190225 0.000000 0.000000 1.000000 0.000000
0.812710 0.582669 0.000000 56.800097 -0.582669 0.812710 0.000000 -17.381761 0.000000 0.000000 1.000000 0.000000
0.810994 0.585055 0.000000 57.058520 -0.585055 0.810994 0.000000 -17.566614 0.000000 0.000000 1.000000 0.000000
0.809818 0.586681 0.000000 57.331881 -0.586681 0.809818 0.000000 -17.762153 0.000000 0.000000 1.000000 0.000000
0.811590 0.584228 0.000000 57.610457 -0.584228 0.811590 0.000000 -17.985267 0.000000 0.000000 1.000000 0.000000
0.808900 0.587946 0.000000 57.881763 -0.587946 0.808900 0.000000 -18.179392 0.000000 0.000000 1.000000 0.000000
0.807185 0.590299 0.000000 58.135739 -0.590299 0.807185 0.000000 -18.382093 0.000000 0.000000 1.000000 0.000000
0.805999 0.591917 0.000000 58.372452 -0.591917 0.805999 0.000000 -18.575006 0.000000 0.000000 1.000000 0.000000
0.804115 0.594474 0.000000 58.623485 -0.594474 0.804115 0.000000 -18.770098 0.000000 0.000000 1.000000 0.000000
0.803944 0.594705 0.000000 58.850250 -0.594705 0.803944 0.000000 -18.952093 0.000000 0.000000 1.000000 0.000000
0.801332 0.598221 0.000000 59.080618 -0.598221 0.801332 0.000000 -19.121586 0.000000 0.000000 1.000000 0.000000
0.799809 0.600254 0.000000 59.336389 -0.600254 0.799809 0.000000 -19.299933 0.000000 0.000000 1.000000 0.000000
0.796363 0.604819 0.000000 59.690377 -0.604819 0.796363 0.000000 -19.570088 0.000000 0.000000 1.000000 0.000000
0.795120 0.606452 0.000000 59.951190 -0.606452 0.795120 0.000000 -19.757637 0.000000 0.000000 1.000000 0.000000
0.791334 0.611384 0.000000 60.186451 -0.611384 0.791334 0.000000 -19.910724 0.000000 0.000000 1.000000 0.000000
0.788716 0.614758 0.000000 60.402109 -0.614758 0.788716 0.000000 -20.087738 0.000000 0.000000 1.000000 0.000000
0.785983 0.618248 0.000000 60.617223 -0.618248 0.785983 0.000000 -20.257127 0.000000 0.000000 1.000000 0.000000
0.783693 0.621148 0.000000 60.816534 -0.621148 0.783693 0.000000 -20.422730 0.000000 0.000000 1.000000 0.000000
0.783532 0.621351 0.000000 61.025218 -0.621351 0.783532 0.000000 -20.593295 0.000000 0.000000 1.000000 0.000000
0.782735 0.622355 0.000000 61.227231 -0.622355 0.782735 0.000000 -20.754637 0.000000 0.000000 1.000000 0.000000
0.784268 0.620422 0.000000 61.468656 -0.620422 0.784268 0.000000 -20.857337 0.000000 0.000000 1.000000 0.000000
0.782351 0.622838 0.000000 61.649538 -0.622838 0.782351 0.000000 -21.023346 0.000000 0.000000 1.000000 0.000000
0.777737 0.628590 0.000000 62.004708 -0.628590 0.777737 0.000000 -21.325504 0.000000 0.000000 1.000000 0.000000
0.773764 0.633474 0.000000 62.168410 -0.633474 0.773764 0.000000 -21.452759 0.000000 0.000000 1.000000 0.000000
0.773040 0.634358 0.000000 62.309382 -0.634358 0.773040 0.000000 -21.597391 0.000000 0.000000 1.000000 0.000000
0.772996 0.634411 0.000000 62.479340 -0.634411 0.772996 0.000000 -21.754852 0.000000 0.000000 1.000000 0.000000
0.772320 0.635233 0.000000 62.640551 -0.635233 0.772320 0.000000 -21.870118 0.000000 0.000000 1.000000 0.000000
0.770128 0.637890 0.000000 62.797066 -0.637890 0.770128 0.000000 -21.993270 0.000000 0.000000 1.000000 0.000000
0.770128 0.637889 0.000000 62.956410 -0.637889 0.770128 0.000000 -22.120418 0.000000 0.000000 1.000000 0.000000
0.768207 0.640202 0.000000 63.088837 -0.640202 0.768207 0.000000 -22.242147 0.000000 0.000000 1.000000 0.000000
0.767064 0.641571 0.000000 63.231310 -0.641571 0.767064 0.000000 -22.390232 0.000000 0.000000 1.000000 0.000000
0.762959 0.646447 0.000000 63.530125 -0.646447 0.762959 0.000000 -22.643498 0.000000 0.000000 1.000000 0.000000
0.761160 0.648564 0.000000 63.676614 -0.648564 0.761160 0.000000 -22.762020 0.000000 0.000000 1.000000 0.000000
0.760718 0.649082 0.000000 63.824255 -0.649082 0.760718 0.000000 -22.870846 0.000000 0.000000 1.000000 0.000000
0.759030 0.651056 0.000000 64.072240 -0.651056 0.759030 0.000000 -23.073226 0.000000 0.000000 1.000000 0.000000
0.757809 0.652476 0.000000 64.225852 -0.652476 0.757809 0.000000 -23.207718 0.000000 0.000000 1.000000 0.000000
0.755008 0.655715 0.000000 64.369670 -0.655715 0.755008 0.000000 -23.329820 0.000000 0.000000 1.000000 0.000000
0.753028 0.657989 0.000000 64.521325 -0.657989 0.753028 0.000000 -23.462034 0.000000 0.000000 1.000000 0.000000
0.753153 0.657845 0.000000 64.676445 -0.657845 0.753153 0.000000 -23.586440 0.000000 0.000000 1.000000 0.000000
0.751495 0.659739 0.000000 64.826166 -0.659739 0.751495 0.000000 -23.713145 0.000000 0.000000 1.000000 0.000000
0.749509 0.661994 0.000000 64.961398 -0.661994 0.749509 0.000000 -23.842767 0.000000 0.000000 1.000000 0.000000
0.745445 0.666568 0.000000 65.267676 -0.666568 0.745445 0.000000 -24.116951 0.000000 0.000000 1.000000 0.000000
0.742953 0.669344 0.000000 65.427835 -0.669344 0.742953 0.000000 -24.240784 0.000000 0.000000 1.000000 0.000000
0.740995 0.671511 0.000000 65.598805 -0.671511 0.740995 0.000000 -24.383056 0.000000 0.000000 1.000000 0.000000
0.738731 0.674000 0.000000 65.754379 -0.674000 0.738731 0.000000 -24.527038 0.000000 0.000000 1.000000 0.000000
0.737930 0.674877 0.000000 65.908129 -0.674877 0.737930 0.000000 -24.669709 0.000000 0.000000 1.000000 0.000000
0.737099 0.675785 0.000000 66.055469 -0.675785 0.737099 0.000000 -24.815488 0.000000 0.000000 1.000000 0.000000
0.734776 0.678310 0.000000 66.221705 -0.678310 0.734776 0.000000 -24.939301 0.000000 0.000000 1.000000 0.000000
0.732538 0.680727 0.000000 66.392530 -0.680727 0.732538 0.000000 -25.092280 0.000000 0.000000 1.000000 0.000000
0.729441 0.684043 0.000000 66.558407 -0.684043 0.729441 0.000000 -25.237665 0.000000 0.000000 1.000000 0.000000
0.725695 0.688017 0.000000 66.725410 -0.688017 0.725695 0.000000 -25.377065 0.000000 0.000000 1.000000 0.000000
0.722318 0.691561 0.000000 66.889534 -0.691561 0.722318 0.000000 -25.529319 0.000000 0.000000 1.000000 0.000000
0.719966 0.694009 0.000000 67.042192 -0.694009 0.719966 0.000000 -25.687086 0.000000 0.000000 1.000000 0.000000
0.717357 0.696706 0.000000 67.224028 -0.696706 0.717357 0.000000 -25.854833 0.000000 0.000000 1.000000 0.000000
0.715728 0.698379 0.000000 67.382400 -0.698379 0.715728 0.000000 -26.016943 0.000000 0.000000 1.000000 0.000000
0.711923 0.702258 0.000000 67.564246 -0.702258 0.711923 0.000000 -26.206237 0.000000 0.000000 1.000000 0.000000
0.709911 0.704291 0.000000 67.723991 -0.704291 0.709911 0.000000 -26.370686 0.000000 0.000000 1.000000 0.000000
0.704916 0.709291 0.000000 67.985106 -0.709291 0.704916 0.000000 -26.643417 0.000000 0.000000 1.000000 0.000000
0.702050 0.712128 0.000000 68.166212 -0.712128 0.702050 0.000000 -26.825956 0.000000 0.000000 1.000000 0.000000
0.700338 0.713811 0.000000 68.345744 -0.713811 0.700338 0.000000 -27.029222 0.000000 0.000000 1.000000 0.000000
0.698393 0.715714 0.000000 68.519421 -0.715714 0.698393 0.000000 -27.203174 0.000000 0.000000 1.000000 0.000000
0.693261 0.720687 0.000000 68.872241 -0.720687 0.693261 0.000000 -27.615133 0.000000 0.000000 1.000000 0.000000
0.690575 0.723260 0.000000 69.044676 -0.723260 0.690575 0.000000 -27.833662 0.000000 0.000000 1.000000 0.000000
0.688111 0.725605 0.000000 69.212070 -0.725605 0.688111 0.000000 -28.039181 0.000000 0.000000 1.000000 0.000000
0.685238 0.728319 0.000000 69.391744 -0.728319 0.685238 0.000000 -28.246831 0.000000 0.000000 1.000000 0.000000
0.683885 0.729590 0.000000 69.636805 -0.729590 0.683885 0.000000 -28.507335 0.000000 0.000000 1.000000 0.000000
0.678697 0.734419 0.000000 69.824879 -0.734419 0.678697 0.000000 -28.687454 0.000000 0.000000 1.000000 0.000000
0.675600 0.737268 0.000000 70.001188 -0.737268 0.675600 0.000000 -28.871053 0.000000 0.000000 1.000000 0.000000
0.670974 0.741481 0.000000 70.179857 -0.741481 0.670974 0.000000 -29.074933 0.000000 0.000000 1.000000 0.000000
0.669977 0.742381 0.000000 70.352260 -0.742381 0.669977 0.000000 -29.261285 0.000000 0.000000 1.000000 0.000000
0.668052 0.744115 0.000000 70.520904 -0.744115 0.668052 0.000000 -29.447934 0.000000 0.000000 1.000000 0.000000
0.665473 0.746422 0.000000 70.703584 -0.746422 0.665473 0.000000 -29.631214 0.000000 0.000000 1.000000 0.000000
0.665379 0.746506 0.000000 70.858840 -0.746506 0.665379 0.000000 -29.811799 0.000000 0.000000 1.000000 0.000000
0.663465 0.748207 0.000000 71.014789 -0.748207 0.663465 0.000000 -29.995781 0.000000 0.000000 1.000000 0.000000
0.660694 0.750655 0.000000 71.193772 -0.750655 0.660694 0.000000 -30.184349 0.000000 0.000000 1.000000 0.000000
0.660398 0.750916 0.000000 71.357020 -0.750916 0.660398 0.000000 -30.356077 0.000000 0.000000 1.000000 0.000000
0.660808 0.750555 0.000000 71.570049 -0.750555 0.660808 0.000000 -30.616654 0.000000 0.000000 1.000000 0.000000
0.659187 0.751979 0.000000 71.755524 -0.751979 0.659187 0.000000 -30.815434 0.000000 0.000000 1.000000 0.000000
0.657806 0.753187 0.000000 71.918834 -0.753187 0.657806 0.000000 -31.009922 0.000000 0.000000 1.000000 0.000000
0.657978 0.753037 0.000000 72.079367 -0.753037 0.657978 0.000000 -31.217359 0.000000 0.000000 1.000000 0.000000
0.656790 0.754074 0.000000 72.257580 -0.754074 0.656790 0.000000 -31.397554 0.000000 0.000000 1.000000 0.000000
0.659912 0.751343 0.000000 72.417740 -0.751343 0.659912 0.000000 -31.595183 0.000000 0.000000 1.000000 0.000000
0.663748 0.747957 0.000000 72.563071 -0.747957 0.663748 0.000000 -31.787313 0.000000 0.000000 1.000000 0.000000
0.662421 0.749131 0.000000 72.734145 -0.749131 0.662421 0.000000 -31.970930 0.000000 0.000000 1.000000 0.000000
0.663589 0.748097 0.000000 72.888139 -0.748097 0.663589 0.000000 -32.148933 0.000000 0.000000 1.000000 0.000000
0.664176 0.747576 0.000000 73.049966 -0.747576 0.664176 0.000000 -32.320773 0.000000 0.000000 1.000000 0.000000
0.663389 0.748275 0.000000 73.353385 -0.748275 0.663389 0.000000 -32.667824 0.000000 0.000000 1.000000 0.000000
0.664258 0.747504 0.000000 73.500094 -0.747504 0.664258 0.000000 -32.844636 0.000000 0.000000 1.000000 0.000000
0.666784 0.745251 0.000000 73.644443 -0.745251 0.666784 0.000000 -33.024242 0.000000 0.000000 1.000000 0.000000
0.667197 0.744881 0.000000 73.778894 -0.744881 0.667197 0.000000 -33.179026 0.000000 0.000000 1.000000 0.000000
0.668788 0.743453 0.000000 73.926111 -0.743453 0.668788 0.000000 -33.333591 0.000000 0.000000 1.000000 0.000000
0.669599 0.742722 0.000000 74.065778 -0.742722 0.669599 0.000000 -33.490022 0.000000 0.000000 1.000000 0.000000
0.668984 0.743277 0.000000 74.191256 -0.743277 0.668984 0.000000 -33.657287 0.000000 0.000000 1.000000 0.000000
0.670685 0.741743 0.000000 74.428384 -0.741743 0.670685 0.000000 -33.926299 0.000000 0.000000 1.000000 0.000000
0.672340 0.740242 0.000000 74.558654 -0.740242 0.672340 0.000000 -34.093997 0.000000 0.000000 1.000000 0.000000
0.674537 0.738241 0.000000 74.687842 -0.738241 0.674537 0.000000 -34.261909 0.000000 0.000000 1.000000 0.000000
0.676077 0.736831 0.000000 74.827147 -0.736831 0.676077 0.000000 -34.413530 0.000000 0.000000 1.000000 0.000000
0.678389 0.734703 0.000000 74.963816 -0.734703 0.678389 0.000000 -34.571046 0.000000 0.000000 1.000000 0.000000
0.680627 0.732630 0.000000 75.096483 -0.732630 0.680627 0.000000 -34.730998 0.000000 0.000000 1.000000 0.000000
0.688133 0.725585 0.000000 75.349631 -0.725585 0.688133 0.000000 -35.016051 0.000000 0.000000 1.000000 0.000000
0.690982 0.722872 0.000000 75.456421 -0.722872 0.690982 0.000000 -35.155012 0.000000 0.000000 1.000000 0.000000
0.693483 0.720473 0.000000 75.572815 -0.720473 0.693483 0.000000 -35.292901 0.000000 0.000000 1.000000 0.000000
0.700032 0.714112 0.000000 75.772924 -0.714112 0.700032 0.000000 -35.521438 0.000000 0.000000 1.000000 0.000000
0.704872 0.709334 0.000000 76.051175 -0.709334 0.704872 0.000000 -35.796961 0.000000 0.000000 1.000000 0.000000
0.712075 0.702104 0.000000 76.195340 -0.702104 0.712075 0.000000 -35.968072 0.000000 0.000000 1.000000 0.000000
0.715510 0.698602 0.000000 76.305799 -0.698602 0.715510 0.000000 -36.065739 0.000000 0.000000 1.000000 0.000000
0.724141 0.689652 0.000000 76.504295 -0.689652 0.724141 0.000000 -36.265098 0.000000 0.000000 1.000000 0.000000
0.727925 0.685657 0.000000 76.601561 -0.685657 0.727925 0.000000 -36.371125 0.000000 0.000000 1.000000 0.000000
0.731155 0.682211 0.000000 76.693865 -0.682211 0.731155 0.000000 -36.461773 0.000000 0.000000 1.000000 0.000000
0.734148 0.678990 0.000000 76.795823 -0.678990 0.734148 0.000000 -36.553075 0.000000 0.000000 1.000000 0.000000
0.740002 0.672605 0.000000 76.930711 -0.672605 0.740002 0.000000 -36.690503 0.000000 0.000000 1.000000 0.000000
0.746139 0.665791 0.000000 77.104241 -0.665791 0.746139 0.000000 -36.858281 0.000000 0.000000 1.000000 0.000000
0.749734 0.661739 0.000000 77.197361 -0.661739 0.749734 0.000000 -36.940494 0.000000 0.000000 1.000000 0.000000
0.753417 0.657543 0.000000 77.289239 -0.657543 0.753417 0.000000 -37.009337 0.000000 0.000000 1.000000 0.000000
0.756818 0.653625 0.000000 77.374958 -0.653625 0.756818 0.000000 -37.066150 0.000000 0.000000 1.000000 0.000000
0.760436 0.649413 0.000000 77.456918 -0.649413 0.760436 0.000000 -37.139501 0.000000 0.000000 1.000000 0.000000
0.763287 0.646059 0.000000 77.533144 -0.646059 0.763287 0.000000 -37.192975 0.000000 0.000000 1.000000 0.000000
0.770292 0.637691 0.000000 77.664058 -0.637691 0.770292 0.000000 -37.334145 0.000000 0.000000 1.000000 0.000000
0.772627 0.634861 0.000000 77.731210 -0.634861 0.772627 0.000000 -37.374025 0.000000 0.000000 1.000000 0.000000
0.776043 0.630680 0.000000 77.798173 -0.630680 0.776043 0.000000 -37.418290 0.000000 0.000000 1.000000 0.000000
0.777769 0.628551 0.000000 77.848864 -0.628551 0.777769 0.000000 -37.471228 0.000000 0.000000 1.000000 0.000000
0.780954 0.624589 0.000000 77.904478 -0.624589 0.780954 0.000000 -37.519868 0.000000 0.000000 1.000000 0.000000
0.782034 0.623236 0.000000 77.942905 -0.623236 0.782034 0.000000 -37.554100 0.000000 0.000000 1.000000 0.000000
0.783380 0.621543 0.000000 77.988244 -0.621543 0.783380 0.000000 -37.591703 0.000000 0.000000 1.000000 0.000000
0.784742 0.619823 0.000000 78.053421 -0.619823 0.784742 0.000000 -37.642058 0.000000 0.000000 1.000000 0.000000
0.786465 0.617634 0.000000 78.079939 -0.617634 0.786465 0.000000 -37.664122 0.000000 0.000000 1.000000 0.000000
0.787300 0.616570 0.000000 78.110525 -0.616570 0.787300 0.000000 -37.682216 0.000000 0.000000 1.000000 0.000000
0.787904 0.615798 0.000000 78.138836 -0.615798 0.787904 0.000000 -37.699789 0.000000 0.000000 1.000000 0.000000
0.789113 0.614248 0.000000 78.154563 -0.614248 0.789113 0.000000 -37.713151 0.000000 0.000000 1.000000 0.000000
0.790322 0.612692 0.000000 78.162756 -0.612692 0.790322 0.000000 -37.735721 0.000000 0.000000 1.000000 0.000000
0.789992 0.613117 0.000000 78.167310 -0.613117 0.789992 0.000000 -37.747696 0.000000 0.000000 1.000000 0.000000
0.790357 0.612646 0.000000 78.174043 -0.612646 0.790357 0.000000 -37.758618 0.000000 0.000000 1.000000 0.000000
0.792080 0.610417 0.000000 78.179711 -0.610417 0.792080 0.000000 -37.767129 0.000000 0.000000 1.000000 0.000000
0.791357 0.611354 0.000000 78.177823 -0.611354 0.791357 0.000000 -37.752693 0.000000 0.000000 1.000000 0.000000
0.792142 0.610337 0.000000 78.174120 -0.610337 0.792142 0.000000 -37.747864 0.000000 0.000000 1.000000 0.000000
0.792126 0.610358 0.000000 78.168480 -0.610358 0.792126 0.000000 -37.746628 0.000000 0.000000 1.000000 0.000000
0.791141 0.611634 0.000000 78.164834 -0.611634 0.791141 0.000000 -37.743315 0.000000 0.000000 1.000000 0.000000
0.791414 0.611280 0.000000 78.160062 -0.611280 0.791414 0.000000 -37.748059 0.000000 0.000000 1.000000 0.000000
0.791392 0.611310 0.000000 78.159200 -0.611310 0.791392 0.000000 -37.747918 0.000000 0.000000 1.000000 0.000000
0.792329 0.610094 0.000000 78.159307 -0.610094 0.792329 0.000000 -37.751722 0.000000 0.000000 1.000000 0.000000
0.792151 0.610325 0.000000 78.158449 -0.610325 0.792151 0.000000 -37.753446 0.000000 0.000000 1.000000 0.000000
0.791215 0.611538 0.000000 78.160478 -0.611538 0.791215 0.000000 -37.751932 0.000000 0.000000 1.000000 0.000000
0.791194 0.611566 0.000000 78.158348 -0.611566 0.791194 0.000000 -37.750839 0.000000 0.000000 1.000000 0.000000
0.791456 0.611227 0.000000 78.157311 -0.611227 0.791456 0.000000 -37.750550 0.000000 0.000000 1.000000 0.000000
0.791366 0.611343 0.000000 78.155348 -0.611343 0.791366 0.000000 -37.749444 0.000000 0.000000 1.000000 0.000000
0.791325 0.611395 0.000000 78.153301 -0.611395 0.791325 0.000000 -37.748757 0.000000 0.000000 1.000000 0.000000
0.791109 0.611676 0.000000 78.154217 -0.611676 0.791109 0.000000 -37.745942 0.000000 0.000000 1.000000 0.000000
0.791099 0.611688 0.000000 78.154194 -0.611688 0.791099 0.000000 -37.744943 0.000000 0.000000 1.000000 0.000000
0.791253 0.611488 0.000000 78.155561 -0.611488 0.791253 0.000000 -37.745961 0.000000 0.000000 1.000000 0.000000
0.791390 0.611312 0.000000 78.156866 -0.611312 0.791390 0.000000 -37.747825 0.000000 0.000000 1.000000 0.000000
0.791417 0.611277 0.000000 78.158029 -0.611277 0.791417 0.000000 -37.748662 0.000000 0.000000 1.000000 0.000000
0.791484 0.611190 0.000000 78.158632 -0.611190 0.791484 0.000000 -37.746864 0.000000 0.000000 1.000000 0.000000
0.791514 0.611151 0.000000 78.158320 -0.611151 0.791514 0.000000 -37.748077 0.000000 0.000000 1.000000 0.000000
0.791503 0.611165 0.000000 78.156067 -0.611165 0.791503 0.000000 -37.747581 0.000000 0.000000 1.000000 0.000000
0.791425 0.611267 0.000000 78.154153 -0.611267 0.791425 0.000000 -37.747540 0.000000 0.000000 1.000000 0.000000
0.791470 0.611208 0.000000 78.153656 -0.611208 0.791470 0.000000 -37.749200 0.000000 0.000000 1.000000 0.000000
0.791408 0.611289 0.000000 78.153461 -0.611289 0.791408 0.000000 -37.751455 0.000000 0.000000 1.000000 0.000000
0.791341 0.611375 0.000000 78.154356 -0.611375 0.791341 0.000000 -37.753235 0.000000 0.000000 1.000000 0.000000
0.791252 0.611490 0.000000 78.153716 -0.611490 0.791252 0.000000 -37.750814 0.000000 0.000000 1.000000 0.000000
0.791286 0.611447 0.000000 78.152294 -0.611447 0.791286 0.000000 -37.749437 0.000000 0.000000 1.000000 0.000000
0.791367 0.611342 0.000000 78.150534 -0.611342 0.791367 0.000000 -37.747767 0.000000 0.000000 1.000000 0.000000
0.791423 0.611269 0.000000 78.150487 -0.611269 0.791423 0.000000 -37.746740 0.000000 0.000000 1.000000 0.000000
0.791453 0.611230 0.000000 78.151660 -0.611230 0.791453 0.000000 -37.745953 0.000000 0.000000 1.000000 0.000000
0.791411 0.611284 0.000000 78.151546 -0.611284 0.791411 0.000000 -37.744886 0.000000 0.000000 1.000000 0.000000
0.791414 0.611281 0.000000 78.149371 -0.611281 0.791414 0.000000 -37.744588 0.000000 0.000000 1.000000 0.000000
0.791355 0.611357 0.000000 78.149753 -0.611357 0.791355 0.000000 -37.742361 0.000000 0.000000 1.000000 0.000000
0.791402 0.611296 0.000000 78.152040 -0.611296 0.791402 0.000000 -37.740083 0.000000 0.000000 1.000000 0.000000
0.791409 0.611287 0.000000 78.151837 -0.611287 0.791409 0.000000 -37.739780 0.000000 0.000000 1.000000 0.000000
0.791413 0.611282 0.000000 78.150833 -0.611282 0.791413 0.000000 -37.739091 0.000000 0.000000 1.000000 0.000000
0.791434 0.611254 0.000000 78.149116 -0.611254 0.791434 0.000000 -37.739816 0.000000 0.000000 1.000000 0.000000
0.791467 0.611211 0.000000 78.147785 -0.611211 0.791467 0.000000 -37.741023 0.000000 0.000000 1.000000 0.000000
0.791724 0.610879 0.000000 78.143706 -0.610879 0.791724 0.000000 -37.743771 0.000000 0.000000 1.000000 0.000000
0.791510 0.611156 0.000000 78.142183 -0.611156 0.791510 0.000000 -37.743044 0.000000 0.000000 1.000000 0.000000
0.791484 0.611190 0.000000 78.143261 -0.611190 0.791484 0.000000 -37.741597 0.000000 0.000000 1.000000 0.000000
0.791502 0.611167 0.000000 78.144963 -0.611167 0.791502 0.000000 -37.742324 0.000000 0.000000 1.000000 0.000000
0.791657 0.610966 0.000000 78.142220 -0.610966 0.791657 0.000000 -37.742341 0.000000 0.000000 1.000000 0.000000
0.791870 0.610689 0.000000 78.140954 -0.610689 0.791870 0.000000 -37.747247 0.000000 0.000000 1.000000 0.000000
0.791821 0.610754 0.000000 78.141094 -0.610754 0.791821 0.000000 -37.749760 0.000000 0.000000 1.000000 0.000000
0.791911 0.610636 0.000000 78.133500 -0.610636 0.791911 0.000000 -37.759338 0.000000 0.000000 1.000000 0.000000
0.791603 0.611036 0.000000 78.131794 -0.611036 0.791603 0.000000 -37.764685 0.000000 0.000000 1.000000 0.000000
0.791643 0.610984 0.000000 78.136775 -0.610984 0.791643 0.000000 -37.767171 0.000000 0.000000 1.000000 0.000000
0.790631 0.612293 0.000000 78.136815 -0.612293 0.790631 0.000000 -37.776334 0.000000 0.000000 1.000000 0.000000
0.791018 0.611793 0.000000 78.139131 -0.611793 0.791018 0.000000 -37.785960 0.000000 0.000000 1.000000 0.000000
0.791465 0.611215 0.000000 78.146585 -0.611215 0.791465 0.000000 -37.793432 0.000000 0.000000 1.000000 0.000000
0.791538 0.611120 0.000000 78.143797 -0.611120 0.791538 0.000000 -37.799132 0.000000 0.000000 1.000000 0.000000
0.792510 0.609859 0.000000 78.141573 -0.609859 0.792510 0.000000 -37.808603 0.000000 0.000000 1.000000 0.000000
0.792565 0.609787 0.000000 78.140029 -0.609787 0.792565 0.000000 -37.808039 0.000000 0.000000 1.000000 0.000000
0.792542 0.609818 0.000000 78.142033 -0.609818 0.792542 0.000000 -37.807769 0.000000 0.000000 1.000000 0.000000
0.792472 0.609908 0.000000 78.142030 -0.609908 0.792472 0.000000 -37.809793 0.000000 0.000000 1.000000 0.000000
0.792281 0.610156 0.000000 78.142750 -0.610156 0.792281 0.000000 -37.813090 0.000000 0.000000 1.000000 0.000000
0.792372 0.610038 0.000000 78.143089 -0.610038 0.792372 0.000000 -37.809326 0.000000 0.000000 1.000000 0.000000
0.792393 0.610011 0.000000 78.144458 -0.610011 0.792393 0.000000 -37.805489 0.000000 0.000000 1.000000 0.000000
0.792326 0.610098 0.000000 78.146241 -0.610098 0.792326 0.000000 -37.804879 0.000000 0.000000 1.000000 0.000000
0.792487 0.609889 0.000000 78.145461 -0.609889 0.792487 0.000000 -37.806171 0.000000 0.000000 1.000000 0.000000
0.792397 0.610006 0.000000 78.145400 -0.610006 0.792397 0.000000 -37.807183 0.000000 0.000000 1.000000 0.000000
0.792590 0.609755 0.000000 78.145064 -0.609755 0.792590 0.000000 -37.805427 0.000000 0.000000 1.000000 0.000000
0.792825 0.609449 0.000000 78.146411 -0.609449 0.792825 0.000000 -37.803127 0.000000 0.000000 1.000000 0.000000
0.792996 0.609226 0.000000 78.145749 -0.609226 0.792996 0.000000 -37.804282 0.000000 0.000000 1.000000 0.000000
0.793488 0.608586 0.000000 78.144930 -0.608586 0.793488 0.000000 -37.805867 0.000000 0.000000 1.000000 0.000000
0.793828 0.608142 0.000000 78.147260 -0.608142 0.793828 0.000000 -37.802042 0.000000 0.000000 1.000000 0.000000
0.794259 0.607579 0.000000 78.148686 -0.607579 0.794259 0.000000 -37.801812 0.000000 0.000000 1.000000 0.000000
0.794621 0.607106 0.000000 78.144055 -0.607106 0.794621 0.000000 -37.802604 0.000000 0.000000 1.000000 0.000000
0.794482 0.607287 0.000000 78.140881 -0.607287 0.794482 0.000000 -37.806878 0.000000 0.000000 1.000000 0.000000
0.794455 0.607323 0.000000 78.142691 -0.607323 0.794455 0.000000 -37.806034 0.000000 0.000000 1.000000 0.000000
0.793970 0.607957 0.000000 78.145907 -0.607957 0.793970 0.000000 -37.806453 0.000000 0.000000 1.000000 0.000000
0.793865 0.608095 0.000000 78.144216 -0.608095 0.793865 0.000000 -37.818183 0.000000 0.000000 1.000000 0.000000
0.793727 0.608275 0.000000 78.145658 -0.608275 0.793727 0.000000 -37.827495 0.000000 0.000000 1.000000 0.000000
0.793618 0.608416 0.000000 78.140723 -0.608416 0.793618 0.000000 -37.829234 0.000000 0.000000 1.000000 0.000000
0.793367 0.608743 0.000000 78.133501 -0.608743 0.793367 0.000000 -37.836841 0.000000 0.000000 1.000000 0.000000
0.792789 0.609497 0.000000 78.132702 -0.609497 0.792789 0.000000 -37.844691 0.000000 0.000000 1.000000 0.000000
0.792702 0.609609 0.000000 78.139140 -0.609609 0.792702 0.000000 -37.848267 0.000000 0.000000 1.000000 0.000000
0.792886 0.609370 0.000000 78.143598 -0.609370 0.792886 0.000000 -37.855346 0.000000 0.000000 1.000000 0.000000
0.793409 0.608689 0.000000 78.144805 -0.608689 0.793409 0.000000 -37.866687 0.000000 0.000000 1.000000 0.000000
0.794065 0.607833 0.000000 78.142128 -0.607833 0.794065 0.000000 -37.873754 0.000000 0.000000 1.000000 0.000000
0.794910 0.606727 0.000000 78.149707 -0.606727 0.794910 0.000000 -37.883696 0.000000 0.000000 1.000000 0.000000
0.796101 0.605164 0.000000 78.154614 -0.605164 0.796101 0.000000 -37.893899 0.000000 0.000000 1.000000 0.000000
0.796694 0.604383 0.000000 78.167343 -0.604383 0.796694 0.000000 -37.889387 0.000000 0.000000 1.000000 0.000000
0.796815 0.604223 0.000000 78.174135 -0.604223 0.796815 0.000000 -37.892220 0.000000 0.000000 1.000000 0.000000
0.796871 0.604150 0.000000 78.186253 -0.604150 0.796871 0.000000 -37.894775 0.000000 0.000000 1.000000 0.000000
0.797017 0.603957 0.000000 78.196350 -0.603957 0.797017 0.000000 -37.901022 0.000000 0.000000 1.000000 0.000000
0.797075 0.603881 0.000000 78.203895 -0.603881 0.797075 0.000000 -37.922977 0.000000 0.000000 1.000000 0.000000
0.797326 0.603549 0.000000 78.236982 -0.603549 0.797326 0.000000 -37.952311 0.000000 0.000000 1.000000 0.000000
0.798716 0.601708 0.000000 78.255592 -0.601708 0.798716 0.000000 -37.965440 0.000000 0.000000 1.000000 0.000000
0.798995 0.601337 0.000000 78.278805 -0.601337 0.798995 0.000000 -37.974642 0.000000 0.000000 1.000000 0.000000
0.799706 0.600392 0.000000 78.287767 -0.600392 0.799706 0.000000 -37.986691 0.000000 0.000000 1.000000 0.000000
0.800342 0.599544 0.000000 78.291102 -0.599544 0.800342 0.000000 -38.000531 0.000000 0.000000 1.000000 0.000000
0.801743 0.597669 0.000000 78.293133 -0.597669 0.801743 0.000000 -37.998509 0.000000 0.000000 1.000000 0.000000
0.802245 0.596995 0.000000 78.293931 -0.596995 0.802245 0.000000 -38.011545 0.000000 0.000000 1.000000 0.000000
0.802565 0.596564 0.000000 78.296629 -0.596564 0.802565 0.000000 -38.009777 0.000000 0.000000 1.000000 0.000000
0.802799 0.596249 0.000000 78.304274 -0.596249 0.802799 0.000000 -38.014700 0.000000 0.000000 1.000000 0.000000
0.802493 0.596662 0.000000 78.313088 -0.596662 0.802493 0.000000 -38.006340 0.000000 0.000000 1.000000 0.000000
0.802485 0.596672 0.000000 78.319836 -0.596672 0.802485 0.000000 -38.005034 0.000000 0.000000 1.000000 0.000000
0.802262 0.596972 0.000000 78.322747 -0.596972 0.802262 0.000000 -37.999919 0.000000 0.000000 1.000000 0.000000
0.802511 0.596637 0.000000 78.321897 -0.596637 0.802511 0.000000 -37.999060 0.000000 0.000000 1.000000 0.000000
0.802458 0.596708 0.000000 78.324991 -0.596708 0.802458 0.000000 -37.997269 0.000000 0.000000 1.000000 0.000000
0.802587 0.596535 0.000000 78.327229 -0.596535 0.802587 0.000000 -38.002680 0.000000 0.000000 1.000000 0.000000
0.803133 0.595800 0.000000 78.327356 -0.595800 0.803133 0.000000 -38.002627 0.000000 0.000000 1.000000 0.000000
0.803344 0.595516 0.000000 78.324251 -0.595516 0.803344 0.000000 -38.005185 0.000000 0.000000 1.000000 0.000000
0.803275 0.595609 0.000000 78.326030 -0.595609 0.803275 0.000000 -38.005192 0.000000 0.000000 1.000000 0.000000
0.803212 0.595693 0.000000 78.327204 -0.595693 0.803212 0.000000 -38.001080 0.000000 0.000000 1.000000 0.000000
0.803570 0.595211 0.000000 78.329049 -0.595211 0.803570 0.000000 -38.003240 0.000000 0.000000 1.000000 0.000000
0.803578 0.595199 0.000000 78.327319 -0.595199 0.803578 0.000000 -38.004419 0.000000 0.000000 1.000000 0.000000
0.804213 0.594341 0.000000 78.325489 -0.594341 0.804213 0.000000 -38.009247 0.000000 0.000000 1.000000 0.000000
0.803998 0.594631 0.000000 78.328007 -0.594631 0.803998 0.000000 -38.008251 0.000000 0.000000 1.000000 0.000000
0.804064 0.594543 0.000000 78.326743 -0.594543 0.804064 0.000000 -38.007010 0.000000 0.000000 1.000000 0.000000
0.804539 0.593899 0.000000 78.327142 -0.593899 0.804539 0.000000 -38.009247 0.000000 0.000000 1.000000 0.000000
0.804367 0.594133 0.000000 78.327223 -0.594133 0.804367 0.000000 -38.007529 0.000000 0.000000 1.000000 0.000000
0.804389 0.594103 0.000000 78.326729 -0.594103 0.804389 0.000000 -38.007205 0.000000 0.000000 1.000000 0.000000
0.804438 0.594037 0.000000 78.327908 -0.594037 0.804438 0.000000 -38.005427 0.000000 0.000000 1.000000 0.000000
0.804320 0.594197 0.000000 78.328357 -0.594197 0.804320 0.000000 -38.004728 0.000000 0.000000 1.000000 0.000000
0.804631 0.593775 0.000000 78.326784 -0.593775 0.804631 0.000000 -38.004132 0.000000 0.000000 1.000000 0.000000
