0.999997 0.002594 0.000000 0.827779 -0.002594 0.999997 0.000000 -0.022851 0.000000 0.000000 1.000000 0.000000
0.999999 0.001503 0.000000 1.420757 -0.001503 0.999999 0.000000 -0.033660 0.000000 0.000000 1.000000 0.000000
0.999995 0.003260 0.000000 2.048398 -0.003260 0.999995 0.000000 -0.038979 0.000000 0.000000 1.000000 0.000000
1.000000 0.000858 0.000000 2.983405 -0.000858 1.000000 0.000000 -0.070557 0.000000 0.000000 1.000000 0.000000
0.999997 -0.002464 0.000000 3.604228 0.002464 0.999997 0.000000 -0.099740 0.000000 0.000000 1.000000 0.000000
0.999995 -0.003052 0.000000 4.247306 0.003052 0.999995 0.000000 -0.114129 0.000000 0.000000 1.000000 0.000000
0.999982 -0.006046 0.000000 4.877755 0.006046 0.999982 0.000000 -0.131126 0.000000 0.000000 1.000000 0.000000
0.999999 0.001039 0.000000 6.140982 -0.001039 0.999999 0.000000 -0.159361 0.000000 0.000000 1.000000 0.000000
1.000000 0.000012 0.000000 6.766275 -0.000012 1.000000 0.000000 -0.175064 0.000000 0.000000 1.000000 0.000000
0.999985 -0.005404 0.000000 7.393684 0.005404 0.999985 0.000000 -0.185593 0.000000 0.000000 1.000000 0.000000
0.999988 -0.004859 0.000000 8.019061 0.004859 0.999988 0.000000 -0.191162 0.000000 0.000000 1.000000 0.000000
0.999976 -0.006906 0.000000 8.689437 0.006906 0.999976 0.000000 -0.204621 0.000000 0.000000 1.000000 0.000000
0.999982 -0.006065 0.000000 9.306072 0.006065 0.999982 0.000000 -0.216429 0.000000 0.000000 1.000000 0.000000
0.999981 -0.006170 0.000000 9.924883 0.006170 0.999981 0.000000 -0.224689 0.000000 0.000000 1.000000 0.000000
0.999984 -0.005705 0.000000 10.545795 0.005705 0.999984 0.000000 -0.235137 0.000000 0.000000 1.000000 0.000000
0.999971 -0.007580 0.000000 11.169108 0.007580 0.999971 0.000000 -0.249272 0.000000 0.000000 1.000000 0.000000
0.999958 -0.009162 0.000000 11.790864 0.009162 0.999958 0.000000 -0.257860 0.000000 0.000000 1.000000 0.000000
0.999968 -0.007973 0.000000 12.414951 0.007973 0.999968 0.000000 -0.263794 0.000000 0.000000 1.000000 0.000000
0.999960 -0.008922 0.000000 13.022694 0.008922 0.999960 0.000000 -0.282247 0.000000 0.000000 1.000000 0.000000
0.999969 -0.007853 0.000000 13.667298 0.007853 0.999969 0.000000 -0.283956 0.000000 0.000000 1.000000 0.000000
0.999960 -0.008985 0.000000 14.252160 0.008985 0.999960 0.000000 -0.297707 0.000000 0.000000 1.000000 0.000000
0.999957 -0.009275 0.000000 14.872519 0.009275 0.999957 0.000000 -0.307890 0.000000 0.000000 1.000000 0.000000
0.999961 -0.008800 0.000000 15.488025 0.008800 0.999961 0.000000 -0.325857 0.000000 0.000000 1.000000 0.000000
0.999909 -0.013496 0.000000 16.137952 0.013496 0.999909 0.000000 -0.338894 0.000000 0.000000 1.000000 0.000000
0.999898 -0.014282 0.000000 16.760916 0.014282 0.999898 0.000000 -0.329602 0.000000 0.000000 1.000000 0.000000
0.999787 -0.020648 0.000000 17.388537 0.020648 0.999787 0.000000 -0.337769 0.000000 0.000000 1.000000 0.000000
0.999795 -0.020259 0.000000 18.005687 0.020259 0.999795 0.000000 -0.324208 0.000000 0.000000 1.000000 0.000000
0.999861 -0.016675 0.000000 18.630605 0.016675 0.999861 0.000000 -0.323588 0.000000 0.000000 1.000000 0.000000
0.999824 -0.018772 0.000000 19.240830 0.018772 0.999824 0.000000 -0.316659 0.000000 0.000000 1.000000 0.000000
0.999839 -0.017929 0.000000 19.842966 0.017929 0.999839 0.000000 -0.315116 0.000000 0.000000 1.000000 0.000000
0.999821 -0.018935 0.000000 20.475207 0.018935 0.999821 0.000000 -0.320600 0.000000 0.000000 1.000000 0.000000
0.999822 -0.018870 0.000000 21.108211 0.018870 0.999822 0.000000 -0.320790 0.000000 0.000000 1.000000 0.000000
0.999840 -0.017870 0.000000 21.692919 0.017870 0.999840 0.000000 -0.315346 0.000000 0.000000 1.000000 0.000000
0.999795 -0.020236 0.000000 22.325395 0.020236 0.999795 0.000000 -0.326537 0.000000 0.000000 1.000000 0.000000
0.999755 -0.022155 0.000000 22.931341 0.022155 0.999755 0.000000 -0.327605 0.000000 0.000000 1.000000 0.000000
0.999721 -0.023620 0.000000 23.518428 0.023620 0.999721 0.000000 -0.329942 0.000000 0.000000 1.000000 0.000000
0.999720 -0.023678 0.000000 24.140614 0.023678 0.999720 0.000000 -0.334960 0.000000 0.000000 1.000000 0.000000
0.999740 -0.022819 0.000000 24.772575 0.022819 0.999740 0.000000 -0.339070 0.000000 0.000000 1.000000 0.000000
0.999758 -0.022003 0.000000 25.391476 0.022003 0.999758 0.000000 -0.340709 0.000000 0.000000 1.000000 0.000000
0.999795 -0.020249 0.000000 25.983634 0.020249 0.999795 0.000000 -0.342260 0.000000 0.000000 1.000000 0.000000
0.999868 -0.016225 0.000000 26.611901 0.016225 0.999868 0.000000 -0.345917 0.000000 0.000000 1.000000 0.000000
0.999890 -0.014805 0.000000 27.195595 0.014805 0.999890 0.000000 -0.353506 0.000000 0.000000 1.000000 0.000000
0.999898 -0.014255 0.000000 27.822690 0.014255 0.999898 0.000000 -0.355174 0.000000 0.000000 1.000000 0.000000
0.999873 -0.015944 0.000000 28.460176 0.015944 0.999873 0.000000 -0.361156 0.000000 0.000000 1.000000 0.000000
0.999851 -0.017260 0.000000 29.290460 0.017260 0.999851 0.000000 -0.368925 0.000000 0.000000 1.000000 0.000000
0.999884 -0.015239 0.000000 29.930662 0.015239 0.999884 0.000000 -0.368565 0.000000 0.000000 1.000000 0.000000
0.999900 -0.014125 0.000000 30.572424 0.014125 0.999900 0.000000 -0.363397 0.000000 0.000000 1.000000 0.000000
0.999916 -0.012983 0.000000 31.199964 0.012983 0.999916 0.000000 -0.361473 0.000000 0.000000 1.000000 0.000000
0.999937 -0.011231 0.000000 31.836939 0.011231 0.999937 0.000000 -0.363871 0.000000 0.000000 1.000000 0.000000
0.999919 -0.012754 0.000000 32.481191 0.012754 0.999919 0.000000 -0.377087 0.000000 0.000000 1.000000 0.000000
0.999957 -0.009279 0.000000 33.113229 0.009279 0.999957 0.000000 -0.384453 0.000000 0.000000 1.000000 0.000000
0.999970 -0.007763 0.000000 33.753234 0.007763 0.999970 0.000000 -0.390370 0.000000 0.000000 1.000000 0.000000
0.999991 -0.004162 0.000000 34.388114 0.004162 0.999991 0.000000 -0.398269 0.000000 0.000000 1.000000 0.000000
0.999984 -0.005585 0.000000 35.023401 0.005585 0.999984 0.000000 -0.415360 0.000000 0.000000 1.000000 0.000000
0.999998 -0.001829 0.000000 35.666901 0.001829 0.999998 0.000000 -0.420175 0.000000 0.000000 1.000000 0.000000
0.999995 -0.003277 0.000000 36.311106 0.003277 0.999995 0.000000 -0.434132 0.000000 0.000000 1.000000 0.000000
0.999998 -0.002045 0.000000 36.957648 0.002045 0.999998 0.000000 -0.436968 0.000000 0.000000 1.000000 0.000000
1.000000 -0.000998 0.000000 37.598431 0.000998 1.000000 0.000000 -0.446012 0.000000 0.000000 1.000000 0.000000
0.999998 -0.002122 0.000000 38.188319 0.002122 0.999998 0.000000 -0.460692 0.000000 0.000000 1.000000 0.000000
1.000000 -0.000656 0.000000 38.836410 0.000656 1.000000 0.000000 -0.477221 0.000000 0.000000 1.000000 0.000000
0.999995 0.003154 0.000000 39.467598 -0.003154 0.999995 0.000000 -0.490585 0.000000 0.000000 1.000000 0.000000
0.999996 0.002915 0.000000 40.110246 -0.002915 0.999996 0.000000 -0.509949 0.000000 0.000000 1.000000 0.000000
0.999998 0.001962 0.000000 40.748456 -0.001962 0.999998 0.000000 -0.531936 0.000000 0.000000 1.000000 0.000000
0.999998 0.002226 0.000000 41.382707 -0.002226 0.999998 0.000000 -0.542752 0.000000 0.000000 1.000000 0.000000
0.999996 0.002650 0.000000 42.024173 -0.002650 0.999996 0.000000 -0.556801 0.000000 0.000000 1.000000 0.000000
0.999997 0.002428 0.000000 42.666819 -0.002428 0.999997 0.000000 -0.566927 0.000000 0.000000 1.000000 0.000000
0.999995 0.003192 0.000000 43.318094 -0.003192 0.999995 0.000000 -0.576869 0.000000 0.000000 1.000000 0.000000
0.999984 0.005660 0.000000 43.956189 -0.005660 0.999984 0.000000 -0.589881 0.000000 0.000000 1.000000 0.000000
0.999981 0.006235 0.000000 44.604939 -0.006235 0.999981 0.000000 -0.608504 0.000000 0.000000 1.000000 0.000000
0.999989 0.004760 0.000000 45.221843 -0.004760 0.999989 0.000000 -0.625454 0.000000 0.000000 1.000000 0.000000
0.999982 0.005961 0.000000 45.872273 -0.005961 0.999982 0.000000 -0.634354 0.000000 0.000000 1.000000 0.000000
0.999997 0.002528 0.000000 46.516677 -0.002528 0.999997 0.000000 -0.654509 0.000000 0.000000 1.000000 0.000000
0.999985 0.005415 0.000000 47.171167 -0.005415 0.999985 0.000000 -0.666730 0.000000 0.000000 1.000000 0.000000
0.999998 0.002071 0.000000 47.832153 -0.002071 0.999998 0.000000 -0.683834 0.000000 0.000000 1.000000 0.000000
1.000000 0.000436 0.000000 48.472842 -0.000436 1.000000 0.000000 -0.697595 0.000000 0.000000 1.000000 0.000000
0.999999 0.001040 0.000000 49.093735 -0.001040 0.999999 0.000000 -0.714891 0.000000 0.000000 1.000000 0.000000
0.999998 0.002022 0.000000 49.746591 -0.002022 0.999998 0.000000 -0.727965 0.000000 0.000000 1.000000 0.000000
0.999988 0.004827 0.000000 50.410688 -0.004827 0.999988 0.000000 -0.739177 0.000000 0.000000 1.000000 0.000000
0.999985 0.005464 0.000000 51.074934 -0.005464 0.999985 0.000000 -0.757329 0.000000 0.000000 1.000000 0.000000
0.999982 0.006080 0.000000 51.739253 -0.006080 0.999982 0.000000 -0.771469 0.000000 0.000000 1.000000 0.000000
1.000000 0.000485 0.000000 52.400635 -0.000485 1.000000 0.000000 -0.783394 0.000000 0.000000 1.000000 0.000000
0.999993 0.003703 0.000000 53.431736 -0.003703 0.999993 0.000000 -0.815595 0.000000 0.000000 1.000000 0.000000
0.999997 0.002480 0.000000 54.117635 -0.002480 0.999997 0.000000 -0.827959 0.000000 0.000000 1.000000 0.000000
0.999999 0.001605 0.000000 54.753256 -0.001605 0.999999 0.000000 -0.842759 0.000000 0.000000 1.000000 0.000000
0.999999 0.001383 0.000000 55.412247 -0.001383 0.999999 0.000000 -0.857416 0.000000 0.000000 1.000000 0.000000
0.999999 0.001514 0.000000 56.064939 -0.001514 0.999999 0.000000 -0.877467 0.000000 0.000000 1.000000 0.000000
0.999998 0.002179 0.000000 56.714404 -0.002179 0.999998 0.000000 -0.895395 0.000000 0.000000 1.000000 0.000000
1.000000 -0.000088 0.000000 57.375147 0.000088 1.000000 0.000000 -0.910335 0.000000 0.000000 1.000000 0.000000
1.000000 -0.000061 0.000000 58.024930 0.000061 1.000000 0.000000 -0.927535 0.000000 0.000000 1.000000 0.000000
0.999999 -0.001389 0.000000 59.370350 0.001389 0.999999 0.000000 -0.946709 0.000000 0.000000 1.000000 0.000000
0.999998 -0.002103 0.000000 60.013616 0.002103 0.999998 0.000000 -0.954797 0.000000 0.000000 1.000000 0.000000
0.999988 -0.004879 0.000000 60.665333 0.004879 0.999988 0.000000 -0.955801 0.000000 0.000000 1.000000 0.000000
0.999989 -0.004679 0.000000 61.303308 0.004679 0.999989 0.000000 -0.966876 0.000000 0.000000 1.000000 0.000000
0.999997 -0.002619 0.000000 61.939075 0.002619 0.999997 0.000000 -0.979825 0.000000 0.000000 1.000000 0.000000
1.000000 -0.000546 0.000000 62.606447 0.000546 1.000000 0.000000 -0.995590 0.000000 0.000000 1.000000 0.000000
0.999999 -0.001384 0.000000 63.232618 0.001384 0.999999 0.000000 -1.014680 0.000000 0.000000 1.000000 0.000000
1.000000 0.000142 0.000000 63.834822 -0.000142 1.000000 0.000000 -1.019780 0.000000 0.000000 1.000000 0.000000
0.999999 0.001122 0.000000 64.466208 -0.001122 0.999999 0.000000 -1.028667 0.000000 0.000000 1.000000 0.000000
0.999999 0.001442 0.000000 65.054276 -0.001442 0.999999 0.000000 -1.036588 0.000000 0.000000 1.000000 0.000000
0.999998 0.002217 0.000000 65.681350 -0.002217 0.999998 0.000000 -1.055583 0.000000 0.000000 1.000000 0.000000
0.999998 0.002062 0.000000 66.305133 -0.002062 0.999998 0.000000 -1.068866 0.000000 0.000000 1.000000 0.000000
0.999999 0.001277 0.000000 66.885759 -0.001277 0.999999 0.000000 -1.084257 0.000000 0.000000 1.000000 0.000000
1.000000 0.000939 0.000000 67.505848 -0.000939 1.000000 0.000000 -1.099973 0.000000 0.000000 1.000000 0.000000
1.000000 -0.000706 0.000000 68.127733 0.000706 1.000000 0.000000 -1.120243 0.000000 0.000000 1.000000 0.000000
1.000000 -0.000043 0.000000 68.696127 0.000043 1.000000 0.000000 -1.136276 0.000000 0.000000 1.000000 0.000000
1.000000 -0.000748 0.000000 69.307041 0.000748 1.000000 0.000000 -1.153338 0.000000 0.000000 1.000000 0.000000
1.000000 -0.000432 0.000000 69.881619 0.000432 1.000000 0.000000 -1.161500 0.000000 0.000000 1.000000 0.000000
0.999995 0.003216 0.000000 70.501867 -0.003216 0.999995 0.000000 -1.166134 0.000000 0.000000 1.000000 0.000000
0.999995 0.003038 0.000000 71.113971 -0.003038 0.999995 0.000000 -1.177910 0.000000 0.000000 1.000000 0.000000
0.999995 0.003098 0.000000 71.953351 -0.003098 0.999995 0.000000 -1.193621 0.000000 0.000000 1.000000 0.000000
0.999995 0.003075 0.000000 72.562801 -0.003075 0.999995 0.000000 -1.207314 0.000000 0.000000 1.000000 0.000000
0.999991 0.004216 0.000000 73.168915 -0.004216 0.999991 0.000000 -1.225307 0.000000 0.000000 1.000000 0.000000
1.000000 0.000013 0.000000 73.769713 -0.000013 1.000000 0.000000 -1.238001 0.000000 0.000000 1.000000 0.000000
1.000000 0.000718 0.000000 74.366297 -0.000718 1.000000 0.000000 -1.245941 0.000000 0.000000 1.000000 0.000000
0.999998 -0.002222 0.000000 74.956815 0.002222 0.999998 0.000000 -1.254979 0.000000 0.000000 1.000000 0.000000
0.999996 -0.002974 0.000000 75.586217 0.002974 0.999996 0.000000 -1.260716 0.000000 0.000000 1.000000 0.000000
0.999998 -0.002035 0.000000 76.175313 0.002035 0.999998 0.000000 -1.268231 0.000000 0.000000 1.000000 0.000000
0.999997 -0.002339 0.000000 76.775849 0.002339 0.999997 0.000000 -1.283405 0.000000 0.000000 1.000000 0.000000
0.999999 0.001478 0.000000 77.956754 -0.001478 0.999999 0.000000 -1.318393 0.000000 0.000000 1.000000 0.000000
1.000000 0.000021 0.000000 78.537707 -0.000021 1.000000 0.000000 -1.329717 0.000000 0.000000 1.000000 0.000000
0.999999 0.001300 0.000000 79.118899 -0.001300 0.999999 0.000000 -1.349848 0.000000 0.000000 1.000000 0.000000
0.999995 0.003010 0.000000 79.692783 -0.003010 0.999995 0.000000 -1.367569 0.000000 0.000000 1.000000 0.000000
0.999997 0.002510 0.000000 80.271721 -0.002510 0.999997 0.000000 -1.377857 0.000000 0.000000 1.000000 0.000000
0.999990 0.004467 0.000000 80.846156 -0.004467 0.999990 0.000000 -1.388004 0.000000 0.000000 1.000000 0.000000
0.999994 0.003496 0.000000 81.419512 -0.003496 0.999994 0.000000 -1.413363 0.000000 0.000000 1.000000 0.000000
0.999999 0.001506 0.000000 81.987913 -0.001506 0.999999 0.000000 -1.421625 0.000000 0.000000 1.000000 0.000000
0.999999 0.001213 0.000000 82.562124 -0.001213 0.999999 0.000000 -1.432574 0.000000 0.000000 1.000000 0.000000
0.999997 0.002294 0.000000 83.114037 -0.002294 0.999997 0.000000 -1.440154 0.000000 0.000000 1.000000 0.000000
0.999996 0.002714 0.000000 83.671759 -0.002714 0.999996 0.000000 -1.457180 0.000000 0.000000 1.000000 0.000000
0.999996 0.002922 0.000000 84.219619 -0.002922 0.999996 0.000000 -1.468741 0.000000 0.000000 1.000000 0.000000
0.999994 0.003510 0.000000 84.757575 -0.003510 0.999994 0.000000 -1.484597 0.000000 0.000000 1.000000 0.000000
0.999985 0.005422 0.000000 85.272243 -0.005422 0.999985 0.000000 -1.505596 0.000000 0.000000 1.000000 0.000000
0.999975 0.007050 0.000000 85.818020 -0.007050 0.999975 0.000000 -1.521166 0.000000 0.000000 1.000000 0.000000
0.999954 0.009590 0.000000 86.345738 -0.009590 0.999954 0.000000 -1.539376 0.000000 0.000000 1.000000 0.000000
0.999929 0.011951 0.000000 86.847879 -0.011951 0.999929 0.000000 -1.552936 0.000000 0.000000 1.000000 0.000000
0.999941 0.010893 0.000000 87.390884 -0.010893 0.999941 0.000000 -1.564494 0.000000 0.000000 1.000000 0.000000
0.999947 0.010321 0.000000 87.909647 -0.010321 0.999947 0.000000 -1.587228 0.000000 0.000000 1.000000 0.000000
0.999947 0.010319 0.000000 88.404376 -0.010319 0.999947 0.000000 -1.597740 0.000000 0.000000 1.000000 0.000000
0.999938 0.011137 0.000000 88.935126 -0.011137 0.999938 0.000000 -1.613114 0.000000 0.000000 1.000000 0.000000
0.999909 0.013518 0.000000 89.448425 -0.013518 0.999909 0.000000 -1.624502 0.000000 0.000000 1.000000 0.000000
0.999916 0.012991 0.000000 89.931023 -0.012991 0.999916 0.000000 -1.647085 0.000000 0.000000 1.000000 0.000000
0.999906 0.013742 0.000000 90.446677 -0.013742 0.999906 0.000000 -1.667995 0.000000 0.000000 1.000000 0.000000
0.999884 0.015241 0.000000 90.965592 -0.015241 0.999884 0.000000 -1.687139 0.000000 0.000000 1.000000 0.000000
0.999846 0.017554 0.000000 91.448022 -0.017554 0.999846 0.000000 -1.709838 0.000000 0.000000 1.000000 0.000000
0.999835 0.018165 0.000000 91.953129 -0.018165 0.999835 0.000000 -1.738390 0.000000 0.000000 1.000000 0.000000
0.999830 0.018445 0.000000 92.431644 -0.018445 0.999830 0.000000 -1.769409 0.000000 0.000000 1.000000 0.000000
0.999787 0.020629 0.000000 92.946862 -0.020629 0.999787 0.000000 -1.793533 0.000000 0.000000 1.000000 0.000000
0.999784 0.020805 0.000000 93.609566 -0.020805 0.999784 0.000000 -1.818514 0.000000 0.000000 1.000000 0.000000
0.999789 0.020544 0.000000 94.108862 -0.020544 0.999789 0.000000 -1.824060 0.000000 0.000000 1.000000 0.000000
0.999778 0.021055 0.000000 94.619373 -0.021055 0.999778 0.000000 -1.831796 0.000000 0.000000 1.000000 0.000000
0.999755 0.022125 0.000000 95.117467 -0.022125 0.999755 0.000000 -1.849867 0.000000 0.000000 1.000000 0.000000
0.999762 0.021827 0.000000 95.606188 -0.021827 0.999762 0.000000 -1.866557 0.000000 0.000000 1.000000 0.000000
0.999786 0.020694 0.000000 96.092544 -0.020694 0.999786 0.000000 -1.887949 0.000000 0.000000 1.000000 0.000000
0.999786 0.020690 0.000000 96.569219 -0.020690 0.999786 0.000000 -1.911419 0.000000 0.000000 1.000000 0.000000
0.999650 0.026441 0.000000 97.530582 -0.026441 0.999650 0.000000 -1.967768 0.000000 0.000000 1.000000 0.000000
0.999560 0.029657 0.000000 97.999396 -0.029657 0.999560 0.000000 -2.001108 0.000000 0.000000 1.000000 0.000000
0.999502 0.031548 0.000000 98.462661 -0.031548 0.999502 0.000000 -2.019672 0.000000 0.000000 1.000000 0.000000
0.999382 0.035166 0.000000 98.937471 -0.035166 0.999382 0.000000 -2.047028 0.000000 0.000000 1.000000 0.000000
0.999339 0.036344 0.000000 99.415051 -0.036344 0.999339 0.000000 -2.078637 0.000000 0.000000 1.000000 0.000000
0.999231 0.039198 0.000000 99.875149 -0.039198 0.999231 0.000000 -2.106694 0.000000 0.000000 1.000000 0.000000
0.999167 0.040805 0.000000 100.345130 -0.040805 0.999167 0.000000 -2.151035 0.000000 0.000000 1.000000 0.000000
0.999030 0.044042 0.000000 100.806568 -0.044042 0.999030 0.000000 -2.184124 0.000000 0.000000 1.000000 0.000000
0.998767 0.049646 0.000000 101.267147 -0.049646 0.998767 0.000000 -2.219393 0.000000 0.000000 1.000000 0.000000
0.998645 0.052036 0.000000 101.728237 -0.052036 0.998645 0.000000 -2.254072 0.000000 0.000000 1.000000 0.000000
0.998524 0.054313 0.000000 102.150312 -0.054313 0.998524 0.000000 -2.290533 0.000000 0.000000 1.000000 0.000000
0.998432 0.055973 0.000000 102.596899 -0.055973 0.998432 0.000000 -2.323014 0.000000 0.000000 1.000000 0.000000
0.998343 0.057543 0.000000 103.035612 -0.057543 0.998343 0.000000 -2.366832 0.000000 0.000000 1.000000 0.000000
0.998296 0.058345 0.000000 103.478876 -0.058345 0.998296 0.000000 -2.408104 0.000000 0.000000 1.000000 0.000000
0.998056 0.062324 0.000000 103.905264 -0.062324 0.998056 0.000000 -2.454413 0.000000 0.000000 1.000000 0.000000
0.997900 0.064770 0.000000 104.331632 -0.064770 0.997900 0.000000 -2.474515 0.000000 0.000000 1.000000 0.000000
0.997418 0.071813 0.000000 104.751671 -0.071813 0.997418 0.000000 -2.510013 0.000000 0.000000 1.000000 0.000000
0.997024 0.077097 0.000000 105.162145 -0.077097 0.997024 0.000000 -2.552501 0.000000 0.000000 1.000000 0.000000
0.996980 0.077655 0.000000 105.571071 -0.077655 0.996980 0.000000 -2.590622 0.000000 0.000000 1.000000 0.000000
0.997126 0.075762 0.000000 105.985387 -0.075762 0.997126 0.000000 -2.624196 0.000000 0.000000 1.000000 0.000000
0.996844 0.079384 0.000000 106.381656 -0.079384 0.996844 0.000000 -2.675419 0.000000 0.000000 1.000000 0.000000
0.996884 0.078875 0.000000 106.778977 -0.078875 0.996884 0.000000 -2.730417 0.000000 0.000000 1.000000 0.000000
0.996365 0.085183 0.000000 107.161058 -0.085183 0.996365 0.000000 -2.766276 0.000000 0.000000 1.000000 0.000000
0.995875 0.090735 0.000000 107.562960 -0.090735 0.995875 0.000000 -2.801212 0.000000 0.000000 1.000000 0.000000
0.996005 0.089294 0.000000 107.948216 -0.089294 0.996005 0.000000 -2.851922 0.000000 0.000000 1.000000 0.000000
0.995710 0.092527 0.000000 108.325029 -0.092527 0.995710 0.000000 -2.889672 0.000000 0.000000 1.000000 0.000000
0.995400 0.095810 0.000000 108.740541 -0.095810 0.995400 0.000000 -2.939531 0.000000 0.000000 1.000000 0.000000
0.994947 0.100404 0.000000 109.149331 -0.100404 0.994947 0.000000 -2.984272 0.000000 0.000000 1.000000 0.000000
0.994478 0.104950 0.000000 109.716663 -0.104950 0.994478 0.000000 -3.058344 0.000000 0.000000 1.000000 0.000000
0.994274 0.106860 0.000000 110.126342 -0.106860 0.994274 0.000000 -3.117753 0.000000 0.000000 1.000000 0.000000
0.994052 0.108909 0.000000 110.534999 -0.108909 0.994052 0.000000 -3.180389 0.000000 0.000000 1.000000 0.000000
0.993824 0.110967 0.000000 110.953292 -0.110967 0.993824 0.000000 -3.239720 0.000000 0.000000 1.000000 0.000000
0.993558 0.113324 0.000000 111.373606 -0.113324 0.993558 0.000000 -3.313048 0.000000 0.000000 1.000000 0.000000
0.993391 0.114781 0.000000 111.796335 -0.114781 0.993391 0.000000 -3.376611 0.000000 0.000000 1.000000 0.000000
0.993435 0.114396 0.000000 112.214366 -0.114396 0.993435 0.000000 -3.438392 0.000000 0.000000 1.000000 0.000000
0.993111 0.117179 0.000000 112.635895 -0.117179 0.993111 0.000000 -3.501125 0.000000 0.000000 1.000000 0.000000
0.992056 0.125799 0.000000 113.370618 -0.125799 0.992056 0.000000 -3.614285 0.000000 0.000000 1.000000 0.000000
0.992172 0.124877 0.000000 113.790433 -0.124877 0.992172 0.000000 -3.691431 0.000000 0.000000 1.000000 0.000000
0.992342 0.123520 0.000000 114.225504 -0.123520 0.992342 0.000000 -3.762690 0.000000 0.000000 1.000000 0.000000
0.992266 0.124132 0.000000 114.658121 -0.124132 0.992266 0.000000 -3.827128 0.000000 0.000000 1.000000 0.000000
0.992418 0.122907 0.000000 115.102186 -0.122907 0.992418 0.000000 -3.879556 0.000000 0.000000 1.000000 0.000000
0.991933 0.126764 0.000000 115.542624 -0.126764 0.991933 0.000000 -3.933474 0.000000 0.000000 1.000000 0.000000
0.991869 0.127261 0.000000 115.989653 -0.127261 0.991869 0.000000 -3.996785 0.000000 0.000000 1.000000 0.000000
0.991924 0.126832 0.000000 116.433650 -0.126832 0.991924 0.000000 -4.056536 0.000000 0.000000 1.000000 0.000000
0.991890 0.127102 0.000000 116.871332 -0.127102 0.991890 0.000000 -4.119827 0.000000 0.000000 1.000000 0.000000
0.991856 0.127366 0.000000 117.316016 -0.127366 0.991856 0.000000 -4.196095 0.000000 0.000000 1.000000 0.000000
0.991314 0.131518 0.000000 117.762610 -0.131518 0.991314 0.000000 -4.276351 0.000000 0.000000 1.000000 0.000000
0.991224 0.132192 0.000000 118.586680 -0.132192 0.991224 0.000000 -4.401214 0.000000 0.000000 1.000000 0.000000
0.991247 0.132019 0.000000 119.037279 -0.132019 0.991247 0.000000 -4.468743 0.000000 0.000000 1.000000 0.000000
0.990824 0.135158 0.000000 119.494023 -0.135158 0.990824 0.000000 -4.533172 0.000000 0.000000 1.000000 0.000000
0.990770 0.135557 0.000000 119.951621 -0.135557 0.990770 0.000000 -4.624155 0.000000 0.000000 1.000000 0.000000
0.990447 0.137892 0.000000 120.411197 -0.137892 0.990447 0.000000 -4.703930 0.000000 0.000000 1.000000 0.000000
0.990296 0.138973 0.000000 120.874703 -0.138973 0.990296 0.000000 -4.781519 0.000000 0.000000 1.000000 0.000000
0.990174 0.139841 0.000000 121.346402 -0.139841 0.990174 0.000000 -4.858815 0.000000 0.000000 1.000000 0.000000
0.989575 0.144022 0.000000 121.808530 -0.144022 0.989575 0.000000 -4.938833 0.000000 0.000000 1.000000 0.000000
0.988952 0.148239 0.000000 122.316358 -0.148239 0.988952 0.000000 -5.020856 0.000000 0.000000 1.000000 0.000000
0.988441 0.151604 0.000000 122.762531 -0.151604 0.988441 0.000000 -5.097248 0.000000 0.000000 1.000000 0.000000
0.988506 0.151183 0.000000 123.267759 -0.151183 0.988506 0.000000 -5.209385 0.000000 0.000000 1.000000 0.000000
0.988275 0.152686 0.000000 123.745223 -0.152686 0.988275 0.000000 -5.306815 0.000000 0.000000 1.000000 0.000000
0.988124 0.153660 0.000000 124.206830 -0.153660 0.988124 0.000000 -5.408137 0.000000 0.000000 1.000000 0.000000
0.988559 0.150833 0.000000 124.674478 -0.150833 0.988559 0.000000 -5.507181 0.000000 0.000000 1.000000 0.000000
0.988112 0.153733 0.000000 125.142541 -0.153733 0.988112 0.000000 -5.599934 0.000000 0.000000 1.000000 0.000000
0.987878 0.155235 0.000000 125.609814 -0.155235 0.987878 0.000000 -5.683819 0.000000 0.000000 1.000000 0.000000
0.987144 0.159834 0.000000 126.079323 -0.159834 0.987144 0.000000 -5.780389 0.000000 0.000000 1.000000 0.000000
0.986107 0.166111 0.000000 126.558032 -0.166111 0.986107 0.000000 -5.878366 0.000000 0.000000 1.000000 0.000000
0.985758 0.168172 0.000000 127.008491 -0.168172 0.985758 0.000000 -5.974916 0.000000 0.000000 1.000000 0.000000
0.985719 0.168398 0.000000 127.486999 -0.168398 0.985719 0.000000 -6.062958 0.000000 0.000000 1.000000 0.000000
0.985184 0.171502 0.000000 127.961305 -0.171502 0.985184 0.000000 -6.163977 0.000000 0.000000 1.000000 0.000000
0.985081 0.172091 0.000000 128.748796 -0.172091 0.985081 0.000000 -6.316071 0.000000 0.000000 1.000000 0.000000
0.985031 0.172379 0.000000 129.231239 -0.172379 0.985031 0.000000 -6.412533 0.000000 0.000000 1.000000 0.000000
0.986676 0.162699 0.000000 130.201263 -0.162699 0.986676 0.000000 -6.624925 0.000000 0.000000 1.000000 0.000000
0.987336 0.158642 0.000000 130.685117 -0.158642 0.987336 0.000000 -6.725737 0.000000 0.000000 1.000000 0.000000
0.987768 0.155929 0.000000 131.186404 -0.155929 0.987768 0.000000 -6.830451 0.000000 0.000000 1.000000 0.000000
0.987707 0.156315 0.000000 131.685193 -0.156315 0.987707 0.000000 -6.919299 0.000000 0.000000 1.000000 0.000000
0.987996 0.154481 0.000000 132.186158 -0.154481 0.987996 0.000000 -7.009726 0.000000 0.000000 1.000000 0.000000
0.987189 0.159552 0.000000 132.679313 -0.159552 0.987189 0.000000 -7.096001 0.000000 0.000000 1.000000 0.000000
0.988121 0.153676 0.000000 133.214061 -0.153676 0.988121 0.000000 -7.197346 0.000000 0.000000 1.000000 0.000000
0.987569 0.157186 0.000000 133.705116 -0.157186 0.987569 0.000000 -7.284970 0.000000 0.000000 1.000000 0.000000
0.987241 0.159232 0.000000 134.219233 -0.159232 0.987241 0.000000 -7.375478 0.000000 0.000000 1.000000 0.000000
0.987066 0.160313 0.000000 134.732350 -0.160313 0.987066 0.000000 -7.470410 0.000000 0.000000 1.000000 0.000000
0.987088 0.160178 0.000000 135.218265 -0.160178 0.987088 0.000000 -7.557757 0.000000 0.000000 1.000000 0.000000
0.987122 0.159969 0.000000 135.732654 -0.159969 0.987122 0.000000 -7.657579 0.000000 0.000000 1.000000 0.000000
0.987251 0.159172 0.000000 136.256438 -0.159172 0.987251 0.000000 -7.760754 0.000000 0.000000 1.000000 0.000000
0.986845 0.161672 0.000000 136.743724 -0.161672 0.986845 0.000000 -7.844151 0.000000 0.000000 1.000000 0.000000
0.987430 0.158059 0.000000 137.261740 -0.158059 0.987430 0.000000 -7.946097 0.000000 0.000000 1.000000 0.000000
0.987046 0.160439 0.000000 137.794521 -0.160439 0.987046 0.000000 -8.048123 0.000000 0.000000 1.000000 0.000000
0.986442 0.164112 0.000000 138.424256 -0.164112 0.986442 0.000000 -8.156538 0.000000 0.000000 1.000000 0.000000
0.986320 0.164841 0.000000 138.992104 -0.164841 0.986320 0.000000 -8.270477 0.000000 0.000000 1.000000 0.000000
0.984935 0.172924 0.000000 139.484827 -0.172924 0.984935 0.000000 -8.365465 0.000000 0.000000 1.000000 0.000000
0.985061 0.172206 0.000000 140.016189 -0.172206 0.985061 0.000000 -8.476355 0.000000 0.000000 1.000000 0.000000
0.984120 0.177507 0.000000 140.559022 -0.177507 0.984120 0.000000 -8.588870 0.000000 0.000000 1.000000 0.000000
0.983792 0.179313 0.000000 141.091571 -0.179313 0.983792 0.000000 -8.702240 0.000000 0.000000 1.000000 0.000000
0.982849 0.184410 0.000000 144.897932 -0.184410 0.982849 0.000000 -9.530252 0.000000 0.000000 1.000000 0.000000
0.982698 0.185216 0.000000 145.417094 -0.185216 0.982698 0.000000 -9.646368 0.000000 0.000000 1.000000 0.000000
0.985220 0.171292 0.000000 146.563045 -0.171292 0.985220 0.000000 -9.907080 0.000000 0.000000 1.000000 0.000000
0.984088 0.177682 0.000000 147.688086 -0.177682 0.984088 0.000000 -10.145229 0.000000 0.000000 1.000000 0.000000
0.983788 0.179337 0.000000 148.252853 -0.179337 0.983788 0.000000 -10.262525 0.000000 0.000000 1.000000 0.000000
0.983481 0.181012 0.000000 148.816302 -0.181012 0.983481 0.000000 -10.379211 0.000000 0.000000 1.000000 0.000000
0.983454 0.181156 0.000000 149.379212 -0.181156 0.983454 0.000000 -10.500117 0.000000 0.000000 1.000000 0.000000
0.983712 0.179752 0.000000 149.943124 -0.179752 0.983712 0.000000 -10.624163 0.000000 0.000000 1.000000 0.000000
0.984365 0.176139 0.000000 150.510704 -0.176139 0.984365 0.000000 -10.750455 0.000000 0.000000 1.000000 0.000000
0.983788 0.179338 0.000000 151.092444 -0.179338 0.983788 0.000000 -10.875562 0.000000 0.000000 1.000000 0.000000
0.983545 0.180665 0.000000 151.671215 -0.180665 0.983545 0.000000 -10.996164 0.000000 0.000000 1.000000 0.000000
0.983909 0.178673 0.000000 152.250864 -0.178673 0.983909 0.000000 -11.133590 0.000000 0.000000 1.000000 0.000000
0.983711 0.179759 0.000000 153.168414 -0.179759 0.983711 0.000000 -11.333996 0.000000 0.000000 1.000000 0.000000
0.982964 0.183798 0.000000 153.741185 -0.183798 0.982964 0.000000 -11.460590 0.000000 0.000000 1.000000 0.000000
0.983171 0.182686 0.000000 154.301041 -0.182686 0.983171 0.000000 -11.602061 0.000000 0.000000 1.000000 0.000000
0.982626 0.185594 0.000000 154.886099 -0.185594 0.982626 0.000000 -11.723320 0.000000 0.000000 1.000000 0.000000
0.981895 0.189425 0.000000 155.504167 -0.189425 0.981895 0.000000 -11.854715 0.000000 0.000000 1.000000 0.000000
0.981424 0.191850 0.000000 156.024246 -0.191850 0.981424 0.000000 -11.975876 0.000000 0.000000 1.000000 0.000000
0.981292 0.192528 0.000000 156.621595 -0.192528 0.981292 0.000000 -12.123893 0.000000 0.000000 1.000000 0.000000
0.981367 0.192144 0.000000 157.189016 -0.192144 0.981367 0.000000 -12.253269 0.000000 0.000000 1.000000 0.000000
0.981401 0.191967 0.000000 157.756995 -0.191967 0.981401 0.000000 -12.386829 0.000000 0.000000 1.000000 0.000000
0.981187 0.193059 0.000000 158.330427 -0.193059 0.981187 0.000000 -12.496788 0.000000 0.000000 1.000000 0.000000
0.980925 0.194387 0.000000 158.900136 -0.194387 0.980925 0.000000 -12.612115 0.000000 0.000000 1.000000 0.000000
0.981286 0.192558 0.000000 159.467404 -0.192558 0.981286 0.000000 -12.737361 0.000000 0.000000 1.000000 0.000000
0.981328 0.192341 0.000000 160.031135 -0.192341 0.981328 0.000000 -12.860789 0.000000 0.000000 1.000000 0.000000
0.981183 0.193080 0.000000 160.602527 -0.193080 0.981183 0.000000 -12.978799 0.000000 0.000000 1.000000 0.000000
0.981411 0.191916 0.000000 161.171413 -0.191916 0.981411 0.000000 -13.112622 0.000000 0.000000 1.000000 0.000000
0.980804 0.194998 0.000000 161.747103 -0.194998 0.980804 0.000000 -13.236127 0.000000 0.000000 1.000000 0.000000
0.980278 0.197625 0.000000 162.884155 -0.197625 0.980278 0.000000 -13.492814 0.000000 0.000000 1.000000 0.000000
0.980109 0.198462 0.000000 163.448587 -0.198462 0.980109 0.000000 -13.613491 0.000000 0.000000 1.000000 0.000000
0.980644 0.195798 0.000000 163.980708 -0.195798 0.980644 0.000000 -13.737297 0.000000 0.000000 1.000000 0.000000
0.979538 0.201261 0.000000 164.557572 -0.201261 0.979538 0.000000 -13.858371 0.000000 0.000000 1.000000 0.000000
0.979229 0.202757 0.000000 165.104581 -0.202757 0.979229 0.000000 -13.966177 0.000000 0.000000 1.000000 0.000000
0.979527 0.201310 0.000000 166.220256 -0.201310 0.979527 0.000000 -14.211378 0.000000 0.000000 1.000000 0.000000
0.979737 0.200288 0.000000 166.775225 -0.200288 0.979737 0.000000 -14.324709 0.000000 0.000000 1.000000 0.000000
0.979723 0.200356 0.000000 167.303389 -0.200356 0.979723 0.000000 -14.448398 0.000000 0.000000 1.000000 0.000000
0.979498 0.201453 0.000000 167.872258 -0.201453 0.979498 0.000000 -14.569216 0.000000 0.000000 1.000000 0.000000
0.979757 0.200189 0.000000 168.438315 -0.200189 0.979757 0.000000 -14.703451 0.000000 0.000000 1.000000 0.000000
0.979267 0.202575 0.000000 168.963419 -0.202575 0.979267 0.000000 -14.814658 0.000000 0.000000 1.000000 0.000000
0.978459 0.206440 0.000000 169.726643 -0.206440 0.978459 0.000000 -14.965104 0.000000 0.000000 1.000000 0.000000
0.978123 0.208025 0.000000 170.298055 -0.208025 0.978123 0.000000 -15.085184 0.000000 0.000000 1.000000 0.000000
0.977842 0.209344 0.000000 170.865133 -0.209344 0.977842 0.000000 -15.226825 0.000000 0.000000 1.000000 0.000000
0.976671 0.214741 0.000000 171.471458 -0.214741 0.976671 0.000000 -15.350106 0.000000 0.000000 1.000000 0.000000
0.976920 0.213604 0.000000 172.008751 -0.213604 0.976920 0.000000 -15.478198 0.000000 0.000000 1.000000 0.000000
0.977473 0.211060 0.000000 172.610730 -0.211060 0.977473 0.000000 -15.625632 0.000000 0.000000 1.000000 0.000000
0.976623 0.214960 0.000000 173.186217 -0.214960 0.976623 0.000000 -15.751258 0.000000 0.000000 1.000000 0.000000
0.977054 0.212994 0.000000 173.751334 -0.212994 0.977054 0.000000 -15.894919 0.000000 0.000000 1.000000 0.000000
0.975768 0.218807 0.000000 174.335251 -0.218807 0.975768 0.000000 -16.027611 0.000000 0.000000 1.000000 0.000000
0.976691 0.214648 0.000000 174.900188 -0.214648 0.976691 0.000000 -16.176627 0.000000 0.000000 1.000000 0.000000
0.976974 0.213357 0.000000 175.485786 -0.213357 0.976974 0.000000 -16.316951 0.000000 0.000000 1.000000 0.000000
0.976980 0.213330 0.000000 176.057384 -0.213330 0.976980 0.000000 -16.450930 0.000000 0.000000 1.000000 0.000000
0.977597 0.210486 0.000000 176.638459 -0.210486 0.977597 0.000000 -16.581214 0.000000 0.000000 1.000000 0.000000
0.978712 0.205237 0.000000 177.203395 -0.205237 0.978712 0.000000 -16.720120 0.000000 0.000000 1.000000 0.000000
0.979149 0.203141 0.000000 177.774915 -0.203141 0.979149 0.000000 -16.845707 0.000000 0.000000 1.000000 0.000000
0.978773 0.204946 0.000000 178.342136 -0.204946 0.978773 0.000000 -16.974967 0.000000 0.000000 1.000000 0.000000
0.979047 0.203636 0.000000 178.912706 -0.203636 0.979047 0.000000 -17.112830 0.000000 0.000000 1.000000 0.000000
0.978362 0.206899 0.000000 179.451851 -0.206899 0.978362 0.000000 -17.245493 0.000000 0.000000 1.000000 0.000000
0.978270 0.207334 0.000000 180.070467 -0.207334 0.978270 0.000000 -17.388438 0.000000 0.000000 1.000000 0.000000
0.978378 0.206824 0.000000 180.604237 -0.206824 0.978378 0.000000 -17.508929 0.000000 0.000000 1.000000 0.000000
0.978372 0.206855 0.000000 181.184074 -0.206855 0.978372 0.000000 -17.644121 0.000000 0.000000 1.000000 0.000000
0.978067 0.208292 0.000000 181.761497 -0.208292 0.978067 0.000000 -17.778245 0.000000 0.000000 1.000000 0.000000
0.977509 0.210893 0.000000 182.341431 -0.210893 0.977509 0.000000 -17.917163 0.000000 0.000000 1.000000 0.000000
0.975937 0.218052 0.000000 182.918396 -0.218052 0.975937 0.000000 -18.054648 0.000000 0.000000 1.000000 0.000000
0.975903 0.218203 0.000000 183.494165 -0.218203 0.975903 0.000000 -18.195226 0.000000 0.000000 1.000000 0.000000
0.976096 0.217340 0.000000 184.071435 -0.217340 0.976096 0.000000 -18.338178 0.000000 0.000000 1.000000 0.000000
0.976269 0.216560 0.000000 184.644431 -0.216560 0.976269 0.000000 -18.476678 0.000000 0.000000 1.000000 0.000000
0.976064 0.217483 0.000000 185.220440 -0.217483 0.976064 0.000000 -18.625301 0.000000 0.000000 1.000000 0.000000
0.975638 0.219384 0.000000 185.803219 -0.219384 0.975638 0.000000 -18.775082 0.000000 0.000000 1.000000 0.000000
0.976017 0.217694 0.000000 186.371254 -0.217694 0.976017 0.000000 -18.926835 0.000000 0.000000 1.000000 0.000000
0.976300 0.216422 0.000000 186.942680 -0.216422 0.976300 0.000000 -19.073804 0.000000 0.000000 1.000000 0.000000
0.975755 0.218866 0.000000 187.513162 -0.218866 0.975755 0.000000 -19.207393 0.000000 0.000000 1.000000 0.000000
0.975548 0.219785 0.000000 188.061554 -0.219785 0.975548 0.000000 -19.338742 0.000000 0.000000 1.000000 0.000000
0.975638 0.219387 0.000000 188.638404 -0.219387 0.975638 0.000000 -19.484933 0.000000 0.000000 1.000000 0.000000
0.974696 0.223536 0.000000 189.218911 -0.223536 0.974696 0.000000 -19.628326 0.000000 0.000000 1.000000 0.000000
0.974721 0.223425 0.000000 189.768909 -0.223425 0.974721 0.000000 -19.762643 0.000000 0.000000 1.000000 0.000000
0.975443 0.220250 0.000000 190.332543 -0.220250 0.975443 0.000000 -19.915211 0.000000 0.000000 1.000000 0.000000
0.974680 0.223602 0.000000 190.905020 -0.223602 0.974680 0.000000 -20.061498 0.000000 0.000000 1.000000 0.000000
0.975509 0.219960 0.000000 191.442657 -0.219960 0.975509 0.000000 -20.205182 0.000000 0.000000 1.000000 0.000000
0.975353 0.220650 0.000000 192.003575 -0.220650 0.975353 0.000000 -20.351999 0.000000 0.000000 1.000000 0.000000
0.974630 0.223822 0.000000 192.574033 -0.223822 0.974630 0.000000 -20.497680 0.000000 0.000000 1.000000 0.000000
0.974572 0.224076 0.000000 193.112539 -0.224076 0.974572 0.000000 -20.622264 0.000000 0.000000 1.000000 0.000000
0.974433 0.224680 0.000000 193.687293 -0.224680 0.974433 0.000000 -20.768467 0.000000 0.000000 1.000000 0.000000
0.974121 0.226026 0.000000 194.250450 -0.226026 0.974121 0.000000 -20.913832 0.000000 0.000000 1.000000 0.000000
0.973682 0.227909 0.000000 195.069606 -0.227909 0.973682 0.000000 -21.135418 0.000000 0.000000 1.000000 0.000000
0.973244 0.229775 0.000000 195.629549 -0.229775 0.973244 0.000000 -21.274650 0.000000 0.000000 1.000000 0.000000
0.972737 0.231910 0.000000 196.199934 -0.231910 0.972737 0.000000 -21.415104 0.000000 0.000000 1.000000 0.000000
0.973046 0.230613 0.000000 196.768149 -0.230613 0.973046 0.000000 -21.556218 0.000000 0.000000 1.000000 0.000000
0.972911 0.231178 0.000000 197.332677 -0.231178 0.972911 0.000000 -21.697895 0.000000 0.000000 1.000000 0.000000
0.973370 0.229240 0.000000 197.894857 -0.229240 0.973370 0.000000 -21.830970 0.000000 0.000000 1.000000 0.000000
0.974064 0.226273 0.000000 198.451902 -0.226273 0.974064 0.000000 -21.972999 0.000000 0.000000 1.000000 0.000000
0.973915 0.226913 0.000000 199.035174 -0.226913 0.973915 0.000000 -22.122551 0.000000 0.000000 1.000000 0.000000
0.973926 0.226864 0.000000 199.539557 -0.226864 0.973926 0.000000 -22.254009 0.000000 0.000000 1.000000 0.000000
0.973609 0.228224 0.000000 200.522600 -0.228224 0.973609 0.000000 -22.510430 0.000000 0.000000 1.000000 0.000000
0.973548 0.228483 0.000000 201.090055 -0.228483 0.973548 0.000000 -22.641763 0.000000 0.000000 1.000000 0.000000
0.973272 0.229653 0.000000 201.804204 -0.229653 0.973272 0.000000 -22.827927 0.000000 0.000000 1.000000 0.000000
0.972979 0.230894 0.000000 202.517240 -0.230894 0.972979 0.000000 -23.016469 0.000000 0.000000 1.000000 0.000000
0.972457 0.233084 0.000000 203.475627 -0.233084 0.972457 0.000000 -23.272828 0.000000 0.000000 1.000000 0.000000
0.972559 0.232657 0.000000 204.034603 -0.232657 0.972559 0.000000 -23.418678 0.000000 0.000000 1.000000 0.000000
0.972837 0.231491 0.000000 204.607154 -0.231491 0.972837 0.000000 -23.573837 0.000000 0.000000 1.000000 0.000000
0.972759 0.231818 0.000000 205.163292 -0.231818 0.972759 0.000000 -23.715828 0.000000 0.000000 1.000000 0.000000
0.972574 0.232594 0.000000 205.686775 -0.232594 0.972574 0.000000 -23.850173 0.000000 0.000000 1.000000 0.000000
0.973343 0.229355 0.000000 206.252345 -0.229355 0.973343 0.000000 -24.002691 0.000000 0.000000 1.000000 0.000000
0.972823 0.231551 0.000000 206.809753 -0.231551 0.972823 0.000000 -24.150108 0.000000 0.000000 1.000000 0.000000
0.972719 0.231985 0.000000 207.597894 -0.231985 0.972719 0.000000 -24.364448 0.000000 0.000000 1.000000 0.000000
0.973005 0.230784 0.000000 208.158863 -0.230784 0.973005 0.000000 -24.513345 0.000000 0.000000 1.000000 0.000000
0.973064 0.230535 0.000000 208.723774 -0.230535 0.973064 0.000000 -24.656455 0.000000 0.000000 1.000000 0.000000
0.972965 0.230953 0.000000 209.276515 -0.230953 0.972965 0.000000 -24.805664 0.000000 0.000000 1.000000 0.000000
0.973844 0.227218 0.000000 209.870241 -0.227218 0.973844 0.000000 -24.963094 0.000000 0.000000 1.000000 0.000000
0.973783 0.227478 0.000000 210.389363 -0.227478 0.973783 0.000000 -25.097746 0.000000 0.000000 1.000000 0.000000
0.973661 0.228001 0.000000 210.979964 -0.228001 0.973661 0.000000 -25.252949 0.000000 0.000000 1.000000 0.000000
0.974047 0.226347 0.000000 211.498908 -0.226347 0.974047 0.000000 -25.385963 0.000000 0.000000 1.000000 0.000000
