0.999995 0.003058 0.000000 0.803213 -0.003058 0.999995 0.000000 -0.020232 0.000000 0.000000 1.000000 0.000000
0.999998 0.002137 0.000000 1.349673 -0.002137 0.999998 0.000000 -0.035673 0.000000 0.000000 1.000000 0.000000
0.999993 0.003691 0.000000 1.980575 -0.003691 0.999993 0.000000 -0.044329 0.000000 0.000000 1.000000 0.000000
0.999999 0.001085 0.000000 2.906489 -0.001085 0.999999 0.000000 -0.072172 0.000000 0.000000 1.000000 0.000000
0.999999 -0.001675 0.000000 3.526766 0.001675 0.999999 0.000000 -0.091001 0.000000 0.000000 1.000000 0.000000
0.999999 -0.001455 0.000000 4.107292 0.001455 0.999999 0.000000 -0.098645 0.000000 0.000000 1.000000 0.000000
0.999994 -0.003440 0.000000 4.760174 0.003440 0.999994 0.000000 -0.124037 0.000000 0.000000 1.000000 0.000000
0.999992 0.004036 0.000000 6.042052 -0.004036 0.999992 0.000000 -0.153099 0.000000 0.000000 1.000000 0.000000
0.999995 0.003127 0.000000 6.630366 -0.003127 0.999995 0.000000 -0.161890 0.000000 0.000000 1.000000 0.000000
0.999999 -0.001616 0.000000 7.298871 0.001616 0.999999 0.000000 -0.180490 0.000000 0.000000 1.000000 0.000000
1.000000 -0.000649 0.000000 7.908017 0.000649 1.000000 0.000000 -0.188400 0.000000 0.000000 1.000000 0.000000
0.999998 -0.001782 0.000000 8.542104 0.001782 0.999998 0.000000 -0.195999 0.000000 0.000000 1.000000 0.000000
1.000000 -0.000334 0.000000 9.134963 0.000334 1.000000 0.000000 -0.220698 0.000000 0.000000 1.000000 0.000000
1.000000 0.000084 0.000000 9.772050 -0.000084 1.000000 0.000000 -0.232082 0.000000 0.000000 1.000000 0.000000
1.000000 0.000331 0.000000 10.403390 -0.000331 1.000000 0.000000 -0.238381 0.000000 0.000000 1.000000 0.000000
0.999999 -0.001616 0.000000 11.018892 0.001616 0.999999 0.000000 -0.261888 0.000000 0.000000 1.000000 0.000000
0.999995 -0.003025 0.000000 11.684410 0.003025 0.999995 0.000000 -0.274888 0.000000 0.000000 1.000000 0.000000
0.999998 -0.001794 0.000000 12.292048 0.001794 0.999998 0.000000 -0.290799 0.000000 0.000000 1.000000 0.000000
0.999996 -0.002665 0.000000 12.897939 0.002665 0.999996 0.000000 -0.312432 0.000000 0.000000 1.000000 0.000000
0.999999 -0.001660 0.000000 13.545961 0.001660 0.999999 0.000000 -0.320054 0.000000 0.000000 1.000000 0.000000
0.999997 -0.002597 0.000000 14.075102 0.002597 0.999997 0.000000 -0.326006 0.000000 0.000000 1.000000 0.000000
0.999994 -0.003341 0.000000 14.633035 0.003341 0.999994 0.000000 -0.325553 0.000000 0.000000 1.000000 0.000000
0.999996 -0.002768 0.000000 15.261146 0.002768 0.999996 0.000000 -0.340897 0.000000 0.000000 1.000000 0.000000
0.999974 -0.007155 0.000000 15.889776 0.007155 0.999974 0.000000 -0.359634 0.000000 0.000000 1.000000 0.000000
0.999973 -0.007353 0.000000 16.463291 0.007353 0.999973 0.000000 -0.358036 0.000000 0.000000 1.000000 0.000000
0.999906 -0.013692 0.000000 17.124822 0.013692 0.999906 0.000000 -0.361209 0.000000 0.000000 1.000000 0.000000
0.999922 -0.012499 0.000000 17.783982 0.012499 0.999922 0.000000 -0.362787 0.000000 0.000000 1.000000 0.000000
0.999966 -0.008207 0.000000 18.380952 0.008207 0.999966 0.000000 -0.360925 0.000000 0.000000 1.000000 0.000000
0.999955 -0.009477 0.000000 18.991463 0.009477 0.999955 0.000000 -0.365789 0.000000 0.000000 1.000000 0.000000
0.999966 -0.008269 0.000000 19.623350 0.008269 0.999966 0.000000 -0.370000 0.000000 0.000000 1.000000 0.000000
0.999961 -0.008785 0.000000 20.226870 0.008785 0.999961 0.000000 -0.378203 0.000000 0.000000 1.000000 0.000000
0.999964 -0.008428 0.000000 20.873986 0.008428 0.999964 0.000000 -0.379981 0.000000 0.000000 1.000000 0.000000
0.999974 -0.007172 0.000000 21.488455 0.007172 0.999974 0.000000 -0.385918 0.000000 0.000000 1.000000 0.000000
0.999960 -0.008930 0.000000 22.120160 0.008930 0.999960 0.000000 -0.392346 0.000000 0.000000 1.000000 0.000000
0.999942 -0.010789 0.000000 22.744132 0.010789 0.999942 0.000000 -0.397475 0.000000 0.000000 1.000000 0.000000
0.999927 -0.012069 0.000000 23.348583 0.012069 0.999927 0.000000 -0.407556 0.000000 0.000000 1.000000 0.000000
0.999932 -0.011662 0.000000 23.986580 0.011662 0.999932 0.000000 -0.410820 0.000000 0.000000 1.000000 0.000000
0.999947 -0.010309 0.000000 24.607083 0.010309 0.999947 0.000000 -0.423405 0.000000 0.000000 1.000000 0.000000
0.999954 -0.009635 0.000000 25.225386 0.009635 0.999954 0.000000 -0.439911 0.000000 0.000000 1.000000 0.000000
0.999969 -0.007834 0.000000 25.825308 0.007834 0.999969 0.000000 -0.433803 0.000000 0.000000 1.000000 0.000000
0.999991 -0.004189 0.000000 26.432036 0.004189 0.999991 0.000000 -0.432098 0.000000 0.000000 1.000000 0.000000
0.999995 -0.003299 0.000000 27.020624 0.003299 0.999995 0.000000 -0.441946 0.000000 0.000000 1.000000 0.000000
0.999994 -0.003401 0.000000 27.665715 0.003401 0.999994 0.000000 -0.439762 0.000000 0.000000 1.000000 0.000000
0.999985 -0.005432 0.000000 28.322058 0.005432 0.999985 0.000000 -0.438676 0.000000 0.000000 1.000000 0.000000
0.999976 -0.006907 0.000000 29.159176 0.006907 0.999976 0.000000 -0.455346 0.000000 0.000000 1.000000 0.000000
0.999986 -0.005355 0.000000 29.830694 0.005355 0.999986 0.000000 -0.451358 0.000000 0.000000 1.000000 0.000000
0.999991 -0.004162 0.000000 30.441998 0.004162 0.999991 0.000000 -0.427663 0.000000 0.000000 1.000000 0.000000
0.999996 -0.002883 0.000000 31.079504 0.002883 0.999996 0.000000 -0.420313 0.000000 0.000000 1.000000 0.000000
0.999999 -0.001227 0.000000 31.742141 0.001227 0.999999 0.000000 -0.410715 0.000000 0.000000 1.000000 0.000000
0.999997 -0.002563 0.000000 32.378401 0.002563 0.999997 0.000000 -0.422290 0.000000 0.000000 1.000000 0.000000
1.000000 0.000918 0.000000 33.011954 -0.000918 1.000000 0.000000 -0.438055 0.000000 0.000000 1.000000 0.000000
0.999997 0.002433 0.000000 33.691927 -0.002433 0.999997 0.000000 -0.445913 0.000000 0.000000 1.000000 0.000000
0.999982 0.005937 0.000000 34.304399 -0.005937 0.999982 0.000000 -0.441693 0.000000 0.000000 1.000000 0.000000
0.999992 0.004047 0.000000 34.951282 -0.004047 0.999992 0.000000 -0.467850 0.000000 0.000000 1.000000 0.000000
0.999969 0.007842 0.000000 35.603523 -0.007842 0.999969 0.000000 -0.460229 0.000000 0.000000 1.000000 0.000000
0.999978 0.006575 0.000000 36.219776 -0.006575 0.999978 0.000000 -0.472034 0.000000 0.000000 1.000000 0.000000
0.999967 0.008118 0.000000 36.838705 -0.008118 0.999967 0.000000 -0.474020 0.000000 0.000000 1.000000 0.000000
0.999956 0.009359 0.000000 37.495398 -0.009359 0.999956 0.000000 -0.479981 0.000000 0.000000 1.000000 0.000000
0.999965 0.008307 0.000000 38.120285 -0.008307 0.999965 0.000000 -0.497771 0.000000 0.000000 1.000000 0.000000
0.999950 0.009970 0.000000 38.767360 -0.009970 0.999950 0.000000 -0.516106 0.000000 0.000000 1.000000 0.000000
0.999908 0.013536 0.000000 39.373455 -0.013536 0.999908 0.000000 -0.531170 0.000000 0.000000 1.000000 0.000000
0.999909 0.013498 0.000000 40.026351 -0.013498 0.999909 0.000000 -0.547323 0.000000 0.000000 1.000000 0.000000
0.999920 0.012663 0.000000 40.684804 -0.012663 0.999920 0.000000 -0.561970 0.000000 0.000000 1.000000 0.000000
0.999907 0.013657 0.000000 41.285129 -0.013657 0.999907 0.000000 -0.577549 0.000000 0.000000 1.000000 0.000000
0.999898 0.014287 0.000000 41.912824 -0.014287 0.999898 0.000000 -0.591105 0.000000 0.000000 1.000000 0.000000
0.999887 0.015055 0.000000 42.577716 -0.015055 0.999887 0.000000 -0.610451 0.000000 0.000000 1.000000 0.000000
0.999866 0.016377 0.000000 43.194770 -0.016377 0.999866 0.000000 -0.616787 0.000000 0.000000 1.000000 0.000000
0.999815 0.019246 0.000000 43.847179 -0.019246 0.999815 0.000000 -0.637286 0.000000 0.000000 1.000000 0.000000
0.999803 0.019853 0.000000 44.509017 -0.019853 0.999803 0.000000 -0.651623 0.000000 0.000000 1.000000 0.000000
0.999829 0.018478 0.000000 45.140410 -0.018478 0.999829 0.000000 -0.664065 0.000000 0.000000 1.000000 0.000000
0.999804 0.019817 0.000000 45.812366 -0.019817 0.999804 0.000000 -0.667930 0.000000 0.000000 1.000000 0.000000
0.999859 0.016768 0.000000 46.410484 -0.016768 0.999859 0.000000 -0.682293 0.000000 0.000000 1.000000 0.000000
0.999801 0.019944 0.000000 47.040673 -0.019944 0.999801 0.000000 -0.696580 0.000000 0.000000 1.000000 0.000000
0.999852 0.017195 0.000000 47.711192 -0.017195 0.999852 0.000000 -0.712622 0.000000 0.000000 1.000000 0.000000
0.999870 0.016116 0.000000 48.334842 -0.016116 0.999870 0.000000 -0.734266 0.000000 0.000000 1.000000 0.000000
0.999849 0.017391 0.000000 48.948419 -0.017391 0.999849 0.000000 -0.754496 0.000000 0.000000 1.000000 0.000000
0.999824 0.018746 0.000000 49.561126 -0.018746 0.999824 0.000000 -0.770052 0.000000 0.000000 1.000000 0.000000
0.999765 0.021681 0.000000 50.233008 -0.021681 0.999765 0.000000 -0.791657 0.000000 0.000000 1.000000 0.000000
0.999748 0.022440 0.000000 50.933193 -0.022440 0.999748 0.000000 -0.825168 0.000000 0.000000 1.000000 0.000000
0.999745 0.022584 0.000000 51.590579 -0.022584 0.999745 0.000000 -0.852453 0.000000 0.000000 1.000000 0.000000
0.999846 0.017556 0.000000 52.235503 -0.017556 0.999846 0.000000 -0.878090 0.000000 0.000000 1.000000 0.000000
0.999789 0.020545 0.000000 53.224374 -0.020545 0.999789 0.000000 -0.925516 0.000000 0.000000 1.000000 0.000000
0.999800 0.020003 0.000000 53.927073 -0.020003 0.999800 0.000000 -0.946161 0.000000 0.000000 1.000000 0.000000
0.999804 0.019793 0.000000 54.539064 -0.019793 0.999804 0.000000 -0.968916 0.000000 0.000000 1.000000 0.000000
0.999794 0.020314 0.000000 55.156634 -0.020314 0.999794 0.000000 -0.992032 0.000000 0.000000 1.000000 0.000000
0.999789 0.020561 0.000000 55.774309 -0.020561 0.999789 0.000000 -1.022320 0.000000 0.000000 1.000000 0.000000
0.999754 0.022166 0.000000 56.372211 -0.022166 0.999754 0.000000 -1.046834 0.000000 0.000000 1.000000 0.000000
0.999787 0.020652 0.000000 56.998423 -0.020652 0.999787 0.000000 -1.073202 0.000000 0.000000 1.000000 0.000000
0.999771 0.021390 0.000000 57.639669 -0.021390 0.999771 0.000000 -1.098458 0.000000 0.000000 1.000000 0.000000
0.999771 0.021405 0.000000 58.942297 -0.021405 0.999771 0.000000 -1.140166 0.000000 0.000000 1.000000 0.000000
0.999758 0.022001 0.000000 59.593206 -0.022001 0.999758 0.000000 -1.144375 0.000000 0.000000 1.000000 0.000000
0.999800 0.020012 0.000000 60.229586 -0.020012 0.999800 0.000000 -1.154613 0.000000 0.000000 1.000000 0.000000
0.999769 0.021512 0.000000 60.887681 -0.021512 0.999769 0.000000 -1.181424 0.000000 0.000000 1.000000 0.000000
0.999679 0.025346 0.000000 61.546174 -0.025346 0.999679 0.000000 -1.208847 0.000000 0.000000 1.000000 0.000000
0.999581 0.028934 0.000000 62.213391 -0.028934 0.999581 0.000000 -1.235670 0.000000 0.000000 1.000000 0.000000
0.999570 0.029323 0.000000 62.854046 -0.029323 0.999570 0.000000 -1.273171 0.000000 0.000000 1.000000 0.000000
0.999496 0.031752 0.000000 63.498787 -0.031752 0.999496 0.000000 -1.297763 0.000000 0.000000 1.000000 0.000000
0.999447 0.033259 0.000000 64.105312 -0.033259 0.999447 0.000000 -1.322590 0.000000 0.000000 1.000000 0.000000
0.999431 0.033737 0.000000 64.695724 -0.033737 0.999431 0.000000 -1.348534 0.000000 0.000000 1.000000 0.000000
0.999398 0.034685 0.000000 65.309673 -0.034685 0.999398 0.000000 -1.383941 0.000000 0.000000 1.000000 0.000000
0.999413 0.034262 0.000000 65.907294 -0.034262 0.999413 0.000000 -1.407407 0.000000 0.000000 1.000000 0.000000
0.999427 0.033847 0.000000 66.474137 -0.033847 0.999427 0.000000 -1.438298 0.000000 0.000000 1.000000 0.000000
0.999416 0.034168 0.000000 67.105191 -0.034168 0.999416 0.000000 -1.473103 0.000000 0.000000 1.000000 0.000000
0.999461 0.032828 0.000000 67.727149 -0.032828 0.999461 0.000000 -1.507692 0.000000 0.000000 1.000000 0.000000
0.999420 0.034059 0.000000 68.285340 -0.034059 0.999420 0.000000 -1.541026 0.000000 0.000000 1.000000 0.000000
0.999417 0.034151 0.000000 68.878988 -0.034151 0.999417 0.000000 -1.574482 0.000000 0.000000 1.000000 0.000000
0.999371 0.035471 0.000000 69.492107 -0.035471 0.999371 0.000000 -1.601224 0.000000 0.000000 1.000000 0.000000
0.999236 0.039075 0.000000 70.116942 -0.039075 0.999236 0.000000 -1.626271 0.000000 0.000000 1.000000 0.000000
0.999231 0.039221 0.000000 70.656908 -0.039221 0.999231 0.000000 -1.660035 0.000000 0.000000 1.000000 0.000000
0.999232 0.039182 0.000000 71.530654 -0.039182 0.999232 0.000000 -1.707727 0.000000 0.000000 1.000000 0.000000
0.999221 0.039472 0.000000 72.145939 -0.039472 0.999221 0.000000 -1.744143 0.000000 0.000000 1.000000 0.000000
0.999168 0.040794 0.000000 72.724360 -0.040794 0.999168 0.000000 -1.784401 0.000000 0.000000 1.000000 0.000000
0.999299 0.037427 0.000000 73.313332 -0.037427 0.999299 0.000000 -1.824864 0.000000 0.000000 1.000000 0.000000
0.999255 0.038603 0.000000 73.924504 -0.038603 0.999255 0.000000 -1.857591 0.000000 0.000000 1.000000 0.000000
0.999353 0.035966 0.000000 74.468740 -0.035966 0.999353 0.000000 -1.883489 0.000000 0.000000 1.000000 0.000000
0.999331 0.036571 0.000000 75.065796 -0.036571 0.999331 0.000000 -1.913940 0.000000 0.000000 1.000000 0.000000
0.999233 0.039156 0.000000 75.653441 -0.039156 0.999233 0.000000 -1.950778 0.000000 0.000000 1.000000 0.000000
0.999232 0.039179 0.000000 76.218836 -0.039179 0.999232 0.000000 -1.985490 0.000000 0.000000 1.000000 0.000000
0.999033 0.043960 0.000000 77.451862 -0.043960 0.999033 0.000000 -2.078150 0.000000 0.000000 1.000000 0.000000
0.999093 0.042583 0.000000 78.011540 -0.042583 0.999093 0.000000 -2.106434 0.000000 0.000000 1.000000 0.000000
0.999009 0.044510 0.000000 78.634156 -0.044510 0.999009 0.000000 -2.148828 0.000000 0.000000 1.000000 0.000000
0.998907 0.046748 0.000000 79.191940 -0.046748 0.998907 0.000000 -2.197314 0.000000 0.000000 1.000000 0.000000
0.998881 0.047296 0.000000 79.754398 -0.047296 0.998881 0.000000 -2.255009 0.000000 0.000000 1.000000 0.000000
0.998756 0.049860 0.000000 80.363326 -0.049860 0.998756 0.000000 -2.303050 0.000000 0.000000 1.000000 0.000000
0.998782 0.049339 0.000000 80.931511 -0.049339 0.998782 0.000000 -2.350233 0.000000 0.000000 1.000000 0.000000
0.998858 0.047773 0.000000 81.521634 -0.047773 0.998858 0.000000 -2.387519 0.000000 0.000000 1.000000 0.000000
0.998836 0.048230 0.000000 82.087711 -0.048230 0.998836 0.000000 -2.417027 0.000000 0.000000 1.000000 0.000000
0.998763 0.049731 0.000000 82.588857 -0.049731 0.998763 0.000000 -2.445910 0.000000 0.000000 1.000000 0.000000
0.998685 0.051265 0.000000 83.141134 -0.051265 0.998685 0.000000 -2.487074 0.000000 0.000000 1.000000 0.000000
0.998611 0.052697 0.000000 83.672119 -0.052697 0.998611 0.000000 -2.529808 0.000000 0.000000 1.000000 0.000000
0.998551 0.053815 0.000000 84.198060 -0.053815 0.998551 0.000000 -2.571310 0.000000 0.000000 1.000000 0.000000
0.998425 0.056099 0.000000 84.676831 -0.056099 0.998425 0.000000 -2.611684 0.000000 0.000000 1.000000 0.000000
0.998323 0.057891 0.000000 85.217045 -0.057891 0.998323 0.000000 -2.645025 0.000000 0.000000 1.000000 0.000000
0.998191 0.060126 0.000000 85.744322 -0.060126 0.998191 0.000000 -2.681304 0.000000 0.000000 1.000000 0.000000
0.998100 0.061617 0.000000 86.266658 -0.061617 0.998100 0.000000 -2.700957 0.000000 0.000000 1.000000 0.000000
0.998166 0.060528 0.000000 86.822769 -0.060528 0.998166 0.000000 -2.745637 0.000000 0.000000 1.000000 0.000000
0.998202 0.059938 0.000000 87.350340 -0.059938 0.998202 0.000000 -2.785297 0.000000 0.000000 1.000000 0.000000
0.998184 0.060246 0.000000 87.814535 -0.060246 0.998184 0.000000 -2.827851 0.000000 0.000000 1.000000 0.000000
0.998126 0.061190 0.000000 88.366362 -0.061190 0.998126 0.000000 -2.875428 0.000000 0.000000 1.000000 0.000000
0.997991 0.063362 0.000000 88.888850 -0.063362 0.997991 0.000000 -2.903608 0.000000 0.000000 1.000000 0.000000
0.998001 0.063202 0.000000 89.412810 -0.063202 0.998001 0.000000 -2.952003 0.000000 0.000000 1.000000 0.000000
0.997956 0.063897 0.000000 89.948716 -0.063897 0.997956 0.000000 -2.995200 0.000000 0.000000 1.000000 0.000000
0.997862 0.065360 0.000000 90.436283 -0.065360 0.997862 0.000000 -3.031197 0.000000 0.000000 1.000000 0.000000
0.997692 0.067897 0.000000 90.900802 -0.067897 0.997692 0.000000 -3.087376 0.000000 0.000000 1.000000 0.000000
0.997656 0.068435 0.000000 91.430655 -0.068435 0.997656 0.000000 -3.136782 0.000000 0.000000 1.000000 0.000000
0.997681 0.068063 0.000000 91.916193 -0.068063 0.997681 0.000000 -3.182966 0.000000 0.000000 1.000000 0.000000
0.997511 0.070508 0.000000 92.433030 -0.070508 0.997511 0.000000 -3.241671 0.000000 0.000000 1.000000 0.000000
0.997484 0.070891 0.000000 93.080820 -0.070891 0.997484 0.000000 -3.301565 0.000000 0.000000 1.000000 0.000000
0.997502 0.070636 0.000000 93.599796 -0.070636 0.997502 0.000000 -3.323777 0.000000 0.000000 1.000000 0.000000
0.997434 0.071585 0.000000 94.125726 -0.071585 0.997434 0.000000 -3.355946 0.000000 0.000000 1.000000 0.000000
0.997281 0.073689 0.000000 94.687890 -0.073689 0.997281 0.000000 -3.393149 0.000000 0.000000 1.000000 0.000000
0.997254 0.074050 0.000000 95.169807 -0.074050 0.997254 0.000000 -3.422878 0.000000 0.000000 1.000000 0.000000
0.997260 0.073978 0.000000 95.647426 -0.073978 0.997260 0.000000 -3.460811 0.000000 0.000000 1.000000 0.000000
0.997206 0.074694 0.000000 96.101170 -0.074694 0.997206 0.000000 -3.494399 0.000000 0.000000 1.000000 0.000000
0.996767 0.080341 0.000000 97.049621 -0.080341 0.996767 0.000000 -3.586164 0.000000 0.000000 1.000000 0.000000
0.996477 0.083867 0.000000 97.534616 -0.083867 0.996477 0.000000 -3.642545 0.000000 0.000000 1.000000 0.000000
0.996301 0.085930 0.000000 98.015299 -0.085930 0.996301 0.000000 -3.708604 0.000000 0.000000 1.000000 0.000000
0.996000 0.089353 0.000000 98.468624 -0.089353 0.996000 0.000000 -3.767862 0.000000 0.000000 1.000000 0.000000
0.995913 0.090318 0.000000 98.980267 -0.090318 0.995913 0.000000 -3.830195 0.000000 0.000000 1.000000 0.000000
0.995630 0.093389 0.000000 99.472880 -0.093389 0.995630 0.000000 -3.870239 0.000000 0.000000 1.000000 0.000000
0.995527 0.094481 0.000000 99.982760 -0.094481 0.995527 0.000000 -3.919165 0.000000 0.000000 1.000000 0.000000
0.995136 0.098510 0.000000 100.467023 -0.098510 0.995136 0.000000 -3.976586 0.000000 0.000000 1.000000 0.000000
0.994568 0.104090 0.000000 100.935510 -0.104090 0.994568 0.000000 -4.030012 0.000000 0.000000 1.000000 0.000000
0.994319 0.106438 0.000000 101.440996 -0.106438 0.994319 0.000000 -4.082853 0.000000 0.000000 1.000000 0.000000
0.994055 0.108879 0.000000 101.879979 -0.108879 0.994055 0.000000 -4.153934 0.000000 0.000000 1.000000 0.000000
0.993901 0.110273 0.000000 102.304200 -0.110273 0.993901 0.000000 -4.219035 0.000000 0.000000 1.000000 0.000000
0.993751 0.111622 0.000000 102.735283 -0.111622 0.993751 0.000000 -4.276049 0.000000 0.000000 1.000000 0.000000
0.993621 0.112771 0.000000 103.121791 -0.112771 0.993621 0.000000 -4.332511 0.000000 0.000000 1.000000 0.000000
0.993150 0.116846 0.000000 103.549097 -0.116846 0.993150 0.000000 -4.399046 0.000000 0.000000 1.000000 0.000000
0.992857 0.119313 0.000000 104.004144 -0.119313 0.992857 0.000000 -4.441019 0.000000 0.000000 1.000000 0.000000
0.991881 0.127173 0.000000 104.463201 -0.127173 0.991881 0.000000 -4.488127 0.000000 0.000000 1.000000 0.000000
0.991132 0.132880 0.000000 104.936239 -0.132880 0.991132 0.000000 -4.544433 0.000000 0.000000 1.000000 0.000000
0.990957 0.134180 0.000000 105.292194 -0.134180 0.990957 0.000000 -4.596476 0.000000 0.000000 1.000000 0.000000
0.991053 0.133472 0.000000 105.692289 -0.133472 0.991053 0.000000 -4.662379 0.000000 0.000000 1.000000 0.000000
0.990404 0.138203 0.000000 106.072862 -0.138203 0.990404 0.000000 -4.721275 0.000000 0.000000 1.000000 0.000000
0.990284 0.139059 0.000000 106.529664 -0.139059 0.990284 0.000000 -4.782620 0.000000 0.000000 1.000000 0.000000
0.989202 0.146561 0.000000 106.893261 -0.146561 0.989202 0.000000 -4.837253 0.000000 0.000000 1.000000 0.000000
0.988294 0.152562 0.000000 107.301317 -0.152562 0.988294 0.000000 -4.881829 0.000000 0.000000 1.000000 0.000000
0.988404 0.151850 0.000000 107.712166 -0.151850 0.988404 0.000000 -4.947928 0.000000 0.000000 1.000000 0.000000
0.987861 0.155343 0.000000 108.091096 -0.155343 0.987861 0.000000 -4.996204 0.000000 0.000000 1.000000 0.000000
0.987452 0.157918 0.000000 108.527875 -0.157918 0.987452 0.000000 -5.051235 0.000000 0.000000 1.000000 0.000000
0.986871 0.161512 0.000000 108.929225 -0.161512 0.986871 0.000000 -5.075712 0.000000 0.000000 1.000000 0.000000
0.986024 0.166604 0.000000 109.486964 -0.166604 0.986024 0.000000 -5.182525 0.000000 0.000000 1.000000 0.000000
0.985689 0.168575 0.000000 109.877750 -0.168575 0.985689 0.000000 -5.273714 0.000000 0.000000 1.000000 0.000000
0.985388 0.170326 0.000000 110.286579 -0.170326 0.985388 0.000000 -5.371274 0.000000 0.000000 1.000000 0.000000
0.985122 0.171854 0.000000 110.754821 -0.171854 0.985122 0.000000 -5.444370 0.000000 0.000000 1.000000 0.000000
0.984725 0.174116 0.000000 111.160130 -0.174116 0.984725 0.000000 -5.558471 0.000000 0.000000 1.000000 0.000000
0.984410 0.175892 0.000000 111.572548 -0.175892 0.984410 0.000000 -5.664018 0.000000 0.000000 1.000000 0.000000
0.984462 0.175600 0.000000 111.969332 -0.175600 0.984462 0.000000 -5.760308 0.000000 0.000000 1.000000 0.000000
0.983986 0.178248 0.000000 112.416532 -0.178248 0.983986 0.000000 -5.834227 0.000000 0.000000 1.000000 0.000000
0.982450 0.186525 0.000000 113.158964 -0.186525 0.982450 0.000000 -5.994999 0.000000 0.000000 1.000000 0.000000
0.982676 0.185333 0.000000 113.579923 -0.185333 0.982676 0.000000 -6.092851 0.000000 0.000000 1.000000 0.000000
0.983075 0.183202 0.000000 114.010025 -0.183202 0.983075 0.000000 -6.170260 0.000000 0.000000 1.000000 0.000000
0.983058 0.183297 0.000000 114.432784 -0.183297 0.983058 0.000000 -6.256942 0.000000 0.000000 1.000000 0.000000
0.983314 0.181915 0.000000 114.872613 -0.181915 0.983314 0.000000 -6.324660 0.000000 0.000000 1.000000 0.000000
0.982561 0.185941 0.000000 115.323482 -0.185941 0.982561 0.000000 -6.417603 0.000000 0.000000 1.000000 0.000000
0.982503 0.186249 0.000000 115.729453 -0.186249 0.982503 0.000000 -6.494733 0.000000 0.000000 1.000000 0.000000
0.982620 0.185627 0.000000 116.206462 -0.185627 0.982620 0.000000 -6.606331 0.000000 0.000000 1.000000 0.000000
0.982418 0.186693 0.000000 116.644650 -0.186693 0.982418 0.000000 -6.715091 0.000000 0.000000 1.000000 0.000000
0.982258 0.187534 0.000000 117.052725 -0.187534 0.982258 0.000000 -6.808640 0.000000 0.000000 1.000000 0.000000
0.981366 0.192148 0.000000 117.468608 -0.192148 0.981366 0.000000 -6.893785 0.000000 0.000000 1.000000 0.000000
0.981253 0.192723 0.000000 118.280483 -0.192723 0.981253 0.000000 -7.053248 0.000000 0.000000 1.000000 0.000000
0.981258 0.192699 0.000000 118.704061 -0.192699 0.981258 0.000000 -7.148300 0.000000 0.000000 1.000000 0.000000
0.980715 0.195446 0.000000 119.162686 -0.195446 0.980715 0.000000 -7.245385 0.000000 0.000000 1.000000 0.000000
0.980652 0.195762 0.000000 119.599600 -0.195762 0.980652 0.000000 -7.340678 0.000000 0.000000 1.000000 0.000000
0.980245 0.197785 0.000000 120.070417 -0.197785 0.980245 0.000000 -7.444291 0.000000 0.000000 1.000000 0.000000
0.979981 0.199090 0.000000 120.535726 -0.199090 0.979981 0.000000 -7.532136 0.000000 0.000000 1.000000 0.000000
0.979716 0.200393 0.000000 120.994625 -0.200393 0.979716 0.000000 -7.651816 0.000000 0.000000 1.000000 0.000000
0.978892 0.204376 0.000000 121.475864 -0.204376 0.978892 0.000000 -7.762201 0.000000 0.000000 1.000000 0.000000
0.978033 0.208451 0.000000 121.976663 -0.208451 0.978033 0.000000 -7.905974 0.000000 0.000000 1.000000 0.000000
0.977385 0.211468 0.000000 122.432210 -0.211468 0.977385 0.000000 -8.016045 0.000000 0.000000 1.000000 0.000000
0.977547 0.210719 0.000000 122.969590 -0.210719 0.977547 0.000000 -8.143821 0.000000 0.000000 1.000000 0.000000
0.977360 0.211584 0.000000 123.437166 -0.211584 0.977360 0.000000 -8.250759 0.000000 0.000000 1.000000 0.000000
0.977389 0.211450 0.000000 123.864014 -0.211450 0.977389 0.000000 -8.350571 0.000000 0.000000 1.000000 0.000000
0.978033 0.208452 0.000000 124.329821 -0.208452 0.978033 0.000000 -8.467339 0.000000 0.000000 1.000000 0.000000
0.977347 0.211643 0.000000 124.788798 -0.211643 0.977347 0.000000 -8.576114 0.000000 0.000000 1.000000 0.000000
0.977151 0.212546 0.000000 125.252251 -0.212546 0.977151 0.000000 -8.644564 0.000000 0.000000 1.000000 0.000000
0.976174 0.216987 0.000000 125.724087 -0.216987 0.976174 0.000000 -8.754498 0.000000 0.000000 1.000000 0.000000
0.974937 0.222480 0.000000 126.193508 -0.222480 0.974937 0.000000 -8.894076 0.000000 0.000000 1.000000 0.000000
0.974715 0.223451 0.000000 126.647092 -0.223451 0.974715 0.000000 -9.007835 0.000000 0.000000 1.000000 0.000000
0.975020 0.222118 0.000000 127.127536 -0.222118 0.975020 0.000000 -9.117281 0.000000 0.000000 1.000000 0.000000
0.974568 0.224090 0.000000 127.613875 -0.224090 0.974568 0.000000 -9.235810 0.000000 0.000000 1.000000 0.000000
0.974656 0.223711 0.000000 128.409502 -0.223711 0.974656 0.000000 -9.426958 0.000000 0.000000 1.000000 0.000000
0.974681 0.223601 0.000000 128.901092 -0.223601 0.974681 0.000000 -9.557802 0.000000 0.000000 1.000000 0.000000
0.976810 0.214109 0.000000 129.886953 -0.214109 0.976810 0.000000 -9.817482 0.000000 0.000000 1.000000 0.000000
0.977317 0.211783 0.000000 130.371592 -0.211783 0.977317 0.000000 -9.925884 0.000000 0.000000 1.000000 0.000000
0.977498 0.210943 0.000000 130.903006 -0.210943 0.977498 0.000000 -10.033977 0.000000 0.000000 1.000000 0.000000
0.977054 0.212993 0.000000 131.391936 -0.212993 0.977054 0.000000 -10.111827 0.000000 0.000000 1.000000 0.000000
0.977129 0.212647 0.000000 131.880071 -0.212647 0.977129 0.000000 -10.197318 0.000000 0.000000 1.000000 0.000000
0.975964 0.217931 0.000000 132.359435 -0.217931 0.975964 0.000000 -10.301494 0.000000 0.000000 1.000000 0.000000
0.977227 0.212195 0.000000 132.921251 -0.212195 0.977227 0.000000 -10.449148 0.000000 0.000000 1.000000 0.000000
0.976384 0.216041 0.000000 133.433163 -0.216041 0.976384 0.000000 -10.570215 0.000000 0.000000 1.000000 0.000000
0.976018 0.217689 0.000000 133.951317 -0.217689 0.976018 0.000000 -10.716329 0.000000 0.000000 1.000000 0.000000
0.975848 0.218450 0.000000 134.429143 -0.218450 0.975848 0.000000 -10.841836 0.000000 0.000000 1.000000 0.000000
0.975853 0.218430 0.000000 134.910138 -0.218430 0.975853 0.000000 -10.963255 0.000000 0.000000 1.000000 0.000000
0.975888 0.218273 0.000000 135.451791 -0.218273 0.975888 0.000000 -11.109736 0.000000 0.000000 1.000000 0.000000
0.976110 0.217279 0.000000 135.984902 -0.217279 0.976110 0.000000 -11.245855 0.000000 0.000000 1.000000 0.000000
0.975568 0.219698 0.000000 136.458376 -0.219698 0.975568 0.000000 -11.356996 0.000000 0.000000 1.000000 0.000000
0.976292 0.216456 0.000000 136.945315 -0.216456 0.976292 0.000000 -11.475918 0.000000 0.000000 1.000000 0.000000
0.975761 0.218837 0.000000 137.509294 -0.218837 0.975761 0.000000 -11.592254 0.000000 0.000000 1.000000 0.000000
0.975052 0.221977 0.000000 138.125123 -0.221977 0.975052 0.000000 -11.739497 0.000000 0.000000 1.000000 0.000000
0.974835 0.222925 0.000000 138.674507 -0.222925 0.974835 0.000000 -11.887840 0.000000 0.000000 1.000000 0.000000
0.973051 0.230588 0.000000 139.133670 -0.230588 0.973051 0.000000 -12.008427 0.000000 0.000000 1.000000 0.000000
0.973264 0.229687 0.000000 139.673407 -0.229687 0.973264 0.000000 -12.154699 0.000000 0.000000 1.000000 0.000000
0.972166 0.234294 0.000000 140.165108 -0.234294 0.972166 0.000000 -12.316196 0.000000 0.000000 1.000000 0.000000
0.971847 0.235614 0.000000 140.648512 -0.235614 0.971847 0.000000 -12.479690 0.000000 0.000000 1.000000 0.000000
0.970589 0.240744 0.000000 144.406271 -0.240744 0.970589 0.000000 -13.529297 0.000000 0.000000 1.000000 0.000000
0.970380 0.241583 0.000000 144.886850 -0.241583 0.970380 0.000000 -13.686401 0.000000 0.000000 1.000000 0.000000
0.993844 0.110788 0.000000 146.817027 -0.110788 0.993844 0.000000 -13.623313 0.000000 0.000000 1.000000 0.000000
0.993088 0.117371 0.000000 147.965167 -0.117371 0.993088 0.000000 -13.811872 0.000000 0.000000 1.000000 0.000000
0.992735 0.120323 0.000000 148.507962 -0.120323 0.992735 0.000000 -13.895806 0.000000 0.000000 1.000000 0.000000
0.992499 0.122252 0.000000 149.036658 -0.122252 0.992499 0.000000 -13.992132 0.000000 0.000000 1.000000 0.000000
0.992425 0.122851 0.000000 149.541930 -0.122851 0.992425 0.000000 -14.060092 0.000000 0.000000 1.000000 0.000000
0.992611 0.121339 0.000000 150.077026 -0.121339 0.992611 0.000000 -14.161711 0.000000 0.000000 1.000000 0.000000
0.993036 0.117811 0.000000 150.663925 -0.117811 0.993036 0.000000 -14.242592 0.000000 0.000000 1.000000 0.000000
0.992616 0.121298 0.000000 151.256948 -0.121298 0.992616 0.000000 -14.346105 0.000000 0.000000 1.000000 0.000000
0.992491 0.122319 0.000000 151.852368 -0.122319 0.992491 0.000000 -14.452946 0.000000 0.000000 1.000000 0.000000
0.992808 0.119721 0.000000 152.440655 -0.119721 0.992808 0.000000 -14.557707 0.000000 0.000000 1.000000 0.000000
0.992737 0.120307 0.000000 153.359456 -0.120307 0.992737 0.000000 -14.731265 0.000000 0.000000 1.000000 0.000000
0.992339 0.123543 0.000000 153.971344 -0.123543 0.992339 0.000000 -14.839707 0.000000 0.000000 1.000000 0.000000
0.992640 0.121105 0.000000 154.537527 -0.121105 0.992640 0.000000 -14.993298 0.000000 0.000000 1.000000 0.000000
0.992444 0.122697 0.000000 155.113071 -0.122697 0.992444 0.000000 -15.094098 0.000000 0.000000 1.000000 0.000000
0.992184 0.124782 0.000000 155.758952 -0.124782 0.992184 0.000000 -15.194774 0.000000 0.000000 1.000000 0.000000
0.992195 0.124699 0.000000 156.328591 -0.124699 0.992195 0.000000 -15.244718 0.000000 0.000000 1.000000 0.000000
0.992330 0.123619 0.000000 156.935062 -0.123619 0.992330 0.000000 -15.348321 0.000000 0.000000 1.000000 0.000000
0.992581 0.121589 0.000000 157.494412 -0.121589 0.992581 0.000000 -15.432569 0.000000 0.000000 1.000000 0.000000
0.992828 0.119549 0.000000 158.090601 -0.119549 0.992828 0.000000 -15.488257 0.000000 0.000000 1.000000 0.000000
0.992834 0.119504 0.000000 158.660459 -0.119504 0.992834 0.000000 -15.530041 0.000000 0.000000 1.000000 0.000000
0.992740 0.120279 0.000000 159.203349 -0.120279 0.992740 0.000000 -15.586684 0.000000 0.000000 1.000000 0.000000
0.993081 0.117429 0.000000 159.785024 -0.117429 0.993081 0.000000 -15.656263 0.000000 0.000000 1.000000 0.000000
0.993158 0.116776 0.000000 160.363133 -0.116776 0.993158 0.000000 -15.726968 0.000000 0.000000 1.000000 0.000000
0.993174 0.116640 0.000000 160.938571 -0.116640 0.993174 0.000000 -15.801000 0.000000 0.000000 1.000000 0.000000
0.993380 0.114874 0.000000 161.525870 -0.114874 0.993380 0.000000 -15.879117 0.000000 0.000000 1.000000 0.000000
0.993040 0.117774 0.000000 162.130471 -0.117774 0.993040 0.000000 -15.939890 0.000000 0.000000 1.000000 0.000000
0.992869 0.119208 0.000000 163.299232 -0.119208 0.992869 0.000000 -16.101765 0.000000 0.000000 1.000000 0.000000
0.992855 0.119324 0.000000 163.878077 -0.119324 0.992855 0.000000 -16.181152 0.000000 0.000000 1.000000 0.000000
0.993330 0.115308 0.000000 164.418662 -0.115308 0.993330 0.000000 -16.270907 0.000000 0.000000 1.000000 0.000000
0.992856 0.119323 0.000000 165.017536 -0.119323 0.992856 0.000000 -16.339354 0.000000 0.000000 1.000000 0.000000
0.992802 0.119764 0.000000 165.545634 -0.119764 0.992802 0.000000 -16.394952 0.000000 0.000000 1.000000 0.000000
0.993114 0.117156 0.000000 166.658611 -0.117156 0.993114 0.000000 -16.544893 0.000000 0.000000 1.000000 0.000000
0.993330 0.115308 0.000000 167.238115 -0.115308 0.993330 0.000000 -16.606595 0.000000 0.000000 1.000000 0.000000
0.993382 0.114857 0.000000 167.768456 -0.114857 0.993382 0.000000 -16.677911 0.000000 0.000000 1.000000 0.000000
0.993324 0.115357 0.000000 168.340679 -0.115357 0.993324 0.000000 -16.729862 0.000000 0.000000 1.000000 0.000000
0.993524 0.113619 0.000000 168.901397 -0.113619 0.993524 0.000000 -16.808412 0.000000 0.000000 1.000000 0.000000
0.993351 0.115123 0.000000 169.399163 -0.115123 0.993351 0.000000 -16.861583 0.000000 0.000000 1.000000 0.000000
0.992913 0.118841 0.000000 170.168859 -0.118841 0.992913 0.000000 -16.948651 0.000000 0.000000 1.000000 0.000000
0.992900 0.118955 0.000000 170.742168 -0.118955 0.992900 0.000000 -16.992642 0.000000 0.000000 1.000000 0.000000
0.992910 0.118872 0.000000 171.324197 -0.118872 0.992910 0.000000 -17.067238 0.000000 0.000000 1.000000 0.000000
0.992505 0.122202 0.000000 171.945731 -0.122202 0.992505 0.000000 -17.111723 0.000000 0.000000 1.000000 0.000000
0.992828 0.119553 0.000000 172.514758 -0.119553 0.992828 0.000000 -17.188369 0.000000 0.000000 1.000000 0.000000
0.993260 0.115903 0.000000 173.136701 -0.115903 0.993260 0.000000 -17.285096 0.000000 0.000000 1.000000 0.000000
0.992941 0.118612 0.000000 173.728068 -0.118612 0.992941 0.000000 -17.339290 0.000000 0.000000 1.000000 0.000000
0.993251 0.115985 0.000000 174.312083 -0.115985 0.993251 0.000000 -17.432130 0.000000 0.000000 1.000000 0.000000
0.992642 0.121089 0.000000 174.901947 -0.121089 0.992642 0.000000 -17.489270 0.000000 0.000000 1.000000 0.000000
0.993219 0.116258 0.000000 175.471205 -0.116258 0.993219 0.000000 -17.586547 0.000000 0.000000 1.000000 0.000000
0.993365 0.115006 0.000000 176.071964 -0.115006 0.993365 0.000000 -17.683433 0.000000 0.000000 1.000000 0.000000
0.993300 0.115564 0.000000 176.624833 -0.115564 0.993300 0.000000 -17.756702 0.000000 0.000000 1.000000 0.000000
0.993611 0.112859 0.000000 177.205832 -0.112859 0.993611 0.000000 -17.819034 0.000000 0.000000 1.000000 0.000000
0.994076 0.108689 0.000000 177.807388 -0.108689 0.994076 0.000000 -17.911498 0.000000 0.000000 1.000000 0.000000
0.994211 0.107443 0.000000 178.352653 -0.107443 0.994211 0.000000 -18.007034 0.000000 0.000000 1.000000 0.000000
0.993878 0.110480 0.000000 178.947720 -0.110480 0.993878 0.000000 -18.092635 0.000000 0.000000 1.000000 0.000000
0.993929 0.110024 0.000000 179.536340 -0.110024 0.993929 0.000000 -18.186803 0.000000 0.000000 1.000000 0.000000
0.993568 0.113240 0.000000 180.072728 -0.113240 0.993568 0.000000 -18.274666 0.000000 0.000000 1.000000 0.000000
0.993508 0.113759 0.000000 180.680850 -0.113759 0.993508 0.000000 -18.370134 0.000000 0.000000 1.000000 0.000000
0.993637 0.112632 0.000000 181.232758 -0.112632 0.993637 0.000000 -18.459195 0.000000 0.000000 1.000000 0.000000
0.993712 0.111966 0.000000 181.812957 -0.111966 0.993712 0.000000 -18.561314 0.000000 0.000000 1.000000 0.000000
0.993647 0.112546 0.000000 182.427886 -0.112546 0.993647 0.000000 -18.640952 0.000000 0.000000 1.000000 0.000000
0.993427 0.114466 0.000000 183.031744 -0.114466 0.993427 0.000000 -18.723412 0.000000 0.000000 1.000000 0.000000
0.992760 0.120117 0.000000 183.584122 -0.120117 0.992760 0.000000 -18.824340 0.000000 0.000000 1.000000 0.000000
0.993024 0.117910 0.000000 184.140446 -0.117910 0.993024 0.000000 -18.898235 0.000000 0.000000 1.000000 0.000000
0.993346 0.115172 0.000000 184.718971 -0.115172 0.993346 0.000000 -18.961676 0.000000 0.000000 1.000000 0.000000
0.993598 0.112978 0.000000 185.301331 -0.112978 0.993598 0.000000 -19.021532 0.000000 0.000000 1.000000 0.000000
0.993582 0.113113 0.000000 185.905209 -0.113113 0.993582 0.000000 -19.111582 0.000000 0.000000 1.000000 0.000000
0.993459 0.114187 0.000000 186.507982 -0.114187 0.993459 0.000000 -19.183382 0.000000 0.000000 1.000000 0.000000
0.993716 0.111928 0.000000 187.104186 -0.111928 0.993716 0.000000 -19.273585 0.000000 0.000000 1.000000 0.000000
0.993899 0.110292 0.000000 187.663867 -0.110292 0.993899 0.000000 -19.356303 0.000000 0.000000 1.000000 0.000000
0.993670 0.112336 0.000000 188.236468 -0.112336 0.993670 0.000000 -19.416106 0.000000 0.000000 1.000000 0.000000
0.993620 0.112784 0.000000 188.789546 -0.112784 0.993620 0.000000 -19.475724 0.000000 0.000000 1.000000 0.000000
0.993712 0.111966 0.000000 189.340468 -0.111966 0.993712 0.000000 -19.565414 0.000000 0.000000 1.000000 0.000000
0.993370 0.114957 0.000000 189.974003 -0.114957 0.993370 0.000000 -19.659376 0.000000 0.000000 1.000000 0.000000
0.993441 0.114344 0.000000 190.580661 -0.114344 0.993441 0.000000 -19.745174 0.000000 0.000000 1.000000 0.000000
0.993835 0.110873 0.000000 191.168543 -0.110873 0.993835 0.000000 -19.820573 0.000000 0.000000 1.000000 0.000000
0.993522 0.113642 0.000000 191.721012 -0.113642 0.993522 0.000000 -19.902748 0.000000 0.000000 1.000000 0.000000
0.994040 0.109013 0.000000 192.271227 -0.109013 0.994040 0.000000 -19.977085 0.000000 0.000000 1.000000 0.000000
0.994023 0.109170 0.000000 192.822680 -0.109170 0.994023 0.000000 -20.049295 0.000000 0.000000 1.000000 0.000000
0.993717 0.111922 0.000000 193.414598 -0.111922 0.993717 0.000000 -20.127503 0.000000 0.000000 1.000000 0.000000
0.993749 0.111636 0.000000 193.939067 -0.111636 0.993749 0.000000 -20.191906 0.000000 0.000000 1.000000 0.000000
0.993688 0.112175 0.000000 194.492292 -0.112175 0.993688 0.000000 -20.264966 0.000000 0.000000 1.000000 0.000000
0.993666 0.112378 0.000000 195.050668 -0.112378 0.993666 0.000000 -20.318320 0.000000 0.000000 1.000000 0.000000
0.993504 0.113801 0.000000 195.860027 -0.113801 0.993504 0.000000 -20.455543 0.000000 0.000000 1.000000 0.000000
0.993389 0.114795 0.000000 196.405224 -0.114795 0.993389 0.000000 -20.528593 0.000000 0.000000 1.000000 0.000000
0.993282 0.115715 0.000000 196.971217 -0.115715 0.993282 0.000000 -20.588514 0.000000 0.000000 1.000000 0.000000
0.993571 0.113207 0.000000 197.532008 -0.113207 0.993571 0.000000 -20.663787 0.000000 0.000000 1.000000 0.000000
0.993618 0.112794 0.000000 198.079654 -0.112794 0.993618 0.000000 -20.715384 0.000000 0.000000 1.000000 0.000000
0.993921 0.110094 0.000000 198.656254 -0.110094 0.993921 0.000000 -20.756144 0.000000 0.000000 1.000000 0.000000
0.994323 0.106402 0.000000 199.285309 -0.106402 0.994323 0.000000 -20.821868 0.000000 0.000000 1.000000 0.000000
0.994231 0.107257 0.000000 199.866884 -0.107257 0.994231 0.000000 -20.886801 0.000000 0.000000 1.000000 0.000000
0.994194 0.107601 0.000000 200.360610 -0.107601 0.994194 0.000000 -20.939005 0.000000 0.000000 1.000000 0.000000
0.993999 0.109390 0.000000 201.359950 -0.109390 0.993999 0.000000 -21.065781 0.000000 0.000000 1.000000 0.000000
0.993983 0.109539 0.000000 201.918493 -0.109539 0.993983 0.000000 -21.108063 0.000000 0.000000 1.000000 0.000000
0.993965 0.109694 0.000000 202.640033 -0.109694 0.993965 0.000000 -21.171287 0.000000 0.000000 1.000000 0.000000
0.993906 0.110228 0.000000 203.348643 -0.110228 0.993906 0.000000 -21.246158 0.000000 0.000000 1.000000 0.000000
0.993744 0.111683 0.000000 204.337408 -0.111683 0.993744 0.000000 -21.355770 0.000000 0.000000 1.000000 0.000000
0.993931 0.110004 0.000000 204.893907 -0.110004 0.993931 0.000000 -21.403315 0.000000 0.000000 1.000000 0.000000
0.994131 0.108186 0.000000 205.488154 -0.108186 0.994131 0.000000 -21.466579 0.000000 0.000000 1.000000 0.000000
0.994121 0.108273 0.000000 206.079026 -0.108273 0.994121 0.000000 -21.530812 0.000000 0.000000 1.000000 0.000000
0.994070 0.108743 0.000000 206.604594 -0.108743 0.994070 0.000000 -21.600679 0.000000 0.000000 1.000000 0.000000
0.994418 0.105511 0.000000 207.165651 -0.105511 0.994418 0.000000 -21.678374 0.000000 0.000000 1.000000 0.000000
0.994183 0.107708 0.000000 207.704361 -0.107708 0.994183 0.000000 -21.731588 0.000000 0.000000 1.000000 0.000000
0.994118 0.108301 0.000000 208.518432 -0.108301 0.994118 0.000000 -21.843381 0.000000 0.000000 1.000000 0.000000
0.994251 0.107072 0.000000 209.084002 -0.107072 0.994251 0.000000 -21.896551 0.000000 0.000000 1.000000 0.000000
0.994252 0.107069 0.000000 209.638030 -0.107069 0.994252 0.000000 -21.953530 0.000000 0.000000 1.000000 0.000000
0.994172 0.107803 0.000000 210.250788 -0.107803 0.994172 0.000000 -22.033665 0.000000 0.000000 1.000000 0.000000
0.994499 0.104746 0.000000 210.872089 -0.104746 0.994499 0.000000 -22.094627 0.000000 0.000000 1.000000 0.000000
0.994427 0.105427 0.000000 211.400758 -0.105427 0.994427 0.000000 -22.139145 0.000000 0.000000 1.000000 0.000000
0.994326 0.106373 0.000000 212.011980 -0.106373 0.994326 0.000000 -22.207789 0.000000 0.000000 1.000000 0.000000
0.994469 0.105027 0.000000 212.548955 -0.105027 0.994469 0.000000 -22.258583 0.000000 0.000000 1.000000 0.000000
