0.999998 0.002163 0.000000 0.825493 -0.002163 0.999998 0.000000 -0.027869 0.000000 0.000000 1.000000 0.000000
1.000000 0.000897 0.000000 1.405119 -0.000897 1.000000 0.000000 -0.042726 0.000000 0.000000 1.000000 0.000000
0.999996 0.002811 0.000000 2.035780 -0.002811 0.999996 0.000000 -0.046282 0.000000 0.000000 1.000000 0.000000
1.000000 -0.000207 0.000000 2.966905 0.000207 1.000000 0.000000 -0.082088 0.000000 0.000000 1.000000 0.000000
0.999991 -0.004274 0.000000 3.590302 0.004274 0.999991 0.000000 -0.109330 0.000000 0.000000 1.000000 0.000000
0.999984 -0.005573 0.000000 4.218808 0.005573 0.999984 0.000000 -0.124229 0.000000 0.000000 1.000000 0.000000
0.999954 -0.009590 0.000000 4.845170 0.009590 0.999954 0.000000 -0.146595 0.000000 0.000000 1.000000 0.000000
0.999996 -0.002751 0.000000 6.101557 0.002751 0.999996 0.000000 -0.169661 0.000000 0.000000 1.000000 0.000000
0.999991 -0.004261 0.000000 6.732552 0.004261 0.999991 0.000000 -0.191747 0.000000 0.000000 1.000000 0.000000
0.999947 -0.010334 0.000000 7.358207 0.010334 0.999947 0.000000 -0.199765 0.000000 0.000000 1.000000 0.000000
0.999951 -0.009897 0.000000 7.983423 0.009897 0.999951 0.000000 -0.206608 0.000000 0.000000 1.000000 0.000000
0.999925 -0.012240 0.000000 8.649508 0.012240 0.999925 0.000000 -0.207994 0.000000 0.000000 1.000000 0.000000
0.999931 -0.011749 0.000000 9.277439 0.011749 0.999931 0.000000 -0.231671 0.000000 0.000000 1.000000 0.000000
0.999931 -0.011758 0.000000 9.897339 0.011758 0.999931 0.000000 -0.245589 0.000000 0.000000 1.000000 0.000000
0.999930 -0.011862 0.000000 10.519246 0.011862 0.999930 0.000000 -0.256414 0.000000 0.000000 1.000000 0.000000
0.999897 -0.014331 0.000000 11.135995 0.014331 0.999897 0.000000 -0.267631 0.000000 0.000000 1.000000 0.000000
0.999864 -0.016471 0.000000 11.752347 0.016471 0.999864 0.000000 -0.269372 0.000000 0.000000 1.000000 0.000000
0.999876 -0.015721 0.000000 12.378672 0.015721 0.999876 0.000000 -0.269508 0.000000 0.000000 1.000000 0.000000
0.999854 -0.017109 0.000000 12.992626 0.017109 0.999854 0.000000 -0.276705 0.000000 0.000000 1.000000 0.000000
0.999872 -0.016020 0.000000 13.649072 0.016020 0.999872 0.000000 -0.291608 0.000000 0.000000 1.000000 0.000000
0.999853 -0.017163 0.000000 14.234945 0.017163 0.999853 0.000000 -0.299809 0.000000 0.000000 1.000000 0.000000
0.999847 -0.017517 0.000000 14.857218 0.017517 0.999847 0.000000 -0.300791 0.000000 0.000000 1.000000 0.000000
0.999857 -0.016918 0.000000 15.474728 0.016918 0.999857 0.000000 -0.306985 0.000000 0.000000 1.000000 0.000000
0.999762 -0.021830 0.000000 16.132032 0.021830 0.999762 0.000000 -0.316484 0.000000 0.000000 1.000000 0.000000
0.999730 -0.023230 0.000000 16.755951 0.023230 0.999730 0.000000 -0.311764 0.000000 0.000000 1.000000 0.000000
0.999531 -0.030620 0.000000 17.383053 0.030620 0.999531 0.000000 -0.316750 0.000000 0.000000 1.000000 0.000000
0.999521 -0.030954 0.000000 18.005147 0.030954 0.999521 0.000000 -0.313948 0.000000 0.000000 1.000000 0.000000
0.999616 -0.027711 0.000000 18.624628 0.027711 0.999616 0.000000 -0.317311 0.000000 0.000000 1.000000 0.000000
0.999546 -0.030123 0.000000 19.242907 0.030123 0.999546 0.000000 -0.319504 0.000000 0.000000 1.000000 0.000000
0.999561 -0.029622 0.000000 19.846364 0.029622 0.999561 0.000000 -0.322523 0.000000 0.000000 1.000000 0.000000
0.999533 -0.030570 0.000000 20.469291 0.030570 0.999533 0.000000 -0.319298 0.000000 0.000000 1.000000 0.000000
0.999531 -0.030624 0.000000 21.088348 0.030624 0.999531 0.000000 -0.309727 0.000000 0.000000 1.000000 0.000000
0.999563 -0.029558 0.000000 21.661751 0.029558 0.999563 0.000000 -0.308849 0.000000 0.000000 1.000000 0.000000
0.999483 -0.032160 0.000000 22.289663 0.032160 0.999483 0.000000 -0.311499 0.000000 0.000000 1.000000 0.000000
0.999404 -0.034526 0.000000 22.889137 0.034526 0.999404 0.000000 -0.310825 0.000000 0.000000 1.000000 0.000000
0.999328 -0.036659 0.000000 23.489352 0.036659 0.999328 0.000000 -0.311019 0.000000 0.000000 1.000000 0.000000
0.999298 -0.037471 0.000000 24.109109 0.037471 0.999298 0.000000 -0.303154 0.000000 0.000000 1.000000 0.000000
0.999315 -0.037001 0.000000 24.732000 0.037001 0.999315 0.000000 -0.305524 0.000000 0.000000 1.000000 0.000000
0.999338 -0.036387 0.000000 25.350503 0.036387 0.999338 0.000000 -0.299336 0.000000 0.000000 1.000000 0.000000
0.999408 -0.034416 0.000000 25.935901 0.034416 0.999408 0.000000 -0.293920 0.000000 0.000000 1.000000 0.000000
0.999556 -0.029805 0.000000 26.557540 0.029805 0.999556 0.000000 -0.291456 0.000000 0.000000 1.000000 0.000000
0.999620 -0.027584 0.000000 27.149768 0.027584 0.999620 0.000000 -0.279629 0.000000 0.000000 1.000000 0.000000
0.999656 -0.026235 0.000000 27.769405 0.026235 0.999656 0.000000 -0.272215 0.000000 0.000000 1.000000 0.000000
0.999627 -0.027316 0.000000 28.403728 0.027316 0.999627 0.000000 -0.268195 0.000000 0.000000 1.000000 0.000000
0.999609 -0.027960 0.000000 29.224692 0.027960 0.999609 0.000000 -0.263452 0.000000 0.000000 1.000000 0.000000
0.999675 -0.025512 0.000000 29.852729 0.025512 0.999675 0.000000 -0.250321 0.000000 0.000000 1.000000 0.000000
0.999717 -0.023774 0.000000 30.491414 0.023774 0.999717 0.000000 -0.254956 0.000000 0.000000 1.000000 0.000000
0.999759 -0.021972 0.000000 31.115822 0.021972 0.999759 0.000000 -0.246860 0.000000 0.000000 1.000000 0.000000
0.999810 -0.019480 0.000000 31.747043 0.019480 0.999810 0.000000 -0.241101 0.000000 0.000000 1.000000 0.000000
0.999793 -0.020333 0.000000 32.383514 0.020333 0.999793 0.000000 -0.241749 0.000000 0.000000 1.000000 0.000000
0.999869 -0.016206 0.000000 33.011252 0.016206 0.999869 0.000000 -0.240801 0.000000 0.000000 1.000000 0.000000
0.999902 -0.014029 0.000000 33.655829 0.014029 0.999902 0.000000 -0.245697 0.000000 0.000000 1.000000 0.000000
0.999953 -0.009685 0.000000 34.291987 0.009685 0.999953 0.000000 -0.248059 0.000000 0.000000 1.000000 0.000000
0.999946 -0.010428 0.000000 34.917542 0.010428 0.999946 0.000000 -0.268463 0.000000 0.000000 1.000000 0.000000
0.999981 -0.006116 0.000000 35.543357 0.006116 0.999981 0.000000 -0.273611 0.000000 0.000000 1.000000 0.000000
0.999974 -0.007270 0.000000 36.174615 0.007270 0.999974 0.000000 -0.282898 0.000000 0.000000 1.000000 0.000000
0.999986 -0.005367 0.000000 36.810574 0.005367 0.999986 0.000000 -0.284807 0.000000 0.000000 1.000000 0.000000
0.999993 -0.003610 0.000000 37.443272 0.003610 0.999993 0.000000 -0.289672 0.000000 0.000000 1.000000 0.000000
0.999991 -0.004207 0.000000 38.038677 0.004207 0.999991 0.000000 -0.302379 0.000000 0.000000 1.000000 0.000000
0.999998 -0.002200 0.000000 38.685613 0.002200 0.999998 0.000000 -0.321324 0.000000 0.000000 1.000000 0.000000
0.999998 0.002010 0.000000 39.303117 -0.002010 0.999998 0.000000 -0.335381 0.000000 0.000000 1.000000 0.000000
0.999997 0.002245 0.000000 39.940562 -0.002245 0.999997 0.000000 -0.349901 0.000000 0.000000 1.000000 0.000000
0.999998 0.001921 0.000000 40.578586 -0.001921 0.999998 0.000000 -0.373451 0.000000 0.000000 1.000000 0.000000
0.999996 0.002834 0.000000 41.203375 -0.002834 0.999996 0.000000 -0.387961 0.000000 0.000000 1.000000 0.000000
0.999993 0.003622 0.000000 41.849108 -0.003622 0.999993 0.000000 -0.398001 0.000000 0.000000 1.000000 0.000000
0.999995 0.003296 0.000000 42.495543 -0.003296 0.999995 0.000000 -0.410489 0.000000 0.000000 1.000000 0.000000
0.999991 0.004135 0.000000 43.141208 -0.004135 0.999991 0.000000 -0.421101 0.000000 0.000000 1.000000 0.000000
0.999976 0.006897 0.000000 43.785107 -0.006897 0.999976 0.000000 -0.441588 0.000000 0.000000 1.000000 0.000000
0.999970 0.007697 0.000000 44.435717 -0.007697 0.999970 0.000000 -0.458877 0.000000 0.000000 1.000000 0.000000
0.999978 0.006603 0.000000 45.046508 -0.006603 0.999978 0.000000 -0.480051 0.000000 0.000000 1.000000 0.000000
0.999968 0.007960 0.000000 45.691222 -0.007960 0.999968 0.000000 -0.487479 0.000000 0.000000 1.000000 0.000000
0.999989 0.004686 0.000000 46.331399 -0.004686 0.999989 0.000000 -0.506680 0.000000 0.000000 1.000000 0.000000
0.999969 0.007906 0.000000 46.992698 -0.007906 0.999969 0.000000 -0.529295 0.000000 0.000000 1.000000 0.000000
0.999989 0.004651 0.000000 47.642394 -0.004651 0.999989 0.000000 -0.560959 0.000000 0.000000 1.000000 0.000000
0.999997 0.002629 0.000000 48.286045 -0.002629 0.999997 0.000000 -0.584177 0.000000 0.000000 1.000000 0.000000
0.999995 0.003070 0.000000 48.907777 -0.003070 0.999995 0.000000 -0.593644 0.000000 0.000000 1.000000 0.000000
0.999990 0.004377 0.000000 49.562434 -0.004377 0.999990 0.000000 -0.608964 0.000000 0.000000 1.000000 0.000000
0.999972 0.007466 0.000000 50.225731 -0.007466 0.999972 0.000000 -0.615434 0.000000 0.000000 1.000000 0.000000
0.999960 0.008927 0.000000 50.884921 -0.008927 0.999960 0.000000 -0.633876 0.000000 0.000000 1.000000 0.000000
0.999948 0.010238 0.000000 51.544081 -0.010238 0.999948 0.000000 -0.651270 0.000000 0.000000 1.000000 0.000000
0.999986 0.005313 0.000000 52.213816 -0.005313 0.999986 0.000000 -0.668149 0.000000 0.000000 1.000000 0.000000
0.999961 0.008833 0.000000 53.238636 -0.008833 0.999961 0.000000 -0.706020 0.000000 0.000000 1.000000 0.000000
0.999970 0.007707 0.000000 53.926728 -0.007707 0.999970 0.000000 -0.728751 0.000000 0.000000 1.000000 0.000000
0.999976 0.006882 0.000000 54.555041 -0.006882 0.999976 0.000000 -0.747716 0.000000 0.000000 1.000000 0.000000
0.999976 0.006867 0.000000 55.206031 -0.006867 0.999976 0.000000 -0.774159 0.000000 0.000000 1.000000 0.000000
0.999973 0.007377 0.000000 55.866974 -0.007377 0.999973 0.000000 -0.794806 0.000000 0.000000 1.000000 0.000000
0.999966 0.008203 0.000000 56.527897 -0.008203 0.999966 0.000000 -0.811818 0.000000 0.000000 1.000000 0.000000
0.999983 0.005784 0.000000 57.185784 -0.005784 0.999983 0.000000 -0.829320 0.000000 0.000000 1.000000 0.000000
0.999982 0.005947 0.000000 57.833295 -0.005947 0.999982 0.000000 -0.855453 0.000000 0.000000 1.000000 0.000000
0.999990 0.004438 0.000000 59.178135 -0.004438 0.999990 0.000000 -0.888626 0.000000 0.000000 1.000000 0.000000
0.999995 0.003272 0.000000 59.824309 -0.003272 0.999995 0.000000 -0.904119 0.000000 0.000000 1.000000 0.000000
1.000000 -0.000639 0.000000 60.455177 0.000639 1.000000 0.000000 -0.912276 0.000000 0.000000 1.000000 0.000000
0.999999 -0.001334 0.000000 61.101205 0.001334 0.999999 0.000000 -0.932944 0.000000 0.000000 1.000000 0.000000
1.000000 -0.000155 0.000000 61.744337 0.000155 1.000000 0.000000 -0.961446 0.000000 0.000000 1.000000 0.000000
0.999999 0.001222 0.000000 62.421648 -0.001222 0.999999 0.000000 -0.987200 0.000000 0.000000 1.000000 0.000000
1.000000 -0.000271 0.000000 63.057054 0.000271 1.000000 0.000000 -1.014351 0.000000 0.000000 1.000000 0.000000
1.000000 0.000910 0.000000 63.661746 -0.000910 1.000000 0.000000 -1.023047 0.000000 0.000000 1.000000 0.000000
0.999998 0.001962 0.000000 64.293976 -0.001962 0.999998 0.000000 -1.032954 0.000000 0.000000 1.000000 0.000000
0.999997 0.002425 0.000000 64.879261 -0.002425 0.999997 0.000000 -1.048169 0.000000 0.000000 1.000000 0.000000
0.999993 0.003630 0.000000 65.512215 -0.003630 0.999993 0.000000 -1.081343 0.000000 0.000000 1.000000 0.000000
0.999993 0.003676 0.000000 66.145870 -0.003676 0.999993 0.000000 -1.107638 0.000000 0.000000 1.000000 0.000000
0.999995 0.003117 0.000000 66.725715 -0.003117 0.999995 0.000000 -1.129139 0.000000 0.000000 1.000000 0.000000
0.999995 0.003026 0.000000 67.346552 -0.003026 0.999995 0.000000 -1.147922 0.000000 0.000000 1.000000 0.000000
0.999999 0.001511 0.000000 67.969589 -0.001511 0.999999 0.000000 -1.176890 0.000000 0.000000 1.000000 0.000000
0.999998 0.002049 0.000000 68.549294 -0.002049 0.999998 0.000000 -1.194573 0.000000 0.000000 1.000000 0.000000
0.999999 0.001057 0.000000 69.171125 -0.001057 0.999999 0.000000 -1.227772 0.000000 0.000000 1.000000 0.000000
0.999999 0.001716 0.000000 69.738442 -0.001716 0.999999 0.000000 -1.244054 0.000000 0.000000 1.000000 0.000000
0.999984 0.005724 0.000000 70.353592 -0.005724 0.999984 0.000000 -1.259870 0.000000 0.000000 1.000000 0.000000
0.999980 0.006371 0.000000 70.968685 -0.006371 0.999980 0.000000 -1.280117 0.000000 0.000000 1.000000 0.000000
0.999973 0.007322 0.000000 71.810929 -0.007322 0.999973 0.000000 -1.314770 0.000000 0.000000 1.000000 0.000000
0.999968 0.008003 0.000000 72.419677 -0.008003 0.999968 0.000000 -1.335180 0.000000 0.000000 1.000000 0.000000
0.999951 0.009901 0.000000 73.025761 -0.009901 0.999951 0.000000 -1.359352 0.000000 0.000000 1.000000 0.000000
0.999982 0.005928 0.000000 73.629444 -0.005928 0.999982 0.000000 -1.382136 0.000000 0.000000 1.000000 0.000000
0.999977 0.006818 0.000000 74.229409 -0.006818 0.999977 0.000000 -1.403488 0.000000 0.000000 1.000000 0.000000
0.999995 0.003313 0.000000 74.822969 -0.003313 0.999995 0.000000 -1.416716 0.000000 0.000000 1.000000 0.000000
0.999997 0.002287 0.000000 75.454649 -0.002287 0.999997 0.000000 -1.425758 0.000000 0.000000 1.000000 0.000000
0.999996 0.002822 0.000000 76.055987 -0.002822 0.999996 0.000000 -1.445103 0.000000 0.000000 1.000000 0.000000
0.999998 0.002013 0.000000 76.645449 -0.002013 0.999998 0.000000 -1.466337 0.000000 0.000000 1.000000 0.000000
0.999983 0.005833 0.000000 77.828335 -0.005833 0.999983 0.000000 -1.517290 0.000000 0.000000 1.000000 0.000000
0.999990 0.004420 0.000000 78.417075 -0.004420 0.999990 0.000000 -1.538830 0.000000 0.000000 1.000000 0.000000
0.999981 0.006097 0.000000 79.001479 -0.006097 0.999981 0.000000 -1.556689 0.000000 0.000000 1.000000 0.000000
0.999968 0.008026 0.000000 79.580734 -0.008026 0.999968 0.000000 -1.582572 0.000000 0.000000 1.000000 0.000000
0.999971 0.007615 0.000000 80.163140 -0.007615 0.999971 0.000000 -1.606671 0.000000 0.000000 1.000000 0.000000
0.999949 0.010096 0.000000 80.739561 -0.010096 0.999949 0.000000 -1.630737 0.000000 0.000000 1.000000 0.000000
0.999958 0.009171 0.000000 81.310557 -0.009171 0.999958 0.000000 -1.655572 0.000000 0.000000 1.000000 0.000000
0.999975 0.007001 0.000000 81.874563 -0.007001 0.999975 0.000000 -1.666600 0.000000 0.000000 1.000000 0.000000
0.999979 0.006542 0.000000 82.430058 -0.006542 0.999979 0.000000 -1.679902 0.000000 0.000000 1.000000 0.000000
0.999972 0.007418 0.000000 82.990821 -0.007418 0.999972 0.000000 -1.699122 0.000000 0.000000 1.000000 0.000000
0.999971 0.007583 0.000000 83.547543 -0.007583 0.999971 0.000000 -1.719168 0.000000 0.000000 1.000000 0.000000
0.999971 0.007551 0.000000 84.107221 -0.007551 0.999971 0.000000 -1.745341 0.000000 0.000000 1.000000 0.000000
0.999969 0.007879 0.000000 84.658824 -0.007879 0.999969 0.000000 -1.774502 0.000000 0.000000 1.000000 0.000000
0.999951 0.009895 0.000000 85.175655 -0.009895 0.999951 0.000000 -1.795060 0.000000 0.000000 1.000000 0.000000
0.999932 0.011675 0.000000 85.713347 -0.011675 0.999932 0.000000 -1.819928 0.000000 0.000000 1.000000 0.000000
0.999895 0.014510 0.000000 86.235473 -0.014510 0.999895 0.000000 -1.847824 0.000000 0.000000 1.000000 0.000000
0.999852 0.017186 0.000000 86.741647 -0.017186 0.999852 0.000000 -1.855536 0.000000 0.000000 1.000000 0.000000
0.999863 0.016549 0.000000 87.278487 -0.016549 0.999863 0.000000 -1.883066 0.000000 0.000000 1.000000 0.000000
0.999869 0.016155 0.000000 87.805990 -0.016155 0.999869 0.000000 -1.908339 0.000000 0.000000 1.000000 0.000000
0.999869 0.016193 0.000000 88.300127 -0.016193 0.999869 0.000000 -1.934386 0.000000 0.000000 1.000000 0.000000
0.999854 0.017066 0.000000 88.834659 -0.017066 0.999854 0.000000 -1.963291 0.000000 0.000000 1.000000 0.000000
0.999811 0.019426 0.000000 89.345405 -0.019426 0.999811 0.000000 -1.987473 0.000000 0.000000 1.000000 0.000000
0.999830 0.018455 0.000000 89.834139 -0.018455 0.999830 0.000000 -2.003601 0.000000 0.000000 1.000000 0.000000
0.999816 0.019190 0.000000 90.358469 -0.019190 0.999816 0.000000 -2.030970 0.000000 0.000000 1.000000 0.000000
0.999792 0.020374 0.000000 90.870039 -0.020374 0.999792 0.000000 -2.044973 0.000000 0.000000 1.000000 0.000000
0.999754 0.022163 0.000000 91.353509 -0.022163 0.999754 0.000000 -2.069716 0.000000 0.000000 1.000000 0.000000
0.999743 0.022673 0.000000 91.872937 -0.022673 0.999743 0.000000 -2.098536 0.000000 0.000000 1.000000 0.000000
0.999744 0.022607 0.000000 92.348989 -0.022607 0.999744 0.000000 -2.129760 0.000000 0.000000 1.000000 0.000000
0.999696 0.024669 0.000000 92.854701 -0.024669 0.999696 0.000000 -2.158907 0.000000 0.000000 1.000000 0.000000
0.999695 0.024714 0.000000 93.511932 -0.024714 0.999695 0.000000 -2.201264 0.000000 0.000000 1.000000 0.000000
0.999708 0.024149 0.000000 94.014967 -0.024149 0.999708 0.000000 -2.229092 0.000000 0.000000 1.000000 0.000000
0.999707 0.024198 0.000000 94.522565 -0.024198 0.999707 0.000000 -2.261972 0.000000 0.000000 1.000000 0.000000
0.999689 0.024925 0.000000 95.032086 -0.024925 0.999689 0.000000 -2.289539 0.000000 0.000000 1.000000 0.000000
0.999711 0.024052 0.000000 95.522360 -0.024052 0.999711 0.000000 -2.314380 0.000000 0.000000 1.000000 0.000000
0.999756 0.022111 0.000000 96.014846 -0.022111 0.999756 0.000000 -2.343278 0.000000 0.000000 1.000000 0.000000
0.999768 0.021535 0.000000 96.491270 -0.021535 0.999768 0.000000 -2.370213 0.000000 0.000000 1.000000 0.000000
0.999648 0.026515 0.000000 97.443393 -0.026515 0.999648 0.000000 -2.426104 0.000000 0.000000 1.000000 0.000000
0.999568 0.029406 0.000000 97.911626 -0.029406 0.999568 0.000000 -2.462216 0.000000 0.000000 1.000000 0.000000
0.999516 0.031106 0.000000 98.390310 -0.031106 0.999516 0.000000 -2.499287 0.000000 0.000000 1.000000 0.000000
0.999408 0.034400 0.000000 98.863149 -0.034400 0.999408 0.000000 -2.539718 0.000000 0.000000 1.000000 0.000000
0.999384 0.035088 0.000000 99.349035 -0.035088 0.999384 0.000000 -2.573884 0.000000 0.000000 1.000000 0.000000
0.999299 0.037436 0.000000 99.829620 -0.037436 0.999299 0.000000 -2.607480 0.000000 0.000000 1.000000 0.000000
0.999265 0.038321 0.000000 100.298616 -0.038321 0.999265 0.000000 -2.651182 0.000000 0.000000 1.000000 0.000000
0.999152 0.041184 0.000000 100.765854 -0.041184 0.999152 0.000000 -2.695350 0.000000 0.000000 1.000000 0.000000
0.998910 0.046686 0.000000 101.226491 -0.046686 0.998910 0.000000 -2.729929 0.000000 0.000000 1.000000 0.000000
0.998784 0.049298 0.000000 101.681512 -0.049298 0.998784 0.000000 -2.767498 0.000000 0.000000 1.000000 0.000000
0.998673 0.051508 0.000000 102.109801 -0.051508 0.998673 0.000000 -2.806650 0.000000 0.000000 1.000000 0.000000
0.998590 0.053085 0.000000 102.554554 -0.053085 0.998590 0.000000 -2.846817 0.000000 0.000000 1.000000 0.000000
0.998546 0.053914 0.000000 102.997481 -0.053914 0.998546 0.000000 -2.881014 0.000000 0.000000 1.000000 0.000000
0.998549 0.053847 0.000000 103.439684 -0.053847 0.998549 0.000000 -2.927431 0.000000 0.000000 1.000000 0.000000
0.998382 0.056860 0.000000 103.869081 -0.056860 0.998382 0.000000 -2.975091 0.000000 0.000000 1.000000 0.000000
0.998303 0.058240 0.000000 104.299206 -0.058240 0.998303 0.000000 -3.015124 0.000000 0.000000 1.000000 0.000000
0.997880 0.065088 0.000000 104.715581 -0.065088 0.997880 0.000000 -3.053793 0.000000 0.000000 1.000000 0.000000
0.997557 0.069852 0.000000 105.136418 -0.069852 0.997557 0.000000 -3.087553 0.000000 0.000000 1.000000 0.000000
0.997577 0.069568 0.000000 105.553727 -0.069568 0.997577 0.000000 -3.133793 0.000000 0.000000 1.000000 0.000000
0.997752 0.067020 0.000000 105.963686 -0.067020 0.997752 0.000000 -3.183623 0.000000 0.000000 1.000000 0.000000
0.997613 0.069053 0.000000 106.360172 -0.069053 0.997613 0.000000 -3.225731 0.000000 0.000000 1.000000 0.000000
0.997709 0.067646 0.000000 106.758386 -0.067646 0.997709 0.000000 -3.291787 0.000000 0.000000 1.000000 0.000000
0.997292 0.073539 0.000000 107.137623 -0.073539 0.997292 0.000000 -3.333258 0.000000 0.000000 1.000000 0.000000
0.996902 0.078653 0.000000 107.539285 -0.078653 0.996902 0.000000 -3.372779 0.000000 0.000000 1.000000 0.000000
0.997049 0.076770 0.000000 107.934648 -0.076770 0.997049 0.000000 -3.425770 0.000000 0.000000 1.000000 0.000000
0.996834 0.079512 0.000000 108.309526 -0.079512 0.996834 0.000000 -3.462896 0.000000 0.000000 1.000000 0.000000
0.996601 0.082380 0.000000 108.726389 -0.082380 0.996601 0.000000 -3.507000 0.000000 0.000000 1.000000 0.000000
0.996225 0.086812 0.000000 109.130707 -0.086812 0.996225 0.000000 -3.549097 0.000000 0.000000 1.000000 0.000000
0.995815 0.091396 0.000000 109.695093 -0.091396 0.995815 0.000000 -3.612630 0.000000 0.000000 1.000000 0.000000
0.995630 0.093390 0.000000 110.108866 -0.093390 0.995630 0.000000 -3.665543 0.000000 0.000000 1.000000 0.000000
0.995467 0.095105 0.000000 110.521623 -0.095105 0.995467 0.000000 -3.720942 0.000000 0.000000 1.000000 0.000000
0.995264 0.097210 0.000000 110.937056 -0.097210 0.995264 0.000000 -3.773204 0.000000 0.000000 1.000000 0.000000
0.995040 0.099476 0.000000 111.347884 -0.099476 0.995040 0.000000 -3.837563 0.000000 0.000000 1.000000 0.000000
0.994911 0.100758 0.000000 111.776521 -0.100758 0.994911 0.000000 -3.891644 0.000000 0.000000 1.000000 0.000000
0.994954 0.100334 0.000000 112.199673 -0.100334 0.994954 0.000000 -3.951205 0.000000 0.000000 1.000000 0.000000
0.994661 0.103195 0.000000 112.631690 -0.103195 0.994661 0.000000 -4.004858 0.000000 0.000000 1.000000 0.000000
0.993664 0.112390 0.000000 113.369545 -0.112390 0.993664 0.000000 -4.099830 0.000000 0.000000 1.000000 0.000000
0.993729 0.111819 0.000000 113.799292 -0.111819 0.993729 0.000000 -4.163879 0.000000 0.000000 1.000000 0.000000
0.993839 0.110833 0.000000 114.241362 -0.110833 0.993839 0.000000 -4.224293 0.000000 0.000000 1.000000 0.000000
0.993763 0.111510 0.000000 114.673963 -0.111510 0.993763 0.000000 -4.281311 0.000000 0.000000 1.000000 0.000000
0.993883 0.110441 0.000000 115.115711 -0.110441 0.993883 0.000000 -4.343343 0.000000 0.000000 1.000000 0.000000
0.993450 0.114271 0.000000 115.553194 -0.114271 0.993450 0.000000 -4.382502 0.000000 0.000000 1.000000 0.000000
0.993404 0.114669 0.000000 115.996815 -0.114669 0.993404 0.000000 -4.436044 0.000000 0.000000 1.000000 0.000000
0.993465 0.114139 0.000000 116.446733 -0.114139 0.993465 0.000000 -4.500414 0.000000 0.000000 1.000000 0.000000
0.993449 0.114275 0.000000 116.888732 -0.114275 0.993449 0.000000 -4.558226 0.000000 0.000000 1.000000 0.000000
0.993419 0.114539 0.000000 117.334604 -0.114539 0.993419 0.000000 -4.624496 0.000000 0.000000 1.000000 0.000000
0.992921 0.118775 0.000000 117.777402 -0.118775 0.992921 0.000000 -4.691042 0.000000 0.000000 1.000000 0.000000
0.992882 0.119099 0.000000 118.602725 -0.119099 0.992882 0.000000 -4.815359 0.000000 0.000000 1.000000 0.000000
0.992930 0.118703 0.000000 119.054471 -0.118703 0.992930 0.000000 -4.882206 0.000000 0.000000 1.000000 0.000000
0.992561 0.121750 0.000000 119.510497 -0.121750 0.992561 0.000000 -4.941440 0.000000 0.000000 1.000000 0.000000
0.992540 0.121919 0.000000 119.971527 -0.121919 0.992540 0.000000 -5.025348 0.000000 0.000000 1.000000 0.000000
0.992243 0.124315 0.000000 120.447567 -0.124315 0.992243 0.000000 -5.101778 0.000000 0.000000 1.000000 0.000000
0.992107 0.125394 0.000000 120.909821 -0.125394 0.992107 0.000000 -5.184307 0.000000 0.000000 1.000000 0.000000
0.991994 0.126283 0.000000 121.377606 -0.126283 0.991994 0.000000 -5.262235 0.000000 0.000000 1.000000 0.000000
0.991432 0.130626 0.000000 121.852636 -0.130626 0.991432 0.000000 -5.339706 0.000000 0.000000 1.000000 0.000000
0.990764 0.135597 0.000000 122.358299 -0.135597 0.990764 0.000000 -5.426767 0.000000 0.000000 1.000000 0.000000
0.990236 0.139398 0.000000 122.805598 -0.139398 0.990236 0.000000 -5.495592 0.000000 0.000000 1.000000 0.000000
0.990264 0.139202 0.000000 123.317691 -0.139202 0.990264 0.000000 -5.588836 0.000000 0.000000 1.000000 0.000000
0.989999 0.141074 0.000000 123.802643 -0.141074 0.989999 0.000000 -5.668486 0.000000 0.000000 1.000000 0.000000
0.989927 0.141582 0.000000 124.278597 -0.141582 0.989927 0.000000 -5.740980 0.000000 0.000000 1.000000 0.000000
0.990392 0.138289 0.000000 124.754894 -0.138289 0.990392 0.000000 -5.839818 0.000000 0.000000 1.000000 0.000000
0.990025 0.140894 0.000000 125.225953 -0.140894 0.990025 0.000000 -5.923029 0.000000 0.000000 1.000000 0.000000
0.989779 0.142607 0.000000 125.701194 -0.142607 0.989779 0.000000 -6.005986 0.000000 0.000000 1.000000 0.000000
0.989111 0.147169 0.000000 126.177070 -0.147169 0.989111 0.000000 -6.087057 0.000000 0.000000 1.000000 0.000000
0.987992 0.154506 0.000000 126.657034 -0.154506 0.987992 0.000000 -6.167014 0.000000 0.000000 1.000000 0.000000
0.987474 0.157779 0.000000 127.104524 -0.157779 0.987474 0.000000 -6.250057 0.000000 0.000000 1.000000 0.000000
0.987260 0.159113 0.000000 127.589026 -0.159113 0.987260 0.000000 -6.330868 0.000000 0.000000 1.000000 0.000000
0.986650 0.162853 0.000000 128.066242 -0.162853 0.986650 0.000000 -6.427742 0.000000 0.000000 1.000000 0.000000
0.986447 0.164080 0.000000 128.852808 -0.164080 0.986447 0.000000 -6.578155 0.000000 0.000000 1.000000 0.000000
0.986324 0.164819 0.000000 129.338822 -0.164819 0.986324 0.000000 -6.679463 0.000000 0.000000 1.000000 0.000000
0.988094 0.153851 0.000000 130.312139 -0.153851 0.988094 0.000000 -6.876525 0.000000 0.000000 1.000000 0.000000
0.988819 0.149118 0.000000 130.800634 -0.149118 0.988819 0.000000 -6.974949 0.000000 0.000000 1.000000 0.000000
0.989402 0.145205 0.000000 131.302898 -0.145205 0.989402 0.000000 -7.073383 0.000000 0.000000 1.000000 0.000000
0.989484 0.144645 0.000000 131.794760 -0.144645 0.989484 0.000000 -7.165618 0.000000 0.000000 1.000000 0.000000
0.989714 0.143058 0.000000 132.301546 -0.143058 0.989714 0.000000 -7.264133 0.000000 0.000000 1.000000 0.000000
0.989021 0.147775 0.000000 132.793165 -0.147775 0.989021 0.000000 -7.339244 0.000000 0.000000 1.000000 0.000000
0.990015 0.140959 0.000000 133.330734 -0.140959 0.990015 0.000000 -7.441394 0.000000 0.000000 1.000000 0.000000
0.989612 0.143766 0.000000 133.828540 -0.143766 0.989612 0.000000 -7.525161 0.000000 0.000000 1.000000 0.000000
0.989366 0.145447 0.000000 134.342027 -0.145447 0.989366 0.000000 -7.607998 0.000000 0.000000 1.000000 0.000000
0.989239 0.146310 0.000000 134.854957 -0.146310 0.989239 0.000000 -7.698773 0.000000 0.000000 1.000000 0.000000
0.989255 0.146198 0.000000 135.336256 -0.146198 0.989255 0.000000 -7.780933 0.000000 0.000000 1.000000 0.000000
0.989275 0.146063 0.000000 135.850112 -0.146063 0.989275 0.000000 -7.869191 0.000000 0.000000 1.000000 0.000000
0.989372 0.145406 0.000000 136.379763 -0.145406 0.989372 0.000000 -7.964082 0.000000 0.000000 1.000000 0.000000
0.989063 0.147496 0.000000 136.869355 -0.147496 0.989063 0.000000 -8.051672 0.000000 0.000000 1.000000 0.000000
0.989613 0.143755 0.000000 137.393135 -0.143755 0.989613 0.000000 -8.143505 0.000000 0.000000 1.000000 0.000000
0.989286 0.145994 0.000000 137.929760 -0.145994 0.989286 0.000000 -8.241465 0.000000 0.000000 1.000000 0.000000
0.988681 0.150034 0.000000 138.566364 -0.150034 0.988681 0.000000 -8.346996 0.000000 0.000000 1.000000 0.000000
0.988496 0.151245 0.000000 139.133536 -0.151245 0.988496 0.000000 -8.449637 0.000000 0.000000 1.000000 0.000000
0.987082 0.160213 0.000000 139.638060 -0.160213 0.987082 0.000000 -8.529811 0.000000 0.000000 1.000000 0.000000
0.987085 0.160198 0.000000 140.172382 -0.160198 0.987085 0.000000 -8.626517 0.000000 0.000000 1.000000 0.000000
0.986104 0.166128 0.000000 140.715806 -0.166128 0.986104 0.000000 -8.729768 0.000000 0.000000 1.000000 0.000000
0.985780 0.168042 0.000000 141.253424 -0.168042 0.985780 0.000000 -8.831097 0.000000 0.000000 1.000000 0.000000
0.984972 0.172716 0.000000 145.075739 -0.172716 0.984972 0.000000 -9.602545 0.000000 0.000000 1.000000 0.000000
0.984923 0.172991 0.000000 145.593871 -0.172991 0.984923 0.000000 -9.691272 0.000000 0.000000 1.000000 0.000000
0.987397 0.158263 0.000000 146.742943 -0.158263 0.987397 0.000000 -9.943409 0.000000 0.000000 1.000000 0.000000
0.986532 0.163569 0.000000 147.864624 -0.163569 0.986532 0.000000 -10.178678 0.000000 0.000000 1.000000 0.000000
0.986308 0.164911 0.000000 148.421036 -0.164911 0.986308 0.000000 -10.305778 0.000000 0.000000 1.000000 0.000000
0.986095 0.166183 0.000000 148.981609 -0.166183 0.986095 0.000000 -10.436304 0.000000 0.000000 1.000000 0.000000
0.986090 0.166210 0.000000 149.550505 -0.166210 0.986090 0.000000 -10.545169 0.000000 0.000000 1.000000 0.000000
0.986303 0.164942 0.000000 150.115710 -0.164942 0.986303 0.000000 -10.668971 0.000000 0.000000 1.000000 0.000000
0.986922 0.161196 0.000000 150.685071 -0.161196 0.986922 0.000000 -10.788152 0.000000 0.000000 1.000000 0.000000
0.986380 0.164484 0.000000 151.256876 -0.164484 0.986380 0.000000 -10.894274 0.000000 0.000000 1.000000 0.000000
0.986102 0.166142 0.000000 151.832784 -0.166142 0.986102 0.000000 -11.008264 0.000000 0.000000 1.000000 0.000000
0.986380 0.164481 0.000000 152.412738 -0.164481 0.986380 0.000000 -11.143086 0.000000 0.000000 1.000000 0.000000
0.986100 0.166152 0.000000 153.330584 -0.166152 0.986100 0.000000 -11.335785 0.000000 0.000000 1.000000 0.000000
0.985273 0.170989 0.000000 153.907837 -0.170989 0.985273 0.000000 -11.448057 0.000000 0.000000 1.000000 0.000000
0.985374 0.170406 0.000000 154.477764 -0.170406 0.985374 0.000000 -11.589153 0.000000 0.000000 1.000000 0.000000
0.984662 0.174475 0.000000 155.063611 -0.174475 0.984662 0.000000 -11.701722 0.000000 0.000000 1.000000 0.000000
0.983811 0.179211 0.000000 155.689109 -0.179211 0.983811 0.000000 -11.833654 0.000000 0.000000 1.000000 0.000000
0.983130 0.182908 0.000000 156.227028 -0.182908 0.983130 0.000000 -11.948385 0.000000 0.000000 1.000000 0.000000
0.982779 0.184784 0.000000 156.840230 -0.184784 0.982779 0.000000 -12.082752 0.000000 0.000000 1.000000 0.000000
0.982729 0.185052 0.000000 157.412621 -0.185052 0.982729 0.000000 -12.213599 0.000000 0.000000 1.000000 0.000000
0.982704 0.185182 0.000000 157.986618 -0.185182 0.982704 0.000000 -12.322038 0.000000 0.000000 1.000000 0.000000
0.982421 0.186678 0.000000 158.552349 -0.186678 0.982421 0.000000 -12.432046 0.000000 0.000000 1.000000 0.000000
0.982035 0.188696 0.000000 159.126138 -0.188696 0.982035 0.000000 -12.537924 0.000000 0.000000 1.000000 0.000000
0.982306 0.187282 0.000000 159.694292 -0.187282 0.982306 0.000000 -12.650007 0.000000 0.000000 1.000000 0.000000
0.982246 0.187596 0.000000 160.266953 -0.187596 0.982246 0.000000 -12.771664 0.000000 0.000000 1.000000 0.000000
0.982007 0.188842 0.000000 160.836529 -0.188842 0.982007 0.000000 -12.886073 0.000000 0.000000 1.000000 0.000000
0.982143 0.188135 0.000000 161.408126 -0.188135 0.982143 0.000000 -13.007859 0.000000 0.000000 1.000000 0.000000
0.981381 0.192070 0.000000 161.984732 -0.192070 0.981381 0.000000 -13.125510 0.000000 0.000000 1.000000 0.000000
0.980766 0.195190 0.000000 163.123432 -0.195190 0.980766 0.000000 -13.375118 0.000000 0.000000 1.000000 0.000000
0.980440 0.196820 0.000000 163.695177 -0.196820 0.980440 0.000000 -13.497085 0.000000 0.000000 1.000000 0.000000
0.980844 0.194797 0.000000 164.220298 -0.194797 0.980844 0.000000 -13.617232 0.000000 0.000000 1.000000 0.000000
0.979580 0.201056 0.000000 164.795685 -0.201056 0.979580 0.000000 -13.730871 0.000000 0.000000 1.000000 0.000000
0.979113 0.203318 0.000000 165.349206 -0.203318 0.979113 0.000000 -13.845681 0.000000 0.000000 1.000000 0.000000
0.979345 0.202196 0.000000 166.442730 -0.202196 0.979345 0.000000 -14.094302 0.000000 0.000000 1.000000 0.000000
0.979467 0.201606 0.000000 167.002074 -0.201606 0.979467 0.000000 -14.217299 0.000000 0.000000 1.000000 0.000000
0.979364 0.202106 0.000000 167.532438 -0.202106 0.979364 0.000000 -14.343979 0.000000 0.000000 1.000000 0.000000
0.979074 0.203504 0.000000 168.086098 -0.203504 0.979074 0.000000 -14.470675 0.000000 0.000000 1.000000 0.000000
0.979285 0.202487 0.000000 168.644653 -0.202487 0.979285 0.000000 -14.599821 0.000000 0.000000 1.000000 0.000000
0.978626 0.205649 0.000000 169.182670 -0.205649 0.978626 0.000000 -14.701156 0.000000 0.000000 1.000000 0.000000
0.977553 0.210690 0.000000 169.943415 -0.210690 0.977553 0.000000 -14.859131 0.000000 0.000000 1.000000 0.000000
0.977034 0.213084 0.000000 170.512524 -0.213084 0.977034 0.000000 -14.985314 0.000000 0.000000 1.000000 0.000000
0.976449 0.215746 0.000000 171.079942 -0.215746 0.976449 0.000000 -15.114244 0.000000 0.000000 1.000000 0.000000
0.975043 0.222015 0.000000 171.674955 -0.222015 0.975043 0.000000 -15.243011 0.000000 0.000000 1.000000 0.000000
0.975110 0.221722 0.000000 172.198496 -0.221722 0.975110 0.000000 -15.368130 0.000000 0.000000 1.000000 0.000000
0.975552 0.219767 0.000000 172.797778 -0.219767 0.975552 0.000000 -15.520412 0.000000 0.000000 1.000000 0.000000
0.974458 0.224570 0.000000 173.364829 -0.224570 0.974458 0.000000 -15.655464 0.000000 0.000000 1.000000 0.000000
0.974754 0.223283 0.000000 173.936178 -0.223283 0.974754 0.000000 -15.796251 0.000000 0.000000 1.000000 0.000000
0.973175 0.230066 0.000000 174.521654 -0.230066 0.973175 0.000000 -15.924720 0.000000 0.000000 1.000000 0.000000
0.974067 0.226261 0.000000 175.077423 -0.226261 0.974067 0.000000 -16.084043 0.000000 0.000000 1.000000 0.000000
0.974279 0.225347 0.000000 175.646182 -0.225347 0.974279 0.000000 -16.217382 0.000000 0.000000 1.000000 0.000000
0.974187 0.225742 0.000000 176.210756 -0.225742 0.974187 0.000000 -16.365298 0.000000 0.000000 1.000000 0.000000
0.974914 0.222581 0.000000 176.785531 -0.222581 0.974914 0.000000 -16.507491 0.000000 0.000000 1.000000 0.000000
0.976268 0.216565 0.000000 177.353714 -0.216565 0.976268 0.000000 -16.669087 0.000000 0.000000 1.000000 0.000000
0.976867 0.213846 0.000000 177.924542 -0.213846 0.976867 0.000000 -16.822048 0.000000 0.000000 1.000000 0.000000
0.976563 0.215233 0.000000 178.502848 -0.215233 0.976563 0.000000 -16.967047 0.000000 0.000000 1.000000 0.000000
0.977030 0.213103 0.000000 179.074426 -0.213103 0.977030 0.000000 -17.119260 0.000000 0.000000 1.000000 0.000000
0.976382 0.216053 0.000000 179.618607 -0.216053 0.976382 0.000000 -17.252012 0.000000 0.000000 1.000000 0.000000
0.976203 0.216859 0.000000 180.238228 -0.216859 0.976203 0.000000 -17.401691 0.000000 0.000000 1.000000 0.000000
0.976285 0.216489 0.000000 180.767936 -0.216489 0.976285 0.000000 -17.520728 0.000000 0.000000 1.000000 0.000000
0.976173 0.216994 0.000000 181.347342 -0.216994 0.976173 0.000000 -17.671050 0.000000 0.000000 1.000000 0.000000
0.975723 0.219007 0.000000 181.923513 -0.219007 0.975723 0.000000 -17.810228 0.000000 0.000000 1.000000 0.000000
0.974990 0.222250 0.000000 182.498993 -0.222250 0.974990 0.000000 -17.951545 0.000000 0.000000 1.000000 0.000000
0.973003 0.230792 0.000000 183.071405 -0.230792 0.973003 0.000000 -18.103362 0.000000 0.000000 1.000000 0.000000
0.972737 0.231910 0.000000 183.649020 -0.231910 0.972737 0.000000 -18.252715 0.000000 0.000000 1.000000 0.000000
0.972725 0.231963 0.000000 184.222028 -0.231963 0.972725 0.000000 -18.402131 0.000000 0.000000 1.000000 0.000000
0.972723 0.231971 0.000000 184.793160 -0.231971 0.972723 0.000000 -18.554106 0.000000 0.000000 1.000000 0.000000
0.972322 0.233645 0.000000 185.361495 -0.233645 0.972322 0.000000 -18.693760 0.000000 0.000000 1.000000 0.000000
0.971666 0.236359 0.000000 185.938976 -0.236359 0.971666 0.000000 -18.837228 0.000000 0.000000 1.000000 0.000000
0.971899 0.235399 0.000000 186.500030 -0.235399 0.971899 0.000000 -18.985167 0.000000 0.000000 1.000000 0.000000
0.972097 0.234579 0.000000 187.073231 -0.234579 0.972097 0.000000 -19.139549 0.000000 0.000000 1.000000 0.000000
0.971429 0.237329 0.000000 187.643647 -0.237329 0.971429 0.000000 -19.286556 0.000000 0.000000 1.000000 0.000000
0.971026 0.238975 0.000000 188.181768 -0.238975 0.971026 0.000000 -19.429854 0.000000 0.000000 1.000000 0.000000
0.971006 0.239056 0.000000 188.749091 -0.239056 0.971006 0.000000 -19.578446 0.000000 0.000000 1.000000 0.000000
0.969746 0.244118 0.000000 189.319514 -0.244118 0.969746 0.000000 -19.727082 0.000000 0.000000 1.000000 0.000000
0.969611 0.244653 0.000000 189.870350 -0.244653 0.969611 0.000000 -19.871354 0.000000 0.000000 1.000000 0.000000
0.970205 0.242285 0.000000 190.438389 -0.242285 0.970205 0.000000 -20.024358 0.000000 0.000000 1.000000 0.000000
0.969208 0.246245 0.000000 191.000375 -0.246245 0.969208 0.000000 -20.176992 0.000000 0.000000 1.000000 0.000000
0.970063 0.242855 0.000000 191.531686 -0.242855 0.970063 0.000000 -20.320806 0.000000 0.000000 1.000000 0.000000
0.969821 0.243819 0.000000 192.089262 -0.243819 0.969821 0.000000 -20.475306 0.000000 0.000000 1.000000 0.000000
0.968887 0.247505 0.000000 192.658211 -0.247505 0.968887 0.000000 -20.630294 0.000000 0.000000 1.000000 0.000000
0.968697 0.248247 0.000000 193.187717 -0.248247 0.968697 0.000000 -20.775305 0.000000 0.000000 1.000000 0.000000
0.968317 0.249723 0.000000 193.746106 -0.249723 0.968317 0.000000 -20.934137 0.000000 0.000000 1.000000 0.000000
0.967768 0.251844 0.000000 194.301849 -0.251844 0.967768 0.000000 -21.087219 0.000000 0.000000 1.000000 0.000000
0.967018 0.254707 0.000000 195.119592 -0.254707 0.967018 0.000000 -21.322848 0.000000 0.000000 1.000000 0.000000
0.966265 0.257552 0.000000 195.682348 -0.257552 0.966265 0.000000 -21.478687 0.000000 0.000000 1.000000 0.000000
0.965484 0.260462 0.000000 196.239453 -0.260462 0.965484 0.000000 -21.651397 0.000000 0.000000 1.000000 0.000000
0.965597 0.260042 0.000000 196.804716 -0.260042 0.965597 0.000000 -21.804071 0.000000 0.000000 1.000000 0.000000
0.965236 0.261381 0.000000 197.362845 -0.261381 0.965236 0.000000 -21.966211 0.000000 0.000000 1.000000 0.000000
0.965587 0.260081 0.000000 197.919321 -0.260081 0.965587 0.000000 -22.104111 0.000000 0.000000 1.000000 0.000000
0.966418 0.256975 0.000000 198.478286 -0.256975 0.966418 0.000000 -22.265697 0.000000 0.000000 1.000000 0.000000
0.966227 0.257691 0.000000 199.057561 -0.257691 0.966227 0.000000 -22.438730 0.000000 0.000000 1.000000 0.000000
0.966251 0.257601 0.000000 199.558362 -0.257601 0.966251 0.000000 -22.585886 0.000000 0.000000 1.000000 0.000000
0.965785 0.259345 0.000000 200.530789 -0.259345 0.965785 0.000000 -22.868370 0.000000 0.000000 1.000000 0.000000
0.965600 0.260033 0.000000 201.095165 -0.260033 0.965600 0.000000 -23.026683 0.000000 0.000000 1.000000 0.000000
0.965214 0.261460 0.000000 201.801727 -0.261460 0.965214 0.000000 -23.240804 0.000000 0.000000 1.000000 0.000000
0.964738 0.263213 0.000000 202.515412 -0.263213 0.964738 0.000000 -23.450707 0.000000 0.000000 1.000000 0.000000
0.964000 0.265901 0.000000 203.473451 -0.265901 0.964000 0.000000 -23.734406 0.000000 0.000000 1.000000 0.000000
0.963962 0.266041 0.000000 204.022234 -0.266041 0.963962 0.000000 -23.892707 0.000000 0.000000 1.000000 0.000000
0.964185 0.265231 0.000000 204.578963 -0.265231 0.964185 0.000000 -24.061684 0.000000 0.000000 1.000000 0.000000
0.963947 0.266093 0.000000 205.124816 -0.266093 0.963947 0.000000 -24.214295 0.000000 0.000000 1.000000 0.000000
0.963675 0.267079 0.000000 205.651910 -0.267079 0.963675 0.000000 -24.366339 0.000000 0.000000 1.000000 0.000000
0.964660 0.263496 0.000000 206.204681 -0.263496 0.964660 0.000000 -24.535108 0.000000 0.000000 1.000000 0.000000
0.963953 0.266074 0.000000 206.763727 -0.266074 0.963953 0.000000 -24.702030 0.000000 0.000000 1.000000 0.000000
0.963812 0.266582 0.000000 207.542039 -0.266582 0.963812 0.000000 -24.948003 0.000000 0.000000 1.000000 0.000000
0.964236 0.265045 0.000000 208.096833 -0.265045 0.964236 0.000000 -25.111305 0.000000 0.000000 1.000000 0.000000
0.964392 0.264477 0.000000 208.649491 -0.264477 0.964392 0.000000 -25.269524 0.000000 0.000000 1.000000 0.000000
0.964364 0.264579 0.000000 209.200821 -0.264579 0.964364 0.000000 -25.438108 0.000000 0.000000 1.000000 0.000000
0.965575 0.260124 0.000000 209.788396 -0.260124 0.965575 0.000000 -25.615334 0.000000 0.000000 1.000000 0.000000
0.965694 0.259681 0.000000 210.308657 -0.259681 0.965694 0.000000 -25.769825 0.000000 0.000000 1.000000 0.000000
0.965594 0.260056 0.000000 210.892280 -0.260056 0.965594 0.000000 -25.946674 0.000000 0.000000 1.000000 0.000000
0.966173 0.257897 0.000000 211.404267 -0.257897 0.966173 0.000000 -26.106700 0.000000 0.000000 1.000000 0.000000
