1.000000 0.000264 0.000000 0.816308 -0.000264 1.000000 0.000000 -0.016152 0.000000 0.000000 1.000000 0.000000
0.999999 0.001298 0.000000 1.391401 -0.001298 0.999999 0.000000 -0.018376 0.000000 0.000000 1.000000 0.000000
0.999990 0.004476 0.000000 1.937151 -0.004476 0.999990 0.000000 -0.027835 0.000000 0.000000 1.000000 0.000000
0.999988 0.004849 0.000000 2.522291 -0.004849 0.999988 0.000000 -0.040047 0.000000 0.000000 1.000000 0.000000
0.999972 0.007476 0.000000 3.101209 -0.007476 0.999972 0.000000 -0.048846 0.000000 0.000000 1.000000 0.000000
0.999975 0.007108 0.000000 3.679045 -0.007108 0.999975 0.000000 -0.058761 0.000000 0.000000 1.000000 0.000000
0.999969 0.007813 0.000000 4.220324 -0.007813 0.999969 0.000000 -0.071745 0.000000 0.000000 1.000000 0.000000
0.999976 0.006919 0.000000 4.801435 -0.006919 0.999976 0.000000 -0.085806 0.000000 0.000000 1.000000 0.000000
0.999938 0.011156 0.000000 5.381583 -0.011156 0.999938 0.000000 -0.099373 0.000000 0.000000 1.000000 0.000000
0.999877 0.015714 0.000000 5.924023 -0.015714 0.999877 0.000000 -0.102185 0.000000 0.000000 1.000000 0.000000
0.999819 0.019001 0.000000 6.508136 -0.019001 0.999819 0.000000 -0.116931 0.000000 0.000000 1.000000 0.000000
0.999825 0.018705 0.000000 7.645655 -0.018705 0.999825 0.000000 -0.160423 0.000000 0.000000 1.000000 0.000000
0.999789 0.020526 0.000000 8.226419 -0.020526 0.999789 0.000000 -0.177346 0.000000 0.000000 1.000000 0.000000
0.999762 0.021794 0.000000 9.030508 -0.021794 0.999762 0.000000 -0.195609 0.000000 0.000000 1.000000 0.000000
0.999742 0.022724 0.000000 9.603867 -0.022724 0.999742 0.000000 -0.217723 0.000000 0.000000 1.000000 0.000000
0.999722 0.023564 0.000000 10.188411 -0.023564 0.999722 0.000000 -0.231838 0.000000 0.000000 1.000000 0.000000
0.999698 0.024595 0.000000 10.773550 -0.024595 0.999698 0.000000 -0.252601 0.000000 0.000000 1.000000 0.000000
0.999625 0.027398 0.000000 11.317692 -0.027398 0.999625 0.000000 -0.274624 0.000000 0.000000 1.000000 0.000000
0.999586 0.028769 0.000000 11.900402 -0.028769 0.999586 0.000000 -0.294432 0.000000 0.000000 1.000000 0.000000
0.999580 0.028991 0.000000 12.444658 -0.028991 0.999580 0.000000 -0.310337 0.000000 0.000000 1.000000 0.000000
0.999525 0.030823 0.000000 13.020792 -0.030823 0.999525 0.000000 -0.324379 0.000000 0.000000 1.000000 0.000000
0.999534 0.030526 0.000000 13.581217 -0.030526 0.999534 0.000000 -0.351592 0.000000 0.000000 1.000000 0.000000
0.999480 0.032232 0.000000 14.146840 -0.032232 0.999480 0.000000 -0.371897 0.000000 0.000000 1.000000 0.000000
0.999420 0.034044 0.000000 14.722512 -0.034044 0.999420 0.000000 -0.392769 0.000000 0.000000 1.000000 0.000000
0.999358 0.035838 0.000000 15.472454 -0.035838 0.999358 0.000000 -0.425621 0.000000 0.000000 1.000000 0.000000
0.999329 0.036622 0.000000 16.087861 -0.036622 0.999329 0.000000 -0.450976 0.000000 0.000000 1.000000 0.000000
0.999254 0.038612 0.000000 16.626375 -0.038612 0.999254 0.000000 -0.468444 0.000000 0.000000 1.000000 0.000000
0.999098 0.042458 0.000000 17.241130 -0.042458 0.999098 0.000000 -0.488330 0.000000 0.000000 1.000000 0.000000
0.999063 0.043269 0.000000 17.816840 -0.043269 0.999063 0.000000 -0.520544 0.000000 0.000000 1.000000 0.000000
0.998889 0.047131 0.000000 18.393178 -0.047131 0.998889 0.000000 -0.542177 0.000000 0.000000 1.000000 0.000000
0.998823 0.048502 0.000000 18.968206 -0.048502 0.998823 0.000000 -0.576346 0.000000 0.000000 1.000000 0.000000
0.998754 0.049903 0.000000 19.542591 -0.049903 0.998754 0.000000 -0.604181 0.000000 0.000000 1.000000 0.000000
0.998700 0.050966 0.000000 20.117150 -0.050966 0.998700 0.000000 -0.639815 0.000000 0.000000 1.000000 0.000000
0.998554 0.053765 0.000000 20.691206 -0.053765 0.998554 0.000000 -0.671900 0.000000 0.000000 1.000000 0.000000
0.998397 0.056600 0.000000 21.264206 -0.056600 0.998397 0.000000 -0.710071 0.000000 0.000000 1.000000 0.000000
0.998365 0.057154 0.000000 21.835875 -0.057154 0.998365 0.000000 -0.751501 0.000000 0.000000 1.000000 0.000000
0.998201 0.059951 0.000000 22.382268 -0.059951 0.998201 0.000000 -0.787161 0.000000 0.000000 1.000000 0.000000
0.998145 0.060884 0.000000 22.949677 -0.060884 0.998145 0.000000 -0.823289 0.000000 0.000000 1.000000 0.000000
0.998245 0.059211 0.000000 24.042068 -0.059211 0.998245 0.000000 -0.903568 0.000000 0.000000 1.000000 0.000000
0.998420 0.056191 0.000000 24.973898 -0.056191 0.998420 0.000000 -0.989812 0.000000 0.000000 1.000000 0.000000
0.998342 0.057562 0.000000 25.537234 -0.057562 0.998342 0.000000 -1.036040 0.000000 0.000000 1.000000 0.000000
0.998240 0.059296 0.000000 26.100460 -0.059296 0.998240 0.000000 -1.076225 0.000000 0.000000 1.000000 0.000000
0.998262 0.058925 0.000000 26.663028 -0.058925 0.998262 0.000000 -1.122894 0.000000 0.000000 1.000000 0.000000
0.998286 0.058532 0.000000 27.225042 -0.058532 0.998286 0.000000 -1.174408 0.000000 0.000000 1.000000 0.000000
0.997654 0.068463 0.000000 27.822706 -0.068463 0.997654 0.000000 -1.216467 0.000000 0.000000 1.000000 0.000000
0.997166 0.075232 0.000000 28.382849 -0.075232 0.997166 0.000000 -1.254903 0.000000 0.000000 1.000000 0.000000
0.997334 0.072974 0.000000 29.503201 -0.072974 0.997334 0.000000 -1.386956 0.000000 0.000000 1.000000 0.000000
0.997201 0.074770 0.000000 30.060726 -0.074770 0.997201 0.000000 -1.446410 0.000000 0.000000 1.000000 0.000000
0.997262 0.073955 0.000000 30.620726 -0.073955 0.997262 0.000000 -1.510254 0.000000 0.000000 1.000000 0.000000
0.997368 0.072510 0.000000 31.141085 -0.072510 0.997368 0.000000 -1.566171 0.000000 0.000000 1.000000 0.000000
0.997091 0.076222 0.000000 31.700321 -0.076222 0.997091 0.000000 -1.617362 0.000000 0.000000 1.000000 0.000000
0.997128 0.075737 0.000000 32.592104 -0.075737 0.997128 0.000000 -1.702154 0.000000 0.000000 1.000000 0.000000
0.996961 0.077899 0.000000 33.189133 -0.077899 0.996961 0.000000 -1.751314 0.000000 0.000000 1.000000 0.000000
0.996935 0.078237 0.000000 33.746833 -0.078237 0.996935 0.000000 -1.801808 0.000000 0.000000 1.000000 0.000000
0.996857 0.079227 0.000000 34.306133 -0.079227 0.996857 0.000000 -1.853928 0.000000 0.000000 1.000000 0.000000
0.996785 0.080119 0.000000 34.864428 -0.080119 0.996785 0.000000 -1.906229 0.000000 0.000000 1.000000 0.000000
0.996625 0.082086 0.000000 35.424452 -0.082086 0.996625 0.000000 -1.959053 0.000000 0.000000 1.000000 0.000000
0.996717 0.080970 0.000000 35.980015 -0.080970 0.996717 0.000000 -2.018539 0.000000 0.000000 1.000000 0.000000
0.996656 0.081706 0.000000 36.545584 -0.081706 0.996656 0.000000 -2.069182 0.000000 0.000000 1.000000 0.000000
0.996588 0.082542 0.000000 37.103017 -0.082542 0.996588 0.000000 -2.125496 0.000000 0.000000 1.000000 0.000000
0.996475 0.083886 0.000000 37.626171 -0.083886 0.996475 0.000000 -2.174370 0.000000 0.000000 1.000000 0.000000
0.995848 0.091028 0.000000 38.566293 -0.091028 0.995848 0.000000 -2.270655 0.000000 0.000000 1.000000 0.000000
0.995701 0.092623 0.000000 39.124255 -0.092623 0.995701 0.000000 -2.321140 0.000000 0.000000 1.000000 0.000000
0.995634 0.093346 0.000000 39.683672 -0.093346 0.995634 0.000000 -2.377463 0.000000 0.000000 1.000000 0.000000
0.995400 0.095803 0.000000 40.241711 -0.095803 0.995400 0.000000 -2.427920 0.000000 0.000000 1.000000 0.000000
0.995333 0.096503 0.000000 40.799243 -0.096503 0.995333 0.000000 -2.489371 0.000000 0.000000 1.000000 0.000000
0.995231 0.097550 0.000000 41.356517 -0.097550 0.995231 0.000000 -2.548165 0.000000 0.000000 1.000000 0.000000
0.995236 0.097500 0.000000 41.947829 -0.097500 0.995236 0.000000 -2.610441 0.000000 0.000000 1.000000 0.000000
0.995297 0.096871 0.000000 42.470494 -0.096871 0.995297 0.000000 -2.664728 0.000000 0.000000 1.000000 0.000000
0.995410 0.095698 0.000000 43.020798 -0.095698 0.995410 0.000000 -2.723316 0.000000 0.000000 1.000000 0.000000
0.995064 0.099230 0.000000 43.575361 -0.099230 0.995064 0.000000 -2.775781 0.000000 0.000000 1.000000 0.000000
0.994909 0.100773 0.000000 44.129425 -0.100773 0.994909 0.000000 -2.831185 0.000000 0.000000 1.000000 0.000000
0.994808 0.101771 0.000000 44.646333 -0.101771 0.994808 0.000000 -2.890260 0.000000 0.000000 1.000000 0.000000
0.994777 0.102075 0.000000 45.198829 -0.102075 0.994777 0.000000 -2.948868 0.000000 0.000000 1.000000 0.000000
0.994846 0.101400 0.000000 45.718612 -0.101400 0.994846 0.000000 -3.008534 0.000000 0.000000 1.000000 0.000000
0.994850 0.101358 0.000000 46.669069 -0.101358 0.994850 0.000000 -3.126728 0.000000 0.000000 1.000000 0.000000
0.994641 0.103393 0.000000 47.214505 -0.103393 0.994641 0.000000 -3.188375 0.000000 0.000000 1.000000 0.000000
0.994466 0.105057 0.000000 47.760156 -0.105057 0.994466 0.000000 -3.244785 0.000000 0.000000 1.000000 0.000000
0.993844 0.110785 0.000000 48.841912 -0.110785 0.993844 0.000000 -3.365977 0.000000 0.000000 1.000000 0.000000
0.993656 0.112460 0.000000 49.413018 -0.112460 0.993656 0.000000 -3.430373 0.000000 0.000000 1.000000 0.000000
0.993602 0.112939 0.000000 49.905029 -0.112939 0.993602 0.000000 -3.486257 0.000000 0.000000 1.000000 0.000000
0.993570 0.113220 0.000000 50.925635 -0.113220 0.993570 0.000000 -3.608291 0.000000 0.000000 1.000000 0.000000
0.993736 0.111753 0.000000 51.449334 -0.111753 0.993736 0.000000 -3.671885 0.000000 0.000000 1.000000 0.000000
0.993824 0.110970 0.000000 51.959327 -0.110970 0.993824 0.000000 -3.723395 0.000000 0.000000 1.000000 0.000000
0.993714 0.111952 0.000000 52.448416 -0.111952 0.993714 0.000000 -3.778835 0.000000 0.000000 1.000000 0.000000
0.994097 0.108498 0.000000 53.333109 -0.108498 0.994097 0.000000 -3.900503 0.000000 0.000000 1.000000 0.000000
0.993677 0.112275 0.000000 53.833924 -0.112275 0.993677 0.000000 -3.943277 0.000000 0.000000 1.000000 0.000000
0.993055 0.117654 0.000000 54.329008 -0.117654 0.993055 0.000000 -3.996333 0.000000 0.000000 1.000000 0.000000
0.993008 0.118043 0.000000 54.816860 -0.118043 0.993008 0.000000 -4.054586 0.000000 0.000000 1.000000 0.000000
0.992890 0.119038 0.000000 55.297522 -0.119038 0.992890 0.000000 -4.106641 0.000000 0.000000 1.000000 0.000000
0.992551 0.121830 0.000000 55.770717 -0.121830 0.992551 0.000000 -4.157264 0.000000 0.000000 1.000000 0.000000
0.992204 0.124624 0.000000 56.240257 -0.124624 0.992204 0.000000 -4.213639 0.000000 0.000000 1.000000 0.000000
0.992285 0.123982 0.000000 56.941126 -0.123982 0.992285 0.000000 -4.310153 0.000000 0.000000 1.000000 0.000000
0.992099 0.125454 0.000000 57.365001 -0.125454 0.992099 0.000000 -4.365621 0.000000 0.000000 1.000000 0.000000
0.992206 0.124611 0.000000 57.813140 -0.124611 0.992206 0.000000 -4.424607 0.000000 0.000000 1.000000 0.000000
0.992143 0.125105 0.000000 58.252061 -0.125105 0.992143 0.000000 -4.479892 0.000000 0.000000 1.000000 0.000000
0.992587 0.121533 0.000000 58.668529 -0.121533 0.992587 0.000000 -4.537358 0.000000 0.000000 1.000000 0.000000
0.992656 0.120968 0.000000 59.091188 -0.120968 0.992656 0.000000 -4.591648 0.000000 0.000000 1.000000 0.000000
0.992329 0.123623 0.000000 59.805741 -0.123623 0.992329 0.000000 -4.676415 0.000000 0.000000 1.000000 0.000000
0.992256 0.124214 0.000000 60.187982 -0.124214 0.992256 0.000000 -4.721664 0.000000 0.000000 1.000000 0.000000
0.992213 0.124555 0.000000 60.616246 -0.124555 0.992213 0.000000 -4.780616 0.000000 0.000000 1.000000 0.000000
0.992213 0.124549 0.000000 61.011599 -0.124549 0.992213 0.000000 -4.832504 0.000000 0.000000 1.000000 0.000000
0.992235 0.124377 0.000000 61.398462 -0.124377 0.992235 0.000000 -4.880823 0.000000 0.000000 1.000000 0.000000
0.992056 0.125797 0.000000 61.779241 -0.125797 0.992056 0.000000 -4.933110 0.000000 0.000000 1.000000 0.000000
0.992016 0.126114 0.000000 62.151339 -0.126114 0.992016 0.000000 -4.984235 0.000000 0.000000 1.000000 0.000000
0.991848 0.127424 0.000000 62.515650 -0.127424 0.991848 0.000000 -5.025382 0.000000 0.000000 1.000000 0.000000
0.991692 0.128631 0.000000 62.873475 -0.128631 0.991692 0.000000 -5.068484 0.000000 0.000000 1.000000 0.000000
0.991474 0.130303 0.000000 63.230944 -0.130303 0.991474 0.000000 -5.115805 0.000000 0.000000 1.000000 0.000000
0.991721 0.128411 0.000000 63.896197 -0.128411 0.991721 0.000000 -5.207277 0.000000 0.000000 1.000000 0.000000
0.991794 0.127844 0.000000 64.235091 -0.127844 0.991794 0.000000 -5.254631 0.000000 0.000000 1.000000 0.000000
0.991784 0.127925 0.000000 64.548374 -0.127925 0.991784 0.000000 -5.302310 0.000000 0.000000 1.000000 0.000000
0.991674 0.128770 0.000000 64.879786 -0.128770 0.991674 0.000000 -5.347976 0.000000 0.000000 1.000000 0.000000
0.991537 0.129821 0.000000 65.207158 -0.129821 0.991537 0.000000 -5.387205 0.000000 0.000000 1.000000 0.000000
0.990795 0.135367 0.000000 65.510492 -0.135367 0.990795 0.000000 -5.411695 0.000000 0.000000 1.000000 0.000000
0.990714 0.135965 0.000000 65.831176 -0.135965 0.990714 0.000000 -5.457949 0.000000 0.000000 1.000000 0.000000
0.990945 0.134269 0.000000 66.146834 -0.134269 0.990945 0.000000 -5.510392 0.000000 0.000000 1.000000 0.000000
0.991063 0.133393 0.000000 66.652145 -0.133393 0.991063 0.000000 -5.587929 0.000000 0.000000 1.000000 0.000000
0.990895 0.134633 0.000000 66.954633 -0.134633 0.990895 0.000000 -5.631537 0.000000 0.000000 1.000000 0.000000
0.990679 0.136218 0.000000 67.251146 -0.136218 0.990679 0.000000 -5.673627 0.000000 0.000000 1.000000 0.000000
0.990658 0.136373 0.000000 67.564469 -0.136373 0.990658 0.000000 -5.722748 0.000000 0.000000 1.000000 0.000000
0.990395 0.138267 0.000000 67.854362 -0.138267 0.990395 0.000000 -5.768393 0.000000 0.000000 1.000000 0.000000
0.990454 0.137844 0.000000 68.119625 -0.137844 0.990454 0.000000 -5.812371 0.000000 0.000000 1.000000 0.000000
0.990551 0.137143 0.000000 68.419121 -0.137143 0.990551 0.000000 -5.862377 0.000000 0.000000 1.000000 0.000000
0.990487 0.137607 0.000000 68.695095 -0.137607 0.990487 0.000000 -5.903703 0.000000 0.000000 1.000000 0.000000
0.990215 0.139549 0.000000 68.962748 -0.139549 0.990215 0.000000 -5.945111 0.000000 0.000000 1.000000 0.000000
0.989854 0.142085 0.000000 69.410805 -0.142085 0.989854 0.000000 -6.004060 0.000000 0.000000 1.000000 0.000000
0.989872 0.141962 0.000000 69.655561 -0.141962 0.989872 0.000000 -6.038306 0.000000 0.000000 1.000000 0.000000
0.989796 0.142491 0.000000 69.936346 -0.142491 0.989796 0.000000 -6.078896 0.000000 0.000000 1.000000 0.000000
0.989675 0.143327 0.000000 70.199971 -0.143327 0.989675 0.000000 -6.120908 0.000000 0.000000 1.000000 0.000000
0.989581 0.143976 0.000000 70.463465 -0.143976 0.989581 0.000000 -6.162945 0.000000 0.000000 1.000000 0.000000
0.989384 0.145325 0.000000 70.727689 -0.145325 0.989384 0.000000 -6.202918 0.000000 0.000000 1.000000 0.000000
0.989307 0.145847 0.000000 70.985060 -0.145847 0.989307 0.000000 -6.243609 0.000000 0.000000 1.000000 0.000000
0.989190 0.146641 0.000000 71.249174 -0.146641 0.989190 0.000000 -6.283262 0.000000 0.000000 1.000000 0.000000
0.989213 0.146483 0.000000 71.495293 -0.146483 0.989213 0.000000 -6.323102 0.000000 0.000000 1.000000 0.000000
0.989075 0.147413 0.000000 71.764267 -0.147413 0.989075 0.000000 -6.364258 0.000000 0.000000 1.000000 0.000000
0.988944 0.148288 0.000000 72.014231 -0.148288 0.988944 0.000000 -6.401844 0.000000 0.000000 1.000000 0.000000
0.988790 0.149310 0.000000 72.272007 -0.149310 0.988790 0.000000 -6.444104 0.000000 0.000000 1.000000 0.000000
0.988451 0.151542 0.000000 72.706917 -0.151542 0.988451 0.000000 -6.511751 0.000000 0.000000 1.000000 0.000000
0.988381 0.151996 0.000000 72.981044 -0.151996 0.988381 0.000000 -6.557121 0.000000 0.000000 1.000000 0.000000
0.988194 0.153210 0.000000 73.256328 -0.153210 0.988194 0.000000 -6.602189 0.000000 0.000000 1.000000 0.000000
0.988174 0.153339 0.000000 73.530249 -0.153339 0.988174 0.000000 -6.650050 0.000000 0.000000 1.000000 0.000000
0.987909 0.155032 0.000000 73.806625 -0.155032 0.987909 0.000000 -6.694377 0.000000 0.000000 1.000000 0.000000
0.987796 0.155755 0.000000 74.099481 -0.155755 0.987796 0.000000 -6.745601 0.000000 0.000000 1.000000 0.000000
0.987838 0.155484 0.000000 74.358164 -0.155484 0.987838 0.000000 -6.793354 0.000000 0.000000 1.000000 0.000000
0.987398 0.158255 0.000000 74.650414 -0.158255 0.987398 0.000000 -6.838061 0.000000 0.000000 1.000000 0.000000
0.986918 0.161222 0.000000 74.930534 -0.161222 0.986918 0.000000 -6.886821 0.000000 0.000000 1.000000 0.000000
0.986860 0.161577 0.000000 75.194336 -0.161577 0.986860 0.000000 -6.934076 0.000000 0.000000 1.000000 0.000000
0.986996 0.160747 0.000000 75.478554 -0.160747 0.986996 0.000000 -6.990220 0.000000 0.000000 1.000000 0.000000
0.986839 0.161709 0.000000 75.746803 -0.161709 0.986839 0.000000 -7.038980 0.000000 0.000000 1.000000 0.000000
0.985160 0.171639 0.000000 76.529734 -0.171639 0.985160 0.000000 -7.151474 0.000000 0.000000 1.000000 0.000000
0.984656 0.174505 0.000000 76.816748 -0.174505 0.984656 0.000000 -7.198334 0.000000 0.000000 1.000000 0.000000
0.984257 0.176743 0.000000 77.107845 -0.176743 0.984257 0.000000 -7.248913 0.000000 0.000000 1.000000 0.000000
0.984603 0.174804 0.000000 77.398859 -0.174804 0.984603 0.000000 -7.303157 0.000000 0.000000 1.000000 0.000000
0.984372 0.176103 0.000000 77.693558 -0.176103 0.984372 0.000000 -7.357507 0.000000 0.000000 1.000000 0.000000
0.984387 0.176018 0.000000 78.285966 -0.176018 0.984387 0.000000 -7.468467 0.000000 0.000000 1.000000 0.000000
0.984119 0.177508 0.000000 78.588151 -0.177508 0.984119 0.000000 -7.522375 0.000000 0.000000 1.000000 0.000000
0.983983 0.178260 0.000000 78.878256 -0.178260 0.983983 0.000000 -7.579245 0.000000 0.000000 1.000000 0.000000
0.983067 0.183245 0.000000 79.351045 -0.183245 0.983067 0.000000 -7.667054 0.000000 0.000000 1.000000 0.000000
0.982429 0.186635 0.000000 79.674106 -0.186635 0.982429 0.000000 -7.729936 0.000000 0.000000 1.000000 0.000000
0.982154 0.188077 0.000000 80.214882 -0.188077 0.982154 0.000000 -7.833169 0.000000 0.000000 1.000000 0.000000
0.982170 0.187996 0.000000 80.548714 -0.187996 0.982170 0.000000 -7.900626 0.000000 0.000000 1.000000 0.000000
0.980515 0.196444 0.000000 80.890678 -0.196444 0.980515 0.000000 -7.944336 0.000000 0.000000 1.000000 0.000000
0.980412 0.196956 0.000000 81.217114 -0.196956 0.980412 0.000000 -8.010967 0.000000 0.000000 1.000000 0.000000
0.980039 0.198804 0.000000 81.573393 -0.198804 0.980039 0.000000 -8.086153 0.000000 0.000000 1.000000 0.000000
0.980997 0.194023 0.000000 82.154594 -0.194023 0.980997 0.000000 -8.207575 0.000000 0.000000 1.000000 0.000000
0.980779 0.195121 0.000000 82.505953 -0.195121 0.980779 0.000000 -8.282225 0.000000 0.000000 1.000000 0.000000
0.980798 0.195025 0.000000 82.891068 -0.195025 0.980798 0.000000 -8.357940 0.000000 0.000000 1.000000 0.000000
0.980790 0.195066 0.000000 83.251322 -0.195066 0.980790 0.000000 -8.435346 0.000000 0.000000 1.000000 0.000000
0.981006 0.193976 0.000000 83.912775 -0.193976 0.981006 0.000000 -8.563589 0.000000 0.000000 1.000000 0.000000
0.981748 0.190188 0.000000 84.582606 -0.190188 0.981748 0.000000 -8.713566 0.000000 0.000000 1.000000 0.000000
0.982033 0.188710 0.000000 84.973369 -0.188710 0.982033 0.000000 -8.784981 0.000000 0.000000 1.000000 0.000000
0.981764 0.190105 0.000000 85.400260 -0.190105 0.981764 0.000000 -8.867700 0.000000 0.000000 1.000000 0.000000
0.982235 0.187654 0.000000 85.800953 -0.187654 0.982235 0.000000 -8.955181 0.000000 0.000000 1.000000 0.000000
0.981848 0.189670 0.000000 86.237869 -0.189670 0.981848 0.000000 -9.045294 0.000000 0.000000 1.000000 0.000000
0.982072 0.188505 0.000000 86.648264 -0.188505 0.982072 0.000000 -9.124184 0.000000 0.000000 1.000000 0.000000
0.982679 0.185315 0.000000 87.100900 -0.185315 0.982679 0.000000 -9.213338 0.000000 0.000000 1.000000 0.000000
0.982807 0.184634 0.000000 87.800006 -0.184634 0.982807 0.000000 -9.348375 0.000000 0.000000 1.000000 0.000000
0.983312 0.181929 0.000000 88.624114 -0.181929 0.983312 0.000000 -9.512595 0.000000 0.000000 1.000000 0.000000
0.982754 0.184919 0.000000 89.100667 -0.184919 0.982754 0.000000 -9.605163 0.000000 0.000000 1.000000 0.000000
0.982713 0.185138 0.000000 89.583678 -0.185138 0.982713 0.000000 -9.699845 0.000000 0.000000 1.000000 0.000000
0.982652 0.185457 0.000000 90.054213 -0.185457 0.982652 0.000000 -9.793832 0.000000 0.000000 1.000000 0.000000
0.982648 0.185482 0.000000 90.568546 -0.185482 0.982648 0.000000 -9.892221 0.000000 0.000000 1.000000 0.000000
0.981493 0.191497 0.000000 91.022966 -0.191497 0.981493 0.000000 -9.975115 0.000000 0.000000 1.000000 0.000000
0.981035 0.193832 0.000000 91.531834 -0.193832 0.981035 0.000000 -10.075150 0.000000 0.000000 1.000000 0.000000
0.980236 0.197834 0.000000 92.049009 -0.197834 0.980236 0.000000 -10.176706 0.000000 0.000000 1.000000 0.000000
0.979687 0.200533 0.000000 92.573051 -0.200533 0.979687 0.000000 -10.283250 0.000000 0.000000 1.000000 0.000000
0.979326 0.202290 0.000000 93.064482 -0.202290 0.979326 0.000000 -10.389820 0.000000 0.000000 1.000000 0.000000
0.978703 0.205280 0.000000 93.596971 -0.205280 0.978703 0.000000 -10.502016 0.000000 0.000000 1.000000 0.000000
0.978719 0.205206 0.000000 94.557321 -0.205206 0.978719 0.000000 -10.720418 0.000000 0.000000 1.000000 0.000000
0.978575 0.205893 0.000000 95.100110 -0.205893 0.978575 0.000000 -10.841499 0.000000 0.000000 1.000000 0.000000
0.977526 0.210813 0.000000 95.649602 -0.210813 0.977526 0.000000 -10.953125 0.000000 0.000000 1.000000 0.000000
0.976275 0.216534 0.000000 96.201809 -0.216534 0.976275 0.000000 -11.071628 0.000000 0.000000 1.000000 0.000000
0.976160 0.217051 0.000000 96.757210 -0.217051 0.976160 0.000000 -11.204185 0.000000 0.000000 1.000000 0.000000
0.975424 0.220337 0.000000 97.616220 -0.220337 0.975424 0.000000 -11.393736 0.000000 0.000000 1.000000 0.000000
0.974218 0.225609 0.000000 98.145294 -0.225609 0.974218 0.000000 -11.516348 0.000000 0.000000 1.000000 0.000000
0.972602 0.232478 0.000000 99.265003 -0.232478 0.972602 0.000000 -11.775660 0.000000 0.000000 1.000000 0.000000
0.971435 0.237304 0.000000 100.001586 -0.237304 0.971435 0.000000 -11.947252 0.000000 0.000000 1.000000 0.000000
0.970180 0.242386 0.000000 100.582379 -0.242386 0.970180 0.000000 -12.097681 0.000000 0.000000 1.000000 0.000000
0.968570 0.248743 0.000000 101.164299 -0.248743 0.968570 0.000000 -12.250766 0.000000 0.000000 1.000000 0.000000
0.968127 0.250458 0.000000 101.752096 -0.250458 0.968127 0.000000 -12.399414 0.000000 0.000000 1.000000 0.000000
0.967794 0.251742 0.000000 102.342357 -0.251742 0.967794 0.000000 -12.555550 0.000000 0.000000 1.000000 0.000000
0.967053 0.254574 0.000000 102.964085 -0.254574 0.967053 0.000000 -12.723628 0.000000 0.000000 1.000000 0.000000
0.966109 0.258136 0.000000 103.529878 -0.258136 0.966109 0.000000 -12.878765 0.000000 0.000000 1.000000 0.000000
0.965638 0.259892 0.000000 104.116175 -0.259892 0.965638 0.000000 -13.039457 0.000000 0.000000 1.000000 0.000000
0.966591 0.256324 0.000000 104.716310 -0.256324 0.966591 0.000000 -13.200831 0.000000 0.000000 1.000000 0.000000
0.967264 0.253771 0.000000 105.277788 -0.253771 0.967264 0.000000 -13.357083 0.000000 0.000000 1.000000 0.000000
0.967243 0.253853 0.000000 105.881960 -0.253853 0.967243 0.000000 -13.523789 0.000000 0.000000 1.000000 0.000000
0.966820 0.255458 0.000000 106.489374 -0.255458 0.966820 0.000000 -13.688739 0.000000 0.000000 1.000000 0.000000
0.966778 0.255619 0.000000 107.053386 -0.255619 0.966778 0.000000 -13.839016 0.000000 0.000000 1.000000 0.000000
0.966407 0.257018 0.000000 108.139012 -0.257018 0.966407 0.000000 -14.137330 0.000000 0.000000 1.000000 0.000000
0.966305 0.257399 0.000000 108.794200 -0.257399 0.966305 0.000000 -14.328925 0.000000 0.000000 1.000000 0.000000
0.965637 0.259894 0.000000 109.409192 -0.259894 0.965637 0.000000 -14.498523 0.000000 0.000000 1.000000 0.000000
0.964784 0.263042 0.000000 110.031039 -0.263042 0.964784 0.000000 -14.670392 0.000000 0.000000 1.000000 0.000000
0.965345 0.260979 0.000000 110.635455 -0.260979 0.965345 0.000000 -14.845224 0.000000 0.000000 1.000000 0.000000
0.965252 0.261319 0.000000 111.258222 -0.261319 0.965252 0.000000 -15.015052 0.000000 0.000000 1.000000 0.000000
0.965264 0.261275 0.000000 111.841919 -0.261275 0.965264 0.000000 -15.176226 0.000000 0.000000 1.000000 0.000000
0.965229 0.261407 0.000000 112.468712 -0.261407 0.965229 0.000000 -15.348337 0.000000 0.000000 1.000000 0.000000
0.964566 0.263843 0.000000 113.053607 -0.263843 0.964566 0.000000 -15.521638 0.000000 0.000000 1.000000 0.000000
0.963968 0.266018 0.000000 113.689604 -0.266018 0.963968 0.000000 -15.709122 0.000000 0.000000 1.000000 0.000000
0.963690 0.267024 0.000000 114.317338 -0.267024 0.963690 0.000000 -15.887364 0.000000 0.000000 1.000000 0.000000
0.963975 0.265993 0.000000 114.951367 -0.265993 0.963975 0.000000 -16.077093 0.000000 0.000000 1.000000 0.000000
0.963940 0.266119 0.000000 115.747160 -0.266119 0.963940 0.000000 -16.300202 0.000000 0.000000 1.000000 0.000000
0.962388 0.271680 0.000000 116.343715 -0.271680 0.962388 0.000000 -16.476057 0.000000 0.000000 1.000000 0.000000
0.962825 0.270125 0.000000 116.987071 -0.270125 0.962825 0.000000 -16.663299 0.000000 0.000000 1.000000 0.000000
0.962768 0.270330 0.000000 117.998091 -0.270330 0.962768 0.000000 -16.967354 0.000000 0.000000 1.000000 0.000000
0.962697 0.270581 0.000000 118.640929 -0.270581 0.962697 0.000000 -17.163514 0.000000 0.000000 1.000000 0.000000
0.961952 0.273219 0.000000 119.287839 -0.273219 0.961952 0.000000 -17.359854 0.000000 0.000000 1.000000 0.000000
0.962014 0.272999 0.000000 119.935677 -0.272999 0.962014 0.000000 -17.567453 0.000000 0.000000 1.000000 0.000000
0.961924 0.273318 0.000000 120.566957 -0.273318 0.961924 0.000000 -17.761258 0.000000 0.000000 1.000000 0.000000
0.962376 0.271722 0.000000 121.211822 -0.271722 0.962376 0.000000 -17.967752 0.000000 0.000000 1.000000 0.000000
0.962444 0.271482 0.000000 121.815932 -0.271482 0.962444 0.000000 -18.150331 0.000000 0.000000 1.000000 0.000000
0.962884 0.269915 0.000000 122.949368 -0.269915 0.962884 0.000000 -18.494331 0.000000 0.000000 1.000000 0.000000
0.963364 0.268196 0.000000 123.595300 -0.268196 0.963364 0.000000 -18.694419 0.000000 0.000000 1.000000 0.000000
0.963616 0.267289 0.000000 124.241543 -0.267289 0.963616 0.000000 -18.891664 0.000000 0.000000 1.000000 0.000000
0.963538 0.267573 0.000000 124.888130 -0.267573 0.963538 0.000000 -19.080523 0.000000 0.000000 1.000000 0.000000
0.964744 0.263188 0.000000 126.206426 -0.263188 0.964744 0.000000 -19.483718 0.000000 0.000000 1.000000 0.000000
0.964319 0.264742 0.000000 126.802848 -0.264742 0.964319 0.000000 -19.660583 0.000000 0.000000 1.000000 0.000000
0.964686 0.263402 0.000000 127.449209 -0.263402 0.964686 0.000000 -19.860816 0.000000 0.000000 1.000000 0.000000
0.964866 0.262742 0.000000 128.053411 -0.262742 0.964866 0.000000 -20.036708 0.000000 0.000000 1.000000 0.000000
0.964220 0.265103 0.000000 128.656871 -0.265103 0.964220 0.000000 -20.207517 0.000000 0.000000 1.000000 0.000000
0.974686 0.223577 0.000000 133.318394 -0.223577 0.974686 0.000000 -21.506713 0.000000 0.000000 1.000000 0.000000
0.974728 0.223396 0.000000 133.964271 -0.223396 0.974728 0.000000 -21.663040 0.000000 0.000000 1.000000 0.000000
0.975918 0.218139 0.000000 134.573077 -0.218139 0.975918 0.000000 -21.818744 0.000000 0.000000 1.000000 0.000000
0.975831 0.218528 0.000000 135.204678 -0.218528 0.975831 0.000000 -21.974589 0.000000 0.000000 1.000000 0.000000
0.976894 0.213725 0.000000 135.808293 -0.213725 0.976894 0.000000 -22.122397 0.000000 0.000000 1.000000 0.000000
0.976186 0.216937 0.000000 136.435427 -0.216937 0.976186 0.000000 -22.273749 0.000000 0.000000 1.000000 0.000000
0.976677 0.214714 0.000000 137.075507 -0.214714 0.976677 0.000000 -22.432738 0.000000 0.000000 1.000000 0.000000
0.976562 0.215236 0.000000 137.892499 -0.215236 0.976562 0.000000 -22.634048 0.000000 0.000000 1.000000 0.000000
0.975875 0.218329 0.000000 138.532465 -0.218329 0.975875 0.000000 -22.771584 0.000000 0.000000 1.000000 0.000000
0.975997 0.217784 0.000000 139.170661 -0.217784 0.975997 0.000000 -22.921992 0.000000 0.000000 1.000000 0.000000
0.976415 0.215902 0.000000 140.094506 -0.215902 0.976415 0.000000 -23.147149 0.000000 0.000000 1.000000 0.000000
0.976504 0.215499 0.000000 140.728574 -0.215499 0.976504 0.000000 -23.295125 0.000000 0.000000 1.000000 0.000000
0.976731 0.214468 0.000000 141.358925 -0.214468 0.976731 0.000000 -23.445973 0.000000 0.000000 1.000000 0.000000
0.976831 0.214011 0.000000 141.984179 -0.214011 0.976831 0.000000 -23.599910 0.000000 0.000000 1.000000 0.000000
0.976690 0.214653 0.000000 142.612359 -0.214653 0.976690 0.000000 -23.746042 0.000000 0.000000 1.000000 0.000000
0.976549 0.215294 0.000000 143.530008 -0.215294 0.976549 0.000000 -23.972936 0.000000 0.000000 1.000000 0.000000
0.976377 0.216074 0.000000 144.132760 -0.216074 0.976377 0.000000 -24.116038 0.000000 0.000000 1.000000 0.000000
0.975978 0.217869 0.000000 144.750356 -0.217869 0.975978 0.000000 -24.268740 0.000000 0.000000 1.000000 0.000000
0.975604 0.219537 0.000000 145.326128 -0.219537 0.975604 0.000000 -24.410175 0.000000 0.000000 1.000000 0.000000
0.975095 0.221786 0.000000 146.126787 -0.221786 0.975095 0.000000 -24.608535 0.000000 0.000000 1.000000 0.000000
0.974865 0.222794 0.000000 146.739762 -0.222794 0.974865 0.000000 -24.756133 0.000000 0.000000 1.000000 0.000000
0.975118 0.221686 0.000000 147.352122 -0.221686 0.975118 0.000000 -24.910554 0.000000 0.000000 1.000000 0.000000
0.975806 0.218639 0.000000 147.959195 -0.218639 0.975806 0.000000 -25.059393 0.000000 0.000000 1.000000 0.000000
0.975812 0.218610 0.000000 148.565789 -0.218610 0.975812 0.000000 -25.207785 0.000000 0.000000 1.000000 0.000000
0.977169 0.212464 0.000000 149.727676 -0.212464 0.977169 0.000000 -25.493408 0.000000 0.000000 1.000000 0.000000
0.975725 0.218997 0.000000 150.291251 -0.218997 0.975725 0.000000 -25.611523 0.000000 0.000000 1.000000 0.000000
0.976214 0.216808 0.000000 150.883709 -0.216808 0.976214 0.000000 -25.757395 0.000000 0.000000 1.000000 0.000000
0.975496 0.220016 0.000000 151.473431 -0.220016 0.975496 0.000000 -25.897380 0.000000 0.000000 1.000000 0.000000
0.975732 0.218968 0.000000 152.031240 -0.218968 0.975732 0.000000 -26.035605 0.000000 0.000000 1.000000 0.000000
0.976834 0.213998 0.000000 152.619872 -0.213998 0.976834 0.000000 -26.182268 0.000000 0.000000 1.000000 0.000000
0.977637 0.210301 0.000000 153.343246 -0.210301 0.977637 0.000000 -26.360208 0.000000 0.000000 1.000000 0.000000
0.977808 0.209501 0.000000 153.930613 -0.209501 0.977808 0.000000 -26.502169 0.000000 0.000000 1.000000 0.000000
0.977937 0.208899 0.000000 154.472858 -0.208899 0.977937 0.000000 -26.629851 0.000000 0.000000 1.000000 0.000000
0.977890 0.209121 0.000000 155.060961 -0.209121 0.977890 0.000000 -26.770167 0.000000 0.000000 1.000000 0.000000
0.977899 0.209076 0.000000 155.641680 -0.209076 0.977899 0.000000 -26.907961 0.000000 0.000000 1.000000 0.000000
0.977731 0.209863 0.000000 156.182935 -0.209863 0.977731 0.000000 -27.033794 0.000000 0.000000 1.000000 0.000000
0.978556 0.205979 0.000000 156.761332 -0.205979 0.978556 0.000000 -27.168322 0.000000 0.000000 1.000000 0.000000
0.978447 0.206500 0.000000 157.304813 -0.206500 0.978447 0.000000 -27.293937 0.000000 0.000000 1.000000 0.000000
0.978101 0.208131 0.000000 157.876954 -0.208131 0.978101 0.000000 -27.429408 0.000000 0.000000 1.000000 0.000000
0.978214 0.207601 0.000000 158.450331 -0.207601 0.978214 0.000000 -27.561115 0.000000 0.000000 1.000000 0.000000
0.977718 0.209923 0.000000 159.191438 -0.209923 0.977718 0.000000 -27.725245 0.000000 0.000000 1.000000 0.000000
0.977421 0.211302 0.000000 159.730556 -0.211302 0.977421 0.000000 -27.842836 0.000000 0.000000 1.000000 0.000000
0.977055 0.212987 0.000000 160.301821 -0.212987 0.977055 0.000000 -27.974212 0.000000 0.000000 1.000000 0.000000
0.976944 0.213498 0.000000 160.837801 -0.213498 0.976944 0.000000 -28.095094 0.000000 0.000000 1.000000 0.000000
0.976907 0.213666 0.000000 161.403453 -0.213666 0.976907 0.000000 -28.225059 0.000000 0.000000 1.000000 0.000000
0.976889 0.213747 0.000000 161.934748 -0.213747 0.976889 0.000000 -28.348699 0.000000 0.000000 1.000000 0.000000
0.976942 0.213503 0.000000 162.664787 -0.213503 0.976942 0.000000 -28.518738 0.000000 0.000000 1.000000 0.000000
0.975542 0.219814 0.000000 163.184241 -0.219814 0.975542 0.000000 -28.648214 0.000000 0.000000 1.000000 0.000000
0.975522 0.219901 0.000000 163.746560 -0.219901 0.975522 0.000000 -28.782194 0.000000 0.000000 1.000000 0.000000
0.975170 0.221457 0.000000 164.266295 -0.221457 0.975170 0.000000 -28.905803 0.000000 0.000000 1.000000 0.000000
0.975157 0.221513 0.000000 164.829984 -0.221513 0.975157 0.000000 -29.042197 0.000000 0.000000 1.000000 0.000000
0.975075 0.221877 0.000000 165.353240 -0.221877 0.975075 0.000000 -29.170201 0.000000 0.000000 1.000000 0.000000
0.975037 0.222043 0.000000 166.108884 -0.222043 0.975037 0.000000 -29.353335 0.000000 0.000000 1.000000 0.000000
0.975672 0.219237 0.000000 166.665344 -0.219237 0.975672 0.000000 -29.497931 0.000000 0.000000 1.000000 0.000000
0.976385 0.216037 0.000000 167.223715 -0.216037 0.976385 0.000000 -29.635039 0.000000 0.000000 1.000000 0.000000
0.977116 0.212706 0.000000 167.779818 -0.212706 0.977116 0.000000 -29.774228 0.000000 0.000000 1.000000 0.000000
0.976659 0.214794 0.000000 168.333431 -0.214794 0.976659 0.000000 -29.916767 0.000000 0.000000 1.000000 0.000000
0.977339 0.211680 0.000000 168.888154 -0.211680 0.977339 0.000000 -30.054276 0.000000 0.000000 1.000000 0.000000
0.978299 0.207197 0.000000 169.446081 -0.207197 0.978299 0.000000 -30.191941 0.000000 0.000000 1.000000 0.000000
0.979139 0.203189 0.000000 169.973357 -0.203189 0.979139 0.000000 -30.320223 0.000000 0.000000 1.000000 0.000000
0.979402 0.201922 0.000000 170.525219 -0.201922 0.979402 0.000000 -30.457747 0.000000 0.000000 1.000000 0.000000
0.979809 0.199936 0.000000 171.088853 -0.199936 0.979809 0.000000 -30.595470 0.000000 0.000000 1.000000 0.000000
0.980185 0.198086 0.000000 171.613743 -0.198086 0.980185 0.000000 -30.722562 0.000000 0.000000 1.000000 0.000000
0.981124 0.193381 0.000000 172.180809 -0.193381 0.981124 0.000000 -30.846376 0.000000 0.000000 1.000000 0.000000
0.981585 0.191025 0.000000 172.706627 -0.191025 0.981585 0.000000 -30.967515 0.000000 0.000000 1.000000 0.000000
0.982774 0.184812 0.000000 173.268218 -0.184812 0.982774 0.000000 -31.097063 0.000000 0.000000 1.000000 0.000000
0.983871 0.178878 0.000000 173.824410 -0.178878 0.983871 0.000000 -31.220579 0.000000 0.000000 1.000000 0.000000
0.984646 0.174561 0.000000 174.394271 -0.174561 0.984646 0.000000 -31.342967 0.000000 0.000000 1.000000 0.000000
0.985561 0.169319 0.000000 174.918400 -0.169319 0.985561 0.000000 -31.453239 0.000000 0.000000 1.000000 0.000000
0.986395 0.164391 0.000000 175.478344 -0.164391 0.986395 0.000000 -31.569436 0.000000 0.000000 1.000000 0.000000
0.987463 0.157848 0.000000 175.993805 -0.157848 0.987463 0.000000 -31.671239 0.000000 0.000000 1.000000 0.000000
0.988187 0.153254 0.000000 176.557517 -0.153254 0.988187 0.000000 -31.780915 0.000000 0.000000 1.000000 0.000000
0.988738 0.149658 0.000000 177.293163 -0.149658 0.988738 0.000000 -31.902269 0.000000 0.000000 1.000000 0.000000
0.989324 0.145736 0.000000 177.850349 -0.145736 0.989324 0.000000 -32.003948 0.000000 0.000000 1.000000 0.000000
0.989266 0.146128 0.000000 178.365362 -0.146128 0.989266 0.000000 -32.098976 0.000000 0.000000 1.000000 0.000000
0.989552 0.144178 0.000000 178.927858 -0.144178 0.989552 0.000000 -32.196241 0.000000 0.000000 1.000000 0.000000
0.990061 0.140641 0.000000 179.635378 -0.140641 0.990061 0.000000 -32.317133 0.000000 0.000000 1.000000 0.000000
0.990194 0.139697 0.000000 180.746983 -0.139697 0.990194 0.000000 -32.503184 0.000000 0.000000 1.000000 0.000000
0.990659 0.136365 0.000000 181.301955 -0.136365 0.990659 0.000000 -32.586473 0.000000 0.000000 1.000000 0.000000
0.990661 0.136350 0.000000 181.854149 -0.136350 0.990661 0.000000 -32.670848 0.000000 0.000000 1.000000 0.000000
0.990949 0.134237 0.000000 182.405680 -0.134237 0.990949 0.000000 -32.750013 0.000000 0.000000 1.000000 0.000000
0.991152 0.132732 0.000000 182.957408 -0.132732 0.991152 0.000000 -32.827400 0.000000 0.000000 1.000000 0.000000
0.991032 0.133624 0.000000 183.506825 -0.133624 0.991032 0.000000 -32.912435 0.000000 0.000000 1.000000 0.000000
0.991135 0.132857 0.000000 184.080668 -0.132857 0.991135 0.000000 -32.999604 0.000000 0.000000 1.000000 0.000000
0.990864 0.134865 0.000000 184.628493 -0.134865 0.990864 0.000000 -33.077923 0.000000 0.000000 1.000000 0.000000
0.990601 0.136782 0.000000 185.133623 -0.136782 0.990601 0.000000 -33.163516 0.000000 0.000000 1.000000 0.000000
0.990623 0.136627 0.000000 185.641952 -0.136627 0.990623 0.000000 -33.241742 0.000000 0.000000 1.000000 0.000000
0.990860 0.134898 0.000000 186.182445 -0.134898 0.990860 0.000000 -33.322372 0.000000 0.000000 1.000000 0.000000
0.991226 0.132180 0.000000 186.686444 -0.132180 0.991226 0.000000 -33.391636 0.000000 0.000000 1.000000 0.000000
0.991500 0.130106 0.000000 187.227416 -0.130106 0.991500 0.000000 -33.465256 0.000000 0.000000 1.000000 0.000000
0.991576 0.129524 0.000000 187.733509 -0.129524 0.991576 0.000000 -33.541214 0.000000 0.000000 1.000000 0.000000
0.991696 0.128605 0.000000 188.271902 -0.128605 0.991696 0.000000 -33.618114 0.000000 0.000000 1.000000 0.000000
0.992207 0.124598 0.000000 188.772718 -0.124598 0.992207 0.000000 -33.689680 0.000000 0.000000 1.000000 0.000000
0.992550 0.121835 0.000000 189.307815 -0.121835 0.992550 0.000000 -33.762321 0.000000 0.000000 1.000000 0.000000
0.992641 0.121092 0.000000 189.802184 -0.121092 0.992641 0.000000 -33.823401 0.000000 0.000000 1.000000 0.000000
0.992717 0.120469 0.000000 190.336818 -0.120469 0.992717 0.000000 -33.889874 0.000000 0.000000 1.000000 0.000000
0.992602 0.121415 0.000000 190.832338 -0.121415 0.992602 0.000000 -33.945645 0.000000 0.000000 1.000000 0.000000
0.992985 0.118239 0.000000 191.356961 -0.118239 0.992985 0.000000 -34.024081 0.000000 0.000000 1.000000 0.000000
0.993641 0.112594 0.000000 192.009746 -0.112594 0.993641 0.000000 -34.113701 0.000000 0.000000 1.000000 0.000000
0.994174 0.107792 0.000000 192.538880 -0.107792 0.994174 0.000000 -34.186361 0.000000 0.000000 1.000000 0.000000
0.994290 0.106709 0.000000 193.058790 -0.106709 0.994290 0.000000 -34.247409 0.000000 0.000000 1.000000 0.000000
0.994819 0.101662 0.000000 193.547237 -0.101662 0.994819 0.000000 -34.309053 0.000000 0.000000 1.000000 0.000000
0.995175 0.098112 0.000000 194.267469 -0.098112 0.995175 0.000000 -34.384793 0.000000 0.000000 1.000000 0.000000
0.995417 0.095630 0.000000 194.786687 -0.095630 0.995417 0.000000 -34.442595 0.000000 0.000000 1.000000 0.000000
0.995685 0.092801 0.000000 195.303876 -0.092801 0.995685 0.000000 -34.499805 0.000000 0.000000 1.000000 0.000000
0.996305 0.085886 0.000000 195.820597 -0.085886 0.996305 0.000000 -34.552395 0.000000 0.000000 1.000000 0.000000
0.996803 0.079892 0.000000 196.333081 -0.079892 0.996803 0.000000 -34.608710 0.000000 0.000000 1.000000 0.000000
0.997802 0.066261 0.000000 197.353480 -0.066261 0.997802 0.000000 -34.686759 0.000000 0.000000 1.000000 0.000000
0.998271 0.058781 0.000000 197.849715 -0.058781 0.998271 0.000000 -34.728240 0.000000 0.000000 1.000000 0.000000
0.998771 0.049565 0.000000 198.350769 -0.049565 0.998771 0.000000 -34.766096 0.000000 0.000000 1.000000 0.000000
0.999088 0.042706 0.000000 198.817739 -0.042706 0.999088 0.000000 -34.791573 0.000000 0.000000 1.000000 0.000000
0.999454 0.033053 0.000000 199.313425 -0.033053 0.999454 0.000000 -34.818746 0.000000 0.000000 1.000000 0.000000
0.999732 0.023163 0.000000 199.780137 -0.023163 0.999732 0.000000 -34.844340 0.000000 0.000000 1.000000 0.000000
0.999989 0.004642 0.000000 200.721044 -0.004642 0.999989 0.000000 -34.886029 0.000000 0.000000 1.000000 0.000000
0.999969 -0.007812 0.000000 201.206173 0.007812 0.999969 0.000000 -34.896397 0.000000 0.000000 1.000000 0.000000
0.999875 -0.015794 0.000000 201.657889 0.015794 0.999875 0.000000 -34.899896 0.000000 0.000000 1.000000 0.000000
0.999480 -0.032248 0.000000 202.336412 0.032248 0.999480 0.000000 -34.901880 0.000000 0.000000 1.000000 0.000000
