0.999988 -0.004920 0.000000 0.624975 0.004920 0.999988 0.000000 -0.023159 0.000000 0.000000 1.000000 0.000000
0.999980 -0.006398 0.000000 1.247395 0.006398 0.999980 0.000000 -0.034663 0.000000 0.000000 1.000000 0.000000
0.999962 -0.008761 0.000000 1.870291 0.008761 0.999962 0.000000 -0.049975 0.000000 0.000000 1.000000 0.000000
0.999985 -0.005418 0.000000 2.494758 0.005418 0.999985 0.000000 -0.069857 0.000000 0.000000 1.000000 0.000000
0.999991 -0.004248 0.000000 3.120364 0.004248 0.999991 0.000000 -0.085216 0.000000 0.000000 1.000000 0.000000
0.999978 -0.006630 0.000000 3.943558 0.006630 0.999978 0.000000 -0.105790 0.000000 0.000000 1.000000 0.000000
0.999989 -0.004677 0.000000 4.530302 0.004677 0.999989 0.000000 -0.114780 0.000000 0.000000 1.000000 0.000000
0.999984 -0.005687 0.000000 5.158491 0.005687 0.999984 0.000000 -0.133830 0.000000 0.000000 1.000000 0.000000
0.999946 -0.010420 0.000000 6.087147 0.010420 0.999946 0.000000 -0.170296 0.000000 0.000000 1.000000 0.000000
0.999936 -0.011340 0.000000 6.711089 0.011340 0.999936 0.000000 -0.187678 0.000000 0.000000 1.000000 0.000000
0.999880 -0.015508 0.000000 7.338790 0.015508 0.999880 0.000000 -0.209614 0.000000 0.000000 1.000000 0.000000
0.999832 -0.018312 0.000000 7.968460 0.018312 0.999832 0.000000 -0.219695 0.000000 0.000000 1.000000 0.000000
0.999753 -0.022205 0.000000 9.223516 0.022205 0.999753 0.000000 -0.237464 0.000000 0.000000 1.000000 0.000000
0.999735 -0.023005 0.000000 9.853034 0.023005 0.999735 0.000000 -0.246336 0.000000 0.000000 1.000000 0.000000
0.999736 -0.022980 0.000000 10.479113 0.022980 0.999736 0.000000 -0.247579 0.000000 0.000000 1.000000 0.000000
0.999682 -0.025224 0.000000 11.105207 0.025224 0.999682 0.000000 -0.253098 0.000000 0.000000 1.000000 0.000000
0.999655 -0.026258 0.000000 11.770621 0.026258 0.999655 0.000000 -0.267168 0.000000 0.000000 1.000000 0.000000
0.999637 -0.026927 0.000000 12.396509 0.026927 0.999637 0.000000 -0.266392 0.000000 0.000000 1.000000 0.000000
0.999584 -0.028827 0.000000 13.017478 0.028827 0.999584 0.000000 -0.268374 0.000000 0.000000 1.000000 0.000000
0.999514 -0.031181 0.000000 13.637813 0.031181 0.999514 0.000000 -0.269170 0.000000 0.000000 1.000000 0.000000
0.999491 -0.031892 0.000000 14.255770 0.031892 0.999491 0.000000 -0.263749 0.000000 0.000000 1.000000 0.000000
0.999507 -0.031398 0.000000 14.877119 0.031398 0.999507 0.000000 -0.260449 0.000000 0.000000 1.000000 0.000000
0.999456 -0.032975 0.000000 15.501901 0.032975 0.999456 0.000000 -0.264341 0.000000 0.000000 1.000000 0.000000
0.999472 -0.032481 0.000000 16.118619 0.032481 0.999472 0.000000 -0.260659 0.000000 0.000000 1.000000 0.000000
0.999427 -0.033850 0.000000 16.772331 0.033850 0.999427 0.000000 -0.259149 0.000000 0.000000 1.000000 0.000000
0.999419 -0.034092 0.000000 17.359281 0.034092 0.999419 0.000000 -0.253147 0.000000 0.000000 1.000000 0.000000
0.999437 -0.033566 0.000000 17.981913 0.033566 0.999437 0.000000 -0.251327 0.000000 0.000000 1.000000 0.000000
0.999374 -0.035379 0.000000 18.602714 0.035379 0.999374 0.000000 -0.249495 0.000000 0.000000 1.000000 0.000000
0.999315 -0.037018 0.000000 19.256330 0.037018 0.999315 0.000000 -0.238967 0.000000 0.000000 1.000000 0.000000
0.999274 -0.038096 0.000000 19.883323 0.038096 0.999274 0.000000 -0.231552 0.000000 0.000000 1.000000 0.000000
0.999228 -0.039279 0.000000 20.505044 0.039279 0.999228 0.000000 -0.228929 0.000000 0.000000 1.000000 0.000000
0.999261 -0.038440 0.000000 21.124907 0.038440 0.999261 0.000000 -0.224315 0.000000 0.000000 1.000000 0.000000
0.999148 -0.041274 0.000000 21.749251 0.041274 0.999148 0.000000 -0.219674 0.000000 0.000000 1.000000 0.000000
0.999119 -0.041964 0.000000 22.367504 0.041964 0.999119 0.000000 -0.214583 0.000000 0.000000 1.000000 0.000000
0.999026 -0.044117 0.000000 22.969563 0.044117 0.999026 0.000000 -0.208409 0.000000 0.000000 1.000000 0.000000
0.999081 -0.042851 0.000000 23.591756 0.042851 0.999081 0.000000 -0.196220 0.000000 0.000000 1.000000 0.000000
0.999161 -0.040959 0.000000 24.214773 0.040959 0.999161 0.000000 -0.184124 0.000000 0.000000 1.000000 0.000000
0.999055 -0.043462 0.000000 24.796511 0.043462 0.999055 0.000000 -0.182221 0.000000 0.000000 1.000000 0.000000
0.998924 -0.046383 0.000000 25.422784 0.046383 0.998924 0.000000 -0.173252 0.000000 0.000000 1.000000 0.000000
0.998805 -0.048878 0.000000 26.034833 0.048878 0.998805 0.000000 -0.167461 0.000000 0.000000 1.000000 0.000000
0.998786 -0.049265 0.000000 26.624818 0.049265 0.998786 0.000000 -0.153935 0.000000 0.000000 1.000000 0.000000
0.998790 -0.049177 0.000000 27.245915 0.049177 0.998790 0.000000 -0.144029 0.000000 0.000000 1.000000 0.000000
0.998778 -0.049419 0.000000 27.875838 0.049419 0.998778 0.000000 -0.133588 0.000000 0.000000 1.000000 0.000000
0.998849 -0.047970 0.000000 28.501649 0.047970 0.998849 0.000000 -0.118522 0.000000 0.000000 1.000000 0.000000
0.999055 -0.043471 0.000000 29.085493 0.043471 0.999055 0.000000 -0.106836 0.000000 0.000000 1.000000 0.000000
0.999167 -0.040814 0.000000 29.716307 0.040814 0.999167 0.000000 -0.097538 0.000000 0.000000 1.000000 0.000000
0.999192 -0.040187 0.000000 30.304001 0.040187 0.999192 0.000000 -0.086396 0.000000 0.000000 1.000000 0.000000
0.999167 -0.040816 0.000000 30.926394 0.040816 0.999167 0.000000 -0.078841 0.000000 0.000000 1.000000 0.000000
0.999153 -0.041149 0.000000 31.565632 0.041149 0.999153 0.000000 -0.072108 0.000000 0.000000 1.000000 0.000000
0.999239 -0.038999 0.000000 32.390197 0.038999 0.999239 0.000000 -0.052334 0.000000 0.000000 1.000000 0.000000
0.999309 -0.037176 0.000000 33.023427 0.037176 0.999309 0.000000 -0.036665 0.000000 0.000000 1.000000 0.000000
0.999378 -0.035260 0.000000 33.661176 0.035260 0.999378 0.000000 -0.024925 0.000000 0.000000 1.000000 0.000000
0.999442 -0.033407 0.000000 34.293280 0.033407 0.999442 0.000000 -0.018538 0.000000 0.000000 1.000000 0.000000
0.999420 -0.034049 0.000000 34.926397 0.034049 0.999420 0.000000 -0.016585 0.000000 0.000000 1.000000 0.000000
0.999511 -0.031277 0.000000 35.567252 0.031277 0.999511 0.000000 -0.007799 0.000000 0.000000 1.000000 0.000000
0.999586 -0.028787 0.000000 36.201010 0.028787 0.999586 0.000000 -0.002818 0.000000 0.000000 1.000000 0.000000
0.999679 -0.025337 0.000000 36.842674 0.025337 0.999679 0.000000 0.004108 0.000000 0.000000 1.000000 0.000000
0.999713 -0.023957 0.000000 37.476617 0.023957 0.999713 0.000000 0.002629 0.000000 0.000000 1.000000 0.000000
0.999787 -0.020647 0.000000 38.114887 0.020647 0.999787 0.000000 0.006217 0.000000 0.000000 1.000000 0.000000
0.999776 -0.021181 0.000000 38.753092 0.021181 0.999776 0.000000 -0.002206 0.000000 0.000000 1.000000 0.000000
0.999811 -0.019425 0.000000 39.390764 0.019425 0.999811 0.000000 -0.004222 0.000000 0.000000 1.000000 0.000000
0.999848 -0.017442 0.000000 40.029711 0.017442 0.999848 0.000000 -0.005616 0.000000 0.000000 1.000000 0.000000
0.999841 -0.017849 0.000000 40.661997 0.017849 0.999841 0.000000 -0.018951 0.000000 0.000000 1.000000 0.000000
0.999874 -0.015900 0.000000 41.255620 0.015900 0.999874 0.000000 -0.027029 0.000000 0.000000 1.000000 0.000000
0.999928 -0.011968 0.000000 41.901639 0.011968 0.999928 0.000000 -0.029430 0.000000 0.000000 1.000000 0.000000
0.999934 -0.011487 0.000000 42.532491 0.011487 0.999934 0.000000 -0.040480 0.000000 0.000000 1.000000 0.000000
0.999918 -0.012780 0.000000 43.179806 0.012780 0.999918 0.000000 -0.055679 0.000000 0.000000 1.000000 0.000000
0.999934 -0.011471 0.000000 43.819299 0.011471 0.999934 0.000000 -0.063103 0.000000 0.000000 1.000000 0.000000
0.999958 -0.009193 0.000000 44.451896 0.009193 0.999958 0.000000 -0.074776 0.000000 0.000000 1.000000 0.000000
0.999969 -0.007882 0.000000 45.100045 0.007882 0.999969 0.000000 -0.083082 0.000000 0.000000 1.000000 0.000000
0.999975 -0.007011 0.000000 45.744590 0.007011 0.999975 0.000000 -0.090636 0.000000 0.000000 1.000000 0.000000
0.999992 -0.004121 0.000000 46.390874 0.004121 0.999992 0.000000 -0.100126 0.000000 0.000000 1.000000 0.000000
0.999995 -0.003142 0.000000 47.033038 0.003142 0.999995 0.000000 -0.114670 0.000000 0.000000 1.000000 0.000000
0.999991 -0.004305 0.000000 47.692630 0.004305 0.999991 0.000000 -0.138222 0.000000 0.000000 1.000000 0.000000
0.999999 -0.001192 0.000000 48.303438 0.001192 0.999999 0.000000 -0.142724 0.000000 0.000000 1.000000 0.000000
1.000000 0.000679 0.000000 48.953038 -0.000679 1.000000 0.000000 -0.153716 0.000000 0.000000 1.000000 0.000000
0.999993 0.003783 0.000000 49.608495 -0.003783 0.999993 0.000000 -0.167508 0.000000 0.000000 1.000000 0.000000
1.000000 0.000238 0.000000 50.270870 -0.000238 1.000000 0.000000 -0.188538 0.000000 0.000000 1.000000 0.000000
0.999998 -0.001983 0.000000 50.932744 0.001983 0.999998 0.000000 -0.212242 0.000000 0.000000 1.000000 0.000000
0.999999 -0.001623 0.000000 51.585858 0.001623 0.999999 0.000000 -0.225490 0.000000 0.000000 1.000000 0.000000
1.000000 -0.000552 0.000000 52.209404 0.000552 1.000000 0.000000 -0.235694 0.000000 0.000000 1.000000 0.000000
0.999997 0.002482 0.000000 52.870090 -0.002482 0.999997 0.000000 -0.246063 0.000000 0.000000 1.000000 0.000000
0.999992 0.004047 0.000000 53.530119 -0.004047 0.999992 0.000000 -0.265962 0.000000 0.000000 1.000000 0.000000
0.999994 0.003513 0.000000 54.197014 -0.003513 0.999994 0.000000 -0.288314 0.000000 0.000000 1.000000 0.000000
1.000000 0.000853 0.000000 54.860277 -0.000853 1.000000 0.000000 -0.303564 0.000000 0.000000 1.000000 0.000000
0.999997 0.002246 0.000000 55.525184 -0.002246 0.999997 0.000000 -0.323579 0.000000 0.000000 1.000000 0.000000
0.999999 -0.001123 0.000000 56.553594 0.001123 0.999999 0.000000 -0.359762 0.000000 0.000000 1.000000 0.000000
0.999996 0.002889 0.000000 57.241593 -0.002889 0.999996 0.000000 -0.377095 0.000000 0.000000 1.000000 0.000000
0.999996 0.002782 0.000000 57.876384 -0.002782 0.999996 0.000000 -0.397301 0.000000 0.000000 1.000000 0.000000
0.999994 0.003427 0.000000 58.535322 -0.003427 0.999994 0.000000 -0.419551 0.000000 0.000000 1.000000 0.000000
0.999995 0.003092 0.000000 59.193656 -0.003092 0.999995 0.000000 -0.441915 0.000000 0.000000 1.000000 0.000000
0.999988 0.004913 0.000000 59.848709 -0.004913 0.999988 0.000000 -0.461952 0.000000 0.000000 1.000000 0.000000
0.999991 0.004330 0.000000 60.501820 -0.004330 0.999991 0.000000 -0.486750 0.000000 0.000000 1.000000 0.000000
0.999993 0.003674 0.000000 61.150964 -0.003674 0.999993 0.000000 -0.502434 0.000000 0.000000 1.000000 0.000000
0.999993 0.003791 0.000000 62.484858 -0.003791 0.999993 0.000000 -0.535051 0.000000 0.000000 1.000000 0.000000
1.000000 -0.000103 0.000000 63.132605 0.000103 1.000000 0.000000 -0.555386 0.000000 0.000000 1.000000 0.000000
1.000000 0.000111 0.000000 63.769197 -0.000111 1.000000 0.000000 -0.574181 0.000000 0.000000 1.000000 0.000000
0.999998 0.002067 0.000000 64.409668 -0.002067 0.999998 0.000000 -0.593874 0.000000 0.000000 1.000000 0.000000
0.999992 0.004084 0.000000 65.047928 -0.004084 0.999992 0.000000 -0.616465 0.000000 0.000000 1.000000 0.000000
0.999990 0.004486 0.000000 65.722428 -0.004486 0.999990 0.000000 -0.637054 0.000000 0.000000 1.000000 0.000000
0.999983 0.005754 0.000000 66.357010 -0.005754 0.999983 0.000000 -0.655921 0.000000 0.000000 1.000000 0.000000
0.999986 0.005325 0.000000 66.963424 -0.005325 0.999986 0.000000 -0.679517 0.000000 0.000000 1.000000 0.000000
0.999983 0.005778 0.000000 67.595450 -0.005778 0.999983 0.000000 -0.704316 0.000000 0.000000 1.000000 0.000000
0.999977 0.006744 0.000000 68.184725 -0.006744 0.999977 0.000000 -0.729749 0.000000 0.000000 1.000000 0.000000
0.999967 0.008096 0.000000 68.812026 -0.008096 0.999967 0.000000 -0.755141 0.000000 0.000000 1.000000 0.000000
0.999961 0.008786 0.000000 69.438295 -0.008786 0.999961 0.000000 -0.781135 0.000000 0.000000 1.000000 0.000000
0.999944 0.010584 0.000000 70.020620 -0.010584 0.999944 0.000000 -0.803287 0.000000 0.000000 1.000000 0.000000
0.999959 0.009039 0.000000 70.643055 -0.009039 0.999959 0.000000 -0.836329 0.000000 0.000000 1.000000 0.000000
0.999954 0.009576 0.000000 71.261460 -0.009576 0.999954 0.000000 -0.865548 0.000000 0.000000 1.000000 0.000000
0.999962 0.008710 0.000000 71.839842 -0.008710 0.999962 0.000000 -0.894928 0.000000 0.000000 1.000000 0.000000
0.999957 0.009220 0.000000 72.456170 -0.009220 0.999957 0.000000 -0.917736 0.000000 0.000000 1.000000 0.000000
0.999915 0.013048 0.000000 73.031755 -0.013048 0.999915 0.000000 -0.936348 0.000000 0.000000 1.000000 0.000000
0.999896 0.014391 0.000000 73.644277 -0.014391 0.999896 0.000000 -0.961002 0.000000 0.000000 1.000000 0.000000
0.999886 0.015088 0.000000 74.254009 -0.015088 0.999886 0.000000 -0.987985 0.000000 0.000000 1.000000 0.000000
0.999832 0.018306 0.000000 75.096494 -0.018306 0.999832 0.000000 -1.023309 0.000000 0.000000 1.000000 0.000000
0.999791 0.020452 0.000000 75.698395 -0.020452 0.999791 0.000000 -1.055988 0.000000 0.000000 1.000000 0.000000
0.999799 0.020060 0.000000 76.301217 -0.020060 0.999799 0.000000 -1.087273 0.000000 0.000000 1.000000 0.000000
0.999792 0.020386 0.000000 76.902732 -0.020386 0.999792 0.000000 -1.117879 0.000000 0.000000 1.000000 0.000000
0.999831 0.018382 0.000000 77.501634 -0.018382 0.999831 0.000000 -1.146036 0.000000 0.000000 1.000000 0.000000
0.999853 0.017141 0.000000 78.100069 -0.017141 0.999853 0.000000 -1.176322 0.000000 0.000000 1.000000 0.000000
0.999848 0.017423 0.000000 78.734045 -0.017423 0.999848 0.000000 -1.201441 0.000000 0.000000 1.000000 0.000000
0.999861 0.016695 0.000000 79.327832 -0.016695 0.999861 0.000000 -1.233137 0.000000 0.000000 1.000000 0.000000
0.999829 0.018486 0.000000 79.918006 -0.018486 0.999829 0.000000 -1.262035 0.000000 0.000000 1.000000 0.000000
0.999873 0.015965 0.000000 81.083945 -0.015965 0.999873 0.000000 -1.321134 0.000000 0.000000 1.000000 0.000000
0.999827 0.018627 0.000000 81.667140 -0.018627 0.999827 0.000000 -1.347786 0.000000 0.000000 1.000000 0.000000
0.999814 0.019304 0.000000 82.246024 -0.019304 0.999814 0.000000 -1.386272 0.000000 0.000000 1.000000 0.000000
0.999810 0.019470 0.000000 82.826322 -0.019470 0.999810 0.000000 -1.417288 0.000000 0.000000 1.000000 0.000000
0.999762 0.021807 0.000000 83.402670 -0.021807 0.999762 0.000000 -1.447118 0.000000 0.000000 1.000000 0.000000
0.999775 0.021219 0.000000 83.973159 -0.021219 0.999775 0.000000 -1.488839 0.000000 0.000000 1.000000 0.000000
0.999812 0.019394 0.000000 84.539323 -0.019394 0.999812 0.000000 -1.518975 0.000000 0.000000 1.000000 0.000000
0.999818 0.019059 0.000000 85.101810 -0.019059 0.999818 0.000000 -1.552924 0.000000 0.000000 1.000000 0.000000
0.999775 0.021197 0.000000 85.661540 -0.021197 0.999775 0.000000 -1.583984 0.000000 0.000000 1.000000 0.000000
0.999774 0.021268 0.000000 86.216604 -0.021268 0.999774 0.000000 -1.619549 0.000000 0.000000 1.000000 0.000000
0.999778 0.021054 0.000000 86.765462 -0.021054 0.999778 0.000000 -1.654005 0.000000 0.000000 1.000000 0.000000
0.999777 0.021120 0.000000 87.311462 -0.021120 0.999777 0.000000 -1.692691 0.000000 0.000000 1.000000 0.000000
0.999731 0.023176 0.000000 87.853549 -0.023176 0.999731 0.000000 -1.728526 0.000000 0.000000 1.000000 0.000000
0.999693 0.024764 0.000000 88.367997 -0.024764 0.999693 0.000000 -1.759323 0.000000 0.000000 1.000000 0.000000
0.999619 0.027602 0.000000 88.910525 -0.027602 0.999619 0.000000 -1.789100 0.000000 0.000000 1.000000 0.000000
0.999530 0.030649 0.000000 89.431901 -0.030649 0.999530 0.000000 -1.812708 0.000000 0.000000 1.000000 0.000000
0.999509 0.031320 0.000000 89.940867 -0.031320 0.999509 0.000000 -1.847486 0.000000 0.000000 1.000000 0.000000
0.999518 0.031060 0.000000 90.475372 -0.031060 0.999518 0.000000 -1.885873 0.000000 0.000000 1.000000 0.000000
0.999514 0.031178 0.000000 90.999455 -0.031178 0.999514 0.000000 -1.918249 0.000000 0.000000 1.000000 0.000000
0.999483 0.032139 0.000000 91.489766 -0.032139 0.999483 0.000000 -1.952968 0.000000 0.000000 1.000000 0.000000
0.999385 0.035058 0.000000 92.016658 -0.035058 0.999385 0.000000 -1.989346 0.000000 0.000000 1.000000 0.000000
0.999421 0.034035 0.000000 92.533040 -0.034035 0.999421 0.000000 -2.025958 0.000000 0.000000 1.000000 0.000000
0.999418 0.034111 0.000000 93.017019 -0.034111 0.999418 0.000000 -2.055626 0.000000 0.000000 1.000000 0.000000
0.999375 0.035338 0.000000 93.535552 -0.035338 0.999375 0.000000 -2.084919 0.000000 0.000000 1.000000 0.000000
0.999310 0.037140 0.000000 94.046656 -0.037140 0.999310 0.000000 -2.119783 0.000000 0.000000 1.000000 0.000000
0.999294 0.037562 0.000000 94.522226 -0.037562 0.999294 0.000000 -2.156074 0.000000 0.000000 1.000000 0.000000
0.999296 0.037522 0.000000 95.030448 -0.037522 0.999296 0.000000 -2.194283 0.000000 0.000000 1.000000 0.000000
0.999223 0.039407 0.000000 95.503594 -0.039407 0.999223 0.000000 -2.229547 0.000000 0.000000 1.000000 0.000000
0.999226 0.039334 0.000000 96.003876 -0.039334 0.999226 0.000000 -2.268127 0.000000 0.000000 1.000000 0.000000
0.999051 0.043545 0.000000 96.661400 -0.043545 0.999051 0.000000 -2.303584 0.000000 0.000000 1.000000 0.000000
0.998987 0.045007 0.000000 97.154275 -0.045007 0.998987 0.000000 -2.335133 0.000000 0.000000 1.000000 0.000000
0.998963 0.045520 0.000000 97.646957 -0.045520 0.998963 0.000000 -2.367798 0.000000 0.000000 1.000000 0.000000
0.999017 0.044325 0.000000 98.131252 -0.044325 0.999017 0.000000 -2.405534 0.000000 0.000000 1.000000 0.000000
0.999102 0.042378 0.000000 98.614714 -0.042378 0.999102 0.000000 -2.448020 0.000000 0.000000 1.000000 0.000000
0.999079 0.042906 0.000000 99.096078 -0.042906 0.999079 0.000000 -2.488713 0.000000 0.000000 1.000000 0.000000
0.999021 0.044240 0.000000 99.568059 -0.044240 0.999021 0.000000 -2.526322 0.000000 0.000000 1.000000 0.000000
0.998953 0.045742 0.000000 100.519349 -0.045742 0.998953 0.000000 -2.614086 0.000000 0.000000 1.000000 0.000000
0.998828 0.048392 0.000000 100.987979 -0.048392 0.998828 0.000000 -2.652540 0.000000 0.000000 1.000000 0.000000
0.998760 0.049784 0.000000 101.462005 -0.049784 0.998760 0.000000 -2.698667 0.000000 0.000000 1.000000 0.000000
0.998750 0.049986 0.000000 101.928442 -0.049986 0.998750 0.000000 -2.746318 0.000000 0.000000 1.000000 0.000000
0.998621 0.052492 0.000000 102.401631 -0.052492 0.998621 0.000000 -2.789359 0.000000 0.000000 1.000000 0.000000
0.998574 0.053381 0.000000 102.862978 -0.053381 0.998574 0.000000 -2.839193 0.000000 0.000000 1.000000 0.000000
0.998393 0.056672 0.000000 103.330959 -0.056672 0.998393 0.000000 -2.883602 0.000000 0.000000 1.000000 0.000000
0.998256 0.059039 0.000000 103.789623 -0.059039 0.998256 0.000000 -2.924457 0.000000 0.000000 1.000000 0.000000
0.998112 0.061425 0.000000 104.247395 -0.061425 0.998112 0.000000 -2.968281 0.000000 0.000000 1.000000 0.000000
0.997969 0.063701 0.000000 104.697409 -0.063701 0.997969 0.000000 -3.015869 0.000000 0.000000 1.000000 0.000000
0.997870 0.065231 0.000000 105.119898 -0.065231 0.997870 0.000000 -3.061018 0.000000 0.000000 1.000000 0.000000
0.997689 0.067953 0.000000 105.559062 -0.067953 0.997689 0.000000 -3.104909 0.000000 0.000000 1.000000 0.000000
0.997702 0.067762 0.000000 105.993837 -0.067762 0.997702 0.000000 -3.159517 0.000000 0.000000 1.000000 0.000000
0.997522 0.070360 0.000000 106.426345 -0.070360 0.997522 0.000000 -3.208573 0.000000 0.000000 1.000000 0.000000
0.997445 0.071442 0.000000 106.852210 -0.071442 0.997445 0.000000 -3.248747 0.000000 0.000000 1.000000 0.000000
0.996878 0.078956 0.000000 107.276766 -0.078956 0.996878 0.000000 -3.290624 0.000000 0.000000 1.000000 0.000000
0.996722 0.080903 0.000000 107.694213 -0.080903 0.996722 0.000000 -3.331626 0.000000 0.000000 1.000000 0.000000
0.996535 0.083179 0.000000 108.100421 -0.083179 0.996535 0.000000 -3.376782 0.000000 0.000000 1.000000 0.000000
0.996652 0.081759 0.000000 108.508193 -0.081759 0.996652 0.000000 -3.423580 0.000000 0.000000 1.000000 0.000000
0.996486 0.083757 0.000000 108.916714 -0.083757 0.996486 0.000000 -3.470627 0.000000 0.000000 1.000000 0.000000
0.996698 0.081195 0.000000 109.307704 -0.081195 0.996698 0.000000 -3.528789 0.000000 0.000000 1.000000 0.000000
0.996222 0.086846 0.000000 109.709661 -0.086846 0.996222 0.000000 -3.573187 0.000000 0.000000 1.000000 0.000000
0.995990 0.089462 0.000000 110.090865 -0.089462 0.995990 0.000000 -3.620362 0.000000 0.000000 1.000000 0.000000
0.996140 0.087774 0.000000 110.491285 -0.087774 0.996140 0.000000 -3.676441 0.000000 0.000000 1.000000 0.000000
0.995895 0.090517 0.000000 110.888781 -0.090517 0.995895 0.000000 -3.722353 0.000000 0.000000 1.000000 0.000000
0.995590 0.093813 0.000000 111.267364 -0.093813 0.995590 0.000000 -3.768647 0.000000 0.000000 1.000000 0.000000
0.995167 0.098197 0.000000 111.675221 -0.098197 0.995167 0.000000 -3.815278 0.000000 0.000000 1.000000 0.000000
0.994950 0.100369 0.000000 112.077910 -0.100369 0.994950 0.000000 -3.869490 0.000000 0.000000 1.000000 0.000000
0.994671 0.103104 0.000000 112.648139 -0.103104 0.994671 0.000000 -3.948776 0.000000 0.000000 1.000000 0.000000
0.994488 0.104854 0.000000 113.059412 -0.104854 0.994488 0.000000 -4.008256 0.000000 0.000000 1.000000 0.000000
0.994275 0.106854 0.000000 113.472800 -0.106854 0.994275 0.000000 -4.064316 0.000000 0.000000 1.000000 0.000000
0.994028 0.109128 0.000000 113.888615 -0.109128 0.994028 0.000000 -4.129190 0.000000 0.000000 1.000000 0.000000
0.994011 0.109278 0.000000 114.308631 -0.109278 0.994011 0.000000 -4.187534 0.000000 0.000000 1.000000 0.000000
0.993948 0.109853 0.000000 114.727453 -0.109853 0.993948 0.000000 -4.249251 0.000000 0.000000 1.000000 0.000000
0.993643 0.112574 0.000000 115.148403 -0.112574 0.993643 0.000000 -4.309404 0.000000 0.000000 1.000000 0.000000
0.993148 0.116860 0.000000 115.572376 -0.116860 0.993148 0.000000 -4.368954 0.000000 0.000000 1.000000 0.000000
0.993021 0.117938 0.000000 116.313024 -0.117938 0.993021 0.000000 -4.488315 0.000000 0.000000 1.000000 0.000000
0.993107 0.117211 0.000000 116.743134 -0.117211 0.993107 0.000000 -4.557475 0.000000 0.000000 1.000000 0.000000
0.993180 0.116591 0.000000 117.180616 -0.116591 0.993180 0.000000 -4.626648 0.000000 0.000000 1.000000 0.000000
0.993284 0.115705 0.000000 117.613784 -0.115705 0.993284 0.000000 -4.687173 0.000000 0.000000 1.000000 0.000000
0.992842 0.119437 0.000000 118.051502 -0.119437 0.992842 0.000000 -4.733513 0.000000 0.000000 1.000000 0.000000
0.992987 0.118226 0.000000 118.489931 -0.118226 0.992987 0.000000 -4.799419 0.000000 0.000000 1.000000 0.000000
0.993078 0.117460 0.000000 118.932578 -0.117460 0.993078 0.000000 -4.860202 0.000000 0.000000 1.000000 0.000000
0.993060 0.117612 0.000000 119.377287 -0.117612 0.993060 0.000000 -4.923779 0.000000 0.000000 1.000000 0.000000
0.992910 0.118866 0.000000 119.821577 -0.118866 0.992910 0.000000 -4.990620 0.000000 0.000000 1.000000 0.000000
0.992422 0.122877 0.000000 120.270688 -0.122877 0.992422 0.000000 -5.060486 0.000000 0.000000 1.000000 0.000000
0.992429 0.122821 0.000000 120.721520 -0.122821 0.992429 0.000000 -5.128896 0.000000 0.000000 1.000000 0.000000
0.992580 0.121590 0.000000 121.553249 -0.121590 0.992580 0.000000 -5.259969 0.000000 0.000000 1.000000 0.000000
0.992477 0.122428 0.000000 122.012466 -0.122428 0.992477 0.000000 -5.326687 0.000000 0.000000 1.000000 0.000000
0.992302 0.123844 0.000000 122.471685 -0.123844 0.992302 0.000000 -5.405711 0.000000 0.000000 1.000000 0.000000
0.992043 0.125903 0.000000 122.933091 -0.125903 0.992043 0.000000 -5.484076 0.000000 0.000000 1.000000 0.000000
0.991930 0.126789 0.000000 123.393541 -0.126789 0.991930 0.000000 -5.565472 0.000000 0.000000 1.000000 0.000000
0.991803 0.127773 0.000000 123.857529 -0.127773 0.991803 0.000000 -5.646328 0.000000 0.000000 1.000000 0.000000
0.991318 0.131484 0.000000 124.323406 -0.131484 0.991318 0.000000 -5.721619 0.000000 0.000000 1.000000 0.000000
0.990799 0.135345 0.000000 124.793626 -0.135345 0.990799 0.000000 -5.797522 0.000000 0.000000 1.000000 0.000000
0.990205 0.139623 0.000000 125.297731 -0.139623 0.990205 0.000000 -5.881097 0.000000 0.000000 1.000000 0.000000
0.990180 0.139799 0.000000 125.735096 -0.139799 0.990180 0.000000 -5.959695 0.000000 0.000000 1.000000 0.000000
0.989908 0.141714 0.000000 126.237609 -0.141714 0.989908 0.000000 -6.049139 0.000000 0.000000 1.000000 0.000000
0.989526 0.144355 0.000000 126.709640 -0.144355 0.989526 0.000000 -6.129427 0.000000 0.000000 1.000000 0.000000
0.989797 0.142483 0.000000 127.177244 -0.142483 0.989797 0.000000 -6.221648 0.000000 0.000000 1.000000 0.000000
0.989247 0.146253 0.000000 127.646238 -0.146253 0.989247 0.000000 -6.297843 0.000000 0.000000 1.000000 0.000000
0.988832 0.149032 0.000000 128.116778 -0.149032 0.988832 0.000000 -6.381302 0.000000 0.000000 1.000000 0.000000
0.988155 0.153457 0.000000 128.589086 -0.153457 0.988155 0.000000 -6.464203 0.000000 0.000000 1.000000 0.000000
0.987005 0.160689 0.000000 129.064954 -0.160689 0.987005 0.000000 -6.544503 0.000000 0.000000 1.000000 0.000000
0.986524 0.163616 0.000000 129.541460 -0.163616 0.986524 0.000000 -6.635626 0.000000 0.000000 1.000000 0.000000
0.986289 0.165030 0.000000 129.994685 -0.165030 0.986289 0.000000 -6.721279 0.000000 0.000000 1.000000 0.000000
0.985818 0.167820 0.000000 130.477089 -0.167820 0.985818 0.000000 -6.817318 0.000000 0.000000 1.000000 0.000000
0.985668 0.168698 0.000000 130.956665 -0.168698 0.985668 0.000000 -6.914253 0.000000 0.000000 1.000000 0.000000
0.985423 0.170123 0.000000 131.752046 -0.170123 0.985423 0.000000 -7.078176 0.000000 0.000000 1.000000 0.000000
0.986451 0.164055 0.000000 132.238214 -0.164055 0.986451 0.000000 -7.187066 0.000000 0.000000 1.000000 0.000000
0.986407 0.164323 0.000000 133.221023 -0.164323 0.986407 0.000000 -7.389066 0.000000 0.000000 1.000000 0.000000
0.986613 0.163077 0.000000 133.715613 -0.163077 0.986613 0.000000 -7.490789 0.000000 0.000000 1.000000 0.000000
0.986575 0.163312 0.000000 134.212045 -0.163312 0.986575 0.000000 -7.584842 0.000000 0.000000 1.000000 0.000000
0.986935 0.161116 0.000000 134.709216 -0.161116 0.986935 0.000000 -7.686026 0.000000 0.000000 1.000000 0.000000
0.986811 0.161880 0.000000 135.210429 -0.161880 0.986811 0.000000 -7.778474 0.000000 0.000000 1.000000 0.000000
0.986870 0.161519 0.000000 135.713929 -0.161519 0.986870 0.000000 -7.875091 0.000000 0.000000 1.000000 0.000000
0.986406 0.164326 0.000000 136.255536 -0.164326 0.986406 0.000000 -7.975696 0.000000 0.000000 1.000000 0.000000
0.986147 0.165874 0.000000 136.743068 -0.165874 0.986147 0.000000 -8.067277 0.000000 0.000000 1.000000 0.000000
0.986344 0.164700 0.000000 137.253270 -0.164700 0.986344 0.000000 -8.158379 0.000000 0.000000 1.000000 0.000000
0.987065 0.160322 0.000000 137.768751 -0.160322 0.987065 0.000000 -8.270204 0.000000 0.000000 1.000000 0.000000
0.987079 0.160233 0.000000 138.249759 -0.160233 0.987079 0.000000 -8.360514 0.000000 0.000000 1.000000 0.000000
0.987109 0.160047 0.000000 138.766146 -0.160047 0.987109 0.000000 -8.458806 0.000000 0.000000 1.000000 0.000000
0.986720 0.162430 0.000000 139.291532 -0.162430 0.986720 0.000000 -8.551573 0.000000 0.000000 1.000000 0.000000
0.987318 0.158757 0.000000 139.778894 -0.158757 0.987318 0.000000 -8.642582 0.000000 0.000000 1.000000 0.000000
0.986758 0.162199 0.000000 140.302163 -0.162199 0.986758 0.000000 -8.744988 0.000000 0.000000 1.000000 0.000000
0.986449 0.164070 0.000000 140.836500 -0.164070 0.986449 0.000000 -8.842548 0.000000 0.000000 1.000000 0.000000
0.986199 0.165563 0.000000 141.464003 -0.165563 0.986199 0.000000 -8.957589 0.000000 0.000000 1.000000 0.000000
0.985757 0.168178 0.000000 142.034688 -0.168178 0.985757 0.000000 -9.058214 0.000000 0.000000 1.000000 0.000000
0.985726 0.168358 0.000000 142.534431 -0.168358 0.985726 0.000000 -9.156568 0.000000 0.000000 1.000000 0.000000
0.984852 0.173395 0.000000 143.072556 -0.173395 0.984852 0.000000 -9.258743 0.000000 0.000000 1.000000 0.000000
0.984416 0.175857 0.000000 143.612062 -0.175857 0.984416 0.000000 -9.366163 0.000000 0.000000 1.000000 0.000000
0.984284 0.176594 0.000000 144.151258 -0.176594 0.984284 0.000000 -9.477764 0.000000 0.000000 1.000000 0.000000
0.986445 0.164090 0.000000 148.050875 -0.164090 0.986445 0.000000 -10.271151 0.000000 0.000000 1.000000 0.000000
0.986838 0.161711 0.000000 148.568569 -0.161711 0.986838 0.000000 -10.375588 0.000000 0.000000 1.000000 0.000000
0.985932 0.167147 0.000000 149.726044 -0.167147 0.985932 0.000000 -10.612638 0.000000 0.000000 1.000000 0.000000
0.985659 0.168750 0.000000 150.850786 -0.168750 0.985659 0.000000 -10.847220 0.000000 0.000000 1.000000 0.000000
0.985484 0.169767 0.000000 151.414328 -0.169767 0.985484 0.000000 -10.967375 0.000000 0.000000 1.000000 0.000000
0.985322 0.170707 0.000000 151.981259 -0.170707 0.985322 0.000000 -11.088653 0.000000 0.000000 1.000000 0.000000
0.985487 0.169751 0.000000 152.545096 -0.169751 0.985487 0.000000 -11.221622 0.000000 0.000000 1.000000 0.000000
0.986190 0.165620 0.000000 153.111284 -0.165620 0.986190 0.000000 -11.344528 0.000000 0.000000 1.000000 0.000000
0.985596 0.169115 0.000000 153.681911 -0.169115 0.985596 0.000000 -11.457238 0.000000 0.000000 1.000000 0.000000
0.985489 0.169737 0.000000 154.254277 -0.169737 0.985489 0.000000 -11.575109 0.000000 0.000000 1.000000 0.000000
0.985600 0.169092 0.000000 154.825246 -0.169092 0.985600 0.000000 -11.706208 0.000000 0.000000 1.000000 0.000000
0.985424 0.170116 0.000000 155.399485 -0.170116 0.985424 0.000000 -11.828845 0.000000 0.000000 1.000000 0.000000
0.983917 0.178628 0.000000 156.311123 -0.178628 0.983917 0.000000 -12.019872 0.000000 0.000000 1.000000 0.000000
0.983939 0.178503 0.000000 156.882045 -0.178503 0.983939 0.000000 -12.161724 0.000000 0.000000 1.000000 0.000000
0.983111 0.183009 0.000000 157.452607 -0.183009 0.983111 0.000000 -12.281391 0.000000 0.000000 1.000000 0.000000
0.982399 0.186793 0.000000 158.028155 -0.186793 0.982399 0.000000 -12.404265 0.000000 0.000000 1.000000 0.000000
0.981442 0.191761 0.000000 158.641382 -0.191761 0.981442 0.000000 -12.537795 0.000000 0.000000 1.000000 0.000000
0.981022 0.193895 0.000000 159.170753 -0.193895 0.981022 0.000000 -12.661248 0.000000 0.000000 1.000000 0.000000
0.980751 0.195264 0.000000 159.774674 -0.195264 0.980751 0.000000 -12.810138 0.000000 0.000000 1.000000 0.000000
0.980489 0.196574 0.000000 160.343861 -0.196574 0.980489 0.000000 -12.938178 0.000000 0.000000 1.000000 0.000000
0.980348 0.197278 0.000000 160.917214 -0.197278 0.980348 0.000000 -13.063034 0.000000 0.000000 1.000000 0.000000
0.980174 0.198139 0.000000 161.485823 -0.198139 0.980174 0.000000 -13.188988 0.000000 0.000000 1.000000 0.000000
0.980355 0.197240 0.000000 162.055345 -0.197240 0.980355 0.000000 -13.319327 0.000000 0.000000 1.000000 0.000000
0.980511 0.196463 0.000000 162.622570 -0.196463 0.980511 0.000000 -13.444975 0.000000 0.000000 1.000000 0.000000
0.980335 0.197340 0.000000 163.192388 -0.197340 0.980335 0.000000 -13.567627 0.000000 0.000000 1.000000 0.000000
0.980556 0.196237 0.000000 163.755305 -0.196237 0.980556 0.000000 -13.699085 0.000000 0.000000 1.000000 0.000000
0.979721 0.200368 0.000000 164.330406 -0.200368 0.979721 0.000000 -13.821460 0.000000 0.000000 1.000000 0.000000
0.979359 0.202127 0.000000 164.898562 -0.202127 0.979359 0.000000 -13.949617 0.000000 0.000000 1.000000 0.000000
0.978525 0.206126 0.000000 166.027638 -0.206126 0.978525 0.000000 -14.205862 0.000000 0.000000 1.000000 0.000000
0.978342 0.206993 0.000000 166.591494 -0.206993 0.978342 0.000000 -14.341422 0.000000 0.000000 1.000000 0.000000
0.977821 0.209444 0.000000 167.121118 -0.209444 0.977821 0.000000 -14.463368 0.000000 0.000000 1.000000 0.000000
0.977157 0.212520 0.000000 167.698609 -0.212520 0.977157 0.000000 -14.595132 0.000000 0.000000 1.000000 0.000000
0.977220 0.212229 0.000000 168.250226 -0.212229 0.977220 0.000000 -14.729946 0.000000 0.000000 1.000000 0.000000
0.977291 0.211903 0.000000 169.343495 -0.211903 0.977291 0.000000 -14.994063 0.000000 0.000000 1.000000 0.000000
0.976786 0.214216 0.000000 169.897938 -0.214216 0.976786 0.000000 -15.134492 0.000000 0.000000 1.000000 0.000000
0.976455 0.215721 0.000000 170.429310 -0.215721 0.976455 0.000000 -15.262038 0.000000 0.000000 1.000000 0.000000
0.976695 0.214633 0.000000 170.985642 -0.214633 0.976695 0.000000 -15.399430 0.000000 0.000000 1.000000 0.000000
0.976234 0.216719 0.000000 171.548645 -0.216719 0.976234 0.000000 -15.528954 0.000000 0.000000 1.000000 0.000000
0.975757 0.218855 0.000000 172.077583 -0.218855 0.975757 0.000000 -15.648727 0.000000 0.000000 1.000000 0.000000
0.974065 0.226268 0.000000 172.828508 -0.226268 0.974065 0.000000 -15.816313 0.000000 0.000000 1.000000 0.000000
0.973557 0.228444 0.000000 173.392809 -0.228444 0.973557 0.000000 -15.950823 0.000000 0.000000 1.000000 0.000000
0.972038 0.234822 0.000000 173.956362 -0.234822 0.972038 0.000000 -16.081204 0.000000 0.000000 1.000000 0.000000
0.971614 0.236571 0.000000 174.555805 -0.236571 0.971614 0.000000 -16.237975 0.000000 0.000000 1.000000 0.000000
0.971939 0.235232 0.000000 175.080034 -0.235232 0.971939 0.000000 -16.385854 0.000000 0.000000 1.000000 0.000000
0.970592 0.240730 0.000000 175.684614 -0.240730 0.970592 0.000000 -16.537619 0.000000 0.000000 1.000000 0.000000
0.970914 0.239428 0.000000 176.250488 -0.239428 0.970914 0.000000 -16.689214 0.000000 0.000000 1.000000 0.000000
0.969554 0.244878 0.000000 176.820953 -0.244878 0.969554 0.000000 -16.833966 0.000000 0.000000 1.000000 0.000000
0.970095 0.242725 0.000000 177.390978 -0.242725 0.970095 0.000000 -17.004942 0.000000 0.000000 1.000000 0.000000
0.970255 0.242086 0.000000 177.952224 -0.242086 0.970255 0.000000 -17.159770 0.000000 0.000000 1.000000 0.000000
0.970087 0.242757 0.000000 178.520095 -0.242757 0.970087 0.000000 -17.321659 0.000000 0.000000 1.000000 0.000000
0.971420 0.237368 0.000000 179.076626 -0.237368 0.971420 0.000000 -17.493607 0.000000 0.000000 1.000000 0.000000
0.972659 0.232236 0.000000 179.641427 -0.232236 0.972659 0.000000 -17.661143 0.000000 0.000000 1.000000 0.000000
0.972650 0.232277 0.000000 180.212392 -0.232277 0.972650 0.000000 -17.811392 0.000000 0.000000 1.000000 0.000000
0.972169 0.234281 0.000000 180.784502 -0.234281 0.972169 0.000000 -17.964733 0.000000 0.000000 1.000000 0.000000
0.971991 0.235017 0.000000 181.356298 -0.235017 0.971991 0.000000 -18.117875 0.000000 0.000000 1.000000 0.000000
0.971626 0.236523 0.000000 181.927622 -0.236523 0.971626 0.000000 -18.272005 0.000000 0.000000 1.000000 0.000000
0.971468 0.237172 0.000000 182.460369 -0.237172 0.971468 0.000000 -18.415023 0.000000 0.000000 1.000000 0.000000
0.971943 0.235219 0.000000 183.066184 -0.235219 0.971943 0.000000 -18.576285 0.000000 0.000000 1.000000 0.000000
0.971662 0.236374 0.000000 183.597976 -0.236374 0.971662 0.000000 -18.721064 0.000000 0.000000 1.000000 0.000000
0.971343 0.237684 0.000000 184.170411 -0.237684 0.971343 0.000000 -18.870317 0.000000 0.000000 1.000000 0.000000
0.970482 0.241173 0.000000 184.742284 -0.241173 0.970482 0.000000 -19.022466 0.000000 0.000000 1.000000 0.000000
0.968229 0.250066 0.000000 185.313447 -0.250066 0.968229 0.000000 -19.175122 0.000000 0.000000 1.000000 0.000000
0.967817 0.251657 0.000000 185.883764 -0.251657 0.967817 0.000000 -19.333366 0.000000 0.000000 1.000000 0.000000
0.967638 0.252343 0.000000 186.453262 -0.252343 0.967638 0.000000 -19.495022 0.000000 0.000000 1.000000 0.000000
0.967424 0.253160 0.000000 187.022008 -0.253160 0.967424 0.000000 -19.656525 0.000000 0.000000 1.000000 0.000000
0.967046 0.254600 0.000000 187.590471 -0.254600 0.967046 0.000000 -19.813954 0.000000 0.000000 1.000000 0.000000
0.966247 0.257618 0.000000 188.163987 -0.257618 0.966247 0.000000 -19.970758 0.000000 0.000000 1.000000 0.000000
0.966475 0.256760 0.000000 188.735930 -0.256760 0.966475 0.000000 -20.140054 0.000000 0.000000 1.000000 0.000000
0.966353 0.257221 0.000000 189.296734 -0.257221 0.966353 0.000000 -20.306445 0.000000 0.000000 1.000000 0.000000
0.965525 0.260310 0.000000 189.866351 -0.260310 0.965525 0.000000 -20.468636 0.000000 0.000000 1.000000 0.000000
0.965067 0.262005 0.000000 190.432061 -0.262005 0.965067 0.000000 -20.629970 0.000000 0.000000 1.000000 0.000000
0.965021 0.262171 0.000000 190.964861 -0.262171 0.965021 0.000000 -20.789605 0.000000 0.000000 1.000000 0.000000
0.964784 0.263044 0.000000 191.529346 -0.263044 0.964784 0.000000 -20.956492 0.000000 0.000000 1.000000 0.000000
0.964525 0.263991 0.000000 192.097440 -0.263991 0.964525 0.000000 -21.124552 0.000000 0.000000 1.000000 0.000000
0.965093 0.261909 0.000000 192.639358 -0.261909 0.965093 0.000000 -21.288614 0.000000 0.000000 1.000000 0.000000
0.964476 0.264169 0.000000 193.197457 -0.264169 0.964476 0.000000 -21.456245 0.000000 0.000000 1.000000 0.000000
0.965396 0.260787 0.000000 193.757434 -0.260787 0.965396 0.000000 -21.630925 0.000000 0.000000 1.000000 0.000000
0.965392 0.260804 0.000000 194.285514 -0.260804 0.965392 0.000000 -21.793576 0.000000 0.000000 1.000000 0.000000
0.964318 0.264748 0.000000 194.842651 -0.264748 0.964318 0.000000 -21.956516 0.000000 0.000000 1.000000 0.000000
0.964248 0.265001 0.000000 195.404742 -0.265001 0.964248 0.000000 -22.123339 0.000000 0.000000 1.000000 0.000000
0.963542 0.267557 0.000000 195.932276 -0.267557 0.963542 0.000000 -22.279741 0.000000 0.000000 1.000000 0.000000
0.962953 0.269671 0.000000 196.493506 -0.269671 0.962953 0.000000 -22.450893 0.000000 0.000000 1.000000 0.000000
0.962589 0.270967 0.000000 197.047796 -0.270967 0.962589 0.000000 -22.626079 0.000000 0.000000 1.000000 0.000000
0.961294 0.275523 0.000000 197.857259 -0.275523 0.961294 0.000000 -22.867943 0.000000 0.000000 1.000000 0.000000
0.960607 0.277910 0.000000 198.410073 -0.277910 0.960607 0.000000 -23.040284 0.000000 0.000000 1.000000 0.000000
0.960547 0.278119 0.000000 198.968986 -0.278119 0.960547 0.000000 -23.211694 0.000000 0.000000 1.000000 0.000000
0.960030 0.279897 0.000000 199.521484 -0.279897 0.960030 0.000000 -23.384534 0.000000 0.000000 1.000000 0.000000
0.960322 0.278895 0.000000 200.076663 -0.278895 0.960322 0.000000 -23.552375 0.000000 0.000000 1.000000 0.000000
0.961312 0.275460 0.000000 200.627520 -0.275460 0.961312 0.000000 -23.734378 0.000000 0.000000 1.000000 0.000000
0.961169 0.275959 0.000000 201.181538 -0.275959 0.961169 0.000000 -23.902237 0.000000 0.000000 1.000000 0.000000
0.961182 0.275916 0.000000 201.754021 -0.275916 0.961182 0.000000 -24.083008 0.000000 0.000000 1.000000 0.000000
0.960932 0.276785 0.000000 202.250022 -0.276785 0.960932 0.000000 -24.235765 0.000000 0.000000 1.000000 0.000000
0.960621 0.277861 0.000000 203.211736 -0.277861 0.960621 0.000000 -24.523982 0.000000 0.000000 1.000000 0.000000
0.960280 0.279039 0.000000 203.767098 -0.279039 0.960280 0.000000 -24.697238 0.000000 0.000000 1.000000 0.000000
0.959935 0.280224 0.000000 204.464913 -0.280224 0.959935 0.000000 -24.918061 0.000000 0.000000 1.000000 0.000000
0.959235 0.282608 0.000000 205.165361 -0.282608 0.959235 0.000000 -25.142626 0.000000 0.000000 1.000000 0.000000
0.959118 0.283007 0.000000 206.112701 -0.283007 0.959118 0.000000 -25.445444 0.000000 0.000000 1.000000 0.000000
0.958992 0.283432 0.000000 206.657071 -0.283432 0.958992 0.000000 -25.620198 0.000000 0.000000 1.000000 0.000000
0.958692 0.284447 0.000000 207.212823 -0.284447 0.958692 0.000000 -25.795202 0.000000 0.000000 1.000000 0.000000
0.958316 0.285709 0.000000 207.756691 -0.285709 0.958316 0.000000 -25.968941 0.000000 0.000000 1.000000 0.000000
0.958980 0.283474 0.000000 208.268170 -0.283474 0.958980 0.000000 -26.139445 0.000000 0.000000 1.000000 0.000000
0.957970 0.286868 0.000000 208.820413 -0.286868 0.957970 0.000000 -26.318378 0.000000 0.000000 1.000000 0.000000
0.957758 0.287574 0.000000 209.361916 -0.287574 0.957758 0.000000 -26.504186 0.000000 0.000000 1.000000 0.000000
0.958400 0.285429 0.000000 210.135077 -0.285429 0.958400 0.000000 -26.759155 0.000000 0.000000 1.000000 0.000000
0.958564 0.284878 0.000000 210.684899 -0.284878 0.958564 0.000000 -26.935940 0.000000 0.000000 1.000000 0.000000
0.958451 0.285257 0.000000 211.230701 -0.285257 0.958451 0.000000 -27.114263 0.000000 0.000000 1.000000 0.000000
