1.000000 0.000815 0.000000 0.731717 -0.000815 1.000000 0.000000 -0.007295 0.000000 0.000000 1.000000 0.000000
0.999999 0.000436 0.000000 1.345503 -0.000437 0.999999 0.000000 -0.011189 0.000000 0.000000 1.000000 0.000000
0.999996 0.001793 0.000000 1.956526 -0.001797 0.999996 0.000000 -0.019686 0.000000 0.000000 1.000000 0.000000
0.999988 0.002118 0.000000 2.580037 -0.002128 0.999995 0.000000 -0.027185 0.000000 0.000000 1.000000 0.000000
0.999974 0.001935 0.000000 3.196571 -0.001957 0.999993 0.000000 -0.032261 0.000000 0.000000 1.000000 0.000000
0.999952 0.002858 0.000000 4.021056 -0.002890 0.999990 0.000000 -0.040099 0.000000 0.000000 1.000000 0.000000
0.999946 0.002893 0.000000 4.604132 -0.002930 0.999989 0.000000 -0.045673 0.000000 0.000000 1.000000 0.000000
0.999950 0.002467 0.000000 5.230200 -0.002509 0.999988 0.000000 -0.052666 0.000000 0.000000 1.000000 0.000000
0.999944 0.002403 0.000000 6.152507 -0.002444 0.999989 0.000000 -0.059516 0.000000 0.000000 1.000000 0.000000
0.999939 0.002662 0.000000 6.768411 -0.002694 0.999992 0.000000 -0.066022 0.000000 0.000000 1.000000 0.000000
0.999942 0.003081 0.000000 7.384864 -0.003105 0.999992 0.000000 -0.072655 0.000000 0.000000 1.000000 0.000000
0.999950 0.003817 0.000000 8.016571 -0.003838 0.999990 0.000000 -0.080701 0.000000 0.000000 1.000000 0.000000
0.999973 0.004686 0.000000 9.279068 -0.004708 0.999982 0.000000 -0.097273 0.000000 0.000000 1.000000 0.000000
0.999975 0.004991 0.000000 9.914790 -0.005012 0.999979 0.000000 -0.106944 0.000000 0.000000 1.000000 0.000000
0.999967 0.005012 0.000000 10.544343 -0.005044 0.999975 0.000000 -0.116800 0.000000 0.000000 1.000000 0.000000
0.999950 0.006564 0.000000 11.171009 -0.006608 0.999961 0.000000 -0.126921 0.000000 0.000000 1.000000 0.000000
0.999940 0.006574 0.000000 11.836860 -0.006625 0.999961 0.000000 -0.136041 0.000000 0.000000 1.000000 0.000000
0.999940 0.005965 0.000000 12.454022 -0.006018 0.999966 0.000000 -0.142717 0.000000 0.000000 1.000000 0.000000
0.999931 0.007548 0.000000 13.066669 -0.007592 0.999959 0.000000 -0.153534 0.000000 0.000000 1.000000 0.000000
0.999926 0.008223 0.000000 13.688356 -0.008263 0.999956 0.000000 -0.166385 0.000000 0.000000 1.000000 0.000000
0.999922 0.008614 0.000000 14.313922 -0.008670 0.999944 0.000000 -0.179281 0.000000 0.000000 1.000000 0.000000
0.999925 0.007840 0.000000 14.927761 -0.007916 0.999936 0.000000 -0.189614 0.000000 0.000000 1.000000 0.000000
0.999932 0.007246 0.000000 15.544665 -0.007328 0.999933 0.000000 -0.200416 0.000000 0.000000 1.000000 0.000000
0.999929 0.006598 0.000000 16.151382 -0.006689 0.999936 0.000000 -0.209229 0.000000 0.000000 1.000000 0.000000
0.999918 0.006445 0.000000 16.792073 -0.006558 0.999926 0.000000 -0.219064 0.000000 0.000000 1.000000 0.000000
0.999908 0.007198 0.000000 17.370807 -0.007316 0.999921 0.000000 -0.229377 0.000000 0.000000 1.000000 0.000000
0.999906 0.007817 0.000000 17.993326 -0.007936 0.999913 0.000000 -0.239731 0.000000 0.000000 1.000000 0.000000
0.999893 0.008550 0.000000 18.611769 -0.008689 0.999894 0.000000 -0.251107 0.000000 0.000000 1.000000 0.000000
0.999916 0.008083 0.000000 19.260897 -0.008201 0.999898 0.000000 -0.262604 0.000000 0.000000 1.000000 0.000000
0.999941 0.007243 0.000000 19.884375 -0.007330 0.999916 0.000000 -0.271496 0.000000 0.000000 1.000000 0.000000
0.999945 0.006952 0.000000 20.504775 -0.007029 0.999928 0.000000 -0.279101 0.000000 0.000000 1.000000 0.000000
0.999947 0.006829 0.000000 21.123354 -0.006901 0.999932 0.000000 -0.285589 0.000000 0.000000 1.000000 0.000000
0.999935 0.007020 0.000000 21.749995 -0.007106 0.999928 0.000000 -0.294210 0.000000 0.000000 1.000000 0.000000
0.999913 0.007014 0.000000 22.379308 -0.007130 0.999920 0.000000 -0.302678 0.000000 0.000000 1.000000 0.000000
0.999906 0.006991 0.000000 22.984379 -0.007116 0.999918 0.000000 -0.310973 0.000000 0.000000 1.000000 0.000000
0.999901 0.007162 0.000000 23.616750 -0.007285 0.999922 0.000000 -0.319499 0.000000 0.000000 1.000000 0.000000
0.999925 0.006294 0.000000 24.256956 -0.006398 0.999931 0.000000 -0.326422 0.000000 0.000000 1.000000 0.000000
0.999925 0.006717 0.000000 24.857393 -0.006814 0.999932 0.000000 -0.335203 0.000000 0.000000 1.000000 0.000000
0.999934 0.006514 0.000000 25.504713 -0.006602 0.999935 0.000000 -0.343101 0.000000 0.000000 1.000000 0.000000
0.999932 0.006016 0.000000 26.129251 -0.006106 0.999941 0.000000 -0.350064 0.000000 0.000000 1.000000 0.000000
0.999917 0.006505 0.000000 26.731485 -0.006597 0.999944 0.000000 -0.358460 0.000000 0.000000 1.000000 0.000000
0.999914 0.006208 0.000000 27.351403 -0.006291 0.999954 0.000000 -0.366728 0.000000 0.000000 1.000000 0.000000
0.999904 0.006302 0.000000 27.980817 -0.006404 0.999946 0.000000 -0.374730 0.000000 0.000000 1.000000 0.000000
0.999913 0.006838 0.000000 28.603306 -0.006939 0.999937 0.000000 -0.383174 0.000000 0.000000 1.000000 0.000000
0.999904 0.007217 0.000000 29.183427 -0.007316 0.999939 0.000000 -0.391663 0.000000 0.000000 1.000000 0.000000
0.999890 0.006748 0.000000 29.817781 -0.006849 0.999947 0.000000 -0.401084 0.000000 0.000000 1.000000 0.000000
0.999904 0.005994 0.000000 30.401086 -0.006098 0.999947 0.000000 -0.407364 0.000000 0.000000 1.000000 0.000000
0.999909 0.006531 0.000000 31.009379 -0.006634 0.999940 0.000000 -0.415769 0.000000 0.000000 1.000000 0.000000
0.999905 0.007254 0.000000 31.635644 -0.007351 0.999939 0.000000 -0.424724 0.000000 0.000000 1.000000 0.000000
0.999903 0.006597 0.000000 32.447455 -0.006698 0.999944 0.000000 -0.435446 0.000000 0.000000 1.000000 0.000000
0.999904 0.006228 0.000000 33.068334 -0.006320 0.999953 0.000000 -0.442251 0.000000 0.000000 1.000000 0.000000
0.999895 0.006116 0.000000 33.692774 -0.006218 0.999951 0.000000 -0.449953 0.000000 0.000000 1.000000 0.000000
0.999863 0.006226 0.000000 34.324430 -0.006350 0.999948 0.000000 -0.458028 0.000000 0.000000 1.000000 0.000000
0.999883 0.006917 0.000000 34.958175 -0.007022 0.999946 0.000000 -0.467077 0.000000 0.000000 1.000000 0.000000
0.999914 0.007794 0.000000 35.597294 -0.007871 0.999943 0.000000 -0.477593 0.000000 0.000000 1.000000 0.000000
0.999918 0.009012 0.000000 36.230157 -0.009082 0.999929 0.000000 -0.489305 0.000000 0.000000 1.000000 0.000000
0.999919 0.009541 0.000000 36.870981 -0.009610 0.999920 0.000000 -0.500584 0.000000 0.000000 1.000000 0.000000
0.999905 0.010658 0.000000 37.504417 -0.010726 0.999913 0.000000 -0.513923 0.000000 0.000000 1.000000 0.000000
0.999897 0.010072 0.000000 38.140300 -0.010145 0.999923 0.000000 -0.523511 0.000000 0.000000 1.000000 0.000000
0.999880 0.010344 0.000000 38.766718 -0.010429 0.999919 0.000000 -0.535137 0.000000 0.000000 1.000000 0.000000
0.999878 0.011128 0.000000 39.401008 -0.011224 0.999899 0.000000 -0.547343 0.000000 0.000000 1.000000 0.000000
0.999864 0.010644 0.000000 40.045507 -0.010753 0.999905 0.000000 -0.556297 0.000000 0.000000 1.000000 0.000000
0.999868 0.011310 0.000000 40.699883 -0.011404 0.999903 0.000000 -0.568226 0.000000 0.000000 1.000000 0.000000
0.999889 0.011338 0.000000 41.303723 -0.011416 0.999903 0.000000 -0.581290 0.000000 0.000000 1.000000 0.000000
0.999882 0.011719 0.000000 41.949663 -0.011799 0.999898 0.000000 -0.594859 0.000000 0.000000 1.000000 0.000000
0.999885 0.011536 0.000000 42.581181 -0.011622 0.999894 0.000000 -0.604519 0.000000 0.000000 1.000000 0.000000
0.999813 0.012334 0.000000 43.237202 -0.012489 0.999868 0.000000 -0.616830 0.000000 0.000000 1.000000 0.000000
0.999609 0.012552 0.000000 43.881718 -0.012918 0.999811 0.000000 -0.630041 0.000000 0.000000 1.000000 0.000000
0.999229 0.012316 0.000000 44.514443 -0.013009 0.999746 0.000000 -0.643337 0.000000 0.000000 1.000000 0.000000
0.998616 0.013111 0.000000 45.153843 -0.014129 0.999707 0.000000 -0.657560 0.000000 0.000000 1.000000 0.000000
0.998308 0.013367 0.000000 45.790722 -0.014538 0.999688 0.000000 -0.671170 0.000000 0.000000 1.000000 0.000000
0.998533 0.014376 0.000000 46.436206 -0.015550 0.999634 0.000000 -0.686767 0.000000 0.000000 1.000000 0.000000
0.999013 0.015656 0.000000 47.089825 -0.016708 0.999546 0.000000 -0.702393 0.000000 0.000000 1.000000 0.000000
0.999346 0.016724 0.000000 47.749842 -0.017554 0.999513 0.000000 -0.718540 0.000000 0.000000 1.000000 0.000000
0.999441 0.017649 0.000000 48.366535 -0.018358 0.999521 0.000000 -0.733029 0.000000 0.000000 1.000000 0.000000
0.999383 0.017107 0.000000 49.016402 -0.017828 0.999568 0.000000 -0.749509 0.000000 0.000000 1.000000 0.000000
0.999293 0.017200 0.000000 49.660245 -0.017983 0.999568 0.000000 -0.768162 0.000000 0.000000 1.000000 0.000000
0.999296 0.017157 0.000000 50.306283 -0.017942 0.999566 0.000000 -0.784295 0.000000 0.000000 1.000000 0.000000
0.999326 0.017723 0.000000 50.952451 -0.018520 0.999524 0.000000 -0.801599 0.000000 0.000000 1.000000 0.000000
0.999366 0.017854 0.000000 51.594476 -0.018622 0.999519 0.000000 -0.819272 0.000000 0.000000 1.000000 0.000000
0.999389 0.017557 0.000000 52.217523 -0.018289 0.999541 0.000000 -0.834993 0.000000 0.000000 1.000000 0.000000
0.999359 0.017377 0.000000 52.871820 -0.018157 0.999527 0.000000 -0.851918 0.000000 0.000000 1.000000 0.000000
0.999319 0.017544 0.000000 53.531398 -0.018375 0.999507 0.000000 -0.868019 0.000000 0.000000 1.000000 0.000000
0.999296 0.017491 0.000000 54.203231 -0.018321 0.999523 0.000000 -0.885582 0.000000 0.000000 1.000000 0.000000
0.999268 0.017336 0.000000 54.870404 -0.018188 0.999527 0.000000 -0.901994 0.000000 0.000000 1.000000 0.000000
0.999307 0.016409 0.000000 55.537659 -0.017223 0.999559 0.000000 -0.916848 0.000000 0.000000 1.000000 0.000000
0.999409 0.015548 0.000000 56.588777 -0.016236 0.999619 0.000000 -0.941112 0.000000 0.000000 1.000000 0.000000
0.999511 0.014921 0.000000 57.303544 -0.015512 0.999651 0.000000 -0.956684 0.000000 0.000000 1.000000 0.000000
0.999550 0.014768 0.000000 57.968747 -0.015273 0.999698 0.000000 -0.969580 0.000000 0.000000 1.000000 0.000000
0.999589 0.013784 0.000000 58.647352 -0.014241 0.999735 0.000000 -0.980727 0.000000 0.000000 1.000000 0.000000
0.999540 0.013106 0.000000 59.323286 -0.013582 0.999758 0.000000 -0.992301 0.000000 0.000000 1.000000 0.000000
0.999466 0.012499 0.000000 59.998773 -0.012966 0.999798 0.000000 -1.003008 0.000000 0.000000 1.000000 0.000000
0.999489 0.012281 0.000000 60.667128 -0.012643 0.999847 0.000000 -1.015088 0.000000 0.000000 1.000000 0.000000
0.999636 0.011682 0.000000 61.313144 -0.011946 0.999871 0.000000 -1.023389 0.000000 0.000000 1.000000 0.000000
0.999778 0.012674 0.000000 62.670876 -0.012876 0.999846 0.000000 -1.047476 0.000000 0.000000 1.000000 0.000000
0.999643 0.013933 0.000000 63.343412 -0.014216 0.999823 0.000000 -1.061507 0.000000 0.000000 1.000000 0.000000
0.999364 0.014204 0.000000 63.998999 -0.014582 0.999829 0.000000 -1.074044 0.000000 0.000000 1.000000 0.000000
0.999006 0.014885 0.000000 64.653298 -0.015371 0.999818 0.000000 -1.087803 0.000000 0.000000 1.000000 0.000000
0.998778 0.015866 0.000000 65.302530 -0.016434 0.999796 0.000000 -1.102273 0.000000 0.000000 1.000000 0.000000
0.998778 0.016123 0.000000 65.980302 -0.016741 0.999777 0.000000 -1.115917 0.000000 0.000000 1.000000 0.000000
0.998875 0.017064 0.000000 66.614937 -0.017667 0.999756 0.000000 -1.129182 0.000000 0.000000 1.000000 0.000000
0.998990 0.017101 0.000000 67.217372 -0.017717 0.999738 0.000000 -1.143115 0.000000 0.000000 1.000000 0.000000
0.999045 0.017515 0.000000 67.852807 -0.018125 0.999724 0.000000 -1.158577 0.000000 0.000000 1.000000 0.000000
0.999052 0.018376 0.000000 68.440765 -0.018980 0.999708 0.000000 -1.175232 0.000000 0.000000 1.000000 0.000000
0.999064 0.019006 0.000000 69.063338 -0.019637 0.999680 0.000000 -1.192026 0.000000 0.000000 1.000000 0.000000
0.999115 0.019212 0.000000 69.677368 -0.019858 0.999659 0.000000 -1.207214 0.000000 0.000000 1.000000 0.000000
0.999150 0.019824 0.000000 70.258035 -0.020468 0.999637 0.000000 -1.222161 0.000000 0.000000 1.000000 0.000000
0.999160 0.019587 0.000000 70.879703 -0.020227 0.999642 0.000000 -1.237086 0.000000 0.000000 1.000000 0.000000
0.999150 0.018836 0.000000 71.490713 -0.019494 0.999654 0.000000 -1.251232 0.000000 0.000000 1.000000 0.000000
0.999095 0.019400 0.000000 72.057677 -0.020082 0.999641 0.000000 -1.266160 0.000000 0.000000 1.000000 0.000000
0.999076 0.019075 0.000000 72.677709 -0.019790 0.999637 0.000000 -1.281249 0.000000 0.000000 1.000000 0.000000
0.999049 0.019336 0.000000 73.258894 -0.020058 0.999634 0.000000 -1.297716 0.000000 0.000000 1.000000 0.000000
0.999040 0.020266 0.000000 73.876606 -0.020998 0.999608 0.000000 -1.314426 0.000000 0.000000 1.000000 0.000000
0.999082 0.019500 0.000000 74.503884 -0.020213 0.999626 0.000000 -1.328495 0.000000 0.000000 1.000000 0.000000
0.999099 0.018855 0.000000 75.372227 -0.019534 0.999655 0.000000 -1.350373 0.000000 0.000000 1.000000 0.000000
0.999056 0.019716 0.000000 75.971383 -0.020420 0.999631 0.000000 -1.367389 0.000000 0.000000 1.000000 0.000000
0.999025 0.019777 0.000000 76.584876 -0.020526 0.999615 0.000000 -1.383132 0.000000 0.000000 1.000000 0.000000
0.999029 0.019484 0.000000 77.186938 -0.020220 0.999628 0.000000 -1.397671 0.000000 0.000000 1.000000 0.000000
0.999029 0.019736 0.000000 77.785821 -0.020515 0.999600 0.000000 -1.414692 0.000000 0.000000 1.000000 0.000000
0.999081 0.019900 0.000000 78.391329 -0.020686 0.999577 0.000000 -1.432940 0.000000 0.000000 1.000000 0.000000
0.999126 0.020069 0.000000 79.028750 -0.020769 0.999607 0.000000 -1.452736 0.000000 0.000000 1.000000 0.000000
0.999134 0.020426 0.000000 79.619666 -0.021071 0.999625 0.000000 -1.470052 0.000000 0.000000 1.000000 0.000000
0.999133 0.020961 0.000000 80.206662 -0.021603 0.999613 0.000000 -1.488034 0.000000 0.000000 1.000000 0.000000
0.999059 0.021571 0.000000 81.383779 -0.022267 0.999587 0.000000 -1.521407 0.000000 0.000000 1.000000 0.000000
0.999095 0.021729 0.000000 81.981629 -0.022406 0.999583 0.000000 -1.538826 0.000000 0.000000 1.000000 0.000000
0.999143 0.021489 0.000000 82.567585 -0.022137 0.999592 0.000000 -1.556525 0.000000 0.000000 1.000000 0.000000
0.999155 0.021645 0.000000 83.138009 -0.022313 0.999573 0.000000 -1.572815 0.000000 0.000000 1.000000 0.000000
0.999147 0.021846 0.000000 83.709411 -0.022555 0.999546 0.000000 -1.588734 0.000000 0.000000 1.000000 0.000000
0.999119 0.022540 0.000000 84.283844 -0.023276 0.999518 0.000000 -1.606376 0.000000 0.000000 1.000000 0.000000
0.999063 0.023157 0.000000 84.855696 -0.023934 0.999494 0.000000 -1.623025 0.000000 0.000000 1.000000 0.000000
0.999084 0.022226 0.000000 85.429206 -0.023029 0.999499 0.000000 -1.634406 0.000000 0.000000 1.000000 0.000000
0.999056 0.022132 0.000000 85.985358 -0.022951 0.999503 0.000000 -1.649321 0.000000 0.000000 1.000000 0.000000
0.999037 0.022602 0.000000 86.524569 -0.023444 0.999481 0.000000 -1.666454 0.000000 0.000000 1.000000 0.000000
0.999027 0.022935 0.000000 87.074149 -0.023791 0.999465 0.000000 -1.683416 0.000000 0.000000 1.000000 0.000000
0.999004 0.024086 0.000000 87.620056 -0.024915 0.999453 0.000000 -1.702703 0.000000 0.000000 1.000000 0.000000
0.998997 0.024829 0.000000 88.174568 -0.025626 0.999450 0.000000 -1.720675 0.000000 0.000000 1.000000 0.000000
0.999003 0.025926 0.000000 88.691675 -0.026669 0.999442 0.000000 -1.738309 0.000000 0.000000 1.000000 0.000000
0.999007 0.026980 0.000000 89.237848 -0.027679 0.999429 0.000000 -1.757182 0.000000 0.000000 1.000000 0.000000
0.999023 0.028039 0.000000 89.765864 -0.028712 0.999400 0.000000 -1.774227 0.000000 0.000000 1.000000 0.000000
0.999063 0.028898 0.000000 90.288112 -0.029548 0.999366 0.000000 -1.792349 0.000000 0.000000 1.000000 0.000000
0.999085 0.029283 0.000000 90.832679 -0.029928 0.999343 0.000000 -1.809858 0.000000 0.000000 1.000000 0.000000
0.999067 0.030085 0.000000 91.347512 -0.030721 0.999323 0.000000 -1.828676 0.000000 0.000000 1.000000 0.000000
0.999050 0.030824 0.000000 91.835203 -0.031440 0.999311 0.000000 -1.847041 0.000000 0.000000 1.000000 0.000000
0.999046 0.031302 0.000000 92.361302 -0.031906 0.999299 0.000000 -1.866874 0.000000 0.000000 1.000000 0.000000
0.999006 0.031643 0.000000 92.882031 -0.032296 0.999268 0.000000 -1.885649 0.000000 0.000000 1.000000 0.000000
0.998934 0.032733 0.000000 93.375777 -0.033413 0.999230 0.000000 -1.903614 0.000000 0.000000 1.000000 0.000000
0.998840 0.034537 0.000000 93.926567 -0.035213 0.999184 0.000000 -1.927651 0.000000 0.000000 1.000000 0.000000
0.998779 0.036101 0.000000 94.468826 -0.036777 0.999130 0.000000 -1.950765 0.000000 0.000000 1.000000 0.000000
0.998769 0.036968 0.000000 94.960175 -0.037628 0.999100 0.000000 -1.972318 0.000000 0.000000 1.000000 0.000000
0.998721 0.039121 0.000000 95.477383 -0.039770 0.999011 0.000000 -1.995954 0.000000 0.000000 1.000000 0.000000
0.998659 0.040583 0.000000 95.958516 -0.041209 0.998969 0.000000 -2.017184 0.000000 0.000000 1.000000 0.000000
0.998540 0.042242 0.000000 96.462942 -0.042819 0.998945 0.000000 -2.040458 0.000000 0.000000 1.000000 0.000000
0.998388 0.044325 0.000000 97.141474 -0.044873 0.998883 0.000000 -2.073385 0.000000 0.000000 1.000000 0.000000
0.998318 0.045802 0.000000 97.650934 -0.046279 0.998847 0.000000 -2.097340 0.000000 0.000000 1.000000 0.000000
0.998281 0.047728 0.000000 98.144102 -0.048158 0.998768 0.000000 -2.123175 0.000000 0.000000 1.000000 0.000000
0.998202 0.050361 0.000000 98.641907 -0.050759 0.998644 0.000000 -2.152098 0.000000 0.000000 1.000000 0.000000
0.998074 0.052340 0.000000 99.141610 -0.052763 0.998535 0.000000 -2.180308 0.000000 0.000000 1.000000 0.000000
0.997910 0.054019 0.000000 99.629373 -0.054488 0.998438 0.000000 -2.209371 0.000000 0.000000 1.000000 0.000000
0.997689 0.055657 0.000000 100.105273 -0.056163 0.998350 0.000000 -2.237592 0.000000 0.000000 1.000000 0.000000
0.997331 0.059218 0.000000 101.056052 -0.059772 0.998142 0.000000 -2.298280 0.000000 0.000000 1.000000 0.000000
0.997252 0.060525 0.000000 101.524519 -0.061093 0.998058 0.000000 -2.329271 0.000000 0.000000 1.000000 0.000000
0.997072 0.063038 0.000000 101.991491 -0.063632 0.997895 0.000000 -2.362279 0.000000 0.000000 1.000000 0.000000
0.996867 0.065760 0.000000 102.460905 -0.066371 0.997715 0.000000 -2.394428 0.000000 0.000000 1.000000 0.000000
0.996617 0.068820 0.000000 102.934658 -0.069494 0.997489 0.000000 -2.428170 0.000000 0.000000 1.000000 0.000000
0.996315 0.071922 0.000000 103.407949 -0.072587 0.997281 0.000000 -2.463530 0.000000 0.000000 1.000000 0.000000
0.996023 0.074685 0.000000 103.890225 -0.075377 0.997076 0.000000 -2.500815 0.000000 0.000000 1.000000 0.000000
0.995692 0.077860 0.000000 104.360901 -0.078627 0.996814 0.000000 -2.539875 0.000000 0.000000 1.000000 0.000000
0.995309 0.080902 0.000000 104.830834 -0.081667 0.996582 0.000000 -2.580148 0.000000 0.000000 1.000000 0.000000
0.994930 0.084326 0.000000 105.279753 -0.085126 0.996293 0.000000 -2.620768 0.000000 0.000000 1.000000 0.000000
0.994674 0.086522 0.000000 105.710693 -0.087367 0.996094 0.000000 -2.660429 0.000000 0.000000 1.000000 0.000000
0.994322 0.089258 0.000000 106.166079 -0.090182 0.995833 0.000000 -2.702497 0.000000 0.000000 1.000000 0.000000
0.993803 0.092334 0.000000 106.622065 -0.093457 0.995503 0.000000 -2.747831 0.000000 0.000000 1.000000 0.000000
0.993225 0.095324 0.000000 107.072799 -0.096493 0.995227 0.000000 -2.792460 0.000000 0.000000 1.000000 0.000000
0.992615 0.099283 0.000000 107.504392 -0.100375 0.994873 0.000000 -2.838524 0.000000 0.000000 1.000000 0.000000
0.992057 0.102762 0.000000 107.938008 -0.103933 0.994505 0.000000 -2.884773 0.000000 0.000000 1.000000 0.000000
0.991507 0.106769 0.000000 108.380345 -0.108071 0.994048 0.000000 -2.933361 0.000000 0.000000 1.000000 0.000000
0.990818 0.111578 0.000000 108.809077 -0.113091 0.993459 0.000000 -2.981328 0.000000 0.000000 1.000000 0.000000
0.990117 0.117425 0.000000 109.235212 -0.119118 0.992719 0.000000 -3.030647 0.000000 0.000000 1.000000 0.000000
0.989480 0.123557 0.000000 109.657911 -0.125167 0.991989 0.000000 -3.083544 0.000000 0.000000 1.000000 0.000000
0.988825 0.128216 0.000000 110.055224 -0.129839 0.991393 0.000000 -3.136451 0.000000 0.000000 1.000000 0.000000
0.988255 0.132656 0.000000 110.469969 -0.134147 0.990850 0.000000 -3.193627 0.000000 0.000000 1.000000 0.000000
0.987803 0.136783 0.000000 110.863361 -0.138194 0.990304 0.000000 -3.250365 0.000000 0.000000 1.000000 0.000000
0.987370 0.140951 0.000000 111.274428 -0.142455 0.989671 0.000000 -3.312896 0.000000 0.000000 1.000000 0.000000
0.987230 0.143528 0.000000 111.667965 -0.145033 0.989276 0.000000 -3.371760 0.000000 0.000000 1.000000 0.000000
0.987141 0.146432 0.000000 112.034056 -0.147883 0.988832 0.000000 -3.428403 0.000000 0.000000 1.000000 0.000000
0.987019 0.149813 0.000000 112.427911 -0.151084 0.988353 0.000000 -3.493293 0.000000 0.000000 1.000000 0.000000
0.986832 0.153245 0.000000 112.825571 -0.154332 0.987861 0.000000 -3.557164 0.000000 0.000000 1.000000 0.000000
0.986489 0.157279 0.000000 113.369487 -0.158068 0.987327 0.000000 -3.646567 0.000000 0.000000 1.000000 0.000000
0.986204 0.159890 0.000000 113.782907 -0.160370 0.987025 0.000000 -3.715855 0.000000 0.000000 1.000000 0.000000
0.985760 0.162688 0.000000 114.191062 -0.163034 0.986609 0.000000 -3.787059 0.000000 0.000000 1.000000 0.000000
0.985118 0.165653 0.000000 114.591444 -0.166010 0.986116 0.000000 -3.856944 0.000000 0.000000 1.000000 0.000000
0.984578 0.168267 0.000000 114.992408 -0.168581 0.985685 0.000000 -3.929003 0.000000 0.000000 1.000000 0.000000
0.984255 0.169645 0.000000 115.396822 -0.170001 0.985439 0.000000 -4.001742 0.000000 0.000000 1.000000 0.000000
0.984006 0.171231 0.000000 115.800787 -0.171623 0.985155 0.000000 -4.076918 0.000000 0.000000 1.000000 0.000000
0.983992 0.171827 0.000000 116.223875 -0.172153 0.985066 0.000000 -4.153005 0.000000 0.000000 1.000000 0.000000
0.983940 0.172845 0.000000 116.962365 -0.173046 0.984914 0.000000 -4.290802 0.000000 0.000000 1.000000 0.000000
0.983864 0.173600 0.000000 117.391007 -0.173752 0.984789 0.000000 -4.372529 0.000000 0.000000 1.000000 0.000000
0.983779 0.174262 0.000000 117.831166 -0.174435 0.984669 0.000000 -4.454039 0.000000 0.000000 1.000000 0.000000
0.983508 0.175765 0.000000 118.264949 -0.176050 0.984377 0.000000 -4.536254 0.000000 0.000000 1.000000 0.000000
0.983286 0.176917 0.000000 118.696329 -0.177308 0.984141 0.000000 -4.618481 0.000000 0.000000 1.000000 0.000000
0.983203 0.177552 0.000000 119.132514 -0.177987 0.984010 0.000000 -4.700684 0.000000 0.000000 1.000000 0.000000
0.983252 0.177732 0.000000 119.574118 -0.178165 0.983973 0.000000 -4.783780 0.000000 0.000000 1.000000 0.000000
0.983147 0.178759 0.000000 120.019165 -0.179166 0.983791 0.000000 -4.867010 0.000000 0.000000 1.000000 0.000000
0.982957 0.180245 0.000000 120.459464 -0.180625 0.983523 0.000000 -4.950373 0.000000 0.000000 1.000000 0.000000
0.982722 0.182003 0.000000 120.906688 -0.182356 0.983202 0.000000 -5.036460 0.000000 0.000000 1.000000 0.000000
0.982500 0.183578 0.000000 121.357775 -0.183970 0.982881 0.000000 -5.121773 0.000000 0.000000 1.000000 0.000000
0.982287 0.185556 0.000000 122.185946 -0.185958 0.982459 0.000000 -5.281123 0.000000 0.000000 1.000000 0.000000
0.981968 0.187513 0.000000 122.633569 -0.187869 0.982102 0.000000 -5.371542 0.000000 0.000000 1.000000 0.000000
0.981685 0.189156 0.000000 123.079693 -0.189486 0.981792 0.000000 -5.460404 0.000000 0.000000 1.000000 0.000000
0.981380 0.191008 0.000000 123.537576 -0.191323 0.981414 0.000000 -5.553738 0.000000 0.000000 1.000000 0.000000
0.981014 0.193070 0.000000 123.994443 -0.193397 0.980953 0.000000 -5.648426 0.000000 0.000000 1.000000 0.000000
0.980566 0.195447 0.000000 124.452768 -0.195785 0.980420 0.000000 -5.742080 0.000000 0.000000 1.000000 0.000000
0.980399 0.196470 0.000000 124.909789 -0.196773 0.980176 0.000000 -5.839440 0.000000 0.000000 1.000000 0.000000
0.980185 0.197634 0.000000 125.371645 -0.197903 0.979945 0.000000 -5.938549 0.000000 0.000000 1.000000 0.000000
0.980009 0.198492 0.000000 125.873715 -0.198770 0.979754 0.000000 -6.046026 0.000000 0.000000 1.000000 0.000000
0.979681 0.200086 0.000000 126.310601 -0.200372 0.979425 0.000000 -6.140799 0.000000 0.000000 1.000000 0.000000
0.979137 0.202691 0.000000 126.805980 -0.202993 0.978881 0.000000 -6.249697 0.000000 0.000000 1.000000 0.000000
0.978869 0.203919 0.000000 127.270079 -0.204255 0.978591 0.000000 -6.352453 0.000000 0.000000 1.000000 0.000000
0.978729 0.204612 0.000000 127.745373 -0.204954 0.978403 0.000000 -6.455297 0.000000 0.000000 1.000000 0.000000
0.978462 0.205948 0.000000 128.219238 -0.206284 0.978053 0.000000 -6.560811 0.000000 0.000000 1.000000 0.000000
0.978668 0.205017 0.000000 128.697011 -0.205336 0.978220 0.000000 -6.655209 0.000000 0.000000 1.000000 0.000000
0.978508 0.205821 0.000000 129.169139 -0.206126 0.978019 0.000000 -6.758050 0.000000 0.000000 1.000000 0.000000
0.978391 0.206364 0.000000 129.636997 -0.206672 0.977912 0.000000 -6.856924 0.000000 0.000000 1.000000 0.000000
0.978167 0.207398 0.000000 130.110710 -0.207703 0.977764 0.000000 -6.959903 0.000000 0.000000 1.000000 0.000000
0.977901 0.208583 0.000000 130.563483 -0.208901 0.977577 0.000000 -7.061126 0.000000 0.000000 1.000000 0.000000
0.977593 0.209933 0.000000 131.033123 -0.210258 0.977360 0.000000 -7.165400 0.000000 0.000000 1.000000 0.000000
0.977146 0.211928 0.000000 131.513751 -0.212275 0.976933 0.000000 -7.273724 0.000000 0.000000 1.000000 0.000000
0.976784 0.213757 0.000000 132.310289 -0.214088 0.976396 0.000000 -7.454637 0.000000 0.000000 1.000000 0.000000
0.976796 0.213834 0.000000 132.794461 -0.214103 0.976358 0.000000 -7.562765 0.000000 0.000000 1.000000 0.000000
0.976758 0.214021 0.000000 133.778552 -0.214248 0.976492 0.000000 -7.783483 0.000000 0.000000 1.000000 0.000000
0.976561 0.214856 0.000000 134.267512 -0.215086 0.976382 0.000000 -7.893933 0.000000 0.000000 1.000000 0.000000
0.976198 0.216300 0.000000 134.768497 -0.216592 0.976061 0.000000 -8.008306 0.000000 0.000000 1.000000 0.000000
0.975827 0.217767 0.000000 135.267501 -0.218150 0.975664 0.000000 -8.121784 0.000000 0.000000 1.000000 0.000000
0.975664 0.218423 0.000000 135.763479 -0.218850 0.975468 0.000000 -8.233947 0.000000 0.000000 1.000000 0.000000
0.975633 0.218584 0.000000 136.255948 -0.218977 0.975485 0.000000 -8.345186 0.000000 0.000000 1.000000 0.000000
0.975502 0.219080 0.000000 136.797074 -0.219462 0.975426 0.000000 -8.470167 0.000000 0.000000 1.000000 0.000000
0.975350 0.219702 0.000000 137.281887 -0.220060 0.975336 0.000000 -8.583880 0.000000 0.000000 1.000000 0.000000
0.974766 0.222268 0.000000 137.796270 -0.222619 0.974766 0.000000 -8.706137 0.000000 0.000000 1.000000 0.000000
0.974466 0.223728 0.000000 138.317872 -0.224057 0.974421 0.000000 -8.832341 0.000000 0.000000 1.000000 0.000000
0.974134 0.225324 0.000000 138.791968 -0.225626 0.974040 0.000000 -8.951770 0.000000 0.000000 1.000000 0.000000
0.974067 0.225707 0.000000 139.303770 -0.225992 0.973934 0.000000 -9.076335 0.000000 0.000000 1.000000 0.000000
0.973892 0.226492 0.000000 139.824601 -0.226774 0.973738 0.000000 -9.202252 0.000000 0.000000 1.000000 0.000000
0.973975 0.226185 0.000000 140.306838 -0.226449 0.973814 0.000000 -9.315379 0.000000 0.000000 1.000000 0.000000
0.973836 0.226823 0.000000 140.832466 -0.227075 0.973663 0.000000 -9.440726 0.000000 0.000000 1.000000 0.000000
0.973684 0.227465 0.000000 141.364707 -0.227726 0.973500 0.000000 -9.569784 0.000000 0.000000 1.000000 0.000000
0.973336 0.228948 0.000000 141.982210 -0.229214 0.973138 0.000000 -9.720631 0.000000 0.000000 1.000000 0.000000
0.973183 0.229581 0.000000 142.543928 -0.229855 0.972984 0.000000 -9.855943 0.000000 0.000000 1.000000 0.000000
0.972950 0.230561 0.000000 143.042463 -0.230832 0.972765 0.000000 -9.977234 0.000000 0.000000 1.000000 0.000000
0.972390 0.232897 0.000000 143.572697 -0.233165 0.972224 0.000000 -10.110364 0.000000 0.000000 1.000000 0.000000
0.971576 0.236278 0.000000 144.101971 -0.236539 0.971415 0.000000 -10.244819 0.000000 0.000000 1.000000 0.000000
0.970748 0.239687 0.000000 144.636913 -0.239925 0.970611 0.000000 -10.381965 0.000000 0.000000 1.000000 0.000000
0.967544 0.252560 0.000000 148.497238 -0.252672 0.967404 0.000000 -11.412588 0.000000 0.000000 1.000000 0.000000
0.967431 0.253019 0.000000 149.018921 -0.253117 0.967283 0.000000 -11.553473 0.000000 0.000000 1.000000 0.000000
0.967177 0.254000 0.000000 150.180542 -0.254082 0.967077 0.000000 -11.870953 0.000000 0.000000 1.000000 0.000000
0.967312 0.253497 0.000000 151.300586 -0.253559 0.967260 0.000000 -12.173618 0.000000 0.000000 1.000000 0.000000
0.967296 0.253567 0.000000 151.866438 -0.253622 0.967254 0.000000 -12.327556 0.000000 0.000000 1.000000 0.000000
0.967468 0.252931 0.000000 152.427981 -0.252973 0.967432 0.000000 -12.478372 0.000000 0.000000 1.000000 0.000000
0.967587 0.252497 0.000000 152.993260 -0.252523 0.967566 0.000000 -12.630682 0.000000 0.000000 1.000000 0.000000
0.967786 0.251727 0.000000 153.550949 -0.251748 0.967782 0.000000 -12.782953 0.000000 0.000000 1.000000 0.000000
0.967913 0.251231 0.000000 154.111275 -0.251246 0.967920 0.000000 -12.936191 0.000000 0.000000 1.000000 0.000000
0.967950 0.251086 0.000000 154.683218 -0.251093 0.967963 0.000000 -13.091912 0.000000 0.000000 1.000000 0.000000
0.968027 0.250784 0.000000 155.249933 -0.250784 0.968043 0.000000 -13.245262 0.000000 0.000000 1.000000 0.000000
0.968286 0.249776 0.000000 155.817799 -0.249774 0.968304 0.000000 -13.398703 0.000000 0.000000 1.000000 0.000000
0.968741 0.248027 0.000000 156.727611 -0.248017 0.968752 0.000000 -13.647228 0.000000 0.000000 1.000000 0.000000
0.968974 0.247096 0.000000 157.314806 -0.247073 0.968987 0.000000 -13.807391 0.000000 0.000000 1.000000 0.000000
0.969315 0.245753 0.000000 157.885294 -0.245727 0.969327 0.000000 -13.960979 0.000000 0.000000 1.000000 0.000000
0.969716 0.244173 0.000000 158.471525 -0.244153 0.969728 0.000000 -14.112561 0.000000 0.000000 1.000000 0.000000
0.969929 0.243355 0.000000 159.097253 -0.243345 0.969936 0.000000 -14.278528 0.000000 0.000000 1.000000 0.000000
0.970323 0.241804 0.000000 159.623854 -0.241801 0.970324 0.000000 -14.416303 0.000000 0.000000 1.000000 0.000000
0.970576 0.240786 0.000000 160.233820 -0.240784 0.970578 0.000000 -14.576718 0.000000 0.000000 1.000000 0.000000
0.970803 0.239858 0.000000 160.804904 -0.239856 0.970808 0.000000 -14.726831 0.000000 0.000000 1.000000 0.000000
0.971014 0.238979 0.000000 161.373435 -0.238977 0.971025 0.000000 -14.877722 0.000000 0.000000 1.000000 0.000000
0.971239 0.238056 0.000000 161.940131 -0.238053 0.971251 0.000000 -15.023377 0.000000 0.000000 1.000000 0.000000
0.971320 0.237749 0.000000 162.507240 -0.237746 0.971326 0.000000 -15.170745 0.000000 0.000000 1.000000 0.000000
0.971500 0.237036 0.000000 163.071966 -0.237034 0.971500 0.000000 -15.316186 0.000000 0.000000 1.000000 0.000000
0.971551 0.236827 0.000000 163.644335 -0.236828 0.971550 0.000000 -15.464804 0.000000 0.000000 1.000000 0.000000
0.971474 0.237127 0.000000 164.211385 -0.237136 0.971472 0.000000 -15.615229 0.000000 0.000000 1.000000 0.000000
0.971671 0.236295 0.000000 164.777334 -0.236308 0.971675 0.000000 -15.761824 0.000000 0.000000 1.000000 0.000000
0.971858 0.235522 0.000000 165.328863 -0.235533 0.971864 0.000000 -15.904919 0.000000 0.000000 1.000000 0.000000
0.972211 0.234048 0.000000 166.420753 -0.234044 0.972225 0.000000 -16.182613 0.000000 0.000000 1.000000 0.000000
0.972448 0.233062 0.000000 166.988743 -0.233049 0.972460 0.000000 -16.324017 0.000000 0.000000 1.000000 0.000000
0.972516 0.232782 0.000000 167.520740 -0.232761 0.972524 0.000000 -16.458019 0.000000 0.000000 1.000000 0.000000
0.972590 0.232491 0.000000 168.104826 -0.232473 0.972593 0.000000 -16.605351 0.000000 0.000000 1.000000 0.000000
0.972567 0.232608 0.000000 168.659770 -0.232596 0.972564 0.000000 -16.743641 0.000000 0.000000 1.000000 0.000000
0.972548 0.232692 0.000000 169.756469 -0.232701 0.972531 0.000000 -17.011813 0.000000 0.000000 1.000000 0.000000
0.972546 0.232703 0.000000 170.314599 -0.232709 0.972536 0.000000 -17.148031 0.000000 0.000000 1.000000 0.000000
0.972691 0.232097 0.000000 170.854640 -0.232103 0.972679 0.000000 -17.283209 0.000000 0.000000 1.000000 0.000000
0.972811 0.231589 0.000000 171.421349 -0.231598 0.972789 0.000000 -17.423078 0.000000 0.000000 1.000000 0.000000
0.972941 0.231046 0.000000 171.988822 -0.231052 0.972912 0.000000 -17.562962 0.000000 0.000000 1.000000 0.000000
0.972951 0.231006 0.000000 172.518782 -0.231011 0.972932 0.000000 -17.689492 0.000000 0.000000 1.000000 0.000000
0.973123 0.230276 0.000000 173.284852 -0.230285 0.973098 0.000000 -17.873474 0.000000 0.000000 1.000000 0.000000
0.973241 0.229777 0.000000 173.853760 -0.229787 0.973221 0.000000 -18.010960 0.000000 0.000000 1.000000 0.000000
0.973092 0.230406 0.000000 174.426836 -0.230417 0.973074 0.000000 -18.152880 0.000000 0.000000 1.000000 0.000000
0.973064 0.230522 0.000000 175.038652 -0.230533 0.973044 0.000000 -18.306413 0.000000 0.000000 1.000000 0.000000
0.972970 0.230915 0.000000 175.573990 -0.230926 0.972956 0.000000 -18.441015 0.000000 0.000000 1.000000 0.000000
0.973062 0.230536 0.000000 176.187069 -0.230541 0.973057 0.000000 -18.594992 0.000000 0.000000 1.000000 0.000000
0.973157 0.230138 0.000000 176.758772 -0.230140 0.973154 0.000000 -18.736525 0.000000 0.000000 1.000000 0.000000
0.973265 0.229677 0.000000 177.325502 -0.229681 0.973263 0.000000 -18.877622 0.000000 0.000000 1.000000 0.000000
0.973213 0.229895 0.000000 177.900194 -0.229900 0.973212 0.000000 -19.021453 0.000000 0.000000 1.000000 0.000000
0.973246 0.229755 0.000000 178.458458 -0.229760 0.973244 0.000000 -19.162416 0.000000 0.000000 1.000000 0.000000
0.973297 0.229538 0.000000 179.028662 -0.229546 0.973291 0.000000 -19.305557 0.000000 0.000000 1.000000 0.000000
0.973421 0.228994 0.000000 179.597811 -0.229008 0.973416 0.000000 -19.444431 0.000000 0.000000 1.000000 0.000000
0.973473 0.228759 0.000000 180.177608 -0.228776 0.973471 0.000000 -19.586704 0.000000 0.000000 1.000000 0.000000
0.973593 0.228226 0.000000 180.753970 -0.228251 0.973592 0.000000 -19.725949 0.000000 0.000000 1.000000 0.000000
0.973654 0.227945 0.000000 181.330391 -0.227981 0.973649 0.000000 -19.868742 0.000000 0.000000 1.000000 0.000000
0.973737 0.227592 0.000000 181.907947 -0.227632 0.973724 0.000000 -20.010806 0.000000 0.000000 1.000000 0.000000
0.973799 0.227345 0.000000 182.483369 -0.227384 0.973770 0.000000 -20.152606 0.000000 0.000000 1.000000 0.000000
0.973825 0.227243 0.000000 183.032469 -0.227281 0.973784 0.000000 -20.287471 0.000000 0.000000 1.000000 0.000000
0.973902 0.226914 0.000000 183.658493 -0.226954 0.973854 0.000000 -20.438560 0.000000 0.000000 1.000000 0.000000
0.973956 0.226670 0.000000 184.191277 -0.226714 0.973918 0.000000 -20.567472 0.000000 0.000000 1.000000 0.000000
0.974040 0.226296 0.000000 184.761897 -0.226342 0.974010 0.000000 -20.709433 0.000000 0.000000 1.000000 0.000000
0.973816 0.227245 0.000000 185.354305 -0.227293 0.973794 0.000000 -20.858075 0.000000 0.000000 1.000000 0.000000
0.973771 0.227432 0.000000 185.933665 -0.227479 0.973755 0.000000 -21.003602 0.000000 0.000000 1.000000 0.000000
0.973816 0.227252 0.000000 186.518173 -0.227290 0.973807 0.000000 -21.146725 0.000000 0.000000 1.000000 0.000000
0.973874 0.227009 0.000000 187.100581 -0.227041 0.973870 0.000000 -21.291630 0.000000 0.000000 1.000000 0.000000
0.974083 0.226116 0.000000 187.680728 -0.226142 0.974085 0.000000 -21.432068 0.000000 0.000000 1.000000 0.000000
0.974105 0.226022 0.000000 188.254362 -0.226048 0.974106 0.000000 -21.571359 0.000000 0.000000 1.000000 0.000000
0.974293 0.225205 0.000000 188.840321 -0.225235 0.974292 0.000000 -21.709873 0.000000 0.000000 1.000000 0.000000
0.974378 0.224829 0.000000 189.419537 -0.224859 0.974380 0.000000 -21.846807 0.000000 0.000000 1.000000 0.000000
0.974418 0.224643 0.000000 189.987473 -0.224674 0.974424 0.000000 -21.984936 0.000000 0.000000 1.000000 0.000000
0.974420 0.224588 0.000000 190.559105 -0.224634 0.974428 0.000000 -22.125406 0.000000 0.000000 1.000000 0.000000
0.974411 0.224565 0.000000 191.132804 -0.224634 0.974420 0.000000 -22.265351 0.000000 0.000000 1.000000 0.000000
0.974336 0.224835 0.000000 191.677121 -0.224917 0.974353 0.000000 -22.398303 0.000000 0.000000 1.000000 0.000000
0.974535 0.223971 0.000000 192.241066 -0.224053 0.974552 0.000000 -22.532869 0.000000 0.000000 1.000000 0.000000
0.974632 0.223581 0.000000 192.813852 -0.223659 0.974640 0.000000 -22.670536 0.000000 0.000000 1.000000 0.000000
0.974559 0.223961 0.000000 193.369725 -0.224034 0.974545 0.000000 -22.805590 0.000000 0.000000 1.000000 0.000000
0.974476 0.224377 0.000000 193.933715 -0.224440 0.974441 0.000000 -22.946186 0.000000 0.000000 1.000000 0.000000
0.974539 0.224133 0.000000 194.509471 -0.224192 0.974476 0.000000 -23.085060 0.000000 0.000000 1.000000 0.000000
0.974755 0.223205 0.000000 195.055078 -0.223260 0.974677 0.000000 -23.213488 0.000000 0.000000 1.000000 0.000000
0.974731 0.223302 0.000000 195.623433 -0.223364 0.974640 0.000000 -23.350574 0.000000 0.000000 1.000000 0.000000
0.974778 0.223072 0.000000 196.203705 -0.223148 0.974686 0.000000 -23.488609 0.000000 0.000000 1.000000 0.000000
0.974878 0.222612 0.000000 196.744808 -0.222703 0.974775 0.000000 -23.618694 0.000000 0.000000 1.000000 0.000000
0.974845 0.222783 0.000000 197.307620 -0.222866 0.974709 0.000000 -23.754124 0.000000 0.000000 1.000000 0.000000
0.974827 0.222937 0.000000 197.878221 -0.222963 0.974665 0.000000 -23.891691 0.000000 0.000000 1.000000 0.000000
0.975069 0.221899 0.000000 198.709396 -0.221880 0.974935 0.000000 -24.086906 0.000000 0.000000 1.000000 0.000000
0.975252 0.221094 0.000000 199.267651 -0.221088 0.975157 0.000000 -24.217554 0.000000 0.000000 1.000000 0.000000
0.975033 0.221998 0.000000 199.836775 -0.222041 0.974984 0.000000 -24.354927 0.000000 0.000000 1.000000 0.000000
0.974739 0.223126 0.000000 200.401122 -0.223198 0.974749 0.000000 -24.490796 0.000000 0.000000 1.000000 0.000000
0.974738 0.223029 0.000000 200.972077 -0.223100 0.974783 0.000000 -24.626665 0.000000 0.000000 1.000000 0.000000
0.974925 0.222313 0.000000 201.553506 -0.222360 0.974957 0.000000 -24.765199 0.000000 0.000000 1.000000 0.000000
0.975078 0.221789 0.000000 202.123314 -0.221811 0.975083 0.000000 -24.901115 0.000000 0.000000 1.000000 0.000000
0.975237 0.221155 0.000000 202.710868 -0.221160 0.975230 0.000000 -25.043614 0.000000 0.000000 1.000000 0.000000
0.975279 0.220975 0.000000 203.210493 -0.220974 0.975260 0.000000 -25.161585 0.000000 0.000000 1.000000 0.000000
0.975460 0.220170 0.000000 204.191583 -0.220174 0.975405 0.000000 -25.392259 0.000000 0.000000 1.000000 0.000000
0.975583 0.219624 0.000000 204.749031 -0.219630 0.975504 0.000000 -25.523602 0.000000 0.000000 1.000000 0.000000
0.975661 0.219279 0.000000 205.476925 -0.219274 0.975538 0.000000 -25.693750 0.000000 0.000000 1.000000 0.000000
0.975750 0.218887 0.000000 206.217222 -0.218841 0.975579 0.000000 -25.867759 0.000000 0.000000 1.000000 0.000000
0.975544 0.219801 0.000000 207.211961 -0.219732 0.975344 0.000000 -26.101646 0.000000 0.000000 1.000000 0.000000
0.975548 0.219787 0.000000 207.778853 -0.219723 0.975313 0.000000 -26.232888 0.000000 0.000000 1.000000 0.000000
0.975477 0.220096 0.000000 208.358183 -0.220070 0.975203 0.000000 -26.370175 0.000000 0.000000 1.000000 0.000000
0.975485 0.220050 0.000000 208.908559 -0.220051 0.975186 0.000000 -26.499697 0.000000 0.000000 1.000000 0.000000
0.975482 0.220044 0.000000 209.433094 -0.220076 0.975188 0.000000 -26.621760 0.000000 0.000000 1.000000 0.000000
0.975544 0.219756 0.000000 210.005636 -0.219802 0.975238 0.000000 -26.754601 0.000000 0.000000 1.000000 0.000000
0.975571 0.219613 0.000000 210.563874 -0.219685 0.975254 0.000000 -26.884293 0.000000 0.000000 1.000000 0.000000
0.975272 0.220881 0.000000 211.356597 -0.221001 0.974958 0.000000 -27.072011 0.000000 0.000000 1.000000 0.000000
0.975155 0.221328 0.000000 211.914869 -0.221496 0.974834 0.000000 -27.206916 0.000000 0.000000 1.000000 0.000000
0.975227 0.220978 0.000000 212.476503 -0.221167 0.974907 0.000000 -27.337180 0.000000 0.000000 1.000000 0.000000
