0.999996 0.002589 0.000000 1.114618 -0.002587 0.999994 0.000000 -0.003675 0.000000 0.000000 1.000000 0.000000
0.999995 0.002963 0.000000 1.692243 -0.002961 0.999988 0.000000 -0.005251 0.000000 0.000000 1.000000 0.000000
0.999986 0.005290 0.000000 2.248508 -0.005287 0.999976 0.000000 -0.011428 0.000000 0.000000 1.000000 0.000000
0.999980 0.006296 0.000000 2.841773 -0.006295 0.999965 0.000000 -0.015583 0.000000 0.000000 1.000000 0.000000
0.999972 0.007352 0.000000 3.424504 -0.007359 0.999949 0.000000 -0.019804 0.000000 0.000000 1.000000 0.000000
0.999968 0.007852 0.000000 4.002913 -0.007865 0.999938 0.000000 -0.024329 0.000000 0.000000 1.000000 0.000000
0.999951 0.009732 0.000000 4.551859 -0.009748 0.999913 0.000000 -0.032424 0.000000 0.000000 1.000000 0.000000
0.999942 0.010492 0.000000 5.138510 -0.010513 0.999906 0.000000 -0.039833 0.000000 0.000000 1.000000 0.000000
0.999922 0.012041 0.000000 5.727778 -0.012071 0.999884 0.000000 -0.050244 0.000000 0.000000 1.000000 0.000000
0.999896 0.013883 0.000000 6.262959 -0.013919 0.999857 0.000000 -0.059322 0.000000 0.000000 1.000000 0.000000
0.999856 0.016561 0.000000 6.853122 -0.016596 0.999811 0.000000 -0.073912 0.000000 0.000000 1.000000 0.000000
0.999817 0.019133 0.000000 7.994703 -0.019142 0.999755 0.000000 -0.099763 0.000000 0.000000 1.000000 0.000000
0.999778 0.021061 0.000000 8.597878 -0.021058 0.999711 0.000000 -0.116195 0.000000 0.000000 1.000000 0.000000
0.999730 0.023254 0.000000 9.433702 -0.023249 0.999650 0.000000 -0.138872 0.000000 0.000000 1.000000 0.000000
0.999667 0.025786 0.000000 10.022092 -0.025778 0.999578 0.000000 -0.159049 0.000000 0.000000 1.000000 0.000000
0.999625 0.027320 0.000000 10.615224 -0.027295 0.999534 0.000000 -0.177814 0.000000 0.000000 1.000000 0.000000
0.999610 0.027720 0.000000 11.208540 -0.027670 0.999513 0.000000 -0.195277 0.000000 0.000000 1.000000 0.000000
0.999567 0.029089 0.000000 11.757822 -0.029020 0.999467 0.000000 -0.212714 0.000000 0.000000 1.000000 0.000000
0.999473 0.032114 0.000000 12.364115 -0.032037 0.999369 0.000000 -0.232907 0.000000 0.000000 1.000000 0.000000
0.999430 0.033439 0.000000 12.924415 -0.033362 0.999325 0.000000 -0.254558 0.000000 0.000000 1.000000 0.000000
0.999418 0.033765 0.000000 13.511252 -0.033684 0.999307 0.000000 -0.277378 0.000000 0.000000 1.000000 0.000000
0.999390 0.034471 0.000000 14.071544 -0.034377 0.999277 0.000000 -0.300539 0.000000 0.000000 1.000000 0.000000
0.999368 0.034925 0.000000 14.641037 -0.034817 0.999271 0.000000 -0.324087 0.000000 0.000000 1.000000 0.000000
0.999310 0.036251 0.000000 15.220263 -0.036125 0.999233 0.000000 -0.348142 0.000000 0.000000 1.000000 0.000000
0.999215 0.038439 0.000000 15.984889 -0.038305 0.999171 0.000000 -0.382471 0.000000 0.000000 1.000000 0.000000
0.999164 0.039635 0.000000 16.617653 -0.039498 0.999129 0.000000 -0.411010 0.000000 0.000000 1.000000 0.000000
0.999105 0.041164 0.000000 17.165975 -0.041023 0.999057 0.000000 -0.437103 0.000000 0.000000 1.000000 0.000000
0.999084 0.041828 0.000000 17.778857 -0.041695 0.999026 0.000000 -0.464729 0.000000 0.000000 1.000000 0.000000
0.999031 0.043118 0.000000 18.362345 -0.042991 0.998976 0.000000 -0.494652 0.000000 0.000000 1.000000 0.000000
0.998938 0.044706 0.000000 18.952634 -0.044561 0.998922 0.000000 -0.525423 0.000000 0.000000 1.000000 0.000000
0.998781 0.046886 0.000000 19.528784 -0.046688 0.998826 0.000000 -0.554881 0.000000 0.000000 1.000000 0.000000
0.998671 0.047611 0.000000 20.098313 -0.047382 0.998806 0.000000 -0.582692 0.000000 0.000000 1.000000 0.000000
0.998590 0.048868 0.000000 20.668255 -0.048641 0.998753 0.000000 -0.610905 0.000000 0.000000 1.000000 0.000000
0.998625 0.049361 0.000000 21.253999 -0.049167 0.998727 0.000000 -0.639522 0.000000 0.000000 1.000000 0.000000
0.998652 0.050635 0.000000 21.835089 -0.050505 0.998659 0.000000 -0.669403 0.000000 0.000000 1.000000 0.000000
0.998587 0.052984 0.000000 22.408382 -0.052928 0.998515 0.000000 -0.702074 0.000000 0.000000 1.000000 0.000000
0.998550 0.053815 0.000000 22.956348 -0.053795 0.998452 0.000000 -0.733908 0.000000 0.000000 1.000000 0.000000
0.998473 0.055064 0.000000 23.522934 -0.054997 0.998389 0.000000 -0.770231 0.000000 0.000000 1.000000 0.000000
0.998212 0.057761 0.000000 24.626390 -0.057532 0.998232 0.000000 -0.838719 0.000000 0.000000 1.000000 0.000000
0.997939 0.061239 0.000000 25.564884 -0.060904 0.997988 0.000000 -0.898587 0.000000 0.000000 1.000000 0.000000
0.997793 0.064279 0.000000 26.116574 -0.063968 0.997780 0.000000 -0.937175 0.000000 0.000000 1.000000 0.000000
0.997758 0.065450 0.000000 26.664722 -0.065182 0.997695 0.000000 -0.974117 0.000000 0.000000 1.000000 0.000000
0.997553 0.068731 0.000000 27.219990 -0.068468 0.997454 0.000000 -1.013212 0.000000 0.000000 1.000000 0.000000
0.997285 0.072389 0.000000 27.782714 -0.072101 0.997181 0.000000 -1.058650 0.000000 0.000000 1.000000 0.000000
0.997117 0.074269 0.000000 28.377945 -0.073934 0.997040 0.000000 -1.106306 0.000000 0.000000 1.000000 0.000000
0.996826 0.077771 0.000000 28.936931 -0.077394 0.996763 0.000000 -1.153413 0.000000 0.000000 1.000000 0.000000
0.996289 0.084465 0.000000 30.050566 -0.084068 0.996187 0.000000 -1.250698 0.000000 0.000000 1.000000 0.000000
0.996084 0.086985 0.000000 30.610008 -0.086599 0.995964 0.000000 -1.300960 0.000000 0.000000 1.000000 0.000000
0.995886 0.089238 0.000000 31.178051 -0.088852 0.995761 0.000000 -1.353515 0.000000 0.000000 1.000000 0.000000
0.995585 0.092521 0.000000 31.702889 -0.092130 0.995461 0.000000 -1.406092 0.000000 0.000000 1.000000 0.000000
0.995353 0.094882 0.000000 32.272766 -0.094483 0.995247 0.000000 -1.464355 0.000000 0.000000 1.000000 0.000000
0.994850 0.099855 0.000000 33.166969 -0.099448 0.994780 0.000000 -1.557563 0.000000 0.000000 1.000000 0.000000
0.994539 0.102821 0.000000 33.763181 -0.102395 0.994471 0.000000 -1.622070 0.000000 0.000000 1.000000 0.000000
0.994226 0.105642 0.000000 34.327732 -0.105160 0.994142 0.000000 -1.686036 0.000000 0.000000 1.000000 0.000000
0.994040 0.107256 0.000000 34.898431 -0.106746 0.993958 0.000000 -1.751260 0.000000 0.000000 1.000000 0.000000
0.993842 0.109081 0.000000 35.471470 -0.108549 0.993738 0.000000 -1.816289 0.000000 0.000000 1.000000 0.000000
0.993582 0.111298 0.000000 36.030656 -0.110697 0.993438 0.000000 -1.882197 0.000000 0.000000 1.000000 0.000000
0.993329 0.113414 0.000000 36.596611 -0.112772 0.993175 0.000000 -1.949085 0.000000 0.000000 1.000000 0.000000
0.993034 0.116011 0.000000 37.167654 -0.115367 0.992868 0.000000 -2.016739 0.000000 0.000000 1.000000 0.000000
0.992813 0.117846 0.000000 37.730138 -0.117214 0.992673 0.000000 -2.085609 0.000000 0.000000 1.000000 0.000000
0.992572 0.119742 0.000000 38.257776 -0.119097 0.992456 0.000000 -2.151952 0.000000 0.000000 1.000000 0.000000
0.991992 0.123828 0.000000 39.217608 -0.123106 0.991977 0.000000 -2.275210 0.000000 0.000000 1.000000 0.000000
0.991600 0.126479 0.000000 39.785885 -0.125702 0.991653 0.000000 -2.351333 0.000000 0.000000 1.000000 0.000000
0.991324 0.128467 0.000000 40.361203 -0.127690 0.991415 0.000000 -2.427490 0.000000 0.000000 1.000000 0.000000
0.991088 0.130066 0.000000 40.929074 -0.129387 0.991295 0.000000 -2.501953 0.000000 0.000000 1.000000 0.000000
0.990827 0.131891 0.000000 41.486430 -0.131302 0.991118 0.000000 -2.578361 0.000000 0.000000 1.000000 0.000000
0.990553 0.133838 0.000000 42.044226 -0.133287 0.990881 0.000000 -2.655542 0.000000 0.000000 1.000000 0.000000
0.990201 0.135933 0.000000 42.637386 -0.135396 0.990620 0.000000 -2.738139 0.000000 0.000000 1.000000 0.000000
0.989943 0.137424 0.000000 43.172111 -0.136861 0.990417 0.000000 -2.813177 0.000000 0.000000 1.000000 0.000000
0.989738 0.138731 0.000000 43.734690 -0.138223 0.990259 0.000000 -2.892202 0.000000 0.000000 1.000000 0.000000
0.989626 0.139669 0.000000 44.297766 -0.139130 0.990112 0.000000 -2.972740 0.000000 0.000000 1.000000 0.000000
0.989466 0.141576 0.000000 44.856955 -0.141010 0.989804 0.000000 -3.055361 0.000000 0.000000 1.000000 0.000000
0.989346 0.142994 0.000000 45.378614 -0.142433 0.989571 0.000000 -3.133221 0.000000 0.000000 1.000000 0.000000
0.989197 0.144291 0.000000 45.943732 -0.143723 0.989360 0.000000 -3.219290 0.000000 0.000000 1.000000 0.000000
0.988919 0.146346 0.000000 46.469549 -0.145803 0.989061 0.000000 -3.300531 0.000000 0.000000 1.000000 0.000000
0.988396 0.149662 0.000000 47.437342 -0.149083 0.988558 0.000000 -3.452250 0.000000 0.000000 1.000000 0.000000
0.988076 0.151459 0.000000 47.980182 -0.150807 0.988264 0.000000 -3.537366 0.000000 0.000000 1.000000 0.000000
0.987563 0.154541 0.000000 48.507476 -0.153802 0.987753 0.000000 -3.624906 0.000000 0.000000 1.000000 0.000000
0.986936 0.157548 0.000000 49.579325 -0.156729 0.987308 0.000000 -3.797643 0.000000 0.000000 1.000000 0.000000
0.986471 0.160216 0.000000 50.156761 -0.159362 0.986874 0.000000 -3.894017 0.000000 0.000000 1.000000 0.000000
0.986194 0.162079 0.000000 50.661311 -0.161209 0.986551 0.000000 -3.978706 0.000000 0.000000 1.000000 0.000000
0.985853 0.164786 0.000000 51.724623 -0.163999 0.986100 0.000000 -4.159942 0.000000 0.000000 1.000000 0.000000
0.985523 0.167069 0.000000 52.260381 -0.166320 0.985712 0.000000 -4.253075 0.000000 0.000000 1.000000 0.000000
0.985226 0.168801 0.000000 52.774134 -0.168061 0.985424 0.000000 -4.343805 0.000000 0.000000 1.000000 0.000000
0.984944 0.170335 0.000000 53.265616 -0.169566 0.985152 0.000000 -4.432322 0.000000 0.000000 1.000000 0.000000
0.984256 0.174142 0.000000 54.176952 -0.173293 0.984450 0.000000 -4.594597 0.000000 0.000000 1.000000 0.000000
0.984027 0.175373 0.000000 54.697238 -0.174492 0.984218 0.000000 -4.686869 0.000000 0.000000 1.000000 0.000000
0.983681 0.177300 0.000000 55.209408 -0.176404 0.983865 0.000000 -4.780122 0.000000 0.000000 1.000000 0.000000
0.983478 0.178423 0.000000 55.707275 -0.177486 0.983634 0.000000 -4.870091 0.000000 0.000000 1.000000 0.000000
0.983117 0.180354 0.000000 56.208213 -0.179356 0.983246 0.000000 -4.960816 0.000000 0.000000 1.000000 0.000000
0.982689 0.182476 0.000000 56.690243 -0.181421 0.982843 0.000000 -5.052025 0.000000 0.000000 1.000000 0.000000
0.982171 0.184999 0.000000 57.160874 -0.183851 0.982341 0.000000 -5.143888 0.000000 0.000000 1.000000 0.000000
0.981459 0.188450 0.000000 57.849028 -0.187210 0.981664 0.000000 -5.277493 0.000000 0.000000 1.000000 0.000000
0.981135 0.190189 0.000000 58.248853 -0.189003 0.981360 0.000000 -5.356659 0.000000 0.000000 1.000000 0.000000
0.981004 0.191192 0.000000 58.694640 -0.190114 0.981196 0.000000 -5.446060 0.000000 0.000000 1.000000 0.000000
0.980767 0.192637 0.000000 59.132471 -0.191571 0.980889 0.000000 -5.534518 0.000000 0.000000 1.000000 0.000000
0.980242 0.195095 0.000000 59.545517 -0.193967 0.980390 0.000000 -5.620500 0.000000 0.000000 1.000000 0.000000
0.979869 0.196531 0.000000 59.955637 -0.195305 0.980100 0.000000 -5.706067 0.000000 0.000000 1.000000 0.000000
0.979244 0.198896 0.000000 60.678267 -0.197603 0.979670 0.000000 -5.856615 0.000000 0.000000 1.000000 0.000000
0.978803 0.200719 0.000000 61.067869 -0.199396 0.979317 0.000000 -5.938410 0.000000 0.000000 1.000000 0.000000
0.978567 0.201661 0.000000 61.493802 -0.200377 0.979162 0.000000 -6.027520 0.000000 0.000000 1.000000 0.000000
0.978595 0.201617 0.000000 61.886720 -0.200428 0.979211 0.000000 -6.109005 0.000000 0.000000 1.000000 0.000000
0.978449 0.202638 0.000000 62.278506 -0.201505 0.979004 0.000000 -6.191773 0.000000 0.000000 1.000000 0.000000
0.978316 0.203638 0.000000 62.668662 -0.202432 0.978725 0.000000 -6.275065 0.000000 0.000000 1.000000 0.000000
0.978024 0.205149 0.000000 63.048209 -0.203851 0.978344 0.000000 -6.355552 0.000000 0.000000 1.000000 0.000000
0.977691 0.206882 0.000000 63.401730 -0.205559 0.977944 0.000000 -6.433363 0.000000 0.000000 1.000000 0.000000
0.977458 0.208027 0.000000 63.754626 -0.206719 0.977706 0.000000 -6.511452 0.000000 0.000000 1.000000 0.000000
0.977090 0.209680 0.000000 64.106950 -0.208400 0.977381 0.000000 -6.591567 0.000000 0.000000 1.000000 0.000000
0.976229 0.213348 0.000000 64.764802 -0.212086 0.976640 0.000000 -6.742771 0.000000 0.000000 1.000000 0.000000
0.975781 0.215412 0.000000 65.109168 -0.214094 0.976154 0.000000 -6.822447 0.000000 0.000000 1.000000 0.000000
0.975498 0.216699 0.000000 65.433029 -0.215340 0.975844 0.000000 -6.896085 0.000000 0.000000 1.000000 0.000000
0.975374 0.217183 0.000000 65.774447 -0.215750 0.975701 0.000000 -6.973717 0.000000 0.000000 1.000000 0.000000
0.975054 0.218437 0.000000 66.111660 -0.216994 0.975440 0.000000 -7.051877 0.000000 0.000000 1.000000 0.000000
0.974661 0.220004 0.000000 66.415767 -0.218559 0.975112 0.000000 -7.122812 0.000000 0.000000 1.000000 0.000000
0.974044 0.222554 0.000000 66.752672 -0.221167 0.974586 0.000000 -7.203309 0.000000 0.000000 1.000000 0.000000
0.973631 0.224316 0.000000 67.072488 -0.222948 0.974197 0.000000 -7.280953 0.000000 0.000000 1.000000 0.000000
0.973000 0.227081 0.000000 67.576482 -0.225616 0.973503 0.000000 -7.404985 0.000000 0.000000 1.000000 0.000000
0.972859 0.227743 0.000000 67.886438 -0.226245 0.973323 0.000000 -7.478007 0.000000 0.000000 1.000000 0.000000
0.972484 0.229506 0.000000 68.186129 -0.227966 0.972864 0.000000 -7.550400 0.000000 0.000000 1.000000 0.000000
0.972061 0.231511 0.000000 68.490899 -0.230006 0.972380 0.000000 -7.624816 0.000000 0.000000 1.000000 0.000000
0.971636 0.233494 0.000000 68.787594 -0.232059 0.971920 0.000000 -7.698571 0.000000 0.000000 1.000000 0.000000
0.971264 0.235196 0.000000 69.050148 -0.233810 0.971518 0.000000 -7.764725 0.000000 0.000000 1.000000 0.000000
0.970761 0.237411 0.000000 69.341512 -0.236086 0.970996 0.000000 -7.839283 0.000000 0.000000 1.000000 0.000000
0.970412 0.238864 0.000000 69.612873 -0.237520 0.970624 0.000000 -7.907804 0.000000 0.000000 1.000000 0.000000
0.970038 0.240358 0.000000 69.871315 -0.238971 0.970232 0.000000 -7.974087 0.000000 0.000000 1.000000 0.000000
0.969336 0.242973 0.000000 70.311319 -0.241509 0.969569 0.000000 -8.088905 0.000000 0.000000 1.000000 0.000000
0.968747 0.245196 0.000000 70.557043 -0.243695 0.969008 0.000000 -8.153777 0.000000 0.000000 1.000000 0.000000
0.968299 0.246978 0.000000 70.836096 -0.245487 0.968560 0.000000 -8.228584 0.000000 0.000000 1.000000 0.000000
0.967928 0.248536 0.000000 71.092922 -0.247081 0.968167 0.000000 -8.298278 0.000000 0.000000 1.000000 0.000000
0.967647 0.249700 0.000000 71.343304 -0.248256 0.967863 0.000000 -8.366533 0.000000 0.000000 1.000000 0.000000
0.967273 0.251112 0.000000 71.593237 -0.249630 0.967481 0.000000 -8.435778 0.000000 0.000000 1.000000 0.000000
0.966814 0.252766 0.000000 71.840363 -0.251221 0.967031 0.000000 -8.504328 0.000000 0.000000 1.000000 0.000000
0.966407 0.254215 0.000000 72.082908 -0.252611 0.966634 0.000000 -8.571612 0.000000 0.000000 1.000000 0.000000
0.966093 0.255354 0.000000 72.328734 -0.253743 0.966341 0.000000 -8.639726 0.000000 0.000000 1.000000 0.000000
0.965736 0.256762 0.000000 72.598526 -0.255164 0.965967 0.000000 -8.714161 0.000000 0.000000 1.000000 0.000000
0.965715 0.256886 0.000000 72.838118 -0.255324 0.965949 0.000000 -8.780157 0.000000 0.000000 1.000000 0.000000
0.965385 0.258087 0.000000 73.083731 -0.256550 0.965654 0.000000 -8.849455 0.000000 0.000000 1.000000 0.000000
0.964807 0.260160 0.000000 73.508058 -0.258638 0.965124 0.000000 -8.968992 0.000000 0.000000 1.000000 0.000000
0.964491 0.261291 0.000000 73.774823 -0.259794 0.964842 0.000000 -9.045174 0.000000 0.000000 1.000000 0.000000
0.964217 0.262416 0.000000 74.046083 -0.260942 0.964532 0.000000 -9.122015 0.000000 0.000000 1.000000 0.000000
0.963924 0.263650 0.000000 74.299125 -0.262206 0.964186 0.000000 -9.196530 0.000000 0.000000 1.000000 0.000000
0.963706 0.264533 0.000000 74.558145 -0.263108 0.963941 0.000000 -9.271342 0.000000 0.000000 1.000000 0.000000
0.963490 0.265401 0.000000 74.838202 -0.263955 0.963673 0.000000 -9.352060 0.000000 0.000000 1.000000 0.000000
0.963158 0.266651 0.000000 75.092380 -0.265207 0.963320 0.000000 -9.424539 0.000000 0.000000 1.000000 0.000000
0.962956 0.267521 0.000000 75.388485 -0.266094 0.963059 0.000000 -9.509496 0.000000 0.000000 1.000000 0.000000
0.962705 0.268753 0.000000 75.670699 -0.267349 0.962646 0.000000 -9.591070 0.000000 0.000000 1.000000 0.000000
0.962306 0.270444 0.000000 75.918628 -0.269130 0.962162 0.000000 -9.664449 0.000000 0.000000 1.000000 0.000000
0.961826 0.272210 0.000000 76.189898 -0.270920 0.961664 0.000000 -9.745184 0.000000 0.000000 1.000000 0.000000
0.961470 0.273347 0.000000 76.448669 -0.271997 0.961334 0.000000 -9.822066 0.000000 0.000000 1.000000 0.000000
0.960716 0.276614 0.000000 77.198991 -0.275484 0.960328 0.000000 -10.049151 0.000000 0.000000 1.000000 0.000000
0.960365 0.278218 0.000000 77.481620 -0.277348 0.959890 0.000000 -10.136278 0.000000 0.000000 1.000000 0.000000
0.960120 0.279325 0.000000 77.765994 -0.278679 0.959592 0.000000 -10.223605 0.000000 0.000000 1.000000 0.000000
0.959777 0.280630 0.000000 78.052201 -0.280126 0.959219 0.000000 -10.311237 0.000000 0.000000 1.000000 0.000000
0.959608 0.281241 0.000000 78.337976 -0.280815 0.959105 0.000000 -10.396840 0.000000 0.000000 1.000000 0.000000
0.958838 0.283915 0.000000 78.894484 -0.283621 0.958381 0.000000 -10.569213 0.000000 0.000000 1.000000 0.000000
0.958444 0.285235 0.000000 79.176846 -0.284939 0.958014 0.000000 -10.656531 0.000000 0.000000 1.000000 0.000000
0.958010 0.286612 0.000000 79.460686 -0.286201 0.957602 0.000000 -10.744240 0.000000 0.000000 1.000000 0.000000
0.957252 0.288663 0.000000 79.913750 -0.287855 0.956952 0.000000 -10.886021 0.000000 0.000000 1.000000 0.000000
0.956574 0.290364 0.000000 80.221276 -0.289252 0.956423 0.000000 -10.983012 0.000000 0.000000 1.000000 0.000000
0.955448 0.293112 0.000000 80.742050 -0.291594 0.955580 0.000000 -11.147170 0.000000 0.000000 1.000000 0.000000
0.954561 0.295407 0.000000 81.054846 -0.293698 0.954889 0.000000 -11.249279 0.000000 0.000000 1.000000 0.000000
0.953624 0.297703 0.000000 81.383304 -0.295785 0.954195 0.000000 -11.355595 0.000000 0.000000 1.000000 0.000000
0.952723 0.299655 0.000000 81.703371 -0.297507 0.953611 0.000000 -11.459191 0.000000 0.000000 1.000000 0.000000
0.951745 0.301441 0.000000 82.053296 -0.299031 0.953091 0.000000 -11.573443 0.000000 0.000000 1.000000 0.000000
0.950258 0.304127 0.000000 82.617885 -0.301166 0.952220 0.000000 -11.758041 0.000000 0.000000 1.000000 0.000000
0.949403 0.306132 0.000000 82.949232 -0.302885 0.951537 0.000000 -11.866414 0.000000 0.000000 1.000000 0.000000
0.948587 0.308470 0.000000 83.341791 -0.305143 0.950774 0.000000 -11.994987 0.000000 0.000000 1.000000 0.000000
0.948002 0.310545 0.000000 83.692414 -0.307216 0.950075 0.000000 -12.112338 0.000000 0.000000 1.000000 0.000000
0.947564 0.313480 0.000000 84.319023 -0.310721 0.949173 0.000000 -12.325856 0.000000 0.000000 1.000000 0.000000
0.947422 0.316127 0.000000 84.966767 -0.314271 0.948412 0.000000 -12.549532 0.000000 0.000000 1.000000 0.000000
0.947302 0.317410 0.000000 85.346887 -0.315922 0.948027 0.000000 -12.680144 0.000000 0.000000 1.000000 0.000000
0.947037 0.318690 0.000000 85.758495 -0.317408 0.947624 0.000000 -12.821394 0.000000 0.000000 1.000000 0.000000
0.946780 0.319839 0.000000 86.146055 -0.318686 0.947242 0.000000 -12.955212 0.000000 0.000000 1.000000 0.000000
0.946277 0.321596 0.000000 86.575820 -0.320523 0.946643 0.000000 -13.104959 0.000000 0.000000 1.000000 0.000000
0.945894 0.322676 0.000000 86.976872 -0.321683 0.946321 0.000000 -13.244647 0.000000 0.000000 1.000000 0.000000
0.945438 0.323756 0.000000 87.409055 -0.322798 0.945998 0.000000 -13.396064 0.000000 0.000000 1.000000 0.000000
0.945124 0.324379 0.000000 88.064049 -0.323488 0.945832 0.000000 -13.625756 0.000000 0.000000 1.000000 0.000000
0.944454 0.326319 0.000000 88.855384 -0.325524 0.945192 0.000000 -13.905003 0.000000 0.000000 1.000000 0.000000
0.943960 0.327792 0.000000 89.309147 -0.327006 0.944682 0.000000 -14.066342 0.000000 0.000000 1.000000 0.000000
0.943538 0.329017 0.000000 89.773934 -0.328207 0.944250 0.000000 -14.230638 0.000000 0.000000 1.000000 0.000000
0.943230 0.329731 0.000000 90.224396 -0.328805 0.943981 0.000000 -14.389266 0.000000 0.000000 1.000000 0.000000
0.942834 0.330434 0.000000 90.721972 -0.329396 0.943733 0.000000 -14.564886 0.000000 0.000000 1.000000 0.000000
0.942295 0.331630 0.000000 91.156617 -0.330534 0.943319 0.000000 -14.720979 0.000000 0.000000 1.000000 0.000000
0.941737 0.333219 0.000000 91.645161 -0.332168 0.942770 0.000000 -14.897427 0.000000 0.000000 1.000000 0.000000
0.941609 0.333918 0.000000 92.139443 -0.332975 0.942531 0.000000 -15.074984 0.000000 0.000000 1.000000 0.000000
0.941291 0.335229 0.000000 92.640835 -0.334373 0.942063 0.000000 -15.256203 0.000000 0.000000 1.000000 0.000000
0.940660 0.337243 0.000000 93.112320 -0.336475 0.941352 0.000000 -15.429917 0.000000 0.000000 1.000000 0.000000
0.940428 0.338009 0.000000 93.610938 -0.337280 0.941080 0.000000 -15.615712 0.000000 0.000000 1.000000 0.000000
0.939233 0.341017 0.000000 94.545967 -0.340135 0.939975 0.000000 -15.965083 0.000000 0.000000 1.000000 0.000000
0.938624 0.342515 0.000000 95.074401 -0.341568 0.939425 0.000000 -16.164689 0.000000 0.000000 1.000000 0.000000
0.937968 0.344232 0.000000 95.595370 -0.343280 0.938802 0.000000 -16.360468 0.000000 0.000000 1.000000 0.000000
0.937257 0.346109 0.000000 96.132868 -0.345116 0.938106 0.000000 -16.564011 0.000000 0.000000 1.000000 0.000000
0.936438 0.348302 0.000000 96.678280 -0.347246 0.937279 0.000000 -16.771399 0.000000 0.000000 1.000000 0.000000
0.935699 0.350372 0.000000 97.517232 -0.349266 0.936487 0.000000 -17.090259 0.000000 0.000000 1.000000 0.000000
0.935202 0.351787 0.000000 98.024918 -0.350648 0.935938 0.000000 -17.285143 0.000000 0.000000 1.000000 0.000000
0.933400 0.356741 0.000000 99.101374 -0.355553 0.934024 0.000000 -17.702556 0.000000 0.000000 1.000000 0.000000
0.932564 0.358894 0.000000 99.811004 -0.357664 0.933188 0.000000 -17.981827 0.000000 0.000000 1.000000 0.000000
0.931765 0.360910 0.000000 100.365790 -0.359633 0.932401 0.000000 -18.201873 0.000000 0.000000 1.000000 0.000000
0.930791 0.363277 0.000000 100.952425 -0.361917 0.931470 0.000000 -18.437369 0.000000 0.000000 1.000000 0.000000
0.929678 0.365989 0.000000 101.517758 -0.364554 0.930399 0.000000 -18.666646 0.000000 0.000000 1.000000 0.000000
0.929199 0.367288 0.000000 102.087822 -0.365868 0.929882 0.000000 -18.896523 0.000000 0.000000 1.000000 0.000000
0.928586 0.369037 0.000000 102.679089 -0.367646 0.929172 0.000000 -19.134780 0.000000 0.000000 1.000000 0.000000
0.927872 0.370931 0.000000 103.227133 -0.369548 0.928405 0.000000 -19.359367 0.000000 0.000000 1.000000 0.000000
0.927051 0.373061 0.000000 103.790143 -0.371674 0.927536 0.000000 -19.591474 0.000000 0.000000 1.000000 0.000000
0.926016 0.375590 0.000000 104.373836 -0.374169 0.926509 0.000000 -19.835230 0.000000 0.000000 1.000000 0.000000
0.925142 0.377607 0.000000 104.912552 -0.376140 0.925695 0.000000 -20.061474 0.000000 0.000000 1.000000 0.000000
0.924560 0.378937 0.000000 105.488767 -0.377449 0.925160 0.000000 -20.303416 0.000000 0.000000 1.000000 0.000000
0.923978 0.380287 0.000000 106.082990 -0.378811 0.924624 0.000000 -20.554019 0.000000 0.000000 1.000000 0.000000
0.923757 0.380781 0.000000 106.640810 -0.379328 0.924437 0.000000 -20.788024 0.000000 0.000000 1.000000 0.000000
0.922328 0.384148 0.000000 107.697686 -0.382644 0.923039 0.000000 -21.238129 0.000000 0.000000 1.000000 0.000000
0.921615 0.385841 0.000000 108.328111 -0.384333 0.922335 0.000000 -21.509399 0.000000 0.000000 1.000000 0.000000
0.920973 0.387337 0.000000 108.911889 -0.385847 0.921721 0.000000 -21.759921 0.000000 0.000000 1.000000 0.000000
0.920262 0.389037 0.000000 109.508033 -0.387569 0.921013 0.000000 -22.016588 0.000000 0.000000 1.000000 0.000000
0.919637 0.390486 0.000000 110.075450 -0.389005 0.920399 0.000000 -22.266718 0.000000 0.000000 1.000000 0.000000
0.918984 0.391956 0.000000 110.670759 -0.390438 0.919772 0.000000 -22.530501 0.000000 0.000000 1.000000 0.000000
0.918367 0.393285 0.000000 111.222429 -0.391768 0.919221 0.000000 -22.775060 0.000000 0.000000 1.000000 0.000000
0.917615 0.395001 0.000000 111.826861 -0.393482 0.918490 0.000000 -23.043019 0.000000 0.000000 1.000000 0.000000
0.917378 0.395639 0.000000 112.387238 -0.394186 0.918228 0.000000 -23.286453 0.000000 0.000000 1.000000 0.000000
0.916723 0.397213 0.000000 112.996788 -0.395878 0.917579 0.000000 -23.554540 0.000000 0.000000 1.000000 0.000000
0.916578 0.397462 0.000000 113.596240 -0.396237 0.917511 0.000000 -23.818566 0.000000 0.000000 1.000000 0.000000
0.915749 0.399223 0.000000 114.206833 -0.397985 0.916757 0.000000 -24.090922 0.000000 0.000000 1.000000 0.000000
0.914732 0.401140 0.000000 114.967954 -0.399873 0.915943 0.000000 -24.433866 0.000000 0.000000 1.000000 0.000000
0.913699 0.403292 0.000000 115.546874 -0.402050 0.915014 0.000000 -24.696635 0.000000 0.000000 1.000000 0.000000
0.912985 0.404805 0.000000 116.162079 -0.403621 0.914360 0.000000 -24.976031 0.000000 0.000000 1.000000 0.000000
0.911670 0.407663 0.000000 117.136755 -0.406553 0.913104 0.000000 -25.418740 0.000000 0.000000 1.000000 0.000000
0.910922 0.409331 0.000000 117.757647 -0.408225 0.912359 0.000000 -25.702902 0.000000 0.000000 1.000000 0.000000
0.910228 0.411002 0.000000 118.369000 -0.409861 0.911599 0.000000 -25.988895 0.000000 0.000000 1.000000 0.000000
0.909740 0.412225 0.000000 118.979855 -0.411080 0.911040 0.000000 -26.273627 0.000000 0.000000 1.000000 0.000000
0.908949 0.414097 0.000000 119.587316 -0.412976 0.910190 0.000000 -26.556804 0.000000 0.000000 1.000000 0.000000
0.907956 0.416392 0.000000 120.209577 -0.415258 0.909135 0.000000 -26.850682 0.000000 0.000000 1.000000 0.000000
0.907411 0.417582 0.000000 120.787206 -0.416460 0.908591 0.000000 -27.122815 0.000000 0.000000 1.000000 0.000000
0.906415 0.419700 0.000000 121.871192 -0.418520 0.907608 0.000000 -27.635776 0.000000 0.000000 1.000000 0.000000
0.905868 0.420925 0.000000 122.490818 -0.419644 0.907019 0.000000 -27.930174 0.000000 0.000000 1.000000 0.000000
0.905002 0.422868 0.000000 123.107768 -0.421587 0.906110 0.000000 -28.226483 0.000000 0.000000 1.000000 0.000000
0.904570 0.423968 0.000000 123.715068 -0.422675 0.905579 0.000000 -28.518245 0.000000 0.000000 1.000000 0.000000
0.902695 0.428002 0.000000 124.957024 -0.426541 0.903632 0.000000 -29.127365 0.000000 0.000000 1.000000 0.000000
0.902154 0.429056 0.000000 125.521813 -0.427523 0.903122 0.000000 -29.405031 0.000000 0.000000 1.000000 0.000000
0.901118 0.431281 0.000000 126.148765 -0.429715 0.902048 0.000000 -29.713217 0.000000 0.000000 1.000000 0.000000
0.900341 0.433078 0.000000 126.718619 -0.431558 0.901177 0.000000 -29.995422 0.000000 0.000000 1.000000 0.000000
0.899430 0.435053 0.000000 127.277825 -0.433564 0.900224 0.000000 -30.271062 0.000000 0.000000 1.000000 0.000000
0.892768 0.448951 0.000000 131.679263 -0.447516 0.893337 0.000000 -32.488327 0.000000 0.000000 1.000000 0.000000
0.892415 0.449718 0.000000 132.283416 -0.448278 0.892937 0.000000 -32.799079 0.000000 0.000000 1.000000 0.000000
0.891357 0.451840 0.000000 132.847979 -0.450331 0.891832 0.000000 -33.092006 0.000000 0.000000 1.000000 0.000000
0.890740 0.453031 0.000000 133.428217 -0.451495 0.891224 0.000000 -33.392027 0.000000 0.000000 1.000000 0.000000
0.889835 0.454798 0.000000 133.981082 -0.453276 0.890333 0.000000 -33.680779 0.000000 0.000000 1.000000 0.000000
0.888542 0.457359 0.000000 134.548579 -0.455836 0.889013 0.000000 -33.978517 0.000000 0.000000 1.000000 0.000000
0.887991 0.458475 0.000000 135.128383 -0.456949 0.888425 0.000000 -34.282666 0.000000 0.000000 1.000000 0.000000
0.886081 0.462147 0.000000 135.861514 -0.460608 0.886522 0.000000 -34.671168 0.000000 0.000000 1.000000 0.000000
0.885102 0.463952 0.000000 136.435892 -0.462330 0.885564 0.000000 -34.977273 0.000000 0.000000 1.000000 0.000000
0.885119 0.463827 0.000000 137.034340 -0.462120 0.885618 0.000000 -35.292187 0.000000 0.000000 1.000000 0.000000
0.884450 0.465013 0.000000 137.909394 -0.463226 0.884988 0.000000 -35.755645 0.000000 0.000000 1.000000 0.000000
0.883355 0.467020 0.000000 138.494610 -0.465225 0.883949 0.000000 -36.066261 0.000000 0.000000 1.000000 0.000000
0.882273 0.469092 0.000000 139.070490 -0.467285 0.882841 0.000000 -36.373883 0.000000 0.000000 1.000000 0.000000
0.881731 0.470204 0.000000 139.645034 -0.468419 0.882234 0.000000 -36.682210 0.000000 0.000000 1.000000 0.000000
0.880700 0.472226 0.000000 140.220063 -0.470485 0.881148 0.000000 -36.994314 0.000000 0.000000 1.000000 0.000000
0.880203 0.473211 0.000000 141.051374 -0.471530 0.880630 0.000000 -37.447371 0.000000 0.000000 1.000000 0.000000
0.880066 0.473538 0.000000 141.598018 -0.471809 0.880409 0.000000 -37.743303 0.000000 0.000000 1.000000 0.000000
0.879852 0.473862 0.000000 142.166468 -0.472130 0.880258 0.000000 -38.051111 0.000000 0.000000 1.000000 0.000000
0.879938 0.473796 0.000000 142.696268 -0.472006 0.880234 0.000000 -38.336715 0.000000 0.000000 1.000000 0.000000
0.879646 0.474445 0.000000 143.448386 -0.472643 0.879837 0.000000 -38.744822 0.000000 0.000000 1.000000 0.000000
0.879450 0.474769 0.000000 144.018074 -0.472971 0.879681 0.000000 -39.053583 0.000000 0.000000 1.000000 0.000000
0.879004 0.475577 0.000000 144.575422 -0.473825 0.879275 0.000000 -39.356821 0.000000 0.000000 1.000000 0.000000
0.878767 0.476063 0.000000 145.132915 -0.474383 0.879031 0.000000 -39.660652 0.000000 0.000000 1.000000 0.000000
0.878683 0.476459 0.000000 145.689195 -0.474848 0.878749 0.000000 -39.964151 0.000000 0.000000 1.000000 0.000000
0.877642 0.478967 0.000000 146.749280 -0.477644 0.877130 0.000000 -40.550446 0.000000 0.000000 1.000000 0.000000
0.877355 0.479604 0.000000 147.255043 -0.478395 0.876720 0.000000 -40.831756 0.000000 0.000000 1.000000 0.000000
0.876305 0.481582 0.000000 147.776949 -0.480371 0.875507 0.000000 -41.127462 0.000000 0.000000 1.000000 0.000000
0.875951 0.482245 0.000000 148.301034 -0.480926 0.874973 0.000000 -41.419491 0.000000 0.000000 1.000000 0.000000
0.875679 0.482744 0.000000 148.807287 -0.481313 0.874554 0.000000 -41.703321 0.000000 0.000000 1.000000 0.000000
0.875266 0.483493 0.000000 149.338636 -0.481918 0.873971 0.000000 -42.004254 0.000000 0.000000 1.000000 0.000000
0.874919 0.484087 0.000000 149.985900 -0.482316 0.873527 0.000000 -42.373441 0.000000 0.000000 1.000000 0.000000
0.874213 0.485284 0.000000 150.513920 -0.483393 0.872946 0.000000 -42.671797 0.000000 0.000000 1.000000 0.000000
0.873993 0.485606 0.000000 151.005188 -0.483618 0.872834 0.000000 -42.946226 0.000000 0.000000 1.000000 0.000000
0.873393 0.486635 0.000000 151.534356 -0.484573 0.872286 0.000000 -43.245179 0.000000 0.000000 1.000000 0.000000
0.872510 0.488189 0.000000 152.054745 -0.486105 0.871454 0.000000 -43.542639 0.000000 0.000000 1.000000 0.000000
0.871821 0.489399 0.000000 152.546822 -0.487345 0.870841 0.000000 -43.826797 0.000000 0.000000 1.000000 0.000000
0.870889 0.491050 0.000000 153.067082 -0.489047 0.869974 0.000000 -44.126047 0.000000 0.000000 1.000000 0.000000
0.870137 0.492359 0.000000 153.543555 -0.490380 0.869297 0.000000 -44.400329 0.000000 0.000000 1.000000 0.000000
0.869716 0.493068 0.000000 154.044294 -0.491082 0.868939 0.000000 -44.686262 0.000000 0.000000 1.000000 0.000000
0.868890 0.494479 0.000000 154.555879 -0.492483 0.868189 0.000000 -44.980599 0.000000 0.000000 1.000000 0.000000
0.867699 0.496521 0.000000 155.219308 -0.494514 0.867076 0.000000 -45.365810 0.000000 0.000000 1.000000 0.000000
0.866758 0.498126 0.000000 155.708217 -0.496133 0.866213 0.000000 -45.650367 0.000000 0.000000 1.000000 0.000000
0.866251 0.499040 0.000000 156.231118 -0.497096 0.865693 0.000000 -45.953997 0.000000 0.000000 1.000000 0.000000
0.865594 0.500197 0.000000 156.723186 -0.498300 0.865045 0.000000 -46.240169 0.000000 0.000000 1.000000 0.000000
0.865237 0.500806 0.000000 157.239244 -0.498923 0.864712 0.000000 -46.539443 0.000000 0.000000 1.000000 0.000000
0.864023 0.502908 0.000000 157.712632 -0.501032 0.863493 0.000000 -46.820888 0.000000 0.000000 1.000000 0.000000
0.862880 0.504869 0.000000 158.368753 -0.502952 0.862319 0.000000 -47.211910 0.000000 0.000000 1.000000 0.000000
0.862392 0.505716 0.000000 158.833438 -0.503823 0.861826 0.000000 -47.488325 0.000000 0.000000 1.000000 0.000000
0.861394 0.507488 0.000000 159.329931 -0.505688 0.860775 0.000000 -47.788492 0.000000 0.000000 1.000000 0.000000
0.860946 0.508308 0.000000 159.788670 -0.506608 0.860294 0.000000 -48.064729 0.000000 0.000000 1.000000 0.000000
0.860354 0.509339 0.000000 160.277929 -0.507720 0.859712 0.000000 -48.361767 0.000000 0.000000 1.000000 0.000000
0.859449 0.510873 0.000000 160.737620 -0.509301 0.858832 0.000000 -48.642672 0.000000 0.000000 1.000000 0.000000
0.859069 0.511484 0.000000 161.378983 -0.509889 0.858490 0.000000 -49.031904 0.000000 0.000000 1.000000 0.000000
0.858667 0.512117 0.000000 161.853378 -0.510474 0.858132 0.000000 -49.319009 0.000000 0.000000 1.000000 0.000000
0.857753 0.513605 0.000000 162.331714 -0.511932 0.857272 0.000000 -49.610930 0.000000 0.000000 1.000000 0.000000
0.856776 0.515192 0.000000 162.810130 -0.513486 0.856346 0.000000 -49.904970 0.000000 0.000000 1.000000 0.000000
0.856230 0.516074 0.000000 163.282795 -0.514340 0.855822 0.000000 -50.194761 0.000000 0.000000 1.000000 0.000000
0.855706 0.516945 0.000000 163.758294 -0.515227 0.855308 0.000000 -50.485869 0.000000 0.000000 1.000000 0.000000
0.854916 0.518298 0.000000 164.232508 -0.516585 0.854443 0.000000 -50.779932 0.000000 0.000000 1.000000 0.000000
0.854519 0.518973 0.000000 164.681106 -0.517262 0.854014 0.000000 -51.059655 0.000000 0.000000 1.000000 0.000000
0.853452 0.520719 0.000000 165.160030 -0.519015 0.852970 0.000000 -51.364000 0.000000 0.000000 1.000000 0.000000
0.852145 0.522839 0.000000 165.657449 -0.521120 0.851686 0.000000 -51.680027 0.000000 0.000000 1.000000 0.000000
0.851127 0.524463 0.000000 166.109865 -0.522718 0.850705 0.000000 -51.971509 0.000000 0.000000 1.000000 0.000000
0.850313 0.525767 0.000000 166.601625 -0.523996 0.849902 0.000000 -52.288544 0.000000 0.000000 1.000000 0.000000
0.849185 0.527572 0.000000 167.059567 -0.525803 0.848805 0.000000 -52.581815 0.000000 0.000000 1.000000 0.000000
0.847623 0.530065 0.000000 167.545737 -0.528318 0.847285 0.000000 -52.898334 0.000000 0.000000 1.000000 0.000000
0.846469 0.531871 0.000000 168.022523 -0.530136 0.846198 0.000000 -53.210114 0.000000 0.000000 1.000000 0.000000
0.846016 0.532570 0.000000 168.506305 -0.530882 0.845808 0.000000 -53.525081 0.000000 0.000000 1.000000 0.000000
0.845755 0.532992 0.000000 168.958999 -0.531349 0.845564 0.000000 -53.820014 0.000000 0.000000 1.000000 0.000000
0.844914 0.534336 0.000000 169.445613 -0.532676 0.844700 0.000000 -54.136550 0.000000 0.000000 1.000000 0.000000
0.844169 0.535535 0.000000 169.882631 -0.533843 0.843902 0.000000 -54.424136 0.000000 0.000000 1.000000 0.000000
0.842831 0.537672 0.000000 170.365848 -0.535962 0.842502 0.000000 -54.745526 0.000000 0.000000 1.000000 0.000000
0.841857 0.539222 0.000000 171.003878 -0.537503 0.841480 0.000000 -55.167115 0.000000 0.000000 1.000000 0.000000
0.841030 0.540557 0.000000 171.477772 -0.538868 0.840597 0.000000 -55.482996 0.000000 0.000000 1.000000 0.000000
0.840486 0.541423 0.000000 171.921734 -0.539767 0.840043 0.000000 -55.778433 0.000000 0.000000 1.000000 0.000000
0.839976 0.542232 0.000000 172.409902 -0.540549 0.839479 0.000000 -56.103636 0.000000 0.000000 1.000000 0.000000
0.839282 0.543295 0.000000 173.014394 -0.541547 0.838758 0.000000 -56.504409 0.000000 0.000000 1.000000 0.000000
0.837677 0.545773 0.000000 173.953033 -0.544015 0.837141 0.000000 -57.130870 0.000000 0.000000 1.000000 0.000000
0.837094 0.546703 0.000000 174.415005 -0.544952 0.836493 0.000000 -57.440371 0.000000 0.000000 1.000000 0.000000
0.836271 0.547937 0.000000 174.873042 -0.546140 0.835686 0.000000 -57.749452 0.000000 0.000000 1.000000 0.000000
0.836002 0.548328 0.000000 175.332832 -0.546495 0.835430 0.000000 -58.057225 0.000000 0.000000 1.000000 0.000000
0.835387 0.549312 0.000000 175.807039 -0.547477 0.834715 0.000000 -58.375416 0.000000 0.000000 1.000000 0.000000
0.835689 0.548934 0.000000 176.268149 -0.547184 0.834889 0.000000 -58.685504 0.000000 0.000000 1.000000 0.000000
0.836346 0.547998 0.000000 176.758755 -0.546417 0.835511 0.000000 -59.014258 0.000000 0.000000 1.000000 0.000000
0.837024 0.547028 0.000000 177.220700 -0.545598 0.836115 0.000000 -59.323137 0.000000 0.000000 1.000000 0.000000
0.836864 0.547278 0.000000 177.653144 -0.545861 0.835945 0.000000 -59.614106 0.000000 0.000000 1.000000 0.000000
0.837177 0.546783 0.000000 178.081024 -0.545333 0.836287 0.000000 -59.900789 0.000000 0.000000 1.000000 0.000000
0.836349 0.548014 0.000000 178.526450 -0.546496 0.835509 0.000000 -60.199134 0.000000 0.000000 1.000000 0.000000
0.836590 0.547591 0.000000 178.940003 -0.546033 0.835871 0.000000 -60.475250 0.000000 0.000000 1.000000 0.000000
0.837050 0.546865 0.000000 179.392190 -0.545347 0.836422 0.000000 -60.776842 0.000000 0.000000 1.000000 0.000000
0.837237 0.546557 0.000000 179.813825 -0.545088 0.836698 0.000000 -61.057765 0.000000 0.000000 1.000000 0.000000
0.837520 0.546123 0.000000 180.268706 -0.544686 0.837004 0.000000 -61.359073 0.000000 0.000000 1.000000 0.000000
0.837820 0.545662 0.000000 180.689641 -0.544245 0.837321 0.000000 -61.638410 0.000000 0.000000 1.000000 0.000000
0.837784 0.545693 0.000000 181.140127 -0.544345 0.837389 0.000000 -61.936646 0.000000 0.000000 1.000000 0.000000
0.837515 0.546059 0.000000 181.553251 -0.544790 0.837259 0.000000 -62.209978 0.000000 0.000000 1.000000 0.000000
0.837759 0.545642 0.000000 182.007745 -0.544440 0.837616 0.000000 -62.511507 0.000000 0.000000 1.000000 0.000000
0.837426 0.546095 0.000000 182.426805 -0.544975 0.837413 0.000000 -62.792683 0.000000 0.000000 1.000000 0.000000
0.837802 0.545478 0.000000 182.873924 -0.544390 0.837857 0.000000 -63.090239 0.000000 0.000000 1.000000 0.000000
0.838436 0.544406 0.000000 183.441934 -0.543338 0.838611 0.000000 -63.466894 0.000000 0.000000 1.000000 0.000000
0.839326 0.542930 0.000000 183.891269 -0.541876 0.839610 0.000000 -63.764786 0.000000 0.000000 1.000000 0.000000
0.840406 0.541136 0.000000 184.341150 -0.540112 0.840813 0.000000 -64.060029 0.000000 0.000000 1.000000 0.000000
0.841761 0.538903 0.000000 184.758681 -0.537882 0.842273 0.000000 -64.333664 0.000000 0.000000 1.000000 0.000000
0.843823 0.535564 0.000000 185.372369 -0.534545 0.844416 0.000000 -64.735578 0.000000 0.000000 1.000000 0.000000
0.845107 0.533477 0.000000 185.826078 -0.532542 0.845762 0.000000 -65.028754 0.000000 0.000000 1.000000 0.000000
0.847273 0.530084 0.000000 186.278532 -0.529202 0.847895 0.000000 -65.318845 0.000000 0.000000 1.000000 0.000000
0.849122 0.527203 0.000000 186.730489 -0.526352 0.849684 0.000000 -65.607675 0.000000 0.000000 1.000000 0.000000
0.851569 0.523392 0.000000 187.172584 -0.522614 0.852031 0.000000 -65.886227 0.000000 0.000000 1.000000 0.000000
0.857551 0.513737 0.000000 188.052103 -0.513124 0.857894 0.000000 -66.431155 0.000000 0.000000 1.000000 0.000000
0.860740 0.508491 0.000000 188.476823 -0.507929 0.861005 0.000000 -66.687698 0.000000 0.000000 1.000000 0.000000
0.864433 0.502269 0.000000 188.915388 -0.501759 0.864646 0.000000 -66.950778 0.000000 0.000000 1.000000 0.000000
0.868013 0.496081 0.000000 189.345769 -0.495635 0.868225 0.000000 -67.205558 0.000000 0.000000 1.000000 0.000000
0.871834 0.489344 0.000000 189.789242 -0.488964 0.872056 0.000000 -67.463540 0.000000 0.000000 1.000000 0.000000
0.875432 0.482868 0.000000 190.208633 -0.482522 0.875667 0.000000 -67.703166 0.000000 0.000000 1.000000 0.000000
0.883117 0.468561 0.000000 191.042755 -0.468262 0.883421 0.000000 -68.162321 0.000000 0.000000 1.000000 0.000000
0.887415 0.460349 0.000000 191.479434 -0.460043 0.887727 0.000000 -68.394824 0.000000 0.000000 1.000000 0.000000
0.891574 0.452252 0.000000 191.895638 -0.451959 0.891880 0.000000 -68.609594 0.000000 0.000000 1.000000 0.000000
0.896933 0.441515 0.000000 192.519144 -0.441251 0.897247 0.000000 -68.926038 0.000000 0.000000 1.000000 0.000000
