0.999987 0.001790 0.000000 1.209509 -0.001791 0.999998 0.000000 -0.008659 0.000000 0.000000 1.000000 0.000000
0.999977 0.004278 0.000000 1.982793 -0.004283 0.999991 0.000000 -0.015600 0.000000 0.000000 1.000000 0.000000
0.999974 0.006089 0.000000 2.573694 -0.006091 0.999981 0.000000 -0.021708 0.000000 0.000000 1.000000 0.000000
0.999959 0.008804 0.000000 3.170089 -0.008806 0.999961 0.000000 -0.029911 0.000000 0.000000 1.000000 0.000000
0.999940 0.010916 0.000000 3.741034 -0.010916 0.999940 0.000000 -0.039232 0.000000 0.000000 1.000000 0.000000
0.999893 0.014602 0.000000 4.928292 -0.014602 0.999893 0.000000 -0.059819 0.000000 0.000000 1.000000 0.000000
0.999855 0.017010 0.000000 5.504886 -0.017010 0.999855 0.000000 -0.074288 0.000000 0.000000 1.000000 0.000000
0.999719 0.023682 0.000000 6.701266 -0.023684 0.999718 0.000000 -0.109137 0.000000 0.000000 1.000000 0.000000
0.999640 0.026647 0.000000 7.311802 -0.026654 0.999642 0.000000 -0.129610 0.000000 0.000000 1.000000 0.000000
0.999543 0.029940 0.000000 7.867847 -0.029949 0.999549 0.000000 -0.149649 0.000000 0.000000 1.000000 0.000000
0.999424 0.033581 0.000000 8.472676 -0.033595 0.999432 0.000000 -0.175235 0.000000 0.000000 1.000000 0.000000
0.999234 0.039043 0.000000 9.281774 -0.039052 0.999232 0.000000 -0.211889 0.000000 0.000000 1.000000 0.000000
0.999046 0.043665 0.000000 9.867885 -0.043666 0.999043 0.000000 -0.241487 0.000000 0.000000 1.000000 0.000000
0.998862 0.047699 0.000000 10.426357 -0.047699 0.998857 0.000000 -0.270001 0.000000 0.000000 1.000000 0.000000
0.998613 0.052654 0.000000 11.018822 -0.052654 0.998604 0.000000 -0.304409 0.000000 0.000000 1.000000 0.000000
0.998344 0.057528 0.000000 11.563240 -0.057526 0.998336 0.000000 -0.338497 0.000000 0.000000 1.000000 0.000000
0.997948 0.064010 0.000000 12.147312 -0.064006 0.997946 0.000000 -0.379097 0.000000 0.000000 1.000000 0.000000
0.997544 0.070003 0.000000 12.685346 -0.069995 0.997543 0.000000 -0.418582 0.000000 0.000000 1.000000 0.000000
0.996942 0.078092 0.000000 13.422699 -0.078084 0.996943 0.000000 -0.478876 0.000000 0.000000 1.000000 0.000000
0.996457 0.084049 0.000000 14.015992 -0.084045 0.996461 0.000000 -0.529588 0.000000 0.000000 1.000000 0.000000
0.995879 0.090618 0.000000 14.601291 -0.090618 0.995886 0.000000 -0.585668 0.000000 0.000000 1.000000 0.000000
0.995215 0.097629 0.000000 15.170003 -0.097626 0.995223 0.000000 -0.644143 0.000000 0.000000 1.000000 0.000000
0.993748 0.111403 0.000000 16.329168 -0.111389 0.993774 0.000000 -0.772205 0.000000 0.000000 1.000000 0.000000
0.992851 0.119123 0.000000 16.870278 -0.119117 0.992879 0.000000 -0.839092 0.000000 0.000000 1.000000 0.000000
0.991866 0.127079 0.000000 17.442539 -0.127065 0.991892 0.000000 -0.914974 0.000000 0.000000 1.000000 0.000000
0.990756 0.135398 0.000000 17.971868 -0.135377 0.990790 0.000000 -0.989473 0.000000 0.000000 1.000000 0.000000
0.989635 0.143284 0.000000 18.528845 -0.143272 0.989682 0.000000 -1.072369 0.000000 0.000000 1.000000 0.000000
0.988601 0.150130 0.000000 19.053831 -0.150139 0.988665 0.000000 -1.153650 0.000000 0.000000 1.000000 0.000000
0.987603 0.156404 0.000000 19.626277 -0.156447 0.987684 0.000000 -1.244919 0.000000 0.000000 1.000000 0.000000
0.986484 0.163311 0.000000 20.155390 -0.163359 0.986563 0.000000 -1.333393 0.000000 0.000000 1.000000 0.000000
0.985032 0.171997 0.000000 20.898124 -0.172032 0.985089 0.000000 -1.460237 0.000000 0.000000 1.000000 0.000000
0.983809 0.178930 0.000000 21.478410 -0.178965 0.983852 0.000000 -1.563933 0.000000 0.000000 1.000000 0.000000
0.982370 0.186656 0.000000 22.029937 -0.186700 0.982411 0.000000 -1.668310 0.000000 0.000000 1.000000 0.000000
0.981022 0.193523 0.000000 22.586143 -0.193579 0.981078 0.000000 -1.778724 0.000000 0.000000 1.000000 0.000000
0.979792 0.199544 0.000000 23.149135 -0.199615 0.979866 0.000000 -1.893613 0.000000 0.000000 1.000000 0.000000
0.978426 0.206050 0.000000 23.672980 -0.206137 0.978513 0.000000 -2.003183 0.000000 0.000000 1.000000 0.000000
0.976857 0.213300 0.000000 24.209598 -0.213400 0.976953 0.000000 -2.119424 0.000000 0.000000 1.000000 0.000000
0.975097 0.221220 0.000000 24.776323 -0.221313 0.975193 0.000000 -2.249643 0.000000 0.000000 1.000000 0.000000
0.973388 0.228618 0.000000 25.311887 -0.228708 0.973486 0.000000 -2.377089 0.000000 0.000000 1.000000 0.000000
0.971582 0.236075 0.000000 25.889357 -0.236187 0.971696 0.000000 -2.518761 0.000000 0.000000 1.000000 0.000000
0.969082 0.246077 0.000000 26.647503 -0.246199 0.969207 0.000000 -2.712703 0.000000 0.000000 1.000000 0.000000
0.967235 0.253135 0.000000 27.209009 -0.253273 0.967382 0.000000 -2.859980 0.000000 0.000000 1.000000 0.000000
0.965056 0.261200 0.000000 27.801364 -0.261364 0.965225 0.000000 -3.021386 0.000000 0.000000 1.000000 0.000000
0.962858 0.269181 0.000000 28.341854 -0.269358 0.963021 0.000000 -3.175768 0.000000 0.000000 1.000000 0.000000
0.961071 0.275444 0.000000 28.874969 -0.275635 0.961242 0.000000 -3.329723 0.000000 0.000000 1.000000 0.000000
0.959022 0.282404 0.000000 29.374319 -0.282617 0.959210 0.000000 -3.475052 0.000000 0.000000 1.000000 0.000000
0.956713 0.290002 0.000000 29.937856 -0.290250 0.956923 0.000000 -3.645709 0.000000 0.000000 1.000000 0.000000
0.954549 0.296995 0.000000 30.439374 -0.297246 0.954776 0.000000 -3.802300 0.000000 0.000000 1.000000 0.000000
0.952370 0.303899 0.000000 30.960413 -0.304148 0.952602 0.000000 -3.969547 0.000000 0.000000 1.000000 0.000000
0.947857 0.317723 0.000000 31.986820 -0.317988 0.948066 0.000000 -4.309041 0.000000 0.000000 1.000000 0.000000
0.945895 0.323611 0.000000 32.466371 -0.323848 0.946084 0.000000 -4.474717 0.000000 0.000000 1.000000 0.000000
0.943649 0.330166 0.000000 32.975624 -0.330370 0.943834 0.000000 -4.654651 0.000000 0.000000 1.000000 0.000000
0.940483 0.339125 0.000000 33.619534 -0.339315 0.940657 0.000000 -4.888525 0.000000 0.000000 1.000000 0.000000
0.938365 0.344891 0.000000 34.088886 -0.345084 0.938558 0.000000 -5.061896 0.000000 0.000000 1.000000 0.000000
0.936257 0.350392 0.000000 34.551488 -0.350601 0.936516 0.000000 -5.236359 0.000000 0.000000 1.000000 0.000000
0.933834 0.356681 0.000000 35.039777 -0.356909 0.934131 0.000000 -5.424980 0.000000 0.000000 1.000000 0.000000
0.931784 0.362017 0.000000 35.495581 -0.362257 0.932068 0.000000 -5.602882 0.000000 0.000000 1.000000 0.000000
0.929064 0.368961 0.000000 36.152145 -0.369196 0.929341 0.000000 -5.862256 0.000000 0.000000 1.000000 0.000000
0.926884 0.374507 0.000000 36.655675 -0.374731 0.927122 0.000000 -6.067060 0.000000 0.000000 1.000000 0.000000
0.924507 0.380383 0.000000 37.174157 -0.380625 0.924710 0.000000 -6.283575 0.000000 0.000000 1.000000 0.000000
0.922279 0.385774 0.000000 37.656639 -0.386017 0.922471 0.000000 -6.488226 0.000000 0.000000 1.000000 0.000000
0.919993 0.391183 0.000000 38.152453 -0.391416 0.920197 0.000000 -6.702322 0.000000 0.000000 1.000000 0.000000
0.917293 0.397413 0.000000 38.645398 -0.397624 0.917541 0.000000 -6.917884 0.000000 0.000000 1.000000 0.000000
0.914429 0.404014 0.000000 39.096401 -0.404154 0.914690 0.000000 -7.118729 0.000000 0.000000 1.000000 0.000000
0.911572 0.410376 0.000000 39.578579 -0.410507 0.911857 0.000000 -7.335283 0.000000 0.000000 1.000000 0.000000
0.908530 0.416970 0.000000 40.031419 -0.417121 0.908851 0.000000 -7.543576 0.000000 0.000000 1.000000 0.000000
0.905390 0.423716 0.000000 40.508901 -0.423851 0.905732 0.000000 -7.768773 0.000000 0.000000 1.000000 0.000000
0.902402 0.430039 0.000000 40.965988 -0.430162 0.902751 0.000000 -7.988513 0.000000 0.000000 1.000000 0.000000
0.899225 0.436670 0.000000 41.457919 -0.436753 0.899577 0.000000 -8.226467 0.000000 0.000000 1.000000 0.000000
0.896060 0.443114 0.000000 41.926180 -0.443211 0.896414 0.000000 -8.457324 0.000000 0.000000 1.000000 0.000000
0.892604 0.449991 0.000000 42.402184 -0.450119 0.892967 0.000000 -8.699682 0.000000 0.000000 1.000000 0.000000
0.890174 0.454732 0.000000 42.842649 -0.454873 0.890555 0.000000 -8.924710 0.000000 0.000000 1.000000 0.000000
0.886197 0.462391 0.000000 43.505434 -0.462581 0.886577 0.000000 -9.270870 0.000000 0.000000 1.000000 0.000000
0.882252 0.469876 0.000000 44.192419 -0.470062 0.882633 0.000000 -9.632030 0.000000 0.000000 1.000000 0.000000
0.879260 0.475501 0.000000 44.665089 -0.475687 0.879615 0.000000 -9.886393 0.000000 0.000000 1.000000 0.000000
0.874085 0.485137 0.000000 45.472787 -0.485307 0.874343 0.000000 -10.335008 0.000000 0.000000 1.000000 0.000000
0.871123 0.490413 0.000000 45.927524 -0.490576 0.871398 0.000000 -10.592879 0.000000 0.000000 1.000000 0.000000
0.868193 0.495540 0.000000 46.372737 -0.495701 0.868493 0.000000 -10.850850 0.000000 0.000000 1.000000 0.000000
0.865102 0.500917 0.000000 46.826476 -0.501069 0.865407 0.000000 -11.114741 0.000000 0.000000 1.000000 0.000000
0.861939 0.506327 0.000000 47.278761 -0.506482 0.862250 0.000000 -11.383349 0.000000 0.000000 1.000000 0.000000
0.858493 0.512125 0.000000 47.752026 -0.512287 0.858814 0.000000 -11.668593 0.000000 0.000000 1.000000 0.000000
0.855705 0.516799 0.000000 48.169650 -0.516955 0.856012 0.000000 -11.923677 0.000000 0.000000 1.000000 0.000000
0.853002 0.521245 0.000000 48.596858 -0.521400 0.853312 0.000000 -12.185866 0.000000 0.000000 1.000000 0.000000
0.849886 0.526270 0.000000 49.029540 -0.526428 0.850218 0.000000 -12.454135 0.000000 0.000000 1.000000 0.000000
0.847028 0.530836 0.000000 49.454526 -0.530992 0.847375 0.000000 -12.722635 0.000000 0.000000 1.000000 0.000000
0.844390 0.535013 0.000000 49.866532 -0.535183 0.844735 0.000000 -12.984906 0.000000 0.000000 1.000000 0.000000
0.841451 0.539590 0.000000 50.283348 -0.539756 0.841819 0.000000 -13.254629 0.000000 0.000000 1.000000 0.000000
0.838846 0.543575 0.000000 50.667383 -0.543764 0.839236 0.000000 -13.505233 0.000000 0.000000 1.000000 0.000000
0.836410 0.547340 0.000000 51.068402 -0.547520 0.836790 0.000000 -13.768389 0.000000 0.000000 1.000000 0.000000
0.833789 0.551376 0.000000 51.436636 -0.551550 0.834140 0.000000 -14.014117 0.000000 0.000000 1.000000 0.000000
0.830969 0.555558 0.000000 51.841410 -0.555757 0.831343 0.000000 -14.286927 0.000000 0.000000 1.000000 0.000000
0.828217 0.559566 0.000000 52.216541 -0.559782 0.828638 0.000000 -14.544223 0.000000 0.000000 1.000000 0.000000
0.825298 0.563807 0.000000 52.587272 -0.564016 0.825759 0.000000 -14.799407 0.000000 0.000000 1.000000 0.000000
0.822637 0.567684 0.000000 52.948858 -0.567886 0.823102 0.000000 -15.051081 0.000000 0.000000 1.000000 0.000000
0.819578 0.572119 0.000000 53.311710 -0.572294 0.820039 0.000000 -15.306883 0.000000 0.000000 1.000000 0.000000
0.816627 0.576355 0.000000 53.670162 -0.576523 0.817072 0.000000 -15.560573 0.000000 0.000000 1.000000 0.000000
0.813601 0.580660 0.000000 54.019284 -0.580833 0.814016 0.000000 -15.809445 0.000000 0.000000 1.000000 0.000000
0.810270 0.585314 0.000000 54.389726 -0.585499 0.810668 0.000000 -16.079314 0.000000 0.000000 1.000000 0.000000
0.805506 0.591857 0.000000 54.902473 -0.592106 0.805860 0.000000 -16.459321 0.000000 0.000000 1.000000 0.000000
0.801897 0.596704 0.000000 55.268036 -0.596975 0.802260 0.000000 -16.734836 0.000000 0.000000 1.000000 0.000000
0.798448 0.601264 0.000000 55.600721 -0.601542 0.798841 0.000000 -16.988612 0.000000 0.000000 1.000000 0.000000
0.795637 0.604902 0.000000 55.932967 -0.605182 0.796086 0.000000 -17.240485 0.000000 0.000000 1.000000 0.000000
0.792152 0.609442 0.000000 56.260449 -0.609718 0.792616 0.000000 -17.494946 0.000000 0.000000 1.000000 0.000000
0.789035 0.613478 0.000000 56.585070 -0.613771 0.789483 0.000000 -17.748032 0.000000 0.000000 1.000000 0.000000
0.786244 0.617020 0.000000 56.916880 -0.617318 0.786712 0.000000 -18.008699 0.000000 0.000000 1.000000 0.000000
0.782790 0.621383 0.000000 57.233614 -0.621690 0.783262 0.000000 -18.261859 0.000000 0.000000 1.000000 0.000000
0.779190 0.625891 0.000000 57.539118 -0.626224 0.779643 0.000000 -18.509086 0.000000 0.000000 1.000000 0.000000
0.776233 0.629580 0.000000 57.841302 -0.629955 0.776631 0.000000 -18.757022 0.000000 0.000000 1.000000 0.000000
0.773286 0.633135 0.000000 58.128157 -0.633547 0.773703 0.000000 -18.995163 0.000000 0.000000 1.000000 0.000000
0.767322 0.640245 0.000000 58.692050 -0.640710 0.767781 0.000000 -19.472147 0.000000 0.000000 1.000000 0.000000
0.764770 0.643246 0.000000 58.958574 -0.643728 0.765253 0.000000 -19.698498 0.000000 0.000000 1.000000 0.000000
0.762422 0.645981 0.000000 59.214468 -0.646460 0.762947 0.000000 -19.917107 0.000000 0.000000 1.000000 0.000000
0.759960 0.648823 0.000000 59.468443 -0.649313 0.760521 0.000000 -20.135201 0.000000 0.000000 1.000000 0.000000
0.757508 0.651654 0.000000 59.734332 -0.652170 0.758072 0.000000 -20.367949 0.000000 0.000000 1.000000 0.000000
0.755443 0.653999 0.000000 59.982717 -0.654554 0.756015 0.000000 -20.584713 0.000000 0.000000 1.000000 0.000000
0.753150 0.656638 0.000000 60.242339 -0.657214 0.753702 0.000000 -20.813031 0.000000 0.000000 1.000000 0.000000
0.750608 0.659516 0.000000 60.482108 -0.660116 0.751161 0.000000 -21.026878 0.000000 0.000000 1.000000 0.000000
0.747915 0.662515 0.000000 60.723900 -0.663140 0.748493 0.000000 -21.244404 0.000000 0.000000 1.000000 0.000000
0.745828 0.664821 0.000000 60.937367 -0.665482 0.746409 0.000000 -21.436353 0.000000 0.000000 1.000000 0.000000
0.743171 0.667769 0.000000 61.159958 -0.668441 0.743761 0.000000 -21.637488 0.000000 0.000000 1.000000 0.000000
0.740588 0.670635 0.000000 61.394982 -0.671318 0.741164 0.000000 -21.851630 0.000000 0.000000 1.000000 0.000000
0.737055 0.674485 0.000000 61.724952 -0.675182 0.737646 0.000000 -22.153312 0.000000 0.000000 1.000000 0.000000
0.734433 0.677299 0.000000 61.958222 -0.678022 0.735036 0.000000 -22.370538 0.000000 0.000000 1.000000 0.000000
0.731974 0.679953 0.000000 62.176023 -0.680666 0.732590 0.000000 -22.574315 0.000000 0.000000 1.000000 0.000000
0.729047 0.683097 0.000000 62.394544 -0.683806 0.729660 0.000000 -22.782228 0.000000 0.000000 1.000000 0.000000
0.726423 0.685901 0.000000 62.608507 -0.686605 0.727028 0.000000 -22.986666 0.000000 0.000000 1.000000 0.000000
0.724058 0.688409 0.000000 62.806006 -0.689097 0.724667 0.000000 -23.176907 0.000000 0.000000 1.000000 0.000000
0.721674 0.690904 0.000000 62.987031 -0.691575 0.722304 0.000000 -23.354096 0.000000 0.000000 1.000000 0.000000
0.719449 0.693206 0.000000 63.170115 -0.693900 0.720070 0.000000 -23.533762 0.000000 0.000000 1.000000 0.000000
0.717386 0.695333 0.000000 63.346344 -0.696030 0.718011 0.000000 -23.706281 0.000000 0.000000 1.000000 0.000000
0.715043 0.697787 0.000000 63.518147 -0.698428 0.715680 0.000000 -23.876741 0.000000 0.000000 1.000000 0.000000
0.710413 0.702524 0.000000 63.866265 -0.703139 0.711052 0.000000 -24.223485 0.000000 0.000000 1.000000 0.000000
0.708370 0.704589 0.000000 64.026144 -0.705202 0.709007 0.000000 -24.383822 0.000000 0.000000 1.000000 0.000000
0.706485 0.706520 0.000000 64.177813 -0.707123 0.707090 0.000000 -24.537579 0.000000 0.000000 1.000000 0.000000
0.704537 0.708446 0.000000 64.330273 -0.709085 0.705123 0.000000 -24.693070 0.000000 0.000000 1.000000 0.000000
0.702907 0.710024 0.000000 64.472614 -0.710683 0.703512 0.000000 -24.838627 0.000000 0.000000 1.000000 0.000000
0.700889 0.711967 0.000000 64.614708 -0.712639 0.701531 0.000000 -24.985825 0.000000 0.000000 1.000000 0.000000
0.698893 0.713911 0.000000 64.762284 -0.714579 0.699554 0.000000 -25.139648 0.000000 0.000000 1.000000 0.000000
0.697016 0.715753 0.000000 64.894522 -0.716410 0.697680 0.000000 -25.278054 0.000000 0.000000 1.000000 0.000000
0.695374 0.717384 0.000000 65.037285 -0.718010 0.696032 0.000000 -25.426115 0.000000 0.000000 1.000000 0.000000
0.691719 0.721118 0.000000 65.285122 -0.721592 0.692314 0.000000 -25.687968 0.000000 0.000000 1.000000 0.000000
0.689801 0.723028 0.000000 65.410170 -0.723454 0.690365 0.000000 -25.822178 0.000000 0.000000 1.000000 0.000000
0.688233 0.724567 0.000000 65.536838 -0.724963 0.688780 0.000000 -25.956963 0.000000 0.000000 1.000000 0.000000
0.684875 0.727695 0.000000 65.737740 -0.728094 0.685465 0.000000 -26.174491 0.000000 0.000000 1.000000 0.000000
0.682554 0.729814 0.000000 65.869528 -0.730222 0.683193 0.000000 -26.317216 0.000000 0.000000 1.000000 0.000000
0.680433 0.731730 0.000000 65.998667 -0.732169 0.681106 0.000000 -26.456436 0.000000 0.000000 1.000000 0.000000
0.677664 0.734240 0.000000 66.134255 -0.734739 0.678339 0.000000 -26.604775 0.000000 0.000000 1.000000 0.000000
0.675254 0.736483 0.000000 66.266094 -0.736974 0.675911 0.000000 -26.750774 0.000000 0.000000 1.000000 0.000000
0.672629 0.738929 0.000000 66.396278 -0.739369 0.673283 0.000000 -26.895708 0.000000 0.000000 1.000000 0.000000
0.669886 0.741402 0.000000 66.531838 -0.741829 0.670566 0.000000 -27.047486 0.000000 0.000000 1.000000 0.000000
0.662972 0.747711 0.000000 66.823677 -0.747984 0.663658 0.000000 -27.380617 0.000000 0.000000 1.000000 0.000000
0.659660 0.750642 0.000000 66.963757 -0.750859 0.660378 0.000000 -27.542147 0.000000 0.000000 1.000000 0.000000
0.656342 0.753506 0.000000 67.096771 -0.753683 0.657121 0.000000 -27.698660 0.000000 0.000000 1.000000 0.000000
0.652987 0.756416 0.000000 67.230919 -0.756557 0.653788 0.000000 -27.857883 0.000000 0.000000 1.000000 0.000000
0.649476 0.759469 0.000000 67.366105 -0.759610 0.650245 0.000000 -28.018891 0.000000 0.000000 1.000000 0.000000
0.646324 0.762176 0.000000 67.500578 -0.762345 0.647056 0.000000 -28.179691 0.000000 0.000000 1.000000 0.000000
0.642885 0.765049 0.000000 67.631857 -0.765263 0.643618 0.000000 -28.338688 0.000000 0.000000 1.000000 0.000000
0.639115 0.768171 0.000000 67.771203 -0.768416 0.639858 0.000000 -28.509070 0.000000 0.000000 1.000000 0.000000
0.635640 0.771039 0.000000 67.907011 -0.771284 0.636394 0.000000 -28.674980 0.000000 0.000000 1.000000 0.000000
0.631611 0.774365 0.000000 68.047913 -0.774581 0.632364 0.000000 -28.850576 0.000000 0.000000 1.000000 0.000000
0.627778 0.777438 0.000000 68.194929 -0.777742 0.628508 0.000000 -29.034862 0.000000 0.000000 1.000000 0.000000
0.624579 0.780014 0.000000 68.323344 -0.780374 0.625262 0.000000 -29.197560 0.000000 0.000000 1.000000 0.000000
0.620768 0.783132 0.000000 68.471969 -0.783455 0.621398 0.000000 -29.386950 0.000000 0.000000 1.000000 0.000000
0.616988 0.786073 0.000000 68.613694 -0.786482 0.617586 0.000000 -29.569846 0.000000 0.000000 1.000000 0.000000
0.612834 0.789284 0.000000 68.766170 -0.789740 0.613423 0.000000 -29.769816 0.000000 0.000000 1.000000 0.000000
0.609264 0.792049 0.000000 68.915364 -0.792429 0.609918 0.000000 -29.965909 0.000000 0.000000 1.000000 0.000000
0.603848 0.796088 0.000000 69.141598 -0.796383 0.604675 0.000000 -30.267076 0.000000 0.000000 1.000000 0.000000
0.600178 0.798877 0.000000 69.296508 -0.799059 0.601064 0.000000 -30.476066 0.000000 0.000000 1.000000 0.000000
0.596488 0.801609 0.000000 69.462476 -0.801778 0.597411 0.000000 -30.700924 0.000000 0.000000 1.000000 0.000000
0.593472 0.803851 0.000000 69.617939 -0.804050 0.594371 0.000000 -30.912143 0.000000 0.000000 1.000000 0.000000
0.587009 0.808337 0.000000 69.945517 -0.808801 0.587973 0.000000 -31.362473 0.000000 0.000000 1.000000 0.000000
0.583879 0.810477 0.000000 70.103917 -0.811021 0.584912 0.000000 -31.581667 0.000000 0.000000 1.000000 0.000000
0.580912 0.812513 0.000000 70.259281 -0.813141 0.581976 0.000000 -31.798728 0.000000 0.000000 1.000000 0.000000
0.577247 0.815169 0.000000 70.424469 -0.815809 0.578246 0.000000 -32.034785 0.000000 0.000000 1.000000 0.000000
0.573066 0.818283 0.000000 70.640216 -0.818861 0.573931 0.000000 -32.342561 0.000000 0.000000 1.000000 0.000000
0.570403 0.820279 0.000000 70.792507 -0.820759 0.571203 0.000000 -32.562072 0.000000 0.000000 1.000000 0.000000
0.566935 0.822686 0.000000 70.941901 -0.823159 0.567735 0.000000 -32.779719 0.000000 0.000000 1.000000 0.000000
0.564110 0.824599 0.000000 71.089466 -0.825086 0.564928 0.000000 -32.995540 0.000000 0.000000 1.000000 0.000000
0.560742 0.826861 0.000000 71.223868 -0.827376 0.561573 0.000000 -33.197055 0.000000 0.000000 1.000000 0.000000
0.557863 0.828750 0.000000 71.366848 -0.829319 0.558708 0.000000 -33.411149 0.000000 0.000000 1.000000 0.000000
0.554987 0.830635 0.000000 71.520382 -0.831244 0.555846 0.000000 -33.643848 0.000000 0.000000 1.000000 0.000000
0.553105 0.831889 0.000000 71.660976 -0.832482 0.553981 0.000000 -33.857270 0.000000 0.000000 1.000000 0.000000
0.551048 0.833273 0.000000 71.795825 -0.833829 0.551937 0.000000 -34.062926 0.000000 0.000000 1.000000 0.000000
0.549002 0.834649 0.000000 71.941072 -0.835188 0.549877 0.000000 -34.284132 0.000000 0.000000 1.000000 0.000000
0.546645 0.836236 0.000000 72.075665 -0.836759 0.547487 0.000000 -34.492576 0.000000 0.000000 1.000000 0.000000
0.544008 0.837948 0.000000 72.260197 -0.838475 0.544853 0.000000 -34.780225 0.000000 0.000000 1.000000 0.000000
0.542497 0.838889 0.000000 72.409672 -0.839431 0.543374 0.000000 -35.015171 0.000000 0.000000 1.000000 0.000000
0.541319 0.839614 0.000000 72.550025 -0.840143 0.542253 0.000000 -35.235855 0.000000 0.000000 1.000000 0.000000
0.540211 0.840300 0.000000 72.686577 -0.840802 0.541202 0.000000 -35.450926 0.000000 0.000000 1.000000 0.000000
0.539553 0.840704 0.000000 72.821485 -0.841180 0.540589 0.000000 -35.663785 0.000000 0.000000 1.000000 0.000000
0.539649 0.840654 0.000000 72.957176 -0.841106 0.540693 0.000000 -35.876140 0.000000 0.000000 1.000000 0.000000
0.539781 0.840600 0.000000 73.095207 -0.841047 0.540792 0.000000 -36.091514 0.000000 0.000000 1.000000 0.000000
0.539832 0.840611 0.000000 73.224555 -0.841058 0.540793 0.000000 -36.294529 0.000000 0.000000 1.000000 0.000000
0.539700 0.840721 0.000000 73.353005 -0.841181 0.540620 0.000000 -36.499415 0.000000 0.000000 1.000000 0.000000
0.540035 0.840539 0.000000 73.468920 -0.840994 0.540920 0.000000 -36.683054 0.000000 0.000000 1.000000 0.000000
0.540574 0.840271 0.000000 73.704909 -0.840671 0.541416 0.000000 -37.059707 0.000000 0.000000 1.000000 0.000000
0.540617 0.840263 0.000000 73.831600 -0.840641 0.541456 0.000000 -37.260364 0.000000 0.000000 1.000000 0.000000
0.541386 0.839770 0.000000 73.954139 -0.840137 0.542231 0.000000 -37.453883 0.000000 0.000000 1.000000 0.000000
0.541429 0.839741 0.000000 74.065374 -0.840116 0.542269 0.000000 -37.629794 0.000000 0.000000 1.000000 0.000000
0.541560 0.839635 0.000000 74.185195 -0.840031 0.542407 0.000000 -37.818827 0.000000 0.000000 1.000000 0.000000
0.541950 0.839326 0.000000 74.299272 -0.839758 0.542832 0.000000 -37.998403 0.000000 0.000000 1.000000 0.000000
0.542589 0.838833 0.000000 74.422946 -0.839312 0.543521 0.000000 -38.192941 0.000000 0.000000 1.000000 0.000000
0.544269 0.837742 0.000000 74.619669 -0.838179 0.545240 0.000000 -38.502552 0.000000 0.000000 1.000000 0.000000
0.545436 0.836984 0.000000 74.733553 -0.837378 0.546441 0.000000 -38.680274 0.000000 0.000000 1.000000 0.000000
0.546658 0.836205 0.000000 74.845123 -0.836543 0.547686 0.000000 -38.854924 0.000000 0.000000 1.000000 0.000000
0.548530 0.835060 0.000000 74.954680 -0.835332 0.549515 0.000000 -39.024748 0.000000 0.000000 1.000000 0.000000
0.550719 0.833687 0.000000 75.062486 -0.833946 0.551636 0.000000 -39.190889 0.000000 0.000000 1.000000 0.000000
0.552577 0.832453 0.000000 75.172606 -0.832756 0.553465 0.000000 -39.360104 0.000000 0.000000 1.000000 0.000000
0.558033 0.828754 0.000000 75.402893 -0.829116 0.558929 0.000000 -39.712562 0.000000 0.000000 1.000000 0.000000
0.560632 0.826980 0.000000 75.500866 -0.827384 0.561512 0.000000 -39.860852 0.000000 0.000000 1.000000 0.000000
0.563635 0.825003 0.000000 75.600880 -0.825395 0.564449 0.000000 -40.010528 0.000000 0.000000 1.000000 0.000000
0.569653 0.820936 0.000000 75.778355 -0.821313 0.570392 0.000000 -40.271165 0.000000 0.000000 1.000000 0.000000
0.578687 0.814697 0.000000 76.009901 -0.814970 0.579394 0.000000 -40.604666 0.000000 0.000000 1.000000 0.000000
0.584728 0.810386 0.000000 76.150660 -0.810668 0.585412 0.000000 -40.802532 0.000000 0.000000 1.000000 0.000000
0.589060 0.807248 0.000000 76.242295 -0.807538 0.589730 0.000000 -40.931330 0.000000 0.000000 1.000000 0.000000
0.597790 0.800817 0.000000 76.417508 -0.801062 0.598479 0.000000 -41.171320 0.000000 0.000000 1.000000 0.000000
0.602134 0.797564 0.000000 76.501421 -0.797772 0.602839 0.000000 -41.282943 0.000000 0.000000 1.000000 0.000000
0.606505 0.794269 0.000000 76.583073 -0.794441 0.607209 0.000000 -41.391381 0.000000 0.000000 1.000000 0.000000
0.610957 0.790887 0.000000 76.667980 -0.791026 0.611643 0.000000 -41.503752 0.000000 0.000000 1.000000 0.000000
0.616462 0.786650 0.000000 76.789663 -0.786772 0.617111 0.000000 -41.663558 0.000000 0.000000 1.000000 0.000000
0.622989 0.781530 0.000000 76.929612 -0.781651 0.623598 0.000000 -41.844518 0.000000 0.000000 1.000000 0.000000
0.626870 0.778447 0.000000 77.002802 -0.778549 0.627464 0.000000 -41.937321 0.000000 0.000000 1.000000 0.000000
0.630550 0.775496 0.000000 77.077119 -0.775579 0.631128 0.000000 -42.030596 0.000000 0.000000 1.000000 0.000000
0.634022 0.772685 0.000000 77.151296 -0.772753 0.634583 0.000000 -42.123601 0.000000 0.000000 1.000000 0.000000
0.637852 0.769560 0.000000 77.228693 -0.769614 0.638388 0.000000 -42.220047 0.000000 0.000000 1.000000 0.000000
0.641492 0.766567 0.000000 77.299113 -0.766611 0.641996 0.000000 -42.306782 0.000000 0.000000 1.000000 0.000000
0.647382 0.761651 0.000000 77.432556 -0.761690 0.647839 0.000000 -42.469728 0.000000 0.000000 1.000000 0.000000
0.649489 0.759877 0.000000 77.489181 -0.759908 0.649929 0.000000 -42.538401 0.000000 0.000000 1.000000 0.000000
0.651904 0.757819 0.000000 77.540712 -0.757856 0.652329 0.000000 -42.600771 0.000000 0.000000 1.000000 0.000000
0.654317 0.755753 0.000000 77.586560 -0.755799 0.654721 0.000000 -42.655811 0.000000 0.000000 1.000000 0.000000
0.656553 0.753828 0.000000 77.631766 -0.753878 0.656940 0.000000 -42.709932 0.000000 0.000000 1.000000 0.000000
0.658108 0.752470 0.000000 77.671499 -0.752534 0.658487 0.000000 -42.757975 0.000000 0.000000 1.000000 0.000000
0.659275 0.751434 0.000000 77.707158 -0.751519 0.659655 0.000000 -42.800407 0.000000 0.000000 1.000000 0.000000
0.661613 0.749356 0.000000 77.761471 -0.749470 0.661993 0.000000 -42.864315 0.000000 0.000000 1.000000 0.000000
0.663139 0.747994 0.000000 77.790927 -0.748116 0.663525 0.000000 -42.899370 0.000000 0.000000 1.000000 0.000000
0.664524 0.746764 0.000000 77.820516 -0.746882 0.664912 0.000000 -42.934150 0.000000 0.000000 1.000000 0.000000
0.665621 0.745797 0.000000 77.846014 -0.745907 0.666004 0.000000 -42.963921 0.000000 0.000000 1.000000 0.000000
0.666758 0.744784 0.000000 77.871151 -0.744890 0.667140 0.000000 -42.993315 0.000000 0.000000 1.000000 0.000000
0.667768 0.743871 0.000000 77.889531 -0.743976 0.668158 0.000000 -43.014795 0.000000 0.000000 1.000000 0.000000
0.668830 0.742912 0.000000 77.906661 -0.743018 0.669223 0.000000 -43.034931 0.000000 0.000000 1.000000 0.000000
0.669629 0.742192 0.000000 77.922402 -0.742299 0.670021 0.000000 -43.053452 0.000000 0.000000 1.000000 0.000000
0.670074 0.741788 0.000000 77.939233 -0.741894 0.670468 0.000000 -43.073647 0.000000 0.000000 1.000000 0.000000
0.670324 0.741563 0.000000 77.946166 -0.741666 0.670719 0.000000 -43.082322 0.000000 0.000000 1.000000 0.000000
0.670919 0.741024 0.000000 77.960111 -0.741122 0.671318 0.000000 -43.099508 0.000000 0.000000 1.000000 0.000000
0.670946 0.740997 0.000000 77.965487 -0.741090 0.671350 0.000000 -43.106353 0.000000 0.000000 1.000000 0.000000
0.670716 0.741194 0.000000 77.967474 -0.741284 0.671132 0.000000 -43.109541 0.000000 0.000000 1.000000 0.000000
0.670611 0.741265 0.000000 77.966849 -0.741352 0.671050 0.000000 -43.109714 0.000000 0.000000 1.000000 0.000000
0.670767 0.741095 0.000000 77.965388 -0.741169 0.671239 0.000000 -43.108810 0.000000 0.000000 1.000000 0.000000
0.671019 0.740854 0.000000 77.963179 -0.740906 0.671514 0.000000 -43.107208 0.000000 0.000000 1.000000 0.000000
0.671080 0.740797 0.000000 77.960971 -0.740839 0.671582 0.000000 -43.105607 0.000000 0.000000 1.000000 0.000000
0.671021 0.740857 0.000000 77.959123 -0.740901 0.671516 0.000000 -43.104381 0.000000 0.000000 1.000000 0.000000
0.671093 0.740797 0.000000 77.957468 -0.740847 0.671581 0.000000 -43.103316 0.000000 0.000000 1.000000 0.000000
0.671305 0.740599 0.000000 77.956174 -0.740658 0.671793 0.000000 -43.102627 0.000000 0.000000 1.000000 0.000000
0.671400 0.740500 0.000000 77.955074 -0.740576 0.671890 0.000000 -43.102099 0.000000 0.000000 1.000000 0.000000
0.671473 0.740428 0.000000 77.954141 -0.740512 0.671964 0.000000 -43.101787 0.000000 0.000000 1.000000 0.000000
0.671578 0.740327 0.000000 77.953402 -0.740414 0.672073 0.000000 -43.101635 0.000000 0.000000 1.000000 0.000000
0.671666 0.740239 0.000000 77.952337 -0.740324 0.672169 0.000000 -43.101598 0.000000 0.000000 1.000000 0.000000
0.671734 0.740196 0.000000 77.951764 -0.740263 0.672230 0.000000 -43.101661 0.000000 0.000000 1.000000 0.000000
0.671809 0.740140 0.000000 77.951412 -0.740195 0.672301 0.000000 -43.101831 0.000000 0.000000 1.000000 0.000000
0.671824 0.740129 0.000000 77.950840 -0.740179 0.672315 0.000000 -43.101895 0.000000 0.000000 1.000000 0.000000
0.671862 0.740090 0.000000 77.950461 -0.740142 0.672357 0.000000 -43.102119 0.000000 0.000000 1.000000 0.000000
0.671927 0.740023 0.000000 77.950109 -0.740083 0.672425 0.000000 -43.102288 0.000000 0.000000 1.000000 0.000000
0.671980 0.739970 0.000000 77.949757 -0.740036 0.672478 0.000000 -43.102458 0.000000 0.000000 1.000000 0.000000
0.672023 0.739933 0.000000 77.949598 -0.739996 0.672522 0.000000 -43.102788 0.000000 0.000000 1.000000 0.000000
0.672053 0.739910 0.000000 77.949246 -0.739967 0.672551 0.000000 -43.102957 0.000000 0.000000 1.000000 0.000000
0.672111 0.739864 0.000000 77.948595 -0.739915 0.672606 0.000000 -43.103186 0.000000 0.000000 1.000000 0.000000
0.672118 0.739855 0.000000 77.948489 -0.739907 0.672615 0.000000 -43.103406 0.000000 0.000000 1.000000 0.000000
0.672128 0.739841 0.000000 77.948137 -0.739898 0.672627 0.000000 -43.103575 0.000000 0.000000 1.000000 0.000000
0.672189 0.739782 0.000000 77.947785 -0.739842 0.672689 0.000000 -43.103745 0.000000 0.000000 1.000000 0.000000
0.672233 0.739745 0.000000 77.947679 -0.739804 0.672731 0.000000 -43.103965 0.000000 0.000000 1.000000 0.000000
0.672204 0.739773 0.000000 77.947353 -0.739829 0.672702 0.000000 -43.104079 0.000000 0.000000 1.000000 0.000000
0.672192 0.739789 0.000000 77.947221 -0.739840 0.672688 0.000000 -43.104354 0.000000 0.000000 1.000000 0.000000
0.672234 0.739752 0.000000 77.946895 -0.739801 0.672730 0.000000 -43.104468 0.000000 0.000000 1.000000 0.000000
0.672250 0.739737 0.000000 77.946569 -0.739789 0.672745 0.000000 -43.104583 0.000000 0.000000 1.000000 0.000000
0.672261 0.739728 0.000000 77.946490 -0.739782 0.672754 0.000000 -43.104748 0.000000 0.000000 1.000000 0.000000
0.672269 0.739718 0.000000 77.946164 -0.739774 0.672764 0.000000 -43.104862 0.000000 0.000000 1.000000 0.000000
0.672276 0.739710 0.000000 77.946059 -0.739766 0.672772 0.000000 -43.105082 0.000000 0.000000 1.000000 0.000000
0.672285 0.739704 0.000000 77.945953 -0.739755 0.672782 0.000000 -43.105302 0.000000 0.000000 1.000000 0.000000
0.672292 0.739700 0.000000 77.945653 -0.739750 0.672787 0.000000 -43.105362 0.000000 0.000000 1.000000 0.000000
0.672296 0.739698 0.000000 77.945574 -0.739747 0.672790 0.000000 -43.105527 0.000000 0.000000 1.000000 0.000000
0.672275 0.739714 0.000000 77.945222 -0.739763 0.672771 0.000000 -43.105696 0.000000 0.000000 1.000000 0.000000
0.672260 0.739721 0.000000 77.945143 -0.739772 0.672762 0.000000 -43.105861 0.000000 0.000000 1.000000 0.000000
0.672278 0.739703 0.000000 77.945037 -0.739754 0.672781 0.000000 -43.106081 0.000000 0.000000 1.000000 0.000000
0.672292 0.739691 0.000000 77.944738 -0.739738 0.672796 0.000000 -43.106140 0.000000 0.000000 1.000000 0.000000
0.672374 0.739619 0.000000 77.944658 -0.739662 0.672878 0.000000 -43.106305 0.000000 0.000000 1.000000 0.000000
0.672417 0.739582 0.000000 77.944385 -0.739624 0.672920 0.000000 -43.106310 0.000000 0.000000 1.000000 0.000000
0.672500 0.739507 0.000000 77.944306 -0.739547 0.673003 0.000000 -43.106475 0.000000 0.000000 1.000000 0.000000
0.672607 0.739408 0.000000 77.944033 -0.739448 0.673112 0.000000 -43.106479 0.000000 0.000000 1.000000 0.000000
0.672814 0.739219 0.000000 77.943734 -0.739257 0.673320 0.000000 -43.106539 0.000000 0.000000 1.000000 0.000000
0.672985 0.739068 0.000000 77.943461 -0.739104 0.673488 0.000000 -43.106543 0.000000 0.000000 1.000000 0.000000
0.673065 0.739010 0.000000 77.942942 -0.739050 0.673553 0.000000 -43.106497 0.000000 0.000000 1.000000 0.000000
0.673105 0.738976 0.000000 77.942695 -0.739018 0.673590 0.000000 -43.106446 0.000000 0.000000 1.000000 0.000000
0.673181 0.738908 0.000000 77.942642 -0.738952 0.673664 0.000000 -43.106556 0.000000 0.000000 1.000000 0.000000
0.673215 0.738878 0.000000 77.942369 -0.738924 0.673696 0.000000 -43.106561 0.000000 0.000000 1.000000 0.000000
0.673069 0.739011 0.000000 77.942044 -0.739058 0.673550 0.000000 -43.106675 0.000000 0.000000 1.000000 0.000000
0.673016 0.739055 0.000000 77.941964 -0.739099 0.673502 0.000000 -43.106840 0.000000 0.000000 1.000000 0.000000
0.672999 0.739068 0.000000 77.941911 -0.739112 0.673487 0.000000 -43.106950 0.000000 0.000000 1.000000 0.000000
0.672926 0.739133 0.000000 77.941806 -0.739178 0.673415 0.000000 -43.107170 0.000000 0.000000 1.000000 0.000000
0.672810 0.739238 0.000000 77.941726 -0.739283 0.673299 0.000000 -43.107335 0.000000 0.000000 1.000000 0.000000
0.672739 0.739300 0.000000 77.941674 -0.739346 0.673230 0.000000 -43.107445 0.000000 0.000000 1.000000 0.000000
0.672733 0.739307 0.000000 77.941814 -0.739352 0.673223 0.000000 -43.107716 0.000000 0.000000 1.000000 0.000000
0.672687 0.739350 0.000000 77.941761 -0.739393 0.673177 0.000000 -43.107826 0.000000 0.000000 1.000000 0.000000
0.672594 0.739434 0.000000 77.941682 -0.739476 0.673085 0.000000 -43.107991 0.000000 0.000000 1.000000 0.000000
0.672543 0.739479 0.000000 77.941629 -0.739520 0.673036 0.000000 -43.108101 0.000000 0.000000 1.000000 0.000000
0.672521 0.739498 0.000000 77.941550 -0.739539 0.673015 0.000000 -43.108266 0.000000 0.000000 1.000000 0.000000
0.672515 0.739502 0.000000 77.941497 -0.739545 0.673009 0.000000 -43.108376 0.000000 0.000000 1.000000 0.000000
0.672516 0.739497 0.000000 77.941444 -0.739539 0.673014 0.000000 -43.108486 0.000000 0.000000 1.000000 0.000000
0.672560 0.739449 0.000000 77.941391 -0.739491 0.673065 0.000000 -43.108596 0.000000 0.000000 1.000000 0.000000
0.672585 0.739424 0.000000 77.941365 -0.739464 0.673094 0.000000 -43.108651 0.000000 0.000000 1.000000 0.000000
0.672620 0.739393 0.000000 77.941312 -0.739429 0.673130 0.000000 -43.108761 0.000000 0.000000 1.000000 0.000000
0.672657 0.739356 0.000000 77.941066 -0.739392 0.673170 0.000000 -43.108710 0.000000 0.000000 1.000000 0.000000
0.672726 0.739291 0.000000 77.941039 -0.739325 0.673241 0.000000 -43.108765 0.000000 0.000000 1.000000 0.000000
0.672981 0.739060 0.000000 77.940766 -0.739093 0.673496 0.000000 -43.108769 0.000000 0.000000 1.000000 0.000000
0.673246 0.738829 0.000000 77.940326 -0.738861 0.673752 0.000000 -43.108558 0.000000 0.000000 1.000000 0.000000
0.673352 0.738742 0.000000 77.940300 -0.738774 0.673850 0.000000 -43.108613 0.000000 0.000000 1.000000 0.000000
0.673459 0.738646 0.000000 77.940080 -0.738683 0.673952 0.000000 -43.108508 0.000000 0.000000 1.000000 0.000000
0.673563 0.738556 0.000000 77.939860 -0.738595 0.674052 0.000000 -43.108402 0.000000 0.000000 1.000000 0.000000
0.673741 0.738389 0.000000 77.940335 -0.738429 0.674233 0.000000 -43.109104 0.000000 0.000000 1.000000 0.000000
0.673967 0.738173 0.000000 77.941725 -0.738211 0.674469 0.000000 -43.110719 0.000000 0.000000 1.000000 0.000000
0.674445 0.737732 0.000000 77.941778 -0.737767 0.674952 0.000000 -43.110609 0.000000 0.000000 1.000000 0.000000
0.674903 0.737315 0.000000 77.942552 -0.737347 0.675409 0.000000 -43.111251 0.000000 0.000000 1.000000 0.000000
0.675319 0.736928 0.000000 77.944189 -0.736961 0.675830 0.000000 -43.112917 0.000000 0.000000 1.000000 0.000000
0.675874 0.736416 0.000000 77.947770 -0.736447 0.676388 0.000000 -43.116734 0.000000 0.000000 1.000000 0.000000
0.676591 0.735759 0.000000 77.953515 -0.735788 0.677105 0.000000 -43.122809 0.000000 0.000000 1.000000 0.000000
0.677428 0.734986 0.000000 77.961540 -0.735015 0.677944 0.000000 -43.131466 0.000000 0.000000 1.000000 0.000000
0.678251 0.734228 0.000000 77.972090 -0.734255 0.678766 0.000000 -43.142758 0.000000 0.000000 1.000000 0.000000
0.678990 0.733548 0.000000 77.982666 -0.733571 0.679504 0.000000 -43.153994 0.000000 0.000000 1.000000 0.000000
0.679799 0.732802 0.000000 77.994465 -0.732828 0.680308 0.000000 -43.166629 0.000000 0.000000 1.000000 0.000000
0.680506 0.732154 0.000000 78.006291 -0.732183 0.681006 0.000000 -43.179210 0.000000 0.000000 1.000000 0.000000
0.681359 0.731366 0.000000 78.018838 -0.731401 0.681851 0.000000 -43.192543 0.000000 0.000000 1.000000 0.000000
0.683068 0.729776 0.000000 78.043959 -0.729821 0.683549 0.000000 -43.219154 0.000000 0.000000 1.000000 0.000000
0.683976 0.728927 0.000000 78.058336 -0.728974 0.684454 0.000000 -43.234313 0.000000 0.000000 1.000000 0.000000
0.684784 0.728171 0.000000 78.072326 -0.728219 0.685259 0.000000 -43.249151 0.000000 0.000000 1.000000 0.000000
0.685529 0.727476 0.000000 78.087284 -0.727523 0.685999 0.000000 -43.264792 0.000000 0.000000 1.000000 0.000000
0.686093 0.726952 0.000000 78.098635 -0.727002 0.686554 0.000000 -43.276671 0.000000 0.000000 1.000000 0.000000
0.686677 0.726408 0.000000 78.110900 -0.726464 0.687129 0.000000 -43.289463 0.000000 0.000000 1.000000 0.000000
0.687200 0.725917 0.000000 78.122251 -0.725980 0.687645 0.000000 -43.301341 0.000000 0.000000 1.000000 0.000000
0.687655 0.725487 0.000000 78.133769 -0.725555 0.688096 0.000000 -43.313436 0.000000 0.000000 1.000000 0.000000
0.687987 0.725171 0.000000 78.144618 -0.725241 0.688428 0.000000 -43.324668 0.000000 0.000000 1.000000 0.000000
0.688358 0.724817 0.000000 78.154710 -0.724886 0.688801 0.000000 -43.334656 0.000000 0.000000 1.000000 0.000000
0.688846 0.724351 0.000000 78.169264 -0.724421 0.689290 0.000000 -43.348885 0.000000 0.000000 1.000000 0.000000
0.689070 0.724136 0.000000 78.176304 -0.724205 0.689517 0.000000 -43.355648 0.000000 0.000000 1.000000 0.000000
0.689199 0.724015 0.000000 78.183009 -0.724083 0.689644 0.000000 -43.361980 0.000000 0.000000 1.000000 0.000000
0.689155 0.724057 0.000000 78.186080 -0.724127 0.689599 0.000000 -43.364605 0.000000 0.000000 1.000000 0.000000
0.689075 0.724130 0.000000 78.187039 -0.724202 0.689521 0.000000 -43.364863 0.000000 0.000000 1.000000 0.000000
0.689041 0.724159 0.000000 78.186890 -0.724231 0.689490 0.000000 -43.364046 0.000000 0.000000 1.000000 0.000000
0.689076 0.724115 0.000000 78.186353 -0.724190 0.689533 0.000000 -43.362909 0.000000 0.000000 1.000000 0.000000
0.689159 0.724029 0.000000 78.185650 -0.724100 0.689624 0.000000 -43.361556 0.000000 0.000000 1.000000 0.000000
0.689217 0.723971 0.000000 78.184920 -0.724037 0.689687 0.000000 -43.360258 0.000000 0.000000 1.000000 0.000000
0.689273 0.723920 0.000000 78.184383 -0.723983 0.689743 0.000000 -43.359120 0.000000 0.000000 1.000000 0.000000
0.689346 0.723854 0.000000 78.184014 -0.723916 0.689813 0.000000 -43.358199 0.000000 0.000000 1.000000 0.000000
0.689460 0.723744 0.000000 78.183636 -0.723809 0.689926 0.000000 -43.356731 0.000000 0.000000 1.000000 0.000000
0.689541 0.723664 0.000000 78.183407 -0.723732 0.690008 0.000000 -43.356080 0.000000 0.000000 1.000000 0.000000
0.689584 0.723621 0.000000 78.183566 -0.723688 0.690053 0.000000 -43.355750 0.000000 0.000000 1.000000 0.000000
0.689623 0.723585 0.000000 78.183531 -0.723649 0.690093 0.000000 -43.355259 0.000000 0.000000 1.000000 0.000000
0.689672 0.723540 0.000000 78.183690 -0.723603 0.690141 0.000000 -43.354929 0.000000 0.000000 1.000000 0.000000
0.689710 0.723508 0.000000 78.183822 -0.723572 0.690175 0.000000 -43.354654 0.000000 0.000000 1.000000 0.000000
