0.999999 -0.001176 0.000000 0.602546 0.001176 0.999999 0.000000 -0.003381 0.000000 0.000000 1.000000 0.000000
0.999999 -0.001670 0.000000 1.380716 0.001670 0.999999 0.000000 -0.028218 0.000000 0.000000 1.000000 0.000000
1.000000 0.000361 0.000000 1.978275 -0.000361 1.000000 0.000000 -0.034690 0.000000 0.000000 1.000000 0.000000
0.999993 0.003665 0.000000 2.579565 -0.003665 0.999993 0.000000 -0.044766 0.000000 0.000000 1.000000 0.000000
0.999972 0.007479 0.000000 3.157605 -0.007479 0.999972 0.000000 -0.048204 0.000000 0.000000 1.000000 0.000000
0.999944 0.010539 0.000000 4.325324 -0.010539 0.999944 0.000000 -0.078803 0.000000 0.000000 1.000000 0.000000
0.999913 0.013164 0.000000 4.878037 -0.013164 0.999913 0.000000 -0.100754 0.000000 0.000000 1.000000 0.000000
0.999888 0.014980 0.000000 6.024499 -0.014980 0.999888 0.000000 -0.127357 0.000000 0.000000 1.000000 0.000000
0.999837 0.018038 0.000000 6.618032 -0.018038 0.999837 0.000000 -0.141855 0.000000 0.000000 1.000000 0.000000
0.999816 0.019197 0.000000 7.170533 -0.019197 0.999816 0.000000 -0.162747 0.000000 0.000000 1.000000 0.000000
0.999792 0.020382 0.000000 7.769206 -0.020382 0.999792 0.000000 -0.185553 0.000000 0.000000 1.000000 0.000000
0.999734 0.023070 0.000000 8.585038 -0.023070 0.999734 0.000000 -0.220612 0.000000 0.000000 1.000000 0.000000
0.999738 0.022886 0.000000 9.173665 -0.022886 0.999738 0.000000 -0.256079 0.000000 0.000000 1.000000 0.000000
0.999627 0.027324 0.000000 9.732116 -0.027324 0.999627 0.000000 -0.264192 0.000000 0.000000 1.000000 0.000000
0.999475 0.032404 0.000000 10.317526 -0.032404 0.999475 0.000000 -0.281847 0.000000 0.000000 1.000000 0.000000
0.999300 0.037406 0.000000 10.859946 -0.037406 0.999300 0.000000 -0.313040 0.000000 0.000000 1.000000 0.000000
0.999056 0.043435 0.000000 11.439853 -0.043435 0.999056 0.000000 -0.339570 0.000000 0.000000 1.000000 0.000000
0.998793 0.049124 0.000000 11.978437 -0.049124 0.998793 0.000000 -0.368223 0.000000 0.000000 1.000000 0.000000
0.998513 0.054515 0.000000 12.696522 -0.054515 0.998513 0.000000 -0.421111 0.000000 0.000000 1.000000 0.000000
0.998338 0.057635 0.000000 13.272517 -0.057635 0.998338 0.000000 -0.462950 0.000000 0.000000 1.000000 0.000000
0.998070 0.062094 0.000000 13.847512 -0.062094 0.998070 0.000000 -0.501383 0.000000 0.000000 1.000000 0.000000
0.997674 0.068169 0.000000 14.421427 -0.068169 0.997674 0.000000 -0.539471 0.000000 0.000000 1.000000 0.000000
0.997232 0.074353 0.000000 15.572827 -0.074353 0.997232 0.000000 -0.605645 0.000000 0.000000 1.000000 0.000000
0.996794 0.080006 0.000000 16.114699 -0.080006 0.996794 0.000000 -0.646919 0.000000 0.000000 1.000000 0.000000
0.996167 0.087474 0.000000 16.691255 -0.087474 0.996167 0.000000 -0.693014 0.000000 0.000000 1.000000 0.000000
0.995574 0.093986 0.000000 17.234695 -0.093986 0.995574 0.000000 -0.741624 0.000000 0.000000 1.000000 0.000000
0.994941 0.100459 0.000000 17.798785 -0.100459 0.994941 0.000000 -0.793233 0.000000 0.000000 1.000000 0.000000
0.994527 0.104482 0.000000 18.331959 -0.104482 0.994527 0.000000 -0.858666 0.000000 0.000000 1.000000 0.000000
0.993838 0.110843 0.000000 18.910074 -0.110843 0.993838 0.000000 -0.928984 0.000000 0.000000 1.000000 0.000000
0.993054 0.117662 0.000000 19.445684 -0.117662 0.993054 0.000000 -0.986380 0.000000 0.000000 1.000000 0.000000
0.991276 0.131804 0.000000 20.197703 -0.131804 0.991276 0.000000 -1.068509 0.000000 0.000000 1.000000 0.000000
0.990395 0.138267 0.000000 20.767370 -0.138267 0.990395 0.000000 -1.146688 0.000000 0.000000 1.000000 0.000000
0.989713 0.143067 0.000000 21.323912 -0.143067 0.989713 0.000000 -1.225216 0.000000 0.000000 1.000000 0.000000
0.989039 0.147655 0.000000 21.877874 -0.147655 0.989039 0.000000 -1.310798 0.000000 0.000000 1.000000 0.000000
0.988027 0.154280 0.000000 22.443841 -0.154280 0.988027 0.000000 -1.403761 0.000000 0.000000 1.000000 0.000000
0.987003 0.160705 0.000000 22.971335 -0.160705 0.987003 0.000000 -1.489388 0.000000 0.000000 1.000000 0.000000
0.986090 0.166210 0.000000 23.497551 -0.166210 0.986090 0.000000 -1.577022 0.000000 0.000000 1.000000 0.000000
0.984387 0.176020 0.000000 24.058610 -0.176020 0.984387 0.000000 -1.680045 0.000000 0.000000 1.000000 0.000000
0.983135 0.182882 0.000000 24.577692 -0.182882 0.983135 0.000000 -1.774800 0.000000 0.000000 1.000000 0.000000
0.981987 0.188946 0.000000 25.135062 -0.188946 0.981987 0.000000 -1.877290 0.000000 0.000000 1.000000 0.000000
0.979796 0.199998 0.000000 25.868591 -0.199998 0.979796 0.000000 -2.025992 0.000000 0.000000 1.000000 0.000000
0.978178 0.207767 0.000000 26.421386 -0.207767 0.978178 0.000000 -2.137163 0.000000 0.000000 1.000000 0.000000
0.976550 0.215291 0.000000 27.007409 -0.215291 0.976550 0.000000 -2.267244 0.000000 0.000000 1.000000 0.000000
0.974900 0.222643 0.000000 27.553722 -0.222643 0.974900 0.000000 -2.389687 0.000000 0.000000 1.000000 0.000000
0.973376 0.229215 0.000000 28.097303 -0.229215 0.973376 0.000000 -2.515368 0.000000 0.000000 1.000000 0.000000
0.972011 0.234937 0.000000 28.604687 -0.234937 0.972011 0.000000 -2.634563 0.000000 0.000000 1.000000 0.000000
0.972649 0.232279 0.000000 29.151700 -0.232279 0.972649 0.000000 -2.767546 0.000000 0.000000 1.000000 0.000000
0.971621 0.236544 0.000000 29.651807 -0.236544 0.971621 0.000000 -2.894867 0.000000 0.000000 1.000000 0.000000
0.970346 0.241719 0.000000 30.183248 -0.241719 0.970346 0.000000 -3.029009 0.000000 0.000000 1.000000 0.000000
0.968336 0.249650 0.000000 31.206779 -0.249650 0.968336 0.000000 -3.300220 0.000000 0.000000 1.000000 0.000000
0.967007 0.254750 0.000000 31.693039 -0.254750 0.967007 0.000000 -3.425309 0.000000 0.000000 1.000000 0.000000
0.965711 0.259618 0.000000 32.219480 -0.259618 0.965711 0.000000 -3.565723 0.000000 0.000000 1.000000 0.000000
0.964003 0.265892 0.000000 32.882708 -0.265892 0.964003 0.000000 -3.752044 0.000000 0.000000 1.000000 0.000000
0.962716 0.270516 0.000000 33.367059 -0.270516 0.962716 0.000000 -3.883943 0.000000 0.000000 1.000000 0.000000
0.960871 0.276996 0.000000 33.848990 -0.276996 0.960871 0.000000 -4.021143 0.000000 0.000000 1.000000 0.000000
0.960072 0.279754 0.000000 34.367097 -0.279754 0.960072 0.000000 -4.172541 0.000000 0.000000 1.000000 0.000000
0.958135 0.286316 0.000000 34.847036 -0.286316 0.958135 0.000000 -4.316421 0.000000 0.000000 1.000000 0.000000
0.956060 0.293172 0.000000 35.521963 -0.293172 0.956060 0.000000 -4.521844 0.000000 0.000000 1.000000 0.000000
0.955031 0.296505 0.000000 36.034316 -0.296505 0.955031 0.000000 -4.687742 0.000000 0.000000 1.000000 0.000000
0.953433 0.301606 0.000000 36.542434 -0.301606 0.953433 0.000000 -4.862602 0.000000 0.000000 1.000000 0.000000
0.952201 0.305471 0.000000 37.037631 -0.305471 0.952201 0.000000 -5.029915 0.000000 0.000000 1.000000 0.000000
0.950767 0.309906 0.000000 37.551526 -0.309906 0.950767 0.000000 -5.208478 0.000000 0.000000 1.000000 0.000000
0.948494 0.316795 0.000000 38.062732 -0.316795 0.948494 0.000000 -5.375216 0.000000 0.000000 1.000000 0.000000
0.947425 0.319979 0.000000 38.532525 -0.319979 0.947425 0.000000 -5.547375 0.000000 0.000000 1.000000 0.000000
0.945974 0.324243 0.000000 39.039598 -0.324243 0.945974 0.000000 -5.731305 0.000000 0.000000 1.000000 0.000000
0.944004 0.329933 0.000000 39.518355 -0.329933 0.944004 0.000000 -5.897332 0.000000 0.000000 1.000000 0.000000
0.942089 0.335362 0.000000 40.021882 -0.335362 0.942089 0.000000 -6.070876 0.000000 0.000000 1.000000 0.000000
0.939935 0.341352 0.000000 40.497305 -0.341352 0.939935 0.000000 -6.247236 0.000000 0.000000 1.000000 0.000000
0.937356 0.348374 0.000000 40.997685 -0.348374 0.937356 0.000000 -6.429198 0.000000 0.000000 1.000000 0.000000
0.935437 0.353493 0.000000 41.470199 -0.353493 0.935437 0.000000 -6.606921 0.000000 0.000000 1.000000 0.000000
0.934324 0.356425 0.000000 41.970981 -0.356425 0.934324 0.000000 -6.799230 0.000000 0.000000 1.000000 0.000000
0.932404 0.361419 0.000000 42.425305 -0.361419 0.932404 0.000000 -6.977974 0.000000 0.000000 1.000000 0.000000
0.928609 0.371061 0.000000 43.113078 -0.371061 0.928609 0.000000 -7.246547 0.000000 0.000000 1.000000 0.000000
0.924273 0.381732 0.000000 43.818515 -0.381732 0.924273 0.000000 -7.529957 0.000000 0.000000 1.000000 0.000000
0.921062 0.389416 0.000000 44.305767 -0.389416 0.921062 0.000000 -7.728941 0.000000 0.000000 1.000000 0.000000
0.916926 0.399058 0.000000 45.146267 -0.399058 0.916926 0.000000 -8.088808 0.000000 0.000000 1.000000 0.000000
0.914762 0.403992 0.000000 45.623938 -0.403992 0.914762 0.000000 -8.304980 0.000000 0.000000 1.000000 0.000000
0.913201 0.407509 0.000000 46.097518 -0.407509 0.913201 0.000000 -8.521423 0.000000 0.000000 1.000000 0.000000
0.908840 0.417144 0.000000 46.572434 -0.417144 0.908840 0.000000 -8.723330 0.000000 0.000000 1.000000 0.000000
0.908216 0.418503 0.000000 47.040737 -0.418503 0.908216 0.000000 -8.943415 0.000000 0.000000 1.000000 0.000000
0.907354 0.420367 0.000000 47.536000 -0.420367 0.907354 0.000000 -9.179044 0.000000 0.000000 1.000000 0.000000
0.904975 0.425465 0.000000 47.967169 -0.425465 0.904975 0.000000 -9.376259 0.000000 0.000000 1.000000 0.000000
0.903329 0.428948 0.000000 48.421256 -0.428948 0.903329 0.000000 -9.596712 0.000000 0.000000 1.000000 0.000000
0.902983 0.429676 0.000000 48.873584 -0.429676 0.902983 0.000000 -9.811871 0.000000 0.000000 1.000000 0.000000
0.900918 0.433990 0.000000 49.319557 -0.433990 0.900918 0.000000 -10.028090 0.000000 0.000000 1.000000 0.000000
0.899699 0.436511 0.000000 49.747109 -0.436511 0.899699 0.000000 -10.239930 0.000000 0.000000 1.000000 0.000000
0.897916 0.440166 0.000000 50.179612 -0.440166 0.897916 0.000000 -10.465830 0.000000 0.000000 1.000000 0.000000
0.898064 0.439865 0.000000 50.580022 -0.439865 0.898064 0.000000 -10.686103 0.000000 0.000000 1.000000 0.000000
0.896334 0.443380 0.000000 51.007109 -0.443380 0.896334 0.000000 -10.900353 0.000000 0.000000 1.000000 0.000000
0.895691 0.444678 0.000000 51.398324 -0.444678 0.895691 0.000000 -11.110912 0.000000 0.000000 1.000000 0.000000
0.895668 0.444723 0.000000 51.820754 -0.444723 0.895668 0.000000 -11.325489 0.000000 0.000000 1.000000 0.000000
0.893689 0.448688 0.000000 52.221318 -0.448688 0.893689 0.000000 -11.535796 0.000000 0.000000 1.000000 0.000000
0.894015 0.448037 0.000000 52.615368 -0.448037 0.894015 0.000000 -11.737937 0.000000 0.000000 1.000000 0.000000
0.889437 0.457057 0.000000 53.013075 -0.457057 0.889437 0.000000 -11.920735 0.000000 0.000000 1.000000 0.000000
0.887011 0.461748 0.000000 53.398354 -0.461748 0.887011 0.000000 -12.124545 0.000000 0.000000 1.000000 0.000000
0.885415 0.464802 0.000000 53.775209 -0.464802 0.885415 0.000000 -12.328318 0.000000 0.000000 1.000000 0.000000
0.883358 0.468699 0.000000 54.137674 -0.468699 0.883358 0.000000 -12.525618 0.000000 0.000000 1.000000 0.000000
0.880872 0.473355 0.000000 54.516682 -0.473355 0.880872 0.000000 -12.738920 0.000000 0.000000 1.000000 0.000000
0.874996 0.484131 0.000000 55.051564 -0.484131 0.874996 0.000000 -13.048820 0.000000 0.000000 1.000000 0.000000
0.869607 0.493744 0.000000 55.437474 -0.493744 0.869607 0.000000 -13.271226 0.000000 0.000000 1.000000 0.000000
0.866700 0.498830 0.000000 55.793626 -0.498830 0.866700 0.000000 -13.483640 0.000000 0.000000 1.000000 0.000000
0.864068 0.503375 0.000000 56.149301 -0.503375 0.864068 0.000000 -13.692073 0.000000 0.000000 1.000000 0.000000
0.860265 0.509847 0.000000 56.494554 -0.509847 0.860265 0.000000 -13.898764 0.000000 0.000000 1.000000 0.000000
0.857522 0.514447 0.000000 56.836210 -0.514447 0.857522 0.000000 -14.107167 0.000000 0.000000 1.000000 0.000000
0.854186 0.519967 0.000000 57.174826 -0.519967 0.854186 0.000000 -14.306509 0.000000 0.000000 1.000000 0.000000
0.851823 0.523830 0.000000 57.506504 -0.523830 0.851823 0.000000 -14.509008 0.000000 0.000000 1.000000 0.000000
0.850032 0.526730 0.000000 57.829893 -0.526730 0.850032 0.000000 -14.715849 0.000000 0.000000 1.000000 0.000000
0.847576 0.530674 0.000000 58.149184 -0.530674 0.847576 0.000000 -14.917626 0.000000 0.000000 1.000000 0.000000
0.846297 0.532712 0.000000 58.462088 -0.532712 0.846297 0.000000 -15.123076 0.000000 0.000000 1.000000 0.000000
0.844233 0.535977 0.000000 59.079319 -0.535977 0.844233 0.000000 -15.514654 0.000000 0.000000 1.000000 0.000000
0.843416 0.537262 0.000000 59.375482 -0.537262 0.843416 0.000000 -15.705879 0.000000 0.000000 1.000000 0.000000
0.843319 0.537414 0.000000 59.655074 -0.537414 0.843319 0.000000 -15.887114 0.000000 0.000000 1.000000 0.000000
0.843704 0.536809 0.000000 59.921919 -0.536809 0.843704 0.000000 -16.069865 0.000000 0.000000 1.000000 0.000000
0.842185 0.539189 0.000000 60.207528 -0.539189 0.842185 0.000000 -16.252197 0.000000 0.000000 1.000000 0.000000
0.841357 0.540479 0.000000 60.468596 -0.540479 0.841357 0.000000 -16.424366 0.000000 0.000000 1.000000 0.000000
0.840721 0.541469 0.000000 60.740067 -0.541469 0.840721 0.000000 -16.610652 0.000000 0.000000 1.000000 0.000000
0.840872 0.541235 0.000000 60.991939 -0.541235 0.840872 0.000000 -16.778273 0.000000 0.000000 1.000000 0.000000
0.841618 0.540073 0.000000 61.251715 -0.540073 0.841618 0.000000 -16.964571 0.000000 0.000000 1.000000 0.000000
0.839976 0.542623 0.000000 61.495846 -0.542623 0.839976 0.000000 -17.123483 0.000000 0.000000 1.000000 0.000000
0.839121 0.543945 0.000000 61.736896 -0.543945 0.839121 0.000000 -17.279464 0.000000 0.000000 1.000000 0.000000
0.837076 0.547086 0.000000 61.987073 -0.547086 0.837076 0.000000 -17.445659 0.000000 0.000000 1.000000 0.000000
0.835859 0.548943 0.000000 62.347019 -0.548943 0.835859 0.000000 -17.678192 0.000000 0.000000 1.000000 0.000000
0.831996 0.554782 0.000000 62.604426 -0.554782 0.831996 0.000000 -17.845164 0.000000 0.000000 1.000000 0.000000
0.829391 0.558669 0.000000 62.839299 -0.558669 0.829391 0.000000 -18.000958 0.000000 0.000000 1.000000 0.000000
0.826131 0.563478 0.000000 63.071245 -0.563478 0.826131 0.000000 -18.152394 0.000000 0.000000 1.000000 0.000000
0.823374 0.567499 0.000000 63.294705 -0.567499 0.823374 0.000000 -18.306676 0.000000 0.000000 1.000000 0.000000
0.823115 0.567875 0.000000 63.512317 -0.567875 0.823115 0.000000 -18.464554 0.000000 0.000000 1.000000 0.000000
0.822808 0.568320 0.000000 63.723451 -0.568320 0.822808 0.000000 -18.621634 0.000000 0.000000 1.000000 0.000000
0.825201 0.564839 0.000000 63.931436 -0.564839 0.825201 0.000000 -18.777753 0.000000 0.000000 1.000000 0.000000
0.824405 0.566001 0.000000 64.130627 -0.566001 0.824405 0.000000 -18.930452 0.000000 0.000000 1.000000 0.000000
0.822628 0.568580 0.000000 64.331222 -0.568580 0.822628 0.000000 -19.070758 0.000000 0.000000 1.000000 0.000000
0.815400 0.578898 0.000000 64.729144 -0.578898 0.815400 0.000000 -19.321863 0.000000 0.000000 1.000000 0.000000
0.814707 0.579873 0.000000 64.902947 -0.579873 0.814707 0.000000 -19.454912 0.000000 0.000000 1.000000 0.000000
0.815338 0.578985 0.000000 65.067289 -0.578985 0.815338 0.000000 -19.586349 0.000000 0.000000 1.000000 0.000000
0.814705 0.579875 0.000000 65.242499 -0.579875 0.814705 0.000000 -19.720235 0.000000 0.000000 1.000000 0.000000
0.813766 0.581193 0.000000 65.402858 -0.581193 0.813766 0.000000 -19.841511 0.000000 0.000000 1.000000 0.000000
0.813825 0.581110 0.000000 65.557764 -0.581110 0.813825 0.000000 -19.964172 0.000000 0.000000 1.000000 0.000000
0.813134 0.582077 0.000000 65.722011 -0.582077 0.813134 0.000000 -20.093391 0.000000 0.000000 1.000000 0.000000
0.811803 0.583931 0.000000 65.879011 -0.583931 0.811803 0.000000 -20.206186 0.000000 0.000000 1.000000 0.000000
0.810032 0.586385 0.000000 66.045386 -0.586385 0.810032 0.000000 -20.325859 0.000000 0.000000 1.000000 0.000000
0.807390 0.590018 0.000000 66.364091 -0.590018 0.807390 0.000000 -20.552874 0.000000 0.000000 1.000000 0.000000
0.806872 0.590726 0.000000 66.514620 -0.590726 0.806872 0.000000 -20.664798 0.000000 0.000000 1.000000 0.000000
0.806018 0.591891 0.000000 66.668090 -0.591891 0.806018 0.000000 -20.770429 0.000000 0.000000 1.000000 0.000000
0.804505 0.593945 0.000000 66.916495 -0.593945 0.804505 0.000000 -20.963342 0.000000 0.000000 1.000000 0.000000
0.802380 0.596813 0.000000 67.076997 -0.596813 0.802380 0.000000 -21.081195 0.000000 0.000000 1.000000 0.000000
0.800480 0.599359 0.000000 67.237320 -0.599359 0.800480 0.000000 -21.200250 0.000000 0.000000 1.000000 0.000000
0.801410 0.598116 0.000000 67.400164 -0.598116 0.801410 0.000000 -21.319812 0.000000 0.000000 1.000000 0.000000
0.800190 0.599747 0.000000 67.560009 -0.599747 0.800190 0.000000 -21.442278 0.000000 0.000000 1.000000 0.000000
0.799234 0.601020 0.000000 67.720605 -0.601020 0.799234 0.000000 -21.567944 0.000000 0.000000 1.000000 0.000000
0.797902 0.602787 0.000000 67.882943 -0.602787 0.797902 0.000000 -21.693348 0.000000 0.000000 1.000000 0.000000
0.794340 0.607473 0.000000 68.214107 -0.607473 0.794340 0.000000 -21.949301 0.000000 0.000000 1.000000 0.000000
0.792986 0.609239 0.000000 68.381835 -0.609239 0.792986 0.000000 -22.080512 0.000000 0.000000 1.000000 0.000000
0.791046 0.611757 0.000000 68.553205 -0.611757 0.791046 0.000000 -22.211844 0.000000 0.000000 1.000000 0.000000
0.789241 0.614084 0.000000 68.719202 -0.614084 0.789241 0.000000 -22.342475 0.000000 0.000000 1.000000 0.000000
0.788429 0.615126 0.000000 68.890415 -0.615126 0.788429 0.000000 -22.482312 0.000000 0.000000 1.000000 0.000000
0.786716 0.617315 0.000000 69.055388 -0.617315 0.786716 0.000000 -22.615712 0.000000 0.000000 1.000000 0.000000
0.785243 0.619187 0.000000 69.218004 -0.619187 0.785243 0.000000 -22.749675 0.000000 0.000000 1.000000 0.000000
0.782392 0.622786 0.000000 69.398158 -0.622786 0.782392 0.000000 -22.894401 0.000000 0.000000 1.000000 0.000000
0.778651 0.627457 0.000000 69.572746 -0.627457 0.778651 0.000000 -23.028441 0.000000 0.000000 1.000000 0.000000
0.775280 0.631617 0.000000 69.742653 -0.631617 0.775280 0.000000 -23.169749 0.000000 0.000000 1.000000 0.000000
0.773105 0.634278 0.000000 69.927212 -0.634278 0.773105 0.000000 -23.326364 0.000000 0.000000 1.000000 0.000000
0.771214 0.636577 0.000000 70.103626 -0.636577 0.771214 0.000000 -23.475275 0.000000 0.000000 1.000000 0.000000
0.769505 0.638641 0.000000 70.293799 -0.638641 0.769505 0.000000 -23.640564 0.000000 0.000000 1.000000 0.000000
0.766321 0.642458 0.000000 70.478191 -0.642458 0.766321 0.000000 -23.790401 0.000000 0.000000 1.000000 0.000000
0.764044 0.645164 0.000000 70.670313 -0.645164 0.764044 0.000000 -23.962621 0.000000 0.000000 1.000000 0.000000
0.760688 0.649118 0.000000 70.856843 -0.649118 0.760688 0.000000 -24.118757 0.000000 0.000000 1.000000 0.000000
0.758218 0.652001 0.000000 71.140636 -0.652001 0.758218 0.000000 -24.365809 0.000000 0.000000 1.000000 0.000000
0.756801 0.653645 0.000000 71.327238 -0.653645 0.756801 0.000000 -24.532796 0.000000 0.000000 1.000000 0.000000
0.755359 0.655311 0.000000 71.531065 -0.655311 0.755359 0.000000 -24.715532 0.000000 0.000000 1.000000 0.000000
0.753672 0.657251 0.000000 71.719709 -0.657251 0.753672 0.000000 -24.887953 0.000000 0.000000 1.000000 0.000000
0.750618 0.660736 0.000000 72.117490 -0.660736 0.750618 0.000000 -25.254818 0.000000 0.000000 1.000000 0.000000
0.749021 0.662546 0.000000 72.311370 -0.662546 0.749021 0.000000 -25.436796 0.000000 0.000000 1.000000 0.000000
0.747985 0.663716 0.000000 72.499497 -0.663716 0.747985 0.000000 -25.610342 0.000000 0.000000 1.000000 0.000000
0.746288 0.665623 0.000000 72.707918 -0.665623 0.746288 0.000000 -25.788049 0.000000 0.000000 1.000000 0.000000
0.740082 0.672516 0.000000 72.985825 -0.672516 0.740082 0.000000 -26.026735 0.000000 0.000000 1.000000 0.000000
0.736783 0.676129 0.000000 73.187006 -0.676129 0.736783 0.000000 -26.206704 0.000000 0.000000 1.000000 0.000000
0.732990 0.680240 0.000000 73.378318 -0.680240 0.732990 0.000000 -26.381740 0.000000 0.000000 1.000000 0.000000
0.730234 0.683197 0.000000 73.571498 -0.683197 0.730234 0.000000 -26.566190 0.000000 0.000000 1.000000 0.000000
0.728396 0.685157 0.000000 73.752809 -0.685157 0.728396 0.000000 -26.738888 0.000000 0.000000 1.000000 0.000000
0.725873 0.687829 0.000000 73.931173 -0.687829 0.725873 0.000000 -26.911186 0.000000 0.000000 1.000000 0.000000
0.725008 0.688740 0.000000 74.121852 -0.688740 0.725008 0.000000 -27.096874 0.000000 0.000000 1.000000 0.000000
0.723370 0.690461 0.000000 74.296875 -0.690461 0.723370 0.000000 -27.271596 0.000000 0.000000 1.000000 0.000000
0.721179 0.692749 0.000000 74.474646 -0.692749 0.721179 0.000000 -27.440751 0.000000 0.000000 1.000000 0.000000
0.721157 0.692772 0.000000 74.659802 -0.692772 0.721157 0.000000 -27.625155 0.000000 0.000000 1.000000 0.000000
0.721816 0.692085 0.000000 74.829318 -0.692085 0.721816 0.000000 -27.800119 0.000000 0.000000 1.000000 0.000000
0.721404 0.692514 0.000000 75.068605 -0.692514 0.721404 0.000000 -28.040799 0.000000 0.000000 1.000000 0.000000
0.720918 0.693020 0.000000 75.260583 -0.693020 0.720918 0.000000 -28.234206 0.000000 0.000000 1.000000 0.000000
0.721605 0.692305 0.000000 75.435958 -0.692305 0.721605 0.000000 -28.419371 0.000000 0.000000 1.000000 0.000000
0.720118 0.693852 0.000000 75.614183 -0.693852 0.720118 0.000000 -28.597783 0.000000 0.000000 1.000000 0.000000
0.719643 0.694344 0.000000 75.791831 -0.694344 0.719643 0.000000 -28.773173 0.000000 0.000000 1.000000 0.000000
0.723385 0.690445 0.000000 75.959783 -0.690445 0.723385 0.000000 -28.956114 0.000000 0.000000 1.000000 0.000000
0.723543 0.690279 0.000000 76.139702 -0.690279 0.723543 0.000000 -29.122887 0.000000 0.000000 1.000000 0.000000
0.725824 0.687881 0.000000 76.312411 -0.687881 0.725824 0.000000 -29.291203 0.000000 0.000000 1.000000 0.000000
0.726856 0.686790 0.000000 76.483149 -0.686790 0.726856 0.000000 -29.459794 0.000000 0.000000 1.000000 0.000000
0.727316 0.686303 0.000000 76.641806 -0.686303 0.727316 0.000000 -29.616223 0.000000 0.000000 1.000000 0.000000
0.728078 0.685494 0.000000 76.966096 -0.685494 0.728078 0.000000 -29.932695 0.000000 0.000000 1.000000 0.000000
0.730667 0.682734 0.000000 77.128428 -0.682734 0.730667 0.000000 -30.095296 0.000000 0.000000 1.000000 0.000000
0.733149 0.680068 0.000000 77.287890 -0.680068 0.733149 0.000000 -30.261496 0.000000 0.000000 1.000000 0.000000
0.734781 0.678304 0.000000 77.440264 -0.678304 0.734781 0.000000 -30.407465 0.000000 0.000000 1.000000 0.000000
0.736132 0.676838 0.000000 77.599241 -0.676838 0.736132 0.000000 -30.562928 0.000000 0.000000 1.000000 0.000000
0.736598 0.676331 0.000000 77.752196 -0.676331 0.736598 0.000000 -30.704986 0.000000 0.000000 1.000000 0.000000
0.737394 0.675463 0.000000 77.912169 -0.675463 0.737394 0.000000 -30.853676 0.000000 0.000000 1.000000 0.000000
0.740240 0.672342 0.000000 78.174612 -0.672342 0.740240 0.000000 -31.104277 0.000000 0.000000 1.000000 0.000000
0.742918 0.669383 0.000000 78.326527 -0.669383 0.742918 0.000000 -31.251753 0.000000 0.000000 1.000000 0.000000
0.743340 0.668914 0.000000 78.479830 -0.668914 0.743340 0.000000 -31.393473 0.000000 0.000000 1.000000 0.000000
0.745848 0.666116 0.000000 78.628840 -0.666116 0.745848 0.000000 -31.535084 0.000000 0.000000 1.000000 0.000000
0.748187 0.663488 0.000000 78.773552 -0.663488 0.748187 0.000000 -31.674690 0.000000 0.000000 1.000000 0.000000
0.750802 0.660527 0.000000 78.920842 -0.660527 0.750802 0.000000 -31.812746 0.000000 0.000000 1.000000 0.000000
0.757495 0.652841 0.000000 79.196946 -0.652841 0.757495 0.000000 -32.068598 0.000000 0.000000 1.000000 0.000000
0.760426 0.649424 0.000000 79.325856 -0.649424 0.760426 0.000000 -32.184116 0.000000 0.000000 1.000000 0.000000
0.763657 0.645622 0.000000 79.454145 -0.645622 0.763657 0.000000 -32.298290 0.000000 0.000000 1.000000 0.000000
0.766409 0.642353 0.000000 79.680006 -0.642353 0.766409 0.000000 -32.483611 0.000000 0.000000 1.000000 0.000000
0.776171 0.630523 0.000000 79.958882 -0.630523 0.776171 0.000000 -32.729967 0.000000 0.000000 1.000000 0.000000
0.780018 0.625757 0.000000 80.138069 -0.625757 0.780018 0.000000 -32.872723 0.000000 0.000000 1.000000 0.000000
0.784163 0.620555 0.000000 80.251866 -0.620555 0.784163 0.000000 -32.968670 0.000000 0.000000 1.000000 0.000000
0.791571 0.611077 0.000000 80.472310 -0.611077 0.791571 0.000000 -33.151353 0.000000 0.000000 1.000000 0.000000
0.795279 0.606244 0.000000 80.583497 -0.606244 0.795279 0.000000 -33.241280 0.000000 0.000000 1.000000 0.000000
0.797825 0.602889 0.000000 80.686640 -0.602889 0.797825 0.000000 -33.322198 0.000000 0.000000 1.000000 0.000000
0.800761 0.598984 0.000000 80.791413 -0.598984 0.800761 0.000000 -33.404943 0.000000 0.000000 1.000000 0.000000
0.805555 0.592521 0.000000 80.944333 -0.592521 0.805555 0.000000 -33.524252 0.000000 0.000000 1.000000 0.000000
0.812518 0.582935 0.000000 81.132521 -0.582935 0.812518 0.000000 -33.666848 0.000000 0.000000 1.000000 0.000000
0.816019 0.578024 0.000000 81.224335 -0.578024 0.816019 0.000000 -33.735826 0.000000 0.000000 1.000000 0.000000
0.819612 0.572918 0.000000 81.312009 -0.572918 0.819612 0.000000 -33.804207 0.000000 0.000000 1.000000 0.000000
0.822996 0.568048 0.000000 81.397545 -0.568048 0.822996 0.000000 -33.868913 0.000000 0.000000 1.000000 0.000000
0.825418 0.564522 0.000000 81.486748 -0.564522 0.825418 0.000000 -33.931542 0.000000 0.000000 1.000000 0.000000
0.828807 0.559535 0.000000 81.565726 -0.559535 0.828807 0.000000 -33.990323 0.000000 0.000000 1.000000 0.000000
0.833538 0.552462 0.000000 81.711313 -0.552462 0.833538 0.000000 -34.095416 0.000000 0.000000 1.000000 0.000000
0.836346 0.548202 0.000000 81.778210 -0.548202 0.836346 0.000000 -34.147655 0.000000 0.000000 1.000000 0.000000
0.838060 0.545578 0.000000 81.843041 -0.545578 0.838060 0.000000 -34.192933 0.000000 0.000000 1.000000 0.000000
0.841302 0.540565 0.000000 81.899721 -0.540565 0.841302 0.000000 -34.235234 0.000000 0.000000 1.000000 0.000000
0.843139 0.537696 0.000000 81.954516 -0.537696 0.843139 0.000000 -34.273064 0.000000 0.000000 1.000000 0.000000
0.844829 0.535037 0.000000 81.999684 -0.535037 0.844829 0.000000 -34.306508 0.000000 0.000000 1.000000 0.000000
0.845734 0.533604 0.000000 82.043200 -0.533604 0.845734 0.000000 -34.332905 0.000000 0.000000 1.000000 0.000000
0.848332 0.529465 0.000000 82.102646 -0.529465 0.848332 0.000000 -34.374282 0.000000 0.000000 1.000000 0.000000
0.848857 0.528623 0.000000 82.133436 -0.528623 0.848857 0.000000 -34.393368 0.000000 0.000000 1.000000 0.000000
0.849398 0.527752 0.000000 82.164397 -0.527752 0.849398 0.000000 -34.410462 0.000000 0.000000 1.000000 0.000000
0.850332 0.526246 0.000000 82.190747 -0.526246 0.850332 0.000000 -34.426535 0.000000 0.000000 1.000000 0.000000
0.851421 0.524484 0.000000 82.214113 -0.524484 0.851421 0.000000 -34.439731 0.000000 0.000000 1.000000 0.000000
0.851707 0.524018 0.000000 82.233904 -0.524018 0.851707 0.000000 -34.450866 0.000000 0.000000 1.000000 0.000000
0.851867 0.523758 0.000000 82.250303 -0.523758 0.851867 0.000000 -34.459639 0.000000 0.000000 1.000000 0.000000
0.852827 0.522194 0.000000 82.259939 -0.522194 0.852827 0.000000 -34.470968 0.000000 0.000000 1.000000 0.000000
0.851840 0.523802 0.000000 82.272909 -0.523802 0.851840 0.000000 -34.471717 0.000000 0.000000 1.000000 0.000000
0.852278 0.523089 0.000000 82.274588 -0.523089 0.852278 0.000000 -34.474044 0.000000 0.000000 1.000000 0.000000
0.852338 0.522992 0.000000 82.274683 -0.522992 0.852338 0.000000 -34.473856 0.000000 0.000000 1.000000 0.000000
0.851614 0.524170 0.000000 82.275345 -0.524170 0.851614 0.000000 -34.470740 0.000000 0.000000 1.000000 0.000000
0.851520 0.524322 0.000000 82.273835 -0.524322 0.851520 0.000000 -34.469577 0.000000 0.000000 1.000000 0.000000
0.851236 0.524784 0.000000 82.273917 -0.524784 0.851236 0.000000 -34.468565 0.000000 0.000000 1.000000 0.000000
0.852170 0.523264 0.000000 82.272244 -0.523264 0.852170 0.000000 -34.471712 0.000000 0.000000 1.000000 0.000000
0.852250 0.523134 0.000000 82.272426 -0.523134 0.852250 0.000000 -34.471523 0.000000 0.000000 1.000000 0.000000
0.851493 0.524367 0.000000 82.274116 -0.524367 0.851493 0.000000 -34.468737 0.000000 0.000000 1.000000 0.000000
0.851295 0.524687 0.000000 82.274670 -0.524687 0.851295 0.000000 -34.468303 0.000000 0.000000 1.000000 0.000000
0.851351 0.524597 0.000000 82.275063 -0.524597 0.851351 0.000000 -34.467037 0.000000 0.000000 1.000000 0.000000
0.851219 0.524811 0.000000 82.275778 -0.524811 0.851219 0.000000 -34.465455 0.000000 0.000000 1.000000 0.000000
0.851186 0.524865 0.000000 82.276412 -0.524865 0.851186 0.000000 -34.463809 0.000000 0.000000 1.000000 0.000000
0.851114 0.524981 0.000000 82.277095 -0.524981 0.851114 0.000000 -34.461770 0.000000 0.000000 1.000000 0.000000
0.851002 0.525163 0.000000 82.277879 -0.525163 0.851002 0.000000 -34.459604 0.000000 0.000000 1.000000 0.000000
0.850864 0.525386 0.000000 82.278761 -0.525386 0.850864 0.000000 -34.456850 0.000000 0.000000 1.000000 0.000000
0.850839 0.525426 0.000000 82.279026 -0.525426 0.850839 0.000000 -34.456077 0.000000 0.000000 1.000000 0.000000
0.850847 0.525413 0.000000 82.279265 -0.525413 0.850847 0.000000 -34.455490 0.000000 0.000000 1.000000 0.000000
0.850809 0.525476 0.000000 82.279387 -0.525476 0.850809 0.000000 -34.455214 0.000000 0.000000 1.000000 0.000000
0.850802 0.525486 0.000000 82.279371 -0.525486 0.850802 0.000000 -34.455345 0.000000 0.000000 1.000000 0.000000
0.850812 0.525470 0.000000 82.279210 -0.525470 0.850812 0.000000 -34.455921 0.000000 0.000000 1.000000 0.000000
0.850780 0.525521 0.000000 82.279037 -0.525521 0.850780 0.000000 -34.456483 0.000000 0.000000 1.000000 0.000000
0.850762 0.525550 0.000000 82.278883 -0.525550 0.850762 0.000000 -34.456950 0.000000 0.000000 1.000000 0.000000
0.850678 0.525686 0.000000 82.278837 -0.525686 0.850678 0.000000 -34.457249 0.000000 0.000000 1.000000 0.000000
0.850459 0.526042 0.000000 82.278879 -0.526042 0.850459 0.000000 -34.457300 0.000000 0.000000 1.000000 0.000000
0.850401 0.526135 0.000000 82.279035 -0.526135 0.850401 0.000000 -34.456964 0.000000 0.000000 1.000000 0.000000
0.850354 0.526210 0.000000 82.279197 -0.526210 0.850354 0.000000 -34.457020 0.000000 0.000000 1.000000 0.000000
0.850392 0.526149 0.000000 82.279043 -0.526149 0.850392 0.000000 -34.457202 0.000000 0.000000 1.000000 0.000000
0.850384 0.526162 0.000000 82.279069 -0.526162 0.850384 0.000000 -34.457098 0.000000 0.000000 1.000000 0.000000
0.850366 0.526192 0.000000 82.279137 -0.526192 0.850366 0.000000 -34.457050 0.000000 0.000000 1.000000 0.000000
0.850326 0.526257 0.000000 82.279137 -0.526257 0.850326 0.000000 -34.456968 0.000000 0.000000 1.000000 0.000000
0.850333 0.526246 0.000000 82.279088 -0.526246 0.850333 0.000000 -34.456762 0.000000 0.000000 1.000000 0.000000
0.850237 0.526399 0.000000 82.279308 -0.526399 0.850237 0.000000 -34.456809 0.000000 0.000000 1.000000 0.000000
0.850267 0.526351 0.000000 82.279203 -0.526351 0.850267 0.000000 -34.456812 0.000000 0.000000 1.000000 0.000000
0.850267 0.526351 0.000000 82.279203 -0.526351 0.850267 0.000000 -34.456812 0.000000 0.000000 1.000000 0.000000
0.850255 0.526371 0.000000 82.279157 -0.526371 0.850255 0.000000 -34.456626 0.000000 0.000000 1.000000 0.000000
0.850236 0.526401 0.000000 82.279186 -0.526401 0.850236 0.000000 -34.456480 0.000000 0.000000 1.000000 0.000000
0.850293 0.526309 0.000000 82.279009 -0.526309 0.850293 0.000000 -34.456413 0.000000 0.000000 1.000000 0.000000
0.850569 0.525864 0.000000 82.278289 -0.525864 0.850569 0.000000 -34.456611 0.000000 0.000000 1.000000 0.000000
0.850475 0.526015 0.000000 82.278523 -0.526015 0.850475 0.000000 -34.456401 0.000000 0.000000 1.000000 0.000000
0.850436 0.526079 0.000000 82.278410 -0.526079 0.850436 0.000000 -34.456036 0.000000 0.000000 1.000000 0.000000
0.850399 0.526138 0.000000 82.278219 -0.526138 0.850399 0.000000 -34.455996 0.000000 0.000000 1.000000 0.000000
0.850415 0.526112 0.000000 82.278073 -0.526112 0.850415 0.000000 -34.456105 0.000000 0.000000 1.000000 0.000000
0.850582 0.525842 0.000000 82.277251 -0.525842 0.850582 0.000000 -34.456181 0.000000 0.000000 1.000000 0.000000
0.850594 0.525823 0.000000 82.277094 -0.525823 0.850594 0.000000 -34.456147 0.000000 0.000000 1.000000 0.000000
0.850433 0.526083 0.000000 82.277361 -0.526083 0.850433 0.000000 -34.455685 0.000000 0.000000 1.000000 0.000000
0.850092 0.526634 0.000000 82.278304 -0.526634 0.850092 0.000000 -34.454541 0.000000 0.000000 1.000000 0.000000
0.849497 0.527594 0.000000 82.279984 -0.527594 0.849497 0.000000 -34.453588 0.000000 0.000000 1.000000 0.000000
0.848821 0.528681 0.000000 82.282060 -0.528681 0.848821 0.000000 -34.452405 0.000000 0.000000 1.000000 0.000000
0.848581 0.529065 0.000000 82.283009 -0.529065 0.848581 0.000000 -34.452827 0.000000 0.000000 1.000000 0.000000
0.848528 0.529151 0.000000 82.284670 -0.529151 0.848528 0.000000 -34.454115 0.000000 0.000000 1.000000 0.000000
0.848638 0.528974 0.000000 82.283616 -0.528974 0.848638 0.000000 -34.454691 0.000000 0.000000 1.000000 0.000000
0.848988 0.528412 0.000000 82.282384 -0.528412 0.848988 0.000000 -34.455802 0.000000 0.000000 1.000000 0.000000
0.850296 0.526305 0.000000 82.278733 -0.526305 0.850296 0.000000 -34.459443 0.000000 0.000000 1.000000 0.000000
0.850796 0.525497 0.000000 82.277651 -0.525497 0.850796 0.000000 -34.460383 0.000000 0.000000 1.000000 0.000000
0.851013 0.525144 0.000000 82.275975 -0.525144 0.851013 0.000000 -34.460743 0.000000 0.000000 1.000000 0.000000
0.851142 0.524936 0.000000 82.274995 -0.524936 0.851142 0.000000 -34.461424 0.000000 0.000000 1.000000 0.000000
0.851344 0.524609 0.000000 82.274500 -0.524609 0.851344 0.000000 -34.462182 0.000000 0.000000 1.000000 0.000000
0.851351 0.524596 0.000000 82.274159 -0.524596 0.851351 0.000000 -34.462256 0.000000 0.000000 1.000000 0.000000
0.851370 0.524565 0.000000 82.273821 -0.524565 0.851370 0.000000 -34.461889 0.000000 0.000000 1.000000 0.000000
0.851454 0.524429 0.000000 82.272513 -0.524429 0.851454 0.000000 -34.461690 0.000000 0.000000 1.000000 0.000000
0.851369 0.524568 0.000000 82.271145 -0.524568 0.851369 0.000000 -34.461213 0.000000 0.000000 1.000000 0.000000
0.851568 0.524245 0.000000 82.269211 -0.524245 0.851568 0.000000 -34.461244 0.000000 0.000000 1.000000 0.000000
0.851682 0.524058 0.000000 82.268026 -0.524058 0.851682 0.000000 -34.461115 0.000000 0.000000 1.000000 0.000000
0.851718 0.524001 0.000000 82.267187 -0.524001 0.851718 0.000000 -34.460748 0.000000 0.000000 1.000000 0.000000
0.851941 0.523638 0.000000 82.265704 -0.523638 0.851941 0.000000 -34.461193 0.000000 0.000000 1.000000 0.000000
0.852249 0.523137 0.000000 82.265376 -0.523137 0.852249 0.000000 -34.462531 0.000000 0.000000 1.000000 0.000000
0.852947 0.521997 0.000000 82.263918 -0.521997 0.852947 0.000000 -34.465222 0.000000 0.000000 1.000000 0.000000
0.853538 0.521031 0.000000 82.262800 -0.521031 0.853538 0.000000 -34.467575 0.000000 0.000000 1.000000 0.000000
0.853410 0.521241 0.000000 82.262721 -0.521241 0.853410 0.000000 -34.467180 0.000000 0.000000 1.000000 0.000000
0.852838 0.522175 0.000000 82.264110 -0.522175 0.852838 0.000000 -34.465548 0.000000 0.000000 1.000000 0.000000
0.851056 0.525075 0.000000 82.272080 -0.525075 0.851056 0.000000 -34.461363 0.000000 0.000000 1.000000 0.000000
0.848086 0.529859 0.000000 82.289396 -0.529859 0.848086 0.000000 -34.455289 0.000000 0.000000 1.000000 0.000000
0.846601 0.532228 0.000000 82.296497 -0.532228 0.846601 0.000000 -34.452147 0.000000 0.000000 1.000000 0.000000
0.845029 0.534721 0.000000 82.302043 -0.534721 0.845029 0.000000 -34.448005 0.000000 0.000000 1.000000 0.000000
0.843683 0.536841 0.000000 82.306971 -0.536841 0.843683 0.000000 -34.443988 0.000000 0.000000 1.000000 0.000000
0.842162 0.539224 0.000000 82.315503 -0.539224 0.842162 0.000000 -34.440699 0.000000 0.000000 1.000000 0.000000
0.841060 0.540942 0.000000 82.325146 -0.540942 0.841060 0.000000 -34.440459 0.000000 0.000000 1.000000 0.000000
0.840593 0.541667 0.000000 82.334697 -0.541667 0.840593 0.000000 -34.444637 0.000000 0.000000 1.000000 0.000000
0.840376 0.542003 0.000000 82.342967 -0.542003 0.840376 0.000000 -34.448387 0.000000 0.000000 1.000000 0.000000
0.840631 0.541608 0.000000 82.352573 -0.541608 0.840631 0.000000 -34.455276 0.000000 0.000000 1.000000 0.000000
0.841148 0.540805 0.000000 82.363069 -0.540805 0.841148 0.000000 -34.463889 0.000000 0.000000 1.000000 0.000000
0.842110 0.539305 0.000000 82.372495 -0.539305 0.842110 0.000000 -34.471947 0.000000 0.000000 1.000000 0.000000
0.842559 0.538605 0.000000 82.382789 -0.538605 0.842559 0.000000 -34.479877 0.000000 0.000000 1.000000 0.000000
0.842415 0.538829 0.000000 82.396100 -0.538829 0.842415 0.000000 -34.489325 0.000000 0.000000 1.000000 0.000000
0.842294 0.539018 0.000000 82.410014 -0.539018 0.842294 0.000000 -34.496315 0.000000 0.000000 1.000000 0.000000
0.841691 0.539960 0.000000 82.426548 -0.539960 0.841691 0.000000 -34.502530 0.000000 0.000000 1.000000 0.000000
0.841062 0.540939 0.000000 82.443996 -0.540939 0.841062 0.000000 -34.508337 0.000000 0.000000 1.000000 0.000000
0.840679 0.541533 0.000000 82.461471 -0.541533 0.840679 0.000000 -34.516602 0.000000 0.000000 1.000000 0.000000
0.842225 0.539125 0.000000 82.487079 -0.539125 0.842225 0.000000 -34.534692 0.000000 0.000000 1.000000 0.000000
0.842155 0.539235 0.000000 82.501850 -0.539235 0.842155 0.000000 -34.541626 0.000000 0.000000 1.000000 0.000000
0.842703 0.538378 0.000000 82.513734 -0.538378 0.842703 0.000000 -34.550462 0.000000 0.000000 1.000000 0.000000
0.843146 0.537684 0.000000 82.524676 -0.537684 0.843146 0.000000 -34.558000 0.000000 0.000000 1.000000 0.000000
0.844648 0.535323 0.000000 82.532447 -0.535323 0.844648 0.000000 -34.566957 0.000000 0.000000 1.000000 0.000000
0.845533 0.533923 0.000000 82.542432 -0.533923 0.845533 0.000000 -34.577949 0.000000 0.000000 1.000000 0.000000
0.845935 0.533286 0.000000 82.548678 -0.533286 0.845935 0.000000 -34.583741 0.000000 0.000000 1.000000 0.000000
0.846187 0.532885 0.000000 82.555125 -0.532885 0.846187 0.000000 -34.588189 0.000000 0.000000 1.000000 0.000000
0.845590 0.533833 0.000000 82.560407 -0.533833 0.845590 0.000000 -34.587443 0.000000 0.000000 1.000000 0.000000
0.845364 0.534191 0.000000 82.563925 -0.534191 0.845364 0.000000 -34.586287 0.000000 0.000000 1.000000 0.000000
0.844080 0.536218 0.000000 82.570230 -0.536218 0.844080 0.000000 -34.583190 0.000000 0.000000 1.000000 0.000000
0.843958 0.536410 0.000000 82.571535 -0.536410 0.843958 0.000000 -34.582875 0.000000 0.000000 1.000000 0.000000
0.843747 0.536742 0.000000 82.573096 -0.536742 0.843747 0.000000 -34.581417 0.000000 0.000000 1.000000 0.000000
0.843879 0.536533 0.000000 82.571358 -0.536533 0.843879 0.000000 -34.583472 0.000000 0.000000 1.000000 0.000000
0.844454 0.535627 0.000000 82.568377 -0.535627 0.844454 0.000000 -34.584525 0.000000 0.000000 1.000000 0.000000
0.844890 0.534940 0.000000 82.565630 -0.534940 0.844890 0.000000 -34.584835 0.000000 0.000000 1.000000 0.000000
0.845017 0.534740 0.000000 82.563554 -0.534740 0.845017 0.000000 -34.584223 0.000000 0.000000 1.000000 0.000000
0.845019 0.534736 0.000000 82.562726 -0.534736 0.845019 0.000000 -34.583714 0.000000 0.000000 1.000000 0.000000
0.845480 0.534008 0.000000 82.562113 -0.534008 0.845480 0.000000 -34.583630 0.000000 0.000000 1.000000 0.000000
0.845703 0.533654 0.000000 82.560742 -0.533654 0.845703 0.000000 -34.584201 0.000000 0.000000 1.000000 0.000000
0.846271 0.532753 0.000000 82.559518 -0.532753 0.846271 0.000000 -34.586578 0.000000 0.000000 1.000000 0.000000
0.846752 0.531989 0.000000 82.557695 -0.531989 0.846752 0.000000 -34.586365 0.000000 0.000000 1.000000 0.000000
0.847220 0.531242 0.000000 82.556495 -0.531242 0.847220 0.000000 -34.587040 0.000000 0.000000 1.000000 0.000000
0.848087 0.529858 0.000000 82.554413 -0.529858 0.848087 0.000000 -34.589267 0.000000 0.000000 1.000000 0.000000
0.848409 0.529341 0.000000 82.553895 -0.529341 0.848409 0.000000 -34.588771 0.000000 0.000000 1.000000 0.000000
0.848920 0.528522 0.000000 82.553219 -0.528522 0.848920 0.000000 -34.589579 0.000000 0.000000 1.000000 0.000000
0.849211 0.528053 0.000000 82.552921 -0.528053 0.849211 0.000000 -34.589453 0.000000 0.000000 1.000000 0.000000
0.849347 0.527836 0.000000 82.553114 -0.527836 0.849347 0.000000 -34.589135 0.000000 0.000000 1.000000 0.000000
