0.999999 -0.001123 0.000000 0.626982 0.001123 0.999999 0.000000 -0.024416 0.000000 0.000000 1.000000 0.000000
0.999987 -0.005111 0.000000 1.253482 0.005111 0.999987 0.000000 -0.048765 0.000000 0.000000 1.000000 0.000000
0.999999 0.001209 0.000000 2.513067 -0.001209 0.999999 0.000000 -0.082268 0.000000 0.000000 1.000000 0.000000
1.000000 -0.000683 0.000000 3.143526 0.000683 1.000000 0.000000 -0.101001 0.000000 0.000000 1.000000 0.000000
0.999976 -0.006962 0.000000 3.770728 0.006962 0.999976 0.000000 -0.117848 0.000000 0.000000 1.000000 0.000000
0.999976 -0.006889 0.000000 4.399806 0.006889 0.999976 0.000000 -0.124675 0.000000 0.000000 1.000000 0.000000
0.999958 -0.009213 0.000000 5.065813 0.009213 0.999958 0.000000 -0.137535 0.000000 0.000000 1.000000 0.000000
0.999958 -0.009115 0.000000 5.690440 0.009115 0.999958 0.000000 -0.157237 0.000000 0.000000 1.000000 0.000000
0.999955 -0.009512 0.000000 6.313087 0.009512 0.999955 0.000000 -0.169000 0.000000 0.000000 1.000000 0.000000
0.999955 -0.009502 0.000000 6.935380 0.009502 0.999955 0.000000 -0.174241 0.000000 0.000000 1.000000 0.000000
0.999927 -0.012098 0.000000 7.559827 0.012098 0.999927 0.000000 -0.186337 0.000000 0.000000 1.000000 0.000000
0.999899 -0.014244 0.000000 8.178566 0.014244 0.999899 0.000000 -0.192060 0.000000 0.000000 1.000000 0.000000
0.999911 -0.013342 0.000000 8.809559 0.013342 0.999911 0.000000 -0.197804 0.000000 0.000000 1.000000 0.000000
0.999893 -0.014662 0.000000 9.425593 0.014662 0.999893 0.000000 -0.214652 0.000000 0.000000 1.000000 0.000000
0.999903 -0.013895 0.000000 10.078068 0.013895 0.999903 0.000000 -0.224494 0.000000 0.000000 1.000000 0.000000
0.999887 -0.015031 0.000000 10.660306 0.015031 0.999887 0.000000 -0.231335 0.000000 0.000000 1.000000 0.000000
0.999884 -0.015255 0.000000 11.281066 0.015255 0.999884 0.000000 -0.233035 0.000000 0.000000 1.000000 0.000000
0.999893 -0.014651 0.000000 11.904032 0.014651 0.999893 0.000000 -0.241866 0.000000 0.000000 1.000000 0.000000
0.999809 -0.019566 0.000000 12.556022 0.019566 0.999809 0.000000 -0.256698 0.000000 0.000000 1.000000 0.000000
0.999779 -0.021034 0.000000 13.180934 0.021034 0.999779 0.000000 -0.257451 0.000000 0.000000 1.000000 0.000000
0.999590 -0.028626 0.000000 13.812788 0.028626 0.999590 0.000000 -0.266121 0.000000 0.000000 1.000000 0.000000
0.999573 -0.029219 0.000000 14.433014 0.029219 0.999573 0.000000 -0.267641 0.000000 0.000000 1.000000 0.000000
0.999647 -0.026561 0.000000 15.055793 0.026561 0.999647 0.000000 -0.264479 0.000000 0.000000 1.000000 0.000000
0.999568 -0.029384 0.000000 15.675512 0.029384 0.999568 0.000000 -0.261943 0.000000 0.000000 1.000000 0.000000
0.999575 -0.029149 0.000000 16.278682 0.029149 0.999575 0.000000 -0.263653 0.000000 0.000000 1.000000 0.000000
0.999551 -0.029963 0.000000 16.899933 0.029963 0.999551 0.000000 -0.262051 0.000000 0.000000 1.000000 0.000000
0.999558 -0.029731 0.000000 17.521024 0.029731 0.999558 0.000000 -0.258478 0.000000 0.000000 1.000000 0.000000
0.999589 -0.028673 0.000000 18.102129 0.028673 0.999589 0.000000 -0.259556 0.000000 0.000000 1.000000 0.000000
0.999512 -0.031248 0.000000 18.729489 0.031248 0.999512 0.000000 -0.264209 0.000000 0.000000 1.000000 0.000000
0.999435 -0.033617 0.000000 19.341388 0.033617 0.999435 0.000000 -0.262839 0.000000 0.000000 1.000000 0.000000
0.999358 -0.035815 0.000000 19.931817 0.035815 0.999358 0.000000 -0.263476 0.000000 0.000000 1.000000 0.000000
0.999330 -0.036598 0.000000 20.550479 0.036598 0.999330 0.000000 -0.264146 0.000000 0.000000 1.000000 0.000000
0.999337 -0.036407 0.000000 21.175276 0.036407 0.999337 0.000000 -0.263973 0.000000 0.000000 1.000000 0.000000
0.999353 -0.035980 0.000000 21.795891 0.035980 0.999353 0.000000 -0.261470 0.000000 0.000000 1.000000 0.000000
0.999420 -0.034043 0.000000 22.379711 0.034043 0.999420 0.000000 -0.257116 0.000000 0.000000 1.000000 0.000000
0.999574 -0.029175 0.000000 23.009842 0.029175 0.999574 0.000000 -0.256059 0.000000 0.000000 1.000000 0.000000
0.999642 -0.026774 0.000000 23.596360 0.026774 0.999642 0.000000 -0.254695 0.000000 0.000000 1.000000 0.000000
0.999686 -0.025041 0.000000 24.217576 0.025041 0.999686 0.000000 -0.255553 0.000000 0.000000 1.000000 0.000000
0.999671 -0.025663 0.000000 24.853897 0.025663 0.999671 0.000000 -0.253188 0.000000 0.000000 1.000000 0.000000
0.999666 -0.025860 0.000000 25.674495 0.025860 0.999666 0.000000 -0.253034 0.000000 0.000000 1.000000 0.000000
0.999729 -0.023286 0.000000 26.306447 0.023286 0.999729 0.000000 -0.247632 0.000000 0.000000 1.000000 0.000000
0.999767 -0.021573 0.000000 26.942834 0.021573 0.999767 0.000000 -0.238621 0.000000 0.000000 1.000000 0.000000
0.999804 -0.019786 0.000000 27.573877 0.019786 0.999804 0.000000 -0.234135 0.000000 0.000000 1.000000 0.000000
0.999850 -0.017306 0.000000 28.205666 0.017306 0.999850 0.000000 -0.234795 0.000000 0.000000 1.000000 0.000000
0.999835 -0.018168 0.000000 28.844896 0.018168 0.999835 0.000000 -0.239583 0.000000 0.000000 1.000000 0.000000
0.999902 -0.014011 0.000000 29.474570 0.014011 0.999902 0.000000 -0.236766 0.000000 0.000000 1.000000 0.000000
0.999933 -0.011565 0.000000 30.116503 0.011565 0.999933 0.000000 -0.246044 0.000000 0.000000 1.000000 0.000000
0.999975 -0.007087 0.000000 30.747256 0.007087 0.999975 0.000000 -0.249136 0.000000 0.000000 1.000000 0.000000
0.999971 -0.007576 0.000000 31.382917 0.007576 0.999971 0.000000 -0.266611 0.000000 0.000000 1.000000 0.000000
0.999996 -0.002836 0.000000 32.018259 0.002836 0.999996 0.000000 -0.269888 0.000000 0.000000 1.000000 0.000000
0.999994 -0.003595 0.000000 32.656165 0.003595 0.999994 0.000000 -0.286519 0.000000 0.000000 1.000000 0.000000
0.999999 -0.001542 0.000000 33.291491 0.001542 0.999999 0.000000 -0.298759 0.000000 0.000000 1.000000 0.000000
1.000000 0.000325 0.000000 33.921512 -0.000325 1.000000 0.000000 -0.313233 0.000000 0.000000 1.000000 0.000000
1.000000 -0.000262 0.000000 34.511705 0.000262 1.000000 0.000000 -0.335737 0.000000 0.000000 1.000000 0.000000
0.999999 0.001663 0.000000 35.154781 -0.001663 0.999999 0.000000 -0.358661 0.000000 0.000000 1.000000 0.000000
0.999982 0.006047 0.000000 35.783708 -0.006047 0.999982 0.000000 -0.373036 0.000000 0.000000 1.000000 0.000000
0.999980 0.006374 0.000000 36.430283 -0.006374 0.999980 0.000000 -0.392356 0.000000 0.000000 1.000000 0.000000
0.999982 0.005961 0.000000 37.070029 -0.005961 0.999982 0.000000 -0.414396 0.000000 0.000000 1.000000 0.000000
0.999974 0.007196 0.000000 37.702843 -0.007196 0.999974 0.000000 -0.432956 0.000000 0.000000 1.000000 0.000000
0.999966 0.008205 0.000000 38.346445 -0.008205 0.999966 0.000000 -0.456695 0.000000 0.000000 1.000000 0.000000
0.999968 0.007946 0.000000 38.983376 -0.007946 0.999968 0.000000 -0.476807 0.000000 0.000000 1.000000 0.000000
0.999962 0.008737 0.000000 39.624295 -0.008737 0.999962 0.000000 -0.490962 0.000000 0.000000 1.000000 0.000000
0.999933 0.011559 0.000000 40.264029 -0.011559 0.999933 0.000000 -0.511458 0.000000 0.000000 1.000000 0.000000
0.999923 0.012396 0.000000 40.915733 -0.012396 0.999923 0.000000 -0.534420 0.000000 0.000000 1.000000 0.000000
0.999937 0.011194 0.000000 41.523568 -0.011194 0.999937 0.000000 -0.558939 0.000000 0.000000 1.000000 0.000000
0.999919 0.012754 0.000000 42.174636 -0.012754 0.999919 0.000000 -0.578233 0.000000 0.000000 1.000000 0.000000
0.999954 0.009570 0.000000 42.825947 -0.009570 0.999954 0.000000 -0.604952 0.000000 0.000000 1.000000 0.000000
0.999921 0.012593 0.000000 43.486972 -0.012593 0.999921 0.000000 -0.625290 0.000000 0.000000 1.000000 0.000000
0.999959 0.009035 0.000000 44.145912 -0.009035 0.999959 0.000000 -0.647671 0.000000 0.000000 1.000000 0.000000
0.999977 0.006796 0.000000 44.798782 -0.006796 0.999977 0.000000 -0.673451 0.000000 0.000000 1.000000 0.000000
0.999975 0.007054 0.000000 45.419544 -0.007054 0.999975 0.000000 -0.686468 0.000000 0.000000 1.000000 0.000000
0.999966 0.008196 0.000000 46.075713 -0.008196 0.999966 0.000000 -0.703250 0.000000 0.000000 1.000000 0.000000
0.999937 0.011265 0.000000 46.734525 -0.011265 0.999937 0.000000 -0.721875 0.000000 0.000000 1.000000 0.000000
0.999917 0.012916 0.000000 47.392939 -0.012916 0.999917 0.000000 -0.751094 0.000000 0.000000 1.000000 0.000000
0.999897 0.014357 0.000000 48.053929 -0.014357 0.999897 0.000000 -0.772432 0.000000 0.000000 1.000000 0.000000
0.999953 0.009713 0.000000 48.717047 -0.009713 0.999953 0.000000 -0.789250 0.000000 0.000000 1.000000 0.000000
0.999908 0.013576 0.000000 49.744715 -0.013576 0.999908 0.000000 -0.834725 0.000000 0.000000 1.000000 0.000000
0.999920 0.012624 0.000000 50.435208 -0.012624 0.999920 0.000000 -0.859951 0.000000 0.000000 1.000000 0.000000
0.999929 0.011888 0.000000 51.067717 -0.011888 0.999929 0.000000 -0.879504 0.000000 0.000000 1.000000 0.000000
0.999931 0.011728 0.000000 51.724927 -0.011728 0.999931 0.000000 -0.904949 0.000000 0.000000 1.000000 0.000000
0.999926 0.012165 0.000000 52.386762 -0.012165 0.999926 0.000000 -0.931238 0.000000 0.000000 1.000000 0.000000
0.999918 0.012834 0.000000 53.042463 -0.012834 0.999918 0.000000 -0.955247 0.000000 0.000000 1.000000 0.000000
0.999945 0.010507 0.000000 53.699985 -0.010507 0.999945 0.000000 -0.979027 0.000000 0.000000 1.000000 0.000000
0.999944 0.010629 0.000000 54.350472 -0.010629 0.999944 0.000000 -1.010162 0.000000 0.000000 1.000000 0.000000
0.999957 0.009220 0.000000 55.690259 -0.009220 0.999957 0.000000 -1.048755 0.000000 0.000000 1.000000 0.000000
0.999969 0.007857 0.000000 56.343052 -0.007857 0.999969 0.000000 -1.068939 0.000000 0.000000 1.000000 0.000000
0.999993 0.003795 0.000000 56.980930 -0.003795 0.999993 0.000000 -1.083720 0.000000 0.000000 1.000000 0.000000
0.999996 0.002727 0.000000 57.621274 -0.002727 0.999996 0.000000 -1.106496 0.000000 0.000000 1.000000 0.000000
0.999994 0.003574 0.000000 58.260289 -0.003574 0.999994 0.000000 -1.130496 0.000000 0.000000 1.000000 0.000000
0.999989 0.004587 0.000000 58.936280 -0.004587 0.999989 0.000000 -1.160966 0.000000 0.000000 1.000000 0.000000
0.999996 0.002978 0.000000 59.572021 -0.002978 0.999996 0.000000 -1.185562 0.000000 0.000000 1.000000 0.000000
0.999991 0.004291 0.000000 60.178885 -0.004291 0.999991 0.000000 -1.203114 0.000000 0.000000 1.000000 0.000000
0.999985 0.005423 0.000000 60.815577 -0.005423 0.999985 0.000000 -1.221024 0.000000 0.000000 1.000000 0.000000
0.999982 0.006073 0.000000 61.404798 -0.006073 0.999982 0.000000 -1.244781 0.000000 0.000000 1.000000 0.000000
0.999974 0.007256 0.000000 62.034822 -0.007256 0.999974 0.000000 -1.272341 0.000000 0.000000 1.000000 0.000000
0.999971 0.007577 0.000000 62.662816 -0.007577 0.999971 0.000000 -1.300471 0.000000 0.000000 1.000000 0.000000
0.999974 0.007171 0.000000 63.246853 -0.007171 0.999974 0.000000 -1.325380 0.000000 0.000000 1.000000 0.000000
0.999974 0.007168 0.000000 63.870914 -0.007168 0.999974 0.000000 -1.348889 0.000000 0.000000 1.000000 0.000000
0.999984 0.005598 0.000000 64.489001 -0.005598 0.999984 0.000000 -1.376998 0.000000 0.000000 1.000000 0.000000
0.999983 0.005902 0.000000 65.067206 -0.005902 0.999983 0.000000 -1.404924 0.000000 0.000000 1.000000 0.000000
0.999988 0.004950 0.000000 65.689163 -0.004950 0.999988 0.000000 -1.433673 0.000000 0.000000 1.000000 0.000000
0.999985 0.005523 0.000000 66.263609 -0.005523 0.999985 0.000000 -1.449354 0.000000 0.000000 1.000000 0.000000
0.999954 0.009576 0.000000 66.878279 -0.009576 0.999954 0.000000 -1.466349 0.000000 0.000000 1.000000 0.000000
0.999949 0.010128 0.000000 67.492995 -0.010128 0.999949 0.000000 -1.489229 0.000000 0.000000 1.000000 0.000000
0.999939 0.011045 0.000000 68.337468 -0.011045 0.999939 0.000000 -1.521118 0.000000 0.000000 1.000000 0.000000
0.999928 0.012037 0.000000 68.939684 -0.012037 0.999928 0.000000 -1.550406 0.000000 0.000000 1.000000 0.000000
0.999901 0.014101 0.000000 69.544477 -0.014101 0.999901 0.000000 -1.580441 0.000000 0.000000 1.000000 0.000000
0.999949 0.010123 0.000000 70.144937 -0.010123 0.999949 0.000000 -1.604183 0.000000 0.000000 1.000000 0.000000
0.999939 0.011054 0.000000 70.746717 -0.011054 0.999939 0.000000 -1.625906 0.000000 0.000000 1.000000 0.000000
0.999972 0.007512 0.000000 71.344927 -0.007512 0.999972 0.000000 -1.645099 0.000000 0.000000 1.000000 0.000000
0.999982 0.006052 0.000000 71.982790 -0.006052 0.999982 0.000000 -1.666039 0.000000 0.000000 1.000000 0.000000
0.999980 0.006246 0.000000 72.580615 -0.006246 0.999980 0.000000 -1.680587 0.000000 0.000000 1.000000 0.000000
0.999986 0.005279 0.000000 73.174089 -0.005279 0.999986 0.000000 -1.704351 0.000000 0.000000 1.000000 0.000000
0.999961 0.008860 0.000000 74.355149 -0.008860 0.999961 0.000000 -1.753297 0.000000 0.000000 1.000000 0.000000
0.999972 0.007428 0.000000 74.937772 -0.007428 0.999972 0.000000 -1.769422 0.000000 0.000000 1.000000 0.000000
0.999957 0.009224 0.000000 75.518183 -0.009224 0.999957 0.000000 -1.786743 0.000000 0.000000 1.000000 0.000000
0.999935 0.011384 0.000000 76.098626 -0.011384 0.999935 0.000000 -1.822174 0.000000 0.000000 1.000000 0.000000
0.999935 0.011432 0.000000 76.680345 -0.011432 0.999935 0.000000 -1.853599 0.000000 0.000000 1.000000 0.000000
0.999904 0.013852 0.000000 77.257121 -0.013852 0.999904 0.000000 -1.881165 0.000000 0.000000 1.000000 0.000000
0.999912 0.013264 0.000000 77.829220 -0.013264 0.999912 0.000000 -1.919097 0.000000 0.000000 1.000000 0.000000
0.999937 0.011255 0.000000 78.396586 -0.011255 0.999937 0.000000 -1.943860 0.000000 0.000000 1.000000 0.000000
0.999943 0.010655 0.000000 78.958603 -0.010655 0.999943 0.000000 -1.970186 0.000000 0.000000 1.000000 0.000000
0.999934 0.011458 0.000000 79.519232 -0.011458 0.999934 0.000000 -1.998894 0.000000 0.000000 1.000000 0.000000
0.999933 0.011576 0.000000 80.075629 -0.011576 0.999933 0.000000 -2.026019 0.000000 0.000000 1.000000 0.000000
0.999936 0.011274 0.000000 80.624603 -0.011274 0.999936 0.000000 -2.050075 0.000000 0.000000 1.000000 0.000000
0.999934 0.011504 0.000000 81.171269 -0.011504 0.999934 0.000000 -2.077397 0.000000 0.000000 1.000000 0.000000
0.999909 0.013482 0.000000 81.686516 -0.013482 0.999909 0.000000 -2.101897 0.000000 0.000000 1.000000 0.000000
0.999885 0.015140 0.000000 82.232566 -0.015140 0.999885 0.000000 -2.124732 0.000000 0.000000 1.000000 0.000000
0.999839 0.017918 0.000000 82.758537 -0.017918 0.999839 0.000000 -2.145791 0.000000 0.000000 1.000000 0.000000
0.999780 0.020989 0.000000 83.273028 -0.020989 0.999780 0.000000 -2.166585 0.000000 0.000000 1.000000 0.000000
0.999788 0.020608 0.000000 83.810599 -0.020608 0.999788 0.000000 -2.197844 0.000000 0.000000 1.000000 0.000000
0.999793 0.020344 0.000000 84.337083 -0.020344 0.999793 0.000000 -2.226246 0.000000 0.000000 1.000000 0.000000
0.999790 0.020481 0.000000 84.826550 -0.020481 0.999790 0.000000 -2.250698 0.000000 0.000000 1.000000 0.000000
0.999770 0.021431 0.000000 85.354065 -0.021431 0.999770 0.000000 -2.283448 0.000000 0.000000 1.000000 0.000000
0.999721 0.023613 0.000000 85.867056 -0.023613 0.999721 0.000000 -2.309772 0.000000 0.000000 1.000000 0.000000
0.999746 0.022530 0.000000 86.355632 -0.022530 0.999746 0.000000 -2.335151 0.000000 0.000000 1.000000 0.000000
0.999734 0.023072 0.000000 86.878652 -0.023072 0.999734 0.000000 -2.360733 0.000000 0.000000 1.000000 0.000000
0.999706 0.024232 0.000000 87.393607 -0.024232 0.999706 0.000000 -2.386641 0.000000 0.000000 1.000000 0.000000
0.999659 0.026120 0.000000 87.873460 -0.026120 0.999659 0.000000 -2.413941 0.000000 0.000000 1.000000 0.000000
0.999646 0.026612 0.000000 88.382768 -0.026612 0.999646 0.000000 -2.447598 0.000000 0.000000 1.000000 0.000000
0.999646 0.026613 0.000000 88.859965 -0.026613 0.999646 0.000000 -2.477609 0.000000 0.000000 1.000000 0.000000
0.999588 0.028689 0.000000 89.362624 -0.028689 0.999588 0.000000 -2.513164 0.000000 0.000000 1.000000 0.000000
0.999592 0.028567 0.000000 90.024865 -0.028567 0.999592 0.000000 -2.555085 0.000000 0.000000 1.000000 0.000000
0.999612 0.027851 0.000000 90.523315 -0.027851 0.999612 0.000000 -2.584310 0.000000 0.000000 1.000000 0.000000
0.999609 0.027970 0.000000 91.026038 -0.027970 0.999609 0.000000 -2.611851 0.000000 0.000000 1.000000 0.000000
0.999594 0.028484 0.000000 91.516324 -0.028484 0.999594 0.000000 -2.635884 0.000000 0.000000 1.000000 0.000000
0.999628 0.027274 0.000000 92.005145 -0.027274 0.999628 0.000000 -2.664782 0.000000 0.000000 1.000000 0.000000
0.999682 0.025227 0.000000 92.489900 -0.025227 0.999682 0.000000 -2.696517 0.000000 0.000000 1.000000 0.000000
0.999699 0.024532 0.000000 92.965289 -0.024532 0.999699 0.000000 -2.732007 0.000000 0.000000 1.000000 0.000000
0.999569 0.029350 0.000000 93.924872 -0.029350 0.999569 0.000000 -2.792834 0.000000 0.000000 1.000000 0.000000
0.999490 0.031940 0.000000 94.401733 -0.031940 0.999490 0.000000 -2.830530 0.000000 0.000000 1.000000 0.000000
0.999444 0.033340 0.000000 94.873905 -0.033340 0.999444 0.000000 -2.863811 0.000000 0.000000 1.000000 0.000000
0.999324 0.036750 0.000000 95.338712 -0.036750 0.999324 0.000000 -2.897297 0.000000 0.000000 1.000000 0.000000
0.999294 0.037563 0.000000 95.815478 -0.037563 0.999294 0.000000 -2.936849 0.000000 0.000000 1.000000 0.000000
0.999194 0.040140 0.000000 96.279192 -0.040140 0.999194 0.000000 -2.971494 0.000000 0.000000 1.000000 0.000000
0.999152 0.041170 0.000000 96.746044 -0.041170 0.999152 0.000000 -3.018418 0.000000 0.000000 1.000000 0.000000
0.999025 0.044153 0.000000 97.210729 -0.044153 0.999025 0.000000 -3.059622 0.000000 0.000000 1.000000 0.000000
0.998776 0.049453 0.000000 97.672390 -0.049453 0.998776 0.000000 -3.095343 0.000000 0.000000 1.000000 0.000000
0.998655 0.051842 0.000000 98.132548 -0.051842 0.998655 0.000000 -3.134178 0.000000 0.000000 1.000000 0.000000
0.998543 0.053956 0.000000 98.562399 -0.053956 0.998543 0.000000 -3.175037 0.000000 0.000000 1.000000 0.000000
0.998447 0.055706 0.000000 99.008929 -0.055706 0.998447 0.000000 -3.218696 0.000000 0.000000 1.000000 0.000000
0.998397 0.056603 0.000000 99.451522 -0.056603 0.998397 0.000000 -3.265253 0.000000 0.000000 1.000000 0.000000
0.998400 0.056554 0.000000 99.892027 -0.056554 0.998400 0.000000 -3.316146 0.000000 0.000000 1.000000 0.000000
0.998227 0.059520 0.000000 100.317107 -0.059520 0.998227 0.000000 -3.361907 0.000000 0.000000 1.000000 0.000000
0.998160 0.060634 0.000000 100.752787 -0.060634 0.998160 0.000000 -3.397062 0.000000 0.000000 1.000000 0.000000
0.997762 0.066864 0.000000 101.177089 -0.066864 0.997762 0.000000 -3.436695 0.000000 0.000000 1.000000 0.000000
0.997463 0.071190 0.000000 101.588505 -0.071190 0.997463 0.000000 -3.470242 0.000000 0.000000 1.000000 0.000000
0.997496 0.070722 0.000000 102.000465 -0.070722 0.997496 0.000000 -3.508559 0.000000 0.000000 1.000000 0.000000
0.997683 0.068041 0.000000 102.418201 -0.068041 0.997683 0.000000 -3.559766 0.000000 0.000000 1.000000 0.000000
0.997534 0.070191 0.000000 102.811904 -0.070191 0.997534 0.000000 -3.603486 0.000000 0.000000 1.000000 0.000000
0.997665 0.068297 0.000000 103.214706 -0.068297 0.997665 0.000000 -3.658665 0.000000 0.000000 1.000000 0.000000
0.997287 0.073618 0.000000 103.598825 -0.073618 0.997287 0.000000 -3.700244 0.000000 0.000000 1.000000 0.000000
0.996916 0.078473 0.000000 104.002674 -0.078473 0.996916 0.000000 -3.746202 0.000000 0.000000 1.000000 0.000000
0.997079 0.076371 0.000000 104.395339 -0.076371 0.997079 0.000000 -3.798193 0.000000 0.000000 1.000000 0.000000
0.996873 0.079026 0.000000 104.770301 -0.079026 0.996873 0.000000 -3.838257 0.000000 0.000000 1.000000 0.000000
0.996605 0.082334 0.000000 105.175783 -0.082334 0.996605 0.000000 -3.891420 0.000000 0.000000 1.000000 0.000000
0.996207 0.087018 0.000000 105.576684 -0.087018 0.996207 0.000000 -3.935136 0.000000 0.000000 1.000000 0.000000
0.995790 0.091663 0.000000 106.142017 -0.091663 0.995790 0.000000 -4.002773 0.000000 0.000000 1.000000 0.000000
0.995588 0.093830 0.000000 106.551159 -0.093830 0.995588 0.000000 -4.059544 0.000000 0.000000 1.000000 0.000000
0.995411 0.095692 0.000000 106.962068 -0.095692 0.995411 0.000000 -4.115898 0.000000 0.000000 1.000000 0.000000
0.995220 0.097657 0.000000 107.378825 -0.097657 0.995220 0.000000 -4.169159 0.000000 0.000000 1.000000 0.000000
0.995002 0.099855 0.000000 107.796388 -0.099855 0.995002 0.000000 -4.234105 0.000000 0.000000 1.000000 0.000000
0.994859 0.101274 0.000000 108.216607 -0.101274 0.994859 0.000000 -4.286936 0.000000 0.000000 1.000000 0.000000
0.994897 0.100897 0.000000 108.637531 -0.100897 0.994897 0.000000 -4.344881 0.000000 0.000000 1.000000 0.000000
0.994588 0.103895 0.000000 109.059274 -0.103895 0.994588 0.000000 -4.401152 0.000000 0.000000 1.000000 0.000000
0.993562 0.113289 0.000000 109.791682 -0.113289 0.993562 0.000000 -4.503020 0.000000 0.000000 1.000000 0.000000
0.993605 0.112916 0.000000 110.217466 -0.112916 0.993605 0.000000 -4.573685 0.000000 0.000000 1.000000 0.000000
0.993690 0.112163 0.000000 110.656633 -0.112163 0.993690 0.000000 -4.640918 0.000000 0.000000 1.000000 0.000000
0.993572 0.113202 0.000000 111.090194 -0.113202 0.993572 0.000000 -4.702263 0.000000 0.000000 1.000000 0.000000
0.993681 0.112245 0.000000 111.528669 -0.112245 0.993681 0.000000 -4.758733 0.000000 0.000000 1.000000 0.000000
0.993256 0.115938 0.000000 111.967771 -0.115938 0.993256 0.000000 -4.802467 0.000000 0.000000 1.000000 0.000000
0.993227 0.116194 0.000000 112.407929 -0.116194 0.993227 0.000000 -4.859584 0.000000 0.000000 1.000000 0.000000
0.993324 0.115358 0.000000 112.851954 -0.115358 0.993324 0.000000 -4.916794 0.000000 0.000000 1.000000 0.000000
0.993321 0.115386 0.000000 113.295532 -0.115386 0.993321 0.000000 -4.977967 0.000000 0.000000 1.000000 0.000000
0.993314 0.115446 0.000000 113.744152 -0.115446 0.993314 0.000000 -5.047519 0.000000 0.000000 1.000000 0.000000
0.992847 0.119393 0.000000 114.191142 -0.119393 0.992847 0.000000 -5.114321 0.000000 0.000000 1.000000 0.000000
0.992814 0.119666 0.000000 115.019884 -0.119666 0.992814 0.000000 -5.237991 0.000000 0.000000 1.000000 0.000000
0.992859 0.119292 0.000000 115.479018 -0.119292 0.992859 0.000000 -5.309655 0.000000 0.000000 1.000000 0.000000
0.992496 0.122280 0.000000 115.938560 -0.122280 0.992496 0.000000 -5.371143 0.000000 0.000000 1.000000 0.000000
0.992463 0.122547 0.000000 116.398570 -0.122547 0.992463 0.000000 -5.451164 0.000000 0.000000 1.000000 0.000000
0.992180 0.124813 0.000000 116.857477 -0.124813 0.992180 0.000000 -5.528715 0.000000 0.000000 1.000000 0.000000
0.992031 0.125994 0.000000 117.318149 -0.125994 0.992031 0.000000 -5.608286 0.000000 0.000000 1.000000 0.000000
0.991889 0.127108 0.000000 117.778560 -0.127108 0.991889 0.000000 -5.688474 0.000000 0.000000 1.000000 0.000000
0.991333 0.131370 0.000000 118.244914 -0.131370 0.991333 0.000000 -5.762941 0.000000 0.000000 1.000000 0.000000
0.990664 0.136324 0.000000 118.748671 -0.136324 0.990664 0.000000 -5.847814 0.000000 0.000000 1.000000 0.000000
0.990092 0.140420 0.000000 119.193851 -0.140420 0.990092 0.000000 -5.922458 0.000000 0.000000 1.000000 0.000000
0.990067 0.140596 0.000000 119.695855 -0.140596 0.990067 0.000000 -6.015005 0.000000 0.000000 1.000000 0.000000
0.989749 0.142815 0.000000 120.169943 -0.142815 0.989749 0.000000 -6.099554 0.000000 0.000000 1.000000 0.000000
0.989621 0.143702 0.000000 120.647241 -0.143702 0.989621 0.000000 -6.185739 0.000000 0.000000 1.000000 0.000000
0.990074 0.140547 0.000000 121.117481 -0.140547 0.990074 0.000000 -6.280416 0.000000 0.000000 1.000000 0.000000
0.989720 0.143016 0.000000 121.586764 -0.143016 0.989720 0.000000 -6.358048 0.000000 0.000000 1.000000 0.000000
0.989494 0.144573 0.000000 122.062722 -0.144573 0.989494 0.000000 -6.443057 0.000000 0.000000 1.000000 0.000000
0.988853 0.148893 0.000000 122.540286 -0.148893 0.988853 0.000000 -6.519803 0.000000 0.000000 1.000000 0.000000
0.987754 0.156018 0.000000 123.022029 -0.156018 0.987754 0.000000 -6.596044 0.000000 0.000000 1.000000 0.000000
0.987211 0.159422 0.000000 123.477783 -0.159422 0.987211 0.000000 -6.681228 0.000000 0.000000 1.000000 0.000000
0.986961 0.160960 0.000000 123.958574 -0.160960 0.986961 0.000000 -6.768821 0.000000 0.000000 1.000000 0.000000
0.986278 0.165093 0.000000 124.439876 -0.165093 0.986278 0.000000 -6.860634 0.000000 0.000000 1.000000 0.000000
0.985971 0.166914 0.000000 125.233561 -0.166914 0.985971 0.000000 -7.018817 0.000000 0.000000 1.000000 0.000000
0.985832 0.167736 0.000000 125.718050 -0.167736 0.985832 0.000000 -7.117796 0.000000 0.000000 1.000000 0.000000
0.987645 0.156709 0.000000 126.689776 -0.156709 0.987645 0.000000 -7.318411 0.000000 0.000000 1.000000 0.000000
0.988399 0.151879 0.000000 127.183695 -0.151879 0.988399 0.000000 -7.420166 0.000000 0.000000 1.000000 0.000000
0.989026 0.147739 0.000000 127.675394 -0.147739 0.989026 0.000000 -7.524414 0.000000 0.000000 1.000000 0.000000
0.989225 0.146405 0.000000 128.172430 -0.146405 0.989225 0.000000 -7.612400 0.000000 0.000000 1.000000 0.000000
0.989704 0.143129 0.000000 128.670519 -0.143129 0.989704 0.000000 -7.711305 0.000000 0.000000 1.000000 0.000000
0.989134 0.147016 0.000000 129.172734 -0.147016 0.989134 0.000000 -7.791981 0.000000 0.000000 1.000000 0.000000
0.990181 0.139792 0.000000 129.707100 -0.139792 0.990181 0.000000 -7.884981 0.000000 0.000000 1.000000 0.000000
0.989813 0.142371 0.000000 130.195887 -0.142371 0.989813 0.000000 -7.964840 0.000000 0.000000 1.000000 0.000000
0.989547 0.144210 0.000000 130.704688 -0.144210 0.989547 0.000000 -8.053468 0.000000 0.000000 1.000000 0.000000
0.989336 0.145651 0.000000 131.222823 -0.145651 0.989336 0.000000 -8.141090 0.000000 0.000000 1.000000 0.000000
0.989353 0.145535 0.000000 131.701592 -0.145535 0.989353 0.000000 -8.220478 0.000000 0.000000 1.000000 0.000000
0.989349 0.145564 0.000000 132.215874 -0.145564 0.989349 0.000000 -8.308420 0.000000 0.000000 1.000000 0.000000
0.989442 0.144930 0.000000 132.743084 -0.144930 0.989442 0.000000 -8.407100 0.000000 0.000000 1.000000 0.000000
0.989111 0.147172 0.000000 133.233061 -0.147172 0.989111 0.000000 -8.487699 0.000000 0.000000 1.000000 0.000000
0.989679 0.143301 0.000000 133.752141 -0.143301 0.989679 0.000000 -8.578540 0.000000 0.000000 1.000000 0.000000
0.989358 0.145500 0.000000 134.284956 -0.145500 0.989358 0.000000 -8.674412 0.000000 0.000000 1.000000 0.000000
0.988761 0.149507 0.000000 134.913662 -0.149507 0.988761 0.000000 -8.773817 0.000000 0.000000 1.000000 0.000000
0.988548 0.150910 0.000000 135.484945 -0.150910 0.988548 0.000000 -8.871218 0.000000 0.000000 1.000000 0.000000
0.987132 0.159910 0.000000 135.986562 -0.159910 0.987132 0.000000 -8.962126 0.000000 0.000000 1.000000 0.000000
0.987094 0.160139 0.000000 136.521350 -0.160139 0.987094 0.000000 -9.061380 0.000000 0.000000 1.000000 0.000000
0.986032 0.166554 0.000000 137.058172 -0.166554 0.986032 0.000000 -9.163162 0.000000 0.000000 1.000000 0.000000
0.985613 0.169016 0.000000 137.600696 -0.169016 0.985613 0.000000 -9.266729 0.000000 0.000000 1.000000 0.000000
0.984718 0.174158 0.000000 141.413203 -0.174158 0.984718 0.000000 -10.050058 0.000000 0.000000 1.000000 0.000000
0.984653 0.174526 0.000000 141.929788 -0.174526 0.984653 0.000000 -10.148315 0.000000 0.000000 1.000000 0.000000
0.987167 0.159689 0.000000 143.071900 -0.159689 0.987167 0.000000 -10.400929 0.000000 0.000000 1.000000 0.000000
0.986354 0.164641 0.000000 144.190142 -0.164641 0.986354 0.000000 -10.630532 0.000000 0.000000 1.000000 0.000000
0.986243 0.165302 0.000000 144.754258 -0.165302 0.986243 0.000000 -10.745094 0.000000 0.000000 1.000000 0.000000
0.986087 0.166231 0.000000 145.319021 -0.166231 0.986087 0.000000 -10.862778 0.000000 0.000000 1.000000 0.000000
0.986126 0.165998 0.000000 145.887398 -0.165998 0.986126 0.000000 -10.981086 0.000000 0.000000 1.000000 0.000000
0.986277 0.165101 0.000000 146.456638 -0.165101 0.986277 0.000000 -11.111657 0.000000 0.000000 1.000000 0.000000
0.986850 0.161636 0.000000 147.022813 -0.161636 0.986850 0.000000 -11.233867 0.000000 0.000000 1.000000 0.000000
0.986243 0.165300 0.000000 147.591792 -0.165300 0.986243 0.000000 -11.347375 0.000000 0.000000 1.000000 0.000000
0.985950 0.167039 0.000000 148.163293 -0.167039 0.985950 0.000000 -11.462916 0.000000 0.000000 1.000000 0.000000
0.986245 0.165290 0.000000 148.736001 -0.165290 0.986245 0.000000 -11.591576 0.000000 0.000000 1.000000 0.000000
0.985990 0.166802 0.000000 149.654808 -0.166802 0.985990 0.000000 -11.783716 0.000000 0.000000 1.000000 0.000000
0.985079 0.172101 0.000000 150.227993 -0.172101 0.985079 0.000000 -11.902892 0.000000 0.000000 1.000000 0.000000
0.985115 0.171896 0.000000 150.794909 -0.171896 0.985115 0.000000 -12.035814 0.000000 0.000000 1.000000 0.000000
0.984316 0.176417 0.000000 151.372758 -0.176417 0.984316 0.000000 -12.153896 0.000000 0.000000 1.000000 0.000000
0.983297 0.182010 0.000000 151.992043 -0.182010 0.983297 0.000000 -12.281410 0.000000 0.000000 1.000000 0.000000
0.982500 0.186263 0.000000 152.522142 -0.186263 0.982500 0.000000 -12.396211 0.000000 0.000000 1.000000 0.000000
0.982076 0.188486 0.000000 153.132033 -0.188486 0.982076 0.000000 -12.534074 0.000000 0.000000 1.000000 0.000000
0.981872 0.189545 0.000000 153.699433 -0.189545 0.981872 0.000000 -12.669697 0.000000 0.000000 1.000000 0.000000
0.981664 0.190620 0.000000 154.277344 -0.190620 0.981664 0.000000 -12.793752 0.000000 0.000000 1.000000 0.000000
0.981262 0.192679 0.000000 154.854278 -0.192679 0.981262 0.000000 -12.912232 0.000000 0.000000 1.000000 0.000000
0.980782 0.195107 0.000000 155.429967 -0.195107 0.980782 0.000000 -13.030611 0.000000 0.000000 1.000000 0.000000
0.981013 0.193942 0.000000 155.995889 -0.193942 0.981013 0.000000 -13.154915 0.000000 0.000000 1.000000 0.000000
0.980994 0.194036 0.000000 156.562614 -0.194036 0.980994 0.000000 -13.273713 0.000000 0.000000 1.000000 0.000000
0.980775 0.195144 0.000000 157.120560 -0.195144 0.980775 0.000000 -13.383482 0.000000 0.000000 1.000000 0.000000
0.980942 0.194299 0.000000 157.685616 -0.194299 0.980942 0.000000 -13.510055 0.000000 0.000000 1.000000 0.000000
0.980193 0.198046 0.000000 158.254315 -0.198046 0.980193 0.000000 -13.628385 0.000000 0.000000 1.000000 0.000000
0.979521 0.201341 0.000000 159.384242 -0.201341 0.979521 0.000000 -13.879670 0.000000 0.000000 1.000000 0.000000
0.979172 0.203031 0.000000 159.943005 -0.203031 0.979172 0.000000 -14.005403 0.000000 0.000000 1.000000 0.000000
0.979517 0.201363 0.000000 160.470499 -0.201363 0.979517 0.000000 -14.134084 0.000000 0.000000 1.000000 0.000000
0.978132 0.207985 0.000000 161.049724 -0.207985 0.978132 0.000000 -14.253285 0.000000 0.000000 1.000000 0.000000
0.977528 0.210806 0.000000 161.602343 -0.210806 0.977528 0.000000 -14.377471 0.000000 0.000000 1.000000 0.000000
0.977698 0.210014 0.000000 162.704083 -0.210014 0.977698 0.000000 -14.642511 0.000000 0.000000 1.000000 0.000000
0.977774 0.209661 0.000000 163.262460 -0.209661 0.977774 0.000000 -14.772285 0.000000 0.000000 1.000000 0.000000
0.977607 0.210439 0.000000 163.787755 -0.210439 0.977607 0.000000 -14.903448 0.000000 0.000000 1.000000 0.000000
0.977323 0.211754 0.000000 164.342746 -0.211754 0.977323 0.000000 -15.033708 0.000000 0.000000 1.000000 0.000000
0.977631 0.210328 0.000000 164.907855 -0.210328 0.977631 0.000000 -15.164423 0.000000 0.000000 1.000000 0.000000
0.976989 0.213288 0.000000 165.433886 -0.213288 0.976989 0.000000 -15.279470 0.000000 0.000000 1.000000 0.000000
0.975874 0.218336 0.000000 166.189970 -0.218336 0.975874 0.000000 -15.442148 0.000000 0.000000 1.000000 0.000000
0.975320 0.220794 0.000000 166.751503 -0.220794 0.975320 0.000000 -15.574694 0.000000 0.000000 1.000000 0.000000
0.974639 0.223783 0.000000 167.314408 -0.223783 0.974639 0.000000 -15.704374 0.000000 0.000000 1.000000 0.000000
0.973025 0.230698 0.000000 167.914668 -0.230698 0.973025 0.000000 -15.846503 0.000000 0.000000 1.000000 0.000000
0.972988 0.230857 0.000000 168.445251 -0.230857 0.972988 0.000000 -15.979144 0.000000 0.000000 1.000000 0.000000
0.973364 0.229264 0.000000 169.046151 -0.229264 0.973364 0.000000 -16.141084 0.000000 0.000000 1.000000 0.000000
0.972164 0.234299 0.000000 169.613272 -0.234299 0.972164 0.000000 -16.281023 0.000000 0.000000 1.000000 0.000000
0.972424 0.233222 0.000000 170.179985 -0.233222 0.972424 0.000000 -16.429932 0.000000 0.000000 1.000000 0.000000
0.970812 0.239842 0.000000 170.755096 -0.239842 0.970812 0.000000 -16.570359 0.000000 0.000000 1.000000 0.000000
0.971782 0.235882 0.000000 171.312174 -0.235882 0.971782 0.000000 -16.733000 0.000000 0.000000 1.000000 0.000000
0.971994 0.235004 0.000000 171.880796 -0.235004 0.971994 0.000000 -16.882254 0.000000 0.000000 1.000000 0.000000
0.971863 0.235548 0.000000 172.442443 -0.235548 0.971863 0.000000 -17.038454 0.000000 0.000000 1.000000 0.000000
0.972614 0.232428 0.000000 173.010668 -0.232428 0.972614 0.000000 -17.196307 0.000000 0.000000 1.000000 0.000000
0.974094 0.226145 0.000000 173.577894 -0.226145 0.974094 0.000000 -17.356800 0.000000 0.000000 1.000000 0.000000
0.974789 0.223128 0.000000 174.146238 -0.223128 0.974789 0.000000 -17.511066 0.000000 0.000000 1.000000 0.000000
0.974517 0.224313 0.000000 174.719041 -0.224313 0.974517 0.000000 -17.653121 0.000000 0.000000 1.000000 0.000000
0.975070 0.221897 0.000000 175.291635 -0.221897 0.975070 0.000000 -17.805675 0.000000 0.000000 1.000000 0.000000
0.974453 0.224590 0.000000 175.827791 -0.224590 0.974453 0.000000 -17.939068 0.000000 0.000000 1.000000 0.000000
0.974254 0.225455 0.000000 176.439461 -0.225455 0.974254 0.000000 -18.097669 0.000000 0.000000 1.000000 0.000000
0.974295 0.225278 0.000000 176.970335 -0.225278 0.974295 0.000000 -18.229677 0.000000 0.000000 1.000000 0.000000
0.974186 0.225748 0.000000 177.544231 -0.225748 0.974186 0.000000 -18.382582 0.000000 0.000000 1.000000 0.000000
0.973629 0.228136 0.000000 178.118035 -0.228136 0.973629 0.000000 -18.528539 0.000000 0.000000 1.000000 0.000000
0.972793 0.231676 0.000000 178.693402 -0.231676 0.972793 0.000000 -18.677185 0.000000 0.000000 1.000000 0.000000
0.970714 0.240240 0.000000 179.270010 -0.240240 0.970714 0.000000 -18.828639 0.000000 0.000000 1.000000 0.000000
0.970344 0.241728 0.000000 179.841437 -0.241728 0.970344 0.000000 -18.979124 0.000000 0.000000 1.000000 0.000000
0.970171 0.242422 0.000000 180.415199 -0.242422 0.970171 0.000000 -19.136225 0.000000 0.000000 1.000000 0.000000
0.970003 0.243092 0.000000 180.984758 -0.243092 0.970003 0.000000 -19.291183 0.000000 0.000000 1.000000 0.000000
0.969439 0.245334 0.000000 181.563183 -0.245334 0.969439 0.000000 -19.443588 0.000000 0.000000 1.000000 0.000000
0.968696 0.248250 0.000000 182.141492 -0.248250 0.968696 0.000000 -19.597426 0.000000 0.000000 1.000000 0.000000
0.968977 0.247152 0.000000 182.705035 -0.247152 0.968977 0.000000 -19.755790 0.000000 0.000000 1.000000 0.000000
0.969131 0.246544 0.000000 183.278025 -0.246544 0.969131 0.000000 -19.921182 0.000000 0.000000 1.000000 0.000000
0.968361 0.249552 0.000000 183.845627 -0.249552 0.968361 0.000000 -20.081590 0.000000 0.000000 1.000000 0.000000
0.967958 0.251112 0.000000 184.383498 -0.251112 0.967958 0.000000 -20.224015 0.000000 0.000000 1.000000 0.000000
0.967968 0.251072 0.000000 184.948979 -0.251072 0.967968 0.000000 -20.385103 0.000000 0.000000 1.000000 0.000000
0.966595 0.256309 0.000000 185.516796 -0.256309 0.966595 0.000000 -20.549062 0.000000 0.000000 1.000000 0.000000
0.966397 0.257053 0.000000 186.064838 -0.257053 0.966397 0.000000 -20.704338 0.000000 0.000000 1.000000 0.000000
0.966973 0.254878 0.000000 186.626771 -0.254878 0.966973 0.000000 -20.866988 0.000000 0.000000 1.000000 0.000000
0.965889 0.258955 0.000000 187.190350 -0.258955 0.965889 0.000000 -21.031128 0.000000 0.000000 1.000000 0.000000
0.966704 0.255897 0.000000 187.719437 -0.255897 0.966704 0.000000 -21.189632 0.000000 0.000000 1.000000 0.000000
0.966452 0.256847 0.000000 188.275052 -0.256847 0.966452 0.000000 -21.354120 0.000000 0.000000 1.000000 0.000000
0.965430 0.260664 0.000000 188.841660 -0.260664 0.965430 0.000000 -21.518214 0.000000 0.000000 1.000000 0.000000
0.965188 0.261558 0.000000 189.371854 -0.261558 0.965188 0.000000 -21.668108 0.000000 0.000000 1.000000 0.000000
0.964722 0.263272 0.000000 189.933981 -0.263272 0.964722 0.000000 -21.834546 0.000000 0.000000 1.000000 0.000000
0.964117 0.265478 0.000000 190.490145 -0.265478 0.964117 0.000000 -21.999483 0.000000 0.000000 1.000000 0.000000
0.963241 0.268640 0.000000 191.297706 -0.268640 0.963241 0.000000 -22.250109 0.000000 0.000000 1.000000 0.000000
0.962396 0.271651 0.000000 191.853706 -0.271651 0.962396 0.000000 -22.416226 0.000000 0.000000 1.000000 0.000000
0.961449 0.274985 0.000000 192.412173 -0.274985 0.961449 0.000000 -22.584694 0.000000 0.000000 1.000000 0.000000
0.961493 0.274828 0.000000 192.967536 -0.274828 0.961493 0.000000 -22.753367 0.000000 0.000000 1.000000 0.000000
0.961030 0.276445 0.000000 193.522376 -0.276445 0.961030 0.000000 -22.921506 0.000000 0.000000 1.000000 0.000000
0.961354 0.275314 0.000000 194.080588 -0.275314 0.961354 0.000000 -23.084376 0.000000 0.000000 1.000000 0.000000
0.962220 0.272274 0.000000 194.634371 -0.272274 0.962220 0.000000 -23.257347 0.000000 0.000000 1.000000 0.000000
0.962069 0.272807 0.000000 195.209277 -0.272807 0.962069 0.000000 -23.432271 0.000000 0.000000 1.000000 0.000000
0.962138 0.272562 0.000000 195.704620 -0.272562 0.962138 0.000000 -23.582490 0.000000 0.000000 1.000000 0.000000
0.961703 0.274095 0.000000 196.667994 -0.274095 0.961703 0.000000 -23.875406 0.000000 0.000000 1.000000 0.000000
0.961561 0.274591 0.000000 197.227406 -0.274591 0.961561 0.000000 -24.037675 0.000000 0.000000 1.000000 0.000000
0.961063 0.276330 0.000000 197.928220 -0.276330 0.961063 0.000000 -24.252942 0.000000 0.000000 1.000000 0.000000
0.960482 0.278343 0.000000 198.634906 -0.278343 0.960482 0.000000 -24.479881 0.000000 0.000000 1.000000 0.000000
0.959565 0.281487 0.000000 199.581511 -0.281487 0.959565 0.000000 -24.781845 0.000000 0.000000 1.000000 0.000000
0.959507 0.281686 0.000000 200.131020 -0.281686 0.959507 0.000000 -24.955393 0.000000 0.000000 1.000000 0.000000
0.959637 0.281243 0.000000 200.685187 -0.281243 0.959637 0.000000 -25.138182 0.000000 0.000000 1.000000 0.000000
0.959380 0.282117 0.000000 201.231318 -0.282117 0.959380 0.000000 -25.310978 0.000000 0.000000 1.000000 0.000000
0.959083 0.283126 0.000000 201.748994 -0.283126 0.959083 0.000000 -25.473293 0.000000 0.000000 1.000000 0.000000
0.960160 0.279449 0.000000 202.300894 -0.279449 0.960160 0.000000 -25.648034 0.000000 0.000000 1.000000 0.000000
0.959493 0.281733 0.000000 202.842890 -0.281733 0.959493 0.000000 -25.823060 0.000000 0.000000 1.000000 0.000000
0.959331 0.282285 0.000000 203.613851 -0.282285 0.959331 0.000000 -26.081889 0.000000 0.000000 1.000000 0.000000
0.959809 0.280655 0.000000 204.165205 -0.280655 0.959809 0.000000 -26.257700 0.000000 0.000000 1.000000 0.000000
0.959971 0.280099 0.000000 204.716640 -0.280099 0.959971 0.000000 -26.429381 0.000000 0.000000 1.000000 0.000000
0.959912 0.280303 0.000000 205.263552 -0.280303 0.959912 0.000000 -26.606889 0.000000 0.000000 1.000000 0.000000
0.961211 0.275815 0.000000 205.852654 -0.275815 0.961211 0.000000 -26.792021 0.000000 0.000000 1.000000 0.000000
0.961336 0.275377 0.000000 206.365778 -0.275377 0.961336 0.000000 -26.955202 0.000000 0.000000 1.000000 0.000000
0.961332 0.275392 0.000000 206.946576 -0.275392 0.961332 0.000000 -27.139812 0.000000 0.000000 1.000000 0.000000
0.962007 0.273025 0.000000 207.459780 -0.273025 0.962007 0.000000 -27.307711 0.000000 0.000000 1.000000 0.000000
0.962159 0.272489 0.000000 208.044418 -0.272489 0.962159 0.000000 -27.492473 0.000000 0.000000 1.000000 0.000000
0.962705 0.270553 0.000000 208.589683 -0.270553 0.962705 0.000000 -27.666418 0.000000 0.000000 1.000000 0.000000
0.962496 0.271297 0.000000 209.138875 -0.271297 0.962496 0.000000 -27.831565 0.000000 0.000000 1.000000 0.000000
0.962999 0.269504 0.000000 209.689173 -0.269504 0.962999 0.000000 -28.005932 0.000000 0.000000 1.000000 0.000000
0.962859 0.270005 0.000000 210.226010 -0.270005 0.962859 0.000000 -28.167080 0.000000 0.000000 1.000000 0.000000
