1.000000 -0.000101 0.000000 0.619598 0.000101 1.000000 0.000000 -0.014307 0.000000 0.000000 1.000000 0.000000
0.999995 -0.003018 0.000000 1.264242 0.003018 0.999995 0.000000 -0.028484 0.000000 0.000000 1.000000 0.000000
0.999995 0.003286 0.000000 2.557053 -0.003286 0.999995 0.000000 -0.053426 0.000000 0.000000 1.000000 0.000000
0.999998 0.001836 0.000000 3.159598 -0.001836 0.999998 0.000000 -0.059366 0.000000 0.000000 1.000000 0.000000
0.999995 -0.003185 0.000000 3.779565 0.003185 0.999995 0.000000 -0.070917 0.000000 0.000000 1.000000 0.000000
0.999999 -0.001618 0.000000 4.433386 0.001618 0.999999 0.000000 -0.088332 0.000000 0.000000 1.000000 0.000000
0.999997 -0.002270 0.000000 5.095497 0.002270 0.999997 0.000000 -0.112370 0.000000 0.000000 1.000000 0.000000
1.000000 -0.000916 0.000000 5.701322 0.000916 1.000000 0.000000 -0.141263 0.000000 0.000000 1.000000 0.000000
1.000000 -0.000346 0.000000 6.342448 0.000346 1.000000 0.000000 -0.160545 0.000000 0.000000 1.000000 0.000000
1.000000 0.000759 0.000000 6.953447 -0.000759 1.000000 0.000000 -0.168488 0.000000 0.000000 1.000000 0.000000
1.000000 -0.000750 0.000000 7.562404 0.000750 1.000000 0.000000 -0.189794 0.000000 0.000000 1.000000 0.000000
0.999999 -0.001465 0.000000 8.210804 0.001465 0.999999 0.000000 -0.205360 0.000000 0.000000 1.000000 0.000000
1.000000 0.000730 0.000000 8.799642 -0.000730 1.000000 0.000000 -0.218163 0.000000 0.000000 1.000000 0.000000
1.000000 0.000384 0.000000 9.415690 -0.000384 1.000000 0.000000 -0.245219 0.000000 0.000000 1.000000 0.000000
0.999998 0.001996 0.000000 10.065457 -0.001996 0.999998 0.000000 -0.259972 0.000000 0.000000 1.000000 0.000000
0.999998 0.001738 0.000000 10.637792 -0.001738 0.999998 0.000000 -0.273397 0.000000 0.000000 1.000000 0.000000
0.999997 0.002480 0.000000 11.261877 -0.002480 0.999997 0.000000 -0.283819 0.000000 0.000000 1.000000 0.000000
0.999994 0.003566 0.000000 11.891837 -0.003566 0.999994 0.000000 -0.301511 0.000000 0.000000 1.000000 0.000000
1.000000 -0.000375 0.000000 12.542959 0.000375 1.000000 0.000000 -0.322688 0.000000 0.000000 1.000000 0.000000
1.000000 -0.000965 0.000000 13.152773 0.000965 1.000000 0.000000 -0.332343 0.000000 0.000000 1.000000 0.000000
0.999971 -0.007615 0.000000 13.813276 0.007615 0.999971 0.000000 -0.351259 0.000000 0.000000 1.000000 0.000000
0.999973 -0.007306 0.000000 14.428054 0.007306 0.999973 0.000000 -0.350059 0.000000 0.000000 1.000000 0.000000
0.999993 -0.003612 0.000000 15.037504 0.003612 0.999993 0.000000 -0.357703 0.000000 0.000000 1.000000 0.000000
0.999987 -0.005027 0.000000 15.668789 0.005027 0.999987 0.000000 -0.366505 0.000000 0.000000 1.000000 0.000000
0.999994 -0.003428 0.000000 16.277511 0.003428 0.999994 0.000000 -0.380863 0.000000 0.000000 1.000000 0.000000
0.999995 -0.003009 0.000000 16.911762 0.003009 0.999995 0.000000 -0.390859 0.000000 0.000000 1.000000 0.000000
0.999999 -0.001462 0.000000 17.547203 0.001462 0.999999 0.000000 -0.403110 0.000000 0.000000 1.000000 0.000000
1.000000 0.000384 0.000000 18.149195 -0.000384 1.000000 0.000000 -0.414561 0.000000 0.000000 1.000000 0.000000
0.999999 -0.001067 0.000000 18.796692 0.001067 0.999999 0.000000 -0.427550 0.000000 0.000000 1.000000 0.000000
0.999996 -0.002831 0.000000 19.421152 0.002831 0.999996 0.000000 -0.440328 0.000000 0.000000 1.000000 0.000000
0.999990 -0.004486 0.000000 20.006203 0.004486 0.999990 0.000000 -0.462541 0.000000 0.000000 1.000000 0.000000
0.999989 -0.004624 0.000000 20.669402 0.004624 0.999989 0.000000 -0.487588 0.000000 0.000000 1.000000 0.000000
0.999992 -0.003886 0.000000 21.310198 0.003886 0.999992 0.000000 -0.510899 0.000000 0.000000 1.000000 0.000000
0.999995 -0.003133 0.000000 21.947026 0.003133 0.999995 0.000000 -0.528070 0.000000 0.000000 1.000000 0.000000
0.999999 -0.001155 0.000000 22.553375 0.001155 0.999999 0.000000 -0.546813 0.000000 0.000000 1.000000 0.000000
0.999995 0.003194 0.000000 23.201607 -0.003194 0.999995 0.000000 -0.568168 0.000000 0.000000 1.000000 0.000000
0.999985 0.005559 0.000000 23.830644 -0.005559 0.999985 0.000000 -0.588519 0.000000 0.000000 1.000000 0.000000
0.999975 0.007114 0.000000 24.481242 -0.007114 0.999975 0.000000 -0.606696 0.000000 0.000000 1.000000 0.000000
0.999982 0.005933 0.000000 25.128096 -0.005933 0.999982 0.000000 -0.624148 0.000000 0.000000 1.000000 0.000000
0.999988 0.004888 0.000000 25.947651 -0.004888 0.999988 0.000000 -0.660409 0.000000 0.000000 1.000000 0.000000
0.999980 0.006401 0.000000 26.594044 -0.006401 0.999980 0.000000 -0.676603 0.000000 0.000000 1.000000 0.000000
0.999974 0.007178 0.000000 27.229174 -0.007178 0.999974 0.000000 -0.692782 0.000000 0.000000 1.000000 0.000000
0.999967 0.008125 0.000000 27.870773 -0.008125 0.999967 0.000000 -0.704961 0.000000 0.000000 1.000000 0.000000
0.999953 0.009706 0.000000 28.507109 -0.009706 0.999953 0.000000 -0.731909 0.000000 0.000000 1.000000 0.000000
0.999970 0.007738 0.000000 29.148695 -0.007738 0.999970 0.000000 -0.763459 0.000000 0.000000 1.000000 0.000000
0.999939 0.011063 0.000000 29.797126 -0.011063 0.999939 0.000000 -0.782790 0.000000 0.000000 1.000000 0.000000
0.999922 0.012492 0.000000 30.464934 -0.012492 0.999922 0.000000 -0.807940 0.000000 0.000000 1.000000 0.000000
0.999874 0.015853 0.000000 31.107843 -0.015853 0.999874 0.000000 -0.821051 0.000000 0.000000 1.000000 0.000000
0.999905 0.013751 0.000000 31.751428 -0.013751 0.999905 0.000000 -0.853198 0.000000 0.000000 1.000000 0.000000
0.999850 0.017305 0.000000 32.424905 -0.017305 0.999850 0.000000 -0.866244 0.000000 0.000000 1.000000 0.000000
0.999883 0.015270 0.000000 33.061472 -0.015270 0.999883 0.000000 -0.890986 0.000000 0.000000 1.000000 0.000000
0.999869 0.016216 0.000000 33.693311 -0.016216 0.999869 0.000000 -0.913048 0.000000 0.000000 1.000000 0.000000
0.999856 0.016975 0.000000 34.357126 -0.016975 0.999856 0.000000 -0.942256 0.000000 0.000000 1.000000 0.000000
0.999887 0.015056 0.000000 34.949665 -0.015056 0.999887 0.000000 -0.972494 0.000000 0.000000 1.000000 0.000000
0.999870 0.016101 0.000000 35.607710 -0.016101 0.999870 0.000000 -1.003376 0.000000 0.000000 1.000000 0.000000
0.999812 0.019407 0.000000 36.220115 -0.019407 0.999812 0.000000 -1.017502 0.000000 0.000000 1.000000 0.000000
0.999826 0.018642 0.000000 36.872349 -0.018642 0.999826 0.000000 -1.041455 0.000000 0.000000 1.000000 0.000000
0.999854 0.017099 0.000000 37.521987 -0.017099 0.999854 0.000000 -1.063942 0.000000 0.000000 1.000000 0.000000
0.999847 0.017478 0.000000 38.146323 -0.017478 0.999847 0.000000 -1.085796 0.000000 0.000000 1.000000 0.000000
0.999845 0.017633 0.000000 38.773515 -0.017633 0.999845 0.000000 -1.108190 0.000000 0.000000 1.000000 0.000000
0.999863 0.016528 0.000000 39.434740 -0.016528 0.999863 0.000000 -1.126168 0.000000 0.000000 1.000000 0.000000
0.999859 0.016810 0.000000 40.090728 -0.016810 0.999859 0.000000 -1.138683 0.000000 0.000000 1.000000 0.000000
0.999821 0.018939 0.000000 40.737721 -0.018939 0.999821 0.000000 -1.152878 0.000000 0.000000 1.000000 0.000000
0.999818 0.019082 0.000000 41.391893 -0.019082 0.999818 0.000000 -1.166853 0.000000 0.000000 1.000000 0.000000
0.999849 0.017393 0.000000 42.012596 -0.017393 0.999849 0.000000 -1.185182 0.000000 0.000000 1.000000 0.000000
0.999822 0.018868 0.000000 42.667838 -0.018868 0.999822 0.000000 -1.193518 0.000000 0.000000 1.000000 0.000000
0.999881 0.015413 0.000000 43.316566 -0.015413 0.999881 0.000000 -1.217848 0.000000 0.000000 1.000000 0.000000
0.999833 0.018265 0.000000 43.986254 -0.018265 0.999833 0.000000 -1.230431 0.000000 0.000000 1.000000 0.000000
0.999899 0.014177 0.000000 44.650418 -0.014177 0.999899 0.000000 -1.245834 0.000000 0.000000 1.000000 0.000000
0.999934 0.011528 0.000000 45.268142 -0.011528 0.999934 0.000000 -1.270399 0.000000 0.000000 1.000000 0.000000
0.999935 0.011374 0.000000 45.876397 -0.011374 0.999935 0.000000 -1.278282 0.000000 0.000000 1.000000 0.000000
0.999929 0.011956 0.000000 46.537275 -0.011956 0.999929 0.000000 -1.288301 0.000000 0.000000 1.000000 0.000000
0.999889 0.014881 0.000000 47.176193 -0.014881 0.999889 0.000000 -1.300275 0.000000 0.000000 1.000000 0.000000
0.999869 0.016202 0.000000 47.858286 -0.016202 0.999869 0.000000 -1.315092 0.000000 0.000000 1.000000 0.000000
0.999851 0.017245 0.000000 48.513280 -0.017245 0.999851 0.000000 -1.340986 0.000000 0.000000 1.000000 0.000000
0.999922 0.012507 0.000000 49.161580 -0.012507 0.999922 0.000000 -1.361318 0.000000 0.000000 1.000000 0.000000
0.999871 0.016072 0.000000 50.196655 -0.016072 0.999871 0.000000 -1.407868 0.000000 0.000000 1.000000 0.000000
0.999887 0.015019 0.000000 50.872322 -0.015019 0.999887 0.000000 -1.430501 0.000000 0.000000 1.000000 0.000000
0.999907 0.013648 0.000000 51.496279 -0.013648 0.999907 0.000000 -1.449113 0.000000 0.000000 1.000000 0.000000
0.999921 0.012564 0.000000 52.135032 -0.012564 0.999921 0.000000 -1.471092 0.000000 0.000000 1.000000 0.000000
0.999932 0.011677 0.000000 52.796250 -0.011677 0.999932 0.000000 -1.498643 0.000000 0.000000 1.000000 0.000000
0.999932 0.011623 0.000000 53.422420 -0.011623 0.999932 0.000000 -1.521749 0.000000 0.000000 1.000000 0.000000
0.999963 0.008617 0.000000 54.072687 -0.008617 0.999963 0.000000 -1.541236 0.000000 0.000000 1.000000 0.000000
0.999965 0.008405 0.000000 54.732808 -0.008405 0.999965 0.000000 -1.563874 0.000000 0.000000 1.000000 0.000000
0.999977 0.006716 0.000000 56.082663 -0.006716 0.999977 0.000000 -1.590187 0.000000 0.000000 1.000000 0.000000
0.999987 0.005152 0.000000 56.729557 -0.005152 0.999987 0.000000 -1.592743 0.000000 0.000000 1.000000 0.000000
0.999999 0.001554 0.000000 57.344495 -0.001554 0.999999 0.000000 -1.594985 0.000000 0.000000 1.000000 0.000000
1.000000 0.000706 0.000000 57.998733 -0.000706 1.000000 0.000000 -1.609869 0.000000 0.000000 1.000000 0.000000
0.999998 0.001738 0.000000 58.661440 -0.001738 0.999998 0.000000 -1.625316 0.000000 0.000000 1.000000 0.000000
0.999997 0.002627 0.000000 59.328628 -0.002627 0.999997 0.000000 -1.641478 0.000000 0.000000 1.000000 0.000000
0.999999 0.001092 0.000000 59.991696 -0.001092 0.999999 0.000000 -1.660235 0.000000 0.000000 1.000000 0.000000
0.999996 0.002763 0.000000 60.618578 -0.002763 0.999996 0.000000 -1.665201 0.000000 0.000000 1.000000 0.000000
0.999990 0.004384 0.000000 61.219757 -0.004384 0.999990 0.000000 -1.668927 0.000000 0.000000 1.000000 0.000000
0.999984 0.005626 0.000000 61.809328 -0.005626 0.999984 0.000000 -1.681110 0.000000 0.000000 1.000000 0.000000
0.999974 0.007212 0.000000 62.422402 -0.007212 0.999974 0.000000 -1.699579 0.000000 0.000000 1.000000 0.000000
0.999970 0.007712 0.000000 63.028447 -0.007712 0.999970 0.000000 -1.715932 0.000000 0.000000 1.000000 0.000000
0.999974 0.007184 0.000000 63.613814 -0.007184 0.999974 0.000000 -1.731599 0.000000 0.000000 1.000000 0.000000
0.999974 0.007274 0.000000 64.264752 -0.007274 0.999974 0.000000 -1.747124 0.000000 0.000000 1.000000 0.000000
0.999985 0.005478 0.000000 64.883465 -0.005478 0.999985 0.000000 -1.764613 0.000000 0.000000 1.000000 0.000000
0.999982 0.006039 0.000000 65.453203 -0.006039 0.999982 0.000000 -1.783101 0.000000 0.000000 1.000000 0.000000
0.999987 0.005055 0.000000 66.098342 -0.005055 0.999987 0.000000 -1.802110 0.000000 0.000000 1.000000 0.000000
0.999984 0.005707 0.000000 66.682647 -0.005707 0.999984 0.000000 -1.810275 0.000000 0.000000 1.000000 0.000000
0.999957 0.009242 0.000000 67.313080 -0.009242 0.999957 0.000000 -1.817665 0.000000 0.000000 1.000000 0.000000
0.999955 0.009516 0.000000 67.913288 -0.009516 0.999955 0.000000 -1.828171 0.000000 0.000000 1.000000 0.000000
0.999950 0.009971 0.000000 68.758054 -0.009971 0.999950 0.000000 -1.847687 0.000000 0.000000 1.000000 0.000000
0.999944 0.010540 0.000000 69.356973 -0.010540 0.999944 0.000000 -1.865994 0.000000 0.000000 1.000000 0.000000
0.999925 0.012211 0.000000 69.961344 -0.012211 0.999925 0.000000 -1.883965 0.000000 0.000000 1.000000 0.000000
0.999968 0.008008 0.000000 70.555534 -0.008008 0.999968 0.000000 -1.900750 0.000000 0.000000 1.000000 0.000000
0.999965 0.008411 0.000000 71.184211 -0.008411 0.999965 0.000000 -1.912546 0.000000 0.000000 1.000000 0.000000
0.999989 0.004772 0.000000 71.770217 -0.004772 0.999989 0.000000 -1.921014 0.000000 0.000000 1.000000 0.000000
0.999994 0.003323 0.000000 72.436150 -0.003323 0.999994 0.000000 -1.939819 0.000000 0.000000 1.000000 0.000000
0.999993 0.003650 0.000000 73.056188 -0.003650 0.999993 0.000000 -1.952165 0.000000 0.000000 1.000000 0.000000
0.999996 0.002950 0.000000 73.641851 -0.002950 0.999996 0.000000 -1.972628 0.000000 0.000000 1.000000 0.000000
0.999978 0.006586 0.000000 74.850150 -0.006586 0.999978 0.000000 -2.014601 0.000000 0.000000 1.000000 0.000000
0.999985 0.005475 0.000000 75.451040 -0.005475 0.999985 0.000000 -2.031677 0.000000 0.000000 1.000000 0.000000
0.999971 0.007599 0.000000 76.057452 -0.007599 0.999971 0.000000 -2.047458 0.000000 0.000000 1.000000 0.000000
0.999948 0.010165 0.000000 76.636686 -0.010165 0.999948 0.000000 -2.075624 0.000000 0.000000 1.000000 0.000000
0.999945 0.010497 0.000000 77.228662 -0.010497 0.999945 0.000000 -2.100061 0.000000 0.000000 1.000000 0.000000
0.999917 0.012858 0.000000 77.835565 -0.012858 0.999917 0.000000 -2.116971 0.000000 0.000000 1.000000 0.000000
0.999925 0.012253 0.000000 78.427046 -0.012253 0.999925 0.000000 -2.142502 0.000000 0.000000 1.000000 0.000000
0.999946 0.010346 0.000000 78.991078 -0.010346 0.999946 0.000000 -2.155710 0.000000 0.000000 1.000000 0.000000
0.999956 0.009403 0.000000 79.569264 -0.009403 0.999956 0.000000 -2.167275 0.000000 0.000000 1.000000 0.000000
0.999949 0.010051 0.000000 80.131196 -0.010051 0.999949 0.000000 -2.180381 0.000000 0.000000 1.000000 0.000000
0.999952 0.009795 0.000000 80.669328 -0.009795 0.999952 0.000000 -2.192944 0.000000 0.000000 1.000000 0.000000
0.999953 0.009657 0.000000 81.223196 -0.009657 0.999953 0.000000 -2.210226 0.000000 0.000000 1.000000 0.000000
0.999952 0.009825 0.000000 81.772069 -0.009825 0.999952 0.000000 -2.226899 0.000000 0.000000 1.000000 0.000000
0.999924 0.012340 0.000000 82.294783 -0.012340 0.999924 0.000000 -2.241711 0.000000 0.000000 1.000000 0.000000
0.999900 0.014160 0.000000 82.838437 -0.014160 0.999900 0.000000 -2.254465 0.000000 0.000000 1.000000 0.000000
0.999854 0.017067 0.000000 83.382811 -0.017067 0.999854 0.000000 -2.269541 0.000000 0.000000 1.000000 0.000000
0.999805 0.019741 0.000000 83.900765 -0.019741 0.999805 0.000000 -2.273430 0.000000 0.000000 1.000000 0.000000
0.999825 0.018698 0.000000 84.446897 -0.018698 0.999825 0.000000 -2.289405 0.000000 0.000000 1.000000 0.000000
0.999834 0.018223 0.000000 84.983911 -0.018223 0.999834 0.000000 -2.309282 0.000000 0.000000 1.000000 0.000000
0.999832 0.018340 0.000000 85.484644 -0.018340 0.999832 0.000000 -2.328839 0.000000 0.000000 1.000000 0.000000
0.999818 0.019080 0.000000 86.033195 -0.019080 0.999818 0.000000 -2.352558 0.000000 0.000000 1.000000 0.000000
0.999778 0.021048 0.000000 86.553617 -0.021048 0.999778 0.000000 -2.373630 0.000000 0.000000 1.000000 0.000000
0.999795 0.020223 0.000000 87.032567 -0.020223 0.999795 0.000000 -2.400764 0.000000 0.000000 1.000000 0.000000
0.999779 0.021008 0.000000 87.562751 -0.021008 0.999779 0.000000 -2.429737 0.000000 0.000000 1.000000 0.000000
0.999752 0.022255 0.000000 88.092922 -0.022255 0.999752 0.000000 -2.448929 0.000000 0.000000 1.000000 0.000000
0.999699 0.024536 0.000000 88.584530 -0.024536 0.999699 0.000000 -2.472991 0.000000 0.000000 1.000000 0.000000
0.999671 0.025643 0.000000 89.109831 -0.025643 0.999671 0.000000 -2.505444 0.000000 0.000000 1.000000 0.000000
0.999657 0.026207 0.000000 89.598278 -0.026207 0.999657 0.000000 -2.534485 0.000000 0.000000 1.000000 0.000000
0.999596 0.028428 0.000000 90.103220 -0.028428 0.999596 0.000000 -2.564783 0.000000 0.000000 1.000000 0.000000
0.999588 0.028716 0.000000 90.783252 -0.028716 0.999588 0.000000 -2.608461 0.000000 0.000000 1.000000 0.000000
0.999585 0.028807 0.000000 91.327887 -0.028807 0.999585 0.000000 -2.634175 0.000000 0.000000 1.000000 0.000000
0.999568 0.029377 0.000000 91.827209 -0.029377 0.999568 0.000000 -2.658375 0.000000 0.000000 1.000000 0.000000
0.999540 0.030325 0.000000 92.332570 -0.030325 0.999540 0.000000 -2.670199 0.000000 0.000000 1.000000 0.000000
0.999558 0.029713 0.000000 92.831401 -0.029713 0.999558 0.000000 -2.690832 0.000000 0.000000 1.000000 0.000000
0.999588 0.028697 0.000000 93.326082 -0.028697 0.999588 0.000000 -2.717303 0.000000 0.000000 1.000000 0.000000
0.999586 0.028782 0.000000 93.811496 -0.028782 0.999586 0.000000 -2.740898 0.000000 0.000000 1.000000 0.000000
0.999391 0.034901 0.000000 94.785228 -0.034901 0.999391 0.000000 -2.804031 0.000000 0.000000 1.000000 0.000000
0.999251 0.038708 0.000000 95.265840 -0.038708 0.999251 0.000000 -2.839284 0.000000 0.000000 1.000000 0.000000
0.999147 0.041285 0.000000 95.729676 -0.041285 0.999147 0.000000 -2.873662 0.000000 0.000000 1.000000 0.000000
0.998973 0.045313 0.000000 96.205844 -0.045313 0.998973 0.000000 -2.894194 0.000000 0.000000 1.000000 0.000000
0.998887 0.047165 0.000000 96.708775 -0.047165 0.998887 0.000000 -2.934318 0.000000 0.000000 1.000000 0.000000
0.998733 0.050331 0.000000 97.190381 -0.050331 0.998733 0.000000 -2.966243 0.000000 0.000000 1.000000 0.000000
0.998659 0.051776 0.000000 97.646316 -0.051776 0.998659 0.000000 -3.002014 0.000000 0.000000 1.000000 0.000000
0.998481 0.055097 0.000000 98.136765 -0.055097 0.998481 0.000000 -3.040550 0.000000 0.000000 1.000000 0.000000
0.998177 0.060359 0.000000 98.610062 -0.060359 0.998177 0.000000 -3.069962 0.000000 0.000000 1.000000 0.000000
0.998033 0.062689 0.000000 99.089172 -0.062689 0.998033 0.000000 -3.104344 0.000000 0.000000 1.000000 0.000000
0.997897 0.064822 0.000000 99.531830 -0.064822 0.997897 0.000000 -3.143643 0.000000 0.000000 1.000000 0.000000
0.997765 0.066823 0.000000 99.992243 -0.066823 0.997765 0.000000 -3.181181 0.000000 0.000000 1.000000 0.000000
0.997663 0.068330 0.000000 100.427458 -0.068330 0.997663 0.000000 -3.219806 0.000000 0.000000 1.000000 0.000000
0.997608 0.069129 0.000000 100.860979 -0.069129 0.997608 0.000000 -3.266912 0.000000 0.000000 1.000000 0.000000
0.997342 0.072856 0.000000 101.275474 -0.072856 0.997342 0.000000 -3.314929 0.000000 0.000000 1.000000 0.000000
0.997209 0.074659 0.000000 101.718632 -0.074659 0.997209 0.000000 -3.345853 0.000000 0.000000 1.000000 0.000000
0.996679 0.081429 0.000000 102.145844 -0.081429 0.996679 0.000000 -3.380019 0.000000 0.000000 1.000000 0.000000
0.996253 0.086486 0.000000 102.546083 -0.086486 0.996253 0.000000 -3.423751 0.000000 0.000000 1.000000 0.000000
0.996179 0.087334 0.000000 102.947575 -0.087334 0.996179 0.000000 -3.480582 0.000000 0.000000 1.000000 0.000000
0.996330 0.085601 0.000000 103.356378 -0.085601 0.996330 0.000000 -3.529581 0.000000 0.000000 1.000000 0.000000
0.995989 0.089473 0.000000 103.760492 -0.089473 0.995989 0.000000 -3.563908 0.000000 0.000000 1.000000 0.000000
0.996021 0.089123 0.000000 104.180577 -0.089123 0.996021 0.000000 -3.613147 0.000000 0.000000 1.000000 0.000000
0.995360 0.096221 0.000000 104.570441 -0.096221 0.995360 0.000000 -3.650154 0.000000 0.000000 1.000000 0.000000
0.994770 0.102143 0.000000 104.980995 -0.102143 0.994770 0.000000 -3.680964 0.000000 0.000000 1.000000 0.000000
0.994757 0.102264 0.000000 105.386850 -0.102264 0.994757 0.000000 -3.746909 0.000000 0.000000 1.000000 0.000000
0.994312 0.106507 0.000000 105.738799 -0.106507 0.994312 0.000000 -3.793704 0.000000 0.000000 1.000000 0.000000
0.993869 0.110564 0.000000 106.146641 -0.110564 0.993869 0.000000 -3.840934 0.000000 0.000000 1.000000 0.000000
0.993292 0.115635 0.000000 106.537765 -0.115635 0.993292 0.000000 -3.865700 0.000000 0.000000 1.000000 0.000000
0.992684 0.120738 0.000000 107.107633 -0.120738 0.992684 0.000000 -3.927654 0.000000 0.000000 1.000000 0.000000
0.992326 0.123653 0.000000 107.518040 -0.123653 0.992326 0.000000 -3.974581 0.000000 0.000000 1.000000 0.000000
0.992057 0.125786 0.000000 107.931981 -0.125786 0.992057 0.000000 -4.031839 0.000000 0.000000 1.000000 0.000000
0.991762 0.128092 0.000000 108.372785 -0.128092 0.991762 0.000000 -4.097878 0.000000 0.000000 1.000000 0.000000
0.991445 0.130527 0.000000 108.787088 -0.130527 0.991445 0.000000 -4.170369 0.000000 0.000000 1.000000 0.000000
0.991231 0.132137 0.000000 109.214504 -0.132137 0.991231 0.000000 -4.226300 0.000000 0.000000 1.000000 0.000000
0.991288 0.131713 0.000000 109.643508 -0.131713 0.991288 0.000000 -4.293183 0.000000 0.000000 1.000000 0.000000
0.990918 0.134469 0.000000 110.074876 -0.134469 0.990918 0.000000 -4.354357 0.000000 0.000000 1.000000 0.000000
0.960940 0.276756 0.000000 109.873069 -0.276756 0.960940 0.000000 -3.912859 0.000000 0.000000 1.000000 0.000000
0.961197 0.275862 0.000000 110.298072 -0.275862 0.961197 0.000000 -4.049183 0.000000 0.000000 1.000000 0.000000
0.961447 0.274989 0.000000 110.706350 -0.274989 0.961447 0.000000 -4.180352 0.000000 0.000000 1.000000 0.000000
0.961224 0.275767 0.000000 111.126391 -0.275767 0.961224 0.000000 -4.309810 0.000000 0.000000 1.000000 0.000000
0.961470 0.274908 0.000000 111.565138 -0.274908 0.961470 0.000000 -4.433764 0.000000 0.000000 1.000000 0.000000
0.960545 0.278125 0.000000 112.008165 -0.278125 0.960545 0.000000 -4.556984 0.000000 0.000000 1.000000 0.000000
0.960445 0.278470 0.000000 112.437649 -0.278470 0.960445 0.000000 -4.686296 0.000000 0.000000 1.000000 0.000000
0.960675 0.277674 0.000000 112.875534 -0.277674 0.960675 0.000000 -4.821933 0.000000 0.000000 1.000000 0.000000
0.960585 0.277987 0.000000 113.321348 -0.277987 0.960585 0.000000 -4.971716 0.000000 0.000000 1.000000 0.000000
0.960520 0.278211 0.000000 113.757002 -0.278211 0.960520 0.000000 -5.110264 0.000000 0.000000 1.000000 0.000000
0.959339 0.282257 0.000000 114.185227 -0.282257 0.959339 0.000000 -5.252902 0.000000 0.000000 1.000000 0.000000
0.959217 0.282671 0.000000 114.991908 -0.282671 0.959217 0.000000 -5.509707 0.000000 0.000000 1.000000 0.000000
0.959195 0.282745 0.000000 115.422022 -0.282745 0.959195 0.000000 -5.656924 0.000000 0.000000 1.000000 0.000000
0.958295 0.285780 0.000000 115.853313 -0.285780 0.958295 0.000000 -5.800264 0.000000 0.000000 1.000000 0.000000
0.958081 0.286498 0.000000 116.288972 -0.286498 0.958081 0.000000 -5.955639 0.000000 0.000000 1.000000 0.000000
0.957313 0.289053 0.000000 116.732880 -0.289053 0.957313 0.000000 -6.096420 0.000000 0.000000 1.000000 0.000000
0.956887 0.290459 0.000000 117.168232 -0.290459 0.956887 0.000000 -6.230394 0.000000 0.000000 1.000000 0.000000
0.956549 0.291572 0.000000 117.633612 -0.291572 0.956549 0.000000 -6.389565 0.000000 0.000000 1.000000 0.000000
0.955297 0.295649 0.000000 118.076863 -0.295649 0.955297 0.000000 -6.541284 0.000000 0.000000 1.000000 0.000000
0.953866 0.300232 0.000000 118.564859 -0.300232 0.953866 0.000000 -6.701044 0.000000 0.000000 1.000000 0.000000
0.952707 0.303892 0.000000 118.984258 -0.303892 0.952707 0.000000 -6.844941 0.000000 0.000000 1.000000 0.000000
0.952706 0.303895 0.000000 119.477681 -0.303895 0.952706 0.000000 -7.015725 0.000000 0.000000 1.000000 0.000000
0.952206 0.305456 0.000000 119.943607 -0.305456 0.952206 0.000000 -7.173291 0.000000 0.000000 1.000000 0.000000
0.952076 0.305863 0.000000 120.394128 -0.305863 0.952076 0.000000 -7.328440 0.000000 0.000000 1.000000 0.000000
0.953205 0.302324 0.000000 120.861319 -0.302324 0.953205 0.000000 -7.491366 0.000000 0.000000 1.000000 0.000000
0.952517 0.304485 0.000000 121.323394 -0.304485 0.952517 0.000000 -7.634920 0.000000 0.000000 1.000000 0.000000
0.952157 0.305610 0.000000 121.807821 -0.305610 0.952157 0.000000 -7.790729 0.000000 0.000000 1.000000 0.000000
0.951008 0.309167 0.000000 122.287981 -0.309167 0.951008 0.000000 -7.946693 0.000000 0.000000 1.000000 0.000000
0.948901 0.315573 0.000000 122.760066 -0.315573 0.948901 0.000000 -8.110703 0.000000 0.000000 1.000000 0.000000
0.947968 0.318366 0.000000 123.200182 -0.318366 0.947968 0.000000 -8.246181 0.000000 0.000000 1.000000 0.000000
0.947695 0.319178 0.000000 123.696693 -0.319178 0.947695 0.000000 -8.410387 0.000000 0.000000 1.000000 0.000000
0.946538 0.322592 0.000000 124.184354 -0.322592 0.946538 0.000000 -8.567205 0.000000 0.000000 1.000000 0.000000
0.946315 0.323245 0.000000 124.970758 -0.323245 0.946315 0.000000 -8.835344 0.000000 0.000000 1.000000 0.000000
0.946378 0.323063 0.000000 125.456855 -0.323063 0.946378 0.000000 -8.993772 0.000000 0.000000 1.000000 0.000000
0.950128 0.311859 0.000000 126.401143 -0.311859 0.950128 0.000000 -9.337583 0.000000 0.000000 1.000000 0.000000
0.951615 0.307291 0.000000 126.878715 -0.307291 0.951615 0.000000 -9.512383 0.000000 0.000000 1.000000 0.000000
0.952845 0.303459 0.000000 127.396515 -0.303459 0.952845 0.000000 -9.672660 0.000000 0.000000 1.000000 0.000000
0.953366 0.301817 0.000000 127.890674 -0.301817 0.953366 0.000000 -9.812912 0.000000 0.000000 1.000000 0.000000
0.954114 0.299442 0.000000 128.384926 -0.299442 0.954114 0.000000 -9.957272 0.000000 0.000000 1.000000 0.000000
0.952524 0.304464 0.000000 128.854833 -0.304464 0.952524 0.000000 -10.118193 0.000000 0.000000 1.000000 0.000000
0.953901 0.300122 0.000000 129.378813 -0.300122 0.953901 0.000000 -10.319210 0.000000 0.000000 1.000000 0.000000
0.952615 0.304179 0.000000 129.879745 -0.304179 0.952615 0.000000 -10.506139 0.000000 0.000000 1.000000 0.000000
0.951657 0.307163 0.000000 130.387105 -0.307163 0.951657 0.000000 -10.685655 0.000000 0.000000 1.000000 0.000000
0.951079 0.308947 0.000000 130.857293 -0.308947 0.951079 0.000000 -10.833657 0.000000 0.000000 1.000000 0.000000
0.950948 0.309351 0.000000 131.322707 -0.309351 0.950948 0.000000 -11.000952 0.000000 0.000000 1.000000 0.000000
0.950775 0.309882 0.000000 131.841620 -0.309882 0.950775 0.000000 -11.195569 0.000000 0.000000 1.000000 0.000000
0.950850 0.309652 0.000000 132.345387 -0.309652 0.950850 0.000000 -11.371611 0.000000 0.000000 1.000000 0.000000
0.950079 0.312010 0.000000 132.790085 -0.312010 0.950079 0.000000 -11.516475 0.000000 0.000000 1.000000 0.000000
0.951220 0.308513 0.000000 133.288384 -0.308513 0.951220 0.000000 -11.686115 0.000000 0.000000 1.000000 0.000000
0.950498 0.310730 0.000000 133.818178 -0.310730 0.950498 0.000000 -11.871479 0.000000 0.000000 1.000000 0.000000
0.949372 0.314155 0.000000 134.414987 -0.314155 0.949372 0.000000 -12.066919 0.000000 0.000000 1.000000 0.000000
0.949004 0.315265 0.000000 134.968061 -0.315265 0.949004 0.000000 -12.246278 0.000000 0.000000 1.000000 0.000000
0.946117 0.323824 0.000000 135.455359 -0.323824 0.946117 0.000000 -12.436377 0.000000 0.000000 1.000000 0.000000
0.946039 0.324053 0.000000 135.966043 -0.324053 0.946039 0.000000 -12.627478 0.000000 0.000000 1.000000 0.000000
0.944069 0.329749 0.000000 136.472277 -0.329749 0.944069 0.000000 -12.824558 0.000000 0.000000 1.000000 0.000000
0.943416 0.331611 0.000000 136.988953 -0.331611 0.943416 0.000000 -13.017521 0.000000 0.000000 1.000000 0.000000
0.941784 0.336219 0.000000 140.622504 -0.336219 0.941784 0.000000 -14.416824 0.000000 0.000000 1.000000 0.000000
0.941650 0.336595 0.000000 141.141921 -0.336595 0.941650 0.000000 -14.605712 0.000000 0.000000 1.000000 0.000000
0.946391 0.323023 0.000000 142.228709 -0.323023 0.946391 0.000000 -15.066593 0.000000 0.000000 1.000000 0.000000
0.944715 0.327892 0.000000 143.292604 -0.327892 0.944715 0.000000 -15.471845 0.000000 0.000000 1.000000 0.000000
0.944344 0.328959 0.000000 143.816806 -0.328959 0.944344 0.000000 -15.672528 0.000000 0.000000 1.000000 0.000000
0.943827 0.330439 0.000000 144.358279 -0.330439 0.943827 0.000000 -15.880182 0.000000 0.000000 1.000000 0.000000
0.943611 0.331057 0.000000 144.910669 -0.331057 0.943611 0.000000 -16.083629 0.000000 0.000000 1.000000 0.000000
0.943689 0.330834 0.000000 145.441089 -0.330834 0.943689 0.000000 -16.293170 0.000000 0.000000 1.000000 0.000000
0.944542 0.328390 0.000000 145.992533 -0.328390 0.944542 0.000000 -16.518885 0.000000 0.000000 1.000000 0.000000
0.943243 0.332105 0.000000 146.538162 -0.332105 0.943243 0.000000 -16.725499 0.000000 0.000000 1.000000 0.000000
0.942687 0.333678 0.000000 147.067986 -0.333678 0.942687 0.000000 -16.930462 0.000000 0.000000 1.000000 0.000000
0.943252 0.332077 0.000000 147.614158 -0.332077 0.943252 0.000000 -17.151844 0.000000 0.000000 1.000000 0.000000
0.942986 0.332832 0.000000 148.484076 -0.332832 0.942986 0.000000 -17.508649 0.000000 0.000000 1.000000 0.000000
0.941416 0.337246 0.000000 149.025137 -0.337246 0.941416 0.000000 -17.734478 0.000000 0.000000 1.000000 0.000000
0.941800 0.336175 0.000000 149.556733 -0.336175 0.941800 0.000000 -17.968166 0.000000 0.000000 1.000000 0.000000
0.940637 0.339413 0.000000 150.085542 -0.339413 0.940637 0.000000 -18.175216 0.000000 0.000000 1.000000 0.000000
0.938990 0.343945 0.000000 150.690376 -0.343945 0.938990 0.000000 -18.416135 0.000000 0.000000 1.000000 0.000000
0.937914 0.346867 0.000000 151.190082 -0.346867 0.937914 0.000000 -18.633068 0.000000 0.000000 1.000000 0.000000
0.937890 0.346933 0.000000 151.749051 -0.346933 0.937890 0.000000 -18.871367 0.000000 0.000000 1.000000 0.000000
0.938297 0.345829 0.000000 152.297586 -0.345829 0.938297 0.000000 -19.090731 0.000000 0.000000 1.000000 0.000000
0.938719 0.344684 0.000000 152.849286 -0.344684 0.938719 0.000000 -19.293860 0.000000 0.000000 1.000000 0.000000
0.938677 0.344797 0.000000 153.404815 -0.344797 0.938677 0.000000 -19.464551 0.000000 0.000000 1.000000 0.000000
0.938408 0.345529 0.000000 153.965801 -0.345529 0.938408 0.000000 -19.659640 0.000000 0.000000 1.000000 0.000000
0.939663 0.342101 0.000000 154.490471 -0.342101 0.939663 0.000000 -19.860650 0.000000 0.000000 1.000000 0.000000
0.940071 0.340979 0.000000 155.042101 -0.340979 0.940071 0.000000 -20.050414 0.000000 0.000000 1.000000 0.000000
0.940088 0.340932 0.000000 155.592953 -0.340932 0.940088 0.000000 -20.239143 0.000000 0.000000 1.000000 0.000000
0.940848 0.338829 0.000000 156.138676 -0.338829 0.940848 0.000000 -20.436524 0.000000 0.000000 1.000000 0.000000
0.940023 0.341110 0.000000 156.683486 -0.341110 0.940023 0.000000 -20.628643 0.000000 0.000000 1.000000 0.000000
0.939362 0.342928 0.000000 157.779351 -0.342928 0.939362 0.000000 -21.044431 0.000000 0.000000 1.000000 0.000000
0.939235 0.343274 0.000000 158.309564 -0.343274 0.939235 0.000000 -21.238816 0.000000 0.000000 1.000000 0.000000
0.940333 0.340254 0.000000 158.806826 -0.340254 0.940333 0.000000 -21.435601 0.000000 0.000000 1.000000 0.000000
0.938640 0.344898 0.000000 159.371797 -0.344898 0.938640 0.000000 -21.628880 0.000000 0.000000 1.000000 0.000000
0.938321 0.345767 0.000000 159.902137 -0.345767 0.938321 0.000000 -21.796068 0.000000 0.000000 1.000000 0.000000
0.939057 0.343761 0.000000 160.957224 -0.343761 0.939057 0.000000 -22.198698 0.000000 0.000000 1.000000 0.000000
0.939748 0.341867 0.000000 161.490670 -0.341867 0.939748 0.000000 -22.384063 0.000000 0.000000 1.000000 0.000000
0.939910 0.341422 0.000000 162.011936 -0.341422 0.939910 0.000000 -22.563358 0.000000 0.000000 1.000000 0.000000
0.939906 0.341434 0.000000 162.559939 -0.341434 0.939906 0.000000 -22.745652 0.000000 0.000000 1.000000 0.000000
0.940674 0.339312 0.000000 163.114502 -0.339312 0.940674 0.000000 -22.942996 0.000000 0.000000 1.000000 0.000000
0.940089 0.340930 0.000000 163.607951 -0.340930 0.940089 0.000000 -23.114461 0.000000 0.000000 1.000000 0.000000
0.938697 0.344743 0.000000 164.360961 -0.344743 0.938697 0.000000 -23.384349 0.000000 0.000000 1.000000 0.000000
0.938218 0.346044 0.000000 164.919421 -0.346044 0.938218 0.000000 -23.583111 0.000000 0.000000 1.000000 0.000000
0.937664 0.347542 0.000000 165.456912 -0.347542 0.937664 0.000000 -23.781214 0.000000 0.000000 1.000000 0.000000
0.935816 0.352488 0.000000 166.040711 -0.352488 0.935816 0.000000 -23.996110 0.000000 0.000000 1.000000 0.000000
0.936519 0.350616 0.000000 166.570797 -0.350616 0.936519 0.000000 -24.195419 0.000000 0.000000 1.000000 0.000000
0.937920 0.346851 0.000000 167.150336 -0.346851 0.937920 0.000000 -24.426015 0.000000 0.000000 1.000000 0.000000
0.936822 0.349806 0.000000 167.710531 -0.349806 0.936822 0.000000 -24.609152 0.000000 0.000000 1.000000 0.000000
0.937725 0.347380 0.000000 168.263393 -0.347380 0.937725 0.000000 -24.826039 0.000000 0.000000 1.000000 0.000000
0.936043 0.351884 0.000000 168.841874 -0.351884 0.936043 0.000000 -25.026742 0.000000 0.000000 1.000000 0.000000
0.937973 0.346708 0.000000 169.379516 -0.346708 0.937973 0.000000 -25.221674 0.000000 0.000000 1.000000 0.000000
0.938609 0.344982 0.000000 169.942820 -0.344982 0.938609 0.000000 -25.410463 0.000000 0.000000 1.000000 0.000000
0.938741 0.344623 0.000000 170.504285 -0.344623 0.938741 0.000000 -25.608212 0.000000 0.000000 1.000000 0.000000
0.939979 0.341231 0.000000 171.070251 -0.341231 0.939979 0.000000 -25.808027 0.000000 0.000000 1.000000 0.000000
0.942161 0.335162 0.000000 171.614588 -0.335162 0.942161 0.000000 -26.037512 0.000000 0.000000 1.000000 0.000000
0.942986 0.332832 0.000000 172.175595 -0.332832 0.942986 0.000000 -26.251800 0.000000 0.000000 1.000000 0.000000
0.942345 0.334642 0.000000 172.736535 -0.334642 0.942345 0.000000 -26.457829 0.000000 0.000000 1.000000 0.000000
0.942964 0.332895 0.000000 173.284771 -0.332895 0.942964 0.000000 -26.671023 0.000000 0.000000 1.000000 0.000000
0.941831 0.336086 0.000000 173.815774 -0.336086 0.941831 0.000000 -26.868596 0.000000 0.000000 1.000000 0.000000
0.941354 0.337419 0.000000 174.390248 -0.337419 0.941354 0.000000 -27.105424 0.000000 0.000000 1.000000 0.000000
0.941378 0.337354 0.000000 174.901322 -0.337354 0.941378 0.000000 -27.303912 0.000000 0.000000 1.000000 0.000000
0.941118 0.338078 0.000000 175.439015 -0.338078 0.941118 0.000000 -27.524950 0.000000 0.000000 1.000000 0.000000
0.940241 0.340510 0.000000 176.007476 -0.340510 0.940241 0.000000 -27.744015 0.000000 0.000000 1.000000 0.000000
0.939063 0.343745 0.000000 176.562138 -0.343745 0.939063 0.000000 -27.953762 0.000000 0.000000 1.000000 0.000000
0.936379 0.350990 0.000000 177.109702 -0.350990 0.936379 0.000000 -28.180925 0.000000 0.000000 1.000000 0.000000
0.936288 0.351233 0.000000 177.673547 -0.351233 0.936288 0.000000 -28.394347 0.000000 0.000000 1.000000 0.000000
0.936712 0.350101 0.000000 178.213022 -0.350101 0.936712 0.000000 -28.620723 0.000000 0.000000 1.000000 0.000000
0.937145 0.348941 0.000000 178.771541 -0.348941 0.937145 0.000000 -28.825467 0.000000 0.000000 1.000000 0.000000
0.936833 0.349777 0.000000 179.321080 -0.349777 0.936833 0.000000 -29.044039 0.000000 0.000000 1.000000 0.000000
0.936710 0.350105 0.000000 179.894586 -0.350105 0.936710 0.000000 -29.247579 0.000000 0.000000 1.000000 0.000000
0.937602 0.347711 0.000000 180.472093 -0.347711 0.937602 0.000000 -29.451069 0.000000 0.000000 1.000000 0.000000
0.938497 0.345287 0.000000 181.023039 -0.345287 0.938497 0.000000 -29.657220 0.000000 0.000000 1.000000 0.000000
0.938030 0.346555 0.000000 181.585932 -0.346555 0.938030 0.000000 -29.854066 0.000000 0.000000 1.000000 0.000000
0.937950 0.346771 0.000000 182.115125 -0.346771 0.937950 0.000000 -30.049009 0.000000 0.000000 1.000000 0.000000
0.938415 0.345511 0.000000 182.663573 -0.345511 0.938415 0.000000 -30.269010 0.000000 0.000000 1.000000 0.000000
0.937075 0.349129 0.000000 183.250998 -0.349129 0.937075 0.000000 -30.480035 0.000000 0.000000 1.000000 0.000000
0.937321 0.348466 0.000000 183.802490 -0.348466 0.937321 0.000000 -30.690078 0.000000 0.000000 1.000000 0.000000
0.938568 0.345095 0.000000 184.354476 -0.345095 0.938568 0.000000 -30.911884 0.000000 0.000000 1.000000 0.000000
0.937613 0.347680 0.000000 184.908407 -0.347680 0.937613 0.000000 -31.131855 0.000000 0.000000 1.000000 0.000000
0.939179 0.343427 0.000000 185.436465 -0.343427 0.939179 0.000000 -31.360225 0.000000 0.000000 1.000000 0.000000
0.939432 0.342735 0.000000 185.973594 -0.342735 0.939432 0.000000 -31.576407 0.000000 0.000000 1.000000 0.000000
0.938755 0.344584 0.000000 186.525844 -0.344584 0.938755 0.000000 -31.804272 0.000000 0.000000 1.000000 0.000000
0.938885 0.344231 0.000000 187.048468 -0.344231 0.938885 0.000000 -32.016301 0.000000 0.000000 1.000000 0.000000
0.938729 0.344656 0.000000 187.629311 -0.344656 0.938729 0.000000 -32.249089 0.000000 0.000000 1.000000 0.000000
0.938419 0.345499 0.000000 188.172492 -0.345499 0.938419 0.000000 -32.463691 0.000000 0.000000 1.000000 0.000000
0.937532 0.347898 0.000000 188.976326 -0.347898 0.937532 0.000000 -32.786768 0.000000 0.000000 1.000000 0.000000
0.936871 0.349675 0.000000 189.550687 -0.349675 0.936871 0.000000 -33.012295 0.000000 0.000000 1.000000 0.000000
0.936170 0.351547 0.000000 190.100211 -0.351547 0.936170 0.000000 -33.223884 0.000000 0.000000 1.000000 0.000000
0.936645 0.350281 0.000000 190.652496 -0.350281 0.936645 0.000000 -33.443004 0.000000 0.000000 1.000000 0.000000
0.936482 0.350715 0.000000 191.202479 -0.350715 0.936482 0.000000 -33.635761 0.000000 0.000000 1.000000 0.000000
0.937509 0.347962 0.000000 191.768027 -0.347962 0.937509 0.000000 -33.853333 0.000000 0.000000 1.000000 0.000000
0.939057 0.343761 0.000000 192.328095 -0.343761 0.939057 0.000000 -34.069606 0.000000 0.000000 1.000000 0.000000
0.939263 0.343197 0.000000 192.896610 -0.343197 0.939263 0.000000 -34.278905 0.000000 0.000000 1.000000 0.000000
0.939705 0.341986 0.000000 193.383129 -0.341986 0.939705 0.000000 -34.457507 0.000000 0.000000 1.000000 0.000000
0.939448 0.342692 0.000000 194.315838 -0.342692 0.939448 0.000000 -34.816220 0.000000 0.000000 1.000000 0.000000
0.939602 0.342270 0.000000 194.873529 -0.342270 0.939602 0.000000 -35.020946 0.000000 0.000000 1.000000 0.000000
0.939295 0.343112 0.000000 195.591855 -0.343112 0.939295 0.000000 -35.294912 0.000000 0.000000 1.000000 0.000000
0.938841 0.344351 0.000000 196.278156 -0.344351 0.938841 0.000000 -35.560798 0.000000 0.000000 1.000000 0.000000
0.938028 0.346559 0.000000 197.236802 -0.346559 0.938028 0.000000 -35.927986 0.000000 0.000000 1.000000 0.000000
0.938420 0.345497 0.000000 197.783678 -0.345497 0.938420 0.000000 -36.128729 0.000000 0.000000 1.000000 0.000000
0.938923 0.344129 0.000000 198.347913 -0.344129 0.938923 0.000000 -36.344561 0.000000 0.000000 1.000000 0.000000
0.938949 0.344056 0.000000 198.890662 -0.344056 0.938949 0.000000 -36.553306 0.000000 0.000000 1.000000 0.000000
0.938886 0.344228 0.000000 199.409236 -0.344228 0.938886 0.000000 -36.747244 0.000000 0.000000 1.000000 0.000000
0.940398 0.340075 0.000000 199.973112 -0.340075 0.940398 0.000000 -36.955324 0.000000 0.000000 1.000000 0.000000
0.939769 0.341810 0.000000 200.499281 -0.341810 0.939769 0.000000 -37.160687 0.000000 0.000000 1.000000 0.000000
0.939777 0.341787 0.000000 201.271904 -0.341787 0.939777 0.000000 -37.468495 0.000000 0.000000 1.000000 0.000000
0.940510 0.339766 0.000000 201.834527 -0.339766 0.940510 0.000000 -37.679529 0.000000 0.000000 1.000000 0.000000
0.940731 0.339152 0.000000 202.383342 -0.339152 0.940731 0.000000 -37.877693 0.000000 0.000000 1.000000 0.000000
0.940769 0.339049 0.000000 202.950898 -0.339049 0.940769 0.000000 -38.085768 0.000000 0.000000 1.000000 0.000000
0.942202 0.335046 0.000000 203.516788 -0.335046 0.942202 0.000000 -38.288690 0.000000 0.000000 1.000000 0.000000
0.942274 0.334843 0.000000 204.017512 -0.334843 0.942274 0.000000 -38.474512 0.000000 0.000000 1.000000 0.000000
0.942169 0.335137 0.000000 204.626447 -0.335137 0.942169 0.000000 -38.680655 0.000000 0.000000 1.000000 0.000000
0.942879 0.333135 0.000000 205.136065 -0.333135 0.942879 0.000000 -38.864231 0.000000 0.000000 1.000000 0.000000
0.942750 0.333501 0.000000 205.731404 -0.333501 0.942750 0.000000 -39.085620 0.000000 0.000000 1.000000 0.000000
0.943109 0.332483 0.000000 206.268240 -0.332483 0.943109 0.000000 -39.290973 0.000000 0.000000 1.000000 0.000000
0.942461 0.334316 0.000000 206.803577 -0.334316 0.942461 0.000000 -39.488657 0.000000 0.000000 1.000000 0.000000
0.942718 0.333591 0.000000 207.346662 -0.333591 0.942718 0.000000 -39.693624 0.000000 0.000000 1.000000 0.000000
0.942159 0.335166 0.000000 207.881461 -0.335166 0.942159 0.000000 -39.885793 0.000000 0.000000 1.000000 0.000000
