1.000000 -0.000676 0.000000 0.631341 0.000676 1.000000 0.000000 -0.015899 0.000000 0.000000 1.000000 0.000000
0.999992 -0.004021 0.000000 1.259971 0.004021 0.999992 0.000000 -0.030833 0.000000 0.000000 1.000000 0.000000
0.999997 0.002428 0.000000 2.519537 -0.002428 0.999997 0.000000 -0.053133 0.000000 0.000000 1.000000 0.000000
1.000000 0.000980 0.000000 3.146770 -0.000980 1.000000 0.000000 -0.069769 0.000000 0.000000 1.000000 0.000000
0.999990 -0.004504 0.000000 3.771303 0.004504 0.999990 0.000000 -0.084407 0.000000 0.000000 1.000000 0.000000
0.999993 -0.003756 0.000000 4.400307 0.003756 0.999993 0.000000 -0.091264 0.000000 0.000000 1.000000 0.000000
0.999985 -0.005549 0.000000 5.071584 0.005549 0.999985 0.000000 -0.104274 0.000000 0.000000 1.000000 0.000000
0.999989 -0.004787 0.000000 5.692477 0.004787 0.999989 0.000000 -0.125478 0.000000 0.000000 1.000000 0.000000
0.999988 -0.004805 0.000000 6.316498 0.004805 0.999988 0.000000 -0.139307 0.000000 0.000000 1.000000 0.000000
0.999991 -0.004291 0.000000 6.932406 0.004291 0.999991 0.000000 -0.142182 0.000000 0.000000 1.000000 0.000000
0.999980 -0.006251 0.000000 7.561099 0.006251 0.999980 0.000000 -0.155103 0.000000 0.000000 1.000000 0.000000
0.999968 -0.008037 0.000000 8.181853 0.008037 0.999968 0.000000 -0.160580 0.000000 0.000000 1.000000 0.000000
0.999978 -0.006613 0.000000 8.810786 0.006613 0.999978 0.000000 -0.170145 0.000000 0.000000 1.000000 0.000000
0.999971 -0.007619 0.000000 9.425378 0.007619 0.999971 0.000000 -0.189587 0.000000 0.000000 1.000000 0.000000
0.999979 -0.006525 0.000000 10.073792 0.006525 0.999979 0.000000 -0.195423 0.000000 0.000000 1.000000 0.000000
0.999973 -0.007363 0.000000 10.652000 0.007363 0.999973 0.000000 -0.207444 0.000000 0.000000 1.000000 0.000000
0.999973 -0.007313 0.000000 11.277964 0.007313 0.999973 0.000000 -0.213910 0.000000 0.000000 1.000000 0.000000
0.999979 -0.006464 0.000000 11.901841 0.006464 0.999979 0.000000 -0.228380 0.000000 0.000000 1.000000 0.000000
0.999940 -0.010974 0.000000 12.553086 0.010974 0.999940 0.000000 -0.245042 0.000000 0.000000 1.000000 0.000000
0.999928 -0.012032 0.000000 13.171594 0.012032 0.999928 0.000000 -0.250169 0.000000 0.000000 1.000000 0.000000
0.999820 -0.018949 0.000000 13.803276 0.018949 0.999820 0.000000 -0.262544 0.000000 0.000000 1.000000 0.000000
0.999817 -0.019152 0.000000 14.422723 0.019152 0.999817 0.000000 -0.260379 0.000000 0.000000 1.000000 0.000000
0.999871 -0.016077 0.000000 15.052963 0.016077 0.999871 0.000000 -0.265505 0.000000 0.000000 1.000000 0.000000
0.999831 -0.018368 0.000000 15.669481 0.018368 0.999831 0.000000 -0.270090 0.000000 0.000000 1.000000 0.000000
0.999845 -0.017625 0.000000 16.273199 0.017625 0.999845 0.000000 -0.274443 0.000000 0.000000 1.000000 0.000000
0.999837 -0.018036 0.000000 16.897316 0.018036 0.999837 0.000000 -0.274451 0.000000 0.000000 1.000000 0.000000
0.999850 -0.017294 0.000000 17.522213 0.017294 0.999850 0.000000 -0.273981 0.000000 0.000000 1.000000 0.000000
0.999873 -0.015912 0.000000 18.108666 0.015912 0.999873 0.000000 -0.272564 0.000000 0.000000 1.000000 0.000000
0.999838 -0.017998 0.000000 18.738198 0.017998 0.999838 0.000000 -0.277427 0.000000 0.000000 1.000000 0.000000
0.999802 -0.019878 0.000000 19.345633 0.019878 0.999802 0.000000 -0.278697 0.000000 0.000000 1.000000 0.000000
0.999766 -0.021615 0.000000 19.938749 0.021615 0.999766 0.000000 -0.279947 0.000000 0.000000 1.000000 0.000000
0.999756 -0.022104 0.000000 20.571913 0.022104 0.999756 0.000000 -0.283032 0.000000 0.000000 1.000000 0.000000
0.999767 -0.021575 0.000000 21.209446 0.021575 0.999767 0.000000 -0.285660 0.000000 0.000000 1.000000 0.000000
0.999778 -0.021073 0.000000 21.836121 0.021073 0.999778 0.000000 -0.285383 0.000000 0.000000 1.000000 0.000000
0.999821 -0.018930 0.000000 22.427286 0.018930 0.999821 0.000000 -0.287078 0.000000 0.000000 1.000000 0.000000
0.999899 -0.014211 0.000000 23.059786 0.014211 0.999899 0.000000 -0.291501 0.000000 0.000000 1.000000 0.000000
0.999928 -0.011974 0.000000 23.646969 0.011974 0.999928 0.000000 -0.297844 0.000000 0.000000 1.000000 0.000000
0.999947 -0.010324 0.000000 24.275308 0.010324 0.999947 0.000000 -0.308256 0.000000 0.000000 1.000000 0.000000
0.999938 -0.011123 0.000000 24.909985 0.011123 0.999938 0.000000 -0.317928 0.000000 0.000000 1.000000 0.000000
0.999932 -0.011646 0.000000 25.730867 0.011646 0.999932 0.000000 -0.332141 0.000000 0.000000 1.000000 0.000000
0.999953 -0.009672 0.000000 26.370086 0.009672 0.999953 0.000000 -0.330772 0.000000 0.000000 1.000000 0.000000
0.999963 -0.008567 0.000000 27.006812 0.008567 0.999963 0.000000 -0.331435 0.000000 0.000000 1.000000 0.000000
0.999972 -0.007454 0.000000 27.643610 0.007454 0.999972 0.000000 -0.334108 0.000000 0.000000 1.000000 0.000000
0.999984 -0.005681 0.000000 28.275451 0.005681 0.999984 0.000000 -0.337653 0.000000 0.000000 1.000000 0.000000
0.999974 -0.007223 0.000000 28.921170 0.007223 0.999974 0.000000 -0.347914 0.000000 0.000000 1.000000 0.000000
0.999993 -0.003632 0.000000 29.555037 0.003632 0.999993 0.000000 -0.351992 0.000000 0.000000 1.000000 0.000000
0.999998 -0.001840 0.000000 30.201387 0.001840 0.999998 0.000000 -0.362814 0.000000 0.000000 1.000000 0.000000
0.999998 0.001920 0.000000 30.831930 -0.001920 0.999998 0.000000 -0.372024 0.000000 0.000000 1.000000 0.000000
1.000000 0.000837 0.000000 31.475683 -0.000837 1.000000 0.000000 -0.396895 0.000000 0.000000 1.000000 0.000000
0.999988 0.004946 0.000000 32.118775 -0.004946 0.999988 0.000000 -0.406507 0.000000 0.000000 1.000000 0.000000
0.999993 0.003727 0.000000 32.758031 -0.003727 0.999993 0.000000 -0.431495 0.000000 0.000000 1.000000 0.000000
0.999987 0.005083 0.000000 33.394531 -0.005083 0.999987 0.000000 -0.446532 0.000000 0.000000 1.000000 0.000000
0.999981 0.006105 0.000000 34.016740 -0.006105 0.999981 0.000000 -0.462216 0.000000 0.000000 1.000000 0.000000
0.999987 0.005056 0.000000 34.605491 -0.005056 0.999987 0.000000 -0.486643 0.000000 0.000000 1.000000 0.000000
0.999979 0.006472 0.000000 35.241848 -0.006472 0.999979 0.000000 -0.512370 0.000000 0.000000 1.000000 0.000000
0.999948 0.010243 0.000000 35.872659 -0.010243 0.999948 0.000000 -0.527637 0.000000 0.000000 1.000000 0.000000
0.999949 0.010056 0.000000 36.514546 -0.010056 0.999949 0.000000 -0.552388 0.000000 0.000000 1.000000 0.000000
0.999958 0.009186 0.000000 37.159527 -0.009186 0.999958 0.000000 -0.576442 0.000000 0.000000 1.000000 0.000000
0.999952 0.009755 0.000000 37.793852 -0.009755 0.999952 0.000000 -0.592237 0.000000 0.000000 1.000000 0.000000
0.999948 0.010198 0.000000 38.436307 -0.010198 0.999948 0.000000 -0.611910 0.000000 0.000000 1.000000 0.000000
0.999953 0.009683 0.000000 39.076501 -0.009683 0.999953 0.000000 -0.628580 0.000000 0.000000 1.000000 0.000000
0.999949 0.010145 0.000000 39.720869 -0.010145 0.999949 0.000000 -0.638776 0.000000 0.000000 1.000000 0.000000
0.999921 0.012562 0.000000 40.361225 -0.012562 0.999921 0.000000 -0.653942 0.000000 0.000000 1.000000 0.000000
0.999917 0.012908 0.000000 41.012813 -0.012908 0.999917 0.000000 -0.674547 0.000000 0.000000 1.000000 0.000000
0.999936 0.011302 0.000000 41.621568 -0.011302 0.999936 0.000000 -0.696060 0.000000 0.000000 1.000000 0.000000
0.999919 0.012735 0.000000 42.273200 -0.012735 0.999919 0.000000 -0.710009 0.000000 0.000000 1.000000 0.000000
0.999955 0.009497 0.000000 42.925263 -0.009497 0.999955 0.000000 -0.730208 0.000000 0.000000 1.000000 0.000000
0.999924 0.012289 0.000000 43.582772 -0.012289 0.999924 0.000000 -0.747319 0.000000 0.000000 1.000000 0.000000
0.999962 0.008720 0.000000 44.242006 -0.008720 0.999962 0.000000 -0.766683 0.000000 0.000000 1.000000 0.000000
0.999978 0.006649 0.000000 44.895264 -0.006649 0.999978 0.000000 -0.786567 0.000000 0.000000 1.000000 0.000000
0.999976 0.006913 0.000000 45.511045 -0.006913 0.999976 0.000000 -0.798619 0.000000 0.000000 1.000000 0.000000
0.999968 0.007943 0.000000 46.167371 -0.007943 0.999968 0.000000 -0.810189 0.000000 0.000000 1.000000 0.000000
0.999940 0.010922 0.000000 46.821306 -0.010922 0.999940 0.000000 -0.826630 0.000000 0.000000 1.000000 0.000000
0.999924 0.012335 0.000000 47.483927 -0.012335 0.999924 0.000000 -0.848012 0.000000 0.000000 1.000000 0.000000
0.999908 0.013539 0.000000 48.144630 -0.013539 0.999908 0.000000 -0.867038 0.000000 0.000000 1.000000 0.000000
0.999962 0.008708 0.000000 48.804221 -0.008708 0.999962 0.000000 -0.887168 0.000000 0.000000 1.000000 0.000000
0.999926 0.012128 0.000000 49.839127 -0.012128 0.999926 0.000000 -0.926158 0.000000 0.000000 1.000000 0.000000
0.999939 0.011039 0.000000 50.526512 -0.011039 0.999939 0.000000 -0.944443 0.000000 0.000000 1.000000 0.000000
0.999951 0.009852 0.000000 51.164731 -0.009852 0.999951 0.000000 -0.957509 0.000000 0.000000 1.000000 0.000000
0.999958 0.009143 0.000000 51.828387 -0.009143 0.999958 0.000000 -0.973332 0.000000 0.000000 1.000000 0.000000
0.999958 0.009167 0.000000 52.485334 -0.009167 0.999958 0.000000 -0.996392 0.000000 0.000000 1.000000 0.000000
0.999954 0.009590 0.000000 53.137616 -0.009590 0.999954 0.000000 -1.015486 0.000000 0.000000 1.000000 0.000000
0.999974 0.007194 0.000000 53.789556 -0.007194 0.999974 0.000000 -1.033258 0.000000 0.000000 1.000000 0.000000
0.999974 0.007238 0.000000 54.439128 -0.007238 0.999974 0.000000 -1.055653 0.000000 0.000000 1.000000 0.000000
0.999982 0.005946 0.000000 55.779815 -0.005946 0.999982 0.000000 -1.087030 0.000000 0.000000 1.000000 0.000000
0.999990 0.004563 0.000000 56.426088 -0.004563 0.999990 0.000000 -1.099966 0.000000 0.000000 1.000000 0.000000
1.000000 0.000983 0.000000 57.064720 -0.000983 1.000000 0.000000 -1.113562 0.000000 0.000000 1.000000 0.000000
1.000000 0.000492 0.000000 57.705963 -0.000492 1.000000 0.000000 -1.131125 0.000000 0.000000 1.000000 0.000000
0.999998 0.001848 0.000000 58.337346 -0.001848 0.999998 0.000000 -1.150645 0.000000 0.000000 1.000000 0.000000
0.999995 0.003302 0.000000 59.010931 -0.003302 0.999995 0.000000 -1.174261 0.000000 0.000000 1.000000 0.000000
0.999997 0.002368 0.000000 59.645302 -0.002368 0.999997 0.000000 -1.193314 0.000000 0.000000 1.000000 0.000000
0.999991 0.004327 0.000000 60.249626 -0.004327 0.999991 0.000000 -1.204809 0.000000 0.000000 1.000000 0.000000
0.999983 0.005783 0.000000 60.887177 -0.005783 0.999983 0.000000 -1.218520 0.000000 0.000000 1.000000 0.000000
0.999977 0.006852 0.000000 61.478894 -0.006852 0.999977 0.000000 -1.235735 0.000000 0.000000 1.000000 0.000000
0.999966 0.008265 0.000000 62.110465 -0.008265 0.999966 0.000000 -1.258127 0.000000 0.000000 1.000000 0.000000
0.999963 0.008634 0.000000 62.733680 -0.008634 0.999963 0.000000 -1.280422 0.000000 0.000000 1.000000 0.000000
0.999967 0.008184 0.000000 63.316887 -0.008184 0.999967 0.000000 -1.297774 0.000000 0.000000 1.000000 0.000000
0.999968 0.007982 0.000000 63.938919 -0.007982 0.999968 0.000000 -1.313297 0.000000 0.000000 1.000000 0.000000
0.999980 0.006296 0.000000 64.555852 -0.006296 0.999980 0.000000 -1.334272 0.000000 0.000000 1.000000 0.000000
0.999977 0.006807 0.000000 65.132148 -0.006807 0.999977 0.000000 -1.352770 0.000000 0.000000 1.000000 0.000000
0.999983 0.005807 0.000000 65.746834 -0.005807 0.999983 0.000000 -1.370959 0.000000 0.000000 1.000000 0.000000
0.999981 0.006226 0.000000 66.320740 -0.006226 0.999981 0.000000 -1.383929 0.000000 0.000000 1.000000 0.000000
0.999950 0.010038 0.000000 66.940501 -0.010038 0.999950 0.000000 -1.396008 0.000000 0.000000 1.000000 0.000000
0.999946 0.010362 0.000000 67.550997 -0.010362 0.999946 0.000000 -1.416423 0.000000 0.000000 1.000000 0.000000
0.999939 0.011083 0.000000 68.391371 -0.011083 0.999939 0.000000 -1.445956 0.000000 0.000000 1.000000 0.000000
0.999931 0.011715 0.000000 68.998198 -0.011715 0.999931 0.000000 -1.467216 0.000000 0.000000 1.000000 0.000000
0.999910 0.013384 0.000000 69.609439 -0.013384 0.999910 0.000000 -1.488830 0.000000 0.000000 1.000000 0.000000
0.999956 0.009328 0.000000 70.212561 -0.009328 0.999956 0.000000 -1.505441 0.000000 0.000000 1.000000 0.000000
0.999950 0.009952 0.000000 70.812550 -0.009952 0.999950 0.000000 -1.522767 0.000000 0.000000 1.000000 0.000000
0.999979 0.006497 0.000000 71.404597 -0.006497 0.999979 0.000000 -1.536398 0.000000 0.000000 1.000000 0.000000
0.999987 0.005037 0.000000 72.037824 -0.005037 0.999987 0.000000 -1.557945 0.000000 0.000000 1.000000 0.000000
0.999986 0.005217 0.000000 72.626529 -0.005217 0.999986 0.000000 -1.570639 0.000000 0.000000 1.000000 0.000000
0.999990 0.004414 0.000000 73.220447 -0.004414 0.999990 0.000000 -1.586909 0.000000 0.000000 1.000000 0.000000
0.999968 0.008003 0.000000 74.403431 -0.008003 0.999968 0.000000 -1.628945 0.000000 0.000000 1.000000 0.000000
0.999977 0.006774 0.000000 74.991092 -0.006774 0.999977 0.000000 -1.640949 0.000000 0.000000 1.000000 0.000000
0.999963 0.008567 0.000000 75.570583 -0.008567 0.999963 0.000000 -1.652948 0.000000 0.000000 1.000000 0.000000
0.999942 0.010802 0.000000 76.151373 -0.010802 0.999942 0.000000 -1.683945 0.000000 0.000000 1.000000 0.000000
0.999941 0.010857 0.000000 76.730371 -0.010857 0.999941 0.000000 -1.708705 0.000000 0.000000 1.000000 0.000000
0.999915 0.013076 0.000000 77.305308 -0.013076 0.999915 0.000000 -1.730233 0.000000 0.000000 1.000000 0.000000
0.999922 0.012496 0.000000 77.872929 -0.012496 0.999922 0.000000 -1.763703 0.000000 0.000000 1.000000 0.000000
0.999946 0.010433 0.000000 78.442274 -0.010433 0.999946 0.000000 -1.784826 0.000000 0.000000 1.000000 0.000000
0.999953 0.009679 0.000000 79.006116 -0.009679 0.999953 0.000000 -1.808558 0.000000 0.000000 1.000000 0.000000
0.999945 0.010450 0.000000 79.564596 -0.010450 0.999945 0.000000 -1.828637 0.000000 0.000000 1.000000 0.000000
0.999946 0.010405 0.000000 80.117930 -0.010405 0.999946 0.000000 -1.848111 0.000000 0.000000 1.000000 0.000000
0.999949 0.010137 0.000000 80.669423 -0.010137 0.999949 0.000000 -1.866920 0.000000 0.000000 1.000000 0.000000
0.999946 0.010407 0.000000 81.208720 -0.010407 0.999946 0.000000 -1.886710 0.000000 0.000000 1.000000 0.000000
0.999923 0.012433 0.000000 81.725045 -0.012433 0.999923 0.000000 -1.900447 0.000000 0.000000 1.000000 0.000000
0.999900 0.014162 0.000000 82.266657 -0.014162 0.999900 0.000000 -1.913249 0.000000 0.000000 1.000000 0.000000
0.999856 0.016944 0.000000 82.789421 -0.016944 0.999856 0.000000 -1.926862 0.000000 0.000000 1.000000 0.000000
0.999801 0.019930 0.000000 83.292571 -0.019930 0.999801 0.000000 -1.938359 0.000000 0.000000 1.000000 0.000000
0.999813 0.019339 0.000000 83.824993 -0.019339 0.999813 0.000000 -1.963935 0.000000 0.000000 1.000000 0.000000
0.999821 0.018933 0.000000 84.350146 -0.018933 0.999821 0.000000 -1.989442 0.000000 0.000000 1.000000 0.000000
0.999819 0.019017 0.000000 84.845941 -0.019017 0.999819 0.000000 -2.013168 0.000000 0.000000 1.000000 0.000000
0.999802 0.019880 0.000000 85.374926 -0.019880 0.999802 0.000000 -2.041137 0.000000 0.000000 1.000000 0.000000
0.999759 0.021940 0.000000 85.888511 -0.021940 0.999759 0.000000 -2.063025 0.000000 0.000000 1.000000 0.000000
0.999783 0.020852 0.000000 86.379065 -0.020852 0.999783 0.000000 -2.084913 0.000000 0.000000 1.000000 0.000000
0.999772 0.021341 0.000000 86.900133 -0.021341 0.999772 0.000000 -2.108487 0.000000 0.000000 1.000000 0.000000
0.999748 0.022465 0.000000 87.414373 -0.022465 0.999748 0.000000 -2.123169 0.000000 0.000000 1.000000 0.000000
0.999701 0.024458 0.000000 87.899437 -0.024458 0.999701 0.000000 -2.145287 0.000000 0.000000 1.000000 0.000000
0.999683 0.025161 0.000000 88.410040 -0.025161 0.999683 0.000000 -2.173734 0.000000 0.000000 1.000000 0.000000
0.999677 0.025418 0.000000 88.890309 -0.025418 0.999677 0.000000 -2.202032 0.000000 0.000000 1.000000 0.000000
0.999615 0.027736 0.000000 89.393868 -0.027736 0.999615 0.000000 -2.229749 0.000000 0.000000 1.000000 0.000000
0.999612 0.027869 0.000000 90.055878 -0.027869 0.999612 0.000000 -2.263055 0.000000 0.000000 1.000000 0.000000
0.999622 0.027510 0.000000 90.555658 -0.027510 0.999622 0.000000 -2.288220 0.000000 0.000000 1.000000 0.000000
0.999612 0.027841 0.000000 91.062560 -0.027841 0.999612 0.000000 -2.314628 0.000000 0.000000 1.000000 0.000000
0.999584 0.028826 0.000000 91.552123 -0.028826 0.999584 0.000000 -2.342762 0.000000 0.000000 1.000000 0.000000
0.999606 0.028061 0.000000 92.044855 -0.028061 0.999606 0.000000 -2.366702 0.000000 0.000000 1.000000 0.000000
0.999645 0.026634 0.000000 92.538795 -0.026634 0.999645 0.000000 -2.406395 0.000000 0.000000 1.000000 0.000000
0.999651 0.026407 0.000000 93.012546 -0.026407 0.999651 0.000000 -2.433805 0.000000 0.000000 1.000000 0.000000
0.999489 0.031958 0.000000 93.971792 -0.031958 0.999489 0.000000 -2.491645 0.000000 0.000000 1.000000 0.000000
0.999390 0.034915 0.000000 94.450215 -0.034915 0.999390 0.000000 -2.520112 0.000000 0.000000 1.000000 0.000000
0.999320 0.036869 0.000000 94.928491 -0.036869 0.999320 0.000000 -2.550981 0.000000 0.000000 1.000000 0.000000
0.999179 0.040514 0.000000 95.394603 -0.040514 0.999179 0.000000 -2.581421 0.000000 0.000000 1.000000 0.000000
0.999130 0.041698 0.000000 95.875357 -0.041698 0.999130 0.000000 -2.615812 0.000000 0.000000 1.000000 0.000000
0.999007 0.044563 0.000000 96.340982 -0.044563 0.999007 0.000000 -2.645231 0.000000 0.000000 1.000000 0.000000
0.998942 0.045993 0.000000 96.814550 -0.045993 0.998942 0.000000 -2.688506 0.000000 0.000000 1.000000 0.000000
0.998785 0.049281 0.000000 97.282703 -0.049281 0.998785 0.000000 -2.717773 0.000000 0.000000 1.000000 0.000000
0.998511 0.054556 0.000000 97.754987 -0.054556 0.998511 0.000000 -2.746616 0.000000 0.000000 1.000000 0.000000
0.998377 0.056947 0.000000 98.226652 -0.056947 0.998377 0.000000 -2.783653 0.000000 0.000000 1.000000 0.000000
0.998235 0.059386 0.000000 98.654981 -0.059386 0.998235 0.000000 -2.823846 0.000000 0.000000 1.000000 0.000000
0.998124 0.061228 0.000000 99.100963 -0.061228 0.998124 0.000000 -2.861475 0.000000 0.000000 1.000000 0.000000
0.998042 0.062546 0.000000 99.540140 -0.062546 0.998042 0.000000 -2.900668 0.000000 0.000000 1.000000 0.000000
0.998014 0.062990 0.000000 99.980701 -0.062990 0.998014 0.000000 -2.950487 0.000000 0.000000 1.000000 0.000000
0.997796 0.066356 0.000000 100.399775 -0.066356 0.997796 0.000000 -2.992660 0.000000 0.000000 1.000000 0.000000
0.997686 0.067986 0.000000 100.825967 -0.067986 0.997686 0.000000 -3.026455 0.000000 0.000000 1.000000 0.000000
0.997226 0.074433 0.000000 101.245552 -0.074433 0.997226 0.000000 -3.072641 0.000000 0.000000 1.000000 0.000000
0.996885 0.078870 0.000000 101.655575 -0.078870 0.996885 0.000000 -3.111684 0.000000 0.000000 1.000000 0.000000
0.996881 0.078925 0.000000 102.066087 -0.078925 0.996881 0.000000 -3.146941 0.000000 0.000000 1.000000 0.000000
0.997033 0.076971 0.000000 102.472699 -0.076971 0.997033 0.000000 -3.190255 0.000000 0.000000 1.000000 0.000000
0.996809 0.079826 0.000000 102.865112 -0.079826 0.996809 0.000000 -3.223016 0.000000 0.000000 1.000000 0.000000
0.996872 0.079039 0.000000 103.260754 -0.079039 0.996872 0.000000 -3.277775 0.000000 0.000000 1.000000 0.000000
0.996387 0.084931 0.000000 103.641581 -0.084931 0.996387 0.000000 -3.304855 0.000000 0.000000 1.000000 0.000000
0.995936 0.090068 0.000000 104.041595 -0.090068 0.995936 0.000000 -3.343023 0.000000 0.000000 1.000000 0.000000
0.996064 0.088638 0.000000 104.436283 -0.088638 0.996064 0.000000 -3.392420 0.000000 0.000000 1.000000 0.000000
0.995743 0.092169 0.000000 104.810977 -0.092169 0.995743 0.000000 -3.437889 0.000000 0.000000 1.000000 0.000000
0.995367 0.096146 0.000000 105.216831 -0.096146 0.995367 0.000000 -3.492984 0.000000 0.000000 1.000000 0.000000
0.994879 0.101070 0.000000 105.619666 -0.101070 0.994879 0.000000 -3.531715 0.000000 0.000000 1.000000 0.000000
0.994370 0.105962 0.000000 106.185569 -0.105962 0.994370 0.000000 -3.599036 0.000000 0.000000 1.000000 0.000000
0.994116 0.108321 0.000000 106.592997 -0.108321 0.994116 0.000000 -3.650650 0.000000 0.000000 1.000000 0.000000
0.993884 0.110428 0.000000 107.005524 -0.110428 0.993884 0.000000 -3.712215 0.000000 0.000000 1.000000 0.000000
0.993643 0.112576 0.000000 107.427503 -0.112576 0.993643 0.000000 -3.771676 0.000000 0.000000 1.000000 0.000000
0.993361 0.115035 0.000000 107.843573 -0.115035 0.993361 0.000000 -3.837822 0.000000 0.000000 1.000000 0.000000
0.993184 0.116554 0.000000 108.265108 -0.116554 0.993184 0.000000 -3.892531 0.000000 0.000000 1.000000 0.000000
0.993219 0.116262 0.000000 108.685998 -0.116262 0.993219 0.000000 -3.956146 0.000000 0.000000 1.000000 0.000000
0.992867 0.119230 0.000000 109.108603 -0.119230 0.992867 0.000000 -4.018869 0.000000 0.000000 1.000000 0.000000
0.991738 0.128283 0.000000 109.839190 -0.128283 0.991738 0.000000 -4.133560 0.000000 0.000000 1.000000 0.000000
0.991817 0.127670 0.000000 110.266451 -0.127670 0.991817 0.000000 -4.214105 0.000000 0.000000 1.000000 0.000000
0.991919 0.126876 0.000000 110.705737 -0.126876 0.991919 0.000000 -4.283699 0.000000 0.000000 1.000000 0.000000
0.991797 0.127820 0.000000 111.144147 -0.127820 0.991797 0.000000 -4.352172 0.000000 0.000000 1.000000 0.000000
0.991923 0.126843 0.000000 111.586866 -0.126843 0.991923 0.000000 -4.410552 0.000000 0.000000 1.000000 0.000000
0.991468 0.130347 0.000000 112.024124 -0.130347 0.991468 0.000000 -4.465802 0.000000 0.000000 1.000000 0.000000
0.991450 0.130490 0.000000 112.469745 -0.130490 0.991450 0.000000 -4.529259 0.000000 0.000000 1.000000 0.000000
0.991565 0.129610 0.000000 112.914221 -0.129610 0.991565 0.000000 -4.593394 0.000000 0.000000 1.000000 0.000000
0.991579 0.129500 0.000000 113.357437 -0.129500 0.991579 0.000000 -4.657487 0.000000 0.000000 1.000000 0.000000
0.991570 0.129568 0.000000 113.802085 -0.129568 0.991570 0.000000 -4.732979 0.000000 0.000000 1.000000 0.000000
0.991027 0.133661 0.000000 114.250278 -0.133661 0.991027 0.000000 -4.795385 0.000000 0.000000 1.000000 0.000000
0.990963 0.134134 0.000000 115.082670 -0.134134 0.990963 0.000000 -4.923059 0.000000 0.000000 1.000000 0.000000
0.990998 0.133873 0.000000 115.540388 -0.133873 0.990998 0.000000 -4.997136 0.000000 0.000000 1.000000 0.000000
0.990577 0.136960 0.000000 116.001109 -0.136960 0.990577 0.000000 -5.057770 0.000000 0.000000 1.000000 0.000000
0.990512 0.137425 0.000000 116.463700 -0.137425 0.990512 0.000000 -5.149308 0.000000 0.000000 1.000000 0.000000
0.990179 0.139809 0.000000 116.920424 -0.139809 0.990179 0.000000 -5.241996 0.000000 0.000000 1.000000 0.000000
0.989965 0.141314 0.000000 117.382787 -0.141314 0.989965 0.000000 -5.320497 0.000000 0.000000 1.000000 0.000000
0.989814 0.142367 0.000000 117.851222 -0.142367 0.989814 0.000000 -5.400803 0.000000 0.000000 1.000000 0.000000
0.989198 0.146585 0.000000 118.321886 -0.146585 0.989198 0.000000 -5.480841 0.000000 0.000000 1.000000 0.000000
0.988474 0.151390 0.000000 118.820976 -0.151390 0.988474 0.000000 -5.558930 0.000000 0.000000 1.000000 0.000000
0.987862 0.155337 0.000000 119.259668 -0.155337 0.987862 0.000000 -5.638355 0.000000 0.000000 1.000000 0.000000
0.987849 0.155417 0.000000 119.760384 -0.155417 0.987849 0.000000 -5.738178 0.000000 0.000000 1.000000 0.000000
0.987550 0.157306 0.000000 120.232959 -0.157306 0.987550 0.000000 -5.827427 0.000000 0.000000 1.000000 0.000000
0.987422 0.158107 0.000000 120.708299 -0.158107 0.987422 0.000000 -5.922061 0.000000 0.000000 1.000000 0.000000
0.987926 0.154924 0.000000 121.182999 -0.154924 0.987926 0.000000 -6.021074 0.000000 0.000000 1.000000 0.000000
0.987549 0.157314 0.000000 121.656298 -0.157314 0.987549 0.000000 -6.102783 0.000000 0.000000 1.000000 0.000000
0.987317 0.158763 0.000000 122.136412 -0.158763 0.987317 0.000000 -6.197095 0.000000 0.000000 1.000000 0.000000
0.986654 0.162830 0.000000 122.614090 -0.162830 0.986654 0.000000 -6.290219 0.000000 0.000000 1.000000 0.000000
0.985519 0.169566 0.000000 123.087543 -0.169566 0.985519 0.000000 -6.377710 0.000000 0.000000 1.000000 0.000000
0.984959 0.172788 0.000000 123.536559 -0.172788 0.984959 0.000000 -6.469107 0.000000 0.000000 1.000000 0.000000
0.984746 0.173999 0.000000 124.012503 -0.173999 0.984746 0.000000 -6.560078 0.000000 0.000000 1.000000 0.000000
0.984044 0.177926 0.000000 124.493707 -0.177926 0.984044 0.000000 -6.661617 0.000000 0.000000 1.000000 0.000000
0.983744 0.179575 0.000000 125.285691 -0.179575 0.983744 0.000000 -6.828370 0.000000 0.000000 1.000000 0.000000
0.983680 0.179925 0.000000 125.773311 -0.179925 0.983680 0.000000 -6.930717 0.000000 0.000000 1.000000 0.000000
0.985640 0.168860 0.000000 126.743526 -0.168860 0.985640 0.000000 -7.150131 0.000000 0.000000 1.000000 0.000000
0.986466 0.163967 0.000000 127.234816 -0.163967 0.986466 0.000000 -7.259322 0.000000 0.000000 1.000000 0.000000
0.987137 0.159874 0.000000 127.734534 -0.159874 0.987137 0.000000 -7.363964 0.000000 0.000000 1.000000 0.000000
0.987342 0.158608 0.000000 128.228854 -0.158608 0.987342 0.000000 -7.451675 0.000000 0.000000 1.000000 0.000000
0.987811 0.155658 0.000000 128.725846 -0.155658 0.987811 0.000000 -7.551041 0.000000 0.000000 1.000000 0.000000
0.987169 0.159676 0.000000 129.223951 -0.159676 0.987169 0.000000 -7.635339 0.000000 0.000000 1.000000 0.000000
0.988249 0.152850 0.000000 129.757200 -0.152850 0.988249 0.000000 -7.724434 0.000000 0.000000 1.000000 0.000000
0.987728 0.156181 0.000000 130.248997 -0.156181 0.987728 0.000000 -7.802357 0.000000 0.000000 1.000000 0.000000
0.987358 0.158503 0.000000 130.758309 -0.158503 0.987358 0.000000 -7.891910 0.000000 0.000000 1.000000 0.000000
0.987112 0.160029 0.000000 131.276934 -0.160029 0.987112 0.000000 -7.982579 0.000000 0.000000 1.000000 0.000000
0.987079 0.160237 0.000000 131.756261 -0.160237 0.987079 0.000000 -8.067580 0.000000 0.000000 1.000000 0.000000
0.987032 0.160522 0.000000 132.269089 -0.160522 0.987032 0.000000 -8.159901 0.000000 0.000000 1.000000 0.000000
0.987114 0.160021 0.000000 132.796456 -0.160021 0.987114 0.000000 -8.256910 0.000000 0.000000 1.000000 0.000000
0.986707 0.162512 0.000000 133.285524 -0.162512 0.986707 0.000000 -8.341641 0.000000 0.000000 1.000000 0.000000
0.987318 0.158754 0.000000 133.804481 -0.158754 0.987318 0.000000 -8.435798 0.000000 0.000000 1.000000 0.000000
0.986913 0.161255 0.000000 134.339208 -0.161255 0.986913 0.000000 -8.536684 0.000000 0.000000 1.000000 0.000000
0.986293 0.165004 0.000000 134.965756 -0.165004 0.986293 0.000000 -8.646819 0.000000 0.000000 1.000000 0.000000
0.986098 0.166162 0.000000 135.535254 -0.166162 0.986098 0.000000 -8.756488 0.000000 0.000000 1.000000 0.000000
0.984608 0.174778 0.000000 136.032830 -0.174778 0.984608 0.000000 -8.850647 0.000000 0.000000 1.000000 0.000000
0.984613 0.174749 0.000000 136.570093 -0.174749 0.984613 0.000000 -8.954564 0.000000 0.000000 1.000000 0.000000
0.983504 0.180886 0.000000 137.108753 -0.180886 0.983504 0.000000 -9.060052 0.000000 0.000000 1.000000 0.000000
0.983115 0.182987 0.000000 137.645068 -0.182987 0.983115 0.000000 -9.165916 0.000000 0.000000 1.000000 0.000000
0.982156 0.188068 0.000000 141.443873 -0.188068 0.982156 0.000000 -10.000450 0.000000 0.000000 1.000000 0.000000
0.982149 0.188106 0.000000 141.958252 -0.188106 0.982149 0.000000 -10.093755 0.000000 0.000000 1.000000 0.000000
0.984769 0.173866 0.000000 143.106475 -0.173866 0.984769 0.000000 -10.357908 0.000000 0.000000 1.000000 0.000000
0.983881 0.178824 0.000000 144.226671 -0.178824 0.983881 0.000000 -10.596397 0.000000 0.000000 1.000000 0.000000
0.983772 0.179426 0.000000 144.787954 -0.179426 0.983772 0.000000 -10.720947 0.000000 0.000000 1.000000 0.000000
0.983583 0.180455 0.000000 145.353680 -0.180455 0.983583 0.000000 -10.850454 0.000000 0.000000 1.000000 0.000000
0.983604 0.180343 0.000000 145.916459 -0.180343 0.983604 0.000000 -10.977231 0.000000 0.000000 1.000000 0.000000
0.983761 0.179482 0.000000 146.481279 -0.179482 0.983761 0.000000 -11.105323 0.000000 0.000000 1.000000 0.000000
0.984314 0.176426 0.000000 147.052128 -0.176426 0.984314 0.000000 -11.228469 0.000000 0.000000 1.000000 0.000000
0.983632 0.180190 0.000000 147.623570 -0.180190 0.983632 0.000000 -11.337610 0.000000 0.000000 1.000000 0.000000
0.983284 0.182076 0.000000 148.198909 -0.182076 0.983284 0.000000 -11.444557 0.000000 0.000000 1.000000 0.000000
0.983565 0.180556 0.000000 148.763658 -0.180556 0.983565 0.000000 -11.575876 0.000000 0.000000 1.000000 0.000000
0.983386 0.181527 0.000000 149.682242 -0.181527 0.983386 0.000000 -11.782594 0.000000 0.000000 1.000000 0.000000
0.982491 0.186308 0.000000 150.247016 -0.186308 0.982491 0.000000 -11.908751 0.000000 0.000000 1.000000 0.000000
0.982568 0.185905 0.000000 150.800218 -0.185905 0.982568 0.000000 -12.048879 0.000000 0.000000 1.000000 0.000000
0.981778 0.190033 0.000000 151.374517 -0.190033 0.981778 0.000000 -12.180518 0.000000 0.000000 1.000000 0.000000
0.980744 0.195297 0.000000 151.989591 -0.195297 0.980744 0.000000 -12.327342 0.000000 0.000000 1.000000 0.000000
0.979996 0.199017 0.000000 152.510896 -0.199017 0.979996 0.000000 -12.462050 0.000000 0.000000 1.000000 0.000000
0.979762 0.200168 0.000000 153.116165 -0.200168 0.979762 0.000000 -12.605202 0.000000 0.000000 1.000000 0.000000
0.979694 0.200500 0.000000 153.675454 -0.200500 0.979694 0.000000 -12.745135 0.000000 0.000000 1.000000 0.000000
0.979639 0.200766 0.000000 154.247457 -0.200766 0.979639 0.000000 -12.875166 0.000000 0.000000 1.000000 0.000000
0.979369 0.202079 0.000000 154.820217 -0.202079 0.979369 0.000000 -12.993600 0.000000 0.000000 1.000000 0.000000
0.979051 0.203613 0.000000 155.386389 -0.203613 0.979051 0.000000 -13.121240 0.000000 0.000000 1.000000 0.000000
0.979457 0.201654 0.000000 155.944165 -0.201654 0.979457 0.000000 -13.246256 0.000000 0.000000 1.000000 0.000000
0.979582 0.201045 0.000000 156.503626 -0.201045 0.979582 0.000000 -13.377467 0.000000 0.000000 1.000000 0.000000
0.979497 0.201456 0.000000 157.068189 -0.201456 0.979497 0.000000 -13.502207 0.000000 0.000000 1.000000 0.000000
0.979729 0.200327 0.000000 157.640605 -0.200327 0.979729 0.000000 -13.634264 0.000000 0.000000 1.000000 0.000000
0.979083 0.203462 0.000000 158.201836 -0.203462 0.979083 0.000000 -13.767110 0.000000 0.000000 1.000000 0.000000
0.978546 0.206027 0.000000 159.339178 -0.206027 0.978546 0.000000 -14.027089 0.000000 0.000000 1.000000 0.000000
0.978307 0.207161 0.000000 159.906449 -0.207161 0.978307 0.000000 -14.150213 0.000000 0.000000 1.000000 0.000000
0.978804 0.204800 0.000000 160.432878 -0.204800 0.978804 0.000000 -14.279494 0.000000 0.000000 1.000000 0.000000
0.977519 0.210846 0.000000 161.012408 -0.210846 0.977519 0.000000 -14.409118 0.000000 0.000000 1.000000 0.000000
0.977017 0.213161 0.000000 161.563152 -0.213161 0.977017 0.000000 -14.532144 0.000000 0.000000 1.000000 0.000000
0.977306 0.211831 0.000000 162.658699 -0.211831 0.977306 0.000000 -14.795701 0.000000 0.000000 1.000000 0.000000
0.977510 0.210889 0.000000 163.223023 -0.210889 0.977510 0.000000 -14.917445 0.000000 0.000000 1.000000 0.000000
0.977479 0.211031 0.000000 163.751494 -0.211031 0.977479 0.000000 -15.045805 0.000000 0.000000 1.000000 0.000000
0.977389 0.211448 0.000000 164.314513 -0.211448 0.977389 0.000000 -15.175505 0.000000 0.000000 1.000000 0.000000
0.977842 0.209342 0.000000 164.877360 -0.209342 0.977842 0.000000 -15.299886 0.000000 0.000000 1.000000 0.000000
0.977339 0.211679 0.000000 165.403624 -0.211679 0.977339 0.000000 -15.415398 0.000000 0.000000 1.000000 0.000000
0.976388 0.216025 0.000000 166.164052 -0.216025 0.976388 0.000000 -15.570492 0.000000 0.000000 1.000000 0.000000
0.975977 0.217873 0.000000 166.735268 -0.217873 0.975977 0.000000 -15.700518 0.000000 0.000000 1.000000 0.000000
0.975463 0.220163 0.000000 167.306898 -0.220163 0.975463 0.000000 -15.821333 0.000000 0.000000 1.000000 0.000000
0.974045 0.226353 0.000000 167.911190 -0.226353 0.974045 0.000000 -15.950392 0.000000 0.000000 1.000000 0.000000
0.974134 0.225971 0.000000 168.442724 -0.225971 0.974134 0.000000 -16.079331 0.000000 0.000000 1.000000 0.000000
0.974614 0.223892 0.000000 169.048362 -0.223892 0.974614 0.000000 -16.229849 0.000000 0.000000 1.000000 0.000000
0.973625 0.228153 0.000000 169.622420 -0.228153 0.973625 0.000000 -16.358289 0.000000 0.000000 1.000000 0.000000
0.973968 0.226685 0.000000 170.193544 -0.226685 0.973968 0.000000 -16.503574 0.000000 0.000000 1.000000 0.000000
0.972599 0.232490 0.000000 170.772840 -0.232490 0.972599 0.000000 -16.636659 0.000000 0.000000 1.000000 0.000000
0.973673 0.227951 0.000000 171.340071 -0.227951 0.973673 0.000000 -16.786899 0.000000 0.000000 1.000000 0.000000
0.973986 0.226608 0.000000 171.911677 -0.226608 0.973986 0.000000 -16.926196 0.000000 0.000000 1.000000 0.000000
0.974001 0.226543 0.000000 172.474555 -0.226543 0.974001 0.000000 -17.076881 0.000000 0.000000 1.000000 0.000000
0.974778 0.223176 0.000000 173.050994 -0.223176 0.974778 0.000000 -17.224131 0.000000 0.000000 1.000000 0.000000
0.976201 0.216866 0.000000 173.617379 -0.216866 0.976201 0.000000 -17.379444 0.000000 0.000000 1.000000 0.000000
0.976829 0.214022 0.000000 174.189782 -0.214022 0.976829 0.000000 -17.522682 0.000000 0.000000 1.000000 0.000000
0.976569 0.215204 0.000000 174.768221 -0.215204 0.976569 0.000000 -17.658057 0.000000 0.000000 1.000000 0.000000
0.977042 0.213047 0.000000 175.343282 -0.213047 0.977042 0.000000 -17.802075 0.000000 0.000000 1.000000 0.000000
0.976451 0.215739 0.000000 175.881389 -0.215739 0.976451 0.000000 -17.923798 0.000000 0.000000 1.000000 0.000000
0.976202 0.216864 0.000000 176.492780 -0.216864 0.976202 0.000000 -18.069483 0.000000 0.000000 1.000000 0.000000
0.976187 0.216933 0.000000 177.024089 -0.216933 0.976187 0.000000 -18.181999 0.000000 0.000000 1.000000 0.000000
0.976056 0.217519 0.000000 177.593353 -0.217519 0.976056 0.000000 -18.326019 0.000000 0.000000 1.000000 0.000000
0.975519 0.219916 0.000000 178.156896 -0.219916 0.975519 0.000000 -18.459188 0.000000 0.000000 1.000000 0.000000
0.974701 0.223511 0.000000 178.732115 -0.223511 0.974701 0.000000 -18.607400 0.000000 0.000000 1.000000 0.000000
0.972808 0.231615 0.000000 179.309549 -0.231615 0.972808 0.000000 -18.755539 0.000000 0.000000 1.000000 0.000000
0.972565 0.232631 0.000000 179.881607 -0.232631 0.972565 0.000000 -18.905355 0.000000 0.000000 1.000000 0.000000
0.972578 0.232576 0.000000 180.459389 -0.232576 0.972578 0.000000 -19.051367 0.000000 0.000000 1.000000 0.000000
0.972632 0.232351 0.000000 181.033083 -0.232351 0.972632 0.000000 -19.195484 0.000000 0.000000 1.000000 0.000000
0.972280 0.233819 0.000000 181.609177 -0.233819 0.972280 0.000000 -19.344604 0.000000 0.000000 1.000000 0.000000
0.971849 0.235604 0.000000 182.198163 -0.235604 0.971849 0.000000 -19.486697 0.000000 0.000000 1.000000 0.000000
0.972296 0.233751 0.000000 182.768707 -0.233751 0.972296 0.000000 -19.640847 0.000000 0.000000 1.000000 0.000000
0.972581 0.232564 0.000000 183.343437 -0.232564 0.972581 0.000000 -19.791865 0.000000 0.000000 1.000000 0.000000
0.972045 0.234796 0.000000 183.913003 -0.234796 0.972045 0.000000 -19.941290 0.000000 0.000000 1.000000 0.000000
0.971866 0.235536 0.000000 184.458725 -0.235536 0.971866 0.000000 -20.079750 0.000000 0.000000 1.000000 0.000000
0.972017 0.234910 0.000000 185.033458 -0.234910 0.972017 0.000000 -20.235068 0.000000 0.000000 1.000000 0.000000
0.970915 0.239423 0.000000 185.612260 -0.239423 0.970915 0.000000 -20.394939 0.000000 0.000000 1.000000 0.000000
0.970893 0.239513 0.000000 186.164137 -0.239513 0.970893 0.000000 -20.542823 0.000000 0.000000 1.000000 0.000000
0.971553 0.236824 0.000000 186.726735 -0.236824 0.971553 0.000000 -20.700745 0.000000 0.000000 1.000000 0.000000
0.970685 0.240353 0.000000 187.297374 -0.240353 0.970685 0.000000 -20.855008 0.000000 0.000000 1.000000 0.000000
0.971563 0.236783 0.000000 187.834839 -0.236783 0.971563 0.000000 -21.009949 0.000000 0.000000 1.000000 0.000000
0.971471 0.237160 0.000000 188.399055 -0.237160 0.971471 0.000000 -21.158079 0.000000 0.000000 1.000000 0.000000
0.970698 0.240304 0.000000 188.962681 -0.240304 0.970698 0.000000 -21.313300 0.000000 0.000000 1.000000 0.000000
0.970582 0.240772 0.000000 189.496020 -0.240772 0.970582 0.000000 -21.452516 0.000000 0.000000 1.000000 0.000000
0.970317 0.241838 0.000000 190.068056 -0.241838 0.970317 0.000000 -21.610457 0.000000 0.000000 1.000000 0.000000
0.969928 0.243392 0.000000 190.632248 -0.243392 0.969928 0.000000 -21.765309 0.000000 0.000000 1.000000 0.000000
0.969271 0.245997 0.000000 191.447687 -0.245997 0.969271 0.000000 -22.009052 0.000000 0.000000 1.000000 0.000000
0.968669 0.248356 0.000000 192.011806 -0.248356 0.968669 0.000000 -22.163768 0.000000 0.000000 1.000000 0.000000
0.968001 0.250947 0.000000 192.578571 -0.250947 0.968001 0.000000 -22.319216 0.000000 0.000000 1.000000 0.000000
0.968209 0.250141 0.000000 193.142790 -0.250141 0.968209 0.000000 -22.471246 0.000000 0.000000 1.000000 0.000000
0.967973 0.251054 0.000000 193.702872 -0.251054 0.967973 0.000000 -22.619731 0.000000 0.000000 1.000000 0.000000
0.968498 0.249022 0.000000 194.262206 -0.249022 0.968498 0.000000 -22.774449 0.000000 0.000000 1.000000 0.000000
0.969404 0.245472 0.000000 194.815734 -0.245472 0.969404 0.000000 -22.932185 0.000000 0.000000 1.000000 0.000000
0.969425 0.245388 0.000000 195.395449 -0.245388 0.969425 0.000000 -23.091564 0.000000 0.000000 1.000000 0.000000
0.969645 0.244516 0.000000 195.899045 -0.244516 0.969645 0.000000 -23.229210 0.000000 0.000000 1.000000 0.000000
0.969389 0.245532 0.000000 196.874855 -0.245532 0.969389 0.000000 -23.495128 0.000000 0.000000 1.000000 0.000000
0.969394 0.245510 0.000000 197.441208 -0.245510 0.969394 0.000000 -23.637048 0.000000 0.000000 1.000000 0.000000
0.969028 0.246952 0.000000 198.152906 -0.246952 0.969028 0.000000 -23.831665 0.000000 0.000000 1.000000 0.000000
0.968597 0.248637 0.000000 198.866122 -0.248637 0.968597 0.000000 -24.032428 0.000000 0.000000 1.000000 0.000000
0.967894 0.251357 0.000000 199.822072 -0.251357 0.967894 0.000000 -24.303158 0.000000 0.000000 1.000000 0.000000
0.967912 0.251291 0.000000 200.376305 -0.251291 0.967912 0.000000 -24.465048 0.000000 0.000000 1.000000 0.000000
0.968121 0.250483 0.000000 200.944615 -0.250483 0.968121 0.000000 -24.626759 0.000000 0.000000 1.000000 0.000000
0.968036 0.250813 0.000000 201.499380 -0.250813 0.968036 0.000000 -24.778745 0.000000 0.000000 1.000000 0.000000
0.967893 0.251362 0.000000 202.020647 -0.251362 0.967893 0.000000 -24.923647 0.000000 0.000000 1.000000 0.000000
0.968893 0.247479 0.000000 202.583651 -0.247479 0.968893 0.000000 -25.084132 0.000000 0.000000 1.000000 0.000000
0.968346 0.249612 0.000000 203.144780 -0.249612 0.968346 0.000000 -25.240096 0.000000 0.000000 1.000000 0.000000
0.968276 0.249882 0.000000 203.935067 -0.249882 0.968276 0.000000 -25.468391 0.000000 0.000000 1.000000 0.000000
0.968679 0.248317 0.000000 204.498248 -0.248317 0.968679 0.000000 -25.629019 0.000000 0.000000 1.000000 0.000000
0.968829 0.247730 0.000000 205.064671 -0.247730 0.968829 0.000000 -25.778588 0.000000 0.000000 1.000000 0.000000
0.968756 0.248015 0.000000 205.624354 -0.248015 0.968756 0.000000 -25.936469 0.000000 0.000000 1.000000 0.000000
0.969810 0.243863 0.000000 206.217490 -0.243863 0.969810 0.000000 -26.100211 0.000000 0.000000 1.000000 0.000000
0.969897 0.243517 0.000000 206.735596 -0.243517 0.969897 0.000000 -26.241144 0.000000 0.000000 1.000000 0.000000
0.969835 0.243761 0.000000 207.322250 -0.243761 0.969835 0.000000 -26.404600 0.000000 0.000000 1.000000 0.000000
0.970343 0.241734 0.000000 207.842528 -0.241734 0.970343 0.000000 -26.552379 0.000000 0.000000 1.000000 0.000000
0.970361 0.241659 0.000000 208.427630 -0.241659 0.970361 0.000000 -26.722011 0.000000 0.000000 1.000000 0.000000
0.970696 0.240310 0.000000 208.984790 -0.240310 0.970696 0.000000 -26.878220 0.000000 0.000000 1.000000 0.000000
0.970413 0.241449 0.000000 209.537688 -0.241449 0.970413 0.000000 -27.016518 0.000000 0.000000 1.000000 0.000000
0.970779 0.239975 0.000000 210.093546 -0.239975 0.970779 0.000000 -27.167169 0.000000 0.000000 1.000000 0.000000
0.970545 0.240921 0.000000 210.642526 -0.240921 0.970545 0.000000 -27.311751 0.000000 0.000000 1.000000 0.000000
