0.999975 0.007072 0.000000 0.583866 -0.007072 0.999975 0.000000 -0.005571 0.000000 0.000000 1.000000 0.000000
0.999936 0.011293 0.000000 1.715357 -0.011293 0.999936 0.000000 -0.031313 0.000000 0.000000 1.000000 0.000000
0.999913 0.013190 0.000000 2.298515 -0.013190 0.999913 0.000000 -0.047161 0.000000 0.000000 1.000000 0.000000
0.999875 0.015789 0.000000 3.103835 -0.015789 0.999875 0.000000 -0.069136 0.000000 0.000000 1.000000 0.000000
0.999862 0.016608 0.000000 3.678604 -0.016608 0.999862 0.000000 -0.078064 0.000000 0.000000 1.000000 0.000000
0.999847 0.017480 0.000000 4.264737 -0.017480 0.999847 0.000000 -0.100022 0.000000 0.000000 1.000000 0.000000
0.999833 0.018278 0.000000 4.849513 -0.018278 0.999833 0.000000 -0.114902 0.000000 0.000000 1.000000 0.000000
0.999816 0.019172 0.000000 5.395479 -0.019172 0.999816 0.000000 -0.131212 0.000000 0.000000 1.000000 0.000000
0.999803 0.019863 0.000000 5.981412 -0.019863 0.999803 0.000000 -0.156660 0.000000 0.000000 1.000000 0.000000
0.999781 0.020905 0.000000 6.525549 -0.020905 0.999781 0.000000 -0.168111 0.000000 0.000000 1.000000 0.000000
0.999778 0.021073 0.000000 7.102594 -0.021073 0.999778 0.000000 -0.179333 0.000000 0.000000 1.000000 0.000000
0.999740 0.022822 0.000000 7.662594 -0.022822 0.999740 0.000000 -0.187131 0.000000 0.000000 1.000000 0.000000
0.999745 0.022588 0.000000 8.228472 -0.022588 0.999745 0.000000 -0.215449 0.000000 0.000000 1.000000 0.000000
0.999703 0.024356 0.000000 8.807372 -0.024356 0.999703 0.000000 -0.232138 0.000000 0.000000 1.000000 0.000000
0.999641 0.026786 0.000000 9.556940 -0.026786 0.999641 0.000000 -0.264241 0.000000 0.000000 1.000000 0.000000
0.999601 0.028244 0.000000 10.175132 -0.028244 0.999601 0.000000 -0.286370 0.000000 0.000000 1.000000 0.000000
0.999581 0.028929 0.000000 10.712189 -0.028929 0.999581 0.000000 -0.303133 0.000000 0.000000 1.000000 0.000000
0.999511 0.031262 0.000000 11.328847 -0.031262 0.999511 0.000000 -0.321395 0.000000 0.000000 1.000000 0.000000
0.999453 0.033057 0.000000 11.906812 -0.033057 0.999453 0.000000 -0.337142 0.000000 0.000000 1.000000 0.000000
0.999425 0.033919 0.000000 12.480966 -0.033919 0.999425 0.000000 -0.370111 0.000000 0.000000 1.000000 0.000000
0.999286 0.037787 0.000000 13.054155 -0.037787 0.999286 0.000000 -0.385620 0.000000 0.000000 1.000000 0.000000
0.999227 0.039304 0.000000 13.632014 -0.039304 0.999227 0.000000 -0.416267 0.000000 0.000000 1.000000 0.000000
0.999112 0.042127 0.000000 14.207522 -0.042127 0.999112 0.000000 -0.439094 0.000000 0.000000 1.000000 0.000000
0.999069 0.043152 0.000000 14.780754 -0.043152 0.999069 0.000000 -0.473531 0.000000 0.000000 1.000000 0.000000
0.998937 0.046089 0.000000 15.351416 -0.046089 0.998937 0.000000 -0.505299 0.000000 0.000000 1.000000 0.000000
0.998811 0.048750 0.000000 15.922869 -0.048750 0.998811 0.000000 -0.542144 0.000000 0.000000 1.000000 0.000000
0.998787 0.049230 0.000000 16.474028 -0.049230 0.998787 0.000000 -0.575395 0.000000 0.000000 1.000000 0.000000
0.998563 0.053590 0.000000 17.043587 -0.053590 0.998563 0.000000 -0.605056 0.000000 0.000000 1.000000 0.000000
0.998471 0.055272 0.000000 18.139971 -0.055272 0.998471 0.000000 -0.673408 0.000000 0.000000 1.000000 0.000000
0.998518 0.054425 0.000000 19.073365 -0.054425 0.998518 0.000000 -0.734526 0.000000 0.000000 1.000000 0.000000
0.998622 0.052482 0.000000 19.635620 -0.052482 0.998622 0.000000 -0.778717 0.000000 0.000000 1.000000 0.000000
0.998550 0.053824 0.000000 20.200755 -0.053824 0.998550 0.000000 -0.822648 0.000000 0.000000 1.000000 0.000000
0.998457 0.055539 0.000000 20.766192 -0.055539 0.998457 0.000000 -0.858547 0.000000 0.000000 1.000000 0.000000
0.998705 0.050884 0.000000 21.329798 -0.050884 0.998705 0.000000 -0.905671 0.000000 0.000000 1.000000 0.000000
0.998822 0.048516 0.000000 21.929067 -0.048516 0.998822 0.000000 -0.955522 0.000000 0.000000 1.000000 0.000000
0.998321 0.057928 0.000000 22.490065 -0.057928 0.998321 0.000000 -0.992639 0.000000 0.000000 1.000000 0.000000
0.997439 0.071517 0.000000 23.610785 -0.071517 0.997439 0.000000 -1.071213 0.000000 0.000000 1.000000 0.000000
0.997587 0.069431 0.000000 24.167670 -0.069431 0.997587 0.000000 -1.137890 0.000000 0.000000 1.000000 0.000000
0.997447 0.071410 0.000000 24.724584 -0.071410 0.997447 0.000000 -1.199987 0.000000 0.000000 1.000000 0.000000
0.997492 0.070775 0.000000 25.248077 -0.070775 0.997492 0.000000 -1.256259 0.000000 0.000000 1.000000 0.000000
0.997641 0.068653 0.000000 25.805013 -0.068653 0.997641 0.000000 -1.311989 0.000000 0.000000 1.000000 0.000000
0.997209 0.074659 0.000000 26.698239 -0.074659 0.997209 0.000000 -1.398922 0.000000 0.000000 1.000000 0.000000
0.997231 0.074360 0.000000 27.294271 -0.074360 0.997231 0.000000 -1.453976 0.000000 0.000000 1.000000 0.000000
0.997174 0.075126 0.000000 27.855052 -0.075126 0.997174 0.000000 -1.502516 0.000000 0.000000 1.000000 0.000000
0.997260 0.073974 0.000000 28.415466 -0.073974 0.997260 0.000000 -1.556618 0.000000 0.000000 1.000000 0.000000
0.997177 0.075088 0.000000 28.975212 -0.075088 0.997177 0.000000 -1.605068 0.000000 0.000000 1.000000 0.000000
0.997200 0.074776 0.000000 29.536616 -0.074776 0.997200 0.000000 -1.652724 0.000000 0.000000 1.000000 0.000000
0.997030 0.077014 0.000000 30.090936 -0.077014 0.997030 0.000000 -1.704121 0.000000 0.000000 1.000000 0.000000
0.997230 0.074381 0.000000 30.654865 -0.074381 0.997230 0.000000 -1.767324 0.000000 0.000000 1.000000 0.000000
0.997065 0.076555 0.000000 31.212551 -0.076555 0.997065 0.000000 -1.807300 0.000000 0.000000 1.000000 0.000000
0.996998 0.077422 0.000000 31.740567 -0.077422 0.996998 0.000000 -1.861398 0.000000 0.000000 1.000000 0.000000
0.996790 0.080056 0.000000 32.683738 -0.080056 0.996790 0.000000 -1.948546 0.000000 0.000000 1.000000 0.000000
0.996429 0.084431 0.000000 33.239907 -0.084431 0.996429 0.000000 -2.008745 0.000000 0.000000 1.000000 0.000000
0.996282 0.086154 0.000000 33.802290 -0.086154 0.996282 0.000000 -2.058252 0.000000 0.000000 1.000000 0.000000
0.996209 0.086987 0.000000 34.363508 -0.086987 0.996209 0.000000 -2.110423 0.000000 0.000000 1.000000 0.000000
0.995980 0.089571 0.000000 34.920070 -0.089571 0.995980 0.000000 -2.160633 0.000000 0.000000 1.000000 0.000000
0.995910 0.090348 0.000000 35.478216 -0.090348 0.995910 0.000000 -2.218613 0.000000 0.000000 1.000000 0.000000
0.995799 0.091565 0.000000 36.072183 -0.091565 0.995799 0.000000 -2.280183 0.000000 0.000000 1.000000 0.000000
0.995798 0.091577 0.000000 36.593680 -0.091577 0.995798 0.000000 -2.336647 0.000000 0.000000 1.000000 0.000000
0.995853 0.090979 0.000000 37.145918 -0.090979 0.995853 0.000000 -2.391629 0.000000 0.000000 1.000000 0.000000
0.995961 0.089791 0.000000 37.698758 -0.089791 0.995961 0.000000 -2.449230 0.000000 0.000000 1.000000 0.000000
0.995634 0.093345 0.000000 38.252363 -0.093345 0.995634 0.000000 -2.500041 0.000000 0.000000 1.000000 0.000000
0.995496 0.094803 0.000000 38.765632 -0.094803 0.995496 0.000000 -2.548917 0.000000 0.000000 1.000000 0.000000
0.995393 0.095875 0.000000 39.315163 -0.095875 0.995393 0.000000 -2.613127 0.000000 0.000000 1.000000 0.000000
0.995534 0.094404 0.000000 39.831454 -0.094404 0.995534 0.000000 -2.668931 0.000000 0.000000 1.000000 0.000000
0.995695 0.092695 0.000000 40.790556 -0.092695 0.995695 0.000000 -2.774634 0.000000 0.000000 1.000000 0.000000
0.995690 0.092739 0.000000 41.340338 -0.092739 0.995690 0.000000 -2.837521 0.000000 0.000000 1.000000 0.000000
0.995481 0.094960 0.000000 41.886010 -0.094960 0.995481 0.000000 -2.899147 0.000000 0.000000 1.000000 0.000000
0.995811 0.091440 0.000000 42.970829 -0.091440 0.995811 0.000000 -3.003015 0.000000 0.000000 1.000000 0.000000
0.995266 0.097190 0.000000 43.550510 -0.097190 0.995266 0.000000 -3.066297 0.000000 0.000000 1.000000 0.000000
0.995263 0.097222 0.000000 44.041741 -0.097222 0.995263 0.000000 -3.120481 0.000000 0.000000 1.000000 0.000000
0.995355 0.096278 0.000000 45.070124 -0.096278 0.995355 0.000000 -3.238304 0.000000 0.000000 1.000000 0.000000
0.995324 0.096593 0.000000 45.597729 -0.096593 0.995324 0.000000 -3.296112 0.000000 0.000000 1.000000 0.000000
0.995447 0.095316 0.000000 46.110305 -0.095316 0.995447 0.000000 -3.347555 0.000000 0.000000 1.000000 0.000000
0.995505 0.094713 0.000000 46.607179 -0.094713 0.995505 0.000000 -3.392162 0.000000 0.000000 1.000000 0.000000
0.995318 0.096655 0.000000 47.510761 -0.096655 0.995318 0.000000 -3.486400 0.000000 0.000000 1.000000 0.000000
0.995497 0.094797 0.000000 48.021625 -0.094797 0.995497 0.000000 -3.545302 0.000000 0.000000 1.000000 0.000000
0.995101 0.098863 0.000000 48.519269 -0.098863 0.995101 0.000000 -3.581700 0.000000 0.000000 1.000000 0.000000
0.994538 0.104378 0.000000 49.017212 -0.104378 0.994538 0.000000 -3.633389 0.000000 0.000000 1.000000 0.000000
0.994524 0.104507 0.000000 49.506154 -0.104507 0.994524 0.000000 -3.694374 0.000000 0.000000 1.000000 0.000000
0.994392 0.105762 0.000000 49.984546 -0.105762 0.994392 0.000000 -3.742639 0.000000 0.000000 1.000000 0.000000
0.994076 0.108686 0.000000 50.461981 -0.108686 0.994076 0.000000 -3.792145 0.000000 0.000000 1.000000 0.000000
0.993581 0.113120 0.000000 51.175472 -0.113120 0.993581 0.000000 -3.872095 0.000000 0.000000 1.000000 0.000000
0.993612 0.112847 0.000000 51.603801 -0.112847 0.993612 0.000000 -3.929654 0.000000 0.000000 1.000000 0.000000
0.993693 0.112136 0.000000 52.056668 -0.112136 0.993693 0.000000 -3.984641 0.000000 0.000000 1.000000 0.000000
0.993821 0.110996 0.000000 52.502289 -0.110996 0.993821 0.000000 -4.040305 0.000000 0.000000 1.000000 0.000000
0.993771 0.111439 0.000000 52.928766 -0.111439 0.993771 0.000000 -4.088674 0.000000 0.000000 1.000000 0.000000
0.994168 0.107842 0.000000 53.363472 -0.107842 0.994168 0.000000 -4.142049 0.000000 0.000000 1.000000 0.000000
0.994459 0.105127 0.000000 54.100889 -0.105127 0.994459 0.000000 -4.221486 0.000000 0.000000 1.000000 0.000000
0.994339 0.106257 0.000000 54.486015 -0.106257 0.994339 0.000000 -4.262678 0.000000 0.000000 1.000000 0.000000
0.994250 0.107082 0.000000 54.920896 -0.107082 0.994250 0.000000 -4.310515 0.000000 0.000000 1.000000 0.000000
0.994208 0.107477 0.000000 55.319101 -0.107477 0.994208 0.000000 -4.358976 0.000000 0.000000 1.000000 0.000000
0.994124 0.108244 0.000000 55.714604 -0.108244 0.994124 0.000000 -4.408988 0.000000 0.000000 1.000000 0.000000
0.994026 0.109144 0.000000 56.103469 -0.109144 0.994026 0.000000 -4.459468 0.000000 0.000000 1.000000 0.000000
0.993846 0.110766 0.000000 56.486686 -0.110766 0.993846 0.000000 -4.507371 0.000000 0.000000 1.000000 0.000000
0.994048 0.108944 0.000000 56.854291 -0.108944 0.994048 0.000000 -4.561749 0.000000 0.000000 1.000000 0.000000
0.993880 0.110461 0.000000 57.213888 -0.110461 0.993880 0.000000 -4.602630 0.000000 0.000000 1.000000 0.000000
0.993670 0.112339 0.000000 57.577000 -0.112339 0.993670 0.000000 -4.641110 0.000000 0.000000 1.000000 0.000000
0.993081 0.117431 0.000000 58.259172 -0.117431 0.993081 0.000000 -4.725141 0.000000 0.000000 1.000000 0.000000
0.993190 0.116508 0.000000 58.607129 -0.116508 0.993190 0.000000 -4.767540 0.000000 0.000000 1.000000 0.000000
0.993199 0.116433 0.000000 58.927125 -0.116433 0.993199 0.000000 -4.807600 0.000000 0.000000 1.000000 0.000000
0.993290 0.115652 0.000000 59.257991 -0.115652 0.993290 0.000000 -4.850905 0.000000 0.000000 1.000000 0.000000
0.993106 0.117217 0.000000 59.592316 -0.117217 0.993106 0.000000 -4.896674 0.000000 0.000000 1.000000 0.000000
0.992902 0.118934 0.000000 59.897518 -0.118934 0.992902 0.000000 -4.929039 0.000000 0.000000 1.000000 0.000000
0.991980 0.126391 0.000000 60.226000 -0.126391 0.991980 0.000000 -4.947460 0.000000 0.000000 1.000000 0.000000
0.991767 0.128058 0.000000 60.546341 -0.128058 0.991767 0.000000 -4.987738 0.000000 0.000000 1.000000 0.000000
0.991992 0.126297 0.000000 61.063520 -0.126297 0.991992 0.000000 -5.066767 0.000000 0.000000 1.000000 0.000000
0.992060 0.125767 0.000000 61.368049 -0.125767 0.992060 0.000000 -5.112566 0.000000 0.000000 1.000000 0.000000
0.991823 0.127623 0.000000 61.674375 -0.127623 0.991823 0.000000 -5.157047 0.000000 0.000000 1.000000 0.000000
0.991480 0.130260 0.000000 61.988176 -0.130260 0.991480 0.000000 -5.202753 0.000000 0.000000 1.000000 0.000000
0.991455 0.130448 0.000000 62.287069 -0.130448 0.991455 0.000000 -5.246962 0.000000 0.000000 1.000000 0.000000
0.991213 0.132272 0.000000 62.555221 -0.132272 0.991213 0.000000 -5.290228 0.000000 0.000000 1.000000 0.000000
0.991192 0.132435 0.000000 62.858996 -0.132435 0.991192 0.000000 -5.335521 0.000000 0.000000 1.000000 0.000000
0.990971 0.134076 0.000000 63.139235 -0.134076 0.990971 0.000000 -5.371057 0.000000 0.000000 1.000000 0.000000
0.990900 0.134597 0.000000 63.411598 -0.134597 0.990900 0.000000 -5.412901 0.000000 0.000000 1.000000 0.000000
0.990438 0.137962 0.000000 63.870041 -0.137962 0.990438 0.000000 -5.487117 0.000000 0.000000 1.000000 0.000000
0.990445 0.137909 0.000000 64.113717 -0.137909 0.990445 0.000000 -5.527297 0.000000 0.000000 1.000000 0.000000
0.990237 0.139391 0.000000 64.390686 -0.139391 0.990237 0.000000 -5.563955 0.000000 0.000000 1.000000 0.000000
0.990230 0.139443 0.000000 64.655102 -0.139443 0.990230 0.000000 -5.597174 0.000000 0.000000 1.000000 0.000000
0.990149 0.140021 0.000000 64.917675 -0.140021 0.990149 0.000000 -5.644790 0.000000 0.000000 1.000000 0.000000
0.990093 0.140415 0.000000 65.180863 -0.140415 0.990093 0.000000 -5.688748 0.000000 0.000000 1.000000 0.000000
0.989975 0.141241 0.000000 65.439592 -0.141241 0.989975 0.000000 -5.729675 0.000000 0.000000 1.000000 0.000000
0.990026 0.140887 0.000000 65.706434 -0.140887 0.990026 0.000000 -5.769300 0.000000 0.000000 1.000000 0.000000
0.989616 0.143740 0.000000 65.949766 -0.143740 0.989616 0.000000 -5.809161 0.000000 0.000000 1.000000 0.000000
0.989499 0.144541 0.000000 66.214604 -0.144541 0.989499 0.000000 -5.848419 0.000000 0.000000 1.000000 0.000000
0.989349 0.145562 0.000000 66.463474 -0.145562 0.989349 0.000000 -5.885810 0.000000 0.000000 1.000000 0.000000
0.989306 0.145858 0.000000 66.721115 -0.145858 0.989306 0.000000 -5.927305 0.000000 0.000000 1.000000 0.000000
0.988928 0.148398 0.000000 67.155103 -0.148398 0.988928 0.000000 -5.998940 0.000000 0.000000 1.000000 0.000000
0.988805 0.149213 0.000000 67.422461 -0.149213 0.988805 0.000000 -6.040113 0.000000 0.000000 1.000000 0.000000
0.988787 0.149332 0.000000 67.697153 -0.149332 0.988787 0.000000 -6.083680 0.000000 0.000000 1.000000 0.000000
0.988609 0.150507 0.000000 67.968764 -0.150507 0.988609 0.000000 -6.127474 0.000000 0.000000 1.000000 0.000000
0.988523 0.151067 0.000000 68.245883 -0.151067 0.988523 0.000000 -6.175201 0.000000 0.000000 1.000000 0.000000
0.988374 0.152045 0.000000 68.535054 -0.152045 0.988374 0.000000 -6.226286 0.000000 0.000000 1.000000 0.000000
0.988278 0.152664 0.000000 68.796279 -0.152664 0.988278 0.000000 -6.275828 0.000000 0.000000 1.000000 0.000000
0.988325 0.152363 0.000000 69.085464 -0.152363 0.988325 0.000000 -6.330261 0.000000 0.000000 1.000000 0.000000
0.987914 0.155000 0.000000 69.365308 -0.155000 0.987914 0.000000 -6.373513 0.000000 0.000000 1.000000 0.000000
0.987801 0.155719 0.000000 69.625604 -0.155719 0.987801 0.000000 -6.422710 0.000000 0.000000 1.000000 0.000000
0.987744 0.156083 0.000000 69.906252 -0.156083 0.987744 0.000000 -6.470047 0.000000 0.000000 1.000000 0.000000
0.987300 0.158864 0.000000 70.173574 -0.158864 0.987300 0.000000 -6.510162 0.000000 0.000000 1.000000 0.000000
0.987162 0.159723 0.000000 70.947444 -0.159723 0.987162 0.000000 -6.649083 0.000000 0.000000 1.000000 0.000000
0.986570 0.163338 0.000000 71.231900 -0.163338 0.986570 0.000000 -6.692147 0.000000 0.000000 1.000000 0.000000
0.986100 0.166155 0.000000 71.519974 -0.166155 0.986100 0.000000 -6.743115 0.000000 0.000000 1.000000 0.000000
0.985859 0.167577 0.000000 71.812987 -0.167577 0.985859 0.000000 -6.793573 0.000000 0.000000 1.000000 0.000000
0.986161 0.165789 0.000000 72.104092 -0.165789 0.986161 0.000000 -6.846424 0.000000 0.000000 1.000000 0.000000
0.985737 0.168295 0.000000 72.685138 -0.168295 0.985737 0.000000 -6.949398 0.000000 0.000000 1.000000 0.000000
0.985391 0.170308 0.000000 72.988382 -0.170308 0.985391 0.000000 -7.003183 0.000000 0.000000 1.000000 0.000000
0.985399 0.170263 0.000000 73.274024 -0.170263 0.985399 0.000000 -7.054367 0.000000 0.000000 1.000000 0.000000
0.985163 0.171622 0.000000 73.737406 -0.171622 0.985163 0.000000 -7.141272 0.000000 0.000000 1.000000 0.000000
0.984490 0.175440 0.000000 74.051907 -0.175440 0.984490 0.000000 -7.198197 0.000000 0.000000 1.000000 0.000000
0.982739 0.184998 0.000000 74.577720 -0.184998 0.982739 0.000000 -7.293130 0.000000 0.000000 1.000000 0.000000
0.982603 0.185717 0.000000 74.903220 -0.185717 0.982603 0.000000 -7.357966 0.000000 0.000000 1.000000 0.000000
0.982483 0.186353 0.000000 75.237775 -0.186353 0.982483 0.000000 -7.424073 0.000000 0.000000 1.000000 0.000000
0.981254 0.192717 0.000000 75.555248 -0.192717 0.981254 0.000000 -7.475464 0.000000 0.000000 1.000000 0.000000
0.981270 0.192635 0.000000 75.901961 -0.192635 0.981270 0.000000 -7.543843 0.000000 0.000000 1.000000 0.000000
0.980709 0.195472 0.000000 76.464777 -0.195472 0.980709 0.000000 -7.660889 0.000000 0.000000 1.000000 0.000000
0.981372 0.192117 0.000000 76.805989 -0.192117 0.981372 0.000000 -7.727654 0.000000 0.000000 1.000000 0.000000
0.981360 0.192179 0.000000 77.180982 -0.192179 0.981360 0.000000 -7.803212 0.000000 0.000000 1.000000 0.000000
0.981288 0.192546 0.000000 77.534189 -0.192546 0.981288 0.000000 -7.869688 0.000000 0.000000 1.000000 0.000000
0.981287 0.192553 0.000000 78.182079 -0.192553 0.981287 0.000000 -8.004075 0.000000 0.000000 1.000000 0.000000
0.981260 0.192687 0.000000 78.836012 -0.192687 0.981260 0.000000 -8.121681 0.000000 0.000000 1.000000 0.000000
0.981823 0.189800 0.000000 79.218936 -0.189800 0.981823 0.000000 -8.207775 0.000000 0.000000 1.000000 0.000000
0.982169 0.188002 0.000000 79.638812 -0.188002 0.982169 0.000000 -8.288428 0.000000 0.000000 1.000000 0.000000
0.981658 0.190653 0.000000 80.038937 -0.190653 0.981658 0.000000 -8.362178 0.000000 0.000000 1.000000 0.000000
0.981489 0.191520 0.000000 80.469706 -0.191520 0.981489 0.000000 -8.460177 0.000000 0.000000 1.000000 0.000000
0.981157 0.193212 0.000000 80.870504 -0.193212 0.981157 0.000000 -8.553807 0.000000 0.000000 1.000000 0.000000
0.981456 0.191689 0.000000 81.312131 -0.191689 0.981456 0.000000 -8.639973 0.000000 0.000000 1.000000 0.000000
0.982654 0.185448 0.000000 81.997528 -0.185448 0.982654 0.000000 -8.768912 0.000000 0.000000 1.000000 0.000000
0.982590 0.185785 0.000000 82.804302 -0.185785 0.982590 0.000000 -8.920907 0.000000 0.000000 1.000000 0.000000
0.982857 0.184370 0.000000 83.275498 -0.184370 0.982857 0.000000 -9.016828 0.000000 0.000000 1.000000 0.000000
0.982333 0.187143 0.000000 83.751483 -0.187143 0.982333 0.000000 -9.112570 0.000000 0.000000 1.000000 0.000000
0.981745 0.190203 0.000000 84.215776 -0.190203 0.981745 0.000000 -9.214269 0.000000 0.000000 1.000000 0.000000
0.980621 0.195912 0.000000 84.720145 -0.195912 0.980621 0.000000 -9.304563 0.000000 0.000000 1.000000 0.000000
0.980760 0.195218 0.000000 85.169027 -0.195218 0.980760 0.000000 -9.395721 0.000000 0.000000 1.000000 0.000000
0.979455 0.201665 0.000000 85.669775 -0.201665 0.979455 0.000000 -9.498925 0.000000 0.000000 1.000000 0.000000
0.978730 0.205154 0.000000 86.179897 -0.205154 0.978730 0.000000 -9.608824 0.000000 0.000000 1.000000 0.000000
0.978061 0.208319 0.000000 86.694742 -0.208319 0.978061 0.000000 -9.727360 0.000000 0.000000 1.000000 0.000000
0.977519 0.210847 0.000000 87.183249 -0.210847 0.977519 0.000000 -9.837333 0.000000 0.000000 1.000000 0.000000
0.977119 0.212692 0.000000 87.708485 -0.212692 0.977119 0.000000 -9.960573 0.000000 0.000000 1.000000 0.000000
0.975970 0.217905 0.000000 88.657746 -0.217905 0.975970 0.000000 -10.173433 0.000000 0.000000 1.000000 0.000000
0.976022 0.217670 0.000000 89.195508 -0.217670 0.976022 0.000000 -10.299696 0.000000 0.000000 1.000000 0.000000
0.975989 0.217821 0.000000 89.739966 -0.217821 0.975989 0.000000 -10.425638 0.000000 0.000000 1.000000 0.000000
0.974908 0.222608 0.000000 90.288542 -0.222608 0.974908 0.000000 -10.542136 0.000000 0.000000 1.000000 0.000000
0.973884 0.227048 0.000000 90.840763 -0.227048 0.973884 0.000000 -10.674535 0.000000 0.000000 1.000000 0.000000
0.974040 0.226376 0.000000 91.681590 -0.226376 0.974040 0.000000 -10.887290 0.000000 0.000000 1.000000 0.000000
0.973595 0.228281 0.000000 92.207671 -0.228281 0.973595 0.000000 -11.005823 0.000000 0.000000 1.000000 0.000000
0.970969 0.239206 0.000000 93.305519 -0.239206 0.970969 0.000000 -11.277911 0.000000 0.000000 1.000000 0.000000
0.969859 0.243666 0.000000 94.031796 -0.243666 0.969859 0.000000 -11.460698 0.000000 0.000000 1.000000 0.000000
0.968920 0.247372 0.000000 94.609752 -0.247372 0.968920 0.000000 -11.603104 0.000000 0.000000 1.000000 0.000000
0.967621 0.252408 0.000000 95.188638 -0.252408 0.967621 0.000000 -11.761425 0.000000 0.000000 1.000000 0.000000
0.966233 0.257672 0.000000 95.764679 -0.257672 0.966233 0.000000 -11.925902 0.000000 0.000000 1.000000 0.000000
0.965789 0.259329 0.000000 96.351231 -0.259329 0.965789 0.000000 -12.081839 0.000000 0.000000 1.000000 0.000000
0.965444 0.260611 0.000000 96.973022 -0.260611 0.965444 0.000000 -12.251904 0.000000 0.000000 1.000000 0.000000
0.964770 0.263093 0.000000 97.540746 -0.263093 0.964770 0.000000 -12.411185 0.000000 0.000000 1.000000 0.000000
0.963801 0.266621 0.000000 98.124968 -0.266621 0.963801 0.000000 -12.579915 0.000000 0.000000 1.000000 0.000000
0.963357 0.268224 0.000000 98.722180 -0.268224 0.963357 0.000000 -12.748525 0.000000 0.000000 1.000000 0.000000
0.964434 0.264323 0.000000 99.282782 -0.264323 0.964434 0.000000 -12.906578 0.000000 0.000000 1.000000 0.000000
0.965203 0.261501 0.000000 99.887211 -0.261501 0.965203 0.000000 -13.074306 0.000000 0.000000 1.000000 0.000000
0.965188 0.261558 0.000000 100.490557 -0.261558 0.965188 0.000000 -13.246406 0.000000 0.000000 1.000000 0.000000
0.964902 0.262610 0.000000 101.050092 -0.262610 0.964902 0.000000 -13.406557 0.000000 0.000000 1.000000 0.000000
0.964811 0.262945 0.000000 102.127594 -0.262945 0.964811 0.000000 -13.705285 0.000000 0.000000 1.000000 0.000000
0.964564 0.263850 0.000000 102.780907 -0.263850 0.964564 0.000000 -13.894016 0.000000 0.000000 1.000000 0.000000
0.964446 0.264280 0.000000 103.390929 -0.264280 0.964446 0.000000 -14.079072 0.000000 0.000000 1.000000 0.000000
0.963735 0.266860 0.000000 104.008336 -0.266860 0.963735 0.000000 -14.255155 0.000000 0.000000 1.000000 0.000000
0.962822 0.270137 0.000000 104.609287 -0.270137 0.962822 0.000000 -14.431838 0.000000 0.000000 1.000000 0.000000
0.963366 0.268190 0.000000 105.228308 -0.268190 0.963366 0.000000 -14.616244 0.000000 0.000000 1.000000 0.000000
0.963244 0.268629 0.000000 105.806716 -0.268629 0.963244 0.000000 -14.784876 0.000000 0.000000 1.000000 0.000000
0.963236 0.268656 0.000000 106.433716 -0.268656 0.963236 0.000000 -14.965731 0.000000 0.000000 1.000000 0.000000
0.963179 0.268862 0.000000 107.018305 -0.268862 0.963179 0.000000 -15.133697 0.000000 0.000000 1.000000 0.000000
0.962611 0.270886 0.000000 107.645800 -0.270886 0.962611 0.000000 -15.328188 0.000000 0.000000 1.000000 0.000000
0.961794 0.273774 0.000000 108.269579 -0.273774 0.961794 0.000000 -15.522096 0.000000 0.000000 1.000000 0.000000
0.961501 0.274800 0.000000 108.906318 -0.274800 0.961501 0.000000 -15.708443 0.000000 0.000000 1.000000 0.000000
0.961855 0.273560 0.000000 109.692960 -0.273560 0.961855 0.000000 -15.950087 0.000000 0.000000 1.000000 0.000000
0.961813 0.273708 0.000000 110.286739 -0.273708 0.961813 0.000000 -16.122904 0.000000 0.000000 1.000000 0.000000
0.960097 0.279669 0.000000 110.924502 -0.279669 0.960097 0.000000 -16.320533 0.000000 0.000000 1.000000 0.000000
0.960980 0.276619 0.000000 111.933669 -0.276619 0.960980 0.000000 -16.614273 0.000000 0.000000 1.000000 0.000000
0.960934 0.276776 0.000000 112.576069 -0.276776 0.960934 0.000000 -16.808426 0.000000 0.000000 1.000000 0.000000
0.960855 0.277052 0.000000 113.219399 -0.277052 0.960855 0.000000 -17.010616 0.000000 0.000000 1.000000 0.000000
0.960101 0.279653 0.000000 113.868137 -0.279653 0.960101 0.000000 -17.211502 0.000000 0.000000 1.000000 0.000000
0.959895 0.280360 0.000000 114.493219 -0.280360 0.959895 0.000000 -17.418322 0.000000 0.000000 1.000000 0.000000
0.959789 0.280724 0.000000 115.136918 -0.280724 0.959789 0.000000 -17.618683 0.000000 0.000000 1.000000 0.000000
0.960188 0.279355 0.000000 115.734455 -0.279355 0.960188 0.000000 -17.820309 0.000000 0.000000 1.000000 0.000000
0.960306 0.278949 0.000000 116.870653 -0.278949 0.960306 0.000000 -18.172338 0.000000 0.000000 1.000000 0.000000
0.961203 0.275842 0.000000 117.510947 -0.275842 0.961203 0.000000 -18.377983 0.000000 0.000000 1.000000 0.000000
0.961640 0.274316 0.000000 118.157598 -0.274316 0.961640 0.000000 -18.582956 0.000000 0.000000 1.000000 0.000000
0.961866 0.273523 0.000000 118.801025 -0.273523 0.961866 0.000000 -18.782358 0.000000 0.000000 1.000000 0.000000
0.961674 0.274196 0.000000 120.116006 -0.274196 0.961674 0.000000 -19.177090 0.000000 0.000000 1.000000 0.000000
0.962191 0.272377 0.000000 120.709200 -0.272377 0.962191 0.000000 -19.361353 0.000000 0.000000 1.000000 0.000000
0.961693 0.274127 0.000000 121.355413 -0.274127 0.961693 0.000000 -19.560758 0.000000 0.000000 1.000000 0.000000
0.962525 0.271193 0.000000 121.961507 -0.271193 0.962525 0.000000 -19.753838 0.000000 0.000000 1.000000 0.000000
0.962171 0.272447 0.000000 122.563438 -0.272447 0.962171 0.000000 -19.929463 0.000000 0.000000 1.000000 0.000000
0.956734 0.290965 0.000000 127.236744 -0.290965 0.956734 0.000000 -21.401461 0.000000 0.000000 1.000000 0.000000
0.958369 0.285533 0.000000 127.873795 -0.285533 0.958369 0.000000 -21.600941 0.000000 0.000000 1.000000 0.000000
0.957772 0.287527 0.000000 128.477344 -0.287527 0.957772 0.000000 -21.784372 0.000000 0.000000 1.000000 0.000000
0.959310 0.282354 0.000000 129.099745 -0.282354 0.959310 0.000000 -21.984496 0.000000 0.000000 1.000000 0.000000
0.959163 0.282853 0.000000 129.693141 -0.282853 0.959163 0.000000 -22.173656 0.000000 0.000000 1.000000 0.000000
0.960600 0.277935 0.000000 130.307156 -0.277935 0.960600 0.000000 -22.365575 0.000000 0.000000 1.000000 0.000000
0.959891 0.280373 0.000000 130.933277 -0.280373 0.959891 0.000000 -22.567295 0.000000 0.000000 1.000000 0.000000
0.960598 0.277940 0.000000 131.735828 -0.277940 0.960598 0.000000 -22.820149 0.000000 0.000000 1.000000 0.000000
0.960449 0.278455 0.000000 132.365178 -0.278455 0.960449 0.000000 -23.019575 0.000000 0.000000 1.000000 0.000000
0.959543 0.281563 0.000000 132.997834 -0.281563 0.959543 0.000000 -23.199160 0.000000 0.000000 1.000000 0.000000
0.959064 0.283188 0.000000 133.915721 -0.283188 0.959064 0.000000 -23.471337 0.000000 0.000000 1.000000 0.000000
0.959381 0.282112 0.000000 134.533062 -0.282112 0.959381 0.000000 -23.673280 0.000000 0.000000 1.000000 0.000000
0.959448 0.281887 0.000000 135.151891 -0.281887 0.959448 0.000000 -23.866119 0.000000 0.000000 1.000000 0.000000
0.959671 0.281125 0.000000 135.767364 -0.281125 0.959671 0.000000 -24.063903 0.000000 0.000000 1.000000 0.000000
0.959865 0.280462 0.000000 136.379865 -0.280462 0.959865 0.000000 -24.261956 0.000000 0.000000 1.000000 0.000000
0.959543 0.281561 0.000000 137.288221 -0.281561 0.959543 0.000000 -24.546129 0.000000 0.000000 1.000000 0.000000
0.959384 0.282103 0.000000 137.880870 -0.282103 0.959384 0.000000 -24.737619 0.000000 0.000000 1.000000 0.000000
0.958959 0.283546 0.000000 138.492899 -0.283546 0.958959 0.000000 -24.926505 0.000000 0.000000 1.000000 0.000000
0.958459 0.285229 0.000000 139.057464 -0.285229 0.958459 0.000000 -25.109192 0.000000 0.000000 1.000000 0.000000
0.957232 0.289320 0.000000 139.843969 -0.289320 0.957232 0.000000 -25.357788 0.000000 0.000000 1.000000 0.000000
0.957018 0.290030 0.000000 140.446197 -0.290030 0.957018 0.000000 -25.560648 0.000000 0.000000 1.000000 0.000000
0.957112 0.289718 0.000000 141.046608 -0.289718 0.957112 0.000000 -25.757150 0.000000 0.000000 1.000000 0.000000
0.957429 0.288670 0.000000 141.644049 -0.288670 0.957429 0.000000 -25.948539 0.000000 0.000000 1.000000 0.000000
0.958318 0.285703 0.000000 142.241417 -0.285703 0.958318 0.000000 -26.142215 0.000000 0.000000 1.000000 0.000000
0.958328 0.285671 0.000000 143.392449 -0.285671 0.958328 0.000000 -26.509973 0.000000 0.000000 1.000000 0.000000
0.959171 0.282828 0.000000 143.945735 -0.282828 0.959171 0.000000 -26.684425 0.000000 0.000000 1.000000 0.000000
0.958097 0.286443 0.000000 144.527129 -0.286443 0.958097 0.000000 -26.857184 0.000000 0.000000 1.000000 0.000000
0.958741 0.284283 0.000000 145.105497 -0.284283 0.958741 0.000000 -27.042188 0.000000 0.000000 1.000000 0.000000
0.958402 0.285422 0.000000 145.651883 -0.285422 0.958402 0.000000 -27.214805 0.000000 0.000000 1.000000 0.000000
0.958680 0.284486 0.000000 146.231711 -0.284486 0.958680 0.000000 -27.404596 0.000000 0.000000 1.000000 0.000000
0.960254 0.279128 0.000000 146.941763 -0.279128 0.960254 0.000000 -27.636660 0.000000 0.000000 1.000000 0.000000
0.960442 0.278481 0.000000 147.515520 -0.278481 0.960442 0.000000 -27.821128 0.000000 0.000000 1.000000 0.000000
0.960704 0.277576 0.000000 148.045854 -0.277576 0.960704 0.000000 -27.993649 0.000000 0.000000 1.000000 0.000000
0.960582 0.277997 0.000000 148.623327 -0.277997 0.960582 0.000000 -28.170822 0.000000 0.000000 1.000000 0.000000
0.960031 0.279892 0.000000 149.191755 -0.279892 0.960031 0.000000 -28.350747 0.000000 0.000000 1.000000 0.000000
0.959765 0.280804 0.000000 149.721643 -0.280804 0.959765 0.000000 -28.518398 0.000000 0.000000 1.000000 0.000000
0.959615 0.281315 0.000000 150.286564 -0.281315 0.959615 0.000000 -28.699822 0.000000 0.000000 1.000000 0.000000
0.960607 0.277909 0.000000 150.818788 -0.277909 0.960607 0.000000 -28.864989 0.000000 0.000000 1.000000 0.000000
0.960086 0.279704 0.000000 151.382514 -0.279704 0.960086 0.000000 -29.036624 0.000000 0.000000 1.000000 0.000000
0.959524 0.281629 0.000000 151.944511 -0.281629 0.959524 0.000000 -29.219167 0.000000 0.000000 1.000000 0.000000
0.958510 0.285058 0.000000 152.670015 -0.285058 0.958510 0.000000 -29.439052 0.000000 0.000000 1.000000 0.000000
0.957732 0.287663 0.000000 153.197738 -0.287663 0.957732 0.000000 -29.597415 0.000000 0.000000 1.000000 0.000000
0.957288 0.289135 0.000000 153.761412 -0.289135 0.957288 0.000000 -29.767373 0.000000 0.000000 1.000000 0.000000
0.956801 0.290744 0.000000 154.289948 -0.290744 0.956801 0.000000 -29.937649 0.000000 0.000000 1.000000 0.000000
0.956615 0.291356 0.000000 154.844519 -0.291356 0.956615 0.000000 -30.109543 0.000000 0.000000 1.000000 0.000000
0.957262 0.289222 0.000000 155.368902 -0.289222 0.957262 0.000000 -30.274522 0.000000 0.000000 1.000000 0.000000
0.957032 0.289981 0.000000 156.086418 -0.289981 0.957032 0.000000 -30.502431 0.000000 0.000000 1.000000 0.000000
0.957080 0.289822 0.000000 156.595412 -0.289822 0.957080 0.000000 -30.668898 0.000000 0.000000 1.000000 0.000000
0.955019 0.296545 0.000000 157.137856 -0.296545 0.955019 0.000000 -30.861674 0.000000 0.000000 1.000000 0.000000
0.955003 0.296595 0.000000 157.646911 -0.296595 0.955003 0.000000 -31.027876 0.000000 0.000000 1.000000 0.000000
0.956138 0.292916 0.000000 158.194986 -0.292916 0.956138 0.000000 -31.198664 0.000000 0.000000 1.000000 0.000000
0.956106 0.293022 0.000000 158.706050 -0.293022 0.956106 0.000000 -31.363625 0.000000 0.000000 1.000000 0.000000
0.955941 0.293559 0.000000 159.447130 -0.293559 0.955941 0.000000 -31.603048 0.000000 0.000000 1.000000 0.000000
0.955300 0.295638 0.000000 159.994686 -0.295638 0.955300 0.000000 -31.777016 0.000000 0.000000 1.000000 0.000000
0.956708 0.291051 0.000000 160.539777 -0.291051 0.956708 0.000000 -31.959183 0.000000 0.000000 1.000000 0.000000
0.957642 0.287961 0.000000 161.086699 -0.287961 0.957642 0.000000 -32.136123 0.000000 0.000000 1.000000 0.000000
0.958602 0.284749 0.000000 161.632423 -0.284749 0.958602 0.000000 -32.314833 0.000000 0.000000 1.000000 0.000000
0.957974 0.286855 0.000000 162.172526 -0.286855 0.957974 0.000000 -32.498899 0.000000 0.000000 1.000000 0.000000
0.958248 0.285937 0.000000 162.716876 -0.285937 0.958248 0.000000 -32.676550 0.000000 0.000000 1.000000 0.000000
0.959386 0.282096 0.000000 163.231414 -0.282096 0.959386 0.000000 -32.842178 0.000000 0.000000 1.000000 0.000000
0.960716 0.277535 0.000000 163.772558 -0.277535 0.960716 0.000000 -33.014967 0.000000 0.000000 1.000000 0.000000
0.961053 0.276365 0.000000 164.321418 -0.276365 0.961053 0.000000 -33.195698 0.000000 0.000000 1.000000 0.000000
0.961611 0.274418 0.000000 164.828441 -0.274418 0.961611 0.000000 -33.358699 0.000000 0.000000 1.000000 0.000000
0.961929 0.273300 0.000000 165.375142 -0.273300 0.961929 0.000000 -33.532936 0.000000 0.000000 1.000000 0.000000
0.963082 0.269209 0.000000 165.894704 -0.269209 0.963082 0.000000 -33.682663 0.000000 0.000000 1.000000 0.000000
0.963263 0.268560 0.000000 166.444769 -0.268560 0.963263 0.000000 -33.853755 0.000000 0.000000 1.000000 0.000000
0.964883 0.262681 0.000000 166.989091 -0.262681 0.964883 0.000000 -34.022743 0.000000 0.000000 1.000000 0.000000
0.966403 0.257030 0.000000 167.544646 -0.257030 0.966403 0.000000 -34.192334 0.000000 0.000000 1.000000 0.000000
0.967598 0.252496 0.000000 168.064509 -0.252496 0.967598 0.000000 -34.347568 0.000000 0.000000 1.000000 0.000000
0.968798 0.247851 0.000000 168.614806 -0.247851 0.968798 0.000000 -34.503299 0.000000 0.000000 1.000000 0.000000
0.970111 0.242661 0.000000 169.120227 -0.242661 0.970111 0.000000 -34.645698 0.000000 0.000000 1.000000 0.000000
0.971799 0.235809 0.000000 169.673086 -0.235809 0.971799 0.000000 -34.800528 0.000000 0.000000 1.000000 0.000000
0.973123 0.230285 0.000000 170.389330 -0.230285 0.973123 0.000000 -35.000663 0.000000 0.000000 1.000000 0.000000
0.973707 0.227804 0.000000 170.942847 -0.227804 0.973707 0.000000 -35.133177 0.000000 0.000000 1.000000 0.000000
0.974487 0.224445 0.000000 171.447068 -0.224445 0.974487 0.000000 -35.263350 0.000000 0.000000 1.000000 0.000000
0.974329 0.225130 0.000000 172.001276 -0.225130 0.974329 0.000000 -35.411246 0.000000 0.000000 1.000000 0.000000
0.974823 0.222979 0.000000 172.689816 -0.222979 0.974823 0.000000 -35.587480 0.000000 0.000000 1.000000 0.000000
0.976021 0.217677 0.000000 173.783105 -0.217677 0.976021 0.000000 -35.860671 0.000000 0.000000 1.000000 0.000000
0.976719 0.214522 0.000000 174.326300 -0.214522 0.976719 0.000000 -35.998399 0.000000 0.000000 1.000000 0.000000
0.977559 0.210662 0.000000 174.869623 -0.210662 0.977559 0.000000 -36.127734 0.000000 0.000000 1.000000 0.000000
0.977523 0.210830 0.000000 175.413836 -0.210830 0.977523 0.000000 -36.254358 0.000000 0.000000 1.000000 0.000000
0.978192 0.207703 0.000000 175.958623 -0.207703 0.978192 0.000000 -36.373574 0.000000 0.000000 1.000000 0.000000
0.978720 0.205202 0.000000 176.503534 -0.205202 0.978720 0.000000 -36.492091 0.000000 0.000000 1.000000 0.000000
0.978531 0.206100 0.000000 177.065654 -0.206100 0.978531 0.000000 -36.627601 0.000000 0.000000 1.000000 0.000000
0.978633 0.205615 0.000000 177.606680 -0.205615 0.978633 0.000000 -36.750135 0.000000 0.000000 1.000000 0.000000
0.978488 0.206303 0.000000 178.103690 -0.206303 0.978488 0.000000 -36.862213 0.000000 0.000000 1.000000 0.000000
0.978089 0.208188 0.000000 178.603787 -0.208188 0.978089 0.000000 -36.987276 0.000000 0.000000 1.000000 0.000000
0.978092 0.208172 0.000000 179.138266 -0.208172 0.978092 0.000000 -37.108561 0.000000 0.000000 1.000000 0.000000
0.978389 0.206771 0.000000 179.635195 -0.206771 0.978389 0.000000 -37.222646 0.000000 0.000000 1.000000 0.000000
0.978847 0.204596 0.000000 180.171207 -0.204596 0.978847 0.000000 -37.338712 0.000000 0.000000 1.000000 0.000000
0.979230 0.202752 0.000000 180.667337 -0.202752 0.979230 0.000000 -37.442456 0.000000 0.000000 1.000000 0.000000
0.979155 0.203113 0.000000 181.195255 -0.203113 0.979155 0.000000 -37.563536 0.000000 0.000000 1.000000 0.000000
0.979317 0.202334 0.000000 181.690196 -0.202334 0.979317 0.000000 -37.668835 0.000000 0.000000 1.000000 0.000000
0.980178 0.198118 0.000000 182.219376 -0.198118 0.980178 0.000000 -37.781197 0.000000 0.000000 1.000000 0.000000
0.980677 0.195635 0.000000 182.706207 -0.195635 0.980677 0.000000 -37.882584 0.000000 0.000000 1.000000 0.000000
0.980819 0.194919 0.000000 183.236727 -0.194919 0.980819 0.000000 -37.986984 0.000000 0.000000 1.000000 0.000000
0.980731 0.195361 0.000000 183.729099 -0.195361 0.980731 0.000000 -38.086781 0.000000 0.000000 1.000000 0.000000
0.980501 0.196513 0.000000 184.252657 -0.196513 0.980501 0.000000 -38.194165 0.000000 0.000000 1.000000 0.000000
0.980676 0.195637 0.000000 184.900935 -0.195637 0.980676 0.000000 -38.333652 0.000000 0.000000 1.000000 0.000000
0.981554 0.191187 0.000000 185.423403 -0.191187 0.981554 0.000000 -38.444467 0.000000 0.000000 1.000000 0.000000
0.982427 0.186648 0.000000 185.935397 -0.186648 0.982427 0.000000 -38.556170 0.000000 0.000000 1.000000 0.000000
0.982602 0.185724 0.000000 186.415872 -0.185724 0.982602 0.000000 -38.654157 0.000000 0.000000 1.000000 0.000000
0.983946 0.178465 0.000000 187.130925 -0.178465 0.983946 0.000000 -38.796075 0.000000 0.000000 1.000000 0.000000
0.984506 0.175349 0.000000 187.648091 -0.175349 0.984506 0.000000 -38.896678 0.000000 0.000000 1.000000 0.000000
0.985033 0.172366 0.000000 188.162593 -0.172366 0.985033 0.000000 -38.990579 0.000000 0.000000 1.000000 0.000000
0.985040 0.172325 0.000000 188.677955 -0.172325 0.985040 0.000000 -39.091069 0.000000 0.000000 1.000000 0.000000
0.986217 0.165460 0.000000 189.188255 -0.165460 0.986217 0.000000 -39.178542 0.000000 0.000000 1.000000 0.000000
0.988125 0.153650 0.000000 190.202657 -0.153650 0.988125 0.000000 -39.363175 0.000000 0.000000 1.000000 0.000000
0.988645 0.150273 0.000000 190.698542 -0.150273 0.988645 0.000000 -39.429966 0.000000 0.000000 1.000000 0.000000
0.989825 0.142287 0.000000 191.198581 -0.142287 0.989825 0.000000 -39.510560 0.000000 0.000000 1.000000 0.000000
0.991011 0.133780 0.000000 191.661846 -0.133780 0.991011 0.000000 -39.581518 0.000000 0.000000 1.000000 0.000000
0.991969 0.126478 0.000000 192.160878 -0.126478 0.991969 0.000000 -39.648495 0.000000 0.000000 1.000000 0.000000
0.993090 0.117359 0.000000 192.629760 -0.117359 0.993090 0.000000 -39.706924 0.000000 0.000000 1.000000 0.000000
0.995259 0.097255 0.000000 193.578465 -0.097255 0.995259 0.000000 -39.817383 0.000000 0.000000 1.000000 0.000000
0.996106 0.088168 0.000000 194.064166 -0.088168 0.996106 0.000000 -39.872520 0.000000 0.000000 1.000000 0.000000
0.997065 0.076561 0.000000 194.519281 -0.076561 0.997065 0.000000 -39.917484 0.000000 0.000000 1.000000 0.000000
0.997914 0.064564 0.000000 195.200665 -0.064564 0.997914 0.000000 -39.973085 0.000000 0.000000 1.000000 0.000000
0.998610 0.052713 0.000000 195.674010 -0.052713 0.998610 0.000000 -40.008058 0.000000 0.000000 1.000000 0.000000
0.999145 0.041350 0.000000 196.146716 -0.041350 0.999145 0.000000 -40.043171 0.000000 0.000000 1.000000 0.000000
0.999530 0.030644 0.000000 196.586757 -0.030644 0.999530 0.000000 -40.065523 0.000000 0.000000 1.000000 0.000000
0.999773 0.021310 0.000000 197.058245 -0.021310 0.999773 0.000000 -40.087848 0.000000 0.000000 1.000000 0.000000
0.999989 0.004677 0.000000 197.527160 -0.004677 0.999989 0.000000 -40.104845 0.000000 0.000000 1.000000 0.000000
0.999986 -0.005320 0.000000 197.961351 0.005320 0.999986 0.000000 -40.119018 0.000000 0.000000 1.000000 0.000000
0.999853 -0.017130 0.000000 198.424470 0.017130 0.999853 0.000000 -40.128496 0.000000 0.000000 1.000000 0.000000
0.999680 -0.025298 0.000000 198.848833 0.025298 0.999680 0.000000 -40.132798 0.000000 0.000000 1.000000 0.000000
0.999336 -0.036430 0.000000 199.301825 0.036430 0.999336 0.000000 -40.134593 0.000000 0.000000 1.000000 0.000000
0.998914 -0.046587 0.000000 199.723048 0.046587 0.998914 0.000000 -40.131988 0.000000 0.000000 1.000000 0.000000
