0.999977 0.006849 0.000000 0.582836 -0.006849 0.999977 0.000000 0.001765 0.000000 0.000000 1.000000 0.000000
0.999943 0.010688 0.000000 1.718035 -0.010688 0.999943 0.000000 -0.036026 0.000000 0.000000 1.000000 0.000000
0.999926 0.012160 0.000000 2.295352 -0.012160 0.999926 0.000000 -0.055999 0.000000 0.000000 1.000000 0.000000
0.999897 0.014343 0.000000 3.098033 -0.014343 0.999897 0.000000 -0.101282 0.000000 0.000000 1.000000 0.000000
0.999894 0.014553 0.000000 3.699063 -0.014553 0.999894 0.000000 -0.124186 0.000000 0.000000 1.000000 0.000000
0.999894 0.014540 0.000000 4.272911 -0.014540 0.999894 0.000000 -0.143707 0.000000 0.000000 1.000000 0.000000
0.999887 0.015051 0.000000 4.862182 -0.015051 0.999887 0.000000 -0.135553 0.000000 0.000000 1.000000 0.000000
0.999878 0.015627 0.000000 5.410140 -0.015627 0.999878 0.000000 -0.141685 0.000000 0.000000 1.000000 0.000000
0.999870 0.016124 0.000000 6.005191 -0.016124 0.999870 0.000000 -0.157940 0.000000 0.000000 1.000000 0.000000
0.999848 0.017409 0.000000 6.556613 -0.017409 0.999848 0.000000 -0.148316 0.000000 0.000000 1.000000 0.000000
0.999849 0.017387 0.000000 7.124179 -0.017387 0.999849 0.000000 -0.140112 0.000000 0.000000 1.000000 0.000000
0.999819 0.019035 0.000000 7.677405 -0.019035 0.999819 0.000000 -0.135513 0.000000 0.000000 1.000000 0.000000
0.999813 0.019322 0.000000 8.231079 -0.019322 0.999813 0.000000 -0.147332 0.000000 0.000000 1.000000 0.000000
0.999770 0.021457 0.000000 8.815013 -0.021457 0.999770 0.000000 -0.159785 0.000000 0.000000 1.000000 0.000000
0.999725 0.023465 0.000000 9.571326 -0.023465 0.999725 0.000000 -0.179229 0.000000 0.000000 1.000000 0.000000
0.999685 0.025084 0.000000 10.179804 -0.025084 0.999685 0.000000 -0.173611 0.000000 0.000000 1.000000 0.000000
0.999668 0.025764 0.000000 10.719233 -0.025764 0.999668 0.000000 -0.166852 0.000000 0.000000 1.000000 0.000000
0.999614 0.027773 0.000000 11.343668 -0.027773 0.999614 0.000000 -0.175139 0.000000 0.000000 1.000000 0.000000
0.999584 0.028840 0.000000 11.918740 -0.028840 0.999584 0.000000 -0.183231 0.000000 0.000000 1.000000 0.000000
0.999580 0.028973 0.000000 12.491579 -0.028973 0.999580 0.000000 -0.188746 0.000000 0.000000 1.000000 0.000000
0.999482 0.032194 0.000000 13.072428 -0.032194 0.999482 0.000000 -0.185745 0.000000 0.000000 1.000000 0.000000
0.999448 0.033213 0.000000 13.654066 -0.033213 0.999448 0.000000 -0.186689 0.000000 0.000000 1.000000 0.000000
0.999363 0.035686 0.000000 14.227711 -0.035686 0.999363 0.000000 -0.174427 0.000000 0.000000 1.000000 0.000000
0.999347 0.036130 0.000000 14.814923 -0.036130 0.999347 0.000000 -0.171112 0.000000 0.000000 1.000000 0.000000
0.999259 0.038491 0.000000 15.398644 -0.038491 0.999259 0.000000 -0.185565 0.000000 0.000000 1.000000 0.000000
0.999181 0.040467 0.000000 15.974732 -0.040467 0.999181 0.000000 -0.230624 0.000000 0.000000 1.000000 0.000000
0.999193 0.040169 0.000000 16.525834 -0.040169 0.999193 0.000000 -0.258125 0.000000 0.000000 1.000000 0.000000
0.999013 0.044430 0.000000 17.105049 -0.044430 0.999013 0.000000 -0.288353 0.000000 0.000000 1.000000 0.000000
0.998959 0.045610 0.000000 18.205875 -0.045610 0.998959 0.000000 -0.334734 0.000000 0.000000 1.000000 0.000000
0.999003 0.044639 0.000000 19.150330 -0.044639 0.999003 0.000000 -0.392263 0.000000 0.000000 1.000000 0.000000
0.999085 0.042780 0.000000 19.725348 -0.042780 0.999085 0.000000 -0.431567 0.000000 0.000000 1.000000 0.000000
0.998995 0.044816 0.000000 20.303099 -0.044816 0.998995 0.000000 -0.468601 0.000000 0.000000 1.000000 0.000000
0.998915 0.046579 0.000000 20.859104 -0.046579 0.998915 0.000000 -0.530296 0.000000 0.000000 1.000000 0.000000
0.999088 0.042707 0.000000 21.414952 -0.042707 0.999088 0.000000 -0.566591 0.000000 0.000000 1.000000 0.000000
0.999136 0.041567 0.000000 22.005564 -0.041567 0.999136 0.000000 -0.578978 0.000000 0.000000 1.000000 0.000000
0.998636 0.052204 0.000000 22.541409 -0.052204 0.998636 0.000000 -0.601082 0.000000 0.000000 1.000000 0.000000
0.997836 0.065751 0.000000 23.685037 -0.065751 0.997836 0.000000 -0.656523 0.000000 0.000000 1.000000 0.000000
0.997924 0.064409 0.000000 24.249268 -0.064409 0.997924 0.000000 -0.703663 0.000000 0.000000 1.000000 0.000000
0.997731 0.067319 0.000000 24.813434 -0.067319 0.997731 0.000000 -0.757260 0.000000 0.000000 1.000000 0.000000
0.997706 0.067700 0.000000 25.320976 -0.067700 0.997706 0.000000 -0.818876 0.000000 0.000000 1.000000 0.000000
0.997808 0.066175 0.000000 25.891315 -0.066175 0.997808 0.000000 -0.867357 0.000000 0.000000 1.000000 0.000000
0.997372 0.072455 0.000000 26.772948 -0.072455 0.997372 0.000000 -0.932019 0.000000 0.000000 1.000000 0.000000
0.997381 0.072332 0.000000 27.357434 -0.072332 0.997381 0.000000 -0.997312 0.000000 0.000000 1.000000 0.000000
0.997307 0.073342 0.000000 27.895468 -0.073342 0.997307 0.000000 -1.041111 0.000000 0.000000 1.000000 0.000000
0.997368 0.072506 0.000000 28.475564 -0.072506 0.997368 0.000000 -1.086786 0.000000 0.000000 1.000000 0.000000
0.997275 0.073776 0.000000 29.048702 -0.073776 0.997275 0.000000 -1.150291 0.000000 0.000000 1.000000 0.000000
0.997249 0.074125 0.000000 29.597433 -0.074125 0.997249 0.000000 -1.197823 0.000000 0.000000 1.000000 0.000000
0.997031 0.077004 0.000000 30.165021 -0.077004 0.997031 0.000000 -1.252166 0.000000 0.000000 1.000000 0.000000
0.997202 0.074751 0.000000 30.737963 -0.074751 0.997202 0.000000 -1.318993 0.000000 0.000000 1.000000 0.000000
0.996974 0.077740 0.000000 31.273010 -0.077740 0.996974 0.000000 -1.344354 0.000000 0.000000 1.000000 0.000000
0.996852 0.079284 0.000000 31.793631 -0.079284 0.996852 0.000000 -1.395461 0.000000 0.000000 1.000000 0.000000
0.996584 0.082591 0.000000 32.742190 -0.082591 0.996584 0.000000 -1.480378 0.000000 0.000000 1.000000 0.000000
0.996137 0.087818 0.000000 33.311686 -0.087818 0.996137 0.000000 -1.543067 0.000000 0.000000 1.000000 0.000000
0.995861 0.090894 0.000000 33.883513 -0.090894 0.995861 0.000000 -1.582173 0.000000 0.000000 1.000000 0.000000
0.995749 0.092103 0.000000 34.473128 -0.092103 0.995749 0.000000 -1.636549 0.000000 0.000000 1.000000 0.000000
0.995491 0.094853 0.000000 35.037407 -0.094853 0.995491 0.000000 -1.685397 0.000000 0.000000 1.000000 0.000000
0.995409 0.095708 0.000000 35.603241 -0.095708 0.995409 0.000000 -1.753896 0.000000 0.000000 1.000000 0.000000
0.995278 0.097069 0.000000 36.192599 -0.097069 0.995278 0.000000 -1.820554 0.000000 0.000000 1.000000 0.000000
0.995257 0.097285 0.000000 36.726063 -0.097285 0.995257 0.000000 -1.871251 0.000000 0.000000 1.000000 0.000000
0.995214 0.097722 0.000000 37.255484 -0.097722 0.995214 0.000000 -1.914844 0.000000 0.000000 1.000000 0.000000
0.995348 0.096345 0.000000 37.800772 -0.096345 0.995348 0.000000 -1.993001 0.000000 0.000000 1.000000 0.000000
0.994936 0.100511 0.000000 38.368256 -0.100511 0.994936 0.000000 -2.046760 0.000000 0.000000 1.000000 0.000000
0.994706 0.102759 0.000000 38.894061 -0.102759 0.994706 0.000000 -2.087081 0.000000 0.000000 1.000000 0.000000
0.994577 0.104002 0.000000 39.448823 -0.104002 0.994577 0.000000 -2.152166 0.000000 0.000000 1.000000 0.000000
0.994703 0.102790 0.000000 39.970585 -0.102790 0.994703 0.000000 -2.219572 0.000000 0.000000 1.000000 0.000000
0.994810 0.101752 0.000000 40.951578 -0.101752 0.994810 0.000000 -2.329731 0.000000 0.000000 1.000000 0.000000
0.994734 0.102488 0.000000 41.494305 -0.102488 0.994734 0.000000 -2.398476 0.000000 0.000000 1.000000 0.000000
0.994438 0.105325 0.000000 42.063372 -0.105325 0.994438 0.000000 -2.482276 0.000000 0.000000 1.000000 0.000000
0.994686 0.102952 0.000000 43.142460 -0.102952 0.994686 0.000000 -2.596408 0.000000 0.000000 1.000000 0.000000
0.993991 0.109464 0.000000 43.727521 -0.109464 0.993991 0.000000 -2.678562 0.000000 0.000000 1.000000 0.000000
0.993821 0.110990 0.000000 44.215153 -0.110990 0.993821 0.000000 -2.756981 0.000000 0.000000 1.000000 0.000000
0.993721 0.111889 0.000000 45.233154 -0.111889 0.993721 0.000000 -2.879966 0.000000 0.000000 1.000000 0.000000
0.993507 0.113769 0.000000 45.774744 -0.113769 0.993507 0.000000 -2.975063 0.000000 0.000000 1.000000 0.000000
0.993425 0.114482 0.000000 46.291209 -0.114482 0.993425 0.000000 -3.023561 0.000000 0.000000 1.000000 0.000000
0.993243 0.116051 0.000000 46.796625 -0.116051 0.993243 0.000000 -3.091159 0.000000 0.000000 1.000000 0.000000
0.992794 0.119830 0.000000 47.665040 -0.119830 0.992794 0.000000 -3.200595 0.000000 0.000000 1.000000 0.000000
0.992870 0.119200 0.000000 48.169356 -0.119200 0.992870 0.000000 -3.278846 0.000000 0.000000 1.000000 0.000000
0.992198 0.124674 0.000000 48.656741 -0.124674 0.992198 0.000000 -3.314519 0.000000 0.000000 1.000000 0.000000
0.991454 0.130458 0.000000 49.169493 -0.130458 0.991454 0.000000 -3.394410 0.000000 0.000000 1.000000 0.000000
0.991333 0.131371 0.000000 49.628860 -0.131371 0.991333 0.000000 -3.474409 0.000000 0.000000 1.000000 0.000000
0.991051 0.133480 0.000000 50.113407 -0.133480 0.991051 0.000000 -3.555964 0.000000 0.000000 1.000000 0.000000
0.990565 0.137043 0.000000 50.615300 -0.137043 0.990565 0.000000 -3.640874 0.000000 0.000000 1.000000 0.000000
0.989801 0.142455 0.000000 51.313605 -0.142455 0.989801 0.000000 -3.743658 0.000000 0.000000 1.000000 0.000000
0.989717 0.143042 0.000000 51.735348 -0.143042 0.989717 0.000000 -3.830683 0.000000 0.000000 1.000000 0.000000
0.989765 0.142705 0.000000 52.179836 -0.142705 0.989765 0.000000 -3.915089 0.000000 0.000000 1.000000 0.000000
0.989818 0.142338 0.000000 52.637177 -0.142338 0.989818 0.000000 -3.989910 0.000000 0.000000 1.000000 0.000000
0.989666 0.143391 0.000000 53.044212 -0.143391 0.989666 0.000000 -4.047628 0.000000 0.000000 1.000000 0.000000
0.990058 0.140657 0.000000 53.457440 -0.140657 0.990058 0.000000 -4.121544 0.000000 0.000000 1.000000 0.000000
0.990329 0.138742 0.000000 54.181917 -0.138742 0.990329 0.000000 -4.245423 0.000000 0.000000 1.000000 0.000000
0.990063 0.140622 0.000000 54.577903 -0.140622 0.990063 0.000000 -4.321988 0.000000 0.000000 1.000000 0.000000
0.989876 0.141936 0.000000 55.014889 -0.141936 0.989876 0.000000 -4.383593 0.000000 0.000000 1.000000 0.000000
0.989598 0.143860 0.000000 55.382984 -0.143860 0.989598 0.000000 -4.433091 0.000000 0.000000 1.000000 0.000000
0.989311 0.145819 0.000000 55.779139 -0.145819 0.989311 0.000000 -4.470894 0.000000 0.000000 1.000000 0.000000
0.989034 0.147690 0.000000 56.182875 -0.147690 0.989034 0.000000 -4.520569 0.000000 0.000000 1.000000 0.000000
0.988711 0.149835 0.000000 56.566637 -0.149835 0.988711 0.000000 -4.599045 0.000000 0.000000 1.000000 0.000000
0.988833 0.149026 0.000000 56.951196 -0.149026 0.988833 0.000000 -4.654002 0.000000 0.000000 1.000000 0.000000
0.988489 0.151295 0.000000 57.283873 -0.151295 0.988489 0.000000 -4.701713 0.000000 0.000000 1.000000 0.000000
0.988126 0.153649 0.000000 57.620754 -0.153649 0.988126 0.000000 -4.749316 0.000000 0.000000 1.000000 0.000000
0.987199 0.159491 0.000000 58.298856 -0.159491 0.987199 0.000000 -4.859794 0.000000 0.000000 1.000000 0.000000
0.987315 0.158771 0.000000 58.650676 -0.158771 0.987315 0.000000 -4.931704 0.000000 0.000000 1.000000 0.000000
0.987165 0.159702 0.000000 58.965044 -0.159702 0.987165 0.000000 -4.999054 0.000000 0.000000 1.000000 0.000000
0.987171 0.159664 0.000000 59.277395 -0.159664 0.987171 0.000000 -5.056623 0.000000 0.000000 1.000000 0.000000
0.986857 0.161598 0.000000 59.596386 -0.161598 0.986857 0.000000 -5.129474 0.000000 0.000000 1.000000 0.000000
0.986523 0.163623 0.000000 59.896248 -0.163623 0.986523 0.000000 -5.181807 0.000000 0.000000 1.000000 0.000000
0.985341 0.170596 0.000000 60.239649 -0.170596 0.985341 0.000000 -5.222211 0.000000 0.000000 1.000000 0.000000
0.985144 0.171728 0.000000 60.559085 -0.171728 0.985144 0.000000 -5.294726 0.000000 0.000000 1.000000 0.000000
0.985380 0.170374 0.000000 61.072751 -0.170374 0.985380 0.000000 -5.394508 0.000000 0.000000 1.000000 0.000000
0.985396 0.170279 0.000000 61.365383 -0.170279 0.985396 0.000000 -5.444665 0.000000 0.000000 1.000000 0.000000
0.985076 0.172120 0.000000 61.659824 -0.172120 0.985076 0.000000 -5.503307 0.000000 0.000000 1.000000 0.000000
0.984592 0.174867 0.000000 61.973198 -0.174867 0.984592 0.000000 -5.562650 0.000000 0.000000 1.000000 0.000000
0.984496 0.175404 0.000000 62.264881 -0.175404 0.984496 0.000000 -5.627860 0.000000 0.000000 1.000000 0.000000
0.984136 0.177416 0.000000 62.543666 -0.177416 0.984136 0.000000 -5.688024 0.000000 0.000000 1.000000 0.000000
0.984091 0.177666 0.000000 62.835746 -0.177666 0.984091 0.000000 -5.750437 0.000000 0.000000 1.000000 0.000000
0.983764 0.179467 0.000000 63.107333 -0.179467 0.983764 0.000000 -5.808504 0.000000 0.000000 1.000000 0.000000
0.983588 0.180429 0.000000 63.374399 -0.180429 0.983588 0.000000 -5.891537 0.000000 0.000000 1.000000 0.000000
0.982837 0.184476 0.000000 63.820256 -0.184476 0.982837 0.000000 -5.979326 0.000000 0.000000 1.000000 0.000000
0.982826 0.184536 0.000000 64.044119 -0.184536 0.982826 0.000000 -6.026051 0.000000 0.000000 1.000000 0.000000
0.982480 0.186367 0.000000 64.309674 -0.186367 0.982480 0.000000 -6.079579 0.000000 0.000000 1.000000 0.000000
0.982475 0.186395 0.000000 64.564843 -0.186395 0.982475 0.000000 -6.138885 0.000000 0.000000 1.000000 0.000000
0.982420 0.186686 0.000000 64.821609 -0.186686 0.982420 0.000000 -6.195363 0.000000 0.000000 1.000000 0.000000
0.982304 0.187291 0.000000 65.080672 -0.187291 0.982304 0.000000 -6.259841 0.000000 0.000000 1.000000 0.000000
0.982085 0.188439 0.000000 65.322500 -0.188439 0.982085 0.000000 -6.323246 0.000000 0.000000 1.000000 0.000000
0.982078 0.188477 0.000000 65.581187 -0.188477 0.982078 0.000000 -6.389831 0.000000 0.000000 1.000000 0.000000
0.981471 0.191613 0.000000 65.820512 -0.191613 0.981471 0.000000 -6.453323 0.000000 0.000000 1.000000 0.000000
0.981333 0.192316 0.000000 66.078942 -0.192316 0.981333 0.000000 -6.513277 0.000000 0.000000 1.000000 0.000000
0.981166 0.193166 0.000000 66.335978 -0.193166 0.981166 0.000000 -6.602075 0.000000 0.000000 1.000000 0.000000
0.981043 0.193789 0.000000 66.583694 -0.193789 0.981043 0.000000 -6.679472 0.000000 0.000000 1.000000 0.000000
0.980522 0.196407 0.000000 67.009213 -0.196407 0.980522 0.000000 -6.777000 0.000000 0.000000 1.000000 0.000000
0.980296 0.197536 0.000000 67.270562 -0.197536 0.980296 0.000000 -6.857753 0.000000 0.000000 1.000000 0.000000
0.980207 0.197978 0.000000 67.528153 -0.197978 0.980207 0.000000 -6.949793 0.000000 0.000000 1.000000 0.000000
0.979907 0.199455 0.000000 67.780647 -0.199455 0.979907 0.000000 -7.027746 0.000000 0.000000 1.000000 0.000000
0.979697 0.200485 0.000000 68.048757 -0.200485 0.979697 0.000000 -7.091277 0.000000 0.000000 1.000000 0.000000
0.979455 0.201661 0.000000 68.327395 -0.201661 0.979455 0.000000 -7.165788 0.000000 0.000000 1.000000 0.000000
0.979284 0.202492 0.000000 68.602408 -0.202492 0.979284 0.000000 -7.236438 0.000000 0.000000 1.000000 0.000000
0.979260 0.202606 0.000000 68.917710 -0.202606 0.979260 0.000000 -7.325822 0.000000 0.000000 1.000000 0.000000
0.978675 0.205415 0.000000 69.188688 -0.205415 0.978675 0.000000 -7.385379 0.000000 0.000000 1.000000 0.000000
0.978569 0.205917 0.000000 69.449311 -0.205917 0.978569 0.000000 -7.457948 0.000000 0.000000 1.000000 0.000000
0.978441 0.206525 0.000000 69.738936 -0.206525 0.978441 0.000000 -7.511935 0.000000 0.000000 1.000000 0.000000
0.977809 0.209498 0.000000 70.005190 -0.209498 0.977809 0.000000 -7.560034 0.000000 0.000000 1.000000 0.000000
0.977607 0.210441 0.000000 70.792921 -0.210441 0.977607 0.000000 -7.729120 0.000000 0.000000 1.000000 0.000000
0.976850 0.213925 0.000000 71.099087 -0.213925 0.976850 0.000000 -7.773879 0.000000 0.000000 1.000000 0.000000
0.976220 0.216784 0.000000 71.404323 -0.216784 0.976220 0.000000 -7.832787 0.000000 0.000000 1.000000 0.000000
0.975909 0.218180 0.000000 71.701391 -0.218180 0.975909 0.000000 -7.902856 0.000000 0.000000 1.000000 0.000000
0.976273 0.216542 0.000000 71.987710 -0.216542 0.976273 0.000000 -7.967837 0.000000 0.000000 1.000000 0.000000
0.975723 0.219008 0.000000 72.561014 -0.219008 0.975723 0.000000 -8.106765 0.000000 0.000000 1.000000 0.000000
0.975292 0.220921 0.000000 72.862586 -0.220921 0.975292 0.000000 -8.170609 0.000000 0.000000 1.000000 0.000000
0.975311 0.220837 0.000000 73.149759 -0.220837 0.975311 0.000000 -8.235972 0.000000 0.000000 1.000000 0.000000
0.975018 0.222128 0.000000 73.618233 -0.222128 0.975018 0.000000 -8.351492 0.000000 0.000000 1.000000 0.000000
0.974217 0.225611 0.000000 73.951912 -0.225611 0.974217 0.000000 -8.437477 0.000000 0.000000 1.000000 0.000000
0.972103 0.234556 0.000000 74.477712 -0.234556 0.972103 0.000000 -8.580135 0.000000 0.000000 1.000000 0.000000
0.971960 0.235147 0.000000 74.804621 -0.235147 0.971960 0.000000 -8.663485 0.000000 0.000000 1.000000 0.000000
0.971800 0.235806 0.000000 75.135040 -0.235806 0.971800 0.000000 -8.744494 0.000000 0.000000 1.000000 0.000000
0.970402 0.241496 0.000000 75.441373 -0.241496 0.970402 0.000000 -8.819090 0.000000 0.000000 1.000000 0.000000
0.970636 0.240551 0.000000 75.786881 -0.240551 0.970636 0.000000 -8.907309 0.000000 0.000000 1.000000 0.000000
0.970102 0.242697 0.000000 76.361102 -0.242697 0.970102 0.000000 -9.044214 0.000000 0.000000 1.000000 0.000000
0.970872 0.239598 0.000000 76.701122 -0.239598 0.970872 0.000000 -9.123188 0.000000 0.000000 1.000000 0.000000
0.970930 0.239364 0.000000 77.083493 -0.239364 0.970930 0.000000 -9.231593 0.000000 0.000000 1.000000 0.000000
0.970759 0.240055 0.000000 77.442306 -0.240055 0.970759 0.000000 -9.307421 0.000000 0.000000 1.000000 0.000000
0.970761 0.240046 0.000000 78.091963 -0.240046 0.970761 0.000000 -9.479680 0.000000 0.000000 1.000000 0.000000
0.970572 0.240809 0.000000 78.745726 -0.240809 0.970572 0.000000 -9.624023 0.000000 0.000000 1.000000 0.000000
0.971121 0.238587 0.000000 79.108118 -0.238587 0.971121 0.000000 -9.736085 0.000000 0.000000 1.000000 0.000000
0.971346 0.237668 0.000000 79.525833 -0.237668 0.971346 0.000000 -9.860430 0.000000 0.000000 1.000000 0.000000
0.970393 0.241531 0.000000 79.930722 -0.241531 0.970393 0.000000 -9.990941 0.000000 0.000000 1.000000 0.000000
0.969980 0.243184 0.000000 80.356041 -0.243184 0.969980 0.000000 -10.127573 0.000000 0.000000 1.000000 0.000000
0.969344 0.245708 0.000000 80.747971 -0.245708 0.969344 0.000000 -10.252217 0.000000 0.000000 1.000000 0.000000
0.969493 0.245117 0.000000 81.193949 -0.245117 0.969493 0.000000 -10.389548 0.000000 0.000000 1.000000 0.000000
0.970761 0.240047 0.000000 81.873897 -0.240047 0.970761 0.000000 -10.587413 0.000000 0.000000 1.000000 0.000000
0.970372 0.241614 0.000000 82.653499 -0.241614 0.970372 0.000000 -10.798124 0.000000 0.000000 1.000000 0.000000
0.970407 0.241477 0.000000 83.089687 -0.241477 0.970407 0.000000 -10.920646 0.000000 0.000000 1.000000 0.000000
0.969429 0.245371 0.000000 83.559492 -0.245371 0.969429 0.000000 -11.046648 0.000000 0.000000 1.000000 0.000000
0.968673 0.248338 0.000000 84.022216 -0.248338 0.968673 0.000000 -11.184845 0.000000 0.000000 1.000000 0.000000
0.967233 0.253892 0.000000 84.531052 -0.253892 0.967233 0.000000 -11.305544 0.000000 0.000000 1.000000 0.000000
0.967235 0.253884 0.000000 84.965400 -0.253884 0.967235 0.000000 -11.436945 0.000000 0.000000 1.000000 0.000000
0.965538 0.260260 0.000000 85.450605 -0.260260 0.965538 0.000000 -11.579090 0.000000 0.000000 1.000000 0.000000
0.964794 0.263007 0.000000 85.961273 -0.263007 0.964794 0.000000 -11.726614 0.000000 0.000000 1.000000 0.000000
0.963964 0.266031 0.000000 86.484540 -0.266031 0.963964 0.000000 -11.884864 0.000000 0.000000 1.000000 0.000000
0.963479 0.267784 0.000000 86.976231 -0.267784 0.963479 0.000000 -12.009998 0.000000 0.000000 1.000000 0.000000
0.963240 0.268641 0.000000 87.491407 -0.268641 0.963240 0.000000 -12.155200 0.000000 0.000000 1.000000 0.000000
0.962067 0.272812 0.000000 88.433318 -0.272812 0.962067 0.000000 -12.431672 0.000000 0.000000 1.000000 0.000000
0.962341 0.271845 0.000000 88.965880 -0.271845 0.962341 0.000000 -12.591732 0.000000 0.000000 1.000000 0.000000
0.962562 0.271061 0.000000 89.497766 -0.271061 0.962562 0.000000 -12.732653 0.000000 0.000000 1.000000 0.000000
0.961470 0.274909 0.000000 90.022810 -0.274909 0.961470 0.000000 -12.872942 0.000000 0.000000 1.000000 0.000000
0.960402 0.278619 0.000000 90.569608 -0.278619 0.960402 0.000000 -13.031456 0.000000 0.000000 1.000000 0.000000
0.960712 0.277546 0.000000 91.383966 -0.277546 0.960712 0.000000 -13.295054 0.000000 0.000000 1.000000 0.000000
0.960259 0.279109 0.000000 91.889653 -0.279109 0.960259 0.000000 -13.432477 0.000000 0.000000 1.000000 0.000000
0.957355 0.288914 0.000000 92.976451 -0.288914 0.957355 0.000000 -13.797186 0.000000 0.000000 1.000000 0.000000
0.956320 0.292323 0.000000 93.702092 -0.292323 0.956320 0.000000 -14.018626 0.000000 0.000000 1.000000 0.000000
0.955386 0.295361 0.000000 94.288520 -0.295361 0.955386 0.000000 -14.165596 0.000000 0.000000 1.000000 0.000000
0.954101 0.299484 0.000000 94.884375 -0.299484 0.954101 0.000000 -14.353493 0.000000 0.000000 1.000000 0.000000
0.952825 0.303519 0.000000 95.477581 -0.303519 0.952825 0.000000 -14.539056 0.000000 0.000000 1.000000 0.000000
0.952680 0.303974 0.000000 96.054074 -0.303974 0.952680 0.000000 -14.718807 0.000000 0.000000 1.000000 0.000000
0.952527 0.304453 0.000000 96.685744 -0.304453 0.952527 0.000000 -14.923051 0.000000 0.000000 1.000000 0.000000
0.952039 0.305976 0.000000 97.247170 -0.305976 0.952039 0.000000 -15.105192 0.000000 0.000000 1.000000 0.000000
0.951364 0.308068 0.000000 97.819150 -0.308068 0.951364 0.000000 -15.287045 0.000000 0.000000 1.000000 0.000000
0.951097 0.308891 0.000000 98.430017 -0.308891 0.951097 0.000000 -15.472905 0.000000 0.000000 1.000000 0.000000
0.952340 0.305039 0.000000 99.004336 -0.305039 0.952340 0.000000 -15.656726 0.000000 0.000000 1.000000 0.000000
0.953091 0.302685 0.000000 99.613244 -0.302685 0.953091 0.000000 -15.844034 0.000000 0.000000 1.000000 0.000000
0.952899 0.303287 0.000000 100.201705 -0.303287 0.952899 0.000000 -16.046483 0.000000 0.000000 1.000000 0.000000
0.952334 0.305058 0.000000 100.753264 -0.305058 0.952334 0.000000 -16.223433 0.000000 0.000000 1.000000 0.000000
0.951969 0.306194 0.000000 101.815469 -0.306194 0.951969 0.000000 -16.563852 0.000000 0.000000 1.000000 0.000000
0.951486 0.307692 0.000000 102.466618 -0.307692 0.951486 0.000000 -16.779769 0.000000 0.000000 1.000000 0.000000
0.951228 0.308490 0.000000 103.069260 -0.308490 0.951228 0.000000 -16.965089 0.000000 0.000000 1.000000 0.000000
0.950353 0.311172 0.000000 103.676117 -0.311172 0.950353 0.000000 -17.177548 0.000000 0.000000 1.000000 0.000000
0.949045 0.315140 0.000000 104.286334 -0.315140 0.949045 0.000000 -17.380045 0.000000 0.000000 1.000000 0.000000
0.949374 0.314148 0.000000 104.868771 -0.314148 0.949374 0.000000 -17.602729 0.000000 0.000000 1.000000 0.000000
0.949116 0.314926 0.000000 105.426140 -0.314926 0.949116 0.000000 -17.807524 0.000000 0.000000 1.000000 0.000000
0.948986 0.315317 0.000000 106.058063 -0.315317 0.948986 0.000000 -18.016629 0.000000 0.000000 1.000000 0.000000
0.948736 0.316071 0.000000 106.632149 -0.316071 0.948736 0.000000 -18.200944 0.000000 0.000000 1.000000 0.000000
0.948066 0.318073 0.000000 107.228685 -0.318073 0.948066 0.000000 -18.432309 0.000000 0.000000 1.000000 0.000000
0.947057 0.321066 0.000000 107.841133 -0.321066 0.947057 0.000000 -18.665454 0.000000 0.000000 1.000000 0.000000
0.946631 0.322320 0.000000 108.458495 -0.322320 0.946631 0.000000 -18.881999 0.000000 0.000000 1.000000 0.000000
0.947023 0.321166 0.000000 109.194739 -0.321166 0.947023 0.000000 -19.153991 0.000000 0.000000 1.000000 0.000000
0.946866 0.321627 0.000000 109.784797 -0.321627 0.946866 0.000000 -19.384927 0.000000 0.000000 1.000000 0.000000
0.944872 0.327441 0.000000 110.395875 -0.327441 0.944872 0.000000 -19.616820 0.000000 0.000000 1.000000 0.000000
0.946217 0.323531 0.000000 111.358679 -0.323531 0.946217 0.000000 -19.974467 0.000000 0.000000 1.000000 0.000000
0.946114 0.323833 0.000000 111.995139 -0.323833 0.946114 0.000000 -20.210556 0.000000 0.000000 1.000000 0.000000
0.945927 0.324380 0.000000 112.609273 -0.324380 0.945927 0.000000 -20.450807 0.000000 0.000000 1.000000 0.000000
0.944915 0.327315 0.000000 113.231108 -0.327315 0.944915 0.000000 -20.675536 0.000000 0.000000 1.000000 0.000000
0.944611 0.328191 0.000000 113.851962 -0.328191 0.944611 0.000000 -20.927757 0.000000 0.000000 1.000000 0.000000
0.944396 0.328810 0.000000 114.489577 -0.328810 0.944396 0.000000 -21.170707 0.000000 0.000000 1.000000 0.000000
0.944728 0.327856 0.000000 115.072028 -0.327856 0.944728 0.000000 -21.400359 0.000000 0.000000 1.000000 0.000000
0.944702 0.327931 0.000000 116.200259 -0.327931 0.944702 0.000000 -21.798828 0.000000 0.000000 1.000000 0.000000
0.945441 0.325794 0.000000 116.826799 -0.325794 0.945441 0.000000 -22.025446 0.000000 0.000000 1.000000 0.000000
0.945536 0.325519 0.000000 117.467555 -0.325519 0.945536 0.000000 -22.258367 0.000000 0.000000 1.000000 0.000000
0.945541 0.325502 0.000000 118.102243 -0.325502 0.945541 0.000000 -22.489227 0.000000 0.000000 1.000000 0.000000
0.945056 0.326909 0.000000 119.393333 -0.326909 0.945056 0.000000 -22.959606 0.000000 0.000000 1.000000 0.000000
0.945330 0.326116 0.000000 119.963844 -0.326116 0.945330 0.000000 -23.191290 0.000000 0.000000 1.000000 0.000000
0.944065 0.329759 0.000000 120.606861 -0.329759 0.944065 0.000000 -23.400178 0.000000 0.000000 1.000000 0.000000
0.944378 0.328861 0.000000 121.161537 -0.328861 0.944378 0.000000 -23.612690 0.000000 0.000000 1.000000 0.000000
0.943245 0.332098 0.000000 121.748309 -0.332098 0.943245 0.000000 -23.832308 0.000000 0.000000 1.000000 0.000000
0.936236 0.351371 0.000000 126.316883 -0.351371 0.936236 0.000000 -25.605812 0.000000 0.000000 1.000000 0.000000
0.937801 0.347172 0.000000 126.940565 -0.347172 0.937801 0.000000 -25.813512 0.000000 0.000000 1.000000 0.000000
0.936549 0.350537 0.000000 127.509014 -0.350537 0.936549 0.000000 -26.042866 0.000000 0.000000 1.000000 0.000000
0.937974 0.346706 0.000000 128.126142 -0.346706 0.937974 0.000000 -26.290508 0.000000 0.000000 1.000000 0.000000
0.937371 0.348331 0.000000 128.707279 -0.348331 0.937371 0.000000 -26.548406 0.000000 0.000000 1.000000 0.000000
0.938481 0.345331 0.000000 129.292871 -0.345331 0.938481 0.000000 -26.785481 0.000000 0.000000 1.000000 0.000000
0.937246 0.348668 0.000000 129.928029 -0.348668 0.937246 0.000000 -27.038812 0.000000 0.000000 1.000000 0.000000
0.937704 0.347434 0.000000 130.727857 -0.347434 0.937704 0.000000 -27.357562 0.000000 0.000000 1.000000 0.000000
0.937125 0.348994 0.000000 131.335513 -0.348994 0.937125 0.000000 -27.639594 0.000000 0.000000 1.000000 0.000000
0.935447 0.353468 0.000000 131.957136 -0.353468 0.935447 0.000000 -27.881806 0.000000 0.000000 1.000000 0.000000
0.934150 0.356879 0.000000 132.853039 -0.356879 0.934150 0.000000 -28.212152 0.000000 0.000000 1.000000 0.000000
0.933840 0.357691 0.000000 133.454421 -0.357691 0.933840 0.000000 -28.435699 0.000000 0.000000 1.000000 0.000000
0.933440 0.358732 0.000000 134.073028 -0.358732 0.933440 0.000000 -28.681890 0.000000 0.000000 1.000000 0.000000
0.933289 0.359127 0.000000 134.669410 -0.359127 0.933289 0.000000 -28.909568 0.000000 0.000000 1.000000 0.000000
0.933270 0.359176 0.000000 135.254974 -0.359176 0.933270 0.000000 -29.142931 0.000000 0.000000 1.000000 0.000000
0.932507 0.361151 0.000000 136.139293 -0.361151 0.932507 0.000000 -29.503568 0.000000 0.000000 1.000000 0.000000
0.931948 0.362592 0.000000 136.700487 -0.362592 0.931948 0.000000 -29.725925 0.000000 0.000000 1.000000 0.000000
0.931177 0.364569 0.000000 137.295912 -0.364569 0.931177 0.000000 -29.958454 0.000000 0.000000 1.000000 0.000000
0.930289 0.366829 0.000000 137.851161 -0.366829 0.930289 0.000000 -30.186976 0.000000 0.000000 1.000000 0.000000
0.928515 0.371295 0.000000 138.608981 -0.371295 0.928515 0.000000 -30.488233 0.000000 0.000000 1.000000 0.000000
0.928087 0.372362 0.000000 139.197423 -0.372362 0.928087 0.000000 -30.732021 0.000000 0.000000 1.000000 0.000000
0.928003 0.372572 0.000000 139.798963 -0.372572 0.928003 0.000000 -30.978527 0.000000 0.000000 1.000000 0.000000
0.928260 0.371933 0.000000 140.365275 -0.371933 0.928260 0.000000 -31.226048 0.000000 0.000000 1.000000 0.000000
0.929290 0.369350 0.000000 140.938294 -0.369350 0.929290 0.000000 -31.463381 0.000000 0.000000 1.000000 0.000000
0.929207 0.369560 0.000000 142.050156 -0.369560 0.929207 0.000000 -31.930180 0.000000 0.000000 1.000000 0.000000
0.930044 0.367447 0.000000 142.571526 -0.367447 0.930044 0.000000 -32.146417 0.000000 0.000000 1.000000 0.000000
0.928732 0.370752 0.000000 143.130723 -0.370752 0.928732 0.000000 -32.370867 0.000000 0.000000 1.000000 0.000000
0.929370 0.369151 0.000000 143.685203 -0.369151 0.929370 0.000000 -32.612766 0.000000 0.000000 1.000000 0.000000
0.928718 0.370787 0.000000 144.203643 -0.370787 0.928718 0.000000 -32.846161 0.000000 0.000000 1.000000 0.000000
0.928922 0.370274 0.000000 144.757201 -0.370274 0.928922 0.000000 -33.081673 0.000000 0.000000 1.000000 0.000000
0.930596 0.366049 0.000000 145.445882 -0.366049 0.930596 0.000000 -33.381434 0.000000 0.000000 1.000000 0.000000
0.930315 0.366762 0.000000 145.987934 -0.366762 0.930315 0.000000 -33.617880 0.000000 0.000000 1.000000 0.000000
0.930159 0.367157 0.000000 146.496897 -0.367157 0.930159 0.000000 -33.839440 0.000000 0.000000 1.000000 0.000000
0.929742 0.368211 0.000000 147.054410 -0.368211 0.929742 0.000000 -34.087099 0.000000 0.000000 1.000000 0.000000
0.928663 0.370925 0.000000 147.594718 -0.370925 0.928663 0.000000 -34.311300 0.000000 0.000000 1.000000 0.000000
0.927941 0.372728 0.000000 148.109906 -0.372728 0.927941 0.000000 -34.519375 0.000000 0.000000 1.000000 0.000000
0.927465 0.373911 0.000000 148.669296 -0.373911 0.927465 0.000000 -34.752130 0.000000 0.000000 1.000000 0.000000
0.928304 0.371821 0.000000 149.195210 -0.371821 0.928304 0.000000 -34.971693 0.000000 0.000000 1.000000 0.000000
0.927246 0.374453 0.000000 149.756172 -0.374453 0.927246 0.000000 -35.188889 0.000000 0.000000 1.000000 0.000000
0.926188 0.377061 0.000000 150.309216 -0.377061 0.926188 0.000000 -35.405654 0.000000 0.000000 1.000000 0.000000
0.924588 0.380969 0.000000 151.005940 -0.380969 0.924588 0.000000 -35.713130 0.000000 0.000000 1.000000 0.000000
0.923400 0.383840 0.000000 151.515725 -0.383840 0.923400 0.000000 -35.933204 0.000000 0.000000 1.000000 0.000000
0.922719 0.385473 0.000000 152.036432 -0.385473 0.922719 0.000000 -36.180673 0.000000 0.000000 1.000000 0.000000
0.922125 0.386893 0.000000 152.562747 -0.386893 0.922125 0.000000 -36.411139 0.000000 0.000000 1.000000 0.000000
0.921647 0.388029 0.000000 153.055911 -0.388029 0.921647 0.000000 -36.641590 0.000000 0.000000 1.000000 0.000000
0.922536 0.385911 0.000000 153.546442 -0.385911 0.922536 0.000000 -36.839789 0.000000 0.000000 1.000000 0.000000
0.922012 0.387161 0.000000 154.222116 -0.387161 0.922012 0.000000 -37.142705 0.000000 0.000000 1.000000 0.000000
0.921853 0.387541 0.000000 154.702967 -0.387541 0.921853 0.000000 -37.363134 0.000000 0.000000 1.000000 0.000000
0.919317 0.393518 0.000000 155.194691 -0.393518 0.919317 0.000000 -37.603041 0.000000 0.000000 1.000000 0.000000
0.919147 0.393914 0.000000 155.691322 -0.393914 0.919147 0.000000 -37.838634 0.000000 0.000000 1.000000 0.000000
0.920483 0.390782 0.000000 156.241274 -0.390782 0.920483 0.000000 -38.066164 0.000000 0.000000 1.000000 0.000000
0.920347 0.391102 0.000000 156.721694 -0.391102 0.920347 0.000000 -38.275143 0.000000 0.000000 1.000000 0.000000
0.919971 0.391987 0.000000 157.435545 -0.391987 0.919971 0.000000 -38.584970 0.000000 0.000000 1.000000 0.000000
0.918868 0.394565 0.000000 157.981298 -0.394565 0.918868 0.000000 -38.816787 0.000000 0.000000 1.000000 0.000000
0.920606 0.390493 0.000000 158.505139 -0.390493 0.920606 0.000000 -39.033688 0.000000 0.000000 1.000000 0.000000
0.921433 0.388536 0.000000 159.046805 -0.388536 0.921433 0.000000 -39.261626 0.000000 0.000000 1.000000 0.000000
0.922303 0.386468 0.000000 159.579899 -0.386468 0.922303 0.000000 -39.473984 0.000000 0.000000 1.000000 0.000000
0.921186 0.389121 0.000000 160.114655 -0.389121 0.921186 0.000000 -39.718749 0.000000 0.000000 1.000000 0.000000
0.921048 0.389450 0.000000 160.649808 -0.389450 0.921048 0.000000 -39.944163 0.000000 0.000000 1.000000 0.000000
0.921985 0.387225 0.000000 161.148487 -0.387225 0.921985 0.000000 -40.176445 0.000000 0.000000 1.000000 0.000000
0.923172 0.384387 0.000000 161.669525 -0.384387 0.923172 0.000000 -40.397472 0.000000 0.000000 1.000000 0.000000
0.923082 0.384604 0.000000 162.207736 -0.384604 0.923082 0.000000 -40.595925 0.000000 0.000000 1.000000 0.000000
0.923144 0.384455 0.000000 162.715088 -0.384455 0.923144 0.000000 -40.824070 0.000000 0.000000 1.000000 0.000000
0.922991 0.384821 0.000000 163.243298 -0.384821 0.922991 0.000000 -41.063623 0.000000 0.000000 1.000000 0.000000
0.923915 0.382597 0.000000 163.746943 -0.382597 0.923915 0.000000 -41.261932 0.000000 0.000000 1.000000 0.000000
0.923754 0.382987 0.000000 164.272638 -0.382987 0.923754 0.000000 -41.498344 0.000000 0.000000 1.000000 0.000000
0.925262 0.379329 0.000000 164.815452 -0.379329 0.925262 0.000000 -41.739602 0.000000 0.000000 1.000000 0.000000
0.926543 0.376189 0.000000 165.317534 -0.376189 0.926543 0.000000 -42.000796 0.000000 0.000000 1.000000 0.000000
0.927263 0.374411 0.000000 165.758057 -0.374411 0.927263 0.000000 -42.232484 0.000000 0.000000 1.000000 0.000000
0.928317 0.371790 0.000000 166.273887 -0.371790 0.928317 0.000000 -42.450876 0.000000 0.000000 1.000000 0.000000
0.929206 0.369563 0.000000 166.745423 -0.369563 0.929206 0.000000 -42.664353 0.000000 0.000000 1.000000 0.000000
0.931197 0.364517 0.000000 167.249982 -0.364517 0.931197 0.000000 -42.893607 0.000000 0.000000 1.000000 0.000000
0.932432 0.361347 0.000000 167.935183 -0.361347 0.932432 0.000000 -43.135924 0.000000 0.000000 1.000000 0.000000
0.932312 0.361656 0.000000 168.461519 -0.361656 0.932312 0.000000 -43.375285 0.000000 0.000000 1.000000 0.000000
0.932676 0.360716 0.000000 168.917673 -0.360716 0.932676 0.000000 -43.607121 0.000000 0.000000 1.000000 0.000000
0.932063 0.362295 0.000000 169.438766 -0.362295 0.932063 0.000000 -43.830258 0.000000 0.000000 1.000000 0.000000
0.932180 0.361995 0.000000 170.092468 -0.361995 0.932180 0.000000 -44.143089 0.000000 0.000000 1.000000 0.000000
0.933667 0.358142 0.000000 171.126138 -0.358142 0.933667 0.000000 -44.544556 0.000000 0.000000 1.000000 0.000000
0.934062 0.357110 0.000000 171.644602 -0.357110 0.934062 0.000000 -44.748959 0.000000 0.000000 1.000000 0.000000
0.934563 0.355798 0.000000 172.179230 -0.355798 0.934563 0.000000 -44.960440 0.000000 0.000000 1.000000 0.000000
0.933931 0.357454 0.000000 172.688780 -0.357454 0.933931 0.000000 -45.147248 0.000000 0.000000 1.000000 0.000000
0.934291 0.356511 0.000000 173.189612 -0.356511 0.934291 0.000000 -45.354610 0.000000 0.000000 1.000000 0.000000
0.934501 0.355961 0.000000 173.721554 -0.355961 0.934501 0.000000 -45.577678 0.000000 0.000000 1.000000 0.000000
0.933461 0.358678 0.000000 174.251565 -0.358678 0.933461 0.000000 -45.778361 0.000000 0.000000 1.000000 0.000000
0.933337 0.359001 0.000000 174.761852 -0.359001 0.933337 0.000000 -45.973642 0.000000 0.000000 1.000000 0.000000
0.932446 0.361309 0.000000 175.248024 -0.361309 0.932446 0.000000 -46.147440 0.000000 0.000000 1.000000 0.000000
0.931418 0.363951 0.000000 175.724052 -0.363951 0.931418 0.000000 -46.337893 0.000000 0.000000 1.000000 0.000000
0.931070 0.364841 0.000000 176.241558 -0.364841 0.931070 0.000000 -46.535348 0.000000 0.000000 1.000000 0.000000
0.931181 0.364556 0.000000 176.690783 -0.364556 0.931181 0.000000 -46.709258 0.000000 0.000000 1.000000 0.000000
0.931730 0.363151 0.000000 177.192102 -0.363151 0.931730 0.000000 -46.912939 0.000000 0.000000 1.000000 0.000000
0.932134 0.362113 0.000000 177.675965 -0.362113 0.932134 0.000000 -47.094182 0.000000 0.000000 1.000000 0.000000
0.931806 0.362956 0.000000 178.205004 -0.362956 0.931806 0.000000 -47.304455 0.000000 0.000000 1.000000 0.000000
0.931827 0.362904 0.000000 178.663231 -0.362904 0.931827 0.000000 -47.480364 0.000000 0.000000 1.000000 0.000000
0.932968 0.359959 0.000000 179.166304 -0.359959 0.932968 0.000000 -47.686344 0.000000 0.000000 1.000000 0.000000
0.933628 0.358244 0.000000 179.645104 -0.358244 0.933628 0.000000 -47.872416 0.000000 0.000000 1.000000 0.000000
0.933668 0.358139 0.000000 180.175698 -0.358139 0.933668 0.000000 -48.071045 0.000000 0.000000 1.000000 0.000000
0.933151 0.359486 0.000000 180.665442 -0.359486 0.933151 0.000000 -48.253760 0.000000 0.000000 1.000000 0.000000
0.932374 0.361494 0.000000 181.159638 -0.361494 0.932374 0.000000 -48.437492 0.000000 0.000000 1.000000 0.000000
0.932485 0.361208 0.000000 181.778275 -0.361208 0.932485 0.000000 -48.688347 0.000000 0.000000 1.000000 0.000000
0.933723 0.357996 0.000000 182.290075 -0.357996 0.933723 0.000000 -48.889147 0.000000 0.000000 1.000000 0.000000
0.935183 0.354164 0.000000 182.763968 -0.354164 0.935183 0.000000 -49.104645 0.000000 0.000000 1.000000 0.000000
0.935314 0.353819 0.000000 183.227303 -0.353819 0.935314 0.000000 -49.304344 0.000000 0.000000 1.000000 0.000000
0.937750 0.347312 0.000000 183.918586 -0.347312 0.937750 0.000000 -49.564384 0.000000 0.000000 1.000000 0.000000
0.938737 0.344635 0.000000 184.400839 -0.344635 0.938737 0.000000 -49.767510 0.000000 0.000000 1.000000 0.000000
0.939632 0.342188 0.000000 184.907859 -0.342188 0.939632 0.000000 -49.956840 0.000000 0.000000 1.000000 0.000000
0.939721 0.341943 0.000000 185.400501 -0.341943 0.939721 0.000000 -50.132521 0.000000 0.000000 1.000000 0.000000
0.941954 0.335743 0.000000 185.905928 -0.335743 0.941954 0.000000 -50.300605 0.000000 0.000000 1.000000 0.000000
0.945782 0.324803 0.000000 186.898383 -0.324803 0.945782 0.000000 -50.654808 0.000000 0.000000 1.000000 0.000000
0.946898 0.321535 0.000000 187.407812 -0.321535 0.946898 0.000000 -50.810660 0.000000 0.000000 1.000000 0.000000
0.949430 0.313978 0.000000 187.902455 -0.313978 0.949430 0.000000 -50.973674 0.000000 0.000000 1.000000 0.000000
0.952268 0.305264 0.000000 188.340753 -0.305264 0.952268 0.000000 -51.126844 0.000000 0.000000 1.000000 0.000000
0.954575 0.297971 0.000000 188.807064 -0.297971 0.954575 0.000000 -51.285182 0.000000 0.000000 1.000000 0.000000
0.957309 0.289066 0.000000 189.287337 -0.289066 0.957309 0.000000 -51.430197 0.000000 0.000000 1.000000 0.000000
0.962896 0.269872 0.000000 190.221461 -0.269872 0.962896 0.000000 -51.684193 0.000000 0.000000 1.000000 0.000000
0.965234 0.261388 0.000000 190.677115 -0.261388 0.965234 0.000000 -51.810161 0.000000 0.000000 1.000000 0.000000
0.968175 0.250275 0.000000 191.143173 -0.250275 0.968175 0.000000 -51.934388 0.000000 0.000000 1.000000 0.000000
0.970913 0.239431 0.000000 191.801035 -0.239431 0.970913 0.000000 -52.108959 0.000000 0.000000 1.000000 0.000000
0.973437 0.228954 0.000000 192.261388 -0.228954 0.973437 0.000000 -52.221881 0.000000 0.000000 1.000000 0.000000
0.975675 0.219221 0.000000 192.732352 -0.219221 0.975675 0.000000 -52.337328 0.000000 0.000000 1.000000 0.000000
0.977705 0.209985 0.000000 193.177241 -0.209985 0.977705 0.000000 -52.447500 0.000000 0.000000 1.000000 0.000000
0.979372 0.202064 0.000000 193.657869 -0.202064 0.979372 0.000000 -52.576478 0.000000 0.000000 1.000000 0.000000
0.982263 0.187506 0.000000 194.100990 -0.187506 0.982263 0.000000 -52.664629 0.000000 0.000000 1.000000 0.000000
0.983896 0.178743 0.000000 194.524415 -0.178743 0.983896 0.000000 -52.749615 0.000000 0.000000 1.000000 0.000000
0.985749 0.168223 0.000000 194.989786 -0.168223 0.985749 0.000000 -52.834990 0.000000 0.000000 1.000000 0.000000
0.986898 0.161345 0.000000 195.398886 -0.161345 0.986898 0.000000 -52.920561 0.000000 0.000000 1.000000 0.000000
0.988477 0.151371 0.000000 195.846095 -0.151371 0.988477 0.000000 -53.014616 0.000000 0.000000 1.000000 0.000000
0.989784 0.142578 0.000000 196.265928 -0.142578 0.989784 0.000000 -53.068172 0.000000 0.000000 1.000000 0.000000
