0.999999 0.001609 0.000000 0.595361 -0.001609 0.999999 0.000000 -0.001033 0.000000 0.000000 1.000000 0.000000
0.999998 0.001839 0.000000 1.411146 -0.001839 0.999998 0.000000 -0.016064 0.000000 0.000000 1.000000 0.000000
0.999991 0.004186 0.000000 2.002112 -0.004186 0.999991 0.000000 -0.031467 0.000000 0.000000 1.000000 0.000000
0.999991 0.004346 0.000000 2.562527 -0.004346 0.999991 0.000000 -0.038236 0.000000 0.000000 1.000000 0.000000
0.999986 0.005378 0.000000 3.140963 -0.005378 0.999986 0.000000 -0.035056 0.000000 0.000000 1.000000 0.000000
0.999946 0.010393 0.000000 3.680569 -0.010393 0.999946 0.000000 -0.025432 0.000000 0.000000 1.000000 0.000000
0.999863 0.016538 0.000000 4.259032 -0.016538 0.999863 0.000000 -0.027985 0.000000 0.000000 1.000000 0.000000
0.999748 0.022465 0.000000 4.798152 -0.022465 0.999748 0.000000 -0.023853 0.000000 0.000000 1.000000 0.000000
0.999533 0.030564 0.000000 5.516198 -0.030564 0.999533 0.000000 -0.032261 0.000000 0.000000 1.000000 0.000000
0.999367 0.035580 0.000000 6.083662 -0.035580 0.999367 0.000000 -0.051118 0.000000 0.000000 1.000000 0.000000
0.999217 0.039561 0.000000 6.660298 -0.039561 0.999217 0.000000 -0.060839 0.000000 0.000000 1.000000 0.000000
0.998997 0.044781 0.000000 7.232220 -0.044781 0.998997 0.000000 -0.076610 0.000000 0.000000 1.000000 0.000000
0.998345 0.057508 0.000000 8.375675 -0.057508 0.998345 0.000000 -0.142569 0.000000 0.000000 1.000000 0.000000
0.998129 0.061136 0.000000 8.912414 -0.061136 0.998129 0.000000 -0.162045 0.000000 0.000000 1.000000 0.000000
0.997721 0.067479 0.000000 9.488651 -0.067479 0.997721 0.000000 -0.190146 0.000000 0.000000 1.000000 0.000000
0.997188 0.074941 0.000000 10.028872 -0.074941 0.997188 0.000000 -0.229499 0.000000 0.000000 1.000000 0.000000
0.996627 0.082067 0.000000 10.593567 -0.082067 0.996627 0.000000 -0.266338 0.000000 0.000000 1.000000 0.000000
0.996060 0.088678 0.000000 11.123156 -0.088678 0.996060 0.000000 -0.300590 0.000000 0.000000 1.000000 0.000000
0.995606 0.093640 0.000000 11.696891 -0.093640 0.995606 0.000000 -0.363169 0.000000 0.000000 1.000000 0.000000
0.994961 0.100263 0.000000 12.233753 -0.100263 0.994961 0.000000 -0.415934 0.000000 0.000000 1.000000 0.000000
0.993889 0.110384 0.000000 12.987187 -0.110384 0.993889 0.000000 -0.495858 0.000000 0.000000 1.000000 0.000000
0.992606 0.121377 0.000000 13.556206 -0.121377 0.992606 0.000000 -0.550223 0.000000 0.000000 1.000000 0.000000
0.991776 0.127984 0.000000 14.111334 -0.127984 0.991776 0.000000 -0.623642 0.000000 0.000000 1.000000 0.000000
0.991115 0.133010 0.000000 14.663487 -0.133010 0.991115 0.000000 -0.692794 0.000000 0.000000 1.000000 0.000000
0.990431 0.138011 0.000000 15.229485 -0.138011 0.990431 0.000000 -0.776386 0.000000 0.000000 1.000000 0.000000
0.989512 0.144449 0.000000 15.757107 -0.144449 0.989512 0.000000 -0.854815 0.000000 0.000000 1.000000 0.000000
0.988521 0.151086 0.000000 16.282244 -0.151086 0.988521 0.000000 -0.929935 0.000000 0.000000 1.000000 0.000000
0.987574 0.157154 0.000000 16.847536 -0.157154 0.987574 0.000000 -1.007466 0.000000 0.000000 1.000000 0.000000
0.986084 0.166250 0.000000 17.365581 -0.166250 0.986084 0.000000 -1.097800 0.000000 0.000000 1.000000 0.000000
0.984349 0.176230 0.000000 17.921455 -0.176230 0.984349 0.000000 -1.188831 0.000000 0.000000 1.000000 0.000000
0.982849 0.184413 0.000000 18.662431 -0.184413 0.982849 0.000000 -1.312308 0.000000 0.000000 1.000000 0.000000
0.981873 0.189538 0.000000 19.205831 -0.189538 0.981873 0.000000 -1.430177 0.000000 0.000000 1.000000 0.000000
0.980197 0.198024 0.000000 19.793404 -0.198024 0.980197 0.000000 -1.537366 0.000000 0.000000 1.000000 0.000000
0.978574 0.205896 0.000000 20.341640 -0.205896 0.978574 0.000000 -1.648257 0.000000 0.000000 1.000000 0.000000
0.976995 0.213262 0.000000 20.885916 -0.213262 0.976995 0.000000 -1.769150 0.000000 0.000000 1.000000 0.000000
0.975633 0.219407 0.000000 21.392237 -0.219407 0.975633 0.000000 -1.877476 0.000000 0.000000 1.000000 0.000000
0.974195 0.225708 0.000000 21.945246 -0.225708 0.974195 0.000000 -1.994046 0.000000 0.000000 1.000000 0.000000
0.974489 0.224434 0.000000 22.448858 -0.224434 0.974489 0.000000 -2.104472 0.000000 0.000000 1.000000 0.000000
0.973316 0.229469 0.000000 22.985032 -0.229469 0.973316 0.000000 -2.225080 0.000000 0.000000 1.000000 0.000000
0.970754 0.240077 0.000000 24.018405 -0.240077 0.970754 0.000000 -2.475773 0.000000 0.000000 1.000000 0.000000
0.969698 0.244308 0.000000 24.503551 -0.244308 0.969698 0.000000 -2.597968 0.000000 0.000000 1.000000 0.000000
0.968214 0.250124 0.000000 25.033982 -0.250124 0.968214 0.000000 -2.724069 0.000000 0.000000 1.000000 0.000000
0.966505 0.256648 0.000000 25.700626 -0.256648 0.966505 0.000000 -2.897472 0.000000 0.000000 1.000000 0.000000
0.965114 0.261831 0.000000 26.182686 -0.261831 0.965114 0.000000 -3.025359 0.000000 0.000000 1.000000 0.000000
0.963626 0.267255 0.000000 26.665612 -0.267255 0.963626 0.000000 -3.141442 0.000000 0.000000 1.000000 0.000000
0.961372 0.275251 0.000000 27.180033 -0.275251 0.961372 0.000000 -3.280232 0.000000 0.000000 1.000000 0.000000
0.960419 0.278559 0.000000 27.658069 -0.278559 0.960419 0.000000 -3.423572 0.000000 0.000000 1.000000 0.000000
0.957558 0.288240 0.000000 28.332484 -0.288240 0.957558 0.000000 -3.633033 0.000000 0.000000 1.000000 0.000000
0.955879 0.293761 0.000000 28.843338 -0.293761 0.955879 0.000000 -3.791245 0.000000 0.000000 1.000000 0.000000
0.954670 0.297667 0.000000 29.354751 -0.297667 0.954670 0.000000 -3.969089 0.000000 0.000000 1.000000 0.000000
0.953042 0.302837 0.000000 29.846961 -0.302837 0.953042 0.000000 -4.140156 0.000000 0.000000 1.000000 0.000000
0.951182 0.308630 0.000000 30.359424 -0.308630 0.951182 0.000000 -4.308732 0.000000 0.000000 1.000000 0.000000
0.951691 0.307056 0.000000 30.869868 -0.307056 0.951691 0.000000 -4.483935 0.000000 0.000000 1.000000 0.000000
0.949535 0.313660 0.000000 31.340772 -0.313660 0.949535 0.000000 -4.621927 0.000000 0.000000 1.000000 0.000000
0.948262 0.317490 0.000000 31.845558 -0.317490 0.948262 0.000000 -4.798184 0.000000 0.000000 1.000000 0.000000
0.946741 0.321995 0.000000 32.324377 -0.321995 0.946741 0.000000 -4.974345 0.000000 0.000000 1.000000 0.000000
0.944562 0.328333 0.000000 32.825980 -0.328333 0.944562 0.000000 -5.146927 0.000000 0.000000 1.000000 0.000000
0.942564 0.334027 0.000000 33.303230 -0.334027 0.942564 0.000000 -5.304463 0.000000 0.000000 1.000000 0.000000
0.940112 0.340866 0.000000 33.801146 -0.340866 0.940112 0.000000 -5.484593 0.000000 0.000000 1.000000 0.000000
0.937481 0.348035 0.000000 34.281570 -0.348035 0.937481 0.000000 -5.639685 0.000000 0.000000 1.000000 0.000000
0.935238 0.354019 0.000000 34.789073 -0.354019 0.935238 0.000000 -5.820675 0.000000 0.000000 1.000000 0.000000
0.933865 0.357627 0.000000 35.248917 -0.357627 0.933865 0.000000 -5.987798 0.000000 0.000000 1.000000 0.000000
0.930798 0.365533 0.000000 35.934432 -0.365533 0.930798 0.000000 -6.260949 0.000000 0.000000 1.000000 0.000000
0.926667 0.375883 0.000000 36.642895 -0.375883 0.926667 0.000000 -6.550297 0.000000 0.000000 1.000000 0.000000
0.923522 0.383546 0.000000 37.138098 -0.383546 0.923522 0.000000 -6.744393 0.000000 0.000000 1.000000 0.000000
0.917905 0.396801 0.000000 37.982289 -0.396801 0.917905 0.000000 -7.114445 0.000000 0.000000 1.000000 0.000000
0.915579 0.402137 0.000000 38.465505 -0.402137 0.915579 0.000000 -7.324784 0.000000 0.000000 1.000000 0.000000
0.913496 0.406848 0.000000 38.947844 -0.406848 0.913496 0.000000 -7.543134 0.000000 0.000000 1.000000 0.000000
0.913056 0.407835 0.000000 39.425099 -0.407835 0.913056 0.000000 -7.749204 0.000000 0.000000 1.000000 0.000000
0.908799 0.417234 0.000000 39.905303 -0.417234 0.908799 0.000000 -7.953185 0.000000 0.000000 1.000000 0.000000
0.908079 0.418798 0.000000 40.411938 -0.418798 0.908079 0.000000 -8.185539 0.000000 0.000000 1.000000 0.000000
0.906039 0.423194 0.000000 40.846448 -0.423194 0.906039 0.000000 -8.403086 0.000000 0.000000 1.000000 0.000000
0.903526 0.428533 0.000000 41.310530 -0.428533 0.903526 0.000000 -8.628763 0.000000 0.000000 1.000000 0.000000
0.902027 0.431680 0.000000 41.766398 -0.431680 0.902027 0.000000 -8.845203 0.000000 0.000000 1.000000 0.000000
0.901630 0.432508 0.000000 42.220947 -0.432508 0.901630 0.000000 -9.064218 0.000000 0.000000 1.000000 0.000000
0.899468 0.436987 0.000000 42.650524 -0.436987 0.899468 0.000000 -9.261134 0.000000 0.000000 1.000000 0.000000
0.897785 0.440433 0.000000 43.091707 -0.440433 0.897785 0.000000 -9.472611 0.000000 0.000000 1.000000 0.000000
0.896029 0.443996 0.000000 43.493221 -0.443996 0.896029 0.000000 -9.679227 0.000000 0.000000 1.000000 0.000000
0.895964 0.444127 0.000000 43.919976 -0.444127 0.895964 0.000000 -9.905214 0.000000 0.000000 1.000000 0.000000
0.893286 0.449490 0.000000 44.324727 -0.449490 0.893286 0.000000 -10.106286 0.000000 0.000000 1.000000 0.000000
0.892357 0.451330 0.000000 44.748168 -0.451330 0.892357 0.000000 -10.335287 0.000000 0.000000 1.000000 0.000000
0.891985 0.452066 0.000000 45.152833 -0.452066 0.891985 0.000000 -10.539171 0.000000 0.000000 1.000000 0.000000
0.891158 0.453692 0.000000 45.544331 -0.453692 0.891158 0.000000 -10.745610 0.000000 0.000000 1.000000 0.000000
0.891063 0.453880 0.000000 45.947470 -0.453880 0.891063 0.000000 -10.928975 0.000000 0.000000 1.000000 0.000000
0.887111 0.461556 0.000000 46.342829 -0.461556 0.887111 0.000000 -11.107305 0.000000 0.000000 1.000000 0.000000
0.884457 0.466622 0.000000 46.731313 -0.466622 0.884457 0.000000 -11.299634 0.000000 0.000000 1.000000 0.000000
0.882590 0.470143 0.000000 47.098646 -0.470143 0.882590 0.000000 -11.501252 0.000000 0.000000 1.000000 0.000000
0.878485 0.477769 0.000000 47.483541 -0.477769 0.878485 0.000000 -11.705961 0.000000 0.000000 1.000000 0.000000
0.874657 0.484742 0.000000 48.037226 -0.484742 0.874657 0.000000 -12.009392 0.000000 0.000000 1.000000 0.000000
0.870105 0.492866 0.000000 48.427822 -0.492866 0.870105 0.000000 -12.232306 0.000000 0.000000 1.000000 0.000000
0.864768 0.502172 0.000000 48.794211 -0.502172 0.864768 0.000000 -12.444755 0.000000 0.000000 1.000000 0.000000
0.861908 0.507064 0.000000 49.144227 -0.507064 0.861908 0.000000 -12.658353 0.000000 0.000000 1.000000 0.000000
0.859183 0.511668 0.000000 49.498197 -0.511668 0.859183 0.000000 -12.876633 0.000000 0.000000 1.000000 0.000000
0.854988 0.518648 0.000000 49.842447 -0.518648 0.854988 0.000000 -13.102277 0.000000 0.000000 1.000000 0.000000
0.852322 0.523018 0.000000 50.181323 -0.523018 0.852322 0.000000 -13.325282 0.000000 0.000000 1.000000 0.000000
0.849166 0.528126 0.000000 50.523377 -0.528126 0.849166 0.000000 -13.536829 0.000000 0.000000 1.000000 0.000000
0.845795 0.533508 0.000000 50.849092 -0.533508 0.845795 0.000000 -13.735078 0.000000 0.000000 1.000000 0.000000
0.844285 0.535895 0.000000 51.166923 -0.535895 0.844285 0.000000 -13.954372 0.000000 0.000000 1.000000 0.000000
0.842010 0.539462 0.000000 51.483795 -0.539462 0.842010 0.000000 -14.158847 0.000000 0.000000 1.000000 0.000000
0.839551 0.543280 0.000000 52.096039 -0.543280 0.839551 0.000000 -14.575029 0.000000 0.000000 1.000000 0.000000
0.839333 0.543617 0.000000 52.394810 -0.543617 0.839333 0.000000 -14.767661 0.000000 0.000000 1.000000 0.000000
0.838454 0.544973 0.000000 52.666803 -0.544973 0.838454 0.000000 -14.953439 0.000000 0.000000 1.000000 0.000000
0.838353 0.545128 0.000000 52.938535 -0.545128 0.838353 0.000000 -15.130524 0.000000 0.000000 1.000000 0.000000
0.841249 0.540648 0.000000 53.224188 -0.540648 0.841249 0.000000 -15.319634 0.000000 0.000000 1.000000 0.000000
0.839666 0.543104 0.000000 53.486183 -0.543104 0.839666 0.000000 -15.489842 0.000000 0.000000 1.000000 0.000000
0.838554 0.544818 0.000000 53.760690 -0.544818 0.838554 0.000000 -15.668365 0.000000 0.000000 1.000000 0.000000
0.837639 0.546225 0.000000 54.011831 -0.546225 0.837639 0.000000 -15.833883 0.000000 0.000000 1.000000 0.000000
0.836609 0.547800 0.000000 54.283956 -0.547800 0.836609 0.000000 -15.999226 0.000000 0.000000 1.000000 0.000000
0.836743 0.547596 0.000000 54.523163 -0.547596 0.836743 0.000000 -16.168310 0.000000 0.000000 1.000000 0.000000
0.834465 0.551062 0.000000 54.768092 -0.551062 0.834465 0.000000 -16.320547 0.000000 0.000000 1.000000 0.000000
0.833087 0.553142 0.000000 55.024626 -0.553142 0.833087 0.000000 -16.480693 0.000000 0.000000 1.000000 0.000000
0.829589 0.558374 0.000000 55.396375 -0.558374 0.829589 0.000000 -16.712971 0.000000 0.000000 1.000000 0.000000
0.828118 0.560554 0.000000 55.664820 -0.560554 0.828118 0.000000 -16.877706 0.000000 0.000000 1.000000 0.000000
0.824267 0.566201 0.000000 55.902244 -0.566201 0.824267 0.000000 -17.032930 0.000000 0.000000 1.000000 0.000000
0.821304 0.570491 0.000000 56.141899 -0.570491 0.821304 0.000000 -17.188096 0.000000 0.000000 1.000000 0.000000
0.817773 0.575541 0.000000 56.378245 -0.575541 0.817773 0.000000 -17.339240 0.000000 0.000000 1.000000 0.000000
0.814958 0.579519 0.000000 56.601147 -0.579519 0.814958 0.000000 -17.491022 0.000000 0.000000 1.000000 0.000000
0.814620 0.579995 0.000000 56.815142 -0.579995 0.814620 0.000000 -17.653454 0.000000 0.000000 1.000000 0.000000
0.814340 0.580389 0.000000 57.029581 -0.580389 0.814340 0.000000 -17.818668 0.000000 0.000000 1.000000 0.000000
0.816351 0.577556 0.000000 57.245900 -0.577556 0.816351 0.000000 -17.970649 0.000000 0.000000 1.000000 0.000000
0.815433 0.578852 0.000000 57.445687 -0.578852 0.815433 0.000000 -18.125542 0.000000 0.000000 1.000000 0.000000
0.811628 0.584174 0.000000 57.835608 -0.584174 0.811628 0.000000 -18.420601 0.000000 0.000000 1.000000 0.000000
0.808130 0.589004 0.000000 58.023983 -0.589004 0.808130 0.000000 -18.538200 0.000000 0.000000 1.000000 0.000000
0.807172 0.590317 0.000000 58.195379 -0.590317 0.807172 0.000000 -18.662142 0.000000 0.000000 1.000000 0.000000
0.807696 0.589599 0.000000 58.362823 -0.589599 0.807696 0.000000 -18.804942 0.000000 0.000000 1.000000 0.000000
0.807518 0.589844 0.000000 58.528684 -0.589844 0.807518 0.000000 -18.926351 0.000000 0.000000 1.000000 0.000000
0.806001 0.591914 0.000000 58.699622 -0.591914 0.806001 0.000000 -19.038601 0.000000 0.000000 1.000000 0.000000
0.805730 0.592284 0.000000 58.870783 -0.592284 0.805730 0.000000 -19.162686 0.000000 0.000000 1.000000 0.000000
0.803750 0.594967 0.000000 59.023519 -0.594967 0.803750 0.000000 -19.272230 0.000000 0.000000 1.000000 0.000000
0.802759 0.596303 0.000000 59.190675 -0.596303 0.802759 0.000000 -19.388796 0.000000 0.000000 1.000000 0.000000
0.799113 0.601181 0.000000 59.509694 -0.601181 0.799113 0.000000 -19.623555 0.000000 0.000000 1.000000 0.000000
0.797539 0.603268 0.000000 59.664222 -0.603268 0.797539 0.000000 -19.733346 0.000000 0.000000 1.000000 0.000000
0.796743 0.604319 0.000000 59.815439 -0.604319 0.796743 0.000000 -19.843165 0.000000 0.000000 1.000000 0.000000
0.794980 0.606636 0.000000 60.065730 -0.606636 0.794980 0.000000 -20.024368 0.000000 0.000000 1.000000 0.000000
0.793831 0.608138 0.000000 60.221822 -0.608138 0.793831 0.000000 -20.146075 0.000000 0.000000 1.000000 0.000000
0.791555 0.611098 0.000000 60.380055 -0.611098 0.791555 0.000000 -20.265670 0.000000 0.000000 1.000000 0.000000
0.789536 0.613704 0.000000 60.540035 -0.613704 0.789536 0.000000 -20.388358 0.000000 0.000000 1.000000 0.000000
0.790053 0.613038 0.000000 60.697972 -0.613038 0.790053 0.000000 -20.511432 0.000000 0.000000 1.000000 0.000000
0.788626 0.614873 0.000000 60.856035 -0.614873 0.788626 0.000000 -20.634757 0.000000 0.000000 1.000000 0.000000
0.787478 0.616342 0.000000 61.016555 -0.616342 0.787478 0.000000 -20.761950 0.000000 0.000000 1.000000 0.000000
0.784253 0.620442 0.000000 61.339325 -0.620442 0.784253 0.000000 -21.010578 0.000000 0.000000 1.000000 0.000000
0.782054 0.623211 0.000000 61.508122 -0.623211 0.782054 0.000000 -21.133211 0.000000 0.000000 1.000000 0.000000
0.780354 0.625338 0.000000 61.677862 -0.625338 0.780354 0.000000 -21.263670 0.000000 0.000000 1.000000 0.000000
0.778086 0.628158 0.000000 61.848181 -0.628158 0.778086 0.000000 -21.379595 0.000000 0.000000 1.000000 0.000000
0.776846 0.629691 0.000000 62.016730 -0.629691 0.776846 0.000000 -21.512973 0.000000 0.000000 1.000000 0.000000
0.775764 0.631023 0.000000 62.176133 -0.631023 0.775764 0.000000 -21.650906 0.000000 0.000000 1.000000 0.000000
0.773659 0.633603 0.000000 62.340491 -0.633603 0.773659 0.000000 -21.777061 0.000000 0.000000 1.000000 0.000000
0.771663 0.636031 0.000000 62.512150 -0.636031 0.771663 0.000000 -21.927405 0.000000 0.000000 1.000000 0.000000
0.768520 0.639826 0.000000 62.682567 -0.639826 0.768520 0.000000 -22.060807 0.000000 0.000000 1.000000 0.000000
0.764459 0.644673 0.000000 62.862763 -0.644673 0.764459 0.000000 -22.193301 0.000000 0.000000 1.000000 0.000000
0.760685 0.649121 0.000000 63.040301 -0.649121 0.760685 0.000000 -22.344137 0.000000 0.000000 1.000000 0.000000
0.758367 0.651828 0.000000 63.210584 -0.651828 0.758367 0.000000 -22.499981 0.000000 0.000000 1.000000 0.000000
0.756051 0.654513 0.000000 63.405210 -0.654513 0.756051 0.000000 -22.654435 0.000000 0.000000 1.000000 0.000000
0.754437 0.656372 0.000000 63.580513 -0.656372 0.754437 0.000000 -22.809409 0.000000 0.000000 1.000000 0.000000
0.750672 0.660675 0.000000 63.775325 -0.660675 0.750672 0.000000 -22.974779 0.000000 0.000000 1.000000 0.000000
0.748415 0.663231 0.000000 63.948308 -0.663231 0.748415 0.000000 -23.142467 0.000000 0.000000 1.000000 0.000000
0.743136 0.669141 0.000000 64.223816 -0.669141 0.743136 0.000000 -23.387587 0.000000 0.000000 1.000000 0.000000
0.740071 0.672528 0.000000 64.417459 -0.672528 0.740071 0.000000 -23.550481 0.000000 0.000000 1.000000 0.000000
0.738558 0.674190 0.000000 64.608029 -0.674190 0.738558 0.000000 -23.737327 0.000000 0.000000 1.000000 0.000000
0.737130 0.675751 0.000000 64.787115 -0.675751 0.737130 0.000000 -23.917080 0.000000 0.000000 1.000000 0.000000
0.733171 0.680044 0.000000 65.162254 -0.680044 0.733171 0.000000 -24.299440 0.000000 0.000000 1.000000 0.000000
0.731229 0.682133 0.000000 65.356368 -0.682133 0.731229 0.000000 -24.477297 0.000000 0.000000 1.000000 0.000000
0.729514 0.683966 0.000000 65.533330 -0.683966 0.729514 0.000000 -24.655353 0.000000 0.000000 1.000000 0.000000
0.727664 0.685933 0.000000 65.734778 -0.685933 0.727664 0.000000 -24.837343 0.000000 0.000000 1.000000 0.000000
0.726819 0.686829 0.000000 65.999030 -0.686829 0.726819 0.000000 -25.084508 0.000000 0.000000 1.000000 0.000000
0.721893 0.692005 0.000000 66.199752 -0.692005 0.721893 0.000000 -25.262500 0.000000 0.000000 1.000000 0.000000
0.718429 0.695600 0.000000 66.390692 -0.695600 0.718429 0.000000 -25.434525 0.000000 0.000000 1.000000 0.000000
0.713410 0.700747 0.000000 66.583860 -0.700747 0.713410 0.000000 -25.619408 0.000000 0.000000 1.000000 0.000000
0.711862 0.702320 0.000000 66.763683 -0.702320 0.711862 0.000000 -25.796071 0.000000 0.000000 1.000000 0.000000
0.709828 0.704375 0.000000 66.942632 -0.704375 0.709828 0.000000 -25.974009 0.000000 0.000000 1.000000 0.000000
0.707015 0.707198 0.000000 67.123881 -0.707198 0.707015 0.000000 -26.165633 0.000000 0.000000 1.000000 0.000000
0.706765 0.707448 0.000000 67.293263 -0.707448 0.706765 0.000000 -26.348317 0.000000 0.000000 1.000000 0.000000
0.704837 0.709370 0.000000 67.462064 -0.709370 0.704837 0.000000 -26.529951 0.000000 0.000000 1.000000 0.000000
0.702540 0.711645 0.000000 67.646227 -0.711645 0.702540 0.000000 -26.716973 0.000000 0.000000 1.000000 0.000000
0.702526 0.711658 0.000000 67.813716 -0.711658 0.702526 0.000000 -26.897638 0.000000 0.000000 1.000000 0.000000
0.703376 0.710818 0.000000 68.043588 -0.710818 0.703376 0.000000 -27.149830 0.000000 0.000000 1.000000 0.000000
0.702178 0.712001 0.000000 68.230088 -0.712001 0.702178 0.000000 -27.348269 0.000000 0.000000 1.000000 0.000000
0.701209 0.712955 0.000000 68.405585 -0.712955 0.701209 0.000000 -27.529821 0.000000 0.000000 1.000000 0.000000
0.701600 0.712571 0.000000 68.573302 -0.712571 0.701600 0.000000 -27.719548 0.000000 0.000000 1.000000 0.000000
0.700292 0.713856 0.000000 68.748506 -0.713856 0.700292 0.000000 -27.904642 0.000000 0.000000 1.000000 0.000000
0.703312 0.710882 0.000000 68.924432 -0.710882 0.703312 0.000000 -28.085150 0.000000 0.000000 1.000000 0.000000
0.708068 0.706144 0.000000 69.091689 -0.706144 0.708068 0.000000 -28.268623 0.000000 0.000000 1.000000 0.000000
0.707732 0.706481 0.000000 69.266173 -0.706481 0.707732 0.000000 -28.435485 0.000000 0.000000 1.000000 0.000000
0.709733 0.704471 0.000000 69.440519 -0.704471 0.709733 0.000000 -28.603127 0.000000 0.000000 1.000000 0.000000
0.710902 0.703291 0.000000 69.597165 -0.703291 0.710902 0.000000 -28.758247 0.000000 0.000000 1.000000 0.000000
0.710097 0.704104 0.000000 69.926690 -0.704104 0.710097 0.000000 -29.086380 0.000000 0.000000 1.000000 0.000000
0.710605 0.703592 0.000000 70.092604 -0.703592 0.710605 0.000000 -29.252491 0.000000 0.000000 1.000000 0.000000
0.712782 0.701386 0.000000 70.263078 -0.701386 0.712782 0.000000 -29.415382 0.000000 0.000000 1.000000 0.000000
0.713572 0.700582 0.000000 70.414830 -0.700582 0.713572 0.000000 -29.560015 0.000000 0.000000 1.000000 0.000000
0.715126 0.698996 0.000000 70.578240 -0.698996 0.715126 0.000000 -29.714103 0.000000 0.000000 1.000000 0.000000
0.716020 0.698080 0.000000 70.733639 -0.698080 0.716020 0.000000 -29.858246 0.000000 0.000000 1.000000 0.000000
0.715362 0.698754 0.000000 70.893663 -0.698754 0.715362 0.000000 -30.006127 0.000000 0.000000 1.000000 0.000000
0.716627 0.697456 0.000000 71.153264 -0.697456 0.716627 0.000000 -30.264067 0.000000 0.000000 1.000000 0.000000
0.718238 0.695798 0.000000 71.300424 -0.695798 0.718238 0.000000 -30.415938 0.000000 0.000000 1.000000 0.000000
0.720832 0.693110 0.000000 71.444667 -0.693110 0.720832 0.000000 -30.566032 0.000000 0.000000 1.000000 0.000000
0.722210 0.691674 0.000000 71.585477 -0.691674 0.722210 0.000000 -30.713313 0.000000 0.000000 1.000000 0.000000
0.724567 0.689205 0.000000 71.731796 -0.689205 0.724567 0.000000 -30.856631 0.000000 0.000000 1.000000 0.000000
0.726748 0.686904 0.000000 71.875448 -0.686904 0.726748 0.000000 -31.007806 0.000000 0.000000 1.000000 0.000000
0.734125 0.679015 0.000000 72.150231 -0.679015 0.734125 0.000000 -31.288579 0.000000 0.000000 1.000000 0.000000
0.737206 0.675668 0.000000 72.276832 -0.675668 0.737206 0.000000 -31.403731 0.000000 0.000000 1.000000 0.000000
0.740141 0.672452 0.000000 72.402705 -0.672452 0.740141 0.000000 -31.524059 0.000000 0.000000 1.000000 0.000000
0.746400 0.665497 0.000000 72.626941 -0.665497 0.746400 0.000000 -31.732785 0.000000 0.000000 1.000000 0.000000
0.750212 0.661197 0.000000 72.935547 -0.661197 0.750212 0.000000 -31.990377 0.000000 0.000000 1.000000 0.000000
0.756494 0.654000 0.000000 73.112199 -0.654000 0.756494 0.000000 -32.140855 0.000000 0.000000 1.000000 0.000000
0.759093 0.650982 0.000000 73.228367 -0.650982 0.759093 0.000000 -32.234505 0.000000 0.000000 1.000000 0.000000
0.767528 0.641015 0.000000 73.446938 -0.641015 0.767528 0.000000 -32.426001 0.000000 0.000000 1.000000 0.000000
0.771330 0.636436 0.000000 73.553919 -0.636436 0.771330 0.000000 -32.521468 0.000000 0.000000 1.000000 0.000000
0.774575 0.632483 0.000000 73.654407 -0.632483 0.774575 0.000000 -32.604378 0.000000 0.000000 1.000000 0.000000
0.777160 0.629303 0.000000 73.752015 -0.629303 0.777160 0.000000 -32.694845 0.000000 0.000000 1.000000 0.000000
0.782356 0.622832 0.000000 73.901566 -0.622832 0.782356 0.000000 -32.827604 0.000000 0.000000 1.000000 0.000000
0.787879 0.615830 0.000000 74.093474 -0.615830 0.787879 0.000000 -32.988640 0.000000 0.000000 1.000000 0.000000
0.791567 0.611082 0.000000 74.185551 -0.611082 0.791567 0.000000 -33.064066 0.000000 0.000000 1.000000 0.000000
0.795096 0.606484 0.000000 74.277840 -0.606484 0.795096 0.000000 -33.131917 0.000000 0.000000 1.000000 0.000000
0.798501 0.601994 0.000000 74.361384 -0.601994 0.798501 0.000000 -33.203233 0.000000 0.000000 1.000000 0.000000
0.801774 0.597628 0.000000 74.448550 -0.597628 0.801774 0.000000 -33.268356 0.000000 0.000000 1.000000 0.000000
0.804286 0.594243 0.000000 74.529854 -0.594243 0.804286 0.000000 -33.327922 0.000000 0.000000 1.000000 0.000000
0.811238 0.584716 0.000000 74.685592 -0.584716 0.811238 0.000000 -33.447947 0.000000 0.000000 1.000000 0.000000
0.813600 0.581425 0.000000 74.752329 -0.581425 0.813600 0.000000 -33.499287 0.000000 0.000000 1.000000 0.000000
0.816916 0.576757 0.000000 74.818299 -0.576757 0.816916 0.000000 -33.541310 0.000000 0.000000 1.000000 0.000000
0.818591 0.574377 0.000000 74.879020 -0.574377 0.818591 0.000000 -33.582999 0.000000 0.000000 1.000000 0.000000
0.821810 0.569761 0.000000 74.936250 -0.569761 0.821810 0.000000 -33.622787 0.000000 0.000000 1.000000 0.000000
0.822996 0.568048 0.000000 74.988926 -0.568048 0.822996 0.000000 -33.652912 0.000000 0.000000 1.000000 0.000000
0.824107 0.566434 0.000000 75.041597 -0.566434 0.824107 0.000000 -33.683269 0.000000 0.000000 1.000000 0.000000
0.825089 0.565002 0.000000 75.114509 -0.565002 0.825089 0.000000 -33.726116 0.000000 0.000000 1.000000 0.000000
0.826288 0.563248 0.000000 75.149336 -0.563248 0.826288 0.000000 -33.747401 0.000000 0.000000 1.000000 0.000000
0.826645 0.562724 0.000000 75.180937 -0.562724 0.826645 0.000000 -33.765901 0.000000 0.000000 1.000000 0.000000
0.827102 0.562051 0.000000 75.212152 -0.562051 0.827102 0.000000 -33.778397 0.000000 0.000000 1.000000 0.000000
0.828075 0.560617 0.000000 75.238543 -0.560617 0.828075 0.000000 -33.796820 0.000000 0.000000 1.000000 0.000000
0.829090 0.559115 0.000000 75.252386 -0.559115 0.829090 0.000000 -33.808165 0.000000 0.000000 1.000000 0.000000
0.828843 0.559481 0.000000 75.269702 -0.559481 0.828843 0.000000 -33.815313 0.000000 0.000000 1.000000 0.000000
0.829356 0.558720 0.000000 75.286078 -0.558720 0.829356 0.000000 -33.828598 0.000000 0.000000 1.000000 0.000000
0.831050 0.556198 0.000000 75.298562 -0.556198 0.831050 0.000000 -33.844275 0.000000 0.000000 1.000000 0.000000
0.830426 0.557129 0.000000 75.308360 -0.557129 0.830426 0.000000 -33.843536 0.000000 0.000000 1.000000 0.000000
0.831387 0.555694 0.000000 75.310764 -0.555694 0.831387 0.000000 -33.848295 0.000000 0.000000 1.000000 0.000000
0.831435 0.555622 0.000000 75.309268 -0.555622 0.831435 0.000000 -33.847138 0.000000 0.000000 1.000000 0.000000
0.830692 0.556733 0.000000 75.307736 -0.556733 0.830692 0.000000 -33.843194 0.000000 0.000000 1.000000 0.000000
0.830614 0.556849 0.000000 75.305487 -0.556849 0.830614 0.000000 -33.840885 0.000000 0.000000 1.000000 0.000000
0.830495 0.557026 0.000000 75.302450 -0.557026 0.830495 0.000000 -33.837720 0.000000 0.000000 1.000000 0.000000
0.831495 0.555533 0.000000 75.297393 -0.555533 0.831495 0.000000 -33.838279 0.000000 0.000000 1.000000 0.000000
0.831547 0.555455 0.000000 75.293963 -0.555455 0.831547 0.000000 -33.837357 0.000000 0.000000 1.000000 0.000000
0.830771 0.556615 0.000000 75.293594 -0.556615 0.830771 0.000000 -33.831774 0.000000 0.000000 1.000000 0.000000
0.830627 0.556829 0.000000 75.293040 -0.556829 0.830627 0.000000 -33.830198 0.000000 0.000000 1.000000 0.000000
0.830710 0.556706 0.000000 75.291035 -0.556706 0.830710 0.000000 -33.829942 0.000000 0.000000 1.000000 0.000000
0.830657 0.556785 0.000000 75.289220 -0.556785 0.830657 0.000000 -33.831518 0.000000 0.000000 1.000000 0.000000
0.830659 0.556781 0.000000 75.287815 -0.556781 0.830659 0.000000 -33.831378 0.000000 0.000000 1.000000 0.000000
0.830517 0.556993 0.000000 75.287234 -0.556993 0.830517 0.000000 -33.828428 0.000000 0.000000 1.000000 0.000000
0.830480 0.557049 0.000000 75.286895 -0.557049 0.830480 0.000000 -33.826976 0.000000 0.000000 1.000000 0.000000
0.830500 0.557019 0.000000 75.286280 -0.557019 0.830500 0.000000 -33.826707 0.000000 0.000000 1.000000 0.000000
0.830642 0.556807 0.000000 75.285298 -0.556807 0.830642 0.000000 -33.826340 0.000000 0.000000 1.000000 0.000000
0.830751 0.556645 0.000000 75.285899 -0.556645 0.830751 0.000000 -33.825974 0.000000 0.000000 1.000000 0.000000
0.830752 0.556643 0.000000 75.286279 -0.556643 0.830752 0.000000 -33.826294 0.000000 0.000000 1.000000 0.000000
0.830790 0.556585 0.000000 75.285111 -0.556585 0.830790 0.000000 -33.828461 0.000000 0.000000 1.000000 0.000000
0.830833 0.556521 0.000000 75.284150 -0.556521 0.830833 0.000000 -33.830054 0.000000 0.000000 1.000000 0.000000
0.830818 0.556544 0.000000 75.283529 -0.556544 0.830818 0.000000 -33.831746 0.000000 0.000000 1.000000 0.000000
0.830834 0.556520 0.000000 75.284460 -0.556520 0.830834 0.000000 -33.832944 0.000000 0.000000 1.000000 0.000000
0.830729 0.556678 0.000000 75.284421 -0.556678 0.830729 0.000000 -33.835282 0.000000 0.000000 1.000000 0.000000
0.830615 0.556847 0.000000 75.285210 -0.556847 0.830615 0.000000 -33.835754 0.000000 0.000000 1.000000 0.000000
0.830581 0.556898 0.000000 75.285591 -0.556898 0.830581 0.000000 -33.835448 0.000000 0.000000 1.000000 0.000000
0.830633 0.556820 0.000000 75.284443 -0.556820 0.830633 0.000000 -33.836139 0.000000 0.000000 1.000000 0.000000
0.830703 0.556715 0.000000 75.283207 -0.556715 0.830703 0.000000 -33.836933 0.000000 0.000000 1.000000 0.000000
0.830715 0.556698 0.000000 75.282342 -0.556698 0.830715 0.000000 -33.837088 0.000000 0.000000 1.000000 0.000000
0.830730 0.556675 0.000000 75.281622 -0.556675 0.830730 0.000000 -33.836607 0.000000 0.000000 1.000000 0.000000
0.830741 0.556659 0.000000 75.281723 -0.556659 0.830741 0.000000 -33.835788 0.000000 0.000000 1.000000 0.000000
0.830791 0.556585 0.000000 75.280869 -0.556585 0.830791 0.000000 -33.834230 0.000000 0.000000 1.000000 0.000000
0.830749 0.556647 0.000000 75.281014 -0.556647 0.830749 0.000000 -33.831701 0.000000 0.000000 1.000000 0.000000
0.830820 0.556542 0.000000 75.281217 -0.556542 0.830820 0.000000 -33.828774 0.000000 0.000000 1.000000 0.000000
0.830847 0.556501 0.000000 75.279956 -0.556501 0.830847 0.000000 -33.826098 0.000000 0.000000 1.000000 0.000000
0.830873 0.556463 0.000000 75.279111 -0.556463 0.830873 0.000000 -33.824777 0.000000 0.000000 1.000000 0.000000
0.830886 0.556442 0.000000 75.278264 -0.556442 0.830886 0.000000 -33.824400 0.000000 0.000000 1.000000 0.000000
0.830945 0.556355 0.000000 75.277839 -0.556355 0.830945 0.000000 -33.824598 0.000000 0.000000 1.000000 0.000000
0.831341 0.555762 0.000000 75.276757 -0.555762 0.831341 0.000000 -33.825482 0.000000 0.000000 1.000000 0.000000
0.831232 0.555926 0.000000 75.276706 -0.555926 0.831232 0.000000 -33.825282 0.000000 0.000000 1.000000 0.000000
0.831164 0.556028 0.000000 75.277319 -0.556028 0.831164 0.000000 -33.822990 0.000000 0.000000 1.000000 0.000000
0.831092 0.556134 0.000000 75.279100 -0.556134 0.831092 0.000000 -33.823090 0.000000 0.000000 1.000000 0.000000
0.831074 0.556162 0.000000 75.279470 -0.556162 0.831074 0.000000 -33.824235 0.000000 0.000000 1.000000 0.000000
0.831194 0.555982 0.000000 75.278957 -0.555982 0.831194 0.000000 -33.826027 0.000000 0.000000 1.000000 0.000000
0.831174 0.556013 0.000000 75.280375 -0.556013 0.831174 0.000000 -33.826226 0.000000 0.000000 1.000000 0.000000
0.831019 0.556244 0.000000 75.278470 -0.556244 0.831019 0.000000 -33.829147 0.000000 0.000000 1.000000 0.000000
0.830494 0.557028 0.000000 75.281505 -0.557028 0.830494 0.000000 -33.827582 0.000000 0.000000 1.000000 0.000000
0.830176 0.557502 0.000000 75.282532 -0.557502 0.830176 0.000000 -33.826671 0.000000 0.000000 1.000000 0.000000
0.828961 0.559306 0.000000 75.286272 -0.559306 0.828961 0.000000 -33.827920 0.000000 0.000000 1.000000 0.000000
0.829105 0.559093 0.000000 75.285856 -0.559093 0.829105 0.000000 -33.829506 0.000000 0.000000 1.000000 0.000000
0.829315 0.558781 0.000000 75.289366 -0.558781 0.829315 0.000000 -33.838417 0.000000 0.000000 1.000000 0.000000
0.829564 0.558412 0.000000 75.285062 -0.558412 0.829564 0.000000 -33.847475 0.000000 0.000000 1.000000 0.000000
0.831151 0.556047 0.000000 75.282416 -0.556047 0.831151 0.000000 -33.857273 0.000000 0.000000 1.000000 0.000000
0.831843 0.555011 0.000000 75.280506 -0.555011 0.831843 0.000000 -33.861524 0.000000 0.000000 1.000000 0.000000
0.832418 0.554148 0.000000 75.281367 -0.554148 0.832418 0.000000 -33.865890 0.000000 0.000000 1.000000 0.000000
0.832730 0.553679 0.000000 75.279631 -0.553679 0.832730 0.000000 -33.868669 0.000000 0.000000 1.000000 0.000000
0.832771 0.553618 0.000000 75.280035 -0.553618 0.832771 0.000000 -33.870046 0.000000 0.000000 1.000000 0.000000
0.832902 0.553420 0.000000 75.279873 -0.553420 0.832902 0.000000 -33.868239 0.000000 0.000000 1.000000 0.000000
0.832806 0.553565 0.000000 75.280611 -0.553565 0.832806 0.000000 -33.867536 0.000000 0.000000 1.000000 0.000000
0.832649 0.553801 0.000000 75.280740 -0.553801 0.832649 0.000000 -33.867532 0.000000 0.000000 1.000000 0.000000
0.832698 0.553728 0.000000 75.278814 -0.553728 0.832698 0.000000 -33.864349 0.000000 0.000000 1.000000 0.000000
0.832483 0.554050 0.000000 75.278735 -0.554050 0.832483 0.000000 -33.863049 0.000000 0.000000 1.000000 0.000000
0.832535 0.553972 0.000000 75.278608 -0.553972 0.832535 0.000000 -33.863012 0.000000 0.000000 1.000000 0.000000
0.832575 0.553912 0.000000 75.277282 -0.553912 0.832575 0.000000 -33.862302 0.000000 0.000000 1.000000 0.000000
0.832593 0.553886 0.000000 75.277813 -0.553886 0.832593 0.000000 -33.860140 0.000000 0.000000 1.000000 0.000000
0.833043 0.553208 0.000000 75.277942 -0.553208 0.833043 0.000000 -33.859743 0.000000 0.000000 1.000000 0.000000
0.833339 0.552762 0.000000 75.278235 -0.552762 0.833339 0.000000 -33.858108 0.000000 0.000000 1.000000 0.000000
0.833964 0.551818 0.000000 75.279638 -0.551818 0.833964 0.000000 -33.859139 0.000000 0.000000 1.000000 0.000000
0.834509 0.550994 0.000000 75.280529 -0.550994 0.834509 0.000000 -33.860114 0.000000 0.000000 1.000000 0.000000
0.834530 0.550963 0.000000 75.279693 -0.550963 0.834530 0.000000 -33.861331 0.000000 0.000000 1.000000 0.000000
0.834249 0.551387 0.000000 75.283409 -0.551387 0.834249 0.000000 -33.859215 0.000000 0.000000 1.000000 0.000000
0.833104 0.553117 0.000000 75.289182 -0.553117 0.833104 0.000000 -33.857917 0.000000 0.000000 1.000000 0.000000
0.832307 0.554315 0.000000 75.297600 -0.554315 0.832307 0.000000 -33.863538 0.000000 0.000000 1.000000 0.000000
0.831479 0.555556 0.000000 75.300916 -0.555556 0.831479 0.000000 -33.870618 0.000000 0.000000 1.000000 0.000000
0.830620 0.556839 0.000000 75.307025 -0.556839 0.830620 0.000000 -33.873985 0.000000 0.000000 1.000000 0.000000
0.829668 0.558256 0.000000 75.312158 -0.558256 0.829668 0.000000 -33.874872 0.000000 0.000000 1.000000 0.000000
0.828490 0.560004 0.000000 75.317263 -0.560004 0.828490 0.000000 -33.881663 0.000000 0.000000 1.000000 0.000000
0.827719 0.561142 0.000000 75.323838 -0.561142 0.827719 0.000000 -33.885193 0.000000 0.000000 1.000000 0.000000
0.827682 0.561197 0.000000 75.330220 -0.561197 0.827682 0.000000 -33.894240 0.000000 0.000000 1.000000 0.000000
0.828135 0.560529 0.000000 75.333960 -0.560529 0.828135 0.000000 -33.908142 0.000000 0.000000 1.000000 0.000000
0.828891 0.559410 0.000000 75.341276 -0.559410 0.828891 0.000000 -33.919234 0.000000 0.000000 1.000000 0.000000
0.829999 0.557765 0.000000 75.345079 -0.557765 0.829999 0.000000 -33.934279 0.000000 0.000000 1.000000 0.000000
0.831234 0.555922 0.000000 75.349890 -0.555922 0.831234 0.000000 -33.948950 0.000000 0.000000 1.000000 0.000000
0.831942 0.554863 0.000000 75.356844 -0.554863 0.831942 0.000000 -33.963992 0.000000 0.000000 1.000000 0.000000
0.832177 0.554510 0.000000 75.368128 -0.554510 0.832177 0.000000 -33.974784 0.000000 0.000000 1.000000 0.000000
0.832105 0.554617 0.000000 75.382274 -0.554617 0.832105 0.000000 -33.985995 0.000000 0.000000 1.000000 0.000000
0.831794 0.555085 0.000000 75.396308 -0.555085 0.831794 0.000000 -33.989668 0.000000 0.000000 1.000000 0.000000
0.831447 0.555605 0.000000 75.412048 -0.555605 0.831447 0.000000 -34.001009 0.000000 0.000000 1.000000 0.000000
0.831116 0.556099 0.000000 75.443760 -0.556099 0.831116 0.000000 -34.019166 0.000000 0.000000 1.000000 0.000000
0.831840 0.555016 0.000000 75.456369 -0.555016 0.831840 0.000000 -34.032817 0.000000 0.000000 1.000000 0.000000
0.831941 0.554865 0.000000 75.473715 -0.554865 0.831941 0.000000 -34.044043 0.000000 0.000000 1.000000 0.000000
0.832672 0.553766 0.000000 75.491779 -0.553766 0.832672 0.000000 -34.055283 0.000000 0.000000 1.000000 0.000000
0.833588 0.552387 0.000000 75.505645 -0.552387 0.833588 0.000000 -34.063616 0.000000 0.000000 1.000000 0.000000
0.835346 0.549724 0.000000 75.515296 -0.549724 0.835346 0.000000 -34.074172 0.000000 0.000000 1.000000 0.000000
0.836274 0.548312 0.000000 75.521892 -0.548312 0.836274 0.000000 -34.096306 0.000000 0.000000 1.000000 0.000000
0.836909 0.547342 0.000000 75.529438 -0.547342 0.836909 0.000000 -34.106685 0.000000 0.000000 1.000000 0.000000
0.837201 0.546895 0.000000 75.540207 -0.546895 0.837201 0.000000 -34.116369 0.000000 0.000000 1.000000 0.000000
0.836776 0.547545 0.000000 75.550466 -0.547545 0.836776 0.000000 -34.119282 0.000000 0.000000 1.000000 0.000000
0.836391 0.548133 0.000000 75.563276 -0.548133 0.836391 0.000000 -34.115921 0.000000 0.000000 1.000000 0.000000
0.835727 0.549146 0.000000 75.569361 -0.549146 0.835727 0.000000 -34.115098 0.000000 0.000000 1.000000 0.000000
0.835650 0.549262 0.000000 75.573255 -0.549262 0.835650 0.000000 -34.111529 0.000000 0.000000 1.000000 0.000000
0.835434 0.549591 0.000000 75.572398 -0.549591 0.835434 0.000000 -34.114312 0.000000 0.000000 1.000000 0.000000
0.835441 0.549580 0.000000 75.568919 -0.549580 0.835441 0.000000 -34.118108 0.000000 0.000000 1.000000 0.000000
0.836111 0.548560 0.000000 75.565806 -0.548560 0.836111 0.000000 -34.122807 0.000000 0.000000 1.000000 0.000000
0.836599 0.547816 0.000000 75.562523 -0.547816 0.836599 0.000000 -34.126716 0.000000 0.000000 1.000000 0.000000
0.836840 0.547448 0.000000 75.560891 -0.547448 0.836840 0.000000 -34.128689 0.000000 0.000000 1.000000 0.000000
0.836898 0.547359 0.000000 75.560359 -0.547359 0.836898 0.000000 -34.129531 0.000000 0.000000 1.000000 0.000000
0.837379 0.546623 0.000000 75.560390 -0.546623 0.837379 0.000000 -34.132993 0.000000 0.000000 1.000000 0.000000
0.837585 0.546307 0.000000 75.559260 -0.546307 0.837585 0.000000 -34.135557 0.000000 0.000000 1.000000 0.000000
0.838607 0.544738 0.000000 75.559769 -0.544738 0.838607 0.000000 -34.142418 0.000000 0.000000 1.000000 0.000000
0.838665 0.544648 0.000000 75.561570 -0.544648 0.838665 0.000000 -34.144454 0.000000 0.000000 1.000000 0.000000
0.838927 0.544245 0.000000 75.562442 -0.544245 0.838927 0.000000 -34.143111 0.000000 0.000000 1.000000 0.000000
0.839496 0.543366 0.000000 75.563036 -0.543366 0.839496 0.000000 -34.145697 0.000000 0.000000 1.000000 0.000000
0.839555 0.543275 0.000000 75.563558 -0.543275 0.839555 0.000000 -34.146181 0.000000 0.000000 1.000000 0.000000
0.839804 0.542890 0.000000 75.564168 -0.542890 0.839804 0.000000 -34.147345 0.000000 0.000000 1.000000 0.000000
0.839827 0.542854 0.000000 75.563968 -0.542854 0.839827 0.000000 -34.147275 0.000000 0.000000 1.000000 0.000000
0.839731 0.543002 0.000000 75.566535 -0.543002 0.839731 0.000000 -34.146232 0.000000 0.000000 1.000000 0.000000
0.839990 0.542602 0.000000 75.568632 -0.542602 0.839990 0.000000 -34.142788 0.000000 0.000000 1.000000 0.000000
0.839815 0.542873 0.000000 75.571181 -0.542873 0.839815 0.000000 -34.140116 0.000000 0.000000 1.000000 0.000000
0.840584 0.541681 0.000000 75.572652 -0.541681 0.840584 0.000000 -34.140780 0.000000 0.000000 1.000000 0.000000
0.840761 0.541406 0.000000 75.572315 -0.541406 0.840761 0.000000 -34.140845 0.000000 0.000000 1.000000 0.000000
0.841064 0.540936 0.000000 75.575190 -0.540936 0.841064 0.000000 -34.140112 0.000000 0.000000 1.000000 0.000000
0.841463 0.540315 0.000000 75.575533 -0.540315 0.841463 0.000000 -34.140264 0.000000 0.000000 1.000000 0.000000
0.841663 0.540003 0.000000 75.578363 -0.540003 0.841663 0.000000 -34.142271 0.000000 0.000000 1.000000 0.000000
0.841659 0.540009 0.000000 75.582873 -0.540009 0.841659 0.000000 -34.142139 0.000000 0.000000 1.000000 0.000000
