0.999976 0.006865 0.000000 0.587258 -0.006865 0.999976 0.000000 -0.009773 0.000000 0.000000 1.000000 0.000000
0.999940 0.010914 0.000000 1.723837 -0.010914 0.999940 0.000000 -0.041208 0.000000 0.000000 1.000000 0.000000
0.999921 0.012544 0.000000 2.310353 -0.012544 0.999921 0.000000 -0.045967 0.000000 0.000000 1.000000 0.000000
0.999889 0.014874 0.000000 3.116751 -0.014874 0.999889 0.000000 -0.063567 0.000000 0.000000 1.000000 0.000000
0.999882 0.015350 0.000000 3.689397 -0.015350 0.999882 0.000000 -0.071307 0.000000 0.000000 1.000000 0.000000
0.999875 0.015840 0.000000 4.276239 -0.015840 0.999875 0.000000 -0.083514 0.000000 0.000000 1.000000 0.000000
0.999866 0.016351 0.000000 4.858384 -0.016351 0.999866 0.000000 -0.088050 0.000000 0.000000 1.000000 0.000000
0.999856 0.016987 0.000000 5.410728 -0.016987 0.999856 0.000000 -0.102489 0.000000 0.000000 1.000000 0.000000
0.999848 0.017445 0.000000 5.998764 -0.017445 0.999848 0.000000 -0.126773 0.000000 0.000000 1.000000 0.000000
0.999828 0.018538 0.000000 6.545901 -0.018538 0.999828 0.000000 -0.132211 0.000000 0.000000 1.000000 0.000000
0.999825 0.018704 0.000000 7.122369 -0.018704 0.999825 0.000000 -0.141550 0.000000 0.000000 1.000000 0.000000
0.999789 0.020534 0.000000 7.682333 -0.020534 0.999789 0.000000 -0.149109 0.000000 0.000000 1.000000 0.000000
0.999792 0.020385 0.000000 8.251146 -0.020385 0.999792 0.000000 -0.174247 0.000000 0.000000 1.000000 0.000000
0.999757 0.022066 0.000000 8.831657 -0.022066 0.999757 0.000000 -0.186660 0.000000 0.000000 1.000000 0.000000
0.999703 0.024367 0.000000 9.582641 -0.024367 0.999703 0.000000 -0.211225 0.000000 0.000000 1.000000 0.000000
0.999668 0.025749 0.000000 10.196873 -0.025749 0.999668 0.000000 -0.233871 0.000000 0.000000 1.000000 0.000000
0.999652 0.026367 0.000000 10.738853 -0.026367 0.999652 0.000000 -0.246120 0.000000 0.000000 1.000000 0.000000
0.999595 0.028456 0.000000 11.353153 -0.028456 0.999595 0.000000 -0.248325 0.000000 0.000000 1.000000 0.000000
0.999549 0.030026 0.000000 11.930134 -0.030026 0.999549 0.000000 -0.249105 0.000000 0.000000 1.000000 0.000000
0.999533 0.030565 0.000000 12.506715 -0.030565 0.999533 0.000000 -0.268418 0.000000 0.000000 1.000000 0.000000
0.999424 0.033946 0.000000 13.087100 -0.033946 0.999424 0.000000 -0.282927 0.000000 0.000000 1.000000 0.000000
0.999383 0.035115 0.000000 13.664498 -0.035115 0.999383 0.000000 -0.300457 0.000000 0.000000 1.000000 0.000000
0.999294 0.037564 0.000000 14.238484 -0.037564 0.999294 0.000000 -0.312864 0.000000 0.000000 1.000000 0.000000
0.999265 0.038341 0.000000 14.817757 -0.038341 0.999265 0.000000 -0.332097 0.000000 0.000000 1.000000 0.000000
0.999165 0.040867 0.000000 15.390488 -0.040867 0.999165 0.000000 -0.366458 0.000000 0.000000 1.000000 0.000000
0.999076 0.042982 0.000000 15.961567 -0.042982 0.999076 0.000000 -0.393896 0.000000 0.000000 1.000000 0.000000
0.999072 0.043062 0.000000 16.503469 -0.043062 0.999072 0.000000 -0.421388 0.000000 0.000000 1.000000 0.000000
0.998874 0.047433 0.000000 17.072524 -0.047433 0.998874 0.000000 -0.452115 0.000000 0.000000 1.000000 0.000000
0.998810 0.048763 0.000000 18.171613 -0.048763 0.998810 0.000000 -0.514691 0.000000 0.000000 1.000000 0.000000
0.998861 0.047710 0.000000 19.102963 -0.047710 0.998861 0.000000 -0.564048 0.000000 0.000000 1.000000 0.000000
0.998953 0.045744 0.000000 19.669016 -0.045744 0.998953 0.000000 -0.595396 0.000000 0.000000 1.000000 0.000000
0.998895 0.046997 0.000000 20.234177 -0.046997 0.998895 0.000000 -0.633687 0.000000 0.000000 1.000000 0.000000
0.998820 0.048573 0.000000 20.797848 -0.048573 0.998820 0.000000 -0.683140 0.000000 0.000000 1.000000 0.000000
0.999031 0.044023 0.000000 21.358182 -0.044023 0.999031 0.000000 -0.731186 0.000000 0.000000 1.000000 0.000000
0.999110 0.042170 0.000000 21.958371 -0.042170 0.999110 0.000000 -0.762600 0.000000 0.000000 1.000000 0.000000
0.998659 0.051764 0.000000 22.521192 -0.051764 0.998659 0.000000 -0.797837 0.000000 0.000000 1.000000 0.000000
0.997881 0.065073 0.000000 23.645282 -0.065073 0.997881 0.000000 -0.890037 0.000000 0.000000 1.000000 0.000000
0.997980 0.063521 0.000000 24.206536 -0.063521 0.997980 0.000000 -0.956748 0.000000 0.000000 1.000000 0.000000
0.997851 0.065529 0.000000 24.767998 -0.065529 0.997851 0.000000 -1.006575 0.000000 0.000000 1.000000 0.000000
0.997872 0.065203 0.000000 25.289241 -0.065203 0.997872 0.000000 -1.064720 0.000000 0.000000 1.000000 0.000000
0.997977 0.063569 0.000000 25.846651 -0.063569 0.997977 0.000000 -1.117596 0.000000 0.000000 1.000000 0.000000
0.997561 0.069801 0.000000 26.738221 -0.069801 0.997561 0.000000 -1.197556 0.000000 0.000000 1.000000 0.000000
0.997564 0.069762 0.000000 27.331640 -0.069762 0.997564 0.000000 -1.244766 0.000000 0.000000 1.000000 0.000000
0.997494 0.070745 0.000000 27.885119 -0.070745 0.997494 0.000000 -1.289995 0.000000 0.000000 1.000000 0.000000
0.997564 0.069762 0.000000 28.441381 -0.069762 0.997564 0.000000 -1.340288 0.000000 0.000000 1.000000 0.000000
0.997465 0.071154 0.000000 29.003377 -0.071154 0.997465 0.000000 -1.386734 0.000000 0.000000 1.000000 0.000000
0.997472 0.071057 0.000000 29.561203 -0.071057 0.997472 0.000000 -1.422367 0.000000 0.000000 1.000000 0.000000
0.997289 0.073585 0.000000 30.118274 -0.073585 0.997289 0.000000 -1.472154 0.000000 0.000000 1.000000 0.000000
0.997456 0.071291 0.000000 30.686132 -0.071291 0.997456 0.000000 -1.511799 0.000000 0.000000 1.000000 0.000000
0.997284 0.073659 0.000000 31.244208 -0.073659 0.997284 0.000000 -1.544546 0.000000 0.000000 1.000000 0.000000
0.997199 0.074792 0.000000 31.767581 -0.074792 0.997199 0.000000 -1.590875 0.000000 0.000000 1.000000 0.000000
0.996973 0.077751 0.000000 32.711880 -0.077751 0.996973 0.000000 -1.672889 0.000000 0.000000 1.000000 0.000000
0.996596 0.082446 0.000000 33.266328 -0.082446 0.996596 0.000000 -1.721416 0.000000 0.000000 1.000000 0.000000
0.996425 0.084478 0.000000 33.827099 -0.084478 0.996425 0.000000 -1.766612 0.000000 0.000000 1.000000 0.000000
0.996340 0.085483 0.000000 34.388169 -0.085483 0.996340 0.000000 -1.822022 0.000000 0.000000 1.000000 0.000000
0.996110 0.088124 0.000000 34.945735 -0.088124 0.996110 0.000000 -1.869910 0.000000 0.000000 1.000000 0.000000
0.996032 0.088996 0.000000 35.502847 -0.088996 0.996032 0.000000 -1.925282 0.000000 0.000000 1.000000 0.000000
0.995907 0.090379 0.000000 36.092175 -0.090379 0.995907 0.000000 -1.994895 0.000000 0.000000 1.000000 0.000000
0.995905 0.090411 0.000000 36.613638 -0.090411 0.995905 0.000000 -2.050605 0.000000 0.000000 1.000000 0.000000
0.995927 0.090168 0.000000 37.166443 -0.090168 0.995927 0.000000 -2.102854 0.000000 0.000000 1.000000 0.000000
0.996019 0.089139 0.000000 37.724987 -0.089139 0.996019 0.000000 -2.157864 0.000000 0.000000 1.000000 0.000000
0.995687 0.092780 0.000000 38.279412 -0.092780 0.995687 0.000000 -2.207714 0.000000 0.000000 1.000000 0.000000
0.995543 0.094312 0.000000 38.793214 -0.094312 0.995543 0.000000 -2.253229 0.000000 0.000000 1.000000 0.000000
0.995418 0.095623 0.000000 39.348223 -0.095623 0.995418 0.000000 -2.323282 0.000000 0.000000 1.000000 0.000000
0.995517 0.094582 0.000000 39.866814 -0.094582 0.995517 0.000000 -2.374904 0.000000 0.000000 1.000000 0.000000
0.995646 0.093215 0.000000 40.829751 -0.093215 0.995646 0.000000 -2.483697 0.000000 0.000000 1.000000 0.000000
0.995598 0.093729 0.000000 41.379440 -0.093729 0.995598 0.000000 -2.547934 0.000000 0.000000 1.000000 0.000000
0.995357 0.096253 0.000000 41.930356 -0.096253 0.995357 0.000000 -2.601026 0.000000 0.000000 1.000000 0.000000
0.995589 0.093819 0.000000 43.023260 -0.093819 0.995589 0.000000 -2.688796 0.000000 0.000000 1.000000 0.000000
0.995014 0.099740 0.000000 43.607316 -0.099740 0.995014 0.000000 -2.754586 0.000000 0.000000 1.000000 0.000000
0.994955 0.100320 0.000000 44.100171 -0.100320 0.994955 0.000000 -2.816713 0.000000 0.000000 1.000000 0.000000
0.994977 0.100106 0.000000 45.129044 -0.100106 0.994977 0.000000 -2.943911 0.000000 0.000000 1.000000 0.000000
0.994892 0.100947 0.000000 45.660409 -0.100947 0.994892 0.000000 -3.008268 0.000000 0.000000 1.000000 0.000000
0.994973 0.100141 0.000000 46.178309 -0.100141 0.994973 0.000000 -3.071268 0.000000 0.000000 1.000000 0.000000
0.994965 0.100227 0.000000 46.677579 -0.100227 0.994965 0.000000 -3.118169 0.000000 0.000000 1.000000 0.000000
0.994729 0.102542 0.000000 47.580120 -0.102542 0.994729 0.000000 -3.219505 0.000000 0.000000 1.000000 0.000000
0.994880 0.101066 0.000000 48.083116 -0.101066 0.994880 0.000000 -3.283537 0.000000 0.000000 1.000000 0.000000
0.994383 0.105839 0.000000 48.580448 -0.105839 0.994383 0.000000 -3.330850 0.000000 0.000000 1.000000 0.000000
0.993782 0.111341 0.000000 49.071237 -0.111341 0.993782 0.000000 -3.394253 0.000000 0.000000 1.000000 0.000000
0.993726 0.111838 0.000000 49.553911 -0.111838 0.993726 0.000000 -3.461868 0.000000 0.000000 1.000000 0.000000
0.993561 0.113302 0.000000 50.023842 -0.113302 0.993561 0.000000 -3.517079 0.000000 0.000000 1.000000 0.000000
0.993212 0.116317 0.000000 50.497446 -0.116317 0.993212 0.000000 -3.573142 0.000000 0.000000 1.000000 0.000000
0.992667 0.120880 0.000000 51.209752 -0.120880 0.992667 0.000000 -3.666371 0.000000 0.000000 1.000000 0.000000
0.992688 0.120711 0.000000 51.636925 -0.120711 0.992688 0.000000 -3.731599 0.000000 0.000000 1.000000 0.000000
0.992746 0.120229 0.000000 52.089920 -0.120229 0.992746 0.000000 -3.788171 0.000000 0.000000 1.000000 0.000000
0.992882 0.119106 0.000000 52.534866 -0.119106 0.992882 0.000000 -3.841898 0.000000 0.000000 1.000000 0.000000
0.992815 0.119658 0.000000 52.956618 -0.119658 0.992815 0.000000 -3.893247 0.000000 0.000000 1.000000 0.000000
0.993170 0.116680 0.000000 53.380708 -0.116680 0.993170 0.000000 -3.955824 0.000000 0.000000 1.000000 0.000000
0.993415 0.114570 0.000000 54.110094 -0.114570 0.993415 0.000000 -4.048277 0.000000 0.000000 1.000000 0.000000
0.993222 0.116236 0.000000 54.491530 -0.116236 0.993222 0.000000 -4.092651 0.000000 0.000000 1.000000 0.000000
0.993073 0.117499 0.000000 54.923825 -0.117499 0.993073 0.000000 -4.150573 0.000000 0.000000 1.000000 0.000000
0.992924 0.118753 0.000000 55.320347 -0.118753 0.992924 0.000000 -4.204019 0.000000 0.000000 1.000000 0.000000
0.992768 0.120045 0.000000 55.715572 -0.120045 0.992768 0.000000 -4.253834 0.000000 0.000000 1.000000 0.000000
0.992612 0.121335 0.000000 56.105490 -0.121335 0.992612 0.000000 -4.299681 0.000000 0.000000 1.000000 0.000000
0.992397 0.123079 0.000000 56.488292 -0.123079 0.992397 0.000000 -4.360995 0.000000 0.000000 1.000000 0.000000
0.992569 0.121686 0.000000 56.856676 -0.121686 0.992569 0.000000 -4.417866 0.000000 0.000000 1.000000 0.000000
0.992336 0.123571 0.000000 57.220471 -0.123571 0.992336 0.000000 -4.457760 0.000000 0.000000 1.000000 0.000000
0.992080 0.125610 0.000000 57.585828 -0.125610 0.992080 0.000000 -4.504878 0.000000 0.000000 1.000000 0.000000
0.991435 0.130599 0.000000 58.267054 -0.130599 0.991435 0.000000 -4.605093 0.000000 0.000000 1.000000 0.000000
0.991576 0.129524 0.000000 58.615262 -0.129524 0.991576 0.000000 -4.652836 0.000000 0.000000 1.000000 0.000000
0.991580 0.129496 0.000000 58.929482 -0.129496 0.991580 0.000000 -4.701591 0.000000 0.000000 1.000000 0.000000
0.991638 0.129050 0.000000 59.260793 -0.129050 0.991638 0.000000 -4.748265 0.000000 0.000000 1.000000 0.000000
0.991422 0.130703 0.000000 59.590841 -0.130703 0.991422 0.000000 -4.805471 0.000000 0.000000 1.000000 0.000000
0.991190 0.132447 0.000000 59.893877 -0.132447 0.991190 0.000000 -4.839272 0.000000 0.000000 1.000000 0.000000
0.990206 0.139612 0.000000 60.220853 -0.139612 0.990206 0.000000 -4.863212 0.000000 0.000000 1.000000 0.000000
0.990016 0.140954 0.000000 60.537020 -0.140954 0.990016 0.000000 -4.913327 0.000000 0.000000 1.000000 0.000000
0.990281 0.139084 0.000000 61.056184 -0.139084 0.990281 0.000000 -4.999349 0.000000 0.000000 1.000000 0.000000
0.990366 0.138474 0.000000 61.358878 -0.138474 0.990366 0.000000 -5.047349 0.000000 0.000000 1.000000 0.000000
0.990104 0.140333 0.000000 61.661413 -0.140333 0.990104 0.000000 -5.094402 0.000000 0.000000 1.000000 0.000000
0.989714 0.143058 0.000000 61.975308 -0.143058 0.989714 0.000000 -5.141511 0.000000 0.000000 1.000000 0.000000
0.989677 0.143319 0.000000 62.271181 -0.143319 0.989677 0.000000 -5.188060 0.000000 0.000000 1.000000 0.000000
0.989417 0.145102 0.000000 62.540623 -0.145102 0.989417 0.000000 -5.227580 0.000000 0.000000 1.000000 0.000000
0.989400 0.145217 0.000000 62.840510 -0.145217 0.989400 0.000000 -5.278430 0.000000 0.000000 1.000000 0.000000
0.989141 0.146967 0.000000 63.121650 -0.146967 0.989141 0.000000 -5.322842 0.000000 0.000000 1.000000 0.000000
0.989044 0.147619 0.000000 63.391626 -0.147619 0.989044 0.000000 -5.365207 0.000000 0.000000 1.000000 0.000000
0.988527 0.151045 0.000000 63.853666 -0.151045 0.988527 0.000000 -5.447885 0.000000 0.000000 1.000000 0.000000
0.988520 0.151091 0.000000 64.095776 -0.151091 0.988520 0.000000 -5.489128 0.000000 0.000000 1.000000 0.000000
0.988284 0.152629 0.000000 64.372922 -0.152629 0.988284 0.000000 -5.531410 0.000000 0.000000 1.000000 0.000000
0.988261 0.152778 0.000000 64.633957 -0.152778 0.988261 0.000000 -5.569469 0.000000 0.000000 1.000000 0.000000
0.988150 0.153490 0.000000 64.894638 -0.153490 0.988150 0.000000 -5.610183 0.000000 0.000000 1.000000 0.000000
0.988047 0.154152 0.000000 65.158505 -0.154152 0.988047 0.000000 -5.655770 0.000000 0.000000 1.000000 0.000000
0.987895 0.155126 0.000000 65.410524 -0.155126 0.987895 0.000000 -5.700955 0.000000 0.000000 1.000000 0.000000
0.987905 0.155059 0.000000 65.674579 -0.155059 0.987905 0.000000 -5.747491 0.000000 0.000000 1.000000 0.000000
0.987418 0.158130 0.000000 65.919634 -0.158130 0.987418 0.000000 -5.793825 0.000000 0.000000 1.000000 0.000000
0.987292 0.158918 0.000000 66.191459 -0.158918 0.987292 0.000000 -5.834997 0.000000 0.000000 1.000000 0.000000
0.987084 0.160203 0.000000 66.439198 -0.160203 0.987084 0.000000 -5.881516 0.000000 0.000000 1.000000 0.000000
0.986988 0.160794 0.000000 66.697189 -0.160794 0.986988 0.000000 -5.927093 0.000000 0.000000 1.000000 0.000000
0.986548 0.163473 0.000000 67.130300 -0.163473 0.986548 0.000000 -6.015957 0.000000 0.000000 1.000000 0.000000
0.986361 0.164597 0.000000 67.402150 -0.164597 0.986361 0.000000 -6.061154 0.000000 0.000000 1.000000 0.000000
0.986348 0.164675 0.000000 67.674547 -0.164675 0.986348 0.000000 -6.107944 0.000000 0.000000 1.000000 0.000000
0.986121 0.166030 0.000000 67.941435 -0.166030 0.986121 0.000000 -6.156750 0.000000 0.000000 1.000000 0.000000
0.986015 0.166654 0.000000 68.210450 -0.166654 0.986015 0.000000 -6.204620 0.000000 0.000000 1.000000 0.000000
0.985861 0.167563 0.000000 68.501462 -0.167563 0.985861 0.000000 -6.257898 0.000000 0.000000 1.000000 0.000000
0.985738 0.168286 0.000000 68.757612 -0.168286 0.985738 0.000000 -6.305072 0.000000 0.000000 1.000000 0.000000
0.985769 0.168108 0.000000 69.049606 -0.168108 0.985769 0.000000 -6.363332 0.000000 0.000000 1.000000 0.000000
0.985299 0.170839 0.000000 69.328144 -0.170839 0.985299 0.000000 -6.409518 0.000000 0.000000 1.000000 0.000000
0.985140 0.171754 0.000000 69.589724 -0.171754 0.985140 0.000000 -6.461898 0.000000 0.000000 1.000000 0.000000
0.985030 0.172381 0.000000 69.869155 -0.172381 0.985030 0.000000 -6.511615 0.000000 0.000000 1.000000 0.000000
0.984540 0.175163 0.000000 70.135339 -0.175163 0.984540 0.000000 -6.561783 0.000000 0.000000 1.000000 0.000000
0.984347 0.176239 0.000000 70.907403 -0.176239 0.984347 0.000000 -6.708953 0.000000 0.000000 1.000000 0.000000
0.983705 0.179790 0.000000 71.193343 -0.179790 0.983705 0.000000 -6.758592 0.000000 0.000000 1.000000 0.000000
0.983183 0.182622 0.000000 71.483710 -0.182622 0.983183 0.000000 -6.811525 0.000000 0.000000 1.000000 0.000000
0.982967 0.183782 0.000000 71.776701 -0.183782 0.982967 0.000000 -6.867330 0.000000 0.000000 1.000000 0.000000
0.983301 0.181989 0.000000 72.066618 -0.181989 0.983301 0.000000 -6.923789 0.000000 0.000000 1.000000 0.000000
0.982815 0.184593 0.000000 72.643963 -0.184593 0.982815 0.000000 -7.035018 0.000000 0.000000 1.000000 0.000000
0.982440 0.186579 0.000000 72.940433 -0.186579 0.982440 0.000000 -7.093535 0.000000 0.000000 1.000000 0.000000
0.982456 0.186495 0.000000 73.228777 -0.186495 0.982456 0.000000 -7.151342 0.000000 0.000000 1.000000 0.000000
0.982204 0.187816 0.000000 73.691854 -0.187816 0.982204 0.000000 -7.247251 0.000000 0.000000 1.000000 0.000000
0.981467 0.191629 0.000000 74.008625 -0.191629 0.981467 0.000000 -7.305977 0.000000 0.000000 1.000000 0.000000
0.979637 0.200779 0.000000 74.529841 -0.200779 0.979637 0.000000 -7.407259 0.000000 0.000000 1.000000 0.000000
0.979525 0.201324 0.000000 74.860545 -0.201324 0.979525 0.000000 -7.483124 0.000000 0.000000 1.000000 0.000000
0.979412 0.201871 0.000000 75.196529 -0.201871 0.979412 0.000000 -7.543991 0.000000 0.000000 1.000000 0.000000
0.978172 0.207795 0.000000 75.519114 -0.207795 0.978172 0.000000 -7.602108 0.000000 0.000000 1.000000 0.000000
0.978260 0.207383 0.000000 75.868222 -0.207383 0.978260 0.000000 -7.676001 0.000000 0.000000 1.000000 0.000000
0.977711 0.209957 0.000000 76.432837 -0.209957 0.977711 0.000000 -7.802389 0.000000 0.000000 1.000000 0.000000
0.978353 0.206945 0.000000 76.778298 -0.206945 0.978353 0.000000 -7.877021 0.000000 0.000000 1.000000 0.000000
0.978295 0.207219 0.000000 77.158272 -0.207219 0.978295 0.000000 -7.966552 0.000000 0.000000 1.000000 0.000000
0.978179 0.207766 0.000000 77.513998 -0.207766 0.978179 0.000000 -8.042335 0.000000 0.000000 1.000000 0.000000
0.978170 0.207804 0.000000 78.159322 -0.207804 0.978170 0.000000 -8.191014 0.000000 0.000000 1.000000 0.000000
0.978085 0.208208 0.000000 78.813338 -0.208208 0.978085 0.000000 -8.318172 0.000000 0.000000 1.000000 0.000000
0.978625 0.205651 0.000000 79.190835 -0.205651 0.978625 0.000000 -8.409421 0.000000 0.000000 1.000000 0.000000
0.978925 0.204222 0.000000 79.613428 -0.204222 0.978925 0.000000 -8.496197 0.000000 0.000000 1.000000 0.000000
0.978304 0.207174 0.000000 80.013230 -0.207174 0.978304 0.000000 -8.579829 0.000000 0.000000 1.000000 0.000000
0.978055 0.208345 0.000000 80.440173 -0.208345 0.978055 0.000000 -8.686275 0.000000 0.000000 1.000000 0.000000
0.977617 0.210394 0.000000 80.847061 -0.210394 0.977617 0.000000 -8.782746 0.000000 0.000000 1.000000 0.000000
0.977875 0.209190 0.000000 81.291717 -0.209190 0.977875 0.000000 -8.886939 0.000000 0.000000 1.000000 0.000000
0.979015 0.203789 0.000000 81.971765 -0.203789 0.979015 0.000000 -9.033669 0.000000 0.000000 1.000000 0.000000
0.978861 0.204525 0.000000 82.775452 -0.204525 0.978861 0.000000 -9.208042 0.000000 0.000000 1.000000 0.000000
0.979070 0.203523 0.000000 83.237415 -0.203523 0.979070 0.000000 -9.314126 0.000000 0.000000 1.000000 0.000000
0.978426 0.206597 0.000000 83.709307 -0.206597 0.978426 0.000000 -9.428076 0.000000 0.000000 1.000000 0.000000
0.977739 0.209826 0.000000 84.168881 -0.209826 0.977739 0.000000 -9.540361 0.000000 0.000000 1.000000 0.000000
0.976550 0.215293 0.000000 84.671544 -0.215293 0.976550 0.000000 -9.642184 0.000000 0.000000 1.000000 0.000000
0.976626 0.214948 0.000000 85.117790 -0.214948 0.976626 0.000000 -9.734331 0.000000 0.000000 1.000000 0.000000
0.975236 0.221167 0.000000 85.618976 -0.221167 0.975236 0.000000 -9.846694 0.000000 0.000000 1.000000 0.000000
0.974591 0.223990 0.000000 86.128033 -0.223990 0.974591 0.000000 -9.960382 0.000000 0.000000 1.000000 0.000000
0.973923 0.226880 0.000000 86.638468 -0.226880 0.973923 0.000000 -10.082911 0.000000 0.000000 1.000000 0.000000
0.973434 0.228969 0.000000 87.123416 -0.228969 0.973434 0.000000 -10.198896 0.000000 0.000000 1.000000 0.000000
0.973035 0.230657 0.000000 87.645246 -0.230657 0.973035 0.000000 -10.321857 0.000000 0.000000 1.000000 0.000000
0.971911 0.235348 0.000000 88.585817 -0.235348 0.971911 0.000000 -10.557447 0.000000 0.000000 1.000000 0.000000
0.972040 0.234815 0.000000 89.121881 -0.234815 0.972040 0.000000 -10.688854 0.000000 0.000000 1.000000 0.000000
0.972057 0.234745 0.000000 89.668192 -0.234745 0.972057 0.000000 -10.817249 0.000000 0.000000 1.000000 0.000000
0.970983 0.239148 0.000000 90.213506 -0.239148 0.970983 0.000000 -10.944120 0.000000 0.000000 1.000000 0.000000
0.969999 0.243110 0.000000 90.762765 -0.243110 0.969999 0.000000 -11.084331 0.000000 0.000000 1.000000 0.000000
0.970232 0.242176 0.000000 91.603081 -0.242176 0.970232 0.000000 -11.309849 0.000000 0.000000 1.000000 0.000000
0.969782 0.243971 0.000000 92.126944 -0.243971 0.969782 0.000000 -11.438125 0.000000 0.000000 1.000000 0.000000
0.967120 0.254320 0.000000 93.219938 -0.254320 0.967120 0.000000 -11.728108 0.000000 0.000000 1.000000 0.000000
0.966041 0.258387 0.000000 93.948020 -0.258387 0.966041 0.000000 -11.923286 0.000000 0.000000 1.000000 0.000000
0.965139 0.261736 0.000000 94.528907 -0.261736 0.965139 0.000000 -12.073963 0.000000 0.000000 1.000000 0.000000
0.963821 0.266549 0.000000 95.107740 -0.266549 0.963821 0.000000 -12.248362 0.000000 0.000000 1.000000 0.000000
0.962541 0.271135 0.000000 95.691016 -0.271135 0.962541 0.000000 -12.416907 0.000000 0.000000 1.000000 0.000000
0.962166 0.272464 0.000000 96.273426 -0.272464 0.962166 0.000000 -12.591892 0.000000 0.000000 1.000000 0.000000
0.961904 0.273387 0.000000 96.890347 -0.273387 0.961904 0.000000 -12.780751 0.000000 0.000000 1.000000 0.000000
0.961305 0.275485 0.000000 97.453491 -0.275485 0.961305 0.000000 -12.950093 0.000000 0.000000 1.000000 0.000000
0.960394 0.278647 0.000000 98.034242 -0.278647 0.960394 0.000000 -13.131467 0.000000 0.000000 1.000000 0.000000
0.960074 0.279748 0.000000 98.631443 -0.279748 0.960074 0.000000 -13.310781 0.000000 0.000000 1.000000 0.000000
0.961159 0.275996 0.000000 99.196418 -0.275996 0.961159 0.000000 -13.470977 0.000000 0.000000 1.000000 0.000000
0.961940 0.273260 0.000000 99.801636 -0.273260 0.961940 0.000000 -13.645802 0.000000 0.000000 1.000000 0.000000
0.961966 0.273168 0.000000 100.408398 -0.273168 0.961966 0.000000 -13.826310 0.000000 0.000000 1.000000 0.000000
0.961652 0.274273 0.000000 100.967300 -0.274273 0.961652 0.000000 -13.987270 0.000000 0.000000 1.000000 0.000000
0.961496 0.274818 0.000000 102.038900 -0.274818 0.961496 0.000000 -14.298417 0.000000 0.000000 1.000000 0.000000
0.961166 0.275971 0.000000 102.694270 -0.275971 0.961166 0.000000 -14.496365 0.000000 0.000000 1.000000 0.000000
0.960958 0.276695 0.000000 103.307388 -0.276695 0.960958 0.000000 -14.670766 0.000000 0.000000 1.000000 0.000000
0.960120 0.279589 0.000000 103.927477 -0.279589 0.960120 0.000000 -14.844793 0.000000 0.000000 1.000000 0.000000
0.959165 0.282848 0.000000 104.525721 -0.282848 0.959165 0.000000 -15.022000 0.000000 0.000000 1.000000 0.000000
0.959614 0.281321 0.000000 105.140192 -0.281321 0.959614 0.000000 -15.207797 0.000000 0.000000 1.000000 0.000000
0.959430 0.281946 0.000000 105.716204 -0.281946 0.959430 0.000000 -15.374760 0.000000 0.000000 1.000000 0.000000
0.959339 0.282257 0.000000 106.333200 -0.282257 0.959339 0.000000 -15.567600 0.000000 0.000000 1.000000 0.000000
0.959203 0.282720 0.000000 106.913209 -0.282720 0.959203 0.000000 -15.742348 0.000000 0.000000 1.000000 0.000000
0.958572 0.284850 0.000000 107.535249 -0.284850 0.958572 0.000000 -15.945603 0.000000 0.000000 1.000000 0.000000
0.957680 0.287836 0.000000 108.151430 -0.287836 0.957680 0.000000 -16.145974 0.000000 0.000000 1.000000 0.000000
0.957365 0.288879 0.000000 108.782407 -0.288879 0.957365 0.000000 -16.333284 0.000000 0.000000 1.000000 0.000000
0.957664 0.287888 0.000000 109.563816 -0.287888 0.957664 0.000000 -16.583919 0.000000 0.000000 1.000000 0.000000
0.957492 0.288459 0.000000 110.160683 -0.288459 0.957492 0.000000 -16.762902 0.000000 0.000000 1.000000 0.000000
0.955728 0.294251 0.000000 110.796378 -0.294251 0.955728 0.000000 -16.969617 0.000000 0.000000 1.000000 0.000000
0.956845 0.290599 0.000000 111.798906 -0.290599 0.956845 0.000000 -17.284682 0.000000 0.000000 1.000000 0.000000
0.956723 0.291000 0.000000 112.437894 -0.291000 0.956723 0.000000 -17.492561 0.000000 0.000000 1.000000 0.000000
0.956567 0.291514 0.000000 113.081711 -0.291514 0.956567 0.000000 -17.694562 0.000000 0.000000 1.000000 0.000000
0.955741 0.294209 0.000000 113.731001 -0.294209 0.955741 0.000000 -17.900787 0.000000 0.000000 1.000000 0.000000
0.955456 0.295135 0.000000 114.356119 -0.295135 0.955456 0.000000 -18.113900 0.000000 0.000000 1.000000 0.000000
0.955283 0.295692 0.000000 115.001171 -0.295692 0.955283 0.000000 -18.319270 0.000000 0.000000 1.000000 0.000000
0.955625 0.294586 0.000000 115.599509 -0.294586 0.955625 0.000000 -18.519472 0.000000 0.000000 1.000000 0.000000
0.955646 0.294519 0.000000 116.727506 -0.294519 0.955646 0.000000 -18.893415 0.000000 0.000000 1.000000 0.000000
0.956391 0.292089 0.000000 117.367701 -0.292089 0.956391 0.000000 -19.108059 0.000000 0.000000 1.000000 0.000000
0.956646 0.291252 0.000000 118.017337 -0.291252 0.956646 0.000000 -19.309734 0.000000 0.000000 1.000000 0.000000
0.956732 0.290971 0.000000 118.654027 -0.290971 0.956732 0.000000 -19.522105 0.000000 0.000000 1.000000 0.000000
0.956420 0.291996 0.000000 119.966627 -0.291996 0.956420 0.000000 -19.945928 0.000000 0.000000 1.000000 0.000000
0.956842 0.290607 0.000000 120.564815 -0.290607 0.956842 0.000000 -20.137040 0.000000 0.000000 1.000000 0.000000
0.956107 0.293019 0.000000 121.217223 -0.293019 0.956107 0.000000 -20.345897 0.000000 0.000000 1.000000 0.000000
0.956786 0.290792 0.000000 121.815911 -0.290792 0.956786 0.000000 -20.530683 0.000000 0.000000 1.000000 0.000000
0.956160 0.292844 0.000000 122.422328 -0.292844 0.956160 0.000000 -20.712030 0.000000 0.000000 1.000000 0.000000
0.958689 0.284456 0.000000 127.141195 -0.284456 0.958689 0.000000 -22.621900 0.000000 0.000000 1.000000 0.000000
0.960019 0.279934 0.000000 127.774179 -0.279934 0.960019 0.000000 -22.807257 0.000000 0.000000 1.000000 0.000000
0.959312 0.282349 0.000000 128.381669 -0.282349 0.959312 0.000000 -22.985089 0.000000 0.000000 1.000000 0.000000
0.960643 0.277786 0.000000 129.000496 -0.277786 0.960643 0.000000 -23.178008 0.000000 0.000000 1.000000 0.000000
0.960438 0.278494 0.000000 129.598912 -0.278494 0.960438 0.000000 -23.362456 0.000000 0.000000 1.000000 0.000000
0.961542 0.274658 0.000000 130.220673 -0.274658 0.961542 0.000000 -23.532726 0.000000 0.000000 1.000000 0.000000
0.960684 0.277644 0.000000 130.845334 -0.277644 0.960684 0.000000 -23.739887 0.000000 0.000000 1.000000 0.000000
0.961203 0.275840 0.000000 131.651891 -0.275840 0.961203 0.000000 -23.990816 0.000000 0.000000 1.000000 0.000000
0.960840 0.277105 0.000000 132.281872 -0.277105 0.960840 0.000000 -24.191909 0.000000 0.000000 1.000000 0.000000
0.959852 0.280506 0.000000 132.916275 -0.280506 0.959852 0.000000 -24.372826 0.000000 0.000000 1.000000 0.000000
0.959287 0.282433 0.000000 133.828406 -0.282433 0.959287 0.000000 -24.646362 0.000000 0.000000 1.000000 0.000000
0.959470 0.281812 0.000000 134.448444 -0.281812 0.959470 0.000000 -24.840765 0.000000 0.000000 1.000000 0.000000
0.959373 0.282142 0.000000 135.074929 -0.282142 0.959373 0.000000 -25.028530 0.000000 0.000000 1.000000 0.000000
0.959449 0.281884 0.000000 135.692204 -0.281884 0.959449 0.000000 -25.219355 0.000000 0.000000 1.000000 0.000000
0.959505 0.281692 0.000000 136.303286 -0.281692 0.959505 0.000000 -25.414724 0.000000 0.000000 1.000000 0.000000
0.959061 0.283198 0.000000 137.211100 -0.283198 0.959061 0.000000 -25.693742 0.000000 0.000000 1.000000 0.000000
0.958762 0.284210 0.000000 137.802010 -0.284210 0.958762 0.000000 -25.885308 0.000000 0.000000 1.000000 0.000000
0.958236 0.285978 0.000000 138.412826 -0.285978 0.958236 0.000000 -26.069371 0.000000 0.000000 1.000000 0.000000
0.957612 0.288063 0.000000 138.979473 -0.288063 0.957612 0.000000 -26.252182 0.000000 0.000000 1.000000 0.000000
0.956339 0.292259 0.000000 139.763985 -0.292259 0.956339 0.000000 -26.505474 0.000000 0.000000 1.000000 0.000000
0.956158 0.292851 0.000000 140.364782 -0.292851 0.956158 0.000000 -26.704697 0.000000 0.000000 1.000000 0.000000
0.956248 0.292558 0.000000 140.972865 -0.292558 0.956248 0.000000 -26.902225 0.000000 0.000000 1.000000 0.000000
0.956560 0.291535 0.000000 141.573870 -0.291535 0.956560 0.000000 -27.095816 0.000000 0.000000 1.000000 0.000000
0.957391 0.288795 0.000000 142.176385 -0.288795 0.957391 0.000000 -27.291132 0.000000 0.000000 1.000000 0.000000
0.957364 0.288885 0.000000 143.328240 -0.288885 0.957364 0.000000 -27.656292 0.000000 0.000000 1.000000 0.000000
0.958183 0.286155 0.000000 143.880106 -0.286155 0.958183 0.000000 -27.824886 0.000000 0.000000 1.000000 0.000000
0.957078 0.289829 0.000000 144.461239 -0.289829 0.957078 0.000000 -27.996623 0.000000 0.000000 1.000000 0.000000
0.957591 0.288131 0.000000 145.038712 -0.288131 0.957591 0.000000 -28.185810 0.000000 0.000000 1.000000 0.000000
0.957190 0.289459 0.000000 145.585730 -0.289459 0.957190 0.000000 -28.362740 0.000000 0.000000 1.000000 0.000000
0.957436 0.288644 0.000000 146.167953 -0.288644 0.957436 0.000000 -28.556504 0.000000 0.000000 1.000000 0.000000
0.958823 0.284005 0.000000 146.875354 -0.284005 0.958823 0.000000 -28.785625 0.000000 0.000000 1.000000 0.000000
0.958874 0.283831 0.000000 147.453734 -0.283831 0.958874 0.000000 -28.964226 0.000000 0.000000 1.000000 0.000000
0.959003 0.283395 0.000000 147.994070 -0.283395 0.959003 0.000000 -29.126306 0.000000 0.000000 1.000000 0.000000
0.958886 0.283793 0.000000 148.578600 -0.283793 0.958886 0.000000 -29.305678 0.000000 0.000000 1.000000 0.000000
0.958278 0.285839 0.000000 149.151705 -0.285839 0.958278 0.000000 -29.481906 0.000000 0.000000 1.000000 0.000000
0.957926 0.287015 0.000000 149.682287 -0.287015 0.957926 0.000000 -29.650123 0.000000 0.000000 1.000000 0.000000
0.957679 0.287838 0.000000 150.245390 -0.287838 0.957679 0.000000 -29.827000 0.000000 0.000000 1.000000 0.000000
0.958554 0.284911 0.000000 150.780202 -0.284911 0.958554 0.000000 -29.987105 0.000000 0.000000 1.000000 0.000000
0.957952 0.286929 0.000000 151.345265 -0.286929 0.957952 0.000000 -30.156753 0.000000 0.000000 1.000000 0.000000
0.957269 0.289199 0.000000 151.899860 -0.289199 0.957269 0.000000 -30.324115 0.000000 0.000000 1.000000 0.000000
0.956173 0.292802 0.000000 152.624147 -0.292802 0.956173 0.000000 -30.543907 0.000000 0.000000 1.000000 0.000000
0.955354 0.295464 0.000000 153.158821 -0.295464 0.955354 0.000000 -30.704057 0.000000 0.000000 1.000000 0.000000
0.954901 0.296924 0.000000 153.722061 -0.296924 0.954901 0.000000 -30.877976 0.000000 0.000000 1.000000 0.000000
0.954402 0.298524 0.000000 154.246535 -0.298524 0.954402 0.000000 -31.053005 0.000000 0.000000 1.000000 0.000000
0.954218 0.299113 0.000000 154.801838 -0.299113 0.954218 0.000000 -31.231218 0.000000 0.000000 1.000000 0.000000
0.954816 0.297197 0.000000 155.323842 -0.297197 0.954816 0.000000 -31.392218 0.000000 0.000000 1.000000 0.000000
0.954534 0.298101 0.000000 156.039386 -0.298101 0.954534 0.000000 -31.617060 0.000000 0.000000 1.000000 0.000000
0.954538 0.298089 0.000000 156.551453 -0.298089 0.954538 0.000000 -31.781953 0.000000 0.000000 1.000000 0.000000
0.952487 0.304579 0.000000 157.095534 -0.304579 0.952487 0.000000 -31.973020 0.000000 0.000000 1.000000 0.000000
0.952472 0.304627 0.000000 157.610752 -0.304627 0.952472 0.000000 -32.144455 0.000000 0.000000 1.000000 0.000000
0.953509 0.301365 0.000000 158.160072 -0.301365 0.953509 0.000000 -32.320788 0.000000 0.000000 1.000000 0.000000
0.953380 0.301774 0.000000 158.671201 -0.301774 0.953380 0.000000 -32.487151 0.000000 0.000000 1.000000 0.000000
0.953055 0.302798 0.000000 159.419532 -0.302798 0.953055 0.000000 -32.718934 0.000000 0.000000 1.000000 0.000000
0.952337 0.305047 0.000000 159.975166 -0.305047 0.952337 0.000000 -32.896276 0.000000 0.000000 1.000000 0.000000
0.953612 0.301040 0.000000 160.523053 -0.301040 0.953612 0.000000 -33.077507 0.000000 0.000000 1.000000 0.000000
0.954427 0.298443 0.000000 161.065423 -0.298443 0.954427 0.000000 -33.256919 0.000000 0.000000 1.000000 0.000000
0.955293 0.295662 0.000000 161.612895 -0.295662 0.955293 0.000000 -33.433378 0.000000 0.000000 1.000000 0.000000
0.954511 0.298176 0.000000 162.150493 -0.298176 0.954511 0.000000 -33.624431 0.000000 0.000000 1.000000 0.000000
0.954630 0.297794 0.000000 162.694311 -0.297794 0.954630 0.000000 -33.808270 0.000000 0.000000 1.000000 0.000000
0.955625 0.294587 0.000000 163.208557 -0.294587 0.955625 0.000000 -33.986417 0.000000 0.000000 1.000000 0.000000
0.956810 0.290715 0.000000 163.746696 -0.290715 0.956810 0.000000 -34.169325 0.000000 0.000000 1.000000 0.000000
0.957023 0.290012 0.000000 164.298013 -0.290012 0.957023 0.000000 -34.352348 0.000000 0.000000 1.000000 0.000000
0.957386 0.288812 0.000000 164.810457 -0.288812 0.957386 0.000000 -34.517436 0.000000 0.000000 1.000000 0.000000
0.957555 0.288250 0.000000 165.360283 -0.288250 0.957555 0.000000 -34.704818 0.000000 0.000000 1.000000 0.000000
0.958591 0.284785 0.000000 165.879578 -0.284785 0.958591 0.000000 -34.855692 0.000000 0.000000 1.000000 0.000000
0.958671 0.284516 0.000000 166.430637 -0.284516 0.958671 0.000000 -35.018189 0.000000 0.000000 1.000000 0.000000
0.960207 0.279288 0.000000 166.976810 -0.279288 0.960207 0.000000 -35.194322 0.000000 0.000000 1.000000 0.000000
0.961707 0.274081 0.000000 167.536318 -0.274081 0.961707 0.000000 -35.368602 0.000000 0.000000 1.000000 0.000000
0.962772 0.270315 0.000000 168.056610 -0.270315 0.962772 0.000000 -35.518855 0.000000 0.000000 1.000000 0.000000
0.963905 0.266247 0.000000 168.608135 -0.266247 0.963905 0.000000 -35.681875 0.000000 0.000000 1.000000 0.000000
0.965191 0.261548 0.000000 169.107499 -0.261548 0.965191 0.000000 -35.839776 0.000000 0.000000 1.000000 0.000000
0.966863 0.255297 0.000000 169.663505 -0.255297 0.966863 0.000000 -36.000182 0.000000 0.000000 1.000000 0.000000
0.968128 0.250455 0.000000 170.381912 -0.250455 0.968128 0.000000 -36.208865 0.000000 0.000000 1.000000 0.000000
0.968650 0.248428 0.000000 170.935334 -0.248428 0.968650 0.000000 -36.349287 0.000000 0.000000 1.000000 0.000000
0.969357 0.245656 0.000000 171.443759 -0.245656 0.969357 0.000000 -36.480941 0.000000 0.000000 1.000000 0.000000
0.969119 0.246592 0.000000 172.001135 -0.246592 0.969119 0.000000 -36.636837 0.000000 0.000000 1.000000 0.000000
0.969550 0.244892 0.000000 172.694909 -0.244892 0.969550 0.000000 -36.829449 0.000000 0.000000 1.000000 0.000000
0.970754 0.240075 0.000000 173.783027 -0.240075 0.970754 0.000000 -37.124832 0.000000 0.000000 1.000000 0.000000
0.971396 0.237467 0.000000 174.331250 -0.237467 0.971396 0.000000 -37.264222 0.000000 0.000000 1.000000 0.000000
0.972137 0.234412 0.000000 174.877388 -0.234412 0.972137 0.000000 -37.396616 0.000000 0.000000 1.000000 0.000000
0.971928 0.235277 0.000000 175.421885 -0.235277 0.971928 0.000000 -37.538234 0.000000 0.000000 1.000000 0.000000
0.972545 0.232713 0.000000 175.959310 -0.232713 0.972545 0.000000 -37.672828 0.000000 0.000000 1.000000 0.000000
0.972985 0.230867 0.000000 176.497670 -0.230867 0.972985 0.000000 -37.807931 0.000000 0.000000 1.000000 0.000000
0.972620 0.232402 0.000000 177.057077 -0.232402 0.972620 0.000000 -37.957734 0.000000 0.000000 1.000000 0.000000
0.972649 0.232280 0.000000 177.594106 -0.232280 0.972649 0.000000 -38.094120 0.000000 0.000000 1.000000 0.000000
0.972392 0.233352 0.000000 178.090178 -0.233352 0.972392 0.000000 -38.216002 0.000000 0.000000 1.000000 0.000000
0.971879 0.235482 0.000000 178.587851 -0.235482 0.971879 0.000000 -38.348361 0.000000 0.000000 1.000000 0.000000
0.971817 0.235737 0.000000 179.114389 -0.235737 0.971817 0.000000 -38.484153 0.000000 0.000000 1.000000 0.000000
0.972090 0.234610 0.000000 179.606555 -0.234610 0.972090 0.000000 -38.603461 0.000000 0.000000 1.000000 0.000000
0.972510 0.232862 0.000000 180.139630 -0.232862 0.972510 0.000000 -38.734754 0.000000 0.000000 1.000000 0.000000
0.972845 0.231458 0.000000 180.640116 -0.231458 0.972845 0.000000 -38.853212 0.000000 0.000000 1.000000 0.000000
0.972700 0.232068 0.000000 181.169615 -0.232068 0.972700 0.000000 -38.978335 0.000000 0.000000 1.000000 0.000000
0.972845 0.231459 0.000000 181.661126 -0.231459 0.972845 0.000000 -39.105309 0.000000 0.000000 1.000000 0.000000
0.973742 0.227655 0.000000 182.188652 -0.227655 0.973742 0.000000 -39.242530 0.000000 0.000000 1.000000 0.000000
0.974147 0.225913 0.000000 182.673257 -0.225913 0.974147 0.000000 -39.360482 0.000000 0.000000 1.000000 0.000000
0.974192 0.225720 0.000000 183.204656 -0.225720 0.974192 0.000000 -39.485716 0.000000 0.000000 1.000000 0.000000
0.973936 0.226822 0.000000 183.702314 -0.226822 0.973936 0.000000 -39.602363 0.000000 0.000000 1.000000 0.000000
0.973609 0.228222 0.000000 184.227382 -0.228222 0.973609 0.000000 -39.716786 0.000000 0.000000 1.000000 0.000000
0.973791 0.227444 0.000000 184.869614 -0.227444 0.973791 0.000000 -39.881512 0.000000 0.000000 1.000000 0.000000
0.974755 0.223277 0.000000 185.388661 -0.223277 0.974755 0.000000 -40.012362 0.000000 0.000000 1.000000 0.000000
0.975710 0.219065 0.000000 185.895641 -0.219065 0.975710 0.000000 -40.142648 0.000000 0.000000 1.000000 0.000000
0.975883 0.218295 0.000000 186.377150 -0.218295 0.975883 0.000000 -40.253757 0.000000 0.000000 1.000000 0.000000
0.977329 0.211727 0.000000 187.090575 -0.211727 0.977329 0.000000 -40.420350 0.000000 0.000000 1.000000 0.000000
0.977991 0.208646 0.000000 187.603470 -0.208646 0.977991 0.000000 -40.540851 0.000000 0.000000 1.000000 0.000000
0.978611 0.205718 0.000000 188.116879 -0.205718 0.978611 0.000000 -40.657371 0.000000 0.000000 1.000000 0.000000
0.978696 0.205313 0.000000 188.630426 -0.205313 0.978696 0.000000 -40.778914 0.000000 0.000000 1.000000 0.000000
0.980069 0.198659 0.000000 189.142688 -0.198659 0.980069 0.000000 -40.888561 0.000000 0.000000 1.000000 0.000000
0.982296 0.187336 0.000000 190.156349 -0.187336 0.982296 0.000000 -41.106772 0.000000 0.000000 1.000000 0.000000
0.982920 0.184031 0.000000 190.654768 -0.184031 0.982920 0.000000 -41.197845 0.000000 0.000000 1.000000 0.000000
0.984390 0.176001 0.000000 191.152030 -0.176001 0.984390 0.000000 -41.297197 0.000000 0.000000 1.000000 0.000000
0.985846 0.167655 0.000000 191.617137 -0.167655 0.985846 0.000000 -41.383352 0.000000 0.000000 1.000000 0.000000
0.987108 0.160059 0.000000 192.109960 -0.160059 0.987108 0.000000 -41.466850 0.000000 0.000000 1.000000 0.000000
0.988545 0.150928 0.000000 192.577545 -0.150928 0.988545 0.000000 -41.544952 0.000000 0.000000 1.000000 0.000000
0.991374 0.131066 0.000000 193.524321 -0.131066 0.991374 0.000000 -41.683677 0.000000 0.000000 1.000000 0.000000
0.992541 0.121909 0.000000 194.012357 -0.121909 0.992541 0.000000 -41.756979 0.000000 0.000000 1.000000 0.000000
0.993841 0.110815 0.000000 194.466273 -0.110815 0.993841 0.000000 -41.811274 0.000000 0.000000 1.000000 0.000000
0.995082 0.099056 0.000000 195.145293 -0.099056 0.995082 0.000000 -41.891630 0.000000 0.000000 1.000000 0.000000
0.996157 0.087589 0.000000 195.624369 -0.087589 0.996157 0.000000 -41.939632 0.000000 0.000000 1.000000 0.000000
0.997056 0.076680 0.000000 196.100483 -0.076680 0.997056 0.000000 -41.983384 0.000000 0.000000 1.000000 0.000000
0.997784 0.066539 0.000000 196.536648 -0.066539 0.997784 0.000000 -42.015477 0.000000 0.000000 1.000000 0.000000
0.998335 0.057675 0.000000 197.005826 -0.057675 0.998335 0.000000 -42.057238 0.000000 0.000000 1.000000 0.000000
0.999127 0.041785 0.000000 197.476496 -0.041785 0.999127 0.000000 -42.088994 0.000000 0.000000 1.000000 0.000000
0.999481 0.032208 0.000000 197.911661 -0.032208 0.999481 0.000000 -42.125699 0.000000 0.000000 1.000000 0.000000
0.999776 0.021187 0.000000 198.369632 -0.021187 0.999776 0.000000 -42.155404 0.000000 0.000000 1.000000 0.000000
0.999910 0.013383 0.000000 198.793023 -0.013383 0.999910 0.000000 -42.184740 0.000000 0.000000 1.000000 0.000000
0.999996 0.002837 0.000000 199.248660 -0.002837 0.999996 0.000000 -42.206763 0.000000 0.000000 1.000000 0.000000
0.999977 -0.006855 0.000000 199.669515 0.006855 0.999977 0.000000 -42.213989 0.000000 0.000000 1.000000 0.000000
