0.999998 0.001901 0.000000 0.614774 -0.001901 0.999998 0.000000 -0.000377 0.000000 0.000000 1.000000 0.000000
0.999997 0.002509 0.000000 1.432769 -0.002509 0.999997 0.000000 0.011020 0.000000 0.000000 1.000000 0.000000
0.999986 0.005247 0.000000 2.016657 -0.005247 0.999986 0.000000 0.015524 0.000000 0.000000 1.000000 0.000000
0.999976 0.006946 0.000000 2.613934 -0.006946 0.999976 0.000000 0.019379 0.000000 0.000000 1.000000 0.000000
0.999953 0.009650 0.000000 3.157132 -0.009650 0.999953 0.000000 0.056954 0.000000 0.000000 1.000000 0.000000
0.999872 0.016014 0.000000 3.677548 -0.016014 0.999872 0.000000 0.082950 0.000000 0.000000 1.000000 0.000000
0.999742 0.022694 0.000000 4.247952 -0.022694 0.999742 0.000000 0.086314 0.000000 0.000000 1.000000 0.000000
0.999559 0.029695 0.000000 4.805870 -0.029695 0.999559 0.000000 0.077592 0.000000 0.000000 1.000000 0.000000
0.999270 0.038191 0.000000 5.536321 -0.038191 0.999270 0.000000 0.057968 0.000000 0.000000 1.000000 0.000000
0.999049 0.043612 0.000000 6.093196 -0.043612 0.999049 0.000000 0.041373 0.000000 0.000000 1.000000 0.000000
0.998823 0.048505 0.000000 6.688372 -0.048505 0.998823 0.000000 -0.011377 0.000000 0.000000 1.000000 0.000000
0.998539 0.054040 0.000000 7.244599 -0.054040 0.998539 0.000000 -0.039339 0.000000 0.000000 1.000000 0.000000
0.997709 0.067647 0.000000 8.414390 -0.067647 0.997709 0.000000 -0.115634 0.000000 0.000000 1.000000 0.000000
0.997444 0.071455 0.000000 8.975246 -0.071455 0.997444 0.000000 -0.122003 0.000000 0.000000 1.000000 0.000000
0.996888 0.078830 0.000000 9.545950 -0.078830 0.996888 0.000000 -0.163844 0.000000 0.000000 1.000000 0.000000
0.996180 0.087324 0.000000 10.096159 -0.087324 0.996180 0.000000 -0.184142 0.000000 0.000000 1.000000 0.000000
0.995384 0.095969 0.000000 10.632742 -0.095969 0.995384 0.000000 -0.246484 0.000000 0.000000 1.000000 0.000000
0.994673 0.103077 0.000000 11.136996 -0.103077 0.994673 0.000000 -0.288836 0.000000 0.000000 1.000000 0.000000
0.994093 0.108532 0.000000 11.697341 -0.108532 0.994093 0.000000 -0.372675 0.000000 0.000000 1.000000 0.000000
0.993323 0.115371 0.000000 12.231988 -0.115371 0.993323 0.000000 -0.447378 0.000000 0.000000 1.000000 0.000000
0.992094 0.125501 0.000000 12.962032 -0.125501 0.992094 0.000000 -0.540458 0.000000 0.000000 1.000000 0.000000
0.990637 0.136525 0.000000 13.522299 -0.136525 0.990637 0.000000 -0.605398 0.000000 0.000000 1.000000 0.000000
0.989659 0.143443 0.000000 14.103713 -0.143443 0.989659 0.000000 -0.700450 0.000000 0.000000 1.000000 0.000000
0.988915 0.148486 0.000000 14.648945 -0.148486 0.988915 0.000000 -0.771978 0.000000 0.000000 1.000000 0.000000
0.988107 0.153770 0.000000 15.185962 -0.153770 0.988107 0.000000 -0.864321 0.000000 0.000000 1.000000 0.000000
0.987095 0.160137 0.000000 15.710279 -0.160137 0.987095 0.000000 -0.948423 0.000000 0.000000 1.000000 0.000000
0.985935 0.167127 0.000000 16.250740 -0.167127 0.985935 0.000000 -1.041906 0.000000 0.000000 1.000000 0.000000
0.984832 0.173511 0.000000 16.805566 -0.173511 0.984832 0.000000 -1.141275 0.000000 0.000000 1.000000 0.000000
0.983140 0.182852 0.000000 17.334113 -0.182852 0.983140 0.000000 -1.229740 0.000000 0.000000 1.000000 0.000000
0.981216 0.192911 0.000000 17.887322 -0.192911 0.981216 0.000000 -1.336828 0.000000 0.000000 1.000000 0.000000
0.979498 0.201452 0.000000 18.653874 -0.201452 0.979498 0.000000 -1.490340 0.000000 0.000000 1.000000 0.000000
0.978380 0.206813 0.000000 19.203479 -0.206813 0.978380 0.000000 -1.629551 0.000000 0.000000 1.000000 0.000000
0.976545 0.215313 0.000000 19.789434 -0.215313 0.976545 0.000000 -1.746443 0.000000 0.000000 1.000000 0.000000
0.974850 0.222864 0.000000 20.315337 -0.222864 0.974850 0.000000 -1.854795 0.000000 0.000000 1.000000 0.000000
0.973181 0.230040 0.000000 20.836464 -0.230040 0.973181 0.000000 -1.974638 0.000000 0.000000 1.000000 0.000000
0.971737 0.236064 0.000000 21.346935 -0.236064 0.971737 0.000000 -2.097335 0.000000 0.000000 1.000000 0.000000
0.970211 0.242262 0.000000 21.899781 -0.242262 0.970211 0.000000 -2.226175 0.000000 0.000000 1.000000 0.000000
0.970572 0.240811 0.000000 22.406892 -0.240811 0.970572 0.000000 -2.346249 0.000000 0.000000 1.000000 0.000000
0.969246 0.246095 0.000000 22.930545 -0.246095 0.969246 0.000000 -2.476765 0.000000 0.000000 1.000000 0.000000
0.966287 0.257466 0.000000 23.975191 -0.257466 0.966287 0.000000 -2.759568 0.000000 0.000000 1.000000 0.000000
0.965043 0.262090 0.000000 24.453097 -0.262090 0.965043 0.000000 -2.891594 0.000000 0.000000 1.000000 0.000000
0.963287 0.268475 0.000000 24.972218 -0.268475 0.963287 0.000000 -3.025609 0.000000 0.000000 1.000000 0.000000
0.961001 0.276545 0.000000 25.657662 -0.276545 0.961001 0.000000 -3.206927 0.000000 0.000000 1.000000 0.000000
0.959231 0.282624 0.000000 26.141042 -0.282624 0.959231 0.000000 -3.365664 0.000000 0.000000 1.000000 0.000000
0.957541 0.288295 0.000000 26.618307 -0.288295 0.957541 0.000000 -3.501976 0.000000 0.000000 1.000000 0.000000
0.954849 0.297092 0.000000 27.127568 -0.297092 0.954849 0.000000 -3.671424 0.000000 0.000000 1.000000 0.000000
0.953695 0.300777 0.000000 27.598476 -0.300777 0.953695 0.000000 -3.820506 0.000000 0.000000 1.000000 0.000000
0.950627 0.310336 0.000000 28.253120 -0.310336 0.950627 0.000000 -4.038420 0.000000 0.000000 1.000000 0.000000
0.948713 0.316139 0.000000 28.772490 -0.316139 0.948713 0.000000 -4.222429 0.000000 0.000000 1.000000 0.000000
0.947458 0.319880 0.000000 29.271992 -0.319880 0.947458 0.000000 -4.403304 0.000000 0.000000 1.000000 0.000000
0.945688 0.325077 0.000000 29.746484 -0.325077 0.945688 0.000000 -4.579921 0.000000 0.000000 1.000000 0.000000
0.943477 0.331438 0.000000 30.258251 -0.331438 0.943477 0.000000 -4.780764 0.000000 0.000000 1.000000 0.000000
0.944129 0.329577 0.000000 30.754059 -0.329577 0.944129 0.000000 -4.946265 0.000000 0.000000 1.000000 0.000000
0.941723 0.336389 0.000000 31.227127 -0.336389 0.941723 0.000000 -5.106129 0.000000 0.000000 1.000000 0.000000
0.940328 0.340270 0.000000 31.714959 -0.340270 0.940328 0.000000 -5.302576 0.000000 0.000000 1.000000 0.000000
0.938459 0.345391 0.000000 32.203676 -0.345391 0.938459 0.000000 -5.492310 0.000000 0.000000 1.000000 0.000000
0.935692 0.352817 0.000000 32.693186 -0.352817 0.935692 0.000000 -5.666273 0.000000 0.000000 1.000000 0.000000
0.933151 0.359486 0.000000 33.148527 -0.359486 0.933151 0.000000 -5.831731 0.000000 0.000000 1.000000 0.000000
0.930186 0.367088 0.000000 33.638642 -0.367088 0.930186 0.000000 -6.030772 0.000000 0.000000 1.000000 0.000000
0.927002 0.375057 0.000000 34.105187 -0.375057 0.927002 0.000000 -6.223630 0.000000 0.000000 1.000000 0.000000
0.924219 0.381864 0.000000 34.608473 -0.381864 0.924219 0.000000 -6.436935 0.000000 0.000000 1.000000 0.000000
0.922823 0.385223 0.000000 35.041667 -0.385223 0.922823 0.000000 -6.617906 0.000000 0.000000 1.000000 0.000000
0.919376 0.393379 0.000000 35.701012 -0.393379 0.919376 0.000000 -6.914259 0.000000 0.000000 1.000000 0.000000
0.914879 0.403728 0.000000 36.395675 -0.403728 0.914879 0.000000 -7.222127 0.000000 0.000000 1.000000 0.000000
0.911450 0.411411 0.000000 36.885006 -0.411411 0.911450 0.000000 -7.439916 0.000000 0.000000 1.000000 0.000000
0.905424 0.424508 0.000000 37.735152 -0.424508 0.905424 0.000000 -7.823427 0.000000 0.000000 1.000000 0.000000
0.902908 0.429833 0.000000 38.219352 -0.429833 0.902908 0.000000 -8.045657 0.000000 0.000000 1.000000 0.000000
0.901136 0.433536 0.000000 38.669422 -0.433536 0.901136 0.000000 -8.247685 0.000000 0.000000 1.000000 0.000000
0.900773 0.434291 0.000000 39.140889 -0.434291 0.900773 0.000000 -8.484556 0.000000 0.000000 1.000000 0.000000
0.896442 0.443162 0.000000 39.623624 -0.443162 0.896442 0.000000 -8.686521 0.000000 0.000000 1.000000 0.000000
0.895984 0.444087 0.000000 40.104187 -0.444087 0.895984 0.000000 -8.915627 0.000000 0.000000 1.000000 0.000000
0.893742 0.448581 0.000000 40.550507 -0.448581 0.893742 0.000000 -9.154614 0.000000 0.000000 1.000000 0.000000
0.890850 0.454297 0.000000 41.006079 -0.454297 0.890850 0.000000 -9.387172 0.000000 0.000000 1.000000 0.000000
0.888878 0.458143 0.000000 41.465869 -0.458143 0.888878 0.000000 -9.645987 0.000000 0.000000 1.000000 0.000000
0.888370 0.459129 0.000000 41.914652 -0.459129 0.888370 0.000000 -9.885470 0.000000 0.000000 1.000000 0.000000
0.885627 0.464397 0.000000 42.334506 -0.464397 0.885627 0.000000 -10.132489 0.000000 0.000000 1.000000 0.000000
0.883465 0.468497 0.000000 42.764849 -0.468497 0.883465 0.000000 -10.369818 0.000000 0.000000 1.000000 0.000000
0.881171 0.472798 0.000000 43.174247 -0.472798 0.881171 0.000000 -10.600943 0.000000 0.000000 1.000000 0.000000
0.881112 0.472908 0.000000 43.600083 -0.472908 0.881112 0.000000 -10.831731 0.000000 0.000000 1.000000 0.000000
0.878109 0.478460 0.000000 43.989313 -0.478460 0.878109 0.000000 -11.040855 0.000000 0.000000 1.000000 0.000000
0.876891 0.480689 0.000000 44.403804 -0.480689 0.876891 0.000000 -11.247111 0.000000 0.000000 1.000000 0.000000
0.876042 0.482235 0.000000 44.814914 -0.482235 0.876042 0.000000 -11.442891 0.000000 0.000000 1.000000 0.000000
0.874458 0.485102 0.000000 45.207045 -0.485102 0.874458 0.000000 -11.654516 0.000000 0.000000 1.000000 0.000000
0.873908 0.486091 0.000000 45.601258 -0.486091 0.873908 0.000000 -11.861906 0.000000 0.000000 1.000000 0.000000
0.869065 0.494698 0.000000 46.005097 -0.494698 0.869065 0.000000 -12.052285 0.000000 0.000000 1.000000 0.000000
0.865893 0.500228 0.000000 46.396138 -0.500228 0.865893 0.000000 -12.253940 0.000000 0.000000 1.000000 0.000000
0.863593 0.504189 0.000000 46.751507 -0.504189 0.863593 0.000000 -12.475555 0.000000 0.000000 1.000000 0.000000
0.858750 0.512395 0.000000 47.115048 -0.512395 0.858750 0.000000 -12.700588 0.000000 0.000000 1.000000 0.000000
0.854395 0.519625 0.000000 47.672813 -0.519625 0.854395 0.000000 -13.066672 0.000000 0.000000 1.000000 0.000000
0.849162 0.528132 0.000000 48.068013 -0.528132 0.849162 0.000000 -13.312717 0.000000 0.000000 1.000000 0.000000
0.843585 0.536996 0.000000 48.438921 -0.536996 0.843585 0.000000 -13.538190 0.000000 0.000000 1.000000 0.000000
0.840464 0.541868 0.000000 48.772337 -0.541868 0.840464 0.000000 -13.768625 0.000000 0.000000 1.000000 0.000000
0.837557 0.546350 0.000000 49.114676 -0.546350 0.837557 0.000000 -13.998314 0.000000 0.000000 1.000000 0.000000
0.833489 0.552536 0.000000 49.492430 -0.552536 0.833489 0.000000 -14.230508 0.000000 0.000000 1.000000 0.000000
0.830994 0.556281 0.000000 49.822850 -0.556281 0.830994 0.000000 -14.455029 0.000000 0.000000 1.000000 0.000000
0.827994 0.560737 0.000000 50.135288 -0.560737 0.827994 0.000000 -14.647511 0.000000 0.000000 1.000000 0.000000
0.824711 0.565554 0.000000 50.447710 -0.565554 0.824711 0.000000 -14.865610 0.000000 0.000000 1.000000 0.000000
0.823306 0.567598 0.000000 50.760428 -0.567598 0.823306 0.000000 -15.116629 0.000000 0.000000 1.000000 0.000000
0.821066 0.570834 0.000000 51.088295 -0.570834 0.821066 0.000000 -15.358482 0.000000 0.000000 1.000000 0.000000
0.818463 0.574559 0.000000 51.723381 -0.574559 0.818463 0.000000 -15.826208 0.000000 0.000000 1.000000 0.000000
0.818014 0.575198 0.000000 52.016096 -0.575198 0.818014 0.000000 -16.045728 0.000000 0.000000 1.000000 0.000000
0.817052 0.576564 0.000000 52.299867 -0.576564 0.817052 0.000000 -16.259621 0.000000 0.000000 1.000000 0.000000
0.816613 0.577185 0.000000 52.553481 -0.577185 0.816613 0.000000 -16.450018 0.000000 0.000000 1.000000 0.000000
0.819999 0.572365 0.000000 52.836902 -0.572365 0.819999 0.000000 -16.648035 0.000000 0.000000 1.000000 0.000000
0.817722 0.575613 0.000000 53.091272 -0.575613 0.817722 0.000000 -16.814932 0.000000 0.000000 1.000000 0.000000
0.815987 0.578070 0.000000 53.354647 -0.578070 0.815987 0.000000 -17.001258 0.000000 0.000000 1.000000 0.000000
0.814266 0.580492 0.000000 53.589522 -0.580492 0.814266 0.000000 -17.191059 0.000000 0.000000 1.000000 0.000000
0.812911 0.582388 0.000000 53.866928 -0.582388 0.812911 0.000000 -17.340067 0.000000 0.000000 1.000000 0.000000
0.812878 0.582434 0.000000 54.117232 -0.582434 0.812878 0.000000 -17.509717 0.000000 0.000000 1.000000 0.000000
0.810158 0.586212 0.000000 54.390123 -0.586212 0.810158 0.000000 -17.667508 0.000000 0.000000 1.000000 0.000000
0.808081 0.589071 0.000000 54.642815 -0.589071 0.808081 0.000000 -17.819096 0.000000 0.000000 1.000000 0.000000
0.803483 0.595328 0.000000 54.986113 -0.595328 0.803483 0.000000 -18.091261 0.000000 0.000000 1.000000 0.000000
0.801590 0.597874 0.000000 55.242357 -0.597874 0.801590 0.000000 -18.269266 0.000000 0.000000 1.000000 0.000000
0.797087 0.603864 0.000000 55.456306 -0.603864 0.797087 0.000000 -18.411795 0.000000 0.000000 1.000000 0.000000
0.794256 0.607584 0.000000 55.672630 -0.607584 0.794256 0.000000 -18.558785 0.000000 0.000000 1.000000 0.000000
0.790474 0.612496 0.000000 55.911570 -0.612496 0.790474 0.000000 -18.725033 0.000000 0.000000 1.000000 0.000000
0.787371 0.616480 0.000000 56.123761 -0.616480 0.787371 0.000000 -18.898387 0.000000 0.000000 1.000000 0.000000
0.787192 0.616708 0.000000 56.343122 -0.616708 0.787192 0.000000 -19.079066 0.000000 0.000000 1.000000 0.000000
0.786816 0.617188 0.000000 56.561507 -0.617188 0.786816 0.000000 -19.257909 0.000000 0.000000 1.000000 0.000000
0.788534 0.614991 0.000000 56.786268 -0.614991 0.788534 0.000000 -19.425454 0.000000 0.000000 1.000000 0.000000
0.787463 0.616362 0.000000 56.975420 -0.616362 0.787463 0.000000 -19.571474 0.000000 0.000000 1.000000 0.000000
0.783346 0.621586 0.000000 57.361421 -0.621586 0.783346 0.000000 -19.887538 0.000000 0.000000 1.000000 0.000000
0.779106 0.626892 0.000000 57.556676 -0.626892 0.779106 0.000000 -20.034701 0.000000 0.000000 1.000000 0.000000
0.777871 0.628423 0.000000 57.695680 -0.628423 0.777871 0.000000 -20.201088 0.000000 0.000000 1.000000 0.000000
0.778368 0.627809 0.000000 57.848457 -0.627809 0.778368 0.000000 -20.372456 0.000000 0.000000 1.000000 0.000000
0.777922 0.628361 0.000000 57.971814 -0.628361 0.777922 0.000000 -20.489674 0.000000 0.000000 1.000000 0.000000
0.775954 0.630789 0.000000 58.114769 -0.630789 0.775954 0.000000 -20.621328 0.000000 0.000000 1.000000 0.000000
0.775240 0.631667 0.000000 58.277253 -0.631667 0.775240 0.000000 -20.759167 0.000000 0.000000 1.000000 0.000000
0.772692 0.634782 0.000000 58.409225 -0.634782 0.772692 0.000000 -20.881946 0.000000 0.000000 1.000000 0.000000
0.771218 0.636571 0.000000 58.561364 -0.636571 0.771218 0.000000 -20.989668 0.000000 0.000000 1.000000 0.000000
0.767028 0.641614 0.000000 58.887347 -0.641614 0.767028 0.000000 -21.250005 0.000000 0.000000 1.000000 0.000000
0.765186 0.643810 0.000000 59.053129 -0.643810 0.765186 0.000000 -21.379816 0.000000 0.000000 1.000000 0.000000
0.764172 0.645012 0.000000 59.209248 -0.645012 0.764172 0.000000 -21.491804 0.000000 0.000000 1.000000 0.000000
0.761799 0.647814 0.000000 59.468262 -0.647814 0.761799 0.000000 -21.691039 0.000000 0.000000 1.000000 0.000000
0.760388 0.649469 0.000000 59.629218 -0.649469 0.760388 0.000000 -21.792435 0.000000 0.000000 1.000000 0.000000
0.757793 0.652495 0.000000 59.772651 -0.652495 0.757793 0.000000 -21.912434 0.000000 0.000000 1.000000 0.000000
0.755248 0.655439 0.000000 59.934021 -0.655439 0.755248 0.000000 -22.034493 0.000000 0.000000 1.000000 0.000000
0.755258 0.655428 0.000000 60.089668 -0.655428 0.755258 0.000000 -22.160349 0.000000 0.000000 1.000000 0.000000
0.753324 0.657650 0.000000 60.225885 -0.657650 0.753324 0.000000 -22.289873 0.000000 0.000000 1.000000 0.000000
0.751652 0.659560 0.000000 60.382117 -0.659560 0.751652 0.000000 -22.428588 0.000000 0.000000 1.000000 0.000000
0.748013 0.663684 0.000000 60.682868 -0.663684 0.748013 0.000000 -22.702175 0.000000 0.000000 1.000000 0.000000
0.745277 0.666755 0.000000 60.826865 -0.666755 0.745277 0.000000 -22.834890 0.000000 0.000000 1.000000 0.000000
0.742773 0.669543 0.000000 60.994429 -0.669543 0.742773 0.000000 -22.991689 0.000000 0.000000 1.000000 0.000000
0.739550 0.673101 0.000000 61.148085 -0.673101 0.739550 0.000000 -23.129825 0.000000 0.000000 1.000000 0.000000
0.738041 0.674756 0.000000 61.306659 -0.674756 0.738041 0.000000 -23.270040 0.000000 0.000000 1.000000 0.000000
0.736603 0.676325 0.000000 61.475350 -0.676325 0.736603 0.000000 -23.395469 0.000000 0.000000 1.000000 0.000000
0.733882 0.679277 0.000000 61.650523 -0.679277 0.733882 0.000000 -23.538873 0.000000 0.000000 1.000000 0.000000
0.730857 0.682531 0.000000 61.811569 -0.682531 0.730857 0.000000 -23.697934 0.000000 0.000000 1.000000 0.000000
0.727150 0.686478 0.000000 61.970593 -0.686478 0.727150 0.000000 -23.857454 0.000000 0.000000 1.000000 0.000000
0.722262 0.691620 0.000000 62.135789 -0.691620 0.722262 0.000000 -24.017367 0.000000 0.000000 1.000000 0.000000
0.717917 0.696128 0.000000 62.312174 -0.696128 0.717917 0.000000 -24.188503 0.000000 0.000000 1.000000 0.000000
0.715091 0.699031 0.000000 62.481369 -0.699031 0.715091 0.000000 -24.362208 0.000000 0.000000 1.000000 0.000000
0.712568 0.701603 0.000000 62.667834 -0.701603 0.712568 0.000000 -24.548296 0.000000 0.000000 1.000000 0.000000
0.710533 0.703664 0.000000 62.829115 -0.703664 0.710533 0.000000 -24.725152 0.000000 0.000000 1.000000 0.000000
0.706156 0.708056 0.000000 63.024451 -0.708056 0.706156 0.000000 -24.915510 0.000000 0.000000 1.000000 0.000000
0.703669 0.710528 0.000000 63.181278 -0.710528 0.703669 0.000000 -25.097089 0.000000 0.000000 1.000000 0.000000
0.698111 0.715989 0.000000 63.421292 -0.715989 0.698111 0.000000 -25.377309 0.000000 0.000000 1.000000 0.000000
0.694780 0.719223 0.000000 63.602815 -0.719223 0.694780 0.000000 -25.570923 0.000000 0.000000 1.000000 0.000000
0.693155 0.720788 0.000000 63.778733 -0.720788 0.693155 0.000000 -25.771171 0.000000 0.000000 1.000000 0.000000
0.691268 0.722599 0.000000 63.954108 -0.722599 0.691268 0.000000 -25.956439 0.000000 0.000000 1.000000 0.000000
0.686532 0.727099 0.000000 64.303702 -0.727099 0.686532 0.000000 -26.353476 0.000000 0.000000 1.000000 0.000000
0.683920 0.729557 0.000000 64.492386 -0.729557 0.683920 0.000000 -26.550821 0.000000 0.000000 1.000000 0.000000
0.681727 0.731606 0.000000 64.666011 -0.731606 0.681727 0.000000 -26.738984 0.000000 0.000000 1.000000 0.000000
0.678884 0.734246 0.000000 64.859048 -0.734246 0.678884 0.000000 -26.964389 0.000000 0.000000 1.000000 0.000000
0.677735 0.735306 0.000000 65.111682 -0.735306 0.677735 0.000000 -27.253170 0.000000 0.000000 1.000000 0.000000
0.671959 0.740588 0.000000 65.304346 -0.740588 0.671959 0.000000 -27.457294 0.000000 0.000000 1.000000 0.000000
0.667640 0.744484 0.000000 65.494522 -0.744484 0.667640 0.000000 -27.644307 0.000000 0.000000 1.000000 0.000000
0.661982 0.749520 0.000000 65.674127 -0.749520 0.661982 0.000000 -27.855320 0.000000 0.000000 1.000000 0.000000
0.659786 0.751453 0.000000 65.827878 -0.751453 0.659786 0.000000 -28.062478 0.000000 0.000000 1.000000 0.000000
0.657332 0.753601 0.000000 66.013996 -0.753601 0.657332 0.000000 -28.259972 0.000000 0.000000 1.000000 0.000000
0.654065 0.756438 0.000000 66.200871 -0.756438 0.654065 0.000000 -28.466456 0.000000 0.000000 1.000000 0.000000
0.653283 0.757114 0.000000 66.384356 -0.757114 0.653283 0.000000 -28.677708 0.000000 0.000000 1.000000 0.000000
0.651327 0.758797 0.000000 66.559652 -0.758797 0.651327 0.000000 -28.891973 0.000000 0.000000 1.000000 0.000000
0.649119 0.760687 0.000000 66.720843 -0.760687 0.649119 0.000000 -29.087574 0.000000 0.000000 1.000000 0.000000
0.649425 0.760426 0.000000 66.875712 -0.760426 0.649425 0.000000 -29.268266 0.000000 0.000000 1.000000 0.000000
0.650427 0.759568 0.000000 67.093227 -0.759568 0.650427 0.000000 -29.520851 0.000000 0.000000 1.000000 0.000000
0.649234 0.760588 0.000000 67.270778 -0.760588 0.649234 0.000000 -29.729010 0.000000 0.000000 1.000000 0.000000
0.648348 0.761344 0.000000 67.461643 -0.761344 0.648348 0.000000 -29.910981 0.000000 0.000000 1.000000 0.000000
0.649388 0.760457 0.000000 67.647128 -0.760457 0.649388 0.000000 -30.093404 0.000000 0.000000 1.000000 0.000000
0.647896 0.761729 0.000000 67.802426 -0.761729 0.647896 0.000000 -30.303128 0.000000 0.000000 1.000000 0.000000
0.651071 0.759017 0.000000 67.965063 -0.759017 0.651071 0.000000 -30.501781 0.000000 0.000000 1.000000 0.000000
0.655343 0.755332 0.000000 68.103702 -0.755332 0.655343 0.000000 -30.721962 0.000000 0.000000 1.000000 0.000000
0.654206 0.756316 0.000000 68.247450 -0.756316 0.654206 0.000000 -30.894184 0.000000 0.000000 1.000000 0.000000
0.655659 0.755057 0.000000 68.417887 -0.755057 0.655659 0.000000 -31.086628 0.000000 0.000000 1.000000 0.000000
0.656519 0.754309 0.000000 68.564367 -0.754309 0.656519 0.000000 -31.270966 0.000000 0.000000 1.000000 0.000000
0.654807 0.755796 0.000000 68.860475 -0.755796 0.654807 0.000000 -31.631334 0.000000 0.000000 1.000000 0.000000
0.654343 0.756198 0.000000 69.015407 -0.756198 0.654343 0.000000 -31.816817 0.000000 0.000000 1.000000 0.000000
0.655962 0.754794 0.000000 69.174778 -0.754794 0.655962 0.000000 -31.998026 0.000000 0.000000 1.000000 0.000000
0.656279 0.754518 0.000000 69.327748 -0.754518 0.656279 0.000000 -32.164010 0.000000 0.000000 1.000000 0.000000
0.657899 0.753106 0.000000 69.486891 -0.753106 0.657899 0.000000 -32.323590 0.000000 0.000000 1.000000 0.000000
0.659201 0.751967 0.000000 69.645661 -0.751967 0.659201 0.000000 -32.464163 0.000000 0.000000 1.000000 0.000000
0.658292 0.752762 0.000000 69.805732 -0.752762 0.658292 0.000000 -32.630590 0.000000 0.000000 1.000000 0.000000
0.659300 0.751880 0.000000 70.035533 -0.751880 0.659300 0.000000 -32.878641 0.000000 0.000000 1.000000 0.000000
0.660438 0.750880 0.000000 70.163127 -0.750880 0.660438 0.000000 -33.040786 0.000000 0.000000 1.000000 0.000000
0.662809 0.748789 0.000000 70.288216 -0.748789 0.662809 0.000000 -33.225177 0.000000 0.000000 1.000000 0.000000
0.664073 0.747667 0.000000 70.435265 -0.747667 0.664073 0.000000 -33.396185 0.000000 0.000000 1.000000 0.000000
0.666174 0.745796 0.000000 70.569335 -0.745796 0.666174 0.000000 -33.544498 0.000000 0.000000 1.000000 0.000000
0.668417 0.743786 0.000000 70.708270 -0.743786 0.668417 0.000000 -33.704157 0.000000 0.000000 1.000000 0.000000
0.676167 0.736748 0.000000 70.966954 -0.736748 0.676167 0.000000 -34.007827 0.000000 0.000000 1.000000 0.000000
0.679092 0.734053 0.000000 71.081614 -0.734053 0.679092 0.000000 -34.133353 0.000000 0.000000 1.000000 0.000000
0.681903 0.731443 0.000000 71.191942 -0.731443 0.681903 0.000000 -34.241693 0.000000 0.000000 1.000000 0.000000
0.688568 0.725172 0.000000 71.381156 -0.725172 0.688568 0.000000 -34.468258 0.000000 0.000000 1.000000 0.000000
0.692375 0.721538 0.000000 71.652893 -0.721538 0.692375 0.000000 -34.774745 0.000000 0.000000 1.000000 0.000000
0.699064 0.715059 0.000000 71.814964 -0.715059 0.699064 0.000000 -34.968992 0.000000 0.000000 1.000000 0.000000
0.701553 0.712617 0.000000 71.930255 -0.712617 0.701553 0.000000 -35.094300 0.000000 0.000000 1.000000 0.000000
0.710364 0.703834 0.000000 72.129384 -0.703834 0.710364 0.000000 -35.305213 0.000000 0.000000 1.000000 0.000000
0.714485 0.699651 0.000000 72.227059 -0.699651 0.714485 0.000000 -35.413022 0.000000 0.000000 1.000000 0.000000
0.717946 0.696099 0.000000 72.327915 -0.696099 0.717946 0.000000 -35.509757 0.000000 0.000000 1.000000 0.000000
0.720747 0.693198 0.000000 72.415786 -0.693198 0.720747 0.000000 -35.612746 0.000000 0.000000 1.000000 0.000000
0.726411 0.687260 0.000000 72.542176 -0.687260 0.726411 0.000000 -35.768095 0.000000 0.000000 1.000000 0.000000
0.732626 0.680632 0.000000 72.719812 -0.680632 0.732626 0.000000 -35.943677 0.000000 0.000000 1.000000 0.000000
0.736564 0.676368 0.000000 72.808895 -0.676368 0.736564 0.000000 -36.026513 0.000000 0.000000 1.000000 0.000000
0.740199 0.672388 0.000000 72.909261 -0.672388 0.740199 0.000000 -36.107105 0.000000 0.000000 1.000000 0.000000
0.743873 0.668321 0.000000 72.996278 -0.668321 0.743873 0.000000 -36.182067 0.000000 0.000000 1.000000 0.000000
0.747404 0.664370 0.000000 73.083537 -0.664370 0.747404 0.000000 -36.240703 0.000000 0.000000 1.000000 0.000000
0.749924 0.661524 0.000000 73.176713 -0.661524 0.749924 0.000000 -36.303005 0.000000 0.000000 1.000000 0.000000
0.757265 0.653108 0.000000 73.315036 -0.653108 0.757265 0.000000 -36.438971 0.000000 0.000000 1.000000 0.000000
0.759570 0.650426 0.000000 73.376711 -0.650426 0.759570 0.000000 -36.487321 0.000000 0.000000 1.000000 0.000000
0.762934 0.646477 0.000000 73.440962 -0.646477 0.762934 0.000000 -36.533743 0.000000 0.000000 1.000000 0.000000
0.764535 0.644582 0.000000 73.506057 -0.644582 0.764535 0.000000 -36.581423 0.000000 0.000000 1.000000 0.000000
0.768030 0.640414 0.000000 73.547843 -0.640414 0.768030 0.000000 -36.620664 0.000000 0.000000 1.000000 0.000000
0.769278 0.638914 0.000000 73.589364 -0.638914 0.769278 0.000000 -36.657067 0.000000 0.000000 1.000000 0.000000
0.770226 0.637772 0.000000 73.615543 -0.637772 0.770226 0.000000 -36.707985 0.000000 0.000000 1.000000 0.000000
0.770941 0.636907 0.000000 73.657371 -0.636907 0.770941 0.000000 -36.775437 0.000000 0.000000 1.000000 0.000000
0.772189 0.635393 0.000000 73.681061 -0.635393 0.772189 0.000000 -36.811695 0.000000 0.000000 1.000000 0.000000
0.772743 0.634719 0.000000 73.693075 -0.634719 0.772743 0.000000 -36.832526 0.000000 0.000000 1.000000 0.000000
0.773292 0.634050 0.000000 73.698997 -0.634050 0.773292 0.000000 -36.845125 0.000000 0.000000 1.000000 0.000000
0.774488 0.632588 0.000000 73.710688 -0.632588 0.774488 0.000000 -36.860510 0.000000 0.000000 1.000000 0.000000
0.775894 0.630864 0.000000 73.709702 -0.630864 0.775894 0.000000 -36.867556 0.000000 0.000000 1.000000 0.000000
0.775781 0.631003 0.000000 73.708164 -0.631003 0.775781 0.000000 -36.867936 0.000000 0.000000 1.000000 0.000000
0.776525 0.630086 0.000000 73.714008 -0.630086 0.776525 0.000000 -36.874418 0.000000 0.000000 1.000000 0.000000
0.778441 0.627717 0.000000 73.715533 -0.627717 0.778441 0.000000 -36.886541 0.000000 0.000000 1.000000 0.000000
0.777707 0.628627 0.000000 73.722783 -0.628627 0.777707 0.000000 -36.878514 0.000000 0.000000 1.000000 0.000000
0.778787 0.627288 0.000000 73.722079 -0.627288 0.778787 0.000000 -36.877130 0.000000 0.000000 1.000000 0.000000
0.778810 0.627260 0.000000 73.715687 -0.627260 0.778810 0.000000 -36.872742 0.000000 0.000000 1.000000 0.000000
0.777926 0.628356 0.000000 73.714644 -0.628356 0.777926 0.000000 -36.869260 0.000000 0.000000 1.000000 0.000000
0.777798 0.628514 0.000000 73.705175 -0.628514 0.777798 0.000000 -36.865504 0.000000 0.000000 1.000000 0.000000
0.777629 0.628723 0.000000 73.704912 -0.628723 0.777629 0.000000 -36.864263 0.000000 0.000000 1.000000 0.000000
0.778821 0.627246 0.000000 73.690117 -0.627246 0.778821 0.000000 -36.849804 0.000000 0.000000 1.000000 0.000000
0.778898 0.627150 0.000000 73.676089 -0.627150 0.778898 0.000000 -36.839936 0.000000 0.000000 1.000000 0.000000
0.778047 0.628206 0.000000 73.667014 -0.628206 0.778047 0.000000 -36.821501 0.000000 0.000000 1.000000 0.000000
0.777935 0.628345 0.000000 73.653717 -0.628345 0.777935 0.000000 -36.806241 0.000000 0.000000 1.000000 0.000000
0.778044 0.628210 0.000000 73.645581 -0.628210 0.778044 0.000000 -36.804833 0.000000 0.000000 1.000000 0.000000
0.778010 0.628252 0.000000 73.644544 -0.628252 0.778010 0.000000 -36.812375 0.000000 0.000000 1.000000 0.000000
0.778021 0.628238 0.000000 73.642933 -0.628238 0.778021 0.000000 -36.817535 0.000000 0.000000 1.000000 0.000000
0.777931 0.628349 0.000000 73.641193 -0.628349 0.777931 0.000000 -36.816418 0.000000 0.000000 1.000000 0.000000
0.778011 0.628251 0.000000 73.635372 -0.628251 0.778011 0.000000 -36.818002 0.000000 0.000000 1.000000 0.000000
0.778150 0.628079 0.000000 73.630549 -0.628079 0.778150 0.000000 -36.819701 0.000000 0.000000 1.000000 0.000000
0.778319 0.627869 0.000000 73.629075 -0.627869 0.778319 0.000000 -36.818685 0.000000 0.000000 1.000000 0.000000
0.778469 0.627683 0.000000 73.626770 -0.627683 0.778469 0.000000 -36.815077 0.000000 0.000000 1.000000 0.000000
0.778513 0.627629 0.000000 73.620295 -0.627629 0.778513 0.000000 -36.815389 0.000000 0.000000 1.000000 0.000000
0.778534 0.627602 0.000000 73.616849 -0.627602 0.778534 0.000000 -36.819802 0.000000 0.000000 1.000000 0.000000
0.778574 0.627553 0.000000 73.611037 -0.627553 0.778574 0.000000 -36.820224 0.000000 0.000000 1.000000 0.000000
0.778570 0.627558 0.000000 73.607086 -0.627558 0.778570 0.000000 -36.822867 0.000000 0.000000 1.000000 0.000000
0.778563 0.627566 0.000000 73.605744 -0.627566 0.778563 0.000000 -36.827336 0.000000 0.000000 1.000000 0.000000
0.778432 0.627729 0.000000 73.602717 -0.627729 0.778432 0.000000 -36.831152 0.000000 0.000000 1.000000 0.000000
0.778362 0.627816 0.000000 73.603615 -0.627816 0.778362 0.000000 -36.830729 0.000000 0.000000 1.000000 0.000000
0.778369 0.627807 0.000000 73.601001 -0.627807 0.778369 0.000000 -36.829512 0.000000 0.000000 1.000000 0.000000
0.778449 0.627708 0.000000 73.597654 -0.627708 0.778449 0.000000 -36.830945 0.000000 0.000000 1.000000 0.000000
0.778525 0.627614 0.000000 73.593549 -0.627614 0.778525 0.000000 -36.833314 0.000000 0.000000 1.000000 0.000000
0.778463 0.627691 0.000000 73.587075 -0.627691 0.778463 0.000000 -36.840356 0.000000 0.000000 1.000000 0.000000
0.778431 0.627730 0.000000 73.582416 -0.627730 0.778431 0.000000 -36.847701 0.000000 0.000000 1.000000 0.000000
0.778423 0.627740 0.000000 73.581171 -0.627740 0.778423 0.000000 -36.850673 0.000000 0.000000 1.000000 0.000000
0.778421 0.627743 0.000000 73.575184 -0.627743 0.778421 0.000000 -36.851692 0.000000 0.000000 1.000000 0.000000
0.778302 0.627891 0.000000 73.572430 -0.627891 0.778302 0.000000 -36.850988 0.000000 0.000000 1.000000 0.000000
0.778295 0.627898 0.000000 73.567400 -0.627898 0.778295 0.000000 -36.847781 0.000000 0.000000 1.000000 0.000000
0.778299 0.627893 0.000000 73.562431 -0.627893 0.778299 0.000000 -36.844667 0.000000 0.000000 1.000000 0.000000
0.778270 0.627929 0.000000 73.559541 -0.627929 0.778270 0.000000 -36.842827 0.000000 0.000000 1.000000 0.000000
0.778162 0.628063 0.000000 73.557723 -0.628063 0.778162 0.000000 -36.844374 0.000000 0.000000 1.000000 0.000000
0.778105 0.628134 0.000000 73.556488 -0.628134 0.778105 0.000000 -36.843703 0.000000 0.000000 1.000000 0.000000
0.778452 0.627704 0.000000 73.551819 -0.627704 0.778452 0.000000 -36.842721 0.000000 0.000000 1.000000 0.000000
0.778319 0.627869 0.000000 73.549485 -0.627869 0.778319 0.000000 -36.843544 0.000000 0.000000 1.000000 0.000000
0.778207 0.628008 0.000000 73.545299 -0.628008 0.778207 0.000000 -36.842158 0.000000 0.000000 1.000000 0.000000
0.778112 0.628126 0.000000 73.538760 -0.628126 0.778112 0.000000 -36.845386 0.000000 0.000000 1.000000 0.000000
0.778051 0.628201 0.000000 73.533968 -0.628201 0.778051 0.000000 -36.849883 0.000000 0.000000 1.000000 0.000000
0.778125 0.628109 0.000000 73.531866 -0.628109 0.778125 0.000000 -36.852145 0.000000 0.000000 1.000000 0.000000
0.777986 0.628282 0.000000 73.529970 -0.628282 0.777986 0.000000 -36.863747 0.000000 0.000000 1.000000 0.000000
0.777655 0.628691 0.000000 73.530836 -0.628691 0.777655 0.000000 -36.872591 0.000000 0.000000 1.000000 0.000000
0.776911 0.629611 0.000000 73.536770 -0.629611 0.776911 0.000000 -36.884672 0.000000 0.000000 1.000000 0.000000
0.776545 0.630062 0.000000 73.537820 -0.630062 0.776545 0.000000 -36.891778 0.000000 0.000000 1.000000 0.000000
0.774998 0.631963 0.000000 73.540765 -0.631963 0.774998 0.000000 -36.902891 0.000000 0.000000 1.000000 0.000000
0.775002 0.631958 0.000000 73.532837 -0.631958 0.775002 0.000000 -36.904360 0.000000 0.000000 1.000000 0.000000
0.775317 0.631572 0.000000 73.532167 -0.631572 0.775317 0.000000 -36.918196 0.000000 0.000000 1.000000 0.000000
0.775766 0.631021 0.000000 73.542658 -0.631021 0.775766 0.000000 -36.927095 0.000000 0.000000 1.000000 0.000000
0.777444 0.628952 0.000000 73.542318 -0.628952 0.777444 0.000000 -36.933026 0.000000 0.000000 1.000000 0.000000
0.778188 0.628031 0.000000 73.544015 -0.628031 0.778188 0.000000 -36.940322 0.000000 0.000000 1.000000 0.000000
0.778643 0.627468 0.000000 73.545683 -0.627468 0.778643 0.000000 -36.945171 0.000000 0.000000 1.000000 0.000000
0.778769 0.627311 0.000000 73.540926 -0.627311 0.778769 0.000000 -36.943362 0.000000 0.000000 1.000000 0.000000
0.778681 0.627420 0.000000 73.537879 -0.627420 0.778681 0.000000 -36.944777 0.000000 0.000000 1.000000 0.000000
0.778641 0.627469 0.000000 73.535670 -0.627469 0.778641 0.000000 -36.945872 0.000000 0.000000 1.000000 0.000000
0.778337 0.627847 0.000000 73.529660 -0.627847 0.778337 0.000000 -36.940312 0.000000 0.000000 1.000000 0.000000
0.777978 0.628292 0.000000 73.527523 -0.628292 0.777978 0.000000 -36.934827 0.000000 0.000000 1.000000 0.000000
0.777952 0.628324 0.000000 73.522768 -0.628324 0.777952 0.000000 -36.927405 0.000000 0.000000 1.000000 0.000000
0.777638 0.628712 0.000000 73.517146 -0.628712 0.777638 0.000000 -36.925560 0.000000 0.000000 1.000000 0.000000
0.777663 0.628681 0.000000 73.510236 -0.628681 0.777663 0.000000 -36.928616 0.000000 0.000000 1.000000 0.000000
0.777675 0.628666 0.000000 73.505099 -0.628666 0.777675 0.000000 -36.930050 0.000000 0.000000 1.000000 0.000000
0.777707 0.628627 0.000000 73.502751 -0.628627 0.777707 0.000000 -36.932293 0.000000 0.000000 1.000000 0.000000
0.778160 0.628066 0.000000 73.499696 -0.628066 0.778160 0.000000 -36.935287 0.000000 0.000000 1.000000 0.000000
0.778456 0.627700 0.000000 73.495026 -0.627700 0.778456 0.000000 -36.927803 0.000000 0.000000 1.000000 0.000000
0.779020 0.627000 0.000000 73.491541 -0.627000 0.779020 0.000000 -36.928019 0.000000 0.000000 1.000000 0.000000
0.779584 0.626298 0.000000 73.485639 -0.626298 0.779584 0.000000 -36.928100 0.000000 0.000000 1.000000 0.000000
0.779481 0.626426 0.000000 73.478728 -0.626426 0.779481 0.000000 -36.928724 0.000000 0.000000 1.000000 0.000000
0.779030 0.626987 0.000000 73.481211 -0.626987 0.779030 0.000000 -36.934259 0.000000 0.000000 1.000000 0.000000
0.777666 0.628678 0.000000 73.493273 -0.628678 0.777666 0.000000 -36.931037 0.000000 0.000000 1.000000 0.000000
0.776670 0.629908 0.000000 73.507703 -0.629908 0.776670 0.000000 -36.939846 0.000000 0.000000 1.000000 0.000000
0.775754 0.631036 0.000000 73.519950 -0.631036 0.775754 0.000000 -36.939843 0.000000 0.000000 1.000000 0.000000
0.775068 0.631878 0.000000 73.530973 -0.631878 0.775068 0.000000 -36.949936 0.000000 0.000000 1.000000 0.000000
0.774296 0.632824 0.000000 73.544246 -0.632824 0.774296 0.000000 -36.954714 0.000000 0.000000 1.000000 0.000000
0.773380 0.633942 0.000000 73.556913 -0.633942 0.773380 0.000000 -36.966896 0.000000 0.000000 1.000000 0.000000
0.772865 0.634571 0.000000 73.569401 -0.634571 0.772865 0.000000 -36.994096 0.000000 0.000000 1.000000 0.000000
0.773060 0.634333 0.000000 73.581246 -0.634333 0.773060 0.000000 -37.018808 0.000000 0.000000 1.000000 0.000000
0.773883 0.633328 0.000000 73.588092 -0.633328 0.773883 0.000000 -37.045393 0.000000 0.000000 1.000000 0.000000
0.775152 0.631775 0.000000 73.595650 -0.631775 0.775152 0.000000 -37.067781 0.000000 0.000000 1.000000 0.000000
0.776625 0.629964 0.000000 73.605582 -0.629964 0.776625 0.000000 -37.085791 0.000000 0.000000 1.000000 0.000000
0.778256 0.627947 0.000000 73.617864 -0.627947 0.778256 0.000000 -37.100668 0.000000 0.000000 1.000000 0.000000
0.779430 0.626489 0.000000 73.631981 -0.626489 0.779430 0.000000 -37.117082 0.000000 0.000000 1.000000 0.000000
0.780026 0.625748 0.000000 73.650064 -0.625748 0.780026 0.000000 -37.126409 0.000000 0.000000 1.000000 0.000000
0.780275 0.625437 0.000000 73.664652 -0.625437 0.780275 0.000000 -37.139463 0.000000 0.000000 1.000000 0.000000
0.780109 0.625644 0.000000 73.676129 -0.625644 0.780109 0.000000 -37.146953 0.000000 0.000000 1.000000 0.000000
0.779947 0.625846 0.000000 73.691916 -0.625846 0.779947 0.000000 -37.161783 0.000000 0.000000 1.000000 0.000000
0.779830 0.625991 0.000000 73.729080 -0.625991 0.779830 0.000000 -37.182994 0.000000 0.000000 1.000000 0.000000
0.781240 0.624231 0.000000 73.749144 -0.624231 0.781240 0.000000 -37.183609 0.000000 0.000000 1.000000 0.000000
0.781647 0.623721 0.000000 73.773033 -0.623721 0.781647 0.000000 -37.202357 0.000000 0.000000 1.000000 0.000000
0.782622 0.622497 0.000000 73.800279 -0.622497 0.782622 0.000000 -37.225734 0.000000 0.000000 1.000000 0.000000
0.783649 0.621204 0.000000 73.829548 -0.621204 0.783649 0.000000 -37.259625 0.000000 0.000000 1.000000 0.000000
0.785510 0.618848 0.000000 73.853948 -0.618848 0.785510 0.000000 -37.311241 0.000000 0.000000 1.000000 0.000000
0.786739 0.617286 0.000000 73.872657 -0.617286 0.786739 0.000000 -37.355717 0.000000 0.000000 1.000000 0.000000
0.787546 0.616256 0.000000 73.892519 -0.616256 0.787546 0.000000 -37.386409 0.000000 0.000000 1.000000 0.000000
0.788036 0.615629 0.000000 73.907696 -0.615629 0.788036 0.000000 -37.412262 0.000000 0.000000 1.000000 0.000000
0.787721 0.616032 0.000000 73.919577 -0.616032 0.787721 0.000000 -37.420740 0.000000 0.000000 1.000000 0.000000
0.787417 0.616421 0.000000 73.935788 -0.616421 0.787417 0.000000 -37.429849 0.000000 0.000000 1.000000 0.000000
0.786674 0.617369 0.000000 73.944443 -0.617369 0.786674 0.000000 -37.440454 0.000000 0.000000 1.000000 0.000000
0.786610 0.617451 0.000000 73.943052 -0.617451 0.786610 0.000000 -37.442247 0.000000 0.000000 1.000000 0.000000
0.786314 0.617827 0.000000 73.945963 -0.617827 0.786314 0.000000 -37.448561 0.000000 0.000000 1.000000 0.000000
0.786386 0.617736 0.000000 73.947126 -0.617736 0.786386 0.000000 -37.454654 0.000000 0.000000 1.000000 0.000000
0.787207 0.616688 0.000000 73.939372 -0.616688 0.787207 0.000000 -37.461079 0.000000 0.000000 1.000000 0.000000
0.787845 0.615874 0.000000 73.938379 -0.615874 0.787845 0.000000 -37.466102 0.000000 0.000000 1.000000 0.000000
0.788171 0.615456 0.000000 73.938140 -0.615456 0.788171 0.000000 -37.472336 0.000000 0.000000 1.000000 0.000000
0.788279 0.615318 0.000000 73.944474 -0.615318 0.788279 0.000000 -37.476205 0.000000 0.000000 1.000000 0.000000
0.788744 0.614722 0.000000 73.949099 -0.614722 0.788744 0.000000 -37.479646 0.000000 0.000000 1.000000 0.000000
0.788904 0.614516 0.000000 73.943983 -0.614516 0.788904 0.000000 -37.482596 0.000000 0.000000 1.000000 0.000000
0.790048 0.613045 0.000000 73.940005 -0.613045 0.790048 0.000000 -37.492323 0.000000 0.000000 1.000000 0.000000
0.790032 0.613065 0.000000 73.936048 -0.613065 0.790032 0.000000 -37.499671 0.000000 0.000000 1.000000 0.000000
0.790270 0.612759 0.000000 73.929198 -0.612759 0.790270 0.000000 -37.504966 0.000000 0.000000 1.000000 0.000000
0.790825 0.612043 0.000000 73.922714 -0.612043 0.790825 0.000000 -37.513516 0.000000 0.000000 1.000000 0.000000
0.790931 0.611906 0.000000 73.916608 -0.611906 0.790931 0.000000 -37.524926 0.000000 0.000000 1.000000 0.000000
0.791210 0.611544 0.000000 73.913067 -0.611544 0.791210 0.000000 -37.535185 0.000000 0.000000 1.000000 0.000000
0.791262 0.611478 0.000000 73.907785 -0.611478 0.791262 0.000000 -37.546414 0.000000 0.000000 1.000000 0.000000
0.791088 0.611703 0.000000 73.904878 -0.611703 0.791088 0.000000 -37.555998 0.000000 0.000000 1.000000 0.000000
0.791306 0.611421 0.000000 73.901095 -0.611421 0.791306 0.000000 -37.560124 0.000000 0.000000 1.000000 0.000000
0.791000 0.611816 0.000000 73.907090 -0.611816 0.791000 0.000000 -37.566257 0.000000 0.000000 1.000000 0.000000
0.791876 0.610681 0.000000 73.904811 -0.610681 0.791876 0.000000 -37.573140 0.000000 0.000000 1.000000 0.000000
0.792075 0.610424 0.000000 73.906331 -0.610424 0.792075 0.000000 -37.574894 0.000000 0.000000 1.000000 0.000000
0.792434 0.609958 0.000000 73.911130 -0.609958 0.792434 0.000000 -37.578116 0.000000 0.000000 1.000000 0.000000
0.792928 0.609315 0.000000 73.915307 -0.609315 0.792928 0.000000 -37.583341 0.000000 0.000000 1.000000 0.000000
0.793101 0.609090 0.000000 73.923014 -0.609090 0.793101 0.000000 -37.583789 0.000000 0.000000 1.000000 0.000000
0.793062 0.609141 0.000000 73.939871 -0.609141 0.793062 0.000000 -37.581143 0.000000 0.000000 1.000000 0.000000
0.791801 0.610779 0.000000 73.961005 -0.610779 0.791801 0.000000 -37.575777 0.000000 0.000000 1.000000 0.000000
