0.999999 0.001322 0.000000 0.599191 -0.001322 0.999999 0.000000 -0.007737 0.000000 0.000000 1.000000 0.000000
0.999999 0.001187 0.000000 1.414469 -0.001187 0.999999 0.000000 -0.016825 0.000000 0.000000 1.000000 0.000000
0.999995 0.003108 0.000000 2.002099 -0.003108 0.999995 0.000000 -0.032469 0.000000 0.000000 1.000000 0.000000
0.999995 0.003131 0.000000 2.562669 -0.003131 0.999995 0.000000 -0.054959 0.000000 0.000000 1.000000 0.000000
0.999991 0.004259 0.000000 3.143713 -0.004259 0.999991 0.000000 -0.069930 0.000000 0.000000 1.000000 0.000000
0.999959 0.009093 0.000000 3.690219 -0.009093 0.999959 0.000000 -0.074060 0.000000 0.000000 1.000000 0.000000
0.999894 0.014586 0.000000 4.274370 -0.014586 0.999894 0.000000 -0.096830 0.000000 0.000000 1.000000 0.000000
0.999794 0.020310 0.000000 4.813663 -0.020310 0.999794 0.000000 -0.108960 0.000000 0.000000 1.000000 0.000000
0.999606 0.028054 0.000000 5.536500 -0.028054 0.999606 0.000000 -0.136064 0.000000 0.000000 1.000000 0.000000
0.999470 0.032549 0.000000 6.113589 -0.032549 0.999470 0.000000 -0.166373 0.000000 0.000000 1.000000 0.000000
0.999356 0.035880 0.000000 6.694020 -0.035880 0.999356 0.000000 -0.192188 0.000000 0.000000 1.000000 0.000000
0.999179 0.040522 0.000000 7.265733 -0.040522 0.999179 0.000000 -0.217178 0.000000 0.000000 1.000000 0.000000
0.998604 0.052827 0.000000 8.414079 -0.052827 0.998604 0.000000 -0.278439 0.000000 0.000000 1.000000 0.000000
0.998438 0.055870 0.000000 8.953238 -0.055870 0.998438 0.000000 -0.300879 0.000000 0.000000 1.000000 0.000000
0.998081 0.061916 0.000000 9.532672 -0.061916 0.998081 0.000000 -0.334515 0.000000 0.000000 1.000000 0.000000
0.997612 0.069067 0.000000 10.073846 -0.069067 0.997612 0.000000 -0.372600 0.000000 0.000000 1.000000 0.000000
0.997112 0.075939 0.000000 10.639751 -0.075939 0.997112 0.000000 -0.417705 0.000000 0.000000 1.000000 0.000000
0.996609 0.082278 0.000000 11.173394 -0.082278 0.996609 0.000000 -0.460975 0.000000 0.000000 1.000000 0.000000
0.996227 0.086784 0.000000 11.745729 -0.086784 0.996227 0.000000 -0.522513 0.000000 0.000000 1.000000 0.000000
0.995677 0.092888 0.000000 12.282296 -0.092888 0.995677 0.000000 -0.582479 0.000000 0.000000 1.000000 0.000000
0.994731 0.102518 0.000000 13.035511 -0.102518 0.994731 0.000000 -0.658011 0.000000 0.000000 1.000000 0.000000
0.993544 0.113448 0.000000 13.602536 -0.113448 0.993544 0.000000 -0.714112 0.000000 0.000000 1.000000 0.000000
0.992782 0.119937 0.000000 14.158041 -0.119937 0.992782 0.000000 -0.787279 0.000000 0.000000 1.000000 0.000000
0.992187 0.124760 0.000000 14.715778 -0.124760 0.992187 0.000000 -0.860931 0.000000 0.000000 1.000000 0.000000
0.991583 0.129471 0.000000 15.282960 -0.129471 0.991583 0.000000 -0.938915 0.000000 0.000000 1.000000 0.000000
0.990751 0.135690 0.000000 15.811021 -0.135690 0.990751 0.000000 -1.019239 0.000000 0.000000 1.000000 0.000000
0.989848 0.142127 0.000000 16.337605 -0.142127 0.989848 0.000000 -1.099165 0.000000 0.000000 1.000000 0.000000
0.988981 0.148040 0.000000 16.905108 -0.148040 0.988981 0.000000 -1.182704 0.000000 0.000000 1.000000 0.000000
0.987581 0.157111 0.000000 17.424013 -0.157111 0.987581 0.000000 -1.274676 0.000000 0.000000 1.000000 0.000000
0.985900 0.167336 0.000000 17.977879 -0.167336 0.985900 0.000000 -1.371351 0.000000 0.000000 1.000000 0.000000
0.984494 0.175418 0.000000 18.715563 -0.175418 0.984494 0.000000 -1.502400 0.000000 0.000000 1.000000 0.000000
0.983620 0.180253 0.000000 19.267648 -0.180253 0.983620 0.000000 -1.616820 0.000000 0.000000 1.000000 0.000000
0.982059 0.188576 0.000000 19.857523 -0.188576 0.982059 0.000000 -1.728088 0.000000 0.000000 1.000000 0.000000
0.980556 0.196241 0.000000 20.405153 -0.196241 0.980556 0.000000 -1.835587 0.000000 0.000000 1.000000 0.000000
0.979058 0.203582 0.000000 20.953528 -0.203582 0.979058 0.000000 -1.947685 0.000000 0.000000 1.000000 0.000000
0.977747 0.209788 0.000000 21.466099 -0.209788 0.977747 0.000000 -2.058789 0.000000 0.000000 1.000000 0.000000
0.976384 0.216040 0.000000 22.017329 -0.216040 0.976384 0.000000 -2.178909 0.000000 0.000000 1.000000 0.000000
0.976763 0.214322 0.000000 22.520431 -0.214322 0.976763 0.000000 -2.291226 0.000000 0.000000 1.000000 0.000000
0.975756 0.218862 0.000000 23.052346 -0.218862 0.975756 0.000000 -2.415331 0.000000 0.000000 1.000000 0.000000
0.973438 0.228949 0.000000 24.085624 -0.228949 0.973438 0.000000 -2.663386 0.000000 0.000000 1.000000 0.000000
0.972549 0.232698 0.000000 24.571238 -0.232698 0.972549 0.000000 -2.789416 0.000000 0.000000 1.000000 0.000000
0.971198 0.238274 0.000000 25.104241 -0.238274 0.971198 0.000000 -2.922264 0.000000 0.000000 1.000000 0.000000
0.969649 0.244502 0.000000 25.772307 -0.244502 0.969649 0.000000 -3.091806 0.000000 0.000000 1.000000 0.000000
0.968480 0.249093 0.000000 26.255136 -0.249093 0.968480 0.000000 -3.218174 0.000000 0.000000 1.000000 0.000000
0.967233 0.253890 0.000000 26.743910 -0.253890 0.967233 0.000000 -3.345566 0.000000 0.000000 1.000000 0.000000
0.965222 0.261431 0.000000 27.261185 -0.261431 0.965222 0.000000 -3.479216 0.000000 0.000000 1.000000 0.000000
0.964456 0.264242 0.000000 27.743702 -0.264242 0.964456 0.000000 -3.620310 0.000000 0.000000 1.000000 0.000000
0.961839 0.273615 0.000000 28.421415 -0.273615 0.961839 0.000000 -3.818161 0.000000 0.000000 1.000000 0.000000
0.960289 0.279007 0.000000 28.937233 -0.279007 0.960289 0.000000 -3.971984 0.000000 0.000000 1.000000 0.000000
0.959285 0.282440 0.000000 29.451135 -0.282440 0.959285 0.000000 -4.133859 0.000000 0.000000 1.000000 0.000000
0.957810 0.287401 0.000000 29.945604 -0.287401 0.957810 0.000000 -4.296360 0.000000 0.000000 1.000000 0.000000
0.956136 0.292923 0.000000 30.463768 -0.292923 0.956136 0.000000 -4.453589 0.000000 0.000000 1.000000 0.000000
0.956785 0.290795 0.000000 30.979227 -0.290795 0.956785 0.000000 -4.619839 0.000000 0.000000 1.000000 0.000000
0.954843 0.297110 0.000000 31.452294 -0.297110 0.954843 0.000000 -4.761381 0.000000 0.000000 1.000000 0.000000
0.953747 0.300612 0.000000 31.959999 -0.300612 0.953747 0.000000 -4.938777 0.000000 0.000000 1.000000 0.000000
0.952435 0.304743 0.000000 32.442672 -0.304743 0.952435 0.000000 -5.110727 0.000000 0.000000 1.000000 0.000000
0.950468 0.310824 0.000000 32.953322 -0.310824 0.950468 0.000000 -5.278185 0.000000 0.000000 1.000000 0.000000
0.948717 0.316127 0.000000 33.433557 -0.316127 0.948717 0.000000 -5.434558 0.000000 0.000000 1.000000 0.000000
0.946542 0.322581 0.000000 33.931959 -0.322581 0.946542 0.000000 -5.616424 0.000000 0.000000 1.000000 0.000000
0.944197 0.329381 0.000000 34.411874 -0.329381 0.944197 0.000000 -5.782459 0.000000 0.000000 1.000000 0.000000
0.942199 0.335053 0.000000 34.921619 -0.335053 0.942199 0.000000 -5.956979 0.000000 0.000000 1.000000 0.000000
0.941152 0.337982 0.000000 35.379502 -0.337982 0.941152 0.000000 -6.120394 0.000000 0.000000 1.000000 0.000000
0.938330 0.345740 0.000000 36.068831 -0.345740 0.938330 0.000000 -6.380585 0.000000 0.000000 1.000000 0.000000
0.934556 0.355817 0.000000 36.781509 -0.355817 0.934556 0.000000 -6.652999 0.000000 0.000000 1.000000 0.000000
0.931609 0.363461 0.000000 37.276057 -0.363461 0.931609 0.000000 -6.847199 0.000000 0.000000 1.000000 0.000000
0.926224 0.376974 0.000000 38.126951 -0.376974 0.926224 0.000000 -7.185718 0.000000 0.000000 1.000000 0.000000
0.923947 0.382522 0.000000 38.611281 -0.382522 0.923947 0.000000 -7.384158 0.000000 0.000000 1.000000 0.000000
0.921854 0.387537 0.000000 39.092583 -0.387537 0.921854 0.000000 -7.596171 0.000000 0.000000 1.000000 0.000000
0.921478 0.388430 0.000000 39.573380 -0.388430 0.921478 0.000000 -7.793848 0.000000 0.000000 1.000000 0.000000
0.917323 0.398144 0.000000 40.051943 -0.398144 0.917323 0.000000 -7.979749 0.000000 0.000000 1.000000 0.000000
0.916725 0.399520 0.000000 40.552765 -0.399520 0.916725 0.000000 -8.204035 0.000000 0.000000 1.000000 0.000000
0.914736 0.404052 0.000000 40.989468 -0.404052 0.914736 0.000000 -8.402255 0.000000 0.000000 1.000000 0.000000
0.912338 0.409438 0.000000 41.455160 -0.409438 0.912338 0.000000 -8.608830 0.000000 0.000000 1.000000 0.000000
0.910806 0.412834 0.000000 41.915442 -0.412834 0.910806 0.000000 -8.821886 0.000000 0.000000 1.000000 0.000000
0.910505 0.413498 0.000000 42.371177 -0.413498 0.910505 0.000000 -9.031580 0.000000 0.000000 1.000000 0.000000
0.908486 0.417915 0.000000 42.799791 -0.417915 0.908486 0.000000 -9.234362 0.000000 0.000000 1.000000 0.000000
0.907001 0.421129 0.000000 43.241724 -0.421129 0.907001 0.000000 -9.453372 0.000000 0.000000 1.000000 0.000000
0.905388 0.424585 0.000000 43.645191 -0.424585 0.905388 0.000000 -9.660515 0.000000 0.000000 1.000000 0.000000
0.905544 0.424253 0.000000 44.075493 -0.424253 0.905544 0.000000 -9.886973 0.000000 0.000000 1.000000 0.000000
0.903234 0.429148 0.000000 44.473413 -0.429148 0.903234 0.000000 -10.083171 0.000000 0.000000 1.000000 0.000000
0.902578 0.430526 0.000000 44.899111 -0.430526 0.902578 0.000000 -10.300383 0.000000 0.000000 1.000000 0.000000
0.902507 0.430676 0.000000 45.307772 -0.430676 0.902507 0.000000 -10.502745 0.000000 0.000000 1.000000 0.000000
0.901891 0.431964 0.000000 45.705522 -0.431964 0.901891 0.000000 -10.702091 0.000000 0.000000 1.000000 0.000000
0.902172 0.431376 0.000000 46.107140 -0.431376 0.902172 0.000000 -10.891201 0.000000 0.000000 1.000000 0.000000
0.898571 0.438829 0.000000 46.501216 -0.438829 0.898571 0.000000 -11.071786 0.000000 0.000000 1.000000 0.000000
0.896193 0.443664 0.000000 46.885670 -0.443664 0.896193 0.000000 -11.263702 0.000000 0.000000 1.000000 0.000000
0.894635 0.446797 0.000000 47.255337 -0.446797 0.894635 0.000000 -11.459232 0.000000 0.000000 1.000000 0.000000
0.890898 0.454203 0.000000 47.639054 -0.454203 0.890898 0.000000 -11.668348 0.000000 0.000000 1.000000 0.000000
0.887317 0.461160 0.000000 48.189247 -0.461160 0.887317 0.000000 -11.967252 0.000000 0.000000 1.000000 0.000000
0.883067 0.469247 0.000000 48.580148 -0.469247 0.883067 0.000000 -12.190680 0.000000 0.000000 1.000000 0.000000
0.878101 0.478475 0.000000 48.948959 -0.478475 0.878101 0.000000 -12.397329 0.000000 0.000000 1.000000 0.000000
0.875251 0.483670 0.000000 49.310370 -0.483670 0.875251 0.000000 -12.606515 0.000000 0.000000 1.000000 0.000000
0.872708 0.488242 0.000000 49.662488 -0.488242 0.872708 0.000000 -12.803365 0.000000 0.000000 1.000000 0.000000
0.868654 0.495420 0.000000 50.019382 -0.495420 0.868654 0.000000 -13.004367 0.000000 0.000000 1.000000 0.000000
0.866046 0.499965 0.000000 50.356289 -0.499965 0.866046 0.000000 -13.208224 0.000000 0.000000 1.000000 0.000000
0.862881 0.505406 0.000000 50.696789 -0.505406 0.862881 0.000000 -13.413145 0.000000 0.000000 1.000000 0.000000
0.859257 0.511545 0.000000 51.031539 -0.511545 0.859257 0.000000 -13.611564 0.000000 0.000000 1.000000 0.000000
0.857592 0.514330 0.000000 51.358941 -0.514330 0.857592 0.000000 -13.814476 0.000000 0.000000 1.000000 0.000000
0.855266 0.518190 0.000000 51.676949 -0.518190 0.855266 0.000000 -14.015628 0.000000 0.000000 1.000000 0.000000
0.852824 0.522198 0.000000 52.314783 -0.522198 0.852824 0.000000 -14.420306 0.000000 0.000000 1.000000 0.000000
0.852761 0.522302 0.000000 52.617050 -0.522302 0.852761 0.000000 -14.604550 0.000000 0.000000 1.000000 0.000000
0.852058 0.523447 0.000000 52.904296 -0.523447 0.852058 0.000000 -14.775761 0.000000 0.000000 1.000000 0.000000
0.852031 0.523491 0.000000 53.186066 -0.523491 0.852031 0.000000 -14.944052 0.000000 0.000000 1.000000 0.000000
0.855102 0.518460 0.000000 53.476039 -0.518460 0.855102 0.000000 -15.134410 0.000000 0.000000 1.000000 0.000000
0.853724 0.520726 0.000000 53.744132 -0.520726 0.853724 0.000000 -15.299929 0.000000 0.000000 1.000000 0.000000
0.852839 0.522174 0.000000 54.025662 -0.522174 0.852839 0.000000 -15.479701 0.000000 0.000000 1.000000 0.000000
0.852249 0.523136 0.000000 54.286830 -0.523136 0.852249 0.000000 -15.645864 0.000000 0.000000 1.000000 0.000000
0.851647 0.524116 0.000000 54.557667 -0.524116 0.851647 0.000000 -15.807480 0.000000 0.000000 1.000000 0.000000
0.852220 0.523183 0.000000 54.799432 -0.523183 0.852220 0.000000 -15.977470 0.000000 0.000000 1.000000 0.000000
0.850534 0.525920 0.000000 55.047119 -0.525920 0.850534 0.000000 -16.136619 0.000000 0.000000 1.000000 0.000000
0.849563 0.527487 0.000000 55.310631 -0.527487 0.849563 0.000000 -16.299595 0.000000 0.000000 1.000000 0.000000
0.846541 0.532323 0.000000 55.684222 -0.532323 0.846541 0.000000 -16.533704 0.000000 0.000000 1.000000 0.000000
0.845565 0.533872 0.000000 55.947829 -0.533872 0.845565 0.000000 -16.706736 0.000000 0.000000 1.000000 0.000000
0.842024 0.539441 0.000000 56.184599 -0.539441 0.842024 0.000000 -16.863536 0.000000 0.000000 1.000000 0.000000
0.839445 0.543445 0.000000 56.423068 -0.543445 0.839445 0.000000 -17.016357 0.000000 0.000000 1.000000 0.000000
0.836224 0.548388 0.000000 56.657147 -0.548388 0.836224 0.000000 -17.164080 0.000000 0.000000 1.000000 0.000000
0.833490 0.552534 0.000000 56.881505 -0.552534 0.833490 0.000000 -17.312196 0.000000 0.000000 1.000000 0.000000
0.833233 0.552922 0.000000 57.100071 -0.552922 0.833233 0.000000 -17.467535 0.000000 0.000000 1.000000 0.000000
0.832984 0.553297 0.000000 57.313479 -0.553297 0.832984 0.000000 -17.621290 0.000000 0.000000 1.000000 0.000000
0.835089 0.550115 0.000000 57.523067 -0.550115 0.835089 0.000000 -17.775018 0.000000 0.000000 1.000000 0.000000
0.834305 0.551304 0.000000 57.724594 -0.551304 0.834305 0.000000 -17.923122 0.000000 0.000000 1.000000 0.000000
0.830850 0.556496 0.000000 58.132547 -0.556496 0.830850 0.000000 -18.196017 0.000000 0.000000 1.000000 0.000000
0.827519 0.561438 0.000000 58.323713 -0.561438 0.827519 0.000000 -18.314854 0.000000 0.000000 1.000000 0.000000
0.826822 0.562464 0.000000 58.497143 -0.562464 0.826822 0.000000 -18.434976 0.000000 0.000000 1.000000 0.000000
0.827493 0.561476 0.000000 58.677389 -0.561476 0.827493 0.000000 -18.570901 0.000000 0.000000 1.000000 0.000000
0.827487 0.561486 0.000000 58.848121 -0.561486 0.827487 0.000000 -18.690858 0.000000 0.000000 1.000000 0.000000
0.826526 0.562898 0.000000 59.014275 -0.562898 0.826526 0.000000 -18.808410 0.000000 0.000000 1.000000 0.000000
0.826545 0.562871 0.000000 59.181140 -0.562871 0.826545 0.000000 -18.936564 0.000000 0.000000 1.000000 0.000000
0.825044 0.565069 0.000000 59.342139 -0.565069 0.825044 0.000000 -19.049526 0.000000 0.000000 1.000000 0.000000
0.824245 0.566233 0.000000 59.510912 -0.566233 0.824245 0.000000 -19.169245 0.000000 0.000000 1.000000 0.000000
0.820933 0.571024 0.000000 59.831890 -0.571024 0.820933 0.000000 -19.395036 0.000000 0.000000 1.000000 0.000000
0.819652 0.572862 0.000000 59.988369 -0.572862 0.819652 0.000000 -19.497779 0.000000 0.000000 1.000000 0.000000
0.819057 0.573712 0.000000 60.140340 -0.573712 0.819057 0.000000 -19.605881 0.000000 0.000000 1.000000 0.000000
0.817545 0.575865 0.000000 60.393768 -0.575865 0.817545 0.000000 -19.781332 0.000000 0.000000 1.000000 0.000000
0.816606 0.577195 0.000000 60.554620 -0.577195 0.816606 0.000000 -19.902000 0.000000 0.000000 1.000000 0.000000
0.814528 0.580124 0.000000 60.718160 -0.580124 0.814528 0.000000 -20.015979 0.000000 0.000000 1.000000 0.000000
0.812597 0.582827 0.000000 60.884635 -0.582827 0.812597 0.000000 -20.131457 0.000000 0.000000 1.000000 0.000000
0.813304 0.581839 0.000000 61.049083 -0.581839 0.813304 0.000000 -20.248918 0.000000 0.000000 1.000000 0.000000
0.812083 0.583542 0.000000 61.213389 -0.583542 0.812083 0.000000 -20.372447 0.000000 0.000000 1.000000 0.000000
0.811153 0.584834 0.000000 61.373463 -0.584834 0.811153 0.000000 -20.496167 0.000000 0.000000 1.000000 0.000000
0.808282 0.588796 0.000000 61.701579 -0.588796 0.808282 0.000000 -20.744689 0.000000 0.000000 1.000000 0.000000
0.806465 0.591282 0.000000 61.872568 -0.591282 0.806465 0.000000 -20.868699 0.000000 0.000000 1.000000 0.000000
0.805117 0.593116 0.000000 62.043393 -0.593116 0.805117 0.000000 -20.996210 0.000000 0.000000 1.000000 0.000000
0.803236 0.595661 0.000000 62.211644 -0.595661 0.803236 0.000000 -21.117479 0.000000 0.000000 1.000000 0.000000
0.802301 0.596920 0.000000 62.381592 -0.596920 0.802301 0.000000 -21.251786 0.000000 0.000000 1.000000 0.000000
0.801486 0.598013 0.000000 62.549189 -0.598013 0.801486 0.000000 -21.386858 0.000000 0.000000 1.000000 0.000000
0.799801 0.600266 0.000000 62.707111 -0.600266 0.799801 0.000000 -21.512616 0.000000 0.000000 1.000000 0.000000
0.798243 0.602335 0.000000 62.888237 -0.602335 0.798243 0.000000 -21.654584 0.000000 0.000000 1.000000 0.000000
0.795563 0.605871 0.000000 63.061496 -0.605871 0.795563 0.000000 -21.784852 0.000000 0.000000 1.000000 0.000000
0.791850 0.610716 0.000000 63.235353 -0.610716 0.791850 0.000000 -21.918340 0.000000 0.000000 1.000000 0.000000
0.788361 0.615213 0.000000 63.417363 -0.615213 0.788361 0.000000 -22.064835 0.000000 0.000000 1.000000 0.000000
0.786309 0.617834 0.000000 63.592307 -0.617834 0.786309 0.000000 -22.214364 0.000000 0.000000 1.000000 0.000000
0.784213 0.620492 0.000000 63.780763 -0.620492 0.784213 0.000000 -22.375031 0.000000 0.000000 1.000000 0.000000
0.782781 0.622297 0.000000 63.963174 -0.622297 0.782781 0.000000 -22.530745 0.000000 0.000000 1.000000 0.000000
0.779469 0.626441 0.000000 64.170754 -0.626441 0.779469 0.000000 -22.685561 0.000000 0.000000 1.000000 0.000000
0.777352 0.629066 0.000000 64.357705 -0.629066 0.777352 0.000000 -22.842684 0.000000 0.000000 1.000000 0.000000
0.772347 0.635201 0.000000 64.642308 -0.635201 0.772347 0.000000 -23.075935 0.000000 0.000000 1.000000 0.000000
0.769417 0.638746 0.000000 64.831439 -0.638746 0.769417 0.000000 -23.234083 0.000000 0.000000 1.000000 0.000000
0.767909 0.640559 0.000000 65.031218 -0.640559 0.767909 0.000000 -23.413839 0.000000 0.000000 1.000000 0.000000
0.766534 0.642203 0.000000 65.221282 -0.642203 0.766534 0.000000 -23.582859 0.000000 0.000000 1.000000 0.000000
0.763024 0.646370 0.000000 65.620798 -0.646370 0.763024 0.000000 -23.943399 0.000000 0.000000 1.000000 0.000000
0.761510 0.648153 0.000000 65.815694 -0.648153 0.761510 0.000000 -24.123775 0.000000 0.000000 1.000000 0.000000
0.759963 0.649966 0.000000 66.002402 -0.649966 0.759963 0.000000 -24.296305 0.000000 0.000000 1.000000 0.000000
0.758320 0.651882 0.000000 66.207117 -0.651882 0.758320 0.000000 -24.476891 0.000000 0.000000 1.000000 0.000000
0.757924 0.652343 0.000000 66.480499 -0.652343 0.757924 0.000000 -24.722034 0.000000 0.000000 1.000000 0.000000
0.753425 0.657534 0.000000 66.683455 -0.657534 0.753425 0.000000 -24.897489 0.000000 0.000000 1.000000 0.000000
0.750279 0.661121 0.000000 66.877910 -0.661121 0.750279 0.000000 -25.071923 0.000000 0.000000 1.000000 0.000000
0.745683 0.666300 0.000000 67.079295 -0.666300 0.745683 0.000000 -25.251905 0.000000 0.000000 1.000000 0.000000
0.744249 0.667902 0.000000 67.259706 -0.667902 0.744249 0.000000 -25.426331 0.000000 0.000000 1.000000 0.000000
0.742380 0.669979 0.000000 67.447868 -0.669979 0.742380 0.000000 -25.597131 0.000000 0.000000 1.000000 0.000000
0.739649 0.672993 0.000000 67.640407 -0.672993 0.739649 0.000000 -25.780825 0.000000 0.000000 1.000000 0.000000
0.739547 0.673105 0.000000 67.820651 -0.673105 0.739547 0.000000 -25.953707 0.000000 0.000000 1.000000 0.000000
0.737699 0.675129 0.000000 67.996186 -0.675129 0.737699 0.000000 -26.128684 0.000000 0.000000 1.000000 0.000000
0.735477 0.677549 0.000000 68.193052 -0.677549 0.735477 0.000000 -26.310154 0.000000 0.000000 1.000000 0.000000
0.735508 0.677516 0.000000 68.370385 -0.677516 0.735508 0.000000 -26.482439 0.000000 0.000000 1.000000 0.000000
0.736452 0.676489 0.000000 68.609663 -0.676489 0.736452 0.000000 -26.723308 0.000000 0.000000 1.000000 0.000000
0.735409 0.677624 0.000000 68.807641 -0.677624 0.735409 0.000000 -26.915989 0.000000 0.000000 1.000000 0.000000
0.734558 0.678546 0.000000 68.991851 -0.678546 0.734558 0.000000 -27.089308 0.000000 0.000000 1.000000 0.000000
0.735006 0.678060 0.000000 69.171069 -0.678060 0.735006 0.000000 -27.272296 0.000000 0.000000 1.000000 0.000000
0.733909 0.679248 0.000000 69.348172 -0.679248 0.733909 0.000000 -27.451693 0.000000 0.000000 1.000000 0.000000
0.737027 0.675864 0.000000 69.523180 -0.675864 0.737027 0.000000 -27.629842 0.000000 0.000000 1.000000 0.000000
0.741897 0.670514 0.000000 69.691974 -0.670514 0.741897 0.000000 -27.810224 0.000000 0.000000 1.000000 0.000000
0.741780 0.670643 0.000000 69.872103 -0.670643 0.741780 0.000000 -27.971917 0.000000 0.000000 1.000000 0.000000
0.743956 0.668229 0.000000 70.051509 -0.668229 0.743956 0.000000 -28.136564 0.000000 0.000000 1.000000 0.000000
0.745443 0.666569 0.000000 70.213821 -0.666569 0.745443 0.000000 -28.288402 0.000000 0.000000 1.000000 0.000000
0.744815 0.667271 0.000000 70.554898 -0.667271 0.744815 0.000000 -28.604159 0.000000 0.000000 1.000000 0.000000
0.745634 0.666355 0.000000 70.724520 -0.666355 0.745634 0.000000 -28.762644 0.000000 0.000000 1.000000 0.000000
0.748051 0.663641 0.000000 70.892630 -0.663641 0.748051 0.000000 -28.925899 0.000000 0.000000 1.000000 0.000000
0.749087 0.662472 0.000000 71.049403 -0.662472 0.749087 0.000000 -29.072133 0.000000 0.000000 1.000000 0.000000
0.751145 0.660137 0.000000 71.214021 -0.660137 0.751145 0.000000 -29.224218 0.000000 0.000000 1.000000 0.000000
0.752331 0.658785 0.000000 71.366020 -0.658785 0.752331 0.000000 -29.368194 0.000000 0.000000 1.000000 0.000000
0.751924 0.659250 0.000000 71.528815 -0.659250 0.751924 0.000000 -29.509445 0.000000 0.000000 1.000000 0.000000
0.753160 0.657838 0.000000 71.800907 -0.657838 0.753160 0.000000 -29.755388 0.000000 0.000000 1.000000 0.000000
0.754803 0.655951 0.000000 71.962841 -0.655951 0.754803 0.000000 -29.898746 0.000000 0.000000 1.000000 0.000000
0.757293 0.653075 0.000000 72.116406 -0.653075 0.757293 0.000000 -30.041029 0.000000 0.000000 1.000000 0.000000
0.758693 0.651448 0.000000 72.273640 -0.651448 0.758693 0.000000 -30.179958 0.000000 0.000000 1.000000 0.000000
0.761044 0.648700 0.000000 72.420994 -0.648700 0.761044 0.000000 -30.318615 0.000000 0.000000 1.000000 0.000000
0.763333 0.646005 0.000000 72.573123 -0.646005 0.763333 0.000000 -30.455881 0.000000 0.000000 1.000000 0.000000
0.770459 0.637490 0.000000 72.867846 -0.637490 0.770459 0.000000 -30.730771 0.000000 0.000000 1.000000 0.000000
0.773446 0.633863 0.000000 73.005106 -0.633863 0.773446 0.000000 -30.848949 0.000000 0.000000 1.000000 0.000000
0.776328 0.630329 0.000000 73.139640 -0.630329 0.776328 0.000000 -30.966729 0.000000 0.000000 1.000000 0.000000
0.782420 0.622751 0.000000 73.375970 -0.622751 0.782420 0.000000 -31.162320 0.000000 0.000000 1.000000 0.000000
0.786025 0.618195 0.000000 73.690976 -0.618195 0.786025 0.000000 -31.402850 0.000000 0.000000 1.000000 0.000000
0.792048 0.610458 0.000000 73.870663 -0.610458 0.792048 0.000000 -31.553930 0.000000 0.000000 1.000000 0.000000
0.794520 0.607238 0.000000 73.994761 -0.607238 0.794520 0.000000 -31.642746 0.000000 0.000000 1.000000 0.000000
0.802550 0.596585 0.000000 74.231210 -0.596585 0.802550 0.000000 -31.824910 0.000000 0.000000 1.000000 0.000000
0.806172 0.591682 0.000000 74.347934 -0.591682 0.806172 0.000000 -31.915378 0.000000 0.000000 1.000000 0.000000
0.809203 0.587529 0.000000 74.452627 -0.587529 0.809203 0.000000 -31.997297 0.000000 0.000000 1.000000 0.000000
0.811584 0.584236 0.000000 74.564844 -0.584236 0.811584 0.000000 -32.076085 0.000000 0.000000 1.000000 0.000000
0.816490 0.577360 0.000000 74.731215 -0.577360 0.816490 0.000000 -32.201258 0.000000 0.000000 1.000000 0.000000
0.821585 0.570087 0.000000 74.932535 -0.570087 0.821585 0.000000 -32.348755 0.000000 0.000000 1.000000 0.000000
0.825017 0.565108 0.000000 75.033018 -0.565108 0.825017 0.000000 -32.420652 0.000000 0.000000 1.000000 0.000000
0.828435 0.560085 0.000000 75.126787 -0.560085 0.828435 0.000000 -32.486692 0.000000 0.000000 1.000000 0.000000
0.831725 0.555187 0.000000 75.214898 -0.555187 0.831725 0.000000 -32.553777 0.000000 0.000000 1.000000 0.000000
0.834972 0.550292 0.000000 75.307949 -0.550292 0.834972 0.000000 -32.619646 0.000000 0.000000 1.000000 0.000000
0.837291 0.546758 0.000000 75.389598 -0.546758 0.837291 0.000000 -32.678699 0.000000 0.000000 1.000000 0.000000
0.843948 0.536424 0.000000 75.547561 -0.536424 0.843948 0.000000 -32.792449 0.000000 0.000000 1.000000 0.000000
0.846292 0.532719 0.000000 75.617823 -0.532719 0.846292 0.000000 -32.839963 0.000000 0.000000 1.000000 0.000000
0.849500 0.527588 0.000000 75.685967 -0.527588 0.849500 0.000000 -32.893906 0.000000 0.000000 1.000000 0.000000
0.851256 0.524750 0.000000 75.749055 -0.524750 0.851256 0.000000 -32.934838 0.000000 0.000000 1.000000 0.000000
0.854485 0.519476 0.000000 75.807412 -0.519476 0.854485 0.000000 -32.980359 0.000000 0.000000 1.000000 0.000000
0.855865 0.517199 0.000000 75.861340 -0.517199 0.855865 0.000000 -33.017944 0.000000 0.000000 1.000000 0.000000
0.857046 0.515241 0.000000 75.910627 -0.515241 0.857046 0.000000 -33.052908 0.000000 0.000000 1.000000 0.000000
0.858113 0.513461 0.000000 75.985920 -0.513461 0.858113 0.000000 -33.090303 0.000000 0.000000 1.000000 0.000000
0.859311 0.511454 0.000000 76.018407 -0.511454 0.859311 0.000000 -33.109060 0.000000 0.000000 1.000000 0.000000
0.859709 0.510784 0.000000 76.047049 -0.510784 0.859709 0.000000 -33.124948 0.000000 0.000000 1.000000 0.000000
0.860143 0.510053 0.000000 76.082278 -0.510053 0.860143 0.000000 -33.135423 0.000000 0.000000 1.000000 0.000000
0.861054 0.508513 0.000000 76.108047 -0.508513 0.861054 0.000000 -33.154326 0.000000 0.000000 1.000000 0.000000
0.862060 0.506807 0.000000 76.128526 -0.506807 0.862060 0.000000 -33.164992 0.000000 0.000000 1.000000 0.000000
0.861908 0.507065 0.000000 76.145100 -0.507065 0.861908 0.000000 -33.174369 0.000000 0.000000 1.000000 0.000000
0.862328 0.506350 0.000000 76.161126 -0.506350 0.862328 0.000000 -33.181291 0.000000 0.000000 1.000000 0.000000
0.863808 0.503822 0.000000 76.175741 -0.503822 0.863808 0.000000 -33.202732 0.000000 0.000000 1.000000 0.000000
0.863154 0.504940 0.000000 76.185145 -0.504940 0.863154 0.000000 -33.201122 0.000000 0.000000 1.000000 0.000000
0.864055 0.503398 0.000000 76.193144 -0.503398 0.864055 0.000000 -33.209618 0.000000 0.000000 1.000000 0.000000
0.864068 0.503375 0.000000 76.191957 -0.503375 0.864068 0.000000 -33.211960 0.000000 0.000000 1.000000 0.000000
0.863361 0.504586 0.000000 76.192105 -0.504586 0.863361 0.000000 -33.212655 0.000000 0.000000 1.000000 0.000000
0.863275 0.504733 0.000000 76.195270 -0.504733 0.863275 0.000000 -33.212661 0.000000 0.000000 1.000000 0.000000
0.863095 0.505041 0.000000 76.194867 -0.505041 0.863095 0.000000 -33.212007 0.000000 0.000000 1.000000 0.000000
0.864010 0.503474 0.000000 76.191332 -0.503474 0.864010 0.000000 -33.214914 0.000000 0.000000 1.000000 0.000000
0.864055 0.503398 0.000000 76.189582 -0.503398 0.864055 0.000000 -33.214946 0.000000 0.000000 1.000000 0.000000
0.863305 0.504683 0.000000 76.190950 -0.504683 0.863305 0.000000 -33.210412 0.000000 0.000000 1.000000 0.000000
0.863145 0.504956 0.000000 76.188921 -0.504956 0.863145 0.000000 -33.212301 0.000000 0.000000 1.000000 0.000000
0.863192 0.504876 0.000000 76.189082 -0.504876 0.863192 0.000000 -33.213485 0.000000 0.000000 1.000000 0.000000
0.863080 0.505067 0.000000 76.189482 -0.505067 0.863080 0.000000 -33.211676 0.000000 0.000000 1.000000 0.000000
0.863081 0.505066 0.000000 76.188310 -0.505066 0.863081 0.000000 -33.202587 0.000000 0.000000 1.000000 0.000000
0.862888 0.505395 0.000000 76.188181 -0.505395 0.862888 0.000000 -33.199375 0.000000 0.000000 1.000000 0.000000
0.862828 0.505498 0.000000 76.192160 -0.505498 0.862828 0.000000 -33.194342 0.000000 0.000000 1.000000 0.000000
0.862846 0.505467 0.000000 76.192120 -0.505467 0.862846 0.000000 -33.192612 0.000000 0.000000 1.000000 0.000000
0.862920 0.505340 0.000000 76.193080 -0.505340 0.862920 0.000000 -33.191876 0.000000 0.000000 1.000000 0.000000
0.862957 0.505278 0.000000 76.193965 -0.505278 0.862957 0.000000 -33.191285 0.000000 0.000000 1.000000 0.000000
0.862942 0.505303 0.000000 76.192314 -0.505303 0.862942 0.000000 -33.191060 0.000000 0.000000 1.000000 0.000000
0.862967 0.505261 0.000000 76.196411 -0.505261 0.862967 0.000000 -33.194459 0.000000 0.000000 1.000000 0.000000
0.862990 0.505222 0.000000 76.195308 -0.505222 0.862990 0.000000 -33.199291 0.000000 0.000000 1.000000 0.000000
0.862953 0.505284 0.000000 76.192868 -0.505284 0.862953 0.000000 -33.200527 0.000000 0.000000 1.000000 0.000000
0.862968 0.505258 0.000000 76.195445 -0.505258 0.862968 0.000000 -33.201510 0.000000 0.000000 1.000000 0.000000
0.862814 0.505522 0.000000 76.194314 -0.505522 0.862814 0.000000 -33.206174 0.000000 0.000000 1.000000 0.000000
0.862698 0.505719 0.000000 76.198602 -0.505719 0.862698 0.000000 -33.208325 0.000000 0.000000 1.000000 0.000000
0.862653 0.505796 0.000000 76.202197 -0.505796 0.862653 0.000000 -33.207615 0.000000 0.000000 1.000000 0.000000
0.862696 0.505724 0.000000 76.206795 -0.505724 0.862696 0.000000 -33.205178 0.000000 0.000000 1.000000 0.000000
0.862758 0.505618 0.000000 76.206158 -0.505618 0.862758 0.000000 -33.207991 0.000000 0.000000 1.000000 0.000000
0.862758 0.505618 0.000000 76.205760 -0.505618 0.862758 0.000000 -33.212479 0.000000 0.000000 1.000000 0.000000
0.862764 0.505607 0.000000 76.206193 -0.505607 0.862764 0.000000 -33.211213 0.000000 0.000000 1.000000 0.000000
0.862715 0.505690 0.000000 76.209358 -0.505690 0.862715 0.000000 -33.210137 0.000000 0.000000 1.000000 0.000000
0.862720 0.505682 0.000000 76.209077 -0.505682 0.862720 0.000000 -33.210753 0.000000 0.000000 1.000000 0.000000
0.862656 0.505791 0.000000 76.209052 -0.505791 0.862656 0.000000 -33.208843 0.000000 0.000000 1.000000 0.000000
0.862681 0.505748 0.000000 76.211845 -0.505748 0.862681 0.000000 -33.209675 0.000000 0.000000 1.000000 0.000000
0.862709 0.505701 0.000000 76.210550 -0.505701 0.862709 0.000000 -33.209320 0.000000 0.000000 1.000000 0.000000
0.862694 0.505726 0.000000 76.208143 -0.505726 0.862694 0.000000 -33.207158 0.000000 0.000000 1.000000 0.000000
0.862683 0.505746 0.000000 76.212057 -0.505746 0.862683 0.000000 -33.206464 0.000000 0.000000 1.000000 0.000000
0.862728 0.505669 0.000000 76.215050 -0.505669 0.862728 0.000000 -33.206304 0.000000 0.000000 1.000000 0.000000
0.863104 0.505026 0.000000 76.217826 -0.505026 0.863104 0.000000 -33.206117 0.000000 0.000000 1.000000 0.000000
0.863051 0.505118 0.000000 76.221467 -0.505118 0.863051 0.000000 -33.206584 0.000000 0.000000 1.000000 0.000000
0.863016 0.505176 0.000000 76.221420 -0.505176 0.863016 0.000000 -33.205779 0.000000 0.000000 1.000000 0.000000
0.862982 0.505235 0.000000 76.219496 -0.505235 0.862982 0.000000 -33.209331 0.000000 0.000000 1.000000 0.000000
0.863024 0.505163 0.000000 76.218712 -0.505163 0.863024 0.000000 -33.210294 0.000000 0.000000 1.000000 0.000000
0.863165 0.504921 0.000000 76.216805 -0.504921 0.863165 0.000000 -33.211821 0.000000 0.000000 1.000000 0.000000
0.863182 0.504893 0.000000 76.217336 -0.504893 0.863182 0.000000 -33.215106 0.000000 0.000000 1.000000 0.000000
0.863020 0.505169 0.000000 76.221806 -0.505169 0.863020 0.000000 -33.218448 0.000000 0.000000 1.000000 0.000000
0.862496 0.506063 0.000000 76.223145 -0.506063 0.862496 0.000000 -33.218382 0.000000 0.000000 1.000000 0.000000
0.862118 0.506708 0.000000 76.222768 -0.506708 0.862118 0.000000 -33.222070 0.000000 0.000000 1.000000 0.000000
0.860838 0.508879 0.000000 76.226461 -0.508879 0.860838 0.000000 -33.222568 0.000000 0.000000 1.000000 0.000000
0.860747 0.509034 0.000000 76.224881 -0.509034 0.860747 0.000000 -33.220653 0.000000 0.000000 1.000000 0.000000
0.860841 0.508873 0.000000 76.223418 -0.508873 0.860841 0.000000 -33.221213 0.000000 0.000000 1.000000 0.000000
0.860989 0.508623 0.000000 76.219962 -0.508623 0.860989 0.000000 -33.224255 0.000000 0.000000 1.000000 0.000000
0.862320 0.506364 0.000000 76.217012 -0.506364 0.862320 0.000000 -33.232864 0.000000 0.000000 1.000000 0.000000
0.862949 0.505291 0.000000 76.217381 -0.505291 0.862949 0.000000 -33.232933 0.000000 0.000000 1.000000 0.000000
0.863464 0.504411 0.000000 76.217286 -0.504411 0.863464 0.000000 -33.234941 0.000000 0.000000 1.000000 0.000000
0.863796 0.503842 0.000000 76.215630 -0.503842 0.863796 0.000000 -33.240016 0.000000 0.000000 1.000000 0.000000
0.863863 0.503728 0.000000 76.215299 -0.503728 0.863863 0.000000 -33.245110 0.000000 0.000000 1.000000 0.000000
0.864055 0.503398 0.000000 76.212180 -0.503398 0.864055 0.000000 -33.243827 0.000000 0.000000 1.000000 0.000000
0.864038 0.503426 0.000000 76.212427 -0.503426 0.864038 0.000000 -33.245546 0.000000 0.000000 1.000000 0.000000
0.864031 0.503439 0.000000 76.211985 -0.503439 0.864031 0.000000 -33.245572 0.000000 0.000000 1.000000 0.000000
0.864205 0.503141 0.000000 76.211439 -0.503141 0.864205 0.000000 -33.244530 0.000000 0.000000 1.000000 0.000000
0.864124 0.503279 0.000000 76.201691 -0.503279 0.864124 0.000000 -33.245245 0.000000 0.000000 1.000000 0.000000
0.864257 0.503050 0.000000 76.194891 -0.503050 0.864257 0.000000 -33.250152 0.000000 0.000000 1.000000 0.000000
0.864361 0.502872 0.000000 76.191258 -0.502872 0.864361 0.000000 -33.246523 0.000000 0.000000 1.000000 0.000000
0.864374 0.502849 0.000000 76.191395 -0.502849 0.864374 0.000000 -33.245894 0.000000 0.000000 1.000000 0.000000
0.864803 0.502112 0.000000 76.189411 -0.502112 0.864803 0.000000 -33.245211 0.000000 0.000000 1.000000 0.000000
0.865156 0.501503 0.000000 76.188643 -0.501503 0.865156 0.000000 -33.246341 0.000000 0.000000 1.000000 0.000000
0.865799 0.500392 0.000000 76.189077 -0.500392 0.865799 0.000000 -33.249353 0.000000 0.000000 1.000000 0.000000
0.866360 0.499420 0.000000 76.187500 -0.499420 0.866360 0.000000 -33.252399 0.000000 0.000000 1.000000 0.000000
0.866459 0.499248 0.000000 76.179722 -0.499248 0.866459 0.000000 -33.254552 0.000000 0.000000 1.000000 0.000000
0.866146 0.499791 0.000000 76.178708 -0.499791 0.866146 0.000000 -33.253302 0.000000 0.000000 1.000000 0.000000
0.864968 0.501827 0.000000 76.181019 -0.501827 0.864968 0.000000 -33.249561 0.000000 0.000000 1.000000 0.000000
0.864155 0.503226 0.000000 76.185483 -0.503226 0.864155 0.000000 -33.249014 0.000000 0.000000 1.000000 0.000000
0.863301 0.504690 0.000000 76.189846 -0.504690 0.863301 0.000000 -33.250995 0.000000 0.000000 1.000000 0.000000
0.862388 0.506248 0.000000 76.192993 -0.506248 0.862388 0.000000 -33.249867 0.000000 0.000000 1.000000 0.000000
0.861345 0.508020 0.000000 76.200383 -0.508020 0.861345 0.000000 -33.244634 0.000000 0.000000 1.000000 0.000000
0.860116 0.510099 0.000000 76.209230 -0.510099 0.860116 0.000000 -33.239978 0.000000 0.000000 1.000000 0.000000
0.859166 0.511697 0.000000 76.218831 -0.511697 0.859166 0.000000 -33.242276 0.000000 0.000000 1.000000 0.000000
0.858794 0.512321 0.000000 76.231186 -0.512321 0.858794 0.000000 -33.247789 0.000000 0.000000 1.000000 0.000000
0.858972 0.512023 0.000000 76.240501 -0.512023 0.858972 0.000000 -33.254740 0.000000 0.000000 1.000000 0.000000
0.859387 0.511325 0.000000 76.254688 -0.511325 0.859387 0.000000 -33.262429 0.000000 0.000000 1.000000 0.000000
0.860062 0.510190 0.000000 76.266065 -0.510190 0.860062 0.000000 -33.270953 0.000000 0.000000 1.000000 0.000000
0.860931 0.508723 0.000000 76.277817 -0.508723 0.860931 0.000000 -33.279921 0.000000 0.000000 1.000000 0.000000
0.861478 0.507795 0.000000 76.288084 -0.507795 0.861478 0.000000 -33.286796 0.000000 0.000000 1.000000 0.000000
0.861552 0.507670 0.000000 76.296985 -0.507670 0.861552 0.000000 -33.298902 0.000000 0.000000 1.000000 0.000000
0.861402 0.507923 0.000000 76.314046 -0.507923 0.861402 0.000000 -33.310113 0.000000 0.000000 1.000000 0.000000
0.860969 0.508658 0.000000 76.329795 -0.508658 0.860969 0.000000 -33.311844 0.000000 0.000000 1.000000 0.000000
0.860503 0.509446 0.000000 76.346869 -0.509446 0.860503 0.000000 -33.321327 0.000000 0.000000 1.000000 0.000000
0.859953 0.510374 0.000000 76.377004 -0.510374 0.859953 0.000000 -33.336334 0.000000 0.000000 1.000000 0.000000
0.860415 0.509594 0.000000 76.395071 -0.509594 0.860415 0.000000 -33.344548 0.000000 0.000000 1.000000 0.000000
0.860297 0.509794 0.000000 76.408096 -0.509794 0.860297 0.000000 -33.350956 0.000000 0.000000 1.000000 0.000000
0.860810 0.508926 0.000000 76.417359 -0.508926 0.860810 0.000000 -33.362033 0.000000 0.000000 1.000000 0.000000
0.861454 0.507836 0.000000 76.430087 -0.507836 0.861454 0.000000 -33.368237 0.000000 0.000000 1.000000 0.000000
0.862919 0.505342 0.000000 76.435832 -0.505342 0.862919 0.000000 -33.381489 0.000000 0.000000 1.000000 0.000000
0.863686 0.504030 0.000000 76.440682 -0.504030 0.863686 0.000000 -33.392756 0.000000 0.000000 1.000000 0.000000
0.864168 0.503204 0.000000 76.442881 -0.503204 0.864168 0.000000 -33.401979 0.000000 0.000000 1.000000 0.000000
0.864344 0.502902 0.000000 76.447525 -0.502902 0.864344 0.000000 -33.415149 0.000000 0.000000 1.000000 0.000000
0.863852 0.503746 0.000000 76.450944 -0.503746 0.863852 0.000000 -33.419308 0.000000 0.000000 1.000000 0.000000
0.863407 0.504508 0.000000 76.459536 -0.504508 0.863407 0.000000 -33.417137 0.000000 0.000000 1.000000 0.000000
0.862730 0.505665 0.000000 76.460788 -0.505665 0.862730 0.000000 -33.416255 0.000000 0.000000 1.000000 0.000000
0.862592 0.505900 0.000000 76.458271 -0.505900 0.862592 0.000000 -33.416985 0.000000 0.000000 1.000000 0.000000
0.862334 0.506340 0.000000 76.456787 -0.506340 0.862334 0.000000 -33.418468 0.000000 0.000000 1.000000 0.000000
0.862293 0.506410 0.000000 76.458851 -0.506410 0.862293 0.000000 -33.417649 0.000000 0.000000 1.000000 0.000000
0.862901 0.505373 0.000000 76.454112 -0.505373 0.862901 0.000000 -33.422155 0.000000 0.000000 1.000000 0.000000
0.863308 0.504678 0.000000 76.452800 -0.504678 0.863308 0.000000 -33.421108 0.000000 0.000000 1.000000 0.000000
0.863521 0.504312 0.000000 76.449740 -0.504312 0.863521 0.000000 -33.417064 0.000000 0.000000 1.000000 0.000000
0.863573 0.504224 0.000000 76.447051 -0.504224 0.863573 0.000000 -33.416322 0.000000 0.000000 1.000000 0.000000
0.864031 0.503439 0.000000 76.450400 -0.503439 0.864031 0.000000 -33.414429 0.000000 0.000000 1.000000 0.000000
0.864284 0.503005 0.000000 76.448187 -0.503005 0.864284 0.000000 -33.414602 0.000000 0.000000 1.000000 0.000000
0.865379 0.501118 0.000000 76.444856 -0.501118 0.865379 0.000000 -33.419281 0.000000 0.000000 1.000000 0.000000
0.865666 0.500622 0.000000 76.442757 -0.500622 0.865666 0.000000 -33.420300 0.000000 0.000000 1.000000 0.000000
0.866096 0.499877 0.000000 76.438251 -0.499877 0.866096 0.000000 -33.423965 0.000000 0.000000 1.000000 0.000000
0.866823 0.498617 0.000000 76.435225 -0.498617 0.866823 0.000000 -33.428554 0.000000 0.000000 1.000000 0.000000
0.867094 0.498145 0.000000 76.434001 -0.498145 0.867094 0.000000 -33.427542 0.000000 0.000000 1.000000 0.000000
0.867529 0.497387 0.000000 76.435040 -0.497387 0.867529 0.000000 -33.429463 0.000000 0.000000 1.000000 0.000000
0.867796 0.496921 0.000000 76.434733 -0.496921 0.867796 0.000000 -33.430398 0.000000 0.000000 1.000000 0.000000
0.867919 0.496706 0.000000 76.430988 -0.496706 0.867919 0.000000 -33.432277 0.000000 0.000000 1.000000 0.000000
0.868330 0.495987 0.000000 76.428202 -0.495987 0.868330 0.000000 -33.434078 0.000000 0.000000 1.000000 0.000000
0.868353 0.495947 0.000000 76.425902 -0.495947 0.868353 0.000000 -33.433543 0.000000 0.000000 1.000000 0.000000
0.869255 0.494363 0.000000 76.422642 -0.494363 0.869255 0.000000 -33.438463 0.000000 0.000000 1.000000 0.000000
0.869566 0.493817 0.000000 76.424078 -0.493817 0.869566 0.000000 -33.436516 0.000000 0.000000 1.000000 0.000000
0.870006 0.493041 0.000000 76.423453 -0.493041 0.870006 0.000000 -33.439239 0.000000 0.000000 1.000000 0.000000
0.870518 0.492136 0.000000 76.420486 -0.492136 0.870518 0.000000 -33.439754 0.000000 0.000000 1.000000 0.000000
0.870795 0.491646 0.000000 76.420000 -0.491646 0.870795 0.000000 -33.443684 0.000000 0.000000 1.000000 0.000000
0.870899 0.491463 0.000000 76.420541 -0.491463 0.870899 0.000000 -33.447049 0.000000 0.000000 1.000000 0.000000
