0.999997 -0.002569 0.000000 0.161937 0.002569 0.999997 0.000000 -0.010597 0.000000 0.000000 1.000000 0.000000
0.999997 -0.002353 0.000000 1.032578 0.002353 0.999997 0.000000 -0.016900 0.000000 0.000000 1.000000 0.000000
0.999980 -0.006254 0.000000 1.773862 0.006254 0.999980 0.000000 -0.018812 0.000000 0.000000 1.000000 0.000000
0.999982 -0.006066 0.000000 2.412105 0.006066 0.999982 0.000000 -0.013957 0.000000 0.000000 1.000000 0.000000
0.999989 -0.004608 0.000000 2.986407 0.004608 0.999989 0.000000 -0.027631 0.000000 0.000000 1.000000 0.000000
0.999967 -0.008076 0.000000 3.729216 0.008076 0.999967 0.000000 -0.041576 0.000000 0.000000 1.000000 0.000000
0.999970 -0.007790 0.000000 4.506812 0.007790 0.999970 0.000000 -0.064095 0.000000 0.000000 1.000000 0.000000
0.999975 -0.007137 0.000000 5.565163 0.007137 0.999975 0.000000 -0.021806 0.000000 0.000000 1.000000 0.000000
0.999963 -0.008568 0.000000 6.049497 0.008568 0.999963 0.000000 -0.025064 0.000000 0.000000 1.000000 0.000000
0.999951 -0.009905 0.000000 6.749325 0.009905 0.999951 0.000000 0.005085 0.000000 0.000000 1.000000 0.000000
0.999946 -0.010431 0.000000 7.546176 0.010431 0.999946 0.000000 -0.022317 0.000000 0.000000 1.000000 0.000000
0.999942 -0.010784 0.000000 8.445783 0.010784 0.999942 0.000000 -0.013114 0.000000 0.000000 1.000000 0.000000
0.999941 -0.010851 0.000000 8.854039 0.010851 0.999941 0.000000 -0.059889 0.000000 0.000000 1.000000 0.000000
0.999935 -0.011419 0.000000 9.391655 0.011419 0.999935 0.000000 -0.096747 0.000000 0.000000 1.000000 0.000000
0.999933 -0.011592 0.000000 9.799751 0.011592 0.999933 0.000000 -0.109075 0.000000 0.000000 1.000000 0.000000
0.999927 -0.012059 0.000000 10.605098 0.012059 0.999927 0.000000 -0.160993 0.000000 0.000000 1.000000 0.000000
0.999917 -0.012885 0.000000 11.295034 0.012885 0.999917 0.000000 -0.172826 0.000000 0.000000 1.000000 0.000000
0.999918 -0.012822 0.000000 11.801311 0.012822 0.999918 0.000000 -0.178448 0.000000 0.000000 1.000000 0.000000
0.999907 -0.013628 0.000000 12.134227 0.013628 0.999907 0.000000 -0.188908 0.000000 0.000000 1.000000 0.000000
0.999902 -0.013996 0.000000 12.610125 0.013996 0.999902 0.000000 -0.220662 0.000000 0.000000 1.000000 0.000000
0.999909 -0.013527 0.000000 13.078205 0.013527 0.999909 0.000000 -0.228013 0.000000 0.000000 1.000000 0.000000
0.999886 -0.015104 0.000000 13.702878 0.015104 0.999886 0.000000 -0.243074 0.000000 0.000000 1.000000 0.000000
0.999873 -0.015922 0.000000 14.156864 0.015922 0.999873 0.000000 -0.261124 0.000000 0.000000 1.000000 0.000000
0.999858 -0.016851 0.000000 14.710426 0.016851 0.999858 0.000000 -0.244915 0.000000 0.000000 1.000000 0.000000
0.999861 -0.016681 0.000000 14.885469 0.016681 0.999861 0.000000 -0.233385 0.000000 0.000000 1.000000 0.000000
0.999841 -0.017804 0.000000 15.529608 0.017804 0.999841 0.000000 -0.282683 0.000000 0.000000 1.000000 0.000000
0.999784 -0.020760 0.000000 16.333381 0.020760 0.999784 0.000000 -0.274909 0.000000 0.000000 1.000000 0.000000
0.999746 -0.022553 0.000000 16.718159 0.022553 0.999746 0.000000 -0.246245 0.000000 0.000000 1.000000 0.000000
0.999731 -0.023176 0.000000 17.424401 0.023176 0.999731 0.000000 -0.244317 0.000000 0.000000 1.000000 0.000000
0.999698 -0.024579 0.000000 18.092575 0.024579 0.999698 0.000000 -0.267516 0.000000 0.000000 1.000000 0.000000
0.999704 -0.024325 0.000000 18.358228 0.024325 0.999704 0.000000 -0.251800 0.000000 0.000000 1.000000 0.000000
0.999636 -0.026967 0.000000 18.982573 0.026967 0.999636 0.000000 -0.256107 0.000000 0.000000 1.000000 0.000000
0.999608 -0.028011 0.000000 19.183104 0.028011 0.999608 0.000000 -0.287077 0.000000 0.000000 1.000000 0.000000
0.999617 -0.027676 0.000000 19.759832 0.027676 0.999617 0.000000 -0.268327 0.000000 0.000000 1.000000 0.000000
0.999606 -0.028081 0.000000 20.348114 0.028081 0.999606 0.000000 -0.276131 0.000000 0.000000 1.000000 0.000000
0.999593 -0.028540 0.000000 20.916220 0.028540 0.999593 0.000000 -0.313268 0.000000 0.000000 1.000000 0.000000
0.999571 -0.029280 0.000000 21.765746 0.029280 0.999571 0.000000 -0.315007 0.000000 0.000000 1.000000 0.000000
0.999501 -0.031593 0.000000 22.375709 0.031593 0.999501 0.000000 -0.308920 0.000000 0.000000 1.000000 0.000000
0.999433 -0.033672 0.000000 23.003267 0.033672 0.999433 0.000000 -0.313125 0.000000 0.000000 1.000000 0.000000
0.999392 -0.034875 0.000000 23.453941 0.034875 0.999392 0.000000 -0.347210 0.000000 0.000000 1.000000 0.000000
0.999386 -0.035042 0.000000 24.158410 0.035042 0.999386 0.000000 -0.314213 0.000000 0.000000 1.000000 0.000000
0.999374 -0.035378 0.000000 24.832912 0.035378 0.999374 0.000000 -0.303097 0.000000 0.000000 1.000000 0.000000
0.999322 -0.036805 0.000000 25.206725 0.036805 0.999322 0.000000 -0.325826 0.000000 0.000000 1.000000 0.000000
0.999283 -0.037848 0.000000 25.792014 0.037848 0.999283 0.000000 -0.297042 0.000000 0.000000 1.000000 0.000000
0.999270 -0.038211 0.000000 26.385618 0.038211 0.999270 0.000000 -0.308708 0.000000 0.000000 1.000000 0.000000
0.999289 -0.037712 0.000000 27.215382 0.037712 0.999289 0.000000 -0.281969 0.000000 0.000000 1.000000 0.000000
0.999268 -0.038244 0.000000 27.235874 0.038244 0.999268 0.000000 -0.296766 0.000000 0.000000 1.000000 0.000000
0.999258 -0.038527 0.000000 27.967287 0.038527 0.999258 0.000000 -0.279757 0.000000 0.000000 1.000000 0.000000
0.999133 -0.041633 0.000000 28.764579 0.041633 0.999133 0.000000 -0.257399 0.000000 0.000000 1.000000 0.000000
0.999087 -0.042725 0.000000 29.537162 0.042725 0.999087 0.000000 -0.216259 0.000000 0.000000 1.000000 0.000000
0.999110 -0.042181 0.000000 30.337332 0.042181 0.999110 0.000000 -0.196103 0.000000 0.000000 1.000000 0.000000
0.999135 -0.041585 0.000000 30.911081 0.041585 0.999135 0.000000 -0.181618 0.000000 0.000000 1.000000 0.000000
0.999145 -0.041343 0.000000 31.548547 0.041343 0.999145 0.000000 -0.157719 0.000000 0.000000 1.000000 0.000000
0.999104 -0.042331 0.000000 31.943186 0.042331 0.999104 0.000000 -0.152440 0.000000 0.000000 1.000000 0.000000
0.999126 -0.041797 0.000000 32.310631 0.041797 0.999126 0.000000 -0.153936 0.000000 0.000000 1.000000 0.000000
0.999174 -0.040637 0.000000 32.985037 0.040637 0.999174 0.000000 -0.115745 0.000000 0.000000 1.000000 0.000000
0.999244 -0.038879 0.000000 33.083010 0.038879 0.999244 0.000000 -0.093175 0.000000 0.000000 1.000000 0.000000
0.999230 -0.039231 0.000000 33.748172 0.039231 0.999230 0.000000 -0.080091 0.000000 0.000000 1.000000 0.000000
0.999294 -0.037563 0.000000 33.995708 0.037563 0.999294 0.000000 -0.097934 0.000000 0.000000 1.000000 0.000000
0.999206 -0.039845 0.000000 34.564322 0.039845 0.999206 0.000000 -0.160268 0.000000 0.000000 1.000000 0.000000
0.999128 -0.041752 0.000000 34.718467 0.041752 0.999128 0.000000 -0.168200 0.000000 0.000000 1.000000 0.000000
0.999145 -0.041339 0.000000 35.299998 0.041339 0.999145 0.000000 -0.158456 0.000000 0.000000 1.000000 0.000000
0.999149 -0.041249 0.000000 36.231995 0.041249 0.999149 0.000000 -0.090689 0.000000 0.000000 1.000000 0.000000
0.999165 -0.040853 0.000000 36.940046 0.040853 0.999165 0.000000 -0.103364 0.000000 0.000000 1.000000 0.000000
0.999152 -0.041162 0.000000 37.408331 0.041162 0.999152 0.000000 -0.089140 0.000000 0.000000 1.000000 0.000000
0.999230 -0.039230 0.000000 37.899383 0.039230 0.999230 0.000000 -0.068632 0.000000 0.000000 1.000000 0.000000
0.999193 -0.040162 0.000000 38.607046 0.040162 0.999193 0.000000 -0.013377 0.000000 0.000000 1.000000 0.000000
0.999183 -0.040416 0.000000 39.053687 0.040416 0.999183 0.000000 0.013525 0.000000 0.000000 1.000000 0.000000
0.999184 -0.040397 0.000000 39.702842 0.040397 0.999184 0.000000 0.025946 0.000000 0.000000 1.000000 0.000000
0.999211 -0.039708 0.000000 40.302819 0.039708 0.999211 0.000000 0.066532 0.000000 0.000000 1.000000 0.000000
0.999202 -0.039954 0.000000 41.355257 0.039954 0.999202 0.000000 0.132060 0.000000 0.000000 1.000000 0.000000
0.999208 -0.039800 0.000000 41.611314 0.039800 0.999208 0.000000 0.168739 0.000000 0.000000 1.000000 0.000000
0.999211 -0.039722 0.000000 42.617676 0.039722 0.999211 0.000000 0.182014 0.000000 0.000000 1.000000 0.000000
0.999153 -0.041142 0.000000 43.350048 0.041142 0.999153 0.000000 0.205086 0.000000 0.000000 1.000000 0.000000
0.999145 -0.041336 0.000000 44.403182 0.041336 0.999145 0.000000 0.273837 0.000000 0.000000 1.000000 0.000000
0.999101 -0.042392 0.000000 45.049950 0.042392 0.999101 0.000000 0.275860 0.000000 0.000000 1.000000 0.000000
0.999197 -0.040069 0.000000 45.593064 0.040069 0.999197 0.000000 0.293722 0.000000 0.000000 1.000000 0.000000
0.999138 -0.041513 0.000000 46.175393 0.041513 0.999138 0.000000 0.313981 0.000000 0.000000 1.000000 0.000000
0.999026 -0.044118 0.000000 45.824803 0.044118 0.999026 0.000000 0.279773 0.000000 0.000000 1.000000 0.000000
0.999025 -0.044143 0.000000 45.844824 0.044143 0.999025 0.000000 0.298678 0.000000 0.000000 1.000000 0.000000
0.999035 -0.043931 0.000000 46.071251 0.043931 0.999035 0.000000 0.352617 0.000000 0.000000 1.000000 0.000000
0.999078 -0.042933 0.000000 46.690295 0.042933 0.999078 0.000000 0.386403 0.000000 0.000000 1.000000 0.000000
0.999052 -0.043529 0.000000 47.316008 0.043529 0.999052 0.000000 0.396358 0.000000 0.000000 1.000000 0.000000
0.998948 -0.045851 0.000000 48.261882 0.045851 0.998948 0.000000 0.445125 0.000000 0.000000 1.000000 0.000000
0.998871 -0.047504 0.000000 48.427957 0.047504 0.998871 0.000000 0.448999 0.000000 0.000000 1.000000 0.000000
0.998873 -0.047461 0.000000 49.318465 0.047461 0.998873 0.000000 0.472054 0.000000 0.000000 1.000000 0.000000
0.998804 -0.048890 0.000000 49.727645 0.048890 0.998804 0.000000 0.494993 0.000000 0.000000 1.000000 0.000000
0.998740 -0.050186 0.000000 49.794947 0.050186 0.998740 0.000000 0.474552 0.000000 0.000000 1.000000 0.000000
0.998730 -0.050391 0.000000 50.369366 0.050391 0.998730 0.000000 0.486235 0.000000 0.000000 1.000000 0.000000
0.998697 -0.051026 0.000000 51.024328 0.051026 0.998697 0.000000 0.511111 0.000000 0.000000 1.000000 0.000000
0.998739 -0.050211 0.000000 51.485404 0.050211 0.998739 0.000000 0.507833 0.000000 0.000000 1.000000 0.000000
0.998686 -0.051245 0.000000 52.141162 0.051245 0.998686 0.000000 0.519809 0.000000 0.000000 1.000000 0.000000
0.998617 -0.052570 0.000000 52.622081 0.052570 0.998617 0.000000 0.548711 0.000000 0.000000 1.000000 0.000000
0.998589 -0.053107 0.000000 53.966281 0.053107 0.998589 0.000000 0.608354 0.000000 0.000000 1.000000 0.000000
0.998626 -0.052411 0.000000 54.497784 0.052411 0.998626 0.000000 0.675120 0.000000 0.000000 1.000000 0.000000
0.998606 -0.052782 0.000000 55.300900 0.052782 0.998606 0.000000 0.695528 0.000000 0.000000 1.000000 0.000000
0.998706 -0.050866 0.000000 55.941517 0.050866 0.998706 0.000000 0.709763 0.000000 0.000000 1.000000 0.000000
0.998734 -0.050309 0.000000 56.486010 0.050309 0.998734 0.000000 0.729777 0.000000 0.000000 1.000000 0.000000
0.998716 -0.050650 0.000000 56.950699 0.050650 0.998716 0.000000 0.746795 0.000000 0.000000 1.000000 0.000000
0.998688 -0.051206 0.000000 57.484917 0.051206 0.998688 0.000000 0.776770 0.000000 0.000000 1.000000 0.000000
0.998640 -0.052145 0.000000 58.127001 0.052145 0.998640 0.000000 0.794523 0.000000 0.000000 1.000000 0.000000
0.998634 -0.052252 0.000000 58.518432 0.052252 0.998634 0.000000 0.800838 0.000000 0.000000 1.000000 0.000000
0.998516 -0.054458 0.000000 58.846755 0.054458 0.998516 0.000000 0.814133 0.000000 0.000000 1.000000 0.000000
0.998550 -0.053825 0.000000 59.413068 0.053825 0.998550 0.000000 0.824867 0.000000 0.000000 1.000000 0.000000
0.998455 -0.055568 0.000000 59.944293 0.055568 0.998455 0.000000 0.861991 0.000000 0.000000 1.000000 0.000000
0.998433 -0.055955 0.000000 60.684051 0.055955 0.998433 0.000000 0.886046 0.000000 0.000000 1.000000 0.000000
0.998350 -0.057429 0.000000 60.860021 0.057429 0.998350 0.000000 0.873576 0.000000 0.000000 1.000000 0.000000
0.998266 -0.058861 0.000000 61.442506 0.058861 0.998266 0.000000 0.899170 0.000000 0.000000 1.000000 0.000000
0.998257 -0.059023 0.000000 62.134513 0.059023 0.998257 0.000000 0.906957 0.000000 0.000000 1.000000 0.000000
0.998203 -0.059915 0.000000 62.673640 0.059915 0.998203 0.000000 0.930083 0.000000 0.000000 1.000000 0.000000
0.998063 -0.062218 0.000000 63.359718 0.062218 0.998063 0.000000 0.952487 0.000000 0.000000 1.000000 0.000000
0.998105 -0.061530 0.000000 63.957972 0.061530 0.998105 0.000000 0.996923 0.000000 0.000000 1.000000 0.000000
0.998028 -0.062776 0.000000 64.591414 0.062776 0.998028 0.000000 1.023984 0.000000 0.000000 1.000000 0.000000
0.997907 -0.064665 0.000000 65.541502 0.064665 0.997907 0.000000 1.063775 0.000000 0.000000 1.000000 0.000000
0.997922 -0.064428 0.000000 66.179012 0.064428 0.997922 0.000000 1.084852 0.000000 0.000000 1.000000 0.000000
0.997933 -0.064262 0.000000 66.770033 0.064262 0.997933 0.000000 1.120826 0.000000 0.000000 1.000000 0.000000
0.997895 -0.064850 0.000000 67.263093 0.064850 0.997895 0.000000 1.169800 0.000000 0.000000 1.000000 0.000000
0.997905 -0.064700 0.000000 67.921892 0.064700 0.997905 0.000000 1.209252 0.000000 0.000000 1.000000 0.000000
0.997708 -0.067664 0.000000 68.574288 0.067664 0.997708 0.000000 1.267179 0.000000 0.000000 1.000000 0.000000
0.997670 -0.068226 0.000000 68.930573 0.068226 0.997670 0.000000 1.268326 0.000000 0.000000 1.000000 0.000000
0.997652 -0.068486 0.000000 69.564682 0.068486 0.997652 0.000000 1.294798 0.000000 0.000000 1.000000 0.000000
0.997614 -0.069037 0.000000 70.124438 0.069037 0.997614 0.000000 1.326351 0.000000 0.000000 1.000000 0.000000
0.997490 -0.070804 0.000000 71.345818 0.070804 0.997490 0.000000 1.377424 0.000000 0.000000 1.000000 0.000000
0.997210 -0.074647 0.000000 71.866764 0.074647 0.997210 0.000000 1.455042 0.000000 0.000000 1.000000 0.000000
0.997321 -0.073148 0.000000 72.484613 0.073148 0.997321 0.000000 1.470577 0.000000 0.000000 1.000000 0.000000
0.997295 -0.073504 0.000000 73.148505 0.073504 0.997295 0.000000 1.501035 0.000000 0.000000 1.000000 0.000000
0.997423 -0.071744 0.000000 73.724564 0.071744 0.997423 0.000000 1.506851 0.000000 0.000000 1.000000 0.000000
0.997298 -0.073463 0.000000 74.221195 0.073463 0.997298 0.000000 1.548969 0.000000 0.000000 1.000000 0.000000
0.997409 -0.071938 0.000000 74.622956 0.071938 0.997409 0.000000 1.545853 0.000000 0.000000 1.000000 0.000000
0.997411 -0.071907 0.000000 75.201032 0.071907 0.997411 0.000000 1.609866 0.000000 0.000000 1.000000 0.000000
0.997415 -0.071857 0.000000 75.848847 0.071857 0.997415 0.000000 1.642850 0.000000 0.000000 1.000000 0.000000
0.997369 -0.072492 0.000000 76.378878 0.072492 0.997369 0.000000 1.688658 0.000000 0.000000 1.000000 0.000000
0.997232 -0.074355 0.000000 77.023069 0.074355 0.997232 0.000000 1.787372 0.000000 0.000000 1.000000 0.000000
0.997221 -0.074495 0.000000 77.558558 0.074495 0.997221 0.000000 1.806846 0.000000 0.000000 1.000000 0.000000
0.997292 -0.073546 0.000000 78.090061 0.073546 0.997292 0.000000 1.833316 0.000000 0.000000 1.000000 0.000000
0.997251 -0.074104 0.000000 78.700036 0.074104 0.997251 0.000000 1.882857 0.000000 0.000000 1.000000 0.000000
0.997456 -0.071281 0.000000 79.242851 0.071281 0.997456 0.000000 1.906893 0.000000 0.000000 1.000000 0.000000
0.997722 -0.067458 0.000000 79.830197 0.067458 0.997722 0.000000 1.858338 0.000000 0.000000 1.000000 0.000000
0.997588 -0.069420 0.000000 80.293701 0.069420 0.997588 0.000000 1.934699 0.000000 0.000000 1.000000 0.000000
0.997570 -0.069665 0.000000 80.830933 0.069665 0.997570 0.000000 1.973547 0.000000 0.000000 1.000000 0.000000
0.997554 -0.069894 0.000000 81.385840 0.069894 0.997554 0.000000 2.021021 0.000000 0.000000 1.000000 0.000000
0.997481 -0.070928 0.000000 81.687472 0.070928 0.997481 0.000000 1.982272 0.000000 0.000000 1.000000 0.000000
0.997696 -0.067850 0.000000 82.171767 0.067850 0.997696 0.000000 1.980077 0.000000 0.000000 1.000000 0.000000
0.997805 -0.066226 0.000000 82.768668 0.066226 0.997805 0.000000 2.008967 0.000000 0.000000 1.000000 0.000000
0.997837 -0.065740 0.000000 83.273680 0.065740 0.997837 0.000000 2.032053 0.000000 0.000000 1.000000 0.000000
0.997950 -0.063995 0.000000 83.792363 0.063995 0.997950 0.000000 2.053919 0.000000 0.000000 1.000000 0.000000
0.998060 -0.062253 0.000000 84.294319 0.062253 0.998060 0.000000 2.065793 0.000000 0.000000 1.000000 0.000000
0.998054 -0.062359 0.000000 84.849946 0.062359 0.998054 0.000000 2.125271 0.000000 0.000000 1.000000 0.000000
0.997917 -0.064510 0.000000 85.426230 0.064510 0.997917 0.000000 2.215168 0.000000 0.000000 1.000000 0.000000
0.997898 -0.064806 0.000000 86.075775 0.064806 0.997898 0.000000 2.255813 0.000000 0.000000 1.000000 0.000000
0.997810 -0.066144 0.000000 86.641591 0.066144 0.997810 0.000000 2.342437 0.000000 0.000000 1.000000 0.000000
0.997924 -0.064397 0.000000 87.345686 0.064397 0.997924 0.000000 2.387457 0.000000 0.000000 1.000000 0.000000
0.998154 -0.060737 0.000000 87.895275 0.060737 0.998154 0.000000 2.379898 0.000000 0.000000 1.000000 0.000000
0.998250 -0.059138 0.000000 88.184824 0.059138 0.998250 0.000000 2.407486 0.000000 0.000000 1.000000 0.000000
0.998238 -0.059334 0.000000 88.625001 0.059334 0.998238 0.000000 2.430940 0.000000 0.000000 1.000000 0.000000
0.998300 -0.058289 0.000000 89.038159 0.058289 0.998300 0.000000 2.201588 0.000000 0.000000 1.000000 0.000000
0.998299 -0.058295 0.000000 89.570999 0.058295 0.998299 0.000000 2.220391 0.000000 0.000000 1.000000 0.000000
0.998411 -0.056353 0.000000 90.074146 0.056353 0.998411 0.000000 2.230120 0.000000 0.000000 1.000000 0.000000
0.998675 -0.051459 0.000000 91.211947 0.051459 0.998675 0.000000 2.266565 0.000000 0.000000 1.000000 0.000000
0.998614 -0.052637 0.000000 91.754025 0.052637 0.998614 0.000000 2.345202 0.000000 0.000000 1.000000 0.000000
0.998803 -0.048913 0.000000 92.224517 0.048913 0.998803 0.000000 2.317732 0.000000 0.000000 1.000000 0.000000
0.998968 -0.045410 0.000000 92.841531 0.045410 0.998968 0.000000 2.346064 0.000000 0.000000 1.000000 0.000000
0.999037 -0.043869 0.000000 93.364391 0.043869 0.999037 0.000000 2.370696 0.000000 0.000000 1.000000 0.000000
0.999253 -0.038651 0.000000 93.853393 0.038651 0.999253 0.000000 2.334296 0.000000 0.000000 1.000000 0.000000
0.999283 -0.037862 0.000000 94.356318 0.037862 0.999283 0.000000 2.333817 0.000000 0.000000 1.000000 0.000000
0.999369 -0.035517 0.000000 94.816789 0.035517 0.999369 0.000000 2.336472 0.000000 0.000000 1.000000 0.000000
0.999513 -0.031213 0.000000 95.201683 0.031213 0.999513 0.000000 2.283270 0.000000 0.000000 1.000000 0.000000
0.999558 -0.029729 0.000000 95.997900 0.029729 0.999558 0.000000 2.343037 0.000000 0.000000 1.000000 0.000000
0.999686 -0.025060 0.000000 96.666254 0.025060 0.999686 0.000000 2.281819 0.000000 0.000000 1.000000 0.000000
0.999699 -0.024550 0.000000 97.001211 0.024550 0.999699 0.000000 2.271527 0.000000 0.000000 1.000000 0.000000
0.999785 -0.020754 0.000000 97.450931 0.020754 0.999785 0.000000 2.222373 0.000000 0.000000 1.000000 0.000000
0.999856 -0.016965 0.000000 97.916279 0.016965 0.999856 0.000000 2.220335 0.000000 0.000000 1.000000 0.000000
0.999855 -0.017007 0.000000 98.427246 0.017007 0.999855 0.000000 2.179694 0.000000 0.000000 1.000000 0.000000
0.999905 -0.013801 0.000000 98.776056 0.013801 0.999905 0.000000 2.229100 0.000000 0.000000 1.000000 0.000000
0.999992 -0.003877 0.000000 99.107114 0.003877 0.999992 0.000000 2.116773 0.000000 0.000000 1.000000 0.000000
1.000000 -0.000360 0.000000 99.501354 0.000360 1.000000 0.000000 2.114441 0.000000 0.000000 1.000000 0.000000
0.999988 0.004979 0.000000 99.702016 -0.004979 0.999988 -0.000000 2.104370 -0.000000 0.000000 1.000000 0.000000
0.999976 0.006960 0.000000 100.112944 -0.006960 0.999976 -0.000000 2.088846 -0.000000 0.000000 1.000000 0.000000
0.999924 0.012328 0.000000 100.769284 -0.012328 0.999924 -0.000000 2.056229 -0.000000 0.000000 1.000000 0.000000
0.999863 0.016549 0.000000 101.281433 -0.016549 0.999863 -0.000000 2.048662 -0.000000 0.000000 1.000000 0.000000
0.999806 0.019714 0.000000 101.618768 -0.019714 0.999806 -0.000000 1.990587 -0.000000 0.000000 1.000000 0.000000
0.999715 0.023891 0.000000 102.130160 -0.023891 0.999715 -0.000000 1.967666 -0.000000 0.000000 1.000000 0.000000
0.999690 0.024913 0.000000 102.541740 -0.024913 0.999690 -0.000000 1.970501 -0.000000 0.000000 1.000000 0.000000
0.999605 0.028100 0.000000 102.922485 -0.028100 0.999605 -0.000000 1.948940 -0.000000 0.000000 1.000000 0.000000
0.999481 0.032213 0.000000 103.327937 -0.032213 0.999481 -0.000000 1.915398 -0.000000 0.000000 1.000000 0.000000
0.999402 0.034581 0.000000 103.985558 -0.034581 0.999402 -0.000000 1.915415 -0.000000 0.000000 1.000000 0.000000
0.999311 0.037108 0.000000 104.621192 -0.037108 0.999311 -0.000000 1.872250 -0.000000 0.000000 1.000000 0.000000
0.999267 0.038287 0.000000 104.852169 -0.038287 0.999267 -0.000000 1.812364 -0.000000 0.000000 1.000000 0.000000
0.999161 0.040947 0.000000 105.055496 -0.040947 0.999161 -0.000000 1.697237 -0.000000 0.000000 1.000000 0.000000
0.999059 0.043366 0.000000 105.409071 -0.043366 0.999059 -0.000000 1.668960 -0.000000 0.000000 1.000000 0.000000
0.998898 0.046929 0.000000 105.867814 -0.046929 0.998898 -0.000000 1.644299 -0.000000 0.000000 1.000000 0.000000
0.998843 0.048087 0.000000 106.282644 -0.048087 0.998843 -0.000000 1.589435 -0.000000 0.000000 1.000000 0.000000
0.999421 0.034027 0.000000 107.960826 -0.034027 0.999421 -0.000000 1.392675 -0.000000 0.000000 1.000000 0.000000
0.999397 0.034727 0.000000 108.294846 -0.034727 0.999397 -0.000000 1.358411 -0.000000 0.000000 1.000000 0.000000
0.999330 0.036609 0.000000 109.045589 -0.036609 0.999330 -0.000000 1.326694 -0.000000 0.000000 1.000000 0.000000
0.999102 0.042366 0.000000 109.431389 -0.042366 0.999102 -0.000000 1.205763 -0.000000 0.000000 1.000000 0.000000
0.999095 0.042523 0.000000 109.830283 -0.042523 0.999095 -0.000000 1.174127 -0.000000 0.000000 1.000000 0.000000
0.999134 0.041599 0.000000 110.018520 -0.041599 0.999134 -0.000000 1.139105 -0.000000 0.000000 1.000000 0.000000
0.999175 0.040617 0.000000 110.507355 -0.040617 0.999175 -0.000000 1.062411 -0.000000 0.000000 1.000000 0.000000
0.998993 0.044872 0.000000 111.200212 -0.044872 0.998993 -0.000000 0.946745 -0.000000 0.000000 1.000000 0.000000
0.998986 0.045028 0.000000 111.667173 -0.045028 0.998986 -0.000000 0.936292 -0.000000 0.000000 1.000000 0.000000
0.998974 0.045294 0.000000 112.163032 -0.045294 0.998974 -0.000000 0.988317 -0.000000 0.000000 1.000000 0.000000
0.998985 0.045041 0.000000 112.582365 -0.045041 0.998985 -0.000000 0.945443 -0.000000 0.000000 1.000000 0.000000
0.999043 0.043744 0.000000 112.961985 -0.043744 0.999043 -0.000000 0.869768 -0.000000 0.000000 1.000000 0.000000
0.998877 0.047372 0.000000 113.282343 -0.047372 0.998877 -0.000000 0.854016 -0.000000 0.000000 1.000000 0.000000
0.998879 0.047329 0.000000 114.075996 -0.047329 0.998879 -0.000000 0.789690 -0.000000 0.000000 1.000000 0.000000
0.998912 0.046644 0.000000 114.546829 -0.046644 0.998912 -0.000000 0.621048 -0.000000 0.000000 1.000000 0.000000
0.999004 0.044613 0.000000 114.966237 -0.044613 0.999004 -0.000000 0.574223 -0.000000 0.000000 1.000000 0.000000
0.998831 0.048345 0.000000 115.326478 -0.048345 0.998831 -0.000000 0.553496 -0.000000 0.000000 1.000000 0.000000
0.998757 0.049852 0.000000 115.683813 -0.049852 0.998757 -0.000000 0.558476 -0.000000 0.000000 1.000000 0.000000
0.998632 0.052282 0.000000 116.104204 -0.052282 0.998632 -0.000000 0.504512 -0.000000 0.000000 1.000000 0.000000
0.998593 0.053032 0.000000 116.719584 -0.053032 0.998593 -0.000000 0.356479 -0.000000 0.000000 1.000000 0.000000
0.998504 0.054672 0.000000 117.295090 -0.054672 0.998504 -0.000000 0.310952 -0.000000 0.000000 1.000000 0.000000
0.998330 0.057767 0.000000 117.857487 -0.057767 0.998330 -0.000000 0.217936 -0.000000 0.000000 1.000000 0.000000
0.998152 0.060773 0.000000 118.324481 -0.060773 0.998152 -0.000000 0.189738 -0.000000 0.000000 1.000000 0.000000
0.998046 0.062483 0.000000 118.861943 -0.062483 0.998046 -0.000000 0.157466 -0.000000 0.000000 1.000000 0.000000
0.998056 0.062329 0.000000 119.300787 -0.062329 0.998056 -0.000000 0.116693 -0.000000 0.000000 1.000000 0.000000
0.997841 0.065679 0.000000 119.929728 -0.065679 0.997841 -0.000000 0.107824 -0.000000 0.000000 1.000000 0.000000
0.997743 0.067155 0.000000 120.377667 -0.067155 0.997743 -0.000000 0.057375 -0.000000 0.000000 1.000000 0.000000
0.997610 0.069092 0.000000 121.026773 -0.069092 0.997610 -0.000000 0.026646 -0.000000 0.000000 1.000000 0.000000
0.997636 0.068721 0.000000 121.437191 -0.068721 0.997636 -0.000000 -0.009290 -0.000000 0.000000 1.000000 0.000000
0.997376 0.072397 0.000000 121.975157 -0.072397 0.997376 -0.000000 -0.047955 -0.000000 0.000000 1.000000 0.000000
0.997223 0.074475 0.000000 122.410255 -0.074475 0.997223 -0.000000 -0.129267 -0.000000 0.000000 1.000000 0.000000
0.997085 0.076299 0.000000 122.717903 -0.076299 0.997085 -0.000000 -0.156899 -0.000000 0.000000 1.000000 0.000000
0.997085 0.076298 0.000000 123.232703 -0.076298 0.997085 -0.000000 -0.210815 -0.000000 0.000000 1.000000 0.000000
0.997044 0.076835 0.000000 123.804834 -0.076835 0.997044 -0.000000 -0.268798 -0.000000 0.000000 1.000000 0.000000
0.997040 0.076890 0.000000 124.768850 -0.076890 0.997040 -0.000000 -0.315016 -0.000000 0.000000 1.000000 0.000000
0.997310 0.073305 0.000000 125.020085 -0.073305 0.997310 -0.000000 -0.257928 -0.000000 0.000000 1.000000 0.000000
0.997399 0.072077 0.000000 126.056654 -0.072077 0.997399 -0.000000 -0.283428 -0.000000 0.000000 1.000000 0.000000
0.997431 0.071631 0.000000 126.442309 -0.071631 0.997431 -0.000000 -0.448041 -0.000000 0.000000 1.000000 0.000000
0.997379 0.072350 0.000000 126.848819 -0.072350 0.997379 -0.000000 -0.461631 -0.000000 0.000000 1.000000 0.000000
0.997305 0.073373 0.000000 127.320373 -0.073373 0.997305 -0.000000 -0.663895 -0.000000 0.000000 1.000000 0.000000
0.997306 0.073349 0.000000 127.806070 -0.073349 0.997306 -0.000000 -0.650466 -0.000000 0.000000 1.000000 0.000000
0.997334 0.072966 0.000000 128.290662 -0.072966 0.997334 -0.000000 -0.670235 -0.000000 0.000000 1.000000 0.000000
0.997374 0.072430 0.000000 128.735010 -0.072430 0.997374 -0.000000 -0.664900 -0.000000 0.000000 1.000000 0.000000
0.997270 0.073848 0.000000 129.218073 -0.073848 0.997270 -0.000000 -0.707732 -0.000000 0.000000 1.000000 0.000000
0.997391 0.072190 0.000000 129.436153 -0.072190 0.997391 -0.000000 -0.890907 -0.000000 0.000000 1.000000 0.000000
0.997629 0.068821 0.000000 130.072678 -0.068821 0.997629 -0.000000 -0.977569 -0.000000 0.000000 1.000000 0.000000
0.997727 0.067390 0.000000 130.472284 -0.067390 0.997727 -0.000000 -0.859879 -0.000000 0.000000 1.000000 0.000000
0.997648 0.068546 0.000000 130.952145 -0.068546 0.997648 -0.000000 -0.885316 -0.000000 0.000000 1.000000 0.000000
0.997693 0.067885 0.000000 131.429052 -0.067885 0.997693 -0.000000 -0.893238 -0.000000 0.000000 1.000000 0.000000
0.997488 0.070836 0.000000 131.922614 -0.070836 0.997488 -0.000000 -1.062769 -0.000000 0.000000 1.000000 0.000000
0.997620 0.068949 0.000000 132.477188 -0.068949 0.997620 -0.000000 -0.969844 -0.000000 0.000000 1.000000 0.000000
0.997387 0.072240 0.000000 132.890628 -0.072240 0.997387 -0.000000 -1.147045 -0.000000 0.000000 1.000000 0.000000
0.997369 0.072489 0.000000 133.583382 -0.072489 0.997369 -0.000000 -1.205994 -0.000000 0.000000 1.000000 0.000000
0.997231 0.074371 0.000000 134.037486 -0.074371 0.997231 -0.000000 -1.265289 -0.000000 0.000000 1.000000 0.000000
0.996911 0.078538 0.000000 134.623792 -0.078538 0.996911 -0.000000 -1.425222 -0.000000 0.000000 1.000000 0.000000
0.996914 0.078507 0.000000 135.101360 -0.078507 0.996914 -0.000000 -1.513407 -0.000000 0.000000 1.000000 0.000000
0.996896 0.078728 0.000000 135.680629 -0.078728 0.996896 -0.000000 -1.567309 -0.000000 0.000000 1.000000 0.000000
0.996747 0.080599 0.000000 136.294025 -0.080599 0.996747 -0.000000 -1.597771 -0.000000 0.000000 1.000000 0.000000
0.995932 0.090109 0.000000 140.216863 -0.090109 0.995932 -0.000000 -2.111431 -0.000000 0.000000 1.000000 0.000000
0.996145 0.087727 0.000000 140.653405 -0.087727 0.996145 -0.000000 -2.141669 -0.000000 0.000000 1.000000 0.000000
0.996533 0.083199 0.000000 141.909399 -0.083199 0.996533 -0.000000 -2.274101 -0.000000 0.000000 1.000000 0.000000
0.996383 0.084982 0.000000 143.132103 -0.084982 0.996383 -0.000000 -2.412564 -0.000000 0.000000 1.000000 0.000000
0.996426 0.084474 0.000000 143.751744 -0.084474 0.996426 -0.000000 -2.503197 -0.000000 0.000000 1.000000 0.000000
0.996568 0.082779 0.000000 144.354159 -0.082779 0.996568 -0.000000 -2.463682 -0.000000 0.000000 1.000000 0.000000
0.996446 0.084238 0.000000 144.807364 -0.084238 0.996446 -0.000000 -2.585919 -0.000000 0.000000 1.000000 0.000000
0.996506 0.083523 0.000000 145.476389 -0.083523 0.996506 -0.000000 -2.680805 -0.000000 0.000000 1.000000 0.000000
0.996630 0.082025 0.000000 146.163180 -0.082025 0.996630 -0.000000 -2.659225 -0.000000 0.000000 1.000000 0.000000
0.996290 0.086056 0.000000 146.679908 -0.086056 0.996290 -0.000000 -2.836056 -0.000000 0.000000 1.000000 0.000000
0.996345 0.085415 0.000000 147.375468 -0.085415 0.996345 -0.000000 -2.919769 -0.000000 0.000000 1.000000 0.000000
0.996272 0.086264 0.000000 147.959375 -0.086264 0.996272 -0.000000 -2.989906 -0.000000 0.000000 1.000000 0.000000
0.996996 0.077456 0.000000 148.977006 -0.077456 0.996996 -0.000000 -3.097785 -0.000000 0.000000 1.000000 0.000000
0.996961 0.077903 0.000000 149.636566 -0.077903 0.996961 -0.000000 -3.185132 -0.000000 0.000000 1.000000 0.000000
0.997223 0.074472 0.000000 150.292744 -0.074472 0.997223 -0.000000 -3.282168 -0.000000 0.000000 1.000000 0.000000
0.997411 0.071912 0.000000 150.891516 -0.071912 0.997411 -0.000000 -3.334348 -0.000000 0.000000 1.000000 0.000000
0.997576 0.069587 0.000000 151.631292 -0.069587 0.997576 -0.000000 -3.482603 -0.000000 0.000000 1.000000 0.000000
0.997492 0.070780 0.000000 152.185064 -0.070780 0.997492 -0.000000 -3.534124 -0.000000 0.000000 1.000000 0.000000
0.997439 0.071520 0.000000 152.815667 -0.071520 0.997439 -0.000000 -3.526958 -0.000000 0.000000 1.000000 0.000000
0.997364 0.072564 0.000000 153.452159 -0.072564 0.997364 -0.000000 -3.572508 -0.000000 0.000000 1.000000 0.000000
0.997274 0.073784 0.000000 154.162792 -0.073784 0.997274 -0.000000 -3.666159 -0.000000 0.000000 1.000000 0.000000
0.997350 0.072750 0.000000 154.692561 -0.072750 0.997350 -0.000000 -3.760532 -0.000000 0.000000 1.000000 0.000000
0.997422 0.071761 0.000000 155.270061 -0.071761 0.997422 -0.000000 -3.851972 -0.000000 0.000000 1.000000 0.000000
0.997679 0.068094 0.000000 155.732580 -0.068094 0.997679 -0.000000 -3.874422 -0.000000 0.000000 1.000000 0.000000
0.997766 0.066803 0.000000 156.321521 -0.066803 0.997766 -0.000000 -3.937509 -0.000000 0.000000 1.000000 0.000000
0.997735 0.067271 0.000000 156.916640 -0.067271 0.997735 -0.000000 -3.958300 -0.000000 0.000000 1.000000 0.000000
0.997947 0.064048 0.000000 157.470230 -0.064048 0.997947 -0.000000 -4.043432 -0.000000 0.000000 1.000000 0.000000
0.997870 0.065230 0.000000 158.097941 -0.065230 0.997870 -0.000000 -4.095152 -0.000000 0.000000 1.000000 0.000000
0.998107 0.061498 0.000000 159.136164 -0.061498 0.998107 -0.000000 -4.162113 -0.000000 0.000000 1.000000 0.000000
0.998222 0.059605 0.000000 159.687536 -0.059605 0.998222 -0.000000 -4.266051 -0.000000 0.000000 1.000000 0.000000
0.998269 0.058816 0.000000 160.247456 -0.058816 0.998269 -0.000000 -4.296836 -0.000000 0.000000 1.000000 0.000000
0.998183 0.060250 0.000000 160.879393 -0.060250 0.998183 -0.000000 -4.265794 -0.000000 0.000000 1.000000 0.000000
0.998182 0.060271 0.000000 161.448551 -0.060271 0.998182 -0.000000 -4.312572 -0.000000 0.000000 1.000000 0.000000
0.998084 0.061869 0.000000 162.536504 -0.061869 0.998084 -0.000000 -4.388953 -0.000000 0.000000 1.000000 0.000000
0.997951 0.063986 0.000000 163.142369 -0.063986 0.997951 -0.000000 -4.429646 -0.000000 0.000000 1.000000 0.000000
0.997958 0.063870 0.000000 163.616679 -0.063870 0.997958 -0.000000 -4.619225 -0.000000 0.000000 1.000000 0.000000
0.997881 0.065062 0.000000 164.050502 -0.065062 0.997881 -0.000000 -4.618629 -0.000000 0.000000 1.000000 0.000000
0.998054 0.062348 0.000000 164.603319 -0.062348 0.998054 -0.000000 -4.744934 -0.000000 0.000000 1.000000 0.000000
0.998042 0.062543 0.000000 165.046372 -0.062543 0.998042 -0.000000 -4.833799 -0.000000 0.000000 1.000000 0.000000
0.997955 0.063923 0.000000 165.781646 -0.063923 0.997955 -0.000000 -4.832989 -0.000000 0.000000 1.000000 0.000000
0.997905 0.064701 0.000000 166.402505 -0.064701 0.997905 -0.000000 -4.838232 -0.000000 0.000000 1.000000 0.000000
0.997998 0.063243 0.000000 167.133481 -0.063243 0.997998 -0.000000 -4.913632 -0.000000 0.000000 1.000000 0.000000
0.998005 0.063138 0.000000 167.795702 -0.063138 0.998005 -0.000000 -4.874081 -0.000000 0.000000 1.000000 0.000000
0.998129 0.061149 0.000000 168.333407 -0.061149 0.998129 -0.000000 -4.907309 -0.000000 0.000000 1.000000 0.000000
0.998208 0.059841 0.000000 168.906048 -0.059841 0.998208 -0.000000 -4.972049 -0.000000 0.000000 1.000000 0.000000
0.998214 0.059732 0.000000 169.529462 -0.059732 0.998214 -0.000000 -5.013284 -0.000000 0.000000 1.000000 0.000000
0.998292 0.058415 0.000000 170.204322 -0.058415 0.998292 -0.000000 -5.067282 -0.000000 0.000000 1.000000 0.000000
0.998197 0.060015 0.000000 170.932110 -0.060015 0.998197 -0.000000 -5.117721 -0.000000 0.000000 1.000000 0.000000
0.998238 0.059332 0.000000 171.530356 -0.059332 0.998238 -0.000000 -5.187901 -0.000000 0.000000 1.000000 0.000000
0.998309 0.058133 0.000000 172.033361 -0.058133 0.998309 -0.000000 -5.207219 -0.000000 0.000000 1.000000 0.000000
0.998268 0.058826 0.000000 172.567499 -0.058826 0.998268 -0.000000 -5.211862 -0.000000 0.000000 1.000000 0.000000
0.998342 0.057559 0.000000 173.174309 -0.057559 0.998342 -0.000000 -5.275917 -0.000000 0.000000 1.000000 0.000000
0.998450 0.055663 0.000000 173.723595 -0.055663 0.998450 -0.000000 -5.397610 -0.000000 0.000000 1.000000 0.000000
0.998449 0.055682 0.000000 174.194434 -0.055682 0.998449 -0.000000 -5.499831 -0.000000 0.000000 1.000000 0.000000
0.998433 0.055964 0.000000 174.782263 -0.055964 0.998433 -0.000000 -5.592020 -0.000000 0.000000 1.000000 0.000000
0.998402 0.056504 0.000000 175.404232 -0.056504 0.998402 -0.000000 -5.629577 -0.000000 0.000000 1.000000 0.000000
0.998385 0.056816 0.000000 176.145837 -0.056816 0.998385 -0.000000 -5.606400 -0.000000 0.000000 1.000000 0.000000
0.998479 0.055135 0.000000 176.772571 -0.055135 0.998479 -0.000000 -5.697742 -0.000000 0.000000 1.000000 0.000000
0.998584 0.053199 0.000000 177.600621 -0.053199 0.998584 -0.000000 -5.756948 -0.000000 0.000000 1.000000 0.000000
0.998526 0.054284 0.000000 178.221646 -0.054284 0.998526 -0.000000 -5.871748 -0.000000 0.000000 1.000000 0.000000
0.998572 0.053422 0.000000 178.956652 -0.053422 0.998572 -0.000000 -5.952361 -0.000000 0.000000 1.000000 0.000000
0.998842 0.048120 0.000000 179.521787 -0.048120 0.998842 -0.000000 -6.033211 -0.000000 0.000000 1.000000 0.000000
0.998752 0.049953 0.000000 180.109422 -0.049953 0.998752 -0.000000 -6.072985 -0.000000 0.000000 1.000000 0.000000
0.998811 0.048745 0.000000 180.524462 -0.048745 0.998811 -0.000000 -6.110864 -0.000000 0.000000 1.000000 0.000000
0.998769 0.049607 0.000000 181.114231 -0.049607 0.998769 -0.000000 -6.152428 -0.000000 0.000000 1.000000 0.000000
0.998831 0.048330 0.000000 181.812846 -0.048330 0.998831 -0.000000 -6.197131 -0.000000 0.000000 1.000000 0.000000
0.998969 0.045397 0.000000 182.472234 -0.045397 0.998969 -0.000000 -6.239227 -0.000000 0.000000 1.000000 0.000000
0.998993 0.044865 0.000000 183.200766 -0.044865 0.998993 -0.000000 -6.259032 -0.000000 0.000000 1.000000 0.000000
0.999041 0.043791 0.000000 183.909718 -0.043791 0.999041 -0.000000 -6.314043 -0.000000 0.000000 1.000000 0.000000
0.999068 0.043154 0.000000 184.532960 -0.043154 0.999068 -0.000000 -6.330851 -0.000000 0.000000 1.000000 0.000000
0.999000 0.044708 0.000000 185.141455 -0.044708 0.999000 -0.000000 -6.352040 -0.000000 0.000000 1.000000 0.000000
0.999095 0.042530 0.000000 185.655802 -0.042530 0.999095 -0.000000 -6.442740 -0.000000 0.000000 1.000000 0.000000
0.999000 0.044705 0.000000 186.354749 -0.044705 0.999000 -0.000000 -6.467674 -0.000000 0.000000 1.000000 0.000000
0.999128 0.041744 0.000000 186.817107 -0.041744 0.999128 -0.000000 -6.555135 -0.000000 0.000000 1.000000 0.000000
0.999008 0.044534 0.000000 187.427935 -0.044534 0.999008 -0.000000 -6.559733 -0.000000 0.000000 1.000000 0.000000
0.999090 0.042660 0.000000 188.116331 -0.042660 0.999090 -0.000000 -6.593570 -0.000000 0.000000 1.000000 0.000000
0.999229 0.039252 0.000000 188.701146 -0.039252 0.999229 -0.000000 -6.639164 -0.000000 0.000000 1.000000 0.000000
0.999262 0.038417 0.000000 189.263600 -0.038417 0.999262 -0.000000 -6.617022 -0.000000 0.000000 1.000000 0.000000
0.999227 0.039321 0.000000 189.769616 -0.039321 0.999227 -0.000000 -6.643954 -0.000000 0.000000 1.000000 0.000000
0.999145 0.041345 0.000000 190.434012 -0.041345 0.999145 -0.000000 -6.717258 -0.000000 0.000000 1.000000 0.000000
0.999274 0.038086 0.000000 191.081457 -0.038086 0.999274 -0.000000 -6.678877 -0.000000 0.000000 1.000000 0.000000
0.999239 0.038997 0.000000 191.711926 -0.038997 0.999239 -0.000000 -6.750649 -0.000000 0.000000 1.000000 0.000000
0.999240 0.038986 0.000000 192.498152 -0.038986 0.999240 -0.000000 -6.768069 -0.000000 0.000000 1.000000 0.000000
0.999261 0.038431 0.000000 193.321678 -0.038431 0.999261 -0.000000 -6.827608 -0.000000 0.000000 1.000000 0.000000
0.999161 0.040948 0.000000 193.899636 -0.040948 0.999161 -0.000000 -6.863224 -0.000000 0.000000 1.000000 0.000000
0.999061 0.043318 0.000000 194.472311 -0.043318 0.999061 -0.000000 -6.906082 -0.000000 0.000000 1.000000 0.000000
0.999046 0.043679 0.000000 194.954800 -0.043679 0.999046 -0.000000 -6.947626 -0.000000 0.000000 1.000000 0.000000
0.998871 0.047500 0.000000 195.629673 -0.047500 0.998871 -0.000000 -6.987891 -0.000000 0.000000 1.000000 0.000000
0.998940 0.046022 0.000000 196.247508 -0.046022 0.998940 -0.000000 -7.025957 -0.000000 0.000000 1.000000 0.000000
0.998994 0.044850 0.000000 196.901655 -0.044850 0.998994 -0.000000 -7.031526 -0.000000 0.000000 1.000000 0.000000
0.999175 0.040601 0.000000 197.533829 -0.040601 0.999175 -0.000000 -7.077231 -0.000000 0.000000 1.000000 0.000000
0.999133 0.041642 0.000000 198.037995 -0.041642 0.999133 -0.000000 -7.122076 -0.000000 0.000000 1.000000 0.000000
0.999184 0.040379 0.000000 199.182122 -0.040379 0.999184 -0.000000 -7.197396 -0.000000 0.000000 1.000000 0.000000
0.999215 0.039606 0.000000 199.738704 -0.039606 0.999215 -0.000000 -7.187438 -0.000000 0.000000 1.000000 0.000000
0.999243 0.038908 0.000000 200.720628 -0.038908 0.999243 -0.000000 -7.297186 -0.000000 0.000000 1.000000 0.000000
0.999208 0.039785 0.000000 201.507386 -0.039785 0.999208 -0.000000 -7.329760 -0.000000 0.000000 1.000000 0.000000
0.999317 0.036955 0.000000 202.544445 -0.036955 0.999317 -0.000000 -7.389530 -0.000000 0.000000 1.000000 0.000000
0.999333 0.036520 0.000000 203.237502 -0.036520 0.999333 -0.000000 -7.518892 -0.000000 0.000000 1.000000 0.000000
0.999297 0.037478 0.000000 203.870304 -0.037478 0.999297 -0.000000 -7.568645 -0.000000 0.000000 1.000000 0.000000
0.999253 0.038653 0.000000 204.505064 -0.038653 0.999253 -0.000000 -7.587791 -0.000000 0.000000 1.000000 0.000000
0.999316 0.036978 0.000000 205.044328 -0.036978 0.999316 -0.000000 -7.647952 -0.000000 0.000000 1.000000 0.000000
0.999374 0.035379 0.000000 205.790064 -0.035379 0.999374 -0.000000 -7.692547 -0.000000 0.000000 1.000000 0.000000
0.999342 0.036271 0.000000 206.515719 -0.036271 0.999342 -0.000000 -7.735160 -0.000000 0.000000 1.000000 0.000000
0.999237 0.039053 0.000000 207.629819 -0.039053 0.999237 -0.000000 -7.873480 -0.000000 0.000000 1.000000 0.000000
0.999257 0.038550 0.000000 208.183326 -0.038550 0.999257 -0.000000 -7.943797 -0.000000 0.000000 1.000000 0.000000
0.999276 0.038039 0.000000 208.767974 -0.038039 0.999276 -0.000000 -8.011166 -0.000000 0.000000 1.000000 0.000000
0.999337 0.036399 0.000000 209.248287 -0.036399 0.999337 -0.000000 -7.970928 -0.000000 0.000000 1.000000 0.000000
