0.999997 -0.002587 0.000000 0.137391 0.002587 0.999997 0.000000 -0.010598 0.000000 0.000000 1.000000 0.000000
0.999997 -0.002418 0.000000 1.052583 0.002418 0.999997 0.000000 -0.020814 0.000000 0.000000 1.000000 0.000000
0.999981 -0.006181 0.000000 1.805179 0.006181 0.999981 0.000000 -0.023316 0.000000 0.000000 1.000000 0.000000
0.999981 -0.006137 0.000000 2.448751 0.006137 0.999981 0.000000 -0.017347 0.000000 0.000000 1.000000 0.000000
0.999989 -0.004728 0.000000 2.985453 0.004728 0.999989 0.000000 -0.029410 0.000000 0.000000 1.000000 0.000000
0.999974 -0.007154 0.000000 3.646994 0.007154 0.999974 0.000000 -0.035456 0.000000 0.000000 1.000000 0.000000
0.999979 -0.006466 0.000000 4.434134 0.006466 0.999979 0.000000 -0.056429 0.000000 0.000000 1.000000 0.000000
0.999984 -0.005671 0.000000 5.500825 0.005671 0.999984 0.000000 -0.010404 0.000000 0.000000 1.000000 0.000000
0.999973 -0.007359 0.000000 5.979481 0.007359 0.999973 0.000000 -0.009310 0.000000 0.000000 1.000000 0.000000
0.999963 -0.008567 0.000000 6.696591 0.008567 0.999963 0.000000 0.024685 0.000000 0.000000 1.000000 0.000000
0.999959 -0.009072 0.000000 7.484421 0.009072 0.999959 0.000000 -0.003484 0.000000 0.000000 1.000000 0.000000
0.999955 -0.009487 0.000000 8.351887 0.009487 0.999955 0.000000 0.003833 0.000000 0.000000 1.000000 0.000000
0.999956 -0.009377 0.000000 8.603578 0.009377 0.999956 0.000000 -0.044918 0.000000 0.000000 1.000000 0.000000
0.999950 -0.009983 0.000000 9.125821 0.009983 0.999950 0.000000 -0.084510 0.000000 0.000000 1.000000 0.000000
0.999949 -0.010057 0.000000 9.520131 0.010057 0.999949 0.000000 -0.096477 0.000000 0.000000 1.000000 0.000000
0.999945 -0.010509 0.000000 10.333738 0.010509 0.999945 0.000000 -0.150937 0.000000 0.000000 1.000000 0.000000
0.999935 -0.011366 0.000000 11.031645 0.011366 0.999935 0.000000 -0.164736 0.000000 0.000000 1.000000 0.000000
0.999937 -0.011269 0.000000 11.528375 0.011269 0.999937 0.000000 -0.170432 0.000000 0.000000 1.000000 0.000000
0.999927 -0.012102 0.000000 11.847271 0.012102 0.999927 0.000000 -0.180568 0.000000 0.000000 1.000000 0.000000
0.999922 -0.012488 0.000000 12.317088 0.012488 0.999922 0.000000 -0.217237 0.000000 0.000000 1.000000 0.000000
0.999928 -0.012017 0.000000 12.776032 0.012017 0.999928 0.000000 -0.225039 0.000000 0.000000 1.000000 0.000000
0.999922 -0.012503 0.000000 12.911369 0.012503 0.999922 0.000000 -0.231924 0.000000 0.000000 1.000000 0.000000
0.999912 -0.013256 0.000000 13.248788 0.013256 0.999912 0.000000 -0.248108 0.000000 0.000000 1.000000 0.000000
0.999900 -0.014144 0.000000 13.795815 0.014144 0.999900 0.000000 -0.230419 0.000000 0.000000 1.000000 0.000000
0.999902 -0.013970 0.000000 13.961415 0.013970 0.999902 0.000000 -0.219207 0.000000 0.000000 1.000000 0.000000
0.999886 -0.015106 0.000000 14.600450 0.015106 0.999886 0.000000 -0.265435 0.000000 0.000000 1.000000 0.000000
0.999864 -0.016470 0.000000 15.548755 0.016470 0.999864 0.000000 -0.293397 0.000000 0.000000 1.000000 0.000000
0.999833 -0.018296 0.000000 15.925513 0.018296 0.999833 0.000000 -0.265316 0.000000 0.000000 1.000000 0.000000
0.999821 -0.018901 0.000000 16.639918 0.018901 0.999821 0.000000 -0.265174 0.000000 0.000000 1.000000 0.000000
0.999792 -0.020402 0.000000 17.310802 0.020402 0.999792 0.000000 -0.299377 0.000000 0.000000 1.000000 0.000000
0.999798 -0.020090 0.000000 17.499294 0.020090 0.999798 0.000000 -0.287164 0.000000 0.000000 1.000000 0.000000
0.999794 -0.020272 0.000000 18.270096 0.020272 0.999794 0.000000 -0.296989 0.000000 0.000000 1.000000 0.000000
0.999776 -0.021156 0.000000 18.317136 0.021156 0.999776 0.000000 -0.325342 0.000000 0.000000 1.000000 0.000000
0.999784 -0.020770 0.000000 18.890184 0.020770 0.999784 0.000000 -0.304760 0.000000 0.000000 1.000000 0.000000
0.999770 -0.021455 0.000000 19.477059 0.021455 0.999770 0.000000 -0.324614 0.000000 0.000000 1.000000 0.000000
0.999759 -0.021957 0.000000 20.052177 0.021957 0.999759 0.000000 -0.367589 0.000000 0.000000 1.000000 0.000000
0.999744 -0.022642 0.000000 20.910367 0.022642 0.999744 0.000000 -0.373929 0.000000 0.000000 1.000000 0.000000
0.999737 -0.022927 0.000000 21.484747 0.022927 0.999737 0.000000 -0.372342 0.000000 0.000000 1.000000 0.000000
0.999692 -0.024809 0.000000 22.128080 0.024809 0.999692 0.000000 -0.382025 0.000000 0.000000 1.000000 0.000000
0.999660 -0.026056 0.000000 22.571195 0.026056 0.999660 0.000000 -0.422382 0.000000 0.000000 1.000000 0.000000
0.999655 -0.026270 0.000000 23.283287 0.026270 0.999655 0.000000 -0.392239 0.000000 0.000000 1.000000 0.000000
0.999645 -0.026629 0.000000 23.970791 0.026629 0.999645 0.000000 -0.385523 0.000000 0.000000 1.000000 0.000000
0.999607 -0.028020 0.000000 24.336846 0.028020 0.999607 0.000000 -0.409117 0.000000 0.000000 1.000000 0.000000
0.999578 -0.029059 0.000000 24.924345 0.029059 0.999578 0.000000 -0.376865 0.000000 0.000000 1.000000 0.000000
0.999564 -0.029515 0.000000 25.116770 0.029515 0.999564 0.000000 -0.405523 0.000000 0.000000 1.000000 0.000000
0.999579 -0.029029 0.000000 25.959191 0.029029 0.999579 0.000000 -0.384642 0.000000 0.000000 1.000000 0.000000
0.999560 -0.029662 0.000000 25.951342 0.029662 0.999560 0.000000 -0.401224 0.000000 0.000000 1.000000 0.000000
0.999552 -0.029937 0.000000 26.691308 0.029937 0.999552 0.000000 -0.389167 0.000000 0.000000 1.000000 0.000000
0.999457 -0.032935 0.000000 27.577248 0.032935 0.999457 0.000000 -0.381858 0.000000 0.000000 1.000000 0.000000
0.999416 -0.034169 0.000000 28.364926 0.034169 0.999416 0.000000 -0.347512 0.000000 0.000000 1.000000 0.000000
0.999429 -0.033802 0.000000 29.174535 0.033802 0.999429 0.000000 -0.333237 0.000000 0.000000 1.000000 0.000000
0.999437 -0.033556 0.000000 29.742741 0.033556 0.999437 0.000000 -0.321766 0.000000 0.000000 1.000000 0.000000
0.999457 -0.032936 0.000000 30.378986 0.032936 0.999457 0.000000 -0.294359 0.000000 0.000000 1.000000 0.000000
0.999423 -0.033966 0.000000 30.815048 0.033966 0.999423 0.000000 -0.295143 0.000000 0.000000 1.000000 0.000000
0.999441 -0.033442 0.000000 31.169101 0.033442 0.999441 0.000000 -0.301231 0.000000 0.000000 1.000000 0.000000
0.999447 -0.033240 0.000000 31.850833 0.033240 0.999447 0.000000 -0.277661 0.000000 0.000000 1.000000 0.000000
0.999504 -0.031478 0.000000 31.940581 0.031478 0.999504 0.000000 -0.255079 0.000000 0.000000 1.000000 0.000000
0.999483 -0.032156 0.000000 33.022072 0.032156 0.999483 0.000000 -0.251458 0.000000 0.000000 1.000000 0.000000
0.945890 -0.324488 0.000000 35.426905 0.324488 0.945890 0.000000 4.166279 0.000000 0.000000 1.000000 0.000000
0.945139 -0.326670 0.000000 35.973620 0.326670 0.945139 0.000000 4.263282 0.000000 0.000000 1.000000 0.000000
0.944638 -0.328114 0.000000 36.240446 0.328114 0.944638 0.000000 4.349284 0.000000 0.000000 1.000000 0.000000
0.944710 -0.327906 0.000000 37.458628 0.327906 0.944710 0.000000 4.744427 0.000000 0.000000 1.000000 0.000000
0.944725 -0.327863 0.000000 38.370603 0.327863 0.944725 0.000000 5.093106 0.000000 0.000000 1.000000 0.000000
0.944650 -0.328080 0.000000 39.055051 0.328080 0.944650 0.000000 5.278644 0.000000 0.000000 1.000000 0.000000
0.944553 -0.328360 0.000000 39.491709 0.328360 0.944553 0.000000 5.427602 0.000000 0.000000 1.000000 0.000000
0.945051 -0.326924 0.000000 39.490995 0.326924 0.945051 0.000000 5.425577 0.000000 0.000000 1.000000 0.000000
0.944737 -0.327828 0.000000 40.185183 0.327828 0.944737 0.000000 5.696212 0.000000 0.000000 1.000000 0.000000
0.944751 -0.327789 0.000000 40.448213 0.327789 0.944751 0.000000 5.800722 0.000000 0.000000 1.000000 0.000000
0.944743 -0.327813 0.000000 41.073203 0.327813 0.944743 0.000000 6.004305 0.000000 0.000000 1.000000 0.000000
0.944966 -0.327169 0.000000 41.628342 0.327169 0.944966 0.000000 6.216775 0.000000 0.000000 1.000000 0.000000
0.944892 -0.327381 0.000000 42.593595 0.327381 0.944892 0.000000 6.574873 0.000000 0.000000 1.000000 0.000000
0.944968 -0.327164 0.000000 42.795745 0.327164 0.944968 0.000000 6.675302 0.000000 0.000000 1.000000 0.000000
0.945023 -0.327003 0.000000 43.767568 0.327003 0.945023 0.000000 6.983347 0.000000 0.000000 1.000000 0.000000
0.944513 -0.328474 0.000000 44.469196 0.328474 0.944513 0.000000 7.217275 0.000000 0.000000 1.000000 0.000000
0.944411 -0.328769 0.000000 45.538594 0.328769 0.944411 0.000000 7.615482 0.000000 0.000000 1.000000 0.000000
0.943926 -0.330157 0.000000 46.161500 0.330157 0.943926 0.000000 7.800676 0.000000 0.000000 1.000000 0.000000
0.944858 -0.327481 0.000000 46.666445 0.327481 0.944858 0.000000 7.970392 0.000000 0.000000 1.000000 0.000000
0.944422 -0.328736 0.000000 47.221811 0.328736 0.944422 0.000000 8.163673 0.000000 0.000000 1.000000 0.000000
0.943586 -0.331127 0.000000 46.738613 0.331127 0.943586 0.000000 7.979104 0.000000 0.000000 1.000000 0.000000
0.943518 -0.331322 0.000000 46.721268 0.331322 0.943518 0.000000 7.987926 0.000000 0.000000 1.000000 0.000000
0.943538 -0.331263 0.000000 46.910046 0.331263 0.943538 0.000000 8.103076 0.000000 0.000000 1.000000 0.000000
0.943842 -0.330398 0.000000 47.486000 0.330398 0.943842 0.000000 8.315787 0.000000 0.000000 1.000000 0.000000
0.943633 -0.330993 0.000000 48.059283 0.330993 0.943633 0.000000 8.499068 0.000000 0.000000 1.000000 0.000000
0.942864 -0.333179 0.000000 48.958867 0.333179 0.942864 0.000000 8.823092 0.000000 0.000000 1.000000 0.000000
0.942272 -0.334847 0.000000 49.038065 0.334847 0.942272 0.000000 8.847857 0.000000 0.000000 1.000000 0.000000
0.942277 -0.334834 0.000000 49.625022 0.334834 0.942277 0.000000 9.038114 0.000000 0.000000 1.000000 0.000000
0.941577 -0.336797 0.000000 49.734238 0.336797 0.941577 0.000000 9.083268 0.000000 0.000000 1.000000 0.000000
0.941097 -0.338138 0.000000 49.721198 0.338138 0.941097 0.000000 9.052847 0.000000 0.000000 1.000000 0.000000
0.940894 -0.338700 0.000000 50.258333 0.338700 0.940894 0.000000 9.228332 0.000000 0.000000 1.000000 0.000000
0.940614 -0.339479 0.000000 50.873011 0.339479 0.940614 0.000000 9.448367 0.000000 0.000000 1.000000 0.000000
0.940901 -0.338680 0.000000 51.301931 0.338680 0.940901 0.000000 9.575439 0.000000 0.000000 1.000000 0.000000
0.940110 -0.340870 0.000000 51.924945 0.340870 0.940110 0.000000 9.775769 0.000000 0.000000 1.000000 0.000000
0.939648 -0.342142 0.000000 52.370686 0.342142 0.939648 0.000000 9.948558 0.000000 0.000000 1.000000 0.000000
0.939386 -0.342862 0.000000 53.639293 0.342862 0.939386 0.000000 10.405023 0.000000 0.000000 1.000000 0.000000
0.939416 -0.342779 0.000000 54.484350 0.342779 0.939416 0.000000 10.762611 0.000000 0.000000 1.000000 0.000000
0.939331 -0.343013 0.000000 55.277063 0.343013 0.939331 0.000000 11.028197 0.000000 0.000000 1.000000 0.000000
0.939172 -0.343447 0.000000 55.508800 0.343447 0.939172 0.000000 11.113611 0.000000 0.000000 1.000000 0.000000
0.939267 -0.343187 0.000000 56.016787 0.343187 0.939267 0.000000 11.296394 0.000000 0.000000 1.000000 0.000000
0.939136 -0.343546 0.000000 56.443436 0.343546 0.939136 0.000000 11.446043 0.000000 0.000000 1.000000 0.000000
0.938953 -0.344045 0.000000 56.934525 0.344045 0.938953 0.000000 11.633695 0.000000 0.000000 1.000000 0.000000
0.938574 -0.345077 0.000000 57.557374 0.345077 0.938574 0.000000 11.846856 0.000000 0.000000 1.000000 0.000000
0.938520 -0.345225 0.000000 57.917985 0.345225 0.938520 0.000000 11.965287 0.000000 0.000000 1.000000 0.000000
0.937796 -0.347188 0.000000 58.236449 0.347188 0.937796 0.000000 12.079178 0.000000 0.000000 1.000000 0.000000
0.937872 -0.346982 0.000000 58.763659 0.346982 0.937872 0.000000 12.253743 0.000000 0.000000 1.000000 0.000000
0.937915 -0.346864 0.000000 59.314757 0.346864 0.937915 0.000000 12.449660 0.000000 0.000000 1.000000 0.000000
0.937611 -0.347687 0.000000 60.019933 0.347687 0.937611 0.000000 12.693600 0.000000 0.000000 1.000000 0.000000
0.937172 -0.348867 0.000000 60.132332 0.348867 0.937172 0.000000 12.709769 0.000000 0.000000 1.000000 0.000000
0.936526 -0.350599 0.000000 60.668772 0.350599 0.936526 0.000000 12.904700 0.000000 0.000000 1.000000 0.000000
0.936509 -0.350644 0.000000 61.335260 0.350644 0.936509 0.000000 13.117948 0.000000 0.000000 1.000000 0.000000
0.935903 -0.352259 0.000000 61.662154 0.352259 0.935903 0.000000 13.235140 0.000000 0.000000 1.000000 0.000000
0.935090 -0.354410 0.000000 62.303511 0.354410 0.935090 0.000000 13.454924 0.000000 0.000000 1.000000 0.000000
0.935283 -0.353901 0.000000 62.861689 0.353901 0.935283 0.000000 13.681474 0.000000 0.000000 1.000000 0.000000
0.934697 -0.355447 0.000000 63.464150 0.355447 0.934697 0.000000 13.899071 0.000000 0.000000 1.000000 0.000000
0.934035 -0.357180 0.000000 64.362742 0.357180 0.934035 0.000000 14.209680 0.000000 0.000000 1.000000 0.000000
0.933700 -0.358056 0.000000 64.948243 0.358056 0.933700 0.000000 14.409734 0.000000 0.000000 1.000000 0.000000
0.933793 -0.357814 0.000000 65.452853 0.357814 0.933793 0.000000 14.608769 0.000000 0.000000 1.000000 0.000000
0.933580 -0.358370 0.000000 65.900476 0.358370 0.933580 0.000000 14.799362 0.000000 0.000000 1.000000 0.000000
0.933725 -0.357992 0.000000 66.517624 0.357992 0.933725 0.000000 15.039133 0.000000 0.000000 1.000000 0.000000
0.932611 -0.360882 0.000000 67.128630 0.360882 0.932611 0.000000 15.292817 0.000000 0.000000 1.000000 0.000000
0.932357 -0.361538 0.000000 67.462540 0.361538 0.932357 0.000000 15.395815 0.000000 0.000000 1.000000 0.000000
0.932296 -0.361695 0.000000 68.055605 0.361695 0.932296 0.000000 15.617156 0.000000 0.000000 1.000000 0.000000
0.932183 -0.361987 0.000000 68.575588 0.361987 0.932183 0.000000 15.818443 0.000000 0.000000 1.000000 0.000000
0.931689 -0.363257 0.000000 69.708651 0.363257 0.931689 0.000000 16.229603 0.000000 0.000000 1.000000 0.000000
0.930451 -0.366416 0.000000 70.344568 0.366416 0.930451 0.000000 16.518227 0.000000 0.000000 1.000000 0.000000
0.931051 -0.364889 0.000000 70.940078 0.364889 0.931051 0.000000 16.719364 0.000000 0.000000 1.000000 0.000000
0.930660 -0.365886 0.000000 71.552005 0.365886 0.930660 0.000000 16.933432 0.000000 0.000000 1.000000 0.000000
0.931211 -0.364480 0.000000 72.101096 0.364480 0.931211 0.000000 17.103260 0.000000 0.000000 1.000000 0.000000
0.930498 -0.366297 0.000000 72.557144 0.366297 0.930498 0.000000 17.294309 0.000000 0.000000 1.000000 0.000000
0.931729 -0.363154 0.000000 73.194894 0.363154 0.931729 0.000000 17.462553 0.000000 0.000000 1.000000 0.000000
0.931741 -0.363123 0.000000 73.724736 0.363123 0.931741 0.000000 17.702996 0.000000 0.000000 1.000000 0.000000
0.931796 -0.362982 0.000000 74.339918 0.362982 0.931796 0.000000 17.928066 0.000000 0.000000 1.000000 0.000000
0.931520 -0.363691 0.000000 74.838567 0.363691 0.931520 0.000000 18.136176 0.000000 0.000000 1.000000 0.000000
0.930817 -0.365486 0.000000 75.425729 0.365486 0.930817 0.000000 18.427066 0.000000 0.000000 1.000000 0.000000
0.930725 -0.365721 0.000000 75.924697 0.365721 0.930725 0.000000 18.604939 0.000000 0.000000 1.000000 0.000000
0.930899 -0.365275 0.000000 76.418877 0.365275 0.930899 0.000000 18.790184 0.000000 0.000000 1.000000 0.000000
0.930416 -0.366506 0.000000 76.986175 0.366506 0.930416 0.000000 19.020204 0.000000 0.000000 1.000000 0.000000
0.930558 -0.366145 0.000000 77.537019 0.366145 0.930558 0.000000 19.241836 0.000000 0.000000 1.000000 0.000000
0.931972 -0.362530 0.000000 78.117945 0.362530 0.931972 0.000000 19.368255 0.000000 0.000000 1.000000 0.000000
0.932255 -0.361802 0.000000 78.559774 0.361802 0.932255 0.000000 19.545081 0.000000 0.000000 1.000000 0.000000
0.932172 -0.362016 0.000000 79.059842 0.362016 0.932172 0.000000 19.749282 0.000000 0.000000 1.000000 0.000000
0.932081 -0.362249 0.000000 79.573429 0.362249 0.932081 0.000000 19.961816 0.000000 0.000000 1.000000 0.000000
0.931801 -0.362970 0.000000 79.874193 0.362970 0.931801 0.000000 20.020215 0.000000 0.000000 1.000000 0.000000
0.932917 -0.360091 0.000000 80.332747 0.360091 0.932917 0.000000 20.156156 0.000000 0.000000 1.000000 0.000000
0.933504 -0.358566 0.000000 80.900561 0.358566 0.933504 0.000000 20.364561 0.000000 0.000000 1.000000 0.000000
0.933740 -0.357952 0.000000 81.384081 0.357952 0.933740 0.000000 20.540114 0.000000 0.000000 1.000000 0.000000
0.933738 -0.357958 0.000000 82.074968 0.357958 0.933738 0.000000 20.830084 0.000000 0.000000 1.000000 0.000000
0.934376 -0.356289 0.000000 82.540893 0.356289 0.934376 0.000000 20.983042 0.000000 0.000000 1.000000 0.000000
0.934320 -0.356436 0.000000 83.059809 0.356436 0.934320 0.000000 21.211260 0.000000 0.000000 1.000000 0.000000
0.933561 -0.358418 0.000000 83.578610 0.358418 0.933561 0.000000 21.466934 0.000000 0.000000 1.000000 0.000000
0.933433 -0.358753 0.000000 84.195183 0.358753 0.933433 0.000000 21.701832 0.000000 0.000000 1.000000 0.000000
0.932942 -0.360026 0.000000 84.713614 0.360026 0.932942 0.000000 21.958756 0.000000 0.000000 1.000000 0.000000
0.933176 -0.359419 0.000000 85.384845 0.359419 0.933176 0.000000 22.264102 0.000000 0.000000 1.000000 0.000000
0.935193 -0.354139 0.000000 85.927424 0.354139 0.935193 0.000000 22.360781 0.000000 0.000000 1.000000 0.000000
0.935764 -0.352627 0.000000 86.187140 0.352627 0.935764 0.000000 22.469848 0.000000 0.000000 1.000000 0.000000
0.936427 -0.350863 0.000000 86.647533 0.350863 0.936427 0.000000 22.618990 0.000000 0.000000 1.000000 0.000000
0.936796 -0.349877 0.000000 87.109866 0.349877 0.936796 0.000000 22.512910 0.000000 0.000000 1.000000 0.000000
0.936758 -0.349978 0.000000 87.620671 0.349978 0.936758 0.000000 22.692641 0.000000 0.000000 1.000000 0.000000
0.937437 -0.348155 0.000000 88.077606 0.348155 0.937437 0.000000 22.812246 0.000000 0.000000 1.000000 0.000000
0.939101 -0.343642 0.000000 89.163138 0.343642 0.939101 0.000000 23.186544 0.000000 0.000000 1.000000 0.000000
0.938694 -0.344752 0.000000 89.648626 0.344752 0.938694 0.000000 23.420801 0.000000 0.000000 1.000000 0.000000
0.940021 -0.341117 0.000000 90.114468 0.341117 0.940021 0.000000 23.533404 0.000000 0.000000 1.000000 0.000000
0.941240 -0.337738 0.000000 90.687272 0.337738 0.941240 0.000000 23.740139 0.000000 0.000000 1.000000 0.000000
0.941735 -0.336355 0.000000 91.187810 0.336355 0.941735 0.000000 23.920192 0.000000 0.000000 1.000000 0.000000
0.943379 -0.331717 0.000000 91.624658 0.331717 0.943379 0.000000 24.004227 0.000000 0.000000 1.000000 0.000000
0.943424 -0.331588 0.000000 92.184635 0.331588 0.943424 0.000000 24.180125 0.000000 0.000000 1.000000 0.000000
0.944129 -0.329575 0.000000 92.586669 0.329575 0.944129 0.000000 24.365075 0.000000 0.000000 1.000000 0.000000
0.945538 -0.325512 0.000000 92.971708 0.325512 0.945538 0.000000 24.419101 0.000000 0.000000 1.000000 0.000000
0.946585 -0.322455 0.000000 93.560460 0.322455 0.946585 0.000000 24.612579 0.000000 0.000000 1.000000 0.000000
0.948056 -0.318104 0.000000 94.226924 0.318104 0.948056 0.000000 24.756431 0.000000 0.000000 1.000000 0.000000
0.948208 -0.317650 0.000000 94.543283 0.317650 0.948208 0.000000 24.841867 0.000000 0.000000 1.000000 0.000000
0.949510 -0.313737 0.000000 94.880724 0.313737 0.949510 0.000000 24.921727 0.000000 0.000000 1.000000 0.000000
0.950721 -0.310047 0.000000 95.331469 0.310047 0.950721 0.000000 25.061496 0.000000 0.000000 1.000000 0.000000
0.950671 -0.310201 0.000000 95.840899 0.310201 0.950671 0.000000 25.173083 0.000000 0.000000 1.000000 0.000000
0.951626 -0.307258 0.000000 96.158222 0.307258 0.951626 0.000000 25.313526 0.000000 0.000000 1.000000 0.000000
0.954469 -0.298311 0.000000 96.259405 0.298311 0.954469 0.000000 25.232824 0.000000 0.000000 1.000000 0.000000
0.955890 -0.293724 0.000000 96.542703 0.293724 0.955890 0.000000 25.252481 0.000000 0.000000 1.000000 0.000000
0.957657 -0.287911 0.000000 96.698815 0.287911 0.957657 0.000000 25.249504 0.000000 0.000000 1.000000 0.000000
0.958081 -0.286498 0.000000 97.011016 0.286498 0.958081 0.000000 25.428800 0.000000 0.000000 1.000000 0.000000
0.959618 -0.281307 0.000000 97.672368 0.281307 0.959618 0.000000 25.604142 0.000000 0.000000 1.000000 0.000000
0.960799 -0.277246 0.000000 98.167155 0.277246 0.960799 0.000000 25.738436 0.000000 0.000000 1.000000 0.000000
0.961708 -0.274076 0.000000 98.506626 0.274076 0.961708 0.000000 25.774251 0.000000 0.000000 1.000000 0.000000
0.962842 -0.270066 0.000000 99.008150 0.270066 0.962842 0.000000 25.906418 0.000000 0.000000 1.000000 0.000000
0.962792 -0.270245 0.000000 99.398812 0.270245 0.962792 0.000000 26.021193 0.000000 0.000000 1.000000 0.000000
0.963005 -0.269484 0.000000 99.772093 0.269484 0.963005 0.000000 26.132766 0.000000 0.000000 1.000000 0.000000
0.964065 -0.265665 0.000000 100.168647 0.265665 0.964065 0.000000 26.213111 0.000000 0.000000 1.000000 0.000000
0.965070 -0.261991 0.000000 100.855123 0.261991 0.965070 0.000000 26.355381 0.000000 0.000000 1.000000 0.000000
0.965728 -0.259555 0.000000 101.488500 0.259555 0.965728 0.000000 26.505665 0.000000 0.000000 1.000000 0.000000
0.966036 -0.258408 0.000000 101.704974 0.258408 0.966036 0.000000 26.508028 0.000000 0.000000 1.000000 0.000000
0.966718 -0.255845 0.000000 101.928661 0.255845 0.966718 0.000000 26.453583 0.000000 0.000000 1.000000 0.000000
0.967333 -0.253510 0.000000 102.265613 0.253510 0.967333 0.000000 26.528382 0.000000 0.000000 1.000000 0.000000
0.968240 -0.250022 0.000000 102.720438 0.250022 0.968240 0.000000 26.644118 0.000000 0.000000 1.000000 0.000000
0.968598 -0.248634 0.000000 103.136416 0.248634 0.968598 0.000000 26.707581 0.000000 0.000000 1.000000 0.000000
0.968438 -0.249255 0.000000 103.716229 0.249255 0.968438 0.000000 26.838208 0.000000 0.000000 1.000000 0.000000
0.968623 -0.248534 0.000000 104.057054 0.248534 0.968623 0.000000 26.902538 0.000000 0.000000 1.000000 0.000000
0.968856 -0.247623 0.000000 104.791661 0.247623 0.968856 0.000000 27.138553 0.000000 0.000000 1.000000 0.000000
0.970238 -0.242152 0.000000 105.189542 0.242152 0.970238 0.000000 27.135549 0.000000 0.000000 1.000000 0.000000
0.970318 -0.241831 0.000000 105.570996 0.241831 0.970318 0.000000 27.211087 0.000000 0.000000 1.000000 0.000000
0.971074 -0.238777 0.000000 106.352276 0.238777 0.971074 0.000000 27.278593 0.000000 0.000000 1.000000 0.000000
0.970834 -0.239751 0.000000 106.837788 0.239751 0.970834 0.000000 27.336735 0.000000 0.000000 1.000000 0.000000
0.971846 -0.235617 0.000000 107.526827 0.235617 0.971846 0.000000 27.419110 0.000000 0.000000 1.000000 0.000000
0.971909 -0.235359 0.000000 107.981599 0.235359 0.971909 0.000000 27.544656 0.000000 0.000000 1.000000 0.000000
0.971977 -0.235076 0.000000 108.450487 0.235076 0.971977 0.000000 27.738217 0.000000 0.000000 1.000000 0.000000
0.971979 -0.235068 0.000000 108.858685 0.235068 0.971979 0.000000 27.807949 0.000000 0.000000 1.000000 0.000000
0.971681 -0.236297 0.000000 109.240300 0.236297 0.971681 0.000000 27.849514 0.000000 0.000000 1.000000 0.000000
0.972496 -0.232920 0.000000 109.542363 0.232920 0.972496 0.000000 27.920331 0.000000 0.000000 1.000000 0.000000
0.972530 -0.232776 0.000000 110.314442 0.232776 0.972530 0.000000 28.080309 0.000000 0.000000 1.000000 0.000000
0.972365 -0.233467 0.000000 110.820366 0.233467 0.972365 0.000000 28.048327 0.000000 0.000000 1.000000 0.000000
0.972288 -0.233788 0.000000 111.255127 0.233788 0.972288 0.000000 28.170460 0.000000 0.000000 1.000000 0.000000
0.972944 -0.231041 0.000000 111.587856 0.231041 0.972944 0.000000 28.287678 0.000000 0.000000 1.000000 0.000000
0.973295 -0.229558 0.000000 111.921889 0.229558 0.973295 0.000000 28.391773 0.000000 0.000000 1.000000 0.000000
0.973989 -0.226595 0.000000 112.336796 0.226595 0.973989 0.000000 28.455497 0.000000 0.000000 1.000000 0.000000
0.973795 -0.227426 0.000000 113.029789 0.227426 0.973795 0.000000 28.563187 0.000000 0.000000 1.000000 0.000000
0.974155 -0.225881 0.000000 113.602038 0.225881 0.974155 0.000000 28.677835 0.000000 0.000000 1.000000 0.000000
0.974882 -0.222723 0.000000 114.161039 0.222723 0.974882 0.000000 28.746017 0.000000 0.000000 1.000000 0.000000
0.975544 -0.219802 0.000000 114.610206 0.219802 0.975544 0.000000 28.851544 0.000000 0.000000 1.000000 0.000000
0.975908 -0.218181 0.000000 115.139563 0.218181 0.975908 0.000000 28.975649 0.000000 0.000000 1.000000 0.000000
0.976374 -0.216089 0.000000 115.760109 0.216089 0.976374 0.000000 29.024059 0.000000 0.000000 1.000000 0.000000
0.977909 -0.209032 0.000000 116.534670 0.209032 0.977909 0.000000 29.085199 0.000000 0.000000 1.000000 0.000000
0.978142 -0.207939 0.000000 116.981415 0.207939 0.978142 0.000000 29.149986 0.000000 0.000000 1.000000 0.000000
0.978511 -0.206194 0.000000 117.623373 0.206194 0.978511 0.000000 29.305787 0.000000 0.000000 1.000000 0.000000
0.978425 -0.206602 0.000000 118.022346 0.206602 0.978425 0.000000 29.379568 0.000000 0.000000 1.000000 0.000000
0.979073 -0.203508 0.000000 118.489241 0.203508 0.979073 0.000000 29.472911 0.000000 0.000000 1.000000 0.000000
0.979475 -0.201566 0.000000 118.925160 0.201566 0.979475 0.000000 29.509099 0.000000 0.000000 1.000000 0.000000
0.979861 -0.199683 0.000000 119.220336 0.199683 0.979861 0.000000 29.565689 0.000000 0.000000 1.000000 0.000000
0.979877 -0.199605 0.000000 119.744283 0.199605 0.979877 0.000000 29.657587 0.000000 0.000000 1.000000 0.000000
0.979974 -0.199125 0.000000 120.319068 0.199125 0.979974 0.000000 29.760598 0.000000 0.000000 1.000000 0.000000
0.979988 -0.199059 0.000000 121.265393 0.199059 0.979988 0.000000 29.984023 0.000000 0.000000 1.000000 0.000000
0.979271 -0.202554 0.000000 121.482952 0.202554 0.979271 0.000000 30.107941 0.000000 0.000000 1.000000 0.000000
0.979034 -0.203699 0.000000 122.494188 0.203699 0.979034 0.000000 30.376626 0.000000 0.000000 1.000000 0.000000
0.978964 -0.204035 0.000000 122.898885 0.204035 0.978964 0.000000 30.320638 0.000000 0.000000 1.000000 0.000000
0.979125 -0.203260 0.000000 123.297416 0.203260 0.979125 0.000000 30.424094 0.000000 0.000000 1.000000 0.000000
0.979343 -0.202205 0.000000 123.799516 0.202205 0.979343 0.000000 30.360207 0.000000 0.000000 1.000000 0.000000
0.979058 -0.203581 0.000000 124.263493 0.203581 0.979058 0.000000 30.519677 0.000000 0.000000 1.000000 0.000000
0.978985 -0.203934 0.000000 124.729110 0.203934 0.978985 0.000000 30.637658 0.000000 0.000000 1.000000 0.000000
0.978818 -0.204733 0.000000 125.161210 0.204733 0.978818 0.000000 30.760769 0.000000 0.000000 1.000000 0.000000
0.979061 -0.203565 0.000000 125.629652 0.203565 0.979061 0.000000 30.851357 0.000000 0.000000 1.000000 0.000000
0.978719 -0.205207 0.000000 125.884151 0.205207 0.978719 0.000000 30.730204 0.000000 0.000000 1.000000 0.000000
0.979183 -0.202977 0.000000 126.431584 0.202977 0.979183 0.000000 30.944815 0.000000 0.000000 1.000000 0.000000
0.978886 -0.204408 0.000000 126.779270 0.204408 0.978886 0.000000 31.170761 0.000000 0.000000 1.000000 0.000000
0.979147 -0.203152 0.000000 127.242009 0.203152 0.979147 0.000000 31.278610 0.000000 0.000000 1.000000 0.000000
0.979290 -0.202463 0.000000 127.338499 0.202463 0.979290 0.000000 31.381623 0.000000 0.000000 1.000000 0.000000
0.979915 -0.199417 0.000000 127.858983 0.199417 0.979915 0.000000 31.342440 0.000000 0.000000 1.000000 0.000000
0.979499 -0.201448 0.000000 128.370814 0.201448 0.979499 0.000000 31.574258 0.000000 0.000000 1.000000 0.000000
0.980158 -0.198216 0.000000 128.815277 0.198216 0.980158 0.000000 31.507218 0.000000 0.000000 1.000000 0.000000
0.980124 -0.198385 0.000000 129.496449 0.198385 0.980124 0.000000 31.637106 0.000000 0.000000 1.000000 0.000000
0.980494 -0.196550 0.000000 129.935772 0.196550 0.980494 0.000000 31.698492 0.000000 0.000000 1.000000 0.000000
0.981263 -0.192674 0.000000 130.278067 0.192674 0.981263 0.000000 31.661543 0.000000 0.000000 1.000000 0.000000
0.981238 -0.192800 0.000000 130.758591 0.192800 0.981238 0.000000 31.697384 0.000000 0.000000 1.000000 0.000000
0.981469 -0.191622 0.000000 131.323164 0.191622 0.981469 0.000000 31.798745 0.000000 0.000000 1.000000 0.000000
0.981857 -0.189621 0.000000 131.924032 0.189621 0.981857 0.000000 31.940186 0.000000 0.000000 1.000000 0.000000
0.983665 -0.180010 0.000000 135.839155 0.180010 0.983665 0.000000 32.495542 0.000000 0.000000 1.000000 0.000000
0.983238 -0.182328 0.000000 136.259145 0.182328 0.983238 0.000000 32.582893 0.000000 0.000000 1.000000 0.000000
0.982360 -0.187001 0.000000 137.509976 0.187001 0.982360 0.000000 32.805119 0.000000 0.000000 1.000000 0.000000
0.982699 -0.185210 0.000000 138.735955 0.185210 0.982699 0.000000 33.000239 0.000000 0.000000 1.000000 0.000000
0.982503 -0.186246 0.000000 139.345471 0.186246 0.982503 0.000000 33.080871 0.000000 0.000000 1.000000 0.000000
0.982174 -0.187973 0.000000 139.910832 0.187973 0.982174 0.000000 33.285721 0.000000 0.000000 1.000000 0.000000
0.982485 -0.186344 0.000000 140.377019 0.186344 0.982485 0.000000 33.286740 0.000000 0.000000 1.000000 0.000000
0.982625 -0.185604 0.000000 140.882569 0.185604 0.982625 0.000000 33.331308 0.000000 0.000000 1.000000 0.000000
0.982345 -0.187080 0.000000 141.542662 0.187080 0.982345 0.000000 33.541102 0.000000 0.000000 1.000000 0.000000
0.983120 -0.182962 0.000000 142.086356 0.182962 0.983120 0.000000 33.500682 0.000000 0.000000 1.000000 0.000000
0.982155 -0.188071 0.000000 142.857511 0.188071 0.982155 0.000000 33.656260 0.000000 0.000000 1.000000 0.000000
0.982060 -0.188569 0.000000 143.485778 0.188569 0.982060 0.000000 33.681913 0.000000 0.000000 1.000000 0.000000
0.981247 -0.192755 0.000000 144.405240 0.192755 0.981247 0.000000 33.904661 0.000000 0.000000 1.000000 0.000000
0.981338 -0.192292 0.000000 145.071087 0.192292 0.981338 0.000000 34.000667 0.000000 0.000000 1.000000 0.000000
0.980938 -0.194323 0.000000 145.659347 0.194323 0.980938 0.000000 34.061500 0.000000 0.000000 1.000000 0.000000
0.980461 -0.196713 0.000000 146.255410 0.196713 0.980461 0.000000 34.175274 0.000000 0.000000 1.000000 0.000000
0.979993 -0.199032 0.000000 147.013963 0.199032 0.979993 0.000000 34.225135 0.000000 0.000000 1.000000 0.000000
0.980116 -0.198424 0.000000 147.564382 0.198424 0.980116 0.000000 34.324205 0.000000 0.000000 1.000000 0.000000
0.980198 -0.198022 0.000000 148.166281 0.198022 0.980198 0.000000 34.496086 0.000000 0.000000 1.000000 0.000000
0.980396 -0.197039 0.000000 148.799721 0.197039 0.980396 0.000000 34.625123 0.000000 0.000000 1.000000 0.000000
0.980132 -0.198346 0.000000 149.524890 0.198346 0.980132 0.000000 34.741840 0.000000 0.000000 1.000000 0.000000
0.979901 -0.199485 0.000000 150.057730 0.199485 0.979901 0.000000 34.785029 0.000000 0.000000 1.000000 0.000000
0.979696 -0.200487 0.000000 150.639573 0.200487 0.979696 0.000000 34.845091 0.000000 0.000000 1.000000 0.000000
0.979264 -0.202590 0.000000 151.156923 0.202590 0.979264 0.000000 34.916904 0.000000 0.000000 1.000000 0.000000
0.978963 -0.204039 0.000000 151.744997 0.204039 0.978963 0.000000 35.009253 0.000000 0.000000 1.000000 0.000000
0.979108 -0.203342 0.000000 152.324616 0.203342 0.979108 0.000000 35.156292 0.000000 0.000000 1.000000 0.000000
0.978425 -0.206604 0.000000 152.873070 0.206604 0.978425 0.000000 35.224508 0.000000 0.000000 1.000000 0.000000
0.978669 -0.205445 0.000000 153.494965 0.205445 0.978669 0.000000 35.348999 0.000000 0.000000 1.000000 0.000000
0.977913 -0.209010 0.000000 154.519287 0.209010 0.977913 0.000000 35.560423 0.000000 0.000000 1.000000 0.000000
0.977578 -0.210575 0.000000 154.974248 0.210575 0.977578 0.000000 35.599444 0.000000 0.000000 1.000000 0.000000
0.977324 -0.211749 0.000000 155.524705 0.211749 0.977324 0.000000 35.727361 0.000000 0.000000 1.000000 0.000000
0.977558 -0.210665 0.000000 156.131815 0.210665 0.977558 0.000000 35.932579 0.000000 0.000000 1.000000 0.000000
0.977617 -0.210392 0.000000 156.693406 0.210392 0.977617 0.000000 36.041380 0.000000 0.000000 1.000000 0.000000
0.978036 -0.208438 0.000000 157.766392 0.208438 0.978036 0.000000 36.253484 0.000000 0.000000 1.000000 0.000000
0.978300 -0.207196 0.000000 158.540518 0.207196 0.978300 0.000000 36.281550 0.000000 0.000000 1.000000 0.000000
0.978286 -0.207261 0.000000 159.048934 0.207261 0.978286 0.000000 36.217937 0.000000 0.000000 1.000000 0.000000
0.978409 -0.206676 0.000000 159.700234 0.206676 0.978409 0.000000 36.391976 0.000000 0.000000 1.000000 0.000000
0.977875 -0.209192 0.000000 160.276900 0.209192 0.977875 0.000000 36.429430 0.000000 0.000000 1.000000 0.000000
0.993493 -0.113895 0.000000 159.559010 0.113895 0.993493 0.000000 36.182259 0.000000 0.000000 1.000000 0.000000
0.993266 -0.115859 0.000000 160.095385 0.115859 0.993266 0.000000 36.145225 0.000000 0.000000 1.000000 0.000000
0.993309 -0.115488 0.000000 160.706061 0.115488 0.993309 0.000000 36.260183 0.000000 0.000000 1.000000 0.000000
0.993227 -0.116188 0.000000 161.449228 0.116188 0.993227 0.000000 36.318553 0.000000 0.000000 1.000000 0.000000
0.993202 -0.116407 0.000000 162.094244 0.116407 0.993202 0.000000 36.482856 0.000000 0.000000 1.000000 0.000000
0.992950 -0.118535 0.000000 162.626978 0.118535 0.992950 0.000000 36.552065 0.000000 0.000000 1.000000 0.000000
0.992791 -0.119862 0.000000 163.197870 0.119862 0.992791 0.000000 36.597225 0.000000 0.000000 1.000000 0.000000
0.993121 -0.117094 0.000000 163.799233 0.117094 0.993121 0.000000 36.551435 0.000000 0.000000 1.000000 0.000000
0.992641 -0.121095 0.000000 164.453223 0.121095 0.992641 0.000000 36.599214 0.000000 0.000000 1.000000 0.000000
0.992843 -0.119426 0.000000 165.187058 0.119426 0.992843 0.000000 36.680549 0.000000 0.000000 1.000000 0.000000
0.992760 -0.120116 0.000000 165.792896 0.120116 0.992760 0.000000 36.713451 0.000000 0.000000 1.000000 0.000000
0.992613 -0.121320 0.000000 166.287187 0.121320 0.992613 0.000000 36.790665 0.000000 0.000000 1.000000 0.000000
0.992703 -0.120582 0.000000 166.809843 0.120582 0.992703 0.000000 36.888306 0.000000 0.000000 1.000000 0.000000
0.992527 -0.122024 0.000000 167.420566 0.122024 0.992527 0.000000 36.938215 0.000000 0.000000 1.000000 0.000000
0.992284 -0.123986 0.000000 167.979444 0.123986 0.992284 0.000000 36.912041 0.000000 0.000000 1.000000 0.000000
0.991909 -0.126948 0.000000 168.494885 0.126948 0.991909 0.000000 36.935194 0.000000 0.000000 1.000000 0.000000
0.991936 -0.126736 0.000000 169.089822 0.126736 0.991936 0.000000 36.942330 0.000000 0.000000 1.000000 0.000000
0.991951 -0.126619 0.000000 169.756428 0.126619 0.991951 0.000000 37.020887 0.000000 0.000000 1.000000 0.000000
0.991975 -0.126430 0.000000 170.491301 0.126430 0.991975 0.000000 37.182164 0.000000 0.000000 1.000000 0.000000
0.991756 -0.128142 0.000000 171.122261 0.128142 0.991756 0.000000 37.200194 0.000000 0.000000 1.000000 0.000000
0.991516 -0.129987 0.000000 171.951559 0.129987 0.991516 0.000000 37.283468 0.000000 0.000000 1.000000 0.000000
0.991498 -0.130121 0.000000 172.147883 0.130121 0.991498 0.000000 37.329336 0.000000 0.000000 1.000000 0.000000
0.991403 -0.130846 0.000000 172.887635 0.130846 0.991403 0.000000 37.378314 0.000000 0.000000 1.000000 0.000000
0.990762 -0.135613 0.000000 173.579231 0.135613 0.990762 0.000000 37.422779 0.000000 0.000000 1.000000 0.000000
0.991161 -0.132664 0.000000 174.164935 0.132664 0.991161 0.000000 37.464946 0.000000 0.000000 1.000000 0.000000
0.990993 -0.133917 0.000000 174.570712 0.133917 0.990993 0.000000 37.501778 0.000000 0.000000 1.000000 0.000000
0.991073 -0.133323 0.000000 175.179048 0.133323 0.991073 0.000000 37.634564 0.000000 0.000000 1.000000 0.000000
0.990899 -0.134608 0.000000 175.881356 0.134608 0.990899 0.000000 37.720394 0.000000 0.000000 1.000000 0.000000
0.990682 -0.136197 0.000000 176.518239 0.136197 0.990682 0.000000 37.678007 0.000000 0.000000 1.000000 0.000000
0.990621 -0.136641 0.000000 177.240836 0.136641 0.990621 0.000000 37.796752 0.000000 0.000000 1.000000 0.000000
0.990420 -0.138089 0.000000 177.960162 0.138089 0.990420 0.000000 37.856981 0.000000 0.000000 1.000000 0.000000
0.989986 -0.141164 0.000000 178.640443 0.141164 0.989986 0.000000 37.952578 0.000000 0.000000 1.000000 0.000000
0.990199 -0.139664 0.000000 179.250016 0.139664 0.990199 0.000000 38.047591 0.000000 0.000000 1.000000 0.000000
0.989865 -0.142012 0.000000 179.767944 0.142012 0.989865 0.000000 38.048145 0.000000 0.000000 1.000000 0.000000
0.990149 -0.140016 0.000000 180.464174 0.140016 0.990149 0.000000 38.149057 0.000000 0.000000 1.000000 0.000000
0.989721 -0.143011 0.000000 180.926579 0.143011 0.989721 0.000000 38.146044 0.000000 0.000000 1.000000 0.000000
0.990055 -0.140684 0.000000 181.528663 0.140684 0.990055 0.000000 38.249742 0.000000 0.000000 1.000000 0.000000
0.989798 -0.142477 0.000000 182.203846 0.142477 0.989798 0.000000 38.344553 0.000000 0.000000 1.000000 0.000000
0.989795 -0.142497 0.000000 182.947172 0.142497 0.989795 0.000000 38.427862 0.000000 0.000000 1.000000 0.000000
0.989651 -0.143495 0.000000 183.578820 0.143495 0.989651 0.000000 38.578025 0.000000 0.000000 1.000000 0.000000
0.989750 -0.142808 0.000000 184.076077 0.142808 0.989750 0.000000 38.647518 0.000000 0.000000 1.000000 0.000000
0.990080 -0.140507 0.000000 184.748482 0.140507 0.990080 0.000000 38.685463 0.000000 0.000000 1.000000 0.000000
0.989628 -0.143652 0.000000 185.388111 0.143652 0.989628 0.000000 38.842853 0.000000 0.000000 1.000000 0.000000
0.989713 -0.143068 0.000000 186.028553 0.143068 0.989713 0.000000 38.890760 0.000000 0.000000 1.000000 0.000000
0.989706 -0.143113 0.000000 186.811320 0.143113 0.989706 0.000000 39.020420 0.000000 0.000000 1.000000 0.000000
0.989651 -0.143497 0.000000 187.430278 0.143497 0.989651 0.000000 39.029963 0.000000 0.000000 1.000000 0.000000
0.990118 -0.140235 0.000000 188.051297 0.140235 0.990118 0.000000 39.134503 0.000000 0.000000 1.000000 0.000000
0.990418 -0.138101 0.000000 188.621445 0.138101 0.990418 0.000000 39.204186 0.000000 0.000000 1.000000 0.000000
0.990435 -0.137977 0.000000 189.096946 0.137977 0.990435 0.000000 39.248193 0.000000 0.000000 1.000000 0.000000
0.990798 -0.135348 0.000000 189.883990 0.135348 0.990798 0.000000 39.417284 0.000000 0.000000 1.000000 0.000000
0.990677 -0.136235 0.000000 190.493238 0.136235 0.990677 0.000000 39.495105 0.000000 0.000000 1.000000 0.000000
0.990500 -0.137515 0.000000 191.146167 0.137515 0.990500 0.000000 39.611092 0.000000 0.000000 1.000000 0.000000
0.989914 -0.141672 0.000000 191.772688 0.141672 0.989914 0.000000 39.676883 0.000000 0.000000 1.000000 0.000000
0.990066 -0.140606 0.000000 192.272704 0.140606 0.990066 0.000000 39.718882 0.000000 0.000000 1.000000 0.000000
0.989869 -0.141984 0.000000 193.419503 0.141984 0.989869 0.000000 39.850940 0.000000 0.000000 1.000000 0.000000
0.989551 -0.144185 0.000000 193.935871 0.144185 0.989551 0.000000 39.948644 0.000000 0.000000 1.000000 0.000000
0.989447 -0.144898 0.000000 194.929635 0.144898 0.989447 0.000000 40.020678 0.000000 0.000000 1.000000 0.000000
0.989522 -0.144383 0.000000 195.709452 0.144383 0.989522 0.000000 40.136947 0.000000 0.000000 1.000000 0.000000
0.989069 -0.147454 0.000000 196.745154 0.147454 0.989069 0.000000 40.265173 0.000000 0.000000 1.000000 0.000000
0.989014 -0.147820 0.000000 197.449133 0.147820 0.989014 0.000000 40.257133 0.000000 0.000000 1.000000 0.000000
0.989155 -0.146875 0.000000 198.161779 0.146875 0.989155 0.000000 40.340373 0.000000 0.000000 1.000000 0.000000
0.989327 -0.145715 0.000000 198.797777 0.145715 0.989327 0.000000 40.441026 0.000000 0.000000 1.000000 0.000000
0.989490 -0.144599 0.000000 199.455660 0.144599 0.989490 0.000000 40.543519 0.000000 0.000000 1.000000 0.000000
0.989293 -0.145944 0.000000 200.197028 0.145944 0.989293 0.000000 40.643550 0.000000 0.000000 1.000000 0.000000
0.989424 -0.145055 0.000000 200.927794 0.145055 0.989424 0.000000 40.734382 0.000000 0.000000 1.000000 0.000000
0.989828 -0.142269 0.000000 202.053355 0.142269 0.989828 0.000000 40.805016 0.000000 0.000000 1.000000 0.000000
0.989752 -0.142794 0.000000 202.604597 0.142794 0.989752 0.000000 40.832143 0.000000 0.000000 1.000000 0.000000
0.989646 -0.143530 0.000000 203.191764 0.143530 0.989646 0.000000 40.864837 0.000000 0.000000 1.000000 0.000000
0.989408 -0.145163 0.000000 203.650662 0.145163 0.989408 0.000000 40.994340 0.000000 0.000000 1.000000 0.000000
0.989322 -0.145748 0.000000 204.241612 0.145748 0.989322 0.000000 41.098456 0.000000 0.000000 1.000000 0.000000
0.989171 -0.146765 0.000000 204.960950 0.146765 0.989171 0.000000 41.199070 0.000000 0.000000 1.000000 0.000000
