1.000000 0.000129 0.000000 0.775249 -0.000129 1.000000 -0.000000 0.047855 -0.000000 0.000000 1.000000 0.000000
0.999997 0.002434 0.000000 1.349564 -0.002434 0.999997 -0.000000 0.047731 -0.000000 0.000000 1.000000 0.000000
0.999986 0.005251 0.000000 1.967748 -0.005251 0.999986 -0.000000 0.019464 -0.000000 0.000000 1.000000 0.000000
0.999968 0.008035 0.000000 2.588143 -0.008035 0.999968 -0.000000 0.043102 -0.000000 0.000000 1.000000 0.000000
0.999926 0.012132 0.000000 3.694888 -0.012132 0.999926 -0.000000 -0.005957 -0.000000 0.000000 1.000000 0.000000
0.999886 0.015130 0.000000 4.361256 -0.015130 0.999886 -0.000000 -0.014483 -0.000000 0.000000 1.000000 0.000000
0.999792 0.020396 0.000000 5.380022 -0.020396 0.999792 -0.000000 -0.027783 -0.000000 0.000000 1.000000 0.000000
0.999739 0.022847 0.000000 5.988580 -0.022847 0.999739 -0.000000 -0.044481 -0.000000 0.000000 1.000000 0.000000
0.999716 0.023851 0.000000 6.463050 -0.023851 0.999716 -0.000000 0.002152 -0.000000 0.000000 1.000000 0.000000
0.999706 0.024256 0.000000 6.880253 -0.024256 0.999706 -0.000000 0.123220 -0.000000 0.000000 1.000000 0.000000
0.999599 0.028318 0.000000 8.050902 -0.028318 0.999599 -0.000000 0.184837 -0.000000 0.000000 1.000000 0.000000
0.999437 0.033541 0.000000 8.468694 -0.033541 0.999437 -0.000000 0.134950 -0.000000 0.000000 1.000000 0.000000
0.999398 0.034703 0.000000 8.753596 -0.034703 0.999398 -0.000000 0.202615 -0.000000 0.000000 1.000000 0.000000
0.999232 0.039172 0.000000 9.375407 -0.039172 0.999232 -0.000000 0.167611 -0.000000 0.000000 1.000000 0.000000
0.999030 0.044024 0.000000 9.816815 -0.044024 0.999030 -0.000000 0.189530 -0.000000 0.000000 1.000000 0.000000
0.998694 0.051090 0.000000 10.537711 -0.051090 0.998694 -0.000000 0.086070 -0.000000 0.000000 1.000000 0.000000
0.998353 0.057369 0.000000 11.044690 -0.057369 0.998353 -0.000000 -0.000814 -0.000000 0.000000 1.000000 0.000000
0.997751 0.067033 0.000000 12.032976 -0.067033 0.997751 -0.000000 -0.114179 -0.000000 0.000000 1.000000 0.000000
0.997210 0.074642 0.000000 12.773302 -0.074642 0.997210 -0.000000 -0.203989 -0.000000 0.000000 1.000000 0.000000
0.996831 0.079548 0.000000 13.249074 -0.079548 0.996831 -0.000000 -0.214680 -0.000000 0.000000 1.000000 0.000000
0.996404 0.084728 0.000000 13.828075 -0.084728 0.996404 -0.000000 -0.213450 -0.000000 0.000000 1.000000 0.000000
0.995155 0.098315 0.000000 14.863257 -0.098315 0.995155 -0.000000 -0.237183 -0.000000 0.000000 1.000000 0.000000
0.994310 0.106529 0.000000 15.500565 -0.106529 0.994310 -0.000000 -0.358103 -0.000000 0.000000 1.000000 0.000000
0.993472 0.114073 0.000000 16.102938 -0.114073 0.993472 -0.000000 -0.433756 -0.000000 0.000000 1.000000 0.000000
0.992521 0.122070 0.000000 16.791271 -0.122070 0.992521 -0.000000 -0.488467 -0.000000 0.000000 1.000000 0.000000
0.991926 0.126818 0.000000 16.978703 -0.126818 0.991926 -0.000000 -0.477873 -0.000000 0.000000 1.000000 0.000000
0.991204 0.132342 0.000000 17.481478 -0.132342 0.991204 -0.000000 -0.532532 -0.000000 0.000000 1.000000 0.000000
0.990517 0.137390 0.000000 17.921068 -0.137390 0.990517 -0.000000 -0.613015 -0.000000 0.000000 1.000000 0.000000
0.989618 0.143724 0.000000 18.571439 -0.143724 0.989618 -0.000000 -0.781592 -0.000000 0.000000 1.000000 0.000000
0.988611 0.150492 0.000000 19.212113 -0.150492 0.988611 -0.000000 -0.857499 -0.000000 0.000000 1.000000 0.000000
0.986826 0.161787 0.000000 19.962356 -0.161787 0.986826 -0.000000 -1.094235 -0.000000 0.000000 1.000000 0.000000
0.985566 0.169290 0.000000 20.397728 -0.169290 0.985566 -0.000000 -1.276270 -0.000000 0.000000 1.000000 0.000000
0.984438 0.175732 0.000000 21.147513 -0.175732 0.984438 -0.000000 -1.410716 -0.000000 0.000000 1.000000 0.000000
0.983354 0.181700 0.000000 21.748133 -0.181700 0.983354 -0.000000 -1.460276 -0.000000 0.000000 1.000000 0.000000
0.981958 0.189100 0.000000 22.576212 -0.189100 0.981958 -0.000000 -1.666330 -0.000000 0.000000 1.000000 0.000000
0.980654 0.195748 0.000000 23.129154 -0.195748 0.980654 -0.000000 -1.707654 -0.000000 0.000000 1.000000 0.000000
0.979627 0.200824 0.000000 23.453018 -0.200824 0.979627 -0.000000 -1.698724 -0.000000 0.000000 1.000000 0.000000
0.978147 0.207913 0.000000 23.998314 -0.207913 0.978147 -0.000000 -1.818768 -0.000000 0.000000 1.000000 0.000000
0.976307 0.216389 0.000000 24.572677 -0.216389 0.976307 -0.000000 -2.020858 -0.000000 0.000000 1.000000 0.000000
0.974573 0.224069 0.000000 25.120250 -0.224069 0.974573 -0.000000 -2.124420 -0.000000 0.000000 1.000000 0.000000
0.972483 0.232973 0.000000 25.935910 -0.232973 0.972483 -0.000000 -2.325596 -0.000000 0.000000 1.000000 0.000000
0.971069 0.238797 0.000000 26.293873 -0.238797 0.971069 -0.000000 -2.326493 -0.000000 0.000000 1.000000 0.000000
0.969480 0.245172 0.000000 26.805594 -0.245172 0.969480 -0.000000 -2.454402 -0.000000 0.000000 1.000000 0.000000
0.967738 0.251959 0.000000 27.389673 -0.251959 0.967738 -0.000000 -2.597258 -0.000000 0.000000 1.000000 0.000000
0.966238 0.257652 0.000000 27.894108 -0.257652 0.966238 -0.000000 -2.728255 -0.000000 0.000000 1.000000 0.000000
0.962741 0.270425 0.000000 28.665229 -0.270425 0.962741 -0.000000 -2.983336 -0.000000 0.000000 1.000000 0.000000
0.961156 0.276007 0.000000 29.186920 -0.276007 0.961156 -0.000000 -3.188970 -0.000000 0.000000 1.000000 0.000000
0.959303 0.282379 0.000000 29.828674 -0.282379 0.959303 -0.000000 -3.353578 -0.000000 0.000000 1.000000 0.000000
0.955665 0.294458 0.000000 30.453127 -0.294458 0.955665 -0.000000 -3.609639 -0.000000 0.000000 1.000000 0.000000
0.954153 0.299320 0.000000 30.826912 -0.299320 0.954153 -0.000000 -3.846088 -0.000000 0.000000 1.000000 0.000000
0.952452 0.304687 0.000000 31.322113 -0.304687 0.952452 -0.000000 -3.932062 -0.000000 0.000000 1.000000 0.000000
0.949337 0.314259 0.000000 32.104545 -0.314259 0.949337 -0.000000 -4.197375 -0.000000 0.000000 1.000000 0.000000
0.947571 0.319546 0.000000 32.577461 -0.319546 0.947571 -0.000000 -4.359857 -0.000000 0.000000 1.000000 0.000000
0.947648 0.319316 0.000000 32.650555 -0.319316 0.947648 -0.000000 -4.413515 -0.000000 0.000000 1.000000 0.000000
0.946373 0.323076 0.000000 32.872183 -0.323076 0.946373 -0.000000 -4.526819 -0.000000 0.000000 1.000000 0.000000
0.946122 0.323810 0.000000 33.178766 -0.323810 0.946122 -0.000000 -4.559257 -0.000000 0.000000 1.000000 0.000000
0.943079 0.332569 0.000000 34.008824 -0.332569 0.943079 -0.000000 -4.827745 -0.000000 0.000000 1.000000 0.000000
0.941790 0.336202 0.000000 34.296877 -0.336202 0.941790 -0.000000 -4.955580 -0.000000 0.000000 1.000000 0.000000
0.939736 0.341900 0.000000 34.865626 -0.341900 0.939736 -0.000000 -5.270565 -0.000000 0.000000 1.000000 0.000000
0.938030 0.346553 0.000000 35.438401 -0.346553 0.938030 -0.000000 -5.488238 -0.000000 0.000000 1.000000 0.000000
0.935533 0.353239 0.000000 36.189684 -0.353239 0.935533 -0.000000 -5.724905 -0.000000 0.000000 1.000000 0.000000
0.932658 0.360762 0.000000 36.715998 -0.360762 0.932658 -0.000000 -5.930873 -0.000000 0.000000 1.000000 0.000000
0.930925 0.365211 0.000000 37.181091 -0.365211 0.930925 -0.000000 -6.161535 -0.000000 0.000000 1.000000 0.000000
0.929269 0.369404 0.000000 37.678693 -0.369404 0.929269 -0.000000 -6.369741 -0.000000 0.000000 1.000000 0.000000
0.926458 0.376398 0.000000 38.275739 -0.376398 0.926458 -0.000000 -6.602150 -0.000000 0.000000 1.000000 0.000000
0.924288 0.381696 0.000000 38.765474 -0.381696 0.924288 -0.000000 -6.800132 -0.000000 0.000000 1.000000 0.000000
0.920912 0.389770 0.000000 39.196298 -0.389770 0.920912 -0.000000 -7.048415 -0.000000 0.000000 1.000000 0.000000
0.918791 0.394745 0.000000 39.757563 -0.394745 0.918791 -0.000000 -7.141512 -0.000000 0.000000 1.000000 0.000000
0.916808 0.399327 0.000000 40.232327 -0.399327 0.916808 -0.000000 -7.246926 -0.000000 0.000000 1.000000 0.000000
0.915438 0.402459 0.000000 40.582545 -0.402459 0.915438 -0.000000 -7.351020 -0.000000 0.000000 1.000000 0.000000
0.913823 0.406113 0.000000 41.031302 -0.406113 0.913823 -0.000000 -7.385272 -0.000000 0.000000 1.000000 0.000000
0.910611 0.413264 0.000000 41.747193 -0.413264 0.910611 -0.000000 -7.670883 -0.000000 0.000000 1.000000 0.000000
0.906353 0.422521 0.000000 42.503062 -0.422521 0.906353 -0.000000 -7.961562 -0.000000 0.000000 1.000000 0.000000
0.904275 0.426950 0.000000 42.962553 -0.426950 0.904275 -0.000000 -8.096890 -0.000000 0.000000 1.000000 0.000000
0.899442 0.437040 0.000000 43.820723 -0.437040 0.899442 -0.000000 -8.617747 -0.000000 0.000000 1.000000 0.000000
0.896261 0.443526 0.000000 44.678235 -0.443526 0.896261 -0.000000 -8.850303 -0.000000 0.000000 1.000000 0.000000
0.892780 0.450492 0.000000 45.319846 -0.450492 0.892780 -0.000000 -9.056440 -0.000000 0.000000 1.000000 0.000000
0.893235 0.449591 0.000000 45.541806 -0.449591 0.893235 -0.000000 -9.144111 -0.000000 0.000000 1.000000 0.000000
0.890702 0.454587 0.000000 45.785321 -0.454587 0.890702 -0.000000 -9.376302 -0.000000 0.000000 1.000000 0.000000
0.888572 0.458738 0.000000 46.316837 -0.458738 0.888572 -0.000000 -9.650654 -0.000000 0.000000 1.000000 0.000000
0.885471 0.464695 0.000000 47.067419 -0.464695 0.885471 -0.000000 -10.124536 -0.000000 0.000000 1.000000 0.000000
0.883956 0.467569 0.000000 47.497347 -0.467569 0.883956 -0.000000 -10.311648 -0.000000 0.000000 1.000000 0.000000
0.883189 0.469017 0.000000 48.019319 -0.469017 0.883189 -0.000000 -10.498613 -0.000000 0.000000 1.000000 0.000000
0.880709 0.473657 0.000000 48.509296 -0.473657 0.880709 -0.000000 -10.780831 -0.000000 0.000000 1.000000 0.000000
0.878322 0.478069 0.000000 49.061665 -0.478069 0.878322 -0.000000 -11.097134 -0.000000 0.000000 1.000000 0.000000
0.876340 0.481693 0.000000 49.524973 -0.481693 0.876340 -0.000000 -11.192794 -0.000000 0.000000 1.000000 0.000000
0.874133 0.485687 0.000000 49.993115 -0.485687 0.874133 -0.000000 -11.442237 -0.000000 0.000000 1.000000 0.000000
0.872309 0.488955 0.000000 50.421345 -0.488955 0.872309 -0.000000 -11.681946 -0.000000 0.000000 1.000000 0.000000
0.871022 0.491244 0.000000 50.820433 -0.491244 0.871022 -0.000000 -11.853633 -0.000000 0.000000 1.000000 0.000000
0.869176 0.494504 0.000000 51.370848 -0.494504 0.869176 -0.000000 -12.031350 -0.000000 0.000000 1.000000 0.000000
0.865745 0.500485 0.000000 51.731433 -0.500485 0.865745 -0.000000 -12.239569 -0.000000 0.000000 1.000000 0.000000
0.864903 0.501940 0.000000 52.095697 -0.501940 0.864903 -0.000000 -12.479473 -0.000000 0.000000 1.000000 0.000000
0.864612 0.502440 0.000000 52.462385 -0.502440 0.864612 -0.000000 -12.664130 -0.000000 0.000000 1.000000 0.000000
0.857702 0.514147 0.000000 53.123216 -0.514147 0.857702 -0.000000 -13.138904 -0.000000 0.000000 1.000000 0.000000
0.857249 0.514902 0.000000 53.366135 -0.514902 0.857249 -0.000000 -13.183915 -0.000000 0.000000 1.000000 0.000000
0.856006 0.516965 0.000000 53.663967 -0.516965 0.856006 -0.000000 -13.431778 -0.000000 0.000000 1.000000 0.000000
0.852597 0.522568 0.000000 53.834840 -0.522568 0.852597 -0.000000 -13.625335 -0.000000 0.000000 1.000000 0.000000
0.848572 0.529080 0.000000 54.307300 -0.529080 0.848572 -0.000000 -13.979977 -0.000000 0.000000 1.000000 0.000000
0.845249 0.534373 0.000000 54.502389 -0.534373 0.845249 -0.000000 -14.110832 -0.000000 0.000000 1.000000 0.000000
0.842112 0.539302 0.000000 54.848177 -0.539302 0.842112 -0.000000 -14.339738 -0.000000 0.000000 1.000000 0.000000
0.839573 0.543247 0.000000 55.008214 -0.543247 0.839573 -0.000000 -14.482134 -0.000000 0.000000 1.000000 0.000000
0.837473 0.546478 0.000000 55.276112 -0.546478 0.837473 -0.000000 -14.660892 -0.000000 0.000000 1.000000 0.000000
0.834543 0.550943 0.000000 55.608464 -0.550943 0.834543 -0.000000 -14.883832 -0.000000 0.000000 1.000000 0.000000
0.830954 0.556341 0.000000 56.042388 -0.556341 0.830954 -0.000000 -15.139617 -0.000000 0.000000 1.000000 0.000000
0.828680 0.559723 0.000000 56.386030 -0.559723 0.828680 -0.000000 -15.346722 -0.000000 0.000000 1.000000 0.000000
0.826316 0.563207 0.000000 56.658721 -0.563207 0.826316 -0.000000 -15.481335 -0.000000 0.000000 1.000000 0.000000
0.823956 0.566653 0.000000 56.941738 -0.566653 0.823956 -0.000000 -15.796372 -0.000000 0.000000 1.000000 0.000000
0.821671 0.569962 0.000000 57.274517 -0.569962 0.821671 -0.000000 -15.936637 -0.000000 0.000000 1.000000 0.000000
0.817536 0.575878 0.000000 57.798483 -0.575878 0.817536 -0.000000 -16.315270 -0.000000 0.000000 1.000000 0.000000
0.814782 0.579768 0.000000 58.178284 -0.579768 0.814782 -0.000000 -16.631562 -0.000000 0.000000 1.000000 0.000000
0.814659 0.579940 0.000000 58.426081 -0.579940 0.814659 -0.000000 -16.801254 -0.000000 0.000000 1.000000 0.000000
0.811956 0.583718 0.000000 58.721303 -0.583718 0.811956 -0.000000 -17.131457 -0.000000 0.000000 1.000000 0.000000
0.808675 0.588256 0.000000 58.900969 -0.588256 0.808675 -0.000000 -17.332442 -0.000000 0.000000 1.000000 0.000000
0.807750 0.589526 0.000000 59.151342 -0.589526 0.807750 -0.000000 -17.519823 -0.000000 0.000000 1.000000 0.000000
0.804816 0.593525 0.000000 59.546494 -0.593525 0.804816 -0.000000 -17.795293 -0.000000 0.000000 1.000000 0.000000
0.803605 0.595163 0.000000 59.815584 -0.595163 0.803605 -0.000000 -17.949634 -0.000000 0.000000 1.000000 0.000000
0.798857 0.601521 0.000000 60.171768 -0.601521 0.798857 -0.000000 -18.374043 -0.000000 0.000000 1.000000 0.000000
0.798600 0.601862 0.000000 60.367989 -0.601862 0.798600 -0.000000 -18.551091 -0.000000 0.000000 1.000000 0.000000
0.795340 0.606163 0.000000 60.606071 -0.606163 0.795340 -0.000000 -18.747861 -0.000000 0.000000 1.000000 0.000000
0.793137 0.609043 0.000000 60.840507 -0.609043 0.793137 -0.000000 -18.935461 -0.000000 0.000000 1.000000 0.000000
0.790603 0.612329 0.000000 61.361350 -0.612329 0.790603 -0.000000 -19.271255 -0.000000 0.000000 1.000000 0.000000
0.788972 0.614429 0.000000 61.451612 -0.614429 0.788972 -0.000000 -19.394123 -0.000000 0.000000 1.000000 0.000000
0.787053 0.616886 0.000000 61.760201 -0.616886 0.787053 -0.000000 -19.600805 -0.000000 0.000000 1.000000 0.000000
0.783631 0.621227 0.000000 62.175721 -0.621227 0.783631 -0.000000 -19.843734 -0.000000 0.000000 1.000000 0.000000
0.781725 0.623623 0.000000 62.514574 -0.623623 0.781725 -0.000000 -20.006743 -0.000000 0.000000 1.000000 0.000000
0.780904 0.624651 0.000000 62.729756 -0.624651 0.780904 -0.000000 -20.232446 -0.000000 0.000000 1.000000 0.000000
0.780189 0.625544 0.000000 62.911273 -0.625544 0.780189 -0.000000 -20.407719 -0.000000 0.000000 1.000000 0.000000
0.778269 0.627931 0.000000 63.177336 -0.627931 0.778269 -0.000000 -20.571126 -0.000000 0.000000 1.000000 0.000000
0.777392 0.629017 0.000000 63.363915 -0.629017 0.777392 -0.000000 -20.739001 -0.000000 0.000000 1.000000 0.000000
0.779234 0.626733 0.000000 63.461995 -0.626733 0.779234 -0.000000 -20.853479 -0.000000 0.000000 1.000000 0.000000
0.773006 0.634398 0.000000 63.795585 -0.634398 0.773006 -0.000000 -21.071443 -0.000000 0.000000 1.000000 0.000000
0.773099 0.634285 0.000000 63.971095 -0.634285 0.773099 -0.000000 -21.159645 -0.000000 0.000000 1.000000 0.000000
0.773395 0.633924 0.000000 64.219478 -0.633924 0.773395 -0.000000 -21.375316 -0.000000 0.000000 1.000000 0.000000
0.772984 0.634425 0.000000 64.417522 -0.634425 0.772984 -0.000000 -21.495774 -0.000000 0.000000 1.000000 0.000000
0.771940 0.635695 0.000000 64.569175 -0.635695 0.771940 -0.000000 -21.627775 -0.000000 0.000000 1.000000 0.000000
0.771689 0.636000 0.000000 64.521222 -0.636000 0.771689 -0.000000 -21.588104 -0.000000 0.000000 1.000000 0.000000
0.770933 0.636916 0.000000 64.676171 -0.636916 0.770933 -0.000000 -21.728374 -0.000000 0.000000 1.000000 0.000000
0.769146 0.639073 0.000000 65.238556 -0.639073 0.769146 -0.000000 -21.988050 -0.000000 0.000000 1.000000 0.000000
0.767220 0.641384 0.000000 65.396191 -0.641384 0.767220 -0.000000 -22.119020 -0.000000 0.000000 1.000000 0.000000
0.763952 0.645273 0.000000 65.755287 -0.645273 0.763952 -0.000000 -22.369965 -0.000000 0.000000 1.000000 0.000000
0.764237 0.644935 0.000000 65.903698 -0.644935 0.764237 -0.000000 -22.532894 -0.000000 0.000000 1.000000 0.000000
0.763436 0.645883 0.000000 66.085446 -0.645883 0.763436 -0.000000 -22.650983 -0.000000 0.000000 1.000000 0.000000
0.761520 0.648142 0.000000 66.220369 -0.648142 0.761520 -0.000000 -22.799286 -0.000000 0.000000 1.000000 0.000000
0.761190 0.648529 0.000000 66.337935 -0.648529 0.761190 -0.000000 -22.891092 -0.000000 0.000000 1.000000 0.000000
0.755549 0.655092 0.000000 66.329304 -0.655092 0.755549 -0.000000 -23.077356 -0.000000 0.000000 1.000000 0.000000
0.756762 0.653691 0.000000 66.449293 -0.653691 0.756762 -0.000000 -23.072476 -0.000000 0.000000 1.000000 0.000000
0.755442 0.655215 0.000000 66.623938 -0.655215 0.755442 -0.000000 -23.156586 -0.000000 0.000000 1.000000 0.000000
0.753378 0.657587 0.000000 66.893961 -0.657587 0.753378 -0.000000 -23.309881 -0.000000 0.000000 1.000000 0.000000
0.751393 0.659855 0.000000 67.053491 -0.659855 0.751393 -0.000000 -23.428230 -0.000000 0.000000 1.000000 0.000000
0.745959 0.665992 0.000000 67.312454 -0.665992 0.745959 -0.000000 -23.671349 -0.000000 0.000000 1.000000 0.000000
0.741658 0.670778 0.000000 67.552270 -0.670778 0.741658 -0.000000 -23.861701 -0.000000 0.000000 1.000000 0.000000
0.740067 0.672533 0.000000 67.709883 -0.672533 0.740067 -0.000000 -23.997410 -0.000000 0.000000 1.000000 0.000000
0.737529 0.675315 0.000000 67.776702 -0.675315 0.737529 -0.000000 -24.049905 -0.000000 0.000000 1.000000 0.000000
0.737619 0.675217 0.000000 67.922728 -0.675217 0.737619 -0.000000 -24.193769 -0.000000 0.000000 1.000000 0.000000
0.736064 0.676912 0.000000 68.167134 -0.676912 0.736064 -0.000000 -24.321719 -0.000000 0.000000 1.000000 0.000000
0.734400 0.678717 0.000000 68.325759 -0.678717 0.734400 -0.000000 -24.489885 -0.000000 0.000000 1.000000 0.000000
0.729566 0.683911 0.000000 68.249654 -0.683911 0.729566 -0.000000 -24.570387 -0.000000 0.000000 1.000000 0.000000
0.727751 0.685841 0.000000 68.366179 -0.685841 0.727751 -0.000000 -24.620116 -0.000000 0.000000 1.000000 0.000000
0.725130 0.688612 0.000000 68.528164 -0.688612 0.725130 -0.000000 -24.742339 -0.000000 0.000000 1.000000 0.000000
0.722855 0.691000 0.000000 68.547097 -0.691000 0.722855 -0.000000 -24.787834 -0.000000 0.000000 1.000000 0.000000
0.722057 0.691833 0.000000 68.759409 -0.691833 0.722057 -0.000000 -24.826107 -0.000000 0.000000 1.000000 0.000000
0.720204 0.693762 0.000000 68.936871 -0.693762 0.720204 -0.000000 -25.004972 -0.000000 0.000000 1.000000 0.000000
0.718057 0.695984 0.000000 69.125933 -0.695984 0.718057 -0.000000 -25.315828 -0.000000 0.000000 1.000000 0.000000
0.714813 0.699316 0.000000 69.441295 -0.699316 0.714813 -0.000000 -25.575910 -0.000000 0.000000 1.000000 0.000000
0.712684 0.701486 0.000000 69.492713 -0.701486 0.712684 -0.000000 -25.709874 -0.000000 0.000000 1.000000 0.000000
0.709360 0.704846 0.000000 69.819624 -0.704846 0.709360 -0.000000 -26.055208 -0.000000 0.000000 1.000000 0.000000
0.706394 0.707819 0.000000 70.082363 -0.707819 0.706394 -0.000000 -26.211965 -0.000000 0.000000 1.000000 0.000000
0.703341 0.710853 0.000000 70.250872 -0.710853 0.703341 -0.000000 -26.395001 -0.000000 0.000000 1.000000 0.000000
0.701351 0.712816 0.000000 70.436203 -0.712816 0.701351 -0.000000 -26.586675 -0.000000 0.000000 1.000000 0.000000
0.697412 0.716671 0.000000 70.722473 -0.716671 0.697412 -0.000000 -26.883021 -0.000000 0.000000 1.000000 0.000000
0.694953 0.719055 0.000000 70.901512 -0.719055 0.694953 -0.000000 -27.079694 -0.000000 0.000000 1.000000 0.000000
0.695675 0.718356 0.000000 71.121836 -0.718356 0.695675 -0.000000 -27.167026 -0.000000 0.000000 1.000000 0.000000
0.692646 0.721277 0.000000 71.244016 -0.721277 0.692646 -0.000000 -27.398869 -0.000000 0.000000 1.000000 0.000000
0.694640 0.719358 0.000000 71.571215 -0.719358 0.694640 -0.000000 -27.471069 -0.000000 0.000000 1.000000 0.000000
0.691584 0.722296 0.000000 71.721026 -0.722296 0.691584 -0.000000 -27.637070 -0.000000 0.000000 1.000000 0.000000
0.687002 0.726656 0.000000 71.743310 -0.726656 0.687002 -0.000000 -27.841206 -0.000000 0.000000 1.000000 0.000000
0.680297 0.732936 0.000000 71.839110 -0.732936 0.680297 -0.000000 -28.288984 -0.000000 0.000000 1.000000 0.000000
0.677542 0.735484 0.000000 72.067270 -0.735484 0.677542 -0.000000 -28.530420 -0.000000 0.000000 1.000000 0.000000
0.674832 0.737972 0.000000 72.232797 -0.737972 0.674832 -0.000000 -28.714997 -0.000000 0.000000 1.000000 0.000000
0.673245 0.739420 0.000000 72.265296 -0.739420 0.673245 -0.000000 -28.951723 -0.000000 0.000000 1.000000 0.000000
0.670925 0.741525 0.000000 72.442597 -0.741525 0.670925 -0.000000 -29.156387 -0.000000 0.000000 1.000000 0.000000
0.672283 0.740294 0.000000 72.589917 -0.740294 0.672283 -0.000000 -29.213783 -0.000000 0.000000 1.000000 0.000000
0.670810 0.741629 0.000000 72.716285 -0.741629 0.670810 -0.000000 -29.429013 -0.000000 0.000000 1.000000 0.000000
0.667693 0.744437 0.000000 72.725217 -0.744437 0.667693 -0.000000 -29.655239 -0.000000 0.000000 1.000000 0.000000
0.666651 0.745370 0.000000 72.693023 -0.745370 0.666651 -0.000000 -29.813565 -0.000000 0.000000 1.000000 0.000000
0.666062 0.745897 0.000000 73.007851 -0.745897 0.666062 -0.000000 -30.077826 -0.000000 0.000000 1.000000 0.000000
0.666499 0.745506 0.000000 73.168242 -0.745506 0.666499 -0.000000 -30.278884 -0.000000 0.000000 1.000000 0.000000
0.667469 0.744638 0.000000 73.323865 -0.744638 0.667469 -0.000000 -30.531923 -0.000000 0.000000 1.000000 0.000000
0.665547 0.746356 0.000000 73.520599 -0.746356 0.665547 -0.000000 -30.927211 -0.000000 0.000000 1.000000 0.000000
0.668669 0.743560 0.000000 73.685008 -0.743560 0.668669 -0.000000 -31.077607 -0.000000 0.000000 1.000000 0.000000
0.670939 0.741512 0.000000 73.827381 -0.741512 0.670939 -0.000000 -31.201789 -0.000000 0.000000 1.000000 0.000000
0.672266 0.740310 0.000000 73.998403 -0.740310 0.672266 -0.000000 -31.397964 -0.000000 0.000000 1.000000 0.000000
0.673835 0.738882 0.000000 73.983809 -0.738882 0.673835 -0.000000 -31.443456 -0.000000 0.000000 1.000000 0.000000
0.674334 0.738427 0.000000 74.130410 -0.738427 0.674334 -0.000000 -31.611236 -0.000000 0.000000 1.000000 0.000000
0.674849 0.737956 0.000000 74.547769 -0.737956 0.674849 -0.000000 -31.952215 -0.000000 0.000000 1.000000 0.000000
0.677141 0.735854 0.000000 74.740714 -0.735854 0.677141 -0.000000 -32.106793 -0.000000 0.000000 1.000000 0.000000
0.679607 0.733576 0.000000 74.832348 -0.733576 0.679607 -0.000000 -32.195606 -0.000000 0.000000 1.000000 0.000000
0.680644 0.732614 0.000000 75.066128 -0.732614 0.680644 -0.000000 -32.349500 -0.000000 0.000000 1.000000 0.000000
0.683270 0.730166 0.000000 75.251958 -0.730166 0.683270 -0.000000 -32.454546 -0.000000 0.000000 1.000000 0.000000
0.682215 0.731152 0.000000 75.312863 -0.731152 0.682215 -0.000000 -32.703397 -0.000000 0.000000 1.000000 0.000000
0.684017 0.729466 0.000000 75.527081 -0.729466 0.684017 -0.000000 -32.953573 -0.000000 0.000000 1.000000 0.000000
0.687490 0.726194 0.000000 75.700100 -0.726194 0.687490 -0.000000 -33.127282 -0.000000 0.000000 1.000000 0.000000
0.687020 0.726639 0.000000 75.838794 -0.726639 0.687020 -0.000000 -33.288033 -0.000000 0.000000 1.000000 0.000000
0.688602 0.725139 0.000000 76.027484 -0.725139 0.688602 -0.000000 -33.519489 -0.000000 0.000000 1.000000 0.000000
0.690914 0.722937 0.000000 76.135980 -0.722937 0.690914 -0.000000 -33.602466 -0.000000 0.000000 1.000000 0.000000
0.694151 0.719829 0.000000 76.248102 -0.719829 0.694151 -0.000000 -33.709985 -0.000000 0.000000 1.000000 0.000000
0.696911 0.717158 0.000000 76.365385 -0.717158 0.696911 -0.000000 -33.842789 -0.000000 0.000000 1.000000 0.000000
0.703487 0.710708 0.000000 76.609660 -0.710708 0.703487 -0.000000 -34.141367 -0.000000 0.000000 1.000000 0.000000
0.707483 0.706730 0.000000 76.652487 -0.706730 0.707483 -0.000000 -34.242824 -0.000000 0.000000 1.000000 0.000000
0.710409 0.703789 0.000000 76.847855 -0.703789 0.710409 -0.000000 -34.396622 -0.000000 0.000000 1.000000 0.000000
0.715285 0.698833 0.000000 77.195349 -0.698833 0.715285 -0.000000 -34.712000 -0.000000 0.000000 1.000000 0.000000
0.723414 0.690414 0.000000 77.417842 -0.690414 0.723414 -0.000000 -34.935414 -0.000000 0.000000 1.000000 0.000000
0.728727 0.684805 0.000000 77.631320 -0.684805 0.728727 -0.000000 -35.030662 -0.000000 0.000000 1.000000 0.000000
0.735747 0.677256 0.000000 77.694600 -0.677256 0.735747 -0.000000 -35.054211 -0.000000 0.000000 1.000000 0.000000
0.741660 0.670776 0.000000 77.878222 -0.670776 0.741660 -0.000000 -35.331358 -0.000000 0.000000 1.000000 0.000000
0.746281 0.665631 0.000000 77.894190 -0.665631 0.746281 -0.000000 -35.430148 -0.000000 0.000000 1.000000 0.000000
0.753256 0.657727 0.000000 78.062036 -0.657727 0.753256 -0.000000 -35.380465 -0.000000 0.000000 1.000000 0.000000
0.756103 0.654452 0.000000 78.253672 -0.654452 0.756103 -0.000000 -35.442762 -0.000000 0.000000 1.000000 0.000000
0.761573 0.648079 0.000000 78.297642 -0.648079 0.761573 -0.000000 -35.496086 -0.000000 0.000000 1.000000 0.000000
0.767315 0.641270 0.000000 78.609525 -0.641270 0.767315 -0.000000 -35.745965 -0.000000 0.000000 1.000000 0.000000
0.770748 0.637140 0.000000 78.752778 -0.637140 0.770748 -0.000000 -35.733932 -0.000000 0.000000 1.000000 0.000000
0.774950 0.632023 0.000000 78.797184 -0.632023 0.774950 -0.000000 -35.744501 -0.000000 0.000000 1.000000 0.000000
0.778551 0.627581 0.000000 79.037383 -0.627581 0.778551 -0.000000 -35.931529 -0.000000 0.000000 1.000000 0.000000
0.783040 0.621971 0.000000 79.166913 -0.621971 0.783040 -0.000000 -36.007151 -0.000000 0.000000 1.000000 0.000000
0.783475 0.621423 0.000000 79.199058 -0.621423 0.783475 -0.000000 -36.183239 -0.000000 0.000000 1.000000 0.000000
0.788719 0.614754 0.000000 79.336158 -0.614754 0.788719 -0.000000 -36.299187 -0.000000 0.000000 1.000000 0.000000
0.790198 0.612852 0.000000 79.404704 -0.612852 0.790198 -0.000000 -36.457296 -0.000000 0.000000 1.000000 0.000000
0.794230 0.607617 0.000000 79.487824 -0.607617 0.794230 -0.000000 -36.461000 -0.000000 0.000000 1.000000 0.000000
0.794685 0.607022 0.000000 79.504040 -0.607022 0.794685 -0.000000 -36.610612 -0.000000 0.000000 1.000000 0.000000
0.795470 0.605992 0.000000 79.494971 -0.605992 0.795470 -0.000000 -36.582230 -0.000000 0.000000 1.000000 0.000000
0.798631 0.601821 0.000000 79.714312 -0.601821 0.798631 -0.000000 -36.667554 -0.000000 0.000000 1.000000 0.000000
0.799688 0.600416 0.000000 79.749208 -0.600416 0.799688 -0.000000 -36.702766 -0.000000 0.000000 1.000000 0.000000
0.801866 0.597504 0.000000 79.806489 -0.597504 0.801866 -0.000000 -36.727969 -0.000000 0.000000 1.000000 0.000000
0.803467 0.595349 0.000000 79.978277 -0.595349 0.803467 -0.000000 -36.801174 -0.000000 0.000000 1.000000 0.000000
0.805946 0.591989 0.000000 79.874906 -0.591989 0.805946 -0.000000 -36.712379 -0.000000 0.000000 1.000000 0.000000
0.807733 0.589549 0.000000 79.932251 -0.589549 0.807733 -0.000000 -36.668479 -0.000000 0.000000 1.000000 0.000000
0.808965 0.587857 0.000000 79.954544 -0.587857 0.808965 -0.000000 -36.683417 -0.000000 0.000000 1.000000 0.000000
0.809646 0.586919 0.000000 79.974840 -0.586919 0.809646 -0.000000 -36.688028 -0.000000 0.000000 1.000000 0.000000
0.809323 0.587364 0.000000 80.018033 -0.587364 0.809323 -0.000000 -36.697564 -0.000000 0.000000 1.000000 0.000000
0.809243 0.587474 0.000000 80.016172 -0.587474 0.809243 -0.000000 -36.715825 -0.000000 0.000000 1.000000 0.000000
0.810013 0.586411 0.000000 80.100782 -0.586411 0.810013 -0.000000 -36.829339 -0.000000 0.000000 1.000000 0.000000
0.809986 0.586450 0.000000 80.080432 -0.586450 0.809986 -0.000000 -36.833999 -0.000000 0.000000 1.000000 0.000000
0.810040 0.586374 0.000000 80.080542 -0.586374 0.810040 -0.000000 -36.833821 -0.000000 0.000000 1.000000 0.000000
0.810019 0.586404 0.000000 80.107419 -0.586404 0.810019 -0.000000 -36.836061 -0.000000 0.000000 1.000000 0.000000
0.807932 0.589276 0.000000 79.967185 -0.589276 0.807932 -0.000000 -36.905404 -0.000000 0.000000 1.000000 0.000000
0.807871 0.589359 0.000000 79.979397 -0.589359 0.807871 -0.000000 -36.959253 -0.000000 0.000000 1.000000 0.000000
0.807286 0.590160 0.000000 79.997371 -0.590160 0.807286 -0.000000 -36.962797 -0.000000 0.000000 1.000000 0.000000
0.807378 0.590035 0.000000 80.017102 -0.590035 0.807378 -0.000000 -36.958482 -0.000000 0.000000 1.000000 0.000000
0.807336 0.590091 0.000000 79.986604 -0.590091 0.807336 -0.000000 -36.983430 -0.000000 0.000000 1.000000 0.000000
0.807088 0.590430 0.000000 79.982694 -0.590430 0.807088 -0.000000 -36.970143 -0.000000 0.000000 1.000000 0.000000
0.806507 0.591225 0.000000 80.007603 -0.591225 0.806507 -0.000000 -36.940845 -0.000000 0.000000 1.000000 0.000000
0.806978 0.590581 0.000000 80.046037 -0.590581 0.806978 -0.000000 -36.972918 -0.000000 0.000000 1.000000 0.000000
0.806513 0.591216 0.000000 80.037434 -0.591216 0.806513 -0.000000 -36.980714 -0.000000 0.000000 1.000000 0.000000
0.806117 0.591757 0.000000 79.980340 -0.591757 0.806117 -0.000000 -36.967217 -0.000000 0.000000 1.000000 0.000000
0.806493 0.591244 0.000000 79.977235 -0.591244 0.806493 -0.000000 -36.962238 -0.000000 0.000000 1.000000 0.000000
0.806874 0.590724 0.000000 79.993022 -0.590724 0.806874 -0.000000 -36.972652 -0.000000 0.000000 1.000000 0.000000
0.806847 0.590760 0.000000 79.993395 -0.590760 0.806847 -0.000000 -36.971958 -0.000000 0.000000 1.000000 0.000000
0.807315 0.590121 0.000000 80.004324 -0.590121 0.807315 -0.000000 -36.975402 -0.000000 0.000000 1.000000 0.000000
0.807271 0.590181 0.000000 80.004482 -0.590181 0.807271 -0.000000 -36.975188 -0.000000 0.000000 1.000000 0.000000
0.807433 0.589960 0.000000 79.965588 -0.589960 0.807433 -0.000000 -36.993376 -0.000000 0.000000 1.000000 0.000000
0.807445 0.589943 0.000000 79.965357 -0.589943 0.807445 -0.000000 -36.993911 -0.000000 0.000000 1.000000 0.000000
0.807438 0.589952 0.000000 79.966318 -0.589952 0.807438 -0.000000 -36.995878 -0.000000 0.000000 1.000000 0.000000
0.807419 0.589978 0.000000 79.972752 -0.589978 0.807419 -0.000000 -37.000734 -0.000000 0.000000 1.000000 0.000000
0.808025 0.589149 0.000000 79.948699 -0.589149 0.808025 -0.000000 -36.987271 -0.000000 0.000000 1.000000 0.000000
0.807780 0.589484 0.000000 79.948750 -0.589484 0.807780 -0.000000 -36.987300 -0.000000 0.000000 1.000000 0.000000
0.807767 0.589502 0.000000 79.930057 -0.589502 0.807767 -0.000000 -36.985026 -0.000000 0.000000 1.000000 0.000000
0.807370 0.590045 0.000000 79.925285 -0.590045 0.807370 -0.000000 -37.024975 -0.000000 0.000000 1.000000 0.000000
0.807674 0.589629 0.000000 79.943456 -0.589629 0.807674 -0.000000 -37.007766 -0.000000 0.000000 1.000000 0.000000
0.807950 0.589251 0.000000 79.929805 -0.589251 0.807950 -0.000000 -36.987474 -0.000000 0.000000 1.000000 0.000000
0.808755 0.588146 0.000000 80.040722 -0.588146 0.808755 -0.000000 -37.033566 -0.000000 0.000000 1.000000 0.000000
0.808888 0.587963 0.000000 80.036898 -0.587963 0.808888 -0.000000 -37.028832 -0.000000 0.000000 1.000000 0.000000
0.809995 0.586437 0.000000 80.022642 -0.586437 0.809995 -0.000000 -36.993847 -0.000000 0.000000 1.000000 0.000000
0.810501 0.585737 0.000000 80.024163 -0.585737 0.810501 -0.000000 -36.977794 -0.000000 0.000000 1.000000 0.000000
0.811061 0.584962 0.000000 79.989356 -0.584962 0.811061 -0.000000 -36.942409 -0.000000 0.000000 1.000000 0.000000
0.810894 0.585193 0.000000 80.002996 -0.585193 0.810894 -0.000000 -36.973847 -0.000000 0.000000 1.000000 0.000000
0.809035 0.587760 0.000000 80.015022 -0.587760 0.809035 -0.000000 -37.031627 -0.000000 0.000000 1.000000 0.000000
0.810735 0.585413 0.000000 80.062984 -0.585413 0.810735 -0.000000 -36.986029 -0.000000 0.000000 1.000000 0.000000
0.811056 0.584968 0.000000 80.051337 -0.584968 0.811056 -0.000000 -36.965515 -0.000000 0.000000 1.000000 0.000000
0.810953 0.585111 0.000000 80.003578 -0.585111 0.810953 -0.000000 -36.964324 -0.000000 0.000000 1.000000 0.000000
0.810875 0.585220 0.000000 80.003919 -0.585220 0.810875 -0.000000 -36.963528 -0.000000 0.000000 1.000000 0.000000
0.811322 0.584600 0.000000 80.021728 -0.584600 0.811322 -0.000000 -36.940023 -0.000000 0.000000 1.000000 0.000000
0.811180 0.584796 0.000000 80.026916 -0.584796 0.811180 -0.000000 -36.950021 -0.000000 0.000000 1.000000 0.000000
0.810542 0.585680 0.000000 80.008848 -0.585680 0.810542 -0.000000 -37.015640 -0.000000 0.000000 1.000000 0.000000
0.810279 0.586045 0.000000 80.086292 -0.586045 0.810279 -0.000000 -37.100805 -0.000000 0.000000 1.000000 0.000000
0.810741 0.585405 0.000000 80.064943 -0.585405 0.810741 -0.000000 -37.066321 -0.000000 0.000000 1.000000 0.000000
0.809571 0.587022 0.000000 80.095233 -0.587022 0.809571 -0.000000 -37.103947 -0.000000 0.000000 1.000000 0.000000
0.810249 0.586086 0.000000 80.104212 -0.586086 0.810249 -0.000000 -37.087511 -0.000000 0.000000 1.000000 0.000000
0.809934 0.586521 0.000000 80.122823 -0.586521 0.809934 -0.000000 -37.084819 -0.000000 0.000000 1.000000 0.000000
0.810150 0.586222 0.000000 80.084895 -0.586222 0.810150 -0.000000 -37.107783 -0.000000 0.000000 1.000000 0.000000
0.811091 0.584919 0.000000 79.883240 -0.584919 0.811091 -0.000000 -36.985128 -0.000000 0.000000 1.000000 0.000000
0.810948 0.585118 0.000000 79.893315 -0.585118 0.810948 -0.000000 -36.991902 -0.000000 0.000000 1.000000 0.000000
0.810975 0.585081 0.000000 79.900568 -0.585081 0.810975 -0.000000 -37.003443 -0.000000 0.000000 1.000000 0.000000
0.811248 0.584702 0.000000 79.896802 -0.584702 0.811248 -0.000000 -36.998779 -0.000000 0.000000 1.000000 0.000000
0.810808 0.585313 0.000000 79.883751 -0.585313 0.810808 -0.000000 -36.991661 -0.000000 0.000000 1.000000 0.000000
0.811165 0.584817 0.000000 79.865385 -0.584817 0.811165 -0.000000 -36.948990 -0.000000 0.000000 1.000000 0.000000
0.811366 0.584539 0.000000 79.877322 -0.584539 0.811366 -0.000000 -36.959022 -0.000000 0.000000 1.000000 0.000000
0.811509 0.584340 0.000000 79.876296 -0.584340 0.811509 -0.000000 -36.959643 -0.000000 0.000000 1.000000 0.000000
0.810660 0.585517 0.000000 79.942159 -0.585517 0.810660 -0.000000 -37.053322 -0.000000 0.000000 1.000000 0.000000
0.810669 0.585505 0.000000 79.941832 -0.585505 0.810669 -0.000000 -37.053404 -0.000000 0.000000 1.000000 0.000000
0.810801 0.585321 0.000000 79.940756 -0.585321 0.810801 -0.000000 -37.046498 -0.000000 0.000000 1.000000 0.000000
0.810737 0.585410 0.000000 79.947167 -0.585410 0.810737 -0.000000 -37.056822 -0.000000 0.000000 1.000000 0.000000
0.811687 0.584092 0.000000 79.881640 -0.584092 0.811687 -0.000000 -36.960573 -0.000000 0.000000 1.000000 0.000000
0.814361 0.580359 0.000000 79.782243 -0.580359 0.814361 -0.000000 -36.739676 -0.000000 0.000000 1.000000 0.000000
0.816034 0.578005 0.000000 79.768362 -0.578005 0.816034 -0.000000 -36.622389 -0.000000 0.000000 1.000000 0.000000
0.816073 0.577948 0.000000 79.767497 -0.577948 0.816073 -0.000000 -36.621909 -0.000000 0.000000 1.000000 0.000000
0.816316 0.577606 0.000000 79.766531 -0.577606 0.816316 -0.000000 -36.623746 -0.000000 0.000000 1.000000 0.000000
0.818040 0.575161 0.000000 79.746349 -0.575161 0.818040 -0.000000 -36.507003 -0.000000 0.000000 1.000000 0.000000
0.818904 0.573930 0.000000 79.742309 -0.573930 0.818904 -0.000000 -36.441745 -0.000000 0.000000 1.000000 0.000000
0.819420 0.573193 0.000000 79.743930 -0.573193 0.819420 -0.000000 -36.447996 -0.000000 0.000000 1.000000 0.000000
0.819065 0.573700 0.000000 79.732846 -0.573700 0.819065 -0.000000 -36.465484 -0.000000 0.000000 1.000000 0.000000
0.818290 0.574806 0.000000 79.789258 -0.574806 0.818290 -0.000000 -36.508763 -0.000000 0.000000 1.000000 0.000000
0.821869 0.569677 0.000000 79.816034 -0.569677 0.821869 -0.000000 -36.300402 -0.000000 0.000000 1.000000 0.000000
0.826362 0.563139 0.000000 79.883189 -0.563139 0.826362 -0.000000 -36.365052 -0.000000 0.000000 1.000000 0.000000
0.825140 0.564929 0.000000 79.918058 -0.564929 0.825140 -0.000000 -36.360994 -0.000000 0.000000 1.000000 0.000000
0.823418 0.567436 0.000000 79.919416 -0.567436 0.823418 -0.000000 -36.403989 -0.000000 0.000000 1.000000 0.000000
0.822698 0.568479 0.000000 79.912846 -0.568479 0.822698 -0.000000 -36.407481 -0.000000 0.000000 1.000000 0.000000
0.824442 0.565947 0.000000 79.897962 -0.565947 0.824442 -0.000000 -36.392316 -0.000000 0.000000 1.000000 0.000000
0.823850 0.566808 0.000000 79.891108 -0.566808 0.823850 -0.000000 -36.404394 -0.000000 0.000000 1.000000 0.000000
0.826410 0.563068 0.000000 79.821292 -0.563068 0.826410 -0.000000 -36.165079 -0.000000 0.000000 1.000000 0.000000
0.825294 0.564703 0.000000 79.795556 -0.564703 0.825294 -0.000000 -36.218954 -0.000000 0.000000 1.000000 0.000000
0.825714 0.564088 0.000000 79.803632 -0.564088 0.825714 -0.000000 -36.224156 -0.000000 0.000000 1.000000 0.000000
0.828122 0.560548 0.000000 79.754575 -0.560548 0.828122 -0.000000 -36.126005 -0.000000 0.000000 1.000000 0.000000
0.830417 0.557143 0.000000 79.857216 -0.557143 0.830417 -0.000000 -36.144714 -0.000000 0.000000 1.000000 0.000000
0.830968 0.556320 0.000000 79.867355 -0.556320 0.830968 -0.000000 -36.152839 -0.000000 0.000000 1.000000 0.000000
0.830821 0.556540 0.000000 79.880434 -0.556540 0.830821 -0.000000 -36.162540 -0.000000 0.000000 1.000000 0.000000
0.831917 0.554900 0.000000 79.943110 -0.554900 0.831917 -0.000000 -36.189393 -0.000000 0.000000 1.000000 0.000000
0.831987 0.554795 0.000000 79.915369 -0.554795 0.831987 -0.000000 -36.162985 -0.000000 0.000000 1.000000 0.000000
0.831152 0.556045 0.000000 79.912035 -0.556045 0.831152 -0.000000 -36.211585 -0.000000 0.000000 1.000000 0.000000
0.831904 0.554920 0.000000 80.051343 -0.554920 0.831904 -0.000000 -36.244331 -0.000000 0.000000 1.000000 0.000000
0.832587 0.553894 0.000000 79.900639 -0.553894 0.832587 -0.000000 -36.142116 -0.000000 0.000000 1.000000 0.000000
0.833504 0.552513 0.000000 79.967579 -0.552513 0.833504 -0.000000 -36.191843 -0.000000 0.000000 1.000000 0.000000
0.832857 0.553488 0.000000 79.912093 -0.553488 0.832857 -0.000000 -36.180878 -0.000000 0.000000 1.000000 0.000000
0.833983 0.551790 0.000000 79.812319 -0.551790 0.833983 -0.000000 -36.152507 -0.000000 0.000000 1.000000 0.000000
0.835444 0.549576 0.000000 79.976642 -0.549576 0.835444 -0.000000 -36.122060 -0.000000 0.000000 1.000000 0.000000
0.836375 0.548158 0.000000 79.986441 -0.548158 0.836375 -0.000000 -36.133220 -0.000000 0.000000 1.000000 0.000000
0.836747 0.547589 0.000000 80.037953 -0.547589 0.836747 -0.000000 -36.128516 -0.000000 0.000000 1.000000 0.000000
0.836764 0.547563 0.000000 80.016258 -0.547563 0.836764 -0.000000 -36.115765 -0.000000 0.000000 1.000000 0.000000
0.837471 0.546483 0.000000 80.014449 -0.546483 0.837471 -0.000000 -36.116795 -0.000000 0.000000 1.000000 0.000000
0.836917 0.547330 0.000000 80.027141 -0.547330 0.836917 -0.000000 -36.140905 -0.000000 0.000000 1.000000 0.000000
0.837988 0.545689 0.000000 80.055212 -0.545689 0.837988 -0.000000 -36.183034 -0.000000 0.000000 1.000000 0.000000
0.838000 0.545671 0.000000 80.057723 -0.545671 0.838000 -0.000000 -36.186667 -0.000000 0.000000 1.000000 0.000000
0.837749 0.546055 0.000000 80.057200 -0.546055 0.837749 -0.000000 -36.196663 -0.000000 0.000000 1.000000 0.000000
0.838079 0.545549 0.000000 80.069604 -0.545549 0.838079 -0.000000 -36.166380 -0.000000 0.000000 1.000000 0.000000
0.838202 0.545360 0.000000 80.099566 -0.545360 0.838202 -0.000000 -36.100004 -0.000000 0.000000 1.000000 0.000000
0.837175 0.546936 0.000000 80.105707 -0.546936 0.837175 -0.000000 -36.152849 -0.000000 0.000000 1.000000 0.000000
0.836749 0.547587 0.000000 80.129116 -0.547587 0.836749 -0.000000 -36.202496 -0.000000 0.000000 1.000000 0.000000
0.836752 0.547583 0.000000 80.128330 -0.547583 0.836752 -0.000000 -36.201938 -0.000000 0.000000 1.000000 0.000000
0.836286 0.548294 0.000000 80.155599 -0.548294 0.836286 -0.000000 -36.204718 -0.000000 0.000000 1.000000 0.000000
0.836526 0.547927 0.000000 80.154219 -0.547927 0.836526 -0.000000 -36.205266 -0.000000 0.000000 1.000000 0.000000
0.836747 0.547589 0.000000 80.153385 -0.547589 0.836747 -0.000000 -36.193205 -0.000000 0.000000 1.000000 0.000000
0.836888 0.547374 0.000000 80.151174 -0.547374 0.836888 -0.000000 -36.200876 -0.000000 0.000000 1.000000 0.000000
