0.999999 0.001291 0.000000 0.614399 -0.001291 0.999999 -0.000000 0.018780 -0.000000 0.000000 1.000000 0.000000
0.999995 0.003088 0.000000 1.311939 -0.003088 0.999995 -0.000000 0.056724 -0.000000 0.000000 1.000000 0.000000
0.999996 0.002866 0.000000 1.885990 -0.002866 0.999996 -0.000000 0.034303 -0.000000 0.000000 1.000000 0.000000
0.999989 0.004679 0.000000 2.399653 -0.004679 0.999989 -0.000000 0.012290 -0.000000 0.000000 1.000000 0.000000
0.999985 0.005491 0.000000 2.969713 -0.005491 0.999985 -0.000000 0.049646 -0.000000 0.000000 1.000000 0.000000
0.999982 0.005958 0.000000 3.493689 -0.005958 0.999982 -0.000000 0.064531 -0.000000 0.000000 1.000000 0.000000
0.999984 0.005652 0.000000 3.937736 -0.005652 0.999984 -0.000000 0.046432 -0.000000 0.000000 1.000000 0.000000
0.999959 0.009103 0.000000 4.681987 -0.009103 0.999959 -0.000000 0.003831 -0.000000 0.000000 1.000000 0.000000
0.999936 0.011282 0.000000 5.261019 -0.011282 0.999936 -0.000000 -0.073776 -0.000000 0.000000 1.000000 0.000000
0.999924 0.012289 0.000000 5.838174 -0.012289 0.999924 -0.000000 -0.048343 -0.000000 0.000000 1.000000 0.000000
0.999844 0.017688 0.000000 7.153930 -0.017688 0.999844 -0.000000 -0.096555 -0.000000 0.000000 1.000000 0.000000
0.999800 0.020020 0.000000 7.898017 -0.020020 0.999800 -0.000000 -0.315477 -0.000000 0.000000 1.000000 0.000000
0.999808 0.019599 0.000000 8.690360 -0.019599 0.999808 -0.000000 -0.252722 -0.000000 0.000000 1.000000 0.000000
0.999788 0.020590 0.000000 9.234735 -0.020590 0.999788 -0.000000 -0.229524 -0.000000 0.000000 1.000000 0.000000
0.999769 0.021478 0.000000 9.819307 -0.021478 0.999769 -0.000000 -0.242418 -0.000000 0.000000 1.000000 0.000000
0.999768 0.021559 0.000000 10.382501 -0.021559 0.999768 -0.000000 -0.184167 -0.000000 0.000000 1.000000 0.000000
0.999714 0.023901 0.000000 10.939649 -0.023901 0.999714 -0.000000 -0.179705 -0.000000 0.000000 1.000000 0.000000
0.999718 0.023735 0.000000 11.469664 -0.023735 0.999718 -0.000000 -0.173131 -0.000000 0.000000 1.000000 0.000000
0.999712 0.024017 0.000000 12.004311 -0.024017 0.999712 -0.000000 -0.150674 -0.000000 0.000000 1.000000 0.000000
0.999671 0.025632 0.000000 12.556610 -0.025632 0.999671 -0.000000 -0.132940 -0.000000 0.000000 1.000000 0.000000
0.999661 0.026018 0.000000 13.142680 -0.026018 0.999661 -0.000000 -0.141480 -0.000000 0.000000 1.000000 0.000000
0.999696 0.024643 0.000000 13.696800 -0.024643 0.999696 -0.000000 -0.171892 -0.000000 0.000000 1.000000 0.000000
0.999651 0.026409 0.000000 14.272615 -0.026409 0.999651 -0.000000 -0.188362 -0.000000 0.000000 1.000000 0.000000
0.999603 0.028164 0.000000 15.022788 -0.028164 0.999603 -0.000000 -0.215453 -0.000000 0.000000 1.000000 0.000000
0.999566 0.029473 0.000000 15.553812 -0.029473 0.999566 -0.000000 -0.184120 -0.000000 0.000000 1.000000 0.000000
0.999602 0.028198 0.000000 16.046674 -0.028198 0.999602 -0.000000 -0.215657 -0.000000 0.000000 1.000000 0.000000
0.999475 0.032414 0.000000 16.661361 -0.032414 0.999475 -0.000000 -0.312592 -0.000000 0.000000 1.000000 0.000000
0.999435 0.033613 0.000000 17.180519 -0.033613 0.999435 -0.000000 -0.430085 -0.000000 0.000000 1.000000 0.000000
0.999410 0.034349 0.000000 17.807849 -0.034349 0.999410 -0.000000 -0.425900 -0.000000 0.000000 1.000000 0.000000
0.999449 0.033185 0.000000 18.501051 -0.033185 0.999449 -0.000000 -0.410653 -0.000000 0.000000 1.000000 0.000000
0.999410 0.034356 0.000000 19.075803 -0.034356 0.999410 -0.000000 -0.429567 -0.000000 0.000000 1.000000 0.000000
0.999354 0.035928 0.000000 19.645326 -0.035928 0.999354 -0.000000 -0.441093 -0.000000 0.000000 1.000000 0.000000
0.999320 0.036871 0.000000 20.156507 -0.036871 0.999320 -0.000000 -0.421999 -0.000000 0.000000 1.000000 0.000000
0.999201 0.039966 0.000000 20.688110 -0.039966 0.999201 -0.000000 -0.416949 -0.000000 0.000000 1.000000 0.000000
0.999172 0.040696 0.000000 21.023241 -0.040696 0.999172 -0.000000 -0.432739 -0.000000 0.000000 1.000000 0.000000
0.999124 0.041851 0.000000 21.572924 -0.041851 0.999124 -0.000000 -0.551193 -0.000000 0.000000 1.000000 0.000000
0.999159 0.041006 0.000000 22.086410 -0.041006 0.999159 -0.000000 -0.500952 -0.000000 0.000000 1.000000 0.000000
0.999141 0.041429 0.000000 23.176367 -0.041429 0.999141 -0.000000 -0.546072 -0.000000 0.000000 1.000000 0.000000
0.999079 0.042914 0.000000 24.093171 -0.042914 0.999079 -0.000000 -0.577406 -0.000000 0.000000 1.000000 0.000000
0.999002 0.044672 0.000000 24.664380 -0.044672 0.999002 -0.000000 -0.517478 -0.000000 0.000000 1.000000 0.000000
0.998951 0.045792 0.000000 25.361296 -0.045792 0.998951 -0.000000 -0.626528 -0.000000 0.000000 1.000000 0.000000
0.998973 0.045316 0.000000 25.941222 -0.045316 0.998973 -0.000000 -0.636207 -0.000000 0.000000 1.000000 0.000000
0.998966 0.045468 0.000000 26.502324 -0.045468 0.998966 -0.000000 -0.689865 -0.000000 0.000000 1.000000 0.000000
0.998557 0.053708 0.000000 26.978624 -0.053708 0.998557 -0.000000 -0.719665 -0.000000 0.000000 1.000000 0.000000
0.998566 0.053534 0.000000 27.547903 -0.053534 0.998566 -0.000000 -0.757228 -0.000000 0.000000 1.000000 0.000000
0.998493 0.054870 0.000000 28.675349 -0.054870 0.998493 -0.000000 -1.031045 -0.000000 0.000000 1.000000 0.000000
0.998396 0.056625 0.000000 29.233864 -0.056625 0.998396 -0.000000 -1.080351 -0.000000 0.000000 1.000000 0.000000
0.998247 0.059183 0.000000 29.787432 -0.059183 0.998247 -0.000000 -1.017503 -0.000000 0.000000 1.000000 0.000000
0.998333 0.057723 0.000000 30.308562 -0.057723 0.998333 -0.000000 -1.065703 -0.000000 0.000000 1.000000 0.000000
0.998111 0.061429 0.000000 30.868495 -0.061429 0.998111 -0.000000 -1.108597 -0.000000 0.000000 1.000000 0.000000
0.997800 0.066294 0.000000 31.734103 -0.066294 0.997800 -0.000000 -1.126476 -0.000000 0.000000 1.000000 0.000000
0.997643 0.068617 0.000000 32.320864 -0.068617 0.997643 -0.000000 -1.170087 -0.000000 0.000000 1.000000 0.000000
0.997486 0.070859 0.000000 32.765395 -0.070859 0.997486 -0.000000 -1.216596 -0.000000 0.000000 1.000000 0.000000
0.997392 0.072178 0.000000 33.332231 -0.072178 0.997392 -0.000000 -1.237014 -0.000000 0.000000 1.000000 0.000000
0.997358 0.072649 0.000000 33.921462 -0.072649 0.997358 -0.000000 -1.320175 -0.000000 0.000000 1.000000 0.000000
0.997286 0.073630 0.000000 34.729258 -0.073630 0.997286 -0.000000 -1.357270 -0.000000 0.000000 1.000000 0.000000
0.997227 0.074417 0.000000 35.276928 -0.074417 0.997227 -0.000000 -1.324742 -0.000000 0.000000 1.000000 0.000000
0.997143 0.075536 0.000000 35.857655 -0.075536 0.997143 -0.000000 -1.361744 -0.000000 0.000000 1.000000 0.000000
0.997079 0.076372 0.000000 36.415425 -0.076372 0.997079 -0.000000 -1.414606 -0.000000 0.000000 1.000000 0.000000
0.996747 0.080589 0.000000 36.776963 -0.080589 0.996747 -0.000000 -1.420493 -0.000000 0.000000 1.000000 0.000000
0.996779 0.080199 0.000000 37.880223 -0.080199 0.996779 -0.000000 -1.283484 -0.000000 0.000000 1.000000 0.000000
0.996376 0.085062 0.000000 38.295508 -0.085062 0.996376 -0.000000 -1.150933 -0.000000 0.000000 1.000000 0.000000
0.996269 0.086298 0.000000 38.908426 -0.086298 0.996269 -0.000000 -1.113561 -0.000000 0.000000 1.000000 0.000000
0.996255 0.086459 0.000000 39.476502 -0.086459 0.996255 -0.000000 -1.152187 -0.000000 0.000000 1.000000 0.000000
0.996169 0.087453 0.000000 39.945614 -0.087453 0.996169 -0.000000 -1.123736 -0.000000 0.000000 1.000000 0.000000
0.996178 0.087347 0.000000 40.415314 -0.087347 0.996178 -0.000000 -1.301648 -0.000000 0.000000 1.000000 0.000000
0.996153 0.087633 0.000000 41.007215 -0.087633 0.996153 -0.000000 -1.358067 -0.000000 0.000000 1.000000 0.000000
0.995983 0.089543 0.000000 41.612225 -0.089543 0.995983 -0.000000 -1.552595 -0.000000 0.000000 1.000000 0.000000
0.995746 0.092138 0.000000 42.106950 -0.092138 0.995746 -0.000000 -1.409090 -0.000000 0.000000 1.000000 0.000000
0.996022 0.089105 0.000000 42.734965 -0.089105 0.996022 -0.000000 -1.444076 -0.000000 0.000000 1.000000 0.000000
0.995884 0.090632 0.000000 43.289564 -0.090632 0.995884 -0.000000 -1.493832 -0.000000 0.000000 1.000000 0.000000
0.995710 0.092530 0.000000 43.820100 -0.092530 0.995710 -0.000000 -1.533636 -0.000000 0.000000 1.000000 0.000000
0.994951 0.100366 0.000000 44.262077 -0.100366 0.994951 -0.000000 -1.600110 -0.000000 0.000000 1.000000 0.000000
0.995009 0.099787 0.000000 44.765825 -0.099787 0.995009 -0.000000 -1.674982 -0.000000 0.000000 1.000000 0.000000
0.994799 0.101857 0.000000 45.745014 -0.101857 0.994799 -0.000000 -1.672081 -0.000000 0.000000 1.000000 0.000000
0.994560 0.104169 0.000000 46.260474 -0.104169 0.994560 -0.000000 -1.770799 -0.000000 0.000000 1.000000 0.000000
0.994389 0.105786 0.000000 46.806083 -0.105786 0.994389 -0.000000 -1.827606 -0.000000 0.000000 1.000000 0.000000
0.994105 0.108419 0.000000 47.849009 -0.108419 0.994105 -0.000000 -2.016708 -0.000000 0.000000 1.000000 0.000000
0.993916 0.110138 0.000000 48.420264 -0.110138 0.993916 -0.000000 -2.079770 -0.000000 0.000000 1.000000 0.000000
0.993612 0.112848 0.000000 48.909247 -0.112848 0.993612 -0.000000 -2.140647 -0.000000 0.000000 1.000000 0.000000
0.993444 0.114320 0.000000 49.912334 -0.114320 0.993444 -0.000000 -2.224968 -0.000000 0.000000 1.000000 0.000000
0.993306 0.115512 0.000000 50.394786 -0.115512 0.993306 -0.000000 -2.165971 -0.000000 0.000000 1.000000 0.000000
0.993393 0.114760 0.000000 50.904578 -0.114760 0.993393 -0.000000 -2.219426 -0.000000 0.000000 1.000000 0.000000
0.993285 0.115697 0.000000 51.391791 -0.115697 0.993285 -0.000000 -2.277189 -0.000000 0.000000 1.000000 0.000000
0.992783 0.119925 0.000000 52.050864 -0.119925 0.992783 -0.000000 -2.419832 -0.000000 0.000000 1.000000 0.000000
0.992749 0.120202 0.000000 52.598332 -0.120202 0.992749 -0.000000 -2.546376 -0.000000 0.000000 1.000000 0.000000
0.992623 0.121240 0.000000 53.164334 -0.121240 0.992623 -0.000000 -2.449379 -0.000000 0.000000 1.000000 0.000000
0.992479 0.122412 0.000000 53.573480 -0.122412 0.992479 -0.000000 -2.518219 -0.000000 0.000000 1.000000 0.000000
0.992267 0.124120 0.000000 53.840028 -0.124120 0.992267 -0.000000 -2.601034 -0.000000 0.000000 1.000000 0.000000
0.992167 0.124922 0.000000 54.411759 -0.124922 0.992167 -0.000000 -2.621801 -0.000000 0.000000 1.000000 0.000000
0.991858 0.127347 0.000000 54.881140 -0.127347 0.991858 -0.000000 -2.679457 -0.000000 0.000000 1.000000 0.000000
0.991748 0.128204 0.000000 55.619055 -0.128204 0.991748 -0.000000 -2.836172 -0.000000 0.000000 1.000000 0.000000
0.992082 0.125595 0.000000 56.028364 -0.125595 0.992082 -0.000000 -2.729591 -0.000000 0.000000 1.000000 0.000000
0.992206 0.124612 0.000000 56.476505 -0.124612 0.992206 -0.000000 -2.788586 -0.000000 0.000000 1.000000 0.000000
0.992136 0.125162 0.000000 56.905518 -0.125162 0.992136 -0.000000 -2.835857 -0.000000 0.000000 1.000000 0.000000
0.992138 0.125152 0.000000 57.437135 -0.125152 0.992138 -0.000000 -2.840601 -0.000000 0.000000 1.000000 0.000000
0.991541 0.129797 0.000000 57.794838 -0.129797 0.991541 -0.000000 -2.922472 -0.000000 0.000000 1.000000 0.000000
0.990969 0.134094 0.000000 58.319218 -0.134094 0.990969 -0.000000 -3.071094 -0.000000 0.000000 1.000000 0.000000
0.990623 0.136621 0.000000 58.719052 -0.136621 0.990623 -0.000000 -2.954052 -0.000000 0.000000 1.000000 0.000000
0.990520 0.137369 0.000000 59.148943 -0.137369 0.990520 -0.000000 -2.998528 -0.000000 0.000000 1.000000 0.000000
0.989885 0.141869 0.000000 59.490752 -0.141869 0.989885 -0.000000 -2.822781 -0.000000 0.000000 1.000000 0.000000
0.989862 0.142031 0.000000 59.829115 -0.142031 0.989862 -0.000000 -2.941975 -0.000000 0.000000 1.000000 0.000000
0.989639 0.143575 0.000000 60.254596 -0.143575 0.989639 -0.000000 -3.028457 -0.000000 0.000000 1.000000 0.000000
0.989598 0.143858 0.000000 60.625720 -0.143858 0.989598 -0.000000 -3.086236 -0.000000 0.000000 1.000000 0.000000
0.989683 0.143271 0.000000 60.989478 -0.143271 0.989683 -0.000000 -3.133609 -0.000000 0.000000 1.000000 0.000000
0.989843 0.142167 0.000000 61.433893 -0.142167 0.989843 -0.000000 -3.112118 -0.000000 0.000000 1.000000 0.000000
0.989460 0.144807 0.000000 61.631882 -0.144807 0.989460 -0.000000 -3.247918 -0.000000 0.000000 1.000000 0.000000
0.988006 0.154413 0.000000 61.846463 -0.154413 0.988006 -0.000000 -3.421161 -0.000000 0.000000 1.000000 0.000000
0.988410 0.151811 0.000000 62.151966 -0.151811 0.988410 -0.000000 -3.522944 -0.000000 0.000000 1.000000 0.000000
0.988391 0.151930 0.000000 62.464002 -0.151930 0.988391 -0.000000 -3.578203 -0.000000 0.000000 1.000000 0.000000
0.988703 0.149887 0.000000 62.675152 -0.149887 0.988703 -0.000000 -3.639018 -0.000000 0.000000 1.000000 0.000000
0.988087 0.153894 0.000000 62.826444 -0.153894 0.988087 -0.000000 -3.577677 -0.000000 0.000000 1.000000 0.000000
0.987809 0.155672 0.000000 63.008164 -0.155672 0.987809 -0.000000 -3.477241 -0.000000 0.000000 1.000000 0.000000
0.986633 0.162958 0.000000 63.214925 -0.162958 0.986633 -0.000000 -3.322224 -0.000000 0.000000 1.000000 0.000000
0.986585 0.163249 0.000000 63.716537 -0.163249 0.986585 -0.000000 -3.392659 -0.000000 0.000000 1.000000 0.000000
0.986333 0.164764 0.000000 64.380261 -0.164764 0.986333 -0.000000 -3.535851 -0.000000 0.000000 1.000000 0.000000
0.986162 0.165783 0.000000 64.663762 -0.165783 0.986162 -0.000000 -3.592553 -0.000000 0.000000 1.000000 0.000000
0.985457 0.169925 0.000000 64.935096 -0.169925 0.985457 -0.000000 -3.917979 -0.000000 0.000000 1.000000 0.000000
0.985290 0.170889 0.000000 65.250043 -0.170889 0.985290 -0.000000 -3.834981 -0.000000 0.000000 1.000000 0.000000
0.984106 0.177582 0.000000 65.600733 -0.177582 0.984106 -0.000000 -3.953558 -0.000000 0.000000 1.000000 0.000000
0.984056 0.177858 0.000000 65.871064 -0.177858 0.984056 -0.000000 -4.019658 -0.000000 0.000000 1.000000 0.000000
0.984391 0.175994 0.000000 66.028757 -0.175994 0.984391 -0.000000 -3.981641 -0.000000 0.000000 1.000000 0.000000
0.983805 0.179241 0.000000 66.181967 -0.179241 0.983805 -0.000000 -4.080732 -0.000000 0.000000 1.000000 0.000000
0.983431 0.181284 0.000000 66.376685 -0.181284 0.983431 -0.000000 -4.167162 -0.000000 0.000000 1.000000 0.000000
0.982667 0.185378 0.000000 66.788145 -0.185378 0.982667 -0.000000 -4.282624 -0.000000 0.000000 1.000000 0.000000
0.982891 0.184190 0.000000 67.082123 -0.184190 0.982891 -0.000000 -4.374031 -0.000000 0.000000 1.000000 0.000000
0.982834 0.184492 0.000000 67.363057 -0.184492 0.982834 -0.000000 -4.429571 -0.000000 0.000000 1.000000 0.000000
0.982766 0.184853 0.000000 67.501421 -0.184853 0.982766 -0.000000 -4.395273 -0.000000 0.000000 1.000000 0.000000
0.981932 0.189234 0.000000 67.762002 -0.189234 0.981932 -0.000000 -4.397459 -0.000000 0.000000 1.000000 0.000000
0.981809 0.189870 0.000000 67.940453 -0.189870 0.981809 -0.000000 -4.421766 -0.000000 0.000000 1.000000 0.000000
0.981544 0.191237 0.000000 68.075393 -0.191237 0.981544 -0.000000 -4.601307 -0.000000 0.000000 1.000000 0.000000
0.981611 0.190894 0.000000 68.424082 -0.190894 0.981611 -0.000000 -4.695912 -0.000000 0.000000 1.000000 0.000000
0.981635 0.190767 0.000000 68.668163 -0.190767 0.981635 -0.000000 -4.746766 -0.000000 0.000000 1.000000 0.000000
0.981314 0.192412 0.000000 68.895610 -0.192412 0.981314 -0.000000 -4.717214 -0.000000 0.000000 1.000000 0.000000
0.981135 0.193325 0.000000 69.143595 -0.193325 0.981135 -0.000000 -4.766183 -0.000000 0.000000 1.000000 0.000000
0.980773 0.195153 0.000000 69.333905 -0.195153 0.980773 -0.000000 -4.720554 -0.000000 0.000000 1.000000 0.000000
0.980428 0.196878 0.000000 69.615243 -0.196878 0.980428 -0.000000 -4.789936 -0.000000 0.000000 1.000000 0.000000
0.979761 0.200170 0.000000 69.816160 -0.200170 0.979761 -0.000000 -4.913532 -0.000000 0.000000 1.000000 0.000000
0.981075 0.193626 0.000000 70.141405 -0.193626 0.981075 -0.000000 -4.937624 -0.000000 0.000000 1.000000 0.000000
0.981109 0.193458 0.000000 70.467410 -0.193458 0.981109 -0.000000 -4.913727 -0.000000 0.000000 1.000000 0.000000
0.980783 0.195100 0.000000 70.741753 -0.195100 0.980783 -0.000000 -4.969262 -0.000000 0.000000 1.000000 0.000000
0.980541 0.196313 0.000000 70.841252 -0.196313 0.980541 -0.000000 -4.991651 -0.000000 0.000000 1.000000 0.000000
0.980700 0.195520 0.000000 71.059784 -0.195520 0.980700 -0.000000 -5.065310 -0.000000 0.000000 1.000000 0.000000
0.979879 0.199593 0.000000 71.337341 -0.199593 0.979879 -0.000000 -5.139293 -0.000000 0.000000 1.000000 0.000000
0.979709 0.200426 0.000000 71.539122 -0.200426 0.979709 -0.000000 -5.207461 -0.000000 0.000000 1.000000 0.000000
0.979609 0.200914 0.000000 71.795983 -0.200914 0.979609 -0.000000 -5.197461 -0.000000 0.000000 1.000000 0.000000
0.979773 0.200114 0.000000 72.077727 -0.200114 0.979773 -0.000000 -5.264933 -0.000000 0.000000 1.000000 0.000000
0.979440 0.201738 0.000000 72.379964 -0.201738 0.979440 -0.000000 -5.326487 -0.000000 0.000000 1.000000 0.000000
0.977401 0.211392 0.000000 73.156378 -0.211392 0.977401 -0.000000 -5.470383 -0.000000 0.000000 1.000000 0.000000
0.977439 0.211217 0.000000 73.419937 -0.211217 0.977439 -0.000000 -5.519485 -0.000000 0.000000 1.000000 0.000000
0.976788 0.214207 0.000000 73.660008 -0.214207 0.976788 -0.000000 -5.527556 -0.000000 0.000000 1.000000 0.000000
0.976831 0.214012 0.000000 73.874426 -0.214012 0.976831 -0.000000 -5.412927 -0.000000 0.000000 1.000000 0.000000
0.976647 0.214848 0.000000 74.062616 -0.214848 0.976647 -0.000000 -5.386059 -0.000000 0.000000 1.000000 0.000000
0.976299 0.216424 0.000000 74.462577 -0.216424 0.976299 -0.000000 -5.534319 -0.000000 0.000000 1.000000 0.000000
0.975980 0.217861 0.000000 74.762286 -0.217861 0.975980 -0.000000 -5.600617 -0.000000 0.000000 1.000000 0.000000
0.975218 0.221244 0.000000 74.894080 -0.221244 0.975218 -0.000000 -5.768522 -0.000000 0.000000 1.000000 0.000000
0.974642 0.223772 0.000000 75.360725 -0.223772 0.974642 -0.000000 -5.952020 -0.000000 0.000000 1.000000 0.000000
0.973838 0.227242 0.000000 75.685706 -0.227242 0.973838 -0.000000 -6.024374 -0.000000 0.000000 1.000000 0.000000
0.973752 0.227610 0.000000 76.210663 -0.227610 0.973752 -0.000000 -6.215924 -0.000000 0.000000 1.000000 0.000000
0.973163 0.230118 0.000000 76.591771 -0.230118 0.973163 -0.000000 -6.309670 -0.000000 0.000000 1.000000 0.000000
0.972641 0.232315 0.000000 76.846484 -0.232315 0.972641 -0.000000 -6.169589 -0.000000 0.000000 1.000000 0.000000
0.972854 0.231421 0.000000 76.887923 -0.231421 0.972854 -0.000000 -6.187217 -0.000000 0.000000 1.000000 0.000000
0.972587 0.232538 0.000000 77.241459 -0.232538 0.972587 -0.000000 -6.249651 -0.000000 0.000000 1.000000 0.000000
0.973496 0.228702 0.000000 77.885388 -0.228702 0.973496 -0.000000 -6.319904 -0.000000 0.000000 1.000000 0.000000
0.973245 0.229770 0.000000 78.233879 -0.229770 0.973245 -0.000000 -6.406963 -0.000000 0.000000 1.000000 0.000000
0.973090 0.230425 0.000000 78.661513 -0.230425 0.973090 -0.000000 -6.518252 -0.000000 0.000000 1.000000 0.000000
0.973499 0.228692 0.000000 78.833311 -0.228692 0.973499 -0.000000 -6.617192 -0.000000 0.000000 1.000000 0.000000
0.973754 0.227605 0.000000 79.489962 -0.227605 0.973754 -0.000000 -6.768110 -0.000000 0.000000 1.000000 0.000000
0.973343 0.229356 0.000000 80.156394 -0.229356 0.973343 -0.000000 -7.015701 -0.000000 0.000000 1.000000 0.000000
0.972312 0.233688 0.000000 80.867178 -0.233688 0.972312 -0.000000 -6.573286 -0.000000 0.000000 1.000000 0.000000
0.972650 0.232274 0.000000 81.296058 -0.232274 0.972650 -0.000000 -6.683871 -0.000000 0.000000 1.000000 0.000000
0.972796 0.231665 0.000000 81.646668 -0.231665 0.972796 -0.000000 -6.791028 -0.000000 0.000000 1.000000 0.000000
0.972943 0.231045 0.000000 81.814061 -0.231045 0.972943 -0.000000 -6.939825 -0.000000 0.000000 1.000000 0.000000
0.972193 0.234182 0.000000 82.276000 -0.234182 0.972193 -0.000000 -7.164678 -0.000000 0.000000 1.000000 0.000000
0.972653 0.232262 0.000000 82.668650 -0.232262 0.972653 -0.000000 -7.232889 -0.000000 0.000000 1.000000 0.000000
0.972035 0.234835 0.000000 83.597094 -0.234835 0.972035 -0.000000 -7.343737 -0.000000 0.000000 1.000000 0.000000
0.972625 0.232380 0.000000 84.291623 -0.232380 0.972625 -0.000000 -7.547675 -0.000000 0.000000 1.000000 0.000000
0.972430 0.233194 0.000000 84.663577 -0.233194 0.972430 -0.000000 -7.724180 -0.000000 0.000000 1.000000 0.000000
0.972707 0.232037 0.000000 85.115145 -0.232037 0.972707 -0.000000 -7.832821 -0.000000 0.000000 1.000000 0.000000
0.972377 0.233416 0.000000 85.578767 -0.233416 0.972377 -0.000000 -7.977321 -0.000000 0.000000 1.000000 0.000000
0.972729 0.231946 0.000000 86.131945 -0.231946 0.972729 -0.000000 -7.980355 -0.000000 0.000000 1.000000 0.000000
0.971355 0.237631 0.000000 86.563586 -0.237631 0.971355 -0.000000 -8.112661 -0.000000 0.000000 1.000000 0.000000
0.970663 0.240444 0.000000 87.067113 -0.240444 0.970663 -0.000000 -8.236548 -0.000000 0.000000 1.000000 0.000000
0.969267 0.246009 0.000000 87.739205 -0.246009 0.969267 -0.000000 -8.409501 -0.000000 0.000000 1.000000 0.000000
0.968280 0.249867 0.000000 88.063319 -0.249867 0.968280 -0.000000 -8.488520 -0.000000 0.000000 1.000000 0.000000
0.967919 0.251263 0.000000 88.539359 -0.251263 0.967919 -0.000000 -8.666538 -0.000000 0.000000 1.000000 0.000000
0.967149 0.254210 0.000000 89.065536 -0.254210 0.967149 -0.000000 -8.805355 -0.000000 0.000000 1.000000 0.000000
0.966951 0.254962 0.000000 90.073614 -0.254962 0.966951 -0.000000 -8.996835 -0.000000 0.000000 1.000000 0.000000
0.966413 0.256995 0.000000 90.624616 -0.256995 0.966413 -0.000000 -9.142580 -0.000000 0.000000 1.000000 0.000000
0.969457 0.245259 0.000000 91.753289 -0.245259 0.969457 -0.000000 -8.819091 -0.000000 0.000000 1.000000 0.000000
0.968609 0.248589 0.000000 92.304636 -0.248589 0.968609 -0.000000 -8.897377 -0.000000 0.000000 1.000000 0.000000
0.968442 0.249239 0.000000 92.713280 -0.249239 0.968442 -0.000000 -8.993465 -0.000000 0.000000 1.000000 0.000000
0.967596 0.252502 0.000000 93.565516 -0.252502 0.967596 -0.000000 -9.211423 -0.000000 0.000000 1.000000 0.000000
0.966793 0.255560 0.000000 94.047100 -0.255560 0.966793 -0.000000 -9.412659 -0.000000 0.000000 1.000000 0.000000
0.964953 0.262421 0.000000 95.158261 -0.262421 0.964953 -0.000000 -9.706447 -0.000000 0.000000 1.000000 0.000000
0.964095 0.265557 0.000000 95.889551 -0.265557 0.964095 -0.000000 -9.931750 -0.000000 0.000000 1.000000 0.000000
0.963243 0.268632 0.000000 96.456378 -0.268632 0.963243 -0.000000 -10.090307 -0.000000 0.000000 1.000000 0.000000
0.962018 0.272985 0.000000 96.988918 -0.272985 0.962018 -0.000000 -10.343458 -0.000000 0.000000 1.000000 0.000000
0.961539 0.274669 0.000000 97.448484 -0.274669 0.961539 -0.000000 -10.499782 -0.000000 0.000000 1.000000 0.000000
0.960991 0.276579 0.000000 98.037251 -0.276579 0.960991 -0.000000 -10.707728 -0.000000 0.000000 1.000000 0.000000
0.959758 0.280827 0.000000 98.583726 -0.280827 0.959758 -0.000000 -10.972564 -0.000000 0.000000 1.000000 0.000000
0.958632 0.284648 0.000000 99.185644 -0.284648 0.958632 -0.000000 -11.134073 -0.000000 0.000000 1.000000 0.000000
0.958119 0.286370 0.000000 99.767296 -0.286370 0.958119 -0.000000 -11.310839 -0.000000 0.000000 1.000000 0.000000
0.957661 0.287899 0.000000 100.444366 -0.287899 0.957661 -0.000000 -11.412661 -0.000000 0.000000 1.000000 0.000000
0.958298 0.285772 0.000000 101.057531 -0.285772 0.958298 -0.000000 -11.621887 -0.000000 0.000000 1.000000 0.000000
0.958286 0.285810 0.000000 101.655838 -0.285810 0.958286 -0.000000 -11.808550 -0.000000 0.000000 1.000000 0.000000
0.956983 0.290143 0.000000 102.297424 -0.290143 0.956983 -0.000000 -12.002026 -0.000000 0.000000 1.000000 0.000000
0.956216 0.292663 0.000000 102.838437 -0.292663 0.956216 -0.000000 -12.234773 -0.000000 0.000000 1.000000 0.000000
0.955874 0.293775 0.000000 103.841254 -0.293775 0.955874 -0.000000 -12.549630 -0.000000 0.000000 1.000000 0.000000
0.955070 0.296380 0.000000 104.472181 -0.296380 0.955070 -0.000000 -12.676014 -0.000000 0.000000 1.000000 0.000000
0.954630 0.297795 0.000000 105.047430 -0.297795 0.954630 -0.000000 -12.809011 -0.000000 0.000000 1.000000 0.000000
0.954033 0.299700 0.000000 105.696732 -0.299700 0.954033 -0.000000 -13.004676 -0.000000 0.000000 1.000000 0.000000
0.954107 0.299465 0.000000 106.338401 -0.299465 0.954107 -0.000000 -13.150807 -0.000000 0.000000 1.000000 0.000000
0.954019 0.299746 0.000000 106.953800 -0.299746 0.954019 -0.000000 -13.344550 -0.000000 0.000000 1.000000 0.000000
0.954039 0.299682 0.000000 107.530583 -0.299682 0.954039 -0.000000 -13.528946 -0.000000 0.000000 1.000000 0.000000
0.953984 0.299858 0.000000 108.149981 -0.299858 0.953984 -0.000000 -13.726025 -0.000000 0.000000 1.000000 0.000000
0.953362 0.301828 0.000000 108.831870 -0.301828 0.953362 -0.000000 -13.946185 -0.000000 0.000000 1.000000 0.000000
0.952903 0.303274 0.000000 109.321119 -0.303274 0.952903 -0.000000 -14.121330 -0.000000 0.000000 1.000000 0.000000
0.953399 0.301714 0.000000 110.030553 -0.301714 0.953399 -0.000000 -14.322486 -0.000000 0.000000 1.000000 0.000000
0.953206 0.302322 0.000000 110.491951 -0.302322 0.953206 -0.000000 -14.428788 -0.000000 0.000000 1.000000 0.000000
0.951591 0.307367 0.000000 111.405111 -0.307367 0.951591 -0.000000 -14.726761 -0.000000 0.000000 1.000000 0.000000
0.951267 0.308369 0.000000 112.002974 -0.308369 0.951267 -0.000000 -15.011362 -0.000000 0.000000 1.000000 0.000000
0.951099 0.308887 0.000000 112.616673 -0.308887 0.951099 -0.000000 -15.302107 -0.000000 0.000000 1.000000 0.000000
0.950905 0.309481 0.000000 113.625946 -0.309481 0.950905 -0.000000 -15.577056 -0.000000 0.000000 1.000000 0.000000
0.950726 0.310034 0.000000 114.271296 -0.310034 0.950726 -0.000000 -15.784858 -0.000000 0.000000 1.000000 0.000000
0.950214 0.311600 0.000000 114.876140 -0.311600 0.950214 -0.000000 -15.925182 -0.000000 0.000000 1.000000 0.000000
0.949920 0.312493 0.000000 115.465711 -0.312493 0.949920 -0.000000 -16.178045 -0.000000 0.000000 1.000000 0.000000
0.949758 0.312985 0.000000 116.091876 -0.312985 0.949758 -0.000000 -16.399690 -0.000000 0.000000 1.000000 0.000000
0.949945 0.312417 0.000000 116.729107 -0.312417 0.949945 -0.000000 -16.585027 -0.000000 0.000000 1.000000 0.000000
0.949837 0.312745 0.000000 117.260821 -0.312745 0.949837 -0.000000 -16.857878 -0.000000 0.000000 1.000000 0.000000
0.949920 0.312493 0.000000 118.392762 -0.312493 0.949920 -0.000000 -17.355950 -0.000000 0.000000 1.000000 0.000000
0.949911 0.312521 0.000000 118.952867 -0.312521 0.949911 -0.000000 -17.566917 -0.000000 0.000000 1.000000 0.000000
0.949998 0.312257 0.000000 119.476556 -0.312257 0.949998 -0.000000 -17.738039 -0.000000 0.000000 1.000000 0.000000
0.949389 0.314102 0.000000 120.032149 -0.314102 0.949389 -0.000000 -17.979108 -0.000000 0.000000 1.000000 0.000000
0.949425 0.313993 0.000000 121.410610 -0.313993 0.949425 -0.000000 -18.318227 -0.000000 0.000000 1.000000 0.000000
0.948921 0.315515 0.000000 121.980837 -0.315515 0.948921 -0.000000 -18.513386 -0.000000 0.000000 1.000000 0.000000
0.949561 0.313582 0.000000 122.666948 -0.313582 0.949561 -0.000000 -18.720344 -0.000000 0.000000 1.000000 0.000000
0.949763 0.312969 0.000000 123.261097 -0.312969 0.949763 -0.000000 -18.927672 -0.000000 0.000000 1.000000 0.000000
0.950051 0.312095 0.000000 123.900210 -0.312095 0.950051 -0.000000 -19.176874 -0.000000 0.000000 1.000000 0.000000
0.944276 0.329156 0.000000 128.343674 -0.329156 0.944276 -0.000000 -20.937338 -0.000000 0.000000 1.000000 0.000000
0.944313 0.329048 0.000000 128.942964 -0.329048 0.944313 -0.000000 -21.171236 -0.000000 0.000000 1.000000 0.000000
0.944487 0.328548 0.000000 129.482848 -0.328548 0.944487 -0.000000 -21.409000 -0.000000 0.000000 1.000000 0.000000
0.943829 0.330434 0.000000 129.984952 -0.330434 0.943829 -0.000000 -21.583040 -0.000000 0.000000 1.000000 0.000000
0.943072 0.332589 0.000000 130.529284 -0.332589 0.943072 -0.000000 -21.809891 -0.000000 0.000000 1.000000 0.000000
0.943539 0.331262 0.000000 131.175982 -0.331262 0.943539 -0.000000 -21.887955 -0.000000 0.000000 1.000000 0.000000
0.942486 0.334246 0.000000 132.034279 -0.334246 0.942486 -0.000000 -22.183666 -0.000000 0.000000 1.000000 0.000000
0.942307 0.334751 0.000000 132.819977 -0.334751 0.942307 -0.000000 -22.484797 -0.000000 0.000000 1.000000 0.000000
0.941570 0.336819 0.000000 133.562395 -0.336819 0.941570 -0.000000 -22.721184 -0.000000 0.000000 1.000000 0.000000
0.940219 0.340570 0.000000 133.995657 -0.340570 0.940219 -0.000000 -22.974423 -0.000000 0.000000 1.000000 0.000000
0.939444 0.342702 0.000000 134.853131 -0.342702 0.939444 -0.000000 -23.189863 -0.000000 0.000000 1.000000 0.000000
0.939614 0.342235 0.000000 135.424523 -0.342235 0.939614 -0.000000 -23.394568 -0.000000 0.000000 1.000000 0.000000
0.939913 0.341414 0.000000 135.898782 -0.341414 0.939913 -0.000000 -23.634969 -0.000000 0.000000 1.000000 0.000000
0.939123 0.343581 0.000000 136.473311 -0.343581 0.939123 -0.000000 -23.747280 -0.000000 0.000000 1.000000 0.000000
0.939102 0.343639 0.000000 137.073795 -0.343639 0.939102 -0.000000 -23.993691 -0.000000 0.000000 1.000000 0.000000
0.938837 0.344363 0.000000 137.952711 -0.344363 0.938837 -0.000000 -24.341648 -0.000000 0.000000 1.000000 0.000000
0.938312 0.345789 0.000000 138.624419 -0.345789 0.938312 -0.000000 -24.447558 -0.000000 0.000000 1.000000 0.000000
0.937890 0.346934 0.000000 139.200690 -0.346934 0.937890 -0.000000 -24.677338 -0.000000 0.000000 1.000000 0.000000
0.937302 0.348518 0.000000 139.752264 -0.348518 0.937302 -0.000000 -24.894788 -0.000000 0.000000 1.000000 0.000000
0.935649 0.352933 0.000000 140.494546 -0.352933 0.935649 -0.000000 -25.187243 -0.000000 0.000000 1.000000 0.000000
0.935290 0.353882 0.000000 141.081613 -0.353882 0.935290 -0.000000 -25.417198 -0.000000 0.000000 1.000000 0.000000
0.935479 0.353382 0.000000 141.654722 -0.353382 0.935479 -0.000000 -25.637566 -0.000000 0.000000 1.000000 0.000000
0.935725 0.352732 0.000000 142.138983 -0.352732 0.935725 -0.000000 -25.768489 -0.000000 0.000000 1.000000 0.000000
0.935868 0.352350 0.000000 142.671208 -0.352350 0.935868 -0.000000 -26.019452 -0.000000 0.000000 1.000000 0.000000
0.933564 0.358412 0.000000 143.788227 -0.358412 0.933564 -0.000000 -26.494897 -0.000000 0.000000 1.000000 0.000000
0.934427 0.356156 0.000000 144.313827 -0.356156 0.934427 -0.000000 -26.666040 -0.000000 0.000000 1.000000 0.000000
0.934322 0.356429 0.000000 144.874313 -0.356429 0.934322 -0.000000 -26.933514 -0.000000 0.000000 1.000000 0.000000
0.934670 0.355517 0.000000 145.451227 -0.355517 0.934670 -0.000000 -27.186733 -0.000000 0.000000 1.000000 0.000000
0.933549 0.358451 0.000000 145.945388 -0.358451 0.933549 -0.000000 -27.536947 -0.000000 0.000000 1.000000 0.000000
0.932670 0.360731 0.000000 146.490353 -0.360731 0.932670 -0.000000 -27.842480 -0.000000 0.000000 1.000000 0.000000
0.933981 0.357324 0.000000 147.178458 -0.357324 0.933981 -0.000000 -28.125405 -0.000000 0.000000 1.000000 0.000000
0.933869 0.357616 0.000000 147.897624 -0.357616 0.933869 -0.000000 -28.203577 -0.000000 0.000000 1.000000 0.000000
0.933959 0.357380 0.000000 148.413655 -0.357380 0.933959 -0.000000 -28.413450 -0.000000 0.000000 1.000000 0.000000
0.933941 0.357426 0.000000 148.978576 -0.357426 0.933941 -0.000000 -28.647386 -0.000000 0.000000 1.000000 0.000000
0.933980 0.357325 0.000000 149.564805 -0.357325 0.933980 -0.000000 -28.883969 -0.000000 0.000000 1.000000 0.000000
0.933815 0.357756 0.000000 150.091361 -0.357756 0.933815 -0.000000 -29.044373 -0.000000 0.000000 1.000000 0.000000
0.933657 0.358169 0.000000 150.685407 -0.358169 0.933657 -0.000000 -29.262041 -0.000000 0.000000 1.000000 0.000000
0.932983 0.359921 0.000000 151.172992 -0.359921 0.932983 -0.000000 -29.550299 -0.000000 0.000000 1.000000 0.000000
0.931265 0.364343 0.000000 151.614618 -0.364343 0.931265 -0.000000 -29.858756 -0.000000 0.000000 1.000000 0.000000
0.931399 0.364000 0.000000 152.203290 -0.364000 0.931399 -0.000000 -30.077353 -0.000000 0.000000 1.000000 0.000000
0.930411 0.366518 0.000000 152.837330 -0.366518 0.930411 -0.000000 -30.368653 -0.000000 0.000000 1.000000 0.000000
0.929893 0.367829 0.000000 153.350108 -0.367829 0.929893 -0.000000 -30.572596 -0.000000 0.000000 1.000000 0.000000
0.928276 0.371893 0.000000 153.848314 -0.371893 0.928276 -0.000000 -30.946907 -0.000000 0.000000 1.000000 0.000000
0.928090 0.372357 0.000000 154.356870 -0.372357 0.928090 -0.000000 -31.154893 -0.000000 0.000000 1.000000 0.000000
0.926656 0.375911 0.000000 155.015872 -0.375911 0.926656 -0.000000 -31.349061 -0.000000 0.000000 1.000000 0.000000
0.926122 0.377223 0.000000 155.430562 -0.377223 0.926122 -0.000000 -31.613774 -0.000000 0.000000 1.000000 0.000000
0.925408 0.378972 0.000000 156.088613 -0.378972 0.925408 -0.000000 -31.950978 -0.000000 0.000000 1.000000 0.000000
0.923764 0.382962 0.000000 156.592079 -0.382962 0.923764 -0.000000 -32.123826 -0.000000 0.000000 1.000000 0.000000
0.923025 0.384739 0.000000 157.172170 -0.384739 0.923025 -0.000000 -32.289300 -0.000000 0.000000 1.000000 0.000000
0.922458 0.386097 0.000000 157.655213 -0.386097 0.922458 -0.000000 -32.618032 -0.000000 0.000000 1.000000 0.000000
0.921149 0.389209 0.000000 158.206803 -0.389209 0.921149 -0.000000 -32.827437 -0.000000 0.000000 1.000000 0.000000
0.920914 0.389766 0.000000 158.726742 -0.389766 0.920914 -0.000000 -33.041048 -0.000000 0.000000 1.000000 0.000000
0.920594 0.390520 0.000000 159.425578 -0.390520 0.920594 -0.000000 -33.421731 -0.000000 0.000000 1.000000 0.000000
0.920442 0.390879 0.000000 160.091420 -0.390879 0.920442 -0.000000 -33.691365 -0.000000 0.000000 1.000000 0.000000
0.919505 0.393079 0.000000 160.677152 -0.393079 0.919505 -0.000000 -33.740770 -0.000000 0.000000 1.000000 0.000000
0.918443 0.395552 0.000000 161.374611 -0.395552 0.918443 -0.000000 -34.351577 -0.000000 0.000000 1.000000 0.000000
0.917114 0.398625 0.000000 161.964505 -0.398625 0.917114 -0.000000 -34.677070 -0.000000 0.000000 1.000000 0.000000
0.915078 0.403278 0.000000 162.537267 -0.403278 0.915078 -0.000000 -34.952034 -0.000000 0.000000 1.000000 0.000000
0.916731 0.399506 0.000000 163.056165 -0.399506 0.916731 -0.000000 -35.198976 -0.000000 0.000000 1.000000 0.000000
0.918341 0.395790 0.000000 163.546911 -0.395790 0.918341 -0.000000 -35.430591 -0.000000 0.000000 1.000000 0.000000
0.917650 0.397389 0.000000 164.067078 -0.397389 0.917650 -0.000000 -35.685656 -0.000000 0.000000 1.000000 0.000000
0.917980 0.396628 0.000000 164.761387 -0.396628 0.917980 -0.000000 -36.036218 -0.000000 0.000000 1.000000 0.000000
0.917797 0.397051 0.000000 165.471154 -0.397051 0.917797 -0.000000 -36.350929 -0.000000 0.000000 1.000000 0.000000
0.917864 0.396895 0.000000 165.919693 -0.396895 0.917864 -0.000000 -36.709433 -0.000000 0.000000 1.000000 0.000000
0.915885 0.401441 0.000000 166.560536 -0.401441 0.915885 -0.000000 -37.049029 -0.000000 0.000000 1.000000 0.000000
0.914931 0.403611 0.000000 167.052250 -0.403611 0.914931 -0.000000 -37.354872 -0.000000 0.000000 1.000000 0.000000
0.916873 0.399179 0.000000 167.845369 -0.399179 0.916873 -0.000000 -37.647446 -0.000000 0.000000 1.000000 0.000000
0.918064 0.396433 0.000000 168.380970 -0.396433 0.918064 -0.000000 -37.939395 -0.000000 0.000000 1.000000 0.000000
0.918368 0.395728 0.000000 168.871088 -0.395728 0.918368 -0.000000 -38.146347 -0.000000 0.000000 1.000000 0.000000
0.917785 0.397079 0.000000 169.487282 -0.397079 0.917785 -0.000000 -38.329062 -0.000000 0.000000 1.000000 0.000000
0.917401 0.397965 0.000000 170.019070 -0.397965 0.917401 -0.000000 -38.454416 -0.000000 0.000000 1.000000 0.000000
0.919057 0.394126 0.000000 170.543104 -0.394126 0.919057 -0.000000 -38.707139 -0.000000 0.000000 1.000000 0.000000
0.919312 0.393529 0.000000 171.180855 -0.393529 0.919312 -0.000000 -38.981651 -0.000000 0.000000 1.000000 0.000000
0.919356 0.393426 0.000000 171.630526 -0.393426 0.919356 -0.000000 -39.145085 -0.000000 0.000000 1.000000 0.000000
0.918729 0.394890 0.000000 172.248140 -0.394890 0.918729 -0.000000 -39.476344 -0.000000 0.000000 1.000000 0.000000
0.917794 0.397056 0.000000 172.616633 -0.397056 0.917794 -0.000000 -39.679000 -0.000000 0.000000 1.000000 0.000000
0.919194 0.393804 0.000000 173.268198 -0.393804 0.919194 -0.000000 -39.980105 -0.000000 0.000000 1.000000 0.000000
0.919554 0.392965 0.000000 174.292884 -0.392965 0.919554 -0.000000 -40.449467 -0.000000 0.000000 1.000000 0.000000
0.920465 0.390824 0.000000 174.630738 -0.390824 0.920465 -0.000000 -40.482309 -0.000000 0.000000 1.000000 0.000000
0.920861 0.389891 0.000000 175.082068 -0.389891 0.920861 -0.000000 -40.566559 -0.000000 0.000000 1.000000 0.000000
0.921657 0.388007 0.000000 175.591794 -0.388007 0.921657 -0.000000 -40.725573 -0.000000 0.000000 1.000000 0.000000
0.921612 0.388113 0.000000 176.215253 -0.388113 0.921612 -0.000000 -40.965471 -0.000000 0.000000 1.000000 0.000000
0.921128 0.389260 0.000000 176.727442 -0.389260 0.921128 -0.000000 -41.170096 -0.000000 0.000000 1.000000 0.000000
0.921432 0.388540 0.000000 177.258237 -0.388540 0.921432 -0.000000 -41.404938 -0.000000 0.000000 1.000000 0.000000
0.920562 0.390596 0.000000 177.847467 -0.390596 0.920562 -0.000000 -41.722785 -0.000000 0.000000 1.000000 0.000000
0.920215 0.391412 0.000000 178.419482 -0.391412 0.920215 -0.000000 -41.924163 -0.000000 0.000000 1.000000 0.000000
0.920631 0.390433 0.000000 179.027994 -0.390433 0.920631 -0.000000 -42.063782 -0.000000 0.000000 1.000000 0.000000
0.921306 0.388839 0.000000 179.528708 -0.388839 0.921306 -0.000000 -42.282688 -0.000000 0.000000 1.000000 0.000000
0.920602 0.390502 0.000000 179.943911 -0.390502 0.920602 -0.000000 -42.398519 -0.000000 0.000000 1.000000 0.000000
0.921267 0.388932 0.000000 180.358459 -0.388932 0.921267 -0.000000 -42.594728 -0.000000 0.000000 1.000000 0.000000
0.921111 0.389300 0.000000 180.801551 -0.389300 0.921111 -0.000000 -42.796404 -0.000000 0.000000 1.000000 0.000000
0.921646 0.388031 0.000000 181.316803 -0.388031 0.921646 -0.000000 -42.993196 -0.000000 0.000000 1.000000 0.000000
0.923205 0.384308 0.000000 181.780480 -0.384308 0.923205 -0.000000 -43.195537 -0.000000 0.000000 1.000000 0.000000
0.922966 0.384882 0.000000 182.327268 -0.384882 0.922966 -0.000000 -43.369898 -0.000000 0.000000 1.000000 0.000000
0.923210 0.384297 0.000000 182.786846 -0.384297 0.923210 -0.000000 -43.561330 -0.000000 0.000000 1.000000 0.000000
0.923552 0.383472 0.000000 183.400323 -0.383472 0.923552 -0.000000 -43.776739 -0.000000 0.000000 1.000000 0.000000
0.923469 0.383673 0.000000 183.892479 -0.383673 0.923469 -0.000000 -43.937583 -0.000000 0.000000 1.000000 0.000000
0.921696 0.387914 0.000000 184.420298 -0.387914 0.921696 -0.000000 -44.193428 -0.000000 0.000000 1.000000 0.000000
0.922773 0.385345 0.000000 185.101206 -0.385345 0.922773 -0.000000 -44.486770 -0.000000 0.000000 1.000000 0.000000
0.924591 0.380962 0.000000 185.594459 -0.380962 0.924591 -0.000000 -44.701618 -0.000000 0.000000 1.000000 0.000000
0.925270 0.379308 0.000000 186.261404 -0.379308 0.925270 -0.000000 -44.828580 -0.000000 0.000000 1.000000 0.000000
0.925838 0.377921 0.000000 186.883821 -0.377921 0.925838 -0.000000 -44.985586 -0.000000 0.000000 1.000000 0.000000
0.927335 0.374231 0.000000 187.547437 -0.374231 0.927335 -0.000000 -45.264496 -0.000000 0.000000 1.000000 0.000000
0.928860 0.370431 0.000000 188.068920 -0.370431 0.928860 -0.000000 -45.496531 -0.000000 0.000000 1.000000 0.000000
0.930680 0.365834 0.000000 188.521975 -0.365834 0.930680 -0.000000 -45.664377 -0.000000 0.000000 1.000000 0.000000
0.933011 0.359848 0.000000 189.026125 -0.359848 0.933011 -0.000000 -45.847676 -0.000000 0.000000 1.000000 0.000000
0.934630 0.355621 0.000000 189.427051 -0.355621 0.934630 -0.000000 -46.024445 -0.000000 0.000000 1.000000 0.000000
0.937478 0.348046 0.000000 190.388172 -0.348046 0.937478 -0.000000 -46.340309 -0.000000 0.000000 1.000000 0.000000
0.939951 0.341309 0.000000 190.835977 -0.341309 0.939951 -0.000000 -46.551025 -0.000000 0.000000 1.000000 0.000000
0.942985 0.332835 0.000000 191.311633 -0.332835 0.942985 -0.000000 -46.678189 -0.000000 0.000000 1.000000 0.000000
0.944516 0.328465 0.000000 191.821920 -0.328465 0.944516 -0.000000 -46.880422 -0.000000 0.000000 1.000000 0.000000
0.947640 0.319339 0.000000 192.253822 -0.319339 0.947640 -0.000000 -46.998818 -0.000000 0.000000 1.000000 0.000000
