1.000000 -0.000098 0.000000 0.718029 0.000098 1.000000 0.000000 0.088893 0.000000 0.000000 1.000000 0.000000
0.999997 0.002318 0.000000 1.281775 -0.002318 0.999997 -0.000000 0.091949 -0.000000 0.000000 1.000000 0.000000
0.999996 0.002907 0.000000 1.677405 -0.002907 0.999996 -0.000000 0.120418 -0.000000 0.000000 1.000000 0.000000
0.999985 0.005401 0.000000 2.300492 -0.005401 0.999985 -0.000000 0.149938 -0.000000 0.000000 1.000000 0.000000
0.999949 0.010103 0.000000 3.406632 -0.010103 0.999949 -0.000000 0.098050 -0.000000 0.000000 1.000000 0.000000
0.999910 0.013426 0.000000 4.256990 -0.013426 0.999910 -0.000000 0.077080 -0.000000 0.000000 1.000000 0.000000
0.999820 0.018978 0.000000 5.280764 -0.018978 0.999820 -0.000000 0.072138 -0.000000 0.000000 1.000000 0.000000
0.999776 0.021188 0.000000 5.900926 -0.021188 0.999776 -0.000000 0.054335 -0.000000 0.000000 1.000000 0.000000
0.999753 0.022218 0.000000 6.371508 -0.022218 0.999753 -0.000000 0.107719 -0.000000 0.000000 1.000000 0.000000
0.999664 0.025930 0.000000 6.692644 -0.025930 0.999664 -0.000000 0.137625 -0.000000 0.000000 1.000000 0.000000
0.999436 0.033587 0.000000 7.755881 -0.033587 0.999436 -0.000000 0.042007 -0.000000 0.000000 1.000000 0.000000
0.999233 0.039155 0.000000 8.188221 -0.039155 0.999233 -0.000000 0.003756 -0.000000 0.000000 1.000000 0.000000
0.999206 0.039846 0.000000 8.413188 -0.039846 0.999206 -0.000000 0.083481 -0.000000 0.000000 1.000000 0.000000
0.999026 0.044132 0.000000 9.040749 -0.044132 0.999026 -0.000000 0.041976 -0.000000 0.000000 1.000000 0.000000
0.998799 0.048986 0.000000 9.474908 -0.048986 0.998799 -0.000000 0.065111 -0.000000 0.000000 1.000000 0.000000
0.998429 0.056033 0.000000 10.196413 -0.056033 0.998429 -0.000000 -0.051228 -0.000000 0.000000 1.000000 0.000000
0.998058 0.062294 0.000000 10.654524 -0.062294 0.998058 -0.000000 -0.143612 -0.000000 0.000000 1.000000 0.000000
0.997334 0.072971 0.000000 11.775903 -0.072971 0.997334 -0.000000 -0.301369 -0.000000 0.000000 1.000000 0.000000
0.996700 0.081169 0.000000 12.544730 -0.081169 0.996700 -0.000000 -0.411389 -0.000000 0.000000 1.000000 0.000000
0.996334 0.085552 0.000000 12.894324 -0.085552 0.996334 -0.000000 -0.352797 -0.000000 0.000000 1.000000 0.000000
0.995887 0.090609 0.000000 13.471115 -0.090609 0.995887 -0.000000 -0.348468 -0.000000 0.000000 1.000000 0.000000
0.994562 0.104148 0.000000 14.607049 -0.104148 0.994562 -0.000000 -0.261160 -0.000000 0.000000 1.000000 0.000000
0.993667 0.112366 0.000000 15.261848 -0.112366 0.993667 -0.000000 -0.390808 -0.000000 0.000000 1.000000 0.000000
0.992783 0.119927 0.000000 15.869851 -0.119927 0.992783 -0.000000 -0.473121 -0.000000 0.000000 1.000000 0.000000
0.991783 0.127931 0.000000 16.539452 -0.127931 0.991783 -0.000000 -0.523486 -0.000000 0.000000 1.000000 0.000000
0.991150 0.132745 0.000000 16.729762 -0.132745 0.991150 -0.000000 -0.531748 -0.000000 0.000000 1.000000 0.000000
0.990355 0.138555 0.000000 17.228945 -0.138555 0.990355 -0.000000 -0.579370 -0.000000 0.000000 1.000000 0.000000
0.989665 0.143395 0.000000 17.643982 -0.143395 0.989665 -0.000000 -0.664505 -0.000000 0.000000 1.000000 0.000000
0.988730 0.149709 0.000000 18.300872 -0.149709 0.988730 -0.000000 -0.844968 -0.000000 0.000000 1.000000 0.000000
0.986815 0.161852 0.000000 19.629654 -0.161852 0.986815 -0.000000 -1.248942 -0.000000 0.000000 1.000000 0.000000
0.984871 0.173291 0.000000 20.380703 -0.173291 0.984871 -0.000000 -1.500032 -0.000000 0.000000 1.000000 0.000000
0.983504 0.180888 0.000000 20.810732 -0.180888 0.983504 -0.000000 -1.689172 -0.000000 0.000000 1.000000 0.000000
0.982272 0.187461 0.000000 21.577543 -0.187461 0.982272 -0.000000 -1.834558 -0.000000 0.000000 1.000000 0.000000
0.981125 0.193372 0.000000 22.184040 -0.193372 0.981125 -0.000000 -1.888914 -0.000000 0.000000 1.000000 0.000000
0.979627 0.200824 0.000000 23.034702 -0.200824 0.979627 -0.000000 -2.112756 -0.000000 0.000000 1.000000 0.000000
0.978212 0.207611 0.000000 23.588450 -0.207611 0.978212 -0.000000 -2.154172 -0.000000 0.000000 1.000000 0.000000
0.977174 0.212442 0.000000 23.897158 -0.212442 0.977174 -0.000000 -2.150033 -0.000000 0.000000 1.000000 0.000000
0.975589 0.219604 0.000000 24.451380 -0.219604 0.975589 -0.000000 -2.280752 -0.000000 0.000000 1.000000 0.000000
0.973575 0.228367 0.000000 25.022391 -0.228367 0.973575 -0.000000 -2.505775 -0.000000 0.000000 1.000000 0.000000
0.971795 0.235828 0.000000 25.564488 -0.235828 0.971795 -0.000000 -2.620479 -0.000000 0.000000 1.000000 0.000000
0.969578 0.244783 0.000000 26.419807 -0.244783 0.969578 -0.000000 -2.839180 -0.000000 0.000000 1.000000 0.000000
0.968123 0.250476 0.000000 26.763804 -0.250476 0.968123 -0.000000 -2.834385 -0.000000 0.000000 1.000000 0.000000
0.966518 0.256601 0.000000 27.267218 -0.256601 0.966518 -0.000000 -2.966761 -0.000000 0.000000 1.000000 0.000000
0.964681 0.263422 0.000000 27.858490 -0.263422 0.964681 -0.000000 -3.116934 -0.000000 0.000000 1.000000 0.000000
0.963023 0.269421 0.000000 28.352830 -0.269421 0.963023 -0.000000 -3.248258 -0.000000 0.000000 1.000000 0.000000
0.959499 0.281712 0.000000 29.431033 -0.281712 0.959499 -0.000000 -3.484071 -0.000000 0.000000 1.000000 0.000000
0.957823 0.287359 0.000000 29.964541 -0.287359 0.957823 -0.000000 -3.706413 -0.000000 0.000000 1.000000 0.000000
0.955841 0.293884 0.000000 30.618084 -0.293884 0.955841 -0.000000 -3.880833 -0.000000 0.000000 1.000000 0.000000
0.952032 0.306000 0.000000 31.198611 -0.306000 0.952032 -0.000000 -4.132235 -0.000000 0.000000 1.000000 0.000000
0.950395 0.311044 0.000000 31.562430 -0.311044 0.950395 -0.000000 -4.389788 -0.000000 0.000000 1.000000 0.000000
0.948597 0.316485 0.000000 32.061870 -0.316485 0.948597 -0.000000 -4.510549 -0.000000 0.000000 1.000000 0.000000
0.945926 0.324381 0.000000 32.766800 -0.324381 0.945926 -0.000000 -4.776301 -0.000000 0.000000 1.000000 0.000000
0.943987 0.329984 0.000000 32.945009 -0.329984 0.943987 -0.000000 -4.893353 -0.000000 0.000000 1.000000 0.000000
0.943880 0.330288 0.000000 33.508026 -0.330288 0.943880 -0.000000 -4.921143 -0.000000 0.000000 1.000000 0.000000
0.941315 0.337530 0.000000 33.903026 -0.337530 0.941315 -0.000000 -5.075352 -0.000000 0.000000 1.000000 0.000000
0.941180 0.337906 0.000000 34.195790 -0.337906 0.941180 -0.000000 -5.110165 -0.000000 0.000000 1.000000 0.000000
0.937974 0.346705 0.000000 35.030923 -0.346705 0.937974 -0.000000 -5.391057 -0.000000 0.000000 1.000000 0.000000
0.936609 0.350375 0.000000 35.309437 -0.350375 0.936609 -0.000000 -5.519447 -0.000000 0.000000 1.000000 0.000000
0.934411 0.356197 0.000000 35.858665 -0.356197 0.934411 -0.000000 -5.887854 -0.000000 0.000000 1.000000 0.000000
0.932601 0.360909 0.000000 36.434648 -0.360909 0.932601 -0.000000 -6.115941 -0.000000 0.000000 1.000000 0.000000
0.929988 0.367589 0.000000 37.189233 -0.367589 0.929988 -0.000000 -6.362900 -0.000000 0.000000 1.000000 0.000000
0.926923 0.375251 0.000000 37.719957 -0.375251 0.926923 -0.000000 -6.578842 -0.000000 0.000000 1.000000 0.000000
0.925072 0.379792 0.000000 38.173362 -0.379792 0.925072 -0.000000 -6.815085 -0.000000 0.000000 1.000000 0.000000
0.923207 0.384302 0.000000 38.667065 -0.384302 0.923207 -0.000000 -7.039322 -0.000000 0.000000 1.000000 0.000000
0.920245 0.391343 0.000000 39.269839 -0.391343 0.920245 -0.000000 -7.285049 -0.000000 0.000000 1.000000 0.000000
0.918010 0.396557 0.000000 39.748563 -0.396557 0.918010 -0.000000 -7.490248 -0.000000 0.000000 1.000000 0.000000
0.914479 0.404633 0.000000 40.166076 -0.404633 0.914479 -0.000000 -7.743782 -0.000000 0.000000 1.000000 0.000000
0.912415 0.409266 0.000000 40.730644 -0.409266 0.912415 -0.000000 -7.848852 -0.000000 0.000000 1.000000 0.000000
0.911278 0.411791 0.000000 41.244276 -0.411791 0.911278 -0.000000 -7.881502 -0.000000 0.000000 1.000000 0.000000
0.909842 0.414955 0.000000 41.592277 -0.414955 0.909842 -0.000000 -7.987903 -0.000000 0.000000 1.000000 0.000000
0.908200 0.418536 0.000000 42.041442 -0.418536 0.908200 -0.000000 -8.020936 -0.000000 0.000000 1.000000 0.000000
0.904883 0.425661 0.000000 42.761569 -0.425661 0.904883 -0.000000 -8.320208 -0.000000 0.000000 1.000000 0.000000
0.901967 0.431805 0.000000 43.536406 -0.431805 0.901967 -0.000000 -8.546384 -0.000000 0.000000 1.000000 0.000000
0.899893 0.436111 0.000000 44.014595 -0.436111 0.899893 -0.000000 -8.696597 -0.000000 0.000000 1.000000 0.000000
0.895019 0.446029 0.000000 44.886009 -0.446029 0.895019 -0.000000 -9.234235 -0.000000 0.000000 1.000000 0.000000
0.891453 0.453114 0.000000 45.841480 -0.453114 0.891453 -0.000000 -9.500354 -0.000000 0.000000 1.000000 0.000000
0.887575 0.460663 0.000000 46.556355 -0.460663 0.887575 -0.000000 -9.754960 -0.000000 0.000000 1.000000 0.000000
0.888223 0.459412 0.000000 46.775687 -0.459412 0.888223 -0.000000 -9.852374 -0.000000 0.000000 1.000000 0.000000
0.885686 0.464284 0.000000 46.967457 -0.464284 0.885686 -0.000000 -10.067091 -0.000000 0.000000 1.000000 0.000000
0.883361 0.468693 0.000000 47.502020 -0.468693 0.883361 -0.000000 -10.348125 -0.000000 0.000000 1.000000 0.000000
0.881465 0.472250 0.000000 47.959421 -0.472250 0.881465 -0.000000 -10.704907 -0.000000 0.000000 1.000000 0.000000
0.879960 0.475048 0.000000 48.385981 -0.475048 0.879960 -0.000000 -10.889058 -0.000000 0.000000 1.000000 0.000000
0.878421 0.477888 0.000000 49.015456 -0.477888 0.878421 -0.000000 -11.130129 -0.000000 0.000000 1.000000 0.000000
0.875869 0.482548 0.000000 49.509221 -0.482548 0.875869 -0.000000 -11.421414 -0.000000 0.000000 1.000000 0.000000
0.873052 0.487627 0.000000 49.759007 -0.487627 0.873052 -0.000000 -11.728567 -0.000000 0.000000 1.000000 0.000000
0.872024 0.489464 0.000000 50.259114 -0.489464 0.872024 -0.000000 -11.742926 -0.000000 0.000000 1.000000 0.000000
0.869729 0.493530 0.000000 50.718438 -0.493530 0.869729 -0.000000 -11.986962 -0.000000 0.000000 1.000000 0.000000
0.867955 0.496642 0.000000 51.153741 -0.496642 0.867955 -0.000000 -12.233010 -0.000000 0.000000 1.000000 0.000000
0.866543 0.499102 0.000000 51.557250 -0.499102 0.866543 -0.000000 -12.401592 -0.000000 0.000000 1.000000 0.000000
0.864564 0.502523 0.000000 52.112101 -0.502523 0.864564 -0.000000 -12.583101 -0.000000 0.000000 1.000000 0.000000
0.861105 0.508428 0.000000 52.464528 -0.508428 0.861105 -0.000000 -12.787275 -0.000000 0.000000 1.000000 0.000000
0.858574 0.512690 0.000000 52.826167 -0.512690 0.858574 -0.000000 -13.012180 -0.000000 0.000000 1.000000 0.000000
0.858699 0.512481 0.000000 53.183861 -0.512481 0.858699 -0.000000 -13.203300 -0.000000 0.000000 1.000000 0.000000
0.851449 0.524437 0.000000 53.850488 -0.524437 0.851449 -0.000000 -13.694332 -0.000000 0.000000 1.000000 0.000000
0.851230 0.524793 0.000000 54.071692 -0.524793 0.851230 -0.000000 -13.711230 -0.000000 0.000000 1.000000 0.000000
0.850026 0.526740 0.000000 54.361566 -0.526740 0.850026 -0.000000 -13.967262 -0.000000 0.000000 1.000000 0.000000
0.846550 0.532310 0.000000 54.522281 -0.532310 0.846550 -0.000000 -14.158858 -0.000000 0.000000 1.000000 0.000000
0.842833 0.538175 0.000000 54.847550 -0.538175 0.842833 -0.000000 -14.543021 -0.000000 0.000000 1.000000 0.000000
0.839647 0.543132 0.000000 55.030269 -0.543132 0.839647 -0.000000 -14.672339 -0.000000 0.000000 1.000000 0.000000
0.836571 0.547859 0.000000 55.375169 -0.547859 0.836571 -0.000000 -14.902556 -0.000000 0.000000 1.000000 0.000000
0.834488 0.551025 0.000000 55.346272 -0.551025 0.834488 -0.000000 -14.972117 -0.000000 0.000000 1.000000 0.000000
0.832488 0.554043 0.000000 55.609772 -0.554043 0.832488 -0.000000 -15.151662 -0.000000 0.000000 1.000000 0.000000
0.829526 0.558468 0.000000 55.940095 -0.558468 0.829526 -0.000000 -15.377598 -0.000000 0.000000 1.000000 0.000000
0.825878 0.563849 0.000000 56.379849 -0.563849 0.825878 -0.000000 -15.641816 -0.000000 0.000000 1.000000 0.000000
0.824079 0.566475 0.000000 56.810616 -0.566475 0.824079 -0.000000 -15.818844 -0.000000 0.000000 1.000000 0.000000
0.821695 0.569927 0.000000 57.077057 -0.569927 0.821695 -0.000000 -15.949137 -0.000000 0.000000 1.000000 0.000000
0.818758 0.574139 0.000000 57.532787 -0.574139 0.818758 -0.000000 -16.342404 -0.000000 0.000000 1.000000 0.000000
0.816375 0.577522 0.000000 57.867525 -0.577522 0.816375 -0.000000 -16.478337 -0.000000 0.000000 1.000000 0.000000
0.808928 0.587908 0.000000 58.444093 -0.587908 0.808928 -0.000000 -16.970056 -0.000000 0.000000 1.000000 0.000000
0.805750 0.592256 0.000000 58.827817 -0.592256 0.805750 -0.000000 -17.302263 -0.000000 0.000000 1.000000 0.000000
0.805533 0.592550 0.000000 59.067208 -0.592550 0.805533 -0.000000 -17.471976 -0.000000 0.000000 1.000000 0.000000
0.803372 0.595478 0.000000 59.338528 -0.595478 0.803372 -0.000000 -17.778575 -0.000000 0.000000 1.000000 0.000000
0.800040 0.599947 0.000000 59.507138 -0.599947 0.800040 -0.000000 -17.974505 -0.000000 0.000000 1.000000 0.000000
0.798062 0.602575 0.000000 59.859982 -0.602575 0.798062 -0.000000 -18.263855 -0.000000 0.000000 1.000000 0.000000
0.795056 0.606536 0.000000 60.247495 -0.606536 0.795056 -0.000000 -18.551383 -0.000000 0.000000 1.000000 0.000000
0.793462 0.608619 0.000000 60.501855 -0.608619 0.793462 -0.000000 -18.668826 -0.000000 0.000000 1.000000 0.000000
0.788389 0.615177 0.000000 60.859157 -0.615177 0.788389 -0.000000 -19.107007 -0.000000 0.000000 1.000000 0.000000
0.788162 0.615468 0.000000 61.072831 -0.615468 0.788162 -0.000000 -19.294584 -0.000000 0.000000 1.000000 0.000000
0.784858 0.619675 0.000000 61.308466 -0.619675 0.784858 -0.000000 -19.501394 -0.000000 0.000000 1.000000 0.000000
0.782711 0.622385 0.000000 61.536081 -0.622385 0.782711 -0.000000 -19.696961 -0.000000 0.000000 1.000000 0.000000
0.780067 0.625696 0.000000 62.058246 -0.625696 0.780067 -0.000000 -20.044457 -0.000000 0.000000 1.000000 0.000000
0.778595 0.627527 0.000000 62.138493 -0.627527 0.778595 -0.000000 -20.167354 -0.000000 0.000000 1.000000 0.000000
0.776713 0.629855 0.000000 62.450347 -0.629855 0.776713 -0.000000 -20.383840 -0.000000 0.000000 1.000000 0.000000
0.773360 0.633967 0.000000 62.842494 -0.633967 0.773360 -0.000000 -20.624704 -0.000000 0.000000 1.000000 0.000000
0.773198 0.634165 0.000000 63.193679 -0.634165 0.773198 -0.000000 -20.700092 -0.000000 0.000000 1.000000 0.000000
0.772316 0.635239 0.000000 63.401717 -0.635239 0.772316 -0.000000 -20.935171 -0.000000 0.000000 1.000000 0.000000
0.770047 0.637987 0.000000 63.506722 -0.637987 0.770047 -0.000000 -21.040920 -0.000000 0.000000 1.000000 0.000000
0.766490 0.642256 0.000000 63.807698 -0.642256 0.766490 -0.000000 -21.210398 -0.000000 0.000000 1.000000 0.000000
0.765601 0.643316 0.000000 63.991134 -0.643316 0.765601 -0.000000 -21.381701 -0.000000 0.000000 1.000000 0.000000
0.767703 0.640806 0.000000 64.074477 -0.640806 0.767703 -0.000000 -21.494964 -0.000000 0.000000 1.000000 0.000000
0.765819 0.643056 0.000000 64.091598 -0.643056 0.765819 -0.000000 -21.644705 -0.000000 0.000000 1.000000 0.000000
0.766915 0.641749 0.000000 64.461387 -0.641749 0.766915 -0.000000 -21.729369 -0.000000 0.000000 1.000000 0.000000
0.766729 0.641970 0.000000 64.639249 -0.641970 0.766729 -0.000000 -21.862017 -0.000000 0.000000 1.000000 0.000000
0.766272 0.642516 0.000000 64.841448 -0.642516 0.766272 -0.000000 -21.977531 -0.000000 0.000000 1.000000 0.000000
0.764531 0.644587 0.000000 64.951364 -0.644587 0.764531 -0.000000 -22.061699 -0.000000 0.000000 1.000000 0.000000
0.764251 0.644919 0.000000 64.885645 -0.644919 0.764251 -0.000000 -22.005552 -0.000000 0.000000 1.000000 0.000000
0.763484 0.645826 0.000000 65.038985 -0.645826 0.763484 -0.000000 -22.147614 -0.000000 0.000000 1.000000 0.000000
0.761541 0.648116 0.000000 65.650946 -0.648116 0.761541 -0.000000 -22.442589 -0.000000 0.000000 1.000000 0.000000
0.759599 0.650392 0.000000 65.807025 -0.650392 0.759599 -0.000000 -22.575408 -0.000000 0.000000 1.000000 0.000000
0.756265 0.654266 0.000000 66.173581 -0.654266 0.756265 -0.000000 -22.835441 -0.000000 0.000000 1.000000 0.000000
0.756506 0.653987 0.000000 66.317044 -0.653987 0.756506 -0.000000 -22.991075 -0.000000 0.000000 1.000000 0.000000
0.755621 0.655009 0.000000 66.504809 -0.655009 0.755621 -0.000000 -23.111500 -0.000000 0.000000 1.000000 0.000000
0.753663 0.657261 0.000000 66.629867 -0.657261 0.753663 -0.000000 -23.256601 -0.000000 0.000000 1.000000 0.000000
0.753988 0.656888 0.000000 66.756584 -0.656888 0.753988 -0.000000 -23.377359 -0.000000 0.000000 1.000000 0.000000
0.748294 0.663367 0.000000 66.693181 -0.663367 0.748294 -0.000000 -23.543793 -0.000000 0.000000 1.000000 0.000000
0.749709 0.661767 0.000000 66.788512 -0.661767 0.749709 -0.000000 -23.512517 -0.000000 0.000000 1.000000 0.000000
0.748362 0.663291 0.000000 66.968479 -0.663291 0.748362 -0.000000 -23.601709 -0.000000 0.000000 1.000000 0.000000
0.746131 0.665799 0.000000 67.248086 -0.665799 0.746131 -0.000000 -23.759782 -0.000000 0.000000 1.000000 0.000000
0.743937 0.668250 0.000000 67.406867 -0.668250 0.743937 -0.000000 -23.871842 -0.000000 0.000000 1.000000 0.000000
0.738112 0.674678 0.000000 67.659899 -0.674678 0.738112 -0.000000 -24.114744 -0.000000 0.000000 1.000000 0.000000
0.733739 0.679431 0.000000 67.904768 -0.679431 0.733739 -0.000000 -24.311118 -0.000000 0.000000 1.000000 0.000000
0.732374 0.680903 0.000000 68.060173 -0.680903 0.732374 -0.000000 -24.445979 -0.000000 0.000000 1.000000 0.000000
0.729753 0.683711 0.000000 68.119337 -0.683711 0.729753 -0.000000 -24.492062 -0.000000 0.000000 1.000000 0.000000
0.730221 0.683211 0.000000 68.259068 -0.683211 0.730221 -0.000000 -24.632079 -0.000000 0.000000 1.000000 0.000000
0.728594 0.684945 0.000000 68.505940 -0.684945 0.728594 -0.000000 -24.762231 -0.000000 0.000000 1.000000 0.000000
0.726925 0.686717 0.000000 68.662567 -0.686717 0.726925 -0.000000 -24.932696 -0.000000 0.000000 1.000000 0.000000
0.721107 0.692823 0.000000 68.547560 -0.692823 0.721107 -0.000000 -25.033052 -0.000000 0.000000 1.000000 0.000000
0.719458 0.694536 0.000000 68.658578 -0.694536 0.719458 -0.000000 -25.077173 -0.000000 0.000000 1.000000 0.000000
0.716823 0.697256 0.000000 68.816725 -0.697256 0.716823 -0.000000 -25.195021 -0.000000 0.000000 1.000000 0.000000
0.716240 0.697854 0.000000 68.540908 -0.697854 0.716240 -0.000000 -25.081871 -0.000000 0.000000 1.000000 0.000000
0.717115 0.696955 0.000000 68.752878 -0.696955 0.717115 -0.000000 -25.075300 -0.000000 0.000000 1.000000 0.000000
0.715253 0.698866 0.000000 68.929089 -0.698866 0.715253 -0.000000 -25.255397 -0.000000 0.000000 1.000000 0.000000
0.713143 0.701018 0.000000 69.116200 -0.701018 0.713143 -0.000000 -25.574806 -0.000000 0.000000 1.000000 0.000000
0.709905 0.704297 0.000000 69.439378 -0.704297 0.709905 -0.000000 -25.836770 -0.000000 0.000000 1.000000 0.000000
0.707848 0.706365 0.000000 69.482328 -0.706365 0.707848 -0.000000 -25.967112 -0.000000 0.000000 1.000000 0.000000
0.704076 0.710124 0.000000 69.841720 -0.710124 0.704076 -0.000000 -26.359223 -0.000000 0.000000 1.000000 0.000000
0.701000 0.713161 0.000000 70.118062 -0.713161 0.701000 -0.000000 -26.528995 -0.000000 0.000000 1.000000 0.000000
0.697782 0.716311 0.000000 70.294119 -0.716311 0.697782 -0.000000 -26.702432 -0.000000 0.000000 1.000000 0.000000
0.695667 0.718365 0.000000 70.486183 -0.718365 0.695667 -0.000000 -26.899951 -0.000000 0.000000 1.000000 0.000000
0.691668 0.722215 0.000000 70.756817 -0.722215 0.691668 -0.000000 -27.187220 -0.000000 0.000000 1.000000 0.000000
0.688131 0.725586 0.000000 70.979073 -0.725586 0.688131 -0.000000 -27.394215 -0.000000 0.000000 1.000000 0.000000
0.688924 0.724834 0.000000 71.199255 -0.724834 0.688924 -0.000000 -27.476083 -0.000000 0.000000 1.000000 0.000000
0.685687 0.727897 0.000000 71.313744 -0.727897 0.685687 -0.000000 -27.713730 -0.000000 0.000000 1.000000 0.000000
0.687658 0.726035 0.000000 71.631480 -0.726035 0.687658 -0.000000 -27.794184 -0.000000 0.000000 1.000000 0.000000
0.684809 0.728723 0.000000 71.773567 -0.728723 0.684809 -0.000000 -27.967478 -0.000000 0.000000 1.000000 0.000000
0.680206 0.733021 0.000000 71.784348 -0.733021 0.680206 -0.000000 -28.169369 -0.000000 0.000000 1.000000 0.000000
0.673674 0.739028 0.000000 71.878317 -0.739028 0.673674 -0.000000 -28.596927 -0.000000 0.000000 1.000000 0.000000
0.670858 0.741585 0.000000 72.110255 -0.741585 0.670858 -0.000000 -28.844936 -0.000000 0.000000 1.000000 0.000000
0.667857 0.744290 0.000000 72.268277 -0.744290 0.667857 -0.000000 -29.027610 -0.000000 0.000000 1.000000 0.000000
0.666072 0.745887 0.000000 72.293655 -0.745887 0.666072 -0.000000 -29.272319 -0.000000 0.000000 1.000000 0.000000
0.663547 0.748135 0.000000 72.475246 -0.748135 0.663547 -0.000000 -29.485308 -0.000000 0.000000 1.000000 0.000000
0.665484 0.746412 0.000000 72.633287 -0.746412 0.665484 -0.000000 -29.523291 -0.000000 0.000000 1.000000 0.000000
0.663710 0.747990 0.000000 72.751198 -0.747990 0.663710 -0.000000 -29.745375 -0.000000 0.000000 1.000000 0.000000
0.660323 0.750982 0.000000 72.745369 -0.750982 0.660323 -0.000000 -29.971208 -0.000000 0.000000 1.000000 0.000000
0.659442 0.751755 0.000000 72.617747 -0.751755 0.659442 -0.000000 -30.075881 -0.000000 0.000000 1.000000 0.000000
0.658826 0.752295 0.000000 72.946010 -0.752295 0.658826 -0.000000 -30.350682 -0.000000 0.000000 1.000000 0.000000
0.658825 0.752296 0.000000 73.106590 -0.752296 0.658825 -0.000000 -30.557349 -0.000000 0.000000 1.000000 0.000000
0.659914 0.751341 0.000000 73.252613 -0.751341 0.659914 -0.000000 -30.813264 -0.000000 0.000000 1.000000 0.000000
0.657300 0.753629 0.000000 73.461466 -0.753629 0.657300 -0.000000 -31.246036 -0.000000 0.000000 1.000000 0.000000
0.660300 0.751002 0.000000 73.629889 -0.751002 0.660300 -0.000000 -31.391339 -0.000000 0.000000 1.000000 0.000000
0.662613 0.748962 0.000000 73.763163 -0.748962 0.662613 -0.000000 -31.519103 -0.000000 0.000000 1.000000 0.000000
0.663322 0.748334 0.000000 73.931042 -0.748334 0.663322 -0.000000 -31.728227 -0.000000 0.000000 1.000000 0.000000
0.663708 0.747992 0.000000 74.011389 -0.747992 0.663708 -0.000000 -31.722318 -0.000000 0.000000 1.000000 0.000000
0.664216 0.747541 0.000000 74.155691 -0.747541 0.664216 -0.000000 -31.892079 -0.000000 0.000000 1.000000 0.000000
0.668515 0.743699 0.000000 74.646226 -0.743699 0.668515 -0.000000 -32.217254 -0.000000 0.000000 1.000000 0.000000
0.670853 0.741591 0.000000 74.839222 -0.741591 0.670853 -0.000000 -32.364944 -0.000000 0.000000 1.000000 0.000000
0.673344 0.739330 0.000000 74.923143 -0.739330 0.673344 -0.000000 -32.443439 -0.000000 0.000000 1.000000 0.000000
0.674323 0.738437 0.000000 75.162153 -0.738437 0.674323 -0.000000 -32.598118 -0.000000 0.000000 1.000000 0.000000
0.677876 0.735176 0.000000 75.358605 -0.735176 0.677876 -0.000000 -32.667677 -0.000000 0.000000 1.000000 0.000000
0.676735 0.736227 0.000000 75.414372 -0.736227 0.676735 -0.000000 -32.924254 -0.000000 0.000000 1.000000 0.000000
0.678596 0.734511 0.000000 75.634201 -0.734511 0.678596 -0.000000 -33.183751 -0.000000 0.000000 1.000000 0.000000
0.687446 0.726236 0.000000 75.827948 -0.726236 0.687446 -0.000000 -33.085755 -0.000000 0.000000 1.000000 0.000000
0.686621 0.727016 0.000000 76.088091 -0.727016 0.686621 -0.000000 -33.383730 -0.000000 0.000000 1.000000 0.000000
0.688329 0.725398 0.000000 76.281028 -0.725398 0.688329 -0.000000 -33.621180 -0.000000 0.000000 1.000000 0.000000
0.690583 0.723253 0.000000 76.389554 -0.723253 0.690583 -0.000000 -33.698181 -0.000000 0.000000 1.000000 0.000000
0.693852 0.720117 0.000000 76.509923 -0.720117 0.693852 -0.000000 -33.809428 -0.000000 0.000000 1.000000 0.000000
0.696325 0.717726 0.000000 76.621131 -0.717726 0.696325 -0.000000 -33.933672 -0.000000 0.000000 1.000000 0.000000
0.702714 0.711472 0.000000 76.866856 -0.711472 0.702714 -0.000000 -34.238061 -0.000000 0.000000 1.000000 0.000000
0.706815 0.707399 0.000000 76.903205 -0.707399 0.706815 -0.000000 -34.338182 -0.000000 0.000000 1.000000 0.000000
0.709668 0.704537 0.000000 77.104585 -0.704537 0.709668 -0.000000 -34.493736 -0.000000 0.000000 1.000000 0.000000
0.715038 0.699085 0.000000 77.459799 -0.699085 0.715038 -0.000000 -34.799738 -0.000000 0.000000 1.000000 0.000000
0.723712 0.690102 0.000000 77.658167 -0.690102 0.723712 -0.000000 -35.013179 -0.000000 0.000000 1.000000 0.000000
0.728992 0.684522 0.000000 77.874348 -0.684522 0.728992 -0.000000 -35.102889 -0.000000 0.000000 1.000000 0.000000
0.738386 0.674379 0.000000 77.929016 -0.674379 0.738386 -0.000000 -35.019000 -0.000000 0.000000 1.000000 0.000000
0.743762 0.668445 0.000000 78.114151 -0.668445 0.743762 -0.000000 -35.320017 -0.000000 0.000000 1.000000 0.000000
0.748387 0.663262 0.000000 78.126662 -0.663262 0.748387 -0.000000 -35.419070 -0.000000 0.000000 1.000000 0.000000
0.756312 0.654212 0.000000 78.273281 -0.654212 0.756312 -0.000000 -35.319873 -0.000000 0.000000 1.000000 0.000000
0.758854 0.651261 0.000000 78.474536 -0.651261 0.758854 -0.000000 -35.394599 -0.000000 0.000000 1.000000 0.000000
0.764471 0.644658 0.000000 78.507519 -0.644658 0.764471 -0.000000 -35.425848 -0.000000 0.000000 1.000000 0.000000
0.769995 0.638050 0.000000 78.824057 -0.638050 0.769995 -0.000000 -35.680726 -0.000000 0.000000 1.000000 0.000000
0.773454 0.633852 0.000000 78.976628 -0.633852 0.773454 -0.000000 -35.663800 -0.000000 0.000000 1.000000 0.000000
0.777596 0.628764 0.000000 79.016095 -0.628764 0.777596 -0.000000 -35.667548 -0.000000 0.000000 1.000000 0.000000
0.781212 0.624266 0.000000 79.264460 -0.624266 0.781212 -0.000000 -35.855090 -0.000000 0.000000 1.000000 0.000000
0.785918 0.618331 0.000000 79.396851 -0.618331 0.785918 -0.000000 -35.909649 -0.000000 0.000000 1.000000 0.000000
0.786180 0.617998 0.000000 79.529923 -0.617998 0.786180 -0.000000 -36.038154 -0.000000 0.000000 1.000000 0.000000
0.791731 0.610869 0.000000 79.585788 -0.610869 0.791731 -0.000000 -36.032682 -0.000000 0.000000 1.000000 0.000000
0.794174 0.607690 0.000000 79.651908 -0.607690 0.794174 -0.000000 -36.129719 -0.000000 0.000000 1.000000 0.000000
0.797220 0.603689 0.000000 79.732010 -0.603689 0.797220 -0.000000 -36.182922 -0.000000 0.000000 1.000000 0.000000
0.797232 0.603674 0.000000 79.751653 -0.603674 0.797232 -0.000000 -36.351814 -0.000000 0.000000 1.000000 0.000000
0.798065 0.602571 0.000000 79.751298 -0.602571 0.798065 -0.000000 -36.327941 -0.000000 0.000000 1.000000 0.000000
0.801079 0.598559 0.000000 79.975571 -0.598559 0.801079 -0.000000 -36.421512 -0.000000 0.000000 1.000000 0.000000
0.802181 0.597080 0.000000 80.005298 -0.597080 0.802181 -0.000000 -36.465290 -0.000000 0.000000 1.000000 0.000000
0.804305 0.594216 0.000000 80.067700 -0.594216 0.804305 -0.000000 -36.485109 -0.000000 0.000000 1.000000 0.000000
0.805964 0.591964 0.000000 80.245732 -0.591964 0.805964 -0.000000 -36.551774 -0.000000 0.000000 1.000000 0.000000
0.808430 0.588593 0.000000 80.132833 -0.588593 0.808430 -0.000000 -36.468659 -0.000000 0.000000 1.000000 0.000000
0.810283 0.586038 0.000000 80.192608 -0.586038 0.810283 -0.000000 -36.416634 -0.000000 0.000000 1.000000 0.000000
0.811522 0.584322 0.000000 80.214965 -0.584322 0.811522 -0.000000 -36.431475 -0.000000 0.000000 1.000000 0.000000
0.812377 0.583132 0.000000 80.235841 -0.583132 0.812377 -0.000000 -36.431139 -0.000000 0.000000 1.000000 0.000000
0.811951 0.583726 0.000000 80.284428 -0.583726 0.811951 -0.000000 -36.441868 -0.000000 0.000000 1.000000 0.000000
0.811689 0.584090 0.000000 80.279446 -0.584090 0.811689 -0.000000 -36.454981 -0.000000 0.000000 1.000000 0.000000
0.812313 0.583222 0.000000 80.408856 -0.583222 0.812313 -0.000000 -36.594682 -0.000000 0.000000 1.000000 0.000000
0.811369 0.584535 0.000000 80.426777 -0.584535 0.811369 -0.000000 -36.650487 -0.000000 0.000000 1.000000 0.000000
0.811411 0.584476 0.000000 80.426888 -0.584476 0.811411 -0.000000 -36.650308 -0.000000 0.000000 1.000000 0.000000
0.811828 0.583897 0.000000 80.449257 -0.583897 0.811828 -0.000000 -36.640612 -0.000000 0.000000 1.000000 0.000000
0.809613 0.586964 0.000000 80.305837 -0.586964 0.809613 -0.000000 -36.715589 -0.000000 0.000000 1.000000 0.000000
0.809573 0.587019 0.000000 80.319977 -0.587019 0.809573 -0.000000 -36.775973 -0.000000 0.000000 1.000000 0.000000
0.809099 0.587673 0.000000 80.343893 -0.587673 0.809099 -0.000000 -36.779832 -0.000000 0.000000 1.000000 0.000000
0.809187 0.587551 0.000000 80.369964 -0.587551 0.809187 -0.000000 -36.774088 -0.000000 0.000000 1.000000 0.000000
0.809262 0.587448 0.000000 80.338555 -0.587448 0.809262 -0.000000 -36.802634 -0.000000 0.000000 1.000000 0.000000
0.808999 0.587810 0.000000 80.332450 -0.587810 0.808999 -0.000000 -36.782818 -0.000000 0.000000 1.000000 0.000000
0.808330 0.588730 0.000000 80.363486 -0.588730 0.808330 -0.000000 -36.752188 -0.000000 0.000000 1.000000 0.000000
0.808847 0.588019 0.000000 80.406072 -0.588019 0.808847 -0.000000 -36.790545 -0.000000 0.000000 1.000000 0.000000
0.808157 0.588966 0.000000 80.391375 -0.588966 0.808157 -0.000000 -36.800127 -0.000000 0.000000 1.000000 0.000000
0.807721 0.589565 0.000000 80.322414 -0.589565 0.807721 -0.000000 -36.786475 -0.000000 0.000000 1.000000 0.000000
0.808091 0.589058 0.000000 80.316533 -0.589058 0.808091 -0.000000 -36.778433 -0.000000 0.000000 1.000000 0.000000
0.808639 0.588305 0.000000 80.336393 -0.588305 0.808639 -0.000000 -36.792918 -0.000000 0.000000 1.000000 0.000000
0.808713 0.588204 0.000000 80.339832 -0.588204 0.808713 -0.000000 -36.795727 -0.000000 0.000000 1.000000 0.000000
0.809468 0.587164 0.000000 80.358108 -0.587164 0.809468 -0.000000 -36.798494 -0.000000 0.000000 1.000000 0.000000
0.809398 0.587261 0.000000 80.359279 -0.587261 0.809398 -0.000000 -36.801573 -0.000000 0.000000 1.000000 0.000000
0.809591 0.586994 0.000000 80.314387 -0.586994 0.809591 -0.000000 -36.823689 -0.000000 0.000000 1.000000 0.000000
0.809604 0.586976 0.000000 80.314132 -0.586976 0.809604 -0.000000 -36.824198 -0.000000 0.000000 1.000000 0.000000
0.809650 0.586912 0.000000 80.314596 -0.586912 0.809650 -0.000000 -36.829085 -0.000000 0.000000 1.000000 0.000000
0.809637 0.586931 0.000000 80.328634 -0.586931 0.809637 -0.000000 -36.838644 -0.000000 0.000000 1.000000 0.000000
0.810335 0.585966 0.000000 80.298140 -0.585966 0.810335 -0.000000 -36.826617 -0.000000 0.000000 1.000000 0.000000
0.810094 0.586301 0.000000 80.298204 -0.586301 0.810094 -0.000000 -36.826620 -0.000000 0.000000 1.000000 0.000000
0.810161 0.586207 0.000000 80.275191 -0.586207 0.810161 -0.000000 -36.822439 -0.000000 0.000000 1.000000 0.000000
0.809723 0.586812 0.000000 80.270026 -0.586812 0.809723 -0.000000 -36.869221 -0.000000 0.000000 1.000000 0.000000
0.810106 0.586284 0.000000 80.291611 -0.586284 0.810106 -0.000000 -36.847398 -0.000000 0.000000 1.000000 0.000000
0.810447 0.585812 0.000000 80.274617 -0.585812 0.810447 -0.000000 -36.823031 -0.000000 0.000000 1.000000 0.000000
0.810951 0.585114 0.000000 80.379310 -0.585114 0.810951 -0.000000 -36.872188 -0.000000 0.000000 1.000000 0.000000
0.811263 0.584681 0.000000 80.371538 -0.584681 0.811263 -0.000000 -36.864972 -0.000000 0.000000 1.000000 0.000000
0.812417 0.583077 0.000000 80.353345 -0.583077 0.812417 -0.000000 -36.825780 -0.000000 0.000000 1.000000 0.000000
0.813165 0.582033 0.000000 80.354197 -0.582033 0.813165 -0.000000 -36.803272 -0.000000 0.000000 1.000000 0.000000
0.813834 0.581098 0.000000 80.312679 -0.581098 0.813834 -0.000000 -36.763305 -0.000000 0.000000 1.000000 0.000000
0.813642 0.581366 0.000000 80.326217 -0.581366 0.813642 -0.000000 -36.800915 -0.000000 0.000000 1.000000 0.000000
0.811675 0.584109 0.000000 80.339851 -0.584109 0.811675 -0.000000 -36.863360 -0.000000 0.000000 1.000000 0.000000
0.813616 0.581403 0.000000 80.381657 -0.581403 0.813616 -0.000000 -36.802835 -0.000000 0.000000 1.000000 0.000000
0.814013 0.580847 0.000000 80.366806 -0.580847 0.814013 -0.000000 -36.776207 -0.000000 0.000000 1.000000 0.000000
0.813842 0.581087 0.000000 80.313577 -0.581087 0.813842 -0.000000 -36.774155 -0.000000 0.000000 1.000000 0.000000
0.813898 0.581008 0.000000 80.328701 -0.581008 0.813898 -0.000000 -36.813645 -0.000000 0.000000 1.000000 0.000000
0.814461 0.580218 0.000000 80.350136 -0.580218 0.814461 -0.000000 -36.784232 -0.000000 0.000000 1.000000 0.000000
0.814373 0.580342 0.000000 80.360363 -0.580342 0.814373 -0.000000 -36.796111 -0.000000 0.000000 1.000000 0.000000
0.813714 0.581265 0.000000 80.337212 -0.581265 0.813714 -0.000000 -36.870254 -0.000000 0.000000 1.000000 0.000000
0.813366 0.581753 0.000000 80.416196 -0.581753 0.813366 -0.000000 -36.960772 -0.000000 0.000000 1.000000 0.000000
0.814010 0.580851 0.000000 80.383794 -0.580851 0.814010 -0.000000 -36.909222 -0.000000 0.000000 1.000000 0.000000
0.812708 0.582671 0.000000 80.419402 -0.582671 0.812708 -0.000000 -36.950919 -0.000000 0.000000 1.000000 0.000000
0.815269 0.579082 0.000000 80.443706 -0.579082 0.815269 -0.000000 -36.877636 -0.000000 0.000000 1.000000 0.000000
0.815103 0.579316 0.000000 80.468701 -0.579316 0.815103 -0.000000 -36.883814 -0.000000 0.000000 1.000000 0.000000
0.815534 0.578709 0.000000 80.423209 -0.578709 0.815534 -0.000000 -36.901768 -0.000000 0.000000 1.000000 0.000000
0.816432 0.577441 0.000000 80.206023 -0.577441 0.816432 -0.000000 -36.777051 -0.000000 0.000000 1.000000 0.000000
0.816235 0.577720 0.000000 80.222278 -0.577720 0.816235 -0.000000 -36.786652 -0.000000 0.000000 1.000000 0.000000
0.816233 0.577723 0.000000 80.233827 -0.577723 0.816233 -0.000000 -36.802474 -0.000000 0.000000 1.000000 0.000000
0.816346 0.577563 0.000000 80.226093 -0.577563 0.816346 -0.000000 -36.791968 -0.000000 0.000000 1.000000 0.000000
0.815810 0.578319 0.000000 80.204344 -0.578319 0.815810 -0.000000 -36.781798 -0.000000 0.000000 1.000000 0.000000
0.816119 0.577884 0.000000 80.184316 -0.577884 0.816119 -0.000000 -36.733498 -0.000000 0.000000 1.000000 0.000000
0.816285 0.577649 0.000000 80.204893 -0.577649 0.816285 -0.000000 -36.749517 -0.000000 0.000000 1.000000 0.000000
0.816426 0.577450 0.000000 80.203872 -0.577450 0.816426 -0.000000 -36.750159 -0.000000 0.000000 1.000000 0.000000
0.815403 0.578893 0.000000 80.278523 -0.578893 0.815403 -0.000000 -36.857606 -0.000000 0.000000 1.000000 0.000000
0.815417 0.578874 0.000000 80.278365 -0.578874 0.815417 -0.000000 -36.857977 -0.000000 0.000000 1.000000 0.000000
0.815639 0.578561 0.000000 80.276334 -0.578561 0.815639 -0.000000 -36.846040 -0.000000 0.000000 1.000000 0.000000
0.815479 0.578787 0.000000 80.287665 -0.578787 0.815479 -0.000000 -36.862931 -0.000000 0.000000 1.000000 0.000000
0.816703 0.577059 0.000000 80.202099 -0.577059 0.816703 -0.000000 -36.739684 -0.000000 0.000000 1.000000 0.000000
0.819460 0.573137 0.000000 80.095187 -0.573137 0.819460 -0.000000 -36.507297 -0.000000 0.000000 1.000000 0.000000
0.821315 0.570475 0.000000 80.075318 -0.570475 0.821315 -0.000000 -36.373014 -0.000000 0.000000 1.000000 0.000000
0.821497 0.570213 0.000000 80.067278 -0.570213 0.821497 -0.000000 -36.364280 -0.000000 0.000000 1.000000 0.000000
0.821721 0.569890 0.000000 80.068687 -0.569890 0.821721 -0.000000 -36.372411 -0.000000 0.000000 1.000000 0.000000
0.823242 0.567690 0.000000 80.047334 -0.567690 0.823242 -0.000000 -36.273603 -0.000000 0.000000 1.000000 0.000000
0.824080 0.566473 0.000000 80.041969 -0.566473 0.824080 -0.000000 -36.201832 -0.000000 0.000000 1.000000 0.000000
0.824369 0.566053 0.000000 80.044877 -0.566053 0.824369 -0.000000 -36.209574 -0.000000 0.000000 1.000000 0.000000
0.823918 0.566710 0.000000 80.031615 -0.566710 0.823918 -0.000000 -36.260750 -0.000000 0.000000 1.000000 0.000000
0.823161 0.567808 0.000000 80.096685 -0.567808 0.823161 -0.000000 -36.310699 -0.000000 0.000000 1.000000 0.000000
0.826846 0.562429 0.000000 80.119402 -0.562429 0.826846 -0.000000 -36.102777 -0.000000 0.000000 1.000000 0.000000
0.829454 0.558575 0.000000 80.181947 -0.558575 0.829454 -0.000000 -36.163565 -0.000000 0.000000 1.000000 0.000000
0.831191 0.555987 0.000000 80.115704 -0.555987 0.831191 -0.000000 -36.050442 -0.000000 0.000000 1.000000 0.000000
0.829487 0.558526 0.000000 80.118031 -0.558526 0.829487 -0.000000 -36.100630 -0.000000 0.000000 1.000000 0.000000
0.828829 0.559503 0.000000 80.107032 -0.559503 0.828829 -0.000000 -36.110324 -0.000000 0.000000 1.000000 0.000000
0.830418 0.557141 0.000000 80.086233 -0.557141 0.830418 -0.000000 -36.095838 -0.000000 0.000000 1.000000 0.000000
0.829941 0.557852 0.000000 80.078795 -0.557852 0.829941 -0.000000 -36.116325 -0.000000 0.000000 1.000000 0.000000
0.832581 0.553903 0.000000 79.993317 -0.553903 0.832581 -0.000000 -35.859904 -0.000000 0.000000 1.000000 0.000000
0.831366 0.555725 0.000000 79.965415 -0.555725 0.831366 -0.000000 -35.920568 -0.000000 0.000000 1.000000 0.000000
0.831922 0.554893 0.000000 79.972187 -0.554893 0.831922 -0.000000 -35.923752 -0.000000 0.000000 1.000000 0.000000
0.834210 0.551446 0.000000 79.918757 -0.551446 0.834210 -0.000000 -35.820667 -0.000000 0.000000 1.000000 0.000000
0.836534 0.547915 0.000000 80.013825 -0.547915 0.836534 -0.000000 -35.832946 -0.000000 0.000000 1.000000 0.000000
0.839336 0.543613 0.000000 80.124014 -0.543613 0.839336 -0.000000 -35.819813 -0.000000 0.000000 1.000000 0.000000
0.839193 0.543834 0.000000 80.137210 -0.543834 0.839193 -0.000000 -35.829288 -0.000000 0.000000 1.000000 0.000000
0.840329 0.542077 0.000000 80.201123 -0.542077 0.840329 -0.000000 -35.855769 -0.000000 0.000000 1.000000 0.000000
0.840501 0.541810 0.000000 80.165232 -0.541810 0.840501 -0.000000 -35.826248 -0.000000 0.000000 1.000000 0.000000
0.839683 0.543076 0.000000 80.156757 -0.543076 0.839683 -0.000000 -35.877069 -0.000000 0.000000 1.000000 0.000000
0.839873 0.542783 0.000000 80.318814 -0.542783 0.839873 -0.000000 -35.940653 -0.000000 0.000000 1.000000 0.000000
0.840645 0.541586 0.000000 80.118060 -0.541586 0.840645 -0.000000 -35.803387 -0.000000 0.000000 1.000000 0.000000
0.841684 0.539970 0.000000 80.193065 -0.539970 0.841684 -0.000000 -35.859721 -0.000000 0.000000 1.000000 0.000000
0.840417 0.541940 0.000000 80.138569 -0.541940 0.840417 -0.000000 -35.856782 -0.000000 0.000000 1.000000 0.000000
0.841547 0.540184 0.000000 80.032253 -0.540184 0.841547 -0.000000 -35.828717 -0.000000 0.000000 1.000000 0.000000
0.843008 0.537901 0.000000 80.201968 -0.537901 0.843008 -0.000000 -35.794216 -0.000000 0.000000 1.000000 0.000000
0.844165 0.536083 0.000000 80.205351 -0.536083 0.844165 -0.000000 -35.801001 -0.000000 0.000000 1.000000 0.000000
0.844664 0.535297 0.000000 80.254285 -0.535297 0.844664 -0.000000 -35.801015 -0.000000 0.000000 1.000000 0.000000
0.844609 0.535383 0.000000 80.224232 -0.535383 0.844609 -0.000000 -35.782790 -0.000000 0.000000 1.000000 0.000000
0.845620 0.533786 0.000000 80.223245 -0.533786 0.845620 -0.000000 -35.794354 -0.000000 0.000000 1.000000 0.000000
0.845014 0.534744 0.000000 80.238374 -0.534744 0.845014 -0.000000 -35.823808 -0.000000 0.000000 1.000000 0.000000
0.846311 0.532690 0.000000 80.272180 -0.532690 0.846311 -0.000000 -35.868661 -0.000000 0.000000 1.000000 0.000000
0.846414 0.532525 0.000000 80.275337 -0.532525 0.846414 -0.000000 -35.873907 -0.000000 0.000000 1.000000 0.000000
0.846147 0.532950 0.000000 80.273880 -0.532950 0.846147 -0.000000 -35.891108 -0.000000 0.000000 1.000000 0.000000
0.846509 0.532375 0.000000 80.288668 -0.532375 0.846509 -0.000000 -35.854368 -0.000000 0.000000 1.000000 0.000000
0.846420 0.532516 0.000000 80.320077 -0.532516 0.846420 -0.000000 -35.817654 -0.000000 0.000000 1.000000 0.000000
0.845765 0.533556 0.000000 80.324436 -0.533556 0.845765 -0.000000 -35.862925 -0.000000 0.000000 1.000000 0.000000
0.845286 0.534314 0.000000 80.351652 -0.534314 0.845286 -0.000000 -35.917842 -0.000000 0.000000 1.000000 0.000000
0.845290 0.534308 0.000000 80.351819 -0.534308 0.845290 -0.000000 -35.916236 -0.000000 0.000000 1.000000 0.000000
0.844657 0.535307 0.000000 80.383611 -0.535307 0.844657 -0.000000 -35.913059 -0.000000 0.000000 1.000000 0.000000
0.844903 0.534919 0.000000 80.382239 -0.534919 0.844903 -0.000000 -35.913628 -0.000000 0.000000 1.000000 0.000000
0.844992 0.534779 0.000000 80.381871 -0.534779 0.844992 -0.000000 -35.896881 -0.000000 0.000000 1.000000 0.000000
0.845059 0.534673 0.000000 80.381643 -0.534673 0.845059 -0.000000 -35.904957 -0.000000 0.000000 1.000000 0.000000
