1.000000 -0.000211 0.000000 0.617035 0.000211 1.000000 0.000000 -0.066441 0.000000 0.000000 1.000000 0.000000
0.999999 0.001221 0.000000 1.324940 -0.001221 0.999999 -0.000000 -0.032706 -0.000000 0.000000 1.000000 0.000000
0.999999 0.001128 0.000000 1.904743 -0.001128 0.999999 -0.000000 -0.051529 -0.000000 0.000000 1.000000 0.000000
0.999991 0.004158 0.000000 2.423149 -0.004158 0.999991 -0.000000 -0.114927 -0.000000 0.000000 1.000000 0.000000
0.999978 0.006673 0.000000 3.190643 -0.006673 0.999978 -0.000000 -0.028971 -0.000000 0.000000 1.000000 0.000000
0.999969 0.007840 0.000000 3.661484 -0.007840 0.999969 -0.000000 0.024419 -0.000000 0.000000 1.000000 0.000000
0.999971 0.007577 0.000000 4.111393 -0.007577 0.999971 -0.000000 0.003274 -0.000000 0.000000 1.000000 0.000000
0.999966 0.008287 0.000000 4.856111 -0.008287 0.999966 -0.000000 -0.010448 -0.000000 0.000000 1.000000 0.000000
0.999949 0.010130 0.000000 5.444115 -0.010130 0.999949 -0.000000 -0.110292 -0.000000 0.000000 1.000000 0.000000
0.999936 0.011334 0.000000 6.005948 -0.011334 0.999936 -0.000000 -0.064845 -0.000000 0.000000 1.000000 0.000000
0.999876 0.015749 0.000000 7.091481 -0.015749 0.999876 -0.000000 -0.091577 -0.000000 0.000000 1.000000 0.000000
0.999851 0.017237 0.000000 7.805599 -0.017237 0.999851 -0.000000 -0.223328 -0.000000 0.000000 1.000000 0.000000
0.999863 0.016569 0.000000 8.552258 -0.016569 0.999863 -0.000000 -0.121551 -0.000000 0.000000 1.000000 0.000000
0.999834 0.018211 0.000000 9.083110 -0.018211 0.999834 -0.000000 -0.089341 -0.000000 0.000000 1.000000 0.000000
0.999818 0.019076 0.000000 9.667711 -0.019076 0.999818 -0.000000 -0.100831 -0.000000 0.000000 1.000000 0.000000
0.999823 0.018795 0.000000 10.225256 -0.018795 0.999823 -0.000000 -0.009251 -0.000000 0.000000 1.000000 0.000000
0.999770 0.021443 0.000000 10.814604 -0.021443 0.999770 -0.000000 -0.060236 -0.000000 0.000000 1.000000 0.000000
0.999754 0.022186 0.000000 11.569914 -0.022186 0.999754 -0.000000 -0.057635 -0.000000 0.000000 1.000000 0.000000
0.999717 0.023809 0.000000 12.036347 -0.023809 0.999717 -0.000000 0.140588 -0.000000 0.000000 1.000000 0.000000
0.999675 0.025509 0.000000 12.585932 -0.025509 0.999675 -0.000000 0.144499 -0.000000 0.000000 1.000000 0.000000
0.999642 0.026763 0.000000 13.176253 -0.026763 0.999642 -0.000000 0.157798 -0.000000 0.000000 1.000000 0.000000
0.999704 0.024334 0.000000 13.800447 -0.024334 0.999704 -0.000000 0.067628 -0.000000 0.000000 1.000000 0.000000
0.999629 0.027246 0.000000 14.359704 -0.027246 0.999629 -0.000000 0.162140 -0.000000 0.000000 1.000000 0.000000
0.999587 0.028725 0.000000 15.144102 -0.028725 0.999587 -0.000000 0.158636 -0.000000 0.000000 1.000000 0.000000
0.999550 0.029988 0.000000 15.677942 -0.029988 0.999550 -0.000000 0.190322 -0.000000 0.000000 1.000000 0.000000
0.999638 0.026922 0.000000 16.111191 -0.026922 0.999638 -0.000000 0.296736 -0.000000 0.000000 1.000000 0.000000
0.999599 0.028317 0.000000 16.760838 -0.028317 0.999599 -0.000000 0.155300 -0.000000 0.000000 1.000000 0.000000
0.999568 0.029388 0.000000 17.260934 -0.029388 0.999568 -0.000000 0.053602 -0.000000 0.000000 1.000000 0.000000
0.999551 0.029957 0.000000 17.882384 -0.029957 0.999551 -0.000000 0.058688 -0.000000 0.000000 1.000000 0.000000
0.999602 0.028194 0.000000 18.580174 -0.028194 0.999602 -0.000000 0.075653 -0.000000 0.000000 1.000000 0.000000
0.999563 0.029547 0.000000 19.130036 -0.029547 0.999563 -0.000000 -0.133686 -0.000000 0.000000 1.000000 0.000000
0.999507 0.031412 0.000000 19.696081 -0.031412 0.999507 -0.000000 -0.134168 -0.000000 0.000000 1.000000 0.000000
0.999471 0.032526 0.000000 20.205903 -0.032526 0.999471 -0.000000 -0.100075 -0.000000 0.000000 1.000000 0.000000
0.999492 0.031883 0.000000 20.752207 -0.031883 0.999492 -0.000000 -0.141037 -0.000000 0.000000 1.000000 0.000000
0.999471 0.032532 0.000000 21.123361 -0.032532 0.999471 -0.000000 -0.156913 -0.000000 0.000000 1.000000 0.000000
0.999425 0.033911 0.000000 21.646817 -0.033911 0.999425 -0.000000 -0.260201 -0.000000 0.000000 1.000000 0.000000
0.999432 0.033712 0.000000 22.150381 -0.033712 0.999432 -0.000000 -0.194189 -0.000000 0.000000 1.000000 0.000000
0.999418 0.034101 0.000000 23.232445 -0.034101 0.999418 -0.000000 -0.230299 -0.000000 0.000000 1.000000 0.000000
0.999325 0.036727 0.000000 24.156627 -0.036727 0.999325 -0.000000 -0.280598 -0.000000 0.000000 1.000000 0.000000
0.999168 0.040781 0.000000 24.732152 -0.040781 0.999168 -0.000000 -0.365879 -0.000000 0.000000 1.000000 0.000000
0.999152 0.041169 0.000000 25.389237 -0.041169 0.999152 -0.000000 -0.528872 -0.000000 0.000000 1.000000 0.000000
0.999168 0.040780 0.000000 26.001240 -0.040780 0.999168 -0.000000 -0.493958 -0.000000 0.000000 1.000000 0.000000
0.999295 0.037536 0.000000 26.597024 -0.037536 0.999295 -0.000000 -0.446722 -0.000000 0.000000 1.000000 0.000000
0.996403 0.084745 0.000000 21.501292 -0.084745 0.996403 -0.000000 -0.690597 -0.000000 0.000000 1.000000 0.000000
0.996444 0.084253 0.000000 22.146815 -0.084253 0.996444 -0.000000 -0.722941 -0.000000 0.000000 1.000000 0.000000
0.996228 0.086775 0.000000 23.238002 -0.086775 0.996228 -0.000000 -1.016414 -0.000000 0.000000 1.000000 0.000000
0.996173 0.087404 0.000000 23.769837 -0.087404 0.996173 -0.000000 -1.102366 -0.000000 0.000000 1.000000 0.000000
0.995924 0.090198 0.000000 24.328015 -0.090198 0.995924 -0.000000 -1.066633 -0.000000 0.000000 1.000000 0.000000
0.996353 0.085324 0.000000 24.899402 -0.085324 0.996353 -0.000000 -1.138189 -0.000000 0.000000 1.000000 0.000000
0.996030 0.089023 0.000000 25.494043 -0.089023 0.996030 -0.000000 -1.043888 -0.000000 0.000000 1.000000 0.000000
0.995443 0.095354 0.000000 26.315562 -0.095354 0.995443 -0.000000 -1.092475 -0.000000 0.000000 1.000000 0.000000
0.995197 0.097892 0.000000 26.881547 -0.097892 0.995197 -0.000000 -1.155516 -0.000000 0.000000 1.000000 0.000000
0.994760 0.102236 0.000000 27.367129 -0.102236 0.994760 -0.000000 -1.101162 -0.000000 0.000000 1.000000 0.000000
0.994622 0.103567 0.000000 27.904340 -0.103567 0.994622 -0.000000 -1.135330 -0.000000 0.000000 1.000000 0.000000
0.994248 0.107101 0.000000 28.551193 -0.107101 0.994248 -0.000000 -1.089681 -0.000000 0.000000 1.000000 0.000000
0.994111 0.108368 0.000000 29.241425 -0.108368 0.994111 -0.000000 -1.174935 -0.000000 0.000000 1.000000 0.000000
0.994024 0.109158 0.000000 29.791874 -0.109158 0.994024 -0.000000 -1.149827 -0.000000 0.000000 1.000000 0.000000
0.993761 0.111535 0.000000 30.234689 -0.111535 0.993761 -0.000000 -1.191141 -0.000000 0.000000 1.000000 0.000000
0.993671 0.112326 0.000000 30.790183 -0.112326 0.993671 -0.000000 -1.264110 -0.000000 0.000000 1.000000 0.000000
0.993131 0.117006 0.000000 31.143386 -0.117006 0.993131 -0.000000 -1.273873 -0.000000 0.000000 1.000000 0.000000
0.992943 0.118592 0.000000 31.962280 -0.118592 0.992943 -0.000000 -1.266315 -0.000000 0.000000 1.000000 0.000000
0.992391 0.123129 0.000000 32.364780 -0.123129 0.992391 -0.000000 -1.146650 -0.000000 0.000000 1.000000 0.000000
0.992235 0.124376 0.000000 32.989985 -0.124376 0.992235 -0.000000 -1.127166 -0.000000 0.000000 1.000000 0.000000
0.992438 0.122744 0.000000 33.513448 -0.122744 0.992438 -0.000000 -1.069404 -0.000000 0.000000 1.000000 0.000000
0.992457 0.122596 0.000000 34.070673 -0.122596 0.992457 -0.000000 -1.130048 -0.000000 0.000000 1.000000 0.000000
0.992472 0.122471 0.000000 34.515282 -0.122471 0.992472 -0.000000 -1.333386 -0.000000 0.000000 1.000000 0.000000
0.992475 0.122450 0.000000 35.104845 -0.122450 0.992475 -0.000000 -1.410485 -0.000000 0.000000 1.000000 0.000000
0.992232 0.124399 0.000000 35.672404 -0.124399 0.992232 -0.000000 -1.650167 -0.000000 0.000000 1.000000 0.000000
0.991951 0.126621 0.000000 36.180754 -0.126621 0.991951 -0.000000 -1.553627 -0.000000 0.000000 1.000000 0.000000
0.992309 0.123783 0.000000 36.816352 -0.123783 0.992309 -0.000000 -1.630315 -0.000000 0.000000 1.000000 0.000000
0.992120 0.125292 0.000000 37.368880 -0.125292 0.992120 -0.000000 -1.699373 -0.000000 0.000000 1.000000 0.000000
0.991605 0.129306 0.000000 37.716981 -0.129306 0.991605 -0.000000 -1.734274 -0.000000 0.000000 1.000000 0.000000
0.991417 0.130735 0.000000 38.267575 -0.130735 0.991417 -0.000000 -1.808724 -0.000000 0.000000 1.000000 0.000000
0.991045 0.133528 0.000000 38.786705 -0.133528 0.991045 -0.000000 -2.270688 -0.000000 0.000000 1.000000 0.000000
0.990662 0.136340 0.000000 39.786026 -0.136340 0.990662 -0.000000 -2.247215 -0.000000 0.000000 1.000000 0.000000
0.990338 0.138677 0.000000 40.249617 -0.138677 0.990338 -0.000000 -2.346121 -0.000000 0.000000 1.000000 0.000000
0.990105 0.140327 0.000000 40.792919 -0.140327 0.990105 -0.000000 -2.421884 -0.000000 0.000000 1.000000 0.000000
0.989699 0.143164 0.000000 41.812648 -0.143164 0.989699 -0.000000 -2.634331 -0.000000 0.000000 1.000000 0.000000
0.989181 0.146697 0.000000 42.513097 -0.146697 0.989181 -0.000000 -2.726368 -0.000000 0.000000 1.000000 0.000000
0.989105 0.147210 0.000000 43.002882 -0.147210 0.989105 -0.000000 -2.799223 -0.000000 0.000000 1.000000 0.000000
0.988258 0.152793 0.000000 44.037871 -0.152793 0.988258 -0.000000 -2.943140 -0.000000 0.000000 1.000000 0.000000
0.988080 0.153941 0.000000 44.524674 -0.153941 0.988080 -0.000000 -2.915383 -0.000000 0.000000 1.000000 0.000000
0.987550 0.157303 0.000000 44.919262 -0.157303 0.987550 -0.000000 -2.972124 -0.000000 0.000000 1.000000 0.000000
0.987455 0.157898 0.000000 45.386900 -0.157898 0.987455 -0.000000 -3.073379 -0.000000 0.000000 1.000000 0.000000
0.986909 0.161277 0.000000 46.188985 -0.161277 0.986909 -0.000000 -3.234581 -0.000000 0.000000 1.000000 0.000000
0.986768 0.162141 0.000000 46.801521 -0.162141 0.986768 -0.000000 -3.370238 -0.000000 0.000000 1.000000 0.000000
0.986716 0.162454 0.000000 47.406822 -0.162454 0.986716 -0.000000 -3.426372 -0.000000 0.000000 1.000000 0.000000
0.986461 0.163994 0.000000 47.827541 -0.163994 0.986461 -0.000000 -3.486494 -0.000000 0.000000 1.000000 0.000000
0.986217 0.165458 0.000000 48.089472 -0.165458 0.986217 -0.000000 -3.596187 -0.000000 0.000000 1.000000 0.000000
0.986475 0.163909 0.000000 48.619820 -0.163909 0.986475 -0.000000 -3.617295 -0.000000 0.000000 1.000000 0.000000
0.986410 0.164304 0.000000 48.999095 -0.164304 0.986410 -0.000000 -3.693639 -0.000000 0.000000 1.000000 0.000000
0.986597 0.163177 0.000000 49.675235 -0.163177 0.986597 -0.000000 -3.748186 -0.000000 0.000000 1.000000 0.000000
0.986445 0.164090 0.000000 50.040736 -0.164090 0.986445 -0.000000 -3.760508 -0.000000 0.000000 1.000000 0.000000
0.986495 0.163790 0.000000 50.609090 -0.163790 0.986495 -0.000000 -4.003751 -0.000000 0.000000 1.000000 0.000000
0.986413 0.164283 0.000000 51.035419 -0.164283 0.986413 -0.000000 -4.066625 -0.000000 0.000000 1.000000 0.000000
0.986445 0.164091 0.000000 51.589504 -0.164091 0.986445 -0.000000 -4.101396 -0.000000 0.000000 1.000000 0.000000
0.985517 0.169576 0.000000 51.950523 -0.169576 0.985517 -0.000000 -4.192637 -0.000000 0.000000 1.000000 0.000000
0.984792 0.173737 0.000000 52.459763 -0.173737 0.984792 -0.000000 -4.362558 -0.000000 0.000000 1.000000 0.000000
0.984326 0.176357 0.000000 52.869490 -0.176357 0.984326 -0.000000 -4.246479 -0.000000 0.000000 1.000000 0.000000
0.983711 0.179760 0.000000 53.248901 -0.179760 0.983711 -0.000000 -4.337612 -0.000000 0.000000 1.000000 0.000000
0.982918 0.184042 0.000000 53.596762 -0.184042 0.982918 -0.000000 -4.142355 -0.000000 0.000000 1.000000 0.000000
0.982961 0.183812 0.000000 53.962126 -0.183812 0.982961 -0.000000 -4.298564 -0.000000 0.000000 1.000000 0.000000
0.982648 0.185481 0.000000 54.435710 -0.185481 0.982648 -0.000000 -4.412722 -0.000000 0.000000 1.000000 0.000000
0.982585 0.185811 0.000000 54.804040 -0.185811 0.982585 -0.000000 -4.486233 -0.000000 0.000000 1.000000 0.000000
0.982285 0.187394 0.000000 55.569027 -0.187394 0.982285 -0.000000 -4.576496 -0.000000 0.000000 1.000000 0.000000
0.982401 0.186786 0.000000 55.908307 -0.186786 0.982401 -0.000000 -4.594920 -0.000000 0.000000 1.000000 0.000000
0.981924 0.189273 0.000000 56.119272 -0.189273 0.981924 -0.000000 -4.727192 -0.000000 0.000000 1.000000 0.000000
0.980501 0.196515 0.000000 56.604266 -0.196515 0.980501 -0.000000 -4.742358 -0.000000 0.000000 1.000000 0.000000
0.980979 0.194114 0.000000 56.916335 -0.194114 0.980979 -0.000000 -4.849101 -0.000000 0.000000 1.000000 0.000000
0.980151 0.198255 0.000000 56.928255 -0.198255 0.980151 -0.000000 -4.789431 -0.000000 0.000000 1.000000 0.000000
0.980444 0.196798 0.000000 57.220305 -0.196798 0.980444 -0.000000 -4.870715 -0.000000 0.000000 1.000000 0.000000
0.979618 0.200870 0.000000 57.386924 -0.200870 0.979618 -0.000000 -4.813951 -0.000000 0.000000 1.000000 0.000000
0.980865 0.194688 0.000000 57.661176 -0.194688 0.980865 -0.000000 -4.856402 -0.000000 0.000000 1.000000 0.000000
0.980097 0.198518 0.000000 57.945555 -0.198518 0.980097 -0.000000 -4.863753 -0.000000 0.000000 1.000000 0.000000
0.980264 0.197691 0.000000 58.476087 -0.197691 0.980264 -0.000000 -4.921812 -0.000000 0.000000 1.000000 0.000000
0.979699 0.200476 0.000000 59.072206 -0.200476 0.979699 -0.000000 -5.071055 -0.000000 0.000000 1.000000 0.000000
0.979490 0.201492 0.000000 59.364692 -0.201492 0.979490 -0.000000 -5.138795 -0.000000 0.000000 1.000000 0.000000
0.979022 0.203756 0.000000 59.641219 -0.203756 0.979022 -0.000000 -5.168291 -0.000000 0.000000 1.000000 0.000000
0.978979 0.203960 0.000000 59.953739 -0.203960 0.978979 -0.000000 -5.040602 -0.000000 0.000000 1.000000 0.000000
0.977393 0.211432 0.000000 60.318560 -0.211432 0.977393 -0.000000 -5.170712 -0.000000 0.000000 1.000000 0.000000
0.977280 0.211951 0.000000 60.587312 -0.211951 0.977280 -0.000000 -5.248822 -0.000000 0.000000 1.000000 0.000000
0.977745 0.209796 0.000000 60.715045 -0.209796 0.977745 -0.000000 -5.231374 -0.000000 0.000000 1.000000 0.000000
0.977074 0.212900 0.000000 60.858225 -0.212900 0.977074 -0.000000 -5.339422 -0.000000 0.000000 1.000000 0.000000
0.976477 0.215624 0.000000 60.957535 -0.215624 0.976477 -0.000000 -5.440992 -0.000000 0.000000 1.000000 0.000000
0.975198 0.221334 0.000000 61.339960 -0.221334 0.975198 -0.000000 -5.569344 -0.000000 0.000000 1.000000 0.000000
0.975547 0.219790 0.000000 61.591268 -0.219790 0.975547 -0.000000 -5.643569 -0.000000 0.000000 1.000000 0.000000
0.975502 0.219993 0.000000 61.931361 -0.219993 0.975502 -0.000000 -5.767170 -0.000000 0.000000 1.000000 0.000000
0.975618 0.219477 0.000000 62.020111 -0.219477 0.975618 -0.000000 -5.700549 -0.000000 0.000000 1.000000 0.000000
0.974687 0.223575 0.000000 62.306067 -0.223575 0.974687 -0.000000 -5.732248 -0.000000 0.000000 1.000000 0.000000
0.974273 0.225372 0.000000 62.415253 -0.225372 0.974273 -0.000000 -5.847675 -0.000000 0.000000 1.000000 0.000000
0.973722 0.227740 0.000000 62.544630 -0.227740 0.973722 -0.000000 -5.968539 -0.000000 0.000000 1.000000 0.000000
0.973775 0.227514 0.000000 62.934700 -0.227514 0.973775 -0.000000 -6.058177 -0.000000 0.000000 1.000000 0.000000
0.973801 0.227401 0.000000 63.176705 -0.227401 0.973801 -0.000000 -6.118138 -0.000000 0.000000 1.000000 0.000000
0.973459 0.228861 0.000000 63.384759 -0.228861 0.973459 -0.000000 -6.121136 -0.000000 0.000000 1.000000 0.000000
0.973796 0.227424 0.000000 63.527244 -0.227424 0.973796 -0.000000 -6.498598 -0.000000 0.000000 1.000000 0.000000
0.973533 0.228548 0.000000 63.728986 -0.228548 0.973533 -0.000000 -6.523027 -0.000000 0.000000 1.000000 0.000000
0.973170 0.230087 0.000000 64.000523 -0.230087 0.973170 -0.000000 -6.610397 -0.000000 0.000000 1.000000 0.000000
0.972203 0.234140 0.000000 64.223378 -0.234140 0.972203 -0.000000 -6.717408 -0.000000 0.000000 1.000000 0.000000
0.972421 0.233231 0.000000 64.206969 -0.233231 0.972421 -0.000000 -6.952215 -0.000000 0.000000 1.000000 0.000000
0.972481 0.232982 0.000000 64.531363 -0.232982 0.972481 -0.000000 -6.930709 -0.000000 0.000000 1.000000 0.000000
0.972382 0.233395 0.000000 64.787857 -0.233395 0.972382 -0.000000 -7.056160 -0.000000 0.000000 1.000000 0.000000
0.972083 0.234637 0.000000 65.013970 -0.234637 0.972083 -0.000000 -7.075872 -0.000000 0.000000 1.000000 0.000000
0.972260 0.233902 0.000000 65.205467 -0.233902 0.972260 -0.000000 -7.139284 -0.000000 0.000000 1.000000 0.000000
0.971258 0.238027 0.000000 65.476458 -0.238027 0.971258 -0.000000 -7.235393 -0.000000 0.000000 1.000000 0.000000
0.971106 0.238647 0.000000 65.671307 -0.238647 0.971106 -0.000000 -7.310666 -0.000000 0.000000 1.000000 0.000000
0.970958 0.239251 0.000000 65.967805 -0.239251 0.970958 -0.000000 -7.359259 -0.000000 0.000000 1.000000 0.000000
0.971029 0.238962 0.000000 66.227632 -0.238962 0.971029 -0.000000 -7.443745 -0.000000 0.000000 1.000000 0.000000
0.971272 0.237974 0.000000 66.338886 -0.237974 0.971272 -0.000000 -7.656049 -0.000000 0.000000 1.000000 0.000000
0.969075 0.246766 0.000000 67.105991 -0.246766 0.969075 -0.000000 -7.828273 -0.000000 0.000000 1.000000 0.000000
0.969698 0.244306 0.000000 67.182277 -0.244306 0.969698 -0.000000 -7.960318 -0.000000 0.000000 1.000000 0.000000
0.968997 0.247073 0.000000 67.432706 -0.247073 0.968997 -0.000000 -7.970233 -0.000000 0.000000 1.000000 0.000000
0.968976 0.247154 0.000000 67.642264 -0.247154 0.968976 -0.000000 -7.882464 -0.000000 0.000000 1.000000 0.000000
0.968861 0.247607 0.000000 67.863531 -0.247607 0.968861 -0.000000 -7.884328 -0.000000 0.000000 1.000000 0.000000
0.968247 0.249994 0.000000 68.256715 -0.249994 0.968247 -0.000000 -8.060809 -0.000000 0.000000 1.000000 0.000000
0.967991 0.250984 0.000000 68.565063 -0.250984 0.967991 -0.000000 -8.089051 -0.000000 0.000000 1.000000 0.000000
0.966650 0.256102 0.000000 68.718610 -0.256102 0.966650 -0.000000 -8.195224 -0.000000 0.000000 1.000000 0.000000
0.966004 0.258526 0.000000 69.170408 -0.258526 0.966004 -0.000000 -8.398205 -0.000000 0.000000 1.000000 0.000000
0.965098 0.261889 0.000000 69.502126 -0.261889 0.965098 -0.000000 -8.474247 -0.000000 0.000000 1.000000 0.000000
0.965025 0.262157 0.000000 69.779901 -0.262157 0.965025 -0.000000 -8.626799 -0.000000 0.000000 1.000000 0.000000
0.964257 0.264967 0.000000 70.176693 -0.264967 0.964257 -0.000000 -8.716059 -0.000000 0.000000 1.000000 0.000000
0.963618 0.267282 0.000000 70.444545 -0.267282 0.963618 -0.000000 -8.624350 -0.000000 0.000000 1.000000 0.000000
0.963708 0.266958 0.000000 70.480082 -0.266958 0.963708 -0.000000 -8.635621 -0.000000 0.000000 1.000000 0.000000
0.963043 0.269349 0.000000 70.739943 -0.269349 0.963043 -0.000000 -8.804681 -0.000000 0.000000 1.000000 0.000000
0.964072 0.265643 0.000000 71.393452 -0.265643 0.964072 -0.000000 -8.900347 -0.000000 0.000000 1.000000 0.000000
0.963786 0.266676 0.000000 71.738373 -0.266676 0.963786 -0.000000 -9.000618 -0.000000 0.000000 1.000000 0.000000
0.963658 0.267139 0.000000 72.298681 -0.267139 0.963658 -0.000000 -9.228458 -0.000000 0.000000 1.000000 0.000000
0.964026 0.265809 0.000000 72.490563 -0.265809 0.964026 -0.000000 -9.333586 -0.000000 0.000000 1.000000 0.000000
0.964319 0.264744 0.000000 73.140950 -0.264744 0.964319 -0.000000 -9.509551 -0.000000 0.000000 1.000000 0.000000
0.963404 0.268055 0.000000 73.826987 -0.268055 0.963404 -0.000000 -9.705132 -0.000000 0.000000 1.000000 0.000000
0.963206 0.268766 0.000000 74.179728 -0.268766 0.963206 -0.000000 -9.771114 -0.000000 0.000000 1.000000 0.000000
0.964150 0.265359 0.000000 74.521327 -0.265359 0.964150 -0.000000 -9.908485 -0.000000 0.000000 1.000000 0.000000
0.964368 0.264563 0.000000 74.863577 -0.264563 0.964368 -0.000000 -10.031222 -0.000000 0.000000 1.000000 0.000000
0.964541 0.263932 0.000000 74.987612 -0.263932 0.964541 -0.000000 -10.171687 -0.000000 0.000000 1.000000 0.000000
0.963450 0.267889 0.000000 75.455744 -0.267889 0.963450 -0.000000 -10.393204 -0.000000 0.000000 1.000000 0.000000
0.963537 0.267574 0.000000 75.764969 -0.267574 0.963537 -0.000000 -10.452385 -0.000000 0.000000 1.000000 0.000000
0.962755 0.270377 0.000000 76.701369 -0.270377 0.962755 -0.000000 -10.581315 -0.000000 0.000000 1.000000 0.000000
0.963514 0.267658 0.000000 77.442661 -0.267658 0.963514 -0.000000 -10.783407 -0.000000 0.000000 1.000000 0.000000
0.963176 0.268872 0.000000 77.796077 -0.268872 0.963176 -0.000000 -10.920448 -0.000000 0.000000 1.000000 0.000000
0.963599 0.267353 0.000000 78.232571 -0.267353 0.963599 -0.000000 -11.039053 -0.000000 0.000000 1.000000 0.000000
0.963216 0.268728 0.000000 78.593141 -0.268728 0.963216 -0.000000 -11.253848 -0.000000 0.000000 1.000000 0.000000
0.963624 0.267260 0.000000 79.139535 -0.267260 0.963624 -0.000000 -11.279632 -0.000000 0.000000 1.000000 0.000000
0.963221 0.268710 0.000000 79.585104 -0.268710 0.963221 -0.000000 -11.440294 -0.000000 0.000000 1.000000 0.000000
0.962385 0.271689 0.000000 80.084370 -0.271689 0.962385 -0.000000 -11.577144 -0.000000 0.000000 1.000000 0.000000
0.960651 0.277758 0.000000 80.807636 -0.277758 0.960651 -0.000000 -11.783278 -0.000000 0.000000 1.000000 0.000000
0.959313 0.282346 0.000000 81.194336 -0.282346 0.959313 -0.000000 -11.850747 -0.000000 0.000000 1.000000 0.000000
0.958964 0.283528 0.000000 81.657253 -0.283528 0.958964 -0.000000 -12.052538 -0.000000 0.000000 1.000000 0.000000
0.958093 0.286456 0.000000 82.178484 -0.286456 0.958093 -0.000000 -12.208899 -0.000000 0.000000 1.000000 0.000000
0.958016 0.286716 0.000000 83.064483 -0.286716 0.958016 -0.000000 -12.442026 -0.000000 0.000000 1.000000 0.000000
0.957356 0.288910 0.000000 83.633030 -0.288910 0.957356 -0.000000 -12.596054 -0.000000 0.000000 1.000000 0.000000
0.956647 0.291249 0.000000 84.181264 -0.291249 0.956647 -0.000000 -12.780775 -0.000000 0.000000 1.000000 0.000000
0.955725 0.294261 0.000000 84.712383 -0.294261 0.955725 -0.000000 -12.893926 -0.000000 0.000000 1.000000 0.000000
0.955573 0.294753 0.000000 85.103449 -0.294753 0.955573 -0.000000 -13.015000 -0.000000 0.000000 1.000000 0.000000
0.954441 0.298400 0.000000 85.837244 -0.298400 0.954441 -0.000000 -13.288669 -0.000000 0.000000 1.000000 0.000000
0.954726 0.297486 0.000000 86.348715 -0.297486 0.954726 -0.000000 -13.455060 -0.000000 0.000000 1.000000 0.000000
0.952275 0.305243 0.000000 87.488750 -0.305243 0.952275 -0.000000 -13.758590 -0.000000 0.000000 1.000000 0.000000
0.951281 0.308325 0.000000 88.210546 -0.308325 0.951281 -0.000000 -14.029825 -0.000000 0.000000 1.000000 0.000000
0.950861 0.309619 0.000000 88.823362 -0.309619 0.950861 -0.000000 -14.085843 -0.000000 0.000000 1.000000 0.000000
0.950540 0.310602 0.000000 89.227605 -0.310602 0.950540 -0.000000 -14.298207 -0.000000 0.000000 1.000000 0.000000
0.949235 0.314568 0.000000 89.783654 -0.314568 0.949235 -0.000000 -14.350599 -0.000000 0.000000 1.000000 0.000000
0.948612 0.316442 0.000000 90.356543 -0.316442 0.948612 -0.000000 -14.580164 -0.000000 0.000000 1.000000 0.000000
0.947299 0.320351 0.000000 90.886727 -0.320351 0.947299 -0.000000 -14.853223 -0.000000 0.000000 1.000000 0.000000
0.946002 0.324159 0.000000 91.485595 -0.324159 0.946002 -0.000000 -15.039348 -0.000000 0.000000 1.000000 0.000000
0.945407 0.325892 0.000000 92.059513 -0.325892 0.945407 -0.000000 -15.241353 -0.000000 0.000000 1.000000 0.000000
0.943693 0.330824 0.000000 92.705045 -0.330824 0.943693 -0.000000 -15.454238 -0.000000 0.000000 1.000000 0.000000
0.943221 0.332165 0.000000 93.217896 -0.332165 0.943221 -0.000000 -15.718752 -0.000000 0.000000 1.000000 0.000000
0.943204 0.332214 0.000000 93.806385 -0.332214 0.943204 -0.000000 -15.934377 -0.000000 0.000000 1.000000 0.000000
0.941837 0.336071 0.000000 94.404280 -0.336071 0.941837 -0.000000 -16.125989 -0.000000 0.000000 1.000000 0.000000
0.941167 0.337941 0.000000 94.944245 -0.337941 0.941167 -0.000000 -16.380744 -0.000000 0.000000 1.000000 0.000000
0.940577 0.339580 0.000000 95.923896 -0.339580 0.940577 -0.000000 -16.732408 -0.000000 0.000000 1.000000 0.000000
0.938910 0.344162 0.000000 96.622506 -0.344162 0.938910 -0.000000 -16.930127 -0.000000 0.000000 1.000000 0.000000
0.939243 0.343253 0.000000 97.061627 -0.343253 0.939243 -0.000000 -17.006203 -0.000000 0.000000 1.000000 0.000000
0.938660 0.344845 0.000000 97.702837 -0.344845 0.938660 -0.000000 -17.248332 -0.000000 0.000000 1.000000 0.000000
0.936541 0.350557 0.000000 98.334384 -0.350557 0.936541 -0.000000 -17.450692 -0.000000 0.000000 1.000000 0.000000
0.937099 0.349064 0.000000 98.927746 -0.349064 0.937099 -0.000000 -17.604703 -0.000000 0.000000 1.000000 0.000000
0.937105 0.349047 0.000000 99.494122 -0.349047 0.937105 -0.000000 -17.818940 -0.000000 0.000000 1.000000 0.000000
0.936389 0.350963 0.000000 100.127883 -0.350963 0.936389 -0.000000 -18.064325 -0.000000 0.000000 1.000000 0.000000
0.936907 0.349578 0.000000 100.717151 -0.349578 0.936907 -0.000000 -18.254751 -0.000000 0.000000 1.000000 0.000000
0.936366 0.351026 0.000000 101.399890 -0.351026 0.936366 -0.000000 -18.431284 -0.000000 0.000000 1.000000 0.000000
0.936707 0.350115 0.000000 102.096837 -0.350115 0.936707 -0.000000 -18.686415 -0.000000 0.000000 1.000000 0.000000
0.936304 0.351191 0.000000 102.879743 -0.351191 0.936304 -0.000000 -18.816847 -0.000000 0.000000 1.000000 0.000000
0.934686 0.355474 0.000000 103.668835 -0.355474 0.934686 -0.000000 -19.212722 -0.000000 0.000000 1.000000 0.000000
0.934197 0.356758 0.000000 104.301880 -0.356758 0.934197 -0.000000 -19.529375 -0.000000 0.000000 1.000000 0.000000
0.933508 0.358557 0.000000 104.846438 -0.358557 0.933508 -0.000000 -19.743434 -0.000000 0.000000 1.000000 0.000000
0.933293 0.359116 0.000000 105.835814 -0.359116 0.933293 -0.000000 -20.058130 -0.000000 0.000000 1.000000 0.000000
0.933002 0.359872 0.000000 106.485663 -0.359872 0.933002 -0.000000 -20.299697 -0.000000 0.000000 1.000000 0.000000
0.932264 0.361779 0.000000 107.032277 -0.361779 0.932264 -0.000000 -20.443853 -0.000000 0.000000 1.000000 0.000000
0.931398 0.364002 0.000000 107.554251 -0.364002 0.931398 -0.000000 -20.614746 -0.000000 0.000000 1.000000 0.000000
0.930925 0.365212 0.000000 108.169688 -0.365212 0.930925 -0.000000 -20.886814 -0.000000 0.000000 1.000000 0.000000
0.931102 0.364758 0.000000 108.791904 -0.364758 0.931102 -0.000000 -21.118310 -0.000000 0.000000 1.000000 0.000000
0.929790 0.368091 0.000000 109.321886 -0.368091 0.929790 -0.000000 -21.423906 -0.000000 0.000000 1.000000 0.000000
0.930274 0.366866 0.000000 110.508014 -0.366866 0.930274 -0.000000 -21.871107 -0.000000 0.000000 1.000000 0.000000
0.930147 0.367188 0.000000 111.095999 -0.367188 0.930147 -0.000000 -22.113820 -0.000000 0.000000 1.000000 0.000000
0.930185 0.367091 0.000000 111.603835 -0.367091 0.930185 -0.000000 -22.311716 -0.000000 0.000000 1.000000 0.000000
0.928437 0.371490 0.000000 112.141912 -0.371490 0.928437 -0.000000 -22.578909 -0.000000 0.000000 1.000000 0.000000
0.928574 0.371146 0.000000 113.528815 -0.371146 0.928574 -0.000000 -22.963074 -0.000000 0.000000 1.000000 0.000000
0.928368 0.371663 0.000000 114.042212 -0.371663 0.928368 -0.000000 -23.020644 -0.000000 0.000000 1.000000 0.000000
0.928974 0.370145 0.000000 114.721836 -0.370145 0.928974 -0.000000 -23.266684 -0.000000 0.000000 1.000000 0.000000
0.928747 0.370714 0.000000 115.245376 -0.370714 0.928747 -0.000000 -23.474658 -0.000000 0.000000 1.000000 0.000000
0.929174 0.369643 0.000000 115.895744 -0.369643 0.929174 -0.000000 -23.765564 -0.000000 0.000000 1.000000 0.000000
0.924677 0.380754 0.000000 120.269095 -0.380754 0.924677 -0.000000 -25.524059 -0.000000 0.000000 1.000000 0.000000
0.924732 0.380618 0.000000 120.853597 -0.380618 0.924732 -0.000000 -25.783064 -0.000000 0.000000 1.000000 0.000000
0.923818 0.382831 0.000000 121.549635 -0.382831 0.923818 -0.000000 -26.167194 -0.000000 0.000000 1.000000 0.000000
0.923029 0.384730 0.000000 122.021884 -0.384730 0.923029 -0.000000 -26.377833 -0.000000 0.000000 1.000000 0.000000
0.922191 0.386734 0.000000 122.550617 -0.386734 0.922191 -0.000000 -26.641255 -0.000000 0.000000 1.000000 0.000000
0.923255 0.384188 0.000000 123.116369 -0.384188 0.923255 -0.000000 -26.733640 -0.000000 0.000000 1.000000 0.000000
0.921983 0.387229 0.000000 123.845799 -0.387229 0.921983 -0.000000 -27.047368 -0.000000 0.000000 1.000000 0.000000
0.921787 0.387697 0.000000 124.613138 -0.387697 0.921787 -0.000000 -27.392611 -0.000000 0.000000 1.000000 0.000000
0.920930 0.389728 0.000000 125.323014 -0.389728 0.920930 -0.000000 -27.661782 -0.000000 0.000000 1.000000 0.000000
0.919498 0.393095 0.000000 125.718777 -0.393095 0.919498 -0.000000 -27.936427 -0.000000 0.000000 1.000000 0.000000
0.916690 0.399600 0.000000 126.532717 -0.399600 0.916690 -0.000000 -28.408824 -0.000000 0.000000 1.000000 0.000000
0.916921 0.399069 0.000000 127.094060 -0.399069 0.916921 -0.000000 -28.656279 -0.000000 0.000000 1.000000 0.000000
0.917225 0.398370 0.000000 127.560210 -0.398370 0.917225 -0.000000 -28.931819 -0.000000 0.000000 1.000000 0.000000
0.916544 0.399933 0.000000 128.189854 -0.399933 0.916544 -0.000000 -29.113638 -0.000000 0.000000 1.000000 0.000000
0.916456 0.400134 0.000000 128.773216 -0.400134 0.916456 -0.000000 -29.439170 -0.000000 0.000000 1.000000 0.000000
0.916154 0.400827 0.000000 129.629340 -0.400827 0.916154 -0.000000 -29.839939 -0.000000 0.000000 1.000000 0.000000
0.914917 0.403642 0.000000 130.191801 -0.403642 0.914917 -0.000000 -30.002237 -0.000000 0.000000 1.000000 0.000000
0.914650 0.404246 0.000000 130.740607 -0.404246 0.914650 -0.000000 -30.255524 -0.000000 0.000000 1.000000 0.000000
0.913970 0.405782 0.000000 131.277687 -0.405782 0.913970 -0.000000 -30.506648 -0.000000 0.000000 1.000000 0.000000
0.912216 0.409709 0.000000 132.012463 -0.409709 0.912216 -0.000000 -30.849690 -0.000000 0.000000 1.000000 0.000000
0.911673 0.410916 0.000000 132.584162 -0.410916 0.911673 -0.000000 -31.127620 -0.000000 0.000000 1.000000 0.000000
0.911590 0.411100 0.000000 133.151785 -0.411100 0.911590 -0.000000 -31.362317 -0.000000 0.000000 1.000000 0.000000
0.911841 0.410543 0.000000 133.620218 -0.410543 0.911841 -0.000000 -31.537625 -0.000000 0.000000 1.000000 0.000000
0.912106 0.409956 0.000000 134.136660 -0.409956 0.912106 -0.000000 -31.816166 -0.000000 0.000000 1.000000 0.000000
0.910218 0.414130 0.000000 135.213461 -0.414130 0.910218 -0.000000 -32.335244 -0.000000 0.000000 1.000000 0.000000
0.909029 0.416734 0.000000 135.660915 -0.416734 0.909029 -0.000000 -32.654002 -0.000000 0.000000 1.000000 0.000000
0.908781 0.417273 0.000000 136.204502 -0.417273 0.908781 -0.000000 -32.966850 -0.000000 0.000000 1.000000 0.000000
0.907404 0.420259 0.000000 136.695401 -0.420259 0.907404 -0.000000 -33.324448 -0.000000 0.000000 1.000000 0.000000
0.906217 0.422812 0.000000 137.170585 -0.422812 0.906217 -0.000000 -33.693301 -0.000000 0.000000 1.000000 0.000000
0.905030 0.425348 0.000000 137.701233 -0.425348 0.905030 -0.000000 -34.021667 -0.000000 0.000000 1.000000 0.000000
0.906224 0.422798 0.000000 138.426282 -0.422798 0.906224 -0.000000 -34.301819 -0.000000 0.000000 1.000000 0.000000
0.904990 0.425432 0.000000 138.915201 -0.425432 0.904990 -0.000000 -34.550877 -0.000000 0.000000 1.000000 0.000000
0.904513 0.426447 0.000000 139.355962 -0.426447 0.904513 -0.000000 -34.805266 -0.000000 0.000000 1.000000 0.000000
0.903855 0.427838 0.000000 139.892855 -0.427838 0.903855 -0.000000 -35.114976 -0.000000 0.000000 1.000000 0.000000
0.903988 0.427557 0.000000 140.478446 -0.427557 0.903988 -0.000000 -35.401439 -0.000000 0.000000 1.000000 0.000000
0.903760 0.428039 0.000000 140.983306 -0.428039 0.903760 -0.000000 -35.621613 -0.000000 0.000000 1.000000 0.000000
0.903601 0.428376 0.000000 141.525434 -0.428376 0.903601 -0.000000 -35.853584 -0.000000 0.000000 1.000000 0.000000
0.903429 0.428739 0.000000 142.015293 -0.428739 0.903429 -0.000000 -36.130064 -0.000000 0.000000 1.000000 0.000000
0.901317 0.433160 0.000000 142.426416 -0.433160 0.901317 -0.000000 -36.471706 -0.000000 0.000000 1.000000 0.000000
0.901325 0.433143 0.000000 142.980575 -0.433143 0.901325 -0.000000 -36.736702 -0.000000 0.000000 1.000000 0.000000
0.900199 0.435478 0.000000 143.600786 -0.435478 0.900199 -0.000000 -37.082487 -0.000000 0.000000 1.000000 0.000000
0.899933 0.436028 0.000000 144.092698 -0.436028 0.899933 -0.000000 -37.334798 -0.000000 0.000000 1.000000 0.000000
0.896634 0.442773 0.000000 144.472373 -0.442773 0.896634 -0.000000 -37.942275 -0.000000 0.000000 1.000000 0.000000
0.896718 0.442602 0.000000 144.962731 -0.442602 0.896718 -0.000000 -38.225313 -0.000000 0.000000 1.000000 0.000000
0.896632 0.442776 0.000000 145.480396 -0.442776 0.896632 -0.000000 -38.487754 -0.000000 0.000000 1.000000 0.000000
0.895960 0.444135 0.000000 145.871770 -0.444135 0.895960 -0.000000 -38.785070 -0.000000 0.000000 1.000000 0.000000
0.895235 0.445595 0.000000 146.498162 -0.445595 0.895235 -0.000000 -39.168563 -0.000000 0.000000 1.000000 0.000000
0.894501 0.447066 0.000000 147.072627 -0.447066 0.894501 -0.000000 -39.454608 -0.000000 0.000000 1.000000 0.000000
0.893902 0.448263 0.000000 147.641427 -0.448263 0.893902 -0.000000 -39.664026 -0.000000 0.000000 1.000000 0.000000
0.893257 0.449546 0.000000 148.094534 -0.449546 0.893257 -0.000000 -40.009903 -0.000000 0.000000 1.000000 0.000000
0.889711 0.456525 0.000000 148.708020 -0.456525 0.889711 -0.000000 -40.348587 -0.000000 0.000000 1.000000 0.000000
0.889327 0.457271 0.000000 149.205011 -0.457271 0.889327 -0.000000 -40.598348 -0.000000 0.000000 1.000000 0.000000
0.889098 0.457717 0.000000 149.907737 -0.457717 0.889098 -0.000000 -40.993438 -0.000000 0.000000 1.000000 0.000000
0.887802 0.460225 0.000000 150.372057 -0.460225 0.887802 -0.000000 -41.077224 -0.000000 0.000000 1.000000 0.000000
0.886413 0.462896 0.000000 150.828565 -0.462896 0.886413 -0.000000 -41.143712 -0.000000 0.000000 1.000000 0.000000
0.886941 0.461883 0.000000 151.488841 -0.461883 0.886941 -0.000000 -41.546160 -0.000000 0.000000 1.000000 0.000000
0.885188 0.465233 0.000000 152.071353 -0.465233 0.885188 -0.000000 -41.929938 -0.000000 0.000000 1.000000 0.000000
0.884316 0.466888 0.000000 152.346259 -0.466888 0.884316 -0.000000 -41.872630 -0.000000 0.000000 1.000000 0.000000
0.886158 0.463383 0.000000 152.846382 -0.463383 0.886158 -0.000000 -42.155676 -0.000000 0.000000 1.000000 0.000000
0.885865 0.463942 0.000000 153.554421 -0.463942 0.885865 -0.000000 -42.404389 -0.000000 0.000000 1.000000 0.000000
0.885617 0.464416 0.000000 153.878252 -0.464416 0.885617 -0.000000 -42.659230 -0.000000 0.000000 1.000000 0.000000
0.885618 0.464415 0.000000 154.568335 -0.464415 0.885618 -0.000000 -43.057974 -0.000000 0.000000 1.000000 0.000000
0.885537 0.464568 0.000000 155.198346 -0.464568 0.885537 -0.000000 -43.392489 -0.000000 0.000000 1.000000 0.000000
0.883590 0.468262 0.000000 155.812994 -0.468262 0.883590 -0.000000 -43.731103 -0.000000 0.000000 1.000000 0.000000
0.880901 0.473301 0.000000 156.456268 -0.473301 0.880901 -0.000000 -44.149236 -0.000000 0.000000 1.000000 0.000000
0.879800 0.475343 0.000000 156.913383 -0.475343 0.879800 -0.000000 -44.485541 -0.000000 0.000000 1.000000 0.000000
0.882236 0.470807 0.000000 157.699249 -0.470807 0.882236 -0.000000 -44.882139 -0.000000 0.000000 1.000000 0.000000
0.883566 0.468306 0.000000 158.179696 -0.468306 0.883566 -0.000000 -45.205398 -0.000000 0.000000 1.000000 0.000000
0.882519 0.470277 0.000000 158.540353 -0.470277 0.882519 -0.000000 -45.459408 -0.000000 0.000000 1.000000 0.000000
0.881787 0.471648 0.000000 159.114415 -0.471648 0.881787 -0.000000 -45.713414 -0.000000 0.000000 1.000000 0.000000
0.880945 0.473219 0.000000 159.627783 -0.473219 0.880945 -0.000000 -45.942126 -0.000000 0.000000 1.000000 0.000000
0.882096 0.471069 0.000000 160.269599 -0.471069 0.882096 -0.000000 -46.341140 -0.000000 0.000000 1.000000 0.000000
0.882212 0.470852 0.000000 160.879527 -0.470852 0.882212 -0.000000 -46.668230 -0.000000 0.000000 1.000000 0.000000
0.879740 0.475456 0.000000 161.288463 -0.475456 0.879740 -0.000000 -46.874249 -0.000000 0.000000 1.000000 0.000000
0.879359 0.476159 0.000000 161.822421 -0.476159 0.879359 -0.000000 -47.180617 -0.000000 0.000000 1.000000 0.000000
0.878140 0.478403 0.000000 162.126353 -0.478403 0.878140 -0.000000 -47.377103 -0.000000 0.000000 1.000000 0.000000
0.877750 0.479119 0.000000 162.669736 -0.479119 0.877750 -0.000000 -47.726554 -0.000000 0.000000 1.000000 0.000000
0.878402 0.477922 0.000000 163.749694 -0.477922 0.878402 -0.000000 -48.239860 -0.000000 0.000000 1.000000 0.000000
0.878902 0.477003 0.000000 164.092544 -0.477003 0.878902 -0.000000 -48.323484 -0.000000 0.000000 1.000000 0.000000
0.878884 0.477036 0.000000 164.556154 -0.477036 0.878884 -0.000000 -48.387611 -0.000000 0.000000 1.000000 0.000000
0.879845 0.475261 0.000000 165.051870 -0.475261 0.879845 -0.000000 -48.584373 -0.000000 0.000000 1.000000 0.000000
0.879710 0.475510 0.000000 165.659496 -0.475510 0.879710 -0.000000 -48.875380 -0.000000 0.000000 1.000000 0.000000
0.879084 0.476668 0.000000 166.159242 -0.476668 0.879084 -0.000000 -49.119328 -0.000000 0.000000 1.000000 0.000000
0.879448 0.475994 0.000000 166.664784 -0.475994 0.879448 -0.000000 -49.404497 -0.000000 0.000000 1.000000 0.000000
0.879992 0.474988 0.000000 166.996418 -0.474988 0.879992 -0.000000 -49.565295 -0.000000 0.000000 1.000000 0.000000
0.879570 0.475769 0.000000 167.532349 -0.475769 0.879570 -0.000000 -49.810962 -0.000000 0.000000 1.000000 0.000000
0.879361 0.476155 0.000000 167.955183 -0.476155 0.879361 -0.000000 -50.039781 -0.000000 0.000000 1.000000 0.000000
0.880169 0.474660 0.000000 168.432819 -0.474660 0.880169 -0.000000 -50.305294 -0.000000 0.000000 1.000000 0.000000
0.879462 0.475970 0.000000 168.862512 -0.475970 0.879462 -0.000000 -50.435690 -0.000000 0.000000 1.000000 0.000000
0.880243 0.474522 0.000000 169.241049 -0.474522 0.880243 -0.000000 -50.659024 -0.000000 0.000000 1.000000 0.000000
0.879966 0.475037 0.000000 169.661760 -0.475037 0.879966 -0.000000 -50.903096 -0.000000 0.000000 1.000000 0.000000
0.880598 0.473865 0.000000 170.145716 -0.473865 0.880598 -0.000000 -51.135133 -0.000000 0.000000 1.000000 0.000000
0.882500 0.470312 0.000000 170.588064 -0.470312 0.882500 -0.000000 -51.380627 -0.000000 0.000000 1.000000 0.000000
0.882206 0.470863 0.000000 171.112876 -0.470863 0.882206 -0.000000 -51.611246 -0.000000 0.000000 1.000000 0.000000
0.882335 0.470622 0.000000 171.537467 -0.470622 0.882335 -0.000000 -51.849006 -0.000000 0.000000 1.000000 0.000000
0.882767 0.469812 0.000000 172.143985 -0.469812 0.882767 -0.000000 -52.132137 -0.000000 0.000000 1.000000 0.000000
0.883127 0.469134 0.000000 172.617778 -0.469134 0.883127 -0.000000 -52.368844 -0.000000 0.000000 1.000000 0.000000
0.883479 0.468470 0.000000 173.140457 -0.468470 0.883479 -0.000000 -52.695763 -0.000000 0.000000 1.000000 0.000000
0.884680 0.466198 0.000000 173.799163 -0.466198 0.884680 -0.000000 -53.020296 -0.000000 0.000000 1.000000 0.000000
0.886811 0.462132 0.000000 174.263025 -0.462132 0.886811 -0.000000 -53.275659 -0.000000 0.000000 1.000000 0.000000
0.887567 0.460679 0.000000 174.905083 -0.460679 0.887567 -0.000000 -53.466131 -0.000000 0.000000 1.000000 0.000000
0.888171 0.459513 0.000000 175.523886 -0.459513 0.888171 -0.000000 -53.696667 -0.000000 0.000000 1.000000 0.000000
0.890103 0.455760 0.000000 176.154415 -0.455760 0.890103 -0.000000 -54.036322 -0.000000 0.000000 1.000000 0.000000
0.892015 0.452007 0.000000 176.636589 -0.452007 0.892015 -0.000000 -54.306885 -0.000000 0.000000 1.000000 0.000000
0.894752 0.446564 0.000000 177.100708 -0.446564 0.894752 -0.000000 -54.492166 -0.000000 0.000000 1.000000 0.000000
0.897046 0.441936 0.000000 177.392155 -0.441936 0.897046 -0.000000 -54.638045 -0.000000 0.000000 1.000000 0.000000
0.899234 0.437468 0.000000 177.787357 -0.437468 0.899234 -0.000000 -54.856499 -0.000000 0.000000 1.000000 0.000000
0.902869 0.429916 0.000000 178.626303 -0.429916 0.902869 -0.000000 -55.244832 -0.000000 0.000000 1.000000 0.000000
0.905856 0.423586 0.000000 179.050711 -0.423586 0.905856 -0.000000 -55.488498 -0.000000 0.000000 1.000000 0.000000
0.909534 0.415631 0.000000 179.516230 -0.415631 0.909534 -0.000000 -55.673652 -0.000000 0.000000 1.000000 0.000000
0.911612 0.411052 0.000000 179.884235 -0.411052 0.911612 -0.000000 -55.862045 -0.000000 0.000000 1.000000 0.000000
0.915489 0.402342 0.000000 180.313825 -0.402342 0.915489 -0.000000 -56.034307 -0.000000 0.000000 1.000000 0.000000
