1.000000 -0.000125 0.000000 0.613035 0.000125 1.000000 0.000000 -0.061435 0.000000 0.000000 1.000000 0.000000
0.999999 0.001347 0.000000 1.309083 -0.001347 0.999999 -0.000000 -0.025319 -0.000000 0.000000 1.000000 0.000000
0.999999 0.001353 0.000000 1.888293 -0.001353 0.999999 -0.000000 -0.044999 -0.000000 0.000000 1.000000 0.000000
0.999990 0.004405 0.000000 2.413551 -0.004405 0.999990 -0.000000 -0.104606 -0.000000 0.000000 1.000000 0.000000
0.999977 0.006798 0.000000 3.157307 -0.006798 0.999977 -0.000000 -0.022450 -0.000000 0.000000 1.000000 0.000000
0.999968 0.007987 0.000000 3.632012 -0.007987 0.999968 -0.000000 0.026954 -0.000000 0.000000 1.000000 0.000000
0.999969 0.007871 0.000000 4.090259 -0.007871 0.999969 -0.000000 0.006490 -0.000000 0.000000 1.000000 0.000000
0.999947 0.010285 0.000000 4.705536 -0.010285 0.999947 -0.000000 0.035888 -0.000000 0.000000 1.000000 0.000000
0.999925 0.012209 0.000000 5.289332 -0.012209 0.999925 -0.000000 -0.059369 -0.000000 0.000000 1.000000 0.000000
0.999911 0.013377 0.000000 5.855444 -0.013377 0.999911 -0.000000 -0.021442 -0.000000 0.000000 1.000000 0.000000
0.999857 0.016905 0.000000 6.942915 -0.016905 0.999857 -0.000000 -0.084134 -0.000000 0.000000 1.000000 0.000000
0.999821 0.018910 0.000000 7.643312 -0.018910 0.999821 -0.000000 -0.229265 -0.000000 0.000000 1.000000 0.000000
0.999829 0.018498 0.000000 8.427000 -0.018498 0.999829 -0.000000 -0.165377 -0.000000 0.000000 1.000000 0.000000
0.999804 0.019810 0.000000 8.967395 -0.019810 0.999804 -0.000000 -0.130242 -0.000000 0.000000 1.000000 0.000000
0.999787 0.020662 0.000000 9.551977 -0.020662 0.999787 -0.000000 -0.142660 -0.000000 0.000000 1.000000 0.000000
0.999790 0.020470 0.000000 10.111594 -0.020470 0.999790 -0.000000 -0.059417 -0.000000 0.000000 1.000000 0.000000
0.999733 0.023121 0.000000 10.696158 -0.023121 0.999733 -0.000000 -0.105916 -0.000000 0.000000 1.000000 0.000000
0.999699 0.024530 0.000000 11.278948 -0.024530 0.999699 -0.000000 -0.123252 -0.000000 0.000000 1.000000 0.000000
0.999656 0.026210 0.000000 11.748174 -0.026210 0.999656 -0.000000 0.066166 -0.000000 0.000000 1.000000 0.000000
0.999609 0.027945 0.000000 12.301839 -0.027945 0.999609 -0.000000 0.060150 -0.000000 0.000000 1.000000 0.000000
0.999592 0.028578 0.000000 12.887136 -0.028578 0.999592 -0.000000 0.054548 -0.000000 0.000000 1.000000 0.000000
0.999626 0.027330 0.000000 13.461997 -0.027330 0.999626 -0.000000 0.014107 -0.000000 0.000000 1.000000 0.000000
0.999548 0.030077 0.000000 14.024811 -0.030077 0.999548 -0.000000 0.085696 -0.000000 0.000000 1.000000 0.000000
0.999559 0.029697 0.000000 14.736551 -0.029697 0.999559 -0.000000 0.150076 -0.000000 0.000000 1.000000 0.000000
0.999523 0.030887 0.000000 15.274016 -0.030887 0.999523 -0.000000 0.176208 -0.000000 0.000000 1.000000 0.000000
0.999544 0.030200 0.000000 15.743446 -0.030200 0.999544 -0.000000 0.215561 -0.000000 0.000000 1.000000 0.000000
0.999394 0.034822 0.000000 16.378554 -0.034822 0.999394 -0.000000 0.071896 -0.000000 0.000000 1.000000 0.000000
0.999354 0.035939 0.000000 16.882345 -0.035939 0.999354 -0.000000 -0.026447 -0.000000 0.000000 1.000000 0.000000
0.999329 0.036637 0.000000 17.497657 -0.036637 0.999329 -0.000000 -0.028501 -0.000000 0.000000 1.000000 0.000000
0.999375 0.035341 0.000000 18.180115 -0.035341 0.999375 -0.000000 -0.019498 -0.000000 0.000000 1.000000 0.000000
0.999328 0.036649 0.000000 18.754821 -0.036649 0.999328 -0.000000 -0.039718 -0.000000 0.000000 1.000000 0.000000
0.999274 0.038103 0.000000 19.317420 -0.038103 0.999274 -0.000000 -0.038671 -0.000000 0.000000 1.000000 0.000000
0.999186 0.040329 0.000000 19.891839 -0.040329 0.999186 -0.000000 -0.060560 -0.000000 0.000000 1.000000 0.000000
0.999074 0.043028 0.000000 20.438380 -0.043028 0.999074 -0.000000 -0.071060 -0.000000 0.000000 1.000000 0.000000
0.999045 0.043683 0.000000 20.815801 -0.043683 0.999045 -0.000000 -0.091395 -0.000000 0.000000 1.000000 0.000000
0.998930 0.046256 0.000000 21.365332 -0.046256 0.998930 -0.000000 -0.115625 -0.000000 0.000000 1.000000 0.000000
0.998936 0.046114 0.000000 21.875140 -0.046114 0.998936 -0.000000 -0.062962 -0.000000 0.000000 1.000000 0.000000
0.998932 0.046214 0.000000 22.959320 -0.046214 0.998932 -0.000000 -0.117049 -0.000000 0.000000 1.000000 0.000000
0.998735 0.050275 0.000000 23.849361 -0.050275 0.998735 -0.000000 -0.125086 -0.000000 0.000000 1.000000 0.000000
0.998631 0.052317 0.000000 24.419220 -0.052317 0.998631 -0.000000 -0.168115 -0.000000 0.000000 1.000000 0.000000
0.998607 0.052765 0.000000 25.072564 -0.052765 0.998607 -0.000000 -0.326235 -0.000000 0.000000 1.000000 0.000000
0.998630 0.052321 0.000000 25.680479 -0.052321 0.998630 -0.000000 -0.302903 -0.000000 0.000000 1.000000 0.000000
0.998635 0.052238 0.000000 26.242436 -0.052238 0.998635 -0.000000 -0.346837 -0.000000 0.000000 1.000000 0.000000
0.998033 0.062687 0.000000 26.727411 -0.062687 0.998033 -0.000000 -0.392206 -0.000000 0.000000 1.000000 0.000000
0.997695 0.067859 0.000000 27.273617 -0.067859 0.997695 -0.000000 -0.469095 -0.000000 0.000000 1.000000 0.000000
0.997512 0.070499 0.000000 28.389069 -0.070499 0.997512 -0.000000 -0.750712 -0.000000 0.000000 1.000000 0.000000
0.997386 0.072263 0.000000 28.946742 -0.072263 0.997386 -0.000000 -0.808764 -0.000000 0.000000 1.000000 0.000000
0.997327 0.073063 0.000000 29.525233 -0.073063 0.997327 -0.000000 -0.864444 -0.000000 0.000000 1.000000 0.000000
0.997434 0.071587 0.000000 30.045643 -0.071587 0.997434 -0.000000 -0.919880 -0.000000 0.000000 1.000000 0.000000
0.997148 0.075476 0.000000 30.638323 -0.075476 0.997148 -0.000000 -0.826952 -0.000000 0.000000 1.000000 0.000000
0.996517 0.083394 0.000000 31.453270 -0.083394 0.996517 -0.000000 -0.947965 -0.000000 0.000000 1.000000 0.000000
0.996306 0.085872 0.000000 32.020693 -0.085872 0.996306 -0.000000 -1.004085 -0.000000 0.000000 1.000000 0.000000
0.995941 0.090010 0.000000 32.509369 -0.090010 0.995941 -0.000000 -0.946770 -0.000000 0.000000 1.000000 0.000000
0.995819 0.091348 0.000000 33.047172 -0.091348 0.995819 -0.000000 -0.976629 -0.000000 0.000000 1.000000 0.000000
0.995545 0.094289 0.000000 33.682100 -0.094289 0.995545 -0.000000 -0.949467 -0.000000 0.000000 1.000000 0.000000
0.995416 0.095643 0.000000 34.359557 -0.095643 0.995416 -0.000000 -1.024908 -0.000000 0.000000 1.000000 0.000000
0.995266 0.097192 0.000000 34.896693 -0.097192 0.995266 -0.000000 -0.994667 -0.000000 0.000000 1.000000 0.000000
0.995041 0.099467 0.000000 35.346374 -0.099467 0.995041 -0.000000 -1.032350 -0.000000 0.000000 1.000000 0.000000
0.994959 0.100280 0.000000 35.902713 -0.100280 0.994959 -0.000000 -1.098584 -0.000000 0.000000 1.000000 0.000000
0.994507 0.104667 0.000000 36.270487 -0.104667 0.994507 -0.000000 -1.111983 -0.000000 0.000000 1.000000 0.000000
0.994360 0.106060 0.000000 37.252387 -0.106060 0.994360 -0.000000 -1.083333 -0.000000 0.000000 1.000000 0.000000
0.993871 0.110543 0.000000 37.660230 -0.110543 0.993871 -0.000000 -0.962870 -0.000000 0.000000 1.000000 0.000000
0.993741 0.111711 0.000000 38.243380 -0.111711 0.993741 -0.000000 -1.009689 -0.000000 0.000000 1.000000 0.000000
0.993711 0.111974 0.000000 38.802980 -0.111974 0.993711 -0.000000 -1.042267 -0.000000 0.000000 1.000000 0.000000
0.993664 0.112391 0.000000 39.355160 -0.112391 0.993664 -0.000000 -1.107789 -0.000000 0.000000 1.000000 0.000000
0.993680 0.112250 0.000000 39.811649 -0.112250 0.993680 -0.000000 -1.300148 -0.000000 0.000000 1.000000 0.000000
0.993684 0.112214 0.000000 40.401975 -0.112214 0.993684 -0.000000 -1.371165 -0.000000 0.000000 1.000000 0.000000
0.993477 0.114031 0.000000 40.960450 -0.114031 0.993477 -0.000000 -1.588468 -0.000000 0.000000 1.000000 0.000000
0.993202 0.116400 0.000000 41.470381 -0.116400 0.993202 -0.000000 -1.491607 -0.000000 0.000000 1.000000 0.000000
0.993512 0.113728 0.000000 42.097912 -0.113728 0.993512 -0.000000 -1.563544 -0.000000 0.000000 1.000000 0.000000
0.993336 0.115253 0.000000 42.651110 -0.115253 0.993336 -0.000000 -1.627012 -0.000000 0.000000 1.000000 0.000000
0.993148 0.116862 0.000000 43.179058 -0.116862 0.993148 -0.000000 -1.680772 -0.000000 0.000000 1.000000 0.000000
0.992994 0.118167 0.000000 43.703212 -0.118167 0.992994 -0.000000 -1.746644 -0.000000 0.000000 1.000000 0.000000
0.993055 0.117653 0.000000 44.204031 -0.117653 0.993055 -0.000000 -1.836280 -0.000000 0.000000 1.000000 0.000000
0.992834 0.119499 0.000000 45.213928 -0.119499 0.992834 -0.000000 -1.844516 -0.000000 0.000000 1.000000 0.000000
0.992541 0.121915 0.000000 45.700070 -0.121915 0.992541 -0.000000 -1.928247 -0.000000 0.000000 1.000000 0.000000
0.992336 0.123573 0.000000 46.244575 -0.123573 0.992336 -0.000000 -1.994816 -0.000000 0.000000 1.000000 0.000000
0.992263 0.124156 0.000000 47.106630 -0.124156 0.992263 -0.000000 -2.088665 -0.000000 0.000000 1.000000 0.000000
0.992048 0.125857 0.000000 47.676815 -0.125857 0.992048 -0.000000 -2.160762 -0.000000 0.000000 1.000000 0.000000
0.991985 0.126353 0.000000 48.168025 -0.126353 0.991985 -0.000000 -2.223288 -0.000000 0.000000 1.000000 0.000000
0.991652 0.128945 0.000000 49.185801 -0.128945 0.991652 -0.000000 -2.348341 -0.000000 0.000000 1.000000 0.000000
0.991617 0.129212 0.000000 49.686440 -0.129212 0.991617 -0.000000 -2.371200 -0.000000 0.000000 1.000000 0.000000
0.991216 0.132250 0.000000 50.101335 -0.132250 0.991216 -0.000000 -2.432954 -0.000000 0.000000 1.000000 0.000000
0.991123 0.132947 0.000000 50.574772 -0.132947 0.991123 -0.000000 -2.516060 -0.000000 0.000000 1.000000 0.000000
0.990820 0.135189 0.000000 51.600513 -0.135189 0.990820 -0.000000 -2.659957 -0.000000 0.000000 1.000000 0.000000
0.990623 0.136626 0.000000 52.200833 -0.136626 0.990623 -0.000000 -2.755735 -0.000000 0.000000 1.000000 0.000000
0.990351 0.138582 0.000000 52.865650 -0.138582 0.990351 -0.000000 -2.742987 -0.000000 0.000000 1.000000 0.000000
0.990147 0.140033 0.000000 53.295766 -0.140033 0.990147 -0.000000 -2.797333 -0.000000 0.000000 1.000000 0.000000
0.989927 0.141578 0.000000 53.582937 -0.141578 0.989927 -0.000000 -2.897162 -0.000000 0.000000 1.000000 0.000000
0.990084 0.140479 0.000000 54.117974 -0.140479 0.990084 -0.000000 -2.906698 -0.000000 0.000000 1.000000 0.000000
0.989691 0.143220 0.000000 54.586374 -0.143220 0.989691 -0.000000 -2.971872 -0.000000 0.000000 1.000000 0.000000
0.989854 0.142090 0.000000 55.259342 -0.142090 0.989854 -0.000000 -3.017868 -0.000000 0.000000 1.000000 0.000000
0.989723 0.142998 0.000000 55.631583 -0.142998 0.989723 -0.000000 -3.026327 -0.000000 0.000000 1.000000 0.000000
0.989858 0.142057 0.000000 56.078614 -0.142057 0.989858 -0.000000 -3.093196 -0.000000 0.000000 1.000000 0.000000
0.989787 0.142551 0.000000 56.510916 -0.142551 0.989787 -0.000000 -3.150982 -0.000000 0.000000 1.000000 0.000000
0.989815 0.142363 0.000000 57.055898 -0.142363 0.989815 -0.000000 -3.172999 -0.000000 0.000000 1.000000 0.000000
0.989007 0.147871 0.000000 57.414154 -0.147871 0.989007 -0.000000 -3.267517 -0.000000 0.000000 1.000000 0.000000
0.988407 0.151827 0.000000 57.964221 -0.151827 0.988407 -0.000000 -3.426893 -0.000000 0.000000 1.000000 0.000000
0.988030 0.154265 0.000000 58.367370 -0.154265 0.988030 -0.000000 -3.322600 -0.000000 0.000000 1.000000 0.000000
0.987499 0.157624 0.000000 58.769506 -0.157624 0.987499 -0.000000 -3.404487 -0.000000 0.000000 1.000000 0.000000
0.986680 0.162671 0.000000 59.027710 -0.162671 0.986680 -0.000000 -3.521730 -0.000000 0.000000 1.000000 0.000000
0.986712 0.162476 0.000000 59.404090 -0.162476 0.986712 -0.000000 -3.667173 -0.000000 0.000000 1.000000 0.000000
0.986438 0.164132 0.000000 59.872845 -0.164132 0.986438 -0.000000 -3.766894 -0.000000 0.000000 1.000000 0.000000
0.986385 0.164455 0.000000 60.242683 -0.164455 0.986385 -0.000000 -3.832398 -0.000000 0.000000 1.000000 0.000000
0.986466 0.163966 0.000000 60.605286 -0.163966 0.986466 -0.000000 -3.887285 -0.000000 0.000000 1.000000 0.000000
0.986572 0.163326 0.000000 60.942242 -0.163326 0.986572 -0.000000 -3.877865 -0.000000 0.000000 1.000000 0.000000
0.986155 0.165826 0.000000 61.164028 -0.165826 0.986155 -0.000000 -4.004213 -0.000000 0.000000 1.000000 0.000000
0.984919 0.173017 0.000000 61.657010 -0.173017 0.984919 -0.000000 -4.009052 -0.000000 0.000000 1.000000 0.000000
0.985429 0.170086 0.000000 61.966010 -0.170086 0.985429 -0.000000 -4.107772 -0.000000 0.000000 1.000000 0.000000
0.985409 0.170203 0.000000 62.276969 -0.170203 0.985409 -0.000000 -4.168800 -0.000000 0.000000 1.000000 0.000000
0.985269 0.171011 0.000000 62.606128 -0.171011 0.985269 -0.000000 -4.228580 -0.000000 0.000000 1.000000 0.000000
0.984575 0.174966 0.000000 62.779491 -0.174966 0.984575 -0.000000 -4.171433 -0.000000 0.000000 1.000000 0.000000
0.984581 0.174931 0.000000 63.036299 -0.174931 0.984581 -0.000000 -4.309723 -0.000000 0.000000 1.000000 0.000000
0.983995 0.178194 0.000000 63.318610 -0.178194 0.983995 -0.000000 -4.303755 -0.000000 0.000000 1.000000 0.000000
0.984059 0.177845 0.000000 63.830889 -0.177845 0.984059 -0.000000 -4.364092 -0.000000 0.000000 1.000000 0.000000
0.983855 0.178965 0.000000 64.427592 -0.178965 0.983855 -0.000000 -4.498643 -0.000000 0.000000 1.000000 0.000000
0.983639 0.180149 0.000000 64.727536 -0.180149 0.983639 -0.000000 -4.556880 -0.000000 0.000000 1.000000 0.000000
0.983274 0.182131 0.000000 65.009739 -0.182131 0.983274 -0.000000 -4.594282 -0.000000 0.000000 1.000000 0.000000
0.983099 0.183072 0.000000 65.322803 -0.183072 0.983099 -0.000000 -4.529354 -0.000000 0.000000 1.000000 0.000000
0.981807 0.189882 0.000000 65.663434 -0.189882 0.981807 -0.000000 -4.651339 -0.000000 0.000000 1.000000 0.000000
0.981749 0.190181 0.000000 65.933366 -0.190181 0.981749 -0.000000 -4.722499 -0.000000 0.000000 1.000000 0.000000
0.982142 0.188141 0.000000 66.088221 -0.188141 0.982142 -0.000000 -4.729827 -0.000000 0.000000 1.000000 0.000000
0.981537 0.191275 0.000000 66.236819 -0.191275 0.981537 -0.000000 -4.826809 -0.000000 0.000000 1.000000 0.000000
0.981076 0.193622 0.000000 66.390214 -0.193622 0.981076 -0.000000 -4.915490 -0.000000 0.000000 1.000000 0.000000
0.979934 0.199320 0.000000 66.777431 -0.199320 0.979934 -0.000000 -5.043786 -0.000000 0.000000 1.000000 0.000000
0.979978 0.199104 0.000000 67.020712 -0.199104 0.979978 -0.000000 -5.092234 -0.000000 0.000000 1.000000 0.000000
0.979932 0.199332 0.000000 67.351310 -0.199332 0.979932 -0.000000 -5.204151 -0.000000 0.000000 1.000000 0.000000
0.979880 0.199586 0.000000 67.479337 -0.199586 0.979880 -0.000000 -5.170976 -0.000000 0.000000 1.000000 0.000000
0.979117 0.203299 0.000000 67.761116 -0.203299 0.979117 -0.000000 -5.196887 -0.000000 0.000000 1.000000 0.000000
0.978763 0.204993 0.000000 67.872077 -0.204993 0.978763 -0.000000 -5.322283 -0.000000 0.000000 1.000000 0.000000
0.978266 0.207355 0.000000 68.006111 -0.207355 0.978266 -0.000000 -5.437412 -0.000000 0.000000 1.000000 0.000000
0.978311 0.207143 0.000000 68.387987 -0.207143 0.978311 -0.000000 -5.520251 -0.000000 0.000000 1.000000 0.000000
0.978339 0.207008 0.000000 68.631192 -0.207008 0.978339 -0.000000 -5.575144 -0.000000 0.000000 1.000000 0.000000
0.978037 0.208432 0.000000 68.844451 -0.208432 0.978037 -0.000000 -5.578068 -0.000000 0.000000 1.000000 0.000000
0.977331 0.211716 0.000000 69.197403 -0.211716 0.977331 -0.000000 -5.809992 -0.000000 0.000000 1.000000 0.000000
0.977095 0.212802 0.000000 69.407031 -0.212802 0.977095 -0.000000 -5.838791 -0.000000 0.000000 1.000000 0.000000
0.976756 0.214354 0.000000 69.686423 -0.214354 0.976756 -0.000000 -5.918607 -0.000000 0.000000 1.000000 0.000000
0.976034 0.217620 0.000000 69.908824 -0.217620 0.976034 -0.000000 -6.029212 -0.000000 0.000000 1.000000 0.000000
0.976065 0.217478 0.000000 70.024556 -0.217478 0.976065 -0.000000 -6.241159 -0.000000 0.000000 1.000000 0.000000
0.976141 0.217136 0.000000 70.342723 -0.217136 0.976141 -0.000000 -6.218939 -0.000000 0.000000 1.000000 0.000000
0.975777 0.218766 0.000000 70.615643 -0.218766 0.975777 -0.000000 -6.281094 -0.000000 0.000000 1.000000 0.000000
0.975512 0.219948 0.000000 70.862051 -0.219948 0.975512 -0.000000 -6.301573 -0.000000 0.000000 1.000000 0.000000
0.975660 0.219289 0.000000 71.062778 -0.219289 0.975660 -0.000000 -6.362579 -0.000000 0.000000 1.000000 0.000000
0.974789 0.223128 0.000000 71.335767 -0.223128 0.974789 -0.000000 -6.446554 -0.000000 0.000000 1.000000 0.000000
0.974626 0.223841 0.000000 71.538839 -0.223841 0.974626 -0.000000 -6.518026 -0.000000 0.000000 1.000000 0.000000
0.974496 0.224406 0.000000 71.830077 -0.224406 0.974496 -0.000000 -6.565021 -0.000000 0.000000 1.000000 0.000000
0.974678 0.223613 0.000000 72.110117 -0.223613 0.974678 -0.000000 -6.639249 -0.000000 0.000000 1.000000 0.000000
0.974855 0.222841 0.000000 72.255781 -0.222841 0.974855 -0.000000 -6.836510 -0.000000 0.000000 1.000000 0.000000
0.972668 0.232201 0.000000 73.025493 -0.232201 0.972668 -0.000000 -6.994414 -0.000000 0.000000 1.000000 0.000000
0.972630 0.232361 0.000000 73.240305 -0.232361 0.972630 -0.000000 -7.064150 -0.000000 0.000000 1.000000 0.000000
0.971949 0.235193 0.000000 73.489471 -0.235193 0.971949 -0.000000 -7.079164 -0.000000 0.000000 1.000000 0.000000
0.971563 0.236782 0.000000 73.715350 -0.236782 0.971563 -0.000000 -6.953088 -0.000000 0.000000 1.000000 0.000000
0.971439 0.237289 0.000000 73.940472 -0.237289 0.971439 -0.000000 -6.960667 -0.000000 0.000000 1.000000 0.000000
0.970789 0.239934 0.000000 74.708756 -0.239934 0.970789 -0.000000 -7.209353 -0.000000 0.000000 1.000000 0.000000
0.970541 0.240938 0.000000 75.015780 -0.240938 0.970541 -0.000000 -7.243270 -0.000000 0.000000 1.000000 0.000000
0.969234 0.246140 0.000000 75.173435 -0.246140 0.969234 -0.000000 -7.337980 -0.000000 0.000000 1.000000 0.000000
0.967985 0.251010 0.000000 75.638993 -0.251010 0.967985 -0.000000 -7.458380 -0.000000 0.000000 1.000000 0.000000
0.967107 0.254371 0.000000 75.966071 -0.254371 0.967107 -0.000000 -7.536623 -0.000000 0.000000 1.000000 0.000000
0.967037 0.254637 0.000000 76.269373 -0.254637 0.967037 -0.000000 -7.684412 -0.000000 0.000000 1.000000 0.000000
0.966353 0.257218 0.000000 76.654427 -0.257218 0.966353 -0.000000 -7.766827 -0.000000 0.000000 1.000000 0.000000
0.965540 0.260255 0.000000 76.862945 -0.260255 0.965540 -0.000000 -7.729029 -0.000000 0.000000 1.000000 0.000000
0.965607 0.260007 0.000000 76.918961 -0.260007 0.965607 -0.000000 -7.753428 -0.000000 0.000000 1.000000 0.000000
0.964972 0.262352 0.000000 77.186318 -0.262352 0.964972 -0.000000 -7.918673 -0.000000 0.000000 1.000000 0.000000
0.965982 0.258609 0.000000 77.828917 -0.258609 0.965982 -0.000000 -8.000948 -0.000000 0.000000 1.000000 0.000000
0.965698 0.259668 0.000000 78.174558 -0.259668 0.965698 -0.000000 -8.098711 -0.000000 0.000000 1.000000 0.000000
0.965453 0.260576 0.000000 78.643353 -0.260576 0.965453 -0.000000 -8.237297 -0.000000 0.000000 1.000000 0.000000
0.965731 0.259544 0.000000 78.862925 -0.259544 0.965731 -0.000000 -8.339916 -0.000000 0.000000 1.000000 0.000000
0.966018 0.258474 0.000000 79.514442 -0.258474 0.966018 -0.000000 -8.511653 -0.000000 0.000000 1.000000 0.000000
0.965359 0.260924 0.000000 80.210241 -0.260924 0.965359 -0.000000 -8.722349 -0.000000 0.000000 1.000000 0.000000
0.965259 0.261294 0.000000 80.570099 -0.261294 0.965259 -0.000000 -8.785694 -0.000000 0.000000 1.000000 0.000000
0.965569 0.260146 0.000000 80.964431 -0.260146 0.965569 -0.000000 -8.906404 -0.000000 0.000000 1.000000 0.000000
0.965765 0.259417 0.000000 81.314815 -0.259417 0.965765 -0.000000 -9.026550 -0.000000 0.000000 1.000000 0.000000
0.965889 0.258955 0.000000 81.471930 -0.258955 0.965889 -0.000000 -9.167351 -0.000000 0.000000 1.000000 0.000000
0.964831 0.262870 0.000000 81.935181 -0.262870 0.964831 -0.000000 -9.384437 -0.000000 0.000000 1.000000 0.000000
0.964876 0.262707 0.000000 82.254593 -0.262707 0.964876 -0.000000 -9.446929 -0.000000 0.000000 1.000000 0.000000
0.964139 0.265397 0.000000 83.174190 -0.265397 0.964139 -0.000000 -9.570987 -0.000000 0.000000 1.000000 0.000000
0.964870 0.262727 0.000000 83.917826 -0.262727 0.964870 -0.000000 -9.776202 -0.000000 0.000000 1.000000 0.000000
0.964095 0.265558 0.000000 84.385092 -0.265558 0.964095 -0.000000 -9.907867 -0.000000 0.000000 1.000000 0.000000
0.964482 0.264148 0.000000 84.829653 -0.264148 0.964482 -0.000000 -10.028159 -0.000000 0.000000 1.000000 0.000000
0.964116 0.265480 0.000000 85.197033 -0.265480 0.964116 -0.000000 -10.239251 -0.000000 0.000000 1.000000 0.000000
0.964500 0.264083 0.000000 85.743751 -0.264083 0.964500 -0.000000 -10.270322 -0.000000 0.000000 1.000000 0.000000
0.963073 0.269241 0.000000 86.223289 -0.269241 0.963073 -0.000000 -10.477349 -0.000000 0.000000 1.000000 0.000000
0.962284 0.272045 0.000000 86.722488 -0.272045 0.962284 -0.000000 -10.616145 -0.000000 0.000000 1.000000 0.000000
0.960760 0.277380 0.000000 87.398128 -0.277380 0.960760 -0.000000 -10.822398 -0.000000 0.000000 1.000000 0.000000
0.959447 0.281891 0.000000 87.792042 -0.281891 0.959447 -0.000000 -10.893841 -0.000000 0.000000 1.000000 0.000000
0.959092 0.283094 0.000000 88.257212 -0.283094 0.959092 -0.000000 -11.087062 -0.000000 0.000000 1.000000 0.000000
0.958223 0.286022 0.000000 88.778515 -0.286022 0.958223 -0.000000 -11.243186 -0.000000 0.000000 1.000000 0.000000
0.958138 0.286308 0.000000 89.668312 -0.286308 0.958138 -0.000000 -11.482249 -0.000000 0.000000 1.000000 0.000000
0.957502 0.288427 0.000000 90.228706 -0.288427 0.957502 -0.000000 -11.637841 -0.000000 0.000000 1.000000 0.000000
0.956830 0.290648 0.000000 90.771861 -0.290648 0.956830 -0.000000 -11.815827 -0.000000 0.000000 1.000000 0.000000
0.957042 0.289950 0.000000 91.117268 -0.289950 0.957042 -0.000000 -11.969071 -0.000000 0.000000 1.000000 0.000000
0.956835 0.290630 0.000000 91.526056 -0.290630 0.956835 -0.000000 -12.097623 -0.000000 0.000000 1.000000 0.000000
0.955715 0.294294 0.000000 92.269452 -0.294294 0.955715 -0.000000 -12.368111 -0.000000 0.000000 1.000000 0.000000
0.955067 0.296390 0.000000 92.782993 -0.296390 0.955067 -0.000000 -12.535344 -0.000000 0.000000 1.000000 0.000000
0.952940 0.303158 0.000000 93.880677 -0.303158 0.952940 -0.000000 -12.876048 -0.000000 0.000000 1.000000 0.000000
0.952879 0.303350 0.000000 94.533419 -0.303350 0.952879 -0.000000 -13.125401 -0.000000 0.000000 1.000000 0.000000
0.952455 0.304680 0.000000 95.151960 -0.304680 0.952455 -0.000000 -13.171935 -0.000000 0.000000 1.000000 0.000000
0.951073 0.308965 0.000000 95.676165 -0.308965 0.951073 -0.000000 -13.445592 -0.000000 0.000000 1.000000 0.000000
0.949812 0.312822 0.000000 96.240732 -0.312822 0.949812 -0.000000 -13.508651 -0.000000 0.000000 1.000000 0.000000
0.949277 0.314442 0.000000 96.812772 -0.314442 0.949277 -0.000000 -13.731367 -0.000000 0.000000 1.000000 0.000000
0.948002 0.318265 0.000000 97.349779 -0.318265 0.948002 -0.000000 -14.000886 -0.000000 0.000000 1.000000 0.000000
0.946725 0.322043 0.000000 97.943825 -0.322043 0.946725 -0.000000 -14.186985 -0.000000 0.000000 1.000000 0.000000
0.946167 0.323678 0.000000 98.519790 -0.323678 0.946167 -0.000000 -14.389161 -0.000000 0.000000 1.000000 0.000000
0.945584 0.325377 0.000000 99.177856 -0.325377 0.945584 -0.000000 -14.508698 -0.000000 0.000000 1.000000 0.000000
0.946493 0.322723 0.000000 99.691433 -0.322723 0.946493 -0.000000 -14.690111 -0.000000 0.000000 1.000000 0.000000
0.946471 0.322788 0.000000 100.282044 -0.322788 0.946471 -0.000000 -14.899855 -0.000000 0.000000 1.000000 0.000000
0.945746 0.324906 0.000000 100.881371 -0.324906 0.945746 -0.000000 -15.094723 -0.000000 0.000000 1.000000 0.000000
0.945118 0.326728 0.000000 101.425650 -0.326728 0.945118 -0.000000 -15.336678 -0.000000 0.000000 1.000000 0.000000
0.944553 0.328358 0.000000 102.418372 -0.328358 0.944553 -0.000000 -15.682442 -0.000000 0.000000 1.000000 0.000000
0.942892 0.333099 0.000000 103.111298 -0.333099 0.942892 -0.000000 -15.857773 -0.000000 0.000000 1.000000 0.000000
0.942391 0.334512 0.000000 103.670421 -0.334512 0.942391 -0.000000 -16.023889 -0.000000 0.000000 1.000000 0.000000
0.941753 0.336304 0.000000 104.310395 -0.336304 0.941753 -0.000000 -16.254289 -0.000000 0.000000 1.000000 0.000000
0.942070 0.335418 0.000000 104.934905 -0.335418 0.942070 -0.000000 -16.436969 -0.000000 0.000000 1.000000 0.000000
0.942568 0.334015 0.000000 105.535202 -0.334015 0.942568 -0.000000 -16.587804 -0.000000 0.000000 1.000000 0.000000
0.942578 0.333985 0.000000 106.104939 -0.333985 0.942578 -0.000000 -16.792937 -0.000000 0.000000 1.000000 0.000000
0.942520 0.334150 0.000000 106.716807 -0.334150 0.942520 -0.000000 -17.012278 -0.000000 0.000000 1.000000 0.000000
0.942951 0.332931 0.000000 107.312228 -0.332931 0.942951 -0.000000 -17.192856 -0.000000 0.000000 1.000000 0.000000
0.942409 0.334464 0.000000 107.994591 -0.334464 0.942409 -0.000000 -17.360247 -0.000000 0.000000 1.000000 0.000000
0.942878 0.333138 0.000000 108.713857 -0.333138 0.942878 -0.000000 -17.616179 -0.000000 0.000000 1.000000 0.000000
0.942534 0.334110 0.000000 109.493219 -0.334110 0.942534 -0.000000 -17.735651 -0.000000 0.000000 1.000000 0.000000
0.941040 0.338296 0.000000 110.286561 -0.338296 0.941040 -0.000000 -18.110998 -0.000000 0.000000 1.000000 0.000000
0.939950 0.341313 0.000000 110.897248 -0.341313 0.939950 -0.000000 -18.249465 -0.000000 0.000000 1.000000 0.000000
0.939426 0.342751 0.000000 111.457873 -0.342751 0.939426 -0.000000 -18.469698 -0.000000 0.000000 1.000000 0.000000
0.939231 0.343286 0.000000 112.451496 -0.343286 0.939231 -0.000000 -18.774786 -0.000000 0.000000 1.000000 0.000000
0.938996 0.343928 0.000000 113.098040 -0.343928 0.938996 -0.000000 -19.007880 -0.000000 0.000000 1.000000 0.000000
0.938289 0.345852 0.000000 113.651127 -0.345852 0.938289 -0.000000 -19.147756 -0.000000 0.000000 1.000000 0.000000
0.937896 0.346917 0.000000 114.245185 -0.346917 0.937896 -0.000000 -19.412511 -0.000000 0.000000 1.000000 0.000000
0.937543 0.347869 0.000000 114.866388 -0.347869 0.937543 -0.000000 -19.668419 -0.000000 0.000000 1.000000 0.000000
0.937803 0.347167 0.000000 115.493759 -0.347167 0.937803 -0.000000 -19.894040 -0.000000 0.000000 1.000000 0.000000
0.936716 0.350091 0.000000 116.030544 -0.350091 0.936716 -0.000000 -20.186405 -0.000000 0.000000 1.000000 0.000000
0.937277 0.348585 0.000000 117.157150 -0.348585 0.937277 -0.000000 -20.601709 -0.000000 0.000000 1.000000 0.000000
0.937320 0.348469 0.000000 117.750367 -0.348469 0.937320 -0.000000 -20.839372 -0.000000 0.000000 1.000000 0.000000
0.937384 0.348298 0.000000 118.263961 -0.348298 0.937384 -0.000000 -21.028379 -0.000000 0.000000 1.000000 0.000000
0.936607 0.350381 0.000000 118.808850 -0.350381 0.936607 -0.000000 -21.287729 -0.000000 0.000000 1.000000 0.000000
0.935464 0.353422 0.000000 120.000524 -0.353422 0.935464 -0.000000 -21.566904 -0.000000 0.000000 1.000000 0.000000
0.934684 0.355480 0.000000 120.574069 -0.355480 0.934684 -0.000000 -21.730827 -0.000000 0.000000 1.000000 0.000000
0.935255 0.353974 0.000000 121.251185 -0.353974 0.935255 -0.000000 -21.968420 -0.000000 0.000000 1.000000 0.000000
0.935487 0.353361 0.000000 121.835908 -0.353361 0.935487 -0.000000 -22.201006 -0.000000 0.000000 1.000000 0.000000
0.935801 0.352528 0.000000 122.470012 -0.352528 0.935801 -0.000000 -22.482453 -0.000000 0.000000 1.000000 0.000000
0.929791 0.368087 0.000000 126.734779 -0.368087 0.929791 -0.000000 -24.266497 -0.000000 0.000000 1.000000 0.000000
0.929851 0.367937 0.000000 127.330293 -0.367937 0.929851 -0.000000 -24.518066 -0.000000 0.000000 1.000000 0.000000
0.929265 0.369413 0.000000 128.053421 -0.369413 0.929265 -0.000000 -24.840947 -0.000000 0.000000 1.000000 0.000000
0.928534 0.371247 0.000000 128.539556 -0.371247 0.928534 -0.000000 -25.048902 -0.000000 0.000000 1.000000 0.000000
0.927738 0.373232 0.000000 129.078917 -0.373232 0.927738 -0.000000 -25.314936 -0.000000 0.000000 1.000000 0.000000
0.927131 0.374737 0.000000 129.731152 -0.374737 0.927131 -0.000000 -25.496946 -0.000000 0.000000 1.000000 0.000000
0.922141 0.386854 0.000000 130.830173 -0.386854 0.922141 -0.000000 -25.848998 -0.000000 0.000000 1.000000 0.000000
0.921940 0.387334 0.000000 131.597648 -0.387334 0.921940 -0.000000 -26.193938 -0.000000 0.000000 1.000000 0.000000
0.921060 0.389422 0.000000 132.299609 -0.389422 0.921060 -0.000000 -26.463158 -0.000000 0.000000 1.000000 0.000000
0.920776 0.390092 0.000000 132.900313 -0.390092 0.920776 -0.000000 -26.726121 -0.000000 0.000000 1.000000 0.000000
0.918032 0.396507 0.000000 133.710882 -0.396507 0.918032 -0.000000 -27.193386 -0.000000 0.000000 1.000000 0.000000
0.918231 0.396045 0.000000 134.280467 -0.396045 0.918231 -0.000000 -27.442881 -0.000000 0.000000 1.000000 0.000000
0.918327 0.395822 0.000000 134.732632 -0.395822 0.918327 -0.000000 -27.707352 -0.000000 0.000000 1.000000 0.000000
0.917637 0.397419 0.000000 135.360568 -0.397419 0.917637 -0.000000 -27.894659 -0.000000 0.000000 1.000000 0.000000
0.917594 0.397518 0.000000 135.943704 -0.397518 0.917594 -0.000000 -28.212115 -0.000000 0.000000 1.000000 0.000000
0.917322 0.398145 0.000000 136.800995 -0.398145 0.917322 -0.000000 -28.610377 -0.000000 0.000000 1.000000 0.000000
0.916632 0.399731 0.000000 137.434402 -0.399731 0.916632 -0.000000 -28.733043 -0.000000 0.000000 1.000000 0.000000
0.916175 0.400779 0.000000 137.993910 -0.400779 0.916175 -0.000000 -28.989361 -0.000000 0.000000 1.000000 0.000000
0.915494 0.402331 0.000000 138.531933 -0.402331 0.915494 -0.000000 -29.238457 -0.000000 0.000000 1.000000 0.000000
0.913867 0.406015 0.000000 139.274950 -0.406015 0.913867 -0.000000 -29.577330 -0.000000 0.000000 1.000000 0.000000
0.913456 0.406937 0.000000 139.847863 -0.406937 0.913456 -0.000000 -29.840574 -0.000000 0.000000 1.000000 0.000000
0.913504 0.406830 0.000000 140.415828 -0.406830 0.913504 -0.000000 -30.080951 -0.000000 0.000000 1.000000 0.000000
0.913823 0.406114 0.000000 140.890444 -0.406114 0.913823 -0.000000 -30.267675 -0.000000 0.000000 1.000000 0.000000
0.914159 0.405356 0.000000 141.409652 -0.405356 0.914159 -0.000000 -30.532562 -0.000000 0.000000 1.000000 0.000000
0.913288 0.407314 0.000000 142.460379 -0.407314 0.913288 -0.000000 -31.135099 -0.000000 0.000000 1.000000 0.000000
0.912050 0.410080 0.000000 142.914215 -0.410080 0.912050 -0.000000 -31.446012 -0.000000 0.000000 1.000000 0.000000
0.911937 0.410330 0.000000 143.457149 -0.410330 0.911937 -0.000000 -31.747751 -0.000000 0.000000 1.000000 0.000000
0.910394 0.413743 0.000000 143.939603 -0.413743 0.910394 -0.000000 -32.066957 -0.000000 0.000000 1.000000 0.000000
0.909290 0.416164 0.000000 144.422045 -0.416164 0.909290 -0.000000 -32.425500 -0.000000 0.000000 1.000000 0.000000
0.911377 0.411572 0.000000 144.967567 -0.411572 0.911377 -0.000000 -32.690835 -0.000000 0.000000 1.000000 0.000000
0.912579 0.408900 0.000000 145.691724 -0.408900 0.912579 -0.000000 -32.965026 -0.000000 0.000000 1.000000 0.000000
0.912398 0.409303 0.000000 146.227670 -0.409303 0.912398 -0.000000 -33.281024 -0.000000 0.000000 1.000000 0.000000
0.912576 0.408908 0.000000 146.731195 -0.408908 0.912576 -0.000000 -33.519345 -0.000000 0.000000 1.000000 0.000000
0.911951 0.410299 0.000000 147.273185 -0.410299 0.911951 -0.000000 -33.812212 -0.000000 0.000000 1.000000 0.000000
0.912038 0.410107 0.000000 147.848173 -0.410107 0.912038 -0.000000 -34.083132 -0.000000 0.000000 1.000000 0.000000
0.911818 0.410596 0.000000 148.355745 -0.410596 0.911818 -0.000000 -34.298679 -0.000000 0.000000 1.000000 0.000000
0.911464 0.411380 0.000000 148.912602 -0.411380 0.911464 -0.000000 -34.526810 -0.000000 0.000000 1.000000 0.000000
0.911332 0.411672 0.000000 149.412018 -0.411672 0.911332 -0.000000 -34.787601 -0.000000 0.000000 1.000000 0.000000
0.909347 0.416038 0.000000 149.835082 -0.416038 0.909347 -0.000000 -35.118127 -0.000000 0.000000 1.000000 0.000000
0.909430 0.415857 0.000000 150.398663 -0.415857 0.909430 -0.000000 -35.367877 -0.000000 0.000000 1.000000 0.000000
0.908343 0.418226 0.000000 151.031788 -0.418226 0.908343 -0.000000 -35.699702 -0.000000 0.000000 1.000000 0.000000
0.907772 0.419465 0.000000 151.532262 -0.419465 0.907772 -0.000000 -35.932085 -0.000000 0.000000 1.000000 0.000000
0.905988 0.423303 0.000000 151.999987 -0.423303 0.905988 -0.000000 -36.322648 -0.000000 0.000000 1.000000 0.000000
0.905780 0.423747 0.000000 152.496097 -0.423747 0.905780 -0.000000 -36.558787 -0.000000 0.000000 1.000000 0.000000
0.905703 0.423913 0.000000 153.019142 -0.423913 0.905703 -0.000000 -36.810337 -0.000000 0.000000 1.000000 0.000000
0.905087 0.425226 0.000000 153.419454 -0.425226 0.905087 -0.000000 -37.092769 -0.000000 0.000000 1.000000 0.000000
0.905137 0.425121 0.000000 154.093507 -0.425121 0.905137 -0.000000 -37.420679 -0.000000 0.000000 1.000000 0.000000
0.903808 0.427939 0.000000 154.647617 -0.427939 0.903808 -0.000000 -37.684674 -0.000000 0.000000 1.000000 0.000000
0.903144 0.429337 0.000000 155.216104 -0.429337 0.903144 -0.000000 -37.888294 -0.000000 0.000000 1.000000 0.000000
0.902340 0.431025 0.000000 155.658356 -0.431025 0.902340 -0.000000 -38.140351 -0.000000 0.000000 1.000000 0.000000
0.900889 0.434050 0.000000 156.205894 -0.434050 0.900889 -0.000000 -38.370498 -0.000000 0.000000 1.000000 0.000000
0.900618 0.434611 0.000000 156.727220 -0.434611 0.900618 -0.000000 -38.616421 -0.000000 0.000000 1.000000 0.000000
0.900400 0.435064 0.000000 157.440312 -0.435064 0.900400 -0.000000 -38.987441 -0.000000 0.000000 1.000000 0.000000
0.900452 0.434956 0.000000 158.039486 -0.434956 0.900452 -0.000000 -39.271999 -0.000000 0.000000 1.000000 0.000000
0.899107 0.437728 0.000000 158.500775 -0.437728 0.899107 -0.000000 -39.346873 -0.000000 0.000000 1.000000 0.000000
0.899684 0.436541 0.000000 159.141677 -0.436541 0.899684 -0.000000 -39.730941 -0.000000 0.000000 1.000000 0.000000
0.898066 0.439861 0.000000 159.720582 -0.439861 0.898066 -0.000000 -40.088809 -0.000000 0.000000 1.000000 0.000000
0.897419 0.441179 0.000000 160.365387 -0.441179 0.897419 -0.000000 -40.354316 -0.000000 0.000000 1.000000 0.000000
0.899229 0.437479 0.000000 160.873509 -0.437479 0.899229 -0.000000 -40.622735 -0.000000 0.000000 1.000000 0.000000
0.899003 0.437942 0.000000 161.566920 -0.437942 0.899003 -0.000000 -40.846771 -0.000000 0.000000 1.000000 0.000000
0.898826 0.438306 0.000000 161.906669 -0.438306 0.898826 -0.000000 -41.091759 -0.000000 0.000000 1.000000 0.000000
0.898863 0.438230 0.000000 162.585614 -0.438230 0.898863 -0.000000 -41.458283 -0.000000 0.000000 1.000000 0.000000
0.898828 0.438301 0.000000 163.214743 -0.438301 0.898828 -0.000000 -41.771190 -0.000000 0.000000 1.000000 0.000000
0.896615 0.442812 0.000000 163.778223 -0.442812 0.896615 -0.000000 -42.120510 -0.000000 0.000000 1.000000 0.000000
0.894226 0.447616 0.000000 164.392178 -0.447616 0.894226 -0.000000 -42.487701 -0.000000 0.000000 1.000000 0.000000
0.893138 0.449782 0.000000 164.861491 -0.449782 0.893138 -0.000000 -42.821837 -0.000000 0.000000 1.000000 0.000000
0.895541 0.444979 0.000000 165.542591 -0.444979 0.895541 -0.000000 -43.144292 -0.000000 0.000000 1.000000 0.000000
0.896886 0.442262 0.000000 166.035924 -0.442262 0.896886 -0.000000 -43.449952 -0.000000 0.000000 1.000000 0.000000
0.895765 0.444527 0.000000 166.483778 -0.444527 0.895765 -0.000000 -43.689017 -0.000000 0.000000 1.000000 0.000000
0.895339 0.445386 0.000000 167.074987 -0.445386 0.895339 -0.000000 -43.912065 -0.000000 0.000000 1.000000 0.000000
0.897293 0.441435 0.000000 167.522935 -0.441435 0.897293 -0.000000 -44.123459 -0.000000 0.000000 1.000000 0.000000
0.898354 0.439272 0.000000 168.180813 -0.439272 0.898354 -0.000000 -44.492651 -0.000000 0.000000 1.000000 0.000000
0.898504 0.438965 0.000000 168.815359 -0.438965 0.898504 -0.000000 -44.796854 -0.000000 0.000000 1.000000 0.000000
0.895323 0.445418 0.000000 169.245108 -0.445418 0.895323 -0.000000 -45.063652 -0.000000 0.000000 1.000000 0.000000
0.894828 0.446411 0.000000 169.795125 -0.446411 0.894828 -0.000000 -45.354609 -0.000000 0.000000 1.000000 0.000000
0.893778 0.448509 0.000000 170.109509 -0.448509 0.893778 -0.000000 -45.540289 -0.000000 0.000000 1.000000 0.000000
0.895362 0.445338 0.000000 170.742934 -0.445338 0.895362 -0.000000 -45.877888 -0.000000 0.000000 1.000000 0.000000
0.895771 0.444515 0.000000 171.739332 -0.444515 0.895771 -0.000000 -46.404643 -0.000000 0.000000 1.000000 0.000000
0.896283 0.443483 0.000000 172.103823 -0.443483 0.896283 -0.000000 -46.491609 -0.000000 0.000000 1.000000 0.000000
0.896686 0.442668 0.000000 172.550726 -0.442668 0.896686 -0.000000 -46.613752 -0.000000 0.000000 1.000000 0.000000
0.897567 0.440878 0.000000 173.053353 -0.440878 0.897567 -0.000000 -46.798761 -0.000000 0.000000 1.000000 0.000000
0.896975 0.442081 0.000000 173.551167 -0.442081 0.896975 -0.000000 -47.048531 -0.000000 0.000000 1.000000 0.000000
0.896427 0.443192 0.000000 174.054477 -0.443192 0.896427 -0.000000 -47.280597 -0.000000 0.000000 1.000000 0.000000
0.896768 0.442501 0.000000 174.570411 -0.442501 0.896768 -0.000000 -47.546505 -0.000000 0.000000 1.000000 0.000000
0.897253 0.441517 0.000000 174.911018 -0.441517 0.897253 -0.000000 -47.699868 -0.000000 0.000000 1.000000 0.000000
0.896842 0.442350 0.000000 175.449201 -0.442350 0.896842 -0.000000 -47.925326 -0.000000 0.000000 1.000000 0.000000
0.896677 0.442685 0.000000 175.886587 -0.442685 0.896677 -0.000000 -48.141860 -0.000000 0.000000 1.000000 0.000000
0.897438 0.441140 0.000000 176.373893 -0.441140 0.897438 -0.000000 -48.389177 -0.000000 0.000000 1.000000 0.000000
0.896971 0.442088 0.000000 176.791883 -0.442088 0.896971 -0.000000 -48.518040 -0.000000 0.000000 1.000000 0.000000
0.897719 0.440569 0.000000 177.185441 -0.440569 0.897719 -0.000000 -48.729815 -0.000000 0.000000 1.000000 0.000000
0.897496 0.441022 0.000000 177.616203 -0.441022 0.897496 -0.000000 -48.957694 -0.000000 0.000000 1.000000 0.000000
0.898026 0.439942 0.000000 178.106000 -0.439942 0.898026 -0.000000 -49.180316 -0.000000 0.000000 1.000000 0.000000
0.899794 0.436314 0.000000 178.557387 -0.436314 0.899794 -0.000000 -49.408762 -0.000000 0.000000 1.000000 0.000000
0.900270 0.435332 0.000000 179.070170 -0.435332 0.900270 -0.000000 -49.665877 -0.000000 0.000000 1.000000 0.000000
0.900545 0.434764 0.000000 179.518268 -0.434764 0.900545 -0.000000 -49.882744 -0.000000 0.000000 1.000000 0.000000
0.900917 0.433991 0.000000 180.127170 -0.433991 0.900917 -0.000000 -50.139908 -0.000000 0.000000 1.000000 0.000000
0.900787 0.434260 0.000000 180.594135 -0.434260 0.900787 -0.000000 -50.340019 -0.000000 0.000000 1.000000 0.000000
0.901316 0.433161 0.000000 181.131241 -0.433161 0.901316 -0.000000 -50.631371 -0.000000 0.000000 1.000000 0.000000
0.902544 0.430597 0.000000 181.798131 -0.430597 0.902544 -0.000000 -50.934545 -0.000000 0.000000 1.000000 0.000000
0.904602 0.426256 0.000000 182.274290 -0.426256 0.904602 -0.000000 -51.175243 -0.000000 0.000000 1.000000 0.000000
0.905280 0.424816 0.000000 182.917035 -0.424816 0.905280 -0.000000 -51.343203 -0.000000 0.000000 1.000000 0.000000
0.905952 0.423380 0.000000 183.534134 -0.423380 0.905952 -0.000000 -51.512034 -0.000000 0.000000 1.000000 0.000000
0.907646 0.419736 0.000000 184.180888 -0.419736 0.907646 -0.000000 -51.823814 -0.000000 0.000000 1.000000 0.000000
0.909313 0.416113 0.000000 184.668124 -0.416113 0.909313 -0.000000 -52.069813 -0.000000 0.000000 1.000000 0.000000
0.911578 0.411126 0.000000 185.117445 -0.411126 0.911578 -0.000000 -52.245474 -0.000000 0.000000 1.000000 0.000000
0.913697 0.406396 0.000000 185.434544 -0.406396 0.913697 -0.000000 -52.391243 -0.000000 0.000000 1.000000 0.000000
0.916001 0.401175 0.000000 185.846989 -0.401175 0.916001 -0.000000 -52.593056 -0.000000 0.000000 1.000000 0.000000
0.919392 0.393344 0.000000 186.681967 -0.393344 0.919392 -0.000000 -52.952804 -0.000000 0.000000 1.000000 0.000000
0.922217 0.386674 0.000000 187.118383 -0.386674 0.922217 -0.000000 -53.177967 -0.000000 0.000000 1.000000 0.000000
0.925581 0.378549 0.000000 187.587405 -0.378549 0.925581 -0.000000 -53.351957 -0.000000 0.000000 1.000000 0.000000
0.927135 0.374728 0.000000 188.060132 -0.374728 0.927135 -0.000000 -53.559487 -0.000000 0.000000 1.000000 0.000000
0.930669 0.365861 0.000000 188.500396 -0.365861 0.930669 -0.000000 -53.721808 -0.000000 0.000000 1.000000 0.000000
