1.000000 -0.000246 0.000000 0.623649 0.000246 1.000000 0.000000 -0.069397 0.000000 0.000000 1.000000 0.000000
0.999999 0.001142 0.000000 1.338984 -0.001142 0.999999 -0.000000 -0.036020 -0.000000 0.000000 1.000000 0.000000
1.000000 0.000595 0.000000 1.922880 -0.000595 1.000000 -0.000000 -0.054554 -0.000000 0.000000 1.000000 0.000000
0.999994 0.003604 0.000000 2.436988 -0.003604 0.999994 -0.000000 -0.120030 -0.000000 0.000000 1.000000 0.000000
0.999957 0.009233 0.000000 3.398809 -0.009233 0.999957 -0.000000 -0.461834 -0.000000 0.000000 1.000000 0.000000
0.999946 0.010371 0.000000 3.864389 -0.010371 0.999946 -0.000000 -0.406062 -0.000000 0.000000 1.000000 0.000000
0.999949 0.010088 0.000000 4.302069 -0.010088 0.999949 -0.000000 -0.429260 -0.000000 0.000000 1.000000 0.000000
0.999943 0.010661 0.000000 5.057587 -0.010661 0.999943 -0.000000 -0.444509 -0.000000 0.000000 1.000000 0.000000
0.999923 0.012419 0.000000 5.648717 -0.012419 0.999923 -0.000000 -0.551490 -0.000000 0.000000 1.000000 0.000000
0.999907 0.013658 0.000000 6.206616 -0.013658 0.999907 -0.000000 -0.501439 -0.000000 0.000000 1.000000 0.000000
0.999905 0.013781 0.000000 7.349845 -0.013781 0.999905 -0.000000 -0.286795 -0.000000 0.000000 1.000000 0.000000
0.999886 0.015103 0.000000 8.070869 -0.015103 0.999886 -0.000000 -0.418878 -0.000000 0.000000 1.000000 0.000000
0.999897 0.014327 0.000000 8.809767 -0.014327 0.999897 -0.000000 -0.302369 -0.000000 0.000000 1.000000 0.000000
0.999870 0.016121 0.000000 9.338791 -0.016121 0.999870 -0.000000 -0.262022 -0.000000 0.000000 1.000000 0.000000
0.999812 0.019403 0.000000 9.934937 -0.019403 0.999812 -0.000000 -0.304241 -0.000000 0.000000 1.000000 0.000000
0.999819 0.019035 0.000000 10.490607 -0.019035 0.999819 -0.000000 -0.205585 -0.000000 0.000000 1.000000 0.000000
0.999764 0.021708 0.000000 11.084376 -0.021708 0.999764 -0.000000 -0.263668 -0.000000 0.000000 1.000000 0.000000
0.999752 0.022286 0.000000 11.862424 -0.022286 0.999752 -0.000000 -0.267355 -0.000000 0.000000 1.000000 0.000000
0.999715 0.023869 0.000000 12.326279 -0.023869 0.999715 -0.000000 -0.062216 -0.000000 0.000000 1.000000 0.000000
0.999728 0.023335 0.000000 12.898354 -0.023335 0.999728 -0.000000 -0.171665 -0.000000 0.000000 1.000000 0.000000
0.999679 0.025349 0.000000 13.486358 -0.025349 0.999679 -0.000000 -0.126441 -0.000000 0.000000 1.000000 0.000000
0.999614 0.027786 0.000000 14.126396 -0.027786 0.999614 -0.000000 -0.527763 -0.000000 0.000000 1.000000 0.000000
0.999531 0.030608 0.000000 14.684219 -0.030608 0.999531 -0.000000 -0.443895 -0.000000 0.000000 1.000000 0.000000
0.999484 0.032105 0.000000 15.476705 -0.032105 0.999484 -0.000000 -0.448647 -0.000000 0.000000 1.000000 0.000000
0.999440 0.033447 0.000000 16.006883 -0.033447 0.999440 -0.000000 -0.413272 -0.000000 0.000000 1.000000 0.000000
0.999523 0.030879 0.000000 16.494815 -0.030879 0.999523 -0.000000 -0.286545 -0.000000 0.000000 1.000000 0.000000
0.999457 0.032941 0.000000 17.132761 -0.032941 0.999457 -0.000000 -0.416405 -0.000000 0.000000 1.000000 0.000000
0.999425 0.033906 0.000000 17.629585 -0.033906 0.999425 -0.000000 -0.527661 -0.000000 0.000000 1.000000 0.000000
0.999409 0.034362 0.000000 18.258780 -0.034362 0.999409 -0.000000 -0.523617 -0.000000 0.000000 1.000000 0.000000
0.999468 0.032608 0.000000 18.947723 -0.032608 0.999468 -0.000000 -0.508007 -0.000000 0.000000 1.000000 0.000000
0.999434 0.033641 0.000000 19.466308 -0.033641 0.999434 -0.000000 -0.834842 -0.000000 0.000000 1.000000 0.000000
0.999369 0.035520 0.000000 20.031344 -0.035520 0.999369 -0.000000 -0.830675 -0.000000 0.000000 1.000000 0.000000
0.999324 0.036765 0.000000 20.544698 -0.036765 0.999324 -0.000000 -0.792016 -0.000000 0.000000 1.000000 0.000000
0.999353 0.035961 0.000000 21.093624 -0.035961 0.999353 -0.000000 -0.841191 -0.000000 0.000000 1.000000 0.000000
0.999331 0.036565 0.000000 21.448241 -0.036565 0.999331 -0.000000 -0.857940 -0.000000 0.000000 1.000000 0.000000
0.999285 0.037815 0.000000 21.971424 -0.037815 0.999285 -0.000000 -0.971742 -0.000000 0.000000 1.000000 0.000000
0.999294 0.037578 0.000000 22.471009 -0.037578 0.999294 -0.000000 -0.902525 -0.000000 0.000000 1.000000 0.000000
0.999022 0.044220 0.000000 23.664767 -0.044220 0.999022 -0.000000 -0.896436 -0.000000 0.000000 1.000000 0.000000
0.991014 0.133756 0.000000 23.755813 -0.133756 0.991014 -0.000000 0.480803 -0.000000 0.000000 1.000000 0.000000
0.990457 0.137823 0.000000 24.320224 -0.137823 0.990457 -0.000000 0.332158 -0.000000 0.000000 1.000000 0.000000
0.990409 0.138170 0.000000 24.959458 -0.138170 0.990409 -0.000000 0.098149 -0.000000 0.000000 1.000000 0.000000
0.990456 0.137830 0.000000 25.575964 -0.137830 0.990456 -0.000000 0.079388 -0.000000 0.000000 1.000000 0.000000
0.990889 0.134684 0.000000 26.177127 -0.134684 0.990889 -0.000000 0.075250 -0.000000 0.000000 1.000000 0.000000
0.990233 0.139420 0.000000 26.885560 -0.139420 0.990233 -0.000000 -0.130006 -0.000000 0.000000 1.000000 0.000000
0.990265 0.139197 0.000000 27.533702 -0.139197 0.990265 -0.000000 -0.186861 -0.000000 0.000000 1.000000 0.000000
0.989564 0.144093 0.000000 28.634917 -0.144093 0.989564 -0.000000 -0.563121 -0.000000 0.000000 1.000000 0.000000
0.989465 0.144774 0.000000 29.158888 -0.144774 0.989465 -0.000000 -0.681876 -0.000000 0.000000 1.000000 0.000000
0.989298 0.145906 0.000000 29.690677 -0.145906 0.989298 -0.000000 -0.521284 -0.000000 0.000000 1.000000 0.000000
0.989975 0.141243 0.000000 30.266155 -0.141243 0.989975 -0.000000 -0.623603 -0.000000 0.000000 1.000000 0.000000
0.989422 0.145065 0.000000 30.865187 -0.145065 0.989422 -0.000000 -0.554811 -0.000000 0.000000 1.000000 0.000000
0.988467 0.151435 0.000000 31.672911 -0.151435 0.988467 -0.000000 -0.648194 -0.000000 0.000000 1.000000 0.000000
0.987980 0.154581 0.000000 32.234441 -0.154581 0.987980 -0.000000 -0.749660 -0.000000 0.000000 1.000000 0.000000
0.987296 0.158889 0.000000 32.720396 -0.158889 0.987296 -0.000000 -0.716146 -0.000000 0.000000 1.000000 0.000000
0.987027 0.160556 0.000000 33.236637 -0.160556 0.987027 -0.000000 -0.735490 -0.000000 0.000000 1.000000 0.000000
0.986412 0.164289 0.000000 33.889498 -0.164289 0.986412 -0.000000 -0.717561 -0.000000 0.000000 1.000000 0.000000
0.986212 0.165486 0.000000 34.583450 -0.165486 0.986212 -0.000000 -0.843704 -0.000000 0.000000 1.000000 0.000000
0.986054 0.166428 0.000000 35.128805 -0.166428 0.986054 -0.000000 -0.861353 -0.000000 0.000000 1.000000 0.000000
0.985635 0.168892 0.000000 35.568323 -0.168892 0.985635 -0.000000 -0.920223 -0.000000 0.000000 1.000000 0.000000
0.986351 0.164656 0.000000 36.291607 -0.164656 0.986351 -0.000000 -1.035093 -0.000000 0.000000 1.000000 0.000000
0.985395 0.170282 0.000000 36.632522 -0.170282 0.985395 -0.000000 -1.175167 -0.000000 0.000000 1.000000 0.000000
0.985112 0.171912 0.000000 37.456776 -0.171912 0.985112 -0.000000 -1.208206 -0.000000 0.000000 1.000000 0.000000
0.984303 0.176485 0.000000 37.860048 -0.176485 0.984303 -0.000000 -1.104997 -0.000000 0.000000 1.000000 0.000000
0.984087 0.177686 0.000000 38.486174 -0.177686 0.984087 -0.000000 -1.110573 -0.000000 0.000000 1.000000 0.000000
0.984140 0.177392 0.000000 39.037542 -0.177392 0.984140 -0.000000 -1.237760 -0.000000 0.000000 1.000000 0.000000
0.984181 0.177163 0.000000 39.596589 -0.177163 0.984181 -0.000000 -1.325866 -0.000000 0.000000 1.000000 0.000000
0.984202 0.177050 0.000000 40.023583 -0.177050 0.984202 -0.000000 -1.556632 -0.000000 0.000000 1.000000 0.000000
0.983866 0.178908 0.000000 40.657255 -0.178908 0.983866 -0.000000 -1.616135 -0.000000 0.000000 1.000000 0.000000
0.983501 0.180903 0.000000 41.212576 -0.180903 0.983501 -0.000000 -1.894283 -0.000000 0.000000 1.000000 0.000000
0.983060 0.183283 0.000000 41.721744 -0.183283 0.983060 -0.000000 -1.817743 -0.000000 0.000000 1.000000 0.000000
0.983624 0.180231 0.000000 42.358323 -0.180231 0.983624 -0.000000 -1.926769 -0.000000 0.000000 1.000000 0.000000
0.983642 0.180135 0.000000 42.903845 -0.180135 0.983642 -0.000000 -2.053901 -0.000000 0.000000 1.000000 0.000000
0.982867 0.184318 0.000000 43.235721 -0.184318 0.982867 -0.000000 -2.105638 -0.000000 0.000000 1.000000 0.000000
0.982016 0.188798 0.000000 43.693427 -0.188798 0.982016 -0.000000 -2.250331 -0.000000 0.000000 1.000000 0.000000
0.981771 0.190070 0.000000 44.181090 -0.190070 0.981771 -0.000000 -2.548122 -0.000000 0.000000 1.000000 0.000000
0.981361 0.192171 0.000000 45.187036 -0.192171 0.981361 -0.000000 -2.611416 -0.000000 0.000000 1.000000 0.000000
0.980658 0.195730 0.000000 45.644335 -0.195730 0.980658 -0.000000 -2.657225 -0.000000 0.000000 1.000000 0.000000
0.980455 0.196744 0.000000 46.205358 -0.196744 0.980455 -0.000000 -2.742921 -0.000000 0.000000 1.000000 0.000000
0.979841 0.199778 0.000000 47.131751 -0.199778 0.979841 -0.000000 -3.013748 -0.000000 0.000000 1.000000 0.000000
0.979015 0.203790 0.000000 47.884244 -0.203790 0.979015 -0.000000 -3.118920 -0.000000 0.000000 1.000000 0.000000
0.979200 0.202898 0.000000 48.211132 -0.202898 0.979200 -0.000000 -3.203628 -0.000000 0.000000 1.000000 0.000000
0.978025 0.208485 0.000000 49.238097 -0.208485 0.978025 -0.000000 -3.412527 -0.000000 0.000000 1.000000 0.000000
0.977760 0.209726 0.000000 49.724507 -0.209726 0.977760 -0.000000 -3.405448 -0.000000 0.000000 1.000000 0.000000
0.977095 0.212805 0.000000 50.110916 -0.212805 0.977095 -0.000000 -3.492627 -0.000000 0.000000 1.000000 0.000000
0.976991 0.213279 0.000000 50.568648 -0.213279 0.976991 -0.000000 -3.626860 -0.000000 0.000000 1.000000 0.000000
0.976072 0.217446 0.000000 51.228480 -0.217446 0.976072 -0.000000 -3.806562 -0.000000 0.000000 1.000000 0.000000
0.975970 0.217906 0.000000 51.776785 -0.217906 0.975970 -0.000000 -3.985499 -0.000000 0.000000 1.000000 0.000000
0.975529 0.219870 0.000000 52.442898 -0.219870 0.975529 -0.000000 -4.008343 -0.000000 0.000000 1.000000 0.000000
0.975170 0.221459 0.000000 52.853321 -0.221459 0.975170 -0.000000 -4.088824 -0.000000 0.000000 1.000000 0.000000
0.974852 0.222854 0.000000 53.101441 -0.222854 0.974852 -0.000000 -4.215202 -0.000000 0.000000 1.000000 0.000000
0.975229 0.221197 0.000000 53.630416 -0.221197 0.975229 -0.000000 -4.258366 -0.000000 0.000000 1.000000 0.000000
0.975496 0.220018 0.000000 53.895895 -0.220018 0.975496 -0.000000 -4.321352 -0.000000 0.000000 1.000000 0.000000
0.975746 0.218906 0.000000 54.572400 -0.218906 0.975746 -0.000000 -4.408863 -0.000000 0.000000 1.000000 0.000000
0.975530 0.219867 0.000000 54.929281 -0.219867 0.975530 -0.000000 -4.438730 -0.000000 0.000000 1.000000 0.000000
0.976265 0.216578 0.000000 55.366635 -0.216578 0.976265 -0.000000 -4.544239 -0.000000 0.000000 1.000000 0.000000
0.976157 0.217068 0.000000 55.784311 -0.217068 0.976157 -0.000000 -4.625133 -0.000000 0.000000 1.000000 0.000000
0.976092 0.217358 0.000000 56.334476 -0.217358 0.976092 -0.000000 -4.682044 -0.000000 0.000000 1.000000 0.000000
0.974835 0.222926 0.000000 56.685197 -0.222926 0.974835 -0.000000 -4.797395 -0.000000 0.000000 1.000000 0.000000
0.973873 0.227095 0.000000 57.174425 -0.227095 0.973873 -0.000000 -4.993705 -0.000000 0.000000 1.000000 0.000000
0.972680 0.232150 0.000000 57.626156 -0.232150 0.972680 -0.000000 -5.076427 -0.000000 0.000000 1.000000 0.000000
0.971880 0.235476 0.000000 58.005930 -0.235476 0.971880 -0.000000 -5.185208 -0.000000 0.000000 1.000000 0.000000
0.970250 0.242107 0.000000 58.408384 -0.242107 0.970250 -0.000000 -5.038393 -0.000000 0.000000 1.000000 0.000000
0.970321 0.241819 0.000000 58.760770 -0.241819 0.970321 -0.000000 -5.224927 -0.000000 0.000000 1.000000 0.000000
0.969904 0.243489 0.000000 59.232673 -0.243489 0.969904 -0.000000 -5.371232 -0.000000 0.000000 1.000000 0.000000
0.969910 0.243464 0.000000 59.554805 -0.243464 0.969910 -0.000000 -5.651715 -0.000000 0.000000 1.000000 0.000000
0.969235 0.246138 0.000000 60.321759 -0.246138 0.969235 -0.000000 -5.845274 -0.000000 0.000000 1.000000 0.000000
0.969549 0.244899 0.000000 60.657815 -0.244899 0.969549 -0.000000 -5.880034 -0.000000 0.000000 1.000000 0.000000
0.968920 0.247374 0.000000 60.853048 -0.247374 0.968920 -0.000000 -6.021457 -0.000000 0.000000 1.000000 0.000000
0.967029 0.254668 0.000000 61.329657 -0.254668 0.967029 -0.000000 -6.062280 -0.000000 0.000000 1.000000 0.000000
0.967658 0.252267 0.000000 61.630639 -0.252267 0.967658 -0.000000 -6.195762 -0.000000 0.000000 1.000000 0.000000
0.966591 0.256324 0.000000 61.642081 -0.256324 0.966591 -0.000000 -6.141559 -0.000000 0.000000 1.000000 0.000000
0.966997 0.254789 0.000000 61.920284 -0.254789 0.966997 -0.000000 -6.241209 -0.000000 0.000000 1.000000 0.000000
0.965921 0.258837 0.000000 62.081535 -0.258837 0.965921 -0.000000 -6.193445 -0.000000 0.000000 1.000000 0.000000
0.965962 0.258685 0.000000 62.319820 -0.258685 0.965962 -0.000000 -6.371230 -0.000000 0.000000 1.000000 0.000000
0.964994 0.262273 0.000000 62.607294 -0.262273 0.964994 -0.000000 -6.401771 -0.000000 0.000000 1.000000 0.000000
0.965138 0.261743 0.000000 63.135459 -0.261743 0.965138 -0.000000 -6.501717 -0.000000 0.000000 1.000000 0.000000
0.964369 0.264559 0.000000 63.728701 -0.264559 0.964369 -0.000000 -6.691441 -0.000000 0.000000 1.000000 0.000000
0.964136 0.265410 0.000000 64.017899 -0.265410 0.964136 -0.000000 -6.779778 -0.000000 0.000000 1.000000 0.000000
0.963467 0.267826 0.000000 64.292013 -0.267826 0.963467 -0.000000 -6.816980 -0.000000 0.000000 1.000000 0.000000
0.963433 0.267948 0.000000 64.608791 -0.267948 0.963433 -0.000000 -6.700292 -0.000000 0.000000 1.000000 0.000000
0.961413 0.275109 0.000000 64.956986 -0.275109 0.961413 -0.000000 -6.858916 -0.000000 0.000000 1.000000 0.000000
0.959013 0.283362 0.000000 65.296285 -0.283362 0.959013 -0.000000 -7.268061 -0.000000 0.000000 1.000000 0.000000
0.959641 0.281228 0.000000 65.420058 -0.281228 0.959641 -0.000000 -7.255803 -0.000000 0.000000 1.000000 0.000000
0.958728 0.284324 0.000000 65.549905 -0.284324 0.958728 -0.000000 -7.378461 -0.000000 0.000000 1.000000 0.000000
0.957919 0.287037 0.000000 65.634700 -0.287037 0.957919 -0.000000 -7.487553 -0.000000 0.000000 1.000000 0.000000
0.956200 0.292714 0.000000 66.003315 -0.292714 0.956200 -0.000000 -7.635216 -0.000000 0.000000 1.000000 0.000000
0.956717 0.291019 0.000000 66.248862 -0.291019 0.956717 -0.000000 -7.735243 -0.000000 0.000000 1.000000 0.000000
0.956701 0.291072 0.000000 66.575323 -0.291072 0.956701 -0.000000 -7.888502 -0.000000 0.000000 1.000000 0.000000
0.957242 0.289290 0.000000 66.651195 -0.289290 0.957242 -0.000000 -7.795117 -0.000000 0.000000 1.000000 0.000000
0.955850 0.293856 0.000000 66.936587 -0.293856 0.955850 -0.000000 -7.845024 -0.000000 0.000000 1.000000 0.000000
0.955300 0.295639 0.000000 67.044476 -0.295639 0.955300 -0.000000 -7.966161 -0.000000 0.000000 1.000000 0.000000
0.954544 0.298069 0.000000 67.156646 -0.298069 0.954544 -0.000000 -8.093187 -0.000000 0.000000 1.000000 0.000000
0.954609 0.297860 0.000000 67.550806 -0.297860 0.954609 -0.000000 -8.210669 -0.000000 0.000000 1.000000 0.000000
0.954003 0.299798 0.000000 67.800542 -0.299798 0.954003 -0.000000 -8.243681 -0.000000 0.000000 1.000000 0.000000
0.953539 0.301269 0.000000 68.002692 -0.301269 0.953539 -0.000000 -8.257518 -0.000000 0.000000 1.000000 0.000000
0.951594 0.307358 0.000000 68.541400 -0.307358 0.951594 -0.000000 -8.714097 -0.000000 0.000000 1.000000 0.000000
0.951226 0.308496 0.000000 68.736284 -0.308496 0.951226 -0.000000 -8.748628 -0.000000 0.000000 1.000000 0.000000
0.950739 0.309994 0.000000 68.992971 -0.309994 0.950739 -0.000000 -8.860848 -0.000000 0.000000 1.000000 0.000000
0.949626 0.313386 0.000000 69.187355 -0.313386 0.949626 -0.000000 -8.985864 -0.000000 0.000000 1.000000 0.000000
0.949931 0.312461 0.000000 69.145979 -0.312461 0.949931 -0.000000 -9.222711 -0.000000 0.000000 1.000000 0.000000
0.949974 0.312330 0.000000 69.478614 -0.312330 0.949974 -0.000000 -9.221874 -0.000000 0.000000 1.000000 0.000000
0.950203 0.311632 0.000000 69.661840 -0.311632 0.950203 -0.000000 -9.309530 -0.000000 0.000000 1.000000 0.000000
0.949664 0.313270 0.000000 70.125335 -0.313270 0.949664 -0.000000 -9.386137 -0.000000 0.000000 1.000000 0.000000
0.949933 0.312455 0.000000 70.301881 -0.312455 0.949933 -0.000000 -9.464326 -0.000000 0.000000 1.000000 0.000000
0.948509 0.316750 0.000000 70.563496 -0.316750 0.948509 -0.000000 -9.590014 -0.000000 0.000000 1.000000 0.000000
0.948337 0.317266 0.000000 70.744725 -0.317266 0.948337 -0.000000 -9.682440 -0.000000 0.000000 1.000000 0.000000
0.948125 0.317896 0.000000 71.042389 -0.317896 0.948125 -0.000000 -9.752663 -0.000000 0.000000 1.000000 0.000000
0.947494 0.319773 0.000000 71.293050 -0.319773 0.947494 -0.000000 -9.875379 -0.000000 0.000000 1.000000 0.000000
0.947800 0.318867 0.000000 71.383357 -0.318867 0.947800 -0.000000 -10.104636 -0.000000 0.000000 1.000000 0.000000
0.945223 0.326426 0.000000 72.123192 -0.326426 0.945223 -0.000000 -10.336024 -0.000000 0.000000 1.000000 0.000000
0.945231 0.326403 0.000000 72.299061 -0.326403 0.945231 -0.000000 -10.421526 -0.000000 0.000000 1.000000 0.000000
0.944307 0.329067 0.000000 72.550304 -0.329067 0.944307 -0.000000 -10.444247 -0.000000 0.000000 1.000000 0.000000
0.944279 0.329146 0.000000 72.774083 -0.329146 0.944279 -0.000000 -10.373985 -0.000000 0.000000 1.000000 0.000000
0.943805 0.330504 0.000000 73.158765 -0.330504 0.943805 -0.000000 -10.414075 -0.000000 0.000000 1.000000 0.000000
0.942779 0.333419 0.000000 73.913379 -0.333419 0.942779 -0.000000 -10.746490 -0.000000 0.000000 1.000000 0.000000
0.942434 0.334391 0.000000 74.220713 -0.334391 0.942434 -0.000000 -10.792827 -0.000000 0.000000 1.000000 0.000000
0.940713 0.339203 0.000000 74.358627 -0.339203 0.940713 -0.000000 -10.914853 -0.000000 0.000000 1.000000 0.000000
0.939919 0.341398 0.000000 74.788655 -0.341398 0.939919 -0.000000 -11.165410 -0.000000 0.000000 1.000000 0.000000
0.938726 0.344665 0.000000 75.117852 -0.344665 0.938726 -0.000000 -11.265473 -0.000000 0.000000 1.000000 0.000000
0.938628 0.344930 0.000000 75.373226 -0.344930 0.938628 -0.000000 -11.441884 -0.000000 0.000000 1.000000 0.000000
0.937548 0.347857 0.000000 75.770883 -0.347857 0.937548 -0.000000 -11.568677 -0.000000 0.000000 1.000000 0.000000
0.937672 0.347521 0.000000 76.167015 -0.347521 0.937672 -0.000000 -11.478479 -0.000000 0.000000 1.000000 0.000000
0.937694 0.347461 0.000000 76.202592 -0.347461 0.937694 -0.000000 -11.465518 -0.000000 0.000000 1.000000 0.000000
0.936811 0.349836 0.000000 76.440683 -0.349836 0.936811 -0.000000 -11.657143 -0.000000 0.000000 1.000000 0.000000
0.938118 0.346317 0.000000 77.089245 -0.346317 0.938118 -0.000000 -11.802695 -0.000000 0.000000 1.000000 0.000000
0.938271 0.345901 0.000000 77.373447 -0.345901 0.938271 -0.000000 -11.856120 -0.000000 0.000000 1.000000 0.000000
0.938148 0.346234 0.000000 77.931448 -0.346234 0.938148 -0.000000 -12.150446 -0.000000 0.000000 1.000000 0.000000
0.938656 0.344854 0.000000 78.106372 -0.344854 0.938656 -0.000000 -12.270788 -0.000000 0.000000 1.000000 0.000000
0.937770 0.347256 0.000000 78.732810 -0.347256 0.937770 -0.000000 -12.414280 -0.000000 0.000000 1.000000 0.000000
0.936678 0.350193 0.000000 79.405589 -0.350193 0.936678 -0.000000 -12.668508 -0.000000 0.000000 1.000000 0.000000
0.936208 0.351445 0.000000 79.744005 -0.351445 0.936208 -0.000000 -12.763271 -0.000000 0.000000 1.000000 0.000000
0.937392 0.348275 0.000000 80.050550 -0.348275 0.937392 -0.000000 -12.920524 -0.000000 0.000000 1.000000 0.000000
0.937671 0.347524 0.000000 80.371804 -0.347524 0.937671 -0.000000 -13.069463 -0.000000 0.000000 1.000000 0.000000
0.937918 0.346857 0.000000 80.470196 -0.346857 0.937918 -0.000000 -13.218179 -0.000000 0.000000 1.000000 0.000000
0.936445 0.350814 0.000000 80.924151 -0.350814 0.936445 -0.000000 -13.480434 -0.000000 0.000000 1.000000 0.000000
0.936525 0.350602 0.000000 81.220151 -0.350602 0.936525 -0.000000 -13.567235 -0.000000 0.000000 1.000000 0.000000
0.935510 0.353301 0.000000 82.150266 -0.353301 0.935510 -0.000000 -13.779255 -0.000000 0.000000 1.000000 0.000000
0.936526 0.350599 0.000000 82.871224 -0.350599 0.936526 -0.000000 -14.037605 -0.000000 0.000000 1.000000 0.000000
0.936239 0.351365 0.000000 83.216295 -0.351365 0.936239 -0.000000 -14.246886 -0.000000 0.000000 1.000000 0.000000
0.936792 0.349887 0.000000 83.622084 -0.349887 0.936792 -0.000000 -14.393243 -0.000000 0.000000 1.000000 0.000000
0.936280 0.351255 0.000000 83.955417 -0.351255 0.936280 -0.000000 -14.640635 -0.000000 0.000000 1.000000 0.000000
0.936774 0.349936 0.000000 84.610812 -0.349936 0.936774 -0.000000 -14.729300 -0.000000 0.000000 1.000000 0.000000
0.936264 0.351299 0.000000 85.038824 -0.351299 0.936264 -0.000000 -14.920912 -0.000000 0.000000 1.000000 0.000000
0.934863 0.355008 0.000000 85.502458 -0.355008 0.934863 -0.000000 -15.044068 -0.000000 0.000000 1.000000 0.000000
0.932537 0.361075 0.000000 86.214944 -0.361075 0.932537 -0.000000 -15.311448 -0.000000 0.000000 1.000000 0.000000
0.930771 0.365602 0.000000 86.587926 -0.365602 0.930771 -0.000000 -15.407782 -0.000000 0.000000 1.000000 0.000000
0.930324 0.366738 0.000000 87.028662 -0.366738 0.930324 -0.000000 -15.657761 -0.000000 0.000000 1.000000 0.000000
0.928997 0.370088 0.000000 87.484155 -0.370088 0.928997 -0.000000 -15.851818 -0.000000 0.000000 1.000000 0.000000
0.928935 0.370243 0.000000 88.340522 -0.370243 0.928935 -0.000000 -16.157394 -0.000000 0.000000 1.000000 0.000000
0.928049 0.372459 0.000000 88.902338 -0.372459 0.928049 -0.000000 -16.360068 -0.000000 0.000000 1.000000 0.000000
0.927213 0.374535 0.000000 89.439974 -0.374535 0.927213 -0.000000 -16.594457 -0.000000 0.000000 1.000000 0.000000
0.927722 0.373271 0.000000 89.727083 -0.373271 0.927722 -0.000000 -16.775144 -0.000000 0.000000 1.000000 0.000000
0.927371 0.374143 0.000000 90.105007 -0.374143 0.927371 -0.000000 -16.930654 -0.000000 0.000000 1.000000 0.000000
0.925931 0.377693 0.000000 90.805264 -0.377693 0.925931 -0.000000 -17.264238 -0.000000 0.000000 1.000000 0.000000
0.925284 0.379276 0.000000 91.260675 -0.379276 0.925284 -0.000000 -17.577430 -0.000000 0.000000 1.000000 0.000000
0.922125 0.386891 0.000000 92.376949 -0.386891 0.922125 -0.000000 -17.974527 -0.000000 0.000000 1.000000 0.000000
0.920886 0.389832 0.000000 93.064825 -0.389832 0.920886 -0.000000 -18.302270 -0.000000 0.000000 1.000000 0.000000
0.920340 0.391119 0.000000 93.674120 -0.391119 0.920340 -0.000000 -18.402902 -0.000000 0.000000 1.000000 0.000000
0.918852 0.394603 0.000000 94.164493 -0.394603 0.918852 -0.000000 -18.728894 -0.000000 0.000000 1.000000 0.000000
0.916957 0.398986 0.000000 94.731511 -0.398986 0.916957 -0.000000 -18.794682 -0.000000 0.000000 1.000000 0.000000
0.915996 0.401188 0.000000 95.281709 -0.401188 0.915996 -0.000000 -19.082941 -0.000000 0.000000 1.000000 0.000000
0.914290 0.405060 0.000000 95.778423 -0.405060 0.914290 -0.000000 -19.404985 -0.000000 0.000000 1.000000 0.000000
0.912645 0.408754 0.000000 96.364476 -0.408754 0.912645 -0.000000 -19.641882 -0.000000 0.000000 1.000000 0.000000
0.911860 0.410502 0.000000 96.962753 -0.410502 0.911860 -0.000000 -19.956419 -0.000000 0.000000 1.000000 0.000000
0.910874 0.412685 0.000000 97.621031 -0.412685 0.910874 -0.000000 -20.150246 -0.000000 0.000000 1.000000 0.000000
0.911001 0.412404 0.000000 97.928932 -0.412404 0.911001 -0.000000 -20.479800 -0.000000 0.000000 1.000000 0.000000
0.911075 0.412241 0.000000 98.618101 -0.412241 0.911075 -0.000000 -20.741789 -0.000000 0.000000 1.000000 0.000000
0.913534 0.406762 0.000000 98.944439 -0.406762 0.913534 -0.000000 -21.026073 -0.000000 0.000000 1.000000 0.000000
0.912696 0.408640 0.000000 99.460483 -0.408640 0.912696 -0.000000 -21.329256 -0.000000 0.000000 1.000000 0.000000
0.911921 0.410365 0.000000 100.402444 -0.410365 0.911921 -0.000000 -21.753093 -0.000000 0.000000 1.000000 0.000000
0.909881 0.414869 0.000000 101.088890 -0.414869 0.909881 -0.000000 -21.997855 -0.000000 0.000000 1.000000 0.000000
0.911430 0.411456 0.000000 101.544614 -0.411456 0.911430 -0.000000 -22.067067 -0.000000 0.000000 1.000000 0.000000
0.910794 0.412861 0.000000 102.171066 -0.412861 0.910794 -0.000000 -22.360993 -0.000000 0.000000 1.000000 0.000000
0.908649 0.417562 0.000000 102.792188 -0.417562 0.908649 -0.000000 -22.592559 -0.000000 0.000000 1.000000 0.000000
0.909346 0.416040 0.000000 103.368695 -0.416040 0.909346 -0.000000 -22.778054 -0.000000 0.000000 1.000000 0.000000
0.909203 0.416352 0.000000 103.699547 -0.416352 0.909203 -0.000000 -22.934587 -0.000000 0.000000 1.000000 0.000000
0.909123 0.416528 0.000000 104.229404 -0.416528 0.909123 -0.000000 -23.113390 -0.000000 0.000000 1.000000 0.000000
0.909777 0.415098 0.000000 104.812929 -0.415098 0.909777 -0.000000 -23.335720 -0.000000 0.000000 1.000000 0.000000
0.909201 0.416357 0.000000 105.486816 -0.416357 0.909201 -0.000000 -23.559758 -0.000000 0.000000 1.000000 0.000000
0.907650 0.419729 0.000000 106.644819 -0.419729 0.907650 -0.000000 -24.178325 -0.000000 0.000000 1.000000 0.000000
0.906913 0.421318 0.000000 107.077827 -0.421318 0.906913 -0.000000 -24.370199 -0.000000 0.000000 1.000000 0.000000
0.904876 0.425676 0.000000 107.838684 -0.425676 0.904876 -0.000000 -24.829780 -0.000000 0.000000 1.000000 0.000000
0.904358 0.426774 0.000000 108.447595 -0.426774 0.904358 -0.000000 -25.199214 -0.000000 0.000000 1.000000 0.000000
0.903546 0.428491 0.000000 108.973894 -0.428491 0.903546 -0.000000 -25.456286 -0.000000 0.000000 1.000000 0.000000
0.903282 0.429048 0.000000 109.939002 -0.429048 0.903282 -0.000000 -25.837764 -0.000000 0.000000 1.000000 0.000000
0.902884 0.429883 0.000000 110.575345 -0.429883 0.902884 -0.000000 -26.126140 -0.000000 0.000000 1.000000 0.000000
0.901990 0.431757 0.000000 111.104557 -0.431757 0.901990 -0.000000 -26.306333 -0.000000 0.000000 1.000000 0.000000
0.900963 0.433896 0.000000 111.606540 -0.433896 0.900963 -0.000000 -26.516292 -0.000000 0.000000 1.000000 0.000000
0.900149 0.435583 0.000000 112.192940 -0.435583 0.900149 -0.000000 -26.843446 -0.000000 0.000000 1.000000 0.000000
0.900213 0.435450 0.000000 112.794019 -0.435450 0.900213 -0.000000 -27.116727 -0.000000 0.000000 1.000000 0.000000
0.898060 0.439874 0.000000 113.299189 -0.439874 0.898060 -0.000000 -27.466086 -0.000000 0.000000 1.000000 0.000000
0.898630 0.438707 0.000000 114.453525 -0.438707 0.898630 -0.000000 -28.009053 -0.000000 0.000000 1.000000 0.000000
0.898419 0.439140 0.000000 115.029995 -0.439140 0.898419 -0.000000 -28.288972 -0.000000 0.000000 1.000000 0.000000
0.897748 0.440509 0.000000 115.589721 -0.440509 0.897748 -0.000000 -28.546983 -0.000000 0.000000 1.000000 0.000000
0.896165 0.443722 0.000000 116.051128 -0.443722 0.896165 -0.000000 -28.950127 -0.000000 0.000000 1.000000 0.000000
0.894607 0.446853 0.000000 117.209080 -0.446853 0.894607 -0.000000 -29.361828 -0.000000 0.000000 1.000000 0.000000
0.894373 0.447322 0.000000 117.712040 -0.447322 0.894373 -0.000000 -29.456280 -0.000000 0.000000 1.000000 0.000000
0.895111 0.445844 0.000000 118.375112 -0.445844 0.895111 -0.000000 -29.755493 -0.000000 0.000000 1.000000 0.000000
0.894616 0.446836 0.000000 118.873412 -0.446836 0.894616 -0.000000 -30.002149 -0.000000 0.000000 1.000000 0.000000
0.895124 0.445818 0.000000 119.491369 -0.445818 0.895124 -0.000000 -30.349696 -0.000000 0.000000 1.000000 0.000000
0.887031 0.461710 0.000000 123.482889 -0.461710 0.887031 -0.000000 -32.456686 -0.000000 0.000000 1.000000 0.000000
0.887013 0.461744 0.000000 124.030389 -0.461744 0.887013 -0.000000 -32.751802 -0.000000 0.000000 1.000000 0.000000
0.886277 0.463156 0.000000 124.698169 -0.463156 0.886277 -0.000000 -33.157150 -0.000000 0.000000 1.000000 0.000000
0.885281 0.465057 0.000000 125.142187 -0.465057 0.885281 -0.000000 -33.403688 -0.000000 0.000000 1.000000 0.000000
0.884313 0.466895 0.000000 125.639041 -0.466895 0.884313 -0.000000 -33.714867 -0.000000 0.000000 1.000000 0.000000
0.884712 0.466137 0.000000 126.074848 -0.466137 0.884712 -0.000000 -33.839038 -0.000000 0.000000 1.000000 0.000000
0.882061 0.471134 0.000000 126.717793 -0.471134 0.882061 -0.000000 -34.279034 -0.000000 0.000000 1.000000 0.000000
0.881200 0.472744 0.000000 127.221029 -0.472744 0.881200 -0.000000 -34.814228 -0.000000 0.000000 1.000000 0.000000
0.880183 0.474635 0.000000 127.910127 -0.474635 0.880183 -0.000000 -35.149550 -0.000000 0.000000 1.000000 0.000000
0.878381 0.477961 0.000000 128.270838 -0.477961 0.878381 -0.000000 -35.455810 -0.000000 0.000000 1.000000 0.000000
0.874840 0.484411 0.000000 129.033857 -0.484411 0.874840 -0.000000 -36.009111 -0.000000 0.000000 1.000000 0.000000
0.875181 0.483796 0.000000 129.561382 -0.483796 0.875181 -0.000000 -36.303473 -0.000000 0.000000 1.000000 0.000000
0.875527 0.483169 0.000000 129.991594 -0.483169 0.875527 -0.000000 -36.618250 -0.000000 0.000000 1.000000 0.000000
0.874659 0.484738 0.000000 130.604602 -0.484738 0.874659 -0.000000 -36.850597 -0.000000 0.000000 1.000000 0.000000
0.874520 0.484989 0.000000 131.153872 -0.484989 0.874520 -0.000000 -37.237037 -0.000000 0.000000 1.000000 0.000000
0.873397 0.487009 0.000000 132.075395 -0.487009 0.873397 -0.000000 -37.759280 -0.000000 0.000000 1.000000 0.000000
0.871762 0.489930 0.000000 132.614507 -0.489930 0.871762 -0.000000 -37.971850 -0.000000 0.000000 1.000000 0.000000
0.871739 0.489971 0.000000 133.127097 -0.489971 0.871739 -0.000000 -38.261367 -0.000000 0.000000 1.000000 0.000000
0.872271 0.489023 0.000000 133.631263 -0.489023 0.872271 -0.000000 -38.505421 -0.000000 0.000000 1.000000 0.000000
0.870152 0.492783 0.000000 134.325232 -0.492783 0.870152 -0.000000 -38.918413 -0.000000 0.000000 1.000000 0.000000
0.869378 0.494147 0.000000 134.841307 -0.494147 0.869378 -0.000000 -39.272436 -0.000000 0.000000 1.000000 0.000000
0.869126 0.494590 0.000000 135.386150 -0.494590 0.869126 -0.000000 -39.552071 -0.000000 0.000000 1.000000 0.000000
0.869389 0.494128 0.000000 135.833862 -0.494128 0.869389 -0.000000 -39.764620 -0.000000 0.000000 1.000000 0.000000
0.869736 0.493516 0.000000 136.315500 -0.493516 0.869736 -0.000000 -40.091202 -0.000000 0.000000 1.000000 0.000000
0.865812 0.500370 0.000000 137.332967 -0.500370 0.865812 -0.000000 -40.742408 -0.000000 0.000000 1.000000 0.000000
0.867401 0.497609 0.000000 137.819966 -0.497609 0.867401 -0.000000 -40.989938 -0.000000 0.000000 1.000000 0.000000
0.867142 0.498061 0.000000 138.334941 -0.498061 0.867142 -0.000000 -41.357502 -0.000000 0.000000 1.000000 0.000000
0.867677 0.497128 0.000000 138.859778 -0.497128 0.867677 -0.000000 -41.712496 -0.000000 0.000000 1.000000 0.000000
0.863911 0.503644 0.000000 139.183924 -0.503644 0.863911 -0.000000 -42.027322 -0.000000 0.000000 1.000000 0.000000
0.862357 0.506301 0.000000 139.672771 -0.506301 0.862357 -0.000000 -42.413880 -0.000000 0.000000 1.000000 0.000000
0.863728 0.503959 0.000000 140.374598 -0.503959 0.863728 -0.000000 -42.754692 -0.000000 0.000000 1.000000 0.000000
0.862120 0.506704 0.000000 140.840946 -0.506704 0.862120 -0.000000 -43.053112 -0.000000 0.000000 1.000000 0.000000
0.861125 0.508394 0.000000 141.265600 -0.508394 0.861125 -0.000000 -43.373198 -0.000000 0.000000 1.000000 0.000000
0.860354 0.509698 0.000000 141.770681 -0.509698 0.860354 -0.000000 -43.738671 -0.000000 0.000000 1.000000 0.000000
0.860532 0.509397 0.000000 142.323365 -0.509397 0.860532 -0.000000 -44.071858 -0.000000 0.000000 1.000000 0.000000
0.860248 0.509876 0.000000 142.809065 -0.509876 0.860248 -0.000000 -44.329762 -0.000000 0.000000 1.000000 0.000000
0.860153 0.510037 0.000000 143.333815 -0.510037 0.860153 -0.000000 -44.613811 -0.000000 0.000000 1.000000 0.000000
0.859963 0.510357 0.000000 143.791448 -0.510357 0.859963 -0.000000 -44.942289 -0.000000 0.000000 1.000000 0.000000
0.857316 0.514791 0.000000 144.151038 -0.514791 0.857316 -0.000000 -45.323978 -0.000000 0.000000 1.000000 0.000000
0.857171 0.515032 0.000000 144.710480 -0.515032 0.857171 -0.000000 -45.620262 -0.000000 0.000000 1.000000 0.000000
0.855935 0.517084 0.000000 145.290604 -0.517084 0.855935 -0.000000 -46.027603 -0.000000 0.000000 1.000000 0.000000
0.855629 0.517590 0.000000 145.753165 -0.517590 0.855629 -0.000000 -46.331910 -0.000000 0.000000 1.000000 0.000000
0.853235 0.521526 0.000000 146.165780 -0.521526 0.853235 -0.000000 -46.784420 -0.000000 0.000000 1.000000 0.000000
0.853397 0.521262 0.000000 146.628469 -0.521262 0.853397 -0.000000 -47.113986 -0.000000 0.000000 1.000000 0.000000
0.851258 0.524748 0.000000 147.233166 -0.524748 0.851258 -0.000000 -47.425521 -0.000000 0.000000 1.000000 0.000000
0.850463 0.526035 0.000000 147.595817 -0.526035 0.850463 -0.000000 -47.764906 -0.000000 0.000000 1.000000 0.000000
0.849492 0.527601 0.000000 148.177686 -0.527601 0.849492 -0.000000 -48.206095 -0.000000 0.000000 1.000000 0.000000
0.848794 0.528723 0.000000 148.725887 -0.528723 0.848794 -0.000000 -48.567826 -0.000000 0.000000 1.000000 0.000000
0.848105 0.529828 0.000000 149.279643 -0.529828 0.848105 -0.000000 -48.827503 -0.000000 0.000000 1.000000 0.000000
0.847267 0.531167 0.000000 149.696471 -0.531167 0.847267 -0.000000 -49.210598 -0.000000 0.000000 1.000000 0.000000
0.844971 0.534812 0.000000 150.187153 -0.534812 0.844971 -0.000000 -49.424175 -0.000000 0.000000 1.000000 0.000000
0.844501 0.535553 0.000000 150.664306 -0.535553 0.844501 -0.000000 -49.716546 -0.000000 0.000000 1.000000 0.000000
0.844230 0.535981 0.000000 151.320639 -0.535981 0.844230 -0.000000 -50.182105 -0.000000 0.000000 1.000000 0.000000
0.842677 0.538419 0.000000 151.782459 -0.538419 0.842677 -0.000000 -50.307550 -0.000000 0.000000 1.000000 0.000000
0.841059 0.540943 0.000000 152.223630 -0.540943 0.841059 -0.000000 -50.405749 -0.000000 0.000000 1.000000 0.000000
0.841220 0.540693 0.000000 152.873085 -0.540693 0.841220 -0.000000 -50.829580 -0.000000 0.000000 1.000000 0.000000
0.839144 0.543909 0.000000 153.425246 -0.543909 0.839144 -0.000000 -51.270047 -0.000000 0.000000 1.000000 0.000000
0.838173 0.545405 0.000000 154.042402 -0.545405 0.838173 -0.000000 -51.633959 -0.000000 0.000000 1.000000 0.000000
0.836557 0.547880 0.000000 154.359989 -0.547880 0.836557 -0.000000 -51.909641 -0.000000 0.000000 1.000000 0.000000
0.836146 0.548507 0.000000 155.052360 -0.548507 0.836146 -0.000000 -52.235606 -0.000000 0.000000 1.000000 0.000000
0.835786 0.549056 0.000000 155.342592 -0.549056 0.835786 -0.000000 -52.521686 -0.000000 0.000000 1.000000 0.000000
0.835703 0.549182 0.000000 155.982209 -0.549182 0.835703 -0.000000 -52.985602 -0.000000 0.000000 1.000000 0.000000
0.835562 0.549396 0.000000 156.583751 -0.549396 0.835562 -0.000000 -53.385797 -0.000000 0.000000 1.000000 0.000000
0.833236 0.552917 0.000000 157.168412 -0.552917 0.833236 -0.000000 -53.781143 -0.000000 0.000000 1.000000 0.000000
0.829257 0.558867 0.000000 158.127261 -0.558867 0.829257 -0.000000 -54.615269 -0.000000 0.000000 1.000000 0.000000
0.832347 0.554254 0.000000 159.158194 -0.554254 0.832347 -0.000000 -55.063839 -0.000000 0.000000 1.000000 0.000000
0.835073 0.550139 0.000000 159.963574 -0.550139 0.835073 -0.000000 -55.559043 -0.000000 0.000000 1.000000 0.000000
0.836500 0.547967 0.000000 160.406899 -0.547967 0.836500 -0.000000 -55.927923 -0.000000 0.000000 1.000000 0.000000
0.836332 0.548224 0.000000 160.823293 -0.548224 0.836332 -0.000000 -56.198388 -0.000000 0.000000 1.000000 0.000000
0.835356 0.549710 0.000000 161.372373 -0.549710 0.835356 -0.000000 -56.510842 -0.000000 0.000000 1.000000 0.000000
0.834289 0.551328 0.000000 161.861196 -0.551328 0.834289 -0.000000 -56.791972 -0.000000 0.000000 1.000000 0.000000
0.835630 0.549293 0.000000 162.471661 -0.549293 0.835630 -0.000000 -57.253321 -0.000000 0.000000 1.000000 0.000000
0.835900 0.548882 0.000000 163.058863 -0.548882 0.835900 -0.000000 -57.621719 -0.000000 0.000000 1.000000 0.000000
0.832919 0.553395 0.000000 163.461475 -0.553395 0.832919 -0.000000 -57.868079 -0.000000 0.000000 1.000000 0.000000
0.832394 0.554185 0.000000 164.012538 -0.554185 0.832394 -0.000000 -58.258113 -0.000000 0.000000 1.000000 0.000000
0.830837 0.556515 0.000000 164.291515 -0.556515 0.830837 -0.000000 -58.479280 -0.000000 0.000000 1.000000 0.000000
0.830218 0.557439 0.000000 164.793180 -0.557439 0.830218 -0.000000 -58.876360 -0.000000 0.000000 1.000000 0.000000
0.831030 0.556227 0.000000 165.828415 -0.556227 0.831030 -0.000000 -59.483342 -0.000000 0.000000 1.000000 0.000000
0.831589 0.555392 0.000000 166.166887 -0.555392 0.831589 -0.000000 -59.604640 -0.000000 0.000000 1.000000 0.000000
0.831660 0.555285 0.000000 166.621200 -0.555285 0.831660 -0.000000 -59.719200 -0.000000 0.000000 1.000000 0.000000
0.832799 0.553576 0.000000 167.098057 -0.553576 0.832799 -0.000000 -59.953066 -0.000000 0.000000 1.000000 0.000000
0.831475 0.555563 0.000000 167.409195 -0.555563 0.831475 -0.000000 -60.208738 -0.000000 0.000000 1.000000 0.000000
0.830708 0.556709 0.000000 167.889594 -0.556709 0.830708 -0.000000 -60.492781 -0.000000 0.000000 1.000000 0.000000
0.830552 0.556941 0.000000 168.422301 -0.556941 0.830552 -0.000000 -60.829935 -0.000000 0.000000 1.000000 0.000000
0.831247 0.555903 0.000000 168.732808 -0.555903 0.831247 -0.000000 -61.015462 -0.000000 0.000000 1.000000 0.000000
0.830799 0.556573 0.000000 169.250815 -0.556573 0.830799 -0.000000 -61.308316 -0.000000 0.000000 1.000000 0.000000
0.831345 0.555757 0.000000 169.818773 -0.555757 0.831345 -0.000000 -61.556282 -0.000000 0.000000 1.000000 0.000000
0.830345 0.557250 0.000000 170.237292 -0.557250 0.830345 -0.000000 -62.144123 -0.000000 0.000000 1.000000 0.000000
0.829556 0.558423 0.000000 170.644900 -0.558423 0.829556 -0.000000 -62.315578 -0.000000 0.000000 1.000000 0.000000
0.830444 0.557102 0.000000 170.985951 -0.557102 0.830444 -0.000000 -62.567717 -0.000000 0.000000 1.000000 0.000000
0.829888 0.557930 0.000000 171.384326 -0.557930 0.829888 -0.000000 -62.853896 -0.000000 0.000000 1.000000 0.000000
0.830700 0.556720 0.000000 171.847426 -0.556720 0.830700 -0.000000 -63.123971 -0.000000 0.000000 1.000000 0.000000
0.831341 0.555762 0.000000 172.396531 -0.555762 0.831341 -0.000000 -63.353474 -0.000000 0.000000 1.000000 0.000000
0.831305 0.555816 0.000000 172.984793 -0.555816 0.831305 -0.000000 -63.657553 -0.000000 0.000000 1.000000 0.000000
0.831389 0.555691 0.000000 173.377555 -0.555691 0.831389 -0.000000 -63.937050 -0.000000 0.000000 1.000000 0.000000
0.831227 0.555933 0.000000 173.920024 -0.555933 0.831227 -0.000000 -64.223691 -0.000000 0.000000 1.000000 0.000000
0.831748 0.555154 0.000000 174.367921 -0.555154 0.831748 -0.000000 -64.513516 -0.000000 0.000000 1.000000 0.000000
0.832047 0.554705 0.000000 174.848721 -0.554705 0.832047 -0.000000 -64.895731 -0.000000 0.000000 1.000000 0.000000
0.833346 0.552751 0.000000 175.477685 -0.552751 0.833346 -0.000000 -65.278894 -0.000000 0.000000 1.000000 0.000000
0.835709 0.549173 0.000000 175.910235 -0.549173 0.835709 -0.000000 -65.572093 -0.000000 0.000000 1.000000 0.000000
0.836647 0.547742 0.000000 176.536129 -0.547742 0.836647 -0.000000 -65.824255 -0.000000 0.000000 1.000000 0.000000
0.837181 0.546926 0.000000 177.170583 -0.546926 0.837181 -0.000000 -66.094111 -0.000000 0.000000 1.000000 0.000000
0.839660 0.543112 0.000000 177.758202 -0.543112 0.839660 -0.000000 -66.499207 -0.000000 0.000000 1.000000 0.000000
0.842083 0.539347 0.000000 178.216332 -0.539347 0.842083 -0.000000 -66.822534 -0.000000 0.000000 1.000000 0.000000
0.845389 0.534152 0.000000 178.666211 -0.534152 0.845389 -0.000000 -67.054753 -0.000000 0.000000 1.000000 0.000000
0.848072 0.529881 0.000000 178.949505 -0.529881 0.848072 -0.000000 -67.231418 -0.000000 0.000000 1.000000 0.000000
0.850404 0.526131 0.000000 179.309790 -0.526131 0.850404 -0.000000 -67.494663 -0.000000 0.000000 1.000000 0.000000
0.855136 0.518403 0.000000 179.781039 -0.518403 0.855136 -0.000000 -67.747833 -0.000000 0.000000 1.000000 0.000000
0.858506 0.512804 0.000000 180.174461 -0.512804 0.858506 -0.000000 -68.034263 -0.000000 0.000000 1.000000 0.000000
0.862965 0.505263 0.000000 180.624641 -0.505263 0.862965 -0.000000 -68.257272 -0.000000 0.000000 1.000000 0.000000
0.865735 0.500503 0.000000 180.914927 -0.500503 0.865735 -0.000000 -68.451024 -0.000000 0.000000 1.000000 0.000000
0.870445 0.492265 0.000000 181.323668 -0.492265 0.870445 -0.000000 -68.660801 -0.000000 0.000000 1.000000 0.000000
