1.000000 -0.000319 0.000000 0.622164 0.000319 1.000000 0.000000 0.106387 0.000000 0.000000 1.000000 0.000000
0.999998 0.002155 0.000000 1.177402 -0.002155 0.999998 -0.000000 0.111851 -0.000000 0.000000 1.000000 0.000000
0.999996 0.002681 0.000000 1.558744 -0.002681 0.999996 -0.000000 0.141504 -0.000000 0.000000 1.000000 0.000000
0.999986 0.005337 0.000000 2.331284 -0.005337 0.999986 -0.000000 0.147235 -0.000000 0.000000 1.000000 0.000000
0.999944 0.010586 0.000000 3.442130 -0.010586 0.999944 -0.000000 0.092632 -0.000000 0.000000 1.000000 0.000000
0.999902 0.013982 0.000000 4.314139 -0.013982 0.999902 -0.000000 0.068479 -0.000000 0.000000 1.000000 0.000000
0.999791 0.020456 0.000000 5.207056 -0.020456 0.999791 -0.000000 0.029240 -0.000000 0.000000 1.000000 0.000000
0.999746 0.022529 0.000000 5.845549 -0.022529 0.999746 -0.000000 0.008490 -0.000000 0.000000 1.000000 0.000000
0.999722 0.023587 0.000000 6.312722 -0.023587 0.999722 -0.000000 0.067163 -0.000000 0.000000 1.000000 0.000000
0.999623 0.027439 0.000000 6.645805 -0.027439 0.999623 -0.000000 0.090312 -0.000000 0.000000 1.000000 0.000000
0.999381 0.035185 0.000000 7.845498 -0.035185 0.999381 -0.000000 -0.010214 -0.000000 0.000000 1.000000 0.000000
0.999165 0.040848 0.000000 8.284793 -0.040848 0.999165 -0.000000 -0.047064 -0.000000 0.000000 1.000000 0.000000
0.999142 0.041421 0.000000 8.493776 -0.041421 0.999142 -0.000000 0.036934 -0.000000 0.000000 1.000000 0.000000
0.998962 0.045544 0.000000 9.128148 -0.045544 0.998962 -0.000000 -0.008903 -0.000000 0.000000 1.000000 0.000000
0.998729 0.050400 0.000000 9.553193 -0.050400 0.998729 -0.000000 0.016938 -0.000000 0.000000 1.000000 0.000000
0.998347 0.057471 0.000000 10.278797 -0.057471 0.998347 -0.000000 -0.105492 -0.000000 0.000000 1.000000 0.000000
0.997968 0.063715 0.000000 10.723991 -0.063715 0.997968 -0.000000 -0.197404 -0.000000 0.000000 1.000000 0.000000
0.997406 0.071975 0.000000 11.714112 -0.071975 0.997406 -0.000000 -0.187591 -0.000000 0.000000 1.000000 0.000000
0.996794 0.080007 0.000000 12.471375 -0.080007 0.996794 -0.000000 -0.286922 -0.000000 0.000000 1.000000 0.000000
0.996415 0.084601 0.000000 12.850292 -0.084601 0.996415 -0.000000 -0.250412 -0.000000 0.000000 1.000000 0.000000
0.995984 0.089534 0.000000 13.425150 -0.089534 0.995984 -0.000000 -0.238882 -0.000000 0.000000 1.000000 0.000000
0.994662 0.103187 0.000000 14.523201 -0.103187 0.994662 -0.000000 -0.176022 -0.000000 0.000000 1.000000 0.000000
0.993765 0.111498 0.000000 15.188521 -0.111498 0.993765 -0.000000 -0.314125 -0.000000 0.000000 1.000000 0.000000
0.992884 0.119088 0.000000 15.803757 -0.119088 0.992884 -0.000000 -0.398795 -0.000000 0.000000 1.000000 0.000000
0.991876 0.127210 0.000000 16.482444 -0.127210 0.991876 -0.000000 -0.447599 -0.000000 0.000000 1.000000 0.000000
0.991250 0.131999 0.000000 16.664404 -0.131999 0.991250 -0.000000 -0.455813 -0.000000 0.000000 1.000000 0.000000
0.990444 0.137917 0.000000 17.161202 -0.137917 0.990444 -0.000000 -0.496328 -0.000000 0.000000 1.000000 0.000000
0.989814 0.142367 0.000000 17.475149 -0.142367 0.989814 -0.000000 -0.569458 -0.000000 0.000000 1.000000 0.000000
0.988886 0.148678 0.000000 18.137237 -0.148678 0.988886 -0.000000 -0.754265 -0.000000 0.000000 1.000000 0.000000
0.986979 0.160849 0.000000 19.469299 -0.160849 0.986979 -0.000000 -1.162379 -0.000000 0.000000 1.000000 0.000000
0.985036 0.172351 0.000000 20.229057 -0.172351 0.985036 -0.000000 -1.414793 -0.000000 0.000000 1.000000 0.000000
0.983629 0.180207 0.000000 20.656130 -0.180207 0.983629 -0.000000 -1.606048 -0.000000 0.000000 1.000000 0.000000
0.982389 0.186845 0.000000 21.432995 -0.186845 0.982389 -0.000000 -1.752239 -0.000000 0.000000 1.000000 0.000000
0.981263 0.192675 0.000000 22.045367 -0.192675 0.981263 -0.000000 -1.800945 -0.000000 0.000000 1.000000 0.000000
0.979765 0.200150 0.000000 22.904635 -0.200150 0.979765 -0.000000 -2.026759 -0.000000 0.000000 1.000000 0.000000
0.978294 0.207221 0.000000 23.465130 -0.207221 0.978294 -0.000000 -2.060084 -0.000000 0.000000 1.000000 0.000000
0.977290 0.211905 0.000000 23.770504 -0.211905 0.977290 -0.000000 -2.062439 -0.000000 0.000000 1.000000 0.000000
0.975685 0.219176 0.000000 24.338846 -0.219176 0.975685 -0.000000 -2.199947 -0.000000 0.000000 1.000000 0.000000
0.973667 0.227974 0.000000 24.915836 -0.227974 0.973667 -0.000000 -2.419069 -0.000000 0.000000 1.000000 0.000000
0.971931 0.235264 0.000000 25.449453 -0.235264 0.971931 -0.000000 -2.536977 -0.000000 0.000000 1.000000 0.000000
0.969723 0.244206 0.000000 26.294926 -0.244206 0.969723 -0.000000 -2.753150 -0.000000 0.000000 1.000000 0.000000
0.968284 0.249852 0.000000 26.632910 -0.249852 0.968284 -0.000000 -2.743780 -0.000000 0.000000 1.000000 0.000000
0.966796 0.255548 0.000000 27.107501 -0.255548 0.966796 -0.000000 -2.867206 -0.000000 0.000000 1.000000 0.000000
0.964952 0.262425 0.000000 27.707339 -0.262425 0.964952 -0.000000 -3.017651 -0.000000 0.000000 1.000000 0.000000
0.962860 0.270001 0.000000 28.323384 -0.270001 0.962860 -0.000000 -3.211943 -0.000000 0.000000 1.000000 0.000000
0.959285 0.282439 0.000000 29.410178 -0.282439 0.959285 -0.000000 -3.447974 -0.000000 0.000000 1.000000 0.000000
0.957592 0.288128 0.000000 29.949010 -0.288128 0.957592 -0.000000 -3.675327 -0.000000 0.000000 1.000000 0.000000
0.955600 0.294668 0.000000 30.610168 -0.294668 0.955600 -0.000000 -3.850954 -0.000000 0.000000 1.000000 0.000000
0.951760 0.306842 0.000000 31.185935 -0.306842 0.951760 -0.000000 -4.102814 -0.000000 0.000000 1.000000 0.000000
0.950085 0.311992 0.000000 31.545796 -0.311992 0.950085 -0.000000 -4.370092 -0.000000 0.000000 1.000000 0.000000
0.948806 0.315860 0.000000 32.241318 -0.315860 0.948806 -0.000000 -4.375014 -0.000000 0.000000 1.000000 0.000000
0.946127 0.323795 0.000000 32.953320 -0.323795 0.946127 -0.000000 -4.644371 -0.000000 0.000000 1.000000 0.000000
0.943801 0.330513 0.000000 33.251769 -0.330513 0.943801 -0.000000 -4.854857 -0.000000 0.000000 1.000000 0.000000
0.943890 0.330259 0.000000 33.322478 -0.330259 0.943890 -0.000000 -4.890825 -0.000000 0.000000 1.000000 0.000000
0.941411 0.337262 0.000000 33.711398 -0.337262 0.941411 -0.000000 -5.043572 -0.000000 0.000000 1.000000 0.000000
0.941269 0.337658 0.000000 33.995000 -0.337658 0.941269 -0.000000 -5.075488 -0.000000 0.000000 1.000000 0.000000
0.938026 0.346564 0.000000 34.847768 -0.346564 0.938026 -0.000000 -5.361905 -0.000000 0.000000 1.000000 0.000000
0.936640 0.350295 0.000000 35.118931 -0.350295 0.936640 -0.000000 -5.486391 -0.000000 0.000000 1.000000 0.000000
0.934426 0.356158 0.000000 35.665979 -0.356158 0.934426 -0.000000 -5.842146 -0.000000 0.000000 1.000000 0.000000
0.932564 0.361004 0.000000 36.251470 -0.361004 0.932564 -0.000000 -6.069450 -0.000000 0.000000 1.000000 0.000000
0.929945 0.367699 0.000000 37.013531 -0.367699 0.929945 -0.000000 -6.315969 -0.000000 0.000000 1.000000 0.000000
0.926816 0.375516 0.000000 37.552645 -0.375516 0.926816 -0.000000 -6.535111 -0.000000 0.000000 1.000000 0.000000
0.924889 0.380237 0.000000 37.994711 -0.380237 0.924889 -0.000000 -6.765918 -0.000000 0.000000 1.000000 0.000000
0.922897 0.385046 0.000000 38.492932 -0.385046 0.922897 -0.000000 -6.997424 -0.000000 0.000000 1.000000 0.000000
0.919896 0.392162 0.000000 39.103877 -0.392162 0.919896 -0.000000 -7.246922 -0.000000 0.000000 1.000000 0.000000
0.917681 0.397318 0.000000 39.574206 -0.397318 0.917681 -0.000000 -7.451649 -0.000000 0.000000 1.000000 0.000000
0.914129 0.405423 0.000000 39.983326 -0.405423 0.914129 -0.000000 -7.703203 -0.000000 0.000000 1.000000 0.000000
0.912046 0.410088 0.000000 40.547596 -0.410088 0.912046 -0.000000 -7.801437 -0.000000 0.000000 1.000000 0.000000
0.910923 0.412577 0.000000 41.066749 -0.412577 0.910923 -0.000000 -7.831424 -0.000000 0.000000 1.000000 0.000000
0.909301 0.416140 0.000000 41.422302 -0.416140 0.909301 -0.000000 -7.937924 -0.000000 0.000000 1.000000 0.000000
0.907689 0.419643 0.000000 41.874985 -0.419643 0.907689 -0.000000 -7.964882 -0.000000 0.000000 1.000000 0.000000
0.905144 0.425105 0.000000 42.395371 -0.425105 0.905144 -0.000000 -8.182222 -0.000000 0.000000 1.000000 0.000000
0.902463 0.430767 0.000000 42.987051 -0.430767 0.902463 -0.000000 -8.405318 -0.000000 0.000000 1.000000 0.000000
0.900407 0.435049 0.000000 43.474038 -0.435049 0.900407 -0.000000 -8.558935 -0.000000 0.000000 1.000000 0.000000
0.895556 0.444949 0.000000 44.352059 -0.444949 0.895556 -0.000000 -9.100738 -0.000000 0.000000 1.000000 0.000000
0.891960 0.452115 0.000000 45.340722 -0.452115 0.891960 -0.000000 -9.374778 -0.000000 0.000000 1.000000 0.000000
0.888046 0.459754 0.000000 46.063022 -0.459754 0.888046 -0.000000 -9.629567 -0.000000 0.000000 1.000000 0.000000
0.943874 0.330306 0.000000 43.680534 -0.330306 0.943874 -0.000000 -11.931118 -0.000000 0.000000 1.000000 0.000000
0.942069 0.335419 0.000000 43.885252 -0.335419 0.942069 -0.000000 -12.111669 -0.000000 0.000000 1.000000 0.000000
0.940332 0.340258 0.000000 44.461692 -0.340258 0.940332 -0.000000 -12.314353 -0.000000 0.000000 1.000000 0.000000
0.938963 0.344019 0.000000 44.968269 -0.344019 0.938963 -0.000000 -12.611620 -0.000000 0.000000 1.000000 0.000000
0.937919 0.346854 0.000000 45.408696 -0.346854 0.937919 -0.000000 -12.723568 -0.000000 0.000000 1.000000 0.000000
0.936801 0.349863 0.000000 46.080437 -0.349863 0.936801 -0.000000 -12.874339 -0.000000 0.000000 1.000000 0.000000
0.934922 0.354854 0.000000 46.612352 -0.354854 0.934922 -0.000000 -13.099503 -0.000000 0.000000 1.000000 0.000000
0.932915 0.360097 0.000000 46.884899 -0.360097 0.932915 -0.000000 -13.364712 -0.000000 0.000000 1.000000 0.000000
0.931718 0.363181 0.000000 47.392815 -0.363181 0.931718 -0.000000 -13.315841 -0.000000 0.000000 1.000000 0.000000
0.928314 0.371798 0.000000 48.312862 -0.371798 0.928314 -0.000000 -13.627250 -0.000000 0.000000 1.000000 0.000000
0.927009 0.375039 0.000000 48.788915 -0.375039 0.927009 -0.000000 -13.817696 -0.000000 0.000000 1.000000 0.000000
0.925899 0.377771 0.000000 49.207881 -0.377771 0.925899 -0.000000 -13.924920 -0.000000 0.000000 1.000000 0.000000
0.924191 0.381932 0.000000 49.814841 -0.381932 0.924191 -0.000000 -14.039328 -0.000000 0.000000 1.000000 0.000000
0.921608 0.388122 0.000000 50.185922 -0.388122 0.921608 -0.000000 -14.189276 -0.000000 0.000000 1.000000 0.000000
0.919045 0.394153 0.000000 50.568585 -0.394153 0.919045 -0.000000 -14.365904 -0.000000 0.000000 1.000000 0.000000
0.919418 0.393281 0.000000 50.951054 -0.393281 0.919418 -0.000000 -14.495478 -0.000000 0.000000 1.000000 0.000000
0.913713 0.406360 0.000000 51.691793 -0.406360 0.913713 -0.000000 -14.898792 -0.000000 0.000000 1.000000 0.000000
0.913602 0.406610 0.000000 51.905384 -0.406610 0.913602 -0.000000 -14.877719 -0.000000 0.000000 1.000000 0.000000
0.912715 0.408597 0.000000 52.222335 -0.408597 0.912715 -0.000000 -15.098728 -0.000000 0.000000 1.000000 0.000000
0.910024 0.414556 0.000000 52.394940 -0.414556 0.910024 -0.000000 -15.264523 -0.000000 0.000000 1.000000 0.000000
0.907124 0.420863 0.000000 52.756786 -0.420863 0.907124 -0.000000 -15.602362 -0.000000 0.000000 1.000000 0.000000
0.904725 0.425997 0.000000 52.949098 -0.425997 0.904725 -0.000000 -15.705275 -0.000000 0.000000 1.000000 0.000000
0.902469 0.430755 0.000000 53.324700 -0.430755 0.902469 -0.000000 -15.880543 -0.000000 0.000000 1.000000 0.000000
0.900861 0.434108 0.000000 53.296813 -0.434108 0.900861 -0.000000 -15.950655 -0.000000 0.000000 1.000000 0.000000
0.899517 0.436886 0.000000 53.577433 -0.436886 0.899517 -0.000000 -16.087742 -0.000000 0.000000 1.000000 0.000000
0.898090 0.439812 0.000000 53.717245 -0.439812 0.898090 -0.000000 -16.169061 -0.000000 0.000000 1.000000 0.000000
0.895153 0.445759 0.000000 54.197514 -0.445759 0.895153 -0.000000 -16.376603 -0.000000 0.000000 1.000000 0.000000
0.893675 0.448714 0.000000 54.655687 -0.448714 0.893675 -0.000000 -16.494203 -0.000000 0.000000 1.000000 0.000000
0.891791 0.452449 0.000000 54.931908 -0.452449 0.891791 -0.000000 -16.581635 -0.000000 0.000000 1.000000 0.000000
0.886509 0.462711 0.000000 55.772746 -0.462711 0.886509 -0.000000 -17.162932 -0.000000 0.000000 1.000000 0.000000
0.884553 0.466439 0.000000 56.124438 -0.466439 0.884553 -0.000000 -17.246588 -0.000000 0.000000 1.000000 0.000000
0.878415 0.477898 0.000000 56.770015 -0.477898 0.878415 -0.000000 -17.659572 -0.000000 0.000000 1.000000 0.000000
0.874639 0.484775 0.000000 57.259300 -0.484775 0.874639 -0.000000 -17.998190 -0.000000 0.000000 1.000000 0.000000
0.874340 0.485314 0.000000 57.510608 -0.485314 0.874340 -0.000000 -18.133838 -0.000000 0.000000 1.000000 0.000000
0.871902 0.489680 0.000000 57.827892 -0.489680 0.871902 -0.000000 -18.400271 -0.000000 0.000000 1.000000 0.000000
0.869178 0.494499 0.000000 58.012171 -0.494499 0.869178 -0.000000 -18.570738 -0.000000 0.000000 1.000000 0.000000
0.867499 0.497439 0.000000 58.411093 -0.497439 0.867499 -0.000000 -18.822478 -0.000000 0.000000 1.000000 0.000000
0.864690 0.502305 0.000000 58.951503 -0.502305 0.864690 -0.000000 -19.133489 -0.000000 0.000000 1.000000 0.000000
0.862822 0.505509 0.000000 59.156171 -0.505509 0.862822 -0.000000 -19.266702 -0.000000 0.000000 1.000000 0.000000
0.858617 0.512618 0.000000 59.569662 -0.512618 0.858617 -0.000000 -19.664571 -0.000000 0.000000 1.000000 0.000000
0.858333 0.513093 0.000000 59.798921 -0.513093 0.858333 -0.000000 -19.826523 -0.000000 0.000000 1.000000 0.000000
0.853500 0.521093 0.000000 60.349767 -0.521093 0.853500 -0.000000 -20.161992 -0.000000 0.000000 1.000000 0.000000
0.852760 0.522303 0.000000 60.457399 -0.522303 0.852760 -0.000000 -20.305605 -0.000000 0.000000 1.000000 0.000000
0.850488 0.525994 0.000000 61.025831 -0.525994 0.850488 -0.000000 -20.588973 -0.000000 0.000000 1.000000 0.000000
0.849244 0.528001 0.000000 61.113306 -0.528001 0.849244 -0.000000 -20.700086 -0.000000 0.000000 1.000000 0.000000
0.847729 0.530429 0.000000 61.456658 -0.530429 0.847729 -0.000000 -20.881031 -0.000000 0.000000 1.000000 0.000000
0.844984 0.534791 0.000000 61.883168 -0.534791 0.844984 -0.000000 -21.076929 -0.000000 0.000000 1.000000 0.000000
0.846414 0.532526 0.000000 62.300415 -0.532526 0.846414 -0.000000 -21.031917 -0.000000 0.000000 1.000000 0.000000
0.845633 0.533766 0.000000 62.532274 -0.533766 0.845633 -0.000000 -21.246787 -0.000000 0.000000 1.000000 0.000000
0.843876 0.536538 0.000000 62.712972 -0.536538 0.843876 -0.000000 -21.334084 -0.000000 0.000000 1.000000 0.000000
0.840878 0.541224 0.000000 63.033587 -0.541224 0.840878 -0.000000 -21.463449 -0.000000 0.000000 1.000000 0.000000
0.841478 0.540291 0.000000 62.983161 -0.540291 0.841478 -0.000000 -21.488509 -0.000000 0.000000 1.000000 0.000000
0.843410 0.537271 0.000000 63.073885 -0.537271 0.843410 -0.000000 -21.591026 -0.000000 0.000000 1.000000 0.000000
0.841743 0.539879 0.000000 63.102837 -0.539879 0.841743 -0.000000 -21.735231 -0.000000 0.000000 1.000000 0.000000
0.842565 0.538594 0.000000 63.469225 -0.538594 0.842565 -0.000000 -21.775911 -0.000000 0.000000 1.000000 0.000000
0.842777 0.538263 0.000000 63.754419 -0.538263 0.842777 -0.000000 -21.970697 -0.000000 0.000000 1.000000 0.000000
0.842331 0.538961 0.000000 63.978373 -0.538961 0.842331 -0.000000 -22.052203 -0.000000 0.000000 1.000000 0.000000
0.841791 0.539803 0.000000 63.920753 -0.539803 0.841791 -0.000000 -21.981915 -0.000000 0.000000 1.000000 0.000000
0.841546 0.540185 0.000000 63.840859 -0.540185 0.841546 -0.000000 -21.929727 -0.000000 0.000000 1.000000 0.000000
0.840972 0.541079 0.000000 64.018459 -0.541079 0.840972 -0.000000 -22.050957 -0.000000 0.000000 1.000000 0.000000
0.839329 0.543623 0.000000 64.673799 -0.543623 0.839329 -0.000000 -22.264237 -0.000000 0.000000 1.000000 0.000000
0.838424 0.545019 0.000000 64.561897 -0.545019 0.838424 -0.000000 -22.255745 -0.000000 0.000000 1.000000 0.000000
0.835514 0.549469 0.000000 64.965309 -0.549469 0.835514 -0.000000 -22.458292 -0.000000 0.000000 1.000000 0.000000
0.836303 0.548268 0.000000 65.050224 -0.548268 0.836303 -0.000000 -22.563791 -0.000000 0.000000 1.000000 0.000000
0.835463 0.549547 0.000000 65.258415 -0.549547 0.835463 -0.000000 -22.657018 -0.000000 0.000000 1.000000 0.000000
0.833809 0.552053 0.000000 65.394113 -0.552053 0.833809 -0.000000 -22.781190 -0.000000 0.000000 1.000000 0.000000
0.834138 0.551556 0.000000 65.540696 -0.551556 0.834138 -0.000000 -22.888551 -0.000000 0.000000 1.000000 0.000000
0.829419 0.558628 0.000000 65.500659 -0.558628 0.829419 -0.000000 -23.055156 -0.000000 0.000000 1.000000 0.000000
0.830633 0.556820 0.000000 65.584126 -0.556820 0.830633 -0.000000 -23.006076 -0.000000 0.000000 1.000000 0.000000
0.829463 0.558562 0.000000 65.781392 -0.558562 0.829463 -0.000000 -23.070601 -0.000000 0.000000 1.000000 0.000000
0.827507 0.561455 0.000000 66.086291 -0.561455 0.827507 -0.000000 -23.190547 -0.000000 0.000000 1.000000 0.000000
0.825477 0.564436 0.000000 66.263943 -0.564436 0.825477 -0.000000 -23.275497 -0.000000 0.000000 1.000000 0.000000
0.820422 0.571759 0.000000 66.541098 -0.571759 0.820422 -0.000000 -23.484947 -0.000000 0.000000 1.000000 0.000000
0.816677 0.577094 0.000000 66.817069 -0.577094 0.816677 -0.000000 -23.647717 -0.000000 0.000000 1.000000 0.000000
0.816393 0.577497 0.000000 67.050255 -0.577497 0.816393 -0.000000 -23.791121 -0.000000 0.000000 1.000000 0.000000
0.814069 0.580768 0.000000 67.105580 -0.580768 0.814069 -0.000000 -23.821572 -0.000000 0.000000 1.000000 0.000000
0.814756 0.579804 0.000000 67.259238 -0.579804 0.814756 -0.000000 -23.935722 -0.000000 0.000000 1.000000 0.000000
0.813367 0.581752 0.000000 67.527624 -0.581752 0.813367 -0.000000 -24.029876 -0.000000 0.000000 1.000000 0.000000
0.813910 0.580991 0.000000 67.654105 -0.580991 0.813910 -0.000000 -24.124258 -0.000000 0.000000 1.000000 0.000000
0.808960 0.587864 0.000000 67.547281 -0.587864 0.808960 -0.000000 -24.240334 -0.000000 0.000000 1.000000 0.000000
0.807618 0.589706 0.000000 67.657304 -0.589706 0.807618 -0.000000 -24.262534 -0.000000 0.000000 1.000000 0.000000
0.807419 0.589979 0.000000 67.907083 -0.589979 0.807419 -0.000000 -24.211933 -0.000000 0.000000 1.000000 0.000000
0.807211 0.590263 0.000000 67.517317 -0.590263 0.807211 -0.000000 -24.101260 -0.000000 0.000000 1.000000 0.000000
0.806511 0.591220 0.000000 67.733339 -0.591220 0.806511 -0.000000 -24.096629 -0.000000 0.000000 1.000000 0.000000
0.804501 0.593951 0.000000 67.733551 -0.593951 0.804501 -0.000000 -24.088392 -0.000000 0.000000 1.000000 0.000000
0.802772 0.596286 0.000000 67.956530 -0.596286 0.802772 -0.000000 -24.387119 -0.000000 0.000000 1.000000 0.000000
0.800103 0.599862 0.000000 68.492720 -0.599862 0.800103 -0.000000 -24.596781 -0.000000 0.000000 1.000000 0.000000
0.802089 0.597205 0.000000 68.420353 -0.597205 0.802089 -0.000000 -24.470052 -0.000000 0.000000 1.000000 0.000000
0.798805 0.601590 0.000000 68.834741 -0.601590 0.798805 -0.000000 -24.812894 -0.000000 0.000000 1.000000 0.000000
0.796175 0.605066 0.000000 69.133573 -0.605066 0.796175 -0.000000 -24.933865 -0.000000 0.000000 1.000000 0.000000
0.793439 0.608650 0.000000 69.324047 -0.608650 0.793439 -0.000000 -25.079602 -0.000000 0.000000 1.000000 0.000000
0.791565 0.611085 0.000000 69.550933 -0.611085 0.791565 -0.000000 -25.250880 -0.000000 0.000000 1.000000 0.000000
0.785213 0.619226 0.000000 69.778925 -0.619226 0.785213 -0.000000 -25.613752 -0.000000 0.000000 1.000000 0.000000
0.782192 0.623037 0.000000 70.034416 -0.623037 0.782192 -0.000000 -25.788596 -0.000000 0.000000 1.000000 0.000000
0.782930 0.622110 0.000000 70.264072 -0.622110 0.782930 -0.000000 -25.831735 -0.000000 0.000000 1.000000 0.000000
0.780025 0.625749 0.000000 70.404498 -0.625749 0.780025 -0.000000 -26.054770 -0.000000 0.000000 1.000000 0.000000
0.787118 0.616803 0.000000 70.890290 -0.616803 0.787118 -0.000000 -25.845019 -0.000000 0.000000 1.000000 0.000000
0.784826 0.619716 0.000000 71.050123 -0.619716 0.784826 -0.000000 -25.999235 -0.000000 0.000000 1.000000 0.000000
0.780923 0.624627 0.000000 71.082711 -0.624627 0.780923 -0.000000 -26.196088 -0.000000 0.000000 1.000000 0.000000
0.775224 0.631687 0.000000 71.238551 -0.631687 0.775224 -0.000000 -26.611792 -0.000000 0.000000 1.000000 0.000000
0.772776 0.634679 0.000000 71.511953 -0.634679 0.772776 -0.000000 -26.827754 -0.000000 0.000000 1.000000 0.000000
0.769488 0.638661 0.000000 71.693036 -0.638661 0.769488 -0.000000 -26.979773 -0.000000 0.000000 1.000000 0.000000
0.767811 0.640677 0.000000 71.751269 -0.640677 0.767811 -0.000000 -27.225383 -0.000000 0.000000 1.000000 0.000000
0.765494 0.643444 0.000000 71.968897 -0.643444 0.765494 -0.000000 -27.414787 -0.000000 0.000000 1.000000 0.000000
0.767380 0.641193 0.000000 72.137424 -0.641193 0.767380 -0.000000 -27.430249 -0.000000 0.000000 1.000000 0.000000
0.765581 0.643340 0.000000 72.281935 -0.643340 0.765581 -0.000000 -27.639871 -0.000000 0.000000 1.000000 0.000000
0.762563 0.646914 0.000000 72.302513 -0.646914 0.762563 -0.000000 -27.864322 -0.000000 0.000000 1.000000 0.000000
0.760973 0.648783 0.000000 71.966375 -0.648783 0.760973 -0.000000 -27.789324 -0.000000 0.000000 1.000000 0.000000
0.760440 0.649408 0.000000 72.337532 -0.649408 0.760440 -0.000000 -28.015707 -0.000000 0.000000 1.000000 0.000000
0.759823 0.650130 0.000000 72.532223 -0.650130 0.759823 -0.000000 -28.205289 -0.000000 0.000000 1.000000 0.000000
0.760838 0.648941 0.000000 72.706891 -0.648941 0.760838 -0.000000 -28.438818 -0.000000 0.000000 1.000000 0.000000
0.758455 0.651725 0.000000 72.980178 -0.651725 0.758455 -0.000000 -28.843459 -0.000000 0.000000 1.000000 0.000000
0.760929 0.648835 0.000000 73.172338 -0.648835 0.760929 -0.000000 -28.956265 -0.000000 0.000000 1.000000 0.000000
0.762983 0.646418 0.000000 73.315430 -0.646418 0.762983 -0.000000 -29.063999 -0.000000 0.000000 1.000000 0.000000
0.763244 0.646111 0.000000 73.511351 -0.646111 0.763244 -0.000000 -29.253961 -0.000000 0.000000 1.000000 0.000000
0.763610 0.645677 0.000000 73.602037 -0.645677 0.763610 -0.000000 -29.229811 -0.000000 0.000000 1.000000 0.000000
0.766176 0.642631 0.000000 73.639918 -0.642631 0.766176 -0.000000 -29.316605 -0.000000 0.000000 1.000000 0.000000
0.770166 0.637843 0.000000 74.187087 -0.637843 0.770166 -0.000000 -29.554164 -0.000000 0.000000 1.000000 0.000000
0.772205 0.635373 0.000000 74.399730 -0.635373 0.772205 -0.000000 -29.664716 -0.000000 0.000000 1.000000 0.000000
0.774342 0.632767 0.000000 74.489187 -0.632767 0.774342 -0.000000 -29.723736 -0.000000 0.000000 1.000000 0.000000
0.775132 0.631799 0.000000 74.754774 -0.631799 0.775132 -0.000000 -29.840383 -0.000000 0.000000 1.000000 0.000000
0.778265 0.627936 0.000000 74.961726 -0.627936 0.778265 -0.000000 -29.875245 -0.000000 0.000000 1.000000 0.000000
0.777230 0.629216 0.000000 75.052702 -0.629216 0.777230 -0.000000 -30.127893 -0.000000 0.000000 1.000000 0.000000
0.778801 0.627272 0.000000 75.311848 -0.627272 0.778801 -0.000000 -30.359051 -0.000000 0.000000 1.000000 0.000000
0.782211 0.623014 0.000000 75.374531 -0.623014 0.782211 -0.000000 -30.380794 -0.000000 0.000000 1.000000 0.000000
0.781410 0.624018 0.000000 75.672039 -0.624018 0.781410 -0.000000 -30.645774 -0.000000 0.000000 1.000000 0.000000
0.785811 0.618466 0.000000 75.808779 -0.618466 0.785811 -0.000000 -30.716477 -0.000000 0.000000 1.000000 0.000000
0.787266 0.616613 0.000000 75.971638 -0.616613 0.787266 -0.000000 -30.779081 -0.000000 0.000000 1.000000 0.000000
0.790151 0.612912 0.000000 76.112579 -0.612912 0.790151 -0.000000 -30.864723 -0.000000 0.000000 1.000000 0.000000
0.792125 0.610359 0.000000 76.236488 -0.610359 0.792125 -0.000000 -30.965655 -0.000000 0.000000 1.000000 0.000000
0.797343 0.603527 0.000000 76.527352 -0.603527 0.797343 -0.000000 -31.237175 -0.000000 0.000000 1.000000 0.000000
0.800902 0.598795 0.000000 76.571313 -0.598795 0.800902 -0.000000 -31.330756 -0.000000 0.000000 1.000000 0.000000
0.803227 0.595672 0.000000 76.799589 -0.595672 0.803227 -0.000000 -31.456755 -0.000000 0.000000 1.000000 0.000000
0.808061 0.589099 0.000000 77.199780 -0.589099 0.808061 -0.000000 -31.701390 -0.000000 0.000000 1.000000 0.000000
0.813082 0.582149 0.000000 77.504670 -0.582149 0.813082 -0.000000 -32.022158 -0.000000 0.000000 1.000000 0.000000
0.817604 0.575780 0.000000 77.727080 -0.575780 0.817604 -0.000000 -32.074661 -0.000000 0.000000 1.000000 0.000000
0.825526 0.564365 0.000000 77.767798 -0.564365 0.825526 -0.000000 -31.977176 -0.000000 0.000000 1.000000 0.000000
0.829906 0.557903 0.000000 77.994554 -0.557903 0.829906 -0.000000 -32.256398 -0.000000 0.000000 1.000000 0.000000
0.833785 0.552089 0.000000 78.015292 -0.552089 0.833785 -0.000000 -32.353764 -0.000000 0.000000 1.000000 0.000000
0.841125 0.540840 0.000000 78.157667 -0.540840 0.841125 -0.000000 -32.174031 -0.000000 0.000000 1.000000 0.000000
0.843156 0.537669 0.000000 78.375039 -0.537669 0.843156 -0.000000 -32.221403 -0.000000 0.000000 1.000000 0.000000
0.848304 0.529510 0.000000 78.392253 -0.529510 0.848304 -0.000000 -32.194356 -0.000000 0.000000 1.000000 0.000000
0.852832 0.522185 0.000000 78.746928 -0.522185 0.852832 -0.000000 -32.393608 -0.000000 0.000000 1.000000 0.000000
0.855674 0.517515 0.000000 78.897608 -0.517515 0.855674 -0.000000 -32.347512 -0.000000 0.000000 1.000000 0.000000
0.859021 0.511940 0.000000 78.931675 -0.511940 0.859021 -0.000000 -32.340073 -0.000000 0.000000 1.000000 0.000000
0.861986 0.506932 0.000000 79.211229 -0.506932 0.861986 -0.000000 -32.490853 -0.000000 0.000000 1.000000 0.000000
0.865749 0.500479 0.000000 79.353267 -0.500479 0.865749 -0.000000 -32.532812 -0.000000 0.000000 1.000000 0.000000
0.866095 0.499879 0.000000 79.513954 -0.499879 0.866095 -0.000000 -32.631231 -0.000000 0.000000 1.000000 0.000000
0.869853 0.493312 0.000000 79.622438 -0.493312 0.869853 -0.000000 -32.700686 -0.000000 0.000000 1.000000 0.000000
0.871687 0.490063 0.000000 79.705828 -0.490063 0.871687 -0.000000 -32.792641 -0.000000 0.000000 1.000000 0.000000
0.874962 0.484192 0.000000 79.796535 -0.484192 0.874962 -0.000000 -32.768988 -0.000000 0.000000 1.000000 0.000000
0.874876 0.484346 0.000000 79.834328 -0.484346 0.874876 -0.000000 -32.926682 -0.000000 0.000000 1.000000 0.000000
0.875506 0.483208 0.000000 79.831361 -0.483208 0.875506 -0.000000 -32.910282 -0.000000 0.000000 1.000000 0.000000
0.877948 0.478756 0.000000 80.073991 -0.478756 0.877948 -0.000000 -32.971643 -0.000000 0.000000 1.000000 0.000000
0.878879 0.477045 0.000000 80.166160 -0.477045 0.878879 -0.000000 -33.075442 -0.000000 0.000000 1.000000 0.000000
0.880526 0.473997 0.000000 80.235948 -0.473997 0.880526 -0.000000 -33.081653 -0.000000 0.000000 1.000000 0.000000
0.881873 0.471488 0.000000 80.429856 -0.471488 0.881873 -0.000000 -33.121847 -0.000000 0.000000 1.000000 0.000000
0.883866 0.467739 0.000000 80.299573 -0.467739 0.883866 -0.000000 -33.055424 -0.000000 0.000000 1.000000 0.000000
0.885417 0.464797 0.000000 80.358092 -0.464797 0.885417 -0.000000 -32.993605 -0.000000 0.000000 1.000000 0.000000
0.886970 0.461826 0.000000 80.425931 -0.461826 0.886970 -0.000000 -33.020146 -0.000000 0.000000 1.000000 0.000000
0.887930 0.459979 0.000000 80.458904 -0.459979 0.887930 -0.000000 -33.010713 -0.000000 0.000000 1.000000 0.000000
0.887493 0.460822 0.000000 80.516948 -0.460822 0.887493 -0.000000 -33.016970 -0.000000 0.000000 1.000000 0.000000
0.887265 0.461260 0.000000 80.519174 -0.461260 0.887265 -0.000000 -33.026804 -0.000000 0.000000 1.000000 0.000000
0.887709 0.460405 0.000000 80.685702 -0.460405 0.887709 -0.000000 -33.151914 -0.000000 0.000000 1.000000 0.000000
0.886807 0.462141 0.000000 80.692474 -0.462141 0.886807 -0.000000 -33.191717 -0.000000 0.000000 1.000000 0.000000
0.885761 0.464142 0.000000 80.616035 -0.464142 0.885761 -0.000000 -33.363555 -0.000000 0.000000 1.000000 0.000000
0.886234 0.463238 0.000000 80.631729 -0.463238 0.886234 -0.000000 -33.342260 -0.000000 0.000000 1.000000 0.000000
0.884398 0.466734 0.000000 80.494283 -0.466734 0.884398 -0.000000 -33.440032 -0.000000 0.000000 1.000000 0.000000
0.884355 0.466815 0.000000 80.521040 -0.466815 0.884355 -0.000000 -33.506777 -0.000000 0.000000 1.000000 0.000000
0.883894 0.467688 0.000000 80.552555 -0.467688 0.883894 -0.000000 -33.505817 -0.000000 0.000000 1.000000 0.000000
0.883961 0.467561 0.000000 80.583743 -0.467561 0.883961 -0.000000 -33.494171 -0.000000 0.000000 1.000000 0.000000
0.884143 0.467217 0.000000 80.565054 -0.467217 0.884143 -0.000000 -33.531858 -0.000000 0.000000 1.000000 0.000000
0.883925 0.467629 0.000000 80.552514 -0.467629 0.883925 -0.000000 -33.506707 -0.000000 0.000000 1.000000 0.000000
0.883328 0.468756 0.000000 80.585077 -0.468756 0.883328 -0.000000 -33.470114 -0.000000 0.000000 1.000000 0.000000
0.883778 0.467907 0.000000 80.633040 -0.467907 0.883778 -0.000000 -33.508967 -0.000000 0.000000 1.000000 0.000000
0.883021 0.469333 0.000000 80.611569 -0.469333 0.883021 -0.000000 -33.522416 -0.000000 0.000000 1.000000 0.000000
0.882679 0.469977 0.000000 80.539074 -0.469977 0.882679 -0.000000 -33.518543 -0.000000 0.000000 1.000000 0.000000
0.883120 0.469147 0.000000 80.528631 -0.469147 0.883120 -0.000000 -33.507675 -0.000000 0.000000 1.000000 0.000000
0.883736 0.467985 0.000000 80.556219 -0.467985 0.883736 -0.000000 -33.523611 -0.000000 0.000000 1.000000 0.000000
0.883935 0.467609 0.000000 80.565022 -0.467609 0.883935 -0.000000 -33.530084 -0.000000 0.000000 1.000000 0.000000
0.884745 0.466075 0.000000 80.588333 -0.466075 0.884745 -0.000000 -33.524498 -0.000000 0.000000 1.000000 0.000000
0.884651 0.466254 0.000000 80.592730 -0.466254 0.884651 -0.000000 -33.533259 -0.000000 0.000000 1.000000 0.000000
0.884831 0.465913 0.000000 80.546137 -0.465913 0.884831 -0.000000 -33.566417 -0.000000 0.000000 1.000000 0.000000
0.884973 0.465642 0.000000 80.539281 -0.465642 0.884973 -0.000000 -33.562435 -0.000000 0.000000 1.000000 0.000000
0.885096 0.465408 0.000000 80.537713 -0.465408 0.885096 -0.000000 -33.573515 -0.000000 0.000000 1.000000 0.000000
0.885090 0.465420 0.000000 80.561049 -0.465420 0.885090 -0.000000 -33.584436 -0.000000 0.000000 1.000000 0.000000
0.885735 0.464192 0.000000 80.524637 -0.464192 0.885735 -0.000000 -33.580251 -0.000000 0.000000 1.000000 0.000000
0.885749 0.464164 0.000000 80.525311 -0.464164 0.885749 -0.000000 -33.575592 -0.000000 0.000000 1.000000 0.000000
0.885977 0.463729 0.000000 80.494042 -0.463729 0.885977 -0.000000 -33.568421 -0.000000 0.000000 1.000000 0.000000
0.885594 0.464460 0.000000 80.495992 -0.464460 0.885594 -0.000000 -33.622852 -0.000000 0.000000 1.000000 0.000000
0.885992 0.463700 0.000000 80.519372 -0.463700 0.885992 -0.000000 -33.591503 -0.000000 0.000000 1.000000 0.000000
0.886361 0.462994 0.000000 80.491918 -0.462994 0.886361 -0.000000 -33.565692 -0.000000 0.000000 1.000000 0.000000
0.886708 0.462330 0.000000 80.608433 -0.462330 0.886708 -0.000000 -33.604174 -0.000000 0.000000 1.000000 0.000000
0.887171 0.461441 0.000000 80.592145 -0.461441 0.887171 -0.000000 -33.596040 -0.000000 0.000000 1.000000 0.000000
0.888274 0.459313 0.000000 80.567601 -0.459313 0.888274 -0.000000 -33.553849 -0.000000 0.000000 1.000000 0.000000
0.888780 0.458334 0.000000 80.560954 -0.458334 0.888780 -0.000000 -33.532940 -0.000000 0.000000 1.000000 0.000000
0.890268 0.455437 0.000000 80.449455 -0.455437 0.890268 -0.000000 -33.399112 -0.000000 0.000000 1.000000 0.000000
0.890099 0.455767 0.000000 80.473987 -0.455767 0.890099 -0.000000 -33.442423 -0.000000 0.000000 1.000000 0.000000
0.888505 0.458868 0.000000 80.498917 -0.458868 0.888505 -0.000000 -33.508084 -0.000000 0.000000 1.000000 0.000000
0.890215 0.455541 0.000000 80.522792 -0.455541 0.890215 -0.000000 -33.426925 -0.000000 0.000000 1.000000 0.000000
0.890587 0.454814 0.000000 80.500336 -0.454814 0.890587 -0.000000 -33.397124 -0.000000 0.000000 1.000000 0.000000
0.890387 0.455205 0.000000 80.441368 -0.455205 0.890387 -0.000000 -33.401157 -0.000000 0.000000 1.000000 0.000000
0.890463 0.455057 0.000000 80.466205 -0.455057 0.890463 -0.000000 -33.445660 -0.000000 0.000000 1.000000 0.000000
0.891021 0.453962 0.000000 80.486015 -0.453962 0.891021 -0.000000 -33.403818 -0.000000 0.000000 1.000000 0.000000
0.891083 0.453840 0.000000 80.505878 -0.453840 0.891083 -0.000000 -33.408679 -0.000000 0.000000 1.000000 0.000000
0.890524 0.454935 0.000000 80.490071 -0.454935 0.890524 -0.000000 -33.493612 -0.000000 0.000000 1.000000 0.000000
0.890253 0.455467 0.000000 80.589654 -0.455467 0.890253 -0.000000 -33.575162 -0.000000 0.000000 1.000000 0.000000
0.890632 0.454725 0.000000 80.548996 -0.454725 0.890632 -0.000000 -33.536539 -0.000000 0.000000 1.000000 0.000000
0.889524 0.456888 0.000000 80.597307 -0.456888 0.889524 -0.000000 -33.577173 -0.000000 0.000000 1.000000 0.000000
0.891639 0.452748 0.000000 80.607439 -0.452748 0.891639 -0.000000 -33.493900 -0.000000 0.000000 1.000000 0.000000
0.891552 0.452918 0.000000 80.635409 -0.452918 0.891552 -0.000000 -33.503377 -0.000000 0.000000 1.000000 0.000000
0.893084 0.449889 0.000000 80.539282 -0.449889 0.893084 -0.000000 -33.445079 -0.000000 0.000000 1.000000 0.000000
0.893773 0.448520 0.000000 80.298149 -0.448520 0.893773 -0.000000 -33.352359 -0.000000 0.000000 1.000000 0.000000
0.893579 0.448906 0.000000 80.322492 -0.448906 0.893579 -0.000000 -33.359960 -0.000000 0.000000 1.000000 0.000000
0.893554 0.448955 0.000000 80.342761 -0.448955 0.893554 -0.000000 -33.378365 -0.000000 0.000000 1.000000 0.000000
0.893439 0.449184 0.000000 80.325200 -0.449184 0.893439 -0.000000 -33.364922 -0.000000 0.000000 1.000000 0.000000
0.893169 0.449721 0.000000 80.300277 -0.449721 0.893169 -0.000000 -33.352315 -0.000000 0.000000 1.000000 0.000000
0.893341 0.449380 0.000000 80.272595 -0.449380 0.893341 -0.000000 -33.301129 -0.000000 0.000000 1.000000 0.000000
0.893447 0.449169 0.000000 80.303963 -0.449169 0.893447 -0.000000 -33.318270 -0.000000 0.000000 1.000000 0.000000
0.893505 0.449053 0.000000 80.303330 -0.449053 0.893505 -0.000000 -33.321221 -0.000000 0.000000 1.000000 0.000000
0.892647 0.450756 0.000000 80.397784 -0.450756 0.892647 -0.000000 -33.422186 -0.000000 0.000000 1.000000 0.000000
0.892729 0.450594 0.000000 80.401775 -0.450594 0.892729 -0.000000 -33.427439 -0.000000 0.000000 1.000000 0.000000
0.893004 0.450049 0.000000 80.395518 -0.450049 0.893004 -0.000000 -33.410785 -0.000000 0.000000 1.000000 0.000000
0.892811 0.450432 0.000000 80.414466 -0.450432 0.892811 -0.000000 -33.431089 -0.000000 0.000000 1.000000 0.000000
0.893861 0.448345 0.000000 80.300898 -0.448345 0.893861 -0.000000 -33.311178 -0.000000 0.000000 1.000000 0.000000
0.896047 0.443959 0.000000 80.156382 -0.443959 0.896047 -0.000000 -33.091385 -0.000000 0.000000 1.000000 0.000000
0.897546 0.440921 0.000000 80.113643 -0.440921 0.897546 -0.000000 -32.954791 -0.000000 0.000000 1.000000 0.000000
0.900456 0.434947 0.000000 79.938928 -0.434947 0.900456 -0.000000 -32.734646 -0.000000 0.000000 1.000000 0.000000
0.900612 0.434624 0.000000 79.945240 -0.434624 0.900612 -0.000000 -32.748097 -0.000000 0.000000 1.000000 0.000000
0.901804 0.432146 0.000000 79.913881 -0.432146 0.901804 -0.000000 -32.648130 -0.000000 0.000000 1.000000 0.000000
0.902429 0.430838 0.000000 79.895816 -0.430838 0.902429 -0.000000 -32.571670 -0.000000 0.000000 1.000000 0.000000
0.902226 0.431264 0.000000 79.897631 -0.431264 0.902226 -0.000000 -32.579697 -0.000000 0.000000 1.000000 0.000000
0.901862 0.432024 0.000000 79.893808 -0.432024 0.901862 -0.000000 -32.638437 -0.000000 0.000000 1.000000 0.000000
0.901289 0.433218 0.000000 79.972833 -0.433218 0.901289 -0.000000 -32.682688 -0.000000 0.000000 1.000000 0.000000
0.900479 0.434899 0.000000 80.128644 -0.434899 0.900479 -0.000000 -32.987686 -0.000000 0.000000 1.000000 0.000000
0.902010 0.431716 0.000000 80.203909 -0.431716 0.902010 -0.000000 -32.940513 -0.000000 0.000000 1.000000 0.000000
0.903411 0.428776 0.000000 80.115971 -0.428776 0.903411 -0.000000 -32.828047 -0.000000 0.000000 1.000000 0.000000
0.902090 0.431548 0.000000 80.127011 -0.431548 0.902090 -0.000000 -32.883945 -0.000000 0.000000 1.000000 0.000000
0.902159 0.431404 0.000000 80.118133 -0.431404 0.902159 -0.000000 -32.901661 -0.000000 0.000000 1.000000 0.000000
0.904710 0.426027 0.000000 80.027444 -0.426027 0.904710 -0.000000 -32.767571 -0.000000 0.000000 1.000000 0.000000
0.905068 0.425267 0.000000 79.950222 -0.425267 0.905068 -0.000000 -32.724788 -0.000000 0.000000 1.000000 0.000000
0.907120 0.420873 0.000000 79.819241 -0.420873 0.907120 -0.000000 -32.477311 -0.000000 0.000000 1.000000 0.000000
0.906100 0.423064 0.000000 79.798920 -0.423064 0.906100 -0.000000 -32.548786 -0.000000 0.000000 1.000000 0.000000
0.906727 0.421718 0.000000 79.719442 -0.421718 0.906727 -0.000000 -32.507605 -0.000000 0.000000 1.000000 0.000000
0.908501 0.417882 0.000000 79.651921 -0.417882 0.908501 -0.000000 -32.406110 -0.000000 0.000000 1.000000 0.000000
0.910447 0.413625 0.000000 79.757006 -0.413625 0.910447 -0.000000 -32.406665 -0.000000 0.000000 1.000000 0.000000
0.912601 0.408851 0.000000 79.869910 -0.408851 0.912601 -0.000000 -32.374203 -0.000000 0.000000 1.000000 0.000000
0.912597 0.408861 0.000000 79.880253 -0.408861 0.912597 -0.000000 -32.378866 -0.000000 0.000000 1.000000 0.000000
0.914492 0.404603 0.000000 79.847930 -0.404603 0.914492 -0.000000 -32.305824 -0.000000 0.000000 1.000000 0.000000
0.914686 0.404166 0.000000 79.800029 -0.404166 0.914686 -0.000000 -32.280228 -0.000000 0.000000 1.000000 0.000000
0.914048 0.405606 0.000000 79.794613 -0.405606 0.914048 -0.000000 -32.337215 -0.000000 0.000000 1.000000 0.000000
0.914630 0.404291 0.000000 79.947360 -0.404291 0.914630 -0.000000 -32.337615 -0.000000 0.000000 1.000000 0.000000
0.917210 0.398405 0.000000 79.714769 -0.398405 0.917210 -0.000000 -32.056958 -0.000000 0.000000 1.000000 0.000000
0.917952 0.396692 0.000000 79.800488 -0.396692 0.917952 -0.000000 -32.106489 -0.000000 0.000000 1.000000 0.000000
0.917461 0.397826 0.000000 79.729123 -0.397826 0.917461 -0.000000 -32.101607 -0.000000 0.000000 1.000000 0.000000
0.918304 0.395876 0.000000 79.612656 -0.395876 0.918304 -0.000000 -32.091732 -0.000000 0.000000 1.000000 0.000000
0.919393 0.393339 0.000000 79.780030 -0.393339 0.919393 -0.000000 -32.025591 -0.000000 0.000000 1.000000 0.000000
0.920313 0.391182 0.000000 79.777385 -0.391182 0.920313 -0.000000 -32.028432 -0.000000 0.000000 1.000000 0.000000
0.920662 0.390360 0.000000 79.817626 -0.390360 0.920662 -0.000000 -32.017082 -0.000000 0.000000 1.000000 0.000000
0.920583 0.390547 0.000000 79.775969 -0.390547 0.920583 -0.000000 -32.000922 -0.000000 0.000000 1.000000 0.000000
0.921378 0.388668 0.000000 79.781408 -0.388668 0.921378 -0.000000 -32.019001 -0.000000 0.000000 1.000000 0.000000
0.920880 0.389846 0.000000 79.805293 -0.389846 0.920880 -0.000000 -32.051747 -0.000000 0.000000 1.000000 0.000000
0.921860 0.387524 0.000000 79.853788 -0.387524 0.921860 -0.000000 -32.093122 -0.000000 0.000000 1.000000 0.000000
0.922325 0.386415 0.000000 79.856088 -0.386415 0.922325 -0.000000 -32.089491 -0.000000 0.000000 1.000000 0.000000
0.922114 0.386918 0.000000 79.857632 -0.386918 0.922114 -0.000000 -32.113759 -0.000000 0.000000 1.000000 0.000000
0.922411 0.386209 0.000000 79.870117 -0.386209 0.922411 -0.000000 -32.068187 -0.000000 0.000000 1.000000 0.000000
0.922742 0.385419 0.000000 79.938342 -0.385419 0.922742 -0.000000 -31.963535 -0.000000 0.000000 1.000000 0.000000
0.922048 0.387075 0.000000 79.949745 -0.387075 0.922048 -0.000000 -31.993110 -0.000000 0.000000 1.000000 0.000000
0.921652 0.388018 0.000000 79.989961 -0.388018 0.921652 -0.000000 -32.047872 -0.000000 0.000000 1.000000 0.000000
0.921661 0.387996 0.000000 79.994248 -0.387996 0.921661 -0.000000 -32.039439 -0.000000 0.000000 1.000000 0.000000
0.921248 0.388976 0.000000 80.029833 -0.388976 0.921248 -0.000000 -32.025018 -0.000000 0.000000 1.000000 0.000000
0.921731 0.387829 0.000000 80.027283 -0.387829 0.921731 -0.000000 -32.000369 -0.000000 0.000000 1.000000 0.000000
0.921623 0.388086 0.000000 80.025884 -0.388086 0.921623 -0.000000 -31.978570 -0.000000 0.000000 1.000000 0.000000
0.921206 0.389076 0.000000 80.026965 -0.389076 0.921206 -0.000000 -31.994848 -0.000000 0.000000 1.000000 0.000000
