1.000000 0.000815 0.000000 0.773052 -0.000815 1.000000 -0.000000 -0.030721 -0.000000 0.000000 1.000000 0.000000
0.999996 0.002890 0.000000 1.329245 -0.002890 0.999996 -0.000000 -0.012284 -0.000000 0.000000 1.000000 0.000000
0.999994 0.003396 0.000000 1.727592 -0.003396 0.999994 -0.000000 0.025398 -0.000000 0.000000 1.000000 0.000000
0.999980 0.006288 0.000000 2.322389 -0.006288 0.999980 -0.000000 0.039988 -0.000000 0.000000 1.000000 0.000000
0.999947 0.010298 0.000000 3.407195 -0.010298 0.999947 -0.000000 -0.000572 -0.000000 0.000000 1.000000 0.000000
0.999917 0.012868 0.000000 3.998118 -0.012868 0.999917 -0.000000 0.008705 -0.000000 0.000000 1.000000 0.000000
0.999844 0.017643 0.000000 4.981690 -0.017643 0.999844 -0.000000 -0.008408 -0.000000 0.000000 1.000000 0.000000
0.999788 0.020613 0.000000 5.574731 -0.020613 0.999788 -0.000000 -0.023539 -0.000000 0.000000 1.000000 0.000000
0.999764 0.021736 0.000000 6.079220 -0.021736 0.999764 -0.000000 0.007301 -0.000000 0.000000 1.000000 0.000000
0.999667 0.025787 0.000000 6.462261 -0.025787 0.999667 -0.000000 0.025536 -0.000000 0.000000 1.000000 0.000000
0.999440 0.033457 0.000000 7.507487 -0.033457 0.999440 -0.000000 -0.057323 -0.000000 0.000000 1.000000 0.000000
0.999260 0.038453 0.000000 7.923191 -0.038453 0.999260 -0.000000 -0.116284 -0.000000 0.000000 1.000000 0.000000
0.999233 0.039153 0.000000 8.133327 -0.039153 0.999233 -0.000000 -0.043807 -0.000000 0.000000 1.000000 0.000000
0.999068 0.043167 0.000000 8.624893 -0.043167 0.999068 -0.000000 -0.055475 -0.000000 0.000000 1.000000 0.000000
0.998860 0.047746 0.000000 9.031618 -0.047746 0.998860 -0.000000 -0.009816 -0.000000 0.000000 1.000000 0.000000
0.998499 0.054766 0.000000 9.747338 -0.054766 0.998499 -0.000000 -0.124465 -0.000000 0.000000 1.000000 0.000000
0.998145 0.060873 0.000000 10.247595 -0.060873 0.998145 -0.000000 -0.224518 -0.000000 0.000000 1.000000 0.000000
0.997473 0.071051 0.000000 11.286748 -0.071051 0.997473 -0.000000 -0.371031 -0.000000 0.000000 1.000000 0.000000
0.996859 0.079200 0.000000 12.060790 -0.079200 0.996859 -0.000000 -0.485729 -0.000000 0.000000 1.000000 0.000000
0.996472 0.083929 0.000000 12.600363 -0.083929 0.996472 -0.000000 -0.512739 -0.000000 0.000000 1.000000 0.000000
0.996024 0.089081 0.000000 13.164749 -0.089081 0.996024 -0.000000 -0.525481 -0.000000 0.000000 1.000000 0.000000
0.994769 0.102149 0.000000 14.047329 -0.102149 0.994769 -0.000000 -0.440353 -0.000000 0.000000 1.000000 0.000000
0.993896 0.110318 0.000000 14.718482 -0.110318 0.993896 -0.000000 -0.578849 -0.000000 0.000000 1.000000 0.000000
0.992939 0.118627 0.000000 15.464271 -0.118627 0.992939 -0.000000 -0.719643 -0.000000 0.000000 1.000000 0.000000
0.991937 0.126728 0.000000 16.135568 -0.126728 0.991937 -0.000000 -0.770472 -0.000000 0.000000 1.000000 0.000000
0.991297 0.131646 0.000000 16.367080 -0.131646 0.991297 -0.000000 -0.775596 -0.000000 0.000000 1.000000 0.000000
0.990515 0.137405 0.000000 16.859930 -0.137405 0.990515 -0.000000 -0.829267 -0.000000 0.000000 1.000000 0.000000
0.989777 0.142621 0.000000 17.301567 -0.142621 0.989777 -0.000000 -0.921701 -0.000000 0.000000 1.000000 0.000000
0.988838 0.148996 0.000000 17.963155 -0.148996 0.988838 -0.000000 -1.090829 -0.000000 0.000000 1.000000 0.000000
0.986897 0.161349 0.000000 19.310845 -0.161349 0.986897 -0.000000 -1.499712 -0.000000 0.000000 1.000000 0.000000
0.984968 0.172737 0.000000 20.071806 -0.172737 0.984968 -0.000000 -1.739127 -0.000000 0.000000 1.000000 0.000000
0.983633 0.180183 0.000000 20.509840 -0.180183 0.983633 -0.000000 -1.920868 -0.000000 0.000000 1.000000 0.000000
0.982430 0.186630 0.000000 21.256680 -0.186630 0.982430 -0.000000 -2.058835 -0.000000 0.000000 1.000000 0.000000
0.981370 0.192128 0.000000 21.830958 -0.192128 0.981370 -0.000000 -2.105474 -0.000000 0.000000 1.000000 0.000000
0.979835 0.199811 0.000000 22.658927 -0.199811 0.979835 -0.000000 -2.338434 -0.000000 0.000000 1.000000 0.000000
0.978463 0.206424 0.000000 23.202581 -0.206424 0.978463 -0.000000 -2.377935 -0.000000 0.000000 1.000000 0.000000
0.977342 0.211664 0.000000 23.518449 -0.211664 0.977342 -0.000000 -2.364138 -0.000000 0.000000 1.000000 0.000000
0.975781 0.218752 0.000000 23.942633 -0.218752 0.975781 -0.000000 -2.463371 -0.000000 0.000000 1.000000 0.000000
0.973860 0.227149 0.000000 24.512203 -0.227149 0.973860 -0.000000 -2.684407 -0.000000 0.000000 1.000000 0.000000
0.972073 0.234677 0.000000 25.049501 -0.234677 0.972073 -0.000000 -2.796108 -0.000000 0.000000 1.000000 0.000000
0.970812 0.239842 0.000000 25.208606 -0.239842 0.970812 -0.000000 -2.746756 -0.000000 0.000000 1.000000 0.000000
0.969352 0.245676 0.000000 25.565942 -0.245676 0.969352 -0.000000 -2.755333 -0.000000 0.000000 1.000000 0.000000
0.967916 0.251276 0.000000 26.011871 -0.251276 0.967916 -0.000000 -2.861768 -0.000000 0.000000 1.000000 0.000000
0.966137 0.258029 0.000000 26.601013 -0.258029 0.966137 -0.000000 -3.009667 -0.000000 0.000000 1.000000 0.000000
0.964587 0.263765 0.000000 27.105044 -0.263765 0.964587 -0.000000 -3.143084 -0.000000 0.000000 1.000000 0.000000
0.961213 0.275806 0.000000 28.179238 -0.275806 0.961213 -0.000000 -3.370119 -0.000000 0.000000 1.000000 0.000000
0.959283 0.282448 0.000000 28.779517 -0.282448 0.959283 -0.000000 -3.625141 -0.000000 0.000000 1.000000 0.000000
0.957370 0.288864 0.000000 29.437087 -0.288864 0.957370 -0.000000 -3.804183 -0.000000 0.000000 1.000000 0.000000
0.952431 0.304755 0.000000 30.627001 -0.304755 0.952431 -0.000000 -4.201863 -0.000000 0.000000 1.000000 0.000000
0.950824 0.309731 0.000000 30.996438 -0.309731 0.950824 -0.000000 -4.463985 -0.000000 0.000000 1.000000 0.000000
0.949362 0.314184 0.000000 31.491748 -0.314184 0.949362 -0.000000 -4.520982 -0.000000 0.000000 1.000000 0.000000
0.946502 0.322699 0.000000 32.134922 -0.322699 0.946502 -0.000000 -4.758251 -0.000000 0.000000 1.000000 0.000000
0.944772 0.327728 0.000000 32.608706 -0.327728 0.944772 -0.000000 -4.922009 -0.000000 0.000000 1.000000 0.000000
0.944814 0.327608 0.000000 32.726135 -0.327608 0.944814 -0.000000 -4.954115 -0.000000 0.000000 1.000000 0.000000
0.942278 0.334832 0.000000 33.111657 -0.334832 0.942278 -0.000000 -5.114091 -0.000000 0.000000 1.000000 0.000000
0.941837 0.336070 0.000000 33.377325 -0.336070 0.941837 -0.000000 -5.165801 -0.000000 0.000000 1.000000 0.000000
0.938686 0.344774 0.000000 34.074090 -0.344774 0.938686 -0.000000 -5.442157 -0.000000 0.000000 1.000000 0.000000
0.937352 0.348383 0.000000 34.357625 -0.348383 0.937352 -0.000000 -5.558225 -0.000000 0.000000 1.000000 0.000000
0.935233 0.354034 0.000000 34.951892 -0.354034 0.935233 -0.000000 -5.882144 -0.000000 0.000000 1.000000 0.000000
0.933510 0.358551 0.000000 35.546917 -0.358551 0.933510 -0.000000 -6.099620 -0.000000 0.000000 1.000000 0.000000
0.930842 0.365421 0.000000 36.336262 -0.365421 0.930842 -0.000000 -6.364249 -0.000000 0.000000 1.000000 0.000000
0.929496 0.368832 0.000000 36.755250 -0.368832 0.929496 -0.000000 -6.430237 -0.000000 0.000000 1.000000 0.000000
0.927629 0.373502 0.000000 37.209474 -0.373502 0.927629 -0.000000 -6.665114 -0.000000 0.000000 1.000000 0.000000
0.925804 0.378005 0.000000 37.734007 -0.378005 0.925804 -0.000000 -6.888025 -0.000000 0.000000 1.000000 0.000000
0.922686 0.385552 0.000000 38.380512 -0.385552 0.922686 -0.000000 -7.137309 -0.000000 0.000000 1.000000 0.000000
0.920494 0.390758 0.000000 38.854872 -0.390758 0.920494 -0.000000 -7.340800 -0.000000 0.000000 1.000000 0.000000
0.917028 0.398823 0.000000 39.304874 -0.398823 0.917028 -0.000000 -7.594104 -0.000000 0.000000 1.000000 0.000000
0.915011 0.403429 0.000000 39.876572 -0.403429 0.915011 -0.000000 -7.716602 -0.000000 0.000000 1.000000 0.000000
0.912931 0.408113 0.000000 40.360791 -0.408113 0.912931 -0.000000 -7.835312 -0.000000 0.000000 1.000000 0.000000
0.911458 0.411394 0.000000 40.687964 -0.411394 0.911458 -0.000000 -7.939314 -0.000000 0.000000 1.000000 0.000000
0.909818 0.415007 0.000000 41.134978 -0.415007 0.909818 -0.000000 -7.970704 -0.000000 0.000000 1.000000 0.000000
0.907279 0.420528 0.000000 41.660148 -0.420528 0.907279 -0.000000 -8.183639 -0.000000 0.000000 1.000000 0.000000
0.903130 0.429366 0.000000 42.410075 -0.429366 0.903130 -0.000000 -8.469045 -0.000000 0.000000 1.000000 0.000000
0.900887 0.434053 0.000000 42.868875 -0.434053 0.900887 -0.000000 -8.606975 -0.000000 0.000000 1.000000 0.000000
0.895954 0.444148 0.000000 43.738953 -0.444148 0.895954 -0.000000 -9.105209 -0.000000 0.000000 1.000000 0.000000
0.892362 0.451321 0.000000 44.672702 -0.451321 0.892362 -0.000000 -9.384995 -0.000000 0.000000 1.000000 0.000000
0.888345 0.459177 0.000000 45.386416 -0.459177 0.888345 -0.000000 -9.636263 -0.000000 0.000000 1.000000 0.000000
0.888643 0.458600 0.000000 45.447039 -0.458600 0.888643 -0.000000 -9.818747 -0.000000 0.000000 1.000000 0.000000
0.885998 0.463690 0.000000 45.718475 -0.463690 0.885998 -0.000000 -10.074478 -0.000000 0.000000 1.000000 0.000000
0.883807 0.467851 0.000000 46.248502 -0.467851 0.883807 -0.000000 -10.360034 -0.000000 0.000000 1.000000 0.000000
0.881795 0.471633 0.000000 46.709996 -0.471633 0.881795 -0.000000 -10.724622 -0.000000 0.000000 1.000000 0.000000
0.880189 0.474623 0.000000 47.141929 -0.474623 0.880189 -0.000000 -10.922049 -0.000000 0.000000 1.000000 0.000000
0.878792 0.477206 0.000000 47.757395 -0.477206 0.878792 -0.000000 -11.144458 -0.000000 0.000000 1.000000 0.000000
0.876243 0.481869 0.000000 48.254521 -0.481869 0.876243 -0.000000 -11.427556 -0.000000 0.000000 1.000000 0.000000
0.873485 0.486850 0.000000 48.863158 -0.486850 0.873485 -0.000000 -11.763809 -0.000000 0.000000 1.000000 0.000000
0.871457 0.490471 0.000000 49.342761 -0.490471 0.871457 -0.000000 -11.809279 -0.000000 0.000000 1.000000 0.000000
0.869219 0.494427 0.000000 49.837669 -0.494427 0.869219 -0.000000 -12.084785 -0.000000 0.000000 1.000000 0.000000
0.867249 0.497875 0.000000 50.264219 -0.497875 0.867249 -0.000000 -12.343844 -0.000000 0.000000 1.000000 0.000000
0.865933 0.500160 0.000000 50.655601 -0.500160 0.865933 -0.000000 -12.517117 -0.000000 0.000000 1.000000 0.000000
0.863634 0.504120 0.000000 51.218875 -0.504120 0.863634 -0.000000 -12.705048 -0.000000 0.000000 1.000000 0.000000
0.860371 0.509668 0.000000 51.565588 -0.509668 0.860371 -0.000000 -12.898652 -0.000000 0.000000 1.000000 0.000000
0.857495 0.514492 0.000000 51.923060 -0.514492 0.857495 -0.000000 -13.134630 -0.000000 0.000000 1.000000 0.000000
0.857792 0.513997 0.000000 52.289509 -0.513997 0.857792 -0.000000 -13.289196 -0.000000 0.000000 1.000000 0.000000
0.852686 0.522424 0.000000 53.008379 -0.522424 0.852686 -0.000000 -13.651331 -0.000000 0.000000 1.000000 0.000000
0.852284 0.523080 0.000000 53.245875 -0.523080 0.852284 -0.000000 -13.685628 -0.000000 0.000000 1.000000 0.000000
0.851255 0.524751 0.000000 53.537483 -0.524751 0.851255 -0.000000 -13.928040 -0.000000 0.000000 1.000000 0.000000
0.847947 0.530081 0.000000 53.710751 -0.530081 0.847947 -0.000000 -14.115495 -0.000000 0.000000 1.000000 0.000000
0.843445 0.537216 0.000000 54.185990 -0.537216 0.843445 -0.000000 -14.460727 -0.000000 0.000000 1.000000 0.000000
0.839968 0.542636 0.000000 54.383002 -0.542636 0.839968 -0.000000 -14.599320 -0.000000 0.000000 1.000000 0.000000
0.836915 0.547333 0.000000 54.724452 -0.547333 0.836915 -0.000000 -14.830947 -0.000000 0.000000 1.000000 0.000000
0.834917 0.550376 0.000000 54.692577 -0.550376 0.834917 -0.000000 -14.903686 -0.000000 0.000000 1.000000 0.000000
0.832938 0.553366 0.000000 54.955522 -0.553366 0.832938 -0.000000 -15.070729 -0.000000 0.000000 1.000000 0.000000
0.829978 0.557796 0.000000 55.286029 -0.557796 0.829978 -0.000000 -15.296398 -0.000000 0.000000 1.000000 0.000000
0.826048 0.563600 0.000000 55.737328 -0.563600 0.826048 -0.000000 -15.556919 -0.000000 0.000000 1.000000 0.000000
0.824350 0.566081 0.000000 56.141821 -0.566081 0.824350 -0.000000 -15.730618 -0.000000 0.000000 1.000000 0.000000
0.821981 0.569515 0.000000 56.428048 -0.569515 0.821981 -0.000000 -15.880107 -0.000000 0.000000 1.000000 0.000000
0.819193 0.573519 0.000000 56.875912 -0.573519 0.819193 -0.000000 -16.251462 -0.000000 0.000000 1.000000 0.000000
0.816804 0.576915 0.000000 57.235218 -0.576915 0.816804 -0.000000 -16.416520 -0.000000 0.000000 1.000000 0.000000
0.809507 0.587110 0.000000 57.805052 -0.587110 0.809507 -0.000000 -16.904599 -0.000000 0.000000 1.000000 0.000000
0.806233 0.591599 0.000000 58.166559 -0.591599 0.806233 -0.000000 -17.229943 -0.000000 0.000000 1.000000 0.000000
0.806199 0.591644 0.000000 58.409323 -0.591644 0.806199 -0.000000 -17.402798 -0.000000 0.000000 1.000000 0.000000
0.803946 0.594703 0.000000 58.690827 -0.594703 0.803946 -0.000000 -17.717595 -0.000000 0.000000 1.000000 0.000000
0.800723 0.599034 0.000000 58.885817 -0.599034 0.800723 -0.000000 -17.938075 -0.000000 0.000000 1.000000 0.000000
0.799778 0.600296 0.000000 59.133657 -0.600296 0.799778 -0.000000 -18.128794 -0.000000 0.000000 1.000000 0.000000
0.796631 0.604466 0.000000 59.631259 -0.604466 0.796631 -0.000000 -18.481901 -0.000000 0.000000 1.000000 0.000000
0.795282 0.606239 0.000000 59.898098 -0.606239 0.795282 -0.000000 -18.637194 -0.000000 0.000000 1.000000 0.000000
0.793294 0.608838 0.000000 60.126465 -0.608838 0.793294 -0.000000 -18.908594 -0.000000 0.000000 1.000000 0.000000
0.792930 0.609312 0.000000 60.330156 -0.609312 0.792930 -0.000000 -19.081966 -0.000000 0.000000 1.000000 0.000000
0.789771 0.613401 0.000000 60.557359 -0.613401 0.789771 -0.000000 -19.282893 -0.000000 0.000000 1.000000 0.000000
0.787592 0.616197 0.000000 60.790733 -0.616197 0.787592 -0.000000 -19.472700 -0.000000 0.000000 1.000000 0.000000
0.785007 0.619487 0.000000 61.355630 -0.619487 0.785007 -0.000000 -19.845879 -0.000000 0.000000 1.000000 0.000000
0.783278 0.621672 0.000000 61.460702 -0.621672 0.783278 -0.000000 -19.973191 -0.000000 0.000000 1.000000 0.000000
0.781439 0.623981 0.000000 61.743351 -0.623981 0.781439 -0.000000 -20.180907 -0.000000 0.000000 1.000000 0.000000
0.778156 0.628071 0.000000 62.128947 -0.628071 0.778156 -0.000000 -20.417942 -0.000000 0.000000 1.000000 0.000000
0.779821 0.626003 0.000000 62.549580 -0.626003 0.779821 -0.000000 -20.442879 -0.000000 0.000000 1.000000 0.000000
0.779161 0.626824 0.000000 62.750298 -0.626824 0.779161 -0.000000 -20.665339 -0.000000 0.000000 1.000000 0.000000
0.777338 0.629083 0.000000 62.760547 -0.629083 0.777338 -0.000000 -20.741998 -0.000000 0.000000 1.000000 0.000000
0.775248 0.631657 0.000000 63.031553 -0.631657 0.775248 -0.000000 -20.908402 -0.000000 0.000000 1.000000 0.000000
0.774286 0.632835 0.000000 63.217295 -0.632835 0.774286 -0.000000 -21.077206 -0.000000 0.000000 1.000000 0.000000
0.771957 0.635674 0.000000 63.366196 -0.635674 0.771957 -0.000000 -21.270202 -0.000000 0.000000 1.000000 0.000000
0.769644 0.638473 0.000000 63.404925 -0.638473 0.769644 -0.000000 -21.433271 -0.000000 0.000000 1.000000 0.000000
0.771532 0.636190 0.000000 63.757397 -0.636190 0.771532 -0.000000 -21.487592 -0.000000 0.000000 1.000000 0.000000
0.771600 0.636107 0.000000 63.851202 -0.636107 0.771600 -0.000000 -21.566774 -0.000000 0.000000 1.000000 0.000000
0.771161 0.636640 0.000000 64.055054 -0.636640 0.771161 -0.000000 -21.683784 -0.000000 0.000000 1.000000 0.000000
0.770109 0.637912 0.000000 64.206327 -0.637912 0.770109 -0.000000 -21.816221 -0.000000 0.000000 1.000000 0.000000
0.769255 0.638942 0.000000 64.324436 -0.638942 0.769255 -0.000000 -21.886540 -0.000000 0.000000 1.000000 0.000000
0.768497 0.639854 0.000000 64.478806 -0.639854 0.768497 -0.000000 -22.027402 -0.000000 0.000000 1.000000 0.000000
0.766925 0.641736 0.000000 64.960323 -0.641736 0.766925 -0.000000 -22.250521 -0.000000 0.000000 1.000000 0.000000
0.764440 0.644695 0.000000 65.123757 -0.644695 0.764440 -0.000000 -22.391154 -0.000000 0.000000 1.000000 0.000000
0.761331 0.648364 0.000000 65.481952 -0.648364 0.761331 -0.000000 -22.644397 -0.000000 0.000000 1.000000 0.000000
0.761444 0.648231 0.000000 65.623913 -0.648231 0.761444 -0.000000 -22.791067 -0.000000 0.000000 1.000000 0.000000
0.760843 0.648936 0.000000 65.803993 -0.648936 0.760843 -0.000000 -22.918040 -0.000000 0.000000 1.000000 0.000000
0.759095 0.650980 0.000000 65.897042 -0.650980 0.759095 -0.000000 -23.048575 -0.000000 0.000000 1.000000 0.000000
0.758884 0.651226 0.000000 66.005542 -0.651226 0.758884 -0.000000 -23.139676 -0.000000 0.000000 1.000000 0.000000
0.753834 0.657065 0.000000 66.118356 -0.657065 0.753834 -0.000000 -23.318113 -0.000000 0.000000 1.000000 0.000000
0.753895 0.656994 0.000000 66.274309 -0.656994 0.753895 -0.000000 -23.438262 -0.000000 0.000000 1.000000 0.000000
0.752592 0.658488 0.000000 66.447748 -0.658488 0.752592 -0.000000 -23.540643 -0.000000 0.000000 1.000000 0.000000
0.750413 0.660969 0.000000 66.726206 -0.660969 0.750413 -0.000000 -23.699085 -0.000000 0.000000 1.000000 0.000000
0.748280 0.663383 0.000000 66.865293 -0.663383 0.748280 -0.000000 -23.797913 -0.000000 0.000000 1.000000 0.000000
0.742610 0.669724 0.000000 67.113640 -0.669724 0.742610 -0.000000 -24.032638 -0.000000 0.000000 1.000000 0.000000
0.738303 0.674470 0.000000 67.355352 -0.674470 0.738303 -0.000000 -24.229024 -0.000000 0.000000 1.000000 0.000000
0.736499 0.676439 0.000000 67.514121 -0.676439 0.736499 -0.000000 -24.370374 -0.000000 0.000000 1.000000 0.000000
0.733935 0.679219 0.000000 67.554428 -0.679219 0.733935 -0.000000 -24.398214 -0.000000 0.000000 1.000000 0.000000
0.734369 0.678750 0.000000 67.695472 -0.678750 0.734369 -0.000000 -24.544527 -0.000000 0.000000 1.000000 0.000000
0.731895 0.681417 0.000000 67.839989 -0.681417 0.731895 -0.000000 -24.692603 -0.000000 0.000000 1.000000 0.000000
0.732375 0.680901 0.000000 67.969381 -0.680901 0.732375 -0.000000 -24.799810 -0.000000 0.000000 1.000000 0.000000
0.727641 0.685958 0.000000 67.865125 -0.685958 0.727641 -0.000000 -24.869230 -0.000000 0.000000 1.000000 0.000000
0.725735 0.687974 0.000000 67.978368 -0.687974 0.725735 -0.000000 -24.910036 -0.000000 0.000000 1.000000 0.000000
0.723000 0.690848 0.000000 68.140304 -0.690848 0.723000 -0.000000 -25.031176 -0.000000 0.000000 1.000000 0.000000
0.720039 0.693933 0.000000 68.302094 -0.693933 0.720039 -0.000000 -25.177236 -0.000000 0.000000 1.000000 0.000000
0.719328 0.694671 0.000000 68.504802 -0.694671 0.719328 -0.000000 -25.265526 -0.000000 0.000000 1.000000 0.000000
0.717210 0.696857 0.000000 68.523217 -0.696857 0.717210 -0.000000 -25.275649 -0.000000 0.000000 1.000000 0.000000
0.714950 0.699175 0.000000 68.722597 -0.699175 0.714950 -0.000000 -25.585365 -0.000000 0.000000 1.000000 0.000000
0.711848 0.702334 0.000000 69.217033 -0.702334 0.711848 -0.000000 -25.867147 -0.000000 0.000000 1.000000 0.000000
0.710133 0.704067 0.000000 69.262210 -0.704067 0.710133 -0.000000 -25.993060 -0.000000 0.000000 1.000000 0.000000
0.707066 0.707147 0.000000 69.574963 -0.707147 0.707066 -0.000000 -26.323980 -0.000000 0.000000 1.000000 0.000000
0.704092 0.710109 0.000000 69.840504 -0.710109 0.704092 -0.000000 -26.493345 -0.000000 0.000000 1.000000 0.000000
0.701131 0.713033 0.000000 69.861235 -0.713033 0.701131 -0.000000 -26.593003 -0.000000 0.000000 1.000000 0.000000
0.699236 0.714891 0.000000 70.036581 -0.714891 0.699236 -0.000000 -26.778330 -0.000000 0.000000 1.000000 0.000000
0.695318 0.718702 0.000000 70.334273 -0.718702 0.695318 -0.000000 -27.065392 -0.000000 0.000000 1.000000 0.000000
0.694898 0.719108 0.000000 70.574414 -0.719108 0.694898 -0.000000 -27.206682 -0.000000 0.000000 1.000000 0.000000
0.695422 0.718602 0.000000 70.771902 -0.718602 0.695422 -0.000000 -27.279688 -0.000000 0.000000 1.000000 0.000000
0.692358 0.721554 0.000000 70.890792 -0.721554 0.692358 -0.000000 -27.504990 -0.000000 0.000000 1.000000 0.000000
0.695040 0.718971 0.000000 71.173631 -0.718971 0.695040 -0.000000 -27.513159 -0.000000 0.000000 1.000000 0.000000
0.691959 0.721937 0.000000 71.324157 -0.721937 0.691959 -0.000000 -27.677090 -0.000000 0.000000 1.000000 0.000000
0.687332 0.726343 0.000000 71.365146 -0.726343 0.687332 -0.000000 -27.891366 -0.000000 0.000000 1.000000 0.000000
0.680987 0.732296 0.000000 71.461019 -0.732296 0.680987 -0.000000 -28.316629 -0.000000 0.000000 1.000000 0.000000
0.677008 0.735976 0.000000 71.660971 -0.735976 0.677008 -0.000000 -28.592975 -0.000000 0.000000 1.000000 0.000000
0.674286 0.738471 0.000000 71.822336 -0.738471 0.674286 -0.000000 -28.771156 -0.000000 0.000000 1.000000 0.000000
0.672824 0.739803 0.000000 71.905107 -0.739803 0.672824 -0.000000 -29.025737 -0.000000 0.000000 1.000000 0.000000
0.670479 0.741929 0.000000 72.082903 -0.741929 0.670479 -0.000000 -29.226353 -0.000000 0.000000 1.000000 0.000000
0.673767 0.738944 0.000000 72.325972 -0.738944 0.673767 -0.000000 -29.231409 -0.000000 0.000000 1.000000 0.000000
0.672749 0.739871 0.000000 72.461547 -0.739871 0.672749 -0.000000 -29.440490 -0.000000 0.000000 1.000000 0.000000
0.669912 0.742440 0.000000 72.452858 -0.742440 0.669912 -0.000000 -29.645552 -0.000000 0.000000 1.000000 0.000000
0.668087 0.744083 0.000000 72.605571 -0.744083 0.668087 -0.000000 -29.933850 -0.000000 0.000000 1.000000 0.000000
0.667439 0.744664 0.000000 72.894771 -0.744664 0.667439 -0.000000 -30.194286 -0.000000 0.000000 1.000000 0.000000
0.667678 0.744450 0.000000 73.081651 -0.744450 0.667678 -0.000000 -30.385850 -0.000000 0.000000 1.000000 0.000000
0.668425 0.743780 0.000000 73.210149 -0.743780 0.668425 -0.000000 -30.634507 -0.000000 0.000000 1.000000 0.000000
0.666824 0.745215 0.000000 73.350716 -0.745215 0.666824 -0.000000 -30.895516 -0.000000 0.000000 1.000000 0.000000
0.670776 0.741660 0.000000 73.504755 -0.741660 0.670776 -0.000000 -31.091216 -0.000000 0.000000 1.000000 0.000000
0.673567 0.739126 0.000000 73.641537 -0.739126 0.673567 -0.000000 -31.236895 -0.000000 0.000000 1.000000 0.000000
0.675613 0.737256 0.000000 73.838495 -0.737256 0.675613 -0.000000 -31.401915 -0.000000 0.000000 1.000000 0.000000
0.676818 0.736151 0.000000 73.826970 -0.736151 0.676818 -0.000000 -31.444866 -0.000000 0.000000 1.000000 0.000000
0.677315 0.735693 0.000000 73.974247 -0.735693 0.677315 -0.000000 -31.612053 -0.000000 0.000000 1.000000 0.000000
0.677980 0.735080 0.000000 74.345856 -0.735080 0.677980 -0.000000 -31.932848 -0.000000 0.000000 1.000000 0.000000
0.680299 0.732934 0.000000 74.531695 -0.732934 0.680299 -0.000000 -32.084275 -0.000000 0.000000 1.000000 0.000000
0.682473 0.730911 0.000000 74.639278 -0.730911 0.682473 -0.000000 -32.179914 -0.000000 0.000000 1.000000 0.000000
0.683965 0.729515 0.000000 74.838408 -0.729515 0.683965 -0.000000 -32.324333 -0.000000 0.000000 1.000000 0.000000
0.687457 0.726225 0.000000 75.035309 -0.726225 0.687457 -0.000000 -32.399439 -0.000000 0.000000 1.000000 0.000000
0.686605 0.727031 0.000000 75.114797 -0.727031 0.686605 -0.000000 -32.645577 -0.000000 0.000000 1.000000 0.000000
0.688600 0.725141 0.000000 75.351026 -0.725141 0.688600 -0.000000 -32.895581 -0.000000 0.000000 1.000000 0.000000
0.696021 0.718021 0.000000 75.578981 -0.718021 0.696021 -0.000000 -32.897969 -0.000000 0.000000 1.000000 0.000000
0.696104 0.717941 0.000000 75.768624 -0.717941 0.696104 -0.000000 -33.103085 -0.000000 0.000000 1.000000 0.000000
0.700698 0.713458 0.000000 75.892330 -0.713458 0.700698 -0.000000 -33.193422 -0.000000 0.000000 1.000000 0.000000
0.702973 0.711216 0.000000 76.023168 -0.711216 0.702973 -0.000000 -33.302643 -0.000000 0.000000 1.000000 0.000000
0.708003 0.706209 0.000000 76.273679 -0.706209 0.708003 -0.000000 -33.421909 -0.000000 0.000000 1.000000 0.000000
0.710700 0.703495 0.000000 76.394415 -0.703495 0.710700 -0.000000 -33.538874 -0.000000 0.000000 1.000000 0.000000
0.719028 0.694981 0.000000 76.827604 -0.694981 0.719028 -0.000000 -33.780756 -0.000000 0.000000 1.000000 0.000000
0.722930 0.690921 0.000000 76.880378 -0.690921 0.722930 -0.000000 -33.888896 -0.000000 0.000000 1.000000 0.000000
0.725919 0.687781 0.000000 77.081819 -0.687781 0.725919 -0.000000 -34.042368 -0.000000 0.000000 1.000000 0.000000
0.731269 0.682089 0.000000 77.439794 -0.682089 0.731269 -0.000000 -34.317506 -0.000000 0.000000 1.000000 0.000000
0.741440 0.671020 0.000000 77.753144 -0.671020 0.741440 -0.000000 -34.563868 -0.000000 0.000000 1.000000 0.000000
0.745848 0.666116 0.000000 77.986754 -0.666116 0.745848 -0.000000 -34.676735 -0.000000 0.000000 1.000000 0.000000
0.752144 0.658998 0.000000 78.087069 -0.658998 0.752144 -0.000000 -34.724986 -0.000000 0.000000 1.000000 0.000000
0.758048 0.652199 0.000000 78.279263 -0.652199 0.758048 -0.000000 -34.991184 -0.000000 0.000000 1.000000 0.000000
0.762498 0.646991 0.000000 78.299341 -0.646991 0.762498 -0.000000 -35.090096 -0.000000 0.000000 1.000000 0.000000
0.765497 0.643439 0.000000 78.396612 -0.643439 0.765497 -0.000000 -35.170914 -0.000000 0.000000 1.000000 0.000000
0.768019 0.640427 0.000000 78.585384 -0.640427 0.768019 -0.000000 -35.253852 -0.000000 0.000000 1.000000 0.000000
0.773146 0.634228 0.000000 78.731769 -0.634228 0.773146 -0.000000 -35.381098 -0.000000 0.000000 1.000000 0.000000
0.778027 0.628231 0.000000 79.056413 -0.628231 0.778027 -0.000000 -35.651735 -0.000000 0.000000 1.000000 0.000000
0.781332 0.624116 0.000000 79.203506 -0.624116 0.781332 -0.000000 -35.623790 -0.000000 0.000000 1.000000 0.000000
0.785369 0.619028 0.000000 79.245811 -0.619028 0.785369 -0.000000 -35.626965 -0.000000 0.000000 1.000000 0.000000
0.788866 0.614565 0.000000 79.475509 -0.614565 0.788866 -0.000000 -35.808810 -0.000000 0.000000 1.000000 0.000000
0.793092 0.609101 0.000000 79.644556 -0.609101 0.793092 -0.000000 -35.920500 -0.000000 0.000000 1.000000 0.000000
0.792924 0.609321 0.000000 79.688825 -0.609321 0.792924 -0.000000 -36.108638 -0.000000 0.000000 1.000000 0.000000
0.798066 0.602570 0.000000 79.827690 -0.602570 0.798066 -0.000000 -36.222466 -0.000000 0.000000 1.000000 0.000000
0.800524 0.599301 0.000000 79.896136 -0.599301 0.800524 -0.000000 -36.316796 -0.000000 0.000000 1.000000 0.000000
0.803041 0.595924 0.000000 79.956856 -0.595924 0.803041 -0.000000 -36.363326 -0.000000 0.000000 1.000000 0.000000
0.806009 0.591903 0.000000 79.902165 -0.591903 0.806009 -0.000000 -36.316470 -0.000000 0.000000 1.000000 0.000000
0.806441 0.591315 0.000000 79.899486 -0.591315 0.806441 -0.000000 -36.314705 -0.000000 0.000000 1.000000 0.000000
0.808307 0.588762 0.000000 80.071888 -0.588762 0.808307 -0.000000 -36.433864 -0.000000 0.000000 1.000000 0.000000
0.809471 0.587160 0.000000 80.081641 -0.587160 0.809471 -0.000000 -36.474123 -0.000000 0.000000 1.000000 0.000000
0.811950 0.583727 0.000000 80.147835 -0.583727 0.811950 -0.000000 -36.486088 -0.000000 0.000000 1.000000 0.000000
0.813503 0.581561 0.000000 80.337619 -0.581561 0.813503 -0.000000 -36.560895 -0.000000 0.000000 1.000000 0.000000
0.816189 0.577786 0.000000 80.220633 -0.577786 0.816189 -0.000000 -36.457832 -0.000000 0.000000 1.000000 0.000000
0.817988 0.575236 0.000000 80.275432 -0.575236 0.817988 -0.000000 -36.405636 -0.000000 0.000000 1.000000 0.000000
0.819189 0.573524 0.000000 80.297984 -0.573524 0.819189 -0.000000 -36.420180 -0.000000 0.000000 1.000000 0.000000
0.819862 0.572561 0.000000 80.327782 -0.572561 0.819862 -0.000000 -36.430971 -0.000000 0.000000 1.000000 0.000000
0.819130 0.573608 0.000000 80.419467 -0.573608 0.819130 -0.000000 -36.493910 -0.000000 0.000000 1.000000 0.000000
0.818454 0.574573 0.000000 80.419863 -0.574573 0.818454 -0.000000 -36.507429 -0.000000 0.000000 1.000000 0.000000
0.819130 0.573607 0.000000 80.523463 -0.573607 0.819130 -0.000000 -36.623055 -0.000000 0.000000 1.000000 0.000000
0.819129 0.573609 0.000000 80.480826 -0.573609 0.819129 -0.000000 -36.626814 -0.000000 0.000000 1.000000 0.000000
0.818575 0.574400 0.000000 80.447572 -0.574400 0.818575 -0.000000 -36.698772 -0.000000 0.000000 1.000000 0.000000
0.818553 0.574431 0.000000 80.474281 -0.574431 0.818553 -0.000000 -36.700621 -0.000000 0.000000 1.000000 0.000000
0.816603 0.577199 0.000000 80.328762 -0.577199 0.816603 -0.000000 -36.767760 -0.000000 0.000000 1.000000 0.000000
0.816536 0.577294 0.000000 80.342465 -0.577294 0.816536 -0.000000 -36.823967 -0.000000 0.000000 1.000000 0.000000
0.815906 0.578185 0.000000 80.360592 -0.578185 0.815906 -0.000000 -36.827062 -0.000000 0.000000 1.000000 0.000000
0.815980 0.578080 0.000000 80.383619 -0.578080 0.815980 -0.000000 -36.823661 -0.000000 0.000000 1.000000 0.000000
0.815979 0.578081 0.000000 80.355598 -0.578081 0.815979 -0.000000 -36.848596 -0.000000 0.000000 1.000000 0.000000
0.815742 0.578416 0.000000 80.352029 -0.578416 0.815742 -0.000000 -36.835541 -0.000000 0.000000 1.000000 0.000000
0.815172 0.579219 0.000000 80.377043 -0.579219 0.815172 -0.000000 -36.805779 -0.000000 0.000000 1.000000 0.000000
0.815641 0.578558 0.000000 80.417205 -0.578558 0.815641 -0.000000 -36.837037 -0.000000 0.000000 1.000000 0.000000
0.815235 0.579130 0.000000 80.410926 -0.579130 0.815235 -0.000000 -36.845330 -0.000000 0.000000 1.000000 0.000000
0.815007 0.579450 0.000000 80.372072 -0.579450 0.815007 -0.000000 -36.832947 -0.000000 0.000000 1.000000 0.000000
0.815413 0.578880 0.000000 80.369545 -0.578880 0.815413 -0.000000 -36.828620 -0.000000 0.000000 1.000000 0.000000
0.815819 0.578307 0.000000 80.385840 -0.578307 0.815819 -0.000000 -36.838659 -0.000000 0.000000 1.000000 0.000000
0.815846 0.578270 0.000000 80.388556 -0.578270 0.815846 -0.000000 -36.839172 -0.000000 0.000000 1.000000 0.000000
0.816312 0.577611 0.000000 80.399174 -0.577611 0.816312 -0.000000 -36.841763 -0.000000 0.000000 1.000000 0.000000
0.816269 0.577672 0.000000 80.399329 -0.577672 0.816269 -0.000000 -36.841541 -0.000000 0.000000 1.000000 0.000000
0.816427 0.577448 0.000000 80.360918 -0.577448 0.816427 -0.000000 -36.860390 -0.000000 0.000000 1.000000 0.000000
0.816439 0.577431 0.000000 80.360701 -0.577431 0.816439 -0.000000 -36.860923 -0.000000 0.000000 1.000000 0.000000
0.816435 0.577438 0.000000 80.362007 -0.577438 0.816435 -0.000000 -36.862963 -0.000000 0.000000 1.000000 0.000000
0.816412 0.577470 0.000000 80.365605 -0.577470 0.816412 -0.000000 -36.866121 -0.000000 0.000000 1.000000 0.000000
0.817011 0.576623 0.000000 80.341336 -0.576623 0.817011 -0.000000 -36.852519 -0.000000 0.000000 1.000000 0.000000
0.816771 0.576962 0.000000 80.341387 -0.576962 0.816771 -0.000000 -36.852547 -0.000000 0.000000 1.000000 0.000000
0.816752 0.576990 0.000000 80.324439 -0.576990 0.816752 -0.000000 -36.851223 -0.000000 0.000000 1.000000 0.000000
0.816360 0.577544 0.000000 80.321010 -0.577544 0.816360 -0.000000 -36.891750 -0.000000 0.000000 1.000000 0.000000
0.816660 0.577119 0.000000 80.338343 -0.577119 0.816660 -0.000000 -36.873674 -0.000000 0.000000 1.000000 0.000000
0.816870 0.576821 0.000000 80.332631 -0.576821 0.816870 -0.000000 -36.859662 -0.000000 0.000000 1.000000 0.000000
0.817390 0.576085 0.000000 80.431634 -0.576085 0.817390 -0.000000 -36.902005 -0.000000 0.000000 1.000000 0.000000
0.817518 0.575904 0.000000 80.427983 -0.575904 0.817518 -0.000000 -36.897425 -0.000000 0.000000 1.000000 0.000000
0.818597 0.574368 0.000000 80.412737 -0.574368 0.818597 -0.000000 -36.862359 -0.000000 0.000000 1.000000 0.000000
0.819095 0.573659 0.000000 80.415407 -0.573659 0.819095 -0.000000 -36.845105 -0.000000 0.000000 1.000000 0.000000
0.819655 0.572857 0.000000 80.379694 -0.572857 0.819655 -0.000000 -36.809364 -0.000000 0.000000 1.000000 0.000000
0.819499 0.573080 0.000000 80.392354 -0.573080 0.819499 -0.000000 -36.839300 -0.000000 0.000000 1.000000 0.000000
0.817196 0.576359 0.000000 80.404680 -0.576359 0.817196 -0.000000 -36.907776 -0.000000 0.000000 1.000000 0.000000
0.818910 0.573922 0.000000 80.448021 -0.573922 0.818910 -0.000000 -36.856465 -0.000000 0.000000 1.000000 0.000000
0.819225 0.573472 0.000000 80.436439 -0.573472 0.819225 -0.000000 -36.836184 -0.000000 0.000000 1.000000 0.000000
0.819076 0.573685 0.000000 80.385813 -0.573685 0.819076 -0.000000 -36.838134 -0.000000 0.000000 1.000000 0.000000
0.818960 0.573851 0.000000 80.399970 -0.573851 0.818960 -0.000000 -36.881515 -0.000000 0.000000 1.000000 0.000000
0.819385 0.573243 0.000000 80.421502 -0.573243 0.819385 -0.000000 -36.860079 -0.000000 0.000000 1.000000 0.000000
0.819236 0.573456 0.000000 80.426951 -0.573456 0.819236 -0.000000 -36.870392 -0.000000 0.000000 1.000000 0.000000
0.818610 0.574350 0.000000 80.411163 -0.574350 0.818610 -0.000000 -36.939114 -0.000000 0.000000 1.000000 0.000000
0.818264 0.574842 0.000000 80.487223 -0.574842 0.818264 -0.000000 -37.027279 -0.000000 0.000000 1.000000 0.000000
0.818704 0.574216 0.000000 80.466019 -0.574216 0.818704 -0.000000 -36.994290 -0.000000 0.000000 1.000000 0.000000
0.817453 0.575995 0.000000 80.502610 -0.575995 0.817453 -0.000000 -37.038503 -0.000000 0.000000 1.000000 0.000000
0.818100 0.575075 0.000000 80.512156 -0.575075 0.818100 -0.000000 -37.023515 -0.000000 0.000000 1.000000 0.000000
0.817787 0.575520 0.000000 80.530547 -0.575520 0.817787 -0.000000 -37.020874 -0.000000 0.000000 1.000000 0.000000
0.818458 0.574567 0.000000 80.479829 -0.574567 0.818458 -0.000000 -37.011821 -0.000000 0.000000 1.000000 0.000000
0.819571 0.572978 0.000000 80.264424 -0.572978 0.819571 -0.000000 -36.871835 -0.000000 0.000000 1.000000 0.000000
0.819336 0.573313 0.000000 80.281551 -0.573313 0.819336 -0.000000 -36.886117 -0.000000 0.000000 1.000000 0.000000
0.819334 0.573316 0.000000 80.289663 -0.573316 0.819334 -0.000000 -36.899937 -0.000000 0.000000 1.000000 0.000000
0.819607 0.572927 0.000000 80.285934 -0.572927 0.819607 -0.000000 -36.895720 -0.000000 0.000000 1.000000 0.000000
0.819404 0.573217 0.000000 80.275424 -0.573217 0.819404 -0.000000 -36.894916 -0.000000 0.000000 1.000000 0.000000
0.819687 0.572811 0.000000 80.259533 -0.572811 0.819687 -0.000000 -36.862949 -0.000000 0.000000 1.000000 0.000000
0.819874 0.572544 0.000000 80.271717 -0.572544 0.819874 -0.000000 -36.873136 -0.000000 0.000000 1.000000 0.000000
0.820014 0.572344 0.000000 80.270702 -0.572344 0.820014 -0.000000 -36.873761 -0.000000 0.000000 1.000000 0.000000
0.819064 0.573702 0.000000 80.343024 -0.573702 0.819064 -0.000000 -36.976434 -0.000000 0.000000 1.000000 0.000000
0.819073 0.573689 0.000000 80.342699 -0.573689 0.819073 -0.000000 -36.976524 -0.000000 0.000000 1.000000 0.000000
0.819336 0.573313 0.000000 80.340971 -0.573313 0.819336 -0.000000 -36.960352 -0.000000 0.000000 1.000000 0.000000
0.819252 0.573433 0.000000 80.349063 -0.573433 0.819252 -0.000000 -36.972350 -0.000000 0.000000 1.000000 0.000000
0.820123 0.572187 0.000000 80.289780 -0.572187 0.820123 -0.000000 -36.885842 -0.000000 0.000000 1.000000 0.000000
0.822726 0.568438 0.000000 80.194032 -0.568438 0.822726 -0.000000 -36.672935 -0.000000 0.000000 1.000000 0.000000
0.824002 0.566587 0.000000 80.182362 -0.566587 0.824002 -0.000000 -36.581389 -0.000000 0.000000 1.000000 0.000000
0.824041 0.566531 0.000000 80.181490 -0.566531 0.824041 -0.000000 -36.580922 -0.000000 0.000000 1.000000 0.000000
0.824255 0.566219 0.000000 80.181258 -0.566219 0.824255 -0.000000 -36.583850 -0.000000 0.000000 1.000000 0.000000
0.825734 0.564060 0.000000 80.164163 -0.564060 0.825734 -0.000000 -36.491466 -0.000000 0.000000 1.000000 0.000000
0.824974 0.565171 0.000000 80.110868 -0.565171 0.824974 -0.000000 -36.498385 -0.000000 0.000000 1.000000 0.000000
0.825487 0.564422 0.000000 80.112167 -0.564422 0.825487 -0.000000 -36.503488 -0.000000 0.000000 1.000000 0.000000
0.824958 0.565194 0.000000 80.094493 -0.565194 0.824958 -0.000000 -36.527621 -0.000000 0.000000 1.000000 0.000000
0.823232 0.567705 0.000000 80.132957 -0.567705 0.823232 -0.000000 -36.609893 -0.000000 0.000000 1.000000 0.000000
0.821319 0.570469 0.000000 80.141141 -0.570469 0.821319 -0.000000 -36.606147 -0.000000 0.000000 1.000000 0.000000
0.820126 0.572183 0.000000 80.217848 -0.572183 0.820126 -0.000000 -36.725618 -0.000000 0.000000 1.000000 0.000000
0.819859 0.572566 0.000000 80.240935 -0.572566 0.819859 -0.000000 -36.747339 -0.000000 0.000000 1.000000 0.000000
0.818066 0.575124 0.000000 80.237527 -0.575124 0.818066 -0.000000 -36.789844 -0.000000 0.000000 1.000000 0.000000
0.820541 0.571587 0.000000 80.186873 -0.571587 0.820541 -0.000000 -36.703554 -0.000000 0.000000 1.000000 0.000000
0.821722 0.569888 0.000000 80.163537 -0.569888 0.821722 -0.000000 -36.683346 -0.000000 0.000000 1.000000 0.000000
0.821003 0.570924 0.000000 80.153252 -0.570924 0.821003 -0.000000 -36.720815 -0.000000 0.000000 1.000000 0.000000
0.823754 0.566948 0.000000 80.036894 -0.566948 0.823754 -0.000000 -36.480883 -0.000000 0.000000 1.000000 0.000000
0.824276 0.566189 0.000000 79.992650 -0.566189 0.824276 -0.000000 -36.441818 -0.000000 0.000000 1.000000 0.000000
0.824741 0.565511 0.000000 79.988199 -0.565511 0.824741 -0.000000 -36.426425 -0.000000 0.000000 1.000000 0.000000
0.827198 0.561911 0.000000 79.956014 -0.561911 0.827198 -0.000000 -36.297263 -0.000000 0.000000 1.000000 0.000000
0.828299 0.560287 0.000000 79.960523 -0.560287 0.828299 -0.000000 -36.296106 -0.000000 0.000000 1.000000 0.000000
0.828385 0.560160 0.000000 80.006875 -0.560160 0.828385 -0.000000 -36.331797 -0.000000 0.000000 1.000000 0.000000
0.828236 0.560380 0.000000 80.019960 -0.560380 0.828236 -0.000000 -36.341561 -0.000000 0.000000 1.000000 0.000000
0.829023 0.559214 0.000000 80.089024 -0.559214 0.829023 -0.000000 -36.383295 -0.000000 0.000000 1.000000 0.000000
0.828880 0.559427 0.000000 80.058089 -0.559427 0.828880 -0.000000 -36.349781 -0.000000 0.000000 1.000000 0.000000
0.827958 0.560791 0.000000 80.035772 -0.560791 0.827958 -0.000000 -36.413648 -0.000000 0.000000 1.000000 0.000000
0.827876 0.560911 0.000000 80.189129 -0.560911 0.827876 -0.000000 -36.499607 -0.000000 0.000000 1.000000 0.000000
0.830065 0.557666 0.000000 80.018657 -0.557666 0.830065 -0.000000 -36.300460 -0.000000 0.000000 1.000000 0.000000
0.830738 0.556663 0.000000 80.086866 -0.556663 0.830738 -0.000000 -36.345679 -0.000000 0.000000 1.000000 0.000000
0.830227 0.557426 0.000000 80.021466 -0.557426 0.830227 -0.000000 -36.336072 -0.000000 0.000000 1.000000 0.000000
0.831324 0.555788 0.000000 79.920906 -0.555788 0.831324 -0.000000 -36.303631 -0.000000 0.000000 1.000000 0.000000
0.833058 0.553186 0.000000 80.111706 -0.553186 0.833058 -0.000000 -36.253920 -0.000000 0.000000 1.000000 0.000000
0.833986 0.551786 0.000000 80.121455 -0.551786 0.833986 -0.000000 -36.265122 -0.000000 0.000000 1.000000 0.000000
0.834477 0.551043 0.000000 80.147370 -0.551043 0.834477 -0.000000 -36.263445 -0.000000 0.000000 1.000000 0.000000
0.834570 0.550901 0.000000 80.130797 -0.550901 0.834570 -0.000000 -36.251609 -0.000000 0.000000 1.000000 0.000000
0.835390 0.549657 0.000000 80.116809 -0.549657 0.835390 -0.000000 -36.252231 -0.000000 0.000000 1.000000 0.000000
0.834970 0.550295 0.000000 80.128292 -0.550295 0.834970 -0.000000 -36.267719 -0.000000 0.000000 1.000000 0.000000
0.835823 0.548999 0.000000 80.143798 -0.548999 0.835823 -0.000000 -36.325068 -0.000000 0.000000 1.000000 0.000000
0.835843 0.548969 0.000000 80.150795 -0.548969 0.835843 -0.000000 -36.333492 -0.000000 0.000000 1.000000 0.000000
0.835624 0.549302 0.000000 80.152348 -0.549302 0.835624 -0.000000 -36.336020 -0.000000 0.000000 1.000000 0.000000
0.835949 0.548807 0.000000 80.168450 -0.548807 0.835949 -0.000000 -36.305559 -0.000000 0.000000 1.000000 0.000000
0.836495 0.547974 0.000000 80.245640 -0.547974 0.836495 -0.000000 -36.226625 -0.000000 0.000000 1.000000 0.000000
0.835389 0.549659 0.000000 80.252340 -0.549659 0.835389 -0.000000 -36.278856 -0.000000 0.000000 1.000000 0.000000
0.834712 0.550687 0.000000 80.285754 -0.550687 0.834712 -0.000000 -36.341706 -0.000000 0.000000 1.000000 0.000000
0.834715 0.550683 0.000000 80.284955 -0.550683 0.834715 -0.000000 -36.341171 -0.000000 0.000000 1.000000 0.000000
0.834357 0.551224 0.000000 80.308600 -0.551224 0.834357 -0.000000 -36.341195 -0.000000 0.000000 1.000000 0.000000
0.834610 0.550841 0.000000 80.307217 -0.550841 0.834610 -0.000000 -36.341737 -0.000000 0.000000 1.000000 0.000000
0.834881 0.550430 0.000000 80.306864 -0.550430 0.834881 -0.000000 -36.330606 -0.000000 0.000000 1.000000 0.000000
0.834846 0.550483 0.000000 80.300952 -0.550483 0.834846 -0.000000 -36.344665 -0.000000 0.000000 1.000000 0.000000
