0.999999 -0.001653 0.000000 0.631979 0.001653 0.999999 0.000000 -0.013629 0.000000 0.000000 1.000000 0.000000
0.999999 -0.001266 0.000000 0.918727 0.001266 0.999999 0.000000 -0.013223 0.000000 0.000000 1.000000 0.000000
0.999995 -0.003110 0.000000 1.691000 0.003110 0.999995 0.000000 -0.024976 0.000000 0.000000 1.000000 0.000000
0.999996 -0.002795 0.000000 2.320755 0.002795 0.999996 0.000000 -0.026399 0.000000 0.000000 1.000000 0.000000
0.999999 -0.001370 0.000000 2.926783 0.001370 0.999999 0.000000 -0.038795 0.000000 0.000000 1.000000 0.000000
0.999998 -0.002165 0.000000 3.630485 0.002165 0.999998 0.000000 -0.055791 0.000000 0.000000 1.000000 0.000000
0.999998 -0.002201 0.000000 4.402610 0.002201 0.999998 0.000000 -0.081273 0.000000 0.000000 1.000000 0.000000
0.999999 -0.001686 0.000000 5.457580 0.001686 0.999999 0.000000 -0.049625 0.000000 0.000000 1.000000 0.000000
0.999995 -0.003228 0.000000 5.955202 0.003228 0.999995 0.000000 -0.053575 0.000000 0.000000 1.000000 0.000000
0.999988 -0.004921 0.000000 6.656670 0.004921 0.999988 0.000000 -0.032803 0.000000 0.000000 1.000000 0.000000
0.999984 -0.005592 0.000000 7.434743 0.005592 0.999984 0.000000 -0.070915 0.000000 0.000000 1.000000 0.000000
0.999981 -0.006194 0.000000 8.440383 0.006194 0.999981 0.000000 -0.070922 0.000000 0.000000 1.000000 0.000000
0.999980 -0.006370 0.000000 8.920661 0.006370 0.999980 0.000000 -0.116451 0.000000 0.000000 1.000000 0.000000
0.999976 -0.006897 0.000000 9.466065 0.006897 0.999976 0.000000 -0.153773 0.000000 0.000000 1.000000 0.000000
0.999974 -0.007220 0.000000 9.889281 0.007220 0.999974 0.000000 -0.168926 0.000000 0.000000 1.000000 0.000000
0.999970 -0.007721 0.000000 10.678831 0.007721 0.999970 0.000000 -0.221626 0.000000 0.000000 1.000000 0.000000
0.999964 -0.008518 0.000000 11.360489 0.008518 0.999964 0.000000 -0.235603 0.000000 0.000000 1.000000 0.000000
0.999963 -0.008547 0.000000 11.880147 0.008547 0.999963 0.000000 -0.244031 0.000000 0.000000 1.000000 0.000000
0.999955 -0.009524 0.000000 12.219787 0.009524 0.999955 0.000000 -0.257186 0.000000 0.000000 1.000000 0.000000
0.999951 -0.009900 0.000000 12.701075 0.009900 0.999951 0.000000 -0.287697 0.000000 0.000000 1.000000 0.000000
0.999956 -0.009423 0.000000 13.180339 0.009423 0.999956 0.000000 -0.297111 0.000000 0.000000 1.000000 0.000000
0.999939 -0.011000 0.000000 13.804915 0.011000 0.999939 0.000000 -0.314735 0.000000 0.000000 1.000000 0.000000
0.999932 -0.011686 0.000000 14.335037 0.011686 0.999932 0.000000 -0.334643 0.000000 0.000000 1.000000 0.000000
0.999920 -0.012658 0.000000 14.895577 0.012658 0.999920 0.000000 -0.323910 0.000000 0.000000 1.000000 0.000000
0.999922 -0.012495 0.000000 15.100386 0.012495 0.999922 0.000000 -0.313380 0.000000 0.000000 1.000000 0.000000
0.999900 -0.014156 0.000000 15.720622 0.014156 0.999900 0.000000 -0.318725 0.000000 0.000000 1.000000 0.000000
0.999857 -0.016923 0.000000 16.518656 0.016923 0.999857 0.000000 -0.315654 0.000000 0.000000 1.000000 0.000000
0.999826 -0.018636 0.000000 16.924725 0.018636 0.999826 0.000000 -0.291291 0.000000 0.000000 1.000000 0.000000
0.999813 -0.019314 0.000000 17.622305 0.019314 0.999813 0.000000 -0.292823 0.000000 0.000000 1.000000 0.000000
0.999786 -0.020687 0.000000 18.284697 0.020687 0.999786 0.000000 -0.316333 0.000000 0.000000 1.000000 0.000000
0.999791 -0.020433 0.000000 18.764331 0.020433 0.999791 0.000000 -0.301261 0.000000 0.000000 1.000000 0.000000
0.999731 -0.023190 0.000000 19.388657 0.023190 0.999731 0.000000 -0.307922 0.000000 0.000000 1.000000 0.000000
0.999711 -0.024047 0.000000 19.823479 0.024047 0.999711 0.000000 -0.335624 0.000000 0.000000 1.000000 0.000000
0.999714 -0.023905 0.000000 20.405926 0.023905 0.999714 0.000000 -0.324286 0.000000 0.000000 1.000000 0.000000
0.999691 -0.024866 0.000000 21.146392 0.024866 0.999691 0.000000 -0.343960 0.000000 0.000000 1.000000 0.000000
0.999686 -0.025055 0.000000 21.725804 0.025055 0.999686 0.000000 -0.372074 0.000000 0.000000 1.000000 0.000000
0.999664 -0.025908 0.000000 22.557845 0.025908 0.999664 0.000000 -0.378640 0.000000 0.000000 1.000000 0.000000
0.999600 -0.028286 0.000000 23.168084 0.028286 0.999600 0.000000 -0.374856 0.000000 0.000000 1.000000 0.000000
0.999526 -0.030780 0.000000 23.780207 0.030780 0.999526 0.000000 -0.380165 0.000000 0.000000 1.000000 0.000000
0.999491 -0.031914 0.000000 24.242758 0.031914 0.999491 0.000000 -0.412005 0.000000 0.000000 1.000000 0.000000
0.999486 -0.032059 0.000000 24.940117 0.032059 0.999486 0.000000 -0.385704 0.000000 0.000000 1.000000 0.000000
0.999476 -0.032360 0.000000 25.601754 0.032360 0.999476 0.000000 -0.378606 0.000000 0.000000 1.000000 0.000000
0.999431 -0.033742 0.000000 26.020050 0.033742 0.999431 0.000000 -0.393818 0.000000 0.000000 1.000000 0.000000
0.999415 -0.034194 0.000000 26.605051 0.034194 0.999415 0.000000 -0.355375 0.000000 0.000000 1.000000 0.000000
0.999439 -0.033483 0.000000 27.258222 0.033483 0.999439 0.000000 -0.350460 0.000000 0.000000 1.000000 0.000000
0.999456 -0.032978 0.000000 28.077673 0.032978 0.999456 0.000000 -0.328989 0.000000 0.000000 1.000000 0.000000
0.999434 -0.033636 0.000000 28.321181 0.033636 0.999434 0.000000 -0.343563 0.000000 0.000000 1.000000 0.000000
0.999424 -0.033926 0.000000 29.044030 0.033926 0.999424 0.000000 -0.331276 0.000000 0.000000 1.000000 0.000000
0.999314 -0.037031 0.000000 29.934199 0.037031 0.999314 0.000000 -0.304900 0.000000 0.000000 1.000000 0.000000
0.999299 -0.037429 0.000000 30.668450 0.037429 0.999299 0.000000 -0.273023 0.000000 0.000000 1.000000 0.000000
0.999329 -0.036627 0.000000 31.460133 0.036627 0.999329 0.000000 -0.258513 0.000000 0.000000 1.000000 0.000000
0.999389 -0.034947 0.000000 32.095864 0.034947 0.999389 0.000000 -0.249236 0.000000 0.000000 1.000000 0.000000
0.999386 -0.035040 0.000000 32.732784 0.035040 0.999386 0.000000 -0.236623 0.000000 0.000000 1.000000 0.000000
0.999374 -0.035390 0.000000 33.159742 0.035390 0.999374 0.000000 -0.227797 0.000000 0.000000 1.000000 0.000000
0.999405 -0.034481 0.000000 33.683544 0.034481 0.999405 0.000000 -0.226418 0.000000 0.000000 1.000000 0.000000
0.999452 -0.033088 0.000000 34.359460 0.033088 0.999452 0.000000 -0.194497 0.000000 0.000000 1.000000 0.000000
0.999509 -0.031343 0.000000 34.502994 0.031343 0.999509 0.000000 -0.175320 0.000000 0.000000 1.000000 0.000000
0.999502 -0.031559 0.000000 34.743516 0.031559 0.999502 0.000000 -0.177901 0.000000 0.000000 1.000000 0.000000
0.999438 -0.033520 0.000000 35.381377 0.033520 0.999438 0.000000 -0.167906 0.000000 0.000000 1.000000 0.000000
0.999494 -0.031800 0.000000 36.019026 0.031800 0.999494 0.000000 -0.162028 0.000000 0.000000 1.000000 0.000000
0.999453 -0.033069 0.000000 36.312331 0.033069 0.999453 0.000000 -0.164714 0.000000 0.000000 1.000000 0.000000
0.999461 -0.032819 0.000000 36.897924 0.032819 0.999461 0.000000 -0.161864 0.000000 0.000000 1.000000 0.000000
0.999470 -0.032547 0.000000 37.734928 0.032547 0.999470 0.000000 -0.108169 0.000000 0.000000 1.000000 0.000000
0.999558 -0.029730 0.000000 38.431920 0.029730 0.999558 0.000000 -0.098737 0.000000 0.000000 1.000000 0.000000
0.999548 -0.030051 0.000000 38.909190 0.030051 0.999548 0.000000 -0.092561 0.000000 0.000000 1.000000 0.000000
0.999553 -0.029903 0.000000 39.520555 0.029903 0.999553 0.000000 -0.107870 0.000000 0.000000 1.000000 0.000000
0.999528 -0.030733 0.000000 40.211332 0.030733 0.999528 0.000000 -0.061028 0.000000 0.000000 1.000000 0.000000
0.999513 -0.031205 0.000000 40.776162 0.031205 0.999513 0.000000 -0.034523 0.000000 0.000000 1.000000 0.000000
0.999550 -0.030005 0.000000 41.424334 0.030005 0.999550 0.000000 -0.028487 0.000000 0.000000 1.000000 0.000000
0.999571 -0.029299 0.000000 42.037366 0.029299 0.999571 0.000000 0.001817 0.000000 0.000000 1.000000 0.000000
0.999566 -0.029464 0.000000 43.031560 0.029464 0.999566 0.000000 0.061642 0.000000 0.000000 1.000000 0.000000
0.999569 -0.029372 0.000000 43.370691 0.029372 0.999569 0.000000 0.091635 0.000000 0.000000 1.000000 0.000000
0.999568 -0.029406 0.000000 44.368067 0.029406 0.999568 0.000000 0.093685 0.000000 0.000000 1.000000 0.000000
0.999642 -0.026738 0.000000 44.976729 0.026738 0.999642 0.000000 0.103021 0.000000 0.000000 1.000000 0.000000
0.999647 -0.026575 0.000000 45.847305 0.026575 0.999647 0.000000 0.149234 0.000000 0.000000 1.000000 0.000000
0.999630 -0.027200 0.000000 46.491174 0.027200 0.999630 0.000000 0.145888 0.000000 0.000000 1.000000 0.000000
0.999685 -0.025088 0.000000 47.038852 0.025088 0.999685 0.000000 0.154747 0.000000 0.000000 1.000000 0.000000
0.999647 -0.026574 0.000000 47.614073 0.026574 0.999647 0.000000 0.164535 0.000000 0.000000 1.000000 0.000000
0.999578 -0.029034 0.000000 47.694197 0.029034 0.999578 0.000000 0.139134 0.000000 0.000000 1.000000 0.000000
0.999565 -0.029488 0.000000 48.000662 0.029488 0.999565 0.000000 0.149809 0.000000 0.000000 1.000000 0.000000
0.999574 -0.029173 0.000000 48.244401 0.029173 0.999574 0.000000 0.198944 0.000000 0.000000 1.000000 0.000000
0.999605 -0.028092 0.000000 48.870072 0.028092 0.999605 0.000000 0.220284 0.000000 0.000000 1.000000 0.000000
0.999589 -0.028675 0.000000 49.503672 0.028675 0.999589 0.000000 0.220621 0.000000 0.000000 1.000000 0.000000
0.999518 -0.031030 0.000000 50.414709 0.031030 0.999518 0.000000 0.252157 0.000000 0.000000 1.000000 0.000000
0.999478 -0.032293 0.000000 50.803596 0.032293 0.999478 0.000000 0.257457 0.000000 0.000000 1.000000 0.000000
0.999463 -0.032778 0.000000 51.800264 0.032778 0.999463 0.000000 0.265294 0.000000 0.000000 1.000000 0.000000
0.999486 -0.032053 0.000000 52.183355 0.032053 0.999486 0.000000 0.273403 0.000000 0.000000 1.000000 0.000000
0.999451 -0.033118 0.000000 52.424651 0.033118 0.999451 0.000000 0.257620 0.000000 0.000000 1.000000 0.000000
0.999455 -0.033022 0.000000 53.006102 0.033022 0.999455 0.000000 0.259092 0.000000 0.000000 1.000000 0.000000
0.999439 -0.033482 0.000000 53.663451 0.033482 0.999439 0.000000 0.265732 0.000000 0.000000 1.000000 0.000000
0.999462 -0.032805 0.000000 54.183846 0.032805 0.999462 0.000000 0.252354 0.000000 0.000000 1.000000 0.000000
0.999433 -0.033669 0.000000 54.839169 0.033669 0.999433 0.000000 0.252759 0.000000 0.000000 1.000000 0.000000
0.999388 -0.034975 0.000000 55.325921 0.034975 0.999388 0.000000 0.267615 0.000000 0.000000 1.000000 0.000000
0.999376 -0.035318 0.000000 56.668544 0.035318 0.999376 0.000000 0.298263 0.000000 0.000000 1.000000 0.000000
0.999391 -0.034894 0.000000 57.212784 0.034894 0.999391 0.000000 0.355529 0.000000 0.000000 1.000000 0.000000
0.999397 -0.034719 0.000000 57.869695 0.034719 0.999397 0.000000 0.364386 0.000000 0.000000 1.000000 0.000000
0.999462 -0.032783 0.000000 58.510464 0.032783 0.999462 0.000000 0.367025 0.000000 0.000000 1.000000 0.000000
0.999489 -0.031955 0.000000 59.059592 0.031955 0.999489 0.000000 0.372861 0.000000 0.000000 1.000000 0.000000
0.999481 -0.032215 0.000000 59.536014 0.032215 0.999481 0.000000 0.381034 0.000000 0.000000 1.000000 0.000000
0.999463 -0.032756 0.000000 60.079210 0.032756 0.999463 0.000000 0.399970 0.000000 0.000000 1.000000 0.000000
0.999439 -0.033485 0.000000 60.707517 0.033485 0.999439 0.000000 0.403626 0.000000 0.000000 1.000000 0.000000
0.999447 -0.033249 0.000000 61.141339 0.033249 0.999447 0.000000 0.399285 0.000000 0.000000 1.000000 0.000000
0.999390 -0.034936 0.000000 61.515447 0.034936 0.999390 0.000000 0.406671 0.000000 0.000000 1.000000 0.000000
0.999422 -0.034010 0.000000 62.092471 0.034010 0.999422 0.000000 0.406306 0.000000 0.000000 1.000000 0.000000
0.999416 -0.034178 0.000000 62.696777 0.034178 0.999416 0.000000 0.416863 0.000000 0.000000 1.000000 0.000000
0.999426 -0.033884 0.000000 63.454876 0.033884 0.999426 0.000000 0.425690 0.000000 0.000000 1.000000 0.000000
0.999380 -0.035204 0.000000 63.899253 0.035204 0.999380 0.000000 0.415015 0.000000 0.000000 1.000000 0.000000
0.999339 -0.036343 0.000000 64.487208 0.036343 0.999339 0.000000 0.425246 0.000000 0.000000 1.000000 0.000000
0.999330 -0.036604 0.000000 65.173766 0.036604 0.999330 0.000000 0.418021 0.000000 0.000000 1.000000 0.000000
0.999305 -0.037281 0.000000 65.718726 0.037281 0.999305 0.000000 0.427720 0.000000 0.000000 1.000000 0.000000
0.999347 -0.036142 0.000000 66.312401 0.036142 0.999347 0.000000 0.449151 0.000000 0.000000 1.000000 0.000000
0.999373 -0.035413 0.000000 66.906134 0.035413 0.999373 0.000000 0.474203 0.000000 0.000000 1.000000 0.000000
0.999338 -0.036391 0.000000 67.535145 0.036391 0.999338 0.000000 0.483640 0.000000 0.000000 1.000000 0.000000
0.999257 -0.038551 0.000000 68.462262 0.038551 0.999257 0.000000 0.487217 0.000000 0.000000 1.000000 0.000000
0.999236 -0.039088 0.000000 69.104181 0.039088 0.999236 0.000000 0.488855 0.000000 0.000000 1.000000 0.000000
0.999234 -0.039127 0.000000 69.703287 0.039127 0.999234 0.000000 0.503269 0.000000 0.000000 1.000000 0.000000
0.999231 -0.039203 0.000000 70.315081 0.039203 0.999231 0.000000 0.522344 0.000000 0.000000 1.000000 0.000000
0.999216 -0.039596 0.000000 70.972547 0.039596 0.999216 0.000000 0.533518 0.000000 0.000000 1.000000 0.000000
0.999100 -0.042410 0.000000 71.619987 0.042410 0.999100 0.000000 0.571631 0.000000 0.000000 1.000000 0.000000
0.999075 -0.042995 0.000000 71.978463 0.042995 0.999075 0.000000 0.570512 0.000000 0.000000 1.000000 0.000000
0.999059 -0.043376 0.000000 72.602254 0.043376 0.999059 0.000000 0.579995 0.000000 0.000000 1.000000 0.000000
0.999034 -0.043937 0.000000 73.171941 0.043937 0.999034 0.000000 0.606968 0.000000 0.000000 1.000000 0.000000
0.998951 -0.045792 0.000000 74.393383 0.045792 0.998951 0.000000 0.626214 0.000000 0.000000 1.000000 0.000000
0.999032 -0.043986 0.000000 74.986474 0.043986 0.999032 0.000000 0.620358 0.000000 0.000000 1.000000 0.000000
0.999084 -0.042781 0.000000 75.587005 0.042781 0.999084 0.000000 0.617147 0.000000 0.000000 1.000000 0.000000
0.999066 -0.043208 0.000000 76.242008 0.043208 0.999066 0.000000 0.626558 0.000000 0.000000 1.000000 0.000000
0.999150 -0.041229 0.000000 76.819532 0.041229 0.999150 0.000000 0.622159 0.000000 0.000000 1.000000 0.000000
0.999090 -0.042659 0.000000 77.319751 0.042659 0.999090 0.000000 0.642839 0.000000 0.000000 1.000000 0.000000
0.999147 -0.041290 0.000000 77.729613 0.041290 0.999147 0.000000 0.626548 0.000000 0.000000 1.000000 0.000000
0.999148 -0.041263 0.000000 78.310441 0.041263 0.999148 0.000000 0.662957 0.000000 0.000000 1.000000 0.000000
0.999160 -0.040978 0.000000 78.946976 0.040978 0.999160 0.000000 0.677188 0.000000 0.000000 1.000000 0.000000
0.999143 -0.041393 0.000000 79.475980 0.041393 0.999143 0.000000 0.692617 0.000000 0.000000 1.000000 0.000000
0.999067 -0.043179 0.000000 80.120114 0.043179 0.999067 0.000000 0.766370 0.000000 0.000000 1.000000 0.000000
0.999066 -0.043215 0.000000 80.661707 0.043215 0.999066 0.000000 0.765919 0.000000 0.000000 1.000000 0.000000
0.999123 -0.041874 0.000000 81.197574 0.041874 0.999123 0.000000 0.771650 0.000000 0.000000 1.000000 0.000000
0.999100 -0.042418 0.000000 81.805044 0.042418 0.999100 0.000000 0.801126 0.000000 0.000000 1.000000 0.000000
0.999216 -0.039585 0.000000 82.348348 0.039585 0.999216 0.000000 0.807885 0.000000 0.000000 1.000000 0.000000
0.999366 -0.035606 0.000000 82.937711 0.035606 0.999366 0.000000 0.753871 0.000000 0.000000 1.000000 0.000000
0.999405 -0.034494 0.000000 83.448040 0.034494 0.999405 0.000000 0.751567 0.000000 0.000000 1.000000 0.000000
0.999396 -0.034751 0.000000 83.985207 0.034751 0.999396 0.000000 0.763059 0.000000 0.000000 1.000000 0.000000
0.999390 -0.034931 0.000000 84.536518 0.034931 0.999390 0.000000 0.786959 0.000000 0.000000 1.000000 0.000000
0.999364 -0.035649 0.000000 84.855127 0.035649 0.999364 0.000000 0.747708 0.000000 0.000000 1.000000 0.000000
0.999469 -0.032579 0.000000 85.346265 0.032579 0.999469 0.000000 0.732279 0.000000 0.000000 1.000000 0.000000
0.999503 -0.031512 0.000000 85.779469 0.031512 0.999503 0.000000 0.740393 0.000000 0.000000 1.000000 0.000000
0.999512 -0.031252 0.000000 86.273426 0.031252 0.999512 0.000000 0.744044 0.000000 0.000000 1.000000 0.000000
0.999561 -0.029617 0.000000 86.792528 0.029617 0.999561 0.000000 0.747746 0.000000 0.000000 1.000000 0.000000
0.999612 -0.027857 0.000000 87.302729 0.027857 0.999612 0.000000 0.745311 0.000000 0.000000 1.000000 0.000000
0.999611 -0.027902 0.000000 87.852652 0.027902 0.999611 0.000000 0.780111 0.000000 0.000000 1.000000 0.000000
0.999553 -0.029893 0.000000 88.424276 0.029893 0.999553 0.000000 0.845564 0.000000 0.000000 1.000000 0.000000
0.999547 -0.030101 0.000000 89.066796 0.030101 0.999547 0.000000 0.863346 0.000000 0.000000 1.000000 0.000000
0.999507 -0.031398 0.000000 89.630028 0.031398 0.999507 0.000000 0.925777 0.000000 0.000000 1.000000 0.000000
0.999564 -0.029527 0.000000 90.323616 0.029527 0.999564 0.000000 0.948663 0.000000 0.000000 1.000000 0.000000
0.999607 -0.028028 0.000000 90.817479 0.028028 0.999607 0.000000 0.953168 0.000000 0.000000 1.000000 0.000000
0.999647 -0.026583 0.000000 91.143653 0.026583 0.999647 0.000000 0.971660 0.000000 0.000000 1.000000 0.000000
0.999626 -0.027351 0.000000 91.577280 0.027351 0.999626 0.000000 0.973329 0.000000 0.000000 1.000000 0.000000
0.999651 -0.026415 0.000000 91.995936 0.026415 0.999651 0.000000 0.771539 0.000000 0.000000 1.000000 0.000000
0.999653 -0.026329 0.000000 92.521318 0.026329 0.999653 0.000000 0.771547 0.000000 0.000000 1.000000 0.000000
0.999670 -0.025683 0.000000 93.078809 0.025683 0.999670 0.000000 0.777676 0.000000 0.000000 1.000000 0.000000
0.999773 -0.021293 0.000000 94.114784 0.021293 0.999773 0.000000 0.775699 0.000000 0.000000 1.000000 0.000000
0.999780 -0.020960 0.000000 94.740352 0.020960 0.999780 0.000000 0.825991 0.000000 0.000000 1.000000 0.000000
0.999830 -0.018413 0.000000 95.217142 0.018413 0.999830 0.000000 0.808962 0.000000 0.000000 1.000000 0.000000
0.999855 -0.017033 0.000000 95.673995 0.017033 0.999855 0.000000 0.781027 0.000000 0.000000 1.000000 0.000000
0.999881 -0.015408 0.000000 96.190575 0.015408 0.999881 0.000000 0.790825 0.000000 0.000000 1.000000 0.000000
0.999957 -0.009273 0.000000 96.592370 0.009273 0.999957 0.000000 0.632578 0.000000 0.000000 1.000000 0.000000
0.999960 -0.008908 0.000000 97.165005 0.008908 0.999960 0.000000 0.624633 0.000000 0.000000 1.000000 0.000000
0.999979 -0.006549 0.000000 97.625360 0.006549 0.999979 0.000000 0.613945 0.000000 0.000000 1.000000 0.000000
0.999998 -0.002229 0.000000 98.018190 0.002229 0.999998 0.000000 0.551979 0.000000 0.000000 1.000000 0.000000
0.999999 0.001032 0.000000 98.618069 -0.001032 0.999999 -0.000000 0.541952 -0.000000 0.000000 1.000000 0.000000
0.999986 0.005342 0.000000 99.285092 -0.005342 0.999986 -0.000000 0.473988 -0.000000 0.000000 1.000000 0.000000
0.999968 0.007973 0.000000 99.726098 -0.007973 0.999968 -0.000000 0.456527 -0.000000 0.000000 1.000000 0.000000
0.999927 0.012042 0.000000 100.082037 -0.012042 0.999927 -0.000000 0.410621 -0.000000 0.000000 1.000000 0.000000
0.999876 0.015741 0.000000 100.539258 -0.015741 0.999876 -0.000000 0.390226 -0.000000 0.000000 1.000000 0.000000
0.999876 0.015764 0.000000 101.044283 -0.015764 0.999876 -0.000000 0.334572 -0.000000 0.000000 1.000000 0.000000
0.999808 0.019601 0.000000 101.381380 -0.019601 0.999808 -0.000000 0.363462 -0.000000 0.000000 1.000000 0.000000
0.999669 0.025722 0.000000 101.915111 -0.025722 0.999669 -0.000000 0.326991 -0.000000 0.000000 1.000000 0.000000
0.999534 0.030536 0.000000 102.205300 -0.030536 0.999534 -0.000000 0.259979 -0.000000 0.000000 1.000000 0.000000
0.999379 0.035230 0.000000 102.450851 -0.035230 0.999379 -0.000000 0.250827 -0.000000 0.000000 1.000000 0.000000
0.999307 0.037222 0.000000 102.861121 -0.037222 0.999307 -0.000000 0.222872 -0.000000 0.000000 1.000000 0.000000
0.999098 0.042464 0.000000 103.433463 -0.042464 0.999098 -0.000000 0.160563 -0.000000 0.000000 1.000000 0.000000
0.998906 0.046755 0.000000 103.924846 -0.046755 0.998906 -0.000000 0.131688 -0.000000 0.000000 1.000000 0.000000
0.998762 0.049749 0.000000 104.261075 -0.049749 0.998762 -0.000000 0.072408 -0.000000 0.000000 1.000000 0.000000
0.998557 0.053694 0.000000 104.738687 -0.053694 0.998557 -0.000000 0.029982 -0.000000 0.000000 1.000000 0.000000
0.998495 0.054841 0.000000 105.150059 -0.054841 0.998495 -0.000000 0.019908 -0.000000 0.000000 1.000000 0.000000
0.998309 0.058132 0.000000 105.530041 -0.058132 0.998309 -0.000000 -0.012843 -0.000000 0.000000 1.000000 0.000000
0.998051 0.062396 0.000000 105.937217 -0.062396 0.998051 -0.000000 -0.051016 -0.000000 0.000000 1.000000 0.000000
0.997900 0.064780 0.000000 106.487133 -0.064780 0.997900 -0.000000 -0.076352 -0.000000 0.000000 1.000000 0.000000
0.997730 0.067337 0.000000 107.108950 -0.067337 0.997730 -0.000000 -0.137763 -0.000000 0.000000 1.000000 0.000000
0.997640 0.068660 0.000000 107.464412 -0.068660 0.997640 -0.000000 -0.209031 -0.000000 0.000000 1.000000 0.000000
0.997452 0.071336 0.000000 107.669886 -0.071336 0.997452 -0.000000 -0.328460 -0.000000 0.000000 1.000000 0.000000
0.997277 0.073743 0.000000 108.035326 -0.073743 0.997277 -0.000000 -0.368875 -0.000000 0.000000 1.000000 0.000000
0.996942 0.078150 0.000000 108.479347 -0.078150 0.996942 -0.000000 -0.406852 -0.000000 0.000000 1.000000 0.000000
0.996859 0.079193 0.000000 108.893142 -0.079193 0.996859 -0.000000 -0.472315 -0.000000 0.000000 1.000000 0.000000
0.996747 0.080594 0.000000 109.341144 -0.080594 0.996747 -0.000000 -0.522503 -0.000000 0.000000 1.000000 0.000000
0.996537 0.083145 0.000000 109.764679 -0.083145 0.996537 -0.000000 -0.583652 -0.000000 0.000000 1.000000 0.000000
0.996444 0.084258 0.000000 110.508943 -0.084258 0.996444 -0.000000 -0.677874 -0.000000 0.000000 1.000000 0.000000
0.996350 0.085359 0.000000 110.823177 -0.085359 0.996350 -0.000000 -0.728413 -0.000000 0.000000 1.000000 0.000000
0.996351 0.085352 0.000000 111.232220 -0.085352 0.996351 -0.000000 -0.775943 -0.000000 0.000000 1.000000 0.000000
0.996196 0.087136 0.000000 111.700152 -0.087136 0.996196 -0.000000 -0.896310 -0.000000 0.000000 1.000000 0.000000
0.996263 0.086376 0.000000 112.182905 -0.086376 0.996263 -0.000000 -0.977993 -0.000000 0.000000 1.000000 0.000000
0.995979 0.089582 0.000000 112.744812 -0.089582 0.995979 -0.000000 -1.107996 -0.000000 0.000000 1.000000 0.000000
0.995976 0.089623 0.000000 113.207074 -0.089623 0.995976 -0.000000 -1.143630 -0.000000 0.000000 1.000000 0.000000
0.995959 0.089807 0.000000 113.653386 -0.089807 0.995959 -0.000000 -1.194752 -0.000000 0.000000 1.000000 0.000000
0.995848 0.091026 0.000000 114.099372 -0.091026 0.995848 -0.000000 -1.249131 -0.000000 0.000000 1.000000 0.000000
0.996069 0.088583 0.000000 114.548321 -0.088583 0.996069 -0.000000 -1.352711 -0.000000 0.000000 1.000000 0.000000
0.995991 0.089458 0.000000 114.917181 -0.089458 0.995991 -0.000000 -1.386175 -0.000000 0.000000 1.000000 0.000000
0.996011 0.089234 0.000000 115.716145 -0.089234 0.996011 -0.000000 -1.486058 -0.000000 0.000000 1.000000 0.000000
0.996069 0.088586 0.000000 116.171578 -0.088586 0.996069 -0.000000 -1.668808 -0.000000 0.000000 1.000000 0.000000
0.996067 0.088602 0.000000 116.629671 -0.088602 0.996067 -0.000000 -1.703405 -0.000000 0.000000 1.000000 0.000000
0.995856 0.090941 0.000000 117.023650 -0.090941 0.995856 -0.000000 -1.747464 -0.000000 0.000000 1.000000 0.000000
0.995720 0.092424 0.000000 117.388083 -0.092424 0.995720 -0.000000 -1.760310 -0.000000 0.000000 1.000000 0.000000
0.995496 0.094804 0.000000 117.803047 -0.094804 0.995496 -0.000000 -1.832607 -0.000000 0.000000 1.000000 0.000000
0.995313 0.096710 0.000000 118.391089 -0.096710 0.995313 -0.000000 -2.010060 -0.000000 0.000000 1.000000 0.000000
0.995117 0.098699 0.000000 118.962030 -0.098699 0.995117 -0.000000 -2.076915 -0.000000 0.000000 1.000000 0.000000
0.994832 0.101530 0.000000 119.520763 -0.101530 0.994832 -0.000000 -2.202523 -0.000000 0.000000 1.000000 0.000000
0.994518 0.104568 0.000000 119.995732 -0.104568 0.994518 -0.000000 -2.254324 -0.000000 0.000000 1.000000 0.000000
0.994332 0.106320 0.000000 120.525672 -0.106320 0.994332 -0.000000 -2.313533 -0.000000 0.000000 1.000000 0.000000
0.994345 0.106194 0.000000 120.969981 -0.106194 0.994345 -0.000000 -2.374440 -0.000000 0.000000 1.000000 0.000000
0.994252 0.107070 0.000000 121.528604 -0.107070 0.994252 -0.000000 -2.390559 -0.000000 0.000000 1.000000 0.000000
0.994064 0.108798 0.000000 121.976578 -0.108798 0.994064 -0.000000 -2.456198 -0.000000 0.000000 1.000000 0.000000
0.993842 0.110804 0.000000 122.617161 -0.110804 0.993842 -0.000000 -2.515658 -0.000000 0.000000 1.000000 0.000000
0.993861 0.110633 0.000000 123.059229 -0.110633 0.993861 -0.000000 -2.576783 -0.000000 0.000000 1.000000 0.000000
0.993428 0.114463 0.000000 123.590260 -0.114463 0.993428 -0.000000 -2.637908 -0.000000 0.000000 1.000000 0.000000
0.993174 0.116644 0.000000 124.028245 -0.116644 0.993174 -0.000000 -2.734071 -0.000000 0.000000 1.000000 0.000000
0.992969 0.118372 0.000000 124.342078 -0.118372 0.992969 -0.000000 -2.776126 -0.000000 0.000000 1.000000 0.000000
0.992822 0.119602 0.000000 124.921911 -0.119602 0.992822 -0.000000 -2.861910 -0.000000 0.000000 1.000000 0.000000
0.992752 0.120185 0.000000 125.482058 -0.120185 0.992752 -0.000000 -2.943984 -0.000000 0.000000 1.000000 0.000000
0.992737 0.120306 0.000000 126.436552 -0.120306 0.992737 -0.000000 -3.034287 -0.000000 0.000000 1.000000 0.000000
0.993175 0.116638 0.000000 126.708361 -0.116638 0.993175 -0.000000 -2.999379 -0.000000 0.000000 1.000000 0.000000
0.993310 0.115475 0.000000 127.753199 -0.115475 0.993310 -0.000000 -3.076327 -0.000000 0.000000 1.000000 0.000000
0.993287 0.115673 0.000000 128.187343 -0.115673 0.993287 -0.000000 -3.219382 -0.000000 0.000000 1.000000 0.000000
0.993217 0.116279 0.000000 128.606614 -0.116279 0.993217 -0.000000 -3.258749 -0.000000 0.000000 1.000000 0.000000
0.993114 0.117152 0.000000 129.082354 -0.117152 0.993114 -0.000000 -3.483905 -0.000000 0.000000 1.000000 0.000000
0.993117 0.117130 0.000000 129.568654 -0.117130 0.993117 -0.000000 -3.493146 -0.000000 0.000000 1.000000 0.000000
0.993163 0.116733 0.000000 130.057969 -0.116733 0.993163 -0.000000 -3.542136 -0.000000 0.000000 1.000000 0.000000
0.993298 0.115579 0.000000 130.519933 -0.115579 0.993298 -0.000000 -3.602616 -0.000000 0.000000 1.000000 0.000000
0.993125 0.117056 0.000000 131.005769 -0.117056 0.993125 -0.000000 -3.667348 -0.000000 0.000000 1.000000 0.000000
0.993260 0.115905 0.000000 131.519840 -0.115905 0.993260 -0.000000 -3.733203 -0.000000 0.000000 1.000000 0.000000
0.993430 0.114444 0.000000 131.979253 -0.114444 0.993430 -0.000000 -3.890903 -0.000000 0.000000 1.000000 0.000000
0.993603 0.112928 0.000000 132.395976 -0.112928 0.993603 -0.000000 -3.806346 -0.000000 0.000000 1.000000 0.000000
0.993496 0.113864 0.000000 132.882651 -0.113864 0.993496 -0.000000 -3.860401 -0.000000 0.000000 1.000000 0.000000
0.993562 0.113294 0.000000 133.368466 -0.113294 0.993562 -0.000000 -3.893465 -0.000000 0.000000 1.000000 0.000000
0.993362 0.115032 0.000000 133.851073 -0.115032 0.993362 -0.000000 -4.074426 -0.000000 0.000000 1.000000 0.000000
0.993572 0.113203 0.000000 134.421028 -0.113203 0.993572 -0.000000 -4.023891 -0.000000 0.000000 1.000000 0.000000
0.993028 0.117880 0.000000 134.818460 -0.117880 0.993028 -0.000000 -4.249019 -0.000000 0.000000 1.000000 0.000000
0.992982 0.118267 0.000000 135.510571 -0.118267 0.992982 -0.000000 -4.336799 -0.000000 0.000000 1.000000 0.000000
0.992750 0.120199 0.000000 135.970595 -0.120199 0.992750 -0.000000 -4.416992 -0.000000 0.000000 1.000000 0.000000
0.992283 0.123997 0.000000 136.548738 -0.123997 0.992283 -0.000000 -4.601810 -0.000000 0.000000 1.000000 0.000000
0.992274 0.124065 0.000000 137.026764 -0.124065 0.992274 -0.000000 -4.704723 -0.000000 0.000000 1.000000 0.000000
0.992238 0.124350 0.000000 137.612269 -0.124350 0.992238 -0.000000 -4.785473 -0.000000 0.000000 1.000000 0.000000
0.992021 0.126075 0.000000 138.219904 -0.126075 0.992021 -0.000000 -4.848522 -0.000000 0.000000 1.000000 0.000000
0.990737 0.135795 0.000000 142.125299 -0.135795 0.990737 -0.000000 -5.533564 -0.000000 0.000000 1.000000 0.000000
0.991020 0.133712 0.000000 142.649462 -0.133712 0.991020 -0.000000 -5.631561 -0.000000 0.000000 1.000000 0.000000
0.991581 0.129491 0.000000 143.872494 -0.129491 0.991581 -0.000000 -5.829275 -0.000000 0.000000 1.000000 0.000000
0.991351 0.131234 0.000000 145.075850 -0.131234 0.991351 -0.000000 -6.022519 -0.000000 0.000000 1.000000 0.000000
0.991413 0.130769 0.000000 145.688731 -0.130769 0.991413 -0.000000 -6.142735 -0.000000 0.000000 1.000000 0.000000
0.991619 0.129194 0.000000 146.287235 -0.129194 0.991619 -0.000000 -6.142522 -0.000000 0.000000 1.000000 0.000000
0.991442 0.130550 0.000000 146.735633 -0.130550 0.991442 -0.000000 -6.283105 -0.000000 0.000000 1.000000 0.000000
0.991853 0.127390 0.000000 147.337584 -0.127390 0.991853 -0.000000 -6.420038 -0.000000 0.000000 1.000000 0.000000
0.992014 0.126129 0.000000 148.012022 -0.126129 0.992014 -0.000000 -6.423135 -0.000000 0.000000 1.000000 0.000000
0.991512 0.130017 0.000000 148.520988 -0.130017 0.991512 -0.000000 -6.617736 -0.000000 0.000000 1.000000 0.000000
0.991623 0.129168 0.000000 149.085190 -0.129168 0.991623 -0.000000 -6.725972 -0.000000 0.000000 1.000000 0.000000
0.991508 0.130046 0.000000 149.665276 -0.130046 0.991508 -0.000000 -6.822062 -0.000000 0.000000 1.000000 0.000000
0.990880 0.134748 0.000000 150.584490 -0.134748 0.990880 -0.000000 -6.972421 -0.000000 0.000000 1.000000 0.000000
0.990823 0.135163 0.000000 151.229798 -0.135163 0.990823 -0.000000 -7.099842 -0.000000 0.000000 1.000000 0.000000
0.990984 0.133977 0.000000 151.921803 -0.133977 0.990984 -0.000000 -7.235661 -0.000000 0.000000 1.000000 0.000000
0.991018 0.133731 0.000000 152.544902 -0.133731 0.991018 -0.000000 -7.302306 -0.000000 0.000000 1.000000 0.000000
0.991305 0.131586 0.000000 152.899215 -0.131586 0.991305 -0.000000 -6.978522 -0.000000 0.000000 1.000000 0.000000
0.991117 0.132996 0.000000 153.446053 -0.132996 0.991117 -0.000000 -7.065545 -0.000000 0.000000 1.000000 0.000000
0.991019 0.133721 0.000000 154.069927 -0.133721 0.991019 -0.000000 -7.116109 -0.000000 0.000000 1.000000 0.000000
0.990872 0.134805 0.000000 154.693495 -0.134805 0.990872 -0.000000 -7.201981 -0.000000 0.000000 1.000000 0.000000
0.990786 0.135439 0.000000 155.376822 -0.135439 0.990786 -0.000000 -7.323836 -0.000000 0.000000 1.000000 0.000000
0.990893 0.134654 0.000000 155.906517 -0.134654 0.990893 -0.000000 -7.443779 -0.000000 0.000000 1.000000 0.000000
0.991022 0.133701 0.000000 156.479452 -0.133701 0.991022 -0.000000 -7.562999 -0.000000 0.000000 1.000000 0.000000
0.991294 0.131664 0.000000 157.006193 -0.131664 0.991294 -0.000000 -7.664364 -0.000000 0.000000 1.000000 0.000000
0.991311 0.131536 0.000000 157.602606 -0.131536 0.991311 -0.000000 -7.728986 -0.000000 0.000000 1.000000 0.000000
0.991282 0.131761 0.000000 158.191252 -0.131761 0.991282 -0.000000 -7.795839 -0.000000 0.000000 1.000000 0.000000
0.992078 0.125623 0.000000 158.650647 -0.125623 0.992078 -0.000000 -7.822508 -0.000000 0.000000 1.000000 0.000000
0.991907 0.126963 0.000000 159.255876 -0.126963 0.991907 -0.000000 -7.907247 -0.000000 0.000000 1.000000 0.000000
0.991763 0.128083 0.000000 160.379226 -0.128083 0.991763 -0.000000 -8.155412 -0.000000 0.000000 1.000000 0.000000
0.992016 0.126114 0.000000 160.924175 -0.126114 0.992016 -0.000000 -8.284183 -0.000000 0.000000 1.000000 0.000000
0.992070 0.125686 0.000000 161.477662 -0.125686 0.992070 -0.000000 -8.357723 -0.000000 0.000000 1.000000 0.000000
0.991864 0.127302 0.000000 162.105956 -0.127302 0.991864 -0.000000 -8.373697 -0.000000 0.000000 1.000000 0.000000
0.991843 0.127464 0.000000 162.677469 -0.127464 0.991843 -0.000000 -8.462512 -0.000000 0.000000 1.000000 0.000000
0.991645 0.128997 0.000000 163.765598 -0.128997 0.991645 -0.000000 -8.616821 -0.000000 0.000000 1.000000 0.000000
0.991374 0.131060 0.000000 164.370145 -0.131060 0.991374 -0.000000 -8.690507 -0.000000 0.000000 1.000000 0.000000
0.991379 0.131023 0.000000 164.842946 -0.131023 0.991379 -0.000000 -8.896531 -0.000000 0.000000 1.000000 0.000000
0.991490 0.130183 0.000000 165.409002 -0.130183 0.991490 -0.000000 -8.985767 -0.000000 0.000000 1.000000 0.000000
0.991395 0.130902 0.000000 166.071285 -0.130902 0.991395 -0.000000 -9.129590 -0.000000 0.000000 1.000000 0.000000
0.991316 0.131505 0.000000 166.523375 -0.131505 0.991316 -0.000000 -9.236729 -0.000000 0.000000 1.000000 0.000000
0.991033 0.133619 0.000000 167.294757 -0.133619 0.991033 -0.000000 -9.351784 -0.000000 0.000000 1.000000 0.000000
0.990913 0.134507 0.000000 167.907599 -0.134507 0.990913 -0.000000 -9.402834 -0.000000 0.000000 1.000000 0.000000
0.991041 0.133559 0.000000 168.623483 -0.133559 0.991041 -0.000000 -9.528408 -0.000000 0.000000 1.000000 0.000000
0.991033 0.133616 0.000000 169.285410 -0.133616 0.991033 -0.000000 -9.542452 -0.000000 0.000000 1.000000 0.000000
0.991283 0.131751 0.000000 169.820030 -0.131751 0.991283 -0.000000 -9.618050 -0.000000 0.000000 1.000000 0.000000
0.991081 0.133259 0.000000 170.229234 -0.133259 0.991081 -0.000000 -9.577177 -0.000000 0.000000 1.000000 0.000000
0.991122 0.132952 0.000000 170.838116 -0.132952 0.991122 -0.000000 -9.663883 -0.000000 0.000000 1.000000 0.000000
0.991341 0.131312 0.000000 171.497460 -0.131312 0.991341 -0.000000 -9.761199 -0.000000 0.000000 1.000000 0.000000
0.991159 0.132681 0.000000 172.192653 -0.132681 0.991159 -0.000000 -9.859066 -0.000000 0.000000 1.000000 0.000000
0.991249 0.132008 0.000000 172.779548 -0.132008 0.991249 -0.000000 -9.965458 -0.000000 0.000000 1.000000 0.000000
0.991374 0.131066 0.000000 173.285788 -0.131066 0.991374 -0.000000 -10.025545 -0.000000 0.000000 1.000000 0.000000
0.991280 0.131775 0.000000 173.831173 -0.131775 0.991280 -0.000000 -10.077968 -0.000000 0.000000 1.000000 0.000000
0.991535 0.129843 0.000000 174.424466 -0.129843 0.991535 -0.000000 -10.185413 -0.000000 0.000000 1.000000 0.000000
0.991559 0.129654 0.000000 175.008247 -0.129654 0.991559 -0.000000 -10.280558 -0.000000 0.000000 1.000000 0.000000
0.991404 0.130838 0.000000 175.642720 -0.130838 0.991404 -0.000000 -10.371105 -0.000000 0.000000 1.000000 0.000000
0.991362 0.131150 0.000000 176.222861 -0.131150 0.991362 -0.000000 -10.499815 -0.000000 0.000000 1.000000 0.000000
0.991166 0.132625 0.000000 176.815596 -0.132625 0.991166 -0.000000 -10.594446 -0.000000 0.000000 1.000000 0.000000
0.992131 0.125205 0.000000 177.138979 -0.125205 0.992131 -0.000000 -10.849326 -0.000000 0.000000 1.000000 0.000000
0.992381 0.123210 0.000000 177.759168 -0.123210 0.992381 -0.000000 -10.940715 -0.000000 0.000000 1.000000 0.000000
0.992314 0.123744 0.000000 178.604465 -0.123744 0.992314 -0.000000 -11.023671 -0.000000 0.000000 1.000000 0.000000
0.992168 0.124913 0.000000 179.219989 -0.124913 0.992168 -0.000000 -11.175774 -0.000000 0.000000 1.000000 0.000000
0.992251 0.124251 0.000000 179.936671 -0.124251 0.992251 -0.000000 -11.308633 -0.000000 0.000000 1.000000 0.000000
0.992895 0.118997 0.000000 180.489445 -0.118997 0.992895 -0.000000 -11.415904 -0.000000 0.000000 1.000000 0.000000
0.992685 0.120731 0.000000 181.074256 -0.120731 0.992685 -0.000000 -11.497101 -0.000000 0.000000 1.000000 0.000000
0.992817 0.119640 0.000000 181.501019 -0.119640 0.992817 -0.000000 -11.566001 -0.000000 0.000000 1.000000 0.000000
0.992715 0.120488 0.000000 182.086342 -0.120488 0.992715 -0.000000 -11.649390 -0.000000 0.000000 1.000000 0.000000
0.992679 0.120781 0.000000 182.744012 -0.120781 0.992679 -0.000000 -11.772328 -0.000000 0.000000 1.000000 0.000000
0.992769 0.120038 0.000000 183.338530 -0.120038 0.992769 -0.000000 -11.828483 -0.000000 0.000000 1.000000 0.000000
0.992840 0.119448 0.000000 184.058050 -0.119448 0.992840 -0.000000 -11.906192 -0.000000 0.000000 1.000000 0.000000
0.992928 0.118720 0.000000 184.747250 -0.118720 0.992928 -0.000000 -12.005635 -0.000000 0.000000 1.000000 0.000000
0.992976 0.118313 0.000000 185.359600 -0.118313 0.992976 -0.000000 -12.075276 -0.000000 0.000000 1.000000 0.000000
0.992785 0.119909 0.000000 185.957156 -0.119909 0.992785 -0.000000 -12.145543 -0.000000 0.000000 1.000000 0.000000
0.993020 0.117947 0.000000 186.468912 -0.117947 0.993020 -0.000000 -12.271110 -0.000000 0.000000 1.000000 0.000000
0.992857 0.119311 0.000000 187.159817 -0.119311 0.992857 -0.000000 -12.345316 -0.000000 0.000000 1.000000 0.000000
0.993192 0.116491 0.000000 187.622353 -0.116491 0.993192 -0.000000 -12.470874 -0.000000 0.000000 1.000000 0.000000
0.992999 0.118124 0.000000 188.215758 -0.118124 0.992999 -0.000000 -12.529171 -0.000000 0.000000 1.000000 0.000000
0.993219 0.116254 0.000000 188.874964 -0.116254 0.993219 -0.000000 -12.606272 -0.000000 0.000000 1.000000 0.000000
0.993618 0.112797 0.000000 189.454827 -0.112797 0.993618 -0.000000 -12.694846 -0.000000 0.000000 1.000000 0.000000
0.993932 0.109996 0.000000 190.057244 -0.109996 0.993932 -0.000000 -12.658578 -0.000000 0.000000 1.000000 0.000000
0.993841 0.110811 0.000000 190.573055 -0.110811 0.993841 -0.000000 -12.720091 -0.000000 0.000000 1.000000 0.000000
0.993656 0.112462 0.000000 191.224184 -0.112462 0.993656 -0.000000 -12.830042 -0.000000 0.000000 1.000000 0.000000
0.993500 0.113834 0.000000 191.787675 -0.113834 0.993500 -0.000000 -12.838458 -0.000000 0.000000 1.000000 0.000000
0.993384 0.114844 0.000000 192.406725 -0.114844 0.993384 -0.000000 -12.967064 -0.000000 0.000000 1.000000 0.000000
0.993372 0.114942 0.000000 193.114876 -0.114942 0.993372 -0.000000 -13.037236 -0.000000 0.000000 1.000000 0.000000
0.993518 0.113679 0.000000 194.013534 -0.113679 0.993518 -0.000000 -13.249705 -0.000000 0.000000 1.000000 0.000000
0.993230 0.116163 0.000000 194.587162 -0.116163 0.993230 -0.000000 -13.328794 -0.000000 0.000000 1.000000 0.000000
0.992938 0.118637 0.000000 195.220337 -0.118637 0.992938 -0.000000 -13.417844 -0.000000 0.000000 1.000000 0.000000
0.992857 0.119314 0.000000 195.708853 -0.119314 0.992857 -0.000000 -13.494817 -0.000000 0.000000 1.000000 0.000000
0.992532 0.121987 0.000000 196.534664 -0.121987 0.992532 -0.000000 -13.533794 -0.000000 0.000000 1.000000 0.000000
0.992766 0.120063 0.000000 197.149576 -0.120063 0.992766 -0.000000 -13.620590 -0.000000 0.000000 1.000000 0.000000
0.992888 0.119049 0.000000 197.792630 -0.119049 0.992888 -0.000000 -13.675911 -0.000000 0.000000 1.000000 0.000000
0.993358 0.115064 0.000000 198.417553 -0.115064 0.993358 -0.000000 -13.759357 -0.000000 0.000000 1.000000 0.000000
0.993243 0.116056 0.000000 198.922275 -0.116056 0.993243 -0.000000 -13.837208 -0.000000 0.000000 1.000000 0.000000
0.993373 0.114937 0.000000 200.049978 -0.114937 0.993373 -0.000000 -13.993833 -0.000000 0.000000 1.000000 0.000000
0.993443 0.114331 0.000000 200.600198 -0.114331 0.993443 -0.000000 -14.028644 -0.000000 0.000000 1.000000 0.000000
0.993512 0.113729 0.000000 201.551171 -0.113729 0.993512 -0.000000 -14.205308 -0.000000 0.000000 1.000000 0.000000
0.993329 0.115318 0.000000 202.334312 -0.115318 0.993329 -0.000000 -14.309061 -0.000000 0.000000 1.000000 0.000000
0.993612 0.112851 0.000000 203.358254 -0.112851 0.993612 -0.000000 -14.443470 -0.000000 0.000000 1.000000 0.000000
0.993667 0.112366 0.000000 204.029033 -0.112366 0.993667 -0.000000 -14.621440 -0.000000 0.000000 1.000000 0.000000
0.993555 0.113350 0.000000 204.634238 -0.113350 0.993555 -0.000000 -14.713288 -0.000000 0.000000 1.000000 0.000000
0.993420 0.114524 0.000000 205.247815 -0.114524 0.993420 -0.000000 -14.783610 -0.000000 0.000000 1.000000 0.000000
0.993612 0.112853 0.000000 205.780763 -0.112853 0.993612 -0.000000 -14.884473 -0.000000 0.000000 1.000000 0.000000
0.993608 0.112888 0.000000 206.495521 -0.112888 0.993608 -0.000000 -15.006062 -0.000000 0.000000 1.000000 0.000000
0.993508 0.113759 0.000000 207.196488 -0.113759 0.993508 -0.000000 -15.103014 -0.000000 0.000000 1.000000 0.000000
0.993213 0.116307 0.000000 208.286811 -0.116307 0.993213 -0.000000 -15.331073 -0.000000 0.000000 1.000000 0.000000
0.993270 0.115824 0.000000 208.842818 -0.115824 0.993270 -0.000000 -15.449045 -0.000000 0.000000 1.000000 0.000000
