0.999999 0.001685 0.000000 0.456015 -0.001685 0.999999 -0.000000 -0.287155 -0.000000 0.000000 1.000000 0.000000
0.999990 0.004392 0.000000 1.124835 -0.004392 0.999990 -0.000000 -0.341617 -0.000000 0.000000 1.000000 0.000000
0.999993 0.003855 0.000000 1.693273 -0.003855 0.999993 -0.000000 -0.360931 -0.000000 0.000000 1.000000 0.000000
0.999982 0.005973 0.000000 2.203876 -0.005973 0.999982 -0.000000 -0.396609 -0.000000 0.000000 1.000000 0.000000
0.999978 0.006649 0.000000 2.980258 -0.006649 0.999978 -0.000000 -0.195203 -0.000000 0.000000 1.000000 0.000000
0.999956 0.009384 0.000000 3.447628 -0.009384 0.999956 -0.000000 -0.249783 -0.000000 0.000000 1.000000 0.000000
0.999964 0.008507 0.000000 3.696067 -0.008507 0.999964 -0.000000 -0.298482 -0.000000 0.000000 1.000000 0.000000
0.999958 0.009125 0.000000 4.426722 -0.009125 0.999958 -0.000000 -0.324813 -0.000000 0.000000 1.000000 0.000000
0.999937 0.011264 0.000000 4.997769 -0.011264 0.999937 -0.000000 -0.406776 -0.000000 0.000000 1.000000 0.000000
0.999730 0.023252 0.000000 5.577348 -0.023252 0.999730 -0.000000 -0.897357 -0.000000 0.000000 1.000000 0.000000
0.999668 0.025769 0.000000 6.500874 -0.025769 0.999668 -0.000000 -0.785197 -0.000000 0.000000 1.000000 0.000000
0.999679 0.025323 0.000000 7.176080 -0.025323 0.999679 -0.000000 -0.779169 -0.000000 0.000000 1.000000 0.000000
0.999609 0.027970 0.000000 7.822595 -0.027970 0.999609 -0.000000 -0.768252 -0.000000 0.000000 1.000000 0.000000
0.999556 0.029782 0.000000 8.354373 -0.029782 0.999556 -0.000000 -0.735163 -0.000000 0.000000 1.000000 0.000000
0.999450 0.033165 0.000000 8.956522 -0.033165 0.999450 -0.000000 -0.797231 -0.000000 0.000000 1.000000 0.000000
0.999426 0.033879 0.000000 9.519491 -0.033879 0.999426 -0.000000 -0.781436 -0.000000 0.000000 1.000000 0.000000
0.999200 0.039991 0.000000 10.208518 -0.039991 0.999200 -0.000000 -1.109501 -0.000000 0.000000 1.000000 0.000000
0.999123 0.041876 0.000000 10.861518 -0.041876 0.999123 -0.000000 -1.130651 -0.000000 0.000000 1.000000 0.000000
0.998993 0.044859 0.000000 11.376255 -0.044859 0.998993 -0.000000 -1.138542 -0.000000 0.000000 1.000000 0.000000
0.998920 0.046462 0.000000 11.926681 -0.046462 0.998920 -0.000000 -1.132393 -0.000000 0.000000 1.000000 0.000000
0.998803 0.048910 0.000000 12.511265 -0.048910 0.998803 -0.000000 -1.074802 -0.000000 0.000000 1.000000 0.000000
0.998915 0.046573 0.000000 13.137827 -0.046573 0.998915 -0.000000 -1.183035 -0.000000 0.000000 1.000000 0.000000
0.998748 0.050026 0.000000 13.620301 -0.050026 0.998748 -0.000000 -1.167327 -0.000000 0.000000 1.000000 0.000000
0.998733 0.050329 0.000000 14.394518 -0.050329 0.998733 -0.000000 -1.218970 -0.000000 0.000000 1.000000 0.000000
0.998665 0.051647 0.000000 14.906073 -0.051647 0.998665 -0.000000 -1.187087 -0.000000 0.000000 1.000000 0.000000
0.998687 0.051232 0.000000 15.350560 -0.051232 0.998687 -0.000000 -1.146530 -0.000000 0.000000 1.000000 0.000000
0.998579 0.053290 0.000000 15.981398 -0.053290 0.998579 -0.000000 -1.289682 -0.000000 0.000000 1.000000 0.000000
0.998582 0.053231 0.000000 16.416539 -0.053231 0.998582 -0.000000 -1.439138 -0.000000 0.000000 1.000000 0.000000
0.998674 0.051478 0.000000 17.137043 -0.051478 0.998674 -0.000000 -1.521512 -0.000000 0.000000 1.000000 0.000000
0.998782 0.049345 0.000000 17.830690 -0.049345 0.998782 -0.000000 -1.515667 -0.000000 0.000000 1.000000 0.000000
0.998621 0.052491 0.000000 18.429423 -0.052491 0.998621 -0.000000 -1.880769 -0.000000 0.000000 1.000000 0.000000
0.998521 0.054363 0.000000 18.991791 -0.054363 0.998521 -0.000000 -1.893903 -0.000000 0.000000 1.000000 0.000000
0.998204 0.059906 0.000000 19.526183 -0.059906 0.998204 -0.000000 -1.926405 -0.000000 0.000000 1.000000 0.000000
0.997916 0.064523 0.000000 20.111080 -0.064523 0.997916 -0.000000 -2.083594 -0.000000 0.000000 1.000000 0.000000
0.997865 0.065316 0.000000 20.435744 -0.065316 0.997865 -0.000000 -2.106764 -0.000000 0.000000 1.000000 0.000000
0.997878 0.065104 0.000000 20.986901 -0.065104 0.997878 -0.000000 -2.143371 -0.000000 0.000000 1.000000 0.000000
0.997827 0.065892 0.000000 21.504935 -0.065892 0.997827 -0.000000 -2.198634 -0.000000 0.000000 1.000000 0.000000
0.997361 0.072604 0.000000 22.682991 -0.072604 0.997361 -0.000000 -2.229354 -0.000000 0.000000 1.000000 0.000000
0.954655 0.297715 0.000000 23.325187 -0.297715 0.954655 -0.000000 -2.614224 -0.000000 0.000000 1.000000 0.000000
0.953491 0.301421 0.000000 23.858529 -0.301421 0.953491 -0.000000 -2.898241 -0.000000 0.000000 1.000000 0.000000
0.953184 0.302392 0.000000 24.517554 -0.302392 0.953184 -0.000000 -3.122769 -0.000000 0.000000 1.000000 0.000000
0.951773 0.306804 0.000000 25.053334 -0.306804 0.951773 -0.000000 -3.443938 -0.000000 0.000000 1.000000 0.000000
0.952316 0.305113 0.000000 25.518458 -0.305113 0.952316 -0.000000 -3.497520 -0.000000 0.000000 1.000000 0.000000
0.950939 0.309378 0.000000 25.792486 -0.309378 0.950939 -0.000000 -3.628640 -0.000000 0.000000 1.000000 0.000000
0.950057 0.312076 0.000000 26.090626 -0.312076 0.950057 -0.000000 -3.803700 -0.000000 0.000000 1.000000 0.000000
0.947879 0.318632 0.000000 27.031348 -0.318632 0.947879 -0.000000 -4.234247 -0.000000 0.000000 1.000000 0.000000
0.947345 0.320216 0.000000 27.450234 -0.320216 0.947345 -0.000000 -4.163159 -0.000000 0.000000 1.000000 0.000000
0.947925 0.318495 0.000000 27.764253 -0.318495 0.947925 -0.000000 -4.272748 -0.000000 0.000000 1.000000 0.000000
0.949404 0.314057 0.000000 28.329206 -0.314057 0.949404 -0.000000 -4.475431 -0.000000 0.000000 1.000000 0.000000
0.948132 0.317877 0.000000 28.927486 -0.317877 0.948132 -0.000000 -4.503601 -0.000000 0.000000 1.000000 0.000000
0.945971 0.324250 0.000000 29.656662 -0.324250 0.945971 -0.000000 -4.731132 -0.000000 0.000000 1.000000 0.000000
0.944934 0.327261 0.000000 30.166277 -0.327261 0.944934 -0.000000 -4.913712 -0.000000 0.000000 1.000000 0.000000
0.943767 0.330611 0.000000 30.514564 -0.330611 0.943767 -0.000000 -5.035200 -0.000000 0.000000 1.000000 0.000000
0.942703 0.333634 0.000000 30.952736 -0.333634 0.942703 -0.000000 -5.071053 -0.000000 0.000000 1.000000 0.000000
0.941630 0.336651 0.000000 31.576726 -0.336651 0.941630 -0.000000 -5.175759 -0.000000 0.000000 1.000000 0.000000
0.941251 0.337707 0.000000 32.200328 -0.337707 0.941251 -0.000000 -5.429120 -0.000000 0.000000 1.000000 0.000000
0.940138 0.340795 0.000000 32.643678 -0.340795 0.940138 -0.000000 -5.603538 -0.000000 0.000000 1.000000 0.000000
0.939627 0.342200 0.000000 32.932745 -0.342200 0.939627 -0.000000 -5.761327 -0.000000 0.000000 1.000000 0.000000
0.939875 0.341517 0.000000 33.537059 -0.341517 0.939875 -0.000000 -5.951297 -0.000000 0.000000 1.000000 0.000000
0.938346 0.345697 0.000000 33.811178 -0.345697 0.938346 -0.000000 -6.216691 -0.000000 0.000000 1.000000 0.000000
0.937736 0.347348 0.000000 34.705339 -0.347348 0.937736 -0.000000 -6.387916 -0.000000 0.000000 1.000000 0.000000
0.936169 0.351551 0.000000 35.109806 -0.351551 0.936169 -0.000000 -6.343664 -0.000000 0.000000 1.000000 0.000000
0.935679 0.352851 0.000000 35.594071 -0.352851 0.935679 -0.000000 -6.455130 -0.000000 0.000000 1.000000 0.000000
0.935698 0.352803 0.000000 36.095606 -0.352803 0.935698 -0.000000 -6.645093 -0.000000 0.000000 1.000000 0.000000
0.935539 0.353223 0.000000 36.537200 -0.353223 0.935539 -0.000000 -6.751743 -0.000000 0.000000 1.000000 0.000000
0.935528 0.353253 0.000000 36.829074 -0.353253 0.935528 -0.000000 -7.034788 -0.000000 0.000000 1.000000 0.000000
0.935021 0.354591 0.000000 37.404715 -0.354591 0.935021 -0.000000 -7.218450 -0.000000 0.000000 1.000000 0.000000
0.934297 0.356496 0.000000 37.798825 -0.356496 0.934297 -0.000000 -7.555875 -0.000000 0.000000 1.000000 0.000000
0.933475 0.358644 0.000000 38.303318 -0.358644 0.933475 -0.000000 -7.577113 -0.000000 0.000000 1.000000 0.000000
0.935232 0.354036 0.000000 38.872960 -0.354036 0.935232 -0.000000 -7.666361 -0.000000 0.000000 1.000000 0.000000
0.935253 0.353980 0.000000 39.384560 -0.353980 0.935253 -0.000000 -7.880261 -0.000000 0.000000 1.000000 0.000000
0.933720 0.358004 0.000000 39.686835 -0.358004 0.933720 -0.000000 -7.980277 -0.000000 0.000000 1.000000 0.000000
0.931746 0.363109 0.000000 39.818840 -0.363109 0.931746 -0.000000 -8.021344 -0.000000 0.000000 1.000000 0.000000
0.930960 0.365121 0.000000 40.232824 -0.365121 0.930960 -0.000000 -8.338166 -0.000000 0.000000 1.000000 0.000000
0.930166 0.367138 0.000000 41.206190 -0.367138 0.930166 -0.000000 -8.582281 -0.000000 0.000000 1.000000 0.000000
0.928896 0.370342 0.000000 41.634069 -0.370342 0.928896 -0.000000 -8.709424 -0.000000 0.000000 1.000000 0.000000
0.928088 0.372362 0.000000 42.171738 -0.372362 0.928088 -0.000000 -8.906844 -0.000000 0.000000 1.000000 0.000000
0.926786 0.375589 0.000000 43.015248 -0.375589 0.926786 -0.000000 -9.313921 -0.000000 0.000000 1.000000 0.000000
0.925622 0.378448 0.000000 43.582744 -0.378448 0.925622 -0.000000 -9.597079 -0.000000 0.000000 1.000000 0.000000
0.925930 0.377696 0.000000 43.894092 -0.377696 0.925930 -0.000000 -9.729194 -0.000000 0.000000 1.000000 0.000000
0.924266 0.381749 0.000000 44.747310 -0.381749 0.924266 -0.000000 -10.127937 -0.000000 0.000000 1.000000 0.000000
0.924151 0.382026 0.000000 45.223206 -0.382026 0.924151 -0.000000 -10.285475 -0.000000 0.000000 1.000000 0.000000
0.923057 0.384663 0.000000 45.524166 -0.384663 0.923057 -0.000000 -10.432232 -0.000000 0.000000 1.000000 0.000000
0.922695 0.385530 0.000000 45.983970 -0.385530 0.922695 -0.000000 -10.637942 -0.000000 0.000000 1.000000 0.000000
0.920490 0.390767 0.000000 46.607581 -0.390767 0.920490 -0.000000 -10.912979 -0.000000 0.000000 1.000000 0.000000
0.920287 0.391244 0.000000 47.121659 -0.391244 0.920287 -0.000000 -11.184001 -0.000000 0.000000 1.000000 0.000000
0.920078 0.391734 0.000000 47.692987 -0.391734 0.920078 -0.000000 -11.394153 -0.000000 0.000000 1.000000 0.000000
0.919557 0.392956 0.000000 48.046787 -0.392956 0.919557 -0.000000 -11.545610 -0.000000 0.000000 1.000000 0.000000
0.919185 0.393825 0.000000 48.227389 -0.393825 0.919185 -0.000000 -11.731040 -0.000000 0.000000 1.000000 0.000000
0.919901 0.392151 0.000000 48.726955 -0.392151 0.919901 -0.000000 -11.881212 -0.000000 0.000000 1.000000 0.000000
0.919919 0.392109 0.000000 48.875346 -0.392109 0.919919 -0.000000 -11.970919 -0.000000 0.000000 1.000000 0.000000
0.920391 0.390999 0.000000 49.497550 -0.390999 0.920391 -0.000000 -12.175544 -0.000000 0.000000 1.000000 0.000000
0.920046 0.391810 0.000000 49.840715 -0.391810 0.920046 -0.000000 -12.280528 -0.000000 0.000000 1.000000 0.000000
0.920345 0.391109 0.000000 50.079053 -0.391109 0.920345 -0.000000 -12.374113 -0.000000 0.000000 1.000000 0.000000
0.920162 0.391537 0.000000 50.475442 -0.391537 0.920162 -0.000000 -12.533431 -0.000000 0.000000 1.000000 0.000000
0.920041 0.391822 0.000000 51.001354 -0.391822 0.920041 -0.000000 -12.696289 -0.000000 0.000000 1.000000 0.000000
0.919284 0.393594 0.000000 51.288244 -0.393594 0.919284 -0.000000 -12.777746 -0.000000 0.000000 1.000000 0.000000
0.917292 0.398215 0.000000 51.459106 -0.398215 0.917292 -0.000000 -13.008913 -0.000000 0.000000 1.000000 0.000000
0.916115 0.400915 0.000000 51.662151 -0.400915 0.916115 -0.000000 -13.067900 -0.000000 0.000000 1.000000 0.000000
0.914844 0.403808 0.000000 51.987157 -0.403808 0.914844 -0.000000 -13.263457 -0.000000 0.000000 1.000000 0.000000
0.912155 0.409846 0.000000 52.397675 -0.409846 0.912155 -0.000000 -13.170571 -0.000000 0.000000 1.000000 0.000000
0.914786 0.403938 0.000000 52.743626 -0.403938 0.914786 -0.000000 -13.338603 -0.000000 0.000000 1.000000 0.000000
0.914127 0.405427 0.000000 53.102675 -0.405427 0.914127 -0.000000 -13.540292 -0.000000 0.000000 1.000000 0.000000
0.912721 0.408584 0.000000 53.378144 -0.408584 0.912721 -0.000000 -13.641473 -0.000000 0.000000 1.000000 0.000000
0.912834 0.408331 0.000000 53.649126 -0.408331 0.912834 -0.000000 -13.742866 -0.000000 0.000000 1.000000 0.000000
0.913498 0.406844 0.000000 53.957606 -0.406844 0.913498 -0.000000 -13.844456 -0.000000 0.000000 1.000000 0.000000
0.912436 0.409219 0.000000 54.115531 -0.409219 0.912436 -0.000000 -14.020527 -0.000000 0.000000 1.000000 0.000000
0.908619 0.417626 0.000000 54.334072 -0.417626 0.908619 -0.000000 -14.232513 -0.000000 0.000000 1.000000 0.000000
0.909776 0.415100 0.000000 54.559984 -0.415100 0.909776 -0.000000 -14.418313 -0.000000 0.000000 1.000000 0.000000
0.909402 0.415918 0.000000 54.736554 -0.415918 0.909402 -0.000000 -14.577313 -0.000000 0.000000 1.000000 0.000000
0.910102 0.414384 0.000000 54.814819 -0.414384 0.910102 -0.000000 -14.618608 -0.000000 0.000000 1.000000 0.000000
0.907683 0.419655 0.000000 54.904859 -0.419655 0.907683 -0.000000 -14.714609 -0.000000 0.000000 1.000000 0.000000
0.906796 0.421570 0.000000 55.093380 -0.421570 0.906796 -0.000000 -14.772923 -0.000000 0.000000 1.000000 0.000000
0.903451 0.428691 0.000000 55.315902 -0.428691 0.903451 -0.000000 -14.674403 -0.000000 0.000000 1.000000 0.000000
0.904030 0.427468 0.000000 55.611580 -0.427468 0.904030 -0.000000 -14.746888 -0.000000 0.000000 1.000000 0.000000
0.903487 0.428616 0.000000 55.981486 -0.428616 0.903487 -0.000000 -14.971371 -0.000000 0.000000 1.000000 0.000000
0.903222 0.429174 0.000000 56.241957 -0.429174 0.903222 -0.000000 -15.119829 -0.000000 0.000000 1.000000 0.000000
0.902697 0.430277 0.000000 56.487555 -0.430277 0.902697 -0.000000 -15.287538 -0.000000 0.000000 1.000000 0.000000
0.902635 0.430407 0.000000 56.827608 -0.430407 0.902635 -0.000000 -15.239731 -0.000000 0.000000 1.000000 0.000000
0.899750 0.436406 0.000000 57.101936 -0.436406 0.899750 -0.000000 -15.460039 -0.000000 0.000000 1.000000 0.000000
0.898931 0.438091 0.000000 57.477355 -0.438091 0.898931 -0.000000 -15.683135 -0.000000 0.000000 1.000000 0.000000
0.900049 0.435788 0.000000 57.560957 -0.435788 0.900049 -0.000000 -15.693992 -0.000000 0.000000 1.000000 0.000000
0.898673 0.438619 0.000000 57.660460 -0.438619 0.898673 -0.000000 -15.842476 -0.000000 0.000000 1.000000 0.000000
0.897507 0.441000 0.000000 57.739827 -0.441000 0.897507 -0.000000 -15.974861 -0.000000 0.000000 1.000000 0.000000
0.894884 0.446300 0.000000 58.004401 -0.446300 0.894884 -0.000000 -16.089714 -0.000000 0.000000 1.000000 0.000000
0.895974 0.444106 0.000000 58.187799 -0.444106 0.895974 -0.000000 -16.248759 -0.000000 0.000000 1.000000 0.000000
0.895743 0.444573 0.000000 58.414987 -0.444573 0.895743 -0.000000 -16.458269 -0.000000 0.000000 1.000000 0.000000
0.896622 0.442796 0.000000 58.500684 -0.442796 0.896622 -0.000000 -16.382893 -0.000000 0.000000 1.000000 0.000000
0.894965 0.446137 0.000000 58.697413 -0.446137 0.894965 -0.000000 -16.504718 -0.000000 0.000000 1.000000 0.000000
0.894419 0.447230 0.000000 58.762688 -0.447230 0.894419 -0.000000 -16.597891 -0.000000 0.000000 1.000000 0.000000
0.893090 0.449879 0.000000 58.843942 -0.449879 0.893090 -0.000000 -16.707293 -0.000000 0.000000 1.000000 0.000000
0.893073 0.449913 0.000000 58.942694 -0.449913 0.893073 -0.000000 -16.765321 -0.000000 0.000000 1.000000 0.000000
0.894282 0.447504 0.000000 59.130745 -0.447504 0.894282 -0.000000 -16.794563 -0.000000 0.000000 1.000000 0.000000
0.893568 0.448927 0.000000 59.285534 -0.448927 0.893568 -0.000000 -16.826055 -0.000000 0.000000 1.000000 0.000000
0.894268 0.447532 0.000000 59.304506 -0.447532 0.894268 -0.000000 -17.218027 -0.000000 0.000000 1.000000 0.000000
0.893840 0.448386 0.000000 59.472429 -0.448386 0.893840 -0.000000 -17.293655 -0.000000 0.000000 1.000000 0.000000
0.893105 0.449848 0.000000 59.708766 -0.449848 0.893105 -0.000000 -17.442562 -0.000000 0.000000 1.000000 0.000000
0.891448 0.453123 0.000000 59.843464 -0.453123 0.891448 -0.000000 -17.581309 -0.000000 0.000000 1.000000 0.000000
0.891911 0.452210 0.000000 59.749163 -0.452210 0.891911 -0.000000 -17.805881 -0.000000 0.000000 1.000000 0.000000
0.891937 0.452159 0.000000 60.078044 -0.452159 0.891937 -0.000000 -17.880914 -0.000000 0.000000 1.000000 0.000000
0.891708 0.452612 0.000000 59.905970 -0.452612 0.891708 -0.000000 -18.062505 -0.000000 0.000000 1.000000 0.000000
0.891136 0.453737 0.000000 60.015057 -0.453737 0.891136 -0.000000 -18.109508 -0.000000 0.000000 1.000000 0.000000
0.892456 0.451134 0.000000 59.902601 -0.451134 0.892456 -0.000000 -18.043017 -0.000000 0.000000 1.000000 0.000000
0.890844 0.454308 0.000000 60.120961 -0.454308 0.890844 -0.000000 -18.203689 -0.000000 0.000000 1.000000 0.000000
0.890523 0.454938 0.000000 60.268228 -0.454938 0.890523 -0.000000 -18.305758 -0.000000 0.000000 1.000000 0.000000
0.890531 0.454922 0.000000 60.605723 -0.454922 0.890531 -0.000000 -18.436705 -0.000000 0.000000 1.000000 0.000000
0.889715 0.456516 0.000000 60.824917 -0.456516 0.889715 -0.000000 -18.624780 -0.000000 0.000000 1.000000 0.000000
0.890350 0.455277 0.000000 60.864333 -0.455277 0.890350 -0.000000 -18.778786 -0.000000 0.000000 1.000000 0.000000
0.887280 0.461231 0.000000 61.454644 -0.461231 0.887280 -0.000000 -19.109494 -0.000000 0.000000 1.000000 0.000000
0.887126 0.461527 0.000000 61.635616 -0.461527 0.887126 -0.000000 -19.213237 -0.000000 0.000000 1.000000 0.000000
0.885683 0.464291 0.000000 61.802648 -0.464291 0.885683 -0.000000 -19.280801 -0.000000 0.000000 1.000000 0.000000
0.885541 0.464561 0.000000 62.030553 -0.464561 0.885541 -0.000000 -19.261936 -0.000000 0.000000 1.000000 0.000000
0.885373 0.464882 0.000000 62.251665 -0.464882 0.885373 -0.000000 -19.322492 -0.000000 0.000000 1.000000 0.000000
0.884130 0.467241 0.000000 62.582985 -0.467241 0.884130 -0.000000 -19.588504 -0.000000 0.000000 1.000000 0.000000
0.884225 0.467060 0.000000 62.845226 -0.467060 0.884225 -0.000000 -19.804593 -0.000000 0.000000 1.000000 0.000000
0.882335 0.470622 0.000000 62.946143 -0.470622 0.882335 -0.000000 -19.970193 -0.000000 0.000000 1.000000 0.000000
0.882787 0.469773 0.000000 63.156560 -0.469773 0.882787 -0.000000 -20.195108 -0.000000 0.000000 1.000000 0.000000
0.881623 0.471955 0.000000 63.518866 -0.471955 0.881623 -0.000000 -20.256258 -0.000000 0.000000 1.000000 0.000000
0.881365 0.472436 0.000000 63.764004 -0.472436 0.881365 -0.000000 -20.413217 -0.000000 0.000000 1.000000 0.000000
0.880582 0.473894 0.000000 64.018693 -0.473894 0.880582 -0.000000 -20.659353 -0.000000 0.000000 1.000000 0.000000
0.881446 0.472285 0.000000 64.305561 -0.472285 0.881446 -0.000000 -20.659957 -0.000000 0.000000 1.000000 0.000000
0.881194 0.472755 0.000000 64.357516 -0.472755 0.881194 -0.000000 -20.635962 -0.000000 0.000000 1.000000 0.000000
0.880737 0.473606 0.000000 64.589713 -0.473606 0.880737 -0.000000 -20.867600 -0.000000 0.000000 1.000000 0.000000
0.882436 0.470433 0.000000 65.275420 -0.470433 0.882436 -0.000000 -21.149665 -0.000000 0.000000 1.000000 0.000000
0.885294 0.465031 0.000000 65.596189 -0.465031 0.885294 -0.000000 -21.197204 -0.000000 0.000000 1.000000 0.000000
0.884677 0.466204 0.000000 65.947545 -0.466204 0.884677 -0.000000 -21.381541 -0.000000 0.000000 1.000000 0.000000
0.884726 0.466112 0.000000 66.134072 -0.466112 0.884726 -0.000000 -21.551409 -0.000000 0.000000 1.000000 0.000000
0.883717 0.468022 0.000000 66.673170 -0.468022 0.883717 -0.000000 -21.776968 -0.000000 0.000000 1.000000 0.000000
0.882430 0.470444 0.000000 67.307719 -0.470444 0.882430 -0.000000 -22.148864 -0.000000 0.000000 1.000000 0.000000
0.882927 0.469510 0.000000 67.633027 -0.469510 0.882927 -0.000000 -22.297569 -0.000000 0.000000 1.000000 0.000000
0.884258 0.466998 0.000000 67.917728 -0.466998 0.884258 -0.000000 -22.474895 -0.000000 0.000000 1.000000 0.000000
0.884574 0.466400 0.000000 68.259013 -0.466400 0.884574 -0.000000 -22.694120 -0.000000 0.000000 1.000000 0.000000
0.885029 0.465535 0.000000 68.346344 -0.465535 0.885029 -0.000000 -22.882899 -0.000000 0.000000 1.000000 0.000000
0.883286 0.468835 0.000000 68.736068 -0.468835 0.883286 -0.000000 -23.245529 -0.000000 0.000000 1.000000 0.000000
0.883263 0.468878 0.000000 69.025336 -0.468878 0.883263 -0.000000 -23.396290 -0.000000 0.000000 1.000000 0.000000
0.881986 0.471275 0.000000 69.904773 -0.471275 0.881986 -0.000000 -23.733827 -0.000000 0.000000 1.000000 0.000000
0.882564 0.470193 0.000000 70.783252 -0.470193 0.882564 -0.000000 -24.133810 -0.000000 0.000000 1.000000 0.000000
0.882025 0.471203 0.000000 71.089588 -0.471203 0.882025 -0.000000 -24.331038 -0.000000 0.000000 1.000000 0.000000
0.881776 0.471668 0.000000 71.645467 -0.471668 0.881776 -0.000000 -24.548709 -0.000000 0.000000 1.000000 0.000000
0.880854 0.473388 0.000000 72.061604 -0.473388 0.880854 -0.000000 -24.839605 -0.000000 0.000000 1.000000 0.000000
0.881505 0.472175 0.000000 72.597250 -0.472175 0.881505 -0.000000 -24.980692 -0.000000 0.000000 1.000000 0.000000
0.879430 0.476029 0.000000 72.922552 -0.476029 0.879430 -0.000000 -25.331888 -0.000000 0.000000 1.000000 0.000000
0.877951 0.478750 0.000000 73.342932 -0.478750 0.877951 -0.000000 -25.496784 -0.000000 0.000000 1.000000 0.000000
0.875948 0.482406 0.000000 73.809339 -0.482406 0.875948 -0.000000 -25.792563 -0.000000 0.000000 1.000000 0.000000
0.873853 0.486190 0.000000 74.138965 -0.486190 0.873853 -0.000000 -25.951106 -0.000000 0.000000 1.000000 0.000000
0.873403 0.486998 0.000000 74.533319 -0.486998 0.873403 -0.000000 -26.265488 -0.000000 0.000000 1.000000 0.000000
0.872921 0.487861 0.000000 75.009219 -0.487861 0.872921 -0.000000 -26.464309 -0.000000 0.000000 1.000000 0.000000
0.872608 0.488422 0.000000 75.848683 -0.488422 0.872608 -0.000000 -26.884768 -0.000000 0.000000 1.000000 0.000000
0.871588 0.490239 0.000000 76.280481 -0.490239 0.871588 -0.000000 -27.137952 -0.000000 0.000000 1.000000 0.000000
0.873280 0.487218 0.000000 76.928159 -0.487218 0.873280 -0.000000 -27.347362 -0.000000 0.000000 1.000000 0.000000
0.881749 0.471719 0.000000 78.547030 -0.471719 0.881749 -0.000000 -26.630106 -0.000000 0.000000 1.000000 0.000000
0.880261 0.474489 0.000000 79.149500 -0.474489 0.880261 -0.000000 -27.063055 -0.000000 0.000000 1.000000 0.000000
0.878566 0.477621 0.000000 79.800700 -0.477621 0.878566 -0.000000 -27.477856 -0.000000 0.000000 1.000000 0.000000
0.885672 0.464311 0.000000 78.907351 -0.464311 0.885672 -0.000000 -29.057775 -0.000000 0.000000 1.000000 0.000000
0.881831 0.471566 0.000000 79.975935 -0.471566 0.881831 -0.000000 -29.557054 -0.000000 0.000000 1.000000 0.000000
0.880358 0.474310 0.000000 80.633419 -0.474310 0.880358 -0.000000 -29.948116 -0.000000 0.000000 1.000000 0.000000
0.879812 0.475321 0.000000 81.220052 -0.475321 0.879812 -0.000000 -30.123618 -0.000000 0.000000 1.000000 0.000000
0.878013 0.478636 0.000000 81.679407 -0.478636 0.878013 -0.000000 -30.491615 -0.000000 0.000000 1.000000 0.000000
0.876768 0.480914 0.000000 82.135176 -0.480914 0.876768 -0.000000 -30.723520 -0.000000 0.000000 1.000000 0.000000
0.875688 0.482878 0.000000 82.657453 -0.482878 0.875688 -0.000000 -31.067148 -0.000000 0.000000 1.000000 0.000000
0.873505 0.486816 0.000000 83.117880 -0.486816 0.873505 -0.000000 -31.453095 -0.000000 0.000000 1.000000 0.000000
0.870035 0.492989 0.000000 84.035234 -0.492989 0.870035 -0.000000 -31.845553 -0.000000 0.000000 1.000000 0.000000
0.869159 0.494532 0.000000 84.601075 -0.494532 0.869159 -0.000000 -32.228755 -0.000000 0.000000 1.000000 0.000000
0.868052 0.496473 0.000000 85.232379 -0.496473 0.868052 -0.000000 -32.479866 -0.000000 0.000000 1.000000 0.000000
0.867336 0.497724 0.000000 85.675463 -0.497724 0.867336 -0.000000 -32.836030 -0.000000 0.000000 1.000000 0.000000
0.866211 0.499678 0.000000 86.181933 -0.499678 0.866211 -0.000000 -33.155550 -0.000000 0.000000 1.000000 0.000000
0.864224 0.503107 0.000000 86.691926 -0.503107 0.864224 -0.000000 -33.448848 -0.000000 0.000000 1.000000 0.000000
0.864662 0.502355 0.000000 87.174697 -0.502355 0.864662 -0.000000 -33.748115 -0.000000 0.000000 1.000000 0.000000
0.863714 0.503982 0.000000 88.057880 -0.503982 0.863714 -0.000000 -34.271193 -0.000000 0.000000 1.000000 0.000000
0.861596 0.507595 0.000000 88.633455 -0.507595 0.861596 -0.000000 -34.621051 -0.000000 0.000000 1.000000 0.000000
0.861940 0.507010 0.000000 89.073859 -0.507010 0.861940 -0.000000 -34.798319 -0.000000 0.000000 1.000000 0.000000
0.861125 0.508393 0.000000 89.662123 -0.508393 0.861125 -0.000000 -35.155837 -0.000000 0.000000 1.000000 0.000000
0.858550 0.512730 0.000000 90.253059 -0.512730 0.858550 -0.000000 -35.455569 -0.000000 0.000000 1.000000 0.000000
0.859408 0.511290 0.000000 90.791106 -0.511290 0.859408 -0.000000 -35.710158 -0.000000 0.000000 1.000000 0.000000
0.858520 0.512780 0.000000 91.256645 -0.512780 0.858520 -0.000000 -36.030516 -0.000000 0.000000 1.000000 0.000000
0.857607 0.514305 0.000000 91.837206 -0.514305 0.857607 -0.000000 -36.398692 -0.000000 0.000000 1.000000 0.000000
0.858586 0.512670 0.000000 92.400530 -0.512670 0.858586 -0.000000 -36.702523 -0.000000 0.000000 1.000000 0.000000
0.858054 0.513559 0.000000 93.047637 -0.513559 0.858054 -0.000000 -37.029948 -0.000000 0.000000 1.000000 0.000000
0.858359 0.513050 0.000000 93.689000 -0.513050 0.858359 -0.000000 -37.410683 -0.000000 0.000000 1.000000 0.000000
0.857609 0.514302 0.000000 94.085204 -0.514302 0.857609 -0.000000 -37.674505 -0.000000 0.000000 1.000000 0.000000
0.855238 0.518236 0.000000 94.793790 -0.518236 0.855238 -0.000000 -38.215288 -0.000000 0.000000 1.000000 0.000000
0.854595 0.519296 0.000000 95.364173 -0.519296 0.854595 -0.000000 -38.647335 -0.000000 0.000000 1.000000 0.000000
0.853394 0.521267 0.000000 95.873456 -0.521267 0.853394 -0.000000 -38.955505 -0.000000 0.000000 1.000000 0.000000
0.853019 0.521879 0.000000 96.801114 -0.521879 0.853019 -0.000000 -39.437368 -0.000000 0.000000 1.000000 0.000000
0.852585 0.522589 0.000000 97.394367 -0.522589 0.852585 -0.000000 -39.790052 -0.000000 0.000000 1.000000 0.000000
0.851567 0.524246 0.000000 97.919739 -0.524246 0.851567 -0.000000 -40.036815 -0.000000 0.000000 1.000000 0.000000
0.850895 0.525335 0.000000 98.438025 -0.525335 0.850895 -0.000000 -40.417823 -0.000000 0.000000 1.000000 0.000000
0.850251 0.526377 0.000000 99.017362 -0.526377 0.850251 -0.000000 -40.794930 -0.000000 0.000000 1.000000 0.000000
0.849664 0.527324 0.000000 99.542445 -0.527324 0.849664 -0.000000 -41.185584 -0.000000 0.000000 1.000000 0.000000
0.847815 0.530293 0.000000 99.967982 -0.530293 0.847815 -0.000000 -41.639848 -0.000000 0.000000 1.000000 0.000000
0.848513 0.529174 0.000000 101.056777 -0.529174 0.848513 -0.000000 -42.290714 -0.000000 0.000000 1.000000 0.000000
0.848306 0.529506 0.000000 101.594973 -0.529506 0.848306 -0.000000 -42.645692 -0.000000 0.000000 1.000000 0.000000
0.847579 0.530670 0.000000 102.112500 -0.530670 0.847579 -0.000000 -42.980015 -0.000000 0.000000 1.000000 0.000000
0.847138 0.531373 0.000000 102.552739 -0.531373 0.847138 -0.000000 -43.393538 -0.000000 0.000000 1.000000 0.000000
0.894802 0.446463 0.000000 103.714052 -0.446463 0.894802 -0.000000 -43.022505 -0.000000 0.000000 1.000000 0.000000
0.894633 0.446803 0.000000 104.215520 -0.446803 0.894633 -0.000000 -43.119847 -0.000000 0.000000 1.000000 0.000000
0.894858 0.446351 0.000000 104.841205 -0.446351 0.894858 -0.000000 -43.356322 -0.000000 0.000000 1.000000 0.000000
0.894371 0.447326 0.000000 105.339261 -0.447326 0.894371 -0.000000 -43.602271 -0.000000 0.000000 1.000000 0.000000
0.823280 0.567635 0.000000 105.154655 -0.567635 0.823280 -0.000000 -44.802073 -0.000000 0.000000 1.000000 0.000000
0.944811 0.327617 0.000000 109.909469 -0.327617 0.944811 -0.000000 -45.718401 -0.000000 0.000000 1.000000 0.000000
0.944034 0.329847 0.000000 110.554418 -0.329847 0.944034 -0.000000 -45.749319 -0.000000 0.000000 1.000000 0.000000
0.942863 0.333181 0.000000 111.205207 -0.333181 0.942863 -0.000000 -45.996140 -0.000000 0.000000 1.000000 0.000000
0.942189 0.335081 0.000000 111.701846 -0.335081 0.942189 -0.000000 -46.185744 -0.000000 0.000000 1.000000 0.000000
0.941485 0.337056 0.000000 112.237858 -0.337056 0.941485 -0.000000 -46.424839 -0.000000 0.000000 1.000000 0.000000
0.941971 0.335694 0.000000 112.793786 -0.335694 0.941971 -0.000000 -46.536552 -0.000000 0.000000 1.000000 0.000000
0.940055 0.341023 0.000000 113.502041 -0.341023 0.940055 -0.000000 -46.883777 -0.000000 0.000000 1.000000 0.000000
0.939421 0.342766 0.000000 114.164542 -0.342766 0.939421 -0.000000 -47.372332 -0.000000 0.000000 1.000000 0.000000
0.938593 0.345025 0.000000 114.831678 -0.345025 0.938593 -0.000000 -47.598214 -0.000000 0.000000 1.000000 0.000000
0.937512 0.347953 0.000000 115.230923 -0.347953 0.937512 -0.000000 -47.878129 -0.000000 0.000000 1.000000 0.000000
0.935762 0.352633 0.000000 116.281185 -0.352633 0.935762 -0.000000 -48.132823 -0.000000 0.000000 1.000000 0.000000
0.935653 0.352921 0.000000 116.857803 -0.352921 0.935653 -0.000000 -48.362927 -0.000000 0.000000 1.000000 0.000000
0.935961 0.352103 0.000000 117.334786 -0.352103 0.935961 -0.000000 -48.623327 -0.000000 0.000000 1.000000 0.000000
0.936033 0.351913 0.000000 117.940165 -0.351913 0.936033 -0.000000 -48.812290 -0.000000 0.000000 1.000000 0.000000
0.935947 0.352141 0.000000 118.537092 -0.352141 0.935947 -0.000000 -49.114215 -0.000000 0.000000 1.000000 0.000000
0.935145 0.354266 0.000000 119.530847 -0.354266 0.935145 -0.000000 -49.494479 -0.000000 0.000000 1.000000 0.000000
0.869814 0.493379 0.000000 126.556049 -0.493379 0.869814 -0.000000 -61.293216 -0.000000 0.000000 1.000000 0.000000
0.869880 0.493263 0.000000 127.090508 -0.493263 0.869880 -0.000000 -61.617034 -0.000000 0.000000 1.000000 0.000000
0.870204 0.492691 0.000000 127.562984 -0.492691 0.870204 -0.000000 -61.832146 -0.000000 0.000000 1.000000 0.000000
0.868992 0.494826 0.000000 128.249905 -0.494826 0.868992 -0.000000 -62.299456 -0.000000 0.000000 1.000000 0.000000
0.868371 0.495915 0.000000 128.761085 -0.495915 0.868371 -0.000000 -62.644739 -0.000000 0.000000 1.000000 0.000000
0.868277 0.496079 0.000000 129.312969 -0.496079 0.868277 -0.000000 -62.936419 -0.000000 0.000000 1.000000 0.000000
0.868898 0.494992 0.000000 129.829710 -0.494992 0.868898 -0.000000 -63.043209 -0.000000 0.000000 1.000000 0.000000
0.868561 0.495582 0.000000 130.286241 -0.495582 0.868561 -0.000000 -63.366661 -0.000000 0.000000 1.000000 0.000000
0.866651 0.498915 0.000000 131.383827 -0.498915 0.866651 -0.000000 -64.054461 -0.000000 0.000000 1.000000 0.000000
0.868502 0.495686 0.000000 131.865089 -0.495686 0.868502 -0.000000 -64.312239 -0.000000 0.000000 1.000000 0.000000
0.867754 0.496995 0.000000 132.408117 -0.496995 0.867754 -0.000000 -64.644348 -0.000000 0.000000 1.000000 0.000000
0.868204 0.496208 0.000000 132.915866 -0.496208 0.868204 -0.000000 -64.996416 -0.000000 0.000000 1.000000 0.000000
0.866914 0.498457 0.000000 133.362080 -0.498457 0.866914 -0.000000 -65.383285 -0.000000 0.000000 1.000000 0.000000
0.865609 0.500720 0.000000 133.876577 -0.500720 0.865609 -0.000000 -65.766510 -0.000000 0.000000 1.000000 0.000000
0.866867 0.498540 0.000000 134.554141 -0.498540 0.866867 -0.000000 -66.106386 -0.000000 0.000000 1.000000 0.000000
0.865646 0.500656 0.000000 135.032854 -0.500656 0.865646 -0.000000 -66.425521 -0.000000 0.000000 1.000000 0.000000
0.865042 0.501699 0.000000 135.447673 -0.501699 0.865042 -0.000000 -66.717934 -0.000000 0.000000 1.000000 0.000000
0.865238 0.501362 0.000000 135.980006 -0.501362 0.865238 -0.000000 -67.045357 -0.000000 0.000000 1.000000 0.000000
0.865125 0.501557 0.000000 136.668049 -0.501557 0.865125 -0.000000 -67.448325 -0.000000 0.000000 1.000000 0.000000
0.864818 0.502085 0.000000 137.154028 -0.502085 0.864818 -0.000000 -67.705519 -0.000000 0.000000 1.000000 0.000000
0.864725 0.502245 0.000000 137.677711 -0.502245 0.864725 -0.000000 -67.982374 -0.000000 0.000000 1.000000 0.000000
0.864437 0.502741 0.000000 138.135149 -0.502741 0.864437 -0.000000 -68.312237 -0.000000 0.000000 1.000000 0.000000
0.861940 0.507011 0.000000 138.506390 -0.507011 0.861940 -0.000000 -68.694345 -0.000000 0.000000 1.000000 0.000000
0.861370 0.507978 0.000000 139.105238 -0.507978 0.861370 -0.000000 -69.140490 -0.000000 0.000000 1.000000 0.000000
0.861011 0.508587 0.000000 139.708835 -0.508587 0.861011 -0.000000 -69.577158 -0.000000 0.000000 1.000000 0.000000
0.860855 0.508851 0.000000 140.169145 -0.508851 0.860855 -0.000000 -69.868366 -0.000000 0.000000 1.000000 0.000000
0.858500 0.512814 0.000000 140.584251 -0.512814 0.858500 -0.000000 -70.315954 -0.000000 0.000000 1.000000 0.000000
0.859883 0.510491 0.000000 141.155672 -0.510491 0.859883 -0.000000 -70.463162 -0.000000 0.000000 1.000000 0.000000
0.857766 0.514041 0.000000 141.740902 -0.514041 0.857766 -0.000000 -70.784647 -0.000000 0.000000 1.000000 0.000000
0.858445 0.512906 0.000000 142.299066 -0.512906 0.858445 -0.000000 -71.083906 -0.000000 0.000000 1.000000 0.000000
0.854799 0.518959 0.000000 142.760331 -0.518959 0.854799 -0.000000 -71.706534 -0.000000 0.000000 1.000000 0.000000
0.854845 0.518883 0.000000 143.327019 -0.518883 0.854845 -0.000000 -72.232521 -0.000000 0.000000 1.000000 0.000000
0.855056 0.518535 0.000000 143.906002 -0.518535 0.855056 -0.000000 -72.473340 -0.000000 0.000000 1.000000 0.000000
0.857125 0.515109 0.000000 144.368874 -0.515109 0.857125 -0.000000 -72.642136 -0.000000 0.000000 1.000000 0.000000
0.855314 0.518109 0.000000 144.904421 -0.518109 0.855314 -0.000000 -72.927327 -0.000000 0.000000 1.000000 0.000000
0.854505 0.519443 0.000000 145.349355 -0.519443 0.854505 -0.000000 -73.160131 -0.000000 0.000000 1.000000 0.000000
0.854354 0.519692 0.000000 145.994767 -0.519692 0.854354 -0.000000 -73.614158 -0.000000 0.000000 1.000000 0.000000
0.854237 0.519884 0.000000 146.611798 -0.519884 0.854237 -0.000000 -73.966091 -0.000000 0.000000 1.000000 0.000000
0.852692 0.522414 0.000000 147.075244 -0.522414 0.852692 -0.000000 -74.064615 -0.000000 0.000000 1.000000 0.000000
0.853401 0.521256 0.000000 147.663583 -0.521256 0.853401 -0.000000 -74.500493 -0.000000 0.000000 1.000000 0.000000
0.851301 0.524678 0.000000 148.189757 -0.524678 0.851301 -0.000000 -74.903808 -0.000000 0.000000 1.000000 0.000000
0.850634 0.525758 0.000000 148.776553 -0.525758 0.850634 -0.000000 -75.203434 -0.000000 0.000000 1.000000 0.000000
0.849048 0.528315 0.000000 149.121878 -0.528315 0.849048 -0.000000 -75.489575 -0.000000 0.000000 1.000000 0.000000
0.848674 0.528917 0.000000 149.805301 -0.528917 0.848674 -0.000000 -75.787860 -0.000000 0.000000 1.000000 0.000000
0.848210 0.529660 0.000000 150.075779 -0.529660 0.848210 -0.000000 -76.046966 -0.000000 0.000000 1.000000 0.000000
0.848315 0.529492 0.000000 150.722110 -0.529492 0.848315 -0.000000 -76.489097 -0.000000 0.000000 1.000000 0.000000
0.848183 0.529703 0.000000 151.334197 -0.529703 0.848183 -0.000000 -76.874553 -0.000000 0.000000 1.000000 0.000000
0.845995 0.533190 0.000000 151.923821 -0.533190 0.845995 -0.000000 -77.262099 -0.000000 0.000000 1.000000 0.000000
0.842768 0.538278 0.000000 152.566353 -0.538278 0.842768 -0.000000 -77.758327 -0.000000 0.000000 1.000000 0.000000
0.841315 0.540546 0.000000 152.798327 -0.540546 0.841315 -0.000000 -78.017361 -0.000000 0.000000 1.000000 0.000000
0.842741 0.538319 0.000000 153.713350 -0.538319 0.842741 -0.000000 -78.641593 -0.000000 0.000000 1.000000 0.000000
0.841294 0.540578 0.000000 154.246433 -0.540578 0.841294 -0.000000 -78.895097 -0.000000 0.000000 1.000000 0.000000
0.840025 0.542548 0.000000 154.577443 -0.542548 0.840025 -0.000000 -79.154179 -0.000000 0.000000 1.000000 0.000000
0.839097 0.543981 0.000000 155.123369 -0.543981 0.839097 -0.000000 -79.463312 -0.000000 0.000000 1.000000 0.000000
0.838175 0.545402 0.000000 155.609883 -0.545402 0.838175 -0.000000 -79.759289 -0.000000 0.000000 1.000000 0.000000
0.839513 0.543339 0.000000 156.219886 -0.543339 0.839513 -0.000000 -80.214875 -0.000000 0.000000 1.000000 0.000000
0.839836 0.542840 0.000000 156.802935 -0.542840 0.839836 -0.000000 -80.572694 -0.000000 0.000000 1.000000 0.000000
0.836225 0.548387 0.000000 157.325753 -0.548387 0.836225 -0.000000 -81.003864 -0.000000 0.000000 1.000000 0.000000
0.835160 0.550007 0.000000 157.896813 -0.550007 0.835160 -0.000000 -81.442349 -0.000000 0.000000 1.000000 0.000000
0.833664 0.552271 0.000000 158.184127 -0.552271 0.833664 -0.000000 -81.664872 -0.000000 0.000000 1.000000 0.000000
0.833087 0.553142 0.000000 158.690347 -0.553142 0.833087 -0.000000 -82.058591 -0.000000 0.000000 1.000000 0.000000
0.833798 0.552069 0.000000 159.712936 -0.552069 0.833798 -0.000000 -82.654455 -0.000000 0.000000 1.000000 0.000000
0.834325 0.551272 0.000000 160.054540 -0.551272 0.834325 -0.000000 -82.779819 -0.000000 0.000000 1.000000 0.000000
0.834402 0.551157 0.000000 160.518712 -0.551157 0.834402 -0.000000 -82.902358 -0.000000 0.000000 1.000000 0.000000
0.835471 0.549534 0.000000 160.998361 -0.549534 0.835471 -0.000000 -83.134572 -0.000000 0.000000 1.000000 0.000000
0.835285 0.549817 0.000000 161.584355 -0.549817 0.835285 -0.000000 -83.476472 -0.000000 0.000000 1.000000 0.000000
0.834650 0.550781 0.000000 162.068910 -0.550781 0.834650 -0.000000 -83.761364 -0.000000 0.000000 1.000000 0.000000
0.834673 0.550746 0.000000 162.634138 -0.550746 0.834673 -0.000000 -84.106781 -0.000000 0.000000 1.000000 0.000000
0.835344 0.549728 0.000000 162.946128 -0.549728 0.835344 -0.000000 -84.288954 -0.000000 0.000000 1.000000 0.000000
0.834938 0.550344 0.000000 163.483848 -0.550344 0.834938 -0.000000 -84.604660 -0.000000 0.000000 1.000000 0.000000
0.835027 0.550209 0.000000 163.703815 -0.550209 0.835027 -0.000000 -84.771262 -0.000000 0.000000 1.000000 0.000000
0.834278 0.551345 0.000000 164.200758 -0.551345 0.834278 -0.000000 -84.933844 -0.000000 0.000000 1.000000 0.000000
0.833590 0.552384 0.000000 164.605425 -0.552384 0.833590 -0.000000 -85.105674 -0.000000 0.000000 1.000000 0.000000
0.834526 0.550968 0.000000 164.943978 -0.550968 0.834526 -0.000000 -85.354367 -0.000000 0.000000 1.000000 0.000000
0.833981 0.551794 0.000000 165.345928 -0.551794 0.833981 -0.000000 -85.638426 -0.000000 0.000000 1.000000 0.000000
0.834790 0.550568 0.000000 165.812974 -0.550568 0.834790 -0.000000 -85.907552 -0.000000 0.000000 1.000000 0.000000
0.837341 0.546681 0.000000 166.413593 -0.546681 0.837341 -0.000000 -86.147897 -0.000000 0.000000 1.000000 0.000000
0.837295 0.546751 0.000000 167.001818 -0.546751 0.837295 -0.000000 -86.452970 -0.000000 0.000000 1.000000 0.000000
0.838076 0.545553 0.000000 167.406820 -0.545553 0.838076 -0.000000 -86.773966 -0.000000 0.000000 1.000000 0.000000
0.837910 0.545808 0.000000 167.960345 -0.545808 0.837910 -0.000000 -87.059987 -0.000000 0.000000 1.000000 0.000000
0.838256 0.545277 0.000000 168.402003 -0.545277 0.838256 -0.000000 -87.330409 -0.000000 0.000000 1.000000 0.000000
0.838435 0.545002 0.000000 168.891102 -0.545002 0.838435 -0.000000 -87.706043 -0.000000 0.000000 1.000000 0.000000
0.840870 0.541237 0.000000 169.613129 -0.541237 0.840870 -0.000000 -87.889873 -0.000000 0.000000 1.000000 0.000000
0.843199 0.537602 0.000000 170.048484 -0.537602 0.843199 -0.000000 -88.176162 -0.000000 0.000000 1.000000 0.000000
0.844153 0.536102 0.000000 170.681750 -0.536102 0.844153 -0.000000 -88.404740 -0.000000 0.000000 1.000000 0.000000
0.844858 0.534991 0.000000 171.331103 -0.534991 0.844858 -0.000000 -88.652181 -0.000000 0.000000 1.000000 0.000000
0.847229 0.531227 0.000000 171.925028 -0.531227 0.847229 -0.000000 -89.056956 -0.000000 0.000000 1.000000 0.000000
0.849544 0.527518 0.000000 172.363875 -0.527518 0.849544 -0.000000 -89.357676 -0.000000 0.000000 1.000000 0.000000
0.852272 0.523099 0.000000 172.801161 -0.523099 0.852272 -0.000000 -89.579485 -0.000000 0.000000 1.000000 0.000000
0.854937 0.518733 0.000000 173.066544 -0.518733 0.854937 -0.000000 -89.739375 -0.000000 0.000000 1.000000 0.000000
0.856501 0.516145 0.000000 173.410901 -0.516145 0.856501 -0.000000 -90.016494 -0.000000 0.000000 1.000000 0.000000
0.860815 0.508918 0.000000 174.231401 -0.508918 0.860815 -0.000000 -90.489307 -0.000000 0.000000 1.000000 0.000000
0.864023 0.503452 0.000000 174.633054 -0.503452 0.864023 -0.000000 -90.774160 -0.000000 0.000000 1.000000 0.000000
0.832934 0.553372 0.000000 174.060104 -0.553372 0.832934 -0.000000 -90.094670 -0.000000 0.000000 1.000000 0.000000
0.836091 0.548590 0.000000 174.322947 -0.548590 0.836091 -0.000000 -90.293079 -0.000000 0.000000 1.000000 0.000000
