0.999997 -0.002442 0.000000 0.713001 0.002442 0.999997 0.000000 -0.023511 0.000000 0.000000 1.000000 0.000000
0.999998 -0.002039 0.000000 0.989163 0.002039 0.999998 0.000000 -0.025152 0.000000 0.000000 1.000000 0.000000
0.999982 -0.006020 0.000000 1.713839 0.006020 0.999982 0.000000 -0.033104 0.000000 0.000000 1.000000 0.000000
0.999985 -0.005465 0.000000 2.405366 0.005465 0.999985 0.000000 -0.018376 0.000000 0.000000 1.000000 0.000000
0.999992 -0.003963 0.000000 3.138214 0.003963 0.999992 0.000000 -0.035744 0.000000 0.000000 1.000000 0.000000
0.999969 -0.007919 0.000000 3.918450 0.007919 0.999969 0.000000 -0.024243 0.000000 0.000000 1.000000 0.000000
0.999972 -0.007483 0.000000 4.693140 0.007483 0.999972 0.000000 -0.043537 0.000000 0.000000 1.000000 0.000000
0.999977 -0.006826 0.000000 5.772104 0.006826 0.999977 0.000000 -0.007200 0.000000 0.000000 1.000000 0.000000
0.999965 -0.008330 0.000000 6.285192 0.008330 0.999965 0.000000 -0.009749 0.000000 0.000000 1.000000 0.000000
0.999950 -0.009963 0.000000 7.058321 0.009963 0.999950 0.000000 0.024542 0.000000 0.000000 1.000000 0.000000
0.999947 -0.010305 0.000000 7.746574 0.010305 0.999947 0.000000 0.002653 0.000000 0.000000 1.000000 0.000000
0.999943 -0.010696 0.000000 9.063373 0.010696 0.999943 0.000000 -0.011073 0.000000 0.000000 1.000000 0.000000
0.999937 -0.011226 0.000000 10.018707 0.011226 0.999937 0.000000 -0.055797 0.000000 0.000000 1.000000 0.000000
0.999932 -0.011637 0.000000 10.473145 0.011637 0.999932 0.000000 -0.081380 0.000000 0.000000 1.000000 0.000000
0.999926 -0.012125 0.000000 11.465658 0.012125 0.999926 0.000000 -0.090053 0.000000 0.000000 1.000000 0.000000
0.999920 -0.012610 0.000000 12.239636 0.012610 0.999920 0.000000 -0.138686 0.000000 0.000000 1.000000 0.000000
0.999911 -0.013374 0.000000 12.934971 0.013374 0.999911 0.000000 -0.145589 0.000000 0.000000 1.000000 0.000000
0.999912 -0.013244 0.000000 13.428981 0.013244 0.999912 0.000000 -0.143612 0.000000 0.000000 1.000000 0.000000
0.999901 -0.014093 0.000000 13.763095 0.014093 0.999901 0.000000 -0.152820 0.000000 0.000000 1.000000 0.000000
0.999896 -0.014400 0.000000 14.299123 0.014400 0.999896 0.000000 -0.180719 0.000000 0.000000 1.000000 0.000000
0.999907 -0.013645 0.000000 14.721940 0.013645 0.999907 0.000000 -0.188815 0.000000 0.000000 1.000000 0.000000
0.999884 -0.015250 0.000000 15.359608 0.015250 0.999884 0.000000 -0.206404 0.000000 0.000000 1.000000 0.000000
0.999873 -0.015955 0.000000 15.788783 0.015955 0.999873 0.000000 -0.221972 0.000000 0.000000 1.000000 0.000000
0.999857 -0.016917 0.000000 16.344937 0.016917 0.999857 0.000000 -0.209734 0.000000 0.000000 1.000000 0.000000
0.999860 -0.016729 0.000000 16.485851 0.016729 0.999860 0.000000 -0.197744 0.000000 0.000000 1.000000 0.000000
0.999838 -0.017989 0.000000 17.132858 0.017989 0.999838 0.000000 -0.239549 0.000000 0.000000 1.000000 0.000000
0.999790 -0.020481 0.000000 17.933940 0.020481 0.999790 0.000000 -0.238775 0.000000 0.000000 1.000000 0.000000
0.999756 -0.022069 0.000000 18.355340 0.022069 0.999756 0.000000 -0.207710 0.000000 0.000000 1.000000 0.000000
0.999740 -0.022784 0.000000 19.066605 0.022784 0.999740 0.000000 -0.208661 0.000000 0.000000 1.000000 0.000000
0.999719 -0.023723 0.000000 19.634073 0.023723 0.999719 0.000000 -0.221404 0.000000 0.000000 1.000000 0.000000
0.999726 -0.023409 0.000000 20.457513 0.023409 0.999726 0.000000 -0.202355 0.000000 0.000000 1.000000 0.000000
0.999725 -0.023438 0.000000 21.217192 0.023438 0.999725 0.000000 -0.209532 0.000000 0.000000 1.000000 0.000000
0.999709 -0.024105 0.000000 21.775170 0.024105 0.999709 0.000000 -0.234163 0.000000 0.000000 1.000000 0.000000
0.999715 -0.023870 0.000000 22.392270 0.023870 0.999715 0.000000 -0.217690 0.000000 0.000000 1.000000 0.000000
0.999707 -0.024209 0.000000 22.983166 0.024209 0.999707 0.000000 -0.224534 0.000000 0.000000 1.000000 0.000000
0.999725 -0.023440 0.000000 23.435145 0.023440 0.999725 0.000000 -0.272245 0.000000 0.000000 1.000000 0.000000
0.999702 -0.024415 0.000000 24.046614 0.024415 0.999702 0.000000 -0.286105 0.000000 0.000000 1.000000 0.000000
0.999694 -0.024747 0.000000 24.629259 0.024747 0.999694 0.000000 -0.281900 0.000000 0.000000 1.000000 0.000000
0.999642 -0.026760 0.000000 25.273647 0.026760 0.999642 0.000000 -0.291938 0.000000 0.000000 1.000000 0.000000
0.999619 -0.027611 0.000000 25.434599 0.027611 0.999619 0.000000 -0.316245 0.000000 0.000000 1.000000 0.000000
0.999614 -0.027790 0.000000 26.125756 0.027790 0.999614 0.000000 -0.294611 0.000000 0.000000 1.000000 0.000000
0.999603 -0.028168 0.000000 26.887606 0.028168 0.999603 0.000000 -0.284439 0.000000 0.000000 1.000000 0.000000
0.999568 -0.029377 0.000000 27.240445 0.029377 0.999568 0.000000 -0.298948 0.000000 0.000000 1.000000 0.000000
0.999586 -0.028762 0.000000 27.815518 0.028762 0.999586 0.000000 -0.258471 0.000000 0.000000 1.000000 0.000000
0.999588 -0.028686 0.000000 28.438321 0.028686 0.999588 0.000000 -0.264366 0.000000 0.000000 1.000000 0.000000
0.999604 -0.028143 0.000000 29.049399 0.028143 0.999604 0.000000 -0.247063 0.000000 0.000000 1.000000 0.000000
0.999586 -0.028786 0.000000 29.317410 0.028786 0.999586 0.000000 -0.264934 0.000000 0.000000 1.000000 0.000000
0.999578 -0.029041 0.000000 30.081719 0.029041 0.999578 0.000000 -0.251959 0.000000 0.000000 1.000000 0.000000
0.999481 -0.032227 0.000000 30.974597 0.032227 0.999481 0.000000 -0.237083 0.000000 0.000000 1.000000 0.000000
0.999480 -0.032237 0.000000 31.636692 0.032237 0.999480 0.000000 -0.207830 0.000000 0.000000 1.000000 0.000000
0.999504 -0.031488 0.000000 32.435431 0.031488 0.999504 0.000000 -0.193556 0.000000 0.000000 1.000000 0.000000
0.999552 -0.029914 0.000000 33.075196 0.029914 0.999552 0.000000 -0.187372 0.000000 0.000000 1.000000 0.000000
0.999563 -0.029568 0.000000 33.721905 0.029568 0.999563 0.000000 -0.167805 0.000000 0.000000 1.000000 0.000000
0.999541 -0.030306 0.000000 34.172373 0.030306 0.999541 0.000000 -0.165814 0.000000 0.000000 1.000000 0.000000
0.999568 -0.029383 0.000000 34.726624 0.029383 0.999568 0.000000 -0.166287 0.000000 0.000000 1.000000 0.000000
0.999603 -0.028193 0.000000 35.400117 0.028193 0.999603 0.000000 -0.131607 0.000000 0.000000 1.000000 0.000000
0.999649 -0.026498 0.000000 35.514653 0.026498 0.999649 0.000000 -0.116427 0.000000 0.000000 1.000000 0.000000
0.999640 -0.026835 0.000000 36.192430 0.026835 0.999640 0.000000 -0.113462 0.000000 0.000000 1.000000 0.000000
0.999687 -0.025033 0.000000 36.616779 0.025033 0.999687 0.000000 -0.130643 0.000000 0.000000 1.000000 0.000000
0.999634 -0.027049 0.000000 37.124438 0.027049 0.999634 0.000000 -0.196196 0.000000 0.000000 1.000000 0.000000
0.999575 -0.029163 0.000000 37.674603 0.029163 0.999575 0.000000 -0.192979 0.000000 0.000000 1.000000 0.000000
0.999617 -0.027683 0.000000 38.254144 0.027683 0.999617 0.000000 -0.171381 0.000000 0.000000 1.000000 0.000000
0.999625 -0.027374 0.000000 39.055823 0.027374 0.999625 0.000000 -0.122915 0.000000 0.000000 1.000000 0.000000
0.999650 -0.026451 0.000000 39.750223 0.026451 0.999650 0.000000 -0.129173 0.000000 0.000000 1.000000 0.000000
0.999644 -0.026670 0.000000 40.209961 0.026670 0.999644 0.000000 -0.115346 0.000000 0.000000 1.000000 0.000000
0.999687 -0.025000 0.000000 40.668712 0.025000 0.999687 0.000000 -0.095835 0.000000 0.000000 1.000000 0.000000
0.999663 -0.025969 0.000000 41.372066 0.025969 0.999663 0.000000 -0.057983 0.000000 0.000000 1.000000 0.000000
0.999660 -0.026087 0.000000 41.793437 0.026087 0.999660 0.000000 -0.042187 0.000000 0.000000 1.000000 0.000000
0.999669 -0.025715 0.000000 42.440179 0.025715 0.999669 0.000000 -0.039904 0.000000 0.000000 1.000000 0.000000
0.999691 -0.024876 0.000000 43.081706 0.024876 0.999691 0.000000 -0.013951 0.000000 0.000000 1.000000 0.000000
0.999677 -0.025414 0.000000 44.096758 0.025414 0.999677 0.000000 0.016726 0.000000 0.000000 1.000000 0.000000
0.999686 -0.025060 0.000000 44.341692 0.025060 0.999686 0.000000 0.054611 0.000000 0.000000 1.000000 0.000000
0.999693 -0.024784 0.000000 45.306406 0.024784 0.999693 0.000000 0.054730 0.000000 0.000000 1.000000 0.000000
0.999748 -0.022467 0.000000 45.912642 0.022467 0.999748 0.000000 0.060007 0.000000 0.000000 1.000000 0.000000
0.999752 -0.022251 0.000000 46.695214 0.022251 0.999752 0.000000 0.104817 0.000000 0.000000 1.000000 0.000000
0.999724 -0.023500 0.000000 47.346247 0.023500 0.999724 0.000000 0.094621 0.000000 0.000000 1.000000 0.000000
0.999783 -0.020842 0.000000 47.891500 0.020842 0.999783 0.000000 0.095252 0.000000 0.000000 1.000000 0.000000
0.999758 -0.021979 0.000000 48.491602 0.021979 0.999758 0.000000 0.113884 0.000000 0.000000 1.000000 0.000000
0.999703 -0.024351 0.000000 48.381017 0.024351 0.999703 0.000000 0.094063 0.000000 0.000000 1.000000 0.000000
0.999691 -0.024844 0.000000 48.596689 0.024844 0.999691 0.000000 0.105461 0.000000 0.000000 1.000000 0.000000
0.999691 -0.024844 0.000000 48.827236 0.024844 0.999691 0.000000 0.147423 0.000000 0.000000 1.000000 0.000000
0.999713 -0.023955 0.000000 49.435315 0.023955 0.999713 0.000000 0.166112 0.000000 0.000000 1.000000 0.000000
0.999700 -0.024486 0.000000 50.102536 0.024486 0.999700 0.000000 0.162492 0.000000 0.000000 1.000000 0.000000
0.999651 -0.026410 0.000000 50.991653 0.026410 0.999651 0.000000 0.190977 0.000000 0.000000 1.000000 0.000000
0.999634 -0.027047 0.000000 51.349207 0.027047 0.999634 0.000000 0.197874 0.000000 0.000000 1.000000 0.000000
0.999639 -0.026876 0.000000 51.966223 0.026876 0.999639 0.000000 0.198918 0.000000 0.000000 1.000000 0.000000
0.999652 -0.026372 0.000000 52.319369 0.026372 0.999652 0.000000 0.210707 0.000000 0.000000 1.000000 0.000000
0.999627 -0.027306 0.000000 52.404564 0.027306 0.999627 0.000000 0.196631 0.000000 0.000000 1.000000 0.000000
0.999640 -0.026849 0.000000 52.973628 0.026849 0.999640 0.000000 0.194993 0.000000 0.000000 1.000000 0.000000
0.999631 -0.027151 0.000000 53.629636 0.027151 0.999631 0.000000 0.206782 0.000000 0.000000 1.000000 0.000000
0.999668 -0.025766 0.000000 54.140390 0.025766 0.999668 0.000000 0.189451 0.000000 0.000000 1.000000 0.000000
0.999616 -0.027717 0.000000 54.779831 0.027717 0.999616 0.000000 0.178645 0.000000 0.000000 1.000000 0.000000
0.999576 -0.029115 0.000000 55.253601 0.029115 0.999576 0.000000 0.186047 0.000000 0.000000 1.000000 0.000000
0.999564 -0.029534 0.000000 56.591481 0.029534 0.999564 0.000000 0.222304 0.000000 0.000000 1.000000 0.000000
0.999579 -0.028999 0.000000 57.124253 0.028999 0.999579 0.000000 0.271737 0.000000 0.000000 1.000000 0.000000
0.999600 -0.028291 0.000000 57.783488 0.028291 0.999600 0.000000 0.276178 0.000000 0.000000 1.000000 0.000000
0.999652 -0.026365 0.000000 58.424261 0.026365 0.999652 0.000000 0.274702 0.000000 0.000000 1.000000 0.000000
0.999664 -0.025939 0.000000 58.936902 0.025939 0.999664 0.000000 0.278518 0.000000 0.000000 1.000000 0.000000
0.999657 -0.026190 0.000000 59.391116 0.026190 0.999657 0.000000 0.282101 0.000000 0.000000 1.000000 0.000000
0.999647 -0.026559 0.000000 59.899331 0.026559 0.999647 0.000000 0.313417 0.000000 0.000000 1.000000 0.000000
0.999635 -0.027030 0.000000 60.513918 0.027030 0.999635 0.000000 0.315544 0.000000 0.000000 1.000000 0.000000
0.999650 -0.026452 0.000000 60.933088 0.026452 0.999650 0.000000 0.311309 0.000000 0.000000 1.000000 0.000000
0.999605 -0.028091 0.000000 61.315541 0.028091 0.999605 0.000000 0.314813 0.000000 0.000000 1.000000 0.000000
0.999622 -0.027505 0.000000 61.840616 0.027505 0.999622 0.000000 0.315140 0.000000 0.000000 1.000000 0.000000
0.999624 -0.027407 0.000000 62.433616 0.027407 0.999624 0.000000 0.330303 0.000000 0.000000 1.000000 0.000000
0.999605 -0.028121 0.000000 63.180544 0.028121 0.999605 0.000000 0.336261 0.000000 0.000000 1.000000 0.000000
0.999574 -0.029200 0.000000 63.310267 0.029200 0.999574 0.000000 0.326917 0.000000 0.000000 1.000000 0.000000
0.999533 -0.030566 0.000000 63.970777 0.030566 0.999533 0.000000 0.339323 0.000000 0.000000 1.000000 0.000000
0.999518 -0.031033 0.000000 64.572934 0.031033 0.999518 0.000000 0.331367 0.000000 0.000000 1.000000 0.000000
0.999500 -0.031610 0.000000 65.107250 0.031610 0.999500 0.000000 0.333444 0.000000 0.000000 1.000000 0.000000
0.999428 -0.033814 0.000000 65.798832 0.033814 0.999428 0.000000 0.338219 0.000000 0.000000 1.000000 0.000000
0.999456 -0.032966 0.000000 66.393172 0.032966 0.999456 0.000000 0.362432 0.000000 0.000000 1.000000 0.000000
0.999428 -0.033832 0.000000 67.005485 0.033832 0.999428 0.000000 0.367754 0.000000 0.000000 1.000000 0.000000
0.999363 -0.035692 0.000000 67.939870 0.035692 0.999363 0.000000 0.367994 0.000000 0.000000 1.000000 0.000000
0.999399 -0.034664 0.000000 68.453708 0.034664 0.999399 0.000000 0.367121 0.000000 0.000000 1.000000 0.000000
0.999408 -0.034416 0.000000 68.912933 0.034416 0.999408 0.000000 0.389324 0.000000 0.000000 1.000000 0.000000
0.999397 -0.034712 0.000000 69.292913 0.034712 0.999397 0.000000 0.414172 0.000000 0.000000 1.000000 0.000000
0.999407 -0.034422 0.000000 69.955080 0.034422 0.999407 0.000000 0.432212 0.000000 0.000000 1.000000 0.000000
0.999302 -0.037351 0.000000 70.598272 0.037351 0.999302 0.000000 0.466652 0.000000 0.000000 1.000000 0.000000
0.999274 -0.038106 0.000000 71.079693 0.038106 0.999274 0.000000 0.459210 0.000000 0.000000 1.000000 0.000000
0.999263 -0.038373 0.000000 71.715093 0.038373 0.999263 0.000000 0.461061 0.000000 0.000000 1.000000 0.000000
0.999262 -0.038423 0.000000 72.275824 0.038423 0.999262 0.000000 0.469769 0.000000 0.000000 1.000000 0.000000
0.999211 -0.039708 0.000000 73.293200 0.039708 0.999211 0.000000 0.487358 0.000000 0.000000 1.000000 0.000000
0.999212 -0.039687 0.000000 73.912155 0.039687 0.999212 0.000000 0.508370 0.000000 0.000000 1.000000 0.000000
0.999269 -0.038233 0.000000 74.530229 0.038233 0.999269 0.000000 0.505240 0.000000 0.000000 1.000000 0.000000
0.999249 -0.038750 0.000000 75.209426 0.038750 0.999249 0.000000 0.505599 0.000000 0.000000 1.000000 0.000000
0.999267 -0.038274 0.000000 75.767086 0.038274 0.999267 0.000000 0.523162 0.000000 0.000000 1.000000 0.000000
0.999206 -0.039845 0.000000 76.276113 0.039845 0.999206 0.000000 0.557744 0.000000 0.000000 1.000000 0.000000
0.999259 -0.038490 0.000000 76.829378 0.038490 0.999259 0.000000 0.535685 0.000000 0.000000 1.000000 0.000000
0.999259 -0.038478 0.000000 77.419144 0.038478 0.999259 0.000000 0.594328 0.000000 0.000000 1.000000 0.000000
0.999269 -0.038241 0.000000 78.065653 0.038241 0.999269 0.000000 0.606179 0.000000 0.000000 1.000000 0.000000
0.999242 -0.038933 0.000000 78.601931 0.038933 0.999242 0.000000 0.631664 0.000000 0.000000 1.000000 0.000000
0.999167 -0.040813 0.000000 79.248943 0.040813 0.999167 0.000000 0.716174 0.000000 0.000000 1.000000 0.000000
0.999186 -0.040331 0.000000 79.810951 0.040331 0.999186 0.000000 0.705618 0.000000 0.000000 1.000000 0.000000
0.999226 -0.039337 0.000000 80.345230 0.039337 0.999226 0.000000 0.722454 0.000000 0.000000 1.000000 0.000000
0.999257 -0.038533 0.000000 80.673047 0.038533 0.999257 0.000000 0.716076 0.000000 0.000000 1.000000 0.000000
0.999274 -0.038098 0.000000 81.077526 0.038098 0.999274 0.000000 0.757843 0.000000 0.000000 1.000000 0.000000
0.999407 -0.034428 0.000000 81.655541 0.034428 0.999407 0.000000 0.707882 0.000000 0.000000 1.000000 0.000000
0.999438 -0.033534 0.000000 82.146581 0.033534 0.999438 0.000000 0.731016 0.000000 0.000000 1.000000 0.000000
0.999428 -0.033806 0.000000 82.685279 0.033806 0.999428 0.000000 0.760909 0.000000 0.000000 1.000000 0.000000
0.999431 -0.033733 0.000000 83.244561 0.033733 0.999431 0.000000 0.783409 0.000000 0.000000 1.000000 0.000000
0.999471 -0.032537 0.000000 83.754224 0.032537 0.999471 0.000000 0.771311 0.000000 0.000000 1.000000 0.000000
0.999565 -0.029499 0.000000 84.254121 0.029499 0.999565 0.000000 0.760799 0.000000 0.000000 1.000000 0.000000
0.999616 -0.027703 0.000000 84.855943 0.027703 0.999616 0.000000 0.776349 0.000000 0.000000 1.000000 0.000000
0.999621 -0.027519 0.000000 85.344480 0.027519 0.999621 0.000000 0.776301 0.000000 0.000000 1.000000 0.000000
0.999664 -0.025924 0.000000 85.863610 0.025924 0.999664 0.000000 0.778169 0.000000 0.000000 1.000000 0.000000
0.999710 -0.024077 0.000000 86.320175 0.024077 0.999710 0.000000 0.767620 0.000000 0.000000 1.000000 0.000000
0.999738 -0.022886 0.000000 86.795102 0.022886 0.999738 0.000000 0.793850 0.000000 0.000000 1.000000 0.000000
0.999729 -0.023263 0.000000 87.285194 0.023263 0.999729 0.000000 0.858454 0.000000 0.000000 1.000000 0.000000
0.999722 -0.023586 0.000000 87.934669 0.023586 0.999722 0.000000 0.868821 0.000000 0.000000 1.000000 0.000000
0.999743 -0.022673 0.000000 88.538502 0.022673 0.999743 0.000000 0.884760 0.000000 0.000000 1.000000 0.000000
0.999758 -0.022010 0.000000 89.190568 0.022010 0.999758 0.000000 0.901316 0.000000 0.000000 1.000000 0.000000
0.999825 -0.018700 0.000000 89.865837 0.018700 0.999825 0.000000 0.883937 0.000000 0.000000 1.000000 0.000000
0.999849 -0.017384 0.000000 90.221211 0.017384 0.999849 0.000000 0.871666 0.000000 0.000000 1.000000 0.000000
0.999851 -0.017251 0.000000 90.908397 0.017251 0.999851 0.000000 0.904041 0.000000 0.000000 1.000000 0.000000
0.999868 -0.016233 0.000000 91.319032 0.016233 0.999868 0.000000 0.727987 0.000000 0.000000 1.000000 0.000000
0.999871 -0.016039 0.000000 91.908488 0.016039 0.999871 0.000000 0.735896 0.000000 0.000000 1.000000 0.000000
0.999879 -0.015548 0.000000 92.475687 0.015548 0.999879 0.000000 0.724225 0.000000 0.000000 1.000000 0.000000
0.999943 -0.010675 0.000000 93.616173 0.010675 0.999943 0.000000 0.714769 0.000000 0.000000 1.000000 0.000000
0.999932 -0.011644 0.000000 94.132402 0.011644 0.999932 0.000000 0.773100 0.000000 0.000000 1.000000 0.000000
0.999970 -0.007784 0.000000 94.636224 0.007784 0.999970 0.000000 0.713359 0.000000 0.000000 1.000000 0.000000
0.999987 -0.005183 0.000000 95.416667 0.005183 0.999987 0.000000 0.794048 0.000000 0.000000 1.000000 0.000000
0.999994 -0.003474 0.000000 95.933133 0.003474 0.999994 0.000000 0.806216 0.000000 0.000000 1.000000 0.000000
0.999999 0.001054 0.000000 96.401022 -0.001054 0.999999 -0.000000 0.757158 -0.000000 0.000000 1.000000 0.000000
0.999998 0.001999 0.000000 96.827925 -0.001999 0.999998 -0.000000 0.732382 -0.000000 0.000000 1.000000 0.000000
0.999991 0.004168 0.000000 97.290504 -0.004168 0.999991 -0.000000 0.785077 -0.000000 0.000000 1.000000 0.000000
0.999978 0.006592 0.000000 97.749991 -0.006592 0.999978 -0.000000 0.766424 -0.000000 0.000000 1.000000 0.000000
0.999969 0.007837 0.000000 98.574409 -0.007837 0.999969 -0.000000 0.791428 -0.000000 0.000000 1.000000 0.000000
0.999923 0.012426 0.000000 99.229707 -0.012426 0.999923 -0.000000 0.712938 -0.000000 0.000000 1.000000 0.000000
0.999886 0.015118 0.000000 99.670577 -0.015118 0.999886 -0.000000 0.692324 -0.000000 0.000000 1.000000 0.000000
0.999735 0.023011 0.000000 100.194997 -0.023011 0.999735 -0.000000 0.615515 -0.000000 0.000000 1.000000 0.000000
0.999639 0.026864 0.000000 100.672649 -0.026864 0.999639 -0.000000 0.603366 -0.000000 0.000000 1.000000 0.000000
0.999634 0.027063 0.000000 101.145965 -0.027063 0.999634 -0.000000 0.573216 -0.000000 0.000000 1.000000 0.000000
0.999546 0.030119 0.000000 101.537245 -0.030119 0.999546 -0.000000 0.611758 -0.000000 0.000000 1.000000 0.000000
0.999356 0.035870 0.000000 102.085562 -0.035870 0.999356 -0.000000 0.586286 -0.000000 0.000000 1.000000 0.000000
0.999154 0.041131 0.000000 102.550689 -0.041131 0.999154 -0.000000 0.501993 -0.000000 0.000000 1.000000 0.000000
0.998913 0.046606 0.000000 102.978345 -0.046606 0.998913 -0.000000 0.463405 -0.000000 0.000000 1.000000 0.000000
0.998818 0.048606 0.000000 103.388270 -0.048606 0.998818 -0.000000 0.430778 -0.000000 0.000000 1.000000 0.000000
0.998543 0.053961 0.000000 104.157126 -0.053961 0.998543 -0.000000 0.391695 -0.000000 0.000000 1.000000 0.000000
0.998307 0.058168 0.000000 104.627541 -0.058168 0.998307 -0.000000 0.361715 -0.000000 0.000000 1.000000 0.000000
0.998117 0.061337 0.000000 105.062301 -0.061337 0.998117 -0.000000 0.293128 -0.000000 0.000000 1.000000 0.000000
0.997859 0.065400 0.000000 105.597861 -0.065400 0.997859 -0.000000 0.254549 -0.000000 0.000000 1.000000 0.000000
0.997798 0.066328 0.000000 106.011277 -0.066328 0.997798 -0.000000 0.237228 -0.000000 0.000000 1.000000 0.000000
0.997702 0.067754 0.000000 106.408288 -0.067754 0.997702 -0.000000 0.203009 -0.000000 0.000000 1.000000 0.000000
0.997398 0.072088 0.000000 106.816760 -0.072088 0.997398 -0.000000 0.166924 -0.000000 0.000000 1.000000 0.000000
0.997163 0.075268 0.000000 107.436675 -0.075268 0.997163 -0.000000 0.112816 -0.000000 0.000000 1.000000 0.000000
0.996923 0.078383 0.000000 108.240846 -0.078383 0.996923 -0.000000 0.035533 -0.000000 0.000000 1.000000 0.000000
0.996805 0.079868 0.000000 108.629678 -0.079868 0.996805 -0.000000 -0.046190 -0.000000 0.000000 1.000000 0.000000
0.996648 0.081809 0.000000 109.046522 -0.081809 0.996648 -0.000000 -0.089877 -0.000000 0.000000 1.000000 0.000000
0.996402 0.084751 0.000000 109.621593 -0.084751 0.996402 -0.000000 -0.149316 -0.000000 0.000000 1.000000 0.000000
0.996121 0.087994 0.000000 110.340016 -0.087994 0.996121 -0.000000 -0.215108 -0.000000 0.000000 1.000000 0.000000
0.996035 0.088965 0.000000 110.783576 -0.088965 0.996035 -0.000000 -0.281911 -0.000000 0.000000 1.000000 0.000000
0.996109 0.088128 0.000000 111.384357 -0.088128 0.996109 -0.000000 -0.354550 -0.000000 0.000000 1.000000 0.000000
0.996041 0.088893 0.000000 111.744101 -0.088893 0.996041 -0.000000 -0.410869 -0.000000 0.000000 1.000000 0.000000
0.995943 0.089982 0.000000 112.487812 -0.089982 0.995943 -0.000000 -0.509366 -0.000000 0.000000 1.000000 0.000000
0.995410 0.095705 0.000000 112.866257 -0.095705 0.995410 -0.000000 -0.652345 -0.000000 0.000000 1.000000 0.000000
0.995407 0.095734 0.000000 113.270144 -0.095734 0.995407 -0.000000 -0.704576 -0.000000 0.000000 1.000000 0.000000
0.995224 0.097613 0.000000 113.767946 -0.097613 0.995224 -0.000000 -0.830605 -0.000000 0.000000 1.000000 0.000000
0.995475 0.095029 0.000000 114.176627 -0.095029 0.995475 -0.000000 -0.893105 -0.000000 0.000000 1.000000 0.000000
0.995171 0.098161 0.000000 114.631710 -0.098161 0.995171 -0.000000 -1.001667 -0.000000 0.000000 1.000000 0.000000
0.995158 0.098285 0.000000 115.083620 -0.098285 0.995158 -0.000000 -1.038594 -0.000000 0.000000 1.000000 0.000000
0.994920 0.100672 0.000000 115.558559 -0.100672 0.994920 -0.000000 -1.136405 -0.000000 0.000000 1.000000 0.000000
0.994796 0.101890 0.000000 116.003925 -0.101890 0.994796 -0.000000 -1.195649 -0.000000 0.000000 1.000000 0.000000
0.994798 0.101868 0.000000 116.400227 -0.101868 0.994798 -0.000000 -1.312179 -0.000000 0.000000 1.000000 0.000000
0.994402 0.105664 0.000000 116.707171 -0.105664 0.994402 -0.000000 -1.359169 -0.000000 0.000000 1.000000 0.000000
0.994373 0.105934 0.000000 117.506900 -0.105934 0.994373 -0.000000 -1.459658 -0.000000 0.000000 1.000000 0.000000
0.994292 0.106695 0.000000 117.967581 -0.106695 0.994292 -0.000000 -1.519549 -0.000000 0.000000 1.000000 0.000000
0.994300 0.106620 0.000000 118.427684 -0.106620 0.994300 -0.000000 -1.550480 -0.000000 0.000000 1.000000 0.000000
0.993897 0.110316 0.000000 118.779778 -0.110316 0.993897 -0.000000 -1.590887 -0.000000 0.000000 1.000000 0.000000
0.993726 0.111844 0.000000 119.139994 -0.111844 0.993726 -0.000000 -1.612012 -0.000000 0.000000 1.000000 0.000000
0.993355 0.115089 0.000000 119.568838 -0.115089 0.993355 -0.000000 -1.682837 -0.000000 0.000000 1.000000 0.000000
0.993127 0.117040 0.000000 120.148703 -0.117040 0.993127 -0.000000 -1.878476 -0.000000 0.000000 1.000000 0.000000
0.992864 0.119252 0.000000 120.726709 -0.119252 0.992864 -0.000000 -1.966451 -0.000000 0.000000 1.000000 0.000000
0.992670 0.120859 0.000000 121.282889 -0.120859 0.992670 -0.000000 -2.050889 -0.000000 0.000000 1.000000 0.000000
0.992312 0.123762 0.000000 121.690599 -0.123762 0.992312 -0.000000 -2.087844 -0.000000 0.000000 1.000000 0.000000
0.992099 0.125458 0.000000 122.225097 -0.125458 0.992099 -0.000000 -2.156338 -0.000000 0.000000 1.000000 0.000000
0.991829 0.127578 0.000000 122.784208 -0.127578 0.991829 -0.000000 -2.282803 -0.000000 0.000000 1.000000 0.000000
0.991495 0.130147 0.000000 123.205424 -0.130147 0.991495 -0.000000 -2.331774 -0.000000 0.000000 1.000000 0.000000
0.991248 0.132013 0.000000 123.654970 -0.132013 0.991248 -0.000000 -2.400613 -0.000000 0.000000 1.000000 0.000000
0.990976 0.134036 0.000000 124.300920 -0.134036 0.990976 -0.000000 -2.471253 -0.000000 0.000000 1.000000 0.000000
0.991007 0.133807 0.000000 124.743718 -0.133807 0.991007 -0.000000 -2.540524 -0.000000 0.000000 1.000000 0.000000
0.990657 0.136379 0.000000 125.106088 -0.136379 0.990657 -0.000000 -2.633214 -0.000000 0.000000 1.000000 0.000000
0.990349 0.138594 0.000000 125.567550 -0.138594 0.990349 -0.000000 -2.740338 -0.000000 0.000000 1.000000 0.000000
0.990181 0.139793 0.000000 125.888725 -0.139793 0.990181 -0.000000 -2.792353 -0.000000 0.000000 1.000000 0.000000
0.990130 0.140149 0.000000 126.400945 -0.140149 0.990130 -0.000000 -2.881218 -0.000000 0.000000 1.000000 0.000000
0.989742 0.142869 0.000000 127.050830 -0.142869 0.989742 -0.000000 -2.984425 -0.000000 0.000000 1.000000 0.000000
0.989712 0.143071 0.000000 127.979487 -0.143071 0.989712 -0.000000 -3.086930 -0.000000 0.000000 1.000000 0.000000
0.989773 0.142652 0.000000 128.196809 -0.142652 0.989773 -0.000000 -3.271113 -0.000000 0.000000 1.000000 0.000000
0.989876 0.141933 0.000000 129.148617 -0.141933 0.989876 -0.000000 -3.382290 -0.000000 0.000000 1.000000 0.000000
0.989875 0.141942 0.000000 129.442188 -0.141942 0.989875 -0.000000 -3.542288 -0.000000 0.000000 1.000000 0.000000
0.989757 0.142762 0.000000 129.862005 -0.142762 0.989757 -0.000000 -3.587267 -0.000000 0.000000 1.000000 0.000000
0.989385 0.145317 0.000000 130.227708 -0.145317 0.989385 -0.000000 -3.700260 -0.000000 0.000000 1.000000 0.000000
0.989426 0.145042 0.000000 130.711888 -0.145042 0.989426 -0.000000 -3.713660 -0.000000 0.000000 1.000000 0.000000
0.989473 0.144719 0.000000 131.188572 -0.144719 0.989473 -0.000000 -3.763356 -0.000000 0.000000 1.000000 0.000000
0.989673 0.143346 0.000000 131.640063 -0.143346 0.989673 -0.000000 -3.839892 -0.000000 0.000000 1.000000 0.000000
0.989458 0.144818 0.000000 132.242232 -0.144818 0.989458 -0.000000 -3.937193 -0.000000 0.000000 1.000000 0.000000
0.989626 0.143670 0.000000 132.754257 -0.143670 0.989626 -0.000000 -4.017416 -0.000000 0.000000 1.000000 0.000000
0.990013 0.140977 0.000000 133.529273 -0.140977 0.990013 -0.000000 -4.163976 -0.000000 0.000000 1.000000 0.000000
0.990215 0.139553 0.000000 133.947506 -0.139553 0.990215 -0.000000 -4.085067 -0.000000 0.000000 1.000000 0.000000
0.990063 0.140622 0.000000 134.441691 -0.140622 0.990063 -0.000000 -4.145079 -0.000000 0.000000 1.000000 0.000000
0.990064 0.140616 0.000000 134.626813 -0.140616 0.990064 -0.000000 -4.141272 -0.000000 0.000000 1.000000 0.000000
0.989566 0.144079 0.000000 135.101394 -0.144079 0.989566 -0.000000 -4.335093 -0.000000 0.000000 1.000000 0.000000
0.989860 0.142047 0.000000 135.707667 -0.142047 0.989860 -0.000000 -4.314029 -0.000000 0.000000 1.000000 0.000000
0.989568 0.144068 0.000000 136.119773 -0.144068 0.989568 -0.000000 -4.462529 -0.000000 0.000000 1.000000 0.000000
0.989515 0.144432 0.000000 136.825455 -0.144432 0.989515 -0.000000 -4.562255 -0.000000 0.000000 1.000000 0.000000
0.989439 0.144947 0.000000 137.277130 -0.144947 0.989439 -0.000000 -4.753011 -0.000000 0.000000 1.000000 0.000000
0.988890 0.148652 0.000000 137.646347 -0.148652 0.988890 -0.000000 -4.902886 -0.000000 0.000000 1.000000 0.000000
0.988882 0.148702 0.000000 138.127847 -0.148702 0.988882 -0.000000 -5.021069 -0.000000 0.000000 1.000000 0.000000
0.988618 0.150448 0.000000 138.687286 -0.150448 0.988618 -0.000000 -5.115210 -0.000000 0.000000 1.000000 0.000000
0.988222 0.153024 0.000000 139.340973 -0.153024 0.988222 -0.000000 -5.186753 -0.000000 0.000000 1.000000 0.000000
0.985425 0.170110 0.000000 143.202862 -0.170110 0.985425 -0.000000 -6.030682 -0.000000 0.000000 1.000000 0.000000
0.985665 0.168714 0.000000 143.755026 -0.168714 0.985665 -0.000000 -6.152286 -0.000000 0.000000 1.000000 0.000000
0.985556 0.169351 0.000000 144.860847 -0.169351 0.985556 -0.000000 -6.435272 -0.000000 0.000000 1.000000 0.000000
0.985269 0.171012 0.000000 146.046671 -0.171012 0.985269 -0.000000 -6.667645 -0.000000 0.000000 1.000000 0.000000
0.985450 0.169967 0.000000 146.641907 -0.169967 0.985450 -0.000000 -6.804701 -0.000000 0.000000 1.000000 0.000000
0.985727 0.168353 0.000000 147.243249 -0.168353 0.985727 -0.000000 -6.835080 -0.000000 0.000000 1.000000 0.000000
0.985487 0.169754 0.000000 147.703733 -0.169754 0.985487 -0.000000 -7.005847 -0.000000 0.000000 1.000000 0.000000
0.985318 0.170727 0.000000 148.184746 -0.170727 0.985318 -0.000000 -7.100665 -0.000000 0.000000 1.000000 0.000000
0.985591 0.169145 0.000000 148.855277 -0.169145 0.985591 -0.000000 -7.153840 -0.000000 0.000000 1.000000 0.000000
0.984940 0.172896 0.000000 149.383778 -0.172896 0.984940 -0.000000 -7.357666 -0.000000 0.000000 1.000000 0.000000
0.985235 0.171208 0.000000 150.015237 -0.171208 0.985235 -0.000000 -7.531338 -0.000000 0.000000 1.000000 0.000000
0.985280 0.170949 0.000000 150.601735 -0.170949 0.985280 -0.000000 -7.719080 -0.000000 0.000000 1.000000 0.000000
0.986094 0.166188 0.000000 151.541730 -0.166188 0.986094 -0.000000 -7.802531 -0.000000 0.000000 1.000000 0.000000
0.986025 0.166595 0.000000 152.196723 -0.166595 0.986025 -0.000000 -7.948643 -0.000000 0.000000 1.000000 0.000000
0.986535 0.163549 0.000000 152.773923 -0.163549 0.986535 -0.000000 -8.058470 -0.000000 0.000000 1.000000 0.000000
0.986937 0.161107 0.000000 153.369418 -0.161107 0.986937 -0.000000 -8.158932 -0.000000 0.000000 1.000000 0.000000
0.987297 0.158884 0.000000 154.084307 -0.158884 0.987297 -0.000000 -8.375154 -0.000000 0.000000 1.000000 0.000000
0.987094 0.160143 0.000000 154.630326 -0.160143 0.987094 -0.000000 -8.475563 -0.000000 0.000000 1.000000 0.000000
0.987006 0.160685 0.000000 155.254940 -0.160685 0.987006 -0.000000 -8.547444 -0.000000 0.000000 1.000000 0.000000
0.986845 0.161671 0.000000 155.886039 -0.161671 0.986845 -0.000000 -8.655260 -0.000000 0.000000 1.000000 0.000000
0.986696 0.162575 0.000000 156.633364 -0.162575 0.986696 -0.000000 -8.820185 -0.000000 0.000000 1.000000 0.000000
0.986548 0.163473 0.000000 157.206060 -0.163473 0.986548 -0.000000 -8.926020 -0.000000 0.000000 1.000000 0.000000
0.986699 0.162558 0.000000 157.778330 -0.162558 0.986699 -0.000000 -9.072264 -0.000000 0.000000 1.000000 0.000000
0.987021 0.160594 0.000000 158.293828 -0.160594 0.987021 -0.000000 -9.188283 -0.000000 0.000000 1.000000 0.000000
0.986993 0.160764 0.000000 158.914383 -0.160764 0.986993 -0.000000 -9.272498 -0.000000 0.000000 1.000000 0.000000
0.986984 0.160819 0.000000 159.493456 -0.160819 0.986984 -0.000000 -9.382993 -0.000000 0.000000 1.000000 0.000000
0.987441 0.157991 0.000000 160.044146 -0.157991 0.987441 -0.000000 -9.526430 -0.000000 0.000000 1.000000 0.000000
0.987260 0.159118 0.000000 160.661857 -0.159118 0.987260 -0.000000 -9.638968 -0.000000 0.000000 1.000000 0.000000
0.986957 0.160983 0.000000 161.845695 -0.160983 0.986957 -0.000000 -9.885796 -0.000000 0.000000 1.000000 0.000000
0.987170 0.159671 0.000000 162.367821 -0.159671 0.987170 -0.000000 -10.003178 -0.000000 0.000000 1.000000 0.000000
0.987322 0.158732 0.000000 162.931980 -0.158732 0.987322 -0.000000 -10.088798 -0.000000 0.000000 1.000000 0.000000
0.987124 0.159954 0.000000 163.606047 -0.159954 0.987124 -0.000000 -10.109945 -0.000000 0.000000 1.000000 0.000000
0.987109 0.160047 0.000000 164.167632 -0.160047 0.987109 -0.000000 -10.210246 -0.000000 0.000000 1.000000 0.000000
0.986664 0.162772 0.000000 165.296939 -0.162772 0.986664 -0.000000 -10.399937 -0.000000 0.000000 1.000000 0.000000
0.986373 0.164523 0.000000 166.044034 -0.164523 0.986373 -0.000000 -10.554706 -0.000000 0.000000 1.000000 0.000000
0.986201 0.165551 0.000000 166.560865 -0.165551 0.986201 -0.000000 -10.705512 -0.000000 0.000000 1.000000 0.000000
0.986129 0.165982 0.000000 167.218995 -0.165982 0.986129 -0.000000 -10.795563 -0.000000 0.000000 1.000000 0.000000
0.985915 0.167249 0.000000 167.912873 -0.167249 0.985915 -0.000000 -10.967366 -0.000000 0.000000 1.000000 0.000000
0.985888 0.167406 0.000000 168.415631 -0.167406 0.985888 -0.000000 -11.118727 -0.000000 0.000000 1.000000 0.000000
0.986225 0.165411 0.000000 168.913266 -0.165411 0.986225 -0.000000 -11.298681 -0.000000 0.000000 1.000000 0.000000
0.986355 0.164635 0.000000 169.534918 -0.164635 0.986355 -0.000000 -11.361691 -0.000000 0.000000 1.000000 0.000000
0.986258 0.165210 0.000000 170.093439 -0.165210 0.986258 -0.000000 -11.470550 -0.000000 0.000000 1.000000 0.000000
0.986241 0.165317 0.000000 170.760848 -0.165317 0.986241 -0.000000 -11.517078 -0.000000 0.000000 1.000000 0.000000
0.986467 0.163958 0.000000 171.294461 -0.163958 0.986467 -0.000000 -11.626483 -0.000000 0.000000 1.000000 0.000000
0.986630 0.162974 0.000000 171.840093 -0.162974 0.986630 -0.000000 -11.735815 -0.000000 0.000000 1.000000 0.000000
0.986560 0.163401 0.000000 172.451032 -0.163401 0.986560 -0.000000 -11.830017 -0.000000 0.000000 1.000000 0.000000
0.986897 0.161351 0.000000 173.094158 -0.161351 0.986897 -0.000000 -11.934620 -0.000000 0.000000 1.000000 0.000000
0.986612 0.163083 0.000000 173.851658 -0.163083 0.986612 -0.000000 -12.056779 -0.000000 0.000000 1.000000 0.000000
0.986708 0.162504 0.000000 174.486766 -0.162504 0.986708 -0.000000 -12.186598 -0.000000 0.000000 1.000000 0.000000
0.986839 0.161708 0.000000 174.983387 -0.161708 0.986839 -0.000000 -12.252611 -0.000000 0.000000 1.000000 0.000000
0.987016 0.160622 0.000000 175.529070 -0.160622 0.987016 -0.000000 -12.233288 -0.000000 0.000000 1.000000 0.000000
0.987202 0.159476 0.000000 176.129089 -0.159476 0.987202 -0.000000 -12.350304 -0.000000 0.000000 1.000000 0.000000
0.987339 0.158625 0.000000 176.724767 -0.158625 0.987339 -0.000000 -12.479274 -0.000000 0.000000 1.000000 0.000000
0.987187 0.159568 0.000000 177.365659 -0.159568 0.987187 -0.000000 -12.600290 -0.000000 0.000000 1.000000 0.000000
0.987127 0.159936 0.000000 177.963703 -0.159936 0.987127 -0.000000 -12.767657 -0.000000 0.000000 1.000000 0.000000
0.986989 0.160787 0.000000 178.582087 -0.160787 0.986989 -0.000000 -12.879125 -0.000000 0.000000 1.000000 0.000000
0.986957 0.160984 0.000000 179.330682 -0.160984 0.986957 -0.000000 -12.925805 -0.000000 0.000000 1.000000 0.000000
0.987339 0.158626 0.000000 179.918273 -0.158626 0.987339 -0.000000 -12.972070 -0.000000 0.000000 1.000000 0.000000
0.987612 0.156915 0.000000 180.757694 -0.156915 0.987612 -0.000000 -13.106559 -0.000000 0.000000 1.000000 0.000000
0.987359 0.158501 0.000000 181.370825 -0.158501 0.987359 -0.000000 -13.290549 -0.000000 0.000000 1.000000 0.000000
0.987447 0.157954 0.000000 182.089493 -0.157954 0.987447 -0.000000 -13.454183 -0.000000 0.000000 1.000000 0.000000
0.987877 0.155238 0.000000 182.654886 -0.155238 0.987877 -0.000000 -13.593438 -0.000000 0.000000 1.000000 0.000000
0.987350 0.158556 0.000000 183.236053 -0.158556 0.987350 -0.000000 -13.727765 -0.000000 0.000000 1.000000 0.000000
0.987475 0.157778 0.000000 183.686724 -0.157778 0.987475 -0.000000 -13.817429 -0.000000 0.000000 1.000000 0.000000
0.987358 0.158506 0.000000 184.353216 -0.158506 0.987358 -0.000000 -13.875233 -0.000000 0.000000 1.000000 0.000000
0.987453 0.157913 0.000000 184.864810 -0.157913 0.987453 -0.000000 -13.985347 -0.000000 0.000000 1.000000 0.000000
0.987821 0.155592 0.000000 185.522046 -0.155592 0.987821 -0.000000 -14.058976 -0.000000 0.000000 1.000000 0.000000
0.987889 0.155162 0.000000 186.253161 -0.155162 0.987889 -0.000000 -14.151504 -0.000000 0.000000 1.000000 0.000000
0.988189 0.153240 0.000000 186.967796 -0.153240 0.988189 -0.000000 -14.317859 -0.000000 0.000000 1.000000 0.000000
0.988657 0.150192 0.000000 187.659816 -0.150192 0.988657 -0.000000 -14.414742 -0.000000 0.000000 1.000000 0.000000
0.988526 0.151053 0.000000 188.269546 -0.151053 0.988526 -0.000000 -14.527860 -0.000000 0.000000 1.000000 0.000000
0.988697 0.149925 0.000000 188.799751 -0.149925 0.988697 -0.000000 -14.649900 -0.000000 0.000000 1.000000 0.000000
0.988453 0.151528 0.000000 189.499327 -0.151528 0.988453 -0.000000 -14.744272 -0.000000 0.000000 1.000000 0.000000
0.988866 0.148807 0.000000 189.986058 -0.148807 0.988866 -0.000000 -14.861311 -0.000000 0.000000 1.000000 0.000000
0.988519 0.151097 0.000000 190.590726 -0.151097 0.988519 -0.000000 -14.937793 -0.000000 0.000000 1.000000 0.000000
0.988782 0.149363 0.000000 191.283782 -0.149363 0.988782 -0.000000 -15.045702 -0.000000 0.000000 1.000000 0.000000
0.988752 0.149564 0.000000 192.013292 -0.149564 0.988752 -0.000000 -15.176834 -0.000000 0.000000 1.000000 0.000000
0.988829 0.149052 0.000000 192.576791 -0.149052 0.988829 -0.000000 -15.231747 -0.000000 0.000000 1.000000 0.000000
0.988690 0.149972 0.000000 193.097377 -0.149972 0.988690 -0.000000 -15.319857 -0.000000 0.000000 1.000000 0.000000
0.988100 0.153812 0.000000 193.787951 -0.153812 0.988100 -0.000000 -15.552671 -0.000000 0.000000 1.000000 0.000000
0.988604 0.150538 0.000000 194.424334 -0.150538 0.988604 -0.000000 -15.587041 -0.000000 0.000000 1.000000 0.000000
0.988524 0.151066 0.000000 195.055680 -0.151066 0.988524 -0.000000 -15.713581 -0.000000 0.000000 1.000000 0.000000
0.988467 0.151434 0.000000 195.736865 -0.151434 0.988467 -0.000000 -15.811766 -0.000000 0.000000 1.000000 0.000000
0.988614 0.150472 0.000000 196.524569 -0.150472 0.988614 -0.000000 -16.030444 -0.000000 0.000000 1.000000 0.000000
0.988093 0.153858 0.000000 197.128435 -0.153858 0.988093 -0.000000 -16.116004 -0.000000 0.000000 1.000000 0.000000
0.987945 0.154805 0.000000 197.569597 -0.154805 0.987945 -0.000000 -16.198634 -0.000000 0.000000 1.000000 0.000000
0.987861 0.155341 0.000000 198.069954 -0.155341 0.987861 -0.000000 -16.290469 -0.000000 0.000000 1.000000 0.000000
0.987236 0.159264 0.000000 198.466932 -0.159264 0.987236 -0.000000 -16.360281 -0.000000 0.000000 1.000000 0.000000
0.987400 0.158243 0.000000 199.084005 -0.158243 0.987400 -0.000000 -16.468000 -0.000000 0.000000 1.000000 0.000000
0.987794 0.155769 0.000000 199.722195 -0.155769 0.987794 -0.000000 -16.522321 -0.000000 0.000000 1.000000 0.000000
0.988402 0.151863 0.000000 200.336348 -0.151863 0.988402 -0.000000 -16.627235 -0.000000 0.000000 1.000000 0.000000
0.988255 0.152813 0.000000 200.824326 -0.152813 0.988255 -0.000000 -16.727833 -0.000000 0.000000 1.000000 0.000000
0.988336 0.152290 0.000000 201.831768 -0.152290 0.988336 -0.000000 -16.892949 -0.000000 0.000000 1.000000 0.000000
0.988649 0.150246 0.000000 202.337769 -0.150246 0.988649 -0.000000 -16.947610 -0.000000 0.000000 1.000000 0.000000
0.988723 0.149757 0.000000 203.296843 -0.149757 0.988723 -0.000000 -17.154347 -0.000000 0.000000 1.000000 0.000000
0.988589 0.150639 0.000000 204.058364 -0.150639 0.988589 -0.000000 -17.269273 -0.000000 0.000000 1.000000 0.000000
0.988642 0.150290 0.000000 205.035115 -0.150290 0.988642 -0.000000 -17.445956 -0.000000 0.000000 1.000000 0.000000
0.988707 0.149863 0.000000 205.712015 -0.149863 0.988707 -0.000000 -17.651785 -0.000000 0.000000 1.000000 0.000000
0.988547 0.150913 0.000000 206.288350 -0.150913 0.988547 -0.000000 -17.757978 -0.000000 0.000000 1.000000 0.000000
0.988393 0.151922 0.000000 206.876715 -0.151922 0.988393 -0.000000 -17.861712 -0.000000 0.000000 1.000000 0.000000
0.988714 0.149814 0.000000 207.404281 -0.149814 0.988714 -0.000000 -17.915320 -0.000000 0.000000 1.000000 0.000000
0.988914 0.148489 0.000000 208.114696 -0.148489 0.988914 -0.000000 -18.029942 -0.000000 0.000000 1.000000 0.000000
0.988779 0.149383 0.000000 208.807847 -0.149383 0.988779 -0.000000 -18.152178 -0.000000 0.000000 1.000000 0.000000
0.988356 0.152160 0.000000 209.924061 -0.152160 0.988356 -0.000000 -18.400811 -0.000000 0.000000 1.000000 0.000000
0.988427 0.151701 0.000000 210.476142 -0.151701 0.988427 -0.000000 -18.535176 -0.000000 0.000000 1.000000 0.000000
