1.000000 0.000030 0.000000 0.708325 -0.000030 1.000000 -0.000000 0.083760 -0.000000 0.000000 1.000000 0.000000
0.999996 0.002798 0.000000 1.279313 -0.002798 0.999996 -0.000000 0.068203 -0.000000 0.000000 1.000000 0.000000
0.999985 0.005477 0.000000 2.075668 -0.005477 0.999985 -0.000000 -0.043248 -0.000000 0.000000 1.000000 0.000000
0.999969 0.007875 0.000000 2.818301 -0.007875 0.999969 -0.000000 -0.027734 -0.000000 0.000000 1.000000 0.000000
0.999913 0.013223 0.000000 3.948327 -0.013223 0.999913 -0.000000 -0.096491 -0.000000 0.000000 1.000000 0.000000
0.999865 0.016425 0.000000 4.650318 -0.016425 0.999865 -0.000000 -0.116492 -0.000000 0.000000 1.000000 0.000000
0.999740 0.022781 0.000000 5.523379 -0.022781 0.999740 -0.000000 -0.159960 -0.000000 0.000000 1.000000 0.000000
0.999680 0.025299 0.000000 6.251701 -0.025299 0.999680 -0.000000 -0.193480 -0.000000 0.000000 1.000000 0.000000
0.999634 0.027046 0.000000 6.785595 -0.027046 0.999634 -0.000000 -0.162284 -0.000000 0.000000 1.000000 0.000000
0.999526 0.030773 0.000000 7.130182 -0.030773 0.999526 -0.000000 -0.127024 -0.000000 0.000000 1.000000 0.000000
0.999258 0.038523 0.000000 8.346903 -0.038523 0.999258 -0.000000 -0.232814 -0.000000 0.000000 1.000000 0.000000
0.999034 0.043943 0.000000 9.204513 -0.043943 0.999034 -0.000000 -0.260852 -0.000000 0.000000 1.000000 0.000000
0.999012 0.044449 0.000000 9.450544 -0.044449 0.999012 -0.000000 -0.175807 -0.000000 0.000000 1.000000 0.000000
0.998827 0.048419 0.000000 10.070224 -0.048419 0.998827 -0.000000 -0.220192 -0.000000 0.000000 1.000000 0.000000
0.998551 0.053822 0.000000 10.541765 -0.053822 0.998551 -0.000000 -0.227946 -0.000000 0.000000 1.000000 0.000000
0.998146 0.060860 0.000000 11.271107 -0.060860 0.998146 -0.000000 -0.350978 -0.000000 0.000000 1.000000 0.000000
0.997621 0.068935 0.000000 12.184650 -0.068935 0.997621 -0.000000 -0.534466 -0.000000 0.000000 1.000000 0.000000
0.996819 0.079693 0.000000 13.317932 -0.079693 0.996819 -0.000000 -0.703020 -0.000000 0.000000 1.000000 0.000000
0.996138 0.087801 0.000000 14.079537 -0.087801 0.996138 -0.000000 -0.811439 -0.000000 0.000000 1.000000 0.000000
0.995611 0.093589 0.000000 14.750218 -0.093589 0.995611 -0.000000 -0.872678 -0.000000 0.000000 1.000000 0.000000
0.995106 0.098816 0.000000 15.390876 -0.098816 0.995106 -0.000000 -0.888943 -0.000000 0.000000 1.000000 0.000000
0.993716 0.111934 0.000000 16.307392 -0.111934 0.993716 -0.000000 -0.810037 -0.000000 0.000000 1.000000 0.000000
0.992755 0.120153 0.000000 17.436927 -0.120153 0.992755 -0.000000 -0.969530 -0.000000 0.000000 1.000000 0.000000
0.991685 0.128689 0.000000 18.203668 -0.128689 0.991685 -0.000000 -1.118635 -0.000000 0.000000 1.000000 0.000000
0.990351 0.138579 0.000000 19.074650 -0.138579 0.990351 -0.000000 -1.258028 -0.000000 0.000000 1.000000 0.000000
0.989530 0.144329 0.000000 19.568402 -0.144329 0.989530 -0.000000 -1.340467 -0.000000 0.000000 1.000000 0.000000
0.988629 0.150377 0.000000 20.058810 -0.150377 0.988629 -0.000000 -1.387781 -0.000000 0.000000 1.000000 0.000000
0.988133 0.153600 0.000000 20.705815 -0.153600 0.988133 -0.000000 -1.361037 -0.000000 0.000000 1.000000 0.000000
0.987085 0.160195 0.000000 21.390813 -0.160195 0.987085 -0.000000 -1.554609 -0.000000 0.000000 1.000000 0.000000
0.985047 0.172286 0.000000 22.709666 -0.172286 0.985047 -0.000000 -1.959583 -0.000000 0.000000 1.000000 0.000000
0.982947 0.183889 0.000000 23.468145 -0.183889 0.982947 -0.000000 -2.215239 -0.000000 0.000000 1.000000 0.000000
0.981449 0.191721 0.000000 23.908536 -0.191721 0.981449 -0.000000 -2.403434 -0.000000 0.000000 1.000000 0.000000
0.979841 0.199779 0.000000 25.010645 -0.199779 0.979841 -0.000000 -2.615208 -0.000000 0.000000 1.000000 0.000000
0.978413 0.206659 0.000000 25.704368 -0.206659 0.978413 -0.000000 -2.708012 -0.000000 0.000000 1.000000 0.000000
0.976595 0.215085 0.000000 26.732081 -0.215085 0.976595 -0.000000 -3.002802 -0.000000 0.000000 1.000000 0.000000
0.974863 0.222805 0.000000 27.435251 -0.222805 0.974863 -0.000000 -3.081010 -0.000000 0.000000 1.000000 0.000000
0.973793 0.227434 0.000000 27.872679 -0.227434 0.973793 -0.000000 -3.093552 -0.000000 0.000000 1.000000 0.000000
0.972056 0.234749 0.000000 28.478018 -0.234749 0.972056 -0.000000 -3.248320 -0.000000 0.000000 1.000000 0.000000
0.969889 0.243548 0.000000 29.175392 -0.243548 0.969889 -0.000000 -3.482534 -0.000000 0.000000 1.000000 0.000000
0.968021 0.250868 0.000000 29.720974 -0.250868 0.968021 -0.000000 -3.616884 -0.000000 0.000000 1.000000 0.000000
0.965669 0.259777 0.000000 30.474395 -0.259777 0.965669 -0.000000 -3.824153 -0.000000 0.000000 1.000000 0.000000
0.964046 0.265736 0.000000 30.856883 -0.265736 0.964046 -0.000000 -3.850138 -0.000000 0.000000 1.000000 0.000000
0.962266 0.272110 0.000000 31.443408 -0.272110 0.962266 -0.000000 -4.027147 -0.000000 0.000000 1.000000 0.000000
0.960249 0.279146 0.000000 32.050954 -0.279146 0.960249 -0.000000 -4.200744 -0.000000 0.000000 1.000000 0.000000
0.957988 0.286809 0.000000 32.700430 -0.286809 0.957988 -0.000000 -4.412089 -0.000000 0.000000 1.000000 0.000000
0.953611 0.301043 0.000000 33.720124 -0.301043 0.953611 -0.000000 -4.793208 -0.000000 0.000000 1.000000 0.000000
0.951384 0.308009 0.000000 34.395321 -0.308009 0.951384 -0.000000 -5.137293 -0.000000 0.000000 1.000000 0.000000
0.949381 0.314128 0.000000 35.034981 -0.314128 0.949381 -0.000000 -5.318407 -0.000000 0.000000 1.000000 0.000000
0.945340 0.326088 0.000000 35.554615 -0.326088 0.945340 -0.000000 -5.578905 -0.000000 0.000000 1.000000 0.000000
0.943657 0.330924 0.000000 35.915606 -0.330924 0.943657 -0.000000 -5.824546 -0.000000 0.000000 1.000000 0.000000
0.942266 0.334867 0.000000 36.469672 -0.334867 0.942266 -0.000000 -5.852792 -0.000000 0.000000 1.000000 0.000000
0.940790 0.338989 0.000000 36.817729 -0.338989 0.940790 -0.000000 -6.003522 -0.000000 0.000000 1.000000 0.000000
0.939426 0.342752 0.000000 37.298693 -0.342752 0.939426 -0.000000 -6.077544 -0.000000 0.000000 1.000000 0.000000
0.939454 0.342675 0.000000 37.390352 -0.342675 0.939454 -0.000000 -6.141887 -0.000000 0.000000 1.000000 0.000000
0.937068 0.349146 0.000000 37.781410 -0.349146 0.937068 -0.000000 -6.298118 -0.000000 0.000000 1.000000 0.000000
0.937091 0.349084 0.000000 38.064798 -0.349084 0.937091 -0.000000 -6.326596 -0.000000 0.000000 1.000000 0.000000
0.933448 0.358714 0.000000 39.003533 -0.358714 0.933448 -0.000000 -6.670811 -0.000000 0.000000 1.000000 0.000000
0.931706 0.363213 0.000000 39.304580 -0.363213 0.931706 -0.000000 -6.822935 -0.000000 0.000000 1.000000 0.000000
0.928719 0.370784 0.000000 39.965351 -0.370784 0.928719 -0.000000 -7.104812 -0.000000 0.000000 1.000000 0.000000
0.926869 0.375386 0.000000 40.536844 -0.375386 0.926869 -0.000000 -7.343246 -0.000000 0.000000 1.000000 0.000000
0.924071 0.382220 0.000000 41.323904 -0.382220 0.924071 -0.000000 -7.615266 -0.000000 0.000000 1.000000 0.000000
0.921000 0.389563 0.000000 41.854282 -0.389563 0.921000 -0.000000 -7.844824 -0.000000 0.000000 1.000000 0.000000
0.918990 0.394281 0.000000 42.333849 -0.394281 0.918990 -0.000000 -8.092435 -0.000000 0.000000 1.000000 0.000000
0.917067 0.398733 0.000000 42.847589 -0.398733 0.917067 -0.000000 -8.325422 -0.000000 0.000000 1.000000 0.000000
0.913880 0.405984 0.000000 43.478736 -0.405984 0.913880 -0.000000 -8.587368 -0.000000 0.000000 1.000000 0.000000
0.911626 0.411020 0.000000 43.962500 -0.411020 0.911626 -0.000000 -8.792716 -0.000000 0.000000 1.000000 0.000000
0.908644 0.417572 0.000000 44.359791 -0.417572 0.908644 -0.000000 -8.985849 -0.000000 0.000000 1.000000 0.000000
0.906350 0.422528 0.000000 44.944394 -0.422528 0.906350 -0.000000 -9.103453 -0.000000 0.000000 1.000000 0.000000
0.904368 0.426755 0.000000 45.379947 -0.426755 0.904368 -0.000000 -9.200105 -0.000000 0.000000 1.000000 0.000000
0.901119 0.433573 0.000000 46.128690 -0.433573 0.901119 -0.000000 -9.515619 -0.000000 0.000000 1.000000 0.000000
0.899348 0.437233 0.000000 46.578404 -0.437233 0.899348 -0.000000 -9.590116 -0.000000 0.000000 1.000000 0.000000
0.897527 0.440960 0.000000 47.116006 -0.440960 0.897527 -0.000000 -9.758101 -0.000000 0.000000 1.000000 0.000000
0.894672 0.446723 0.000000 47.702534 -0.446723 0.894672 -0.000000 -10.005296 -0.000000 0.000000 1.000000 0.000000
0.892469 0.451108 0.000000 48.198582 -0.451108 0.892469 -0.000000 -10.180372 -0.000000 0.000000 1.000000 0.000000
0.887797 0.460235 0.000000 49.626971 -0.460235 0.887797 -0.000000 -10.643648 -0.000000 0.000000 1.000000 0.000000
0.884092 0.467313 0.000000 50.622224 -0.467313 0.884092 -0.000000 -10.944870 -0.000000 0.000000 1.000000 0.000000
0.880517 0.474014 0.000000 51.258371 -0.474014 0.880517 -0.000000 -11.160068 -0.000000 0.000000 1.000000 0.000000
0.880171 0.474657 0.000000 51.348883 -0.474657 0.880171 -0.000000 -11.374634 -0.000000 0.000000 1.000000 0.000000
0.874975 0.484169 0.000000 52.368773 -0.484169 0.874975 -0.000000 -11.746223 -0.000000 0.000000 1.000000 0.000000
0.872597 0.488441 0.000000 52.882205 -0.488441 0.872597 -0.000000 -12.022624 -0.000000 0.000000 1.000000 0.000000
0.872920 0.487862 0.000000 53.045838 -0.487862 0.872920 -0.000000 -12.161570 -0.000000 0.000000 1.000000 0.000000
0.871991 0.489522 0.000000 53.416012 -0.489522 0.871991 -0.000000 -12.299482 -0.000000 0.000000 1.000000 0.000000
0.870436 0.492281 0.000000 54.061693 -0.492281 0.870436 -0.000000 -12.558079 -0.000000 0.000000 1.000000 0.000000
0.867892 0.496753 0.000000 54.498450 -0.496753 0.867892 -0.000000 -12.827372 -0.000000 0.000000 1.000000 0.000000
0.864748 0.502207 0.000000 54.742730 -0.502207 0.864748 -0.000000 -13.158401 -0.000000 0.000000 1.000000 0.000000
0.862995 0.505213 0.000000 55.244193 -0.505213 0.862995 -0.000000 -13.201953 -0.000000 0.000000 1.000000 0.000000
0.860312 0.509768 0.000000 55.764892 -0.509768 0.860312 -0.000000 -13.495433 -0.000000 0.000000 1.000000 0.000000
0.858458 0.512883 0.000000 56.203612 -0.512883 0.858458 -0.000000 -13.749518 -0.000000 0.000000 1.000000 0.000000
0.856693 0.515826 0.000000 56.639169 -0.515826 0.856693 -0.000000 -13.932785 -0.000000 0.000000 1.000000 0.000000
0.853547 0.521016 0.000000 57.360713 -0.521016 0.853547 -0.000000 -14.230282 -0.000000 0.000000 1.000000 0.000000
0.852297 0.523058 0.000000 57.496127 -0.523058 0.852297 -0.000000 -14.266855 -0.000000 0.000000 1.000000 0.000000
0.848788 0.528733 0.000000 57.849174 -0.528733 0.848788 -0.000000 -14.508387 -0.000000 0.000000 1.000000 0.000000
0.848110 0.529821 0.000000 58.191455 -0.529821 0.848110 -0.000000 -14.768479 -0.000000 0.000000 1.000000 0.000000
0.840793 0.541357 0.000000 58.873078 -0.541357 0.840793 -0.000000 -15.257054 -0.000000 0.000000 1.000000 0.000000
0.839332 0.543619 0.000000 59.183099 -0.543619 0.839332 -0.000000 -15.399039 -0.000000 0.000000 1.000000 0.000000
0.838223 0.545328 0.000000 59.443673 -0.545328 0.838223 -0.000000 -15.677944 -0.000000 0.000000 1.000000 0.000000
0.834581 0.550886 0.000000 59.576182 -0.550886 0.834581 -0.000000 -15.859067 -0.000000 0.000000 1.000000 0.000000
0.831406 0.555666 0.000000 59.991176 -0.555666 0.831406 -0.000000 -16.275238 -0.000000 0.000000 1.000000 0.000000
0.828334 0.560235 0.000000 60.172097 -0.560235 0.828334 -0.000000 -16.392719 -0.000000 0.000000 1.000000 0.000000
0.822706 0.568468 0.000000 60.746357 -0.568468 0.822706 -0.000000 -16.802743 -0.000000 0.000000 1.000000 0.000000
0.819730 0.572750 0.000000 60.939946 -0.572750 0.819730 -0.000000 -16.957570 -0.000000 0.000000 1.000000 0.000000
0.815943 0.578133 0.000000 61.487286 -0.578133 0.815943 -0.000000 -17.328088 -0.000000 0.000000 1.000000 0.000000
0.812416 0.583078 0.000000 61.753421 -0.583078 0.812416 -0.000000 -17.533797 -0.000000 0.000000 1.000000 0.000000
0.808032 0.589139 0.000000 62.244426 -0.589139 0.808032 -0.000000 -17.855676 -0.000000 0.000000 1.000000 0.000000
0.805679 0.592352 0.000000 62.866584 -0.592352 0.805679 -0.000000 -18.221860 -0.000000 0.000000 1.000000 0.000000
0.803183 0.595733 0.000000 63.118892 -0.595733 0.803183 -0.000000 -18.351369 -0.000000 0.000000 1.000000 0.000000
0.800449 0.599400 0.000000 63.384326 -0.599400 0.800449 -0.000000 -18.695269 -0.000000 0.000000 1.000000 0.000000
0.797845 0.602863 0.000000 63.718658 -0.602863 0.797845 -0.000000 -18.845147 -0.000000 0.000000 1.000000 0.000000
0.789689 0.613508 0.000000 64.324018 -0.613508 0.789689 -0.000000 -19.381353 -0.000000 0.000000 1.000000 0.000000
0.783328 0.621608 0.000000 64.889649 -0.621608 0.783328 -0.000000 -19.940875 -0.000000 0.000000 1.000000 0.000000
0.782969 0.622060 0.000000 65.114589 -0.622060 0.782969 -0.000000 -20.126264 -0.000000 0.000000 1.000000 0.000000
0.779938 0.625857 0.000000 65.388868 -0.625857 0.779938 -0.000000 -20.435350 -0.000000 0.000000 1.000000 0.000000
0.776346 0.630307 0.000000 65.567608 -0.630307 0.776346 -0.000000 -20.645897 -0.000000 0.000000 1.000000 0.000000
0.773914 0.633290 0.000000 65.974183 -0.633290 0.773914 -0.000000 -21.007021 -0.000000 0.000000 1.000000 0.000000
0.770340 0.637633 0.000000 66.451838 -0.637633 0.770340 -0.000000 -21.394749 -0.000000 0.000000 1.000000 0.000000
0.767970 0.640486 0.000000 66.633249 -0.640486 0.767970 -0.000000 -21.561151 -0.000000 0.000000 1.000000 0.000000
0.762638 0.646825 0.000000 67.019196 -0.646825 0.762638 -0.000000 -22.044272 -0.000000 0.000000 1.000000 0.000000
0.762286 0.647240 0.000000 67.228734 -0.647240 0.762286 -0.000000 -22.244735 -0.000000 0.000000 1.000000 0.000000
0.757781 0.652509 0.000000 67.940943 -0.652509 0.757781 -0.000000 -22.571524 -0.000000 0.000000 1.000000 0.000000
0.757582 0.652741 0.000000 68.091082 -0.652741 0.757582 -0.000000 -22.694600 -0.000000 0.000000 1.000000 0.000000
0.754506 0.656293 0.000000 68.643575 -0.656293 0.754506 -0.000000 -23.086954 -0.000000 0.000000 1.000000 0.000000
0.752936 0.658093 0.000000 68.722958 -0.658093 0.752936 -0.000000 -23.214642 -0.000000 0.000000 1.000000 0.000000
0.750900 0.660416 0.000000 69.029493 -0.660416 0.750900 -0.000000 -23.433974 -0.000000 0.000000 1.000000 0.000000
0.747482 0.664282 0.000000 69.420352 -0.664282 0.747482 -0.000000 -23.694167 -0.000000 0.000000 1.000000 0.000000
0.749176 0.662371 0.000000 69.817240 -0.662371 0.749176 -0.000000 -23.692351 -0.000000 0.000000 1.000000 0.000000
0.748139 0.663542 0.000000 70.232299 -0.663542 0.748139 -0.000000 -24.001923 -0.000000 0.000000 1.000000 0.000000
0.746771 0.665081 0.000000 70.568392 -0.665081 0.746771 -0.000000 -24.178953 -0.000000 0.000000 1.000000 0.000000
0.744637 0.667469 0.000000 70.830495 -0.667469 0.744637 -0.000000 -24.359215 -0.000000 0.000000 1.000000 0.000000
0.744242 0.667910 0.000000 71.019285 -0.667910 0.744242 -0.000000 -24.530154 -0.000000 0.000000 1.000000 0.000000
0.746382 0.665518 0.000000 71.122281 -0.665518 0.746382 -0.000000 -24.671861 -0.000000 0.000000 1.000000 0.000000
0.744004 0.668176 0.000000 71.161819 -0.668176 0.744004 -0.000000 -24.839227 -0.000000 0.000000 1.000000 0.000000
0.744237 0.667915 0.000000 71.318008 -0.667915 0.744237 -0.000000 -24.914393 -0.000000 0.000000 1.000000 0.000000
0.744307 0.667838 0.000000 71.461275 -0.667838 0.744307 -0.000000 -25.050667 -0.000000 0.000000 1.000000 0.000000
0.743509 0.668726 0.000000 71.690302 -0.668726 0.743509 -0.000000 -25.171181 -0.000000 0.000000 1.000000 0.000000
0.742942 0.669356 0.000000 72.089802 -0.669356 0.742942 -0.000000 -25.235891 -0.000000 0.000000 1.000000 0.000000
0.682393 0.730985 0.000000 77.459035 -0.730985 0.682393 -0.000000 -30.482454 -0.000000 0.000000 1.000000 0.000000
0.679532 0.733645 0.000000 77.752806 -0.733645 0.679532 -0.000000 -30.773948 -0.000000 0.000000 1.000000 0.000000
0.677447 0.735571 0.000000 78.298024 -0.735571 0.677447 -0.000000 -31.117964 -0.000000 0.000000 1.000000 0.000000
0.676008 0.736894 0.000000 78.660660 -0.736894 0.676008 -0.000000 -31.331805 -0.000000 0.000000 1.000000 0.000000
0.671864 0.740675 0.000000 79.009318 -0.740675 0.671864 -0.000000 -31.636642 -0.000000 0.000000 1.000000 0.000000
0.672417 0.740173 0.000000 79.136407 -0.740173 0.672417 -0.000000 -31.816176 -0.000000 0.000000 1.000000 0.000000
0.671284 0.741200 0.000000 79.315877 -0.741200 0.671284 -0.000000 -31.961158 -0.000000 0.000000 1.000000 0.000000
0.668226 0.743958 0.000000 79.558337 -0.743958 0.668226 -0.000000 -32.198666 -0.000000 0.000000 1.000000 0.000000
0.668634 0.743591 0.000000 79.673595 -0.743591 0.668634 -0.000000 -32.339667 -0.000000 0.000000 1.000000 0.000000
0.661125 0.750276 0.000000 80.172700 -0.750276 0.661125 -0.000000 -32.769167 -0.000000 0.000000 1.000000 0.000000
0.660708 0.750643 0.000000 80.429851 -0.750643 0.660708 -0.000000 -32.927367 -0.000000 0.000000 1.000000 0.000000
0.659124 0.752034 0.000000 80.603247 -0.752034 0.659124 -0.000000 -33.035950 -0.000000 0.000000 1.000000 0.000000
0.656614 0.754227 0.000000 80.869459 -0.754227 0.656614 -0.000000 -33.236513 -0.000000 0.000000 1.000000 0.000000
0.654006 0.756490 0.000000 81.031093 -0.756490 0.654006 -0.000000 -33.379101 -0.000000 0.000000 1.000000 0.000000
0.647054 0.762444 0.000000 81.261544 -0.762444 0.647054 -0.000000 -33.662910 -0.000000 0.000000 1.000000 0.000000
0.641966 0.766733 0.000000 81.485345 -0.766733 0.641966 -0.000000 -33.882997 -0.000000 0.000000 1.000000 0.000000
0.643041 0.765832 0.000000 81.546450 -0.765832 0.643041 -0.000000 -33.926106 -0.000000 0.000000 1.000000 0.000000
0.639961 0.768407 0.000000 81.598127 -0.768407 0.639961 -0.000000 -33.976881 -0.000000 0.000000 1.000000 0.000000
0.640401 0.768041 0.000000 81.716248 -0.768041 0.640401 -0.000000 -34.138651 -0.000000 0.000000 1.000000 0.000000
0.638560 0.769572 0.000000 81.961722 -0.769572 0.638560 -0.000000 -34.305768 -0.000000 0.000000 1.000000 0.000000
0.636999 0.770865 0.000000 82.073496 -0.770865 0.636999 -0.000000 -34.519780 -0.000000 0.000000 1.000000 0.000000
0.629894 0.776681 0.000000 82.097642 -0.776681 0.629894 -0.000000 -34.698987 -0.000000 0.000000 1.000000 0.000000
0.627901 0.778294 0.000000 82.191991 -0.778294 0.627901 -0.000000 -34.743406 -0.000000 0.000000 1.000000 0.000000
0.625302 0.780383 0.000000 82.347834 -0.780383 0.625302 -0.000000 -34.898167 -0.000000 0.000000 1.000000 0.000000
0.621221 0.783635 0.000000 82.490888 -0.783635 0.621221 -0.000000 -35.038637 -0.000000 0.000000 1.000000 0.000000
0.620352 0.784324 0.000000 82.694206 -0.784324 0.620352 -0.000000 -35.111633 -0.000000 0.000000 1.000000 0.000000
0.617635 0.786465 0.000000 82.699685 -0.786465 0.617635 -0.000000 -35.107551 -0.000000 0.000000 1.000000 0.000000
0.615203 0.788369 0.000000 82.856268 -0.788369 0.615203 -0.000000 -35.462537 -0.000000 0.000000 1.000000 0.000000
0.611685 0.791101 0.000000 83.340452 -0.791101 0.611685 -0.000000 -35.813618 -0.000000 0.000000 1.000000 0.000000
0.609242 0.792984 0.000000 83.353443 -0.792984 0.609242 -0.000000 -35.948307 -0.000000 0.000000 1.000000 0.000000
0.604933 0.796277 0.000000 83.650343 -0.796277 0.604933 -0.000000 -36.381016 -0.000000 0.000000 1.000000 0.000000
0.609979 0.792418 0.000000 84.009642 -0.792418 0.609979 -0.000000 -36.295539 -0.000000 0.000000 1.000000 0.000000
0.606354 0.795195 0.000000 84.155419 -0.795195 0.606354 -0.000000 -36.481281 -0.000000 0.000000 1.000000 0.000000
0.603740 0.797181 0.000000 84.348412 -0.797181 0.603740 -0.000000 -36.723039 -0.000000 0.000000 1.000000 0.000000
0.634053 0.773290 0.000000 85.923102 -0.773290 0.634053 -0.000000 -35.962146 -0.000000 0.000000 1.000000 0.000000
0.630280 0.776368 0.000000 86.123822 -0.776368 0.630280 -0.000000 -36.181316 -0.000000 0.000000 1.000000 0.000000
0.625301 0.780384 0.000000 86.227485 -0.780384 0.625301 -0.000000 -36.372311 -0.000000 0.000000 1.000000 0.000000
0.621779 0.783193 0.000000 86.322739 -0.783193 0.621779 -0.000000 -36.618811 -0.000000 0.000000 1.000000 0.000000
0.623783 0.781598 0.000000 86.664379 -0.781598 0.623783 -0.000000 -36.733166 -0.000000 0.000000 1.000000 0.000000
0.618427 0.785842 0.000000 86.842791 -0.785842 0.618427 -0.000000 -37.050810 -0.000000 0.000000 1.000000 0.000000
0.613415 0.789761 0.000000 86.840985 -0.789761 0.613415 -0.000000 -37.255555 -0.000000 0.000000 1.000000 0.000000
0.610087 0.792334 0.000000 86.991180 -0.792334 0.610087 -0.000000 -37.450414 -0.000000 0.000000 1.000000 0.000000
0.605398 0.795923 0.000000 87.182506 -0.795923 0.605398 -0.000000 -37.787830 -0.000000 0.000000 1.000000 0.000000
0.601199 0.799099 0.000000 87.356018 -0.799099 0.601199 -0.000000 -38.019756 -0.000000 0.000000 1.000000 0.000000
0.595756 0.803166 0.000000 87.325951 -0.803166 0.595756 -0.000000 -38.392188 -0.000000 0.000000 1.000000 0.000000
0.592881 0.805290 0.000000 87.509399 -0.805290 0.592881 -0.000000 -38.623752 -0.000000 0.000000 1.000000 0.000000
0.594708 0.803942 0.000000 87.646887 -0.803942 0.594708 -0.000000 -38.702463 -0.000000 0.000000 1.000000 0.000000
0.593970 0.804487 0.000000 87.791479 -0.804487 0.593970 -0.000000 -38.892857 -0.000000 0.000000 1.000000 0.000000
0.591242 0.806494 0.000000 87.803138 -0.806494 0.591242 -0.000000 -39.121531 -0.000000 0.000000 1.000000 0.000000
0.589111 0.808052 0.000000 87.915259 -0.808052 0.589111 -0.000000 -39.424943 -0.000000 0.000000 1.000000 0.000000
0.588607 0.808419 0.000000 88.207805 -0.808419 0.588607 -0.000000 -39.722096 -0.000000 0.000000 1.000000 0.000000
0.587390 0.809304 0.000000 88.379135 -0.809304 0.587390 -0.000000 -39.993049 -0.000000 0.000000 1.000000 0.000000
0.588682 0.808365 0.000000 88.493643 -0.808365 0.588682 -0.000000 -40.269052 -0.000000 0.000000 1.000000 0.000000
0.588043 0.808830 0.000000 88.604200 -0.808830 0.588043 -0.000000 -40.600292 -0.000000 0.000000 1.000000 0.000000
0.591230 0.806503 0.000000 88.756980 -0.806503 0.591230 -0.000000 -40.765746 -0.000000 0.000000 1.000000 0.000000
0.594075 0.804410 0.000000 88.858901 -0.804410 0.594075 -0.000000 -40.874446 -0.000000 0.000000 1.000000 0.000000
0.594028 0.804444 0.000000 89.023720 -0.804444 0.594028 -0.000000 -41.127919 -0.000000 0.000000 1.000000 0.000000
0.592355 0.805677 0.000000 89.244318 -0.805677 0.592355 -0.000000 -41.295654 -0.000000 0.000000 1.000000 0.000000
0.592133 0.805840 0.000000 89.215620 -0.805840 0.592133 -0.000000 -41.464338 -0.000000 0.000000 1.000000 0.000000
0.593070 0.805151 0.000000 89.509714 -0.805151 0.593070 -0.000000 -41.808480 -0.000000 0.000000 1.000000 0.000000
0.598632 0.801024 0.000000 89.584502 -0.801024 0.598632 -0.000000 -41.771108 -0.000000 0.000000 1.000000 0.000000
0.601088 0.799183 0.000000 89.656079 -0.799183 0.601088 -0.000000 -41.856448 -0.000000 0.000000 1.000000 0.000000
0.601976 0.798514 0.000000 89.848256 -0.798514 0.601976 -0.000000 -42.013268 -0.000000 0.000000 1.000000 0.000000
0.605893 0.795546 0.000000 90.037658 -0.795546 0.605893 -0.000000 -42.090716 -0.000000 0.000000 1.000000 0.000000
0.605067 0.796175 0.000000 90.057153 -0.796175 0.605067 -0.000000 -42.316433 -0.000000 0.000000 1.000000 0.000000
0.606534 0.795057 0.000000 90.235424 -0.795057 0.606534 -0.000000 -42.611365 -0.000000 0.000000 1.000000 0.000000
0.612955 0.790117 0.000000 90.657182 -0.790117 0.612955 -0.000000 -42.764653 -0.000000 0.000000 1.000000 0.000000
0.613488 0.789704 0.000000 90.557285 -0.789704 0.613488 -0.000000 -42.947023 -0.000000 0.000000 1.000000 0.000000
0.619372 0.785098 0.000000 90.680122 -0.785098 0.619372 -0.000000 -43.048639 -0.000000 0.000000 1.000000 0.000000
0.621586 0.783346 0.000000 90.717789 -0.783346 0.621586 -0.000000 -43.101150 -0.000000 0.000000 1.000000 0.000000
0.625009 0.780617 0.000000 90.818707 -0.780617 0.625009 -0.000000 -43.206156 -0.000000 0.000000 1.000000 0.000000
0.627532 0.778591 0.000000 90.910237 -0.778591 0.627532 -0.000000 -43.351304 -0.000000 0.000000 1.000000 0.000000
0.633327 0.773884 0.000000 91.137620 -0.773884 0.633327 -0.000000 -43.707993 -0.000000 0.000000 1.000000 0.000000
0.637945 0.770082 0.000000 91.266709 -0.770082 0.637945 -0.000000 -43.862324 -0.000000 0.000000 1.000000 0.000000
0.640897 0.767627 0.000000 91.458049 -0.767627 0.640897 -0.000000 -44.036005 -0.000000 0.000000 1.000000 0.000000
0.648371 0.761324 0.000000 91.785916 -0.761324 0.648371 -0.000000 -44.310669 -0.000000 0.000000 1.000000 0.000000
0.657470 0.753480 0.000000 91.998212 -0.753480 0.657470 -0.000000 -44.569067 -0.000000 0.000000 1.000000 0.000000
0.663510 0.748167 0.000000 92.194332 -0.748167 0.663510 -0.000000 -44.653374 -0.000000 0.000000 1.000000 0.000000
0.670434 0.741970 0.000000 92.301271 -0.741970 0.670434 -0.000000 -44.706869 -0.000000 0.000000 1.000000 0.000000
0.676416 0.736520 0.000000 92.465235 -0.736520 0.676416 -0.000000 -45.018017 -0.000000 0.000000 1.000000 0.000000
0.681576 0.731747 0.000000 92.464081 -0.731747 0.681576 -0.000000 -45.115521 -0.000000 0.000000 1.000000 0.000000
0.691681 0.722203 0.000000 92.654274 -0.722203 0.691681 -0.000000 -44.962207 -0.000000 0.000000 1.000000 0.000000
0.694749 0.719253 0.000000 92.846650 -0.719253 0.694749 -0.000000 -45.040935 -0.000000 0.000000 1.000000 0.000000
0.699246 0.714881 0.000000 93.036230 -0.714881 0.699246 -0.000000 -45.379296 -0.000000 0.000000 1.000000 0.000000
0.705570 0.708640 0.000000 93.351932 -0.708640 0.705570 -0.000000 -45.669005 -0.000000 0.000000 1.000000 0.000000
0.709404 0.704802 0.000000 93.510301 -0.704802 0.709404 -0.000000 -45.658835 -0.000000 0.000000 1.000000 0.000000
0.714137 0.700006 0.000000 93.545939 -0.700006 0.714137 -0.000000 -45.640036 -0.000000 0.000000 1.000000 0.000000
0.717854 0.696193 0.000000 93.654858 -0.696193 0.717854 -0.000000 -45.664126 -0.000000 0.000000 1.000000 0.000000
0.716159 0.697938 0.000000 93.843059 -0.697938 0.716159 -0.000000 -46.137993 -0.000000 0.000000 1.000000 0.000000
0.716933 0.697142 0.000000 93.986037 -0.697142 0.716933 -0.000000 -46.261799 -0.000000 0.000000 1.000000 0.000000
0.722174 0.691711 0.000000 94.092786 -0.691711 0.722174 -0.000000 -46.367289 -0.000000 0.000000 1.000000 0.000000
0.724789 0.688971 0.000000 94.140953 -0.688971 0.724789 -0.000000 -46.466626 -0.000000 0.000000 1.000000 0.000000
0.729378 0.684111 0.000000 94.225425 -0.684111 0.729378 -0.000000 -46.461128 -0.000000 0.000000 1.000000 0.000000
0.732424 0.680848 0.000000 94.171176 -0.680848 0.732424 -0.000000 -46.406583 -0.000000 0.000000 1.000000 0.000000
0.733119 0.680101 0.000000 94.168852 -0.680101 0.733119 -0.000000 -46.399155 -0.000000 0.000000 1.000000 0.000000
0.738628 0.674113 0.000000 94.358008 -0.674113 0.738628 -0.000000 -46.348075 -0.000000 0.000000 1.000000 0.000000
0.738556 0.674193 0.000000 94.442141 -0.674193 0.738556 -0.000000 -46.408299 -0.000000 0.000000 1.000000 0.000000
0.740852 0.671668 0.000000 94.514616 -0.671668 0.740852 -0.000000 -46.436277 -0.000000 0.000000 1.000000 0.000000
0.742959 0.669336 0.000000 94.680798 -0.669336 0.742959 -0.000000 -46.499934 -0.000000 0.000000 1.000000 0.000000
0.743066 0.669218 0.000000 94.660844 -0.669218 0.743066 -0.000000 -46.613282 -0.000000 0.000000 1.000000 0.000000
0.745293 0.666737 0.000000 94.722999 -0.666737 0.745293 -0.000000 -46.573249 -0.000000 0.000000 1.000000 0.000000
0.747341 0.664441 0.000000 94.769126 -0.664441 0.747341 -0.000000 -46.615157 -0.000000 0.000000 1.000000 0.000000
0.748556 0.663071 0.000000 94.778893 -0.663071 0.748556 -0.000000 -46.605701 -0.000000 0.000000 1.000000 0.000000
0.747956 0.663748 0.000000 94.841074 -0.663748 0.747956 -0.000000 -46.626464 -0.000000 0.000000 1.000000 0.000000
0.747574 0.664179 0.000000 94.845081 -0.664179 0.747574 -0.000000 -46.642151 -0.000000 0.000000 1.000000 0.000000
0.748281 0.663382 0.000000 94.959625 -0.663382 0.748281 -0.000000 -46.794687 -0.000000 0.000000 1.000000 0.000000
0.747119 0.664690 0.000000 94.968532 -0.664690 0.747119 -0.000000 -46.851519 -0.000000 0.000000 1.000000 0.000000
0.745697 0.666285 0.000000 94.858354 -0.666285 0.745697 -0.000000 -47.001971 -0.000000 0.000000 1.000000 0.000000
0.746328 0.665579 0.000000 94.876305 -0.665579 0.746328 -0.000000 -46.988567 -0.000000 0.000000 1.000000 0.000000
0.743753 0.668454 0.000000 94.725736 -0.668454 0.743753 -0.000000 -47.051769 -0.000000 0.000000 1.000000 0.000000
0.743609 0.668615 0.000000 94.739297 -0.668615 0.743609 -0.000000 -47.131323 -0.000000 0.000000 1.000000 0.000000
0.743001 0.669290 0.000000 94.781983 -0.669290 0.743001 -0.000000 -47.146132 -0.000000 0.000000 1.000000 0.000000
0.743088 0.669194 0.000000 94.819074 -0.669194 0.743088 -0.000000 -47.141912 -0.000000 0.000000 1.000000 0.000000
0.743334 0.668921 0.000000 94.792493 -0.668921 0.743334 -0.000000 -47.179238 -0.000000 0.000000 1.000000 0.000000
0.743033 0.669255 0.000000 94.785599 -0.669255 0.743033 -0.000000 -47.154842 -0.000000 0.000000 1.000000 0.000000
0.742171 0.670211 0.000000 94.833113 -0.670211 0.742171 -0.000000 -47.134345 -0.000000 0.000000 1.000000 0.000000
0.742713 0.669610 0.000000 94.872762 -0.669610 0.742713 -0.000000 -47.191677 -0.000000 0.000000 1.000000 0.000000
0.741828 0.670590 0.000000 94.888459 -0.670590 0.741828 -0.000000 -47.232365 -0.000000 0.000000 1.000000 0.000000
0.741238 0.671243 0.000000 94.837369 -0.671243 0.741238 -0.000000 -47.207225 -0.000000 0.000000 1.000000 0.000000
0.741987 0.670414 0.000000 94.830883 -0.670414 0.741987 -0.000000 -47.198587 -0.000000 0.000000 1.000000 0.000000
0.742752 0.669567 0.000000 94.854031 -0.669567 0.742752 -0.000000 -47.227989 -0.000000 0.000000 1.000000 0.000000
0.742628 0.669704 0.000000 94.874270 -0.669704 0.742628 -0.000000 -47.260462 -0.000000 0.000000 1.000000 0.000000
0.743720 0.668492 0.000000 94.900126 -0.668492 0.743720 -0.000000 -47.265017 -0.000000 0.000000 1.000000 0.000000
0.743572 0.668656 0.000000 94.902503 -0.668656 0.743572 -0.000000 -47.274094 -0.000000 0.000000 1.000000 0.000000
0.743789 0.668415 0.000000 94.856010 -0.668415 0.743789 -0.000000 -47.297542 -0.000000 0.000000 1.000000 0.000000
0.743943 0.668243 0.000000 94.858026 -0.668243 0.743943 -0.000000 -47.296275 -0.000000 0.000000 1.000000 0.000000
0.744126 0.668040 0.000000 94.853015 -0.668040 0.744126 -0.000000 -47.306649 -0.000000 0.000000 1.000000 0.000000
0.744106 0.668061 0.000000 94.868286 -0.668061 0.744106 -0.000000 -47.323265 -0.000000 0.000000 1.000000 0.000000
0.745019 0.667044 0.000000 94.839132 -0.667044 0.745019 -0.000000 -47.313384 -0.000000 0.000000 1.000000 0.000000
0.745031 0.667029 0.000000 94.842938 -0.667029 0.745031 -0.000000 -47.310797 -0.000000 0.000000 1.000000 0.000000
0.745461 0.666550 0.000000 94.815108 -0.666550 0.745461 -0.000000 -47.291160 -0.000000 0.000000 1.000000 0.000000
0.744865 0.667216 0.000000 94.808121 -0.667216 0.744865 -0.000000 -47.350003 -0.000000 0.000000 1.000000 0.000000
0.745448 0.666564 0.000000 94.831315 -0.666564 0.745448 -0.000000 -47.321796 -0.000000 0.000000 1.000000 0.000000
0.746085 0.665851 0.000000 94.794329 -0.665851 0.746085 -0.000000 -47.269649 -0.000000 0.000000 1.000000 0.000000
0.746210 0.665710 0.000000 94.911539 -0.665710 0.746210 -0.000000 -47.373638 -0.000000 0.000000 1.000000 0.000000
0.746901 0.664936 0.000000 94.898321 -0.664936 0.746901 -0.000000 -47.360467 -0.000000 0.000000 1.000000 0.000000
0.748295 0.663366 0.000000 94.903600 -0.663366 0.748295 -0.000000 -47.328260 -0.000000 0.000000 1.000000 0.000000
0.749107 0.662449 0.000000 94.897101 -0.662449 0.749107 -0.000000 -47.296404 -0.000000 0.000000 1.000000 0.000000
0.750781 0.660551 0.000000 94.880479 -0.660551 0.750781 -0.000000 -47.195921 -0.000000 0.000000 1.000000 0.000000
0.750471 0.660903 0.000000 94.895859 -0.660903 0.750471 -0.000000 -47.246856 -0.000000 0.000000 1.000000 0.000000
0.748283 0.663380 0.000000 94.903240 -0.663380 0.748283 -0.000000 -47.307940 -0.000000 0.000000 1.000000 0.000000
0.750141 0.661278 0.000000 94.957313 -0.661278 0.750141 -0.000000 -47.279665 -0.000000 0.000000 1.000000 0.000000
0.750700 0.660644 0.000000 94.941732 -0.660644 0.750700 -0.000000 -47.246866 -0.000000 0.000000 1.000000 0.000000
0.752677 0.658390 0.000000 94.798116 -0.658390 0.752677 -0.000000 -47.037130 -0.000000 0.000000 1.000000 0.000000
0.753666 0.657257 0.000000 94.807720 -0.657257 0.753666 -0.000000 -47.019808 -0.000000 0.000000 1.000000 0.000000
0.754315 0.656513 0.000000 94.851115 -0.656513 0.754315 -0.000000 -46.996222 -0.000000 0.000000 1.000000 0.000000
0.756215 0.654323 0.000000 94.853687 -0.654323 0.756215 -0.000000 -46.855080 -0.000000 0.000000 1.000000 0.000000
0.755689 0.654931 0.000000 94.828939 -0.654931 0.755689 -0.000000 -46.937025 -0.000000 0.000000 1.000000 0.000000
0.755259 0.655427 0.000000 94.903717 -0.655427 0.755259 -0.000000 -47.034737 -0.000000 0.000000 1.000000 0.000000
0.755924 0.654660 0.000000 94.878015 -0.654660 0.755924 -0.000000 -46.984376 -0.000000 0.000000 1.000000 0.000000
0.759023 0.651064 0.000000 94.921049 -0.651064 0.759023 -0.000000 -46.827634 -0.000000 0.000000 1.000000 0.000000
0.766647 0.642069 0.000000 94.865646 -0.642069 0.766647 -0.000000 -46.364146 -0.000000 0.000000 1.000000 0.000000
0.773613 0.633659 0.000000 94.654592 -0.633659 0.773613 -0.000000 -45.834230 -0.000000 0.000000 1.000000 0.000000
0.776008 0.630723 0.000000 94.573548 -0.630723 0.776008 -0.000000 -45.748237 -0.000000 0.000000 1.000000 0.000000
0.778205 0.628010 0.000000 94.262036 -0.628010 0.778205 -0.000000 -45.500104 -0.000000 0.000000 1.000000 0.000000
0.780790 0.624794 0.000000 94.132207 -0.624794 0.780790 -0.000000 -45.227389 -0.000000 0.000000 1.000000 0.000000
0.780897 0.624660 0.000000 94.148367 -0.624660 0.780897 -0.000000 -45.239946 -0.000000 0.000000 1.000000 0.000000
0.780694 0.624914 0.000000 94.125127 -0.624914 0.780694 -0.000000 -45.218867 -0.000000 0.000000 1.000000 0.000000
0.780379 0.625306 0.000000 94.102495 -0.625306 0.780379 -0.000000 -45.200878 -0.000000 0.000000 1.000000 0.000000
0.780779 0.624808 0.000000 94.079103 -0.624808 0.780779 -0.000000 -45.127053 -0.000000 0.000000 1.000000 0.000000
0.780903 0.624652 0.000000 94.107316 -0.624652 0.780903 -0.000000 -45.150690 -0.000000 0.000000 1.000000 0.000000
0.780888 0.624671 0.000000 94.105196 -0.624671 0.780888 -0.000000 -45.157030 -0.000000 0.000000 1.000000 0.000000
0.780670 0.624944 0.000000 94.138007 -0.624944 0.780670 -0.000000 -45.194765 -0.000000 0.000000 1.000000 0.000000
0.780882 0.624679 0.000000 94.135521 -0.624679 0.780882 -0.000000 -45.184736 -0.000000 0.000000 1.000000 0.000000
0.781864 0.623449 0.000000 94.074667 -0.623449 0.781864 -0.000000 -45.100609 -0.000000 0.000000 1.000000 0.000000
0.782272 0.622938 0.000000 94.053537 -0.622938 0.782272 -0.000000 -45.070738 -0.000000 0.000000 1.000000 0.000000
0.783967 0.620802 0.000000 93.950517 -0.620802 0.783967 -0.000000 -44.909724 -0.000000 0.000000 1.000000 0.000000
0.786808 0.617198 0.000000 93.847684 -0.617198 0.786808 -0.000000 -44.681069 -0.000000 0.000000 1.000000 0.000000
0.789335 0.613963 0.000000 93.827144 -0.613963 0.789335 -0.000000 -44.485762 -0.000000 0.000000 1.000000 0.000000
0.793543 0.608514 0.000000 93.528033 -0.608514 0.793543 -0.000000 -44.107322 -0.000000 0.000000 1.000000 0.000000
0.793769 0.608220 0.000000 93.527078 -0.608220 0.793769 -0.000000 -44.114818 -0.000000 0.000000 1.000000 0.000000
0.795496 0.605958 0.000000 93.498052 -0.605958 0.795496 -0.000000 -43.997323 -0.000000 0.000000 1.000000 0.000000
0.796594 0.604514 0.000000 93.482603 -0.604514 0.796594 -0.000000 -43.888619 -0.000000 0.000000 1.000000 0.000000
0.796304 0.604896 0.000000 93.477986 -0.604896 0.796304 -0.000000 -43.893183 -0.000000 0.000000 1.000000 0.000000
0.795799 0.605561 0.000000 93.453497 -0.605561 0.795799 -0.000000 -43.935526 -0.000000 0.000000 1.000000 0.000000
0.795174 0.606381 0.000000 93.512267 -0.606381 0.795174 -0.000000 -43.994804 -0.000000 0.000000 1.000000 0.000000
0.797613 0.603169 0.000000 93.404531 -0.603169 0.797613 -0.000000 -43.985473 -0.000000 0.000000 1.000000 0.000000
0.807740 0.589539 0.000000 93.259762 -0.589539 0.807740 -0.000000 -43.338409 -0.000000 0.000000 1.000000 0.000000
0.809830 0.586665 0.000000 93.183904 -0.586665 0.809830 -0.000000 -43.193408 -0.000000 0.000000 1.000000 0.000000
0.808302 0.588768 0.000000 93.194643 -0.588768 0.808302 -0.000000 -43.248400 -0.000000 0.000000 1.000000 0.000000
0.809956 0.586490 0.000000 93.141787 -0.586490 0.809956 -0.000000 -43.145797 -0.000000 0.000000 1.000000 0.000000
0.813467 0.581611 0.000000 93.075585 -0.581611 0.813467 -0.000000 -42.999665 -0.000000 0.000000 1.000000 0.000000
0.813974 0.580901 0.000000 93.007867 -0.580901 0.813974 -0.000000 -42.954176 -0.000000 0.000000 1.000000 0.000000
0.816584 0.577226 0.000000 92.966484 -0.577226 0.816584 -0.000000 -42.748658 -0.000000 0.000000 1.000000 0.000000
0.816774 0.576958 0.000000 92.897243 -0.576958 0.816774 -0.000000 -42.716365 -0.000000 0.000000 1.000000 0.000000
0.819015 0.573772 0.000000 92.796491 -0.573772 0.819015 -0.000000 -42.574503 -0.000000 0.000000 1.000000 0.000000
0.821465 0.570259 0.000000 92.747415 -0.570259 0.821465 -0.000000 -42.466379 -0.000000 0.000000 1.000000 0.000000
0.824062 0.566500 0.000000 92.843517 -0.566500 0.824062 -0.000000 -42.481674 -0.000000 0.000000 1.000000 0.000000
0.827371 0.561656 0.000000 92.951781 -0.561656 0.827371 -0.000000 -42.440752 -0.000000 0.000000 1.000000 0.000000
0.827485 0.561488 0.000000 92.963659 -0.561488 0.827485 -0.000000 -42.446699 -0.000000 0.000000 1.000000 0.000000
0.829997 0.557768 0.000000 92.899663 -0.557768 0.829997 -0.000000 -42.335474 -0.000000 0.000000 1.000000 0.000000
0.831209 0.555960 0.000000 92.814149 -0.555960 0.831209 -0.000000 -42.241339 -0.000000 0.000000 1.000000 0.000000
0.831115 0.556101 0.000000 92.971135 -0.556101 0.831115 -0.000000 -42.388799 -0.000000 0.000000 1.000000 0.000000
0.832745 0.553656 0.000000 93.106180 -0.553656 0.832745 -0.000000 -42.364747 -0.000000 0.000000 1.000000 0.000000
0.836310 0.548257 0.000000 92.919779 -0.548257 0.836310 -0.000000 -42.047702 -0.000000 0.000000 1.000000 0.000000
0.837520 0.546407 0.000000 93.015864 -0.546407 0.837520 -0.000000 -42.105247 -0.000000 0.000000 1.000000 0.000000
0.836950 0.547279 0.000000 92.950699 -0.547279 0.836950 -0.000000 -42.090377 -0.000000 0.000000 1.000000 0.000000
0.838117 0.545491 0.000000 92.839384 -0.545491 0.838117 -0.000000 -42.064623 -0.000000 0.000000 1.000000 0.000000
0.839392 0.543527 0.000000 92.984947 -0.543527 0.839392 -0.000000 -42.043892 -0.000000 0.000000 1.000000 0.000000
0.840675 0.541539 0.000000 92.977158 -0.541539 0.840675 -0.000000 -42.047038 -0.000000 0.000000 1.000000 0.000000
0.841172 0.540767 0.000000 93.012465 -0.540767 0.841172 -0.000000 -42.043702 -0.000000 0.000000 1.000000 0.000000
0.841178 0.540759 0.000000 93.000341 -0.540759 0.841178 -0.000000 -42.020180 -0.000000 0.000000 1.000000 0.000000
0.842219 0.539135 0.000000 92.987777 -0.539135 0.842219 -0.000000 -42.042136 -0.000000 0.000000 1.000000 0.000000
0.841519 0.540228 0.000000 93.012525 -0.540228 0.841519 -0.000000 -42.084540 -0.000000 0.000000 1.000000 0.000000
0.843317 0.537416 0.000000 93.092175 -0.537416 0.843317 -0.000000 -42.138727 -0.000000 0.000000 1.000000 0.000000
0.844207 0.536017 0.000000 93.079821 -0.536017 0.844207 -0.000000 -42.134904 -0.000000 0.000000 1.000000 0.000000
0.843868 0.536551 0.000000 93.073436 -0.536551 0.843868 -0.000000 -42.169348 -0.000000 0.000000 1.000000 0.000000
0.844275 0.535910 0.000000 93.078641 -0.535910 0.844275 -0.000000 -42.132896 -0.000000 0.000000 1.000000 0.000000
0.844691 0.535255 0.000000 93.151241 -0.535255 0.844691 -0.000000 -42.049507 -0.000000 0.000000 1.000000 0.000000
0.843517 0.537103 0.000000 93.148599 -0.537103 0.843517 -0.000000 -42.087183 -0.000000 0.000000 1.000000 0.000000
0.843093 0.537767 0.000000 93.188141 -0.537767 0.843093 -0.000000 -42.128678 -0.000000 0.000000 1.000000 0.000000
0.843245 0.537529 0.000000 93.184742 -0.537529 0.843245 -0.000000 -42.120650 -0.000000 0.000000 1.000000 0.000000
0.842674 0.538424 0.000000 93.219558 -0.538424 0.842674 -0.000000 -42.114593 -0.000000 0.000000 1.000000 0.000000
0.843483 0.537156 0.000000 93.222296 -0.537156 0.843483 -0.000000 -42.070725 -0.000000 0.000000 1.000000 0.000000
0.842883 0.538096 0.000000 93.243501 -0.538096 0.842883 -0.000000 -42.073276 -0.000000 0.000000 1.000000 0.000000
0.842776 0.538264 0.000000 93.216810 -0.538264 0.842776 -0.000000 -42.082703 -0.000000 0.000000 1.000000 0.000000
