1.000000 -0.000200 0.000000 0.610670 0.000200 1.000000 0.000000 -0.060306 0.000000 0.000000 1.000000 0.000000
0.999997 0.002579 0.000000 1.271212 -0.002579 0.999997 -0.000000 -0.111428 -0.000000 0.000000 1.000000 0.000000
0.999997 0.002438 0.000000 1.848735 -0.002438 0.999997 -0.000000 -0.130848 -0.000000 0.000000 1.000000 0.000000
0.999989 0.004724 0.000000 2.369447 -0.004724 0.999989 -0.000000 -0.165002 -0.000000 0.000000 1.000000 0.000000
0.999973 0.007394 0.000000 3.114128 -0.007394 0.999973 -0.000000 -0.090095 -0.000000 0.000000 1.000000 0.000000
0.999964 0.008476 0.000000 3.582223 -0.008476 0.999964 -0.000000 -0.038229 -0.000000 0.000000 1.000000 0.000000
0.999971 0.007614 0.000000 3.839908 -0.007614 0.999971 -0.000000 -0.085407 -0.000000 0.000000 1.000000 0.000000
0.999966 0.008273 0.000000 4.570601 -0.008273 0.999966 -0.000000 -0.101874 -0.000000 0.000000 1.000000 0.000000
0.999945 0.010505 0.000000 5.137516 -0.010505 0.999945 -0.000000 -0.177515 -0.000000 0.000000 1.000000 0.000000
0.999928 0.012037 0.000000 5.675697 -0.012037 0.999928 -0.000000 -0.115410 -0.000000 0.000000 1.000000 0.000000
0.999868 0.016271 0.000000 6.571018 -0.016271 0.999868 -0.000000 -0.106629 -0.000000 0.000000 1.000000 0.000000
0.999871 0.016044 0.000000 7.235996 -0.016044 0.999871 -0.000000 -0.093807 -0.000000 0.000000 1.000000 0.000000
0.999850 0.017298 0.000000 8.040159 -0.017298 0.999850 -0.000000 -0.108454 -0.000000 0.000000 1.000000 0.000000
0.999820 0.018970 0.000000 8.574040 -0.018970 0.999820 -0.000000 -0.076315 -0.000000 0.000000 1.000000 0.000000
0.999750 0.022377 0.000000 9.169778 -0.022377 0.999750 -0.000000 -0.129145 -0.000000 0.000000 1.000000 0.000000
0.999732 0.023147 0.000000 9.735786 -0.023147 0.999732 -0.000000 -0.113481 -0.000000 0.000000 1.000000 0.000000
0.999590 0.028627 0.000000 10.324674 -0.028627 0.999590 -0.000000 -0.453926 -0.000000 0.000000 1.000000 0.000000
0.999535 0.030482 0.000000 10.968703 -0.030482 0.999535 -0.000000 -0.469422 -0.000000 0.000000 1.000000 0.000000
0.999449 0.033202 0.000000 11.493896 -0.033202 0.999449 -0.000000 -0.473133 -0.000000 0.000000 1.000000 0.000000
0.999394 0.034817 0.000000 12.041412 -0.034817 0.999394 -0.000000 -0.467161 -0.000000 0.000000 1.000000 0.000000
0.999311 0.037118 0.000000 12.626592 -0.037118 0.999311 -0.000000 -0.411153 -0.000000 0.000000 1.000000 0.000000
0.999355 0.035916 0.000000 13.239924 -0.035916 0.999355 -0.000000 -0.468826 -0.000000 0.000000 1.000000 0.000000
0.999227 0.039315 0.000000 13.737866 -0.039315 0.999227 -0.000000 -0.450659 -0.000000 0.000000 1.000000 0.000000
0.999217 0.039566 0.000000 14.506122 -0.039566 0.999217 -0.000000 -0.497976 -0.000000 0.000000 1.000000 0.000000
0.999166 0.040821 0.000000 15.023491 -0.040821 0.999166 -0.000000 -0.466782 -0.000000 0.000000 1.000000 0.000000
0.999192 0.040196 0.000000 15.470755 -0.040196 0.999192 -0.000000 -0.416241 -0.000000 0.000000 1.000000 0.000000
0.999144 0.041361 0.000000 16.118149 -0.041361 0.999144 -0.000000 -0.575551 -0.000000 0.000000 1.000000 0.000000
0.999142 0.041410 0.000000 16.554365 -0.041410 0.999142 -0.000000 -0.711414 -0.000000 0.000000 1.000000 0.000000
0.999210 0.039754 0.000000 17.272441 -0.039754 0.999210 -0.000000 -0.776224 -0.000000 0.000000 1.000000 0.000000
0.999282 0.037889 0.000000 17.959319 -0.037889 0.999282 -0.000000 -0.763336 -0.000000 0.000000 1.000000 0.000000
0.999234 0.039126 0.000000 18.474836 -0.039126 0.999234 -0.000000 -1.100104 -0.000000 0.000000 1.000000 0.000000
0.999090 0.042659 0.000000 19.062674 -0.042659 0.999090 -0.000000 -1.180675 -0.000000 0.000000 1.000000 0.000000
0.998967 0.045449 0.000000 19.636977 -0.045449 0.998967 -0.000000 -1.207977 -0.000000 0.000000 1.000000 0.000000
0.998993 0.044864 0.000000 20.186937 -0.044864 0.998993 -0.000000 -1.253396 -0.000000 0.000000 1.000000 0.000000
0.998958 0.045647 0.000000 20.521811 -0.045647 0.998958 -0.000000 -1.270760 -0.000000 0.000000 1.000000 0.000000
0.998905 0.046779 0.000000 21.044914 -0.046779 0.998905 -0.000000 -1.394983 -0.000000 0.000000 1.000000 0.000000
0.998866 0.047601 0.000000 21.570970 -0.047601 0.998866 -0.000000 -1.438254 -0.000000 0.000000 1.000000 0.000000
0.998837 0.048216 0.000000 22.633208 -0.048216 0.998837 -0.000000 -1.489124 -0.000000 0.000000 1.000000 0.000000
0.998563 0.053591 0.000000 23.465434 -0.053591 0.998563 -0.000000 -1.597757 -0.000000 0.000000 1.000000 0.000000
0.998347 0.057467 0.000000 24.050855 -0.057467 0.998347 -0.000000 -1.734310 -0.000000 0.000000 1.000000 0.000000
0.998291 0.058442 0.000000 24.733525 -0.058442 0.998291 -0.000000 -1.793147 -0.000000 0.000000 1.000000 0.000000
0.998323 0.057895 0.000000 25.343826 -0.057895 0.998323 -0.000000 -1.782815 -0.000000 0.000000 1.000000 0.000000
0.998420 0.056186 0.000000 25.816752 -0.056186 0.998420 -0.000000 -1.723813 -0.000000 0.000000 1.000000 0.000000
0.998159 0.060648 0.000000 26.124311 -0.060648 0.998159 -0.000000 -1.783242 -0.000000 0.000000 1.000000 0.000000
0.997966 0.063754 0.000000 26.231583 -0.063754 0.997966 -0.000000 -1.786484 -0.000000 0.000000 1.000000 0.000000
0.997774 0.066680 0.000000 27.244247 -0.066680 0.997774 -0.000000 -2.020753 -0.000000 0.000000 1.000000 0.000000
0.997716 0.067551 0.000000 27.679390 -0.067551 0.997716 -0.000000 -2.020768 -0.000000 0.000000 1.000000 0.000000
0.997604 0.069185 0.000000 28.261442 -0.069185 0.997604 -0.000000 -2.088374 -0.000000 0.000000 1.000000 0.000000
0.997705 0.067708 0.000000 28.782064 -0.067708 0.997705 -0.000000 -2.141786 -0.000000 0.000000 1.000000 0.000000
0.997444 0.071452 0.000000 29.341536 -0.071452 0.997444 -0.000000 -2.190300 -0.000000 0.000000 1.000000 0.000000
0.996845 0.079374 0.000000 30.104492 -0.079374 0.996845 -0.000000 -2.295744 -0.000000 0.000000 1.000000 0.000000
0.996653 0.081743 0.000000 30.645133 -0.081743 0.996653 -0.000000 -2.344569 -0.000000 0.000000 1.000000 0.000000
0.996265 0.086346 0.000000 31.115034 -0.086346 0.996265 -0.000000 -2.292922 -0.000000 0.000000 1.000000 0.000000
0.996135 0.087836 0.000000 31.645940 -0.087836 0.996135 -0.000000 -2.309756 -0.000000 0.000000 1.000000 0.000000
0.995860 0.090897 0.000000 32.273662 -0.090897 0.995860 -0.000000 -2.262313 -0.000000 0.000000 1.000000 0.000000
0.995747 0.092125 0.000000 32.925906 -0.092125 0.995747 -0.000000 -2.350194 -0.000000 0.000000 1.000000 0.000000
0.995458 0.095201 0.000000 33.400848 -0.095201 0.995458 -0.000000 -2.415974 -0.000000 0.000000 1.000000 0.000000
0.995253 0.097326 0.000000 33.850737 -0.097326 0.995253 -0.000000 -2.460844 -0.000000 0.000000 1.000000 0.000000
0.995274 0.097108 0.000000 34.449401 -0.097108 0.995274 -0.000000 -2.487793 -0.000000 0.000000 1.000000 0.000000
0.994924 0.100630 0.000000 34.849829 -0.100630 0.994924 -0.000000 -2.525871 -0.000000 0.000000 1.000000 0.000000
0.994733 0.102499 0.000000 35.760478 -0.102499 0.994733 -0.000000 -2.475601 -0.000000 0.000000 1.000000 0.000000
0.994283 0.106781 0.000000 36.149445 -0.106781 0.994283 -0.000000 -2.335407 -0.000000 0.000000 1.000000 0.000000
0.994131 0.108180 0.000000 36.659083 -0.108180 0.994131 -0.000000 -2.331764 -0.000000 0.000000 1.000000 0.000000
0.994131 0.108181 0.000000 37.195917 -0.108181 0.994131 -0.000000 -2.384256 -0.000000 0.000000 1.000000 0.000000
0.994073 0.108714 0.000000 37.653189 -0.108714 0.994073 -0.000000 -2.369523 -0.000000 0.000000 1.000000 0.000000
0.994068 0.108761 0.000000 38.008916 -0.108761 0.994068 -0.000000 -2.562996 -0.000000 0.000000 1.000000 0.000000
0.994072 0.108728 0.000000 38.599488 -0.108728 0.994072 -0.000000 -2.631942 -0.000000 0.000000 1.000000 0.000000
0.993919 0.110118 0.000000 39.040272 -0.110118 0.993919 -0.000000 -2.806619 -0.000000 0.000000 1.000000 0.000000
0.993678 0.112267 0.000000 39.535872 -0.112267 0.993678 -0.000000 -2.708943 -0.000000 0.000000 1.000000 0.000000
0.993977 0.109589 0.000000 40.118776 -0.109589 0.993977 -0.000000 -2.742344 -0.000000 0.000000 1.000000 0.000000
0.994006 0.109330 0.000000 40.667876 -0.109330 0.994006 -0.000000 -2.814724 -0.000000 0.000000 1.000000 0.000000
0.993592 0.113028 0.000000 41.068328 -0.113028 0.993592 -0.000000 -2.877844 -0.000000 0.000000 1.000000 0.000000
0.992801 0.119772 0.000000 41.329162 -0.119772 0.992801 -0.000000 -3.010369 -0.000000 0.000000 1.000000 0.000000
0.992847 0.119397 0.000000 41.821314 -0.119397 0.992847 -0.000000 -3.109012 -0.000000 0.000000 1.000000 0.000000
0.992598 0.121450 0.000000 42.827810 -0.121450 0.992598 -0.000000 -3.108261 -0.000000 0.000000 1.000000 0.000000
0.992267 0.124119 0.000000 43.343929 -0.124119 0.992267 -0.000000 -3.174623 -0.000000 0.000000 1.000000 0.000000
0.992055 0.125808 0.000000 43.888283 -0.125808 0.992055 -0.000000 -3.242420 -0.000000 0.000000 1.000000 0.000000
0.991130 0.132898 0.000000 44.789987 -0.132898 0.991130 -0.000000 -3.243996 -0.000000 0.000000 1.000000 0.000000
0.990693 0.136118 0.000000 45.484959 -0.136118 0.990693 -0.000000 -3.349045 -0.000000 0.000000 1.000000 0.000000
0.990633 0.136549 0.000000 45.975500 -0.136549 0.990633 -0.000000 -3.416619 -0.000000 0.000000 1.000000 0.000000
0.990322 0.138791 0.000000 46.991338 -0.138791 0.990322 -0.000000 -3.531302 -0.000000 0.000000 1.000000 0.000000
0.990308 0.138886 0.000000 47.493976 -0.138886 0.990308 -0.000000 -3.573606 -0.000000 0.000000 1.000000 0.000000
0.990107 0.140316 0.000000 47.835312 -0.140316 0.990107 -0.000000 -3.537773 -0.000000 0.000000 1.000000 0.000000
0.989971 0.141268 0.000000 48.328019 -0.141268 0.989971 -0.000000 -3.615693 -0.000000 0.000000 1.000000 0.000000
0.989340 0.145627 0.000000 48.995947 -0.145627 0.989340 -0.000000 -3.744853 -0.000000 0.000000 1.000000 0.000000
0.989188 0.146652 0.000000 49.624236 -0.146652 0.989188 -0.000000 -3.854383 -0.000000 0.000000 1.000000 0.000000
0.988979 0.148053 0.000000 50.208951 -0.148053 0.988979 -0.000000 -3.908099 -0.000000 0.000000 1.000000 0.000000
0.988784 0.149355 0.000000 50.599936 -0.149355 0.988784 -0.000000 -3.967176 -0.000000 0.000000 1.000000 0.000000
0.988631 0.150364 0.000000 51.024462 -0.150364 0.988631 -0.000000 -4.055766 -0.000000 0.000000 1.000000 0.000000
0.988891 0.148639 0.000000 51.541335 -0.148639 0.988891 -0.000000 -4.070209 -0.000000 0.000000 1.000000 0.000000
0.988928 0.148394 0.000000 51.806383 -0.148394 0.988928 -0.000000 -4.135646 -0.000000 0.000000 1.000000 0.000000
0.989106 0.147205 0.000000 52.459147 -0.147205 0.989106 -0.000000 -4.186683 -0.000000 0.000000 1.000000 0.000000
0.988988 0.147997 0.000000 52.826326 -0.147997 0.988988 -0.000000 -4.202491 -0.000000 0.000000 1.000000 0.000000
0.989140 0.146973 0.000000 53.273018 -0.146973 0.989140 -0.000000 -4.271581 -0.000000 0.000000 1.000000 0.000000
0.989070 0.147445 0.000000 53.702131 -0.147445 0.989070 -0.000000 -4.330179 -0.000000 0.000000 1.000000 0.000000
0.989078 0.147393 0.000000 54.248993 -0.147393 0.989078 -0.000000 -4.358422 -0.000000 0.000000 1.000000 0.000000
0.988790 0.149316 0.000000 54.550856 -0.149316 0.988790 -0.000000 -4.390358 -0.000000 0.000000 1.000000 0.000000
0.988064 0.154042 0.000000 54.923593 -0.154042 0.988064 -0.000000 -4.556192 -0.000000 0.000000 1.000000 0.000000
0.987628 0.156813 0.000000 55.140479 -0.156813 0.987628 -0.000000 -4.566174 -0.000000 0.000000 1.000000 0.000000
0.987131 0.159914 0.000000 55.510584 -0.159914 0.987131 -0.000000 -4.670755 -0.000000 0.000000 1.000000 0.000000
0.986167 0.165755 0.000000 55.738320 -0.165755 0.986167 -0.000000 -4.734675 -0.000000 0.000000 1.000000 0.000000
0.987237 0.159258 0.000000 56.119865 -0.159258 0.987237 -0.000000 -4.802127 -0.000000 0.000000 1.000000 0.000000
0.986974 0.160877 0.000000 56.514760 -0.160877 0.986974 -0.000000 -4.898995 -0.000000 0.000000 1.000000 0.000000
0.986442 0.164113 0.000000 56.812192 -0.164113 0.986442 -0.000000 -4.931630 -0.000000 0.000000 1.000000 0.000000
0.986457 0.164021 0.000000 57.104269 -0.164021 0.986457 -0.000000 -4.967079 -0.000000 0.000000 1.000000 0.000000
0.986572 0.163328 0.000000 57.437283 -0.163328 0.986572 -0.000000 -4.985802 -0.000000 0.000000 1.000000 0.000000
0.986148 0.165870 0.000000 57.642782 -0.165870 0.986148 -0.000000 -5.116634 -0.000000 0.000000 1.000000 0.000000
0.984527 0.175234 0.000000 57.878660 -0.175234 0.984527 -0.000000 -5.289162 -0.000000 0.000000 1.000000 0.000000
0.984999 0.172562 0.000000 58.149838 -0.172562 0.984999 -0.000000 -5.408384 -0.000000 0.000000 1.000000 0.000000
0.984873 0.173278 0.000000 58.367842 -0.173278 0.984873 -0.000000 -5.520185 -0.000000 0.000000 1.000000 0.000000
0.984731 0.174082 0.000000 58.696813 -0.174082 0.984731 -0.000000 -5.580992 -0.000000 0.000000 1.000000 0.000000
0.983741 0.179593 0.000000 58.815503 -0.179593 0.983741 -0.000000 -5.657970 -0.000000 0.000000 1.000000 0.000000
0.983348 0.181730 0.000000 59.016647 -0.181730 0.983348 -0.000000 -5.662487 -0.000000 0.000000 1.000000 0.000000
0.982745 0.184968 0.000000 59.289363 -0.184968 0.982745 -0.000000 -5.664716 -0.000000 0.000000 1.000000 0.000000
0.982990 0.183657 0.000000 59.589053 -0.183657 0.982990 -0.000000 -5.664386 -0.000000 0.000000 1.000000 0.000000
0.982821 0.184560 0.000000 60.014921 -0.184560 0.982821 -0.000000 -5.786420 -0.000000 0.000000 1.000000 0.000000
0.982661 0.185412 0.000000 60.310928 -0.185412 0.982661 -0.000000 -5.857103 -0.000000 0.000000 1.000000 0.000000
0.982415 0.186711 0.000000 60.593251 -0.186711 0.982415 -0.000000 -5.947421 -0.000000 0.000000 1.000000 0.000000
0.982363 0.186986 0.000000 60.920590 -0.186986 0.982363 -0.000000 -5.830753 -0.000000 0.000000 1.000000 0.000000
0.981146 0.193266 0.000000 61.238372 -0.193266 0.981146 -0.000000 -5.968366 -0.000000 0.000000 1.000000 0.000000
0.980782 0.195107 0.000000 61.645994 -0.195107 0.980782 -0.000000 -6.085995 -0.000000 0.000000 1.000000 0.000000
0.981225 0.192867 0.000000 61.739264 -0.192867 0.981225 -0.000000 -6.090390 -0.000000 0.000000 1.000000 0.000000
0.980628 0.195880 0.000000 61.877103 -0.195880 0.980628 -0.000000 -6.202277 -0.000000 0.000000 1.000000 0.000000
0.980114 0.198434 0.000000 61.995986 -0.198434 0.980114 -0.000000 -6.308228 -0.000000 0.000000 1.000000 0.000000
0.978941 0.204143 0.000000 62.286090 -0.204143 0.978941 -0.000000 -6.357132 -0.000000 0.000000 1.000000 0.000000
0.979355 0.202149 0.000000 62.502980 -0.202149 0.979355 -0.000000 -6.458803 -0.000000 0.000000 1.000000 0.000000
0.979248 0.202664 0.000000 62.780729 -0.202664 0.979248 -0.000000 -6.598531 -0.000000 0.000000 1.000000 0.000000
0.979651 0.200707 0.000000 62.851919 -0.200707 0.979651 -0.000000 -6.507583 -0.000000 0.000000 1.000000 0.000000
0.978995 0.203887 0.000000 63.078592 -0.203887 0.978995 -0.000000 -6.583601 -0.000000 0.000000 1.000000 0.000000
0.978625 0.205653 0.000000 63.197156 -0.205653 0.978625 -0.000000 -6.710055 -0.000000 0.000000 1.000000 0.000000
0.978024 0.208493 0.000000 63.310693 -0.208493 0.978024 -0.000000 -6.794908 -0.000000 0.000000 1.000000 0.000000
0.978006 0.208578 0.000000 63.428909 -0.208578 0.978006 -0.000000 -6.826690 -0.000000 0.000000 1.000000 0.000000
0.977562 0.210649 0.000000 63.604910 -0.210649 0.977562 -0.000000 -6.836260 -0.000000 0.000000 1.000000 0.000000
0.977232 0.212175 0.000000 63.770444 -0.212175 0.977232 -0.000000 -6.831052 -0.000000 0.000000 1.000000 0.000000
0.977641 0.210279 0.000000 63.881929 -0.210279 0.977641 -0.000000 -7.202360 -0.000000 0.000000 1.000000 0.000000
0.977439 0.211219 0.000000 64.073063 -0.211219 0.977439 -0.000000 -7.238840 -0.000000 0.000000 1.000000 0.000000
0.977091 0.212820 0.000000 64.344771 -0.212820 0.977091 -0.000000 -7.319977 -0.000000 0.000000 1.000000 0.000000
0.976313 0.216365 0.000000 64.543504 -0.216365 0.976313 -0.000000 -7.410266 -0.000000 0.000000 1.000000 0.000000
0.976529 0.215388 0.000000 64.514696 -0.215388 0.976529 -0.000000 -7.648890 -0.000000 0.000000 1.000000 0.000000
0.976546 0.215307 0.000000 64.847453 -0.215307 0.976546 -0.000000 -7.644534 -0.000000 0.000000 1.000000 0.000000
0.976440 0.215789 0.000000 64.742855 -0.215789 0.976440 -0.000000 -7.858296 -0.000000 0.000000 1.000000 0.000000
0.976169 0.217014 0.000000 64.869765 -0.217014 0.976169 -0.000000 -7.879531 -0.000000 0.000000 1.000000 0.000000
0.976782 0.214238 0.000000 64.751326 -0.214238 0.976782 -0.000000 -7.846473 -0.000000 0.000000 1.000000 0.000000
0.976003 0.217756 0.000000 65.008057 -0.217756 0.976003 -0.000000 -7.942256 -0.000000 0.000000 1.000000 0.000000
0.975634 0.219403 0.000000 65.185000 -0.219403 0.975634 -0.000000 -8.014368 -0.000000 0.000000 1.000000 0.000000
0.975417 0.220366 0.000000 65.513460 -0.220366 0.975417 -0.000000 -8.089095 -0.000000 0.000000 1.000000 0.000000
0.974973 0.222325 0.000000 65.773224 -0.222325 0.974973 -0.000000 -8.208790 -0.000000 0.000000 1.000000 0.000000
0.975264 0.221045 0.000000 65.843158 -0.221045 0.975264 -0.000000 -8.351590 -0.000000 0.000000 1.000000 0.000000
0.973670 0.227962 0.000000 66.509449 -0.227962 0.973670 -0.000000 -8.517447 -0.000000 0.000000 1.000000 0.000000
0.974236 0.225531 0.000000 66.604429 -0.225531 0.974236 -0.000000 -8.641728 -0.000000 0.000000 1.000000 0.000000
0.973470 0.228817 0.000000 66.776209 -0.228817 0.973470 -0.000000 -8.668474 -0.000000 0.000000 1.000000 0.000000
0.973394 0.229136 0.000000 66.939807 -0.229136 0.973394 -0.000000 -8.556625 -0.000000 0.000000 1.000000 0.000000
0.973304 0.229522 0.000000 67.169263 -0.229522 0.973304 -0.000000 -8.567609 -0.000000 0.000000 1.000000 0.000000
0.972697 0.232080 0.000000 67.564116 -0.232080 0.972697 -0.000000 -8.742871 -0.000000 0.000000 1.000000 0.000000
0.972726 0.231956 0.000000 67.870494 -0.231956 0.972726 -0.000000 -8.879831 -0.000000 0.000000 1.000000 0.000000
0.972018 0.234906 0.000000 68.136139 -0.234906 0.972018 -0.000000 -8.953627 -0.000000 0.000000 1.000000 0.000000
0.971484 0.237104 0.000000 68.582763 -0.237104 0.971484 -0.000000 -9.144643 -0.000000 0.000000 1.000000 0.000000
0.970882 0.239559 0.000000 68.945601 -0.239559 0.970882 -0.000000 -9.121643 -0.000000 0.000000 1.000000 0.000000
0.970722 0.240205 0.000000 69.236804 -0.240205 0.970722 -0.000000 -9.213149 -0.000000 0.000000 1.000000 0.000000
0.970345 0.241725 0.000000 69.547065 -0.241725 0.970345 -0.000000 -9.380517 -0.000000 0.000000 1.000000 0.000000
0.968755 0.248018 0.000000 69.650157 -0.248018 0.968755 -0.000000 -9.574497 -0.000000 0.000000 1.000000 0.000000
0.968615 0.248566 0.000000 69.700941 -0.248566 0.968615 -0.000000 -9.543189 -0.000000 0.000000 1.000000 0.000000
0.968360 0.249556 0.000000 69.984384 -0.249556 0.968360 -0.000000 -9.704537 -0.000000 0.000000 1.000000 0.000000
0.969265 0.246021 0.000000 70.707754 -0.246021 0.969265 -0.000000 -9.812301 -0.000000 0.000000 1.000000 0.000000
0.968908 0.247420 0.000000 70.623204 -0.247420 0.968908 -0.000000 -10.087929 -0.000000 0.000000 1.000000 0.000000
0.968603 0.248611 0.000000 71.008449 -0.248611 0.968603 -0.000000 -10.186070 -0.000000 0.000000 1.000000 0.000000
0.968621 0.248543 0.000000 71.236312 -0.248543 0.968621 -0.000000 -10.306203 -0.000000 0.000000 1.000000 0.000000
0.968892 0.247482 0.000000 71.889737 -0.247482 0.968892 -0.000000 -10.470527 -0.000000 0.000000 1.000000 0.000000
0.968203 0.250167 0.000000 72.597391 -0.250167 0.968203 -0.000000 -10.689275 -0.000000 0.000000 1.000000 0.000000
0.968537 0.248868 0.000000 72.955192 -0.248868 0.968537 -0.000000 -10.754985 -0.000000 0.000000 1.000000 0.000000
0.969302 0.245874 0.000000 73.291008 -0.245874 0.969302 -0.000000 -10.867490 -0.000000 0.000000 1.000000 0.000000
0.969486 0.245148 0.000000 73.679354 -0.245148 0.969486 -0.000000 -10.995029 -0.000000 0.000000 1.000000 0.000000
0.969933 0.243371 0.000000 73.810837 -0.243371 0.969933 -0.000000 -11.222069 -0.000000 0.000000 1.000000 0.000000
0.969054 0.246848 0.000000 74.277639 -0.246848 0.969054 -0.000000 -11.475365 -0.000000 0.000000 1.000000 0.000000
0.969064 0.246809 0.000000 74.600587 -0.246809 0.969064 -0.000000 -11.550250 -0.000000 0.000000 1.000000 0.000000
0.968402 0.249394 0.000000 75.528503 -0.249394 0.968402 -0.000000 -11.672306 -0.000000 0.000000 1.000000 0.000000
0.968898 0.247460 0.000000 76.432726 -0.247460 0.968898 -0.000000 -11.846407 -0.000000 0.000000 1.000000 0.000000
0.968759 0.248005 0.000000 76.800064 -0.248005 0.968759 -0.000000 -12.004261 -0.000000 0.000000 1.000000 0.000000
0.968617 0.248557 0.000000 77.387395 -0.248557 0.968617 -0.000000 -12.087449 -0.000000 0.000000 1.000000 0.000000
0.968168 0.250302 0.000000 77.857051 -0.250302 0.968168 -0.000000 -12.265133 -0.000000 0.000000 1.000000 0.000000
0.968494 0.249038 0.000000 78.409592 -0.249038 0.968494 -0.000000 -12.282945 -0.000000 0.000000 1.000000 0.000000
0.967377 0.253343 0.000000 78.813812 -0.253343 0.967377 -0.000000 -12.541747 -0.000000 0.000000 1.000000 0.000000
0.966343 0.257256 0.000000 79.289932 -0.257256 0.966343 -0.000000 -12.617298 -0.000000 0.000000 1.000000 0.000000
0.965248 0.261335 0.000000 79.809892 -0.261335 0.965248 -0.000000 -12.786421 -0.000000 0.000000 1.000000 0.000000
0.964105 0.265523 0.000000 80.177542 -0.265523 0.964105 -0.000000 -12.863787 -0.000000 0.000000 1.000000 0.000000
0.963852 0.266439 0.000000 80.636962 -0.266439 0.963852 -0.000000 -13.067173 -0.000000 0.000000 1.000000 0.000000
0.963433 0.267949 0.000000 81.166137 -0.267949 0.963433 -0.000000 -13.204055 -0.000000 0.000000 1.000000 0.000000
0.963271 0.268532 0.000000 82.079933 -0.268532 0.963271 -0.000000 -13.423006 -0.000000 0.000000 1.000000 0.000000
0.962719 0.270503 0.000000 82.568438 -0.270503 0.962719 -0.000000 -13.571224 -0.000000 0.000000 1.000000 0.000000
0.963692 0.267017 0.000000 83.251802 -0.267017 0.963692 -0.000000 -13.648130 -0.000000 0.000000 1.000000 0.000000
0.962951 0.269677 0.000000 83.766411 -0.269677 0.962951 -0.000000 -13.739970 -0.000000 0.000000 1.000000 0.000000
0.962752 0.270387 0.000000 84.176055 -0.270387 0.962752 -0.000000 -13.862828 -0.000000 0.000000 1.000000 0.000000
0.961763 0.273883 0.000000 84.909704 -0.273883 0.961763 -0.000000 -14.124394 -0.000000 0.000000 1.000000 0.000000
0.961210 0.275817 0.000000 85.387364 -0.275817 0.961210 -0.000000 -14.366157 -0.000000 0.000000 1.000000 0.000000
0.958936 0.283621 0.000000 86.529157 -0.283621 0.958936 -0.000000 -14.643599 -0.000000 0.000000 1.000000 0.000000
0.957950 0.286937 0.000000 87.250872 -0.286937 0.957950 -0.000000 -14.888399 -0.000000 0.000000 1.000000 0.000000
0.957649 0.287939 0.000000 87.859156 -0.287939 0.957649 -0.000000 -14.949360 -0.000000 0.000000 1.000000 0.000000
0.956429 0.291965 0.000000 88.420250 -0.291965 0.956429 -0.000000 -15.214298 -0.000000 0.000000 1.000000 0.000000
0.955687 0.294385 0.000000 88.908587 -0.294385 0.955687 -0.000000 -15.342984 -0.000000 0.000000 1.000000 0.000000
0.955105 0.296267 0.000000 89.488675 -0.296267 0.955105 -0.000000 -15.565815 -0.000000 0.000000 1.000000 0.000000
0.953758 0.300576 0.000000 90.015227 -0.300576 0.953758 -0.000000 -15.859925 -0.000000 0.000000 1.000000 0.000000
0.952500 0.304538 0.000000 90.650716 -0.304538 0.952500 -0.000000 -16.027562 -0.000000 0.000000 1.000000 0.000000
0.951894 0.306429 0.000000 91.235332 -0.306429 0.951894 -0.000000 -16.227900 -0.000000 0.000000 1.000000 0.000000
0.951351 0.308110 0.000000 91.899020 -0.308110 0.951351 -0.000000 -16.341609 -0.000000 0.000000 1.000000 0.000000
0.950944 0.309363 0.000000 92.397974 -0.309363 0.950944 -0.000000 -16.615060 -0.000000 0.000000 1.000000 0.000000
0.950926 0.309419 0.000000 92.991482 -0.309419 0.950926 -0.000000 -16.816460 -0.000000 0.000000 1.000000 0.000000
0.949713 0.313122 0.000000 93.555796 -0.313122 0.949713 -0.000000 -17.002854 -0.000000 0.000000 1.000000 0.000000
0.949882 0.312610 0.000000 94.104809 -0.312610 0.949882 -0.000000 -17.182808 -0.000000 0.000000 1.000000 0.000000
0.949314 0.314329 0.000000 95.084678 -0.314329 0.949314 -0.000000 -17.512144 -0.000000 0.000000 1.000000 0.000000
0.948022 0.318206 0.000000 95.728276 -0.318206 0.948022 -0.000000 -17.738439 -0.000000 0.000000 1.000000 0.000000
0.947599 0.319461 0.000000 96.284601 -0.319461 0.947599 -0.000000 -17.895365 -0.000000 0.000000 1.000000 0.000000
0.947020 0.321175 0.000000 96.930527 -0.321175 0.947020 -0.000000 -18.119002 -0.000000 0.000000 1.000000 0.000000
0.945472 0.325704 0.000000 97.564581 -0.325704 0.945472 -0.000000 -18.294355 -0.000000 0.000000 1.000000 0.000000
0.946071 0.323958 0.000000 98.150986 -0.323958 0.946071 -0.000000 -18.437426 -0.000000 0.000000 1.000000 0.000000
0.945523 0.325556 0.000000 98.679354 -0.325556 0.945523 -0.000000 -18.653769 -0.000000 0.000000 1.000000 0.000000
0.944833 0.327552 0.000000 99.315522 -0.327552 0.944833 -0.000000 -18.888275 -0.000000 0.000000 1.000000 0.000000
0.945420 0.325855 0.000000 99.916184 -0.325855 0.945420 -0.000000 -19.076509 -0.000000 0.000000 1.000000 0.000000
0.945025 0.326998 0.000000 100.610698 -0.326998 0.945025 -0.000000 -19.263340 -0.000000 0.000000 1.000000 0.000000
0.945239 0.326378 0.000000 101.309099 -0.326378 0.945239 -0.000000 -19.501446 -0.000000 0.000000 1.000000 0.000000
0.944848 0.327510 0.000000 101.757333 -0.327510 0.944848 -0.000000 -19.678687 -0.000000 0.000000 1.000000 0.000000
0.951480 0.307711 0.000000 103.029376 -0.307711 0.951480 -0.000000 -20.001720 -0.000000 0.000000 1.000000 0.000000
0.951088 0.308922 0.000000 103.691980 -0.308922 0.951088 -0.000000 -20.289667 -0.000000 0.000000 1.000000 0.000000
0.950117 0.311894 0.000000 104.204828 -0.311894 0.950117 -0.000000 -20.474811 -0.000000 0.000000 1.000000 0.000000
0.949902 0.312547 0.000000 105.215382 -0.312547 0.949902 -0.000000 -20.739707 -0.000000 0.000000 1.000000 0.000000
0.949721 0.313096 0.000000 105.870442 -0.313096 0.949721 -0.000000 -20.953459 -0.000000 0.000000 1.000000 0.000000
0.949111 0.314940 0.000000 106.443001 -0.314940 0.949111 -0.000000 -21.078165 -0.000000 0.000000 1.000000 0.000000
0.948777 0.315946 0.000000 107.035879 -0.315946 0.948777 -0.000000 -21.325105 -0.000000 0.000000 1.000000 0.000000
0.948467 0.316874 0.000000 107.679376 -0.316874 0.948467 -0.000000 -21.555837 -0.000000 0.000000 1.000000 0.000000
0.948655 0.316311 0.000000 108.309357 -0.316311 0.948655 -0.000000 -21.767016 -0.000000 0.000000 1.000000 0.000000
0.947616 0.319412 0.000000 108.831929 -0.319412 0.947616 -0.000000 -22.103113 -0.000000 0.000000 1.000000 0.000000
0.947437 0.319942 0.000000 109.996352 -0.319942 0.947437 -0.000000 -22.391134 -0.000000 0.000000 1.000000 0.000000
0.947381 0.320109 0.000000 110.599938 -0.320109 0.947381 -0.000000 -22.620584 -0.000000 0.000000 1.000000 0.000000
0.946989 0.321265 0.000000 111.187223 -0.321265 0.946989 -0.000000 -22.824884 -0.000000 0.000000 1.000000 0.000000
0.946717 0.322067 0.000000 111.715882 -0.322067 0.946717 -0.000000 -23.120112 -0.000000 0.000000 1.000000 0.000000
0.946756 0.321951 0.000000 112.955367 -0.321951 0.946756 -0.000000 -23.246896 -0.000000 0.000000 1.000000 0.000000
0.946253 0.323428 0.000000 113.520069 -0.323428 0.946253 -0.000000 -23.444495 -0.000000 0.000000 1.000000 0.000000
0.946421 0.322937 0.000000 114.172837 -0.322937 0.946421 -0.000000 -23.602700 -0.000000 0.000000 1.000000 0.000000
0.945549 0.325481 0.000000 114.578758 -0.325481 0.945549 -0.000000 -23.626161 -0.000000 0.000000 1.000000 0.000000
0.945875 0.324532 0.000000 115.223508 -0.324532 0.945875 -0.000000 -23.873261 -0.000000 0.000000 1.000000 0.000000
0.941406 0.337277 0.000000 119.680762 -0.337277 0.941406 -0.000000 -25.431916 -0.000000 0.000000 1.000000 0.000000
0.940713 0.339202 0.000000 120.120095 -0.339202 0.940713 -0.000000 -25.655797 -0.000000 0.000000 1.000000 0.000000
0.939517 0.342501 0.000000 120.603832 -0.342501 0.939517 -0.000000 -25.876360 -0.000000 0.000000 1.000000 0.000000
0.938933 0.344099 0.000000 121.098975 -0.344099 0.938933 -0.000000 -26.078760 -0.000000 0.000000 1.000000 0.000000
0.938061 0.346471 0.000000 121.635166 -0.346471 0.938061 -0.000000 -26.324539 -0.000000 0.000000 1.000000 0.000000
0.937696 0.347456 0.000000 122.324115 -0.347456 0.937696 -0.000000 -26.422506 -0.000000 0.000000 1.000000 0.000000
0.936281 0.351253 0.000000 123.056875 -0.351253 0.936281 -0.000000 -26.620249 -0.000000 0.000000 1.000000 0.000000
0.935583 0.353107 0.000000 123.727988 -0.353107 0.935583 -0.000000 -27.081875 -0.000000 0.000000 1.000000 0.000000
0.934700 0.355438 0.000000 124.382929 -0.355438 0.934700 -0.000000 -27.314211 -0.000000 0.000000 1.000000 0.000000
0.933921 0.357480 0.000000 125.017847 -0.357480 0.933921 -0.000000 -27.619205 -0.000000 0.000000 1.000000 0.000000
0.931267 0.364338 0.000000 125.861838 -0.364338 0.931267 -0.000000 -28.068853 -0.000000 0.000000 1.000000 0.000000
0.931250 0.364381 0.000000 126.442297 -0.364381 0.931250 -0.000000 -28.305556 -0.000000 0.000000 1.000000 0.000000
0.931563 0.363579 0.000000 126.908076 -0.363579 0.931563 -0.000000 -28.567707 -0.000000 0.000000 1.000000 0.000000
0.931665 0.363319 0.000000 127.509097 -0.363319 0.931665 -0.000000 -28.772235 -0.000000 0.000000 1.000000 0.000000
0.931758 0.363079 0.000000 128.102075 -0.363079 0.931758 -0.000000 -29.085326 -0.000000 0.000000 1.000000 0.000000
0.931516 0.363700 0.000000 128.973606 -0.363700 0.931516 -0.000000 -29.451380 -0.000000 0.000000 1.000000 0.000000
0.931068 0.364846 0.000000 129.626380 -0.364846 0.931068 -0.000000 -29.567443 -0.000000 0.000000 1.000000 0.000000
0.930720 0.365732 0.000000 130.212428 -0.365732 0.930720 -0.000000 -29.818496 -0.000000 0.000000 1.000000 0.000000
0.930103 0.367298 0.000000 130.759518 -0.367298 0.930103 -0.000000 -30.046995 -0.000000 0.000000 1.000000 0.000000
0.928895 0.370343 0.000000 131.518967 -0.370343 0.928895 -0.000000 -30.360200 -0.000000 0.000000 1.000000 0.000000
0.928430 0.371508 0.000000 132.078080 -0.371508 0.928430 -0.000000 -30.627066 -0.000000 0.000000 1.000000 0.000000
0.928285 0.371869 0.000000 132.658765 -0.371869 0.928285 -0.000000 -30.843173 -0.000000 0.000000 1.000000 0.000000
0.928838 0.370487 0.000000 133.193493 -0.370487 0.928838 -0.000000 -30.880257 -0.000000 0.000000 1.000000 0.000000
0.928514 0.371299 0.000000 133.694485 -0.371299 0.928514 -0.000000 -31.144747 -0.000000 0.000000 1.000000 0.000000
0.927609 0.373552 0.000000 134.821065 -0.373552 0.927609 -0.000000 -31.734642 -0.000000 0.000000 1.000000 0.000000
0.928987 0.370112 0.000000 135.328833 -0.370112 0.928987 -0.000000 -31.929659 -0.000000 0.000000 1.000000 0.000000
0.928287 0.371864 0.000000 135.907212 -0.371864 0.928287 -0.000000 -32.183538 -0.000000 0.000000 1.000000 0.000000
0.928551 0.371204 0.000000 136.462026 -0.371204 0.928551 -0.000000 -32.453150 -0.000000 0.000000 1.000000 0.000000
0.927648 0.373456 0.000000 136.960685 -0.373456 0.927648 -0.000000 -32.765961 -0.000000 0.000000 1.000000 0.000000
0.926725 0.375741 0.000000 137.529541 -0.375741 0.926725 -0.000000 -33.069053 -0.000000 0.000000 1.000000 0.000000
0.927777 0.373136 0.000000 138.244149 -0.373136 0.927777 -0.000000 -33.314634 -0.000000 0.000000 1.000000 0.000000
0.927111 0.374787 0.000000 138.762187 -0.374787 0.927111 -0.000000 -33.551729 -0.000000 0.000000 1.000000 0.000000
0.927226 0.374501 0.000000 139.274271 -0.374501 0.927226 -0.000000 -33.771056 -0.000000 0.000000 1.000000 0.000000
0.927298 0.374324 0.000000 139.841024 -0.374324 0.927298 -0.000000 -34.016207 -0.000000 0.000000 1.000000 0.000000
0.927734 0.373241 0.000000 140.455963 -0.373241 0.927734 -0.000000 -34.237992 -0.000000 0.000000 1.000000 0.000000
0.927516 0.373783 0.000000 140.971956 -0.373783 0.927516 -0.000000 -34.430711 -0.000000 0.000000 1.000000 0.000000
0.927403 0.374064 0.000000 141.526105 -0.374064 0.927403 -0.000000 -34.626179 -0.000000 0.000000 1.000000 0.000000
0.927210 0.374542 0.000000 142.029559 -0.374542 0.927210 -0.000000 -34.878284 -0.000000 0.000000 1.000000 0.000000
0.925369 0.379067 0.000000 142.456780 -0.379067 0.925369 -0.000000 -35.200948 -0.000000 0.000000 1.000000 0.000000
0.925440 0.378895 0.000000 143.006351 -0.378895 0.925440 -0.000000 -35.483113 -0.000000 0.000000 1.000000 0.000000
0.925162 0.379572 0.000000 143.674489 -0.379572 0.925162 -0.000000 -35.829182 -0.000000 0.000000 1.000000 0.000000
0.925014 0.379934 0.000000 144.176870 -0.379934 0.925014 -0.000000 -36.046595 -0.000000 0.000000 1.000000 0.000000
0.922339 0.386381 0.000000 144.645224 -0.386381 0.922339 -0.000000 -36.551371 -0.000000 0.000000 1.000000 0.000000
0.923272 0.384147 0.000000 145.227855 -0.384147 0.923272 -0.000000 -36.621893 -0.000000 0.000000 1.000000 0.000000
0.923195 0.384331 0.000000 145.761294 -0.384331 0.923195 -0.000000 -36.850577 -0.000000 0.000000 1.000000 0.000000
0.923687 0.383149 0.000000 146.348458 -0.383149 0.923687 -0.000000 -37.065875 -0.000000 0.000000 1.000000 0.000000
0.923089 0.384587 0.000000 147.001594 -0.384587 0.923089 -0.000000 -37.396965 -0.000000 0.000000 1.000000 0.000000
0.923012 0.384771 0.000000 147.629265 -0.384771 0.923012 -0.000000 -37.797978 -0.000000 0.000000 1.000000 0.000000
0.922405 0.386224 0.000000 148.217657 -0.386224 0.922405 -0.000000 -37.975770 -0.000000 0.000000 1.000000 0.000000
0.921748 0.387790 0.000000 148.669182 -0.387790 0.921748 -0.000000 -38.199011 -0.000000 0.000000 1.000000 0.000000
0.920375 0.391037 0.000000 149.240274 -0.391037 0.920375 -0.000000 -38.412229 -0.000000 0.000000 1.000000 0.000000
0.919781 0.392432 0.000000 149.717434 -0.392432 0.919781 -0.000000 -38.584017 -0.000000 0.000000 1.000000 0.000000
0.919677 0.392675 0.000000 150.424423 -0.392675 0.919677 -0.000000 -38.931449 -0.000000 0.000000 1.000000 0.000000
0.919616 0.392819 0.000000 151.077958 -0.392819 0.919616 -0.000000 -39.191144 -0.000000 0.000000 1.000000 0.000000
0.918350 0.395769 0.000000 151.553642 -0.395769 0.918350 -0.000000 -39.215724 -0.000000 0.000000 1.000000 0.000000
0.918904 0.394482 0.000000 152.190130 -0.394482 0.918904 -0.000000 -39.564244 -0.000000 0.000000 1.000000 0.000000
0.917342 0.398099 0.000000 152.761295 -0.398099 0.917342 -0.000000 -39.884198 -0.000000 0.000000 1.000000 0.000000
0.916662 0.399664 0.000000 153.400666 -0.399664 0.916662 -0.000000 -40.103681 -0.000000 0.000000 1.000000 0.000000
0.918231 0.396046 0.000000 153.920494 -0.396046 0.918231 -0.000000 -40.348664 -0.000000 0.000000 1.000000 0.000000
0.917976 0.396635 0.000000 154.629936 -0.396635 0.917976 -0.000000 -40.538401 -0.000000 0.000000 1.000000 0.000000
0.917708 0.397256 0.000000 154.950395 -0.397256 0.917708 -0.000000 -40.755295 -0.000000 0.000000 1.000000 0.000000
0.917856 0.396915 0.000000 155.663344 -0.396915 0.917856 -0.000000 -41.098504 -0.000000 0.000000 1.000000 0.000000
0.917781 0.397087 0.000000 156.318629 -0.397087 0.917781 -0.000000 -41.384403 -0.000000 0.000000 1.000000 0.000000
0.916187 0.400752 0.000000 156.951894 -0.400752 0.916187 -0.000000 -41.675375 -0.000000 0.000000 1.000000 0.000000
0.913782 0.406204 0.000000 157.653265 -0.406204 0.913782 -0.000000 -42.064769 -0.000000 0.000000 1.000000 0.000000
0.912650 0.408741 0.000000 158.146526 -0.408741 0.912650 -0.000000 -42.377402 -0.000000 0.000000 1.000000 0.000000
0.914606 0.404345 0.000000 158.891369 -0.404345 0.914606 -0.000000 -42.709510 -0.000000 0.000000 1.000000 0.000000
0.915663 0.401946 0.000000 159.359643 -0.401946 0.915663 -0.000000 -42.971997 -0.000000 0.000000 1.000000 0.000000
0.914761 0.403996 0.000000 159.741236 -0.403996 0.914761 -0.000000 -43.186837 -0.000000 0.000000 1.000000 0.000000
0.914135 0.405411 0.000000 160.323618 -0.405411 0.914135 -0.000000 -43.407743 -0.000000 0.000000 1.000000 0.000000
0.914918 0.403640 0.000000 160.800278 -0.403640 0.914918 -0.000000 -43.657421 -0.000000 0.000000 1.000000 0.000000
0.915879 0.401455 0.000000 161.468117 -0.401455 0.915879 -0.000000 -44.011072 -0.000000 0.000000 1.000000 0.000000
0.916087 0.400979 0.000000 162.106665 -0.400979 0.916087 -0.000000 -44.275865 -0.000000 0.000000 1.000000 0.000000
0.913441 0.406971 0.000000 162.682112 -0.406971 0.913441 -0.000000 -44.614843 -0.000000 0.000000 1.000000 0.000000
0.912655 0.408730 0.000000 163.312828 -0.408730 0.912655 -0.000000 -44.950876 -0.000000 0.000000 1.000000 0.000000
0.911662 0.410941 0.000000 163.637468 -0.410941 0.911662 -0.000000 -45.124374 -0.000000 0.000000 1.000000 0.000000
0.911357 0.411617 0.000000 164.207391 -0.411617 0.911357 -0.000000 -45.430834 -0.000000 0.000000 1.000000 0.000000
0.911879 0.410460 0.000000 165.303136 -0.410460 0.911879 -0.000000 -45.853533 -0.000000 0.000000 1.000000 0.000000
0.912244 0.409648 0.000000 165.665269 -0.409648 0.912244 -0.000000 -45.928075 -0.000000 0.000000 1.000000 0.000000
0.912675 0.408685 0.000000 166.123074 -0.408685 0.912675 -0.000000 -46.025253 -0.000000 0.000000 1.000000 0.000000
0.913445 0.406963 0.000000 166.633987 -0.406963 0.913445 -0.000000 -46.184005 -0.000000 0.000000 1.000000 0.000000
0.912507 0.409061 0.000000 166.968844 -0.409061 0.912507 -0.000000 -46.380128 -0.000000 0.000000 1.000000 0.000000
0.912042 0.410098 0.000000 167.487223 -0.410098 0.912042 -0.000000 -46.589591 -0.000000 0.000000 1.000000 0.000000
0.912356 0.409397 0.000000 168.012539 -0.409397 0.912356 -0.000000 -46.836446 -0.000000 0.000000 1.000000 0.000000
0.912777 0.408458 0.000000 168.349046 -0.408458 0.912777 -0.000000 -46.971369 -0.000000 0.000000 1.000000 0.000000
0.912453 0.409183 0.000000 168.917726 -0.409183 0.912453 -0.000000 -47.193840 -0.000000 0.000000 1.000000 0.000000
0.912480 0.409122 0.000000 169.172931 -0.409122 0.912480 -0.000000 -47.327442 -0.000000 0.000000 1.000000 0.000000
0.913173 0.407573 0.000000 169.669070 -0.407573 0.913173 -0.000000 -47.556527 -0.000000 0.000000 1.000000 0.000000
0.912709 0.408610 0.000000 170.096895 -0.408610 0.912709 -0.000000 -47.666772 -0.000000 0.000000 1.000000 0.000000
0.913412 0.407036 0.000000 170.486637 -0.407036 0.913412 -0.000000 -47.860573 -0.000000 0.000000 1.000000 0.000000
0.913344 0.407189 0.000000 170.961111 -0.407189 0.913344 -0.000000 -48.083832 -0.000000 0.000000 1.000000 0.000000
0.913885 0.405973 0.000000 171.462956 -0.405973 0.913885 -0.000000 -48.281189 -0.000000 0.000000 1.000000 0.000000
0.915514 0.402285 0.000000 171.922588 -0.402285 0.915514 -0.000000 -48.492557 -0.000000 0.000000 1.000000 0.000000
0.915747 0.401755 0.000000 172.370419 -0.401755 0.915747 -0.000000 -48.696323 -0.000000 0.000000 1.000000 0.000000
0.915877 0.401459 0.000000 172.837301 -0.401459 0.915877 -0.000000 -48.907089 -0.000000 0.000000 1.000000 0.000000
0.916208 0.400703 0.000000 173.470180 -0.400703 0.916208 -0.000000 -49.141776 -0.000000 0.000000 1.000000 0.000000
0.916243 0.400622 0.000000 173.946220 -0.400622 0.916243 -0.000000 -49.324342 -0.000000 0.000000 1.000000 0.000000
0.917209 0.398405 0.000000 174.310578 -0.398405 0.917209 -0.000000 -49.590369 -0.000000 0.000000 1.000000 0.000000
0.918720 0.394908 0.000000 174.898785 -0.394908 0.918720 -0.000000 -49.576681 -0.000000 0.000000 1.000000 0.000000
0.920519 0.390698 0.000000 175.380387 -0.390698 0.920519 -0.000000 -49.793701 -0.000000 0.000000 1.000000 0.000000
0.920729 0.390202 0.000000 175.952697 -0.390202 0.920729 -0.000000 -49.962240 -0.000000 0.000000 1.000000 0.000000
0.921326 0.388791 0.000000 176.595192 -0.388791 0.921326 -0.000000 -50.106894 -0.000000 0.000000 1.000000 0.000000
0.922939 0.384945 0.000000 177.250802 -0.384945 0.922939 -0.000000 -50.400858 -0.000000 0.000000 1.000000 0.000000
0.924372 0.381493 0.000000 177.728982 -0.381493 0.924372 -0.000000 -50.621154 -0.000000 0.000000 1.000000 0.000000
0.926357 0.376648 0.000000 178.201967 -0.376648 0.926357 -0.000000 -50.773773 -0.000000 0.000000 1.000000 0.000000
0.928303 0.371824 0.000000 178.499813 -0.371824 0.928303 -0.000000 -50.895433 -0.000000 0.000000 1.000000 0.000000
0.929485 0.368859 0.000000 178.890479 -0.368859 0.929485 -0.000000 -51.110319 -0.000000 0.000000 1.000000 0.000000
0.932944 0.360022 0.000000 179.649758 -0.360022 0.932944 -0.000000 -51.490362 -0.000000 0.000000 1.000000 0.000000
0.935480 0.353381 0.000000 180.094841 -0.353381 0.935480 -0.000000 -51.699902 -0.000000 0.000000 1.000000 0.000000
0.937767 0.347266 0.000000 180.502682 -0.347266 0.937767 -0.000000 -51.885219 -0.000000 0.000000 1.000000 0.000000
0.939757 0.341843 0.000000 180.812773 -0.341843 0.939757 -0.000000 -52.021178 -0.000000 0.000000 1.000000 0.000000
0.942771 0.333442 0.000000 181.285492 -0.333442 0.942771 -0.000000 -52.181982 -0.000000 0.000000 1.000000 0.000000
