1.000000 0.000141 0.000000 0.747750 -0.000141 1.000000 -0.000000 0.073791 -0.000000 0.000000 1.000000 0.000000
0.999996 0.002704 0.000000 1.327522 -0.002704 0.999996 -0.000000 0.055695 -0.000000 0.000000 1.000000 0.000000
0.999985 0.005407 0.000000 2.117745 -0.005407 0.999985 -0.000000 -0.052943 -0.000000 0.000000 1.000000 0.000000
0.999970 0.007760 0.000000 2.837642 -0.007760 0.999970 -0.000000 -0.033449 -0.000000 0.000000 1.000000 0.000000
0.999919 0.012743 0.000000 3.962642 -0.012743 0.999919 -0.000000 -0.098724 -0.000000 0.000000 1.000000 0.000000
0.999874 0.015904 0.000000 4.630710 -0.015904 0.999874 -0.000000 -0.117322 -0.000000 0.000000 1.000000 0.000000
0.999757 0.022049 0.000000 5.502326 -0.022049 0.999757 -0.000000 -0.164779 -0.000000 0.000000 1.000000 0.000000
0.999700 0.024510 0.000000 6.198541 -0.024510 0.999700 -0.000000 -0.193657 -0.000000 0.000000 1.000000 0.000000
0.999658 0.026133 0.000000 6.725410 -0.026133 0.999658 -0.000000 -0.167005 -0.000000 0.000000 1.000000 0.000000
0.999554 0.029877 0.000000 7.077310 -0.029877 0.999554 -0.000000 -0.134421 -0.000000 0.000000 1.000000 0.000000
0.999366 0.035614 0.000000 8.284244 -0.035614 0.999366 -0.000000 -0.095602 -0.000000 0.000000 1.000000 0.000000
0.999162 0.040925 0.000000 9.127772 -0.040925 0.999162 -0.000000 -0.119135 -0.000000 0.000000 1.000000 0.000000
0.999138 0.041504 0.000000 9.384680 -0.041504 0.999138 -0.000000 -0.035858 -0.000000 0.000000 1.000000 0.000000
0.998945 0.045915 0.000000 9.991482 -0.045915 0.998945 -0.000000 -0.071730 -0.000000 0.000000 1.000000 0.000000
0.998686 0.051255 0.000000 10.470015 -0.051255 0.998686 -0.000000 -0.080772 -0.000000 0.000000 1.000000 0.000000
0.998300 0.058280 0.000000 11.195414 -0.058280 0.998300 -0.000000 -0.196801 -0.000000 0.000000 1.000000 0.000000
0.997801 0.066285 0.000000 12.104278 -0.066285 0.997801 -0.000000 -0.373996 -0.000000 0.000000 1.000000 0.000000
0.997041 0.076868 0.000000 13.214642 -0.076868 0.997041 -0.000000 -0.534385 -0.000000 0.000000 1.000000 0.000000
0.996405 0.084715 0.000000 13.967656 -0.084715 0.996405 -0.000000 -0.640950 -0.000000 0.000000 1.000000 0.000000
0.995909 0.090364 0.000000 14.628479 -0.090364 0.995909 -0.000000 -0.702453 -0.000000 0.000000 1.000000 0.000000
0.995411 0.095697 0.000000 15.264131 -0.095697 0.995411 -0.000000 -0.721609 -0.000000 0.000000 1.000000 0.000000
0.993999 0.109389 0.000000 16.365950 -0.109389 0.993999 -0.000000 -0.662966 -0.000000 0.000000 1.000000 0.000000
0.993082 0.117423 0.000000 17.449125 -0.117423 0.993082 -0.000000 -0.803125 -0.000000 0.000000 1.000000 0.000000
0.992103 0.125424 0.000000 18.121189 -0.125424 0.992103 -0.000000 -0.911814 -0.000000 0.000000 1.000000 0.000000
0.990822 0.135176 0.000000 18.977282 -0.135176 0.990822 -0.000000 -1.042077 -0.000000 0.000000 1.000000 0.000000
0.990005 0.141032 0.000000 19.484372 -0.141032 0.990005 -0.000000 -1.123173 -0.000000 0.000000 1.000000 0.000000
0.989140 0.146978 0.000000 19.977067 -0.146978 0.989140 -0.000000 -1.175990 -0.000000 0.000000 1.000000 0.000000
0.988598 0.150580 0.000000 20.629638 -0.150580 0.988598 -0.000000 -1.150470 -0.000000 0.000000 1.000000 0.000000
0.987574 0.157156 0.000000 21.307301 -0.157156 0.987574 -0.000000 -1.338008 -0.000000 0.000000 1.000000 0.000000
0.985575 0.169239 0.000000 22.625717 -0.169239 0.985575 -0.000000 -1.731818 -0.000000 0.000000 1.000000 0.000000
0.983516 0.180824 0.000000 23.393977 -0.180824 0.983516 -0.000000 -1.985176 -0.000000 0.000000 1.000000 0.000000
0.982095 0.188386 0.000000 23.838374 -0.188386 0.982095 -0.000000 -2.168975 -0.000000 0.000000 1.000000 0.000000
0.980787 0.195082 0.000000 24.628946 -0.195082 0.980787 -0.000000 -2.321034 -0.000000 0.000000 1.000000 0.000000
0.979425 0.201809 0.000000 25.273303 -0.201809 0.979425 -0.000000 -2.433599 -0.000000 0.000000 1.000000 0.000000
0.977654 0.210219 0.000000 26.290541 -0.210219 0.977654 -0.000000 -2.720117 -0.000000 0.000000 1.000000 0.000000
0.976001 0.217765 0.000000 26.963119 -0.217765 0.976001 -0.000000 -2.788749 -0.000000 0.000000 1.000000 0.000000
0.974867 0.222786 0.000000 27.413355 -0.222786 0.974867 -0.000000 -2.797229 -0.000000 0.000000 1.000000 0.000000
0.973175 0.230065 0.000000 28.011086 -0.230065 0.973175 -0.000000 -2.945012 -0.000000 0.000000 1.000000 0.000000
0.971059 0.238839 0.000000 28.700977 -0.238839 0.971059 -0.000000 -3.175780 -0.000000 0.000000 1.000000 0.000000
0.969175 0.246373 0.000000 29.252257 -0.246373 0.969175 -0.000000 -3.301441 -0.000000 0.000000 1.000000 0.000000
0.966870 0.255271 0.000000 29.998092 -0.255271 0.966870 -0.000000 -3.503886 -0.000000 0.000000 1.000000 0.000000
0.965280 0.261218 0.000000 30.370194 -0.261218 0.965280 -0.000000 -3.525287 -0.000000 0.000000 1.000000 0.000000
0.963528 0.267608 0.000000 30.946912 -0.267608 0.963528 -0.000000 -3.693951 -0.000000 0.000000 1.000000 0.000000
0.961568 0.274566 0.000000 31.544246 -0.274566 0.961568 -0.000000 -3.861482 -0.000000 0.000000 1.000000 0.000000
0.959365 0.282170 0.000000 32.186843 -0.282170 0.959365 -0.000000 -4.068893 -0.000000 0.000000 1.000000 0.000000
0.955105 0.296266 0.000000 33.219673 -0.296266 0.955105 -0.000000 -4.427534 -0.000000 0.000000 1.000000 0.000000
0.953014 0.302925 0.000000 33.870557 -0.302925 0.953014 -0.000000 -4.751538 -0.000000 0.000000 1.000000 0.000000
0.950911 0.309466 0.000000 34.778559 -0.309466 0.950911 -0.000000 -5.020414 -0.000000 0.000000 1.000000 0.000000
0.946940 0.321410 0.000000 35.307413 -0.321410 0.946940 -0.000000 -5.282032 -0.000000 0.000000 1.000000 0.000000
0.945299 0.326206 0.000000 35.673254 -0.326206 0.945299 -0.000000 -5.518629 -0.000000 0.000000 1.000000 0.000000
0.943911 0.330200 0.000000 36.228705 -0.330200 0.943911 -0.000000 -5.551205 -0.000000 0.000000 1.000000 0.000000
0.940872 0.338762 0.000000 37.050433 -0.338762 0.940872 -0.000000 -5.890227 -0.000000 0.000000 1.000000 0.000000
0.939502 0.342544 0.000000 37.509040 -0.342544 0.939502 -0.000000 -5.963123 -0.000000 0.000000 1.000000 0.000000
0.938743 0.344619 0.000000 38.009956 -0.344619 0.938743 -0.000000 -6.064397 -0.000000 0.000000 1.000000 0.000000
0.937238 0.348691 0.000000 38.357091 -0.348691 0.937238 -0.000000 -6.242295 -0.000000 0.000000 1.000000 0.000000
0.937447 0.348127 0.000000 38.637157 -0.348127 0.937447 -0.000000 -6.267674 -0.000000 0.000000 1.000000 0.000000
0.933867 0.357621 0.000000 39.558657 -0.357621 0.933867 -0.000000 -6.604191 -0.000000 0.000000 1.000000 0.000000
0.932154 0.362061 0.000000 39.868351 -0.362061 0.932154 -0.000000 -6.760788 -0.000000 0.000000 1.000000 0.000000
0.929216 0.369538 0.000000 40.521553 -0.369538 0.929216 -0.000000 -7.037988 -0.000000 0.000000 1.000000 0.000000
0.927403 0.374065 0.000000 41.086126 -0.374065 0.927403 -0.000000 -7.273557 -0.000000 0.000000 1.000000 0.000000
0.924634 0.380856 0.000000 41.866842 -0.380856 0.924634 -0.000000 -7.545870 -0.000000 0.000000 1.000000 0.000000
0.921653 0.388015 0.000000 42.388366 -0.388015 0.921653 -0.000000 -7.770456 -0.000000 0.000000 1.000000 0.000000
0.919758 0.392486 0.000000 42.878694 -0.392486 0.919758 -0.000000 -8.023034 -0.000000 0.000000 1.000000 0.000000
0.917903 0.396806 0.000000 43.380750 -0.396806 0.917903 -0.000000 -8.250802 -0.000000 0.000000 1.000000 0.000000
0.914762 0.403993 0.000000 44.004124 -0.403993 0.914762 -0.000000 -8.508303 -0.000000 0.000000 1.000000 0.000000
0.912453 0.409182 0.000000 44.491030 -0.409182 0.912453 -0.000000 -8.718544 -0.000000 0.000000 1.000000 0.000000
0.909663 0.415347 0.000000 44.893249 -0.415347 0.909663 -0.000000 -8.907982 -0.000000 0.000000 1.000000 0.000000
0.907432 0.420200 0.000000 45.474131 -0.420200 0.907432 -0.000000 -9.032336 -0.000000 0.000000 1.000000 0.000000
0.905432 0.424492 0.000000 45.910952 -0.424492 0.905432 -0.000000 -9.134596 -0.000000 0.000000 1.000000 0.000000
0.902251 0.431211 0.000000 46.650692 -0.431211 0.902251 -0.000000 -9.444933 -0.000000 0.000000 1.000000 0.000000
0.900450 0.434960 0.000000 47.096755 -0.434960 0.900450 -0.000000 -9.527189 -0.000000 0.000000 1.000000 0.000000
0.897177 0.441671 0.000000 47.968164 -0.441671 0.897177 -0.000000 -9.815659 -0.000000 0.000000 1.000000 0.000000
0.893169 0.449721 0.000000 48.713967 -0.449721 0.893169 -0.000000 -10.117237 -0.000000 0.000000 1.000000 0.000000
0.890956 0.454089 0.000000 49.200688 -0.454089 0.890956 -0.000000 -10.288978 -0.000000 0.000000 1.000000 0.000000
0.886323 0.463067 0.000000 50.455386 -0.463067 0.886323 -0.000000 -10.747454 -0.000000 0.000000 1.000000 0.000000
0.882577 0.470167 0.000000 51.444756 -0.470167 0.882577 -0.000000 -11.051135 -0.000000 0.000000 1.000000 0.000000
0.878964 0.476888 0.000000 52.072609 -0.476888 0.878964 -0.000000 -11.268867 -0.000000 0.000000 1.000000 0.000000
0.879445 0.476001 0.000000 52.298404 -0.476001 0.879445 -0.000000 -11.376376 -0.000000 0.000000 1.000000 0.000000
0.875514 0.483193 0.000000 52.697835 -0.483193 0.875514 -0.000000 -11.699487 -0.000000 0.000000 1.000000 0.000000
0.873137 0.487475 0.000000 53.213146 -0.487475 0.873137 -0.000000 -11.971590 -0.000000 0.000000 1.000000 0.000000
0.871601 0.490217 0.000000 53.650531 -0.490217 0.871601 -0.000000 -12.303231 -0.000000 0.000000 1.000000 0.000000
0.870621 0.491955 0.000000 54.024001 -0.491955 0.870621 -0.000000 -12.447900 -0.000000 0.000000 1.000000 0.000000
0.869048 0.494727 0.000000 54.661822 -0.494727 0.869048 -0.000000 -12.707872 -0.000000 0.000000 1.000000 0.000000
0.866543 0.499103 0.000000 55.096348 -0.499103 0.866543 -0.000000 -12.972411 -0.000000 0.000000 1.000000 0.000000
0.863385 0.504546 0.000000 55.347097 -0.504546 0.863385 -0.000000 -13.304841 -0.000000 0.000000 1.000000 0.000000
0.860056 0.510199 0.000000 55.775771 -0.510199 0.860056 -0.000000 -13.550679 -0.000000 0.000000 1.000000 0.000000
0.857581 0.514349 0.000000 56.222271 -0.514349 0.857581 -0.000000 -13.813165 -0.000000 0.000000 1.000000 0.000000
0.855720 0.517439 0.000000 56.650873 -0.517439 0.855720 -0.000000 -14.063962 -0.000000 0.000000 1.000000 0.000000
0.854039 0.520209 0.000000 57.080614 -0.520209 0.854039 -0.000000 -14.252687 -0.000000 0.000000 1.000000 0.000000
0.850974 0.525207 0.000000 57.793632 -0.525207 0.850974 -0.000000 -14.552326 -0.000000 0.000000 1.000000 0.000000
0.847401 0.530953 0.000000 58.146796 -0.530953 0.847401 -0.000000 -14.773248 -0.000000 0.000000 1.000000 0.000000
0.844884 0.534949 0.000000 58.503845 -0.534949 0.844884 -0.000000 -15.015157 -0.000000 0.000000 1.000000 0.000000
0.842632 0.538491 0.000000 58.828606 -0.538491 0.842632 -0.000000 -15.340257 -0.000000 0.000000 1.000000 0.000000
0.835211 0.549930 0.000000 59.498040 -0.549930 0.835211 -0.000000 -15.835472 -0.000000 0.000000 1.000000 0.000000
0.833683 0.552243 0.000000 59.810321 -0.552243 0.833683 -0.000000 -15.986807 -0.000000 0.000000 1.000000 0.000000
0.832503 0.554021 0.000000 60.073635 -0.554021 0.832503 -0.000000 -16.263895 -0.000000 0.000000 1.000000 0.000000
0.828787 0.559564 0.000000 60.211994 -0.559564 0.828787 -0.000000 -16.451257 -0.000000 0.000000 1.000000 0.000000
0.825521 0.564372 0.000000 60.628009 -0.564372 0.825521 -0.000000 -16.869180 -0.000000 0.000000 1.000000 0.000000
0.822340 0.568996 0.000000 60.800681 -0.568996 0.822340 -0.000000 -16.990079 -0.000000 0.000000 1.000000 0.000000
0.816676 0.577097 0.000000 61.362846 -0.577097 0.816676 -0.000000 -17.402504 -0.000000 0.000000 1.000000 0.000000
0.813624 0.581391 0.000000 61.564273 -0.581391 0.813624 -0.000000 -17.563445 -0.000000 0.000000 1.000000 0.000000
0.809816 0.586684 0.000000 62.100632 -0.586684 0.809816 -0.000000 -17.936622 -0.000000 0.000000 1.000000 0.000000
0.806246 0.591581 0.000000 62.371222 -0.591581 0.806246 -0.000000 -18.148299 -0.000000 0.000000 1.000000 0.000000
0.802392 0.596798 0.000000 62.799321 -0.596798 0.802392 -0.000000 -18.430122 -0.000000 0.000000 1.000000 0.000000
0.800060 0.599921 0.000000 63.410327 -0.599921 0.800060 -0.000000 -18.798890 -0.000000 0.000000 1.000000 0.000000
0.797527 0.603283 0.000000 63.665957 -0.603283 0.797527 -0.000000 -18.936954 -0.000000 0.000000 1.000000 0.000000
0.794393 0.607405 0.000000 64.106573 -0.607405 0.794393 -0.000000 -19.350873 -0.000000 0.000000 1.000000 0.000000
0.791835 0.610735 0.000000 64.435276 -0.610735 0.791835 -0.000000 -19.510986 -0.000000 0.000000 1.000000 0.000000
0.783817 0.620992 0.000000 65.030902 -0.620992 0.783817 -0.000000 -20.050486 -0.000000 0.000000 1.000000 0.000000
0.780789 0.624795 0.000000 65.412401 -0.624795 0.780789 -0.000000 -20.395662 -0.000000 0.000000 1.000000 0.000000
0.780546 0.625098 0.000000 65.643497 -0.625098 0.780546 -0.000000 -20.582920 -0.000000 0.000000 1.000000 0.000000
0.778190 0.628029 0.000000 65.915616 -0.628029 0.778190 -0.000000 -20.904268 -0.000000 0.000000 1.000000 0.000000
0.774558 0.632503 0.000000 66.101030 -0.632503 0.774558 -0.000000 -21.119418 -0.000000 0.000000 1.000000 0.000000
0.772173 0.635412 0.000000 66.498713 -0.635412 0.772173 -0.000000 -21.475358 -0.000000 0.000000 1.000000 0.000000
0.768616 0.639710 0.000000 66.969160 -0.639710 0.768616 -0.000000 -21.858456 -0.000000 0.000000 1.000000 0.000000
0.766255 0.642537 0.000000 67.156622 -0.642537 0.766255 -0.000000 -22.029385 -0.000000 0.000000 1.000000 0.000000
0.760851 0.648927 0.000000 67.532458 -0.648927 0.760851 -0.000000 -22.509779 -0.000000 0.000000 1.000000 0.000000
0.760422 0.649429 0.000000 67.748316 -0.649429 0.760422 -0.000000 -22.706081 -0.000000 0.000000 1.000000 0.000000
0.752769 0.658285 0.000000 68.359178 -0.658285 0.752769 -0.000000 -23.250731 -0.000000 0.000000 1.000000 0.000000
0.750554 0.660809 0.000000 68.574077 -0.660809 0.750554 -0.000000 -23.460109 -0.000000 0.000000 1.000000 0.000000
0.747495 0.664267 0.000000 69.115515 -0.664267 0.747495 -0.000000 -23.854879 -0.000000 0.000000 1.000000 0.000000
0.746161 0.665766 0.000000 69.200281 -0.665766 0.746161 -0.000000 -23.990905 -0.000000 0.000000 1.000000 0.000000
0.744047 0.668127 0.000000 69.497839 -0.668127 0.744047 -0.000000 -24.209734 -0.000000 0.000000 1.000000 0.000000
0.742648 0.669682 0.000000 69.714484 -0.669682 0.742648 -0.000000 -24.357684 -0.000000 0.000000 1.000000 0.000000
0.742591 0.669746 0.000000 70.021476 -0.669746 0.742591 -0.000000 -24.389463 -0.000000 0.000000 1.000000 0.000000
0.741533 0.670916 0.000000 70.426731 -0.670916 0.741533 -0.000000 -24.705679 -0.000000 0.000000 1.000000 0.000000
0.740366 0.672204 0.000000 70.751061 -0.672204 0.740366 -0.000000 -24.895336 -0.000000 0.000000 1.000000 0.000000
0.738364 0.674403 0.000000 71.004907 -0.674403 0.738364 -0.000000 -25.083737 -0.000000 0.000000 1.000000 0.000000
0.737750 0.675074 0.000000 71.188513 -0.675074 0.737750 -0.000000 -25.260923 -0.000000 0.000000 1.000000 0.000000
0.738965 0.673744 0.000000 71.302219 -0.673744 0.738965 -0.000000 -25.404983 -0.000000 0.000000 1.000000 0.000000
0.736520 0.676416 0.000000 71.346903 -0.676416 0.736520 -0.000000 -25.573929 -0.000000 0.000000 1.000000 0.000000
0.736652 0.676272 0.000000 71.493691 -0.676272 0.736652 -0.000000 -25.656459 -0.000000 0.000000 1.000000 0.000000
0.736872 0.676033 0.000000 71.641379 -0.676033 0.736872 -0.000000 -25.799507 -0.000000 0.000000 1.000000 0.000000
0.736317 0.676637 0.000000 71.864812 -0.676637 0.736317 -0.000000 -25.925429 -0.000000 0.000000 1.000000 0.000000
0.734514 0.678594 0.000000 72.046761 -0.678594 0.734514 -0.000000 -26.004757 -0.000000 0.000000 1.000000 0.000000
0.733729 0.679442 0.000000 72.089476 -0.679442 0.733729 -0.000000 -26.022134 -0.000000 0.000000 1.000000 0.000000
0.731127 0.682241 0.000000 72.396771 -0.682241 0.731127 -0.000000 -26.286863 -0.000000 0.000000 1.000000 0.000000
0.729236 0.684262 0.000000 72.947779 -0.684262 0.729236 -0.000000 -26.580065 -0.000000 0.000000 1.000000 0.000000
0.727194 0.686432 0.000000 73.097240 -0.686432 0.727194 -0.000000 -26.720290 -0.000000 0.000000 1.000000 0.000000
0.723399 0.690430 0.000000 73.460160 -0.690430 0.723399 -0.000000 -26.998205 -0.000000 0.000000 1.000000 0.000000
0.724027 0.689772 0.000000 73.600590 -0.689772 0.724027 -0.000000 -27.175477 -0.000000 0.000000 1.000000 0.000000
0.723052 0.690794 0.000000 73.783804 -0.690794 0.723052 -0.000000 -27.305692 -0.000000 0.000000 1.000000 0.000000
0.720355 0.693605 0.000000 74.037013 -0.693605 0.720355 -0.000000 -27.525209 -0.000000 0.000000 1.000000 0.000000
0.720731 0.693214 0.000000 74.156344 -0.693214 0.720731 -0.000000 -27.652829 -0.000000 0.000000 1.000000 0.000000
0.713971 0.700175 0.000000 74.648283 -0.700175 0.713971 -0.000000 -28.030270 -0.000000 0.000000 1.000000 0.000000
0.713643 0.700510 0.000000 74.909183 -0.700510 0.713643 -0.000000 -28.168631 -0.000000 0.000000 1.000000 0.000000
0.712208 0.701968 0.000000 75.083802 -0.701968 0.712208 -0.000000 -28.263576 -0.000000 0.000000 1.000000 0.000000
0.709957 0.704245 0.000000 75.357217 -0.704245 0.709957 -0.000000 -28.442477 -0.000000 0.000000 1.000000 0.000000
0.707738 0.706475 0.000000 75.520637 -0.706475 0.707738 -0.000000 -28.575843 -0.000000 0.000000 1.000000 0.000000
0.701819 0.712355 0.000000 75.772454 -0.712355 0.701819 -0.000000 -28.838409 -0.000000 0.000000 1.000000 0.000000
0.696390 0.717663 0.000000 75.860120 -0.717663 0.696390 -0.000000 -29.011011 -0.000000 0.000000 1.000000 0.000000
0.695941 0.718099 0.000000 76.072789 -0.718099 0.695941 -0.000000 -29.194240 -0.000000 0.000000 1.000000 0.000000
0.693135 0.720807 0.000000 76.134101 -0.720807 0.693135 -0.000000 -29.248154 -0.000000 0.000000 1.000000 0.000000
0.693243 0.720704 0.000000 76.268915 -0.720704 0.693243 -0.000000 -29.403407 -0.000000 0.000000 1.000000 0.000000
0.691550 0.722329 0.000000 76.532654 -0.722329 0.691550 -0.000000 -29.552735 -0.000000 0.000000 1.000000 0.000000
0.689904 0.723901 0.000000 76.664508 -0.723901 0.689904 -0.000000 -29.753975 -0.000000 0.000000 1.000000 0.000000
0.683239 0.730195 0.000000 76.706408 -0.730195 0.683239 -0.000000 -29.937889 -0.000000 0.000000 1.000000 0.000000
0.681330 0.731976 0.000000 76.808612 -0.731976 0.681330 -0.000000 -29.983044 -0.000000 0.000000 1.000000 0.000000
0.678903 0.734228 0.000000 76.970194 -0.734228 0.678903 -0.000000 -30.131984 -0.000000 0.000000 1.000000 0.000000
0.675243 0.737595 0.000000 77.127111 -0.737595 0.675243 -0.000000 -30.269625 -0.000000 0.000000 1.000000 0.000000
0.674398 0.738368 0.000000 77.333023 -0.738368 0.674398 -0.000000 -30.334819 -0.000000 0.000000 1.000000 0.000000
0.671845 0.740692 0.000000 77.331774 -0.740692 0.671845 -0.000000 -30.323087 -0.000000 0.000000 1.000000 0.000000
0.669510 0.742803 0.000000 77.514580 -0.742803 0.669510 -0.000000 -30.659458 -0.000000 0.000000 1.000000 0.000000
0.666194 0.745779 0.000000 78.015944 -0.745779 0.666194 -0.000000 -30.974351 -0.000000 0.000000 1.000000 0.000000
0.664049 0.747689 0.000000 78.045953 -0.747689 0.664049 -0.000000 -31.103138 -0.000000 0.000000 1.000000 0.000000
0.660688 0.750660 0.000000 78.342654 -0.750660 0.660688 -0.000000 -31.459731 -0.000000 0.000000 1.000000 0.000000
0.655451 0.755237 0.000000 78.504031 -0.755237 0.655451 -0.000000 -31.675534 -0.000000 0.000000 1.000000 0.000000
0.651930 0.758279 0.000000 78.657178 -0.758279 0.651930 -0.000000 -31.859033 -0.000000 0.000000 1.000000 0.000000
0.649537 0.760330 0.000000 78.857743 -0.760330 0.649537 -0.000000 -32.084802 -0.000000 0.000000 1.000000 0.000000
0.645260 0.763963 0.000000 79.114157 -0.763963 0.645260 -0.000000 -32.401679 -0.000000 0.000000 1.000000 0.000000
0.641604 0.767036 0.000000 79.311819 -0.767036 0.641604 -0.000000 -32.616727 -0.000000 0.000000 1.000000 0.000000
0.636959 0.770898 0.000000 79.439337 -0.770898 0.636959 -0.000000 -32.828245 -0.000000 0.000000 1.000000 0.000000
0.633658 0.773613 0.000000 79.544608 -0.773613 0.633658 -0.000000 -33.070866 -0.000000 0.000000 1.000000 0.000000
0.635447 0.772145 0.000000 79.886372 -0.772145 0.635447 -0.000000 -33.185908 -0.000000 0.000000 1.000000 0.000000
0.630162 0.776464 0.000000 80.070857 -0.776464 0.630162 -0.000000 -33.494232 -0.000000 0.000000 1.000000 0.000000
0.625196 0.780468 0.000000 80.078819 -0.780468 0.625196 -0.000000 -33.701408 -0.000000 0.000000 1.000000 0.000000
0.622078 0.782955 0.000000 80.234087 -0.782955 0.622078 -0.000000 -33.899438 -0.000000 0.000000 1.000000 0.000000
0.617592 0.786499 0.000000 80.431627 -0.786499 0.617592 -0.000000 -34.227680 -0.000000 0.000000 1.000000 0.000000
0.613922 0.789367 0.000000 80.596276 -0.789367 0.613922 -0.000000 -34.451488 -0.000000 0.000000 1.000000 0.000000
0.608647 0.793441 0.000000 80.569850 -0.793441 0.608647 -0.000000 -34.817417 -0.000000 0.000000 1.000000 0.000000
0.605970 0.795488 0.000000 80.751502 -0.795488 0.605970 -0.000000 -35.041757 -0.000000 0.000000 1.000000 0.000000
0.607606 0.794239 0.000000 80.898817 -0.794239 0.607606 -0.000000 -35.118780 -0.000000 0.000000 1.000000 0.000000
0.607044 0.794668 0.000000 81.048628 -0.794668 0.607044 -0.000000 -35.313242 -0.000000 0.000000 1.000000 0.000000
0.604510 0.796598 0.000000 81.070593 -0.796598 0.604510 -0.000000 -35.541005 -0.000000 0.000000 1.000000 0.000000
0.602293 0.798275 0.000000 81.206401 -0.798275 0.602293 -0.000000 -35.843640 -0.000000 0.000000 1.000000 0.000000
0.601696 0.798725 0.000000 81.497501 -0.798725 0.601696 -0.000000 -36.134242 -0.000000 0.000000 1.000000 0.000000
0.600759 0.799430 0.000000 81.669188 -0.799430 0.600759 -0.000000 -36.395026 -0.000000 0.000000 1.000000 0.000000
0.602031 0.798473 0.000000 81.789658 -0.798473 0.602031 -0.000000 -36.676047 -0.000000 0.000000 1.000000 0.000000
0.601425 0.798929 0.000000 81.937307 -0.798929 0.601425 -0.000000 -36.879113 -0.000000 0.000000 1.000000 0.000000
0.604840 0.796347 0.000000 82.079852 -0.796347 0.604840 -0.000000 -37.048139 -0.000000 0.000000 1.000000 0.000000
0.607728 0.794145 0.000000 82.180572 -0.794145 0.607728 -0.000000 -37.147311 -0.000000 0.000000 1.000000 0.000000
0.607857 0.794046 0.000000 82.343002 -0.794046 0.607857 -0.000000 -37.396942 -0.000000 0.000000 1.000000 0.000000
0.606249 0.795275 0.000000 82.559900 -0.795275 0.606249 -0.000000 -37.562597 -0.000000 0.000000 1.000000 0.000000
0.605976 0.795483 0.000000 82.541680 -0.795483 0.605976 -0.000000 -37.731022 -0.000000 0.000000 1.000000 0.000000
0.606892 0.794784 0.000000 82.834037 -0.794784 0.606892 -0.000000 -38.075023 -0.000000 0.000000 1.000000 0.000000
0.612438 0.790519 0.000000 82.913883 -0.790519 0.612438 -0.000000 -38.045329 -0.000000 0.000000 1.000000 0.000000
0.614859 0.788637 0.000000 82.990535 -0.788637 0.614859 -0.000000 -38.136613 -0.000000 0.000000 1.000000 0.000000
0.615824 0.787884 0.000000 83.178893 -0.787884 0.615824 -0.000000 -38.290675 -0.000000 0.000000 1.000000 0.000000
0.619609 0.784910 0.000000 83.368108 -0.784910 0.619609 -0.000000 -38.370558 -0.000000 0.000000 1.000000 0.000000
0.618786 0.785560 0.000000 83.400611 -0.785560 0.618786 -0.000000 -38.593723 -0.000000 0.000000 1.000000 0.000000
0.620268 0.784390 0.000000 83.582915 -0.784390 0.620268 -0.000000 -38.878098 -0.000000 0.000000 1.000000 0.000000
0.628251 0.778011 0.000000 83.805363 -0.778011 0.628251 -0.000000 -39.021392 -0.000000 0.000000 1.000000 0.000000
0.630730 0.776002 0.000000 84.058323 -0.776002 0.630730 -0.000000 -39.168184 -0.000000 0.000000 1.000000 0.000000
0.632366 0.774669 0.000000 84.232237 -0.774669 0.632366 -0.000000 -39.424115 -0.000000 0.000000 1.000000 0.000000
0.634610 0.772833 0.000000 84.275772 -0.772833 0.634610 -0.000000 -39.481667 -0.000000 0.000000 1.000000 0.000000
0.637945 0.770082 0.000000 84.378863 -0.770082 0.637945 -0.000000 -39.591806 -0.000000 0.000000 1.000000 0.000000
0.640697 0.767794 0.000000 84.478302 -0.767794 0.640697 -0.000000 -39.737681 -0.000000 0.000000 1.000000 0.000000
0.646579 0.762847 0.000000 84.705529 -0.762847 0.646579 -0.000000 -40.085877 -0.000000 0.000000 1.000000 0.000000
0.650794 0.759255 0.000000 84.843602 -0.759255 0.650794 -0.000000 -40.240796 -0.000000 0.000000 1.000000 0.000000
0.653872 0.756605 0.000000 85.031707 -0.756605 0.653872 -0.000000 -40.408120 -0.000000 0.000000 1.000000 0.000000
0.660817 0.750547 0.000000 85.358449 -0.750547 0.660817 -0.000000 -40.680696 -0.000000 0.000000 1.000000 0.000000
0.669726 0.742608 0.000000 85.581809 -0.742608 0.669726 -0.000000 -40.935358 -0.000000 0.000000 1.000000 0.000000
0.675638 0.737233 0.000000 85.778634 -0.737233 0.675638 -0.000000 -41.020748 -0.000000 0.000000 1.000000 0.000000
0.682373 0.731004 0.000000 85.887450 -0.731004 0.682373 -0.000000 -41.080247 -0.000000 0.000000 1.000000 0.000000
0.688413 0.725319 0.000000 86.057168 -0.725319 0.688413 -0.000000 -41.381789 -0.000000 0.000000 1.000000 0.000000
0.693460 0.720495 0.000000 86.063089 -0.720495 0.693460 -0.000000 -41.479652 -0.000000 0.000000 1.000000 0.000000
0.701415 0.712753 0.000000 86.243165 -0.712753 0.701415 -0.000000 -41.431876 -0.000000 0.000000 1.000000 0.000000
0.704500 0.709704 0.000000 86.430084 -0.709704 0.704500 -0.000000 -41.508219 -0.000000 0.000000 1.000000 0.000000
0.708970 0.705239 0.000000 86.621280 -0.705239 0.708970 -0.000000 -41.836894 -0.000000 0.000000 1.000000 0.000000
0.715248 0.698871 0.000000 86.933935 -0.698871 0.715248 -0.000000 -42.121246 -0.000000 0.000000 1.000000 0.000000
0.719017 0.694993 0.000000 87.093057 -0.694993 0.719017 -0.000000 -42.115620 -0.000000 0.000000 1.000000 0.000000
0.723960 0.689842 0.000000 87.134687 -0.689842 0.723960 -0.000000 -42.098797 -0.000000 0.000000 1.000000 0.000000
0.728598 0.684941 0.000000 87.231341 -0.684941 0.728598 -0.000000 -42.130954 -0.000000 0.000000 1.000000 0.000000
0.733789 0.679378 0.000000 87.357669 -0.679378 0.733789 -0.000000 -42.197003 -0.000000 0.000000 1.000000 0.000000
0.735156 0.677898 0.000000 87.513910 -0.677898 0.735156 -0.000000 -42.294399 -0.000000 0.000000 1.000000 0.000000
0.740192 0.672396 0.000000 87.628869 -0.672396 0.740192 -0.000000 -42.398243 -0.000000 0.000000 1.000000 0.000000
0.742919 0.669381 0.000000 87.685101 -0.669381 0.742919 -0.000000 -42.493977 -0.000000 0.000000 1.000000 0.000000
0.747496 0.664266 0.000000 87.736511 -0.664266 0.747496 -0.000000 -42.462043 -0.000000 0.000000 1.000000 0.000000
0.747642 0.664103 0.000000 87.750784 -0.664103 0.747642 -0.000000 -42.620647 -0.000000 0.000000 1.000000 0.000000
0.748413 0.663233 0.000000 87.755139 -0.663233 0.748413 -0.000000 -42.614370 -0.000000 0.000000 1.000000 0.000000
0.753748 0.657163 0.000000 87.940556 -0.657163 0.753748 -0.000000 -42.561589 -0.000000 0.000000 1.000000 0.000000
0.753794 0.657110 0.000000 88.018727 -0.657110 0.753794 -0.000000 -42.611658 -0.000000 0.000000 1.000000 0.000000
0.756094 0.654464 0.000000 88.085417 -0.654464 0.756094 -0.000000 -42.639355 -0.000000 0.000000 1.000000 0.000000
0.758075 0.652167 0.000000 88.253093 -0.652167 0.758075 -0.000000 -42.706698 -0.000000 0.000000 1.000000 0.000000
0.758161 0.652067 0.000000 88.243094 -0.652067 0.758161 -0.000000 -42.816359 -0.000000 0.000000 1.000000 0.000000
0.760157 0.649739 0.000000 88.302028 -0.649739 0.760157 -0.000000 -42.780092 -0.000000 0.000000 1.000000 0.000000
0.761751 0.647870 0.000000 88.355231 -0.647870 0.761751 -0.000000 -42.836425 -0.000000 0.000000 1.000000 0.000000
0.762631 0.646834 0.000000 88.363090 -0.646834 0.762631 -0.000000 -42.833123 -0.000000 0.000000 1.000000 0.000000
0.762145 0.647407 0.000000 88.417659 -0.647407 0.762145 -0.000000 -42.848327 -0.000000 0.000000 1.000000 0.000000
0.761777 0.647839 0.000000 88.415376 -0.647839 0.761777 -0.000000 -42.864171 -0.000000 0.000000 1.000000 0.000000
0.762576 0.646898 0.000000 88.506692 -0.646898 0.762576 -0.000000 -42.997234 -0.000000 0.000000 1.000000 0.000000
0.761788 0.647826 0.000000 88.516828 -0.647826 0.761788 -0.000000 -43.053247 -0.000000 0.000000 1.000000 0.000000
0.761842 0.647763 0.000000 88.516953 -0.647763 0.761842 -0.000000 -43.053078 -0.000000 0.000000 1.000000 0.000000
0.762245 0.647289 0.000000 88.538379 -0.647289 0.762245 -0.000000 -43.048210 -0.000000 0.000000 1.000000 0.000000
0.759615 0.650373 0.000000 88.380847 -0.650373 0.759615 -0.000000 -43.116283 -0.000000 0.000000 1.000000 0.000000
0.759490 0.650519 0.000000 88.394747 -0.650519 0.759490 -0.000000 -43.188814 -0.000000 0.000000 1.000000 0.000000
0.758831 0.651287 0.000000 88.430824 -0.651287 0.758831 -0.000000 -43.200976 -0.000000 0.000000 1.000000 0.000000
0.758922 0.651182 0.000000 88.461223 -0.651182 0.758922 -0.000000 -43.196748 -0.000000 0.000000 1.000000 0.000000
0.759110 0.650962 0.000000 88.428286 -0.650962 0.759110 -0.000000 -43.231249 -0.000000 0.000000 1.000000 0.000000
0.758829 0.651289 0.000000 88.423440 -0.651289 0.758829 -0.000000 -43.214028 -0.000000 0.000000 1.000000 0.000000
0.758084 0.652156 0.000000 88.463931 -0.652156 0.758084 -0.000000 -43.192108 -0.000000 0.000000 1.000000 0.000000
0.758568 0.651594 0.000000 88.505703 -0.651594 0.758568 -0.000000 -43.241675 -0.000000 0.000000 1.000000 0.000000
0.757832 0.652449 0.000000 88.519772 -0.652449 0.757832 -0.000000 -43.275388 -0.000000 0.000000 1.000000 0.000000
0.757313 0.653052 0.000000 88.475706 -0.653052 0.757313 -0.000000 -43.254490 -0.000000 0.000000 1.000000 0.000000
0.757793 0.652495 0.000000 88.472491 -0.652495 0.757793 -0.000000 -43.249096 -0.000000 0.000000 1.000000 0.000000
0.758362 0.651833 0.000000 88.492505 -0.651833 0.758362 -0.000000 -43.271936 -0.000000 0.000000 1.000000 0.000000
0.758257 0.651956 0.000000 88.509478 -0.651956 0.758257 -0.000000 -43.297582 -0.000000 0.000000 1.000000 0.000000
0.758946 0.651154 0.000000 88.529658 -0.651154 0.758946 -0.000000 -43.309041 -0.000000 0.000000 1.000000 0.000000
0.758867 0.651246 0.000000 88.530594 -0.651246 0.758867 -0.000000 -43.311779 -0.000000 0.000000 1.000000 0.000000
0.759042 0.651042 0.000000 88.490910 -0.651042 0.759042 -0.000000 -43.332478 -0.000000 0.000000 1.000000 0.000000
0.759056 0.651026 0.000000 88.490682 -0.651026 0.759056 -0.000000 -43.333001 -0.000000 0.000000 1.000000 0.000000
0.759109 0.650963 0.000000 88.490388 -0.650963 0.759109 -0.000000 -43.337941 -0.000000 0.000000 1.000000 0.000000
0.759084 0.650992 0.000000 88.499430 -0.650992 0.759084 -0.000000 -43.348190 -0.000000 0.000000 1.000000 0.000000
0.759855 0.650093 0.000000 88.476570 -0.650093 0.759855 -0.000000 -43.337153 -0.000000 0.000000 1.000000 0.000000
0.759586 0.650407 0.000000 88.476650 -0.650407 0.759586 -0.000000 -43.337182 -0.000000 0.000000 1.000000 0.000000
0.759691 0.650284 0.000000 88.454236 -0.650284 0.759691 -0.000000 -43.330196 -0.000000 0.000000 1.000000 0.000000
0.759159 0.650905 0.000000 88.449256 -0.650905 0.759159 -0.000000 -43.382307 -0.000000 0.000000 1.000000 0.000000
0.759613 0.650376 0.000000 88.467775 -0.650376 0.759613 -0.000000 -43.359040 -0.000000 0.000000 1.000000 0.000000
0.760136 0.649764 0.000000 88.435441 -0.649764 0.760136 -0.000000 -43.314724 -0.000000 0.000000 1.000000 0.000000
0.760295 0.649578 0.000000 88.551346 -0.649578 0.760295 -0.000000 -43.411081 -0.000000 0.000000 1.000000 0.000000
0.760636 0.649179 0.000000 88.544731 -0.649179 0.760636 -0.000000 -43.402827 -0.000000 0.000000 1.000000 0.000000
0.761777 0.647839 0.000000 88.549581 -0.647839 0.761777 -0.000000 -43.378131 -0.000000 0.000000 1.000000 0.000000
0.762804 0.646629 0.000000 88.542279 -0.646629 0.762804 -0.000000 -43.355780 -0.000000 0.000000 1.000000 0.000000
0.764007 0.645208 0.000000 88.515520 -0.645208 0.764007 -0.000000 -43.285090 -0.000000 0.000000 1.000000 0.000000
0.763724 0.645543 0.000000 88.524778 -0.645543 0.763724 -0.000000 -43.325575 -0.000000 0.000000 1.000000 0.000000
0.761650 0.647989 0.000000 88.531722 -0.647989 0.761650 -0.000000 -43.379251 -0.000000 0.000000 1.000000 0.000000
0.763316 0.646025 0.000000 88.588012 -0.646025 0.763316 -0.000000 -43.357103 -0.000000 0.000000 1.000000 0.000000
0.763768 0.645491 0.000000 88.574653 -0.645491 0.763768 -0.000000 -43.330965 -0.000000 0.000000 1.000000 0.000000
0.765593 0.643326 0.000000 88.431355 -0.643326 0.765593 -0.000000 -43.134921 -0.000000 0.000000 1.000000 0.000000
0.766162 0.642648 0.000000 88.437434 -0.642648 0.766162 -0.000000 -43.121882 -0.000000 0.000000 1.000000 0.000000
0.766685 0.642024 0.000000 88.473380 -0.642024 0.766685 -0.000000 -43.102868 -0.000000 0.000000 1.000000 0.000000
0.768436 0.639926 0.000000 88.472219 -0.639926 0.768436 -0.000000 -42.967503 -0.000000 0.000000 1.000000 0.000000
0.767679 0.640835 0.000000 88.456018 -0.640835 0.767679 -0.000000 -43.051272 -0.000000 0.000000 1.000000 0.000000
0.767242 0.641357 0.000000 88.525895 -0.641357 0.767242 -0.000000 -43.143160 -0.000000 0.000000 1.000000 0.000000
0.767877 0.640598 0.000000 88.505410 -0.640598 0.767877 -0.000000 -43.099262 -0.000000 0.000000 1.000000 0.000000
0.767912 0.640555 0.000000 88.506094 -0.640555 0.767912 -0.000000 -43.097165 -0.000000 0.000000 1.000000 0.000000
0.770999 0.636836 0.000000 88.501695 -0.636836 0.770999 -0.000000 -42.965417 -0.000000 0.000000 1.000000 0.000000
0.779534 0.626359 0.000000 88.213694 -0.626359 0.779534 -0.000000 -42.269718 -0.000000 0.000000 1.000000 0.000000
0.781903 0.623400 0.000000 88.139806 -0.623400 0.781903 -0.000000 -42.190173 -0.000000 0.000000 1.000000 0.000000
0.783930 0.620849 0.000000 87.838748 -0.620849 0.783930 -0.000000 -41.955057 -0.000000 0.000000 1.000000 0.000000
0.786415 0.617699 0.000000 87.709414 -0.617699 0.786415 -0.000000 -41.691006 -0.000000 0.000000 1.000000 0.000000
0.786504 0.617585 0.000000 87.718593 -0.617585 0.786504 -0.000000 -41.700018 -0.000000 0.000000 1.000000 0.000000
0.786444 0.617661 0.000000 87.699897 -0.617661 0.786444 -0.000000 -41.685265 -0.000000 0.000000 1.000000 0.000000
0.786014 0.618208 0.000000 87.681951 -0.618208 0.786014 -0.000000 -41.672470 -0.000000 0.000000 1.000000 0.000000
0.786477 0.617619 0.000000 87.657669 -0.617619 0.786477 -0.000000 -41.605396 -0.000000 0.000000 1.000000 0.000000
0.786638 0.617414 0.000000 87.678125 -0.617414 0.786638 -0.000000 -41.622577 -0.000000 0.000000 1.000000 0.000000
0.786788 0.617223 0.000000 87.677065 -0.617223 0.786788 -0.000000 -41.623205 -0.000000 0.000000 1.000000 0.000000
0.786676 0.617366 0.000000 87.703296 -0.617366 0.786676 -0.000000 -41.652255 -0.000000 0.000000 1.000000 0.000000
0.786758 0.617262 0.000000 87.702184 -0.617262 0.786758 -0.000000 -41.648649 -0.000000 0.000000 1.000000 0.000000
0.787643 0.616132 0.000000 87.646770 -0.616132 0.787643 -0.000000 -41.572143 -0.000000 0.000000 1.000000 0.000000
0.787978 0.615703 0.000000 87.629540 -0.615703 0.787978 -0.000000 -41.548619 -0.000000 0.000000 1.000000 0.000000
0.789566 0.613666 0.000000 87.530474 -0.613666 0.789566 -0.000000 -41.396696 -0.000000 0.000000 1.000000 0.000000
0.792310 0.610119 0.000000 87.428173 -0.610119 0.792310 -0.000000 -41.175459 -0.000000 0.000000 1.000000 0.000000
0.794737 0.606954 0.000000 87.413076 -0.606954 0.794737 -0.000000 -40.989723 -0.000000 0.000000 1.000000 0.000000
0.798737 0.601681 0.000000 87.281918 -0.601681 0.798737 -0.000000 -40.738708 -0.000000 0.000000 1.000000 0.000000
0.798989 0.601346 0.000000 87.280483 -0.601346 0.798989 -0.000000 -40.739894 -0.000000 0.000000 1.000000 0.000000
0.800639 0.599147 0.000000 87.254929 -0.599147 0.800639 -0.000000 -40.629918 -0.000000 0.000000 1.000000 0.000000
0.801751 0.597658 0.000000 87.241589 -0.597658 0.801751 -0.000000 -40.528129 -0.000000 0.000000 1.000000 0.000000
0.802218 0.597031 0.000000 87.242585 -0.597031 0.802218 -0.000000 -40.533248 -0.000000 0.000000 1.000000 0.000000
0.801739 0.597675 0.000000 87.218376 -0.597675 0.801739 -0.000000 -40.569079 -0.000000 0.000000 1.000000 0.000000
0.801125 0.598497 0.000000 87.272803 -0.598497 0.801125 -0.000000 -40.621391 -0.000000 0.000000 1.000000 0.000000
0.805517 0.592573 0.000000 87.258042 -0.592573 0.805517 -0.000000 -40.580844 -0.000000 0.000000 1.000000 0.000000
0.808711 0.588206 0.000000 87.275576 -0.588206 0.808711 -0.000000 -40.613505 -0.000000 0.000000 1.000000 0.000000
0.810904 0.585179 0.000000 87.197458 -0.585179 0.810904 -0.000000 -40.459198 -0.000000 0.000000 1.000000 0.000000
0.809355 0.587320 0.000000 87.206673 -0.587320 0.809355 -0.000000 -40.507674 -0.000000 0.000000 1.000000 0.000000
0.808684 0.588243 0.000000 87.193788 -0.588243 0.808684 -0.000000 -40.514637 -0.000000 0.000000 1.000000 0.000000
0.810547 0.585674 0.000000 87.175046 -0.585674 0.810547 -0.000000 -40.496987 -0.000000 0.000000 1.000000 0.000000
0.810150 0.586223 0.000000 87.169240 -0.586223 0.810150 -0.000000 -40.509617 -0.000000 0.000000 1.000000 0.000000
0.812687 0.582701 0.000000 87.134019 -0.582701 0.812687 -0.000000 -40.312129 -0.000000 0.000000 1.000000 0.000000
0.812908 0.582392 0.000000 87.066095 -0.582392 0.812908 -0.000000 -40.278259 -0.000000 0.000000 1.000000 0.000000
0.813801 0.581143 0.000000 86.995485 -0.581143 0.813801 -0.000000 -40.225204 -0.000000 0.000000 1.000000 0.000000
0.817967 0.575265 0.000000 86.960565 -0.575265 0.817967 -0.000000 -40.115108 -0.000000 0.000000 1.000000 0.000000
0.820740 0.571302 0.000000 87.064354 -0.571302 0.820740 -0.000000 -40.132985 -0.000000 0.000000 1.000000 0.000000
0.824075 0.566481 0.000000 87.170316 -0.566481 0.824075 -0.000000 -40.085533 -0.000000 0.000000 1.000000 0.000000
0.823936 0.566683 0.000000 87.183207 -0.566683 0.823936 -0.000000 -40.095177 -0.000000 0.000000 1.000000 0.000000
0.826475 0.562973 0.000000 87.130361 -0.562973 0.826475 -0.000000 -39.993659 -0.000000 0.000000 1.000000 0.000000
0.827633 0.561270 0.000000 87.051288 -0.561270 0.827633 -0.000000 -39.905232 -0.000000 0.000000 1.000000 0.000000
0.827450 0.561540 0.000000 87.200323 -0.561540 0.827450 -0.000000 -40.047837 -0.000000 0.000000 1.000000 0.000000
0.829022 0.559217 0.000000 87.329714 -0.559217 0.829022 -0.000000 -40.027890 -0.000000 0.000000 1.000000 0.000000
0.832539 0.553967 0.000000 87.155475 -0.553967 0.832539 -0.000000 -39.722887 -0.000000 0.000000 1.000000 0.000000
0.836790 0.547523 0.000000 87.180705 -0.547523 0.836790 -0.000000 -39.757151 -0.000000 0.000000 1.000000 0.000000
0.836218 0.548397 0.000000 87.123383 -0.548397 0.836218 -0.000000 -39.747540 -0.000000 0.000000 1.000000 0.000000
0.837441 0.546527 0.000000 87.017260 -0.546527 0.837441 -0.000000 -39.720063 -0.000000 0.000000 1.000000 0.000000
0.838183 0.545390 0.000000 87.082107 -0.545390 0.838183 -0.000000 -39.730207 -0.000000 0.000000 1.000000 0.000000
0.839388 0.543533 0.000000 87.082096 -0.543533 0.839388 -0.000000 -39.736300 -0.000000 0.000000 1.000000 0.000000
0.839813 0.542875 0.000000 87.111154 -0.542875 0.839813 -0.000000 -39.734398 -0.000000 0.000000 1.000000 0.000000
0.839883 0.542767 0.000000 87.102170 -0.542767 0.839883 -0.000000 -39.717510 -0.000000 0.000000 1.000000 0.000000
0.840903 0.541186 0.000000 87.091841 -0.541186 0.840903 -0.000000 -39.730736 -0.000000 0.000000 1.000000 0.000000
0.840260 0.542183 0.000000 87.112375 -0.542183 0.840260 -0.000000 -39.766511 -0.000000 0.000000 1.000000 0.000000
0.841770 0.539837 0.000000 87.169658 -0.539837 0.841770 -0.000000 -39.832638 -0.000000 0.000000 1.000000 0.000000
0.842178 0.539199 0.000000 87.163809 -0.539199 0.842178 -0.000000 -39.837771 -0.000000 0.000000 1.000000 0.000000
0.841868 0.539684 0.000000 87.158748 -0.539684 0.841868 -0.000000 -39.864680 -0.000000 0.000000 1.000000 0.000000
0.842221 0.539133 0.000000 87.163035 -0.539133 0.842221 -0.000000 -39.835241 -0.000000 0.000000 1.000000 0.000000
0.842628 0.538495 0.000000 87.230057 -0.538495 0.842628 -0.000000 -39.758154 -0.000000 0.000000 1.000000 0.000000
0.841551 0.540178 0.000000 87.223999 -0.540178 0.841551 -0.000000 -39.801216 -0.000000 0.000000 1.000000 0.000000
0.841199 0.540725 0.000000 87.259750 -0.540725 0.841199 -0.000000 -39.836996 -0.000000 0.000000 1.000000 0.000000
0.841234 0.540672 0.000000 87.258422 -0.540672 0.841234 -0.000000 -39.834807 -0.000000 0.000000 1.000000 0.000000
0.840633 0.541606 0.000000 87.287627 -0.541606 0.840633 -0.000000 -39.835765 -0.000000 0.000000 1.000000 0.000000
0.841376 0.540451 0.000000 87.290373 -0.540451 0.841376 -0.000000 -39.798983 -0.000000 0.000000 1.000000 0.000000
0.840582 0.541684 0.000000 87.318449 -0.541684 0.840582 -0.000000 -39.809435 -0.000000 0.000000 1.000000 0.000000
0.840600 0.541657 0.000000 87.299718 -0.541657 0.840600 -0.000000 -39.816292 -0.000000 0.000000 1.000000 0.000000
