0.999997 -0.002446 0.000000 0.629154 0.002446 0.999997 0.000000 0.004315 0.000000 0.000000 1.000000 0.000000
1.000000 0.000331 0.000000 1.262857 -0.000331 1.000000 0.000000 -0.011756 0.000000 0.000000 1.000000 0.000000
0.999998 0.001917 0.000000 2.096862 -0.001917 0.999998 0.000000 -0.026317 0.000000 0.000000 1.000000 0.000000
1.000000 0.000272 0.000000 2.688181 -0.000272 1.000000 0.000000 -0.042742 0.000000 0.000000 1.000000 0.000000
0.999998 0.001988 0.000000 3.310723 -0.001988 0.999998 0.000000 -0.048456 0.000000 0.000000 1.000000 0.000000
1.000000 -0.000095 0.000000 4.247880 0.000095 1.000000 0.000000 -0.074924 0.000000 0.000000 1.000000 0.000000
0.999995 -0.003095 0.000000 4.865663 0.003095 0.999995 0.000000 -0.097848 0.000000 0.000000 1.000000 0.000000
0.999996 -0.002762 0.000000 5.506339 0.002762 0.999996 0.000000 -0.104323 0.000000 0.000000 1.000000 0.000000
0.999984 -0.005637 0.000000 6.126325 0.005637 0.999984 0.000000 -0.132325 0.000000 0.000000 1.000000 0.000000
1.000000 0.000325 0.000000 7.399770 -0.000325 1.000000 0.000000 -0.162535 0.000000 0.000000 1.000000 0.000000
0.999999 -0.001423 0.000000 8.033886 0.001423 0.999999 0.000000 -0.174513 0.000000 0.000000 1.000000 0.000000
0.999975 -0.007022 0.000000 8.659682 0.007022 0.999975 0.000000 -0.185495 0.000000 0.000000 1.000000 0.000000
0.999985 -0.005531 0.000000 9.270035 0.005531 0.999985 0.000000 -0.194184 0.000000 0.000000 1.000000 0.000000
0.999977 -0.006810 0.000000 9.932431 0.006810 0.999977 0.000000 -0.209646 0.000000 0.000000 1.000000 0.000000
0.999979 -0.006410 0.000000 10.552540 0.006410 0.999979 0.000000 -0.234490 0.000000 0.000000 1.000000 0.000000
0.999975 -0.007060 0.000000 11.173761 0.007060 0.999975 0.000000 -0.241678 0.000000 0.000000 1.000000 0.000000
0.999977 -0.006830 0.000000 11.790500 0.006830 0.999977 0.000000 -0.249894 0.000000 0.000000 1.000000 0.000000
0.999960 -0.008952 0.000000 12.415786 0.008952 0.999960 0.000000 -0.264657 0.000000 0.000000 1.000000 0.000000
0.999947 -0.010252 0.000000 13.031407 0.010252 0.999947 0.000000 -0.275568 0.000000 0.000000 1.000000 0.000000
0.999960 -0.008981 0.000000 13.661499 0.008981 0.999960 0.000000 -0.274285 0.000000 0.000000 1.000000 0.000000
0.999946 -0.010402 0.000000 14.277096 0.010402 0.999946 0.000000 -0.288597 0.000000 0.000000 1.000000 0.000000
0.999952 -0.009832 0.000000 14.923068 0.009832 0.999952 0.000000 -0.286359 0.000000 0.000000 1.000000 0.000000
0.999941 -0.010839 0.000000 15.507938 0.010839 0.999941 0.000000 -0.293627 0.000000 0.000000 1.000000 0.000000
0.999938 -0.011105 0.000000 16.131182 0.011105 0.999938 0.000000 -0.294989 0.000000 0.000000 1.000000 0.000000
0.999946 -0.010410 0.000000 16.747762 0.010410 0.999946 0.000000 -0.302147 0.000000 0.000000 1.000000 0.000000
0.999888 -0.014969 0.000000 17.404608 0.014969 0.999888 0.000000 -0.317927 0.000000 0.000000 1.000000 0.000000
0.999877 -0.015653 0.000000 18.014230 0.015653 0.999877 0.000000 -0.289048 0.000000 0.000000 1.000000 0.000000
0.999764 -0.021734 0.000000 18.637186 0.021734 0.999764 0.000000 -0.293933 0.000000 0.000000 1.000000 0.000000
0.999784 -0.020765 0.000000 19.257940 0.020765 0.999784 0.000000 -0.279752 0.000000 0.000000 1.000000 0.000000
0.999842 -0.017762 0.000000 19.877231 0.017762 0.999842 0.000000 -0.277927 0.000000 0.000000 1.000000 0.000000
0.999785 -0.020716 0.000000 20.489842 0.020716 0.999785 0.000000 -0.277897 0.000000 0.000000 1.000000 0.000000
0.999787 -0.020643 0.000000 21.094811 0.020643 0.999787 0.000000 -0.275874 0.000000 0.000000 1.000000 0.000000
0.999776 -0.021155 0.000000 21.718797 0.021155 0.999776 0.000000 -0.273607 0.000000 0.000000 1.000000 0.000000
0.999778 -0.021086 0.000000 22.346497 0.021086 0.999778 0.000000 -0.273690 0.000000 0.000000 1.000000 0.000000
0.999797 -0.020166 0.000000 22.923405 0.020166 0.999797 0.000000 -0.264947 0.000000 0.000000 1.000000 0.000000
0.999752 -0.022281 0.000000 23.546029 0.022281 0.999752 0.000000 -0.275645 0.000000 0.000000 1.000000 0.000000
0.999704 -0.024329 0.000000 24.149199 0.024329 0.999704 0.000000 -0.279272 0.000000 0.000000 1.000000 0.000000
0.999685 -0.025097 0.000000 24.735658 0.025097 0.999685 0.000000 -0.286479 0.000000 0.000000 1.000000 0.000000
0.999681 -0.025243 0.000000 25.351182 0.025243 0.999681 0.000000 -0.286963 0.000000 0.000000 1.000000 0.000000
0.999680 -0.025279 0.000000 25.989162 0.025279 0.999680 0.000000 -0.282743 0.000000 0.000000 1.000000 0.000000
0.999688 -0.024996 0.000000 26.611707 0.024996 0.999688 0.000000 -0.281633 0.000000 0.000000 1.000000 0.000000
0.999714 -0.023910 0.000000 27.195566 0.023910 0.999714 0.000000 -0.287535 0.000000 0.000000 1.000000 0.000000
0.999794 -0.020272 0.000000 27.819541 0.020272 0.999794 0.000000 -0.291164 0.000000 0.000000 1.000000 0.000000
0.999815 -0.019249 0.000000 28.401783 0.019249 0.999815 0.000000 -0.290766 0.000000 0.000000 1.000000 0.000000
0.999826 -0.018666 0.000000 29.018404 0.018666 0.999826 0.000000 -0.298650 0.000000 0.000000 1.000000 0.000000
0.999804 -0.019800 0.000000 29.665806 0.019800 0.999804 0.000000 -0.296145 0.000000 0.000000 1.000000 0.000000
0.999796 -0.020176 0.000000 30.491548 0.020176 0.999796 0.000000 -0.307992 0.000000 0.000000 1.000000 0.000000
0.999835 -0.018141 0.000000 31.132642 0.018141 0.999835 0.000000 -0.313145 0.000000 0.000000 1.000000 0.000000
0.999846 -0.017541 0.000000 31.763325 0.017541 0.999846 0.000000 -0.311236 0.000000 0.000000 1.000000 0.000000
0.999861 -0.016692 0.000000 32.393291 0.016692 0.999861 0.000000 -0.305352 0.000000 0.000000 1.000000 0.000000
0.999888 -0.014973 0.000000 33.030218 0.014973 0.999888 0.000000 -0.313816 0.000000 0.000000 1.000000 0.000000
0.999860 -0.016727 0.000000 33.677536 0.016727 0.999860 0.000000 -0.322493 0.000000 0.000000 1.000000 0.000000
0.999911 -0.013335 0.000000 34.313532 0.013335 0.999911 0.000000 -0.326680 0.000000 0.000000 1.000000 0.000000
0.999930 -0.011817 0.000000 34.949883 0.011817 0.999930 0.000000 -0.337141 0.000000 0.000000 1.000000 0.000000
0.999964 -0.008537 0.000000 35.582848 0.008537 0.999964 0.000000 -0.334700 0.000000 0.000000 1.000000 0.000000
0.999952 -0.009809 0.000000 36.230461 0.009809 0.999952 0.000000 -0.347605 0.000000 0.000000 1.000000 0.000000
0.999984 -0.005623 0.000000 36.871672 0.005623 0.999984 0.000000 -0.349987 0.000000 0.000000 1.000000 0.000000
0.999978 -0.006612 0.000000 37.516039 0.006612 0.999978 0.000000 -0.367715 0.000000 0.000000 1.000000 0.000000
0.999987 -0.005061 0.000000 38.168905 0.005061 0.999987 0.000000 -0.375082 0.000000 0.000000 1.000000 0.000000
0.999993 -0.003808 0.000000 38.797377 0.003808 0.999993 0.000000 -0.380654 0.000000 0.000000 1.000000 0.000000
0.999990 -0.004442 0.000000 39.378878 0.004442 0.999990 0.000000 -0.400461 0.000000 0.000000 1.000000 0.000000
0.999996 -0.002996 0.000000 40.017936 0.002996 0.999996 0.000000 -0.408310 0.000000 0.000000 1.000000 0.000000
1.000000 0.000767 0.000000 40.646418 -0.000767 1.000000 0.000000 -0.421219 0.000000 0.000000 1.000000 0.000000
1.000000 0.000139 0.000000 41.286670 -0.000139 1.000000 0.000000 -0.433431 0.000000 0.000000 1.000000 0.000000
1.000000 -0.000820 0.000000 41.932600 0.000820 1.000000 0.000000 -0.440972 0.000000 0.000000 1.000000 0.000000
1.000000 -0.000040 0.000000 42.573531 0.000040 1.000000 0.000000 -0.454391 0.000000 0.000000 1.000000 0.000000
1.000000 0.000572 0.000000 43.220326 -0.000572 1.000000 0.000000 -0.468772 0.000000 0.000000 1.000000 0.000000
1.000000 0.000556 0.000000 43.860632 -0.000556 1.000000 0.000000 -0.478924 0.000000 0.000000 1.000000 0.000000
0.999999 0.001505 0.000000 44.497948 -0.001505 0.999999 0.000000 -0.489919 0.000000 0.000000 1.000000 0.000000
0.999992 0.003962 0.000000 45.136772 -0.003962 0.999992 0.000000 -0.493420 0.000000 0.000000 1.000000 0.000000
0.999991 0.004317 0.000000 45.784596 -0.004317 0.999991 0.000000 -0.509186 0.000000 0.000000 1.000000 0.000000
0.999997 0.002523 0.000000 46.392847 -0.002523 0.999997 0.000000 -0.526388 0.000000 0.000000 1.000000 0.000000
0.999992 0.003949 0.000000 47.043580 -0.003949 0.999992 0.000000 -0.526581 0.000000 0.000000 1.000000 0.000000
1.000000 0.000790 0.000000 47.689503 -0.000790 1.000000 0.000000 -0.543282 0.000000 0.000000 1.000000 0.000000
0.999992 0.003992 0.000000 48.333797 -0.003992 0.999992 0.000000 -0.556555 0.000000 0.000000 1.000000 0.000000
0.999999 0.001112 0.000000 48.982425 -0.001112 0.999999 0.000000 -0.577284 0.000000 0.000000 1.000000 0.000000
1.000000 -0.000560 0.000000 49.621843 0.000560 1.000000 0.000000 -0.597410 0.000000 0.000000 1.000000 0.000000
1.000000 -0.000000 0.000000 50.244405 0.000000 1.000000 0.000000 -0.606042 0.000000 0.000000 1.000000 0.000000
1.000000 0.000753 0.000000 50.903156 -0.000753 1.000000 0.000000 -0.615519 0.000000 0.000000 1.000000 0.000000
0.999996 0.002864 0.000000 51.570839 -0.002864 0.999996 0.000000 -0.623740 0.000000 0.000000 1.000000 0.000000
0.999995 0.003279 0.000000 52.234059 -0.003279 0.999995 0.000000 -0.642714 0.000000 0.000000 1.000000 0.000000
0.999993 0.003830 0.000000 52.895389 -0.003830 0.999993 0.000000 -0.655947 0.000000 0.000000 1.000000 0.000000
1.000000 -0.000851 0.000000 53.560613 0.000851 1.000000 0.000000 -0.670481 0.000000 0.000000 1.000000 0.000000
0.999996 0.002785 0.000000 54.587525 -0.002785 0.999996 0.000000 -0.710180 0.000000 0.000000 1.000000 0.000000
0.999998 0.001839 0.000000 55.270136 -0.001839 0.999998 0.000000 -0.726272 0.000000 0.000000 1.000000 0.000000
0.999999 0.001188 0.000000 55.902186 -0.001188 0.999999 0.000000 -0.734399 0.000000 0.000000 1.000000 0.000000
0.999999 0.001044 0.000000 56.564979 -0.001044 0.999999 0.000000 -0.751769 0.000000 0.000000 1.000000 0.000000
0.999999 0.001260 0.000000 57.222054 -0.001260 0.999999 0.000000 -0.771673 0.000000 0.000000 1.000000 0.000000
0.999999 0.001621 0.000000 57.864111 -0.001621 0.999999 0.000000 -0.792426 0.000000 0.000000 1.000000 0.000000
1.000000 -0.000668 0.000000 58.516248 0.000668 1.000000 0.000000 -0.810380 0.000000 0.000000 1.000000 0.000000
1.000000 0.000026 0.000000 59.173359 -0.000026 1.000000 0.000000 -0.829958 0.000000 0.000000 1.000000 0.000000
0.999999 -0.001029 0.000000 60.527527 0.001029 0.999999 0.000000 -0.843607 0.000000 0.000000 1.000000 0.000000
0.999999 -0.001726 0.000000 61.170012 0.001726 0.999999 0.000000 -0.850086 0.000000 0.000000 1.000000 0.000000
0.999991 -0.004207 0.000000 61.821894 0.004207 0.999991 0.000000 -0.844650 0.000000 0.000000 1.000000 0.000000
0.999992 -0.004049 0.000000 62.442812 0.004049 0.999992 0.000000 -0.859289 0.000000 0.000000 1.000000 0.000000
0.999998 -0.002123 0.000000 63.066176 0.002123 0.999998 0.000000 -0.873289 0.000000 0.000000 1.000000 0.000000
1.000000 -0.000860 0.000000 63.737878 0.000860 1.000000 0.000000 -0.889420 0.000000 0.000000 1.000000 0.000000
0.999997 -0.002594 0.000000 64.370359 0.002594 0.999997 0.000000 -0.901576 0.000000 0.000000 1.000000 0.000000
0.999999 -0.001545 0.000000 64.977231 0.001545 0.999999 0.000000 -0.909236 0.000000 0.000000 1.000000 0.000000
1.000000 -0.000757 0.000000 65.608901 0.000757 1.000000 0.000000 -0.919518 0.000000 0.000000 1.000000 0.000000
1.000000 -0.000671 0.000000 66.183926 0.000671 1.000000 0.000000 -0.934300 0.000000 0.000000 1.000000 0.000000
1.000000 0.000049 0.000000 66.818825 -0.000049 1.000000 0.000000 -0.956198 0.000000 0.000000 1.000000 0.000000
1.000000 -0.000015 0.000000 67.446068 0.000015 1.000000 0.000000 -0.971754 0.000000 0.000000 1.000000 0.000000
1.000000 -0.000373 0.000000 68.036977 0.000373 1.000000 0.000000 -0.988028 0.000000 0.000000 1.000000 0.000000
1.000000 -0.000556 0.000000 68.660742 0.000556 1.000000 0.000000 -0.998521 0.000000 0.000000 1.000000 0.000000
0.999998 -0.002050 0.000000 69.269543 0.002050 0.999998 0.000000 -1.015450 0.000000 0.000000 1.000000 0.000000
0.999999 -0.001637 0.000000 69.843682 0.001637 0.999999 0.000000 -1.030959 0.000000 0.000000 1.000000 0.000000
0.999997 -0.002565 0.000000 70.441754 0.002565 0.999997 0.000000 -1.050161 0.000000 0.000000 1.000000 0.000000
0.999998 -0.002080 0.000000 71.013991 0.002080 0.999998 0.000000 -1.058021 0.000000 0.000000 1.000000 0.000000
0.999999 0.001487 0.000000 71.629161 -0.001487 0.999999 0.000000 -1.065190 0.000000 0.000000 1.000000 0.000000
0.999999 0.001039 0.000000 72.240637 -0.001039 0.999999 0.000000 -1.075847 0.000000 0.000000 1.000000 0.000000
0.999999 0.001113 0.000000 73.080767 -0.001113 0.999999 0.000000 -1.101947 0.000000 0.000000 1.000000 0.000000
0.999999 0.001498 0.000000 73.677141 -0.001498 0.999999 0.000000 -1.124962 0.000000 0.000000 1.000000 0.000000
0.999997 0.002436 0.000000 74.284393 -0.002436 0.999997 0.000000 -1.141569 0.000000 0.000000 1.000000 0.000000
0.999999 -0.001215 0.000000 74.884226 0.001215 0.999999 0.000000 -1.151619 0.000000 0.000000 1.000000 0.000000
1.000000 0.000094 0.000000 75.477132 -0.000094 1.000000 0.000000 -1.157215 0.000000 0.000000 1.000000 0.000000
0.999997 -0.002358 0.000000 76.067632 0.002358 0.999997 0.000000 -1.170658 0.000000 0.000000 1.000000 0.000000
0.999995 -0.003091 0.000000 76.698534 0.003091 0.999995 0.000000 -1.181728 0.000000 0.000000 1.000000 0.000000
0.999997 -0.002270 0.000000 77.291107 0.002270 0.999997 0.000000 -1.188367 0.000000 0.000000 1.000000 0.000000
0.999996 -0.002878 0.000000 77.900016 0.002878 0.999996 0.000000 -1.201138 0.000000 0.000000 1.000000 0.000000
1.000000 0.000170 0.000000 79.090782 -0.000170 1.000000 0.000000 -1.233456 0.000000 0.000000 1.000000 0.000000
0.999999 -0.001495 0.000000 79.680098 0.001495 0.999999 0.000000 -1.241913 0.000000 0.000000 1.000000 0.000000
1.000000 -0.000520 0.000000 80.264954 0.000520 1.000000 0.000000 -1.255149 0.000000 0.000000 1.000000 0.000000
0.999999 0.001315 0.000000 80.843162 -0.001315 0.999999 0.000000 -1.268703 0.000000 0.000000 1.000000 0.000000
1.000000 0.000894 0.000000 81.428313 -0.000894 1.000000 0.000000 -1.283648 0.000000 0.000000 1.000000 0.000000
0.999997 0.002507 0.000000 82.011926 -0.002507 0.999997 0.000000 -1.289676 0.000000 0.000000 1.000000 0.000000
0.999999 0.001731 0.000000 82.594365 -0.001731 0.999999 0.000000 -1.301136 0.000000 0.000000 1.000000 0.000000
1.000000 0.000165 0.000000 83.154466 -0.000165 1.000000 0.000000 -1.308654 0.000000 0.000000 1.000000 0.000000
1.000000 0.000027 0.000000 83.714265 -0.000027 1.000000 0.000000 -1.318541 0.000000 0.000000 1.000000 0.000000
0.999999 0.001225 0.000000 84.266418 -0.001225 0.999999 0.000000 -1.334194 0.000000 0.000000 1.000000 0.000000
0.999999 0.001328 0.000000 84.830378 -0.001328 0.999999 0.000000 -1.349422 0.000000 0.000000 1.000000 0.000000
0.999999 0.001289 0.000000 85.386298 -0.001289 0.999999 0.000000 -1.366557 0.000000 0.000000 1.000000 0.000000
0.999999 0.001622 0.000000 85.929324 -0.001622 0.999999 0.000000 -1.376025 0.000000 0.000000 1.000000 0.000000
0.999994 0.003547 0.000000 86.458047 -0.003547 0.999994 0.000000 -1.387850 0.000000 0.000000 1.000000 0.000000
0.999987 0.005056 0.000000 87.004430 -0.005056 0.999987 0.000000 -1.403820 0.000000 0.000000 1.000000 0.000000
0.999973 0.007386 0.000000 87.528987 -0.007386 0.999973 0.000000 -1.420133 0.000000 0.000000 1.000000 0.000000
0.999952 0.009760 0.000000 88.022553 -0.009760 0.999952 0.000000 -1.428336 0.000000 0.000000 1.000000 0.000000
0.999958 0.009136 0.000000 88.562158 -0.009136 0.999958 0.000000 -1.444196 0.000000 0.000000 1.000000 0.000000
0.999961 0.008842 0.000000 89.086259 -0.008842 0.999961 0.000000 -1.463260 0.000000 0.000000 1.000000 0.000000
0.999956 0.009388 0.000000 89.574553 -0.009388 0.999956 0.000000 -1.471227 0.000000 0.000000 1.000000 0.000000
0.999945 0.010496 0.000000 90.098269 -0.010496 0.999945 0.000000 -1.498157 0.000000 0.000000 1.000000 0.000000
0.999918 0.012806 0.000000 90.604608 -0.012806 0.999918 0.000000 -1.515046 0.000000 0.000000 1.000000 0.000000
0.999925 0.012235 0.000000 91.087542 -0.012235 0.999925 0.000000 -1.540810 0.000000 0.000000 1.000000 0.000000
0.999912 0.013267 0.000000 91.602928 -0.013267 0.999912 0.000000 -1.556694 0.000000 0.000000 1.000000 0.000000
0.999894 0.014565 0.000000 92.124891 -0.014565 0.999894 0.000000 -1.576433 0.000000 0.000000 1.000000 0.000000
0.999857 0.016888 0.000000 92.610741 -0.016888 0.999857 0.000000 -1.589484 0.000000 0.000000 1.000000 0.000000
0.999847 0.017485 0.000000 93.116359 -0.017485 0.999847 0.000000 -1.608812 0.000000 0.000000 1.000000 0.000000
0.999839 0.017921 0.000000 93.593785 -0.017921 0.999839 0.000000 -1.644669 0.000000 0.000000 1.000000 0.000000
0.999803 0.019850 0.000000 94.119197 -0.019850 0.999803 0.000000 -1.654429 0.000000 0.000000 1.000000 0.000000
0.999801 0.019925 0.000000 94.794104 -0.019925 0.999801 0.000000 -1.676381 0.000000 0.000000 1.000000 0.000000
0.999804 0.019817 0.000000 95.309180 -0.019817 0.999804 0.000000 -1.686904 0.000000 0.000000 1.000000 0.000000
0.999783 0.020816 0.000000 95.812851 -0.020816 0.999783 0.000000 -1.701472 0.000000 0.000000 1.000000 0.000000
0.999752 0.022259 0.000000 96.312719 -0.022259 0.999752 0.000000 -1.719180 0.000000 0.000000 1.000000 0.000000
0.999767 0.021585 0.000000 96.809658 -0.021585 0.999767 0.000000 -1.727163 0.000000 0.000000 1.000000 0.000000
0.999796 0.020197 0.000000 97.307966 -0.020197 0.999796 0.000000 -1.758261 0.000000 0.000000 1.000000 0.000000
0.999796 0.020200 0.000000 97.782890 -0.020200 0.999796 0.000000 -1.789373 0.000000 0.000000 1.000000 0.000000
0.999681 0.025247 0.000000 98.748816 -0.025247 0.999681 0.000000 -1.844187 0.000000 0.000000 1.000000 0.000000
0.999613 0.027835 0.000000 99.217557 -0.027835 0.999613 0.000000 -1.871520 0.000000 0.000000 1.000000 0.000000
0.999582 0.028919 0.000000 99.693806 -0.028919 0.999582 0.000000 -1.891526 0.000000 0.000000 1.000000 0.000000
0.999461 0.032829 0.000000 100.142701 -0.032829 0.999461 0.000000 -1.930850 0.000000 0.000000 1.000000 0.000000
0.999396 0.034757 0.000000 100.605375 -0.034757 0.999396 0.000000 -1.981093 0.000000 0.000000 1.000000 0.000000
0.999295 0.037556 0.000000 101.066539 -0.037556 0.999295 0.000000 -2.011124 0.000000 0.000000 1.000000 0.000000
0.999222 0.039444 0.000000 101.542926 -0.039444 0.999222 0.000000 -2.054678 0.000000 0.000000 1.000000 0.000000
0.999107 0.042260 0.000000 102.016413 -0.042260 0.999107 0.000000 -2.084160 0.000000 0.000000 1.000000 0.000000
0.998888 0.047154 0.000000 102.477924 -0.047154 0.998888 0.000000 -2.123352 0.000000 0.000000 1.000000 0.000000
0.998783 0.049313 0.000000 102.947351 -0.049313 0.998783 0.000000 -2.161747 0.000000 0.000000 1.000000 0.000000
0.998666 0.051636 0.000000 103.385711 -0.051636 0.998666 0.000000 -2.210287 0.000000 0.000000 1.000000 0.000000
0.998551 0.053819 0.000000 103.828660 -0.053819 0.998551 0.000000 -2.244760 0.000000 0.000000 1.000000 0.000000
0.998440 0.055839 0.000000 104.273182 -0.055839 0.998440 0.000000 -2.280995 0.000000 0.000000 1.000000 0.000000
0.998379 0.056916 0.000000 104.705449 -0.056916 0.998379 0.000000 -2.317517 0.000000 0.000000 1.000000 0.000000
0.998148 0.060831 0.000000 105.132507 -0.060831 0.998148 0.000000 -2.359079 0.000000 0.000000 1.000000 0.000000
0.998029 0.062752 0.000000 105.558454 -0.062752 0.998029 0.000000 -2.392972 0.000000 0.000000 1.000000 0.000000
0.997606 0.069158 0.000000 105.988062 -0.069158 0.997606 0.000000 -2.418224 0.000000 0.000000 1.000000 0.000000
0.997245 0.074184 0.000000 106.405785 -0.074184 0.997245 0.000000 -2.460537 0.000000 0.000000 1.000000 0.000000
0.997157 0.075356 0.000000 106.823717 -0.075356 0.997157 0.000000 -2.508052 0.000000 0.000000 1.000000 0.000000
0.997239 0.074261 0.000000 107.233374 -0.074261 0.997239 0.000000 -2.554284 0.000000 0.000000 1.000000 0.000000
0.996954 0.077991 0.000000 107.633739 -0.077991 0.996954 0.000000 -2.589878 0.000000 0.000000 1.000000 0.000000
0.996990 0.077525 0.000000 108.025323 -0.077525 0.996990 0.000000 -2.653721 0.000000 0.000000 1.000000 0.000000
0.996544 0.083061 0.000000 108.402496 -0.083061 0.996544 0.000000 -2.703084 0.000000 0.000000 1.000000 0.000000
0.996096 0.088280 0.000000 108.800109 -0.088280 0.996096 0.000000 -2.737953 0.000000 0.000000 1.000000 0.000000
0.996274 0.086239 0.000000 109.194503 -0.086239 0.996274 0.000000 -2.795457 0.000000 0.000000 1.000000 0.000000
0.996027 0.089054 0.000000 109.581110 -0.089054 0.996027 0.000000 -2.834699 0.000000 0.000000 1.000000 0.000000
0.995728 0.092337 0.000000 109.993407 -0.092337 0.995728 0.000000 -2.875256 0.000000 0.000000 1.000000 0.000000
0.995325 0.096582 0.000000 110.392157 -0.096582 0.995325 0.000000 -2.919937 0.000000 0.000000 1.000000 0.000000
0.994880 0.101064 0.000000 110.954948 -0.101064 0.994880 0.000000 -3.000807 0.000000 0.000000 1.000000 0.000000
0.994677 0.103040 0.000000 111.369791 -0.103040 0.994677 0.000000 -3.059617 0.000000 0.000000 1.000000 0.000000
0.994448 0.105229 0.000000 111.783839 -0.105229 0.994448 0.000000 -3.130942 0.000000 0.000000 1.000000 0.000000
0.994215 0.107412 0.000000 112.204859 -0.107412 0.994215 0.000000 -3.190020 0.000000 0.000000 1.000000 0.000000
0.993985 0.109520 0.000000 112.623383 -0.109520 0.993985 0.000000 -3.257527 0.000000 0.000000 1.000000 0.000000
0.993871 0.110547 0.000000 113.044778 -0.110547 0.993871 0.000000 -3.302185 0.000000 0.000000 1.000000 0.000000
0.993943 0.109900 0.000000 113.458704 -0.109900 0.993943 0.000000 -3.365158 0.000000 0.000000 1.000000 0.000000
0.993616 0.112815 0.000000 113.875326 -0.112815 0.993616 0.000000 -3.434272 0.000000 0.000000 1.000000 0.000000
0.992657 0.120964 0.000000 114.615717 -0.120964 0.992657 0.000000 -3.537108 0.000000 0.000000 1.000000 0.000000
0.992819 0.119627 0.000000 115.032373 -0.119627 0.992819 0.000000 -3.616765 0.000000 0.000000 1.000000 0.000000
0.992984 0.118246 0.000000 115.472173 -0.118246 0.992984 0.000000 -3.678173 0.000000 0.000000 1.000000 0.000000
0.992818 0.119636 0.000000 115.904866 -0.119636 0.992818 0.000000 -3.739175 0.000000 0.000000 1.000000 0.000000
0.992901 0.118943 0.000000 116.352165 -0.118943 0.992901 0.000000 -3.800732 0.000000 0.000000 1.000000 0.000000
0.992481 0.122401 0.000000 116.787797 -0.122401 0.992481 0.000000 -3.861363 0.000000 0.000000 1.000000 0.000000
0.992470 0.122485 0.000000 117.219001 -0.122485 0.992470 0.000000 -3.927992 0.000000 0.000000 1.000000 0.000000
0.992553 0.121816 0.000000 117.657288 -0.121816 0.992553 0.000000 -3.996460 0.000000 0.000000 1.000000 0.000000
0.992487 0.122352 0.000000 118.092739 -0.122352 0.992487 0.000000 -4.055328 0.000000 0.000000 1.000000 0.000000
0.992461 0.122560 0.000000 118.543941 -0.122560 0.992461 0.000000 -4.124507 0.000000 0.000000 1.000000 0.000000
0.991999 0.126245 0.000000 118.987320 -0.126245 0.991999 0.000000 -4.196161 0.000000 0.000000 1.000000 0.000000
0.991976 0.126426 0.000000 119.808767 -0.126426 0.991976 0.000000 -4.313882 0.000000 0.000000 1.000000 0.000000
0.992014 0.126125 0.000000 120.260407 -0.126125 0.992014 0.000000 -4.370569 0.000000 0.000000 1.000000 0.000000
0.991645 0.128994 0.000000 120.723784 -0.128994 0.991645 0.000000 -4.422199 0.000000 0.000000 1.000000 0.000000
0.991621 0.129178 0.000000 121.194431 -0.129178 0.991621 0.000000 -4.505462 0.000000 0.000000 1.000000 0.000000
0.991329 0.131405 0.000000 121.650522 -0.131405 0.991329 0.000000 -4.590812 0.000000 0.000000 1.000000 0.000000
0.991130 0.132898 0.000000 122.109739 -0.132898 0.991130 0.000000 -4.666238 0.000000 0.000000 1.000000 0.000000
0.990973 0.134063 0.000000 122.584880 -0.134063 0.990973 0.000000 -4.737267 0.000000 0.000000 1.000000 0.000000
0.990445 0.137906 0.000000 123.048575 -0.137906 0.990445 0.000000 -4.809953 0.000000 0.000000 1.000000 0.000000
0.989919 0.141634 0.000000 123.557249 -0.141634 0.989919 0.000000 -4.898315 0.000000 0.000000 1.000000 0.000000
0.989412 0.145135 0.000000 124.001511 -0.145135 0.989412 0.000000 -4.979316 0.000000 0.000000 1.000000 0.000000
0.989480 0.144670 0.000000 124.505034 -0.144670 0.989480 0.000000 -5.084434 0.000000 0.000000 1.000000 0.000000
0.989169 0.146781 0.000000 124.968615 -0.146781 0.989169 0.000000 -5.178996 0.000000 0.000000 1.000000 0.000000
0.988903 0.148566 0.000000 125.425013 -0.148566 0.988903 0.000000 -5.273349 0.000000 0.000000 1.000000 0.000000
0.989250 0.146232 0.000000 125.895273 -0.146232 0.989250 0.000000 -5.368019 0.000000 0.000000 1.000000 0.000000
0.988790 0.149314 0.000000 126.369863 -0.149314 0.988790 0.000000 -5.459752 0.000000 0.000000 1.000000 0.000000
0.988613 0.150477 0.000000 126.833757 -0.150477 0.988613 0.000000 -5.546290 0.000000 0.000000 1.000000 0.000000
0.988119 0.153693 0.000000 127.305894 -0.153693 0.988119 0.000000 -5.643516 0.000000 0.000000 1.000000 0.000000
0.987184 0.159584 0.000000 127.786319 -0.159584 0.987184 0.000000 -5.724042 0.000000 0.000000 1.000000 0.000000
0.986935 0.161119 0.000000 128.237436 -0.161119 0.986935 0.000000 -5.798089 0.000000 0.000000 1.000000 0.000000
0.986913 0.161255 0.000000 128.714083 -0.161255 0.986913 0.000000 -5.874035 0.000000 0.000000 1.000000 0.000000
0.986287 0.165040 0.000000 129.180466 -0.165040 0.986287 0.000000 -5.955190 0.000000 0.000000 1.000000 0.000000
0.986093 0.166196 0.000000 129.967137 -0.166196 0.986093 0.000000 -6.102054 0.000000 0.000000 1.000000 0.000000
0.986062 0.166378 0.000000 130.448677 -0.166378 0.986062 0.000000 -6.190223 0.000000 0.000000 1.000000 0.000000
0.987615 0.156898 0.000000 131.425199 -0.156898 0.987615 0.000000 -6.389701 0.000000 0.000000 1.000000 0.000000
0.988032 0.154250 0.000000 131.912039 -0.154250 0.988032 0.000000 -6.518091 0.000000 0.000000 1.000000 0.000000
0.988254 0.152818 0.000000 132.405815 -0.152818 0.988254 0.000000 -6.612300 0.000000 0.000000 1.000000 0.000000
0.988137 0.153574 0.000000 132.903269 -0.153574 0.988137 0.000000 -6.696199 0.000000 0.000000 1.000000 0.000000
0.988480 0.151354 0.000000 133.409415 -0.151354 0.988480 0.000000 -6.788694 0.000000 0.000000 1.000000 0.000000
0.987807 0.155686 0.000000 133.898190 -0.155686 0.987807 0.000000 -6.870498 0.000000 0.000000 1.000000 0.000000
0.988737 0.149666 0.000000 134.430026 -0.149666 0.988737 0.000000 -6.966023 0.000000 0.000000 1.000000 0.000000
0.988279 0.152658 0.000000 134.907964 -0.152658 0.988279 0.000000 -7.054991 0.000000 0.000000 1.000000 0.000000
0.988011 0.154382 0.000000 135.431691 -0.154382 0.988011 0.000000 -7.147651 0.000000 0.000000 1.000000 0.000000
0.987889 0.155164 0.000000 135.943897 -0.155164 0.987889 0.000000 -7.231445 0.000000 0.000000 1.000000 0.000000
0.988034 0.154236 0.000000 136.430603 -0.154236 0.988034 0.000000 -7.317527 0.000000 0.000000 1.000000 0.000000
0.988053 0.154115 0.000000 136.939272 -0.154115 0.988053 0.000000 -7.402337 0.000000 0.000000 1.000000 0.000000
0.988133 0.153604 0.000000 137.461093 -0.153604 0.988133 0.000000 -7.495029 0.000000 0.000000 1.000000 0.000000
0.987716 0.156258 0.000000 137.950937 -0.156258 0.987716 0.000000 -7.579715 0.000000 0.000000 1.000000 0.000000
0.988289 0.152596 0.000000 138.468291 -0.152596 0.988289 0.000000 -7.664000 0.000000 0.000000 1.000000 0.000000
0.987929 0.154906 0.000000 138.999670 -0.154906 0.987929 0.000000 -7.776840 0.000000 0.000000 1.000000 0.000000
0.987356 0.158516 0.000000 139.622274 -0.158516 0.987356 0.000000 -7.871271 0.000000 0.000000 1.000000 0.000000
0.987318 0.158754 0.000000 140.187072 -0.158754 0.987318 0.000000 -7.976390 0.000000 0.000000 1.000000 0.000000
0.985929 0.167165 0.000000 140.673513 -0.167165 0.985929 0.000000 -8.079212 0.000000 0.000000 1.000000 0.000000
0.986050 0.166448 0.000000 141.194443 -0.166448 0.986050 0.000000 -8.185144 0.000000 0.000000 1.000000 0.000000
0.985157 0.171658 0.000000 141.744555 -0.171658 0.985157 0.000000 -8.298527 0.000000 0.000000 1.000000 0.000000
0.984739 0.174039 0.000000 142.278111 -0.174039 0.984739 0.000000 -8.401842 0.000000 0.000000 1.000000 0.000000
0.983725 0.179678 0.000000 146.076568 -0.179678 0.983725 0.000000 -9.208110 0.000000 0.000000 1.000000 0.000000
0.983465 0.181100 0.000000 146.609944 -0.181100 0.983465 0.000000 -9.313175 0.000000 0.000000 1.000000 0.000000
0.985902 0.167324 0.000000 147.753809 -0.167324 0.985902 0.000000 -9.552231 0.000000 0.000000 1.000000 0.000000
0.984795 0.173719 0.000000 148.883170 -0.173719 0.984795 0.000000 -9.765369 0.000000 0.000000 1.000000 0.000000
0.984638 0.174605 0.000000 149.442638 -0.174605 0.984638 0.000000 -9.878003 0.000000 0.000000 1.000000 0.000000
0.984649 0.174544 0.000000 150.003704 -0.174544 0.984649 0.000000 -9.987833 0.000000 0.000000 1.000000 0.000000
0.984821 0.173575 0.000000 150.573760 -0.173575 0.984821 0.000000 -10.100231 0.000000 0.000000 1.000000 0.000000
0.984972 0.172716 0.000000 151.137755 -0.172716 0.984972 0.000000 -10.228402 0.000000 0.000000 1.000000 0.000000
0.985513 0.169602 0.000000 151.704235 -0.169602 0.985513 0.000000 -10.365128 0.000000 0.000000 1.000000 0.000000
0.984916 0.173032 0.000000 152.274890 -0.173032 0.984916 0.000000 -10.490560 0.000000 0.000000 1.000000 0.000000
0.984692 0.174306 0.000000 152.843587 -0.174306 0.984692 0.000000 -10.611235 0.000000 0.000000 1.000000 0.000000
0.985192 0.171454 0.000000 153.419532 -0.171454 0.985192 0.000000 -10.734598 0.000000 0.000000 1.000000 0.000000
0.985073 0.172135 0.000000 154.332494 -0.172135 0.985073 0.000000 -10.927750 0.000000 0.000000 1.000000 0.000000
0.984260 0.176724 0.000000 154.913645 -0.176724 0.984260 0.000000 -11.032146 0.000000 0.000000 1.000000 0.000000
0.984527 0.175233 0.000000 155.481089 -0.175233 0.984527 0.000000 -11.153539 0.000000 0.000000 1.000000 0.000000
0.984097 0.177629 0.000000 156.066714 -0.177629 0.984097 0.000000 -11.272317 0.000000 0.000000 1.000000 0.000000
0.983307 0.181957 0.000000 156.685226 -0.181957 0.983307 0.000000 -11.400208 0.000000 0.000000 1.000000 0.000000
0.983033 0.183430 0.000000 157.201592 -0.183430 0.983033 0.000000 -11.519098 0.000000 0.000000 1.000000 0.000000
0.982902 0.184131 0.000000 157.792780 -0.184131 0.982902 0.000000 -11.667449 0.000000 0.000000 1.000000 0.000000
0.982851 0.184399 0.000000 158.371917 -0.184399 0.982851 0.000000 -11.786709 0.000000 0.000000 1.000000 0.000000
0.982859 0.184358 0.000000 158.960926 -0.184358 0.982859 0.000000 -11.897357 0.000000 0.000000 1.000000 0.000000
0.982540 0.186053 0.000000 159.538900 -0.186053 0.982540 0.000000 -12.015012 0.000000 0.000000 1.000000 0.000000
0.982169 0.188002 0.000000 160.100715 -0.188002 0.982169 0.000000 -12.129611 0.000000 0.000000 1.000000 0.000000
0.982513 0.186193 0.000000 160.657359 -0.186193 0.982513 0.000000 -12.250275 0.000000 0.000000 1.000000 0.000000
0.982509 0.186217 0.000000 161.216205 -0.186217 0.982509 0.000000 -12.379672 0.000000 0.000000 1.000000 0.000000
0.982293 0.187350 0.000000 161.795239 -0.187350 0.982293 0.000000 -12.488482 0.000000 0.000000 1.000000 0.000000
0.982481 0.186362 0.000000 162.359487 -0.186362 0.982481 0.000000 -12.616716 0.000000 0.000000 1.000000 0.000000
0.981903 0.189386 0.000000 162.935269 -0.189386 0.981903 0.000000 -12.736564 0.000000 0.000000 1.000000 0.000000
0.981608 0.190906 0.000000 164.074921 -0.190906 0.981608 0.000000 -12.986992 0.000000 0.000000 1.000000 0.000000
0.981366 0.192150 0.000000 164.642164 -0.192150 0.981366 0.000000 -13.100309 0.000000 0.000000 1.000000 0.000000
0.981821 0.189807 0.000000 165.186186 -0.189807 0.981821 0.000000 -13.223458 0.000000 0.000000 1.000000 0.000000
0.980779 0.195121 0.000000 165.774145 -0.195121 0.980779 0.000000 -13.342215 0.000000 0.000000 1.000000 0.000000
0.980474 0.196649 0.000000 166.331273 -0.196649 0.980474 0.000000 -13.455164 0.000000 0.000000 1.000000 0.000000
0.980819 0.194920 0.000000 167.438974 -0.194920 0.980819 0.000000 -13.696733 0.000000 0.000000 1.000000 0.000000
0.980870 0.194664 0.000000 168.006266 -0.194664 0.980870 0.000000 -13.813492 0.000000 0.000000 1.000000 0.000000
0.980677 0.195636 0.000000 168.530699 -0.195636 0.980677 0.000000 -13.931083 0.000000 0.000000 1.000000 0.000000
0.980463 0.196703 0.000000 169.094626 -0.196703 0.980463 0.000000 -14.059986 0.000000 0.000000 1.000000 0.000000
0.980900 0.194511 0.000000 169.664076 -0.194511 0.980900 0.000000 -14.193755 0.000000 0.000000 1.000000 0.000000
0.980430 0.196870 0.000000 170.192457 -0.196870 0.980430 0.000000 -14.308354 0.000000 0.000000 1.000000 0.000000
0.979646 0.200734 0.000000 170.957594 -0.200734 0.979646 0.000000 -14.458291 0.000000 0.000000 1.000000 0.000000
0.979276 0.202532 0.000000 171.521969 -0.202532 0.979276 0.000000 -14.577597 0.000000 0.000000 1.000000 0.000000
0.978993 0.203893 0.000000 172.089954 -0.203893 0.978993 0.000000 -14.694966 0.000000 0.000000 1.000000 0.000000
0.977931 0.208928 0.000000 172.689728 -0.208928 0.977931 0.000000 -14.803991 0.000000 0.000000 1.000000 0.000000
0.978216 0.207589 0.000000 173.227722 -0.207589 0.978216 0.000000 -14.933601 0.000000 0.000000 1.000000 0.000000
0.978650 0.205534 0.000000 173.825856 -0.205534 0.978650 0.000000 -15.086154 0.000000 0.000000 1.000000 0.000000
0.977720 0.209913 0.000000 174.403567 -0.209913 0.977720 0.000000 -15.210555 0.000000 0.000000 1.000000 0.000000
0.978009 0.208564 0.000000 174.969808 -0.208564 0.978009 0.000000 -15.361282 0.000000 0.000000 1.000000 0.000000
0.976923 0.213591 0.000000 175.554638 -0.213591 0.976923 0.000000 -15.491099 0.000000 0.000000 1.000000 0.000000
0.977842 0.209345 0.000000 176.136061 -0.209345 0.977842 0.000000 -15.627211 0.000000 0.000000 1.000000 0.000000
0.977978 0.208706 0.000000 176.720045 -0.208706 0.977978 0.000000 -15.749597 0.000000 0.000000 1.000000 0.000000
0.977868 0.209224 0.000000 177.272056 -0.209224 0.977868 0.000000 -15.879924 0.000000 0.000000 1.000000 0.000000
0.978422 0.206616 0.000000 177.849441 -0.206616 0.978422 0.000000 -16.008303 0.000000 0.000000 1.000000 0.000000
0.979471 0.201587 0.000000 178.416930 -0.201587 0.979471 0.000000 -16.150685 0.000000 0.000000 1.000000 0.000000
0.979898 0.199498 0.000000 179.000745 -0.199498 0.979898 0.000000 -16.283652 0.000000 0.000000 1.000000 0.000000
0.979488 0.201502 0.000000 179.576417 -0.201502 0.979488 0.000000 -16.420884 0.000000 0.000000 1.000000 0.000000
0.979942 0.199285 0.000000 180.155108 -0.199285 0.979942 0.000000 -16.556561 0.000000 0.000000 1.000000 0.000000
0.979437 0.201749 0.000000 180.690912 -0.201749 0.979437 0.000000 -16.681358 0.000000 0.000000 1.000000 0.000000
0.979318 0.202325 0.000000 181.310701 -0.202325 0.979318 0.000000 -16.825658 0.000000 0.000000 1.000000 0.000000
0.979471 0.201585 0.000000 181.854665 -0.201585 0.979471 0.000000 -16.940642 0.000000 0.000000 1.000000 0.000000
0.979492 0.201484 0.000000 182.426290 -0.201484 0.979492 0.000000 -17.071887 0.000000 0.000000 1.000000 0.000000
0.979137 0.203201 0.000000 183.011118 -0.203201 0.979137 0.000000 -17.186801 0.000000 0.000000 1.000000 0.000000
0.978662 0.205475 0.000000 183.588857 -0.205475 0.978662 0.000000 -17.335527 0.000000 0.000000 1.000000 0.000000
0.977251 0.212088 0.000000 184.165726 -0.212088 0.977251 0.000000 -17.466246 0.000000 0.000000 1.000000 0.000000
0.977321 0.211763 0.000000 184.742074 -0.211763 0.977321 0.000000 -17.602896 0.000000 0.000000 1.000000 0.000000
0.977440 0.211212 0.000000 185.316774 -0.211212 0.977440 0.000000 -17.743951 0.000000 0.000000 1.000000 0.000000
0.977512 0.210878 0.000000 185.893890 -0.210878 0.977512 0.000000 -17.875511 0.000000 0.000000 1.000000 0.000000
0.977187 0.212382 0.000000 186.475143 -0.212382 0.977187 0.000000 -18.015226 0.000000 0.000000 1.000000 0.000000
0.976848 0.213936 0.000000 187.060053 -0.213936 0.976848 0.000000 -18.148411 0.000000 0.000000 1.000000 0.000000
0.977072 0.212907 0.000000 187.626834 -0.212907 0.977072 0.000000 -18.291860 0.000000 0.000000 1.000000 0.000000
0.977280 0.211950 0.000000 188.204493 -0.211950 0.977280 0.000000 -18.424517 0.000000 0.000000 1.000000 0.000000
0.976639 0.214887 0.000000 188.780899 -0.214887 0.976639 0.000000 -18.557569 0.000000 0.000000 1.000000 0.000000
0.976350 0.216195 0.000000 189.332838 -0.216195 0.976350 0.000000 -18.682690 0.000000 0.000000 1.000000 0.000000
0.976433 0.215822 0.000000 189.907257 -0.215822 0.976433 0.000000 -18.824993 0.000000 0.000000 1.000000 0.000000
0.975486 0.220062 0.000000 190.491978 -0.220062 0.975486 0.000000 -18.972480 0.000000 0.000000 1.000000 0.000000
0.975480 0.220090 0.000000 191.045473 -0.220090 0.975480 0.000000 -19.095450 0.000000 0.000000 1.000000 0.000000
0.976187 0.216932 0.000000 191.614199 -0.216932 0.976187 0.000000 -19.241065 0.000000 0.000000 1.000000 0.000000
0.975375 0.220554 0.000000 192.194003 -0.220554 0.975375 0.000000 -19.372294 0.000000 0.000000 1.000000 0.000000
0.976100 0.217323 0.000000 192.736346 -0.217323 0.976100 0.000000 -19.523480 0.000000 0.000000 1.000000 0.000000
0.975950 0.217993 0.000000 193.300391 -0.217993 0.975950 0.000000 -19.663885 0.000000 0.000000 1.000000 0.000000
0.975208 0.221291 0.000000 193.848436 -0.221291 0.975208 0.000000 -19.801971 0.000000 0.000000 1.000000 0.000000
0.975136 0.221607 0.000000 194.383779 -0.221607 0.975136 0.000000 -19.923548 0.000000 0.000000 1.000000 0.000000
0.974968 0.222343 0.000000 194.951583 -0.222343 0.974968 0.000000 -20.074805 0.000000 0.000000 1.000000 0.000000
0.974699 0.223522 0.000000 195.515622 -0.223522 0.974699 0.000000 -20.215501 0.000000 0.000000 1.000000 0.000000
0.974179 0.225777 0.000000 196.330576 -0.225777 0.974179 0.000000 -20.436283 0.000000 0.000000 1.000000 0.000000
0.973796 0.227425 0.000000 196.885940 -0.227425 0.973796 0.000000 -20.570903 0.000000 0.000000 1.000000 0.000000
0.973318 0.229462 0.000000 197.462057 -0.229462 0.973318 0.000000 -20.710140 0.000000 0.000000 1.000000 0.000000
0.973493 0.228716 0.000000 198.029531 -0.228716 0.973493 0.000000 -20.851038 0.000000 0.000000 1.000000 0.000000
0.973220 0.229878 0.000000 198.590774 -0.229878 0.973220 0.000000 -20.979399 0.000000 0.000000 1.000000 0.000000
0.973565 0.228410 0.000000 199.150531 -0.228410 0.973565 0.000000 -21.113538 0.000000 0.000000 1.000000 0.000000
0.974081 0.226200 0.000000 199.707296 -0.226200 0.974081 0.000000 -21.264242 0.000000 0.000000 1.000000 0.000000
0.973881 0.227061 0.000000 200.288411 -0.227061 0.973881 0.000000 -21.421855 0.000000 0.000000 1.000000 0.000000
0.973852 0.227185 0.000000 200.789248 -0.227185 0.973852 0.000000 -21.549359 0.000000 0.000000 1.000000 0.000000
0.973671 0.227959 0.000000 201.761881 -0.227959 0.973671 0.000000 -21.797132 0.000000 0.000000 1.000000 0.000000
0.973620 0.228177 0.000000 202.328953 -0.228177 0.973620 0.000000 -21.928504 0.000000 0.000000 1.000000 0.000000
0.973359 0.229285 0.000000 203.046707 -0.229285 0.973359 0.000000 -22.110188 0.000000 0.000000 1.000000 0.000000
0.972962 0.230966 0.000000 203.763234 -0.230966 0.972962 0.000000 -22.297322 0.000000 0.000000 1.000000 0.000000
0.972354 0.233511 0.000000 204.726360 -0.233511 0.972354 0.000000 -22.552469 0.000000 0.000000 1.000000 0.000000
0.972502 0.232893 0.000000 205.292793 -0.232893 0.972502 0.000000 -22.696094 0.000000 0.000000 1.000000 0.000000
0.972770 0.231772 0.000000 205.868010 -0.231772 0.972770 0.000000 -22.848481 0.000000 0.000000 1.000000 0.000000
0.972546 0.232710 0.000000 206.419880 -0.232710 0.972546 0.000000 -22.994563 0.000000 0.000000 1.000000 0.000000
0.972285 0.233801 0.000000 206.935380 -0.233801 0.972285 0.000000 -23.129399 0.000000 0.000000 1.000000 0.000000
0.973043 0.230625 0.000000 207.501906 -0.230625 0.973043 0.000000 -23.274012 0.000000 0.000000 1.000000 0.000000
0.972515 0.232840 0.000000 208.065131 -0.232840 0.972515 0.000000 -23.420254 0.000000 0.000000 1.000000 0.000000
0.972439 0.233155 0.000000 208.859532 -0.233155 0.972439 0.000000 -23.633135 0.000000 0.000000 1.000000 0.000000
0.972830 0.231522 0.000000 209.420986 -0.231522 0.972830 0.000000 -23.792398 0.000000 0.000000 1.000000 0.000000
0.972892 0.231262 0.000000 209.983246 -0.231262 0.972892 0.000000 -23.937012 0.000000 0.000000 1.000000 0.000000
0.972695 0.232086 0.000000 210.542305 -0.232086 0.972695 0.000000 -24.082755 0.000000 0.000000 1.000000 0.000000
0.973595 0.228283 0.000000 211.124937 -0.228283 0.973595 0.000000 -24.238389 0.000000 0.000000 1.000000 0.000000
0.973557 0.228444 0.000000 211.639873 -0.228444 0.973557 0.000000 -24.377135 0.000000 0.000000 1.000000 0.000000
