1.000000 -0.000745 0.000000 0.630400 0.000745 1.000000 0.000000 -0.015948 0.000000 0.000000 1.000000 0.000000
0.999991 -0.004162 0.000000 1.258889 0.004162 0.999991 0.000000 -0.031068 0.000000 0.000000 1.000000 0.000000
0.999997 0.002298 0.000000 2.517922 -0.002298 0.999997 0.000000 -0.053633 0.000000 0.000000 1.000000 0.000000
1.000000 0.000807 0.000000 3.144878 -0.000807 1.000000 0.000000 -0.068149 0.000000 0.000000 1.000000 0.000000
0.999989 -0.004787 0.000000 3.769280 0.004787 0.999989 0.000000 -0.083157 0.000000 0.000000 1.000000 0.000000
0.999991 -0.004138 0.000000 4.399036 0.004138 0.999991 0.000000 -0.089180 0.000000 0.000000 1.000000 0.000000
0.999982 -0.006077 0.000000 5.071056 0.006077 0.999982 0.000000 -0.102923 0.000000 0.000000 1.000000 0.000000
0.999985 -0.005528 0.000000 5.692711 0.005528 0.999985 0.000000 -0.124060 0.000000 0.000000 1.000000 0.000000
0.999984 -0.005628 0.000000 6.317563 0.005628 0.999984 0.000000 -0.134494 0.000000 0.000000 1.000000 0.000000
0.999987 -0.005151 0.000000 6.932918 0.005151 0.999987 0.000000 -0.136172 0.000000 0.000000 1.000000 0.000000
0.999974 -0.007221 0.000000 7.560999 0.007221 0.999974 0.000000 -0.150506 0.000000 0.000000 1.000000 0.000000
0.999958 -0.009165 0.000000 8.182216 0.009165 0.999958 0.000000 -0.154827 0.000000 0.000000 1.000000 0.000000
0.999968 -0.007953 0.000000 8.809711 0.007953 0.999968 0.000000 -0.166927 0.000000 0.000000 1.000000 0.000000
0.999959 -0.009095 0.000000 9.424193 0.009095 0.999959 0.000000 -0.187294 0.000000 0.000000 1.000000 0.000000
0.999967 -0.008086 0.000000 10.073800 0.008086 0.999967 0.000000 -0.191789 0.000000 0.000000 1.000000 0.000000
0.999959 -0.009030 0.000000 10.652410 0.009030 0.999959 0.000000 -0.200507 0.000000 0.000000 1.000000 0.000000
0.999959 -0.009029 0.000000 11.279948 0.009029 0.999959 0.000000 -0.208086 0.000000 0.000000 1.000000 0.000000
0.999966 -0.008283 0.000000 11.902302 0.008283 0.999966 0.000000 -0.221510 0.000000 0.000000 1.000000 0.000000
0.999918 -0.012845 0.000000 12.552196 0.012845 0.999918 0.000000 -0.237021 0.000000 0.000000 1.000000 0.000000
0.999902 -0.013983 0.000000 13.171177 0.013983 0.999902 0.000000 -0.241263 0.000000 0.000000 1.000000 0.000000
0.999777 -0.021117 0.000000 13.800722 0.021117 0.999777 0.000000 -0.250597 0.000000 0.000000 1.000000 0.000000
0.999772 -0.021356 0.000000 14.420241 0.021356 0.999772 0.000000 -0.248312 0.000000 0.000000 1.000000 0.000000
0.999833 -0.018283 0.000000 15.049033 0.018283 0.999833 0.000000 -0.251946 0.000000 0.000000 1.000000 0.000000
0.999786 -0.020682 0.000000 15.666183 0.020682 0.999786 0.000000 -0.251732 0.000000 0.000000 1.000000 0.000000
0.999798 -0.020123 0.000000 16.269261 0.020123 0.999798 0.000000 -0.254525 0.000000 0.000000 1.000000 0.000000
0.999781 -0.020926 0.000000 16.892662 0.020926 0.999781 0.000000 -0.260840 0.000000 0.000000 1.000000 0.000000
0.999791 -0.020441 0.000000 17.515387 0.020441 0.999791 0.000000 -0.259489 0.000000 0.000000 1.000000 0.000000
0.999817 -0.019125 0.000000 18.100979 0.019125 0.999817 0.000000 -0.256929 0.000000 0.000000 1.000000 0.000000
0.999772 -0.021356 0.000000 18.731894 0.021356 0.999772 0.000000 -0.258990 0.000000 0.000000 1.000000 0.000000
0.999728 -0.023337 0.000000 19.342224 0.023337 0.999728 0.000000 -0.256814 0.000000 0.000000 1.000000 0.000000
0.999685 -0.025110 0.000000 19.935808 0.025110 0.999685 0.000000 -0.255428 0.000000 0.000000 1.000000 0.000000
0.999673 -0.025586 0.000000 20.569500 0.025586 0.999673 0.000000 -0.257642 0.000000 0.000000 1.000000 0.000000
0.999682 -0.025205 0.000000 21.205585 0.025205 0.999682 0.000000 -0.258859 0.000000 0.000000 1.000000 0.000000
0.999693 -0.024775 0.000000 21.833348 0.024775 0.999693 0.000000 -0.256181 0.000000 0.000000 1.000000 0.000000
0.999742 -0.022697 0.000000 22.424386 0.022697 0.999742 0.000000 -0.255332 0.000000 0.000000 1.000000 0.000000
0.999839 -0.017925 0.000000 23.055079 0.017925 0.999839 0.000000 -0.258538 0.000000 0.000000 1.000000 0.000000
0.999879 -0.015555 0.000000 23.643864 0.015555 0.999879 0.000000 -0.263227 0.000000 0.000000 1.000000 0.000000
0.999905 -0.013816 0.000000 24.270695 0.013816 0.999905 0.000000 -0.271702 0.000000 0.000000 1.000000 0.000000
0.999893 -0.014596 0.000000 24.905288 0.014596 0.999893 0.000000 -0.280924 0.000000 0.000000 1.000000 0.000000
0.999887 -0.015057 0.000000 25.727990 0.015057 0.999887 0.000000 -0.291629 0.000000 0.000000 1.000000 0.000000
0.999918 -0.012807 0.000000 26.366844 0.012807 0.999918 0.000000 -0.290454 0.000000 0.000000 1.000000 0.000000
0.999934 -0.011525 0.000000 26.999956 0.011525 0.999934 0.000000 -0.289998 0.000000 0.000000 1.000000 0.000000
0.999947 -0.010318 0.000000 27.635876 0.010318 0.999947 0.000000 -0.295125 0.000000 0.000000 1.000000 0.000000
0.999965 -0.008321 0.000000 28.267217 0.008321 0.999965 0.000000 -0.297460 0.000000 0.000000 1.000000 0.000000
0.999952 -0.009773 0.000000 28.912482 0.009773 0.999952 0.000000 -0.306784 0.000000 0.000000 1.000000 0.000000
0.999982 -0.006081 0.000000 29.545363 0.006081 0.999982 0.000000 -0.307773 0.000000 0.000000 1.000000 0.000000
0.999991 -0.004202 0.000000 30.191854 0.004202 0.999991 0.000000 -0.316965 0.000000 0.000000 1.000000 0.000000
1.000000 -0.000407 0.000000 30.824413 0.000407 1.000000 0.000000 -0.325509 0.000000 0.000000 1.000000 0.000000
0.999999 -0.001309 0.000000 31.467630 0.001309 0.999999 0.000000 -0.349669 0.000000 0.000000 1.000000 0.000000
0.999995 0.003089 0.000000 32.108887 -0.003089 0.999995 0.000000 -0.360335 0.000000 0.000000 1.000000 0.000000
0.999998 0.002046 0.000000 32.752374 -0.002046 0.999998 0.000000 -0.385302 0.000000 0.000000 1.000000 0.000000
0.999993 0.003683 0.000000 33.389507 -0.003683 0.999993 0.000000 -0.403826 0.000000 0.000000 1.000000 0.000000
0.999988 0.004844 0.000000 34.010695 -0.004844 0.999988 0.000000 -0.419801 0.000000 0.000000 1.000000 0.000000
0.999992 0.003985 0.000000 34.600792 -0.003985 0.999992 0.000000 -0.445329 0.000000 0.000000 1.000000 0.000000
0.999983 0.005749 0.000000 35.236852 -0.005749 0.999983 0.000000 -0.476131 0.000000 0.000000 1.000000 0.000000
0.999952 0.009770 0.000000 35.865705 -0.009770 0.999952 0.000000 -0.493194 0.000000 0.000000 1.000000 0.000000
0.999952 0.009830 0.000000 36.509487 -0.009830 0.999952 0.000000 -0.521068 0.000000 0.000000 1.000000 0.000000
0.999958 0.009140 0.000000 37.154617 -0.009140 0.999958 0.000000 -0.546871 0.000000 0.000000 1.000000 0.000000
0.999952 0.009842 0.000000 37.789660 -0.009842 0.999952 0.000000 -0.564398 0.000000 0.000000 1.000000 0.000000
0.999946 0.010419 0.000000 38.432507 -0.010419 0.999946 0.000000 -0.585663 0.000000 0.000000 1.000000 0.000000
0.999950 0.009966 0.000000 39.068099 -0.009966 0.999950 0.000000 -0.602759 0.000000 0.000000 1.000000 0.000000
0.999944 0.010540 0.000000 39.711022 -0.010540 0.999944 0.000000 -0.614788 0.000000 0.000000 1.000000 0.000000
0.999915 0.013071 0.000000 40.352151 -0.013071 0.999915 0.000000 -0.630610 0.000000 0.000000 1.000000 0.000000
0.999908 0.013590 0.000000 41.003714 -0.013590 0.999908 0.000000 -0.653088 0.000000 0.000000 1.000000 0.000000
0.999927 0.012113 0.000000 41.614928 -0.012113 0.999927 0.000000 -0.676194 0.000000 0.000000 1.000000 0.000000
0.999908 0.013556 0.000000 42.266709 -0.013556 0.999908 0.000000 -0.691715 0.000000 0.000000 1.000000 0.000000
0.999947 0.010300 0.000000 42.920192 -0.010300 0.999947 0.000000 -0.711862 0.000000 0.000000 1.000000 0.000000
0.999914 0.013140 0.000000 43.579271 -0.013140 0.999914 0.000000 -0.729541 0.000000 0.000000 1.000000 0.000000
0.999953 0.009666 0.000000 44.240051 -0.009666 0.999953 0.000000 -0.749522 0.000000 0.000000 1.000000 0.000000
0.999971 0.007584 0.000000 44.893454 -0.007584 0.999971 0.000000 -0.770011 0.000000 0.000000 1.000000 0.000000
0.999969 0.007903 0.000000 45.510629 -0.007903 0.999969 0.000000 -0.782116 0.000000 0.000000 1.000000 0.000000
0.999960 0.008952 0.000000 46.167404 -0.008952 0.999960 0.000000 -0.795189 0.000000 0.000000 1.000000 0.000000
0.999929 0.011944 0.000000 46.823401 -0.011944 0.999929 0.000000 -0.812429 0.000000 0.000000 1.000000 0.000000
0.999910 0.013415 0.000000 47.485358 -0.013415 0.999910 0.000000 -0.833994 0.000000 0.000000 1.000000 0.000000
0.999892 0.014670 0.000000 48.145320 -0.014670 0.999892 0.000000 -0.854215 0.000000 0.000000 1.000000 0.000000
0.999951 0.009940 0.000000 48.803107 -0.009940 0.999951 0.000000 -0.876791 0.000000 0.000000 1.000000 0.000000
0.999909 0.013464 0.000000 49.834296 -0.013464 0.999909 0.000000 -0.919498 0.000000 0.000000 1.000000 0.000000
0.999923 0.012401 0.000000 50.521355 -0.012401 0.999923 0.000000 -0.940249 0.000000 0.000000 1.000000 0.000000
0.999937 0.011221 0.000000 51.158686 -0.011221 0.999937 0.000000 -0.953729 0.000000 0.000000 1.000000 0.000000
0.999944 0.010594 0.000000 51.822407 -0.010594 0.999944 0.000000 -0.969807 0.000000 0.000000 1.000000 0.000000
0.999942 0.010728 0.000000 52.479908 -0.010728 0.999942 0.000000 -0.993396 0.000000 0.000000 1.000000 0.000000
0.999937 0.011215 0.000000 53.131468 -0.011215 0.999937 0.000000 -1.014122 0.000000 0.000000 1.000000 0.000000
0.999961 0.008856 0.000000 53.784947 -0.008856 0.999961 0.000000 -1.033120 0.000000 0.000000 1.000000 0.000000
0.999960 0.008905 0.000000 54.435580 -0.008905 0.999960 0.000000 -1.055967 0.000000 0.000000 1.000000 0.000000
0.999971 0.007665 0.000000 55.775338 -0.007665 0.999971 0.000000 -1.091134 0.000000 0.000000 1.000000 0.000000
0.999980 0.006303 0.000000 56.421742 -0.006303 0.999980 0.000000 -1.104995 0.000000 0.000000 1.000000 0.000000
0.999996 0.002663 0.000000 57.060142 -0.002663 0.999996 0.000000 -1.118756 0.000000 0.000000 1.000000 0.000000
0.999998 0.001835 0.000000 57.699036 -0.001835 0.999998 0.000000 -1.137308 0.000000 0.000000 1.000000 0.000000
0.999995 0.003012 0.000000 58.330987 -0.003012 0.999995 0.000000 -1.156010 0.000000 0.000000 1.000000 0.000000
0.999991 0.004342 0.000000 59.003846 -0.004342 0.999991 0.000000 -1.180849 0.000000 0.000000 1.000000 0.000000
0.999995 0.003112 0.000000 59.636874 -0.003112 0.999995 0.000000 -1.199853 0.000000 0.000000 1.000000 0.000000
0.999988 0.004902 0.000000 60.242211 -0.004902 0.999988 0.000000 -1.211384 0.000000 0.000000 1.000000 0.000000
0.999980 0.006250 0.000000 60.877372 -0.006250 0.999980 0.000000 -1.226530 0.000000 0.000000 1.000000 0.000000
0.999974 0.007191 0.000000 61.465163 -0.007191 0.999974 0.000000 -1.244315 0.000000 0.000000 1.000000 0.000000
0.999963 0.008549 0.000000 62.096493 -0.008549 0.999963 0.000000 -1.264328 0.000000 0.000000 1.000000 0.000000
0.999960 0.008959 0.000000 62.720254 -0.008959 0.999960 0.000000 -1.286682 0.000000 0.000000 1.000000 0.000000
0.999964 0.008495 0.000000 63.303538 -0.008495 0.999964 0.000000 -1.303682 0.000000 0.000000 1.000000 0.000000
0.999965 0.008353 0.000000 63.927139 -0.008353 0.999965 0.000000 -1.320092 0.000000 0.000000 1.000000 0.000000
0.999978 0.006626 0.000000 64.543136 -0.006626 0.999978 0.000000 -1.341928 0.000000 0.000000 1.000000 0.000000
0.999974 0.007196 0.000000 65.117422 -0.007196 0.999974 0.000000 -1.361282 0.000000 0.000000 1.000000 0.000000
0.999981 0.006238 0.000000 65.732904 -0.006238 0.999981 0.000000 -1.380312 0.000000 0.000000 1.000000 0.000000
0.999978 0.006704 0.000000 66.306915 -0.006704 0.999978 0.000000 -1.393213 0.000000 0.000000 1.000000 0.000000
0.999944 0.010556 0.000000 66.924406 -0.010556 0.999944 0.000000 -1.404619 0.000000 0.000000 1.000000 0.000000
0.999941 0.010886 0.000000 67.536101 -0.010886 0.999941 0.000000 -1.426750 0.000000 0.000000 1.000000 0.000000
0.999931 0.011730 0.000000 68.379257 -0.011730 0.999931 0.000000 -1.457013 0.000000 0.000000 1.000000 0.000000
0.999922 0.012463 0.000000 68.985661 -0.012463 0.999922 0.000000 -1.479951 0.000000 0.000000 1.000000 0.000000
0.999899 0.014220 0.000000 69.596724 -0.014220 0.999899 0.000000 -1.501711 0.000000 0.000000 1.000000 0.000000
0.999947 0.010263 0.000000 70.198962 -0.010263 0.999947 0.000000 -1.517683 0.000000 0.000000 1.000000 0.000000
0.999939 0.011032 0.000000 70.796677 -0.011032 0.999939 0.000000 -1.539409 0.000000 0.000000 1.000000 0.000000
0.999971 0.007615 0.000000 71.389293 -0.007615 0.999971 0.000000 -1.553664 0.000000 0.000000 1.000000 0.000000
0.999981 0.006203 0.000000 72.023456 -0.006203 0.999981 0.000000 -1.576107 0.000000 0.000000 1.000000 0.000000
0.999980 0.006373 0.000000 72.612353 -0.006373 0.999980 0.000000 -1.590360 0.000000 0.000000 1.000000 0.000000
0.999984 0.005583 0.000000 73.208219 -0.005583 0.999984 0.000000 -1.606958 0.000000 0.000000 1.000000 0.000000
0.999958 0.009135 0.000000 74.390497 -0.009135 0.999958 0.000000 -1.650658 0.000000 0.000000 1.000000 0.000000
0.999970 0.007806 0.000000 74.978309 -0.007806 0.999970 0.000000 -1.662142 0.000000 0.000000 1.000000 0.000000
0.999954 0.009595 0.000000 75.556091 -0.009595 0.999954 0.000000 -1.671698 0.000000 0.000000 1.000000 0.000000
0.999932 0.011681 0.000000 76.137389 -0.011681 0.999932 0.000000 -1.702142 0.000000 0.000000 1.000000 0.000000
0.999931 0.011770 0.000000 76.715423 -0.011770 0.999931 0.000000 -1.730364 0.000000 0.000000 1.000000 0.000000
0.999902 0.014027 0.000000 77.291358 -0.014027 0.999902 0.000000 -1.753499 0.000000 0.000000 1.000000 0.000000
0.999908 0.013569 0.000000 77.861308 -0.013569 0.999908 0.000000 -1.785339 0.000000 0.000000 1.000000 0.000000
0.999933 0.011604 0.000000 78.430903 -0.011604 0.999933 0.000000 -1.805712 0.000000 0.000000 1.000000 0.000000
0.999941 0.010905 0.000000 78.994902 -0.010905 0.999941 0.000000 -1.834557 0.000000 0.000000 1.000000 0.000000
0.999932 0.011697 0.000000 79.555530 -0.011697 0.999932 0.000000 -1.855200 0.000000 0.000000 1.000000 0.000000
0.999931 0.011705 0.000000 80.109049 -0.011705 0.999931 0.000000 -1.876207 0.000000 0.000000 1.000000 0.000000
0.999935 0.011394 0.000000 80.662914 -0.011394 0.999935 0.000000 -1.896275 0.000000 0.000000 1.000000 0.000000
0.999932 0.011623 0.000000 81.203314 -0.011623 0.999932 0.000000 -1.916017 0.000000 0.000000 1.000000 0.000000
0.999907 0.013650 0.000000 81.718082 -0.013650 0.999907 0.000000 -1.931866 0.000000 0.000000 1.000000 0.000000
0.999882 0.015371 0.000000 82.258892 -0.015371 0.999882 0.000000 -1.945819 0.000000 0.000000 1.000000 0.000000
0.999835 0.018148 0.000000 82.782385 -0.018148 0.999835 0.000000 -1.960845 0.000000 0.000000 1.000000 0.000000
0.999776 0.021157 0.000000 83.287952 -0.021157 0.999776 0.000000 -1.974194 0.000000 0.000000 1.000000 0.000000
0.999787 0.020658 0.000000 83.823682 -0.020658 0.999787 0.000000 -2.001344 0.000000 0.000000 1.000000 0.000000
0.999792 0.020371 0.000000 84.349044 -0.020371 0.999792 0.000000 -2.028565 0.000000 0.000000 1.000000 0.000000
0.999791 0.020448 0.000000 84.843401 -0.020448 0.999791 0.000000 -2.051576 0.000000 0.000000 1.000000 0.000000
0.999773 0.021315 0.000000 85.371726 -0.021315 0.999773 0.000000 -2.080465 0.000000 0.000000 1.000000 0.000000
0.999724 0.023484 0.000000 85.884589 -0.023484 0.999724 0.000000 -2.105045 0.000000 0.000000 1.000000 0.000000
0.999749 0.022409 0.000000 86.374265 -0.022409 0.999749 0.000000 -2.127635 0.000000 0.000000 1.000000 0.000000
0.999738 0.022891 0.000000 86.895132 -0.022891 0.999738 0.000000 -2.152320 0.000000 0.000000 1.000000 0.000000
0.999711 0.024033 0.000000 87.412196 -0.024033 0.999711 0.000000 -2.167862 0.000000 0.000000 1.000000 0.000000
0.999661 0.026017 0.000000 87.898724 -0.026017 0.999661 0.000000 -2.193989 0.000000 0.000000 1.000000 0.000000
0.999644 0.026697 0.000000 88.408771 -0.026697 0.999644 0.000000 -2.224944 0.000000 0.000000 1.000000 0.000000
0.999638 0.026892 0.000000 88.888230 -0.026892 0.999638 0.000000 -2.255591 0.000000 0.000000 1.000000 0.000000
0.999574 0.029203 0.000000 89.391986 -0.029203 0.999574 0.000000 -2.283287 0.000000 0.000000 1.000000 0.000000
0.999571 0.029281 0.000000 90.051332 -0.029281 0.999571 0.000000 -2.316605 0.000000 0.000000 1.000000 0.000000
0.999585 0.028807 0.000000 90.555150 -0.028807 0.999585 0.000000 -2.343693 0.000000 0.000000 1.000000 0.000000
0.999575 0.029140 0.000000 91.063278 -0.029140 0.999575 0.000000 -2.369593 0.000000 0.000000 1.000000 0.000000
0.999548 0.030078 0.000000 91.552020 -0.030078 0.999548 0.000000 -2.398252 0.000000 0.000000 1.000000 0.000000
0.999572 0.029270 0.000000 92.043788 -0.029270 0.999572 0.000000 -2.422660 0.000000 0.000000 1.000000 0.000000
0.999618 0.027625 0.000000 92.538465 -0.027625 0.999618 0.000000 -2.464721 0.000000 0.000000 1.000000 0.000000
0.999632 0.027111 0.000000 93.025523 -0.027111 0.999632 0.000000 -2.496776 0.000000 0.000000 1.000000 0.000000
0.999472 0.032503 0.000000 93.992569 -0.032503 0.999472 0.000000 -2.554023 0.000000 0.000000 1.000000 0.000000
0.999376 0.035315 0.000000 94.476247 -0.035315 0.999376 0.000000 -2.583776 0.000000 0.000000 1.000000 0.000000
0.999303 0.037333 0.000000 94.947307 -0.037333 0.999303 0.000000 -2.608345 0.000000 0.000000 1.000000 0.000000
0.999166 0.040821 0.000000 95.414974 -0.040821 0.999166 0.000000 -2.636972 0.000000 0.000000 1.000000 0.000000
0.999126 0.041792 0.000000 95.898065 -0.041792 0.999126 0.000000 -2.668769 0.000000 0.000000 1.000000 0.000000
0.999007 0.044561 0.000000 96.361509 -0.044561 0.999007 0.000000 -2.698513 0.000000 0.000000 1.000000 0.000000
0.998949 0.045839 0.000000 96.832641 -0.045839 0.998949 0.000000 -2.739897 0.000000 0.000000 1.000000 0.000000
0.998795 0.049082 0.000000 97.299568 -0.049082 0.998795 0.000000 -2.769948 0.000000 0.000000 1.000000 0.000000
0.998523 0.054326 0.000000 97.770473 -0.054326 0.998523 0.000000 -2.800675 0.000000 0.000000 1.000000 0.000000
0.998388 0.056759 0.000000 98.231023 -0.056759 0.998388 0.000000 -2.837740 0.000000 0.000000 1.000000 0.000000
0.998249 0.059154 0.000000 98.663543 -0.059154 0.998249 0.000000 -2.878869 0.000000 0.000000 1.000000 0.000000
0.998147 0.060843 0.000000 99.110359 -0.060843 0.998147 0.000000 -2.915721 0.000000 0.000000 1.000000 0.000000
0.998076 0.062008 0.000000 99.550865 -0.062008 0.998076 0.000000 -2.955977 0.000000 0.000000 1.000000 0.000000
0.998068 0.062135 0.000000 99.995747 -0.062135 0.998068 0.000000 -3.002149 0.000000 0.000000 1.000000 0.000000
0.997866 0.065290 0.000000 100.416132 -0.065290 0.997866 0.000000 -3.042622 0.000000 0.000000 1.000000 0.000000
0.997773 0.066699 0.000000 100.842095 -0.066699 0.997773 0.000000 -3.075630 0.000000 0.000000 1.000000 0.000000
0.997329 0.073034 0.000000 101.261924 -0.073034 0.997329 0.000000 -3.120170 0.000000 0.000000 1.000000 0.000000
0.996999 0.077418 0.000000 101.671830 -0.077418 0.996999 0.000000 -3.156869 0.000000 0.000000 1.000000 0.000000
0.996999 0.077409 0.000000 102.082811 -0.077409 0.996999 0.000000 -3.191601 0.000000 0.000000 1.000000 0.000000
0.997165 0.075250 0.000000 102.491492 -0.075250 0.997165 0.000000 -3.238611 0.000000 0.000000 1.000000 0.000000
0.996958 0.077935 0.000000 102.883878 -0.077935 0.996958 0.000000 -3.273111 0.000000 0.000000 1.000000 0.000000
0.997033 0.076972 0.000000 103.278884 -0.076972 0.997033 0.000000 -3.326601 0.000000 0.000000 1.000000 0.000000
0.996573 0.082718 0.000000 103.657908 -0.082718 0.996573 0.000000 -3.356778 0.000000 0.000000 1.000000 0.000000
0.996133 0.087861 0.000000 104.058211 -0.087861 0.996133 0.000000 -3.400380 0.000000 0.000000 1.000000 0.000000
0.996262 0.086388 0.000000 104.452681 -0.086388 0.996262 0.000000 -3.453548 0.000000 0.000000 1.000000 0.000000
0.995970 0.089692 0.000000 104.828065 -0.089692 0.995970 0.000000 -3.500323 0.000000 0.000000 1.000000 0.000000
0.995618 0.093515 0.000000 105.235606 -0.093515 0.995618 0.000000 -3.552916 0.000000 0.000000 1.000000 0.000000
0.995160 0.098267 0.000000 105.635652 -0.098267 0.995160 0.000000 -3.595057 0.000000 0.000000 1.000000 0.000000
0.994673 0.103077 0.000000 106.201403 -0.103077 0.994673 0.000000 -3.660983 0.000000 0.000000 1.000000 0.000000
0.994445 0.105258 0.000000 106.610586 -0.105258 0.994445 0.000000 -3.710256 0.000000 0.000000 1.000000 0.000000
0.994228 0.107284 0.000000 107.022526 -0.107284 0.994228 0.000000 -3.768901 0.000000 0.000000 1.000000 0.000000
0.993992 0.109453 0.000000 107.446754 -0.109453 0.993992 0.000000 -3.825329 0.000000 0.000000 1.000000 0.000000
0.993721 0.111890 0.000000 107.863014 -0.111890 0.993721 0.000000 -3.889775 0.000000 0.000000 1.000000 0.000000
0.993557 0.113330 0.000000 108.284357 -0.113330 0.993557 0.000000 -3.947215 0.000000 0.000000 1.000000 0.000000
0.993592 0.113028 0.000000 108.706907 -0.113028 0.993592 0.000000 -4.009432 0.000000 0.000000 1.000000 0.000000
0.993256 0.115944 0.000000 109.128190 -0.115944 0.993256 0.000000 -4.067089 0.000000 0.000000 1.000000 0.000000
0.992136 0.125166 0.000000 109.859353 -0.125166 0.992136 0.000000 -4.176249 0.000000 0.000000 1.000000 0.000000
0.992198 0.124669 0.000000 110.285639 -0.124669 0.992198 0.000000 -4.251072 0.000000 0.000000 1.000000 0.000000
0.992295 0.123895 0.000000 110.724753 -0.123895 0.992295 0.000000 -4.320414 0.000000 0.000000 1.000000 0.000000
0.992164 0.124943 0.000000 111.163307 -0.124943 0.992164 0.000000 -4.387425 0.000000 0.000000 1.000000 0.000000
0.992292 0.123925 0.000000 111.604278 -0.123925 0.992292 0.000000 -4.447348 0.000000 0.000000 1.000000 0.000000
0.991840 0.127491 0.000000 112.040420 -0.127491 0.991840 0.000000 -4.501635 0.000000 0.000000 1.000000 0.000000
0.991831 0.127561 0.000000 112.480963 -0.127561 0.991831 0.000000 -4.562322 0.000000 0.000000 1.000000 0.000000
0.991944 0.126675 0.000000 112.925190 -0.126675 0.991944 0.000000 -4.625813 0.000000 0.000000 1.000000 0.000000
0.991965 0.126512 0.000000 113.367004 -0.126512 0.991965 0.000000 -4.687126 0.000000 0.000000 1.000000 0.000000
0.991964 0.126518 0.000000 113.809944 -0.126518 0.991964 0.000000 -4.762244 0.000000 0.000000 1.000000 0.000000
0.991445 0.130523 0.000000 114.257576 -0.130523 0.991445 0.000000 -4.824071 0.000000 0.000000 1.000000 0.000000
0.991393 0.130922 0.000000 115.087702 -0.130922 0.991393 0.000000 -4.951920 0.000000 0.000000 1.000000 0.000000
0.991435 0.130600 0.000000 115.547471 -0.130600 0.991435 0.000000 -5.023545 0.000000 0.000000 1.000000 0.000000
0.991025 0.133677 0.000000 116.009042 -0.133677 0.991025 0.000000 -5.082344 0.000000 0.000000 1.000000 0.000000
0.990971 0.134075 0.000000 116.471658 -0.134075 0.990971 0.000000 -5.174745 0.000000 0.000000 1.000000 0.000000
0.990652 0.136416 0.000000 116.928786 -0.136416 0.990652 0.000000 -5.265722 0.000000 0.000000 1.000000 0.000000
0.990447 0.137895 0.000000 117.390365 -0.137895 0.990447 0.000000 -5.341499 0.000000 0.000000 1.000000 0.000000
0.990299 0.138953 0.000000 117.858094 -0.138953 0.990299 0.000000 -5.420735 0.000000 0.000000 1.000000 0.000000
0.989714 0.143061 0.000000 118.327096 -0.143061 0.989714 0.000000 -5.497305 0.000000 0.000000 1.000000 0.000000
0.989012 0.147834 0.000000 118.826554 -0.147834 0.989012 0.000000 -5.575011 0.000000 0.000000 1.000000 0.000000
0.988407 0.151830 0.000000 119.265065 -0.151830 0.988407 0.000000 -5.651970 0.000000 0.000000 1.000000 0.000000
0.988389 0.151942 0.000000 119.765737 -0.151942 0.988389 0.000000 -5.747421 0.000000 0.000000 1.000000 0.000000
0.988098 0.153827 0.000000 120.240997 -0.153827 0.988098 0.000000 -5.831755 0.000000 0.000000 1.000000 0.000000
0.987992 0.154506 0.000000 120.719589 -0.154506 0.987992 0.000000 -5.925170 0.000000 0.000000 1.000000 0.000000
0.988484 0.151324 0.000000 121.193113 -0.151324 0.988484 0.000000 -6.024186 0.000000 0.000000 1.000000 0.000000
0.988112 0.153738 0.000000 121.668941 -0.153738 0.988112 0.000000 -6.105600 0.000000 0.000000 1.000000 0.000000
0.987879 0.155225 0.000000 122.149604 -0.155225 0.987879 0.000000 -6.201552 0.000000 0.000000 1.000000 0.000000
0.987206 0.159451 0.000000 122.626596 -0.159451 0.987206 0.000000 -6.291726 0.000000 0.000000 1.000000 0.000000
0.986078 0.166286 0.000000 123.100257 -0.166286 0.986078 0.000000 -6.376263 0.000000 0.000000 1.000000 0.000000
0.985517 0.169577 0.000000 123.551851 -0.169577 0.985517 0.000000 -6.467802 0.000000 0.000000 1.000000 0.000000
0.985297 0.170851 0.000000 124.028589 -0.170851 0.985297 0.000000 -6.556376 0.000000 0.000000 1.000000 0.000000
0.984582 0.174926 0.000000 124.510054 -0.174926 0.984582 0.000000 -6.658947 0.000000 0.000000 1.000000 0.000000
0.984280 0.176614 0.000000 125.303506 -0.176614 0.984280 0.000000 -6.822145 0.000000 0.000000 1.000000 0.000000
0.984188 0.177127 0.000000 125.794771 -0.177127 0.984188 0.000000 -6.923150 0.000000 0.000000 1.000000 0.000000
0.986086 0.166238 0.000000 126.760837 -0.166238 0.986086 0.000000 -7.146288 0.000000 0.000000 1.000000 0.000000
0.986894 0.161367 0.000000 127.252976 -0.161367 0.986894 0.000000 -7.251542 0.000000 0.000000 1.000000 0.000000
0.987563 0.157226 0.000000 127.752868 -0.157226 0.987563 0.000000 -7.355149 0.000000 0.000000 1.000000 0.000000
0.987762 0.155970 0.000000 128.246816 -0.155970 0.987762 0.000000 -7.443881 0.000000 0.000000 1.000000 0.000000
0.988245 0.152878 0.000000 128.744837 -0.152878 0.988245 0.000000 -7.543660 0.000000 0.000000 1.000000 0.000000
0.987630 0.156800 0.000000 129.243614 -0.156800 0.987630 0.000000 -7.627492 0.000000 0.000000 1.000000 0.000000
0.988714 0.149812 0.000000 129.776601 -0.149812 0.988714 0.000000 -7.717568 0.000000 0.000000 1.000000 0.000000
0.988263 0.152759 0.000000 130.267005 -0.152759 0.988263 0.000000 -7.797335 0.000000 0.000000 1.000000 0.000000
0.987915 0.154998 0.000000 130.775297 -0.154998 0.987915 0.000000 -7.885495 0.000000 0.000000 1.000000 0.000000
0.987693 0.156408 0.000000 131.293908 -0.156408 0.987693 0.000000 -7.972364 0.000000 0.000000 1.000000 0.000000
0.987667 0.156569 0.000000 131.774201 -0.156569 0.987667 0.000000 -8.056629 0.000000 0.000000 1.000000 0.000000
0.987626 0.156825 0.000000 132.287750 -0.156825 0.987626 0.000000 -8.147882 0.000000 0.000000 1.000000 0.000000
0.987694 0.156398 0.000000 132.816489 -0.156398 0.987694 0.000000 -8.246430 0.000000 0.000000 1.000000 0.000000
0.987303 0.158848 0.000000 133.305916 -0.158848 0.987303 0.000000 -8.330303 0.000000 0.000000 1.000000 0.000000
0.987916 0.154987 0.000000 133.824618 -0.154987 0.987916 0.000000 -8.422586 0.000000 0.000000 1.000000 0.000000
0.987525 0.157460 0.000000 134.359985 -0.157460 0.987525 0.000000 -8.519631 0.000000 0.000000 1.000000 0.000000
0.986909 0.161276 0.000000 134.988164 -0.161276 0.986909 0.000000 -8.627891 0.000000 0.000000 1.000000 0.000000
0.986702 0.162540 0.000000 135.557989 -0.162540 0.986702 0.000000 -8.734560 0.000000 0.000000 1.000000 0.000000
0.985219 0.171298 0.000000 136.056084 -0.171298 0.985219 0.000000 -8.825162 0.000000 0.000000 1.000000 0.000000
0.985215 0.171321 0.000000 136.594119 -0.171321 0.985215 0.000000 -8.927041 0.000000 0.000000 1.000000 0.000000
0.984108 0.177571 0.000000 137.132719 -0.177571 0.984108 0.000000 -9.032324 0.000000 0.000000 1.000000 0.000000
0.983721 0.179703 0.000000 137.669574 -0.179703 0.983721 0.000000 -9.135980 0.000000 0.000000 1.000000 0.000000
0.982774 0.184810 0.000000 141.470876 -0.184810 0.982774 0.000000 -9.959228 0.000000 0.000000 1.000000 0.000000
0.982776 0.184799 0.000000 141.986744 -0.184799 0.982776 0.000000 -10.049096 0.000000 0.000000 1.000000 0.000000
0.985357 0.170501 0.000000 143.136335 -0.170501 0.985357 0.000000 -10.309050 0.000000 0.000000 1.000000 0.000000
0.984467 0.175571 0.000000 144.258149 -0.175571 0.984467 0.000000 -10.542767 0.000000 0.000000 1.000000 0.000000
0.984366 0.176137 0.000000 144.819657 -0.176137 0.984366 0.000000 -10.664924 0.000000 0.000000 1.000000 0.000000
0.984199 0.177068 0.000000 145.385745 -0.177068 0.984199 0.000000 -10.792472 0.000000 0.000000 1.000000 0.000000
0.984219 0.176956 0.000000 145.948983 -0.176956 0.984219 0.000000 -10.917480 0.000000 0.000000 1.000000 0.000000
0.984372 0.176103 0.000000 146.512083 -0.176103 0.984372 0.000000 -11.053462 0.000000 0.000000 1.000000 0.000000
0.984936 0.172920 0.000000 147.083090 -0.172920 0.984936 0.000000 -11.175415 0.000000 0.000000 1.000000 0.000000
0.984274 0.176648 0.000000 147.655359 -0.176648 0.984274 0.000000 -11.277031 0.000000 0.000000 1.000000 0.000000
0.983945 0.178474 0.000000 148.230121 -0.178474 0.983945 0.000000 -11.381754 0.000000 0.000000 1.000000 0.000000
0.984214 0.176982 0.000000 148.793598 -0.176982 0.984214 0.000000 -11.510859 0.000000 0.000000 1.000000 0.000000
0.984004 0.178146 0.000000 149.715081 -0.178146 0.984004 0.000000 -11.714459 0.000000 0.000000 1.000000 0.000000
0.983047 0.183355 0.000000 150.282988 -0.183355 0.983047 0.000000 -11.839423 0.000000 0.000000 1.000000 0.000000
0.983099 0.183076 0.000000 150.838022 -0.183076 0.983099 0.000000 -11.979992 0.000000 0.000000 1.000000 0.000000
0.982289 0.187374 0.000000 151.412617 -0.187374 0.982289 0.000000 -12.113525 0.000000 0.000000 1.000000 0.000000
0.981242 0.192778 0.000000 152.028218 -0.192778 0.981242 0.000000 -12.255591 0.000000 0.000000 1.000000 0.000000
0.980460 0.196721 0.000000 152.549269 -0.196721 0.980460 0.000000 -12.385952 0.000000 0.000000 1.000000 0.000000
0.980191 0.198054 0.000000 153.154370 -0.198054 0.980191 0.000000 -12.524888 0.000000 0.000000 1.000000 0.000000
0.980017 0.198915 0.000000 153.716161 -0.198915 0.980017 0.000000 -12.666514 0.000000 0.000000 1.000000 0.000000
0.979906 0.199459 0.000000 154.289483 -0.199459 0.979906 0.000000 -12.794304 0.000000 0.000000 1.000000 0.000000
0.979580 0.201055 0.000000 154.862894 -0.201055 0.979580 0.000000 -12.915577 0.000000 0.000000 1.000000 0.000000
0.979146 0.203158 0.000000 155.423603 -0.203158 0.979146 0.000000 -13.043369 0.000000 0.000000 1.000000 0.000000
0.979521 0.201342 0.000000 155.979209 -0.201342 0.979521 0.000000 -13.173300 0.000000 0.000000 1.000000 0.000000
0.979564 0.201133 0.000000 156.539221 -0.201133 0.979564 0.000000 -13.305224 0.000000 0.000000 1.000000 0.000000
0.979456 0.201659 0.000000 157.100190 -0.201659 0.979456 0.000000 -13.429627 0.000000 0.000000 1.000000 0.000000
0.979638 0.200772 0.000000 157.673782 -0.200772 0.979638 0.000000 -13.560756 0.000000 0.000000 1.000000 0.000000
0.978940 0.204149 0.000000 158.234679 -0.204149 0.978940 0.000000 -13.695648 0.000000 0.000000 1.000000 0.000000
0.978347 0.206970 0.000000 159.370647 -0.206970 0.978347 0.000000 -13.959767 0.000000 0.000000 1.000000 0.000000
0.978088 0.208193 0.000000 159.938030 -0.208193 0.978088 0.000000 -14.079704 0.000000 0.000000 1.000000 0.000000
0.978586 0.205836 0.000000 160.464789 -0.205836 0.978586 0.000000 -14.208018 0.000000 0.000000 1.000000 0.000000
0.977254 0.212073 0.000000 161.044965 -0.212073 0.977254 0.000000 -14.340597 0.000000 0.000000 1.000000 0.000000
0.976690 0.214653 0.000000 161.590294 -0.214653 0.976690 0.000000 -14.468692 0.000000 0.000000 1.000000 0.000000
0.976952 0.213460 0.000000 162.683642 -0.213460 0.976952 0.000000 -14.736498 0.000000 0.000000 1.000000 0.000000
0.977118 0.212696 0.000000 163.245845 -0.212696 0.977118 0.000000 -14.860643 0.000000 0.000000 1.000000 0.000000
0.977009 0.213198 0.000000 163.775332 -0.213198 0.977009 0.000000 -14.992001 0.000000 0.000000 1.000000 0.000000
0.976903 0.213684 0.000000 164.338750 -0.213684 0.976903 0.000000 -15.122084 0.000000 0.000000 1.000000 0.000000
0.977342 0.211667 0.000000 164.903713 -0.211667 0.977342 0.000000 -15.247704 0.000000 0.000000 1.000000 0.000000
0.976832 0.214006 0.000000 165.430131 -0.214006 0.976832 0.000000 -15.365669 0.000000 0.000000 1.000000 0.000000
0.975851 0.218438 0.000000 166.190271 -0.218438 0.975851 0.000000 -15.523290 0.000000 0.000000 1.000000 0.000000
0.975429 0.220313 0.000000 166.761455 -0.220313 0.975429 0.000000 -15.655161 0.000000 0.000000 1.000000 0.000000
0.974819 0.222998 0.000000 167.331598 -0.222998 0.974819 0.000000 -15.776075 0.000000 0.000000 1.000000 0.000000
0.973265 0.229686 0.000000 167.931401 -0.229686 0.973265 0.000000 -15.904399 0.000000 0.000000 1.000000 0.000000
0.973322 0.229443 0.000000 168.460451 -0.229443 0.973322 0.000000 -16.041373 0.000000 0.000000 1.000000 0.000000
0.973773 0.227520 0.000000 169.065365 -0.227520 0.973773 0.000000 -16.193985 0.000000 0.000000 1.000000 0.000000
0.972718 0.231989 0.000000 169.638185 -0.231989 0.972718 0.000000 -16.325192 0.000000 0.000000 1.000000 0.000000
0.973034 0.230660 0.000000 170.209231 -0.230660 0.973034 0.000000 -16.472968 0.000000 0.000000 1.000000 0.000000
0.971482 0.237114 0.000000 170.790683 -0.237114 0.971482 0.000000 -16.606103 0.000000 0.000000 1.000000 0.000000
0.972524 0.232803 0.000000 171.356000 -0.232803 0.972524 0.000000 -16.757360 0.000000 0.000000 1.000000 0.000000
0.972776 0.231749 0.000000 171.925457 -0.231749 0.972776 0.000000 -16.903621 0.000000 0.000000 1.000000 0.000000
0.972768 0.231781 0.000000 172.488695 -0.231781 0.972768 0.000000 -17.057211 0.000000 0.000000 1.000000 0.000000
0.973504 0.228668 0.000000 173.063224 -0.228668 0.973504 0.000000 -17.213992 0.000000 0.000000 1.000000 0.000000
0.974952 0.222417 0.000000 173.628702 -0.222417 0.974952 0.000000 -17.372887 0.000000 0.000000 1.000000 0.000000
0.975605 0.219532 0.000000 174.201249 -0.219532 0.975605 0.000000 -17.519200 0.000000 0.000000 1.000000 0.000000
0.975339 0.220712 0.000000 174.777827 -0.220712 0.975339 0.000000 -17.657568 0.000000 0.000000 1.000000 0.000000
0.975839 0.218493 0.000000 175.351527 -0.218493 0.975839 0.000000 -17.805539 0.000000 0.000000 1.000000 0.000000
0.975252 0.221098 0.000000 175.889121 -0.221098 0.975252 0.000000 -17.929288 0.000000 0.000000 1.000000 0.000000
0.975002 0.222194 0.000000 176.499680 -0.222194 0.975002 0.000000 -18.078261 0.000000 0.000000 1.000000 0.000000
0.975022 0.222108 0.000000 177.031347 -0.222108 0.975022 0.000000 -18.196483 0.000000 0.000000 1.000000 0.000000
0.974886 0.222705 0.000000 177.599786 -0.222705 0.974886 0.000000 -18.345524 0.000000 0.000000 1.000000 0.000000
0.974353 0.225023 0.000000 178.165758 -0.225023 0.974353 0.000000 -18.481763 0.000000 0.000000 1.000000 0.000000
0.973507 0.228659 0.000000 178.738923 -0.228659 0.973507 0.000000 -18.633530 0.000000 0.000000 1.000000 0.000000
0.971514 0.236981 0.000000 179.314469 -0.236981 0.971514 0.000000 -18.784714 0.000000 0.000000 1.000000 0.000000
0.971191 0.238301 0.000000 179.884010 -0.238301 0.971191 0.000000 -18.936453 0.000000 0.000000 1.000000 0.000000
0.971143 0.238498 0.000000 180.459952 -0.238498 0.971143 0.000000 -19.089040 0.000000 0.000000 1.000000 0.000000
0.971169 0.238393 0.000000 181.032774 -0.238393 0.971169 0.000000 -19.236379 0.000000 0.000000 1.000000 0.000000
0.970765 0.240033 0.000000 181.608829 -0.240033 0.970765 0.000000 -19.387477 0.000000 0.000000 1.000000 0.000000
0.970271 0.242021 0.000000 182.196443 -0.242021 0.970271 0.000000 -19.534040 0.000000 0.000000 1.000000 0.000000
0.970671 0.240412 0.000000 182.765104 -0.240412 0.970671 0.000000 -19.696313 0.000000 0.000000 1.000000 0.000000
0.970907 0.239456 0.000000 183.337299 -0.239456 0.970907 0.000000 -19.856175 0.000000 0.000000 1.000000 0.000000
0.970277 0.241998 0.000000 183.904594 -0.241998 0.970277 0.000000 -20.009618 0.000000 0.000000 1.000000 0.000000
0.970024 0.243008 0.000000 184.448626 -0.243008 0.970024 0.000000 -20.151752 0.000000 0.000000 1.000000 0.000000
0.970159 0.242468 0.000000 185.022338 -0.242468 0.970159 0.000000 -20.310198 0.000000 0.000000 1.000000 0.000000
0.968969 0.247183 0.000000 185.600543 -0.247183 0.968969 0.000000 -20.473365 0.000000 0.000000 1.000000 0.000000
0.968897 0.247464 0.000000 186.151252 -0.247464 0.968897 0.000000 -20.624034 0.000000 0.000000 1.000000 0.000000
0.969523 0.244998 0.000000 186.710791 -0.244998 0.969523 0.000000 -20.787966 0.000000 0.000000 1.000000 0.000000
0.968596 0.248641 0.000000 187.281026 -0.248641 0.968596 0.000000 -20.946417 0.000000 0.000000 1.000000 0.000000
0.969442 0.245320 0.000000 187.816561 -0.245320 0.969442 0.000000 -21.105229 0.000000 0.000000 1.000000 0.000000
0.969317 0.245815 0.000000 188.379678 -0.245815 0.969317 0.000000 -21.257114 0.000000 0.000000 1.000000 0.000000
0.968475 0.249112 0.000000 188.941501 -0.249112 0.968475 0.000000 -21.417363 0.000000 0.000000 1.000000 0.000000
0.968308 0.249761 0.000000 189.473651 -0.249761 0.968308 0.000000 -21.560333 0.000000 0.000000 1.000000 0.000000
0.968007 0.250922 0.000000 190.043485 -0.250922 0.968007 0.000000 -21.723167 0.000000 0.000000 1.000000 0.000000
0.967518 0.252802 0.000000 190.606177 -0.252802 0.967518 0.000000 -21.886354 0.000000 0.000000 1.000000 0.000000
0.966779 0.255615 0.000000 191.419334 -0.255615 0.966779 0.000000 -22.137464 0.000000 0.000000 1.000000 0.000000
0.966072 0.258271 0.000000 191.980740 -0.258271 0.966072 0.000000 -22.299283 0.000000 0.000000 1.000000 0.000000
0.965255 0.261311 0.000000 192.546926 -0.261311 0.965255 0.000000 -22.460039 0.000000 0.000000 1.000000 0.000000
0.965410 0.260737 0.000000 193.109071 -0.260737 0.965410 0.000000 -22.616394 0.000000 0.000000 1.000000 0.000000
0.965075 0.261975 0.000000 193.667695 -0.261975 0.965075 0.000000 -22.770359 0.000000 0.000000 1.000000 0.000000
0.965583 0.260096 0.000000 194.225479 -0.260096 0.965583 0.000000 -22.932304 0.000000 0.000000 1.000000 0.000000
0.966511 0.256627 0.000000 194.778389 -0.256627 0.966511 0.000000 -23.098956 0.000000 0.000000 1.000000 0.000000
0.966462 0.256809 0.000000 195.358253 -0.256809 0.966462 0.000000 -23.264444 0.000000 0.000000 1.000000 0.000000
0.966650 0.256100 0.000000 195.859917 -0.256100 0.966650 0.000000 -23.406551 0.000000 0.000000 1.000000 0.000000
0.966343 0.257256 0.000000 196.832622 -0.257256 0.966343 0.000000 -23.684066 0.000000 0.000000 1.000000 0.000000
0.966316 0.257357 0.000000 197.395635 -0.257357 0.966316 0.000000 -23.833839 0.000000 0.000000 1.000000 0.000000
0.965924 0.258826 0.000000 198.105475 -0.258826 0.965924 0.000000 -24.032230 0.000000 0.000000 1.000000 0.000000
0.965440 0.260625 0.000000 198.814489 -0.260625 0.965440 0.000000 -24.242918 0.000000 0.000000 1.000000 0.000000
0.964696 0.263367 0.000000 199.767856 -0.263367 0.964696 0.000000 -24.525092 0.000000 0.000000 1.000000 0.000000
0.964702 0.263345 0.000000 200.321179 -0.263345 0.964702 0.000000 -24.691425 0.000000 0.000000 1.000000 0.000000
0.964908 0.262588 0.000000 200.887366 -0.262588 0.964908 0.000000 -24.859923 0.000000 0.000000 1.000000 0.000000
0.964794 0.263007 0.000000 201.440253 -0.263007 0.964794 0.000000 -25.019393 0.000000 0.000000 1.000000 0.000000
0.964610 0.263682 0.000000 201.959447 -0.263682 0.964610 0.000000 -25.170163 0.000000 0.000000 1.000000 0.000000
0.965633 0.259908 0.000000 202.518725 -0.259908 0.965633 0.000000 -25.338340 0.000000 0.000000 1.000000 0.000000
0.965043 0.262093 0.000000 203.076490 -0.262093 0.965043 0.000000 -25.501760 0.000000 0.000000 1.000000 0.000000
0.964939 0.262476 0.000000 203.862857 -0.262476 0.964939 0.000000 -25.741027 0.000000 0.000000 1.000000 0.000000
0.965367 0.260895 0.000000 204.424443 -0.260895 0.965367 0.000000 -25.908831 0.000000 0.000000 1.000000 0.000000
0.965513 0.260355 0.000000 204.988255 -0.260355 0.965513 0.000000 -26.064244 0.000000 0.000000 1.000000 0.000000
0.965428 0.260670 0.000000 205.544866 -0.260670 0.965428 0.000000 -26.229684 0.000000 0.000000 1.000000 0.000000
0.966536 0.256529 0.000000 206.135599 -0.256529 0.966536 0.000000 -26.401963 0.000000 0.000000 1.000000 0.000000
0.966631 0.256173 0.000000 206.651856 -0.256173 0.966631 0.000000 -26.549048 0.000000 0.000000 1.000000 0.000000
0.966572 0.256394 0.000000 207.236791 -0.256394 0.966572 0.000000 -26.718781 0.000000 0.000000 1.000000 0.000000
0.967129 0.254288 0.000000 207.754894 -0.254288 0.967129 0.000000 -26.872799 0.000000 0.000000 1.000000 0.000000
0.967178 0.254099 0.000000 208.339040 -0.254099 0.967178 0.000000 -27.047280 0.000000 0.000000 1.000000 0.000000
0.967562 0.252633 0.000000 208.894695 -0.252633 0.967562 0.000000 -27.209330 0.000000 0.000000 1.000000 0.000000
0.967292 0.253666 0.000000 209.446522 -0.253666 0.967292 0.000000 -27.353982 0.000000 0.000000 1.000000 0.000000
0.967685 0.252162 0.000000 210.001515 -0.252162 0.967685 0.000000 -27.511585 0.000000 0.000000 1.000000 0.000000
0.967471 0.252981 0.000000 210.550027 -0.252981 0.967471 0.000000 -27.662935 0.000000 0.000000 1.000000 0.000000
