0.999997 0.002496 0.000000 0.828548 -0.002496 0.999997 0.000000 -0.023744 0.000000 0.000000 1.000000 0.000000
0.999999 0.001356 0.000000 1.421368 -0.001356 0.999999 0.000000 -0.033138 0.000000 0.000000 1.000000 0.000000
0.999995 0.003114 0.000000 2.049331 -0.003114 0.999995 0.000000 -0.037755 0.000000 0.000000 1.000000 0.000000
1.000000 0.000663 0.000000 2.984094 -0.000663 1.000000 0.000000 -0.066932 0.000000 0.000000 1.000000 0.000000
0.999996 -0.002753 0.000000 3.605686 0.002753 0.999996 0.000000 -0.095164 0.000000 0.000000 1.000000 0.000000
0.999994 -0.003419 0.000000 4.248348 0.003419 0.999994 0.000000 -0.110086 0.000000 0.000000 1.000000 0.000000
0.999977 -0.006764 0.000000 4.879348 0.006764 0.999977 0.000000 -0.128067 0.000000 0.000000 1.000000 0.000000
1.000000 0.000297 0.000000 6.141879 -0.000297 1.000000 0.000000 -0.153663 0.000000 0.000000 1.000000 0.000000
1.000000 -0.000785 0.000000 6.767001 0.000785 1.000000 0.000000 -0.165115 0.000000 0.000000 1.000000 0.000000
0.999980 -0.006260 0.000000 7.394090 0.006260 0.999980 0.000000 -0.173888 0.000000 0.000000 1.000000 0.000000
0.999984 -0.005740 0.000000 8.019724 0.005740 0.999984 0.000000 -0.179100 0.000000 0.000000 1.000000 0.000000
0.999970 -0.007779 0.000000 8.689690 0.007779 0.999970 0.000000 -0.191270 0.000000 0.000000 1.000000 0.000000
0.999975 -0.007132 0.000000 9.308575 0.007132 0.999975 0.000000 -0.203745 0.000000 0.000000 1.000000 0.000000
0.999973 -0.007316 0.000000 9.927280 0.007316 0.999973 0.000000 -0.213355 0.000000 0.000000 1.000000 0.000000
0.999976 -0.006978 0.000000 10.547388 0.006978 0.999976 0.000000 -0.221935 0.000000 0.000000 1.000000 0.000000
0.999958 -0.009190 0.000000 11.169707 0.009190 0.999958 0.000000 -0.232330 0.000000 0.000000 1.000000 0.000000
0.999941 -0.010896 0.000000 11.791447 0.010896 0.999941 0.000000 -0.242745 0.000000 0.000000 1.000000 0.000000
0.999952 -0.009760 0.000000 12.415690 0.009760 0.999952 0.000000 -0.247643 0.000000 0.000000 1.000000 0.000000
0.999941 -0.010883 0.000000 13.023286 0.010883 0.999941 0.000000 -0.261556 0.000000 0.000000 1.000000 0.000000
0.999951 -0.009897 0.000000 13.668459 0.009897 0.999951 0.000000 -0.261743 0.000000 0.000000 1.000000 0.000000
0.999939 -0.011065 0.000000 14.253451 0.011065 0.999939 0.000000 -0.274563 0.000000 0.000000 1.000000 0.000000
0.999936 -0.011313 0.000000 14.874703 0.011313 0.999936 0.000000 -0.281558 0.000000 0.000000 1.000000 0.000000
0.999941 -0.010818 0.000000 15.491088 0.010818 0.999941 0.000000 -0.297457 0.000000 0.000000 1.000000 0.000000
0.999879 -0.015535 0.000000 16.142431 0.015535 0.999879 0.000000 -0.309261 0.000000 0.000000 1.000000 0.000000
0.999866 -0.016362 0.000000 16.764171 0.016362 0.999866 0.000000 -0.301689 0.000000 0.000000 1.000000 0.000000
0.999734 -0.023071 0.000000 17.393249 0.023071 0.999734 0.000000 -0.305644 0.000000 0.000000 1.000000 0.000000
0.999740 -0.022796 0.000000 18.012716 0.022796 0.999740 0.000000 -0.293807 0.000000 0.000000 1.000000 0.000000
0.999812 -0.019408 0.000000 18.635931 0.019408 0.999812 0.000000 -0.290465 0.000000 0.000000 1.000000 0.000000
0.999761 -0.021855 0.000000 19.245961 0.021855 0.999761 0.000000 -0.284907 0.000000 0.000000 1.000000 0.000000
0.999773 -0.021316 0.000000 19.848273 0.021316 0.999773 0.000000 -0.278340 0.000000 0.000000 1.000000 0.000000
0.999751 -0.022305 0.000000 20.484046 0.022305 0.999751 0.000000 -0.282782 0.000000 0.000000 1.000000 0.000000
0.999752 -0.022268 0.000000 21.115614 0.022268 0.999752 0.000000 -0.279497 0.000000 0.000000 1.000000 0.000000
0.999774 -0.021246 0.000000 21.700748 0.021246 0.999774 0.000000 -0.272119 0.000000 0.000000 1.000000 0.000000
0.999721 -0.023631 0.000000 22.336085 0.023631 0.999721 0.000000 -0.282616 0.000000 0.000000 1.000000 0.000000
0.999672 -0.025610 0.000000 22.939989 0.025610 0.999672 0.000000 -0.283054 0.000000 0.000000 1.000000 0.000000
0.999630 -0.027213 0.000000 23.526739 0.027213 0.999630 0.000000 -0.288009 0.000000 0.000000 1.000000 0.000000
0.999624 -0.027412 0.000000 24.149642 0.027412 0.999624 0.000000 -0.290844 0.000000 0.000000 1.000000 0.000000
0.999641 -0.026782 0.000000 24.781522 0.026782 0.999641 0.000000 -0.291036 0.000000 0.000000 1.000000 0.000000
0.999661 -0.026030 0.000000 25.400005 0.026030 0.999661 0.000000 -0.290873 0.000000 0.000000 1.000000 0.000000
0.999707 -0.024213 0.000000 25.991950 0.024213 0.999707 0.000000 -0.290817 0.000000 0.000000 1.000000 0.000000
0.999798 -0.020080 0.000000 26.620262 0.020080 0.999798 0.000000 -0.289231 0.000000 0.000000 1.000000 0.000000
0.999831 -0.018367 0.000000 27.204064 0.018367 0.999831 0.000000 -0.295931 0.000000 0.000000 1.000000 0.000000
0.999848 -0.017431 0.000000 27.831718 0.017431 0.999848 0.000000 -0.296824 0.000000 0.000000 1.000000 0.000000
0.999825 -0.018681 0.000000 28.470559 0.018681 0.999825 0.000000 -0.299593 0.000000 0.000000 1.000000 0.000000
0.999801 -0.019924 0.000000 29.302073 0.019924 0.999801 0.000000 -0.305559 0.000000 0.000000 1.000000 0.000000
0.999845 -0.017631 0.000000 29.942756 0.017631 0.999845 0.000000 -0.305419 0.000000 0.000000 1.000000 0.000000
0.999866 -0.016399 0.000000 30.583359 0.016399 0.999866 0.000000 -0.300712 0.000000 0.000000 1.000000 0.000000
0.999887 -0.015048 0.000000 31.210528 0.015048 0.999887 0.000000 -0.296669 0.000000 0.000000 1.000000 0.000000
0.999914 -0.013083 0.000000 31.844843 0.013083 0.999914 0.000000 -0.300383 0.000000 0.000000 1.000000 0.000000
0.999895 -0.014477 0.000000 32.491938 0.014477 0.999895 0.000000 -0.313404 0.000000 0.000000 1.000000 0.000000
0.999939 -0.011013 0.000000 33.125202 0.011013 0.999939 0.000000 -0.318420 0.000000 0.000000 1.000000 0.000000
0.999957 -0.009312 0.000000 33.766629 0.009312 0.999957 0.000000 -0.324772 0.000000 0.000000 1.000000 0.000000
0.999984 -0.005643 0.000000 34.401758 0.005643 0.999984 0.000000 -0.332042 0.000000 0.000000 1.000000 0.000000
0.999976 -0.006880 0.000000 35.038605 0.006880 0.999976 0.000000 -0.350288 0.000000 0.000000 1.000000 0.000000
0.999996 -0.002841 0.000000 35.680914 0.002841 0.999996 0.000000 -0.358803 0.000000 0.000000 1.000000 0.000000
0.999992 -0.004049 0.000000 36.326459 0.004049 0.999992 0.000000 -0.376799 0.000000 0.000000 1.000000 0.000000
0.999997 -0.002638 0.000000 36.971561 0.002638 0.999997 0.000000 -0.379192 0.000000 0.000000 1.000000 0.000000
0.999999 -0.001251 0.000000 37.612801 0.001251 0.999999 0.000000 -0.387902 0.000000 0.000000 1.000000 0.000000
0.999997 -0.002268 0.000000 38.202835 0.002268 0.999997 0.000000 -0.399433 0.000000 0.000000 1.000000 0.000000
1.000000 -0.000540 0.000000 38.854339 0.000540 1.000000 0.000000 -0.421064 0.000000 0.000000 1.000000 0.000000
0.999994 0.003549 0.000000 39.486578 -0.003549 0.999994 0.000000 -0.436959 0.000000 0.000000 1.000000 0.000000
0.999994 0.003488 0.000000 40.133462 -0.003488 0.999994 0.000000 -0.459825 0.000000 0.000000 1.000000 0.000000
0.999996 0.002764 0.000000 40.772261 -0.002764 0.999996 0.000000 -0.480640 0.000000 0.000000 1.000000 0.000000
0.999995 0.003203 0.000000 41.406280 -0.003203 0.999995 0.000000 -0.491673 0.000000 0.000000 1.000000 0.000000
0.999993 0.003831 0.000000 42.048450 -0.003831 0.999993 0.000000 -0.506122 0.000000 0.000000 1.000000 0.000000
0.999993 0.003733 0.000000 42.690907 -0.003733 0.999993 0.000000 -0.518432 0.000000 0.000000 1.000000 0.000000
0.999990 0.004533 0.000000 43.342581 -0.004533 0.999990 0.000000 -0.529656 0.000000 0.000000 1.000000 0.000000
0.999975 0.007050 0.000000 43.980850 -0.007050 0.999975 0.000000 -0.542563 0.000000 0.000000 1.000000 0.000000
0.999970 0.007789 0.000000 44.629882 -0.007789 0.999970 0.000000 -0.561908 0.000000 0.000000 1.000000 0.000000
0.999980 0.006315 0.000000 45.246277 -0.006315 0.999980 0.000000 -0.580006 0.000000 0.000000 1.000000 0.000000
0.999971 0.007626 0.000000 45.894953 -0.007626 0.999971 0.000000 -0.591228 0.000000 0.000000 1.000000 0.000000
0.999991 0.004302 0.000000 46.542201 -0.004302 0.999991 0.000000 -0.614807 0.000000 0.000000 1.000000 0.000000
0.999974 0.007211 0.000000 47.197061 -0.007211 0.999974 0.000000 -0.626619 0.000000 0.000000 1.000000 0.000000
0.999993 0.003802 0.000000 47.860181 -0.003802 0.999993 0.000000 -0.643734 0.000000 0.000000 1.000000 0.000000
0.999998 0.002079 0.000000 48.500843 -0.002079 0.999998 0.000000 -0.661055 0.000000 0.000000 1.000000 0.000000
0.999996 0.002662 0.000000 49.122500 -0.002662 0.999996 0.000000 -0.678913 0.000000 0.000000 1.000000 0.000000
0.999993 0.003677 0.000000 49.777900 -0.003677 0.999993 0.000000 -0.695017 0.000000 0.000000 1.000000 0.000000
0.999979 0.006525 0.000000 50.442301 -0.006525 0.999979 0.000000 -0.709520 0.000000 0.000000 1.000000 0.000000
0.999974 0.007241 0.000000 51.106963 -0.007241 0.999974 0.000000 -0.728415 0.000000 0.000000 1.000000 0.000000
0.999968 0.007954 0.000000 51.769823 -0.007954 0.999968 0.000000 -0.744410 0.000000 0.000000 1.000000 0.000000
0.999997 0.002503 0.000000 52.429595 -0.002503 0.999997 0.000000 -0.757327 0.000000 0.000000 1.000000 0.000000
0.999983 0.005801 0.000000 53.461102 -0.005801 0.999983 0.000000 -0.790790 0.000000 0.000000 1.000000 0.000000
0.999989 0.004722 0.000000 54.145714 -0.004722 0.999989 0.000000 -0.803633 0.000000 0.000000 1.000000 0.000000
0.999992 0.003994 0.000000 54.781582 -0.003994 0.999992 0.000000 -0.820615 0.000000 0.000000 1.000000 0.000000
0.999993 0.003806 0.000000 55.439825 -0.003806 0.999993 0.000000 -0.837877 0.000000 0.000000 1.000000 0.000000
0.999991 0.004142 0.000000 56.097751 -0.004142 0.999991 0.000000 -0.857506 0.000000 0.000000 1.000000 0.000000
0.999988 0.004823 0.000000 56.745698 -0.004823 0.999988 0.000000 -0.876072 0.000000 0.000000 1.000000 0.000000
0.999997 0.002545 0.000000 57.406163 -0.002545 0.999997 0.000000 -0.893597 0.000000 0.000000 1.000000 0.000000
0.999997 0.002528 0.000000 58.055072 -0.002528 0.999997 0.000000 -0.913348 0.000000 0.000000 1.000000 0.000000
0.999999 0.001138 0.000000 59.399567 -0.001138 0.999999 0.000000 -0.935175 0.000000 0.000000 1.000000 0.000000
1.000000 0.000361 0.000000 60.043994 -0.000361 1.000000 0.000000 -0.945027 0.000000 0.000000 1.000000 0.000000
0.999997 -0.002583 0.000000 60.694310 0.002583 0.999997 0.000000 -0.952614 0.000000 0.000000 1.000000 0.000000
0.999996 -0.002847 0.000000 61.328800 0.002847 0.999996 0.000000 -0.967037 0.000000 0.000000 1.000000 0.000000
1.000000 -0.000967 0.000000 61.966214 0.000967 1.000000 0.000000 -0.979943 0.000000 0.000000 1.000000 0.000000
1.000000 0.000885 0.000000 62.633117 -0.000885 1.000000 0.000000 -0.993640 0.000000 0.000000 1.000000 0.000000
1.000000 -0.000092 0.000000 63.257501 0.000092 1.000000 0.000000 -1.013074 0.000000 0.000000 1.000000 0.000000
0.999999 0.001413 0.000000 63.859319 -0.001413 0.999999 0.000000 -1.020893 0.000000 0.000000 1.000000 0.000000
0.999997 0.002393 0.000000 64.491706 -0.002393 0.999997 0.000000 -1.030209 0.000000 0.000000 1.000000 0.000000
0.999996 0.002899 0.000000 65.081966 -0.002899 0.999996 0.000000 -1.039237 0.000000 0.000000 1.000000 0.000000
0.999993 0.003825 0.000000 65.707201 -0.003825 0.999993 0.000000 -1.060774 0.000000 0.000000 1.000000 0.000000
0.999993 0.003737 0.000000 66.329531 -0.003737 0.999993 0.000000 -1.075055 0.000000 0.000000 1.000000 0.000000
0.999995 0.003014 0.000000 66.909841 -0.003014 0.999995 0.000000 -1.091581 0.000000 0.000000 1.000000 0.000000
0.999996 0.002757 0.000000 67.531012 -0.002757 0.999996 0.000000 -1.107134 0.000000 0.000000 1.000000 0.000000
0.999999 0.001075 0.000000 68.152601 -0.001075 0.999999 0.000000 -1.127517 0.000000 0.000000 1.000000 0.000000
0.999999 0.001695 0.000000 68.720339 -0.001695 0.999999 0.000000 -1.146386 0.000000 0.000000 1.000000 0.000000
1.000000 0.000978 0.000000 69.331335 -0.000978 1.000000 0.000000 -1.164508 0.000000 0.000000 1.000000 0.000000
0.999999 0.001422 0.000000 69.905662 -0.001422 0.999999 0.000000 -1.172561 0.000000 0.000000 1.000000 0.000000
0.999986 0.005219 0.000000 70.525973 -0.005219 0.999986 0.000000 -1.178408 0.000000 0.000000 1.000000 0.000000
0.999987 0.005124 0.000000 71.137342 -0.005124 0.999987 0.000000 -1.193372 0.000000 0.000000 1.000000 0.000000
0.999985 0.005399 0.000000 71.976119 -0.005399 0.999985 0.000000 -1.212551 0.000000 0.000000 1.000000 0.000000
0.999984 0.005591 0.000000 72.586589 -0.005591 0.999984 0.000000 -1.229693 0.000000 0.000000 1.000000 0.000000
0.999977 0.006788 0.000000 73.191215 -0.006788 0.999977 0.000000 -1.250239 0.000000 0.000000 1.000000 0.000000
0.999996 0.002673 0.000000 73.792620 -0.002673 0.999996 0.000000 -1.267175 0.000000 0.000000 1.000000 0.000000
0.999994 0.003466 0.000000 74.388602 -0.003466 0.999994 0.000000 -1.277980 0.000000 0.000000 1.000000 0.000000
1.000000 0.000398 0.000000 74.978760 -0.000398 1.000000 0.000000 -1.290949 0.000000 0.000000 1.000000 0.000000
1.000000 -0.000405 0.000000 75.608135 0.000405 1.000000 0.000000 -1.301107 0.000000 0.000000 1.000000 0.000000
1.000000 0.000117 0.000000 76.200312 -0.000117 1.000000 0.000000 -1.310661 0.000000 0.000000 1.000000 0.000000
1.000000 -0.000426 0.000000 76.804522 0.000426 1.000000 0.000000 -1.328956 0.000000 0.000000 1.000000 0.000000
0.999994 0.003449 0.000000 77.988807 -0.003449 0.999994 0.000000 -1.363873 0.000000 0.000000 1.000000 0.000000
0.999998 0.001991 0.000000 78.568614 -0.001991 0.999998 0.000000 -1.381123 0.000000 0.000000 1.000000 0.000000
0.999995 0.003300 0.000000 79.147323 -0.003300 0.999995 0.000000 -1.405811 0.000000 0.000000 1.000000 0.000000
0.999987 0.005073 0.000000 79.723341 -0.005073 0.999987 0.000000 -1.424069 0.000000 0.000000 1.000000 0.000000
0.999989 0.004662 0.000000 80.302519 -0.004662 0.999989 0.000000 -1.438528 0.000000 0.000000 1.000000 0.000000
0.999978 0.006669 0.000000 80.876938 -0.006669 0.999978 0.000000 -1.448241 0.000000 0.000000 1.000000 0.000000
0.999983 0.005874 0.000000 81.448886 -0.005874 0.999983 0.000000 -1.475246 0.000000 0.000000 1.000000 0.000000
0.999993 0.003789 0.000000 82.018524 -0.003789 0.999993 0.000000 -1.484132 0.000000 0.000000 1.000000 0.000000
0.999994 0.003425 0.000000 82.590151 -0.003425 0.999994 0.000000 -1.498758 0.000000 0.000000 1.000000 0.000000
0.999990 0.004575 0.000000 83.141666 -0.004575 0.999990 0.000000 -1.510874 0.000000 0.000000 1.000000 0.000000
0.999987 0.005075 0.000000 83.698507 -0.005075 0.999987 0.000000 -1.529118 0.000000 0.000000 1.000000 0.000000
0.999986 0.005241 0.000000 84.242885 -0.005241 0.999986 0.000000 -1.540228 0.000000 0.000000 1.000000 0.000000
0.999983 0.005855 0.000000 84.780840 -0.005855 0.999983 0.000000 -1.557827 0.000000 0.000000 1.000000 0.000000
0.999970 0.007725 0.000000 85.294877 -0.007725 0.999970 0.000000 -1.578085 0.000000 0.000000 1.000000 0.000000
0.999957 0.009306 0.000000 85.839169 -0.009306 0.999957 0.000000 -1.595234 0.000000 0.000000 1.000000 0.000000
0.999930 0.011854 0.000000 86.366751 -0.011854 0.999930 0.000000 -1.612882 0.000000 0.000000 1.000000 0.000000
0.999896 0.014392 0.000000 86.871243 -0.014392 0.999896 0.000000 -1.626041 0.000000 0.000000 1.000000 0.000000
0.999909 0.013472 0.000000 87.414348 -0.013472 0.999909 0.000000 -1.640715 0.000000 0.000000 1.000000 0.000000
0.999915 0.013011 0.000000 87.931892 -0.013011 0.999915 0.000000 -1.664688 0.000000 0.000000 1.000000 0.000000
0.999915 0.013027 0.000000 88.429243 -0.013027 0.999915 0.000000 -1.680297 0.000000 0.000000 1.000000 0.000000
0.999905 0.013767 0.000000 88.962451 -0.013767 0.999905 0.000000 -1.697141 0.000000 0.000000 1.000000 0.000000
0.999869 0.016208 0.000000 89.479487 -0.016208 0.999869 0.000000 -1.707508 0.000000 0.000000 1.000000 0.000000
0.999879 0.015536 0.000000 89.962271 -0.015536 0.999879 0.000000 -1.732507 0.000000 0.000000 1.000000 0.000000
0.999868 0.016241 0.000000 90.477623 -0.016241 0.999868 0.000000 -1.755949 0.000000 0.000000 1.000000 0.000000
0.999847 0.017478 0.000000 90.996271 -0.017478 0.999847 0.000000 -1.775651 0.000000 0.000000 1.000000 0.000000
0.999803 0.019834 0.000000 91.480425 -0.019834 0.999803 0.000000 -1.800675 0.000000 0.000000 1.000000 0.000000
0.999791 0.020458 0.000000 91.984049 -0.020458 0.999791 0.000000 -1.831751 0.000000 0.000000 1.000000 0.000000
0.999788 0.020596 0.000000 92.463917 -0.020596 0.999788 0.000000 -1.864441 0.000000 0.000000 1.000000 0.000000
0.999745 0.022583 0.000000 92.979878 -0.022583 0.999745 0.000000 -1.887772 0.000000 0.000000 1.000000 0.000000
0.999744 0.022626 0.000000 93.641163 -0.022626 0.999744 0.000000 -1.911241 0.000000 0.000000 1.000000 0.000000
0.999755 0.022124 0.000000 94.142666 -0.022124 0.999755 0.000000 -1.916688 0.000000 0.000000 1.000000 0.000000
0.999747 0.022503 0.000000 94.650973 -0.022503 0.999747 0.000000 -1.926348 0.000000 0.000000 1.000000 0.000000
0.999729 0.023286 0.000000 95.146044 -0.023286 0.999729 0.000000 -1.945079 0.000000 0.000000 1.000000 0.000000
0.999748 0.022441 0.000000 95.638093 -0.022441 0.999748 0.000000 -1.960343 0.000000 0.000000 1.000000 0.000000
0.999781 0.020917 0.000000 96.128967 -0.020917 0.999781 0.000000 -1.983027 0.000000 0.000000 1.000000 0.000000
0.999789 0.020545 0.000000 96.614747 -0.020545 0.999789 0.000000 -2.010435 0.000000 0.000000 1.000000 0.000000
0.999665 0.025871 0.000000 97.579225 -0.025871 0.999665 0.000000 -2.068540 0.000000 0.000000 1.000000 0.000000
0.999581 0.028956 0.000000 98.046954 -0.028956 0.999581 0.000000 -2.101930 0.000000 0.000000 1.000000 0.000000
0.999533 0.030567 0.000000 98.518068 -0.030567 0.999533 0.000000 -2.123920 0.000000 0.000000 1.000000 0.000000
0.999421 0.034028 0.000000 98.990301 -0.034028 0.999421 0.000000 -2.148525 0.000000 0.000000 1.000000 0.000000
0.999383 0.035112 0.000000 99.467498 -0.035112 0.999383 0.000000 -2.180177 0.000000 0.000000 1.000000 0.000000
0.999282 0.037890 0.000000 99.928454 -0.037890 0.999282 0.000000 -2.210594 0.000000 0.000000 1.000000 0.000000
0.999229 0.039271 0.000000 100.398504 -0.039271 0.999229 0.000000 -2.255184 0.000000 0.000000 1.000000 0.000000
0.999096 0.042512 0.000000 100.861609 -0.042512 0.999096 0.000000 -2.288429 0.000000 0.000000 1.000000 0.000000
0.998843 0.048099 0.000000 101.324722 -0.048099 0.998843 0.000000 -2.321404 0.000000 0.000000 1.000000 0.000000
0.998726 0.050453 0.000000 101.787416 -0.050453 0.998726 0.000000 -2.353090 0.000000 0.000000 1.000000 0.000000
0.998613 0.052650 0.000000 102.209551 -0.052650 0.998613 0.000000 -2.392074 0.000000 0.000000 1.000000 0.000000
0.998528 0.054242 0.000000 102.655684 -0.054242 0.998528 0.000000 -2.426924 0.000000 0.000000 1.000000 0.000000
0.998448 0.055685 0.000000 103.095490 -0.055685 0.998448 0.000000 -2.469277 0.000000 0.000000 1.000000 0.000000
0.998418 0.056224 0.000000 103.538821 -0.056224 0.998418 0.000000 -2.511521 0.000000 0.000000 1.000000 0.000000
0.998196 0.060040 0.000000 103.967369 -0.060040 0.998196 0.000000 -2.556433 0.000000 0.000000 1.000000 0.000000
0.998073 0.062047 0.000000 104.400615 -0.062047 0.998073 0.000000 -2.575783 0.000000 0.000000 1.000000 0.000000
0.997645 0.068595 0.000000 104.822808 -0.068595 0.997645 0.000000 -2.610247 0.000000 0.000000 1.000000 0.000000
0.997310 0.073296 0.000000 105.233997 -0.073296 0.997310 0.000000 -2.647814 0.000000 0.000000 1.000000 0.000000
0.997297 0.073472 0.000000 105.643670 -0.073472 0.997297 0.000000 -2.676900 0.000000 0.000000 1.000000 0.000000
0.997459 0.071242 0.000000 106.058637 -0.071242 0.997459 0.000000 -2.710629 0.000000 0.000000 1.000000 0.000000
0.997233 0.074346 0.000000 106.452791 -0.074346 0.997233 0.000000 -2.763747 0.000000 0.000000 1.000000 0.000000
0.997301 0.073419 0.000000 106.848523 -0.073419 0.997301 0.000000 -2.821808 0.000000 0.000000 1.000000 0.000000
0.996829 0.079574 0.000000 107.230081 -0.079574 0.996829 0.000000 -2.859769 0.000000 0.000000 1.000000 0.000000
0.996390 0.084895 0.000000 107.631539 -0.084895 0.996390 0.000000 -2.897406 0.000000 0.000000 1.000000 0.000000
0.996516 0.083398 0.000000 108.017088 -0.083398 0.996516 0.000000 -2.944065 0.000000 0.000000 1.000000 0.000000
0.996249 0.086531 0.000000 108.392938 -0.086531 0.996249 0.000000 -2.977726 0.000000 0.000000 1.000000 0.000000
0.995956 0.089838 0.000000 108.809687 -0.089838 0.995956 0.000000 -3.025057 0.000000 0.000000 1.000000 0.000000
0.995543 0.094303 0.000000 109.217358 -0.094303 0.995543 0.000000 -3.068091 0.000000 0.000000 1.000000 0.000000
0.995112 0.098751 0.000000 109.785229 -0.098751 0.995112 0.000000 -3.136490 0.000000 0.000000 1.000000 0.000000
0.994920 0.100664 0.000000 110.196008 -0.100664 0.994920 0.000000 -3.193533 0.000000 0.000000 1.000000 0.000000
0.994719 0.102637 0.000000 110.606494 -0.102637 0.994719 0.000000 -3.253658 0.000000 0.000000 1.000000 0.000000
0.994505 0.104687 0.000000 111.025129 -0.104687 0.994505 0.000000 -3.310799 0.000000 0.000000 1.000000 0.000000
0.994256 0.107024 0.000000 111.444754 -0.107024 0.994256 0.000000 -3.381468 0.000000 0.000000 1.000000 0.000000
0.994115 0.108332 0.000000 111.867396 -0.108332 0.994115 0.000000 -3.441289 0.000000 0.000000 1.000000 0.000000
0.994160 0.107918 0.000000 112.286195 -0.107918 0.994160 0.000000 -3.500957 0.000000 0.000000 1.000000 0.000000
0.993848 0.110757 0.000000 112.705740 -0.110757 0.993848 0.000000 -3.560454 0.000000 0.000000 1.000000 0.000000
0.992841 0.119447 0.000000 113.442643 -0.119447 0.992841 0.000000 -3.668685 0.000000 0.000000 1.000000 0.000000
0.992932 0.118685 0.000000 113.863987 -0.118685 0.992932 0.000000 -3.744915 0.000000 0.000000 1.000000 0.000000
0.993081 0.117435 0.000000 114.299261 -0.117435 0.993081 0.000000 -3.813334 0.000000 0.000000 1.000000 0.000000
0.993001 0.118109 0.000000 114.733604 -0.118109 0.993001 0.000000 -3.876360 0.000000 0.000000 1.000000 0.000000
0.993117 0.117123 0.000000 115.179643 -0.117123 0.993117 0.000000 -3.927276 0.000000 0.000000 1.000000 0.000000
0.992662 0.120920 0.000000 115.619716 -0.120920 0.992662 0.000000 -3.979222 0.000000 0.000000 1.000000 0.000000
0.992614 0.121314 0.000000 116.062323 -0.121314 0.992614 0.000000 -4.041852 0.000000 0.000000 1.000000 0.000000
0.992678 0.120794 0.000000 116.506955 -0.120794 0.992678 0.000000 -4.099953 0.000000 0.000000 1.000000 0.000000
0.992657 0.120965 0.000000 116.947190 -0.120965 0.992657 0.000000 -4.161199 0.000000 0.000000 1.000000 0.000000
0.992641 0.121098 0.000000 117.391626 -0.121098 0.992641 0.000000 -4.233338 0.000000 0.000000 1.000000 0.000000
0.992140 0.125129 0.000000 117.839724 -0.125129 0.992140 0.000000 -4.310526 0.000000 0.000000 1.000000 0.000000
0.992088 0.125544 0.000000 118.664117 -0.125544 0.992088 0.000000 -4.428929 0.000000 0.000000 1.000000 0.000000
0.992119 0.125298 0.000000 119.114560 -0.125298 0.992119 0.000000 -4.497053 0.000000 0.000000 1.000000 0.000000
0.991729 0.128350 0.000000 119.568213 -0.128350 0.991729 0.000000 -4.556119 0.000000 0.000000 1.000000 0.000000
0.991690 0.128650 0.000000 120.026367 -0.128650 0.991690 0.000000 -4.644012 0.000000 0.000000 1.000000 0.000000
0.991394 0.130912 0.000000 120.483863 -0.130912 0.991394 0.000000 -4.723489 0.000000 0.000000 1.000000 0.000000
0.991258 0.131940 0.000000 120.948155 -0.131940 0.991258 0.000000 -4.799059 0.000000 0.000000 1.000000 0.000000
0.991120 0.132971 0.000000 121.419069 -0.132971 0.991120 0.000000 -4.871722 0.000000 0.000000 1.000000 0.000000
0.990563 0.137055 0.000000 121.885254 -0.137055 0.990563 0.000000 -4.949339 0.000000 0.000000 1.000000 0.000000
0.989959 0.141353 0.000000 122.394369 -0.141353 0.989959 0.000000 -5.027747 0.000000 0.000000 1.000000 0.000000
0.989454 0.144850 0.000000 122.838697 -0.144850 0.989454 0.000000 -5.105317 0.000000 0.000000 1.000000 0.000000
0.989480 0.144670 0.000000 123.346075 -0.144670 0.989480 0.000000 -5.220034 0.000000 0.000000 1.000000 0.000000
0.989222 0.146423 0.000000 123.822854 -0.146423 0.989222 0.000000 -5.318521 0.000000 0.000000 1.000000 0.000000
0.989076 0.147404 0.000000 124.285300 -0.147404 0.989076 0.000000 -5.414936 0.000000 0.000000 1.000000 0.000000
0.989511 0.144459 0.000000 124.753206 -0.144459 0.989511 0.000000 -5.511407 0.000000 0.000000 1.000000 0.000000
0.989083 0.147359 0.000000 125.221007 -0.147359 0.989083 0.000000 -5.600159 0.000000 0.000000 1.000000 0.000000
0.988859 0.148856 0.000000 125.689273 -0.148856 0.988859 0.000000 -5.681193 0.000000 0.000000 1.000000 0.000000
0.988153 0.153475 0.000000 126.161397 -0.153475 0.988153 0.000000 -5.774584 0.000000 0.000000 1.000000 0.000000
0.987101 0.160097 0.000000 126.640278 -0.160097 0.987101 0.000000 -5.866852 0.000000 0.000000 1.000000 0.000000
0.986703 0.162532 0.000000 127.093392 -0.162532 0.986703 0.000000 -5.961772 0.000000 0.000000 1.000000 0.000000
0.986594 0.163197 0.000000 127.572152 -0.163197 0.986594 0.000000 -6.046474 0.000000 0.000000 1.000000 0.000000
0.986003 0.166728 0.000000 128.045391 -0.166728 0.986003 0.000000 -6.144716 0.000000 0.000000 1.000000 0.000000
0.985870 0.167511 0.000000 128.835884 -0.167511 0.985870 0.000000 -6.296304 0.000000 0.000000 1.000000 0.000000
0.985807 0.167884 0.000000 129.320043 -0.167884 0.985807 0.000000 -6.389236 0.000000 0.000000 1.000000 0.000000
0.987455 0.157900 0.000000 130.289089 -0.157900 0.987455 0.000000 -6.596347 0.000000 0.000000 1.000000 0.000000
0.988164 0.153403 0.000000 130.773142 -0.153403 0.988164 0.000000 -6.693977 0.000000 0.000000 1.000000 0.000000
0.988638 0.150316 0.000000 131.278075 -0.150316 0.988638 0.000000 -6.796515 0.000000 0.000000 1.000000 0.000000
0.988634 0.150341 0.000000 131.776650 -0.150341 0.988634 0.000000 -6.886478 0.000000 0.000000 1.000000 0.000000
0.988935 0.148350 0.000000 132.279567 -0.148350 0.988935 0.000000 -6.974595 0.000000 0.000000 1.000000 0.000000
0.988195 0.153199 0.000000 132.773967 -0.153199 0.988195 0.000000 -7.054611 0.000000 0.000000 1.000000 0.000000
0.989125 0.147075 0.000000 133.308136 -0.147075 0.989125 0.000000 -7.154994 0.000000 0.000000 1.000000 0.000000
0.988602 0.150554 0.000000 133.800712 -0.150554 0.988602 0.000000 -7.240772 0.000000 0.000000 1.000000 0.000000
0.988291 0.152580 0.000000 134.315893 -0.152580 0.988291 0.000000 -7.326442 0.000000 0.000000 1.000000 0.000000
0.988132 0.153610 0.000000 134.829723 -0.153610 0.988132 0.000000 -7.419040 0.000000 0.000000 1.000000 0.000000
0.988153 0.153474 0.000000 135.316218 -0.153474 0.988153 0.000000 -7.503878 0.000000 0.000000 1.000000 0.000000
0.988190 0.153236 0.000000 135.831787 -0.153236 0.988190 0.000000 -7.599039 0.000000 0.000000 1.000000 0.000000
0.988311 0.152450 0.000000 136.357044 -0.152450 0.988311 0.000000 -7.696693 0.000000 0.000000 1.000000 0.000000
0.987933 0.154880 0.000000 136.844090 -0.154880 0.987933 0.000000 -7.776996 0.000000 0.000000 1.000000 0.000000
0.988494 0.151260 0.000000 137.362828 -0.151260 0.988494 0.000000 -7.872293 0.000000 0.000000 1.000000 0.000000
0.988132 0.153605 0.000000 137.897479 -0.153605 0.988132 0.000000 -7.969911 0.000000 0.000000 1.000000 0.000000
0.987545 0.157339 0.000000 138.528460 -0.157339 0.987545 0.000000 -8.073182 0.000000 0.000000 1.000000 0.000000
0.987393 0.158286 0.000000 139.096289 -0.158286 0.987393 0.000000 -8.183973 0.000000 0.000000 1.000000 0.000000
0.986006 0.166708 0.000000 139.589813 -0.166708 0.986006 0.000000 -8.279482 0.000000 0.000000 1.000000 0.000000
0.986097 0.166169 0.000000 140.121711 -0.166169 0.986097 0.000000 -8.385173 0.000000 0.000000 1.000000 0.000000
0.985133 0.171796 0.000000 140.662670 -0.171796 0.985133 0.000000 -8.492694 0.000000 0.000000 1.000000 0.000000
0.984798 0.173705 0.000000 141.195892 -0.173705 0.984798 0.000000 -8.603964 0.000000 0.000000 1.000000 0.000000
0.983871 0.178878 0.000000 145.007470 -0.178878 0.983871 0.000000 -9.411288 0.000000 0.000000 1.000000 0.000000
0.983754 0.179520 0.000000 145.522890 -0.179520 0.983754 0.000000 -9.530418 0.000000 0.000000 1.000000 0.000000
0.986242 0.165308 0.000000 146.672900 -0.165308 0.986242 0.000000 -9.785081 0.000000 0.000000 1.000000 0.000000
0.985289 0.170898 0.000000 147.801735 -0.170898 0.985289 0.000000 -10.016423 0.000000 0.000000 1.000000 0.000000
0.985079 0.172100 0.000000 148.367865 -0.172100 0.985079 0.000000 -10.134205 0.000000 0.000000 1.000000 0.000000
0.984822 0.173565 0.000000 148.930983 -0.173565 0.984822 0.000000 -10.247943 0.000000 0.000000 1.000000 0.000000
0.984828 0.173534 0.000000 149.494401 -0.173534 0.984828 0.000000 -10.366660 0.000000 0.000000 1.000000 0.000000
0.985024 0.172416 0.000000 150.059330 -0.172416 0.985024 0.000000 -10.493002 0.000000 0.000000 1.000000 0.000000
0.985640 0.168862 0.000000 150.627088 -0.168862 0.985640 0.000000 -10.616057 0.000000 0.000000 1.000000 0.000000
0.985089 0.172044 0.000000 151.208408 -0.172044 0.985089 0.000000 -10.740838 0.000000 0.000000 1.000000 0.000000
0.984818 0.173592 0.000000 151.786993 -0.173592 0.984818 0.000000 -10.859244 0.000000 0.000000 1.000000 0.000000
0.985159 0.171644 0.000000 152.366625 -0.171644 0.985159 0.000000 -10.991319 0.000000 0.000000 1.000000 0.000000
0.984945 0.172870 0.000000 153.287000 -0.172870 0.984945 0.000000 -11.186802 0.000000 0.000000 1.000000 0.000000
0.984205 0.177034 0.000000 153.861543 -0.177034 0.984205 0.000000 -11.306772 0.000000 0.000000 1.000000 0.000000
0.984384 0.176037 0.000000 154.421174 -0.176037 0.984384 0.000000 -11.444766 0.000000 0.000000 1.000000 0.000000
0.983768 0.179446 0.000000 155.008534 -0.179446 0.983768 0.000000 -11.560147 0.000000 0.000000 1.000000 0.000000
0.983018 0.183512 0.000000 155.627055 -0.183512 0.983018 0.000000 -11.687739 0.000000 0.000000 1.000000 0.000000
0.982486 0.186338 0.000000 156.146184 -0.186338 0.982486 0.000000 -11.802867 0.000000 0.000000 1.000000 0.000000
0.982307 0.187276 0.000000 156.742114 -0.187276 0.982307 0.000000 -11.948677 0.000000 0.000000 1.000000 0.000000
0.982234 0.187662 0.000000 157.309958 -0.187662 0.982234 0.000000 -12.078893 0.000000 0.000000 1.000000 0.000000
0.982166 0.188013 0.000000 157.878320 -0.188013 0.982166 0.000000 -12.209707 0.000000 0.000000 1.000000 0.000000
0.981891 0.189445 0.000000 158.452034 -0.189445 0.981891 0.000000 -12.316815 0.000000 0.000000 1.000000 0.000000
0.981528 0.191319 0.000000 159.019964 -0.191319 0.981528 0.000000 -12.428734 0.000000 0.000000 1.000000 0.000000
0.981826 0.189783 0.000000 159.586397 -0.189783 0.981826 0.000000 -12.553358 0.000000 0.000000 1.000000 0.000000
0.981813 0.189852 0.000000 160.151085 -0.189852 0.981813 0.000000 -12.674791 0.000000 0.000000 1.000000 0.000000
0.981622 0.190835 0.000000 160.720910 -0.190835 0.981622 0.000000 -12.793333 0.000000 0.000000 1.000000 0.000000
0.981777 0.190035 0.000000 161.292432 -0.190035 0.981777 0.000000 -12.929267 0.000000 0.000000 1.000000 0.000000
0.981112 0.193439 0.000000 161.869933 -0.193439 0.981112 0.000000 -13.049913 0.000000 0.000000 1.000000 0.000000
0.980537 0.196335 0.000000 163.005784 -0.196335 0.980537 0.000000 -13.305999 0.000000 0.000000 1.000000 0.000000
0.980309 0.197469 0.000000 163.571265 -0.197469 0.980309 0.000000 -13.422569 0.000000 0.000000 1.000000 0.000000
0.980757 0.195232 0.000000 164.103286 -0.195232 0.980757 0.000000 -13.553683 0.000000 0.000000 1.000000 0.000000
0.979512 0.201384 0.000000 164.687485 -0.201384 0.979512 0.000000 -13.674302 0.000000 0.000000 1.000000 0.000000
0.979079 0.203480 0.000000 165.239241 -0.203480 0.979079 0.000000 -13.786533 0.000000 0.000000 1.000000 0.000000
0.979385 0.202004 0.000000 166.357136 -0.202004 0.979385 0.000000 -14.027585 0.000000 0.000000 1.000000 0.000000
0.979561 0.201147 0.000000 166.914717 -0.201147 0.979561 0.000000 -14.137692 0.000000 0.000000 1.000000 0.000000
0.979482 0.201531 0.000000 167.441402 -0.201531 0.979482 0.000000 -14.261343 0.000000 0.000000 1.000000 0.000000
0.979214 0.202828 0.000000 168.007403 -0.202828 0.979214 0.000000 -14.383538 0.000000 0.000000 1.000000 0.000000
0.979442 0.201728 0.000000 168.568823 -0.201728 0.979442 0.000000 -14.523257 0.000000 0.000000 1.000000 0.000000
0.978936 0.204169 0.000000 169.094611 -0.204169 0.978936 0.000000 -14.634396 0.000000 0.000000 1.000000 0.000000
0.978107 0.208101 0.000000 169.855666 -0.208101 0.978107 0.000000 -14.789447 0.000000 0.000000 1.000000 0.000000
0.977689 0.210057 0.000000 170.420813 -0.210057 0.977689 0.000000 -14.914457 0.000000 0.000000 1.000000 0.000000
0.977319 0.211771 0.000000 170.984362 -0.211771 0.977319 0.000000 -15.057766 0.000000 0.000000 1.000000 0.000000
0.975971 0.217901 0.000000 171.587848 -0.217901 0.975971 0.000000 -15.185402 0.000000 0.000000 1.000000 0.000000
0.976144 0.217123 0.000000 172.126924 -0.217123 0.976144 0.000000 -15.309922 0.000000 0.000000 1.000000 0.000000
0.976634 0.214909 0.000000 172.727057 -0.214909 0.976634 0.000000 -15.458296 0.000000 0.000000 1.000000 0.000000
0.975659 0.219293 0.000000 173.299977 -0.219293 0.975659 0.000000 -15.584745 0.000000 0.000000 1.000000 0.000000
0.976043 0.217578 0.000000 173.864692 -0.217578 0.976043 0.000000 -15.731159 0.000000 0.000000 1.000000 0.000000
0.974654 0.223716 0.000000 174.451977 -0.223716 0.974654 0.000000 -15.867804 0.000000 0.000000 1.000000 0.000000
0.975590 0.219601 0.000000 175.016685 -0.219601 0.975590 0.000000 -16.016462 0.000000 0.000000 1.000000 0.000000
0.975820 0.218575 0.000000 175.600758 -0.218575 0.975820 0.000000 -16.156853 0.000000 0.000000 1.000000 0.000000
0.975814 0.218602 0.000000 176.169233 -0.218602 0.975814 0.000000 -16.297413 0.000000 0.000000 1.000000 0.000000
0.976441 0.215784 0.000000 176.746503 -0.215784 0.976441 0.000000 -16.436922 0.000000 0.000000 1.000000 0.000000
0.977591 0.210513 0.000000 177.310095 -0.210513 0.977591 0.000000 -16.579067 0.000000 0.000000 1.000000 0.000000
0.978087 0.208198 0.000000 177.879010 -0.208198 0.978087 0.000000 -16.707580 0.000000 0.000000 1.000000 0.000000
0.977673 0.210134 0.000000 178.447886 -0.210134 0.977673 0.000000 -16.836484 0.000000 0.000000 1.000000 0.000000
0.977994 0.208632 0.000000 179.018794 -0.208632 0.977994 0.000000 -16.978135 0.000000 0.000000 1.000000 0.000000
0.977316 0.211787 0.000000 179.554688 -0.211787 0.977316 0.000000 -17.112341 0.000000 0.000000 1.000000 0.000000
0.977209 0.212280 0.000000 180.173286 -0.212280 0.977209 0.000000 -17.259676 0.000000 0.000000 1.000000 0.000000
0.977296 0.211880 0.000000 180.706402 -0.211880 0.977296 0.000000 -17.384754 0.000000 0.000000 1.000000 0.000000
0.977250 0.212088 0.000000 181.284936 -0.212088 0.977250 0.000000 -17.521929 0.000000 0.000000 1.000000 0.000000
0.976868 0.213845 0.000000 181.862444 -0.213845 0.976868 0.000000 -17.660959 0.000000 0.000000 1.000000 0.000000
0.976257 0.216614 0.000000 182.442191 -0.216614 0.976257 0.000000 -17.801051 0.000000 0.000000 1.000000 0.000000
0.974588 0.224004 0.000000 183.018793 -0.224004 0.974588 0.000000 -17.941632 0.000000 0.000000 1.000000 0.000000
0.974506 0.224362 0.000000 183.593684 -0.224362 0.974506 0.000000 -18.087168 0.000000 0.000000 1.000000 0.000000
0.974572 0.224073 0.000000 184.172968 -0.224073 0.974572 0.000000 -18.235698 0.000000 0.000000 1.000000 0.000000
0.974703 0.223505 0.000000 184.745573 -0.223505 0.974703 0.000000 -18.377515 0.000000 0.000000 1.000000 0.000000
0.974406 0.224796 0.000000 185.321925 -0.224796 0.974406 0.000000 -18.525819 0.000000 0.000000 1.000000 0.000000
0.973946 0.226779 0.000000 185.903793 -0.226779 0.973946 0.000000 -18.679591 0.000000 0.000000 1.000000 0.000000
0.974282 0.225330 0.000000 186.471058 -0.225330 0.974282 0.000000 -18.834710 0.000000 0.000000 1.000000 0.000000
0.974517 0.224316 0.000000 187.043238 -0.224316 0.974517 0.000000 -18.984418 0.000000 0.000000 1.000000 0.000000
0.973889 0.227026 0.000000 187.611136 -0.227026 0.973889 0.000000 -19.122292 0.000000 0.000000 1.000000 0.000000
0.973640 0.228089 0.000000 188.157847 -0.228089 0.973640 0.000000 -19.257660 0.000000 0.000000 1.000000 0.000000
0.973686 0.227893 0.000000 188.731083 -0.227893 0.973686 0.000000 -19.410871 0.000000 0.000000 1.000000 0.000000
0.972652 0.232268 0.000000 189.310033 -0.232268 0.972652 0.000000 -19.565542 0.000000 0.000000 1.000000 0.000000
0.972634 0.232344 0.000000 189.857846 -0.232344 0.972634 0.000000 -19.705160 0.000000 0.000000 1.000000 0.000000
0.973377 0.229209 0.000000 190.419789 -0.229209 0.973377 0.000000 -19.865207 0.000000 0.000000 1.000000 0.000000
0.972569 0.232613 0.000000 190.990050 -0.232613 0.972569 0.000000 -20.015860 0.000000 0.000000 1.000000 0.000000
0.973369 0.229245 0.000000 191.525171 -0.229245 0.973369 0.000000 -20.167981 0.000000 0.000000 1.000000 0.000000
0.973189 0.230009 0.000000 192.085048 -0.230009 0.973189 0.000000 -20.321208 0.000000 0.000000 1.000000 0.000000
0.972380 0.233404 0.000000 192.655044 -0.233404 0.972380 0.000000 -20.470667 0.000000 0.000000 1.000000 0.000000
0.972255 0.233925 0.000000 193.191232 -0.233925 0.972255 0.000000 -20.599927 0.000000 0.000000 1.000000 0.000000
0.972078 0.234657 0.000000 193.762600 -0.234657 0.972078 0.000000 -20.751279 0.000000 0.000000 1.000000 0.000000
0.971629 0.236511 0.000000 194.322662 -0.236511 0.971629 0.000000 -20.897011 0.000000 0.000000 1.000000 0.000000
0.971051 0.238874 0.000000 195.136776 -0.238874 0.971051 0.000000 -21.136595 0.000000 0.000000 1.000000 0.000000
0.970509 0.241066 0.000000 195.696568 -0.241066 0.970509 0.000000 -21.285919 0.000000 0.000000 1.000000 0.000000
0.969928 0.243392 0.000000 196.262898 -0.243392 0.969928 0.000000 -21.432641 0.000000 0.000000 1.000000 0.000000
0.970176 0.242401 0.000000 196.825881 -0.242401 0.970176 0.000000 -21.581651 0.000000 0.000000 1.000000 0.000000
0.970006 0.243081 0.000000 197.387686 -0.243081 0.970006 0.000000 -21.731106 0.000000 0.000000 1.000000 0.000000
0.970427 0.241396 0.000000 197.948232 -0.241396 0.970427 0.000000 -21.870573 0.000000 0.000000 1.000000 0.000000
0.971173 0.238376 0.000000 198.503795 -0.238376 0.971173 0.000000 -22.018999 0.000000 0.000000 1.000000 0.000000
0.971010 0.239040 0.000000 199.084797 -0.239040 0.971010 0.000000 -22.174788 0.000000 0.000000 1.000000 0.000000
0.971004 0.239065 0.000000 199.587243 -0.239065 0.971004 0.000000 -22.312118 0.000000 0.000000 1.000000 0.000000
0.970656 0.240472 0.000000 200.568510 -0.240472 0.970656 0.000000 -22.582387 0.000000 0.000000 1.000000 0.000000
0.970580 0.240780 0.000000 201.135080 -0.240780 0.970580 0.000000 -22.719054 0.000000 0.000000 1.000000 0.000000
0.970280 0.241985 0.000000 201.847196 -0.241985 0.970280 0.000000 -22.913868 0.000000 0.000000 1.000000 0.000000
0.969930 0.243383 0.000000 202.558181 -0.243383 0.969930 0.000000 -23.108598 0.000000 0.000000 1.000000 0.000000
0.969323 0.245791 0.000000 203.512760 -0.245791 0.969323 0.000000 -23.380809 0.000000 0.000000 1.000000 0.000000
0.969394 0.245508 0.000000 204.069464 -0.245508 0.969394 0.000000 -23.534212 0.000000 0.000000 1.000000 0.000000
0.969680 0.244379 0.000000 204.638874 -0.244379 0.969680 0.000000 -23.694617 0.000000 0.000000 1.000000 0.000000
0.969531 0.244971 0.000000 205.192645 -0.244971 0.969531 0.000000 -23.844289 0.000000 0.000000 1.000000 0.000000
0.969325 0.245781 0.000000 205.715066 -0.245781 0.969325 0.000000 -23.986319 0.000000 0.000000 1.000000 0.000000
0.970154 0.242488 0.000000 206.278621 -0.242488 0.970154 0.000000 -24.146776 0.000000 0.000000 1.000000 0.000000
0.969598 0.244703 0.000000 206.833406 -0.244703 0.969598 0.000000 -24.302560 0.000000 0.000000 1.000000 0.000000
0.969472 0.245204 0.000000 207.617544 -0.245204 0.969472 0.000000 -24.528314 0.000000 0.000000 1.000000 0.000000
0.969801 0.243899 0.000000 208.176476 -0.243899 0.969801 0.000000 -24.683994 0.000000 0.000000 1.000000 0.000000
0.969874 0.243606 0.000000 208.738742 -0.243606 0.969874 0.000000 -24.833842 0.000000 0.000000 1.000000 0.000000
0.969784 0.243967 0.000000 209.289669 -0.243967 0.969784 0.000000 -24.988067 0.000000 0.000000 1.000000 0.000000
0.970720 0.240212 0.000000 209.881061 -0.240212 0.970720 0.000000 -25.154307 0.000000 0.000000 1.000000 0.000000
0.970696 0.240312 0.000000 210.397342 -0.240312 0.970696 0.000000 -25.298678 0.000000 0.000000 1.000000 0.000000
0.970600 0.240699 0.000000 210.986133 -0.240699 0.970600 0.000000 -25.460561 0.000000 0.000000 1.000000 0.000000
0.971041 0.238911 0.000000 211.504815 -0.238911 0.971041 0.000000 -25.603006 0.000000 0.000000 1.000000 0.000000
