0.999998 0.001960 0.000000 0.582956 -0.001960 0.999998 0.000000 -0.014340 0.000000 0.000000 1.000000 0.000000
0.999999 0.001253 0.000000 1.171162 -0.001253 0.999999 0.000000 -0.025823 0.000000 0.000000 1.000000 0.000000
0.999996 0.002795 0.000000 1.741841 -0.002795 0.999996 0.000000 -0.032067 0.000000 0.000000 1.000000 0.000000
0.999991 0.004309 0.000000 2.295902 -0.004309 0.999991 0.000000 -0.035906 0.000000 0.000000 1.000000 0.000000
0.999988 0.004952 0.000000 2.867783 -0.004952 0.999988 0.000000 -0.043530 0.000000 0.000000 1.000000 0.000000
0.999992 0.004026 0.000000 3.455535 -0.004026 0.999992 0.000000 -0.056693 0.000000 0.000000 1.000000 0.000000
0.999972 0.007460 0.000000 3.984739 -0.007460 0.999972 0.000000 -0.056911 0.000000 0.000000 1.000000 0.000000
0.999900 0.014151 0.000000 4.579615 -0.014151 0.999900 0.000000 -0.043513 0.000000 0.000000 1.000000 0.000000
0.999854 0.017090 0.000000 5.731201 -0.017090 0.999854 0.000000 -0.101510 0.000000 0.000000 1.000000 0.000000
0.999825 0.018727 0.000000 6.321576 -0.018727 0.999825 0.000000 -0.104210 0.000000 0.000000 1.000000 0.000000
0.999789 0.020558 0.000000 7.124903 -0.020558 0.999789 0.000000 -0.112619 0.000000 0.000000 1.000000 0.000000
0.999783 0.020813 0.000000 7.689680 -0.020813 0.999783 0.000000 -0.115913 0.000000 0.000000 1.000000 0.000000
0.999766 0.021652 0.000000 8.276058 -0.021652 0.999766 0.000000 -0.151195 0.000000 0.000000 1.000000 0.000000
0.999753 0.022211 0.000000 8.859022 -0.022211 0.999753 0.000000 -0.163393 0.000000 0.000000 1.000000 0.000000
0.999731 0.023193 0.000000 9.413017 -0.023193 0.999731 0.000000 -0.185177 0.000000 0.000000 1.000000 0.000000
0.999709 0.024104 0.000000 10.002203 -0.024104 0.999709 0.000000 -0.216997 0.000000 0.000000 1.000000 0.000000
0.999676 0.025457 0.000000 10.548718 -0.025457 0.999676 0.000000 -0.224948 0.000000 0.000000 1.000000 0.000000
0.999667 0.025795 0.000000 11.126748 -0.025795 0.999667 0.000000 -0.251762 0.000000 0.000000 1.000000 0.000000
0.999622 0.027507 0.000000 11.679794 -0.027507 0.999622 0.000000 -0.266053 0.000000 0.000000 1.000000 0.000000
0.999636 0.026964 0.000000 12.250318 -0.026964 0.999636 0.000000 -0.285010 0.000000 0.000000 1.000000 0.000000
0.999588 0.028688 0.000000 12.831534 -0.028688 0.999588 0.000000 -0.296162 0.000000 0.000000 1.000000 0.000000
0.999529 0.030683 0.000000 13.602784 -0.030683 0.999529 0.000000 -0.312578 0.000000 0.000000 1.000000 0.000000
0.999491 0.031912 0.000000 14.224388 -0.031912 0.999491 0.000000 -0.328092 0.000000 0.000000 1.000000 0.000000
0.999474 0.032441 0.000000 14.776723 -0.032441 0.999474 0.000000 -0.336059 0.000000 0.000000 1.000000 0.000000
0.999391 0.034891 0.000000 15.382375 -0.034891 0.999391 0.000000 -0.338122 0.000000 0.000000 1.000000 0.000000
0.999350 0.036052 0.000000 15.964091 -0.036052 0.999350 0.000000 -0.351572 0.000000 0.000000 1.000000 0.000000
0.999336 0.036442 0.000000 16.539453 -0.036442 0.999336 0.000000 -0.365383 0.000000 0.000000 1.000000 0.000000
0.999216 0.039584 0.000000 17.118995 -0.039584 0.999216 0.000000 -0.385321 0.000000 0.000000 1.000000 0.000000
0.999180 0.040483 0.000000 17.699424 -0.040483 0.999180 0.000000 -0.434729 0.000000 0.000000 1.000000 0.000000
0.999100 0.042428 0.000000 18.276874 -0.042428 0.999100 0.000000 -0.442747 0.000000 0.000000 1.000000 0.000000
0.999090 0.042657 0.000000 18.856651 -0.042657 0.999090 0.000000 -0.476602 0.000000 0.000000 1.000000 0.000000
0.998976 0.045249 0.000000 19.423023 -0.045249 0.998976 0.000000 -0.518569 0.000000 0.000000 1.000000 0.000000
0.998889 0.047130 0.000000 19.992476 -0.047130 0.998889 0.000000 -0.556489 0.000000 0.000000 1.000000 0.000000
0.998891 0.047079 0.000000 20.534496 -0.047079 0.998891 0.000000 -0.588877 0.000000 0.000000 1.000000 0.000000
0.998670 0.051561 0.000000 21.102517 -0.051561 0.998670 0.000000 -0.630107 0.000000 0.000000 1.000000 0.000000
0.998603 0.052840 0.000000 22.199631 -0.052840 0.998603 0.000000 -0.687565 0.000000 0.000000 1.000000 0.000000
0.998647 0.051996 0.000000 23.130014 -0.051996 0.998647 0.000000 -0.747132 0.000000 0.000000 1.000000 0.000000
0.998690 0.051167 0.000000 23.705085 -0.051167 0.998690 0.000000 -0.800187 0.000000 0.000000 1.000000 0.000000
0.998575 0.053358 0.000000 24.260607 -0.053358 0.998575 0.000000 -0.845473 0.000000 0.000000 1.000000 0.000000
0.998402 0.056509 0.000000 24.817605 -0.056509 0.998402 0.000000 -0.953262 0.000000 0.000000 1.000000 0.000000
0.998619 0.052534 0.000000 25.379334 -0.052534 0.998619 0.000000 -1.022335 0.000000 0.000000 1.000000 0.000000
0.998693 0.051110 0.000000 25.978087 -0.051110 0.998693 0.000000 -1.082731 0.000000 0.000000 1.000000 0.000000
0.998189 0.060152 0.000000 26.529478 -0.060152 0.998189 0.000000 -1.124405 0.000000 0.000000 1.000000 0.000000
0.997328 0.073049 0.000000 27.641755 -0.073049 0.997328 0.000000 -1.206665 0.000000 0.000000 1.000000 0.000000
0.997526 0.070295 0.000000 28.210364 -0.070295 0.997526 0.000000 -1.257265 0.000000 0.000000 1.000000 0.000000
0.997405 0.071999 0.000000 28.769868 -0.071999 0.997405 0.000000 -1.307426 0.000000 0.000000 1.000000 0.000000
0.997413 0.071882 0.000000 29.305298 -0.071882 0.997413 0.000000 -1.357437 0.000000 0.000000 1.000000 0.000000
0.997520 0.070381 0.000000 29.861955 -0.070381 0.997520 0.000000 -1.412795 0.000000 0.000000 1.000000 0.000000
0.997092 0.076201 0.000000 30.755338 -0.076201 0.997092 0.000000 -1.492847 0.000000 0.000000 1.000000 0.000000
0.997086 0.076280 0.000000 31.350775 -0.076280 0.997086 0.000000 -1.551675 0.000000 0.000000 1.000000 0.000000
0.997005 0.077340 0.000000 31.908671 -0.077340 0.997005 0.000000 -1.620166 0.000000 0.000000 1.000000 0.000000
0.997056 0.076683 0.000000 32.464257 -0.076683 0.997056 0.000000 -1.687032 0.000000 0.000000 1.000000 0.000000
0.996940 0.078169 0.000000 33.039006 -0.078169 0.996940 0.000000 -1.735820 0.000000 0.000000 1.000000 0.000000
0.996958 0.077945 0.000000 33.597796 -0.077945 0.996958 0.000000 -1.799739 0.000000 0.000000 1.000000 0.000000
0.996784 0.080140 0.000000 34.167692 -0.080140 0.996784 0.000000 -1.844469 0.000000 0.000000 1.000000 0.000000
0.996944 0.078121 0.000000 34.736351 -0.078121 0.996944 0.000000 -1.901433 0.000000 0.000000 1.000000 0.000000
0.996749 0.080566 0.000000 35.288842 -0.080566 0.996749 0.000000 -1.941779 0.000000 0.000000 1.000000 0.000000
0.996643 0.081873 0.000000 35.814888 -0.081873 0.996643 0.000000 -1.990816 0.000000 0.000000 1.000000 0.000000
0.996425 0.084486 0.000000 36.757342 -0.084486 0.996425 0.000000 -2.075479 0.000000 0.000000 1.000000 0.000000
0.996027 0.089047 0.000000 37.305877 -0.089047 0.996027 0.000000 -2.151294 0.000000 0.000000 1.000000 0.000000
0.995880 0.090677 0.000000 37.868971 -0.090677 0.995880 0.000000 -2.191286 0.000000 0.000000 1.000000 0.000000
0.995814 0.091406 0.000000 38.434759 -0.091406 0.995814 0.000000 -2.246202 0.000000 0.000000 1.000000 0.000000
0.995565 0.094081 0.000000 38.985192 -0.094081 0.995565 0.000000 -2.282567 0.000000 0.000000 1.000000 0.000000
0.995434 0.095447 0.000000 39.539793 -0.095447 0.995434 0.000000 -2.350490 0.000000 0.000000 1.000000 0.000000
0.995303 0.096808 0.000000 40.130459 -0.096808 0.995303 0.000000 -2.416562 0.000000 0.000000 1.000000 0.000000
0.995283 0.097017 0.000000 40.656638 -0.097017 0.995283 0.000000 -2.495028 0.000000 0.000000 1.000000 0.000000
0.995260 0.097253 0.000000 41.204092 -0.097253 0.995260 0.000000 -2.548682 0.000000 0.000000 1.000000 0.000000
0.995342 0.096409 0.000000 41.764399 -0.096409 0.995342 0.000000 -2.603833 0.000000 0.000000 1.000000 0.000000
0.994973 0.100146 0.000000 42.314603 -0.100146 0.994973 0.000000 -2.656639 0.000000 0.000000 1.000000 0.000000
0.994832 0.101535 0.000000 42.847080 -0.101535 0.994832 0.000000 -2.710708 0.000000 0.000000 1.000000 0.000000
0.994694 0.102882 0.000000 43.403066 -0.102882 0.994694 0.000000 -2.773331 0.000000 0.000000 1.000000 0.000000
0.994779 0.102050 0.000000 43.922357 -0.102050 0.994779 0.000000 -2.831653 0.000000 0.000000 1.000000 0.000000
0.994838 0.101474 0.000000 44.875153 -0.101474 0.994838 0.000000 -2.935120 0.000000 0.000000 1.000000 0.000000
0.994796 0.101888 0.000000 45.414314 -0.101888 0.994796 0.000000 -3.014339 0.000000 0.000000 1.000000 0.000000
0.994517 0.104575 0.000000 45.975065 -0.104575 0.994517 0.000000 -3.099156 0.000000 0.000000 1.000000 0.000000
0.994769 0.102150 0.000000 47.062914 -0.102150 0.994769 0.000000 -3.181014 0.000000 0.000000 1.000000 0.000000
0.994161 0.107905 0.000000 47.632933 -0.107905 0.994161 0.000000 -3.247290 0.000000 0.000000 1.000000 0.000000
0.994115 0.108331 0.000000 48.122093 -0.108331 0.994115 0.000000 -3.309282 0.000000 0.000000 1.000000 0.000000
0.994184 0.107692 0.000000 49.141218 -0.107692 0.994184 0.000000 -3.418214 0.000000 0.000000 1.000000 0.000000
0.994096 0.108500 0.000000 49.663712 -0.108500 0.994096 0.000000 -3.489848 0.000000 0.000000 1.000000 0.000000
0.994131 0.108187 0.000000 50.174770 -0.108187 0.994131 0.000000 -3.555038 0.000000 0.000000 1.000000 0.000000
0.994122 0.108266 0.000000 50.661178 -0.108266 0.994122 0.000000 -3.625259 0.000000 0.000000 1.000000 0.000000
0.993817 0.111028 0.000000 51.569822 -0.111028 0.993817 0.000000 -3.753619 0.000000 0.000000 1.000000 0.000000
0.994026 0.109145 0.000000 52.061193 -0.109145 0.994026 0.000000 -3.842904 0.000000 0.000000 1.000000 0.000000
0.993602 0.112936 0.000000 52.565913 -0.112936 0.993602 0.000000 -3.876479 0.000000 0.000000 1.000000 0.000000
0.993022 0.117927 0.000000 53.053790 -0.117927 0.993022 0.000000 -3.929337 0.000000 0.000000 1.000000 0.000000
0.993060 0.117606 0.000000 53.538633 -0.117606 0.993060 0.000000 -4.001253 0.000000 0.000000 1.000000 0.000000
0.992979 0.118288 0.000000 54.006551 -0.118288 0.992979 0.000000 -4.050796 0.000000 0.000000 1.000000 0.000000
0.992648 0.121039 0.000000 54.477186 -0.121039 0.992648 0.000000 -4.111102 0.000000 0.000000 1.000000 0.000000
0.992143 0.125108 0.000000 55.188601 -0.125108 0.992143 0.000000 -4.206894 0.000000 0.000000 1.000000 0.000000
0.992145 0.125092 0.000000 55.614696 -0.125092 0.992145 0.000000 -4.266450 0.000000 0.000000 1.000000 0.000000
0.992182 0.124801 0.000000 56.064425 -0.124801 0.992182 0.000000 -4.338371 0.000000 0.000000 1.000000 0.000000
0.992223 0.124475 0.000000 56.515017 -0.124475 0.992223 0.000000 -4.405864 0.000000 0.000000 1.000000 0.000000
0.992076 0.125638 0.000000 56.939260 -0.125638 0.992076 0.000000 -4.460843 0.000000 0.000000 1.000000 0.000000
0.992326 0.123648 0.000000 57.362956 -0.123648 0.992326 0.000000 -4.541104 0.000000 0.000000 1.000000 0.000000
0.992474 0.122453 0.000000 58.081111 -0.122453 0.992474 0.000000 -4.645590 0.000000 0.000000 1.000000 0.000000
0.992256 0.124209 0.000000 58.447983 -0.124209 0.992256 0.000000 -4.680601 0.000000 0.000000 1.000000 0.000000
0.992118 0.125307 0.000000 58.894014 -0.125307 0.992118 0.000000 -4.748656 0.000000 0.000000 1.000000 0.000000
0.992038 0.125940 0.000000 59.297863 -0.125940 0.992038 0.000000 -4.809131 0.000000 0.000000 1.000000 0.000000
0.991934 0.126755 0.000000 59.695331 -0.126755 0.991934 0.000000 -4.860396 0.000000 0.000000 1.000000 0.000000
0.991805 0.127765 0.000000 60.079769 -0.127765 0.991805 0.000000 -4.902067 0.000000 0.000000 1.000000 0.000000
0.991655 0.128918 0.000000 60.466681 -0.128918 0.991655 0.000000 -4.946746 0.000000 0.000000 1.000000 0.000000
0.991867 0.127280 0.000000 60.835010 -0.127280 0.991867 0.000000 -5.011742 0.000000 0.000000 1.000000 0.000000
0.991638 0.129050 0.000000 61.197279 -0.129050 0.991638 0.000000 -5.075944 0.000000 0.000000 1.000000 0.000000
0.991405 0.130829 0.000000 61.560812 -0.130829 0.991405 0.000000 -5.128823 0.000000 0.000000 1.000000 0.000000
0.990800 0.135334 0.000000 62.228180 -0.135334 0.990800 0.000000 -5.216209 0.000000 0.000000 1.000000 0.000000
0.990953 0.134207 0.000000 62.562492 -0.134207 0.990953 0.000000 -5.267683 0.000000 0.000000 1.000000 0.000000
0.990971 0.134079 0.000000 62.862417 -0.134079 0.990971 0.000000 -5.306818 0.000000 0.000000 1.000000 0.000000
0.991011 0.133780 0.000000 63.185225 -0.133780 0.991011 0.000000 -5.359417 0.000000 0.000000 1.000000 0.000000
0.990718 0.135933 0.000000 63.509505 -0.135933 0.990718 0.000000 -5.412568 0.000000 0.000000 1.000000 0.000000
0.990530 0.137294 0.000000 63.814964 -0.137294 0.990530 0.000000 -5.458119 0.000000 0.000000 1.000000 0.000000
0.989609 0.143787 0.000000 64.136940 -0.143787 0.989609 0.000000 -5.468623 0.000000 0.000000 1.000000 0.000000
0.989480 0.144670 0.000000 64.455848 -0.144670 0.989480 0.000000 -5.508560 0.000000 0.000000 1.000000 0.000000
0.989744 0.142856 0.000000 64.965829 -0.142856 0.989744 0.000000 -5.599713 0.000000 0.000000 1.000000 0.000000
0.989806 0.142420 0.000000 65.259232 -0.142420 0.989806 0.000000 -5.642078 0.000000 0.000000 1.000000 0.000000
0.989497 0.144556 0.000000 65.561865 -0.144556 0.989497 0.000000 -5.691483 0.000000 0.000000 1.000000 0.000000
0.989164 0.146814 0.000000 65.871897 -0.146814 0.989164 0.000000 -5.730506 0.000000 0.000000 1.000000 0.000000
0.989148 0.146921 0.000000 66.167830 -0.146921 0.989148 0.000000 -5.765453 0.000000 0.000000 1.000000 0.000000
0.988876 0.148741 0.000000 66.440569 -0.148741 0.988876 0.000000 -5.807702 0.000000 0.000000 1.000000 0.000000
0.988781 0.149372 0.000000 66.738095 -0.149372 0.988781 0.000000 -5.861427 0.000000 0.000000 1.000000 0.000000
0.988498 0.151235 0.000000 67.009731 -0.151235 0.988498 0.000000 -5.916102 0.000000 0.000000 1.000000 0.000000
0.988350 0.152196 0.000000 67.273592 -0.152196 0.988350 0.000000 -5.960564 0.000000 0.000000 1.000000 0.000000
0.987818 0.155611 0.000000 67.733663 -0.155611 0.987818 0.000000 -6.034616 0.000000 0.000000 1.000000 0.000000
0.987850 0.155413 0.000000 67.971700 -0.155413 0.987850 0.000000 -6.078832 0.000000 0.000000 1.000000 0.000000
0.987631 0.156794 0.000000 68.248242 -0.156794 0.987631 0.000000 -6.123068 0.000000 0.000000 1.000000 0.000000
0.987650 0.156675 0.000000 68.517966 -0.156675 0.987650 0.000000 -6.168978 0.000000 0.000000 1.000000 0.000000
0.987489 0.157691 0.000000 68.783393 -0.157691 0.987489 0.000000 -6.220575 0.000000 0.000000 1.000000 0.000000
0.987356 0.158520 0.000000 69.039263 -0.158520 0.987356 0.000000 -6.278867 0.000000 0.000000 1.000000 0.000000
0.987191 0.159545 0.000000 69.298179 -0.159545 0.987191 0.000000 -6.323812 0.000000 0.000000 1.000000 0.000000
0.987301 0.158861 0.000000 69.564520 -0.158861 0.987301 0.000000 -6.377008 0.000000 0.000000 1.000000 0.000000
0.986855 0.161606 0.000000 69.800932 -0.161606 0.986855 0.000000 -6.425227 0.000000 0.000000 1.000000 0.000000
0.986770 0.162123 0.000000 70.056789 -0.162123 0.986770 0.000000 -6.459757 0.000000 0.000000 1.000000 0.000000
0.986633 0.162959 0.000000 70.301376 -0.162959 0.986633 0.000000 -6.505289 0.000000 0.000000 1.000000 0.000000
0.986603 0.163140 0.000000 70.564994 -0.163140 0.986603 0.000000 -6.541828 0.000000 0.000000 1.000000 0.000000
0.986155 0.165824 0.000000 70.989490 -0.165824 0.986155 0.000000 -6.628662 0.000000 0.000000 1.000000 0.000000
0.985979 0.166867 0.000000 71.255890 -0.166867 0.985979 0.000000 -6.682462 0.000000 0.000000 1.000000 0.000000
0.985971 0.166920 0.000000 71.521472 -0.166920 0.985971 0.000000 -6.746077 0.000000 0.000000 1.000000 0.000000
0.985755 0.168185 0.000000 71.781464 -0.168185 0.985755 0.000000 -6.792093 0.000000 0.000000 1.000000 0.000000
0.985676 0.168651 0.000000 72.063047 -0.168651 0.985676 0.000000 -6.856625 0.000000 0.000000 1.000000 0.000000
0.985571 0.169260 0.000000 72.343565 -0.169260 0.985571 0.000000 -6.905805 0.000000 0.000000 1.000000 0.000000
0.985421 0.170134 0.000000 72.601365 -0.170134 0.985421 0.000000 -6.963003 0.000000 0.000000 1.000000 0.000000
0.985380 0.170369 0.000000 72.890929 -0.170369 0.985380 0.000000 -7.019484 0.000000 0.000000 1.000000 0.000000
0.984914 0.173043 0.000000 73.169924 -0.173043 0.984914 0.000000 -7.071641 0.000000 0.000000 1.000000 0.000000
0.984768 0.173872 0.000000 73.422192 -0.173872 0.984768 0.000000 -7.129909 0.000000 0.000000 1.000000 0.000000
0.984733 0.174074 0.000000 73.704606 -0.174074 0.984733 0.000000 -7.170734 0.000000 0.000000 1.000000 0.000000
0.984254 0.176762 0.000000 73.966089 -0.176762 0.984254 0.000000 -7.211134 0.000000 0.000000 1.000000 0.000000
0.984110 0.177561 0.000000 74.742992 -0.177561 0.984110 0.000000 -7.360810 0.000000 0.000000 1.000000 0.000000
0.983559 0.180584 0.000000 75.034379 -0.180584 0.983559 0.000000 -7.406306 0.000000 0.000000 1.000000 0.000000
0.983105 0.183042 0.000000 75.327072 -0.183042 0.983105 0.000000 -7.443538 0.000000 0.000000 1.000000 0.000000
0.982867 0.184315 0.000000 75.610998 -0.184315 0.982867 0.000000 -7.486345 0.000000 0.000000 1.000000 0.000000
0.983192 0.182573 0.000000 75.910679 -0.182573 0.983192 0.000000 -7.552057 0.000000 0.000000 1.000000 0.000000
0.982618 0.185639 0.000000 76.479230 -0.185639 0.982618 0.000000 -7.682397 0.000000 0.000000 1.000000 0.000000
0.982210 0.187788 0.000000 76.770906 -0.187788 0.982210 0.000000 -7.745719 0.000000 0.000000 1.000000 0.000000
0.982293 0.187350 0.000000 77.057858 -0.187350 0.982293 0.000000 -7.808205 0.000000 0.000000 1.000000 0.000000
0.982080 0.188462 0.000000 77.521325 -0.188462 0.982080 0.000000 -7.902153 0.000000 0.000000 1.000000 0.000000
0.981393 0.192008 0.000000 77.847399 -0.192008 0.981393 0.000000 -7.956715 0.000000 0.000000 1.000000 0.000000
0.979587 0.201022 0.000000 78.384704 -0.201022 0.979587 0.000000 -8.084315 0.000000 0.000000 1.000000 0.000000
0.979496 0.201463 0.000000 78.713831 -0.201463 0.979496 0.000000 -8.176521 0.000000 0.000000 1.000000 0.000000
0.979463 0.201626 0.000000 79.055906 -0.201626 0.979463 0.000000 -8.231533 0.000000 0.000000 1.000000 0.000000
0.978145 0.207925 0.000000 79.370711 -0.207925 0.978145 0.000000 -8.309107 0.000000 0.000000 1.000000 0.000000
0.978216 0.207591 0.000000 79.718197 -0.207591 0.978216 0.000000 -8.381381 0.000000 0.000000 1.000000 0.000000
0.977626 0.210352 0.000000 80.283132 -0.210352 0.977626 0.000000 -8.501111 0.000000 0.000000 1.000000 0.000000
0.978219 0.207577 0.000000 80.635541 -0.207577 0.978219 0.000000 -8.562155 0.000000 0.000000 1.000000 0.000000
0.978064 0.208305 0.000000 81.021868 -0.208305 0.978064 0.000000 -8.652435 0.000000 0.000000 1.000000 0.000000
0.977790 0.209588 0.000000 81.376622 -0.209588 0.977790 0.000000 -8.738933 0.000000 0.000000 1.000000 0.000000
0.977593 0.210505 0.000000 82.016892 -0.210505 0.977593 0.000000 -8.909287 0.000000 0.000000 1.000000 0.000000
0.977390 0.211445 0.000000 82.668480 -0.211445 0.977390 0.000000 -9.044353 0.000000 0.000000 1.000000 0.000000
0.977878 0.209176 0.000000 83.057272 -0.209176 0.977878 0.000000 -9.150896 0.000000 0.000000 1.000000 0.000000
0.978043 0.208403 0.000000 83.478390 -0.208403 0.978043 0.000000 -9.221336 0.000000 0.000000 1.000000 0.000000
0.977381 0.211487 0.000000 83.874758 -0.211487 0.977381 0.000000 -9.316885 0.000000 0.000000 1.000000 0.000000
0.977246 0.212110 0.000000 84.286556 -0.212110 0.977246 0.000000 -9.435566 0.000000 0.000000 1.000000 0.000000
0.976901 0.213692 0.000000 84.691654 -0.213692 0.976901 0.000000 -9.522031 0.000000 0.000000 1.000000 0.000000
0.977224 0.212209 0.000000 85.138029 -0.212209 0.977224 0.000000 -9.631563 0.000000 0.000000 1.000000 0.000000
0.978388 0.206777 0.000000 85.825581 -0.206777 0.978388 0.000000 -9.765033 0.000000 0.000000 1.000000 0.000000
0.978095 0.208158 0.000000 86.628489 -0.208158 0.978095 0.000000 -9.948223 0.000000 0.000000 1.000000 0.000000
0.978297 0.207207 0.000000 87.093024 -0.207207 0.978297 0.000000 -10.060901 0.000000 0.000000 1.000000 0.000000
0.977647 0.210254 0.000000 87.570939 -0.210254 0.977647 0.000000 -10.169415 0.000000 0.000000 1.000000 0.000000
0.977058 0.212973 0.000000 88.025922 -0.212973 0.977058 0.000000 -10.278341 0.000000 0.000000 1.000000 0.000000
0.976040 0.217589 0.000000 88.532734 -0.217589 0.976040 0.000000 -10.370908 0.000000 0.000000 1.000000 0.000000
0.976404 0.215952 0.000000 88.974876 -0.215952 0.976404 0.000000 -10.474172 0.000000 0.000000 1.000000 0.000000
0.975159 0.221506 0.000000 89.469219 -0.221506 0.975159 0.000000 -10.592464 0.000000 0.000000 1.000000 0.000000
0.974593 0.223981 0.000000 89.982029 -0.223981 0.974593 0.000000 -10.709056 0.000000 0.000000 1.000000 0.000000
0.974088 0.226168 0.000000 90.503177 -0.226168 0.974088 0.000000 -10.814186 0.000000 0.000000 1.000000 0.000000
0.973676 0.227937 0.000000 90.988883 -0.227937 0.973676 0.000000 -10.929242 0.000000 0.000000 1.000000 0.000000
0.973412 0.229060 0.000000 91.510184 -0.229060 0.973412 0.000000 -11.061914 0.000000 0.000000 1.000000 0.000000
0.972246 0.233963 0.000000 92.452738 -0.233963 0.972246 0.000000 -11.300156 0.000000 0.000000 1.000000 0.000000
0.972303 0.233722 0.000000 92.979394 -0.233722 0.972303 0.000000 -11.437806 0.000000 0.000000 1.000000 0.000000
0.972318 0.233663 0.000000 93.534287 -0.233663 0.972318 0.000000 -11.563146 0.000000 0.000000 1.000000 0.000000
0.971184 0.238330 0.000000 94.080675 -0.238330 0.971184 0.000000 -11.688204 0.000000 0.000000 1.000000 0.000000
0.970200 0.242306 0.000000 94.621398 -0.242306 0.970200 0.000000 -11.825200 0.000000 0.000000 1.000000 0.000000
0.970477 0.241193 0.000000 95.459883 -0.241193 0.970477 0.000000 -12.053857 0.000000 0.000000 1.000000 0.000000
0.969948 0.243310 0.000000 95.980922 -0.243310 0.969948 0.000000 -12.200602 0.000000 0.000000 1.000000 0.000000
0.967339 0.253486 0.000000 97.073091 -0.253486 0.967339 0.000000 -12.489477 0.000000 0.000000 1.000000 0.000000
0.966408 0.257011 0.000000 97.801077 -0.257011 0.966408 0.000000 -12.706882 0.000000 0.000000 1.000000 0.000000
0.965639 0.259886 0.000000 98.385032 -0.259886 0.965639 0.000000 -12.850063 0.000000 0.000000 1.000000 0.000000
0.964423 0.264362 0.000000 98.958315 -0.264362 0.964423 0.000000 -13.024588 0.000000 0.000000 1.000000 0.000000
0.963251 0.268602 0.000000 99.535581 -0.268602 0.963251 0.000000 -13.171551 0.000000 0.000000 1.000000 0.000000
0.962897 0.269868 0.000000 100.117822 -0.269868 0.962897 0.000000 -13.339470 0.000000 0.000000 1.000000 0.000000
0.962546 0.271118 0.000000 100.735434 -0.271118 0.962546 0.000000 -13.523405 0.000000 0.000000 1.000000 0.000000
0.961826 0.273662 0.000000 101.291075 -0.273662 0.961826 0.000000 -13.690823 0.000000 0.000000 1.000000 0.000000
0.960924 0.276812 0.000000 101.869549 -0.276812 0.960924 0.000000 -13.868977 0.000000 0.000000 1.000000 0.000000
0.960453 0.278440 0.000000 102.471576 -0.278440 0.960453 0.000000 -14.035203 0.000000 0.000000 1.000000 0.000000
0.961420 0.275083 0.000000 103.027549 -0.275083 0.961420 0.000000 -14.197904 0.000000 0.000000 1.000000 0.000000
0.961974 0.273139 0.000000 103.625407 -0.273139 0.961974 0.000000 -14.365431 0.000000 0.000000 1.000000 0.000000
0.961684 0.274160 0.000000 104.219872 -0.274160 0.961684 0.000000 -14.557324 0.000000 0.000000 1.000000 0.000000
0.961299 0.275506 0.000000 104.768472 -0.275506 0.961299 0.000000 -14.719280 0.000000 0.000000 1.000000 0.000000
0.961149 0.276030 0.000000 105.828085 -0.276030 0.961149 0.000000 -15.039879 0.000000 0.000000 1.000000 0.000000
0.960733 0.277476 0.000000 106.468439 -0.277476 0.960733 0.000000 -15.234665 0.000000 0.000000 1.000000 0.000000
0.960584 0.277991 0.000000 107.076217 -0.277991 0.960584 0.000000 -15.410636 0.000000 0.000000 1.000000 0.000000
0.959833 0.280571 0.000000 107.677914 -0.280571 0.959833 0.000000 -15.591031 0.000000 0.000000 1.000000 0.000000
0.959018 0.283344 0.000000 108.274238 -0.283344 0.959018 0.000000 -15.763866 0.000000 0.000000 1.000000 0.000000
0.959507 0.281686 0.000000 108.883176 -0.281686 0.959507 0.000000 -15.965486 0.000000 0.000000 1.000000 0.000000
0.959301 0.282384 0.000000 109.441879 -0.282384 0.959301 0.000000 -16.148566 0.000000 0.000000 1.000000 0.000000
0.959209 0.282698 0.000000 110.060548 -0.282698 0.959209 0.000000 -16.313471 0.000000 0.000000 1.000000 0.000000
0.959187 0.282771 0.000000 110.640413 -0.282771 0.959187 0.000000 -16.480636 0.000000 0.000000 1.000000 0.000000
0.958641 0.284618 0.000000 111.260433 -0.284618 0.958641 0.000000 -16.680226 0.000000 0.000000 1.000000 0.000000
0.957857 0.287245 0.000000 111.878830 -0.287245 0.957857 0.000000 -16.895786 0.000000 0.000000 1.000000 0.000000
0.957652 0.287927 0.000000 112.514784 -0.287927 0.957652 0.000000 -17.075668 0.000000 0.000000 1.000000 0.000000
0.957872 0.287197 0.000000 113.297719 -0.287197 0.957872 0.000000 -17.323762 0.000000 0.000000 1.000000 0.000000
0.957577 0.288177 0.000000 113.888891 -0.288177 0.957577 0.000000 -17.480543 0.000000 0.000000 1.000000 0.000000
0.955802 0.294010 0.000000 114.519914 -0.294010 0.955802 0.000000 -17.680978 0.000000 0.000000 1.000000 0.000000
0.956820 0.290681 0.000000 115.517821 -0.290681 0.956820 0.000000 -17.986298 0.000000 0.000000 1.000000 0.000000
0.956424 0.291983 0.000000 116.142359 -0.291983 0.956424 0.000000 -18.213990 0.000000 0.000000 1.000000 0.000000
0.956147 0.292889 0.000000 116.787134 -0.292889 0.956147 0.000000 -18.420606 0.000000 0.000000 1.000000 0.000000
0.955356 0.295459 0.000000 117.424275 -0.295459 0.955356 0.000000 -18.630595 0.000000 0.000000 1.000000 0.000000
0.955256 0.295782 0.000000 118.052528 -0.295782 0.955256 0.000000 -18.839473 0.000000 0.000000 1.000000 0.000000
0.955109 0.296256 0.000000 118.695686 -0.296256 0.955109 0.000000 -19.049390 0.000000 0.000000 1.000000 0.000000
0.955304 0.295626 0.000000 119.301355 -0.295626 0.955304 0.000000 -19.245295 0.000000 0.000000 1.000000 0.000000
0.955234 0.295852 0.000000 120.422175 -0.295852 0.955234 0.000000 -19.630843 0.000000 0.000000 1.000000 0.000000
0.955787 0.294061 0.000000 121.055759 -0.294061 0.955787 0.000000 -19.874103 0.000000 0.000000 1.000000 0.000000
0.955952 0.293522 0.000000 121.683632 -0.293522 0.955952 0.000000 -20.101267 0.000000 0.000000 1.000000 0.000000
0.955778 0.294088 0.000000 122.327377 -0.294088 0.955778 0.000000 -20.314391 0.000000 0.000000 1.000000 0.000000
0.955264 0.295755 0.000000 123.632424 -0.295755 0.955264 0.000000 -20.756032 0.000000 0.000000 1.000000 0.000000
0.955528 0.294899 0.000000 124.220186 -0.294899 0.955528 0.000000 -20.946818 0.000000 0.000000 1.000000 0.000000
0.954586 0.297934 0.000000 124.872028 -0.297934 0.954586 0.000000 -21.147535 0.000000 0.000000 1.000000 0.000000
0.955172 0.296052 0.000000 125.460114 -0.296052 0.955172 0.000000 -21.346350 0.000000 0.000000 1.000000 0.000000
0.954682 0.297627 0.000000 126.058056 -0.297627 0.954682 0.000000 -21.521899 0.000000 0.000000 1.000000 0.000000
0.923984 -0.382431 0.000000 134.757186 0.382431 0.923984 0.000000 -16.899065 0.000000 0.000000 1.000000 0.000000
0.921855 -0.387534 0.000000 135.359389 0.387534 0.921855 0.000000 -16.629207 0.000000 0.000000 1.000000 0.000000
0.922726 -0.385456 0.000000 135.931213 0.385456 0.922726 0.000000 -16.375182 0.000000 0.000000 1.000000 0.000000
0.921105 -0.389315 0.000000 136.529030 0.389315 0.921105 0.000000 -16.130780 0.000000 0.000000 1.000000 0.000000
0.921948 -0.387313 0.000000 137.127704 0.387313 0.921948 0.000000 -15.931105 0.000000 0.000000 1.000000 0.000000
0.920490 -0.390765 0.000000 137.727080 0.390765 0.920490 0.000000 -15.695987 0.000000 0.000000 1.000000 0.000000
0.921881 -0.387473 0.000000 138.348734 0.387473 0.921881 0.000000 -15.478419 0.000000 0.000000 1.000000 0.000000
0.921396 -0.388625 0.000000 139.121372 0.388625 0.921396 0.000000 -15.164851 0.000000 0.000000 1.000000 0.000000
0.921981 -0.387234 0.000000 139.726812 0.387234 0.921981 0.000000 -14.938278 0.000000 0.000000 1.000000 0.000000
0.923246 -0.384210 0.000000 140.332206 0.384210 0.923246 0.000000 -14.675466 0.000000 0.000000 1.000000 0.000000
0.923880 -0.382683 0.000000 141.219565 0.382683 0.923880 0.000000 -14.304787 0.000000 0.000000 1.000000 0.000000
0.923544 -0.383493 0.000000 141.819008 0.383493 0.923544 0.000000 -14.061230 0.000000 0.000000 1.000000 0.000000
0.923569 -0.383432 0.000000 142.423453 0.383432 0.923569 0.000000 -13.817001 0.000000 0.000000 1.000000 0.000000
0.923366 -0.383921 0.000000 143.019878 0.383921 0.923366 0.000000 -13.581170 0.000000 0.000000 1.000000 0.000000
0.923197 -0.384328 0.000000 143.622479 0.384328 0.923197 0.000000 -13.339339 0.000000 0.000000 1.000000 0.000000
0.923727 -0.383052 0.000000 144.511357 0.383052 0.923727 0.000000 -12.965303 0.000000 0.000000 1.000000 0.000000
0.924118 -0.382107 0.000000 145.092954 0.382107 0.924118 0.000000 -12.742071 0.000000 0.000000 1.000000 0.000000
0.924533 -0.381102 0.000000 145.679351 0.381102 0.924533 0.000000 -12.496818 0.000000 0.000000 1.000000 0.000000
0.925093 -0.379740 0.000000 146.235815 0.379740 0.925093 0.000000 -12.274502 0.000000 0.000000 1.000000 0.000000
0.926611 -0.376022 0.000000 147.010449 0.376022 0.926611 0.000000 -11.979151 0.000000 0.000000 1.000000 0.000000
0.926578 -0.376101 0.000000 147.608369 0.376101 0.926578 0.000000 -11.769177 0.000000 0.000000 1.000000 0.000000
0.926366 -0.376625 0.000000 148.204621 0.376625 0.926366 0.000000 -11.534052 0.000000 0.000000 1.000000 0.000000
0.926036 -0.377436 0.000000 148.791990 0.377436 0.926036 0.000000 -11.299665 0.000000 0.000000 1.000000 0.000000
0.925106 -0.379710 0.000000 149.374733 0.379710 0.925106 0.000000 -11.063575 0.000000 0.000000 1.000000 0.000000
0.925382 -0.379036 0.000000 150.512780 0.379036 0.925382 0.000000 -10.642369 0.000000 0.000000 1.000000 0.000000
0.924237 -0.381818 0.000000 151.042042 0.381818 0.924237 0.000000 -10.408567 0.000000 0.000000 1.000000 0.000000
0.925642 -0.378401 0.000000 151.602845 0.378401 0.925642 0.000000 -10.177199 0.000000 0.000000 1.000000 0.000000
0.924928 -0.380142 0.000000 152.162319 0.380142 0.924928 0.000000 -9.952649 0.000000 0.000000 1.000000 0.000000
0.925389 -0.379019 0.000000 152.694112 0.379019 0.925389 0.000000 -9.755213 0.000000 0.000000 1.000000 0.000000
0.925153 -0.379593 0.000000 153.271549 0.379593 0.925153 0.000000 -9.528531 0.000000 0.000000 1.000000 0.000000
0.923449 -0.383721 0.000000 153.964968 0.383721 0.923449 0.000000 -9.270184 0.000000 0.000000 1.000000 0.000000
0.923585 -0.383393 0.000000 154.535887 0.383393 0.923585 0.000000 -9.047016 0.000000 0.000000 1.000000 0.000000
0.923589 -0.383383 0.000000 155.051920 0.383383 0.923589 0.000000 -8.855642 0.000000 0.000000 1.000000 0.000000
0.923718 -0.383073 0.000000 155.626336 0.383073 0.923718 0.000000 -8.630472 0.000000 0.000000 1.000000 0.000000
0.924535 -0.381098 0.000000 156.187556 0.381098 0.924535 0.000000 -8.408086 0.000000 0.000000 1.000000 0.000000
0.924756 -0.380561 0.000000 156.720785 0.380561 0.924756 0.000000 -8.195744 0.000000 0.000000 1.000000 0.000000
0.924966 -0.380050 0.000000 157.287961 0.380050 0.924966 0.000000 -7.972747 0.000000 0.000000 1.000000 0.000000
0.923835 -0.382792 0.000000 157.804696 0.382792 0.923835 0.000000 -7.765650 0.000000 0.000000 1.000000 0.000000
0.924579 -0.380991 0.000000 158.358928 0.380991 0.924579 0.000000 -7.539538 0.000000 0.000000 1.000000 0.000000
0.925271 -0.379307 0.000000 158.909810 0.379307 0.925271 0.000000 -7.307166 0.000000 0.000000 1.000000 0.000000
0.926475 -0.376357 0.000000 159.604491 0.376357 0.926475 0.000000 -7.035747 0.000000 0.000000 1.000000 0.000000
0.927451 -0.373945 0.000000 160.121055 0.373945 0.927451 0.000000 -6.831925 0.000000 0.000000 1.000000 0.000000
0.927921 -0.372777 0.000000 160.665957 0.372777 0.927921 0.000000 -6.638205 0.000000 0.000000 1.000000 0.000000
0.928462 -0.371428 0.000000 161.181617 0.371428 0.928462 0.000000 -6.443337 0.000000 0.000000 1.000000 0.000000
0.928757 -0.370689 0.000000 161.730283 0.370689 0.928757 0.000000 -6.234251 0.000000 0.000000 1.000000 0.000000
0.928189 -0.372108 0.000000 162.243015 0.372108 0.928189 0.000000 -6.026122 0.000000 0.000000 1.000000 0.000000
0.928756 -0.370691 0.000000 162.940493 0.370691 0.928756 0.000000 -5.760125 0.000000 0.000000 1.000000 0.000000
0.928753 -0.370700 0.000000 163.441698 0.370700 0.928753 0.000000 -5.562152 0.000000 0.000000 1.000000 0.000000
0.931202 -0.364505 0.000000 163.983346 0.364505 0.931202 0.000000 -5.370660 0.000000 0.000000 1.000000 0.000000
0.931218 -0.364462 0.000000 164.486725 0.364462 0.931218 0.000000 -5.170562 0.000000 0.000000 1.000000 0.000000
0.929989 -0.367587 0.000000 165.019161 0.367587 0.929989 0.000000 -4.955844 0.000000 0.000000 1.000000 0.000000
0.930266 -0.366885 0.000000 165.525921 0.366885 0.930266 0.000000 -4.756007 0.000000 0.000000 1.000000 0.000000
0.930795 -0.365542 0.000000 166.259931 0.365542 0.930795 0.000000 -4.477943 0.000000 0.000000 1.000000 0.000000
0.931674 -0.363295 0.000000 166.808447 0.363295 0.931674 0.000000 -4.270593 0.000000 0.000000 1.000000 0.000000
0.930076 -0.367368 0.000000 167.348450 0.367368 0.930076 0.000000 -4.068036 0.000000 0.000000 1.000000 0.000000
0.929464 -0.368913 0.000000 167.885911 0.368913 0.929464 0.000000 -3.867718 0.000000 0.000000 1.000000 0.000000
0.928702 -0.370827 0.000000 168.427879 0.370827 0.928702 0.000000 -3.668374 0.000000 0.000000 1.000000 0.000000
0.929606 -0.368554 0.000000 168.955949 0.368554 0.929606 0.000000 -3.460553 0.000000 0.000000 1.000000 0.000000
0.929411 -0.369045 0.000000 169.484184 0.369045 0.929411 0.000000 -3.249972 0.000000 0.000000 1.000000 0.000000
0.928267 -0.371914 0.000000 169.989396 0.371914 0.928267 0.000000 -3.048499 0.000000 0.000000 1.000000 0.000000
0.926835 -0.375469 0.000000 170.519815 0.375469 0.926835 0.000000 -2.860526 0.000000 0.000000 1.000000 0.000000
0.926711 -0.375776 0.000000 171.064950 0.375776 0.926711 0.000000 -2.665089 0.000000 0.000000 1.000000 0.000000
0.926365 -0.376628 0.000000 171.585259 0.376628 0.926365 0.000000 -2.492927 0.000000 0.000000 1.000000 0.000000
0.926305 -0.376775 0.000000 172.146250 0.376775 0.926305 0.000000 -2.308944 0.000000 0.000000 1.000000 0.000000
0.925050 -0.379845 0.000000 172.663945 0.379845 0.925050 0.000000 -2.117040 0.000000 0.000000 1.000000 0.000000
0.925315 -0.379198 0.000000 173.200844 0.379198 0.925315 0.000000 -1.905065 0.000000 0.000000 1.000000 0.000000
0.923349 -0.383961 0.000000 173.725320 0.383961 0.923349 0.000000 -1.696475 0.000000 0.000000 1.000000 0.000000
0.921499 -0.388380 0.000000 174.268346 0.388380 0.921499 0.000000 -1.481460 0.000000 0.000000 1.000000 0.000000
0.920278 -0.391265 0.000000 174.783544 0.391265 0.920278 0.000000 -1.301843 0.000000 0.000000 1.000000 0.000000
0.918753 -0.394832 0.000000 175.306220 0.394832 0.918753 0.000000 -1.087066 0.000000 0.000000 1.000000 0.000000
0.917007 -0.398872 0.000000 175.791286 0.398872 0.917007 0.000000 -0.887490 0.000000 0.000000 1.000000 0.000000
0.914558 -0.404454 0.000000 176.343753 0.404454 0.914558 0.000000 -0.653789 0.000000 0.000000 1.000000 0.000000
0.912533 -0.409002 0.000000 177.035853 0.409002 0.912533 0.000000 -0.363537 0.000000 0.000000 1.000000 0.000000
0.911960 -0.410278 0.000000 177.572673 0.410278 0.911960 0.000000 -0.132395 0.000000 0.000000 1.000000 0.000000
0.910761 -0.412933 0.000000 178.058575 0.412933 0.910761 0.000000 0.059862 0.000000 0.000000 1.000000 0.000000
0.911233 -0.411892 0.000000 178.584318 0.411892 0.911233 0.000000 0.295535 0.000000 0.000000 1.000000 0.000000
0.910652 -0.413174 0.000000 179.243984 0.413174 0.910652 0.000000 0.574723 0.000000 0.000000 1.000000 0.000000
0.908950 -0.416904 0.000000 180.284726 0.416904 0.908950 0.000000 1.033162 0.000000 0.000000 1.000000 0.000000
0.907785 -0.419436 0.000000 180.805273 0.419436 0.907785 0.000000 1.261677 0.000000 0.000000 1.000000 0.000000
0.906801 -0.421559 0.000000 181.327290 0.421559 0.906801 0.000000 1.484346 0.000000 0.000000 1.000000 0.000000
0.907098 -0.420918 0.000000 181.834867 0.420918 0.907098 0.000000 1.710381 0.000000 0.000000 1.000000 0.000000
0.905830 -0.423641 0.000000 182.356481 0.423641 0.905830 0.000000 1.921677 0.000000 0.000000 1.000000 0.000000
0.905077 -0.425249 0.000000 182.858413 0.425249 0.905077 0.000000 2.147677 0.000000 0.000000 1.000000 0.000000
0.905715 -0.423886 0.000000 183.378360 0.423886 0.905715 0.000000 2.385152 0.000000 0.000000 1.000000 0.000000
0.905408 -0.424542 0.000000 183.881853 0.424542 0.905408 0.000000 2.615856 0.000000 0.000000 1.000000 0.000000
0.905671 -0.423981 0.000000 184.352377 0.423981 0.905671 0.000000 2.825008 0.000000 0.000000 1.000000 0.000000
0.906351 -0.422526 0.000000 184.820898 0.422526 0.906351 0.000000 3.023670 0.000000 0.000000 1.000000 0.000000
0.906296 -0.422644 0.000000 185.315834 0.422644 0.906296 0.000000 3.252845 0.000000 0.000000 1.000000 0.000000
0.905731 -0.423852 0.000000 185.787773 0.423852 0.905731 0.000000 3.467345 0.000000 0.000000 1.000000 0.000000
0.904920 -0.425581 0.000000 186.285089 0.425581 0.904920 0.000000 3.691890 0.000000 0.000000 1.000000 0.000000
0.904405 -0.426674 0.000000 186.739142 0.426674 0.904405 0.000000 3.936474 0.000000 0.000000 1.000000 0.000000
0.904767 -0.425908 0.000000 187.244807 0.425908 0.904767 0.000000 4.160984 0.000000 0.000000 1.000000 0.000000
0.904584 -0.426294 0.000000 187.713331 0.426294 0.904584 0.000000 4.368135 0.000000 0.000000 1.000000 0.000000
0.902984 -0.429675 0.000000 188.212013 0.429675 0.902984 0.000000 4.606872 0.000000 0.000000 1.000000 0.000000
0.902231 -0.431253 0.000000 188.670996 0.431253 0.902231 0.000000 4.800390 0.000000 0.000000 1.000000 0.000000
0.902122 -0.431482 0.000000 189.164963 0.431482 0.902122 0.000000 5.026446 0.000000 0.000000 1.000000 0.000000
0.902384 -0.430934 0.000000 189.625640 0.430934 0.902384 0.000000 5.240650 0.000000 0.000000 1.000000 0.000000
0.902634 -0.430410 0.000000 190.100934 0.430410 0.902634 0.000000 5.497339 0.000000 0.000000 1.000000 0.000000
0.902066 -0.431597 0.000000 190.711501 0.431597 0.902066 0.000000 5.766351 0.000000 0.000000 1.000000 0.000000
0.900089 -0.435706 0.000000 191.194819 0.435706 0.900089 0.000000 5.995297 0.000000 0.000000 1.000000 0.000000
0.898161 -0.439668 0.000000 191.668859 0.439668 0.898161 0.000000 6.209978 0.000000 0.000000 1.000000 0.000000
0.897868 -0.440265 0.000000 192.125016 0.440265 0.897868 0.000000 6.435644 0.000000 0.000000 1.000000 0.000000
0.894582 -0.446904 0.000000 192.787549 0.446904 0.894582 0.000000 6.756007 0.000000 0.000000 1.000000 0.000000
0.893305 -0.449450 0.000000 193.265489 0.449450 0.893305 0.000000 6.981413 0.000000 0.000000 1.000000 0.000000
0.891913 -0.452207 0.000000 193.725874 0.452207 0.891913 0.000000 7.219444 0.000000 0.000000 1.000000 0.000000
0.891539 -0.452944 0.000000 194.182861 0.452944 0.891539 0.000000 7.445476 0.000000 0.000000 1.000000 0.000000
0.888313 -0.459239 0.000000 194.649318 0.459239 0.888313 0.000000 7.696051 0.000000 0.000000 1.000000 0.000000
0.882679 -0.469977 0.000000 195.559137 0.469977 0.882679 0.000000 8.163238 0.000000 0.000000 1.000000 0.000000
0.881290 -0.472576 0.000000 195.999356 0.472576 0.881290 0.000000 8.393084 0.000000 0.000000 1.000000 0.000000
0.877376 -0.479803 0.000000 196.444462 0.479803 0.877376 0.000000 8.616148 0.000000 0.000000 1.000000 0.000000
0.873344 -0.487104 0.000000 196.854989 0.487104 0.873344 0.000000 8.834040 0.000000 0.000000 1.000000 0.000000
0.869885 -0.493255 0.000000 197.290143 0.493255 0.869885 0.000000 9.086734 0.000000 0.000000 1.000000 0.000000
0.865476 -0.500950 0.000000 197.715040 0.500950 0.865476 0.000000 9.315905 0.000000 0.000000 1.000000 0.000000
0.855583 -0.517665 0.000000 198.539249 0.517665 0.855583 0.000000 9.796085 0.000000 0.000000 1.000000 0.000000
0.850882 -0.525358 0.000000 198.969486 0.525358 0.850882 0.000000 10.061210 0.000000 0.000000 1.000000 0.000000
0.845088 -0.534628 0.000000 199.348015 0.534628 0.845088 0.000000 10.303491 0.000000 0.000000 1.000000 0.000000
0.838683 -0.544619 0.000000 199.921210 0.544619 0.838683 0.000000 10.667259 0.000000 0.000000 1.000000 0.000000
0.832664 -0.553778 0.000000 200.335420 0.553778 0.832664 0.000000 10.909977 0.000000 0.000000 1.000000 0.000000
0.826792 -0.562508 0.000000 200.740957 0.562508 0.826792 0.000000 11.163977 0.000000 0.000000 1.000000 0.000000
0.821132 -0.570738 0.000000 201.127522 0.570738 0.821132 0.000000 11.412490 0.000000 0.000000 1.000000 0.000000
0.815883 -0.578216 0.000000 201.521550 0.578216 0.815883 0.000000 11.674276 0.000000 0.000000 1.000000 0.000000
