0.999995 0.003033 0.000000 0.604192 -0.003033 0.999995 0.000000 0.005797 0.000000 0.000000 1.000000 0.000000
0.999981 0.006245 0.000000 1.177844 -0.006245 0.999981 0.000000 -0.000828 0.000000 0.000000 1.000000 0.000000
0.999922 0.012482 0.000000 2.347089 -0.012482 0.999922 0.000000 0.012988 0.000000 0.000000 1.000000 0.000000
0.999911 0.013310 0.000000 2.898049 -0.013310 0.999911 0.000000 -0.009431 0.000000 0.000000 1.000000 0.000000
0.999821 0.018937 0.000000 4.059293 -0.018937 0.999821 0.000000 -0.086308 0.000000 0.000000 1.000000 0.000000
0.999792 0.020418 0.000000 4.646340 -0.020418 0.999792 0.000000 -0.097466 0.000000 0.000000 1.000000 0.000000
0.999711 0.024028 0.000000 5.194198 -0.024028 0.999711 0.000000 -0.117448 0.000000 0.000000 1.000000 0.000000
0.999643 0.026719 0.000000 5.783670 -0.026719 0.999643 0.000000 -0.167262 0.000000 0.000000 1.000000 0.000000
0.999613 0.027828 0.000000 6.602365 -0.027828 0.999613 0.000000 -0.200578 0.000000 0.000000 1.000000 0.000000
0.999533 0.030559 0.000000 7.186797 -0.030559 0.999533 0.000000 -0.230730 0.000000 0.000000 1.000000 0.000000
0.999508 0.031360 0.000000 7.753331 -0.031360 0.999508 0.000000 -0.240831 0.000000 0.000000 1.000000 0.000000
0.999432 0.033706 0.000000 8.326715 -0.033706 0.999432 0.000000 -0.249291 0.000000 0.000000 1.000000 0.000000
0.999229 0.039271 0.000000 8.870594 -0.039271 0.999229 0.000000 -0.255221 0.000000 0.000000 1.000000 0.000000
0.998981 0.045141 0.000000 9.444470 -0.045141 0.998981 0.000000 -0.290477 0.000000 0.000000 1.000000 0.000000
0.998700 0.050968 0.000000 9.985967 -0.050968 0.998700 0.000000 -0.319465 0.000000 0.000000 1.000000 0.000000
0.998261 0.058956 0.000000 10.703437 -0.058956 0.998261 0.000000 -0.373219 0.000000 0.000000 1.000000 0.000000
0.997951 0.063979 0.000000 11.271142 -0.063979 0.997951 0.000000 -0.417239 0.000000 0.000000 1.000000 0.000000
0.997671 0.068205 0.000000 11.846663 -0.068205 0.997671 0.000000 -0.443937 0.000000 0.000000 1.000000 0.000000
0.997251 0.074102 0.000000 12.413934 -0.074102 0.997251 0.000000 -0.479298 0.000000 0.000000 1.000000 0.000000
0.996211 0.086971 0.000000 13.554644 -0.086971 0.996211 0.000000 -0.554596 0.000000 0.000000 1.000000 0.000000
0.995815 0.091388 0.000000 14.092976 -0.091388 0.995815 0.000000 -0.604127 0.000000 0.000000 1.000000 0.000000
0.995097 0.098907 0.000000 14.662435 -0.098907 0.995097 0.000000 -0.652207 0.000000 0.000000 1.000000 0.000000
0.994220 0.107365 0.000000 15.201056 -0.107365 0.994220 0.000000 -0.718434 0.000000 0.000000 1.000000 0.000000
0.993433 0.114418 0.000000 15.771328 -0.114418 0.993433 0.000000 -0.782501 0.000000 0.000000 1.000000 0.000000
0.992708 0.120543 0.000000 16.299643 -0.120543 0.992708 0.000000 -0.842579 0.000000 0.000000 1.000000 0.000000
0.992163 0.124951 0.000000 16.864773 -0.124951 0.992163 0.000000 -0.916925 0.000000 0.000000 1.000000 0.000000
0.991402 0.130854 0.000000 17.393179 -0.130854 0.991402 0.000000 -0.994886 0.000000 0.000000 1.000000 0.000000
0.990098 0.140380 0.000000 18.153878 -0.140380 0.990098 0.000000 -1.096596 0.000000 0.000000 1.000000 0.000000
0.988547 0.150912 0.000000 18.726556 -0.150912 0.988547 0.000000 -1.211264 0.000000 0.000000 1.000000 0.000000
0.987598 0.157004 0.000000 19.283396 -0.157004 0.987598 0.000000 -1.310422 0.000000 0.000000 1.000000 0.000000
0.986822 0.161807 0.000000 19.824466 -0.161807 0.986822 0.000000 -1.407783 0.000000 0.000000 1.000000 0.000000
0.985908 0.167290 0.000000 20.387568 -0.167290 0.985908 0.000000 -1.485792 0.000000 0.000000 1.000000 0.000000
0.984686 0.174337 0.000000 20.909637 -0.174337 0.984686 0.000000 -1.581321 0.000000 0.000000 1.000000 0.000000
0.983393 0.181487 0.000000 21.439943 -0.181487 0.983393 0.000000 -1.674962 0.000000 0.000000 1.000000 0.000000
0.982228 0.187689 0.000000 21.998671 -0.187689 0.982228 0.000000 -1.787445 0.000000 0.000000 1.000000 0.000000
0.980480 0.196618 0.000000 22.513244 -0.196618 0.980480 0.000000 -1.917465 0.000000 0.000000 1.000000 0.000000
0.978551 0.206003 0.000000 23.060830 -0.206003 0.978551 0.000000 -2.044194 0.000000 0.000000 1.000000 0.000000
0.976932 0.213550 0.000000 23.802073 -0.213550 0.976932 0.000000 -2.192399 0.000000 0.000000 1.000000 0.000000
0.975897 0.218230 0.000000 24.343869 -0.218230 0.975897 0.000000 -2.336666 0.000000 0.000000 1.000000 0.000000
0.973963 0.226709 0.000000 24.943130 -0.226709 0.973963 0.000000 -2.432554 0.000000 0.000000 1.000000 0.000000
0.972172 0.234267 0.000000 25.491857 -0.234267 0.972172 0.000000 -2.561568 0.000000 0.000000 1.000000 0.000000
0.970517 0.241032 0.000000 26.034902 -0.241032 0.970517 0.000000 -2.695466 0.000000 0.000000 1.000000 0.000000
0.968981 0.247137 0.000000 26.538732 -0.247137 0.968981 0.000000 -2.819482 0.000000 0.000000 1.000000 0.000000
0.967306 0.253613 0.000000 27.081738 -0.253613 0.967306 0.000000 -2.937755 0.000000 0.000000 1.000000 0.000000
0.967451 0.253060 0.000000 27.575280 -0.253060 0.967451 0.000000 -3.067668 0.000000 0.000000 1.000000 0.000000
0.965708 0.259632 0.000000 28.112532 -0.259632 0.965708 0.000000 -3.206373 0.000000 0.000000 1.000000 0.000000
0.962590 0.270960 0.000000 29.133196 -0.270960 0.962590 0.000000 -3.495432 0.000000 0.000000 1.000000 0.000000
0.961258 0.275652 0.000000 29.617883 -0.275652 0.961258 0.000000 -3.617097 0.000000 0.000000 1.000000 0.000000
0.959426 0.281960 0.000000 30.136202 -0.281960 0.959426 0.000000 -3.781941 0.000000 0.000000 1.000000 0.000000
0.957432 0.288659 0.000000 30.805068 -0.288659 0.957432 0.000000 -3.983705 0.000000 0.000000 1.000000 0.000000
0.955896 0.293704 0.000000 31.287103 -0.293704 0.955896 0.000000 -4.134321 0.000000 0.000000 1.000000 0.000000
0.954355 0.298673 0.000000 31.766142 -0.298673 0.954355 0.000000 -4.290889 0.000000 0.000000 1.000000 0.000000
0.952031 0.306001 0.000000 32.278998 -0.306001 0.952031 0.000000 -4.429903 0.000000 0.000000 1.000000 0.000000
0.951273 0.308350 0.000000 32.751517 -0.308350 0.951273 0.000000 -4.577028 0.000000 0.000000 1.000000 0.000000
0.948376 0.317148 0.000000 33.414825 -0.317148 0.948376 0.000000 -4.795673 0.000000 0.000000 1.000000 0.000000
0.946673 0.322196 0.000000 33.925407 -0.322196 0.946673 0.000000 -4.982502 0.000000 0.000000 1.000000 0.000000
0.945580 0.325389 0.000000 34.428280 -0.325389 0.945580 0.000000 -5.163468 0.000000 0.000000 1.000000 0.000000
0.943756 0.330641 0.000000 34.910797 -0.330641 0.943756 0.000000 -5.327019 0.000000 0.000000 1.000000 0.000000
0.941668 0.336543 0.000000 35.416961 -0.336543 0.941668 0.000000 -5.504143 0.000000 0.000000 1.000000 0.000000
0.942118 0.335280 0.000000 35.924951 -0.335280 0.942118 0.000000 -5.676855 0.000000 0.000000 1.000000 0.000000
0.939572 0.342350 0.000000 36.390605 -0.342350 0.939572 0.000000 -5.844956 0.000000 0.000000 1.000000 0.000000
0.938054 0.346490 0.000000 36.881236 -0.346490 0.938054 0.000000 -6.044137 0.000000 0.000000 1.000000 0.000000
0.936325 0.351135 0.000000 37.366061 -0.351135 0.936325 0.000000 -6.234903 0.000000 0.000000 1.000000 0.000000
0.933706 0.358042 0.000000 37.858326 -0.358042 0.933706 0.000000 -6.437572 0.000000 0.000000 1.000000 0.000000
0.931312 0.364223 0.000000 38.329726 -0.364223 0.931312 0.000000 -6.627053 0.000000 0.000000 1.000000 0.000000
0.928775 0.370643 0.000000 38.815269 -0.370643 0.928775 0.000000 -6.816204 0.000000 0.000000 1.000000 0.000000
0.926002 0.377518 0.000000 39.290043 -0.377518 0.926002 0.000000 -6.997916 0.000000 0.000000 1.000000 0.000000
0.923790 0.382900 0.000000 39.795685 -0.382900 0.923790 0.000000 -7.193092 0.000000 0.000000 1.000000 0.000000
0.922629 0.385689 0.000000 40.252574 -0.385689 0.922629 0.000000 -7.363041 0.000000 0.000000 1.000000 0.000000
0.919403 0.393316 0.000000 40.929747 -0.393316 0.919403 0.000000 -7.658766 0.000000 0.000000 1.000000 0.000000
0.915024 0.403399 0.000000 41.631754 -0.403399 0.915024 0.000000 -7.969257 0.000000 0.000000 1.000000 0.000000
0.911981 0.410232 0.000000 42.112329 -0.410232 0.911981 0.000000 -8.176651 0.000000 0.000000 1.000000 0.000000
0.906262 0.422716 0.000000 42.944942 -0.422716 0.906262 0.000000 -8.576049 0.000000 0.000000 1.000000 0.000000
0.904108 0.427304 0.000000 43.427373 -0.427304 0.904108 0.000000 -8.797674 0.000000 0.000000 1.000000 0.000000
0.901838 0.432074 0.000000 43.915120 -0.432074 0.901838 0.000000 -9.016399 0.000000 0.000000 1.000000 0.000000
0.900984 0.433852 0.000000 44.370693 -0.433852 0.900984 0.000000 -9.284168 0.000000 0.000000 1.000000 0.000000
0.896413 0.443220 0.000000 44.841522 -0.443220 0.896413 0.000000 -9.465272 0.000000 0.000000 1.000000 0.000000
0.895576 0.444909 0.000000 45.324342 -0.444909 0.895576 0.000000 -9.710206 0.000000 0.000000 1.000000 0.000000
0.893161 0.449737 0.000000 45.752664 -0.449737 0.893161 0.000000 -9.930258 0.000000 0.000000 1.000000 0.000000
0.890222 0.455527 0.000000 46.204102 -0.455527 0.890222 0.000000 -10.168794 0.000000 0.000000 1.000000 0.000000
0.888549 0.458781 0.000000 46.658599 -0.458781 0.888549 0.000000 -10.397297 0.000000 0.000000 1.000000 0.000000
0.887917 0.460004 0.000000 47.093707 -0.460004 0.887917 0.000000 -10.642929 0.000000 0.000000 1.000000 0.000000
0.885443 0.464748 0.000000 47.498395 -0.464748 0.885443 0.000000 -10.876675 0.000000 0.000000 1.000000 0.000000
0.883406 0.468608 0.000000 47.916940 -0.468608 0.883406 0.000000 -11.112232 0.000000 0.000000 1.000000 0.000000
0.881229 0.472690 0.000000 48.309168 -0.472690 0.881229 0.000000 -11.344970 0.000000 0.000000 1.000000 0.000000
0.881009 0.473099 0.000000 48.727106 -0.473099 0.881009 0.000000 -11.587620 0.000000 0.000000 1.000000 0.000000
0.878186 0.478320 0.000000 49.109683 -0.478320 0.878186 0.000000 -11.792277 0.000000 0.000000 1.000000 0.000000
0.876759 0.480930 0.000000 49.533236 -0.480930 0.876759 0.000000 -12.023680 0.000000 0.000000 1.000000 0.000000
0.875861 0.482563 0.000000 49.929567 -0.482563 0.875861 0.000000 -12.258248 0.000000 0.000000 1.000000 0.000000
0.874564 0.484910 0.000000 50.318086 -0.484910 0.874564 0.000000 -12.460696 0.000000 0.000000 1.000000 0.000000
0.873806 0.486275 0.000000 50.715613 -0.486275 0.873806 0.000000 -12.685354 0.000000 0.000000 1.000000 0.000000
0.869212 0.494440 0.000000 51.093264 -0.494440 0.869212 0.000000 -12.895843 0.000000 0.000000 1.000000 0.000000
0.866412 0.499330 0.000000 51.461860 -0.499330 0.866412 0.000000 -13.118507 0.000000 0.000000 1.000000 0.000000
0.864496 0.502639 0.000000 51.813408 -0.502639 0.864496 0.000000 -13.356458 0.000000 0.000000 1.000000 0.000000
0.860569 0.509333 0.000000 52.186401 -0.509333 0.860569 0.000000 -13.596579 0.000000 0.000000 1.000000 0.000000
0.856981 0.515348 0.000000 52.735617 -0.515348 0.856981 0.000000 -13.941848 0.000000 0.000000 1.000000 0.000000
0.853197 0.521589 0.000000 53.121301 -0.521589 0.853197 0.000000 -14.172529 0.000000 0.000000 1.000000 0.000000
0.848217 0.529649 0.000000 53.472933 -0.529649 0.848217 0.000000 -14.383283 0.000000 0.000000 1.000000 0.000000
0.845614 0.533795 0.000000 53.804405 -0.533795 0.845614 0.000000 -14.614081 0.000000 0.000000 1.000000 0.000000
0.843176 0.537638 0.000000 54.151388 -0.537638 0.843176 0.000000 -14.839075 0.000000 0.000000 1.000000 0.000000
0.838684 0.544619 0.000000 54.498927 -0.544619 0.838684 0.000000 -15.057045 0.000000 0.000000 1.000000 0.000000
0.835785 0.549057 0.000000 54.814254 -0.549057 0.835785 0.000000 -15.297282 0.000000 0.000000 1.000000 0.000000
0.832287 0.554344 0.000000 55.139716 -0.554344 0.832287 0.000000 -15.516878 0.000000 0.000000 1.000000 0.000000
0.828640 0.559782 0.000000 55.446852 -0.559782 0.828640 0.000000 -15.732170 0.000000 0.000000 1.000000 0.000000
0.827072 0.562096 0.000000 55.769185 -0.562096 0.827072 0.000000 -15.953616 0.000000 0.000000 1.000000 0.000000
0.824909 0.565265 0.000000 56.069964 -0.565265 0.824909 0.000000 -16.167505 0.000000 0.000000 1.000000 0.000000
0.822185 0.569220 0.000000 56.678550 -0.569220 0.822185 0.000000 -16.582944 0.000000 0.000000 1.000000 0.000000
0.821855 0.569697 0.000000 56.965112 -0.569697 0.821855 0.000000 -16.775065 0.000000 0.000000 1.000000 0.000000
0.820476 0.571681 0.000000 57.230816 -0.571681 0.820476 0.000000 -16.946852 0.000000 0.000000 1.000000 0.000000
0.819408 0.573211 0.000000 57.507463 -0.573211 0.819408 0.000000 -17.137855 0.000000 0.000000 1.000000 0.000000
0.821631 0.570019 0.000000 57.792602 -0.570019 0.821631 0.000000 -17.344592 0.000000 0.000000 1.000000 0.000000
0.819330 0.573323 0.000000 58.072399 -0.573323 0.819330 0.000000 -17.520410 0.000000 0.000000 1.000000 0.000000
0.817839 0.575448 0.000000 58.334466 -0.575448 0.817839 0.000000 -17.711133 0.000000 0.000000 1.000000 0.000000
0.816838 0.576867 0.000000 58.575851 -0.576867 0.816838 0.000000 -17.897657 0.000000 0.000000 1.000000 0.000000
0.815370 0.578941 0.000000 58.830809 -0.578941 0.815370 0.000000 -18.086232 0.000000 0.000000 1.000000 0.000000
0.815520 0.578728 0.000000 59.059315 -0.578728 0.815520 0.000000 -18.263930 0.000000 0.000000 1.000000 0.000000
0.813159 0.582042 0.000000 59.293994 -0.582042 0.813159 0.000000 -18.425097 0.000000 0.000000 1.000000 0.000000
0.811685 0.584096 0.000000 59.554543 -0.584096 0.811685 0.000000 -18.602705 0.000000 0.000000 1.000000 0.000000
0.808422 0.588603 0.000000 59.915318 -0.588603 0.808422 0.000000 -18.863565 0.000000 0.000000 1.000000 0.000000
0.807182 0.590302 0.000000 60.179713 -0.590302 0.807182 0.000000 -19.051678 0.000000 0.000000 1.000000 0.000000
0.803439 0.595387 0.000000 60.414221 -0.595387 0.803439 0.000000 -19.208066 0.000000 0.000000 1.000000 0.000000
0.800765 0.598979 0.000000 60.630916 -0.598979 0.800765 0.000000 -19.390010 0.000000 0.000000 1.000000 0.000000
0.798098 0.602528 0.000000 60.848706 -0.602528 0.798098 0.000000 -19.559659 0.000000 0.000000 1.000000 0.000000
0.795610 0.605810 0.000000 61.056858 -0.605810 0.795610 0.000000 -19.720910 0.000000 0.000000 1.000000 0.000000
0.795516 0.605933 0.000000 61.270041 -0.605933 0.795516 0.000000 -19.884876 0.000000 0.000000 1.000000 0.000000
0.794885 0.606760 0.000000 61.477763 -0.606760 0.794885 0.000000 -20.040579 0.000000 0.000000 1.000000 0.000000
0.796606 0.604499 0.000000 61.715559 -0.604499 0.796606 0.000000 -20.141517 0.000000 0.000000 1.000000 0.000000
0.794956 0.606667 0.000000 61.903979 -0.606667 0.794956 0.000000 -20.302571 0.000000 0.000000 1.000000 0.000000
0.790765 0.612119 0.000000 62.264262 -0.612119 0.790765 0.000000 -20.596147 0.000000 0.000000 1.000000 0.000000
0.786804 0.617203 0.000000 62.426447 -0.617203 0.786804 0.000000 -20.730626 0.000000 0.000000 1.000000 0.000000
0.786226 0.617939 0.000000 62.570579 -0.617939 0.786226 0.000000 -20.867518 0.000000 0.000000 1.000000 0.000000
0.786398 0.617721 0.000000 62.748992 -0.617721 0.786398 0.000000 -21.018765 0.000000 0.000000 1.000000 0.000000
0.785832 0.618440 0.000000 62.911225 -0.618440 0.785832 0.000000 -21.135341 0.000000 0.000000 1.000000 0.000000
0.784041 0.620708 0.000000 63.072082 -0.620708 0.784041 0.000000 -21.254979 0.000000 0.000000 1.000000 0.000000
0.784070 0.620673 0.000000 63.233336 -0.620673 0.784070 0.000000 -21.379449 0.000000 0.000000 1.000000 0.000000
0.782417 0.622755 0.000000 63.376602 -0.622755 0.782417 0.000000 -21.490364 0.000000 0.000000 1.000000 0.000000
0.781563 0.623826 0.000000 63.527140 -0.623826 0.781563 0.000000 -21.632441 0.000000 0.000000 1.000000 0.000000
0.777855 0.628444 0.000000 63.837511 -0.628444 0.777855 0.000000 -21.875678 0.000000 0.000000 1.000000 0.000000
0.776084 0.630629 0.000000 63.984526 -0.630629 0.776084 0.000000 -21.996262 0.000000 0.000000 1.000000 0.000000
0.775492 0.631358 0.000000 64.130478 -0.631358 0.775492 0.000000 -22.113025 0.000000 0.000000 1.000000 0.000000
0.773784 0.633450 0.000000 64.380626 -0.633450 0.773784 0.000000 -22.308360 0.000000 0.000000 1.000000 0.000000
0.772529 0.634980 0.000000 64.536761 -0.634980 0.772529 0.000000 -22.441394 0.000000 0.000000 1.000000 0.000000
0.769927 0.638132 0.000000 64.684576 -0.638132 0.769927 0.000000 -22.556210 0.000000 0.000000 1.000000 0.000000
0.767777 0.640717 0.000000 64.837204 -0.640717 0.767777 0.000000 -22.689228 0.000000 0.000000 1.000000 0.000000
0.768220 0.640187 0.000000 64.995908 -0.640187 0.768220 0.000000 -22.806210 0.000000 0.000000 1.000000 0.000000
0.766743 0.641954 0.000000 65.147788 -0.641954 0.766743 0.000000 -22.927188 0.000000 0.000000 1.000000 0.000000
0.765291 0.643684 0.000000 65.291985 -0.643684 0.765291 0.000000 -23.043220 0.000000 0.000000 1.000000 0.000000
0.761764 0.647854 0.000000 65.606229 -0.647854 0.761764 0.000000 -23.297904 0.000000 0.000000 1.000000 0.000000
0.759669 0.650310 0.000000 65.765497 -0.650310 0.759669 0.000000 -23.421777 0.000000 0.000000 1.000000 0.000000
0.757999 0.652256 0.000000 65.939826 -0.652256 0.757999 0.000000 -23.559686 0.000000 0.000000 1.000000 0.000000
0.755835 0.654762 0.000000 66.100082 -0.654762 0.755835 0.000000 -23.699863 0.000000 0.000000 1.000000 0.000000
0.755037 0.655682 0.000000 66.260236 -0.655682 0.755037 0.000000 -23.838126 0.000000 0.000000 1.000000 0.000000
0.754252 0.656585 0.000000 66.414868 -0.656585 0.754252 0.000000 -23.975982 0.000000 0.000000 1.000000 0.000000
0.752115 0.659032 0.000000 66.582523 -0.659032 0.752115 0.000000 -24.099346 0.000000 0.000000 1.000000 0.000000
0.750240 0.661165 0.000000 66.755145 -0.661165 0.750240 0.000000 -24.254371 0.000000 0.000000 1.000000 0.000000
0.747302 0.664484 0.000000 66.918475 -0.664484 0.747302 0.000000 -24.402259 0.000000 0.000000 1.000000 0.000000
0.743403 0.668843 0.000000 67.096153 -0.668843 0.743403 0.000000 -24.539171 0.000000 0.000000 1.000000 0.000000
0.740053 0.672549 0.000000 67.270598 -0.672549 0.740053 0.000000 -24.686918 0.000000 0.000000 1.000000 0.000000
0.737669 0.675163 0.000000 67.420715 -0.675163 0.737669 0.000000 -24.848675 0.000000 0.000000 1.000000 0.000000
0.735310 0.677731 0.000000 67.606526 -0.677731 0.735310 0.000000 -25.013889 0.000000 0.000000 1.000000 0.000000
0.733627 0.679552 0.000000 67.771378 -0.679552 0.733627 0.000000 -25.169741 0.000000 0.000000 1.000000 0.000000
0.730127 0.683311 0.000000 67.953489 -0.683311 0.730127 0.000000 -25.352870 0.000000 0.000000 1.000000 0.000000
0.727997 0.685581 0.000000 68.114548 -0.685581 0.727997 0.000000 -25.521735 0.000000 0.000000 1.000000 0.000000
0.723040 0.690807 0.000000 68.388165 -0.690807 0.723040 0.000000 -25.787098 0.000000 0.000000 1.000000 0.000000
0.720386 0.693574 0.000000 68.570657 -0.693574 0.720386 0.000000 -25.965972 0.000000 0.000000 1.000000 0.000000
0.718765 0.695253 0.000000 68.755429 -0.695253 0.718765 0.000000 -26.162632 0.000000 0.000000 1.000000 0.000000
0.716981 0.697093 0.000000 68.933975 -0.697093 0.716981 0.000000 -26.335557 0.000000 0.000000 1.000000 0.000000
0.712327 0.701848 0.000000 69.292784 -0.701848 0.712327 0.000000 -26.738199 0.000000 0.000000 1.000000 0.000000
0.710397 0.703801 0.000000 69.476773 -0.703801 0.710397 0.000000 -26.933087 0.000000 0.000000 1.000000 0.000000
0.708165 0.706047 0.000000 69.649221 -0.706047 0.708165 0.000000 -27.131641 0.000000 0.000000 1.000000 0.000000
0.705568 0.708642 0.000000 69.833039 -0.708642 0.705568 0.000000 -27.331686 0.000000 0.000000 1.000000 0.000000
0.704572 0.709633 0.000000 70.086162 -0.709633 0.704572 0.000000 -27.582036 0.000000 0.000000 1.000000 0.000000
0.699576 0.714558 0.000000 70.281857 -0.714558 0.699576 0.000000 -27.758324 0.000000 0.000000 1.000000 0.000000
0.696546 0.717512 0.000000 70.459430 -0.717512 0.696546 0.000000 -27.938048 0.000000 0.000000 1.000000 0.000000
0.691841 0.722050 0.000000 70.643789 -0.722050 0.691841 0.000000 -28.138377 0.000000 0.000000 1.000000 0.000000
0.690904 0.722947 0.000000 70.819649 -0.722947 0.690904 0.000000 -28.321749 0.000000 0.000000 1.000000 0.000000
0.688987 0.724774 0.000000 70.990590 -0.724774 0.688987 0.000000 -28.505130 0.000000 0.000000 1.000000 0.000000
0.686421 0.727204 0.000000 71.177919 -0.727204 0.686421 0.000000 -28.689108 0.000000 0.000000 1.000000 0.000000
0.686355 0.727266 0.000000 71.342105 -0.727266 0.686355 0.000000 -28.863714 0.000000 0.000000 1.000000 0.000000
0.684423 0.729085 0.000000 71.500944 -0.729085 0.684423 0.000000 -29.043464 0.000000 0.000000 1.000000 0.000000
0.681897 0.731448 0.000000 71.684094 -0.731448 0.681897 0.000000 -29.228605 0.000000 0.000000 1.000000 0.000000
0.681540 0.731781 0.000000 71.851701 -0.731781 0.681540 0.000000 -29.395529 0.000000 0.000000 1.000000 0.000000
0.682049 0.731307 0.000000 72.070744 -0.731307 0.682049 0.000000 -29.648714 0.000000 0.000000 1.000000 0.000000
0.680769 0.732498 0.000000 72.262518 -0.732498 0.680769 0.000000 -29.848071 0.000000 0.000000 1.000000 0.000000
0.679463 0.733709 0.000000 72.427724 -0.733709 0.679463 0.000000 -30.042938 0.000000 0.000000 1.000000 0.000000
0.679629 0.733556 0.000000 72.596143 -0.733556 0.679629 0.000000 -30.249001 0.000000 0.000000 1.000000 0.000000
0.678468 0.734630 0.000000 72.776019 -0.734630 0.678468 0.000000 -30.427708 0.000000 0.000000 1.000000 0.000000
0.681589 0.731735 0.000000 72.940970 -0.731735 0.681589 0.000000 -30.621679 0.000000 0.000000 1.000000 0.000000
0.685531 0.728044 0.000000 73.097174 -0.728044 0.685531 0.000000 -30.807779 0.000000 0.000000 1.000000 0.000000
0.684484 0.729028 0.000000 73.275351 -0.729028 0.684484 0.000000 -30.984689 0.000000 0.000000 1.000000 0.000000
0.686069 0.727536 0.000000 73.435796 -0.727536 0.686069 0.000000 -31.153663 0.000000 0.000000 1.000000 0.000000
0.686652 0.726987 0.000000 73.602599 -0.726987 0.686652 0.000000 -31.321876 0.000000 0.000000 1.000000 0.000000
0.685868 0.727726 0.000000 73.920835 -0.727726 0.685868 0.000000 -31.660031 0.000000 0.000000 1.000000 0.000000
0.686763 0.726882 0.000000 74.074025 -0.726882 0.686763 0.000000 -31.833763 0.000000 0.000000 1.000000 0.000000
0.689313 0.724464 0.000000 74.228408 -0.724464 0.689313 0.000000 -32.006502 0.000000 0.000000 1.000000 0.000000
0.689859 0.723943 0.000000 74.370840 -0.723943 0.689859 0.000000 -32.158002 0.000000 0.000000 1.000000 0.000000
0.691593 0.722287 0.000000 74.522786 -0.722287 0.691593 0.000000 -32.312276 0.000000 0.000000 1.000000 0.000000
0.693028 0.720911 0.000000 74.677561 -0.720911 0.693028 0.000000 -32.450767 0.000000 0.000000 1.000000 0.000000
0.692823 0.721107 0.000000 74.824014 -0.721107 0.692823 0.000000 -32.598641 0.000000 0.000000 1.000000 0.000000
0.694470 0.719522 0.000000 75.073623 -0.719522 0.694470 0.000000 -32.850158 0.000000 0.000000 1.000000 0.000000
0.696164 0.717883 0.000000 75.210410 -0.717883 0.696164 0.000000 -33.008718 0.000000 0.000000 1.000000 0.000000
0.698496 0.715614 0.000000 75.345178 -0.715614 0.698496 0.000000 -33.169797 0.000000 0.000000 1.000000 0.000000
0.700018 0.714125 0.000000 75.492100 -0.714125 0.700018 0.000000 -33.319175 0.000000 0.000000 1.000000 0.000000
0.702762 0.711425 0.000000 75.641693 -0.711425 0.702762 0.000000 -33.461200 0.000000 0.000000 1.000000 0.000000
0.705057 0.709151 0.000000 75.782528 -0.709151 0.705057 0.000000 -33.613612 0.000000 0.000000 1.000000 0.000000
0.712547 0.701625 0.000000 76.043113 -0.701625 0.712547 0.000000 -33.891902 0.000000 0.000000 1.000000 0.000000
0.715437 0.698678 0.000000 76.158317 -0.698678 0.715437 0.000000 -34.025798 0.000000 0.000000 1.000000 0.000000
0.718231 0.695805 0.000000 76.282935 -0.695805 0.718231 0.000000 -34.156497 0.000000 0.000000 1.000000 0.000000
0.724607 0.689162 0.000000 76.488439 -0.689162 0.724607 0.000000 -34.376697 0.000000 0.000000 1.000000 0.000000
0.729031 0.684480 0.000000 76.777198 -0.684480 0.729031 0.000000 -34.647425 0.000000 0.000000 1.000000 0.000000
0.735838 0.677158 0.000000 76.929830 -0.677158 0.735838 0.000000 -34.808734 0.000000 0.000000 1.000000 0.000000
0.738979 0.673729 0.000000 77.036855 -0.673729 0.738979 0.000000 -34.904992 0.000000 0.000000 1.000000 0.000000
0.747327 0.664456 0.000000 77.241543 -0.664456 0.747327 0.000000 -35.096101 0.000000 0.000000 1.000000 0.000000
0.751145 0.660137 0.000000 77.340183 -0.660137 0.751145 0.000000 -35.199015 0.000000 0.000000 1.000000 0.000000
0.754456 0.656351 0.000000 77.437171 -0.656351 0.754456 0.000000 -35.285640 0.000000 0.000000 1.000000 0.000000
0.757212 0.653169 0.000000 77.539735 -0.653169 0.757212 0.000000 -35.376525 0.000000 0.000000 1.000000 0.000000
0.762777 0.646662 0.000000 77.682542 -0.646662 0.762777 0.000000 -35.512288 0.000000 0.000000 1.000000 0.000000
0.768692 0.639620 0.000000 77.860791 -0.639620 0.768692 0.000000 -35.674161 0.000000 0.000000 1.000000 0.000000
0.772382 0.635158 0.000000 77.955858 -0.635158 0.772382 0.000000 -35.748431 0.000000 0.000000 1.000000 0.000000
0.776041 0.630683 0.000000 78.050654 -0.630683 0.776041 0.000000 -35.813445 0.000000 0.000000 1.000000 0.000000
0.779333 0.626610 0.000000 78.138741 -0.626610 0.779333 0.000000 -35.868000 0.000000 0.000000 1.000000 0.000000
0.782867 0.622189 0.000000 78.230180 -0.622189 0.782867 0.000000 -35.929859 0.000000 0.000000 1.000000 0.000000
0.785592 0.618745 0.000000 78.309638 -0.618745 0.785592 0.000000 -35.981203 0.000000 0.000000 1.000000 0.000000
0.792608 0.609732 0.000000 78.446400 -0.609732 0.792608 0.000000 -36.114190 0.000000 0.000000 1.000000 0.000000
0.795034 0.606565 0.000000 78.518494 -0.606565 0.795034 0.000000 -36.153351 0.000000 0.000000 1.000000 0.000000
0.798549 0.601929 0.000000 78.583910 -0.601929 0.798549 0.000000 -36.192821 0.000000 0.000000 1.000000 0.000000
0.800325 0.599566 0.000000 78.638844 -0.599566 0.800325 0.000000 -36.237355 0.000000 0.000000 1.000000 0.000000
0.803500 0.595305 0.000000 78.689330 -0.595305 0.803500 0.000000 -36.287512 0.000000 0.000000 1.000000 0.000000
0.804781 0.593572 0.000000 78.734369 -0.593572 0.804781 0.000000 -36.318150 0.000000 0.000000 1.000000 0.000000
0.806056 0.591839 0.000000 78.780525 -0.591839 0.806056 0.000000 -36.353472 0.000000 0.000000 1.000000 0.000000
0.807219 0.590252 0.000000 78.847108 -0.590252 0.807219 0.000000 -36.406245 0.000000 0.000000 1.000000 0.000000
0.808830 0.588042 0.000000 78.878925 -0.588042 0.808830 0.000000 -36.431154 0.000000 0.000000 1.000000 0.000000
0.809507 0.587110 0.000000 78.909260 -0.587110 0.809507 0.000000 -36.450557 0.000000 0.000000 1.000000 0.000000
0.810019 0.586404 0.000000 78.937302 -0.586404 0.810019 0.000000 -36.470169 0.000000 0.000000 1.000000 0.000000
0.811048 0.584979 0.000000 78.953448 -0.584979 0.811048 0.000000 -36.486784 0.000000 0.000000 1.000000 0.000000
0.812182 0.583404 0.000000 78.965652 -0.583404 0.812182 0.000000 -36.504670 0.000000 0.000000 1.000000 0.000000
0.811940 0.583741 0.000000 78.970224 -0.583741 0.811940 0.000000 -36.522571 0.000000 0.000000 1.000000 0.000000
0.812352 0.583168 0.000000 78.980679 -0.583168 0.812352 0.000000 -36.535998 0.000000 0.000000 1.000000 0.000000
0.814106 0.580717 0.000000 78.987229 -0.580717 0.814106 0.000000 -36.544351 0.000000 0.000000 1.000000 0.000000
0.813523 0.581533 0.000000 78.985169 -0.581533 0.813523 0.000000 -36.528410 0.000000 0.000000 1.000000 0.000000
0.814351 0.580373 0.000000 78.984348 -0.580373 0.814351 0.000000 -36.524563 0.000000 0.000000 1.000000 0.000000
0.814321 0.580415 0.000000 78.980474 -0.580415 0.814321 0.000000 -36.523965 0.000000 0.000000 1.000000 0.000000
0.813426 0.581668 0.000000 78.977637 -0.581668 0.813426 0.000000 -36.519176 0.000000 0.000000 1.000000 0.000000
0.813515 0.581544 0.000000 78.970613 -0.581544 0.813515 0.000000 -36.527485 0.000000 0.000000 1.000000 0.000000
0.813406 0.581696 0.000000 78.970677 -0.581696 0.813406 0.000000 -36.527806 0.000000 0.000000 1.000000 0.000000
0.814309 0.580431 0.000000 78.968067 -0.580431 0.814309 0.000000 -36.529786 0.000000 0.000000 1.000000 0.000000
0.814217 0.580561 0.000000 78.966671 -0.580561 0.814217 0.000000 -36.532164 0.000000 0.000000 1.000000 0.000000
0.813362 0.581758 0.000000 78.970030 -0.581758 0.813362 0.000000 -36.529290 0.000000 0.000000 1.000000 0.000000
0.813334 0.581797 0.000000 78.965485 -0.581797 0.813334 0.000000 -36.529448 0.000000 0.000000 1.000000 0.000000
0.813532 0.581520 0.000000 78.966030 -0.581520 0.813532 0.000000 -36.528426 0.000000 0.000000 1.000000 0.000000
0.813437 0.581653 0.000000 78.965563 -0.581653 0.813437 0.000000 -36.527373 0.000000 0.000000 1.000000 0.000000
0.813387 0.581723 0.000000 78.962817 -0.581723 0.813387 0.000000 -36.527530 0.000000 0.000000 1.000000 0.000000
0.813227 0.581947 0.000000 78.962117 -0.581947 0.813227 0.000000 -36.525423 0.000000 0.000000 1.000000 0.000000
0.813200 0.581984 0.000000 78.960577 -0.581984 0.813200 0.000000 -36.526518 0.000000 0.000000 1.000000 0.000000
0.813307 0.581835 0.000000 78.962148 -0.581835 0.813307 0.000000 -36.527844 0.000000 0.000000 1.000000 0.000000
0.813373 0.581743 0.000000 78.962575 -0.581743 0.813373 0.000000 -36.528710 0.000000 0.000000 1.000000 0.000000
0.813396 0.581710 0.000000 78.964140 -0.581710 0.813396 0.000000 -36.527883 0.000000 0.000000 1.000000 0.000000
0.813373 0.581743 0.000000 78.966060 -0.581743 0.813373 0.000000 -36.525982 0.000000 0.000000 1.000000 0.000000
0.813443 0.581644 0.000000 78.969427 -0.581644 0.813443 0.000000 -36.525731 0.000000 0.000000 1.000000 0.000000
0.813438 0.581651 0.000000 78.967521 -0.581651 0.813438 0.000000 -36.525600 0.000000 0.000000 1.000000 0.000000
0.813393 0.581715 0.000000 78.966261 -0.581715 0.813393 0.000000 -36.526555 0.000000 0.000000 1.000000 0.000000
0.813375 0.581739 0.000000 78.966573 -0.581739 0.813375 0.000000 -36.530417 0.000000 0.000000 1.000000 0.000000
0.813239 0.581929 0.000000 78.964755 -0.581929 0.813239 0.000000 -36.533249 0.000000 0.000000 1.000000 0.000000
0.813197 0.581989 0.000000 78.965595 -0.581989 0.813197 0.000000 -36.532541 0.000000 0.000000 1.000000 0.000000
0.813151 0.582052 0.000000 78.964176 -0.582052 0.813151 0.000000 -36.528092 0.000000 0.000000 1.000000 0.000000
0.813226 0.581949 0.000000 78.963463 -0.581949 0.813226 0.000000 -36.525347 0.000000 0.000000 1.000000 0.000000
0.813263 0.581896 0.000000 78.959841 -0.581896 0.813263 0.000000 -36.523418 0.000000 0.000000 1.000000 0.000000
0.813258 0.581903 0.000000 78.959621 -0.581903 0.813258 0.000000 -36.523091 0.000000 0.000000 1.000000 0.000000
0.813248 0.581918 0.000000 78.960598 -0.581918 0.813248 0.000000 -36.522731 0.000000 0.000000 1.000000 0.000000
0.813195 0.581991 0.000000 78.959826 -0.581991 0.813195 0.000000 -36.523092 0.000000 0.000000 1.000000 0.000000
0.813224 0.581951 0.000000 78.958785 -0.581951 0.813224 0.000000 -36.523485 0.000000 0.000000 1.000000 0.000000
0.813171 0.582025 0.000000 78.958789 -0.582025 0.813171 0.000000 -36.522168 0.000000 0.000000 1.000000 0.000000
0.813256 0.581906 0.000000 78.959845 -0.581906 0.813256 0.000000 -36.520243 0.000000 0.000000 1.000000 0.000000
0.813264 0.581894 0.000000 78.959534 -0.581894 0.813264 0.000000 -36.519787 0.000000 0.000000 1.000000 0.000000
0.813240 0.581929 0.000000 78.957671 -0.581929 0.813240 0.000000 -36.520078 0.000000 0.000000 1.000000 0.000000
0.813197 0.581988 0.000000 78.954658 -0.581988 0.813197 0.000000 -36.521425 0.000000 0.000000 1.000000 0.000000
0.813218 0.581959 0.000000 78.953760 -0.581959 0.813218 0.000000 -36.521973 0.000000 0.000000 1.000000 0.000000
0.813549 0.581497 0.000000 78.950567 -0.581497 0.813549 0.000000 -36.521146 0.000000 0.000000 1.000000 0.000000
0.813414 0.581686 0.000000 78.948959 -0.581686 0.813414 0.000000 -36.517960 0.000000 0.000000 1.000000 0.000000
0.813306 0.581836 0.000000 78.949013 -0.581836 0.813306 0.000000 -36.519063 0.000000 0.000000 1.000000 0.000000
0.813336 0.581794 0.000000 78.949265 -0.581794 0.813336 0.000000 -36.520352 0.000000 0.000000 1.000000 0.000000
0.813411 0.581689 0.000000 78.946708 -0.581689 0.813411 0.000000 -36.524128 0.000000 0.000000 1.000000 0.000000
0.813627 0.581387 0.000000 78.946251 -0.581387 0.813627 0.000000 -36.527842 0.000000 0.000000 1.000000 0.000000
0.813622 0.581394 0.000000 78.947486 -0.581394 0.813622 0.000000 -36.529533 0.000000 0.000000 1.000000 0.000000
0.813618 0.581400 0.000000 78.940112 -0.581400 0.813618 0.000000 -36.539509 0.000000 0.000000 1.000000 0.000000
0.813301 0.581844 0.000000 78.942009 -0.581844 0.813301 0.000000 -36.544890 0.000000 0.000000 1.000000 0.000000
0.813181 0.582012 0.000000 78.948599 -0.582012 0.813181 0.000000 -36.550766 0.000000 0.000000 1.000000 0.000000
0.812190 0.583392 0.000000 78.950185 -0.583392 0.812190 0.000000 -36.557343 0.000000 0.000000 1.000000 0.000000
0.812482 0.582986 0.000000 78.953726 -0.582986 0.812482 0.000000 -36.563195 0.000000 0.000000 1.000000 0.000000
0.812723 0.582650 0.000000 78.960804 -0.582650 0.812723 0.000000 -36.574029 0.000000 0.000000 1.000000 0.000000
0.812779 0.582572 0.000000 78.958890 -0.582572 0.812779 0.000000 -36.578682 0.000000 0.000000 1.000000 0.000000
0.813887 0.581023 0.000000 78.957900 -0.581023 0.813887 0.000000 -36.584661 0.000000 0.000000 1.000000 0.000000
0.814246 0.580519 0.000000 78.959673 -0.580519 0.814246 0.000000 -36.577808 0.000000 0.000000 1.000000 0.000000
0.814436 0.580253 0.000000 78.963760 -0.580253 0.814436 0.000000 -36.576193 0.000000 0.000000 1.000000 0.000000
0.814453 0.580229 0.000000 78.964131 -0.580229 0.814453 0.000000 -36.578018 0.000000 0.000000 1.000000 0.000000
0.814299 0.580446 0.000000 78.964026 -0.580446 0.814299 0.000000 -36.582747 0.000000 0.000000 1.000000 0.000000
0.814404 0.580298 0.000000 78.963200 -0.580298 0.814404 0.000000 -36.579678 0.000000 0.000000 1.000000 0.000000
0.814443 0.580243 0.000000 78.963381 -0.580243 0.814443 0.000000 -36.574591 0.000000 0.000000 1.000000 0.000000
0.814365 0.580353 0.000000 78.964387 -0.580353 0.814365 0.000000 -36.575130 0.000000 0.000000 1.000000 0.000000
0.814522 0.580132 0.000000 78.962853 -0.580132 0.814522 0.000000 -36.577869 0.000000 0.000000 1.000000 0.000000
0.814433 0.580257 0.000000 78.962636 -0.580257 0.814433 0.000000 -36.578545 0.000000 0.000000 1.000000 0.000000
0.814613 0.580005 0.000000 78.962860 -0.580005 0.814613 0.000000 -36.578707 0.000000 0.000000 1.000000 0.000000
0.814780 0.579770 0.000000 78.961704 -0.579770 0.814780 0.000000 -36.577120 0.000000 0.000000 1.000000 0.000000
0.814900 0.579602 0.000000 78.960234 -0.579602 0.814900 0.000000 -36.579420 0.000000 0.000000 1.000000 0.000000
0.815427 0.578860 0.000000 78.957235 -0.578860 0.815427 0.000000 -36.579639 0.000000 0.000000 1.000000 0.000000
0.815784 0.578357 0.000000 78.958205 -0.578357 0.815784 0.000000 -36.571837 0.000000 0.000000 1.000000 0.000000
0.816319 0.577602 0.000000 78.958173 -0.577602 0.816319 0.000000 -36.568507 0.000000 0.000000 1.000000 0.000000
0.816847 0.576854 0.000000 78.952072 -0.576854 0.816847 0.000000 -36.571323 0.000000 0.000000 1.000000 0.000000
0.816832 0.576876 0.000000 78.949713 -0.576876 0.816832 0.000000 -36.572941 0.000000 0.000000 1.000000 0.000000
0.816647 0.577137 0.000000 78.953789 -0.577137 0.816647 0.000000 -36.574501 0.000000 0.000000 1.000000 0.000000
0.815744 0.578413 0.000000 78.960539 -0.578413 0.815744 0.000000 -36.576166 0.000000 0.000000 1.000000 0.000000
0.815405 0.578891 0.000000 78.957853 -0.578891 0.815405 0.000000 -36.594373 0.000000 0.000000 1.000000 0.000000
0.815075 0.579356 0.000000 78.955685 -0.579356 0.815075 0.000000 -36.605845 0.000000 0.000000 1.000000 0.000000
0.814771 0.579783 0.000000 78.950503 -0.579783 0.814771 0.000000 -36.611374 0.000000 0.000000 1.000000 0.000000
0.814203 0.580580 0.000000 78.940328 -0.580580 0.814203 0.000000 -36.625091 0.000000 0.000000 1.000000 0.000000
0.813415 0.581684 0.000000 78.941225 -0.581684 0.813415 0.000000 -36.637556 0.000000 0.000000 1.000000 0.000000
0.813121 0.582095 0.000000 78.948338 -0.582095 0.813121 0.000000 -36.640789 0.000000 0.000000 1.000000 0.000000
0.813047 0.582198 0.000000 78.955671 -0.582198 0.813047 0.000000 -36.651980 0.000000 0.000000 1.000000 0.000000
0.813365 0.581753 0.000000 78.958850 -0.581753 0.813365 0.000000 -36.670449 0.000000 0.000000 1.000000 0.000000
0.813949 0.580936 0.000000 78.954861 -0.580936 0.813949 0.000000 -36.682057 0.000000 0.000000 1.000000 0.000000
0.814792 0.579753 0.000000 78.961663 -0.579753 0.814792 0.000000 -36.688188 0.000000 0.000000 1.000000 0.000000
0.815883 0.578217 0.000000 78.965886 -0.578217 0.815883 0.000000 -36.701183 0.000000 0.000000 1.000000 0.000000
0.816377 0.577520 0.000000 78.978919 -0.577520 0.816377 0.000000 -36.701820 0.000000 0.000000 1.000000 0.000000
0.816485 0.577366 0.000000 78.986761 -0.577366 0.816485 0.000000 -36.703011 0.000000 0.000000 1.000000 0.000000
0.816396 0.577493 0.000000 78.999458 -0.577493 0.816396 0.000000 -36.709491 0.000000 0.000000 1.000000 0.000000
0.816224 0.577735 0.000000 79.005674 -0.577735 0.816224 0.000000 -36.727859 0.000000 0.000000 1.000000 0.000000
0.816080 0.577939 0.000000 79.013654 -0.577939 0.816080 0.000000 -36.755157 0.000000 0.000000 1.000000 0.000000
0.816154 0.577834 0.000000 79.043396 -0.577834 0.816154 0.000000 -36.785731 0.000000 0.000000 1.000000 0.000000
0.817229 0.576313 0.000000 79.062079 -0.576313 0.817229 0.000000 -36.804209 0.000000 0.000000 1.000000 0.000000
0.817333 0.576165 0.000000 79.082040 -0.576165 0.817333 0.000000 -36.820906 0.000000 0.000000 1.000000 0.000000
0.818050 0.575147 0.000000 79.092116 -0.575147 0.818050 0.000000 -36.836632 0.000000 0.000000 1.000000 0.000000
0.818744 0.574159 0.000000 79.098375 -0.574159 0.818744 0.000000 -36.845835 0.000000 0.000000 1.000000 0.000000
0.820297 0.571938 0.000000 79.102102 -0.571938 0.820297 0.000000 -36.841352 0.000000 0.000000 1.000000 0.000000
0.820901 0.571070 0.000000 79.108350 -0.571070 0.820901 0.000000 -36.848437 0.000000 0.000000 1.000000 0.000000
0.821243 0.570578 0.000000 79.110315 -0.570578 0.821243 0.000000 -36.843850 0.000000 0.000000 1.000000 0.000000
0.821477 0.570242 0.000000 79.118282 -0.570242 0.821477 0.000000 -36.848228 0.000000 0.000000 1.000000 0.000000
0.821115 0.570762 0.000000 79.124933 -0.570762 0.821115 0.000000 -36.843088 0.000000 0.000000 1.000000 0.000000
0.820945 0.571007 0.000000 79.129788 -0.571007 0.820945 0.000000 -36.846602 0.000000 0.000000 1.000000 0.000000
0.820427 0.571751 0.000000 79.128556 -0.571751 0.820427 0.000000 -36.846591 0.000000 0.000000 1.000000 0.000000
0.820451 0.571717 0.000000 79.125212 -0.571717 0.820451 0.000000 -36.851792 0.000000 0.000000 1.000000 0.000000
0.820248 0.572008 0.000000 79.126093 -0.572008 0.820248 0.000000 -36.853181 0.000000 0.000000 1.000000 0.000000
0.820363 0.571843 0.000000 79.129977 -0.571843 0.820363 0.000000 -36.857300 0.000000 0.000000 1.000000 0.000000
0.820951 0.570999 0.000000 79.130364 -0.570999 0.820951 0.000000 -36.856540 0.000000 0.000000 1.000000 0.000000
0.821238 0.570586 0.000000 79.128141 -0.570586 0.821238 0.000000 -36.858746 0.000000 0.000000 1.000000 0.000000
0.821207 0.570630 0.000000 79.128529 -0.570630 0.821207 0.000000 -36.858484 0.000000 0.000000 1.000000 0.000000
0.821082 0.570811 0.000000 79.129211 -0.570811 0.821082 0.000000 -36.855162 0.000000 0.000000 1.000000 0.000000
0.821439 0.570296 0.000000 79.131366 -0.570296 0.821439 0.000000 -36.859545 0.000000 0.000000 1.000000 0.000000
0.821521 0.570178 0.000000 79.130435 -0.570178 0.821521 0.000000 -36.861335 0.000000 0.000000 1.000000 0.000000
0.822294 0.569063 0.000000 79.128295 -0.569063 0.822294 0.000000 -36.865164 0.000000 0.000000 1.000000 0.000000
0.822185 0.569220 0.000000 79.131123 -0.569220 0.822185 0.000000 -36.861211 0.000000 0.000000 1.000000 0.000000
0.822334 0.569005 0.000000 79.132220 -0.569005 0.822334 0.000000 -36.859543 0.000000 0.000000 1.000000 0.000000
0.822847 0.568263 0.000000 79.131594 -0.568263 0.822847 0.000000 -36.861301 0.000000 0.000000 1.000000 0.000000
0.822778 0.568363 0.000000 79.132615 -0.568363 0.822778 0.000000 -36.860383 0.000000 0.000000 1.000000 0.000000
0.822945 0.568122 0.000000 79.132096 -0.568122 0.822945 0.000000 -36.858752 0.000000 0.000000 1.000000 0.000000
0.822990 0.568056 0.000000 79.133657 -0.568056 0.822990 0.000000 -36.857875 0.000000 0.000000 1.000000 0.000000
0.822975 0.568077 0.000000 79.137818 -0.568077 0.822975 0.000000 -36.855414 0.000000 0.000000 1.000000 0.000000
0.823317 0.567582 0.000000 79.135961 -0.567582 0.823317 0.000000 -36.853894 0.000000 0.000000 1.000000 0.000000
0.823156 0.567815 0.000000 79.137206 -0.567815 0.823156 0.000000 -36.852444 0.000000 0.000000 1.000000 0.000000
