0.999976 0.006878 0.000000 0.586820 -0.006878 0.999976 0.000000 -0.008198 0.000000 0.000000 1.000000 0.000000
0.999940 0.010959 0.000000 1.720688 -0.010959 0.999940 0.000000 -0.037668 0.000000 0.000000 1.000000 0.000000
0.999920 0.012653 0.000000 2.307620 -0.012653 0.999920 0.000000 -0.044132 0.000000 0.000000 1.000000 0.000000
0.999887 0.015014 0.000000 3.113881 -0.015014 0.999887 0.000000 -0.060257 0.000000 0.000000 1.000000 0.000000
0.999879 0.015565 0.000000 3.686296 -0.015565 0.999879 0.000000 -0.065845 0.000000 0.000000 1.000000 0.000000
0.999871 0.016050 0.000000 4.275152 -0.016050 0.999871 0.000000 -0.077191 0.000000 0.000000 1.000000 0.000000
0.999862 0.016619 0.000000 4.857179 -0.016619 0.999862 0.000000 -0.080695 0.000000 0.000000 1.000000 0.000000
0.999849 0.017354 0.000000 5.410094 -0.017354 0.999849 0.000000 -0.079793 0.000000 0.000000 1.000000 0.000000
0.999841 0.017838 0.000000 5.999197 -0.017838 0.999841 0.000000 -0.103145 0.000000 0.000000 1.000000 0.000000
0.999822 0.018864 0.000000 6.547007 -0.018864 0.999822 0.000000 -0.107140 0.000000 0.000000 1.000000 0.000000
0.999818 0.019075 0.000000 7.123082 -0.019075 0.999818 0.000000 -0.115119 0.000000 0.000000 1.000000 0.000000
0.999782 0.020882 0.000000 7.682555 -0.020882 0.999782 0.000000 -0.122921 0.000000 0.000000 1.000000 0.000000
0.999788 0.020578 0.000000 8.252047 -0.020578 0.999788 0.000000 -0.147539 0.000000 0.000000 1.000000 0.000000
0.999751 0.022303 0.000000 8.832161 -0.022303 0.999751 0.000000 -0.160097 0.000000 0.000000 1.000000 0.000000
0.999697 0.024604 0.000000 9.582966 -0.024604 0.999697 0.000000 -0.184193 0.000000 0.000000 1.000000 0.000000
0.999662 0.025995 0.000000 10.197253 -0.025995 0.999662 0.000000 -0.206977 0.000000 0.000000 1.000000 0.000000
0.999643 0.026723 0.000000 10.738727 -0.026723 0.999643 0.000000 -0.220691 0.000000 0.000000 1.000000 0.000000
0.999589 0.028682 0.000000 11.353482 -0.028682 0.999589 0.000000 -0.225509 0.000000 0.000000 1.000000 0.000000
0.999539 0.030349 0.000000 11.930875 -0.030349 0.999539 0.000000 -0.225619 0.000000 0.000000 1.000000 0.000000
0.999522 0.030915 0.000000 12.507455 -0.030915 0.999522 0.000000 -0.246204 0.000000 0.000000 1.000000 0.000000
0.999410 0.034348 0.000000 13.087771 -0.034348 0.999410 0.000000 -0.260572 0.000000 0.000000 1.000000 0.000000
0.999368 0.035544 0.000000 13.664659 -0.035544 0.999368 0.000000 -0.282123 0.000000 0.000000 1.000000 0.000000
0.999274 0.038094 0.000000 14.238947 -0.038094 0.999274 0.000000 -0.296851 0.000000 0.000000 1.000000 0.000000
0.999243 0.038907 0.000000 14.817861 -0.038907 0.999243 0.000000 -0.317404 0.000000 0.000000 1.000000 0.000000
0.999138 0.041507 0.000000 15.390965 -0.041507 0.999138 0.000000 -0.351752 0.000000 0.000000 1.000000 0.000000
0.999043 0.043740 0.000000 15.960695 -0.043740 0.999043 0.000000 -0.378812 0.000000 0.000000 1.000000 0.000000
0.999038 0.043862 0.000000 16.502386 -0.043862 0.999038 0.000000 -0.408841 0.000000 0.000000 1.000000 0.000000
0.998834 0.048281 0.000000 17.071095 -0.048281 0.998834 0.000000 -0.440576 0.000000 0.000000 1.000000 0.000000
0.998761 0.049768 0.000000 18.170715 -0.049768 0.998761 0.000000 -0.502664 0.000000 0.000000 1.000000 0.000000
0.998809 0.048797 0.000000 19.102619 -0.048797 0.998809 0.000000 -0.553879 0.000000 0.000000 1.000000 0.000000
0.998902 0.046856 0.000000 19.669261 -0.046856 0.998902 0.000000 -0.586624 0.000000 0.000000 1.000000 0.000000
0.998841 0.048125 0.000000 20.234607 -0.048125 0.998841 0.000000 -0.627663 0.000000 0.000000 1.000000 0.000000
0.998763 0.049726 0.000000 20.798258 -0.049726 0.998763 0.000000 -0.677480 0.000000 0.000000 1.000000 0.000000
0.998980 0.045154 0.000000 21.358175 -0.045154 0.998980 0.000000 -0.725865 0.000000 0.000000 1.000000 0.000000
0.999066 0.043203 0.000000 21.958498 -0.043203 0.999066 0.000000 -0.757917 0.000000 0.000000 1.000000 0.000000
0.998607 0.052758 0.000000 22.520105 -0.052758 0.998607 0.000000 -0.791935 0.000000 0.000000 1.000000 0.000000
0.997809 0.066156 0.000000 23.643497 -0.066156 0.997809 0.000000 -0.878620 0.000000 0.000000 1.000000 0.000000
0.997918 0.064494 0.000000 24.204087 -0.064494 0.997918 0.000000 -0.939151 0.000000 0.000000 1.000000 0.000000
0.997788 0.066482 0.000000 24.764851 -0.066482 0.997788 0.000000 -0.988757 0.000000 0.000000 1.000000 0.000000
0.997810 0.066145 0.000000 25.286519 -0.066145 0.997810 0.000000 -1.047464 0.000000 0.000000 1.000000 0.000000
0.997920 0.064465 0.000000 25.844833 -0.064465 0.997920 0.000000 -1.100270 0.000000 0.000000 1.000000 0.000000
0.997500 0.070667 0.000000 26.737235 -0.070667 0.997500 0.000000 -1.181579 0.000000 0.000000 1.000000 0.000000
0.997505 0.070592 0.000000 27.330219 -0.070592 0.997505 0.000000 -1.228068 0.000000 0.000000 1.000000 0.000000
0.997443 0.071471 0.000000 27.883758 -0.071471 0.997443 0.000000 -1.269412 0.000000 0.000000 1.000000 0.000000
0.997516 0.070446 0.000000 28.440145 -0.070446 0.997516 0.000000 -1.317765 0.000000 0.000000 1.000000 0.000000
0.997421 0.071779 0.000000 29.002183 -0.071779 0.997421 0.000000 -1.368917 0.000000 0.000000 1.000000 0.000000
0.997428 0.071675 0.000000 29.560076 -0.071675 0.997428 0.000000 -1.405465 0.000000 0.000000 1.000000 0.000000
0.997253 0.074067 0.000000 30.117123 -0.074067 0.997253 0.000000 -1.460701 0.000000 0.000000 1.000000 0.000000
0.997425 0.071723 0.000000 30.683791 -0.071723 0.997425 0.000000 -1.507003 0.000000 0.000000 1.000000 0.000000
0.997262 0.073949 0.000000 31.241403 -0.073949 0.997262 0.000000 -1.544390 0.000000 0.000000 1.000000 0.000000
0.997179 0.075056 0.000000 31.764226 -0.075056 0.997179 0.000000 -1.591689 0.000000 0.000000 1.000000 0.000000
0.996956 0.077968 0.000000 32.708996 -0.077968 0.996956 0.000000 -1.680517 0.000000 0.000000 1.000000 0.000000
0.996584 0.082584 0.000000 33.263157 -0.082584 0.996584 0.000000 -1.727900 0.000000 0.000000 1.000000 0.000000
0.996427 0.084459 0.000000 33.824100 -0.084459 0.996427 0.000000 -1.772656 0.000000 0.000000 1.000000 0.000000
0.996352 0.085341 0.000000 34.384330 -0.085341 0.996352 0.000000 -1.829012 0.000000 0.000000 1.000000 0.000000
0.996117 0.088037 0.000000 34.942162 -0.088037 0.996117 0.000000 -1.877337 0.000000 0.000000 1.000000 0.000000
0.996042 0.088882 0.000000 35.499411 -0.088882 0.996042 0.000000 -1.934632 0.000000 0.000000 1.000000 0.000000
0.995924 0.090192 0.000000 36.088813 -0.090192 0.995924 0.000000 -2.003709 0.000000 0.000000 1.000000 0.000000
0.995924 0.090192 0.000000 36.610017 -0.090192 0.995924 0.000000 -2.059240 0.000000 0.000000 1.000000 0.000000
0.995954 0.089861 0.000000 37.162391 -0.089861 0.995954 0.000000 -2.113952 0.000000 0.000000 1.000000 0.000000
0.996046 0.088840 0.000000 37.720703 -0.088840 0.996046 0.000000 -2.169861 0.000000 0.000000 1.000000 0.000000
0.995713 0.092494 0.000000 38.275525 -0.092494 0.995713 0.000000 -2.220665 0.000000 0.000000 1.000000 0.000000
0.995569 0.094039 0.000000 38.789474 -0.094039 0.995569 0.000000 -2.267549 0.000000 0.000000 1.000000 0.000000
0.995446 0.095322 0.000000 39.344238 -0.095322 0.995446 0.000000 -2.337756 0.000000 0.000000 1.000000 0.000000
0.995544 0.094295 0.000000 39.862332 -0.094295 0.995544 0.000000 -2.393469 0.000000 0.000000 1.000000 0.000000
0.995682 0.092831 0.000000 40.824886 -0.092831 0.995682 0.000000 -2.502766 0.000000 0.000000 1.000000 0.000000
0.995637 0.093308 0.000000 41.374027 -0.093308 0.995637 0.000000 -2.566915 0.000000 0.000000 1.000000 0.000000
0.995398 0.095825 0.000000 41.924776 -0.095825 0.995398 0.000000 -2.620605 0.000000 0.000000 1.000000 0.000000
0.995646 0.093217 0.000000 43.017348 -0.093217 0.995646 0.000000 -2.709965 0.000000 0.000000 1.000000 0.000000
0.995078 0.099096 0.000000 43.601164 -0.099096 0.995078 0.000000 -2.772744 0.000000 0.000000 1.000000 0.000000
0.995031 0.099565 0.000000 44.093224 -0.099565 0.995031 0.000000 -2.828268 0.000000 0.000000 1.000000 0.000000
0.995056 0.099314 0.000000 45.122512 -0.099314 0.995056 0.000000 -2.957364 0.000000 0.000000 1.000000 0.000000
0.994978 0.100093 0.000000 45.654276 -0.100093 0.994978 0.000000 -3.019766 0.000000 0.000000 1.000000 0.000000
0.995068 0.099191 0.000000 46.172250 -0.099191 0.995068 0.000000 -3.078667 0.000000 0.000000 1.000000 0.000000
0.995075 0.099125 0.000000 46.671181 -0.099125 0.995075 0.000000 -3.129014 0.000000 0.000000 1.000000 0.000000
0.994849 0.101365 0.000000 47.573768 -0.101365 0.994849 0.000000 -3.227087 0.000000 0.000000 1.000000 0.000000
0.995019 0.099686 0.000000 48.077284 -0.099686 0.995019 0.000000 -3.295852 0.000000 0.000000 1.000000 0.000000
0.994544 0.104316 0.000000 48.575155 -0.104316 0.994544 0.000000 -3.339157 0.000000 0.000000 1.000000 0.000000
0.993956 0.109775 0.000000 49.065888 -0.109775 0.993956 0.000000 -3.403082 0.000000 0.000000 1.000000 0.000000
0.993908 0.110216 0.000000 49.548851 -0.110216 0.993908 0.000000 -3.473013 0.000000 0.000000 1.000000 0.000000
0.993747 0.111653 0.000000 50.018767 -0.111653 0.993747 0.000000 -3.528488 0.000000 0.000000 1.000000 0.000000
0.993408 0.114632 0.000000 50.492744 -0.114632 0.993408 0.000000 -3.586913 0.000000 0.000000 1.000000 0.000000
0.992874 0.119168 0.000000 51.205066 -0.119168 0.992874 0.000000 -3.677841 0.000000 0.000000 1.000000 0.000000
0.992897 0.118975 0.000000 51.632712 -0.118975 0.992897 0.000000 -3.743473 0.000000 0.000000 1.000000 0.000000
0.992963 0.118424 0.000000 52.084772 -0.118424 0.992963 0.000000 -3.799138 0.000000 0.000000 1.000000 0.000000
0.993098 0.117291 0.000000 52.529975 -0.117291 0.993098 0.000000 -3.850822 0.000000 0.000000 1.000000 0.000000
0.993035 0.117820 0.000000 52.951939 -0.117820 0.993035 0.000000 -3.900926 0.000000 0.000000 1.000000 0.000000
0.993395 0.114746 0.000000 53.376553 -0.114746 0.993395 0.000000 -3.963561 0.000000 0.000000 1.000000 0.000000
0.993651 0.112505 0.000000 54.106280 -0.112505 0.993651 0.000000 -4.052245 0.000000 0.000000 1.000000 0.000000
0.993484 0.113971 0.000000 54.486800 -0.113971 0.993484 0.000000 -4.099455 0.000000 0.000000 1.000000 0.000000
0.993354 0.115099 0.000000 54.918924 -0.115099 0.993354 0.000000 -4.155088 0.000000 0.000000 1.000000 0.000000
0.993225 0.116207 0.000000 55.315572 -0.116207 0.993225 0.000000 -4.204475 0.000000 0.000000 1.000000 0.000000
0.993100 0.117273 0.000000 55.710798 -0.117273 0.993100 0.000000 -4.251713 0.000000 0.000000 1.000000 0.000000
0.992963 0.118423 0.000000 56.099856 -0.118423 0.992963 0.000000 -4.298260 0.000000 0.000000 1.000000 0.000000
0.992765 0.120075 0.000000 56.482768 -0.120075 0.992765 0.000000 -4.360586 0.000000 0.000000 1.000000 0.000000
0.992938 0.118632 0.000000 56.851500 -0.118632 0.992938 0.000000 -4.415867 0.000000 0.000000 1.000000 0.000000
0.992719 0.120453 0.000000 57.214757 -0.120453 0.992719 0.000000 -4.453666 0.000000 0.000000 1.000000 0.000000
0.992467 0.122515 0.000000 57.580704 -0.122515 0.992467 0.000000 -4.498298 0.000000 0.000000 1.000000 0.000000
0.991839 0.127500 0.000000 58.261824 -0.127500 0.991839 0.000000 -4.595943 0.000000 0.000000 1.000000 0.000000
0.991975 0.126433 0.000000 58.609819 -0.126433 0.991975 0.000000 -4.641768 0.000000 0.000000 1.000000 0.000000
0.991979 0.126406 0.000000 58.924020 -0.126406 0.991979 0.000000 -4.689858 0.000000 0.000000 1.000000 0.000000
0.992047 0.125865 0.000000 59.255354 -0.125865 0.992047 0.000000 -4.737746 0.000000 0.000000 1.000000 0.000000
0.991836 0.127519 0.000000 59.585402 -0.127519 0.991836 0.000000 -4.793646 0.000000 0.000000 1.000000 0.000000
0.991610 0.129269 0.000000 59.887992 -0.129269 0.991610 0.000000 -4.827483 0.000000 0.000000 1.000000 0.000000
0.990639 0.136505 0.000000 60.215219 -0.136505 0.990639 0.000000 -4.851329 0.000000 0.000000 1.000000 0.000000
0.990448 0.137885 0.000000 60.531381 -0.137885 0.990448 0.000000 -4.899505 0.000000 0.000000 1.000000 0.000000
0.990704 0.136038 0.000000 61.050547 -0.136038 0.990704 0.000000 -4.983368 0.000000 0.000000 1.000000 0.000000
0.990790 0.135408 0.000000 61.353811 -0.135408 0.990790 0.000000 -5.030282 0.000000 0.000000 1.000000 0.000000
0.990534 0.137270 0.000000 61.656361 -0.137270 0.990534 0.000000 -5.075978 0.000000 0.000000 1.000000 0.000000
0.990154 0.139981 0.000000 61.970595 -0.139981 0.990154 0.000000 -5.122000 0.000000 0.000000 1.000000 0.000000
0.990122 0.140206 0.000000 62.266699 -0.140206 0.990122 0.000000 -5.167631 0.000000 0.000000 1.000000 0.000000
0.989866 0.142003 0.000000 62.536213 -0.142003 0.989866 0.000000 -5.206055 0.000000 0.000000 1.000000 0.000000
0.989847 0.142137 0.000000 62.835833 -0.142137 0.989847 0.000000 -5.256219 0.000000 0.000000 1.000000 0.000000
0.989599 0.143856 0.000000 63.116130 -0.143856 0.989599 0.000000 -5.299527 0.000000 0.000000 1.000000 0.000000
0.989506 0.144489 0.000000 63.385956 -0.144489 0.989506 0.000000 -5.340363 0.000000 0.000000 1.000000 0.000000
0.988998 0.147929 0.000000 63.847716 -0.147929 0.988998 0.000000 -5.422666 0.000000 0.000000 1.000000 0.000000
0.988990 0.147982 0.000000 64.089965 -0.147982 0.988990 0.000000 -5.464456 0.000000 0.000000 1.000000 0.000000
0.988760 0.149510 0.000000 64.367641 -0.149510 0.988760 0.000000 -5.505520 0.000000 0.000000 1.000000 0.000000
0.988739 0.149650 0.000000 64.628799 -0.149650 0.988739 0.000000 -5.544201 0.000000 0.000000 1.000000 0.000000
0.988633 0.150347 0.000000 64.890269 -0.150347 0.988633 0.000000 -5.585502 0.000000 0.000000 1.000000 0.000000
0.988540 0.150961 0.000000 65.154129 -0.150961 0.988540 0.000000 -5.629157 0.000000 0.000000 1.000000 0.000000
0.988390 0.151936 0.000000 65.406070 -0.151936 0.988390 0.000000 -5.675234 0.000000 0.000000 1.000000 0.000000
0.988403 0.151856 0.000000 65.670756 -0.151856 0.988403 0.000000 -5.721888 0.000000 0.000000 1.000000 0.000000
0.987927 0.154922 0.000000 65.915673 -0.154922 0.987927 0.000000 -5.768473 0.000000 0.000000 1.000000 0.000000
0.987812 0.155650 0.000000 66.188392 -0.155650 0.987812 0.000000 -5.808665 0.000000 0.000000 1.000000 0.000000
0.987621 0.156857 0.000000 66.436582 -0.156857 0.987621 0.000000 -5.855100 0.000000 0.000000 1.000000 0.000000
0.987533 0.157410 0.000000 66.694494 -0.157410 0.987533 0.000000 -5.899369 0.000000 0.000000 1.000000 0.000000
0.987113 0.160023 0.000000 67.128968 -0.160023 0.987113 0.000000 -5.982968 0.000000 0.000000 1.000000 0.000000
0.986935 0.161118 0.000000 67.401317 -0.161118 0.986935 0.000000 -6.030309 0.000000 0.000000 1.000000 0.000000
0.986930 0.161152 0.000000 67.672822 -0.161152 0.986930 0.000000 -6.074947 0.000000 0.000000 1.000000 0.000000
0.986710 0.162491 0.000000 67.940639 -0.162491 0.986710 0.000000 -6.125835 0.000000 0.000000 1.000000 0.000000
0.986621 0.163031 0.000000 68.210280 -0.163031 0.986621 0.000000 -6.180416 0.000000 0.000000 1.000000 0.000000
0.986473 0.163921 0.000000 68.501463 -0.163921 0.986473 0.000000 -6.233369 0.000000 0.000000 1.000000 0.000000
0.986365 0.164570 0.000000 68.757614 -0.164570 0.986365 0.000000 -6.283583 0.000000 0.000000 1.000000 0.000000
0.986396 0.164385 0.000000 69.050524 -0.164385 0.986396 0.000000 -6.341641 0.000000 0.000000 1.000000 0.000000
0.985936 0.167123 0.000000 69.329076 -0.167123 0.985936 0.000000 -6.388304 0.000000 0.000000 1.000000 0.000000
0.985784 0.168018 0.000000 69.590472 -0.168018 0.985784 0.000000 -6.439675 0.000000 0.000000 1.000000 0.000000
0.985686 0.168591 0.000000 69.869520 -0.168591 0.985686 0.000000 -6.489372 0.000000 0.000000 1.000000 0.000000
0.985201 0.171402 0.000000 70.136281 -0.171402 0.985201 0.000000 -6.538391 0.000000 0.000000 1.000000 0.000000
0.985012 0.172486 0.000000 70.909667 -0.172486 0.985012 0.000000 -6.683176 0.000000 0.000000 1.000000 0.000000
0.984381 0.176054 0.000000 71.196455 -0.176054 0.984381 0.000000 -6.731464 0.000000 0.000000 1.000000 0.000000
0.983869 0.178890 0.000000 71.486947 -0.178890 0.983869 0.000000 -6.785645 0.000000 0.000000 1.000000 0.000000
0.983647 0.180108 0.000000 71.781110 -0.180108 0.983647 0.000000 -6.839746 0.000000 0.000000 1.000000 0.000000
0.983980 0.178277 0.000000 72.071065 -0.178277 0.983980 0.000000 -6.894921 0.000000 0.000000 1.000000 0.000000
0.983509 0.180862 0.000000 72.648437 -0.180862 0.983509 0.000000 -7.005546 0.000000 0.000000 1.000000 0.000000
0.983143 0.182836 0.000000 72.944908 -0.182836 0.983143 0.000000 -7.062403 0.000000 0.000000 1.000000 0.000000
0.983148 0.182809 0.000000 73.233208 -0.182809 0.983148 0.000000 -7.116798 0.000000 0.000000 1.000000 0.000000
0.982892 0.184183 0.000000 73.696149 -0.184183 0.982892 0.000000 -7.208276 0.000000 0.000000 1.000000 0.000000
0.982164 0.188026 0.000000 74.013745 -0.188026 0.982164 0.000000 -7.265789 0.000000 0.000000 1.000000 0.000000
0.980350 0.197264 0.000000 74.535510 -0.197264 0.980350 0.000000 -7.365476 0.000000 0.000000 1.000000 0.000000
0.980240 0.197813 0.000000 74.866077 -0.197813 0.980240 0.000000 -7.440224 0.000000 0.000000 1.000000 0.000000
0.980134 0.198338 0.000000 75.201934 -0.198338 0.980134 0.000000 -7.500035 0.000000 0.000000 1.000000 0.000000
0.978879 0.204439 0.000000 75.524369 -0.204439 0.978879 0.000000 -7.557927 0.000000 0.000000 1.000000 0.000000
0.978938 0.204158 0.000000 75.873534 -0.204158 0.978938 0.000000 -7.635553 0.000000 0.000000 1.000000 0.000000
0.978363 0.206895 0.000000 76.438823 -0.206895 0.978363 0.000000 -7.763663 0.000000 0.000000 1.000000 0.000000
0.979013 0.203798 0.000000 76.784607 -0.203798 0.979013 0.000000 -7.834404 0.000000 0.000000 1.000000 0.000000
0.978959 0.204056 0.000000 77.164872 -0.204056 0.978959 0.000000 -7.921848 0.000000 0.000000 1.000000 0.000000
0.978848 0.204589 0.000000 77.520880 -0.204589 0.978848 0.000000 -7.996453 0.000000 0.000000 1.000000 0.000000
0.978842 0.204616 0.000000 78.166476 -0.204616 0.978842 0.000000 -8.143952 0.000000 0.000000 1.000000 0.000000
0.978775 0.204940 0.000000 78.820949 -0.204940 0.978775 0.000000 -8.269096 0.000000 0.000000 1.000000 0.000000
0.979336 0.202240 0.000000 79.199595 -0.202240 0.979336 0.000000 -8.356662 0.000000 0.000000 1.000000 0.000000
0.979653 0.200701 0.000000 79.621455 -0.200701 0.979653 0.000000 -8.448585 0.000000 0.000000 1.000000 0.000000
0.979071 0.203517 0.000000 80.022133 -0.203517 0.979071 0.000000 -8.532608 0.000000 0.000000 1.000000 0.000000
0.978832 0.204667 0.000000 80.448957 -0.204667 0.978832 0.000000 -8.636630 0.000000 0.000000 1.000000 0.000000
0.978414 0.206653 0.000000 80.854672 -0.206653 0.978414 0.000000 -8.732502 0.000000 0.000000 1.000000 0.000000
0.978679 0.205396 0.000000 81.300007 -0.205396 0.978679 0.000000 -8.835772 0.000000 0.000000 1.000000 0.000000
0.979814 0.199910 0.000000 81.979926 -0.199910 0.979814 0.000000 -8.982270 0.000000 0.000000 1.000000 0.000000
0.979678 0.200577 0.000000 82.783650 -0.200577 0.979678 0.000000 -9.151627 0.000000 0.000000 1.000000 0.000000
0.979907 0.199454 0.000000 83.246528 -0.199454 0.979907 0.000000 -9.259079 0.000000 0.000000 1.000000 0.000000
0.979305 0.202388 0.000000 83.718954 -0.202388 0.979305 0.000000 -9.369180 0.000000 0.000000 1.000000 0.000000
0.978641 0.205579 0.000000 84.179380 -0.205579 0.978641 0.000000 -9.481715 0.000000 0.000000 1.000000 0.000000
0.977471 0.211069 0.000000 84.682287 -0.211069 0.977471 0.000000 -9.584590 0.000000 0.000000 1.000000 0.000000
0.977573 0.210599 0.000000 85.128636 -0.210599 0.977573 0.000000 -9.675746 0.000000 0.000000 1.000000 0.000000
0.976206 0.216846 0.000000 85.629938 -0.216846 0.976206 0.000000 -9.786284 0.000000 0.000000 1.000000 0.000000
0.975566 0.219708 0.000000 86.138843 -0.219708 0.975566 0.000000 -9.895965 0.000000 0.000000 1.000000 0.000000
0.974906 0.222618 0.000000 86.649782 -0.222618 0.974906 0.000000 -10.015914 0.000000 0.000000 1.000000 0.000000
0.974417 0.224749 0.000000 87.135458 -0.224749 0.974417 0.000000 -10.130688 0.000000 0.000000 1.000000 0.000000
0.974019 0.226466 0.000000 87.657389 -0.226466 0.974019 0.000000 -10.249524 0.000000 0.000000 1.000000 0.000000
0.972881 0.231308 0.000000 88.598483 -0.231308 0.972881 0.000000 -10.478958 0.000000 0.000000 1.000000 0.000000
0.972990 0.230845 0.000000 89.135364 -0.230845 0.972990 0.000000 -10.606960 0.000000 0.000000 1.000000 0.000000
0.972988 0.230855 0.000000 89.682319 -0.230855 0.972988 0.000000 -10.732426 0.000000 0.000000 1.000000 0.000000
0.971902 0.235385 0.000000 90.228416 -0.235385 0.971902 0.000000 -10.857174 0.000000 0.000000 1.000000 0.000000
0.970903 0.239472 0.000000 90.778698 -0.239472 0.970903 0.000000 -10.998477 0.000000 0.000000 1.000000 0.000000
0.971089 0.238716 0.000000 91.617845 -0.238716 0.971089 0.000000 -11.224704 0.000000 0.000000 1.000000 0.000000
0.970631 0.240572 0.000000 92.142363 -0.240572 0.970631 0.000000 -11.354201 0.000000 0.000000 1.000000 0.000000
0.967979 0.251031 0.000000 93.237446 -0.251031 0.967979 0.000000 -11.637424 0.000000 0.000000 1.000000 0.000000
0.966900 0.255155 0.000000 93.966309 -0.255155 0.966900 0.000000 -11.829820 0.000000 0.000000 1.000000 0.000000
0.966002 0.258536 0.000000 94.547574 -0.258536 0.966002 0.000000 -11.980528 0.000000 0.000000 1.000000 0.000000
0.964693 0.263375 0.000000 95.126518 -0.263375 0.964693 0.000000 -12.151467 0.000000 0.000000 1.000000 0.000000
0.963414 0.268019 0.000000 95.709326 -0.268019 0.963414 0.000000 -12.319899 0.000000 0.000000 1.000000 0.000000
0.963046 0.269336 0.000000 96.292699 -0.269336 0.963046 0.000000 -12.491229 0.000000 0.000000 1.000000 0.000000
0.962760 0.270359 0.000000 96.909380 -0.270359 0.962760 0.000000 -12.678663 0.000000 0.000000 1.000000 0.000000
0.962149 0.272524 0.000000 97.473572 -0.272524 0.962149 0.000000 -12.844925 0.000000 0.000000 1.000000 0.000000
0.961222 0.275777 0.000000 98.054849 -0.275777 0.961222 0.000000 -13.024632 0.000000 0.000000 1.000000 0.000000
0.960886 0.276946 0.000000 98.653519 -0.276946 0.960886 0.000000 -13.202090 0.000000 0.000000 1.000000 0.000000
0.961966 0.273169 0.000000 99.218084 -0.273169 0.961966 0.000000 -13.361559 0.000000 0.000000 1.000000 0.000000
0.962743 0.270419 0.000000 99.823360 -0.270419 0.962743 0.000000 -13.536018 0.000000 0.000000 1.000000 0.000000
0.962777 0.270297 0.000000 100.430235 -0.270297 0.962777 0.000000 -13.715315 0.000000 0.000000 1.000000 0.000000
0.962463 0.271411 0.000000 100.989408 -0.271411 0.962463 0.000000 -13.875631 0.000000 0.000000 1.000000 0.000000
0.962309 0.271960 0.000000 102.061745 -0.271960 0.962309 0.000000 -14.184194 0.000000 0.000000 1.000000 0.000000
0.961993 0.273073 0.000000 102.717114 -0.273073 0.961993 0.000000 -14.380231 0.000000 0.000000 1.000000 0.000000
0.961804 0.273740 0.000000 103.330969 -0.273740 0.961804 0.000000 -14.552406 0.000000 0.000000 1.000000 0.000000
0.960972 0.276645 0.000000 103.952526 -0.276645 0.960972 0.000000 -14.725018 0.000000 0.000000 1.000000 0.000000
0.960026 0.279910 0.000000 104.551482 -0.279910 0.960026 0.000000 -14.900733 0.000000 0.000000 1.000000 0.000000
0.960495 0.278298 0.000000 105.165966 -0.278298 0.960495 0.000000 -15.084187 0.000000 0.000000 1.000000 0.000000
0.960317 0.278911 0.000000 105.742469 -0.278911 0.960317 0.000000 -15.250222 0.000000 0.000000 1.000000 0.000000
0.960232 0.279203 0.000000 106.359894 -0.279203 0.960232 0.000000 -15.442086 0.000000 0.000000 1.000000 0.000000
0.960107 0.279635 0.000000 106.940659 -0.279635 0.960107 0.000000 -15.614114 0.000000 0.000000 1.000000 0.000000
0.959485 0.281759 0.000000 107.563261 -0.281759 0.959485 0.000000 -15.816213 0.000000 0.000000 1.000000 0.000000
0.958605 0.284739 0.000000 108.180428 -0.284739 0.958605 0.000000 -16.014378 0.000000 0.000000 1.000000 0.000000
0.958291 0.285794 0.000000 108.812009 -0.285794 0.958291 0.000000 -16.199119 0.000000 0.000000 1.000000 0.000000
0.958587 0.284801 0.000000 109.594207 -0.284801 0.958587 0.000000 -16.447743 0.000000 0.000000 1.000000 0.000000
0.958427 0.285339 0.000000 110.192266 -0.285339 0.958427 0.000000 -16.624555 0.000000 0.000000 1.000000 0.000000
0.956667 0.291184 0.000000 110.828152 -0.291184 0.956667 0.000000 -16.830507 0.000000 0.000000 1.000000 0.000000
0.957763 0.287560 0.000000 111.832435 -0.287560 0.957763 0.000000 -17.139267 0.000000 0.000000 1.000000 0.000000
0.957629 0.288005 0.000000 112.470443 -0.288005 0.957629 0.000000 -17.347717 0.000000 0.000000 1.000000 0.000000
0.957488 0.288473 0.000000 113.114108 -0.288473 0.957488 0.000000 -17.547015 0.000000 0.000000 1.000000 0.000000
0.956702 0.291069 0.000000 113.764503 -0.291069 0.956702 0.000000 -17.750366 0.000000 0.000000 1.000000 0.000000
0.956431 0.291957 0.000000 114.391657 -0.291957 0.956431 0.000000 -17.960773 0.000000 0.000000 1.000000 0.000000
0.956277 0.292461 0.000000 115.035477 -0.292461 0.956277 0.000000 -18.166432 0.000000 0.000000 1.000000 0.000000
0.956668 0.291181 0.000000 115.633085 -0.291181 0.956668 0.000000 -18.368996 0.000000 0.000000 1.000000 0.000000
0.956698 0.291083 0.000000 116.762987 -0.291083 0.956698 0.000000 -18.741384 0.000000 0.000000 1.000000 0.000000
0.957452 0.288592 0.000000 117.403740 -0.288592 0.957452 0.000000 -18.952804 0.000000 0.000000 1.000000 0.000000
0.957775 0.287520 0.000000 118.054164 -0.287520 0.957775 0.000000 -19.147810 0.000000 0.000000 1.000000 0.000000
0.957889 0.287138 0.000000 118.692146 -0.287138 0.957889 0.000000 -19.355209 0.000000 0.000000 1.000000 0.000000
0.957619 0.288037 0.000000 120.006993 -0.288037 0.957619 0.000000 -19.768376 0.000000 0.000000 1.000000 0.000000
0.958060 0.286567 0.000000 120.605794 -0.286567 0.958060 0.000000 -19.957897 0.000000 0.000000 1.000000 0.000000
0.957364 0.288885 0.000000 121.256292 -0.288885 0.957364 0.000000 -20.170883 0.000000 0.000000 1.000000 0.000000
0.958089 0.286471 0.000000 121.855121 -0.286471 0.958089 0.000000 -20.354937 0.000000 0.000000 1.000000 0.000000
0.957496 0.288447 0.000000 122.461992 -0.288447 0.957496 0.000000 -20.533088 0.000000 0.000000 1.000000 0.000000
0.960068 0.279767 0.000000 127.188768 -0.279767 0.960068 0.000000 -22.437614 0.000000 0.000000 1.000000 0.000000
0.961422 0.275079 0.000000 127.821871 -0.275079 0.961422 0.000000 -22.622937 0.000000 0.000000 1.000000 0.000000
0.960747 0.277427 0.000000 128.430156 -0.277427 0.960747 0.000000 -22.796817 0.000000 0.000000 1.000000 0.000000
0.962078 0.272774 0.000000 129.052042 -0.272774 0.962078 0.000000 -22.990398 0.000000 0.000000 1.000000 0.000000
0.961903 0.273392 0.000000 129.653178 -0.273392 0.961903 0.000000 -23.167180 0.000000 0.000000 1.000000 0.000000
0.963051 0.269318 0.000000 130.277283 -0.269318 0.963051 0.000000 -23.331116 0.000000 0.000000 1.000000 0.000000
0.962203 0.272333 0.000000 130.901365 -0.272333 0.962203 0.000000 -23.536830 0.000000 0.000000 1.000000 0.000000
0.962770 0.270324 0.000000 131.709809 -0.270324 0.962770 0.000000 -23.780239 0.000000 0.000000 1.000000 0.000000
0.962454 0.271446 0.000000 132.342010 -0.271446 0.962454 0.000000 -23.979122 0.000000 0.000000 1.000000 0.000000
0.961511 0.274768 0.000000 132.978270 -0.274768 0.961511 0.000000 -24.157263 0.000000 0.000000 1.000000 0.000000
0.960985 0.276600 0.000000 133.892548 -0.276600 0.960985 0.000000 -24.425893 0.000000 0.000000 1.000000 0.000000
0.961236 0.275726 0.000000 134.513442 -0.275726 0.961236 0.000000 -24.619275 0.000000 0.000000 1.000000 0.000000
0.961202 0.275845 0.000000 135.139569 -0.275845 0.961202 0.000000 -24.807613 0.000000 0.000000 1.000000 0.000000
0.961329 0.275403 0.000000 135.758035 -0.275403 0.961329 0.000000 -24.997653 0.000000 0.000000 1.000000 0.000000
0.961404 0.275142 0.000000 136.369160 -0.275142 0.961404 0.000000 -25.189420 0.000000 0.000000 1.000000 0.000000
0.961004 0.276533 0.000000 137.278273 -0.276533 0.961004 0.000000 -25.463382 0.000000 0.000000 1.000000 0.000000
0.960730 0.277484 0.000000 137.869704 -0.277484 0.960730 0.000000 -25.653182 0.000000 0.000000 1.000000 0.000000
0.960233 0.279201 0.000000 138.482126 -0.279201 0.960233 0.000000 -25.835160 0.000000 0.000000 1.000000 0.000000
0.959635 0.281247 0.000000 139.049754 -0.281247 0.959635 0.000000 -26.012217 0.000000 0.000000 1.000000 0.000000
0.958408 0.285400 0.000000 139.837226 -0.285400 0.958408 0.000000 -26.257943 0.000000 0.000000 1.000000 0.000000
0.958237 0.285976 0.000000 140.439509 -0.285976 0.958237 0.000000 -26.452809 0.000000 0.000000 1.000000 0.000000
0.958328 0.285670 0.000000 141.048473 -0.285670 0.958328 0.000000 -26.647194 0.000000 0.000000 1.000000 0.000000
0.958640 0.284621 0.000000 141.651899 -0.284621 0.958640 0.000000 -26.835684 0.000000 0.000000 1.000000 0.000000
0.959498 0.281715 0.000000 142.256595 -0.281715 0.959498 0.000000 -27.023426 0.000000 0.000000 1.000000 0.000000
0.959495 0.281726 0.000000 143.411969 -0.281726 0.959495 0.000000 -27.380119 0.000000 0.000000 1.000000 0.000000
0.960329 0.278870 0.000000 143.966214 -0.278870 0.960329 0.000000 -27.541755 0.000000 0.000000 1.000000 0.000000
0.959272 0.282483 0.000000 144.549775 -0.282483 0.959272 0.000000 -27.707859 0.000000 0.000000 1.000000 0.000000
0.959828 0.280590 0.000000 145.130659 -0.280590 0.959828 0.000000 -27.886126 0.000000 0.000000 1.000000 0.000000
0.959472 0.281805 0.000000 145.680609 -0.281805 0.959472 0.000000 -28.053478 0.000000 0.000000 1.000000 0.000000
0.959734 0.280909 0.000000 146.263509 -0.280909 0.959734 0.000000 -28.239047 0.000000 0.000000 1.000000 0.000000
0.961142 0.276056 0.000000 146.970599 -0.276056 0.961142 0.000000 -28.464905 0.000000 0.000000 1.000000 0.000000
0.961223 0.275771 0.000000 147.550450 -0.275771 0.961223 0.000000 -28.635504 0.000000 0.000000 1.000000 0.000000
0.961357 0.275303 0.000000 148.092092 -0.275303 0.961357 0.000000 -28.789766 0.000000 0.000000 1.000000 0.000000
0.961286 0.275551 0.000000 148.678134 -0.275551 0.961286 0.000000 -28.962851 0.000000 0.000000 1.000000 0.000000
0.960699 0.277593 0.000000 149.252896 -0.277593 0.960699 0.000000 -29.135118 0.000000 0.000000 1.000000 0.000000
0.960374 0.278713 0.000000 149.784962 -0.278713 0.960374 0.000000 -29.298387 0.000000 0.000000 1.000000 0.000000
0.960156 0.279463 0.000000 150.349676 -0.279463 0.960156 0.000000 -29.471539 0.000000 0.000000 1.000000 0.000000
0.961045 0.276390 0.000000 150.886823 -0.276390 0.961045 0.000000 -29.625013 0.000000 0.000000 1.000000 0.000000
0.960476 0.278363 0.000000 151.453790 -0.278363 0.960476 0.000000 -29.792033 0.000000 0.000000 1.000000 0.000000
0.959874 0.280430 0.000000 152.010058 -0.280430 0.959874 0.000000 -29.959266 0.000000 0.000000 1.000000 0.000000
0.958819 0.284016 0.000000 152.736179 -0.284016 0.958819 0.000000 -30.172130 0.000000 0.000000 1.000000 0.000000
0.958026 0.286682 0.000000 153.269954 -0.286682 0.958026 0.000000 -30.325613 0.000000 0.000000 1.000000 0.000000
0.957602 0.288095 0.000000 153.834591 -0.288095 0.957602 0.000000 -30.491354 0.000000 0.000000 1.000000 0.000000
0.957127 0.289670 0.000000 154.361832 -0.289670 0.957127 0.000000 -30.659948 0.000000 0.000000 1.000000 0.000000
0.956973 0.290176 0.000000 154.918726 -0.290176 0.956973 0.000000 -30.829623 0.000000 0.000000 1.000000 0.000000
0.957591 0.288133 0.000000 155.443076 -0.288133 0.957591 0.000000 -30.982934 0.000000 0.000000 1.000000 0.000000
0.957308 0.289071 0.000000 156.160898 -0.289071 0.957308 0.000000 -31.200105 0.000000 0.000000 1.000000 0.000000
0.957332 0.288990 0.000000 156.673423 -0.288990 0.957332 0.000000 -31.359529 0.000000 0.000000 1.000000 0.000000
0.955337 0.295519 0.000000 157.219388 -0.295519 0.955337 0.000000 -31.545185 0.000000 0.000000 1.000000 0.000000
0.955358 0.295450 0.000000 157.735503 -0.295450 0.955358 0.000000 -31.708084 0.000000 0.000000 1.000000 0.000000
0.956400 0.292060 0.000000 158.286570 -0.292060 0.956400 0.000000 -31.876522 0.000000 0.000000 1.000000 0.000000
0.956294 0.292407 0.000000 158.799724 -0.292407 0.956294 0.000000 -32.036881 0.000000 0.000000 1.000000 0.000000
0.955998 0.293374 0.000000 159.549810 -0.293374 0.955998 0.000000 -32.260603 0.000000 0.000000 1.000000 0.000000
0.955314 0.295592 0.000000 160.107421 -0.295592 0.955314 0.000000 -32.430956 0.000000 0.000000 1.000000 0.000000
0.956585 0.291454 0.000000 160.656665 -0.291454 0.956585 0.000000 -32.606826 0.000000 0.000000 1.000000 0.000000
0.957407 0.288741 0.000000 161.201444 -0.288741 0.957407 0.000000 -32.778508 0.000000 0.000000 1.000000 0.000000
0.958269 0.285868 0.000000 161.749698 -0.285868 0.958269 0.000000 -32.949750 0.000000 0.000000 1.000000 0.000000
0.957544 0.288288 0.000000 162.289968 -0.288288 0.957544 0.000000 -33.134319 0.000000 0.000000 1.000000 0.000000
0.957708 0.287740 0.000000 162.836319 -0.287740 0.957708 0.000000 -33.310524 0.000000 0.000000 1.000000 0.000000
0.958708 0.284391 0.000000 163.353229 -0.284391 0.958708 0.000000 -33.480563 0.000000 0.000000 1.000000 0.000000
0.959910 0.280308 0.000000 163.894830 -0.280308 0.959910 0.000000 -33.658089 0.000000 0.000000 1.000000 0.000000
0.960167 0.279427 0.000000 164.447848 -0.279427 0.960167 0.000000 -33.836273 0.000000 0.000000 1.000000 0.000000
0.960570 0.278037 0.000000 164.962470 -0.278037 0.960570 0.000000 -33.995469 0.000000 0.000000 1.000000 0.000000
0.960842 0.277098 0.000000 165.518482 -0.277098 0.960842 0.000000 -34.165985 0.000000 0.000000 1.000000 0.000000
0.961884 0.273457 0.000000 166.040894 -0.273457 0.961884 0.000000 -34.310090 0.000000 0.000000 1.000000 0.000000
0.962009 0.273018 0.000000 166.593736 -0.273018 0.962009 0.000000 -34.467492 0.000000 0.000000 1.000000 0.000000
0.963533 0.267590 0.000000 167.140874 -0.267590 0.963533 0.000000 -34.640060 0.000000 0.000000 1.000000 0.000000
0.965013 0.262203 0.000000 167.703436 -0.262203 0.965013 0.000000 -34.804770 0.000000 0.000000 1.000000 0.000000
0.966134 0.258042 0.000000 168.225602 -0.258042 0.966134 0.000000 -34.941727 0.000000 0.000000 1.000000 0.000000
0.967247 0.253835 0.000000 168.780236 -0.253835 0.967247 0.000000 -35.095313 0.000000 0.000000 1.000000 0.000000
0.968495 0.249034 0.000000 169.281617 -0.249034 0.968495 0.000000 -35.245433 0.000000 0.000000 1.000000 0.000000
0.970114 0.242648 0.000000 169.838740 -0.242648 0.970114 0.000000 -35.397497 0.000000 0.000000 1.000000 0.000000
0.971396 0.237464 0.000000 170.559608 -0.237464 0.971396 0.000000 -35.596124 0.000000 0.000000 1.000000 0.000000
0.971937 0.235240 0.000000 171.115371 -0.235240 0.971937 0.000000 -35.725771 0.000000 0.000000 1.000000 0.000000
0.972653 0.232265 0.000000 171.625074 -0.232265 0.972653 0.000000 -35.850782 0.000000 0.000000 1.000000 0.000000
0.972465 0.233047 0.000000 172.185397 -0.233047 0.972465 0.000000 -35.996367 0.000000 0.000000 1.000000 0.000000
0.972956 0.230989 0.000000 172.881495 -0.230989 0.972956 0.000000 -36.171497 0.000000 0.000000 1.000000 0.000000
0.974134 0.225973 0.000000 173.973261 -0.225973 0.974134 0.000000 -36.450940 0.000000 0.000000 1.000000 0.000000
0.974776 0.223186 0.000000 174.520376 -0.223186 0.974776 0.000000 -36.594478 0.000000 0.000000 1.000000 0.000000
0.975526 0.219885 0.000000 175.070244 -0.219885 0.975526 0.000000 -36.713887 0.000000 0.000000 1.000000 0.000000
0.975373 0.220562 0.000000 175.618569 -0.220562 0.975373 0.000000 -36.843154 0.000000 0.000000 1.000000 0.000000
0.976016 0.217700 0.000000 176.158330 -0.217700 0.976016 0.000000 -36.969505 0.000000 0.000000 1.000000 0.000000
0.976452 0.215737 0.000000 176.699092 -0.215737 0.976452 0.000000 -37.095883 0.000000 0.000000 1.000000 0.000000
0.976119 0.217236 0.000000 177.261907 -0.217236 0.976119 0.000000 -37.235088 0.000000 0.000000 1.000000 0.000000
0.976157 0.217064 0.000000 177.801215 -0.217064 0.976157 0.000000 -37.364607 0.000000 0.000000 1.000000 0.000000
0.975954 0.217975 0.000000 178.298197 -0.217975 0.975954 0.000000 -37.480304 0.000000 0.000000 1.000000 0.000000
0.975487 0.220059 0.000000 178.798676 -0.220059 0.975487 0.000000 -37.604791 0.000000 0.000000 1.000000 0.000000
0.975454 0.220202 0.000000 179.326897 -0.220202 0.975454 0.000000 -37.728157 0.000000 0.000000 1.000000 0.000000
0.975717 0.219034 0.000000 179.821061 -0.219034 0.975717 0.000000 -37.842482 0.000000 0.000000 1.000000 0.000000
0.976113 0.217261 0.000000 180.356028 -0.217261 0.976113 0.000000 -37.964089 0.000000 0.000000 1.000000 0.000000
0.976441 0.215786 0.000000 180.858105 -0.215786 0.976441 0.000000 -38.076712 0.000000 0.000000 1.000000 0.000000
0.976323 0.216319 0.000000 181.389782 -0.216319 0.976323 0.000000 -38.194526 0.000000 0.000000 1.000000 0.000000
0.976444 0.215772 0.000000 181.883328 -0.215772 0.976444 0.000000 -38.314499 0.000000 0.000000 1.000000 0.000000
0.977295 0.211883 0.000000 182.412853 -0.211883 0.977295 0.000000 -38.442825 0.000000 0.000000 1.000000 0.000000
0.977683 0.210087 0.000000 182.899117 -0.210087 0.977683 0.000000 -38.552527 0.000000 0.000000 1.000000 0.000000
0.977740 0.209819 0.000000 183.432623 -0.209819 0.977740 0.000000 -38.666996 0.000000 0.000000 1.000000 0.000000
0.977525 0.210819 0.000000 183.932450 -0.210819 0.977525 0.000000 -38.772974 0.000000 0.000000 1.000000 0.000000
0.977230 0.212184 0.000000 184.458916 -0.212184 0.977230 0.000000 -38.880468 0.000000 0.000000 1.000000 0.000000
0.977401 0.211393 0.000000 185.103518 -0.211393 0.977401 0.000000 -39.036870 0.000000 0.000000 1.000000 0.000000
0.978304 0.207176 0.000000 185.624610 -0.207176 0.978304 0.000000 -39.158188 0.000000 0.000000 1.000000 0.000000
0.979198 0.202907 0.000000 186.133314 -0.202907 0.979198 0.000000 -39.280208 0.000000 0.000000 1.000000 0.000000
0.979368 0.202085 0.000000 186.616074 -0.202085 0.979368 0.000000 -39.385220 0.000000 0.000000 1.000000 0.000000
0.980717 0.195433 0.000000 187.331983 -0.195433 0.980717 0.000000 -39.537547 0.000000 0.000000 1.000000 0.000000
0.981338 0.192292 0.000000 187.847389 -0.192292 0.981338 0.000000 -39.647977 0.000000 0.000000 1.000000 0.000000
0.981908 0.189360 0.000000 188.362697 -0.189360 0.981908 0.000000 -39.755940 0.000000 0.000000 1.000000 0.000000
0.981959 0.189094 0.000000 188.877945 -0.189094 0.981959 0.000000 -39.867885 0.000000 0.000000 1.000000 0.000000
0.983221 0.182421 0.000000 189.391492 -0.182421 0.983221 0.000000 -39.972396 0.000000 0.000000 1.000000 0.000000
0.985272 0.170993 0.000000 190.409123 -0.170993 0.985272 0.000000 -40.171520 0.000000 0.000000 1.000000 0.000000
0.985847 0.167649 0.000000 190.908619 -0.167649 0.985847 0.000000 -40.252562 0.000000 0.000000 1.000000 0.000000
0.987187 0.159565 0.000000 191.408432 -0.159565 0.987187 0.000000 -40.343069 0.000000 0.000000 1.000000 0.000000
0.988502 0.151209 0.000000 191.875237 -0.151209 0.988502 0.000000 -40.422178 0.000000 0.000000 1.000000 0.000000
0.989631 0.143634 0.000000 192.368483 -0.143634 0.989631 0.000000 -40.499475 0.000000 0.000000 1.000000 0.000000
0.990909 0.134531 0.000000 192.836602 -0.134531 0.990909 0.000000 -40.570131 0.000000 0.000000 1.000000 0.000000
0.993416 0.114559 0.000000 193.786465 -0.114559 0.993416 0.000000 -40.692162 0.000000 0.000000 1.000000 0.000000
0.994436 0.105339 0.000000 194.274586 -0.105339 0.994436 0.000000 -40.759999 0.000000 0.000000 1.000000 0.000000
0.995559 0.094138 0.000000 194.728091 -0.094138 0.995559 0.000000 -40.808532 0.000000 0.000000 1.000000 0.000000
0.996605 0.082328 0.000000 195.407692 -0.082328 0.996605 0.000000 -40.878994 0.000000 0.000000 1.000000 0.000000
0.997494 0.070745 0.000000 195.887037 -0.070745 0.997494 0.000000 -40.921422 0.000000 0.000000 1.000000 0.000000
0.998215 0.059723 0.000000 196.364268 -0.059723 0.998215 0.000000 -40.954229 0.000000 0.000000 1.000000 0.000000
0.998780 0.049376 0.000000 196.800292 -0.049376 0.998780 0.000000 -40.980410 0.000000 0.000000 1.000000 0.000000
0.999180 0.040476 0.000000 197.269917 -0.040476 0.999180 0.000000 -41.015610 0.000000 0.000000 1.000000 0.000000
0.999700 0.024498 0.000000 197.741000 -0.024498 0.999700 0.000000 -41.038991 0.000000 0.000000 1.000000 0.000000
0.999890 0.014850 0.000000 198.177144 -0.014850 0.999890 0.000000 -41.063647 0.000000 0.000000 1.000000 0.000000
0.999993 0.003679 0.000000 198.636268 -0.003679 0.999993 0.000000 -41.090325 0.000000 0.000000 1.000000 0.000000
0.999991 -0.004246 0.000000 199.059697 0.004246 0.999991 0.000000 -41.109871 0.000000 0.000000 1.000000 0.000000
0.999890 -0.014815 0.000000 199.516429 0.014815 0.999890 0.000000 -41.120352 0.000000 0.000000 1.000000 0.000000
0.999698 -0.024557 0.000000 199.937815 0.024557 0.999698 0.000000 -41.120848 0.000000 0.000000 1.000000 0.000000
