0.999972 0.007498 0.000000 1.172821 -0.007498 0.999972 0.000000 -0.008556 0.000000 0.000000 1.000000 0.000000
0.999961 0.008780 0.000000 1.726171 -0.008780 0.999961 0.000000 -0.025814 0.000000 0.000000 1.000000 0.000000
0.999900 0.014164 0.000000 2.880661 -0.014164 0.999900 0.000000 -0.080629 0.000000 0.000000 1.000000 0.000000
0.999892 0.014665 0.000000 3.468374 -0.014665 0.999892 0.000000 -0.065537 0.000000 0.000000 1.000000 0.000000
0.999849 0.017379 0.000000 4.019199 -0.017379 0.999849 0.000000 -0.076699 0.000000 0.000000 1.000000 0.000000
0.999808 0.019572 0.000000 4.609821 -0.019572 0.999808 0.000000 -0.098622 0.000000 0.000000 1.000000 0.000000
0.999795 0.020248 0.000000 5.420934 -0.020248 0.999795 0.000000 -0.107370 0.000000 0.000000 1.000000 0.000000
0.999731 0.023179 0.000000 6.002990 -0.023179 0.999731 0.000000 -0.134088 0.000000 0.000000 1.000000 0.000000
0.999720 0.023672 0.000000 6.564620 -0.023672 0.999720 0.000000 -0.142860 0.000000 0.000000 1.000000 0.000000
0.999664 0.025913 0.000000 7.143481 -0.025913 0.999664 0.000000 -0.142570 0.000000 0.000000 1.000000 0.000000
0.999491 0.031906 0.000000 7.686889 -0.031906 0.999491 0.000000 -0.115560 0.000000 0.000000 1.000000 0.000000
0.999287 0.037749 0.000000 8.261886 -0.037749 0.999287 0.000000 -0.118587 0.000000 0.000000 1.000000 0.000000
0.999038 0.043863 0.000000 8.806986 -0.043863 0.999038 0.000000 -0.126189 0.000000 0.000000 1.000000 0.000000
0.998656 0.051819 0.000000 9.525906 -0.051819 0.998656 0.000000 -0.162332 0.000000 0.000000 1.000000 0.000000
0.998397 0.056602 0.000000 10.093310 -0.056602 0.998397 0.000000 -0.197866 0.000000 0.000000 1.000000 0.000000
0.998173 0.060416 0.000000 10.670242 -0.060416 0.998173 0.000000 -0.231656 0.000000 0.000000 1.000000 0.000000
0.997850 0.065541 0.000000 11.243771 -0.065541 0.997850 0.000000 -0.266412 0.000000 0.000000 1.000000 0.000000
0.996939 0.078179 0.000000 12.377994 -0.078179 0.996939 0.000000 -0.336753 0.000000 0.000000 1.000000 0.000000
0.996617 0.082184 0.000000 12.915535 -0.082184 0.996617 0.000000 -0.363476 0.000000 0.000000 1.000000 0.000000
0.996044 0.088864 0.000000 13.489784 -0.088864 0.996044 0.000000 -0.401988 0.000000 0.000000 1.000000 0.000000
0.995308 0.096759 0.000000 14.029054 -0.096759 0.995308 0.000000 -0.446326 0.000000 0.000000 1.000000 0.000000
0.994533 0.104421 0.000000 14.593080 -0.104421 0.994533 0.000000 -0.494721 0.000000 0.000000 1.000000 0.000000
0.993800 0.111179 0.000000 15.122776 -0.111179 0.993800 0.000000 -0.537621 0.000000 0.000000 1.000000 0.000000
0.993284 0.115706 0.000000 15.700368 -0.115706 0.993284 0.000000 -0.602050 0.000000 0.000000 1.000000 0.000000
0.992556 0.121786 0.000000 16.232118 -0.121786 0.992556 0.000000 -0.682033 0.000000 0.000000 1.000000 0.000000
0.991328 0.131408 0.000000 16.983753 -0.131408 0.991328 0.000000 -0.778246 0.000000 0.000000 1.000000 0.000000
0.989864 0.142018 0.000000 17.552356 -0.142018 0.989864 0.000000 -0.861040 0.000000 0.000000 1.000000 0.000000
0.988945 0.148284 0.000000 18.117106 -0.148284 0.988945 0.000000 -0.953358 0.000000 0.000000 1.000000 0.000000
0.988231 0.152967 0.000000 18.664685 -0.152967 0.988231 0.000000 -1.045434 0.000000 0.000000 1.000000 0.000000
0.987486 0.157705 0.000000 19.230013 -0.157705 0.987486 0.000000 -1.125438 0.000000 0.000000 1.000000 0.000000
0.986453 0.164042 0.000000 19.756259 -0.164042 0.986453 0.000000 -1.215173 0.000000 0.000000 1.000000 0.000000
0.985280 0.170951 0.000000 20.276717 -0.170951 0.985280 0.000000 -1.306497 0.000000 0.000000 1.000000 0.000000
0.984104 0.177590 0.000000 20.834790 -0.177590 0.984104 0.000000 -1.413085 0.000000 0.000000 1.000000 0.000000
0.982405 0.186765 0.000000 21.357899 -0.186765 0.982405 0.000000 -1.516719 0.000000 0.000000 1.000000 0.000000
0.980468 0.196677 0.000000 21.909070 -0.196677 0.980468 0.000000 -1.648359 0.000000 0.000000 1.000000 0.000000
0.978849 0.204585 0.000000 22.650925 -0.204585 0.978849 0.000000 -1.795435 0.000000 0.000000 1.000000 0.000000
0.977825 0.209423 0.000000 23.193604 -0.209423 0.977825 0.000000 -1.928295 0.000000 0.000000 1.000000 0.000000
0.976083 0.217397 0.000000 23.783086 -0.217397 0.976083 0.000000 -2.042161 0.000000 0.000000 1.000000 0.000000
0.974358 0.225005 0.000000 24.328728 -0.225005 0.974358 0.000000 -2.155967 0.000000 0.000000 1.000000 0.000000
0.972644 0.232300 0.000000 24.875042 -0.232300 0.972644 0.000000 -2.276564 0.000000 0.000000 1.000000 0.000000
0.971151 0.238467 0.000000 25.375512 -0.238467 0.971151 0.000000 -2.402636 0.000000 0.000000 1.000000 0.000000
0.969652 0.244490 0.000000 25.924360 -0.244490 0.969652 0.000000 -2.520357 0.000000 0.000000 1.000000 0.000000
0.969956 0.243279 0.000000 26.420693 -0.243279 0.969956 0.000000 -2.641552 0.000000 0.000000 1.000000 0.000000
0.968658 0.248397 0.000000 26.951109 -0.248397 0.968658 0.000000 -2.773557 0.000000 0.000000 1.000000 0.000000
0.965778 0.259371 0.000000 27.978179 -0.259371 0.965778 0.000000 -3.049984 0.000000 0.000000 1.000000 0.000000
0.964368 0.264565 0.000000 28.463291 -0.264565 0.964368 0.000000 -3.176902 0.000000 0.000000 1.000000 0.000000
0.962582 0.270989 0.000000 28.988562 -0.270989 0.962582 0.000000 -3.316618 0.000000 0.000000 1.000000 0.000000
0.960649 0.277764 0.000000 29.655712 -0.277764 0.960649 0.000000 -3.499751 0.000000 0.000000 1.000000 0.000000
0.959124 0.282985 0.000000 30.135173 -0.282985 0.959124 0.000000 -3.638332 0.000000 0.000000 1.000000 0.000000
0.957609 0.288072 0.000000 30.616829 -0.288072 0.957609 0.000000 -3.780542 0.000000 0.000000 1.000000 0.000000
0.955312 0.295600 0.000000 31.131776 -0.295600 0.955312 0.000000 -3.931345 0.000000 0.000000 1.000000 0.000000
0.954435 0.298419 0.000000 31.607046 -0.298419 0.954435 0.000000 -4.085411 0.000000 0.000000 1.000000 0.000000
0.951520 0.307587 0.000000 32.277514 -0.307587 0.951520 0.000000 -4.305157 0.000000 0.000000 1.000000 0.000000
0.949868 0.312652 0.000000 32.785147 -0.312652 0.949868 0.000000 -4.482643 0.000000 0.000000 1.000000 0.000000
0.948663 0.316290 0.000000 33.285809 -0.316290 0.948663 0.000000 -4.662884 0.000000 0.000000 1.000000 0.000000
0.946969 0.321325 0.000000 33.772689 -0.321325 0.946969 0.000000 -4.837184 0.000000 0.000000 1.000000 0.000000
0.945080 0.326840 0.000000 34.282187 -0.326840 0.945080 0.000000 -5.017920 0.000000 0.000000 1.000000 0.000000
0.945563 0.325439 0.000000 34.782196 -0.325439 0.945563 0.000000 -5.201665 0.000000 0.000000 1.000000 0.000000
0.943201 0.332221 0.000000 35.246619 -0.332221 0.943201 0.000000 -5.354709 0.000000 0.000000 1.000000 0.000000
0.941780 0.336229 0.000000 35.747662 -0.336229 0.941780 0.000000 -5.531674 0.000000 0.000000 1.000000 0.000000
0.939921 0.341392 0.000000 36.228333 -0.341392 0.939921 0.000000 -5.721122 0.000000 0.000000 1.000000 0.000000
0.937340 0.348416 0.000000 36.729927 -0.348416 0.937340 0.000000 -5.899939 0.000000 0.000000 1.000000 0.000000
0.935227 0.354049 0.000000 37.204007 -0.354049 0.935227 0.000000 -6.080381 0.000000 0.000000 1.000000 0.000000
0.932624 0.360851 0.000000 37.696343 -0.360851 0.932624 0.000000 -6.287761 0.000000 0.000000 1.000000 0.000000
0.929897 0.367820 0.000000 38.174124 -0.367820 0.929897 0.000000 -6.470691 0.000000 0.000000 1.000000 0.000000
0.927724 0.373268 0.000000 38.671681 -0.373268 0.927724 0.000000 -6.661339 0.000000 0.000000 1.000000 0.000000
0.926527 0.376228 0.000000 39.131872 -0.376228 0.926527 0.000000 -6.826041 0.000000 0.000000 1.000000 0.000000
0.923434 0.383758 0.000000 39.813790 -0.383758 0.923434 0.000000 -7.110694 0.000000 0.000000 1.000000 0.000000
0.919246 0.393685 0.000000 40.514226 -0.393685 0.919246 0.000000 -7.424615 0.000000 0.000000 1.000000 0.000000
0.916088 0.400978 0.000000 41.000466 -0.400978 0.916088 0.000000 -7.637393 0.000000 0.000000 1.000000 0.000000
0.910256 0.414046 0.000000 41.843676 -0.414046 0.910256 0.000000 -8.025791 0.000000 0.000000 1.000000 0.000000
0.907948 0.419083 0.000000 42.327213 -0.419083 0.907948 0.000000 -8.251347 0.000000 0.000000 1.000000 0.000000
0.905932 0.423424 0.000000 42.808342 -0.423424 0.905932 0.000000 -8.469074 0.000000 0.000000 1.000000 0.000000
0.905296 0.424782 0.000000 43.285476 -0.424782 0.905296 0.000000 -8.670190 0.000000 0.000000 1.000000 0.000000
0.901119 0.433573 0.000000 43.758228 -0.433573 0.901119 0.000000 -8.880529 0.000000 0.000000 1.000000 0.000000
0.900155 0.435569 0.000000 44.251365 -0.435569 0.900155 0.000000 -9.125484 0.000000 0.000000 1.000000 0.000000
0.897757 0.440491 0.000000 44.679057 -0.440491 0.897757 0.000000 -9.332245 0.000000 0.000000 1.000000 0.000000
0.894922 0.446223 0.000000 45.131170 -0.446223 0.894922 0.000000 -9.564631 0.000000 0.000000 1.000000 0.000000
0.893275 0.449510 0.000000 45.585039 -0.449510 0.893275 0.000000 -9.776009 0.000000 0.000000 1.000000 0.000000
0.892772 0.450508 0.000000 46.029893 -0.450508 0.892772 0.000000 -10.007168 0.000000 0.000000 1.000000 0.000000
0.890539 0.454907 0.000000 46.452730 -0.454907 0.890539 0.000000 -10.229151 0.000000 0.000000 1.000000 0.000000
0.888755 0.458383 0.000000 46.880269 -0.458383 0.888755 0.000000 -10.462320 0.000000 0.000000 1.000000 0.000000
0.886804 0.462146 0.000000 47.273579 -0.462146 0.886804 0.000000 -10.685753 0.000000 0.000000 1.000000 0.000000
0.886347 0.463021 0.000000 47.691837 -0.463021 0.886347 0.000000 -10.925279 0.000000 0.000000 1.000000 0.000000
0.883501 0.468429 0.000000 48.080448 -0.468429 0.883501 0.000000 -11.136096 0.000000 0.000000 1.000000 0.000000
0.882488 0.470335 0.000000 48.507200 -0.470335 0.882488 0.000000 -11.353949 0.000000 0.000000 1.000000 0.000000
0.882063 0.471131 0.000000 48.904640 -0.471131 0.882063 0.000000 -11.556102 0.000000 0.000000 1.000000 0.000000
0.880991 0.473133 0.000000 49.292595 -0.473133 0.880991 0.000000 -11.754862 0.000000 0.000000 1.000000 0.000000
0.880850 0.473395 0.000000 49.696025 -0.473395 0.880850 0.000000 -11.957429 0.000000 0.000000 1.000000 0.000000
0.876493 0.481415 0.000000 50.093480 -0.481415 0.876493 0.000000 -12.153573 0.000000 0.000000 1.000000 0.000000
0.873648 0.486558 0.000000 50.477354 -0.486558 0.873648 0.000000 -12.356500 0.000000 0.000000 1.000000 0.000000
0.871581 0.490252 0.000000 50.841050 -0.490252 0.871581 0.000000 -12.581469 0.000000 0.000000 1.000000 0.000000
0.867439 0.497544 0.000000 51.227378 -0.497544 0.867439 0.000000 -12.808602 0.000000 0.000000 1.000000 0.000000
0.863692 0.504019 0.000000 51.754962 -0.504019 0.863692 0.000000 -13.148774 0.000000 0.000000 1.000000 0.000000
0.859528 0.511089 0.000000 52.134900 -0.511089 0.859528 0.000000 -13.397190 0.000000 0.000000 1.000000 0.000000
0.854497 0.519457 0.000000 52.504808 -0.519457 0.854497 0.000000 -13.612235 0.000000 0.000000 1.000000 0.000000
0.851944 0.523633 0.000000 52.854270 -0.523633 0.851944 0.000000 -13.832013 0.000000 0.000000 1.000000 0.000000
0.849580 0.527459 0.000000 53.204871 -0.527459 0.849580 0.000000 -14.056497 0.000000 0.000000 1.000000 0.000000
0.845426 0.534093 0.000000 53.548861 -0.534093 0.845426 0.000000 -14.278250 0.000000 0.000000 1.000000 0.000000
0.842505 0.538689 0.000000 53.883870 -0.538689 0.842505 0.000000 -14.505279 0.000000 0.000000 1.000000 0.000000
0.839049 0.544055 0.000000 54.220462 -0.544055 0.839049 0.000000 -14.722121 0.000000 0.000000 1.000000 0.000000
0.835242 0.549882 0.000000 54.547216 -0.549882 0.835242 0.000000 -14.937399 0.000000 0.000000 1.000000 0.000000
0.833576 0.552405 0.000000 54.863255 -0.552405 0.833576 0.000000 -15.155333 0.000000 0.000000 1.000000 0.000000
0.831141 0.556062 0.000000 55.165579 -0.556062 0.831141 0.000000 -15.377939 0.000000 0.000000 1.000000 0.000000
0.828524 0.559954 0.000000 55.771795 -0.559954 0.828524 0.000000 -15.804040 0.000000 0.000000 1.000000 0.000000
0.828244 0.560367 0.000000 56.062665 -0.560367 0.828244 0.000000 -16.000532 0.000000 0.000000 1.000000 0.000000
0.827138 0.561998 0.000000 56.338071 -0.561998 0.827138 0.000000 -16.169578 0.000000 0.000000 1.000000 0.000000
0.826667 0.562692 0.000000 56.606349 -0.562692 0.826667 0.000000 -16.347762 0.000000 0.000000 1.000000 0.000000
0.829220 0.558923 0.000000 56.891119 -0.558923 0.829220 0.000000 -16.540521 0.000000 0.000000 1.000000 0.000000
0.827093 0.562065 0.000000 57.156282 -0.562065 0.827093 0.000000 -16.716613 0.000000 0.000000 1.000000 0.000000
0.825712 0.564092 0.000000 57.434249 -0.564092 0.825712 0.000000 -16.891420 0.000000 0.000000 1.000000 0.000000
0.824604 0.565711 0.000000 57.690477 -0.565711 0.824604 0.000000 -17.060890 0.000000 0.000000 1.000000 0.000000
0.823291 0.567620 0.000000 57.959780 -0.567620 0.823291 0.000000 -17.233280 0.000000 0.000000 1.000000 0.000000
0.823559 0.567230 0.000000 58.197737 -0.567230 0.823559 0.000000 -17.406691 0.000000 0.000000 1.000000 0.000000
0.821316 0.570474 0.000000 58.439439 -0.570474 0.821316 0.000000 -17.554880 0.000000 0.000000 1.000000 0.000000
0.819899 0.572508 0.000000 58.695124 -0.572508 0.819899 0.000000 -17.717391 0.000000 0.000000 1.000000 0.000000
0.816427 0.577448 0.000000 59.055371 -0.577448 0.816427 0.000000 -17.960483 0.000000 0.000000 1.000000 0.000000
0.815370 0.578940 0.000000 59.322914 -0.578940 0.815370 0.000000 -18.132517 0.000000 0.000000 1.000000 0.000000
0.811598 0.584216 0.000000 59.567784 -0.584216 0.811598 0.000000 -18.297502 0.000000 0.000000 1.000000 0.000000
0.808828 0.588045 0.000000 59.795648 -0.588045 0.808828 0.000000 -18.470130 0.000000 0.000000 1.000000 0.000000
0.805561 0.592512 0.000000 60.018773 -0.592512 0.805561 0.000000 -18.645433 0.000000 0.000000 1.000000 0.000000
0.802947 0.596051 0.000000 60.226158 -0.596051 0.802947 0.000000 -18.812208 0.000000 0.000000 1.000000 0.000000
0.802897 0.596118 0.000000 60.433132 -0.596118 0.802897 0.000000 -18.980349 0.000000 0.000000 1.000000 0.000000
0.802468 0.596695 0.000000 60.642810 -0.596695 0.802468 0.000000 -19.149537 0.000000 0.000000 1.000000 0.000000
0.804553 0.593881 0.000000 60.841910 -0.593881 0.804553 0.000000 -19.306162 0.000000 0.000000 1.000000 0.000000
0.803518 0.595280 0.000000 61.033970 -0.595280 0.803518 0.000000 -19.461217 0.000000 0.000000 1.000000 0.000000
0.799385 0.600819 0.000000 61.433922 -0.600819 0.799385 0.000000 -19.739979 0.000000 0.000000 1.000000 0.000000
0.795412 0.606069 0.000000 61.610413 -0.606069 0.795412 0.000000 -19.862762 0.000000 0.000000 1.000000 0.000000
0.794372 0.607432 0.000000 61.770110 -0.607432 0.794372 0.000000 -19.991600 0.000000 0.000000 1.000000 0.000000
0.794786 0.606890 0.000000 61.948183 -0.606890 0.794786 0.000000 -20.132076 0.000000 0.000000 1.000000 0.000000
0.794776 0.606902 0.000000 62.103933 -0.606902 0.794776 0.000000 -20.259432 0.000000 0.000000 1.000000 0.000000
0.793380 0.608727 0.000000 62.265378 -0.608727 0.793380 0.000000 -20.388722 0.000000 0.000000 1.000000 0.000000
0.793152 0.609023 0.000000 62.423544 -0.609023 0.793152 0.000000 -20.522785 0.000000 0.000000 1.000000 0.000000
0.791072 0.611723 0.000000 62.573278 -0.611723 0.791072 0.000000 -20.630636 0.000000 0.000000 1.000000 0.000000
0.790055 0.613036 0.000000 62.736139 -0.613036 0.790055 0.000000 -20.753859 0.000000 0.000000 1.000000 0.000000
0.786436 0.617672 0.000000 63.050421 -0.617672 0.786436 0.000000 -20.991546 0.000000 0.000000 1.000000 0.000000
0.784915 0.619603 0.000000 63.215941 -0.619603 0.784915 0.000000 -21.092863 0.000000 0.000000 1.000000 0.000000
0.784174 0.620541 0.000000 63.366941 -0.620541 0.784174 0.000000 -21.202409 0.000000 0.000000 1.000000 0.000000
0.782442 0.622723 0.000000 63.617854 -0.622723 0.782442 0.000000 -21.401540 0.000000 0.000000 1.000000 0.000000
0.781299 0.624157 0.000000 63.780791 -0.624157 0.781299 0.000000 -21.527452 0.000000 0.000000 1.000000 0.000000
0.778790 0.627285 0.000000 63.938132 -0.627285 0.778790 0.000000 -21.650734 0.000000 0.000000 1.000000 0.000000
0.776672 0.629906 0.000000 64.096794 -0.629906 0.776672 0.000000 -21.775961 0.000000 0.000000 1.000000 0.000000
0.777157 0.629307 0.000000 64.253391 -0.629307 0.777157 0.000000 -21.901038 0.000000 0.000000 1.000000 0.000000
0.775765 0.631022 0.000000 64.411808 -0.631022 0.775765 0.000000 -22.021968 0.000000 0.000000 1.000000 0.000000
0.774579 0.632477 0.000000 64.557926 -0.632477 0.774579 0.000000 -22.143552 0.000000 0.000000 1.000000 0.000000
0.771239 0.636546 0.000000 64.875294 -0.636546 0.771239 0.000000 -22.392776 0.000000 0.000000 1.000000 0.000000
0.769024 0.639220 0.000000 65.031329 -0.639220 0.769024 0.000000 -22.510277 0.000000 0.000000 1.000000 0.000000
0.767281 0.641311 0.000000 65.209221 -0.641311 0.767281 0.000000 -22.630297 0.000000 0.000000 1.000000 0.000000
0.765011 0.644017 0.000000 65.369190 -0.644017 0.765011 0.000000 -22.762655 0.000000 0.000000 1.000000 0.000000
0.763800 0.645453 0.000000 65.537185 -0.645453 0.763800 0.000000 -22.905130 0.000000 0.000000 1.000000 0.000000
0.762895 0.646522 0.000000 65.697127 -0.646522 0.762895 0.000000 -23.049554 0.000000 0.000000 1.000000 0.000000
0.760811 0.648973 0.000000 65.849324 -0.648973 0.760811 0.000000 -23.194906 0.000000 0.000000 1.000000 0.000000
0.759042 0.651041 0.000000 66.017893 -0.651041 0.759042 0.000000 -23.340837 0.000000 0.000000 1.000000 0.000000
0.755975 0.654601 0.000000 66.188043 -0.654601 0.755975 0.000000 -23.471128 0.000000 0.000000 1.000000 0.000000
0.751834 0.659353 0.000000 66.360168 -0.659353 0.751834 0.000000 -23.615635 0.000000 0.000000 1.000000 0.000000
0.748084 0.663604 0.000000 66.534112 -0.663604 0.748084 0.000000 -23.763697 0.000000 0.000000 1.000000 0.000000
0.745772 0.666201 0.000000 66.703369 -0.666201 0.745772 0.000000 -23.917899 0.000000 0.000000 1.000000 0.000000
0.743579 0.668648 0.000000 66.896529 -0.668648 0.743579 0.000000 -24.073181 0.000000 0.000000 1.000000 0.000000
0.742061 0.670332 0.000000 67.057020 -0.670332 0.742061 0.000000 -24.237028 0.000000 0.000000 1.000000 0.000000
0.738636 0.674105 0.000000 67.255796 -0.674105 0.738636 0.000000 -24.398209 0.000000 0.000000 1.000000 0.000000
0.736398 0.676548 0.000000 67.419249 -0.676548 0.736398 0.000000 -24.568822 0.000000 0.000000 1.000000 0.000000
0.730817 0.682573 0.000000 67.695282 -0.682573 0.730817 0.000000 -24.830192 0.000000 0.000000 1.000000 0.000000
0.727760 0.685832 0.000000 67.870003 -0.685832 0.727760 0.000000 -25.002339 0.000000 0.000000 1.000000 0.000000
0.726296 0.687382 0.000000 68.055719 -0.687382 0.726296 0.000000 -25.189629 0.000000 0.000000 1.000000 0.000000
0.724780 0.688981 0.000000 68.236274 -0.688981 0.724780 0.000000 -25.379569 0.000000 0.000000 1.000000 0.000000
0.720806 0.693137 0.000000 68.611533 -0.693137 0.720806 0.000000 -25.768705 0.000000 0.000000 1.000000 0.000000
0.718686 0.695335 0.000000 68.798007 -0.695335 0.718686 0.000000 -25.948995 0.000000 0.000000 1.000000 0.000000
0.716638 0.697445 0.000000 68.966514 -0.697445 0.716638 0.000000 -26.115102 0.000000 0.000000 1.000000 0.000000
0.714646 0.699487 0.000000 69.167757 -0.699487 0.714646 0.000000 -26.298051 0.000000 0.000000 1.000000 0.000000
0.713656 0.700496 0.000000 69.429771 -0.700496 0.713656 0.000000 -26.562519 0.000000 0.000000 1.000000 0.000000
0.708602 0.705609 0.000000 69.628759 -0.705609 0.708602 0.000000 -26.740764 0.000000 0.000000 1.000000 0.000000
0.705280 0.708929 0.000000 69.806561 -0.708929 0.705280 0.000000 -26.926596 0.000000 0.000000 1.000000 0.000000
0.700434 0.713717 0.000000 69.989940 -0.713717 0.700434 0.000000 -27.126681 0.000000 0.000000 1.000000 0.000000
0.699192 0.714934 0.000000 70.157097 -0.714934 0.699192 0.000000 -27.313711 0.000000 0.000000 1.000000 0.000000
0.697295 0.716785 0.000000 70.331361 -0.716785 0.697295 0.000000 -27.497529 0.000000 0.000000 1.000000 0.000000
0.694462 0.719529 0.000000 70.515045 -0.719529 0.694462 0.000000 -27.693131 0.000000 0.000000 1.000000 0.000000
0.694342 0.719645 0.000000 70.684333 -0.719645 0.694342 0.000000 -27.878680 0.000000 0.000000 1.000000 0.000000
0.692416 0.721498 0.000000 70.849108 -0.721498 0.692416 0.000000 -28.060206 0.000000 0.000000 1.000000 0.000000
0.689892 0.723912 0.000000 71.028909 -0.723912 0.689892 0.000000 -28.256708 0.000000 0.000000 1.000000 0.000000
0.689735 0.724062 0.000000 71.196591 -0.724062 0.689735 0.000000 -28.428799 0.000000 0.000000 1.000000 0.000000
0.690522 0.723311 0.000000 71.419873 -0.723311 0.690522 0.000000 -28.679280 0.000000 0.000000 1.000000 0.000000
0.689238 0.724535 0.000000 71.594416 -0.724535 0.689238 0.000000 -28.887466 0.000000 0.000000 1.000000 0.000000
0.688058 0.725656 0.000000 71.766231 -0.725656 0.688058 0.000000 -29.080717 0.000000 0.000000 1.000000 0.000000
0.688418 0.725314 0.000000 71.934103 -0.725314 0.688418 0.000000 -29.270081 0.000000 0.000000 1.000000 0.000000
0.687156 0.726510 0.000000 72.103127 -0.726510 0.687156 0.000000 -29.459216 0.000000 0.000000 1.000000 0.000000
0.690266 0.723556 0.000000 72.279113 -0.723556 0.690266 0.000000 -29.639239 0.000000 0.000000 1.000000 0.000000
0.694992 0.719018 0.000000 72.440538 -0.719018 0.694992 0.000000 -29.820660 0.000000 0.000000 1.000000 0.000000
0.694370 0.719618 0.000000 72.617490 -0.719618 0.694370 0.000000 -29.992523 0.000000 0.000000 1.000000 0.000000
0.696429 0.717626 0.000000 72.792096 -0.717626 0.696429 0.000000 -30.154757 0.000000 0.000000 1.000000 0.000000
0.697265 0.716814 0.000000 72.953425 -0.716814 0.697265 0.000000 -30.311056 0.000000 0.000000 1.000000 0.000000
0.696524 0.717534 0.000000 73.275370 -0.717534 0.696524 0.000000 -30.639016 0.000000 0.000000 1.000000 0.000000
0.697133 0.716942 0.000000 73.442015 -0.716942 0.697133 0.000000 -30.803263 0.000000 0.000000 1.000000 0.000000
0.699339 0.714790 0.000000 73.609477 -0.714790 0.699339 0.000000 -30.975355 0.000000 0.000000 1.000000 0.000000
0.700253 0.713895 0.000000 73.749475 -0.713895 0.700253 0.000000 -31.128692 0.000000 0.000000 1.000000 0.000000
0.702092 0.712087 0.000000 73.902088 -0.712087 0.702092 0.000000 -31.295306 0.000000 0.000000 1.000000 0.000000
0.702984 0.711206 0.000000 74.059388 -0.711206 0.702984 0.000000 -31.442704 0.000000 0.000000 1.000000 0.000000
0.702386 0.711796 0.000000 74.213898 -0.711796 0.702386 0.000000 -31.588838 0.000000 0.000000 1.000000 0.000000
0.703774 0.710424 0.000000 74.463206 -0.710424 0.703774 0.000000 -31.847727 0.000000 0.000000 1.000000 0.000000
0.705465 0.708745 0.000000 74.604576 -0.708745 0.705465 0.000000 -31.999220 0.000000 0.000000 1.000000 0.000000
0.708240 0.705971 0.000000 74.741657 -0.705971 0.708240 0.000000 -32.153077 0.000000 0.000000 1.000000 0.000000
0.709913 0.704290 0.000000 74.878121 -0.704290 0.709913 0.000000 -32.304014 0.000000 0.000000 1.000000 0.000000
0.712462 0.701711 0.000000 75.021399 -0.701711 0.712462 0.000000 -32.453862 0.000000 0.000000 1.000000 0.000000
0.714583 0.699551 0.000000 75.163301 -0.699551 0.714583 0.000000 -32.606093 0.000000 0.000000 1.000000 0.000000
0.722113 0.691776 0.000000 75.435914 -0.691776 0.722113 0.000000 -32.877536 0.000000 0.000000 1.000000 0.000000
0.725272 0.688463 0.000000 75.567351 -0.688463 0.725272 0.000000 -32.998916 0.000000 0.000000 1.000000 0.000000
0.728307 0.685251 0.000000 75.690696 -0.685251 0.728307 0.000000 -33.116861 0.000000 0.000000 1.000000 0.000000
0.734639 0.678458 0.000000 75.902461 -0.678458 0.734639 0.000000 -33.317787 0.000000 0.000000 1.000000 0.000000
0.738533 0.674217 0.000000 76.201163 -0.674217 0.738533 0.000000 -33.584330 0.000000 0.000000 1.000000 0.000000
0.745083 0.666971 0.000000 76.362163 -0.666971 0.745083 0.000000 -33.750677 0.000000 0.000000 1.000000 0.000000
0.747809 0.663914 0.000000 76.465668 -0.663914 0.747809 0.000000 -33.854658 0.000000 0.000000 1.000000 0.000000
0.756447 0.654055 0.000000 76.666930 -0.654055 0.756447 0.000000 -34.053481 0.000000 0.000000 1.000000 0.000000
0.760544 0.649286 0.000000 76.773192 -0.649286 0.760544 0.000000 -34.148236 0.000000 0.000000 1.000000 0.000000
0.763823 0.645426 0.000000 76.875449 -0.645426 0.763823 0.000000 -34.226103 0.000000 0.000000 1.000000 0.000000
0.766564 0.642167 0.000000 76.971720 -0.642167 0.766564 0.000000 -34.307654 0.000000 0.000000 1.000000 0.000000
0.771802 0.635863 0.000000 77.122341 -0.635863 0.771802 0.000000 -34.443989 0.000000 0.000000 1.000000 0.000000
0.777333 0.629089 0.000000 77.310533 -0.629089 0.777333 0.000000 -34.611854 0.000000 0.000000 1.000000 0.000000
0.781169 0.624319 0.000000 77.410625 -0.624319 0.781169 0.000000 -34.683581 0.000000 0.000000 1.000000 0.000000
0.784844 0.619693 0.000000 77.496510 -0.619693 0.784844 0.000000 -34.758704 0.000000 0.000000 1.000000 0.000000
0.788304 0.615287 0.000000 77.578587 -0.615287 0.788304 0.000000 -34.827510 0.000000 0.000000 1.000000 0.000000
0.791760 0.610832 0.000000 77.664170 -0.610832 0.791760 0.000000 -34.891989 0.000000 0.000000 1.000000 0.000000
0.794238 0.607607 0.000000 77.749695 -0.607607 0.794238 0.000000 -34.943149 0.000000 0.000000 1.000000 0.000000
0.801255 0.598324 0.000000 77.896012 -0.598324 0.801255 0.000000 -35.067680 0.000000 0.000000 1.000000 0.000000
0.803522 0.595274 0.000000 77.963333 -0.595274 0.803522 0.000000 -35.114484 0.000000 0.000000 1.000000 0.000000
0.806824 0.590792 0.000000 78.026988 -0.590792 0.806824 0.000000 -35.158057 0.000000 0.000000 1.000000 0.000000
0.808511 0.588481 0.000000 78.086044 -0.588481 0.808511 0.000000 -35.200125 0.000000 0.000000 1.000000 0.000000
0.811802 0.583933 0.000000 78.138320 -0.583933 0.811802 0.000000 -35.241984 0.000000 0.000000 1.000000 0.000000
0.813079 0.582153 0.000000 78.182827 -0.582153 0.813079 0.000000 -35.270667 0.000000 0.000000 1.000000 0.000000
0.814296 0.580450 0.000000 78.232070 -0.580450 0.814296 0.000000 -35.301803 0.000000 0.000000 1.000000 0.000000
0.815395 0.578904 0.000000 78.299980 -0.578904 0.815395 0.000000 -35.346908 0.000000 0.000000 1.000000 0.000000
0.816726 0.577025 0.000000 78.337460 -0.577025 0.816726 0.000000 -35.372645 0.000000 0.000000 1.000000 0.000000
0.817357 0.576131 0.000000 78.371114 -0.576131 0.817357 0.000000 -35.391608 0.000000 0.000000 1.000000 0.000000
0.818061 0.575132 0.000000 78.399520 -0.575132 0.818061 0.000000 -35.407405 0.000000 0.000000 1.000000 0.000000
0.819228 0.573468 0.000000 78.423126 -0.573468 0.819228 0.000000 -35.421715 0.000000 0.000000 1.000000 0.000000
0.820404 0.571784 0.000000 78.448462 -0.571784 0.820404 0.000000 -35.434273 0.000000 0.000000 1.000000 0.000000
0.820267 0.571981 0.000000 78.462690 -0.571981 0.820267 0.000000 -35.448335 0.000000 0.000000 1.000000 0.000000
0.820704 0.571353 0.000000 78.472220 -0.571353 0.820704 0.000000 -35.467657 0.000000 0.000000 1.000000 0.000000
0.822348 0.568985 0.000000 78.480169 -0.568985 0.822348 0.000000 -35.483955 0.000000 0.000000 1.000000 0.000000
0.821698 0.569923 0.000000 78.483252 -0.569923 0.821698 0.000000 -35.476294 0.000000 0.000000 1.000000 0.000000
0.822704 0.568470 0.000000 78.481294 -0.568470 0.822704 0.000000 -35.475050 0.000000 0.000000 1.000000 0.000000
0.822752 0.568400 0.000000 78.475968 -0.568400 0.822752 0.000000 -35.467944 0.000000 0.000000 1.000000 0.000000
0.821966 0.569537 0.000000 78.474351 -0.569537 0.821966 0.000000 -35.459985 0.000000 0.000000 1.000000 0.000000
0.821932 0.569586 0.000000 78.466841 -0.569586 0.821932 0.000000 -35.459807 0.000000 0.000000 1.000000 0.000000
0.821780 0.569805 0.000000 78.463233 -0.569805 0.821780 0.000000 -35.459391 0.000000 0.000000 1.000000 0.000000
0.822809 0.568318 0.000000 78.460790 -0.568318 0.822809 0.000000 -35.465182 0.000000 0.000000 1.000000 0.000000
0.822858 0.568246 0.000000 78.458855 -0.568246 0.822858 0.000000 -35.467222 0.000000 0.000000 1.000000 0.000000
0.822072 0.569383 0.000000 78.460390 -0.569383 0.822072 0.000000 -35.464191 0.000000 0.000000 1.000000 0.000000
0.821868 0.569678 0.000000 78.461286 -0.569678 0.821868 0.000000 -35.464603 0.000000 0.000000 1.000000 0.000000
0.821933 0.569584 0.000000 78.459294 -0.569584 0.821933 0.000000 -35.465511 0.000000 0.000000 1.000000 0.000000
0.821876 0.569667 0.000000 78.456561 -0.569667 0.821876 0.000000 -35.465295 0.000000 0.000000 1.000000 0.000000
0.821905 0.569625 0.000000 78.455674 -0.569625 0.821905 0.000000 -35.462000 0.000000 0.000000 1.000000 0.000000
0.821723 0.569887 0.000000 78.457012 -0.569887 0.821723 0.000000 -35.458660 0.000000 0.000000 1.000000 0.000000
0.821671 0.569963 0.000000 78.455326 -0.569963 0.821671 0.000000 -35.457521 0.000000 0.000000 1.000000 0.000000
0.821710 0.569906 0.000000 78.453841 -0.569906 0.821710 0.000000 -35.458293 0.000000 0.000000 1.000000 0.000000
0.821777 0.569810 0.000000 78.453275 -0.569810 0.821777 0.000000 -35.459828 0.000000 0.000000 1.000000 0.000000
0.821864 0.569683 0.000000 78.453207 -0.569683 0.821864 0.000000 -35.459172 0.000000 0.000000 1.000000 0.000000
0.821862 0.569687 0.000000 78.454245 -0.569687 0.821862 0.000000 -35.459485 0.000000 0.000000 1.000000 0.000000
0.821855 0.569697 0.000000 78.456079 -0.569697 0.821855 0.000000 -35.460092 0.000000 0.000000 1.000000 0.000000
0.821868 0.569678 0.000000 78.454989 -0.569678 0.821868 0.000000 -35.460048 0.000000 0.000000 1.000000 0.000000
0.821849 0.569705 0.000000 78.455016 -0.569705 0.821849 0.000000 -35.459854 0.000000 0.000000 1.000000 0.000000
0.821837 0.569723 0.000000 78.454791 -0.569723 0.821837 0.000000 -35.462908 0.000000 0.000000 1.000000 0.000000
0.821677 0.569953 0.000000 78.453733 -0.569953 0.821677 0.000000 -35.466192 0.000000 0.000000 1.000000 0.000000
0.821589 0.570081 0.000000 78.453391 -0.570081 0.821589 0.000000 -35.466962 0.000000 0.000000 1.000000 0.000000
0.821546 0.570142 0.000000 78.453166 -0.570142 0.821546 0.000000 -35.465222 0.000000 0.000000 1.000000 0.000000
0.821630 0.570021 0.000000 78.452652 -0.570021 0.821630 0.000000 -35.464174 0.000000 0.000000 1.000000 0.000000
0.821695 0.569928 0.000000 78.450664 -0.569928 0.821695 0.000000 -35.462523 0.000000 0.000000 1.000000 0.000000
0.821693 0.569930 0.000000 78.450101 -0.569930 0.821693 0.000000 -35.461356 0.000000 0.000000 1.000000 0.000000
0.821673 0.569959 0.000000 78.450568 -0.569959 0.821673 0.000000 -35.459508 0.000000 0.000000 1.000000 0.000000
0.821635 0.570014 0.000000 78.451122 -0.570014 0.821635 0.000000 -35.459389 0.000000 0.000000 1.000000 0.000000
0.821627 0.570026 0.000000 78.449788 -0.570026 0.821627 0.000000 -35.459670 0.000000 0.000000 1.000000 0.000000
0.821566 0.570113 0.000000 78.449430 -0.570113 0.821566 0.000000 -35.458195 0.000000 0.000000 1.000000 0.000000
0.821629 0.570023 0.000000 78.451062 -0.570023 0.821629 0.000000 -35.457308 0.000000 0.000000 1.000000 0.000000
0.821643 0.570003 0.000000 78.450561 -0.570003 0.821643 0.000000 -35.456581 0.000000 0.000000 1.000000 0.000000
0.821667 0.569968 0.000000 78.450338 -0.569968 0.821667 0.000000 -35.455545 0.000000 0.000000 1.000000 0.000000
0.821664 0.569973 0.000000 78.449830 -0.569973 0.821664 0.000000 -35.455778 0.000000 0.000000 1.000000 0.000000
0.821692 0.569932 0.000000 78.448132 -0.569932 0.821692 0.000000 -35.455529 0.000000 0.000000 1.000000 0.000000
0.822045 0.569422 0.000000 78.443743 -0.569422 0.822045 0.000000 -35.456403 0.000000 0.000000 1.000000 0.000000
0.821924 0.569597 0.000000 78.443878 -0.569597 0.821924 0.000000 -35.455890 0.000000 0.000000 1.000000 0.000000
0.821813 0.569758 0.000000 78.444891 -0.569758 0.821813 0.000000 -35.456017 0.000000 0.000000 1.000000 0.000000
0.821770 0.569819 0.000000 78.444654 -0.569819 0.821770 0.000000 -35.457108 0.000000 0.000000 1.000000 0.000000
0.821795 0.569784 0.000000 78.444698 -0.569784 0.821795 0.000000 -35.459711 0.000000 0.000000 1.000000 0.000000
0.822005 0.569480 0.000000 78.443599 -0.569480 0.822005 0.000000 -35.460066 0.000000 0.000000 1.000000 0.000000
0.822046 0.569420 0.000000 78.444104 -0.569420 0.822046 0.000000 -35.461289 0.000000 0.000000 1.000000 0.000000
0.822019 0.569461 0.000000 78.440067 -0.569461 0.822019 0.000000 -35.468921 0.000000 0.000000 1.000000 0.000000
0.821547 0.570141 0.000000 78.442130 -0.570141 0.821547 0.000000 -35.468608 0.000000 0.000000 1.000000 0.000000
0.821359 0.570411 0.000000 78.443723 -0.570411 0.821359 0.000000 -35.466998 0.000000 0.000000 1.000000 0.000000
0.820223 0.572044 0.000000 78.445905 -0.572044 0.820223 0.000000 -35.472945 0.000000 0.000000 1.000000 0.000000
0.820505 0.571639 0.000000 78.446402 -0.571639 0.820505 0.000000 -35.479164 0.000000 0.000000 1.000000 0.000000
0.820763 0.571269 0.000000 78.449857 -0.571269 0.820763 0.000000 -35.490694 0.000000 0.000000 1.000000 0.000000
0.821050 0.570856 0.000000 78.448185 -0.570856 0.821050 0.000000 -35.500373 0.000000 0.000000 1.000000 0.000000
0.822477 0.568799 0.000000 78.449320 -0.568799 0.822477 0.000000 -35.510359 0.000000 0.000000 1.000000 0.000000
0.822970 0.568085 0.000000 78.449692 -0.568085 0.822970 0.000000 -35.510816 0.000000 0.000000 1.000000 0.000000
0.823310 0.567592 0.000000 78.450656 -0.567592 0.823310 0.000000 -35.510167 0.000000 0.000000 1.000000 0.000000
0.823494 0.567325 0.000000 78.448810 -0.567325 0.823494 0.000000 -35.504475 0.000000 0.000000 1.000000 0.000000
0.823355 0.567526 0.000000 78.449113 -0.567526 0.823355 0.000000 -35.503368 0.000000 0.000000 1.000000 0.000000
0.823396 0.567467 0.000000 78.449020 -0.567467 0.823396 0.000000 -35.502585 0.000000 0.000000 1.000000 0.000000
0.823311 0.567590 0.000000 78.449019 -0.567590 0.823311 0.000000 -35.502508 0.000000 0.000000 1.000000 0.000000
0.823224 0.567716 0.000000 78.451171 -0.567716 0.823224 0.000000 -35.501521 0.000000 0.000000 1.000000 0.000000
0.823427 0.567422 0.000000 78.449327 -0.567422 0.823427 0.000000 -35.500840 0.000000 0.000000 1.000000 0.000000
0.823363 0.567515 0.000000 78.450248 -0.567515 0.823363 0.000000 -35.499548 0.000000 0.000000 1.000000 0.000000
0.823527 0.567277 0.000000 78.449844 -0.567277 0.823527 0.000000 -35.500870 0.000000 0.000000 1.000000 0.000000
0.823627 0.567133 0.000000 78.449442 -0.567133 0.823627 0.000000 -35.501913 0.000000 0.000000 1.000000 0.000000
0.823695 0.567034 0.000000 78.447854 -0.567034 0.823695 0.000000 -35.502028 0.000000 0.000000 1.000000 0.000000
0.824276 0.566189 0.000000 78.447460 -0.566189 0.824276 0.000000 -35.501786 0.000000 0.000000 1.000000 0.000000
0.824649 0.565645 0.000000 78.446825 -0.565645 0.824649 0.000000 -35.499579 0.000000 0.000000 1.000000 0.000000
0.825308 0.564683 0.000000 78.443885 -0.564683 0.825308 0.000000 -35.500160 0.000000 0.000000 1.000000 0.000000
0.825876 0.563851 0.000000 78.445128 -0.563851 0.825876 0.000000 -35.497126 0.000000 0.000000 1.000000 0.000000
0.825850 0.563890 0.000000 78.442028 -0.563890 0.825850 0.000000 -35.497256 0.000000 0.000000 1.000000 0.000000
0.825570 0.564300 0.000000 78.444296 -0.564300 0.825570 0.000000 -35.502057 0.000000 0.000000 1.000000 0.000000
0.824377 0.566041 0.000000 78.454947 -0.566041 0.824377 0.000000 -35.498245 0.000000 0.000000 1.000000 0.000000
0.823729 0.566983 0.000000 78.458172 -0.566983 0.823729 0.000000 -35.507740 0.000000 0.000000 1.000000 0.000000
0.823185 0.567774 0.000000 78.461299 -0.567774 0.823185 0.000000 -35.514201 0.000000 0.000000 1.000000 0.000000
0.822446 0.568843 0.000000 78.461936 -0.568843 0.822446 0.000000 -35.523769 0.000000 0.000000 1.000000 0.000000
0.821658 0.569980 0.000000 78.461809 -0.569980 0.821658 0.000000 -35.531320 0.000000 0.000000 1.000000 0.000000
0.820568 0.571548 0.000000 78.462405 -0.571548 0.820568 0.000000 -35.546725 0.000000 0.000000 1.000000 0.000000
0.819856 0.572570 0.000000 78.465132 -0.572570 0.819856 0.000000 -35.561234 0.000000 0.000000 1.000000 0.000000
0.819785 0.572671 0.000000 78.473216 -0.572671 0.819785 0.000000 -35.575044 0.000000 0.000000 1.000000 0.000000
0.820138 0.572165 0.000000 78.475254 -0.572165 0.820138 0.000000 -35.587829 0.000000 0.000000 1.000000 0.000000
0.820775 0.571252 0.000000 78.479728 -0.571252 0.820775 0.000000 -35.596214 0.000000 0.000000 1.000000 0.000000
0.821681 0.569947 0.000000 78.488018 -0.569947 0.821681 0.000000 -35.596622 0.000000 0.000000 1.000000 0.000000
0.822599 0.568622 0.000000 78.489565 -0.568622 0.822599 0.000000 -35.609831 0.000000 0.000000 1.000000 0.000000
0.823096 0.567903 0.000000 78.497457 -0.567903 0.823096 0.000000 -35.622433 0.000000 0.000000 1.000000 0.000000
0.823181 0.567779 0.000000 78.507798 -0.567779 0.823181 0.000000 -35.633407 0.000000 0.000000 1.000000 0.000000
0.822980 0.568071 0.000000 78.526334 -0.568071 0.822980 0.000000 -35.640485 0.000000 0.000000 1.000000 0.000000
0.822584 0.568644 0.000000 78.535999 -0.568644 0.822584 0.000000 -35.650289 0.000000 0.000000 1.000000 0.000000
0.822372 0.568950 0.000000 78.557112 -0.568950 0.822372 0.000000 -35.657824 0.000000 0.000000 1.000000 0.000000
0.822262 0.569109 0.000000 78.591366 -0.569109 0.822262 0.000000 -35.676177 0.000000 0.000000 1.000000 0.000000
0.823088 0.567913 0.000000 78.608035 -0.567913 0.823088 0.000000 -35.700513 0.000000 0.000000 1.000000 0.000000
0.823282 0.567633 0.000000 78.625410 -0.567633 0.823282 0.000000 -35.720021 0.000000 0.000000 1.000000 0.000000
0.824060 0.566503 0.000000 78.642222 -0.566503 0.824060 0.000000 -35.743675 0.000000 0.000000 1.000000 0.000000
0.824832 0.565378 0.000000 78.655923 -0.565378 0.824832 0.000000 -35.759589 0.000000 0.000000 1.000000 0.000000
0.826445 0.563018 0.000000 78.664682 -0.563018 0.826445 0.000000 -35.771816 0.000000 0.000000 1.000000 0.000000
0.827100 0.562054 0.000000 78.675871 -0.562054 0.827100 0.000000 -35.778573 0.000000 0.000000 1.000000 0.000000
0.827469 0.561512 0.000000 78.682760 -0.561512 0.827469 0.000000 -35.779499 0.000000 0.000000 1.000000 0.000000
0.827639 0.561261 0.000000 78.690720 -0.561261 0.827639 0.000000 -35.781105 0.000000 0.000000 1.000000 0.000000
0.827147 0.561985 0.000000 78.698019 -0.561985 0.827147 0.000000 -35.776658 0.000000 0.000000 1.000000 0.000000
0.826812 0.562478 0.000000 78.705249 -0.562478 0.826812 0.000000 -35.779999 0.000000 0.000000 1.000000 0.000000
0.826275 0.563267 0.000000 78.710794 -0.563267 0.826275 0.000000 -35.776106 0.000000 0.000000 1.000000 0.000000
0.826287 0.563250 0.000000 78.710345 -0.563250 0.826287 0.000000 -35.778817 0.000000 0.000000 1.000000 0.000000
0.826166 0.563427 0.000000 78.709419 -0.563427 0.826166 0.000000 -35.782036 0.000000 0.000000 1.000000 0.000000
0.826320 0.563201 0.000000 78.709551 -0.563201 0.826320 0.000000 -35.786647 0.000000 0.000000 1.000000 0.000000
0.826955 0.562268 0.000000 78.708011 -0.562268 0.826955 0.000000 -35.787972 0.000000 0.000000 1.000000 0.000000
0.827390 0.561628 0.000000 78.707111 -0.561628 0.827390 0.000000 -35.793014 0.000000 0.000000 1.000000 0.000000
0.827504 0.561460 0.000000 78.707998 -0.561460 0.827504 0.000000 -35.795056 0.000000 0.000000 1.000000 0.000000
0.827430 0.561569 0.000000 78.707133 -0.561569 0.827430 0.000000 -35.793094 0.000000 0.000000 1.000000 0.000000
0.827739 0.561113 0.000000 78.709956 -0.561113 0.827739 0.000000 -35.794510 0.000000 0.000000 1.000000 0.000000
0.827863 0.560930 0.000000 78.709644 -0.560930 0.827863 0.000000 -35.795725 0.000000 0.000000 1.000000 0.000000
0.828832 0.559497 0.000000 78.708144 -0.559497 0.828832 0.000000 -35.800527 0.000000 0.000000 1.000000 0.000000
0.828811 0.559528 0.000000 78.710427 -0.559528 0.828811 0.000000 -35.800532 0.000000 0.000000 1.000000 0.000000
0.828996 0.559255 0.000000 78.709752 -0.559255 0.828996 0.000000 -35.800313 0.000000 0.000000 1.000000 0.000000
0.829471 0.558550 0.000000 78.710778 -0.558550 0.829471 0.000000 -35.801828 0.000000 0.000000 1.000000 0.000000
0.829469 0.558553 0.000000 78.712524 -0.558553 0.829469 0.000000 -35.798850 0.000000 0.000000 1.000000 0.000000
0.829694 0.558219 0.000000 78.712645 -0.558219 0.829694 0.000000 -35.799113 0.000000 0.000000 1.000000 0.000000
0.829778 0.558093 0.000000 78.713696 -0.558093 0.829778 0.000000 -35.797185 0.000000 0.000000 1.000000 0.000000
0.829766 0.558112 0.000000 78.717419 -0.558112 0.829766 0.000000 -35.794791 0.000000 0.000000 1.000000 0.000000
0.830052 0.557686 0.000000 78.715541 -0.557686 0.830052 0.000000 -35.795277 0.000000 0.000000 1.000000 0.000000
0.829885 0.557934 0.000000 78.716781 -0.557934 0.829885 0.000000 -35.792789 0.000000 0.000000 1.000000 0.000000
0.830657 0.556784 0.000000 78.717133 -0.556784 0.830657 0.000000 -35.793875 0.000000 0.000000 1.000000 0.000000
