0.999998 0.001819 0.000000 0.578882 -0.001819 0.999998 0.000000 -0.007218 0.000000 0.000000 1.000000 0.000000
0.999994 0.003365 0.000000 1.124139 -0.003365 0.999994 0.000000 -0.014010 0.000000 0.000000 1.000000 0.000000
0.999992 0.003925 0.000000 1.703158 -0.003925 0.999992 0.000000 -0.018412 0.000000 0.000000 1.000000 0.000000
0.999994 0.003449 0.000000 2.285419 -0.003449 0.999994 0.000000 -0.025433 0.000000 0.000000 1.000000 0.000000
0.999974 0.007257 0.000000 2.829444 -0.007257 0.999974 0.000000 -0.042456 0.000000 0.000000 1.000000 0.000000
0.999904 0.013824 0.000000 3.415738 -0.013824 0.999904 0.000000 -0.034629 0.000000 0.000000 1.000000 0.000000
0.999847 0.017518 0.000000 4.547822 -0.017518 0.999847 0.000000 -0.073816 0.000000 0.000000 1.000000 0.000000
0.999821 0.018946 0.000000 5.139915 -0.018946 0.999821 0.000000 -0.080494 0.000000 0.000000 1.000000 0.000000
0.999784 0.020792 0.000000 5.946806 -0.020792 0.999784 0.000000 -0.104508 0.000000 0.000000 1.000000 0.000000
0.999783 0.020837 0.000000 6.522883 -0.020837 0.999783 0.000000 -0.099727 0.000000 0.000000 1.000000 0.000000
0.999767 0.021581 0.000000 7.110868 -0.021581 0.999767 0.000000 -0.132512 0.000000 0.000000 1.000000 0.000000
0.999752 0.022269 0.000000 7.691551 -0.022269 0.999752 0.000000 -0.139494 0.000000 0.000000 1.000000 0.000000
0.999733 0.023094 0.000000 8.236362 -0.023094 0.999733 0.000000 -0.157490 0.000000 0.000000 1.000000 0.000000
0.999717 0.023797 0.000000 8.823325 -0.023797 0.999717 0.000000 -0.181516 0.000000 0.000000 1.000000 0.000000
0.999680 0.025288 0.000000 9.375003 -0.025288 0.999680 0.000000 -0.189661 0.000000 0.000000 1.000000 0.000000
0.999675 0.025502 0.000000 9.954825 -0.025502 0.999675 0.000000 -0.196025 0.000000 0.000000 1.000000 0.000000
0.999627 0.027296 0.000000 10.512155 -0.027296 0.999627 0.000000 -0.198877 0.000000 0.000000 1.000000 0.000000
0.999631 0.027168 0.000000 11.082425 -0.027168 0.999631 0.000000 -0.213536 0.000000 0.000000 1.000000 0.000000
0.999586 0.028757 0.000000 11.661141 -0.028757 0.999586 0.000000 -0.227198 0.000000 0.000000 1.000000 0.000000
0.999527 0.030744 0.000000 12.418600 -0.030744 0.999527 0.000000 -0.248452 0.000000 0.000000 1.000000 0.000000
0.999490 0.031947 0.000000 13.038075 -0.031947 0.999490 0.000000 -0.263640 0.000000 0.000000 1.000000 0.000000
0.999480 0.032252 0.000000 13.586156 -0.032252 0.999480 0.000000 -0.279872 0.000000 0.000000 1.000000 0.000000
0.999415 0.034209 0.000000 14.196846 -0.034209 0.999415 0.000000 -0.279777 0.000000 0.000000 1.000000 0.000000
0.999369 0.035518 0.000000 14.773352 -0.035518 0.999369 0.000000 -0.283381 0.000000 0.000000 1.000000 0.000000
0.999343 0.036254 0.000000 15.346357 -0.036254 0.999343 0.000000 -0.306059 0.000000 0.000000 1.000000 0.000000
0.999219 0.039518 0.000000 15.924391 -0.039518 0.999219 0.000000 -0.311726 0.000000 0.000000 1.000000 0.000000
0.999168 0.040784 0.000000 16.499985 -0.040784 0.999168 0.000000 -0.347272 0.000000 0.000000 1.000000 0.000000
0.999059 0.043377 0.000000 17.071089 -0.043377 0.999059 0.000000 -0.366844 0.000000 0.000000 1.000000 0.000000
0.999035 0.043925 0.000000 17.653338 -0.043925 0.999035 0.000000 -0.406853 0.000000 0.000000 1.000000 0.000000
0.998927 0.046319 0.000000 18.228370 -0.046319 0.998927 0.000000 -0.433298 0.000000 0.000000 1.000000 0.000000
0.998820 0.048568 0.000000 18.804636 -0.048568 0.998820 0.000000 -0.470003 0.000000 0.000000 1.000000 0.000000
0.998819 0.048578 0.000000 19.353227 -0.048578 0.998819 0.000000 -0.503091 0.000000 0.000000 1.000000 0.000000
0.998616 0.052586 0.000000 19.920956 -0.052586 0.998616 0.000000 -0.530491 0.000000 0.000000 1.000000 0.000000
0.998539 0.054036 0.000000 21.016231 -0.054036 0.998539 0.000000 -0.595886 0.000000 0.000000 1.000000 0.000000
0.998584 0.053190 0.000000 21.942543 -0.053190 0.998584 0.000000 -0.654983 0.000000 0.000000 1.000000 0.000000
0.998668 0.051601 0.000000 22.507065 -0.051601 0.998668 0.000000 -0.689955 0.000000 0.000000 1.000000 0.000000
0.998582 0.053239 0.000000 23.072679 -0.053239 0.998582 0.000000 -0.735546 0.000000 0.000000 1.000000 0.000000
0.998437 0.055890 0.000000 23.638058 -0.055890 0.998437 0.000000 -0.803714 0.000000 0.000000 1.000000 0.000000
0.998636 0.052206 0.000000 24.196203 -0.052206 0.998636 0.000000 -0.857936 0.000000 0.000000 1.000000 0.000000
0.998703 0.050921 0.000000 24.792441 -0.050921 0.998703 0.000000 -0.900461 0.000000 0.000000 1.000000 0.000000
0.998166 0.060537 0.000000 25.351528 -0.060537 0.998166 0.000000 -0.933517 0.000000 0.000000 1.000000 0.000000
0.997258 0.074009 0.000000 26.466674 -0.074009 0.997258 0.000000 -1.011163 0.000000 0.000000 1.000000 0.000000
0.997397 0.072103 0.000000 27.030044 -0.072103 0.997397 0.000000 -1.075266 0.000000 0.000000 1.000000 0.000000
0.997280 0.073703 0.000000 27.590706 -0.073703 0.997280 0.000000 -1.115830 0.000000 0.000000 1.000000 0.000000
0.997362 0.072593 0.000000 28.113222 -0.072593 0.997362 0.000000 -1.180043 0.000000 0.000000 1.000000 0.000000
0.997505 0.070600 0.000000 28.674944 -0.070600 0.997505 0.000000 -1.238209 0.000000 0.000000 1.000000 0.000000
0.997045 0.076820 0.000000 29.567881 -0.076820 0.997045 0.000000 -1.323508 0.000000 0.000000 1.000000 0.000000
0.997058 0.076657 0.000000 30.158905 -0.076657 0.997058 0.000000 -1.373402 0.000000 0.000000 1.000000 0.000000
0.996989 0.077547 0.000000 30.712520 -0.077547 0.996989 0.000000 -1.414832 0.000000 0.000000 1.000000 0.000000
0.997041 0.076871 0.000000 31.269372 -0.076871 0.997041 0.000000 -1.464568 0.000000 0.000000 1.000000 0.000000
0.996921 0.078413 0.000000 31.834373 -0.078413 0.996921 0.000000 -1.519546 0.000000 0.000000 1.000000 0.000000
0.996931 0.078283 0.000000 32.389092 -0.078283 0.996931 0.000000 -1.587990 0.000000 0.000000 1.000000 0.000000
0.996701 0.081166 0.000000 32.954189 -0.081166 0.996701 0.000000 -1.633117 0.000000 0.000000 1.000000 0.000000
0.996872 0.079028 0.000000 33.528805 -0.079028 0.996872 0.000000 -1.682613 0.000000 0.000000 1.000000 0.000000
0.996693 0.081258 0.000000 34.093459 -0.081258 0.996693 0.000000 -1.728638 0.000000 0.000000 1.000000 0.000000
0.996581 0.082626 0.000000 34.617013 -0.082626 0.996581 0.000000 -1.780172 0.000000 0.000000 1.000000 0.000000
0.996354 0.085313 0.000000 35.550731 -0.085313 0.996354 0.000000 -1.874810 0.000000 0.000000 1.000000 0.000000
0.995966 0.089731 0.000000 36.104055 -0.089731 0.995966 0.000000 -1.932450 0.000000 0.000000 1.000000 0.000000
0.995819 0.091350 0.000000 36.659920 -0.091350 0.995819 0.000000 -1.985141 0.000000 0.000000 1.000000 0.000000
0.995722 0.092400 0.000000 37.214804 -0.092400 0.995722 0.000000 -2.052759 0.000000 0.000000 1.000000 0.000000
0.995492 0.094845 0.000000 37.764225 -0.094845 0.995492 0.000000 -2.088874 0.000000 0.000000 1.000000 0.000000
0.995416 0.095639 0.000000 38.323655 -0.095639 0.995416 0.000000 -2.149395 0.000000 0.000000 1.000000 0.000000
0.995301 0.096831 0.000000 38.914278 -0.096831 0.995301 0.000000 -2.214394 0.000000 0.000000 1.000000 0.000000
0.995275 0.097096 0.000000 39.439625 -0.097096 0.995275 0.000000 -2.267092 0.000000 0.000000 1.000000 0.000000
0.995300 0.096837 0.000000 39.980883 -0.096837 0.995300 0.000000 -2.326456 0.000000 0.000000 1.000000 0.000000
0.995381 0.096001 0.000000 40.533892 -0.096001 0.995381 0.000000 -2.387792 0.000000 0.000000 1.000000 0.000000
0.994995 0.099923 0.000000 41.089675 -0.099923 0.994995 0.000000 -2.448337 0.000000 0.000000 1.000000 0.000000
0.994835 0.101506 0.000000 41.605220 -0.101506 0.994835 0.000000 -2.502343 0.000000 0.000000 1.000000 0.000000
0.994686 0.102958 0.000000 42.159129 -0.102958 0.994686 0.000000 -2.573310 0.000000 0.000000 1.000000 0.000000
0.994780 0.102044 0.000000 42.685524 -0.102044 0.994780 0.000000 -2.629865 0.000000 0.000000 1.000000 0.000000
0.994905 0.100812 0.000000 43.635372 -0.100812 0.994905 0.000000 -2.735563 0.000000 0.000000 1.000000 0.000000
0.994833 0.101520 0.000000 44.180572 -0.101520 0.994833 0.000000 -2.803532 0.000000 0.000000 1.000000 0.000000
0.994527 0.104481 0.000000 44.741648 -0.104481 0.994527 0.000000 -2.866248 0.000000 0.000000 1.000000 0.000000
0.994808 0.101769 0.000000 45.825165 -0.101769 0.994808 0.000000 -3.011802 0.000000 0.000000 1.000000 0.000000
0.994157 0.107947 0.000000 46.407497 -0.107947 0.994157 0.000000 -3.082240 0.000000 0.000000 1.000000 0.000000
0.994105 0.108423 0.000000 46.901741 -0.108423 0.994105 0.000000 -3.139992 0.000000 0.000000 1.000000 0.000000
0.994137 0.108128 0.000000 47.924553 -0.108128 0.994137 0.000000 -3.264636 0.000000 0.000000 1.000000 0.000000
0.994053 0.108900 0.000000 48.450674 -0.108900 0.994053 0.000000 -3.319727 0.000000 0.000000 1.000000 0.000000
0.994169 0.107833 0.000000 48.967522 -0.107833 0.994169 0.000000 -3.368027 0.000000 0.000000 1.000000 0.000000
0.994125 0.108236 0.000000 49.454708 -0.108236 0.994125 0.000000 -3.425340 0.000000 0.000000 1.000000 0.000000
0.993822 0.110982 0.000000 50.351020 -0.110982 0.993822 0.000000 -3.536471 0.000000 0.000000 1.000000 0.000000
0.993965 0.109697 0.000000 50.852108 -0.109697 0.993965 0.000000 -3.606952 0.000000 0.000000 1.000000 0.000000
0.993487 0.113942 0.000000 51.350129 -0.113942 0.993487 0.000000 -3.658527 0.000000 0.000000 1.000000 0.000000
0.992843 0.119429 0.000000 51.840668 -0.119429 0.992843 0.000000 -3.731838 0.000000 0.000000 1.000000 0.000000
0.992806 0.119737 0.000000 52.322773 -0.119737 0.992806 0.000000 -3.784008 0.000000 0.000000 1.000000 0.000000
0.992688 0.120707 0.000000 52.791857 -0.120707 0.992688 0.000000 -3.835455 0.000000 0.000000 1.000000 0.000000
0.992367 0.123317 0.000000 53.268981 -0.123317 0.992367 0.000000 -3.890966 0.000000 0.000000 1.000000 0.000000
0.991859 0.127345 0.000000 53.975403 -0.127345 0.991859 0.000000 -3.985520 0.000000 0.000000 1.000000 0.000000
0.991883 0.127154 0.000000 54.398652 -0.127154 0.991883 0.000000 -4.061890 0.000000 0.000000 1.000000 0.000000
0.991995 0.126276 0.000000 54.859212 -0.126276 0.991995 0.000000 -4.124780 0.000000 0.000000 1.000000 0.000000
0.992115 0.125334 0.000000 55.304024 -0.125334 0.992115 0.000000 -4.192522 0.000000 0.000000 1.000000 0.000000
0.991962 0.126535 0.000000 55.717806 -0.126535 0.991962 0.000000 -4.249106 0.000000 0.000000 1.000000 0.000000
0.992307 0.123803 0.000000 56.140731 -0.123803 0.992307 0.000000 -4.321102 0.000000 0.000000 1.000000 0.000000
0.992541 0.121910 0.000000 56.870348 -0.121910 0.992541 0.000000 -4.427484 0.000000 0.000000 1.000000 0.000000
0.992274 0.124063 0.000000 57.241386 -0.124063 0.992274 0.000000 -4.492583 0.000000 0.000000 1.000000 0.000000
0.992109 0.125377 0.000000 57.678708 -0.125377 0.992109 0.000000 -4.557021 0.000000 0.000000 1.000000 0.000000
0.991966 0.126504 0.000000 58.075105 -0.126504 0.991966 0.000000 -4.610741 0.000000 0.000000 1.000000 0.000000
0.991845 0.127448 0.000000 58.470392 -0.127448 0.991845 0.000000 -4.667911 0.000000 0.000000 1.000000 0.000000
0.991747 0.128212 0.000000 58.860231 -0.128212 0.991747 0.000000 -4.711931 0.000000 0.000000 1.000000 0.000000
0.991584 0.129465 0.000000 59.249936 -0.129465 0.991584 0.000000 -4.772774 0.000000 0.000000 1.000000 0.000000
0.991801 0.127788 0.000000 59.617761 -0.127788 0.991801 0.000000 -4.830889 0.000000 0.000000 1.000000 0.000000
0.991603 0.129317 0.000000 59.979153 -0.129317 0.991603 0.000000 -4.879473 0.000000 0.000000 1.000000 0.000000
0.991372 0.131077 0.000000 60.342253 -0.131077 0.991372 0.000000 -4.934741 0.000000 0.000000 1.000000 0.000000
0.990687 0.136161 0.000000 61.022673 -0.136161 0.990687 0.000000 -5.041595 0.000000 0.000000 1.000000 0.000000
0.990824 0.135162 0.000000 61.368889 -0.135162 0.990824 0.000000 -5.090767 0.000000 0.000000 1.000000 0.000000
0.990847 0.134990 0.000000 61.678828 -0.134990 0.990847 0.000000 -5.135765 0.000000 0.000000 1.000000 0.000000
0.990895 0.134640 0.000000 62.008055 -0.134640 0.990895 0.000000 -5.195195 0.000000 0.000000 1.000000 0.000000
0.990640 0.136500 0.000000 62.331589 -0.136500 0.990640 0.000000 -5.241677 0.000000 0.000000 1.000000 0.000000
0.990387 0.138323 0.000000 62.629430 -0.138323 0.990387 0.000000 -5.281290 0.000000 0.000000 1.000000 0.000000
0.989350 0.145554 0.000000 62.950579 -0.145554 0.989350 0.000000 -5.304787 0.000000 0.000000 1.000000 0.000000
0.989148 0.146920 0.000000 63.272375 -0.146920 0.989148 0.000000 -5.351119 0.000000 0.000000 1.000000 0.000000
0.989438 0.144960 0.000000 63.789179 -0.144960 0.989438 0.000000 -5.434568 0.000000 0.000000 1.000000 0.000000
0.989519 0.144406 0.000000 64.091558 -0.144406 0.989519 0.000000 -5.485532 0.000000 0.000000 1.000000 0.000000
0.989274 0.146072 0.000000 64.390765 -0.146072 0.989274 0.000000 -5.545530 0.000000 0.000000 1.000000 0.000000
0.988878 0.148731 0.000000 64.699982 -0.148731 0.988878 0.000000 -5.597362 0.000000 0.000000 1.000000 0.000000
0.988804 0.149220 0.000000 64.993495 -0.149220 0.988804 0.000000 -5.636455 0.000000 0.000000 1.000000 0.000000
0.988511 0.151150 0.000000 65.261536 -0.151150 0.988511 0.000000 -5.678198 0.000000 0.000000 1.000000 0.000000
0.988498 0.151236 0.000000 65.560399 -0.151236 0.988498 0.000000 -5.730370 0.000000 0.000000 1.000000 0.000000
0.988222 0.153026 0.000000 65.839635 -0.153026 0.988222 0.000000 -5.767178 0.000000 0.000000 1.000000 0.000000
0.988117 0.153705 0.000000 66.113295 -0.153705 0.988117 0.000000 -5.809959 0.000000 0.000000 1.000000 0.000000
0.987585 0.157089 0.000000 66.572040 -0.157089 0.987585 0.000000 -5.886486 0.000000 0.000000 1.000000 0.000000
0.987577 0.157134 0.000000 66.812346 -0.157134 0.987577 0.000000 -5.936920 0.000000 0.000000 1.000000 0.000000
0.987330 0.158682 0.000000 67.087943 -0.158682 0.987330 0.000000 -5.985671 0.000000 0.000000 1.000000 0.000000
0.987311 0.158797 0.000000 67.350043 -0.158797 0.987311 0.000000 -6.031727 0.000000 0.000000 1.000000 0.000000
0.987223 0.159342 0.000000 67.613554 -0.159342 0.987223 0.000000 -6.075791 0.000000 0.000000 1.000000 0.000000
0.987125 0.159949 0.000000 67.872518 -0.159949 0.987125 0.000000 -6.136343 0.000000 0.000000 1.000000 0.000000
0.986954 0.161001 0.000000 68.129433 -0.161001 0.986954 0.000000 -6.182082 0.000000 0.000000 1.000000 0.000000
0.986985 0.160815 0.000000 68.389684 -0.160815 0.986985 0.000000 -6.229888 0.000000 0.000000 1.000000 0.000000
0.986488 0.163835 0.000000 68.631543 -0.163835 0.986488 0.000000 -6.284244 0.000000 0.000000 1.000000 0.000000
0.986381 0.164479 0.000000 68.896277 -0.164479 0.986381 0.000000 -6.331510 0.000000 0.000000 1.000000 0.000000
0.986191 0.165612 0.000000 69.144256 -0.165612 0.986191 0.000000 -6.376127 0.000000 0.000000 1.000000 0.000000
0.986134 0.165953 0.000000 69.398037 -0.165953 0.986134 0.000000 -6.422304 0.000000 0.000000 1.000000 0.000000
0.985701 0.168502 0.000000 69.833095 -0.168502 0.985701 0.000000 -6.506479 0.000000 0.000000 1.000000 0.000000
0.985542 0.169433 0.000000 70.108171 -0.169433 0.985542 0.000000 -6.546520 0.000000 0.000000 1.000000 0.000000
0.985528 0.169510 0.000000 70.377599 -0.169510 0.985528 0.000000 -6.606641 0.000000 0.000000 1.000000 0.000000
0.985299 0.170840 0.000000 70.640324 -0.170840 0.985299 0.000000 -6.644854 0.000000 0.000000 1.000000 0.000000
0.985214 0.171326 0.000000 70.914159 -0.171326 0.985214 0.000000 -6.702692 0.000000 0.000000 1.000000 0.000000
0.985036 0.172347 0.000000 71.202068 -0.172347 0.985036 0.000000 -6.758001 0.000000 0.000000 1.000000 0.000000
0.984922 0.172998 0.000000 71.455978 -0.172998 0.984922 0.000000 -6.814486 0.000000 0.000000 1.000000 0.000000
0.984948 0.172851 0.000000 71.740956 -0.172851 0.984948 0.000000 -6.872502 0.000000 0.000000 1.000000 0.000000
0.984457 0.175628 0.000000 72.015203 -0.175628 0.984457 0.000000 -6.919307 0.000000 0.000000 1.000000 0.000000
0.984283 0.176597 0.000000 72.271107 -0.176597 0.984283 0.000000 -6.984324 0.000000 0.000000 1.000000 0.000000
0.984228 0.176904 0.000000 72.554965 -0.176904 0.984228 0.000000 -7.032396 0.000000 0.000000 1.000000 0.000000
0.983721 0.179702 0.000000 72.816820 -0.179702 0.983721 0.000000 -7.081527 0.000000 0.000000 1.000000 0.000000
0.983567 0.180542 0.000000 73.594234 -0.180542 0.983567 0.000000 -7.234190 0.000000 0.000000 1.000000 0.000000
0.982900 0.184142 0.000000 73.882009 -0.184142 0.982900 0.000000 -7.278635 0.000000 0.000000 1.000000 0.000000
0.982389 0.186846 0.000000 74.171909 -0.186846 0.982389 0.000000 -7.332368 0.000000 0.000000 1.000000 0.000000
0.982156 0.188070 0.000000 74.459515 -0.188070 0.982156 0.000000 -7.390809 0.000000 0.000000 1.000000 0.000000
0.982513 0.186194 0.000000 74.754902 -0.186194 0.982513 0.000000 -7.445326 0.000000 0.000000 1.000000 0.000000
0.982066 0.188540 0.000000 75.327707 -0.188540 0.982066 0.000000 -7.561346 0.000000 0.000000 1.000000 0.000000
0.981702 0.190423 0.000000 75.623548 -0.190423 0.981702 0.000000 -7.625637 0.000000 0.000000 1.000000 0.000000
0.981684 0.190515 0.000000 75.911232 -0.190515 0.981684 0.000000 -7.686955 0.000000 0.000000 1.000000 0.000000
0.981402 0.191963 0.000000 76.372145 -0.191963 0.981402 0.000000 -7.778705 0.000000 0.000000 1.000000 0.000000
0.980655 0.195742 0.000000 76.691153 -0.195742 0.980655 0.000000 -7.844865 0.000000 0.000000 1.000000 0.000000
0.978786 0.204887 0.000000 77.224479 -0.204887 0.978786 0.000000 -7.947920 0.000000 0.000000 1.000000 0.000000
0.978676 0.205408 0.000000 77.551787 -0.205408 0.978676 0.000000 -8.026041 0.000000 0.000000 1.000000 0.000000
0.978611 0.205721 0.000000 77.886833 -0.205721 0.978611 0.000000 -8.084899 0.000000 0.000000 1.000000 0.000000
0.977430 0.211259 0.000000 78.213518 -0.211259 0.977430 0.000000 -8.137442 0.000000 0.000000 1.000000 0.000000
0.977508 0.210901 0.000000 78.566690 -0.210901 0.977508 0.000000 -8.209760 0.000000 0.000000 1.000000 0.000000
0.976836 0.213991 0.000000 79.128568 -0.213991 0.976836 0.000000 -8.343225 0.000000 0.000000 1.000000 0.000000
0.977507 0.210902 0.000000 79.477657 -0.210902 0.977507 0.000000 -8.401965 0.000000 0.000000 1.000000 0.000000
0.977385 0.211467 0.000000 79.860335 -0.211467 0.977385 0.000000 -8.499022 0.000000 0.000000 1.000000 0.000000
0.977164 0.212489 0.000000 80.214044 -0.212489 0.977164 0.000000 -8.572734 0.000000 0.000000 1.000000 0.000000
0.977050 0.213012 0.000000 80.856459 -0.213012 0.977050 0.000000 -8.718339 0.000000 0.000000 1.000000 0.000000
0.976929 0.213565 0.000000 81.515105 -0.213565 0.976929 0.000000 -8.861537 0.000000 0.000000 1.000000 0.000000
0.977422 0.211297 0.000000 81.897863 -0.211297 0.977422 0.000000 -8.980556 0.000000 0.000000 1.000000 0.000000
0.977698 0.210014 0.000000 82.315646 -0.210014 0.977698 0.000000 -9.073134 0.000000 0.000000 1.000000 0.000000
0.977054 0.212993 0.000000 82.712889 -0.212993 0.977054 0.000000 -9.149766 0.000000 0.000000 1.000000 0.000000
0.976835 0.213992 0.000000 83.137267 -0.213992 0.976835 0.000000 -9.263512 0.000000 0.000000 1.000000 0.000000
0.976416 0.215897 0.000000 83.537497 -0.215897 0.976416 0.000000 -9.348138 0.000000 0.000000 1.000000 0.000000
0.976742 0.214417 0.000000 83.981739 -0.214417 0.976742 0.000000 -9.457315 0.000000 0.000000 1.000000 0.000000
0.978052 0.208360 0.000000 84.655047 -0.208360 0.978052 0.000000 -9.600440 0.000000 0.000000 1.000000 0.000000
0.977871 0.209209 0.000000 85.452784 -0.209209 0.977871 0.000000 -9.779307 0.000000 0.000000 1.000000 0.000000
0.978114 0.208070 0.000000 85.919120 -0.208070 0.978114 0.000000 -9.885431 0.000000 0.000000 1.000000 0.000000
0.977459 0.211125 0.000000 86.392408 -0.211125 0.977459 0.000000 -9.994694 0.000000 0.000000 1.000000 0.000000
0.976775 0.214268 0.000000 86.851872 -0.214268 0.976775 0.000000 -10.107317 0.000000 0.000000 1.000000 0.000000
0.975612 0.219501 0.000000 87.353945 -0.219501 0.975612 0.000000 -10.204640 0.000000 0.000000 1.000000 0.000000
0.975862 0.218388 0.000000 87.800393 -0.218388 0.975862 0.000000 -10.297880 0.000000 0.000000 1.000000 0.000000
0.974568 0.224093 0.000000 88.297435 -0.224093 0.974568 0.000000 -10.409043 0.000000 0.000000 1.000000 0.000000
0.974046 0.226350 0.000000 88.806981 -0.226350 0.974046 0.000000 -10.518492 0.000000 0.000000 1.000000 0.000000
0.973470 0.228816 0.000000 89.324192 -0.228816 0.973470 0.000000 -10.632069 0.000000 0.000000 1.000000 0.000000
0.973070 0.230511 0.000000 89.806018 -0.230511 0.973070 0.000000 -10.741673 0.000000 0.000000 1.000000 0.000000
0.972690 0.232108 0.000000 90.328584 -0.232108 0.972690 0.000000 -10.867266 0.000000 0.000000 1.000000 0.000000
0.971568 0.236760 0.000000 91.275763 -0.236760 0.971568 0.000000 -11.097546 0.000000 0.000000 1.000000 0.000000
0.971672 0.236334 0.000000 91.809541 -0.236334 0.971672 0.000000 -11.239281 0.000000 0.000000 1.000000 0.000000
0.971660 0.236381 0.000000 92.352805 -0.236381 0.971660 0.000000 -11.368488 0.000000 0.000000 1.000000 0.000000
0.970496 0.241119 0.000000 92.890363 -0.241119 0.970496 0.000000 -11.498161 0.000000 0.000000 1.000000 0.000000
0.969383 0.245553 0.000000 93.438031 -0.245553 0.969383 0.000000 -11.648128 0.000000 0.000000 1.000000 0.000000
0.969539 0.244937 0.000000 94.268845 -0.244937 0.969539 0.000000 -11.877012 0.000000 0.000000 1.000000 0.000000
0.969084 0.246729 0.000000 94.790850 -0.246729 0.969084 0.000000 -12.012756 0.000000 0.000000 1.000000 0.000000
0.966430 0.256930 0.000000 95.874191 -0.256930 0.966430 0.000000 -12.312553 0.000000 0.000000 1.000000 0.000000
0.965417 0.260712 0.000000 96.603625 -0.260712 0.965417 0.000000 -12.521416 0.000000 0.000000 1.000000 0.000000
0.964490 0.264119 0.000000 97.188103 -0.264119 0.964490 0.000000 -12.680065 0.000000 0.000000 1.000000 0.000000
0.963268 0.268540 0.000000 97.777660 -0.268540 0.963268 0.000000 -12.842394 0.000000 0.000000 1.000000 0.000000
0.962079 0.272770 0.000000 98.368820 -0.272770 0.962079 0.000000 -12.998788 0.000000 0.000000 1.000000 0.000000
0.961673 0.274200 0.000000 98.952181 -0.274200 0.961673 0.000000 -13.169644 0.000000 0.000000 1.000000 0.000000
0.961444 0.275002 0.000000 99.569178 -0.275002 0.961444 0.000000 -13.353681 0.000000 0.000000 1.000000 0.000000
0.960860 0.277035 0.000000 100.134249 -0.277035 0.960860 0.000000 -13.524021 0.000000 0.000000 1.000000 0.000000
0.959952 0.280164 0.000000 100.710775 -0.280164 0.959952 0.000000 -13.694104 0.000000 0.000000 1.000000 0.000000
0.959453 0.281870 0.000000 101.311716 -0.281870 0.959453 0.000000 -13.877321 0.000000 0.000000 1.000000 0.000000
0.960488 0.278323 0.000000 101.867854 -0.278323 0.960488 0.000000 -14.042699 0.000000 0.000000 1.000000 0.000000
0.961235 0.275732 0.000000 102.470157 -0.275732 0.961235 0.000000 -14.216033 0.000000 0.000000 1.000000 0.000000
0.961119 0.276136 0.000000 103.071155 -0.276136 0.961119 0.000000 -14.392979 0.000000 0.000000 1.000000 0.000000
0.960650 0.277760 0.000000 103.631691 -0.277760 0.960650 0.000000 -14.555113 0.000000 0.000000 1.000000 0.000000
0.960369 0.278733 0.000000 104.701244 -0.278733 0.960369 0.000000 -14.868428 0.000000 0.000000 1.000000 0.000000
0.959951 0.280168 0.000000 105.350829 -0.280168 0.959951 0.000000 -15.053927 0.000000 0.000000 1.000000 0.000000
0.959753 0.280846 0.000000 105.959497 -0.280846 0.959753 0.000000 -15.243033 0.000000 0.000000 1.000000 0.000000
0.959015 0.283354 0.000000 106.575875 -0.283354 0.959015 0.000000 -15.419826 0.000000 0.000000 1.000000 0.000000
0.958081 0.286497 0.000000 107.168982 -0.286497 0.958081 0.000000 -15.597653 0.000000 0.000000 1.000000 0.000000
0.958661 0.284551 0.000000 107.778365 -0.284551 0.958661 0.000000 -15.790891 0.000000 0.000000 1.000000 0.000000
0.958502 0.285085 0.000000 108.353714 -0.285085 0.958502 0.000000 -15.960197 0.000000 0.000000 1.000000 0.000000
0.958407 0.285405 0.000000 108.968890 -0.285405 0.958407 0.000000 -16.145967 0.000000 0.000000 1.000000 0.000000
0.958239 0.285969 0.000000 109.542384 -0.285969 0.958239 0.000000 -16.321715 0.000000 0.000000 1.000000 0.000000
0.957652 0.287927 0.000000 110.167788 -0.287927 0.957652 0.000000 -16.523520 0.000000 0.000000 1.000000 0.000000
0.956790 0.290780 0.000000 110.786243 -0.290780 0.956790 0.000000 -16.726304 0.000000 0.000000 1.000000 0.000000
0.956450 0.291897 0.000000 111.423530 -0.291897 0.956450 0.000000 -16.911218 0.000000 0.000000 1.000000 0.000000
0.956762 0.290873 0.000000 112.207699 -0.290873 0.956762 0.000000 -17.167553 0.000000 0.000000 1.000000 0.000000
0.956735 0.290959 0.000000 112.806596 -0.290959 0.956735 0.000000 -17.336577 0.000000 0.000000 1.000000 0.000000
0.954891 0.296956 0.000000 113.443079 -0.296956 0.954891 0.000000 -17.537604 0.000000 0.000000 1.000000 0.000000
0.956003 0.293355 0.000000 114.445231 -0.293355 0.956003 0.000000 -17.851951 0.000000 0.000000 1.000000 0.000000
0.955748 0.294186 0.000000 115.080324 -0.294186 0.955748 0.000000 -18.051365 0.000000 0.000000 1.000000 0.000000
0.955557 0.294807 0.000000 115.721033 -0.294807 0.955557 0.000000 -18.258686 0.000000 0.000000 1.000000 0.000000
0.954710 0.297537 0.000000 116.367503 -0.297537 0.954710 0.000000 -18.479697 0.000000 0.000000 1.000000 0.000000
0.954393 0.298555 0.000000 116.998365 -0.298555 0.954393 0.000000 -18.686559 0.000000 0.000000 1.000000 0.000000
0.954263 0.298969 0.000000 117.643837 -0.298969 0.954263 0.000000 -18.889801 0.000000 0.000000 1.000000 0.000000
0.954650 0.297730 0.000000 118.242271 -0.297730 0.954650 0.000000 -19.084258 0.000000 0.000000 1.000000 0.000000
0.954623 0.297818 0.000000 119.371866 -0.297818 0.954623 0.000000 -19.465666 0.000000 0.000000 1.000000 0.000000
0.955333 0.295530 0.000000 120.016162 -0.295530 0.955333 0.000000 -19.680203 0.000000 0.000000 1.000000 0.000000
0.955613 0.294624 0.000000 120.661707 -0.294624 0.955613 0.000000 -19.888132 0.000000 0.000000 1.000000 0.000000
0.955571 0.294761 0.000000 121.294382 -0.294761 0.955571 0.000000 -20.121920 0.000000 0.000000 1.000000 0.000000
0.955141 0.296152 0.000000 122.600821 -0.296152 0.955141 0.000000 -20.553768 0.000000 0.000000 1.000000 0.000000
0.955293 0.295662 0.000000 123.193643 -0.295662 0.955293 0.000000 -20.744792 0.000000 0.000000 1.000000 0.000000
0.954486 0.298257 0.000000 123.837492 -0.298257 0.954486 0.000000 -20.962922 0.000000 0.000000 1.000000 0.000000
0.955167 0.296068 0.000000 124.427194 -0.296068 0.955167 0.000000 -21.150883 0.000000 0.000000 1.000000 0.000000
0.954543 0.298074 0.000000 125.028524 -0.298074 0.954543 0.000000 -21.341026 0.000000 0.000000 1.000000 0.000000
0.958274 0.285851 0.000000 129.786342 -0.285851 0.958274 0.000000 -23.208955 0.000000 0.000000 1.000000 0.000000
0.959782 0.280748 0.000000 130.417490 -0.280748 0.959782 0.000000 -23.403007 0.000000 0.000000 1.000000 0.000000
0.959116 0.283013 0.000000 131.011136 -0.283013 0.959116 0.000000 -23.590376 0.000000 0.000000 1.000000 0.000000
0.960404 0.278612 0.000000 131.627829 -0.278612 0.960404 0.000000 -23.777810 0.000000 0.000000 1.000000 0.000000
0.960129 0.279556 0.000000 132.226575 -0.279556 0.960129 0.000000 -23.958362 0.000000 0.000000 1.000000 0.000000
0.961211 0.275816 0.000000 132.843551 -0.275816 0.961211 0.000000 -24.141466 0.000000 0.000000 1.000000 0.000000
0.960401 0.278622 0.000000 133.474138 -0.278622 0.960401 0.000000 -24.352377 0.000000 0.000000 1.000000 0.000000
0.960816 0.277188 0.000000 134.282507 -0.277188 0.960816 0.000000 -24.618943 0.000000 0.000000 1.000000 0.000000
0.960405 0.278609 0.000000 134.902243 -0.278609 0.960405 0.000000 -24.816409 0.000000 0.000000 1.000000 0.000000
0.959355 0.282200 0.000000 135.533312 -0.282200 0.959355 0.000000 -24.989154 0.000000 0.000000 1.000000 0.000000
0.958816 0.284027 0.000000 136.450945 -0.284027 0.958816 0.000000 -25.258003 0.000000 0.000000 1.000000 0.000000
0.958998 0.283412 0.000000 137.067384 -0.283412 0.958998 0.000000 -25.447826 0.000000 0.000000 1.000000 0.000000
0.959008 0.283378 0.000000 137.690119 -0.283378 0.959008 0.000000 -25.643457 0.000000 0.000000 1.000000 0.000000
0.959195 0.282746 0.000000 138.308509 -0.282746 0.959195 0.000000 -25.836756 0.000000 0.000000 1.000000 0.000000
0.959304 0.282376 0.000000 138.920793 -0.282376 0.959304 0.000000 -26.035142 0.000000 0.000000 1.000000 0.000000
0.958889 0.283780 0.000000 139.830267 -0.283780 0.958889 0.000000 -26.313254 0.000000 0.000000 1.000000 0.000000
0.958579 0.284826 0.000000 140.429581 -0.284826 0.958579 0.000000 -26.507663 0.000000 0.000000 1.000000 0.000000
0.958081 0.286499 0.000000 141.041211 -0.286499 0.958081 0.000000 -26.699286 0.000000 0.000000 1.000000 0.000000
0.957553 0.288258 0.000000 141.606243 -0.288258 0.957553 0.000000 -26.887775 0.000000 0.000000 1.000000 0.000000
0.956404 0.292046 0.000000 142.393890 -0.292046 0.956404 0.000000 -27.136136 0.000000 0.000000 1.000000 0.000000
0.956391 0.292089 0.000000 142.992183 -0.292089 0.956391 0.000000 -27.338124 0.000000 0.000000 1.000000 0.000000
0.956525 0.291651 0.000000 143.589773 -0.291651 0.956525 0.000000 -27.535421 0.000000 0.000000 1.000000 0.000000
0.956889 0.290454 0.000000 144.190813 -0.290454 0.956889 0.000000 -27.725719 0.000000 0.000000 1.000000 0.000000
0.957708 0.287743 0.000000 144.792720 -0.287743 0.957708 0.000000 -27.919686 0.000000 0.000000 1.000000 0.000000
0.957593 0.288125 0.000000 145.948253 -0.288125 0.957593 0.000000 -28.287463 0.000000 0.000000 1.000000 0.000000
0.958202 0.286093 0.000000 146.494644 -0.286093 0.958202 0.000000 -28.476467 0.000000 0.000000 1.000000 0.000000
0.957016 0.290036 0.000000 147.077243 -0.290036 0.957016 0.000000 -28.644511 0.000000 0.000000 1.000000 0.000000
0.957469 0.288536 0.000000 147.651357 -0.288536 0.957469 0.000000 -28.826053 0.000000 0.000000 1.000000 0.000000
0.957062 0.289882 0.000000 148.198947 -0.289882 0.957062 0.000000 -29.006021 0.000000 0.000000 1.000000 0.000000
0.957346 0.288944 0.000000 148.776767 -0.288944 0.957346 0.000000 -29.191714 0.000000 0.000000 1.000000 0.000000
0.958736 0.284297 0.000000 149.475561 -0.284297 0.958736 0.000000 -29.429532 0.000000 0.000000 1.000000 0.000000
0.958732 0.284310 0.000000 150.045143 -0.284310 0.958732 0.000000 -29.611033 0.000000 0.000000 1.000000 0.000000
0.958841 0.283944 0.000000 150.576206 -0.283944 0.958841 0.000000 -29.789023 0.000000 0.000000 1.000000 0.000000
0.958785 0.284133 0.000000 151.163416 -0.284133 0.958785 0.000000 -29.969602 0.000000 0.000000 1.000000 0.000000
0.958128 0.286340 0.000000 151.735132 -0.286340 0.958128 0.000000 -30.142977 0.000000 0.000000 1.000000 0.000000
0.957804 0.287424 0.000000 152.271671 -0.287424 0.957804 0.000000 -30.302831 0.000000 0.000000 1.000000 0.000000
0.957610 0.288067 0.000000 152.842052 -0.288067 0.957610 0.000000 -30.485675 0.000000 0.000000 1.000000 0.000000
0.958583 0.284813 0.000000 153.377809 -0.284813 0.958583 0.000000 -30.643683 0.000000 0.000000 1.000000 0.000000
0.958077 0.286509 0.000000 153.946701 -0.286509 0.958077 0.000000 -30.823278 0.000000 0.000000 1.000000 0.000000
0.957478 0.288506 0.000000 154.510869 -0.288506 0.957478 0.000000 -30.999216 0.000000 0.000000 1.000000 0.000000
0.956417 0.292005 0.000000 155.227438 -0.292005 0.956417 0.000000 -31.227306 0.000000 0.000000 1.000000 0.000000
0.955583 0.294721 0.000000 155.755192 -0.294721 0.955583 0.000000 -31.383078 0.000000 0.000000 1.000000 0.000000
0.955152 0.296117 0.000000 156.307693 -0.296117 0.955152 0.000000 -31.568510 0.000000 0.000000 1.000000 0.000000
0.954697 0.297580 0.000000 156.824417 -0.297580 0.954697 0.000000 -31.743894 0.000000 0.000000 1.000000 0.000000
0.954506 0.298190 0.000000 157.378257 -0.298190 0.954506 0.000000 -31.928187 0.000000 0.000000 1.000000 0.000000
0.955141 0.296153 0.000000 157.901298 -0.296153 0.955141 0.000000 -32.089295 0.000000 0.000000 1.000000 0.000000
0.954796 0.297262 0.000000 158.616615 -0.297262 0.954796 0.000000 -32.318602 0.000000 0.000000 1.000000 0.000000
0.954721 0.297503 0.000000 159.136505 -0.297503 0.954721 0.000000 -32.485104 0.000000 0.000000 1.000000 0.000000
0.952553 0.304373 0.000000 159.684056 -0.304373 0.952553 0.000000 -32.671661 0.000000 0.000000 1.000000 0.000000
0.952519 0.304480 0.000000 160.199880 -0.304480 0.952519 0.000000 -32.829912 0.000000 0.000000 1.000000 0.000000
0.953595 0.301091 0.000000 160.749369 -0.301091 0.953595 0.000000 -32.998871 0.000000 0.000000 1.000000 0.000000
0.953490 0.301424 0.000000 161.264027 -0.301424 0.953490 0.000000 -33.161913 0.000000 0.000000 1.000000 0.000000
0.953171 0.302431 0.000000 162.001717 -0.302431 0.953171 0.000000 -33.395121 0.000000 0.000000 1.000000 0.000000
0.952365 0.304960 0.000000 162.551721 -0.304960 0.952365 0.000000 -33.571751 0.000000 0.000000 1.000000 0.000000
0.953592 0.301101 0.000000 163.100873 -0.301101 0.953592 0.000000 -33.755910 0.000000 0.000000 1.000000 0.000000
0.954337 0.298733 0.000000 163.644203 -0.298733 0.954337 0.000000 -33.926931 0.000000 0.000000 1.000000 0.000000
0.955109 0.296256 0.000000 164.192168 -0.296256 0.955109 0.000000 -34.100273 0.000000 0.000000 1.000000 0.000000
0.954225 0.299089 0.000000 164.730121 -0.299089 0.954225 0.000000 -34.281821 0.000000 0.000000 1.000000 0.000000
0.954358 0.298665 0.000000 165.274231 -0.298665 0.954358 0.000000 -34.461032 0.000000 0.000000 1.000000 0.000000
0.955380 0.295379 0.000000 165.795386 -0.295379 0.955380 0.000000 -34.634063 0.000000 0.000000 1.000000 0.000000
0.956578 0.291477 0.000000 166.335429 -0.291477 0.956578 0.000000 -34.805175 0.000000 0.000000 1.000000 0.000000
0.956686 0.291123 0.000000 166.887772 -0.291123 0.956686 0.000000 -34.989023 0.000000 0.000000 1.000000 0.000000
0.956979 0.290159 0.000000 167.399939 -0.290159 0.956979 0.000000 -35.158495 0.000000 0.000000 1.000000 0.000000
0.957237 0.289304 0.000000 167.955998 -0.289304 0.957237 0.000000 -35.332253 0.000000 0.000000 1.000000 0.000000
0.958266 0.285876 0.000000 168.476060 -0.285876 0.958266 0.000000 -35.492587 0.000000 0.000000 1.000000 0.000000
0.958253 0.285922 0.000000 169.023127 -0.285922 0.958253 0.000000 -35.675948 0.000000 0.000000 1.000000 0.000000
0.959755 0.280840 0.000000 169.560403 -0.280840 0.959755 0.000000 -35.863375 0.000000 0.000000 1.000000 0.000000
0.961180 0.275923 0.000000 170.122481 -0.275923 0.961180 0.000000 -36.043892 0.000000 0.000000 1.000000 0.000000
0.962331 0.271880 0.000000 170.635837 -0.271880 0.962331 0.000000 -36.191859 0.000000 0.000000 1.000000 0.000000
0.963395 0.268086 0.000000 171.177958 -0.268086 0.963395 0.000000 -36.348695 0.000000 0.000000 1.000000 0.000000
0.964610 0.263681 0.000000 171.682401 -0.263681 0.964610 0.000000 -36.505862 0.000000 0.000000 1.000000 0.000000
0.966349 0.257236 0.000000 172.235369 -0.257236 0.966349 0.000000 -36.665908 0.000000 0.000000 1.000000 0.000000
0.967621 0.252408 0.000000 172.949421 -0.252408 0.967621 0.000000 -36.870135 0.000000 0.000000 1.000000 0.000000
0.968110 0.250524 0.000000 173.503626 -0.250524 0.968110 0.000000 -37.010501 0.000000 0.000000 1.000000 0.000000
0.968795 0.247865 0.000000 174.005797 -0.247865 0.968795 0.000000 -37.160235 0.000000 0.000000 1.000000 0.000000
0.968550 0.248818 0.000000 174.568929 -0.248818 0.968550 0.000000 -37.318531 0.000000 0.000000 1.000000 0.000000
0.968919 0.247378 0.000000 175.263370 -0.247378 0.968919 0.000000 -37.509178 0.000000 0.000000 1.000000 0.000000
0.970114 0.242649 0.000000 176.354271 -0.242649 0.970114 0.000000 -37.801618 0.000000 0.000000 1.000000 0.000000
0.970679 0.240378 0.000000 176.902923 -0.240378 0.970679 0.000000 -37.946001 0.000000 0.000000 1.000000 0.000000
0.971318 0.237785 0.000000 177.444461 -0.237785 0.971318 0.000000 -38.092272 0.000000 0.000000 1.000000 0.000000
0.971102 0.238666 0.000000 177.980557 -0.238666 0.971102 0.000000 -38.241644 0.000000 0.000000 1.000000 0.000000
0.971669 0.236347 0.000000 178.523636 -0.236347 0.971669 0.000000 -38.392151 0.000000 0.000000 1.000000 0.000000
0.972153 0.234347 0.000000 179.065338 -0.234347 0.972153 0.000000 -38.526665 0.000000 0.000000 1.000000 0.000000
0.971894 0.235419 0.000000 179.616088 -0.235419 0.971894 0.000000 -38.664076 0.000000 0.000000 1.000000 0.000000
0.971993 0.235011 0.000000 180.157755 -0.235011 0.971993 0.000000 -38.805385 0.000000 0.000000 1.000000 0.000000
0.971807 0.235776 0.000000 180.655770 -0.235776 0.971807 0.000000 -38.935381 0.000000 0.000000 1.000000 0.000000
0.971423 0.237356 0.000000 181.143226 -0.237356 0.971423 0.000000 -39.065096 0.000000 0.000000 1.000000 0.000000
0.971460 0.237205 0.000000 181.677312 -0.237205 0.971460 0.000000 -39.207722 0.000000 0.000000 1.000000 0.000000
0.971803 0.235796 0.000000 182.179817 -0.235796 0.971803 0.000000 -39.331611 0.000000 0.000000 1.000000 0.000000
0.972281 0.233817 0.000000 182.712003 -0.233817 0.972281 0.000000 -39.458164 0.000000 0.000000 1.000000 0.000000
0.972611 0.232440 0.000000 183.225549 -0.232440 0.972611 0.000000 -39.574936 0.000000 0.000000 1.000000 0.000000
0.972401 0.233318 0.000000 183.761154 -0.233318 0.972401 0.000000 -39.707798 0.000000 0.000000 1.000000 0.000000
0.972486 0.232960 0.000000 184.256367 -0.232960 0.972486 0.000000 -39.828429 0.000000 0.000000 1.000000 0.000000
0.973364 0.229266 0.000000 184.792729 -0.229266 0.973364 0.000000 -39.956508 0.000000 0.000000 1.000000 0.000000
0.973741 0.227657 0.000000 185.275223 -0.227657 0.973741 0.000000 -40.086317 0.000000 0.000000 1.000000 0.000000
0.973805 0.227384 0.000000 185.804708 -0.227384 0.973805 0.000000 -40.211155 0.000000 0.000000 1.000000 0.000000
0.973612 0.228208 0.000000 186.293624 -0.228208 0.973612 0.000000 -40.317090 0.000000 0.000000 1.000000 0.000000
0.973347 0.229336 0.000000 186.819788 -0.229336 0.973347 0.000000 -40.429831 0.000000 0.000000 1.000000 0.000000
0.973590 0.228303 0.000000 187.461242 -0.228303 0.973590 0.000000 -40.597273 0.000000 0.000000 1.000000 0.000000
0.974616 0.223884 0.000000 187.978019 -0.223884 0.974616 0.000000 -40.731363 0.000000 0.000000 1.000000 0.000000
0.975633 0.219409 0.000000 188.492417 -0.219409 0.975633 0.000000 -40.855439 0.000000 0.000000 1.000000 0.000000
0.975873 0.218339 0.000000 188.975839 -0.218339 0.975873 0.000000 -40.966224 0.000000 0.000000 1.000000 0.000000
0.977423 0.211290 0.000000 189.689484 -0.211290 0.977423 0.000000 -41.129710 0.000000 0.000000 1.000000 0.000000
0.978023 0.208497 0.000000 190.205312 -0.208497 0.978023 0.000000 -41.251673 0.000000 0.000000 1.000000 0.000000
0.978633 0.205616 0.000000 190.718294 -0.205616 0.978633 0.000000 -41.361089 0.000000 0.000000 1.000000 0.000000
0.978691 0.205341 0.000000 191.227779 -0.205341 0.978691 0.000000 -41.484029 0.000000 0.000000 1.000000 0.000000
0.980111 0.198450 0.000000 191.740452 -0.198450 0.980111 0.000000 -41.585839 0.000000 0.000000 1.000000 0.000000
0.982451 0.186522 0.000000 192.750779 -0.186522 0.982451 0.000000 -41.794782 0.000000 0.000000 1.000000 0.000000
0.983168 0.182704 0.000000 193.249056 -0.182704 0.983168 0.000000 -41.867236 0.000000 0.000000 1.000000 0.000000
0.984678 0.174385 0.000000 193.741300 -0.174385 0.984678 0.000000 -41.968230 0.000000 0.000000 1.000000 0.000000
0.986087 0.166229 0.000000 194.201080 -0.166229 0.986087 0.000000 -42.048860 0.000000 0.000000 1.000000 0.000000
0.987298 0.158880 0.000000 194.692728 -0.158880 0.987298 0.000000 -42.131762 0.000000 0.000000 1.000000 0.000000
0.988716 0.149802 0.000000 195.161034 -0.149802 0.988716 0.000000 -42.207826 0.000000 0.000000 1.000000 0.000000
0.991467 0.130360 0.000000 196.106737 -0.130360 0.991467 0.000000 -42.343077 0.000000 0.000000 1.000000 0.000000
0.992582 0.121575 0.000000 196.596344 -0.121575 0.992582 0.000000 -42.420113 0.000000 0.000000 1.000000 0.000000
0.993871 0.110543 0.000000 197.043576 -0.110543 0.993871 0.000000 -42.483948 0.000000 0.000000 1.000000 0.000000
0.995085 0.099020 0.000000 197.725083 -0.099020 0.995085 0.000000 -42.561112 0.000000 0.000000 1.000000 0.000000
0.996118 0.088023 0.000000 198.201235 -0.088023 0.996118 0.000000 -42.625362 0.000000 0.000000 1.000000 0.000000
0.996997 0.077446 0.000000 198.675950 -0.077446 0.996997 0.000000 -42.670479 0.000000 0.000000 1.000000 0.000000
0.997738 0.067223 0.000000 199.120298 -0.067223 0.997738 0.000000 -42.703541 0.000000 0.000000 1.000000 0.000000
0.998293 0.058401 0.000000 199.591312 -0.058401 0.998293 0.000000 -42.750117 0.000000 0.000000 1.000000 0.000000
0.999091 0.042625 0.000000 200.064426 -0.042625 0.999091 0.000000 -42.801169 0.000000 0.000000 1.000000 0.000000
