0.999999 0.001579 0.000000 0.594954 -0.001579 0.999999 0.000000 0.003978 0.000000 0.000000 1.000000 0.000000
0.999998 0.001845 0.000000 1.410137 -0.001845 0.999998 0.000000 -0.011110 0.000000 0.000000 1.000000 0.000000
0.999992 0.004090 0.000000 2.000915 -0.004090 0.999992 0.000000 -0.026684 0.000000 0.000000 1.000000 0.000000
0.999990 0.004372 0.000000 2.561383 -0.004372 0.999990 0.000000 -0.035579 0.000000 0.000000 1.000000 0.000000
0.999986 0.005326 0.000000 3.137645 -0.005326 0.999986 0.000000 -0.039579 0.000000 0.000000 1.000000 0.000000
0.999949 0.010140 0.000000 3.676254 -0.010140 0.999949 0.000000 -0.025252 0.000000 0.000000 1.000000 0.000000
0.999869 0.016206 0.000000 4.253825 -0.016206 0.999869 0.000000 -0.027019 0.000000 0.000000 1.000000 0.000000
0.999756 0.022108 0.000000 4.792938 -0.022108 0.999756 0.000000 -0.024909 0.000000 0.000000 1.000000 0.000000
0.999544 0.030196 0.000000 5.510868 -0.030196 0.999544 0.000000 -0.035390 0.000000 0.000000 1.000000 0.000000
0.999387 0.035009 0.000000 6.078422 -0.035009 0.999387 0.000000 -0.054764 0.000000 0.000000 1.000000 0.000000
0.999247 0.038790 0.000000 6.654714 -0.038790 0.999247 0.000000 -0.058227 0.000000 0.000000 1.000000 0.000000
0.999033 0.043964 0.000000 7.227213 -0.043964 0.999033 0.000000 -0.068818 0.000000 0.000000 1.000000 0.000000
0.998392 0.056684 0.000000 8.370468 -0.056684 0.998392 0.000000 -0.129317 0.000000 0.000000 1.000000 0.000000
0.998186 0.060211 0.000000 8.907360 -0.060211 0.998186 0.000000 -0.144272 0.000000 0.000000 1.000000 0.000000
0.997793 0.066396 0.000000 9.483136 -0.066396 0.997793 0.000000 -0.173850 0.000000 0.000000 1.000000 0.000000
0.997279 0.073726 0.000000 10.023001 -0.073726 0.997279 0.000000 -0.211922 0.000000 0.000000 1.000000 0.000000
0.996731 0.080790 0.000000 10.587545 -0.080790 0.996731 0.000000 -0.249120 0.000000 0.000000 1.000000 0.000000
0.996177 0.087358 0.000000 11.117105 -0.087358 0.996177 0.000000 -0.281100 0.000000 0.000000 1.000000 0.000000
0.995733 0.092282 0.000000 11.690679 -0.092282 0.995733 0.000000 -0.339353 0.000000 0.000000 1.000000 0.000000
0.995108 0.098794 0.000000 12.226691 -0.098794 0.995108 0.000000 -0.381112 0.000000 0.000000 1.000000 0.000000
0.994059 0.108844 0.000000 12.980017 -0.108844 0.994059 0.000000 -0.455129 0.000000 0.000000 1.000000 0.000000
0.992793 0.119846 0.000000 13.549339 -0.119846 0.992793 0.000000 -0.507842 0.000000 0.000000 1.000000 0.000000
0.991972 0.126455 0.000000 14.104440 -0.126455 0.991972 0.000000 -0.583192 0.000000 0.000000 1.000000 0.000000
0.991332 0.131382 0.000000 14.656265 -0.131382 0.991332 0.000000 -0.649134 0.000000 0.000000 1.000000 0.000000
0.990663 0.136337 0.000000 15.222476 -0.136337 0.990663 0.000000 -0.732022 0.000000 0.000000 1.000000 0.000000
0.989761 0.142737 0.000000 15.749671 -0.142737 0.989761 0.000000 -0.810446 0.000000 0.000000 1.000000 0.000000
0.988790 0.149312 0.000000 16.274379 -0.149312 0.988790 0.000000 -0.883269 0.000000 0.000000 1.000000 0.000000
0.987863 0.155330 0.000000 16.839532 -0.155330 0.987863 0.000000 -0.958256 0.000000 0.000000 1.000000 0.000000
0.986389 0.164429 0.000000 17.357871 -0.164429 0.986389 0.000000 -1.047827 0.000000 0.000000 1.000000 0.000000
0.984673 0.174412 0.000000 17.913629 -0.174412 0.984673 0.000000 -1.141639 0.000000 0.000000 1.000000 0.000000
0.983192 0.182573 0.000000 18.654994 -0.182573 0.983192 0.000000 -1.265863 0.000000 0.000000 1.000000 0.000000
0.982231 0.187676 0.000000 19.199263 -0.187676 0.982231 0.000000 -1.379894 0.000000 0.000000 1.000000 0.000000
0.980571 0.196162 0.000000 19.786816 -0.196162 0.980571 0.000000 -1.485753 0.000000 0.000000 1.000000 0.000000
0.978970 0.204006 0.000000 20.335295 -0.204006 0.978970 0.000000 -1.593869 0.000000 0.000000 1.000000 0.000000
0.977405 0.211373 0.000000 20.879959 -0.211373 0.977405 0.000000 -1.711019 0.000000 0.000000 1.000000 0.000000
0.976063 0.217490 0.000000 21.386269 -0.217490 0.976063 0.000000 -1.817187 0.000000 0.000000 1.000000 0.000000
0.974652 0.223728 0.000000 21.939309 -0.223728 0.974652 0.000000 -1.928358 0.000000 0.000000 1.000000 0.000000
0.974957 0.222395 0.000000 22.442467 -0.222395 0.974957 0.000000 -2.039649 0.000000 0.000000 1.000000 0.000000
0.973813 0.227350 0.000000 22.979062 -0.227350 0.973813 0.000000 -2.158908 0.000000 0.000000 1.000000 0.000000
0.971299 0.237861 0.000000 24.012607 -0.237861 0.971299 0.000000 -2.407952 0.000000 0.000000 1.000000 0.000000
0.970277 0.241996 0.000000 24.498281 -0.241996 0.970277 0.000000 -2.531685 0.000000 0.000000 1.000000 0.000000
0.968854 0.247634 0.000000 25.028186 -0.247634 0.968854 0.000000 -2.655982 0.000000 0.000000 1.000000 0.000000
0.967219 0.253943 0.000000 25.694964 -0.253943 0.967219 0.000000 -2.825650 0.000000 0.000000 1.000000 0.000000
0.965903 0.258904 0.000000 26.177261 -0.258904 0.965903 0.000000 -2.949019 0.000000 0.000000 1.000000 0.000000
0.964469 0.264196 0.000000 26.661640 -0.264196 0.964469 0.000000 -3.061175 0.000000 0.000000 1.000000 0.000000
0.962266 0.272110 0.000000 27.176796 -0.272110 0.962266 0.000000 -3.194952 0.000000 0.000000 1.000000 0.000000
0.961359 0.275299 0.000000 27.656002 -0.275299 0.961359 0.000000 -3.332155 0.000000 0.000000 1.000000 0.000000
0.958565 0.284873 0.000000 28.330171 -0.284873 0.958565 0.000000 -3.537709 0.000000 0.000000 1.000000 0.000000
0.956925 0.290336 0.000000 28.841642 -0.290336 0.956925 0.000000 -3.690864 0.000000 0.000000 1.000000 0.000000
0.955761 0.294145 0.000000 29.352606 -0.294145 0.955761 0.000000 -3.867410 0.000000 0.000000 1.000000 0.000000
0.954170 0.299264 0.000000 29.844968 -0.299264 0.954170 0.000000 -4.034375 0.000000 0.000000 1.000000 0.000000
0.952346 0.305020 0.000000 30.358015 -0.305020 0.952346 0.000000 -4.199160 0.000000 0.000000 1.000000 0.000000
0.952875 0.303364 0.000000 30.869510 -0.303364 0.952875 0.000000 -4.368616 0.000000 0.000000 1.000000 0.000000
0.950782 0.309859 0.000000 31.340479 -0.309859 0.950782 0.000000 -4.505106 0.000000 0.000000 1.000000 0.000000
0.949562 0.313579 0.000000 31.845417 -0.313579 0.949562 0.000000 -4.677387 0.000000 0.000000 1.000000 0.000000
0.948113 0.317935 0.000000 32.323564 -0.317935 0.948113 0.000000 -4.849082 0.000000 0.000000 1.000000 0.000000
0.946019 0.324110 0.000000 32.823562 -0.324110 0.946019 0.000000 -5.022798 0.000000 0.000000 1.000000 0.000000
0.944106 0.329642 0.000000 33.300702 -0.329642 0.944106 0.000000 -5.176240 0.000000 0.000000 1.000000 0.000000
0.941749 0.336317 0.000000 33.796683 -0.336317 0.941749 0.000000 -5.355605 0.000000 0.000000 1.000000 0.000000
0.939184 0.343414 0.000000 34.276772 -0.343414 0.939184 0.000000 -5.509021 0.000000 0.000000 1.000000 0.000000
0.937040 0.349223 0.000000 34.783422 -0.349223 0.937040 0.000000 -5.685090 0.000000 0.000000 1.000000 0.000000
0.935695 0.352809 0.000000 35.244367 -0.352809 0.935695 0.000000 -5.846565 0.000000 0.000000 1.000000 0.000000
0.932680 0.360705 0.000000 35.930322 -0.360705 0.932680 0.000000 -6.121051 0.000000 0.000000 1.000000 0.000000
0.928626 0.371017 0.000000 36.640694 -0.371017 0.928626 0.000000 -6.403460 0.000000 0.000000 1.000000 0.000000
0.925520 0.378698 0.000000 37.136304 -0.378698 0.925520 0.000000 -6.595177 0.000000 0.000000 1.000000 0.000000
0.919952 0.392031 0.000000 37.982863 -0.392031 0.919952 0.000000 -6.962161 0.000000 0.000000 1.000000 0.000000
0.917632 0.397431 0.000000 38.466921 -0.397431 0.917632 0.000000 -7.172518 0.000000 0.000000 1.000000 0.000000
0.915562 0.402176 0.000000 38.950336 -0.402176 0.915562 0.000000 -7.389266 0.000000 0.000000 1.000000 0.000000
0.915123 0.403175 0.000000 39.428755 -0.403175 0.915123 0.000000 -7.593530 0.000000 0.000000 1.000000 0.000000
0.910852 0.412734 0.000000 39.910438 -0.412734 0.910852 0.000000 -7.799109 0.000000 0.000000 1.000000 0.000000
0.910108 0.414371 0.000000 40.417031 -0.414371 0.910108 0.000000 -8.032654 0.000000 0.000000 1.000000 0.000000
0.908042 0.418878 0.000000 40.854742 -0.418878 0.908042 0.000000 -8.244980 0.000000 0.000000 1.000000 0.000000
0.905545 0.424251 0.000000 41.318407 -0.424251 0.905545 0.000000 -8.471255 0.000000 0.000000 1.000000 0.000000
0.904085 0.427353 0.000000 41.774815 -0.427353 0.904085 0.000000 -8.684967 0.000000 0.000000 1.000000 0.000000
0.903717 0.428130 0.000000 42.229119 -0.428130 0.903717 0.000000 -8.903505 0.000000 0.000000 1.000000 0.000000
0.901606 0.432559 0.000000 42.659313 -0.432559 0.901606 0.000000 -9.098181 0.000000 0.000000 1.000000 0.000000
0.899973 0.435946 0.000000 43.100984 -0.435946 0.899973 0.000000 -9.308976 0.000000 0.000000 1.000000 0.000000
0.898253 0.439478 0.000000 43.504797 -0.439478 0.898253 0.000000 -9.514200 0.000000 0.000000 1.000000 0.000000
0.898279 0.439425 0.000000 43.935265 -0.439425 0.898279 0.000000 -9.734042 0.000000 0.000000 1.000000 0.000000
0.895679 0.444700 0.000000 44.340437 -0.444700 0.895679 0.000000 -9.931425 0.000000 0.000000 1.000000 0.000000
0.894898 0.446271 0.000000 44.764096 -0.446271 0.894898 0.000000 -10.158383 0.000000 0.000000 1.000000 0.000000
0.894548 0.446971 0.000000 45.171134 -0.446971 0.894548 0.000000 -10.359963 0.000000 0.000000 1.000000 0.000000
0.893777 0.448512 0.000000 45.563118 -0.448512 0.893777 0.000000 -10.564267 0.000000 0.000000 1.000000 0.000000
0.893779 0.448507 0.000000 45.966616 -0.448507 0.893779 0.000000 -10.743483 0.000000 0.000000 1.000000 0.000000
0.889896 0.456164 0.000000 46.360334 -0.456164 0.889896 0.000000 -10.922005 0.000000 0.000000 1.000000 0.000000
0.887312 0.461170 0.000000 46.748089 -0.461170 0.887312 0.000000 -11.114478 0.000000 0.000000 1.000000 0.000000
0.885531 0.464580 0.000000 47.115008 -0.464580 0.885531 0.000000 -11.311989 0.000000 0.000000 1.000000 0.000000
0.881494 0.472196 0.000000 47.501318 -0.472196 0.881494 0.000000 -11.512819 0.000000 0.000000 1.000000 0.000000
0.877733 0.479151 0.000000 48.054865 -0.479151 0.877733 0.000000 -11.815719 0.000000 0.000000 1.000000 0.000000
0.873235 0.487299 0.000000 48.447336 -0.487299 0.873235 0.000000 -12.035241 0.000000 0.000000 1.000000 0.000000
0.867952 0.496648 0.000000 48.815004 -0.496648 0.867952 0.000000 -12.245548 0.000000 0.000000 1.000000 0.000000
0.865135 0.501539 0.000000 49.166699 -0.501539 0.865135 0.000000 -12.456624 0.000000 0.000000 1.000000 0.000000
0.862430 0.506176 0.000000 49.521532 -0.506176 0.862430 0.000000 -12.673831 0.000000 0.000000 1.000000 0.000000
0.858233 0.513261 0.000000 49.871606 -0.513261 0.858233 0.000000 -12.889598 0.000000 0.000000 1.000000 0.000000
0.855572 0.517684 0.000000 50.211025 -0.517684 0.855572 0.000000 -13.111907 0.000000 0.000000 1.000000 0.000000
0.852385 0.522915 0.000000 50.555446 -0.522915 0.852385 0.000000 -13.320702 0.000000 0.000000 1.000000 0.000000
0.849014 0.528370 0.000000 50.882445 -0.528370 0.849014 0.000000 -13.517838 0.000000 0.000000 1.000000 0.000000
0.847417 0.530929 0.000000 51.206371 -0.530929 0.847417 0.000000 -13.731037 0.000000 0.000000 1.000000 0.000000
0.845125 0.534569 0.000000 51.525038 -0.534569 0.845125 0.000000 -13.932860 0.000000 0.000000 1.000000 0.000000
0.842663 0.538441 0.000000 52.140032 -0.538441 0.842663 0.000000 -14.345555 0.000000 0.000000 1.000000 0.000000
0.842455 0.538767 0.000000 52.436277 -0.538767 0.842455 0.000000 -14.541758 0.000000 0.000000 1.000000 0.000000
0.841589 0.540119 0.000000 52.711522 -0.540119 0.841589 0.000000 -14.724515 0.000000 0.000000 1.000000 0.000000
0.841516 0.540233 0.000000 52.986156 -0.540233 0.841516 0.000000 -14.897615 0.000000 0.000000 1.000000 0.000000
0.844528 0.535511 0.000000 53.273477 -0.535511 0.844528 0.000000 -15.080699 0.000000 0.000000 1.000000 0.000000
0.843009 0.537899 0.000000 53.536878 -0.537899 0.843009 0.000000 -15.245033 0.000000 0.000000 1.000000 0.000000
0.841932 0.539583 0.000000 53.813301 -0.539583 0.841932 0.000000 -15.422421 0.000000 0.000000 1.000000 0.000000
0.841160 0.540786 0.000000 54.062112 -0.540786 0.841160 0.000000 -15.588677 0.000000 0.000000 1.000000 0.000000
0.840246 0.542205 0.000000 54.336386 -0.542205 0.840246 0.000000 -15.750979 0.000000 0.000000 1.000000 0.000000
0.840541 0.541748 0.000000 54.577784 -0.541748 0.840541 0.000000 -15.919445 0.000000 0.000000 1.000000 0.000000
0.838308 0.545197 0.000000 54.825525 -0.545197 0.838308 0.000000 -16.066682 0.000000 0.000000 1.000000 0.000000
0.837062 0.547108 0.000000 55.081566 -0.547108 0.837062 0.000000 -16.226661 0.000000 0.000000 1.000000 0.000000
0.833671 0.552261 0.000000 55.455316 -0.552261 0.833671 0.000000 -16.452979 0.000000 0.000000 1.000000 0.000000
0.832341 0.554264 0.000000 55.724814 -0.554264 0.832341 0.000000 -16.613755 0.000000 0.000000 1.000000 0.000000
0.828596 0.559847 0.000000 55.961053 -0.559847 0.828596 0.000000 -16.770440 0.000000 0.000000 1.000000 0.000000
0.825697 0.564115 0.000000 56.202593 -0.564115 0.825697 0.000000 -16.922299 0.000000 0.000000 1.000000 0.000000
0.822222 0.569167 0.000000 56.439601 -0.569167 0.822222 0.000000 -17.072182 0.000000 0.000000 1.000000 0.000000
0.819438 0.573168 0.000000 56.662905 -0.573168 0.819438 0.000000 -17.223349 0.000000 0.000000 1.000000 0.000000
0.819129 0.573609 0.000000 56.877247 -0.573609 0.819129 0.000000 -17.385048 0.000000 0.000000 1.000000 0.000000
0.818846 0.574014 0.000000 57.096710 -0.574014 0.818846 0.000000 -17.540937 0.000000 0.000000 1.000000 0.000000
0.820910 0.571058 0.000000 57.314365 -0.571058 0.820910 0.000000 -17.685603 0.000000 0.000000 1.000000 0.000000
0.820016 0.572341 0.000000 57.514533 -0.572341 0.820016 0.000000 -17.839740 0.000000 0.000000 1.000000 0.000000
0.816325 0.577593 0.000000 57.903699 -0.577593 0.816325 0.000000 -18.132094 0.000000 0.000000 1.000000 0.000000
0.812840 0.582487 0.000000 58.089839 -0.582487 0.812840 0.000000 -18.251372 0.000000 0.000000 1.000000 0.000000
0.811974 0.583694 0.000000 58.259650 -0.583694 0.811974 0.000000 -18.375954 0.000000 0.000000 1.000000 0.000000
0.812497 0.582966 0.000000 58.429362 -0.582966 0.812497 0.000000 -18.516469 0.000000 0.000000 1.000000 0.000000
0.812434 0.583054 0.000000 58.592799 -0.583054 0.812434 0.000000 -18.638369 0.000000 0.000000 1.000000 0.000000
0.811040 0.584991 0.000000 58.766214 -0.584991 0.811040 0.000000 -18.750524 0.000000 0.000000 1.000000 0.000000
0.810822 0.585293 0.000000 58.939528 -0.585293 0.810822 0.000000 -18.872954 0.000000 0.000000 1.000000 0.000000
0.809039 0.587756 0.000000 59.095457 -0.587756 0.809039 0.000000 -18.980803 0.000000 0.000000 1.000000 0.000000
0.808108 0.589035 0.000000 59.261780 -0.589035 0.808108 0.000000 -19.098404 0.000000 0.000000 1.000000 0.000000
0.804570 0.593858 0.000000 59.583129 -0.593858 0.804570 0.000000 -19.329669 0.000000 0.000000 1.000000 0.000000
0.803118 0.595821 0.000000 59.737373 -0.595821 0.803118 0.000000 -19.439246 0.000000 0.000000 1.000000 0.000000
0.802360 0.596840 0.000000 59.891051 -0.596840 0.802360 0.000000 -19.545757 0.000000 0.000000 1.000000 0.000000
0.800703 0.599062 0.000000 60.143717 -0.599062 0.800703 0.000000 -19.725940 0.000000 0.000000 1.000000 0.000000
0.799621 0.600505 0.000000 60.301973 -0.600505 0.799621 0.000000 -19.845626 0.000000 0.000000 1.000000 0.000000
0.797400 0.603451 0.000000 60.459496 -0.603451 0.797400 0.000000 -19.966294 0.000000 0.000000 1.000000 0.000000
0.795459 0.606007 0.000000 60.621931 -0.606007 0.795459 0.000000 -20.085042 0.000000 0.000000 1.000000 0.000000
0.796036 0.605250 0.000000 60.784894 -0.605250 0.796036 0.000000 -20.201401 0.000000 0.000000 1.000000 0.000000
0.794697 0.607006 0.000000 60.943853 -0.607006 0.794697 0.000000 -20.323725 0.000000 0.000000 1.000000 0.000000
0.793618 0.608416 0.000000 61.104592 -0.608416 0.793618 0.000000 -20.449964 0.000000 0.000000 1.000000 0.000000
0.790503 0.612458 0.000000 61.430008 -0.612458 0.790503 0.000000 -20.693901 0.000000 0.000000 1.000000 0.000000
0.788383 0.615185 0.000000 61.598053 -0.615185 0.788383 0.000000 -20.815677 0.000000 0.000000 1.000000 0.000000
0.786775 0.617240 0.000000 61.768776 -0.617240 0.786775 0.000000 -20.944194 0.000000 0.000000 1.000000 0.000000
0.784579 0.620029 0.000000 61.940919 -0.620029 0.784579 0.000000 -21.056454 0.000000 0.000000 1.000000 0.000000
0.783477 0.621421 0.000000 62.108400 -0.621421 0.783477 0.000000 -21.187724 0.000000 0.000000 1.000000 0.000000
0.782500 0.622650 0.000000 62.269020 -0.622650 0.782500 0.000000 -21.324005 0.000000 0.000000 1.000000 0.000000
0.780503 0.625152 0.000000 62.434672 -0.625152 0.780503 0.000000 -21.446606 0.000000 0.000000 1.000000 0.000000
0.778630 0.627484 0.000000 62.607870 -0.627484 0.778630 0.000000 -21.594768 0.000000 0.000000 1.000000 0.000000
0.775705 0.631096 0.000000 62.777334 -0.631096 0.775705 0.000000 -21.728617 0.000000 0.000000 1.000000 0.000000
0.771724 0.635957 0.000000 62.958088 -0.635957 0.771724 0.000000 -21.859679 0.000000 0.000000 1.000000 0.000000
0.768034 0.640409 0.000000 63.139838 -0.640409 0.768034 0.000000 -22.007853 0.000000 0.000000 1.000000 0.000000
0.765817 0.643059 0.000000 63.312066 -0.643059 0.765817 0.000000 -22.161698 0.000000 0.000000 1.000000 0.000000
0.763576 0.645718 0.000000 63.508648 -0.645718 0.763576 0.000000 -22.316321 0.000000 0.000000 1.000000 0.000000
0.761957 0.647627 0.000000 63.686277 -0.647627 0.761957 0.000000 -22.467013 0.000000 0.000000 1.000000 0.000000
0.758287 0.651921 0.000000 63.884098 -0.651921 0.758287 0.000000 -22.629163 0.000000 0.000000 1.000000 0.000000
0.756154 0.654393 0.000000 64.061896 -0.654393 0.756154 0.000000 -22.792164 0.000000 0.000000 1.000000 0.000000
0.750926 0.660386 0.000000 64.344117 -0.660386 0.750926 0.000000 -23.034914 0.000000 0.000000 1.000000 0.000000
0.747917 0.663792 0.000000 64.540219 -0.663792 0.747917 0.000000 -23.194269 0.000000 0.000000 1.000000 0.000000
0.746382 0.665518 0.000000 64.730416 -0.665518 0.746382 0.000000 -23.379320 0.000000 0.000000 1.000000 0.000000
0.745028 0.667033 0.000000 64.912729 -0.667033 0.745028 0.000000 -23.555029 0.000000 0.000000 1.000000 0.000000
0.741193 0.671292 0.000000 65.289785 -0.671292 0.741193 0.000000 -23.934279 0.000000 0.000000 1.000000 0.000000
0.739287 0.673391 0.000000 65.484754 -0.673391 0.739287 0.000000 -24.111025 0.000000 0.000000 1.000000 0.000000
0.737513 0.675333 0.000000 65.664114 -0.675333 0.737513 0.000000 -24.288167 0.000000 0.000000 1.000000 0.000000
0.735726 0.677279 0.000000 65.867620 -0.677279 0.735726 0.000000 -24.466796 0.000000 0.000000 1.000000 0.000000
0.734897 0.678179 0.000000 66.135928 -0.678179 0.734897 0.000000 -24.709830 0.000000 0.000000 1.000000 0.000000
0.730046 0.683398 0.000000 66.337404 -0.683398 0.730046 0.000000 -24.884405 0.000000 0.000000 1.000000 0.000000
0.726653 0.687005 0.000000 66.528132 -0.687005 0.726653 0.000000 -25.056139 0.000000 0.000000 1.000000 0.000000
0.721821 0.692080 0.000000 66.722508 -0.692080 0.721821 0.000000 -25.235948 0.000000 0.000000 1.000000 0.000000
0.720369 0.693591 0.000000 66.903172 -0.693591 0.720369 0.000000 -25.409268 0.000000 0.000000 1.000000 0.000000
0.718436 0.695593 0.000000 67.085009 -0.695593 0.718436 0.000000 -25.583671 0.000000 0.000000 1.000000 0.000000
0.715685 0.698424 0.000000 67.269160 -0.698424 0.715685 0.000000 -25.773184 0.000000 0.000000 1.000000 0.000000
0.715359 0.698757 0.000000 67.439051 -0.698757 0.715359 0.000000 -25.956294 0.000000 0.000000 1.000000 0.000000
0.713411 0.700746 0.000000 67.609959 -0.700746 0.713411 0.000000 -26.135931 0.000000 0.000000 1.000000 0.000000
0.711032 0.703160 0.000000 67.796300 -0.703160 0.711032 0.000000 -26.321612 0.000000 0.000000 1.000000 0.000000
0.710948 0.703244 0.000000 67.965807 -0.703244 0.710948 0.000000 -26.500575 0.000000 0.000000 1.000000 0.000000
0.711779 0.702404 0.000000 68.199443 -0.702404 0.711779 0.000000 -26.749877 0.000000 0.000000 1.000000 0.000000
0.710608 0.703588 0.000000 68.387599 -0.703588 0.710608 0.000000 -26.946771 0.000000 0.000000 1.000000 0.000000
0.709658 0.704547 0.000000 68.563931 -0.704547 0.709658 0.000000 -27.125972 0.000000 0.000000 1.000000 0.000000
0.710051 0.704150 0.000000 68.733142 -0.704150 0.710051 0.000000 -27.314183 0.000000 0.000000 1.000000 0.000000
0.708783 0.705426 0.000000 68.911762 -0.705426 0.708783 0.000000 -27.495205 0.000000 0.000000 1.000000 0.000000
0.711839 0.702343 0.000000 69.089208 -0.702343 0.711839 0.000000 -27.672828 0.000000 0.000000 1.000000 0.000000
0.716617 0.697467 0.000000 69.257633 -0.697467 0.716617 0.000000 -27.854624 0.000000 0.000000 1.000000 0.000000
0.716352 0.697740 0.000000 69.433958 -0.697740 0.716352 0.000000 -28.019403 0.000000 0.000000 1.000000 0.000000
0.718382 0.695648 0.000000 69.611242 -0.695648 0.718382 0.000000 -28.184742 0.000000 0.000000 1.000000 0.000000
0.719661 0.694326 0.000000 69.768851 -0.694326 0.719661 0.000000 -28.338147 0.000000 0.000000 1.000000 0.000000
0.718939 0.695073 0.000000 70.101333 -0.695073 0.718939 0.000000 -28.662685 0.000000 0.000000 1.000000 0.000000
0.719562 0.694428 0.000000 70.267666 -0.694428 0.719562 0.000000 -28.827024 0.000000 0.000000 1.000000 0.000000
0.721830 0.692070 0.000000 70.438220 -0.692070 0.721830 0.000000 -28.988119 0.000000 0.000000 1.000000 0.000000
0.722735 0.691125 0.000000 70.588002 -0.691125 0.722735 0.000000 -29.133287 0.000000 0.000000 1.000000 0.000000
0.724420 0.689359 0.000000 70.755512 -0.689359 0.724420 0.000000 -29.280828 0.000000 0.000000 1.000000 0.000000
0.725402 0.688325 0.000000 70.913247 -0.688325 0.725402 0.000000 -29.422744 0.000000 0.000000 1.000000 0.000000
0.724804 0.688955 0.000000 71.075598 -0.688955 0.724804 0.000000 -29.568387 0.000000 0.000000 1.000000 0.000000
0.726081 0.687609 0.000000 71.338581 -0.687609 0.726081 0.000000 -29.823066 0.000000 0.000000 1.000000 0.000000
0.727716 0.685879 0.000000 71.487748 -0.685879 0.727716 0.000000 -29.972279 0.000000 0.000000 1.000000 0.000000
0.730349 0.683074 0.000000 71.634591 -0.683074 0.730349 0.000000 -30.121611 0.000000 0.000000 1.000000 0.000000
0.731714 0.681612 0.000000 71.781095 -0.681612 0.731714 0.000000 -30.267850 0.000000 0.000000 1.000000 0.000000
0.734047 0.679099 0.000000 71.931924 -0.679099 0.734047 0.000000 -30.406531 0.000000 0.000000 1.000000 0.000000
0.736354 0.676596 0.000000 72.075402 -0.676596 0.736354 0.000000 -30.558544 0.000000 0.000000 1.000000 0.000000
0.743643 0.668577 0.000000 72.354307 -0.668577 0.743643 0.000000 -30.833647 0.000000 0.000000 1.000000 0.000000
0.746737 0.665120 0.000000 72.481922 -0.665120 0.746737 0.000000 -30.946726 0.000000 0.000000 1.000000 0.000000
0.749667 0.661815 0.000000 72.610657 -0.661815 0.749667 0.000000 -31.065031 0.000000 0.000000 1.000000 0.000000
0.755985 0.654588 0.000000 72.838641 -0.654588 0.755985 0.000000 -31.268086 0.000000 0.000000 1.000000 0.000000
0.759741 0.650226 0.000000 73.150532 -0.650226 0.759741 0.000000 -31.521861 0.000000 0.000000 1.000000 0.000000
0.766000 0.642840 0.000000 73.329092 -0.642840 0.766000 0.000000 -31.669693 0.000000 0.000000 1.000000 0.000000
0.768595 0.639736 0.000000 73.447900 -0.639736 0.768595 0.000000 -31.760324 0.000000 0.000000 1.000000 0.000000
0.776940 0.629575 0.000000 73.668964 -0.629575 0.776940 0.000000 -31.948493 0.000000 0.000000 1.000000 0.000000
0.780671 0.624943 0.000000 73.779462 -0.624943 0.780671 0.000000 -32.040960 0.000000 0.000000 1.000000 0.000000
0.783897 0.620891 0.000000 73.881870 -0.620891 0.783897 0.000000 -32.121874 0.000000 0.000000 1.000000 0.000000
0.786449 0.617655 0.000000 73.981362 -0.617655 0.786449 0.000000 -32.210434 0.000000 0.000000 1.000000 0.000000
0.791557 0.611095 0.000000 74.133970 -0.611095 0.791557 0.000000 -32.340337 0.000000 0.000000 1.000000 0.000000
0.796965 0.604026 0.000000 74.328963 -0.604026 0.796965 0.000000 -32.499255 0.000000 0.000000 1.000000 0.000000
0.800608 0.599189 0.000000 74.424372 -0.599189 0.800608 0.000000 -32.571802 0.000000 0.000000 1.000000 0.000000
0.804135 0.594447 0.000000 74.519089 -0.594447 0.804135 0.000000 -32.636698 0.000000 0.000000 1.000000 0.000000
0.807539 0.589814 0.000000 74.604649 -0.589814 0.807539 0.000000 -32.705302 0.000000 0.000000 1.000000 0.000000
0.810834 0.585276 0.000000 74.693735 -0.585276 0.810834 0.000000 -32.768925 0.000000 0.000000 1.000000 0.000000
0.813300 0.581845 0.000000 74.775493 -0.581845 0.813300 0.000000 -32.827170 0.000000 0.000000 1.000000 0.000000
0.820210 0.572063 0.000000 74.933887 -0.572063 0.820210 0.000000 -32.944871 0.000000 0.000000 1.000000 0.000000
0.822542 0.568704 0.000000 75.000927 -0.568704 0.822542 0.000000 -32.995300 0.000000 0.000000 1.000000 0.000000
0.825865 0.563868 0.000000 75.067907 -0.563868 0.825865 0.000000 -33.037107 0.000000 0.000000 1.000000 0.000000
0.827589 0.561335 0.000000 75.130805 -0.561335 0.827589 0.000000 -33.076497 0.000000 0.000000 1.000000 0.000000
0.830877 0.556455 0.000000 75.190139 -0.556455 0.830877 0.000000 -33.114123 0.000000 0.000000 1.000000 0.000000
0.832119 0.554597 0.000000 75.243695 -0.554597 0.832119 0.000000 -33.141372 0.000000 0.000000 1.000000 0.000000
0.833287 0.552840 0.000000 75.296337 -0.552840 0.833287 0.000000 -33.170191 0.000000 0.000000 1.000000 0.000000
0.834318 0.551284 0.000000 75.370540 -0.551284 0.834318 0.000000 -33.210473 0.000000 0.000000 1.000000 0.000000
0.835507 0.549480 0.000000 75.405601 -0.549480 0.835507 0.000000 -33.229705 0.000000 0.000000 1.000000 0.000000
0.835884 0.548905 0.000000 75.437665 -0.548905 0.835884 0.000000 -33.247721 0.000000 0.000000 1.000000 0.000000
0.836315 0.548249 0.000000 75.468817 -0.548249 0.836315 0.000000 -33.259536 0.000000 0.000000 1.000000 0.000000
0.837262 0.546802 0.000000 75.495656 -0.546802 0.837262 0.000000 -33.276862 0.000000 0.000000 1.000000 0.000000
0.838317 0.545183 0.000000 75.511224 -0.545183 0.838317 0.000000 -33.286185 0.000000 0.000000 1.000000 0.000000
0.838089 0.545533 0.000000 75.528063 -0.545533 0.838089 0.000000 -33.293155 0.000000 0.000000 1.000000 0.000000
0.838535 0.544847 0.000000 75.542441 -0.544847 0.838535 0.000000 -33.305676 0.000000 0.000000 1.000000 0.000000
0.840175 0.542316 0.000000 75.554107 -0.542316 0.840175 0.000000 -33.322221 0.000000 0.000000 1.000000 0.000000
0.839576 0.543243 0.000000 75.561861 -0.543243 0.839576 0.000000 -33.321673 0.000000 0.000000 1.000000 0.000000
0.840519 0.541782 0.000000 75.565669 -0.541782 0.840519 0.000000 -33.326426 0.000000 0.000000 1.000000 0.000000
0.840571 0.541701 0.000000 75.564392 -0.541701 0.840571 0.000000 -33.325076 0.000000 0.000000 1.000000 0.000000
0.839834 0.542843 0.000000 75.562346 -0.542843 0.839834 0.000000 -33.322334 0.000000 0.000000 1.000000 0.000000
0.839760 0.542957 0.000000 75.559959 -0.542957 0.839760 0.000000 -33.321833 0.000000 0.000000 1.000000 0.000000
0.839627 0.543163 0.000000 75.557080 -0.543163 0.839627 0.000000 -33.321281 0.000000 0.000000 1.000000 0.000000
0.840627 0.541615 0.000000 75.552389 -0.541615 0.840627 0.000000 -33.323273 0.000000 0.000000 1.000000 0.000000
0.840717 0.541475 0.000000 75.549262 -0.541475 0.840717 0.000000 -33.323122 0.000000 0.000000 1.000000 0.000000
0.839965 0.542640 0.000000 75.549800 -0.542640 0.839965 0.000000 -33.318044 0.000000 0.000000 1.000000 0.000000
0.839817 0.542870 0.000000 75.548544 -0.542870 0.839817 0.000000 -33.316766 0.000000 0.000000 1.000000 0.000000
0.839889 0.542758 0.000000 75.545912 -0.542758 0.839889 0.000000 -33.316942 0.000000 0.000000 1.000000 0.000000
0.839845 0.542826 0.000000 75.543907 -0.542826 0.839845 0.000000 -33.319338 0.000000 0.000000 1.000000 0.000000
0.839856 0.542809 0.000000 75.541961 -0.542809 0.839856 0.000000 -33.318842 0.000000 0.000000 1.000000 0.000000
0.839724 0.543013 0.000000 75.541065 -0.543013 0.839724 0.000000 -33.316109 0.000000 0.000000 1.000000 0.000000
0.839696 0.543057 0.000000 75.540966 -0.543057 0.839696 0.000000 -33.315184 0.000000 0.000000 1.000000 0.000000
0.839713 0.543030 0.000000 75.539554 -0.543030 0.839713 0.000000 -33.315476 0.000000 0.000000 1.000000 0.000000
0.839810 0.542880 0.000000 75.537800 -0.542880 0.839810 0.000000 -33.316135 0.000000 0.000000 1.000000 0.000000
0.839883 0.542768 0.000000 75.538041 -0.542768 0.839883 0.000000 -33.316688 0.000000 0.000000 1.000000 0.000000
0.839875 0.542780 0.000000 75.538677 -0.542780 0.839875 0.000000 -33.317805 0.000000 0.000000 1.000000 0.000000
0.839894 0.542751 0.000000 75.538137 -0.542751 0.839894 0.000000 -33.320804 0.000000 0.000000 1.000000 0.000000
0.839913 0.542720 0.000000 75.536898 -0.542720 0.839913 0.000000 -33.322269 0.000000 0.000000 1.000000 0.000000
0.839879 0.542773 0.000000 75.536581 -0.542773 0.839879 0.000000 -33.323678 0.000000 0.000000 1.000000 0.000000
0.839875 0.542781 0.000000 75.537169 -0.542781 0.839875 0.000000 -33.325236 0.000000 0.000000 1.000000 0.000000
0.839755 0.542966 0.000000 75.536288 -0.542966 0.839755 0.000000 -33.327922 0.000000 0.000000 1.000000 0.000000
0.839637 0.543147 0.000000 75.536654 -0.543147 0.839637 0.000000 -33.329073 0.000000 0.000000 1.000000 0.000000
0.839592 0.543218 0.000000 75.536466 -0.543218 0.839592 0.000000 -33.328806 0.000000 0.000000 1.000000 0.000000
0.839643 0.543138 0.000000 75.535461 -0.543138 0.839643 0.000000 -33.328888 0.000000 0.000000 1.000000 0.000000
0.839701 0.543050 0.000000 75.534355 -0.543050 0.839701 0.000000 -33.329421 0.000000 0.000000 1.000000 0.000000
0.839689 0.543068 0.000000 75.533698 -0.543068 0.839689 0.000000 -33.329844 0.000000 0.000000 1.000000 0.000000
0.839685 0.543074 0.000000 75.533089 -0.543074 0.839685 0.000000 -33.330157 0.000000 0.000000 1.000000 0.000000
0.839664 0.543105 0.000000 75.533331 -0.543105 0.839664 0.000000 -33.329665 0.000000 0.000000 1.000000 0.000000
0.839696 0.543057 0.000000 75.532990 -0.543057 0.839696 0.000000 -33.328610 0.000000 0.000000 1.000000 0.000000
0.839627 0.543164 0.000000 75.532269 -0.543164 0.839627 0.000000 -33.327060 0.000000 0.000000 1.000000 0.000000
0.839680 0.543081 0.000000 75.532623 -0.543081 0.839680 0.000000 -33.324285 0.000000 0.000000 1.000000 0.000000
0.839694 0.543059 0.000000 75.531513 -0.543059 0.839694 0.000000 -33.321543 0.000000 0.000000 1.000000 0.000000
0.839688 0.543068 0.000000 75.530559 -0.543068 0.839688 0.000000 -33.320433 0.000000 0.000000 1.000000 0.000000
0.839677 0.543086 0.000000 75.529022 -0.543086 0.839677 0.000000 -33.319634 0.000000 0.000000 1.000000 0.000000
0.839735 0.542997 0.000000 75.528422 -0.542997 0.839735 0.000000 -33.319333 0.000000 0.000000 1.000000 0.000000
0.840111 0.542415 0.000000 75.527481 -0.542415 0.840111 0.000000 -33.319562 0.000000 0.000000 1.000000 0.000000
0.840012 0.542568 0.000000 75.527612 -0.542568 0.840012 0.000000 -33.319213 0.000000 0.000000 1.000000 0.000000
0.839949 0.542665 0.000000 75.527401 -0.542665 0.839949 0.000000 -33.318247 0.000000 0.000000 1.000000 0.000000
0.839883 0.542768 0.000000 75.528247 -0.542768 0.839883 0.000000 -33.319638 0.000000 0.000000 1.000000 0.000000
0.839877 0.542777 0.000000 75.528829 -0.542777 0.839877 0.000000 -33.321366 0.000000 0.000000 1.000000 0.000000
0.840013 0.542567 0.000000 75.527889 -0.542567 0.840013 0.000000 -33.323042 0.000000 0.000000 1.000000 0.000000
0.839998 0.542589 0.000000 75.529250 -0.542589 0.839998 0.000000 -33.324497 0.000000 0.000000 1.000000 0.000000
0.839841 0.542833 0.000000 75.528530 -0.542833 0.839841 0.000000 -33.327324 0.000000 0.000000 1.000000 0.000000
0.839347 0.543596 0.000000 75.532710 -0.543596 0.839347 0.000000 -33.325671 0.000000 0.000000 1.000000 0.000000
0.838975 0.544170 0.000000 75.534757 -0.544170 0.838975 0.000000 -33.326542 0.000000 0.000000 1.000000 0.000000
0.837751 0.546053 0.000000 75.538283 -0.546053 0.837751 0.000000 -33.328817 0.000000 0.000000 1.000000 0.000000
0.837765 0.546030 0.000000 75.539057 -0.546030 0.837765 0.000000 -33.331451 0.000000 0.000000 1.000000 0.000000
0.837891 0.545837 0.000000 75.542814 -0.545837 0.837891 0.000000 -33.340428 0.000000 0.000000 1.000000 0.000000
0.838006 0.545661 0.000000 75.538585 -0.545661 0.838006 0.000000 -33.352753 0.000000 0.000000 1.000000 0.000000
0.839414 0.543492 0.000000 75.536471 -0.543492 0.839414 0.000000 -33.365400 0.000000 0.000000 1.000000 0.000000
0.840045 0.542517 0.000000 75.534525 -0.542517 0.840045 0.000000 -33.371542 0.000000 0.000000 1.000000 0.000000
0.840601 0.541655 0.000000 75.535403 -0.541655 0.840601 0.000000 -33.376134 0.000000 0.000000 1.000000 0.000000
0.840911 0.541173 0.000000 75.532990 -0.541173 0.840911 0.000000 -33.380560 0.000000 0.000000 1.000000 0.000000
0.840967 0.541086 0.000000 75.533646 -0.541086 0.840967 0.000000 -33.382631 0.000000 0.000000 1.000000 0.000000
0.841157 0.540792 0.000000 75.532675 -0.540792 0.841157 0.000000 -33.381036 0.000000 0.000000 1.000000 0.000000
0.841129 0.540834 0.000000 75.533180 -0.540834 0.841129 0.000000 -33.380132 0.000000 0.000000 1.000000 0.000000
0.841041 0.540971 0.000000 75.533196 -0.540971 0.841041 0.000000 -33.380568 0.000000 0.000000 1.000000 0.000000
0.841184 0.540749 0.000000 75.531138 -0.540749 0.841184 0.000000 -33.377838 0.000000 0.000000 1.000000 0.000000
0.841058 0.540945 0.000000 75.531635 -0.540945 0.841058 0.000000 -33.376621 0.000000 0.000000 1.000000 0.000000
0.841128 0.540835 0.000000 75.531244 -0.540835 0.841128 0.000000 -33.376309 0.000000 0.000000 1.000000 0.000000
0.841181 0.540754 0.000000 75.531120 -0.540754 0.841181 0.000000 -33.376597 0.000000 0.000000 1.000000 0.000000
0.841203 0.540720 0.000000 75.532638 -0.540720 0.841203 0.000000 -33.374507 0.000000 0.000000 1.000000 0.000000
0.841672 0.539989 0.000000 75.532440 -0.539989 0.841672 0.000000 -33.373931 0.000000 0.000000 1.000000 0.000000
0.841978 0.539511 0.000000 75.533412 -0.539511 0.841978 0.000000 -33.371781 0.000000 0.000000 1.000000 0.000000
0.842607 0.538529 0.000000 75.533976 -0.538529 0.842607 0.000000 -33.372194 0.000000 0.000000 1.000000 0.000000
0.843198 0.537603 0.000000 75.534600 -0.537603 0.843198 0.000000 -33.372229 0.000000 0.000000 1.000000 0.000000
0.843260 0.537506 0.000000 75.534751 -0.537506 0.843260 0.000000 -33.372227 0.000000 0.000000 1.000000 0.000000
0.843016 0.537888 0.000000 75.537721 -0.537888 0.843016 0.000000 -33.370966 0.000000 0.000000 1.000000 0.000000
0.841860 0.539696 0.000000 75.543197 -0.539696 0.841860 0.000000 -33.369130 0.000000 0.000000 1.000000 0.000000
0.841048 0.540960 0.000000 75.548722 -0.540960 0.841048 0.000000 -33.373198 0.000000 0.000000 1.000000 0.000000
0.840180 0.542308 0.000000 75.551112 -0.542308 0.840180 0.000000 -33.379559 0.000000 0.000000 1.000000 0.000000
0.839267 0.543719 0.000000 75.554000 -0.543719 0.839267 0.000000 -33.383623 0.000000 0.000000 1.000000 0.000000
0.838255 0.545278 0.000000 75.558058 -0.545278 0.838255 0.000000 -33.385614 0.000000 0.000000 1.000000 0.000000
0.837034 0.547151 0.000000 75.562882 -0.547151 0.837034 0.000000 -33.391937 0.000000 0.000000 1.000000 0.000000
0.836211 0.548408 0.000000 75.570538 -0.548408 0.836211 0.000000 -33.395772 0.000000 0.000000 1.000000 0.000000
0.836096 0.548583 0.000000 75.577996 -0.548583 0.836096 0.000000 -33.406018 0.000000 0.000000 1.000000 0.000000
0.836416 0.548095 0.000000 75.580562 -0.548095 0.836416 0.000000 -33.421919 0.000000 0.000000 1.000000 0.000000
0.837049 0.547128 0.000000 75.585229 -0.547128 0.837049 0.000000 -33.437081 0.000000 0.000000 1.000000 0.000000
0.838039 0.545610 0.000000 75.590088 -0.545610 0.838039 0.000000 -33.451975 0.000000 0.000000 1.000000 0.000000
0.839127 0.543935 0.000000 75.593962 -0.543935 0.839127 0.000000 -33.468867 0.000000 0.000000 1.000000 0.000000
0.839768 0.542946 0.000000 75.601529 -0.542946 0.839768 0.000000 -33.486380 0.000000 0.000000 1.000000 0.000000
0.839930 0.542695 0.000000 75.613086 -0.542695 0.839930 0.000000 -33.498805 0.000000 0.000000 1.000000 0.000000
0.839804 0.542889 0.000000 75.625898 -0.542889 0.839804 0.000000 -33.511518 0.000000 0.000000 1.000000 0.000000
0.839420 0.543484 0.000000 75.639391 -0.543484 0.839420 0.000000 -33.515953 0.000000 0.000000 1.000000 0.000000
0.839025 0.544092 0.000000 75.654836 -0.544092 0.839025 0.000000 -33.530101 0.000000 0.000000 1.000000 0.000000
0.838578 0.544781 0.000000 75.687208 -0.544781 0.838578 0.000000 -33.548885 0.000000 0.000000 1.000000 0.000000
0.839231 0.543775 0.000000 75.701449 -0.543775 0.839231 0.000000 -33.561244 0.000000 0.000000 1.000000 0.000000
0.839262 0.543727 0.000000 75.716511 -0.543727 0.839262 0.000000 -33.573547 0.000000 0.000000 1.000000 0.000000
0.839883 0.542767 0.000000 75.732926 -0.542767 0.839883 0.000000 -33.585971 0.000000 0.000000 1.000000 0.000000
0.840667 0.541553 0.000000 75.744711 -0.541553 0.840667 0.000000 -33.599058 0.000000 0.000000 1.000000 0.000000
0.842326 0.538968 0.000000 75.753948 -0.538968 0.842326 0.000000 -33.611253 0.000000 0.000000 1.000000 0.000000
0.843160 0.537662 0.000000 75.759050 -0.537662 0.843160 0.000000 -33.634607 0.000000 0.000000 1.000000 0.000000
0.843740 0.536753 0.000000 75.766721 -0.536753 0.843740 0.000000 -33.644439 0.000000 0.000000 1.000000 0.000000
0.844015 0.536320 0.000000 75.778998 -0.536320 0.844015 0.000000 -33.652122 0.000000 0.000000 1.000000 0.000000
0.843536 0.537073 0.000000 75.787947 -0.537073 0.843536 0.000000 -33.656639 0.000000 0.000000 1.000000 0.000000
0.843148 0.537682 0.000000 75.801081 -0.537682 0.843148 0.000000 -33.653047 0.000000 0.000000 1.000000 0.000000
0.842482 0.538724 0.000000 75.808257 -0.538724 0.842482 0.000000 -33.651465 0.000000 0.000000 1.000000 0.000000
0.842369 0.538902 0.000000 75.812215 -0.538902 0.842369 0.000000 -33.648636 0.000000 0.000000 1.000000 0.000000
0.842115 0.539298 0.000000 75.811844 -0.539298 0.842115 0.000000 -33.651723 0.000000 0.000000 1.000000 0.000000
0.842073 0.539364 0.000000 75.808960 -0.539364 0.842073 0.000000 -33.655585 0.000000 0.000000 1.000000 0.000000
0.842700 0.538383 0.000000 75.804926 -0.538383 0.842700 0.000000 -33.661326 0.000000 0.000000 1.000000 0.000000
0.843154 0.537672 0.000000 75.802478 -0.537672 0.843154 0.000000 -33.666398 0.000000 0.000000 1.000000 0.000000
0.843365 0.537341 0.000000 75.800605 -0.537341 0.843365 0.000000 -33.668810 0.000000 0.000000 1.000000 0.000000
0.843394 0.537296 0.000000 75.801083 -0.537296 0.843394 0.000000 -33.670149 0.000000 0.000000 1.000000 0.000000
0.843852 0.536576 0.000000 75.801424 -0.536576 0.843852 0.000000 -33.674019 0.000000 0.000000 1.000000 0.000000
0.844055 0.536257 0.000000 75.800408 -0.536257 0.844055 0.000000 -33.676824 0.000000 0.000000 1.000000 0.000000
0.845111 0.534591 0.000000 75.801602 -0.534591 0.845111 0.000000 -33.682940 0.000000 0.000000 1.000000 0.000000
0.845218 0.534421 0.000000 75.803598 -0.534421 0.845218 0.000000 -33.684324 0.000000 0.000000 1.000000 0.000000
0.845535 0.533921 0.000000 75.804362 -0.533921 0.845535 0.000000 -33.681765 0.000000 0.000000 1.000000 0.000000
0.846154 0.532938 0.000000 75.804750 -0.532938 0.846154 0.000000 -33.683948 0.000000 0.000000 1.000000 0.000000
0.846302 0.532703 0.000000 75.805744 -0.532703 0.846302 0.000000 -33.684815 0.000000 0.000000 1.000000 0.000000
0.846604 0.532223 0.000000 75.806526 -0.532223 0.846604 0.000000 -33.686073 0.000000 0.000000 1.000000 0.000000
0.846731 0.532021 0.000000 75.806845 -0.532021 0.846731 0.000000 -33.685595 0.000000 0.000000 1.000000 0.000000
0.846721 0.532038 0.000000 75.809294 -0.532038 0.846721 0.000000 -33.683917 0.000000 0.000000 1.000000 0.000000
0.847038 0.531533 0.000000 75.811029 -0.531533 0.847038 0.000000 -33.680427 0.000000 0.000000 1.000000 0.000000
0.846918 0.531723 0.000000 75.813465 -0.531723 0.846918 0.000000 -33.677167 0.000000 0.000000 1.000000 0.000000
0.847733 0.530424 0.000000 75.813030 -0.530424 0.847733 0.000000 -33.677481 0.000000 0.000000 1.000000 0.000000
0.847967 0.530049 0.000000 75.812610 -0.530049 0.847967 0.000000 -33.676501 0.000000 0.000000 1.000000 0.000000
0.848296 0.529523 0.000000 75.814939 -0.529523 0.848296 0.000000 -33.674802 0.000000 0.000000 1.000000 0.000000
0.848736 0.528816 0.000000 75.815690 -0.528816 0.848736 0.000000 -33.674589 0.000000 0.000000 1.000000 0.000000
0.848989 0.528410 0.000000 75.817633 -0.528410 0.848989 0.000000 -33.675949 0.000000 0.000000 1.000000 0.000000
0.849026 0.528350 0.000000 75.822397 -0.528350 0.849026 0.000000 -33.675923 0.000000 0.000000 1.000000 0.000000
0.847865 0.530213 0.000000 75.830008 -0.530213 0.847865 0.000000 -33.672698 0.000000 0.000000 1.000000 0.000000
