1.000000 0.000808 0.000000 0.688742 -0.000808 1.000000 0.000000 -0.006831 0.000000 0.000000 1.000000 0.000000
0.999999 0.000437 0.000000 1.345721 -0.000438 0.999999 0.000000 -0.011213 0.000000 0.000000 1.000000 0.000000
0.999996 0.001813 0.000000 1.981264 -0.001818 0.999996 0.000000 -0.020014 0.000000 0.000000 1.000000 0.000000
0.999988 0.002118 0.000000 2.580144 -0.002128 0.999995 0.000000 -0.027128 0.000000 0.000000 1.000000 0.000000
0.999974 0.001936 0.000000 3.197117 -0.001958 0.999993 0.000000 -0.032252 0.000000 0.000000 1.000000 0.000000
0.999952 0.002803 0.000000 3.992880 -0.002835 0.999990 0.000000 -0.039773 0.000000 0.000000 1.000000 0.000000
0.999946 0.002893 0.000000 4.604133 -0.002930 0.999989 0.000000 -0.045673 0.000000 0.000000 1.000000 0.000000
0.999950 0.002445 0.000000 5.237298 -0.002487 0.999988 0.000000 -0.052685 0.000000 0.000000 1.000000 0.000000
0.999943 0.002363 0.000000 6.189146 -0.002403 0.999990 0.000000 -0.059839 0.000000 0.000000 1.000000 0.000000
0.999939 0.002662 0.000000 6.768411 -0.002694 0.999992 0.000000 -0.066022 0.000000 0.000000 1.000000 0.000000
0.999942 0.003081 0.000000 7.384863 -0.003105 0.999992 0.000000 -0.072655 0.000000 0.000000 1.000000 0.000000
0.999950 0.003817 0.000000 8.016571 -0.003838 0.999990 0.000000 -0.080701 0.000000 0.000000 1.000000 0.000000
0.999973 0.004686 0.000000 9.279068 -0.004708 0.999982 0.000000 -0.097273 0.000000 0.000000 1.000000 0.000000
0.999975 0.004991 0.000000 9.914789 -0.005012 0.999979 0.000000 -0.106944 0.000000 0.000000 1.000000 0.000000
0.999968 0.004877 0.000000 10.506279 -0.004908 0.999976 0.000000 -0.116118 0.000000 0.000000 1.000000 0.000000
0.999950 0.006564 0.000000 11.171010 -0.006608 0.999961 0.000000 -0.126921 0.000000 0.000000 1.000000 0.000000
0.999940 0.006574 0.000000 11.836859 -0.006625 0.999961 0.000000 -0.136041 0.000000 0.000000 1.000000 0.000000
0.999940 0.005965 0.000000 12.454022 -0.006018 0.999966 0.000000 -0.142717 0.000000 0.000000 1.000000 0.000000
0.999931 0.007558 0.000000 13.094466 -0.007603 0.999959 0.000000 -0.154058 0.000000 0.000000 1.000000 0.000000
0.999926 0.008223 0.000000 13.688357 -0.008263 0.999956 0.000000 -0.166385 0.000000 0.000000 1.000000 0.000000
0.999923 0.008529 0.000000 14.349910 -0.008586 0.999944 0.000000 -0.179806 0.000000 0.000000 1.000000 0.000000
0.999925 0.007840 0.000000 14.927761 -0.007916 0.999936 0.000000 -0.189614 0.000000 0.000000 1.000000 0.000000
0.999934 0.007136 0.000000 15.615333 -0.007217 0.999933 0.000000 -0.201596 0.000000 0.000000 1.000000 0.000000
0.999929 0.006575 0.000000 16.179232 -0.006667 0.999935 0.000000 -0.209588 0.000000 0.000000 1.000000 0.000000
0.999920 0.006370 0.000000 16.754230 -0.006483 0.999926 0.000000 -0.218543 0.000000 0.000000 1.000000 0.000000
0.999909 0.007225 0.000000 17.405595 -0.007342 0.999921 0.000000 -0.229976 0.000000 0.000000 1.000000 0.000000
0.999906 0.007817 0.000000 17.993327 -0.007936 0.999913 0.000000 -0.239731 0.000000 0.000000 1.000000 0.000000
0.999893 0.008506 0.000000 18.544539 -0.008644 0.999896 0.000000 -0.249788 0.000000 0.000000 1.000000 0.000000
0.999916 0.008083 0.000000 19.260898 -0.008201 0.999898 0.000000 -0.262604 0.000000 0.000000 1.000000 0.000000
0.999941 0.007251 0.000000 19.890274 -0.007338 0.999915 0.000000 -0.271589 0.000000 0.000000 1.000000 0.000000
0.999945 0.006933 0.000000 20.512257 -0.007010 0.999928 0.000000 -0.279195 0.000000 0.000000 1.000000 0.000000
0.999947 0.006829 0.000000 21.123355 -0.006901 0.999932 0.000000 -0.285589 0.000000 0.000000 1.000000 0.000000
0.999936 0.007008 0.000000 21.712751 -0.007094 0.999929 0.000000 -0.293652 0.000000 0.000000 1.000000 0.000000
0.999913 0.007014 0.000000 22.379309 -0.007130 0.999920 0.000000 -0.302678 0.000000 0.000000 1.000000 0.000000
0.999907 0.006992 0.000000 22.971053 -0.007117 0.999918 0.000000 -0.310756 0.000000 0.000000 1.000000 0.000000
0.999900 0.007186 0.000000 23.650552 -0.007309 0.999922 0.000000 -0.319924 0.000000 0.000000 1.000000 0.000000
0.999925 0.006294 0.000000 24.256956 -0.006398 0.999931 0.000000 -0.326422 0.000000 0.000000 1.000000 0.000000
0.999925 0.006717 0.000000 24.857393 -0.006814 0.999932 0.000000 -0.335203 0.000000 0.000000 1.000000 0.000000
0.999934 0.006514 0.000000 25.504714 -0.006602 0.999935 0.000000 -0.343101 0.000000 0.000000 1.000000 0.000000
0.999932 0.006016 0.000000 26.129252 -0.006106 0.999941 0.000000 -0.350064 0.000000 0.000000 1.000000 0.000000
0.999917 0.006505 0.000000 26.731484 -0.006597 0.999944 0.000000 -0.358460 0.000000 0.000000 1.000000 0.000000
0.999914 0.006208 0.000000 27.351403 -0.006291 0.999954 0.000000 -0.366728 0.000000 0.000000 1.000000 0.000000
0.999904 0.006302 0.000000 27.980818 -0.006404 0.999946 0.000000 -0.374730 0.000000 0.000000 1.000000 0.000000
0.999912 0.006849 0.000000 28.608440 -0.006949 0.999937 0.000000 -0.383253 0.000000 0.000000 1.000000 0.000000
0.999904 0.007217 0.000000 29.183428 -0.007316 0.999939 0.000000 -0.391663 0.000000 0.000000 1.000000 0.000000
0.999892 0.006708 0.000000 29.863162 -0.006808 0.999948 0.000000 -0.401809 0.000000 0.000000 1.000000 0.000000
0.999904 0.005994 0.000000 30.401086 -0.006098 0.999947 0.000000 -0.407364 0.000000 0.000000 1.000000 0.000000
0.999909 0.006531 0.000000 31.009379 -0.006634 0.999940 0.000000 -0.415769 0.000000 0.000000 1.000000 0.000000
0.999905 0.007254 0.000000 31.635643 -0.007351 0.999939 0.000000 -0.424724 0.000000 0.000000 1.000000 0.000000
0.999903 0.006597 0.000000 32.447456 -0.006698 0.999944 0.000000 -0.435446 0.000000 0.000000 1.000000 0.000000
0.999903 0.006286 0.000000 33.028852 -0.006378 0.999952 0.000000 -0.441757 0.000000 0.000000 1.000000 0.000000
0.999895 0.006116 0.000000 33.692775 -0.006218 0.999951 0.000000 -0.449953 0.000000 0.000000 1.000000 0.000000
0.999863 0.006226 0.000000 34.324429 -0.006350 0.999948 0.000000 -0.458028 0.000000 0.000000 1.000000 0.000000
0.999883 0.006853 0.000000 34.916615 -0.006958 0.999947 0.000000 -0.466426 0.000000 0.000000 1.000000 0.000000
0.999914 0.007794 0.000000 35.597295 -0.007871 0.999943 0.000000 -0.477593 0.000000 0.000000 1.000000 0.000000
0.999916 0.008934 0.000000 36.186247 -0.009005 0.999930 0.000000 -0.488501 0.000000 0.000000 1.000000 0.000000
0.999919 0.009621 0.000000 36.907847 -0.009689 0.999920 0.000000 -0.501340 0.000000 0.000000 1.000000 0.000000
0.999905 0.010658 0.000000 37.504417 -0.010726 0.999913 0.000000 -0.513923 0.000000 0.000000 1.000000 0.000000
0.999892 0.010194 0.000000 38.194531 -0.010269 0.999922 0.000000 -0.524444 0.000000 0.000000 1.000000 0.000000
0.999878 0.010333 0.000000 38.807515 -0.010420 0.999918 0.000000 -0.535910 0.000000 0.000000 1.000000 0.000000
0.999878 0.011128 0.000000 39.401008 -0.011224 0.999899 0.000000 -0.547343 0.000000 0.000000 1.000000 0.000000
0.999864 0.010681 0.000000 40.090070 -0.010789 0.999905 0.000000 -0.557035 0.000000 0.000000 1.000000 0.000000
0.999868 0.011310 0.000000 40.699884 -0.011404 0.999903 0.000000 -0.568226 0.000000 0.000000 1.000000 0.000000
0.999889 0.011336 0.000000 41.307000 -0.011414 0.999903 0.000000 -0.581372 0.000000 0.000000 1.000000 0.000000
0.999882 0.011719 0.000000 41.949664 -0.011799 0.999898 0.000000 -0.594859 0.000000 0.000000 1.000000 0.000000
0.999885 0.011536 0.000000 42.584240 -0.011623 0.999894 0.000000 -0.604577 0.000000 0.000000 1.000000 0.000000
0.999799 0.012557 0.000000 43.319458 -0.012729 0.999859 0.000000 -0.618856 0.000000 0.000000 1.000000 0.000000
0.999609 0.012552 0.000000 43.881718 -0.012918 0.999811 0.000000 -0.630041 0.000000 0.000000 1.000000 0.000000
0.999229 0.012316 0.000000 44.514443 -0.013009 0.999746 0.000000 -0.643337 0.000000 0.000000 1.000000 0.000000
0.998616 0.013111 0.000000 45.153843 -0.014129 0.999707 0.000000 -0.657560 0.000000 0.000000 1.000000 0.000000
0.998308 0.013367 0.000000 45.790722 -0.014538 0.999688 0.000000 -0.671170 0.000000 0.000000 1.000000 0.000000
0.998596 0.014680 0.000000 46.517811 -0.015839 0.999623 0.000000 -0.688994 0.000000 0.000000 1.000000 0.000000
0.999041 0.015797 0.000000 47.134286 -0.016835 0.999541 0.000000 -0.703460 0.000000 0.000000 1.000000 0.000000
0.999346 0.016724 0.000000 47.749842 -0.017554 0.999513 0.000000 -0.718540 0.000000 0.000000 1.000000 0.000000
0.999441 0.017649 0.000000 48.366535 -0.018358 0.999521 0.000000 -0.733029 0.000000 0.000000 1.000000 0.000000
0.999378 0.017145 0.000000 49.058789 -0.017868 0.999568 0.000000 -0.750692 0.000000 0.000000 1.000000 0.000000
0.999293 0.017200 0.000000 49.660245 -0.017983 0.999568 0.000000 -0.768161 0.000000 0.000000 1.000000 0.000000
0.999298 0.017153 0.000000 50.279029 -0.017935 0.999567 0.000000 -0.783626 0.000000 0.000000 1.000000 0.000000
0.999326 0.017723 0.000000 50.952451 -0.018520 0.999524 0.000000 -0.801599 0.000000 0.000000 1.000000 0.000000
0.999360 0.017795 0.000000 51.663788 -0.018566 0.999522 0.000000 -0.821021 0.000000 0.000000 1.000000 0.000000
0.999390 0.017491 0.000000 52.149789 -0.018226 0.999540 0.000000 -0.832973 0.000000 0.000000 1.000000 0.000000
0.999359 0.017377 0.000000 52.871819 -0.018157 0.999527 0.000000 -0.851918 0.000000 0.000000 1.000000 0.000000
0.999320 0.017519 0.000000 53.466181 -0.018348 0.999508 0.000000 -0.866339 0.000000 0.000000 1.000000 0.000000
0.999296 0.017491 0.000000 54.203230 -0.018321 0.999523 0.000000 -0.885582 0.000000 0.000000 1.000000 0.000000
0.999267 0.017305 0.000000 54.888864 -0.018157 0.999527 0.000000 -0.902426 0.000000 0.000000 1.000000 0.000000
0.999307 0.016409 0.000000 55.537659 -0.017223 0.999559 0.000000 -0.916848 0.000000 0.000000 1.000000 0.000000
0.999410 0.015545 0.000000 56.598009 -0.016232 0.999619 0.000000 -0.941397 0.000000 0.000000 1.000000 0.000000
0.999516 0.014893 0.000000 57.362312 -0.015476 0.999654 0.000000 -0.958006 0.000000 0.000000 1.000000 0.000000
0.999554 0.014711 0.000000 58.009487 -0.015211 0.999701 0.000000 -0.970245 0.000000 0.000000 1.000000 0.000000
0.999588 0.013740 0.000000 58.687218 -0.014197 0.999736 0.000000 -0.981434 0.000000 0.000000 1.000000 0.000000
0.999540 0.013106 0.000000 59.323287 -0.013582 0.999758 0.000000 -0.992301 0.000000 0.000000 1.000000 0.000000
0.999462 0.012520 0.000000 60.021491 -0.012987 0.999799 0.000000 -1.003424 0.000000 0.000000 1.000000 0.000000
0.999489 0.012281 0.000000 60.667128 -0.012643 0.999847 0.000000 -1.015088 0.000000 0.000000 1.000000 0.000000
0.999644 0.011671 0.000000 61.337337 -0.011933 0.999871 0.000000 -1.023727 0.000000 0.000000 1.000000 0.000000
0.999778 0.012674 0.000000 62.670875 -0.012876 0.999846 0.000000 -1.047476 0.000000 0.000000 1.000000 0.000000
0.999628 0.014008 0.000000 63.377384 -0.014299 0.999822 0.000000 -1.062256 0.000000 0.000000 1.000000 0.000000
0.999333 0.014150 0.000000 64.037336 -0.014539 0.999830 0.000000 -1.074584 0.000000 0.000000 1.000000 0.000000
0.999006 0.014885 0.000000 64.653298 -0.015371 0.999818 0.000000 -1.087803 0.000000 0.000000 1.000000 0.000000
0.998773 0.015915 0.000000 65.354636 -0.016488 0.999794 0.000000 -1.103487 0.000000 0.000000 1.000000 0.000000
0.998777 0.016120 0.000000 65.992153 -0.016738 0.999777 0.000000 -1.116076 0.000000 0.000000 1.000000 0.000000
0.998876 0.017096 0.000000 66.626461 -0.017698 0.999755 0.000000 -1.129374 0.000000 0.000000 1.000000 0.000000
0.998998 0.017073 0.000000 67.251727 -0.017691 0.999737 0.000000 -1.143939 0.000000 0.000000 1.000000 0.000000
0.999045 0.017515 0.000000 67.852808 -0.018125 0.999724 0.000000 -1.158577 0.000000 0.000000 1.000000 0.000000
0.999052 0.018376 0.000000 68.440765 -0.018980 0.999708 0.000000 -1.175232 0.000000 0.000000 1.000000 0.000000
0.999065 0.019004 0.000000 69.075899 -0.019635 0.999680 0.000000 -1.192228 0.000000 0.000000 1.000000 0.000000
0.999115 0.019212 0.000000 69.677368 -0.019858 0.999659 0.000000 -1.207214 0.000000 0.000000 1.000000 0.000000
0.999150 0.019824 0.000000 70.258035 -0.020468 0.999637 0.000000 -1.222161 0.000000 0.000000 1.000000 0.000000
0.999163 0.019620 0.000000 70.850266 -0.020258 0.999642 0.000000 -1.236453 0.000000 0.000000 1.000000 0.000000
0.999150 0.018836 0.000000 71.490713 -0.019494 0.999654 0.000000 -1.251232 0.000000 0.000000 1.000000 0.000000
0.999094 0.019420 0.000000 72.069037 -0.020103 0.999641 0.000000 -1.266437 0.000000 0.000000 1.000000 0.000000
0.999076 0.019075 0.000000 72.677710 -0.019790 0.999637 0.000000 -1.281249 0.000000 0.000000 1.000000 0.000000
0.999049 0.019336 0.000000 73.258894 -0.020058 0.999634 0.000000 -1.297716 0.000000 0.000000 1.000000 0.000000
0.999042 0.020221 0.000000 73.852629 -0.020952 0.999609 0.000000 -1.313839 0.000000 0.000000 1.000000 0.000000
0.999082 0.019500 0.000000 74.503884 -0.020213 0.999626 0.000000 -1.328495 0.000000 0.000000 1.000000 0.000000
0.999099 0.018854 0.000000 75.373538 -0.019533 0.999655 0.000000 -1.350378 0.000000 0.000000 1.000000 0.000000
0.999052 0.019662 0.000000 76.009178 -0.020370 0.999632 0.000000 -1.368211 0.000000 0.000000 1.000000 0.000000
0.999025 0.019777 0.000000 76.584876 -0.020526 0.999615 0.000000 -1.383132 0.000000 0.000000 1.000000 0.000000
0.999026 0.019531 0.000000 77.219766 -0.020268 0.999627 0.000000 -1.398603 0.000000 0.000000 1.000000 0.000000
0.999031 0.019726 0.000000 77.808161 -0.020506 0.999599 0.000000 -1.415305 0.000000 0.000000 1.000000 0.000000
0.999083 0.019902 0.000000 78.430058 -0.020687 0.999578 0.000000 -1.434102 0.000000 0.000000 1.000000 0.000000
0.999126 0.020069 0.000000 79.028749 -0.020769 0.999607 0.000000 -1.452736 0.000000 0.000000 1.000000 0.000000
0.999133 0.020431 0.000000 79.622014 -0.021077 0.999625 0.000000 -1.470068 0.000000 0.000000 1.000000 0.000000
0.999135 0.020959 0.000000 80.191039 -0.021599 0.999613 0.000000 -1.487500 0.000000 0.000000 1.000000 0.000000
0.999059 0.021572 0.000000 81.385637 -0.022267 0.999587 0.000000 -1.521540 0.000000 0.000000 1.000000 0.000000
0.999092 0.021739 0.000000 81.965407 -0.022418 0.999583 0.000000 -1.538330 0.000000 0.000000 1.000000 0.000000
0.999143 0.021489 0.000000 82.569332 -0.022137 0.999592 0.000000 -1.556578 0.000000 0.000000 1.000000 0.000000
0.999155 0.021647 0.000000 83.140249 -0.022315 0.999573 0.000000 -1.572887 0.000000 0.000000 1.000000 0.000000
0.999148 0.021853 0.000000 83.754692 -0.022564 0.999545 0.000000 -1.589924 0.000000 0.000000 1.000000 0.000000
0.999119 0.022543 0.000000 84.285758 -0.023279 0.999518 0.000000 -1.606481 0.000000 0.000000 1.000000 0.000000
0.999064 0.023168 0.000000 84.838819 -0.023943 0.999494 0.000000 -1.622594 0.000000 0.000000 1.000000 0.000000
0.999084 0.022227 0.000000 85.430462 -0.023031 0.999499 0.000000 -1.634440 0.000000 0.000000 1.000000 0.000000
0.999056 0.022141 0.000000 85.968262 -0.022959 0.999503 0.000000 -1.648867 0.000000 0.000000 1.000000 0.000000
0.999037 0.022603 0.000000 86.526044 -0.023445 0.999481 0.000000 -1.666512 0.000000 0.000000 1.000000 0.000000
0.999027 0.022935 0.000000 87.074149 -0.023791 0.999465 0.000000 -1.683416 0.000000 0.000000 1.000000 0.000000
0.999003 0.024098 0.000000 87.631746 -0.024926 0.999453 0.000000 -1.703083 0.000000 0.000000 1.000000 0.000000
0.998997 0.024832 0.000000 88.176370 -0.025629 0.999450 0.000000 -1.720700 0.000000 0.000000 1.000000 0.000000
0.999003 0.025954 0.000000 88.701892 -0.026695 0.999442 0.000000 -1.738768 0.000000 0.000000 1.000000 0.000000
0.999008 0.027017 0.000000 89.261174 -0.027715 0.999428 0.000000 -1.757971 0.000000 0.000000 1.000000 0.000000
0.999025 0.028094 0.000000 89.787717 -0.028766 0.999398 0.000000 -1.775094 0.000000 0.000000 1.000000 0.000000
0.999064 0.028924 0.000000 90.312858 -0.029574 0.999364 0.000000 -1.793224 0.000000 0.000000 1.000000 0.000000
0.999085 0.029283 0.000000 90.832679 -0.029928 0.999343 0.000000 -1.809858 0.000000 0.000000 1.000000 0.000000
0.999066 0.030115 0.000000 91.371878 -0.030749 0.999323 0.000000 -1.829611 0.000000 0.000000 1.000000 0.000000
0.999050 0.030824 0.000000 91.835204 -0.031440 0.999311 0.000000 -1.847041 0.000000 0.000000 1.000000 0.000000
0.999046 0.031302 0.000000 92.361302 -0.031906 0.999299 0.000000 -1.866874 0.000000 0.000000 1.000000 0.000000
0.999011 0.031534 0.000000 92.842588 -0.032183 0.999273 0.000000 -1.884171 0.000000 0.000000 1.000000 0.000000
0.998934 0.032733 0.000000 93.375776 -0.033413 0.999230 0.000000 -1.903614 0.000000 0.000000 1.000000 0.000000
0.998840 0.034537 0.000000 93.926567 -0.035213 0.999184 0.000000 -1.927651 0.000000 0.000000 1.000000 0.000000
0.998779 0.036101 0.000000 94.468826 -0.036777 0.999130 0.000000 -1.950765 0.000000 0.000000 1.000000 0.000000
0.998768 0.037107 0.000000 94.990445 -0.037767 0.999094 0.000000 -1.973755 0.000000 0.000000 1.000000 0.000000
0.998717 0.039203 0.000000 95.525951 -0.039851 0.999009 0.000000 -1.997908 0.000000 0.000000 1.000000 0.000000
0.998659 0.040583 0.000000 95.958516 -0.041209 0.998969 0.000000 -2.017184 0.000000 0.000000 1.000000 0.000000
0.998537 0.042283 0.000000 96.472994 -0.042860 0.998944 0.000000 -2.040866 0.000000 0.000000 1.000000 0.000000
0.998388 0.044325 0.000000 97.141474 -0.044873 0.998883 0.000000 -2.073385 0.000000 0.000000 1.000000 0.000000
0.998318 0.045802 0.000000 97.650934 -0.046279 0.998847 0.000000 -2.097340 0.000000 0.000000 1.000000 0.000000
0.998281 0.047728 0.000000 98.144101 -0.048158 0.998768 0.000000 -2.123175 0.000000 0.000000 1.000000 0.000000
0.998202 0.050361 0.000000 98.641906 -0.050759 0.998644 0.000000 -2.152098 0.000000 0.000000 1.000000 0.000000
0.998068 0.052425 0.000000 99.158716 -0.052849 0.998530 0.000000 -2.181309 0.000000 0.000000 1.000000 0.000000
0.997910 0.054019 0.000000 99.629372 -0.054488 0.998438 0.000000 -2.209371 0.000000 0.000000 1.000000 0.000000
0.997675 0.055737 0.000000 100.123964 -0.056246 0.998345 0.000000 -2.238729 0.000000 0.000000 1.000000 0.000000
0.997331 0.059218 0.000000 101.056052 -0.059772 0.998142 0.000000 -2.298280 0.000000 0.000000 1.000000 0.000000
0.997245 0.060582 0.000000 101.540262 -0.061154 0.998054 0.000000 -2.330431 0.000000 0.000000 1.000000 0.000000
0.997072 0.063038 0.000000 101.991491 -0.063632 0.997895 0.000000 -2.362279 0.000000 0.000000 1.000000 0.000000
0.996867 0.065760 0.000000 102.460905 -0.066371 0.997715 0.000000 -2.394428 0.000000 0.000000 1.000000 0.000000
0.996617 0.068820 0.000000 102.934659 -0.069494 0.997489 0.000000 -2.428170 0.000000 0.000000 1.000000 0.000000
0.996315 0.071922 0.000000 103.407949 -0.072587 0.997281 0.000000 -2.463530 0.000000 0.000000 1.000000 0.000000
0.996013 0.074809 0.000000 103.906735 -0.075503 0.997066 0.000000 -2.502125 0.000000 0.000000 1.000000 0.000000
0.995682 0.077954 0.000000 104.378071 -0.078721 0.996806 0.000000 -2.541393 0.000000 0.000000 1.000000 0.000000
0.995292 0.081035 0.000000 104.847949 -0.081799 0.996572 0.000000 -2.581694 0.000000 0.000000 1.000000 0.000000
0.994930 0.084326 0.000000 105.279753 -0.085126 0.996293 0.000000 -2.620768 0.000000 0.000000 1.000000 0.000000
0.994674 0.086522 0.000000 105.710694 -0.087367 0.996094 0.000000 -2.660429 0.000000 0.000000 1.000000 0.000000
0.994340 0.089020 0.000000 106.128458 -0.089937 0.995858 0.000000 -2.698970 0.000000 0.000000 1.000000 0.000000
0.993803 0.092334 0.000000 106.622065 -0.093457 0.995503 0.000000 -2.747831 0.000000 0.000000 1.000000 0.000000
0.993225 0.095324 0.000000 107.072798 -0.096493 0.995227 0.000000 -2.792460 0.000000 0.000000 1.000000 0.000000
0.992615 0.099283 0.000000 107.504392 -0.100375 0.994873 0.000000 -2.838524 0.000000 0.000000 1.000000 0.000000
0.992057 0.102762 0.000000 107.938009 -0.103933 0.994505 0.000000 -2.884773 0.000000 0.000000 1.000000 0.000000
0.991507 0.106769 0.000000 108.380346 -0.108071 0.994048 0.000000 -2.933361 0.000000 0.000000 1.000000 0.000000
0.990818 0.111578 0.000000 108.809078 -0.113091 0.993459 0.000000 -2.981328 0.000000 0.000000 1.000000 0.000000
0.990136 0.117245 0.000000 109.225199 -0.118936 0.992742 0.000000 -3.029394 0.000000 0.000000 1.000000 0.000000
0.989467 0.123648 0.000000 109.666227 -0.125257 0.991978 0.000000 -3.084580 0.000000 0.000000 1.000000 0.000000
0.988825 0.128216 0.000000 110.055224 -0.129839 0.991393 0.000000 -3.136451 0.000000 0.000000 1.000000 0.000000
0.988320 0.132263 0.000000 110.435219 -0.133767 0.990897 0.000000 -3.188743 0.000000 0.000000 1.000000 0.000000
0.987786 0.136928 0.000000 110.878247 -0.138342 0.990283 0.000000 -3.252521 0.000000 0.000000 1.000000 0.000000
0.987356 0.141096 0.000000 111.288499 -0.142601 0.989649 0.000000 -3.315202 0.000000 0.000000 1.000000 0.000000
0.987234 0.143612 0.000000 111.687502 -0.145117 0.989262 0.000000 -3.374522 0.000000 0.000000 1.000000 0.000000
0.987138 0.146476 0.000000 112.041610 -0.147932 0.988823 0.000000 -3.429561 0.000000 0.000000 1.000000 0.000000
0.987019 0.149813 0.000000 112.427911 -0.151084 0.988353 0.000000 -3.493293 0.000000 0.000000 1.000000 0.000000
0.986832 0.153245 0.000000 112.825571 -0.154332 0.987861 0.000000 -3.557164 0.000000 0.000000 1.000000 0.000000
0.986489 0.157279 0.000000 113.369487 -0.158068 0.987327 0.000000 -3.646567 0.000000 0.000000 1.000000 0.000000
0.986197 0.159948 0.000000 113.792763 -0.160423 0.987017 0.000000 -3.717603 0.000000 0.000000 1.000000 0.000000
0.985760 0.162689 0.000000 114.191063 -0.163034 0.986609 0.000000 -3.787059 0.000000 0.000000 1.000000 0.000000
0.985106 0.165719 0.000000 114.600753 -0.166076 0.986105 0.000000 -3.858564 0.000000 0.000000 1.000000 0.000000
0.984578 0.168267 0.000000 114.992408 -0.168581 0.985685 0.000000 -3.929003 0.000000 0.000000 1.000000 0.000000
0.984255 0.169645 0.000000 115.396823 -0.170001 0.985439 0.000000 -4.001742 0.000000 0.000000 1.000000 0.000000
0.984001 0.171276 0.000000 115.818969 -0.171668 0.985147 0.000000 -4.080247 0.000000 0.000000 1.000000 0.000000
0.983984 0.171950 0.000000 116.276125 -0.172257 0.985049 0.000000 -4.162813 0.000000 0.000000 1.000000 0.000000
0.983940 0.172845 0.000000 116.962365 -0.173046 0.984914 0.000000 -4.290802 0.000000 0.000000 1.000000 0.000000
0.983864 0.173600 0.000000 117.391007 -0.173752 0.984789 0.000000 -4.372529 0.000000 0.000000 1.000000 0.000000
0.983779 0.174262 0.000000 117.831166 -0.174435 0.984669 0.000000 -4.454039 0.000000 0.000000 1.000000 0.000000
0.983508 0.175765 0.000000 118.264948 -0.176050 0.984377 0.000000 -4.536254 0.000000 0.000000 1.000000 0.000000
0.983256 0.177093 0.000000 118.734396 -0.177489 0.984107 0.000000 -4.625767 0.000000 0.000000 1.000000 0.000000
0.983203 0.177552 0.000000 119.132514 -0.177987 0.984010 0.000000 -4.700684 0.000000 0.000000 1.000000 0.000000
0.983252 0.177732 0.000000 119.574119 -0.178165 0.983973 0.000000 -4.783780 0.000000 0.000000 1.000000 0.000000
0.983147 0.178759 0.000000 120.019165 -0.179166 0.983791 0.000000 -4.867010 0.000000 0.000000 1.000000 0.000000
0.982957 0.180245 0.000000 120.459464 -0.180625 0.983523 0.000000 -4.950373 0.000000 0.000000 1.000000 0.000000
0.982694 0.182176 0.000000 120.946615 -0.182531 0.983169 0.000000 -5.044015 0.000000 0.000000 1.000000 0.000000
0.982488 0.183675 0.000000 121.398359 -0.184073 0.982859 0.000000 -5.129400 0.000000 0.000000 1.000000 0.000000
0.982276 0.185659 0.000000 122.220891 -0.186055 0.982441 0.000000 -5.287833 0.000000 0.000000 1.000000 0.000000
0.981968 0.187513 0.000000 122.633570 -0.187869 0.982102 0.000000 -5.371543 0.000000 0.000000 1.000000 0.000000
0.981697 0.189082 0.000000 123.050331 -0.189413 0.981806 0.000000 -5.454503 0.000000 0.000000 1.000000 0.000000
0.981380 0.191008 0.000000 123.537576 -0.191323 0.981414 0.000000 -5.553738 0.000000 0.000000 1.000000 0.000000
0.981014 0.193070 0.000000 123.994443 -0.193397 0.980953 0.000000 -5.648426 0.000000 0.000000 1.000000 0.000000
0.980547 0.195548 0.000000 124.471011 -0.195886 0.980398 0.000000 -5.745791 0.000000 0.000000 1.000000 0.000000
0.980399 0.196470 0.000000 124.909789 -0.196773 0.980176 0.000000 -5.839440 0.000000 0.000000 1.000000 0.000000
0.980178 0.197669 0.000000 125.389671 -0.197938 0.979938 0.000000 -5.942372 0.000000 0.000000 1.000000 0.000000
0.979975 0.198655 0.000000 125.926154 -0.198935 0.979719 0.000000 -6.057387 0.000000 0.000000 1.000000 0.000000
0.979666 0.200161 0.000000 126.328794 -0.200448 0.979410 0.000000 -6.144810 0.000000 0.000000 1.000000 0.000000
0.979137 0.202691 0.000000 126.805979 -0.202993 0.978881 0.000000 -6.249697 0.000000 0.000000 1.000000 0.000000
0.978869 0.203919 0.000000 127.270080 -0.204255 0.978591 0.000000 -6.352453 0.000000 0.000000 1.000000 0.000000
0.978734 0.204580 0.000000 127.745701 -0.204925 0.978410 0.000000 -6.455264 0.000000 0.000000 1.000000 0.000000
0.978503 0.205758 0.000000 128.257359 -0.206092 0.978089 0.000000 -6.568069 0.000000 0.000000 1.000000 0.000000
0.978667 0.205021 0.000000 128.700355 -0.205340 0.978219 0.000000 -6.655945 0.000000 0.000000 1.000000 0.000000
0.978512 0.205797 0.000000 129.155385 -0.206103 0.978025 0.000000 -6.755030 0.000000 0.000000 1.000000 0.000000
0.978389 0.206374 0.000000 129.643188 -0.206682 0.977910 0.000000 -6.858240 0.000000 0.000000 1.000000 0.000000
0.978164 0.207414 0.000000 130.116739 -0.207720 0.977761 0.000000 -6.961304 0.000000 0.000000 1.000000 0.000000
0.977901 0.208583 0.000000 130.563483 -0.208901 0.977577 0.000000 -7.061126 0.000000 0.000000 1.000000 0.000000
0.977593 0.209933 0.000000 131.033123 -0.210258 0.977360 0.000000 -7.165400 0.000000 0.000000 1.000000 0.000000
0.977116 0.212057 0.000000 131.539782 -0.212406 0.976906 0.000000 -7.279571 0.000000 0.000000 1.000000 0.000000
0.976786 0.213754 0.000000 132.331279 -0.214082 0.976392 0.000000 -7.459394 0.000000 0.000000 1.000000 0.000000
0.976798 0.213824 0.000000 132.763939 -0.214096 0.976358 0.000000 -7.556091 0.000000 0.000000 1.000000 0.000000
0.976758 0.214021 0.000000 133.778551 -0.214248 0.976492 0.000000 -7.783482 0.000000 0.000000 1.000000 0.000000
0.976547 0.214910 0.000000 134.288449 -0.215142 0.976372 0.000000 -7.898718 0.000000 0.000000 1.000000 0.000000
0.976198 0.216300 0.000000 134.768497 -0.216592 0.976061 0.000000 -8.008306 0.000000 0.000000 1.000000 0.000000
0.975827 0.217767 0.000000 135.267500 -0.218150 0.975664 0.000000 -8.121784 0.000000 0.000000 1.000000 0.000000
0.975645 0.218500 0.000000 135.794881 -0.218929 0.975449 0.000000 -8.240988 0.000000 0.000000 1.000000 0.000000
0.975633 0.218584 0.000000 136.255948 -0.218977 0.975485 0.000000 -8.345186 0.000000 0.000000 1.000000 0.000000
0.975502 0.219080 0.000000 136.797074 -0.219462 0.975426 0.000000 -8.470167 0.000000 0.000000 1.000000 0.000000
0.975350 0.219702 0.000000 137.281887 -0.220060 0.975336 0.000000 -8.583880 0.000000 0.000000 1.000000 0.000000
0.974738 0.222389 0.000000 137.822143 -0.222741 0.974737 0.000000 -8.712341 0.000000 0.000000 1.000000 0.000000
0.974457 0.223772 0.000000 138.327302 -0.224099 0.974411 0.000000 -8.834724 0.000000 0.000000 1.000000 0.000000
0.974134 0.225324 0.000000 138.791969 -0.225626 0.974040 0.000000 -8.951770 0.000000 0.000000 1.000000 0.000000
0.974042 0.225820 0.000000 139.350368 -0.226105 0.973905 0.000000 -9.087710 0.000000 0.000000 1.000000 0.000000
0.973892 0.226492 0.000000 139.824602 -0.226774 0.973738 0.000000 -9.202252 0.000000 0.000000 1.000000 0.000000
0.973976 0.226185 0.000000 140.306839 -0.226449 0.973814 0.000000 -9.315379 0.000000 0.000000 1.000000 0.000000
0.973836 0.226823 0.000000 140.832466 -0.227075 0.973663 0.000000 -9.440725 0.000000 0.000000 1.000000 0.000000
0.973684 0.227465 0.000000 141.364707 -0.227726 0.973500 0.000000 -9.569783 0.000000 0.000000 1.000000 0.000000
0.973336 0.228948 0.000000 141.982210 -0.229214 0.973138 0.000000 -9.720631 0.000000 0.000000 1.000000 0.000000
0.973182 0.229584 0.000000 142.546726 -0.229859 0.972983 0.000000 -9.856688 0.000000 0.000000 1.000000 0.000000
0.972950 0.230561 0.000000 143.042463 -0.230832 0.972765 0.000000 -9.977234 0.000000 0.000000 1.000000 0.000000
0.972414 0.232799 0.000000 143.556577 -0.233067 0.972247 0.000000 -10.106236 0.000000 0.000000 1.000000 0.000000
0.971576 0.236278 0.000000 144.101971 -0.236539 0.971415 0.000000 -10.244820 0.000000 0.000000 1.000000 0.000000
0.970748 0.239687 0.000000 144.636914 -0.239925 0.970611 0.000000 -10.381966 0.000000 0.000000 1.000000 0.000000
0.967544 0.252560 0.000000 148.497238 -0.252672 0.967404 0.000000 -11.412588 0.000000 0.000000 1.000000 0.000000
0.967431 0.253019 0.000000 149.018921 -0.253117 0.967283 0.000000 -11.553473 0.000000 0.000000 1.000000 0.000000
0.967177 0.253999 0.000000 150.181147 -0.254081 0.967077 0.000000 -11.871189 0.000000 0.000000 1.000000 0.000000
0.967312 0.253497 0.000000 151.300586 -0.253559 0.967260 0.000000 -12.173618 0.000000 0.000000 1.000000 0.000000
0.967293 0.253578 0.000000 151.901760 -0.253633 0.967251 0.000000 -12.337234 0.000000 0.000000 1.000000 0.000000
0.967468 0.252931 0.000000 152.427980 -0.252973 0.967432 0.000000 -12.478372 0.000000 0.000000 1.000000 0.000000
0.967587 0.252497 0.000000 152.993259 -0.252523 0.967566 0.000000 -12.630682 0.000000 0.000000 1.000000 0.000000
0.967800 0.251671 0.000000 153.583145 -0.251693 0.967797 0.000000 -12.791782 0.000000 0.000000 1.000000 0.000000
0.967913 0.251231 0.000000 154.111275 -0.251246 0.967920 0.000000 -12.936191 0.000000 0.000000 1.000000 0.000000
0.967953 0.251077 0.000000 154.717496 -0.251084 0.967965 0.000000 -13.101170 0.000000 0.000000 1.000000 0.000000
0.968030 0.250771 0.000000 155.261508 -0.250771 0.968046 0.000000 -13.248455 0.000000 0.000000 1.000000 0.000000
0.968305 0.249704 0.000000 155.867489 -0.249702 0.968322 0.000000 -13.412183 0.000000 0.000000 1.000000 0.000000
0.968741 0.248027 0.000000 156.727611 -0.248017 0.968752 0.000000 -13.647228 0.000000 0.000000 1.000000 0.000000
0.968974 0.247096 0.000000 157.314806 -0.247073 0.968987 0.000000 -13.807391 0.000000 0.000000 1.000000 0.000000
0.969315 0.245753 0.000000 157.885293 -0.245727 0.969327 0.000000 -13.960979 0.000000 0.000000 1.000000 0.000000
0.969724 0.244142 0.000000 158.506293 -0.244122 0.969736 0.000000 -14.121703 0.000000 0.000000 1.000000 0.000000
0.969931 0.243346 0.000000 159.100874 -0.243336 0.969938 0.000000 -14.279533 0.000000 0.000000 1.000000 0.000000
0.970303 0.241885 0.000000 159.598081 -0.241881 0.970304 0.000000 -14.409633 0.000000 0.000000 1.000000 0.000000
0.970578 0.240780 0.000000 160.241114 -0.240778 0.970579 0.000000 -14.578698 0.000000 0.000000 1.000000 0.000000
0.970803 0.239858 0.000000 160.804904 -0.239856 0.970808 0.000000 -14.726830 0.000000 0.000000 1.000000 0.000000
0.970981 0.239112 0.000000 161.330627 -0.239110 0.970992 0.000000 -14.867676 0.000000 0.000000 1.000000 0.000000
0.971239 0.238056 0.000000 161.940131 -0.238053 0.971251 0.000000 -15.023377 0.000000 0.000000 1.000000 0.000000
0.971320 0.237749 0.000000 162.507239 -0.237746 0.971326 0.000000 -15.170744 0.000000 0.000000 1.000000 0.000000
0.971500 0.237036 0.000000 163.071966 -0.237034 0.971500 0.000000 -15.316186 0.000000 0.000000 1.000000 0.000000
0.971551 0.236827 0.000000 163.644336 -0.236828 0.971550 0.000000 -15.464804 0.000000 0.000000 1.000000 0.000000
0.971474 0.237124 0.000000 164.256903 -0.237133 0.971473 0.000000 -15.627304 0.000000 0.000000 1.000000 0.000000
0.971671 0.236293 0.000000 164.781226 -0.236306 0.971675 0.000000 -15.762824 0.000000 0.000000 1.000000 0.000000
0.971890 0.235386 0.000000 165.386491 -0.235396 0.971898 0.000000 -15.919632 0.000000 0.000000 1.000000 0.000000
0.972210 0.234052 0.000000 166.427608 -0.234048 0.972224 0.000000 -16.184410 0.000000 0.000000 1.000000 0.000000
0.972428 0.233142 0.000000 166.945599 -0.233128 0.972441 0.000000 -16.313458 0.000000 0.000000 1.000000 0.000000
0.972516 0.232782 0.000000 167.520739 -0.232761 0.972524 0.000000 -16.458018 0.000000 0.000000 1.000000 0.000000
0.972593 0.232476 0.000000 168.128674 -0.232458 0.972597 0.000000 -16.611234 0.000000 0.000000 1.000000 0.000000
0.972567 0.232608 0.000000 168.659770 -0.232596 0.972564 0.000000 -16.743641 0.000000 0.000000 1.000000 0.000000
0.972548 0.232692 0.000000 169.756468 -0.232701 0.972531 0.000000 -17.011813 0.000000 0.000000 1.000000 0.000000
0.972546 0.232703 0.000000 170.314599 -0.232709 0.972536 0.000000 -17.148031 0.000000 0.000000 1.000000 0.000000
0.972691 0.232097 0.000000 170.854640 -0.232103 0.972679 0.000000 -17.283209 0.000000 0.000000 1.000000 0.000000
0.972811 0.231589 0.000000 171.421349 -0.231598 0.972789 0.000000 -17.423078 0.000000 0.000000 1.000000 0.000000
0.972941 0.231046 0.000000 171.988822 -0.231052 0.972912 0.000000 -17.562962 0.000000 0.000000 1.000000 0.000000
0.972951 0.231006 0.000000 172.518782 -0.231011 0.972932 0.000000 -17.689492 0.000000 0.000000 1.000000 0.000000
0.973123 0.230276 0.000000 173.284853 -0.230285 0.973098 0.000000 -17.873474 0.000000 0.000000 1.000000 0.000000
0.973241 0.229777 0.000000 173.853760 -0.229787 0.973221 0.000000 -18.010960 0.000000 0.000000 1.000000 0.000000
0.973087 0.230424 0.000000 174.448711 -0.230435 0.973070 0.000000 -18.158277 0.000000 0.000000 1.000000 0.000000
0.973061 0.230536 0.000000 175.075276 -0.230547 0.973040 0.000000 -18.315552 0.000000 0.000000 1.000000 0.000000
0.972970 0.230915 0.000000 175.573989 -0.230926 0.972956 0.000000 -18.441015 0.000000 0.000000 1.000000 0.000000
0.973062 0.230536 0.000000 176.187068 -0.230541 0.973057 0.000000 -18.594992 0.000000 0.000000 1.000000 0.000000
0.973163 0.230113 0.000000 176.790189 -0.230116 0.973160 0.000000 -18.744385 0.000000 0.000000 1.000000 0.000000
0.973265 0.229677 0.000000 177.325502 -0.229681 0.973263 0.000000 -18.877622 0.000000 0.000000 1.000000 0.000000
0.973218 0.229876 0.000000 177.919711 -0.229880 0.973217 0.000000 -19.026288 0.000000 0.000000 1.000000 0.000000
0.973246 0.229755 0.000000 178.458459 -0.229760 0.973244 0.000000 -19.162416 0.000000 0.000000 1.000000 0.000000
0.973297 0.229538 0.000000 179.028662 -0.229546 0.973291 0.000000 -19.305557 0.000000 0.000000 1.000000 0.000000
0.973421 0.228994 0.000000 179.597975 -0.229008 0.973416 0.000000 -19.444483 0.000000 0.000000 1.000000 0.000000
0.973473 0.228759 0.000000 180.177662 -0.228776 0.973471 0.000000 -19.586676 0.000000 0.000000 1.000000 0.000000
0.973595 0.228213 0.000000 180.795908 -0.228238 0.973595 0.000000 -19.736173 0.000000 0.000000 1.000000 0.000000
0.973654 0.227945 0.000000 181.330502 -0.227981 0.973649 0.000000 -19.868822 0.000000 0.000000 1.000000 0.000000
0.973737 0.227592 0.000000 181.907947 -0.227632 0.973724 0.000000 -20.010806 0.000000 0.000000 1.000000 0.000000
0.973799 0.227348 0.000000 182.524704 -0.227388 0.973768 0.000000 -20.162730 0.000000 0.000000 1.000000 0.000000
0.973827 0.227235 0.000000 183.057029 -0.227273 0.973785 0.000000 -20.293534 0.000000 0.000000 1.000000 0.000000
0.973910 0.226881 0.000000 183.699222 -0.226921 0.973862 0.000000 -20.448313 0.000000 0.000000 1.000000 0.000000
0.973956 0.226668 0.000000 184.214413 -0.226712 0.973918 0.000000 -20.573176 0.000000 0.000000 1.000000 0.000000
0.974040 0.226296 0.000000 184.761898 -0.226342 0.974010 0.000000 -20.709433 0.000000 0.000000 1.000000 0.000000
0.973816 0.227245 0.000000 185.354305 -0.227293 0.973794 0.000000 -20.858075 0.000000 0.000000 1.000000 0.000000
0.973772 0.227426 0.000000 185.958116 -0.227473 0.973757 0.000000 -21.009585 0.000000 0.000000 1.000000 0.000000
0.973816 0.227252 0.000000 186.518173 -0.227290 0.973807 0.000000 -21.146725 0.000000 0.000000 1.000000 0.000000
0.973877 0.226997 0.000000 187.124374 -0.227029 0.973873 0.000000 -21.297541 0.000000 0.000000 1.000000 0.000000
0.974096 0.226057 0.000000 187.703201 -0.226083 0.974098 0.000000 -21.437292 0.000000 0.000000 1.000000 0.000000
0.974105 0.226022 0.000000 188.254362 -0.226048 0.974106 0.000000 -21.571359 0.000000 0.000000 1.000000 0.000000
0.974279 0.225265 0.000000 188.802939 -0.225295 0.974278 0.000000 -21.701130 0.000000 0.000000 1.000000 0.000000
0.974378 0.224829 0.000000 189.419537 -0.224859 0.974380 0.000000 -21.846807 0.000000 0.000000 1.000000 0.000000
0.974418 0.224642 0.000000 190.011048 -0.224674 0.974424 0.000000 -21.990824 0.000000 0.000000 1.000000 0.000000
0.974420 0.224587 0.000000 190.569959 -0.224633 0.974428 0.000000 -22.128011 0.000000 0.000000 1.000000 0.000000
0.974411 0.224565 0.000000 191.132804 -0.224634 0.974420 0.000000 -22.265351 0.000000 0.000000 1.000000 0.000000
0.974334 0.224846 0.000000 191.691209 -0.224928 0.974350 0.000000 -22.401700 0.000000 0.000000 1.000000 0.000000
0.974537 0.223961 0.000000 192.253620 -0.224043 0.974555 0.000000 -22.535964 0.000000 0.000000 1.000000 0.000000
0.974630 0.223591 0.000000 192.824706 -0.223670 0.974637 0.000000 -22.673141 0.000000 0.000000 1.000000 0.000000
0.974559 0.223961 0.000000 193.369725 -0.224034 0.974545 0.000000 -22.805590 0.000000 0.000000 1.000000 0.000000
0.974472 0.224394 0.000000 193.959540 -0.224456 0.974437 0.000000 -22.952692 0.000000 0.000000 1.000000 0.000000
0.974539 0.224133 0.000000 194.509471 -0.224192 0.974476 0.000000 -23.085060 0.000000 0.000000 1.000000 0.000000
0.974755 0.223205 0.000000 195.055077 -0.223260 0.974677 0.000000 -23.213488 0.000000 0.000000 1.000000 0.000000
0.974731 0.223302 0.000000 195.623432 -0.223364 0.974640 0.000000 -23.350574 0.000000 0.000000 1.000000 0.000000
0.974778 0.223072 0.000000 196.203705 -0.223148 0.974686 0.000000 -23.488608 0.000000 0.000000 1.000000 0.000000
0.974870 0.222645 0.000000 196.717840 -0.222735 0.974769 0.000000 -23.612371 0.000000 0.000000 1.000000 0.000000
0.974845 0.222783 0.000000 197.307620 -0.222866 0.974709 0.000000 -23.754124 0.000000 0.000000 1.000000 0.000000
0.974811 0.223005 0.000000 197.849280 -0.223034 0.974649 0.000000 -23.884882 0.000000 0.000000 1.000000 0.000000
0.975069 0.221899 0.000000 198.709395 -0.221880 0.974935 0.000000 -24.086906 0.000000 0.000000 1.000000 0.000000
0.975245 0.221124 0.000000 199.236244 -0.221117 0.975148 0.000000 -24.210240 0.000000 0.000000 1.000000 0.000000
0.975033 0.221998 0.000000 199.836774 -0.222041 0.974984 0.000000 -24.354927 0.000000 0.000000 1.000000 0.000000
0.974728 0.223164 0.000000 200.425846 -0.223237 0.974741 0.000000 -24.496774 0.000000 0.000000 1.000000 0.000000
0.974738 0.223029 0.000000 200.972078 -0.223100 0.974783 0.000000 -24.626665 0.000000 0.000000 1.000000 0.000000
0.974937 0.222265 0.000000 201.577349 -0.222312 0.974968 0.000000 -24.770810 0.000000 0.000000 1.000000 0.000000
0.975090 0.221744 0.000000 202.161799 -0.221764 0.975094 0.000000 -24.910522 0.000000 0.000000 1.000000 0.000000
0.975238 0.221152 0.000000 202.772425 -0.221156 0.975230 0.000000 -25.058208 0.000000 0.000000 1.000000 0.000000
0.975238 0.221155 0.000000 203.232099 -0.221154 0.975218 0.000000 -25.167259 0.000000 0.000000 1.000000 0.000000
0.975465 0.220151 0.000000 204.215645 -0.220155 0.975408 0.000000 -25.397893 0.000000 0.000000 1.000000 0.000000
0.975583 0.219624 0.000000 204.749031 -0.219630 0.975504 0.000000 -25.523602 0.000000 0.000000 1.000000 0.000000
0.975660 0.219286 0.000000 205.494135 -0.219280 0.975535 0.000000 -25.697723 0.000000 0.000000 1.000000 0.000000
0.975748 0.218895 0.000000 206.224348 -0.218849 0.975577 0.000000 -25.869415 0.000000 0.000000 1.000000 0.000000
0.975544 0.219801 0.000000 207.211961 -0.219732 0.975344 0.000000 -26.101646 0.000000 0.000000 1.000000 0.000000
0.975548 0.219787 0.000000 207.778852 -0.219723 0.975313 0.000000 -26.232888 0.000000 0.000000 1.000000 0.000000
0.975477 0.220096 0.000000 208.358184 -0.220070 0.975203 0.000000 -26.370175 0.000000 0.000000 1.000000 0.000000
0.975488 0.220035 0.000000 208.928236 -0.220037 0.975189 0.000000 -26.504312 0.000000 0.000000 1.000000 0.000000
0.975482 0.220044 0.000000 209.433094 -0.220076 0.975188 0.000000 -26.621760 0.000000 0.000000 1.000000 0.000000
0.975544 0.219756 0.000000 210.005636 -0.219802 0.975238 0.000000 -26.754601 0.000000 0.000000 1.000000 0.000000
0.975573 0.219603 0.000000 210.603063 -0.219677 0.975255 0.000000 -26.893335 0.000000 0.000000 1.000000 0.000000
0.975272 0.220881 0.000000 211.356597 -0.221001 0.974958 0.000000 -27.072011 0.000000 0.000000 1.000000 0.000000
0.975162 0.221294 0.000000 211.946165 -0.221465 0.974839 0.000000 -27.214149 0.000000 0.000000 1.000000 0.000000
0.975227 0.220978 0.000000 212.476503 -0.221167 0.974907 0.000000 -27.337180 0.000000 0.000000 1.000000 0.000000
