0.999991 -0.004352 0.000000 0.624434 0.004352 0.999991 0.000000 -0.021944 0.000000 0.000000 1.000000 0.000000
0.999960 -0.008964 0.000000 1.246699 0.008964 0.999960 0.000000 -0.028949 0.000000 0.000000 1.000000 0.000000
0.999922 -0.012463 0.000000 1.869081 0.012463 0.999922 0.000000 -0.045849 0.000000 0.000000 1.000000 0.000000
0.999949 -0.010067 0.000000 2.494001 0.010067 0.999949 0.000000 -0.064301 0.000000 0.000000 1.000000 0.000000
0.999960 -0.008896 0.000000 3.119672 0.008896 0.999960 0.000000 -0.076752 0.000000 0.000000 1.000000 0.000000
0.999936 -0.011279 0.000000 3.942953 0.011279 0.999936 0.000000 -0.093498 0.000000 0.000000 1.000000 0.000000
0.999957 -0.009326 0.000000 4.529732 0.009326 0.999957 0.000000 -0.099761 0.000000 0.000000 1.000000 0.000000
0.999935 -0.011366 0.000000 5.158215 0.011366 0.999935 0.000000 -0.119320 0.000000 0.000000 1.000000 0.000000
0.999846 -0.017555 0.000000 6.087329 0.017555 0.999846 0.000000 -0.155312 0.000000 0.000000 1.000000 0.000000
0.999820 -0.018974 0.000000 6.711939 0.018974 0.999820 0.000000 -0.169314 0.000000 0.000000 1.000000 0.000000
0.999732 -0.023141 0.000000 7.339790 0.023141 0.999732 0.000000 -0.186458 0.000000 0.000000 1.000000 0.000000
0.999799 -0.020024 0.000000 7.968987 0.020024 0.999799 0.000000 -0.189746 0.000000 0.000000 1.000000 0.000000
0.999714 -0.023918 0.000000 9.224071 0.023918 0.999714 0.000000 -0.205365 0.000000 0.000000 1.000000 0.000000
0.999541 -0.030279 0.000000 9.852439 0.030279 0.999541 0.000000 -0.210469 0.000000 0.000000 1.000000 0.000000
0.999542 -0.030254 0.000000 10.478511 0.030254 0.999542 0.000000 -0.207157 0.000000 0.000000 1.000000 0.000000
0.999472 -0.032497 0.000000 11.104629 0.032497 0.999472 0.000000 -0.208120 0.000000 0.000000 1.000000 0.000000
0.999466 -0.032663 0.000000 11.769861 0.032663 0.999466 0.000000 -0.217908 0.000000 0.000000 1.000000 0.000000
0.999444 -0.033332 0.000000 12.395732 0.033332 0.999444 0.000000 -0.213122 0.000000 0.000000 1.000000 0.000000
0.999440 -0.033452 0.000000 13.018121 0.033452 0.999440 0.000000 -0.206698 0.000000 0.000000 1.000000 0.000000
0.999346 -0.036159 0.000000 13.642232 0.036159 0.999346 0.000000 -0.206474 0.000000 0.000000 1.000000 0.000000
0.999265 -0.038340 0.000000 14.261211 0.038340 0.999265 0.000000 -0.202169 0.000000 0.000000 1.000000 0.000000
0.999289 -0.037698 0.000000 14.884260 0.037698 0.999289 0.000000 -0.193125 0.000000 0.000000 1.000000 0.000000
0.999228 -0.039275 0.000000 15.509054 0.039275 0.999228 0.000000 -0.193078 0.000000 0.000000 1.000000 0.000000
0.999256 -0.038563 0.000000 16.125178 0.038563 0.999256 0.000000 -0.184063 0.000000 0.000000 1.000000 0.000000
0.999202 -0.039933 0.000000 16.778868 0.039933 0.999202 0.000000 -0.178574 0.000000 0.000000 1.000000 0.000000
0.999193 -0.040174 0.000000 17.365770 0.040174 0.999193 0.000000 -0.169000 0.000000 0.000000 1.000000 0.000000
0.999214 -0.039648 0.000000 17.988380 0.039648 0.999214 0.000000 -0.163391 0.000000 0.000000 1.000000 0.000000
0.999015 -0.044380 0.000000 18.608913 0.044380 0.999015 0.000000 -0.166179 0.000000 0.000000 1.000000 0.000000
0.998941 -0.046018 0.000000 19.262408 0.046018 0.998941 0.000000 -0.149763 0.000000 0.000000 1.000000 0.000000
0.998556 -0.053719 0.000000 19.898210 0.053719 0.998556 0.000000 -0.147009 0.000000 0.000000 1.000000 0.000000
0.998523 -0.054328 0.000000 20.519379 0.054328 0.998523 0.000000 -0.134481 0.000000 0.000000 1.000000 0.000000
0.998659 -0.051763 0.000000 21.138737 0.051763 0.998659 0.000000 -0.115460 0.000000 0.000000 1.000000 0.000000
0.998509 -0.054595 0.000000 21.762963 0.054595 0.998509 0.000000 -0.102493 0.000000 0.000000 1.000000 0.000000
0.998517 -0.054441 0.000000 22.380955 0.054441 0.998517 0.000000 -0.088893 0.000000 0.000000 1.000000 0.000000
0.998465 -0.055384 0.000000 22.982191 0.055384 0.998465 0.000000 -0.073430 0.000000 0.000000 1.000000 0.000000
0.998471 -0.055277 0.000000 23.603669 0.055277 0.998471 0.000000 -0.056722 0.000000 0.000000 1.000000 0.000000
0.998520 -0.054383 0.000000 24.226292 0.054383 0.998520 0.000000 -0.037448 0.000000 0.000000 1.000000 0.000000
0.998381 -0.056884 0.000000 24.807952 0.056884 0.998381 0.000000 -0.027727 0.000000 0.000000 1.000000 0.000000
0.998233 -0.059414 0.000000 25.434337 0.059414 0.998233 0.000000 -0.010562 0.000000 0.000000 1.000000 0.000000
0.998099 -0.061637 0.000000 26.045721 0.061637 0.998099 0.000000 0.003475 0.000000 0.000000 1.000000 0.000000
0.998055 -0.062347 0.000000 26.636014 0.062347 0.998055 0.000000 0.016274 0.000000 0.000000 1.000000 0.000000
0.998060 -0.062258 0.000000 27.256928 0.062258 0.998060 0.000000 0.034316 0.000000 0.000000 1.000000 0.000000
0.998080 -0.061941 0.000000 27.886121 0.061941 0.998080 0.000000 0.053115 0.000000 0.000000 1.000000 0.000000
0.998203 -0.059919 0.000000 28.511271 0.059919 0.998203 0.000000 0.076256 0.000000 0.000000 1.000000 0.000000
0.998463 -0.055423 0.000000 29.094933 0.055423 0.998463 0.000000 0.094929 0.000000 0.000000 1.000000 0.000000
0.998607 -0.052768 0.000000 29.725591 0.052768 0.998607 0.000000 0.111775 0.000000 0.000000 1.000000 0.000000
0.998689 -0.051194 0.000000 30.312938 0.051194 0.998689 0.000000 0.130152 0.000000 0.000000 1.000000 0.000000
0.998656 -0.051822 0.000000 30.935209 0.051822 0.998656 0.000000 0.144565 0.000000 0.000000 1.000000 0.000000
0.998649 -0.051971 0.000000 31.573912 0.051971 0.998649 0.000000 0.159427 0.000000 0.000000 1.000000 0.000000
0.998824 -0.048491 0.000000 32.397229 0.048491 0.998824 0.000000 0.188184 0.000000 0.000000 1.000000 0.000000
0.998910 -0.046669 0.000000 33.030282 0.046669 0.998910 0.000000 0.209869 0.000000 0.000000 1.000000 0.000000
0.999002 -0.044672 0.000000 33.667504 0.044672 0.999002 0.000000 0.228762 0.000000 0.000000 1.000000 0.000000
0.999119 -0.041977 0.000000 34.298420 0.041977 0.999119 0.000000 0.242376 0.000000 0.000000 1.000000 0.000000
0.999091 -0.042619 0.000000 34.931496 0.042619 0.999091 0.000000 0.249759 0.000000 0.000000 1.000000 0.000000
0.999265 -0.038332 0.000000 35.572036 0.038332 0.999265 0.000000 0.268435 0.000000 0.000000 1.000000 0.000000
0.999357 -0.035842 0.000000 36.205743 0.035842 0.999357 0.000000 0.277889 0.000000 0.000000 1.000000 0.000000
0.999512 -0.031252 0.000000 36.846984 0.031252 0.999512 0.000000 0.289660 0.000000 0.000000 1.000000 0.000000
0.999501 -0.031600 0.000000 37.480645 0.031600 0.999501 0.000000 0.285789 0.000000 0.000000 1.000000 0.000000
0.999641 -0.026801 0.000000 38.118653 0.026801 0.999641 0.000000 0.298886 0.000000 0.000000 1.000000 0.000000
0.999622 -0.027485 0.000000 38.756837 0.027485 0.999622 0.000000 0.295264 0.000000 0.000000 1.000000 0.000000
0.999681 -0.025241 0.000000 39.394027 0.025241 0.999681 0.000000 0.297188 0.000000 0.000000 1.000000 0.000000
0.999729 -0.023258 0.000000 40.032971 0.023258 0.999729 0.000000 0.299511 0.000000 0.000000 1.000000 0.000000
0.999720 -0.023665 0.000000 40.665324 0.023665 0.999720 0.000000 0.289854 0.000000 0.000000 1.000000 0.000000
0.999764 -0.021716 0.000000 41.258984 0.021716 0.999764 0.000000 0.285229 0.000000 0.000000 1.000000 0.000000
0.999855 -0.017015 0.000000 41.904894 0.017015 0.999855 0.000000 0.286500 0.000000 0.000000 1.000000 0.000000
0.999863 -0.016535 0.000000 42.535794 0.016535 0.999863 0.000000 0.278635 0.000000 0.000000 1.000000 0.000000
0.999858 -0.016836 0.000000 43.182990 0.016836 0.999858 0.000000 0.266620 0.000000 0.000000 1.000000 0.000000
0.999879 -0.015527 0.000000 43.822508 0.015527 0.999879 0.000000 0.261791 0.000000 0.000000 1.000000 0.000000
0.999895 -0.014478 0.000000 44.455065 0.014478 0.999895 0.000000 0.252707 0.000000 0.000000 1.000000 0.000000
0.999894 -0.014566 0.000000 45.102763 0.014566 0.999894 0.000000 0.246834 0.000000 0.000000 1.000000 0.000000
0.999906 -0.013694 0.000000 45.747344 0.013694 0.999906 0.000000 0.243588 0.000000 0.000000 1.000000 0.000000
0.999942 -0.010804 0.000000 46.393677 0.010804 0.999942 0.000000 0.238418 0.000000 0.000000 1.000000 0.000000
0.999952 -0.009825 0.000000 47.035924 0.009825 0.999952 0.000000 0.228166 0.000000 0.000000 1.000000 0.000000
0.999940 -0.010988 0.000000 47.695658 0.010988 0.999940 0.000000 0.209023 0.000000 0.000000 1.000000 0.000000
0.999955 -0.009451 0.000000 48.306069 0.009451 0.999955 0.000000 0.203789 0.000000 0.000000 1.000000 0.000000
0.999921 -0.012584 0.000000 48.954984 0.012584 0.999921 0.000000 0.188409 0.000000 0.000000 1.000000 0.000000
0.999955 -0.009481 0.000000 49.610566 0.009481 0.999955 0.000000 0.183312 0.000000 0.000000 1.000000 0.000000
0.999915 -0.013025 0.000000 50.273162 0.013025 0.999915 0.000000 0.171069 0.000000 0.000000 1.000000 0.000000
0.999884 -0.015246 0.000000 50.935292 0.015246 0.999884 0.000000 0.156147 0.000000 0.000000 1.000000 0.000000
0.999889 -0.014887 0.000000 51.588525 0.014887 0.999889 0.000000 0.151562 0.000000 0.000000 1.000000 0.000000
0.999905 -0.013816 0.000000 52.212151 0.013816 0.999905 0.000000 0.149630 0.000000 0.000000 1.000000 0.000000
0.999942 -0.010782 0.000000 52.872917 0.010782 0.999942 0.000000 0.148025 0.000000 0.000000 1.000000 0.000000
0.999958 -0.009216 0.000000 53.533151 0.009216 0.999958 0.000000 0.136882 0.000000 0.000000 1.000000 0.000000
0.999969 -0.007846 0.000000 54.200181 0.007846 0.999969 0.000000 0.129284 0.000000 0.000000 1.000000 0.000000
0.999922 -0.012509 0.000000 54.863351 0.012509 0.999922 0.000000 0.121527 0.000000 0.000000 1.000000 0.000000
0.999950 -0.010043 0.000000 55.527491 0.010043 0.999950 0.000000 0.110091 0.000000 0.000000 1.000000 0.000000
0.999935 -0.011379 0.000000 56.555930 0.011379 0.999935 0.000000 0.092277 0.000000 0.000000 1.000000 0.000000
0.999926 -0.012125 0.000000 57.244378 0.012125 0.999926 0.000000 0.083388 0.000000 0.000000 1.000000 0.000000
0.999925 -0.012232 0.000000 57.879400 0.012232 0.999925 0.000000 0.072714 0.000000 0.000000 1.000000 0.000000
0.999933 -0.011587 0.000000 58.538599 0.011587 0.999933 0.000000 0.060361 0.000000 0.000000 1.000000 0.000000
0.999942 -0.010775 0.000000 59.196035 0.010775 0.999942 0.000000 0.050331 0.000000 0.000000 1.000000 0.000000
0.999916 -0.012956 0.000000 59.850686 0.012956 0.999916 0.000000 0.039516 0.000000 0.000000 1.000000 0.000000
0.999918 -0.012777 0.000000 60.504111 0.012777 0.999918 0.000000 0.024871 0.000000 0.000000 1.000000 0.000000
0.999910 -0.013433 0.000000 61.153428 0.013433 0.999910 0.000000 0.020293 0.000000 0.000000 1.000000 0.000000
0.999870 -0.016133 0.000000 62.486939 0.016133 0.999870 0.000000 0.001353 0.000000 0.000000 1.000000 0.000000
0.999794 -0.020313 0.000000 63.134558 0.020313 0.999794 0.000000 -0.002377 0.000000 0.000000 1.000000 0.000000
0.999774 -0.021277 0.000000 63.771186 0.021277 0.999774 0.000000 -0.012028 0.000000 0.000000 1.000000 0.000000
0.999791 -0.020422 0.000000 64.411697 0.020422 0.999791 0.000000 -0.021537 0.000000 0.000000 1.000000 0.000000
0.999810 -0.019484 0.000000 65.050070 0.019484 0.999810 0.000000 -0.033183 0.000000 0.000000 1.000000 0.000000
0.999773 -0.021300 0.000000 65.724566 0.021300 0.999773 0.000000 -0.045066 0.000000 0.000000 1.000000 0.000000
0.999799 -0.020032 0.000000 66.359424 0.020032 0.999799 0.000000 -0.047565 0.000000 0.000000 1.000000 0.000000
0.999818 -0.019072 0.000000 66.966063 0.019072 0.999818 0.000000 -0.051164 0.000000 0.000000 1.000000 0.000000
0.999828 -0.018521 0.000000 67.598115 0.018521 0.999828 0.000000 -0.059735 0.000000 0.000000 1.000000 0.000000
0.999846 -0.017554 0.000000 68.187834 0.017554 0.999846 0.000000 -0.070843 0.000000 0.000000 1.000000 0.000000
0.999850 -0.017316 0.000000 68.815311 0.017316 0.999850 0.000000 -0.081298 0.000000 0.000000 1.000000 0.000000
0.999841 -0.017810 0.000000 69.441898 0.017810 0.999841 0.000000 -0.094965 0.000000 0.000000 1.000000 0.000000
0.999842 -0.017788 0.000000 70.023796 0.017788 0.999842 0.000000 -0.106088 0.000000 0.000000 1.000000 0.000000
0.999813 -0.019333 0.000000 70.646918 0.019333 0.999813 0.000000 -0.121460 0.000000 0.000000 1.000000 0.000000
0.999823 -0.018795 0.000000 71.265903 0.018795 0.999823 0.000000 -0.133123 0.000000 0.000000 1.000000 0.000000
0.999807 -0.019661 0.000000 71.844885 0.019661 0.999807 0.000000 -0.146083 0.000000 0.000000 1.000000 0.000000
0.999820 -0.018993 0.000000 72.461287 0.018993 0.999820 0.000000 -0.150908 0.000000 0.000000 1.000000 0.000000
0.999885 -0.015166 0.000000 73.037168 0.015166 0.999885 0.000000 -0.153275 0.000000 0.000000 1.000000 0.000000
0.999893 -0.014611 0.000000 73.649847 0.014611 0.999893 0.000000 -0.161552 0.000000 0.000000 1.000000 0.000000
0.999903 -0.013913 0.000000 74.260105 0.013913 0.999903 0.000000 -0.170842 0.000000 0.000000 1.000000 0.000000
0.999922 -0.012455 0.000000 75.103111 0.012455 0.999922 0.000000 -0.186796 0.000000 0.000000 1.000000 0.000000
0.999947 -0.010309 0.000000 75.705733 0.010309 0.999947 0.000000 -0.200946 0.000000 0.000000 1.000000 0.000000
0.999899 -0.014187 0.000000 76.308446 0.014187 0.999899 0.000000 -0.213282 0.000000 0.000000 1.000000 0.000000
0.999912 -0.013247 0.000000 76.909384 0.013247 0.999912 0.000000 -0.221033 0.000000 0.000000 1.000000 0.000000
0.999859 -0.016768 0.000000 77.508327 0.016768 0.999859 0.000000 -0.229290 0.000000 0.000000 1.000000 0.000000
0.999838 -0.018009 0.000000 78.107457 0.018009 0.999838 0.000000 -0.238526 0.000000 0.000000 1.000000 0.000000
0.999843 -0.017727 0.000000 78.741924 0.017727 0.999843 0.000000 -0.241348 0.000000 0.000000 1.000000 0.000000
0.999826 -0.018673 0.000000 79.336384 0.018673 0.999826 0.000000 -0.251443 0.000000 0.000000 1.000000 0.000000
0.999857 -0.016882 0.000000 79.927212 0.016882 0.999857 0.000000 -0.259454 0.000000 0.000000 1.000000 0.000000
0.999804 -0.019780 0.000000 81.093575 0.019780 0.999804 0.000000 -0.271995 0.000000 0.000000 1.000000 0.000000
0.999834 -0.018196 0.000000 81.677159 0.018196 0.999834 0.000000 -0.278359 0.000000 0.000000 1.000000 0.000000
0.999869 -0.016161 0.000000 82.256561 0.016161 0.999869 0.000000 -0.295634 0.000000 0.000000 1.000000 0.000000
0.999869 -0.016207 0.000000 82.837201 0.016207 0.999869 0.000000 -0.309195 0.000000 0.000000 1.000000 0.000000
0.999904 -0.013869 0.000000 83.414247 0.013869 0.999904 0.000000 -0.318448 0.000000 0.000000 1.000000 0.000000
0.999895 -0.014457 0.000000 83.985861 0.014457 0.999895 0.000000 -0.339792 0.000000 0.000000 1.000000 0.000000
0.999864 -0.016499 0.000000 84.552245 0.016499 0.999864 0.000000 -0.350931 0.000000 0.000000 1.000000 0.000000
0.999854 -0.017092 0.000000 85.115126 0.017092 0.999854 0.000000 -0.365894 0.000000 0.000000 1.000000 0.000000
0.999870 -0.016145 0.000000 85.675565 0.016145 0.999870 0.000000 -0.380011 0.000000 0.000000 1.000000 0.000000
0.999871 -0.016074 0.000000 86.231570 0.016074 0.999871 0.000000 -0.394828 0.000000 0.000000 1.000000 0.000000
0.999867 -0.016288 0.000000 86.781332 0.016288 0.999867 0.000000 -0.408768 0.000000 0.000000 1.000000 0.000000
0.999871 -0.016040 0.000000 87.327995 0.016040 0.999871 0.000000 -0.425736 0.000000 0.000000 1.000000 0.000000
0.999902 -0.013985 0.000000 87.871039 0.013985 0.999902 0.000000 -0.441405 0.000000 0.000000 1.000000 0.000000
0.999923 -0.012396 0.000000 88.386277 0.012396 0.999923 0.000000 -0.453067 0.000000 0.000000 1.000000 0.000000
0.999954 -0.009557 0.000000 88.929536 0.009557 0.999954 0.000000 -0.462666 0.000000 0.000000 1.000000 0.000000
0.999979 -0.006509 0.000000 89.451430 0.006509 0.999979 0.000000 -0.466887 0.000000 0.000000 1.000000 0.000000
0.999976 -0.006906 0.000000 89.960769 0.006906 0.999976 0.000000 -0.484228 0.000000 0.000000 1.000000 0.000000
0.999974 -0.007167 0.000000 90.496350 0.007167 0.999974 0.000000 -0.502156 0.000000 0.000000 1.000000 0.000000
0.999975 -0.007049 0.000000 91.021288 0.007049 0.999975 0.000000 -0.514476 0.000000 0.000000 1.000000 0.000000
0.999981 -0.006161 0.000000 91.512084 0.006161 0.999981 0.000000 -0.529855 0.000000 0.000000 1.000000 0.000000
0.999993 -0.003820 0.000000 92.039363 0.003820 0.999993 0.000000 -0.543274 0.000000 0.000000 1.000000 0.000000
0.999988 -0.004843 0.000000 92.556778 0.004843 0.999988 0.000000 -0.559784 0.000000 0.000000 1.000000 0.000000
0.999991 -0.004329 0.000000 93.041391 0.004329 0.999991 0.000000 -0.570753 0.000000 0.000000 1.000000 0.000000
0.999995 -0.003100 0.000000 93.560667 0.003100 0.999995 0.000000 -0.580093 0.000000 0.000000 1.000000 0.000000
0.999999 -0.001053 0.000000 94.072353 0.001053 0.999999 0.000000 -0.594129 0.000000 0.000000 1.000000 0.000000
1.000000 -0.000631 0.000000 94.548962 0.000631 1.000000 0.000000 -0.612230 0.000000 0.000000 1.000000 0.000000
1.000000 -0.000672 0.000000 95.058272 0.000672 1.000000 0.000000 -0.631001 0.000000 0.000000 1.000000 0.000000
0.999999 0.001215 0.000000 95.532420 -0.001215 0.999999 0.000000 -0.648168 0.000000 0.000000 1.000000 0.000000
0.999999 0.001142 0.000000 96.033810 -0.001142 0.999999 0.000000 -0.667613 0.000000 0.000000 1.000000 0.000000
1.000000 0.000155 0.000000 96.692780 -0.000155 1.000000 0.000000 -0.690080 0.000000 0.000000 1.000000 0.000000
1.000000 0.000186 0.000000 97.186459 -0.000186 1.000000 0.000000 -0.704292 0.000000 0.000000 1.000000 0.000000
1.000000 0.000700 0.000000 97.680110 -0.000700 1.000000 0.000000 -0.714842 0.000000 0.000000 1.000000 0.000000
1.000000 -0.000497 0.000000 98.165609 0.000497 1.000000 0.000000 -0.730833 0.000000 0.000000 1.000000 0.000000
0.999997 -0.002631 0.000000 98.650502 0.002631 0.999997 0.000000 -0.753742 0.000000 0.000000 1.000000 0.000000
0.999994 -0.003425 0.000000 99.133159 0.003425 0.999994 0.000000 -0.776127 0.000000 0.000000 1.000000 0.000000
0.999999 -0.001067 0.000000 99.605908 0.001067 0.999999 0.000000 -0.790355 0.000000 0.000000 1.000000 0.000000
0.999992 0.003949 0.000000 100.556500 -0.003949 0.999992 0.000000 -0.829837 0.000000 0.000000 1.000000 0.000000
0.999987 0.005181 0.000000 101.026233 -0.005181 0.999987 0.000000 -0.852470 0.000000 0.000000 1.000000 0.000000
0.999964 0.008531 0.000000 101.500430 -0.008531 0.999964 0.000000 -0.874750 0.000000 0.000000 1.000000 0.000000
0.999957 0.009268 0.000000 101.968143 -0.009268 0.999957 0.000000 -0.903396 0.000000 0.000000 1.000000 0.000000
0.999931 0.011777 0.000000 102.442692 -0.011777 0.999931 0.000000 -0.927130 0.000000 0.000000 1.000000 0.000000
0.999921 0.012569 0.000000 102.905629 -0.012569 0.999921 0.000000 -0.957695 0.000000 0.000000 1.000000 0.000000
0.999882 0.015385 0.000000 103.374785 -0.015385 0.999882 0.000000 -0.983506 0.000000 0.000000 1.000000 0.000000
0.999788 0.020582 0.000000 103.834300 -0.020582 0.999788 0.000000 -1.002186 0.000000 0.000000 1.000000 0.000000
0.999736 0.022971 0.000000 104.293419 -0.022971 0.999736 0.000000 -1.028362 0.000000 0.000000 1.000000 0.000000
0.999681 0.025251 0.000000 104.744932 -0.025251 0.999681 0.000000 -1.058598 0.000000 0.000000 1.000000 0.000000
0.999639 0.026861 0.000000 105.168483 -0.026861 0.999639 0.000000 -1.087352 0.000000 0.000000 1.000000 0.000000
0.999615 0.027737 0.000000 105.609156 -0.027737 0.999615 0.000000 -1.117535 0.000000 0.000000 1.000000 0.000000
0.999621 0.027546 0.000000 106.045777 -0.027546 0.999621 0.000000 -1.154597 0.000000 0.000000 1.000000 0.000000
0.999537 0.030418 0.000000 106.479509 -0.030418 0.999537 0.000000 -1.186015 0.000000 0.000000 1.000000 0.000000
0.999504 0.031502 0.000000 106.906640 -0.031502 0.999504 0.000000 -1.209128 0.000000 0.000000 1.000000 0.000000
0.999286 0.037788 0.000000 107.331874 -0.037788 0.999286 0.000000 -1.237561 0.000000 0.000000 1.000000 0.000000
0.999114 0.042084 0.000000 107.750193 -0.042084 0.999114 0.000000 -1.259629 0.000000 0.000000 1.000000 0.000000
0.999137 0.041527 0.000000 108.157592 -0.041527 0.999137 0.000000 -1.287531 0.000000 0.000000 1.000000 0.000000
0.999248 0.038777 0.000000 108.566273 -0.038777 0.999248 0.000000 -1.322535 0.000000 0.000000 1.000000 0.000000
0.999167 0.040803 0.000000 108.976106 -0.040803 0.999167 0.000000 -1.351505 0.000000 0.000000 1.000000 0.000000
0.999250 0.038715 0.000000 109.369547 -0.038715 0.999250 0.000000 -1.393232 0.000000 0.000000 1.000000 0.000000
0.999030 0.044027 0.000000 109.772370 -0.044027 0.999030 0.000000 -1.422805 0.000000 0.000000 1.000000 0.000000
0.998824 0.048492 0.000000 110.155208 -0.048492 0.998824 0.000000 -1.448482 0.000000 0.000000 1.000000 0.000000
0.998932 0.046206 0.000000 110.556950 -0.046206 0.998932 0.000000 -1.488920 0.000000 0.000000 1.000000 0.000000
0.998801 0.048957 0.000000 110.956014 -0.048957 0.998801 0.000000 -1.518235 0.000000 0.000000 1.000000 0.000000
0.998660 0.051758 0.000000 111.336404 -0.051758 0.998660 0.000000 -1.549223 0.000000 0.000000 1.000000 0.000000
0.998422 0.056156 0.000000 111.745863 -0.056156 0.998422 0.000000 -1.578618 0.000000 0.000000 1.000000 0.000000
0.998238 0.059335 0.000000 112.150247 -0.059335 0.998238 0.000000 -1.613719 0.000000 0.000000 1.000000 0.000000
0.998070 0.062094 0.000000 112.722415 -0.062094 0.998070 0.000000 -1.671781 0.000000 0.000000 1.000000 0.000000
0.997959 0.063850 0.000000 113.135787 -0.063850 0.997959 0.000000 -1.714290 0.000000 0.000000 1.000000 0.000000
0.997829 0.065858 0.000000 113.551132 -0.065858 0.997829 0.000000 -1.753295 0.000000 0.000000 1.000000 0.000000
0.997682 0.068054 0.000000 113.969290 -0.068054 0.997682 0.000000 -1.801142 0.000000 0.000000 1.000000 0.000000
0.997586 0.069444 0.000000 114.391179 -0.069444 0.997586 0.000000 -1.840108 0.000000 0.000000 1.000000 0.000000
0.997613 0.069048 0.000000 114.811801 -0.069048 0.997613 0.000000 -1.886919 0.000000 0.000000 1.000000 0.000000
0.997401 0.072054 0.000000 115.234407 -0.072054 0.997401 0.000000 -1.928360 0.000000 0.000000 1.000000 0.000000
0.996992 0.077510 0.000000 115.660360 -0.077510 0.996992 0.000000 -1.969657 0.000000 0.000000 1.000000 0.000000
0.997047 0.076800 0.000000 116.405996 -0.076800 0.997047 0.000000 -2.064068 0.000000 0.000000 1.000000 0.000000
0.997102 0.076070 0.000000 116.838597 -0.076070 0.997102 0.000000 -2.115394 0.000000 0.000000 1.000000 0.000000
0.997018 0.077166 0.000000 117.278500 -0.077166 0.997018 0.000000 -2.161757 0.000000 0.000000 1.000000 0.000000
0.997087 0.076276 0.000000 117.713725 -0.076276 0.997087 0.000000 -2.205079 0.000000 0.000000 1.000000 0.000000
0.996793 0.080023 0.000000 118.152935 -0.080023 0.996793 0.000000 -2.234048 0.000000 0.000000 1.000000 0.000000
0.996767 0.080352 0.000000 118.593369 -0.080352 0.996767 0.000000 -2.278660 0.000000 0.000000 1.000000 0.000000
0.996828 0.079584 0.000000 119.038009 -0.079584 0.996828 0.000000 -2.322554 0.000000 0.000000 1.000000 0.000000
0.996816 0.079737 0.000000 119.484815 -0.079737 0.996816 0.000000 -2.369162 0.000000 0.000000 1.000000 0.000000
0.996805 0.079879 0.000000 119.931135 -0.079879 0.996805 0.000000 -2.422038 0.000000 0.000000 1.000000 0.000000
0.996483 0.083796 0.000000 120.382525 -0.083796 0.996483 0.000000 -2.473177 0.000000 0.000000 1.000000 0.000000
0.996474 0.083902 0.000000 120.835542 -0.083902 0.996474 0.000000 -2.524647 0.000000 0.000000 1.000000 0.000000
0.996550 0.082998 0.000000 121.671304 -0.082998 0.996550 0.000000 -2.620737 0.000000 0.000000 1.000000 0.000000
0.996297 0.085975 0.000000 122.132145 -0.085975 0.996297 0.000000 -2.664068 0.000000 0.000000 1.000000 0.000000
0.996278 0.086194 0.000000 122.594117 -0.086194 0.996278 0.000000 -2.729487 0.000000 0.000000 1.000000 0.000000
0.996092 0.088317 0.000000 123.058048 -0.088317 0.996092 0.000000 -2.789212 0.000000 0.000000 1.000000 0.000000
0.995991 0.089454 0.000000 123.520985 -0.089454 0.995991 0.000000 -2.850516 0.000000 0.000000 1.000000 0.000000
0.995902 0.090443 0.000000 123.987681 -0.090443 0.995902 0.000000 -2.913893 0.000000 0.000000 1.000000 0.000000
0.995508 0.094680 0.000000 124.455747 -0.094680 0.995508 0.000000 -2.969901 0.000000 0.000000 1.000000 0.000000
0.995051 0.099364 0.000000 124.928219 -0.099364 0.995051 0.000000 -3.027128 0.000000 0.000000 1.000000 0.000000
0.994583 0.103948 0.000000 125.434454 -0.103948 0.994583 0.000000 -3.091851 0.000000 0.000000 1.000000 0.000000
0.994564 0.104124 0.000000 125.874360 -0.104124 0.994564 0.000000 -3.154681 0.000000 0.000000 1.000000 0.000000
0.994306 0.106562 0.000000 126.378855 -0.106562 0.994306 0.000000 -3.227529 0.000000 0.000000 1.000000 0.000000
0.994209 0.107465 0.000000 126.853223 -0.107465 0.994209 0.000000 -3.295095 0.000000 0.000000 1.000000 0.000000
0.994544 0.104317 0.000000 127.323528 -0.104317 0.994544 0.000000 -3.373499 0.000000 0.000000 1.000000 0.000000
0.994272 0.106880 0.000000 127.794160 -0.106880 0.994272 0.000000 -3.435155 0.000000 0.000000 1.000000 0.000000
0.994085 0.108603 0.000000 128.267905 -0.108603 0.994085 0.000000 -3.502641 0.000000 0.000000 1.000000 0.000000
0.993589 0.113052 0.000000 128.743200 -0.113052 0.993589 0.000000 -3.566221 0.000000 0.000000 1.000000 0.000000
0.992735 0.120325 0.000000 129.221945 -0.120325 0.992735 0.000000 -3.627059 0.000000 0.000000 1.000000 0.000000
0.992275 0.124061 0.000000 129.701620 -0.124061 0.992275 0.000000 -3.697820 0.000000 0.000000 1.000000 0.000000
0.992096 0.125483 0.000000 130.157905 -0.125483 0.992096 0.000000 -3.765293 0.000000 0.000000 1.000000 0.000000
0.991549 0.129734 0.000000 130.643362 -0.129734 0.991549 0.000000 -3.840782 0.000000 0.000000 1.000000 0.000000
0.991403 0.130846 0.000000 131.125932 -0.130846 0.991403 0.000000 -3.919091 0.000000 0.000000 1.000000 0.000000
0.991213 0.132275 0.000000 131.927023 -0.132275 0.991213 0.000000 -4.050942 0.000000 0.000000 1.000000 0.000000
0.991931 0.126778 0.000000 132.416679 -0.126778 0.991931 0.000000 -4.139513 0.000000 0.000000 1.000000 0.000000
0.993109 0.117193 0.000000 133.403697 -0.117193 0.993109 0.000000 -4.323209 0.000000 0.000000 1.000000 0.000000
0.993577 0.113160 0.000000 133.900605 -0.113160 0.993577 0.000000 -4.410368 0.000000 0.000000 1.000000 0.000000
0.993704 0.112034 0.000000 134.400234 -0.112034 0.993704 0.000000 -4.483460 0.000000 0.000000 1.000000 0.000000
0.994072 0.108725 0.000000 134.901592 -0.108725 0.994072 0.000000 -4.562397 0.000000 0.000000 1.000000 0.000000
0.993639 0.112616 0.000000 135.407001 -0.112616 0.993639 0.000000 -4.623473 0.000000 0.000000 1.000000 0.000000
0.994386 0.105815 0.000000 135.911879 -0.105815 0.994386 0.000000 -4.699610 0.000000 0.000000 1.000000 0.000000
0.994081 0.108644 0.000000 136.458284 -0.108644 0.994081 0.000000 -4.769625 0.000000 0.000000 1.000000 0.000000
0.993909 0.110204 0.000000 136.950191 -0.110204 0.993909 0.000000 -4.833668 0.000000 0.000000 1.000000 0.000000
0.993814 0.111054 0.000000 137.464524 -0.111054 0.993814 0.000000 -4.897097 0.000000 0.000000 1.000000 0.000000
0.993861 0.110632 0.000000 137.985829 -0.110632 0.993861 0.000000 -4.968399 0.000000 0.000000 1.000000 0.000000
0.993872 0.110541 0.000000 138.470760 -0.110541 0.993872 0.000000 -5.034478 0.000000 0.000000 1.000000 0.000000
0.993957 0.109767 0.000000 138.990964 -0.109767 0.993957 0.000000 -5.112423 0.000000 0.000000 1.000000 0.000000
0.993689 0.112167 0.000000 139.520380 -0.112167 0.993689 0.000000 -5.178419 0.000000 0.000000 1.000000 0.000000
0.994100 0.108468 0.000000 140.011731 -0.108468 0.994100 0.000000 -5.244588 0.000000 0.000000 1.000000 0.000000
0.993874 0.110518 0.000000 140.539315 -0.110518 0.993874 0.000000 -5.319661 0.000000 0.000000 1.000000 0.000000
0.993488 0.113937 0.000000 141.077718 -0.113937 0.993488 0.000000 -5.384522 0.000000 0.000000 1.000000 0.000000
0.993314 0.115441 0.000000 141.710240 -0.115441 0.993314 0.000000 -5.467658 0.000000 0.000000 1.000000 0.000000
0.992055 0.125804 0.000000 142.285199 -0.125804 0.992055 0.000000 -5.544591 0.000000 0.000000 1.000000 0.000000
0.992032 0.125985 0.000000 142.788695 -0.125985 0.992032 0.000000 -5.621451 0.000000 0.000000 1.000000 0.000000
0.991200 0.132370 0.000000 143.330603 -0.132370 0.991200 0.000000 -5.700632 0.000000 0.000000 1.000000 0.000000
0.990866 0.134848 0.000000 143.874102 -0.134848 0.990866 0.000000 -5.785568 0.000000 0.000000 1.000000 0.000000
0.990765 0.135590 0.000000 144.417466 -0.135590 0.990765 0.000000 -5.874693 0.000000 0.000000 1.000000 0.000000
0.990362 0.138501 0.000000 148.344084 -0.138501 0.990362 0.000000 -6.484099 0.000000 0.000000 1.000000 0.000000
0.991277 0.131792 0.000000 148.862587 -0.131792 0.991277 0.000000 -6.587171 0.000000 0.000000 1.000000 0.000000
0.990562 0.137067 0.000000 150.025304 -0.137067 0.990562 0.000000 -6.787928 0.000000 0.000000 1.000000 0.000000
0.990338 0.138677 0.000000 151.156662 -0.138677 0.990338 0.000000 -6.988174 0.000000 0.000000 1.000000 0.000000
0.990194 0.139699 0.000000 151.723601 -0.139699 0.990194 0.000000 -7.091124 0.000000 0.000000 1.000000 0.000000
0.990222 0.139502 0.000000 152.293054 -0.139502 0.990222 0.000000 -7.198190 0.000000 0.000000 1.000000 0.000000
0.990357 0.138541 0.000000 152.860810 -0.138541 0.990357 0.000000 -7.313285 0.000000 0.000000 1.000000 0.000000
0.990849 0.134976 0.000000 153.429525 -0.134976 0.990849 0.000000 -7.422234 0.000000 0.000000 1.000000 0.000000
0.990364 0.138488 0.000000 154.003371 -0.138488 0.990364 0.000000 -7.517205 0.000000 0.000000 1.000000 0.000000
0.990131 0.140148 0.000000 154.579074 -0.140148 0.990131 0.000000 -7.614348 0.000000 0.000000 1.000000 0.000000
0.990381 0.138366 0.000000 155.153145 -0.138366 0.990381 0.000000 -7.731433 0.000000 0.000000 1.000000 0.000000
0.990237 0.139394 0.000000 155.730919 -0.139394 0.990237 0.000000 -7.836156 0.000000 0.000000 1.000000 0.000000
0.988995 0.147950 0.000000 156.648056 -0.147950 0.988995 0.000000 -7.998746 0.000000 0.000000 1.000000 0.000000
0.989014 0.147824 0.000000 157.223113 -0.147824 0.989014 0.000000 -8.122778 0.000000 0.000000 1.000000 0.000000
0.988326 0.152353 0.000000 157.797120 -0.152353 0.988326 0.000000 -8.224647 0.000000 0.000000 1.000000 0.000000
0.987499 0.157624 0.000000 158.376828 -0.157624 0.987499 0.000000 -8.325429 0.000000 0.000000 1.000000 0.000000
0.986689 0.162618 0.000000 158.993739 -0.162618 0.986689 0.000000 -8.440743 0.000000 0.000000 1.000000 0.000000
0.986333 0.164763 0.000000 159.526534 -0.164763 0.986333 0.000000 -8.548468 0.000000 0.000000 1.000000 0.000000
0.986102 0.166140 0.000000 160.134599 -0.166140 0.986102 0.000000 -8.679411 0.000000 0.000000 1.000000 0.000000
0.985879 0.167457 0.000000 160.707327 -0.167457 0.985879 0.000000 -8.790542 0.000000 0.000000 1.000000 0.000000
0.985449 0.169974 0.000000 161.285027 -0.169974 0.985449 0.000000 -8.893263 0.000000 0.000000 1.000000 0.000000
0.984975 0.172695 0.000000 161.857903 -0.172695 0.984975 0.000000 -8.998309 0.000000 0.000000 1.000000 0.000000
0.985133 0.171792 0.000000 162.430608 -0.171792 0.985133 0.000000 -9.113858 0.000000 0.000000 1.000000 0.000000
0.985021 0.172435 0.000000 163.000784 -0.172435 0.985021 0.000000 -9.223936 0.000000 0.000000 1.000000 0.000000
0.984711 0.174194 0.000000 163.573423 -0.174194 0.984711 0.000000 -9.330505 0.000000 0.000000 1.000000 0.000000
0.984778 0.173818 0.000000 164.139197 -0.173818 0.984778 0.000000 -9.447643 0.000000 0.000000 1.000000 0.000000
0.984036 0.177967 0.000000 164.716940 -0.177967 0.984036 0.000000 -9.556867 0.000000 0.000000 1.000000 0.000000
0.983715 0.179734 0.000000 165.287871 -0.179734 0.983715 0.000000 -9.672031 0.000000 0.000000 1.000000 0.000000
0.982973 0.183751 0.000000 166.422499 -0.183751 0.982973 0.000000 -9.902453 0.000000 0.000000 1.000000 0.000000
0.983266 0.182174 0.000000 166.987734 -0.182174 0.983266 0.000000 -10.031742 0.000000 0.000000 1.000000 0.000000
0.982092 0.188400 0.000000 167.521400 -0.188400 0.982092 0.000000 -10.130642 0.000000 0.000000 1.000000 0.000000
0.981495 0.191489 0.000000 168.101588 -0.191489 0.981495 0.000000 -10.249975 0.000000 0.000000 1.000000 0.000000
0.981552 0.191197 0.000000 168.655972 -0.191197 0.981552 0.000000 -10.372914 0.000000 0.000000 1.000000 0.000000
0.981616 0.190869 0.000000 169.754660 -0.190869 0.981616 0.000000 -10.613495 0.000000 0.000000 1.000000 0.000000
0.981391 0.192021 0.000000 170.310756 -0.192021 0.981391 0.000000 -10.743504 0.000000 0.000000 1.000000 0.000000
0.981094 0.193533 0.000000 170.844882 -0.193533 0.981094 0.000000 -10.858973 0.000000 0.000000 1.000000 0.000000
0.981309 0.192440 0.000000 171.404186 -0.192440 0.981309 0.000000 -10.983720 0.000000 0.000000 1.000000 0.000000
0.980620 0.195919 0.000000 171.969119 -0.195919 0.980620 0.000000 -11.099916 0.000000 0.000000 1.000000 0.000000
0.979869 0.199639 0.000000 172.501320 -0.199639 0.979869 0.000000 -11.203671 0.000000 0.000000 1.000000 0.000000
0.979119 0.203286 0.000000 173.252167 -0.203286 0.979119 0.000000 -11.364044 0.000000 0.000000 1.000000 0.000000
0.978483 0.206328 0.000000 173.819405 -0.206328 0.978483 0.000000 -11.483112 0.000000 0.000000 1.000000 0.000000
0.977094 0.212808 0.000000 174.385674 -0.212808 0.977094 0.000000 -11.599338 0.000000 0.000000 1.000000 0.000000
0.977022 0.213139 0.000000 174.987393 -0.213139 0.977022 0.000000 -11.746369 0.000000 0.000000 1.000000 0.000000
0.977315 0.211792 0.000000 175.515027 -0.211792 0.977315 0.000000 -11.881599 0.000000 0.000000 1.000000 0.000000
0.976100 0.217321 0.000000 176.123082 -0.217321 0.976100 0.000000 -12.018783 0.000000 0.000000 1.000000 0.000000
0.976309 0.216382 0.000000 176.692144 -0.216382 0.976309 0.000000 -12.157354 0.000000 0.000000 1.000000 0.000000
0.974773 0.223200 0.000000 177.266799 -0.223200 0.974773 0.000000 -12.284713 0.000000 0.000000 1.000000 0.000000
0.975635 0.219399 0.000000 177.839467 -0.219399 0.975635 0.000000 -12.444997 0.000000 0.000000 1.000000 0.000000
0.975780 0.218756 0.000000 178.404263 -0.218756 0.975780 0.000000 -12.586325 0.000000 0.000000 1.000000 0.000000
0.975628 0.219432 0.000000 178.975853 -0.219432 0.975628 0.000000 -12.734554 0.000000 0.000000 1.000000 0.000000
0.976271 0.216553 0.000000 179.538715 -0.216553 0.976271 0.000000 -12.885955 0.000000 0.000000 1.000000 0.000000
0.977639 0.210292 0.000000 180.105380 -0.210292 0.977639 0.000000 -13.044432 0.000000 0.000000 1.000000 0.000000
0.978281 0.207284 0.000000 180.676615 -0.207284 0.978281 0.000000 -13.191195 0.000000 0.000000 1.000000 0.000000
0.978011 0.208553 0.000000 181.252337 -0.208553 0.978011 0.000000 -13.328298 0.000000 0.000000 1.000000 0.000000
0.978527 0.206117 0.000000 181.825620 -0.206117 0.978527 0.000000 -13.473671 0.000000 0.000000 1.000000 0.000000
0.977916 0.208997 0.000000 182.402371 -0.208997 0.977916 0.000000 -13.606871 0.000000 0.000000 1.000000 0.000000
0.977776 0.209651 0.000000 182.938942 -0.209651 0.977776 0.000000 -13.734792 0.000000 0.000000 1.000000 0.000000
0.977845 0.209328 0.000000 183.549735 -0.209328 0.977845 0.000000 -13.874263 0.000000 0.000000 1.000000 0.000000
0.977764 0.209706 0.000000 184.084259 -0.209706 0.977764 0.000000 -14.006586 0.000000 0.000000 1.000000 0.000000
0.977271 0.211992 0.000000 184.660504 -0.211992 0.977271 0.000000 -14.140003 0.000000 0.000000 1.000000 0.000000
0.976503 0.215503 0.000000 185.236189 -0.215503 0.976503 0.000000 -14.277021 0.000000 0.000000 1.000000 0.000000
0.974556 0.224145 0.000000 185.811399 -0.224145 0.974556 0.000000 -14.414570 0.000000 0.000000 1.000000 0.000000
0.974186 0.225745 0.000000 186.385735 -0.225745 0.974186 0.000000 -14.557542 0.000000 0.000000 1.000000 0.000000
0.974026 0.226436 0.000000 186.959342 -0.226436 0.974026 0.000000 -14.703946 0.000000 0.000000 1.000000 0.000000
0.973834 0.227259 0.000000 187.532195 -0.227259 0.973834 0.000000 -14.850217 0.000000 0.000000 1.000000 0.000000
0.973276 0.229640 0.000000 188.104522 -0.229640 0.973276 0.000000 -14.992110 0.000000 0.000000 1.000000 0.000000
0.972554 0.232678 0.000000 188.681882 -0.232678 0.972554 0.000000 -15.134109 0.000000 0.000000 1.000000 0.000000
0.972760 0.231814 0.000000 189.257990 -0.231814 0.972760 0.000000 -15.288636 0.000000 0.000000 1.000000 0.000000
0.972847 0.231447 0.000000 189.822301 -0.231447 0.972847 0.000000 -15.441424 0.000000 0.000000 1.000000 0.000000
0.972029 0.234862 0.000000 190.395761 -0.234862 0.972029 0.000000 -15.589344 0.000000 0.000000 1.000000 0.000000
0.971537 0.236886 0.000000 190.965205 -0.236886 0.971537 0.000000 -15.736734 0.000000 0.000000 1.000000 0.000000
0.971497 0.237054 0.000000 191.501966 -0.237054 0.971497 0.000000 -15.882496 0.000000 0.000000 1.000000 0.000000
0.970187 0.242359 0.000000 192.069583 -0.242359 0.970187 0.000000 -16.035645 0.000000 0.000000 1.000000 0.000000
0.969948 0.243311 0.000000 192.641140 -0.243311 0.969948 0.000000 -16.191521 0.000000 0.000000 1.000000 0.000000
0.970422 0.241415 0.000000 193.186118 -0.241415 0.970422 0.000000 -16.344754 0.000000 0.000000 1.000000 0.000000
0.969369 0.245611 0.000000 193.748535 -0.245611 0.969369 0.000000 -16.496515 0.000000 0.000000 1.000000 0.000000
0.970169 0.242428 0.000000 194.311397 -0.242428 0.970169 0.000000 -16.661305 0.000000 0.000000 1.000000 0.000000
0.969905 0.243482 0.000000 194.842276 -0.243482 0.969905 0.000000 -16.813974 0.000000 0.000000 1.000000 0.000000
0.968902 0.247445 0.000000 195.402240 -0.247445 0.968902 0.000000 -16.966916 0.000000 0.000000 1.000000 0.000000
0.968603 0.248613 0.000000 195.968130 -0.248613 0.968603 0.000000 -17.120463 0.000000 0.000000 1.000000 0.000000
0.968159 0.250337 0.000000 196.497222 -0.250337 0.968159 0.000000 -17.270550 0.000000 0.000000 1.000000 0.000000
0.967533 0.252744 0.000000 197.061231 -0.252744 0.967533 0.000000 -17.432138 0.000000 0.000000 1.000000 0.000000
0.966946 0.254982 0.000000 197.618334 -0.254982 0.966946 0.000000 -17.597656 0.000000 0.000000 1.000000 0.000000
0.965727 0.259559 0.000000 198.431693 -0.259559 0.965727 0.000000 -17.826076 0.000000 0.000000 1.000000 0.000000
0.964797 0.262994 0.000000 198.988213 -0.262994 0.964797 0.000000 -17.986086 0.000000 0.000000 1.000000 0.000000
0.964798 0.262991 0.000000 199.548880 -0.262991 0.964798 0.000000 -18.148913 0.000000 0.000000 1.000000 0.000000
0.964310 0.264777 0.000000 200.104025 -0.264777 0.964310 0.000000 -18.313050 0.000000 0.000000 1.000000 0.000000
0.964586 0.263770 0.000000 200.661774 -0.263770 0.964586 0.000000 -18.472147 0.000000 0.000000 1.000000 0.000000
0.965372 0.260877 0.000000 201.215391 -0.260877 0.965372 0.000000 -18.644213 0.000000 0.000000 1.000000 0.000000
0.965177 0.261597 0.000000 201.770454 -0.261597 0.965177 0.000000 -18.805076 0.000000 0.000000 1.000000 0.000000
0.965189 0.261554 0.000000 202.345569 -0.261554 0.965189 0.000000 -18.977290 0.000000 0.000000 1.000000 0.000000
0.964952 0.262426 0.000000 202.843792 -0.262426 0.964952 0.000000 -19.122634 0.000000 0.000000 1.000000 0.000000
0.964657 0.263507 0.000000 203.809696 -0.263507 0.964657 0.000000 -19.396479 0.000000 0.000000 1.000000 0.000000
0.964260 0.264959 0.000000 204.366634 -0.264959 0.964260 0.000000 -19.562824 0.000000 0.000000 1.000000 0.000000
0.963706 0.266965 0.000000 205.066912 -0.266965 0.963706 0.000000 -19.774339 0.000000 0.000000 1.000000 0.000000
0.963040 0.269358 0.000000 205.770389 -0.269358 0.963040 0.000000 -19.989227 0.000000 0.000000 1.000000 0.000000
0.962928 0.269758 0.000000 206.721814 -0.269758 0.962928 0.000000 -20.278957 0.000000 0.000000 1.000000 0.000000
0.963068 0.269258 0.000000 207.267373 -0.269258 0.963068 0.000000 -20.449010 0.000000 0.000000 1.000000 0.000000
0.962783 0.270277 0.000000 207.825646 -0.270277 0.962783 0.000000 -20.615799 0.000000 0.000000 1.000000 0.000000
0.962426 0.271545 0.000000 208.372017 -0.271545 0.962426 0.000000 -20.781498 0.000000 0.000000 1.000000 0.000000
0.963333 0.268310 0.000000 208.885647 -0.268310 0.963333 0.000000 -20.944600 0.000000 0.000000 1.000000 0.000000
0.962655 0.270732 0.000000 209.439431 -0.270732 0.962655 0.000000 -21.117698 0.000000 0.000000 1.000000 0.000000
0.962522 0.271203 0.000000 209.984190 -0.271203 0.962522 0.000000 -21.294375 0.000000 0.000000 1.000000 0.000000
0.963127 0.269048 0.000000 210.761586 -0.269048 0.963127 0.000000 -21.536125 0.000000 0.000000 1.000000 0.000000
0.963281 0.268494 0.000000 211.314342 -0.268494 0.963281 0.000000 -21.703510 0.000000 0.000000 1.000000 0.000000
0.963215 0.268733 0.000000 211.862362 -0.268733 0.963215 0.000000 -21.873561 0.000000 0.000000 1.000000 0.000000
0.964393 0.264472 0.000000 212.410186 -0.264472 0.964393 0.000000 -22.044887 0.000000 0.000000 1.000000 0.000000
