0.999998 -0.002050 0.000000 0.601801 0.002050 0.999998 0.000000 -0.004949 0.000000 0.000000 1.000000 0.000000
0.999997 -0.002544 0.000000 1.379993 0.002544 0.999997 0.000000 -0.029106 0.000000 0.000000 1.000000 0.000000
1.000000 -0.000514 0.000000 1.977556 0.000514 1.000000 0.000000 -0.035055 0.000000 0.000000 1.000000 0.000000
0.999996 0.002791 0.000000 2.578855 -0.002791 0.999996 0.000000 -0.044606 0.000000 0.000000 1.000000 0.000000
0.999978 0.006604 0.000000 3.156898 -0.006604 0.999978 0.000000 -0.047539 0.000000 0.000000 1.000000 0.000000
0.999953 0.009664 0.000000 4.324644 -0.009664 0.999953 0.000000 -0.077116 0.000000 0.000000 1.000000 0.000000
0.999924 0.012290 0.000000 4.877375 -0.012290 0.999924 0.000000 -0.098584 0.000000 0.000000 1.000000 0.000000
0.999899 0.014215 0.000000 6.023786 -0.014215 0.999899 0.000000 -0.124653 0.000000 0.000000 1.000000 0.000000
0.999846 0.017550 0.000000 6.616009 -0.017550 0.999846 0.000000 -0.138503 0.000000 0.000000 1.000000 0.000000
0.999825 0.018709 0.000000 7.168520 -0.018709 0.999825 0.000000 -0.159126 0.000000 0.000000 1.000000 0.000000
0.999826 0.018668 0.000000 7.765178 -0.018668 0.999826 0.000000 -0.179788 0.000000 0.000000 1.000000 0.000000
0.999772 0.021356 0.000000 8.581068 -0.021356 0.999772 0.000000 -0.213448 0.000000 0.000000 1.000000 0.000000
0.999773 0.021329 0.000000 9.168469 -0.021329 0.999773 0.000000 -0.248037 0.000000 0.000000 1.000000 0.000000
0.999751 0.022310 0.000000 9.726114 -0.022310 0.999751 0.000000 -0.268939 0.000000 0.000000 1.000000 0.000000
0.999625 0.027391 0.000000 10.311605 -0.027391 0.999625 0.000000 -0.283658 0.000000 0.000000 1.000000 0.000000
0.999475 0.032394 0.000000 10.854175 -0.032394 0.999475 0.000000 -0.312129 0.000000 0.000000 1.000000 0.000000
0.999262 0.038423 0.000000 11.434207 -0.038423 0.999262 0.000000 -0.335751 0.000000 0.000000 1.000000 0.000000
0.999026 0.044115 0.000000 11.972928 -0.044115 0.999026 0.000000 -0.361702 0.000000 0.000000 1.000000 0.000000
0.998774 0.049506 0.000000 12.691270 -0.049506 0.998774 0.000000 -0.410988 0.000000 0.000000 1.000000 0.000000
0.998614 0.052628 0.000000 13.267467 -0.052628 0.998614 0.000000 -0.449938 0.000000 0.000000 1.000000 0.000000
0.998369 0.057088 0.000000 13.842648 -0.057088 0.998369 0.000000 -0.485487 0.000000 0.000000 1.000000 0.000000
0.998003 0.063164 0.000000 14.416747 -0.063164 0.998003 0.000000 -0.520696 0.000000 0.000000 1.000000 0.000000
0.997577 0.069572 0.000000 15.568255 -0.069572 0.997577 0.000000 -0.581449 0.000000 0.000000 1.000000 0.000000
0.997166 0.075228 0.000000 16.110318 -0.075228 0.997166 0.000000 -0.620126 0.000000 0.000000 1.000000 0.000000
0.996575 0.082698 0.000000 16.687088 -0.082698 0.996575 0.000000 -0.663457 0.000000 0.000000 1.000000 0.000000
0.996013 0.089213 0.000000 17.230755 -0.089213 0.996013 0.000000 -0.709461 0.000000 0.000000 1.000000 0.000000
0.995411 0.095689 0.000000 17.795086 -0.095689 0.995411 0.000000 -0.758366 0.000000 0.000000 1.000000 0.000000
0.995016 0.099714 0.000000 18.328568 -0.099714 0.995016 0.000000 -0.821243 0.000000 0.000000 1.000000 0.000000
0.994358 0.106078 0.000000 18.907013 -0.106078 0.994358 0.000000 -0.888788 0.000000 0.000000 1.000000 0.000000
0.993606 0.112901 0.000000 19.442892 -0.112901 0.993606 0.000000 -0.943617 0.000000 0.000000 1.000000 0.000000
0.991896 0.127051 0.000000 20.195296 -0.127051 0.991896 0.000000 -1.022141 0.000000 0.000000 1.000000 0.000000
0.991046 0.133519 0.000000 20.765331 -0.133519 0.991046 0.000000 -1.097588 0.000000 0.000000 1.000000 0.000000
0.990387 0.138322 0.000000 21.322243 -0.138322 0.990387 0.000000 -1.173447 0.000000 0.000000 1.000000 0.000000
0.989735 0.142913 0.000000 21.876608 -0.142913 0.989735 0.000000 -1.256374 0.000000 0.000000 1.000000 0.000000
0.988755 0.149543 0.000000 22.443015 -0.149543 0.988755 0.000000 -1.346623 0.000000 0.000000 1.000000 0.000000
0.987761 0.155972 0.000000 22.970914 -0.155972 0.987761 0.000000 -1.429720 0.000000 0.000000 1.000000 0.000000
0.986876 0.161482 0.000000 23.497543 -0.161482 0.986876 0.000000 -1.514832 0.000000 0.000000 1.000000 0.000000
0.985219 0.171299 0.000000 24.059090 -0.171299 0.985219 0.000000 -1.615164 0.000000 0.000000 1.000000 0.000000
0.983528 0.180757 0.000000 24.577539 -0.180757 0.983528 0.000000 -1.708371 0.000000 0.000000 1.000000 0.000000
0.982393 0.186825 0.000000 25.135129 -0.186825 0.982393 0.000000 -1.809657 0.000000 0.000000 1.000000 0.000000
0.981161 0.193194 0.000000 25.867066 -0.193194 0.981161 0.000000 -1.974156 0.000000 0.000000 1.000000 0.000000
0.979597 0.200974 0.000000 26.420620 -0.200974 0.979597 0.000000 -2.081489 0.000000 0.000000 1.000000 0.000000
0.977878 0.209175 0.000000 27.007691 -0.209175 0.977878 0.000000 -2.202547 0.000000 0.000000 1.000000 0.000000
0.976274 0.216538 0.000000 27.554759 -0.216538 0.976274 0.000000 -2.321568 0.000000 0.000000 1.000000 0.000000
0.974791 0.223119 0.000000 28.099116 -0.223119 0.974791 0.000000 -2.443845 0.000000 0.000000 1.000000 0.000000
0.973462 0.228849 0.000000 28.607237 -0.228849 0.973462 0.000000 -2.559862 0.000000 0.000000 1.000000 0.000000
0.973889 0.227026 0.000000 29.154452 -0.227026 0.973889 0.000000 -2.691341 0.000000 0.000000 1.000000 0.000000
0.972883 0.231297 0.000000 29.655240 -0.231297 0.972883 0.000000 -2.815960 0.000000 0.000000 1.000000 0.000000
0.971637 0.236478 0.000000 30.187397 -0.236478 0.971637 0.000000 -2.947232 0.000000 0.000000 1.000000 0.000000
0.969670 0.244420 0.000000 31.212376 -0.244420 0.969670 0.000000 -3.212914 0.000000 0.000000 1.000000 0.000000
0.968368 0.249527 0.000000 31.699304 -0.249527 0.968368 0.000000 -3.335377 0.000000 0.000000 1.000000 0.000000
0.967099 0.254402 0.000000 32.226496 -0.254402 0.967099 0.000000 -3.472948 0.000000 0.000000 1.000000 0.000000
0.965424 0.260685 0.000000 32.890720 -0.260685 0.965424 0.000000 -3.655687 0.000000 0.000000 1.000000 0.000000
0.964162 0.265316 0.000000 33.375776 -0.265316 0.964162 0.000000 -3.784969 0.000000 0.000000 1.000000 0.000000
0.962237 0.272214 0.000000 33.858511 -0.272214 0.962237 0.000000 -3.921518 0.000000 0.000000 1.000000 0.000000
0.961451 0.274976 0.000000 34.377364 -0.274976 0.961451 0.000000 -4.070338 0.000000 0.000000 1.000000 0.000000
0.959547 0.281547 0.000000 34.858012 -0.281547 0.959547 0.000000 -4.211829 0.000000 0.000000 1.000000 0.000000
0.957506 0.288414 0.000000 35.533953 -0.288414 0.957506 0.000000 -4.413893 0.000000 0.000000 1.000000 0.000000
0.956494 0.291752 0.000000 36.047124 -0.291752 0.956494 0.000000 -4.577241 0.000000 0.000000 1.000000 0.000000
0.954921 0.296861 0.000000 36.556106 -0.296861 0.954921 0.000000 -4.749572 0.000000 0.000000 1.000000 0.000000
0.953261 0.302149 0.000000 37.054049 -0.302149 0.953261 0.000000 -4.907508 0.000000 0.000000 1.000000 0.000000
0.953931 0.300026 0.000000 37.571667 -0.300026 0.953931 0.000000 -5.082853 0.000000 0.000000 1.000000 0.000000
0.951730 0.306937 0.000000 38.084576 -0.306937 0.951730 0.000000 -5.244278 0.000000 0.000000 1.000000 0.000000
0.950693 0.310132 0.000000 38.556130 -0.310132 0.950693 0.000000 -5.411554 0.000000 0.000000 1.000000 0.000000
0.949287 0.314412 0.000000 39.065084 -0.314412 0.949287 0.000000 -5.590213 0.000000 0.000000 1.000000 0.000000
0.947377 0.320121 0.000000 39.545538 -0.320121 0.947377 0.000000 -5.751264 0.000000 0.000000 1.000000 0.000000
0.945518 0.325570 0.000000 40.050838 -0.325570 0.945518 0.000000 -5.919574 0.000000 0.000000 1.000000 0.000000
0.943426 0.331582 0.000000 40.528065 -0.331582 0.943426 0.000000 -6.090993 0.000000 0.000000 1.000000 0.000000
0.940920 0.338630 0.000000 41.030306 -0.338630 0.940920 0.000000 -6.267753 0.000000 0.000000 1.000000 0.000000
0.939054 0.343769 0.000000 41.504638 -0.343769 0.939054 0.000000 -6.440565 0.000000 0.000000 1.000000 0.000000
0.937971 0.346712 0.000000 42.007389 -0.346712 0.937971 0.000000 -6.627668 0.000000 0.000000 1.000000 0.000000
0.936103 0.351726 0.000000 42.463543 -0.351726 0.936103 0.000000 -6.801689 0.000000 0.000000 1.000000 0.000000
0.932408 0.361406 0.000000 43.154065 -0.361406 0.932408 0.000000 -7.063112 0.000000 0.000000 1.000000 0.000000
0.928184 0.372122 0.000000 43.862405 -0.372122 0.928184 0.000000 -7.339187 0.000000 0.000000 1.000000 0.000000
0.925052 0.379839 0.000000 44.351695 -0.379839 0.925052 0.000000 -7.533105 0.000000 0.000000 1.000000 0.000000
0.921017 0.389523 0.000000 45.195883 -0.389523 0.921017 0.000000 -7.884233 0.000000 0.000000 1.000000 0.000000
0.918905 0.394480 0.000000 45.675772 -0.394480 0.918905 0.000000 -8.095438 0.000000 0.000000 1.000000 0.000000
0.918496 0.395429 0.000000 46.152295 -0.395429 0.918496 0.000000 -8.298523 0.000000 0.000000 1.000000 0.000000
0.914256 0.405138 0.000000 46.634297 -0.405138 0.914256 0.000000 -8.490539 0.000000 0.000000 1.000000 0.000000
0.913649 0.406504 0.000000 47.105458 -0.406504 0.913649 0.000000 -8.704436 0.000000 0.000000 1.000000 0.000000
0.911255 0.411843 0.000000 47.602062 -0.411843 0.911255 0.000000 -8.935488 0.000000 0.000000 1.000000 0.000000
0.908923 0.416963 0.000000 48.035060 -0.416963 0.908923 0.000000 -9.128652 0.000000 0.000000 1.000000 0.000000
0.907310 0.420461 0.000000 48.491195 -0.420461 0.907310 0.000000 -9.344838 0.000000 0.000000 1.000000 0.000000
0.906971 0.421193 0.000000 48.945519 -0.421193 0.906971 0.000000 -9.555748 0.000000 0.000000 1.000000 0.000000
0.904842 0.425748 0.000000 49.393370 -0.425748 0.904842 0.000000 -9.769441 0.000000 0.000000 1.000000 0.000000
0.903400 0.428798 0.000000 49.822671 -0.428798 0.903400 0.000000 -9.980444 0.000000 0.000000 1.000000 0.000000
0.901649 0.432469 0.000000 50.257091 -0.432469 0.901649 0.000000 -10.202636 0.000000 0.000000 1.000000 0.000000
0.901794 0.432166 0.000000 50.659370 -0.432166 0.901794 0.000000 -10.419475 0.000000 0.000000 1.000000 0.000000
0.899335 0.437261 0.000000 51.087244 -0.437261 0.899335 0.000000 -10.630558 0.000000 0.000000 1.000000 0.000000
0.898701 0.438563 0.000000 51.479885 -0.438563 0.898701 0.000000 -10.838447 0.000000 0.000000 1.000000 0.000000
0.898678 0.438608 0.000000 51.903768 -0.438608 0.898678 0.000000 -11.050140 0.000000 0.000000 1.000000 0.000000
0.898056 0.439881 0.000000 52.307498 -0.439881 0.898056 0.000000 -11.255561 0.000000 0.000000 1.000000 0.000000
0.898376 0.439227 0.000000 52.703516 -0.439227 0.898376 0.000000 -11.453818 0.000000 0.000000 1.000000 0.000000
0.894734 0.446600 0.000000 53.101065 -0.446600 0.894734 0.000000 -11.638485 0.000000 0.000000 1.000000 0.000000
0.892360 0.451324 0.000000 53.488697 -0.451324 0.892360 0.000000 -11.837776 0.000000 0.000000 1.000000 0.000000
0.890800 0.454395 0.000000 53.867914 -0.454395 0.890800 0.000000 -12.037120 0.000000 0.000000 1.000000 0.000000
0.887215 0.461356 0.000000 54.230801 -0.461356 0.887215 0.000000 -12.231123 0.000000 0.000000 1.000000 0.000000
0.884768 0.466032 0.000000 54.611565 -0.466032 0.884768 0.000000 -12.441274 0.000000 0.000000 1.000000 0.000000
0.878981 0.476857 0.000000 55.149000 -0.476857 0.878981 0.000000 -12.746727 0.000000 0.000000 1.000000 0.000000
0.873673 0.486514 0.000000 55.536741 -0.486514 0.873673 0.000000 -12.965925 0.000000 0.000000 1.000000 0.000000
0.870807 0.491624 0.000000 55.894643 -0.491624 0.870807 0.000000 -13.175377 0.000000 0.000000 1.000000 0.000000
0.868214 0.496191 0.000000 56.252034 -0.496191 0.868214 0.000000 -13.380853 0.000000 0.000000 1.000000 0.000000
0.864049 0.503408 0.000000 56.601393 -0.503408 0.864049 0.000000 -13.581097 0.000000 0.000000 1.000000 0.000000
0.861341 0.508028 0.000000 56.944595 -0.508028 0.861341 0.000000 -13.786943 0.000000 0.000000 1.000000 0.000000
0.858046 0.513572 0.000000 57.284691 -0.513572 0.858046 0.000000 -13.983750 0.000000 0.000000 1.000000 0.000000
0.854305 0.519772 0.000000 57.615782 -0.519772 0.854305 0.000000 -14.185216 0.000000 0.000000 1.000000 0.000000
0.852528 0.522681 0.000000 57.940151 -0.522681 0.852528 0.000000 -14.390516 0.000000 0.000000 1.000000 0.000000
0.850090 0.526637 0.000000 58.260398 -0.526637 0.850090 0.000000 -14.590772 0.000000 0.000000 1.000000 0.000000
0.848821 0.528681 0.000000 58.574276 -0.528681 0.848821 0.000000 -14.794731 0.000000 0.000000 1.000000 0.000000
0.848549 0.529117 0.000000 59.195418 -0.529117 0.848549 0.000000 -15.183674 0.000000 0.000000 1.000000 0.000000
0.847743 0.530408 0.000000 59.493121 -0.530408 0.847743 0.000000 -15.372492 0.000000 0.000000 1.000000 0.000000
0.847647 0.530561 0.000000 59.774173 -0.530561 0.847647 0.000000 -15.551456 0.000000 0.000000 1.000000 0.000000
0.850522 0.525940 0.000000 60.045577 -0.525940 0.850522 0.000000 -15.729541 0.000000 0.000000 1.000000 0.000000
0.849034 0.528339 0.000000 60.333502 -0.528339 0.849034 0.000000 -15.908193 0.000000 0.000000 1.000000 0.000000
0.848223 0.529640 0.000000 60.596757 -0.529640 0.848223 0.000000 -16.076998 0.000000 0.000000 1.000000 0.000000
0.847599 0.530637 0.000000 60.870597 -0.530637 0.847599 0.000000 -16.259786 0.000000 0.000000 1.000000 0.000000
0.847050 0.531513 0.000000 61.127074 -0.531513 0.847050 0.000000 -16.419966 0.000000 0.000000 1.000000 0.000000
0.847783 0.530343 0.000000 61.388978 -0.530343 0.847783 0.000000 -16.603259 0.000000 0.000000 1.000000 0.000000
0.846171 0.532912 0.000000 61.634923 -0.532912 0.846171 0.000000 -16.759349 0.000000 0.000000 1.000000 0.000000
0.845331 0.534243 0.000000 61.877754 -0.534243 0.845331 0.000000 -16.912542 0.000000 0.000000 1.000000 0.000000
0.843322 0.537408 0.000000 62.129829 -0.537408 0.843322 0.000000 -17.075845 0.000000 0.000000 1.000000 0.000000
0.842127 0.539279 0.000000 62.492430 -0.539279 0.842127 0.000000 -17.304216 0.000000 0.000000 1.000000 0.000000
0.838331 0.545161 0.000000 62.751742 -0.545161 0.838331 0.000000 -17.468213 0.000000 0.000000 1.000000 0.000000
0.835771 0.549078 0.000000 62.988395 -0.549078 0.835771 0.000000 -17.621291 0.000000 0.000000 1.000000 0.000000
0.832567 0.553925 0.000000 63.222070 -0.553925 0.832567 0.000000 -17.770045 0.000000 0.000000 1.000000 0.000000
0.829857 0.557977 0.000000 63.447292 -0.557977 0.829857 0.000000 -17.921742 0.000000 0.000000 1.000000 0.000000
0.829601 0.558356 0.000000 63.666708 -0.558356 0.829601 0.000000 -18.077103 0.000000 0.000000 1.000000 0.000000
0.829368 0.558703 0.000000 63.879883 -0.558703 0.829368 0.000000 -18.232176 0.000000 0.000000 1.000000 0.000000
0.831471 0.555569 0.000000 64.089387 -0.555569 0.831471 0.000000 -18.385631 0.000000 0.000000 1.000000 0.000000
0.830687 0.556740 0.000000 64.290275 -0.556740 0.830687 0.000000 -18.536092 0.000000 0.000000 1.000000 0.000000
0.828939 0.559339 0.000000 64.492427 -0.559339 0.828939 0.000000 -18.674144 0.000000 0.000000 1.000000 0.000000
0.821828 0.569736 0.000000 64.893135 -0.569736 0.821828 0.000000 -18.920780 0.000000 0.000000 1.000000 0.000000
0.821145 0.570719 0.000000 65.068415 -0.570719 0.821145 0.000000 -19.051876 0.000000 0.000000 1.000000 0.000000
0.821767 0.569824 0.000000 65.234217 -0.569824 0.821767 0.000000 -19.181465 0.000000 0.000000 1.000000 0.000000
0.821808 0.569764 0.000000 65.411244 -0.569764 0.821808 0.000000 -19.313074 0.000000 0.000000 1.000000 0.000000
0.820885 0.571093 0.000000 65.573089 -0.571093 0.820885 0.000000 -19.432360 0.000000 0.000000 1.000000 0.000000
0.820959 0.570987 0.000000 65.729583 -0.570987 0.820959 0.000000 -19.553626 0.000000 0.000000 1.000000 0.000000
0.819354 0.573287 0.000000 65.898264 -0.573287 0.819354 0.000000 -19.675937 0.000000 0.000000 1.000000 0.000000
0.818610 0.574350 0.000000 66.056945 -0.574350 0.818610 0.000000 -19.786499 0.000000 0.000000 1.000000 0.000000
0.816868 0.576825 0.000000 66.224715 -0.576825 0.816868 0.000000 -19.904208 0.000000 0.000000 1.000000 0.000000
0.814269 0.580488 0.000000 66.546066 -0.580488 0.814269 0.000000 -20.127461 0.000000 0.000000 1.000000 0.000000
0.813759 0.581203 0.000000 66.697900 -0.581203 0.813759 0.000000 -20.237608 0.000000 0.000000 1.000000 0.000000
0.812868 0.582448 0.000000 66.851755 -0.582448 0.812868 0.000000 -20.342451 0.000000 0.000000 1.000000 0.000000
0.811379 0.584520 0.000000 67.102394 -0.584520 0.811379 0.000000 -20.532454 0.000000 0.000000 1.000000 0.000000
0.809287 0.587413 0.000000 67.264260 -0.587413 0.809287 0.000000 -20.648426 0.000000 0.000000 1.000000 0.000000
0.807417 0.589981 0.000000 67.425960 -0.589981 0.807417 0.000000 -20.765603 0.000000 0.000000 1.000000 0.000000
0.808118 0.589020 0.000000 67.590059 -0.589020 0.808118 0.000000 -20.883469 0.000000 0.000000 1.000000 0.000000
0.806917 0.590665 0.000000 67.751278 -0.590665 0.806917 0.000000 -21.004120 0.000000 0.000000 1.000000 0.000000
0.805993 0.591925 0.000000 67.912201 -0.591925 0.805993 0.000000 -21.129566 0.000000 0.000000 1.000000 0.000000
0.804560 0.593872 0.000000 68.075884 -0.593872 0.804560 0.000000 -21.253201 0.000000 0.000000 1.000000 0.000000
0.801050 0.598597 0.000000 68.409876 -0.598597 0.801050 0.000000 -21.505453 0.000000 0.000000 1.000000 0.000000
0.799716 0.600378 0.000000 68.579054 -0.600378 0.799716 0.000000 -21.634789 0.000000 0.000000 1.000000 0.000000
0.797804 0.602918 0.000000 68.751874 -0.602918 0.797804 0.000000 -21.764207 0.000000 0.000000 1.000000 0.000000
0.796937 0.604063 0.000000 68.916557 -0.604063 0.796937 0.000000 -21.897148 0.000000 0.000000 1.000000 0.000000
0.796138 0.605115 0.000000 69.089523 -0.605115 0.796138 0.000000 -22.034811 0.000000 0.000000 1.000000 0.000000
0.794453 0.607325 0.000000 69.256169 -0.607325 0.794453 0.000000 -22.166115 0.000000 0.000000 1.000000 0.000000
0.793038 0.609172 0.000000 69.420473 -0.609172 0.793038 0.000000 -22.297583 0.000000 0.000000 1.000000 0.000000
0.790233 0.612807 0.000000 69.602449 -0.612807 0.790233 0.000000 -22.440011 0.000000 0.000000 1.000000 0.000000
0.786551 0.617525 0.000000 69.778725 -0.617525 0.786551 0.000000 -22.571825 0.000000 0.000000 1.000000 0.000000
0.783234 0.621728 0.000000 69.950411 -0.621728 0.783234 0.000000 -22.710965 0.000000 0.000000 1.000000 0.000000
0.781092 0.624415 0.000000 70.136942 -0.624415 0.781092 0.000000 -22.865225 0.000000 0.000000 1.000000 0.000000
0.779230 0.626738 0.000000 70.315232 -0.626738 0.779230 0.000000 -23.011886 0.000000 0.000000 1.000000 0.000000
0.777744 0.628581 0.000000 70.507675 -0.628581 0.777744 0.000000 -23.176196 0.000000 0.000000 1.000000 0.000000
0.774695 0.632335 0.000000 70.694062 -0.632335 0.774695 0.000000 -23.324249 0.000000 0.000000 1.000000 0.000000
0.772454 0.635071 0.000000 70.888429 -0.635071 0.772454 0.000000 -23.493930 0.000000 0.000000 1.000000 0.000000
0.769150 0.639069 0.000000 71.076994 -0.639069 0.769150 0.000000 -23.647603 0.000000 0.000000 1.000000 0.000000
0.764644 0.644453 0.000000 71.368979 -0.644453 0.764644 0.000000 -23.883985 0.000000 0.000000 1.000000 0.000000
0.763243 0.646112 0.000000 71.557227 -0.646112 0.763243 0.000000 -24.049113 0.000000 0.000000 1.000000 0.000000
0.761818 0.647792 0.000000 71.762855 -0.647792 0.761818 0.000000 -24.229820 0.000000 0.000000 1.000000 0.000000
0.760150 0.649748 0.000000 71.953199 -0.649748 0.760150 0.000000 -24.400362 0.000000 0.000000 1.000000 0.000000
0.757130 0.653264 0.000000 72.354597 -0.653264 0.757130 0.000000 -24.763267 0.000000 0.000000 1.000000 0.000000
0.755552 0.655089 0.000000 72.550272 -0.655089 0.755552 0.000000 -24.943314 0.000000 0.000000 1.000000 0.000000
0.754034 0.656835 0.000000 72.739605 -0.656835 0.754034 0.000000 -25.114403 0.000000 0.000000 1.000000 0.000000
0.753715 0.657202 0.000000 72.945067 -0.657202 0.753715 0.000000 -25.295366 0.000000 0.000000 1.000000 0.000000
0.747586 0.664165 0.000000 73.225636 -0.664165 0.747586 0.000000 -25.530917 0.000000 0.000000 1.000000 0.000000
0.744328 0.667815 0.000000 73.428825 -0.667815 0.744328 0.000000 -25.708615 0.000000 0.000000 1.000000 0.000000
0.739916 0.672699 0.000000 73.621986 -0.672699 0.739916 0.000000 -25.880659 0.000000 0.000000 1.000000 0.000000
0.738521 0.674230 0.000000 73.816928 -0.674230 0.738521 0.000000 -26.064556 0.000000 0.000000 1.000000 0.000000
0.736707 0.676212 0.000000 74.000334 -0.676212 0.736707 0.000000 -26.235026 0.000000 0.000000 1.000000 0.000000
0.734217 0.678915 0.000000 74.180789 -0.678915 0.734217 0.000000 -26.405134 0.000000 0.000000 1.000000 0.000000
0.734105 0.679036 0.000000 74.373767 -0.679036 0.734105 0.000000 -26.588838 0.000000 0.000000 1.000000 0.000000
0.732249 0.681037 0.000000 74.551562 -0.681037 0.732249 0.000000 -26.759927 0.000000 0.000000 1.000000 0.000000
0.730088 0.683353 0.000000 74.731508 -0.683353 0.730088 0.000000 -26.926767 0.000000 0.000000 1.000000 0.000000
0.730066 0.683377 0.000000 74.919035 -0.683377 0.730066 0.000000 -27.108758 0.000000 0.000000 1.000000 0.000000
0.730716 0.682681 0.000000 75.090803 -0.682681 0.730716 0.000000 -27.281512 0.000000 0.000000 1.000000 0.000000
0.729433 0.684052 0.000000 75.332425 -0.684052 0.729433 0.000000 -27.517158 0.000000 0.000000 1.000000 0.000000
0.728473 0.685074 0.000000 75.526396 -0.685074 0.728473 0.000000 -27.708042 0.000000 0.000000 1.000000 0.000000
0.728937 0.684581 0.000000 75.702087 -0.684581 0.728937 0.000000 -27.892489 0.000000 0.000000 1.000000 0.000000
0.727844 0.685742 0.000000 75.881099 -0.685742 0.727844 0.000000 -28.070290 0.000000 0.000000 1.000000 0.000000
0.731020 0.682356 0.000000 76.057062 -0.682356 0.731020 0.000000 -28.249451 0.000000 0.000000 1.000000 0.000000
0.735947 0.677040 0.000000 76.226285 -0.677040 0.735947 0.000000 -28.431775 0.000000 0.000000 1.000000 0.000000
0.735919 0.677069 0.000000 76.408776 -0.677069 0.735919 0.000000 -28.595550 0.000000 0.000000 1.000000 0.000000
0.738156 0.674630 0.000000 76.584503 -0.674630 0.738156 0.000000 -28.760712 0.000000 0.000000 1.000000 0.000000
0.739790 0.672838 0.000000 76.759283 -0.672838 0.739790 0.000000 -28.925209 0.000000 0.000000 1.000000 0.000000
0.739549 0.673103 0.000000 76.922738 -0.673103 0.739549 0.000000 -29.076010 0.000000 0.000000 1.000000 0.000000
0.741151 0.671338 0.000000 77.252973 -0.671338 0.741151 0.000000 -29.386184 0.000000 0.000000 1.000000 0.000000
0.743564 0.668664 0.000000 77.418044 -0.668664 0.743564 0.000000 -29.545945 0.000000 0.000000 1.000000 0.000000
0.744796 0.667292 0.000000 77.584832 -0.667292 0.744796 0.000000 -29.703882 0.000000 0.000000 1.000000 0.000000
0.746789 0.665061 0.000000 77.737533 -0.665061 0.746789 0.000000 -29.849645 0.000000 0.000000 1.000000 0.000000
0.748113 0.663572 0.000000 77.899264 -0.663572 0.748113 0.000000 -30.002242 0.000000 0.000000 1.000000 0.000000
0.747731 0.664002 0.000000 78.054186 -0.664002 0.747731 0.000000 -30.140895 0.000000 0.000000 1.000000 0.000000
0.748512 0.663121 0.000000 78.216607 -0.663121 0.748512 0.000000 -30.286907 0.000000 0.000000 1.000000 0.000000
0.751306 0.659954 0.000000 78.483175 -0.659954 0.751306 0.000000 -30.533114 0.000000 0.000000 1.000000 0.000000
0.754048 0.656819 0.000000 78.637799 -0.656819 0.754048 0.000000 -30.677185 0.000000 0.000000 1.000000 0.000000
0.755582 0.655055 0.000000 78.791337 -0.655055 0.755582 0.000000 -30.819625 0.000000 0.000000 1.000000 0.000000
0.758038 0.652211 0.000000 78.942940 -0.652211 0.758038 0.000000 -30.958456 0.000000 0.000000 1.000000 0.000000
0.760327 0.649540 0.000000 79.090208 -0.649540 0.760327 0.000000 -31.095363 0.000000 0.000000 1.000000 0.000000
0.763991 0.645227 0.000000 79.236356 -0.645227 0.763991 0.000000 -31.235508 0.000000 0.000000 1.000000 0.000000
0.770526 0.637408 0.000000 79.517571 -0.637408 0.770526 0.000000 -31.485730 0.000000 0.000000 1.000000 0.000000
0.773389 0.633932 0.000000 79.648789 -0.633932 0.773389 0.000000 -31.598622 0.000000 0.000000 1.000000 0.000000
0.776795 0.629754 0.000000 79.779004 -0.629754 0.776795 0.000000 -31.710767 0.000000 0.000000 1.000000 0.000000
0.779479 0.626428 0.000000 80.008635 -0.626428 0.779479 0.000000 -31.891396 0.000000 0.000000 1.000000 0.000000
0.788995 0.614400 0.000000 80.292526 -0.614400 0.788995 0.000000 -32.131954 0.000000 0.000000 1.000000 0.000000
0.792743 0.609556 0.000000 80.474616 -0.609556 0.792743 0.000000 -32.270989 0.000000 0.000000 1.000000 0.000000
0.796780 0.604270 0.000000 80.590365 -0.604270 0.796780 0.000000 -32.364572 0.000000 0.000000 1.000000 0.000000
0.803991 0.594641 0.000000 80.814526 -0.594641 0.803991 0.000000 -32.542675 0.000000 0.000000 1.000000 0.000000
0.807327 0.590105 0.000000 80.927538 -0.590105 0.807327 0.000000 -32.630066 0.000000 0.000000 1.000000 0.000000
0.809643 0.586923 0.000000 81.032282 -0.586923 0.809643 0.000000 -32.708534 0.000000 0.000000 1.000000 0.000000
0.812873 0.582441 0.000000 81.137699 -0.582441 0.812873 0.000000 -32.790906 0.000000 0.000000 1.000000 0.000000
0.816869 0.576823 0.000000 81.293824 -0.576823 0.816869 0.000000 -32.905372 0.000000 0.000000 1.000000 0.000000
0.823646 0.567104 0.000000 81.484736 -0.567104 0.823646 0.000000 -33.044300 0.000000 0.000000 1.000000 0.000000
0.827051 0.562126 0.000000 81.577868 -0.562126 0.827051 0.000000 -33.111489 0.000000 0.000000 1.000000 0.000000
0.830408 0.557155 0.000000 81.666390 -0.557155 0.830408 0.000000 -33.178656 0.000000 0.000000 1.000000 0.000000
0.833451 0.552593 0.000000 81.753785 -0.552593 0.833451 0.000000 -33.240262 0.000000 0.000000 1.000000 0.000000
0.835952 0.548802 0.000000 81.844100 -0.548802 0.835952 0.000000 -33.301170 0.000000 0.000000 1.000000 0.000000
0.839311 0.543651 0.000000 81.923749 -0.543651 0.839311 0.000000 -33.359268 0.000000 0.000000 1.000000 0.000000
0.844085 0.536210 0.000000 82.071137 -0.536210 0.844085 0.000000 -33.461701 0.000000 0.000000 1.000000 0.000000
0.847354 0.531028 0.000000 82.138387 -0.531028 0.847354 0.000000 -33.512842 0.000000 0.000000 1.000000 0.000000
0.849258 0.527979 0.000000 82.203662 -0.527979 0.849258 0.000000 -33.557784 0.000000 0.000000 1.000000 0.000000
0.852398 0.522894 0.000000 82.260151 -0.522894 0.852398 0.000000 -33.600087 0.000000 0.000000 1.000000 0.000000
0.853920 0.520404 0.000000 82.316263 -0.520404 0.853920 0.000000 -33.635725 0.000000 0.000000 1.000000 0.000000
0.855090 0.518480 0.000000 82.362902 -0.518480 0.855090 0.000000 -33.666630 0.000000 0.000000 1.000000 0.000000
0.855735 0.517414 0.000000 82.407556 -0.517414 0.855735 0.000000 -33.691242 0.000000 0.000000 1.000000 0.000000
0.857967 0.513705 0.000000 82.468435 -0.513705 0.857967 0.000000 -33.730774 0.000000 0.000000 1.000000 0.000000
0.858423 0.512942 0.000000 82.499676 -0.512942 0.858423 0.000000 -33.749228 0.000000 0.000000 1.000000 0.000000
0.858869 0.512196 0.000000 82.530983 -0.512196 0.858869 0.000000 -33.765510 0.000000 0.000000 1.000000 0.000000
0.859767 0.510686 0.000000 82.557445 -0.510686 0.859767 0.000000 -33.781006 0.000000 0.000000 1.000000 0.000000
0.860968 0.508660 0.000000 82.580522 -0.508660 0.860968 0.000000 -33.794711 0.000000 0.000000 1.000000 0.000000
0.860747 0.509032 0.000000 82.596715 -0.509032 0.860747 0.000000 -33.803868 0.000000 0.000000 1.000000 0.000000
0.861132 0.508381 0.000000 82.612371 -0.508381 0.861132 0.000000 -33.812861 0.000000 0.000000 1.000000 0.000000
0.862064 0.506800 0.000000 82.622209 -0.506800 0.862064 0.000000 -33.824015 0.000000 0.000000 1.000000 0.000000
0.860953 0.508685 0.000000 82.635660 -0.508685 0.860953 0.000000 -33.823826 0.000000 0.000000 1.000000 0.000000
0.861378 0.507964 0.000000 82.637380 -0.507964 0.861378 0.000000 -33.826122 0.000000 0.000000 1.000000 0.000000
0.861436 0.507866 0.000000 82.637472 -0.507866 0.861436 0.000000 -33.825933 0.000000 0.000000 1.000000 0.000000
0.860733 0.509057 0.000000 82.638079 -0.509057 0.860733 0.000000 -33.822805 0.000000 0.000000 1.000000 0.000000
0.860642 0.509210 0.000000 82.636549 -0.509210 0.860642 0.000000 -33.821669 0.000000 0.000000 1.000000 0.000000
0.860471 0.509499 0.000000 82.636465 -0.509499 0.860471 0.000000 -33.820799 0.000000 0.000000 1.000000 0.000000
0.861379 0.507963 0.000000 82.634849 -0.507963 0.861379 0.000000 -33.823976 0.000000 0.000000 1.000000 0.000000
0.861456 0.507831 0.000000 82.635027 -0.507831 0.861456 0.000000 -33.823784 0.000000 0.000000 1.000000 0.000000
0.860721 0.509077 0.000000 82.636667 -0.509077 0.860721 0.000000 -33.820967 0.000000 0.000000 1.000000 0.000000
0.860529 0.509402 0.000000 82.637213 -0.509402 0.860529 0.000000 -33.820523 0.000000 0.000000 1.000000 0.000000
0.860583 0.509310 0.000000 82.637583 -0.509310 0.860583 0.000000 -33.819251 0.000000 0.000000 1.000000 0.000000
0.860455 0.509527 0.000000 82.638270 -0.509527 0.860455 0.000000 -33.817656 0.000000 0.000000 1.000000 0.000000
0.860423 0.509581 0.000000 82.638874 -0.509581 0.860423 0.000000 -33.815999 0.000000 0.000000 1.000000 0.000000
0.860247 0.509878 0.000000 82.640131 -0.509878 0.860247 0.000000 -33.811427 0.000000 0.000000 1.000000 0.000000
0.860208 0.509943 0.000000 82.640734 -0.509943 0.860208 0.000000 -33.809360 0.000000 0.000000 1.000000 0.000000
0.860267 0.509843 0.000000 82.641187 -0.509843 0.860267 0.000000 -33.806863 0.000000 0.000000 1.000000 0.000000
0.860317 0.509759 0.000000 82.641290 -0.509759 0.860317 0.000000 -33.806197 0.000000 0.000000 1.000000 0.000000
0.860325 0.509746 0.000000 82.641519 -0.509746 0.860325 0.000000 -33.805606 0.000000 0.000000 1.000000 0.000000
0.860287 0.509809 0.000000 82.641635 -0.509809 0.860287 0.000000 -33.805328 0.000000 0.000000 1.000000 0.000000
0.860281 0.509820 0.000000 82.641622 -0.509820 0.860281 0.000000 -33.805459 0.000000 0.000000 1.000000 0.000000
0.860291 0.509803 0.000000 82.641472 -0.509803 0.860291 0.000000 -33.806038 0.000000 0.000000 1.000000 0.000000
0.860260 0.509856 0.000000 82.641309 -0.509856 0.860260 0.000000 -33.806603 0.000000 0.000000 1.000000 0.000000
0.860242 0.509885 0.000000 82.641164 -0.509885 0.860242 0.000000 -33.807072 0.000000 0.000000 1.000000 0.000000
0.860161 0.510023 0.000000 82.641123 -0.510023 0.860161 0.000000 -33.807372 0.000000 0.000000 1.000000 0.000000
0.859948 0.510382 0.000000 82.641166 -0.510382 0.859948 0.000000 -33.807423 0.000000 0.000000 1.000000 0.000000
0.859892 0.510477 0.000000 82.641316 -0.510477 0.859892 0.000000 -33.807084 0.000000 0.000000 1.000000 0.000000
0.859917 0.510434 0.000000 82.641451 -0.510434 0.859917 0.000000 -33.807280 0.000000 0.000000 1.000000 0.000000
0.859954 0.510372 0.000000 82.641300 -0.510372 0.859954 0.000000 -33.807464 0.000000 0.000000 1.000000 0.000000
0.859946 0.510385 0.000000 82.641325 -0.510385 0.859946 0.000000 -33.807360 0.000000 0.000000 1.000000 0.000000
0.859928 0.510415 0.000000 82.641391 -0.510415 0.859928 0.000000 -33.807311 0.000000 0.000000 1.000000 0.000000
0.859889 0.510480 0.000000 82.641390 -0.510480 0.859889 0.000000 -33.807229 0.000000 0.000000 1.000000 0.000000
0.859896 0.510469 0.000000 82.641338 -0.510469 0.859896 0.000000 -33.807024 0.000000 0.000000 1.000000 0.000000
0.859804 0.510625 0.000000 82.641558 -0.510625 0.859804 0.000000 -33.807067 0.000000 0.000000 1.000000 0.000000
0.859833 0.510576 0.000000 82.641453 -0.510576 0.859833 0.000000 -33.807072 0.000000 0.000000 1.000000 0.000000
0.859833 0.510576 0.000000 82.641453 -0.510576 0.859833 0.000000 -33.807072 0.000000 0.000000 1.000000 0.000000
0.859821 0.510596 0.000000 82.641403 -0.510596 0.859821 0.000000 -33.806887 0.000000 0.000000 1.000000 0.000000
0.859803 0.510627 0.000000 82.641430 -0.510627 0.859803 0.000000 -33.806740 0.000000 0.000000 1.000000 0.000000
0.859858 0.510534 0.000000 82.641252 -0.510534 0.859858 0.000000 -33.806676 0.000000 0.000000 1.000000 0.000000
0.860125 0.510083 0.000000 82.640535 -0.510083 0.860125 0.000000 -33.806888 0.000000 0.000000 1.000000 0.000000
0.860034 0.510236 0.000000 82.640766 -0.510236 0.860034 0.000000 -33.806673 0.000000 0.000000 1.000000 0.000000
0.859996 0.510300 0.000000 82.640646 -0.510300 0.859996 0.000000 -33.806310 0.000000 0.000000 1.000000 0.000000
0.859961 0.510361 0.000000 82.640454 -0.510361 0.859961 0.000000 -33.806274 0.000000 0.000000 1.000000 0.000000
0.859976 0.510335 0.000000 82.640310 -0.510335 0.859976 0.000000 -33.806385 0.000000 0.000000 1.000000 0.000000
0.860138 0.510062 0.000000 82.639490 -0.510062 0.860138 0.000000 -33.806477 0.000000 0.000000 1.000000 0.000000
0.860149 0.510042 0.000000 82.639332 -0.510042 0.860149 0.000000 -33.806445 0.000000 0.000000 1.000000 0.000000
0.859993 0.510305 0.000000 82.639591 -0.510305 0.859993 0.000000 -33.805978 0.000000 0.000000 1.000000 0.000000
0.859663 0.510862 0.000000 82.640512 -0.510862 0.859663 0.000000 -33.804817 0.000000 0.000000 1.000000 0.000000
0.859085 0.511833 0.000000 82.642175 -0.511833 0.859085 0.000000 -33.803834 0.000000 0.000000 1.000000 0.000000
0.858429 0.512932 0.000000 82.644228 -0.512932 0.858429 0.000000 -33.802613 0.000000 0.000000 1.000000 0.000000
0.858197 0.513320 0.000000 82.645185 -0.513320 0.858197 0.000000 -33.803017 0.000000 0.000000 1.000000 0.000000
0.858258 0.513219 0.000000 82.646457 -0.513219 0.858258 0.000000 -33.804632 0.000000 0.000000 1.000000 0.000000
0.858365 0.513040 0.000000 82.645415 -0.513040 0.858365 0.000000 -33.805227 0.000000 0.000000 1.000000 0.000000
0.859050 0.511892 0.000000 82.645695 -0.511892 0.859050 0.000000 -33.808893 0.000000 0.000000 1.000000 0.000000
0.860316 0.509760 0.000000 82.642115 -0.509760 0.860316 0.000000 -33.812604 0.000000 0.000000 1.000000 0.000000
0.860801 0.508942 0.000000 82.641052 -0.508942 0.860801 0.000000 -33.813564 0.000000 0.000000 1.000000 0.000000
0.861021 0.508569 0.000000 82.639296 -0.508569 0.861021 0.000000 -33.814143 0.000000 0.000000 1.000000 0.000000
0.861146 0.508358 0.000000 82.638329 -0.508358 0.861146 0.000000 -33.814842 0.000000 0.000000 1.000000 0.000000
0.861341 0.508027 0.000000 82.637849 -0.508027 0.861341 0.000000 -33.815610 0.000000 0.000000 1.000000 0.000000
0.861349 0.508014 0.000000 82.637509 -0.508014 0.861349 0.000000 -33.815691 0.000000 0.000000 1.000000 0.000000
0.861367 0.507983 0.000000 82.637164 -0.507983 0.861367 0.000000 -33.815331 0.000000 0.000000 1.000000 0.000000
0.861619 0.507555 0.000000 82.635208 -0.507555 0.861619 0.000000 -33.815730 0.000000 0.000000 1.000000 0.000000
0.861595 0.507596 0.000000 82.633620 -0.507596 0.861595 0.000000 -33.815483 0.000000 0.000000 1.000000 0.000000
0.861788 0.507268 0.000000 82.631686 -0.507268 0.861788 0.000000 -33.815553 0.000000 0.000000 1.000000 0.000000
0.861899 0.507080 0.000000 82.630499 -0.507080 0.861899 0.000000 -33.815447 0.000000 0.000000 1.000000 0.000000
0.861933 0.507022 0.000000 82.629653 -0.507022 0.861933 0.000000 -33.815096 0.000000 0.000000 1.000000 0.000000
0.862396 0.506234 0.000000 82.628093 -0.506234 0.862396 0.000000 -33.816800 0.000000 0.000000 1.000000 0.000000
0.862690 0.505733 0.000000 82.627718 -0.505733 0.862690 0.000000 -33.818304 0.000000 0.000000 1.000000 0.000000
0.863366 0.504579 0.000000 82.626316 -0.504579 0.863366 0.000000 -33.821024 0.000000 0.000000 1.000000 0.000000
0.863936 0.503601 0.000000 82.625246 -0.503601 0.863936 0.000000 -33.823399 0.000000 0.000000 1.000000 0.000000
0.864025 0.503448 0.000000 82.624351 -0.503448 0.864025 0.000000 -33.823650 0.000000 0.000000 1.000000 0.000000
0.863864 0.503726 0.000000 82.624291 -0.503726 0.863864 0.000000 -33.823217 0.000000 0.000000 1.000000 0.000000
0.862830 0.505495 0.000000 82.629643 -0.505495 0.862830 0.000000 -33.820981 0.000000 0.000000 1.000000 0.000000
0.861278 0.508134 0.000000 82.642150 -0.508134 0.861278 0.000000 -33.818441 0.000000 0.000000 1.000000 0.000000
0.860335 0.509729 0.000000 82.647322 -0.509729 0.860335 0.000000 -33.816366 0.000000 0.000000 1.000000 0.000000
0.859443 0.511232 0.000000 82.650435 -0.511232 0.859443 0.000000 -33.813648 0.000000 0.000000 1.000000 0.000000
0.858451 0.512896 0.000000 82.653997 -0.512896 0.858451 0.000000 -33.810254 0.000000 0.000000 1.000000 0.000000
0.856997 0.515321 0.000000 82.662432 -0.515321 0.856997 0.000000 -33.806726 0.000000 0.000000 1.000000 0.000000
0.856072 0.516856 0.000000 82.671554 -0.516856 0.856072 0.000000 -33.806591 0.000000 0.000000 1.000000 0.000000
0.855655 0.517547 0.000000 82.681285 -0.517547 0.855655 0.000000 -33.810621 0.000000 0.000000 1.000000 0.000000
0.855764 0.517367 0.000000 82.689307 -0.517367 0.855764 0.000000 -33.816192 0.000000 0.000000 1.000000 0.000000
0.856043 0.516904 0.000000 82.698674 -0.516904 0.856043 0.000000 -33.822996 0.000000 0.000000 1.000000 0.000000
0.856736 0.515755 0.000000 82.708697 -0.515755 0.856736 0.000000 -33.831886 0.000000 0.000000 1.000000 0.000000
0.857503 0.514480 0.000000 82.718630 -0.514480 0.857503 0.000000 -33.839739 0.000000 0.000000 1.000000 0.000000
0.857941 0.513749 0.000000 82.728846 -0.513749 0.857941 0.000000 -33.847438 0.000000 0.000000 1.000000 0.000000
0.857904 0.513809 0.000000 82.742187 -0.513809 0.857904 0.000000 -33.856438 0.000000 0.000000 1.000000 0.000000
0.857681 0.514183 0.000000 82.756980 -0.514183 0.857681 0.000000 -33.862526 0.000000 0.000000 1.000000 0.000000
0.857115 0.515125 0.000000 82.773757 -0.515125 0.857115 0.000000 -33.868306 0.000000 0.000000 1.000000 0.000000
0.856670 0.515864 0.000000 82.790394 -0.515864 0.856670 0.000000 -33.873579 0.000000 0.000000 1.000000 0.000000
0.856356 0.516386 0.000000 82.808168 -0.516386 0.856356 0.000000 -33.881001 0.000000 0.000000 1.000000 0.000000
0.857174 0.515027 0.000000 82.837321 -0.515027 0.857174 0.000000 -33.895665 0.000000 0.000000 1.000000 0.000000
0.857027 0.515271 0.000000 82.852072 -0.515271 0.857027 0.000000 -33.901836 0.000000 0.000000 1.000000 0.000000
0.857495 0.514492 0.000000 82.864164 -0.514492 0.857495 0.000000 -33.910321 0.000000 0.000000 1.000000 0.000000
0.858129 0.513434 0.000000 82.875402 -0.513434 0.858129 0.000000 -33.918560 0.000000 0.000000 1.000000 0.000000
0.859460 0.511203 0.000000 82.883395 -0.511203 0.859460 0.000000 -33.927433 0.000000 0.000000 1.000000 0.000000
0.860219 0.509925 0.000000 82.892883 -0.509925 0.860219 0.000000 -33.937525 0.000000 0.000000 1.000000 0.000000
0.860611 0.509262 0.000000 82.899332 -0.509262 0.860611 0.000000 -33.943192 0.000000 0.000000 1.000000 0.000000
0.860787 0.508965 0.000000 82.906035 -0.508965 0.860787 0.000000 -33.947613 0.000000 0.000000 1.000000 0.000000
0.860236 0.509895 0.000000 82.911417 -0.509895 0.860236 0.000000 -33.946863 0.000000 0.000000 1.000000 0.000000
0.859952 0.510375 0.000000 82.914766 -0.510375 0.859952 0.000000 -33.945739 0.000000 0.000000 1.000000 0.000000
0.858832 0.512258 0.000000 82.920882 -0.512258 0.858832 0.000000 -33.941184 0.000000 0.000000 1.000000 0.000000
0.858694 0.512489 0.000000 82.922250 -0.512489 0.858694 0.000000 -33.940837 0.000000 0.000000 1.000000 0.000000
0.858457 0.512886 0.000000 82.923802 -0.512886 0.858457 0.000000 -33.939164 0.000000 0.000000 1.000000 0.000000
0.858402 0.512978 0.000000 82.922815 -0.512978 0.858402 0.000000 -33.940021 0.000000 0.000000 1.000000 0.000000
0.859005 0.511967 0.000000 82.919754 -0.511967 0.859005 0.000000 -33.941204 0.000000 0.000000 1.000000 0.000000
0.859422 0.511267 0.000000 82.917015 -0.511267 0.859422 0.000000 -33.941590 0.000000 0.000000 1.000000 0.000000
0.859586 0.510991 0.000000 82.915005 -0.510991 0.859586 0.000000 -33.940856 0.000000 0.000000 1.000000 0.000000
0.859589 0.510987 0.000000 82.914163 -0.510987 0.859589 0.000000 -33.940370 0.000000 0.000000 1.000000 0.000000
0.860017 0.510266 0.000000 82.913758 -0.510266 0.860017 0.000000 -33.940858 0.000000 0.000000 1.000000 0.000000
0.860254 0.509865 0.000000 82.912422 -0.509865 0.860254 0.000000 -33.941508 0.000000 0.000000 1.000000 0.000000
0.860797 0.508949 0.000000 82.911265 -0.508949 0.860797 0.000000 -33.943918 0.000000 0.000000 1.000000 0.000000
0.861256 0.508171 0.000000 82.909437 -0.508171 0.861256 0.000000 -33.943756 0.000000 0.000000 1.000000 0.000000
0.861725 0.507376 0.000000 82.908064 -0.507376 0.861725 0.000000 -33.944943 0.000000 0.000000 1.000000 0.000000
0.862478 0.506095 0.000000 82.906271 -0.506095 0.862478 0.000000 -33.946972 0.000000 0.000000 1.000000 0.000000
0.862786 0.505569 0.000000 82.905740 -0.505569 0.862786 0.000000 -33.946490 0.000000 0.000000 1.000000 0.000000
0.863274 0.504736 0.000000 82.905086 -0.504736 0.863274 0.000000 -33.947318 0.000000 0.000000 1.000000 0.000000
0.863552 0.504260 0.000000 82.904785 -0.504260 0.863552 0.000000 -33.947200 0.000000 0.000000 1.000000 0.000000
0.863681 0.504038 0.000000 82.904969 -0.504038 0.863681 0.000000 -33.946876 0.000000 0.000000 1.000000 0.000000
