0.999996 0.002640 0.000000 1.098871 -0.002638 0.999993 0.000000 -0.003553 0.000000 0.000000 1.000000 0.000000
0.999995 0.003085 0.000000 1.637669 -0.003083 0.999989 0.000000 -0.005357 0.000000 0.000000 1.000000 0.000000
0.999985 0.005371 0.000000 2.211124 -0.005369 0.999976 0.000000 -0.011746 0.000000 0.000000 1.000000 0.000000
0.999980 0.006383 0.000000 2.794712 -0.006383 0.999965 0.000000 -0.015655 0.000000 0.000000 1.000000 0.000000
0.999972 0.007432 0.000000 3.377233 -0.007440 0.999949 0.000000 -0.020076 0.000000 0.000000 1.000000 0.000000
0.999967 0.007910 0.000000 3.936435 -0.007924 0.999939 0.000000 -0.024425 0.000000 0.000000 1.000000 0.000000
0.999950 0.009776 0.000000 4.482036 -0.009793 0.999914 0.000000 -0.032481 0.000000 0.000000 1.000000 0.000000
0.999940 0.010627 0.000000 5.110937 -0.010648 0.999906 0.000000 -0.040627 0.000000 0.000000 1.000000 0.000000
0.999921 0.012085 0.000000 5.657950 -0.012116 0.999885 0.000000 -0.050348 0.000000 0.000000 1.000000 0.000000
0.999895 0.013928 0.000000 6.193129 -0.013964 0.999858 0.000000 -0.059447 0.000000 0.000000 1.000000 0.000000
0.999855 0.016605 0.000000 6.783291 -0.016641 0.999811 0.000000 -0.074062 0.000000 0.000000 1.000000 0.000000
0.999816 0.019149 0.000000 7.903858 -0.019160 0.999757 0.000000 -0.099572 0.000000 0.000000 1.000000 0.000000
0.999777 0.021105 0.000000 8.528038 -0.021103 0.999712 0.000000 -0.116414 0.000000 0.000000 1.000000 0.000000
0.999729 0.023299 0.000000 9.363858 -0.023295 0.999651 0.000000 -0.139125 0.000000 0.000000 1.000000 0.000000
0.999666 0.025830 0.000000 9.952245 -0.025823 0.999580 0.000000 -0.159326 0.000000 0.000000 1.000000 0.000000
0.999623 0.027399 0.000000 10.590051 -0.027374 0.999534 0.000000 -0.179493 0.000000 0.000000 1.000000 0.000000
0.999609 0.027769 0.000000 11.151853 -0.027720 0.999514 0.000000 -0.196023 0.000000 0.000000 1.000000 0.000000
0.999565 0.029154 0.000000 11.711609 -0.029087 0.999468 0.000000 -0.213683 0.000000 0.000000 1.000000 0.000000
0.999466 0.032334 0.000000 12.346359 -0.032259 0.999364 0.000000 -0.235226 0.000000 0.000000 1.000000 0.000000
0.999429 0.033471 0.000000 12.857810 -0.033397 0.999326 0.000000 -0.254909 0.000000 0.000000 1.000000 0.000000
0.999416 0.033825 0.000000 13.455087 -0.033746 0.999308 0.000000 -0.278337 0.000000 0.000000 1.000000 0.000000
0.999388 0.034534 0.000000 14.036027 -0.034441 0.999278 0.000000 -0.302246 0.000000 0.000000 1.000000 0.000000
0.999366 0.034985 0.000000 14.587114 -0.034879 0.999272 0.000000 -0.325296 0.000000 0.000000 1.000000 0.000000
0.999309 0.036295 0.000000 15.150390 -0.036172 0.999234 0.000000 -0.348628 0.000000 0.000000 1.000000 0.000000
0.999214 0.038484 0.000000 15.915012 -0.038352 0.999171 0.000000 -0.382988 0.000000 0.000000 1.000000 0.000000
0.999161 0.039721 0.000000 16.562003 -0.039587 0.999127 0.000000 -0.412216 0.000000 0.000000 1.000000 0.000000
0.999104 0.041209 0.000000 17.096091 -0.041070 0.999057 0.000000 -0.437667 0.000000 0.000000 1.000000 0.000000
0.999082 0.041888 0.000000 17.722255 -0.041758 0.999026 0.000000 -0.465962 0.000000 0.000000 1.000000 0.000000
0.999030 0.043162 0.000000 18.292455 -0.043038 0.998977 0.000000 -0.495265 0.000000 0.000000 1.000000 0.000000
0.998934 0.044810 0.000000 18.895964 -0.044668 0.998920 0.000000 -0.526718 0.000000 0.000000 1.000000 0.000000
0.998775 0.046980 0.000000 19.482022 -0.046784 0.998823 0.000000 -0.556663 0.000000 0.000000 1.000000 0.000000
0.998671 0.047656 0.000000 20.028414 -0.047431 0.998806 0.000000 -0.583375 0.000000 0.000000 1.000000 0.000000
0.998584 0.049038 0.000000 20.627049 -0.048816 0.998746 0.000000 -0.613130 0.000000 0.000000 1.000000 0.000000
0.998624 0.049405 0.000000 21.184092 -0.049215 0.998727 0.000000 -0.640251 0.000000 0.000000 1.000000 0.000000
0.998650 0.050764 0.000000 21.793135 -0.050641 0.998653 0.000000 -0.671731 0.000000 0.000000 1.000000 0.000000
0.998582 0.053094 0.000000 22.350450 -0.053041 0.998511 0.000000 -0.703561 0.000000 0.000000 1.000000 0.000000
0.998548 0.053859 0.000000 22.886432 -0.053841 0.998452 0.000000 -0.734706 0.000000 0.000000 1.000000 0.000000
0.998473 0.055094 0.000000 23.428374 -0.055032 0.998390 0.000000 -0.769419 0.000000 0.000000 1.000000 0.000000
0.998209 0.057798 0.000000 24.569332 -0.057571 0.998232 0.000000 -0.840329 0.000000 0.000000 1.000000 0.000000
0.997938 0.061283 0.000000 25.494952 -0.060952 0.997988 0.000000 -0.899490 0.000000 0.000000 1.000000 0.000000
0.997786 0.064434 0.000000 26.066901 -0.064129 0.997772 0.000000 -0.939548 0.000000 0.000000 1.000000 0.000000
0.997765 0.065316 0.000000 26.544939 -0.065049 0.997708 0.000000 -0.971559 0.000000 0.000000 1.000000 0.000000
0.997541 0.068927 0.000000 27.170517 -0.068668 0.997443 0.000000 -1.015705 0.000000 0.000000 1.000000 0.000000
0.997283 0.072433 0.000000 27.712766 -0.072149 0.997181 0.000000 -1.059641 0.000000 0.000000 1.000000 0.000000
0.997101 0.074475 0.000000 28.349464 -0.074141 0.997027 0.000000 -1.110741 0.000000 0.000000 1.000000 0.000000
0.996824 0.077815 0.000000 28.866976 -0.077443 0.996762 0.000000 -1.154451 0.000000 0.000000 1.000000 0.000000
0.996273 0.084672 0.000000 30.011245 -0.084282 0.996173 0.000000 -1.254584 0.000000 0.000000 1.000000 0.000000
0.996082 0.087028 0.000000 30.540041 -0.086648 0.995964 0.000000 -1.302066 0.000000 0.000000 1.000000 0.000000
0.995859 0.089565 0.000000 31.155076 -0.089183 0.995735 0.000000 -1.359349 0.000000 0.000000 1.000000 0.000000
0.995604 0.092338 0.000000 31.598929 -0.091953 0.995481 0.000000 -1.403874 0.000000 0.000000 1.000000 0.000000
0.995351 0.094926 0.000000 32.202785 -0.094532 0.995246 0.000000 -1.465528 0.000000 0.000000 1.000000 0.000000
0.994847 0.099898 0.000000 33.096981 -0.099497 0.994779 0.000000 -1.558771 0.000000 0.000000 1.000000 0.000000
0.994523 0.102991 0.000000 33.715989 -0.102569 0.994455 0.000000 -1.625888 0.000000 0.000000 1.000000 0.000000
0.994224 0.105685 0.000000 34.257734 -0.105209 0.994141 0.000000 -1.687290 0.000000 0.000000 1.000000 0.000000
0.994049 0.107203 0.000000 34.779483 -0.106700 0.993967 0.000000 -1.747053 0.000000 0.000000 1.000000 0.000000
0.993826 0.109242 0.000000 35.436773 -0.108714 0.993721 0.000000 -1.821763 0.000000 0.000000 1.000000 0.000000
0.993579 0.111340 0.000000 35.960642 -0.110747 0.993437 0.000000 -1.883520 0.000000 0.000000 1.000000 0.000000
0.993339 0.113353 0.000000 36.496458 -0.112718 0.993187 0.000000 -1.946876 0.000000 0.000000 1.000000 0.000000
0.993031 0.116055 0.000000 37.097897 -0.115417 0.992867 0.000000 -2.018169 0.000000 0.000000 1.000000 0.000000
0.992827 0.117751 0.000000 37.628675 -0.117125 0.992687 0.000000 -2.083010 0.000000 0.000000 1.000000 0.000000
0.992569 0.119784 0.000000 38.187744 -0.119147 0.992455 0.000000 -2.153365 0.000000 0.000000 1.000000 0.000000
0.991990 0.123871 0.000000 39.147566 -0.123156 0.991976 0.000000 -2.276662 0.000000 0.000000 1.000000 0.000000
0.991598 0.126521 0.000000 39.715837 -0.125753 0.991651 0.000000 -2.352807 0.000000 0.000000 1.000000 0.000000
0.991322 0.128510 0.000000 40.291151 -0.127740 0.991413 0.000000 -2.428988 0.000000 0.000000 1.000000 0.000000
0.991086 0.130109 0.000000 40.859017 -0.129437 0.991292 0.000000 -2.503473 0.000000 0.000000 1.000000 0.000000
0.990824 0.131934 0.000000 41.416367 -0.131353 0.991114 0.000000 -2.579904 0.000000 0.000000 1.000000 0.000000
0.990550 0.133882 0.000000 41.974157 -0.133338 0.990877 0.000000 -2.657107 0.000000 0.000000 1.000000 0.000000
0.990199 0.135977 0.000000 42.567311 -0.135447 0.990617 0.000000 -2.739728 0.000000 0.000000 1.000000 0.000000
0.989941 0.137468 0.000000 43.102031 -0.136912 0.990413 0.000000 -2.814787 0.000000 0.000000 1.000000 0.000000
0.989741 0.138759 0.000000 43.618565 -0.138251 0.990254 0.000000 -2.887388 0.000000 0.000000 1.000000 0.000000
0.989623 0.139714 0.000000 44.227735 -0.139181 0.990108 0.000000 -2.974381 0.000000 0.000000 1.000000 0.000000
0.989546 0.140973 0.000000 44.738693 -0.140412 0.989894 0.000000 -3.049352 0.000000 0.000000 1.000000 0.000000
0.989342 0.143038 0.000000 45.308513 -0.142483 0.989568 0.000000 -3.134920 0.000000 0.000000 1.000000 0.000000
0.989181 0.144426 0.000000 45.909788 -0.143865 0.989343 0.000000 -3.226611 0.000000 0.000000 1.000000 0.000000
0.988915 0.146389 0.000000 46.399436 -0.145852 0.989057 0.000000 -3.302274 0.000000 0.000000 1.000000 0.000000
0.988393 0.149705 0.000000 47.367220 -0.149133 0.988555 0.000000 -3.454032 0.000000 0.000000 1.000000 0.000000
0.988073 0.151502 0.000000 47.910055 -0.150857 0.988261 0.000000 -3.539169 0.000000 0.000000 1.000000 0.000000
0.987559 0.154584 0.000000 48.437341 -0.153852 0.987750 0.000000 -3.626730 0.000000 0.000000 1.000000 0.000000
0.986932 0.157590 0.000000 49.509179 -0.156781 0.987304 0.000000 -3.799511 0.000000 0.000000 1.000000 0.000000
0.986452 0.160362 0.000000 50.108221 -0.159515 0.986853 0.000000 -3.899539 0.000000 0.000000 1.000000 0.000000
0.986180 0.162193 0.000000 50.616669 -0.161330 0.986535 0.000000 -3.984801 0.000000 0.000000 1.000000 0.000000
0.985849 0.164829 0.000000 51.654454 -0.164050 0.986096 0.000000 -4.161896 0.000000 0.000000 1.000000 0.000000
0.985509 0.167177 0.000000 52.215395 -0.166437 0.985697 0.000000 -4.259440 0.000000 0.000000 1.000000 0.000000
0.985240 0.168731 0.000000 52.738162 -0.167998 0.985439 0.000000 -4.351123 0.000000 0.000000 1.000000 0.000000
0.984936 0.170395 0.000000 53.233004 -0.169631 0.985145 0.000000 -4.441098 0.000000 0.000000 1.000000 0.000000
0.984206 0.174441 0.000000 54.127451 -0.173599 0.984400 0.000000 -4.600128 0.000000 0.000000 1.000000 0.000000
0.984023 0.175416 0.000000 54.627033 -0.174543 0.984214 0.000000 -4.688942 0.000000 0.000000 1.000000 0.000000
0.983674 0.177357 0.000000 55.156790 -0.176469 0.983858 0.000000 -4.785323 0.000000 0.000000 1.000000 0.000000
0.983473 0.178466 0.000000 55.637059 -0.177537 0.983630 0.000000 -4.872205 0.000000 0.000000 1.000000 0.000000
0.983154 0.180177 0.000000 56.081231 -0.179193 0.983285 0.000000 -4.952467 0.000000 0.000000 1.000000 0.000000
0.982661 0.182631 0.000000 56.646177 -0.181582 0.982817 0.000000 -5.059209 0.000000 0.000000 1.000000 0.000000
0.982166 0.185041 0.000000 57.090641 -0.183902 0.982338 0.000000 -5.146060 0.000000 0.000000 1.000000 0.000000
0.981443 0.188549 0.000000 57.789991 -0.187319 0.981650 0.000000 -5.281851 0.000000 0.000000 1.000000 0.000000
0.981126 0.190264 0.000000 58.189573 -0.189090 0.981350 0.000000 -5.361091 0.000000 0.000000 1.000000 0.000000
0.981020 0.191102 0.000000 58.583181 -0.190027 0.981216 0.000000 -5.439783 0.000000 0.000000 1.000000 0.000000
0.980754 0.192720 0.000000 59.073181 -0.191662 0.980876 0.000000 -5.538985 0.000000 0.000000 1.000000 0.000000
0.980213 0.195242 0.000000 59.492340 -0.194119 0.980365 0.000000 -5.626376 0.000000 0.000000 1.000000 0.000000
0.979864 0.196573 0.000000 59.885369 -0.195356 0.980095 0.000000 -5.708352 0.000000 0.000000 1.000000 0.000000
0.979239 0.198938 0.000000 60.607990 -0.197655 0.979666 0.000000 -5.858929 0.000000 0.000000 1.000000 0.000000
0.978789 0.200801 0.000000 61.006159 -0.199488 0.979304 0.000000 -5.942662 0.000000 0.000000 1.000000 0.000000
0.978565 0.201689 0.000000 61.456829 -0.200423 0.979165 0.000000 -6.036664 0.000000 0.000000 1.000000 0.000000
0.978591 0.201659 0.000000 61.816426 -0.200480 0.979206 0.000000 -6.111367 0.000000 0.000000 1.000000 0.000000
0.978447 0.202661 0.000000 62.200581 -0.201538 0.979003 0.000000 -6.192499 0.000000 0.000000 1.000000 0.000000
0.978298 0.203756 0.000000 62.626145 -0.202551 0.978699 0.000000 -6.283222 0.000000 0.000000 1.000000 0.000000
0.978019 0.205190 0.000000 62.977901 -0.203903 0.978339 0.000000 -6.357960 0.000000 0.000000 1.000000 0.000000
0.977665 0.207026 0.000000 63.356304 -0.205714 0.977917 0.000000 -6.441254 0.000000 0.000000 1.000000 0.000000
0.977451 0.208077 0.000000 63.689067 -0.206780 0.977699 0.000000 -6.514860 0.000000 0.000000 1.000000 0.000000
0.977085 0.209722 0.000000 64.036628 -0.208451 0.977376 0.000000 -6.594018 0.000000 0.000000 1.000000 0.000000
0.976223 0.213394 0.000000 64.695002 -0.212141 0.976634 0.000000 -6.745370 0.000000 0.000000 1.000000 0.000000
0.975767 0.215494 0.000000 65.048408 -0.214185 0.976139 0.000000 -6.827117 0.000000 0.000000 1.000000 0.000000
0.975493 0.216741 0.000000 65.362688 -0.215392 0.975838 0.000000 -6.898589 0.000000 0.000000 1.000000 0.000000
0.975350 0.217300 0.000000 65.736110 -0.215876 0.975679 0.000000 -6.983604 0.000000 0.000000 1.000000 0.000000
0.975049 0.218478 0.000000 66.041309 -0.217047 0.975435 0.000000 -7.054408 0.000000 0.000000 1.000000 0.000000
0.974701 0.219855 0.000000 66.322743 -0.218419 0.975147 0.000000 -7.119972 0.000000 0.000000 1.000000 0.000000
0.974039 0.222596 0.000000 66.682312 -0.221220 0.974580 0.000000 -7.205866 0.000000 0.000000 1.000000 0.000000
0.973645 0.224272 0.000000 66.980135 -0.222916 0.974212 0.000000 -7.278098 0.000000 0.000000 1.000000 0.000000
0.972972 0.227221 0.000000 67.523163 -0.225764 0.973472 0.000000 -7.411820 0.000000 0.000000 1.000000 0.000000
0.972854 0.227785 0.000000 67.816062 -0.226298 0.973318 0.000000 -7.480609 0.000000 0.000000 1.000000 0.000000
0.972479 0.229547 0.000000 68.115748 -0.228018 0.972858 0.000000 -7.553014 0.000000 0.000000 1.000000 0.000000
0.972056 0.231552 0.000000 68.420513 -0.230058 0.972374 0.000000 -7.627443 0.000000 0.000000 1.000000 0.000000
0.971630 0.233536 0.000000 68.717204 -0.232111 0.971914 0.000000 -7.701209 0.000000 0.000000 1.000000 0.000000
0.971214 0.235435 0.000000 69.002865 -0.234067 0.971466 0.000000 -7.773278 0.000000 0.000000 1.000000 0.000000
0.970720 0.237604 0.000000 69.295377 -0.236293 0.970954 0.000000 -7.848193 0.000000 0.000000 1.000000 0.000000
0.970386 0.238983 0.000000 69.553584 -0.237648 0.970597 0.000000 -7.913285 0.000000 0.000000 1.000000 0.000000
0.970027 0.240414 0.000000 69.804396 -0.239038 0.970222 0.000000 -7.977674 0.000000 0.000000 1.000000 0.000000
0.969326 0.243023 0.000000 70.246404 -0.241569 0.969560 0.000000 -8.093024 0.000000 0.000000 1.000000 0.000000
0.968740 0.245237 0.000000 70.486627 -0.243747 0.969002 0.000000 -8.156486 0.000000 0.000000 1.000000 0.000000
0.968288 0.247039 0.000000 70.770374 -0.245559 0.968549 0.000000 -8.232542 0.000000 0.000000 1.000000 0.000000
0.967922 0.248577 0.000000 71.022497 -0.247132 0.968161 0.000000 -8.301008 0.000000 0.000000 1.000000 0.000000
0.967634 0.249767 0.000000 71.280943 -0.248333 0.967850 0.000000 -8.371446 0.000000 0.000000 1.000000 0.000000
0.967254 0.251201 0.000000 71.529837 -0.249728 0.967461 0.000000 -8.440577 0.000000 0.000000 1.000000 0.000000
0.966791 0.252863 0.000000 71.780444 -0.251325 0.967009 0.000000 -8.510294 0.000000 0.000000 1.000000 0.000000
0.966436 0.254132 0.000000 71.989271 -0.252544 0.966662 0.000000 -8.567871 0.000000 0.000000 1.000000 0.000000
0.966087 0.255395 0.000000 72.258289 -0.253795 0.966335 0.000000 -8.642506 0.000000 0.000000 1.000000 0.000000
0.965729 0.256803 0.000000 72.528077 -0.255216 0.965960 0.000000 -8.716952 0.000000 0.000000 1.000000 0.000000
0.965704 0.256941 0.000000 72.779131 -0.255392 0.965940 0.000000 -8.786183 0.000000 0.000000 1.000000 0.000000
0.965378 0.258128 0.000000 73.013274 -0.256602 0.965647 0.000000 -8.852265 0.000000 0.000000 1.000000 0.000000
0.964801 0.260201 0.000000 73.437594 -0.258690 0.965117 0.000000 -8.971819 0.000000 0.000000 1.000000 0.000000
0.964463 0.261412 0.000000 73.715493 -0.259927 0.964813 0.000000 -9.051443 0.000000 0.000000 1.000000 0.000000
0.964210 0.262457 0.000000 73.975610 -0.260994 0.964525 0.000000 -9.124864 0.000000 0.000000 1.000000 0.000000
0.963917 0.263691 0.000000 74.228648 -0.262257 0.964178 0.000000 -9.199390 0.000000 0.000000 1.000000 0.000000
0.963697 0.264584 0.000000 74.490854 -0.263170 0.963931 0.000000 -9.275190 0.000000 0.000000 1.000000 0.000000
0.963482 0.265441 0.000000 74.767716 -0.264007 0.963666 0.000000 -9.354941 0.000000 0.000000 1.000000 0.000000
0.963147 0.266706 0.000000 75.026292 -0.265273 0.963309 0.000000 -9.428739 0.000000 0.000000 1.000000 0.000000
0.962946 0.267573 0.000000 75.321831 -0.266156 0.963048 0.000000 -9.513469 0.000000 0.000000 1.000000 0.000000
0.962694 0.268811 0.000000 75.603981 -0.267418 0.962633 0.000000 -9.595068 0.000000 0.000000 1.000000 0.000000
0.962298 0.270484 0.000000 75.848124 -0.269181 0.962155 0.000000 -9.667373 0.000000 0.000000 1.000000 0.000000
0.961787 0.272350 0.000000 76.142346 -0.271065 0.961629 0.000000 -9.754939 0.000000 0.000000 1.000000 0.000000
0.961487 0.273293 0.000000 76.387050 -0.271951 0.961354 0.000000 -9.827484 0.000000 0.000000 1.000000 0.000000
0.960686 0.276767 0.000000 77.153135 -0.275669 0.960289 0.000000 -10.059533 0.000000 0.000000 1.000000 0.000000
0.960356 0.278258 0.000000 77.411089 -0.277396 0.959883 0.000000 -10.139264 0.000000 0.000000 1.000000 0.000000
0.960071 0.279518 0.000000 77.723230 -0.278896 0.959540 0.000000 -10.235135 0.000000 0.000000 1.000000 0.000000
0.959766 0.280670 0.000000 77.981661 -0.280173 0.959211 0.000000 -10.314247 0.000000 0.000000 1.000000 0.000000
0.959592 0.281299 0.000000 78.275909 -0.280881 0.959094 0.000000 -10.402434 0.000000 0.000000 1.000000 0.000000
0.958812 0.284007 0.000000 78.832615 -0.283720 0.958358 0.000000 -10.574905 0.000000 0.000000 1.000000 0.000000
0.958422 0.285309 0.000000 79.116774 -0.285015 0.957997 0.000000 -10.662924 0.000000 0.000000 1.000000 0.000000
0.957999 0.286652 0.000000 79.390121 -0.286248 0.957593 0.000000 -10.747306 0.000000 0.000000 1.000000 0.000000
0.957242 0.288704 0.000000 79.843177 -0.287904 0.956944 0.000000 -10.889105 0.000000 0.000000 1.000000 0.000000
0.956564 0.290405 0.000000 80.150696 -0.289301 0.956415 0.000000 -10.986108 0.000000 0.000000 1.000000 0.000000
0.955414 0.293218 0.000000 80.680059 -0.291705 0.955552 0.000000 -11.153083 0.000000 0.000000 1.000000 0.000000
0.954553 0.295448 0.000000 80.984458 -0.293751 0.954880 0.000000 -11.252483 0.000000 0.000000 1.000000 0.000000
0.953579 0.297835 0.000000 81.323101 -0.295921 0.954158 0.000000 -11.362224 0.000000 0.000000 1.000000 0.000000
0.952656 0.299800 0.000000 81.657551 -0.297648 0.953572 0.000000 -11.470227 0.000000 0.000000 1.000000 0.000000
0.951670 0.301603 0.000000 82.008390 -0.299186 0.953045 0.000000 -11.584899 0.000000 0.000000 1.000000 0.000000
0.950177 0.304327 0.000000 82.578458 -0.301351 0.952156 0.000000 -11.771440 0.000000 0.000000 1.000000 0.000000
0.949398 0.306172 0.000000 82.878603 -0.302943 0.951528 0.000000 -11.869620 0.000000 0.000000 1.000000 0.000000
0.948582 0.308510 0.000000 83.271154 -0.305200 0.950765 0.000000 -11.998208 0.000000 0.000000 1.000000 0.000000
0.947997 0.310586 0.000000 83.621772 -0.307273 0.950066 0.000000 -12.115573 0.000000 0.000000 1.000000 0.000000
0.947542 0.313630 0.000000 84.268189 -0.310916 0.949132 0.000000 -12.335951 0.000000 0.000000 1.000000 0.000000
0.947413 0.316188 0.000000 84.901122 -0.314351 0.948396 0.000000 -12.554604 0.000000 0.000000 1.000000 0.000000
0.947293 0.317452 0.000000 85.277305 -0.315976 0.948016 0.000000 -12.683806 0.000000 0.000000 1.000000 0.000000
0.947041 0.318680 0.000000 85.675673 -0.317405 0.947630 0.000000 -12.820521 0.000000 0.000000 1.000000 0.000000
0.946821 0.319752 0.000000 86.098082 -0.318614 0.947273 0.000000 -12.966178 0.000000 0.000000 1.000000 0.000000
0.946250 0.321692 0.000000 86.520570 -0.320631 0.946614 0.000000 -13.113701 0.000000 0.000000 1.000000 0.000000
0.945884 0.322717 0.000000 86.906167 -0.321733 0.946310 0.000000 -13.248013 0.000000 0.000000 1.000000 0.000000
0.945428 0.323797 0.000000 87.338341 -0.322848 0.945986 0.000000 -13.399448 0.000000 0.000000 1.000000 0.000000
0.945106 0.324444 0.000000 88.003217 -0.323563 0.945812 0.000000 -13.632650 0.000000 0.000000 1.000000 0.000000
0.944428 0.326407 0.000000 88.795570 -0.325621 0.945163 0.000000 -13.912304 0.000000 0.000000 1.000000 0.000000
0.943937 0.327875 0.000000 89.249827 -0.327098 0.944655 0.000000 -14.073915 0.000000 0.000000 1.000000 0.000000
0.943527 0.329059 0.000000 89.703173 -0.328257 0.944237 0.000000 -14.234116 0.000000 0.000000 1.000000 0.000000
0.943220 0.329772 0.000000 90.153627 -0.328855 0.943968 0.000000 -14.392763 0.000000 0.000000 1.000000 0.000000
0.942824 0.330476 0.000000 90.651192 -0.329447 0.943720 0.000000 -14.568402 0.000000 0.000000 1.000000 0.000000
0.942258 0.331740 0.000000 91.105883 -0.330654 0.943283 0.000000 -14.731792 0.000000 0.000000 1.000000 0.000000
0.941727 0.333261 0.000000 91.574364 -0.332220 0.942757 0.000000 -14.900980 0.000000 0.000000 1.000000 0.000000
0.941596 0.334008 0.000000 92.113412 -0.333084 0.942500 0.000000 -15.094739 0.000000 0.000000 1.000000 0.000000
0.941270 0.335308 0.000000 92.582571 -0.334463 0.942037 0.000000 -15.264389 0.000000 0.000000 1.000000 0.000000
0.940632 0.337337 0.000000 93.051446 -0.336579 0.941320 0.000000 -15.437250 0.000000 0.000000 1.000000 0.000000
0.940413 0.338062 0.000000 93.552594 -0.337342 0.941063 0.000000 -15.623950 0.000000 0.000000 1.000000 0.000000
0.939222 0.341059 0.000000 94.475111 -0.340186 0.939961 0.000000 -15.968752 0.000000 0.000000 1.000000 0.000000
0.938607 0.342573 0.000000 95.012100 -0.341635 0.939406 0.000000 -16.171560 0.000000 0.000000 1.000000 0.000000
0.937958 0.344273 0.000000 95.524492 -0.343331 0.938789 0.000000 -16.364179 0.000000 0.000000 1.000000 0.000000
0.937310 0.345980 0.000000 96.018004 -0.345002 0.938156 0.000000 -16.550989 0.000000 0.000000 1.000000 0.000000
0.936411 0.348386 0.000000 96.626931 -0.347338 0.937249 0.000000 -16.782430 0.000000 0.000000 1.000000 0.000000
0.935688 0.350413 0.000000 97.446314 -0.349317 0.936473 0.000000 -17.094047 0.000000 0.000000 1.000000 0.000000
0.935191 0.351828 0.000000 97.953989 -0.350699 0.935924 0.000000 -17.288951 0.000000 0.000000 1.000000 0.000000
0.933388 0.356781 0.000000 99.030421 -0.355603 0.934011 0.000000 -17.706407 0.000000 0.000000 1.000000 0.000000
0.932549 0.358944 0.000000 99.751556 -0.357722 0.933171 0.000000 -17.990175 0.000000 0.000000 1.000000 0.000000
0.931754 0.360951 0.000000 100.294811 -0.359684 0.932387 0.000000 -18.205775 0.000000 0.000000 1.000000 0.000000
0.930779 0.363318 0.000000 100.881434 -0.361968 0.931457 0.000000 -18.441294 0.000000 0.000000 1.000000 0.000000
0.929667 0.366029 0.000000 101.446754 -0.364606 0.930386 0.000000 -18.670593 0.000000 0.000000 1.000000 0.000000
0.929188 0.367328 0.000000 102.016805 -0.365920 0.929869 0.000000 -18.900493 0.000000 0.000000 1.000000 0.000000
0.928560 0.369116 0.000000 102.616740 -0.367736 0.929143 0.000000 -19.142429 0.000000 0.000000 1.000000 0.000000
0.927848 0.371007 0.000000 103.180218 -0.369635 0.928376 0.000000 -19.373185 0.000000 0.000000 1.000000 0.000000
0.927028 0.373128 0.000000 103.725171 -0.371751 0.927512 0.000000 -19.598044 0.000000 0.000000 1.000000 0.000000
0.926070 0.375475 0.000000 104.266716 -0.374069 0.926558 0.000000 -19.824116 0.000000 0.000000 1.000000 0.000000
0.925131 0.377647 0.000000 104.841471 -0.376191 0.925682 0.000000 -20.065556 0.000000 0.000000 1.000000 0.000000
0.924569 0.378924 0.000000 105.423552 -0.377447 0.925169 0.000000 -20.309727 0.000000 0.000000 1.000000 0.000000
0.923966 0.380327 0.000000 106.011883 -0.378862 0.924610 0.000000 -20.558149 0.000000 0.000000 1.000000 0.000000
0.923745 0.380821 0.000000 106.569692 -0.379379 0.924423 0.000000 -20.792177 0.000000 0.000000 1.000000 0.000000
0.922316 0.384188 0.000000 107.626543 -0.382695 0.923025 0.000000 -21.242324 0.000000 0.000000 1.000000 0.000000
0.921601 0.385886 0.000000 108.259759 -0.384389 0.922319 0.000000 -21.514817 0.000000 0.000000 1.000000 0.000000
0.920949 0.387405 0.000000 108.859024 -0.385927 0.921695 0.000000 -21.771997 0.000000 0.000000 1.000000 0.000000
0.920215 0.389159 0.000000 109.456247 -0.387702 0.920964 0.000000 -22.029301 0.000000 0.000000 1.000000 0.000000
0.919624 0.390526 0.000000 110.004250 -0.389056 0.920385 0.000000 -22.271007 0.000000 0.000000 1.000000 0.000000
0.918956 0.392030 0.000000 110.617230 -0.390523 0.919743 0.000000 -22.542674 0.000000 0.000000 1.000000 0.000000
0.918355 0.393325 0.000000 111.151203 -0.391819 0.919206 0.000000 -22.779395 0.000000 0.000000 1.000000 0.000000
0.917526 0.395221 0.000000 111.767161 -0.393712 0.918398 0.000000 -23.053224 0.000000 0.000000 1.000000 0.000000
0.917385 0.395628 0.000000 112.281971 -0.394181 0.918233 0.000000 -23.276038 0.000000 0.000000 1.000000 0.000000
0.916710 0.397253 0.000000 112.925520 -0.395929 0.917564 0.000000 -23.558946 0.000000 0.000000 1.000000 0.000000
0.916565 0.397503 0.000000 113.524957 -0.396288 0.917495 0.000000 -23.822995 0.000000 0.000000 1.000000 0.000000
0.915691 0.399348 0.000000 114.187616 -0.398116 0.916705 0.000000 -24.118566 0.000000 0.000000 1.000000 0.000000
0.914652 0.401320 0.000000 114.931475 -0.400063 0.915866 0.000000 -24.454200 0.000000 0.000000 1.000000 0.000000
0.913687 0.403333 0.000000 115.475545 -0.402102 0.914997 0.000000 -24.701142 0.000000 0.000000 1.000000 0.000000
0.912973 0.404846 0.000000 116.090734 -0.403673 0.914343 0.000000 -24.980562 0.000000 0.000000 1.000000 0.000000
0.911658 0.407704 0.000000 117.065388 -0.406604 0.913087 0.000000 -25.423311 0.000000 0.000000 1.000000 0.000000
0.910909 0.409372 0.000000 117.686264 -0.408277 0.912341 0.000000 -25.707497 0.000000 0.000000 1.000000 0.000000
0.910177 0.411133 0.000000 118.321926 -0.410001 0.911540 0.000000 -26.004901 0.000000 0.000000 1.000000 0.000000
0.909728 0.412266 0.000000 118.908442 -0.411132 0.911023 0.000000 -26.278272 0.000000 0.000000 1.000000 0.000000
0.908892 0.414245 0.000000 119.574456 -0.413133 0.910123 0.000000 -26.588855 0.000000 0.000000 1.000000 0.000000
0.907943 0.416432 0.000000 120.138133 -0.415308 0.909117 0.000000 -26.855376 0.000000 0.000000 1.000000 0.000000
0.907398 0.417623 0.000000 120.715748 -0.416511 0.908574 0.000000 -27.127532 0.000000 0.000000 1.000000 0.000000
0.906392 0.419763 0.000000 121.826186 -0.418590 0.907579 0.000000 -27.653028 0.000000 0.000000 1.000000 0.000000
0.905855 0.420965 0.000000 122.419316 -0.419695 0.907002 0.000000 -27.934958 0.000000 0.000000 1.000000 0.000000
0.904926 0.423054 0.000000 123.100986 -0.421784 0.906023 0.000000 -28.262318 0.000000 0.000000 1.000000 0.000000
0.904556 0.424008 0.000000 123.643535 -0.422726 0.905562 0.000000 -28.523078 0.000000 0.000000 1.000000 0.000000
0.902643 0.428118 0.000000 124.905825 -0.426666 0.903579 0.000000 -29.142342 0.000000 0.000000 1.000000 0.000000
0.902140 0.429096 0.000000 125.450233 -0.427573 0.903105 0.000000 -29.409936 0.000000 0.000000 1.000000 0.000000
0.901086 0.431359 0.000000 126.083662 -0.429805 0.902012 0.000000 -29.721333 0.000000 0.000000 1.000000 0.000000
0.900327 0.433117 0.000000 126.647008 -0.431608 0.901161 0.000000 -30.000375 0.000000 0.000000 1.000000 0.000000
0.899416 0.435093 0.000000 127.206199 -0.433614 0.900207 0.000000 -30.276037 0.000000 0.000000 1.000000 0.000000
0.892716 0.449064 0.000000 131.619827 -0.447639 0.893283 0.000000 -32.499889 0.000000 0.000000 1.000000 0.000000
0.892405 0.449746 0.000000 132.219124 -0.448316 0.892925 0.000000 -32.808081 0.000000 0.000000 1.000000 0.000000
0.891235 0.452087 0.000000 132.827733 -0.450586 0.891708 0.000000 -33.124047 0.000000 0.000000 1.000000 0.000000
0.890719 0.453080 0.000000 133.362389 -0.451555 0.891202 0.000000 -33.400311 0.000000 0.000000 1.000000 0.000000
0.889739 0.454996 0.000000 133.941917 -0.453485 0.890234 0.000000 -33.703164 0.000000 0.000000 1.000000 0.000000
0.888495 0.457459 0.000000 134.490540 -0.455947 0.888963 0.000000 -33.991089 0.000000 0.000000 1.000000 0.000000
0.887976 0.458514 0.000000 135.056546 -0.456998 0.888408 0.000000 -34.287953 0.000000 0.000000 1.000000 0.000000
0.886063 0.462189 0.000000 135.790453 -0.460661 0.886503 0.000000 -34.676918 0.000000 0.000000 1.000000 0.000000
0.885086 0.463990 0.000000 136.364018 -0.462380 0.885546 0.000000 -34.982613 0.000000 0.000000 1.000000 0.000000
0.885103 0.463865 0.000000 136.962452 -0.462169 0.885601 0.000000 -35.297551 0.000000 0.000000 1.000000 0.000000
0.884450 0.465025 0.000000 137.822224 -0.463249 0.884984 0.000000 -35.753093 0.000000 0.000000 1.000000 0.000000
0.883234 0.467253 0.000000 138.463905 -0.465470 0.883830 0.000000 -36.093886 0.000000 0.000000 1.000000 0.000000
0.882257 0.469131 0.000000 138.999341 -0.467336 0.882822 0.000000 -36.379762 0.000000 0.000000 1.000000 0.000000
0.881755 0.470160 0.000000 139.530520 -0.468385 0.882261 0.000000 -36.664668 0.000000 0.000000 1.000000 0.000000
0.880680 0.472271 0.000000 140.151418 -0.470543 0.881127 0.000000 -37.001627 0.000000 0.000000 1.000000 0.000000
0.880187 0.473249 0.000000 140.979371 -0.471580 0.880612 0.000000 -37.452895 0.000000 0.000000 1.000000 0.000000
0.880050 0.473575 0.000000 141.525999 -0.471858 0.880391 0.000000 -37.748848 0.000000 0.000000 1.000000 0.000000
0.879836 0.473900 0.000000 142.094434 -0.472179 0.880240 0.000000 -38.056679 0.000000 0.000000 1.000000 0.000000
0.879922 0.473833 0.000000 142.624219 -0.472055 0.880217 0.000000 -38.342304 0.000000 0.000000 1.000000 0.000000
0.879630 0.474482 0.000000 143.376315 -0.472692 0.879820 0.000000 -38.750441 0.000000 0.000000 1.000000 0.000000
0.879434 0.474806 0.000000 143.945987 -0.473020 0.879664 0.000000 -39.059225 0.000000 0.000000 1.000000 0.000000
0.878957 0.475671 0.000000 144.536871 -0.473930 0.879228 0.000000 -39.380787 0.000000 0.000000 1.000000 0.000000
0.878751 0.476100 0.000000 145.060797 -0.474432 0.879014 0.000000 -39.666338 0.000000 0.000000 1.000000 0.000000
0.878675 0.476504 0.000000 145.656279 -0.474910 0.878720 0.000000 -39.991298 0.000000 0.000000 1.000000 0.000000
0.877576 0.479101 0.000000 146.709130 -0.477796 0.877055 0.000000 -40.574120 0.000000 0.000000 1.000000 0.000000
0.877337 0.479640 0.000000 147.182864 -0.478441 0.876704 0.000000 -40.837527 0.000000 0.000000 1.000000 0.000000
0.876287 0.481618 0.000000 147.704754 -0.480417 0.875491 0.000000 -41.133253 0.000000 0.000000 1.000000 0.000000
0.875933 0.482280 0.000000 148.228824 -0.480973 0.874958 0.000000 -41.425304 0.000000 0.000000 1.000000 0.000000
0.875664 0.482774 0.000000 148.717005 -0.481359 0.874549 0.000000 -41.698997 0.000000 0.000000 1.000000 0.000000
0.875248 0.483528 0.000000 149.266396 -0.481965 0.873957 0.000000 -42.010107 0.000000 0.000000 1.000000 0.000000
0.874901 0.484121 0.000000 149.913642 -0.482363 0.873514 0.000000 -42.379321 0.000000 0.000000 1.000000 0.000000
0.874195 0.485319 0.000000 150.441644 -0.483440 0.872932 0.000000 -42.677697 0.000000 0.000000 1.000000 0.000000
0.873976 0.485641 0.000000 150.932899 -0.483666 0.872820 0.000000 -42.952146 0.000000 0.000000 1.000000 0.000000
0.873375 0.486672 0.000000 151.465888 -0.484622 0.872271 0.000000 -43.253197 0.000000 0.000000 1.000000 0.000000
0.872468 0.488269 0.000000 151.999596 -0.486199 0.871416 0.000000 -43.558471 0.000000 0.000000 1.000000 0.000000
0.871804 0.489434 0.000000 152.474487 -0.487393 0.870826 0.000000 -43.832779 0.000000 0.000000 1.000000 0.000000
0.870761 0.491282 0.000000 153.044978 -0.489294 0.869852 0.000000 -44.160841 0.000000 0.000000 1.000000 0.000000
0.870119 0.492394 0.000000 153.471191 -0.490427 0.869282 0.000000 -44.406350 0.000000 0.000000 1.000000 0.000000
0.869746 0.493022 0.000000 153.937660 -0.491047 0.868966 0.000000 -44.672666 0.000000 0.000000 1.000000 0.000000
0.868873 0.494515 0.000000 154.483485 -0.492531 0.868174 0.000000 -44.986660 0.000000 0.000000 1.000000 0.000000
0.867682 0.496557 0.000000 155.146894 -0.494562 0.867061 0.000000 -45.371897 0.000000 0.000000 1.000000 0.000000
0.866705 0.498223 0.000000 155.663315 -0.496244 0.866164 0.000000 -45.672481 0.000000 0.000000 1.000000 0.000000
0.866234 0.499075 0.000000 156.158673 -0.497144 0.865677 0.000000 -45.960125 0.000000 0.000000 1.000000 0.000000
0.865576 0.500232 0.000000 156.650726 -0.498348 0.865028 0.000000 -46.246316 0.000000 0.000000 1.000000 0.000000
0.865219 0.500842 0.000000 157.166768 -0.498971 0.864696 0.000000 -46.545610 0.000000 0.000000 1.000000 0.000000
0.864005 0.502943 0.000000 157.640143 -0.501079 0.863477 0.000000 -46.827075 0.000000 0.000000 1.000000 0.000000
0.862870 0.504889 0.000000 158.329225 -0.502982 0.862312 0.000000 -47.237695 0.000000 0.000000 1.000000 0.000000
0.862375 0.505752 0.000000 158.760913 -0.503870 0.861809 0.000000 -47.494556 0.000000 0.000000 1.000000 0.000000
0.861376 0.507523 0.000000 159.257391 -0.505735 0.860758 0.000000 -47.794743 0.000000 0.000000 1.000000 0.000000
0.860928 0.508343 0.000000 159.716115 -0.506655 0.860277 0.000000 -48.070998 0.000000 0.000000 1.000000 0.000000
0.860335 0.509375 0.000000 160.205359 -0.507767 0.859695 0.000000 -48.368056 0.000000 0.000000 1.000000 0.000000
0.859431 0.510908 0.000000 160.665035 -0.509347 0.858815 0.000000 -48.648979 0.000000 0.000000 1.000000 0.000000
0.859051 0.511520 0.000000 161.306378 -0.509935 0.858473 0.000000 -49.038236 0.000000 0.000000 1.000000 0.000000
0.858648 0.512153 0.000000 161.780759 -0.510521 0.858115 0.000000 -49.325360 0.000000 0.000000 1.000000 0.000000
0.857735 0.513641 0.000000 162.259080 -0.511979 0.857255 0.000000 -49.617301 0.000000 0.000000 1.000000 0.000000
0.856757 0.515228 0.000000 162.737479 -0.513533 0.856328 0.000000 -49.911359 0.000000 0.000000 1.000000 0.000000
0.856254 0.516040 0.000000 163.187623 -0.514317 0.855846 0.000000 -50.187452 0.000000 0.000000 1.000000 0.000000
0.855683 0.516990 0.000000 163.694346 -0.515284 0.855284 0.000000 -50.497698 0.000000 0.000000 1.000000 0.000000
0.854898 0.518334 0.000000 164.159812 -0.516632 0.854425 0.000000 -50.786377 0.000000 0.000000 1.000000 0.000000
0.854500 0.519008 0.000000 164.608398 -0.517309 0.853996 0.000000 -51.066119 0.000000 0.000000 1.000000 0.000000
0.853340 0.520906 0.000000 165.131756 -0.519213 0.852860 0.000000 -51.398431 0.000000 0.000000 1.000000 0.000000
0.852084 0.522942 0.000000 165.597095 -0.521234 0.851627 0.000000 -51.694555 0.000000 0.000000 1.000000 0.000000
0.851108 0.524498 0.000000 166.037109 -0.522765 0.850687 0.000000 -51.978029 0.000000 0.000000 1.000000 0.000000
0.850298 0.525796 0.000000 166.537112 -0.524036 0.849887 0.000000 -52.300351 0.000000 0.000000 1.000000 0.000000
0.849121 0.527679 0.000000 167.000347 -0.525924 0.848743 0.000000 -52.597116 0.000000 0.000000 1.000000 0.000000
0.847748 0.529871 0.000000 167.436836 -0.528136 0.847406 0.000000 -52.881327 0.000000 0.000000 1.000000 0.000000
0.846431 0.531934 0.000000 167.969964 -0.530211 0.846163 0.000000 -53.229971 0.000000 0.000000 1.000000 0.000000
0.845996 0.532606 0.000000 168.433468 -0.530929 0.845789 0.000000 -53.531697 0.000000 0.000000 1.000000 0.000000
0.845732 0.533034 0.000000 168.897591 -0.531402 0.845541 0.000000 -53.834151 0.000000 0.000000 1.000000 0.000000
0.844871 0.534409 0.000000 169.381446 -0.532760 0.844656 0.000000 -54.148990 0.000000 0.000000 1.000000 0.000000
0.844141 0.535584 0.000000 169.823611 -0.533904 0.843872 0.000000 -54.439980 0.000000 0.000000 1.000000 0.000000
0.842790 0.537741 0.000000 170.305749 -0.536041 0.842462 0.000000 -54.760643 0.000000 0.000000 1.000000 0.000000
0.841838 0.539257 0.000000 170.930959 -0.537549 0.841461 0.000000 -55.173830 0.000000 0.000000 1.000000 0.000000
0.841010 0.540592 0.000000 171.404836 -0.538914 0.840578 0.000000 -55.489729 0.000000 0.000000 1.000000 0.000000
0.840466 0.541457 0.000000 171.848783 -0.539813 0.840024 0.000000 -55.785184 0.000000 0.000000 1.000000 0.000000
0.839956 0.542267 0.000000 172.336935 -0.540596 0.839460 0.000000 -56.110407 0.000000 0.000000 1.000000 0.000000
0.839252 0.543346 0.000000 172.946301 -0.541609 0.838729 0.000000 -56.514529 0.000000 0.000000 1.000000 0.000000
0.837551 0.545971 0.000000 173.884967 -0.544225 0.837015 0.000000 -57.141265 0.000000 0.000000 1.000000 0.000000
0.837074 0.546737 0.000000 174.341969 -0.544998 0.836474 0.000000 -57.447221 0.000000 0.000000 1.000000 0.000000
0.836247 0.547977 0.000000 174.802468 -0.546192 0.835664 0.000000 -57.757976 0.000000 0.000000 1.000000 0.000000
0.835982 0.548363 0.000000 175.259765 -0.546542 0.835411 0.000000 -58.064111 0.000000 0.000000 1.000000 0.000000
0.835344 0.549391 0.000000 175.786239 -0.547573 0.834655 0.000000 -58.417652 0.000000 0.000000 1.000000 0.000000
0.835716 0.548903 0.000000 176.247187 -0.547179 0.834911 0.000000 -58.727417 0.000000 0.000000 1.000000 0.000000
0.836344 0.548006 0.000000 176.695931 -0.546441 0.835510 0.000000 -59.028107 0.000000 0.000000 1.000000 0.000000
0.837005 0.547061 0.000000 177.158154 -0.545643 0.836096 0.000000 -59.337183 0.000000 0.000000 1.000000 0.000000
0.836957 0.547138 0.000000 177.533407 -0.545731 0.836042 0.000000 -59.589261 0.000000 0.000000 1.000000 0.000000
0.837109 0.546891 0.000000 177.991258 -0.545454 0.836219 0.000000 -59.896895 0.000000 0.000000 1.000000 0.000000
0.836328 0.548048 0.000000 178.453274 -0.546541 0.835491 0.000000 -60.206147 0.000000 0.000000 1.000000 0.000000
0.836577 0.547611 0.000000 178.882824 -0.546065 0.835865 0.000000 -60.493063 0.000000 0.000000 1.000000 0.000000
0.837030 0.546899 0.000000 179.318983 -0.545393 0.836403 0.000000 -60.783890 0.000000 0.000000 1.000000 0.000000
0.837216 0.546591 0.000000 179.740605 -0.545134 0.836678 0.000000 -61.064829 0.000000 0.000000 1.000000 0.000000
0.837500 0.546157 0.000000 180.195470 -0.544731 0.836985 0.000000 -61.366156 0.000000 0.000000 1.000000 0.000000
0.837799 0.545697 0.000000 180.616390 -0.544290 0.837301 0.000000 -61.645508 0.000000 0.000000 1.000000 0.000000
0.837752 0.545744 0.000000 181.080635 -0.544409 0.837362 0.000000 -61.952833 0.000000 0.000000 1.000000 0.000000
0.837493 0.546095 0.000000 181.494745 -0.544839 0.837242 0.000000 -62.226941 0.000000 0.000000 1.000000 0.000000
0.837739 0.545676 0.000000 181.935129 -0.544484 0.837597 0.000000 -62.519121 0.000000 0.000000 1.000000 0.000000
0.837406 0.546131 0.000000 182.353496 -0.545020 0.837392 0.000000 -62.799852 0.000000 0.000000 1.000000 0.000000
0.837765 0.545541 0.000000 182.783937 -0.544462 0.837816 0.000000 -63.086298 0.000000 0.000000 1.000000 0.000000
0.838370 0.544519 0.000000 183.344761 -0.543457 0.838536 0.000000 -63.458321 0.000000 0.000000 1.000000 0.000000
0.839306 0.542967 0.000000 183.817910 -0.541921 0.839588 0.000000 -63.772012 0.000000 0.000000 1.000000 0.000000
0.840265 0.541368 0.000000 184.243121 -0.540348 0.840662 0.000000 -64.051193 0.000000 0.000000 1.000000 0.000000
0.841864 0.538737 0.000000 184.729560 -0.537723 0.842381 0.000000 -64.369923 0.000000 0.000000 1.000000 0.000000
0.843804 0.535601 0.000000 185.298960 -0.534592 0.844394 0.000000 -64.742863 0.000000 0.000000 1.000000 0.000000
0.845087 0.533515 0.000000 185.752655 -0.532588 0.845739 0.000000 -65.036057 0.000000 0.000000 1.000000 0.000000
0.847254 0.530122 0.000000 186.205093 -0.529248 0.847873 0.000000 -65.326166 0.000000 0.000000 1.000000 0.000000
0.849102 0.527241 0.000000 186.657034 -0.526399 0.849662 0.000000 -65.615014 0.000000 0.000000 1.000000 0.000000
0.851381 0.523697 0.000000 187.070887 -0.522921 0.851845 0.000000 -65.875990 0.000000 0.000000 1.000000 0.000000
0.857531 0.513775 0.000000 187.978607 -0.513169 0.857872 0.000000 -66.438547 0.000000 0.000000 1.000000 0.000000
0.861064 0.507956 0.000000 188.441989 -0.507405 0.861321 0.000000 -66.718185 0.000000 0.000000 1.000000 0.000000
0.864413 0.502308 0.000000 188.841865 -0.501804 0.864625 0.000000 -66.958204 0.000000 0.000000 1.000000 0.000000
0.868198 0.495763 0.000000 189.296865 -0.495328 0.868409 0.000000 -67.227705 0.000000 0.000000 1.000000 0.000000
0.871815 0.489383 0.000000 189.715693 -0.489009 0.872035 0.000000 -67.471001 0.000000 0.000000 1.000000 0.000000
0.875413 0.482907 0.000000 190.135071 -0.482566 0.875646 0.000000 -67.710643 0.000000 0.000000 1.000000 0.000000
0.882904 0.468970 0.000000 190.949545 -0.468677 0.883205 0.000000 -68.159179 0.000000 0.000000 1.000000 0.000000
0.887397 0.460389 0.000000 191.405835 -0.460089 0.887707 0.000000 -68.402351 0.000000 0.000000 1.000000 0.000000
0.891626 0.452155 0.000000 191.829200 -0.451868 0.891929 0.000000 -68.620786 0.000000 0.000000 1.000000 0.000000
0.896584 0.442234 0.000000 192.414529 -0.441973 0.896893 0.000000 -68.917821 0.000000 0.000000 1.000000 0.000000
