1.000000 0.000264 0.000000 0.816308 -0.000264 1.000000 0.000000 -0.016152 0.000000 0.000000 1.000000 0.000000
0.999999 0.001298 0.000000 1.391401 -0.001298 0.999999 0.000000 -0.018376 0.000000 0.000000 1.000000 0.000000
0.999994 0.003476 0.000000 1.937053 -0.003476 0.999994 0.000000 -0.031398 0.000000 0.000000 1.000000 0.000000
0.999996 0.002784 0.000000 2.522163 -0.002784 0.999996 0.000000 -0.046897 0.000000 0.000000 1.000000 0.000000
0.999990 0.004452 0.000000 3.100633 -0.004452 0.999990 0.000000 -0.058119 0.000000 0.000000 1.000000 0.000000
0.999982 0.006070 0.000000 3.678006 -0.006070 0.999982 0.000000 -0.067336 0.000000 0.000000 1.000000 0.000000
0.999977 0.006775 0.000000 4.219299 -0.006775 0.999977 0.000000 -0.079757 0.000000 0.000000 1.000000 0.000000
0.999983 0.005881 0.000000 4.800424 -0.005881 0.999983 0.000000 -0.093216 0.000000 0.000000 1.000000 0.000000
0.999949 0.010118 0.000000 5.380586 -0.010118 0.999949 0.000000 -0.106180 0.000000 0.000000 1.000000 0.000000
0.999861 0.016701 0.000000 5.922511 -0.016701 0.999861 0.000000 -0.109301 0.000000 0.000000 1.000000 0.000000
0.999821 0.018898 0.000000 6.506583 -0.018898 0.999821 0.000000 -0.128875 0.000000 0.000000 1.000000 0.000000
0.999743 0.022684 0.000000 7.642863 -0.022684 0.999743 0.000000 -0.158495 0.000000 0.000000 1.000000 0.000000
0.999700 0.024504 0.000000 8.223555 -0.024504 0.999700 0.000000 -0.177729 0.000000 0.000000 1.000000 0.000000
0.999668 0.025772 0.000000 9.027565 -0.025772 0.999668 0.000000 -0.199191 0.000000 0.000000 1.000000 0.000000
0.999643 0.026702 0.000000 9.600831 -0.026702 0.999643 0.000000 -0.223587 0.000000 0.000000 1.000000 0.000000
0.999621 0.027542 0.000000 10.185314 -0.027542 0.999621 0.000000 -0.240028 0.000000 0.000000 1.000000 0.000000
0.999592 0.028573 0.000000 10.770366 -0.028573 0.999592 0.000000 -0.263120 0.000000 0.000000 1.000000 0.000000
0.999569 0.029361 0.000000 11.314423 -0.029361 0.999569 0.000000 -0.294475 0.000000 0.000000 1.000000 0.000000
0.999528 0.030733 0.000000 11.897094 -0.030733 0.999528 0.000000 -0.315428 0.000000 0.000000 1.000000 0.000000
0.999521 0.030954 0.000000 12.441317 -0.030954 0.999521 0.000000 -0.332402 0.000000 0.000000 1.000000 0.000000
0.999462 0.032786 0.000000 13.017423 -0.032786 0.999462 0.000000 -0.347576 0.000000 0.000000 1.000000 0.000000
0.999472 0.032489 0.000000 13.577793 -0.032489 0.999472 0.000000 -0.375889 0.000000 0.000000 1.000000 0.000000
0.999415 0.034195 0.000000 14.143375 -0.034195 0.999415 0.000000 -0.397305 0.000000 0.000000 1.000000 0.000000
0.999352 0.036007 0.000000 14.719005 -0.036007 0.999352 0.000000 -0.419307 0.000000 0.000000 1.000000 0.000000
0.999285 0.037801 0.000000 15.468881 -0.037801 0.999285 0.000000 -0.453632 0.000000 0.000000 1.000000 0.000000
0.999255 0.038585 0.000000 16.084237 -0.038585 0.999255 0.000000 -0.480197 0.000000 0.000000 1.000000 0.000000
0.999176 0.040575 0.000000 16.622716 -0.040575 0.999176 0.000000 -0.498722 0.000000 0.000000 1.000000 0.000000
0.999098 0.042472 0.000000 17.237246 -0.042472 0.999098 0.000000 -0.517991 0.000000 0.000000 1.000000 0.000000
0.999063 0.043283 0.000000 17.812956 -0.043283 0.999063 0.000000 -0.550213 0.000000 0.000000 1.000000 0.000000
0.998888 0.047145 0.000000 18.389293 -0.047145 0.998888 0.000000 -0.571854 0.000000 0.000000 1.000000 0.000000
0.998812 0.048733 0.000000 18.963839 -0.048733 0.998812 0.000000 -0.605862 0.000000 0.000000 1.000000 0.000000
0.998664 0.051675 0.000000 19.537831 -0.051675 0.998664 0.000000 -0.634586 0.000000 0.000000 1.000000 0.000000
0.998608 0.052738 0.000000 20.112327 -0.052738 0.998608 0.000000 -0.671239 0.000000 0.000000 1.000000 0.000000
0.998445 0.055745 0.000000 20.685782 -0.055745 0.998445 0.000000 -0.709919 0.000000 0.000000 1.000000 0.000000
0.998283 0.058580 0.000000 21.258705 -0.058580 0.998283 0.000000 -0.749225 0.000000 0.000000 1.000000 0.000000
0.998250 0.059134 0.000000 21.830290 -0.059134 0.998250 0.000000 -0.791789 0.000000 0.000000 1.000000 0.000000
0.997959 0.063863 0.000000 22.376066 -0.063863 0.997959 0.000000 -0.829166 0.000000 0.000000 1.000000 0.000000
0.997899 0.064796 0.000000 22.943330 -0.064796 0.997899 0.000000 -0.867518 0.000000 0.000000 1.000000 0.000000
0.997953 0.063953 0.000000 24.035193 -0.063953 0.997953 0.000000 -0.953693 0.000000 0.000000 1.000000 0.000000
0.998150 0.060793 0.000000 24.966238 -0.060793 0.998150 0.000000 -1.041018 0.000000 0.000000 1.000000 0.000000
0.998066 0.062164 0.000000 25.529354 -0.062164 0.998066 0.000000 -1.089842 0.000000 0.000000 1.000000 0.000000
0.997956 0.063897 0.000000 26.092389 -0.063897 0.997956 0.000000 -1.132623 0.000000 0.000000 1.000000 0.000000
0.998248 0.059176 0.000000 26.654372 -0.059176 0.998248 0.000000 -1.187214 0.000000 0.000000 1.000000 0.000000
0.998377 0.056951 0.000000 27.216146 -0.056951 0.998377 0.000000 -1.238308 0.000000 0.000000 1.000000 0.000000
0.997763 0.066845 0.000000 27.813366 -0.066845 0.997763 0.000000 -1.279219 0.000000 0.000000 1.000000 0.000000
0.997287 0.073614 0.000000 28.373571 -0.073614 0.997287 0.000000 -1.316746 0.000000 0.000000 1.000000 0.000000
0.997611 0.069087 0.000000 29.493708 -0.069087 0.997611 0.000000 -1.454750 0.000000 0.000000 1.000000 0.000000
0.997485 0.070884 0.000000 30.051461 -0.070884 0.997485 0.000000 -1.512032 0.000000 0.000000 1.000000 0.000000
0.997542 0.070068 0.000000 30.611706 -0.070068 0.997542 0.000000 -1.573692 0.000000 0.000000 1.000000 0.000000
0.997683 0.068032 0.000000 31.132086 -0.068032 0.997683 0.000000 -1.627330 0.000000 0.000000 1.000000 0.000000
0.997423 0.071746 0.000000 31.691546 -0.071746 0.997423 0.000000 -1.676011 0.000000 0.000000 1.000000 0.000000
0.997458 0.071261 0.000000 32.583701 -0.071261 0.997458 0.000000 -1.756798 0.000000 0.000000 1.000000 0.000000
0.997403 0.072028 0.000000 33.180842 -0.072028 0.997403 0.000000 -1.808070 0.000000 0.000000 1.000000 0.000000
0.997482 0.070913 0.000000 33.738612 -0.070913 0.997482 0.000000 -1.860226 0.000000 0.000000 1.000000 0.000000
0.997400 0.072063 0.000000 34.297925 -0.072063 0.997400 0.000000 -1.907591 0.000000 0.000000 1.000000 0.000000
0.997435 0.071572 0.000000 34.856387 -0.071572 0.997435 0.000000 -1.960668 0.000000 0.000000 1.000000 0.000000
0.997279 0.073716 0.000000 35.416399 -0.073716 0.997279 0.000000 -2.009792 0.000000 0.000000 1.000000 0.000000
0.997487 0.070847 0.000000 35.972156 -0.070847 0.997487 0.000000 -2.068386 0.000000 0.000000 1.000000 0.000000
0.997332 0.073003 0.000000 36.537909 -0.073003 0.997332 0.000000 -2.107919 0.000000 0.000000 1.000000 0.000000
0.997270 0.073840 0.000000 37.095812 -0.073840 0.997270 0.000000 -2.159365 0.000000 0.000000 1.000000 0.000000
0.997170 0.075185 0.000000 37.619373 -0.075185 0.997170 0.000000 -2.203671 0.000000 0.000000 1.000000 0.000000
0.996605 0.082332 0.000000 38.560299 -0.082332 0.996605 0.000000 -2.291746 0.000000 0.000000 1.000000 0.000000
0.996472 0.083928 0.000000 39.118681 -0.083928 0.996472 0.000000 -2.337358 0.000000 0.000000 1.000000 0.000000
0.996411 0.084652 0.000000 39.678568 -0.084652 0.996411 0.000000 -2.388796 0.000000 0.000000 1.000000 0.000000
0.996199 0.087110 0.000000 40.237027 -0.087110 0.996199 0.000000 -2.434380 0.000000 0.000000 1.000000 0.000000
0.996137 0.087811 0.000000 40.795074 -0.087811 0.996137 0.000000 -2.490961 0.000000 0.000000 1.000000 0.000000
0.996044 0.088859 0.000000 41.352839 -0.088859 0.996044 0.000000 -2.544889 0.000000 0.000000 1.000000 0.000000
0.996049 0.088808 0.000000 41.944673 -0.088808 0.996049 0.000000 -2.602001 0.000000 0.000000 1.000000 0.000000
0.996105 0.088179 0.000000 42.467792 -0.088179 0.996105 0.000000 -2.651723 0.000000 0.000000 1.000000 0.000000
0.996208 0.087005 0.000000 43.018586 -0.087005 0.996208 0.000000 -2.705505 0.000000 0.000000 1.000000 0.000000
0.995893 0.090540 0.000000 43.573586 -0.090540 0.995893 0.000000 -2.753127 0.000000 0.000000 1.000000 0.000000
0.995751 0.092085 0.000000 44.128112 -0.092085 0.995751 0.000000 -2.803692 0.000000 0.000000 1.000000 0.000000
0.995658 0.093083 0.000000 44.645516 -0.093083 0.995658 0.000000 -2.858253 0.000000 0.000000 1.000000 0.000000
0.995811 0.091431 0.000000 45.198144 -0.091431 0.995811 0.000000 -2.909882 0.000000 0.000000 1.000000 0.000000
0.995900 0.090457 0.000000 45.718019 -0.090457 0.995900 0.000000 -2.964126 0.000000 0.000000 1.000000 0.000000
0.995904 0.090416 0.000000 46.669718 -0.090416 0.995904 0.000000 -3.071864 0.000000 0.000000 1.000000 0.000000
0.995717 0.092453 0.000000 47.215799 -0.092453 0.995717 0.000000 -3.127512 0.000000 0.000000 1.000000 0.000000
0.995885 0.090630 0.000000 47.759713 -0.090630 0.995885 0.000000 -3.177496 0.000000 0.000000 1.000000 0.000000
0.994864 0.101217 0.000000 48.842693 -0.101217 0.994864 0.000000 -3.290348 0.000000 0.000000 1.000000 0.000000
0.994855 0.101312 0.000000 49.412911 -0.101312 0.994855 0.000000 -3.350939 0.000000 0.000000 1.000000 0.000000
0.994905 0.100815 0.000000 49.904567 -0.100815 0.994905 0.000000 -3.406864 0.000000 0.000000 1.000000 0.000000
0.994877 0.101096 0.000000 50.926586 -0.101096 0.994877 0.000000 -3.516445 0.000000 0.000000 1.000000 0.000000
0.995025 0.099628 0.000000 51.451021 -0.099628 0.995025 0.000000 -3.573648 0.000000 0.000000 1.000000 0.000000
0.995103 0.098844 0.000000 51.961604 -0.098844 0.995103 0.000000 -3.618935 0.000000 0.000000 1.000000 0.000000
0.995005 0.099827 0.000000 52.451333 -0.099827 0.995005 0.000000 -3.668408 0.000000 0.000000 1.000000 0.000000
0.995346 0.096368 0.000000 53.337443 -0.096368 0.995346 0.000000 -3.779279 0.000000 0.000000 1.000000 0.000000
0.994972 0.100150 0.000000 53.838743 -0.100150 0.994972 0.000000 -3.815944 0.000000 0.000000 1.000000 0.000000
0.994415 0.105536 0.000000 54.334437 -0.105536 0.994415 0.000000 -3.862958 0.000000 0.000000 1.000000 0.000000
0.994423 0.105462 0.000000 54.822309 -0.105462 0.994423 0.000000 -3.915220 0.000000 0.000000 1.000000 0.000000
0.994309 0.106534 0.000000 55.303651 -0.106534 0.994309 0.000000 -3.961391 0.000000 0.000000 1.000000 0.000000
0.994005 0.109331 0.000000 55.777445 -0.109331 0.994005 0.000000 -4.006056 0.000000 0.000000 1.000000 0.000000
0.993694 0.112129 0.000000 56.247658 -0.112129 0.993694 0.000000 -4.056517 0.000000 0.000000 1.000000 0.000000
0.993766 0.111485 0.000000 56.949685 -0.111485 0.993766 0.000000 -4.144205 0.000000 0.000000 1.000000 0.000000
0.993849 0.110745 0.000000 57.372843 -0.110745 0.993849 0.000000 -4.189255 0.000000 0.000000 1.000000 0.000000
0.993986 0.109504 0.000000 57.821259 -0.109504 0.993986 0.000000 -4.241548 0.000000 0.000000 1.000000 0.000000
0.993932 0.110000 0.000000 58.260970 -0.110000 0.993932 0.000000 -4.290150 0.000000 0.000000 1.000000 0.000000
0.994315 0.106477 0.000000 58.678671 -0.106477 0.994315 0.000000 -4.341843 0.000000 0.000000 1.000000 0.000000
0.994486 0.104869 0.000000 59.101527 -0.104869 0.994486 0.000000 -4.387590 0.000000 0.000000 1.000000 0.000000
0.994268 0.106917 0.000000 59.816463 -0.106917 0.994268 0.000000 -4.461016 0.000000 0.000000 1.000000 0.000000
0.994204 0.107509 0.000000 60.199411 -0.107509 0.994204 0.000000 -4.499831 0.000000 0.000000 1.000000 0.000000
0.994167 0.107851 0.000000 60.628606 -0.107851 0.994167 0.000000 -4.551572 0.000000 0.000000 1.000000 0.000000
0.994105 0.108425 0.000000 61.024066 -0.108425 0.994105 0.000000 -4.594986 0.000000 0.000000 1.000000 0.000000
0.994027 0.109134 0.000000 61.411848 -0.109134 0.994027 0.000000 -4.638499 0.000000 0.000000 1.000000 0.000000
0.993870 0.110557 0.000000 61.793385 -0.110557 0.993870 0.000000 -4.684936 0.000000 0.000000 1.000000 0.000000
0.994082 0.108636 0.000000 62.165263 -0.108636 0.994082 0.000000 -4.736979 0.000000 0.000000 1.000000 0.000000
0.993937 0.109949 0.000000 62.530242 -0.109949 0.993937 0.000000 -4.771708 0.000000 0.000000 1.000000 0.000000
0.993742 0.111704 0.000000 62.888400 -0.111704 0.993742 0.000000 -4.806553 0.000000 0.000000 1.000000 0.000000
0.993440 0.114355 0.000000 63.246722 -0.114355 0.993440 0.000000 -4.848899 0.000000 0.000000 1.000000 0.000000
0.993656 0.112459 0.000000 63.913359 -0.112459 0.993656 0.000000 -4.929670 0.000000 0.000000 1.000000 0.000000
0.993670 0.112338 0.000000 64.252650 -0.112338 0.993670 0.000000 -4.969989 0.000000 0.000000 1.000000 0.000000
0.993756 0.111572 0.000000 64.566189 -0.111572 0.993756 0.000000 -5.011497 0.000000 0.000000 1.000000 0.000000
0.993590 0.113045 0.000000 64.898064 -0.113045 0.993590 0.000000 -5.052318 0.000000 0.000000 1.000000 0.000000
0.993381 0.114870 0.000000 65.225544 -0.114870 0.993381 0.000000 -5.083756 0.000000 0.000000 1.000000 0.000000
0.992559 0.121764 0.000000 65.529074 -0.121764 0.992559 0.000000 -5.098776 0.000000 0.000000 1.000000 0.000000
0.992352 0.123442 0.000000 65.849813 -0.123442 0.992352 0.000000 -5.137099 0.000000 0.000000 1.000000 0.000000
0.992486 0.122356 0.000000 66.165868 -0.122356 0.992486 0.000000 -5.183537 0.000000 0.000000 1.000000 0.000000
0.992602 0.121411 0.000000 66.671689 -0.121411 0.992602 0.000000 -5.256669 0.000000 0.000000 1.000000 0.000000
0.992391 0.123127 0.000000 66.974488 -0.123127 0.992391 0.000000 -5.295042 0.000000 0.000000 1.000000 0.000000
0.992076 0.125637 0.000000 67.271577 -0.125637 0.992076 0.000000 -5.332936 0.000000 0.000000 1.000000 0.000000
0.992057 0.125792 0.000000 67.585406 -0.125792 0.992057 0.000000 -5.378710 0.000000 0.000000 1.000000 0.000000
0.991807 0.127744 0.000000 67.874805 -0.127744 0.991807 0.000000 -5.419767 0.000000 0.000000 1.000000 0.000000
0.991793 0.127852 0.000000 68.140290 -0.127852 0.991793 0.000000 -5.459256 0.000000 0.000000 1.000000 0.000000
0.991556 0.129681 0.000000 68.440583 -0.129681 0.991556 0.000000 -5.495813 0.000000 0.000000 1.000000 0.000000
0.991495 0.130145 0.000000 68.716861 -0.130145 0.991495 0.000000 -5.535060 0.000000 0.000000 1.000000 0.000000
0.991241 0.132062 0.000000 68.984581 -0.132062 0.991241 0.000000 -5.575468 0.000000 0.000000 1.000000 0.000000
0.991278 0.131789 0.000000 69.432283 -0.131789 0.991278 0.000000 -5.640226 0.000000 0.000000 1.000000 0.000000
0.991111 0.133041 0.000000 69.676890 -0.133041 0.991111 0.000000 -5.672673 0.000000 0.000000 1.000000 0.000000
0.991107 0.133069 0.000000 69.957047 -0.133069 0.991107 0.000000 -5.710965 0.000000 0.000000 1.000000 0.000000
0.991031 0.133634 0.000000 70.220129 -0.133634 0.991031 0.000000 -5.749913 0.000000 0.000000 1.000000 0.000000
0.990983 0.133984 0.000000 70.483398 -0.133984 0.990983 0.000000 -5.789379 0.000000 0.000000 1.000000 0.000000
0.990878 0.134762 0.000000 70.748270 -0.134762 0.990878 0.000000 -5.828324 0.000000 0.000000 1.000000 0.000000
0.990920 0.134453 0.000000 71.005853 -0.134453 0.990920 0.000000 -5.865980 0.000000 0.000000 1.000000 0.000000
0.990504 0.137483 0.000000 71.271011 -0.137483 0.990504 0.000000 -5.905107 0.000000 0.000000 1.000000 0.000000
0.990406 0.138187 0.000000 71.517506 -0.138187 0.990406 0.000000 -5.939426 0.000000 0.000000 1.000000 0.000000
0.990251 0.139291 0.000000 71.785752 -0.139291 0.990251 0.000000 -5.976523 0.000000 0.000000 1.000000 0.000000
0.990217 0.139535 0.000000 72.035015 -0.139535 0.990217 0.000000 -6.013326 0.000000 0.000000 1.000000 0.000000
0.990008 0.141012 0.000000 72.292961 -0.141012 0.990008 0.000000 -6.052005 0.000000 0.000000 1.000000 0.000000
0.989829 0.142262 0.000000 72.729300 -0.142262 0.989829 0.000000 -6.117558 0.000000 0.000000 1.000000 0.000000
0.989826 0.142283 0.000000 73.003528 -0.142283 0.989826 0.000000 -6.159826 0.000000 0.000000 1.000000 0.000000
0.989651 0.143498 0.000000 73.279241 -0.143498 0.989651 0.000000 -6.202188 0.000000 0.000000 1.000000 0.000000
0.989574 0.144028 0.000000 73.553058 -0.144028 0.989574 0.000000 -6.245576 0.000000 0.000000 1.000000 0.000000
0.989446 0.144900 0.000000 73.829594 -0.144900 0.989446 0.000000 -6.289774 0.000000 0.000000 1.000000 0.000000
0.989356 0.145514 0.000000 74.123650 -0.145514 0.989356 0.000000 -6.338758 0.000000 0.000000 1.000000 0.000000
0.989396 0.145243 0.000000 74.382814 -0.145243 0.989396 0.000000 -6.383828 0.000000 0.000000 1.000000 0.000000
0.988985 0.148018 0.000000 74.675511 -0.148018 0.988985 0.000000 -6.425505 0.000000 0.000000 1.000000 0.000000
0.988868 0.148792 0.000000 74.955777 -0.148792 0.988868 0.000000 -6.472900 0.000000 0.000000 1.000000 0.000000
0.988815 0.149148 0.000000 75.220153 -0.149148 0.988815 0.000000 -6.516833 0.000000 0.000000 1.000000 0.000000
0.988353 0.152182 0.000000 75.505437 -0.152182 0.988353 0.000000 -6.558812 0.000000 0.000000 1.000000 0.000000
0.988304 0.152494 0.000000 75.773938 -0.152494 0.988304 0.000000 -6.604877 0.000000 0.000000 1.000000 0.000000
0.986718 0.162440 0.000000 76.557885 -0.162440 0.986718 0.000000 -6.710061 0.000000 0.000000 1.000000 0.000000
0.986265 0.165172 0.000000 76.845974 -0.165172 0.986265 0.000000 -6.754910 0.000000 0.000000 1.000000 0.000000
0.986022 0.166612 0.000000 77.137166 -0.166612 0.986022 0.000000 -6.805111 0.000000 0.000000 1.000000 0.000000
0.986337 0.164737 0.000000 77.428697 -0.164737 0.986337 0.000000 -6.856371 0.000000 0.000000 1.000000 0.000000
0.986119 0.166038 0.000000 77.723936 -0.166038 0.986119 0.000000 -6.907707 0.000000 0.000000 1.000000 0.000000
0.985419 0.170146 0.000000 78.316955 -0.170146 0.985419 0.000000 -7.014395 0.000000 0.000000 1.000000 0.000000
0.985427 0.170101 0.000000 78.618934 -0.170101 0.985427 0.000000 -7.069098 0.000000 0.000000 1.000000 0.000000
0.985287 0.170910 0.000000 78.908905 -0.170910 0.985287 0.000000 -7.123266 0.000000 0.000000 1.000000 0.000000
0.984285 0.176587 0.000000 79.382241 -0.176587 0.984285 0.000000 -7.204741 0.000000 0.000000 1.000000 0.000000
0.983219 0.182430 0.000000 79.704690 -0.182430 0.983219 0.000000 -7.257969 0.000000 0.000000 1.000000 0.000000
0.982995 0.183634 0.000000 80.244948 -0.183634 0.982995 0.000000 -7.363742 0.000000 0.000000 1.000000 0.000000
0.982878 0.184260 0.000000 80.578954 -0.184260 0.982878 0.000000 -7.426877 0.000000 0.000000 1.000000 0.000000
0.981569 0.191107 0.000000 80.919877 -0.191107 0.981569 0.000000 -7.476262 0.000000 0.000000 1.000000 0.000000
0.981574 0.191083 0.000000 81.246428 -0.191083 0.981574 0.000000 -7.540253 0.000000 0.000000 1.000000 0.000000
0.981212 0.192934 0.000000 81.603151 -0.192934 0.981212 0.000000 -7.613305 0.000000 0.000000 1.000000 0.000000
0.982305 0.187286 0.000000 82.184352 -0.187286 0.982305 0.000000 -7.726842 0.000000 0.000000 1.000000 0.000000
0.982283 0.187404 0.000000 82.535385 -0.187404 0.982283 0.000000 -7.799903 0.000000 0.000000 1.000000 0.000000
0.982185 0.187915 0.000000 82.920518 -0.187915 0.982185 0.000000 -7.871595 0.000000 0.000000 1.000000 0.000000
0.982177 0.187956 0.000000 83.281323 -0.187956 0.982177 0.000000 -7.946390 0.000000 0.000000 1.000000 0.000000
0.982155 0.188071 0.000000 83.944090 -0.188071 0.982155 0.000000 -8.064933 0.000000 0.000000 1.000000 0.000000
0.983116 0.182983 0.000000 84.613790 -0.182983 0.983116 0.000000 -8.216299 0.000000 0.000000 1.000000 0.000000
0.983427 0.181304 0.000000 85.005720 -0.181304 0.983427 0.000000 -8.285275 0.000000 0.000000 1.000000 0.000000
0.982935 0.183951 0.000000 85.433177 -0.183951 0.982935 0.000000 -8.360500 0.000000 0.000000 1.000000 0.000000
0.982823 0.184551 0.000000 85.832933 -0.184551 0.982823 0.000000 -8.446309 0.000000 0.000000 1.000000 0.000000
0.982510 0.186211 0.000000 86.269656 -0.186211 0.982510 0.000000 -8.535465 0.000000 0.000000 1.000000 0.000000
0.982799 0.184678 0.000000 86.679891 -0.184678 0.982799 0.000000 -8.613135 0.000000 0.000000 1.000000 0.000000
0.983582 0.180460 0.000000 87.133808 -0.180460 0.983582 0.000000 -8.695691 0.000000 0.000000 1.000000 0.000000
0.983547 0.180654 0.000000 87.833434 -0.180654 0.983547 0.000000 -8.822464 0.000000 0.000000 1.000000 0.000000
0.984040 0.177947 0.000000 88.658200 -0.177947 0.984040 0.000000 -8.983347 0.000000 0.000000 1.000000 0.000000
0.983561 0.180579 0.000000 89.134702 -0.180579 0.983561 0.000000 -9.074363 0.000000 0.000000 1.000000 0.000000
0.982990 0.183657 0.000000 89.617907 -0.183657 0.982990 0.000000 -9.169352 0.000000 0.000000 1.000000 0.000000
0.982009 0.188835 0.000000 90.089775 -0.188835 0.982009 0.000000 -9.244111 0.000000 0.000000 1.000000 0.000000
0.982189 0.187895 0.000000 90.603099 -0.187895 0.982189 0.000000 -9.347874 0.000000 0.000000 1.000000 0.000000
0.981083 0.193586 0.000000 91.057336 -0.193586 0.981083 0.000000 -9.431625 0.000000 0.000000 1.000000 0.000000
0.980423 0.196902 0.000000 91.565833 -0.196902 0.980423 0.000000 -9.529707 0.000000 0.000000 1.000000 0.000000
0.979797 0.199993 0.000000 92.082010 -0.199993 0.979797 0.000000 -9.636595 0.000000 0.000000 1.000000 0.000000
0.979243 0.202691 0.000000 92.605817 -0.202691 0.979243 0.000000 -9.744294 0.000000 0.000000 1.000000 0.000000
0.978877 0.204448 0.000000 93.097012 -0.204448 0.978877 0.000000 -9.851946 0.000000 0.000000 1.000000 0.000000
0.978249 0.207436 0.000000 93.629252 -0.207436 0.978249 0.000000 -9.965315 0.000000 0.000000 1.000000 0.000000
0.978264 0.207362 0.000000 94.589118 -0.207362 0.978264 0.000000 -10.185833 0.000000 0.000000 1.000000 0.000000
0.978202 0.207658 0.000000 95.131104 -0.207658 0.978202 0.000000 -10.308511 0.000000 0.000000 1.000000 0.000000
0.977144 0.212576 0.000000 95.680394 -0.212576 0.977144 0.000000 -10.421128 0.000000 0.000000 1.000000 0.000000
0.976138 0.217151 0.000000 96.231319 -0.217151 0.976138 0.000000 -10.545255 0.000000 0.000000 1.000000 0.000000
0.976228 0.216748 0.000000 96.785795 -0.216748 0.976228 0.000000 -10.681777 0.000000 0.000000 1.000000 0.000000
0.975492 0.220035 0.000000 97.644864 -0.220035 0.975492 0.000000 -10.871062 0.000000 0.000000 1.000000 0.000000
0.974288 0.225307 0.000000 98.173976 -0.225307 0.974288 0.000000 -10.993509 0.000000 0.000000 1.000000 0.000000
0.972674 0.232177 0.000000 99.293765 -0.232177 0.972674 0.000000 -11.252474 0.000000 0.000000 1.000000 0.000000
0.971509 0.237003 0.000000 100.030401 -0.237003 0.971509 0.000000 -11.423839 0.000000 0.000000 1.000000 0.000000
0.970255 0.242086 0.000000 100.611240 -0.242086 0.970255 0.000000 -11.574088 0.000000 0.000000 1.000000 0.000000
0.968896 0.247468 0.000000 101.192000 -0.247468 0.968896 0.000000 -11.731055 0.000000 0.000000 1.000000 0.000000
0.968456 0.249184 0.000000 101.779992 -0.249184 0.968456 0.000000 -11.878930 0.000000 0.000000 1.000000 0.000000
0.968125 0.250468 0.000000 102.370458 -0.250468 0.968125 0.000000 -12.034288 0.000000 0.000000 1.000000 0.000000
0.967387 0.253301 0.000000 102.992406 -0.253301 0.967387 0.000000 -12.201548 0.000000 0.000000 1.000000 0.000000
0.966448 0.256864 0.000000 103.558403 -0.256864 0.966448 0.000000 -12.355940 0.000000 0.000000 1.000000 0.000000
0.965979 0.258621 0.000000 104.144911 -0.258621 0.965979 0.000000 -12.515860 0.000000 0.000000 1.000000 0.000000
0.967056 0.254564 0.000000 104.742946 -0.254564 0.967056 0.000000 -12.681426 0.000000 0.000000 1.000000 0.000000
0.967725 0.252009 0.000000 105.304708 -0.252009 0.967725 0.000000 -12.836655 0.000000 0.000000 1.000000 0.000000
0.967704 0.252091 0.000000 105.909182 -0.252091 0.967704 0.000000 -13.002261 0.000000 0.000000 1.000000 0.000000
0.967403 0.253240 0.000000 106.516401 -0.253240 0.967403 0.000000 -13.166346 0.000000 0.000000 1.000000 0.000000
0.967361 0.253402 0.000000 107.080756 -0.253402 0.967361 0.000000 -13.315329 0.000000 0.000000 1.000000 0.000000
0.966994 0.254801 0.000000 108.167063 -0.254801 0.966994 0.000000 -13.611152 0.000000 0.000000 1.000000 0.000000
0.966893 0.255182 0.000000 108.822689 -0.255182 0.966893 0.000000 -13.801245 0.000000 0.000000 1.000000 0.000000
0.966231 0.257679 0.000000 109.438068 -0.257679 0.966231 0.000000 -13.969432 0.000000 0.000000 1.000000 0.000000
0.965385 0.260829 0.000000 110.060308 -0.260829 0.965385 0.000000 -14.139874 0.000000 0.000000 1.000000 0.000000
0.965940 0.258764 0.000000 110.665123 -0.258764 0.965940 0.000000 -14.313320 0.000000 0.000000 1.000000 0.000000
0.965849 0.259105 0.000000 111.288277 -0.259105 0.965849 0.000000 -14.481719 0.000000 0.000000 1.000000 0.000000
0.965861 0.259061 0.000000 111.872343 -0.259061 0.965861 0.000000 -14.641554 0.000000 0.000000 1.000000 0.000000
0.965826 0.259193 0.000000 112.499529 -0.259193 0.965826 0.000000 -14.812227 0.000000 0.000000 1.000000 0.000000
0.965330 0.261032 0.000000 113.084101 -0.261032 0.965330 0.000000 -14.984943 0.000000 0.000000 1.000000 0.000000
0.964543 0.263927 0.000000 113.720038 -0.263927 0.964543 0.000000 -15.172906 0.000000 0.000000 1.000000 0.000000
0.964267 0.264933 0.000000 114.348157 -0.264933 0.964267 0.000000 -15.349785 0.000000 0.000000 1.000000 0.000000
0.964550 0.263901 0.000000 114.982596 -0.263901 0.964550 0.000000 -15.538139 0.000000 0.000000 1.000000 0.000000
0.964515 0.264028 0.000000 115.778872 -0.264028 0.964515 0.000000 -15.759520 0.000000 0.000000 1.000000 0.000000
0.962975 0.269592 0.000000 116.375806 -0.269592 0.962975 0.000000 -15.934081 0.000000 0.000000 1.000000 0.000000
0.963665 0.267115 0.000000 117.018934 -0.267115 0.963665 0.000000 -16.124428 0.000000 0.000000 1.000000 0.000000
0.963608 0.267320 0.000000 118.030900 -0.267320 0.963608 0.000000 -16.425321 0.000000 0.000000 1.000000 0.000000
0.963538 0.267571 0.000000 118.674348 -0.267571 0.963538 0.000000 -16.619471 0.000000 0.000000 1.000000 0.000000
0.962801 0.270211 0.000000 119.321868 -0.270211 0.962801 0.000000 -16.813788 0.000000 0.000000 1.000000 0.000000
0.962614 0.270876 0.000000 119.970446 -0.270876 0.962614 0.000000 -17.020163 0.000000 0.000000 1.000000 0.000000
0.962524 0.271196 0.000000 120.602152 -0.271196 0.962524 0.000000 -17.212576 0.000000 0.000000 1.000000 0.000000
0.962973 0.269599 0.000000 121.247471 -0.269599 0.962973 0.000000 -17.417646 0.000000 0.000000 1.000000 0.000000
0.963040 0.269358 0.000000 121.851982 -0.269358 0.963040 0.000000 -17.598892 0.000000 0.000000 1.000000 0.000000
0.964585 0.263773 0.000000 122.983678 -0.263773 0.964585 0.000000 -17.949022 0.000000 0.000000 1.000000 0.000000
0.965054 0.262051 0.000000 123.630873 -0.262051 0.965054 0.000000 -18.144990 0.000000 0.000000 1.000000 0.000000
0.965300 0.261143 0.000000 124.278360 -0.261143 0.965300 0.000000 -18.338113 0.000000 0.000000 1.000000 0.000000
0.965223 0.261427 0.000000 124.926137 -0.261427 0.965223 0.000000 -18.522847 0.000000 0.000000 1.000000 0.000000
0.966402 0.257035 0.000000 126.246975 -0.257035 0.966402 0.000000 -18.917633 0.000000 0.000000 1.000000 0.000000
0.965987 0.258591 0.000000 126.844513 -0.258591 0.965987 0.000000 -19.090694 0.000000 0.000000 1.000000 0.000000
0.966881 0.255229 0.000000 127.492248 -0.255229 0.966881 0.000000 -19.283988 0.000000 0.000000 1.000000 0.000000
0.966610 0.256251 0.000000 128.099867 -0.256251 0.966610 0.000000 -19.448097 0.000000 0.000000 1.000000 0.000000
0.965980 0.258616 0.000000 128.704461 -0.258616 0.965980 0.000000 -19.614846 0.000000 0.000000 1.000000 0.000000
0.976167 0.217021 0.000000 133.374611 -0.217021 0.976167 0.000000 -20.882680 0.000000 0.000000 1.000000 0.000000
0.975735 0.218956 0.000000 134.023107 -0.218956 0.975735 0.000000 -21.026515 0.000000 0.000000 1.000000 0.000000
0.976901 0.213695 0.000000 134.632616 -0.213695 0.976901 0.000000 -21.179446 0.000000 0.000000 1.000000 0.000000
0.976815 0.214084 0.000000 135.264920 -0.214084 0.976815 0.000000 -21.332414 0.000000 0.000000 1.000000 0.000000
0.977892 0.209112 0.000000 135.868632 -0.209112 0.977892 0.000000 -21.477045 0.000000 0.000000 1.000000 0.000000
0.977392 0.211435 0.000000 136.496188 -0.211435 0.977392 0.000000 -21.625886 0.000000 0.000000 1.000000 0.000000
0.977829 0.209403 0.000000 137.136850 -0.209403 0.977829 0.000000 -21.781224 0.000000 0.000000 1.000000 0.000000
0.977717 0.209926 0.000000 137.954924 -0.209926 0.977717 0.000000 -21.978091 0.000000 0.000000 1.000000 0.000000
0.977047 0.213023 0.000000 138.595628 -0.213023 0.977047 0.000000 -22.112148 0.000000 0.000000 1.000000 0.000000
0.976831 0.214010 0.000000 139.235664 -0.214010 0.976831 0.000000 -22.253520 0.000000 0.000000 1.000000 0.000000
0.977242 0.212128 0.000000 140.160373 -0.212128 0.977242 0.000000 -22.475105 0.000000 0.000000 1.000000 0.000000
0.977329 0.211724 0.000000 140.795007 -0.211724 0.977329 0.000000 -22.620630 0.000000 0.000000 1.000000 0.000000
0.977552 0.210693 0.000000 141.425936 -0.210693 0.977552 0.000000 -22.769041 0.000000 0.000000 1.000000 0.000000
0.977744 0.209803 0.000000 142.050400 -0.209803 0.977744 0.000000 -22.919809 0.000000 0.000000 1.000000 0.000000
0.977606 0.210446 0.000000 142.679203 -0.210446 0.977606 0.000000 -23.063235 0.000000 0.000000 1.000000 0.000000
0.977467 0.211087 0.000000 143.597821 -0.211087 0.977467 0.000000 -23.286175 0.000000 0.000000 1.000000 0.000000
0.977172 0.212449 0.000000 144.202095 -0.212449 0.977172 0.000000 -23.424377 0.000000 0.000000 1.000000 0.000000
0.976780 0.214245 0.000000 144.820253 -0.214245 0.976780 0.000000 -23.574785 0.000000 0.000000 1.000000 0.000000
0.976134 0.217169 0.000000 145.397309 -0.217169 0.976134 0.000000 -23.709839 0.000000 0.000000 1.000000 0.000000
0.975964 0.217931 0.000000 146.197170 -0.217931 0.975964 0.000000 -23.910370 0.000000 0.000000 1.000000 0.000000
0.976020 0.217682 0.000000 146.809656 -0.217682 0.976020 0.000000 -24.058957 0.000000 0.000000 1.000000 0.000000
0.976266 0.216573 0.000000 147.422816 -0.216573 0.976266 0.000000 -24.210167 0.000000 0.000000 1.000000 0.000000
0.976938 0.213522 0.000000 148.030662 -0.213522 0.976938 0.000000 -24.355823 0.000000 0.000000 1.000000 0.000000
0.976945 0.213493 0.000000 148.638025 -0.213493 0.976945 0.000000 -24.501033 0.000000 0.000000 1.000000 0.000000
0.978264 0.207363 0.000000 149.800693 -0.207363 0.978264 0.000000 -24.780492 0.000000 0.000000 1.000000 0.000000
0.977527 0.210811 0.000000 150.362876 -0.210811 0.977527 0.000000 -24.895117 0.000000 0.000000 1.000000 0.000000
0.977997 0.208618 0.000000 150.956536 -0.208618 0.977997 0.000000 -25.036017 0.000000 0.000000 1.000000 0.000000
0.977751 0.209770 0.000000 151.546307 -0.209770 0.977751 0.000000 -25.169927 0.000000 0.000000 1.000000 0.000000
0.977976 0.208719 0.000000 152.105536 -0.208719 0.977976 0.000000 -25.302291 0.000000 0.000000 1.000000 0.000000
0.978931 0.204192 0.000000 152.694599 -0.204192 0.978931 0.000000 -25.446427 0.000000 0.000000 1.000000 0.000000
0.979138 0.203194 0.000000 153.419059 -0.203194 0.979138 0.000000 -25.615018 0.000000 0.000000 1.000000 0.000000
0.979379 0.202032 0.000000 154.007236 -0.202032 0.979379 0.000000 -25.752792 0.000000 0.000000 1.000000 0.000000
0.979412 0.201873 0.000000 154.550808 -0.201873 0.979412 0.000000 -25.876164 0.000000 0.000000 1.000000 0.000000
0.979042 0.203659 0.000000 155.140780 -0.203659 0.979042 0.000000 -26.007974 0.000000 0.000000 1.000000 0.000000
0.978858 0.204541 0.000000 155.723325 -0.204541 0.978858 0.000000 -26.139854 0.000000 0.000000 1.000000 0.000000
0.978783 0.204899 0.000000 156.264352 -0.204899 0.978783 0.000000 -26.262671 0.000000 0.000000 1.000000 0.000000
0.979589 0.201011 0.000000 156.843424 -0.201011 0.979589 0.000000 -26.394262 0.000000 0.000000 1.000000 0.000000
0.979264 0.202586 0.000000 157.388227 -0.202586 0.979264 0.000000 -26.513918 0.000000 0.000000 1.000000 0.000000
0.978893 0.204371 0.000000 157.960755 -0.204371 0.978893 0.000000 -26.646547 0.000000 0.000000 1.000000 0.000000
0.978335 0.207028 0.000000 158.536194 -0.207028 0.978335 0.000000 -26.769424 0.000000 0.000000 1.000000 0.000000
0.977553 0.210690 0.000000 159.278612 -0.210690 0.977553 0.000000 -26.928498 0.000000 0.000000 1.000000 0.000000
0.977255 0.212069 0.000000 159.817638 -0.212069 0.977255 0.000000 -27.046512 0.000000 0.000000 1.000000 0.000000
0.976888 0.213753 0.000000 160.388800 -0.213753 0.976888 0.000000 -27.178336 0.000000 0.000000 1.000000 0.000000
0.976776 0.214264 0.000000 160.924685 -0.214264 0.976776 0.000000 -27.299639 0.000000 0.000000 1.000000 0.000000
0.977305 0.211838 0.000000 161.490630 -0.211838 0.977305 0.000000 -27.428124 0.000000 0.000000 1.000000 0.000000
0.977189 0.212372 0.000000 162.022910 -0.212372 0.977189 0.000000 -27.550298 0.000000 0.000000 1.000000 0.000000
0.977242 0.212128 0.000000 162.753187 -0.212128 0.977242 0.000000 -27.719310 0.000000 0.000000 1.000000 0.000000
0.975850 0.218441 0.000000 163.272823 -0.218441 0.975850 0.000000 -27.848055 0.000000 0.000000 1.000000 0.000000
0.975831 0.218528 0.000000 163.835330 -0.218528 0.975831 0.000000 -27.981243 0.000000 0.000000 1.000000 0.000000
0.976603 0.215050 0.000000 164.355015 -0.215050 0.976603 0.000000 -28.100363 0.000000 0.000000 1.000000 0.000000
0.976591 0.215106 0.000000 164.919587 -0.215106 0.976591 0.000000 -28.233052 0.000000 0.000000 1.000000 0.000000
0.976510 0.215471 0.000000 165.443672 -0.215471 0.976510 0.000000 -28.357619 0.000000 0.000000 1.000000 0.000000
0.975926 0.218102 0.000000 166.203107 -0.218102 0.975926 0.000000 -28.524924 0.000000 0.000000 1.000000 0.000000
0.976972 0.213369 0.000000 166.760191 -0.213369 0.976972 0.000000 -28.665726 0.000000 0.000000 1.000000 0.000000
0.977666 0.210164 0.000000 167.319376 -0.210164 0.977666 0.000000 -28.799476 0.000000 0.000000 1.000000 0.000000
0.978377 0.206829 0.000000 167.876306 -0.206829 0.978377 0.000000 -28.935320 0.000000 0.000000 1.000000 0.000000
0.977933 0.208920 0.000000 168.430765 -0.208920 0.977933 0.000000 -29.074528 0.000000 0.000000 1.000000 0.000000
0.978166 0.207824 0.000000 168.985587 -0.207824 0.978166 0.000000 -29.210595 0.000000 0.000000 1.000000 0.000000
0.979070 0.203525 0.000000 169.543478 -0.203525 0.979070 0.000000 -29.346461 0.000000 0.000000 1.000000 0.000000
0.980001 0.198993 0.000000 170.070478 -0.198993 0.980001 0.000000 -29.473624 0.000000 0.000000 1.000000 0.000000
0.980258 0.197725 0.000000 170.622924 -0.197725 0.980258 0.000000 -29.608783 0.000000 0.000000 1.000000 0.000000
0.980723 0.195401 0.000000 171.188574 -0.195401 0.980723 0.000000 -29.738796 0.000000 0.000000 1.000000 0.000000
0.980974 0.194137 0.000000 171.713573 -0.194137 0.980974 0.000000 -29.864844 0.000000 0.000000 1.000000 0.000000
0.981895 0.189428 0.000000 172.281132 -0.189428 0.981895 0.000000 -29.986374 0.000000 0.000000 1.000000 0.000000
0.982049 0.188627 0.000000 172.806985 -0.188627 0.982049 0.000000 -30.106715 0.000000 0.000000 1.000000 0.000000
0.983222 0.182411 0.000000 173.368890 -0.182411 0.983222 0.000000 -30.234892 0.000000 0.000000 1.000000 0.000000
0.984305 0.176475 0.000000 173.925382 -0.176475 0.984305 0.000000 -30.357049 0.000000 0.000000 1.000000 0.000000
0.985230 0.171235 0.000000 174.494477 -0.171235 0.985230 0.000000 -30.481364 0.000000 0.000000 1.000000 0.000000
0.986026 0.166590 0.000000 175.019624 -0.166590 0.986026 0.000000 -30.586888 0.000000 0.000000 1.000000 0.000000
0.987003 0.160701 0.000000 175.579764 -0.160701 0.987003 0.000000 -30.700550 0.000000 0.000000 1.000000 0.000000
0.988047 0.154154 0.000000 176.095603 -0.154154 0.988047 0.000000 -30.800425 0.000000 0.000000 1.000000 0.000000
0.988747 0.149597 0.000000 176.659729 -0.149597 0.988747 0.000000 -30.908020 0.000000 0.000000 1.000000 0.000000
0.989285 0.145999 0.000000 177.395818 -0.145999 0.989285 0.000000 -31.026652 0.000000 0.000000 1.000000 0.000000
0.989856 0.142075 0.000000 177.953378 -0.142075 0.989856 0.000000 -31.126269 0.000000 0.000000 1.000000 0.000000
0.989800 0.142467 0.000000 178.468738 -0.142467 0.989800 0.000000 -31.219391 0.000000 0.000000 1.000000 0.000000
0.990078 0.140516 0.000000 179.031590 -0.140516 0.990078 0.000000 -31.314574 0.000000 0.000000 1.000000 0.000000
0.990574 0.136977 0.000000 179.739553 -0.136977 0.990574 0.000000 -31.432848 0.000000 0.000000 1.000000 0.000000
0.991510 0.130032 0.000000 180.849997 -0.130032 0.991510 0.000000 -31.617669 0.000000 0.000000 1.000000 0.000000
0.992049 0.125849 0.000000 181.405465 -0.125849 0.992049 0.000000 -31.694279 0.000000 0.000000 1.000000 0.000000
0.992051 0.125835 0.000000 181.958524 -0.125835 0.992051 0.000000 -31.772792 0.000000 0.000000 1.000000 0.000000
0.992473 0.122461 0.000000 182.509848 -0.122461 0.992473 0.000000 -31.852527 0.000000 0.000000 1.000000 0.000000
0.992805 0.119746 0.000000 183.061694 -0.119746 0.992805 0.000000 -31.927124 0.000000 0.000000 1.000000 0.000000
0.992718 0.120465 0.000000 183.612019 -0.120465 0.992718 0.000000 -32.004661 0.000000 0.000000 1.000000 0.000000
0.992811 0.119696 0.000000 184.186968 -0.119696 0.992811 0.000000 -32.084209 0.000000 0.000000 1.000000 0.000000
0.992742 0.120264 0.000000 184.735641 -0.120264 0.992742 0.000000 -32.153701 0.000000 0.000000 1.000000 0.000000
0.992535 0.121957 0.000000 185.241608 -0.121957 0.992535 0.000000 -32.231495 0.000000 0.000000 1.000000 0.000000
0.992554 0.121802 0.000000 185.751050 -0.121802 0.992554 0.000000 -32.302112 0.000000 0.000000 1.000000 0.000000
0.992765 0.120070 0.000000 186.292687 -0.120070 0.992765 0.000000 -32.374654 0.000000 0.000000 1.000000 0.000000
0.993027 0.117886 0.000000 186.797050 -0.117886 0.993027 0.000000 -32.439703 0.000000 0.000000 1.000000 0.000000
0.993272 0.115808 0.000000 187.339026 -0.115808 0.993272 0.000000 -32.505522 0.000000 0.000000 1.000000 0.000000
0.993233 0.116139 0.000000 187.846051 -0.116139 0.993233 0.000000 -32.574788 0.000000 0.000000 1.000000 0.000000
0.993340 0.115219 0.000000 188.385432 -0.115219 0.993340 0.000000 -32.644419 0.000000 0.000000 1.000000 0.000000
0.993798 0.111205 0.000000 188.887168 -0.111205 0.993798 0.000000 -32.709225 0.000000 0.000000 1.000000 0.000000
0.994103 0.108437 0.000000 189.423196 -0.108437 0.994103 0.000000 -32.774643 0.000000 0.000000 1.000000 0.000000
0.994184 0.107693 0.000000 189.918344 -0.107693 0.994184 0.000000 -32.829049 0.000000 0.000000 1.000000 0.000000
0.994142 0.108086 0.000000 190.453704 -0.108086 0.994142 0.000000 -32.889103 0.000000 0.000000 1.000000 0.000000
0.994038 0.109032 0.000000 190.949881 -0.109032 0.994038 0.000000 -32.938692 0.000000 0.000000 1.000000 0.000000
0.994122 0.108265 0.000000 191.476464 -0.108265 0.994122 0.000000 -33.003308 0.000000 0.000000 1.000000 0.000000
0.994721 0.102614 0.000000 192.130116 -0.102614 0.994721 0.000000 -33.086370 0.000000 0.000000 1.000000 0.000000
0.995205 0.097806 0.000000 192.659952 -0.097806 0.995205 0.000000 -33.153715 0.000000 0.000000 1.000000 0.000000
0.995311 0.096723 0.000000 193.180450 -0.096723 0.995311 0.000000 -33.209541 0.000000 0.000000 1.000000 0.000000
0.995789 0.091671 0.000000 193.669491 -0.091671 0.995789 0.000000 -33.266279 0.000000 0.000000 1.000000 0.000000
0.996180 0.087321 0.000000 194.389158 -0.087321 0.996180 0.000000 -33.345296 0.000000 0.000000 1.000000 0.000000
0.996440 0.084302 0.000000 194.908443 -0.084302 0.996440 0.000000 -33.398663 0.000000 0.000000 1.000000 0.000000
0.996443 0.084272 0.000000 195.425744 -0.084272 0.996443 0.000000 -33.454835 0.000000 0.000000 1.000000 0.000000
0.997004 0.077351 0.000000 195.942897 -0.077351 0.997004 0.000000 -33.502998 0.000000 0.000000 1.000000 0.000000
0.997451 0.071354 0.000000 196.455844 -0.071354 0.997451 0.000000 -33.554923 0.000000 0.000000 1.000000 0.000000
0.997930 0.064304 0.000000 197.477899 -0.064304 0.997930 0.000000 -33.612781 0.000000 0.000000 1.000000 0.000000
0.998413 0.056321 0.000000 197.973729 -0.056321 0.998413 0.000000 -33.654481 0.000000 0.000000 1.000000 0.000000
0.998890 0.047104 0.000000 198.474875 -0.047104 0.998890 0.000000 -33.691102 0.000000 0.000000 1.000000 0.000000
0.999190 0.040245 0.000000 198.941906 -0.040245 0.999190 0.000000 -33.715428 0.000000 0.000000 1.000000 0.000000
0.999532 0.030591 0.000000 199.437658 -0.030591 0.999532 0.000000 -33.741380 0.000000 0.000000 1.000000 0.000000
0.999786 0.020700 0.000000 199.904431 -0.020700 0.999786 0.000000 -33.765824 0.000000 0.000000 1.000000 0.000000
0.999995 0.003007 0.000000 200.844929 -0.003007 0.999995 0.000000 -33.810954 0.000000 0.000000 1.000000 0.000000
0.999955 -0.009446 0.000000 201.330074 0.009446 0.999955 0.000000 -33.820530 0.000000 0.000000 1.000000 0.000000
0.999848 -0.017429 0.000000 201.781795 0.017429 0.999848 0.000000 -33.823291 0.000000 0.000000 1.000000 0.000000
0.999408 -0.034391 0.000000 202.460961 0.034391 0.999408 0.000000 -33.823672 0.000000 0.000000 1.000000 0.000000
