0.999988 0.001700 0.000000 1.173905 -0.001702 0.999999 0.000000 -0.008202 0.000000 0.000000 1.000000 0.000000
0.999979 0.004140 0.000000 1.916639 -0.004144 0.999991 0.000000 -0.014935 0.000000 0.000000 1.000000 0.000000
0.999976 0.005977 0.000000 2.527496 -0.005979 0.999982 0.000000 -0.021132 0.000000 0.000000 1.000000 0.000000
0.999961 0.008714 0.000000 3.109830 -0.008716 0.999961 0.000000 -0.029210 0.000000 0.000000 1.000000 0.000000
0.999940 0.010970 0.000000 3.753696 -0.010970 0.999939 0.000000 -0.039402 0.000000 0.000000 1.000000 0.000000
0.999897 0.014315 0.000000 4.830289 -0.014315 0.999897 0.000000 -0.057968 0.000000 0.000000 1.000000 0.000000
0.999854 0.017071 0.000000 5.499506 -0.017070 0.999854 0.000000 -0.074571 0.000000 0.000000 1.000000 0.000000
0.999722 0.023550 0.000000 6.637531 -0.023552 0.999721 0.000000 -0.107859 0.000000 0.000000 1.000000 0.000000
0.999645 0.026515 0.000000 7.248065 -0.026522 0.999645 0.000000 -0.128251 0.000000 0.000000 1.000000 0.000000
0.999548 0.029809 0.000000 7.804110 -0.029817 0.999553 0.000000 -0.148216 0.000000 0.000000 1.000000 0.000000
0.999430 0.033450 0.000000 8.408939 -0.033463 0.999436 0.000000 -0.173721 0.000000 0.000000 1.000000 0.000000
0.999238 0.038964 0.000000 9.226259 -0.038971 0.999235 0.000000 -0.210626 0.000000 0.000000 1.000000 0.000000
0.999049 0.043598 0.000000 9.812099 -0.043598 0.999046 0.000000 -0.240151 0.000000 0.000000 1.000000 0.000000
0.998868 0.047568 0.000000 10.362621 -0.047567 0.998863 0.000000 -0.268228 0.000000 0.000000 1.000000 0.000000
0.998608 0.052751 0.000000 10.982984 -0.052750 0.998599 0.000000 -0.304233 0.000000 0.000000 1.000000 0.000000
0.998340 0.057587 0.000000 11.517650 -0.057584 0.998333 0.000000 -0.337697 0.000000 0.000000 1.000000 0.000000
0.997956 0.063879 0.000000 12.083582 -0.063874 0.997954 0.000000 -0.377095 0.000000 0.000000 1.000000 0.000000
0.997510 0.070474 0.000000 12.678431 -0.070465 0.997509 0.000000 -0.420554 0.000000 0.000000 1.000000 0.000000
0.996939 0.078121 0.000000 13.375892 -0.078112 0.996940 0.000000 -0.478121 0.000000 0.000000 1.000000 0.000000
0.996453 0.084088 0.000000 13.968371 -0.084084 0.996458 0.000000 -0.528768 0.000000 0.000000 1.000000 0.000000
0.995890 0.090486 0.000000 14.537573 -0.090486 0.995898 0.000000 -0.583339 0.000000 0.000000 1.000000 0.000000
0.995213 0.097631 0.000000 15.121026 -0.097628 0.995223 0.000000 -0.643191 0.000000 0.000000 1.000000 0.000000
0.993752 0.111341 0.000000 16.270111 -0.111326 0.993781 0.000000 -0.770116 0.000000 0.000000 1.000000 0.000000
0.992806 0.119479 0.000000 16.839432 -0.119473 0.992837 0.000000 -0.840786 0.000000 0.000000 1.000000 0.000000
0.991826 0.127366 0.000000 17.408530 -0.127350 0.991855 0.000000 -0.916425 0.000000 0.000000 1.000000 0.000000
0.990766 0.135305 0.000000 17.910481 -0.135283 0.990802 0.000000 -0.986985 0.000000 0.000000 1.000000 0.000000
0.989650 0.143152 0.000000 18.465166 -0.143140 0.989701 0.000000 -1.069517 0.000000 0.000000 1.000000 0.000000
0.988617 0.149998 0.000000 18.990160 -0.150007 0.988685 0.000000 -1.150728 0.000000 0.000000 1.000000 0.000000
0.987598 0.156402 0.000000 19.580485 -0.156446 0.987684 0.000000 -1.244743 0.000000 0.000000 1.000000 0.000000
0.986502 0.163179 0.000000 20.091736 -0.163228 0.986585 0.000000 -1.330325 0.000000 0.000000 1.000000 0.000000
0.985110 0.171522 0.000000 20.809519 -0.171558 0.985172 0.000000 -1.452672 0.000000 0.000000 1.000000 0.000000
0.983799 0.178965 0.000000 21.422745 -0.179002 0.983845 0.000000 -1.562142 0.000000 0.000000 1.000000 0.000000
0.982337 0.186804 0.000000 21.987370 -0.186850 0.982383 0.000000 -1.669071 0.000000 0.000000 1.000000 0.000000
0.981015 0.193537 0.000000 22.536114 -0.193594 0.981075 0.000000 -1.778058 0.000000 0.000000 1.000000 0.000000
0.979785 0.199548 0.000000 23.099143 -0.199621 0.979865 0.000000 -1.892818 0.000000 0.000000 1.000000 0.000000
0.978448 0.205918 0.000000 23.609392 -0.206006 0.978541 0.000000 -1.999646 0.000000 0.000000 1.000000 0.000000
0.976828 0.213407 0.000000 24.165385 -0.213510 0.976929 0.000000 -2.120031 0.000000 0.000000 1.000000 0.000000
0.975113 0.221124 0.000000 24.715197 -0.221220 0.975214 0.000000 -2.246520 0.000000 0.000000 1.000000 0.000000
0.973389 0.228590 0.000000 25.255624 -0.228682 0.973492 0.000000 -2.375072 0.000000 0.000000 1.000000 0.000000
0.971608 0.235943 0.000000 25.825820 -0.236058 0.971727 0.000000 -2.514929 0.000000 0.000000 1.000000 0.000000
0.969109 0.245945 0.000000 26.583985 -0.246070 0.969240 0.000000 -2.708770 0.000000 0.000000 1.000000 0.000000
0.967020 0.253913 0.000000 27.210257 -0.254056 0.967177 0.000000 -2.873369 0.000000 0.000000 1.000000 0.000000
0.965084 0.261068 0.000000 27.737879 -0.261236 0.965260 0.000000 -3.017300 0.000000 0.000000 1.000000 0.000000
0.962856 0.269160 0.000000 28.286229 -0.269340 0.963027 0.000000 -3.173884 0.000000 0.000000 1.000000 0.000000
0.961051 0.275483 0.000000 28.820565 -0.275678 0.961230 0.000000 -3.328075 0.000000 0.000000 1.000000 0.000000
0.958899 0.282784 0.000000 29.345878 -0.283004 0.959096 0.000000 -3.481321 0.000000 0.000000 1.000000 0.000000
0.956744 0.289870 0.000000 29.874437 -0.290123 0.956962 0.000000 -3.641337 0.000000 0.000000 1.000000 0.000000
0.954581 0.296863 0.000000 30.375972 -0.297119 0.954816 0.000000 -3.797861 0.000000 0.000000 1.000000 0.000000
0.952296 0.304101 0.000000 30.920926 -0.304354 0.952536 0.000000 -3.972783 0.000000 0.000000 1.000000 0.000000
0.947886 0.317607 0.000000 31.924624 -0.317876 0.948103 0.000000 -4.304814 0.000000 0.000000 1.000000 0.000000
0.945931 0.323480 0.000000 32.403040 -0.323722 0.946127 0.000000 -4.470008 0.000000 0.000000 1.000000 0.000000
0.943686 0.330037 0.000000 32.912314 -0.330245 0.943878 0.000000 -4.649875 0.000000 0.000000 1.000000 0.000000
0.940663 0.338600 0.000000 33.516410 -0.338795 0.940845 0.000000 -4.869081 0.000000 0.000000 1.000000 0.000000
0.938403 0.344762 0.000000 34.025620 -0.344959 0.938605 0.000000 -5.056971 0.000000 0.000000 1.000000 0.000000
0.936295 0.350263 0.000000 34.488239 -0.350477 0.936562 0.000000 -5.231372 0.000000 0.000000 1.000000 0.000000
0.933805 0.356726 0.000000 34.992561 -0.356959 0.934112 0.000000 -5.426054 0.000000 0.000000 1.000000 0.000000
0.931824 0.361889 0.000000 35.432374 -0.362133 0.932116 0.000000 -5.597769 0.000000 0.000000 1.000000 0.000000
0.929074 0.368911 0.000000 36.095999 -0.369150 0.929359 0.000000 -5.859889 0.000000 0.000000 1.000000 0.000000
0.927115 0.373905 0.000000 36.546802 -0.374133 0.927363 0.000000 -6.043105 0.000000 0.000000 1.000000 0.000000
0.924469 0.380453 0.000000 37.126577 -0.380699 0.924680 0.000000 -6.284754 0.000000 0.000000 1.000000 0.000000
0.922230 0.385868 0.000000 37.614389 -0.386116 0.922429 0.000000 -6.491820 0.000000 0.000000 1.000000 0.000000
0.920038 0.391056 0.000000 38.089367 -0.391293 0.920250 0.000000 -6.696856 0.000000 0.000000 1.000000 0.000000
0.917238 0.397519 0.000000 38.600423 -0.397732 0.917494 0.000000 -6.920354 0.000000 0.000000 1.000000 0.000000
0.914475 0.403889 0.000000 39.033362 -0.404032 0.914744 0.000000 -7.113137 0.000000 0.000000 1.000000 0.000000
0.911619 0.410252 0.000000 39.515563 -0.410386 0.911912 0.000000 -7.329626 0.000000 0.000000 1.000000 0.000000
0.908447 0.417126 0.000000 39.987703 -0.417280 0.908778 0.000000 -7.546769 0.000000 0.000000 1.000000 0.000000
0.905438 0.423592 0.000000 40.445934 -0.423730 0.905788 0.000000 -7.762992 0.000000 0.000000 1.000000 0.000000
0.902431 0.429956 0.000000 40.905906 -0.430082 0.902789 0.000000 -7.984043 0.000000 0.000000 1.000000 0.000000
0.899274 0.436547 0.000000 41.395003 -0.436633 0.899635 0.000000 -8.220559 0.000000 0.000000 1.000000 0.000000
0.896110 0.442991 0.000000 41.863291 -0.443091 0.896473 0.000000 -8.451354 0.000000 0.000000 1.000000 0.000000
0.892655 0.449869 0.000000 42.339322 -0.450000 0.893027 0.000000 -8.693648 0.000000 0.000000 1.000000 0.000000
0.890225 0.454610 0.000000 42.779812 -0.454755 0.890615 0.000000 -8.918618 0.000000 0.000000 1.000000 0.000000
0.886249 0.462269 0.000000 43.442635 -0.462462 0.886639 0.000000 -9.264688 0.000000 0.000000 1.000000 0.000000
0.882306 0.469754 0.000000 44.129661 -0.469944 0.882696 0.000000 -9.625757 0.000000 0.000000 1.000000 0.000000
0.879314 0.475380 0.000000 44.602361 -0.475570 0.879678 0.000000 -9.880057 0.000000 0.000000 1.000000 0.000000
0.874142 0.485016 0.000000 45.410109 -0.485191 0.874408 0.000000 -10.328564 0.000000 0.000000 1.000000 0.000000
0.871180 0.490293 0.000000 45.864876 -0.490460 0.871464 0.000000 -10.586375 0.000000 0.000000 1.000000 0.000000
0.868216 0.495482 0.000000 46.315627 -0.495647 0.868524 0.000000 -10.847471 0.000000 0.000000 1.000000 0.000000
0.865160 0.500798 0.000000 46.763887 -0.500954 0.865474 0.000000 -11.108116 0.000000 0.000000 1.000000 0.000000
0.861998 0.506208 0.000000 47.216203 -0.506367 0.862318 0.000000 -11.376664 0.000000 0.000000 1.000000 0.000000
0.858896 0.511429 0.000000 47.634404 -0.511595 0.859226 0.000000 -11.628300 0.000000 0.000000 1.000000 0.000000
0.856030 0.516237 0.000000 48.067020 -0.516397 0.856349 0.000000 -11.892201 0.000000 0.000000 1.000000 0.000000
0.852928 0.521348 0.000000 48.552751 -0.521507 0.853246 0.000000 -12.190387 0.000000 0.000000 1.000000 0.000000
0.849820 0.526357 0.000000 48.985190 -0.526520 0.850162 0.000000 -12.458602 0.000000 0.000000 1.000000 0.000000
0.847089 0.530719 0.000000 49.392121 -0.530879 0.847446 0.000000 -12.715660 0.000000 0.000000 1.000000 0.000000
0.844452 0.534896 0.000000 49.804156 -0.535070 0.844806 0.000000 -12.977875 0.000000 0.000000 1.000000 0.000000
0.841387 0.539668 0.000000 50.238545 -0.539839 0.841766 0.000000 -13.258938 0.000000 0.000000 1.000000 0.000000
0.838737 0.543721 0.000000 50.631849 -0.543914 0.839139 0.000000 -13.515617 0.000000 0.000000 1.000000 0.000000
0.836344 0.547425 0.000000 51.022698 -0.547608 0.836732 0.000000 -13.772336 0.000000 0.000000 1.000000 0.000000
0.833659 0.551557 0.000000 51.402658 -0.551735 0.834018 0.000000 -14.025793 0.000000 0.000000 1.000000 0.000000
0.830893 0.555649 0.000000 51.794445 -0.555856 0.831277 0.000000 -14.290137 0.000000 0.000000 1.000000 0.000000
0.828282 0.559450 0.000000 52.154346 -0.559671 0.828713 0.000000 -14.536879 0.000000 0.000000 1.000000 0.000000
0.825256 0.563848 0.000000 52.539733 -0.564061 0.825728 0.000000 -14.802145 0.000000 0.000000 1.000000 0.000000
0.822617 0.567692 0.000000 52.899280 -0.567896 0.823094 0.000000 -15.052440 0.000000 0.000000 1.000000 0.000000
0.819522 0.572180 0.000000 53.264151 -0.572360 0.819993 0.000000 -15.309689 0.000000 0.000000 1.000000 0.000000
0.816604 0.576370 0.000000 53.618380 -0.576543 0.817058 0.000000 -15.560344 0.000000 0.000000 1.000000 0.000000
0.813800 0.580364 0.000000 53.941938 -0.580540 0.814225 0.000000 -15.790865 0.000000 0.000000 1.000000 0.000000
0.810258 0.585311 0.000000 54.338146 -0.585503 0.810665 0.000000 -16.079260 0.000000 0.000000 1.000000 0.000000
0.805576 0.591744 0.000000 54.840499 -0.591999 0.805939 0.000000 -16.451618 0.000000 0.000000 1.000000 0.000000
0.801968 0.596591 0.000000 55.206094 -0.596868 0.802340 0.000000 -16.727084 0.000000 0.000000 1.000000 0.000000
0.798519 0.601152 0.000000 55.538808 -0.601435 0.798922 0.000000 -16.980816 0.000000 0.000000 1.000000 0.000000
0.795708 0.604790 0.000000 55.871083 -0.605075 0.796167 0.000000 -17.232644 0.000000 0.000000 1.000000 0.000000
0.792223 0.609331 0.000000 56.198594 -0.609612 0.792697 0.000000 -17.487061 0.000000 0.000000 1.000000 0.000000
0.789107 0.613366 0.000000 56.523245 -0.613665 0.789565 0.000000 -17.740105 0.000000 0.000000 1.000000 0.000000
0.786570 0.616592 0.000000 56.821168 -0.616895 0.787043 0.000000 -17.973825 0.000000 0.000000 1.000000 0.000000
0.782863 0.621272 0.000000 57.171849 -0.621586 0.783345 0.000000 -18.253844 0.000000 0.000000 1.000000 0.000000
0.779263 0.625780 0.000000 57.477381 -0.626120 0.779727 0.000000 -18.501031 0.000000 0.000000 1.000000 0.000000
0.776075 0.629757 0.000000 57.804017 -0.630139 0.776481 0.000000 -18.769105 0.000000 0.000000 1.000000 0.000000
0.773361 0.633024 0.000000 58.066477 -0.633444 0.773787 0.000000 -18.987028 0.000000 0.000000 1.000000 0.000000
0.767158 0.640418 0.000000 58.653334 -0.640892 0.767629 0.000000 -19.483322 0.000000 0.000000 1.000000 0.000000
0.764839 0.643143 0.000000 58.897751 -0.643633 0.765332 0.000000 -19.690895 0.000000 0.000000 1.000000 0.000000
0.762374 0.646013 0.000000 59.165543 -0.646501 0.762913 0.000000 -19.919702 0.000000 0.000000 1.000000 0.000000
0.759960 0.648800 0.000000 59.414976 -0.649299 0.760533 0.000000 -20.133743 0.000000 0.000000 1.000000 0.000000
0.757584 0.651544 0.000000 59.672812 -0.652069 0.758160 0.000000 -20.359599 0.000000 0.000000 1.000000 0.000000
0.755472 0.653943 0.000000 59.926759 -0.654508 0.756054 0.000000 -20.581153 0.000000 0.000000 1.000000 0.000000
0.753040 0.656743 0.000000 60.199670 -0.657329 0.753602 0.000000 -20.821283 0.000000 0.000000 1.000000 0.000000
0.750488 0.659626 0.000000 60.438610 -0.660237 0.751055 0.000000 -21.034620 0.000000 0.000000 1.000000 0.000000
0.747930 0.662474 0.000000 60.668186 -0.663109 0.748520 0.000000 -21.240961 0.000000 0.000000 1.000000 0.000000
0.745906 0.664712 0.000000 60.875972 -0.665382 0.746498 0.000000 -21.427843 0.000000 0.000000 1.000000 0.000000
0.743249 0.667659 0.000000 61.098587 -0.668342 0.743850 0.000000 -21.628948 0.000000 0.000000 1.000000 0.000000
0.740667 0.670526 0.000000 61.333636 -0.671219 0.741254 0.000000 -21.843058 0.000000 0.000000 1.000000 0.000000
0.737064 0.674453 0.000000 61.670206 -0.675161 0.737666 0.000000 -22.150757 0.000000 0.000000 1.000000 0.000000
0.734376 0.677343 0.000000 61.909266 -0.678077 0.734985 0.000000 -22.373426 0.000000 0.000000 1.000000 0.000000
0.732054 0.679845 0.000000 62.114762 -0.680568 0.732681 0.000000 -22.565639 0.000000 0.000000 1.000000 0.000000
0.728853 0.683284 0.000000 62.352958 -0.684003 0.729475 0.000000 -22.792360 0.000000 0.000000 1.000000 0.000000
0.726504 0.685794 0.000000 62.547294 -0.686507 0.727119 0.000000 -22.977932 0.000000 0.000000 1.000000 0.000000
0.723966 0.688486 0.000000 62.760646 -0.689182 0.724586 0.000000 -23.183662 0.000000 0.000000 1.000000 0.000000
0.721623 0.690947 0.000000 62.935814 -0.691628 0.722253 0.000000 -23.355028 0.000000 0.000000 1.000000 0.000000
0.719531 0.693099 0.000000 63.108966 -0.693804 0.720162 0.000000 -23.524953 0.000000 0.000000 1.000000 0.000000
0.717549 0.695142 0.000000 63.278035 -0.695851 0.718185 0.000000 -23.690415 0.000000 0.000000 1.000000 0.000000
0.714975 0.697837 0.000000 63.467106 -0.698486 0.715624 0.000000 -23.877928 0.000000 0.000000 1.000000 0.000000
0.710404 0.702510 0.000000 63.813461 -0.703135 0.711056 0.000000 -24.222744 0.000000 0.000000 1.000000 0.000000
0.708294 0.704648 0.000000 63.977134 -0.705269 0.708940 0.000000 -24.387038 0.000000 0.000000 1.000000 0.000000
0.706569 0.706416 0.000000 64.116782 -0.707029 0.707185 0.000000 -24.528636 0.000000 0.000000 1.000000 0.000000
0.704621 0.708342 0.000000 64.269261 -0.708991 0.705217 0.000000 -24.684106 0.000000 0.000000 1.000000 0.000000
0.702908 0.710000 0.000000 64.417612 -0.710670 0.703525 0.000000 -24.835768 0.000000 0.000000 1.000000 0.000000
0.700973 0.711863 0.000000 64.553730 -0.712545 0.701626 0.000000 -24.976823 0.000000 0.000000 1.000000 0.000000
0.698977 0.713807 0.000000 64.701324 -0.714486 0.699650 0.000000 -25.130626 0.000000 0.000000 1.000000 0.000000
0.697101 0.715650 0.000000 64.833579 -0.716316 0.697775 0.000000 -25.269014 0.000000 0.000000 1.000000 0.000000
0.695551 0.717188 0.000000 64.968034 -0.717827 0.696221 0.000000 -25.408459 0.000000 0.000000 1.000000 0.000000
0.691638 0.721184 0.000000 65.232833 -0.721661 0.692241 0.000000 -25.688014 0.000000 0.000000 1.000000 0.000000
0.689773 0.723041 0.000000 65.358619 -0.723473 0.690346 0.000000 -25.822960 0.000000 0.000000 1.000000 0.000000
0.688320 0.724467 0.000000 65.475975 -0.724871 0.688877 0.000000 -25.947837 0.000000 0.000000 1.000000 0.000000
0.684934 0.727621 0.000000 65.678512 -0.728028 0.685535 0.000000 -26.167059 0.000000 0.000000 1.000000 0.000000
0.682588 0.729762 0.000000 65.811874 -0.730178 0.683240 0.000000 -26.311596 0.000000 0.000000 1.000000 0.000000
0.680519 0.731631 0.000000 65.937862 -0.732078 0.681203 0.000000 -26.447248 0.000000 0.000000 1.000000 0.000000
0.677722 0.734167 0.000000 66.075078 -0.734675 0.678408 0.000000 -26.597290 0.000000 0.000000 1.000000 0.000000
0.675311 0.736413 0.000000 66.206934 -0.736911 0.675979 0.000000 -26.743271 0.000000 0.000000 1.000000 0.000000
0.672686 0.738859 0.000000 66.337136 -0.739306 0.673352 0.000000 -26.888187 0.000000 0.000000 1.000000 0.000000
0.669936 0.741337 0.000000 66.472828 -0.741773 0.670628 0.000000 -27.040273 0.000000 0.000000 1.000000 0.000000
0.663454 0.747261 0.000000 66.748162 -0.747549 0.664150 0.000000 -27.354259 0.000000 0.000000 1.000000 0.000000
0.660014 0.750315 0.000000 66.893014 -0.750541 0.660740 0.000000 -27.521095 0.000000 0.000000 1.000000 0.000000
0.656342 0.753488 0.000000 67.039509 -0.753669 0.657135 0.000000 -27.693527 0.000000 0.000000 1.000000 0.000000
0.653002 0.756385 0.000000 67.173395 -0.756532 0.653816 0.000000 -27.852191 0.000000 0.000000 1.000000 0.000000
0.649124 0.759759 0.000000 67.321456 -0.759908 0.649899 0.000000 -28.028690 0.000000 0.000000 1.000000 0.000000
0.646414 0.762083 0.000000 67.439977 -0.762258 0.647158 0.000000 -28.170303 0.000000 0.000000 1.000000 0.000000
0.642975 0.764956 0.000000 67.571275 -0.765177 0.643720 0.000000 -28.329282 0.000000 0.000000 1.000000 0.000000
0.639320 0.767984 0.000000 67.705660 -0.768235 0.640075 0.000000 -28.493668 0.000000 0.000000 1.000000 0.000000
0.635731 0.770947 0.000000 67.846469 -0.771199 0.636497 0.000000 -28.665537 0.000000 0.000000 1.000000 0.000000
0.631702 0.774274 0.000000 67.987391 -0.774496 0.632467 0.000000 -28.841114 0.000000 0.000000 1.000000 0.000000
0.628112 0.777154 0.000000 68.120702 -0.777454 0.628859 0.000000 -29.008302 0.000000 0.000000 1.000000 0.000000
0.624442 0.780111 0.000000 68.271778 -0.780478 0.625132 0.000000 -29.199378 0.000000 0.000000 1.000000 0.000000
0.620626 0.783231 0.000000 68.420759 -0.783562 0.621263 0.000000 -29.389178 0.000000 0.000000 1.000000 0.000000
0.617513 0.785651 0.000000 68.537596 -0.786056 0.618125 0.000000 -29.539933 0.000000 0.000000 1.000000 0.000000
0.612929 0.789194 0.000000 68.705758 -0.789658 0.613528 0.000000 -29.760258 0.000000 0.000000 1.000000 0.000000
0.609359 0.791959 0.000000 68.854974 -0.792347 0.610024 0.000000 -29.956330 0.000000 0.000000 1.000000 0.000000
0.604002 0.795953 0.000000 69.078262 -0.796258 0.604840 0.000000 -30.253532 0.000000 0.000000 1.000000 0.000000
0.600271 0.798789 0.000000 69.236179 -0.798979 0.601170 0.000000 -30.466437 0.000000 0.000000 1.000000 0.000000
0.596422 0.801640 0.000000 69.410181 -0.801816 0.597360 0.000000 -30.702221 0.000000 0.000000 1.000000 0.000000
0.593566 0.803764 0.000000 69.557662 -0.803970 0.594479 0.000000 -30.902470 0.000000 0.000000 1.000000 0.000000
0.587103 0.808249 0.000000 69.885294 -0.808723 0.588081 0.000000 -31.352757 0.000000 0.000000 1.000000 0.000000
0.583974 0.810388 0.000000 70.043720 -0.810943 0.585021 0.000000 -31.571930 0.000000 0.000000 1.000000 0.000000
0.581273 0.812236 0.000000 70.185040 -0.812871 0.582352 0.000000 -31.769222 0.000000 0.000000 1.000000 0.000000
0.577343 0.815080 0.000000 70.364326 -0.815732 0.578355 0.000000 -32.025005 0.000000 0.000000 1.000000 0.000000
0.573126 0.818224 0.000000 70.582177 -0.818810 0.574002 0.000000 -32.335775 0.000000 0.000000 1.000000 0.000000
0.570396 0.820269 0.000000 70.736702 -0.820756 0.571206 0.000000 -32.558558 0.000000 0.000000 1.000000 0.000000
0.566953 0.822654 0.000000 70.885507 -0.823137 0.567767 0.000000 -32.775213 0.000000 0.000000 1.000000 0.000000
0.564208 0.824514 0.000000 71.029438 -0.825011 0.565039 0.000000 -32.985670 0.000000 0.000000 1.000000 0.000000
0.560759 0.826829 0.000000 71.167357 -0.827355 0.561603 0.000000 -33.192296 0.000000 0.000000 1.000000 0.000000
0.557961 0.828665 0.000000 71.306868 -0.829244 0.558819 0.000000 -33.401242 0.000000 0.000000 1.000000 0.000000
0.555086 0.830549 0.000000 71.460431 -0.831169 0.555957 0.000000 -33.633919 0.000000 0.000000 1.000000 0.000000
0.553204 0.831804 0.000000 71.601050 -0.832408 0.554092 0.000000 -33.847323 0.000000 0.000000 1.000000 0.000000
0.551147 0.833188 0.000000 71.735924 -0.833755 0.552049 0.000000 -34.052961 0.000000 0.000000 1.000000 0.000000
0.549101 0.834565 0.000000 71.881197 -0.835114 0.549989 0.000000 -34.274148 0.000000 0.000000 1.000000 0.000000
0.546745 0.836152 0.000000 72.015815 -0.836685 0.547599 0.000000 -34.482573 0.000000 0.000000 1.000000 0.000000
0.544108 0.837865 0.000000 72.200381 -0.838402 0.544965 0.000000 -34.770197 0.000000 0.000000 1.000000 0.000000
0.542597 0.838806 0.000000 72.349884 -0.839358 0.543486 0.000000 -35.005123 0.000000 0.000000 1.000000 0.000000
0.541419 0.839531 0.000000 72.490263 -0.840070 0.542365 0.000000 -35.225789 0.000000 0.000000 1.000000 0.000000
0.540301 0.840223 0.000000 72.628575 -0.840735 0.541305 0.000000 -35.443433 0.000000 0.000000 1.000000 0.000000
0.539652 0.840622 0.000000 72.761774 -0.841108 0.540701 0.000000 -35.653682 0.000000 0.000000 1.000000 0.000000
0.539752 0.840569 0.000000 72.898863 -0.841030 0.540809 0.000000 -35.868234 0.000000 0.000000 1.000000 0.000000
0.539881 0.840520 0.000000 73.044672 -0.840977 0.540902 0.000000 -36.095635 0.000000 0.000000 1.000000 0.000000
0.539909 0.840544 0.000000 73.168088 -0.841000 0.540882 0.000000 -36.289615 0.000000 0.000000 1.000000 0.000000
0.539803 0.840636 0.000000 73.295717 -0.841107 0.540736 0.000000 -36.492860 0.000000 0.000000 1.000000 0.000000
0.540140 0.840454 0.000000 73.409754 -0.840919 0.541037 0.000000 -36.673676 0.000000 0.000000 1.000000 0.000000
0.540674 0.840189 0.000000 73.645365 -0.840599 0.541528 0.000000 -37.049485 0.000000 0.000000 1.000000 0.000000
0.540718 0.840181 0.000000 73.776700 -0.840567 0.541570 0.000000 -37.257418 0.000000 0.000000 1.000000 0.000000
0.541486 0.839689 0.000000 73.894642 -0.840065 0.542343 0.000000 -37.443629 0.000000 0.000000 1.000000 0.000000
0.541529 0.839660 0.000000 74.005899 -0.840043 0.542381 0.000000 -37.619524 0.000000 0.000000 1.000000 0.000000
0.541660 0.839553 0.000000 74.125742 -0.839958 0.542519 0.000000 -37.808541 0.000000 0.000000 1.000000 0.000000
0.542049 0.839244 0.000000 74.239840 -0.839685 0.542944 0.000000 -37.988102 0.000000 0.000000 1.000000 0.000000
0.542630 0.838792 0.000000 74.355197 -0.839279 0.543572 0.000000 -38.169551 0.000000 0.000000 1.000000 0.000000
0.544400 0.837638 0.000000 74.563711 -0.838084 0.545385 0.000000 -38.497500 0.000000 0.000000 1.000000 0.000000
0.545535 0.836901 0.000000 74.674203 -0.837305 0.546553 0.000000 -38.669915 0.000000 0.000000 1.000000 0.000000
0.546798 0.836096 0.000000 74.789067 -0.836441 0.547840 0.000000 -38.849571 0.000000 0.000000 1.000000 0.000000
0.548627 0.834978 0.000000 74.895370 -0.835258 0.549627 0.000000 -39.014359 0.000000 0.000000 1.000000 0.000000
0.550817 0.833605 0.000000 75.003197 -0.833872 0.551747 0.000000 -39.180486 0.000000 0.000000 1.000000 0.000000
0.552709 0.832348 0.000000 75.115211 -0.832660 0.553609 0.000000 -39.352548 0.000000 0.000000 1.000000 0.000000
0.558269 0.828575 0.000000 75.349174 -0.828949 0.559178 0.000000 -39.710374 0.000000 0.000000 1.000000 0.000000
0.560592 0.826988 0.000000 75.436650 -0.827399 0.561488 0.000000 -39.842775 0.000000 0.000000 1.000000 0.000000
0.563584 0.825017 0.000000 75.537131 -0.825419 0.564413 0.000000 -39.993195 0.000000 0.000000 1.000000 0.000000
0.569751 0.820851 0.000000 75.719194 -0.821236 0.570501 0.000000 -40.260666 0.000000 0.000000 1.000000 0.000000
0.578784 0.814612 0.000000 75.950780 -0.814893 0.579503 0.000000 -40.594135 0.000000 0.000000 1.000000 0.000000
0.584825 0.810300 0.000000 76.091563 -0.810589 0.585520 0.000000 -40.791982 0.000000 0.000000 1.000000 0.000000
0.589156 0.807161 0.000000 76.183212 -0.807459 0.589838 0.000000 -40.920768 0.000000 0.000000 1.000000 0.000000
0.598226 0.800476 0.000000 76.365537 -0.800724 0.598928 0.000000 -41.170225 0.000000 0.000000 1.000000 0.000000
0.602228 0.797476 0.000000 76.442380 -0.797691 0.602946 0.000000 -41.272346 0.000000 0.000000 1.000000 0.000000
0.606599 0.794181 0.000000 76.524045 -0.794359 0.607315 0.000000 -41.380774 0.000000 0.000000 1.000000 0.000000
0.611054 0.790797 0.000000 76.608966 -0.790942 0.611751 0.000000 -41.493133 0.000000 0.000000 1.000000 0.000000
0.616291 0.786767 0.000000 76.724509 -0.786895 0.616953 0.000000 -41.644890 0.000000 0.000000 1.000000 0.000000
0.623082 0.781441 0.000000 76.870638 -0.781568 0.623702 0.000000 -41.833864 0.000000 0.000000 1.000000 0.000000
0.626962 0.778358 0.000000 76.943840 -0.778465 0.627568 0.000000 -41.926657 0.000000 0.000000 1.000000 0.000000
0.630642 0.775407 0.000000 77.018168 -0.775495 0.631231 0.000000 -42.019922 0.000000 0.000000 1.000000 0.000000
0.633955 0.772724 0.000000 77.088765 -0.772798 0.634529 0.000000 -42.108555 0.000000 0.000000 1.000000 0.000000
0.637944 0.769470 0.000000 77.169764 -0.769529 0.638490 0.000000 -42.209353 0.000000 0.000000 1.000000 0.000000
0.641866 0.766243 0.000000 77.245817 -0.766292 0.642378 0.000000 -42.302973 0.000000 0.000000 1.000000 0.000000
0.647474 0.761560 0.000000 77.373656 -0.761604 0.647940 0.000000 -42.459006 0.000000 0.000000 1.000000 0.000000
0.649610 0.759761 0.000000 77.430958 -0.759796 0.650060 0.000000 -42.528534 0.000000 0.000000 1.000000 0.000000
0.652102 0.757636 0.000000 77.483887 -0.757678 0.652536 0.000000 -42.592512 0.000000 0.000000 1.000000 0.000000
0.654534 0.755554 0.000000 77.530076 -0.755604 0.654947 0.000000 -42.647977 0.000000 0.000000 1.000000 0.000000
0.656644 0.753736 0.000000 77.572895 -0.753791 0.657040 0.000000 -42.699184 0.000000 0.000000 1.000000 0.000000
0.658199 0.752378 0.000000 77.612633 -0.752446 0.658588 0.000000 -42.747221 0.000000 0.000000 1.000000 0.000000
0.659467 0.751252 0.000000 77.651052 -0.751343 0.659856 0.000000 -42.792933 0.000000 0.000000 1.000000 0.000000
0.661756 0.749216 0.000000 77.703427 -0.749336 0.662145 0.000000 -42.854682 0.000000 0.000000 1.000000 0.000000
0.663230 0.747900 0.000000 77.732079 -0.748027 0.663625 0.000000 -42.888601 0.000000 0.000000 1.000000 0.000000
0.664614 0.746670 0.000000 77.761672 -0.746793 0.665011 0.000000 -42.923377 0.000000 0.000000 1.000000 0.000000
0.665711 0.745703 0.000000 77.787173 -0.745818 0.666103 0.000000 -42.953144 0.000000 0.000000 1.000000 0.000000
0.666848 0.744690 0.000000 77.812314 -0.744801 0.667240 0.000000 -42.982535 0.000000 0.000000 1.000000 0.000000
0.667858 0.743777 0.000000 77.830696 -0.743887 0.668257 0.000000 -43.004012 0.000000 0.000000 1.000000 0.000000
0.669005 0.742742 0.000000 77.849386 -0.742852 0.669406 0.000000 -43.025976 0.000000 0.000000 1.000000 0.000000
0.669719 0.742098 0.000000 77.863571 -0.742210 0.670120 0.000000 -43.042665 0.000000 0.000000 1.000000 0.000000
0.670164 0.741694 0.000000 77.880405 -0.741805 0.670567 0.000000 -43.062858 0.000000 0.000000 1.000000 0.000000
0.670413 0.741469 0.000000 77.887339 -0.741576 0.670818 0.000000 -43.071532 0.000000 0.000000 1.000000 0.000000
0.671009 0.740930 0.000000 77.901286 -0.741032 0.671417 0.000000 -43.088716 0.000000 0.000000 1.000000 0.000000
0.671052 0.740888 0.000000 77.906856 -0.740985 0.671466 0.000000 -43.095720 0.000000 0.000000 1.000000 0.000000
0.670787 0.741115 0.000000 77.908624 -0.741209 0.671214 0.000000 -43.098802 0.000000 0.000000 1.000000 0.000000
0.670700 0.741171 0.000000 77.908026 -0.741262 0.671149 0.000000 -43.098921 0.000000 0.000000 1.000000 0.000000
0.670856 0.741001 0.000000 77.906565 -0.741079 0.671338 0.000000 -43.098017 0.000000 0.000000 1.000000 0.000000
0.671109 0.740758 0.000000 77.904356 -0.740814 0.671615 0.000000 -43.096416 0.000000 0.000000 1.000000 0.000000
0.671168 0.740703 0.000000 77.902147 -0.740749 0.671681 0.000000 -43.094814 0.000000 0.000000 1.000000 0.000000
0.671108 0.740764 0.000000 77.900105 -0.740813 0.671613 0.000000 -43.093428 0.000000 0.000000 1.000000 0.000000
0.671184 0.740701 0.000000 77.898644 -0.740755 0.671681 0.000000 -43.092524 0.000000 0.000000 1.000000 0.000000
0.671409 0.740490 0.000000 77.897130 -0.740555 0.671907 0.000000 -43.091730 0.000000 0.000000 1.000000 0.000000
0.671490 0.740404 0.000000 77.896250 -0.740485 0.671991 0.000000 -43.091308 0.000000 0.000000 1.000000 0.000000
0.671572 0.740324 0.000000 77.895290 -0.740413 0.672073 0.000000 -43.091050 0.000000 0.000000 1.000000 0.000000
0.671666 0.740232 0.000000 77.894577 -0.740324 0.672171 0.000000 -43.090844 0.000000 0.000000 1.000000 0.000000
0.671751 0.740146 0.000000 77.893512 -0.740237 0.672265 0.000000 -43.090806 0.000000 0.000000 1.000000 0.000000
0.671823 0.740102 0.000000 77.892940 -0.740173 0.672329 0.000000 -43.090870 0.000000 0.000000 1.000000 0.000000
0.671897 0.740045 0.000000 77.892588 -0.740105 0.672399 0.000000 -43.091040 0.000000 0.000000 1.000000 0.000000
0.671913 0.740034 0.000000 77.891989 -0.740088 0.672415 0.000000 -43.091158 0.000000 0.000000 1.000000 0.000000
0.671951 0.739996 0.000000 77.891637 -0.740052 0.672455 0.000000 -43.091328 0.000000 0.000000 1.000000 0.000000
0.672015 0.739928 0.000000 77.891285 -0.739993 0.672523 0.000000 -43.091497 0.000000 0.000000 1.000000 0.000000
0.672068 0.739876 0.000000 77.890933 -0.739947 0.672577 0.000000 -43.091667 0.000000 0.000000 1.000000 0.000000
0.672112 0.739838 0.000000 77.890774 -0.739905 0.672621 0.000000 -43.091997 0.000000 0.000000 1.000000 0.000000
0.672143 0.739814 0.000000 77.890422 -0.739876 0.672651 0.000000 -43.092166 0.000000 0.000000 1.000000 0.000000
0.672199 0.739770 0.000000 77.889770 -0.739825 0.672704 0.000000 -43.092395 0.000000 0.000000 1.000000 0.000000
0.672206 0.739761 0.000000 77.889665 -0.739817 0.672713 0.000000 -43.092615 0.000000 0.000000 1.000000 0.000000
0.672217 0.739745 0.000000 77.889312 -0.739807 0.672726 0.000000 -43.092785 0.000000 0.000000 1.000000 0.000000
0.672278 0.739687 0.000000 77.888960 -0.739752 0.672788 0.000000 -43.092954 0.000000 0.000000 1.000000 0.000000
0.672321 0.739651 0.000000 77.888855 -0.739714 0.672829 0.000000 -43.093174 0.000000 0.000000 1.000000 0.000000
0.672292 0.739679 0.000000 77.888529 -0.739739 0.672800 0.000000 -43.093288 0.000000 0.000000 1.000000 0.000000
0.672280 0.739695 0.000000 77.888397 -0.739750 0.672787 0.000000 -43.093563 0.000000 0.000000 1.000000 0.000000
0.672323 0.739658 0.000000 77.888071 -0.739711 0.672829 0.000000 -43.093678 0.000000 0.000000 1.000000 0.000000
0.672339 0.739642 0.000000 77.887745 -0.739699 0.672844 0.000000 -43.093792 0.000000 0.000000 1.000000 0.000000
0.672349 0.739634 0.000000 77.887639 -0.739692 0.672853 0.000000 -43.094012 0.000000 0.000000 1.000000 0.000000
0.672357 0.739623 0.000000 77.887340 -0.739684 0.672862 0.000000 -43.094072 0.000000 0.000000 1.000000 0.000000
0.672364 0.739616 0.000000 77.887234 -0.739676 0.672870 0.000000 -43.094292 0.000000 0.000000 1.000000 0.000000
0.672374 0.739610 0.000000 77.887129 -0.739665 0.672880 0.000000 -43.094512 0.000000 0.000000 1.000000 0.000000
0.672380 0.739606 0.000000 77.886829 -0.739660 0.672885 0.000000 -43.094571 0.000000 0.000000 1.000000 0.000000
0.672384 0.739604 0.000000 77.886750 -0.739657 0.672888 0.000000 -43.094736 0.000000 0.000000 1.000000 0.000000
0.672363 0.739620 0.000000 77.886398 -0.739674 0.672870 0.000000 -43.094906 0.000000 0.000000 1.000000 0.000000
0.672347 0.739627 0.000000 77.886319 -0.739682 0.672860 0.000000 -43.095071 0.000000 0.000000 1.000000 0.000000
0.672366 0.739609 0.000000 77.886213 -0.739664 0.672880 0.000000 -43.095291 0.000000 0.000000 1.000000 0.000000
0.672380 0.739597 0.000000 77.885914 -0.739648 0.672895 0.000000 -43.095350 0.000000 0.000000 1.000000 0.000000
0.672454 0.739531 0.000000 77.885861 -0.739579 0.672969 0.000000 -43.095460 0.000000 0.000000 1.000000 0.000000
0.672512 0.739482 0.000000 77.885535 -0.739528 0.673025 0.000000 -43.095575 0.000000 0.000000 1.000000 0.000000
0.672588 0.739413 0.000000 77.885482 -0.739457 0.673102 0.000000 -43.095685 0.000000 0.000000 1.000000 0.000000
0.672702 0.739308 0.000000 77.885209 -0.739351 0.673217 0.000000 -43.095689 0.000000 0.000000 1.000000 0.000000
0.672913 0.739116 0.000000 77.884910 -0.739158 0.673429 0.000000 -43.095748 0.000000 0.000000 1.000000 0.000000
0.673075 0.738972 0.000000 77.884637 -0.739013 0.673588 0.000000 -43.095753 0.000000 0.000000 1.000000 0.000000
0.673154 0.738915 0.000000 77.884118 -0.738959 0.673652 0.000000 -43.095707 0.000000 0.000000 1.000000 0.000000
0.673193 0.738881 0.000000 77.883871 -0.738928 0.673689 0.000000 -43.095656 0.000000 0.000000 1.000000 0.000000
0.673262 0.738821 0.000000 77.883818 -0.738869 0.673754 0.000000 -43.095766 0.000000 0.000000 1.000000 0.000000
0.673303 0.738784 0.000000 77.883545 -0.738834 0.673794 0.000000 -43.095771 0.000000 0.000000 1.000000 0.000000
0.673157 0.738917 0.000000 77.883220 -0.738967 0.673648 0.000000 -43.095885 0.000000 0.000000 1.000000 0.000000
0.673104 0.738960 0.000000 77.883140 -0.739009 0.673600 0.000000 -43.096050 0.000000 0.000000 1.000000 0.000000
0.673087 0.738974 0.000000 77.883088 -0.739022 0.673585 0.000000 -43.096160 0.000000 0.000000 1.000000 0.000000
0.673003 0.739049 0.000000 77.882982 -0.739099 0.673502 0.000000 -43.096380 0.000000 0.000000 1.000000 0.000000
0.672893 0.739147 0.000000 77.882903 -0.739197 0.673394 0.000000 -43.096545 0.000000 0.000000 1.000000 0.000000
0.672827 0.739206 0.000000 77.882850 -0.739256 0.673328 0.000000 -43.096655 0.000000 0.000000 1.000000 0.000000
0.672821 0.739213 0.000000 77.882990 -0.739262 0.673322 0.000000 -43.096926 0.000000 0.000000 1.000000 0.000000
0.672771 0.739260 0.000000 77.882911 -0.739307 0.673272 0.000000 -43.097091 0.000000 0.000000 1.000000 0.000000
0.672682 0.739340 0.000000 77.882858 -0.739386 0.673184 0.000000 -43.097201 0.000000 0.000000 1.000000 0.000000
0.672628 0.739388 0.000000 77.882779 -0.739433 0.673131 0.000000 -43.097366 0.000000 0.000000 1.000000 0.000000
0.672609 0.739404 0.000000 77.882726 -0.739449 0.673113 0.000000 -43.097476 0.000000 0.000000 1.000000 0.000000
0.672605 0.739407 0.000000 77.882673 -0.739453 0.673109 0.000000 -43.097586 0.000000 0.000000 1.000000 0.000000
0.672604 0.739403 0.000000 77.882620 -0.739449 0.673113 0.000000 -43.097696 0.000000 0.000000 1.000000 0.000000
0.672648 0.739355 0.000000 77.882568 -0.739401 0.673164 0.000000 -43.097806 0.000000 0.000000 1.000000 0.000000
0.672673 0.739330 0.000000 77.882541 -0.739374 0.673192 0.000000 -43.097861 0.000000 0.000000 1.000000 0.000000
0.672708 0.739298 0.000000 77.882488 -0.739339 0.673228 0.000000 -43.097971 0.000000 0.000000 1.000000 0.000000
0.672742 0.739266 0.000000 77.882242 -0.739306 0.673264 0.000000 -43.097920 0.000000 0.000000 1.000000 0.000000
0.672814 0.739197 0.000000 77.882215 -0.739235 0.673340 0.000000 -43.097975 0.000000 0.000000 1.000000 0.000000
0.673069 0.738966 0.000000 77.881943 -0.739003 0.673594 0.000000 -43.097980 0.000000 0.000000 1.000000 0.000000
0.673333 0.738736 0.000000 77.881502 -0.738771 0.673850 0.000000 -43.097768 0.000000 0.000000 1.000000 0.000000
0.673440 0.738647 0.000000 77.881476 -0.738684 0.673948 0.000000 -43.097823 0.000000 0.000000 1.000000 0.000000
0.673555 0.738544 0.000000 77.881256 -0.738586 0.674059 0.000000 -43.097718 0.000000 0.000000 1.000000 0.000000
0.673651 0.738462 0.000000 77.881036 -0.738505 0.674150 0.000000 -43.097612 0.000000 0.000000 1.000000 0.000000
0.673804 0.738319 0.000000 77.881317 -0.738362 0.674306 0.000000 -43.098153 0.000000 0.000000 1.000000 0.000000
0.674055 0.738079 0.000000 77.882901 -0.738121 0.674567 0.000000 -43.099929 0.000000 0.000000 1.000000 0.000000
0.674533 0.737637 0.000000 77.882954 -0.737676 0.675050 0.000000 -43.099819 0.000000 0.000000 1.000000 0.000000
0.674973 0.737237 0.000000 77.883509 -0.737273 0.675489 0.000000 -43.100356 0.000000 0.000000 1.000000 0.000000
0.675407 0.736834 0.000000 77.885366 -0.736871 0.675928 0.000000 -43.102126 0.000000 0.000000 1.000000 0.000000
0.675971 0.736313 0.000000 77.888947 -0.736349 0.676495 0.000000 -43.105943 0.000000 0.000000 1.000000 0.000000
0.676745 0.735603 0.000000 77.895221 -0.735636 0.677270 0.000000 -43.112609 0.000000 0.000000 1.000000 0.000000
0.677527 0.734880 0.000000 77.902913 -0.734913 0.678053 0.000000 -43.120834 0.000000 0.000000 1.000000 0.000000
0.678392 0.734084 0.000000 77.913992 -0.734115 0.678917 0.000000 -43.132716 0.000000 0.000000 1.000000 0.000000
0.679077 0.733453 0.000000 77.923848 -0.733480 0.679601 0.000000 -43.143198 0.000000 0.000000 1.000000 0.000000
0.679927 0.732670 0.000000 77.936370 -0.732699 0.680446 0.000000 -43.156585 0.000000 0.000000 1.000000 0.000000
0.680593 0.732059 0.000000 77.947475 -0.732092 0.681103 0.000000 -43.168411 0.000000 0.000000 1.000000 0.000000
0.681446 0.731271 0.000000 77.960024 -0.731310 0.681948 0.000000 -43.181743 0.000000 0.000000 1.000000 0.000000
0.683155 0.729681 0.000000 77.985148 -0.729730 0.683646 0.000000 -43.208350 0.000000 0.000000 1.000000 0.000000
0.684071 0.728823 0.000000 77.999721 -0.728875 0.684560 0.000000 -43.223668 0.000000 0.000000 1.000000 0.000000
0.684871 0.728075 0.000000 78.013519 -0.728127 0.685356 0.000000 -43.238344 0.000000 0.000000 1.000000 0.000000
0.685610 0.727386 0.000000 78.028285 -0.727437 0.686090 0.000000 -43.253822 0.000000 0.000000 1.000000 0.000000
0.686180 0.726857 0.000000 78.039831 -0.726911 0.686651 0.000000 -43.265860 0.000000 0.000000 1.000000 0.000000
0.686794 0.726284 0.000000 78.052626 -0.726345 0.687255 0.000000 -43.279242 0.000000 0.000000 1.000000 0.000000
0.687323 0.725788 0.000000 78.064145 -0.725855 0.687777 0.000000 -43.291335 0.000000 0.000000 1.000000 0.000000
0.687742 0.725391 0.000000 78.074969 -0.725463 0.688193 0.000000 -43.302620 0.000000 0.000000 1.000000 0.000000
0.688073 0.725075 0.000000 78.085820 -0.725149 0.688525 0.000000 -43.313851 0.000000 0.000000 1.000000 0.000000
0.688445 0.724721 0.000000 78.095913 -0.724794 0.688898 0.000000 -43.323838 0.000000 0.000000 1.000000 0.000000
0.688933 0.724255 0.000000 78.110469 -0.724329 0.689387 0.000000 -43.338065 0.000000 0.000000 1.000000 0.000000
0.689147 0.724048 0.000000 78.117122 -0.724121 0.689604 0.000000 -43.344506 0.000000 0.000000 1.000000 0.000000
0.689285 0.723918 0.000000 78.124215 -0.723991 0.689741 0.000000 -43.351158 0.000000 0.000000 1.000000 0.000000
0.689241 0.723961 0.000000 78.127286 -0.724035 0.689696 0.000000 -43.353783 0.000000 0.000000 1.000000 0.000000
0.689161 0.724034 0.000000 78.128246 -0.724111 0.689617 0.000000 -43.354040 0.000000 0.000000 1.000000 0.000000
0.689128 0.724062 0.000000 78.128096 -0.724139 0.689586 0.000000 -43.353224 0.000000 0.000000 1.000000 0.000000
0.689163 0.724018 0.000000 78.127586 -0.724097 0.689630 0.000000 -43.352031 0.000000 0.000000 1.000000 0.000000
0.689253 0.723924 0.000000 78.126689 -0.723999 0.689729 0.000000 -43.350518 0.000000 0.000000 1.000000 0.000000
0.689310 0.723868 0.000000 78.126126 -0.723938 0.689790 0.000000 -43.349435 0.000000 0.000000 1.000000 0.000000
0.689360 0.723822 0.000000 78.125615 -0.723890 0.689840 0.000000 -43.348243 0.000000 0.000000 1.000000 0.000000
0.689433 0.723757 0.000000 78.125220 -0.723824 0.689909 0.000000 -43.347376 0.000000 0.000000 1.000000 0.000000
0.689552 0.723642 0.000000 78.124868 -0.723712 0.690028 0.000000 -43.345854 0.000000 0.000000 1.000000 0.000000
0.689628 0.723567 0.000000 78.124613 -0.723639 0.690105 0.000000 -43.345258 0.000000 0.000000 1.000000 0.000000
0.689671 0.723523 0.000000 78.124798 -0.723594 0.690151 0.000000 -43.344873 0.000000 0.000000 1.000000 0.000000
0.689710 0.723488 0.000000 78.124736 -0.723556 0.690190 0.000000 -43.344437 0.000000 0.000000 1.000000 0.000000
0.689761 0.723441 0.000000 78.124895 -0.723508 0.690240 0.000000 -43.344107 0.000000 0.000000 1.000000 0.000000
0.689799 0.723408 0.000000 78.125027 -0.723477 0.690274 0.000000 -43.343832 0.000000 0.000000 1.000000 0.000000
