1.000000 0.000338 0.000000 0.811930 -0.000338 1.000000 0.000000 -0.025624 0.000000 0.000000 1.000000 0.000000
1.000000 0.000691 0.000000 1.392590 -0.000691 1.000000 0.000000 -0.033882 0.000000 0.000000 1.000000 0.000000
0.999999 0.001543 0.000000 2.005200 -0.001543 0.999999 0.000000 -0.046757 0.000000 0.000000 1.000000 0.000000
0.999997 -0.002520 0.000000 2.901582 0.002520 0.999997 0.000000 -0.077223 0.000000 0.000000 1.000000 0.000000
0.999989 -0.004665 0.000000 3.519995 0.004665 0.999989 0.000000 -0.091924 0.000000 0.000000 1.000000 0.000000
0.999983 -0.005750 0.000000 4.158321 0.005750 0.999983 0.000000 -0.104197 0.000000 0.000000 1.000000 0.000000
0.999986 -0.005376 0.000000 4.755649 0.005376 0.999986 0.000000 -0.114725 0.000000 0.000000 1.000000 0.000000
0.999987 0.005066 0.000000 5.986900 -0.005066 0.999987 0.000000 -0.144897 0.000000 0.000000 1.000000 0.000000
0.999999 0.001521 0.000000 6.605436 -0.001521 0.999999 0.000000 -0.171316 0.000000 0.000000 1.000000 0.000000
0.999999 -0.001451 0.000000 7.262964 0.001451 0.999999 0.000000 -0.190756 0.000000 0.000000 1.000000 0.000000
0.999997 -0.002325 0.000000 7.893321 0.002325 0.999997 0.000000 -0.201753 0.000000 0.000000 1.000000 0.000000
0.999994 -0.003378 0.000000 8.564783 0.003378 0.999994 0.000000 -0.220077 0.000000 0.000000 1.000000 0.000000
0.999993 -0.003658 0.000000 9.188263 0.003658 0.999993 0.000000 -0.234638 0.000000 0.000000 1.000000 0.000000
0.999993 -0.003691 0.000000 9.810293 0.003691 0.999993 0.000000 -0.239379 0.000000 0.000000 1.000000 0.000000
0.999993 -0.003845 0.000000 10.622344 0.003845 0.999993 0.000000 -0.208623 0.000000 0.000000 1.000000 0.000000
0.999982 -0.005917 0.000000 11.240709 0.005917 0.999982 0.000000 -0.223006 0.000000 0.000000 1.000000 0.000000
0.999980 -0.006286 0.000000 11.862408 0.006286 0.999980 0.000000 -0.225986 0.000000 0.000000 1.000000 0.000000
0.999980 -0.006352 0.000000 12.477602 0.006352 0.999980 0.000000 -0.242476 0.000000 0.000000 1.000000 0.000000
0.999978 -0.006617 0.000000 13.093420 0.006617 0.999978 0.000000 -0.259424 0.000000 0.000000 1.000000 0.000000
0.999977 -0.006714 0.000000 13.742797 0.006714 0.999977 0.000000 -0.273930 0.000000 0.000000 1.000000 0.000000
0.999972 -0.007437 0.000000 14.341529 0.007437 0.999972 0.000000 -0.283727 0.000000 0.000000 1.000000 0.000000
0.999973 -0.007332 0.000000 14.962926 0.007332 0.999973 0.000000 -0.295244 0.000000 0.000000 1.000000 0.000000
0.999964 -0.008494 0.000000 15.587485 0.008494 0.999964 0.000000 -0.321309 0.000000 0.000000 1.000000 0.000000
0.999930 -0.011836 0.000000 16.241744 0.011836 0.999930 0.000000 -0.331938 0.000000 0.000000 1.000000 0.000000
0.999903 -0.013902 0.000000 16.862614 0.013902 0.999903 0.000000 -0.347310 0.000000 0.000000 1.000000 0.000000
0.999842 -0.017798 0.000000 17.431412 0.017798 0.999842 0.000000 -0.341989 0.000000 0.000000 1.000000 0.000000
0.999875 -0.015834 0.000000 18.054854 0.015834 0.999875 0.000000 -0.341106 0.000000 0.000000 1.000000 0.000000
0.999885 -0.015184 0.000000 18.683077 0.015184 0.999885 0.000000 -0.352486 0.000000 0.000000 1.000000 0.000000
0.999865 -0.016435 0.000000 19.294857 0.016435 0.999865 0.000000 -0.343685 0.000000 0.000000 1.000000 0.000000
0.999863 -0.016560 0.000000 19.894832 0.016560 0.999863 0.000000 -0.343343 0.000000 0.000000 1.000000 0.000000
0.999859 -0.016774 0.000000 20.512958 0.016774 0.999859 0.000000 -0.347903 0.000000 0.000000 1.000000 0.000000
0.999868 -0.016230 0.000000 21.140908 0.016230 0.999868 0.000000 -0.358176 0.000000 0.000000 1.000000 0.000000
0.999866 -0.016390 0.000000 21.699496 0.016390 0.999866 0.000000 -0.377397 0.000000 0.000000 1.000000 0.000000
0.999821 -0.018945 0.000000 22.329008 0.018945 0.999821 0.000000 -0.385913 0.000000 0.000000 1.000000 0.000000
0.999778 -0.021077 0.000000 22.940386 0.021077 0.999778 0.000000 -0.395214 0.000000 0.000000 1.000000 0.000000
0.999756 -0.022087 0.000000 23.525844 0.022087 0.999756 0.000000 -0.394940 0.000000 0.000000 1.000000 0.000000
0.999758 -0.022015 0.000000 24.135031 0.022015 0.999758 0.000000 -0.401127 0.000000 0.000000 1.000000 0.000000
0.999769 -0.021477 0.000000 24.767693 0.021477 0.999769 0.000000 -0.398960 0.000000 0.000000 1.000000 0.000000
0.999791 -0.020426 0.000000 25.379836 0.020426 0.999791 0.000000 -0.397818 0.000000 0.000000 1.000000 0.000000
0.999823 -0.018800 0.000000 28.086034 0.018800 0.999823 0.000000 -0.397615 0.000000 0.000000 1.000000 0.000000
0.999882 -0.015371 0.000000 28.730477 0.015371 0.999882 0.000000 -0.407125 0.000000 0.000000 1.000000 0.000000
0.999903 -0.013909 0.000000 29.319185 0.013909 0.999903 0.000000 -0.412323 0.000000 0.000000 1.000000 0.000000
0.999902 -0.013977 0.000000 29.944730 0.013977 0.999902 0.000000 -0.421451 0.000000 0.000000 1.000000 0.000000
0.999891 -0.014769 0.000000 30.574092 0.014769 0.999891 0.000000 -0.441549 0.000000 0.000000 1.000000 0.000000
0.999897 -0.014378 0.000000 31.395823 0.014378 0.999897 0.000000 -0.456261 0.000000 0.000000 1.000000 0.000000
0.999919 -0.012722 0.000000 32.033193 0.012722 0.999919 0.000000 -0.456861 0.000000 0.000000 1.000000 0.000000
0.999935 -0.011391 0.000000 32.667198 0.011391 0.999935 0.000000 -0.458843 0.000000 0.000000 1.000000 0.000000
0.999951 -0.009920 0.000000 33.276655 0.009920 0.999951 0.000000 -0.454779 0.000000 0.000000 1.000000 0.000000
0.999954 -0.009544 0.000000 33.897905 0.009544 0.999954 0.000000 -0.464731 0.000000 0.000000 1.000000 0.000000
0.999961 -0.008835 0.000000 34.547585 0.008835 0.999961 0.000000 -0.468168 0.000000 0.000000 1.000000 0.000000
0.999983 -0.005899 0.000000 35.179847 0.005899 0.999983 0.000000 -0.475774 0.000000 0.000000 1.000000 0.000000
0.999995 -0.003281 0.000000 35.820322 0.003281 0.999995 0.000000 -0.484724 0.000000 0.000000 1.000000 0.000000
0.999998 -0.002069 0.000000 36.448023 0.002069 0.999998 0.000000 -0.500947 0.000000 0.000000 1.000000 0.000000
0.999998 -0.001753 0.000000 37.086904 0.001753 0.999998 0.000000 -0.518984 0.000000 0.000000 1.000000 0.000000
1.000000 -0.000232 0.000000 37.719540 0.000232 1.000000 0.000000 -0.540101 0.000000 0.000000 1.000000 0.000000
1.000000 -0.000138 0.000000 38.325495 0.000138 1.000000 0.000000 -0.562262 0.000000 0.000000 1.000000 0.000000
0.999999 0.001421 0.000000 38.962032 -0.001421 0.999999 0.000000 -0.579831 0.000000 0.000000 1.000000 0.000000
0.999998 0.001824 0.000000 39.598598 -0.001824 0.999998 0.000000 -0.594046 0.000000 0.000000 1.000000 0.000000
1.000000 -0.000509 0.000000 40.215379 0.000509 1.000000 0.000000 -0.583302 0.000000 0.000000 1.000000 0.000000
0.999998 0.002224 0.000000 40.869430 -0.002224 0.999998 0.000000 -0.601164 0.000000 0.000000 1.000000 0.000000
0.999991 0.004221 0.000000 41.488983 -0.004221 0.999991 0.000000 -0.614724 0.000000 0.000000 1.000000 0.000000
0.999992 0.003953 0.000000 42.136519 -0.003953 0.999992 0.000000 -0.634257 0.000000 0.000000 1.000000 0.000000
0.999991 0.004217 0.000000 42.770207 -0.004217 0.999991 0.000000 -0.653059 0.000000 0.000000 1.000000 0.000000
0.999987 0.005122 0.000000 43.396955 -0.005122 0.999987 0.000000 -0.670821 0.000000 0.000000 1.000000 0.000000
0.999986 0.005379 0.000000 44.042380 -0.005379 0.999986 0.000000 -0.694190 0.000000 0.000000 1.000000 0.000000
0.999984 0.005682 0.000000 44.691390 -0.005682 0.999984 0.000000 -0.711253 0.000000 0.000000 1.000000 0.000000
0.999973 0.007332 0.000000 45.340089 -0.007332 0.999973 0.000000 -0.725853 0.000000 0.000000 1.000000 0.000000
0.999960 0.008911 0.000000 45.985594 -0.008911 0.999960 0.000000 -0.742132 0.000000 0.000000 1.000000 0.000000
0.999964 0.008468 0.000000 46.643887 -0.008468 0.999964 0.000000 -0.762134 0.000000 0.000000 1.000000 0.000000
0.999967 0.008122 0.000000 47.246096 -0.008122 0.999967 0.000000 -0.775329 0.000000 0.000000 1.000000 0.000000
0.999972 0.007460 0.000000 47.898785 -0.007460 0.999972 0.000000 -0.788641 0.000000 0.000000 1.000000 0.000000
0.999997 0.002397 0.000000 48.551309 -0.002397 0.999997 0.000000 -0.800767 0.000000 0.000000 1.000000 0.000000
0.999992 0.003947 0.000000 49.244456 -0.003947 0.999992 0.000000 -0.818703 0.000000 0.000000 1.000000 0.000000
0.999999 0.001079 0.000000 49.893281 -0.001079 0.999999 0.000000 -0.830875 0.000000 0.000000 1.000000 0.000000
1.000000 -0.000440 0.000000 50.498620 0.000440 1.000000 0.000000 -0.845026 0.000000 0.000000 1.000000 0.000000
1.000000 0.000273 0.000000 51.106537 -0.000273 1.000000 0.000000 -0.850967 0.000000 0.000000 1.000000 0.000000
0.999999 0.001282 0.000000 51.716875 -0.001282 0.999999 0.000000 -0.860106 0.000000 0.000000 1.000000 0.000000
0.999994 0.003356 0.000000 52.365569 -0.003356 0.999994 0.000000 -0.862820 0.000000 0.000000 1.000000 0.000000
0.999990 0.004452 0.000000 53.026225 -0.004452 0.999990 0.000000 -0.868127 0.000000 0.000000 1.000000 0.000000
0.999996 0.002870 0.000000 53.704645 -0.002870 0.999996 0.000000 -0.873784 0.000000 0.000000 1.000000 0.000000
1.000000 -0.000484 0.000000 54.359485 0.000484 1.000000 0.000000 -0.874803 0.000000 0.000000 1.000000 0.000000
0.999999 0.001385 0.000000 55.386661 -0.001385 0.999999 0.000000 -0.896497 0.000000 0.000000 1.000000 0.000000
1.000000 0.000498 0.000000 56.075788 -0.000498 1.000000 0.000000 -0.909801 0.000000 0.000000 1.000000 0.000000
1.000000 0.000029 0.000000 56.707733 -0.000029 1.000000 0.000000 -0.925013 0.000000 0.000000 1.000000 0.000000
1.000000 0.000302 0.000000 57.364289 -0.000302 1.000000 0.000000 -0.942287 0.000000 0.000000 1.000000 0.000000
0.999999 0.001020 0.000000 58.028985 -0.001020 0.999999 0.000000 -0.958788 0.000000 0.000000 1.000000 0.000000
1.000000 0.000891 0.000000 58.686325 -0.000891 1.000000 0.000000 -0.970395 0.000000 0.000000 1.000000 0.000000
1.000000 -0.000394 0.000000 59.335518 0.000394 1.000000 0.000000 -0.986715 0.000000 0.000000 1.000000 0.000000
1.000000 -0.000696 0.000000 59.989386 0.000696 1.000000 0.000000 -1.002686 0.000000 0.000000 1.000000 0.000000
0.999997 -0.002417 0.000000 61.334265 0.002417 0.999997 0.000000 -1.030835 0.000000 0.000000 1.000000 0.000000
0.999989 -0.004653 0.000000 61.992108 0.004653 0.999989 0.000000 -1.037807 0.000000 0.000000 1.000000 0.000000
0.999978 -0.006647 0.000000 62.629204 0.006647 0.999978 0.000000 -1.042635 0.000000 0.000000 1.000000 0.000000
0.999979 -0.006463 0.000000 63.261445 0.006463 0.999979 0.000000 -1.047335 0.000000 0.000000 1.000000 0.000000
0.999987 -0.005108 0.000000 63.905365 0.005108 0.999987 0.000000 -1.055094 0.000000 0.000000 1.000000 0.000000
0.999988 -0.004924 0.000000 64.603906 0.004924 0.999988 0.000000 -1.064414 0.000000 0.000000 1.000000 0.000000
0.999988 -0.004841 0.000000 65.235451 0.004841 0.999988 0.000000 -1.070300 0.000000 0.000000 1.000000 0.000000
0.999993 -0.003633 0.000000 65.843154 0.003633 0.999993 0.000000 -1.079588 0.000000 0.000000 1.000000 0.000000
0.999996 -0.002918 0.000000 66.473530 0.002918 0.999996 0.000000 -1.093216 0.000000 0.000000 1.000000 0.000000
0.999997 -0.002319 0.000000 67.062583 0.002319 0.999997 0.000000 -1.109735 0.000000 0.000000 1.000000 0.000000
0.999998 -0.001924 0.000000 67.690256 0.001924 0.999998 0.000000 -1.129836 0.000000 0.000000 1.000000 0.000000
0.999998 -0.002218 0.000000 68.314330 0.002218 0.999998 0.000000 -1.151557 0.000000 0.000000 1.000000 0.000000
0.999997 -0.002455 0.000000 68.903031 0.002455 0.999997 0.000000 -1.169308 0.000000 0.000000 1.000000 0.000000
0.999995 -0.003160 0.000000 69.529687 0.003160 0.999995 0.000000 -1.189073 0.000000 0.000000 1.000000 0.000000
0.999992 -0.003891 0.000000 70.135079 0.003891 0.999992 0.000000 -1.204788 0.000000 0.000000 1.000000 0.000000
0.999993 -0.003633 0.000000 70.708649 0.003633 0.999993 0.000000 -1.231176 0.000000 0.000000 1.000000 0.000000
0.999991 -0.004132 0.000000 71.306809 0.004132 0.999991 0.000000 -1.243565 0.000000 0.000000 1.000000 0.000000
0.999996 -0.002801 0.000000 71.867484 0.002801 0.999996 0.000000 -1.256817 0.000000 0.000000 1.000000 0.000000
1.000000 0.000037 0.000000 72.424909 -0.000037 1.000000 0.000000 -1.297726 0.000000 0.000000 1.000000 0.000000
1.000000 0.000355 0.000000 73.029518 -0.000355 1.000000 0.000000 -1.314443 0.000000 0.000000 1.000000 0.000000
0.999999 0.001085 0.000000 73.872464 -0.001085 0.999999 0.000000 -1.339572 0.000000 0.000000 1.000000 0.000000
0.999998 0.002062 0.000000 74.476876 -0.002062 0.999998 0.000000 -1.361105 0.000000 0.000000 1.000000 0.000000
0.999999 0.001603 0.000000 75.113058 -0.001603 0.999999 0.000000 -1.387187 0.000000 0.000000 1.000000 0.000000
1.000000 -0.000962 0.000000 75.708919 0.000962 1.000000 0.000000 -1.394265 0.000000 0.000000 1.000000 0.000000
0.999999 -0.001718 0.000000 76.303211 0.001718 0.999999 0.000000 -1.407120 0.000000 0.000000 1.000000 0.000000
0.999992 -0.004078 0.000000 76.903479 0.004078 0.999992 0.000000 -1.422097 0.000000 0.000000 1.000000 0.000000
0.999990 -0.004461 0.000000 77.536742 0.004461 0.999990 0.000000 -1.431154 0.000000 0.000000 1.000000 0.000000
0.999996 -0.002711 0.000000 78.113618 0.002711 0.999996 0.000000 -1.450152 0.000000 0.000000 1.000000 0.000000
0.999997 -0.002593 0.000000 78.714723 0.002593 0.999997 0.000000 -1.459001 0.000000 0.000000 1.000000 0.000000
0.999999 -0.001155 0.000000 79.923067 0.001155 0.999999 0.000000 -1.502848 0.000000 0.000000 1.000000 0.000000
0.999996 -0.002723 0.000000 80.499711 0.002723 0.999996 0.000000 -1.503846 0.000000 0.000000 1.000000 0.000000
1.000000 -0.000848 0.000000 81.082402 0.000848 1.000000 0.000000 -1.529876 0.000000 0.000000 1.000000 0.000000
1.000000 0.000131 0.000000 81.667169 -0.000131 1.000000 0.000000 -1.560711 0.000000 0.000000 1.000000 0.000000
1.000000 0.000588 0.000000 82.233599 -0.000588 1.000000 0.000000 -1.570941 0.000000 0.000000 1.000000 0.000000
0.999999 0.001381 0.000000 82.803739 -0.001381 0.999999 0.000000 -1.595928 0.000000 0.000000 1.000000 0.000000
1.000000 0.000122 0.000000 83.374769 -0.000122 1.000000 0.000000 -1.619937 0.000000 0.000000 1.000000 0.000000
0.999999 -0.001189 0.000000 83.948085 0.001189 0.999999 0.000000 -1.635071 0.000000 0.000000 1.000000 0.000000
1.000000 -0.000832 0.000000 84.511925 0.000832 1.000000 0.000000 -1.645614 0.000000 0.000000 1.000000 0.000000
1.000000 0.000038 0.000000 85.071006 -0.000038 1.000000 0.000000 -1.663713 0.000000 0.000000 1.000000 0.000000
1.000000 0.000408 0.000000 85.628914 -0.000408 1.000000 0.000000 -1.681776 0.000000 0.000000 1.000000 0.000000
1.000000 0.000366 0.000000 86.169675 -0.000366 1.000000 0.000000 -1.698730 0.000000 0.000000 1.000000 0.000000
1.000000 0.000757 0.000000 86.737808 -0.000757 1.000000 0.000000 -1.711651 0.000000 0.000000 1.000000 0.000000
0.999997 0.002534 0.000000 87.255397 -0.002534 0.999997 0.000000 -1.731387 0.000000 0.000000 1.000000 0.000000
0.999990 0.004527 0.000000 87.793355 -0.004527 0.999990 0.000000 -1.748860 0.000000 0.000000 1.000000 0.000000
0.999973 0.007355 0.000000 88.318996 -0.007355 0.999973 0.000000 -1.769969 0.000000 0.000000 1.000000 0.000000
0.999966 0.008271 0.000000 88.824095 -0.008271 0.999966 0.000000 -1.793457 0.000000 0.000000 1.000000 0.000000
0.999971 0.007577 0.000000 89.350625 -0.007577 0.999971 0.000000 -1.817189 0.000000 0.000000 1.000000 0.000000
0.999973 0.007410 0.000000 89.881356 -0.007410 0.999973 0.000000 -1.839945 0.000000 0.000000 1.000000 0.000000
0.999967 0.008102 0.000000 90.361488 -0.008102 0.999967 0.000000 -1.862776 0.000000 0.000000 1.000000 0.000000
0.999956 0.009373 0.000000 90.865629 -0.009373 0.999956 0.000000 -1.898315 0.000000 0.000000 1.000000 0.000000
0.999948 0.010237 0.000000 91.383500 -0.010237 0.999948 0.000000 -1.928974 0.000000 0.000000 1.000000 0.000000
0.999948 0.010172 0.000000 91.875700 -0.010172 0.999948 0.000000 -1.941340 0.000000 0.000000 1.000000 0.000000
0.999938 0.011122 0.000000 92.397989 -0.011122 0.999938 0.000000 -1.956002 0.000000 0.000000 1.000000 0.000000
0.999925 0.012219 0.000000 92.911259 -0.012219 0.999925 0.000000 -1.972846 0.000000 0.000000 1.000000 0.000000
0.999906 0.013732 0.000000 93.399346 -0.013732 0.999906 0.000000 -1.991679 0.000000 0.000000 1.000000 0.000000
0.999901 0.014065 0.000000 93.906628 -0.014065 0.999901 0.000000 -2.019049 0.000000 0.000000 1.000000 0.000000
0.999890 0.014838 0.000000 94.395304 -0.014838 0.999890 0.000000 -2.046868 0.000000 0.000000 1.000000 0.000000
0.999871 0.016084 0.000000 94.908383 -0.016084 0.999871 0.000000 -2.070676 0.000000 0.000000 1.000000 0.000000
0.999859 0.016763 0.000000 95.603077 -0.016763 0.999859 0.000000 -2.113279 0.000000 0.000000 1.000000 0.000000
0.999789 0.020518 0.000000 96.129662 -0.020518 0.999789 0.000000 -2.150286 0.000000 0.000000 1.000000 0.000000
0.999784 0.020768 0.000000 96.612344 -0.020768 0.999784 0.000000 -2.172622 0.000000 0.000000 1.000000 0.000000
0.999779 0.021042 0.000000 97.059823 -0.021042 0.999779 0.000000 -2.193046 0.000000 0.000000 1.000000 0.000000
0.999821 0.018909 0.000000 97.544110 -0.018909 0.999821 0.000000 -2.226393 0.000000 0.000000 1.000000 0.000000
0.999836 0.018126 0.000000 98.011759 -0.018126 0.999836 0.000000 -2.254590 0.000000 0.000000 1.000000 0.000000
0.999810 0.019467 0.000000 98.473964 -0.019467 0.999810 0.000000 -2.269696 0.000000 0.000000 1.000000 0.000000
0.999697 0.024620 0.000000 99.424996 -0.024620 0.999697 0.000000 -2.321295 0.000000 0.000000 1.000000 0.000000
0.999644 0.026696 0.000000 99.894305 -0.026696 0.999644 0.000000 -2.348053 0.000000 0.000000 1.000000 0.000000
0.999576 0.029112 0.000000 100.366936 -0.029112 0.999576 0.000000 -2.377687 0.000000 0.000000 1.000000 0.000000
0.999477 0.032347 0.000000 100.840045 -0.032347 0.999477 0.000000 -2.382622 0.000000 0.000000 1.000000 0.000000
0.999420 0.034058 0.000000 101.323350 -0.034058 0.999420 0.000000 -2.420119 0.000000 0.000000 1.000000 0.000000
0.999350 0.036046 0.000000 101.793039 -0.036046 0.999350 0.000000 -2.450492 0.000000 0.000000 1.000000 0.000000
0.999275 0.038069 0.000000 102.260916 -0.038069 0.999275 0.000000 -2.485167 0.000000 0.000000 1.000000 0.000000
0.999114 0.042091 0.000000 102.716062 -0.042091 0.999114 0.000000 -2.504213 0.000000 0.000000 1.000000 0.000000
0.998925 0.046357 0.000000 103.182055 -0.046357 0.998925 0.000000 -2.535918 0.000000 0.000000 1.000000 0.000000
0.998815 0.048675 0.000000 103.634167 -0.048675 0.998815 0.000000 -2.575113 0.000000 0.000000 1.000000 0.000000
0.998726 0.050455 0.000000 104.058830 -0.050455 0.998726 0.000000 -2.615160 0.000000 0.000000 1.000000 0.000000
0.998667 0.051612 0.000000 104.506725 -0.051612 0.998667 0.000000 -2.656482 0.000000 0.000000 1.000000 0.000000
0.998631 0.052310 0.000000 104.942598 -0.052310 0.998631 0.000000 -2.703586 0.000000 0.000000 1.000000 0.000000
0.998529 0.054224 0.000000 105.354665 -0.054224 0.998529 0.000000 -2.740237 0.000000 0.000000 1.000000 0.000000
0.998386 0.056787 0.000000 105.786423 -0.056787 0.998386 0.000000 -2.773242 0.000000 0.000000 1.000000 0.000000
0.998138 0.060998 0.000000 106.199288 -0.060998 0.998138 0.000000 -2.802128 0.000000 0.000000 1.000000 0.000000
0.997804 0.066234 0.000000 106.618374 -0.066234 0.997804 0.000000 -2.827826 0.000000 0.000000 1.000000 0.000000
0.997587 0.069435 0.000000 107.053660 -0.069435 0.997587 0.000000 -2.869886 0.000000 0.000000 1.000000 0.000000
0.997638 0.068695 0.000000 107.460175 -0.068695 0.997638 0.000000 -2.912205 0.000000 0.000000 1.000000 0.000000
0.997576 0.069578 0.000000 107.857502 -0.069578 0.997576 0.000000 -2.947895 0.000000 0.000000 1.000000 0.000000
0.997481 0.070936 0.000000 108.263871 -0.070936 0.997481 0.000000 -3.009713 0.000000 0.000000 1.000000 0.000000
0.997251 0.074101 0.000000 108.674062 -0.074101 0.997251 0.000000 -3.041612 0.000000 0.000000 1.000000 0.000000
0.996851 0.079292 0.000000 109.063230 -0.079292 0.996851 0.000000 -3.064912 0.000000 0.000000 1.000000 0.000000
0.996584 0.082589 0.000000 109.466989 -0.082589 0.996584 0.000000 -3.139096 0.000000 0.000000 1.000000 0.000000
0.996560 0.082876 0.000000 109.847051 -0.082876 0.996560 0.000000 -3.159417 0.000000 0.000000 1.000000 0.000000
0.996316 0.085757 0.000000 110.225739 -0.085757 0.996316 0.000000 -3.195872 0.000000 0.000000 1.000000 0.000000
0.995999 0.089367 0.000000 110.640336 -0.089367 0.995999 0.000000 -3.236486 0.000000 0.000000 1.000000 0.000000
0.995660 0.093068 0.000000 111.040943 -0.093068 0.995660 0.000000 -3.282859 0.000000 0.000000 1.000000 0.000000
0.995321 0.096619 0.000000 111.615640 -0.096619 0.995321 0.000000 -3.354269 0.000000 0.000000 1.000000 0.000000
0.995144 0.098433 0.000000 112.028411 -0.098433 0.995144 0.000000 -3.411300 0.000000 0.000000 1.000000 0.000000
0.994949 0.100379 0.000000 112.440970 -0.100379 0.994949 0.000000 -3.470333 0.000000 0.000000 1.000000 0.000000
0.994743 0.102406 0.000000 112.855468 -0.102406 0.994743 0.000000 -3.527582 0.000000 0.000000 1.000000 0.000000
0.994564 0.104127 0.000000 113.269171 -0.104127 0.994564 0.000000 -3.581538 0.000000 0.000000 1.000000 0.000000
0.994507 0.104669 0.000000 113.679050 -0.104669 0.994507 0.000000 -3.633578 0.000000 0.000000 1.000000 0.000000
0.994413 0.105562 0.000000 114.113072 -0.105562 0.994413 0.000000 -3.698976 0.000000 0.000000 1.000000 0.000000
0.994019 0.109207 0.000000 114.536230 -0.109207 0.994019 0.000000 -3.746003 0.000000 0.000000 1.000000 0.000000
0.966729 0.255803 0.000000 115.071737 -0.255803 0.966729 0.000000 -4.092462 0.000000 0.000000 1.000000 0.000000
0.966905 0.255138 0.000000 115.477943 -0.255138 0.966905 0.000000 -4.224725 0.000000 0.000000 1.000000 0.000000
0.966903 0.255142 0.000000 115.900068 -0.255142 0.966903 0.000000 -4.352150 0.000000 0.000000 1.000000 0.000000
0.966896 0.255172 0.000000 116.311338 -0.255172 0.966896 0.000000 -4.486568 0.000000 0.000000 1.000000 0.000000
0.966700 0.255912 0.000000 116.742208 -0.255912 0.966700 0.000000 -4.605615 0.000000 0.000000 1.000000 0.000000
0.966170 0.257904 0.000000 117.178242 -0.257904 0.966170 0.000000 -4.720652 0.000000 0.000000 1.000000 0.000000
0.966231 0.257676 0.000000 117.602856 -0.257676 0.966231 0.000000 -4.844362 0.000000 0.000000 1.000000 0.000000
0.966415 0.256988 0.000000 118.024491 -0.256988 0.966415 0.000000 -4.965784 0.000000 0.000000 1.000000 0.000000
0.966377 0.257131 0.000000 118.453815 -0.257131 0.966377 0.000000 -5.092958 0.000000 0.000000 1.000000 0.000000
0.965955 0.258711 0.000000 118.890973 -0.258711 0.965955 0.000000 -5.224643 0.000000 0.000000 1.000000 0.000000
0.965144 0.261719 0.000000 119.292222 -0.261719 0.965144 0.000000 -5.345731 0.000000 0.000000 1.000000 0.000000
0.965177 0.261596 0.000000 120.084246 -0.261596 0.965177 0.000000 -5.590974 0.000000 0.000000 1.000000 0.000000
0.965019 0.262181 0.000000 120.502002 -0.262181 0.965019 0.000000 -5.704658 0.000000 0.000000 1.000000 0.000000
0.964534 0.263960 0.000000 120.951404 -0.263960 0.964534 0.000000 -5.842475 0.000000 0.000000 1.000000 0.000000
0.964226 0.265083 0.000000 121.389179 -0.265083 0.964226 0.000000 -5.978868 0.000000 0.000000 1.000000 0.000000
0.963796 0.266640 0.000000 121.826238 -0.266640 0.963796 0.000000 -6.118250 0.000000 0.000000 1.000000 0.000000
0.963500 0.267707 0.000000 122.270499 -0.267707 0.963500 0.000000 -6.261009 0.000000 0.000000 1.000000 0.000000
0.962997 0.269511 0.000000 122.713726 -0.269511 0.962997 0.000000 -6.406320 0.000000 0.000000 1.000000 0.000000
0.961839 0.273615 0.000000 123.173051 -0.273615 0.961839 0.000000 -6.552195 0.000000 0.000000 1.000000 0.000000
0.960571 0.278034 0.000000 123.659576 -0.278034 0.960571 0.000000 -6.706558 0.000000 0.000000 1.000000 0.000000
0.960088 0.279697 0.000000 124.087261 -0.279697 0.960088 0.000000 -6.846414 0.000000 0.000000 1.000000 0.000000
0.959933 0.280231 0.000000 124.568094 -0.280231 0.959933 0.000000 -7.007532 0.000000 0.000000 1.000000 0.000000
0.959597 0.281379 0.000000 125.042296 -0.281379 0.959597 0.000000 -7.158870 0.000000 0.000000 1.000000 0.000000
0.958567 0.284866 0.000000 125.820370 -0.284866 0.958567 0.000000 -7.378405 0.000000 0.000000 1.000000 0.000000
0.958885 0.283795 0.000000 126.272500 -0.283795 0.958885 0.000000 -7.540278 0.000000 0.000000 1.000000 0.000000
0.958264 0.285883 0.000000 126.732033 -0.285883 0.958264 0.000000 -7.690097 0.000000 0.000000 1.000000 0.000000
0.957434 0.288653 0.000000 127.199989 -0.288653 0.957434 0.000000 -7.841728 0.000000 0.000000 1.000000 0.000000
0.955998 0.293375 0.000000 127.655290 -0.293375 0.955998 0.000000 -7.983906 0.000000 0.000000 1.000000 0.000000
0.954503 0.298202 0.000000 128.103370 -0.298202 0.954503 0.000000 -8.138776 0.000000 0.000000 1.000000 0.000000
0.953950 0.299967 0.000000 128.545827 -0.299967 0.953950 0.000000 -8.299948 0.000000 0.000000 1.000000 0.000000
0.953385 0.301756 0.000000 129.007774 -0.301756 0.953385 0.000000 -8.455284 0.000000 0.000000 1.000000 0.000000
0.952723 0.303839 0.000000 129.473659 -0.303839 0.952723 0.000000 -8.621682 0.000000 0.000000 1.000000 0.000000
0.952369 0.304948 0.000000 130.246189 -0.304948 0.952369 0.000000 -8.893384 0.000000 0.000000 1.000000 0.000000
0.952766 0.303704 0.000000 130.754349 -0.303704 0.952766 0.000000 -9.073161 0.000000 0.000000 1.000000 0.000000
0.955753 0.294172 0.000000 131.696278 -0.294172 0.955753 0.000000 -9.422194 0.000000 0.000000 1.000000 0.000000
0.956949 0.290256 0.000000 132.176657 -0.290256 0.956949 0.000000 -9.598267 0.000000 0.000000 1.000000 0.000000
0.957609 0.288071 0.000000 132.644982 -0.288071 0.957609 0.000000 -9.746544 0.000000 0.000000 1.000000 0.000000
0.956896 0.290431 0.000000 133.151307 -0.290431 0.956896 0.000000 -9.923347 0.000000 0.000000 1.000000 0.000000
0.957296 0.289109 0.000000 133.650893 -0.289109 0.957296 0.000000 -10.090136 0.000000 0.000000 1.000000 0.000000
0.956460 0.291864 0.000000 134.125677 -0.291864 0.956460 0.000000 -10.246851 0.000000 0.000000 1.000000 0.000000
0.957669 0.287870 0.000000 134.665729 -0.287870 0.957669 0.000000 -10.437625 0.000000 0.000000 1.000000 0.000000
0.957064 0.289875 0.000000 135.138503 -0.289875 0.957064 0.000000 -10.589359 0.000000 0.000000 1.000000 0.000000
0.956685 0.291125 0.000000 135.626674 -0.291125 0.956685 0.000000 -10.745741 0.000000 0.000000 1.000000 0.000000
0.956621 0.291336 0.000000 136.124489 -0.291336 0.956621 0.000000 -10.907201 0.000000 0.000000 1.000000 0.000000
0.956702 0.291069 0.000000 136.589044 -0.291069 0.956702 0.000000 -11.059708 0.000000 0.000000 1.000000 0.000000
0.956822 0.290674 0.000000 137.084934 -0.290674 0.956822 0.000000 -11.226375 0.000000 0.000000 1.000000 0.000000
0.956683 0.291132 0.000000 137.606780 -0.291132 0.956683 0.000000 -11.380282 0.000000 0.000000 1.000000 0.000000
0.956660 0.291207 0.000000 138.073063 -0.291207 0.956660 0.000000 -11.520340 0.000000 0.000000 1.000000 0.000000
0.957203 0.289418 0.000000 138.577107 -0.289418 0.957203 0.000000 -11.684290 0.000000 0.000000 1.000000 0.000000
0.956370 0.292158 0.000000 139.094123 -0.292158 0.956370 0.000000 -11.847803 0.000000 0.000000 1.000000 0.000000
0.955576 0.294745 0.000000 139.706030 -0.294745 0.955576 0.000000 -12.036184 0.000000 0.000000 1.000000 0.000000
0.954480 0.298276 0.000000 140.251842 -0.298276 0.954480 0.000000 -12.210914 0.000000 0.000000 1.000000 0.000000
0.952930 0.303191 0.000000 140.727188 -0.303191 0.952930 0.000000 -12.379198 0.000000 0.000000 1.000000 0.000000
0.952211 0.305442 0.000000 141.242387 -0.305442 0.952211 0.000000 -12.548899 0.000000 0.000000 1.000000 0.000000
0.951139 0.308762 0.000000 141.746348 -0.308762 0.951139 0.000000 -12.730884 0.000000 0.000000 1.000000 0.000000
0.950572 0.310504 0.000000 142.267461 -0.310504 0.950572 0.000000 -12.909112 0.000000 0.000000 1.000000 0.000000
0.949145 0.314839 0.000000 145.988652 -0.314839 0.949145 0.000000 -14.250902 0.000000 0.000000 1.000000 0.000000
0.949449 0.313921 0.000000 146.469228 -0.313921 0.949449 0.000000 -14.437939 0.000000 0.000000 1.000000 0.000000
0.952317 0.305112 0.000000 147.602003 -0.305112 0.952317 0.000000 -14.837859 0.000000 0.000000 1.000000 0.000000
0.950887 0.309539 0.000000 148.688764 -0.309539 0.950887 0.000000 -15.229028 0.000000 0.000000 1.000000 0.000000
0.950190 0.311672 0.000000 149.230869 -0.311672 0.950190 0.000000 -15.427083 0.000000 0.000000 1.000000 0.000000
0.950036 0.312140 0.000000 149.781156 -0.312140 0.950036 0.000000 -15.630497 0.000000 0.000000 1.000000 0.000000
0.950178 0.311707 0.000000 150.321908 -0.311707 0.950178 0.000000 -15.832783 0.000000 0.000000 1.000000 0.000000
0.950886 0.309541 0.000000 150.860621 -0.309541 0.950886 0.000000 -16.051766 0.000000 0.000000 1.000000 0.000000
0.951359 0.308085 0.000000 151.404204 -0.308085 0.951359 0.000000 -16.222021 0.000000 0.000000 1.000000 0.000000
0.950527 0.310641 0.000000 151.955479 -0.310641 0.950527 0.000000 -16.413957 0.000000 0.000000 1.000000 0.000000
0.949886 0.312597 0.000000 152.461187 -0.312597 0.949886 0.000000 -16.782038 0.000000 0.000000 1.000000 0.000000
0.950218 0.311585 0.000000 153.009133 -0.311585 0.950218 0.000000 -16.993925 0.000000 0.000000 1.000000 0.000000
0.947489 0.319789 0.000000 153.883308 -0.319789 0.947489 0.000000 -17.315471 0.000000 0.000000 1.000000 0.000000
0.946965 0.321338 0.000000 154.452499 -0.321338 0.946965 0.000000 -17.538388 0.000000 0.000000 1.000000 0.000000
0.932284 0.361727 0.000000 151.214309 -0.361727 0.932284 0.000000 -32.561941 0.000000 0.000000 1.000000 0.000000
0.930616 0.365996 0.000000 151.749132 -0.365996 0.930616 0.000000 -32.787042 0.000000 0.000000 1.000000 0.000000
0.929012 0.370050 0.000000 152.319123 -0.370050 0.929012 0.000000 -33.032580 0.000000 0.000000 1.000000 0.000000
0.928295 0.371845 0.000000 152.816757 -0.371845 0.928295 0.000000 -33.250968 0.000000 0.000000 1.000000 0.000000
0.927945 0.372718 0.000000 153.388423 -0.372718 0.927945 0.000000 -33.513490 0.000000 0.000000 1.000000 0.000000
0.927729 0.373254 0.000000 153.922437 -0.373254 0.927729 0.000000 -33.756580 0.000000 0.000000 1.000000 0.000000
0.928322 0.371776 0.000000 154.860288 -0.371776 0.928322 0.000000 -33.714494 0.000000 0.000000 1.000000 0.000000
0.927447 0.373955 0.000000 155.402245 -0.373955 0.927447 0.000000 -33.935604 0.000000 0.000000 1.000000 0.000000
0.927114 0.374779 0.000000 155.940892 -0.374779 0.927114 0.000000 -34.170379 0.000000 0.000000 1.000000 0.000000
0.927245 0.374454 0.000000 156.473432 -0.374454 0.927245 0.000000 -34.403874 0.000000 0.000000 1.000000 0.000000
0.927743 0.373221 0.000000 157.013908 -0.373221 0.927743 0.000000 -34.626838 0.000000 0.000000 1.000000 0.000000
0.927598 0.373580 0.000000 157.543953 -0.373580 0.927598 0.000000 -34.851640 0.000000 0.000000 1.000000 0.000000
0.927682 0.373371 0.000000 158.088145 -0.373371 0.927682 0.000000 -35.086615 0.000000 0.000000 1.000000 0.000000
0.926752 0.375675 0.000000 158.625949 -0.375675 0.926752 0.000000 -35.292662 0.000000 0.000000 1.000000 0.000000
0.925521 0.378695 0.000000 159.694598 -0.378695 0.925521 0.000000 -35.753421 0.000000 0.000000 1.000000 0.000000
0.925468 0.378826 0.000000 160.261276 -0.378826 0.925468 0.000000 -35.960980 0.000000 0.000000 1.000000 0.000000
0.926323 0.376731 0.000000 160.728479 -0.376731 0.926323 0.000000 -36.164542 0.000000 0.000000 1.000000 0.000000
0.924718 0.380654 0.000000 161.286319 -0.380654 0.924718 0.000000 -36.398192 0.000000 0.000000 1.000000 0.000000
0.924508 0.381163 0.000000 161.813159 -0.381163 0.924508 0.000000 -36.623982 0.000000 0.000000 1.000000 0.000000
0.924754 0.380566 0.000000 162.852316 -0.380566 0.924754 0.000000 -37.079169 0.000000 0.000000 1.000000 0.000000
0.924733 0.380617 0.000000 163.369262 -0.380617 0.924733 0.000000 -37.304386 0.000000 0.000000 1.000000 0.000000
0.924345 0.381559 0.000000 163.876078 -0.381559 0.924345 0.000000 -37.531373 0.000000 0.000000 1.000000 0.000000
0.924435 0.381339 0.000000 164.410971 -0.381339 0.924435 0.000000 -37.772669 0.000000 0.000000 1.000000 0.000000
0.924163 0.381998 0.000000 164.930883 -0.381998 0.924163 0.000000 -38.009662 0.000000 0.000000 1.000000 0.000000
0.922954 0.384910 0.000000 165.432697 -0.384910 0.922954 0.000000 -38.216058 0.000000 0.000000 1.000000 0.000000
0.921386 0.388648 0.000000 166.143930 -0.388648 0.921386 0.000000 -38.518145 0.000000 0.000000 1.000000 0.000000
0.920694 0.390285 0.000000 166.679222 -0.390285 0.920694 0.000000 -38.750250 0.000000 0.000000 1.000000 0.000000
0.919600 0.392855 0.000000 167.196677 -0.392855 0.919600 0.000000 -38.972175 0.000000 0.000000 1.000000 0.000000
0.918696 0.394966 0.000000 167.764988 -0.394966 0.918696 0.000000 -39.222076 0.000000 0.000000 1.000000 0.000000
0.919204 0.393781 0.000000 168.266044 -0.393781 0.919204 0.000000 -39.453625 0.000000 0.000000 1.000000 0.000000
0.919240 0.393696 0.000000 168.837329 -0.393696 0.919240 0.000000 -39.713432 0.000000 0.000000 1.000000 0.000000
0.918666 0.395035 0.000000 169.376040 -0.395035 0.918666 0.000000 -39.956653 0.000000 0.000000 1.000000 0.000000
0.919396 0.393333 0.000000 169.926332 -0.393333 0.919396 0.000000 -40.127730 0.000000 0.000000 1.000000 0.000000
0.918592 0.395208 0.000000 170.480493 -0.395208 0.918592 0.000000 -40.385236 0.000000 0.000000 1.000000 0.000000
0.919579 0.392905 0.000000 171.007800 -0.392905 0.919579 0.000000 -40.632893 0.000000 0.000000 1.000000 0.000000
0.919612 0.392827 0.000000 171.538185 -0.392827 0.919612 0.000000 -40.878349 0.000000 0.000000 1.000000 0.000000
0.919895 0.392165 0.000000 172.066063 -0.392165 0.919895 0.000000 -41.130981 0.000000 0.000000 1.000000 0.000000
0.921346 0.388744 0.000000 172.620210 -0.388744 0.921346 0.000000 -41.390548 0.000000 0.000000 1.000000 0.000000
0.922906 0.385026 0.000000 173.156158 -0.385026 0.922906 0.000000 -41.631174 0.000000 0.000000 1.000000 0.000000
0.922910 0.385015 0.000000 173.693837 -0.385015 0.922910 0.000000 -41.859264 0.000000 0.000000 1.000000 0.000000
0.922883 0.385080 0.000000 174.218559 -0.385080 0.922883 0.000000 -42.118003 0.000000 0.000000 1.000000 0.000000
0.922838 0.385189 0.000000 174.757183 -0.385189 0.922838 0.000000 -42.347476 0.000000 0.000000 1.000000 0.000000
0.922045 0.387083 0.000000 175.263739 -0.387083 0.922045 0.000000 -42.570689 0.000000 0.000000 1.000000 0.000000
0.921913 0.387397 0.000000 175.837056 -0.387397 0.921913 0.000000 -42.821578 0.000000 0.000000 1.000000 0.000000
0.922038 0.387099 0.000000 176.337690 -0.387099 0.922038 0.000000 -43.041852 0.000000 0.000000 1.000000 0.000000
0.921844 0.387562 0.000000 176.889089 -0.387562 0.921844 0.000000 -43.272496 0.000000 0.000000 1.000000 0.000000
0.920991 0.389585 0.000000 177.433842 -0.389585 0.920991 0.000000 -43.504960 0.000000 0.000000 1.000000 0.000000
0.919084 0.394062 0.000000 177.977082 -0.394062 0.919084 0.000000 -43.754418 0.000000 0.000000 1.000000 0.000000
0.917511 0.397710 0.000000 178.509296 -0.397710 0.917511 0.000000 -44.001864 0.000000 0.000000 1.000000 0.000000
0.917456 0.397837 0.000000 179.044776 -0.397837 0.917456 0.000000 -44.243249 0.000000 0.000000 1.000000 0.000000
0.917318 0.398154 0.000000 179.578159 -0.398154 0.917318 0.000000 -44.498818 0.000000 0.000000 1.000000 0.000000
0.917185 0.398462 0.000000 180.136830 -0.398462 0.917185 0.000000 -44.737294 0.000000 0.000000 1.000000 0.000000
0.916221 0.400673 0.000000 180.688851 -0.400673 0.916221 0.000000 -44.981772 0.000000 0.000000 1.000000 0.000000
0.916072 0.401014 0.000000 181.228514 -0.401014 0.916072 0.000000 -45.235711 0.000000 0.000000 1.000000 0.000000
0.916504 0.400025 0.000000 181.768143 -0.400025 0.916504 0.000000 -45.484581 0.000000 0.000000 1.000000 0.000000
0.916378 0.400315 0.000000 182.339013 -0.400315 0.916378 0.000000 -45.733215 0.000000 0.000000 1.000000 0.000000
0.915376 0.402599 0.000000 182.896548 -0.402599 0.915376 0.000000 -45.973552 0.000000 0.000000 1.000000 0.000000
0.915143 0.403129 0.000000 183.405603 -0.403129 0.915143 0.000000 -46.207437 0.000000 0.000000 1.000000 0.000000
0.915723 0.401809 0.000000 183.897733 -0.401809 0.915723 0.000000 -46.494894 0.000000 0.000000 1.000000 0.000000
0.914727 0.404071 0.000000 184.455503 -0.404071 0.914727 0.000000 -46.737552 0.000000 0.000000 1.000000 0.000000
0.917615 0.397471 0.000000 185.037835 -0.397471 0.917615 0.000000 -46.995539 0.000000 0.000000 1.000000 0.000000
0.917913 0.396782 0.000000 185.567620 -0.396782 0.917913 0.000000 -47.244305 0.000000 0.000000 1.000000 0.000000
0.917806 0.397029 0.000000 186.130529 -0.397029 0.917806 0.000000 -47.523104 0.000000 0.000000 1.000000 0.000000
0.918908 0.394472 0.000000 186.637180 -0.394472 0.918908 0.000000 -47.745530 0.000000 0.000000 1.000000 0.000000
0.918343 0.395786 0.000000 187.163714 -0.395786 0.918343 0.000000 -47.980152 0.000000 0.000000 1.000000 0.000000
0.917394 0.397980 0.000000 187.704382 -0.397980 0.917394 0.000000 -48.217559 0.000000 0.000000 1.000000 0.000000
0.916918 0.399076 0.000000 188.210585 -0.399076 0.916918 0.000000 -48.438669 0.000000 0.000000 1.000000 0.000000
0.916476 0.400089 0.000000 188.747387 -0.400089 0.916476 0.000000 -48.688921 0.000000 0.000000 1.000000 0.000000
0.915709 0.401841 0.000000 189.283063 -0.401841 0.915709 0.000000 -48.931311 0.000000 0.000000 1.000000 0.000000
0.914299 0.405039 0.000000 190.054512 -0.405039 0.914299 0.000000 -49.295884 0.000000 0.000000 1.000000 0.000000
0.913143 0.407639 0.000000 190.584185 -0.407639 0.913143 0.000000 -49.540456 0.000000 0.000000 1.000000 0.000000
0.912874 0.408242 0.000000 191.115822 -0.408242 0.912874 0.000000 -49.788521 0.000000 0.000000 1.000000 0.000000
0.913362 0.407149 0.000000 191.638652 -0.407149 0.913362 0.000000 -50.076682 0.000000 0.000000 1.000000 0.000000
0.913338 0.407202 0.000000 192.191190 -0.407202 0.913338 0.000000 -50.322955 0.000000 0.000000 1.000000 0.000000
0.913868 0.406012 0.000000 192.716940 -0.406012 0.913868 0.000000 -50.577072 0.000000 0.000000 1.000000 0.000000
0.914799 0.403909 0.000000 193.236598 -0.403909 0.914799 0.000000 -50.800743 0.000000 0.000000 1.000000 0.000000
0.914619 0.404317 0.000000 193.780140 -0.404317 0.914619 0.000000 -51.056568 0.000000 0.000000 1.000000 0.000000
0.914334 0.404961 0.000000 194.244395 -0.404961 0.914334 0.000000 -51.273966 0.000000 0.000000 1.000000 0.000000
0.913635 0.406536 0.000000 195.157495 -0.406536 0.913635 0.000000 -51.697975 0.000000 0.000000 1.000000 0.000000
0.913675 0.406446 0.000000 195.666988 -0.406446 0.913675 0.000000 -51.935009 0.000000 0.000000 1.000000 0.000000
0.913084 0.407772 0.000000 196.338166 -0.407772 0.913084 0.000000 -52.257618 0.000000 0.000000 1.000000 0.000000
0.912221 0.409698 0.000000 197.004095 -0.409698 0.912221 0.000000 -52.577639 0.000000 0.000000 1.000000 0.000000
0.911746 0.410754 0.000000 197.913435 -0.410754 0.911746 0.000000 -53.005074 0.000000 0.000000 1.000000 0.000000
0.911981 0.410231 0.000000 198.439112 -0.410231 0.911981 0.000000 -53.259214 0.000000 0.000000 1.000000 0.000000
0.913520 0.406793 0.000000 198.981748 -0.406793 0.913520 0.000000 -53.462706 0.000000 0.000000 1.000000 0.000000
0.913139 0.407648 0.000000 199.501572 -0.407648 0.913139 0.000000 -53.705909 0.000000 0.000000 1.000000 0.000000
0.913235 0.407433 0.000000 199.977649 -0.407433 0.913235 0.000000 -53.954152 0.000000 0.000000 1.000000 0.000000
0.913650 0.406502 0.000000 200.509245 -0.406502 0.913650 0.000000 -54.192055 0.000000 0.000000 1.000000 0.000000
0.912943 0.408087 0.000000 201.018998 -0.408087 0.912943 0.000000 -54.439829 0.000000 0.000000 1.000000 0.000000
0.913376 0.407118 0.000000 201.761979 -0.407118 0.913376 0.000000 -54.806895 0.000000 0.000000 1.000000 0.000000
0.913816 0.406128 0.000000 202.302112 -0.406128 0.913816 0.000000 -55.059614 0.000000 0.000000 1.000000 0.000000
0.913813 0.406136 0.000000 202.823368 -0.406136 0.913813 0.000000 -55.304798 0.000000 0.000000 1.000000 0.000000
0.914518 0.404544 0.000000 203.334680 -0.404544 0.914518 0.000000 -55.552988 0.000000 0.000000 1.000000 0.000000
0.915397 0.402553 0.000000 203.883773 -0.402553 0.915397 0.000000 -55.796347 0.000000 0.000000 1.000000 0.000000
0.915407 0.402529 0.000000 204.368565 -0.402529 0.915407 0.000000 -56.026123 0.000000 0.000000 1.000000 0.000000
0.915869 0.401476 0.000000 204.934254 -0.401476 0.915869 0.000000 -56.285692 0.000000 0.000000 1.000000 0.000000
0.916326 0.400434 0.000000 205.412237 -0.400434 0.916326 0.000000 -56.499543 0.000000 0.000000 1.000000 0.000000
