0.999997 -0.002307 0.000000 0.620040 0.002307 0.999997 0.000000 -0.024399 0.000000 0.000000 1.000000 0.000000
0.999998 -0.002234 0.000000 1.244329 0.002234 0.999998 0.000000 -0.031922 0.000000 0.000000 1.000000 0.000000
0.999997 0.002390 0.000000 2.441775 -0.002390 0.999997 0.000000 -0.090715 0.000000 0.000000 1.000000 0.000000
0.999999 -0.001026 0.000000 3.058843 0.001026 0.999999 0.000000 -0.110850 0.000000 0.000000 1.000000 0.000000
0.999994 -0.003441 0.000000 3.680144 0.003441 0.999994 0.000000 -0.114083 0.000000 0.000000 1.000000 0.000000
0.999992 -0.004102 0.000000 4.317674 0.004102 0.999992 0.000000 -0.124157 0.000000 0.000000 1.000000 0.000000
0.999989 -0.004757 0.000000 4.989389 0.004757 0.999989 0.000000 -0.144621 0.000000 0.000000 1.000000 0.000000
0.999988 -0.004820 0.000000 5.619805 0.004820 0.999988 0.000000 -0.160159 0.000000 0.000000 1.000000 0.000000
0.999988 -0.004836 0.000000 6.246405 0.004836 0.999988 0.000000 -0.166112 0.000000 0.000000 1.000000 0.000000
0.999983 -0.005869 0.000000 6.875359 0.005869 0.999983 0.000000 -0.180831 0.000000 0.000000 1.000000 0.000000
0.999968 -0.007944 0.000000 7.499796 0.007944 0.999968 0.000000 -0.192275 0.000000 0.000000 1.000000 0.000000
0.999964 -0.008445 0.000000 8.127583 0.008445 0.999964 0.000000 -0.191341 0.000000 0.000000 1.000000 0.000000
0.999962 -0.008707 0.000000 8.755696 0.008707 0.999962 0.000000 -0.198568 0.000000 0.000000 1.000000 0.000000
0.999961 -0.008851 0.000000 9.380883 0.008851 0.999961 0.000000 -0.203371 0.000000 0.000000 1.000000 0.000000
0.999959 -0.009011 0.000000 10.032983 0.009011 0.999959 0.000000 -0.214078 0.000000 0.000000 1.000000 0.000000
0.999955 -0.009493 0.000000 10.625574 0.009493 0.999955 0.000000 -0.221554 0.000000 0.000000 1.000000 0.000000
0.999958 -0.009198 0.000000 11.247756 0.009198 0.999958 0.000000 -0.230783 0.000000 0.000000 1.000000 0.000000
0.999953 -0.009712 0.000000 11.850788 0.009712 0.999953 0.000000 -0.251408 0.000000 0.000000 1.000000 0.000000
0.999919 -0.012730 0.000000 12.479206 0.012730 0.999919 0.000000 -0.262230 0.000000 0.000000 1.000000 0.000000
0.999874 -0.015856 0.000000 13.118663 0.015856 0.999874 0.000000 -0.273704 0.000000 0.000000 1.000000 0.000000
0.999803 -0.019853 0.000000 13.719590 0.019853 0.999803 0.000000 -0.276480 0.000000 0.000000 1.000000 0.000000
0.999833 -0.018261 0.000000 14.322576 0.018261 0.999833 0.000000 -0.282458 0.000000 0.000000 1.000000 0.000000
0.999843 -0.017747 0.000000 14.942928 0.017747 0.999843 0.000000 -0.287575 0.000000 0.000000 1.000000 0.000000
0.999833 -0.018262 0.000000 15.555770 0.018262 0.999833 0.000000 -0.295951 0.000000 0.000000 1.000000 0.000000
0.999832 -0.018345 0.000000 16.154469 0.018345 0.999832 0.000000 -0.300496 0.000000 0.000000 1.000000 0.000000
0.999831 -0.018396 0.000000 16.769684 0.018396 0.999831 0.000000 -0.303380 0.000000 0.000000 1.000000 0.000000
0.999846 -0.017576 0.000000 17.393871 0.017576 0.999846 0.000000 -0.304775 0.000000 0.000000 1.000000 0.000000
0.999835 -0.018181 0.000000 17.977612 0.018181 0.999835 0.000000 -0.302703 0.000000 0.000000 1.000000 0.000000
0.999785 -0.020727 0.000000 18.607230 0.020727 0.999785 0.000000 -0.310350 0.000000 0.000000 1.000000 0.000000
0.999738 -0.022876 0.000000 19.219854 0.022876 0.999738 0.000000 -0.316666 0.000000 0.000000 1.000000 0.000000
0.999712 -0.024012 0.000000 19.807394 0.024012 0.999712 0.000000 -0.327065 0.000000 0.000000 1.000000 0.000000
0.999709 -0.024116 0.000000 20.429028 0.024116 0.999709 0.000000 -0.333146 0.000000 0.000000 1.000000 0.000000
0.999720 -0.023678 0.000000 21.058074 0.023678 0.999720 0.000000 -0.339111 0.000000 0.000000 1.000000 0.000000
0.999751 -0.022304 0.000000 21.661686 0.022304 0.999751 0.000000 -0.337680 0.000000 0.000000 1.000000 0.000000
0.999816 -0.019165 0.000000 22.220946 0.019165 0.999816 0.000000 -0.336644 0.000000 0.000000 1.000000 0.000000
0.999881 -0.015420 0.000000 22.866752 0.015420 0.999881 0.000000 -0.345476 0.000000 0.000000 1.000000 0.000000
0.999908 -0.013552 0.000000 23.463704 0.013552 0.999908 0.000000 -0.349054 0.000000 0.000000 1.000000 0.000000
0.999912 -0.013284 0.000000 24.099686 0.013284 0.999912 0.000000 -0.361736 0.000000 0.000000 1.000000 0.000000
0.999902 -0.013964 0.000000 24.733244 0.013964 0.999902 0.000000 -0.371917 0.000000 0.000000 1.000000 0.000000
0.999870 -0.016106 0.000000 25.493489 0.016106 0.999870 0.000000 -0.560119 0.000000 0.000000 1.000000 0.000000
0.999898 -0.014265 0.000000 26.126812 0.014265 0.999898 0.000000 -0.567982 0.000000 0.000000 1.000000 0.000000
0.999920 -0.012633 0.000000 26.762189 0.012633 0.999920 0.000000 -0.574031 0.000000 0.000000 1.000000 0.000000
0.999944 -0.010549 0.000000 27.387834 0.010549 0.999944 0.000000 -0.587842 0.000000 0.000000 1.000000 0.000000
0.999952 -0.009812 0.000000 27.963485 0.009812 0.999952 0.000000 -0.614385 0.000000 0.000000 1.000000 0.000000
0.999960 -0.008914 0.000000 28.616267 0.008914 0.999960 0.000000 -0.626463 0.000000 0.000000 1.000000 0.000000
0.999981 -0.006186 0.000000 29.249818 0.006186 0.999981 0.000000 -0.636254 0.000000 0.000000 1.000000 0.000000
0.999995 -0.003287 0.000000 29.883041 0.003287 0.999995 0.000000 -0.646776 0.000000 0.000000 1.000000 0.000000
0.999999 -0.001731 0.000000 30.514265 0.001731 0.999999 0.000000 -0.666725 0.000000 0.000000 1.000000 0.000000
1.000000 -0.000641 0.000000 31.141900 0.000641 1.000000 0.000000 -0.678544 0.000000 0.000000 1.000000 0.000000
1.000000 0.000676 0.000000 31.776850 -0.000676 1.000000 0.000000 -0.696334 0.000000 0.000000 1.000000 0.000000
1.000000 0.000902 0.000000 32.409988 -0.000902 1.000000 0.000000 -0.717166 0.000000 0.000000 1.000000 0.000000
0.999997 0.002506 0.000000 33.046596 -0.002506 0.999997 0.000000 -0.737223 0.000000 0.000000 1.000000 0.000000
0.999996 0.002897 0.000000 33.701722 -0.002897 0.999996 0.000000 -0.771320 0.000000 0.000000 1.000000 0.000000
0.999995 0.003115 0.000000 34.296185 -0.003115 0.999995 0.000000 -0.795374 0.000000 0.000000 1.000000 0.000000
0.999983 0.005776 0.000000 34.945591 -0.005776 0.999983 0.000000 -0.817561 0.000000 0.000000 1.000000 0.000000
0.999969 0.007882 0.000000 35.569086 -0.007882 0.999969 0.000000 -0.836738 0.000000 0.000000 1.000000 0.000000
0.999971 0.007681 0.000000 36.218087 -0.007681 0.999971 0.000000 -0.859495 0.000000 0.000000 1.000000 0.000000
0.999968 0.007942 0.000000 36.863808 -0.007942 0.999968 0.000000 -0.878186 0.000000 0.000000 1.000000 0.000000
0.999961 0.008870 0.000000 37.501221 -0.008870 0.999961 0.000000 -0.897800 0.000000 0.000000 1.000000 0.000000
0.999958 0.009174 0.000000 38.147722 -0.009174 0.999958 0.000000 -0.918435 0.000000 0.000000 1.000000 0.000000
0.999955 0.009470 0.000000 38.796358 -0.009470 0.999955 0.000000 -0.936141 0.000000 0.000000 1.000000 0.000000
0.999937 0.011213 0.000000 39.447171 -0.011213 0.999937 0.000000 -0.956857 0.000000 0.000000 1.000000 0.000000
0.999915 0.013007 0.000000 40.090370 -0.013007 0.999915 0.000000 -0.980583 0.000000 0.000000 1.000000 0.000000
0.999918 0.012824 0.000000 40.746982 -0.012824 0.999918 0.000000 -1.010515 0.000000 0.000000 1.000000 0.000000
0.999920 0.012674 0.000000 41.355996 -0.012674 0.999920 0.000000 -1.040246 0.000000 0.000000 1.000000 0.000000
0.999927 0.012085 0.000000 42.021905 -0.012085 0.999927 0.000000 -1.061046 0.000000 0.000000 1.000000 0.000000
0.999935 0.011438 0.000000 42.664492 -0.011438 0.999935 0.000000 -1.074239 0.000000 0.000000 1.000000 0.000000
0.999933 0.011552 0.000000 43.323392 -0.011552 0.999933 0.000000 -1.101570 0.000000 0.000000 1.000000 0.000000
0.999963 0.008657 0.000000 43.965315 -0.008657 0.999963 0.000000 -1.124853 0.000000 0.000000 1.000000 0.000000
0.999971 0.007592 0.000000 44.588550 -0.007592 0.999971 0.000000 -1.143706 0.000000 0.000000 1.000000 0.000000
0.999966 0.008270 0.000000 45.201242 -0.008270 0.999966 0.000000 -1.155515 0.000000 0.000000 1.000000 0.000000
0.999949 0.010124 0.000000 45.848738 -0.010124 0.999949 0.000000 -1.166863 0.000000 0.000000 1.000000 0.000000
0.999925 0.012280 0.000000 46.501884 -0.012280 0.999925 0.000000 -1.182410 0.000000 0.000000 1.000000 0.000000
0.999908 0.013587 0.000000 47.167946 -0.013587 0.999908 0.000000 -1.198623 0.000000 0.000000 1.000000 0.000000
0.999931 0.011708 0.000000 47.814552 -0.011708 0.999931 0.000000 -1.213276 0.000000 0.000000 1.000000 0.000000
0.999954 0.009584 0.000000 48.482627 -0.009584 0.999954 0.000000 -1.224150 0.000000 0.000000 1.000000 0.000000
0.999945 0.010500 0.000000 49.494630 -0.010500 0.999945 0.000000 -1.257806 0.000000 0.000000 1.000000 0.000000
0.999955 0.009508 0.000000 50.176032 -0.009508 0.999955 0.000000 -1.273157 0.000000 0.000000 1.000000 0.000000
0.999960 0.008999 0.000000 50.810855 -0.008999 0.999960 0.000000 -1.289848 0.000000 0.000000 1.000000 0.000000
0.999989 0.004706 0.000000 51.775962 -0.004706 0.999989 0.000000 -1.329798 0.000000 0.000000 1.000000 0.000000
0.999986 0.005329 0.000000 52.433938 -0.005329 0.999986 0.000000 -1.346580 0.000000 0.000000 1.000000 0.000000
0.999989 0.004631 0.000000 53.094278 -0.004631 0.999989 0.000000 -1.361844 0.000000 0.000000 1.000000 0.000000
0.999997 0.002277 0.000000 53.587878 -0.002277 0.999997 0.000000 -1.374743 0.000000 0.000000 1.000000 0.000000
0.999993 0.003711 0.000000 54.203333 -0.003711 0.999993 0.000000 -1.376565 0.000000 0.000000 1.000000 0.000000
0.999998 0.001795 0.000000 55.537318 -0.001795 0.999998 0.000000 -1.408311 0.000000 0.000000 1.000000 0.000000
1.000000 -0.000661 0.000000 56.194974 0.000661 1.000000 0.000000 -1.418688 0.000000 0.000000 1.000000 0.000000
0.999996 -0.002924 0.000000 56.815736 0.002924 0.999996 0.000000 -1.426957 0.000000 0.000000 1.000000 0.000000
0.999997 -0.002604 0.000000 57.457237 0.002604 0.999997 0.000000 -1.440068 0.000000 0.000000 1.000000 0.000000
0.999999 -0.001629 0.000000 58.095375 0.001629 0.999999 0.000000 -1.456204 0.000000 0.000000 1.000000 0.000000
0.999999 -0.001475 0.000000 58.773835 0.001475 0.999999 0.000000 -1.472630 0.000000 0.000000 1.000000 0.000000
0.999999 -0.001397 0.000000 59.389792 0.001397 0.999999 0.000000 -1.474368 0.000000 0.000000 1.000000 0.000000
1.000000 -0.000060 0.000000 59.989091 0.000060 1.000000 0.000000 -1.479840 0.000000 0.000000 1.000000 0.000000
1.000000 0.000979 0.000000 60.610494 -0.000979 1.000000 0.000000 -1.492824 0.000000 0.000000 1.000000 0.000000
0.999998 0.001977 0.000000 61.198733 -0.001977 0.999998 0.000000 -1.509946 0.000000 0.000000 1.000000 0.000000
0.999996 0.002921 0.000000 61.839987 -0.002921 0.999996 0.000000 -1.531602 0.000000 0.000000 1.000000 0.000000
0.999996 0.002821 0.000000 62.467322 -0.002821 0.999996 0.000000 -1.555934 0.000000 0.000000 1.000000 0.000000
0.999997 0.002646 0.000000 63.048268 -0.002646 0.999997 0.000000 -1.577345 0.000000 0.000000 1.000000 0.000000
0.999998 0.001871 0.000000 63.666191 -0.001871 0.999998 0.000000 -1.601324 0.000000 0.000000 1.000000 0.000000
0.999999 0.001354 0.000000 64.289678 -0.001354 0.999999 0.000000 -1.624152 0.000000 0.000000 1.000000 0.000000
0.999999 0.001269 0.000000 64.863990 -0.001269 0.999999 0.000000 -1.649866 0.000000 0.000000 1.000000 0.000000
0.999999 0.001097 0.000000 65.485270 -0.001097 0.999999 0.000000 -1.672143 0.000000 0.000000 1.000000 0.000000
0.999996 0.002788 0.000000 66.062101 -0.002788 0.999996 0.000000 -1.686147 0.000000 0.000000 1.000000 0.000000
0.999985 0.005390 0.000000 66.673278 -0.005390 0.999985 0.000000 -1.705828 0.000000 0.000000 1.000000 0.000000
0.999983 0.005872 0.000000 67.274443 -0.005872 0.999983 0.000000 -1.724973 0.000000 0.000000 1.000000 0.000000
0.999977 0.006716 0.000000 68.073893 -0.006716 0.999977 0.000000 -1.757232 0.000000 0.000000 1.000000 0.000000
0.999968 0.007951 0.000000 68.663198 -0.007951 0.999968 0.000000 -1.781642 0.000000 0.000000 1.000000 0.000000
0.999978 0.006643 0.000000 69.258544 -0.006643 0.999978 0.000000 -1.804238 0.000000 0.000000 1.000000 0.000000
0.999988 0.004814 0.000000 69.851098 -0.004814 0.999988 0.000000 -1.821066 0.000000 0.000000 1.000000 0.000000
0.999994 0.003421 0.000000 70.438773 -0.003421 0.999994 0.000000 -1.840467 0.000000 0.000000 1.000000 0.000000
1.000000 0.000054 0.000000 71.069783 -0.000054 1.000000 0.000000 -1.852056 0.000000 0.000000 1.000000 0.000000
1.000000 -0.000404 0.000000 71.712858 0.000404 1.000000 0.000000 -1.868401 0.000000 0.000000 1.000000 0.000000
1.000000 -0.000791 0.000000 72.305012 0.000791 1.000000 0.000000 -1.884283 0.000000 0.000000 1.000000 0.000000
1.000000 -0.000407 0.000000 72.898159 0.000407 1.000000 0.000000 -1.896345 0.000000 0.000000 1.000000 0.000000
1.000000 0.000528 0.000000 74.070586 -0.000528 1.000000 0.000000 -1.933741 0.000000 0.000000 1.000000 0.000000
1.000000 0.000924 0.000000 74.656864 -0.000924 1.000000 0.000000 -1.951798 0.000000 0.000000 1.000000 0.000000
0.999996 0.002861 0.000000 75.239010 -0.002861 0.999996 0.000000 -1.973591 0.000000 0.000000 1.000000 0.000000
0.999988 0.004856 0.000000 75.809115 -0.004856 0.999988 0.000000 -2.006659 0.000000 0.000000 1.000000 0.000000
0.999982 0.006010 0.000000 76.386568 -0.006010 0.999982 0.000000 -2.028574 0.000000 0.000000 1.000000 0.000000
0.999976 0.006962 0.000000 76.974968 -0.006962 0.999976 0.000000 -2.060747 0.000000 0.000000 1.000000 0.000000
0.999979 0.006489 0.000000 77.531677 -0.006489 0.999979 0.000000 -2.104456 0.000000 0.000000 1.000000 0.000000
0.999991 0.004296 0.000000 78.110956 -0.004296 0.999991 0.000000 -2.116378 0.000000 0.000000 1.000000 0.000000
1.000000 -0.000614 0.000000 78.719022 0.000614 1.000000 0.000000 -2.052283 0.000000 0.000000 1.000000 0.000000
1.000000 -0.000144 0.000000 79.270213 0.000144 1.000000 0.000000 -2.074109 0.000000 0.000000 1.000000 0.000000
1.000000 -0.000221 0.000000 79.816737 0.000221 1.000000 0.000000 -2.092921 0.000000 0.000000 1.000000 0.000000
1.000000 -0.000158 0.000000 80.356747 0.000158 1.000000 0.000000 -2.113420 0.000000 0.000000 1.000000 0.000000
1.000000 0.000994 0.000000 80.900594 -0.000994 1.000000 0.000000 -2.134820 0.000000 0.000000 1.000000 0.000000
0.999996 0.002932 0.000000 81.413067 -0.002932 0.999996 0.000000 -2.156264 0.000000 0.000000 1.000000 0.000000
0.999997 0.002515 0.000000 82.094031 -0.002515 0.999997 0.000000 -2.190390 0.000000 0.000000 1.000000 0.000000
0.999985 0.005399 0.000000 82.615786 -0.005399 0.999985 0.000000 -2.203646 0.000000 0.000000 1.000000 0.000000
0.999977 0.006799 0.000000 83.115908 -0.006799 0.999977 0.000000 -2.224940 0.000000 0.000000 1.000000 0.000000
0.999980 0.006332 0.000000 83.652674 -0.006332 0.999980 0.000000 -2.251172 0.000000 0.000000 1.000000 0.000000
0.999981 0.006162 0.000000 84.179674 -0.006162 0.999981 0.000000 -2.272410 0.000000 0.000000 1.000000 0.000000
0.999979 0.006551 0.000000 84.668742 -0.006551 0.999979 0.000000 -2.291284 0.000000 0.000000 1.000000 0.000000
0.999968 0.007976 0.000000 85.201278 -0.007976 0.999968 0.000000 -2.313236 0.000000 0.000000 1.000000 0.000000
0.999963 0.008623 0.000000 85.722510 -0.008623 0.999963 0.000000 -2.340374 0.000000 0.000000 1.000000 0.000000
0.999965 0.008404 0.000000 86.206462 -0.008404 0.999965 0.000000 -2.356582 0.000000 0.000000 1.000000 0.000000
0.999957 0.009244 0.000000 86.729400 -0.009244 0.999957 0.000000 -2.370039 0.000000 0.000000 1.000000 0.000000
0.999940 0.010985 0.000000 87.245008 -0.010985 0.999940 0.000000 -2.387214 0.000000 0.000000 1.000000 0.000000
0.999926 0.012162 0.000000 87.723789 -0.012162 0.999926 0.000000 -2.404907 0.000000 0.000000 1.000000 0.000000
0.999921 0.012571 0.000000 88.240151 -0.012571 0.999921 0.000000 -2.433318 0.000000 0.000000 1.000000 0.000000
0.999906 0.013735 0.000000 88.723410 -0.013735 0.999906 0.000000 -2.458035 0.000000 0.000000 1.000000 0.000000
0.999891 0.014795 0.000000 89.221245 -0.014795 0.999891 0.000000 -2.480408 0.000000 0.000000 1.000000 0.000000
0.999896 0.014407 0.000000 89.876890 -0.014407 0.999896 0.000000 -2.513059 0.000000 0.000000 1.000000 0.000000
0.999900 0.014146 0.000000 90.371656 -0.014146 0.999900 0.000000 -2.537778 0.000000 0.000000 1.000000 0.000000
0.999893 0.014594 0.000000 90.862296 -0.014594 0.999893 0.000000 -2.557176 0.000000 0.000000 1.000000 0.000000
0.999891 0.014756 0.000000 91.352507 -0.014756 0.999891 0.000000 -2.575332 0.000000 0.000000 1.000000 0.000000
0.999910 0.013435 0.000000 91.844550 -0.013435 0.999910 0.000000 -2.597691 0.000000 0.000000 1.000000 0.000000
0.999923 0.012394 0.000000 92.331703 -0.012394 0.999923 0.000000 -2.625820 0.000000 0.000000 1.000000 0.000000
0.999901 0.014042 0.000000 92.803390 -0.014042 0.999901 0.000000 -2.650885 0.000000 0.000000 1.000000 0.000000
0.999817 0.019146 0.000000 93.755217 -0.019146 0.999817 0.000000 -2.701861 0.000000 0.000000 1.000000 0.000000
0.999775 0.021196 0.000000 94.222466 -0.021196 0.999775 0.000000 -2.731190 0.000000 0.000000 1.000000 0.000000
0.999717 0.023801 0.000000 94.689443 -0.023801 0.999717 0.000000 -2.761272 0.000000 0.000000 1.000000 0.000000
0.999659 0.026129 0.000000 95.153489 -0.026129 0.999659 0.000000 -2.793124 0.000000 0.000000 1.000000 0.000000
0.999607 0.028023 0.000000 95.626903 -0.028023 0.999607 0.000000 -2.823306 0.000000 0.000000 1.000000 0.000000
0.999553 0.029893 0.000000 96.085402 -0.029893 0.999553 0.000000 -2.849969 0.000000 0.000000 1.000000 0.000000
0.999491 0.031895 0.000000 96.551326 -0.031895 0.999491 0.000000 -2.879321 0.000000 0.000000 1.000000 0.000000
0.999348 0.036092 0.000000 97.013798 -0.036092 0.999348 0.000000 -2.900766 0.000000 0.000000 1.000000 0.000000
0.999191 0.040214 0.000000 97.486167 -0.040214 0.999191 0.000000 -2.936514 0.000000 0.000000 1.000000 0.000000
0.999094 0.042555 0.000000 97.941861 -0.042555 0.999094 0.000000 -2.972199 0.000000 0.000000 1.000000 0.000000
0.999011 0.044469 0.000000 98.367999 -0.044469 0.999011 0.000000 -3.006908 0.000000 0.000000 1.000000 0.000000
0.998952 0.045772 0.000000 98.809873 -0.045772 0.998952 0.000000 -3.045600 0.000000 0.000000 1.000000 0.000000
0.998917 0.046532 0.000000 99.230557 -0.046532 0.998917 0.000000 -3.091117 0.000000 0.000000 1.000000 0.000000
0.998839 0.048180 0.000000 99.649479 -0.048180 0.998839 0.000000 -3.123299 0.000000 0.000000 1.000000 0.000000
0.998725 0.050477 0.000000 100.083428 -0.050477 0.998725 0.000000 -3.159619 0.000000 0.000000 1.000000 0.000000
0.998518 0.054415 0.000000 100.495702 -0.054415 0.998518 0.000000 -3.186689 0.000000 0.000000 1.000000 0.000000
0.998205 0.059882 0.000000 100.926854 -0.059882 0.998205 0.000000 -3.220377 0.000000 0.000000 1.000000 0.000000
0.998093 0.061731 0.000000 101.334693 -0.061731 0.998093 0.000000 -3.258385 0.000000 0.000000 1.000000 0.000000
0.998158 0.060670 0.000000 101.734802 -0.060670 0.998158 0.000000 -3.302019 0.000000 0.000000 1.000000 0.000000
0.998118 0.061315 0.000000 102.136520 -0.061315 0.998118 0.000000 -3.337463 0.000000 0.000000 1.000000 0.000000
0.998094 0.061709 0.000000 102.528846 -0.061709 0.998094 0.000000 -3.384054 0.000000 0.000000 1.000000 0.000000
0.997906 0.064681 0.000000 102.932767 -0.064681 0.997906 0.000000 -3.422714 0.000000 0.000000 1.000000 0.000000
0.997542 0.070067 0.000000 103.313232 -0.070067 0.997542 0.000000 -3.461871 0.000000 0.000000 1.000000 0.000000
0.997398 0.072096 0.000000 103.730203 -0.072096 0.997398 0.000000 -3.485800 0.000000 0.000000 1.000000 0.000000
0.997335 0.072957 0.000000 104.118684 -0.072957 0.997335 0.000000 -3.513490 0.000000 0.000000 1.000000 0.000000
0.997124 0.075783 0.000000 104.496976 -0.075783 0.997124 0.000000 -3.549419 0.000000 0.000000 1.000000 0.000000
0.996823 0.079646 0.000000 104.904570 -0.079646 0.996823 0.000000 -3.589952 0.000000 0.000000 1.000000 0.000000
0.996517 0.083392 0.000000 105.306336 -0.083392 0.996517 0.000000 -3.634025 0.000000 0.000000 1.000000 0.000000
0.996205 0.087034 0.000000 105.875828 -0.087034 0.996205 0.000000 -3.696836 0.000000 0.000000 1.000000 0.000000
0.996035 0.088961 0.000000 106.288912 -0.088961 0.996035 0.000000 -3.750330 0.000000 0.000000 1.000000 0.000000
0.995856 0.090940 0.000000 106.699662 -0.090940 0.995856 0.000000 -3.804177 0.000000 0.000000 1.000000 0.000000
0.995661 0.093053 0.000000 107.120456 -0.093053 0.995661 0.000000 -3.856284 0.000000 0.000000 1.000000 0.000000
0.995496 0.094807 0.000000 107.543573 -0.094807 0.995496 0.000000 -3.911852 0.000000 0.000000 1.000000 0.000000
0.995462 0.095159 0.000000 107.962179 -0.095159 0.995462 0.000000 -3.959340 0.000000 0.000000 1.000000 0.000000
0.995357 0.096256 0.000000 108.384073 -0.096256 0.995357 0.000000 -4.003674 0.000000 0.000000 1.000000 0.000000
0.994966 0.100214 0.000000 108.801625 -0.100214 0.994966 0.000000 -4.046280 0.000000 0.000000 1.000000 0.000000
0.994025 0.109151 0.000000 109.541502 -0.109151 0.994025 0.000000 -4.152755 0.000000 0.000000 1.000000 0.000000
0.994106 0.108411 0.000000 109.968061 -0.108411 0.994106 0.000000 -4.213612 0.000000 0.000000 1.000000 0.000000
0.994091 0.108548 0.000000 110.402203 -0.108548 0.994091 0.000000 -4.270586 0.000000 0.000000 1.000000 0.000000
0.994091 0.108548 0.000000 110.838072 -0.108548 0.994091 0.000000 -4.329069 0.000000 0.000000 1.000000 0.000000
0.993969 0.109658 0.000000 111.284835 -0.109658 0.993969 0.000000 -4.367175 0.000000 0.000000 1.000000 0.000000
0.993776 0.111399 0.000000 111.718172 -0.111399 0.993776 0.000000 -4.424498 0.000000 0.000000 1.000000 0.000000
0.993820 0.111000 0.000000 112.157469 -0.111000 0.993820 0.000000 -4.483153 0.000000 0.000000 1.000000 0.000000
0.993855 0.110694 0.000000 112.595953 -0.110694 0.993855 0.000000 -4.545410 0.000000 0.000000 1.000000 0.000000
0.993850 0.110733 0.000000 113.033869 -0.110733 0.993850 0.000000 -4.609342 0.000000 0.000000 1.000000 0.000000
0.993647 0.112544 0.000000 113.488206 -0.112544 0.993647 0.000000 -4.674944 0.000000 0.000000 1.000000 0.000000
0.993412 0.114594 0.000000 113.939808 -0.114594 0.993412 0.000000 -4.746718 0.000000 0.000000 1.000000 0.000000
0.993456 0.114219 0.000000 114.772445 -0.114219 0.993456 0.000000 -4.869663 0.000000 0.000000 1.000000 0.000000
0.993341 0.115214 0.000000 115.229594 -0.115214 0.993341 0.000000 -4.930006 0.000000 0.000000 1.000000 0.000000
0.993152 0.116827 0.000000 115.690991 -0.116827 0.993152 0.000000 -4.995832 0.000000 0.000000 1.000000 0.000000
0.993005 0.118076 0.000000 116.149478 -0.118076 0.993005 0.000000 -5.072045 0.000000 0.000000 1.000000 0.000000
0.992797 0.119810 0.000000 116.596122 -0.119810 0.992797 0.000000 -5.143100 0.000000 0.000000 1.000000 0.000000
0.992667 0.120885 0.000000 117.058808 -0.120885 0.992667 0.000000 -5.217129 0.000000 0.000000 1.000000 0.000000
0.992355 0.123417 0.000000 117.527368 -0.123417 0.992355 0.000000 -5.295339 0.000000 0.000000 1.000000 0.000000
0.991813 0.127699 0.000000 118.003009 -0.127699 0.991813 0.000000 -5.370629 0.000000 0.000000 1.000000 0.000000
0.991219 0.132233 0.000000 118.503275 -0.132233 0.991219 0.000000 -5.450759 0.000000 0.000000 1.000000 0.000000
0.990995 0.133901 0.000000 118.948669 -0.133901 0.990995 0.000000 -5.522007 0.000000 0.000000 1.000000 0.000000
0.990895 0.134638 0.000000 119.446070 -0.134638 0.990895 0.000000 -5.604500 0.000000 0.000000 1.000000 0.000000
0.990729 0.135851 0.000000 119.929602 -0.135851 0.990729 0.000000 -5.686049 0.000000 0.000000 1.000000 0.000000
0.990886 0.134702 0.000000 120.594165 -0.134702 0.990886 0.000000 -5.719698 0.000000 0.000000 1.000000 0.000000
0.990955 0.134196 0.000000 121.065345 -0.134196 0.990955 0.000000 -5.809940 0.000000 0.000000 1.000000 0.000000
0.990707 0.136014 0.000000 121.624275 -0.136014 0.990707 0.000000 -5.863851 0.000000 0.000000 1.000000 0.000000
0.990406 0.138190 0.000000 122.142038 -0.138190 0.990406 0.000000 -5.949227 0.000000 0.000000 1.000000 0.000000
0.989711 0.143080 0.000000 122.652530 -0.143080 0.989711 0.000000 -5.978883 0.000000 0.000000 1.000000 0.000000
0.988964 0.148156 0.000000 123.133128 -0.148156 0.988964 0.000000 -6.054969 0.000000 0.000000 1.000000 0.000000
0.988673 0.150087 0.000000 123.587792 -0.150087 0.988673 0.000000 -6.132970 0.000000 0.000000 1.000000 0.000000
0.988283 0.152632 0.000000 124.071587 -0.152632 0.988283 0.000000 -6.216978 0.000000 0.000000 1.000000 0.000000
0.987958 0.154725 0.000000 124.555670 -0.154725 0.987958 0.000000 -6.308718 0.000000 0.000000 1.000000 0.000000
0.987777 0.155873 0.000000 125.358748 -0.155873 0.987777 0.000000 -6.457047 0.000000 0.000000 1.000000 0.000000
0.988140 0.153554 0.000000 125.862753 -0.153554 0.988140 0.000000 -6.561751 0.000000 0.000000 1.000000 0.000000
0.989726 0.142980 0.000000 126.846025 -0.142980 0.989726 0.000000 -6.763490 0.000000 0.000000 1.000000 0.000000
0.990367 0.138467 0.000000 127.340266 -0.138467 0.990367 0.000000 -6.860153 0.000000 0.000000 1.000000 0.000000
0.990707 0.136013 0.000000 127.838522 -0.136013 0.990707 0.000000 -6.959636 0.000000 0.000000 1.000000 0.000000
0.990945 0.134266 0.000000 128.342979 -0.134266 0.990945 0.000000 -7.041180 0.000000 0.000000 1.000000 0.000000
0.990882 0.134729 0.000000 128.850536 -0.134729 0.990882 0.000000 -7.120716 0.000000 0.000000 1.000000 0.000000
0.990726 0.135875 0.000000 129.325191 -0.135875 0.990726 0.000000 -7.201627 0.000000 0.000000 1.000000 0.000000
0.991004 0.133834 0.000000 129.880600 -0.133834 0.991004 0.000000 -7.278723 0.000000 0.000000 1.000000 0.000000
0.990720 0.135921 0.000000 130.372466 -0.135921 0.990720 0.000000 -7.354065 0.000000 0.000000 1.000000 0.000000
0.990554 0.137125 0.000000 130.880856 -0.137125 0.990554 0.000000 -7.433732 0.000000 0.000000 1.000000 0.000000
0.990499 0.137520 0.000000 131.400909 -0.137520 0.990499 0.000000 -7.514402 0.000000 0.000000 1.000000 0.000000
0.990512 0.137429 0.000000 131.883871 -0.137429 0.990512 0.000000 -7.593596 0.000000 0.000000 1.000000 0.000000
0.990546 0.137184 0.000000 132.398269 -0.137184 0.990546 0.000000 -7.679900 0.000000 0.000000 1.000000 0.000000
0.990401 0.138226 0.000000 132.925419 -0.138226 0.990401 0.000000 -7.760456 0.000000 0.000000 1.000000 0.000000
0.990473 0.137709 0.000000 133.412671 -0.137709 0.990473 0.000000 -7.837174 0.000000 0.000000 1.000000 0.000000
0.990655 0.136394 0.000000 133.934578 -0.136394 0.990655 0.000000 -7.915558 0.000000 0.000000 1.000000 0.000000
0.990274 0.139130 0.000000 134.468956 -0.139130 0.990274 0.000000 -7.998643 0.000000 0.000000 1.000000 0.000000
0.989887 0.141861 0.000000 135.094054 -0.141861 0.989887 0.000000 -8.094272 0.000000 0.000000 1.000000 0.000000
0.989802 0.142448 0.000000 135.658926 -0.142448 0.989802 0.000000 -8.173880 0.000000 0.000000 1.000000 0.000000
0.988975 0.148083 0.000000 136.182681 -0.148083 0.988975 0.000000 -8.260919 0.000000 0.000000 1.000000 0.000000
0.988527 0.151044 0.000000 136.720253 -0.151044 0.988527 0.000000 -8.358182 0.000000 0.000000 1.000000 0.000000
0.987920 0.154963 0.000000 137.246969 -0.154963 0.987920 0.000000 -8.452652 0.000000 0.000000 1.000000 0.000000
0.987653 0.156657 0.000000 137.780923 -0.156657 0.987653 0.000000 -8.554773 0.000000 0.000000 1.000000 0.000000
0.986996 0.160747 0.000000 141.640587 -0.160747 0.986996 0.000000 -9.275699 0.000000 0.000000 1.000000 0.000000
0.987436 0.158019 0.000000 142.130181 -0.158019 0.987436 0.000000 -9.388233 0.000000 0.000000 1.000000 0.000000
0.988960 0.148181 0.000000 143.286972 -0.148181 0.988960 0.000000 -9.623670 0.000000 0.000000 1.000000 0.000000
0.988346 0.152223 0.000000 144.408841 -0.152223 0.988346 0.000000 -9.841576 0.000000 0.000000 1.000000 0.000000
0.988194 0.153210 0.000000 144.957590 -0.153210 0.988194 0.000000 -9.948869 0.000000 0.000000 1.000000 0.000000
0.988101 0.153808 0.000000 145.523252 -0.153808 0.988101 0.000000 -10.061433 0.000000 0.000000 1.000000 0.000000
0.988171 0.153357 0.000000 146.091889 -0.153357 0.988171 0.000000 -10.173636 0.000000 0.000000 1.000000 0.000000
0.988412 0.151795 0.000000 146.662894 -0.151795 0.988412 0.000000 -10.292725 0.000000 0.000000 1.000000 0.000000
0.988395 0.151903 0.000000 147.225240 -0.151903 0.988395 0.000000 -10.397396 0.000000 0.000000 1.000000 0.000000
0.987968 0.154659 0.000000 147.788973 -0.154659 0.987968 0.000000 -10.508682 0.000000 0.000000 1.000000 0.000000
0.987866 0.155311 0.000000 148.310795 -0.155311 0.987866 0.000000 -10.625647 0.000000 0.000000 1.000000 0.000000
0.987930 0.154902 0.000000 148.880906 -0.154902 0.987930 0.000000 -10.750421 0.000000 0.000000 1.000000 0.000000
0.987366 0.158458 0.000000 149.791081 -0.158458 0.987366 0.000000 -10.930253 0.000000 0.000000 1.000000 0.000000
0.986964 0.160943 0.000000 150.377081 -0.160943 0.986964 0.000000 -11.056762 0.000000 0.000000 1.000000 0.000000
0.986775 0.162094 0.000000 150.937746 -0.162094 0.986775 0.000000 -11.175623 0.000000 0.000000 1.000000 0.000000
0.986013 0.166666 0.000000 151.519509 -0.166666 0.986013 0.000000 -11.285640 0.000000 0.000000 1.000000 0.000000
0.985189 0.171474 0.000000 152.139765 -0.171474 0.985189 0.000000 -11.406593 0.000000 0.000000 1.000000 0.000000
0.984793 0.173731 0.000000 152.671615 -0.173731 0.984793 0.000000 -11.518654 0.000000 0.000000 1.000000 0.000000
0.984567 0.175006 0.000000 153.282994 -0.175006 0.984567 0.000000 -11.653904 0.000000 0.000000 1.000000 0.000000
0.984357 0.176186 0.000000 153.852450 -0.176186 0.984357 0.000000 -11.780515 0.000000 0.000000 1.000000 0.000000
0.984106 0.177582 0.000000 154.431280 -0.177582 0.984106 0.000000 -11.899355 0.000000 0.000000 1.000000 0.000000
0.983646 0.180112 0.000000 155.005675 -0.180112 0.983646 0.000000 -12.012454 0.000000 0.000000 1.000000 0.000000
0.983537 0.180705 0.000000 155.591477 -0.180705 0.983537 0.000000 -12.139278 0.000000 0.000000 1.000000 0.000000
0.983561 0.180575 0.000000 156.160791 -0.180575 0.983561 0.000000 -12.259047 0.000000 0.000000 1.000000 0.000000
0.983413 0.181379 0.000000 156.737609 -0.181379 0.983413 0.000000 -12.373890 0.000000 0.000000 1.000000 0.000000
0.983313 0.181924 0.000000 157.302763 -0.181924 0.983313 0.000000 -12.491991 0.000000 0.000000 1.000000 0.000000
0.983220 0.182421 0.000000 157.884668 -0.182421 0.983220 0.000000 -12.613928 0.000000 0.000000 1.000000 0.000000
0.982705 0.185177 0.000000 158.500872 -0.185177 0.982705 0.000000 -12.746751 0.000000 0.000000 1.000000 0.000000
0.982033 0.188711 0.000000 159.636709 -0.188711 0.982033 0.000000 -12.985881 0.000000 0.000000 1.000000 0.000000
0.982060 0.188567 0.000000 160.204281 -0.188567 0.982060 0.000000 -13.112994 0.000000 0.000000 1.000000 0.000000
0.982057 0.188587 0.000000 160.659040 -0.188587 0.982057 0.000000 -13.270820 0.000000 0.000000 1.000000 0.000000
0.981204 0.192974 0.000000 161.248905 -0.192974 0.981204 0.000000 -13.386384 0.000000 0.000000 1.000000 0.000000
0.981021 0.193902 0.000000 161.812388 -0.193902 0.981021 0.000000 -13.511100 0.000000 0.000000 1.000000 0.000000
0.981123 0.193384 0.000000 162.914831 -0.193384 0.981123 0.000000 -13.757468 0.000000 0.000000 1.000000 0.000000
0.981154 0.193228 0.000000 163.469383 -0.193228 0.981154 0.000000 -13.883974 0.000000 0.000000 1.000000 0.000000
0.980933 0.194345 0.000000 164.009877 -0.194345 0.980933 0.000000 -14.005973 0.000000 0.000000 1.000000 0.000000
0.980955 0.194236 0.000000 164.581701 -0.194236 0.980955 0.000000 -14.136524 0.000000 0.000000 1.000000 0.000000
0.980828 0.194874 0.000000 165.162627 -0.194874 0.980828 0.000000 -14.260761 0.000000 0.000000 1.000000 0.000000
0.980164 0.198188 0.000000 165.702149 -0.198188 0.980164 0.000000 -14.368083 0.000000 0.000000 1.000000 0.000000
0.979263 0.202592 0.000000 166.472259 -0.202592 0.979263 0.000000 -14.530460 0.000000 0.000000 1.000000 0.000000
0.978717 0.205214 0.000000 167.046047 -0.205214 0.978717 0.000000 -14.648961 0.000000 0.000000 1.000000 0.000000
0.977840 0.209354 0.000000 167.620736 -0.209354 0.977840 0.000000 -14.764193 0.000000 0.000000 1.000000 0.000000
0.977003 0.213227 0.000000 168.255092 -0.213227 0.977003 0.000000 -14.908149 0.000000 0.000000 1.000000 0.000000
0.977252 0.212079 0.000000 168.794164 -0.212079 0.977252 0.000000 -15.041762 0.000000 0.000000 1.000000 0.000000
0.977101 0.212774 0.000000 169.409331 -0.212774 0.977101 0.000000 -15.186585 0.000000 0.000000 1.000000 0.000000
0.976773 0.214276 0.000000 169.993210 -0.214276 0.976773 0.000000 -15.318663 0.000000 0.000000 1.000000 0.000000
0.976676 0.214720 0.000000 170.604426 -0.214720 0.976676 0.000000 -15.438698 0.000000 0.000000 1.000000 0.000000
0.976487 0.215577 0.000000 171.202234 -0.215577 0.976487 0.000000 -15.585215 0.000000 0.000000 1.000000 0.000000
0.977031 0.213097 0.000000 171.769469 -0.213097 0.977031 0.000000 -15.724701 0.000000 0.000000 1.000000 0.000000
0.977072 0.212910 0.000000 172.339458 -0.212910 0.977072 0.000000 -15.866652 0.000000 0.000000 1.000000 0.000000
0.977388 0.211452 0.000000 172.901012 -0.211452 0.977388 0.000000 -16.020059 0.000000 0.000000 1.000000 0.000000
0.978396 0.206738 0.000000 173.495761 -0.206738 0.978396 0.000000 -16.176092 0.000000 0.000000 1.000000 0.000000
0.979350 0.202172 0.000000 174.056798 -0.202172 0.979350 0.000000 -16.318964 0.000000 0.000000 1.000000 0.000000
0.979497 0.201458 0.000000 174.635852 -0.201458 0.979497 0.000000 -16.449230 0.000000 0.000000 1.000000 0.000000
0.979604 0.200937 0.000000 175.228080 -0.200937 0.979604 0.000000 -16.582660 0.000000 0.000000 1.000000 0.000000
0.979999 0.199004 0.000000 176.035821 -0.199004 0.979999 0.000000 -16.756927 0.000000 0.000000 1.000000 0.000000
0.979657 0.200680 0.000000 176.576996 -0.200680 0.979657 0.000000 -16.876512 0.000000 0.000000 1.000000 0.000000
0.979606 0.200929 0.000000 177.190357 -0.200929 0.979606 0.000000 -17.011376 0.000000 0.000000 1.000000 0.000000
0.979589 0.201013 0.000000 177.729976 -0.201013 0.979589 0.000000 -17.127099 0.000000 0.000000 1.000000 0.000000
0.979336 0.202239 0.000000 178.310225 -0.202239 0.979336 0.000000 -17.259343 0.000000 0.000000 1.000000 0.000000
0.978849 0.204583 0.000000 178.883208 -0.204583 0.978849 0.000000 -17.386219 0.000000 0.000000 1.000000 0.000000
0.977657 0.210205 0.000000 179.473339 -0.210205 0.977657 0.000000 -17.520675 0.000000 0.000000 1.000000 0.000000
0.976659 0.214795 0.000000 180.050906 -0.214795 0.976659 0.000000 -17.660456 0.000000 0.000000 1.000000 0.000000
0.976432 0.215825 0.000000 180.627286 -0.215825 0.976432 0.000000 -17.800411 0.000000 0.000000 1.000000 0.000000
0.976396 0.215989 0.000000 181.202851 -0.215989 0.976396 0.000000 -17.940434 0.000000 0.000000 1.000000 0.000000
0.978362 0.206901 0.000000 182.004628 -0.206901 0.978362 0.000000 -17.929081 0.000000 0.000000 1.000000 0.000000
0.977879 0.209172 0.000000 182.592542 -0.209172 0.977879 0.000000 -18.055922 0.000000 0.000000 1.000000 0.000000
0.977709 0.209964 0.000000 183.170115 -0.209964 0.977709 0.000000 -18.187909 0.000000 0.000000 1.000000 0.000000
0.977877 0.209181 0.000000 183.742348 -0.209181 0.977877 0.000000 -18.326270 0.000000 0.000000 1.000000 0.000000
0.977594 0.210501 0.000000 184.345292 -0.210501 0.977594 0.000000 -18.464955 0.000000 0.000000 1.000000 0.000000
0.977031 0.213098 0.000000 184.926201 -0.213098 0.977031 0.000000 -18.590756 0.000000 0.000000 1.000000 0.000000
0.976911 0.213647 0.000000 185.471737 -0.213647 0.976911 0.000000 -18.717789 0.000000 0.000000 1.000000 0.000000
0.976485 0.215584 0.000000 186.045587 -0.215584 0.976485 0.000000 -18.844232 0.000000 0.000000 1.000000 0.000000
0.975893 0.218249 0.000000 186.628380 -0.218249 0.975893 0.000000 -18.988083 0.000000 0.000000 1.000000 0.000000
0.976104 0.217303 0.000000 187.185968 -0.217303 0.976104 0.000000 -19.125316 0.000000 0.000000 1.000000 0.000000
0.976026 0.217655 0.000000 187.754665 -0.217655 0.976026 0.000000 -19.262895 0.000000 0.000000 1.000000 0.000000
0.975944 0.218023 0.000000 188.316088 -0.218023 0.975944 0.000000 -19.408111 0.000000 0.000000 1.000000 0.000000
0.976280 0.216514 0.000000 188.848063 -0.216514 0.976280 0.000000 -19.558910 0.000000 0.000000 1.000000 0.000000
0.975781 0.218748 0.000000 189.408772 -0.218748 0.975781 0.000000 -19.697532 0.000000 0.000000 1.000000 0.000000
0.975282 0.220965 0.000000 189.990469 -0.220965 0.975282 0.000000 -19.830945 0.000000 0.000000 1.000000 0.000000
0.975065 0.221919 0.000000 190.531975 -0.221919 0.975065 0.000000 -19.960296 0.000000 0.000000 1.000000 0.000000
0.974617 0.223879 0.000000 191.107178 -0.223879 0.974617 0.000000 -20.103330 0.000000 0.000000 1.000000 0.000000
0.974132 0.225982 0.000000 191.677670 -0.225982 0.974132 0.000000 -20.254935 0.000000 0.000000 1.000000 0.000000
0.973291 0.229576 0.000000 192.503232 -0.229576 0.973291 0.000000 -20.467982 0.000000 0.000000 1.000000 0.000000
0.972586 0.232545 0.000000 193.066304 -0.232545 0.972586 0.000000 -20.610331 0.000000 0.000000 1.000000 0.000000
0.972383 0.233391 0.000000 193.653306 -0.233391 0.972383 0.000000 -20.751420 0.000000 0.000000 1.000000 0.000000
0.972255 0.233924 0.000000 194.219435 -0.233924 0.972255 0.000000 -20.900534 0.000000 0.000000 1.000000 0.000000
0.972338 0.233577 0.000000 194.786858 -0.233577 0.972338 0.000000 -21.045752 0.000000 0.000000 1.000000 0.000000
0.972909 0.231188 0.000000 195.365399 -0.231188 0.972909 0.000000 -21.201305 0.000000 0.000000 1.000000 0.000000
0.973340 0.229365 0.000000 195.912452 -0.229365 0.973340 0.000000 -21.336273 0.000000 0.000000 1.000000 0.000000
0.973319 0.229458 0.000000 196.499488 -0.229458 0.973319 0.000000 -21.491217 0.000000 0.000000 1.000000 0.000000
0.973261 0.229701 0.000000 196.996041 -0.229701 0.973261 0.000000 -21.623211 0.000000 0.000000 1.000000 0.000000
0.972983 0.230875 0.000000 197.975840 -0.230875 0.972983 0.000000 -21.873316 0.000000 0.000000 1.000000 0.000000
0.972816 0.231581 0.000000 198.540619 -0.231581 0.972816 0.000000 -22.016644 0.000000 0.000000 1.000000 0.000000
0.972376 0.233419 0.000000 199.250535 -0.233419 0.972376 0.000000 -22.204868 0.000000 0.000000 1.000000 0.000000
0.971865 0.235538 0.000000 199.968204 -0.235538 0.971865 0.000000 -22.396814 0.000000 0.000000 1.000000 0.000000
0.971528 0.236926 0.000000 200.929852 -0.236926 0.971528 0.000000 -22.651742 0.000000 0.000000 1.000000 0.000000
0.971561 0.236788 0.000000 201.478791 -0.236788 0.971561 0.000000 -22.797354 0.000000 0.000000 1.000000 0.000000
0.971541 0.236871 0.000000 202.041370 -0.236871 0.971541 0.000000 -22.946386 0.000000 0.000000 1.000000 0.000000
0.971322 0.237768 0.000000 202.593186 -0.237768 0.971322 0.000000 -23.095738 0.000000 0.000000 1.000000 0.000000
0.971698 0.236227 0.000000 203.118429 -0.236227 0.971698 0.000000 -23.232076 0.000000 0.000000 1.000000 0.000000
0.971906 0.235369 0.000000 203.689354 -0.235369 0.971906 0.000000 -23.382115 0.000000 0.000000 1.000000 0.000000
0.971409 0.237411 0.000000 204.313541 -0.237411 0.971409 0.000000 -23.543078 0.000000 0.000000 1.000000 0.000000
0.971676 0.236319 0.000000 205.111764 -0.236319 0.971676 0.000000 -23.763671 0.000000 0.000000 1.000000 0.000000
0.971932 0.235264 0.000000 205.674573 -0.235264 0.971932 0.000000 -23.910831 0.000000 0.000000 1.000000 0.000000
0.971955 0.235168 0.000000 206.232208 -0.235168 0.971955 0.000000 -24.059293 0.000000 0.000000 1.000000 0.000000
0.972395 0.233342 0.000000 206.790227 -0.233342 0.972395 0.000000 -24.213973 0.000000 0.000000 1.000000 0.000000
0.972936 0.231074 0.000000 207.379324 -0.231074 0.972936 0.000000 -24.362960 0.000000 0.000000 1.000000 0.000000
0.972947 0.231027 0.000000 207.897841 -0.231027 0.972947 0.000000 -24.497502 0.000000 0.000000 1.000000 0.000000
0.972890 0.231269 0.000000 208.507153 -0.231269 0.972890 0.000000 -24.793161 0.000000 0.000000 1.000000 0.000000
0.973290 0.229578 0.000000 209.028639 -0.229578 0.973290 0.000000 -24.899518 0.000000 0.000000 1.000000 0.000000
0.973553 0.228461 0.000000 209.629379 -0.228461 0.973553 0.000000 -25.060649 0.000000 0.000000 1.000000 0.000000
0.973638 0.228100 0.000000 210.178212 -0.228100 0.973638 0.000000 -25.187867 0.000000 0.000000 1.000000 0.000000
0.973744 0.227647 0.000000 210.728577 -0.227647 0.973744 0.000000 -25.337981 0.000000 0.000000 1.000000 0.000000
0.973838 0.227242 0.000000 211.283739 -0.227242 0.973838 0.000000 -25.473548 0.000000 0.000000 1.000000 0.000000
0.973825 0.227301 0.000000 211.824717 -0.227301 0.973825 0.000000 -25.612541 0.000000 0.000000 1.000000 0.000000
