1.000000 -0.000010 0.000000 0.592285 0.000010 1.000000 0.000000 -0.018385 0.000000 0.000000 1.000000 0.000000
0.999999 -0.001375 0.000000 1.035263 0.001375 0.999999 0.000000 -0.029423 0.000000 0.000000 1.000000 0.000000
0.999991 -0.004135 0.000000 1.801043 0.004135 0.999991 0.000000 -0.030546 0.000000 0.000000 1.000000 0.000000
0.999994 -0.003573 0.000000 2.488432 0.003573 0.999994 0.000000 -0.033475 0.000000 0.000000 1.000000 0.000000
0.999998 0.002084 0.000000 3.064612 -0.002084 0.999998 0.000000 -0.134322 0.000000 0.000000 1.000000 0.000000
0.999997 0.002371 0.000000 3.692725 -0.002371 0.999997 0.000000 -0.151088 0.000000 0.000000 1.000000 0.000000
0.999999 0.001455 0.000000 4.487058 -0.001455 0.999999 0.000000 -0.178729 0.000000 0.000000 1.000000 0.000000
0.999998 0.001813 0.000000 5.552208 -0.001813 0.999998 0.000000 -0.113849 0.000000 0.000000 1.000000 0.000000
1.000000 0.000284 0.000000 6.119775 -0.000284 1.000000 0.000000 -0.134626 0.000000 0.000000 1.000000 0.000000
0.999996 0.002814 0.000000 6.784781 -0.002814 0.999996 0.000000 -0.160154 0.000000 0.000000 1.000000 0.000000
0.999998 0.001848 0.000000 7.440581 -0.001848 0.999998 0.000000 -0.217881 0.000000 0.000000 1.000000 0.000000
0.999996 0.002681 0.000000 8.615842 -0.002681 0.999996 0.000000 -0.232192 0.000000 0.000000 1.000000 0.000000
0.999989 0.004587 0.000000 9.388433 -0.004587 0.999989 0.000000 -0.315403 0.000000 0.000000 1.000000 0.000000
0.999992 0.004005 0.000000 9.947344 -0.004005 0.999992 0.000000 -0.364196 0.000000 0.000000 1.000000 0.000000
0.999998 0.001760 0.000000 10.573061 -0.001760 0.999998 0.000000 -0.386607 0.000000 0.000000 1.000000 0.000000
0.999999 0.001511 0.000000 11.330374 -0.001511 0.999999 0.000000 -0.431823 0.000000 0.000000 1.000000 0.000000
1.000000 0.000791 0.000000 11.990129 -0.000791 1.000000 0.000000 -0.448386 0.000000 0.000000 1.000000 0.000000
1.000000 0.000789 0.000000 12.526467 -0.000789 1.000000 0.000000 -0.457769 0.000000 0.000000 1.000000 0.000000
1.000000 -0.000148 0.000000 12.861016 0.000148 1.000000 0.000000 -0.469745 0.000000 0.000000 1.000000 0.000000
0.999999 -0.001206 0.000000 13.501926 0.001206 0.999999 0.000000 -0.496564 0.000000 0.000000 1.000000 0.000000
1.000000 -0.000639 0.000000 13.983199 0.000639 1.000000 0.000000 -0.513823 0.000000 0.000000 1.000000 0.000000
0.999998 -0.001905 0.000000 14.586105 0.001905 0.999998 0.000000 -0.523175 0.000000 0.000000 1.000000 0.000000
0.999998 -0.001955 0.000000 15.320214 0.001955 0.999998 0.000000 -0.548100 0.000000 0.000000 1.000000 0.000000
0.999996 -0.002967 0.000000 15.906685 0.002967 0.999996 0.000000 -0.548033 0.000000 0.000000 1.000000 0.000000
0.999996 -0.002776 0.000000 16.154354 0.002776 0.999996 0.000000 -0.539943 0.000000 0.000000 1.000000 0.000000
0.999994 -0.003587 0.000000 16.746074 0.003587 0.999994 0.000000 -0.586813 0.000000 0.000000 1.000000 0.000000
0.999974 -0.007263 0.000000 17.442491 0.007263 0.999974 0.000000 -0.599338 0.000000 0.000000 1.000000 0.000000
0.999956 -0.009411 0.000000 17.861017 0.009411 0.999956 0.000000 -0.602936 0.000000 0.000000 1.000000 0.000000
0.999938 -0.011119 0.000000 18.334748 0.011119 0.999938 0.000000 -0.549151 0.000000 0.000000 1.000000 0.000000
0.999925 -0.012231 0.000000 18.987810 0.012231 0.999925 0.000000 -0.577219 0.000000 0.000000 1.000000 0.000000
0.999940 -0.010979 0.000000 19.724481 0.010979 0.999940 0.000000 -0.570982 0.000000 0.000000 1.000000 0.000000
0.999944 -0.010595 0.000000 20.372056 0.010595 0.999944 0.000000 -0.600608 0.000000 0.000000 1.000000 0.000000
0.999940 -0.010993 0.000000 20.900784 0.010993 0.999940 0.000000 -0.626224 0.000000 0.000000 1.000000 0.000000
0.999939 -0.011072 0.000000 21.575011 0.011072 0.999939 0.000000 -0.619026 0.000000 0.000000 1.000000 0.000000
0.999938 -0.011178 0.000000 22.135937 0.011178 0.999938 0.000000 -0.631028 0.000000 0.000000 1.000000 0.000000
0.999932 -0.011665 0.000000 22.730131 0.011665 0.999932 0.000000 -0.654989 0.000000 0.000000 1.000000 0.000000
0.999916 -0.012972 0.000000 23.506054 0.012972 0.999916 0.000000 -0.672358 0.000000 0.000000 1.000000 0.000000
0.999897 -0.014353 0.000000 24.121156 0.014353 0.999897 0.000000 -0.685209 0.000000 0.000000 1.000000 0.000000
0.999866 -0.016381 0.000000 24.732633 0.016381 0.999866 0.000000 -0.697558 0.000000 0.000000 1.000000 0.000000
0.999853 -0.017151 0.000000 25.305826 0.017151 0.999853 0.000000 -0.715078 0.000000 0.000000 1.000000 0.000000
0.999851 -0.017251 0.000000 25.991538 0.017251 0.999851 0.000000 -0.705778 0.000000 0.000000 1.000000 0.000000
0.999851 -0.017288 0.000000 26.643071 0.017288 0.999851 0.000000 -0.705676 0.000000 0.000000 1.000000 0.000000
0.999823 -0.018825 0.000000 27.226460 0.018825 0.999823 0.000000 -0.708961 0.000000 0.000000 1.000000 0.000000
0.999825 -0.018729 0.000000 27.814716 0.018729 0.999825 0.000000 -0.664600 0.000000 0.000000 1.000000 0.000000
0.999828 -0.018534 0.000000 28.440762 0.018534 0.999828 0.000000 -0.674151 0.000000 0.000000 1.000000 0.000000
0.999843 -0.017741 0.000000 29.020774 0.017741 0.999843 0.000000 -0.667258 0.000000 0.000000 1.000000 0.000000
0.999836 -0.018126 0.000000 29.476973 0.018126 0.999836 0.000000 -0.676679 0.000000 0.000000 1.000000 0.000000
0.999832 -0.018328 0.000000 30.182424 0.018328 0.999832 0.000000 -0.676402 0.000000 0.000000 1.000000 0.000000
0.999785 -0.020753 0.000000 31.051521 0.020753 0.999785 0.000000 -0.655207 0.000000 0.000000 1.000000 0.000000
0.999801 -0.019947 0.000000 31.719353 0.019947 0.999801 0.000000 -0.635685 0.000000 0.000000 1.000000 0.000000
0.999818 -0.019104 0.000000 32.506487 0.019104 0.999818 0.000000 -0.639504 0.000000 0.000000 1.000000 0.000000
0.999849 -0.017369 0.000000 33.198994 0.017369 0.999849 0.000000 -0.628710 0.000000 0.000000 1.000000 0.000000
0.999851 -0.017271 0.000000 33.845994 0.017271 0.999851 0.000000 -0.626672 0.000000 0.000000 1.000000 0.000000
0.999840 -0.017871 0.000000 34.370099 0.017871 0.999840 0.000000 -0.628239 0.000000 0.000000 1.000000 0.000000
0.999873 -0.015921 0.000000 34.991343 0.015921 0.999873 0.000000 -0.633406 0.000000 0.000000 1.000000 0.000000
0.999906 -0.013712 0.000000 35.669501 0.013712 0.999906 0.000000 -0.617805 0.000000 0.000000 1.000000 0.000000
0.999924 -0.012345 0.000000 36.209797 0.012345 0.999924 0.000000 -0.607292 0.000000 0.000000 1.000000 0.000000
0.999916 -0.012972 0.000000 36.923528 0.012972 0.999916 0.000000 -0.616671 0.000000 0.000000 1.000000 0.000000
0.999939 -0.011081 0.000000 37.482594 0.011081 0.999939 0.000000 -0.675294 0.000000 0.000000 1.000000 0.000000
0.999955 -0.009531 0.000000 37.900326 0.009531 0.999955 0.000000 -0.698422 0.000000 0.000000 1.000000 0.000000
0.999940 -0.010964 0.000000 38.140636 0.010964 0.999940 0.000000 -0.710803 0.000000 0.000000 1.000000 0.000000
0.999946 -0.010346 0.000000 38.678692 0.010346 0.999946 0.000000 -0.712085 0.000000 0.000000 1.000000 0.000000
0.999956 -0.009421 0.000000 39.349585 0.009421 0.999956 0.000000 -0.701120 0.000000 0.000000 1.000000 0.000000
0.999980 -0.006358 0.000000 40.073814 0.006358 0.999980 0.000000 -0.711374 0.000000 0.000000 1.000000 0.000000
0.999982 -0.006031 0.000000 40.667751 0.006031 0.999982 0.000000 -0.708078 0.000000 0.000000 1.000000 0.000000
0.999987 -0.005069 0.000000 41.211998 0.005069 0.999987 0.000000 -0.716113 0.000000 0.000000 1.000000 0.000000
0.999985 -0.005460 0.000000 41.897412 0.005460 0.999985 0.000000 -0.696582 0.000000 0.000000 1.000000 0.000000
0.999987 -0.005082 0.000000 42.445297 0.005082 0.999987 0.000000 -0.707017 0.000000 0.000000 1.000000 0.000000
0.999988 -0.004927 0.000000 43.078748 0.004927 0.999988 0.000000 -0.725285 0.000000 0.000000 1.000000 0.000000
0.999990 -0.004550 0.000000 43.746120 0.004550 0.999990 0.000000 -0.723348 0.000000 0.000000 1.000000 0.000000
0.999991 -0.004289 0.000000 44.579761 0.004289 0.999991 0.000000 -0.695433 0.000000 0.000000 1.000000 0.000000
0.999991 -0.004303 0.000000 45.118254 0.004303 0.999991 0.000000 -0.698189 0.000000 0.000000 1.000000 0.000000
0.999989 -0.004683 0.000000 46.083317 0.004683 0.999989 0.000000 -0.724577 0.000000 0.000000 1.000000 0.000000
0.999986 -0.005323 0.000000 46.823303 0.005323 0.999986 0.000000 -0.739236 0.000000 0.000000 1.000000 0.000000
0.999980 -0.006248 0.000000 47.618915 0.006248 0.999980 0.000000 -0.730499 0.000000 0.000000 1.000000 0.000000
0.999953 -0.009668 0.000000 48.257287 0.009668 0.999953 0.000000 -0.738032 0.000000 0.000000 1.000000 0.000000
0.999974 -0.007251 0.000000 48.804583 0.007251 0.999974 0.000000 -0.737624 0.000000 0.000000 1.000000 0.000000
0.999962 -0.008724 0.000000 49.553586 0.008724 0.999962 0.000000 -0.733314 0.000000 0.000000 1.000000 0.000000
0.999951 -0.009919 0.000000 49.840939 0.009919 0.999951 0.000000 -0.748976 0.000000 0.000000 1.000000 0.000000
0.999951 -0.009896 0.000000 50.246827 0.009896 0.999951 0.000000 -0.749414 0.000000 0.000000 1.000000 0.000000
0.999964 -0.008513 0.000000 50.544185 0.008513 0.999964 0.000000 -0.735247 0.000000 0.000000 1.000000 0.000000
0.999974 -0.007276 0.000000 51.181604 0.007276 0.999974 0.000000 -0.734070 0.000000 0.000000 1.000000 0.000000
0.999976 -0.006882 0.000000 51.808698 0.006882 0.999976 0.000000 -0.738537 0.000000 0.000000 1.000000 0.000000
0.999971 -0.007631 0.000000 52.769180 0.007631 0.999971 0.000000 -0.743783 0.000000 0.000000 1.000000 0.000000
0.999976 -0.006980 0.000000 53.334233 0.006980 0.999976 0.000000 -0.747465 0.000000 0.000000 1.000000 0.000000
0.999975 -0.007127 0.000000 54.303431 0.007127 0.999975 0.000000 -0.772503 0.000000 0.000000 1.000000 0.000000
0.999969 -0.007870 0.000000 54.805654 0.007870 0.999969 0.000000 -0.774327 0.000000 0.000000 1.000000 0.000000
0.999963 -0.008545 0.000000 55.318187 0.008545 0.999963 0.000000 -0.788967 0.000000 0.000000 1.000000 0.000000
0.999966 -0.008244 0.000000 55.896847 0.008244 0.999966 0.000000 -0.796951 0.000000 0.000000 1.000000 0.000000
0.999967 -0.008120 0.000000 56.552627 0.008120 0.999967 0.000000 -0.801143 0.000000 0.000000 1.000000 0.000000
0.999965 -0.008369 0.000000 57.251508 0.008369 0.999965 0.000000 -0.828704 0.000000 0.000000 1.000000 0.000000
0.999949 -0.010124 0.000000 57.928147 0.010124 0.999949 0.000000 -0.844253 0.000000 0.000000 1.000000 0.000000
0.999934 -0.011493 0.000000 58.397986 0.011493 0.999934 0.000000 -0.850371 0.000000 0.000000 1.000000 0.000000
0.999923 -0.012434 0.000000 59.752448 0.012434 0.999923 0.000000 -0.850433 0.000000 0.000000 1.000000 0.000000
0.999908 -0.013557 0.000000 60.276390 0.013557 0.999908 0.000000 -0.822244 0.000000 0.000000 1.000000 0.000000
0.999900 -0.014143 0.000000 61.012862 0.014143 0.999900 0.000000 -0.832088 0.000000 0.000000 1.000000 0.000000
0.999905 -0.013766 0.000000 61.460974 0.013766 0.999905 0.000000 -0.834903 0.000000 0.000000 1.000000 0.000000
0.999914 -0.013118 0.000000 62.028395 0.013118 0.999914 0.000000 -0.841324 0.000000 0.000000 1.000000 0.000000
0.999900 -0.014116 0.000000 62.532162 0.014116 0.999900 0.000000 -0.852297 0.000000 0.000000 1.000000 0.000000
0.999958 -0.009143 0.000000 63.177918 0.009143 0.999958 0.000000 -0.850115 0.000000 0.000000 1.000000 0.000000
0.999962 -0.008665 0.000000 63.787142 0.008665 0.999962 0.000000 -0.860760 0.000000 0.000000 1.000000 0.000000
0.999966 -0.008292 0.000000 64.377399 0.008292 0.999966 0.000000 -0.870176 0.000000 0.000000 1.000000 0.000000
0.999962 -0.008687 0.000000 64.852033 0.008687 0.999962 0.000000 -0.878748 0.000000 0.000000 1.000000 0.000000
0.999966 -0.008239 0.000000 65.493961 0.008239 0.999966 0.000000 -0.895124 0.000000 0.000000 1.000000 0.000000
0.999965 -0.008352 0.000000 66.101174 0.008352 0.999965 0.000000 -0.903541 0.000000 0.000000 1.000000 0.000000
0.999959 -0.009056 0.000000 66.855874 0.009056 0.999959 0.000000 -0.916113 0.000000 0.000000 1.000000 0.000000
0.999944 -0.010578 0.000000 67.378672 0.010578 0.999944 0.000000 -0.934928 0.000000 0.000000 1.000000 0.000000
0.999935 -0.011411 0.000000 67.983151 0.011411 0.999935 0.000000 -0.941368 0.000000 0.000000 1.000000 0.000000
0.999938 -0.011156 0.000000 68.703224 0.011156 0.999938 0.000000 -0.972459 0.000000 0.000000 1.000000 0.000000
0.999932 -0.011693 0.000000 69.252151 0.011693 0.999932 0.000000 -0.976585 0.000000 0.000000 1.000000 0.000000
0.999917 -0.012872 0.000000 70.229880 0.012872 0.999917 0.000000 -0.959543 0.000000 0.000000 1.000000 0.000000
0.999925 -0.012233 0.000000 70.842027 0.012233 0.999925 0.000000 -0.961835 0.000000 0.000000 1.000000 0.000000
0.999921 -0.012593 0.000000 71.384835 0.012593 0.999921 0.000000 -0.975508 0.000000 0.000000 1.000000 0.000000
0.999920 -0.012678 0.000000 72.175895 0.012678 0.999920 0.000000 -0.988828 0.000000 0.000000 1.000000 0.000000
0.999931 -0.011710 0.000000 72.664518 0.011710 0.999931 0.000000 -1.006176 0.000000 0.000000 1.000000 0.000000
0.999965 -0.008404 0.000000 73.163552 0.008404 0.999965 0.000000 -0.993820 0.000000 0.000000 1.000000 0.000000
0.999963 -0.008547 0.000000 73.780975 0.008547 0.999963 0.000000 -0.998669 0.000000 0.000000 1.000000 0.000000
0.999977 -0.006803 0.000000 74.457408 0.006803 0.999977 0.000000 -0.987025 0.000000 0.000000 1.000000 0.000000
0.999965 -0.008418 0.000000 75.077145 0.008418 0.999965 0.000000 -0.999766 0.000000 0.000000 1.000000 0.000000
0.999958 -0.009186 0.000000 75.603539 0.009186 0.999958 0.000000 -1.009354 0.000000 0.000000 1.000000 0.000000
0.999955 -0.009537 0.000000 76.230107 0.009537 0.999955 0.000000 -1.026118 0.000000 0.000000 1.000000 0.000000
0.999958 -0.009151 0.000000 76.801537 0.009151 0.999958 0.000000 -1.029204 0.000000 0.000000 1.000000 0.000000
0.999942 -0.010741 0.000000 78.028627 0.010741 0.999942 0.000000 -1.048768 0.000000 0.000000 1.000000 0.000000
0.999933 -0.011598 0.000000 78.596431 0.011598 0.999933 0.000000 -1.036843 0.000000 0.000000 1.000000 0.000000
0.999950 -0.009968 0.000000 79.190675 0.009968 0.999950 0.000000 -1.056222 0.000000 0.000000 1.000000 0.000000
0.999944 -0.010554 0.000000 79.820985 0.010554 0.999944 0.000000 -1.071328 0.000000 0.000000 1.000000 0.000000
0.999962 -0.008676 0.000000 80.442198 0.008676 0.999962 0.000000 -1.085603 0.000000 0.000000 1.000000 0.000000
0.999950 -0.010003 0.000000 80.946172 0.010003 0.999950 0.000000 -1.081228 0.000000 0.000000 1.000000 0.000000
0.999946 -0.010387 0.000000 81.534190 0.010387 0.999946 0.000000 -1.104785 0.000000 0.000000 1.000000 0.000000
0.999946 -0.010394 0.000000 82.124999 0.010394 0.999946 0.000000 -1.105134 0.000000 0.000000 1.000000 0.000000
0.999956 -0.009336 0.000000 82.742091 0.009336 0.999956 0.000000 -1.118818 0.000000 0.000000 1.000000 0.000000
0.999951 -0.009942 0.000000 83.253206 0.009942 0.999951 0.000000 -1.123312 0.000000 0.000000 1.000000 0.000000
0.999936 -0.011325 0.000000 83.880252 0.011325 0.999936 0.000000 -1.101691 0.000000 0.000000 1.000000 0.000000
0.999940 -0.010993 0.000000 84.430981 0.010993 0.999940 0.000000 -1.124581 0.000000 0.000000 1.000000 0.000000
0.999955 -0.009454 0.000000 84.969240 0.009454 0.999955 0.000000 -1.134878 0.000000 0.000000 1.000000 0.000000
0.999966 -0.008305 0.000000 85.465715 0.008305 0.999966 0.000000 -1.145403 0.000000 0.000000 1.000000 0.000000
0.999982 -0.005986 0.000000 85.999731 0.005986 0.999982 0.000000 -1.160697 0.000000 0.000000 1.000000 0.000000
0.999998 -0.001758 0.000000 86.578351 0.001758 0.999998 0.000000 -1.214441 0.000000 0.000000 1.000000 0.000000
0.999999 -0.001019 0.000000 87.052785 0.001019 0.999999 0.000000 -1.226287 0.000000 0.000000 1.000000 0.000000
0.999999 -0.001547 0.000000 87.586203 0.001547 0.999999 0.000000 -1.223650 0.000000 0.000000 1.000000 0.000000
0.999999 -0.001532 0.000000 88.124175 0.001532 0.999999 0.000000 -1.224882 0.000000 0.000000 1.000000 0.000000
0.999998 0.002227 0.000000 88.727807 -0.002227 0.999998 0.000000 -1.316213 0.000000 0.000000 1.000000 0.000000
0.999984 0.005729 0.000000 89.226666 -0.005729 0.999984 0.000000 -1.346816 0.000000 0.000000 1.000000 0.000000
0.999956 0.009333 0.000000 89.921381 -0.009333 0.999956 0.000000 -1.368632 0.000000 0.000000 1.000000 0.000000
0.999946 0.010435 0.000000 90.444256 -0.010435 0.999946 0.000000 -1.385571 0.000000 0.000000 1.000000 0.000000
0.999939 0.011035 0.000000 90.952362 -0.011035 0.999939 0.000000 -1.395045 0.000000 0.000000 1.000000 0.000000
0.999917 0.012905 0.000000 91.443084 -0.012905 0.999917 0.000000 -1.419183 0.000000 0.000000 1.000000 0.000000
0.999908 0.013581 0.000000 91.870011 -0.013581 0.999908 0.000000 -1.425851 0.000000 0.000000 1.000000 0.000000
0.999915 0.013073 0.000000 92.367249 -0.013073 0.999915 0.000000 -1.405481 0.000000 0.000000 1.000000 0.000000
0.999896 0.014442 0.000000 92.903150 -0.014442 0.999896 0.000000 -1.430333 0.000000 0.000000 1.000000 0.000000
0.999917 0.012906 0.000000 93.491837 -0.012906 0.999917 0.000000 -1.410268 0.000000 0.000000 1.000000 0.000000
0.999921 0.012588 0.000000 94.101631 -0.012588 0.999921 0.000000 -1.429832 0.000000 0.000000 1.000000 0.000000
0.999923 0.012374 0.000000 94.582850 -0.012374 0.999923 0.000000 -1.442056 0.000000 0.000000 1.000000 0.000000
0.999918 0.012837 0.000000 94.979492 -0.012837 0.999918 0.000000 -1.443871 0.000000 0.000000 1.000000 0.000000
0.999924 0.012294 0.000000 95.403509 -0.012294 0.999924 0.000000 -1.454223 0.000000 0.000000 1.000000 0.000000
0.999948 0.010160 0.000000 95.888069 -0.010160 0.999948 0.000000 -1.483332 0.000000 0.000000 1.000000 0.000000
0.999945 0.010454 0.000000 96.396020 -0.010454 0.999945 0.000000 -1.509559 0.000000 0.000000 1.000000 0.000000
0.999937 0.011229 0.000000 96.946087 -0.011229 0.999937 0.000000 -1.532262 0.000000 0.000000 1.000000 0.000000
0.999852 0.017194 0.000000 97.916728 -0.017194 0.999852 0.000000 -1.585121 0.000000 0.000000 1.000000 0.000000
0.999835 0.018145 0.000000 98.377384 -0.018145 0.999835 0.000000 -1.586747 0.000000 0.000000 1.000000 0.000000
0.999781 0.020908 0.000000 98.877262 -0.020908 0.999781 0.000000 -1.614098 0.000000 0.000000 1.000000 0.000000
0.999626 0.027354 0.000000 99.364823 -0.027354 0.999626 0.000000 -1.649911 0.000000 0.000000 1.000000 0.000000
0.999576 0.029126 0.000000 99.889213 -0.029126 0.999576 0.000000 -1.663614 0.000000 0.000000 1.000000 0.000000
0.999492 0.031862 0.000000 100.287805 -0.031862 0.999492 0.000000 -1.722818 0.000000 0.000000 1.000000 0.000000
0.999437 0.033548 0.000000 100.637306 -0.033548 0.999437 0.000000 -1.763415 0.000000 0.000000 1.000000 0.000000
0.999295 0.037534 0.000000 101.162108 -0.037534 0.999295 0.000000 -1.762932 0.000000 0.000000 1.000000 0.000000
0.999144 0.041376 0.000000 101.457500 -0.041376 0.999144 0.000000 -1.818276 0.000000 0.000000 1.000000 0.000000
0.999009 0.044519 0.000000 102.053713 -0.044519 0.999009 0.000000 -1.878433 0.000000 0.000000 1.000000 0.000000
0.998839 0.048180 0.000000 102.728165 -0.048180 0.998839 0.000000 -1.951391 0.000000 0.000000 1.000000 0.000000
0.998785 0.049273 0.000000 103.054438 -0.049273 0.998785 0.000000 -1.980112 0.000000 0.000000 1.000000 0.000000
0.998614 0.052623 0.000000 103.370329 -0.052623 0.998614 0.000000 -2.030521 0.000000 0.000000 1.000000 0.000000
0.998408 0.056411 0.000000 103.824652 -0.056411 0.998408 0.000000 -2.069566 0.000000 0.000000 1.000000 0.000000
0.998361 0.057228 0.000000 104.267303 -0.057228 0.998361 0.000000 -2.108836 0.000000 0.000000 1.000000 0.000000
0.998148 0.060825 0.000000 104.697905 -0.060825 0.998148 0.000000 -2.172634 0.000000 0.000000 1.000000 0.000000
0.997654 0.068457 0.000000 105.240202 -0.068457 0.997654 0.000000 -2.206047 0.000000 0.000000 1.000000 0.000000
0.997303 0.073395 0.000000 105.628349 -0.073395 0.997303 0.000000 -2.242910 0.000000 0.000000 1.000000 0.000000
0.997038 0.076909 0.000000 105.880418 -0.076909 0.997038 0.000000 -2.195720 0.000000 0.000000 1.000000 0.000000
0.996894 0.078755 0.000000 106.279786 -0.078755 0.996894 0.000000 -2.218114 0.000000 0.000000 1.000000 0.000000
0.996501 0.083580 0.000000 106.778721 -0.083580 0.996501 0.000000 -2.327008 0.000000 0.000000 1.000000 0.000000
0.996114 0.088078 0.000000 107.229586 -0.088078 0.996114 0.000000 -2.372472 0.000000 0.000000 1.000000 0.000000
0.995804 0.091513 0.000000 107.550361 -0.091513 0.995804 0.000000 -2.408882 0.000000 0.000000 1.000000 0.000000
0.995568 0.094044 0.000000 107.974390 -0.094044 0.995568 0.000000 -2.458130 0.000000 0.000000 1.000000 0.000000
0.995460 0.095178 0.000000 108.366935 -0.095178 0.995460 0.000000 -2.484862 0.000000 0.000000 1.000000 0.000000
0.995279 0.097056 0.000000 108.754383 -0.097056 0.995279 0.000000 -2.515264 0.000000 0.000000 1.000000 0.000000
0.994876 0.101101 0.000000 109.157843 -0.101101 0.994876 0.000000 -2.563663 0.000000 0.000000 1.000000 0.000000
0.994594 0.103842 0.000000 109.627594 -0.103842 0.994594 0.000000 -2.618610 0.000000 0.000000 1.000000 0.000000
0.994322 0.106410 0.000000 110.240915 -0.106410 0.994322 0.000000 -2.700412 0.000000 0.000000 1.000000 0.000000
0.994150 0.108006 0.000000 110.642069 -0.108006 0.994150 0.000000 -2.774920 0.000000 0.000000 1.000000 0.000000
0.993857 0.110676 0.000000 110.990146 -0.110676 0.993857 0.000000 -2.885411 0.000000 0.000000 1.000000 0.000000
0.993586 0.113077 0.000000 111.383973 -0.113077 0.993586 0.000000 -2.935979 0.000000 0.000000 1.000000 0.000000
0.993317 0.115422 0.000000 111.844143 -0.115422 0.993317 0.000000 -2.998065 0.000000 0.000000 1.000000 0.000000
0.992997 0.118140 0.000000 112.324136 -0.118140 0.992997 0.000000 -3.099150 0.000000 0.000000 1.000000 0.000000
0.993113 0.117165 0.000000 112.645342 -0.117165 0.993113 0.000000 -3.158221 0.000000 0.000000 1.000000 0.000000
0.993111 0.117182 0.000000 112.935689 -0.117182 0.993111 0.000000 -3.253448 0.000000 0.000000 1.000000 0.000000
0.992963 0.118423 0.000000 113.719909 -0.118423 0.992963 0.000000 -3.380544 0.000000 0.000000 1.000000 0.000000
0.992929 0.118709 0.000000 114.088075 -0.118709 0.992929 0.000000 -3.435184 0.000000 0.000000 1.000000 0.000000
0.993070 0.117525 0.000000 114.246043 -0.117525 0.993070 0.000000 -3.478187 0.000000 0.000000 1.000000 0.000000
0.992966 0.118404 0.000000 114.701690 -0.118404 0.992966 0.000000 -3.565613 0.000000 0.000000 1.000000 0.000000
0.993422 0.114514 0.000000 115.191426 -0.114514 0.993422 0.000000 -2.954068 0.000000 0.000000 1.000000 0.000000
0.993263 0.115884 0.000000 115.621196 -0.115884 0.993263 0.000000 -3.051868 0.000000 0.000000 1.000000 0.000000
0.993160 0.116765 0.000000 116.127801 -0.116765 0.993160 0.000000 -3.051783 0.000000 0.000000 1.000000 0.000000
0.993150 0.116845 0.000000 116.619643 -0.116845 0.993150 0.000000 -3.098880 0.000000 0.000000 1.000000 0.000000
0.993138 0.116950 0.000000 117.030038 -0.116950 0.993138 0.000000 -3.162476 0.000000 0.000000 1.000000 0.000000
0.993187 0.116536 0.000000 117.404306 -0.116536 0.993187 0.000000 -3.277456 0.000000 0.000000 1.000000 0.000000
0.993100 0.117267 0.000000 117.837129 -0.117267 0.993100 0.000000 -3.326604 0.000000 0.000000 1.000000 0.000000
0.993122 0.117084 0.000000 118.656827 -0.117084 0.993122 0.000000 -3.448952 0.000000 0.000000 1.000000 0.000000
0.993056 0.117640 0.000000 119.074019 -0.117640 0.993056 0.000000 -3.578734 0.000000 0.000000 1.000000 0.000000
0.993080 0.117439 0.000000 119.516481 -0.117439 0.993080 0.000000 -3.626863 0.000000 0.000000 1.000000 0.000000
0.992805 0.119742 0.000000 119.911696 -0.119742 0.992805 0.000000 -3.675753 0.000000 0.000000 1.000000 0.000000
0.992659 0.120951 0.000000 120.347975 -0.120951 0.992659 0.000000 -3.726875 0.000000 0.000000 1.000000 0.000000
0.992361 0.123371 0.000000 120.725883 -0.123371 0.992361 0.000000 -3.806990 0.000000 0.000000 1.000000 0.000000
0.992043 0.125902 0.000000 121.277935 -0.125902 0.992043 0.000000 -4.006432 0.000000 0.000000 1.000000 0.000000
0.991840 0.127489 0.000000 121.878110 -0.127489 0.991840 0.000000 -4.102009 0.000000 0.000000 1.000000 0.000000
0.991382 0.131001 0.000000 122.376912 -0.131001 0.991382 0.000000 -4.213617 0.000000 0.000000 1.000000 0.000000
0.991125 0.132930 0.000000 122.802268 -0.132930 0.991125 0.000000 -4.304875 0.000000 0.000000 1.000000 0.000000
0.990864 0.134863 0.000000 123.332590 -0.134863 0.990864 0.000000 -4.389067 0.000000 0.000000 1.000000 0.000000
0.991078 0.133286 0.000000 123.724927 -0.133286 0.991078 0.000000 -4.366747 0.000000 0.000000 1.000000 0.000000
0.990736 0.135800 0.000000 124.186982 -0.135800 0.990736 0.000000 -4.456112 0.000000 0.000000 1.000000 0.000000
0.990481 0.137652 0.000000 124.623110 -0.137652 0.990481 0.000000 -4.542929 0.000000 0.000000 1.000000 0.000000
0.990173 0.139850 0.000000 125.232043 -0.139850 0.990173 0.000000 -4.638475 0.000000 0.000000 1.000000 0.000000
0.990254 0.139275 0.000000 125.693201 -0.139275 0.990254 0.000000 -4.710000 0.000000 0.000000 1.000000 0.000000
0.989791 0.142524 0.000000 126.170310 -0.142524 0.989791 0.000000 -4.783261 0.000000 0.000000 1.000000 0.000000
0.989357 0.145509 0.000000 126.629835 -0.145509 0.989357 0.000000 -4.873601 0.000000 0.000000 1.000000 0.000000
0.989159 0.146847 0.000000 127.006357 -0.146847 0.989159 0.000000 -4.937290 0.000000 0.000000 1.000000 0.000000
0.988877 0.148733 0.000000 127.512701 -0.148733 0.988877 0.000000 -5.024663 0.000000 0.000000 1.000000 0.000000
0.988723 0.149753 0.000000 127.900835 -0.149753 0.988723 0.000000 -5.092880 0.000000 0.000000 1.000000 0.000000
0.988777 0.149397 0.000000 128.731369 -0.149397 0.988777 0.000000 -5.180192 0.000000 0.000000 1.000000 0.000000
0.988293 0.152569 0.000000 129.176235 -0.152569 0.988293 0.000000 -5.379910 0.000000 0.000000 1.000000 0.000000
0.988004 0.154426 0.000000 130.080214 -0.154426 0.988004 0.000000 -5.522281 0.000000 0.000000 1.000000 0.000000
0.988040 0.154196 0.000000 130.476835 -0.154196 0.988040 0.000000 -5.600615 0.000000 0.000000 1.000000 0.000000
0.988101 0.153807 0.000000 130.956946 -0.153807 0.988101 0.000000 -5.659882 0.000000 0.000000 1.000000 0.000000
0.987692 0.156409 0.000000 131.504881 -0.156409 0.987692 0.000000 -5.825950 0.000000 0.000000 1.000000 0.000000
0.987649 0.156681 0.000000 131.982651 -0.156681 0.987649 0.000000 -5.867378 0.000000 0.000000 1.000000 0.000000
0.986604 0.163133 0.000000 132.509022 -0.163133 0.986604 0.000000 -5.975092 0.000000 0.000000 1.000000 0.000000
0.987241 0.159234 0.000000 132.951300 -0.159234 0.987241 0.000000 -6.006520 0.000000 0.000000 1.000000 0.000000
0.987020 0.160600 0.000000 133.422301 -0.160600 0.987020 0.000000 -6.090186 0.000000 0.000000 1.000000 0.000000
0.987354 0.158528 0.000000 133.610524 -0.158528 0.987354 0.000000 -6.223200 0.000000 0.000000 1.000000 0.000000
0.987127 0.159938 0.000000 134.138157 -0.159938 0.987127 0.000000 -6.186382 0.000000 0.000000 1.000000 0.000000
0.987147 0.159817 0.000000 134.545333 -0.159817 0.987147 0.000000 -6.228786 0.000000 0.000000 1.000000 0.000000
0.987075 0.160261 0.000000 135.043339 -0.160261 0.987075 0.000000 -6.318353 0.000000 0.000000 1.000000 0.000000
0.987031 0.160532 0.000000 135.409365 -0.160532 0.987031 0.000000 -6.305974 0.000000 0.000000 1.000000 0.000000
0.986547 0.163480 0.000000 135.895847 -0.163480 0.986547 0.000000 -6.487765 0.000000 0.000000 1.000000 0.000000
0.986645 0.162887 0.000000 136.475092 -0.162887 0.986645 0.000000 -6.495326 0.000000 0.000000 1.000000 0.000000
0.986220 0.165441 0.000000 136.893801 -0.165441 0.986220 0.000000 -6.595970 0.000000 0.000000 1.000000 0.000000
0.986029 0.166573 0.000000 137.560725 -0.166573 0.986029 0.000000 -6.720212 0.000000 0.000000 1.000000 0.000000
0.986445 0.164090 0.000000 138.037220 -0.164090 0.986445 0.000000 -6.911426 0.000000 0.000000 1.000000 0.000000
0.985017 0.172455 0.000000 138.413503 -0.172455 0.985017 0.000000 -7.043508 0.000000 0.000000 1.000000 0.000000
0.985079 0.172105 0.000000 138.898083 -0.172105 0.985079 0.000000 -7.218444 0.000000 0.000000 1.000000 0.000000
0.984656 0.174508 0.000000 139.446878 -0.174508 0.984656 0.000000 -7.325149 0.000000 0.000000 1.000000 0.000000
0.984452 0.175656 0.000000 140.064269 -0.175656 0.984452 0.000000 -7.421408 0.000000 0.000000 1.000000 0.000000
0.983223 0.182406 0.000000 144.020910 -0.182406 0.983223 0.000000 -8.232001 0.000000 0.000000 1.000000 0.000000
0.982949 0.183881 0.000000 144.535480 -0.183881 0.982949 0.000000 -8.375451 0.000000 0.000000 1.000000 0.000000
0.982822 0.184556 0.000000 145.692047 -0.184556 0.982822 0.000000 -8.594204 0.000000 0.000000 1.000000 0.000000
0.982513 0.186191 0.000000 146.864543 -0.186191 0.982513 0.000000 -8.850019 0.000000 0.000000 1.000000 0.000000
0.982759 0.184889 0.000000 147.468558 -0.184889 0.982759 0.000000 -9.007384 0.000000 0.000000 1.000000 0.000000
0.982764 0.184863 0.000000 148.055314 -0.184863 0.982764 0.000000 -9.141365 0.000000 0.000000 1.000000 0.000000
0.982785 0.184755 0.000000 148.568196 -0.184755 0.982785 0.000000 -9.306617 0.000000 0.000000 1.000000 0.000000
0.983088 0.183132 0.000000 149.126099 -0.183132 0.983088 0.000000 -9.457315 0.000000 0.000000 1.000000 0.000000
0.983296 0.182012 0.000000 149.756738 -0.182012 0.983296 0.000000 -9.489962 0.000000 0.000000 1.000000 0.000000
0.982543 0.186035 0.000000 150.265207 -0.186035 0.982543 0.000000 -9.724843 0.000000 0.000000 1.000000 0.000000
0.982735 0.185018 0.000000 150.816723 -0.185018 0.982735 0.000000 -9.882677 0.000000 0.000000 1.000000 0.000000
0.982680 0.185309 0.000000 151.385212 -0.185309 0.982680 0.000000 -9.996814 0.000000 0.000000 1.000000 0.000000
0.981926 0.189265 0.000000 152.307100 -0.189265 0.981926 0.000000 -10.299389 0.000000 0.000000 1.000000 0.000000
0.981838 0.189723 0.000000 152.909145 -0.189723 0.981838 0.000000 -10.456724 0.000000 0.000000 1.000000 0.000000
0.982109 0.188312 0.000000 153.615206 -0.188312 0.982109 0.000000 -10.637950 0.000000 0.000000 1.000000 0.000000
0.982357 0.187015 0.000000 154.233442 -0.187015 0.982357 0.000000 -10.713379 0.000000 0.000000 1.000000 0.000000
0.982577 0.185857 0.000000 154.937648 -0.185857 0.982577 0.000000 -10.895180 0.000000 0.000000 1.000000 0.000000
0.982317 0.187227 0.000000 155.489048 -0.187227 0.982317 0.000000 -11.004268 0.000000 0.000000 1.000000 0.000000
0.982205 0.187814 0.000000 156.117101 -0.187814 0.982205 0.000000 -11.052252 0.000000 0.000000 1.000000 0.000000
0.981981 0.188982 0.000000 156.717279 -0.188982 0.981981 0.000000 -11.174632 0.000000 0.000000 1.000000 0.000000
0.981602 0.190940 0.000000 157.373181 -0.190940 0.981602 0.000000 -11.361194 0.000000 0.000000 1.000000 0.000000
0.981934 0.189222 0.000000 157.827470 -0.189222 0.981934 0.000000 -11.667722 0.000000 0.000000 1.000000 0.000000
0.982067 0.188532 0.000000 158.389443 -0.188532 0.982067 0.000000 -11.810384 0.000000 0.000000 1.000000 0.000000
0.982096 0.188379 0.000000 158.976000 -0.188379 0.982096 0.000000 -11.982748 0.000000 0.000000 1.000000 0.000000
0.981853 0.189642 0.000000 159.788148 -0.189642 0.981853 0.000000 -12.093971 0.000000 0.000000 1.000000 0.000000
0.981841 0.189706 0.000000 160.361218 -0.189706 0.981841 0.000000 -12.214005 0.000000 0.000000 1.000000 0.000000
0.982432 0.186619 0.000000 160.892432 -0.186619 0.982432 0.000000 -12.329914 0.000000 0.000000 1.000000 0.000000
0.982217 0.187747 0.000000 161.520999 -0.187747 0.982217 0.000000 -12.468153 0.000000 0.000000 1.000000 0.000000
0.981982 0.188973 0.000000 162.657922 -0.188973 0.981982 0.000000 -12.757422 0.000000 0.000000 1.000000 0.000000
0.982178 0.187951 0.000000 163.154729 -0.187951 0.982178 0.000000 -12.881486 0.000000 0.000000 1.000000 0.000000
0.982442 0.186570 0.000000 163.769591 -0.186570 0.982442 0.000000 -12.904231 0.000000 0.000000 1.000000 0.000000
0.981993 0.188917 0.000000 164.393951 -0.188917 0.981993 0.000000 -12.973454 0.000000 0.000000 1.000000 0.000000
0.981926 0.189266 0.000000 164.951138 -0.189266 0.981926 0.000000 -13.076164 0.000000 0.000000 1.000000 0.000000
0.981514 0.191390 0.000000 166.029870 -0.191390 0.981514 0.000000 -13.302721 0.000000 0.000000 1.000000 0.000000
0.981274 0.192618 0.000000 166.607777 -0.192618 0.981274 0.000000 -13.484253 0.000000 0.000000 1.000000 0.000000
0.981016 0.193929 0.000000 167.126523 -0.193929 0.981016 0.000000 -13.611886 0.000000 0.000000 1.000000 0.000000
0.980989 0.194062 0.000000 167.708442 -0.194062 0.980989 0.000000 -13.722854 0.000000 0.000000 1.000000 0.000000
0.980635 0.195844 0.000000 168.330749 -0.195844 0.980635 0.000000 -13.888660 0.000000 0.000000 1.000000 0.000000
0.980023 0.198886 0.000000 168.877267 -0.198886 0.980023 0.000000 -13.997817 0.000000 0.000000 1.000000 0.000000
0.979457 0.201652 0.000000 169.589485 -0.201652 0.979457 0.000000 -14.182790 0.000000 0.000000 1.000000 0.000000
0.979321 0.202311 0.000000 170.173707 -0.202311 0.979321 0.000000 -14.275884 0.000000 0.000000 1.000000 0.000000
0.979286 0.202483 0.000000 170.707508 -0.202483 0.979286 0.000000 -14.396491 0.000000 0.000000 1.000000 0.000000
0.979147 0.203155 0.000000 171.363749 -0.203155 0.979147 0.000000 -14.476864 0.000000 0.000000 1.000000 0.000000
0.979742 0.200263 0.000000 171.869024 -0.200263 0.979742 0.000000 -14.575233 0.000000 0.000000 1.000000 0.000000
0.979909 0.199447 0.000000 172.484074 -0.199447 0.979909 0.000000 -14.737264 0.000000 0.000000 1.000000 0.000000
0.980079 0.198609 0.000000 173.101045 -0.198609 0.980079 0.000000 -14.898740 0.000000 0.000000 1.000000 0.000000
0.979326 0.202288 0.000000 173.596902 -0.202288 0.979326 0.000000 -14.997813 0.000000 0.000000 1.000000 0.000000
0.979046 0.203637 0.000000 174.264326 -0.203637 0.979046 0.000000 -15.145960 0.000000 0.000000 1.000000 0.000000
0.979201 0.202891 0.000000 174.833154 -0.202891 0.979201 0.000000 -15.346686 0.000000 0.000000 1.000000 0.000000
0.980154 0.198239 0.000000 175.281852 -0.198239 0.980154 0.000000 -15.394415 0.000000 0.000000 1.000000 0.000000
0.980011 0.198944 0.000000 175.823933 -0.198944 0.980011 0.000000 -15.517078 0.000000 0.000000 1.000000 0.000000
0.980183 0.198094 0.000000 176.426587 -0.198094 0.980183 0.000000 -15.669999 0.000000 0.000000 1.000000 0.000000
0.980617 0.195935 0.000000 177.008043 -0.195935 0.980617 0.000000 -15.837815 0.000000 0.000000 1.000000 0.000000
0.980466 0.196690 0.000000 177.672284 -0.196690 0.980466 0.000000 -15.965882 0.000000 0.000000 1.000000 0.000000
0.980969 0.194162 0.000000 178.309622 -0.194162 0.980969 0.000000 -16.127865 0.000000 0.000000 1.000000 0.000000
0.980856 0.194736 0.000000 178.912503 -0.194736 0.980856 0.000000 -16.240084 0.000000 0.000000 1.000000 0.000000
0.980471 0.196663 0.000000 179.714914 -0.196663 0.980471 0.000000 -16.306023 0.000000 0.000000 1.000000 0.000000
0.980833 0.194852 0.000000 180.364378 -0.194852 0.980833 0.000000 -16.494796 0.000000 0.000000 1.000000 0.000000
0.980903 0.194496 0.000000 180.976643 -0.194496 0.980903 0.000000 -16.620658 0.000000 0.000000 1.000000 0.000000
0.980641 0.195814 0.000000 181.563469 -0.195814 0.980641 0.000000 -16.781664 0.000000 0.000000 1.000000 0.000000
0.980927 0.194375 0.000000 182.221959 -0.194375 0.980927 0.000000 -16.920993 0.000000 0.000000 1.000000 0.000000
0.981017 0.193923 0.000000 182.780740 -0.193923 0.981017 0.000000 -17.206854 0.000000 0.000000 1.000000 0.000000
0.980452 0.196761 0.000000 183.360849 -0.196761 0.980452 0.000000 -17.348441 0.000000 0.000000 1.000000 0.000000
0.980465 0.196693 0.000000 183.896980 -0.196693 0.980465 0.000000 -17.471902 0.000000 0.000000 1.000000 0.000000
0.980397 0.197034 0.000000 184.478096 -0.197034 0.980397 0.000000 -17.585031 0.000000 0.000000 1.000000 0.000000
0.980236 0.197830 0.000000 185.135452 -0.197830 0.980236 0.000000 -17.762733 0.000000 0.000000 1.000000 0.000000
0.979790 0.200029 0.000000 185.771633 -0.200029 0.979790 0.000000 -17.900170 0.000000 0.000000 1.000000 0.000000
0.979947 0.199260 0.000000 186.480828 -0.199260 0.979947 0.000000 -18.044420 0.000000 0.000000 1.000000 0.000000
0.980054 0.198732 0.000000 187.162442 -0.198732 0.980054 0.000000 -18.197097 0.000000 0.000000 1.000000 0.000000
0.980196 0.198031 0.000000 187.760641 -0.198031 0.980196 0.000000 -18.318736 0.000000 0.000000 1.000000 0.000000
0.979774 0.200107 0.000000 188.412283 -0.200107 0.979774 0.000000 -18.433285 0.000000 0.000000 1.000000 0.000000
0.979950 0.199244 0.000000 189.008728 -0.199244 0.979950 0.000000 -18.579283 0.000000 0.000000 1.000000 0.000000
0.979590 0.201007 0.000000 189.701287 -0.201007 0.979590 0.000000 -18.735633 0.000000 0.000000 1.000000 0.000000
0.979740 0.200275 0.000000 190.204871 -0.200275 0.979740 0.000000 -18.878270 0.000000 0.000000 1.000000 0.000000
0.979277 0.202524 0.000000 190.794780 -0.202524 0.979277 0.000000 -18.995262 0.000000 0.000000 1.000000 0.000000
0.979895 0.199516 0.000000 191.393688 -0.199516 0.979895 0.000000 -19.126977 0.000000 0.000000 1.000000 0.000000
0.979934 0.199322 0.000000 192.115020 -0.199322 0.979934 0.000000 -19.312894 0.000000 0.000000 1.000000 0.000000
0.980059 0.198708 0.000000 192.682661 -0.198708 0.980059 0.000000 -19.516065 0.000000 0.000000 1.000000 0.000000
0.980134 0.198337 0.000000 193.211809 -0.198337 0.980134 0.000000 -19.535965 0.000000 0.000000 1.000000 0.000000
0.979859 0.199691 0.000000 193.840354 -0.199691 0.979859 0.000000 -19.689094 0.000000 0.000000 1.000000 0.000000
0.980426 0.196888 0.000000 194.454191 -0.196888 0.980426 0.000000 -19.773690 0.000000 0.000000 1.000000 0.000000
0.980767 0.195180 0.000000 195.039900 -0.195180 0.980767 0.000000 -19.923498 0.000000 0.000000 1.000000 0.000000
0.980169 0.198161 0.000000 195.656427 -0.198161 0.980169 0.000000 -20.065870 0.000000 0.000000 1.000000 0.000000
0.979809 0.199938 0.000000 196.503192 -0.199938 0.979809 0.000000 -20.294001 0.000000 0.000000 1.000000 0.000000
0.979123 0.203270 0.000000 197.065457 -0.203270 0.979123 0.000000 -20.413453 0.000000 0.000000 1.000000 0.000000
0.978840 0.204629 0.000000 197.475010 -0.204629 0.978840 0.000000 -20.495767 0.000000 0.000000 1.000000 0.000000
0.978581 0.205860 0.000000 197.964433 -0.205860 0.978581 0.000000 -20.610998 0.000000 0.000000 1.000000 0.000000
0.978077 0.208241 0.000000 198.838731 -0.208241 0.978077 0.000000 -20.737255 0.000000 0.000000 1.000000 0.000000
0.978451 0.206477 0.000000 199.520723 -0.206477 0.978451 0.000000 -20.904428 0.000000 0.000000 1.000000 0.000000
0.978627 0.205642 0.000000 200.244636 -0.205642 0.978627 0.000000 -21.029811 0.000000 0.000000 1.000000 0.000000
0.978837 0.204640 0.000000 200.841873 -0.204640 0.978837 0.000000 -21.173109 0.000000 0.000000 1.000000 0.000000
0.978572 0.205905 0.000000 201.377172 -0.205905 0.978572 0.000000 -21.313935 0.000000 0.000000 1.000000 0.000000
0.978532 0.206097 0.000000 202.429690 -0.206097 0.978532 0.000000 -21.544570 0.000000 0.000000 1.000000 0.000000
0.978640 0.205579 0.000000 203.081157 -0.205579 0.978640 0.000000 -21.634675 0.000000 0.000000 1.000000 0.000000
0.978618 0.205684 0.000000 203.998171 -0.205684 0.978618 0.000000 -21.874585 0.000000 0.000000 1.000000 0.000000
0.978211 0.207615 0.000000 204.770422 -0.207615 0.978211 0.000000 -22.055636 0.000000 0.000000 1.000000 0.000000
0.978336 0.207023 0.000000 205.730893 -0.207023 0.978336 0.000000 -22.286535 0.000000 0.000000 1.000000 0.000000
0.978404 0.206702 0.000000 206.365586 -0.206702 0.978404 0.000000 -22.511316 0.000000 0.000000 1.000000 0.000000
0.978232 0.207513 0.000000 206.974723 -0.207513 0.978232 0.000000 -22.655216 0.000000 0.000000 1.000000 0.000000
0.978043 0.208404 0.000000 207.541309 -0.208404 0.978043 0.000000 -22.802577 0.000000 0.000000 1.000000 0.000000
0.977568 0.210619 0.000000 208.187545 -0.210619 0.977568 0.000000 -22.911680 0.000000 0.000000 1.000000 0.000000
0.977467 0.211086 0.000000 208.785396 -0.211086 0.977467 0.000000 -23.085488 0.000000 0.000000 1.000000 0.000000
0.977325 0.211746 0.000000 209.416125 -0.211746 0.977325 0.000000 -23.239420 0.000000 0.000000 1.000000 0.000000
0.977467 0.211086 0.000000 210.431839 -0.211086 0.977467 0.000000 -23.521334 0.000000 0.000000 1.000000 0.000000
0.977551 0.210697 0.000000 210.973802 -0.210697 0.977551 0.000000 -23.657520 0.000000 0.000000 1.000000 0.000000
0.977532 0.210788 0.000000 211.521360 -0.210788 0.977532 0.000000 -23.792561 0.000000 0.000000 1.000000 0.000000
0.977766 0.209697 0.000000 212.004765 -0.209697 0.977766 0.000000 -23.886053 0.000000 0.000000 1.000000 0.000000
