1.000000 -0.000744 0.000000 0.634501 0.000744 1.000000 0.000000 -0.013884 0.000000 0.000000 1.000000 0.000000
0.999999 -0.001389 0.000000 1.300089 0.001389 0.999999 0.000000 -0.034293 0.000000 0.000000 1.000000 0.000000
0.999999 -0.001572 0.000000 1.927451 0.001572 0.999999 0.000000 -0.049462 0.000000 0.000000 1.000000 0.000000
0.999999 -0.001688 0.000000 2.553011 0.001688 0.999999 0.000000 -0.055043 0.000000 0.000000 1.000000 0.000000
0.999996 -0.002661 0.000000 3.181694 0.002661 0.999996 0.000000 -0.067111 0.000000 0.000000 1.000000 0.000000
0.999989 -0.004652 0.000000 3.806530 0.004652 0.999989 0.000000 -0.076940 0.000000 0.000000 1.000000 0.000000
0.999987 -0.005028 0.000000 4.436759 0.005028 0.999987 0.000000 -0.078797 0.000000 0.000000 1.000000 0.000000
0.999986 -0.005302 0.000000 5.068842 0.005302 0.999986 0.000000 -0.087930 0.000000 0.000000 1.000000 0.000000
0.999986 -0.005315 0.000000 5.694689 0.005315 0.999986 0.000000 -0.093193 0.000000 0.000000 1.000000 0.000000
0.999985 -0.005469 0.000000 6.350747 0.005469 0.999985 0.000000 -0.103162 0.000000 0.000000 1.000000 0.000000
0.999982 -0.005918 0.000000 6.941563 0.005918 0.999982 0.000000 -0.110760 0.000000 0.000000 1.000000 0.000000
0.999984 -0.005579 0.000000 7.566163 0.005579 0.999984 0.000000 -0.119445 0.000000 0.000000 1.000000 0.000000
0.999972 -0.007420 0.000000 8.248054 0.007420 0.999972 0.000000 -0.134911 0.000000 0.000000 1.000000 0.000000
0.999946 -0.010360 0.000000 8.898126 0.010360 0.999946 0.000000 -0.144610 0.000000 0.000000 1.000000 0.000000
0.999897 -0.014318 0.000000 9.574833 0.014318 0.999897 0.000000 -0.155082 0.000000 0.000000 1.000000 0.000000
0.999840 -0.017915 0.000000 10.186413 0.017915 0.999840 0.000000 -0.160174 0.000000 0.000000 1.000000 0.000000
0.999870 -0.016152 0.000000 10.803534 0.016152 0.999870 0.000000 -0.167401 0.000000 0.000000 1.000000 0.000000
0.999875 -0.015811 0.000000 11.426094 0.015811 0.999875 0.000000 -0.176055 0.000000 0.000000 1.000000 0.000000
0.999867 -0.016301 0.000000 12.039878 0.016301 0.999867 0.000000 -0.185844 0.000000 0.000000 1.000000 0.000000
0.999867 -0.016317 0.000000 12.639358 0.016317 0.999867 0.000000 -0.190743 0.000000 0.000000 1.000000 0.000000
0.999868 -0.016256 0.000000 13.259319 0.016256 0.999868 0.000000 -0.194749 0.000000 0.000000 1.000000 0.000000
0.999882 -0.015348 0.000000 13.883596 0.015348 0.999882 0.000000 -0.199354 0.000000 0.000000 1.000000 0.000000
0.999866 -0.016356 0.000000 14.468109 0.016356 0.999866 0.000000 -0.205597 0.000000 0.000000 1.000000 0.000000
0.999821 -0.018898 0.000000 15.096998 0.018898 0.999821 0.000000 -0.214843 0.000000 0.000000 1.000000 0.000000
0.999777 -0.021121 0.000000 15.709751 0.021121 0.999777 0.000000 -0.220877 0.000000 0.000000 1.000000 0.000000
0.999749 -0.022408 0.000000 16.302842 0.022408 0.999749 0.000000 -0.220367 0.000000 0.000000 1.000000 0.000000
0.999746 -0.022541 0.000000 16.924725 0.022541 0.999746 0.000000 -0.224369 0.000000 0.000000 1.000000 0.000000
0.999754 -0.022169 0.000000 17.556005 0.022169 0.999754 0.000000 -0.225850 0.000000 0.000000 1.000000 0.000000
0.999782 -0.020866 0.000000 18.181114 0.020866 0.999782 0.000000 -0.220240 0.000000 0.000000 1.000000 0.000000
0.999845 -0.017589 0.000000 18.772861 0.017589 0.999845 0.000000 -0.217079 0.000000 0.000000 1.000000 0.000000
0.999904 -0.013821 0.000000 19.409478 0.013821 0.999904 0.000000 -0.229298 0.000000 0.000000 1.000000 0.000000
0.999928 -0.011965 0.000000 19.999727 0.011965 0.999928 0.000000 -0.236483 0.000000 0.000000 1.000000 0.000000
0.999933 -0.011543 0.000000 20.600100 0.011543 0.999933 0.000000 -0.245650 0.000000 0.000000 1.000000 0.000000
0.999927 -0.012099 0.000000 21.238802 0.012099 0.999927 0.000000 -0.254008 0.000000 0.000000 1.000000 0.000000
0.999944 -0.010622 0.000000 22.058404 0.010622 0.999944 0.000000 -0.264009 0.000000 0.000000 1.000000 0.000000
0.999963 -0.008639 0.000000 22.695988 0.008639 0.999963 0.000000 -0.269390 0.000000 0.000000 1.000000 0.000000
0.999975 -0.007007 0.000000 23.337640 0.007007 0.999975 0.000000 -0.274813 0.000000 0.000000 1.000000 0.000000
0.999988 -0.004938 0.000000 23.966446 0.004938 0.999988 0.000000 -0.289436 0.000000 0.000000 1.000000 0.000000
0.999991 -0.004283 0.000000 24.581115 0.004283 0.999991 0.000000 -0.312153 0.000000 0.000000 1.000000 0.000000
0.999996 -0.002963 0.000000 25.220990 0.002963 0.999996 0.000000 -0.329133 0.000000 0.000000 1.000000 0.000000
1.000000 0.000009 0.000000 25.860488 -0.000009 1.000000 0.000000 -0.349997 0.000000 0.000000 1.000000 0.000000
0.999996 0.002944 0.000000 26.498290 -0.002944 0.999996 0.000000 -0.368842 0.000000 0.000000 1.000000 0.000000
0.999991 0.004301 0.000000 27.131803 -0.004301 0.999991 0.000000 -0.396312 0.000000 0.000000 1.000000 0.000000
0.999985 0.005519 0.000000 27.738316 -0.005519 0.999985 0.000000 -0.415992 0.000000 0.000000 1.000000 0.000000
0.999978 0.006595 0.000000 28.376373 -0.006595 0.999978 0.000000 -0.440116 0.000000 0.000000 1.000000 0.000000
0.999977 0.006804 0.000000 29.014323 -0.006804 0.999977 0.000000 -0.464989 0.000000 0.000000 1.000000 0.000000
0.999966 0.008274 0.000000 29.651972 -0.008274 0.999966 0.000000 -0.488479 0.000000 0.000000 1.000000 0.000000
0.999965 0.008310 0.000000 30.289048 -0.008310 0.999965 0.000000 -0.519838 0.000000 0.000000 1.000000 0.000000
0.999962 0.008756 0.000000 30.881046 -0.008756 0.999962 0.000000 -0.545127 0.000000 0.000000 1.000000 0.000000
0.999931 0.011784 0.000000 31.527882 -0.011784 0.999931 0.000000 -0.570965 0.000000 0.000000 1.000000 0.000000
0.999904 0.013825 0.000000 32.155539 -0.013825 0.999904 0.000000 -0.598894 0.000000 0.000000 1.000000 0.000000
0.999907 0.013611 0.000000 32.804068 -0.013611 0.999907 0.000000 -0.635315 0.000000 0.000000 1.000000 0.000000
0.999905 0.013818 0.000000 33.443454 -0.013818 0.999905 0.000000 -0.662449 0.000000 0.000000 1.000000 0.000000
0.999892 0.014673 0.000000 34.075874 -0.014673 0.999892 0.000000 -0.688530 0.000000 0.000000 1.000000 0.000000
0.999890 0.014852 0.000000 34.721575 -0.014852 0.999890 0.000000 -0.715137 0.000000 0.000000 1.000000 0.000000
0.999887 0.015029 0.000000 35.365873 -0.015029 0.999887 0.000000 -0.736669 0.000000 0.000000 1.000000 0.000000
0.999860 0.016719 0.000000 36.013355 -0.016719 0.999860 0.000000 -0.762010 0.000000 0.000000 1.000000 0.000000
0.999830 0.018432 0.000000 36.656355 -0.018432 0.999830 0.000000 -0.792138 0.000000 0.000000 1.000000 0.000000
0.999834 0.018218 0.000000 37.311628 -0.018218 0.999834 0.000000 -0.830195 0.000000 0.000000 1.000000 0.000000
0.999835 0.018171 0.000000 37.930330 -0.018171 0.999835 0.000000 -0.866181 0.000000 0.000000 1.000000 0.000000
0.999851 0.017288 0.000000 38.583771 -0.017288 0.999851 0.000000 -0.891519 0.000000 0.000000 1.000000 0.000000
0.999859 0.016775 0.000000 39.255346 -0.016775 0.999859 0.000000 -0.927666 0.000000 0.000000 1.000000 0.000000
0.999859 0.016764 0.000000 39.927426 -0.016764 0.999859 0.000000 -0.957413 0.000000 0.000000 1.000000 0.000000
0.999904 0.013852 0.000000 40.579490 -0.013852 0.999904 0.000000 -0.990192 0.000000 0.000000 1.000000 0.000000
0.999914 0.013108 0.000000 41.225644 -0.013108 0.999914 0.000000 -1.016996 0.000000 0.000000 1.000000 0.000000
0.999903 0.013964 0.000000 41.839271 -0.013964 0.999903 0.000000 -1.037289 0.000000 0.000000 1.000000 0.000000
0.999871 0.016037 0.000000 42.491664 -0.016037 0.999871 0.000000 -1.058078 0.000000 0.000000 1.000000 0.000000
0.999834 0.018212 0.000000 43.144989 -0.018212 0.999834 0.000000 -1.083394 0.000000 0.000000 1.000000 0.000000
0.999809 0.019553 0.000000 43.808618 -0.019553 0.999809 0.000000 -1.108081 0.000000 0.000000 1.000000 0.000000
0.999844 0.017668 0.000000 44.465361 -0.017668 0.999844 0.000000 -1.132992 0.000000 0.000000 1.000000 0.000000
0.999873 0.015912 0.000000 45.125576 -0.015912 0.999873 0.000000 -1.152752 0.000000 0.000000 1.000000 0.000000
0.999859 0.016775 0.000000 46.150437 -0.016775 0.999859 0.000000 -1.197101 0.000000 0.000000 1.000000 0.000000
0.999875 0.015783 0.000000 46.835574 -0.015783 0.999875 0.000000 -1.220478 0.000000 0.000000 1.000000 0.000000
0.999883 0.015297 0.000000 47.470485 -0.015297 0.999883 0.000000 -1.242569 0.000000 0.000000 1.000000 0.000000
0.999879 0.015547 0.000000 48.126193 -0.015547 0.999879 0.000000 -1.266466 0.000000 0.000000 1.000000 0.000000
0.999869 0.016186 0.000000 48.778348 -0.016186 0.999869 0.000000 -1.291216 0.000000 0.000000 1.000000 0.000000
0.999880 0.015480 0.000000 49.429538 -0.015480 0.999880 0.000000 -1.315190 0.000000 0.000000 1.000000 0.000000
0.999895 0.014497 0.000000 50.075603 -0.014497 0.999895 0.000000 -1.338291 0.000000 0.000000 1.000000 0.000000
0.999900 0.014127 0.000000 50.724750 -0.014127 0.999900 0.000000 -1.361702 0.000000 0.000000 1.000000 0.000000
0.999927 0.012075 0.000000 52.059523 -0.012075 0.999927 0.000000 -1.407838 0.000000 0.000000 1.000000 0.000000
0.999954 0.009595 0.000000 52.710258 -0.009595 0.999954 0.000000 -1.428968 0.000000 0.000000 1.000000 0.000000
0.999974 0.007237 0.000000 53.340294 -0.007237 0.999974 0.000000 -1.445954 0.000000 0.000000 1.000000 0.000000
0.999972 0.007516 0.000000 53.970390 -0.007516 0.999972 0.000000 -1.466977 0.000000 0.000000 1.000000 0.000000
0.999964 0.008539 0.000000 54.600987 -0.008539 0.999964 0.000000 -1.490235 0.000000 0.000000 1.000000 0.000000
0.999961 0.008805 0.000000 55.278997 -0.008805 0.999961 0.000000 -1.517515 0.000000 0.000000 1.000000 0.000000
0.999962 0.008763 0.000000 55.889362 -0.008763 0.999962 0.000000 -1.531632 0.000000 0.000000 1.000000 0.000000
0.999950 0.009992 0.000000 56.490979 -0.009992 0.999950 0.000000 -1.545572 0.000000 0.000000 1.000000 0.000000
0.999938 0.011165 0.000000 57.120834 -0.011165 0.999938 0.000000 -1.565696 0.000000 0.000000 1.000000 0.000000
0.999928 0.012022 0.000000 57.708734 -0.012022 0.999928 0.000000 -1.589604 0.000000 0.000000 1.000000 0.000000
0.999918 0.012813 0.000000 58.326711 -0.012813 0.999918 0.000000 -1.617286 0.000000 0.000000 1.000000 0.000000
0.999918 0.012801 0.000000 58.954342 -0.012801 0.999918 0.000000 -1.646001 0.000000 0.000000 1.000000 0.000000
0.999919 0.012750 0.000000 59.536010 -0.012750 0.999919 0.000000 -1.671822 0.000000 0.000000 1.000000 0.000000
0.999926 0.012156 0.000000 60.156037 -0.012156 0.999926 0.000000 -1.701819 0.000000 0.000000 1.000000 0.000000
0.999930 0.011792 0.000000 60.785293 -0.011792 0.999930 0.000000 -1.732236 0.000000 0.000000 1.000000 0.000000
0.999930 0.011860 0.000000 61.354031 -0.011860 0.999930 0.000000 -1.761429 0.000000 0.000000 1.000000 0.000000
0.999930 0.011829 0.000000 61.975588 -0.011829 0.999930 0.000000 -1.790360 0.000000 0.000000 1.000000 0.000000
0.999905 0.013749 0.000000 62.561590 -0.013749 0.999905 0.000000 -1.809422 0.000000 0.000000 1.000000 0.000000
0.999861 0.016650 0.000000 62.945398 -0.016650 0.999861 0.000000 -1.829697 0.000000 0.000000 1.000000 0.000000
0.999852 0.017207 0.000000 63.552510 -0.017207 0.999852 0.000000 -1.857813 0.000000 0.000000 1.000000 0.000000
0.999833 0.018271 0.000000 64.385416 -0.018271 0.999833 0.000000 -1.900287 0.000000 0.000000 1.000000 0.000000
0.999807 0.019663 0.000000 64.979427 -0.019663 0.999807 0.000000 -1.932083 0.000000 0.000000 1.000000 0.000000
0.999828 0.018540 0.000000 65.570138 -0.018540 0.999828 0.000000 -1.966213 0.000000 0.000000 1.000000 0.000000
0.999859 0.016798 0.000000 66.162941 -0.016798 0.999859 0.000000 -1.987958 0.000000 0.000000 1.000000 0.000000
0.999882 0.015331 0.000000 66.747673 -0.015331 0.999882 0.000000 -2.012712 0.000000 0.000000 1.000000 0.000000
0.999917 0.012921 0.000000 67.344657 -0.012921 0.999917 0.000000 -2.035644 0.000000 0.000000 1.000000 0.000000
0.999922 0.012476 0.000000 67.979664 -0.012476 0.999922 0.000000 -2.059331 0.000000 0.000000 1.000000 0.000000
0.999928 0.011986 0.000000 68.570238 -0.011986 0.999928 0.000000 -2.082944 0.000000 0.000000 1.000000 0.000000
0.999923 0.012385 0.000000 69.165591 -0.012385 0.999923 0.000000 -2.105181 0.000000 0.000000 1.000000 0.000000
0.999914 0.013111 0.000000 70.335229 -0.013111 0.999914 0.000000 -2.160769 0.000000 0.000000 1.000000 0.000000
0.999913 0.013193 0.000000 70.930682 -0.013193 0.999913 0.000000 -2.182811 0.000000 0.000000 1.000000 0.000000
0.999887 0.015042 0.000000 71.509590 -0.015042 0.999887 0.000000 -2.212842 0.000000 0.000000 1.000000 0.000000
0.999873 0.015961 0.000000 72.083366 -0.015961 0.999873 0.000000 -2.247219 0.000000 0.000000 1.000000 0.000000
0.999856 0.016982 0.000000 72.655468 -0.016982 0.999856 0.000000 -2.272645 0.000000 0.000000 1.000000 0.000000
0.999841 0.017841 0.000000 73.222784 -0.017841 0.999841 0.000000 -2.306171 0.000000 0.000000 1.000000 0.000000
0.999856 0.016953 0.000000 73.771942 -0.016953 0.999856 0.000000 -2.344894 0.000000 0.000000 1.000000 0.000000
0.999890 0.014830 0.000000 74.351635 -0.014830 0.999890 0.000000 -2.356704 0.000000 0.000000 1.000000 0.000000
0.999893 0.014647 0.000000 74.931106 -0.014647 0.999893 0.000000 -2.377442 0.000000 0.000000 1.000000 0.000000
0.999883 0.015315 0.000000 75.488388 -0.015315 0.999883 0.000000 -2.409468 0.000000 0.000000 1.000000 0.000000
0.999884 0.015238 0.000000 76.039826 -0.015238 0.999884 0.000000 -2.437883 0.000000 0.000000 1.000000 0.000000
0.999883 0.015307 0.000000 76.582870 -0.015307 0.999883 0.000000 -2.468128 0.000000 0.000000 1.000000 0.000000
0.999868 0.016273 0.000000 77.139228 -0.016273 0.999868 0.000000 -2.495381 0.000000 0.000000 1.000000 0.000000
0.999838 0.017999 0.000000 77.653120 -0.017999 0.999838 0.000000 -2.520191 0.000000 0.000000 1.000000 0.000000
0.999796 0.020182 0.000000 78.195745 -0.020182 0.999796 0.000000 -2.542920 0.000000 0.000000 1.000000 0.000000
0.999734 0.023062 0.000000 78.718221 -0.023062 0.999734 0.000000 -2.564868 0.000000 0.000000 1.000000 0.000000
0.999706 0.024233 0.000000 79.221412 -0.024233 0.999706 0.000000 -2.591722 0.000000 0.000000 1.000000 0.000000
0.999716 0.023839 0.000000 79.755501 -0.023839 0.999716 0.000000 -2.625909 0.000000 0.000000 1.000000 0.000000
0.999718 0.023746 0.000000 80.282599 -0.023746 0.999718 0.000000 -2.656249 0.000000 0.000000 1.000000 0.000000
0.999708 0.024173 0.000000 80.773735 -0.024173 0.999708 0.000000 -2.683525 0.000000 0.000000 1.000000 0.000000
0.999666 0.025825 0.000000 81.299870 -0.025825 0.999666 0.000000 -2.712122 0.000000 0.000000 1.000000 0.000000
0.999647 0.026569 0.000000 81.814406 -0.026569 0.999647 0.000000 -2.744355 0.000000 0.000000 1.000000 0.000000
0.999652 0.026394 0.000000 82.305137 -0.026394 0.999652 0.000000 -2.770177 0.000000 0.000000 1.000000 0.000000
0.999629 0.027222 0.000000 82.827450 -0.027222 0.999629 0.000000 -2.794736 0.000000 0.000000 1.000000 0.000000
0.999580 0.028977 0.000000 83.340761 -0.028977 0.999580 0.000000 -2.822780 0.000000 0.000000 1.000000 0.000000
0.999548 0.030050 0.000000 83.816933 -0.030050 0.999548 0.000000 -2.850767 0.000000 0.000000 1.000000 0.000000
0.999542 0.030257 0.000000 84.326305 -0.030257 0.999542 0.000000 -2.886677 0.000000 0.000000 1.000000 0.000000
0.999513 0.031211 0.000000 84.799755 -0.031211 0.999513 0.000000 -2.922418 0.000000 0.000000 1.000000 0.000000
0.999481 0.032209 0.000000 85.301831 -0.032209 0.999481 0.000000 -2.953636 0.000000 0.000000 1.000000 0.000000
0.999499 0.031665 0.000000 85.956525 -0.031665 0.999499 0.000000 -2.996641 0.000000 0.000000 1.000000 0.000000
0.999509 0.031319 0.000000 86.451277 -0.031319 0.999509 0.000000 -3.027397 0.000000 0.000000 1.000000 0.000000
0.999494 0.031817 0.000000 86.943860 -0.031817 0.999494 0.000000 -3.055202 0.000000 0.000000 1.000000 0.000000
0.999494 0.031804 0.000000 87.431752 -0.031804 0.999494 0.000000 -3.082232 0.000000 0.000000 1.000000 0.000000
0.999533 0.030557 0.000000 87.917782 -0.030557 0.999533 0.000000 -3.114647 0.000000 0.000000 1.000000 0.000000
0.999567 0.029425 0.000000 88.409758 -0.029425 0.999567 0.000000 -3.151523 0.000000 0.000000 1.000000 0.000000
0.999525 0.030808 0.000000 88.877685 -0.030808 0.999525 0.000000 -3.187254 0.000000 0.000000 1.000000 0.000000
0.999354 0.035936 0.000000 89.828066 -0.035936 0.999354 0.000000 -3.253971 0.000000 0.000000 1.000000 0.000000
0.999279 0.037964 0.000000 90.298599 -0.037964 0.999279 0.000000 -3.291501 0.000000 0.000000 1.000000 0.000000
0.999182 0.040432 0.000000 90.773800 -0.040432 0.999182 0.000000 -3.329488 0.000000 0.000000 1.000000 0.000000
0.999088 0.042690 0.000000 91.240797 -0.042690 0.999088 0.000000 -3.367894 0.000000 0.000000 1.000000 0.000000
0.999009 0.044513 0.000000 91.709916 -0.044513 0.999009 0.000000 -3.414333 0.000000 0.000000 1.000000 0.000000
0.998923 0.046403 0.000000 92.161257 -0.046403 0.998923 0.000000 -3.452611 0.000000 0.000000 1.000000 0.000000
0.998826 0.048440 0.000000 92.621763 -0.048440 0.998826 0.000000 -3.492230 0.000000 0.000000 1.000000 0.000000
0.998612 0.052665 0.000000 93.074632 -0.052665 0.998612 0.000000 -3.530638 0.000000 0.000000 1.000000 0.000000
0.998390 0.056718 0.000000 93.543560 -0.056718 0.998390 0.000000 -3.572385 0.000000 0.000000 1.000000 0.000000
0.998254 0.059075 0.000000 93.994981 -0.059075 0.998254 0.000000 -3.612920 0.000000 0.000000 1.000000 0.000000
0.998141 0.060953 0.000000 94.416830 -0.060953 0.998141 0.000000 -3.651857 0.000000 0.000000 1.000000 0.000000
0.998064 0.062198 0.000000 94.857133 -0.062198 0.998064 0.000000 -3.694997 0.000000 0.000000 1.000000 0.000000
0.998041 0.062567 0.000000 95.292834 -0.062567 0.998041 0.000000 -3.743223 0.000000 0.000000 1.000000 0.000000
0.997931 0.064287 0.000000 95.716555 -0.064287 0.997931 0.000000 -3.782488 0.000000 0.000000 1.000000 0.000000
0.997789 0.066457 0.000000 96.148732 -0.066457 0.997789 0.000000 -3.820816 0.000000 0.000000 1.000000 0.000000
0.997509 0.070538 0.000000 96.569234 -0.070538 0.997509 0.000000 -3.855552 0.000000 0.000000 1.000000 0.000000
0.997118 0.075871 0.000000 96.990070 -0.075871 0.997118 0.000000 -3.890173 0.000000 0.000000 1.000000 0.000000
0.996952 0.078023 0.000000 97.395888 -0.078023 0.996952 0.000000 -3.931569 0.000000 0.000000 1.000000 0.000000
0.997043 0.076846 0.000000 97.810685 -0.076846 0.997043 0.000000 -3.976208 0.000000 0.000000 1.000000 0.000000
0.997015 0.077214 0.000000 98.209500 -0.077214 0.997015 0.000000 -4.019995 0.000000 0.000000 1.000000 0.000000
0.996984 0.077608 0.000000 98.606151 -0.077608 0.996984 0.000000 -4.070299 0.000000 0.000000 1.000000 0.000000
0.996786 0.080110 0.000000 99.004378 -0.080110 0.996786 0.000000 -4.118623 0.000000 0.000000 1.000000 0.000000
0.996371 0.085112 0.000000 99.385953 -0.085112 0.996371 0.000000 -4.159079 0.000000 0.000000 1.000000 0.000000
0.996224 0.086825 0.000000 99.797433 -0.086825 0.996224 0.000000 -4.214486 0.000000 0.000000 1.000000 0.000000
0.996145 0.087725 0.000000 100.184832 -0.087725 0.996145 0.000000 -4.252143 0.000000 0.000000 1.000000 0.000000
0.995895 0.090521 0.000000 100.560295 -0.090521 0.995895 0.000000 -4.296906 0.000000 0.000000 1.000000 0.000000
0.995531 0.094431 0.000000 100.966480 -0.094431 0.995531 0.000000 -4.344297 0.000000 0.000000 1.000000 0.000000
0.995166 0.098210 0.000000 101.368566 -0.098210 0.995166 0.000000 -4.397088 0.000000 0.000000 1.000000 0.000000
0.994821 0.101642 0.000000 101.935660 -0.101642 0.994821 0.000000 -4.461860 0.000000 0.000000 1.000000 0.000000
0.994626 0.103529 0.000000 102.348267 -0.103529 0.994626 0.000000 -4.521964 0.000000 0.000000 1.000000 0.000000
0.994434 0.105360 0.000000 102.761670 -0.105360 0.994434 0.000000 -4.581152 0.000000 0.000000 1.000000 0.000000
0.994214 0.107413 0.000000 103.176935 -0.107413 0.994214 0.000000 -4.639488 0.000000 0.000000 1.000000 0.000000
0.994033 0.109078 0.000000 103.597502 -0.109078 0.994033 0.000000 -4.701120 0.000000 0.000000 1.000000 0.000000
0.994002 0.109366 0.000000 104.014780 -0.109366 0.994002 0.000000 -4.753074 0.000000 0.000000 1.000000 0.000000
0.993864 0.110606 0.000000 104.431770 -0.110606 0.993864 0.000000 -4.801041 0.000000 0.000000 1.000000 0.000000
0.993385 0.114828 0.000000 104.850552 -0.114828 0.993385 0.000000 -4.849871 0.000000 0.000000 1.000000 0.000000
0.992724 0.120410 0.000000 105.581329 -0.120410 0.992724 0.000000 -4.978580 0.000000 0.000000 1.000000 0.000000
0.992805 0.119743 0.000000 106.007710 -0.119743 0.992805 0.000000 -5.049252 0.000000 0.000000 1.000000 0.000000
0.992785 0.119908 0.000000 106.444712 -0.119908 0.992785 0.000000 -5.111556 0.000000 0.000000 1.000000 0.000000
0.992803 0.119762 0.000000 106.880105 -0.119762 0.992803 0.000000 -5.172203 0.000000 0.000000 1.000000 0.000000
0.992646 0.121050 0.000000 107.319828 -0.121050 0.992646 0.000000 -5.213184 0.000000 0.000000 1.000000 0.000000
0.992424 0.122857 0.000000 107.760582 -0.122857 0.992424 0.000000 -5.272614 0.000000 0.000000 1.000000 0.000000
0.992471 0.122480 0.000000 108.203982 -0.122480 0.992471 0.000000 -5.333530 0.000000 0.000000 1.000000 0.000000
0.992502 0.122225 0.000000 108.646043 -0.122225 0.992502 0.000000 -5.396505 0.000000 0.000000 1.000000 0.000000
0.992486 0.122359 0.000000 109.085613 -0.122359 0.992486 0.000000 -5.465847 0.000000 0.000000 1.000000 0.000000
0.992211 0.124567 0.000000 109.541917 -0.124567 0.992211 0.000000 -5.531633 0.000000 0.000000 1.000000 0.000000
0.991997 0.126260 0.000000 109.989861 -0.126260 0.991997 0.000000 -5.606413 0.000000 0.000000 1.000000 0.000000
0.992036 0.125951 0.000000 110.818923 -0.125951 0.992036 0.000000 -5.743559 0.000000 0.000000 1.000000 0.000000
0.991896 0.127055 0.000000 111.273451 -0.127055 0.991896 0.000000 -5.809951 0.000000 0.000000 1.000000 0.000000
0.991726 0.128375 0.000000 111.730663 -0.128375 0.991726 0.000000 -5.880216 0.000000 0.000000 1.000000 0.000000
0.991574 0.129542 0.000000 112.186385 -0.129542 0.991574 0.000000 -5.961184 0.000000 0.000000 1.000000 0.000000
0.991357 0.131195 0.000000 112.644032 -0.131195 0.991357 0.000000 -6.041356 0.000000 0.000000 1.000000 0.000000
0.991218 0.132238 0.000000 113.104462 -0.132238 0.991218 0.000000 -6.123786 0.000000 0.000000 1.000000 0.000000
0.990918 0.134470 0.000000 113.520809 -0.134470 0.990918 0.000000 -6.210697 0.000000 0.000000 1.000000 0.000000
0.990319 0.138813 0.000000 113.995347 -0.138813 0.990319 0.000000 -6.286723 0.000000 0.000000 1.000000 0.000000
0.989662 0.143419 0.000000 114.497183 -0.143419 0.989662 0.000000 -6.371916 0.000000 0.000000 1.000000 0.000000
0.989422 0.145063 0.000000 114.936100 -0.145063 0.989422 0.000000 -6.444831 0.000000 0.000000 1.000000 0.000000
0.989259 0.146171 0.000000 115.447993 -0.146171 0.989259 0.000000 -6.534920 0.000000 0.000000 1.000000 0.000000
0.989075 0.147413 0.000000 115.924978 -0.147413 0.989075 0.000000 -6.615341 0.000000 0.000000 1.000000 0.000000
0.989315 0.145795 0.000000 116.395678 -0.145795 0.989315 0.000000 -6.695614 0.000000 0.000000 1.000000 0.000000
0.989401 0.145211 0.000000 116.865539 -0.145211 0.989401 0.000000 -6.777697 0.000000 0.000000 1.000000 0.000000
0.989126 0.147072 0.000000 117.338092 -0.147072 0.989126 0.000000 -6.859836 0.000000 0.000000 1.000000 0.000000
0.988721 0.149769 0.000000 117.800591 -0.149769 0.988721 0.000000 -6.943581 0.000000 0.000000 1.000000 0.000000
0.987838 0.155484 0.000000 118.274998 -0.155484 0.987838 0.000000 -7.028393 0.000000 0.000000 1.000000 0.000000
0.987014 0.160633 0.000000 118.743850 -0.160633 0.987014 0.000000 -7.116355 0.000000 0.000000 1.000000 0.000000
0.986672 0.162720 0.000000 119.207278 -0.162720 0.986672 0.000000 -7.198405 0.000000 0.000000 1.000000 0.000000
0.986276 0.165103 0.000000 119.690695 -0.165103 0.986276 0.000000 -7.289353 0.000000 0.000000 1.000000 0.000000
0.985944 0.167075 0.000000 120.175039 -0.167075 0.985944 0.000000 -7.378219 0.000000 0.000000 1.000000 0.000000
0.985752 0.168207 0.000000 120.975914 -0.168207 0.985752 0.000000 -7.536483 0.000000 0.000000 1.000000 0.000000
0.986259 0.165205 0.000000 121.467810 -0.165205 0.986259 0.000000 -7.636407 0.000000 0.000000 1.000000 0.000000
0.987930 0.154903 0.000000 122.451816 -0.154903 0.987930 0.000000 -7.839468 0.000000 0.000000 1.000000 0.000000
0.988622 0.150424 0.000000 122.948196 -0.150424 0.988622 0.000000 -7.938949 0.000000 0.000000 1.000000 0.000000
0.989036 0.147674 0.000000 123.445774 -0.147674 0.989036 0.000000 -8.037279 0.000000 0.000000 1.000000 0.000000
0.989353 0.145534 0.000000 123.945584 -0.145534 0.989353 0.000000 -8.125802 0.000000 0.000000 1.000000 0.000000
0.989359 0.145495 0.000000 124.461515 -0.145495 0.989359 0.000000 -8.211422 0.000000 0.000000 1.000000 0.000000
0.989601 0.143839 0.000000 124.963843 -0.143839 0.989601 0.000000 -8.288138 0.000000 0.000000 1.000000 0.000000
0.989915 0.141660 0.000000 125.517836 -0.141660 0.989915 0.000000 -8.382168 0.000000 0.000000 1.000000 0.000000
0.989619 0.143715 0.000000 126.008074 -0.143715 0.989619 0.000000 -8.460499 0.000000 0.000000 1.000000 0.000000
0.989451 0.144870 0.000000 126.517066 -0.144870 0.989451 0.000000 -8.544030 0.000000 0.000000 1.000000 0.000000
0.989416 0.145108 0.000000 127.035861 -0.145108 0.989416 0.000000 -8.625827 0.000000 0.000000 1.000000 0.000000
0.989444 0.144916 0.000000 127.518888 -0.144916 0.989444 0.000000 -8.706943 0.000000 0.000000 1.000000 0.000000
0.989503 0.144511 0.000000 128.031405 -0.144511 0.989503 0.000000 -8.797394 0.000000 0.000000 1.000000 0.000000
0.989391 0.145277 0.000000 128.549887 -0.145277 0.989391 0.000000 -8.879657 0.000000 0.000000 1.000000 0.000000
0.989542 0.144242 0.000000 129.036883 -0.144242 0.989542 0.000000 -8.959205 0.000000 0.000000 1.000000 0.000000
0.989679 0.143300 0.000000 129.561952 -0.143300 0.989679 0.000000 -9.031836 0.000000 0.000000 1.000000 0.000000
0.989291 0.145955 0.000000 130.096201 -0.145955 0.989291 0.000000 -9.120744 0.000000 0.000000 1.000000 0.000000
0.988873 0.148764 0.000000 130.718674 -0.148764 0.988873 0.000000 -9.219967 0.000000 0.000000 1.000000 0.000000
0.988204 0.153141 0.000000 131.287329 -0.153141 0.988204 0.000000 -9.311983 0.000000 0.000000 1.000000 0.000000
0.987343 0.158601 0.000000 131.800473 -0.158601 0.987343 0.000000 -9.403144 0.000000 0.000000 1.000000 0.000000
0.986846 0.161662 0.000000 132.334548 -0.161662 0.986846 0.000000 -9.505275 0.000000 0.000000 1.000000 0.000000
0.986162 0.165782 0.000000 132.873303 -0.165782 0.986162 0.000000 -9.603295 0.000000 0.000000 1.000000 0.000000
0.985896 0.167362 0.000000 133.404256 -0.167362 0.985896 0.000000 -9.709233 0.000000 0.000000 1.000000 0.000000
0.985208 0.171360 0.000000 137.258502 -0.171360 0.985208 0.000000 -10.466983 0.000000 0.000000 1.000000 0.000000
0.985745 0.168248 0.000000 137.748233 -0.168248 0.985745 0.000000 -10.585984 0.000000 0.000000 1.000000 0.000000
0.987379 0.158372 0.000000 138.903055 -0.158372 0.987379 0.000000 -10.812907 0.000000 0.000000 1.000000 0.000000
0.986750 0.162247 0.000000 140.018375 -0.162247 0.986750 0.000000 -11.041804 0.000000 0.000000 1.000000 0.000000
0.986591 0.163213 0.000000 140.571980 -0.163213 0.986591 0.000000 -11.155970 0.000000 0.000000 1.000000 0.000000
0.986514 0.163676 0.000000 141.133624 -0.163676 0.986514 0.000000 -11.274338 0.000000 0.000000 1.000000 0.000000
0.986602 0.163148 0.000000 141.724372 -0.163148 0.986602 0.000000 -11.323678 0.000000 0.000000 1.000000 0.000000
0.986907 0.161292 0.000000 142.292228 -0.161292 0.986907 0.000000 -11.449438 0.000000 0.000000 1.000000 0.000000
0.986896 0.161359 0.000000 142.855035 -0.161359 0.986896 0.000000 -11.563678 0.000000 0.000000 1.000000 0.000000
0.986458 0.164014 0.000000 143.422156 -0.164014 0.986458 0.000000 -11.675217 0.000000 0.000000 1.000000 0.000000
0.986456 0.164024 0.000000 144.005791 -0.164024 0.986456 0.000000 -11.802861 0.000000 0.000000 1.000000 0.000000
0.986526 0.163605 0.000000 144.432444 -0.163605 0.986526 0.000000 -11.913798 0.000000 0.000000 1.000000 0.000000
0.985772 0.168087 0.000000 145.335327 -0.168087 0.985772 0.000000 -12.090124 0.000000 0.000000 1.000000 0.000000
0.985335 0.170629 0.000000 145.916240 -0.170629 0.985335 0.000000 -12.221855 0.000000 0.000000 1.000000 0.000000
0.985020 0.172439 0.000000 146.480698 -0.172439 0.985020 0.000000 -12.346578 0.000000 0.000000 1.000000 0.000000
0.984174 0.177204 0.000000 147.057807 -0.177204 0.984174 0.000000 -12.462597 0.000000 0.000000 1.000000 0.000000
0.983274 0.182135 0.000000 147.677951 -0.182135 0.983274 0.000000 -12.591358 0.000000 0.000000 1.000000 0.000000
0.982802 0.184664 0.000000 148.210028 -0.184664 0.982802 0.000000 -12.709801 0.000000 0.000000 1.000000 0.000000
0.982504 0.186239 0.000000 148.823024 -0.186239 0.982504 0.000000 -12.852285 0.000000 0.000000 1.000000 0.000000
0.982319 0.187217 0.000000 149.392896 -0.187217 0.982319 0.000000 -12.985399 0.000000 0.000000 1.000000 0.000000
0.982025 0.188753 0.000000 149.972938 -0.188753 0.982025 0.000000 -13.105633 0.000000 0.000000 1.000000 0.000000
0.981556 0.191173 0.000000 150.548368 -0.191173 0.981556 0.000000 -13.220673 0.000000 0.000000 1.000000 0.000000
0.981498 0.191472 0.000000 151.123835 -0.191472 0.981498 0.000000 -13.355942 0.000000 0.000000 1.000000 0.000000
0.981593 0.190983 0.000000 151.684709 -0.190983 0.981593 0.000000 -13.485599 0.000000 0.000000 1.000000 0.000000
0.982683 0.185292 0.000000 152.230132 -0.185292 0.982683 0.000000 -13.621195 0.000000 0.000000 1.000000 0.000000
0.980283 0.197599 0.000000 152.823363 -0.197599 0.980283 0.000000 -13.613715 0.000000 0.000000 1.000000 0.000000
0.980074 0.198632 0.000000 153.397781 -0.198632 0.980074 0.000000 -13.742031 0.000000 0.000000 1.000000 0.000000
0.979509 0.201400 0.000000 153.968291 -0.201400 0.979509 0.000000 -13.873240 0.000000 0.000000 1.000000 0.000000
0.978764 0.204991 0.000000 155.096906 -0.204991 0.978764 0.000000 -14.130734 0.000000 0.000000 1.000000 0.000000
0.978758 0.205017 0.000000 155.657835 -0.205017 0.978758 0.000000 -14.268270 0.000000 0.000000 1.000000 0.000000
0.978373 0.206850 0.000000 156.179667 -0.206850 0.978373 0.000000 -14.382937 0.000000 0.000000 1.000000 0.000000
0.977447 0.211182 0.000000 156.770950 -0.211182 0.977447 0.000000 -14.515468 0.000000 0.000000 1.000000 0.000000
0.977238 0.212145 0.000000 157.335206 -0.212145 0.977238 0.000000 -14.649450 0.000000 0.000000 1.000000 0.000000
0.977353 0.211614 0.000000 158.434569 -0.211614 0.977353 0.000000 -14.915762 0.000000 0.000000 1.000000 0.000000
0.977405 0.211375 0.000000 158.991240 -0.211375 0.977405 0.000000 -15.052154 0.000000 0.000000 1.000000 0.000000
0.977143 0.212585 0.000000 159.523757 -0.212585 0.977143 0.000000 -15.186183 0.000000 0.000000 1.000000 0.000000
0.976965 0.213399 0.000000 160.154197 -0.213399 0.976965 0.000000 -15.297398 0.000000 0.000000 1.000000 0.000000
0.976721 0.214516 0.000000 160.726378 -0.214516 0.976721 0.000000 -15.420137 0.000000 0.000000 1.000000 0.000000
0.975989 0.217821 0.000000 161.259660 -0.217821 0.975989 0.000000 -15.544163 0.000000 0.000000 1.000000 0.000000
0.974936 0.222487 0.000000 162.028968 -0.222487 0.974936 0.000000 -15.712977 0.000000 0.000000 1.000000 0.000000
0.974286 0.225316 0.000000 162.605104 -0.225316 0.974286 0.000000 -15.843473 0.000000 0.000000 1.000000 0.000000
0.973304 0.229521 0.000000 163.172608 -0.229521 0.973304 0.000000 -15.969118 0.000000 0.000000 1.000000 0.000000
0.972569 0.232613 0.000000 163.792464 -0.232613 0.972569 0.000000 -16.121986 0.000000 0.000000 1.000000 0.000000
0.972757 0.231827 0.000000 164.335251 -0.231827 0.972757 0.000000 -16.252472 0.000000 0.000000 1.000000 0.000000
0.972441 0.233148 0.000000 164.951686 -0.233148 0.972441 0.000000 -16.403588 0.000000 0.000000 1.000000 0.000000
0.972047 0.234786 0.000000 165.530587 -0.234786 0.972047 0.000000 -16.551237 0.000000 0.000000 1.000000 0.000000
0.971580 0.236712 0.000000 166.113426 -0.236712 0.971580 0.000000 -16.683992 0.000000 0.000000 1.000000 0.000000
0.971151 0.238464 0.000000 166.708600 -0.238464 0.971151 0.000000 -16.841056 0.000000 0.000000 1.000000 0.000000
0.971835 0.235663 0.000000 167.272248 -0.235663 0.971835 0.000000 -16.991238 0.000000 0.000000 1.000000 0.000000
0.971856 0.235575 0.000000 167.840358 -0.235575 0.971856 0.000000 -17.144549 0.000000 0.000000 1.000000 0.000000
0.972203 0.234140 0.000000 168.408649 -0.234140 0.972203 0.000000 -17.306005 0.000000 0.000000 1.000000 0.000000
0.973355 0.229302 0.000000 168.980514 -0.229302 0.973355 0.000000 -17.477380 0.000000 0.000000 1.000000 0.000000
0.974395 0.224844 0.000000 169.548347 -0.224844 0.974395 0.000000 -17.634860 0.000000 0.000000 1.000000 0.000000
0.974578 0.224047 0.000000 170.118633 -0.224047 0.974578 0.000000 -17.779545 0.000000 0.000000 1.000000 0.000000
0.974785 0.223145 0.000000 170.688742 -0.223145 0.974785 0.000000 -17.939942 0.000000 0.000000 1.000000 0.000000
0.974675 0.223626 0.000000 171.255899 -0.223626 0.974675 0.000000 -18.076259 0.000000 0.000000 1.000000 0.000000
0.974364 0.224978 0.000000 171.793898 -0.224978 0.974364 0.000000 -18.211350 0.000000 0.000000 1.000000 0.000000
0.974316 0.225184 0.000000 172.403931 -0.225184 0.974316 0.000000 -18.364410 0.000000 0.000000 1.000000 0.000000
0.974313 0.225199 0.000000 172.944213 -0.225199 0.974313 0.000000 -18.497480 0.000000 0.000000 1.000000 0.000000
0.974010 0.226506 0.000000 173.523732 -0.226506 0.974010 0.000000 -18.642602 0.000000 0.000000 1.000000 0.000000
0.973360 0.229282 0.000000 174.099301 -0.229282 0.973360 0.000000 -18.785813 0.000000 0.000000 1.000000 0.000000
0.971910 0.235353 0.000000 174.684768 -0.235353 0.971910 0.000000 -18.934112 0.000000 0.000000 1.000000 0.000000
0.970776 0.239987 0.000000 175.261511 -0.239987 0.970776 0.000000 -19.088978 0.000000 0.000000 1.000000 0.000000
0.970468 0.241230 0.000000 175.828633 -0.241230 0.970468 0.000000 -19.244021 0.000000 0.000000 1.000000 0.000000
0.970289 0.241949 0.000000 176.400786 -0.241949 0.970289 0.000000 -19.399066 0.000000 0.000000 1.000000 0.000000
0.970038 0.242952 0.000000 176.977979 -0.242952 0.970038 0.000000 -19.557751 0.000000 0.000000 1.000000 0.000000
0.969620 0.244617 0.000000 177.563789 -0.244617 0.969620 0.000000 -19.704802 0.000000 0.000000 1.000000 0.000000
0.969470 0.245209 0.000000 178.143424 -0.245209 0.969470 0.000000 -19.841296 0.000000 0.000000 1.000000 0.000000
0.969641 0.244531 0.000000 178.711396 -0.244531 0.969641 0.000000 -20.000873 0.000000 0.000000 1.000000 0.000000
0.969299 0.245884 0.000000 179.293308 -0.245884 0.969299 0.000000 -20.154510 0.000000 0.000000 1.000000 0.000000
0.968711 0.248192 0.000000 179.876132 -0.248192 0.968711 0.000000 -20.307118 0.000000 0.000000 1.000000 0.000000
0.968542 0.248850 0.000000 180.425798 -0.248850 0.968542 0.000000 -20.451488 0.000000 0.000000 1.000000 0.000000
0.967932 0.251212 0.000000 180.995206 -0.251212 0.967932 0.000000 -20.598778 0.000000 0.000000 1.000000 0.000000
0.967243 0.253851 0.000000 181.572668 -0.253851 0.967243 0.000000 -20.762428 0.000000 0.000000 1.000000 0.000000
0.967461 0.253019 0.000000 182.119816 -0.253019 0.967461 0.000000 -20.920155 0.000000 0.000000 1.000000 0.000000
0.968310 0.249753 0.000000 182.688978 -0.249753 0.968310 0.000000 -20.972958 0.000000 0.000000 1.000000 0.000000
0.968325 0.249693 0.000000 183.266664 -0.249693 0.968325 0.000000 -21.133738 0.000000 0.000000 1.000000 0.000000
0.968604 0.248607 0.000000 183.795715 -0.248607 0.968604 0.000000 -21.290772 0.000000 0.000000 1.000000 0.000000
0.968001 0.250945 0.000000 184.351302 -0.250945 0.968001 0.000000 -21.445977 0.000000 0.000000 1.000000 0.000000
0.967437 0.253113 0.000000 184.923442 -0.253113 0.967437 0.000000 -21.603122 0.000000 0.000000 1.000000 0.000000
0.967117 0.254332 0.000000 185.459737 -0.254332 0.967117 0.000000 -21.750681 0.000000 0.000000 1.000000 0.000000
0.966595 0.256310 0.000000 186.030046 -0.256310 0.966595 0.000000 -21.910965 0.000000 0.000000 1.000000 0.000000
0.966023 0.258456 0.000000 186.592176 -0.258456 0.966023 0.000000 -22.078501 0.000000 0.000000 1.000000 0.000000
0.965036 0.262119 0.000000 187.408204 -0.262119 0.965036 0.000000 -22.320963 0.000000 0.000000 1.000000 0.000000
0.964183 0.265239 0.000000 187.967064 -0.265239 0.964183 0.000000 -22.480415 0.000000 0.000000 1.000000 0.000000
0.963925 0.266172 0.000000 188.533723 -0.266172 0.963925 0.000000 -22.644255 0.000000 0.000000 1.000000 0.000000
0.963809 0.266594 0.000000 189.093675 -0.266594 0.963809 0.000000 -22.807894 0.000000 0.000000 1.000000 0.000000
0.963891 0.266298 0.000000 189.656365 -0.266298 0.963891 0.000000 -22.970284 0.000000 0.000000 1.000000 0.000000
0.964527 0.263984 0.000000 190.227232 -0.263984 0.964527 0.000000 -23.143126 0.000000 0.000000 1.000000 0.000000
0.965241 0.261361 0.000000 190.837376 -0.261361 0.965241 0.000000 -23.267949 0.000000 0.000000 1.000000 0.000000
0.965239 0.261370 0.000000 191.420062 -0.261370 0.965239 0.000000 -23.441602 0.000000 0.000000 1.000000 0.000000
0.965333 0.261022 0.000000 191.879786 -0.261022 0.965333 0.000000 -23.514880 0.000000 0.000000 1.000000 0.000000
0.965020 0.262175 0.000000 192.850784 -0.262175 0.965020 0.000000 -23.798036 0.000000 0.000000 1.000000 0.000000
0.964809 0.262953 0.000000 193.411007 -0.262953 0.964809 0.000000 -23.962097 0.000000 0.000000 1.000000 0.000000
0.964340 0.264667 0.000000 194.114947 -0.264667 0.964340 0.000000 -24.175862 0.000000 0.000000 1.000000 0.000000
0.963791 0.266657 0.000000 194.824026 -0.266657 0.963791 0.000000 -24.390488 0.000000 0.000000 1.000000 0.000000
0.963463 0.267843 0.000000 195.776844 -0.267843 0.963463 0.000000 -24.674024 0.000000 0.000000 1.000000 0.000000
0.963585 0.267401 0.000000 196.328096 -0.267401 0.963585 0.000000 -24.846343 0.000000 0.000000 1.000000 0.000000
0.963577 0.267430 0.000000 196.883594 -0.267430 0.963577 0.000000 -25.012630 0.000000 0.000000 1.000000 0.000000
0.963293 0.268453 0.000000 197.432401 -0.268453 0.963293 0.000000 -25.175634 0.000000 0.000000 1.000000 0.000000
0.963721 0.266910 0.000000 197.949121 -0.266910 0.963721 0.000000 -25.325512 0.000000 0.000000 1.000000 0.000000
0.963855 0.266428 0.000000 198.501635 -0.266428 0.963855 0.000000 -25.492781 0.000000 0.000000 1.000000 0.000000
0.963546 0.267542 0.000000 199.052563 -0.267542 0.963546 0.000000 -25.665527 0.000000 0.000000 1.000000 0.000000
0.963848 0.266454 0.000000 199.833992 -0.266454 0.963848 0.000000 -25.912692 0.000000 0.000000 1.000000 0.000000
0.964143 0.265383 0.000000 200.392033 -0.265383 0.964143 0.000000 -26.078126 0.000000 0.000000 1.000000 0.000000
0.964187 0.265223 0.000000 200.943615 -0.265223 0.964187 0.000000 -26.242324 0.000000 0.000000 1.000000 0.000000
0.964845 0.262820 0.000000 201.495656 -0.262820 0.964845 0.000000 -26.412366 0.000000 0.000000 1.000000 0.000000
0.965442 0.260617 0.000000 202.083327 -0.260617 0.965442 0.000000 -26.580170 0.000000 0.000000 1.000000 0.000000
0.965493 0.260427 0.000000 202.600721 -0.260427 0.965493 0.000000 -26.731252 0.000000 0.000000 1.000000 0.000000
0.965858 0.259071 0.000000 203.203594 -0.259071 0.965858 0.000000 -26.915428 0.000000 0.000000 1.000000 0.000000
0.967388 0.253299 0.000000 202.845620 -0.253299 0.967388 0.000000 -26.673636 0.000000 0.000000 1.000000 0.000000
0.967677 0.252191 0.000000 203.436754 -0.252191 0.967677 0.000000 -26.848803 0.000000 0.000000 1.000000 0.000000
0.967738 0.251960 0.000000 203.988839 -0.251960 0.967738 0.000000 -26.996610 0.000000 0.000000 1.000000 0.000000
0.967913 0.251284 0.000000 204.539690 -0.251284 0.967913 0.000000 -27.153126 0.000000 0.000000 1.000000 0.000000
0.968035 0.250817 0.000000 205.094606 -0.250817 0.968035 0.000000 -27.301498 0.000000 0.000000 1.000000 0.000000
0.968008 0.250918 0.000000 205.641585 -0.250918 0.968008 0.000000 -27.453973 0.000000 0.000000 1.000000 0.000000
0.968329 0.249679 0.000000 206.195729 -0.249679 0.968329 0.000000 -27.607747 0.000000 0.000000 1.000000 0.000000
0.968895 0.247472 0.000000 206.745744 -0.247472 0.968895 0.000000 -27.767617 0.000000 0.000000 1.000000 0.000000
0.968273 0.249894 0.000000 207.287685 -0.249894 0.968273 0.000000 -27.908317 0.000000 0.000000 1.000000 0.000000
0.967837 0.251577 0.000000 207.832846 -0.251577 0.967837 0.000000 -28.070729 0.000000 0.000000 1.000000 0.000000
0.968515 0.248956 0.000000 208.376505 -0.248956 0.968515 0.000000 -28.224586 0.000000 0.000000 1.000000 0.000000
