0.999982 0.005929 0.000000 1.162227 -0.005929 0.999982 0.000000 -0.024046 0.000000 0.000000 1.000000 0.000000
0.999968 0.007958 0.000000 1.709342 -0.007958 0.999968 0.000000 -0.041473 0.000000 0.000000 1.000000 0.000000
0.999931 0.011711 0.000000 2.880562 -0.011711 0.999931 0.000000 -0.085834 0.000000 0.000000 1.000000 0.000000
0.999908 0.013598 0.000000 3.460489 -0.013598 0.999908 0.000000 -0.083288 0.000000 0.000000 1.000000 0.000000
0.999874 0.015899 0.000000 4.008460 -0.015899 0.999874 0.000000 -0.095801 0.000000 0.000000 1.000000 0.000000
0.999857 0.016913 0.000000 4.585586 -0.016913 0.999857 0.000000 -0.112115 0.000000 0.000000 1.000000 0.000000
0.999818 0.019063 0.000000 5.383988 -0.019063 0.999818 0.000000 -0.128124 0.000000 0.000000 1.000000 0.000000
0.999788 0.020573 0.000000 5.955309 -0.020573 0.999788 0.000000 -0.134161 0.000000 0.000000 1.000000 0.000000
0.999756 0.022097 0.000000 6.523120 -0.022097 0.999756 0.000000 -0.138407 0.000000 0.000000 1.000000 0.000000
0.999644 0.026679 0.000000 7.132816 -0.026679 0.999644 0.000000 -0.151246 0.000000 0.000000 1.000000 0.000000
0.999481 0.032205 0.000000 7.672868 -0.032205 0.999481 0.000000 -0.167018 0.000000 0.000000 1.000000 0.000000
0.999266 0.038298 0.000000 8.252076 -0.038298 0.999266 0.000000 -0.187292 0.000000 0.000000 1.000000 0.000000
0.998976 0.045233 0.000000 8.789834 -0.045233 0.998976 0.000000 -0.235802 0.000000 0.000000 1.000000 0.000000
0.998642 0.052097 0.000000 9.506032 -0.052097 0.998642 0.000000 -0.284464 0.000000 0.000000 1.000000 0.000000
0.998421 0.056181 0.000000 10.065116 -0.056181 0.998421 0.000000 -0.331616 0.000000 0.000000 1.000000 0.000000
0.998165 0.060548 0.000000 10.645400 -0.060548 0.998165 0.000000 -0.371780 0.000000 0.000000 1.000000 0.000000
0.997800 0.066301 0.000000 11.208795 -0.066301 0.997800 0.000000 -0.401955 0.000000 0.000000 1.000000 0.000000
0.997004 0.077354 0.000000 12.369220 -0.077354 0.997004 0.000000 -0.476014 0.000000 0.000000 1.000000 0.000000
0.996584 0.082581 0.000000 12.898091 -0.082581 0.996584 0.000000 -0.498827 0.000000 0.000000 1.000000 0.000000
0.995911 0.090336 0.000000 13.459813 -0.090336 0.995911 0.000000 -0.544630 0.000000 0.000000 1.000000 0.000000
0.995238 0.097472 0.000000 13.996044 -0.097472 0.995238 0.000000 -0.584223 0.000000 0.000000 1.000000 0.000000
0.994549 0.104273 0.000000 14.555185 -0.104273 0.994549 0.000000 -0.632676 0.000000 0.000000 1.000000 0.000000
0.993959 0.109752 0.000000 15.090040 -0.109752 0.993959 0.000000 -0.694315 0.000000 0.000000 1.000000 0.000000
0.993336 0.115251 0.000000 15.650439 -0.115251 0.993336 0.000000 -0.764146 0.000000 0.000000 1.000000 0.000000
0.992622 0.121249 0.000000 16.161687 -0.121249 0.992622 0.000000 -0.826144 0.000000 0.000000 1.000000 0.000000
0.991170 0.132598 0.000000 16.900612 -0.132598 0.991170 0.000000 -0.914844 0.000000 0.000000 1.000000 0.000000
0.989981 0.141201 0.000000 17.484576 -0.141201 0.989981 0.000000 -0.991643 0.000000 0.000000 1.000000 0.000000
0.989185 0.146674 0.000000 18.040180 -0.146674 0.989185 0.000000 -1.071013 0.000000 0.000000 1.000000 0.000000
0.988486 0.151313 0.000000 18.596675 -0.151313 0.988486 0.000000 -1.155972 0.000000 0.000000 1.000000 0.000000
0.987622 0.156855 0.000000 19.180936 -0.156855 0.987622 0.000000 -1.244245 0.000000 0.000000 1.000000 0.000000
0.986628 0.162987 0.000000 19.716796 -0.162987 0.986628 0.000000 -1.324591 0.000000 0.000000 1.000000 0.000000
0.985574 0.169245 0.000000 20.244687 -0.169245 0.985574 0.000000 -1.408775 0.000000 0.000000 1.000000 0.000000
0.984135 0.177421 0.000000 20.901418 -0.177421 0.984135 0.000000 -1.511625 0.000000 0.000000 1.000000 0.000000
0.982418 0.186696 0.000000 21.421739 -0.186696 0.982418 0.000000 -1.607992 0.000000 0.000000 1.000000 0.000000
0.980850 0.194764 0.000000 21.984241 -0.194764 0.980850 0.000000 -1.733149 0.000000 0.000000 1.000000 0.000000
0.979376 0.202044 0.000000 22.709094 -0.202044 0.979376 0.000000 -1.893678 0.000000 0.000000 1.000000 0.000000
0.978116 0.208060 0.000000 23.257451 -0.208060 0.978116 0.000000 -2.004572 0.000000 0.000000 1.000000 0.000000
0.976347 0.216210 0.000000 23.841157 -0.216210 0.976347 0.000000 -2.130750 0.000000 0.000000 1.000000 0.000000
0.974645 0.223758 0.000000 24.380394 -0.223758 0.974645 0.000000 -2.254721 0.000000 0.000000 1.000000 0.000000
0.972425 0.233217 0.000000 25.009770 -0.233217 0.972425 0.000000 -2.394007 0.000000 0.000000 1.000000 0.000000
0.970976 0.239177 0.000000 25.517263 -0.239177 0.970976 0.000000 -2.521014 0.000000 0.000000 1.000000 0.000000
0.969736 0.244154 0.000000 26.052219 -0.244154 0.969736 0.000000 -2.653151 0.000000 0.000000 1.000000 0.000000
0.969237 0.246128 0.000000 26.546456 -0.246128 0.969237 0.000000 -2.759386 0.000000 0.000000 1.000000 0.000000
0.967729 0.251992 0.000000 27.081921 -0.251992 0.967729 0.000000 -2.890285 0.000000 0.000000 1.000000 0.000000
0.965110 0.261846 0.000000 28.091337 -0.261846 0.965110 0.000000 -3.162119 0.000000 0.000000 1.000000 0.000000
0.963692 0.267018 0.000000 28.570674 -0.267018 0.963692 0.000000 -3.286971 0.000000 0.000000 1.000000 0.000000
0.962125 0.272608 0.000000 29.090772 -0.272608 0.962125 0.000000 -3.430441 0.000000 0.000000 1.000000 0.000000
0.960248 0.279148 0.000000 29.763270 -0.279148 0.960248 0.000000 -3.625085 0.000000 0.000000 1.000000 0.000000
0.958821 0.284011 0.000000 30.237426 -0.284011 0.958821 0.000000 -3.763816 0.000000 0.000000 1.000000 0.000000
0.957159 0.289564 0.000000 30.714623 -0.289564 0.957159 0.000000 -3.901082 0.000000 0.000000 1.000000 0.000000
0.955537 0.294871 0.000000 31.221050 -0.294871 0.955537 0.000000 -4.061717 0.000000 0.000000 1.000000 0.000000
0.954282 0.298908 0.000000 31.695878 -0.298908 0.954282 0.000000 -4.201523 0.000000 0.000000 1.000000 0.000000
0.951492 0.307674 0.000000 32.355263 -0.307674 0.951492 0.000000 -4.420529 0.000000 0.000000 1.000000 0.000000
0.949908 0.312529 0.000000 32.893119 -0.312529 0.949908 0.000000 -4.632442 0.000000 0.000000 1.000000 0.000000
0.948909 0.315551 0.000000 33.402311 -0.315551 0.948909 0.000000 -4.824642 0.000000 0.000000 1.000000 0.000000
0.947182 0.320697 0.000000 33.892295 -0.320697 0.947182 0.000000 -4.994775 0.000000 0.000000 1.000000 0.000000
0.944583 0.328273 0.000000 34.492540 -0.328273 0.944583 0.000000 -5.170508 0.000000 0.000000 1.000000 0.000000
0.943858 0.330351 0.000000 34.966457 -0.330351 0.943858 0.000000 -5.333874 0.000000 0.000000 1.000000 0.000000
0.941798 0.336181 0.000000 35.422661 -0.336181 0.941798 0.000000 -5.504718 0.000000 0.000000 1.000000 0.000000
0.940018 0.341126 0.000000 35.920421 -0.341126 0.940018 0.000000 -5.690905 0.000000 0.000000 1.000000 0.000000
0.938088 0.346398 0.000000 36.389519 -0.346398 0.938088 0.000000 -5.854000 0.000000 0.000000 1.000000 0.000000
0.935899 0.352269 0.000000 36.880575 -0.352269 0.935899 0.000000 -6.037262 0.000000 0.000000 1.000000 0.000000
0.933722 0.357998 0.000000 37.348596 -0.357998 0.933722 0.000000 -6.217956 0.000000 0.000000 1.000000 0.000000
0.930995 0.365032 0.000000 37.851428 -0.365032 0.930995 0.000000 -6.409285 0.000000 0.000000 1.000000 0.000000
0.928577 0.371140 0.000000 38.327683 -0.371140 0.928577 0.000000 -6.590727 0.000000 0.000000 1.000000 0.000000
0.926866 0.375392 0.000000 38.824365 -0.375392 0.926866 0.000000 -6.794644 0.000000 0.000000 1.000000 0.000000
0.925308 0.379215 0.000000 39.289487 -0.379215 0.925308 0.000000 -6.977357 0.000000 0.000000 1.000000 0.000000
0.923850 0.382754 0.000000 39.688304 -0.382754 0.923850 0.000000 -7.336034 0.000000 0.000000 1.000000 0.000000
0.919549 0.392976 0.000000 40.391875 -0.392976 0.919549 0.000000 -7.632836 0.000000 0.000000 1.000000 0.000000
0.916345 0.400389 0.000000 40.875735 -0.400389 0.916345 0.000000 -7.841383 0.000000 0.000000 1.000000 0.000000
0.910905 0.412617 0.000000 41.658178 -0.412617 0.910905 0.000000 -8.230524 0.000000 0.000000 1.000000 0.000000
0.908688 0.417476 0.000000 42.134588 -0.417476 0.908688 0.000000 -8.466430 0.000000 0.000000 1.000000 0.000000
0.907625 0.419782 0.000000 42.607432 -0.419782 0.907625 0.000000 -8.690834 0.000000 0.000000 1.000000 0.000000
0.906282 0.422673 0.000000 43.076580 -0.422673 0.906282 0.000000 -8.882547 0.000000 0.000000 1.000000 0.000000
0.903386 0.428827 0.000000 43.503964 -0.428827 0.903386 0.000000 -9.119681 0.000000 0.000000 1.000000 0.000000
0.901615 0.432540 0.000000 43.997884 -0.432540 0.901615 0.000000 -9.349123 0.000000 0.000000 1.000000 0.000000
0.899271 0.437392 0.000000 44.422972 -0.437392 0.899271 0.000000 -9.558300 0.000000 0.000000 1.000000 0.000000
0.896902 0.442230 0.000000 44.889728 -0.442230 0.896902 0.000000 -9.797726 0.000000 0.000000 1.000000 0.000000
0.895459 0.445145 0.000000 45.371658 -0.445145 0.895459 0.000000 -10.054865 0.000000 0.000000 1.000000 0.000000
0.894012 0.448042 0.000000 45.841636 -0.448042 0.894012 0.000000 -10.263449 0.000000 0.000000 1.000000 0.000000
0.891953 0.452129 0.000000 46.274302 -0.452129 0.891953 0.000000 -10.486457 0.000000 0.000000 1.000000 0.000000
0.890290 0.455393 0.000000 46.704320 -0.455393 0.890290 0.000000 -10.717613 0.000000 0.000000 1.000000 0.000000
0.889429 0.457073 0.000000 47.105137 -0.457073 0.889429 0.000000 -10.925585 0.000000 0.000000 1.000000 0.000000
0.888113 0.459626 0.000000 47.537662 -0.459626 0.888113 0.000000 -11.128423 0.000000 0.000000 1.000000 0.000000
0.886335 0.463045 0.000000 47.936718 -0.463045 0.886335 0.000000 -11.325505 0.000000 0.000000 1.000000 0.000000
0.885750 0.464163 0.000000 48.364695 -0.464163 0.885750 0.000000 -11.551193 0.000000 0.000000 1.000000 0.000000
0.885054 0.465489 0.000000 48.768251 -0.465489 0.885054 0.000000 -11.759992 0.000000 0.000000 1.000000 0.000000
0.883597 0.468249 0.000000 49.164949 -0.468249 0.883597 0.000000 -11.967387 0.000000 0.000000 1.000000 0.000000
0.881242 0.472665 0.000000 49.557321 -0.472665 0.881242 0.000000 -12.167698 0.000000 0.000000 1.000000 0.000000
0.876993 0.480504 0.000000 49.987266 -0.480504 0.876993 0.000000 -12.411639 0.000000 0.000000 1.000000 0.000000
0.874254 0.485468 0.000000 50.370616 -0.485468 0.874254 0.000000 -12.625662 0.000000 0.000000 1.000000 0.000000
0.871921 0.489646 0.000000 50.723916 -0.489646 0.871921 0.000000 -12.797960 0.000000 0.000000 1.000000 0.000000
0.868056 0.496466 0.000000 51.098710 -0.496466 0.868056 0.000000 -13.021103 0.000000 0.000000 1.000000 0.000000
0.864279 0.503013 0.000000 51.645744 -0.503013 0.864279 0.000000 -13.358676 0.000000 0.000000 1.000000 0.000000
0.859593 0.510979 0.000000 52.022607 -0.510979 0.859593 0.000000 -13.583338 0.000000 0.000000 1.000000 0.000000
0.855680 0.517505 0.000000 52.384762 -0.517505 0.855680 0.000000 -13.806588 0.000000 0.000000 1.000000 0.000000
0.852938 0.522012 0.000000 52.732973 -0.522012 0.852938 0.000000 -14.027740 0.000000 0.000000 1.000000 0.000000
0.849541 0.527523 0.000000 53.066647 -0.527523 0.849541 0.000000 -14.236479 0.000000 0.000000 1.000000 0.000000
0.846090 0.533040 0.000000 53.393571 -0.533040 0.846090 0.000000 -14.446008 0.000000 0.000000 1.000000 0.000000
0.843322 0.537409 0.000000 53.722496 -0.537409 0.843322 0.000000 -14.659314 0.000000 0.000000 1.000000 0.000000
0.839592 0.543217 0.000000 54.051872 -0.543217 0.839592 0.000000 -14.871153 0.000000 0.000000 1.000000 0.000000
0.837023 0.547167 0.000000 54.374132 -0.547167 0.837023 0.000000 -15.086258 0.000000 0.000000 1.000000 0.000000
0.835140 0.550038 0.000000 54.700268 -0.550038 0.835140 0.000000 -15.297626 0.000000 0.000000 1.000000 0.000000
0.833332 0.552773 0.000000 55.018615 -0.552773 0.833332 0.000000 -15.515312 0.000000 0.000000 1.000000 0.000000
0.831800 0.555075 0.000000 55.628712 -0.555075 0.831800 0.000000 -15.931837 0.000000 0.000000 1.000000 0.000000
0.831028 0.556230 0.000000 55.926442 -0.556230 0.831028 0.000000 -16.120356 0.000000 0.000000 1.000000 0.000000
0.830426 0.557128 0.000000 56.207195 -0.557128 0.830426 0.000000 -16.297542 0.000000 0.000000 1.000000 0.000000
0.831204 0.555967 0.000000 56.473621 -0.555967 0.831204 0.000000 -16.477243 0.000000 0.000000 1.000000 0.000000
0.831133 0.556073 0.000000 56.772554 -0.556073 0.831133 0.000000 -16.669313 0.000000 0.000000 1.000000 0.000000
0.829461 0.558565 0.000000 57.032316 -0.558565 0.829461 0.000000 -16.836710 0.000000 0.000000 1.000000 0.000000
0.826449 0.563011 0.000000 57.339427 -0.563011 0.826449 0.000000 -17.005867 0.000000 0.000000 1.000000 0.000000
0.825729 0.564067 0.000000 57.602344 -0.564067 0.825729 0.000000 -17.176867 0.000000 0.000000 1.000000 0.000000
0.822723 0.568443 0.000000 57.911986 -0.568443 0.822723 0.000000 -17.354766 0.000000 0.000000 1.000000 0.000000
0.821544 0.570145 0.000000 58.158860 -0.570145 0.821544 0.000000 -17.520935 0.000000 0.000000 1.000000 0.000000
0.820096 0.572226 0.000000 58.396894 -0.572226 0.820096 0.000000 -17.682031 0.000000 0.000000 1.000000 0.000000
0.818288 0.574809 0.000000 58.647279 -0.574809 0.818288 0.000000 -17.844968 0.000000 0.000000 1.000000 0.000000
0.815736 0.578425 0.000000 59.001661 -0.578425 0.815736 0.000000 -18.098539 0.000000 0.000000 1.000000 0.000000
0.813634 0.581377 0.000000 59.260665 -0.581377 0.813634 0.000000 -18.269906 0.000000 0.000000 1.000000 0.000000
0.810127 0.586255 0.000000 59.509136 -0.586255 0.810127 0.000000 -18.441692 0.000000 0.000000 1.000000 0.000000
0.807067 0.590461 0.000000 59.741343 -0.590461 0.807067 0.000000 -18.604665 0.000000 0.000000 1.000000 0.000000
0.804179 0.594387 0.000000 59.966718 -0.594387 0.804179 0.000000 -18.771958 0.000000 0.000000 1.000000 0.000000
0.802676 0.596415 0.000000 60.177185 -0.596415 0.802676 0.000000 -18.952793 0.000000 0.000000 1.000000 0.000000
0.802481 0.596677 0.000000 60.385762 -0.596677 0.802481 0.000000 -19.124571 0.000000 0.000000 1.000000 0.000000
0.803322 0.595545 0.000000 60.588020 -0.595545 0.803322 0.000000 -19.295077 0.000000 0.000000 1.000000 0.000000
0.804356 0.594147 0.000000 60.804346 -0.594147 0.804356 0.000000 -19.433185 0.000000 0.000000 1.000000 0.000000
0.802702 0.596380 0.000000 60.994004 -0.596380 0.802702 0.000000 -19.586283 0.000000 0.000000 1.000000 0.000000
0.796834 0.604198 0.000000 61.371319 -0.604198 0.796834 0.000000 -19.866276 0.000000 0.000000 1.000000 0.000000
0.794336 0.607478 0.000000 61.534279 -0.607478 0.794336 0.000000 -19.991043 0.000000 0.000000 1.000000 0.000000
0.793836 0.608132 0.000000 61.673166 -0.608132 0.793836 0.000000 -20.130841 0.000000 0.000000 1.000000 0.000000
0.794225 0.607624 0.000000 61.841933 -0.607624 0.794225 0.000000 -20.268632 0.000000 0.000000 1.000000 0.000000
0.793878 0.608077 0.000000 62.000476 -0.608077 0.793878 0.000000 -20.401196 0.000000 0.000000 1.000000 0.000000
0.793172 0.608998 0.000000 62.143943 -0.608998 0.793172 0.000000 -20.531492 0.000000 0.000000 1.000000 0.000000
0.792728 0.609576 0.000000 62.300281 -0.609576 0.792728 0.000000 -20.637270 0.000000 0.000000 1.000000 0.000000
0.791510 0.611156 0.000000 62.454818 -0.611156 0.791510 0.000000 -20.754387 0.000000 0.000000 1.000000 0.000000
0.789922 0.613208 0.000000 62.615004 -0.613208 0.789922 0.000000 -20.877752 0.000000 0.000000 1.000000 0.000000
0.786714 0.617318 0.000000 62.931956 -0.617318 0.786714 0.000000 -21.121950 0.000000 0.000000 1.000000 0.000000
0.785489 0.618876 0.000000 63.083786 -0.618876 0.785489 0.000000 -21.241182 0.000000 0.000000 1.000000 0.000000
0.785153 0.619302 0.000000 63.233802 -0.619302 0.785153 0.000000 -21.355958 0.000000 0.000000 1.000000 0.000000
0.783408 0.621507 0.000000 63.479099 -0.621507 0.783408 0.000000 -21.552836 0.000000 0.000000 1.000000 0.000000
0.781959 0.623330 0.000000 63.641709 -0.623330 0.781959 0.000000 -21.698196 0.000000 0.000000 1.000000 0.000000
0.779769 0.626068 0.000000 63.792185 -0.626068 0.779769 0.000000 -21.825837 0.000000 0.000000 1.000000 0.000000
0.778849 0.627212 0.000000 63.950285 -0.627212 0.778849 0.000000 -21.957735 0.000000 0.000000 1.000000 0.000000
0.779062 0.626947 0.000000 64.117671 -0.626947 0.779062 0.000000 -22.085431 0.000000 0.000000 1.000000 0.000000
0.777614 0.628743 0.000000 64.270040 -0.628743 0.777614 0.000000 -22.210395 0.000000 0.000000 1.000000 0.000000
0.776147 0.630552 0.000000 64.430606 -0.630552 0.776147 0.000000 -22.335675 0.000000 0.000000 1.000000 0.000000
0.772621 0.634868 0.000000 64.750301 -0.634868 0.772621 0.000000 -22.599064 0.000000 0.000000 1.000000 0.000000
0.770892 0.636966 0.000000 64.916096 -0.636966 0.770892 0.000000 -22.735227 0.000000 0.000000 1.000000 0.000000
0.768979 0.639274 0.000000 65.078550 -0.639274 0.768979 0.000000 -22.865709 0.000000 0.000000 1.000000 0.000000
0.767435 0.641127 0.000000 65.233484 -0.641127 0.767435 0.000000 -23.002968 0.000000 0.000000 1.000000 0.000000
0.766428 0.642330 0.000000 65.397751 -0.642330 0.766428 0.000000 -23.149867 0.000000 0.000000 1.000000 0.000000
0.764934 0.644109 0.000000 65.559255 -0.644109 0.764934 0.000000 -23.290620 0.000000 0.000000 1.000000 0.000000
0.763086 0.646297 0.000000 65.717169 -0.646297 0.763086 0.000000 -23.428311 0.000000 0.000000 1.000000 0.000000
0.760633 0.649182 0.000000 65.892800 -0.649182 0.760633 0.000000 -23.580981 0.000000 0.000000 1.000000 0.000000
0.757250 0.653125 0.000000 66.084561 -0.653125 0.757250 0.000000 -23.720272 0.000000 0.000000 1.000000 0.000000
0.753540 0.657402 0.000000 66.251368 -0.657402 0.753540 0.000000 -23.860967 0.000000 0.000000 1.000000 0.000000
0.749778 0.661690 0.000000 66.408580 -0.661690 0.749778 0.000000 -24.006046 0.000000 0.000000 1.000000 0.000000
0.747657 0.664085 0.000000 66.567461 -0.664085 0.747657 0.000000 -24.156060 0.000000 0.000000 1.000000 0.000000
0.745792 0.666179 0.000000 66.750525 -0.666179 0.745792 0.000000 -24.314002 0.000000 0.000000 1.000000 0.000000
0.743392 0.668856 0.000000 66.913877 -0.668856 0.743392 0.000000 -24.475079 0.000000 0.000000 1.000000 0.000000
0.740322 0.672253 0.000000 67.098239 -0.672253 0.740322 0.000000 -24.667614 0.000000 0.000000 1.000000 0.000000
0.737633 0.675202 0.000000 67.274971 -0.675202 0.737633 0.000000 -24.848716 0.000000 0.000000 1.000000 0.000000
0.732668 0.680586 0.000000 67.554580 -0.680586 0.732668 0.000000 -25.100746 0.000000 0.000000 1.000000 0.000000
0.729053 0.684457 0.000000 67.709119 -0.684457 0.729053 0.000000 -25.252468 0.000000 0.000000 1.000000 0.000000
0.727549 0.686056 0.000000 67.899957 -0.686056 0.727549 0.000000 -25.436712 0.000000 0.000000 1.000000 0.000000
0.725885 0.687816 0.000000 68.080499 -0.687816 0.725885 0.000000 -25.616374 0.000000 0.000000 1.000000 0.000000
0.722191 0.691693 0.000000 68.456519 -0.691693 0.722191 0.000000 -26.001338 0.000000 0.000000 1.000000 0.000000
0.720441 0.693516 0.000000 68.640417 -0.693516 0.720441 0.000000 -26.190473 0.000000 0.000000 1.000000 0.000000
0.718740 0.695279 0.000000 68.817862 -0.695279 0.718740 0.000000 -26.364979 0.000000 0.000000 1.000000 0.000000
0.717455 0.696605 0.000000 69.009031 -0.696605 0.717455 0.000000 -26.555110 0.000000 0.000000 1.000000 0.000000
0.715058 0.699065 0.000000 69.283438 -0.699065 0.715058 0.000000 -26.755649 0.000000 0.000000 1.000000 0.000000
0.710806 0.703388 0.000000 69.485836 -0.703388 0.710806 0.000000 -26.962554 0.000000 0.000000 1.000000 0.000000
0.706941 0.707273 0.000000 69.652189 -0.707273 0.706941 0.000000 -27.143116 0.000000 0.000000 1.000000 0.000000
0.703353 0.710841 0.000000 69.828288 -0.710841 0.703353 0.000000 -27.345242 0.000000 0.000000 1.000000 0.000000
0.701605 0.712566 0.000000 69.996903 -0.712566 0.701605 0.000000 -27.527917 0.000000 0.000000 1.000000 0.000000
0.699154 0.714971 0.000000 70.165434 -0.714971 0.699154 0.000000 -27.708624 0.000000 0.000000 1.000000 0.000000
0.697080 0.716993 0.000000 70.336017 -0.716993 0.697080 0.000000 -27.894290 0.000000 0.000000 1.000000 0.000000
0.698575 0.715537 0.000000 70.505112 -0.715537 0.698575 0.000000 -28.060320 0.000000 0.000000 1.000000 0.000000
0.696460 0.717596 0.000000 70.674089 -0.717596 0.696460 0.000000 -28.235154 0.000000 0.000000 1.000000 0.000000
0.694879 0.719127 0.000000 70.843429 -0.719127 0.694879 0.000000 -28.434890 0.000000 0.000000 1.000000 0.000000
0.694862 0.719143 0.000000 71.011369 -0.719143 0.694862 0.000000 -28.609004 0.000000 0.000000 1.000000 0.000000
0.694683 0.719316 0.000000 71.229954 -0.719316 0.694683 0.000000 -28.883112 0.000000 0.000000 1.000000 0.000000
0.693640 0.720322 0.000000 71.410970 -0.720322 0.693640 0.000000 -29.083666 0.000000 0.000000 1.000000 0.000000
0.693018 0.720920 0.000000 71.576424 -0.720920 0.693018 0.000000 -29.276813 0.000000 0.000000 1.000000 0.000000
0.693423 0.720531 0.000000 71.733468 -0.720531 0.693423 0.000000 -29.467042 0.000000 0.000000 1.000000 0.000000
0.692763 0.721165 0.000000 71.889440 -0.721165 0.692763 0.000000 -29.673866 0.000000 0.000000 1.000000 0.000000
0.695982 0.718059 0.000000 72.053852 -0.718059 0.695982 0.000000 -29.866488 0.000000 0.000000 1.000000 0.000000
0.698555 0.715556 0.000000 72.235934 -0.715556 0.698555 0.000000 -30.035854 0.000000 0.000000 1.000000 0.000000
0.699029 0.715093 0.000000 72.404931 -0.715093 0.699029 0.000000 -30.215854 0.000000 0.000000 1.000000 0.000000
0.700734 0.713422 0.000000 72.571439 -0.713422 0.700734 0.000000 -30.389980 0.000000 0.000000 1.000000 0.000000
0.701324 0.712842 0.000000 72.713877 -0.712842 0.701324 0.000000 -30.540047 0.000000 0.000000 1.000000 0.000000
0.701301 0.712865 0.000000 73.027141 -0.712865 0.701301 0.000000 -30.867589 0.000000 0.000000 1.000000 0.000000
0.702006 0.712171 0.000000 73.176239 -0.712171 0.702006 0.000000 -31.021061 0.000000 0.000000 1.000000 0.000000
0.703709 0.710488 0.000000 73.326098 -0.710488 0.703709 0.000000 -31.181538 0.000000 0.000000 1.000000 0.000000
0.705184 0.709025 0.000000 73.461616 -0.709025 0.705184 0.000000 -31.334291 0.000000 0.000000 1.000000 0.000000
0.706882 0.707331 0.000000 73.611782 -0.707331 0.706882 0.000000 -31.489935 0.000000 0.000000 1.000000 0.000000
0.707450 0.706764 0.000000 73.748033 -0.706764 0.707450 0.000000 -31.633394 0.000000 0.000000 1.000000 0.000000
0.707165 0.707049 0.000000 73.893132 -0.707049 0.707165 0.000000 -31.788436 0.000000 0.000000 1.000000 0.000000
0.707097 0.707116 0.000000 74.105070 -0.707116 0.707097 0.000000 -32.013568 0.000000 0.000000 1.000000 0.000000
0.708922 0.705287 0.000000 74.250392 -0.705287 0.708922 0.000000 -32.173820 0.000000 0.000000 1.000000 0.000000
0.711401 0.702786 0.000000 74.394401 -0.702786 0.711401 0.000000 -32.325395 0.000000 0.000000 1.000000 0.000000
0.713033 0.701130 0.000000 74.539059 -0.701130 0.713033 0.000000 -32.476630 0.000000 0.000000 1.000000 0.000000
0.715564 0.698548 0.000000 74.680045 -0.698548 0.715564 0.000000 -32.622914 0.000000 0.000000 1.000000 0.000000
0.718638 0.695384 0.000000 74.819863 -0.695384 0.718638 0.000000 -32.774700 0.000000 0.000000 1.000000 0.000000
0.725698 0.688013 0.000000 75.091313 -0.688013 0.725698 0.000000 -33.046254 0.000000 0.000000 1.000000 0.000000
0.728768 0.684760 0.000000 75.220978 -0.684760 0.728768 0.000000 -33.162530 0.000000 0.000000 1.000000 0.000000
0.732007 0.681298 0.000000 75.352774 -0.681298 0.732007 0.000000 -33.277625 0.000000 0.000000 1.000000 0.000000
0.737313 0.675552 0.000000 75.593971 -0.675552 0.737313 0.000000 -33.479365 0.000000 0.000000 1.000000 0.000000
0.742294 0.670074 0.000000 75.883878 -0.670074 0.742294 0.000000 -33.747581 0.000000 0.000000 1.000000 0.000000
0.748250 0.663417 0.000000 76.067705 -0.663417 0.748250 0.000000 -33.889258 0.000000 0.000000 1.000000 0.000000
0.752017 0.659144 0.000000 76.171224 -0.659144 0.752017 0.000000 -33.972362 0.000000 0.000000 1.000000 0.000000
0.760360 0.649502 0.000000 76.388066 -0.649502 0.760360 0.000000 -34.171091 0.000000 0.000000 1.000000 0.000000
0.764341 0.644812 0.000000 76.503934 -0.644812 0.764341 0.000000 -34.266515 0.000000 0.000000 1.000000 0.000000
0.767827 0.640657 0.000000 76.601671 -0.640657 0.767827 0.000000 -34.340065 0.000000 0.000000 1.000000 0.000000
0.770943 0.636904 0.000000 76.700725 -0.636904 0.770943 0.000000 -34.423982 0.000000 0.000000 1.000000 0.000000
0.775843 0.630926 0.000000 76.862791 -0.630926 0.775843 0.000000 -34.544822 0.000000 0.000000 1.000000 0.000000
0.781993 0.623288 0.000000 77.037475 -0.623288 0.781993 0.000000 -34.705965 0.000000 0.000000 1.000000 0.000000
0.785708 0.618598 0.000000 77.131440 -0.618598 0.785708 0.000000 -34.780574 0.000000 0.000000 1.000000 0.000000
0.789330 0.613970 0.000000 77.220354 -0.613970 0.789330 0.000000 -34.851668 0.000000 0.000000 1.000000 0.000000
0.792827 0.609446 0.000000 77.304436 -0.609446 0.792827 0.000000 -34.916705 0.000000 0.000000 1.000000 0.000000
0.795876 0.605459 0.000000 77.392935 -0.605459 0.795876 0.000000 -34.980946 0.000000 0.000000 1.000000 0.000000
0.798794 0.601605 0.000000 77.463776 -0.601605 0.798794 0.000000 -35.042853 0.000000 0.000000 1.000000 0.000000
0.804817 0.593524 0.000000 77.603021 -0.593524 0.804817 0.000000 -35.160132 0.000000 0.000000 1.000000 0.000000
0.807709 0.589581 0.000000 77.667841 -0.589581 0.807709 0.000000 -35.216618 0.000000 0.000000 1.000000 0.000000
0.810539 0.585684 0.000000 77.740393 -0.585684 0.810539 0.000000 -35.260462 0.000000 0.000000 1.000000 0.000000
0.813013 0.582245 0.000000 77.789314 -0.582245 0.813013 0.000000 -35.297964 0.000000 0.000000 1.000000 0.000000
0.815514 0.578737 0.000000 77.839286 -0.578737 0.815514 0.000000 -35.328517 0.000000 0.000000 1.000000 0.000000
0.816888 0.576796 0.000000 77.882137 -0.576796 0.816888 0.000000 -35.360828 0.000000 0.000000 1.000000 0.000000
0.817893 0.575370 0.000000 77.925351 -0.575370 0.817893 0.000000 -35.393114 0.000000 0.000000 1.000000 0.000000
0.819248 0.573440 0.000000 77.967378 -0.573440 0.819248 0.000000 -35.416824 0.000000 0.000000 1.000000 0.000000
0.820304 0.571928 0.000000 77.989724 -0.571928 0.820304 0.000000 -35.436173 0.000000 0.000000 1.000000 0.000000
0.820852 0.571141 0.000000 78.020223 -0.571141 0.820852 0.000000 -35.455899 0.000000 0.000000 1.000000 0.000000
0.821021 0.570898 0.000000 78.073064 -0.570898 0.821021 0.000000 -35.471662 0.000000 0.000000 1.000000 0.000000
0.822198 0.569202 0.000000 78.096099 -0.569202 0.822198 0.000000 -35.488921 0.000000 0.000000 1.000000 0.000000
0.822798 0.568334 0.000000 78.127913 -0.568334 0.822798 0.000000 -35.512185 0.000000 0.000000 1.000000 0.000000
0.822625 0.568584 0.000000 78.143361 -0.568584 0.822625 0.000000 -35.522205 0.000000 0.000000 1.000000 0.000000
0.823293 0.567617 0.000000 78.152242 -0.567617 0.823293 0.000000 -35.532947 0.000000 0.000000 1.000000 0.000000
0.825420 0.564519 0.000000 78.164515 -0.564519 0.825420 0.000000 -35.546383 0.000000 0.000000 1.000000 0.000000
0.824884 0.565301 0.000000 78.180970 -0.565301 0.824884 0.000000 -35.534388 0.000000 0.000000 1.000000 0.000000
0.825458 0.564464 0.000000 78.182070 -0.564464 0.825458 0.000000 -35.536496 0.000000 0.000000 1.000000 0.000000
0.825075 0.565023 0.000000 78.181953 -0.565023 0.825075 0.000000 -35.535027 0.000000 0.000000 1.000000 0.000000
0.824697 0.565575 0.000000 78.183984 -0.565575 0.824697 0.000000 -35.533881 0.000000 0.000000 1.000000 0.000000
0.824591 0.565730 0.000000 78.183343 -0.565730 0.824591 0.000000 -35.532860 0.000000 0.000000 1.000000 0.000000
0.824632 0.565670 0.000000 78.182975 -0.565670 0.824632 0.000000 -35.532495 0.000000 0.000000 1.000000 0.000000
0.825364 0.564601 0.000000 78.181380 -0.564601 0.825364 0.000000 -35.535024 0.000000 0.000000 1.000000 0.000000
0.825154 0.564908 0.000000 78.182058 -0.564908 0.825154 0.000000 -35.533978 0.000000 0.000000 1.000000 0.000000
0.824685 0.565592 0.000000 78.183158 -0.565592 0.824685 0.000000 -35.532517 0.000000 0.000000 1.000000 0.000000
0.824488 0.565879 0.000000 78.183736 -0.565879 0.824488 0.000000 -35.531664 0.000000 0.000000 1.000000 0.000000
0.824450 0.565935 0.000000 78.184284 -0.565935 0.824450 0.000000 -35.530427 0.000000 0.000000 1.000000 0.000000
0.824398 0.566011 0.000000 78.184939 -0.566011 0.824398 0.000000 -35.528942 0.000000 0.000000 1.000000 0.000000
0.824332 0.566107 0.000000 78.185954 -0.566107 0.824332 0.000000 -35.526645 0.000000 0.000000 1.000000 0.000000
0.824178 0.566330 0.000000 78.186813 -0.566330 0.824178 0.000000 -35.523550 0.000000 0.000000 1.000000 0.000000
0.824122 0.566412 0.000000 78.187226 -0.566412 0.824122 0.000000 -35.521787 0.000000 0.000000 1.000000 0.000000
0.824177 0.566332 0.000000 78.187374 -0.566332 0.824177 0.000000 -35.521128 0.000000 0.000000 1.000000 0.000000
0.824186 0.566319 0.000000 78.187641 -0.566319 0.824186 0.000000 -35.520554 0.000000 0.000000 1.000000 0.000000
0.824167 0.566347 0.000000 78.187694 -0.566347 0.824167 0.000000 -35.520681 0.000000 0.000000 1.000000 0.000000
0.824132 0.566397 0.000000 78.187749 -0.566397 0.824132 0.000000 -35.520448 0.000000 0.000000 1.000000 0.000000
0.824131 0.566399 0.000000 78.187812 -0.566399 0.824131 0.000000 -35.520298 0.000000 0.000000 1.000000 0.000000
0.824099 0.566446 0.000000 78.187612 -0.566446 0.824099 0.000000 -35.520851 0.000000 0.000000 1.000000 0.000000
0.824079 0.566475 0.000000 78.187436 -0.566475 0.824079 0.000000 -35.521309 0.000000 0.000000 1.000000 0.000000
0.824069 0.566490 0.000000 78.187334 -0.566490 0.824069 0.000000 -35.521356 0.000000 0.000000 1.000000 0.000000
0.823876 0.566770 0.000000 78.187370 -0.566770 0.823876 0.000000 -35.521431 0.000000 0.000000 1.000000 0.000000
0.823813 0.566861 0.000000 78.187540 -0.566861 0.823813 0.000000 -35.521108 0.000000 0.000000 1.000000 0.000000
0.823814 0.566860 0.000000 78.187610 -0.566860 0.823814 0.000000 -35.520913 0.000000 0.000000 1.000000 0.000000
0.823855 0.566800 0.000000 78.187449 -0.566800 0.823855 0.000000 -35.521088 0.000000 0.000000 1.000000 0.000000
0.823848 0.566811 0.000000 78.187482 -0.566811 0.823848 0.000000 -35.520985 0.000000 0.000000 1.000000 0.000000
0.823844 0.566816 0.000000 78.187539 -0.566816 0.823844 0.000000 -35.520908 0.000000 0.000000 1.000000 0.000000
0.823802 0.566877 0.000000 78.187544 -0.566877 0.823802 0.000000 -35.520825 0.000000 0.000000 1.000000 0.000000
0.823783 0.566905 0.000000 78.187564 -0.566905 0.823783 0.000000 -35.520718 0.000000 0.000000 1.000000 0.000000
0.823792 0.566892 0.000000 78.187559 -0.566892 0.823792 0.000000 -35.520557 0.000000 0.000000 1.000000 0.000000
0.823730 0.566982 0.000000 78.187706 -0.566982 0.823730 0.000000 -35.520720 0.000000 0.000000 1.000000 0.000000
0.823742 0.566965 0.000000 78.187669 -0.566965 0.823742 0.000000 -35.520698 0.000000 0.000000 1.000000 0.000000
0.823734 0.566976 0.000000 78.187659 -0.566976 0.823734 0.000000 -35.520654 0.000000 0.000000 1.000000 0.000000
0.823714 0.567006 0.000000 78.187694 -0.567006 0.823714 0.000000 -35.520508 0.000000 0.000000 1.000000 0.000000
0.823668 0.567072 0.000000 78.187480 -0.567072 0.823668 0.000000 -35.520447 0.000000 0.000000 1.000000 0.000000
0.823722 0.566994 0.000000 78.187944 -0.566994 0.823722 0.000000 -35.520152 0.000000 0.000000 1.000000 0.000000
0.824054 0.566511 0.000000 78.185163 -0.566511 0.824054 0.000000 -35.520668 0.000000 0.000000 1.000000 0.000000
0.823965 0.566640 0.000000 78.185369 -0.566640 0.823965 0.000000 -35.520488 0.000000 0.000000 1.000000 0.000000
0.823931 0.566690 0.000000 78.185348 -0.566690 0.823931 0.000000 -35.520098 0.000000 0.000000 1.000000 0.000000
0.823948 0.566666 0.000000 78.185201 -0.566666 0.823948 0.000000 -35.520203 0.000000 0.000000 1.000000 0.000000
0.824046 0.566523 0.000000 78.184633 -0.566523 0.824046 0.000000 -35.520190 0.000000 0.000000 1.000000 0.000000
0.824129 0.566402 0.000000 78.184279 -0.566402 0.824129 0.000000 -35.520200 0.000000 0.000000 1.000000 0.000000
0.824063 0.566499 0.000000 78.184566 -0.566499 0.824063 0.000000 -35.519817 0.000000 0.000000 1.000000 0.000000
0.823854 0.566802 0.000000 78.185340 -0.566802 0.823854 0.000000 -35.518747 0.000000 0.000000 1.000000 0.000000
0.823292 0.567618 0.000000 78.187407 -0.567618 0.823292 0.000000 -35.517763 0.000000 0.000000 1.000000 0.000000
0.822814 0.568311 0.000000 78.188900 -0.568311 0.822814 0.000000 -35.517053 0.000000 0.000000 1.000000 0.000000
0.822165 0.569249 0.000000 78.190916 -0.569249 0.822165 0.000000 -35.516555 0.000000 0.000000 1.000000 0.000000
0.822272 0.569095 0.000000 78.190969 -0.569095 0.822272 0.000000 -35.517642 0.000000 0.000000 1.000000 0.000000
0.822436 0.568857 0.000000 78.191253 -0.568857 0.822436 0.000000 -35.518521 0.000000 0.000000 1.000000 0.000000
0.822954 0.568108 0.000000 78.193238 -0.568108 0.822954 0.000000 -35.525825 0.000000 0.000000 1.000000 0.000000
0.824382 0.566034 0.000000 78.191889 -0.566034 0.824382 0.000000 -35.529948 0.000000 0.000000 1.000000 0.000000
0.824939 0.565222 0.000000 78.190074 -0.565222 0.824939 0.000000 -35.530151 0.000000 0.000000 1.000000 0.000000
0.825388 0.564566 0.000000 78.190297 -0.564566 0.825388 0.000000 -35.531961 0.000000 0.000000 1.000000 0.000000
0.825553 0.564324 0.000000 78.189057 -0.564324 0.825553 0.000000 -35.532565 0.000000 0.000000 1.000000 0.000000
0.825614 0.564235 0.000000 78.188566 -0.564235 0.825614 0.000000 -35.533001 0.000000 0.000000 1.000000 0.000000
0.825761 0.564020 0.000000 78.188719 -0.564020 0.825761 0.000000 -35.533769 0.000000 0.000000 1.000000 0.000000
0.825738 0.564054 0.000000 78.188306 -0.564054 0.825738 0.000000 -35.533461 0.000000 0.000000 1.000000 0.000000
0.825801 0.563961 0.000000 78.187373 -0.563961 0.825801 0.000000 -35.533906 0.000000 0.000000 1.000000 0.000000
0.826028 0.563629 0.000000 78.187548 -0.563629 0.826028 0.000000 -35.535496 0.000000 0.000000 1.000000 0.000000
0.825893 0.563827 0.000000 78.187355 -0.563827 0.825893 0.000000 -35.535137 0.000000 0.000000 1.000000 0.000000
0.826016 0.563647 0.000000 78.186184 -0.563647 0.826016 0.000000 -35.534953 0.000000 0.000000 1.000000 0.000000
0.826063 0.563578 0.000000 78.185486 -0.563578 0.826063 0.000000 -35.534496 0.000000 0.000000 1.000000 0.000000
0.826125 0.563487 0.000000 78.184341 -0.563487 0.826125 0.000000 -35.534004 0.000000 0.000000 1.000000 0.000000
0.826498 0.562940 0.000000 78.183416 -0.562940 0.826498 0.000000 -35.535405 0.000000 0.000000 1.000000 0.000000
0.826891 0.562362 0.000000 78.182350 -0.562362 0.826891 0.000000 -35.537164 0.000000 0.000000 1.000000 0.000000
0.827510 0.561452 0.000000 78.181128 -0.561452 0.827510 0.000000 -35.539359 0.000000 0.000000 1.000000 0.000000
0.827806 0.561014 0.000000 78.180521 -0.561014 0.827806 0.000000 -35.540063 0.000000 0.000000 1.000000 0.000000
0.827681 0.561200 0.000000 78.180306 -0.561200 0.827681 0.000000 -35.539649 0.000000 0.000000 1.000000 0.000000
0.827111 0.562039 0.000000 78.183574 -0.562039 0.827111 0.000000 -35.534689 0.000000 0.000000 1.000000 0.000000
0.825689 0.564126 0.000000 78.194532 -0.564126 0.825689 0.000000 -35.533929 0.000000 0.000000 1.000000 0.000000
0.824834 0.565374 0.000000 78.199736 -0.565374 0.824834 0.000000 -35.532563 0.000000 0.000000 1.000000 0.000000
0.823934 0.566686 0.000000 78.203546 -0.566686 0.823934 0.000000 -35.530706 0.000000 0.000000 1.000000 0.000000
0.823103 0.567892 0.000000 78.206680 -0.567892 0.823103 0.000000 -35.528765 0.000000 0.000000 1.000000 0.000000
0.822023 0.569454 0.000000 78.211667 -0.569454 0.822023 0.000000 -35.526262 0.000000 0.000000 1.000000 0.000000
0.820981 0.570955 0.000000 78.218203 -0.570955 0.820981 0.000000 -35.525488 0.000000 0.000000 1.000000 0.000000
0.820385 0.571812 0.000000 78.225317 -0.571812 0.820385 0.000000 -35.529722 0.000000 0.000000 1.000000 0.000000
0.820407 0.571780 0.000000 78.230369 -0.571780 0.820407 0.000000 -35.536643 0.000000 0.000000 1.000000 0.000000
0.820719 0.571332 0.000000 78.239274 -0.571332 0.820719 0.000000 -35.544040 0.000000 0.000000 1.000000 0.000000
0.821222 0.570609 0.000000 78.245808 -0.570609 0.821222 0.000000 -35.549177 0.000000 0.000000 1.000000 0.000000
0.822016 0.569464 0.000000 78.253414 -0.569464 0.822016 0.000000 -35.556053 0.000000 0.000000 1.000000 0.000000
0.822716 0.568453 0.000000 78.261429 -0.568453 0.822716 0.000000 -35.562918 0.000000 0.000000 1.000000 0.000000
0.823060 0.567954 0.000000 78.274909 -0.567954 0.823060 0.000000 -35.569753 0.000000 0.000000 1.000000 0.000000
0.822977 0.568074 0.000000 78.282363 -0.568074 0.822977 0.000000 -35.575923 0.000000 0.000000 1.000000 0.000000
0.822577 0.568654 0.000000 78.297522 -0.568654 0.822577 0.000000 -35.584971 0.000000 0.000000 1.000000 0.000000
0.822171 0.569241 0.000000 78.309054 -0.569241 0.822171 0.000000 -35.589075 0.000000 0.000000 1.000000 0.000000
0.821745 0.569856 0.000000 78.331621 -0.569856 0.821745 0.000000 -35.596582 0.000000 0.000000 1.000000 0.000000
0.821692 0.569932 0.000000 78.345298 -0.569932 0.821692 0.000000 -35.623119 0.000000 0.000000 1.000000 0.000000
0.822289 0.569071 0.000000 78.353226 -0.569071 0.822289 0.000000 -35.634084 0.000000 0.000000 1.000000 0.000000
0.822247 0.569131 0.000000 78.367131 -0.569131 0.822247 0.000000 -35.641951 0.000000 0.000000 1.000000 0.000000
0.822889 0.568203 0.000000 78.377885 -0.568203 0.822889 0.000000 -35.650125 0.000000 0.000000 1.000000 0.000000
0.823904 0.566729 0.000000 78.385108 -0.566729 0.823904 0.000000 -35.661215 0.000000 0.000000 1.000000 0.000000
0.825161 0.564897 0.000000 78.395048 -0.564897 0.825161 0.000000 -35.671585 0.000000 0.000000 1.000000 0.000000
0.825751 0.564035 0.000000 78.402298 -0.564035 0.825751 0.000000 -35.678128 0.000000 0.000000 1.000000 0.000000
0.826086 0.563544 0.000000 78.406865 -0.563544 0.826086 0.000000 -35.682193 0.000000 0.000000 1.000000 0.000000
0.826524 0.562901 0.000000 78.438569 -0.562901 0.826524 0.000000 -35.659224 0.000000 0.000000 1.000000 0.000000
0.826130 0.563479 0.000000 78.444602 -0.563479 0.826130 0.000000 -35.659684 0.000000 0.000000 1.000000 0.000000
0.825940 0.563758 0.000000 78.447996 -0.563758 0.825940 0.000000 -35.659978 0.000000 0.000000 1.000000 0.000000
0.825579 0.564287 0.000000 78.449829 -0.564287 0.825579 0.000000 -35.659542 0.000000 0.000000 1.000000 0.000000
0.825424 0.564513 0.000000 78.451317 -0.564513 0.825424 0.000000 -35.659374 0.000000 0.000000 1.000000 0.000000
0.825300 0.564695 0.000000 78.451395 -0.564695 0.825300 0.000000 -35.659264 0.000000 0.000000 1.000000 0.000000
0.825294 0.564704 0.000000 78.450178 -0.564704 0.825294 0.000000 -35.659882 0.000000 0.000000 1.000000 0.000000
0.825818 0.563936 0.000000 78.447625 -0.563936 0.825818 0.000000 -35.660225 0.000000 0.000000 1.000000 0.000000
0.826162 0.563432 0.000000 78.445241 -0.563432 0.826162 0.000000 -35.659782 0.000000 0.000000 1.000000 0.000000
0.826166 0.563426 0.000000 78.444426 -0.563426 0.826166 0.000000 -35.659242 0.000000 0.000000 1.000000 0.000000
0.826221 0.563346 0.000000 78.443252 -0.563346 0.826221 0.000000 -35.658737 0.000000 0.000000 1.000000 0.000000
0.826577 0.562824 0.000000 78.442904 -0.562824 0.826577 0.000000 -35.658761 0.000000 0.000000 1.000000 0.000000
0.826888 0.562367 0.000000 78.441576 -0.562367 0.826888 0.000000 -35.659603 0.000000 0.000000 1.000000 0.000000
0.827717 0.561146 0.000000 78.440202 -0.561146 0.827717 0.000000 -35.659601 0.000000 0.000000 1.000000 0.000000
0.827968 0.560776 0.000000 78.439370 -0.560776 0.827968 0.000000 -35.659673 0.000000 0.000000 1.000000 0.000000
0.828127 0.560541 0.000000 78.455212 -0.560541 0.828127 0.000000 -35.629368 0.000000 0.000000 1.000000 0.000000
0.828573 0.559881 0.000000 78.454230 -0.559881 0.828573 0.000000 -35.630275 0.000000 0.000000 1.000000 0.000000
0.828703 0.559689 0.000000 78.454250 -0.559689 0.828703 0.000000 -35.629812 0.000000 0.000000 1.000000 0.000000
0.829014 0.559228 0.000000 78.453948 -0.559228 0.829014 0.000000 -35.629777 0.000000 0.000000 1.000000 0.000000
0.829162 0.559009 0.000000 78.454082 -0.559009 0.829162 0.000000 -35.629475 0.000000 0.000000 1.000000 0.000000
0.829275 0.558840 0.000000 78.454235 -0.558840 0.829275 0.000000 -35.628957 0.000000 0.000000 1.000000 0.000000
0.829495 0.558514 0.000000 78.453932 -0.558514 0.829495 0.000000 -35.629344 0.000000 0.000000 1.000000 0.000000
0.829583 0.558383 0.000000 78.453991 -0.558383 0.829583 0.000000 -35.628586 0.000000 0.000000 1.000000 0.000000
0.830288 0.557334 0.000000 78.452897 -0.557334 0.830288 0.000000 -35.630931 0.000000 0.000000 1.000000 0.000000
