1.000000 0.000517 0.000000 0.766520 -0.000517 1.000000 0.000000 -0.021189 0.000000 0.000000 1.000000 0.000000
0.999996 0.002823 0.000000 1.349970 -0.002823 0.999996 0.000000 -0.021482 0.000000 0.000000 1.000000 0.000000
0.999982 0.006050 0.000000 2.161580 -0.006050 0.999982 0.000000 -0.097204 0.000000 0.000000 1.000000 0.000000
0.999963 0.008622 0.000000 2.673256 -0.008622 0.999963 0.000000 -0.058498 0.000000 0.000000 1.000000 0.000000
0.999920 0.012628 0.000000 4.238239 -0.012628 0.999920 0.000000 -0.091469 0.000000 0.000000 1.000000 0.000000
0.999880 0.015462 0.000000 4.850997 -0.015462 0.999880 0.000000 -0.111303 0.000000 0.000000 1.000000 0.000000
0.999746 0.022518 0.000000 5.852762 -0.022518 0.999746 0.000000 -0.262073 0.000000 0.000000 1.000000 0.000000
0.999676 0.025441 0.000000 6.485112 -0.025441 0.999676 0.000000 -0.287608 0.000000 0.000000 1.000000 0.000000
0.999653 0.026330 0.000000 6.950959 -0.026330 0.999653 0.000000 -0.260824 0.000000 0.000000 1.000000 0.000000
0.999628 0.027270 0.000000 7.388250 -0.027270 0.999628 0.000000 -0.174450 0.000000 0.000000 1.000000 0.000000
0.999452 0.033094 0.000000 8.491155 -0.033094 0.999452 0.000000 -0.253174 0.000000 0.000000 1.000000 0.000000
0.999293 0.037590 0.000000 8.953030 -0.037590 0.999293 0.000000 -0.263011 0.000000 0.000000 1.000000 0.000000
0.999236 0.039080 0.000000 9.455682 -0.039080 0.999236 0.000000 -0.216734 0.000000 0.000000 1.000000 0.000000
0.999095 0.042535 0.000000 9.967787 -0.042535 0.999095 0.000000 -0.243619 0.000000 0.000000 1.000000 0.000000
0.998876 0.047397 0.000000 10.451932 -0.047397 0.998876 0.000000 -0.244599 0.000000 0.000000 1.000000 0.000000
0.998576 0.053355 0.000000 11.036645 -0.053355 0.998576 0.000000 -0.291621 0.000000 0.000000 1.000000 0.000000
0.998157 0.060680 0.000000 11.789050 -0.060680 0.998157 0.000000 -0.436143 0.000000 0.000000 1.000000 0.000000
0.997666 0.068284 0.000000 12.512376 -0.068284 0.997666 0.000000 -0.500316 0.000000 0.000000 1.000000 0.000000
0.997049 0.076771 0.000000 13.310791 -0.076771 0.997049 0.000000 -0.653342 0.000000 0.000000 1.000000 0.000000
0.996690 0.081301 0.000000 13.826971 -0.081301 0.996690 0.000000 -0.675702 0.000000 0.000000 1.000000 0.000000
0.996176 0.087367 0.000000 14.400046 -0.087367 0.996176 0.000000 -0.724834 0.000000 0.000000 1.000000 0.000000
0.994920 0.100672 0.000000 15.534838 -0.100672 0.994920 0.000000 -0.708637 0.000000 0.000000 1.000000 0.000000
0.994090 0.108557 0.000000 16.028898 -0.108557 0.994090 0.000000 -0.818764 0.000000 0.000000 1.000000 0.000000
0.993241 0.116069 0.000000 16.618837 -0.116069 0.993241 0.000000 -0.887326 0.000000 0.000000 1.000000 0.000000
0.992370 0.123297 0.000000 17.205535 -0.123297 0.992370 0.000000 -0.943691 0.000000 0.000000 1.000000 0.000000
0.991622 0.129177 0.000000 17.599625 -0.129177 0.991622 0.000000 -0.994997 0.000000 0.000000 1.000000 0.000000
0.990934 0.134352 0.000000 18.122039 -0.134352 0.990934 0.000000 -1.056680 0.000000 0.000000 1.000000 0.000000
0.990209 0.139594 0.000000 18.584972 -0.139594 0.990209 0.000000 -1.131062 0.000000 0.000000 1.000000 0.000000
0.989243 0.146282 0.000000 19.204014 -0.146282 0.989243 0.000000 -1.256782 0.000000 0.000000 1.000000 0.000000
0.987728 0.156185 0.000000 19.930380 -0.156185 0.987728 0.000000 -1.342227 0.000000 0.000000 1.000000 0.000000
0.986130 0.165977 0.000000 20.572288 -0.165977 0.986130 0.000000 -1.526817 0.000000 0.000000 1.000000 0.000000
0.985028 0.172393 0.000000 21.062454 -0.172393 0.985028 0.000000 -1.670933 0.000000 0.000000 1.000000 0.000000
0.983944 0.178476 0.000000 21.734814 -0.178476 0.983944 0.000000 -1.793519 0.000000 0.000000 1.000000 0.000000
0.982894 0.184172 0.000000 22.117787 -0.184172 0.982894 0.000000 -1.841586 0.000000 0.000000 1.000000 0.000000
0.981675 0.190563 0.000000 22.642442 -0.190563 0.981675 0.000000 -1.943170 0.000000 0.000000 1.000000 0.000000
0.980301 0.197508 0.000000 23.194551 -0.197508 0.980301 0.000000 -2.053106 0.000000 0.000000 1.000000 0.000000
0.978629 0.205634 0.000000 23.662537 -0.205634 0.978629 0.000000 -2.163178 0.000000 0.000000 1.000000 0.000000
0.977321 0.211764 0.000000 24.185730 -0.211764 0.977321 0.000000 -2.279240 0.000000 0.000000 1.000000 0.000000
0.975219 0.221242 0.000000 25.085073 -0.221242 0.975219 0.000000 -2.534805 0.000000 0.000000 1.000000 0.000000
0.973450 0.228899 0.000000 25.623823 -0.228899 0.973450 0.000000 -2.664023 0.000000 0.000000 1.000000 0.000000
0.971603 0.236616 0.000000 26.173088 -0.236616 0.971603 0.000000 -2.791501 0.000000 0.000000 1.000000 0.000000
0.970088 0.242752 0.000000 26.574615 -0.242752 0.970088 0.000000 -2.849243 0.000000 0.000000 1.000000 0.000000
0.968341 0.249632 0.000000 27.111231 -0.249632 0.968341 0.000000 -2.987830 0.000000 0.000000 1.000000 0.000000
0.966622 0.256208 0.000000 27.680607 -0.256208 0.966622 0.000000 -3.125243 0.000000 0.000000 1.000000 0.000000
0.964778 0.263064 0.000000 28.192715 -0.263064 0.964778 0.000000 -3.312969 0.000000 0.000000 1.000000 0.000000
0.962372 0.271737 0.000000 28.930679 -0.271737 0.962372 0.000000 -3.365245 0.000000 0.000000 1.000000 0.000000
0.960877 0.276975 0.000000 29.395214 -0.276975 0.960877 0.000000 -3.517876 0.000000 0.000000 1.000000 0.000000
0.959233 0.282616 0.000000 29.973432 -0.282616 0.959233 0.000000 -3.680456 0.000000 0.000000 1.000000 0.000000
0.955735 0.294228 0.000000 30.937819 -0.294228 0.955735 0.000000 -3.938621 0.000000 0.000000 1.000000 0.000000
0.954212 0.299130 0.000000 31.387498 -0.299130 0.954212 0.000000 -4.147416 0.000000 0.000000 1.000000 0.000000
0.952248 0.305327 0.000000 31.977447 -0.305327 0.952248 0.000000 -4.341695 0.000000 0.000000 1.000000 0.000000
0.950623 0.310348 0.000000 32.534563 -0.310348 0.950623 0.000000 -4.553349 0.000000 0.000000 1.000000 0.000000
0.948538 0.316662 0.000000 32.924143 -0.316662 0.948538 0.000000 -4.702783 0.000000 0.000000 1.000000 0.000000
0.948972 0.315360 0.000000 33.002612 -0.315360 0.948972 0.000000 -4.774616 0.000000 0.000000 1.000000 0.000000
0.947786 0.318908 0.000000 33.254837 -0.318908 0.947786 0.000000 -4.888245 0.000000 0.000000 1.000000 0.000000
0.947171 0.320728 0.000000 33.581975 -0.320728 0.947171 0.000000 -4.932957 0.000000 0.000000 1.000000 0.000000
0.944106 0.329643 0.000000 34.404736 -0.329643 0.944106 0.000000 -5.225949 0.000000 0.000000 1.000000 0.000000
0.942348 0.334633 0.000000 35.035429 -0.334633 0.942348 0.000000 -5.521288 0.000000 0.000000 1.000000 0.000000
0.940438 0.339964 0.000000 35.645617 -0.339964 0.940438 0.000000 -5.936917 0.000000 0.000000 1.000000 0.000000
0.938369 0.345636 0.000000 36.210931 -0.345636 0.938369 0.000000 -6.158028 0.000000 0.000000 1.000000 0.000000
0.935024 0.354584 0.000000 36.956808 -0.354584 0.935024 0.000000 -6.380397 0.000000 0.000000 1.000000 0.000000
0.932482 0.361218 0.000000 37.474605 -0.361218 0.932482 0.000000 -6.572611 0.000000 0.000000 1.000000 0.000000
0.931020 0.364969 0.000000 37.911973 -0.364969 0.931020 0.000000 -6.760543 0.000000 0.000000 1.000000 0.000000
0.929300 0.369327 0.000000 38.398686 -0.369327 0.929300 0.000000 -6.968371 0.000000 0.000000 1.000000 0.000000
0.926708 0.375782 0.000000 38.982634 -0.375782 0.926708 0.000000 -7.189060 0.000000 0.000000 1.000000 0.000000
0.924717 0.380656 0.000000 39.358378 -0.380656 0.924717 0.000000 -7.339147 0.000000 0.000000 1.000000 0.000000
0.921240 0.388995 0.000000 39.814601 -0.388995 0.921240 0.000000 -7.603205 0.000000 0.000000 1.000000 0.000000
0.918346 0.395779 0.000000 40.305580 -0.395779 0.918346 0.000000 -7.809462 0.000000 0.000000 1.000000 0.000000
0.916385 0.400299 0.000000 40.737484 -0.400299 0.916385 0.000000 -7.901260 0.000000 0.000000 1.000000 0.000000
0.915067 0.403302 0.000000 41.062060 -0.403302 0.915067 0.000000 -7.994227 0.000000 0.000000 1.000000 0.000000
0.913067 0.407810 0.000000 41.473838 -0.407810 0.913067 0.000000 -8.117839 0.000000 0.000000 1.000000 0.000000
0.909686 0.415297 0.000000 42.111190 -0.415297 0.909686 0.000000 -8.418148 0.000000 0.000000 1.000000 0.000000
0.905647 0.424032 0.000000 42.835021 -0.424032 0.905647 0.000000 -8.685643 0.000000 0.000000 1.000000 0.000000
0.903382 0.428836 0.000000 43.278651 -0.428836 0.903382 0.000000 -8.821620 0.000000 0.000000 1.000000 0.000000
0.899207 0.437523 0.000000 44.221072 -0.437523 0.899207 0.000000 -9.298444 0.000000 0.000000 1.000000 0.000000
0.895753 0.444553 0.000000 44.882567 -0.444553 0.895753 0.000000 -9.555447 0.000000 0.000000 1.000000 0.000000
0.892096 0.451847 0.000000 45.530331 -0.451847 0.892096 0.000000 -9.705749 0.000000 0.000000 1.000000 0.000000
0.892720 0.450612 0.000000 45.563630 -0.450612 0.892720 0.000000 -9.844633 0.000000 0.000000 1.000000 0.000000
0.890400 0.455180 0.000000 45.958883 -0.455180 0.890400 0.000000 -10.198966 0.000000 0.000000 1.000000 0.000000
0.889444 0.457043 0.000000 46.484202 -0.457043 0.889444 0.000000 -10.333111 0.000000 0.000000 1.000000 0.000000
0.887186 0.461411 0.000000 46.885767 -0.461411 0.887186 0.000000 -10.642851 0.000000 0.000000 1.000000 0.000000
0.885469 0.464699 0.000000 47.333224 -0.464699 0.885469 0.000000 -10.861557 0.000000 0.000000 1.000000 0.000000
0.884649 0.466257 0.000000 47.825437 -0.466257 0.884649 0.000000 -11.058938 0.000000 0.000000 1.000000 0.000000
0.882472 0.470366 0.000000 48.240518 -0.470366 0.882472 0.000000 -11.283524 0.000000 0.000000 1.000000 0.000000
0.880432 0.474173 0.000000 48.634463 -0.474173 0.880432 0.000000 -11.532586 0.000000 0.000000 1.000000 0.000000
0.878759 0.477266 0.000000 49.047024 -0.477266 0.878759 0.000000 -11.694281 0.000000 0.000000 1.000000 0.000000
0.876667 0.481098 0.000000 49.599373 -0.481098 0.876667 0.000000 -11.997153 0.000000 0.000000 1.000000 0.000000
0.874506 0.485014 0.000000 50.033603 -0.485014 0.874506 0.000000 -12.231784 0.000000 0.000000 1.000000 0.000000
0.872621 0.488398 0.000000 50.499796 -0.488398 0.872621 0.000000 -12.454134 0.000000 0.000000 1.000000 0.000000
0.871501 0.490393 0.000000 51.106118 -0.490393 0.871501 0.000000 -12.766012 0.000000 0.000000 1.000000 0.000000
0.871585 0.490245 0.000000 51.174902 -0.490245 0.871585 0.000000 -12.792871 0.000000 0.000000 1.000000 0.000000
0.869858 0.493302 0.000000 51.548706 -0.493302 0.869858 0.000000 -13.015382 0.000000 0.000000 1.000000 0.000000
0.872103 0.489323 0.000000 51.970886 -0.489323 0.872103 0.000000 -13.122713 0.000000 0.000000 1.000000 0.000000
0.865907 0.500205 0.000000 52.587527 -0.500205 0.865907 0.000000 -13.563562 0.000000 0.000000 1.000000 0.000000
0.864307 0.502965 0.000000 52.941112 -0.502965 0.864307 0.000000 -13.760757 0.000000 0.000000 1.000000 0.000000
0.862004 0.506902 0.000000 53.267387 -0.506902 0.862004 0.000000 -13.956064 0.000000 0.000000 1.000000 0.000000
0.858452 0.512895 0.000000 53.488437 -0.512895 0.858452 0.000000 -14.153023 0.000000 0.000000 1.000000 0.000000
0.853612 0.520909 0.000000 54.004565 -0.520909 0.853612 0.000000 -14.470907 0.000000 0.000000 1.000000 0.000000
0.849435 0.527693 0.000000 54.275161 -0.527693 0.849435 0.000000 -14.625460 0.000000 0.000000 1.000000 0.000000
0.845527 0.533933 0.000000 54.664826 -0.533933 0.845527 0.000000 -14.874993 0.000000 0.000000 1.000000 0.000000
0.841935 0.539578 0.000000 54.925950 -0.539578 0.841935 0.000000 -14.991661 0.000000 0.000000 1.000000 0.000000
0.839187 0.543843 0.000000 55.209915 -0.543843 0.839187 0.000000 -15.161821 0.000000 0.000000 1.000000 0.000000
0.836982 0.547230 0.000000 55.402314 -0.547230 0.836982 0.000000 -15.289628 0.000000 0.000000 1.000000 0.000000
0.833119 0.553094 0.000000 55.853249 -0.553094 0.833119 0.000000 -15.554241 0.000000 0.000000 1.000000 0.000000
0.829367 0.558704 0.000000 56.248359 -0.558704 0.829367 0.000000 -15.777913 0.000000 0.000000 1.000000 0.000000
0.826404 0.563077 0.000000 56.376975 -0.563077 0.826404 0.000000 -15.734429 0.000000 0.000000 1.000000 0.000000
0.819513 0.573061 0.000000 56.891739 -0.573061 0.819513 0.000000 -16.429405 0.000000 0.000000 1.000000 0.000000
0.817576 0.575821 0.000000 57.212058 -0.575821 0.817576 0.000000 -16.602864 0.000000 0.000000 1.000000 0.000000
0.811140 0.584852 0.000000 57.791909 -0.584852 0.811140 0.000000 -17.023477 0.000000 0.000000 1.000000 0.000000
0.806792 0.590836 0.000000 58.382889 -0.590836 0.806792 0.000000 -17.465519 0.000000 0.000000 1.000000 0.000000
0.806665 0.591009 0.000000 58.618695 -0.591009 0.806665 0.000000 -17.626512 0.000000 0.000000 1.000000 0.000000
0.802709 0.596370 0.000000 58.907879 -0.596370 0.802709 0.000000 -17.927649 0.000000 0.000000 1.000000 0.000000
0.799869 0.600174 0.000000 59.098324 -0.600174 0.799869 0.000000 -18.134924 0.000000 0.000000 1.000000 0.000000
0.798268 0.602302 0.000000 59.400156 -0.602302 0.798268 0.000000 -18.381024 0.000000 0.000000 1.000000 0.000000
0.796284 0.604923 0.000000 59.755861 -0.604923 0.796284 0.000000 -18.663443 0.000000 0.000000 1.000000 0.000000
0.794542 0.607209 0.000000 59.943199 -0.607209 0.794542 0.000000 -18.826381 0.000000 0.000000 1.000000 0.000000
0.789407 0.613870 0.000000 60.231246 -0.613870 0.789407 0.000000 -19.196219 0.000000 0.000000 1.000000 0.000000
0.788806 0.614642 0.000000 60.471020 -0.614642 0.788806 0.000000 -19.394465 0.000000 0.000000 1.000000 0.000000
0.783871 0.620924 0.000000 60.913044 -0.620924 0.783871 0.000000 -19.734899 0.000000 0.000000 1.000000 0.000000
0.781300 0.624155 0.000000 61.108332 -0.624155 0.781300 0.000000 -19.884778 0.000000 0.000000 1.000000 0.000000
0.779573 0.626311 0.000000 61.486522 -0.626311 0.779573 0.000000 -20.165710 0.000000 0.000000 1.000000 0.000000
0.777832 0.628472 0.000000 61.546294 -0.628472 0.777832 0.000000 -20.297195 0.000000 0.000000 1.000000 0.000000
0.775404 0.631466 0.000000 61.870484 -0.631466 0.775404 0.000000 -20.494335 0.000000 0.000000 1.000000 0.000000
0.772440 0.635087 0.000000 62.131676 -0.635087 0.772440 0.000000 -20.665473 0.000000 0.000000 1.000000 0.000000
0.772123 0.635473 0.000000 62.428118 -0.635473 0.772123 0.000000 -20.655798 0.000000 0.000000 1.000000 0.000000
0.771139 0.636666 0.000000 62.660535 -0.636666 0.771139 0.000000 -20.893558 0.000000 0.000000 1.000000 0.000000
0.768607 0.639721 0.000000 62.866061 -0.639721 0.768607 0.000000 -20.987204 0.000000 0.000000 1.000000 0.000000
0.766500 0.642244 0.000000 63.109017 -0.642244 0.766500 0.000000 -21.173456 0.000000 0.000000 1.000000 0.000000
0.765033 0.643991 0.000000 63.267902 -0.643991 0.765033 0.000000 -21.346361 0.000000 0.000000 1.000000 0.000000
0.762545 0.646935 0.000000 63.403591 -0.646935 0.762545 0.000000 -21.581217 0.000000 0.000000 1.000000 0.000000
0.759995 0.649929 0.000000 63.427337 -0.649929 0.759995 0.000000 -21.720511 0.000000 0.000000 1.000000 0.000000
0.759912 0.650026 0.000000 63.580968 -0.650026 0.759912 0.000000 -21.827341 0.000000 0.000000 1.000000 0.000000
0.760264 0.649615 0.000000 63.615994 -0.649615 0.760264 0.000000 -21.873265 0.000000 0.000000 1.000000 0.000000
0.759933 0.650001 0.000000 63.805892 -0.650001 0.759933 0.000000 -21.997131 0.000000 0.000000 1.000000 0.000000
0.755262 0.655423 0.000000 64.004776 -0.655423 0.755262 0.000000 -22.197642 0.000000 0.000000 1.000000 0.000000
0.754521 0.656276 0.000000 64.108435 -0.656276 0.754521 0.000000 -22.266025 0.000000 0.000000 1.000000 0.000000
0.753442 0.657515 0.000000 64.224130 -0.657515 0.753442 0.000000 -22.374623 0.000000 0.000000 1.000000 0.000000
0.752781 0.658271 0.000000 64.365176 -0.658271 0.752781 0.000000 -22.489830 0.000000 0.000000 1.000000 0.000000
0.750078 0.661350 0.000000 64.554979 -0.661350 0.750078 0.000000 -22.634982 0.000000 0.000000 1.000000 0.000000
0.746825 0.665021 0.000000 64.889648 -0.665021 0.746825 0.000000 -22.889713 0.000000 0.000000 1.000000 0.000000
0.747090 0.664722 0.000000 65.029841 -0.664722 0.747090 0.000000 -23.047229 0.000000 0.000000 1.000000 0.000000
0.746498 0.665388 0.000000 65.163518 -0.665388 0.746498 0.000000 -23.139900 0.000000 0.000000 1.000000 0.000000
0.744745 0.667350 0.000000 65.294389 -0.667350 0.744745 0.000000 -23.299131 0.000000 0.000000 1.000000 0.000000
0.745616 0.666376 0.000000 65.349948 -0.666376 0.745616 0.000000 -23.386329 0.000000 0.000000 1.000000 0.000000
0.740958 0.671551 0.000000 65.514254 -0.671551 0.740958 0.000000 -23.579467 0.000000 0.000000 1.000000 0.000000
0.741195 0.671290 0.000000 65.696471 -0.671290 0.741195 0.000000 -23.691721 0.000000 0.000000 1.000000 0.000000
0.739934 0.672680 0.000000 65.873443 -0.672680 0.739934 0.000000 -23.784784 0.000000 0.000000 1.000000 0.000000
0.738234 0.674545 0.000000 66.082802 -0.674545 0.738234 0.000000 -23.920744 0.000000 0.000000 1.000000 0.000000
0.736044 0.676934 0.000000 66.255349 -0.676934 0.736044 0.000000 -24.051369 0.000000 0.000000 1.000000 0.000000
0.731672 0.681657 0.000000 66.587346 -0.681657 0.731672 0.000000 -24.409683 0.000000 0.000000 1.000000 0.000000
0.727404 0.686209 0.000000 66.800790 -0.686209 0.727404 0.000000 -24.593962 0.000000 0.000000 1.000000 0.000000
0.726149 0.687538 0.000000 66.932117 -0.687538 0.726149 0.000000 -24.715277 0.000000 0.000000 1.000000 0.000000
0.723493 0.690332 0.000000 67.081810 -0.690332 0.723493 0.000000 -24.863110 0.000000 0.000000 1.000000 0.000000
0.725454 0.688270 0.000000 67.284318 -0.688270 0.725454 0.000000 -24.939834 0.000000 0.000000 1.000000 0.000000
0.722275 0.691605 0.000000 67.388138 -0.691605 0.722275 0.000000 -25.074079 0.000000 0.000000 1.000000 0.000000
0.719527 0.694465 0.000000 67.582313 -0.694465 0.719527 0.000000 -25.325420 0.000000 0.000000 1.000000 0.000000
0.715858 0.698245 0.000000 67.742709 -0.698245 0.715858 0.000000 -25.493226 0.000000 0.000000 1.000000 0.000000
0.715592 0.698518 0.000000 67.854357 -0.698518 0.715592 0.000000 -25.567269 0.000000 0.000000 1.000000 0.000000
0.713079 0.701084 0.000000 68.020261 -0.701084 0.713079 0.000000 -25.683296 0.000000 0.000000 1.000000 0.000000
0.711319 0.702870 0.000000 68.016421 -0.702870 0.711319 0.000000 -25.737637 0.000000 0.000000 1.000000 0.000000
0.710720 0.703475 0.000000 68.222650 -0.703475 0.710720 0.000000 -25.809231 0.000000 0.000000 1.000000 0.000000
0.707863 0.706350 0.000000 68.333798 -0.706350 0.707863 0.000000 -25.911978 0.000000 0.000000 1.000000 0.000000
0.705152 0.709056 0.000000 68.534170 -0.709056 0.705152 0.000000 -26.176103 0.000000 0.000000 1.000000 0.000000
0.701951 0.712225 0.000000 68.858275 -0.712225 0.701951 0.000000 -26.443462 0.000000 0.000000 1.000000 0.000000
0.699640 0.714496 0.000000 68.878965 -0.714496 0.699640 0.000000 -26.544741 0.000000 0.000000 1.000000 0.000000
0.696031 0.718012 0.000000 69.225783 -0.718012 0.696031 0.000000 -26.927910 0.000000 0.000000 1.000000 0.000000
0.693165 0.720779 0.000000 69.436505 -0.720779 0.693165 0.000000 -27.077604 0.000000 0.000000 1.000000 0.000000
0.690078 0.723735 0.000000 69.617869 -0.723735 0.690078 0.000000 -27.273969 0.000000 0.000000 1.000000 0.000000
0.687964 0.725745 0.000000 69.808361 -0.725745 0.687964 0.000000 -27.465446 0.000000 0.000000 1.000000 0.000000
0.684028 0.729456 0.000000 70.087609 -0.729456 0.684028 0.000000 -27.762784 0.000000 0.000000 1.000000 0.000000
0.683020 0.730400 0.000000 70.296357 -0.730400 0.683020 0.000000 -27.927038 0.000000 0.000000 1.000000 0.000000
0.678166 0.734909 0.000000 70.432242 -0.734909 0.678166 0.000000 -28.142064 0.000000 0.000000 1.000000 0.000000
0.674079 0.738659 0.000000 70.512742 -0.738659 0.674079 0.000000 -28.418244 0.000000 0.000000 1.000000 0.000000
0.675881 0.737011 0.000000 70.847960 -0.737011 0.675881 0.000000 -28.537400 0.000000 0.000000 1.000000 0.000000
0.670762 0.741672 0.000000 70.934817 -0.741672 0.670762 0.000000 -28.763237 0.000000 0.000000 1.000000 0.000000
0.666006 0.745947 0.000000 70.895621 -0.745947 0.666006 0.000000 -28.981851 0.000000 0.000000 1.000000 0.000000
0.661720 0.749751 0.000000 71.103367 -0.749751 0.661720 0.000000 -29.229336 0.000000 0.000000 1.000000 0.000000
0.659553 0.751658 0.000000 71.332798 -0.751658 0.659553 0.000000 -29.432593 0.000000 0.000000 1.000000 0.000000
0.656471 0.754352 0.000000 71.497615 -0.754352 0.656471 0.000000 -29.617903 0.000000 0.000000 1.000000 0.000000
0.655318 0.755353 0.000000 71.582780 -0.755353 0.655318 0.000000 -29.819693 0.000000 0.000000 1.000000 0.000000
0.652706 0.757611 0.000000 71.818135 -0.757611 0.652706 0.000000 -30.093965 0.000000 0.000000 1.000000 0.000000
0.651963 0.758251 0.000000 71.969525 -0.758251 0.651963 0.000000 -30.214596 0.000000 0.000000 1.000000 0.000000
0.651262 0.758853 0.000000 72.116077 -0.758853 0.651262 0.000000 -30.429547 0.000000 0.000000 1.000000 0.000000
0.651423 0.758715 0.000000 72.338440 -0.758715 0.651423 0.000000 -30.569346 0.000000 0.000000 1.000000 0.000000
0.649820 0.760088 0.000000 72.514819 -0.760088 0.649820 0.000000 -30.867776 0.000000 0.000000 1.000000 0.000000
0.649080 0.760720 0.000000 72.758747 -0.760720 0.649080 0.000000 -31.107188 0.000000 0.000000 1.000000 0.000000
0.648384 0.761314 0.000000 72.778945 -0.761314 0.648384 0.000000 -31.260423 0.000000 0.000000 1.000000 0.000000
0.648626 0.761107 0.000000 72.976926 -0.761107 0.648626 0.000000 -31.518122 0.000000 0.000000 1.000000 0.000000
0.649864 0.760051 0.000000 73.101535 -0.760051 0.649864 0.000000 -31.778613 0.000000 0.000000 1.000000 0.000000
0.653633 0.756811 0.000000 73.302814 -0.756811 0.653633 0.000000 -31.968686 0.000000 0.000000 1.000000 0.000000
0.653911 0.756571 0.000000 73.451619 -0.756571 0.653911 0.000000 -32.157644 0.000000 0.000000 1.000000 0.000000
0.655061 0.755576 0.000000 73.591202 -0.755576 0.655061 0.000000 -32.381239 0.000000 0.000000 1.000000 0.000000
0.656944 0.753939 0.000000 73.881974 -0.753939 0.656944 0.000000 -32.442212 0.000000 0.000000 1.000000 0.000000
0.657004 0.753887 0.000000 73.934831 -0.753887 0.657004 0.000000 -32.587534 0.000000 0.000000 1.000000 0.000000
0.657696 0.753283 0.000000 74.276765 -0.753283 0.657696 0.000000 -32.952211 0.000000 0.000000 1.000000 0.000000
0.658861 0.752265 0.000000 74.373125 -0.752265 0.658861 0.000000 -33.133029 0.000000 0.000000 1.000000 0.000000
0.660755 0.750602 0.000000 74.486824 -0.750602 0.660755 0.000000 -33.254515 0.000000 0.000000 1.000000 0.000000
0.662096 0.749419 0.000000 74.682478 -0.749419 0.662096 0.000000 -33.463093 0.000000 0.000000 1.000000 0.000000
0.664852 0.746975 0.000000 74.866751 -0.746975 0.664852 0.000000 -33.576063 0.000000 0.000000 1.000000 0.000000
0.664283 0.747481 0.000000 74.925686 -0.747481 0.664283 0.000000 -33.777451 0.000000 0.000000 1.000000 0.000000
0.666574 0.745439 0.000000 75.152040 -0.745439 0.666574 0.000000 -34.021186 0.000000 0.000000 1.000000 0.000000
0.674635 0.738151 0.000000 75.420765 -0.738151 0.674635 0.000000 -34.058036 0.000000 0.000000 1.000000 0.000000
0.673358 0.739316 0.000000 75.682050 -0.739316 0.673358 0.000000 -34.286555 0.000000 0.000000 1.000000 0.000000
0.674850 0.737955 0.000000 75.850469 -0.737955 0.674850 0.000000 -34.491752 0.000000 0.000000 1.000000 0.000000
0.677306 0.735701 0.000000 75.996116 -0.735701 0.677306 0.000000 -34.633760 0.000000 0.000000 1.000000 0.000000
0.682790 0.730615 0.000000 76.189984 -0.730615 0.682790 0.000000 -34.773847 0.000000 0.000000 1.000000 0.000000
0.685605 0.727974 0.000000 76.304780 -0.727974 0.685605 0.000000 -34.924724 0.000000 0.000000 1.000000 0.000000
0.692246 0.721661 0.000000 76.534322 -0.721661 0.692246 0.000000 -35.234263 0.000000 0.000000 1.000000 0.000000
0.696028 0.718015 0.000000 76.600749 -0.718015 0.696028 0.000000 -35.348201 0.000000 0.000000 1.000000 0.000000
0.699142 0.714983 0.000000 76.764185 -0.714983 0.699142 0.000000 -35.510654 0.000000 0.000000 1.000000 0.000000
0.703935 0.710264 0.000000 77.042567 -0.710264 0.703935 0.000000 -35.756032 0.000000 0.000000 1.000000 0.000000
0.714200 0.699941 0.000000 77.345934 -0.699941 0.714200 0.000000 -36.004259 0.000000 0.000000 1.000000 0.000000
0.718771 0.695247 0.000000 77.534830 -0.695247 0.718771 0.000000 -36.147992 0.000000 0.000000 1.000000 0.000000
0.726777 0.686874 0.000000 77.525609 -0.686874 0.726777 0.000000 -36.159265 0.000000 0.000000 1.000000 0.000000
0.733844 0.679318 0.000000 77.717088 -0.679318 0.733844 0.000000 -36.398368 0.000000 0.000000 1.000000 0.000000
0.738177 0.674607 0.000000 77.778455 -0.674607 0.738177 0.000000 -36.492935 0.000000 0.000000 1.000000 0.000000
0.741860 0.670555 0.000000 77.884507 -0.670555 0.741860 0.000000 -36.574898 0.000000 0.000000 1.000000 0.000000
0.746449 0.665443 0.000000 78.045087 -0.665443 0.746449 0.000000 -36.583490 0.000000 0.000000 1.000000 0.000000
0.751575 0.659647 0.000000 78.209082 -0.659647 0.751575 0.000000 -36.710835 0.000000 0.000000 1.000000 0.000000
0.757508 0.652826 0.000000 78.446534 -0.652826 0.757508 0.000000 -36.908169 0.000000 0.000000 1.000000 0.000000
0.760964 0.648794 0.000000 78.587642 -0.648794 0.760964 0.000000 -36.926673 0.000000 0.000000 1.000000 0.000000
0.765298 0.643676 0.000000 78.641194 -0.643676 0.765298 0.000000 -36.951329 0.000000 0.000000 1.000000 0.000000
0.769342 0.638837 0.000000 78.870889 -0.638837 0.769342 0.000000 -37.102569 0.000000 0.000000 1.000000 0.000000
0.774769 0.632245 0.000000 78.953318 -0.632245 0.774769 0.000000 -37.185881 0.000000 0.000000 1.000000 0.000000
0.776117 0.630589 0.000000 78.937705 -0.630589 0.776117 0.000000 -37.334223 0.000000 0.000000 1.000000 0.000000
0.780975 0.624563 0.000000 79.040062 -0.624563 0.780975 0.000000 -37.397340 0.000000 0.000000 1.000000 0.000000
0.784277 0.620410 0.000000 79.081232 -0.620410 0.784277 0.000000 -37.455403 0.000000 0.000000 1.000000 0.000000
0.787149 0.616763 0.000000 79.138846 -0.616763 0.787149 0.000000 -37.504031 0.000000 0.000000 1.000000 0.000000
0.788150 0.615483 0.000000 79.149993 -0.615483 0.788150 0.000000 -37.644585 0.000000 0.000000 1.000000 0.000000
0.788755 0.614708 0.000000 79.144404 -0.614708 0.788755 0.000000 -37.648472 0.000000 0.000000 1.000000 0.000000
0.790312 0.612705 0.000000 79.262189 -0.612705 0.790312 0.000000 -37.742212 0.000000 0.000000 1.000000 0.000000
0.790311 0.612706 0.000000 79.353123 -0.612706 0.790311 0.000000 -37.790455 0.000000 0.000000 1.000000 0.000000
0.792154 0.610321 0.000000 79.406178 -0.610321 0.792154 0.000000 -37.820437 0.000000 0.000000 1.000000 0.000000
0.793004 0.609216 0.000000 79.526658 -0.609216 0.793004 0.000000 -37.888438 0.000000 0.000000 1.000000 0.000000
0.794613 0.607116 0.000000 79.470853 -0.607116 0.794613 0.000000 -37.861060 0.000000 0.000000 1.000000 0.000000
0.796492 0.604649 0.000000 79.531840 -0.604649 0.796492 0.000000 -37.815844 0.000000 0.000000 1.000000 0.000000
0.798862 0.601515 0.000000 79.604687 -0.601515 0.798862 0.000000 -37.813068 0.000000 0.000000 1.000000 0.000000
0.799120 0.601172 0.000000 79.574435 -0.601172 0.799120 0.000000 -37.801067 0.000000 0.000000 1.000000 0.000000
0.798607 0.601852 0.000000 79.613336 -0.601852 0.798607 0.000000 -37.821603 0.000000 0.000000 1.000000 0.000000
0.798369 0.602168 0.000000 79.604460 -0.602168 0.798369 0.000000 -37.833023 0.000000 0.000000 1.000000 0.000000
0.802158 0.597112 0.000000 79.634543 -0.597112 0.802158 0.000000 -37.856352 0.000000 0.000000 1.000000 0.000000
0.801702 0.597723 0.000000 79.610744 -0.597723 0.801702 0.000000 -37.835649 0.000000 0.000000 1.000000 0.000000
0.800094 0.599875 0.000000 79.495617 -0.599875 0.800094 0.000000 -37.971532 0.000000 0.000000 1.000000 0.000000
0.800126 0.599833 0.000000 79.523787 -0.599833 0.800126 0.000000 -37.967494 0.000000 0.000000 1.000000 0.000000
0.799880 0.600160 0.000000 79.467897 -0.600160 0.799880 0.000000 -37.968039 0.000000 0.000000 1.000000 0.000000
0.799824 0.600235 0.000000 79.475470 -0.600235 0.799824 0.000000 -37.999978 0.000000 0.000000 1.000000 0.000000
0.799174 0.601100 0.000000 79.490119 -0.601100 0.799174 0.000000 -38.004326 0.000000 0.000000 1.000000 0.000000
0.799258 0.600988 0.000000 79.513501 -0.600988 0.799258 0.000000 -38.001379 0.000000 0.000000 1.000000 0.000000
0.798980 0.601357 0.000000 79.500721 -0.601357 0.798980 0.000000 -38.017326 0.000000 0.000000 1.000000 0.000000
0.798715 0.601709 0.000000 79.495617 -0.601709 0.798715 0.000000 -38.003851 0.000000 0.000000 1.000000 0.000000
0.798203 0.602388 0.000000 79.480344 -0.602388 0.798203 0.000000 -37.974819 0.000000 0.000000 1.000000 0.000000
0.798554 0.601923 0.000000 79.511388 -0.601923 0.798554 0.000000 -37.992394 0.000000 0.000000 1.000000 0.000000
0.798059 0.602579 0.000000 79.507518 -0.602579 0.798059 0.000000 -38.005533 0.000000 0.000000 1.000000 0.000000
0.797748 0.602991 0.000000 79.485817 -0.602991 0.797748 0.000000 -37.996656 0.000000 0.000000 1.000000 0.000000
0.798639 0.601810 0.000000 79.479007 -0.601810 0.798639 0.000000 -37.991923 0.000000 0.000000 1.000000 0.000000
0.799068 0.601240 0.000000 79.493738 -0.601240 0.799068 0.000000 -37.997295 0.000000 0.000000 1.000000 0.000000
0.799267 0.600976 0.000000 79.500479 -0.600976 0.799267 0.000000 -37.999374 0.000000 0.000000 1.000000 0.000000
0.799930 0.600093 0.000000 79.510482 -0.600093 0.799930 0.000000 -37.993812 0.000000 0.000000 1.000000 0.000000
0.799884 0.600155 0.000000 79.511398 -0.600155 0.799884 0.000000 -37.995113 0.000000 0.000000 1.000000 0.000000
0.800010 0.599987 0.000000 79.491256 -0.599987 0.800010 0.000000 -37.999985 0.000000 0.000000 1.000000 0.000000
0.799973 0.600037 0.000000 79.483898 -0.600037 0.799973 0.000000 -38.002232 0.000000 0.000000 1.000000 0.000000
0.800088 0.599882 0.000000 79.491937 -0.599882 0.800088 0.000000 -38.009679 0.000000 0.000000 1.000000 0.000000
0.800035 0.599953 0.000000 79.511677 -0.599953 0.800035 0.000000 -38.020501 0.000000 0.000000 1.000000 0.000000
0.800959 0.598719 0.000000 79.547229 -0.598719 0.800959 0.000000 -38.017178 0.000000 0.000000 1.000000 0.000000
0.800840 0.598878 0.000000 79.548327 -0.598878 0.800840 0.000000 -38.015699 0.000000 0.000000 1.000000 0.000000
0.800827 0.598896 0.000000 79.527021 -0.598896 0.800827 0.000000 -38.012268 0.000000 0.000000 1.000000 0.000000
0.800356 0.599525 0.000000 79.520221 -0.599525 0.800356 0.000000 -38.050111 0.000000 0.000000 1.000000 0.000000
0.800672 0.599102 0.000000 79.542054 -0.599102 0.800672 0.000000 -38.031510 0.000000 0.000000 1.000000 0.000000
0.801039 0.598612 0.000000 79.518020 -0.598612 0.801039 0.000000 -38.001305 0.000000 0.000000 1.000000 0.000000
0.801898 0.597461 0.000000 79.583809 -0.597461 0.801898 0.000000 -38.020523 0.000000 0.000000 1.000000 0.000000
0.802203 0.597052 0.000000 79.574378 -0.597052 0.802203 0.000000 -38.012889 0.000000 0.000000 1.000000 0.000000
0.803352 0.595504 0.000000 79.560040 -0.595504 0.803352 0.000000 -37.972261 0.000000 0.000000 1.000000 0.000000
0.804329 0.594184 0.000000 79.562317 -0.594184 0.804329 0.000000 -37.928660 0.000000 0.000000 1.000000 0.000000
0.804920 0.593383 0.000000 79.524085 -0.593383 0.804920 0.000000 -37.894991 0.000000 0.000000 1.000000 0.000000
0.804778 0.593576 0.000000 79.541582 -0.593576 0.804778 0.000000 -37.923324 0.000000 0.000000 1.000000 0.000000
0.800953 0.598727 0.000000 79.568567 -0.598727 0.800953 0.000000 -38.107034 0.000000 0.000000 1.000000 0.000000
0.801866 0.597504 0.000000 79.554810 -0.597504 0.801866 0.000000 -38.065697 0.000000 0.000000 1.000000 0.000000
0.802017 0.597301 0.000000 79.556341 -0.597301 0.802017 0.000000 -38.058920 0.000000 0.000000 1.000000 0.000000
0.801803 0.597589 0.000000 79.489018 -0.597589 0.801803 0.000000 -38.063907 0.000000 0.000000 1.000000 0.000000
0.801592 0.597872 0.000000 79.498012 -0.597872 0.801592 0.000000 -38.099387 0.000000 0.000000 1.000000 0.000000
0.801981 0.597350 0.000000 79.528892 -0.597350 0.801981 0.000000 -38.094072 0.000000 0.000000 1.000000 0.000000
0.801704 0.597722 0.000000 79.514004 -0.597722 0.801704 0.000000 -38.128197 0.000000 0.000000 1.000000 0.000000
0.800952 0.598729 0.000000 79.491146 -0.598729 0.800952 0.000000 -38.187794 0.000000 0.000000 1.000000 0.000000
0.800660 0.599119 0.000000 79.563825 -0.599119 0.800660 0.000000 -38.265943 0.000000 0.000000 1.000000 0.000000
0.801287 0.598281 0.000000 79.541879 -0.598281 0.801287 0.000000 -38.223249 0.000000 0.000000 1.000000 0.000000
0.800660 0.599120 0.000000 79.540196 -0.599120 0.800660 0.000000 -38.238349 0.000000 0.000000 1.000000 0.000000
0.801371 0.598168 0.000000 79.550612 -0.598168 0.801371 0.000000 -38.235440 0.000000 0.000000 1.000000 0.000000
0.801166 0.598442 0.000000 79.571883 -0.598442 0.801166 0.000000 -38.232586 0.000000 0.000000 1.000000 0.000000
0.799492 0.600677 0.000000 79.583996 -0.600677 0.799492 0.000000 -38.351615 0.000000 0.000000 1.000000 0.000000
0.798713 0.601713 0.000000 79.498823 -0.601713 0.798713 0.000000 -38.351115 0.000000 0.000000 1.000000 0.000000
0.798480 0.602022 0.000000 79.517319 -0.602022 0.798480 0.000000 -38.366986 0.000000 0.000000 1.000000 0.000000
0.798605 0.601855 0.000000 79.530493 -0.601855 0.798605 0.000000 -38.380314 0.000000 0.000000 1.000000 0.000000
0.798647 0.601800 0.000000 79.525530 -0.601800 0.798647 0.000000 -38.371378 0.000000 0.000000 1.000000 0.000000
0.798103 0.602521 0.000000 79.526048 -0.602521 0.798103 0.000000 -38.384540 0.000000 0.000000 1.000000 0.000000
0.798643 0.601805 0.000000 79.493677 -0.601805 0.798643 0.000000 -38.339231 0.000000 0.000000 1.000000 0.000000
0.798644 0.601803 0.000000 79.504894 -0.601803 0.798644 0.000000 -38.370667 0.000000 0.000000 1.000000 0.000000
0.799015 0.601311 0.000000 79.505977 -0.601311 0.799015 0.000000 -38.361651 0.000000 0.000000 1.000000 0.000000
0.799015 0.601312 0.000000 79.527784 -0.601312 0.799015 0.000000 -38.385319 0.000000 0.000000 1.000000 0.000000
0.799302 0.600929 0.000000 79.526555 -0.600929 0.799302 0.000000 -38.365585 0.000000 0.000000 1.000000 0.000000
0.799485 0.600686 0.000000 79.517903 -0.600686 0.799485 0.000000 -38.343312 0.000000 0.000000 1.000000 0.000000
0.799656 0.600459 0.000000 79.509592 -0.600459 0.799656 0.000000 -38.334377 0.000000 0.000000 1.000000 0.000000
0.800255 0.599659 0.000000 79.469596 -0.599659 0.800255 0.000000 -38.275457 0.000000 0.000000 1.000000 0.000000
0.802431 0.596745 0.000000 79.399104 -0.596745 0.802431 0.000000 -38.110101 0.000000 0.000000 1.000000 0.000000
0.803124 0.595811 0.000000 79.404929 -0.595811 0.803124 0.000000 -38.070987 0.000000 0.000000 1.000000 0.000000
0.803233 0.595664 0.000000 79.401291 -0.595664 0.803233 0.000000 -38.067244 0.000000 0.000000 1.000000 0.000000
0.803494 0.595313 0.000000 79.406409 -0.595313 0.803494 0.000000 -38.081779 0.000000 0.000000 1.000000 0.000000
0.804995 0.593281 0.000000 79.390942 -0.593281 0.804995 0.000000 -37.983666 0.000000 0.000000 1.000000 0.000000
0.805911 0.592037 0.000000 79.380459 -0.592037 0.805911 0.000000 -37.921090 0.000000 0.000000 1.000000 0.000000
0.805853 0.592115 0.000000 79.393852 -0.592115 0.805853 0.000000 -37.951746 0.000000 0.000000 1.000000 0.000000
0.805346 0.592805 0.000000 79.370477 -0.592805 0.805346 0.000000 -37.972905 0.000000 0.000000 1.000000 0.000000
0.804810 0.593533 0.000000 79.396954 -0.593533 0.804810 0.000000 -38.011384 0.000000 0.000000 1.000000 0.000000
0.808126 0.589010 0.000000 79.409478 -0.589010 0.808126 0.000000 -37.835402 0.000000 0.000000 1.000000 0.000000
0.809709 0.586831 0.000000 79.518102 -0.586831 0.809709 0.000000 -37.796032 0.000000 0.000000 1.000000 0.000000
0.809639 0.586929 0.000000 79.529679 -0.586929 0.809639 0.000000 -37.813581 0.000000 0.000000 1.000000 0.000000
0.808201 0.588906 0.000000 79.544566 -0.588906 0.808201 0.000000 -37.860862 0.000000 0.000000 1.000000 0.000000
0.810164 0.586203 0.000000 79.485778 -0.586203 0.810164 0.000000 -37.737268 0.000000 0.000000 1.000000 0.000000
0.810114 0.586273 0.000000 79.481279 -0.586273 0.810114 0.000000 -37.740785 0.000000 0.000000 1.000000 0.000000
0.809502 0.587117 0.000000 79.474570 -0.587117 0.809502 0.000000 -37.762598 0.000000 0.000000 1.000000 0.000000
0.811192 0.584781 0.000000 79.448791 -0.584781 0.811192 0.000000 -37.616796 0.000000 0.000000 1.000000 0.000000
0.811550 0.584283 0.000000 79.421932 -0.584283 0.811550 0.000000 -37.601424 0.000000 0.000000 1.000000 0.000000
0.812544 0.582900 0.000000 79.411745 -0.582900 0.812544 0.000000 -37.599802 0.000000 0.000000 1.000000 0.000000
0.814945 0.579539 0.000000 79.374470 -0.579539 0.814945 0.000000 -37.506242 0.000000 0.000000 1.000000 0.000000
0.846901 0.531751 0.000000 73.991808 -0.531751 0.846901 0.000000 -28.866138 0.000000 0.000000 1.000000 0.000000
0.849703 0.527261 0.000000 74.107010 -0.527261 0.849703 0.000000 -28.878039 0.000000 0.000000 1.000000 0.000000
0.850009 0.526768 0.000000 74.116393 -0.526768 0.850009 0.000000 -28.873419 0.000000 0.000000 1.000000 0.000000
0.849833 0.527052 0.000000 74.123367 -0.527052 0.849833 0.000000 -28.899929 0.000000 0.000000 1.000000 0.000000
0.850503 0.525971 0.000000 74.214372 -0.525971 0.850503 0.000000 -28.945031 0.000000 0.000000 1.000000 0.000000
0.849621 0.527393 0.000000 74.343197 -0.527393 0.849621 0.000000 -29.081777 0.000000 0.000000 1.000000 0.000000
0.849794 0.527115 0.000000 74.502400 -0.527115 0.849794 0.000000 -29.152610 0.000000 0.000000 1.000000 0.000000
0.850526 0.525933 0.000000 74.503023 -0.525933 0.850526 0.000000 -29.155655 0.000000 0.000000 1.000000 0.000000
0.851029 0.525119 0.000000 74.554223 -0.525119 0.851029 0.000000 -29.187004 0.000000 0.000000 1.000000 0.000000
0.850663 0.525712 0.000000 74.486954 -0.525712 0.850663 0.000000 -29.180001 0.000000 0.000000 1.000000 0.000000
0.852789 0.522255 0.000000 74.494780 -0.522255 0.852789 0.000000 -29.148404 0.000000 0.000000 1.000000 0.000000
0.851932 0.523652 0.000000 74.489820 -0.523652 0.851932 0.000000 -29.247623 0.000000 0.000000 1.000000 0.000000
0.853051 0.521828 0.000000 74.496123 -0.521828 0.853051 0.000000 -29.252065 0.000000 0.000000 1.000000 0.000000
0.853379 0.521292 0.000000 74.487571 -0.521292 0.853379 0.000000 -29.263083 0.000000 0.000000 1.000000 0.000000
0.853416 0.521231 0.000000 74.460589 -0.521231 0.853416 0.000000 -29.260475 0.000000 0.000000 1.000000 0.000000
0.854100 0.520109 0.000000 74.464689 -0.520109 0.854100 0.000000 -29.273089 0.000000 0.000000 1.000000 0.000000
0.853662 0.520828 0.000000 74.468710 -0.520828 0.853662 0.000000 -29.285531 0.000000 0.000000 1.000000 0.000000
0.855303 0.518127 0.000000 74.333970 -0.518127 0.855303 0.000000 -29.463293 0.000000 0.000000 1.000000 0.000000
0.855349 0.518053 0.000000 74.342555 -0.518053 0.855349 0.000000 -29.474829 0.000000 0.000000 1.000000 0.000000
0.854979 0.518663 0.000000 74.321222 -0.518663 0.854979 0.000000 -29.494363 0.000000 0.000000 1.000000 0.000000
0.855163 0.518359 0.000000 74.321345 -0.518359 0.855163 0.000000 -29.481840 0.000000 0.000000 1.000000 0.000000
0.855613 0.517615 0.000000 74.365994 -0.517615 0.855613 0.000000 -29.423747 0.000000 0.000000 1.000000 0.000000
0.855650 0.517556 0.000000 74.362759 -0.517556 0.855650 0.000000 -29.420591 0.000000 0.000000 1.000000 0.000000
0.855546 0.517726 0.000000 74.372241 -0.517726 0.855546 0.000000 -29.435682 0.000000 0.000000 1.000000 0.000000
0.855583 0.517666 0.000000 74.364510 -0.517666 0.855583 0.000000 -29.437680 0.000000 0.000000 1.000000 0.000000
0.855435 0.517909 0.000000 74.391422 -0.517909 0.855435 0.000000 -29.437528 0.000000 0.000000 1.000000 0.000000
0.856034 0.516919 0.000000 74.397287 -0.516919 0.856034 0.000000 -29.420466 0.000000 0.000000 1.000000 0.000000
0.856299 0.516480 0.000000 74.397747 -0.516480 0.856299 0.000000 -29.413485 0.000000 0.000000 1.000000 0.000000
0.856031 0.516925 0.000000 74.396347 -0.516925 0.856031 0.000000 -29.415093 0.000000 0.000000 1.000000 0.000000
0.856696 0.515822 0.000000 74.396714 -0.515822 0.856696 0.000000 -29.405315 0.000000 0.000000 1.000000 0.000000
0.855965 0.517034 0.000000 74.438513 -0.517034 0.855965 0.000000 -29.412572 0.000000 0.000000 1.000000 0.000000
0.855885 0.517167 0.000000 74.422010 -0.517167 0.855885 0.000000 -29.455693 0.000000 0.000000 1.000000 0.000000
0.856189 0.516662 0.000000 74.425925 -0.516662 0.856189 0.000000 -29.448263 0.000000 0.000000 1.000000 0.000000
0.853628 0.520883 0.000000 74.356447 -0.520883 0.853628 0.000000 -29.449387 0.000000 0.000000 1.000000 0.000000
0.853256 0.521493 0.000000 74.373290 -0.521493 0.853256 0.000000 -29.448037 0.000000 0.000000 1.000000 0.000000
