1.000000 0.000832 0.000000 0.602697 -0.000832 1.000000 0.000000 -0.007725 0.000000 0.000000 1.000000 0.000000
0.999997 0.002593 0.000000 1.418503 -0.002593 0.999997 0.000000 -0.017488 0.000000 0.000000 1.000000 0.000000
0.999984 0.005688 0.000000 2.115134 -0.005688 0.999984 0.000000 -0.112795 0.000000 0.000000 1.000000 0.000000
0.999978 0.006624 0.000000 2.673133 -0.006624 0.999978 0.000000 -0.107760 0.000000 0.000000 1.000000 0.000000
0.999944 0.010556 0.000000 3.259823 -0.010556 0.999944 0.000000 -0.092666 0.000000 0.000000 1.000000 0.000000
0.999872 0.016001 0.000000 3.803986 -0.016001 0.999872 0.000000 -0.102262 0.000000 0.000000 1.000000 0.000000
0.999752 0.022250 0.000000 4.363944 -0.022250 0.999752 0.000000 -0.118116 0.000000 0.000000 1.000000 0.000000
0.999602 0.028193 0.000000 4.898520 -0.028193 0.999602 0.000000 -0.135731 0.000000 0.000000 1.000000 0.000000
0.999388 0.034979 0.000000 5.647580 -0.034979 0.999388 0.000000 -0.181571 0.000000 0.000000 1.000000 0.000000
0.999252 0.038683 0.000000 6.224976 -0.038683 0.999252 0.000000 -0.216854 0.000000 0.000000 1.000000 0.000000
0.999084 0.042785 0.000000 6.796872 -0.042785 0.999084 0.000000 -0.240938 0.000000 0.000000 1.000000 0.000000
0.998821 0.048547 0.000000 7.366968 -0.048547 0.998821 0.000000 -0.259429 0.000000 0.000000 1.000000 0.000000
0.998275 0.058716 0.000000 8.512119 -0.058716 0.998275 0.000000 -0.318239 0.000000 0.000000 1.000000 0.000000
0.997955 0.063921 0.000000 9.051959 -0.063921 0.997955 0.000000 -0.336941 0.000000 0.000000 1.000000 0.000000
0.997450 0.071375 0.000000 9.625367 -0.071375 0.997450 0.000000 -0.363504 0.000000 0.000000 1.000000 0.000000
0.996917 0.078462 0.000000 10.160045 -0.078462 0.996917 0.000000 -0.402339 0.000000 0.000000 1.000000 0.000000
0.996345 0.085422 0.000000 10.711173 -0.085422 0.996345 0.000000 -0.445700 0.000000 0.000000 1.000000 0.000000
0.995837 0.091156 0.000000 11.242263 -0.091156 0.995837 0.000000 -0.497081 0.000000 0.000000 1.000000 0.000000
0.995284 0.097001 0.000000 11.819112 -0.097001 0.995284 0.000000 -0.556237 0.000000 0.000000 1.000000 0.000000
0.994615 0.103637 0.000000 12.349629 -0.103637 0.994615 0.000000 -0.611184 0.000000 0.000000 1.000000 0.000000
0.993283 0.115713 0.000000 13.093944 -0.115713 0.993283 0.000000 -0.696523 0.000000 0.000000 1.000000 0.000000
0.992243 0.124314 0.000000 13.666467 -0.124314 0.992243 0.000000 -0.758050 0.000000 0.000000 1.000000 0.000000
0.991514 0.129998 0.000000 14.225593 -0.129998 0.991514 0.000000 -0.835364 0.000000 0.000000 1.000000 0.000000
0.990882 0.134731 0.000000 14.781771 -0.134731 0.990882 0.000000 -0.911472 0.000000 0.000000 1.000000 0.000000
0.990064 0.140619 0.000000 15.346617 -0.140619 0.990064 0.000000 -0.996139 0.000000 0.000000 1.000000 0.000000
0.989136 0.147000 0.000000 15.869306 -0.147000 0.989136 0.000000 -1.074886 0.000000 0.000000 1.000000 0.000000
0.988209 0.153111 0.000000 16.393771 -0.153111 0.988209 0.000000 -1.156111 0.000000 0.000000 1.000000 0.000000
0.986962 0.160955 0.000000 16.933887 -0.160955 0.986962 0.000000 -1.240991 0.000000 0.000000 1.000000 0.000000
0.985391 0.170306 0.000000 17.453465 -0.170306 0.985391 0.000000 -1.331105 0.000000 0.000000 1.000000 0.000000
0.983943 0.178484 0.000000 18.007822 -0.178484 0.983943 0.000000 -1.432971 0.000000 0.000000 1.000000 0.000000
0.982584 0.185821 0.000000 18.753003 -0.185821 0.982584 0.000000 -1.579625 0.000000 0.000000 1.000000 0.000000
0.981307 0.192447 0.000000 19.303911 -0.192447 0.981307 0.000000 -1.691715 0.000000 0.000000 1.000000 0.000000
0.979603 0.200944 0.000000 19.891254 -0.200944 0.979603 0.000000 -1.806004 0.000000 0.000000 1.000000 0.000000
0.978022 0.208504 0.000000 20.436838 -0.208504 0.978022 0.000000 -1.922806 0.000000 0.000000 1.000000 0.000000
0.976481 0.215602 0.000000 20.992068 -0.215602 0.976481 0.000000 -2.051200 0.000000 0.000000 1.000000 0.000000
0.975154 0.221526 0.000000 21.501349 -0.221526 0.975154 0.000000 -2.166520 0.000000 0.000000 1.000000 0.000000
0.974201 0.225682 0.000000 22.038085 -0.225682 0.974201 0.000000 -2.291265 0.000000 0.000000 1.000000 0.000000
0.973877 0.227074 0.000000 22.529959 -0.227074 0.973877 0.000000 -2.392981 0.000000 0.000000 1.000000 0.000000
0.972608 0.232450 0.000000 23.058775 -0.232450 0.972608 0.000000 -2.516527 0.000000 0.000000 1.000000 0.000000
0.970204 0.242291 0.000000 24.080517 -0.242291 0.970204 0.000000 -2.769743 0.000000 0.000000 1.000000 0.000000
0.968911 0.247408 0.000000 24.564502 -0.247408 0.968911 0.000000 -2.882898 0.000000 0.000000 1.000000 0.000000
0.967483 0.252937 0.000000 25.082399 -0.252937 0.967483 0.000000 -3.008949 0.000000 0.000000 1.000000 0.000000
0.965694 0.259682 0.000000 25.755665 -0.259682 0.965694 0.000000 -3.187334 0.000000 0.000000 1.000000 0.000000
0.964375 0.264540 0.000000 26.233705 -0.264540 0.964375 0.000000 -3.310920 0.000000 0.000000 1.000000 0.000000
0.962702 0.270564 0.000000 26.711848 -0.270564 0.962702 0.000000 -3.434544 0.000000 0.000000 1.000000 0.000000
0.961238 0.275718 0.000000 27.225451 -0.275718 0.961238 0.000000 -3.582919 0.000000 0.000000 1.000000 0.000000
0.959976 0.280083 0.000000 27.709482 -0.280083 0.959976 0.000000 -3.702447 0.000000 0.000000 1.000000 0.000000
0.957538 0.288307 0.000000 28.381158 -0.288307 0.957538 0.000000 -3.911808 0.000000 0.000000 1.000000 0.000000
0.956126 0.292957 0.000000 28.896992 -0.292957 0.956126 0.000000 -4.081530 0.000000 0.000000 1.000000 0.000000
0.954910 0.296895 0.000000 29.392618 -0.296895 0.954910 0.000000 -4.230302 0.000000 0.000000 1.000000 0.000000
0.953290 0.302055 0.000000 29.889362 -0.302055 0.953290 0.000000 -4.391345 0.000000 0.000000 1.000000 0.000000
0.951957 0.306233 0.000000 30.423541 -0.306233 0.951957 0.000000 -4.603698 0.000000 0.000000 1.000000 0.000000
0.951386 0.308002 0.000000 30.945321 -0.308002 0.951386 0.000000 -4.769702 0.000000 0.000000 1.000000 0.000000
0.949646 0.313325 0.000000 31.452446 -0.313325 0.949646 0.000000 -4.932432 0.000000 0.000000 1.000000 0.000000
0.948285 0.317419 0.000000 31.957678 -0.317419 0.948285 0.000000 -5.104258 0.000000 0.000000 1.000000 0.000000
0.946462 0.322817 0.000000 32.430260 -0.322817 0.946462 0.000000 -5.265472 0.000000 0.000000 1.000000 0.000000
0.944452 0.328648 0.000000 32.931095 -0.328648 0.944452 0.000000 -5.432010 0.000000 0.000000 1.000000 0.000000
0.942348 0.334634 0.000000 33.407076 -0.334634 0.942348 0.000000 -5.602125 0.000000 0.000000 1.000000 0.000000
0.939826 0.341654 0.000000 33.905030 -0.341654 0.939826 0.000000 -5.782449 0.000000 0.000000 1.000000 0.000000
0.937557 0.347831 0.000000 34.391737 -0.347831 0.937557 0.000000 -5.950426 0.000000 0.000000 1.000000 0.000000
0.935912 0.352233 0.000000 34.910770 -0.352233 0.935912 0.000000 -6.142204 0.000000 0.000000 1.000000 0.000000
0.934271 0.356563 0.000000 35.369386 -0.356563 0.934271 0.000000 -6.312455 0.000000 0.000000 1.000000 0.000000
0.930877 0.365333 0.000000 36.049624 -0.365333 0.930877 0.000000 -6.572651 0.000000 0.000000 1.000000 0.000000
0.926752 0.375675 0.000000 36.755409 -0.375675 0.926752 0.000000 -6.854944 0.000000 0.000000 1.000000 0.000000
0.923642 0.383256 0.000000 37.237253 -0.383256 0.923642 0.000000 -7.052777 0.000000 0.000000 1.000000 0.000000
0.918659 0.395052 0.000000 38.083837 -0.395052 0.918659 0.000000 -7.437834 0.000000 0.000000 1.000000 0.000000
0.916431 0.400194 0.000000 38.562922 -0.400194 0.916431 0.000000 -7.654127 0.000000 0.000000 1.000000 0.000000
0.915019 0.403410 0.000000 39.047155 -0.403410 0.915019 0.000000 -7.905407 0.000000 0.000000 1.000000 0.000000
0.915051 0.403337 0.000000 39.522726 -0.403337 0.915051 0.000000 -8.058112 0.000000 0.000000 1.000000 0.000000
0.912134 0.409892 0.000000 39.990328 -0.409892 0.912134 0.000000 -8.318944 0.000000 0.000000 1.000000 0.000000
0.910813 0.412819 0.000000 40.511516 -0.412819 0.910813 0.000000 -8.534743 0.000000 0.000000 1.000000 0.000000
0.908645 0.417570 0.000000 40.943870 -0.417570 0.908645 0.000000 -8.742530 0.000000 0.000000 1.000000 0.000000
0.906736 0.421700 0.000000 41.398036 -0.421700 0.906736 0.000000 -8.961044 0.000000 0.000000 1.000000 0.000000
0.905766 0.423778 0.000000 41.857339 -0.423778 0.905766 0.000000 -9.192412 0.000000 0.000000 1.000000 0.000000
0.904650 0.426155 0.000000 42.319346 -0.426155 0.904650 0.000000 -9.395594 0.000000 0.000000 1.000000 0.000000
0.902526 0.430635 0.000000 42.738868 -0.430635 0.902526 0.000000 -9.639254 0.000000 0.000000 1.000000 0.000000
0.900911 0.434005 0.000000 43.180511 -0.434005 0.900911 0.000000 -9.854968 0.000000 0.000000 1.000000 0.000000
0.900116 0.435650 0.000000 43.582742 -0.435650 0.900116 0.000000 -10.066231 0.000000 0.000000 1.000000 0.000000
0.898779 0.438401 0.000000 44.004784 -0.438401 0.898779 0.000000 -10.279165 0.000000 0.000000 1.000000 0.000000
0.897112 0.441803 0.000000 44.405969 -0.441803 0.897112 0.000000 -10.473886 0.000000 0.000000 1.000000 0.000000
0.896612 0.442818 0.000000 44.833410 -0.442818 0.896612 0.000000 -10.690432 0.000000 0.000000 1.000000 0.000000
0.896084 0.443885 0.000000 45.240967 -0.443885 0.896084 0.000000 -10.891160 0.000000 0.000000 1.000000 0.000000
0.895824 0.444409 0.000000 45.640316 -0.444409 0.895824 0.000000 -11.082520 0.000000 0.000000 1.000000 0.000000
0.893665 0.448735 0.000000 46.036672 -0.448735 0.893665 0.000000 -11.252677 0.000000 0.000000 1.000000 0.000000
0.890366 0.455246 0.000000 46.429443 -0.455246 0.890366 0.000000 -11.437669 0.000000 0.000000 1.000000 0.000000
0.888036 0.459774 0.000000 46.813310 -0.459774 0.888036 0.000000 -11.641040 0.000000 0.000000 1.000000 0.000000
0.885131 0.465343 0.000000 47.190438 -0.465343 0.885131 0.000000 -11.825747 0.000000 0.000000 1.000000 0.000000
0.880409 0.474215 0.000000 47.575775 -0.474215 0.880409 0.000000 -12.057771 0.000000 0.000000 1.000000 0.000000
0.875484 0.483247 0.000000 48.127814 -0.483247 0.875484 0.000000 -12.366306 0.000000 0.000000 1.000000 0.000000
0.870598 0.491996 0.000000 48.514075 -0.491996 0.870598 0.000000 -12.583093 0.000000 0.000000 1.000000 0.000000
0.866696 0.498836 0.000000 48.879355 -0.498836 0.866696 0.000000 -12.794549 0.000000 0.000000 1.000000 0.000000
0.863946 0.503584 0.000000 49.235329 -0.503584 0.863946 0.000000 -13.000686 0.000000 0.000000 1.000000 0.000000
0.860704 0.509106 0.000000 49.591402 -0.509106 0.860704 0.000000 -13.205001 0.000000 0.000000 1.000000 0.000000
0.857413 0.514629 0.000000 49.938703 -0.514629 0.857413 0.000000 -13.414169 0.000000 0.000000 1.000000 0.000000
0.854445 0.519541 0.000000 50.272878 -0.519541 0.854445 0.000000 -13.622932 0.000000 0.000000 1.000000 0.000000
0.852445 0.522816 0.000000 50.539147 -0.522816 0.852445 0.000000 -13.753761 0.000000 0.000000 1.000000 0.000000
0.849990 0.526800 0.000000 50.857711 -0.526800 0.849990 0.000000 -13.965189 0.000000 0.000000 1.000000 0.000000
0.847918 0.530127 0.000000 51.166477 -0.530127 0.847918 0.000000 -14.182892 0.000000 0.000000 1.000000 0.000000
0.846219 0.532835 0.000000 51.475883 -0.532835 0.846219 0.000000 -14.387594 0.000000 0.000000 1.000000 0.000000
0.845227 0.534408 0.000000 52.089600 -0.534408 0.845227 0.000000 -14.769376 0.000000 0.000000 1.000000 0.000000
0.844787 0.535103 0.000000 52.387175 -0.535103 0.844787 0.000000 -14.955544 0.000000 0.000000 1.000000 0.000000
0.844413 0.535692 0.000000 52.671914 -0.535692 0.844413 0.000000 -15.133610 0.000000 0.000000 1.000000 0.000000
0.845789 0.533517 0.000000 52.947362 -0.533517 0.845789 0.000000 -15.303575 0.000000 0.000000 1.000000 0.000000
0.846154 0.532938 0.000000 53.237916 -0.532938 0.846154 0.000000 -15.483749 0.000000 0.000000 1.000000 0.000000
0.844788 0.535102 0.000000 53.497868 -0.535102 0.844788 0.000000 -15.643596 0.000000 0.000000 1.000000 0.000000
0.843376 0.537324 0.000000 53.769464 -0.537324 0.843376 0.000000 -15.811186 0.000000 0.000000 1.000000 0.000000
0.842682 0.538412 0.000000 54.036944 -0.538412 0.842682 0.000000 -15.972175 0.000000 0.000000 1.000000 0.000000
0.842297 0.539013 0.000000 54.303303 -0.539013 0.842297 0.000000 -16.137846 0.000000 0.000000 1.000000 0.000000
0.841188 0.540743 0.000000 54.557860 -0.540743 0.841188 0.000000 -16.292963 0.000000 0.000000 1.000000 0.000000
0.839595 0.543213 0.000000 54.807672 -0.543213 0.839595 0.000000 -16.445894 0.000000 0.000000 1.000000 0.000000
0.837628 0.546241 0.000000 55.061585 -0.546241 0.837628 0.000000 -16.607808 0.000000 0.000000 1.000000 0.000000
0.834793 0.550564 0.000000 55.458882 -0.550564 0.834793 0.000000 -16.842900 0.000000 0.000000 1.000000 0.000000
0.831886 0.554947 0.000000 55.714095 -0.554947 0.831886 0.000000 -17.003201 0.000000 0.000000 1.000000 0.000000
0.828636 0.559788 0.000000 55.949179 -0.559788 0.828636 0.000000 -17.155493 0.000000 0.000000 1.000000 0.000000
0.825480 0.564431 0.000000 56.182538 -0.564431 0.825480 0.000000 -17.308748 0.000000 0.000000 1.000000 0.000000
0.822500 0.568765 0.000000 56.417870 -0.568765 0.822500 0.000000 -17.463664 0.000000 0.000000 1.000000 0.000000
0.820906 0.571063 0.000000 56.663157 -0.571063 0.820906 0.000000 -17.642418 0.000000 0.000000 1.000000 0.000000
0.820633 0.571456 0.000000 56.878344 -0.571456 0.820633 0.000000 -17.803186 0.000000 0.000000 1.000000 0.000000
0.821550 0.570136 0.000000 57.095861 -0.570136 0.821550 0.000000 -17.967340 0.000000 0.000000 1.000000 0.000000
0.821487 0.570227 0.000000 54.670113 -0.570227 0.821487 0.000000 -18.043284 0.000000 0.000000 1.000000 0.000000
0.820183 0.572102 0.000000 54.867625 -0.572102 0.820183 0.000000 -18.200730 0.000000 0.000000 1.000000 0.000000
0.814829 0.579701 0.000000 55.252731 -0.579701 0.814829 0.000000 -18.466015 0.000000 0.000000 1.000000 0.000000
0.812805 0.582536 0.000000 55.417262 -0.582536 0.812805 0.000000 -18.591205 0.000000 0.000000 1.000000 0.000000
0.812632 0.582778 0.000000 55.581958 -0.582778 0.812632 0.000000 -18.725505 0.000000 0.000000 1.000000 0.000000
0.812979 0.582294 0.000000 55.755141 -0.582294 0.812979 0.000000 -18.862332 0.000000 0.000000 1.000000 0.000000
0.812496 0.582966 0.000000 55.914049 -0.582966 0.812496 0.000000 -18.984007 0.000000 0.000000 1.000000 0.000000
0.812008 0.583646 0.000000 56.072627 -0.583646 0.812008 0.000000 -19.103211 0.000000 0.000000 1.000000 0.000000
0.811028 0.585008 0.000000 56.247833 -0.585008 0.811028 0.000000 -19.232714 0.000000 0.000000 1.000000 0.000000
0.809717 0.586820 0.000000 56.403668 -0.586820 0.809717 0.000000 -19.350230 0.000000 0.000000 1.000000 0.000000
0.808305 0.588764 0.000000 56.560106 -0.588764 0.808305 0.000000 -19.467616 0.000000 0.000000 1.000000 0.000000
0.805254 0.592930 0.000000 56.878109 -0.592930 0.805254 0.000000 -19.697961 0.000000 0.000000 1.000000 0.000000
0.804291 0.594236 0.000000 57.032916 -0.594236 0.804291 0.000000 -19.809927 0.000000 0.000000 1.000000 0.000000
0.803639 0.595117 0.000000 57.199210 -0.595117 0.803639 0.000000 -19.921691 0.000000 0.000000 1.000000 0.000000
0.801978 0.597354 0.000000 57.451079 -0.597354 0.801978 0.000000 -20.109277 0.000000 0.000000 1.000000 0.000000
0.800215 0.599713 0.000000 57.609085 -0.599713 0.800215 0.000000 -20.232326 0.000000 0.000000 1.000000 0.000000
0.798086 0.602544 0.000000 57.764736 -0.602544 0.798086 0.000000 -20.350507 0.000000 0.000000 1.000000 0.000000
0.797159 0.603770 0.000000 57.918164 -0.603770 0.797159 0.000000 -20.471341 0.000000 0.000000 1.000000 0.000000
0.797291 0.603595 0.000000 58.077535 -0.603595 0.797291 0.000000 -20.608904 0.000000 0.000000 1.000000 0.000000
0.795959 0.605350 0.000000 58.234785 -0.605350 0.795959 0.000000 -20.735489 0.000000 0.000000 1.000000 0.000000
0.794679 0.607030 0.000000 58.385296 -0.607030 0.794679 0.000000 -20.856110 0.000000 0.000000 1.000000 0.000000
0.791271 0.611466 0.000000 58.711364 -0.611466 0.791271 0.000000 -21.113744 0.000000 0.000000 1.000000 0.000000
0.789629 0.613585 0.000000 58.879179 -0.613585 0.789629 0.000000 -21.240723 0.000000 0.000000 1.000000 0.000000
0.787788 0.615947 0.000000 59.050659 -0.615947 0.787788 0.000000 -21.367920 0.000000 0.000000 1.000000 0.000000
0.786204 0.617967 0.000000 59.205734 -0.617967 0.786204 0.000000 -21.495438 0.000000 0.000000 1.000000 0.000000
0.785201 0.619241 0.000000 59.372629 -0.619241 0.785201 0.000000 -21.633755 0.000000 0.000000 1.000000 0.000000
0.783994 0.620768 0.000000 59.540565 -0.620768 0.783994 0.000000 -21.753844 0.000000 0.000000 1.000000 0.000000
0.782290 0.622914 0.000000 59.705425 -0.622914 0.782290 0.000000 -21.882292 0.000000 0.000000 1.000000 0.000000
0.779882 0.625926 0.000000 59.886738 -0.625926 0.779882 0.000000 -22.025130 0.000000 0.000000 1.000000 0.000000
0.776628 0.629959 0.000000 60.066942 -0.629959 0.776628 0.000000 -22.162458 0.000000 0.000000 1.000000 0.000000
0.773021 0.634381 0.000000 60.240917 -0.634381 0.773021 0.000000 -22.300140 0.000000 0.000000 1.000000 0.000000
0.769812 0.638271 0.000000 60.406287 -0.638271 0.769812 0.000000 -22.446021 0.000000 0.000000 1.000000 0.000000
0.767826 0.640658 0.000000 60.577531 -0.640658 0.767826 0.000000 -22.589124 0.000000 0.000000 1.000000 0.000000
0.765911 0.642946 0.000000 60.763161 -0.642946 0.765911 0.000000 -22.746013 0.000000 0.000000 1.000000 0.000000
0.763529 0.645774 0.000000 60.938350 -0.645774 0.763529 0.000000 -22.890730 0.000000 0.000000 1.000000 0.000000
0.760542 0.649288 0.000000 61.130054 -0.649288 0.760542 0.000000 -23.058462 0.000000 0.000000 1.000000 0.000000
0.758099 0.652140 0.000000 61.321364 -0.652140 0.758099 0.000000 -23.221352 0.000000 0.000000 1.000000 0.000000
0.753238 0.657748 0.000000 61.608112 -0.657748 0.753238 0.000000 -23.457804 0.000000 0.000000 1.000000 0.000000
0.750948 0.660362 0.000000 61.786664 -0.660362 0.750948 0.000000 -23.624498 0.000000 0.000000 1.000000 0.000000
0.749519 0.661983 0.000000 61.980504 -0.661983 0.749519 0.000000 -23.802038 0.000000 0.000000 1.000000 0.000000
0.747889 0.663823 0.000000 62.159594 -0.663823 0.747889 0.000000 -23.974391 0.000000 0.000000 1.000000 0.000000
0.744553 0.667564 0.000000 62.544329 -0.667564 0.744553 0.000000 -24.342552 0.000000 0.000000 1.000000 0.000000
0.742930 0.669369 0.000000 62.726806 -0.669369 0.742930 0.000000 -24.519980 0.000000 0.000000 1.000000 0.000000
0.741360 0.671108 0.000000 62.902296 -0.671108 0.741360 0.000000 -24.686987 0.000000 0.000000 1.000000 0.000000
0.740080 0.672519 0.000000 63.095443 -0.672519 0.740080 0.000000 -24.873655 0.000000 0.000000 1.000000 0.000000
0.736992 0.675901 0.000000 63.360791 -0.675901 0.736992 0.000000 -25.110897 0.000000 0.000000 1.000000 0.000000
0.732691 0.680561 0.000000 63.551482 -0.680561 0.732691 0.000000 -25.291045 0.000000 0.000000 1.000000 0.000000
0.728842 0.684682 0.000000 63.725414 -0.684682 0.728842 0.000000 -25.466636 0.000000 0.000000 1.000000 0.000000
0.725349 0.688381 0.000000 63.933022 -0.688381 0.725349 0.000000 -25.659832 0.000000 0.000000 1.000000 0.000000
0.723670 0.690146 0.000000 64.109181 -0.690146 0.723670 0.000000 -25.830567 0.000000 0.000000 1.000000 0.000000
0.721411 0.692507 0.000000 64.288113 -0.692507 0.721411 0.000000 -26.000011 0.000000 0.000000 1.000000 0.000000
0.719402 0.694594 0.000000 64.420615 -0.694594 0.719402 0.000000 -26.216647 0.000000 0.000000 1.000000 0.000000
0.718177 0.695860 0.000000 64.589980 -0.695860 0.718177 0.000000 -26.392184 0.000000 0.000000 1.000000 0.000000
0.716076 0.698023 0.000000 64.764282 -0.698023 0.716076 0.000000 -26.563392 0.000000 0.000000 1.000000 0.000000
0.714780 0.699349 0.000000 64.967715 -0.699349 0.714780 0.000000 -26.729110 0.000000 0.000000 1.000000 0.000000
0.714955 0.699170 0.000000 65.130781 -0.699170 0.714955 0.000000 -26.907521 0.000000 0.000000 1.000000 0.000000
0.714939 0.699186 0.000000 65.358759 -0.699186 0.714939 0.000000 -27.149648 0.000000 0.000000 1.000000 0.000000
0.713849 0.700300 0.000000 65.547748 -0.700300 0.713849 0.000000 -27.342518 0.000000 0.000000 1.000000 0.000000
0.713556 0.700598 0.000000 65.717648 -0.700598 0.713556 0.000000 -27.528300 0.000000 0.000000 1.000000 0.000000
0.713231 0.700929 0.000000 65.889198 -0.700929 0.713231 0.000000 -27.713218 0.000000 0.000000 1.000000 0.000000
0.713666 0.700486 0.000000 66.044729 -0.700486 0.713666 0.000000 -27.893601 0.000000 0.000000 1.000000 0.000000
0.716653 0.697430 0.000000 66.210796 -0.697430 0.716653 0.000000 -28.023542 0.000000 0.000000 1.000000 0.000000
0.719195 0.694808 0.000000 66.380796 -0.694808 0.719195 0.000000 -28.189585 0.000000 0.000000 1.000000 0.000000
0.719993 0.693981 0.000000 66.549530 -0.693981 0.719993 0.000000 -28.355353 0.000000 0.000000 1.000000 0.000000
0.721695 0.692211 0.000000 66.718930 -0.692211 0.721695 0.000000 -28.523158 0.000000 0.000000 1.000000 0.000000
0.722129 0.691759 0.000000 66.872094 -0.691759 0.722129 0.000000 -28.676400 0.000000 0.000000 1.000000 0.000000
0.722117 0.691771 0.000000 67.204671 -0.691771 0.722117 0.000000 -28.993891 0.000000 0.000000 1.000000 0.000000
0.723447 0.690380 0.000000 67.371521 -0.690380 0.723447 0.000000 -29.162538 0.000000 0.000000 1.000000 0.000000
0.725309 0.688423 0.000000 67.522307 -0.688423 0.725309 0.000000 -29.326750 0.000000 0.000000 1.000000 0.000000
0.726864 0.686781 0.000000 67.663177 -0.686781 0.726864 0.000000 -29.464890 0.000000 0.000000 1.000000 0.000000
0.728478 0.685069 0.000000 67.809973 -0.685069 0.728478 0.000000 -29.618527 0.000000 0.000000 1.000000 0.000000
0.729040 0.684471 0.000000 67.937379 -0.684471 0.729040 0.000000 -29.767076 0.000000 0.000000 1.000000 0.000000
0.728856 0.684667 0.000000 68.103942 -0.684667 0.728856 0.000000 -29.922487 0.000000 0.000000 1.000000 0.000000
0.730565 0.682843 0.000000 68.369978 -0.682843 0.730565 0.000000 -30.182807 0.000000 0.000000 1.000000 0.000000
0.732719 0.680531 0.000000 68.516473 -0.680531 0.732719 0.000000 -30.331333 0.000000 0.000000 1.000000 0.000000
0.734947 0.678125 0.000000 68.665411 -0.678125 0.734947 0.000000 -30.481662 0.000000 0.000000 1.000000 0.000000
0.736861 0.676044 0.000000 68.808135 -0.676044 0.736861 0.000000 -30.625347 0.000000 0.000000 1.000000 0.000000
0.739256 0.673425 0.000000 68.951180 -0.673425 0.739256 0.000000 -30.765832 0.000000 0.000000 1.000000 0.000000
0.742106 0.670282 0.000000 69.099554 -0.670282 0.742106 0.000000 -30.912959 0.000000 0.000000 1.000000 0.000000
0.748968 0.662606 0.000000 69.374447 -0.662606 0.748968 0.000000 -31.176353 0.000000 0.000000 1.000000 0.000000
0.751923 0.659251 0.000000 69.505400 -0.659251 0.751923 0.000000 -31.289998 0.000000 0.000000 1.000000 0.000000
0.755421 0.655239 0.000000 69.596484 -0.655239 0.755421 0.000000 -31.369011 0.000000 0.000000 1.000000 0.000000
0.759874 0.650070 0.000000 69.850085 -0.650070 0.759874 0.000000 -31.576709 0.000000 0.000000 1.000000 0.000000
0.766262 0.642529 0.000000 70.135557 -0.642529 0.766262 0.000000 -31.829844 0.000000 0.000000 1.000000 0.000000
0.771462 0.636275 0.000000 70.311304 -0.636275 0.771462 0.000000 -31.972115 0.000000 0.000000 1.000000 0.000000
0.775056 0.631893 0.000000 70.426229 -0.631893 0.775056 0.000000 -32.062260 0.000000 0.000000 1.000000 0.000000
0.782973 0.622056 0.000000 70.650497 -0.622056 0.782973 0.000000 -32.242586 0.000000 0.000000 1.000000 0.000000
0.786583 0.617484 0.000000 70.763855 -0.617484 0.786583 0.000000 -32.331810 0.000000 0.000000 1.000000 0.000000
0.789492 0.613760 0.000000 70.867309 -0.613760 0.789492 0.000000 -32.400824 0.000000 0.000000 1.000000 0.000000
0.792567 0.609785 0.000000 70.970109 -0.609785 0.792567 0.000000 -32.477939 0.000000 0.000000 1.000000 0.000000
0.797326 0.603549 0.000000 71.133536 -0.603549 0.797326 0.000000 -32.597031 0.000000 0.000000 1.000000 0.000000
0.803578 0.595199 0.000000 71.322062 -0.595199 0.803578 0.000000 -32.734549 0.000000 0.000000 1.000000 0.000000
0.807119 0.590389 0.000000 71.415451 -0.590389 0.807119 0.000000 -32.806201 0.000000 0.000000 1.000000 0.000000
0.810710 0.585448 0.000000 71.506824 -0.585448 0.810710 0.000000 -32.866470 0.000000 0.000000 1.000000 0.000000
0.813963 0.580917 0.000000 71.596281 -0.580917 0.813963 0.000000 -32.924858 0.000000 0.000000 1.000000 0.000000
0.817022 0.576606 0.000000 71.697091 -0.576606 0.817022 0.000000 -32.982792 0.000000 0.000000 1.000000 0.000000
0.819521 0.573049 0.000000 71.778997 -0.573049 0.819521 0.000000 -33.037112 0.000000 0.000000 1.000000 0.000000
0.825744 0.564045 0.000000 71.955848 -0.564045 0.825744 0.000000 -33.130573 0.000000 0.000000 1.000000 0.000000
0.828613 0.559822 0.000000 72.020984 -0.559822 0.828613 0.000000 -33.178058 0.000000 0.000000 1.000000 0.000000
0.831291 0.555837 0.000000 72.092079 -0.555837 0.831291 0.000000 -33.215616 0.000000 0.000000 1.000000 0.000000
0.833723 0.552182 0.000000 72.145643 -0.552182 0.833723 0.000000 -33.254609 0.000000 0.000000 1.000000 0.000000
0.835932 0.548834 0.000000 72.204144 -0.548834 0.835932 0.000000 -33.281792 0.000000 0.000000 1.000000 0.000000
0.837192 0.546909 0.000000 72.245190 -0.546909 0.837192 0.000000 -33.310213 0.000000 0.000000 1.000000 0.000000
0.838049 0.545595 0.000000 72.285285 -0.545595 0.838049 0.000000 -33.336839 0.000000 0.000000 1.000000 0.000000
0.839755 0.542965 0.000000 72.354209 -0.542965 0.839755 0.000000 -33.380999 0.000000 0.000000 1.000000 0.000000
0.840614 0.541634 0.000000 72.383278 -0.541634 0.840614 0.000000 -33.400912 0.000000 0.000000 1.000000 0.000000
0.841108 0.540867 0.000000 72.409348 -0.540867 0.841108 0.000000 -33.416956 0.000000 0.000000 1.000000 0.000000
0.841838 0.539730 0.000000 72.430833 -0.539730 0.841838 0.000000 -33.430566 0.000000 0.000000 1.000000 0.000000
0.843003 0.537909 0.000000 72.452276 -0.537909 0.843003 0.000000 -33.444926 0.000000 0.000000 1.000000 0.000000
0.844772 0.535126 0.000000 72.353940 -0.535126 0.844772 0.000000 -33.395490 0.000000 0.000000 1.000000 0.000000
0.844898 0.534927 0.000000 72.368236 -0.534927 0.844898 0.000000 -33.405185 0.000000 0.000000 1.000000 0.000000
0.845647 0.533743 0.000000 72.381028 -0.533743 0.845647 0.000000 -33.414676 0.000000 0.000000 1.000000 0.000000
0.846333 0.532655 0.000000 72.405915 -0.532655 0.846333 0.000000 -33.428989 0.000000 0.000000 1.000000 0.000000
0.846171 0.532911 0.000000 72.409665 -0.532911 0.846171 0.000000 -33.429488 0.000000 0.000000 1.000000 0.000000
0.846700 0.532071 0.000000 72.409569 -0.532071 0.846700 0.000000 -33.430988 0.000000 0.000000 1.000000 0.000000
0.846348 0.532630 0.000000 72.408756 -0.532630 0.846348 0.000000 -33.428710 0.000000 0.000000 1.000000 0.000000
0.845964 0.533239 0.000000 72.407578 -0.533239 0.845964 0.000000 -33.426279 0.000000 0.000000 1.000000 0.000000
0.845836 0.533443 0.000000 72.407171 -0.533443 0.845836 0.000000 -33.425466 0.000000 0.000000 1.000000 0.000000
0.846109 0.533011 0.000000 72.409032 -0.533011 0.846109 0.000000 -33.427410 0.000000 0.000000 1.000000 0.000000
0.846775 0.531951 0.000000 72.407016 -0.531951 0.846775 0.000000 -33.430158 0.000000 0.000000 1.000000 0.000000
0.846501 0.532387 0.000000 72.407998 -0.532387 0.846501 0.000000 -33.428847 0.000000 0.000000 1.000000 0.000000
0.846042 0.533116 0.000000 72.409406 -0.533116 0.846042 0.000000 -33.427254 0.000000 0.000000 1.000000 0.000000
0.845916 0.533315 0.000000 72.409943 -0.533315 0.845916 0.000000 -33.426494 0.000000 0.000000 1.000000 0.000000
0.845882 0.533370 0.000000 72.410500 -0.533370 0.845882 0.000000 -33.425194 0.000000 0.000000 1.000000 0.000000
0.845840 0.533437 0.000000 72.411139 -0.533437 0.845840 0.000000 -33.423622 0.000000 0.000000 1.000000 0.000000
0.845762 0.533560 0.000000 72.411739 -0.533560 0.845762 0.000000 -33.421422 0.000000 0.000000 1.000000 0.000000
0.845592 0.533830 0.000000 72.412560 -0.533830 0.845592 0.000000 -33.418264 0.000000 0.000000 1.000000 0.000000
0.845540 0.533913 0.000000 72.413129 -0.533913 0.845540 0.000000 -33.415805 0.000000 0.000000 1.000000 0.000000
0.845591 0.533831 0.000000 72.413248 -0.533831 0.845591 0.000000 -33.415147 0.000000 0.000000 1.000000 0.000000
0.845617 0.533790 0.000000 72.413345 -0.533790 0.845617 0.000000 -33.414947 0.000000 0.000000 1.000000 0.000000
0.845578 0.533851 0.000000 72.413469 -0.533851 0.845578 0.000000 -33.414677 0.000000 0.000000 1.000000 0.000000
0.845547 0.533901 0.000000 72.413518 -0.533901 0.845547 0.000000 -33.414731 0.000000 0.000000 1.000000 0.000000
0.845546 0.533902 0.000000 72.413386 -0.533902 0.845546 0.000000 -33.414955 0.000000 0.000000 1.000000 0.000000
0.845556 0.533887 0.000000 72.413535 -0.533887 0.845556 0.000000 -33.414678 0.000000 0.000000 1.000000 0.000000
0.845537 0.533916 0.000000 72.413377 -0.533916 0.845537 0.000000 -33.415144 0.000000 0.000000 1.000000 0.000000
0.845545 0.533904 0.000000 72.413233 -0.533904 0.845545 0.000000 -33.415363 0.000000 0.000000 1.000000 0.000000
0.845437 0.534075 0.000000 72.413064 -0.534075 0.845437 0.000000 -33.415604 0.000000 0.000000 1.000000 0.000000
0.845361 0.534195 0.000000 72.413189 -0.534195 0.845361 0.000000 -33.415411 0.000000 0.000000 1.000000 0.000000
0.845342 0.534225 0.000000 72.413283 -0.534225 0.845342 0.000000 -33.415506 0.000000 0.000000 1.000000 0.000000
0.845386 0.534157 0.000000 72.413171 -0.534157 0.845386 0.000000 -33.415691 0.000000 0.000000 1.000000 0.000000
0.845381 0.534163 0.000000 72.413187 -0.534163 0.845381 0.000000 -33.415591 0.000000 0.000000 1.000000 0.000000
0.845380 0.534166 0.000000 72.413281 -0.534166 0.845380 0.000000 -33.415473 0.000000 0.000000 1.000000 0.000000
0.845351 0.534211 0.000000 72.413289 -0.534211 0.845351 0.000000 -33.415343 0.000000 0.000000 1.000000 0.000000
0.845353 0.534207 0.000000 72.413245 -0.534207 0.845353 0.000000 -33.415148 0.000000 0.000000 1.000000 0.000000
0.845312 0.534273 0.000000 72.413300 -0.534273 0.845312 0.000000 -33.415064 0.000000 0.000000 1.000000 0.000000
0.845240 0.534386 0.000000 72.413429 -0.534386 0.845240 0.000000 -33.415158 0.000000 0.000000 1.000000 0.000000
0.845266 0.534346 0.000000 72.413306 -0.534346 0.845266 0.000000 -33.415089 0.000000 0.000000 1.000000 0.000000
0.845253 0.534367 0.000000 72.413301 -0.534367 0.845253 0.000000 -33.414973 0.000000 0.000000 1.000000 0.000000
0.845238 0.534391 0.000000 72.413256 -0.534391 0.845238 0.000000 -33.414755 0.000000 0.000000 1.000000 0.000000
0.845263 0.534350 0.000000 72.413239 -0.534350 0.845263 0.000000 -33.414745 0.000000 0.000000 1.000000 0.000000
0.845373 0.534176 0.000000 72.413013 -0.534176 0.845373 0.000000 -33.414895 0.000000 0.000000 1.000000 0.000000
0.845709 0.533645 0.000000 72.412309 -0.533645 0.845709 0.000000 -33.415236 0.000000 0.000000 1.000000 0.000000
0.845668 0.533709 0.000000 72.412204 -0.533709 0.845668 0.000000 -33.414872 0.000000 0.000000 1.000000 0.000000
0.845633 0.533765 0.000000 72.412099 -0.533765 0.845633 0.000000 -33.414668 0.000000 0.000000 1.000000 0.000000
0.845645 0.533746 0.000000 72.411962 -0.533746 0.845645 0.000000 -33.414774 0.000000 0.000000 1.000000 0.000000
0.845728 0.533615 0.000000 72.412665 -0.533615 0.845728 0.000000 -33.415687 0.000000 0.000000 1.000000 0.000000
0.845810 0.533484 0.000000 72.412367 -0.533484 0.845810 0.000000 -33.415809 0.000000 0.000000 1.000000 0.000000
0.845733 0.533606 0.000000 72.412680 -0.533606 0.845733 0.000000 -33.415705 0.000000 0.000000 1.000000 0.000000
0.845538 0.533916 0.000000 72.413311 -0.533916 0.845538 0.000000 -33.414823 0.000000 0.000000 1.000000 0.000000
0.844934 0.534870 0.000000 72.414992 -0.534870 0.844934 0.000000 -33.413874 0.000000 0.000000 1.000000 0.000000
0.844422 0.535679 0.000000 72.417145 -0.535679 0.844422 0.000000 -33.413720 0.000000 0.000000 1.000000 0.000000
0.842983 0.537940 0.000000 72.361110 -0.537940 0.842983 0.000000 -33.343419 0.000000 0.000000 1.000000 0.000000
0.842958 0.537980 0.000000 72.360875 -0.537980 0.842958 0.000000 -33.344458 0.000000 0.000000 1.000000 0.000000
0.843053 0.537830 0.000000 72.360123 -0.537830 0.843053 0.000000 -33.346037 0.000000 0.000000 1.000000 0.000000
0.843160 0.537663 0.000000 72.361070 -0.537663 0.843160 0.000000 -33.350921 0.000000 0.000000 1.000000 0.000000
0.844537 0.535498 0.000000 72.359902 -0.535498 0.844537 0.000000 -33.355558 0.000000 0.000000 1.000000 0.000000
0.845139 0.534547 0.000000 72.357165 -0.534547 0.845139 0.000000 -33.356764 0.000000 0.000000 1.000000 0.000000
0.845614 0.533795 0.000000 72.353756 -0.533795 0.845614 0.000000 -33.359385 0.000000 0.000000 1.000000 0.000000
0.845749 0.533581 0.000000 72.338663 -0.533581 0.845749 0.000000 -33.436779 0.000000 0.000000 1.000000 0.000000
0.845843 0.533432 0.000000 72.339680 -0.533432 0.845843 0.000000 -33.437690 0.000000 0.000000 1.000000 0.000000
0.846013 0.533163 0.000000 72.339406 -0.533163 0.846013 0.000000 -33.438908 0.000000 0.000000 1.000000 0.000000
0.846024 0.533145 0.000000 72.339028 -0.533145 0.846024 0.000000 -33.439227 0.000000 0.000000 1.000000 0.000000
0.846049 0.533104 0.000000 72.338849 -0.533104 0.846049 0.000000 -33.438788 0.000000 0.000000 1.000000 0.000000
0.846179 0.532899 0.000000 72.337498 -0.532899 0.846179 0.000000 -33.438761 0.000000 0.000000 1.000000 0.000000
0.846150 0.532944 0.000000 72.335619 -0.532944 0.846150 0.000000 -33.438315 0.000000 0.000000 1.000000 0.000000
0.846267 0.532758 0.000000 72.334431 -0.532758 0.846267 0.000000 -33.438174 0.000000 0.000000 1.000000 0.000000
0.846304 0.532701 0.000000 72.333595 -0.532701 0.846304 0.000000 -33.437799 0.000000 0.000000 1.000000 0.000000
0.846345 0.532635 0.000000 72.332821 -0.532635 0.846345 0.000000 -33.437417 0.000000 0.000000 1.000000 0.000000
0.846677 0.532107 0.000000 72.332407 -0.532107 0.846677 0.000000 -33.438899 0.000000 0.000000 1.000000 0.000000
0.847015 0.531568 0.000000 72.331115 -0.531568 0.847015 0.000000 -33.441208 0.000000 0.000000 1.000000 0.000000
0.847623 0.530600 0.000000 72.329984 -0.530600 0.847623 0.000000 -33.443510 0.000000 0.000000 1.000000 0.000000
0.847890 0.530172 0.000000 72.329043 -0.530172 0.847890 0.000000 -33.444705 0.000000 0.000000 1.000000 0.000000
0.847855 0.530229 0.000000 72.328216 -0.530229 0.847855 0.000000 -33.444962 0.000000 0.000000 1.000000 0.000000
0.847513 0.530775 0.000000 72.362971 -0.530775 0.847513 0.000000 -33.473387 0.000000 0.000000 1.000000 0.000000
0.846225 0.532826 0.000000 72.366180 -0.532826 0.846225 0.000000 -33.474728 0.000000 0.000000 1.000000 0.000000
0.845259 0.534357 0.000000 72.371451 -0.534357 0.845259 0.000000 -33.472712 0.000000 0.000000 1.000000 0.000000
0.844367 0.535766 0.000000 72.375295 -0.535766 0.844367 0.000000 -33.470590 0.000000 0.000000 1.000000 0.000000
0.843395 0.537295 0.000000 72.378638 -0.537295 0.843395 0.000000 -33.468071 0.000000 0.000000 1.000000 0.000000
0.842209 0.539151 0.000000 72.383888 -0.539151 0.842209 0.000000 -33.464830 0.000000 0.000000 1.000000 0.000000
0.841169 0.540772 0.000000 72.392979 -0.540772 0.841169 0.000000 -33.465741 0.000000 0.000000 1.000000 0.000000
0.840590 0.541672 0.000000 72.402438 -0.541672 0.840590 0.000000 -33.471030 0.000000 0.000000 1.000000 0.000000
0.840560 0.541719 0.000000 72.410431 -0.541719 0.840560 0.000000 -33.476332 0.000000 0.000000 1.000000 0.000000
0.840908 0.541178 0.000000 72.417026 -0.541178 0.840908 0.000000 -33.482529 0.000000 0.000000 1.000000 0.000000
0.841468 0.540307 0.000000 72.423405 -0.540307 0.841468 0.000000 -33.489589 0.000000 0.000000 1.000000 0.000000
0.842243 0.539098 0.000000 72.430353 -0.539098 0.842243 0.000000 -33.495277 0.000000 0.000000 1.000000 0.000000
0.843522 0.537094 0.000000 72.444752 -0.537094 0.843522 0.000000 -33.511260 0.000000 0.000000 1.000000 0.000000
0.843797 0.536662 0.000000 72.454716 -0.536662 0.843797 0.000000 -33.517456 0.000000 0.000000 1.000000 0.000000
0.843786 0.536679 0.000000 72.467778 -0.536679 0.843786 0.000000 -33.523075 0.000000 0.000000 1.000000 0.000000
0.843461 0.537190 0.000000 72.484178 -0.537190 0.843461 0.000000 -33.528095 0.000000 0.000000 1.000000 0.000000
0.843075 0.537796 0.000000 72.499176 -0.537796 0.843075 0.000000 -33.532075 0.000000 0.000000 1.000000 0.000000
0.842758 0.538292 0.000000 72.515261 -0.538292 0.842758 0.000000 -33.536758 0.000000 0.000000 1.000000 0.000000
0.843038 0.537853 0.000000 72.540674 -0.537853 0.843038 0.000000 -33.543832 0.000000 0.000000 1.000000 0.000000
0.843307 0.537432 0.000000 72.549975 -0.537432 0.843307 0.000000 -33.551965 0.000000 0.000000 1.000000 0.000000
0.843598 0.536975 0.000000 72.558441 -0.536975 0.843598 0.000000 -33.555175 0.000000 0.000000 1.000000 0.000000
0.844268 0.535921 0.000000 72.567785 -0.535921 0.844268 0.000000 -33.563634 0.000000 0.000000 1.000000 0.000000
0.845021 0.534733 0.000000 72.577244 -0.534733 0.845021 0.000000 -33.567826 0.000000 0.000000 1.000000 0.000000
0.846494 0.532398 0.000000 72.585704 -0.532398 0.846494 0.000000 -33.578421 0.000000 0.000000 1.000000 0.000000
0.847182 0.531303 0.000000 72.592736 -0.531303 0.847182 0.000000 -33.592670 0.000000 0.000000 1.000000 0.000000
0.847472 0.530840 0.000000 72.598481 -0.530840 0.847472 0.000000 -33.597604 0.000000 0.000000 1.000000 0.000000
0.847532 0.530744 0.000000 72.603077 -0.530744 0.847532 0.000000 -33.598147 0.000000 0.000000 1.000000 0.000000
0.847160 0.531338 0.000000 72.607456 -0.531338 0.847160 0.000000 -33.598583 0.000000 0.000000 1.000000 0.000000
0.846441 0.532483 0.000000 72.613925 -0.532483 0.846441 0.000000 -33.596175 0.000000 0.000000 1.000000 0.000000
0.846021 0.533150 0.000000 72.616944 -0.533150 0.846021 0.000000 -33.597414 0.000000 0.000000 1.000000 0.000000
0.845843 0.533432 0.000000 72.619786 -0.533432 0.845843 0.000000 -33.598810 0.000000 0.000000 1.000000 0.000000
0.845736 0.533601 0.000000 72.619519 -0.533601 0.845736 0.000000 -33.599366 0.000000 0.000000 1.000000 0.000000
0.846015 0.533159 0.000000 72.621151 -0.533159 0.846015 0.000000 -33.597663 0.000000 0.000000 1.000000 0.000000
0.846839 0.531850 0.000000 72.618577 -0.531850 0.846839 0.000000 -33.601894 0.000000 0.000000 1.000000 0.000000
0.847209 0.531259 0.000000 72.616383 -0.531259 0.847209 0.000000 -33.601652 0.000000 0.000000 1.000000 0.000000
0.847298 0.531118 0.000000 72.614918 -0.531118 0.847298 0.000000 -33.600242 0.000000 0.000000 1.000000 0.000000
0.847399 0.530956 0.000000 72.613318 -0.530956 0.847399 0.000000 -33.599917 0.000000 0.000000 1.000000 0.000000
0.847792 0.530329 0.000000 72.612790 -0.530329 0.847792 0.000000 -33.600447 0.000000 0.000000 1.000000 0.000000
0.848102 0.529833 0.000000 72.611150 -0.529833 0.848102 0.000000 -33.601231 0.000000 0.000000 1.000000 0.000000
0.848905 0.528545 0.000000 72.607964 -0.528545 0.848905 0.000000 -33.601950 0.000000 0.000000 1.000000 0.000000
0.849204 0.528065 0.000000 72.606684 -0.528065 0.849204 0.000000 -33.602024 0.000000 0.000000 1.000000 0.000000
0.849722 0.527231 0.000000 72.605341 -0.527231 0.849722 0.000000 -33.603229 0.000000 0.000000 1.000000 0.000000
0.850195 0.526468 0.000000 72.604535 -0.526468 0.850195 0.000000 -33.603946 0.000000 0.000000 1.000000 0.000000
0.850526 0.525933 0.000000 72.604192 -0.525933 0.850526 0.000000 -33.604067 0.000000 0.000000 1.000000 0.000000
0.850828 0.525445 0.000000 72.603865 -0.525445 0.850828 0.000000 -33.604245 0.000000 0.000000 1.000000 0.000000
0.850967 0.525220 0.000000 72.603977 -0.525220 0.850967 0.000000 -33.603938 0.000000 0.000000 1.000000 0.000000
0.851170 0.524890 0.000000 72.603972 -0.524890 0.851170 0.000000 -33.604247 0.000000 0.000000 1.000000 0.000000
0.851372 0.524562 0.000000 72.603854 -0.524562 0.851372 0.000000 -33.604390 0.000000 0.000000 1.000000 0.000000
0.851610 0.524176 0.000000 72.603637 -0.524176 0.851610 0.000000 -33.604664 0.000000 0.000000 1.000000 0.000000
0.852375 0.522931 0.000000 72.602197 -0.522931 0.852375 0.000000 -33.607227 0.000000 0.000000 1.000000 0.000000
0.852827 0.522194 0.000000 72.602154 -0.522194 0.852827 0.000000 -33.608792 0.000000 0.000000 1.000000 0.000000
0.853324 0.521382 0.000000 72.601874 -0.521382 0.853324 0.000000 -33.610550 0.000000 0.000000 1.000000 0.000000
0.853706 0.520755 0.000000 72.601920 -0.520755 0.853706 0.000000 -33.612666 0.000000 0.000000 1.000000 0.000000
0.853859 0.520504 0.000000 72.603489 -0.520504 0.853859 0.000000 -33.614104 0.000000 0.000000 1.000000 0.000000
0.853383 0.521284 0.000000 72.608945 -0.521284 0.853383 0.000000 -33.611862 0.000000 0.000000 1.000000 0.000000
