1.000000 0.000793 0.000000 0.590881 -0.000793 1.000000 0.000000 -0.003941 0.000000 0.000000 1.000000 0.000000
0.999999 0.001663 0.000000 1.181841 -0.001663 0.999999 0.000000 -0.008978 0.000000 0.000000 1.000000 0.000000
0.999997 0.002407 0.000000 1.731188 -0.002407 0.999997 0.000000 -0.021868 0.000000 0.000000 1.000000 0.000000
0.999994 0.003586 0.000000 2.323693 -0.003586 0.999994 0.000000 -0.034808 0.000000 0.000000 1.000000 0.000000
0.999991 0.004289 0.000000 2.873712 -0.004289 0.999991 0.000000 -0.034661 0.000000 0.000000 1.000000 0.000000
0.999986 0.005275 0.000000 3.456826 -0.005275 0.999986 0.000000 -0.028060 0.000000 0.000000 1.000000 0.000000
0.999980 0.006259 0.000000 4.014635 -0.006259 0.999980 0.000000 -0.032002 0.000000 0.000000 1.000000 0.000000
0.999974 0.007160 0.000000 4.586525 -0.007160 0.999974 0.000000 -0.048128 0.000000 0.000000 1.000000 0.000000
0.999960 0.008994 0.000000 5.163849 -0.008994 0.999960 0.000000 -0.060645 0.000000 0.000000 1.000000 0.000000
0.999939 0.011059 0.000000 5.915186 -0.011059 0.999939 0.000000 -0.077531 0.000000 0.000000 1.000000 0.000000
0.999925 0.012283 0.000000 6.531070 -0.012283 0.999925 0.000000 -0.090734 0.000000 0.000000 1.000000 0.000000
0.999908 0.013583 0.000000 7.072582 -0.013583 0.999908 0.000000 -0.099903 0.000000 0.000000 1.000000 0.000000
0.999877 0.015690 0.000000 7.688498 -0.015690 0.999877 0.000000 -0.105349 0.000000 0.000000 1.000000 0.000000
0.999853 0.017122 0.000000 8.265061 -0.017122 0.999853 0.000000 -0.114825 0.000000 0.000000 1.000000 0.000000
0.999811 0.019457 0.000000 8.842196 -0.019457 0.999811 0.000000 -0.130650 0.000000 0.000000 1.000000 0.000000
0.999753 0.022207 0.000000 9.424040 -0.022207 0.999753 0.000000 -0.144951 0.000000 0.000000 1.000000 0.000000
0.999714 0.023912 0.000000 10.025637 -0.023912 0.999714 0.000000 -0.155314 0.000000 0.000000 1.000000 0.000000
0.999640 0.026814 0.000000 10.591443 -0.026814 0.999640 0.000000 -0.169062 0.000000 0.000000 1.000000 0.000000
0.999599 0.028307 0.000000 11.177696 -0.028307 0.999599 0.000000 -0.186703 0.000000 0.000000 1.000000 0.000000
0.999516 0.031109 0.000000 11.748884 -0.031109 0.999516 0.000000 -0.210871 0.000000 0.000000 1.000000 0.000000
0.999469 0.032582 0.000000 12.320620 -0.032582 0.999469 0.000000 -0.236535 0.000000 0.000000 1.000000 0.000000
0.999382 0.035162 0.000000 12.860071 -0.035162 0.999382 0.000000 -0.255258 0.000000 0.000000 1.000000 0.000000
0.999270 0.038199 0.000000 13.438540 -0.038199 0.999270 0.000000 -0.301728 0.000000 0.000000 1.000000 0.000000
0.999261 0.038451 0.000000 14.521307 -0.038451 0.999261 0.000000 -0.359373 0.000000 0.000000 1.000000 0.000000
0.999340 0.036329 0.000000 15.451182 -0.036329 0.999340 0.000000 -0.424651 0.000000 0.000000 1.000000 0.000000
0.999339 0.036346 0.000000 16.012761 -0.036346 0.999339 0.000000 -0.452010 0.000000 0.000000 1.000000 0.000000
0.999288 0.037734 0.000000 16.575608 -0.037734 0.999288 0.000000 -0.487814 0.000000 0.000000 1.000000 0.000000
0.999356 0.035871 0.000000 17.131527 -0.035871 0.999356 0.000000 -0.533505 0.000000 0.000000 1.000000 0.000000
0.999462 0.032806 0.000000 17.693867 -0.032806 0.999462 0.000000 -0.569852 0.000000 0.000000 1.000000 0.000000
0.999321 0.036835 0.000000 18.292428 -0.036835 0.999321 0.000000 -0.609301 0.000000 0.000000 1.000000 0.000000
0.998962 0.045557 0.000000 18.863857 -0.045557 0.998962 0.000000 -0.640974 0.000000 0.000000 1.000000 0.000000
0.998632 0.052291 0.000000 20.000233 -0.052291 0.998632 0.000000 -0.766981 0.000000 0.000000 1.000000 0.000000
0.998644 0.052066 0.000000 20.596600 -0.052066 0.998644 0.000000 -0.782496 0.000000 0.000000 1.000000 0.000000
0.998622 0.052478 0.000000 21.155949 -0.052478 0.998622 0.000000 -0.834141 0.000000 0.000000 1.000000 0.000000
0.998687 0.051223 0.000000 21.681664 -0.051223 0.998687 0.000000 -0.879254 0.000000 0.000000 1.000000 0.000000
0.998631 0.052305 0.000000 22.248511 -0.052305 0.998631 0.000000 -0.913030 0.000000 0.000000 1.000000 0.000000
0.998500 0.054746 0.000000 23.137970 -0.054746 0.998500 0.000000 -0.985938 0.000000 0.000000 1.000000 0.000000
0.998472 0.055251 0.000000 23.737801 -0.055251 0.998472 0.000000 -1.028495 0.000000 0.000000 1.000000 0.000000
0.998473 0.055250 0.000000 24.297643 -0.055250 0.998473 0.000000 -1.071663 0.000000 0.000000 1.000000 0.000000
0.998440 0.055836 0.000000 24.858420 -0.055836 0.998440 0.000000 -1.111864 0.000000 0.000000 1.000000 0.000000
0.998404 0.056467 0.000000 25.415658 -0.056467 0.998404 0.000000 -1.157918 0.000000 0.000000 1.000000 0.000000
0.998328 0.057802 0.000000 25.979280 -0.057802 0.998328 0.000000 -1.200225 0.000000 0.000000 1.000000 0.000000
0.998348 0.057451 0.000000 26.534712 -0.057451 0.998348 0.000000 -1.246541 0.000000 0.000000 1.000000 0.000000
0.998311 0.058088 0.000000 27.102609 -0.058088 0.998311 0.000000 -1.285462 0.000000 0.000000 1.000000 0.000000
0.998215 0.059722 0.000000 27.662085 -0.059722 0.998215 0.000000 -1.324622 0.000000 0.000000 1.000000 0.000000
0.998125 0.061206 0.000000 28.188061 -0.061206 0.998125 0.000000 -1.363374 0.000000 0.000000 1.000000 0.000000
0.997774 0.066693 0.000000 29.127808 -0.066693 0.997774 0.000000 -1.425709 0.000000 0.000000 1.000000 0.000000
0.997541 0.070087 0.000000 29.688227 -0.070087 0.997541 0.000000 -1.462466 0.000000 0.000000 1.000000 0.000000
0.997412 0.071894 0.000000 30.255848 -0.071894 0.997412 0.000000 -1.511929 0.000000 0.000000 1.000000 0.000000
0.997267 0.073882 0.000000 30.821215 -0.073882 0.997267 0.000000 -1.536436 0.000000 0.000000 1.000000 0.000000
0.997132 0.075682 0.000000 31.378310 -0.075682 0.997132 0.000000 -1.578499 0.000000 0.000000 1.000000 0.000000
0.997047 0.076788 0.000000 31.938878 -0.076788 0.997047 0.000000 -1.622672 0.000000 0.000000 1.000000 0.000000
0.996982 0.077629 0.000000 32.532387 -0.077629 0.996982 0.000000 -1.662809 0.000000 0.000000 1.000000 0.000000
0.997003 0.077365 0.000000 33.053786 -0.077365 0.997003 0.000000 -1.707160 0.000000 0.000000 1.000000 0.000000
0.997070 0.076493 0.000000 33.603461 -0.076493 0.997070 0.000000 -1.753229 0.000000 0.000000 1.000000 0.000000
0.996954 0.077998 0.000000 34.163108 -0.077998 0.996954 0.000000 -1.778797 0.000000 0.000000 1.000000 0.000000
0.996723 0.080886 0.000000 34.734443 -0.080886 0.996723 0.000000 -1.824552 0.000000 0.000000 1.000000 0.000000
0.996624 0.082098 0.000000 35.253608 -0.082098 0.996624 0.000000 -1.868643 0.000000 0.000000 1.000000 0.000000
0.996127 0.087921 0.000000 35.816383 -0.087921 0.996127 0.000000 -1.913132 0.000000 0.000000 1.000000 0.000000
0.996205 0.087041 0.000000 36.338135 -0.087041 0.996205 0.000000 -2.004808 0.000000 0.000000 1.000000 0.000000
0.996315 0.085768 0.000000 37.289530 -0.085768 0.996315 0.000000 -2.095133 0.000000 0.000000 1.000000 0.000000
0.996201 0.087078 0.000000 37.847706 -0.087078 0.996201 0.000000 -2.151875 0.000000 0.000000 1.000000 0.000000
0.996174 0.087393 0.000000 38.394335 -0.087393 0.996174 0.000000 -2.204269 0.000000 0.000000 1.000000 0.000000
0.995859 0.090907 0.000000 39.486334 -0.090907 0.995859 0.000000 -2.293434 0.000000 0.000000 1.000000 0.000000
0.995568 0.094039 0.000000 40.057821 -0.094039 0.995568 0.000000 -2.356160 0.000000 0.000000 1.000000 0.000000
0.995588 0.093835 0.000000 40.547015 -0.093835 0.995588 0.000000 -2.407050 0.000000 0.000000 1.000000 0.000000
0.995587 0.093839 0.000000 41.582049 -0.093839 0.995587 0.000000 -2.510232 0.000000 0.000000 1.000000 0.000000
0.995641 0.093269 0.000000 42.109360 -0.093269 0.995641 0.000000 -2.564896 0.000000 0.000000 1.000000 0.000000
0.995718 0.092447 0.000000 42.622843 -0.092447 0.995718 0.000000 -2.609917 0.000000 0.000000 1.000000 0.000000
0.995661 0.093053 0.000000 43.112554 -0.093053 0.995661 0.000000 -2.648135 0.000000 0.000000 1.000000 0.000000
0.995731 0.092299 0.000000 44.000003 -0.092299 0.995731 0.000000 -2.741866 0.000000 0.000000 1.000000 0.000000
0.995546 0.094280 0.000000 44.514807 -0.094280 0.995546 0.000000 -2.776945 0.000000 0.000000 1.000000 0.000000
0.995064 0.099238 0.000000 45.012997 -0.099238 0.995064 0.000000 -2.812171 0.000000 0.000000 1.000000 0.000000
0.994796 0.101889 0.000000 45.497861 -0.101889 0.994796 0.000000 -2.864502 0.000000 0.000000 1.000000 0.000000
0.994712 0.102704 0.000000 45.978276 -0.102704 0.994712 0.000000 -2.906104 0.000000 0.000000 1.000000 0.000000
0.994480 0.104924 0.000000 46.447256 -0.104924 0.994480 0.000000 -2.937255 0.000000 0.000000 1.000000 0.000000
0.994179 0.107739 0.000000 46.919477 -0.107739 0.994179 0.000000 -2.981240 0.000000 0.000000 1.000000 0.000000
0.993963 0.109714 0.000000 47.612040 -0.109714 0.993963 0.000000 -3.063888 0.000000 0.000000 1.000000 0.000000
0.994031 0.109098 0.000000 48.037441 -0.109098 0.994031 0.000000 -3.108594 0.000000 0.000000 1.000000 0.000000
0.994152 0.107992 0.000000 48.487634 -0.107992 0.994152 0.000000 -3.153985 0.000000 0.000000 1.000000 0.000000
0.994188 0.107661 0.000000 48.931653 -0.107661 0.994188 0.000000 -3.196727 0.000000 0.000000 1.000000 0.000000
0.994323 0.106402 0.000000 49.335928 -0.106402 0.994323 0.000000 -3.237378 0.000000 0.000000 1.000000 0.000000
0.994563 0.104138 0.000000 49.763113 -0.104138 0.994563 0.000000 -3.275430 0.000000 0.000000 1.000000 0.000000
0.994527 0.104477 0.000000 50.482593 -0.104477 0.994527 0.000000 -3.348235 0.000000 0.000000 1.000000 0.000000
0.994423 0.105462 0.000000 50.861380 -0.105462 0.994423 0.000000 -3.386392 0.000000 0.000000 1.000000 0.000000
0.994352 0.106134 0.000000 51.290911 -0.106134 0.994352 0.000000 -3.433241 0.000000 0.000000 1.000000 0.000000
0.994284 0.106771 0.000000 51.683004 -0.106771 0.994284 0.000000 -3.472810 0.000000 0.000000 1.000000 0.000000
0.994206 0.107490 0.000000 52.070333 -0.107490 0.994206 0.000000 -3.514114 0.000000 0.000000 1.000000 0.000000
0.994050 0.108923 0.000000 52.446792 -0.108923 0.994050 0.000000 -3.550597 0.000000 0.000000 1.000000 0.000000
0.994080 0.108649 0.000000 52.822477 -0.108649 0.994080 0.000000 -3.600636 0.000000 0.000000 1.000000 0.000000
0.994054 0.108887 0.000000 53.198514 -0.108887 0.994054 0.000000 -3.648162 0.000000 0.000000 1.000000 0.000000
0.993871 0.110542 0.000000 53.562122 -0.110542 0.993871 0.000000 -3.683075 0.000000 0.000000 1.000000 0.000000
0.993589 0.113049 0.000000 53.921972 -0.113049 0.993589 0.000000 -3.719205 0.000000 0.000000 1.000000 0.000000
0.993446 0.114306 0.000000 54.593746 -0.114306 0.993446 0.000000 -3.796766 0.000000 0.000000 1.000000 0.000000
0.993507 0.113772 0.000000 54.929727 -0.113772 0.993507 0.000000 -3.829712 0.000000 0.000000 1.000000 0.000000
0.993541 0.113477 0.000000 55.240185 -0.113477 0.993541 0.000000 -3.862475 0.000000 0.000000 1.000000 0.000000
0.993461 0.114174 0.000000 55.561129 -0.114174 0.993461 0.000000 -3.903109 0.000000 0.000000 1.000000 0.000000
0.993255 0.115947 0.000000 55.886082 -0.115947 0.993255 0.000000 -3.935855 0.000000 0.000000 1.000000 0.000000
0.992735 0.120321 0.000000 56.180676 -0.120321 0.992735 0.000000 -3.954935 0.000000 0.000000 1.000000 0.000000
0.992154 0.125025 0.000000 56.500597 -0.125025 0.992154 0.000000 -3.982033 0.000000 0.000000 1.000000 0.000000
0.992131 0.125206 0.000000 56.811484 -0.125206 0.992131 0.000000 -4.020880 0.000000 0.000000 1.000000 0.000000
0.992314 0.123748 0.000000 57.324864 -0.123748 0.992314 0.000000 -4.089678 0.000000 0.000000 1.000000 0.000000
0.992223 0.124472 0.000000 57.627537 -0.124472 0.992223 0.000000 -4.128527 0.000000 0.000000 1.000000 0.000000
0.991949 0.126637 0.000000 57.927105 -0.126637 0.991949 0.000000 -4.164245 0.000000 0.000000 1.000000 0.000000
0.991730 0.128341 0.000000 58.239420 -0.128341 0.991730 0.000000 -4.210301 0.000000 0.000000 1.000000 0.000000
0.991601 0.129336 0.000000 58.529861 -0.129336 0.991601 0.000000 -4.247606 0.000000 0.000000 1.000000 0.000000
0.991486 0.130214 0.000000 58.795203 -0.130214 0.991486 0.000000 -4.283273 0.000000 0.000000 1.000000 0.000000
0.991334 0.131362 0.000000 59.094072 -0.131362 0.991334 0.000000 -4.317315 0.000000 0.000000 1.000000 0.000000
0.991188 0.132466 0.000000 59.367713 -0.132466 0.991188 0.000000 -4.351499 0.000000 0.000000 1.000000 0.000000
0.991024 0.133688 0.000000 59.634174 -0.133688 0.991024 0.000000 -4.394016 0.000000 0.000000 1.000000 0.000000
0.990839 0.135052 0.000000 60.081172 -0.135052 0.990839 0.000000 -4.471120 0.000000 0.000000 1.000000 0.000000
0.990749 0.135704 0.000000 60.323151 -0.135704 0.990749 0.000000 -4.506885 0.000000 0.000000 1.000000 0.000000
0.990663 0.136337 0.000000 60.602691 -0.136337 0.990663 0.000000 -4.547880 0.000000 0.000000 1.000000 0.000000
0.990606 0.136748 0.000000 60.863536 -0.136748 0.990606 0.000000 -4.585283 0.000000 0.000000 1.000000 0.000000
0.990532 0.137285 0.000000 61.124467 -0.137285 0.990532 0.000000 -4.625076 0.000000 0.000000 1.000000 0.000000
0.990431 0.138007 0.000000 61.386055 -0.138007 0.990431 0.000000 -4.664883 0.000000 0.000000 1.000000 0.000000
0.990391 0.138295 0.000000 61.642026 -0.138295 0.990391 0.000000 -4.699843 0.000000 0.000000 1.000000 0.000000
0.990203 0.139632 0.000000 61.910921 -0.139632 0.990203 0.000000 -4.725673 0.000000 0.000000 1.000000 0.000000
0.989974 0.141251 0.000000 62.156147 -0.141251 0.989974 0.000000 -4.760548 0.000000 0.000000 1.000000 0.000000
0.989828 0.142271 0.000000 62.421693 -0.142271 0.989828 0.000000 -4.796672 0.000000 0.000000 1.000000 0.000000
0.989734 0.142925 0.000000 62.669699 -0.142925 0.989734 0.000000 -4.833437 0.000000 0.000000 1.000000 0.000000
0.989573 0.144034 0.000000 62.924975 -0.144034 0.989573 0.000000 -4.873105 0.000000 0.000000 1.000000 0.000000
0.989285 0.145995 0.000000 63.363259 -0.145995 0.989285 0.000000 -4.942118 0.000000 0.000000 1.000000 0.000000
0.989218 0.146452 0.000000 63.635030 -0.146452 0.989218 0.000000 -4.985095 0.000000 0.000000 1.000000 0.000000
0.989133 0.147026 0.000000 63.910873 -0.147026 0.989133 0.000000 -5.031200 0.000000 0.000000 1.000000 0.000000
0.989013 0.147831 0.000000 64.183856 -0.147831 0.989013 0.000000 -5.075835 0.000000 0.000000 1.000000 0.000000
0.988901 0.148574 0.000000 64.463283 -0.148574 0.988901 0.000000 -5.121650 0.000000 0.000000 1.000000 0.000000
0.988784 0.149353 0.000000 64.758268 -0.149353 0.988784 0.000000 -5.171017 0.000000 0.000000 1.000000 0.000000
0.988776 0.149408 0.000000 65.015746 -0.149408 0.988776 0.000000 -5.217195 0.000000 0.000000 1.000000 0.000000
0.988568 0.150773 0.000000 65.312766 -0.150773 0.988568 0.000000 -5.262659 0.000000 0.000000 1.000000 0.000000
0.988297 0.152544 0.000000 65.585556 -0.152544 0.988297 0.000000 -5.310246 0.000000 0.000000 1.000000 0.000000
0.988210 0.153104 0.000000 65.847478 -0.153104 0.988210 0.000000 -5.357495 0.000000 0.000000 1.000000 0.000000
0.987941 0.154829 0.000000 66.131092 -0.154829 0.987941 0.000000 -5.404156 0.000000 0.000000 1.000000 0.000000
0.987704 0.156337 0.000000 66.396799 -0.156337 0.987704 0.000000 -5.449675 0.000000 0.000000 1.000000 0.000000
0.986922 0.161196 0.000000 67.168623 -0.161196 0.986922 0.000000 -5.573618 0.000000 0.000000 1.000000 0.000000
0.986422 0.164228 0.000000 67.457378 -0.164228 0.986422 0.000000 -5.618259 0.000000 0.000000 1.000000 0.000000
0.986093 0.166193 0.000000 67.750514 -0.166193 0.986093 0.000000 -5.669635 0.000000 0.000000 1.000000 0.000000
0.986136 0.165940 0.000000 68.037824 -0.165940 0.986136 0.000000 -5.722198 0.000000 0.000000 1.000000 0.000000
0.986722 0.162416 0.000000 68.353358 -0.162416 0.986722 0.000000 -5.806628 0.000000 0.000000 1.000000 0.000000
0.986156 0.165822 0.000000 68.940672 -0.165822 0.986156 0.000000 -5.906455 0.000000 0.000000 1.000000 0.000000
0.986026 0.166590 0.000000 69.241544 -0.166590 0.986026 0.000000 -5.961549 0.000000 0.000000 1.000000 0.000000
0.985960 0.166981 0.000000 69.526674 -0.166981 0.985960 0.000000 -6.011965 0.000000 0.000000 1.000000 0.000000
0.985387 0.170330 0.000000 69.990832 -0.170330 0.985387 0.000000 -6.090172 0.000000 0.000000 1.000000 0.000000
0.984531 0.175209 0.000000 70.306691 -0.175209 0.984531 0.000000 -6.141485 0.000000 0.000000 1.000000 0.000000
0.983522 0.180788 0.000000 70.829263 -0.180788 0.983522 0.000000 -6.257283 0.000000 0.000000 1.000000 0.000000
0.983436 0.181254 0.000000 71.160065 -0.181254 0.983436 0.000000 -6.319741 0.000000 0.000000 1.000000 0.000000
0.982932 0.183969 0.000000 71.490871 -0.183969 0.982932 0.000000 -6.362300 0.000000 0.000000 1.000000 0.000000
0.982418 0.186693 0.000000 71.822069 -0.186693 0.982418 0.000000 -6.423246 0.000000 0.000000 1.000000 0.000000
0.982270 0.187474 0.000000 72.175515 -0.187474 0.982270 0.000000 -6.491698 0.000000 0.000000 1.000000 0.000000
0.982595 0.185760 0.000000 72.744208 -0.185760 0.982595 0.000000 -6.619062 0.000000 0.000000 1.000000 0.000000
0.982877 0.184263 0.000000 73.090843 -0.184263 0.982877 0.000000 -6.683517 0.000000 0.000000 1.000000 0.000000
0.982860 0.184353 0.000000 73.470010 -0.184353 0.982860 0.000000 -6.766428 0.000000 0.000000 1.000000 0.000000
0.982810 0.184618 0.000000 73.827595 -0.184618 0.982810 0.000000 -6.835544 0.000000 0.000000 1.000000 0.000000
0.982796 0.184692 0.000000 74.481930 -0.184692 0.982796 0.000000 -6.959606 0.000000 0.000000 1.000000 0.000000
0.983278 0.182110 0.000000 75.150960 -0.182110 0.983278 0.000000 -7.095051 0.000000 0.000000 1.000000 0.000000
0.983677 0.179941 0.000000 75.539797 -0.179941 0.983677 0.000000 -7.165847 0.000000 0.000000 1.000000 0.000000
0.983565 0.180556 0.000000 75.961197 -0.180556 0.983565 0.000000 -7.233881 0.000000 0.000000 1.000000 0.000000
0.983269 0.182161 0.000000 76.357309 -0.182161 0.983269 0.000000 -7.315031 0.000000 0.000000 1.000000 0.000000
0.983226 0.182391 0.000000 76.782643 -0.182391 0.983226 0.000000 -7.418864 0.000000 0.000000 1.000000 0.000000
0.983223 0.182407 0.000000 77.193735 -0.182407 0.983223 0.000000 -7.496077 0.000000 0.000000 1.000000 0.000000
0.983671 0.179975 0.000000 77.640791 -0.179975 0.983671 0.000000 -7.583008 0.000000 0.000000 1.000000 0.000000
0.984082 0.177716 0.000000 78.330196 -0.177716 0.984082 0.000000 -7.696648 0.000000 0.000000 1.000000 0.000000
0.984170 0.177230 0.000000 79.139919 -0.177230 0.984170 0.000000 -7.854714 0.000000 0.000000 1.000000 0.000000
0.983973 0.178318 0.000000 79.611546 -0.178318 0.983973 0.000000 -7.938463 0.000000 0.000000 1.000000 0.000000
0.983404 0.181427 0.000000 80.093589 -0.181427 0.983404 0.000000 -8.028901 0.000000 0.000000 1.000000 0.000000
0.982576 0.185863 0.000000 80.559272 -0.185863 0.982576 0.000000 -8.099591 0.000000 0.000000 1.000000 0.000000
0.982167 0.188012 0.000000 81.071134 -0.188012 0.982167 0.000000 -8.192731 0.000000 0.000000 1.000000 0.000000
0.981543 0.191240 0.000000 81.519251 -0.191240 0.981543 0.000000 -8.261634 0.000000 0.000000 1.000000 0.000000
0.980635 0.195843 0.000000 82.020261 -0.195843 0.980635 0.000000 -8.356272 0.000000 0.000000 1.000000 0.000000
0.979996 0.199019 0.000000 82.530208 -0.199019 0.979996 0.000000 -8.454800 0.000000 0.000000 1.000000 0.000000
0.979415 0.201859 0.000000 83.042030 -0.201859 0.979415 0.000000 -8.557658 0.000000 0.000000 1.000000 0.000000
0.978990 0.203907 0.000000 83.532009 -0.203907 0.978990 0.000000 -8.662073 0.000000 0.000000 1.000000 0.000000
0.978465 0.206413 0.000000 84.052685 -0.206413 0.978465 0.000000 -8.775249 0.000000 0.000000 1.000000 0.000000
0.978024 0.208493 0.000000 84.999672 -0.208493 0.978024 0.000000 -8.990381 0.000000 0.000000 1.000000 0.000000
0.978000 0.208603 0.000000 85.536309 -0.208603 0.978000 0.000000 -9.111413 0.000000 0.000000 1.000000 0.000000
0.977389 0.211448 0.000000 86.077950 -0.211448 0.977389 0.000000 -9.221943 0.000000 0.000000 1.000000 0.000000
0.976374 0.216089 0.000000 86.628801 -0.216089 0.976374 0.000000 -9.336602 0.000000 0.000000 1.000000 0.000000
0.975968 0.217916 0.000000 87.186767 -0.217916 0.975968 0.000000 -9.465504 0.000000 0.000000 1.000000 0.000000
0.975614 0.219492 0.000000 88.032031 -0.219492 0.975614 0.000000 -9.668950 0.000000 0.000000 1.000000 0.000000
0.974748 0.223306 0.000000 88.555142 -0.223306 0.974748 0.000000 -9.794347 0.000000 0.000000 1.000000 0.000000
0.972817 0.231575 0.000000 89.660496 -0.231575 0.972817 0.000000 -10.055104 0.000000 0.000000 1.000000 0.000000
0.971770 0.235930 0.000000 90.389984 -0.235930 0.971770 0.000000 -10.223657 0.000000 0.000000 1.000000 0.000000
0.970773 0.240001 0.000000 90.964477 -0.240001 0.970773 0.000000 -10.357944 0.000000 0.000000 1.000000 0.000000
0.969541 0.244929 0.000000 91.540963 -0.244929 0.969541 0.000000 -10.509588 0.000000 0.000000 1.000000 0.000000
0.968900 0.247454 0.000000 92.130558 -0.247454 0.968900 0.000000 -10.654412 0.000000 0.000000 1.000000 0.000000
0.968625 0.248528 0.000000 92.725550 -0.248528 0.968625 0.000000 -10.804324 0.000000 0.000000 1.000000 0.000000
0.968248 0.249991 0.000000 93.359104 -0.249991 0.968248 0.000000 -10.946568 0.000000 0.000000 1.000000 0.000000
0.967513 0.252820 0.000000 93.925341 -0.252820 0.967513 0.000000 -11.095281 0.000000 0.000000 1.000000 0.000000
0.966970 0.254889 0.000000 94.511978 -0.254889 0.966970 0.000000 -11.253227 0.000000 0.000000 1.000000 0.000000
0.967489 0.252912 0.000000 95.117961 -0.252912 0.967489 0.000000 -11.419927 0.000000 0.000000 1.000000 0.000000
0.968320 0.249711 0.000000 95.679071 -0.249711 0.968320 0.000000 -11.570072 0.000000 0.000000 1.000000 0.000000
0.968624 0.248532 0.000000 96.275274 -0.248532 0.968624 0.000000 -11.730474 0.000000 0.000000 1.000000 0.000000
0.968503 0.249003 0.000000 96.875475 -0.249003 0.968503 0.000000 -11.892337 0.000000 0.000000 1.000000 0.000000
0.968242 0.250015 0.000000 97.446798 -0.250015 0.968242 0.000000 -12.039318 0.000000 0.000000 1.000000 0.000000
0.968040 0.250796 0.000000 98.533167 -0.250796 0.968040 0.000000 -12.323976 0.000000 0.000000 1.000000 0.000000
0.967904 0.251320 0.000000 99.190353 -0.251320 0.967904 0.000000 -12.508999 0.000000 0.000000 1.000000 0.000000
0.967505 0.252851 0.000000 99.806390 -0.252851 0.967505 0.000000 -12.673542 0.000000 0.000000 1.000000 0.000000
0.966751 0.255721 0.000000 100.424941 -0.255721 0.966751 0.000000 -12.840125 0.000000 0.000000 1.000000 0.000000
0.966662 0.256057 0.000000 101.010352 -0.256057 0.966662 0.000000 -13.004825 0.000000 0.000000 1.000000 0.000000
0.966798 0.255540 0.000000 101.634610 -0.255540 0.966798 0.000000 -13.177504 0.000000 0.000000 1.000000 0.000000
0.966760 0.255686 0.000000 102.217820 -0.255686 0.966760 0.000000 -13.333433 0.000000 0.000000 1.000000 0.000000
0.966743 0.255751 0.000000 102.844376 -0.255751 0.966743 0.000000 -13.499526 0.000000 0.000000 1.000000 0.000000
0.966424 0.256952 0.000000 103.429958 -0.256952 0.966424 0.000000 -13.662122 0.000000 0.000000 1.000000 0.000000
0.965741 0.259508 0.000000 104.061528 -0.259508 0.965741 0.000000 -13.837790 0.000000 0.000000 1.000000 0.000000
0.965222 0.261433 0.000000 104.679005 -0.261433 0.965222 0.000000 -14.010362 0.000000 0.000000 1.000000 0.000000
0.965227 0.261414 0.000000 105.312111 -0.261414 0.965227 0.000000 -14.190198 0.000000 0.000000 1.000000 0.000000
0.965325 0.261051 0.000000 106.102781 -0.261051 0.965325 0.000000 -14.409401 0.000000 0.000000 1.000000 0.000000
0.964504 0.264069 0.000000 106.698647 -0.264069 0.964504 0.000000 -14.572231 0.000000 0.000000 1.000000 0.000000
0.963924 0.266177 0.000000 107.336923 -0.266177 0.963924 0.000000 -14.759653 0.000000 0.000000 1.000000 0.000000
0.964411 0.264409 0.000000 108.332879 -0.264409 0.964411 0.000000 -15.023600 0.000000 0.000000 1.000000 0.000000
0.964332 0.264696 0.000000 108.977751 -0.264696 0.964332 0.000000 -15.207149 0.000000 0.000000 1.000000 0.000000
0.963842 0.266475 0.000000 109.620929 -0.266475 0.963842 0.000000 -15.396581 0.000000 0.000000 1.000000 0.000000
0.963376 0.268155 0.000000 110.275325 -0.268155 0.963376 0.000000 -15.589601 0.000000 0.000000 1.000000 0.000000
0.963198 0.268791 0.000000 110.909363 -0.268791 0.963198 0.000000 -15.783917 0.000000 0.000000 1.000000 0.000000
0.963351 0.268245 0.000000 111.556362 -0.268245 0.963351 0.000000 -15.982907 0.000000 0.000000 1.000000 0.000000
0.963501 0.267705 0.000000 112.162149 -0.267705 0.963501 0.000000 -16.163101 0.000000 0.000000 1.000000 0.000000
0.964200 0.265176 0.000000 113.296225 -0.265176 0.964200 0.000000 -16.501114 0.000000 0.000000 1.000000 0.000000
0.964761 0.263128 0.000000 113.945087 -0.263128 0.964761 0.000000 -16.691188 0.000000 0.000000 1.000000 0.000000
0.965011 0.262210 0.000000 114.592445 -0.262210 0.965011 0.000000 -16.880743 0.000000 0.000000 1.000000 0.000000
0.964949 0.262438 0.000000 115.240254 -0.262438 0.964949 0.000000 -17.062026 0.000000 0.000000 1.000000 0.000000
0.965306 0.261121 0.000000 116.558271 -0.261121 0.965306 0.000000 -17.448412 0.000000 0.000000 1.000000 0.000000
0.965168 0.261630 0.000000 117.168404 -0.261630 0.965168 0.000000 -17.602809 0.000000 0.000000 1.000000 0.000000
0.965061 0.262027 0.000000 117.774814 -0.262027 0.965061 0.000000 -17.799645 0.000000 0.000000 1.000000 0.000000
0.965058 0.262038 0.000000 118.386550 -0.262038 0.965058 0.000000 -17.969613 0.000000 0.000000 1.000000 0.000000
0.964487 0.264130 0.000000 118.992732 -0.264130 0.964487 0.000000 -18.138868 0.000000 0.000000 1.000000 0.000000
0.960914 0.276847 0.000000 123.625050 -0.276847 0.960914 0.000000 -19.542047 0.000000 0.000000 1.000000 0.000000
0.961009 0.276518 0.000000 124.267095 -0.276518 0.961009 0.000000 -19.720884 0.000000 0.000000 1.000000 0.000000
0.961588 0.274495 0.000000 124.867781 -0.274495 0.961588 0.000000 -19.897536 0.000000 0.000000 1.000000 0.000000
0.961973 0.273145 0.000000 125.496792 -0.273145 0.961973 0.000000 -20.077732 0.000000 0.000000 1.000000 0.000000
0.962538 0.271147 0.000000 126.078899 -0.271147 0.962538 0.000000 -20.253281 0.000000 0.000000 1.000000 0.000000
0.962572 0.271025 0.000000 126.688843 -0.271025 0.962572 0.000000 -20.430307 0.000000 0.000000 1.000000 0.000000
0.962434 0.271517 0.000000 127.313596 -0.271517 0.962434 0.000000 -20.626440 0.000000 0.000000 1.000000 0.000000
0.962486 0.271330 0.000000 128.114170 -0.271330 0.962486 0.000000 -20.869096 0.000000 0.000000 1.000000 0.000000
0.961793 0.273777 0.000000 128.738139 -0.273777 0.961793 0.000000 -21.059147 0.000000 0.000000 1.000000 0.000000
0.960865 0.277017 0.000000 129.363583 -0.277017 0.960865 0.000000 -21.241406 0.000000 0.000000 1.000000 0.000000
0.960923 0.276816 0.000000 130.277104 -0.276816 0.960923 0.000000 -21.514805 0.000000 0.000000 1.000000 0.000000
0.961076 0.276284 0.000000 130.894239 -0.276284 0.961076 0.000000 -21.700240 0.000000 0.000000 1.000000 0.000000
0.961250 0.275677 0.000000 131.512567 -0.275677 0.961250 0.000000 -21.884439 0.000000 0.000000 1.000000 0.000000
0.961495 0.274821 0.000000 132.126167 -0.274821 0.961495 0.000000 -22.074329 0.000000 0.000000 1.000000 0.000000
0.961450 0.274980 0.000000 132.739964 -0.274980 0.961450 0.000000 -22.261358 0.000000 0.000000 1.000000 0.000000
0.961195 0.275868 0.000000 133.643115 -0.275868 0.961195 0.000000 -22.538587 0.000000 0.000000 1.000000 0.000000
0.960850 0.277070 0.000000 134.234516 -0.277070 0.960850 0.000000 -22.714329 0.000000 0.000000 1.000000 0.000000
0.960330 0.278866 0.000000 134.841298 -0.278866 0.960330 0.000000 -22.897479 0.000000 0.000000 1.000000 0.000000
0.959570 0.281469 0.000000 135.409292 -0.281469 0.959570 0.000000 -23.071383 0.000000 0.000000 1.000000 0.000000
0.958855 0.283897 0.000000 136.199402 -0.283897 0.958855 0.000000 -23.313773 0.000000 0.000000 1.000000 0.000000
0.958826 0.283995 0.000000 136.801609 -0.283995 0.958826 0.000000 -23.502059 0.000000 0.000000 1.000000 0.000000
0.959019 0.283341 0.000000 137.402192 -0.283341 0.959019 0.000000 -23.688858 0.000000 0.000000 1.000000 0.000000
0.959608 0.281342 0.000000 138.002581 -0.281342 0.959608 0.000000 -23.875517 0.000000 0.000000 1.000000 0.000000
0.959970 0.280103 0.000000 138.596723 -0.280103 0.959970 0.000000 -24.057324 0.000000 0.000000 1.000000 0.000000
0.960772 0.277340 0.000000 139.738767 -0.277340 0.960772 0.000000 -24.413712 0.000000 0.000000 1.000000 0.000000
0.960508 0.278251 0.000000 140.291882 -0.278251 0.960508 0.000000 -24.566641 0.000000 0.000000 1.000000 0.000000
0.960259 0.279110 0.000000 140.873466 -0.279110 0.960259 0.000000 -24.735488 0.000000 0.000000 1.000000 0.000000
0.960254 0.279128 0.000000 141.459834 -0.279128 0.960254 0.000000 -24.906050 0.000000 0.000000 1.000000 0.000000
0.960133 0.279544 0.000000 142.008458 -0.279544 0.960133 0.000000 -25.083686 0.000000 0.000000 1.000000 0.000000
0.960827 0.277150 0.000000 142.594267 -0.277150 0.960827 0.000000 -25.272441 0.000000 0.000000 1.000000 0.000000
0.961588 0.274498 0.000000 143.304027 -0.274498 0.961588 0.000000 -25.490946 0.000000 0.000000 1.000000 0.000000
0.961813 0.273708 0.000000 143.880515 -0.273708 0.961813 0.000000 -25.670205 0.000000 0.000000 1.000000 0.000000
0.961980 0.273118 0.000000 144.418579 -0.273118 0.961980 0.000000 -25.835782 0.000000 0.000000 1.000000 0.000000
0.961630 0.274349 0.000000 145.002512 -0.274349 0.961630 0.000000 -26.010142 0.000000 0.000000 1.000000 0.000000
0.961191 0.275885 0.000000 145.574464 -0.275885 0.961191 0.000000 -26.183552 0.000000 0.000000 1.000000 0.000000
0.960973 0.276642 0.000000 146.109035 -0.276642 0.960973 0.000000 -26.344976 0.000000 0.000000 1.000000 0.000000
0.961427 0.275061 0.000000 146.678542 -0.275061 0.961427 0.000000 -26.520703 0.000000 0.000000 1.000000 0.000000
0.961501 0.274801 0.000000 147.198143 -0.274801 0.961501 0.000000 -26.725218 0.000000 0.000000 1.000000 0.000000
0.961001 0.276545 0.000000 147.760560 -0.276545 0.961001 0.000000 -26.896462 0.000000 0.000000 1.000000 0.000000
0.960340 0.278832 0.000000 148.315269 -0.278832 0.960340 0.000000 -27.075277 0.000000 0.000000 1.000000 0.000000
0.959270 0.282491 0.000000 149.039122 -0.282491 0.959270 0.000000 -27.292450 0.000000 0.000000 1.000000 0.000000
0.958642 0.284615 0.000000 149.568715 -0.284615 0.958642 0.000000 -27.457180 0.000000 0.000000 1.000000 0.000000
0.958150 0.286266 0.000000 150.129903 -0.286266 0.958150 0.000000 -27.631148 0.000000 0.000000 1.000000 0.000000
0.957844 0.287288 0.000000 150.656775 -0.287288 0.957844 0.000000 -27.794566 0.000000 0.000000 1.000000 0.000000
0.958076 0.286513 0.000000 151.207534 -0.286513 0.958076 0.000000 -27.963014 0.000000 0.000000 1.000000 0.000000
0.958221 0.286028 0.000000 151.732839 -0.286028 0.958221 0.000000 -28.123339 0.000000 0.000000 1.000000 0.000000
0.958107 0.286411 0.000000 152.448923 -0.286411 0.958107 0.000000 -28.344780 0.000000 0.000000 1.000000 0.000000
0.957239 0.289297 0.000000 152.964501 -0.289297 0.957239 0.000000 -28.492809 0.000000 0.000000 1.000000 0.000000
0.956028 0.293276 0.000000 153.504149 -0.293276 0.956028 0.000000 -28.699064 0.000000 0.000000 1.000000 0.000000
0.956490 0.291764 0.000000 154.014989 -0.291764 0.956490 0.000000 -28.858971 0.000000 0.000000 1.000000 0.000000
0.956984 0.290140 0.000000 154.574947 -0.290140 0.956984 0.000000 -29.024592 0.000000 0.000000 1.000000 0.000000
0.956883 0.290473 0.000000 155.091211 -0.290473 0.956883 0.000000 -29.187935 0.000000 0.000000 1.000000 0.000000
0.956470 0.291830 0.000000 155.848436 -0.291830 0.956470 0.000000 -29.411329 0.000000 0.000000 1.000000 0.000000
0.956872 0.290510 0.000000 156.397396 -0.290510 0.956872 0.000000 -29.593441 0.000000 0.000000 1.000000 0.000000
0.957998 0.286776 0.000000 156.949361 -0.286776 0.957998 0.000000 -29.772841 0.000000 0.000000 1.000000 0.000000
0.958907 0.283722 0.000000 157.495057 -0.283722 0.958907 0.000000 -29.946168 0.000000 0.000000 1.000000 0.000000
0.958834 0.283967 0.000000 158.038641 -0.283967 0.958834 0.000000 -30.124223 0.000000 0.000000 1.000000 0.000000
0.958626 0.284668 0.000000 158.580259 -0.284668 0.958626 0.000000 -30.305509 0.000000 0.000000 1.000000 0.000000
0.959272 0.282485 0.000000 159.123571 -0.282485 0.959272 0.000000 -30.482438 0.000000 0.000000 1.000000 0.000000
0.960419 0.278559 0.000000 159.641927 -0.278559 0.960419 0.000000 -30.650099 0.000000 0.000000 1.000000 0.000000
0.961023 0.276467 0.000000 160.177674 -0.276467 0.961023 0.000000 -30.819757 0.000000 0.000000 1.000000 0.000000
0.961452 0.274972 0.000000 160.731424 -0.274972 0.961452 0.000000 -30.992314 0.000000 0.000000 1.000000 0.000000
0.961729 0.274002 0.000000 161.248076 -0.274002 0.961729 0.000000 -31.153367 0.000000 0.000000 1.000000 0.000000
0.962433 0.271520 0.000000 161.799018 -0.271520 0.962433 0.000000 -31.323429 0.000000 0.000000 1.000000 0.000000
0.962782 0.270278 0.000000 162.316979 -0.270278 0.962782 0.000000 -31.478683 0.000000 0.000000 1.000000 0.000000
0.963523 0.267624 0.000000 162.871970 -0.267624 0.963523 0.000000 -31.655416 0.000000 0.000000 1.000000 0.000000
0.965005 0.262233 0.000000 163.411617 -0.262233 0.965005 0.000000 -31.825332 0.000000 0.000000 1.000000 0.000000
0.966290 0.257456 0.000000 163.958828 -0.257456 0.966290 0.000000 -31.990286 0.000000 0.000000 1.000000 0.000000
0.967365 0.253388 0.000000 164.459925 -0.253388 0.967365 0.000000 -32.140161 0.000000 0.000000 1.000000 0.000000
0.968655 0.248409 0.000000 165.004216 -0.248409 0.968655 0.000000 -32.298457 0.000000 0.000000 1.000000 0.000000
0.969998 0.243111 0.000000 165.508462 -0.243111 0.969998 0.000000 -32.443569 0.000000 0.000000 1.000000 0.000000
0.971129 0.238553 0.000000 166.055976 -0.238553 0.971129 0.000000 -32.601699 0.000000 0.000000 1.000000 0.000000
0.971966 0.235119 0.000000 166.751297 -0.235119 0.971966 0.000000 -32.791660 0.000000 0.000000 1.000000 0.000000
0.972684 0.232135 0.000000 167.297426 -0.232135 0.972684 0.000000 -32.940299 0.000000 0.000000 1.000000 0.000000
0.972694 0.232092 0.000000 167.801456 -0.232092 0.972694 0.000000 -33.079372 0.000000 0.000000 1.000000 0.000000
0.972731 0.231938 0.000000 168.353346 -0.231938 0.972731 0.000000 -33.234280 0.000000 0.000000 1.000000 0.000000
0.973395 0.229134 0.000000 169.045443 -0.229134 0.973395 0.000000 -33.417214 0.000000 0.000000 1.000000 0.000000
0.974754 0.223283 0.000000 170.138816 -0.223283 0.974754 0.000000 -33.704045 0.000000 0.000000 1.000000 0.000000
0.975578 0.219652 0.000000 170.690052 -0.219652 0.975578 0.000000 -33.836042 0.000000 0.000000 1.000000 0.000000
0.975792 0.218701 0.000000 171.240898 -0.218701 0.975792 0.000000 -33.955629 0.000000 0.000000 1.000000 0.000000
0.976147 0.217111 0.000000 171.786430 -0.217111 0.976147 0.000000 -34.102152 0.000000 0.000000 1.000000 0.000000
0.976746 0.214398 0.000000 172.329478 -0.214398 0.976746 0.000000 -34.220035 0.000000 0.000000 1.000000 0.000000
0.976788 0.214208 0.000000 172.872882 -0.214208 0.976788 0.000000 -34.325597 0.000000 0.000000 1.000000 0.000000
0.976775 0.214266 0.000000 173.438379 -0.214266 0.976775 0.000000 -34.453871 0.000000 0.000000 1.000000 0.000000
0.976740 0.214426 0.000000 173.983563 -0.214426 0.976740 0.000000 -34.571755 0.000000 0.000000 1.000000 0.000000
0.976469 0.215659 0.000000 174.485759 -0.215659 0.976469 0.000000 -34.688112 0.000000 0.000000 1.000000 0.000000
0.976287 0.216481 0.000000 174.983079 -0.216481 0.976287 0.000000 -34.814348 0.000000 0.000000 1.000000 0.000000
0.976464 0.215680 0.000000 175.519591 -0.215680 0.976464 0.000000 -34.943468 0.000000 0.000000 1.000000 0.000000
0.976886 0.213762 0.000000 176.020423 -0.213762 0.976886 0.000000 -35.059240 0.000000 0.000000 1.000000 0.000000
0.977361 0.211580 0.000000 176.553336 -0.211580 0.977361 0.000000 -35.178324 0.000000 0.000000 1.000000 0.000000
0.977476 0.211045 0.000000 177.055026 -0.211045 0.977476 0.000000 -35.292411 0.000000 0.000000 1.000000 0.000000
0.977483 0.211015 0.000000 177.599277 -0.211015 0.977483 0.000000 -35.420072 0.000000 0.000000 1.000000 0.000000
0.977961 0.208790 0.000000 178.097805 -0.208790 0.977961 0.000000 -35.522631 0.000000 0.000000 1.000000 0.000000
0.978606 0.205741 0.000000 178.627699 -0.205741 0.978606 0.000000 -35.642290 0.000000 0.000000 1.000000 0.000000
0.978859 0.204538 0.000000 179.115201 -0.204538 0.978859 0.000000 -35.753158 0.000000 0.000000 1.000000 0.000000
0.978893 0.204375 0.000000 179.644278 -0.204375 0.978893 0.000000 -35.861765 0.000000 0.000000 1.000000 0.000000
0.978732 0.205143 0.000000 180.132714 -0.205143 0.978732 0.000000 -35.955941 0.000000 0.000000 1.000000 0.000000
0.978320 0.207100 0.000000 180.799120 -0.207100 0.978320 0.000000 -36.140719 0.000000 0.000000 1.000000 0.000000
0.979009 0.203819 0.000000 181.444502 -0.203819 0.979009 0.000000 -36.293113 0.000000 0.000000 1.000000 0.000000
0.979953 0.199227 0.000000 181.960312 -0.199227 0.979953 0.000000 -36.407561 0.000000 0.000000 1.000000 0.000000
0.980452 0.196761 0.000000 182.470368 -0.196761 0.980452 0.000000 -36.510433 0.000000 0.000000 1.000000 0.000000
0.981048 0.193767 0.000000 182.954401 -0.193767 0.981048 0.000000 -36.604278 0.000000 0.000000 1.000000 0.000000
0.982144 0.188128 0.000000 183.657326 -0.188128 0.982144 0.000000 -36.746270 0.000000 0.000000 1.000000 0.000000
0.982693 0.185239 0.000000 184.172223 -0.185239 0.982693 0.000000 -36.849959 0.000000 0.000000 1.000000 0.000000
0.982917 0.184048 0.000000 184.687396 -0.184048 0.982917 0.000000 -36.944034 0.000000 0.000000 1.000000 0.000000
0.983627 0.180219 0.000000 185.215604 -0.180219 0.983627 0.000000 -37.050957 0.000000 0.000000 1.000000 0.000000
0.984744 0.174009 0.000000 185.722340 -0.174009 0.984744 0.000000 -37.147117 0.000000 0.000000 1.000000 0.000000
0.986315 0.164873 0.000000 186.730362 -0.164873 0.986315 0.000000 -37.315452 0.000000 0.000000 1.000000 0.000000
0.987257 0.159131 0.000000 187.229318 -0.159131 0.987257 0.000000 -37.402603 0.000000 0.000000 1.000000 0.000000
0.988632 0.150358 0.000000 187.727491 -0.150358 0.988632 0.000000 -37.486567 0.000000 0.000000 1.000000 0.000000
0.989740 0.142881 0.000000 188.189436 -0.142881 0.989740 0.000000 -37.554117 0.000000 0.000000 1.000000 0.000000
0.990943 0.134286 0.000000 188.680492 -0.134286 0.990943 0.000000 -37.627769 0.000000 0.000000 1.000000 0.000000
0.992163 0.124947 0.000000 189.145846 -0.124947 0.992163 0.000000 -37.692277 0.000000 0.000000 1.000000 0.000000
0.994321 0.106424 0.000000 190.082190 -0.106424 0.994321 0.000000 -37.820223 0.000000 0.000000 1.000000 0.000000
0.994978 0.100090 0.000000 190.564744 -0.100090 0.994978 0.000000 -37.656273 0.000000 0.000000 1.000000 0.000000
0.995891 0.090562 0.000000 191.015594 -0.090562 0.995891 0.000000 -37.704759 0.000000 0.000000 1.000000 0.000000
0.997115 0.075899 0.000000 191.692643 -0.075899 0.997115 0.000000 -37.775172 0.000000 0.000000 1.000000 0.000000
0.997931 0.064292 0.000000 192.164212 -0.064292 0.997931 0.000000 -37.813720 0.000000 0.000000 1.000000 0.000000
0.998601 0.052884 0.000000 192.636731 -0.052884 0.998601 0.000000 -37.852533 0.000000 0.000000 1.000000 0.000000
0.999053 0.043517 0.000000 193.071020 -0.043517 0.999053 0.000000 -37.883489 0.000000 0.000000 1.000000 0.000000
0.999545 0.030166 0.000000 193.536865 -0.030166 0.999545 0.000000 -37.913433 0.000000 0.000000 1.000000 0.000000
0.999850 0.017311 0.000000 193.999711 -0.017311 0.999850 0.000000 -37.940794 0.000000 0.000000 1.000000 0.000000
0.999977 0.006758 0.000000 194.431010 -0.006758 0.999977 0.000000 -37.965057 0.000000 0.000000 1.000000 0.000000
0.999995 -0.003185 0.000000 194.889260 0.003185 0.999995 0.000000 -37.976298 0.000000 0.000000 1.000000 0.000000
0.999922 -0.012471 0.000000 195.311926 0.012471 0.999922 0.000000 -37.986487 0.000000 0.000000 1.000000 0.000000
0.999727 -0.023378 0.000000 195.765748 0.023378 0.999727 0.000000 -37.993676 0.000000 0.000000 1.000000 0.000000
0.999384 -0.035106 0.000000 196.186722 0.035106 0.999384 0.000000 -38.003642 0.000000 0.000000 1.000000 0.000000
0.998809 -0.048781 0.000000 196.635836 0.048781 0.998809 0.000000 -38.000418 0.000000 0.000000 1.000000 0.000000
0.998211 -0.059788 0.000000 197.043889 0.059788 0.998211 0.000000 -37.994026 0.000000 0.000000 1.000000 0.000000
0.997351 -0.072733 0.000000 197.492391 0.072733 0.997351 0.000000 -37.984757 0.000000 0.000000 1.000000 0.000000
0.996424 -0.084499 0.000000 197.896661 0.084499 0.996424 0.000000 -37.968883 0.000000 0.000000 1.000000 0.000000
0.995572 -0.094003 0.000000 198.340252 0.094003 0.995572 0.000000 -37.944265 0.000000 0.000000 1.000000 0.000000
