0.999999 0.001661 0.000000 0.581970 -0.001661 0.999999 0.000000 -0.004596 0.000000 0.000000 1.000000 0.000000
0.999996 0.002729 0.000000 1.121769 -0.002729 0.999996 0.000000 -0.003608 0.000000 0.000000 1.000000 0.000000
0.999996 0.002675 0.000000 1.705475 -0.002675 0.999996 0.000000 -0.022955 0.000000 0.000000 1.000000 0.000000
0.999992 0.004026 0.000000 2.297411 -0.004026 0.999992 0.000000 0.009579 0.000000 0.000000 1.000000 0.000000
0.999962 0.008740 0.000000 2.838025 -0.008740 0.999962 0.000000 0.021236 0.000000 0.000000 1.000000 0.000000
0.999899 0.014229 0.000000 3.562831 -0.014229 0.999899 0.000000 0.039233 0.000000 0.000000 1.000000 0.000000
0.999841 0.017830 0.000000 4.707396 -0.017830 0.999841 0.000000 0.014500 0.000000 0.000000 1.000000 0.000000
0.999807 0.019650 0.000000 5.288175 -0.019650 0.999807 0.000000 -0.001915 0.000000 0.000000 1.000000 0.000000
0.999778 0.021073 0.000000 6.096237 -0.021073 0.999778 0.000000 -0.027253 0.000000 0.000000 1.000000 0.000000
0.999761 0.021845 0.000000 6.669388 -0.021845 0.999761 0.000000 -0.041770 0.000000 0.000000 1.000000 0.000000
0.999744 0.022643 0.000000 7.255739 -0.022643 0.999744 0.000000 -0.056175 0.000000 0.000000 1.000000 0.000000
0.999727 0.023375 0.000000 7.839372 -0.023375 0.999727 0.000000 -0.071255 0.000000 0.000000 1.000000 0.000000
0.999707 0.024226 0.000000 8.387291 -0.024226 0.999707 0.000000 -0.092813 0.000000 0.000000 1.000000 0.000000
0.999676 0.025471 0.000000 8.971290 -0.025471 0.999676 0.000000 -0.122401 0.000000 0.000000 1.000000 0.000000
0.999649 0.026482 0.000000 9.517281 -0.026482 0.999649 0.000000 -0.135079 0.000000 0.000000 1.000000 0.000000
0.999625 0.027367 0.000000 10.096556 -0.027367 0.999625 0.000000 -0.130525 0.000000 0.000000 1.000000 0.000000
0.999578 0.029053 0.000000 10.710552 -0.029053 0.999578 0.000000 -0.115006 0.000000 0.000000 1.000000 0.000000
0.999582 0.028926 0.000000 11.277521 -0.028926 0.999582 0.000000 -0.070645 0.000000 0.000000 1.000000 0.000000
0.999529 0.030690 0.000000 11.855696 -0.030690 0.999529 0.000000 -0.084839 0.000000 0.000000 1.000000 0.000000
0.999466 0.032689 0.000000 12.610168 -0.032689 0.999466 0.000000 -0.112556 0.000000 0.000000 1.000000 0.000000
0.999430 0.033752 0.000000 13.233940 -0.033752 0.999430 0.000000 -0.124890 0.000000 0.000000 1.000000 0.000000
0.999414 0.034230 0.000000 13.774668 -0.034230 0.999414 0.000000 -0.129932 0.000000 0.000000 1.000000 0.000000
0.999340 0.036336 0.000000 14.392753 -0.036336 0.999340 0.000000 -0.136676 0.000000 0.000000 1.000000 0.000000
0.999284 0.037847 0.000000 14.954581 -0.037847 0.999284 0.000000 -0.139815 0.000000 0.000000 1.000000 0.000000
0.999211 0.039707 0.000000 15.532937 -0.039707 0.999211 0.000000 -0.167538 0.000000 0.000000 1.000000 0.000000
0.999106 0.042277 0.000000 16.114153 -0.042277 0.999106 0.000000 -0.199907 0.000000 0.000000 1.000000 0.000000
0.999032 0.043998 0.000000 16.694691 -0.043998 0.999032 0.000000 -0.230167 0.000000 0.000000 1.000000 0.000000
0.998891 0.047093 0.000000 17.477777 -0.047093 0.998891 0.000000 -0.309463 0.000000 0.000000 1.000000 0.000000
0.998846 0.048021 0.000000 18.053578 -0.048021 0.998846 0.000000 -0.346180 0.000000 0.000000 1.000000 0.000000
0.998716 0.050662 0.000000 18.624334 -0.050662 0.998716 0.000000 -0.380121 0.000000 0.000000 1.000000 0.000000
0.998620 0.052526 0.000000 19.198101 -0.052526 0.998620 0.000000 -0.419089 0.000000 0.000000 1.000000 0.000000
0.998527 0.054261 0.000000 19.730800 -0.054261 0.998527 0.000000 -0.457425 0.000000 0.000000 1.000000 0.000000
0.998353 0.057378 0.000000 20.316881 -0.057378 0.998353 0.000000 -0.504254 0.000000 0.000000 1.000000 0.000000
0.998297 0.058329 0.000000 21.409625 -0.058329 0.998297 0.000000 -0.568291 0.000000 0.000000 1.000000 0.000000
0.998391 0.056709 0.000000 22.339090 -0.056709 0.998391 0.000000 -0.657813 0.000000 0.000000 1.000000 0.000000
0.998401 0.056531 0.000000 22.891023 -0.056531 0.998401 0.000000 -0.696429 0.000000 0.000000 1.000000 0.000000
0.998275 0.058709 0.000000 23.455360 -0.058709 0.998275 0.000000 -0.729733 0.000000 0.000000 1.000000 0.000000
0.998230 0.059470 0.000000 24.022045 -0.059470 0.998230 0.000000 -0.767896 0.000000 0.000000 1.000000 0.000000
0.998384 0.056820 0.000000 24.578907 -0.056820 0.998384 0.000000 -0.814344 0.000000 0.000000 1.000000 0.000000
0.998158 0.060661 0.000000 25.169479 -0.060661 0.998158 0.000000 -0.849375 0.000000 0.000000 1.000000 0.000000
0.997620 0.068946 0.000000 25.740538 -0.068946 0.997620 0.000000 -0.893308 0.000000 0.000000 1.000000 0.000000
0.996603 0.082356 0.000000 26.838776 -0.082356 0.996603 0.000000 -0.966659 0.000000 0.000000 1.000000 0.000000
0.996672 0.081513 0.000000 27.408224 -0.081513 0.996672 0.000000 -1.027947 0.000000 0.000000 1.000000 0.000000
0.996620 0.082149 0.000000 27.955517 -0.082149 0.996620 0.000000 -1.093536 0.000000 0.000000 1.000000 0.000000
0.996734 0.080760 0.000000 28.477077 -0.080760 0.996734 0.000000 -1.155503 0.000000 0.000000 1.000000 0.000000
0.996689 0.081311 0.000000 29.039115 -0.081311 0.996689 0.000000 -1.207557 0.000000 0.000000 1.000000 0.000000
0.996405 0.084713 0.000000 29.935622 -0.084713 0.996405 0.000000 -1.300339 0.000000 0.000000 1.000000 0.000000
0.996350 0.085366 0.000000 30.538174 -0.085366 0.996350 0.000000 -1.350199 0.000000 0.000000 1.000000 0.000000
0.996274 0.086241 0.000000 31.095842 -0.086241 0.996274 0.000000 -1.406250 0.000000 0.000000 1.000000 0.000000
0.996236 0.086680 0.000000 31.659789 -0.086680 0.996236 0.000000 -1.463809 0.000000 0.000000 1.000000 0.000000
0.996174 0.087394 0.000000 32.214249 -0.087394 0.996174 0.000000 -1.511833 0.000000 0.000000 1.000000 0.000000
0.996054 0.088747 0.000000 32.776737 -0.088747 0.996054 0.000000 -1.554704 0.000000 0.000000 1.000000 0.000000
0.995947 0.089944 0.000000 33.351977 -0.089944 0.995947 0.000000 -1.614256 0.000000 0.000000 1.000000 0.000000
0.995981 0.089564 0.000000 33.895999 -0.089564 0.995981 0.000000 -1.665142 0.000000 0.000000 1.000000 0.000000
0.996064 0.088639 0.000000 34.440547 -0.088639 0.996064 0.000000 -1.730668 0.000000 0.000000 1.000000 0.000000
0.995978 0.089602 0.000000 34.955691 -0.089602 0.995978 0.000000 -1.783662 0.000000 0.000000 1.000000 0.000000
0.995846 0.091054 0.000000 35.888877 -0.091054 0.995846 0.000000 -1.892610 0.000000 0.000000 1.000000 0.000000
0.995497 0.094794 0.000000 36.451387 -0.094794 0.995497 0.000000 -1.948417 0.000000 0.000000 1.000000 0.000000
0.995393 0.095876 0.000000 37.011912 -0.095876 0.995393 0.000000 -2.001449 0.000000 0.000000 1.000000 0.000000
0.995443 0.095356 0.000000 37.518199 -0.095356 0.995443 0.000000 -2.116539 0.000000 0.000000 1.000000 0.000000
0.995259 0.097259 0.000000 38.074376 -0.097259 0.995259 0.000000 -2.170923 0.000000 0.000000 1.000000 0.000000
0.995161 0.098254 0.000000 38.637644 -0.098254 0.995161 0.000000 -2.229375 0.000000 0.000000 1.000000 0.000000
0.995103 0.098847 0.000000 39.229519 -0.098847 0.995103 0.000000 -2.292578 0.000000 0.000000 1.000000 0.000000
0.995110 0.098777 0.000000 39.756922 -0.098777 0.995110 0.000000 -2.347224 0.000000 0.000000 1.000000 0.000000
0.995176 0.098104 0.000000 40.303800 -0.098104 0.995176 0.000000 -2.403213 0.000000 0.000000 1.000000 0.000000
0.995065 0.099224 0.000000 40.820617 -0.099224 0.995065 0.000000 -2.439128 0.000000 0.000000 1.000000 0.000000
0.994739 0.102445 0.000000 41.377887 -0.102445 0.994739 0.000000 -2.498195 0.000000 0.000000 1.000000 0.000000
0.994617 0.103616 0.000000 41.891892 -0.103616 0.994617 0.000000 -2.547245 0.000000 0.000000 1.000000 0.000000
0.994447 0.105239 0.000000 42.440349 -0.105239 0.994447 0.000000 -2.603409 0.000000 0.000000 1.000000 0.000000
0.994546 0.104300 0.000000 42.966518 -0.104300 0.994546 0.000000 -2.657438 0.000000 0.000000 1.000000 0.000000
0.994658 0.103225 0.000000 43.921729 -0.103225 0.994658 0.000000 -2.777586 0.000000 0.000000 1.000000 0.000000
0.994485 0.104878 0.000000 44.474727 -0.104878 0.994485 0.000000 -2.823636 0.000000 0.000000 1.000000 0.000000
0.994281 0.106798 0.000000 45.034516 -0.106798 0.994281 0.000000 -2.889220 0.000000 0.000000 1.000000 0.000000
0.996104 0.088191 0.000000 42.496445 -0.088191 0.996104 0.000000 -4.229697 0.000000 0.000000 1.000000 0.000000
0.995649 0.093181 0.000000 43.061737 -0.093181 0.995649 0.000000 -4.302529 0.000000 0.000000 1.000000 0.000000
0.995643 0.093243 0.000000 43.565803 -0.093243 0.995643 0.000000 -4.345286 0.000000 0.000000 1.000000 0.000000
0.995605 0.093657 0.000000 44.596590 -0.093657 0.995605 0.000000 -4.441754 0.000000 0.000000 1.000000 0.000000
0.995606 0.093641 0.000000 45.117415 -0.093641 0.995606 0.000000 -4.491216 0.000000 0.000000 1.000000 0.000000
0.995667 0.092991 0.000000 45.630819 -0.092991 0.995667 0.000000 -4.538657 0.000000 0.000000 1.000000 0.000000
0.995580 0.093914 0.000000 46.121739 -0.093914 0.995580 0.000000 -4.585924 0.000000 0.000000 1.000000 0.000000
0.995435 0.095441 0.000000 46.992372 -0.095441 0.995435 0.000000 -4.696767 0.000000 0.000000 1.000000 0.000000
0.995357 0.096251 0.000000 47.500550 -0.096251 0.995357 0.000000 -4.742405 0.000000 0.000000 1.000000 0.000000
0.994866 0.101201 0.000000 47.991973 -0.101201 0.994866 0.000000 -4.776735 0.000000 0.000000 1.000000 0.000000
0.994511 0.104633 0.000000 48.462459 -0.104633 0.994511 0.000000 -4.836797 0.000000 0.000000 1.000000 0.000000
0.994439 0.105319 0.000000 48.948037 -0.105319 0.994439 0.000000 -4.883021 0.000000 0.000000 1.000000 0.000000
0.994317 0.106456 0.000000 49.439597 -0.106456 0.994317 0.000000 -4.927645 0.000000 0.000000 1.000000 0.000000
0.994042 0.108999 0.000000 49.906886 -0.108999 0.994042 0.000000 -4.975756 0.000000 0.000000 1.000000 0.000000
0.993804 0.111149 0.000000 50.625182 -0.111149 0.993804 0.000000 -5.077616 0.000000 0.000000 1.000000 0.000000
0.993855 0.110688 0.000000 51.046530 -0.110688 0.993855 0.000000 -5.126710 0.000000 0.000000 1.000000 0.000000
0.993969 0.109666 0.000000 51.500245 -0.109666 0.993969 0.000000 -5.179220 0.000000 0.000000 1.000000 0.000000
0.993979 0.109570 0.000000 51.944744 -0.109570 0.993979 0.000000 -5.228389 0.000000 0.000000 1.000000 0.000000
0.994027 0.109135 0.000000 52.364175 -0.109135 0.994027 0.000000 -5.287747 0.000000 0.000000 1.000000 0.000000
0.994208 0.107472 0.000000 52.792185 -0.107472 0.994208 0.000000 -5.334868 0.000000 0.000000 1.000000 0.000000
0.994184 0.107692 0.000000 53.518218 -0.107692 0.994184 0.000000 -5.413550 0.000000 0.000000 1.000000 0.000000
0.994059 0.108845 0.000000 53.899552 -0.108845 0.994059 0.000000 -5.454651 0.000000 0.000000 1.000000 0.000000
0.993971 0.109639 0.000000 54.327403 -0.109639 0.993971 0.000000 -5.483527 0.000000 0.000000 1.000000 0.000000
0.993858 0.110664 0.000000 54.709611 -0.110664 0.993858 0.000000 -5.514498 0.000000 0.000000 1.000000 0.000000
0.993776 0.111394 0.000000 55.106156 -0.111394 0.993776 0.000000 -5.563046 0.000000 0.000000 1.000000 0.000000
0.993665 0.112384 0.000000 55.498319 -0.112384 0.993665 0.000000 -5.603505 0.000000 0.000000 1.000000 0.000000
0.993509 0.113756 0.000000 55.840587 -0.113756 0.993509 0.000000 -5.624349 0.000000 0.000000 1.000000 0.000000
0.993592 0.113027 0.000000 56.216182 -0.113027 0.993592 0.000000 -5.697908 0.000000 0.000000 1.000000 0.000000
0.993405 0.114661 0.000000 56.572436 -0.114661 0.993405 0.000000 -5.735205 0.000000 0.000000 1.000000 0.000000
0.993168 0.116690 0.000000 56.930440 -0.116690 0.993168 0.000000 -5.772471 0.000000 0.000000 1.000000 0.000000
0.992664 0.120904 0.000000 57.611321 -0.120904 0.992664 0.000000 -5.879355 0.000000 0.000000 1.000000 0.000000
0.992817 0.119646 0.000000 57.952670 -0.119646 0.992817 0.000000 -5.926632 0.000000 0.000000 1.000000 0.000000
0.992766 0.120069 0.000000 58.269956 -0.120069 0.992766 0.000000 -5.972322 0.000000 0.000000 1.000000 0.000000
0.992784 0.119915 0.000000 58.605961 -0.119915 0.992784 0.000000 -5.999876 0.000000 0.000000 1.000000 0.000000
0.992580 0.121594 0.000000 58.934117 -0.121594 0.992580 0.000000 -6.038395 0.000000 0.000000 1.000000 0.000000
0.992286 0.123971 0.000000 59.230652 -0.123971 0.992286 0.000000 -6.048615 0.000000 0.000000 1.000000 0.000000
0.991602 0.129329 0.000000 59.555318 -0.129329 0.991602 0.000000 -6.092018 0.000000 0.000000 1.000000 0.000000
0.991600 0.129339 0.000000 59.870048 -0.129339 0.991600 0.000000 -6.148933 0.000000 0.000000 1.000000 0.000000
0.991769 0.128039 0.000000 60.383523 -0.128039 0.991769 0.000000 -6.224794 0.000000 0.000000 1.000000 0.000000
0.991691 0.128641 0.000000 60.696779 -0.128641 0.991691 0.000000 -6.263464 0.000000 0.000000 1.000000 0.000000
0.991385 0.130981 0.000000 60.989027 -0.130981 0.991385 0.000000 -6.302818 0.000000 0.000000 1.000000 0.000000
0.991047 0.133517 0.000000 61.301242 -0.133517 0.991047 0.000000 -6.345614 0.000000 0.000000 1.000000 0.000000
0.990841 0.135031 0.000000 61.591343 -0.135031 0.990841 0.000000 -6.387820 0.000000 0.000000 1.000000 0.000000
0.990824 0.135160 0.000000 61.848979 -0.135160 0.990824 0.000000 -6.489672 0.000000 0.000000 1.000000 0.000000
0.990666 0.136310 0.000000 62.142968 -0.136310 0.990666 0.000000 -6.532968 0.000000 0.000000 1.000000 0.000000
0.990365 0.138485 0.000000 62.408616 -0.138485 0.990365 0.000000 -6.568855 0.000000 0.000000 1.000000 0.000000
0.990166 0.139895 0.000000 62.676829 -0.139895 0.990166 0.000000 -6.609277 0.000000 0.000000 1.000000 0.000000
0.989898 0.141783 0.000000 63.127244 -0.141783 0.989898 0.000000 -6.683666 0.000000 0.000000 1.000000 0.000000
0.989791 0.142524 0.000000 63.370700 -0.142524 0.989791 0.000000 -6.720245 0.000000 0.000000 1.000000 0.000000
0.989615 0.143742 0.000000 63.657104 -0.143742 0.989615 0.000000 -6.761800 0.000000 0.000000 1.000000 0.000000
0.989586 0.143943 0.000000 63.922522 -0.143943 0.989586 0.000000 -6.802325 0.000000 0.000000 1.000000 0.000000
0.989514 0.144439 0.000000 64.185575 -0.144439 0.989514 0.000000 -6.843388 0.000000 0.000000 1.000000 0.000000
0.989422 0.145063 0.000000 64.449911 -0.145063 0.989422 0.000000 -6.887803 0.000000 0.000000 1.000000 0.000000
0.989303 0.145877 0.000000 64.703112 -0.145877 0.989303 0.000000 -6.921354 0.000000 0.000000 1.000000 0.000000
0.989074 0.147417 0.000000 64.972714 -0.147417 0.989074 0.000000 -6.957555 0.000000 0.000000 1.000000 0.000000
0.988761 0.149506 0.000000 65.220891 -0.149506 0.988761 0.000000 -6.998447 0.000000 0.000000 1.000000 0.000000
0.988628 0.150385 0.000000 65.491062 -0.150385 0.988628 0.000000 -7.030429 0.000000 0.000000 1.000000 0.000000
0.988519 0.151096 0.000000 65.730957 -0.151096 0.988519 0.000000 -7.067165 0.000000 0.000000 1.000000 0.000000
0.988373 0.152051 0.000000 65.984674 -0.152051 0.988373 0.000000 -7.107880 0.000000 0.000000 1.000000 0.000000
0.987532 0.157421 0.000000 66.330954 -0.157421 0.987532 0.000000 -7.179650 0.000000 0.000000 1.000000 0.000000
0.987372 0.158418 0.000000 66.601390 -0.158418 0.987372 0.000000 -7.228972 0.000000 0.000000 1.000000 0.000000
0.987211 0.159422 0.000000 66.872089 -0.159422 0.987211 0.000000 -7.274919 0.000000 0.000000 1.000000 0.000000
0.987072 0.160279 0.000000 67.143062 -0.160279 0.987072 0.000000 -7.325145 0.000000 0.000000 1.000000 0.000000
0.986531 0.163574 0.000000 67.421977 -0.163574 0.986531 0.000000 -7.369046 0.000000 0.000000 1.000000 0.000000
0.986426 0.164208 0.000000 67.714270 -0.164208 0.986426 0.000000 -7.423003 0.000000 0.000000 1.000000 0.000000
0.986420 0.164242 0.000000 67.978704 -0.164242 0.986420 0.000000 -7.479451 0.000000 0.000000 1.000000 0.000000
0.986262 0.165190 0.000000 68.256446 -0.165190 0.986262 0.000000 -7.518377 0.000000 0.000000 1.000000 0.000000
0.985939 0.167106 0.000000 68.533871 -0.167106 0.985939 0.000000 -7.566761 0.000000 0.000000 1.000000 0.000000
0.985853 0.167612 0.000000 68.794648 -0.167612 0.985853 0.000000 -7.617667 0.000000 0.000000 1.000000 0.000000
0.985652 0.168789 0.000000 69.066861 -0.168789 0.985652 0.000000 -7.663483 0.000000 0.000000 1.000000 0.000000
0.985386 0.170338 0.000000 69.329577 -0.170338 0.985386 0.000000 -7.712953 0.000000 0.000000 1.000000 0.000000
0.985388 0.170324 0.000000 70.107870 -0.170324 0.985388 0.000000 -7.845781 0.000000 0.000000 1.000000 0.000000
0.984828 0.173534 0.000000 70.406111 -0.173534 0.984828 0.000000 -7.887067 0.000000 0.000000 1.000000 0.000000
0.984476 0.175520 0.000000 70.691425 -0.175520 0.984476 0.000000 -7.935291 0.000000 0.000000 1.000000 0.000000
0.984483 0.175480 0.000000 70.977882 -0.175480 0.984483 0.000000 -7.996379 0.000000 0.000000 1.000000 0.000000
0.984572 0.174981 0.000000 71.266085 -0.174981 0.984572 0.000000 -8.038170 0.000000 0.000000 1.000000 0.000000
0.983976 0.178303 0.000000 71.854531 -0.178303 0.983976 0.000000 -8.155964 0.000000 0.000000 1.000000 0.000000
0.983821 0.179153 0.000000 72.170656 -0.179153 0.983821 0.000000 -8.225353 0.000000 0.000000 1.000000 0.000000
0.983764 0.179468 0.000000 72.459201 -0.179468 0.983764 0.000000 -8.283431 0.000000 0.000000 1.000000 0.000000
0.983324 0.181862 0.000000 72.921112 -0.181862 0.983324 0.000000 -8.373286 0.000000 0.000000 1.000000 0.000000
0.982557 0.185962 0.000000 73.319780 -0.185962 0.982557 0.000000 -8.475283 0.000000 0.000000 1.000000 0.000000
0.981365 0.192150 0.000000 73.856407 -0.192150 0.981365 0.000000 -8.590582 0.000000 0.000000 1.000000 0.000000
0.981281 0.192581 0.000000 74.190422 -0.192581 0.981281 0.000000 -8.657180 0.000000 0.000000 1.000000 0.000000
0.980883 0.194599 0.000000 74.523747 -0.194599 0.980883 0.000000 -8.698245 0.000000 0.000000 1.000000 0.000000
0.980253 0.197747 0.000000 74.861840 -0.197747 0.980253 0.000000 -8.766404 0.000000 0.000000 1.000000 0.000000
0.980254 0.197742 0.000000 75.231527 -0.197742 0.980254 0.000000 -8.842183 0.000000 0.000000 1.000000 0.000000
0.979423 0.201816 0.000000 75.784716 -0.201816 0.979423 0.000000 -8.938148 0.000000 0.000000 1.000000 0.000000
0.979770 0.200127 0.000000 76.130204 -0.200127 0.979770 0.000000 -9.011755 0.000000 0.000000 1.000000 0.000000
0.979682 0.200556 0.000000 76.514992 -0.200556 0.979682 0.000000 -9.090739 0.000000 0.000000 1.000000 0.000000
0.979572 0.201093 0.000000 76.871074 -0.201093 0.979572 0.000000 -9.172713 0.000000 0.000000 1.000000 0.000000
0.979591 0.201001 0.000000 77.496096 -0.201001 0.979591 0.000000 -9.337500 0.000000 0.000000 1.000000 0.000000
0.979827 0.199846 0.000000 78.158464 -0.199846 0.979827 0.000000 -9.488836 0.000000 0.000000 1.000000 0.000000
0.980207 0.197976 0.000000 78.541439 -0.197976 0.980207 0.000000 -9.573501 0.000000 0.000000 1.000000 0.000000
0.980467 0.196683 0.000000 78.920307 -0.196683 0.980467 0.000000 -9.757153 0.000000 0.000000 1.000000 0.000000
0.979571 0.201098 0.000000 79.297515 -0.201098 0.979571 0.000000 -9.859039 0.000000 0.000000 1.000000 0.000000
0.979348 0.202184 0.000000 79.738011 -0.202184 0.979348 0.000000 -9.951802 0.000000 0.000000 1.000000 0.000000
0.979131 0.203230 0.000000 80.122334 -0.203230 0.979131 0.000000 -10.036643 0.000000 0.000000 1.000000 0.000000
0.979657 0.200679 0.000000 80.571282 -0.200679 0.979657 0.000000 -10.128585 0.000000 0.000000 1.000000 0.000000
0.980187 0.198074 0.000000 81.268107 -0.198074 0.980187 0.000000 -10.246144 0.000000 0.000000 1.000000 0.000000
0.980308 0.197474 0.000000 82.069260 -0.197474 0.980308 0.000000 -10.415870 0.000000 0.000000 1.000000 0.000000
0.980070 0.198650 0.000000 82.541132 -0.198650 0.980070 0.000000 -10.515851 0.000000 0.000000 1.000000 0.000000
0.979478 0.201550 0.000000 83.016070 -0.201550 0.979478 0.000000 -10.617114 0.000000 0.000000 1.000000 0.000000
0.978646 0.205555 0.000000 83.476784 -0.205555 0.978646 0.000000 -10.703896 0.000000 0.000000 1.000000 0.000000
0.977566 0.210627 0.000000 83.975067 -0.210627 0.977566 0.000000 -10.772947 0.000000 0.000000 1.000000 0.000000
0.977319 0.211773 0.000000 84.434235 -0.211773 0.977319 0.000000 -10.849356 0.000000 0.000000 1.000000 0.000000
0.976427 0.215849 0.000000 84.940279 -0.215849 0.976427 0.000000 -10.945687 0.000000 0.000000 1.000000 0.000000
0.975723 0.219007 0.000000 85.453576 -0.219007 0.975723 0.000000 -11.058898 0.000000 0.000000 1.000000 0.000000
0.975130 0.221635 0.000000 85.974035 -0.221635 0.975130 0.000000 -11.169367 0.000000 0.000000 1.000000 0.000000
0.974717 0.223444 0.000000 86.460390 -0.223444 0.974717 0.000000 -11.288367 0.000000 0.000000 1.000000 0.000000
0.974270 0.225382 0.000000 86.972415 -0.225382 0.974270 0.000000 -11.416313 0.000000 0.000000 1.000000 0.000000
0.973701 0.227829 0.000000 87.904329 -0.227829 0.973701 0.000000 -11.651821 0.000000 0.000000 1.000000 0.000000
0.973690 0.227878 0.000000 88.442266 -0.227878 0.973690 0.000000 -11.785685 0.000000 0.000000 1.000000 0.000000
0.973236 0.229807 0.000000 88.995877 -0.229807 0.973236 0.000000 -11.900335 0.000000 0.000000 1.000000 0.000000
0.972093 0.234596 0.000000 89.537985 -0.234596 0.972093 0.000000 -12.034089 0.000000 0.000000 1.000000 0.000000
0.971658 0.236389 0.000000 90.076085 -0.236389 0.971658 0.000000 -12.190729 0.000000 0.000000 1.000000 0.000000
0.971546 0.236851 0.000000 90.884525 -0.236851 0.971546 0.000000 -12.422459 0.000000 0.000000 1.000000 0.000000
0.970839 0.239731 0.000000 91.408038 -0.239731 0.970839 0.000000 -12.553141 0.000000 0.000000 1.000000 0.000000
0.968824 0.247748 0.000000 92.511504 -0.247748 0.968824 0.000000 -12.840453 0.000000 0.000000 1.000000 0.000000
0.967682 0.252173 0.000000 93.237494 -0.252173 0.967682 0.000000 -13.023363 0.000000 0.000000 1.000000 0.000000
0.966672 0.256020 0.000000 93.815887 -0.256020 0.966672 0.000000 -13.173798 0.000000 0.000000 1.000000 0.000000
0.965358 0.260927 0.000000 94.401123 -0.260927 0.965358 0.000000 -13.334948 0.000000 0.000000 1.000000 0.000000
0.964570 0.263827 0.000000 95.009652 -0.263827 0.964570 0.000000 -13.463334 0.000000 0.000000 1.000000 0.000000
0.964323 0.264730 0.000000 95.599017 -0.264730 0.964323 0.000000 -13.624188 0.000000 0.000000 1.000000 0.000000
0.963892 0.266294 0.000000 96.223352 -0.266294 0.963892 0.000000 -13.797911 0.000000 0.000000 1.000000 0.000000
0.963140 0.269001 0.000000 96.789659 -0.269001 0.963140 0.000000 -13.958105 0.000000 0.000000 1.000000 0.000000
0.962463 0.271413 0.000000 97.370023 -0.271413 0.962463 0.000000 -14.138746 0.000000 0.000000 1.000000 0.000000
0.962547 0.271116 0.000000 97.961207 -0.271116 0.962547 0.000000 -14.323037 0.000000 0.000000 1.000000 0.000000
0.963327 0.268328 0.000000 98.515914 -0.268328 0.963327 0.000000 -14.490606 0.000000 0.000000 1.000000 0.000000
0.963638 0.267212 0.000000 99.133189 -0.267212 0.963638 0.000000 -14.661646 0.000000 0.000000 1.000000 0.000000
0.963357 0.268222 0.000000 99.734189 -0.268222 0.963357 0.000000 -14.836736 0.000000 0.000000 1.000000 0.000000
0.963084 0.269202 0.000000 100.292187 -0.269202 0.963084 0.000000 -14.993733 0.000000 0.000000 1.000000 0.000000
0.962831 0.270106 0.000000 101.365428 -0.270106 0.962831 0.000000 -15.299268 0.000000 0.000000 1.000000 0.000000
0.962593 0.270950 0.000000 102.011208 -0.270950 0.962593 0.000000 -15.494083 0.000000 0.000000 1.000000 0.000000
0.962242 0.272196 0.000000 102.614991 -0.272196 0.962242 0.000000 -15.685760 0.000000 0.000000 1.000000 0.000000
0.961427 0.275061 0.000000 103.225211 -0.275061 0.961427 0.000000 -15.856026 0.000000 0.000000 1.000000 0.000000
0.960962 0.276679 0.000000 103.801228 -0.276679 0.960962 0.000000 -16.055227 0.000000 0.000000 1.000000 0.000000
0.961187 0.275896 0.000000 104.421807 -0.275896 0.961187 0.000000 -16.228776 0.000000 0.000000 1.000000 0.000000
0.961158 0.275999 0.000000 105.003688 -0.275999 0.961158 0.000000 -16.397110 0.000000 0.000000 1.000000 0.000000
0.961158 0.276000 0.000000 105.620064 -0.276000 0.961158 0.000000 -16.579542 0.000000 0.000000 1.000000 0.000000
0.960818 0.277179 0.000000 106.212049 -0.277179 0.960818 0.000000 -16.739559 0.000000 0.000000 1.000000 0.000000
0.960115 0.279606 0.000000 106.837458 -0.279606 0.960115 0.000000 -16.927423 0.000000 0.000000 1.000000 0.000000
0.959546 0.281552 0.000000 107.457087 -0.281552 0.959546 0.000000 -17.125550 0.000000 0.000000 1.000000 0.000000
0.959498 0.281716 0.000000 108.089092 -0.281716 0.959498 0.000000 -17.318326 0.000000 0.000000 1.000000 0.000000
0.959636 0.281245 0.000000 108.879732 -0.281245 0.959636 0.000000 -17.557059 0.000000 0.000000 1.000000 0.000000
0.959740 0.280889 0.000000 109.484708 -0.280889 0.959740 0.000000 -17.775705 0.000000 0.000000 1.000000 0.000000
0.957918 0.287043 0.000000 110.145092 -0.287043 0.957918 0.000000 -17.965540 0.000000 0.000000 1.000000 0.000000
0.958993 0.283429 0.000000 111.137731 -0.283429 0.958993 0.000000 -18.279149 0.000000 0.000000 1.000000 0.000000
0.958893 0.283769 0.000000 111.775807 -0.283769 0.958893 0.000000 -18.480812 0.000000 0.000000 1.000000 0.000000
0.958523 0.285014 0.000000 112.416553 -0.285014 0.958523 0.000000 -18.670285 0.000000 0.000000 1.000000 0.000000
0.957919 0.287040 0.000000 113.063229 -0.287040 0.957919 0.000000 -18.877893 0.000000 0.000000 1.000000 0.000000
0.957722 0.287695 0.000000 113.682953 -0.287695 0.957722 0.000000 -19.091648 0.000000 0.000000 1.000000 0.000000
0.956651 0.291237 0.000000 114.307442 -0.291237 0.956651 0.000000 -19.262363 0.000000 0.000000 1.000000 0.000000
0.956854 0.290568 0.000000 114.907363 -0.290568 0.956854 0.000000 -19.458430 0.000000 0.000000 1.000000 0.000000
0.956810 0.290713 0.000000 116.400097 -0.290713 0.956810 0.000000 -19.603964 0.000000 0.000000 1.000000 0.000000
0.957529 0.288337 0.000000 117.044261 -0.288337 0.957529 0.000000 -19.822803 0.000000 0.000000 1.000000 0.000000
0.957682 0.287829 0.000000 117.686522 -0.287829 0.957682 0.000000 -20.023856 0.000000 0.000000 1.000000 0.000000
0.957523 0.288358 0.000000 118.322942 -0.288358 0.957523 0.000000 -20.217954 0.000000 0.000000 1.000000 0.000000
0.957581 0.288165 0.000000 119.622495 -0.288165 0.957581 0.000000 -20.635906 0.000000 0.000000 1.000000 0.000000
0.957376 0.288844 0.000000 120.221793 -0.288844 0.957376 0.000000 -20.817232 0.000000 0.000000 1.000000 0.000000
0.956996 0.290102 0.000000 120.865426 -0.290102 0.956996 0.000000 -21.076499 0.000000 0.000000 1.000000 0.000000
0.957027 0.290000 0.000000 121.463773 -0.290000 0.957027 0.000000 -21.264550 0.000000 0.000000 1.000000 0.000000
0.956536 0.291614 0.000000 122.057522 -0.291614 0.956536 0.000000 -21.450416 0.000000 0.000000 1.000000 0.000000
0.816815 0.576900 0.000000 125.464591 -0.576900 0.816815 0.000000 -24.924647 0.000000 0.000000 1.000000 0.000000
0.817805 0.575495 0.000000 126.007426 -0.575495 0.817805 0.000000 -25.289879 0.000000 0.000000 1.000000 0.000000
0.818098 0.575078 0.000000 126.501890 -0.575078 0.818098 0.000000 -25.652983 0.000000 0.000000 1.000000 0.000000
0.819179 0.573538 0.000000 127.015721 -0.573538 0.819179 0.000000 -26.018255 0.000000 0.000000 1.000000 0.000000
0.818106 0.575068 0.000000 127.578586 -0.575068 0.818106 0.000000 -26.420032 0.000000 0.000000 1.000000 0.000000
0.818750 0.574150 0.000000 128.098049 -0.574150 0.818750 0.000000 -26.765383 0.000000 0.000000 1.000000 0.000000
0.816868 0.576825 0.000000 128.620656 -0.576825 0.816868 0.000000 -27.152267 0.000000 0.000000 1.000000 0.000000
0.817006 0.576629 0.000000 129.288829 -0.576629 0.817006 0.000000 -27.632009 0.000000 0.000000 1.000000 0.000000
0.815533 0.578711 0.000000 129.820172 -0.578711 0.815533 0.000000 -28.006137 0.000000 0.000000 1.000000 0.000000
0.813990 0.580879 0.000000 130.351551 -0.580879 0.813990 0.000000 -28.375719 0.000000 0.000000 1.000000 0.000000
0.813727 0.581247 0.000000 131.114116 -0.581247 0.813727 0.000000 -28.925011 0.000000 0.000000 1.000000 0.000000
0.814143 0.580664 0.000000 131.641299 -0.580664 0.814143 0.000000 -29.313922 0.000000 0.000000 1.000000 0.000000
0.814368 0.580349 0.000000 132.164171 -0.580349 0.814368 0.000000 -29.702493 0.000000 0.000000 1.000000 0.000000
0.814915 0.579581 0.000000 132.680142 -0.579581 0.814915 0.000000 -30.085418 0.000000 0.000000 1.000000 0.000000
0.815329 0.578998 0.000000 133.208924 -0.578998 0.815329 0.000000 -30.464631 0.000000 0.000000 1.000000 0.000000
0.814778 0.579773 0.000000 133.970716 -0.579773 0.814778 0.000000 -31.028084 0.000000 0.000000 1.000000 0.000000
0.814529 0.580122 0.000000 134.459023 -0.580122 0.814529 0.000000 -31.424037 0.000000 0.000000 1.000000 0.000000
0.813482 0.581589 0.000000 134.971321 -0.581589 0.813482 0.000000 -31.801785 0.000000 0.000000 1.000000 0.000000
0.812206 0.583371 0.000000 135.450819 -0.583371 0.812206 0.000000 -32.161962 0.000000 0.000000 1.000000 0.000000
0.810681 0.585489 0.000000 136.103173 -0.585489 0.810681 0.000000 -32.666675 0.000000 0.000000 1.000000 0.000000
0.810630 0.585558 0.000000 136.605038 -0.585558 0.810630 0.000000 -33.047322 0.000000 0.000000 1.000000 0.000000
0.811084 0.584930 0.000000 137.108451 -0.584930 0.811084 0.000000 -33.420120 0.000000 0.000000 1.000000 0.000000
0.812013 0.583639 0.000000 137.745571 -0.583639 0.812013 0.000000 -33.860087 0.000000 0.000000 1.000000 0.000000
0.812602 0.582819 0.000000 138.250347 -0.582819 0.812602 0.000000 -34.230305 0.000000 0.000000 1.000000 0.000000
0.813544 0.581504 0.000000 139.200399 -0.581504 0.813544 0.000000 -34.957333 0.000000 0.000000 1.000000 0.000000
0.813229 0.581944 0.000000 139.670694 -0.581944 0.813229 0.000000 -35.288560 0.000000 0.000000 1.000000 0.000000
0.811638 0.584161 0.000000 140.145539 -0.584161 0.811638 0.000000 -35.663374 0.000000 0.000000 1.000000 0.000000
0.812703 0.582678 0.000000 140.634704 -0.582678 0.812703 0.000000 -36.007806 0.000000 0.000000 1.000000 0.000000
0.812403 0.583097 0.000000 141.092344 -0.583097 0.812403 0.000000 -36.346070 0.000000 0.000000 1.000000 0.000000
0.813435 0.581656 0.000000 141.586283 -0.581656 0.813435 0.000000 -36.710919 0.000000 0.000000 1.000000 0.000000
0.815429 0.578857 0.000000 142.189220 -0.578857 0.815429 0.000000 -37.145173 0.000000 0.000000 1.000000 0.000000
0.815743 0.578414 0.000000 142.670534 -0.578414 0.815743 0.000000 -37.506192 0.000000 0.000000 1.000000 0.000000
0.815797 0.578339 0.000000 143.119364 -0.578339 0.815797 0.000000 -37.841615 0.000000 0.000000 1.000000 0.000000
0.815112 0.579304 0.000000 143.606022 -0.579304 0.815112 0.000000 -38.202460 0.000000 0.000000 1.000000 0.000000
0.814223 0.580552 0.000000 144.086377 -0.580552 0.814223 0.000000 -38.559789 0.000000 0.000000 1.000000 0.000000
0.813666 0.581332 0.000000 144.534789 -0.581332 0.813666 0.000000 -38.892119 0.000000 0.000000 1.000000 0.000000
0.814331 0.580401 0.000000 145.013090 -0.580401 0.814331 0.000000 -39.248428 0.000000 0.000000 1.000000 0.000000
0.815389 0.578914 0.000000 145.463326 -0.578914 0.815389 0.000000 -39.578561 0.000000 0.000000 1.000000 0.000000
0.814302 0.580441 0.000000 145.940888 -0.580441 0.814302 0.000000 -39.927800 0.000000 0.000000 1.000000 0.000000
0.812955 0.582327 0.000000 146.415182 -0.582327 0.812955 0.000000 -40.280647 0.000000 0.000000 1.000000 0.000000
0.810740 0.585406 0.000000 147.029596 -0.585406 0.810740 0.000000 -40.725458 0.000000 0.000000 1.000000 0.000000
0.809575 0.587016 0.000000 147.482093 -0.587016 0.809575 0.000000 -41.052905 0.000000 0.000000 1.000000 0.000000
0.808634 0.588313 0.000000 147.953125 -0.588313 0.808634 0.000000 -41.405929 0.000000 0.000000 1.000000 0.000000
0.807908 0.589309 0.000000 148.391643 -0.589309 0.807908 0.000000 -41.738505 0.000000 0.000000 1.000000 0.000000
0.808300 0.588770 0.000000 148.855672 -0.588770 0.808300 0.000000 -42.083893 0.000000 0.000000 1.000000 0.000000
0.808663 0.588272 0.000000 149.300266 -0.588272 0.808663 0.000000 -42.411139 0.000000 0.000000 1.000000 0.000000
0.808394 0.588641 0.000000 149.907704 -0.588641 0.808394 0.000000 -42.859690 0.000000 0.000000 1.000000 0.000000
0.807204 0.590273 0.000000 150.343497 -0.590273 0.807204 0.000000 -43.172427 0.000000 0.000000 1.000000 0.000000
0.804470 0.593993 0.000000 150.787836 -0.593993 0.804470 0.000000 -43.527331 0.000000 0.000000 1.000000 0.000000
0.805214 0.592985 0.000000 151.234249 -0.592985 0.805214 0.000000 -43.852795 0.000000 0.000000 1.000000 0.000000
0.806163 0.591693 0.000000 151.695954 -0.591693 0.806163 0.000000 -44.196615 0.000000 0.000000 1.000000 0.000000
0.805941 0.591996 0.000000 152.136016 -0.591996 0.805941 0.000000 -44.516304 0.000000 0.000000 1.000000 0.000000
0.805026 0.593240 0.000000 152.771777 -0.593240 0.805026 0.000000 -44.979260 0.000000 0.000000 1.000000 0.000000
0.804557 0.593875 0.000000 153.221185 -0.593875 0.804557 0.000000 -45.352183 0.000000 0.000000 1.000000 0.000000
0.806691 0.590974 0.000000 153.681657 -0.590974 0.806691 0.000000 -45.697303 0.000000 0.000000 1.000000 0.000000
0.808194 0.588916 0.000000 154.131000 -0.588916 0.808194 0.000000 -46.038938 0.000000 0.000000 1.000000 0.000000
0.807692 0.589605 0.000000 154.587119 -0.589605 0.807692 0.000000 -46.384631 0.000000 0.000000 1.000000 0.000000
0.807173 0.590315 0.000000 155.040803 -0.590315 0.807173 0.000000 -46.742353 0.000000 0.000000 1.000000 0.000000
0.808170 0.588949 0.000000 155.499563 -0.588949 0.808170 0.000000 -47.092153 0.000000 0.000000 1.000000 0.000000
0.810445 0.585814 0.000000 155.941997 -0.585814 0.810445 0.000000 -47.424895 0.000000 0.000000 1.000000 0.000000
0.811549 0.584284 0.000000 156.391335 -0.584284 0.811549 0.000000 -47.770499 0.000000 0.000000 1.000000 0.000000
0.812301 0.583239 0.000000 156.869330 -0.583239 0.812301 0.000000 -48.093600 0.000000 0.000000 1.000000 0.000000
0.812734 0.582634 0.000000 157.300586 -0.582634 0.812734 0.000000 -48.419894 0.000000 0.000000 1.000000 0.000000
0.812112 0.583502 0.000000 157.770294 -0.583502 0.812112 0.000000 -48.853425 0.000000 0.000000 1.000000 0.000000
0.812876 0.582437 0.000000 158.209243 -0.582437 0.812876 0.000000 -49.189411 0.000000 0.000000 1.000000 0.000000
0.812743 0.582622 0.000000 158.668133 -0.582622 0.812743 0.000000 -49.549184 0.000000 0.000000 1.000000 0.000000
0.816243 0.577708 0.000000 159.120104 -0.577708 0.816243 0.000000 -49.896067 0.000000 0.000000 1.000000 0.000000
0.818940 0.573879 0.000000 159.588581 -0.573879 0.818940 0.000000 -50.245086 0.000000 0.000000 1.000000 0.000000
0.821353 0.570420 0.000000 160.014497 -0.570420 0.821353 0.000000 -50.566913 0.000000 0.000000 1.000000 0.000000
0.824084 0.566468 0.000000 160.470675 -0.566468 0.824084 0.000000 -50.910582 0.000000 0.000000 1.000000 0.000000
0.827178 0.561940 0.000000 160.894185 -0.561940 0.827178 0.000000 -51.230648 0.000000 0.000000 1.000000 0.000000
0.829778 0.558094 0.000000 161.364641 -0.558094 0.829778 0.000000 -51.574352 0.000000 0.000000 1.000000 0.000000
0.831589 0.555392 0.000000 161.985515 -0.555392 0.831589 0.000000 -52.006521 0.000000 0.000000 1.000000 0.000000
0.832028 0.554734 0.000000 162.436426 -0.554734 0.832028 0.000000 -52.329093 0.000000 0.000000 1.000000 0.000000
0.832378 0.554208 0.000000 162.858665 -0.554208 0.832378 0.000000 -52.632041 0.000000 0.000000 1.000000 0.000000
0.831012 0.556254 0.000000 163.309227 -0.556254 0.831012 0.000000 -53.050562 0.000000 0.000000 1.000000 0.000000
0.832556 0.553941 0.000000 163.899012 -0.553941 0.832556 0.000000 -53.455488 0.000000 0.000000 1.000000 0.000000
0.835568 0.549386 0.000000 164.824707 -0.549386 0.835568 0.000000 -54.108481 0.000000 0.000000 1.000000 0.000000
0.837489 0.546454 0.000000 165.286818 -0.546454 0.837489 0.000000 -54.428098 0.000000 0.000000 1.000000 0.000000
0.838077 0.545553 0.000000 165.796206 -0.545553 0.838077 0.000000 -54.659628 0.000000 0.000000 1.000000 0.000000
0.837872 0.545867 0.000000 166.233351 -0.545867 0.837872 0.000000 -55.027316 0.000000 0.000000 1.000000 0.000000
0.839253 0.543741 0.000000 166.695371 -0.543741 0.839253 0.000000 -55.339649 0.000000 0.000000 1.000000 0.000000
0.840133 0.542380 0.000000 167.158453 -0.542380 0.840133 0.000000 -55.627157 0.000000 0.000000 1.000000 0.000000
0.843018 0.537885 0.000000 167.809111 -0.537885 0.843018 0.000000 -55.769223 0.000000 0.000000 1.000000 0.000000
0.842965 0.537968 0.000000 168.276378 -0.537968 0.842965 0.000000 -56.069879 0.000000 0.000000 1.000000 0.000000
0.842257 0.539076 0.000000 168.706201 -0.539076 0.842257 0.000000 -56.355698 0.000000 0.000000 1.000000 0.000000
0.841883 0.539661 0.000000 169.136241 -0.539661 0.841883 0.000000 -56.641131 0.000000 0.000000 1.000000 0.000000
0.842424 0.538815 0.000000 169.600858 -0.538815 0.842424 0.000000 -56.937890 0.000000 0.000000 1.000000 0.000000
0.843399 0.537288 0.000000 170.039489 -0.537288 0.843399 0.000000 -57.216655 0.000000 0.000000 1.000000 0.000000
0.844523 0.535519 0.000000 170.499161 -0.535519 0.844523 0.000000 -57.511227 0.000000 0.000000 1.000000 0.000000
0.844815 0.535059 0.000000 170.933596 -0.535059 0.844815 0.000000 -57.781476 0.000000 0.000000 1.000000 0.000000
0.844460 0.535619 0.000000 171.399690 -0.535619 0.844460 0.000000 -58.100955 0.000000 0.000000 1.000000 0.000000
0.845328 0.534248 0.000000 171.820739 -0.534248 0.845328 0.000000 -58.371776 0.000000 0.000000 1.000000 0.000000
0.847185 0.531298 0.000000 172.284896 -0.531298 0.847185 0.000000 -58.659259 0.000000 0.000000 1.000000 0.000000
0.847891 0.530171 0.000000 172.716825 -0.530171 0.847891 0.000000 -58.915511 0.000000 0.000000 1.000000 0.000000
0.848202 0.529672 0.000000 173.176463 -0.529672 0.848202 0.000000 -59.199020 0.000000 0.000000 1.000000 0.000000
0.847888 0.530175 0.000000 173.602788 -0.530175 0.847888 0.000000 -59.459293 0.000000 0.000000 1.000000 0.000000
0.847420 0.530923 0.000000 174.060125 -0.530923 0.847420 0.000000 -59.755901 0.000000 0.000000 1.000000 0.000000
0.848854 0.528627 0.000000 174.585982 -0.528627 0.848854 0.000000 -60.173272 0.000000 0.000000 1.000000 0.000000
0.851342 0.524611 0.000000 175.031600 -0.524611 0.851342 0.000000 -60.460846 0.000000 0.000000 1.000000 0.000000
0.852765 0.522294 0.000000 175.473404 -0.522294 0.852765 0.000000 -60.739658 0.000000 0.000000 1.000000 0.000000
0.854118 0.520079 0.000000 175.892733 -0.520079 0.854118 0.000000 -61.021667 0.000000 0.000000 1.000000 0.000000
0.857133 0.515095 0.000000 176.513004 -0.515095 0.857133 0.000000 -61.378341 0.000000 0.000000 1.000000 0.000000
0.858669 0.512530 0.000000 176.961419 -0.512530 0.858669 0.000000 -61.651858 0.000000 0.000000 1.000000 0.000000
0.859315 0.511447 0.000000 177.426559 -0.511447 0.859315 0.000000 -61.935334 0.000000 0.000000 1.000000 0.000000
0.860798 0.508946 0.000000 177.869156 -0.508946 0.860798 0.000000 -62.218022 0.000000 0.000000 1.000000 0.000000
0.863990 0.503508 0.000000 178.311006 -0.503508 0.863990 0.000000 -62.484276 0.000000 0.000000 1.000000 0.000000
0.870383 0.492376 0.000000 179.216697 -0.492376 0.870383 0.000000 -63.112113 0.000000 0.000000 1.000000 0.000000
0.873277 0.487224 0.000000 179.646639 -0.487224 0.873277 0.000000 -63.355468 0.000000 0.000000 1.000000 0.000000
0.877443 0.479681 0.000000 180.084975 -0.479681 0.877443 0.000000 -63.605797 0.000000 0.000000 1.000000 0.000000
0.880989 0.473136 0.000000 180.496865 -0.473136 0.880989 0.000000 -63.832967 0.000000 0.000000 1.000000 0.000000
0.884969 0.465649 0.000000 180.944012 -0.465649 0.884969 0.000000 -64.069856 0.000000 0.000000 1.000000 0.000000
0.889321 0.457284 0.000000 181.366670 -0.457284 0.889321 0.000000 -64.297535 0.000000 0.000000 1.000000 0.000000
0.897792 0.440420 0.000000 182.208572 -0.440420 0.897792 0.000000 -64.734330 0.000000 0.000000 1.000000 0.000000
0.902309 0.431090 0.000000 182.652177 -0.431090 0.902309 0.000000 -64.965523 0.000000 0.000000 1.000000 0.000000
0.906629 0.421929 0.000000 183.075850 -0.421929 0.906629 0.000000 -65.149093 0.000000 0.000000 1.000000 0.000000
0.912207 0.409729 0.000000 183.697188 -0.409729 0.912207 0.000000 -65.454963 0.000000 0.000000 1.000000 0.000000
0.916807 0.399332 0.000000 184.132019 -0.399332 0.916807 0.000000 -65.654251 0.000000 0.000000 1.000000 0.000000
0.921115 0.389289 0.000000 184.568907 -0.389289 0.921115 0.000000 -65.856917 0.000000 0.000000 1.000000 0.000000
0.925209 0.379457 0.000000 184.969526 -0.379457 0.925209 0.000000 -66.032704 0.000000 0.000000 1.000000 0.000000
0.928534 0.371248 0.000000 185.364772 -0.371248 0.928534 0.000000 -66.229965 0.000000 0.000000 1.000000 0.000000
0.933110 0.359590 0.000000 185.796842 -0.359590 0.933110 0.000000 -66.417210 0.000000 0.000000 1.000000 0.000000
