0.999986 0.005385 0.000000 0.538357 -0.005385 0.999986 0.000000 0.002680 0.000000 0.000000 1.000000 0.000000
0.999931 0.011781 0.000000 1.116316 -0.011781 0.999931 0.000000 -0.003215 0.000000 0.000000 1.000000 0.000000
0.999841 0.017854 0.000000 1.654605 -0.017854 0.999841 0.000000 -0.012912 0.000000 0.000000 1.000000 0.000000
0.999704 0.024342 0.000000 2.368562 -0.024342 0.999704 0.000000 -0.042049 0.000000 0.000000 1.000000 0.000000
0.999603 0.028187 0.000000 2.946561 -0.028187 0.999603 0.000000 -0.071238 0.000000 0.000000 1.000000 0.000000
0.999481 0.032226 0.000000 3.527357 -0.032226 0.999481 0.000000 -0.094722 0.000000 0.000000 1.000000 0.000000
0.999288 0.037733 0.000000 4.088991 -0.037733 0.999288 0.000000 -0.115064 0.000000 0.000000 1.000000 0.000000
0.998906 0.046755 0.000000 5.230412 -0.046755 0.998906 0.000000 -0.169128 0.000000 0.000000 1.000000 0.000000
0.998741 0.050169 0.000000 5.661876 -0.050169 0.998741 0.000000 -0.117273 0.000000 0.000000 1.000000 0.000000
0.998351 0.057409 0.000000 6.236012 -0.057409 0.998351 0.000000 -0.143362 0.000000 0.000000 1.000000 0.000000
0.997918 0.064501 0.000000 6.777020 -0.064501 0.997918 0.000000 -0.169418 0.000000 0.000000 1.000000 0.000000
0.997440 0.071505 0.000000 7.333270 -0.071505 0.997440 0.000000 -0.201135 0.000000 0.000000 1.000000 0.000000
0.997016 0.077196 0.000000 7.867074 -0.077196 0.997016 0.000000 -0.244032 0.000000 0.000000 1.000000 0.000000
0.996522 0.083336 0.000000 8.447139 -0.083336 0.996522 0.000000 -0.296057 0.000000 0.000000 1.000000 0.000000
0.995928 0.090148 0.000000 8.980298 -0.090148 0.995928 0.000000 -0.339513 0.000000 0.000000 1.000000 0.000000
0.994714 0.102683 0.000000 9.725890 -0.102683 0.994714 0.000000 -0.405686 0.000000 0.000000 1.000000 0.000000
0.993824 0.110965 0.000000 10.291803 -0.110965 0.993824 0.000000 -0.467969 0.000000 0.000000 1.000000 0.000000
0.993167 0.116702 0.000000 10.857283 -0.116702 0.993167 0.000000 -0.538706 0.000000 0.000000 1.000000 0.000000
0.992603 0.121402 0.000000 11.409537 -0.121402 0.992603 0.000000 -0.608936 0.000000 0.000000 1.000000 0.000000
0.991884 0.127143 0.000000 11.934594 -0.127143 0.991884 0.000000 -0.683303 0.000000 0.000000 1.000000 0.000000
0.991043 0.133546 0.000000 12.460561 -0.133546 0.991043 0.000000 -0.754886 0.000000 0.000000 1.000000 0.000000
0.990190 0.139726 0.000000 12.989700 -0.139726 0.990190 0.000000 -0.835440 0.000000 0.000000 1.000000 0.000000
0.988990 0.147984 0.000000 13.541831 -0.147984 0.988990 0.000000 -0.919513 0.000000 0.000000 1.000000 0.000000
0.987536 0.157391 0.000000 14.058547 -0.157391 0.987536 0.000000 -1.000782 0.000000 0.000000 1.000000 0.000000
0.986174 0.165712 0.000000 14.627937 -0.165712 0.986174 0.000000 -1.093909 0.000000 0.000000 1.000000 0.000000
0.984909 0.173072 0.000000 15.369801 -0.173072 0.984909 0.000000 -1.231387 0.000000 0.000000 1.000000 0.000000
0.983718 0.179721 0.000000 15.929398 -0.179721 0.983718 0.000000 -1.340090 0.000000 0.000000 1.000000 0.000000
0.982155 0.188073 0.000000 16.516747 -0.188073 0.982155 0.000000 -1.449983 0.000000 0.000000 1.000000 0.000000
0.980665 0.195692 0.000000 17.060605 -0.195692 0.980665 0.000000 -1.559270 0.000000 0.000000 1.000000 0.000000
0.979228 0.202762 0.000000 17.607678 -0.202762 0.979228 0.000000 -1.676923 0.000000 0.000000 1.000000 0.000000
0.977925 0.208958 0.000000 18.116104 -0.208958 0.977925 0.000000 -1.784972 0.000000 0.000000 1.000000 0.000000
0.977032 0.213094 0.000000 18.651563 -0.213094 0.977032 0.000000 -1.902390 0.000000 0.000000 1.000000 0.000000
0.976670 0.214747 0.000000 19.145187 -0.214747 0.976670 0.000000 -2.013987 0.000000 0.000000 1.000000 0.000000
0.975493 0.220032 0.000000 19.671854 -0.220032 0.975493 0.000000 -2.133802 0.000000 0.000000 1.000000 0.000000
0.973296 0.229554 0.000000 20.699227 -0.229554 0.973296 0.000000 -2.379850 0.000000 0.000000 1.000000 0.000000
0.972084 0.234632 0.000000 21.181976 -0.234632 0.972084 0.000000 -2.491057 0.000000 0.000000 1.000000 0.000000
0.970712 0.240246 0.000000 21.705891 -0.240246 0.970712 0.000000 -2.612548 0.000000 0.000000 1.000000 0.000000
0.969048 0.246870 0.000000 22.375465 -0.246870 0.969048 0.000000 -2.776101 0.000000 0.000000 1.000000 0.000000
0.967734 0.251973 0.000000 22.853365 -0.251973 0.967734 0.000000 -2.891731 0.000000 0.000000 1.000000 0.000000
0.966026 0.258446 0.000000 23.332664 -0.258446 0.966026 0.000000 -3.007394 0.000000 0.000000 1.000000 0.000000
0.964482 0.264148 0.000000 23.847090 -0.264148 0.964482 0.000000 -3.151369 0.000000 0.000000 1.000000 0.000000
0.963224 0.268699 0.000000 24.325226 -0.268699 0.963224 0.000000 -3.260878 0.000000 0.000000 1.000000 0.000000
0.960898 0.276903 0.000000 24.993394 -0.276903 0.960898 0.000000 -3.455278 0.000000 0.000000 1.000000 0.000000
0.959679 0.281098 0.000000 25.505800 -0.281098 0.959679 0.000000 -3.602525 0.000000 0.000000 1.000000 0.000000
0.958513 0.285049 0.000000 26.004949 -0.285049 0.958513 0.000000 -3.746507 0.000000 0.000000 1.000000 0.000000
0.956970 0.290188 0.000000 26.504603 -0.290188 0.956970 0.000000 -3.901064 0.000000 0.000000 1.000000 0.000000
0.956343 0.292247 0.000000 27.024671 -0.292247 0.956343 0.000000 -4.062291 0.000000 0.000000 1.000000 0.000000
0.955641 0.294535 0.000000 27.560363 -0.294535 0.955641 0.000000 -4.226096 0.000000 0.000000 1.000000 0.000000
0.954074 0.299572 0.000000 28.053623 -0.299572 0.954074 0.000000 -4.378415 0.000000 0.000000 1.000000 0.000000
0.952755 0.303740 0.000000 28.558485 -0.303740 0.952755 0.000000 -4.547370 0.000000 0.000000 1.000000 0.000000
0.951097 0.308893 0.000000 29.025971 -0.308893 0.951097 0.000000 -4.696050 0.000000 0.000000 1.000000 0.000000
0.948980 0.315337 0.000000 29.513176 -0.315337 0.948980 0.000000 -4.852095 0.000000 0.000000 1.000000 0.000000
0.946959 0.321354 0.000000 29.990475 -0.321354 0.946959 0.000000 -5.010129 0.000000 0.000000 1.000000 0.000000
0.944584 0.328270 0.000000 30.494200 -0.328270 0.944584 0.000000 -5.174214 0.000000 0.000000 1.000000 0.000000
0.942388 0.334520 0.000000 30.996977 -0.334520 0.942388 0.000000 -5.335320 0.000000 0.000000 1.000000 0.000000
0.940788 0.338995 0.000000 31.515637 -0.338995 0.940788 0.000000 -5.510378 0.000000 0.000000 1.000000 0.000000
0.939236 0.343271 0.000000 31.961097 -0.343271 0.939236 0.000000 -5.668124 0.000000 0.000000 1.000000 0.000000
0.935963 0.352097 0.000000 32.652772 -0.352097 0.935963 0.000000 -5.916969 0.000000 0.000000 1.000000 0.000000
0.931945 0.362600 0.000000 33.364006 -0.362600 0.931945 0.000000 -6.187868 0.000000 0.000000 1.000000 0.000000
0.928987 0.370112 0.000000 33.856018 -0.370112 0.928987 0.000000 -6.380969 0.000000 0.000000 1.000000 0.000000
0.924272 0.381734 0.000000 34.730738 -0.381734 0.924272 0.000000 -6.709177 0.000000 0.000000 1.000000 0.000000
0.921997 0.387198 0.000000 35.245113 -0.387198 0.921997 0.000000 -6.907131 0.000000 0.000000 1.000000 0.000000
0.920507 0.390727 0.000000 35.736222 -0.390727 0.920507 0.000000 -7.147284 0.000000 0.000000 1.000000 0.000000
0.918400 0.395653 0.000000 36.211805 -0.395653 0.918400 0.000000 -7.357926 0.000000 0.000000 1.000000 0.000000
0.915892 0.401424 0.000000 36.661277 -0.401424 0.915892 0.000000 -7.556010 0.000000 0.000000 1.000000 0.000000
0.914466 0.404662 0.000000 37.146210 -0.404662 0.914466 0.000000 -7.763226 0.000000 0.000000 1.000000 0.000000
0.912303 0.409517 0.000000 37.576743 -0.409517 0.912303 0.000000 -7.961497 0.000000 0.000000 1.000000 0.000000
0.910279 0.413996 0.000000 38.035290 -0.413996 0.910279 0.000000 -8.189512 0.000000 0.000000 1.000000 0.000000
0.909213 0.416331 0.000000 38.482187 -0.416331 0.909213 0.000000 -8.429315 0.000000 0.000000 1.000000 0.000000
0.908098 0.418758 0.000000 38.952121 -0.418758 0.908098 0.000000 -8.619312 0.000000 0.000000 1.000000 0.000000
0.906252 0.422739 0.000000 39.380186 -0.422739 0.906252 0.000000 -8.838498 0.000000 0.000000 1.000000 0.000000
0.904710 0.426028 0.000000 39.819409 -0.426028 0.904710 0.000000 -9.050002 0.000000 0.000000 1.000000 0.000000
0.904125 0.427268 0.000000 40.216542 -0.427268 0.904125 0.000000 -9.257562 0.000000 0.000000 1.000000 0.000000
0.903213 0.429192 0.000000 40.588072 -0.429192 0.903213 0.000000 -9.429320 0.000000 0.000000 1.000000 0.000000
0.901850 0.432050 0.000000 40.989760 -0.432050 0.901850 0.000000 -9.622654 0.000000 0.000000 1.000000 0.000000
0.901462 0.432858 0.000000 41.420415 -0.432858 0.901462 0.000000 -9.831523 0.000000 0.000000 1.000000 0.000000
0.901036 0.433745 0.000000 41.834593 -0.433745 0.901036 0.000000 -10.024534 0.000000 0.000000 1.000000 0.000000
0.900718 0.434404 0.000000 42.235475 -0.434404 0.900718 0.000000 -10.221830 0.000000 0.000000 1.000000 0.000000
0.898735 0.438493 0.000000 42.640216 -0.438493 0.898735 0.000000 -10.383802 0.000000 0.000000 1.000000 0.000000
0.895390 0.445283 0.000000 43.059398 -0.445283 0.895390 0.000000 -10.572938 0.000000 0.000000 1.000000 0.000000
0.893247 0.449566 0.000000 43.444107 -0.449566 0.893247 0.000000 -10.762495 0.000000 0.000000 1.000000 0.000000
0.890400 0.455179 0.000000 43.817370 -0.455179 0.890400 0.000000 -10.944104 0.000000 0.000000 1.000000 0.000000
0.887071 0.461633 0.000000 44.199043 -0.461633 0.887071 0.000000 -11.159924 0.000000 0.000000 1.000000 0.000000
0.882089 0.471083 0.000000 44.751470 -0.471083 0.882089 0.000000 -11.457361 0.000000 0.000000 1.000000 0.000000
0.877201 0.480123 0.000000 45.146634 -0.480123 0.877201 0.000000 -11.670897 0.000000 0.000000 1.000000 0.000000
0.873522 0.486785 0.000000 45.514848 -0.486785 0.873522 0.000000 -11.867054 0.000000 0.000000 1.000000 0.000000
0.870796 0.491644 0.000000 45.881209 -0.491644 0.870796 0.000000 -12.069469 0.000000 0.000000 1.000000 0.000000
0.867250 0.497874 0.000000 46.237850 -0.497874 0.867250 0.000000 -12.268555 0.000000 0.000000 1.000000 0.000000
0.863940 0.503595 0.000000 46.589166 -0.503595 0.863940 0.000000 -12.456715 0.000000 0.000000 1.000000 0.000000
0.860911 0.508756 0.000000 46.925565 -0.508756 0.860911 0.000000 -12.655898 0.000000 0.000000 1.000000 0.000000
0.857482 0.514514 0.000000 47.269652 -0.514514 0.857482 0.000000 -12.853739 0.000000 0.000000 1.000000 0.000000
0.853163 0.521645 0.000000 47.603528 -0.521645 0.853163 0.000000 -13.058170 0.000000 0.000000 1.000000 0.000000
0.851091 0.525019 0.000000 47.924131 -0.525019 0.851091 0.000000 -13.267718 0.000000 0.000000 1.000000 0.000000
0.849403 0.527744 0.000000 48.233145 -0.527744 0.849403 0.000000 -13.478159 0.000000 0.000000 1.000000 0.000000
0.848381 0.529386 0.000000 48.851059 -0.529386 0.848381 0.000000 -13.870390 0.000000 0.000000 1.000000 0.000000
0.847844 0.530245 0.000000 49.145842 -0.530245 0.847844 0.000000 -14.062193 0.000000 0.000000 1.000000 0.000000
0.847534 0.530741 0.000000 49.423590 -0.530741 0.847534 0.000000 -14.236412 0.000000 0.000000 1.000000 0.000000
0.849085 0.528256 0.000000 49.691826 -0.528256 0.849085 0.000000 -14.406125 0.000000 0.000000 1.000000 0.000000
0.849579 0.527461 0.000000 49.979853 -0.527461 0.849579 0.000000 -14.595649 0.000000 0.000000 1.000000 0.000000
0.848325 0.529477 0.000000 50.242289 -0.529477 0.848325 0.000000 -14.759479 0.000000 0.000000 1.000000 0.000000
0.846713 0.532050 0.000000 50.512481 -0.532050 0.846713 0.000000 -14.932026 0.000000 0.000000 1.000000 0.000000
0.846050 0.533104 0.000000 50.779192 -0.533104 0.846050 0.000000 -15.086628 0.000000 0.000000 1.000000 0.000000
0.845959 0.533248 0.000000 51.044357 -0.533248 0.845959 0.000000 -15.255623 0.000000 0.000000 1.000000 0.000000
0.844468 0.535607 0.000000 51.309357 -0.535607 0.844468 0.000000 -15.410150 0.000000 0.000000 1.000000 0.000000
0.843055 0.537828 0.000000 51.554336 -0.537828 0.843055 0.000000 -15.555235 0.000000 0.000000 1.000000 0.000000
0.841237 0.540666 0.000000 51.809704 -0.540666 0.841237 0.000000 -15.711683 0.000000 0.000000 1.000000 0.000000
0.838730 0.544548 0.000000 52.175235 -0.544548 0.838730 0.000000 -15.942510 0.000000 0.000000 1.000000 0.000000
0.836084 0.548602 0.000000 52.422337 -0.548602 0.836084 0.000000 -16.086212 0.000000 0.000000 1.000000 0.000000
0.832854 0.553493 0.000000 52.661299 -0.553493 0.832854 0.000000 -16.233444 0.000000 0.000000 1.000000 0.000000
0.830544 0.556953 0.000000 52.916075 -0.556953 0.830544 0.000000 -16.340290 0.000000 0.000000 1.000000 0.000000
0.827653 0.561241 0.000000 53.140703 -0.561241 0.827653 0.000000 -16.481301 0.000000 0.000000 1.000000 0.000000
0.826183 0.563402 0.000000 53.370940 -0.563402 0.826183 0.000000 -16.632780 0.000000 0.000000 1.000000 0.000000
0.825865 0.563868 0.000000 53.589167 -0.563868 0.825865 0.000000 -16.784718 0.000000 0.000000 1.000000 0.000000
0.826546 0.562870 0.000000 53.805482 -0.562870 0.826546 0.000000 -16.941621 0.000000 0.000000 1.000000 0.000000
0.826972 0.562243 0.000000 54.022780 -0.562243 0.826972 0.000000 -17.096363 0.000000 0.000000 1.000000 0.000000
0.825548 0.564332 0.000000 54.233389 -0.564332 0.825548 0.000000 -17.247434 0.000000 0.000000 1.000000 0.000000
0.819991 0.572377 0.000000 54.635769 -0.572377 0.819991 0.000000 -17.513786 0.000000 0.000000 1.000000 0.000000
0.817879 0.575391 0.000000 54.806172 -0.575391 0.817879 0.000000 -17.635555 0.000000 0.000000 1.000000 0.000000
0.817726 0.575608 0.000000 54.973648 -0.575608 0.817726 0.000000 -17.768398 0.000000 0.000000 1.000000 0.000000
0.818105 0.575069 0.000000 55.153103 -0.575069 0.818105 0.000000 -17.905830 0.000000 0.000000 1.000000 0.000000
0.817661 0.575700 0.000000 55.320781 -0.575700 0.817661 0.000000 -18.030388 0.000000 0.000000 1.000000 0.000000
0.817152 0.576423 0.000000 55.487137 -0.576423 0.817152 0.000000 -18.152245 0.000000 0.000000 1.000000 0.000000
0.816265 0.577677 0.000000 55.655664 -0.577677 0.816265 0.000000 -18.281274 0.000000 0.000000 1.000000 0.000000
0.814926 0.579564 0.000000 55.816875 -0.579564 0.814926 0.000000 -18.394287 0.000000 0.000000 1.000000 0.000000
0.813483 0.581589 0.000000 55.982381 -0.581589 0.813483 0.000000 -18.512640 0.000000 0.000000 1.000000 0.000000
0.810424 0.585844 0.000000 56.306480 -0.585844 0.810424 0.000000 -18.740589 0.000000 0.000000 1.000000 0.000000
0.809532 0.587076 0.000000 56.458289 -0.587076 0.809532 0.000000 -18.849399 0.000000 0.000000 1.000000 0.000000
0.808725 0.588186 0.000000 56.611787 -0.588186 0.808725 0.000000 -18.954846 0.000000 0.000000 1.000000 0.000000
0.807118 0.590390 0.000000 56.859565 -0.590390 0.807118 0.000000 -19.141073 0.000000 0.000000 1.000000 0.000000
0.805392 0.592742 0.000000 57.019264 -0.592742 0.805392 0.000000 -19.260995 0.000000 0.000000 1.000000 0.000000
0.803344 0.595515 0.000000 57.170513 -0.595515 0.803344 0.000000 -19.382042 0.000000 0.000000 1.000000 0.000000
0.802645 0.596457 0.000000 57.335354 -0.596457 0.802645 0.000000 -19.503748 0.000000 0.000000 1.000000 0.000000
0.802448 0.596722 0.000000 57.467131 -0.596722 0.802448 0.000000 -19.625662 0.000000 0.000000 1.000000 0.000000
0.801316 0.598241 0.000000 57.627153 -0.598241 0.801316 0.000000 -19.748406 0.000000 0.000000 1.000000 0.000000
0.800102 0.599863 0.000000 57.792248 -0.599863 0.800102 0.000000 -19.872110 0.000000 0.000000 1.000000 0.000000
0.796759 0.604297 0.000000 58.120465 -0.604297 0.796759 0.000000 -20.126636 0.000000 0.000000 1.000000 0.000000
0.794894 0.606748 0.000000 58.293713 -0.606748 0.794894 0.000000 -20.256106 0.000000 0.000000 1.000000 0.000000
0.793326 0.608797 0.000000 58.465258 -0.608797 0.793326 0.000000 -20.378215 0.000000 0.000000 1.000000 0.000000
0.791797 0.610784 0.000000 58.621902 -0.610784 0.791797 0.000000 -20.493964 0.000000 0.000000 1.000000 0.000000
0.790849 0.612011 0.000000 58.793860 -0.612011 0.790849 0.000000 -20.630780 0.000000 0.000000 1.000000 0.000000
0.789430 0.613841 0.000000 58.961917 -0.613841 0.789430 0.000000 -20.759527 0.000000 0.000000 1.000000 0.000000
0.787822 0.615903 0.000000 59.128665 -0.615903 0.787822 0.000000 -20.888951 0.000000 0.000000 1.000000 0.000000
0.785441 0.618937 0.000000 59.312124 -0.618937 0.785441 0.000000 -21.028951 0.000000 0.000000 1.000000 0.000000
0.782044 0.623224 0.000000 59.487297 -0.623224 0.782044 0.000000 -21.157270 0.000000 0.000000 1.000000 0.000000
0.778391 0.627780 0.000000 59.662345 -0.627780 0.778391 0.000000 -21.289903 0.000000 0.000000 1.000000 0.000000
0.773767 0.633471 0.000000 59.862816 -0.633471 0.773767 0.000000 -21.432563 0.000000 0.000000 1.000000 0.000000
0.771731 0.635950 0.000000 60.035623 -0.635950 0.771731 0.000000 -21.570089 0.000000 0.000000 1.000000 0.000000
0.769634 0.638485 0.000000 60.229462 -0.638485 0.769634 0.000000 -21.726144 0.000000 0.000000 1.000000 0.000000
0.767146 0.641473 0.000000 60.407432 -0.641473 0.767146 0.000000 -21.868803 0.000000 0.000000 1.000000 0.000000
0.764418 0.644721 0.000000 60.601965 -0.644721 0.764418 0.000000 -22.025727 0.000000 0.000000 1.000000 0.000000
0.761526 0.648134 0.000000 60.783567 -0.648134 0.761526 0.000000 -22.173039 0.000000 0.000000 1.000000 0.000000
0.756726 0.653732 0.000000 61.074392 -0.653732 0.756726 0.000000 -22.407236 0.000000 0.000000 1.000000 0.000000
0.754600 0.656185 0.000000 61.262212 -0.656185 0.754600 0.000000 -22.562255 0.000000 0.000000 1.000000 0.000000
0.753087 0.657921 0.000000 61.466625 -0.657921 0.753087 0.000000 -22.741071 0.000000 0.000000 1.000000 0.000000
0.751431 0.659812 0.000000 61.648058 -0.659812 0.751431 0.000000 -22.912641 0.000000 0.000000 1.000000 0.000000
0.748114 0.663570 0.000000 62.037593 -0.663570 0.748114 0.000000 -23.276599 0.000000 0.000000 1.000000 0.000000
0.746480 0.665408 0.000000 62.220076 -0.665408 0.746480 0.000000 -23.456101 0.000000 0.000000 1.000000 0.000000
0.744878 0.667200 0.000000 62.397314 -0.667200 0.744878 0.000000 -23.626488 0.000000 0.000000 1.000000 0.000000
0.743832 0.668367 0.000000 62.588827 -0.668367 0.743832 0.000000 -23.813097 0.000000 0.000000 1.000000 0.000000
0.738749 0.673980 0.000000 62.923937 -0.673980 0.738749 0.000000 -24.095153 0.000000 0.000000 1.000000 0.000000
0.734514 0.678593 0.000000 63.115287 -0.678593 0.734514 0.000000 -24.276456 0.000000 0.000000 1.000000 0.000000
0.730577 0.682830 0.000000 63.295546 -0.682830 0.730577 0.000000 -24.448495 0.000000 0.000000 1.000000 0.000000
0.727408 0.686205 0.000000 63.488732 -0.686205 0.727408 0.000000 -24.638962 0.000000 0.000000 1.000000 0.000000
0.725768 0.687939 0.000000 63.664614 -0.687939 0.725768 0.000000 -24.812091 0.000000 0.000000 1.000000 0.000000
0.723562 0.690259 0.000000 63.842797 -0.690259 0.723562 0.000000 -24.982634 0.000000 0.000000 1.000000 0.000000
0.720184 0.693783 0.000000 63.901368 -0.693783 0.720184 0.000000 -25.106754 0.000000 0.000000 1.000000 0.000000
0.719149 0.694856 0.000000 64.051946 -0.694856 0.719149 0.000000 -25.288065 0.000000 0.000000 1.000000 0.000000
0.717003 0.697070 0.000000 64.223660 -0.697070 0.717003 0.000000 -25.453471 0.000000 0.000000 1.000000 0.000000
0.715280 0.698838 0.000000 64.402273 -0.698838 0.715280 0.000000 -25.636991 0.000000 0.000000 1.000000 0.000000
0.715511 0.698602 0.000000 64.567401 -0.698602 0.715511 0.000000 -25.805742 0.000000 0.000000 1.000000 0.000000
0.715108 0.699014 0.000000 64.795771 -0.699014 0.715108 0.000000 -26.045827 0.000000 0.000000 1.000000 0.000000
0.714005 0.700140 0.000000 64.980649 -0.700140 0.714005 0.000000 -26.237472 0.000000 0.000000 1.000000 0.000000
0.713816 0.700333 0.000000 65.147360 -0.700333 0.713816 0.000000 -26.420325 0.000000 0.000000 1.000000 0.000000
0.713383 0.700775 0.000000 65.314491 -0.700775 0.713383 0.000000 -26.602188 0.000000 0.000000 1.000000 0.000000
0.714168 0.699974 0.000000 65.465043 -0.699974 0.714168 0.000000 -26.794183 0.000000 0.000000 1.000000 0.000000
0.718113 0.695926 0.000000 65.634285 -0.695926 0.718113 0.000000 -26.965852 0.000000 0.000000 1.000000 0.000000
0.720837 0.693104 0.000000 65.797625 -0.693104 0.720837 0.000000 -27.137137 0.000000 0.000000 1.000000 0.000000
0.721688 0.692218 0.000000 65.972642 -0.692218 0.721688 0.000000 -27.302493 0.000000 0.000000 1.000000 0.000000
0.723538 0.690284 0.000000 66.139276 -0.690284 0.723538 0.000000 -27.468096 0.000000 0.000000 1.000000 0.000000
0.724100 0.689695 0.000000 66.292418 -0.689695 0.724100 0.000000 -27.623468 0.000000 0.000000 1.000000 0.000000
0.724177 0.689614 0.000000 66.622015 -0.689614 0.724177 0.000000 -27.938556 0.000000 0.000000 1.000000 0.000000
0.725484 0.688239 0.000000 66.786451 -0.688239 0.725484 0.000000 -28.104484 0.000000 0.000000 1.000000 0.000000
0.727181 0.686445 0.000000 66.935848 -0.686445 0.727181 0.000000 -28.265136 0.000000 0.000000 1.000000 0.000000
0.728672 0.684863 0.000000 67.080898 -0.684863 0.728672 0.000000 -28.414339 0.000000 0.000000 1.000000 0.000000
0.730389 0.683031 0.000000 67.234949 -0.683031 0.730389 0.000000 -28.567046 0.000000 0.000000 1.000000 0.000000
0.730992 0.682386 0.000000 67.370162 -0.682386 0.730992 0.000000 -28.701955 0.000000 0.000000 1.000000 0.000000
0.727593 0.686009 0.000000 67.533976 -0.686009 0.727593 0.000000 -28.872416 0.000000 0.000000 1.000000 0.000000
0.729081 0.684427 0.000000 67.839314 -0.684427 0.729081 0.000000 -29.124572 0.000000 0.000000 1.000000 0.000000
0.727507 0.686100 0.000000 68.348979 -0.686100 0.727507 0.000000 -29.423080 0.000000 0.000000 1.000000 0.000000
0.729553 0.683924 0.000000 68.495611 -0.683924 0.729553 0.000000 -29.567637 0.000000 0.000000 1.000000 0.000000
0.731511 0.681829 0.000000 68.643550 -0.681829 0.731511 0.000000 -29.712024 0.000000 0.000000 1.000000 0.000000
0.733902 0.679256 0.000000 68.787048 -0.679256 0.733902 0.000000 -29.850223 0.000000 0.000000 1.000000 0.000000
0.736763 0.676151 0.000000 68.926924 -0.676151 0.736763 0.000000 -29.990850 0.000000 0.000000 1.000000 0.000000
0.743696 0.668518 0.000000 69.199542 -0.668518 0.743696 0.000000 -30.252546 0.000000 0.000000 1.000000 0.000000
0.746647 0.665221 0.000000 69.329782 -0.665221 0.746647 0.000000 -30.366150 0.000000 0.000000 1.000000 0.000000
0.749910 0.661540 0.000000 69.460455 -0.661540 0.749910 0.000000 -30.476140 0.000000 0.000000 1.000000 0.000000
0.754357 0.656465 0.000000 69.687306 -0.656465 0.754357 0.000000 -30.663449 0.000000 0.000000 1.000000 0.000000
0.760882 0.648890 0.000000 69.968587 -0.648890 0.760882 0.000000 -30.910573 0.000000 0.000000 1.000000 0.000000
0.765937 0.642916 0.000000 70.146858 -0.642916 0.765937 0.000000 -31.059299 0.000000 0.000000 1.000000 0.000000
0.769528 0.638613 0.000000 70.258900 -0.638613 0.769528 0.000000 -31.152147 0.000000 0.000000 1.000000 0.000000
0.777801 0.628511 0.000000 70.492022 -0.628511 0.777801 0.000000 -31.342120 0.000000 0.000000 1.000000 0.000000
0.781549 0.623844 0.000000 70.605031 -0.623844 0.781549 0.000000 -31.433159 0.000000 0.000000 1.000000 0.000000
0.784419 0.620231 0.000000 70.707337 -0.620231 0.784419 0.000000 -31.508233 0.000000 0.000000 1.000000 0.000000
0.787537 0.616268 0.000000 70.816561 -0.616268 0.787537 0.000000 -31.583776 0.000000 0.000000 1.000000 0.000000
0.792272 0.610167 0.000000 70.980339 -0.610167 0.792272 0.000000 -31.700771 0.000000 0.000000 1.000000 0.000000
0.798371 0.602166 0.000000 71.162100 -0.602166 0.798371 0.000000 -31.831478 0.000000 0.000000 1.000000 0.000000
0.801896 0.597463 0.000000 71.259272 -0.597463 0.801896 0.000000 -31.904856 0.000000 0.000000 1.000000 0.000000
0.805469 0.592638 0.000000 71.352923 -0.592638 0.805469 0.000000 -31.964526 0.000000 0.000000 1.000000 0.000000
0.808756 0.588144 0.000000 71.440033 -0.588144 0.808756 0.000000 -32.020776 0.000000 0.000000 1.000000 0.000000
0.811713 0.584057 0.000000 71.529530 -0.584057 0.811713 0.000000 -32.078947 0.000000 0.000000 1.000000 0.000000
0.814773 0.579781 0.000000 71.600856 -0.579781 0.814773 0.000000 -32.136511 0.000000 0.000000 1.000000 0.000000
0.820836 0.571164 0.000000 71.757467 -0.571164 0.820836 0.000000 -32.237344 0.000000 0.000000 1.000000 0.000000
0.823797 0.566884 0.000000 71.824134 -0.566884 0.823797 0.000000 -32.281539 0.000000 0.000000 1.000000 0.000000
0.826520 0.562908 0.000000 71.888050 -0.562908 0.826520 0.000000 -32.319637 0.000000 0.000000 1.000000 0.000000
0.828974 0.559287 0.000000 71.939041 -0.559287 0.828974 0.000000 -32.356607 0.000000 0.000000 1.000000 0.000000
0.831363 0.555729 0.000000 71.995163 -0.555729 0.831363 0.000000 -32.384948 0.000000 0.000000 1.000000 0.000000
0.832655 0.553792 0.000000 72.037962 -0.553792 0.832655 0.000000 -32.412236 0.000000 0.000000 1.000000 0.000000
0.833521 0.552488 0.000000 72.080771 -0.552488 0.833521 0.000000 -32.434267 0.000000 0.000000 1.000000 0.000000
0.835301 0.549793 0.000000 72.145387 -0.549793 0.835301 0.000000 -32.474976 0.000000 0.000000 1.000000 0.000000
0.836156 0.548491 0.000000 72.177173 -0.548491 0.836156 0.000000 -32.494605 0.000000 0.000000 1.000000 0.000000
0.836638 0.547756 0.000000 72.205330 -0.547756 0.836638 0.000000 -32.510590 0.000000 0.000000 1.000000 0.000000
0.837297 0.546748 0.000000 72.232021 -0.546748 0.837297 0.000000 -32.527125 0.000000 0.000000 1.000000 0.000000
0.838472 0.544945 0.000000 72.252430 -0.544945 0.838472 0.000000 -32.540920 0.000000 0.000000 1.000000 0.000000
0.838986 0.544153 0.000000 72.258584 -0.544153 0.838986 0.000000 -32.546073 0.000000 0.000000 1.000000 0.000000
0.839022 0.544097 0.000000 72.272782 -0.544097 0.839022 0.000000 -32.555181 0.000000 0.000000 1.000000 0.000000
0.839731 0.543003 0.000000 72.282528 -0.543003 0.839731 0.000000 -32.564887 0.000000 0.000000 1.000000 0.000000
0.840180 0.542307 0.000000 72.289526 -0.542307 0.840180 0.000000 -32.572764 0.000000 0.000000 1.000000 0.000000
0.840079 0.542465 0.000000 72.296287 -0.542465 0.840079 0.000000 -32.574046 0.000000 0.000000 1.000000 0.000000
0.840567 0.541708 0.000000 72.296709 -0.541708 0.840567 0.000000 -32.576369 0.000000 0.000000 1.000000 0.000000
0.840206 0.542267 0.000000 72.295987 -0.542267 0.840206 0.000000 -32.574737 0.000000 0.000000 1.000000 0.000000
0.839862 0.542801 0.000000 72.294524 -0.542801 0.839862 0.000000 -32.572356 0.000000 0.000000 1.000000 0.000000
0.839764 0.542952 0.000000 72.293038 -0.542952 0.839764 0.000000 -32.571001 0.000000 0.000000 1.000000 0.000000
0.840113 0.542411 0.000000 72.291792 -0.542411 0.840113 0.000000 -32.571879 0.000000 0.000000 1.000000 0.000000
0.840750 0.541424 0.000000 72.290858 -0.541424 0.840750 0.000000 -32.573863 0.000000 0.000000 1.000000 0.000000
0.840492 0.541824 0.000000 72.291305 -0.541824 0.840492 0.000000 -32.572689 0.000000 0.000000 1.000000 0.000000
0.839983 0.542613 0.000000 72.292761 -0.542613 0.839983 0.000000 -32.571152 0.000000 0.000000 1.000000 0.000000
0.839867 0.542793 0.000000 72.293515 -0.542793 0.839867 0.000000 -32.570700 0.000000 0.000000 1.000000 0.000000
0.839827 0.542854 0.000000 72.294464 -0.542854 0.839827 0.000000 -32.569245 0.000000 0.000000 1.000000 0.000000
0.839785 0.542919 0.000000 72.295129 -0.542919 0.839785 0.000000 -32.567693 0.000000 0.000000 1.000000 0.000000
0.839775 0.542935 0.000000 72.296207 -0.542935 0.839775 0.000000 -32.566661 0.000000 0.000000 1.000000 0.000000
0.839627 0.543164 0.000000 72.297234 -0.543164 0.839627 0.000000 -32.563644 0.000000 0.000000 1.000000 0.000000
0.839640 0.543143 0.000000 72.297844 -0.543143 0.839640 0.000000 -32.561105 0.000000 0.000000 1.000000 0.000000
0.839691 0.543065 0.000000 72.297849 -0.543065 0.839691 0.000000 -32.560666 0.000000 0.000000 1.000000 0.000000
0.839719 0.543021 0.000000 72.297945 -0.543021 0.839719 0.000000 -32.560469 0.000000 0.000000 1.000000 0.000000
0.839729 0.543006 0.000000 72.297335 -0.543006 0.839729 0.000000 -32.562341 0.000000 0.000000 1.000000 0.000000
0.839695 0.543058 0.000000 72.297357 -0.543058 0.839695 0.000000 -32.562173 0.000000 0.000000 1.000000 0.000000
0.839692 0.543062 0.000000 72.296740 -0.543062 0.839692 0.000000 -32.563646 0.000000 0.000000 1.000000 0.000000
0.839660 0.543113 0.000000 72.296557 -0.543113 0.839660 0.000000 -32.564201 0.000000 0.000000 1.000000 0.000000
0.839641 0.543142 0.000000 72.296394 -0.543142 0.839641 0.000000 -32.564665 0.000000 0.000000 1.000000 0.000000
0.839574 0.543245 0.000000 72.296626 -0.543245 0.839574 0.000000 -32.564227 0.000000 0.000000 1.000000 0.000000
0.839385 0.543537 0.000000 72.297140 -0.543537 0.839385 0.000000 -32.563346 0.000000 0.000000 1.000000 0.000000
0.839322 0.543635 0.000000 72.297324 -0.543635 0.839322 0.000000 -32.563021 0.000000 0.000000 1.000000 0.000000
0.839302 0.543665 0.000000 72.297598 -0.543665 0.839302 0.000000 -32.562681 0.000000 0.000000 1.000000 0.000000
0.839341 0.543605 0.000000 72.297444 -0.543605 0.839341 0.000000 -32.562855 0.000000 0.000000 1.000000 0.000000
0.839334 0.543615 0.000000 72.297471 -0.543615 0.839334 0.000000 -32.562750 0.000000 0.000000 1.000000 0.000000
0.839315 0.543645 0.000000 72.297536 -0.543645 0.839315 0.000000 -32.562701 0.000000 0.000000 1.000000 0.000000
0.839286 0.543690 0.000000 72.297637 -0.543690 0.839286 0.000000 -32.562703 0.000000 0.000000 1.000000 0.000000
0.839281 0.543697 0.000000 72.297586 -0.543697 0.839281 0.000000 -32.562498 0.000000 0.000000 1.000000 0.000000
0.839276 0.543705 0.000000 72.297894 -0.543705 0.839276 0.000000 -32.562420 0.000000 0.000000 1.000000 0.000000
0.839099 0.543978 0.000000 72.298252 -0.543978 0.839099 0.000000 -32.563256 0.000000 0.000000 1.000000 0.000000
0.839110 0.543962 0.000000 72.298252 -0.543962 0.839110 0.000000 -32.563252 0.000000 0.000000 1.000000 0.000000
0.839097 0.543982 0.000000 72.298213 -0.543982 0.839097 0.000000 -32.563082 0.000000 0.000000 1.000000 0.000000
0.839081 0.544007 0.000000 72.298240 -0.544007 0.839081 0.000000 -32.562916 0.000000 0.000000 1.000000 0.000000
0.839084 0.544002 0.000000 72.298146 -0.544002 0.839084 0.000000 -32.562887 0.000000 0.000000 1.000000 0.000000
0.839182 0.543850 0.000000 72.297869 -0.543850 0.839182 0.000000 -32.562957 0.000000 0.000000 1.000000 0.000000
0.839550 0.543282 0.000000 72.297109 -0.543282 0.839550 0.000000 -32.563527 0.000000 0.000000 1.000000 0.000000
0.839492 0.543373 0.000000 72.297232 -0.543373 0.839492 0.000000 -32.563379 0.000000 0.000000 1.000000 0.000000
0.839455 0.543430 0.000000 72.297045 -0.543430 0.839455 0.000000 -32.563332 0.000000 0.000000 1.000000 0.000000
0.839460 0.543421 0.000000 72.296876 -0.543421 0.839460 0.000000 -32.563435 0.000000 0.000000 1.000000 0.000000
0.839569 0.543253 0.000000 72.296031 -0.543253 0.839569 0.000000 -32.563464 0.000000 0.000000 1.000000 0.000000
0.839535 0.543306 0.000000 72.269049 -0.543306 0.839535 0.000000 -32.591384 0.000000 0.000000 1.000000 0.000000
0.839371 0.543559 0.000000 72.269326 -0.543559 0.839371 0.000000 -32.590928 0.000000 0.000000 1.000000 0.000000
0.839176 0.543861 0.000000 72.269828 -0.543861 0.839176 0.000000 -32.590627 0.000000 0.000000 1.000000 0.000000
0.838607 0.544737 0.000000 72.271783 -0.544737 0.838607 0.000000 -32.589711 0.000000 0.000000 1.000000 0.000000
0.838124 0.545480 0.000000 72.273257 -0.545480 0.838124 0.000000 -32.588994 0.000000 0.000000 1.000000 0.000000
0.837221 0.546865 0.000000 72.275846 -0.546865 0.837221 0.000000 -32.587606 0.000000 0.000000 1.000000 0.000000
0.837189 0.546913 0.000000 72.275601 -0.546913 0.837189 0.000000 -32.588335 0.000000 0.000000 1.000000 0.000000
0.837269 0.546792 0.000000 72.275274 -0.546792 0.837269 0.000000 -32.589647 0.000000 0.000000 1.000000 0.000000
0.837573 0.546325 0.000000 72.271692 -0.546325 0.837573 0.000000 -32.590911 0.000000 0.000000 1.000000 0.000000
0.838957 0.544197 0.000000 72.269692 -0.544197 0.838957 0.000000 -32.596582 0.000000 0.000000 1.000000 0.000000
0.839572 0.543249 0.000000 72.268255 -0.543249 0.839572 0.000000 -32.597973 0.000000 0.000000 1.000000 0.000000
0.840297 0.542126 0.000000 72.259923 -0.542126 0.840297 0.000000 -32.597962 0.000000 0.000000 1.000000 0.000000
0.840612 0.541638 0.000000 72.257295 -0.541638 0.840612 0.000000 -32.599155 0.000000 0.000000 1.000000 0.000000
0.840726 0.541460 0.000000 72.259169 -0.541460 0.840726 0.000000 -32.600918 0.000000 0.000000 1.000000 0.000000
0.840875 0.541229 0.000000 72.271348 -0.541229 0.840875 0.000000 -32.606747 0.000000 0.000000 1.000000 0.000000
0.840900 0.541191 0.000000 72.270933 -0.541191 0.840900 0.000000 -32.608180 0.000000 0.000000 1.000000 0.000000
0.840896 0.541197 0.000000 72.270762 -0.541197 0.840896 0.000000 -32.607742 0.000000 0.000000 1.000000 0.000000
0.841102 0.540876 0.000000 72.268262 -0.540876 0.841102 0.000000 -32.608657 0.000000 0.000000 1.000000 0.000000
0.841210 0.540708 0.000000 72.265901 -0.540708 0.841210 0.000000 -32.608693 0.000000 0.000000 1.000000 0.000000
0.841353 0.540485 0.000000 72.264367 -0.540485 0.841353 0.000000 -32.608712 0.000000 0.000000 1.000000 0.000000
0.841397 0.540418 0.000000 72.263492 -0.540418 0.841397 0.000000 -32.608361 0.000000 0.000000 1.000000 0.000000
0.841341 0.540504 0.000000 72.262882 -0.540504 0.841341 0.000000 -32.607786 0.000000 0.000000 1.000000 0.000000
0.841730 0.539898 0.000000 72.261863 -0.539898 0.841730 0.000000 -32.609244 0.000000 0.000000 1.000000 0.000000
0.841959 0.539542 0.000000 72.262027 -0.539542 0.841959 0.000000 -32.610454 0.000000 0.000000 1.000000 0.000000
0.842569 0.538589 0.000000 72.260860 -0.538589 0.842569 0.000000 -32.612784 0.000000 0.000000 1.000000 0.000000
0.842907 0.538059 0.000000 72.260016 -0.538059 0.842907 0.000000 -32.614047 0.000000 0.000000 1.000000 0.000000
0.842762 0.538286 0.000000 72.259956 -0.538286 0.842762 0.000000 -32.613679 0.000000 0.000000 1.000000 0.000000
0.842078 0.539356 0.000000 72.261191 -0.539356 0.842078 0.000000 -32.612181 0.000000 0.000000 1.000000 0.000000
0.840647 0.541583 0.000000 72.270460 -0.541583 0.840647 0.000000 -32.608645 0.000000 0.000000 1.000000 0.000000
0.839703 0.543045 0.000000 72.276195 -0.543045 0.839703 0.000000 -32.606960 0.000000 0.000000 1.000000 0.000000
0.838753 0.544512 0.000000 72.280161 -0.544512 0.838753 0.000000 -32.604738 0.000000 0.000000 1.000000 0.000000
0.837692 0.546143 0.000000 72.283579 -0.546143 0.837692 0.000000 -32.601957 0.000000 0.000000 1.000000 0.000000
0.836387 0.548139 0.000000 72.289888 -0.548139 0.836387 0.000000 -32.598810 0.000000 0.000000 1.000000 0.000000
0.835187 0.549966 0.000000 72.298845 -0.549966 0.835187 0.000000 -32.600186 0.000000 0.000000 1.000000 0.000000
0.834575 0.550894 0.000000 72.308477 -0.550894 0.834575 0.000000 -32.605622 0.000000 0.000000 1.000000 0.000000
0.834548 0.550935 0.000000 72.316188 -0.550935 0.834548 0.000000 -32.610924 0.000000 0.000000 1.000000 0.000000
0.834836 0.550498 0.000000 72.323392 -0.550498 0.834836 0.000000 -32.617227 0.000000 0.000000 1.000000 0.000000
0.835484 0.549515 0.000000 72.330735 -0.549515 0.835484 0.000000 -32.625109 0.000000 0.000000 1.000000 0.000000
0.836239 0.548365 0.000000 72.338968 -0.548365 0.836239 0.000000 -32.633427 0.000000 0.000000 1.000000 0.000000
0.837026 0.547163 0.000000 72.348748 -0.547163 0.837026 0.000000 -32.641572 0.000000 0.000000 1.000000 0.000000
0.837365 0.546644 0.000000 72.361469 -0.546644 0.837365 0.000000 -32.646107 0.000000 0.000000 1.000000 0.000000
0.837326 0.546704 0.000000 72.376790 -0.546704 0.837326 0.000000 -32.654839 0.000000 0.000000 1.000000 0.000000
0.836973 0.547245 0.000000 72.393953 -0.547245 0.836973 0.000000 -32.662400 0.000000 0.000000 1.000000 0.000000
0.836569 0.547862 0.000000 72.409944 -0.547862 0.836569 0.000000 -32.666470 0.000000 0.000000 1.000000 0.000000
0.836247 0.548353 0.000000 72.427323 -0.548353 0.836247 0.000000 -32.674305 0.000000 0.000000 1.000000 0.000000
0.836478 0.548001 0.000000 72.457149 -0.548001 0.836478 0.000000 -32.685938 0.000000 0.000000 1.000000 0.000000
0.836817 0.547483 0.000000 72.472165 -0.547483 0.836817 0.000000 -32.692316 0.000000 0.000000 1.000000 0.000000
0.837171 0.546941 0.000000 72.485328 -0.546941 0.837171 0.000000 -32.696411 0.000000 0.000000 1.000000 0.000000
0.837867 0.545874 0.000000 72.495888 -0.545874 0.837867 0.000000 -32.704013 0.000000 0.000000 1.000000 0.000000
0.838988 0.544150 0.000000 72.502723 -0.544150 0.838988 0.000000 -32.711899 0.000000 0.000000 1.000000 0.000000
0.840231 0.542229 0.000000 72.517207 -0.542229 0.840231 0.000000 -32.725557 0.000000 0.000000 1.000000 0.000000
0.840878 0.541224 0.000000 72.521555 -0.541224 0.840878 0.000000 -32.733756 0.000000 0.000000 1.000000 0.000000
0.841201 0.540722 0.000000 72.525568 -0.540722 0.841201 0.000000 -32.739094 0.000000 0.000000 1.000000 0.000000
0.841023 0.540999 0.000000 72.528984 -0.540999 0.841023 0.000000 -32.741924 0.000000 0.000000 1.000000 0.000000
0.840651 0.541578 0.000000 72.531168 -0.541578 0.840651 0.000000 -32.742400 0.000000 0.000000 1.000000 0.000000
0.839846 0.542825 0.000000 72.534035 -0.542825 0.839846 0.000000 -32.741379 0.000000 0.000000 1.000000 0.000000
0.839515 0.543336 0.000000 72.534876 -0.543336 0.839515 0.000000 -32.741907 0.000000 0.000000 1.000000 0.000000
0.839338 0.543609 0.000000 72.537415 -0.543609 0.839338 0.000000 -32.742558 0.000000 0.000000 1.000000 0.000000
0.839223 0.543787 0.000000 72.538164 -0.543787 0.839223 0.000000 -32.742444 0.000000 0.000000 1.000000 0.000000
0.839495 0.543367 0.000000 72.536866 -0.543367 0.839495 0.000000 -32.746589 0.000000 0.000000 1.000000 0.000000
0.840004 0.542581 0.000000 72.534706 -0.542581 0.840004 0.000000 -32.746800 0.000000 0.000000 1.000000 0.000000
0.840334 0.542068 0.000000 72.532581 -0.542068 0.840334 0.000000 -32.746116 0.000000 0.000000 1.000000 0.000000
0.840446 0.541895 0.000000 72.531490 -0.541895 0.840446 0.000000 -32.745256 0.000000 0.000000 1.000000 0.000000
0.840556 0.541725 0.000000 72.530061 -0.541725 0.840556 0.000000 -32.746341 0.000000 0.000000 1.000000 0.000000
0.840957 0.541102 0.000000 72.529198 -0.541102 0.840957 0.000000 -32.746002 0.000000 0.000000 1.000000 0.000000
0.841192 0.540737 0.000000 72.527581 -0.540737 0.841192 0.000000 -32.746980 0.000000 0.000000 1.000000 0.000000
0.841969 0.539526 0.000000 72.524095 -0.539526 0.841969 0.000000 -32.749455 0.000000 0.000000 1.000000 0.000000
0.842225 0.539126 0.000000 72.523217 -0.539126 0.842225 0.000000 -32.749081 0.000000 0.000000 1.000000 0.000000
0.842022 0.539443 0.000000 72.516076 -0.539443 0.842022 0.000000 -32.757391 0.000000 0.000000 1.000000 0.000000
0.842514 0.538675 0.000000 72.515040 -0.538675 0.842514 0.000000 -32.757904 0.000000 0.000000 1.000000 0.000000
0.842833 0.538175 0.000000 72.514113 -0.538175 0.842833 0.000000 -32.756453 0.000000 0.000000 1.000000 0.000000
0.843266 0.537497 0.000000 72.513668 -0.537497 0.843266 0.000000 -32.756323 0.000000 0.000000 1.000000 0.000000
0.843404 0.537280 0.000000 72.513862 -0.537280 0.843404 0.000000 -32.756009 0.000000 0.000000 1.000000 0.000000
0.843600 0.536972 0.000000 72.513691 -0.536972 0.843600 0.000000 -32.755360 0.000000 0.000000 1.000000 0.000000
0.843800 0.536657 0.000000 72.513528 -0.536657 0.843800 0.000000 -32.755257 0.000000 0.000000 1.000000 0.000000
0.844050 0.536264 0.000000 72.513515 -0.536264 0.844050 0.000000 -32.756010 0.000000 0.000000 1.000000 0.000000
0.844827 0.535039 0.000000 72.512168 -0.535039 0.844827 0.000000 -32.758786 0.000000 0.000000 1.000000 0.000000
0.845283 0.534319 0.000000 72.512086 -0.534319 0.845283 0.000000 -32.760372 0.000000 0.000000 1.000000 0.000000
0.845832 0.533449 0.000000 72.511697 -0.533449 0.845832 0.000000 -32.762690 0.000000 0.000000 1.000000 0.000000
0.846246 0.532792 0.000000 72.511037 -0.532792 0.846246 0.000000 -32.764637 0.000000 0.000000 1.000000 0.000000
0.846413 0.532527 0.000000 72.512680 -0.532527 0.846413 0.000000 -32.766324 0.000000 0.000000 1.000000 0.000000
0.846073 0.533067 0.000000 72.510530 -0.533067 0.846073 0.000000 -32.763440 0.000000 0.000000 1.000000 0.000000
0.844672 0.535285 0.000000 72.518411 -0.535285 0.844672 0.000000 -32.760964 0.000000 0.000000 1.000000 0.000000
0.843398 0.537289 0.000000 72.528845 -0.537289 0.843398 0.000000 -32.758955 0.000000 0.000000 1.000000 0.000000
0.842833 0.538175 0.000000 72.540239 -0.538175 0.842833 0.000000 -32.760214 0.000000 0.000000 1.000000 0.000000
0.842852 0.538145 0.000000 72.553566 -0.538145 0.842852 0.000000 -32.767088 0.000000 0.000000 1.000000 0.000000
0.843126 0.537716 0.000000 72.568466 -0.537716 0.843126 0.000000 -32.775068 0.000000 0.000000 1.000000 0.000000
