1.000000 -0.000624 0.000000 0.600317 0.000624 1.000000 0.000000 -0.096359 0.000000 0.000000 1.000000 0.000000
0.999997 0.002388 0.000000 1.279724 -0.002388 0.999997 0.000000 -0.126624 0.000000 0.000000 1.000000 0.000000
0.999998 0.002091 0.000000 1.869565 -0.002091 0.999998 0.000000 -0.155000 0.000000 0.000000 1.000000 0.000000
0.999993 0.003743 0.000000 2.405435 -0.003743 0.999993 0.000000 -0.159817 0.000000 0.000000 1.000000 0.000000
0.999981 0.006134 0.000000 3.162153 -0.006134 0.999981 0.000000 -0.109883 0.000000 0.000000 1.000000 0.000000
0.999987 0.005080 0.000000 3.617606 -0.005080 0.999987 0.000000 0.105511 0.000000 0.000000 1.000000 0.000000
0.999988 0.004874 0.000000 4.100405 -0.004874 0.999988 0.000000 0.090912 0.000000 0.000000 1.000000 0.000000
0.999973 0.007332 0.000000 4.693338 -0.007332 0.999973 0.000000 0.122754 0.000000 0.000000 1.000000 0.000000
0.999957 0.009245 0.000000 5.276763 -0.009245 0.999957 0.000000 0.109922 0.000000 0.000000 1.000000 0.000000
0.999953 0.009705 0.000000 5.863712 -0.009705 0.999953 0.000000 0.086532 0.000000 0.000000 1.000000 0.000000
0.999905 0.013777 0.000000 7.069976 -0.013777 0.999905 0.000000 0.057158 0.000000 0.000000 1.000000 0.000000
0.999914 0.013136 0.000000 7.734835 -0.013136 0.999914 0.000000 -0.047097 0.000000 0.000000 1.000000 0.000000
0.999907 0.013655 0.000000 8.518511 -0.013655 0.999907 0.000000 -0.076742 0.000000 0.000000 1.000000 0.000000
0.999891 0.014771 0.000000 9.053743 -0.014771 0.999891 0.000000 -0.064323 0.000000 0.000000 1.000000 0.000000
0.999830 0.018443 0.000000 9.589530 -0.018443 0.999830 0.000000 -0.095360 0.000000 0.000000 1.000000 0.000000
0.999811 0.019423 0.000000 10.165629 -0.019423 0.999811 0.000000 -0.097920 0.000000 0.000000 1.000000 0.000000
0.999781 0.020918 0.000000 10.732618 -0.020918 0.999781 0.000000 -0.136074 0.000000 0.000000 1.000000 0.000000
0.999760 0.021924 0.000000 11.396194 -0.021924 0.999760 0.000000 -0.169623 0.000000 0.000000 1.000000 0.000000
0.999649 0.026503 0.000000 11.934916 -0.026503 0.999649 0.000000 -0.115473 0.000000 0.000000 1.000000 0.000000
0.999603 0.028178 0.000000 12.483915 -0.028178 0.999603 0.000000 -0.107565 0.000000 0.000000 1.000000 0.000000
0.999590 0.028642 0.000000 13.068703 -0.028642 0.999590 0.000000 -0.118263 0.000000 0.000000 1.000000 0.000000
0.999625 0.027369 0.000000 13.668837 -0.027369 0.999625 0.000000 -0.151038 0.000000 0.000000 1.000000 0.000000
0.999580 0.028968 0.000000 14.241718 -0.028968 0.999580 0.000000 -0.135925 0.000000 0.000000 1.000000 0.000000
0.999588 0.028713 0.000000 14.918375 -0.028713 0.999588 0.000000 -0.158934 0.000000 0.000000 1.000000 0.000000
0.999559 0.029684 0.000000 15.469924 -0.029684 0.999559 0.000000 -0.150958 0.000000 0.000000 1.000000 0.000000
0.999538 0.030400 0.000000 16.001788 -0.030400 0.999538 0.000000 -0.137829 0.000000 0.000000 1.000000 0.000000
0.999543 0.030221 0.000000 16.720128 -0.030221 0.999543 0.000000 -0.383254 0.000000 0.000000 1.000000 0.000000
0.999613 0.027813 0.000000 17.419889 -0.027813 0.999613 0.000000 -0.521650 0.000000 0.000000 1.000000 0.000000
0.999591 0.028606 0.000000 18.069611 -0.028606 0.999591 0.000000 -0.511094 0.000000 0.000000 1.000000 0.000000
0.999612 0.027850 0.000000 18.603674 -0.027850 0.999612 0.000000 -0.532504 0.000000 0.000000 1.000000 0.000000
0.999514 0.031186 0.000000 19.359634 -0.031186 0.999514 0.000000 -0.543159 0.000000 0.000000 1.000000 0.000000
0.999456 0.032976 0.000000 19.919477 -0.032976 0.999456 0.000000 -0.538056 0.000000 0.000000 1.000000 0.000000
0.999434 0.033652 0.000000 20.555610 -0.033652 0.999434 0.000000 -0.546998 0.000000 0.000000 1.000000 0.000000
0.999294 0.037577 0.000000 21.087074 -0.037577 0.999294 0.000000 -0.528644 0.000000 0.000000 1.000000 0.000000
0.999259 0.038501 0.000000 21.544713 -0.038501 0.999259 0.000000 -0.551305 0.000000 0.000000 1.000000 0.000000
0.999191 0.040208 0.000000 22.177776 -0.040208 0.999191 0.000000 -0.557090 0.000000 0.000000 1.000000 0.000000
0.999133 0.041634 0.000000 22.711354 -0.041634 0.999133 0.000000 -0.601779 0.000000 0.000000 1.000000 0.000000
0.999124 0.041838 0.000000 23.812264 -0.041838 0.999124 0.000000 -0.659413 0.000000 0.000000 1.000000 0.000000
0.998675 0.051456 0.000000 24.651379 -0.051456 0.998675 0.000000 -0.690344 0.000000 0.000000 1.000000 0.000000
0.998477 0.055173 0.000000 25.227717 -0.055173 0.998477 0.000000 -0.780432 0.000000 0.000000 1.000000 0.000000
0.998380 0.056907 0.000000 25.791038 -0.056907 0.998380 0.000000 -0.819269 0.000000 0.000000 1.000000 0.000000
0.998539 0.054039 0.000000 26.404343 -0.054039 0.998539 0.000000 -0.769682 0.000000 0.000000 1.000000 0.000000
0.998607 0.052761 0.000000 26.968179 -0.052761 0.998607 0.000000 -0.810298 0.000000 0.000000 1.000000 0.000000
0.998426 0.056081 0.000000 27.404009 -0.056081 0.998426 0.000000 -0.832624 0.000000 0.000000 1.000000 0.000000
0.998081 0.061914 0.000000 27.932421 -0.061914 0.998081 0.000000 -0.878605 0.000000 0.000000 1.000000 0.000000
0.997735 0.067264 0.000000 28.913449 -0.067264 0.997735 0.000000 -1.048842 0.000000 0.000000 1.000000 0.000000
0.997468 0.071111 0.000000 29.457250 -0.071111 0.997468 0.000000 -1.086834 0.000000 0.000000 1.000000 0.000000
0.997379 0.072353 0.000000 30.067244 -0.072353 0.997379 0.000000 -1.135398 0.000000 0.000000 1.000000 0.000000
0.997757 0.066939 0.000000 30.627946 -0.066939 0.997757 0.000000 -1.195392 0.000000 0.000000 1.000000 0.000000
0.997523 0.070335 0.000000 31.219298 -0.070335 0.997523 0.000000 -1.086482 0.000000 0.000000 1.000000 0.000000
0.996907 0.078594 0.000000 32.119054 -0.078594 0.996907 0.000000 -1.101973 0.000000 0.000000 1.000000 0.000000
0.996700 0.081179 0.000000 32.733374 -0.081179 0.996700 0.000000 -1.168488 0.000000 0.000000 1.000000 0.000000
0.996302 0.085916 0.000000 33.039198 -0.085916 0.996302 0.000000 -0.990629 0.000000 0.000000 1.000000 0.000000
0.996184 0.087277 0.000000 33.592022 -0.087277 0.996184 0.000000 -1.005632 0.000000 0.000000 1.000000 0.000000
0.995949 0.089924 0.000000 34.202402 -0.089924 0.995949 0.000000 -0.962996 0.000000 0.000000 1.000000 0.000000
0.995819 0.091349 0.000000 34.830866 -0.091349 0.995819 0.000000 -1.042468 0.000000 0.000000 1.000000 0.000000
0.995421 0.095586 0.000000 35.343075 -0.095586 0.995421 0.000000 -1.137318 0.000000 0.000000 1.000000 0.000000
0.995184 0.098022 0.000000 35.861812 -0.098022 0.995184 0.000000 -1.154625 0.000000 0.000000 1.000000 0.000000
0.995228 0.097572 0.000000 36.561471 -0.097572 0.995228 0.000000 -1.171958 0.000000 0.000000 1.000000 0.000000
0.994668 0.103128 0.000000 36.947320 -0.103128 0.994668 0.000000 -1.277159 0.000000 0.000000 1.000000 0.000000
0.994604 0.103748 0.000000 37.914760 -0.103748 0.994604 0.000000 -1.311757 0.000000 0.000000 1.000000 0.000000
0.994288 0.106729 0.000000 38.513716 -0.106729 0.994288 0.000000 -0.991797 0.000000 0.000000 1.000000 0.000000
0.994148 0.108029 0.000000 39.136550 -0.108029 0.994148 0.000000 -0.979620 0.000000 0.000000 1.000000 0.000000
0.994237 0.107201 0.000000 39.701418 -0.107201 0.994237 0.000000 -1.012269 0.000000 0.000000 1.000000 0.000000
0.994111 0.108367 0.000000 40.157296 -0.108367 0.994111 0.000000 -1.027824 0.000000 0.000000 1.000000 0.000000
0.994048 0.108939 0.000000 40.676825 -0.108939 0.994048 0.000000 -1.148012 0.000000 0.000000 1.000000 0.000000
0.993876 0.110501 0.000000 41.275677 -0.110501 0.993876 0.000000 -1.160581 0.000000 0.000000 1.000000 0.000000
0.993847 0.110758 0.000000 41.800409 -0.110758 0.993847 0.000000 -1.277171 0.000000 0.000000 1.000000 0.000000
0.993597 0.112985 0.000000 42.321022 -0.112985 0.993597 0.000000 -1.196536 0.000000 0.000000 1.000000 0.000000
0.993808 0.111107 0.000000 43.016751 -0.111107 0.993808 0.000000 -1.217233 0.000000 0.000000 1.000000 0.000000
0.993450 0.114267 0.000000 43.558786 -0.114267 0.993450 0.000000 -1.325521 0.000000 0.000000 1.000000 0.000000
0.993269 0.115830 0.000000 44.122799 -0.115830 0.993269 0.000000 -1.405740 0.000000 0.000000 1.000000 0.000000
0.993214 0.116305 0.000000 44.668726 -0.116305 0.993214 0.000000 -1.514706 0.000000 0.000000 1.000000 0.000000
0.993347 0.115158 0.000000 45.155354 -0.115158 0.993347 0.000000 -1.568974 0.000000 0.000000 1.000000 0.000000
0.992758 0.120132 0.000000 46.208562 -0.120132 0.992758 0.000000 -1.405581 0.000000 0.000000 1.000000 0.000000
0.992311 0.123767 0.000000 46.676354 -0.123767 0.992311 0.000000 -1.437635 0.000000 0.000000 1.000000 0.000000
0.992126 0.125243 0.000000 47.227805 -0.125243 0.992126 0.000000 -1.463513 0.000000 0.000000 1.000000 0.000000
0.991656 0.128910 0.000000 48.182410 -0.128910 0.991656 0.000000 -1.647514 0.000000 0.000000 1.000000 0.000000
0.991652 0.128947 0.000000 48.702380 -0.128947 0.991652 0.000000 -1.712029 0.000000 0.000000 1.000000 0.000000
0.991795 0.127835 0.000000 49.032121 -0.127835 0.991795 0.000000 -1.769105 0.000000 0.000000 1.000000 0.000000
0.990868 0.134833 0.000000 50.062630 -0.134833 0.990868 0.000000 -1.944935 0.000000 0.000000 1.000000 0.000000
0.990974 0.134056 0.000000 50.579299 -0.134056 0.990974 0.000000 -2.017886 0.000000 0.000000 1.000000 0.000000
0.991077 0.133288 0.000000 51.034457 -0.133288 0.991077 0.000000 -2.117021 0.000000 0.000000 1.000000 0.000000
0.991008 0.133800 0.000000 51.508743 -0.133800 0.991008 0.000000 -2.211800 0.000000 0.000000 1.000000 0.000000
0.989569 0.144063 0.000000 52.595574 -0.144063 0.989569 0.000000 -2.568107 0.000000 0.000000 1.000000 0.000000
0.989483 0.144651 0.000000 53.178138 -0.144651 0.989483 0.000000 -2.687994 0.000000 0.000000 1.000000 0.000000
0.989055 0.147546 0.000000 53.752173 -0.147546 0.989055 0.000000 -2.720258 0.000000 0.000000 1.000000 0.000000
0.988917 0.148469 0.000000 54.198671 -0.148469 0.988917 0.000000 -2.793620 0.000000 0.000000 1.000000 0.000000
0.988773 0.149422 0.000000 54.554960 -0.149422 0.988773 0.000000 -2.910761 0.000000 0.000000 1.000000 0.000000
0.989002 0.147904 0.000000 55.112219 -0.147904 0.989002 0.000000 -2.943364 0.000000 0.000000 1.000000 0.000000
0.988877 0.148738 0.000000 55.562987 -0.148738 0.988877 0.000000 -3.009486 0.000000 0.000000 1.000000 0.000000
0.989055 0.147546 0.000000 56.209329 -0.147546 0.989055 0.000000 -3.068147 0.000000 0.000000 1.000000 0.000000
0.989098 0.147260 0.000000 56.626534 -0.147260 0.989098 0.000000 -3.105336 0.000000 0.000000 1.000000 0.000000
0.989142 0.146964 0.000000 57.081891 -0.146964 0.989142 0.000000 -3.159639 0.000000 0.000000 1.000000 0.000000
0.989072 0.147430 0.000000 57.512959 -0.147430 0.989072 0.000000 -3.224066 0.000000 0.000000 1.000000 0.000000
0.989041 0.147643 0.000000 58.071395 -0.147643 0.989041 0.000000 -3.248047 0.000000 0.000000 1.000000 0.000000
0.988657 0.150193 0.000000 58.515910 -0.150193 0.988657 0.000000 -3.298252 0.000000 0.000000 1.000000 0.000000
0.988165 0.153394 0.000000 59.148257 -0.153394 0.988165 0.000000 -3.468070 0.000000 0.000000 1.000000 0.000000
0.987678 0.156498 0.000000 59.545568 -0.156498 0.987678 0.000000 -3.308333 0.000000 0.000000 1.000000 0.000000
0.987179 0.159620 0.000000 59.935258 -0.159620 0.987179 0.000000 -3.396337 0.000000 0.000000 1.000000 0.000000
0.986438 0.164131 0.000000 60.275152 -0.164131 0.986438 0.000000 -3.278013 0.000000 0.000000 1.000000 0.000000
0.986471 0.163936 0.000000 60.633128 -0.163936 0.986471 0.000000 -3.409249 0.000000 0.000000 1.000000 0.000000
0.986205 0.165527 0.000000 61.037820 -0.165527 0.986205 0.000000 -3.495955 0.000000 0.000000 1.000000 0.000000
0.986440 0.164121 0.000000 61.411356 -0.164121 0.986440 0.000000 -3.525548 0.000000 0.000000 1.000000 0.000000
0.986356 0.164629 0.000000 61.933058 -0.164629 0.986356 0.000000 -3.592590 0.000000 0.000000 1.000000 0.000000
0.986520 0.163639 0.000000 62.412453 -0.163639 0.986520 0.000000 -3.600294 0.000000 0.000000 1.000000 0.000000
0.986132 0.165966 0.000000 62.751628 -0.165966 0.986132 0.000000 -3.706022 0.000000 0.000000 1.000000 0.000000
0.985160 0.171640 0.000000 63.300224 -0.171640 0.985160 0.000000 -3.834092 0.000000 0.000000 1.000000 0.000000
0.985587 0.169168 0.000000 63.779890 -0.169168 0.985587 0.000000 -3.948841 0.000000 0.000000 1.000000 0.000000
0.986749 0.162252 0.000000 64.067693 -0.162252 0.986749 0.000000 -3.957376 0.000000 0.000000 1.000000 0.000000
0.986279 0.165084 0.000000 64.378980 -0.165084 0.986279 0.000000 -4.029344 0.000000 0.000000 1.000000 0.000000
0.985884 0.167429 0.000000 64.623204 -0.167429 0.985884 0.000000 -4.142279 0.000000 0.000000 1.000000 0.000000
0.985858 0.167582 0.000000 64.908823 -0.167582 0.985858 0.000000 -4.346234 0.000000 0.000000 1.000000 0.000000
0.984907 0.173086 0.000000 65.220236 -0.173086 0.984907 0.000000 -4.401528 0.000000 0.000000 1.000000 0.000000
0.985091 0.172035 0.000000 65.650649 -0.172035 0.985091 0.000000 -4.440384 0.000000 0.000000 1.000000 0.000000
0.985205 0.171379 0.000000 66.138032 -0.171379 0.985205 0.000000 -4.565469 0.000000 0.000000 1.000000 0.000000
0.985154 0.171673 0.000000 66.391367 -0.171673 0.985154 0.000000 -4.651686 0.000000 0.000000 1.000000 0.000000
0.984889 0.173186 0.000000 66.690554 -0.173186 0.984889 0.000000 -4.731983 0.000000 0.000000 1.000000 0.000000
0.984581 0.174927 0.000000 66.993888 -0.174927 0.984581 0.000000 -4.602619 0.000000 0.000000 1.000000 0.000000
0.983616 0.180275 0.000000 67.306986 -0.180275 0.983616 0.000000 -4.722269 0.000000 0.000000 1.000000 0.000000
0.983574 0.180504 0.000000 67.573705 -0.180504 0.983574 0.000000 -4.780286 0.000000 0.000000 1.000000 0.000000
0.983835 0.179075 0.000000 67.823077 -0.179075 0.983835 0.000000 -4.805575 0.000000 0.000000 1.000000 0.000000
0.983120 0.182960 0.000000 67.938638 -0.182960 0.983120 0.000000 -4.764761 0.000000 0.000000 1.000000 0.000000
0.982728 0.185053 0.000000 68.141020 -0.185053 0.982728 0.000000 -4.837797 0.000000 0.000000 1.000000 0.000000
0.982589 0.185791 0.000000 68.670598 -0.185791 0.982589 0.000000 -4.880451 0.000000 0.000000 1.000000 0.000000
0.983010 0.183551 0.000000 68.895194 -0.183551 0.983010 0.000000 -4.957888 0.000000 0.000000 1.000000 0.000000
0.983414 0.181376 0.000000 69.164771 -0.181376 0.983414 0.000000 -5.061083 0.000000 0.000000 1.000000 0.000000
0.983387 0.181524 0.000000 69.346432 -0.181524 0.983387 0.000000 -5.107690 0.000000 0.000000 1.000000 0.000000
0.983323 0.181868 0.000000 69.607479 -0.181868 0.983323 0.000000 -5.159873 0.000000 0.000000 1.000000 0.000000
0.982913 0.184068 0.000000 69.811575 -0.184068 0.982913 0.000000 -5.238969 0.000000 0.000000 1.000000 0.000000
0.982378 0.186907 0.000000 70.076391 -0.186907 0.982378 0.000000 -5.297320 0.000000 0.000000 1.000000 0.000000
0.982514 0.186189 0.000000 70.446097 -0.186189 0.982514 0.000000 -5.361366 0.000000 0.000000 1.000000 0.000000
0.981281 0.192581 0.000000 70.631791 -0.192581 0.981281 0.000000 -5.469416 0.000000 0.000000 1.000000 0.000000
0.981002 0.193997 0.000000 70.855997 -0.193997 0.981002 0.000000 -5.491676 0.000000 0.000000 1.000000 0.000000
0.981935 0.189216 0.000000 71.136571 -0.189216 0.981935 0.000000 -5.728336 0.000000 0.000000 1.000000 0.000000
0.981807 0.189880 0.000000 71.342003 -0.189880 0.981807 0.000000 -5.750907 0.000000 0.000000 1.000000 0.000000
0.981461 0.191660 0.000000 71.615685 -0.191660 0.981461 0.000000 -5.822747 0.000000 0.000000 1.000000 0.000000
0.981457 0.191684 0.000000 71.887452 -0.191684 0.981457 0.000000 -5.878697 0.000000 0.000000 1.000000 0.000000
0.981957 0.189107 0.000000 72.174986 -0.189107 0.981957 0.000000 -5.940091 0.000000 0.000000 1.000000 0.000000
0.982156 0.188068 0.000000 72.466911 -0.188068 0.982156 0.000000 -5.974347 0.000000 0.000000 1.000000 0.000000
0.981985 0.188960 0.000000 72.755568 -0.188960 0.981985 0.000000 -6.036327 0.000000 0.000000 1.000000 0.000000
0.981766 0.190094 0.000000 73.003466 -0.190094 0.981766 0.000000 -6.066348 0.000000 0.000000 1.000000 0.000000
0.981875 0.189530 0.000000 73.210618 -0.189530 0.981875 0.000000 -6.117509 0.000000 0.000000 1.000000 0.000000
0.981513 0.191393 0.000000 73.549451 -0.191393 0.981513 0.000000 -6.221878 0.000000 0.000000 1.000000 0.000000
0.981291 0.192531 0.000000 73.845949 -0.192531 0.981291 0.000000 -6.283213 0.000000 0.000000 1.000000 0.000000
0.981131 0.193342 0.000000 74.094284 -0.193342 0.981131 0.000000 -6.396569 0.000000 0.000000 1.000000 0.000000
0.980850 0.194762 0.000000 74.360130 -0.194762 0.980850 0.000000 -6.539120 0.000000 0.000000 1.000000 0.000000
0.980793 0.195053 0.000000 74.581541 -0.195053 0.980793 0.000000 -6.624323 0.000000 0.000000 1.000000 0.000000
0.979052 0.203611 0.000000 75.354228 -0.203611 0.979052 0.000000 -6.774975 0.000000 0.000000 1.000000 0.000000
0.979505 0.201421 0.000000 75.483860 -0.201421 0.979505 0.000000 -6.872509 0.000000 0.000000 1.000000 0.000000
0.979167 0.203058 0.000000 75.824421 -0.203058 0.979167 0.000000 -6.873285 0.000000 0.000000 1.000000 0.000000
0.977807 0.209505 0.000000 76.181913 -0.209505 0.977807 0.000000 -6.913357 0.000000 0.000000 1.000000 0.000000
0.977593 0.210505 0.000000 76.509430 -0.210505 0.977593 0.000000 -6.991146 0.000000 0.000000 1.000000 0.000000
0.977167 0.212473 0.000000 76.896113 -0.212473 0.977167 0.000000 -7.160939 0.000000 0.000000 1.000000 0.000000
0.976805 0.214129 0.000000 77.122338 -0.214129 0.976805 0.000000 -7.224909 0.000000 0.000000 1.000000 0.000000
0.976674 0.214726 0.000000 77.309433 -0.214726 0.976674 0.000000 -7.277629 0.000000 0.000000 1.000000 0.000000
0.975617 0.219481 0.000000 77.809237 -0.219481 0.975617 0.000000 -7.341654 0.000000 0.000000 1.000000 0.000000
0.975100 0.221764 0.000000 78.208318 -0.221764 0.975100 0.000000 -7.372178 0.000000 0.000000 1.000000 0.000000
0.974798 0.223088 0.000000 78.646235 -0.223088 0.974798 0.000000 -7.496456 0.000000 0.000000 1.000000 0.000000
0.974499 0.224394 0.000000 79.005657 -0.224394 0.974499 0.000000 -7.634978 0.000000 0.000000 1.000000 0.000000
0.973962 0.226712 0.000000 79.316289 -0.226712 0.973962 0.000000 -7.673279 0.000000 0.000000 1.000000 0.000000
0.973904 0.226962 0.000000 79.498006 -0.226962 0.973904 0.000000 -7.762225 0.000000 0.000000 1.000000 0.000000
0.973414 0.229052 0.000000 79.805043 -0.229052 0.973414 0.000000 -7.880602 0.000000 0.000000 1.000000 0.000000
0.974231 0.225552 0.000000 80.433184 -0.225552 0.974231 0.000000 -7.886878 0.000000 0.000000 1.000000 0.000000
0.974420 0.224734 0.000000 80.792994 -0.224734 0.974420 0.000000 -7.973139 0.000000 0.000000 1.000000 0.000000
0.974180 0.225773 0.000000 81.178183 -0.225773 0.974180 0.000000 -8.064659 0.000000 0.000000 1.000000 0.000000
0.974170 0.225814 0.000000 81.535824 -0.225814 0.974170 0.000000 -8.153356 0.000000 0.000000 1.000000 0.000000
0.973836 0.227253 0.000000 82.067992 -0.227253 0.973836 0.000000 -8.213839 0.000000 0.000000 1.000000 0.000000
0.973114 0.230325 0.000000 82.776952 -0.230325 0.973114 0.000000 -8.405372 0.000000 0.000000 1.000000 0.000000
0.973337 0.229378 0.000000 83.128006 -0.229378 0.973337 0.000000 -8.490284 0.000000 0.000000 1.000000 0.000000
0.974034 0.226400 0.000000 83.381742 -0.226400 0.974034 0.000000 -8.570991 0.000000 0.000000 1.000000 0.000000
0.974231 0.225552 0.000000 83.758028 -0.225552 0.974231 0.000000 -8.679191 0.000000 0.000000 1.000000 0.000000
0.974053 0.226321 0.000000 84.032353 -0.226321 0.974053 0.000000 -8.804586 0.000000 0.000000 1.000000 0.000000
0.974149 0.225907 0.000000 84.493638 -0.225907 0.974149 0.000000 -8.926157 0.000000 0.000000 1.000000 0.000000
0.974104 0.226099 0.000000 84.900979 -0.226099 0.974104 0.000000 -9.012733 0.000000 0.000000 1.000000 0.000000
0.973862 0.227140 0.000000 85.678633 -0.227140 0.973862 0.000000 -9.141170 0.000000 0.000000 1.000000 0.000000
0.973970 0.226679 0.000000 86.555048 -0.226679 0.973970 0.000000 -9.309878 0.000000 0.000000 1.000000 0.000000
0.973651 0.228044 0.000000 86.955919 -0.228044 0.973651 0.000000 -9.416617 0.000000 0.000000 1.000000 0.000000
0.973545 0.228495 0.000000 87.534138 -0.228495 0.973545 0.000000 -9.516137 0.000000 0.000000 1.000000 0.000000
0.972575 0.232588 0.000000 87.949347 -0.232588 0.972575 0.000000 -9.632775 0.000000 0.000000 1.000000 0.000000
0.972355 0.233509 0.000000 88.413799 -0.233509 0.972355 0.000000 -9.788794 0.000000 0.000000 1.000000 0.000000
0.971217 0.238195 0.000000 88.723998 -0.238195 0.971217 0.000000 -9.983514 0.000000 0.000000 1.000000 0.000000
0.970361 0.241660 0.000000 89.218880 -0.241660 0.970361 0.000000 -10.075790 0.000000 0.000000 1.000000 0.000000
0.968995 0.247082 0.000000 89.705864 -0.247082 0.968995 0.000000 -10.188179 0.000000 0.000000 1.000000 0.000000
0.968123 0.250474 0.000000 90.180077 -0.250474 0.968123 0.000000 -10.301580 0.000000 0.000000 1.000000 0.000000
0.968280 0.249868 0.000000 90.679613 -0.249868 0.968280 0.000000 -10.461804 0.000000 0.000000 1.000000 0.000000
0.968034 0.250817 0.000000 91.215680 -0.250817 0.968034 0.000000 -10.582647 0.000000 0.000000 1.000000 0.000000
0.967524 0.252779 0.000000 92.227704 -0.252779 0.967524 0.000000 -10.764775 0.000000 0.000000 1.000000 0.000000
0.967037 0.254636 0.000000 92.683042 -0.254636 0.967037 0.000000 -10.959547 0.000000 0.000000 1.000000 0.000000
0.966473 0.256768 0.000000 93.243320 -0.256768 0.966473 0.000000 -11.109374 0.000000 0.000000 1.000000 0.000000
0.965956 0.258706 0.000000 93.708035 -0.258706 0.965956 0.000000 -11.217382 0.000000 0.000000 1.000000 0.000000
0.966952 0.254958 0.000000 94.371221 -0.254958 0.966952 0.000000 -11.435088 0.000000 0.000000 1.000000 0.000000
0.966036 0.258406 0.000000 95.153157 -0.258406 0.966036 0.000000 -11.677829 0.000000 0.000000 1.000000 0.000000
0.966191 0.257827 0.000000 95.668734 -0.257827 0.966191 0.000000 -11.818334 0.000000 0.000000 1.000000 0.000000
0.964117 0.265478 0.000000 96.812534 -0.265478 0.964117 0.000000 -12.084173 0.000000 0.000000 1.000000 0.000000
0.963255 0.268589 0.000000 97.538336 -0.268589 0.963255 0.000000 -12.301569 0.000000 0.000000 1.000000 0.000000
0.962889 0.269899 0.000000 98.135660 -0.269899 0.962889 0.000000 -12.377805 0.000000 0.000000 1.000000 0.000000
0.961687 0.274149 0.000000 98.674687 -0.274149 0.961687 0.000000 -12.612998 0.000000 0.000000 1.000000 0.000000
0.960760 0.277381 0.000000 99.228311 -0.277381 0.960760 0.000000 -12.825148 0.000000 0.000000 1.000000 0.000000
0.960317 0.278910 0.000000 99.803562 -0.278910 0.960317 0.000000 -13.049638 0.000000 0.000000 1.000000 0.000000
0.959166 0.282844 0.000000 100.355928 -0.282844 0.959166 0.000000 -13.311146 0.000000 0.000000 1.000000 0.000000
0.957926 0.287017 0.000000 100.963785 -0.287017 0.957926 0.000000 -13.460800 0.000000 0.000000 1.000000 0.000000
0.957537 0.288310 0.000000 101.528492 -0.288310 0.957537 0.000000 -13.730785 0.000000 0.000000 1.000000 0.000000
0.958232 0.285991 0.000000 102.188986 -0.285991 0.958232 0.000000 -13.811929 0.000000 0.000000 1.000000 0.000000
0.956510 0.291701 0.000000 102.033238 -0.291701 0.956510 0.000000 -14.321462 0.000000 0.000000 1.000000 0.000000
0.956527 0.291643 0.000000 102.685570 -0.291643 0.956527 0.000000 -14.496304 0.000000 0.000000 1.000000 0.000000
0.921301 0.388850 0.000000 107.011567 -0.388850 0.921301 0.000000 -4.367526 0.000000 0.000000 1.000000 0.000000
0.921418 0.388574 0.000000 107.542869 -0.388574 0.921418 0.000000 -4.593446 0.000000 0.000000 1.000000 0.000000
0.920661 0.390364 0.000000 108.502179 -0.390364 0.920661 0.000000 -4.976854 0.000000 0.000000 1.000000 0.000000
0.919494 0.393105 0.000000 109.123371 -0.393105 0.919494 0.000000 -5.281219 0.000000 0.000000 1.000000 0.000000
0.918689 0.394982 0.000000 109.675859 -0.394982 0.918689 0.000000 -5.502732 0.000000 0.000000 1.000000 0.000000
0.918270 0.395955 0.000000 110.288788 -0.395955 0.918270 0.000000 -5.772374 0.000000 0.000000 1.000000 0.000000
0.915933 0.401332 0.000000 110.946139 -0.401332 0.915933 0.000000 -5.959393 0.000000 0.000000 1.000000 0.000000
0.917912 0.396784 0.000000 111.507343 -0.396784 0.917912 0.000000 -6.081439 0.000000 0.000000 1.000000 0.000000
0.918376 0.395709 0.000000 111.912404 -0.395709 0.918376 0.000000 -6.216988 0.000000 0.000000 1.000000 0.000000
0.917601 0.397502 0.000000 112.542065 -0.397502 0.917601 0.000000 -6.515852 0.000000 0.000000 1.000000 0.000000
0.917037 0.398802 0.000000 113.138480 -0.398802 0.917037 0.000000 -6.824056 0.000000 0.000000 1.000000 0.000000
0.916532 0.399961 0.000000 113.774796 -0.399961 0.916532 0.000000 -7.109425 0.000000 0.000000 1.000000 0.000000
0.916386 0.400295 0.000000 114.351437 -0.400295 0.916386 0.000000 -7.355426 0.000000 0.000000 1.000000 0.000000
0.915811 0.401610 0.000000 114.894427 -0.401610 0.915811 0.000000 -7.605571 0.000000 0.000000 1.000000 0.000000
0.914008 0.405697 0.000000 115.648634 -0.405697 0.914008 0.000000 -8.005986 0.000000 0.000000 1.000000 0.000000
0.913231 0.407442 0.000000 116.253282 -0.407442 0.913231 0.000000 -8.326799 0.000000 0.000000 1.000000 0.000000
0.911515 0.411268 0.000000 116.885985 -0.411268 0.911515 0.000000 -8.597822 0.000000 0.000000 1.000000 0.000000
0.911294 0.411757 0.000000 117.862849 -0.411757 0.911294 0.000000 -8.995709 0.000000 0.000000 1.000000 0.000000
0.911011 0.412382 0.000000 118.487285 -0.412382 0.911011 0.000000 -9.281242 0.000000 0.000000 1.000000 0.000000
0.914323 0.404986 0.000000 119.508894 -0.404986 0.914323 0.000000 -8.994875 0.000000 0.000000 1.000000 0.000000
0.913919 0.405896 0.000000 120.066312 -0.405896 0.913919 0.000000 -9.305327 0.000000 0.000000 1.000000 0.000000
0.913008 0.407942 0.000000 120.728101 -0.407942 0.913008 0.000000 -9.667194 0.000000 0.000000 1.000000 0.000000
0.913419 0.407021 0.000000 121.335707 -0.407021 0.913419 0.000000 -9.940961 0.000000 0.000000 1.000000 0.000000
0.913136 0.407654 0.000000 121.882750 -0.407654 0.913136 0.000000 -10.231287 0.000000 0.000000 1.000000 0.000000
0.913773 0.406225 0.000000 122.978147 -0.406225 0.913773 0.000000 -10.811898 0.000000 0.000000 1.000000 0.000000
0.914286 0.405068 0.000000 123.640726 -0.405068 0.914286 0.000000 -11.070349 0.000000 0.000000 1.000000 0.000000
0.914491 0.404606 0.000000 124.285827 -0.404606 0.914491 0.000000 -11.377802 0.000000 0.000000 1.000000 0.000000
0.914083 0.405527 0.000000 124.827957 -0.405527 0.914083 0.000000 -11.723224 0.000000 0.000000 1.000000 0.000000
0.912415 0.409267 0.000000 126.000158 -0.409267 0.912415 0.000000 -12.102045 0.000000 0.000000 1.000000 0.000000
0.911709 0.410836 0.000000 126.551951 -0.410836 0.911709 0.000000 -12.356198 0.000000 0.000000 1.000000 0.000000
0.912462 0.409162 0.000000 127.199070 -0.409162 0.912462 0.000000 -12.647497 0.000000 0.000000 1.000000 0.000000
0.912147 0.409863 0.000000 127.752605 -0.409863 0.912147 0.000000 -12.845312 0.000000 0.000000 1.000000 0.000000
0.910184 0.414204 0.000000 128.240484 -0.414204 0.910184 0.000000 -13.336620 0.000000 0.000000 1.000000 0.000000
0.907359 0.420356 0.000000 132.590873 -0.420356 0.907359 0.000000 -15.649949 0.000000 0.000000 1.000000 0.000000
0.907260 0.420571 0.000000 133.184054 -0.420571 0.907260 0.000000 -15.829506 0.000000 0.000000 1.000000 0.000000
0.909806 0.415035 0.000000 133.798695 -0.415035 0.909806 0.000000 -15.909678 0.000000 0.000000 1.000000 0.000000
0.909101 0.416576 0.000000 134.383487 -0.416576 0.909101 0.000000 -16.192480 0.000000 0.000000 1.000000 0.000000
0.908894 0.417027 0.000000 134.925877 -0.417027 0.908894 0.000000 -16.509589 0.000000 0.000000 1.000000 0.000000
0.908880 0.417058 0.000000 135.511086 -0.417058 0.908880 0.000000 -16.768038 0.000000 0.000000 1.000000 0.000000
0.906785 0.421592 0.000000 136.174393 -0.421592 0.906785 0.000000 -17.130938 0.000000 0.000000 1.000000 0.000000
0.905307 0.424758 0.000000 136.850770 -0.424758 0.905307 0.000000 -17.561037 0.000000 0.000000 1.000000 0.000000
0.904199 0.427111 0.000000 137.515732 -0.427111 0.904199 0.000000 -17.864142 0.000000 0.000000 1.000000 0.000000
0.903717 0.428130 0.000000 138.134506 -0.428130 0.903717 0.000000 -18.179285 0.000000 0.000000 1.000000 0.000000
0.901195 0.433414 0.000000 138.979431 -0.433414 0.901195 0.000000 -18.642155 0.000000 0.000000 1.000000 0.000000
0.901447 0.432890 0.000000 139.540307 -0.432890 0.901447 0.000000 -18.908861 0.000000 0.000000 1.000000 0.000000
0.901636 0.432496 0.000000 140.027029 -0.432496 0.901636 0.000000 -19.245993 0.000000 0.000000 1.000000 0.000000
0.901653 0.432459 0.000000 140.613026 -0.432459 0.901653 0.000000 -19.501936 0.000000 0.000000 1.000000 0.000000
0.901917 0.431910 0.000000 141.172149 -0.431910 0.901917 0.000000 -19.870094 0.000000 0.000000 1.000000 0.000000
0.900798 0.434239 0.000000 142.161225 -0.434239 0.900798 0.000000 -20.386525 0.000000 0.000000 1.000000 0.000000
0.900232 0.435411 0.000000 142.765963 -0.435411 0.900232 0.000000 -20.585980 0.000000 0.000000 1.000000 0.000000
0.899604 0.436706 0.000000 143.334818 -0.436706 0.899604 0.000000 -20.887205 0.000000 0.000000 1.000000 0.000000
0.898277 0.439430 0.000000 143.838605 -0.439430 0.898277 0.000000 -21.206898 0.000000 0.000000 1.000000 0.000000
0.895604 0.444853 0.000000 144.561588 -0.444853 0.895604 0.000000 -21.569441 0.000000 0.000000 1.000000 0.000000
0.894696 0.446675 0.000000 145.091044 -0.446675 0.894696 0.000000 -21.893756 0.000000 0.000000 1.000000 0.000000
0.895096 0.445873 0.000000 145.666135 -0.445873 0.895096 0.000000 -22.187295 0.000000 0.000000 1.000000 0.000000
0.895812 0.444433 0.000000 146.150165 -0.444433 0.895812 0.000000 -22.448116 0.000000 0.000000 1.000000 0.000000
0.895967 0.444120 0.000000 146.660083 -0.444120 0.895967 0.000000 -22.744733 0.000000 0.000000 1.000000 0.000000
0.892914 0.450226 0.000000 147.708689 -0.450226 0.892914 0.000000 -23.306688 0.000000 0.000000 1.000000 0.000000
0.891986 0.452064 0.000000 148.165621 -0.452064 0.891986 0.000000 -23.579135 0.000000 0.000000 1.000000 0.000000
0.892657 0.450736 0.000000 148.690999 -0.450736 0.892657 0.000000 -23.919635 0.000000 0.000000 1.000000 0.000000
0.892703 0.450645 0.000000 149.213791 -0.450645 0.892703 0.000000 -24.242842 0.000000 0.000000 1.000000 0.000000
0.892132 0.451775 0.000000 149.707936 -0.451775 0.892132 0.000000 -24.582173 0.000000 0.000000 1.000000 0.000000
0.890730 0.454533 0.000000 150.173674 -0.454533 0.890730 0.000000 -24.947401 0.000000 0.000000 1.000000 0.000000
0.891943 0.452148 0.000000 150.876690 -0.452148 0.891943 0.000000 -25.264434 0.000000 0.000000 1.000000 0.000000
0.891162 0.453685 0.000000 151.391904 -0.453685 0.891162 0.000000 -25.629373 0.000000 0.000000 1.000000 0.000000
0.890944 0.454114 0.000000 151.844769 -0.454114 0.890944 0.000000 -25.900063 0.000000 0.000000 1.000000 0.000000
0.890356 0.455265 0.000000 152.372573 -0.455265 0.890356 0.000000 -26.216873 0.000000 0.000000 1.000000 0.000000
0.890539 0.454907 0.000000 152.953734 -0.454907 0.890539 0.000000 -26.492604 0.000000 0.000000 1.000000 0.000000
0.890149 0.455669 0.000000 153.450769 -0.455669 0.890149 0.000000 -26.730269 0.000000 0.000000 1.000000 0.000000
0.890476 0.455031 0.000000 153.993270 -0.455031 0.890476 0.000000 -26.973316 0.000000 0.000000 1.000000 0.000000
0.890471 0.455041 0.000000 154.476639 -0.455041 0.890471 0.000000 -27.262460 0.000000 0.000000 1.000000 0.000000
0.888239 0.459381 0.000000 154.881572 -0.459381 0.888239 0.000000 -27.622871 0.000000 0.000000 1.000000 0.000000
0.887023 0.461726 0.000000 155.435850 -0.461726 0.887023 0.000000 -27.905564 0.000000 0.000000 1.000000 0.000000
0.885415 0.464801 0.000000 156.054585 -0.464801 0.885415 0.000000 -28.277548 0.000000 0.000000 1.000000 0.000000
0.884987 0.465616 0.000000 156.532996 -0.465616 0.884987 0.000000 -28.538796 0.000000 0.000000 1.000000 0.000000
0.882784 0.469779 0.000000 156.968859 -0.469779 0.882784 0.000000 -28.972714 0.000000 0.000000 1.000000 0.000000
0.882862 0.469633 0.000000 157.475560 -0.469633 0.882862 0.000000 -29.278014 0.000000 0.000000 1.000000 0.000000
0.880206 0.474592 0.000000 158.017755 -0.474592 0.880206 0.000000 -29.585050 0.000000 0.000000 1.000000 0.000000
0.880496 0.474053 0.000000 158.535861 -0.474053 0.880496 0.000000 -29.892633 0.000000 0.000000 1.000000 0.000000
0.879567 0.475775 0.000000 159.165564 -0.475775 0.879567 0.000000 -30.283527 0.000000 0.000000 1.000000 0.000000
0.877504 0.479570 0.000000 159.654939 -0.479570 0.877504 0.000000 -30.520478 0.000000 0.000000 1.000000 0.000000
0.877372 0.479811 0.000000 160.207102 -0.479811 0.877372 0.000000 -30.799245 0.000000 0.000000 1.000000 0.000000
0.878542 0.477665 0.000000 160.851622 -0.477665 0.878542 0.000000 -30.987238 0.000000 0.000000 1.000000 0.000000
0.878053 0.478563 0.000000 161.389376 -0.478563 0.878053 0.000000 -31.261693 0.000000 0.000000 1.000000 0.000000
0.877710 0.479192 0.000000 161.887621 -0.479192 0.877710 0.000000 -31.531323 0.000000 0.000000 1.000000 0.000000
0.877609 0.479377 0.000000 162.561126 -0.479377 0.877609 0.000000 -31.906752 0.000000 0.000000 1.000000 0.000000
0.877894 0.478854 0.000000 162.919989 -0.478854 0.877894 0.000000 -32.166382 0.000000 0.000000 1.000000 0.000000
0.876562 0.481289 0.000000 163.416874 -0.481289 0.876562 0.000000 -32.233419 0.000000 0.000000 1.000000 0.000000
0.877270 0.479998 0.000000 164.044262 -0.479998 0.877270 0.000000 -32.659779 0.000000 0.000000 1.000000 0.000000
0.875612 0.483016 0.000000 164.551974 -0.483016 0.875612 0.000000 -33.003043 0.000000 0.000000 1.000000 0.000000
0.874850 0.484394 0.000000 165.018125 -0.484394 0.874850 0.000000 -33.226620 0.000000 0.000000 1.000000 0.000000
0.874343 0.485309 0.000000 165.384614 -0.485309 0.874343 0.000000 -33.536734 0.000000 0.000000 1.000000 0.000000
0.873938 0.486038 0.000000 166.172961 -0.486038 0.873938 0.000000 -33.801996 0.000000 0.000000 1.000000 0.000000
0.873701 0.486464 0.000000 166.511954 -0.486464 0.873701 0.000000 -34.093161 0.000000 0.000000 1.000000 0.000000
0.869740 0.493510 0.000000 167.115034 -0.493510 0.869740 0.000000 -34.365713 0.000000 0.000000 1.000000 0.000000
0.870171 0.492749 0.000000 167.727857 -0.492749 0.870171 0.000000 -34.677385 0.000000 0.000000 1.000000 0.000000
0.869554 0.493839 0.000000 168.186914 -0.493839 0.869554 0.000000 -35.044168 0.000000 0.000000 1.000000 0.000000
0.866156 0.499774 0.000000 168.762103 -0.499774 0.866156 0.000000 -35.498172 0.000000 0.000000 1.000000 0.000000
0.864293 0.502988 0.000000 169.016094 -0.502988 0.864293 0.000000 -35.763762 0.000000 0.000000 1.000000 0.000000
0.867432 0.497556 0.000000 169.656278 -0.497556 0.867432 0.000000 -36.100013 0.000000 0.000000 1.000000 0.000000
0.868824 0.495122 0.000000 170.122225 -0.495122 0.868824 0.000000 -36.419144 0.000000 0.000000 1.000000 0.000000
0.870532 0.492112 0.000000 170.609057 -0.492112 0.870532 0.000000 -36.651975 0.000000 0.000000 1.000000 0.000000
0.871919 0.489649 0.000000 171.220904 -0.489649 0.871919 0.000000 -36.851853 0.000000 0.000000 1.000000 0.000000
0.873253 0.487268 0.000000 171.664354 -0.487268 0.873253 0.000000 -37.125131 0.000000 0.000000 1.000000 0.000000
0.874418 0.485174 0.000000 172.299138 -0.485174 0.874418 0.000000 -37.555719 0.000000 0.000000 1.000000 0.000000
0.875475 0.483263 0.000000 172.952437 -0.483263 0.875475 0.000000 -37.861125 0.000000 0.000000 1.000000 0.000000
0.873568 0.486703 0.000000 173.364587 -0.486703 0.873568 0.000000 -38.130384 0.000000 0.000000 1.000000 0.000000
0.873286 0.487207 0.000000 173.837821 -0.487207 0.873286 0.000000 -38.423270 0.000000 0.000000 1.000000 0.000000
0.872632 0.488378 0.000000 174.170864 -0.488378 0.872632 0.000000 -38.625658 0.000000 0.000000 1.000000 0.000000
0.872388 0.488814 0.000000 174.735839 -0.488814 0.872388 0.000000 -38.971638 0.000000 0.000000 1.000000 0.000000
0.874121 0.485708 0.000000 175.750737 -0.485708 0.874121 0.000000 -39.596134 0.000000 0.000000 1.000000 0.000000
0.875396 0.483406 0.000000 176.115524 -0.483406 0.875396 0.000000 -39.808795 0.000000 0.000000 1.000000 0.000000
0.876511 0.481383 0.000000 176.610866 -0.481383 0.876511 0.000000 -39.993499 0.000000 0.000000 1.000000 0.000000
0.877456 0.479658 0.000000 177.104530 -0.479658 0.877456 0.000000 -40.211437 0.000000 0.000000 1.000000 0.000000
0.877520 0.479540 0.000000 177.684609 -0.479540 0.877520 0.000000 -40.541561 0.000000 0.000000 1.000000 0.000000
0.876809 0.480839 0.000000 178.175396 -0.480839 0.876809 0.000000 -40.786764 0.000000 0.000000 1.000000 0.000000
0.876586 0.481245 0.000000 178.808287 -0.481245 0.876586 0.000000 -41.008260 0.000000 0.000000 1.000000 0.000000
0.876014 0.482285 0.000000 179.170515 -0.482285 0.876014 0.000000 -41.246680 0.000000 0.000000 1.000000 0.000000
0.875412 0.483377 0.000000 179.656488 -0.483377 0.875412 0.000000 -41.503609 0.000000 0.000000 1.000000 0.000000
0.875846 0.482591 0.000000 180.267580 -0.482591 0.875846 0.000000 -41.738121 0.000000 0.000000 1.000000 0.000000
0.875324 0.483537 0.000000 180.753873 -0.483537 0.875324 0.000000 -41.994238 0.000000 0.000000 1.000000 0.000000
0.875665 0.482919 0.000000 181.193033 -0.482919 0.875665 0.000000 -42.210638 0.000000 0.000000 1.000000 0.000000
0.876397 0.481589 0.000000 181.579660 -0.481589 0.876397 0.000000 -42.439473 0.000000 0.000000 1.000000 0.000000
0.876271 0.481818 0.000000 182.151689 -0.481818 0.876271 0.000000 -42.771141 0.000000 0.000000 1.000000 0.000000
0.876724 0.480993 0.000000 182.628589 -0.480993 0.876724 0.000000 -43.021499 0.000000 0.000000 1.000000 0.000000
0.878975 0.476867 0.000000 183.199875 -0.476867 0.878975 0.000000 -43.199002 0.000000 0.000000 1.000000 0.000000
0.879245 0.476370 0.000000 183.712230 -0.476370 0.879245 0.000000 -43.488553 0.000000 0.000000 1.000000 0.000000
0.879401 0.476083 0.000000 184.147864 -0.476083 0.879401 0.000000 -43.732259 0.000000 0.000000 1.000000 0.000000
0.879349 0.476177 0.000000 184.688274 -0.476177 0.879349 0.000000 -43.994639 0.000000 0.000000 1.000000 0.000000
0.879105 0.476629 0.000000 185.141655 -0.476629 0.879105 0.000000 -44.219526 0.000000 0.000000 1.000000 0.000000
0.879455 0.475983 0.000000 185.665574 -0.475983 0.879455 0.000000 -44.514949 0.000000 0.000000 1.000000 0.000000
0.879102 0.476634 0.000000 186.235907 -0.476634 0.879102 0.000000 -44.828889 0.000000 0.000000 1.000000 0.000000
0.881271 0.472612 0.000000 186.691220 -0.472612 0.881271 0.000000 -45.085950 0.000000 0.000000 1.000000 0.000000
0.882379 0.470540 0.000000 187.231309 -0.470540 0.882379 0.000000 -45.203901 0.000000 0.000000 1.000000 0.000000
0.883628 0.468190 0.000000 187.789406 -0.468190 0.883628 0.000000 -45.444005 0.000000 0.000000 1.000000 0.000000
0.885694 0.464269 0.000000 188.421691 -0.464269 0.885694 0.000000 -45.793023 0.000000 0.000000 1.000000 0.000000
0.887481 0.460844 0.000000 188.893684 -0.460844 0.887481 0.000000 -46.061593 0.000000 0.000000 1.000000 0.000000
0.891603 0.452818 0.000000 189.246059 -0.452818 0.891603 0.000000 -46.214695 0.000000 0.000000 1.000000 0.000000
0.894288 0.447491 0.000000 189.710018 -0.447491 0.894288 0.000000 -46.430906 0.000000 0.000000 1.000000 0.000000
0.896649 0.442743 0.000000 190.098387 -0.442743 0.896649 0.000000 -46.644955 0.000000 0.000000 1.000000 0.000000
0.901454 0.432876 0.000000 190.760516 -0.432876 0.901454 0.000000 -46.861598 0.000000 0.000000 1.000000 0.000000
0.903656 0.428258 0.000000 191.214482 -0.428258 0.903656 0.000000 -47.073070 0.000000 0.000000 1.000000 0.000000
0.906217 0.422812 0.000000 191.605589 -0.422812 0.906217 0.000000 -47.292971 0.000000 0.000000 1.000000 0.000000
0.908830 0.417167 0.000000 191.945851 -0.417167 0.908830 0.000000 -47.470260 0.000000 0.000000 1.000000 0.000000
0.912754 0.408509 0.000000 192.413590 -0.408509 0.912754 0.000000 -47.680537 0.000000 0.000000 1.000000 0.000000
0.916778 0.399397 0.000000 192.806262 -0.399397 0.916778 0.000000 -47.862369 0.000000 0.000000 1.000000 0.000000
0.923615 0.383321 0.000000 193.668545 -0.383321 0.923615 0.000000 -48.265489 0.000000 0.000000 1.000000 0.000000
0.928096 0.372341 0.000000 194.128260 -0.372341 0.928096 0.000000 -48.472323 0.000000 0.000000 1.000000 0.000000
0.930871 0.365349 0.000000 194.498836 -0.365349 0.930871 0.000000 -48.778002 0.000000 0.000000 1.000000 0.000000
0.935199 0.354122 0.000000 195.129331 -0.354122 0.935199 0.000000 -48.814314 0.000000 0.000000 1.000000 0.000000
0.939195 0.343385 0.000000 195.615955 -0.343385 0.939195 0.000000 -49.002804 0.000000 0.000000 1.000000 0.000000
