0.999988 0.004842 0.000000 0.580705 -0.004842 0.999988 0.000000 0.000496 0.000000 0.000000 1.000000 0.000000
0.999963 0.008619 0.000000 1.717354 -0.008619 0.999963 0.000000 -0.013608 0.000000 0.000000 1.000000 0.000000
0.999945 0.010441 0.000000 2.298260 -0.010441 0.999945 0.000000 -0.024673 0.000000 0.000000 1.000000 0.000000
0.999927 0.012060 0.000000 3.106244 -0.012060 0.999927 0.000000 -0.039955 0.000000 0.000000 1.000000 0.000000
0.999918 0.012768 0.000000 3.683385 -0.012768 0.999918 0.000000 -0.047966 0.000000 0.000000 1.000000 0.000000
0.999909 0.013519 0.000000 4.275239 -0.013519 0.999909 0.000000 -0.058144 0.000000 0.000000 1.000000 0.000000
0.999898 0.014315 0.000000 4.871142 -0.014315 0.999898 0.000000 -0.068867 0.000000 0.000000 1.000000 0.000000
0.999886 0.015116 0.000000 5.418626 -0.015116 0.999886 0.000000 -0.087838 0.000000 0.000000 1.000000 0.000000
0.999869 0.016170 0.000000 6.004196 -0.016170 0.999869 0.000000 -0.111969 0.000000 0.000000 1.000000 0.000000
0.999858 0.016874 0.000000 6.552896 -0.016874 0.999858 0.000000 -0.119254 0.000000 0.000000 1.000000 0.000000
0.999854 0.017062 0.000000 7.120234 -0.017062 0.999854 0.000000 -0.098699 0.000000 0.000000 1.000000 0.000000
0.999833 0.018260 0.000000 7.694109 -0.018260 0.999833 0.000000 -0.110053 0.000000 0.000000 1.000000 0.000000
0.999820 0.018959 0.000000 8.259513 -0.018959 0.999820 0.000000 -0.128942 0.000000 0.000000 1.000000 0.000000
0.999783 0.020833 0.000000 8.835919 -0.020833 0.999783 0.000000 -0.143672 0.000000 0.000000 1.000000 0.000000
0.999738 0.022904 0.000000 9.587061 -0.022904 0.999738 0.000000 -0.164380 0.000000 0.000000 1.000000 0.000000
0.999710 0.024074 0.000000 10.205002 -0.024074 0.999710 0.000000 -0.178619 0.000000 0.000000 1.000000 0.000000
0.999674 0.025524 0.000000 10.742712 -0.025524 0.999674 0.000000 -0.189636 0.000000 0.000000 1.000000 0.000000
0.999615 0.027762 0.000000 11.357110 -0.027762 0.999615 0.000000 -0.201421 0.000000 0.000000 1.000000 0.000000
0.999572 0.029245 0.000000 11.929506 -0.029245 0.999572 0.000000 -0.215028 0.000000 0.000000 1.000000 0.000000
0.999512 0.031251 0.000000 12.501826 -0.031251 0.999512 0.000000 -0.227510 0.000000 0.000000 1.000000 0.000000
0.999427 0.033852 0.000000 13.084440 -0.033852 0.999427 0.000000 -0.245145 0.000000 0.000000 1.000000 0.000000
0.999360 0.035780 0.000000 13.666867 -0.035780 0.999360 0.000000 -0.266779 0.000000 0.000000 1.000000 0.000000
0.999293 0.037592 0.000000 14.241906 -0.037592 0.999293 0.000000 -0.294828 0.000000 0.000000 1.000000 0.000000
0.999229 0.039253 0.000000 14.824430 -0.039253 0.999229 0.000000 -0.320822 0.000000 0.000000 1.000000 0.000000
0.999115 0.042058 0.000000 15.395207 -0.042058 0.999115 0.000000 -0.350999 0.000000 0.000000 1.000000 0.000000
0.999059 0.043365 0.000000 15.968716 -0.043365 0.999059 0.000000 -0.384129 0.000000 0.000000 1.000000 0.000000
0.998957 0.045671 0.000000 16.509372 -0.045671 0.998957 0.000000 -0.412356 0.000000 0.000000 1.000000 0.000000
0.998785 0.049285 0.000000 17.087269 -0.049285 0.998785 0.000000 -0.455800 0.000000 0.000000 1.000000 0.000000
0.998767 0.049652 0.000000 18.174927 -0.049652 0.998767 0.000000 -0.531553 0.000000 0.000000 1.000000 0.000000
0.998843 0.048100 0.000000 19.104770 -0.048100 0.998843 0.000000 -0.604173 0.000000 0.000000 1.000000 0.000000
0.998842 0.048110 0.000000 19.671909 -0.048110 0.998842 0.000000 -0.644410 0.000000 0.000000 1.000000 0.000000
0.998761 0.049772 0.000000 20.240229 -0.049772 0.998761 0.000000 -0.681580 0.000000 0.000000 1.000000 0.000000
0.998790 0.049175 0.000000 20.814201 -0.049175 0.998790 0.000000 -0.745021 0.000000 0.000000 1.000000 0.000000
0.998941 0.046014 0.000000 21.364215 -0.046014 0.998941 0.000000 -0.771085 0.000000 0.000000 1.000000 0.000000
0.998716 0.050661 0.000000 21.966939 -0.050661 0.998716 0.000000 -0.808480 0.000000 0.000000 1.000000 0.000000
0.998262 0.058925 0.000000 22.535590 -0.058925 0.998262 0.000000 -0.858584 0.000000 0.000000 1.000000 0.000000
0.997809 0.066164 0.000000 23.656809 -0.066164 0.997809 0.000000 -0.984653 0.000000 0.000000 1.000000 0.000000
0.997812 0.066110 0.000000 24.231784 -0.066110 0.997812 0.000000 -1.028246 0.000000 0.000000 1.000000 0.000000
0.997792 0.066423 0.000000 24.800314 -0.066423 0.997792 0.000000 -1.090237 0.000000 0.000000 1.000000 0.000000
0.997879 0.065101 0.000000 25.321869 -0.065101 0.997879 0.000000 -1.146468 0.000000 0.000000 1.000000 0.000000
0.997817 0.066039 0.000000 25.893419 -0.066039 0.997817 0.000000 -1.193203 0.000000 0.000000 1.000000 0.000000
0.997057 0.076662 0.000000 26.749052 -0.076662 0.997057 0.000000 -1.068679 0.000000 0.000000 1.000000 0.000000
0.997033 0.076981 0.000000 27.351629 -0.076981 0.997033 0.000000 -1.122416 0.000000 0.000000 1.000000 0.000000
0.997029 0.077021 0.000000 27.910134 -0.077021 0.997029 0.000000 -1.177474 0.000000 0.000000 1.000000 0.000000
0.997001 0.077388 0.000000 28.470931 -0.077388 0.997001 0.000000 -1.229277 0.000000 0.000000 1.000000 0.000000
0.996936 0.078219 0.000000 29.031894 -0.078219 0.996936 0.000000 -1.281748 0.000000 0.000000 1.000000 0.000000
0.996837 0.079476 0.000000 29.599118 -0.079476 0.996837 0.000000 -1.323783 0.000000 0.000000 1.000000 0.000000
0.996844 0.079387 0.000000 30.144800 -0.079387 0.996844 0.000000 -1.376829 0.000000 0.000000 1.000000 0.000000
0.996807 0.079852 0.000000 30.710217 -0.079852 0.996807 0.000000 -1.416829 0.000000 0.000000 1.000000 0.000000
0.996654 0.081736 0.000000 31.269598 -0.081736 0.996654 0.000000 -1.455793 0.000000 0.000000 1.000000 0.000000
0.996493 0.083678 0.000000 31.791654 -0.083678 0.996493 0.000000 -1.502304 0.000000 0.000000 1.000000 0.000000
0.996023 0.089098 0.000000 32.728148 -0.089098 0.996023 0.000000 -1.585971 0.000000 0.000000 1.000000 0.000000
0.995708 0.092550 0.000000 33.292878 -0.092550 0.995708 0.000000 -1.637320 0.000000 0.000000 1.000000 0.000000
0.995589 0.093823 0.000000 33.851336 -0.093823 0.995589 0.000000 -1.691668 0.000000 0.000000 1.000000 0.000000
0.995426 0.095534 0.000000 34.419008 -0.095534 0.995426 0.000000 -1.746447 0.000000 0.000000 1.000000 0.000000
0.995204 0.097818 0.000000 34.951494 -0.097818 0.995204 0.000000 -1.793983 0.000000 0.000000 1.000000 0.000000
0.995109 0.098780 0.000000 35.509912 -0.098780 0.995109 0.000000 -1.855420 0.000000 0.000000 1.000000 0.000000
0.995058 0.099292 0.000000 36.106210 -0.099292 0.995058 0.000000 -1.917818 0.000000 0.000000 1.000000 0.000000
0.995095 0.098927 0.000000 36.628190 -0.098927 0.995095 0.000000 -1.973357 0.000000 0.000000 1.000000 0.000000
0.995171 0.098154 0.000000 37.177718 -0.098154 0.995171 0.000000 -2.029463 0.000000 0.000000 1.000000 0.000000
0.995049 0.099385 0.000000 37.734883 -0.099385 0.995049 0.000000 -2.073321 0.000000 0.000000 1.000000 0.000000
0.994745 0.102387 0.000000 38.299451 -0.102387 0.994745 0.000000 -2.138278 0.000000 0.000000 1.000000 0.000000
0.994617 0.103618 0.000000 38.816049 -0.103618 0.994617 0.000000 -2.190256 0.000000 0.000000 1.000000 0.000000
0.994633 0.103464 0.000000 39.368596 -0.103464 0.994633 0.000000 -2.253579 0.000000 0.000000 1.000000 0.000000
0.994747 0.102360 0.000000 39.886358 -0.102360 0.994747 0.000000 -2.314154 0.000000 0.000000 1.000000 0.000000
0.994829 0.101560 0.000000 40.840698 -0.101560 0.994829 0.000000 -2.426998 0.000000 0.000000 1.000000 0.000000
0.994715 0.102670 0.000000 41.394776 -0.102670 0.994715 0.000000 -2.485774 0.000000 0.000000 1.000000 0.000000
0.994636 0.103435 0.000000 41.945437 -0.103435 0.994636 0.000000 -2.543781 0.000000 0.000000 1.000000 0.000000
0.994309 0.106533 0.000000 43.007582 -0.106533 0.994309 0.000000 -2.630628 0.000000 0.000000 1.000000 0.000000
0.993885 0.110423 0.000000 43.579151 -0.110423 0.993885 0.000000 -2.713613 0.000000 0.000000 1.000000 0.000000
0.993884 0.110427 0.000000 44.064954 -0.110427 0.993884 0.000000 -2.777421 0.000000 0.000000 1.000000 0.000000
0.993865 0.110597 0.000000 45.091884 -0.110597 0.993865 0.000000 -2.895426 0.000000 0.000000 1.000000 0.000000
0.993881 0.110452 0.000000 45.631265 -0.110452 0.993881 0.000000 -2.953616 0.000000 0.000000 1.000000 0.000000
0.993951 0.109829 0.000000 46.141301 -0.109829 0.993951 0.000000 -3.006597 0.000000 0.000000 1.000000 0.000000
0.993866 0.110593 0.000000 46.626104 -0.110593 0.993866 0.000000 -3.053594 0.000000 0.000000 1.000000 0.000000
0.993886 0.110409 0.000000 47.523042 -0.110409 0.993886 0.000000 -3.175419 0.000000 0.000000 1.000000 0.000000
0.993699 0.112085 0.000000 48.038329 -0.112085 0.993699 0.000000 -3.210942 0.000000 0.000000 1.000000 0.000000
0.993200 0.116420 0.000000 48.570905 -0.116420 0.993200 0.000000 -3.265293 0.000000 0.000000 1.000000 0.000000
0.992814 0.119668 0.000000 49.043153 -0.119668 0.992814 0.000000 -3.329766 0.000000 0.000000 1.000000 0.000000
0.992724 0.120411 0.000000 49.524786 -0.120411 0.992724 0.000000 -3.381228 0.000000 0.000000 1.000000 0.000000
0.992459 0.122579 0.000000 49.998076 -0.122579 0.992459 0.000000 -3.424401 0.000000 0.000000 1.000000 0.000000
0.992113 0.125347 0.000000 50.468610 -0.125347 0.992113 0.000000 -3.479187 0.000000 0.000000 1.000000 0.000000
0.991803 0.127773 0.000000 51.163872 -0.127773 0.991803 0.000000 -3.575129 0.000000 0.000000 1.000000 0.000000
0.991884 0.127148 0.000000 51.588041 -0.127148 0.991884 0.000000 -3.629629 0.000000 0.000000 1.000000 0.000000
0.992019 0.126092 0.000000 52.038877 -0.126092 0.992019 0.000000 -3.687876 0.000000 0.000000 1.000000 0.000000
0.992200 0.124658 0.000000 52.496277 -0.124658 0.992200 0.000000 -3.750543 0.000000 0.000000 1.000000 0.000000
0.992308 0.123795 0.000000 52.892351 -0.123795 0.992308 0.000000 -3.795568 0.000000 0.000000 1.000000 0.000000
0.992588 0.121532 0.000000 53.313610 -0.121532 0.992588 0.000000 -3.847202 0.000000 0.000000 1.000000 0.000000
0.992596 0.121467 0.000000 54.028250 -0.121467 0.992596 0.000000 -3.898032 0.000000 0.000000 1.000000 0.000000
0.992467 0.122515 0.000000 54.410447 -0.122515 0.992467 0.000000 -3.941250 0.000000 0.000000 1.000000 0.000000
0.992387 0.123162 0.000000 54.842471 -0.123162 0.992387 0.000000 -3.994133 0.000000 0.000000 1.000000 0.000000
0.992274 0.124066 0.000000 55.232931 -0.124066 0.992274 0.000000 -4.034275 0.000000 0.000000 1.000000 0.000000
0.992153 0.125031 0.000000 55.622993 -0.125031 0.992153 0.000000 -4.080045 0.000000 0.000000 1.000000 0.000000
0.992027 0.126023 0.000000 56.014111 -0.126023 0.992027 0.000000 -4.127111 0.000000 0.000000 1.000000 0.000000
0.992014 0.126131 0.000000 56.383828 -0.126131 0.992014 0.000000 -4.188961 0.000000 0.000000 1.000000 0.000000
0.992299 0.123866 0.000000 56.863814 -0.123866 0.992299 0.000000 -4.359317 0.000000 0.000000 1.000000 0.000000
0.992109 0.125375 0.000000 57.222468 -0.125375 0.992109 0.000000 -4.401396 0.000000 0.000000 1.000000 0.000000
0.991792 0.127862 0.000000 57.578748 -0.127862 0.991792 0.000000 -4.449233 0.000000 0.000000 1.000000 0.000000
0.991512 0.130016 0.000000 58.244351 -0.130016 0.991512 0.000000 -4.552179 0.000000 0.000000 1.000000 0.000000
0.991579 0.129506 0.000000 58.580806 -0.129506 0.991579 0.000000 -4.593995 0.000000 0.000000 1.000000 0.000000
0.991621 0.129183 0.000000 58.894043 -0.129183 0.991621 0.000000 -4.634307 0.000000 0.000000 1.000000 0.000000
0.991580 0.129497 0.000000 59.220508 -0.129497 0.991580 0.000000 -4.681892 0.000000 0.000000 1.000000 0.000000
0.991365 0.131130 0.000000 59.547142 -0.131130 0.991365 0.000000 -4.724414 0.000000 0.000000 1.000000 0.000000
0.996019 0.089145 0.000000 59.399663 -0.089145 0.996019 0.000000 -1.476757 0.000000 0.000000 1.000000 0.000000
0.995556 0.094170 0.000000 59.723474 -0.094170 0.995556 0.000000 -1.493333 0.000000 0.000000 1.000000 0.000000
0.995522 0.094528 0.000000 60.039813 -0.094528 0.995522 0.000000 -1.522213 0.000000 0.000000 1.000000 0.000000
0.995658 0.093091 0.000000 60.556702 -0.093091 0.995658 0.000000 -1.576086 0.000000 0.000000 1.000000 0.000000
0.995624 0.093449 0.000000 60.854454 -0.093449 0.995624 0.000000 -1.599013 0.000000 0.000000 1.000000 0.000000
0.995418 0.095620 0.000000 61.150488 -0.095620 0.995418 0.000000 -1.637400 0.000000 0.000000 1.000000 0.000000
0.995263 0.097223 0.000000 61.460358 -0.097223 0.995263 0.000000 -1.677078 0.000000 0.000000 1.000000 0.000000
0.995446 0.095324 0.000000 61.793311 -0.095324 0.995446 0.000000 -1.633420 0.000000 0.000000 1.000000 0.000000
0.995361 0.096206 0.000000 62.061376 -0.096206 0.995361 0.000000 -1.657529 0.000000 0.000000 1.000000 0.000000
0.995244 0.097417 0.000000 62.361585 -0.097417 0.995244 0.000000 -1.680683 0.000000 0.000000 1.000000 0.000000
0.995149 0.098380 0.000000 62.637626 -0.098380 0.995149 0.000000 -1.707375 0.000000 0.000000 1.000000 0.000000
0.995012 0.099758 0.000000 62.909210 -0.099758 0.995012 0.000000 -1.737847 0.000000 0.000000 1.000000 0.000000
0.994841 0.101448 0.000000 63.361134 -0.101448 0.994841 0.000000 -1.793895 0.000000 0.000000 1.000000 0.000000
0.994773 0.102110 0.000000 63.607028 -0.102110 0.994773 0.000000 -1.820607 0.000000 0.000000 1.000000 0.000000
0.994692 0.102894 0.000000 63.888972 -0.102894 0.994692 0.000000 -1.850291 0.000000 0.000000 1.000000 0.000000
0.994651 0.103289 0.000000 64.152168 -0.103289 0.994651 0.000000 -1.878952 0.000000 0.000000 1.000000 0.000000
0.994601 0.103770 0.000000 64.415401 -0.103770 0.994601 0.000000 -1.910098 0.000000 0.000000 1.000000 0.000000
0.994534 0.104412 0.000000 64.680791 -0.104412 0.994534 0.000000 -1.941365 0.000000 0.000000 1.000000 0.000000
0.994487 0.104864 0.000000 64.936648 -0.104864 0.994487 0.000000 -1.966885 0.000000 0.000000 1.000000 0.000000
0.994332 0.106322 0.000000 65.193159 -0.106322 0.994332 0.000000 -2.001432 0.000000 0.000000 1.000000 0.000000
0.994131 0.108186 0.000000 65.441552 -0.108186 0.994131 0.000000 -2.028907 0.000000 0.000000 1.000000 0.000000
0.994046 0.108964 0.000000 65.709340 -0.108964 0.994046 0.000000 -2.057235 0.000000 0.000000 1.000000 0.000000
0.993974 0.109614 0.000000 65.957222 -0.109614 0.993974 0.000000 -2.086503 0.000000 0.000000 1.000000 0.000000
0.993860 0.110645 0.000000 66.214577 -0.110645 0.993860 0.000000 -2.117300 0.000000 0.000000 1.000000 0.000000
0.993471 0.114086 0.000000 66.686156 -0.114086 0.993471 0.000000 -2.151834 0.000000 0.000000 1.000000 0.000000
0.993415 0.114568 0.000000 66.955050 -0.114568 0.993415 0.000000 -2.184893 0.000000 0.000000 1.000000 0.000000
0.993331 0.115301 0.000000 67.230444 -0.115301 0.993331 0.000000 -2.221017 0.000000 0.000000 1.000000 0.000000
0.993237 0.116103 0.000000 67.504588 -0.116103 0.993237 0.000000 -2.258577 0.000000 0.000000 1.000000 0.000000
0.993161 0.116752 0.000000 67.786579 -0.116752 0.993161 0.000000 -2.297910 0.000000 0.000000 1.000000 0.000000
0.993069 0.117537 0.000000 68.085311 -0.117537 0.993069 0.000000 -2.341283 0.000000 0.000000 1.000000 0.000000
0.993041 0.117772 0.000000 68.346184 -0.117772 0.993041 0.000000 -2.382747 0.000000 0.000000 1.000000 0.000000
0.992898 0.118966 0.000000 68.639705 -0.118966 0.992898 0.000000 -2.420581 0.000000 0.000000 1.000000 0.000000
0.992682 0.120755 0.000000 68.919897 -0.120755 0.992682 0.000000 -2.459839 0.000000 0.000000 1.000000 0.000000
0.992623 0.121245 0.000000 69.184230 -0.121245 0.992623 0.000000 -2.497701 0.000000 0.000000 1.000000 0.000000
0.992411 0.122967 0.000000 69.466304 -0.122967 0.992411 0.000000 -2.535156 0.000000 0.000000 1.000000 0.000000
0.992216 0.124531 0.000000 69.731182 -0.124531 0.992216 0.000000 -2.571189 0.000000 0.000000 1.000000 0.000000
0.991643 0.129014 0.000000 70.502240 -0.129014 0.991643 0.000000 -2.652033 0.000000 0.000000 1.000000 0.000000
0.991245 0.132035 0.000000 70.790624 -0.132035 0.991245 0.000000 -2.687017 0.000000 0.000000 1.000000 0.000000
0.990976 0.134036 0.000000 71.079742 -0.134036 0.990976 0.000000 -2.724717 0.000000 0.000000 1.000000 0.000000
0.991007 0.133812 0.000000 71.365825 -0.133812 0.991007 0.000000 -2.772688 0.000000 0.000000 1.000000 0.000000
0.991378 0.131029 0.000000 71.657235 -0.131029 0.991378 0.000000 -2.812670 0.000000 0.000000 1.000000 0.000000
0.990953 0.134211 0.000000 72.237926 -0.134211 0.990953 0.000000 -2.888787 0.000000 0.000000 1.000000 0.000000
0.990854 0.134940 0.000000 72.542905 -0.134940 0.990854 0.000000 -2.931597 0.000000 0.000000 1.000000 0.000000
0.990800 0.135331 0.000000 72.831758 -0.135331 0.990800 0.000000 -2.972899 0.000000 0.000000 1.000000 0.000000
0.990354 0.138560 0.000000 73.302144 -0.138560 0.990354 0.000000 -3.038173 0.000000 0.000000 1.000000 0.000000
0.989667 0.143388 0.000000 73.614921 -0.143388 0.989667 0.000000 -3.079837 0.000000 0.000000 1.000000 0.000000
0.988788 0.149324 0.000000 74.148878 -0.149324 0.988788 0.000000 -3.181772 0.000000 0.000000 1.000000 0.000000
0.988719 0.149783 0.000000 74.477811 -0.149783 0.988719 0.000000 -3.237264 0.000000 0.000000 1.000000 0.000000
0.988328 0.152342 0.000000 74.800071 -0.152342 0.988328 0.000000 -3.271081 0.000000 0.000000 1.000000 0.000000
0.987858 0.155362 0.000000 75.138334 -0.155362 0.987858 0.000000 -3.322176 0.000000 0.000000 1.000000 0.000000
0.987848 0.155425 0.000000 75.508901 -0.155425 0.987848 0.000000 -3.368612 0.000000 0.000000 1.000000 0.000000
0.988026 0.154290 0.000000 76.115837 -0.154290 0.988026 0.000000 -3.467029 0.000000 0.000000 1.000000 0.000000
0.988284 0.152626 0.000000 76.472598 -0.152626 0.988284 0.000000 -3.519394 0.000000 0.000000 1.000000 0.000000
0.988250 0.152847 0.000000 76.848337 -0.152847 0.988250 0.000000 -3.582276 0.000000 0.000000 1.000000 0.000000
0.988231 0.152971 0.000000 77.203908 -0.152971 0.988231 0.000000 -3.643107 0.000000 0.000000 1.000000 0.000000
0.988196 0.153197 0.000000 77.856913 -0.153197 0.988196 0.000000 -3.749506 0.000000 0.000000 1.000000 0.000000
0.988406 0.151832 0.000000 78.517654 -0.151832 0.988406 0.000000 -3.851613 0.000000 0.000000 1.000000 0.000000
0.988704 0.149879 0.000000 78.908117 -0.149879 0.988704 0.000000 -3.914849 0.000000 0.000000 1.000000 0.000000
0.988562 0.150815 0.000000 79.328368 -0.150815 0.988562 0.000000 -3.971101 0.000000 0.000000 1.000000 0.000000
0.988255 0.152811 0.000000 79.729615 -0.152811 0.988255 0.000000 -4.043576 0.000000 0.000000 1.000000 0.000000
0.988071 0.154000 0.000000 80.166374 -0.154000 0.988071 0.000000 -4.117974 0.000000 0.000000 1.000000 0.000000
0.988069 0.154013 0.000000 80.576460 -0.154013 0.988069 0.000000 -4.196679 0.000000 0.000000 1.000000 0.000000
0.988436 0.151639 0.000000 81.027706 -0.151639 0.988436 0.000000 -4.281776 0.000000 0.000000 1.000000 0.000000
0.988827 0.149067 0.000000 81.718638 -0.149067 0.988827 0.000000 -4.368078 0.000000 0.000000 1.000000 0.000000
0.988870 0.148784 0.000000 82.532446 -0.148784 0.988870 0.000000 -4.512541 0.000000 0.000000 1.000000 0.000000
0.988710 0.149843 0.000000 83.005840 -0.149843 0.988710 0.000000 -4.579516 0.000000 0.000000 1.000000 0.000000
0.988209 0.153110 0.000000 83.486064 -0.153110 0.988209 0.000000 -4.654816 0.000000 0.000000 1.000000 0.000000
0.987524 0.157466 0.000000 83.956359 -0.157466 0.987524 0.000000 -4.718592 0.000000 0.000000 1.000000 0.000000
0.987119 0.159989 0.000000 84.470979 -0.159989 0.987119 0.000000 -4.792348 0.000000 0.000000 1.000000 0.000000
0.986632 0.162964 0.000000 84.919245 -0.162964 0.986632 0.000000 -4.852658 0.000000 0.000000 1.000000 0.000000
0.985873 0.167493 0.000000 85.426643 -0.167493 0.985873 0.000000 -4.931793 0.000000 0.000000 1.000000 0.000000
0.985346 0.170570 0.000000 85.941056 -0.170570 0.985346 0.000000 -5.018540 0.000000 0.000000 1.000000 0.000000
0.984864 0.173329 0.000000 86.456166 -0.173329 0.984864 0.000000 -5.107208 0.000000 0.000000 1.000000 0.000000
0.984506 0.175351 0.000000 86.950662 -0.175351 0.984506 0.000000 -5.190629 0.000000 0.000000 1.000000 0.000000
0.984138 0.177406 0.000000 87.483756 -0.177406 0.984138 0.000000 -5.292607 0.000000 0.000000 1.000000 0.000000
0.983755 0.179517 0.000000 88.443150 -0.179517 0.983755 0.000000 -5.478358 0.000000 0.000000 1.000000 0.000000
0.983757 0.179503 0.000000 88.989279 -0.179503 0.983757 0.000000 -5.582887 0.000000 0.000000 1.000000 0.000000
0.983322 0.181871 0.000000 89.533737 -0.181871 0.983322 0.000000 -5.671192 0.000000 0.000000 1.000000 0.000000
0.982458 0.186482 0.000000 90.087578 -0.186482 0.982458 0.000000 -5.772030 0.000000 0.000000 1.000000 0.000000
0.982151 0.188095 0.000000 90.632742 -0.188095 0.982151 0.000000 -5.881254 0.000000 0.000000 1.000000 0.000000
0.981911 0.189341 0.000000 91.476513 -0.189341 0.981911 0.000000 -6.052741 0.000000 0.000000 1.000000 0.000000
0.981233 0.192828 0.000000 92.007614 -0.192828 0.981233 0.000000 -6.161135 0.000000 0.000000 1.000000 0.000000
0.979537 0.201263 0.000000 93.126561 -0.201263 0.979537 0.000000 -6.386512 0.000000 0.000000 1.000000 0.000000
0.978982 0.203945 0.000000 93.866310 -0.203945 0.978982 0.000000 -6.524139 0.000000 0.000000 1.000000 0.000000
0.978139 0.207952 0.000000 94.456192 -0.207952 0.978139 0.000000 -6.640084 0.000000 0.000000 1.000000 0.000000
0.977053 0.212998 0.000000 95.046316 -0.212998 0.977053 0.000000 -6.772797 0.000000 0.000000 1.000000 0.000000
0.976492 0.215554 0.000000 95.644587 -0.215554 0.976492 0.000000 -6.903451 0.000000 0.000000 1.000000 0.000000
0.976278 0.216519 0.000000 96.246767 -0.216519 0.976278 0.000000 -7.032224 0.000000 0.000000 1.000000 0.000000
0.975886 0.218283 0.000000 96.878936 -0.218283 0.975886 0.000000 -7.175338 0.000000 0.000000 1.000000 0.000000
0.975252 0.221096 0.000000 97.453879 -0.221096 0.975252 0.000000 -7.307023 0.000000 0.000000 1.000000 0.000000
0.974755 0.223278 0.000000 98.044364 -0.223278 0.974755 0.000000 -7.451620 0.000000 0.000000 1.000000 0.000000
0.975162 0.221492 0.000000 98.652457 -0.221492 0.975162 0.000000 -7.599203 0.000000 0.000000 1.000000 0.000000
0.976019 0.217683 0.000000 99.157791 -0.217683 0.976019 0.000000 -7.733990 0.000000 0.000000 1.000000 0.000000
0.976278 0.216522 0.000000 99.765961 -0.216522 0.976278 0.000000 -7.875216 0.000000 0.000000 1.000000 0.000000
0.976149 0.217103 0.000000 100.380583 -0.217103 0.976149 0.000000 -8.012819 0.000000 0.000000 1.000000 0.000000
0.975987 0.217827 0.000000 100.946997 -0.217827 0.975987 0.000000 -8.144314 0.000000 0.000000 1.000000 0.000000
0.975801 0.218662 0.000000 102.036618 -0.218662 0.975801 0.000000 -8.391642 0.000000 0.000000 1.000000 0.000000
0.975631 0.219419 0.000000 102.696786 -0.219419 0.975631 0.000000 -8.554356 0.000000 0.000000 1.000000 0.000000
0.975277 0.220985 0.000000 103.317554 -0.220985 0.975277 0.000000 -8.707018 0.000000 0.000000 1.000000 0.000000
0.974596 0.223971 0.000000 103.941183 -0.223971 0.974596 0.000000 -8.858130 0.000000 0.000000 1.000000 0.000000
0.974421 0.224731 0.000000 104.531539 -0.224731 0.974421 0.000000 -9.005266 0.000000 0.000000 1.000000 0.000000
0.974589 0.224001 0.000000 105.161077 -0.224001 0.974589 0.000000 -9.149816 0.000000 0.000000 1.000000 0.000000
0.974500 0.224387 0.000000 105.744886 -0.224387 0.974500 0.000000 -9.286813 0.000000 0.000000 1.000000 0.000000
0.974475 0.224494 0.000000 106.371094 -0.224494 0.974475 0.000000 -9.430000 0.000000 0.000000 1.000000 0.000000
0.974196 0.225705 0.000000 106.961667 -0.225705 0.974196 0.000000 -9.566406 0.000000 0.000000 1.000000 0.000000
0.973756 0.227593 0.000000 107.556298 -0.227593 0.973756 0.000000 -9.713810 0.000000 0.000000 1.000000 0.000000
0.973299 0.229541 0.000000 108.181593 -0.229541 0.973299 0.000000 -9.864917 0.000000 0.000000 1.000000 0.000000
0.973331 0.229407 0.000000 108.823976 -0.229407 0.973331 0.000000 -10.026565 0.000000 0.000000 1.000000 0.000000
0.973417 0.229042 0.000000 109.627151 -0.229042 0.973417 0.000000 -10.222208 0.000000 0.000000 1.000000 0.000000
0.972738 0.231908 0.000000 110.235658 -0.231908 0.972738 0.000000 -10.364870 0.000000 0.000000 1.000000 0.000000
0.972150 0.234358 0.000000 110.881605 -0.234358 0.972150 0.000000 -10.541032 0.000000 0.000000 1.000000 0.000000
0.972522 0.232813 0.000000 111.897395 -0.232813 0.972522 0.000000 -10.795797 0.000000 0.000000 1.000000 0.000000
0.972458 0.233078 0.000000 112.551220 -0.233078 0.972458 0.000000 -10.960197 0.000000 0.000000 1.000000 0.000000
0.972056 0.234747 0.000000 113.195845 -0.234747 0.972056 0.000000 -11.126933 0.000000 0.000000 1.000000 0.000000
0.971590 0.236672 0.000000 113.852106 -0.236672 0.971590 0.000000 -11.304574 0.000000 0.000000 1.000000 0.000000
0.971436 0.237303 0.000000 114.489213 -0.237303 0.971436 0.000000 -11.483412 0.000000 0.000000 1.000000 0.000000
0.971510 0.236997 0.000000 115.145026 -0.236997 0.971510 0.000000 -11.666600 0.000000 0.000000 1.000000 0.000000
0.971641 0.236463 0.000000 115.753828 -0.236463 0.971641 0.000000 -11.822469 0.000000 0.000000 1.000000 0.000000
0.972198 0.234160 0.000000 116.893934 -0.234160 0.972198 0.000000 -12.121010 0.000000 0.000000 1.000000 0.000000
0.972683 0.232136 0.000000 117.548596 -0.232136 0.972683 0.000000 -12.287696 0.000000 0.000000 1.000000 0.000000
0.972894 0.231252 0.000000 118.202745 -0.231252 0.972894 0.000000 -12.452673 0.000000 0.000000 1.000000 0.000000
0.972862 0.231386 0.000000 118.858564 -0.231386 0.972862 0.000000 -12.612272 0.000000 0.000000 1.000000 0.000000
0.973145 0.230195 0.000000 120.183430 -0.230195 0.973145 0.000000 -12.952456 0.000000 0.000000 1.000000 0.000000
0.973121 0.230293 0.000000 120.807793 -0.230293 0.973121 0.000000 -13.065895 0.000000 0.000000 1.000000 0.000000
0.973049 0.230599 0.000000 121.456246 -0.230599 0.973049 0.000000 -13.243352 0.000000 0.000000 1.000000 0.000000
0.973207 0.229930 0.000000 122.098658 -0.229930 0.973207 0.000000 -13.400707 0.000000 0.000000 1.000000 0.000000
0.972734 0.231924 0.000000 122.706336 -0.231924 0.972734 0.000000 -13.549908 0.000000 0.000000 1.000000 0.000000
0.894209 0.447650 0.000000 127.233992 -0.447650 0.894209 0.000000 -16.482884 0.000000 0.000000 1.000000 0.000000
0.894524 0.447019 0.000000 127.829167 -0.447019 0.894524 0.000000 -16.775129 0.000000 0.000000 1.000000 0.000000
0.895224 0.445616 0.000000 128.389327 -0.445616 0.895224 0.000000 -17.059176 0.000000 0.000000 1.000000 0.000000
0.895763 0.444531 0.000000 128.965233 -0.444531 0.895763 0.000000 -17.360565 0.000000 0.000000 1.000000 0.000000
0.896409 0.443227 0.000000 129.520263 -0.443227 0.896409 0.000000 -17.651823 0.000000 0.000000 1.000000 0.000000
0.896436 0.443173 0.000000 130.089279 -0.443173 0.896436 0.000000 -17.945794 0.000000 0.000000 1.000000 0.000000
0.896183 0.443685 0.000000 130.674972 -0.443685 0.896183 0.000000 -18.257006 0.000000 0.000000 1.000000 0.000000
0.896419 0.443207 0.000000 131.426008 -0.443207 0.896419 0.000000 -18.634163 0.000000 0.000000 1.000000 0.000000
0.895287 0.445489 0.000000 132.004216 -0.445489 0.895287 0.000000 -18.931100 0.000000 0.000000 1.000000 0.000000
0.871755 0.489942 0.000000 132.115018 -0.489942 0.871755 0.000000 -22.450595 0.000000 0.000000 1.000000 0.000000
0.871851 0.489771 0.000000 132.936244 -0.489771 0.871851 0.000000 -22.925857 0.000000 0.000000 1.000000 0.000000
0.872093 0.489341 0.000000 133.494089 -0.489341 0.872093 0.000000 -23.246426 0.000000 0.000000 1.000000 0.000000
0.872365 0.488855 0.000000 134.052433 -0.488855 0.872365 0.000000 -23.566560 0.000000 0.000000 1.000000 0.000000
0.872620 0.488399 0.000000 134.604645 -0.488399 0.872620 0.000000 -23.891819 0.000000 0.000000 1.000000 0.000000
0.872545 0.488533 0.000000 135.161286 -0.488533 0.872545 0.000000 -24.216762 0.000000 0.000000 1.000000 0.000000
0.872039 0.489437 0.000000 135.979353 -0.489437 0.872039 0.000000 -24.694395 0.000000 0.000000 1.000000 0.000000
0.871425 0.490530 0.000000 136.516927 -0.490530 0.871425 0.000000 -25.004836 0.000000 0.000000 1.000000 0.000000
0.870526 0.492123 0.000000 137.067103 -0.492123 0.870526 0.000000 -25.327616 0.000000 0.000000 1.000000 0.000000
0.869297 0.494291 0.000000 137.583096 -0.494291 0.869297 0.000000 -25.629515 0.000000 0.000000 1.000000 0.000000
0.868001 0.496562 0.000000 138.287706 -0.496562 0.868001 0.000000 -26.049635 0.000000 0.000000 1.000000 0.000000
0.867961 0.496633 0.000000 138.830098 -0.496633 0.867961 0.000000 -26.367988 0.000000 0.000000 1.000000 0.000000
0.868290 0.496056 0.000000 139.373530 -0.496056 0.868290 0.000000 -26.691560 0.000000 0.000000 1.000000 0.000000
0.869257 0.494360 0.000000 139.915774 -0.494360 0.869257 0.000000 -27.014227 0.000000 0.000000 1.000000 0.000000
0.869871 0.493280 0.000000 140.451327 -0.493280 0.869871 0.000000 -27.355406 0.000000 0.000000 1.000000 0.000000
0.871107 0.491092 0.000000 141.491160 -0.491092 0.871107 0.000000 -27.982612 0.000000 0.000000 1.000000 0.000000
0.870704 0.491808 0.000000 141.991495 -0.491808 0.870704 0.000000 -28.264365 0.000000 0.000000 1.000000 0.000000
0.869231 0.494406 0.000000 142.492500 -0.494406 0.869231 0.000000 -28.534354 0.000000 0.000000 1.000000 0.000000
0.869275 0.494329 0.000000 143.019626 -0.494329 0.869275 0.000000 -28.839372 0.000000 0.000000 1.000000 0.000000
0.869060 0.494707 0.000000 143.514149 -0.494707 0.869060 0.000000 -29.135171 0.000000 0.000000 1.000000 0.000000
0.870198 0.492702 0.000000 144.032639 -0.492702 0.870198 0.000000 -29.457116 0.000000 0.000000 1.000000 0.000000
0.871697 0.490046 0.000000 144.679773 -0.490046 0.871697 0.000000 -29.830991 0.000000 0.000000 1.000000 0.000000
0.872105 0.489319 0.000000 145.199889 -0.489319 0.872105 0.000000 -30.140627 0.000000 0.000000 1.000000 0.000000
0.872209 0.489134 0.000000 145.684660 -0.489134 0.872209 0.000000 -30.424595 0.000000 0.000000 1.000000 0.000000
0.871601 0.490216 0.000000 146.210993 -0.490216 0.871601 0.000000 -30.727226 0.000000 0.000000 1.000000 0.000000
0.870866 0.491520 0.000000 146.727633 -0.491520 0.870866 0.000000 -31.030121 0.000000 0.000000 1.000000 0.000000
0.870512 0.492148 0.000000 147.207849 -0.492148 0.870512 0.000000 -31.312851 0.000000 0.000000 1.000000 0.000000
0.871219 0.490895 0.000000 147.717035 -0.490895 0.871219 0.000000 -31.613328 0.000000 0.000000 1.000000 0.000000
0.871544 0.490317 0.000000 148.193603 -0.490317 0.871544 0.000000 -31.904830 0.000000 0.000000 1.000000 0.000000
0.870577 0.492032 0.000000 148.700937 -0.492032 0.870577 0.000000 -32.203780 0.000000 0.000000 1.000000 0.000000
0.869288 0.494306 0.000000 149.205554 -0.494306 0.869288 0.000000 -32.506160 0.000000 0.000000 1.000000 0.000000
0.867377 0.497652 0.000000 149.860947 -0.497652 0.867377 0.000000 -32.884623 0.000000 0.000000 1.000000 0.000000
0.866307 0.499511 0.000000 150.339097 -0.499511 0.866307 0.000000 -33.160164 0.000000 0.000000 1.000000 0.000000
0.865460 0.500977 0.000000 150.849106 -0.500977 0.865460 0.000000 -33.459269 0.000000 0.000000 1.000000 0.000000
0.864926 0.501900 0.000000 151.324815 -0.501900 0.864926 0.000000 -33.739928 0.000000 0.000000 1.000000 0.000000
0.865336 0.501192 0.000000 151.836882 -0.501192 0.865336 0.000000 -34.032915 0.000000 0.000000 1.000000 0.000000
0.865716 0.500536 0.000000 152.308712 -0.500536 0.865716 0.000000 -34.311028 0.000000 0.000000 1.000000 0.000000
0.865449 0.500997 0.000000 152.959586 -0.500997 0.865449 0.000000 -34.694068 0.000000 0.000000 1.000000 0.000000
0.864365 0.502866 0.000000 153.440367 -0.502866 0.864365 0.000000 -34.923812 0.000000 0.000000 1.000000 0.000000
0.862323 0.506359 0.000000 153.918523 -0.506359 0.862323 0.000000 -35.232567 0.000000 0.000000 1.000000 0.000000
0.863194 0.504872 0.000000 154.377185 -0.504872 0.863194 0.000000 -35.514423 0.000000 0.000000 1.000000 0.000000
0.864035 0.503432 0.000000 154.890103 -0.503432 0.864035 0.000000 -35.802863 0.000000 0.000000 1.000000 0.000000
0.863853 0.503744 0.000000 155.354564 -0.503744 0.863853 0.000000 -36.080733 0.000000 0.000000 1.000000 0.000000
0.863230 0.504811 0.000000 156.031670 -0.504811 0.863230 0.000000 -36.475860 0.000000 0.000000 1.000000 0.000000
0.863657 0.504079 0.000000 156.516680 -0.504079 0.863657 0.000000 -36.768725 0.000000 0.000000 1.000000 0.000000
0.865523 0.500870 0.000000 157.012324 -0.500870 0.865523 0.000000 -37.064934 0.000000 0.000000 1.000000 0.000000
0.867014 0.498283 0.000000 157.505362 -0.498283 0.867014 0.000000 -37.359379 0.000000 0.000000 1.000000 0.000000
0.866987 0.498331 0.000000 157.992883 -0.498331 0.866987 0.000000 -37.648311 0.000000 0.000000 1.000000 0.000000
0.866630 0.498951 0.000000 158.480090 -0.498951 0.866630 0.000000 -37.941542 0.000000 0.000000 1.000000 0.000000
0.867773 0.496961 0.000000 158.978108 -0.496961 0.867773 0.000000 -38.239279 0.000000 0.000000 1.000000 0.000000
0.869752 0.493489 0.000000 159.447734 -0.493489 0.869752 0.000000 -38.525640 0.000000 0.000000 1.000000 0.000000
0.870813 0.491614 0.000000 159.945016 -0.491614 0.870813 0.000000 -38.821925 0.000000 0.000000 1.000000 0.000000
0.871571 0.490269 0.000000 160.447094 -0.490269 0.871571 0.000000 -39.119132 0.000000 0.000000 1.000000 0.000000
0.872014 0.489481 0.000000 160.912104 -0.489481 0.872014 0.000000 -39.395992 0.000000 0.000000 1.000000 0.000000
0.873154 0.487445 0.000000 161.401456 -0.487445 0.873154 0.000000 -39.691800 0.000000 0.000000 1.000000 0.000000
0.873831 0.486229 0.000000 161.873351 -0.486229 0.873831 0.000000 -39.966236 0.000000 0.000000 1.000000 0.000000
0.874845 0.484404 0.000000 162.371758 -0.484404 0.874845 0.000000 -40.271677 0.000000 0.000000 1.000000 0.000000
0.877479 0.479616 0.000000 162.854698 -0.479616 0.877479 0.000000 -40.562536 0.000000 0.000000 1.000000 0.000000
0.879852 0.475247 0.000000 163.351108 -0.475247 0.879852 0.000000 -40.855100 0.000000 0.000000 1.000000 0.000000
0.881837 0.471554 0.000000 163.808955 -0.471554 0.881837 0.000000 -41.119943 0.000000 0.000000 1.000000 0.000000
0.884155 0.467193 0.000000 164.299528 -0.467193 0.884155 0.000000 -41.401512 0.000000 0.000000 1.000000 0.000000
0.886639 0.462462 0.000000 164.754439 -0.462462 0.886639 0.000000 -41.657927 0.000000 0.000000 1.000000 0.000000
0.888843 0.458212 0.000000 165.251993 -0.458212 0.888843 0.000000 -41.938885 0.000000 0.000000 1.000000 0.000000
0.890309 0.455357 0.000000 165.908768 -0.455357 0.890309 0.000000 -42.298307 0.000000 0.000000 1.000000 0.000000
0.891607 0.452809 0.000000 166.410537 -0.452809 0.891607 0.000000 -42.565327 0.000000 0.000000 1.000000 0.000000
0.891674 0.452678 0.000000 166.872396 -0.452678 0.891674 0.000000 -42.809753 0.000000 0.000000 1.000000 0.000000
0.891737 0.452554 0.000000 167.377309 -0.452554 0.891737 0.000000 -43.089029 0.000000 0.000000 1.000000 0.000000
0.892984 0.450089 0.000000 168.007256 -0.450089 0.892984 0.000000 -43.420837 0.000000 0.000000 1.000000 0.000000
0.895539 0.444982 0.000000 169.003997 -0.444982 0.895539 0.000000 -43.951824 0.000000 0.000000 1.000000 0.000000
0.897055 0.441918 0.000000 169.509696 -0.441918 0.897055 0.000000 -44.208736 0.000000 0.000000 1.000000 0.000000
0.897473 0.441070 0.000000 170.019228 -0.441070 0.897473 0.000000 -44.436678 0.000000 0.000000 1.000000 0.000000
0.897565 0.440883 0.000000 170.533813 -0.440883 0.897565 0.000000 -44.729562 0.000000 0.000000 1.000000 0.000000
0.898689 0.438586 0.000000 171.031485 -0.438586 0.898689 0.000000 -44.972173 0.000000 0.000000 1.000000 0.000000
0.898718 0.438527 0.000000 171.529977 -0.438527 0.898718 0.000000 -45.212102 0.000000 0.000000 1.000000 0.000000
0.898646 0.438674 0.000000 172.049388 -0.438674 0.898646 0.000000 -45.475019 0.000000 0.000000 1.000000 0.000000
0.898572 0.438827 0.000000 172.549462 -0.438827 0.898572 0.000000 -45.724321 0.000000 0.000000 1.000000 0.000000
0.897947 0.440103 0.000000 173.009303 -0.440103 0.897947 0.000000 -45.957665 0.000000 0.000000 1.000000 0.000000
0.897621 0.440769 0.000000 173.465458 -0.440769 0.897621 0.000000 -46.195976 0.000000 0.000000 1.000000 0.000000
0.898052 0.439888 0.000000 173.958244 -0.439888 0.898052 0.000000 -46.445915 0.000000 0.000000 1.000000 0.000000
0.898823 0.438313 0.000000 174.415719 -0.438313 0.898823 0.000000 -46.674796 0.000000 0.000000 1.000000 0.000000
0.899773 0.436359 0.000000 174.909774 -0.436359 0.899773 0.000000 -46.916913 0.000000 0.000000 1.000000 0.000000
0.899966 0.435960 0.000000 175.370970 -0.435960 0.899966 0.000000 -47.145840 0.000000 0.000000 1.000000 0.000000
0.899724 0.436459 0.000000 175.850427 -0.436459 0.899724 0.000000 -47.396073 0.000000 0.000000 1.000000 0.000000
0.900774 0.434287 0.000000 176.305692 -0.434287 0.900774 0.000000 -47.625492 0.000000 0.000000 1.000000 0.000000
0.902128 0.431468 0.000000 176.793409 -0.431468 0.902128 0.000000 -47.861813 0.000000 0.000000 1.000000 0.000000
0.902646 0.430383 0.000000 177.242771 -0.430383 0.902646 0.000000 -48.074115 0.000000 0.000000 1.000000 0.000000
0.902706 0.430258 0.000000 177.725655 -0.430258 0.902706 0.000000 -48.294597 0.000000 0.000000 1.000000 0.000000
0.902310 0.431087 0.000000 178.176024 -0.431087 0.902310 0.000000 -48.499419 0.000000 0.000000 1.000000 0.000000
0.902139 0.431445 0.000000 178.653477 -0.431445 0.902139 0.000000 -48.734725 0.000000 0.000000 1.000000 0.000000
0.903527 0.428530 0.000000 179.244972 -0.428530 0.903527 0.000000 -49.035717 0.000000 0.000000 1.000000 0.000000
0.905513 0.424317 0.000000 179.721965 -0.424317 0.905513 0.000000 -49.270723 0.000000 0.000000 1.000000 0.000000
0.906650 0.421883 0.000000 180.190733 -0.421883 0.906650 0.000000 -49.491917 0.000000 0.000000 1.000000 0.000000
0.907831 0.419335 0.000000 180.641247 -0.419335 0.907831 0.000000 -49.706372 0.000000 0.000000 1.000000 0.000000
0.910184 0.414204 0.000000 181.295980 -0.414204 0.910184 0.000000 -50.016229 0.000000 0.000000 1.000000 0.000000
0.911419 0.411479 0.000000 181.769087 -0.411479 0.911419 0.000000 -50.240272 0.000000 0.000000 1.000000 0.000000
0.911950 0.410302 0.000000 182.241541 -0.410302 0.911950 0.000000 -50.453922 0.000000 0.000000 1.000000 0.000000
0.913477 0.406891 0.000000 182.712362 -0.406891 0.913477 0.000000 -50.684257 0.000000 0.000000 1.000000 0.000000
0.916068 0.401023 0.000000 183.181613 -0.401023 0.916068 0.000000 -50.896372 0.000000 0.000000 1.000000 0.000000
0.920737 0.390184 0.000000 184.148415 -0.390184 0.920737 0.000000 -51.189365 0.000000 0.000000 1.000000 0.000000
0.922738 0.385427 0.000000 184.621104 -0.385427 0.922738 0.000000 -51.376870 0.000000 0.000000 1.000000 0.000000
0.925965 0.377610 0.000000 185.085859 -0.377610 0.925965 0.000000 -51.582910 0.000000 0.000000 1.000000 0.000000
0.928784 0.370622 0.000000 185.517705 -0.370622 0.928784 0.000000 -51.760214 0.000000 0.000000 1.000000 0.000000
0.931958 0.362565 0.000000 185.971611 -0.362565 0.931958 0.000000 -51.950505 0.000000 0.000000 1.000000 0.000000
0.935251 0.353985 0.000000 186.414629 -0.353985 0.935251 0.000000 -52.121269 0.000000 0.000000 1.000000 0.000000
0.941726 0.336381 0.000000 187.300295 -0.336381 0.941726 0.000000 -52.471843 0.000000 0.000000 1.000000 0.000000
0.945348 0.326064 0.000000 187.757486 -0.326064 0.945348 0.000000 -52.640323 0.000000 0.000000 1.000000 0.000000
0.948478 0.316842 0.000000 188.190655 -0.316842 0.948478 0.000000 -52.785719 0.000000 0.000000 1.000000 0.000000
0.952969 0.303068 0.000000 188.833460 -0.303068 0.952969 0.000000 -53.008973 0.000000 0.000000 1.000000 0.000000
0.956385 0.292108 0.000000 189.285165 -0.292108 0.956385 0.000000 -53.155600 0.000000 0.000000 1.000000 0.000000
0.959644 0.281217 0.000000 189.738541 -0.281217 0.959644 0.000000 -53.303334 0.000000 0.000000 1.000000 0.000000
0.962191 0.272375 0.000000 190.153643 -0.272375 0.962191 0.000000 -53.436791 0.000000 0.000000 1.000000 0.000000
0.965623 0.259948 0.000000 190.596639 -0.259948 0.965623 0.000000 -53.579572 0.000000 0.000000 1.000000 0.000000
0.968917 0.247387 0.000000 191.049451 -0.247387 0.968917 0.000000 -53.713896 0.000000 0.000000 1.000000 0.000000
0.971433 0.237315 0.000000 191.465364 -0.237315 0.971433 0.000000 -53.835839 0.000000 0.000000 1.000000 0.000000
0.973703 0.227823 0.000000 191.907545 -0.227823 0.973703 0.000000 -53.952543 0.000000 0.000000 1.000000 0.000000
0.975754 0.218868 0.000000 192.323909 -0.218868 0.975754 0.000000 -54.055830 0.000000 0.000000 1.000000 0.000000
0.978090 0.208182 0.000000 192.762623 -0.208182 0.978090 0.000000 -54.168108 0.000000 0.000000 1.000000 0.000000
0.980429 0.196874 0.000000 193.164791 -0.196874 0.980429 0.000000 -54.280742 0.000000 0.000000 1.000000 0.000000
