1.000000 0.000413 0.000000 0.616492 -0.000413 1.000000 0.000000 -0.004976 0.000000 0.000000 1.000000 0.000000
0.999998 0.001148 0.000000 1.248243 -0.001149 0.999999 0.000000 -0.011323 0.000000 0.000000 1.000000 0.000000
0.999985 0.002033 0.000000 2.510829 -0.002029 0.999998 0.000000 -0.024500 0.000000 0.000000 1.000000 0.000000
0.999981 0.002342 0.000000 3.146598 -0.002335 0.999997 0.000000 -0.032463 0.000000 0.000000 1.000000 0.000000
0.999988 0.002373 0.000000 3.776199 -0.002364 0.999995 0.000000 -0.040626 0.000000 0.000000 1.000000 0.000000
0.999987 0.003933 0.000000 4.402913 -0.003924 0.999988 0.000000 -0.049063 0.000000 0.000000 1.000000 0.000000
0.999990 0.003943 0.000000 5.068811 -0.003938 0.999988 0.000000 -0.056393 0.000000 0.000000 1.000000 0.000000
0.999993 0.003333 0.000000 5.686013 -0.003329 0.999991 0.000000 -0.061410 0.000000 0.000000 1.000000 0.000000
0.999986 0.004908 0.000000 6.298709 -0.004904 0.999986 0.000000 -0.070580 0.000000 0.000000 1.000000 0.000000
0.999983 0.005578 0.000000 6.920451 -0.005575 0.999983 0.000000 -0.081759 0.000000 0.000000 1.000000 0.000000
0.999981 0.005986 0.000000 7.546073 -0.005981 0.999977 0.000000 -0.092974 0.000000 0.000000 1.000000 0.000000
0.999985 0.005234 0.000000 8.159960 -0.005227 0.999973 0.000000 -0.101657 0.000000 0.000000 1.000000 0.000000
0.999988 0.004648 0.000000 8.776914 -0.004639 0.999971 0.000000 -0.110800 0.000000 0.000000 1.000000 0.000000
0.999992 0.004003 0.000000 9.383675 -0.003998 0.999973 0.000000 -0.117982 0.000000 0.000000 1.000000 0.000000
0.999992 0.003861 0.000000 10.024415 -0.003864 0.999966 0.000000 -0.126095 0.000000 0.000000 1.000000 0.000000
0.999989 0.004614 0.000000 10.603195 -0.004620 0.999963 0.000000 -0.134852 0.000000 0.000000 1.000000 0.000000
0.999986 0.005237 0.000000 11.225764 -0.005241 0.999958 0.000000 -0.143532 0.000000 0.000000 1.000000 0.000000
0.999981 0.005982 0.000000 11.844258 -0.005992 0.999944 0.000000 -0.153246 0.000000 0.000000 1.000000 0.000000
0.999985 0.005515 0.000000 12.493438 -0.005510 0.999947 0.000000 -0.162999 0.000000 0.000000 1.000000 0.000000
0.999986 0.004664 0.000000 13.116962 -0.004644 0.999959 0.000000 -0.170214 0.000000 0.000000 1.000000 0.000000
0.999986 0.004363 0.000000 13.737403 -0.004344 0.999968 0.000000 -0.176151 0.000000 0.000000 1.000000 0.000000
0.999987 0.004236 0.000000 14.356022 -0.004217 0.999971 0.000000 -0.180977 0.000000 0.000000 1.000000 0.000000
0.999989 0.004430 0.000000 14.982708 -0.004418 0.999968 0.000000 -0.187913 0.000000 0.000000 1.000000 0.000000
0.999990 0.004432 0.000000 15.612065 -0.004436 0.999963 0.000000 -0.194689 0.000000 0.000000 1.000000 0.000000
0.999990 0.004411 0.000000 16.217179 -0.004420 0.999961 0.000000 -0.201357 0.000000 0.000000 1.000000 0.000000
0.999989 0.004577 0.000000 16.849595 -0.004587 0.999964 0.000000 -0.208183 0.000000 0.000000 1.000000 0.000000
0.999993 0.003706 0.000000 17.489842 -0.003705 0.999970 0.000000 -0.213385 0.000000 0.000000 1.000000 0.000000
0.999991 0.004125 0.000000 18.090324 -0.004122 0.999970 0.000000 -0.220552 0.000000 0.000000 1.000000 0.000000
0.999992 0.003920 0.000000 18.737688 -0.003912 0.999972 0.000000 -0.226709 0.000000 0.000000 1.000000 0.000000
0.999994 0.003419 0.000000 19.362267 -0.003414 0.999976 0.000000 -0.231993 0.000000 0.000000 1.000000 0.000000
0.999992 0.003900 0.000000 19.964543 -0.003903 0.999978 0.000000 -0.238770 0.000000 0.000000 1.000000 0.000000
0.999993 0.003592 0.000000 20.584505 -0.003595 0.999985 0.000000 -0.245372 0.000000 0.000000 1.000000 0.000000
0.999992 0.003697 0.000000 21.213963 -0.003706 0.999979 0.000000 -0.251682 0.000000 0.000000 1.000000 0.000000
0.999991 0.004240 0.000000 21.836495 -0.004243 0.999974 0.000000 -0.258452 0.000000 0.000000 1.000000 0.000000
0.999989 0.004613 0.000000 22.416660 -0.004619 0.999975 0.000000 -0.265381 0.000000 0.000000 1.000000 0.000000
0.999988 0.004137 0.000000 23.051060 -0.004148 0.999980 0.000000 -0.273097 0.000000 0.000000 1.000000 0.000000
0.999993 0.003389 0.000000 23.634403 -0.003399 0.999980 0.000000 -0.277808 0.000000 0.000000 1.000000 0.000000
0.999992 0.003931 0.000000 24.242739 -0.003938 0.999976 0.000000 -0.284578 0.000000 0.000000 1.000000 0.000000
0.999989 0.004649 0.000000 24.869050 -0.004655 0.999975 0.000000 -0.291849 0.000000 0.000000 1.000000 0.000000
0.999991 0.003992 0.000000 25.680918 -0.004000 0.999978 0.000000 -0.300389 0.000000 0.000000 1.000000 0.000000
0.999992 0.003614 0.000000 26.301837 -0.003621 0.999984 0.000000 -0.305525 0.000000 0.000000 1.000000 0.000000
0.999991 0.003506 0.000000 26.926320 -0.003517 0.999983 0.000000 -0.311548 0.000000 0.000000 1.000000 0.000000
0.999983 0.003619 0.000000 27.558019 -0.003642 0.999981 0.000000 -0.317924 0.000000 0.000000 1.000000 0.000000
0.999986 0.004306 0.000000 28.191810 -0.004319 0.999980 0.000000 -0.325270 0.000000 0.000000 1.000000 0.000000
0.999987 0.005178 0.000000 28.830979 -0.005178 0.999978 0.000000 -0.334068 0.000000 0.000000 1.000000 0.000000
0.999978 0.006401 0.000000 29.463894 -0.006393 0.999968 0.000000 -0.344078 0.000000 0.000000 1.000000 0.000000
0.999973 0.006935 0.000000 30.104771 -0.006924 0.999963 0.000000 -0.353635 0.000000 0.000000 1.000000 0.000000
0.999966 0.008047 0.000000 30.738262 -0.008038 0.999957 0.000000 -0.365272 0.000000 0.000000 1.000000 0.000000
0.999972 0.007455 0.000000 31.374194 -0.007453 0.999964 0.000000 -0.373149 0.000000 0.000000 1.000000 0.000000
0.999970 0.007730 0.000000 32.000664 -0.007733 0.999961 0.000000 -0.383092 0.000000 0.000000 1.000000 0.000000
0.999964 0.008529 0.000000 32.635007 -0.008530 0.999947 0.000000 -0.393593 0.000000 0.000000 1.000000 0.000000
0.999966 0.008043 0.000000 33.279552 -0.008054 0.999952 0.000000 -0.400814 0.000000 0.000000 1.000000 0.000000
0.999962 0.008703 0.000000 33.933982 -0.008708 0.999949 0.000000 -0.410985 0.000000 0.000000 1.000000 0.000000
0.999961 0.008731 0.000000 34.537877 -0.008725 0.999949 0.000000 -0.422425 0.000000 0.000000 1.000000 0.000000
0.999958 0.009112 0.000000 35.183875 -0.009108 0.999945 0.000000 -0.434258 0.000000 0.000000 1.000000 0.000000
0.999960 0.008937 0.000000 35.815440 -0.008932 0.999943 0.000000 -0.442220 0.000000 0.000000 1.000000 0.000000
0.999944 0.009753 0.000000 36.471515 -0.009784 0.999925 0.000000 -0.452768 0.000000 0.000000 1.000000 0.000000
0.999848 0.010017 0.000000 37.116088 -0.010183 0.999881 0.000000 -0.464246 0.000000 0.000000 1.000000 0.000000
0.999599 0.009824 0.000000 37.748869 -0.010238 0.999827 0.000000 -0.475842 0.000000 0.000000 1.000000 0.000000
0.999134 0.010635 0.000000 38.388329 -0.011319 0.999795 0.000000 -0.488347 0.000000 0.000000 1.000000 0.000000
0.998888 0.010899 0.000000 39.025265 -0.011711 0.999779 0.000000 -0.500245 0.000000 0.000000 1.000000 0.000000
0.999068 0.011928 0.000000 39.670811 -0.012736 0.999733 0.000000 -0.514106 0.000000 0.000000 1.000000 0.000000
0.999437 0.013238 0.000000 40.324493 -0.013925 0.999657 0.000000 -0.527975 0.000000 0.000000 1.000000 0.000000
0.999670 0.014312 0.000000 40.984574 -0.014799 0.999629 0.000000 -0.542349 0.000000 0.000000 1.000000 0.000000
0.999728 0.015227 0.000000 41.601326 -0.015613 0.999637 0.000000 -0.555181 0.000000 0.000000 1.000000 0.000000
0.999694 0.014669 0.000000 42.251257 -0.015077 0.999677 0.000000 -0.569913 0.000000 0.000000 1.000000 0.000000
0.999634 0.014761 0.000000 42.895170 -0.015224 0.999677 0.000000 -0.586836 0.000000 0.000000 1.000000 0.000000
0.999636 0.014720 0.000000 43.541272 -0.015183 0.999675 0.000000 -0.601233 0.000000 0.000000 1.000000 0.000000
0.999654 0.015299 0.000000 44.187506 -0.015765 0.999639 0.000000 -0.616801 0.000000 0.000000 1.000000 0.000000
0.999679 0.015432 0.000000 44.829598 -0.015871 0.999634 0.000000 -0.632748 0.000000 0.000000 1.000000 0.000000
0.999696 0.015127 0.000000 45.452708 -0.015540 0.999654 0.000000 -0.646795 0.000000 0.000000 1.000000 0.000000
0.999677 0.014954 0.000000 46.107071 -0.015404 0.999642 0.000000 -0.661961 0.000000 0.000000 1.000000 0.000000
0.999649 0.015129 0.000000 46.766712 -0.015619 0.999624 0.000000 -0.676289 0.000000 0.000000 1.000000 0.000000
0.999634 0.015070 0.000000 47.438614 -0.015563 0.999638 0.000000 -0.692046 0.000000 0.000000 1.000000 0.000000
0.999616 0.014914 0.000000 48.105851 -0.015427 0.999641 0.000000 -0.706665 0.000000 0.000000 1.000000 0.000000
0.999645 0.013981 0.000000 48.773169 -0.014464 0.999669 0.000000 -0.719727 0.000000 0.000000 1.000000 0.000000
0.999716 0.013098 0.000000 49.824385 -0.013485 0.999721 0.000000 -0.741165 0.000000 0.000000 1.000000 0.000000
0.999782 0.012461 0.000000 50.539217 -0.012770 0.999748 0.000000 -0.754816 0.000000 0.000000 1.000000 0.000000
0.999806 0.012284 0.000000 51.204477 -0.012535 0.999789 0.000000 -0.765924 0.000000 0.000000 1.000000 0.000000
0.999832 0.011288 0.000000 51.883135 -0.011506 0.999819 0.000000 -0.775247 0.000000 0.000000 1.000000 0.000000
0.999805 0.010600 0.000000 52.559123 -0.010840 0.999838 0.000000 -0.785003 0.000000 0.000000 1.000000 0.000000
0.999761 0.009973 0.000000 53.234661 -0.010216 0.999871 0.000000 -0.793895 0.000000 0.000000 1.000000 0.000000
0.999776 0.009720 0.000000 53.903071 -0.009894 0.999909 0.000000 -0.804178 0.000000 0.000000 1.000000 0.000000
0.999866 0.009106 0.000000 54.549132 -0.009213 0.999927 0.000000 -0.810742 0.000000 0.000000 1.000000 0.000000
0.999930 0.010110 0.000000 55.906973 -0.010165 0.999908 0.000000 -0.831179 0.000000 0.000000 1.000000 0.000000
0.999862 0.011374 0.000000 56.579570 -0.011488 0.999890 0.000000 -0.843403 0.000000 0.000000 1.000000 0.000000
0.999690 0.011637 0.000000 57.235212 -0.011825 0.999894 0.000000 -0.854177 0.000000 0.000000 1.000000 0.000000
0.999434 0.012318 0.000000 57.889569 -0.012586 0.999886 0.000000 -0.866177 0.000000 0.000000 1.000000 0.000000
0.999259 0.013306 0.000000 58.538861 -0.013635 0.999868 0.000000 -0.878902 0.000000 0.000000 1.000000 0.000000
0.999259 0.013575 0.000000 59.216692 -0.013943 0.999853 0.000000 -0.890725 0.000000 0.000000 1.000000 0.000000
0.999332 0.014520 0.000000 59.851383 -0.014876 0.999835 0.000000 -0.902284 0.000000 0.000000 1.000000 0.000000
0.999419 0.014570 0.000000 60.453874 -0.014934 0.999821 0.000000 -0.914598 0.000000 0.000000 1.000000 0.000000
0.999458 0.014988 0.000000 61.089372 -0.015346 0.999810 0.000000 -0.928352 0.000000 0.000000 1.000000 0.000000
0.999461 0.015850 0.000000 61.677392 -0.016203 0.999796 0.000000 -0.943427 0.000000 0.000000 1.000000 0.000000
0.999468 0.016490 0.000000 62.300030 -0.016862 0.999773 0.000000 -0.958547 0.000000 0.000000 1.000000 0.000000
0.999504 0.016707 0.000000 62.914120 -0.017087 0.999755 0.000000 -0.972085 0.000000 0.000000 1.000000 0.000000
0.999526 0.017326 0.000000 63.494845 -0.017701 0.999736 0.000000 -0.985472 0.000000 0.000000 1.000000 0.000000
0.999534 0.017087 0.000000 64.116573 -0.017460 0.999741 0.000000 -0.998726 0.000000 0.000000 1.000000 0.000000
0.999530 0.016339 0.000000 64.727641 -0.016725 0.999751 0.000000 -1.011230 0.000000 0.000000 1.000000 0.000000
0.999489 0.016904 0.000000 65.294662 -0.017310 0.999740 0.000000 -1.024634 0.000000 0.000000 1.000000 0.000000
0.999476 0.016584 0.000000 65.914754 -0.017016 0.999737 0.000000 -1.038056 0.000000 0.000000 1.000000 0.000000
0.999456 0.016845 0.000000 66.496002 -0.017282 0.999734 0.000000 -1.052962 0.000000 0.000000 1.000000 0.000000
0.999447 0.017779 0.000000 67.113777 -0.018223 0.999712 0.000000 -1.068011 0.000000 0.000000 1.000000 0.000000
0.999479 0.017011 0.000000 67.741114 -0.017440 0.999728 0.000000 -1.080394 0.000000 0.000000 1.000000 0.000000
0.999493 0.016357 0.000000 68.609543 -0.016761 0.999752 0.000000 -1.099938 0.000000 0.000000 1.000000 0.000000
0.999460 0.017221 0.000000 69.208763 -0.017645 0.999732 0.000000 -1.115344 0.000000 0.000000 1.000000 0.000000
0.999437 0.017291 0.000000 69.822317 -0.017749 0.999718 0.000000 -1.129438 0.000000 0.000000 1.000000 0.000000
0.999441 0.016994 0.000000 70.424438 -0.017443 0.999729 0.000000 -1.142360 0.000000 0.000000 1.000000 0.000000
0.999440 0.017259 0.000000 71.023385 -0.017738 0.999705 0.000000 -1.157771 0.000000 0.000000 1.000000 0.000000
0.999477 0.017432 0.000000 71.628960 -0.017914 0.999686 0.000000 -1.174392 0.000000 0.000000 1.000000 0.000000
0.999509 0.017584 0.000000 72.266453 -0.018000 0.999712 0.000000 -1.192475 0.000000 0.000000 1.000000 0.000000
0.999513 0.017927 0.000000 72.857434 -0.018304 0.999726 0.000000 -1.208204 0.000000 0.000000 1.000000 0.000000
0.999510 0.018463 0.000000 73.444495 -0.018836 0.999715 0.000000 -1.224607 0.000000 0.000000 1.000000 0.000000
0.999456 0.019080 0.000000 74.621738 -0.019495 0.999694 0.000000 -1.254817 0.000000 0.000000 1.000000 0.000000
0.999481 0.019239 0.000000 75.219654 -0.019638 0.999690 0.000000 -1.270630 0.000000 0.000000 1.000000 0.000000
0.999516 0.018996 0.000000 75.805674 -0.019373 0.999698 0.000000 -1.286754 0.000000 0.000000 1.000000 0.000000
0.999523 0.019161 0.000000 76.376160 -0.019550 0.999682 0.000000 -1.301511 0.000000 0.000000 1.000000 0.000000
0.999517 0.019374 0.000000 76.947622 -0.019791 0.999658 0.000000 -1.315894 0.000000 0.000000 1.000000 0.000000
0.999494 0.020074 0.000000 77.522120 -0.020511 0.999634 0.000000 -1.331993 0.000000 0.000000 1.000000 0.000000
0.999452 0.020697 0.000000 78.094034 -0.021166 0.999613 0.000000 -1.347105 0.000000 0.000000 1.000000 0.000000
0.999471 0.019773 0.000000 78.667593 -0.020262 0.999618 0.000000 -1.356944 0.000000 0.000000 1.000000 0.000000
0.999451 0.019678 0.000000 79.223803 -0.020181 0.999621 0.000000 -1.370365 0.000000 0.000000 1.000000 0.000000
0.999436 0.020153 0.000000 79.763075 -0.020673 0.999602 0.000000 -1.386049 0.000000 0.000000 1.000000 0.000000
0.999427 0.020490 0.000000 80.312718 -0.021021 0.999588 0.000000 -1.401534 0.000000 0.000000 1.000000 0.000000
0.999406 0.021635 0.000000 80.858692 -0.022145 0.999577 0.000000 -1.419354 0.000000 0.000000 1.000000 0.000000
0.999398 0.022370 0.000000 81.413269 -0.022856 0.999574 0.000000 -1.435836 0.000000 0.000000 1.000000 0.000000
0.999397 0.023457 0.000000 81.930438 -0.023902 0.999566 0.000000 -1.452080 0.000000 0.000000 1.000000 0.000000
0.999394 0.024504 0.000000 82.476678 -0.024915 0.999554 0.000000 -1.469486 0.000000 0.000000 1.000000 0.000000
0.999399 0.025563 0.000000 83.004755 -0.025952 0.999527 0.000000 -1.485112 0.000000 0.000000 1.000000 0.000000
0.999420 0.026427 0.000000 83.527067 -0.026794 0.999497 0.000000 -1.501831 0.000000 0.000000 1.000000 0.000000
0.999431 0.026818 0.000000 84.071697 -0.027177 0.999477 0.000000 -1.517876 0.000000 0.000000 1.000000 0.000000
0.999413 0.027618 0.000000 84.586595 -0.027970 0.999459 0.000000 -1.535311 0.000000 0.000000 1.000000 0.000000
0.999396 0.028352 0.000000 85.074350 -0.028690 0.999447 0.000000 -1.552366 0.000000 0.000000 1.000000 0.000000
0.999390 0.028827 0.000000 85.600517 -0.029157 0.999436 0.000000 -1.570785 0.000000 0.000000 1.000000 0.000000
0.999360 0.029179 0.000000 86.121311 -0.029545 0.999409 0.000000 -1.588161 0.000000 0.000000 1.000000 0.000000
0.999303 0.030271 0.000000 86.615119 -0.030658 0.999374 0.000000 -1.604800 0.000000 0.000000 1.000000 0.000000
0.999225 0.032067 0.000000 87.165988 -0.032456 0.999331 0.000000 -1.627357 0.000000 0.000000 1.000000 0.000000
0.999170 0.033630 0.000000 87.708324 -0.034020 0.999281 0.000000 -1.649014 0.000000 0.000000 1.000000 0.000000
0.999155 0.034497 0.000000 88.199744 -0.034873 0.999253 0.000000 -1.669247 0.000000 0.000000 1.000000 0.000000
0.999101 0.036654 0.000000 88.717029 -0.037018 0.999171 0.000000 -1.691494 0.000000 0.000000 1.000000 0.000000
0.999044 0.038107 0.000000 89.198232 -0.038456 0.999130 0.000000 -1.711432 0.000000 0.000000 1.000000 0.000000
0.998947 0.039741 0.000000 89.702733 -0.040062 0.999103 0.000000 -1.733351 0.000000 0.000000 1.000000 0.000000
0.998820 0.041807 0.000000 90.381371 -0.042111 0.999042 0.000000 -1.764455 0.000000 0.000000 1.000000 0.000000
0.998755 0.043262 0.000000 90.890909 -0.043517 0.999004 0.000000 -1.787042 0.000000 0.000000 1.000000 0.000000
0.998707 0.045180 0.000000 91.384158 -0.045401 0.998928 0.000000 -1.811552 0.000000 0.000000 1.000000 0.000000
0.998618 0.047809 0.000000 91.882052 -0.048006 0.998810 0.000000 -1.839138 0.000000 0.000000 1.000000 0.000000
0.998504 0.049794 0.000000 92.381842 -0.050008 0.998708 0.000000 -1.866007 0.000000 0.000000 1.000000 0.000000
0.998367 0.051479 0.000000 92.869694 -0.051727 0.998616 0.000000 -1.893759 0.000000 0.000000 1.000000 0.000000
0.998188 0.053116 0.000000 93.345680 -0.053392 0.998532 0.000000 -1.920702 0.000000 0.000000 1.000000 0.000000
0.997879 0.056679 0.000000 94.296642 -0.056991 0.998335 0.000000 -1.978838 0.000000 0.000000 1.000000 0.000000
0.997804 0.057990 0.000000 94.765203 -0.058313 0.998256 0.000000 -2.008571 0.000000 0.000000 1.000000 0.000000
0.997636 0.060509 0.000000 95.232273 -0.060850 0.998101 0.000000 -2.040326 0.000000 0.000000 1.000000 0.000000
0.997445 0.063234 0.000000 95.701782 -0.063588 0.997929 0.000000 -2.071214 0.000000 0.000000 1.000000 0.000000
0.997212 0.066308 0.000000 96.175636 -0.066709 0.997715 0.000000 -2.103684 0.000000 0.000000 1.000000 0.000000
0.996938 0.069403 0.000000 96.649030 -0.069797 0.997513 0.000000 -2.137774 0.000000 0.000000 1.000000 0.000000
0.996673 0.072167 0.000000 97.131415 -0.072583 0.997315 0.000000 -2.173765 0.000000 0.000000 1.000000 0.000000
0.996368 0.075356 0.000000 97.602203 -0.075829 0.997065 0.000000 -2.211561 0.000000 0.000000 1.000000 0.000000
0.996022 0.078391 0.000000 98.072251 -0.078861 0.996840 0.000000 -2.250573 0.000000 0.000000 1.000000 0.000000
0.995671 0.081819 0.000000 98.521286 -0.082316 0.996560 0.000000 -2.289988 0.000000 0.000000 1.000000 0.000000
0.995433 0.084022 0.000000 98.952338 -0.084555 0.996369 0.000000 -2.328493 0.000000 0.000000 1.000000 0.000000
0.995108 0.086769 0.000000 99.407843 -0.087365 0.996119 0.000000 -2.369340 0.000000 0.000000 1.000000 0.000000
0.994637 0.089873 0.000000 99.863957 -0.090631 0.995804 0.000000 -2.413451 0.000000 0.000000 1.000000 0.000000
0.994117 0.092861 0.000000 100.314816 -0.093654 0.995535 0.000000 -2.456870 0.000000 0.000000 1.000000 0.000000
0.993552 0.096803 0.000000 100.746537 -0.097527 0.995187 0.000000 -2.501777 0.000000 0.000000 1.000000 0.000000
0.993034 0.100291 0.000000 101.180282 -0.101079 0.994831 0.000000 -2.546862 0.000000 0.000000 1.000000 0.000000
0.992510 0.104316 0.000000 101.622754 -0.105214 0.994389 0.000000 -2.594264 0.000000 0.000000 1.000000 0.000000
0.991854 0.109154 0.000000 102.051618 -0.110230 0.993821 0.000000 -2.641082 0.000000 0.000000 1.000000 0.000000
0.991168 0.115030 0.000000 102.477888 -0.116259 0.993104 0.000000 -2.689259 0.000000 0.000000 1.000000 0.000000
0.990532 0.121158 0.000000 102.900732 -0.122314 0.992389 0.000000 -2.741022 0.000000 0.000000 1.000000 0.000000
0.989897 0.125821 0.000000 103.298188 -0.126986 0.991806 0.000000 -2.792864 0.000000 0.000000 1.000000 0.000000
0.989338 0.130245 0.000000 103.713087 -0.131296 0.991270 0.000000 -2.848929 0.000000 0.000000 1.000000 0.000000
0.988881 0.134366 0.000000 104.106631 -0.135348 0.990733 0.000000 -2.904613 0.000000 0.000000 1.000000 0.000000
0.988434 0.138556 0.000000 104.517866 -0.139617 0.990117 0.000000 -2.966043 0.000000 0.000000 1.000000 0.000000
0.988265 0.141144 0.000000 104.911560 -0.142206 0.989732 0.000000 -3.023852 0.000000 0.000000 1.000000 0.000000
0.988128 0.144056 0.000000 105.277802 -0.145072 0.989297 0.000000 -3.079514 0.000000 0.000000 1.000000 0.000000
0.987948 0.147427 0.000000 105.671830 -0.148292 0.988824 0.000000 -3.143349 0.000000 0.000000 1.000000 0.000000
0.987705 0.150847 0.000000 106.069659 -0.151559 0.988337 0.000000 -3.206156 0.000000 0.000000 1.000000 0.000000
0.987315 0.154836 0.000000 106.613812 -0.155312 0.987802 0.000000 -3.294102 0.000000 0.000000 1.000000 0.000000
0.987015 0.157379 0.000000 107.027416 -0.157621 0.987487 0.000000 -3.362283 0.000000 0.000000 1.000000 0.000000
0.986580 0.160145 0.000000 107.435759 -0.160286 0.987069 0.000000 -3.432394 0.000000 0.000000 1.000000 0.000000
0.985981 0.163111 0.000000 107.836325 -0.163253 0.986584 0.000000 -3.501207 0.000000 0.000000 1.000000 0.000000
0.985472 0.165715 0.000000 108.237479 -0.165818 0.986156 0.000000 -3.572193 0.000000 0.000000 1.000000 0.000000
0.985170 0.167103 0.000000 108.642085 -0.167235 0.985917 0.000000 -3.643849 0.000000 0.000000 1.000000 0.000000
0.984918 0.168698 0.000000 109.046248 -0.168859 0.985640 0.000000 -3.717943 0.000000 0.000000 1.000000 0.000000
0.984888 0.169280 0.000000 109.469536 -0.169394 0.985548 0.000000 -3.792898 0.000000 0.000000 1.000000 0.000000
0.984814 0.170271 0.000000 110.208387 -0.170294 0.985391 0.000000 -3.928719 0.000000 0.000000 1.000000 0.000000
0.984728 0.171014 0.000000 110.637243 -0.171004 0.985265 0.000000 -4.009298 0.000000 0.000000 1.000000 0.000000
0.984636 0.171682 0.000000 111.077617 -0.171689 0.985148 0.000000 -4.089630 0.000000 0.000000 1.000000 0.000000
0.984365 0.173215 0.000000 111.511615 -0.173306 0.984868 0.000000 -4.170684 0.000000 0.000000 1.000000 0.000000
0.984145 0.174394 0.000000 111.943211 -0.174565 0.984642 0.000000 -4.251757 0.000000 0.000000 1.000000 0.000000
0.984054 0.175042 0.000000 112.379612 -0.175247 0.984517 0.000000 -4.332793 0.000000 0.000000 1.000000 0.000000
0.984082 0.175225 0.000000 112.821434 -0.175431 0.984481 0.000000 -4.414706 0.000000 0.000000 1.000000 0.000000
0.983958 0.176250 0.000000 113.266699 -0.176439 0.984301 0.000000 -4.496745 0.000000 0.000000 1.000000 0.000000
0.983749 0.177734 0.000000 113.707216 -0.177905 0.984037 0.000000 -4.578930 0.000000 0.000000 1.000000 0.000000
0.983492 0.179490 0.000000 114.154667 -0.179644 0.983720 0.000000 -4.663820 0.000000 0.000000 1.000000 0.000000
0.983247 0.181086 0.000000 114.605977 -0.181266 0.983408 0.000000 -4.747926 0.000000 0.000000 1.000000 0.000000
0.982975 0.183097 0.000000 115.434566 -0.183273 0.983001 0.000000 -4.905059 0.000000 0.000000 1.000000 0.000000
0.982640 0.185046 0.000000 115.882425 -0.185190 0.982646 0.000000 -4.994281 0.000000 0.000000 1.000000 0.000000
0.982347 0.186686 0.000000 116.328781 -0.186812 0.982340 0.000000 -5.081949 0.000000 0.000000 1.000000 0.000000
0.982017 0.188551 0.000000 116.786908 -0.188658 0.981970 0.000000 -5.174058 0.000000 0.000000 1.000000 0.000000
0.981630 0.190644 0.000000 117.244021 -0.190741 0.981523 0.000000 -5.267524 0.000000 0.000000 1.000000 0.000000
0.981168 0.193051 0.000000 117.702591 -0.193136 0.981005 0.000000 -5.359952 0.000000 0.000000 1.000000 0.000000
0.980975 0.194091 0.000000 118.159865 -0.194132 0.980768 0.000000 -5.456089 0.000000 0.000000 1.000000 0.000000
0.980749 0.195255 0.000000 118.621978 -0.195267 0.980540 0.000000 -5.553963 0.000000 0.000000 1.000000 0.000000
0.980576 0.196120 0.000000 119.124327 -0.196135 0.980353 0.000000 -5.660098 0.000000 0.000000 1.000000 0.000000
0.980254 0.197717 0.000000 119.561460 -0.197737 0.980029 0.000000 -5.753701 0.000000 0.000000 1.000000 0.000000
0.979723 0.200326 0.000000 120.057121 -0.200358 0.979493 0.000000 -5.861275 0.000000 0.000000 1.000000 0.000000
0.979464 0.201569 0.000000 120.521487 -0.201618 0.979210 0.000000 -5.962790 0.000000 0.000000 1.000000 0.000000
0.979319 0.202278 0.000000 120.997048 -0.202320 0.979028 0.000000 -6.064362 0.000000 0.000000 1.000000 0.000000
0.979040 0.203639 0.000000 121.471187 -0.203655 0.978688 0.000000 -6.168610 0.000000 0.000000 1.000000 0.000000
0.979234 0.202716 0.000000 121.949207 -0.202709 0.978855 0.000000 -6.261729 0.000000 0.000000 1.000000 0.000000
0.979067 0.203531 0.000000 122.421601 -0.203502 0.978660 0.000000 -6.363308 0.000000 0.000000 1.000000 0.000000
0.978954 0.204072 0.000000 122.889717 -0.204048 0.978553 0.000000 -6.460929 0.000000 0.000000 1.000000 0.000000
0.978741 0.205083 0.000000 123.363698 -0.205077 0.978401 0.000000 -6.562642 0.000000 0.000000 1.000000 0.000000
0.978494 0.206246 0.000000 123.816732 -0.206271 0.978211 0.000000 -6.662654 0.000000 0.000000 1.000000 0.000000
0.978209 0.207569 0.000000 124.286642 -0.207623 0.977990 0.000000 -6.765673 0.000000 0.000000 1.000000 0.000000
0.977778 0.209564 0.000000 124.767552 -0.209639 0.977568 0.000000 -6.872711 0.000000 0.000000 1.000000 0.000000
0.977384 0.211445 0.000000 125.564558 -0.211463 0.977050 0.000000 -7.051494 0.000000 0.000000 1.000000 0.000000
0.977371 0.211529 0.000000 126.049011 -0.211486 0.977015 0.000000 -7.158328 0.000000 0.000000 1.000000 0.000000
0.977345 0.211652 0.000000 127.033673 -0.211627 0.977131 0.000000 -7.376414 0.000000 0.000000 1.000000 0.000000
0.977168 0.212455 0.000000 127.522920 -0.212460 0.977014 0.000000 -7.485557 0.000000 0.000000 1.000000 0.000000
0.976842 0.213901 0.000000 128.024200 -0.213958 0.976698 0.000000 -7.598591 0.000000 0.000000 1.000000 0.000000
0.976496 0.215400 0.000000 128.523498 -0.215511 0.976312 0.000000 -7.710734 0.000000 0.000000 1.000000 0.000000
0.976339 0.216075 0.000000 129.019767 -0.216210 0.976124 0.000000 -7.821572 0.000000 0.000000 1.000000 0.000000
0.976311 0.216215 0.000000 129.512524 -0.216337 0.976135 0.000000 -7.931493 0.000000 0.000000 1.000000 0.000000
0.976197 0.216690 0.000000 130.053973 -0.216819 0.976072 0.000000 -8.055028 0.000000 0.000000 1.000000 0.000000
0.976058 0.217288 0.000000 130.539080 -0.217413 0.975977 0.000000 -8.167444 0.000000 0.000000 1.000000 0.000000
0.975483 0.219850 0.000000 131.053779 -0.219973 0.975412 0.000000 -8.288326 0.000000 0.000000 1.000000 0.000000
0.975167 0.221316 0.000000 131.575706 -0.221417 0.975073 0.000000 -8.413137 0.000000 0.000000 1.000000 0.000000
0.974816 0.222920 0.000000 132.050110 -0.222994 0.974697 0.000000 -8.531299 0.000000 0.000000 1.000000 0.000000
0.974734 0.223311 0.000000 132.562232 -0.223365 0.974595 0.000000 -8.654496 0.000000 0.000000 1.000000 0.000000
0.974555 0.224102 0.000000 133.083389 -0.224149 0.974403 0.000000 -8.779020 0.000000 0.000000 1.000000 0.000000
0.974629 0.223794 0.000000 133.565918 -0.223826 0.974477 0.000000 -8.890858 0.000000 0.000000 1.000000 0.000000
0.974484 0.224433 0.000000 134.091870 -0.224455 0.974328 0.000000 -9.014800 0.000000 0.000000 1.000000 0.000000
0.974334 0.225082 0.000000 134.624443 -0.225106 0.974168 0.000000 -9.142435 0.000000 0.000000 1.000000 0.000000
0.973989 0.226571 0.000000 135.242335 -0.226595 0.973812 0.000000 -9.291632 0.000000 0.000000 1.000000 0.000000
0.973840 0.227207 0.000000 135.804402 -0.227236 0.973660 0.000000 -9.425443 0.000000 0.000000 1.000000 0.000000
0.973611 0.228182 0.000000 136.303250 -0.228213 0.973442 0.000000 -9.545401 0.000000 0.000000 1.000000 0.000000
0.973061 0.230513 0.000000 136.833827 -0.230546 0.972906 0.000000 -9.677115 0.000000 0.000000 1.000000 0.000000
0.972255 0.233892 0.000000 137.363446 -0.233923 0.972105 0.000000 -9.810156 0.000000 0.000000 1.000000 0.000000
0.971433 0.237288 0.000000 137.898741 -0.237312 0.971306 0.000000 -9.945873 0.000000 0.000000 1.000000 0.000000
0.968208 0.250136 0.000000 141.761709 -0.250083 0.968124 0.000000 -10.966185 0.000000 0.000000 1.000000 0.000000
0.968087 0.250596 0.000000 142.283753 -0.250531 0.968005 0.000000 -11.105676 0.000000 0.000000 1.000000 0.000000
0.967839 0.251547 0.000000 143.446187 -0.251495 0.967792 0.000000 -11.420054 0.000000 0.000000 1.000000 0.000000
0.967978 0.251006 0.000000 144.567006 -0.250971 0.967963 0.000000 -11.719727 0.000000 0.000000 1.000000 0.000000
0.967961 0.251065 0.000000 145.133252 -0.251034 0.967954 0.000000 -11.872154 0.000000 0.000000 1.000000 0.000000
0.968125 0.250417 0.000000 145.695182 -0.250387 0.968128 0.000000 -12.021470 0.000000 0.000000 1.000000 0.000000
0.968236 0.249959 0.000000 146.260851 -0.249938 0.968254 0.000000 -12.172270 0.000000 0.000000 1.000000 0.000000
0.968443 0.249165 0.000000 146.818930 -0.249160 0.968461 0.000000 -12.323052 0.000000 0.000000 1.000000 0.000000
0.968578 0.248648 0.000000 147.379649 -0.248655 0.968592 0.000000 -12.474794 0.000000 0.000000 1.000000 0.000000
0.968621 0.248485 0.000000 147.951991 -0.248500 0.968629 0.000000 -12.628987 0.000000 0.000000 1.000000 0.000000
0.968704 0.248168 0.000000 148.519099 -0.248188 0.968705 0.000000 -12.780823 0.000000 0.000000 1.000000 0.000000
0.968963 0.247157 0.000000 149.087358 -0.247177 0.968962 0.000000 -12.932748 0.000000 0.000000 1.000000 0.000000
0.969407 0.245389 0.000000 149.997807 -0.245421 0.969401 0.000000 -13.178843 0.000000 0.000000 1.000000 0.000000
0.969652 0.244440 0.000000 150.585412 -0.244472 0.969628 0.000000 -13.337438 0.000000 0.000000 1.000000 0.000000
0.969991 0.243092 0.000000 151.156294 -0.243125 0.969963 0.000000 -13.489503 0.000000 0.000000 1.000000 0.000000
0.970383 0.241519 0.000000 151.742914 -0.241551 0.970363 0.000000 -13.639518 0.000000 0.000000 1.000000 0.000000
0.970575 0.240709 0.000000 152.369068 -0.240748 0.970570 0.000000 -13.803814 0.000000 0.000000 1.000000 0.000000
0.970941 0.239164 0.000000 152.896023 -0.239210 0.970957 0.000000 -13.940182 0.000000 0.000000 1.000000 0.000000
0.971189 0.238149 0.000000 153.506400 -0.238192 0.971209 0.000000 -14.098967 0.000000 0.000000 1.000000 0.000000
0.971424 0.237227 0.000000 154.077870 -0.237261 0.971438 0.000000 -14.247554 0.000000 0.000000 1.000000 0.000000
0.971649 0.236350 0.000000 154.646788 -0.236376 0.971653 0.000000 -14.396927 0.000000 0.000000 1.000000 0.000000
0.971875 0.235425 0.000000 155.213858 -0.235451 0.971877 0.000000 -14.541068 0.000000 0.000000 1.000000 0.000000
0.971941 0.235113 0.000000 155.781345 -0.235148 0.971950 0.000000 -14.686921 0.000000 0.000000 1.000000 0.000000
0.972099 0.234393 0.000000 156.346445 -0.234441 0.972120 0.000000 -14.830854 0.000000 0.000000 1.000000 0.000000
0.972127 0.234175 0.000000 156.919196 -0.234242 0.972167 0.000000 -14.977942 0.000000 0.000000 1.000000 0.000000
0.972029 0.234459 0.000000 157.486632 -0.234555 0.972085 0.000000 -15.126853 0.000000 0.000000 1.000000 0.000000
0.972207 0.233625 0.000000 158.052957 -0.233731 0.972285 0.000000 -15.271936 0.000000 0.000000 1.000000 0.000000
0.972390 0.232857 0.000000 158.604854 -0.232956 0.972474 0.000000 -15.413557 0.000000 0.000000 1.000000 0.000000
0.972725 0.231417 0.000000 159.697457 -0.231471 0.972841 0.000000 -15.688334 0.000000 0.000000 1.000000 0.000000
0.972956 0.230448 0.000000 160.265811 -0.230476 0.973078 0.000000 -15.828219 0.000000 0.000000 1.000000 0.000000
0.973020 0.230180 0.000000 160.798154 -0.230189 0.973145 0.000000 -15.960800 0.000000 0.000000 1.000000 0.000000
0.973103 0.229891 0.000000 161.382618 -0.229898 0.973214 0.000000 -16.106572 0.000000 0.000000 1.000000 0.000000
0.973098 0.230013 0.000000 161.937918 -0.230016 0.973186 0.000000 -16.243378 0.000000 0.000000 1.000000 0.000000
0.973124 0.230124 0.000000 163.035309 -0.230108 0.973161 0.000000 -16.508620 0.000000 0.000000 1.000000 0.000000
0.973121 0.230121 0.000000 163.593790 -0.230116 0.973162 0.000000 -16.643346 0.000000 0.000000 1.000000 0.000000
0.973262 0.229518 0.000000 164.134179 -0.229511 0.973304 0.000000 -16.777081 0.000000 0.000000 1.000000 0.000000
0.973383 0.229028 0.000000 164.701248 -0.229005 0.973419 0.000000 -16.915436 0.000000 0.000000 1.000000 0.000000
0.973503 0.228494 0.000000 165.269082 -0.228461 0.973542 0.000000 -17.053803 0.000000 0.000000 1.000000 0.000000
0.973516 0.228439 0.000000 165.799368 -0.228419 0.973558 0.000000 -17.178916 0.000000 0.000000 1.000000 0.000000
0.973689 0.227719 0.000000 166.565913 -0.227692 0.973725 0.000000 -17.360850 0.000000 0.000000 1.000000 0.000000
0.973809 0.227213 0.000000 167.135176 -0.227193 0.973844 0.000000 -17.496816 0.000000 0.000000 1.000000 0.000000
0.973664 0.227838 0.000000 167.708617 -0.227822 0.973699 0.000000 -17.637204 0.000000 0.000000 1.000000 0.000000
0.973636 0.227959 0.000000 168.320828 -0.227938 0.973670 0.000000 -17.789103 0.000000 0.000000 1.000000 0.000000
0.973547 0.228343 0.000000 168.856512 -0.228331 0.973581 0.000000 -17.922274 0.000000 0.000000 1.000000 0.000000
0.973633 0.227939 0.000000 169.469988 -0.227946 0.973674 0.000000 -18.074613 0.000000 0.000000 1.000000 0.000000
0.973726 0.227531 0.000000 170.042056 -0.227546 0.973767 0.000000 -18.214618 0.000000 0.000000 1.000000 0.000000
0.973837 0.227070 0.000000 170.609148 -0.227085 0.973875 0.000000 -18.354200 0.000000 0.000000 1.000000 0.000000
0.973790 0.227288 0.000000 171.184211 -0.227303 0.973824 0.000000 -18.496496 0.000000 0.000000 1.000000 0.000000
0.973822 0.227153 0.000000 171.742837 -0.227164 0.973857 0.000000 -18.635968 0.000000 0.000000 1.000000 0.000000
0.973872 0.226947 0.000000 172.313409 -0.226949 0.973906 0.000000 -18.777585 0.000000 0.000000 1.000000 0.000000
0.974006 0.226410 0.000000 172.882916 -0.226408 0.974032 0.000000 -18.914937 0.000000 0.000000 1.000000 0.000000
0.974067 0.226174 0.000000 173.463081 -0.226173 0.974087 0.000000 -19.055661 0.000000 0.000000 1.000000 0.000000
0.974195 0.225649 0.000000 174.039801 -0.225645 0.974209 0.000000 -19.193366 0.000000 0.000000 1.000000 0.000000
0.974260 0.225383 0.000000 174.616590 -0.225373 0.974269 0.000000 -19.334618 0.000000 0.000000 1.000000 0.000000
0.974339 0.225041 0.000000 175.194512 -0.225025 0.974346 0.000000 -19.475139 0.000000 0.000000 1.000000 0.000000
0.974389 0.224808 0.000000 175.770299 -0.224780 0.974395 0.000000 -19.615400 0.000000 0.000000 1.000000 0.000000
0.974407 0.224716 0.000000 176.319747 -0.224679 0.974412 0.000000 -19.748799 0.000000 0.000000 1.000000 0.000000
0.974482 0.224393 0.000000 176.946161 -0.224352 0.974483 0.000000 -19.898214 0.000000 0.000000 1.000000 0.000000
0.974543 0.224142 0.000000 177.479277 -0.224110 0.974544 0.000000 -20.025702 0.000000 0.000000 1.000000 0.000000
0.974632 0.223763 0.000000 178.050263 -0.223736 0.974634 0.000000 -20.166138 0.000000 0.000000 1.000000 0.000000
0.974417 0.224707 0.000000 178.643054 -0.224686 0.974418 0.000000 -20.313197 0.000000 0.000000 1.000000 0.000000
0.974376 0.224889 0.000000 179.222788 -0.224871 0.974379 0.000000 -20.457176 0.000000 0.000000 1.000000 0.000000
0.974419 0.224695 0.000000 179.807664 -0.224682 0.974427 0.000000 -20.598737 0.000000 0.000000 1.000000 0.000000
0.974476 0.224442 0.000000 180.390446 -0.224433 0.974487 0.000000 -20.742085 0.000000 0.000000 1.000000 0.000000
0.974684 0.223538 0.000000 180.970955 -0.223534 0.974695 0.000000 -20.880973 0.000000 0.000000 1.000000 0.000000
0.974705 0.223443 0.000000 181.544949 -0.223439 0.974717 0.000000 -21.018731 0.000000 0.000000 1.000000 0.000000
0.974891 0.222633 0.000000 182.131265 -0.222626 0.974902 0.000000 -21.155679 0.000000 0.000000 1.000000 0.000000
0.974979 0.222254 0.000000 182.710834 -0.222249 0.974989 0.000000 -21.291064 0.000000 0.000000 1.000000 0.000000
0.975024 0.222066 0.000000 183.279127 -0.222062 0.975032 0.000000 -21.427675 0.000000 0.000000 1.000000 0.000000
0.975038 0.222025 0.000000 183.851121 -0.222019 0.975039 0.000000 -21.566618 0.000000 0.000000 1.000000 0.000000
0.975042 0.222020 0.000000 184.425180 -0.222015 0.975036 0.000000 -21.705029 0.000000 0.000000 1.000000 0.000000
0.974979 0.222296 0.000000 184.969840 -0.222295 0.974971 0.000000 -21.836527 0.000000 0.000000 1.000000 0.000000
0.975176 0.221431 0.000000 185.534133 -0.221430 0.975168 0.000000 -21.969585 0.000000 0.000000 1.000000 0.000000
0.975264 0.221043 0.000000 186.107274 -0.221039 0.975255 0.000000 -22.105721 0.000000 0.000000 1.000000 0.000000
0.975174 0.221432 0.000000 186.663495 -0.221418 0.975164 0.000000 -22.239289 0.000000 0.000000 1.000000 0.000000
0.975073 0.221855 0.000000 187.227847 -0.221829 0.975063 0.000000 -22.378378 0.000000 0.000000 1.000000 0.000000
0.975120 0.221630 0.000000 187.803961 -0.221586 0.975103 0.000000 -22.515713 0.000000 0.000000 1.000000 0.000000
0.975326 0.220711 0.000000 188.349900 -0.220655 0.975304 0.000000 -22.642683 0.000000 0.000000 1.000000 0.000000
0.975303 0.220819 0.000000 188.918608 -0.220760 0.975270 0.000000 -22.778249 0.000000 0.000000 1.000000 0.000000
0.975358 0.220594 0.000000 189.499237 -0.220541 0.975317 0.000000 -22.914733 0.000000 0.000000 1.000000 0.000000
0.975462 0.220144 0.000000 190.040675 -0.220094 0.975408 0.000000 -23.043372 0.000000 0.000000 1.000000 0.000000
0.975416 0.220333 0.000000 190.603837 -0.220261 0.975347 0.000000 -23.177298 0.000000 0.000000 1.000000 0.000000
0.975362 0.220491 0.000000 191.174793 -0.220368 0.975305 0.000000 -23.313340 0.000000 0.000000 1.000000 0.000000
0.975576 0.219433 0.000000 192.006472 -0.219292 0.975567 0.000000 -23.506333 0.000000 0.000000 1.000000 0.000000
0.975768 0.218600 0.000000 192.565065 -0.218497 0.975779 0.000000 -23.635488 0.000000 0.000000 1.000000 0.000000
0.975602 0.219477 0.000000 193.134543 -0.219436 0.975600 0.000000 -23.771340 0.000000 0.000000 1.000000 0.000000
0.975368 0.220582 0.000000 193.699241 -0.220577 0.975362 0.000000 -23.905701 0.000000 0.000000 1.000000 0.000000
0.975393 0.220470 0.000000 194.270547 -0.220472 0.975391 0.000000 -24.040044 0.000000 0.000000 1.000000 0.000000
0.975559 0.219738 0.000000 194.852333 -0.219737 0.975559 0.000000 -24.177024 0.000000 0.000000 1.000000 0.000000
0.975667 0.219200 0.000000 195.422492 -0.219200 0.975680 0.000000 -24.311416 0.000000 0.000000 1.000000 0.000000
0.975782 0.218560 0.000000 196.010413 -0.218560 0.975823 0.000000 -24.452345 0.000000 0.000000 1.000000 0.000000
0.975807 0.218401 0.000000 196.510343 -0.218379 0.975859 0.000000 -24.568980 0.000000 0.000000 1.000000 0.000000
0.975986 0.217642 0.000000 197.492029 -0.217578 0.976015 0.000000 -24.797031 0.000000 0.000000 1.000000 0.000000
0.976105 0.217118 0.000000 198.049817 -0.217034 0.976118 0.000000 -24.926885 0.000000 0.000000 1.000000 0.000000
0.976171 0.216805 0.000000 198.778150 -0.216682 0.976160 0.000000 -25.095086 0.000000 0.000000 1.000000 0.000000
0.976232 0.216441 0.000000 199.518897 -0.216256 0.976209 0.000000 -25.267117 0.000000 0.000000 1.000000 0.000000
0.976017 0.217372 0.000000 200.514241 -0.217151 0.975981 0.000000 -25.498345 0.000000 0.000000 1.000000 0.000000
0.976024 0.217375 0.000000 201.081472 -0.217141 0.975955 0.000000 -25.628071 0.000000 0.000000 1.000000 0.000000
0.975971 0.217703 0.000000 201.661157 -0.217483 0.975851 0.000000 -25.763809 0.000000 0.000000 1.000000 0.000000
0.975990 0.217669 0.000000 202.211866 -0.217461 0.975837 0.000000 -25.891860 0.000000 0.000000 1.000000 0.000000
0.976000 0.217664 0.000000 202.736718 -0.217482 0.975839 0.000000 -26.012521 0.000000 0.000000 1.000000 0.000000
0.976067 0.217381 0.000000 203.309603 -0.217206 0.975890 0.000000 -26.143831 0.000000 0.000000 1.000000 0.000000
0.976104 0.217245 0.000000 203.868177 -0.217087 0.975907 0.000000 -26.272031 0.000000 0.000000 1.000000 0.000000
0.975828 0.218517 0.000000 204.661384 -0.218398 0.975615 0.000000 -26.457629 0.000000 0.000000 1.000000 0.000000
0.975730 0.218974 0.000000 205.220004 -0.218888 0.975495 0.000000 -26.591042 0.000000 0.000000 1.000000 0.000000
0.975808 0.218627 0.000000 205.781975 -0.218557 0.975568 0.000000 -26.719805 0.000000 0.000000 1.000000 0.000000
0.975837 0.218497 0.000000 206.350110 -0.218422 0.975598 0.000000 -26.851125 0.000000 0.000000 1.000000 0.000000
0.975918 0.218134 0.000000 206.956204 -0.218054 0.975684 0.000000 -26.991487 0.000000 0.000000 1.000000 0.000000
0.975924 0.218105 0.000000 207.482207 -0.218014 0.975677 0.000000 -27.112507 0.000000 0.000000 1.000000 0.000000
0.975812 0.218600 0.000000 208.074723 -0.218492 0.975562 0.000000 -27.248135 0.000000 0.000000 1.000000 0.000000
0.975828 0.218520 0.000000 208.611036 -0.218403 0.975594 0.000000 -27.371468 0.000000 0.000000 1.000000 0.000000
0.975775 0.218750 0.000000 209.225048 -0.218621 0.975546 0.000000 -27.511951 0.000000 0.000000 1.000000 0.000000
0.975883 0.218265 0.000000 209.803593 -0.218129 0.975648 0.000000 -27.642224 0.000000 0.000000 1.000000 0.000000
0.975869 0.218326 0.000000 210.381094 -0.218188 0.975633 0.000000 -27.775111 0.000000 0.000000 1.000000 0.000000
0.975726 0.218954 0.000000 210.951352 -0.218804 0.975504 0.000000 -27.908901 0.000000 0.000000 1.000000 0.000000
0.975782 0.218669 0.000000 211.501825 -0.218491 0.975580 0.000000 -28.038867 0.000000 0.000000 1.000000 0.000000
