0.999998 0.002013 0.000000 0.631846 -0.002013 0.999998 0.000000 -0.010153 0.000000 0.000000 1.000000 0.000000
0.999989 0.004691 0.000000 1.482793 -0.004691 0.999989 0.000000 -0.035401 0.000000 0.000000 1.000000 0.000000
0.999970 0.007691 0.000000 2.049862 -0.007691 0.999970 0.000000 -0.049406 0.000000 0.000000 1.000000 0.000000
0.999959 0.009081 0.000000 2.630291 -0.009081 0.999959 0.000000 -0.060225 0.000000 0.000000 1.000000 0.000000
0.999885 0.015167 0.000000 3.224179 -0.015167 0.999885 0.000000 -0.055849 0.000000 0.000000 1.000000 0.000000
0.999767 0.021604 0.000000 3.777804 -0.021604 0.999767 0.000000 -0.062421 0.000000 0.000000 1.000000 0.000000
0.999590 0.028646 0.000000 4.349821 -0.028646 0.999590 0.000000 -0.089569 0.000000 0.000000 1.000000 0.000000
0.999366 0.035592 0.000000 4.893706 -0.035592 0.999366 0.000000 -0.111750 0.000000 0.000000 1.000000 0.000000
0.999009 0.044499 0.000000 5.614185 -0.044499 0.999009 0.000000 -0.144567 0.000000 0.000000 1.000000 0.000000
0.998734 0.050303 0.000000 6.184879 -0.050303 0.998734 0.000000 -0.188182 0.000000 0.000000 1.000000 0.000000
0.998495 0.054843 0.000000 6.752120 -0.054843 0.998495 0.000000 -0.222826 0.000000 0.000000 1.000000 0.000000
0.998155 0.060724 0.000000 7.325073 -0.060724 0.998155 0.000000 -0.257778 0.000000 0.000000 1.000000 0.000000
0.997242 0.074222 0.000000 8.455041 -0.074222 0.997242 0.000000 -0.337295 0.000000 0.000000 1.000000 0.000000
0.996896 0.078725 0.000000 8.998138 -0.078725 0.996896 0.000000 -0.359183 0.000000 0.000000 1.000000 0.000000
0.996243 0.086599 0.000000 9.566985 -0.086599 0.996243 0.000000 -0.399035 0.000000 0.000000 1.000000 0.000000
0.995411 0.095697 0.000000 10.079822 -0.095697 0.995411 0.000000 -0.435239 0.000000 0.000000 1.000000 0.000000
0.994556 0.104201 0.000000 10.643389 -0.104201 0.994556 0.000000 -0.476912 0.000000 0.000000 1.000000 0.000000
0.993727 0.111830 0.000000 11.176703 -0.111830 0.993727 0.000000 -0.522259 0.000000 0.000000 1.000000 0.000000
0.993091 0.117348 0.000000 11.720683 -0.117348 0.993091 0.000000 -0.589339 0.000000 0.000000 1.000000 0.000000
0.992233 0.124391 0.000000 12.195056 -0.124391 0.992233 0.000000 -0.658634 0.000000 0.000000 1.000000 0.000000
0.990864 0.134867 0.000000 12.941026 -0.134867 0.990864 0.000000 -0.749460 0.000000 0.000000 1.000000 0.000000
0.989275 0.146064 0.000000 13.508630 -0.146064 0.989275 0.000000 -0.814207 0.000000 0.000000 1.000000 0.000000
0.988243 0.152891 0.000000 14.049425 -0.152891 0.988243 0.000000 -0.901171 0.000000 0.000000 1.000000 0.000000
0.987429 0.158060 0.000000 14.594834 -0.158060 0.987429 0.000000 -0.991713 0.000000 0.000000 1.000000 0.000000
0.986559 0.163403 0.000000 15.139555 -0.163403 0.986559 0.000000 -1.097842 0.000000 0.000000 1.000000 0.000000
0.985400 0.170255 0.000000 15.677604 -0.170255 0.985400 0.000000 -1.208564 0.000000 0.000000 1.000000 0.000000
0.984167 0.177244 0.000000 16.194046 -0.177244 0.984167 0.000000 -1.307868 0.000000 0.000000 1.000000 0.000000
0.982935 0.183951 0.000000 16.751529 -0.183951 0.982935 0.000000 -1.424093 0.000000 0.000000 1.000000 0.000000
0.981121 0.193394 0.000000 17.262210 -0.193394 0.981121 0.000000 -1.537685 0.000000 0.000000 1.000000 0.000000
0.979527 0.201315 0.000000 17.830997 -0.201315 0.979527 0.000000 -1.655195 0.000000 0.000000 1.000000 0.000000
0.977745 0.209798 0.000000 18.539720 -0.209798 0.977745 0.000000 -1.804581 0.000000 0.000000 1.000000 0.000000
0.975751 0.218884 0.000000 19.080090 -0.218884 0.975751 0.000000 -1.940094 0.000000 0.000000 1.000000 0.000000
0.973731 0.227700 0.000000 19.656004 -0.227700 0.973731 0.000000 -2.084729 0.000000 0.000000 1.000000 0.000000
0.972014 0.234923 0.000000 20.183821 -0.234923 0.972014 0.000000 -2.214585 0.000000 0.000000 1.000000 0.000000
0.970220 0.242226 0.000000 20.723828 -0.242226 0.970220 0.000000 -2.359221 0.000000 0.000000 1.000000 0.000000
0.968671 0.248349 0.000000 21.218960 -0.248349 0.968671 0.000000 -2.482463 0.000000 0.000000 1.000000 0.000000
0.966987 0.254827 0.000000 21.780845 -0.254827 0.966987 0.000000 -2.610137 0.000000 0.000000 1.000000 0.000000
0.967407 0.253228 0.000000 22.267908 -0.253228 0.967407 0.000000 -2.713085 0.000000 0.000000 1.000000 0.000000
0.965839 0.259142 0.000000 22.784544 -0.259142 0.965839 0.000000 -2.847764 0.000000 0.000000 1.000000 0.000000
0.962652 0.270742 0.000000 23.802742 -0.270742 0.962652 0.000000 -3.134353 0.000000 0.000000 1.000000 0.000000
0.961081 0.276268 0.000000 24.262338 -0.276268 0.961081 0.000000 -3.261412 0.000000 0.000000 1.000000 0.000000
0.958827 0.283991 0.000000 24.791204 -0.283991 0.958827 0.000000 -3.400145 0.000000 0.000000 1.000000 0.000000
0.956354 0.292211 0.000000 25.464179 -0.292211 0.956354 0.000000 -3.586624 0.000000 0.000000 1.000000 0.000000
0.954467 0.298315 0.000000 25.947710 -0.298315 0.954467 0.000000 -3.716239 0.000000 0.000000 1.000000 0.000000
0.952627 0.304140 0.000000 26.418549 -0.304140 0.952627 0.000000 -3.849570 0.000000 0.000000 1.000000 0.000000
0.950120 0.311886 0.000000 26.922495 -0.311886 0.950120 0.000000 -3.997889 0.000000 0.000000 1.000000 0.000000
0.949003 0.315268 0.000000 27.393809 -0.315268 0.949003 0.000000 -4.148853 0.000000 0.000000 1.000000 0.000000
0.945722 0.324977 0.000000 28.060171 -0.324977 0.945722 0.000000 -4.370034 0.000000 0.000000 1.000000 0.000000
0.943698 0.330808 0.000000 28.565637 -0.330808 0.943698 0.000000 -4.541190 0.000000 0.000000 1.000000 0.000000
0.942306 0.334754 0.000000 29.077547 -0.334754 0.942306 0.000000 -4.725285 0.000000 0.000000 1.000000 0.000000
0.940425 0.340002 0.000000 29.563765 -0.340002 0.940425 0.000000 -4.910041 0.000000 0.000000 1.000000 0.000000
0.938816 0.344420 0.000000 30.065633 -0.344420 0.938816 0.000000 -5.107242 0.000000 0.000000 1.000000 0.000000
0.937017 0.349284 0.000000 30.561551 -0.349284 0.937017 0.000000 -5.310267 0.000000 0.000000 1.000000 0.000000
0.934465 0.356054 0.000000 31.019579 -0.356054 0.934465 0.000000 -5.495643 0.000000 0.000000 1.000000 0.000000
0.932805 0.360381 0.000000 31.532886 -0.360381 0.932805 0.000000 -5.709218 0.000000 0.000000 1.000000 0.000000
0.930815 0.365490 0.000000 32.004598 -0.365490 0.930815 0.000000 -5.911876 0.000000 0.000000 1.000000 0.000000
0.928106 0.372315 0.000000 32.494467 -0.372315 0.928106 0.000000 -6.119564 0.000000 0.000000 1.000000 0.000000
0.925418 0.378948 0.000000 32.954421 -0.378948 0.925418 0.000000 -6.322015 0.000000 0.000000 1.000000 0.000000
0.922415 0.386199 0.000000 33.429402 -0.386199 0.922415 0.000000 -6.535359 0.000000 0.000000 1.000000 0.000000
0.919154 0.393899 0.000000 33.879742 -0.393899 0.919154 0.000000 -6.741433 0.000000 0.000000 1.000000 0.000000
0.916275 0.400549 0.000000 34.367773 -0.400549 0.916275 0.000000 -6.950761 0.000000 0.000000 1.000000 0.000000
0.914548 0.404476 0.000000 34.804288 -0.404476 0.914548 0.000000 -7.138524 0.000000 0.000000 1.000000 0.000000
0.910741 0.412977 0.000000 35.483644 -0.412977 0.910741 0.000000 -7.440386 0.000000 0.000000 1.000000 0.000000
0.905827 0.423647 0.000000 36.168395 -0.423647 0.905827 0.000000 -7.761825 0.000000 0.000000 1.000000 0.000000
0.902071 0.431587 0.000000 36.629083 -0.431587 0.902071 0.000000 -7.984163 0.000000 0.000000 1.000000 0.000000
0.895568 0.444925 0.000000 37.422582 -0.444925 0.895568 0.000000 -8.393050 0.000000 0.000000 1.000000 0.000000
0.892852 0.450351 0.000000 37.856009 -0.450351 0.892852 0.000000 -8.633051 0.000000 0.000000 1.000000 0.000000
0.890604 0.454779 0.000000 38.314321 -0.454779 0.890604 0.000000 -8.871359 0.000000 0.000000 1.000000 0.000000
0.889106 0.457701 0.000000 38.726421 -0.457701 0.889106 0.000000 -9.098292 0.000000 0.000000 1.000000 0.000000
0.884541 0.466463 0.000000 39.147355 -0.466463 0.884541 0.000000 -9.314696 0.000000 0.000000 1.000000 0.000000
0.884142 0.467219 0.000000 39.621168 -0.467219 0.884142 0.000000 -9.541554 0.000000 0.000000 1.000000 0.000000
0.883848 0.467774 0.000000 40.052274 -0.467774 0.883848 0.000000 -9.710703 0.000000 0.000000 1.000000 0.000000
0.881315 0.472529 0.000000 40.533388 -0.472529 0.881315 0.000000 -9.902642 0.000000 0.000000 1.000000 0.000000
0.879726 0.475482 0.000000 40.988819 -0.475482 0.879726 0.000000 -10.113246 0.000000 0.000000 1.000000 0.000000
0.879690 0.475548 0.000000 41.457423 -0.475548 0.879690 0.000000 -10.279953 0.000000 0.000000 1.000000 0.000000
0.877231 0.480069 0.000000 41.874277 -0.480069 0.877231 0.000000 -10.507017 0.000000 0.000000 1.000000 0.000000
0.875586 0.483062 0.000000 42.295359 -0.483062 0.875586 0.000000 -10.751373 0.000000 0.000000 1.000000 0.000000
0.873587 0.486668 0.000000 42.680598 -0.486668 0.873587 0.000000 -10.978411 0.000000 0.000000 1.000000 0.000000
0.873333 0.487124 0.000000 43.077280 -0.487124 0.873333 0.000000 -11.223861 0.000000 0.000000 1.000000 0.000000
0.871148 0.491021 0.000000 43.465928 -0.491021 0.871148 0.000000 -11.433032 0.000000 0.000000 1.000000 0.000000
0.870091 0.492892 0.000000 43.886085 -0.492892 0.870091 0.000000 -11.662459 0.000000 0.000000 1.000000 0.000000
0.869685 0.493607 0.000000 44.273941 -0.493607 0.869685 0.000000 -11.863157 0.000000 0.000000 1.000000 0.000000
0.867108 0.498121 0.000000 44.659897 -0.498121 0.867108 0.000000 -12.059927 0.000000 0.000000 1.000000 0.000000
0.866667 0.498887 0.000000 45.037134 -0.498887 0.866667 0.000000 -12.253247 0.000000 0.000000 1.000000 0.000000
0.861075 0.508479 0.000000 45.425328 -0.508479 0.861075 0.000000 -12.421312 0.000000 0.000000 1.000000 0.000000
0.857875 0.513858 0.000000 45.814168 -0.513858 0.857875 0.000000 -12.614082 0.000000 0.000000 1.000000 0.000000
0.855743 0.517402 0.000000 46.202949 -0.517402 0.855743 0.000000 -12.814995 0.000000 0.000000 1.000000 0.000000
0.852811 0.522219 0.000000 46.574814 -0.522219 0.852811 0.000000 -13.026880 0.000000 0.000000 1.000000 0.000000
0.848666 0.528930 0.000000 47.090576 -0.528930 0.848666 0.000000 -13.321872 0.000000 0.000000 1.000000 0.000000
0.844060 0.536248 0.000000 47.467735 -0.536248 0.844060 0.000000 -13.523228 0.000000 0.000000 1.000000 0.000000
0.838753 0.544512 0.000000 47.817567 -0.544512 0.838753 0.000000 -13.732618 0.000000 0.000000 1.000000 0.000000
0.836007 0.548718 0.000000 48.161838 -0.548718 0.836007 0.000000 -13.959444 0.000000 0.000000 1.000000 0.000000
0.833639 0.552309 0.000000 48.507126 -0.552309 0.833639 0.000000 -14.194008 0.000000 0.000000 1.000000 0.000000
0.830332 0.557269 0.000000 48.840515 -0.557269 0.830332 0.000000 -14.408639 0.000000 0.000000 1.000000 0.000000
0.827873 0.560915 0.000000 49.157035 -0.560915 0.827873 0.000000 -14.631226 0.000000 0.000000 1.000000 0.000000
0.824770 0.565468 0.000000 49.476521 -0.565468 0.824770 0.000000 -14.875578 0.000000 0.000000 1.000000 0.000000
0.822870 0.568230 0.000000 49.788200 -0.568230 0.822870 0.000000 -15.102034 0.000000 0.000000 1.000000 0.000000
0.821412 0.570335 0.000000 50.069114 -0.570335 0.821412 0.000000 -15.342027 0.000000 0.000000 1.000000 0.000000
0.819381 0.573249 0.000000 50.359518 -0.573249 0.819381 0.000000 -15.553774 0.000000 0.000000 1.000000 0.000000
0.816951 0.576707 0.000000 50.921656 -0.576707 0.816951 0.000000 -15.976958 0.000000 0.000000 1.000000 0.000000
0.815869 0.578237 0.000000 51.178215 -0.578237 0.815869 0.000000 -16.143540 0.000000 0.000000 1.000000 0.000000
0.815014 0.579442 0.000000 51.429134 -0.579442 0.815014 0.000000 -16.314977 0.000000 0.000000 1.000000 0.000000
0.814491 0.580176 0.000000 51.667362 -0.580176 0.814491 0.000000 -16.490722 0.000000 0.000000 1.000000 0.000000
0.813978 0.580895 0.000000 51.919721 -0.580895 0.813978 0.000000 -16.694820 0.000000 0.000000 1.000000 0.000000
0.811245 0.584706 0.000000 52.167490 -0.584706 0.811245 0.000000 -16.879660 0.000000 0.000000 1.000000 0.000000
0.809133 0.587625 0.000000 52.439844 -0.587625 0.809133 0.000000 -17.090266 0.000000 0.000000 1.000000 0.000000
0.807158 0.590336 0.000000 52.687076 -0.590336 0.807158 0.000000 -17.272752 0.000000 0.000000 1.000000 0.000000
0.805938 0.592000 0.000000 52.954147 -0.592000 0.805938 0.000000 -17.446829 0.000000 0.000000 1.000000 0.000000
0.805329 0.592828 0.000000 53.195015 -0.592828 0.805329 0.000000 -17.605688 0.000000 0.000000 1.000000 0.000000
0.802015 0.597304 0.000000 53.446223 -0.597304 0.802015 0.000000 -17.755524 0.000000 0.000000 1.000000 0.000000
0.799656 0.600459 0.000000 53.704997 -0.600459 0.799656 0.000000 -17.901948 0.000000 0.000000 1.000000 0.000000
0.795125 0.606445 0.000000 54.076071 -0.606445 0.795125 0.000000 -18.154117 0.000000 0.000000 1.000000 0.000000
0.793006 0.609214 0.000000 54.341374 -0.609214 0.793006 0.000000 -18.324228 0.000000 0.000000 1.000000 0.000000
0.788546 0.614975 0.000000 54.555299 -0.614975 0.788546 0.000000 -18.482440 0.000000 0.000000 1.000000 0.000000
0.785273 0.619150 0.000000 54.724307 -0.619150 0.785273 0.000000 -18.606144 0.000000 0.000000 1.000000 0.000000
0.781406 0.624022 0.000000 54.921032 -0.624022 0.781406 0.000000 -18.730184 0.000000 0.000000 1.000000 0.000000
0.777986 0.628281 0.000000 55.131245 -0.628281 0.777986 0.000000 -18.899834 0.000000 0.000000 1.000000 0.000000
0.777530 0.628845 0.000000 55.328781 -0.628845 0.777530 0.000000 -19.057810 0.000000 0.000000 1.000000 0.000000
0.776892 0.629634 0.000000 55.534686 -0.629634 0.776892 0.000000 -19.222024 0.000000 0.000000 1.000000 0.000000
0.779116 0.626880 0.000000 55.746837 -0.626880 0.779116 0.000000 -19.380660 0.000000 0.000000 1.000000 0.000000
0.777748 0.628576 0.000000 55.936188 -0.628576 0.777748 0.000000 -19.528562 0.000000 0.000000 1.000000 0.000000
0.773318 0.634018 0.000000 56.307212 -0.634018 0.773318 0.000000 -19.827663 0.000000 0.000000 1.000000 0.000000
0.769212 0.638994 0.000000 56.488605 -0.638994 0.769212 0.000000 -19.957369 0.000000 0.000000 1.000000 0.000000
0.767589 0.640942 0.000000 56.666327 -0.640942 0.767589 0.000000 -20.101271 0.000000 0.000000 1.000000 0.000000
0.767446 0.641114 0.000000 56.828190 -0.641114 0.767446 0.000000 -20.260783 0.000000 0.000000 1.000000 0.000000
0.765928 0.642926 0.000000 56.986633 -0.642926 0.765928 0.000000 -20.385383 0.000000 0.000000 1.000000 0.000000
0.764131 0.645061 0.000000 57.132002 -0.645061 0.764131 0.000000 -20.499922 0.000000 0.000000 1.000000 0.000000
0.763489 0.645821 0.000000 57.283195 -0.645821 0.763489 0.000000 -20.634678 0.000000 0.000000 1.000000 0.000000
0.762239 0.647295 0.000000 57.429803 -0.647295 0.762239 0.000000 -20.764337 0.000000 0.000000 1.000000 0.000000
0.760118 0.649785 0.000000 57.587687 -0.649785 0.760118 0.000000 -20.883218 0.000000 0.000000 1.000000 0.000000
0.755898 0.654689 0.000000 57.900098 -0.654689 0.755898 0.000000 -21.116755 0.000000 0.000000 1.000000 0.000000
0.754082 0.656781 0.000000 58.065061 -0.656781 0.754082 0.000000 -21.222477 0.000000 0.000000 1.000000 0.000000
0.752751 0.658305 0.000000 58.231382 -0.658305 0.752751 0.000000 -21.322557 0.000000 0.000000 1.000000 0.000000
0.750125 0.661296 0.000000 58.479193 -0.661296 0.750125 0.000000 -21.516726 0.000000 0.000000 1.000000 0.000000
0.748317 0.663342 0.000000 58.634969 -0.663342 0.748317 0.000000 -21.641459 0.000000 0.000000 1.000000 0.000000
0.745412 0.666604 0.000000 58.812461 -0.666604 0.745412 0.000000 -21.752131 0.000000 0.000000 1.000000 0.000000
0.743062 0.669223 0.000000 58.982182 -0.669223 0.743062 0.000000 -21.884579 0.000000 0.000000 1.000000 0.000000
0.743770 0.668436 0.000000 59.155785 -0.668436 0.743770 0.000000 -22.001581 0.000000 0.000000 1.000000 0.000000
0.742107 0.670281 0.000000 59.320089 -0.670281 0.742107 0.000000 -22.113773 0.000000 0.000000 1.000000 0.000000
0.740963 0.671546 0.000000 59.495587 -0.671546 0.740963 0.000000 -22.223627 0.000000 0.000000 1.000000 0.000000
0.737516 0.675330 0.000000 59.812461 -0.675330 0.737516 0.000000 -22.494915 0.000000 0.000000 1.000000 0.000000
0.734944 0.678128 0.000000 59.973973 -0.678128 0.734944 0.000000 -22.624923 0.000000 0.000000 1.000000 0.000000
0.733091 0.680131 0.000000 60.128726 -0.680131 0.733091 0.000000 -22.737740 0.000000 0.000000 1.000000 0.000000
0.730632 0.682771 0.000000 60.278511 -0.682771 0.730632 0.000000 -22.841576 0.000000 0.000000 1.000000 0.000000
0.728237 0.685326 0.000000 60.429566 -0.685326 0.728237 0.000000 -22.963336 0.000000 0.000000 1.000000 0.000000
0.727141 0.686488 0.000000 60.560923 -0.686488 0.727141 0.000000 -23.085078 0.000000 0.000000 1.000000 0.000000
0.725017 0.688731 0.000000 60.690235 -0.688731 0.725017 0.000000 -23.211848 0.000000 0.000000 1.000000 0.000000
0.723333 0.690499 0.000000 60.853720 -0.690499 0.723333 0.000000 -23.340946 0.000000 0.000000 1.000000 0.000000
0.720413 0.693545 0.000000 61.018666 -0.693545 0.720413 0.000000 -23.471572 0.000000 0.000000 1.000000 0.000000
0.716628 0.697456 0.000000 61.183839 -0.697456 0.716628 0.000000 -23.592657 0.000000 0.000000 1.000000 0.000000
0.712995 0.701169 0.000000 61.373528 -0.701169 0.712995 0.000000 -23.728223 0.000000 0.000000 1.000000 0.000000
0.711029 0.703163 0.000000 61.575206 -0.703163 0.711029 0.000000 -23.863439 0.000000 0.000000 1.000000 0.000000
0.708845 0.705364 0.000000 61.804517 -0.705364 0.708845 0.000000 -24.004246 0.000000 0.000000 1.000000 0.000000
0.707252 0.706962 0.000000 61.962522 -0.706962 0.707252 0.000000 -24.120641 0.000000 0.000000 1.000000 0.000000
0.703314 0.710879 0.000000 62.158557 -0.710879 0.703314 0.000000 -24.253760 0.000000 0.000000 1.000000 0.000000
0.701116 0.713048 0.000000 62.348318 -0.713048 0.701116 0.000000 -24.366056 0.000000 0.000000 1.000000 0.000000
0.695633 0.718397 0.000000 62.624468 -0.718397 0.695633 0.000000 -24.584770 0.000000 0.000000 1.000000 0.000000
0.694204 0.719778 0.000000 62.794821 -0.719778 0.694204 0.000000 -24.732514 0.000000 0.000000 1.000000 0.000000
0.693010 0.720928 0.000000 62.968075 -0.720928 0.693010 0.000000 -24.902854 0.000000 0.000000 1.000000 0.000000
0.691512 0.722365 0.000000 63.133530 -0.722365 0.691512 0.000000 -25.079011 0.000000 0.000000 1.000000 0.000000
0.687332 0.726343 0.000000 63.494027 -0.726343 0.687332 0.000000 -25.468755 0.000000 0.000000 1.000000 0.000000
0.685506 0.728067 0.000000 63.673084 -0.728067 0.685506 0.000000 -25.653877 0.000000 0.000000 1.000000 0.000000
0.683384 0.730059 0.000000 63.837190 -0.730059 0.683384 0.000000 -25.825578 0.000000 0.000000 1.000000 0.000000
0.681422 0.731891 0.000000 64.013907 -0.731891 0.681422 0.000000 -26.014612 0.000000 0.000000 1.000000 0.000000
0.678428 0.734667 0.000000 64.257229 -0.734667 0.678428 0.000000 -26.276307 0.000000 0.000000 1.000000 0.000000
0.673208 0.739453 0.000000 64.417670 -0.739453 0.673208 0.000000 -26.445203 0.000000 0.000000 1.000000 0.000000
0.669310 0.742983 0.000000 64.582489 -0.742983 0.669310 0.000000 -26.634693 0.000000 0.000000 1.000000 0.000000
0.664397 0.747380 0.000000 64.715635 -0.747380 0.664397 0.000000 -26.832328 0.000000 0.000000 1.000000 0.000000
0.661075 0.750320 0.000000 64.847577 -0.750320 0.661075 0.000000 -27.013199 0.000000 0.000000 1.000000 0.000000
0.658652 0.752448 0.000000 64.982818 -0.752448 0.658652 0.000000 -27.201499 0.000000 0.000000 1.000000 0.000000
0.655495 0.755199 0.000000 65.128727 -0.755199 0.655495 0.000000 -27.393535 0.000000 0.000000 1.000000 0.000000
0.654493 0.756068 0.000000 65.266979 -0.756068 0.654493 0.000000 -27.574946 0.000000 0.000000 1.000000 0.000000
0.653119 0.757255 0.000000 65.408229 -0.757255 0.653119 0.000000 -27.745751 0.000000 0.000000 1.000000 0.000000
0.650877 0.759183 0.000000 65.575980 -0.759183 0.650877 0.000000 -27.939926 0.000000 0.000000 1.000000 0.000000
0.650994 0.759083 0.000000 65.736913 -0.759083 0.650994 0.000000 -28.113468 0.000000 0.000000 1.000000 0.000000
0.652154 0.758086 0.000000 65.957344 -0.758086 0.652154 0.000000 -28.365570 0.000000 0.000000 1.000000 0.000000
0.651915 0.758292 0.000000 66.134091 -0.758292 0.651915 0.000000 -28.559197 0.000000 0.000000 1.000000 0.000000
0.651477 0.758668 0.000000 66.290875 -0.758668 0.651477 0.000000 -28.751604 0.000000 0.000000 1.000000 0.000000
0.652441 0.757839 0.000000 66.431588 -0.757839 0.652441 0.000000 -28.943123 0.000000 0.000000 1.000000 0.000000
0.650986 0.759089 0.000000 66.570758 -0.759089 0.650986 0.000000 -29.131447 0.000000 0.000000 1.000000 0.000000
0.650487 0.759518 0.000000 66.694573 -0.759518 0.650487 0.000000 -29.311406 0.000000 0.000000 1.000000 0.000000
0.654482 0.756077 0.000000 66.811554 -0.756077 0.654482 0.000000 -29.490057 0.000000 0.000000 1.000000 0.000000
0.654400 0.756148 0.000000 66.939978 -0.756148 0.654400 0.000000 -29.660335 0.000000 0.000000 1.000000 0.000000
0.656628 0.754215 0.000000 67.061269 -0.754215 0.656628 0.000000 -29.826297 0.000000 0.000000 1.000000 0.000000
0.657297 0.753632 0.000000 67.186773 -0.753632 0.657297 0.000000 -29.978243 0.000000 0.000000 1.000000 0.000000
0.658052 0.752973 0.000000 67.468559 -0.752973 0.658052 0.000000 -30.312740 0.000000 0.000000 1.000000 0.000000
0.658220 0.752826 0.000000 67.615110 -0.752826 0.658220 0.000000 -30.479856 0.000000 0.000000 1.000000 0.000000
0.660484 0.750840 0.000000 67.747214 -0.750840 0.660484 0.000000 -30.638088 0.000000 0.000000 1.000000 0.000000
0.662330 0.749212 0.000000 67.872978 -0.749212 0.662330 0.000000 -30.775069 0.000000 0.000000 1.000000 0.000000
0.663450 0.748220 0.000000 68.009867 -0.748220 0.663450 0.000000 -30.900901 0.000000 0.000000 1.000000 0.000000
0.663943 0.747783 0.000000 68.141895 -0.747783 0.663943 0.000000 -31.028051 0.000000 0.000000 1.000000 0.000000
0.663860 0.747857 0.000000 68.279733 -0.747857 0.663860 0.000000 -31.166895 0.000000 0.000000 1.000000 0.000000
0.665207 0.746659 0.000000 68.516752 -0.746659 0.665207 0.000000 -31.429644 0.000000 0.000000 1.000000 0.000000
0.666705 0.745322 0.000000 68.655233 -0.745322 0.666705 0.000000 -31.573233 0.000000 0.000000 1.000000 0.000000
0.669527 0.742787 0.000000 68.791617 -0.742787 0.669527 0.000000 -31.723934 0.000000 0.000000 1.000000 0.000000
0.670050 0.742316 0.000000 68.943418 -0.742316 0.670050 0.000000 -31.858558 0.000000 0.000000 1.000000 0.000000
0.672726 0.739892 0.000000 69.090394 -0.739892 0.672726 0.000000 -32.004466 0.000000 0.000000 1.000000 0.000000
0.675227 0.737610 0.000000 69.220449 -0.737610 0.675227 0.000000 -32.152982 0.000000 0.000000 1.000000 0.000000
0.680836 0.732436 0.000000 69.481854 -0.732436 0.680836 0.000000 -32.441484 0.000000 0.000000 1.000000 0.000000
0.684193 0.729301 0.000000 69.598189 -0.729301 0.684193 0.000000 -32.559198 0.000000 0.000000 1.000000 0.000000
0.687541 0.726145 0.000000 69.719158 -0.726145 0.687541 0.000000 -32.674957 0.000000 0.000000 1.000000 0.000000
0.694296 0.719689 0.000000 69.904440 -0.719689 0.694296 0.000000 -32.854563 0.000000 0.000000 1.000000 0.000000
0.698972 0.715149 0.000000 70.173269 -0.715149 0.698972 0.000000 -33.102888 0.000000 0.000000 1.000000 0.000000
0.706226 0.707987 0.000000 70.310658 -0.707987 0.706226 0.000000 -33.238538 0.000000 0.000000 1.000000 0.000000
0.709438 0.704768 0.000000 70.394262 -0.704768 0.709438 0.000000 -33.300932 0.000000 0.000000 1.000000 0.000000
0.718971 0.695040 0.000000 70.587676 -0.695040 0.718971 0.000000 -33.481884 0.000000 0.000000 1.000000 0.000000
0.723320 0.690513 0.000000 70.687424 -0.690513 0.723320 0.000000 -33.553043 0.000000 0.000000 1.000000 0.000000
0.727586 0.686017 0.000000 70.779231 -0.686017 0.727586 0.000000 -33.613577 0.000000 0.000000 1.000000 0.000000
0.730873 0.682513 0.000000 70.870991 -0.682513 0.730873 0.000000 -33.683376 0.000000 0.000000 1.000000 0.000000
0.736239 0.676722 0.000000 71.014302 -0.676722 0.736239 0.000000 -33.789179 0.000000 0.000000 1.000000 0.000000
0.743410 0.668836 0.000000 71.186116 -0.668836 0.743410 0.000000 -33.931691 0.000000 0.000000 1.000000 0.000000
0.747262 0.664529 0.000000 71.278715 -0.664529 0.747262 0.000000 -33.987451 0.000000 0.000000 1.000000 0.000000
0.750703 0.660640 0.000000 71.369337 -0.660640 0.750703 0.000000 -34.039714 0.000000 0.000000 1.000000 0.000000
0.754185 0.656662 0.000000 71.467613 -0.656662 0.754185 0.000000 -34.070323 0.000000 0.000000 1.000000 0.000000
0.757580 0.652742 0.000000 71.581498 -0.652742 0.757580 0.000000 -34.118161 0.000000 0.000000 1.000000 0.000000
0.759577 0.650418 0.000000 71.671556 -0.650418 0.759577 0.000000 -34.152644 0.000000 0.000000 1.000000 0.000000
0.766523 0.642217 0.000000 71.814163 -0.642217 0.766523 0.000000 -34.258199 0.000000 0.000000 1.000000 0.000000
0.768825 0.639459 0.000000 71.871646 -0.639459 0.768825 0.000000 -34.303850 0.000000 0.000000 1.000000 0.000000
0.771921 0.635719 0.000000 71.924821 -0.635719 0.771921 0.000000 -34.353957 0.000000 0.000000 1.000000 0.000000
0.773496 0.633801 0.000000 71.977746 -0.633801 0.773496 0.000000 -34.391886 0.000000 0.000000 1.000000 0.000000
0.776945 0.629568 0.000000 72.039590 -0.629568 0.776945 0.000000 -34.430763 0.000000 0.000000 1.000000 0.000000
0.778498 0.627647 0.000000 72.077800 -0.627647 0.778498 0.000000 -34.457738 0.000000 0.000000 1.000000 0.000000
0.780220 0.625505 0.000000 72.111659 -0.625505 0.780220 0.000000 -34.486024 0.000000 0.000000 1.000000 0.000000
0.781778 0.623557 0.000000 72.167088 -0.623557 0.781778 0.000000 -34.515964 0.000000 0.000000 1.000000 0.000000
0.783278 0.621671 0.000000 72.186886 -0.621671 0.783278 0.000000 -34.527274 0.000000 0.000000 1.000000 0.000000
0.783903 0.620883 0.000000 72.201284 -0.620883 0.783903 0.000000 -34.536552 0.000000 0.000000 1.000000 0.000000
0.784442 0.620202 0.000000 72.211405 -0.620202 0.784442 0.000000 -34.541328 0.000000 0.000000 1.000000 0.000000
0.785617 0.618712 0.000000 72.230450 -0.618712 0.785617 0.000000 -34.546913 0.000000 0.000000 1.000000 0.000000
0.786650 0.617400 0.000000 72.245766 -0.617400 0.786650 0.000000 -34.544699 0.000000 0.000000 1.000000 0.000000
0.786918 0.617058 0.000000 72.265222 -0.617058 0.786918 0.000000 -34.547374 0.000000 0.000000 1.000000 0.000000
0.787133 0.616784 0.000000 72.276492 -0.616784 0.787133 0.000000 -34.554148 0.000000 0.000000 1.000000 0.000000
0.788873 0.614557 0.000000 72.283364 -0.614557 0.788873 0.000000 -34.571940 0.000000 0.000000 1.000000 0.000000
0.788304 0.615286 0.000000 72.288599 -0.615286 0.788304 0.000000 -34.568831 0.000000 0.000000 1.000000 0.000000
0.789213 0.614120 0.000000 72.295075 -0.614120 0.789213 0.000000 -34.572490 0.000000 0.000000 1.000000 0.000000
0.789099 0.614266 0.000000 72.304415 -0.614266 0.789099 0.000000 -34.574302 0.000000 0.000000 1.000000 0.000000
0.788194 0.615427 0.000000 72.312792 -0.615427 0.788194 0.000000 -34.570520 0.000000 0.000000 1.000000 0.000000
0.788030 0.615637 0.000000 72.315399 -0.615637 0.788030 0.000000 -34.562757 0.000000 0.000000 1.000000 0.000000
0.787722 0.616031 0.000000 72.322934 -0.616031 0.787722 0.000000 -34.558981 0.000000 0.000000 1.000000 0.000000
0.788816 0.614629 0.000000 72.326364 -0.614629 0.788816 0.000000 -34.551154 0.000000 0.000000 1.000000 0.000000
0.788836 0.614603 0.000000 72.331286 -0.614603 0.788836 0.000000 -34.548633 0.000000 0.000000 1.000000 0.000000
0.788042 0.615622 0.000000 72.334936 -0.615622 0.788042 0.000000 -34.540920 0.000000 0.000000 1.000000 0.000000
0.787890 0.615815 0.000000 72.342095 -0.615815 0.787890 0.000000 -34.536356 0.000000 0.000000 1.000000 0.000000
0.787991 0.615687 0.000000 72.344146 -0.615687 0.787991 0.000000 -34.534964 0.000000 0.000000 1.000000 0.000000
0.787970 0.615714 0.000000 72.344718 -0.615714 0.787970 0.000000 -34.532657 0.000000 0.000000 1.000000 0.000000
0.787963 0.615723 0.000000 72.344771 -0.615723 0.787963 0.000000 -34.527146 0.000000 0.000000 1.000000 0.000000
0.787882 0.615826 0.000000 72.345776 -0.615826 0.787882 0.000000 -34.526352 0.000000 0.000000 1.000000 0.000000
0.787694 0.616066 0.000000 72.347869 -0.616066 0.787694 0.000000 -34.521277 0.000000 0.000000 1.000000 0.000000
0.787501 0.616313 0.000000 72.348845 -0.616313 0.787501 0.000000 -34.518501 0.000000 0.000000 1.000000 0.000000
0.787419 0.616418 0.000000 72.351829 -0.616418 0.787419 0.000000 -34.518591 0.000000 0.000000 1.000000 0.000000
0.787420 0.616416 0.000000 72.352780 -0.616416 0.787420 0.000000 -34.518690 0.000000 0.000000 1.000000 0.000000
0.787397 0.616446 0.000000 72.357675 -0.616446 0.787397 0.000000 -34.517985 0.000000 0.000000 1.000000 0.000000
0.787393 0.616452 0.000000 72.358311 -0.616452 0.787393 0.000000 -34.518665 0.000000 0.000000 1.000000 0.000000
0.787352 0.616504 0.000000 72.357526 -0.616504 0.787352 0.000000 -34.517933 0.000000 0.000000 1.000000 0.000000
0.787264 0.616616 0.000000 72.357902 -0.616616 0.787264 0.000000 -34.515644 0.000000 0.000000 1.000000 0.000000
0.787242 0.616644 0.000000 72.357936 -0.616644 0.787242 0.000000 -34.518347 0.000000 0.000000 1.000000 0.000000
0.787091 0.616837 0.000000 72.357681 -0.616837 0.787091 0.000000 -34.521999 0.000000 0.000000 1.000000 0.000000
0.786972 0.616989 0.000000 72.356928 -0.616989 0.786972 0.000000 -34.524245 0.000000 0.000000 1.000000 0.000000
0.786924 0.617050 0.000000 72.356217 -0.617050 0.786924 0.000000 -34.524932 0.000000 0.000000 1.000000 0.000000
0.786882 0.617104 0.000000 72.354812 -0.617104 0.786882 0.000000 -34.529001 0.000000 0.000000 1.000000 0.000000
0.786918 0.617058 0.000000 72.351016 -0.617058 0.786918 0.000000 -34.531493 0.000000 0.000000 1.000000 0.000000
0.786887 0.617098 0.000000 72.348831 -0.617098 0.786887 0.000000 -34.532050 0.000000 0.000000 1.000000 0.000000
0.786819 0.617184 0.000000 72.346630 -0.617184 0.786819 0.000000 -34.536189 0.000000 0.000000 1.000000 0.000000
0.786734 0.617292 0.000000 72.345515 -0.617292 0.786734 0.000000 -34.540392 0.000000 0.000000 1.000000 0.000000
0.786730 0.617298 0.000000 72.343383 -0.617298 0.786730 0.000000 -34.544310 0.000000 0.000000 1.000000 0.000000
0.786697 0.617340 0.000000 72.343640 -0.617340 0.786697 0.000000 -34.544278 0.000000 0.000000 1.000000 0.000000
0.786739 0.617286 0.000000 72.344857 -0.617286 0.786739 0.000000 -34.543648 0.000000 0.000000 1.000000 0.000000
0.786738 0.617288 0.000000 72.346052 -0.617288 0.786738 0.000000 -34.543430 0.000000 0.000000 1.000000 0.000000
0.786735 0.617291 0.000000 72.347231 -0.617291 0.786735 0.000000 -34.543816 0.000000 0.000000 1.000000 0.000000
0.786723 0.617307 0.000000 72.347987 -0.617307 0.786723 0.000000 -34.542099 0.000000 0.000000 1.000000 0.000000
0.786826 0.617175 0.000000 72.348711 -0.617175 0.786826 0.000000 -34.541146 0.000000 0.000000 1.000000 0.000000
0.787226 0.616665 0.000000 72.347429 -0.616665 0.787226 0.000000 -34.540046 0.000000 0.000000 1.000000 0.000000
0.787148 0.616764 0.000000 72.347196 -0.616764 0.787148 0.000000 -34.538937 0.000000 0.000000 1.000000 0.000000
0.787088 0.616840 0.000000 72.347280 -0.616840 0.787088 0.000000 -34.537983 0.000000 0.000000 1.000000 0.000000
0.787108 0.616815 0.000000 72.345245 -0.616815 0.787108 0.000000 -34.536565 0.000000 0.000000 1.000000 0.000000
0.787185 0.616717 0.000000 72.343213 -0.616717 0.787185 0.000000 -34.534694 0.000000 0.000000 1.000000 0.000000
0.787420 0.616417 0.000000 72.337360 -0.616417 0.787420 0.000000 -34.535684 0.000000 0.000000 1.000000 0.000000
0.787436 0.616397 0.000000 72.336222 -0.616397 0.787436 0.000000 -34.533046 0.000000 0.000000 1.000000 0.000000
0.787319 0.616546 0.000000 72.331409 -0.616546 0.787319 0.000000 -34.532991 0.000000 0.000000 1.000000 0.000000
0.786821 0.617181 0.000000 72.331110 -0.617181 0.786821 0.000000 -34.531935 0.000000 0.000000 1.000000 0.000000
0.786384 0.617738 0.000000 72.330578 -0.617738 0.786384 0.000000 -34.530344 0.000000 0.000000 1.000000 0.000000
0.785000 0.619495 0.000000 72.335251 -0.619495 0.785000 0.000000 -34.531618 0.000000 0.000000 1.000000 0.000000
0.784971 0.619533 0.000000 72.332277 -0.619533 0.784971 0.000000 -34.527377 0.000000 0.000000 1.000000 0.000000
0.785074 0.619402 0.000000 72.333712 -0.619402 0.785074 0.000000 -34.524553 0.000000 0.000000 1.000000 0.000000
0.785304 0.619111 0.000000 72.326529 -0.619111 0.785304 0.000000 -34.526241 0.000000 0.000000 1.000000 0.000000
0.786219 0.617947 0.000000 72.311674 -0.617947 0.786219 0.000000 -34.526611 0.000000 0.000000 1.000000 0.000000
0.786965 0.616997 0.000000 72.297302 -0.616997 0.786965 0.000000 -34.532602 0.000000 0.000000 1.000000 0.000000
0.787497 0.616319 0.000000 72.291205 -0.616319 0.787497 0.000000 -34.539777 0.000000 0.000000 1.000000 0.000000
0.787753 0.615991 0.000000 72.280657 -0.615991 0.787753 0.000000 -34.542849 0.000000 0.000000 1.000000 0.000000
0.787793 0.615941 0.000000 72.275093 -0.615941 0.787793 0.000000 -34.546110 0.000000 0.000000 1.000000 0.000000
0.787989 0.615689 0.000000 72.265711 -0.615689 0.787989 0.000000 -34.547633 0.000000 0.000000 1.000000 0.000000
0.787982 0.615699 0.000000 72.264879 -0.615699 0.787982 0.000000 -34.548166 0.000000 0.000000 1.000000 0.000000
0.787922 0.615775 0.000000 72.266965 -0.615775 0.787922 0.000000 -34.549296 0.000000 0.000000 1.000000 0.000000
0.787890 0.615817 0.000000 72.265709 -0.615817 0.787890 0.000000 -34.549651 0.000000 0.000000 1.000000 0.000000
0.787701 0.616058 0.000000 72.265234 -0.616058 0.787701 0.000000 -34.551106 0.000000 0.000000 1.000000 0.000000
0.787803 0.615928 0.000000 72.262695 -0.615928 0.787803 0.000000 -34.550544 0.000000 0.000000 1.000000 0.000000
0.787822 0.615903 0.000000 72.260892 -0.615903 0.787822 0.000000 -34.549432 0.000000 0.000000 1.000000 0.000000
0.787793 0.615941 0.000000 72.257341 -0.615941 0.787793 0.000000 -34.548865 0.000000 0.000000 1.000000 0.000000
0.787962 0.615724 0.000000 72.256670 -0.615724 0.787962 0.000000 -34.548113 0.000000 0.000000 1.000000 0.000000
0.788310 0.615278 0.000000 72.256362 -0.615278 0.788310 0.000000 -34.545774 0.000000 0.000000 1.000000 0.000000
0.788964 0.614439 0.000000 72.253336 -0.614439 0.788964 0.000000 -34.544210 0.000000 0.000000 1.000000 0.000000
0.789480 0.613777 0.000000 72.248476 -0.613777 0.789480 0.000000 -34.548022 0.000000 0.000000 1.000000 0.000000
0.789152 0.614199 0.000000 72.244318 -0.614199 0.789152 0.000000 -34.548146 0.000000 0.000000 1.000000 0.000000
0.787965 0.615720 0.000000 72.243872 -0.615720 0.787965 0.000000 -34.549138 0.000000 0.000000 1.000000 0.000000
0.785678 0.618635 0.000000 72.252036 -0.618635 0.785678 0.000000 -34.542772 0.000000 0.000000 1.000000 0.000000
0.784062 0.620683 0.000000 72.267013 -0.620683 0.784062 0.000000 -34.546704 0.000000 0.000000 1.000000 0.000000
0.782925 0.622116 0.000000 72.283016 -0.622116 0.782925 0.000000 -34.542051 0.000000 0.000000 1.000000 0.000000
0.781336 0.624111 0.000000 72.297356 -0.624111 0.781336 0.000000 -34.531273 0.000000 0.000000 1.000000 0.000000
0.780020 0.625754 0.000000 72.294180 -0.625754 0.780020 0.000000 -34.514154 0.000000 0.000000 1.000000 0.000000
0.778824 0.627242 0.000000 72.302628 -0.627242 0.778824 0.000000 -34.509830 0.000000 0.000000 1.000000 0.000000
0.777986 0.628282 0.000000 72.301342 -0.628282 0.777986 0.000000 -34.519118 0.000000 0.000000 1.000000 0.000000
0.777942 0.628336 0.000000 72.311871 -0.628336 0.777942 0.000000 -34.535715 0.000000 0.000000 1.000000 0.000000
0.778114 0.628123 0.000000 72.311992 -0.628123 0.778114 0.000000 -34.548329 0.000000 0.000000 1.000000 0.000000
0.778837 0.627226 0.000000 72.312638 -0.627226 0.778837 0.000000 -34.557022 0.000000 0.000000 1.000000 0.000000
0.779832 0.625989 0.000000 72.302643 -0.625989 0.779832 0.000000 -34.568736 0.000000 0.000000 1.000000 0.000000
0.781499 0.623907 0.000000 72.301996 -0.623907 0.781499 0.000000 -34.582018 0.000000 0.000000 1.000000 0.000000
0.782500 0.622651 0.000000 72.300044 -0.622651 0.782500 0.000000 -34.597079 0.000000 0.000000 1.000000 0.000000
0.782969 0.622061 0.000000 72.298146 -0.622061 0.782969 0.000000 -34.610918 0.000000 0.000000 1.000000 0.000000
0.783337 0.621597 0.000000 72.296474 -0.621597 0.783337 0.000000 -34.621232 0.000000 0.000000 1.000000 0.000000
0.783389 0.621532 0.000000 72.280889 -0.621532 0.783389 0.000000 -34.622673 0.000000 0.000000 1.000000 0.000000
0.783220 0.621745 0.000000 72.269140 -0.621745 0.783220 0.000000 -34.636224 0.000000 0.000000 1.000000 0.000000
0.783294 0.621651 0.000000 72.275841 -0.621651 0.783294 0.000000 -34.666304 0.000000 0.000000 1.000000 0.000000
0.784953 0.619555 0.000000 72.282633 -0.619555 0.784953 0.000000 -34.695940 0.000000 0.000000 1.000000 0.000000
0.785602 0.618732 0.000000 72.295573 -0.618732 0.785602 0.000000 -34.709261 0.000000 0.000000 1.000000 0.000000
0.786737 0.617288 0.000000 72.300890 -0.617288 0.786737 0.000000 -34.722210 0.000000 0.000000 1.000000 0.000000
0.787947 0.615743 0.000000 72.304132 -0.615743 0.787947 0.000000 -34.732460 0.000000 0.000000 1.000000 0.000000
0.790264 0.612766 0.000000 72.308167 -0.612766 0.790264 0.000000 -34.744833 0.000000 0.000000 1.000000 0.000000
0.791512 0.611153 0.000000 72.312054 -0.611153 0.791512 0.000000 -34.758915 0.000000 0.000000 1.000000 0.000000
0.792172 0.610298 0.000000 72.311268 -0.610298 0.792172 0.000000 -34.762902 0.000000 0.000000 1.000000 0.000000
0.792471 0.609909 0.000000 72.315471 -0.609909 0.792471 0.000000 -34.763688 0.000000 0.000000 1.000000 0.000000
0.791972 0.610557 0.000000 72.316397 -0.610557 0.791972 0.000000 -34.764182 0.000000 0.000000 1.000000 0.000000
0.791686 0.610928 0.000000 72.311499 -0.610928 0.791686 0.000000 -34.755446 0.000000 0.000000 1.000000 0.000000
0.790984 0.611837 0.000000 72.307677 -0.611837 0.790984 0.000000 -34.756807 0.000000 0.000000 1.000000 0.000000
0.790933 0.611902 0.000000 72.302409 -0.611902 0.790933 0.000000 -34.763008 0.000000 0.000000 1.000000 0.000000
0.790719 0.612179 0.000000 72.300953 -0.612179 0.790719 0.000000 -34.771688 0.000000 0.000000 1.000000 0.000000
0.790960 0.611868 0.000000 72.296425 -0.611868 0.790960 0.000000 -34.779467 0.000000 0.000000 1.000000 0.000000
0.791579 0.611067 0.000000 72.290403 -0.611067 0.791579 0.000000 -34.786426 0.000000 0.000000 1.000000 0.000000
0.792102 0.610389 0.000000 72.284734 -0.610389 0.792102 0.000000 -34.789190 0.000000 0.000000 1.000000 0.000000
0.792330 0.610093 0.000000 72.280727 -0.610093 0.792330 0.000000 -34.783585 0.000000 0.000000 1.000000 0.000000
0.792385 0.610021 0.000000 72.282810 -0.610021 0.792385 0.000000 -34.778465 0.000000 0.000000 1.000000 0.000000
0.792902 0.609350 0.000000 72.283913 -0.609350 0.792902 0.000000 -34.772712 0.000000 0.000000 1.000000 0.000000
0.793106 0.609084 0.000000 72.286096 -0.609084 0.793106 0.000000 -34.770124 0.000000 0.000000 1.000000 0.000000
0.794237 0.607608 0.000000 72.290113 -0.607608 0.794237 0.000000 -34.768738 0.000000 0.000000 1.000000 0.000000
0.794343 0.607469 0.000000 72.294549 -0.607469 0.794343 0.000000 -34.763119 0.000000 0.000000 1.000000 0.000000
0.794644 0.607075 0.000000 72.300348 -0.607075 0.794644 0.000000 -34.754423 0.000000 0.000000 1.000000 0.000000
0.795330 0.606177 0.000000 72.305297 -0.606177 0.795330 0.000000 -34.752472 0.000000 0.000000 1.000000 0.000000
0.795358 0.606141 0.000000 72.310813 -0.606141 0.795358 0.000000 -34.748958 0.000000 0.000000 1.000000 0.000000
0.795585 0.605841 0.000000 72.314030 -0.605841 0.795585 0.000000 -34.745347 0.000000 0.000000 1.000000 0.000000
0.795606 0.605814 0.000000 72.315159 -0.605814 0.795606 0.000000 -34.740499 0.000000 0.000000 1.000000 0.000000
0.795572 0.605858 0.000000 72.316141 -0.605858 0.795572 0.000000 -34.737890 0.000000 0.000000 1.000000 0.000000
0.795773 0.605595 0.000000 72.316015 -0.605595 0.795773 0.000000 -34.734657 0.000000 0.000000 1.000000 0.000000
0.795596 0.605827 0.000000 72.316079 -0.605827 0.795596 0.000000 -34.732612 0.000000 0.000000 1.000000 0.000000
0.796387 0.604787 0.000000 72.314878 -0.604787 0.796387 0.000000 -34.731047 0.000000 0.000000 1.000000 0.000000
0.796576 0.604539 0.000000 72.314416 -0.604539 0.796576 0.000000 -34.729334 0.000000 0.000000 1.000000 0.000000
0.796848 0.604180 0.000000 72.317313 -0.604180 0.796848 0.000000 -34.725185 0.000000 0.000000 1.000000 0.000000
0.797205 0.603709 0.000000 72.317914 -0.603709 0.797205 0.000000 -34.718923 0.000000 0.000000 1.000000 0.000000
0.797301 0.603581 0.000000 72.321946 -0.603581 0.797301 0.000000 -34.714291 0.000000 0.000000 1.000000 0.000000
0.797193 0.603725 0.000000 72.328119 -0.603725 0.797193 0.000000 -34.709651 0.000000 0.000000 1.000000 0.000000
