1.000000 0.000398 0.000000 0.625389 -0.000398 1.000000 0.000000 -0.002132 0.000000 0.000000 1.000000 0.000000
0.999997 -0.002297 0.000000 1.248208 0.002297 0.999997 0.000000 -0.011516 0.000000 0.000000 1.000000 0.000000
0.999981 -0.006222 0.000000 2.506730 0.006222 0.999981 0.000000 -0.026595 0.000000 0.000000 1.000000 0.000000
0.999982 -0.005957 0.000000 3.117215 0.005957 0.999982 0.000000 -0.033088 0.000000 0.000000 1.000000 0.000000
0.999990 -0.004515 0.000000 3.755155 0.004515 0.999990 0.000000 -0.034577 0.000000 0.000000 1.000000 0.000000
0.999997 -0.002640 0.000000 4.385441 0.002640 0.999997 0.000000 -0.024291 0.000000 0.000000 1.000000 0.000000
0.999995 -0.003137 0.000000 5.055735 0.003137 0.999995 0.000000 -0.030958 0.000000 0.000000 1.000000 0.000000
0.999997 -0.002275 0.000000 5.693631 0.002275 0.999997 0.000000 -0.029188 0.000000 0.000000 1.000000 0.000000
0.999999 -0.001209 0.000000 6.330361 0.001209 0.999999 0.000000 -0.016773 0.000000 0.000000 1.000000 0.000000
0.999999 -0.001283 0.000000 6.957305 0.001283 0.999999 0.000000 -0.010359 0.000000 0.000000 1.000000 0.000000
0.999998 -0.001745 0.000000 7.589406 0.001745 0.999998 0.000000 -0.008872 0.000000 0.000000 1.000000 0.000000
1.000000 -0.000771 0.000000 8.214452 0.000771 1.000000 0.000000 -0.006060 0.000000 0.000000 1.000000 0.000000
1.000000 0.000842 0.000000 8.843606 -0.000842 1.000000 0.000000 -0.014707 0.000000 0.000000 1.000000 0.000000
1.000000 0.000432 0.000000 9.458665 -0.000432 1.000000 0.000000 -0.036326 0.000000 0.000000 1.000000 0.000000
0.999999 0.001663 0.000000 10.111684 -0.001663 0.999999 0.000000 -0.048914 0.000000 0.000000 1.000000 0.000000
0.999999 0.001457 0.000000 10.695877 -0.001457 0.999999 0.000000 -0.061250 0.000000 0.000000 1.000000 0.000000
0.999998 0.001981 0.000000 11.318237 -0.001981 0.999998 0.000000 -0.074645 0.000000 0.000000 1.000000 0.000000
0.999996 0.002760 0.000000 11.938680 -0.002760 0.999996 0.000000 -0.102513 0.000000 0.000000 1.000000 0.000000
0.999999 0.001447 0.000000 12.568121 -0.001447 0.999999 0.000000 -0.129565 0.000000 0.000000 1.000000 0.000000
1.000000 0.000281 0.000000 13.187124 -0.000281 1.000000 0.000000 -0.145126 0.000000 0.000000 1.000000 0.000000
1.000000 -0.000576 0.000000 13.804327 0.000576 1.000000 0.000000 -0.164788 0.000000 0.000000 1.000000 0.000000
0.999999 -0.001518 0.000000 14.436247 0.001518 0.999999 0.000000 -0.191517 0.000000 0.000000 1.000000 0.000000
1.000000 -0.000622 0.000000 15.086638 0.000622 1.000000 0.000000 -0.214028 0.000000 0.000000 1.000000 0.000000
0.999995 -0.003086 0.000000 15.737159 0.003086 0.999995 0.000000 -0.232925 0.000000 0.000000 1.000000 0.000000
0.999995 -0.003221 0.000000 16.369413 0.003221 0.999995 0.000000 -0.250922 0.000000 0.000000 1.000000 0.000000
0.999989 -0.004639 0.000000 17.013228 0.004639 0.999989 0.000000 -0.267416 0.000000 0.000000 1.000000 0.000000
0.999996 -0.002657 0.000000 17.651390 0.002657 0.999996 0.000000 -0.278159 0.000000 0.000000 1.000000 0.000000
1.000000 -0.000347 0.000000 18.229943 0.000347 1.000000 0.000000 -0.301062 0.000000 0.000000 1.000000 0.000000
0.999997 -0.002386 0.000000 18.860308 0.002386 0.999997 0.000000 -0.333881 0.000000 0.000000 1.000000 0.000000
0.999990 -0.004539 0.000000 19.476620 0.004539 0.999990 0.000000 -0.358486 0.000000 0.000000 1.000000 0.000000
0.999982 -0.005966 0.000000 20.084833 0.005966 0.999982 0.000000 -0.383131 0.000000 0.000000 1.000000 0.000000
0.999985 -0.005516 0.000000 20.708355 0.005516 0.999985 0.000000 -0.405491 0.000000 0.000000 1.000000 0.000000
0.999989 -0.004707 0.000000 21.342968 0.004707 0.999989 0.000000 -0.424789 0.000000 0.000000 1.000000 0.000000
0.999990 -0.004426 0.000000 21.982289 0.004426 0.999990 0.000000 -0.444987 0.000000 0.000000 1.000000 0.000000
0.999996 -0.002820 0.000000 22.596686 0.002820 0.999996 0.000000 -0.471459 0.000000 0.000000 1.000000 0.000000
0.999999 0.001412 0.000000 23.229705 -0.001412 0.999999 0.000000 -0.502597 0.000000 0.000000 1.000000 0.000000
0.999995 0.003270 0.000000 23.835034 -0.003270 0.999995 0.000000 -0.533906 0.000000 0.000000 1.000000 0.000000
0.999994 0.003484 0.000000 24.466171 -0.003484 0.999994 0.000000 -0.561335 0.000000 0.000000 1.000000 0.000000
0.999998 0.002231 0.000000 25.099040 -0.002231 0.999998 0.000000 -0.586405 0.000000 0.000000 1.000000 0.000000
0.999999 0.001185 0.000000 25.911429 -0.001185 0.999999 0.000000 -0.630066 0.000000 0.000000 1.000000 0.000000
0.999998 0.001787 0.000000 26.535364 -0.001787 0.999998 0.000000 -0.656820 0.000000 0.000000 1.000000 0.000000
0.999997 0.002559 0.000000 27.171867 -0.002559 0.999997 0.000000 -0.666477 0.000000 0.000000 1.000000 0.000000
0.999995 0.003240 0.000000 27.825900 -0.003240 0.999995 0.000000 -0.688962 0.000000 0.000000 1.000000 0.000000
0.999993 0.003748 0.000000 28.470677 -0.003748 0.999993 0.000000 -0.713247 0.000000 0.000000 1.000000 0.000000
0.999998 0.001851 0.000000 29.101786 -0.001851 0.999998 0.000000 -0.737696 0.000000 0.000000 1.000000 0.000000
0.999993 0.003625 0.000000 29.737408 -0.003625 0.999993 0.000000 -0.758068 0.000000 0.000000 1.000000 0.000000
0.999988 0.004885 0.000000 30.396691 -0.004885 0.999988 0.000000 -0.780904 0.000000 0.000000 1.000000 0.000000
0.999976 0.006874 0.000000 31.036578 -0.006874 0.999976 0.000000 -0.799105 0.000000 0.000000 1.000000 0.000000
0.999978 0.006585 0.000000 31.682167 -0.006585 0.999978 0.000000 -0.831633 0.000000 0.000000 1.000000 0.000000
0.999965 0.008385 0.000000 32.312813 -0.008385 0.999965 0.000000 -0.858047 0.000000 0.000000 1.000000 0.000000
0.999977 0.006728 0.000000 32.948360 -0.006728 0.999977 0.000000 -0.896324 0.000000 0.000000 1.000000 0.000000
0.999975 0.007043 0.000000 33.590150 -0.007043 0.999975 0.000000 -0.936551 0.000000 0.000000 1.000000 0.000000
0.999972 0.007509 0.000000 34.225718 -0.007509 0.999972 0.000000 -0.965432 0.000000 0.000000 1.000000 0.000000
0.999983 0.005835 0.000000 34.818796 -0.005835 0.999983 0.000000 -1.003491 0.000000 0.000000 1.000000 0.000000
0.999979 0.006480 0.000000 35.477447 -0.006480 0.999979 0.000000 -1.036870 0.000000 0.000000 1.000000 0.000000
0.999961 0.008813 0.000000 36.111435 -0.008813 0.999961 0.000000 -1.059544 0.000000 0.000000 1.000000 0.000000
0.999968 0.008048 0.000000 36.757603 -0.008048 0.999968 0.000000 -1.091395 0.000000 0.000000 1.000000 0.000000
0.999984 0.005740 0.000000 37.400862 -0.005740 0.999984 0.000000 -1.123251 0.000000 0.000000 1.000000 0.000000
0.999981 0.006179 0.000000 38.029590 -0.006179 0.999981 0.000000 -1.150541 0.000000 0.000000 1.000000 0.000000
0.999972 0.007491 0.000000 38.664971 -0.007491 0.999972 0.000000 -1.182957 0.000000 0.000000 1.000000 0.000000
0.999969 0.007927 0.000000 39.312899 -0.007927 0.999969 0.000000 -1.210354 0.000000 0.000000 1.000000 0.000000
0.999967 0.008158 0.000000 39.965066 -0.008158 0.999967 0.000000 -1.236812 0.000000 0.000000 1.000000 0.000000
0.999948 0.010240 0.000000 40.602623 -0.010240 0.999948 0.000000 -1.274524 0.000000 0.000000 1.000000 0.000000
0.999948 0.010234 0.000000 41.271853 -0.010234 0.999948 0.000000 -1.317359 0.000000 0.000000 1.000000 0.000000
0.999966 0.008307 0.000000 41.904514 -0.008307 0.999966 0.000000 -1.367078 0.000000 0.000000 1.000000 0.000000
0.999944 0.010628 0.000000 42.562406 -0.010628 0.999944 0.000000 -1.402439 0.000000 0.000000 1.000000 0.000000
0.999936 0.011295 0.000000 43.225117 -0.011295 0.999936 0.000000 -1.446032 0.000000 0.000000 1.000000 0.000000
0.999912 0.013229 0.000000 43.871148 -0.013229 0.999912 0.000000 -1.488832 0.000000 0.000000 1.000000 0.000000
0.999959 0.009032 0.000000 44.510173 -0.009032 0.999959 0.000000 -1.526720 0.000000 0.000000 1.000000 0.000000
0.999979 0.006479 0.000000 45.139813 -0.006479 0.999979 0.000000 -1.566854 0.000000 0.000000 1.000000 0.000000
0.999979 0.006516 0.000000 45.729401 -0.006516 0.999979 0.000000 -1.582699 0.000000 0.000000 1.000000 0.000000
0.999974 0.007177 0.000000 46.364297 -0.007177 0.999974 0.000000 -1.591687 0.000000 0.000000 1.000000 0.000000
0.999956 0.009392 0.000000 47.006703 -0.009392 0.999956 0.000000 -1.605888 0.000000 0.000000 1.000000 0.000000
0.999949 0.010079 0.000000 47.652395 -0.010079 0.999949 0.000000 -1.625018 0.000000 0.000000 1.000000 0.000000
0.999964 0.008443 0.000000 48.304104 -0.008443 0.999964 0.000000 -1.642645 0.000000 0.000000 1.000000 0.000000
0.999987 0.005075 0.000000 48.958049 -0.005075 0.999987 0.000000 -1.652412 0.000000 0.000000 1.000000 0.000000
0.999976 0.006875 0.000000 49.962707 -0.006875 0.999976 0.000000 -1.680147 0.000000 0.000000 1.000000 0.000000
0.999991 0.004251 0.000000 50.617021 -0.004251 0.999991 0.000000 -1.691676 0.000000 0.000000 1.000000 0.000000
0.999975 0.007125 0.000000 51.223165 -0.007125 0.999975 0.000000 -1.697463 0.000000 0.000000 1.000000 0.000000
0.999982 0.006048 0.000000 51.874650 -0.006048 0.999982 0.000000 -1.708983 0.000000 0.000000 1.000000 0.000000
0.999985 0.005563 0.000000 52.517019 -0.005563 0.999985 0.000000 -1.721795 0.000000 0.000000 1.000000 0.000000
0.999990 0.004466 0.000000 53.170064 -0.004466 0.999990 0.000000 -1.732139 0.000000 0.000000 1.000000 0.000000
0.999984 0.005643 0.000000 53.817326 -0.005643 0.999984 0.000000 -1.743033 0.000000 0.000000 1.000000 0.000000
0.999990 0.004478 0.000000 54.478816 -0.004478 0.999990 0.000000 -1.755982 0.000000 0.000000 1.000000 0.000000
0.999996 0.002944 0.000000 55.828328 -0.002944 0.999996 0.000000 -1.785017 0.000000 0.000000 1.000000 0.000000
0.999996 0.002701 0.000000 56.483421 -0.002701 0.999996 0.000000 -1.793228 0.000000 0.000000 1.000000 0.000000
1.000000 -0.000644 0.000000 57.118274 0.000644 1.000000 0.000000 -1.808229 0.000000 0.000000 1.000000 0.000000
1.000000 -0.000306 0.000000 57.780135 0.000306 1.000000 0.000000 -1.819178 0.000000 0.000000 1.000000 0.000000
0.999998 0.001959 0.000000 58.420260 -0.001959 0.999998 0.000000 -1.837925 0.000000 0.000000 1.000000 0.000000
0.999992 0.004067 0.000000 59.086647 -0.004067 0.999992 0.000000 -1.857876 0.000000 0.000000 1.000000 0.000000
0.999990 0.004490 0.000000 59.732203 -0.004490 0.999990 0.000000 -1.871308 0.000000 0.000000 1.000000 0.000000
0.999985 0.005488 0.000000 60.325593 -0.005488 0.999985 0.000000 -1.883903 0.000000 0.000000 1.000000 0.000000
0.999986 0.005214 0.000000 60.934584 -0.005214 0.999986 0.000000 -1.910675 0.000000 0.000000 1.000000 0.000000
0.999984 0.005666 0.000000 61.499676 -0.005666 0.999984 0.000000 -1.935403 0.000000 0.000000 1.000000 0.000000
0.999980 0.006327 0.000000 62.126221 -0.006327 0.999980 0.000000 -1.956974 0.000000 0.000000 1.000000 0.000000
0.999976 0.006993 0.000000 62.744398 -0.006993 0.999976 0.000000 -1.983372 0.000000 0.000000 1.000000 0.000000
0.999977 0.006781 0.000000 63.330102 -0.006781 0.999977 0.000000 -2.005405 0.000000 0.000000 1.000000 0.000000
0.999969 0.007902 0.000000 63.951102 -0.007902 0.999969 0.000000 -2.026728 0.000000 0.000000 1.000000 0.000000
0.999983 0.005801 0.000000 64.565066 -0.005801 0.999983 0.000000 -2.055653 0.000000 0.000000 1.000000 0.000000
0.999983 0.005799 0.000000 65.131332 -0.005799 0.999983 0.000000 -2.084887 0.000000 0.000000 1.000000 0.000000
0.999990 0.004395 0.000000 65.735297 -0.004395 0.999990 0.000000 -2.110478 0.000000 0.000000 1.000000 0.000000
0.999990 0.004483 0.000000 66.299023 -0.004483 0.999990 0.000000 -2.127661 0.000000 0.000000 1.000000 0.000000
0.999970 0.007692 0.000000 66.892638 -0.007692 0.999970 0.000000 -2.143977 0.000000 0.000000 1.000000 0.000000
0.999968 0.008012 0.000000 67.461917 -0.008012 0.999968 0.000000 -2.164196 0.000000 0.000000 1.000000 0.000000
0.999969 0.007815 0.000000 68.277901 -0.007815 0.999969 0.000000 -2.192582 0.000000 0.000000 1.000000 0.000000
0.999962 0.008695 0.000000 68.841804 -0.008695 0.999962 0.000000 -2.212668 0.000000 0.000000 1.000000 0.000000
0.999955 0.009506 0.000000 69.440955 -0.009506 0.999955 0.000000 -2.237862 0.000000 0.000000 1.000000 0.000000
0.999966 0.008187 0.000000 70.026303 -0.008187 0.999966 0.000000 -2.258243 0.000000 0.000000 1.000000 0.000000
0.999972 0.007549 0.000000 70.607532 -0.007549 0.999972 0.000000 -2.281343 0.000000 0.000000 1.000000 0.000000
0.999988 0.004808 0.000000 71.204347 -0.004808 0.999988 0.000000 -2.294514 0.000000 0.000000 1.000000 0.000000
0.999996 0.002937 0.000000 71.833603 -0.002937 0.999996 0.000000 -2.310116 0.000000 0.000000 1.000000 0.000000
0.999997 0.002597 0.000000 72.429208 -0.002597 0.999997 0.000000 -2.319809 0.000000 0.000000 1.000000 0.000000
0.999999 0.001495 0.000000 73.027284 -0.001495 0.999999 0.000000 -2.334996 0.000000 0.000000 1.000000 0.000000
0.999990 0.004479 0.000000 74.204674 -0.004479 0.999990 0.000000 -2.378834 0.000000 0.000000 1.000000 0.000000
0.999996 0.002816 0.000000 74.781707 -0.002816 0.999996 0.000000 -2.401448 0.000000 0.000000 1.000000 0.000000
0.999987 0.005075 0.000000 75.361320 -0.005075 0.999987 0.000000 -2.425499 0.000000 0.000000 1.000000 0.000000
0.999985 0.005439 0.000000 75.937524 -0.005439 0.999985 0.000000 -2.456489 0.000000 0.000000 1.000000 0.000000
0.999984 0.005628 0.000000 76.526225 -0.005628 0.999984 0.000000 -2.481869 0.000000 0.000000 1.000000 0.000000
0.999971 0.007670 0.000000 77.106089 -0.007670 0.999971 0.000000 -2.500835 0.000000 0.000000 1.000000 0.000000
0.999979 0.006519 0.000000 77.680760 -0.006519 0.999979 0.000000 -2.520756 0.000000 0.000000 1.000000 0.000000
0.999990 0.004436 0.000000 78.242388 -0.004436 0.999990 0.000000 -2.527666 0.000000 0.000000 1.000000 0.000000
0.999993 0.003748 0.000000 78.788542 -0.003748 0.999993 0.000000 -2.540224 0.000000 0.000000 1.000000 0.000000
0.999986 0.005221 0.000000 79.336380 -0.005221 0.999986 0.000000 -2.552389 0.000000 0.000000 1.000000 0.000000
0.999987 0.005048 0.000000 79.879810 -0.005048 0.999987 0.000000 -2.571698 0.000000 0.000000 1.000000 0.000000
0.999990 0.004457 0.000000 80.407573 -0.004457 0.999990 0.000000 -2.588994 0.000000 0.000000 1.000000 0.000000
0.999990 0.004441 0.000000 80.927180 -0.004441 0.999990 0.000000 -2.621455 0.000000 0.000000 1.000000 0.000000
0.999980 0.006342 0.000000 81.434986 -0.006342 0.999980 0.000000 -2.653275 0.000000 0.000000 1.000000 0.000000
0.999969 0.007846 0.000000 81.978595 -0.007846 0.999969 0.000000 -2.678488 0.000000 0.000000 1.000000 0.000000
0.999945 0.010504 0.000000 82.502870 -0.010504 0.999945 0.000000 -2.707838 0.000000 0.000000 1.000000 0.000000
0.999916 0.012931 0.000000 83.011258 -0.012931 0.999916 0.000000 -2.730134 0.000000 0.000000 1.000000 0.000000
0.999917 0.012909 0.000000 83.548114 -0.012909 0.999917 0.000000 -2.757566 0.000000 0.000000 1.000000 0.000000
0.999925 0.012213 0.000000 84.081929 -0.012213 0.999925 0.000000 -2.788209 0.000000 0.000000 1.000000 0.000000
0.999928 0.011997 0.000000 84.575276 -0.011997 0.999928 0.000000 -2.818212 0.000000 0.000000 1.000000 0.000000
0.999921 0.012550 0.000000 85.094967 -0.012550 0.999921 0.000000 -2.852787 0.000000 0.000000 1.000000 0.000000
0.999891 0.014731 0.000000 85.606332 -0.014731 0.999891 0.000000 -2.886354 0.000000 0.000000 1.000000 0.000000
0.999910 0.013410 0.000000 86.105363 -0.013410 0.999910 0.000000 -2.916245 0.000000 0.000000 1.000000 0.000000
0.999908 0.013578 0.000000 86.642991 -0.013578 0.999908 0.000000 -2.947205 0.000000 0.000000 1.000000 0.000000
0.999892 0.014680 0.000000 87.154756 -0.014680 0.999892 0.000000 -2.969226 0.000000 0.000000 1.000000 0.000000
0.999864 0.016469 0.000000 87.641664 -0.016469 0.999864 0.000000 -2.992392 0.000000 0.000000 1.000000 0.000000
0.999848 0.017421 0.000000 88.157008 -0.017421 0.999848 0.000000 -3.023555 0.000000 0.000000 1.000000 0.000000
0.999841 0.017845 0.000000 88.651890 -0.017845 0.999841 0.000000 -3.045771 0.000000 0.000000 1.000000 0.000000
0.999798 0.020112 0.000000 89.174564 -0.020112 0.999798 0.000000 -3.078139 0.000000 0.000000 1.000000 0.000000
0.999793 0.020337 0.000000 89.836020 -0.020337 0.999793 0.000000 -3.104227 0.000000 0.000000 1.000000 0.000000
0.999711 0.024035 0.000000 90.351443 -0.024035 0.999711 0.000000 -3.117184 0.000000 0.000000 1.000000 0.000000
0.999659 0.026129 0.000000 90.847732 -0.026129 0.999659 0.000000 -3.131354 0.000000 0.000000 1.000000 0.000000
0.999628 0.027260 0.000000 91.341731 -0.027260 0.999628 0.000000 -3.151795 0.000000 0.000000 1.000000 0.000000
0.999648 0.026543 0.000000 91.860106 -0.026543 0.999648 0.000000 -3.174878 0.000000 0.000000 1.000000 0.000000
0.999680 0.025302 0.000000 92.378281 -0.025302 0.999680 0.000000 -3.197399 0.000000 0.000000 1.000000 0.000000
0.999641 0.026780 0.000000 92.875609 -0.026780 0.999641 0.000000 -3.215136 0.000000 0.000000 1.000000 0.000000
0.999534 0.030514 0.000000 93.860139 -0.030514 0.999534 0.000000 -3.259693 0.000000 0.000000 1.000000 0.000000
0.999491 0.031888 0.000000 94.373510 -0.031888 0.999491 0.000000 -3.267084 0.000000 0.000000 1.000000 0.000000
0.999371 0.035457 0.000000 94.867554 -0.035457 0.999371 0.000000 -3.285467 0.000000 0.000000 1.000000 0.000000
0.999298 0.037467 0.000000 95.344586 -0.037467 0.999298 0.000000 -3.312278 0.000000 0.000000 1.000000 0.000000
0.999264 0.038350 0.000000 95.834006 -0.038350 0.999264 0.000000 -3.335019 0.000000 0.000000 1.000000 0.000000
0.999149 0.041254 0.000000 96.311523 -0.041254 0.999149 0.000000 -3.339091 0.000000 0.000000 1.000000 0.000000
0.999074 0.043034 0.000000 96.811314 -0.043034 0.999074 0.000000 -3.370159 0.000000 0.000000 1.000000 0.000000
0.998889 0.047129 0.000000 97.286962 -0.047129 0.998889 0.000000 -3.390456 0.000000 0.000000 1.000000 0.000000
0.998737 0.050248 0.000000 97.780413 -0.050248 0.998737 0.000000 -3.406511 0.000000 0.000000 1.000000 0.000000
0.998595 0.052985 0.000000 98.288232 -0.052985 0.998595 0.000000 -3.421058 0.000000 0.000000 1.000000 0.000000
0.998449 0.055675 0.000000 98.724471 -0.055675 0.998449 0.000000 -3.440433 0.000000 0.000000 1.000000 0.000000
0.998325 0.057864 0.000000 99.189997 -0.057864 0.998325 0.000000 -3.471177 0.000000 0.000000 1.000000 0.000000
0.998121 0.061272 0.000000 99.635202 -0.061272 0.998121 0.000000 -3.497646 0.000000 0.000000 1.000000 0.000000
0.998085 0.061851 0.000000 100.081630 -0.061851 0.998085 0.000000 -3.530421 0.000000 0.000000 1.000000 0.000000
0.997879 0.065098 0.000000 100.500586 -0.065098 0.997879 0.000000 -3.569368 0.000000 0.000000 1.000000 0.000000
0.997764 0.066830 0.000000 100.931237 -0.066830 0.997764 0.000000 -3.587364 0.000000 0.000000 1.000000 0.000000
0.997202 0.074759 0.000000 101.349348 -0.074759 0.997202 0.000000 -3.603884 0.000000 0.000000 1.000000 0.000000
0.996978 0.077685 0.000000 101.786215 -0.077685 0.996978 0.000000 -3.624885 0.000000 0.000000 1.000000 0.000000
0.996708 0.081077 0.000000 102.193141 -0.081077 0.996708 0.000000 -3.650687 0.000000 0.000000 1.000000 0.000000
0.996688 0.081319 0.000000 102.605098 -0.081319 0.996688 0.000000 -3.677650 0.000000 0.000000 1.000000 0.000000
0.996410 0.084663 0.000000 103.001567 -0.084663 0.996410 0.000000 -3.706445 0.000000 0.000000 1.000000 0.000000
0.996483 0.083790 0.000000 103.430542 -0.083790 0.996483 0.000000 -3.742986 0.000000 0.000000 1.000000 0.000000
0.995873 0.090759 0.000000 103.840300 -0.090759 0.995873 0.000000 -3.755166 0.000000 0.000000 1.000000 0.000000
0.995524 0.094509 0.000000 104.262894 -0.094509 0.995524 0.000000 -3.792118 0.000000 0.000000 1.000000 0.000000
0.995528 0.094472 0.000000 104.653749 -0.094472 0.995528 0.000000 -3.854647 0.000000 0.000000 1.000000 0.000000
0.995186 0.098001 0.000000 105.035418 -0.098001 0.995186 0.000000 -3.895278 0.000000 0.000000 1.000000 0.000000
0.994770 0.102137 0.000000 105.450091 -0.102137 0.994770 0.000000 -3.932581 0.000000 0.000000 1.000000 0.000000
0.994250 0.107081 0.000000 105.859321 -0.107081 0.994250 0.000000 -3.974246 0.000000 0.000000 1.000000 0.000000
0.993852 0.110715 0.000000 106.426904 -0.110715 0.993852 0.000000 -4.052713 0.000000 0.000000 1.000000 0.000000
0.993567 0.113243 0.000000 106.841550 -0.113243 0.993567 0.000000 -4.104649 0.000000 0.000000 1.000000 0.000000
0.993326 0.115338 0.000000 107.256243 -0.115338 0.993326 0.000000 -4.154698 0.000000 0.000000 1.000000 0.000000
0.993132 0.117003 0.000000 107.704382 -0.117003 0.993132 0.000000 -4.179127 0.000000 0.000000 1.000000 0.000000
0.992857 0.119310 0.000000 108.136689 -0.119310 0.992857 0.000000 -4.221900 0.000000 0.000000 1.000000 0.000000
0.992813 0.119677 0.000000 108.563382 -0.119677 0.992813 0.000000 -4.263820 0.000000 0.000000 1.000000 0.000000
0.992744 0.120250 0.000000 108.993373 -0.120250 0.992744 0.000000 -4.305686 0.000000 0.000000 1.000000 0.000000
0.992426 0.122844 0.000000 109.422824 -0.122844 0.992426 0.000000 -4.339194 0.000000 0.000000 1.000000 0.000000
0.991585 0.129454 0.000000 110.170735 -0.129454 0.991585 0.000000 -4.411963 0.000000 0.000000 1.000000 0.000000
0.991546 0.129755 0.000000 110.581517 -0.129755 0.991546 0.000000 -4.454429 0.000000 0.000000 1.000000 0.000000
0.991682 0.128716 0.000000 111.011859 -0.128716 0.991682 0.000000 -4.488003 0.000000 0.000000 1.000000 0.000000
0.991783 0.127929 0.000000 111.416438 -0.127929 0.991783 0.000000 -4.528823 0.000000 0.000000 1.000000 0.000000
0.991913 0.126917 0.000000 111.816229 -0.126917 0.991913 0.000000 -4.564545 0.000000 0.000000 1.000000 0.000000
0.991456 0.130440 0.000000 112.225249 -0.130440 0.991456 0.000000 -4.606092 0.000000 0.000000 1.000000 0.000000
0.991620 0.129188 0.000000 112.619248 -0.129188 0.991620 0.000000 -4.664994 0.000000 0.000000 1.000000 0.000000
0.991743 0.128240 0.000000 113.049808 -0.128240 0.991743 0.000000 -4.720381 0.000000 0.000000 1.000000 0.000000
0.991735 0.128300 0.000000 113.491000 -0.128300 0.991735 0.000000 -4.788967 0.000000 0.000000 1.000000 0.000000
0.991596 0.129370 0.000000 113.946937 -0.129370 0.991596 0.000000 -4.858538 0.000000 0.000000 1.000000 0.000000
0.991085 0.133233 0.000000 114.401240 -0.133233 0.991085 0.000000 -4.926073 0.000000 0.000000 1.000000 0.000000
0.991117 0.132993 0.000000 115.215899 -0.132993 0.991117 0.000000 -5.057186 0.000000 0.000000 1.000000 0.000000
0.991230 0.132151 0.000000 115.654563 -0.132151 0.991230 0.000000 -5.139739 0.000000 0.000000 1.000000 0.000000
0.991180 0.132526 0.000000 116.109152 -0.132526 0.991180 0.000000 -5.220315 0.000000 0.000000 1.000000 0.000000
0.991047 0.133512 0.000000 116.555321 -0.133512 0.991047 0.000000 -5.308178 0.000000 0.000000 1.000000 0.000000
0.990804 0.135303 0.000000 117.008612 -0.135303 0.990804 0.000000 -5.400832 0.000000 0.000000 1.000000 0.000000
0.990713 0.135969 0.000000 117.459698 -0.135969 0.990713 0.000000 -5.491672 0.000000 0.000000 1.000000 0.000000
0.990631 0.136566 0.000000 117.903734 -0.136566 0.990631 0.000000 -5.579555 0.000000 0.000000 1.000000 0.000000
0.990166 0.139900 0.000000 118.364868 -0.139900 0.990166 0.000000 -5.682232 0.000000 0.000000 1.000000 0.000000
0.989619 0.143712 0.000000 118.870574 -0.143712 0.989619 0.000000 -5.796146 0.000000 0.000000 1.000000 0.000000
0.989125 0.147077 0.000000 119.333453 -0.147077 0.989125 0.000000 -5.875253 0.000000 0.000000 1.000000 0.000000
0.989177 0.146726 0.000000 119.856405 -0.146726 0.989177 0.000000 -5.977996 0.000000 0.000000 1.000000 0.000000
0.988969 0.148125 0.000000 120.350250 -0.148125 0.988969 0.000000 -6.070951 0.000000 0.000000 1.000000 0.000000
0.988593 0.150614 0.000000 120.842787 -0.150614 0.988593 0.000000 -6.158721 0.000000 0.000000 1.000000 0.000000
0.988876 0.148739 0.000000 121.333775 -0.148739 0.988876 0.000000 -6.270500 0.000000 0.000000 1.000000 0.000000
0.988347 0.152215 0.000000 121.836853 -0.152215 0.988347 0.000000 -6.361432 0.000000 0.000000 1.000000 0.000000
0.987984 0.154556 0.000000 122.348502 -0.154556 0.987984 0.000000 -6.480347 0.000000 0.000000 1.000000 0.000000
0.987359 0.158498 0.000000 122.859625 -0.158498 0.987359 0.000000 -6.595166 0.000000 0.000000 1.000000 0.000000
0.986298 0.164975 0.000000 123.334512 -0.164975 0.986298 0.000000 -6.713825 0.000000 0.000000 1.000000 0.000000
0.985981 0.166855 0.000000 123.794664 -0.166855 0.985981 0.000000 -6.843711 0.000000 0.000000 1.000000 0.000000
0.985926 0.167182 0.000000 124.250010 -0.167182 0.985926 0.000000 -6.969013 0.000000 0.000000 1.000000 0.000000
0.985652 0.168792 0.000000 124.725840 -0.168792 0.985652 0.000000 -7.090313 0.000000 0.000000 1.000000 0.000000
0.985604 0.169070 0.000000 125.513978 -0.169070 0.985604 0.000000 -7.277890 0.000000 0.000000 1.000000 0.000000
0.985696 0.168532 0.000000 126.019200 -0.168532 0.985696 0.000000 -7.411926 0.000000 0.000000 1.000000 0.000000
0.987728 0.156187 0.000000 127.020355 -0.156187 0.987728 0.000000 -7.625950 0.000000 0.000000 1.000000 0.000000
0.987785 0.155821 0.000000 127.512541 -0.155821 0.987785 0.000000 -7.726308 0.000000 0.000000 1.000000 0.000000
0.987958 0.154723 0.000000 128.015010 -0.154723 0.987958 0.000000 -7.832166 0.000000 0.000000 1.000000 0.000000
0.987846 0.155436 0.000000 128.507716 -0.155436 0.987846 0.000000 -7.937657 0.000000 0.000000 1.000000 0.000000
0.988056 0.154095 0.000000 128.980930 -0.154095 0.988056 0.000000 -8.030669 0.000000 0.000000 1.000000 0.000000
0.987845 0.155441 0.000000 129.468375 -0.155441 0.987845 0.000000 -8.122212 0.000000 0.000000 1.000000 0.000000
0.987824 0.155577 0.000000 129.977077 -0.155577 0.987824 0.000000 -8.213824 0.000000 0.000000 1.000000 0.000000
0.987410 0.158185 0.000000 130.458486 -0.158185 0.987410 0.000000 -8.294605 0.000000 0.000000 1.000000 0.000000
0.987128 0.159933 0.000000 130.977883 -0.159933 0.987128 0.000000 -8.390461 0.000000 0.000000 1.000000 0.000000
0.987274 0.159031 0.000000 131.513754 -0.159031 0.987274 0.000000 -8.487061 0.000000 0.000000 1.000000 0.000000
0.987887 0.155175 0.000000 131.991930 -0.155175 0.987887 0.000000 -8.600740 0.000000 0.000000 1.000000 0.000000
0.987862 0.155337 0.000000 132.513249 -0.155337 0.987862 0.000000 -8.697612 0.000000 0.000000 1.000000 0.000000
0.987869 0.155292 0.000000 133.013101 -0.155292 0.987869 0.000000 -8.783829 0.000000 0.000000 1.000000 0.000000
0.987535 0.157398 0.000000 133.480528 -0.157398 0.987535 0.000000 -8.862972 0.000000 0.000000 1.000000 0.000000
0.988187 0.153250 0.000000 133.981917 -0.153250 0.988187 0.000000 -8.950149 0.000000 0.000000 1.000000 0.000000
0.987681 0.156481 0.000000 134.502745 -0.156481 0.987681 0.000000 -9.053083 0.000000 0.000000 1.000000 0.000000
0.987373 0.158415 0.000000 135.116220 -0.158415 0.987373 0.000000 -9.159100 0.000000 0.000000 1.000000 0.000000
0.987176 0.159637 0.000000 135.663918 -0.159637 0.987176 0.000000 -9.262435 0.000000 0.000000 1.000000 0.000000
0.986783 0.162047 0.000000 136.158779 -0.162047 0.986783 0.000000 -9.353243 0.000000 0.000000 1.000000 0.000000
0.986740 0.162311 0.000000 136.694187 -0.162311 0.986740 0.000000 -9.465195 0.000000 0.000000 1.000000 0.000000
0.985922 0.167204 0.000000 137.221929 -0.167204 0.985922 0.000000 -9.582910 0.000000 0.000000 1.000000 0.000000
0.985511 0.169609 0.000000 137.735393 -0.169609 0.985511 0.000000 -9.695512 0.000000 0.000000 1.000000 0.000000
0.984593 0.174860 0.000000 141.504331 -0.174860 0.984593 0.000000 -10.494782 0.000000 0.000000 1.000000 0.000000
0.984826 0.173544 0.000000 141.998420 -0.173544 0.984826 0.000000 -10.613025 0.000000 0.000000 1.000000 0.000000
0.985683 0.168610 0.000000 143.158699 -0.168610 0.985683 0.000000 -10.874510 0.000000 0.000000 1.000000 0.000000
0.984770 0.173860 0.000000 144.276147 -0.173860 0.984770 0.000000 -11.139873 0.000000 0.000000 1.000000 0.000000
0.984624 0.174690 0.000000 144.847999 -0.174690 0.984624 0.000000 -11.278135 0.000000 0.000000 1.000000 0.000000
0.984480 0.175495 0.000000 145.420043 -0.175495 0.984480 0.000000 -11.413060 0.000000 0.000000 1.000000 0.000000
0.984303 0.176485 0.000000 145.980624 -0.176485 0.984303 0.000000 -11.537083 0.000000 0.000000 1.000000 0.000000
0.984444 0.175701 0.000000 146.572998 -0.175701 0.984444 0.000000 -11.680926 0.000000 0.000000 1.000000 0.000000
0.985043 0.172307 0.000000 147.164436 -0.172307 0.985043 0.000000 -11.803345 0.000000 0.000000 1.000000 0.000000
0.984398 0.175957 0.000000 147.752734 -0.175957 0.984398 0.000000 -11.924356 0.000000 0.000000 1.000000 0.000000
0.984303 0.176486 0.000000 148.342870 -0.176486 0.984303 0.000000 -12.033994 0.000000 0.000000 1.000000 0.000000
0.984488 0.175451 0.000000 148.944588 -0.175451 0.984488 0.000000 -12.156358 0.000000 0.000000 1.000000 0.000000
0.984364 0.176149 0.000000 149.897523 -0.176149 0.984364 0.000000 -12.365882 0.000000 0.000000 1.000000 0.000000
0.983612 0.180298 0.000000 150.484688 -0.180298 0.983612 0.000000 -12.481617 0.000000 0.000000 1.000000 0.000000
0.983895 0.178750 0.000000 151.046165 -0.178750 0.983895 0.000000 -12.616437 0.000000 0.000000 1.000000 0.000000
0.983422 0.181330 0.000000 151.615182 -0.181330 0.983422 0.000000 -12.710669 0.000000 0.000000 1.000000 0.000000
0.983080 0.183179 0.000000 152.230216 -0.183179 0.983080 0.000000 -12.799326 0.000000 0.000000 1.000000 0.000000
0.982737 0.185006 0.000000 152.759149 -0.185006 0.982737 0.000000 -12.881162 0.000000 0.000000 1.000000 0.000000
0.982831 0.184509 0.000000 153.360983 -0.184509 0.982831 0.000000 -12.994541 0.000000 0.000000 1.000000 0.000000
0.983044 0.183370 0.000000 153.920840 -0.183370 0.983044 0.000000 -13.135219 0.000000 0.000000 1.000000 0.000000
0.983260 0.182208 0.000000 154.528811 -0.182208 0.983260 0.000000 -13.264802 0.000000 0.000000 1.000000 0.000000
0.983536 0.180712 0.000000 155.134945 -0.180712 0.983536 0.000000 -13.401853 0.000000 0.000000 1.000000 0.000000
0.983633 0.180185 0.000000 155.753068 -0.180185 0.983633 0.000000 -13.550205 0.000000 0.000000 1.000000 0.000000
0.984001 0.178165 0.000000 156.327929 -0.178165 0.984001 0.000000 -13.674397 0.000000 0.000000 1.000000 0.000000
0.984327 0.176354 0.000000 156.890164 -0.176354 0.984327 0.000000 -13.791624 0.000000 0.000000 1.000000 0.000000
0.984356 0.176192 0.000000 157.433006 -0.176192 0.984356 0.000000 -13.909217 0.000000 0.000000 1.000000 0.000000
0.984753 0.173958 0.000000 157.979794 -0.173958 0.984753 0.000000 -14.060604 0.000000 0.000000 1.000000 0.000000
0.984235 0.176866 0.000000 158.537568 -0.176866 0.984235 0.000000 -14.177229 0.000000 0.000000 1.000000 0.000000
0.983899 0.178726 0.000000 159.685057 -0.178726 0.983899 0.000000 -14.418906 0.000000 0.000000 1.000000 0.000000
0.983776 0.179401 0.000000 160.260873 -0.179401 0.983776 0.000000 -14.538007 0.000000 0.000000 1.000000 0.000000
0.983879 0.178838 0.000000 160.852122 -0.178838 0.983879 0.000000 -14.655127 0.000000 0.000000 1.000000 0.000000
0.983649 0.180096 0.000000 161.508114 -0.180096 0.983649 0.000000 -14.780224 0.000000 0.000000 1.000000 0.000000
0.983365 0.181639 0.000000 162.145179 -0.181639 0.983365 0.000000 -14.887739 0.000000 0.000000 1.000000 0.000000
0.983668 0.179992 0.000000 163.322466 -0.179992 0.983668 0.000000 -15.135125 0.000000 0.000000 1.000000 0.000000
0.983838 0.179060 0.000000 163.971763 -0.179060 0.983838 0.000000 -15.258704 0.000000 0.000000 1.000000 0.000000
0.983633 0.180185 0.000000 164.594113 -0.180185 0.983633 0.000000 -15.385890 0.000000 0.000000 1.000000 0.000000
0.983508 0.180864 0.000000 165.178995 -0.180864 0.983508 0.000000 -15.491473 0.000000 0.000000 1.000000 0.000000
0.983926 0.178578 0.000000 165.789686 -0.178578 0.983926 0.000000 -15.607450 0.000000 0.000000 1.000000 0.000000
0.983797 0.179288 0.000000 166.359579 -0.179288 0.983797 0.000000 -15.716591 0.000000 0.000000 1.000000 0.000000
0.983465 0.181098 0.000000 167.161801 -0.181098 0.983465 0.000000 -15.858539 0.000000 0.000000 1.000000 0.000000
0.982690 0.185255 0.000000 167.762509 -0.185255 0.982690 0.000000 -15.967221 0.000000 0.000000 1.000000 0.000000
0.982545 0.186024 0.000000 168.347055 -0.186024 0.982545 0.000000 -16.080021 0.000000 0.000000 1.000000 0.000000
0.981582 0.191042 0.000000 168.996949 -0.191042 0.981582 0.000000 -16.193626 0.000000 0.000000 1.000000 0.000000
0.981618 0.190854 0.000000 169.571549 -0.190854 0.981618 0.000000 -16.289414 0.000000 0.000000 1.000000 0.000000
0.982180 0.187943 0.000000 170.192154 -0.187943 0.982180 0.000000 -16.398646 0.000000 0.000000 1.000000 0.000000
0.981439 0.191773 0.000000 170.780573 -0.191773 0.981439 0.000000 -16.491391 0.000000 0.000000 1.000000 0.000000
0.981890 0.189451 0.000000 171.363494 -0.189451 0.981890 0.000000 -16.595271 0.000000 0.000000 1.000000 0.000000
0.981101 0.193497 0.000000 171.961826 -0.193497 0.981101 0.000000 -16.708420 0.000000 0.000000 1.000000 0.000000
0.981738 0.190236 0.000000 172.514546 -0.190236 0.981738 0.000000 -16.829193 0.000000 0.000000 1.000000 0.000000
0.982057 0.188583 0.000000 173.098833 -0.188583 0.982057 0.000000 -16.959547 0.000000 0.000000 1.000000 0.000000
0.982054 0.188600 0.000000 173.685163 -0.188600 0.982054 0.000000 -17.114093 0.000000 0.000000 1.000000 0.000000
0.983148 0.182809 0.000000 174.268558 -0.182809 0.983148 0.000000 -17.264379 0.000000 0.000000 1.000000 0.000000
0.984012 0.178100 0.000000 174.855596 -0.178100 0.984012 0.000000 -17.413826 0.000000 0.000000 1.000000 0.000000
0.983930 0.178555 0.000000 175.447288 -0.178555 0.983930 0.000000 -17.546322 0.000000 0.000000 1.000000 0.000000
0.983504 0.180888 0.000000 176.029338 -0.180888 0.983504 0.000000 -17.676529 0.000000 0.000000 1.000000 0.000000
0.983283 0.182086 0.000000 176.611681 -0.182086 0.983283 0.000000 -17.800295 0.000000 0.000000 1.000000 0.000000
0.982943 0.183913 0.000000 177.150017 -0.183913 0.982943 0.000000 -17.899607 0.000000 0.000000 1.000000 0.000000
0.982675 0.185335 0.000000 177.767848 -0.185335 0.982675 0.000000 -18.012552 0.000000 0.000000 1.000000 0.000000
0.982899 0.184144 0.000000 178.307917 -0.184144 0.982899 0.000000 -18.118696 0.000000 0.000000 1.000000 0.000000
0.982641 0.185517 0.000000 178.902092 -0.185517 0.982641 0.000000 -18.228868 0.000000 0.000000 1.000000 0.000000
0.982391 0.186836 0.000000 179.490550 -0.186836 0.982391 0.000000 -18.340189 0.000000 0.000000 1.000000 0.000000
0.981839 0.189717 0.000000 180.082867 -0.189717 0.981839 0.000000 -18.454456 0.000000 0.000000 1.000000 0.000000
0.980386 0.197088 0.000000 180.646955 -0.197088 0.980386 0.000000 -18.561313 0.000000 0.000000 1.000000 0.000000
0.980378 0.197126 0.000000 181.229951 -0.197126 0.980378 0.000000 -18.660601 0.000000 0.000000 1.000000 0.000000
0.980542 0.196312 0.000000 181.831377 -0.196312 0.980542 0.000000 -18.780531 0.000000 0.000000 1.000000 0.000000
0.980672 0.195661 0.000000 182.416818 -0.195661 0.980672 0.000000 -18.904687 0.000000 0.000000 1.000000 0.000000
0.980657 0.195733 0.000000 183.012318 -0.195733 0.980657 0.000000 -19.026549 0.000000 0.000000 1.000000 0.000000
0.980361 0.197212 0.000000 183.600902 -0.197212 0.980361 0.000000 -19.135717 0.000000 0.000000 1.000000 0.000000
0.980801 0.195011 0.000000 184.174979 -0.195011 0.980801 0.000000 -19.253766 0.000000 0.000000 1.000000 0.000000
0.980916 0.194430 0.000000 184.762695 -0.194430 0.980916 0.000000 -19.379884 0.000000 0.000000 1.000000 0.000000
0.980488 0.196578 0.000000 185.354974 -0.196578 0.980488 0.000000 -19.501626 0.000000 0.000000 1.000000 0.000000
0.980388 0.197076 0.000000 185.904014 -0.197076 0.980388 0.000000 -19.618877 0.000000 0.000000 1.000000 0.000000
0.980470 0.196671 0.000000 186.478426 -0.196671 0.980470 0.000000 -19.761263 0.000000 0.000000 1.000000 0.000000
0.980325 0.197392 0.000000 187.064830 -0.197392 0.980325 0.000000 -19.885507 0.000000 0.000000 1.000000 0.000000
0.980207 0.197977 0.000000 187.625932 -0.197977 0.980207 0.000000 -20.006119 0.000000 0.000000 1.000000 0.000000
0.980617 0.195934 0.000000 188.209771 -0.195934 0.980617 0.000000 -20.123311 0.000000 0.000000 1.000000 0.000000
0.980171 0.198151 0.000000 188.783306 -0.198151 0.980171 0.000000 -20.242593 0.000000 0.000000 1.000000 0.000000
0.980720 0.195418 0.000000 189.332542 -0.195418 0.980720 0.000000 -20.361444 0.000000 0.000000 1.000000 0.000000
0.980700 0.195516 0.000000 189.908791 -0.195516 0.980700 0.000000 -20.470754 0.000000 0.000000 1.000000 0.000000
0.979970 0.199145 0.000000 190.518351 -0.199145 0.979970 0.000000 -20.588755 0.000000 0.000000 1.000000 0.000000
0.979994 0.199029 0.000000 191.094862 -0.199029 0.979994 0.000000 -20.698242 0.000000 0.000000 1.000000 0.000000
0.979512 0.201384 0.000000 191.697758 -0.201384 0.979512 0.000000 -20.813250 0.000000 0.000000 1.000000 0.000000
0.979173 0.203028 0.000000 192.326039 -0.203028 0.979173 0.000000 -20.950829 0.000000 0.000000 1.000000 0.000000
0.978904 0.204321 0.000000 193.239061 -0.204321 0.978904 0.000000 -21.162551 0.000000 0.000000 1.000000 0.000000
0.978437 0.206545 0.000000 193.848235 -0.206545 0.978437 0.000000 -21.296162 0.000000 0.000000 1.000000 0.000000
0.978161 0.207850 0.000000 194.455525 -0.207850 0.978161 0.000000 -21.416959 0.000000 0.000000 1.000000 0.000000
0.978307 0.207162 0.000000 195.037914 -0.207162 0.978307 0.000000 -21.531278 0.000000 0.000000 1.000000 0.000000
0.978118 0.208049 0.000000 195.620890 -0.208049 0.978118 0.000000 -21.646843 0.000000 0.000000 1.000000 0.000000
0.978475 0.206364 0.000000 196.213665 -0.206364 0.978475 0.000000 -21.761103 0.000000 0.000000 1.000000 0.000000
0.979170 0.203042 0.000000 196.799394 -0.203042 0.979170 0.000000 -21.887508 0.000000 0.000000 1.000000 0.000000
0.979043 0.203654 0.000000 197.406510 -0.203654 0.979043 0.000000 -22.020959 0.000000 0.000000 1.000000 0.000000
0.979059 0.203577 0.000000 197.931145 -0.203577 0.979059 0.000000 -22.131620 0.000000 0.000000 1.000000 0.000000
0.978693 0.205328 0.000000 198.924549 -0.205328 0.978693 0.000000 -22.361508 0.000000 0.000000 1.000000 0.000000
0.978495 0.206270 0.000000 199.495559 -0.206270 0.978495 0.000000 -22.475209 0.000000 0.000000 1.000000 0.000000
0.978094 0.208162 0.000000 200.218906 -0.208162 0.978094 0.000000 -22.629364 0.000000 0.000000 1.000000 0.000000
0.977690 0.210052 0.000000 200.951416 -0.210052 0.977690 0.000000 -22.799392 0.000000 0.000000 1.000000 0.000000
0.976998 0.213246 0.000000 201.911032 -0.213246 0.976998 0.000000 -23.012758 0.000000 0.000000 1.000000 0.000000
0.976994 0.213265 0.000000 202.467986 -0.213265 0.976994 0.000000 -23.139036 0.000000 0.000000 1.000000 0.000000
0.976843 0.213956 0.000000 203.034970 -0.213956 0.976843 0.000000 -23.272206 0.000000 0.000000 1.000000 0.000000
0.976683 0.214688 0.000000 203.621761 -0.214688 0.976683 0.000000 -23.407264 0.000000 0.000000 1.000000 0.000000
0.976424 0.215863 0.000000 204.155179 -0.215863 0.976424 0.000000 -23.526668 0.000000 0.000000 1.000000 0.000000
0.976927 0.213576 0.000000 204.734339 -0.213576 0.976927 0.000000 -23.662890 0.000000 0.000000 1.000000 0.000000
0.976199 0.216875 0.000000 205.297193 -0.216875 0.976199 0.000000 -23.791561 0.000000 0.000000 1.000000 0.000000
0.976012 0.217717 0.000000 206.100567 -0.217717 0.976012 0.000000 -24.001273 0.000000 0.000000 1.000000 0.000000
0.976325 0.216310 0.000000 206.677258 -0.216310 0.976325 0.000000 -24.146093 0.000000 0.000000 1.000000 0.000000
0.976403 0.215958 0.000000 207.247420 -0.215958 0.976403 0.000000 -24.288040 0.000000 0.000000 1.000000 0.000000
0.976301 0.216418 0.000000 207.824629 -0.216418 0.976301 0.000000 -24.440962 0.000000 0.000000 1.000000 0.000000
0.977149 0.212555 0.000000 208.408621 -0.212555 0.977149 0.000000 -24.563332 0.000000 0.000000 1.000000 0.000000
0.977102 0.212769 0.000000 208.921378 -0.212769 0.977102 0.000000 -24.674818 0.000000 0.000000 1.000000 0.000000
0.976971 0.213374 0.000000 209.503709 -0.213374 0.976971 0.000000 -24.794701 0.000000 0.000000 1.000000 0.000000
0.977045 0.213032 0.000000 210.013935 -0.213032 0.977045 0.000000 -24.904051 0.000000 0.000000 1.000000 0.000000
0.977000 0.213239 0.000000 210.584507 -0.213239 0.977000 0.000000 -25.043159 0.000000 0.000000 1.000000 0.000000
0.976888 0.213751 0.000000 211.105312 -0.213751 0.976888 0.000000 -25.183264 0.000000 0.000000 1.000000 0.000000
0.976552 0.215280 0.000000 211.658496 -0.215280 0.976552 0.000000 -25.321491 0.000000 0.000000 1.000000 0.000000
0.976891 0.213736 0.000000 212.214897 -0.213736 0.976891 0.000000 -25.493043 0.000000 0.000000 1.000000 0.000000
0.976460 0.215699 0.000000 212.756628 -0.215699 0.976460 0.000000 -25.647252 0.000000 0.000000 1.000000 0.000000
