0.999988 0.004879 0.000000 0.590832 -0.004879 0.999988 0.000000 -0.005041 0.000000 0.000000 1.000000 0.000000
0.999939 0.011045 0.000000 1.742565 -0.011045 0.999939 0.000000 -0.034593 0.000000 0.000000 1.000000 0.000000
0.999942 0.010733 0.000000 2.343458 -0.010733 0.999942 0.000000 -0.057195 0.000000 0.000000 1.000000 0.000000
0.999910 0.013388 0.000000 3.197908 -0.013388 0.999910 0.000000 -0.107434 0.000000 0.000000 1.000000 0.000000
0.999898 0.014312 0.000000 3.806792 -0.014312 0.999898 0.000000 -0.132039 0.000000 0.000000 1.000000 0.000000
0.999883 0.015319 0.000000 4.404146 -0.015319 0.999883 0.000000 -0.153044 0.000000 0.000000 1.000000 0.000000
0.999865 0.016402 0.000000 5.016411 -0.016402 0.999865 0.000000 -0.178364 0.000000 0.000000 1.000000 0.000000
0.999842 0.017782 0.000000 5.576531 -0.017782 0.999842 0.000000 -0.196472 0.000000 0.000000 1.000000 0.000000
0.999784 0.020790 0.000000 6.167267 -0.020790 0.999784 0.000000 -0.227727 0.000000 0.000000 1.000000 0.000000
0.999749 0.022390 0.000000 6.722809 -0.022390 0.999749 0.000000 -0.237669 0.000000 0.000000 1.000000 0.000000
0.999738 0.022891 0.000000 7.324210 -0.022891 0.999738 0.000000 -0.264897 0.000000 0.000000 1.000000 0.000000
0.999682 0.025222 0.000000 7.896250 -0.025222 0.999682 0.000000 -0.281215 0.000000 0.000000 1.000000 0.000000
0.999669 0.025740 0.000000 8.469532 -0.025740 0.999669 0.000000 -0.323924 0.000000 0.000000 1.000000 0.000000
0.999600 0.028286 0.000000 9.053562 -0.028286 0.999600 0.000000 -0.370512 0.000000 0.000000 1.000000 0.000000
0.999515 0.031156 0.000000 9.810894 -0.031156 0.999515 0.000000 -0.415607 0.000000 0.000000 1.000000 0.000000
0.999444 0.033341 0.000000 10.438761 -0.033341 0.999444 0.000000 -0.455832 0.000000 0.000000 1.000000 0.000000
0.999398 0.034704 0.000000 10.986639 -0.034704 0.999398 0.000000 -0.494106 0.000000 0.000000 1.000000 0.000000
0.999290 0.037667 0.000000 11.604345 -0.037667 0.999290 0.000000 -0.523115 0.000000 0.000000 1.000000 0.000000
0.999132 0.041667 0.000000 12.180628 -0.041667 0.999132 0.000000 -0.552079 0.000000 0.000000 1.000000 0.000000
0.999112 0.042137 0.000000 12.760436 -0.042137 0.999112 0.000000 -0.587916 0.000000 0.000000 1.000000 0.000000
0.998949 0.045839 0.000000 13.331140 -0.045839 0.998949 0.000000 -0.600273 0.000000 0.000000 1.000000 0.000000
0.998886 0.047191 0.000000 13.899706 -0.047191 0.998886 0.000000 -0.641711 0.000000 0.000000 1.000000 0.000000
0.998826 0.048446 0.000000 14.475985 -0.048446 0.998826 0.000000 -0.676617 0.000000 0.000000 1.000000 0.000000
0.998782 0.049337 0.000000 15.063220 -0.049337 0.998782 0.000000 -0.731045 0.000000 0.000000 1.000000 0.000000
0.998622 0.052488 0.000000 15.648971 -0.052488 0.998622 0.000000 -0.775916 0.000000 0.000000 1.000000 0.000000
0.998489 0.054953 0.000000 16.223332 -0.054953 0.998489 0.000000 -0.840072 0.000000 0.000000 1.000000 0.000000
0.998455 0.055557 0.000000 16.782073 -0.055557 0.998455 0.000000 -0.884987 0.000000 0.000000 1.000000 0.000000
0.998276 0.058694 0.000000 17.344996 -0.058694 0.998276 0.000000 -0.922889 0.000000 0.000000 1.000000 0.000000
0.998121 0.061272 0.000000 18.428080 -0.061272 0.998121 0.000000 -0.978427 0.000000 0.000000 1.000000 0.000000
0.998117 0.061331 0.000000 19.352755 -0.061331 0.998117 0.000000 -1.031004 0.000000 0.000000 1.000000 0.000000
0.998108 0.061477 0.000000 19.909642 -0.061477 0.998108 0.000000 -1.104231 0.000000 0.000000 1.000000 0.000000
0.997936 0.064215 0.000000 20.474078 -0.064215 0.997936 0.000000 -1.165196 0.000000 0.000000 1.000000 0.000000
0.997708 0.067670 0.000000 21.046823 -0.067670 0.997708 0.000000 -1.203813 0.000000 0.000000 1.000000 0.000000
0.997603 0.069204 0.000000 21.610152 -0.069204 0.997603 0.000000 -1.237458 0.000000 0.000000 1.000000 0.000000
0.997483 0.070906 0.000000 22.218019 -0.070906 0.997483 0.000000 -1.265256 0.000000 0.000000 1.000000 0.000000
0.996645 0.081847 0.000000 22.786128 -0.081847 0.996645 0.000000 -1.310408 0.000000 0.000000 1.000000 0.000000
0.995342 0.096410 0.000000 23.921806 -0.096410 0.995342 0.000000 -1.429851 0.000000 0.000000 1.000000 0.000000
0.995349 0.096335 0.000000 24.490602 -0.096335 0.995349 0.000000 -1.500945 0.000000 0.000000 1.000000 0.000000
0.995121 0.098663 0.000000 25.070935 -0.098663 0.995121 0.000000 -1.549095 0.000000 0.000000 1.000000 0.000000
0.995169 0.098176 0.000000 25.602920 -0.098176 0.995169 0.000000 -1.611154 0.000000 0.000000 1.000000 0.000000
0.995267 0.097181 0.000000 26.162579 -0.097181 0.995267 0.000000 -1.669285 0.000000 0.000000 1.000000 0.000000
0.994676 0.103056 0.000000 27.052933 -0.103056 0.994676 0.000000 -1.768103 0.000000 0.000000 1.000000 0.000000
0.994660 0.103211 0.000000 27.649436 -0.103211 0.994660 0.000000 -1.832832 0.000000 0.000000 1.000000 0.000000
0.994396 0.105718 0.000000 28.201347 -0.105718 0.994396 0.000000 -1.884559 0.000000 0.000000 1.000000 0.000000
0.994342 0.106223 0.000000 28.770353 -0.106223 0.994342 0.000000 -1.943741 0.000000 0.000000 1.000000 0.000000
0.994211 0.107447 0.000000 29.331218 -0.107447 0.994211 0.000000 -2.003672 0.000000 0.000000 1.000000 0.000000
0.994035 0.109061 0.000000 29.897227 -0.109061 0.994035 0.000000 -2.051690 0.000000 0.000000 1.000000 0.000000
0.993747 0.111652 0.000000 30.457134 -0.111652 0.993747 0.000000 -2.104129 0.000000 0.000000 1.000000 0.000000
0.993765 0.111497 0.000000 31.016321 -0.111497 0.993765 0.000000 -2.179432 0.000000 0.000000 1.000000 0.000000
0.993581 0.113120 0.000000 31.577816 -0.113120 0.993581 0.000000 -2.237179 0.000000 0.000000 1.000000 0.000000
0.993371 0.114951 0.000000 32.100707 -0.114951 0.993371 0.000000 -2.305397 0.000000 0.000000 1.000000 0.000000
0.992971 0.118360 0.000000 33.055525 -0.118360 0.992971 0.000000 -2.424634 0.000000 0.000000 1.000000 0.000000
0.992390 0.123134 0.000000 33.607994 -0.123134 0.992390 0.000000 -2.489785 0.000000 0.000000 1.000000 0.000000
0.992107 0.125394 0.000000 34.168076 -0.125394 0.992107 0.000000 -2.557397 0.000000 0.000000 1.000000 0.000000
0.991958 0.126570 0.000000 34.730238 -0.126570 0.991958 0.000000 -2.629972 0.000000 0.000000 1.000000 0.000000
0.991642 0.129017 0.000000 35.285451 -0.129017 0.991642 0.000000 -2.708962 0.000000 0.000000 1.000000 0.000000
0.991537 0.129827 0.000000 35.855250 -0.129827 0.991537 0.000000 -2.791861 0.000000 0.000000 1.000000 0.000000
0.991387 0.130968 0.000000 36.455895 -0.130968 0.991387 0.000000 -2.877110 0.000000 0.000000 1.000000 0.000000
0.991370 0.131094 0.000000 36.976349 -0.131094 0.991370 0.000000 -2.956030 0.000000 0.000000 1.000000 0.000000
0.991464 0.130381 0.000000 37.523912 -0.130381 0.991464 0.000000 -3.027904 0.000000 0.000000 1.000000 0.000000
0.991635 0.129077 0.000000 38.085182 -0.129077 0.991635 0.000000 -3.108148 0.000000 0.000000 1.000000 0.000000
0.991189 0.132452 0.000000 38.635683 -0.132452 0.991189 0.000000 -3.198613 0.000000 0.000000 1.000000 0.000000
0.990980 0.134010 0.000000 39.167455 -0.134010 0.990980 0.000000 -3.288338 0.000000 0.000000 1.000000 0.000000
0.990845 0.135006 0.000000 39.717451 -0.135006 0.990845 0.000000 -3.402801 0.000000 0.000000 1.000000 0.000000
0.990771 0.135550 0.000000 40.229993 -0.135550 0.990771 0.000000 -3.496491 0.000000 0.000000 1.000000 0.000000
0.990849 0.134972 0.000000 41.173922 -0.134972 0.990849 0.000000 -3.625336 0.000000 0.000000 1.000000 0.000000
0.990767 0.135575 0.000000 41.709944 -0.135575 0.990767 0.000000 -3.693177 0.000000 0.000000 1.000000 0.000000
0.990364 0.138488 0.000000 42.251233 -0.138488 0.990364 0.000000 -3.760438 0.000000 0.000000 1.000000 0.000000
0.989725 0.142982 0.000000 43.338398 -0.142982 0.989725 0.000000 -3.904323 0.000000 0.000000 1.000000 0.000000
0.989137 0.146998 0.000000 43.916065 -0.146998 0.989137 0.000000 -3.969021 0.000000 0.000000 1.000000 0.000000
0.988776 0.149403 0.000000 44.412348 -0.149403 0.988776 0.000000 -4.021986 0.000000 0.000000 1.000000 0.000000
0.988395 0.151902 0.000000 45.398778 -0.151902 0.988395 0.000000 -4.149115 0.000000 0.000000 1.000000 0.000000
0.988132 0.153606 0.000000 45.899413 -0.153606 0.988132 0.000000 -4.209233 0.000000 0.000000 1.000000 0.000000
0.988168 0.153376 0.000000 46.382692 -0.153376 0.988168 0.000000 -4.265418 0.000000 0.000000 1.000000 0.000000
0.988072 0.153996 0.000000 46.845493 -0.153996 0.988072 0.000000 -4.316431 0.000000 0.000000 1.000000 0.000000
0.987646 0.156704 0.000000 47.726281 -0.156704 0.987646 0.000000 -4.445383 0.000000 0.000000 1.000000 0.000000
0.987808 0.155680 0.000000 48.212555 -0.155680 0.987808 0.000000 -4.548453 0.000000 0.000000 1.000000 0.000000
0.987045 0.160442 0.000000 48.701410 -0.160442 0.987045 0.000000 -4.602082 0.000000 0.000000 1.000000 0.000000
0.986037 0.166525 0.000000 49.194760 -0.166525 0.986037 0.000000 -4.663879 0.000000 0.000000 1.000000 0.000000
0.985800 0.167925 0.000000 49.655177 -0.167925 0.985800 0.000000 -4.766970 0.000000 0.000000 1.000000 0.000000
0.985433 0.170064 0.000000 50.107555 -0.170064 0.985433 0.000000 -4.844386 0.000000 0.000000 1.000000 0.000000
0.984795 0.173722 0.000000 50.567069 -0.173722 0.984795 0.000000 -4.935737 0.000000 0.000000 1.000000 0.000000
0.983922 0.178597 0.000000 51.268195 -0.178597 0.983922 0.000000 -5.078212 0.000000 0.000000 1.000000 0.000000
0.983905 0.178690 0.000000 51.689977 -0.178690 0.983905 0.000000 -5.176163 0.000000 0.000000 1.000000 0.000000
0.983492 0.180950 0.000000 52.144424 -0.180950 0.983492 0.000000 -5.266273 0.000000 0.000000 1.000000 0.000000
0.983640 0.180145 0.000000 52.574218 -0.180145 0.983640 0.000000 -5.341351 0.000000 0.000000 1.000000 0.000000
0.983581 0.180466 0.000000 52.984967 -0.180466 0.983581 0.000000 -5.416480 0.000000 0.000000 1.000000 0.000000
0.984091 0.177666 0.000000 53.417731 -0.177666 0.984091 0.000000 -5.496205 0.000000 0.000000 1.000000 0.000000
0.984072 0.177768 0.000000 54.123577 -0.177768 0.984072 0.000000 -5.623405 0.000000 0.000000 1.000000 0.000000
0.983675 0.179955 0.000000 54.471179 -0.179955 0.983675 0.000000 -5.672068 0.000000 0.000000 1.000000 0.000000
0.983368 0.181624 0.000000 54.874728 -0.181624 0.983368 0.000000 -5.732018 0.000000 0.000000 1.000000 0.000000
0.983170 0.182695 0.000000 55.253381 -0.182695 0.983170 0.000000 -5.803915 0.000000 0.000000 1.000000 0.000000
0.982934 0.183959 0.000000 55.631802 -0.183959 0.982934 0.000000 -5.877954 0.000000 0.000000 1.000000 0.000000
0.982734 0.185023 0.000000 56.002164 -0.185023 0.982734 0.000000 -5.947228 0.000000 0.000000 1.000000 0.000000
0.982208 0.187798 0.000000 56.365936 -0.187798 0.982208 0.000000 -6.026428 0.000000 0.000000 1.000000 0.000000
0.981894 0.189429 0.000000 56.722581 -0.189429 0.981894 0.000000 -6.097569 0.000000 0.000000 1.000000 0.000000
0.981420 0.191873 0.000000 57.071674 -0.191873 0.981420 0.000000 -6.168147 0.000000 0.000000 1.000000 0.000000
0.981032 0.193847 0.000000 57.425618 -0.193847 0.981032 0.000000 -6.254990 0.000000 0.000000 1.000000 0.000000
0.980259 0.197717 0.000000 58.096584 -0.197717 0.980259 0.000000 -6.415656 0.000000 0.000000 1.000000 0.000000
0.980304 0.197494 0.000000 58.431016 -0.197494 0.980304 0.000000 -6.494876 0.000000 0.000000 1.000000 0.000000
0.980261 0.197709 0.000000 58.731507 -0.197709 0.980261 0.000000 -6.569062 0.000000 0.000000 1.000000 0.000000
0.980092 0.198545 0.000000 59.069282 -0.198545 0.980092 0.000000 -6.640156 0.000000 0.000000 1.000000 0.000000
0.979695 0.200493 0.000000 59.387621 -0.200493 0.979695 0.000000 -6.702469 0.000000 0.000000 1.000000 0.000000
0.979383 0.202012 0.000000 59.678558 -0.202012 0.979383 0.000000 -6.750815 0.000000 0.000000 1.000000 0.000000
0.978138 0.207958 0.000000 59.984416 -0.207958 0.978138 0.000000 -6.807642 0.000000 0.000000 1.000000 0.000000
0.978040 0.208415 0.000000 60.281064 -0.208415 0.978040 0.000000 -6.907558 0.000000 0.000000 1.000000 0.000000
0.978493 0.206280 0.000000 60.770923 -0.206280 0.978493 0.000000 -7.044862 0.000000 0.000000 1.000000 0.000000
0.978427 0.206594 0.000000 61.041490 -0.206594 0.978427 0.000000 -7.129791 0.000000 0.000000 1.000000 0.000000
0.978068 0.208287 0.000000 61.319239 -0.208287 0.978068 0.000000 -7.217837 0.000000 0.000000 1.000000 0.000000
0.977632 0.210324 0.000000 61.615515 -0.210324 0.977632 0.000000 -7.284323 0.000000 0.000000 1.000000 0.000000
0.977450 0.211168 0.000000 61.895891 -0.211168 0.977450 0.000000 -7.346405 0.000000 0.000000 1.000000 0.000000
0.976981 0.213328 0.000000 62.160241 -0.213328 0.976981 0.000000 -7.409625 0.000000 0.000000 1.000000 0.000000
0.976982 0.213321 0.000000 62.452369 -0.213321 0.976982 0.000000 -7.479515 0.000000 0.000000 1.000000 0.000000
0.976979 0.213335 0.000000 62.718736 -0.213335 0.976979 0.000000 -7.557778 0.000000 0.000000 1.000000 0.000000
0.976694 0.214635 0.000000 62.990445 -0.214635 0.976694 0.000000 -7.625392 0.000000 0.000000 1.000000 0.000000
0.975792 0.218699 0.000000 63.433669 -0.218699 0.975792 0.000000 -7.732926 0.000000 0.000000 1.000000 0.000000
0.975379 0.220533 0.000000 63.671678 -0.220533 0.975379 0.000000 -7.788977 0.000000 0.000000 1.000000 0.000000
0.975362 0.220611 0.000000 63.935206 -0.220611 0.975362 0.000000 -7.857237 0.000000 0.000000 1.000000 0.000000
0.975270 0.221017 0.000000 64.182877 -0.221017 0.975270 0.000000 -7.914302 0.000000 0.000000 1.000000 0.000000
0.975019 0.222122 0.000000 64.433176 -0.222122 0.975019 0.000000 -7.976475 0.000000 0.000000 1.000000 0.000000
0.974820 0.222992 0.000000 64.687601 -0.222992 0.974820 0.000000 -8.043487 0.000000 0.000000 1.000000 0.000000
0.974454 0.224587 0.000000 64.921378 -0.224587 0.974454 0.000000 -8.105813 0.000000 0.000000 1.000000 0.000000
0.974285 0.225317 0.000000 65.170982 -0.225317 0.974285 0.000000 -8.172533 0.000000 0.000000 1.000000 0.000000
0.974069 0.226249 0.000000 65.405870 -0.226249 0.974069 0.000000 -8.233166 0.000000 0.000000 1.000000 0.000000
0.974043 0.226365 0.000000 65.661403 -0.226365 0.974043 0.000000 -8.301724 0.000000 0.000000 1.000000 0.000000
0.973817 0.227335 0.000000 65.897659 -0.227335 0.973817 0.000000 -8.378185 0.000000 0.000000 1.000000 0.000000
0.973532 0.228551 0.000000 66.146571 -0.228551 0.973532 0.000000 -8.451214 0.000000 0.000000 1.000000 0.000000
0.973091 0.230423 0.000000 66.573749 -0.230423 0.973091 0.000000 -8.564841 0.000000 0.000000 1.000000 0.000000
0.972732 0.231931 0.000000 66.821445 -0.231931 0.972732 0.000000 -8.636980 0.000000 0.000000 1.000000 0.000000
0.972585 0.232546 0.000000 67.078879 -0.232546 0.972585 0.000000 -8.713733 0.000000 0.000000 1.000000 0.000000
0.972236 0.234000 0.000000 67.330914 -0.234000 0.972236 0.000000 -8.775043 0.000000 0.000000 1.000000 0.000000
0.972092 0.234600 0.000000 67.597316 -0.234600 0.972092 0.000000 -8.847061 0.000000 0.000000 1.000000 0.000000
0.971586 0.236686 0.000000 67.874533 -0.236686 0.971586 0.000000 -8.920892 0.000000 0.000000 1.000000 0.000000
0.971381 0.237528 0.000000 68.117028 -0.237528 0.971381 0.000000 -8.993804 0.000000 0.000000 1.000000 0.000000
0.971317 0.237788 0.000000 68.385510 -0.237788 0.971317 0.000000 -9.070919 0.000000 0.000000 1.000000 0.000000
0.970612 0.240649 0.000000 68.644123 -0.240649 0.970612 0.000000 -9.139245 0.000000 0.000000 1.000000 0.000000
0.969885 0.243564 0.000000 68.901604 -0.243564 0.969885 0.000000 -9.207303 0.000000 0.000000 1.000000 0.000000
0.969728 0.244189 0.000000 69.179785 -0.244189 0.969728 0.000000 -9.276784 0.000000 0.000000 1.000000 0.000000
0.969865 0.243644 0.000000 69.438656 -0.243644 0.969865 0.000000 -9.340623 0.000000 0.000000 1.000000 0.000000
0.969185 0.246333 0.000000 70.185370 -0.246333 0.969185 0.000000 -9.529336 0.000000 0.000000 1.000000 0.000000
0.968311 0.249746 0.000000 70.465869 -0.249746 0.968311 0.000000 -9.592824 0.000000 0.000000 1.000000 0.000000
0.967602 0.252481 0.000000 70.735548 -0.252481 0.967602 0.000000 -9.656731 0.000000 0.000000 1.000000 0.000000
0.967032 0.254654 0.000000 70.998905 -0.254654 0.967032 0.000000 -9.713772 0.000000 0.000000 1.000000 0.000000
0.967488 0.252917 0.000000 71.271511 -0.252917 0.967488 0.000000 -9.785187 0.000000 0.000000 1.000000 0.000000
0.966818 0.255466 0.000000 71.828384 -0.255466 0.966818 0.000000 -9.929392 0.000000 0.000000 1.000000 0.000000
0.966790 0.255571 0.000000 72.104474 -0.255571 0.966790 0.000000 -9.990460 0.000000 0.000000 1.000000 0.000000
0.966362 0.257187 0.000000 72.368243 -0.257187 0.966362 0.000000 -10.047844 0.000000 0.000000 1.000000 0.000000
0.966036 0.258409 0.000000 72.802662 -0.258409 0.966036 0.000000 -10.159956 0.000000 0.000000 1.000000 0.000000
0.965142 0.261728 0.000000 73.087786 -0.261728 0.965142 0.000000 -10.235302 0.000000 0.000000 1.000000 0.000000
0.963680 0.267059 0.000000 73.585721 -0.267059 0.963680 0.000000 -10.376054 0.000000 0.000000 1.000000 0.000000
0.963349 0.268253 0.000000 73.900550 -0.268253 0.963349 0.000000 -10.452969 0.000000 0.000000 1.000000 0.000000
0.963361 0.268209 0.000000 74.226439 -0.268209 0.963361 0.000000 -10.540827 0.000000 0.000000 1.000000 0.000000
0.961283 0.275563 0.000000 74.545201 -0.275563 0.961283 0.000000 -10.600822 0.000000 0.000000 1.000000 0.000000
0.961263 0.275632 0.000000 74.897136 -0.275632 0.961263 0.000000 -10.691096 0.000000 0.000000 1.000000 0.000000
0.960592 0.277962 0.000000 75.458326 -0.277962 0.960592 0.000000 -10.843348 0.000000 0.000000 1.000000 0.000000
0.961400 0.275155 0.000000 75.800901 -0.275155 0.961400 0.000000 -10.933620 0.000000 0.000000 1.000000 0.000000
0.961101 0.276197 0.000000 76.170189 -0.276197 0.961101 0.000000 -11.025869 0.000000 0.000000 1.000000 0.000000
0.961116 0.276143 0.000000 76.513062 -0.276143 0.961116 0.000000 -11.112465 0.000000 0.000000 1.000000 0.000000
0.961008 0.276519 0.000000 77.141333 -0.276519 0.961008 0.000000 -11.297036 0.000000 0.000000 1.000000 0.000000
0.961012 0.276508 0.000000 77.782869 -0.276508 0.961012 0.000000 -11.471937 0.000000 0.000000 1.000000 0.000000
0.961333 0.275389 0.000000 78.156574 -0.275389 0.961333 0.000000 -11.580103 0.000000 0.000000 1.000000 0.000000
0.961479 0.274878 0.000000 78.563808 -0.274878 0.961479 0.000000 -11.684521 0.000000 0.000000 1.000000 0.000000
0.960745 0.277432 0.000000 78.950099 -0.277432 0.960745 0.000000 -11.793517 0.000000 0.000000 1.000000 0.000000
0.961017 0.276488 0.000000 79.372489 -0.276488 0.961017 0.000000 -11.932367 0.000000 0.000000 1.000000 0.000000
0.960093 0.279680 0.000000 79.756268 -0.279680 0.960093 0.000000 -12.055365 0.000000 0.000000 1.000000 0.000000
0.960161 0.279449 0.000000 80.179989 -0.279449 0.960161 0.000000 -12.185982 0.000000 0.000000 1.000000 0.000000
0.961138 0.276068 0.000000 80.832763 -0.276068 0.961138 0.000000 -12.382248 0.000000 0.000000 1.000000 0.000000
0.961070 0.276306 0.000000 81.602966 -0.276306 0.961070 0.000000 -12.621655 0.000000 0.000000 1.000000 0.000000
0.961158 0.276000 0.000000 82.037585 -0.276000 0.961158 0.000000 -12.767908 0.000000 0.000000 1.000000 0.000000
0.960126 0.279568 0.000000 82.480004 -0.279568 0.960126 0.000000 -12.915535 0.000000 0.000000 1.000000 0.000000
0.959823 0.280607 0.000000 82.905755 -0.280607 0.959823 0.000000 -13.063602 0.000000 0.000000 1.000000 0.000000
0.959490 0.281742 0.000000 83.391891 -0.281742 0.959490 0.000000 -13.222293 0.000000 0.000000 1.000000 0.000000
0.959322 0.282314 0.000000 83.827553 -0.282314 0.959322 0.000000 -13.339714 0.000000 0.000000 1.000000 0.000000
0.957454 0.288587 0.000000 84.308796 -0.288587 0.957454 0.000000 -13.474941 0.000000 0.000000 1.000000 0.000000
0.956748 0.290918 0.000000 84.794024 -0.290918 0.956748 0.000000 -13.626306 0.000000 0.000000 1.000000 0.000000
0.955625 0.294587 0.000000 85.271194 -0.294587 0.955625 0.000000 -13.767339 0.000000 0.000000 1.000000 0.000000
0.955173 0.296050 0.000000 85.724268 -0.296050 0.955173 0.000000 -13.911340 0.000000 0.000000 1.000000 0.000000
0.954815 0.297201 0.000000 86.189690 -0.297201 0.954815 0.000000 -14.055291 0.000000 0.000000 1.000000 0.000000
0.953520 0.301328 0.000000 87.105789 -0.301328 0.953520 0.000000 -14.340462 0.000000 0.000000 1.000000 0.000000
0.953742 0.300626 0.000000 87.610289 -0.300626 0.953742 0.000000 -14.500069 0.000000 0.000000 1.000000 0.000000
0.953828 0.300352 0.000000 88.128821 -0.300352 0.953828 0.000000 -14.661765 0.000000 0.000000 1.000000 0.000000
0.952680 0.303976 0.000000 88.644593 -0.303976 0.952680 0.000000 -14.813300 0.000000 0.000000 1.000000 0.000000
0.951504 0.307638 0.000000 89.163823 -0.307638 0.951504 0.000000 -14.980899 0.000000 0.000000 1.000000 0.000000
0.951726 0.306948 0.000000 89.967841 -0.306948 0.951726 0.000000 -15.244608 0.000000 0.000000 1.000000 0.000000
0.951516 0.307600 0.000000 90.457786 -0.307600 0.951516 0.000000 -15.386588 0.000000 0.000000 1.000000 0.000000
0.948502 0.316771 0.000000 91.494018 -0.316771 0.948502 0.000000 -15.728688 0.000000 0.000000 1.000000 0.000000
0.947385 0.320098 0.000000 92.179730 -0.320098 0.947385 0.000000 -15.951647 0.000000 0.000000 1.000000 0.000000
0.946611 0.322377 0.000000 92.743974 -0.322377 0.946611 0.000000 -16.129504 0.000000 0.000000 1.000000 0.000000
0.945390 0.325941 0.000000 93.312300 -0.325941 0.945390 0.000000 -16.324017 0.000000 0.000000 1.000000 0.000000
0.943938 0.330124 0.000000 93.880074 -0.330124 0.943938 0.000000 -16.527572 0.000000 0.000000 1.000000 0.000000
0.944034 0.329848 0.000000 94.453180 -0.329848 0.944034 0.000000 -16.716471 0.000000 0.000000 1.000000 0.000000
0.944166 0.329469 0.000000 95.052409 -0.329469 0.944166 0.000000 -16.931208 0.000000 0.000000 1.000000 0.000000
0.943791 0.330542 0.000000 95.593165 -0.330542 0.943791 0.000000 -17.125441 0.000000 0.000000 1.000000 0.000000
0.943012 0.332759 0.000000 96.160638 -0.332759 0.943012 0.000000 -17.332077 0.000000 0.000000 1.000000 0.000000
0.942850 0.333216 0.000000 96.743974 -0.333216 0.942850 0.000000 -17.526123 0.000000 0.000000 1.000000 0.000000
0.944146 0.329528 0.000000 97.272610 -0.329528 0.944146 0.000000 -17.704875 0.000000 0.000000 1.000000 0.000000
0.945050 0.326925 0.000000 97.865013 -0.326925 0.945050 0.000000 -17.893159 0.000000 0.000000 1.000000 0.000000
0.944927 0.327282 0.000000 98.436062 -0.327282 0.944927 0.000000 -18.096961 0.000000 0.000000 1.000000 0.000000
0.944380 0.328857 0.000000 98.974746 -0.328857 0.944380 0.000000 -18.289166 0.000000 0.000000 1.000000 0.000000
0.944164 0.329475 0.000000 100.012921 -0.329475 0.944164 0.000000 -18.653757 0.000000 0.000000 1.000000 0.000000
0.943717 0.330754 0.000000 100.634036 -0.330754 0.943717 0.000000 -18.880991 0.000000 0.000000 1.000000 0.000000
0.943560 0.331203 0.000000 101.232781 -0.331203 0.943560 0.000000 -19.097648 0.000000 0.000000 1.000000 0.000000
0.942567 0.334018 0.000000 101.820731 -0.334018 0.942567 0.000000 -19.307387 0.000000 0.000000 1.000000 0.000000
0.941276 0.337639 0.000000 102.399326 -0.337639 0.941276 0.000000 -19.507595 0.000000 0.000000 1.000000 0.000000
0.941677 0.336518 0.000000 102.985675 -0.336518 0.941677 0.000000 -19.715915 0.000000 0.000000 1.000000 0.000000
0.941355 0.337417 0.000000 103.534107 -0.337417 0.941355 0.000000 -19.902183 0.000000 0.000000 1.000000 0.000000
0.941270 0.337656 0.000000 104.118984 -0.337656 0.941270 0.000000 -20.101680 0.000000 0.000000 1.000000 0.000000
0.940999 0.338411 0.000000 104.670684 -0.338411 0.940999 0.000000 -20.289770 0.000000 0.000000 1.000000 0.000000
0.940112 0.340865 0.000000 105.263538 -0.340865 0.940112 0.000000 -20.515038 0.000000 0.000000 1.000000 0.000000
0.939340 0.342987 0.000000 105.854944 -0.342987 0.939340 0.000000 -20.741505 0.000000 0.000000 1.000000 0.000000
0.939074 0.343715 0.000000 106.465832 -0.343715 0.939074 0.000000 -20.971562 0.000000 0.000000 1.000000 0.000000
0.939472 0.342626 0.000000 107.230641 -0.342626 0.939472 0.000000 -21.273327 0.000000 0.000000 1.000000 0.000000
0.939338 0.342993 0.000000 107.806514 -0.342993 0.939338 0.000000 -21.489044 0.000000 0.000000 1.000000 0.000000
0.937099 0.349065 0.000000 108.434324 -0.349065 0.937099 0.000000 -21.735728 0.000000 0.000000 1.000000 0.000000
0.937730 0.347365 0.000000 109.409151 -0.347365 0.937730 0.000000 -22.097088 0.000000 0.000000 1.000000 0.000000
0.937386 0.348292 0.000000 110.034975 -0.348292 0.937386 0.000000 -22.336120 0.000000 0.000000 1.000000 0.000000
0.937036 0.349232 0.000000 110.658992 -0.349232 0.937036 0.000000 -22.575750 0.000000 0.000000 1.000000 0.000000
0.936019 0.351948 0.000000 111.287479 -0.351948 0.936019 0.000000 -22.822404 0.000000 0.000000 1.000000 0.000000
0.935943 0.352150 0.000000 111.895050 -0.352150 0.935943 0.000000 -23.066884 0.000000 0.000000 1.000000 0.000000
0.935662 0.352897 0.000000 112.522480 -0.352897 0.935662 0.000000 -23.316379 0.000000 0.000000 1.000000 0.000000
0.935964 0.352095 0.000000 113.111153 -0.352095 0.935964 0.000000 -23.535029 0.000000 0.000000 1.000000 0.000000
0.935722 0.352739 0.000000 114.231584 -0.352739 0.935722 0.000000 -23.940591 0.000000 0.000000 1.000000 0.000000
0.935516 0.353285 0.000000 114.868855 -0.353285 0.935516 0.000000 -24.165969 0.000000 0.000000 1.000000 0.000000
0.935586 0.353098 0.000000 115.510842 -0.353098 0.935586 0.000000 -24.386376 0.000000 0.000000 1.000000 0.000000
0.935381 0.353642 0.000000 116.134999 -0.353642 0.935381 0.000000 -24.623886 0.000000 0.000000 1.000000 0.000000
0.934564 0.355796 0.000000 117.418587 -0.355796 0.934564 0.000000 -25.110082 0.000000 0.000000 1.000000 0.000000
0.934594 0.355718 0.000000 117.994075 -0.355718 0.934594 0.000000 -25.331087 0.000000 0.000000 1.000000 0.000000
0.933062 0.359717 0.000000 118.612572 -0.359717 0.933062 0.000000 -25.577643 0.000000 0.000000 1.000000 0.000000
0.932589 0.360941 0.000000 119.186572 -0.360941 0.932589 0.000000 -25.818620 0.000000 0.000000 1.000000 0.000000
0.932046 0.362339 0.000000 119.771338 -0.362339 0.932046 0.000000 -26.055523 0.000000 0.000000 1.000000 0.000000
0.924477 0.381238 0.000000 124.282964 -0.381238 0.924477 0.000000 -27.968527 0.000000 0.000000 1.000000 0.000000
0.926215 0.376994 0.000000 124.896455 -0.376994 0.926215 0.000000 -28.231572 0.000000 0.000000 1.000000 0.000000
0.925842 0.377910 0.000000 125.476106 -0.377910 0.925842 0.000000 -28.483028 0.000000 0.000000 1.000000 0.000000
0.927098 0.374820 0.000000 126.088218 -0.374820 0.927098 0.000000 -28.751681 0.000000 0.000000 1.000000 0.000000
0.926198 0.377037 0.000000 126.688896 -0.377037 0.926198 0.000000 -29.008988 0.000000 0.000000 1.000000 0.000000
0.927323 0.374263 0.000000 127.298537 -0.374263 0.927323 0.000000 -29.248604 0.000000 0.000000 1.000000 0.000000
0.925613 0.378470 0.000000 127.914284 -0.378470 0.925613 0.000000 -29.513826 0.000000 0.000000 1.000000 0.000000
0.926160 0.377130 0.000000 128.690090 -0.377130 0.926160 0.000000 -29.850222 0.000000 0.000000 1.000000 0.000000
0.925513 0.378717 0.000000 129.304178 -0.378717 0.925513 0.000000 -30.106856 0.000000 0.000000 1.000000 0.000000
0.923900 0.382633 0.000000 129.907315 -0.382633 0.923900 0.000000 -30.368211 0.000000 0.000000 1.000000 0.000000
0.923593 0.383374 0.000000 130.760707 -0.383374 0.923593 0.000000 -30.724051 0.000000 0.000000 1.000000 0.000000
0.923339 0.383985 0.000000 131.354697 -0.383985 0.923339 0.000000 -30.982117 0.000000 0.000000 1.000000 0.000000
0.922875 0.385100 0.000000 131.952341 -0.385100 0.922875 0.000000 -31.254471 0.000000 0.000000 1.000000 0.000000
0.922754 0.385389 0.000000 132.545651 -0.385389 0.922754 0.000000 -31.518085 0.000000 0.000000 1.000000 0.000000
0.922381 0.386282 0.000000 133.127331 -0.386282 0.922381 0.000000 -31.781654 0.000000 0.000000 1.000000 0.000000
0.921766 0.387747 0.000000 133.986601 -0.387747 0.921766 0.000000 -32.155399 0.000000 0.000000 1.000000 0.000000
0.921337 0.388765 0.000000 134.550700 -0.388765 0.921337 0.000000 -32.397091 0.000000 0.000000 1.000000 0.000000
0.920794 0.390050 0.000000 135.136401 -0.390050 0.920794 0.000000 -32.651098 0.000000 0.000000 1.000000 0.000000
0.919863 0.392239 0.000000 135.686731 -0.392239 0.919863 0.000000 -32.890930 0.000000 0.000000 1.000000 0.000000
0.918702 0.394951 0.000000 136.451281 -0.394951 0.918702 0.000000 -33.217792 0.000000 0.000000 1.000000 0.000000
0.917695 0.397286 0.000000 137.034596 -0.397286 0.917695 0.000000 -33.479122 0.000000 0.000000 1.000000 0.000000
0.917102 0.398653 0.000000 137.625017 -0.398653 0.917102 0.000000 -33.733057 0.000000 0.000000 1.000000 0.000000
0.917473 0.397798 0.000000 138.192656 -0.397798 0.917473 0.000000 -33.985179 0.000000 0.000000 1.000000 0.000000
0.918403 0.395646 0.000000 138.757362 -0.395646 0.918403 0.000000 -34.234661 0.000000 0.000000 1.000000 0.000000
0.918039 0.396491 0.000000 139.838953 -0.396491 0.918039 0.000000 -34.719296 0.000000 0.000000 1.000000 0.000000
0.918946 0.394382 0.000000 140.354850 -0.394382 0.918946 0.000000 -34.957743 0.000000 0.000000 1.000000 0.000000
0.915855 0.401508 0.000000 140.887622 -0.401508 0.915855 0.000000 -35.209836 0.000000 0.000000 1.000000 0.000000
0.916384 0.400301 0.000000 141.422198 -0.400301 0.916384 0.000000 -35.462641 0.000000 0.000000 1.000000 0.000000
0.914668 0.404207 0.000000 141.928340 -0.404207 0.914668 0.000000 -35.699473 0.000000 0.000000 1.000000 0.000000
0.914683 0.404172 0.000000 142.462724 -0.404172 0.914683 0.000000 -35.952727 0.000000 0.000000 1.000000 0.000000
0.916589 0.399831 0.000000 143.141690 -0.399831 0.916589 0.000000 -36.272891 0.000000 0.000000 1.000000 0.000000
0.917195 0.398440 0.000000 143.678793 -0.398440 0.917195 0.000000 -36.540076 0.000000 0.000000 1.000000 0.000000
0.916801 0.399343 0.000000 144.169151 -0.399343 0.916801 0.000000 -36.784614 0.000000 0.000000 1.000000 0.000000
0.916633 0.399731 0.000000 144.717350 -0.399731 0.916633 0.000000 -37.062274 0.000000 0.000000 1.000000 0.000000
0.916094 0.400963 0.000000 145.252851 -0.400963 0.916094 0.000000 -37.317418 0.000000 0.000000 1.000000 0.000000
0.915611 0.402066 0.000000 145.740898 -0.402066 0.915611 0.000000 -37.561298 0.000000 0.000000 1.000000 0.000000
0.914718 0.404093 0.000000 146.273364 -0.404093 0.914718 0.000000 -37.817555 0.000000 0.000000 1.000000 0.000000
0.915594 0.402103 0.000000 146.761337 -0.402103 0.915594 0.000000 -38.052857 0.000000 0.000000 1.000000 0.000000
0.914630 0.404292 0.000000 147.267619 -0.404292 0.914630 0.000000 -38.305088 0.000000 0.000000 1.000000 0.000000
0.913436 0.406983 0.000000 147.794955 -0.406983 0.913436 0.000000 -38.568332 0.000000 0.000000 1.000000 0.000000
0.913117 0.407698 0.000000 148.475277 -0.407698 0.913117 0.000000 -38.887475 0.000000 0.000000 1.000000 0.000000
0.911997 0.410197 0.000000 148.989457 -0.410197 0.911997 0.000000 -39.129982 0.000000 0.000000 1.000000 0.000000
0.911021 0.412361 0.000000 149.529335 -0.412361 0.911021 0.000000 -39.389289 0.000000 0.000000 1.000000 0.000000
0.910004 0.414601 0.000000 150.025611 -0.414601 0.910004 0.000000 -39.635888 0.000000 0.000000 1.000000 0.000000
0.909423 0.415873 0.000000 150.550215 -0.415873 0.909423 0.000000 -39.886323 0.000000 0.000000 1.000000 0.000000
0.909121 0.416533 0.000000 151.053493 -0.416533 0.909121 0.000000 -40.122162 0.000000 0.000000 1.000000 0.000000
0.908774 0.417290 0.000000 151.742739 -0.417290 0.908774 0.000000 -40.445055 0.000000 0.000000 1.000000 0.000000
0.908629 0.417605 0.000000 152.233099 -0.417605 0.908629 0.000000 -40.682058 0.000000 0.000000 1.000000 0.000000
0.905508 0.424328 0.000000 152.757864 -0.424328 0.905508 0.000000 -40.940320 0.000000 0.000000 1.000000 0.000000
0.905284 0.424807 0.000000 153.249781 -0.424807 0.905284 0.000000 -41.176136 0.000000 0.000000 1.000000 0.000000
0.904508 0.426457 0.000000 153.777824 -0.426457 0.904508 0.000000 -41.429372 0.000000 0.000000 1.000000 0.000000
0.904349 0.426793 0.000000 154.275034 -0.426793 0.904349 0.000000 -41.657954 0.000000 0.000000 1.000000 0.000000
0.903874 0.427798 0.000000 154.981299 -0.427798 0.903874 0.000000 -41.996330 0.000000 0.000000 1.000000 0.000000
0.903458 0.428676 0.000000 155.495685 -0.428676 0.903458 0.000000 -42.235267 0.000000 0.000000 1.000000 0.000000
0.904292 0.426914 0.000000 156.005602 -0.426914 0.904292 0.000000 -42.487529 0.000000 0.000000 1.000000 0.000000
0.904903 0.425618 0.000000 156.514101 -0.425618 0.904903 0.000000 -42.735800 0.000000 0.000000 1.000000 0.000000
0.905579 0.424177 0.000000 157.008956 -0.424177 0.905579 0.000000 -42.990284 0.000000 0.000000 1.000000 0.000000
0.903977 0.427581 0.000000 157.517202 -0.427581 0.903977 0.000000 -43.227817 0.000000 0.000000 1.000000 0.000000
0.904260 0.426983 0.000000 158.047474 -0.426983 0.904260 0.000000 -43.476065 0.000000 0.000000 1.000000 0.000000
0.904760 0.425921 0.000000 158.567736 -0.425921 0.904760 0.000000 -43.692584 0.000000 0.000000 1.000000 0.000000
0.905215 0.424954 0.000000 159.094702 -0.424954 0.905215 0.000000 -43.985439 0.000000 0.000000 1.000000 0.000000
0.904319 0.426857 0.000000 159.635520 -0.426857 0.904319 0.000000 -44.255958 0.000000 0.000000 1.000000 0.000000
0.903446 0.428703 0.000000 160.119753 -0.428703 0.903446 0.000000 -44.494393 0.000000 0.000000 1.000000 0.000000
0.902818 0.430024 0.000000 160.595815 -0.430024 0.902818 0.000000 -44.745428 0.000000 0.000000 1.000000 0.000000
0.903187 0.429248 0.000000 161.054851 -0.429248 0.903187 0.000000 -44.976528 0.000000 0.000000 1.000000 0.000000
0.902942 0.429762 0.000000 161.541639 -0.429762 0.902942 0.000000 -45.234750 0.000000 0.000000 1.000000 0.000000
0.904110 0.427300 0.000000 162.015557 -0.427300 0.904110 0.000000 -45.482266 0.000000 0.000000 1.000000 0.000000
0.905098 0.425203 0.000000 162.502800 -0.425203 0.905098 0.000000 -45.731181 0.000000 0.000000 1.000000 0.000000
0.904924 0.425573 0.000000 162.947684 -0.425573 0.904924 0.000000 -45.953836 0.000000 0.000000 1.000000 0.000000
0.905173 0.425043 0.000000 163.437671 -0.425043 0.905173 0.000000 -46.206163 0.000000 0.000000 1.000000 0.000000
0.904849 0.425732 0.000000 163.888129 -0.425732 0.904849 0.000000 -46.462983 0.000000 0.000000 1.000000 0.000000
0.905820 0.423663 0.000000 164.394004 -0.423663 0.905820 0.000000 -46.734349 0.000000 0.000000 1.000000 0.000000
0.906189 0.422872 0.000000 165.036270 -0.422872 0.906189 0.000000 -47.082427 0.000000 0.000000 1.000000 0.000000
0.905243 0.424894 0.000000 165.538484 -0.424894 0.905243 0.000000 -47.356551 0.000000 0.000000 1.000000 0.000000
0.904724 0.425998 0.000000 165.987618 -0.425998 0.904724 0.000000 -47.586035 0.000000 0.000000 1.000000 0.000000
0.902828 0.430002 0.000000 166.496492 -0.430002 0.902828 0.000000 -47.848104 0.000000 0.000000 1.000000 0.000000
0.902599 0.430483 0.000000 167.119589 -0.430483 0.902599 0.000000 -48.152165 0.000000 0.000000 1.000000 0.000000
0.903667 0.428235 0.000000 168.128054 -0.428235 0.903667 0.000000 -48.660245 0.000000 0.000000 1.000000 0.000000
0.902858 0.429939 0.000000 168.631965 -0.429939 0.902858 0.000000 -48.902270 0.000000 0.000000 1.000000 0.000000
0.903283 0.429046 0.000000 169.137689 -0.429046 0.903283 0.000000 -49.134301 0.000000 0.000000 1.000000 0.000000
0.902515 0.430659 0.000000 169.660024 -0.430659 0.902515 0.000000 -49.367486 0.000000 0.000000 1.000000 0.000000
0.902617 0.430446 0.000000 170.183819 -0.430446 0.902617 0.000000 -49.587115 0.000000 0.000000 1.000000 0.000000
0.902531 0.430624 0.000000 170.698889 -0.430624 0.902531 0.000000 -49.821471 0.000000 0.000000 1.000000 0.000000
0.901577 0.432619 0.000000 171.232207 -0.432619 0.901577 0.000000 -50.075669 0.000000 0.000000 1.000000 0.000000
0.901569 0.432635 0.000000 171.739698 -0.432635 0.901569 0.000000 -50.323496 0.000000 0.000000 1.000000 0.000000
0.900509 0.434838 0.000000 172.204299 -0.434838 0.900509 0.000000 -50.551796 0.000000 0.000000 1.000000 0.000000
0.899595 0.436726 0.000000 172.658998 -0.436726 0.899595 0.000000 -50.787804 0.000000 0.000000 1.000000 0.000000
0.899637 0.436638 0.000000 173.151154 -0.436638 0.899637 0.000000 -51.028754 0.000000 0.000000 1.000000 0.000000
0.900032 0.435824 0.000000 173.625657 -0.435824 0.900032 0.000000 -51.251117 0.000000 0.000000 1.000000 0.000000
0.901027 0.433763 0.000000 174.134232 -0.433763 0.901027 0.000000 -51.486352 0.000000 0.000000 1.000000 0.000000
0.901576 0.432621 0.000000 174.615486 -0.432621 0.901576 0.000000 -51.707516 0.000000 0.000000 1.000000 0.000000
0.901599 0.432574 0.000000 175.128226 -0.432574 0.901599 0.000000 -51.931293 0.000000 0.000000 1.000000 0.000000
0.901660 0.432445 0.000000 175.608609 -0.432445 0.901660 0.000000 -52.144579 0.000000 0.000000 1.000000 0.000000
0.902901 0.429848 0.000000 176.126359 -0.429848 0.902901 0.000000 -52.372898 0.000000 0.000000 1.000000 0.000000
0.903467 0.428658 0.000000 176.588400 -0.428658 0.903467 0.000000 -52.555058 0.000000 0.000000 1.000000 0.000000
0.903389 0.428821 0.000000 177.081055 -0.428821 0.903389 0.000000 -52.768961 0.000000 0.000000 1.000000 0.000000
0.903137 0.429353 0.000000 177.538029 -0.429353 0.903137 0.000000 -52.953826 0.000000 0.000000 1.000000 0.000000
0.902306 0.431097 0.000000 178.027552 -0.431097 0.902306 0.000000 -53.148111 0.000000 0.000000 1.000000 0.000000
0.903748 0.428065 0.000000 178.636083 -0.428065 0.903748 0.000000 -53.415986 0.000000 0.000000 1.000000 0.000000
0.905285 0.424806 0.000000 179.121354 -0.424806 0.905285 0.000000 -53.619309 0.000000 0.000000 1.000000 0.000000
0.906788 0.421586 0.000000 179.601827 -0.421586 0.906788 0.000000 -53.816198 0.000000 0.000000 1.000000 0.000000
0.906872 0.421406 0.000000 180.061748 -0.421406 0.906872 0.000000 -54.014598 0.000000 0.000000 1.000000 0.000000
0.909498 0.415708 0.000000 180.715167 -0.415708 0.909498 0.000000 -54.329554 0.000000 0.000000 1.000000 0.000000
0.910270 0.414014 0.000000 181.196619 -0.414014 0.910270 0.000000 -54.543442 0.000000 0.000000 1.000000 0.000000
0.911001 0.412404 0.000000 181.685117 -0.412404 0.911001 0.000000 -54.741840 0.000000 0.000000 1.000000 0.000000
0.911991 0.410209 0.000000 182.159079 -0.410209 0.911991 0.000000 -54.927197 0.000000 0.000000 1.000000 0.000000
0.914672 0.404197 0.000000 182.626924 -0.404197 0.914672 0.000000 -55.119955 0.000000 0.000000 1.000000 0.000000
0.919448 0.393212 0.000000 183.562028 -0.393212 0.919448 0.000000 -55.516083 0.000000 0.000000 1.000000 0.000000
0.922099 0.386954 0.000000 184.020790 -0.386954 0.922099 0.000000 -55.684028 0.000000 0.000000 1.000000 0.000000
0.925205 0.379467 0.000000 184.485612 -0.379467 0.925205 0.000000 -55.876189 0.000000 0.000000 1.000000 0.000000
0.928453 0.371451 0.000000 184.913658 -0.371451 0.928453 0.000000 -56.051985 0.000000 0.000000 1.000000 0.000000
0.931267 0.364338 0.000000 185.384889 -0.364338 0.931267 0.000000 -56.251479 0.000000 0.000000 1.000000 0.000000
0.934570 0.355778 0.000000 185.828136 -0.355778 0.934570 0.000000 -56.417969 0.000000 0.000000 1.000000 0.000000
0.941392 0.337314 0.000000 186.721475 -0.337314 0.941392 0.000000 -56.748819 0.000000 0.000000 1.000000 0.000000
0.944560 0.328340 0.000000 187.183899 -0.328340 0.944560 0.000000 -56.914878 0.000000 0.000000 1.000000 0.000000
0.948099 0.317976 0.000000 187.619154 -0.317976 0.948099 0.000000 -57.072298 0.000000 0.000000 1.000000 0.000000
0.951710 0.306999 0.000000 188.254952 -0.306999 0.951710 0.000000 -57.270879 0.000000 0.000000 1.000000 0.000000
0.955108 0.296257 0.000000 188.706834 -0.296257 0.955108 0.000000 -57.406224 0.000000 0.000000 1.000000 0.000000
0.958241 0.285961 0.000000 189.158799 -0.285961 0.958241 0.000000 -57.541313 0.000000 0.000000 1.000000 0.000000
0.961066 0.276318 0.000000 189.588649 -0.276318 0.961066 0.000000 -57.664714 0.000000 0.000000 1.000000 0.000000
0.963412 0.268025 0.000000 190.047595 -0.268025 0.963412 0.000000 -57.786169 0.000000 0.000000 1.000000 0.000000
0.967582 0.252556 0.000000 190.494456 -0.252556 0.967582 0.000000 -57.909792 0.000000 0.000000 1.000000 0.000000
0.969718 0.244226 0.000000 190.912989 -0.244226 0.969718 0.000000 -58.030734 0.000000 0.000000 1.000000 0.000000
0.972339 0.233572 0.000000 191.355703 -0.233572 0.972339 0.000000 -58.147655 0.000000 0.000000 1.000000 0.000000
0.973973 0.226664 0.000000 191.767230 -0.226664 0.973973 0.000000 -58.239252 0.000000 0.000000 1.000000 0.000000
0.976150 0.217097 0.000000 192.224117 -0.217097 0.976150 0.000000 -58.339544 0.000000 0.000000 1.000000 0.000000
0.978088 0.208193 0.000000 192.646072 -0.208193 0.978088 0.000000 -58.433783 0.000000 0.000000 1.000000 0.000000
