0.999994 0.001437 -0.003227 1.677682 -0.001436 0.999999 0.000438 -0.022584 0.003227 -0.000433 0.999995 -0.009964
0.999992 0.000497 -0.003993 3.778227 -0.000473 0.999982 0.005947 -0.051110 0.003996 -0.005945 0.999974 -0.016982
0.999990 -0.001099 -0.004408 5.471749 0.001131 0.999972 0.007377 -0.069156 0.004400 -0.007381 0.999963 -0.021702
0.999954 -0.002777 -0.009222 7.570862 0.002852 0.999963 0.008100 -0.092876 0.009199 -0.008126 0.999925 -0.026655
0.999928 -0.003470 -0.011501 9.672117 0.003523 0.999983 0.004556 -0.107254 0.011485 -0.004596 0.999923 -0.003968
0.999947 -0.004054 -0.009506 11.348314 0.004102 0.999979 0.005057 -0.114059 0.009485 -0.005095 0.999942 0.007027
0.999933 -0.003912 -0.010911 13.041371 0.003955 0.999985 0.003886 -0.119259 0.010896 -0.003929 0.999933 0.035595
0.999931 -0.003718 -0.011119 15.143009 0.003730 0.999992 0.001087 -0.134481 0.011115 -0.001128 0.999938 0.063263
0.999941 -0.002456 -0.010611 16.824114 0.002482 0.999994 0.002407 -0.155817 0.010605 -0.002433 0.999941 0.112988
0.999943 -0.003115 -0.010196 18.496944 0.003125 0.999995 0.001012 -0.172820 0.010192 -0.001043 0.999948 0.148654
0.999950 -0.003044 -0.009543 20.577582 0.003055 0.999995 0.001058 -0.189550 0.009540 -0.001087 0.999954 0.187653
0.999956 -0.003386 -0.008712 22.695026 0.003387 0.999994 0.000102 -0.202915 0.008712 -0.000132 0.999962 0.226787
0.999903 -0.004018 -0.013333 24.405957 0.004001 0.999991 -0.001291 -0.204796 0.013338 0.001238 0.999910 0.243291
0.999930 -0.003486 -0.011280 26.536870 0.003477 0.999994 -0.000834 -0.219934 0.011283 0.000795 0.999936 0.292302
0.999954 -0.003868 -0.008806 28.222085 0.003860 0.999992 -0.000914 -0.226527 0.008809 0.000880 0.999961 0.327206
0.999932 -0.003805 -0.011053 30.342477 0.003789 0.999992 -0.001461 -0.227928 0.011058 0.001419 0.999938 0.336670
0.999993 -0.003790 0.000140 32.050408 0.003789 0.999987 0.003453 -0.239479 -0.000153 -0.003453 0.999994 0.376064
0.999579 -0.004309 0.028679 34.156591 0.004073 0.999957 0.008284 -0.244803 -0.028713 -0.008163 0.999554 0.392320
0.999992 -0.002997 0.002752 35.918471 0.002958 0.999894 0.014251 -0.251325 -0.002794 -0.014243 0.999895 0.331857
0.999981 -0.001252 0.006114 38.046378 0.001164 0.999896 0.014355 -0.288604 -0.006131 -0.014347 0.999878 0.344708
0.999998 -0.001960 0.000990 39.875052 0.001942 0.999840 0.017782 -0.302269 -0.001025 -0.017780 0.999841 0.329083
0.999999 -0.000876 0.001030 42.108040 0.000858 0.999840 0.017877 -0.310461 -0.001045 -0.017876 0.999840 0.331191
0.999996 -0.002830 -0.000776 43.879384 0.002844 0.999817 0.018923 -0.330606 0.000722 -0.018926 0.999821 0.333473
0.999980 -0.004620 -0.004215 46.011491 0.004678 0.999891 0.014001 -0.329757 0.004150 -0.014021 0.999893 0.330311
0.999977 -0.006187 -0.002732 48.246483 0.006221 0.999898 0.012840 -0.337037 0.002652 -0.012857 0.999914 0.338533
0.999937 -0.005026 -0.010080 50.807339 0.005158 0.999901 0.013094 -0.341628 0.010014 -0.013145 0.999863 0.359807
0.999970 -0.004777 0.006148 52.954653 0.004679 0.999862 0.015918 -0.354099 -0.006223 -0.015889 0.999854 0.392240
0.999985 -0.003192 0.004410 54.630429 0.003105 0.999803 0.019618 -0.353011 -0.004472 -0.019604 0.999798 0.381432
0.999998 -0.001237 -0.001558 56.328523 0.001270 0.999761 0.021838 -0.359850 0.001531 -0.021840 0.999760 0.386346
0.999985 0.002099 -0.005045 58.390419 -0.001969 0.999671 0.025566 -0.356568 0.005097 -0.025556 0.999660 0.397913
0.999977 0.002463 -0.006269 60.045552 -0.002297 0.999650 0.026346 -0.371280 0.006332 -0.026331 0.999633 0.404094
0.999949 0.002720 -0.009704 62.105453 -0.002470 0.999667 0.025674 -0.375141 0.009770 -0.025649 0.999623 0.423034
0.999905 0.006086 -0.012370 64.138788 -0.005736 0.999586 0.028184 -0.384098 0.012536 -0.028110 0.999526 0.441641
0.999896 0.005785 -0.013185 65.739075 -0.005399 0.999562 0.029112 -0.388569 0.013348 -0.029038 0.999489 0.456495
0.999876 0.006906 -0.014177 67.672087 -0.006513 0.999598 0.027587 -0.413706 0.014361 -0.027491 0.999519 0.473894
0.999817 0.008393 -0.017199 70.047931 -0.007904 0.999568 0.028300 -0.431771 0.017429 -0.028159 0.999451 0.496357
0.999771 0.009657 -0.019123 71.618736 -0.009079 0.999505 0.030126 -0.427433 0.019404 -0.029946 0.999363 0.506415
0.999693 0.010858 -0.022293 73.558411 -0.010110 0.999392 0.033380 -0.431875 0.022642 -0.033144 0.999194 0.517001
0.999705 0.011451 -0.021402 75.069495 -0.010745 0.999405 0.032777 -0.444123 0.021764 -0.032537 0.999234 0.553368
0.999582 0.013850 -0.025364 76.919362 -0.013068 0.999441 0.030760 -0.470740 0.025775 -0.030416 0.999205 0.586319
0.999260 0.017578 -0.034224 78.398723 -0.016499 0.999366 0.031538 -0.487835 0.034757 -0.030950 0.998916 0.609412
0.999055 0.019131 -0.039024 80.139042 -0.018150 0.999514 0.025360 -0.495632 0.039490 -0.024628 0.998916 0.698328
0.998946 0.021986 -0.040297 81.561064 -0.020880 0.999399 0.027665 -0.528717 0.040881 -0.026794 0.998805 0.752635
0.998883 0.024920 -0.040153 82.946676 -0.023829 0.999340 0.027427 -0.574112 0.040810 -0.026440 0.998817 0.809276
0.998720 0.030961 -0.039991 84.665218 -0.030051 0.999280 0.023150 -0.625824 0.040679 -0.021918 0.998932 0.862856
0.998343 0.038118 -0.043106 86.343382 -0.037240 0.999086 0.020991 -0.676225 0.043866 -0.019351 0.998850 0.914796
0.998134 0.044266 -0.042064 87.633406 -0.043417 0.998838 0.020904 -0.722601 0.042940 -0.019039 0.998896 0.945945
0.997826 0.051830 -0.040704 89.553365 -0.051117 0.998524 0.018366 -0.822979 0.041595 -0.016245 0.999002 1.005237
0.997382 0.061881 -0.037405 91.111439 -0.061196 0.997941 0.019183 -0.919706 0.038515 -0.016844 0.999116 1.045746
0.996839 0.070457 -0.036707 92.340767 -0.069675 0.997323 0.022167 -1.019969 0.038171 -0.019539 0.999080 1.063953
0.996394 0.079485 -0.029686 93.842673 -0.078839 0.996637 0.022347 -1.140462 0.031362 -0.019926 0.999309 1.113534
0.995913 0.087301 -0.023151 95.037031 -0.086698 0.995898 0.025892 -1.253720 0.025316 -0.023779 0.999397 1.166167
0.994257 0.105063 -0.020377 96.421072 -0.104449 0.994102 0.029176 -1.381026 0.023322 -0.026880 0.999367 1.158205
0.992441 0.119616 -0.027429 97.572733 -0.118413 0.992078 0.041941 -1.536200 0.032228 -0.038377 0.998744 1.124820
0.990683 0.133351 -0.027656 98.889840 -0.132301 0.990524 0.036855 -1.701727 0.032308 -0.032853 0.998938 1.230374
0.989193 0.140806 -0.040868 99.976477 -0.139179 0.989448 0.040263 -1.861301 0.046107 -0.034140 0.998353 1.268207
0.986872 0.151377 -0.056293 101.316313 -0.149308 0.988009 0.039316 -2.079614 0.061570 -0.030395 0.997640 1.333557
0.985647 0.159147 -0.056328 102.679374 -0.157662 0.987039 0.029935 -2.300514 0.060362 -0.020624 0.997963 1.411882
0.984857 0.163482 -0.057713 103.753777 -0.162003 0.986350 0.029467 -2.474503 0.061742 -0.019671 0.997898 1.486632
0.983686 0.167368 -0.065950 105.439861 -0.166113 0.985812 0.024119 -2.770936 0.069051 -0.012770 0.997531 1.589702
0.983023 0.171316 -0.065706 106.580809 -0.169717 0.985059 0.029230 -2.971057 0.069732 -0.017583 0.997411 1.682559
0.982201 0.175263 -0.067564 108.029674 -0.173773 0.984405 0.027375 -3.218621 0.071308 -0.015146 0.997339 1.794131
0.980930 0.180769 -0.071411 109.207390 -0.178965 0.983368 0.030960 -3.446042 0.075820 -0.017589 0.996966 1.878571
0.978833 0.187422 -0.082218 111.023012 -0.185249 0.982125 0.033376 -3.785447 0.087004 -0.017439 0.996055 2.005697
0.977316 0.192848 -0.087539 112.255301 -0.190040 0.980984 0.039423 -4.033270 0.093477 -0.021893 0.995381 2.110389
0.976178 0.195512 -0.094079 113.815428 -0.192302 0.980430 0.042144 -4.360957 0.100478 -0.023048 0.994672 2.258612
0.975634 0.199825 -0.090602 115.069784 -0.196733 0.979559 0.041962 -4.612496 0.097135 -0.023115 0.995003 2.384146
0.974582 0.203835 -0.092954 116.641240 -0.200347 0.978667 0.045528 -4.938932 0.100251 -0.025748 0.994629 2.560466
0.973931 0.205997 -0.094992 117.909094 -0.202510 0.978241 0.045102 -5.213883 0.102216 -0.024689 0.994456 2.697066
0.973203 0.210456 -0.092655 119.513584 -0.207518 0.977397 0.040391 -5.554988 0.099061 -0.020082 0.994879 2.889541
0.972727 0.212877 -0.092121 121.779114 -0.209965 0.976876 0.040344 -6.059056 0.098579 -0.019901 0.994930 3.128666
0.971946 0.217423 -0.089718 123.128802 -0.214377 0.975830 0.042409 -6.362580 0.096770 -0.021986 0.995064 3.242755
0.971704 0.217056 -0.093158 124.801353 -0.214412 0.976018 0.037631 -6.732271 0.099092 -0.016592 0.994940 3.431136
0.970806 0.219437 -0.096865 126.155318 -0.216434 0.975452 0.040630 -7.061008 0.103403 -0.018479 0.994468 3.564587
0.969897 0.220870 -0.102548 127.887941 -0.217464 0.975102 0.043428 -7.463975 0.109587 -0.019821 0.993780 3.754261
0.968925 0.222251 -0.108574 129.301023 -0.218825 0.974831 0.042664 -7.786672 0.115323 -0.017579 0.993172 3.925314
0.967559 0.224494 -0.115899 131.082357 -0.221199 0.974378 0.040716 -8.193471 0.122070 -0.013759 0.992426 4.125258
0.965139 0.232328 -0.120541 132.877247 -0.229451 0.972601 0.037415 -8.619514 0.125931 -0.008452 0.992003 4.324234
0.962413 0.244597 -0.118044 132.903688 -0.242529 0.969623 0.031799 -8.781168 0.122236 -0.001975 0.992499 4.285490
0.961636 0.244122 -0.125140 135.141354 -0.242501 0.969739 0.028263 -9.372697 0.128253 0.003167 0.991736 4.551031
0.961949 0.241875 -0.127087 136.653352 -0.240625 0.970288 0.025327 -9.771707 0.129437 0.006217 0.991568 4.743120
0.962503 0.238822 -0.128657 138.566085 -0.237379 0.971051 0.026661 -10.274966 0.131300 0.004879 0.991331 4.986873
0.963469 0.234199 -0.129916 140.497708 -0.232070 0.972189 0.031503 -10.784925 0.133681 -0.000202 0.991024 5.217191
0.964323 0.231154 -0.129031 142.044137 -0.228249 0.972897 0.037066 -11.168852 0.134101 -0.006292 0.990948 5.399923
0.964469 0.226070 -0.136715 144.018121 -0.222736 0.974082 0.039416 -11.637847 0.142082 -0.007564 0.989826 5.651950
0.964467 0.222251 -0.142856 145.963252 -0.218154 0.974925 0.043930 -12.072155 0.149037 -0.011205 0.988768 5.907538
0.963169 0.221119 -0.153012 147.535005 -0.216615 0.975186 0.045715 -12.434367 0.159324 -0.010887 0.987166 6.121181
0.962828 0.218902 -0.158255 149.822226 -0.213828 0.975660 0.048624 -12.958315 0.165047 -0.012977 0.986200 6.463611
0.963269 0.217732 -0.157182 151.345312 -0.212950 0.975939 0.046853 -13.307237 0.163601 -0.011661 0.986458 6.687369
0.963532 0.216844 -0.156796 153.602677 -0.212560 0.976166 0.043795 -13.810230 0.162556 -0.008869 0.986660 7.053762
0.963093 0.215901 -0.160745 155.510388 -0.212019 0.976400 0.041129 -14.239783 0.165831 -0.005530 0.986139 7.347012
0.962954 0.214827 -0.163002 157.399426 -0.211087 0.976643 0.040139 -14.665598 0.167818 -0.004245 0.985809 7.660943
0.962812 0.213699 -0.165307 158.917044 -0.210428 0.976899 0.037264 -14.986854 0.169452 -0.001093 0.985538 7.929907
0.961964 0.213484 -0.170442 160.846579 -0.210054 0.976946 0.038122 -15.413021 0.174652 -0.000870 0.984630 8.259286
0.961629 0.213722 -0.172027 162.395818 -0.209869 0.976890 0.040498 -15.755345 0.176707 -0.002841 0.984259 8.537123
0.961328 0.214350 -0.172924 164.325093 -0.210026 0.976743 0.043148 -16.184344 0.178152 -0.005160 0.983990 8.909078
0.961106 0.214022 -0.174555 165.841063 -0.208969 0.976790 0.047053 -16.520695 0.180574 -0.008746 0.983523 9.207386
0.961129 0.214495 -0.173846 167.746686 -0.209458 0.976686 0.047041 -16.947146 0.179883 -0.008799 0.983649 9.591882
0.961144 0.214426 -0.173852 169.267491 -0.209594 0.976710 0.045913 -17.290301 0.179648 -0.007691 0.983701 9.904750
0.961605 0.212686 -0.173435 171.156271 -0.208156 0.977100 0.044121 -17.712319 0.178847 -0.006325 0.983856 10.295818
0.961688 0.211860 -0.173989 172.700091 -0.207294 0.977279 0.044223 -18.057308 0.179405 -0.006462 0.983754 10.595478
0.961816 0.212366 -0.172657 174.607635 -0.207069 0.977131 0.048344 -18.479649 0.178975 -0.010747 0.983795 10.964105
0.961164 0.211702 -0.177049 176.143725 -0.206180 0.977274 0.049240 -18.815051 0.183450 -0.010824 0.982969 11.282408
0.960236 0.212127 -0.181518 177.667195 -0.205715 0.977139 0.053673 -19.152000 0.188754 -0.014197 0.981922 11.611471
0.960027 0.211617 -0.183209 179.546833 -0.204403 0.977189 0.057627 -19.566966 0.191225 -0.017875 0.981383 11.989233
0.958475 0.211056 -0.191785 181.435479 -0.203045 0.977284 0.060734 -19.987599 0.200247 -0.019271 0.979556 12.373663
0.960231 0.210634 -0.183273 183.309828 -0.204098 0.977458 0.054042 -20.402138 0.190524 -0.014487 0.981576 12.798130
0.959424 0.208976 -0.189302 184.825089 -0.202463 0.977836 0.053336 -20.747714 0.196252 -0.012845 0.980469 13.124406
0.958915 0.208258 -0.192641 187.055715 -0.200819 0.977934 0.057589 -21.233096 0.200384 -0.016537 0.979578 13.600631
0.958052 0.208121 -0.197032 188.918955 -0.199269 0.977855 0.063960 -21.637059 0.205980 -0.022015 0.978308 14.007344
0.957610 0.208282 -0.199004 190.773744 -0.198549 0.977736 0.067899 -22.041678 0.208715 -0.025509 0.977644 14.442904
0.957760 0.208334 -0.198226 192.611619 -0.198403 0.977693 0.068937 -22.435911 0.208166 -0.026697 0.977729 14.872551
0.957795 0.208833 -0.197526 194.452792 -0.198382 0.977512 0.071524 -22.840585 0.208021 -0.029320 0.977685 15.303200
0.957374 0.208484 -0.199922 196.303143 -0.197705 0.977564 0.072670 -23.237113 0.210587 -0.030046 0.977113 15.736729
0.956847 0.208514 -0.202400 197.760198 -0.197471 0.977547 0.073532 -23.556343 0.213188 -0.030391 0.976538 16.054520
0.956044 0.208207 -0.206468 199.602277 -0.196886 0.977616 0.074175 -23.949210 0.217290 -0.030264 0.975638 16.475562
0.955505 0.206887 -0.210256 201.087868 -0.195531 0.977926 0.073672 -24.265971 0.220857 -0.029283 0.974867 16.823625
0.955047 0.206683 -0.212525 202.912563 -0.194560 0.977888 0.076691 -24.665761 0.223676 -0.031895 0.974142 17.272475
0.955035 0.204171 -0.214995 204.363231 -0.191617 0.978371 0.077926 -24.973183 0.226255 -0.033225 0.973501 17.636052
0.955417 0.200711 -0.216550 206.192511 -0.188190 0.979095 0.077187 -25.349563 0.227515 -0.032993 0.973216 18.094250
0.955472 0.197596 -0.219155 207.664215 -0.184990 0.979732 0.076833 -25.644645 0.229895 -0.032870 0.972660 18.444511
0.955128 0.193942 -0.223866 209.847612 -0.180903 0.980438 0.077561 -26.081735 0.234529 -0.033583 0.971529 18.989872
0.953876 0.190818 -0.231753 211.303197 -0.177888 0.981137 0.075665 -26.362331 0.241820 -0.030949 0.969827 19.382869
0.953443 0.187296 -0.236361 213.079635 -0.174396 0.981850 0.074543 -26.707477 0.246033 -0.029852 0.968802 19.873145
0.954198 0.183918 -0.235967 214.476709 -0.171389 0.982515 0.072737 -26.969597 0.245219 -0.028964 0.969035 20.262987
0.954742 0.180045 -0.236752 216.220251 -0.166685 0.983119 0.075453 -27.298037 0.246340 -0.032575 0.968636 20.692188
0.954702 0.178425 -0.238135 217.947038 -0.163629 0.983217 0.080682 -27.618686 0.248535 -0.038062 0.967875 21.141829
0.953792 0.175842 -0.243639 219.338532 -0.160680 0.983683 0.080931 -27.870621 0.253894 -0.038044 0.966483 21.512791
0.951496 0.172476 -0.254768 221.414697 -0.156798 0.984322 0.080775 -28.233021 0.264706 -0.036910 0.963623 22.060750
0.950735 0.170379 -0.258987 222.788687 -0.155068 0.984772 0.078598 -28.474779 0.268434 -0.034565 0.962678 22.467123
0.950506 0.169291 -0.260537 224.500253 -0.152810 0.984813 0.082419 -28.769286 0.270533 -0.038527 0.961940 22.958140
0.950739 0.167896 -0.260587 225.853582 -0.151335 0.985032 0.082514 -28.995386 0.270541 -0.039013 0.961918 23.370295
0.949908 0.165640 -0.265025 227.564830 -0.149216 0.985473 0.081096 -29.279228 0.274608 -0.037487 0.960825 23.867346
0.948081 0.166700 -0.270840 228.914733 -0.148888 0.985178 0.085185 -29.502307 0.281026 -0.040437 0.958848 24.243748
0.947271 0.164688 -0.274872 230.628496 -0.145838 0.985404 0.087807 -29.785091 0.285321 -0.043091 0.957463 24.760497
0.946156 0.166749 -0.277459 231.996053 -0.146195 0.984842 0.093342 -30.005908 0.288818 -0.047754 0.956192 25.159559
0.944750 0.166290 -0.282479 233.699261 -0.145304 0.984927 0.093838 -30.283021 0.293826 -0.047608 0.954673 25.698010
0.942862 0.167941 -0.287762 235.047215 -0.146591 0.984686 0.094363 -30.511716 0.299203 -0.046788 0.953042 26.117663
0.940950 0.169459 -0.293082 237.049260 -0.147668 0.984453 0.095115 -30.845543 0.304644 -0.046219 0.951344 26.759076
0.938834 0.170605 -0.299140 239.358555 -0.148058 0.984244 0.096659 -31.221494 0.310917 -0.046456 0.949301 27.513654
0.936594 0.174618 -0.303810 240.674667 -0.150085 0.983345 0.102504 -31.445992 0.316649 -0.050407 0.947202 27.951453
0.934080 0.179188 -0.308846 242.324901 -0.153390 0.982454 0.106090 -31.731846 0.322437 -0.051722 0.945177 28.527330
0.931305 0.182187 -0.315402 243.618313 -0.155384 0.981892 0.108366 -31.964639 0.329434 -0.051913 0.942750 28.970810
0.928558 0.184977 -0.321814 245.232098 -0.157428 0.981400 0.109863 -32.243960 0.336151 -0.051351 0.940407 29.520832
0.926628 0.187845 -0.325690 246.493728 -0.159855 0.980888 0.110931 -32.467513 0.340304 -0.050728 0.938946 29.978561
0.924667 0.192631 -0.328458 248.054458 -0.163555 0.979897 0.114246 -32.750547 0.343862 -0.051919 0.937584 30.534981
0.924862 0.193419 -0.327444 249.256971 -0.165354 0.979880 0.111768 -32.961020 0.342475 -0.049226 0.938237 30.982095
0.923028 0.194706 -0.331827 250.724549 -0.166724 0.979724 0.111103 -33.238970 0.346731 -0.047228 0.936775 31.539789
0.921573 0.195879 -0.335164 251.879651 -0.167267 0.979471 0.112509 -33.451004 0.350322 -0.047623 0.935418 31.970300
0.921782 0.197640 -0.333550 253.233947 -0.168540 0.979040 0.114348 -33.704829 0.349158 -0.049188 0.935772 32.492947
0.920484 0.198533 -0.336590 254.591675 -0.167980 0.978715 0.117899 -33.954245 0.352833 -0.051984 0.934241 33.013547
0.919741 0.199677 -0.337942 255.605025 -0.168380 0.978410 0.119844 -34.155341 0.354576 -0.053323 0.933505 33.414391
0.918438 0.199360 -0.341654 256.857162 -0.168622 0.978623 0.117748 -34.393722 0.357825 -0.050534 0.932420 33.905070
0.916498 0.198184 -0.347497 257.836342 -0.167987 0.979023 0.115301 -34.588495 0.363058 -0.047299 0.930565 34.289574
0.915173 0.198335 -0.350887 259.013688 -0.168204 0.979057 0.114697 -34.817376 0.366287 -0.045947 0.929367 34.779034
0.915413 0.197744 -0.350593 259.892605 -0.167162 0.979108 0.115775 -34.977549 0.366162 -0.047376 0.929344 35.136668
0.913879 0.199043 -0.353846 261.182354 -0.168323 0.978893 0.115914 -35.219808 0.369449 -0.046371 0.928093 35.654016
0.912238 0.201484 -0.356689 262.209614 -0.168581 0.978183 0.121400 -35.412817 0.373367 -0.050615 0.926302 36.081220
0.910231 0.203430 -0.360688 263.385202 -0.168467 0.977592 0.126224 -35.645026 0.378283 -0.054129 0.924106 36.550066
0.908889 0.203785 -0.363856 264.133706 -0.168763 0.977576 0.125953 -35.795413 0.381365 -0.053072 0.922900 36.846136
0.905476 0.205481 -0.371336 266.991845 -0.170163 0.977342 0.125886 -36.355800 0.388789 -0.050799 0.919925 38.053108
0.902599 0.205752 -0.378127 267.901955 -0.170739 0.977444 0.124302 -36.536340 0.395174 -0.047634 0.917371 38.465862
0.902150 0.205797 -0.379175 268.448224 -0.171207 0.977502 0.123198 -36.644017 0.395998 -0.046225 0.917087 38.704250
0.900869 0.207045 -0.381532 269.130115 -0.171520 0.977181 0.125293 -36.788397 0.398767 -0.047433 0.915825 38.972152
0.901045 0.206338 -0.381501 269.620263 -0.170887 0.977331 0.124989 -36.886264 0.398642 -0.047427 0.915879 39.180305
0.900157 0.207329 -0.383055 270.208956 -0.170915 0.977043 0.127183 -37.006077 0.400630 -0.049015 0.914928 39.426349
0.899201 0.208147 -0.384855 270.651952 -0.170661 0.976777 0.129542 -37.097820 0.402881 -0.050805 0.913841 39.594763
0.898752 0.208207 -0.385868 271.153878 -0.170121 0.976707 0.130773 -37.200034 0.404108 -0.051888 0.913238 39.812602
0.898539 0.207911 -0.386523 271.596484 -0.169739 0.976768 0.130816 -37.289108 0.404741 -0.051935 0.912955 40.003080
0.898950 0.208552 -0.385220 272.091102 -0.170513 0.976632 0.130824 -37.375419 0.403502 -0.051919 0.913504 40.218406
0.899464 0.208452 -0.384072 272.328659 -0.170616 0.976657 0.130505 -37.416136 0.402311 -0.051856 0.914033 40.333905
0.900487 0.208382 -0.381707 272.622737 -0.171309 0.976725 0.129078 -37.475205 0.399720 -0.050843 0.915226 40.453743
0.901286 0.207997 -0.380027 272.705165 -0.171257 0.976814 0.128471 -37.485653 0.397938 -0.050707 0.916010 40.492647
0.901823 0.207601 -0.378969 272.756234 -0.170948 0.976885 0.128342 -37.490097 0.396854 -0.050958 0.916466 40.513298
0.902569 0.207637 -0.377169 272.737391 -0.170975 0.976844 0.128621 -37.482221 0.395142 -0.051603 0.917170 40.513496
0.902487 0.207752 -0.377302 272.648532 -0.170962 0.976807 0.128920 -37.455895 0.395335 -0.051844 0.917073 40.481647
0.902864 0.207216 -0.376693 272.601483 -0.170824 0.976954 0.127983 -37.441406 0.394532 -0.051203 0.917454 40.453451
0.903472 0.207343 -0.375162 272.561176 -0.171298 0.976946 0.127411 -37.426124 0.392931 -0.050847 0.918161 40.438624
0.904185 0.207068 -0.373594 272.517116 -0.171466 0.977030 0.126540 -37.414394 0.391215 -0.050357 0.918921 40.414310
0.905189 0.207267 -0.371044 272.456680 -0.172220 0.977016 0.125622 -37.396976 0.388553 -0.049810 0.920079 40.394961
0.905548 0.208054 -0.369726 272.389963 -0.173078 0.976843 0.125784 -37.381216 0.387334 -0.049912 0.920587 40.356720
0.905786 0.208536 -0.368869 272.322116 -0.173600 0.976736 0.125899 -37.368601 0.386542 -0.050002 0.920915 40.320350
0.906460 0.209092 -0.366894 272.267841 -0.174345 0.976612 0.125827 -37.354730 0.384623 -0.050091 0.921714 40.293174
0.906429 0.209714 -0.366616 272.212083 -0.175073 0.976495 0.125727 -37.340185 0.384365 -0.049778 0.921838 40.247191
0.906808 0.210361 -0.365305 272.154978 -0.175999 0.976376 0.125359 -37.327829 0.383045 -0.049384 0.922409 40.214276
0.907155 0.210202 -0.364533 272.098434 -0.176234 0.976445 0.124484 -37.313011 0.382113 -0.048683 0.922832 40.178413
0.907741 0.210579 -0.362853 272.044611 -0.176955 0.976383 0.123951 -37.299742 0.380385 -0.048307 0.923566 40.158757
0.908125 0.210993 -0.361652 271.983925 -0.177897 0.976344 0.122905 -37.284943 0.379028 -0.047276 0.924177 40.119029
0.908701 0.211527 -0.359887 271.928785 -0.178699 0.976237 0.122586 -37.268529 0.377266 -0.047083 0.924907 40.087262
0.909539 0.211369 -0.357858 271.887056 -0.179073 0.976302 0.121520 -37.253274 0.375063 -0.046445 0.925835 40.076273
0.909771 0.211394 -0.357252 271.858596 -0.179009 0.976276 0.121825 -37.246658 0.374530 -0.046882 0.926029 40.068296
0.910419 0.211345 -0.355628 271.836324 -0.179088 0.976275 0.121715 -37.238336 0.372914 -0.047123 0.926668 40.060060
0.911389 0.210833 -0.353439 271.812181 -0.178986 0.976395 0.120900 -37.229842 0.370586 -0.046926 0.927612 40.039274
0.912296 0.210364 -0.351372 271.790358 -0.179239 0.976548 0.119279 -37.218192 0.368224 -0.045838 0.928606 40.033188
0.912816 0.210282 -0.350069 271.773323 -0.179245 0.976555 0.119215 -37.216038 0.366930 -0.046073 0.929107 40.026148
0.913544 0.210307 -0.348150 271.751026 -0.179382 0.976532 0.119194 -37.209429 0.365047 -0.046437 0.929830 40.021715
0.914167 0.209810 -0.346812 271.739340 -0.178954 0.976620 0.119114 -37.205146 0.363695 -0.046827 0.930340 40.013971
0.914647 0.209823 -0.345535 271.724713 -0.178936 0.976592 0.119373 -37.198067 0.362494 -0.047356 0.930782 40.013083
0.915180 0.209870 -0.344092 271.712792 -0.179049 0.976566 0.119415 -37.193694 0.361091 -0.047677 0.931311 40.014326
0.915786 0.209935 -0.342437 271.700941 -0.178971 0.976505 0.120032 -37.189529 0.359591 -0.048637 0.931842 40.016281
0.916435 0.209365 -0.341048 271.695793 -0.178435 0.976601 0.120049 -37.184827 0.358201 -0.049162 0.932349 40.011689
0.916573 0.209610 -0.340526 271.685664 -0.178563 0.976526 0.120470 -37.178103 0.357784 -0.049615 0.932485 40.010251
0.917383 0.209547 -0.338377 271.672200 -0.178323 0.976473 0.121247 -37.173630 0.355823 -0.050889 0.933167 40.018040
0.918108 0.209253 -0.336586 271.658646 -0.178144 0.976516 0.121167 -37.164846 0.354036 -0.051284 0.933825 40.027608
0.919020 0.209023 -0.334233 271.644907 -0.178061 0.976539 0.121106 -37.158371 0.351705 -0.051785 0.934677 40.034616
0.919694 0.208940 -0.332426 271.630455 -0.178004 0.976524 0.121308 -37.151861 0.349968 -0.052393 0.935295 40.040615
0.920261 0.208530 -0.331111 271.614712 -0.177718 0.976600 0.121119 -37.144483 0.348620 -0.052617 0.935786 40.048788
0.921153 0.208066 -0.328917 271.597453 -0.177253 0.976649 0.121400 -37.137525 0.346495 -0.053527 0.936523 40.044444
0.921923 0.207523 -0.327097 271.586443 -0.176815 0.976738 0.121327 -37.131757 0.344667 -0.054019 0.937170 40.037775
0.922397 0.207040 -0.326065 271.575282 -0.176514 0.976842 0.120926 -37.125756 0.343551 -0.053987 0.937581 40.033510
0.923207 0.207225 -0.323646 271.553830 -0.176561 0.976732 0.121740 -37.119007 0.341343 -0.055248 0.938314 40.033307
0.923775 0.206673 -0.322375 271.542152 -0.176041 0.976821 0.121781 -37.115308 0.340072 -0.055747 0.938746 40.031417
0.924734 0.206067 -0.320006 271.530207 -0.175641 0.976924 0.121530 -37.110198 0.337665 -0.056177 0.939589 40.031025
0.925768 0.205384 -0.317443 271.513035 -0.175175 0.977040 0.121274 -37.102725 0.335062 -0.056664 0.940491 40.026571
0.926108 0.205485 -0.316387 271.496729 -0.175137 0.976973 0.121868 -37.097425 0.334143 -0.057451 0.940770 40.027377
0.926809 0.205500 -0.314315 271.476349 -0.175048 0.976904 0.122547 -37.093526 0.332239 -0.058558 0.941376 40.029456
0.927699 0.204931 -0.312054 271.458160 -0.174687 0.977001 0.122287 -37.086001 0.329938 -0.058934 0.942161 40.036485
0.928196 0.204874 -0.310611 271.448630 -0.174797 0.977008 0.122073 -37.079815 0.328479 -0.059014 0.942666 40.033491
0.928570 0.204778 -0.309553 271.438244 -0.174767 0.977013 0.122071 -37.073981 0.327434 -0.059252 0.943014 40.036715
0.929213 0.204724 -0.307655 271.424235 -0.174574 0.976953 0.122830 -37.070766 0.325711 -0.060427 0.943537 40.039064
0.929887 0.204406 -0.305823 271.415609 -0.174546 0.977024 0.122298 -37.063156 0.323795 -0.060343 0.944201 40.041223
0.930608 0.204156 -0.303790 271.405227 -0.174697 0.977099 0.121488 -37.056599 0.321636 -0.059986 0.944961 40.043615
0.931106 0.203838 -0.302475 271.393905 -0.174760 0.977201 0.120572 -37.049103 0.320156 -0.059405 0.945501 40.047387
0.931594 0.203855 -0.300957 271.381725 -0.174891 0.977182 0.120535 -37.043754 0.318661 -0.059655 0.945990 40.048027
0.932080 0.203379 -0.299772 271.367038 -0.174641 0.977289 0.120029 -37.037101 0.317376 -0.059524 0.946430 40.041319
0.932459 0.203171 -0.298733 271.357939 -0.174611 0.977338 0.119671 -37.030978 0.316277 -0.059426 0.946804 40.054107
0.932994 0.203170 -0.297061 271.343263 -0.174731 0.977321 0.119635 -37.026368 0.314630 -0.059713 0.947334 40.051974
0.933353 0.202960 -0.296073 271.330524 -0.174580 0.977349 0.119627 -37.023835 0.313646 -0.059966 0.947645 40.054187
0.933839 0.203323 -0.294287 271.305751 -0.174980 0.977241 0.119925 -37.013771 0.311973 -0.060497 0.948163 40.062219
0.934636 0.203709 -0.291477 271.278433 -0.175396 0.977100 0.120464 -37.006221 0.309342 -0.061466 0.948962 40.068342
0.934945 0.204451 -0.289960 271.256013 -0.175888 0.976864 0.121652 -37.002772 0.308124 -0.062738 0.949275 40.058285
0.935432 0.204778 -0.288154 271.235579 -0.176151 0.976738 0.122285 -37.001362 0.306493 -0.063630 0.949744 40.060117
0.936047 0.205012 -0.285982 271.214233 -0.176487 0.976654 0.122473 -36.996910 0.304414 -0.064168 0.950376 40.071335
0.936608 0.205065 -0.284101 271.195497 -0.176471 0.976576 0.123116 -36.994014 0.302693 -0.065176 0.950857 40.081396
0.936899 0.205037 -0.283162 271.186575 -0.176219 0.976506 0.124031 -36.990425 0.301940 -0.066306 0.951018 40.078873
0.937630 0.204850 -0.280866 271.167407 -0.176323 0.976540 0.123613 -36.985643 0.299599 -0.066381 0.951753 40.087939
0.938100 0.205235 -0.279012 271.147871 -0.176561 0.976376 0.124563 -36.985839 0.297985 -0.067590 0.952175 40.092163
0.938381 0.205599 -0.277795 271.131844 -0.176858 0.976252 0.125114 -36.982958 0.296921 -0.068274 0.952458 40.098036
0.938882 0.205576 -0.276113 271.121843 -0.176872 0.976213 0.125397 -36.982641 0.295324 -0.068896 0.952910 40.104656
