0.999961 0.007644 0.004336 2.906999 -0.007636 0.999969 -0.001937 -0.019265 -0.004351 0.001903 0.999989 0.095357
0.999942 0.008960 0.005943 4.474543 -0.008946 0.999957 -0.002330 -0.041366 -0.005964 0.002277 0.999980 0.146985
0.999866 0.013297 0.009552 6.433639 -0.013298 0.999912 0.000089 -0.075438 -0.009550 -0.000216 0.999954 0.211625
0.999812 0.017462 0.008411 8.369249 -0.017458 0.999847 -0.000545 -0.117309 -0.008419 0.000398 0.999964 0.275637
0.999607 0.021311 0.018233 9.918795 -0.021341 0.999771 0.001433 -0.156462 -0.018198 -0.001822 0.999833 0.326982
0.999631 0.025012 0.010622 11.849106 -0.025036 0.999684 0.002209 -0.201169 -0.010564 -0.002474 0.999941 0.390872
0.999570 0.029210 0.002537 13.366030 -0.029209 0.999573 -0.000525 -0.251496 -0.002551 0.000450 0.999997 0.441350
0.999138 0.037940 0.016834 16.016230 -0.037868 0.999272 -0.004543 -0.351810 -0.016995 0.003901 0.999848 0.529763
0.998810 0.046885 0.013458 17.868471 -0.046793 0.998879 -0.007125 -0.438429 -0.013777 0.006487 0.999884 0.591850
0.998122 0.059061 0.016283 20.109249 -0.058911 0.998217 -0.009584 -0.570096 -0.016820 0.008607 0.999821 0.667441
0.997681 0.066256 0.015584 21.620754 -0.066103 0.997761 -0.010123 -0.671865 -0.016220 0.009070 0.999827 0.718662
0.996816 0.077714 0.017834 23.873809 -0.077546 0.996940 -0.009893 -0.849134 -0.018548 0.008479 0.999792 0.795470
0.996350 0.083135 0.019355 25.401143 -0.082905 0.996481 -0.012374 -0.982128 -0.020316 0.010724 0.999736 0.847766
0.995654 0.090823 0.020579 27.288611 -0.090500 0.995766 -0.016124 -1.155016 -0.021957 0.014191 0.999658 0.912547
0.994893 0.097904 0.024532 29.186626 -0.097562 0.995119 -0.014807 -1.344127 -0.025861 0.012338 0.999589 0.977962
0.994077 0.104775 0.028852 31.095857 -0.104549 0.994477 -0.009241 -1.546115 -0.029661 0.006170 0.999541 1.043974
0.993426 0.110109 0.031310 32.575034 -0.110028 0.993919 -0.004305 -1.711976 -0.031594 0.000832 0.999500 1.095284
0.992892 0.114462 0.032610 34.477482 -0.114372 0.993427 -0.004609 -1.930867 -0.032923 0.000846 0.999458 1.161377
0.992599 0.118693 0.025677 35.976170 -0.118508 0.992916 -0.008601 -2.115692 -0.026516 0.005494 0.999633 1.213664
0.991800 0.124951 0.026834 37.848370 -0.124735 0.992144 -0.009564 -2.357506 -0.027818 0.006139 0.999594 1.279177
0.990197 0.135365 0.034431 40.354596 -0.135020 0.990768 -0.012171 -2.700735 -0.035761 0.007403 0.999333 1.367226
0.989518 0.141445 0.029101 42.188127 -0.141129 0.989911 -0.012636 -2.964733 -0.030595 0.008397 0.999497 1.431873
0.988385 0.148947 0.030180 44.274154 -0.148560 0.988794 -0.014678 -3.279012 -0.032028 0.010024 0.999437 1.505670
0.987870 0.152250 0.030555 45.646219 -0.151807 0.988275 -0.016347 -3.487876 -0.032686 0.011510 0.999399 1.554249
0.986604 0.159647 0.033535 47.267286 -0.159023 0.987061 -0.020553 -3.749744 -0.036382 0.014945 0.999226 1.611913
0.985626 0.165682 0.033024 48.749979 -0.165115 0.986087 -0.019226 -4.001290 -0.035749 0.013497 0.999270 1.664870
0.984504 0.171647 0.035919 50.182227 -0.170965 0.985047 -0.021278 -4.257994 -0.039035 0.014807 0.999128 1.716270
0.983445 0.176349 0.041680 51.560895 -0.175697 0.984264 -0.018859 -4.508568 -0.044350 0.011223 0.998953 1.765810
0.983208 0.178553 0.037704 52.870738 -0.177911 0.983848 -0.019756 -4.748570 -0.040622 0.012717 0.999094 1.812911
0.982509 0.182654 0.036255 53.836700 -0.181919 0.983052 -0.022670 -4.933114 -0.039781 0.015678 0.999085 1.847781
0.981028 0.190064 0.038200 55.216656 -0.189352 0.981674 -0.021503 -5.211670 -0.041587 0.013862 0.999039 1.897863
0.980478 0.192686 0.039178 56.136605 -0.191869 0.981135 -0.023665 -5.396748 -0.042999 0.015686 0.998952 1.931239
0.979075 0.199200 0.041620 57.235053 -0.198482 0.979885 -0.020762 -5.627624 -0.044919 0.012067 0.998918 1.971268
0.978163 0.203859 0.040478 58.263816 -0.202975 0.978867 -0.024895 -5.847784 -0.044698 0.016136 0.998870 2.008828
0.976967 0.210243 0.036523 59.230220 -0.209458 0.977519 -0.024169 -6.060919 -0.040783 0.015962 0.999041 2.044224
0.975968 0.215007 0.035462 59.954987 -0.214214 0.976470 -0.024871 -6.225113 -0.039975 0.016677 0.999062 2.070847
0.974337 0.221925 0.037634 61.004946 -0.221051 0.974915 -0.026027 -6.472757 -0.042466 0.017040 0.998953 2.109591
0.973565 0.225482 0.036447 61.683731 -0.224621 0.974092 -0.026278 -6.638994 -0.041428 0.017396 0.998990 2.134748
0.972313 0.230496 0.038462 62.534361 -0.229523 0.972898 -0.028084 -6.851201 -0.043893 0.018479 0.998865 2.166344
0.971750 0.232940 0.037948 63.237222 -0.232031 0.972337 -0.026887 -7.026682 -0.043161 0.017323 0.998918 2.192453
0.970577 0.237837 0.037602 64.304464 -0.236992 0.971174 -0.025596 -7.299969 -0.042606 0.015931 0.998965 2.232220
0.970033 0.240345 0.035643 64.995958 -0.239501 0.970537 -0.026393 -7.481081 -0.040937 0.017066 0.999016 2.258058
0.969257 0.244116 0.030783 65.934238 -0.243272 0.969531 -0.028768 -7.724023 -0.036868 0.020395 0.999112 2.293068
0.968217 0.248353 0.029623 66.660805 -0.247526 0.968448 -0.028983 -7.919474 -0.035886 0.020729 0.999141 2.320309
0.967003 0.254468 0.012322 67.978577 -0.254104 0.966845 -0.025345 -8.283927 -0.018363 0.021378 0.999603 2.369894
0.965828 0.259144 0.004662 69.124799 -0.259013 0.965684 -0.019139 -8.602331 -0.009462 0.017277 0.999806 2.413049
0.964457 0.263623 0.018060 70.120208 -0.263192 0.964466 -0.023144 -8.882815 -0.023519 0.017568 0.999569 2.450597
0.961634 0.271259 0.040983 71.379795 -0.270189 0.962346 -0.029815 -9.248846 -0.047528 0.017598 0.998715 2.498308
0.959193 0.276742 0.057979 72.298454 -0.275276 0.960830 -0.032073 -9.520540 -0.064584 0.014804 0.997802 2.533191
0.956337 0.283386 0.071495 73.526255 -0.281239 0.958857 -0.038700 -9.886640 -0.079520 0.016903 0.996690 2.579864
0.955231 0.292007 0.047598 75.346856 -0.291056 0.956353 -0.025987 -10.454572 -0.053109 0.010970 0.998528 2.649521
0.954764 0.295169 0.036073 76.449423 -0.294615 0.955408 -0.019933 -10.801706 -0.040348 0.008403 0.999150 2.691763
0.953616 0.298881 0.035881 77.617943 -0.298492 0.954280 -0.015868 -11.175121 -0.038983 0.004422 0.999230 2.736630
0.952012 0.303646 0.038366 79.707849 -0.303447 0.952784 -0.011034 -11.851867 -0.039905 -0.001138 0.999203 2.817034
0.951131 0.305805 0.042819 80.981163 -0.305442 0.952094 -0.014941 -12.263483 -0.045336 0.001132 0.998971 2.866009
0.949912 0.309673 0.042069 82.627204 -0.309405 0.950843 -0.012906 -12.807310 -0.043998 -0.000757 0.999031 2.929530
0.948835 0.313655 0.036513 83.977572 -0.313486 0.949536 -0.010415 -13.265328 -0.037937 -0.001564 0.999279 2.981853
0.946369 0.320405 0.041542 86.095404 -0.320094 0.947281 -0.014109 -13.997321 -0.043873 0.000055 0.999037 3.064158
0.944400 0.326201 0.041256 87.936365 -0.325750 0.945296 -0.017411 -14.642423 -0.044678 0.003004 0.998997 3.135859
0.941527 0.334669 0.039046 90.173187 -0.334086 0.942313 -0.020804 -15.445048 -0.043757 0.006543 0.999021 3.223316
0.938606 0.342421 0.042032 92.085037 -0.341683 0.939512 -0.023863 -16.154803 -0.047661 0.008036 0.998831 3.298490
0.937083 0.346977 0.038517 93.619329 -0.346249 0.937825 -0.024389 -16.730628 -0.044584 0.009518 0.998960 3.358931
0.934827 0.352978 0.038793 95.179329 -0.352195 0.935575 -0.025670 -17.331696 -0.045355 0.010334 0.998917 3.420662
0.933210 0.356956 0.041237 97.165289 -0.356200 0.934084 -0.024670 -18.105857 -0.047325 0.008334 0.998845 3.499411
0.930566 0.363663 0.042391 99.561497 -0.362894 0.931498 -0.024888 -19.057648 -0.048538 0.007776 0.998791 3.594743
0.928812 0.368040 0.043057 101.158394 -0.367252 0.929778 -0.025264 -19.709745 -0.049332 0.007653 0.998753 3.658593
0.927336 0.371646 0.043905 102.775916 -0.370904 0.928353 -0.024296 -20.373040 -0.049789 0.006246 0.998740 3.723317
0.925703 0.375533 0.045254 104.816918 -0.375020 0.926808 -0.019663 -21.211242 -0.049326 0.001231 0.998782 3.805009
0.922833 0.381807 0.051009 106.888218 -0.381426 0.924236 -0.017390 -22.084818 -0.053784 -0.003408 0.998547 3.888323
0.920613 0.387175 0.050672 108.965004 -0.386823 0.921998 -0.016963 -22.973214 -0.053287 -0.003985 0.998571 3.972082
0.919079 0.391189 0.047584 110.627158 -0.390809 0.920307 -0.017427 -23.696686 -0.050609 -0.002580 0.998715 4.039341
0.916482 0.397273 0.047276 113.130213 -0.396754 0.917701 -0.020289 -24.803246 -0.051445 -0.000163 0.998676 4.140932
0.913527 0.404352 0.044367 115.602298 -0.403641 0.914593 -0.024347 -25.923567 -0.050422 0.004333 0.998719 4.241757
0.911152 0.409769 0.043483 117.270448 -0.408975 0.912169 -0.026216 -26.693721 -0.050406 0.006103 0.998710 4.310046
0.903642 0.426683 0.037053 122.967384 -0.425916 0.904360 -0.026977 -29.375136 -0.045019 0.008596 0.998949 4.544178
0.900853 0.432554 0.036897 124.957426 -0.431712 0.901553 -0.028768 -30.343986 -0.045708 0.009987 0.998905 4.626540
0.898137 0.438244 0.035959 126.514003 -0.437388 0.898793 -0.029363 -31.111686 -0.045188 0.010644 0.998922 4.691139
0.896003 0.442291 0.039474 128.911258 -0.441238 0.896793 -0.032736 -32.301874 -0.049879 0.011914 0.998684 4.790766
0.893595 0.447204 0.038690 130.474743 -0.446148 0.894347 -0.033087 -33.085904 -0.049399 0.012305 0.998703 4.855883
0.891941 0.450729 0.035838 132.390630 -0.449704 0.892558 -0.033270 -34.062711 -0.046983 0.013559 0.998804 4.935963
0.891650 0.451441 0.034071 134.320822 -0.450327 0.892148 -0.035732 -35.042826 -0.046527 0.016518 0.998780 5.016570
0.890709 0.453327 0.033645 136.219742 -0.452333 0.891227 -0.033310 -36.012117 -0.045085 0.014451 0.998879 5.095962
0.889462 0.456716 0.016341 138.072966 -0.455950 0.889268 -0.036229 -36.972877 -0.031078 0.024774 0.999210 5.173707
0.887820 0.460015 0.012712 139.869100 -0.459050 0.887225 -0.045869 -37.919483 -0.032379 0.034888 0.998867 5.249334
0.886470 0.462461 0.017347 141.651717 -0.461119 0.885834 -0.051639 -38.869396 -0.039248 0.037777 0.998515 5.324578
0.884825 0.465460 0.020783 143.071463 -0.463994 0.884338 -0.051530 -39.624077 -0.042365 0.035951 0.998455 5.384472
0.882680 0.469471 0.021747 144.472711 -0.468102 0.882347 -0.048413 -40.383044 -0.041917 0.032554 0.998591 5.443838
0.880379 0.473643 0.024412 146.196671 -0.472271 0.880225 -0.046510 -41.317461 -0.043517 0.029418 0.998619 5.516887
0.878238 0.477612 0.024194 147.972856 -0.476346 0.878148 -0.044165 -42.286964 -0.042340 0.027262 0.998731 5.592271
0.875922 0.481854 0.024028 149.351387 -0.480575 0.875820 -0.044574 -43.053771 -0.042522 0.027496 0.998717 5.651035
0.873675 0.486082 0.020387 151.034846 -0.484972 0.873479 -0.042857 -44.006193 -0.038640 0.027555 0.998873 5.723083
0.871691 0.489631 0.020403 152.669338 -0.488586 0.871546 -0.041134 -44.943637 -0.037923 0.025888 0.998945 5.793262
0.869808 0.492847 0.023150 153.965151 -0.491743 0.869780 -0.040882 -45.687851 -0.040284 0.024175 0.998896 5.848918
0.867952 0.496140 0.022437 155.563128 -0.495021 0.867880 -0.041709 -46.614258 -0.040166 0.025095 0.998878 5.917707
0.865453 0.500476 0.022684 156.875600 -0.499360 0.865402 -0.041461 -47.396933 -0.040381 0.024555 0.998883 5.974595
0.862956 0.504705 0.024059 158.199809 -0.503550 0.862964 -0.041614 -48.200440 -0.041765 0.023796 0.998844 6.032240
0.859427 0.510618 0.025589 159.837147 -0.509555 0.859572 -0.038588 -49.206929 -0.041699 0.020125 0.998928 6.103747
0.857723 0.513513 0.024790 161.141420 -0.512442 0.857827 -0.039194 -50.011067 -0.041392 0.020914 0.998924 6.160750
0.854711 0.518625 0.022305 162.766623 -0.517532 0.854677 -0.041092 -51.028961 -0.040374 0.023578 0.998906 6.232065
0.852991 0.521481 0.021530 164.391156 -0.520337 0.852888 -0.042804 -52.048809 -0.040684 0.025308 0.998851 6.303392
0.850106 0.526189 0.021097 166.278768 -0.525002 0.849958 -0.044095 -53.242918 -0.041134 0.026409 0.998805 6.386433
0.849368 0.527470 0.018687 167.539274 -0.526277 0.849074 -0.045895 -54.041665 -0.040075 0.029148 0.998771 6.441910
0.850821 0.525303 0.012695 169.119416 -0.524388 0.850383 -0.043184 -55.041746 -0.033480 0.030085 0.998986 6.511433
0.850389 0.525896 0.016485 170.336704 -0.524886 0.850097 -0.042773 -55.811552 -0.036508 0.027721 0.998949 6.564980
0.851444 0.524133 0.018107 171.865054 -0.523236 0.851317 -0.038528 -56.771623 -0.035609 0.023330 0.999093 6.632095
0.851312 0.524274 0.020128 173.083213 -0.523530 0.851369 -0.032972 -57.533476 -0.034422 0.017532 0.999254 6.685528
0.851487 0.523860 0.023232 174.303219 -0.523286 0.851739 -0.026707 -58.301655 -0.033778 0.010584 0.999373 6.739135
0.853443 0.520345 0.029581 175.831941 -0.519867 0.853947 -0.022654 -59.256818 -0.037049 0.003956 0.999306 6.806174
0.858297 0.511980 0.034667 177.353633 -0.511631 0.858996 -0.018974 -60.194041 -0.039493 -0.001451 0.999219 6.872663
0.865302 0.500382 0.029492 178.872328 -0.500135 0.865804 -0.015765 -61.105138 -0.033423 -0.001109 0.999441 6.938587
0.877851 0.478453 0.021449 180.654533 -0.478333 0.878113 -0.010754 -62.125365 -0.023980 -0.000819 0.999712 7.015075
0.887439 0.460443 0.021068 181.874354 -0.460433 0.887677 -0.005605 -62.794302 -0.021282 -0.004727 0.999762 7.066902
0.903552 0.427845 0.023277 183.642906 -0.427899 0.903822 -0.002873 -63.682279 -0.022267 -0.007364 0.999725 7.140578
0.915184 0.402109 0.027323 185.101630 -0.402294 0.915510 0.001411 -64.363842 -0.024447 -0.012283 0.999626 7.200439
0.924245 0.380700 0.028968 186.233450 -0.380928 0.924601 0.002600 -64.856173 -0.025794 -0.013438 0.999577 7.246233
0.935213 0.353872 0.012336 187.662249 -0.353876 0.935290 -0.001897 -65.434464 -0.012209 -0.002592 0.999922 7.303269
0.944517 0.328415 0.005474 188.787559 -0.328409 0.944533 -0.002142 -65.855208 -0.005874 0.000226 0.999983 7.347570
0.953490 0.301320 0.007987 189.910485 -0.301303 0.953523 -0.003227 -66.235114 -0.008588 0.000671 0.999963 7.391063
0.964719 0.263276 -0.001495 191.588209 -0.263263 0.964706 0.005855 -66.746646 0.002984 -0.005255 0.999982 7.455042
0.974099 0.225504 -0.016699 193.257213 -0.225409 0.974236 0.007360 -67.187068 0.017928 -0.003405 0.999833 7.517465
0.978396 0.206282 -0.013758 194.277691 -0.206091 0.978431 0.014087 -67.418847 0.016367 -0.010947 0.999806 7.554961
0.982163 0.187668 -0.011653 195.259642 -0.187502 0.982164 0.014023 -67.625212 0.014077 -0.011588 0.999834 7.590744
0.985623 0.168865 -0.005599 196.419310 -0.168748 0.985510 0.017153 -67.843817 0.008415 -0.015962 0.999837 7.632555
0.988190 0.153116 -0.006028 197.337020 -0.152862 0.987765 0.030861 -67.997884 0.010679 -0.029575 0.999506 7.665303
0.990693 0.135988 -0.005931 198.442853 -0.135647 0.989951 0.039954 -68.165020 0.011305 -0.038777 0.999184 7.704434
0.993172 0.116520 -0.005727 199.653563 -0.116165 0.992278 0.043477 -68.331377 0.010749 -0.042515 0.999038 7.746979
0.994515 0.104448 -0.005595 200.473237 -0.104127 0.993690 0.041693 -68.427691 0.009915 -0.040882 0.999115 7.775491
0.996103 0.087667 -0.009647 201.442371 -0.087241 0.995458 0.038118 -68.523713 0.012945 -0.037128 0.999227 7.808882
0.997285 0.071978 -0.015575 202.397782 -0.071271 0.996573 0.041985 -68.601596 0.018543 -0.040761 0.998997 7.841501
0.998019 0.059097 -0.021581 203.088933 -0.058154 0.997423 0.042012 -68.651507 0.024008 -0.040673 0.998884 7.864983
0.998484 0.047009 -0.028625 203.929357 -0.045818 0.998111 0.040922 -68.702064 0.030495 -0.039549 0.998752 7.893355
0.998784 0.038041 -0.031364 204.590654 -0.036890 0.998653 0.036482 -68.732417 0.032709 -0.035281 0.998842 7.915511
0.999072 0.029347 -0.031537 205.360997 -0.028152 0.998893 0.037689 -68.761740 0.032609 -0.036767 0.998792 7.941213
0.999102 0.016473 -0.039033 206.310701 -0.014826 0.999003 0.042116 -68.784008 0.039688 -0.041500 0.998350 7.972651
0.999025 0.005336 -0.043817 207.063914 -0.003763 0.999348 0.035915 -68.792199 0.043980 -0.035715 0.998394 7.997416
0.999124 -0.001843 -0.041803 207.627922 0.003357 0.999339 0.036184 -68.795205 0.041708 -0.036293 0.998470 8.015904
0.999500 -0.010275 -0.029895 208.316487 0.011340 0.999300 0.035664 -68.795859 0.029508 -0.035985 0.998917 8.038420
0.999812 -0.017881 -0.007482 208.900999 0.018099 0.999378 0.030250 -68.788466 0.006936 -0.030380 0.999514 8.057392
0.999697 -0.023743 -0.006486 209.421849 0.023956 0.999102 0.034933 -68.779717 0.005651 -0.035078 0.999369 8.074259
0.999557 -0.028677 -0.008015 210.074260 0.028975 0.998783 0.039906 -68.765314 0.006861 -0.040121 0.999171 8.095325
0.999360 -0.032238 -0.015526 210.636203 0.032825 0.998691 0.039223 -68.751428 0.014242 -0.039708 0.999110 8.113444
0.998617 -0.038321 -0.035999 211.441944 0.039473 0.998713 0.031861 -68.726319 0.034731 -0.033238 0.998844 8.139329
0.998370 -0.041282 -0.039414 212.116896 0.042626 0.998516 0.033891 -68.702732 0.037956 -0.035515 0.998648 8.160968
0.998029 -0.045276 -0.043465 213.007242 0.046936 0.998176 0.037971 -68.666942 0.041667 -0.039937 0.998333 8.189428
0.997916 -0.046678 -0.044546 213.738302 0.048287 0.998193 0.035764 -68.635767 0.042796 -0.037840 0.998367 8.212765
0.997682 -0.051086 -0.044959 214.691946 0.052545 0.998109 0.031886 -68.592324 0.043245 -0.034175 0.998480 8.243157
0.997448 -0.053314 -0.047479 215.476031 0.054840 0.998000 0.031449 -68.554781 0.045708 -0.033973 0.998377 8.268113
0.997116 -0.057581 -0.049430 216.491417 0.058981 0.997884 0.027348 -68.502846 0.047750 -0.030184 0.998403 8.300371
0.997029 -0.061453 -0.046440 217.715864 0.062534 0.997796 0.022206 -68.437273 0.044973 -0.025044 0.998674 8.339219
0.997043 -0.064164 -0.042291 218.781174 0.065145 0.997628 0.022228 -68.376401 0.040765 -0.024917 0.998858 8.372949
0.996991 -0.066829 -0.039283 220.064577 0.067715 0.997469 0.021691 -68.297910 0.037734 -0.024286 0.998993 8.413493
0.996914 -0.068798 -0.037810 220.889240 0.069578 0.997382 0.019704 -68.248919 0.036356 -0.022274 0.999091 8.439570
0.996841 -0.069424 -0.038576 221.717526 0.070320 0.997273 0.022383 -68.199067 0.036917 -0.025025 0.999005 8.465751
0.996618 -0.071871 -0.039835 222.721369 0.072800 0.997095 0.022380 -68.134217 0.038110 -0.025204 0.998956 8.497401
0.996397 -0.072996 -0.043184 223.902841 0.074106 0.996945 0.024691 -68.052918 0.041250 -0.027802 0.998762 8.534563
0.996332 -0.072210 -0.045912 224.676315 0.073470 0.996948 0.026382 -68.000308 0.043866 -0.029659 0.998597 8.558902
0.996047 -0.071716 -0.052406 225.999589 0.073158 0.996978 0.026147 -67.911953 0.050373 -0.029877 0.998283 8.600573
0.996046 -0.070586 -0.053950 227.251007 0.071995 0.997101 0.024640 -67.826754 0.052054 -0.028427 0.998240 8.639951
0.996076 -0.069780 -0.054438 228.091731 0.071177 0.997171 0.024159 -67.770094 0.052598 -0.027939 0.998225 8.666416
0.996040 -0.069134 -0.055904 228.733224 0.070469 0.997265 0.022279 -67.727174 0.054210 -0.026131 0.998188 8.686616
0.995850 -0.069733 -0.058488 229.496462 0.071116 0.997227 0.021908 -67.676218 0.056798 -0.025977 0.998048 8.710650
0.995824 -0.070283 -0.058273 230.029746 0.071643 0.997197 0.021591 -67.640424 0.056593 -0.025675 0.998067 8.727440
0.995671 -0.070858 -0.060160 230.656427 0.072085 0.997228 0.018465 -67.601164 0.058685 -0.022722 0.998018 8.747221
0.995483 -0.072498 -0.061305 231.093038 0.073691 0.997129 0.017438 -67.572134 0.059865 -0.021877 0.997967 8.760972
0.995437 -0.072502 -0.062031 231.562580 0.073692 0.997134 0.017113 -67.542595 0.060613 -0.021606 0.997927 8.775791
0.995405 -0.073053 -0.061906 231.873235 0.074156 0.997123 0.015707 -67.522623 0.060581 -0.020226 0.997958 8.785587
0.995296 -0.073182 -0.063484 232.126320 0.074270 0.997126 0.014942 -67.503934 0.062208 -0.019587 0.997871 8.793525
0.995186 -0.073723 -0.064572 232.434819 0.074920 0.997056 0.016309 -67.484170 0.063179 -0.021068 0.997780 8.803254
0.995128 -0.074005 -0.065142 232.571427 0.075142 0.997057 0.015187 -67.476380 0.063826 -0.020008 0.997760 8.807580
0.995025 -0.074463 -0.066183 232.680367 0.075558 0.997040 0.014193 -67.470319 0.064931 -0.019123 0.997707 8.811032
0.994984 -0.074739 -0.066486 232.778137 0.075811 0.997028 0.013738 -67.463636 0.065261 -0.018709 0.997693 8.814108
0.994930 -0.075250 -0.066715 232.865901 0.076310 0.996993 0.013483 -67.458292 0.065500 -0.018505 0.997681 8.816881
0.994926 -0.075292 -0.066736 232.908533 0.076358 0.996988 0.013563 -67.457415 0.065514 -0.018590 0.997678 8.818259
0.994915 -0.075216 -0.066983 232.943567 0.076308 0.996987 0.013900 -67.456966 0.065736 -0.018941 0.997657 8.819396
0.994864 -0.075184 -0.067777 232.952629 0.076299 0.996986 0.014012 -67.458668 0.066520 -0.019111 0.997602 8.819722
0.994785 -0.075078 -0.069035 232.943756 0.076213 0.996994 0.013957 -67.461847 0.067779 -0.019146 0.997517 8.819489
0.994784 -0.075107 -0.069017 232.940309 0.076258 0.996987 0.014194 -67.464052 0.067743 -0.019383 0.997514 8.819416
0.994788 -0.075137 -0.068930 232.939511 0.076284 0.996985 0.014165 -67.465535 0.067658 -0.019350 0.997521 8.819416
0.994789 -0.075147 -0.068902 232.939425 0.076294 0.996985 0.014163 -67.467076 0.067629 -0.019346 0.997523 8.819441
0.994787 -0.075140 -0.068936 232.939536 0.076289 0.996985 0.014184 -67.468184 0.067662 -0.019369 0.997520 8.819465
0.994787 -0.075164 -0.068918 232.939616 0.076304 0.996986 0.014053 -67.469175 0.067654 -0.019238 0.997523 8.819485
0.994780 -0.075203 -0.068974 232.939701 0.076347 0.996982 0.014107 -67.470416 0.067705 -0.019299 0.997519 8.819510
0.994790 -0.075235 -0.068798 232.939818 0.076378 0.996979 0.014135 -67.471776 0.067527 -0.019316 0.997530 8.819538
0.994789 -0.075226 -0.068817 232.939892 0.076377 0.996977 0.014241 -67.472514 0.067538 -0.019423 0.997528 8.819554
0.994791 -0.075181 -0.068834 232.939972 0.076330 0.996981 0.014213 -67.473505 0.067558 -0.019393 0.997527 8.819574
0.994784 -0.075215 -0.068901 232.939987 0.076355 0.996982 0.014062 -67.474259 0.067635 -0.019249 0.997524 8.819588
0.994785 -0.075226 -0.068878 232.940030 0.076365 0.996981 0.014045 -67.474880 0.067613 -0.019231 0.997526 8.819600
0.994782 -0.075275 -0.068860 232.940104 0.076414 0.996977 0.014046 -67.475619 0.067594 -0.019235 0.997527 8.819616
0.994781 -0.075280 -0.068879 232.940147 0.076412 0.996979 0.013949 -67.476240 0.067621 -0.019139 0.997527 8.819629
0.994789 -0.075257 -0.068784 232.940189 0.076375 0.996984 0.013773 -67.476860 0.067540 -0.018954 0.997536 8.819641
0.994778 -0.075271 -0.068932 232.940258 0.076404 0.996979 0.013946 -67.477348 0.067674 -0.019140 0.997524 8.819652
0.994780 -0.075253 -0.068917 232.940269 0.076376 0.996984 0.013796 -67.477851 0.067671 -0.018987 0.997527 8.819661
0.994768 -0.075295 -0.069044 232.940343 0.076426 0.996979 0.013885 -67.478589 0.067790 -0.019089 0.997517 8.819677
0.994764 -0.075325 -0.069065 232.940348 0.076454 0.996977 0.013859 -67.478841 0.067812 -0.019067 0.997516 8.819682
0.994765 -0.075204 -0.069193 232.940418 0.076347 0.996983 0.014017 -67.479328 0.067930 -0.019226 0.997505 8.819693
0.994759 -0.075174 -0.069314 232.940396 0.076311 0.996987 0.013908 -67.479713 0.068059 -0.019125 0.997498 8.819699
0.994760 -0.075123 -0.069350 232.940433 0.076268 0.996989 0.013998 -67.480083 0.068090 -0.019214 0.997494 8.819707
0.994754 -0.075071 -0.069492 232.940471 0.076218 0.996993 0.013998 -67.480452 0.068232 -0.019221 0.997484 8.819714
0.994753 -0.075078 -0.069493 232.940476 0.076229 0.996991 0.014051 -67.480703 0.068229 -0.019275 0.997484 8.819719
0.994746 -0.075135 -0.069537 232.940513 0.076284 0.996988 0.014012 -67.481073 0.068274 -0.019243 0.997481 8.819727
0.994743 -0.075117 -0.069599 232.940577 0.076270 0.996988 0.014056 -67.481308 0.068333 -0.019290 0.997476 8.819733
0.994737 -0.075143 -0.069658 232.940582 0.076291 0.996988 0.013972 -67.481560 0.068398 -0.019213 0.997473 8.819738
0.994731 -0.075141 -0.069749 232.940555 0.076290 0.996988 0.013958 -67.481694 0.068490 -0.019206 0.997467 8.819739
0.994726 -0.075159 -0.069791 232.940619 0.076306 0.996987 0.013918 -67.481929 0.068535 -0.019170 0.997465 8.819746
0.994716 -0.075229 -0.069866 232.957174 0.076369 0.996984 0.013790 -67.480955 0.068618 -0.019053 0.997461 8.820269
0.994706 -0.075214 -0.070016 232.987024 0.076355 0.996986 0.013764 -67.478885 0.068770 -0.019037 0.997451 8.821208
0.994739 -0.075121 -0.069657 233.033922 0.076233 0.996999 0.013446 -67.475327 0.068438 -0.018686 0.997480 8.822677
0.994735 -0.075173 -0.069656 233.072183 0.076287 0.996995 0.013462 -67.472100 0.068435 -0.018705 0.997480 8.823870
0.994701 -0.075053 -0.070268 233.102382 0.076179 0.997003 0.013489 -67.469682 0.069044 -0.018771 0.997437 8.824814
0.994693 -0.075093 -0.070335 233.110938 0.076218 0.997001 0.013438 -67.468360 0.069115 -0.018728 0.997433 8.825070
0.994660 -0.075264 -0.070616 233.103592 0.076404 0.996984 0.013585 -67.468087 0.069381 -0.018908 0.997411 8.824825
0.994635 -0.075414 -0.070809 233.104491 0.076553 0.996974 0.013509 -67.467209 0.069576 -0.018857 0.997398 8.824839
0.994617 -0.075483 -0.070992 233.133823 0.076621 0.996970 0.013438 -67.464394 0.069762 -0.018805 0.997386 8.825747
0.994607 -0.075511 -0.071104 233.171903 0.076649 0.996968 0.013412 -67.460965 0.069876 -0.018789 0.997379 8.826930
0.994595 -0.075590 -0.071176 233.208806 0.076721 0.996964 0.013295 -67.457856 0.069955 -0.018684 0.997375 8.828081
0.994584 -0.075554 -0.071367 233.258716 0.076666 0.996973 0.012961 -67.453982 0.070172 -0.018362 0.997366 8.829643
0.994571 -0.075639 -0.071466 233.300589 0.076736 0.996970 0.012730 -67.450782 0.070286 -0.018145 0.997362 8.830954
0.994557 -0.075761 -0.071526 233.354260 0.076823 0.996970 0.012216 -67.447021 0.070384 -0.017644 0.997364 8.832641
0.994541 -0.075871 -0.071638 233.398001 0.076911 0.996967 0.011871 -67.443945 0.070520 -0.017316 0.997360 8.834016
0.994484 -0.075802 -0.072492 233.467852 0.076817 0.996981 0.011311 -67.438300 0.071416 -0.016817 0.997305 8.836198
0.994497 -0.075811 -0.072302 233.528308 0.076805 0.996985 0.011074 -67.433447 0.071245 -0.016566 0.997321 8.838087
0.994434 -0.076008 -0.072958 233.644484 0.076995 0.996973 0.010809 -67.423767 0.071916 -0.016366 0.997276 8.841711
0.994356 -0.076584 -0.073426 233.774080 0.077563 0.996931 0.010581 -67.413210 0.072391 -0.016216 0.997245 8.845758
0.994239 -0.077222 -0.074336 233.989193 0.078175 0.996890 0.009982 -67.396024 0.073334 -0.015736 0.997183 8.852482
0.994150 -0.078214 -0.074481 234.204017 0.079090 0.996828 0.008880 -67.379170 0.073550 -0.014719 0.997183 8.859202
0.994020 -0.079115 -0.075267 234.541026 0.079968 0.996762 0.008384 -67.352641 0.074360 -0.014353 0.997128 8.869742
0.993932 -0.081072 -0.074340 234.951615 0.081864 0.996614 0.007665 -67.320463 0.073467 -0.013704 0.997204 8.882587
0.993818 -0.082135 -0.074703 235.314430 0.082793 0.996550 0.005744 -67.290943 0.073974 -0.011893 0.997189 8.893917
0.993562 -0.083915 -0.076116 235.679022 0.084393 0.996428 0.003083 -67.261445 0.075586 -0.009486 0.997094 8.905306
0.993194 -0.086928 -0.077519 236.179877 0.087362 0.996174 0.002213 -67.218939 0.077031 -0.008970 0.996988 8.920916
0.992586 -0.089751 -0.081967 236.621614 0.090180 0.995924 0.001542 -67.180162 0.081494 -0.008922 0.996634 8.934661
0.992003 -0.092649 -0.085712 237.220925 0.093138 0.995652 0.001719 -67.128383 0.085180 -0.009689 0.996318 8.953323
0.991354 -0.094794 -0.090732 237.700454 0.095277 0.995450 0.000993 -67.085116 0.090225 -0.009629 0.995875 8.968222
0.990759 -0.096072 -0.095740 238.311753 0.096520 0.995331 0.000048 -67.029055 0.095288 -0.009288 0.995406 8.987200
0.990394 -0.096799 -0.098736 238.963192 0.097528 0.995230 0.002571 -66.967611 0.098016 -0.012176 0.995110 9.007393
0.990228 -0.098207 -0.099012 239.517583 0.098908 0.995094 0.002180 -66.913411 0.098312 -0.011952 0.995084 9.024544
0.990767 -0.097394 -0.094311 240.241486 0.097797 0.995206 -0.000346 -66.845230 0.093892 -0.008881 0.995543 9.046985
0.991082 -0.097478 -0.090852 240.852987 0.098065 0.995178 0.002006 -66.788987 0.090218 -0.010897 0.995862 9.065966
0.991607 -0.095660 -0.086975 241.647454 0.096484 0.995320 0.005314 -66.713829 0.086060 -0.013661 0.996196 9.090589
0.992530 -0.094521 -0.077139 243.440736 0.094499 0.995517 -0.003955 -66.552550 0.077167 -0.003364 0.997013 9.146317
0.993666 -0.090922 -0.066040 244.292187 0.090664 0.995858 -0.006897 -66.477912 0.066393 0.000866 0.997793 9.172812
0.994351 -0.085148 -0.063364 245.134781 0.085470 0.996338 0.002378 -66.408599 0.062930 -0.007780 0.997988 9.199112
0.994738 -0.080691 -0.063121 245.823533 0.080885 0.996723 0.000521 -66.355318 0.062872 -0.005623 0.998006 9.220670
0.994479 -0.076720 -0.071596 246.648520 0.076313 0.997048 -0.008413 -66.293338 0.072030 0.002903 0.997398 9.246526
0.994239 -0.071373 -0.079962 247.312993 0.071569 0.997436 -0.000406 -66.249588 0.079786 -0.005319 0.996798 9.267462
0.994668 -0.065134 -0.079963 248.070151 0.065836 0.997811 0.006166 -66.200923 0.079386 -0.011398 0.996779 9.291339
0.994889 -0.063303 -0.078671 248.644280 0.063872 0.997947 0.004739 -66.163728 0.078210 -0.009740 0.996889 9.309439
0.994938 -0.059685 -0.080850 249.698253 0.060627 0.998118 0.009235 -66.102786 0.080146 -0.014090 0.996684 9.342797
0.994830 -0.062350 -0.080163 250.717206 0.063483 0.997915 0.011662 -66.045831 0.079269 -0.016691 0.996714 9.375082
0.994496 -0.068009 -0.079705 251.285019 0.069235 0.997519 0.012721 -66.012382 0.078642 -0.018170 0.996737 9.393043
0.993597 -0.080021 -0.079757 252.037778 0.081359 0.996591 0.013662 -65.958466 0.078392 -0.020063 0.996721 9.416682
0.991762 -0.099381 -0.080813 252.797019 0.100702 0.994839 0.012427 -65.890259 0.079161 -0.020463 0.996652 9.440278
0.988320 -0.127481 -0.083506 253.581086 0.129319 0.991458 0.016962 -65.801746 0.080630 -0.027562 0.996363 9.464322
0.983803 -0.157583 -0.085441 254.223630 0.159688 0.986997 0.018344 -65.710853 0.081440 -0.031691 0.996174 9.483698
0.974997 -0.204724 -0.086419 255.028164 0.206124 0.978497 0.007500 -65.567175 0.083025 -0.025125 0.996231 9.507425
0.964601 -0.248162 -0.089217 255.690904 0.249581 0.968341 0.004938 -65.416637 0.085168 -0.027030 0.996000 9.526395
0.950467 -0.296335 -0.093799 256.375509 0.297686 0.954664 0.000426 -65.225604 0.089421 -0.028328 0.995591 9.545355
0.929515 -0.357131 -0.091979 257.222176 0.358081 0.933668 -0.006520 -64.932309 0.088207 -0.026876 0.995740 9.567785
0.901956 -0.422078 -0.091241 258.073129 0.422861 0.906121 -0.011520 -64.578523 0.087538 -0.028192 0.995762 9.589273
0.861331 -0.501082 -0.083820 259.058637 0.501408 0.865010 -0.018647 -64.073185 0.081849 -0.025967 0.996306 9.612450
0.829870 -0.553237 -0.072423 259.704923 0.553508 0.832647 -0.018100 -63.679219 0.070317 -0.025066 0.997210 9.626530
0.772852 -0.632266 -0.054227 260.663071 0.632273 0.774508 -0.019201 -62.987059 0.054140 -0.019447 0.998344 9.645473
0.714791 -0.697119 -0.055660 261.447480 0.697166 0.716579 -0.021783 -62.301938 0.055070 -0.023234 0.998212 9.658863
0.662240 -0.746822 -0.060779 262.044664 0.747008 0.664374 -0.024194 -61.693055 0.058448 -0.029380 0.997858 9.667497
0.585183 -0.808122 -0.067077 262.858126 0.808777 0.587633 -0.023802 -60.706558 0.058651 -0.040322 0.997464 9.676449
0.535927 -0.841148 -0.072470 263.370071 0.842353 0.538513 -0.021108 -59.980272 0.056781 -0.049733 0.997147 9.680198
0.486812 -0.869761 -0.080810 263.960182 0.871601 0.489774 -0.020796 -59.010426 0.057667 -0.060310 0.996513 9.682148
0.461411 -0.883405 -0.081828 264.427207 0.885453 0.464309 -0.019736 -58.175722 0.055428 -0.063348 0.996451 9.682491
0.416851 -0.905029 -0.084605 265.539044 0.907104 0.420156 -0.025124 -55.948835 0.058285 -0.066272 0.996098 9.679021
0.401715 -0.911764 -0.085508 265.979861 0.913953 0.405039 -0.025161 -54.987330 0.057575 -0.068042 0.996020 9.676241
0.390448 -0.916931 -0.082386 266.538229 0.919021 0.393484 -0.023893 -53.717386 0.054325 -0.066386 0.996314 9.671789
0.385081 -0.919332 -0.080873 266.974144 0.921379 0.387975 -0.023148 -52.713453 0.052657 -0.065601 0.996456 9.668089
0.379211 -0.921929 -0.079037 267.527622 0.923941 0.381911 -0.021847 -51.416004 0.050326 -0.064741 0.996632 9.662986
0.375118 -0.923610 -0.078932 268.094714 0.925672 0.377747 -0.020966 -50.071203 0.049181 -0.065201 0.996659 9.657480
0.370818 -0.925485 -0.077281 268.673226 0.927590 0.373165 -0.018003 -48.677499 0.045500 -0.065010 0.996847 9.651474
0.368618 -0.926381 -0.077065 269.265219 0.928402 0.371057 -0.019664 -47.242930 0.046812 -0.064298 0.996832 9.645178
0.366255 -0.927650 -0.072964 269.861125 0.929355 0.368585 -0.021072 -45.778582 0.046441 -0.060091 0.997112 9.638477
0.365335 -0.928219 -0.070279 270.344904 0.929747 0.367568 -0.021551 -44.590076 0.045837 -0.057468 0.997295 9.633043
0.365179 -0.928339 -0.069505 270.947288 0.929761 0.367451 -0.022872 -43.075390 0.046772 -0.056271 0.997319 9.625654
0.372102 -0.925714 -0.067777 271.978662 0.926995 0.374338 -0.023502 -40.532476 0.047128 -0.054084 0.997424 9.613906
0.377289 -0.923807 -0.065067 272.768906 0.925077 0.379237 -0.020282 -38.611245 0.043412 -0.052540 0.997675 9.605389
0.379649 -0.922748 -0.066359 273.316860 0.924018 0.381732 -0.021696 -37.309990 0.045351 -0.053080 0.997560 9.600037
0.380936 -0.922190 -0.066734 273.860603 0.923425 0.383099 -0.022847 -36.018358 0.046635 -0.052921 0.997509 9.594719
0.381000 -0.922066 -0.068070 274.556334 0.923311 0.383295 -0.024130 -34.360324 0.048341 -0.053656 0.997389 9.587819
0.379585 -0.922603 -0.068699 275.108303 0.923961 0.381822 -0.022542 -33.038495 0.047028 -0.054918 0.997383 9.582230
0.378379 -0.923287 -0.066103 275.662702 0.924763 0.380179 -0.016685 -31.713979 0.040537 -0.054816 0.997673 9.576672
0.375722 -0.924056 -0.070380 276.344259 0.925274 0.378306 -0.027425 -30.050324 0.051967 -0.054817 0.997143 9.569208
0.372911 -0.925454 -0.066883 277.033639 0.926506 0.375298 -0.027164 -28.358479 0.050240 -0.051837 0.997391 9.561496
0.372703 -0.925858 -0.062279 277.735143 0.926834 0.374707 -0.023954 -26.657509 0.045514 -0.048795 0.997771 9.554017
0.372588 -0.925908 -0.062233 278.288916 0.927101 0.374336 -0.018859 -25.315582 0.040758 -0.050670 0.997883 9.548128
0.371319 -0.925792 -0.070935 279.005257 0.927191 0.373773 -0.024699 -23.579196 0.049380 -0.056599 0.997175 9.540500
0.373463 -0.925253 -0.066578 279.583158 0.926383 0.375736 -0.025251 -22.170227 0.048379 -0.052246 0.997462 9.534201
0.374738 -0.925170 -0.060261 280.290241 0.926066 0.376630 -0.023478 -20.444208 0.044418 -0.047007 0.997907 9.526457
0.375224 -0.925457 -0.052316 280.875803 0.926072 0.376711 -0.021898 -19.036438 0.039974 -0.040231 0.998390 9.520429
0.374312 -0.925557 -0.056868 281.455525 0.926157 0.376193 -0.026668 -17.623937 0.046076 -0.042687 0.998025 9.514127
0.373795 -0.925824 -0.055924 282.190491 0.926561 0.375461 -0.022652 -15.859323 0.041969 -0.043350 0.998178 9.506603
0.372028 -0.926627 -0.054379 282.777982 0.927287 0.373643 -0.023001 -14.437493 0.041631 -0.041868 0.998255 9.500388
0.367779 -0.928286 -0.054990 283.500490 0.928748 0.369635 -0.028237 -12.668688 0.046538 -0.040687 0.998088 9.492382
0.363919 -0.929788 -0.055298 284.216994 0.930217 0.365834 -0.029370 -10.874326 0.047538 -0.040751 0.998038 9.483724
0.361142 -0.930972 -0.053549 285.061361 0.931378 0.362938 -0.028493 -8.752017 0.045961 -0.039584 0.998159 9.473382
0.359662 -0.931475 -0.054754 285.626636 0.932020 0.361433 -0.026550 -7.323597 0.044521 -0.041483 0.998147 9.466323
0.359299 -0.931470 -0.057165 286.341208 0.932111 0.361186 -0.026724 -5.521667 0.045540 -0.043682 0.998007 9.457466
0.358341 -0.931832 -0.057282 286.906668 0.932441 0.360269 -0.027550 -4.089276 0.046308 -0.043540 0.997978 9.450341
0.355278 -0.932951 -0.058138 287.461830 0.933606 0.357243 -0.027524 -2.645527 0.046448 -0.044499 0.997929 9.442677
0.355660 -0.932573 -0.061751 288.400554 0.933575 0.357605 -0.023589 -0.233881 0.044081 -0.049259 0.997813 9.430247
0.355155 -0.932421 -0.066750 289.073227 0.933643 0.357370 -0.024442 1.497298 0.046645 -0.053640 0.997470 9.421286
0.354777 -0.932264 -0.070834 289.605414 0.933686 0.357219 -0.025022 2.878367 0.048630 -0.057260 0.997174 9.413991
0.353640 -0.932461 -0.073856 290.280147 0.934079 0.356211 -0.024703 4.634520 0.049343 -0.060251 0.996963 9.404651
0.353133 -0.932545 -0.075215 290.828267 0.934338 0.355655 -0.022856 6.049532 0.048065 -0.062206 0.996905 9.397270
0.351107 -0.933170 -0.076926 291.509088 0.935159 0.353598 -0.021143 7.823283 0.046931 -0.064514 0.996813 9.387814
0.349099 -0.933796 -0.078453 292.041906 0.935961 0.351557 -0.019627 9.221094 0.045908 -0.066577 0.996725 9.380241
0.345276 -0.934972 -0.081316 292.700817 0.937544 0.347540 -0.015106 10.975208 0.042384 -0.071021 0.996574 9.370420
0.340976 -0.936338 -0.083703 293.358315 0.939239 0.343069 -0.011594 12.738930 0.039572 -0.074664 0.996423 9.360380
0.336965 -0.937724 -0.084424 293.994298 0.940824 0.338801 -0.008015 14.489700 0.036118 -0.076727 0.996398 9.349869
0.328266 -0.941001 -0.082208 294.612171 0.943904 0.330089 -0.009274 16.224525 0.035862 -0.074552 0.996572 9.339052
0.320286 -0.943802 -0.081570 295.204310 0.946739 0.321919 -0.007354 17.925643 0.033199 -0.074870 0.996641 9.327995
0.312073 -0.946852 -0.077983 295.665502 0.949507 0.313634 -0.008338 19.293418 0.032353 -0.071443 0.996920 9.318618
0.300182 -0.951125 -0.072471 296.240153 0.953465 0.301429 -0.006676 21.041626 0.028194 -0.067095 0.997348 9.306148
0.289403 -0.954776 -0.068179 296.671604 0.956867 0.290466 -0.006009 22.413432 0.025541 -0.063499 0.997655 9.295727
