0.999937 0.010651 0.003439 3.263445 -0.010631 0.999926 -0.005905 0.000482 -0.003502 0.005868 0.999977 -0.001768
0.999813 0.018845 0.004430 5.174600 -0.018789 0.999746 -0.012438 -0.036880 -0.004663 0.012352 0.999913 -0.018712
0.999497 0.031644 -0.002146 7.209914 -0.031672 0.999399 -0.014108 -0.072779 0.001698 0.014169 0.999898 -0.020091
0.998951 0.045676 -0.003168 8.789936 -0.045724 0.998808 -0.017059 -0.112945 0.002385 0.017185 0.999849 -0.002292
0.997809 0.066120 -0.002434 10.833700 -0.066158 0.997567 -0.021995 -0.210797 0.000974 0.022108 0.999755 0.011149
0.995578 0.093851 -0.004172 13.313837 -0.093930 0.995210 -0.027087 -0.395629 0.001610 0.027359 0.999624 0.013382
0.992864 0.119029 -0.007329 15.299729 -0.119193 0.992450 -0.028917 -0.578067 0.003832 0.029584 0.999555 0.029807
0.990378 0.137979 -0.010616 16.919412 -0.138275 0.989743 -0.035891 -0.770058 0.005555 0.037013 0.999299 0.052243
0.986967 0.160669 -0.009037 18.791253 -0.160898 0.986247 -0.037796 -1.035346 0.002840 0.038758 0.999245 0.078020
0.983849 0.178599 -0.011996 20.354521 -0.178940 0.983052 -0.039871 -1.290317 0.004671 0.041373 0.999133 0.098261
0.979272 0.202123 -0.013138 22.249635 -0.202495 0.978451 -0.040378 -1.642743 0.004693 0.042202 0.999098 0.123704
0.974997 0.221556 -0.017139 23.769834 -0.222088 0.974160 -0.041095 -1.955465 0.007591 0.043874 0.999008 0.153138
0.969301 0.245044 -0.020240 25.604560 -0.245697 0.968459 -0.041470 -2.384769 0.009439 0.045170 0.998935 0.185517
0.964182 0.264138 -0.024177 27.076663 -0.264957 0.963365 -0.041552 -2.763063 0.012316 0.046469 0.998844 0.219416
0.956289 0.291122 -0.027558 29.260290 -0.292053 0.955568 -0.039936 -3.386710 0.014708 0.046239 0.998822 0.271969
0.949726 0.311964 -0.026454 31.002062 -0.312807 0.949042 -0.038352 -3.923369 0.013141 0.044699 0.998914 0.318194
0.944112 0.328113 -0.031526 32.374938 -0.329168 0.943513 -0.037839 -4.369080 0.017330 0.046101 0.998786 0.362937
0.937668 0.345916 -0.033472 34.073860 -0.347028 0.937140 -0.036608 -4.969908 0.018705 0.045942 0.998769 0.418463
0.930883 0.363702 -0.034312 35.784661 -0.364853 0.930323 -0.037166 -5.606340 0.018404 0.047116 0.998720 0.477481
0.923454 0.382096 -0.035160 37.146211 -0.383231 0.922999 -0.034732 -6.137400 0.019182 0.045548 0.998778 0.520747
0.915910 0.399498 -0.038850 38.491186 -0.400802 0.915496 -0.034999 -6.688615 0.021584 0.047627 0.998632 0.559873
0.906254 0.420359 -0.044739 40.161011 -0.421937 0.905960 -0.034732 -7.416150 0.025932 0.050353 0.998395 0.609062
0.895672 0.441563 -0.052846 42.119240 -0.443563 0.895569 -0.034752 -8.340807 0.031982 0.054567 0.997998 0.686250
0.886690 0.459133 -0.054562 43.703706 -0.461263 0.886537 -0.035898 -9.124372 0.031890 0.056998 0.997865 0.769650
0.877610 0.475714 -0.059129 45.280259 -0.478076 0.877623 -0.034947 -9.945639 0.035268 0.058938 0.997638 0.853033
0.870032 0.489124 -0.061663 46.511252 -0.491596 0.870167 -0.033815 -10.611508 0.037117 0.059733 0.997524 0.929060
0.861599 0.503405 -0.065050 47.998175 -0.506085 0.861822 -0.033778 -11.455296 0.039058 0.062024 0.997310 1.014310
0.855261 0.513837 -0.067081 49.239752 -0.516735 0.855389 -0.035976 -12.183327 0.038895 0.065432 0.997099 1.078787
0.848575 0.523855 -0.074142 50.447653 -0.527169 0.849060 -0.034502 -12.912789 0.044877 0.068363 0.996651 1.154536
0.839067 0.538801 -0.075230 51.772138 -0.541937 0.839924 -0.028837 -13.740243 0.047650 0.064966 0.996749 1.262931
0.830727 0.551662 -0.074577 52.789226 -0.554810 0.831445 -0.029761 -14.387104 0.045589 0.066100 0.996771 1.341860
0.819483 0.567859 -0.077350 54.019197 -0.571341 0.820064 -0.032623 -15.210986 0.044907 0.070927 0.996470 1.431963
0.808864 0.582209 -0.082288 55.238333 -0.586033 0.809656 -0.031992 -16.065064 0.047999 0.074100 0.996095 1.518714
0.800825 0.592865 -0.084801 56.081986 -0.596980 0.801542 -0.033850 -16.673137 0.047903 0.077732 0.995823 1.586914
0.790130 0.606028 -0.091785 57.403411 -0.610907 0.790815 -0.037483 -17.667047 0.049869 0.085688 0.995073 1.681136
0.781265 0.615922 -0.101316 58.564412 -0.621647 0.782416 -0.037147 -18.564479 0.056391 0.092005 0.994161 1.758393
0.774805 0.622613 -0.109683 59.238746 -0.629328 0.776108 -0.040039 -19.065925 0.060197 0.100049 0.993160 1.817852
0.767138 0.631003 -0.115478 59.942689 -0.638314 0.768748 -0.039765 -19.616833 0.063682 0.104217 0.992514 1.893620
0.758466 0.640915 -0.118136 60.747953 -0.648573 0.760079 -0.040411 -20.270332 0.063893 0.107270 0.992175 1.989136
0.749323 0.650785 -0.122448 61.539691 -0.658690 0.751519 -0.036703 -20.940170 0.068136 0.108158 0.991796 2.079093
0.742771 0.658082 -0.123364 62.075524 -0.666046 0.745052 -0.035783 -21.387677 0.068365 0.108744 0.991716 2.154556
0.734625 0.666846 -0.125073 62.722630 -0.674892 0.737140 -0.033845 -21.951317 0.069627 0.109274 0.991570 2.241345
0.725788 0.676048 -0.127247 63.445863 -0.684131 0.728720 -0.030527 -22.608122 0.072090 0.109210 0.991401 2.331008
0.720446 0.681320 -0.129463 63.838333 -0.689608 0.723575 -0.029656 -22.955879 0.073471 0.110644 0.991141 2.397061
0.713525 0.688502 -0.129796 64.315376 -0.696846 0.716615 -0.029483 -23.388657 0.072714 0.111485 0.991102 2.470811
0.707492 0.695100 -0.127639 64.841201 -0.703203 0.710392 -0.029120 -23.882794 0.070432 0.110358 0.991393 2.542736
0.697435 0.703987 -0.134114 65.502029 -0.712846 0.700730 -0.028776 -24.528171 0.073719 0.115672 0.990548 2.625429
0.691385 0.709332 -0.137241 65.895408 -0.718588 0.694842 -0.028761 -24.881488 0.074959 0.118505 0.990120 2.688772
0.676988 0.722320 -0.141212 66.540490 -0.731482 0.681550 -0.020593 -25.519703 0.081369 0.117235 0.989765 2.780460
0.665336 0.732776 -0.142714 67.036259 -0.742072 0.670047 -0.019150 -26.007123 0.081592 0.118646 0.989579 2.860420
0.655385 0.741537 -0.143502 67.479690 -0.751210 0.659700 -0.021881 -26.454270 0.078443 0.122140 0.989408 2.936233
0.646250 0.749783 -0.142077 67.923944 -0.759624 0.649852 -0.025758 -26.900518 0.073016 0.124571 0.989520 2.997418
0.637226 0.757467 -0.142082 68.342980 -0.767623 0.640218 -0.029592 -27.342903 0.068549 0.127922 0.989412 3.071439
0.623099 0.768634 -0.144741 68.957234 -0.778998 0.626454 -0.026799 -28.043453 0.070075 0.129451 0.989107 3.165420
0.609497 0.779252 -0.145877 69.564614 -0.789627 0.613117 -0.024014 -28.774383 0.070727 0.129825 0.989011 3.250190
0.594046 0.789832 -0.152558 70.261358 -0.801355 0.597604 -0.026452 -29.687491 0.070277 0.137967 0.987940 3.321849
0.583559 0.798308 -0.148873 70.808082 -0.809248 0.586946 -0.024720 -30.421639 0.067646 0.134901 0.988547 3.414796
0.574513 0.804372 -0.151392 71.246244 -0.815638 0.578071 -0.023844 -31.016265 0.068336 0.137180 0.988186 3.481813
0.567911 0.808370 -0.154968 71.660540 -0.820175 0.571612 -0.023954 -31.596484 0.069217 0.140705 0.987629 3.547648
0.561775 0.812450 -0.155992 72.133674 -0.824415 0.565487 -0.023757 -32.275164 0.068910 0.141948 0.987473 3.642322
0.558346 0.814150 -0.159406 72.592426 -0.826515 0.562476 -0.022217 -32.946309 0.071574 0.144156 0.986963 3.733785
0.557161 0.814389 -0.162304 72.959984 -0.826998 0.561859 -0.019708 -33.477804 0.075143 0.145206 0.986544 3.815332
0.557035 0.814245 -0.163453 73.418056 -0.827103 0.561666 -0.020750 -34.145974 0.074910 0.146751 0.986333 3.907440
0.558215 0.813319 -0.164039 73.850097 -0.826241 0.562943 -0.020527 -34.773341 0.075650 0.146994 0.986240 3.998427
0.559537 0.811889 -0.166598 74.260836 -0.825234 0.564394 -0.021153 -35.367965 0.076853 0.149318 0.985798 4.086282
0.562116 0.809601 -0.169034 74.668720 -0.823218 0.567368 -0.020127 -35.963712 0.079610 0.150466 0.985405 4.165984
0.567399 0.806062 -0.168291 75.061504 -0.819413 0.572899 -0.018668 -36.519891 0.081366 0.148492 0.985561 4.253858
0.577522 0.798609 -0.169387 75.517412 -0.812163 0.583089 -0.019967 -37.167201 0.082822 0.149101 0.985347 4.337215
0.589030 0.790479 -0.167886 75.875353 -0.803954 0.594259 -0.022658 -37.657887 0.081857 0.148319 0.985546 4.419597
0.610577 0.773825 -0.168492 76.374484 -0.787444 0.615878 -0.025007 -38.309900 0.084420 0.147946 0.985386 4.515065
0.626235 0.761449 -0.167407 76.719093 -0.774853 0.631621 -0.025641 -38.738064 0.086213 0.145773 0.985554 4.587615
0.639944 0.750368 -0.165587 77.048067 -0.763618 0.645059 -0.028026 -39.133214 0.085784 0.144381 0.985797 4.658173
0.651250 0.740787 -0.164649 77.314999 -0.753998 0.656189 -0.030034 -39.436719 0.085792 0.143705 0.985895 4.713687
0.664894 0.728642 -0.164307 77.610335 -0.742039 0.669506 -0.033755 -39.759619 0.085409 0.144365 0.985832 4.780751
0.672057 0.722029 -0.164357 77.766083 -0.735601 0.676447 -0.036209 -39.929792 0.085035 0.145235 0.985736 4.818279
0.678920 0.715423 -0.165041 77.934649 -0.729229 0.683201 -0.038233 -40.107342 0.085403 0.146310 0.985545 4.852030
0.684396 0.709914 -0.166206 78.030826 -0.723995 0.688657 -0.039782 -40.213135 0.086217 0.147559 0.985288 4.881206
0.688527 0.705827 -0.166552 78.109931 -0.720118 0.692587 -0.041871 -40.293487 0.085798 0.148766 0.985143 4.916518
0.690529 0.703788 -0.166889 78.161911 -0.718285 0.694370 -0.043783 -40.344185 0.085069 0.150107 0.985003 4.952230
0.691610 0.702627 -0.167306 78.187228 -0.717339 0.695229 -0.045621 -40.365184 0.084261 0.151567 0.984849 4.984426
0.692328 0.701609 -0.168603 78.176801 -0.716664 0.695812 -0.047320 -40.354987 0.084116 0.153593 0.984547 5.015382
0.692522 0.701261 -0.169252 78.177364 -0.716616 0.695697 -0.049677 -40.352788 0.082912 0.155691 0.984320 5.045250
0.692488 0.701232 -0.169510 78.196040 -0.716829 0.695301 -0.052082 -40.367023 0.081338 0.157576 0.984151 5.076937
0.690973 0.702557 -0.170207 78.191877 -0.718474 0.693412 -0.054549 -40.360631 0.079700 0.159981 0.983897 5.108188
0.688975 0.704423 -0.170592 78.188964 -0.720550 0.691113 -0.056307 -40.353515 0.078234 0.161714 0.983732 5.140850
0.685465 0.707711 -0.171125 78.155400 -0.724053 0.687319 -0.057791 -40.325339 0.076718 0.163517 0.983553 5.173170
0.680447 0.712437 -0.171539 78.102664 -0.728932 0.682063 -0.058716 -40.277625 0.075169 0.164994 0.983426 5.205952
0.674738 0.717544 -0.172801 78.034259 -0.734232 0.676392 -0.058293 -40.219934 0.075053 0.166209 0.983230 5.240764
0.669866 0.721857 -0.173786 77.948844 -0.738643 0.671662 -0.057242 -40.147329 0.075404 0.166710 0.983118 5.272086
0.666453 0.724569 -0.175614 77.854977 -0.741703 0.668248 -0.057621 -40.067387 0.075603 0.168656 0.982771 5.304009
0.664125 0.726253 -0.177469 77.775131 -0.743564 0.666339 -0.055719 -40.002054 0.077789 0.168964 0.982548 5.341767
0.663950 0.725999 -0.179153 77.719856 -0.743569 0.666366 -0.055321 -39.957488 0.079218 0.169943 0.982265 5.373307
0.666302 0.723480 -0.180604 77.701835 -0.741216 0.669059 -0.054388 -39.948525 0.081486 0.170105 0.982051 5.411059
0.670423 0.719402 -0.181640 77.718353 -0.737321 0.673331 -0.054623 -39.969561 0.083007 0.170548 0.981847 5.447447
0.674919 0.714890 -0.182801 77.767835 -0.733044 0.677935 -0.055232 -40.019251 0.084442 0.171278 0.981597 5.483969
0.676764 0.712814 -0.184084 77.813518 -0.731188 0.679932 -0.055286 -40.062774 0.085756 0.172016 0.981354 5.522995
0.676454 0.713048 -0.184316 77.835688 -0.731654 0.679250 -0.057464 -40.080917 0.084222 0.173728 0.981186 5.553009
0.676086 0.713162 -0.185224 77.854101 -0.732041 0.678722 -0.058761 -40.095163 0.083810 0.175319 0.980938 5.587247
0.675553 0.713467 -0.185990 77.858976 -0.732691 0.677806 -0.061178 -40.097211 0.082417 0.177603 0.980645 5.618810
0.675829 0.713051 -0.186583 77.869063 -0.732556 0.677761 -0.063264 -40.104576 0.081348 0.179438 0.980400 5.650219
0.676061 0.712555 -0.187634 77.873311 -0.732385 0.677793 -0.064873 -40.108096 0.080951 0.181278 0.980094 5.682874
0.676820 0.711743 -0.187981 77.889685 -0.731796 0.678239 -0.066830 -40.122312 0.079930 0.182795 0.979896 5.710996
0.678276 0.710199 -0.188571 77.944637 -0.730532 0.679390 -0.068939 -40.171505 0.079153 0.184516 0.979637 5.749778
0.678992 0.709404 -0.188987 77.976814 -0.730021 0.679673 -0.071512 -40.200595 0.077719 0.186521 0.979372 5.782299
0.680499 0.707901 -0.189200 78.018139 -0.728707 0.680880 -0.073405 -40.239680 0.076859 0.187823 0.979191 5.815770
0.681871 0.706417 -0.189809 78.073846 -0.727512 0.681916 -0.075610 -40.292125 0.076022 0.189645 0.978905 5.854338
0.683569 0.704643 -0.190296 78.131412 -0.726034 0.683196 -0.078221 -40.346751 0.074892 0.191630 0.978606 5.890270
0.685325 0.703047 -0.189880 78.185089 -0.724574 0.684411 -0.081083 -40.399447 0.072951 0.193150 0.978453 5.913954
0.688614 0.699858 -0.189763 78.285993 -0.721497 0.687445 -0.082835 -40.496759 0.072479 0.193954 0.978329 5.943148
0.690316 0.698067 -0.190176 78.334473 -0.719973 0.688740 -0.085304 -40.542577 0.071434 0.195808 0.978037 5.972315
0.692164 0.695952 -0.191204 78.404753 -0.718246 0.690238 -0.087715 -40.603669 0.070931 0.198044 0.977623 5.992676
0.693613 0.694083 -0.192745 78.436911 -0.716870 0.691358 -0.090121 -40.628924 0.070705 0.200682 0.977102 6.011634
0.693718 0.693602 -0.194094 78.454863 -0.716782 0.691243 -0.091692 -40.639323 0.070569 0.202731 0.976688 6.027893
0.694238 0.692850 -0.194917 78.459680 -0.716314 0.691523 -0.093223 -40.639803 0.070200 0.204341 0.976379 6.046466
0.694206 0.692840 -0.195065 78.462952 -0.716434 0.691210 -0.094608 -40.639734 0.069283 0.205429 0.976217 6.068771
0.694546 0.692228 -0.196025 78.471818 -0.716141 0.691293 -0.096215 -40.644202 0.068908 0.207207 0.975867 6.088186
0.694667 0.692003 -0.196391 78.477831 -0.716123 0.691052 -0.098053 -40.645236 0.067863 0.208754 0.975611 6.110095
0.694503 0.692040 -0.196839 78.475215 -0.716401 0.690463 -0.100153 -40.640338 0.066600 0.210572 0.975307 6.134186
0.694299 0.691978 -0.197777 78.481037 -0.716717 0.689750 -0.102764 -40.639446 0.065307 0.213099 0.974846 6.156430
0.693916 0.692096 -0.198703 78.476202 -0.717146 0.689060 -0.104395 -40.633528 0.064667 0.214940 0.974484 6.179241
0.693611 0.692251 -0.199229 78.480129 -0.717535 0.688377 -0.106210 -40.635907 0.063620 0.216622 0.974180 6.201310
0.693937 0.691506 -0.200675 78.491104 -0.717287 0.688224 -0.108840 -40.644189 0.062846 0.219470 0.973593 6.219138
0.694445 0.690605 -0.202017 78.504596 -0.716803 0.688464 -0.110504 -40.659680 0.062767 0.221545 0.973128 6.241045
0.696922 0.688098 -0.202040 78.561707 -0.714493 0.690432 -0.113151 -40.721916 0.061636 0.223214 0.972819 6.268593
0.702845 0.682016 -0.202147 78.665925 -0.708573 0.696299 -0.114422 -40.834914 0.062717 0.223657 0.972648 6.302697
0.709569 0.674891 -0.202571 78.791862 -0.701591 0.703375 -0.114164 -40.968103 0.065435 0.223129 0.972590 6.340959
0.729314 0.652899 -0.204509 79.133592 -0.680499 0.723189 -0.117980 -41.303318 0.070869 0.225213 0.971729 6.380875
0.744038 0.635839 -0.205223 79.386391 -0.663903 0.738109 -0.120119 -41.540082 0.075101 0.225621 0.971316 6.408078
0.772530 0.600953 -0.205066 79.858763 -0.629401 0.767422 -0.122139 -41.947654 0.083973 0.223425 0.971097 6.452439
0.794513 0.571808 -0.204413 80.276029 -0.600503 0.789865 -0.124538 -42.278309 0.090247 0.221698 0.970930 6.495097
0.823893 0.529164 -0.202944 80.833307 -0.558019 0.820011 -0.127266 -42.693477 0.099072 0.218101 0.970885 6.551276
0.845787 0.492701 -0.204670 81.323384 -0.522599 0.842311 -0.131918 -43.026179 0.107400 0.218535 0.969901 6.617852
0.871584 0.444467 -0.206856 81.986800 -0.475211 0.869657 -0.133680 -43.435169 0.120478 0.214814 0.969196 6.705268
0.890996 0.403474 -0.208168 82.792841 -0.433350 0.892528 -0.124907 -43.877566 0.135399 0.201501 0.970085 6.834370
0.907416 0.366033 -0.206438 83.852078 -0.395238 0.910262 -0.123327 -44.369977 0.142771 0.193501 0.970656 6.955989
0.914047 0.351094 -0.203104 84.609613 -0.379473 0.917055 -0.122518 -44.693120 0.143243 0.189059 0.971462 7.072915
0.921142 0.330125 -0.206191 86.295959 -0.356591 0.928102 -0.107095 -45.384793 0.156011 0.172176 0.972634 7.313978
0.926565 0.321876 -0.194611 87.748853 -0.345042 0.933342 -0.099086 -45.953183 0.149745 0.158959 0.975863 7.569831
0.926023 0.325056 -0.191886 88.649897 -0.346559 0.933613 -0.090909 -46.271357 0.149597 0.150684 0.977198 7.671123
0.923854 0.324899 -0.202321 90.139438 -0.345337 0.935508 -0.074610 -46.835705 0.165032 0.138797 0.976473 7.907651
0.923956 0.324138 -0.203078 91.455070 -0.344086 0.936238 -0.071157 -47.339155 0.167065 0.135622 0.976574 8.110838
0.923982 0.324103 -0.203013 92.447994 -0.344045 0.936252 -0.071174 -47.740454 0.167004 0.135609 0.976586 8.280276
0.927485 0.308031 -0.211869 93.801929 -0.329195 0.941491 -0.072283 -48.240623 0.177208 0.136788 0.974621 8.526836
0.933296 0.280607 -0.224093 95.430802 -0.304029 0.949528 -0.077221 -48.824064 0.191114 0.140201 0.971504 8.837437
0.941343 0.240445 -0.236768 96.766190 -0.267319 0.959548 -0.088358 -49.262051 0.205945 0.146468 0.967540 9.111262
0.950821 0.198405 -0.237857 97.869149 -0.228289 0.967891 -0.105222 -49.556285 0.209343 0.154347 0.965584 9.360450
0.961459 0.152564 -0.228736 99.025806 -0.182174 0.976592 -0.114367 -49.854742 0.205933 0.151629 0.966747 9.591879
0.969681 0.095361 -0.225001 100.499376 -0.124738 0.984886 -0.120163 -50.161311 0.210141 0.144586 0.966921 9.869393
0.974079 0.049860 -0.220643 101.731508 -0.078803 0.989101 -0.124378 -50.429968 0.212037 0.138541 0.967392 10.103546
0.976570 0.003479 -0.215173 103.254145 -0.031090 0.991661 -0.125067 -50.438186 0.212943 0.128826 0.968534 10.433274
0.975612 -0.045125 -0.214813 104.796045 0.017175 0.991333 -0.130244 -50.490336 0.218829 0.123378 0.967932 10.766023
0.973889 -0.079475 -0.212660 106.038742 0.051801 0.989804 -0.132682 -50.526311 0.221037 0.118202 0.968076 11.031644
0.970193 -0.118414 -0.211435 107.652260 0.090809 0.986561 -0.135835 -50.482887 0.224678 0.112586 0.967907 11.388406
0.967401 -0.139171 -0.211580 108.955326 0.111967 0.984419 -0.135580 -50.352258 0.227152 0.107471 0.967911 11.670340
0.962455 -0.157835 -0.220835 110.988980 0.130706 0.982517 -0.132572 -50.078944 0.237899 0.098730 0.966259 12.113967
0.959071 -0.167360 -0.228416 112.687489 0.141148 0.981842 -0.126742 -49.839576 0.245480 0.089314 0.965279 12.506154
0.962103 -0.162417 -0.219038 113.998390 0.138723 0.983080 -0.119625 -49.607330 0.234761 0.084706 0.968355 12.820238
0.961582 -0.158024 -0.224474 115.647135 0.135281 0.984295 -0.113413 -49.318494 0.238871 0.078689 0.967858 13.199596
0.960226 -0.160060 -0.228796 117.346393 0.137955 0.984350 -0.109650 -49.097634 0.242766 0.073725 0.967279 13.605110
0.959673 -0.160136 -0.231048 118.697927 0.138100 0.984436 -0.108690 -48.912314 0.244857 0.072399 0.966852 13.928784
0.960193 -0.156953 -0.231074 120.460359 0.135200 0.984998 -0.107241 -48.670096 0.244439 0.071731 0.967008 14.360275
0.963196 -0.120785 -0.240135 124.569983 0.096471 0.989173 -0.110590 -48.148415 0.250893 0.083354 0.964420 15.402333
0.963495 -0.110020 -0.244076 125.982784 0.084703 0.990099 -0.111932 -47.992339 0.253974 0.087172 0.963275 15.755786
0.966556 -0.090648 -0.239900 127.688215 0.065915 0.991832 -0.109200 -47.811726 0.247839 0.089735 0.964636 16.188014
0.967460 -0.081878 -0.239411 129.047291 0.057045 0.992416 -0.108884 -47.711733 0.246510 0.091684 0.964794 16.524989
0.966545 -0.069873 -0.246795 130.839802 0.044031 0.993096 -0.108725 -47.601001 0.252688 0.094221 0.962949 16.956090
0.968956 -0.058624 -0.240183 132.260116 0.032737 0.993349 -0.110391 -47.579506 0.245057 0.099101 0.964431 17.314025
0.969455 -0.041855 -0.241673 134.705476 0.016039 0.994041 -0.107820 -47.512273 0.244746 0.100650 0.964349 17.911538
0.970591 -0.029939 -0.238865 136.067665 0.004618 0.994369 -0.105870 -47.453304 0.240689 0.101653 0.965264 18.238585
0.969611 -0.020241 -0.243814 137.843785 -0.005227 0.994631 -0.103356 -47.438742 0.244597 0.101490 0.964299 18.666780
0.970223 -0.015492 -0.241716 139.227450 -0.009861 0.994599 -0.103325 -47.428190 0.242012 0.102631 0.964830 18.999033
0.970790 0.003453 -0.239904 141.289485 -0.027900 0.994738 -0.098580 -47.439523 0.238301 0.102394 0.965778 19.494677
0.970083 0.019251 -0.242011 142.947121 -0.044318 0.994143 -0.098565 -47.481853 0.238696 0.106341 0.965254 19.884326
0.968629 0.039592 -0.245338 144.864031 -0.064173 0.993594 -0.093020 -47.540315 0.240083 0.105846 0.964965 20.340085
0.967463 0.059067 -0.246020 146.962108 -0.083647 0.992361 -0.090683 -47.671736 0.238784 0.108311 0.965013 20.842793
0.968006 0.076911 -0.238851 148.376374 -0.100034 0.991240 -0.086233 -47.723672 0.230126 0.107367 0.967220 21.178550
0.967515 0.081624 -0.239275 149.417031 -0.106030 0.990195 -0.090952 -47.827827 0.229504 0.113368 0.966683 21.426468
0.965820 0.090209 -0.243009 150.752927 -0.115616 0.988989 -0.092380 -47.933468 0.232000 0.117319 0.965615 21.721460
0.965349 0.099209 -0.241367 151.964137 -0.124978 0.987709 -0.093871 -48.075160 0.229088 0.120784 0.965883 21.997508
0.964761 0.106236 -0.240728 153.106258 -0.132577 0.986516 -0.095963 -48.225917 0.227287 0.124496 0.965837 22.259776
0.964077 0.113272 -0.240262 153.923633 -0.139590 0.985597 -0.095459 -48.315899 0.225989 0.125568 0.966003 22.443233
0.963530 0.119923 -0.239226 154.918960 -0.146083 0.984726 -0.094738 -48.433483 0.224210 0.126229 0.966331 22.664686
0.961814 0.125417 -0.243279 155.904151 -0.152044 0.983904 -0.093885 -48.583006 0.227589 0.127289 0.965402 22.885211
0.960316 0.126279 -0.248691 156.872607 -0.153508 0.983737 -0.093253 -48.735605 0.232870 0.127728 0.964083 23.104346
0.960748 0.126406 -0.246949 157.603125 -0.154345 0.983225 -0.097192 -48.917300 0.230521 0.131492 0.964142 23.275716
0.961037 0.125891 -0.246087 158.312498 -0.153595 0.983385 -0.096758 -49.066012 0.229817 0.130786 0.964406 23.439234
0.958659 0.131881 -0.252151 159.508724 -0.159425 0.982910 -0.092037 -49.264928 0.235704 0.128432 0.963301 23.714269
0.957923 0.136923 -0.252261 160.670623 -0.165247 0.981700 -0.094650 -49.506249 0.234685 0.132353 0.963019 23.977098
0.957335 0.143384 -0.250899 161.473199 -0.171643 0.980614 -0.094522 -49.602598 0.232482 0.133554 0.963388 24.173173
0.956697 0.154116 -0.246939 162.478872 -0.180981 0.979367 -0.089929 -49.741505 0.227984 0.130726 0.964849 24.411511
0.954268 0.159477 -0.252863 163.232575 -0.187523 0.978051 -0.090840 -49.895901 0.232826 0.134104 0.963228 24.583898
0.952824 0.168892 -0.252193 164.378854 -0.196271 0.976638 -0.087493 -50.072828 0.231524 0.132863 0.963714 24.846536
0.950293 0.176171 -0.256725 165.501168 -0.204051 0.975164 -0.086133 -50.275943 0.235174 0.134237 0.962639 25.128412
0.950721 0.181960 -0.251038 166.247561 -0.209070 0.974139 -0.085697 -50.389830 0.228953 0.133958 0.964176 25.298150
0.949855 0.188408 -0.249554 167.139744 -0.214870 0.973095 -0.083173 -50.499044 0.227169 0.132624 0.964782 25.500060
0.945510 0.194298 -0.261263 168.035284 -0.219433 0.973080 -0.070461 -50.693073 0.240539 0.123952 0.962693 25.696250
0.940650 0.200308 -0.273959 168.937185 -0.225162 0.972336 -0.062170 -50.933629 0.253927 0.120166 0.959730 25.875426
0.938906 0.214277 -0.269335 170.024766 -0.238269 0.969382 -0.059389 -51.166715 0.248362 0.119935 0.961214 26.138901
0.939688 0.221831 -0.260342 170.762330 -0.245785 0.967278 -0.062951 -51.316638 0.237859 0.123142 0.963462 26.339331
0.940494 0.226031 -0.253735 171.716130 -0.249546 0.966230 -0.064235 -51.524755 0.230647 0.123731 0.965139 26.519842
0.944315 0.224383 -0.240670 172.512283 -0.246656 0.966825 -0.066405 -51.757472 0.217786 0.122070 0.968333 26.696102
0.945658 0.222400 -0.237211 173.307359 -0.244483 0.967283 -0.067761 -51.945579 0.214380 0.122073 0.969092 26.874652
0.944990 0.220730 -0.241394 174.373128 -0.243965 0.967208 -0.070643 -52.198102 0.217885 0.125649 0.967853 27.117124
0.942225 0.216361 -0.255734 175.443624 -0.239562 0.968837 -0.062967 -52.445525 0.234141 0.120593 0.964694 27.354462
0.942255 0.208980 -0.261694 176.379394 -0.232291 0.970719 -0.061205 -52.722371 0.241240 0.118460 0.963208 27.551332
0.940908 0.199500 -0.273662 177.767237 -0.223104 0.973085 -0.057699 -53.064324 0.254786 0.115345 0.960094 27.850888
0.939776 0.196923 -0.279361 178.966865 -0.219212 0.974364 -0.050597 -53.360833 0.262236 0.108789 0.958852 28.167633
0.940553 0.195917 -0.277446 180.167458 -0.217583 0.974798 -0.049267 -53.622814 0.260801 0.106705 0.959477 28.455511
0.940447 0.196811 -0.277174 181.094453 -0.218199 0.974711 -0.048238 -53.821013 0.260671 0.105845 0.959608 28.706711
0.938050 0.199459 -0.283333 182.076858 -0.221593 0.973957 -0.048003 -54.039130 0.266380 0.107814 0.957819 28.947509
0.934515 0.208550 -0.288424 183.541077 -0.231074 0.971849 -0.045984 -54.387948 0.270715 0.109620 0.956398 29.333412
0.930698 0.219569 -0.292558 184.760009 -0.243953 0.968540 -0.049171 -54.692271 0.272558 0.117133 0.954983 29.662806
0.926852 0.232194 -0.295011 185.968419 -0.257567 0.964981 -0.049706 -55.018647 0.273139 0.122056 0.954200 30.011096
0.922405 0.244362 -0.299093 186.954608 -0.271447 0.961050 -0.051956 -55.296677 0.274747 0.129113 0.952809 30.284918
0.917285 0.263180 -0.298872 188.397389 -0.290737 0.955444 -0.050975 -55.768292 0.272140 0.133652 0.952931 30.718980
0.912805 0.278008 -0.299164 189.543430 -0.306133 0.950640 -0.050656 -56.122655 0.270315 0.137823 0.952856 31.029214
0.909029 0.291327 -0.297984 190.396476 -0.320146 0.945950 -0.051819 -56.438084 0.266782 0.142504 0.953163 31.275085
0.907036 0.296042 -0.299409 191.227156 -0.325589 0.944028 -0.052936 -56.767471 0.266979 0.145499 0.952655 31.487892
0.905726 0.301587 -0.297834 192.198736 -0.330629 0.942370 -0.051213 -57.145581 0.265225 0.144858 0.953243 31.744437
0.905655 0.300846 -0.298798 193.099072 -0.330532 0.942301 -0.053082 -57.494646 0.265588 0.146837 0.952839 31.961711
0.905973 0.298887 -0.299798 193.927987 -0.329662 0.942396 -0.056688 -57.808919 0.265585 0.150190 0.952317 32.151562
0.907486 0.296503 -0.297582 194.510670 -0.328285 0.942542 -0.061992 -58.044027 0.262103 0.153949 0.952681 32.320931
0.908530 0.295283 -0.295604 195.224442 -0.328165 0.942211 -0.067419 -58.311506 0.258614 0.158259 0.952929 32.501724
0.907987 0.293576 -0.298952 196.013695 -0.327405 0.942362 -0.068990 -58.607000 0.261467 0.160520 0.951771 32.682955
0.908559 0.287625 -0.302973 196.505513 -0.322562 0.943863 -0.071254 -58.785451 0.265471 0.162466 0.950332 32.794603
0.910074 0.280129 -0.305439 197.284802 -0.314759 0.946611 -0.069670 -59.056529 0.269616 0.159544 0.949659 33.002544
0.911389 0.273235 -0.307753 197.813538 -0.307491 0.949122 -0.067945 -59.261259 0.273531 0.156556 0.949037 33.129696
0.917239 0.253536 -0.307233 198.542578 -0.287688 0.955110 -0.070708 -59.478490 0.275514 0.153243 0.949004 33.321035
0.923401 0.227382 -0.309237 199.318467 -0.261441 0.962456 -0.072985 -59.702783 0.281032 0.148242 0.948180 33.505719
0.929133 0.202501 -0.309363 199.964906 -0.235561 0.969104 -0.073127 -59.882213 0.284997 0.140819 0.948128 33.676041
0.936202 0.162653 -0.311560 200.814967 -0.194922 0.977934 -0.075176 -60.092646 0.292457 0.131110 0.947248 33.911992
0.946419 0.109901 -0.303665 201.893119 -0.140128 0.986933 -0.079543 -60.321360 0.290955 0.117833 0.949453 34.255044
0.951225 0.071031 -0.300210 202.667674 -0.101180 0.991137 -0.086085 -60.403984 0.291434 0.112261 0.949981 34.487926
0.952591 0.018441 -0.303695 203.664752 -0.049033 0.994419 -0.093418 -60.507737 0.300278 0.103881 0.948178 34.771465
0.950852 -0.025480 -0.308597 204.512058 -0.005321 0.995117 -0.098560 -60.539894 0.309601 0.095358 0.946073 35.019127
0.946492 -0.070722 -0.314884 205.585619 0.041567 0.994282 -0.098367 -60.513102 0.320040 0.080015 0.944019 35.363228
0.942665 -0.104902 -0.316825 206.664492 0.076491 0.991957 -0.100851 -60.459905 0.324856 0.070835 0.943107 35.694866
0.941318 -0.126289 -0.313003 208.034471 0.098052 0.989686 -0.104435 -60.354781 0.322963 0.067616 0.943993 36.143883
0.941001 -0.132189 -0.311517 208.979251 0.104272 0.989022 -0.104707 -60.285919 0.321938 0.066047 0.944454 36.464130
0.940757 -0.130830 -0.312825 210.154073 0.102912 0.989215 -0.104224 -60.148095 0.323087 0.065856 0.944075 36.855968
0.941175 -0.127275 -0.313036 211.098015 0.098775 0.989518 -0.105344 -60.102300 0.323162 0.068227 0.943881 37.162427
0.942813 -0.109701 -0.314752 212.255095 0.081027 0.991394 -0.102824 -59.985972 0.323324 0.071441 0.943588 37.550186
0.944468 -0.092576 -0.315294 213.162528 0.063248 0.992768 -0.102033 -59.945129 0.322459 0.076425 0.943493 37.855756
0.947666 -0.072259 -0.310979 214.320872 0.042369 0.993899 -0.101829 -59.961102 0.316439 0.083324 0.944946 38.249438
0.948901 -0.052543 -0.311168 215.245715 0.023085 0.994957 -0.097608 -59.933104 0.314728 0.085437 0.945329 38.559065
0.950718 -0.033646 -0.308226 216.154835 0.004568 0.995507 -0.094580 -59.910011 0.310023 0.088511 0.946600 38.862533
0.952060 -0.012760 -0.305645 217.312742 -0.016555 0.995517 -0.093126 -59.886141 0.305463 0.093721 0.947581 39.243619
0.952485 0.008356 -0.304471 218.447705 -0.037549 0.995220 -0.090152 -59.899634 0.302263 0.097301 0.948246 39.606175
0.952951 0.024669 -0.302118 219.571832 -0.054357 0.994434 -0.090256 -59.897704 0.298210 0.102432 0.948988 39.957017
0.953663 0.036546 -0.298649 220.478771 -0.066182 0.993765 -0.089728 -59.909420 0.293508 0.105335 0.950136 40.241038
0.952667 0.047638 -0.300259 221.832475 -0.077942 0.992909 -0.089764 -59.974643 0.293854 0.108918 0.949625 40.656875
0.951787 0.060204 -0.300795 222.727818 -0.089598 0.992354 -0.084890 -60.028889 0.293384 0.107748 0.949903 40.939088
0.952514 0.075656 -0.294946 223.835152 -0.105882 0.990489 -0.087872 -60.128724 0.285493 0.114929 0.951465 41.275499
0.950603 0.093106 -0.296118 224.944920 -0.124042 0.988419 -0.087419 -60.178755 0.284549 0.119832 0.951143 41.607990
0.950626 0.107010 -0.291305 225.788694 -0.137884 0.986571 -0.087549 -60.185659 0.278025 0.123393 0.952616 41.872692
0.948631 0.128677 -0.289037 226.996649 -0.160363 0.983068 -0.088664 -60.319134 0.272734 0.130461 0.953203 42.227884
0.947155 0.142464 -0.287403 227.695284 -0.174623 0.980567 -0.089420 -60.399422 0.269079 0.134882 0.953626 42.434762
0.944158 0.166005 -0.284619 228.725548 -0.198317 0.976131 -0.088538 -60.497581 0.263127 0.140039 0.954543 42.717010
0.941422 0.183866 -0.282697 229.525094 -0.216624 0.972183 -0.089080 -60.637937 0.258455 0.145101 0.955064 42.935307
0.937415 0.210179 -0.277630 230.424240 -0.242296 0.966334 -0.086551 -60.715423 0.250093 0.148403 0.956781 43.186881
0.932239 0.240097 -0.270711 231.312436 -0.270770 0.959167 -0.081741 -60.900272 0.240031 0.149502 0.959184 43.430671
0.917977 0.290545 -0.270004 232.393272 -0.321230 0.943913 -0.076414 -61.203742 0.232658 0.156879 0.959822 43.702350
0.903754 0.334756 -0.266771 232.934534 -0.365897 0.927580 -0.075600 -61.306755 0.222144 0.165934 0.960790 43.848301
0.884552 0.384375 -0.264243 233.518489 -0.416066 0.906279 -0.074478 -61.467458 0.210850 0.175822 0.961576 43.992611
0.855246 0.449179 -0.258442 234.260284 -0.480781 0.873861 -0.072226 -61.749355 0.193400 0.186025 0.963323 44.172615
0.808322 0.529772 -0.256823 235.205143 -0.561976 0.824325 -0.068346 -62.326265 0.175497 0.199574 0.964039 44.366540
0.773229 0.577936 -0.260973 235.797770 -0.611450 0.788585 -0.065288 -62.717499 0.168067 0.210054 0.963136 44.481491
0.720476 0.640929 -0.264811 236.503138 -0.675380 0.735173 -0.058158 -63.274599 0.157407 0.220750 0.962545 44.616976
0.652601 0.709947 -0.264741 237.253153 -0.745200 0.664590 -0.054749 -64.018302 0.137075 0.233014 0.962764 44.760745
0.583381 0.766102 -0.269730 237.897507 -0.804176 0.591399 -0.059575 -64.899219 0.113877 0.251665 0.961091 44.871497
0.522093 0.809241 -0.269347 238.494750 -0.847601 0.527415 -0.058367 -65.744223 0.094824 0.258771 0.961273 44.965855
0.474632 0.835634 -0.276477 238.928326 -0.876232 0.478320 -0.058547 -66.561216 0.083321 0.270046 0.959235 45.057217
0.431233 0.858639 -0.277086 239.270039 -0.899524 0.432970 -0.058248 -67.280262 0.069956 0.274364 0.959078 45.071618
0.385097 0.880064 -0.277827 239.691826 -0.921411 0.383606 -0.062032 -68.096858 0.051984 0.279881 0.958626 45.166686
0.353632 0.892752 -0.279173 239.995214 -0.934571 0.349663 -0.065666 -68.849885 0.038993 0.284128 0.957993 45.221697
0.326390 0.902772 -0.280130 240.296510 -0.944802 0.320556 -0.067774 -69.573414 0.028613 0.286788 0.957567 45.275334
0.293051 0.915774 -0.274735 240.623707 -0.955957 0.285566 -0.067811 -70.648393 0.016355 0.282507 0.959126 45.305659
0.258847 0.927184 -0.270792 240.956665 -0.965896 0.250374 -0.066017 -71.776776 0.006589 0.278646 0.960371 45.315631
0.218944 0.938318 -0.267626 241.271975 -0.975724 0.209096 -0.065129 -72.966358 -0.005152 0.275388 0.961319 45.312936
0.181370 0.947323 -0.263976 241.510831 -0.983239 0.169612 -0.066874 -73.950092 -0.018578 0.271681 0.962208 45.308747
0.118750 0.957587 -0.262537 241.788459 -0.992214 0.104445 -0.067840 -75.396112 -0.037542 0.268549 0.962534 45.263759
0.074664 0.962205 -0.261890 241.944960 -0.996036 0.059224 -0.066375 -76.370335 -0.048356 0.265808 0.962812 45.235459
0.031091 0.963779 -0.264882 242.110720 -0.997893 0.014832 -0.063163 -77.607067 -0.056947 0.266288 0.962210 45.198421
-0.018244 0.964853 -0.262157 242.160075 -0.998012 -0.033393 -0.053446 -79.153878 -0.060322 0.260661 0.963544 45.062796
-0.045636 0.963503 -0.263778 242.159097 -0.996460 -0.062570 -0.056152 -80.152704 -0.070608 0.260282 0.962947 44.994060
-0.074661 0.961661 -0.263881 242.095145 -0.993871 -0.093393 -0.059151 -81.727852 -0.081527 0.257847 0.962740 44.857560
-0.088424 0.960741 -0.262979 241.998521 -0.992630 -0.106956 -0.056982 -83.007634 -0.082872 0.256002 0.963117 44.739345
-0.094007 0.959943 -0.263955 241.863095 -0.992616 -0.110790 -0.049398 -84.350382 -0.076662 0.257362 0.963269 44.585244
-0.093136 0.959435 -0.266103 241.684959 -0.993025 -0.108918 -0.045145 -85.960556 -0.072297 0.260043 0.962887 44.451362
-0.079079 0.958846 -0.272692 241.513558 -0.994120 -0.096150 -0.049796 -87.663732 -0.073966 0.267151 0.960812 44.301780
-0.064764 0.959404 -0.274498 241.433644 -0.995191 -0.082353 -0.053032 -88.669540 -0.073485 0.269744 0.960124 44.236108
-0.032397 0.956080 -0.291309 241.347694 -0.998209 -0.045618 -0.038705 -90.334804 -0.050294 0.289533 0.955846 44.102057
0.010451 0.953996 -0.299636 241.320494 -0.999172 -0.001817 -0.040635 -91.816181 -0.039310 0.299812 0.953188 44.020016
0.052107 0.950271 -0.307034 241.332986 -0.998325 0.041825 -0.039980 -92.926781 -0.025151 0.308603 0.950858 43.933360
0.118080 0.944769 -0.305725 241.444533 -0.993000 0.113214 -0.033667 -94.668502 0.002805 0.307561 0.951524 43.902579
0.171179 0.935430 -0.309304 241.560480 -0.985063 0.168452 -0.035717 -95.764948 0.018692 0.310798 0.950292 43.876903
0.242469 0.917764 -0.314512 241.910862 -0.969683 0.239416 -0.048936 -97.438926 0.030387 0.316843 0.947991 43.930300
0.290727 0.899138 -0.327152 242.224507 -0.955304 0.291925 -0.046622 -98.590750 0.053584 0.326084 0.943821 43.968986
0.360343 0.872323 -0.330462 242.783238 -0.929606 0.365196 -0.049649 -100.247369 0.077374 0.325090 0.942513 44.092441
0.418503 0.845999 -0.330365 243.331378 -0.902695 0.427509 -0.048760 -101.611105 0.099983 0.318625 0.942593 44.226745
0.471362 0.818310 -0.328917 244.126052 -0.873258 0.485251 -0.044191 -103.251275 0.123446 0.308059 0.943324 44.432147
0.502786 0.798254 -0.331659 244.703546 -0.853548 0.519106 -0.044544 -104.306845 0.136609 0.305483 0.942347 44.588551
0.544223 0.767823 -0.338037 245.686260 -0.824204 0.564531 -0.044640 -105.897364 0.156557 0.302905 0.940074 44.845386
0.572381 0.746233 -0.339876 246.753128 -0.801800 0.596158 -0.041377 -107.458599 0.171743 0.296197 0.939559 45.158475
0.585760 0.734453 -0.342730 247.693034 -0.790499 0.611049 -0.041595 -108.764965 0.178875 0.295292 0.938513 45.422752
0.591592 0.728802 -0.344771 248.458505 -0.785827 0.616846 -0.044466 -109.819756 0.180264 0.297236 0.937633 45.643345
0.593422 0.724801 -0.350019 250.025449 -0.782608 0.621197 -0.040488 -111.972251 0.188085 0.297954 0.935867 46.079662
0.594714 0.723692 -0.350120 251.216783 -0.782228 0.621421 -0.044226 -113.591427 0.185566 0.300176 0.935660 46.426249
0.595606 0.722837 -0.350372 252.216877 -0.781363 0.622528 -0.043950 -114.958608 0.186348 0.299944 0.935579 46.725069
0.594860 0.723385 -0.350507 253.025254 -0.781742 0.622135 -0.042751 -116.063026 0.187138 0.299437 0.935584 46.941087
0.594713 0.722851 -0.351857 253.827690 -0.781300 0.622802 -0.041087 -117.181345 0.189437 0.299341 0.935152 47.194787
0.595192 0.724009 -0.348651 254.848261 -0.781071 0.623208 -0.039237 -118.576529 0.188874 0.295675 0.936431 47.477986
0.593646 0.724762 -0.349720 255.653893 -0.782369 0.621529 -0.040004 -119.676499 0.188367 0.297358 0.936000 47.723619
0.589688 0.729466 -0.346622 256.707793 -0.785250 0.618194 -0.034911 -121.077642 0.188814 0.292772 0.937355 48.026092
0.582460 0.735632 -0.345811 257.707915 -0.789685 0.612954 -0.026176 -122.474470 0.192711 0.288328 0.937939 48.344001
0.580420 0.738506 -0.343105 258.510546 -0.791322 0.610942 -0.023653 -123.613386 0.192149 0.285235 0.938999 48.607794
0.574791 0.743123 -0.342613 259.516554 -0.796231 0.604489 -0.024681 -125.017452 0.188765 0.286986 0.939152 48.921774
0.566742 0.747965 -0.345474 260.729450 -0.801747 0.597252 -0.022174 -126.734309 0.189749 0.289550 0.938166 49.297034
0.556737 0.753995 -0.348618 261.537472 -0.808022 0.588916 -0.016681 -127.915999 0.192730 0.290978 0.937116 49.553757
0.550211 0.760572 -0.344672 262.307811 -0.813502 0.581348 -0.015787 -129.070174 0.188367 0.289078 0.938590 49.831761
0.545143 0.765487 -0.341831 263.477090 -0.820561 0.570745 -0.030499 -130.868462 0.171752 0.297120 0.939266 50.213309
0.534441 0.769986 -0.348559 264.222345 -0.826066 0.563118 -0.022637 -132.056968 0.178850 0.300031 0.937013 50.426646
