0.999787 0.020520 0.002097 2.024016 -0.020513 0.999783 -0.003599 -0.032644 -0.002170 0.003555 0.999991 0.000174
0.998938 0.046064 0.001108 4.277268 -0.046059 0.998929 -0.004397 -0.119012 -0.001309 0.004342 0.999990 -0.004449
0.997435 0.071579 -0.000781 6.145520 -0.071582 0.997417 -0.006007 -0.233572 0.000349 0.006047 0.999982 0.005507
0.995995 0.089360 -0.003050 7.655255 -0.089395 0.995899 -0.013921 -0.355070 0.001793 0.014138 0.999898 0.025034
0.993693 0.112136 0.000534 9.540876 -0.112111 0.993551 -0.016956 -0.545722 -0.002432 0.016789 0.999856 0.039277
0.991469 0.130328 -0.001822 11.047043 -0.130339 0.991285 -0.019121 -0.737788 -0.000686 0.019196 0.999816 0.041757
0.988008 0.154395 -0.001615 12.918816 -0.154393 0.987772 -0.021666 -1.017757 -0.001750 0.021656 0.999764 0.030938
0.984822 0.173542 -0.003113 14.358546 -0.173564 0.984489 -0.025629 -1.259259 -0.001383 0.025780 0.999667 0.051254
0.980329 0.197313 -0.004758 16.167139 -0.197368 0.979912 -0.028594 -1.607873 -0.000980 0.028971 0.999580 0.039479
0.976003 0.217595 -0.008385 17.564068 -0.217752 0.975516 -0.030869 -1.910962 0.001462 0.031954 0.999488 0.050346
0.969570 0.244590 -0.010449 19.714287 -0.244799 0.969089 -0.030647 -2.435787 0.002631 0.032272 0.999476 0.069930
0.964042 0.265672 -0.006456 21.365030 -0.265748 0.963634 -0.028069 -2.873675 -0.001236 0.028775 0.999585 0.084935
0.959208 0.282457 -0.011722 22.690327 -0.282685 0.958764 -0.029343 -3.241894 0.002951 0.031460 0.999501 0.085269
0.953528 0.301008 -0.013359 24.429713 -0.301279 0.953086 -0.029287 -3.778534 0.003916 0.031950 0.999482 0.103251
0.947472 0.319484 -0.015070 26.140771 -0.319800 0.947039 -0.029063 -4.350454 0.004987 0.032356 0.999464 0.112874
0.940699 0.338891 -0.015457 27.498280 -0.339201 0.940325 -0.027048 -4.822467 0.005368 0.030687 0.999515 0.123138
0.933905 0.357147 -0.016350 28.818075 -0.357476 0.933534 -0.026924 -5.318824 0.005647 0.030989 0.999504 0.117741
0.925147 0.379093 -0.019767 30.510579 -0.379519 0.924803 -0.026558 -6.000919 0.008212 0.032072 0.999452 0.119905
0.915649 0.401202 -0.024996 32.453533 -0.401786 0.915366 -0.025937 -6.841325 0.012474 0.033792 0.999351 0.141190
0.907359 0.419613 -0.024989 34.085227 -0.420176 0.907108 -0.024664 -7.590434 0.012318 0.032879 0.999383 0.158317
0.898705 0.437683 -0.027639 35.704101 -0.438321 0.898496 -0.024059 -8.368972 0.014303 0.033737 0.999328 0.187166
0.891714 0.451725 -0.028122 36.924243 -0.452373 0.891512 -0.023789 -8.980734 0.014325 0.033934 0.999321 0.205418
0.883371 0.467630 -0.031283 38.377158 -0.468397 0.883177 -0.024550 -9.746614 0.016148 0.036340 0.999209 0.233969
0.876963 0.479623 -0.029963 39.528402 -0.480345 0.876724 -0.024987 -10.386539 0.014285 0.036305 0.999239 0.236088
0.870441 0.491265 -0.031488 40.690220 -0.492032 0.870234 -0.024449 -11.046770 0.015391 0.036775 0.999205 0.238820
0.861592 0.506665 -0.030806 41.972684 -0.507353 0.861481 -0.021051 -11.790674 0.015873 0.033767 0.999304 0.267349
0.853622 0.520128 -0.028230 42.927794 -0.520704 0.853518 -0.019356 -12.365975 0.014027 0.031222 0.999414 0.280763
0.843431 0.536444 -0.029173 44.112175 -0.537078 0.843258 -0.021507 -13.119020 0.013062 0.033808 0.999343 0.299735
0.833659 0.551306 -0.032760 45.267402 -0.552073 0.833502 -0.022152 -13.874976 0.015094 0.036553 0.999218 0.302961
0.826085 0.562534 -0.033745 46.115522 -0.563357 0.825874 -0.023664 -14.456219 0.014557 0.038560 0.999150 0.297149
0.816124 0.576630 -0.037941 47.373295 -0.577649 0.815887 -0.025502 -15.353580 0.016250 0.042729 0.998955 0.300739
0.808219 0.587139 -0.045279 48.402345 -0.588446 0.808190 -0.023689 -16.111590 0.022686 0.045791 0.998693 0.301277
0.802612 0.594412 -0.049875 49.090272 -0.595971 0.802615 -0.025051 -16.615194 0.025140 0.049830 0.998441 0.311808
0.795937 0.602937 -0.054335 49.733444 -0.604691 0.796102 -0.023870 -17.091375 0.028864 0.051854 0.998237 0.334849
0.787828 0.613450 -0.054832 50.507647 -0.615251 0.787950 -0.024519 -17.676998 0.028164 0.053052 0.998195 0.367325
0.779543 0.623531 -0.059349 51.301029 -0.625561 0.779810 -0.023871 -18.293403 0.031397 0.055735 0.997952 0.390527
0.773905 0.630414 -0.060415 51.763103 -0.632501 0.774197 -0.023700 -18.643189 0.031832 0.056554 0.997892 0.426646
0.766960 0.638735 -0.061572 52.383075 -0.640893 0.767263 -0.023738 -19.135120 0.032079 0.057668 0.997820 0.466880
0.759390 0.647610 -0.062683 53.113921 -0.649771 0.759819 -0.021744 -19.751674 0.033546 0.057242 0.997797 0.493714
0.754787 0.652927 -0.063102 53.472254 -0.655076 0.755283 -0.020579 -20.044843 0.034223 0.056869 0.997795 0.516019
0.749509 0.659122 -0.061595 53.889223 -0.661213 0.749896 -0.021303 -20.389519 0.032149 0.056694 0.997874 0.537847
0.744192 0.665478 -0.057592 54.338595 -0.667338 0.744461 -0.020931 -20.775718 0.028946 0.054010 0.998121 0.555646
0.735847 0.674419 -0.060737 54.922955 -0.676430 0.736234 -0.020068 -21.304863 0.031182 0.055851 0.997952 0.571991
0.731032 0.679567 -0.061492 55.246888 -0.681625 0.731424 -0.020138 -21.577437 0.031292 0.056636 0.997904 0.578527
0.718439 0.692974 -0.060277 55.925470 -0.694785 0.719076 -0.014269 -22.219269 0.033456 0.052130 0.998080 0.603381
0.708916 0.702785 -0.059431 56.422748 -0.704481 0.709624 -0.011853 -22.675534 0.033843 0.050271 0.998162 0.626796
0.701430 0.710531 -0.056047 56.787216 -0.712116 0.701933 -0.013456 -23.011468 0.029780 0.049351 0.998337 0.639766
0.694133 0.717845 -0.053653 57.169906 -0.719358 0.694478 -0.014957 -23.379053 0.026524 0.048978 0.998448 0.651973
0.685988 0.725786 -0.051529 57.612519 -0.727243 0.686176 -0.016742 -23.818729 0.023207 0.048959 0.998531 0.664077
0.675423 0.735671 -0.050907 58.175163 -0.736973 0.675825 -0.011459 -24.417381 0.025974 0.045257 0.998638 0.680984
0.663873 0.746330 -0.047577 58.810807 -0.747427 0.664285 -0.008848 -25.117233 0.025001 0.041434 0.998828 0.683392
0.650267 0.757778 -0.054075 59.566566 -0.759225 0.650739 -0.010785 -26.007042 0.027016 0.048069 0.998479 0.694335
0.641395 0.765721 -0.047777 60.128184 -0.766868 0.641725 -0.010122 -26.670068 0.022909 0.043131 0.998807 0.733335
0.634132 0.771748 -0.047754 60.576596 -0.772906 0.634434 -0.010501 -27.207582 0.022193 0.043569 0.998804 0.750692
0.628171 0.776525 -0.049087 61.012192 -0.777748 0.628485 -0.010686 -27.739362 0.022553 0.044889 0.998737 0.760347
0.621329 0.782140 -0.046982 61.560001 -0.783268 0.621595 -0.010483 -28.423895 0.021005 0.043313 0.998841 0.785753
0.617353 0.785269 -0.047194 62.084757 -0.786358 0.617717 -0.008202 -29.101357 0.022712 0.042175 0.998852 0.823006
0.617158 0.785331 -0.048704 62.480909 -0.786437 0.617639 -0.006246 -29.606941 0.025176 0.042157 0.998794 0.859655
0.617264 0.785301 -0.047820 62.972590 -0.786392 0.617686 -0.007162 -30.235001 0.023913 0.042026 0.998830 0.884181
0.618354 0.784458 -0.047580 63.449037 -0.785516 0.618810 -0.006221 -30.840700 0.024563 0.041221 0.998848 0.924333
0.620221 0.782806 -0.050402 63.913241 -0.784005 0.620713 -0.007116 -31.422859 0.025715 0.043929 0.998704 0.971855
0.623045 0.780336 -0.053757 64.362211 -0.781646 0.623696 -0.005728 -31.989302 0.029058 0.045588 0.998538 1.024096
0.628086 0.776284 -0.053770 64.793718 -0.777582 0.628757 -0.005470 -32.520891 0.029562 0.045246 0.998538 1.079269
0.637621 0.768456 -0.053981 65.286865 -0.769861 0.638146 -0.009116 -33.136531 0.027443 0.047370 0.998500 1.109894
0.648328 0.759452 -0.053884 65.669182 -0.760941 0.648697 -0.012706 -33.598224 0.025304 0.049241 0.998466 1.149191
0.669612 0.740762 -0.053779 66.213801 -0.742321 0.669851 -0.016113 -34.204110 0.024088 0.050711 0.998423 1.197299
0.684360 0.727294 -0.051917 66.598663 -0.728735 0.684625 -0.015277 -34.631494 0.024433 0.048289 0.998535 1.220311
0.697945 0.714386 -0.050260 66.957538 -0.715778 0.698128 -0.016713 -35.009117 0.023149 0.047640 0.998596 1.234674
0.709284 0.703097 -0.050709 67.242553 -0.704513 0.709488 -0.016976 -35.307136 0.024042 0.047765 0.998569 1.240443
0.722013 0.690117 -0.049358 67.549039 -0.691543 0.722048 -0.020370 -35.607559 0.021581 0.048840 0.998573 1.258174
0.729245 0.682497 -0.048989 67.706759 -0.683943 0.729198 -0.022176 -35.762209 0.020587 0.049677 0.998553 1.271086
0.735734 0.675437 -0.049790 67.889022 -0.676922 0.735722 -0.022104 -35.941270 0.021702 0.049967 0.998515 1.253445
0.740913 0.669712 -0.050336 67.983866 -0.671243 0.740881 -0.022964 -36.033752 0.021914 0.050802 0.998468 1.263283
0.744778 0.665351 -0.051126 68.070844 -0.666944 0.744724 -0.023904 -36.113060 0.022170 0.051902 0.998406 1.266131
0.747071 0.662818 -0.050563 68.124537 -0.664381 0.747013 -0.023866 -36.162454 0.021953 0.051423 0.998436 1.260658
0.747292 0.662543 -0.050913 68.141758 -0.664090 0.747317 -0.022384 -36.173236 0.023218 0.050538 0.998452 1.244047
0.747612 0.662093 -0.052054 68.115452 -0.663728 0.747601 -0.023615 -36.143829 0.023280 0.052205 0.998365 1.259264
0.747883 0.661727 -0.052813 68.095521 -0.663395 0.747905 -0.023343 -36.124903 0.024052 0.052494 0.998332 1.238167
0.746948 0.662762 -0.053052 68.105033 -0.664452 0.746956 -0.023685 -36.123665 0.023930 0.052942 0.998311 1.234082
0.744867 0.664999 -0.054320 68.072359 -0.666751 0.744911 -0.023490 -36.102492 0.024843 0.053715 0.998247 1.233034
0.743363 0.666687 -0.054216 68.051005 -0.668443 0.743381 -0.023854 -36.081603 0.024400 0.053972 0.998244 1.230729
0.740888 0.669422 -0.054399 67.998925 -0.671207 0.740861 -0.024640 -36.043570 0.023808 0.054769 0.998215 1.225074
0.738781 0.671724 -0.054675 67.939040 -0.673497 0.738815 -0.023544 -35.992680 0.024580 0.054218 0.998227 1.228912
0.737033 0.673453 -0.056940 67.873725 -0.675310 0.737206 -0.021995 -35.933228 0.027164 0.054663 0.998135 1.228570
0.735635 0.674959 -0.057205 67.805795 -0.676805 0.735860 -0.021090 -35.869674 0.027860 0.054231 0.998140 1.224672
0.735912 0.674659 -0.057176 67.724451 -0.676611 0.735911 -0.025135 -35.776832 0.025119 0.057182 0.998048 1.216654
0.736510 0.673986 -0.057408 67.644202 -0.675936 0.736551 -0.024545 -35.686131 0.025741 0.056882 0.998049 1.204207
0.737753 0.672548 -0.058302 67.584187 -0.674564 0.737790 -0.025082 -35.609684 0.026146 0.057832 0.997984 1.203304
0.739134 0.670979 -0.058896 67.558475 -0.673048 0.739148 -0.025801 -35.583519 0.026221 0.058710 0.997931 1.201658
0.741846 0.667970 -0.059004 67.550277 -0.670029 0.741907 -0.025204 -35.568721 0.026940 0.058232 0.997940 1.193947
0.744427 0.665082 -0.059112 67.555889 -0.667129 0.744540 -0.024502 -35.568766 0.027715 0.057675 0.997951 1.190309
0.746535 0.662648 -0.059854 67.556534 -0.664768 0.746610 -0.025613 -35.556633 0.027715 0.058910 0.997878 1.200502
0.747048 0.662057 -0.060001 67.549742 -0.664215 0.747065 -0.026678 -35.549914 0.027162 0.059783 0.997842 1.189995
0.746856 0.662176 -0.061072 67.540917 -0.664368 0.746968 -0.025594 -35.534026 0.028671 0.059689 0.997805 1.187676
0.746157 0.662914 -0.061611 67.531828 -0.665153 0.746251 -0.026109 -35.517903 0.028669 0.060463 0.997759 1.192434
0.746441 0.662533 -0.062253 67.529462 -0.664837 0.746501 -0.026979 -35.501853 0.028598 0.061526 0.997696 1.189310
0.745876 0.663078 -0.063220 67.495300 -0.665471 0.745898 -0.028000 -35.468579 0.028590 0.062956 0.997607 1.196223
0.745635 0.663310 -0.063625 67.485547 -0.665735 0.745655 -0.028205 -35.448043 0.028734 0.063388 0.997575 1.201201
0.746586 0.662214 -0.063892 67.516805 -0.664629 0.746674 -0.027305 -35.469561 0.029625 0.062850 0.997583 1.195384
0.746524 0.662270 -0.064032 67.527972 -0.664718 0.746564 -0.028142 -35.472028 0.029166 0.063572 0.997551 1.189886
0.746812 0.661907 -0.064430 67.546161 -0.664385 0.746856 -0.028260 -35.476149 0.029414 0.063911 0.997522 1.195321
0.748353 0.660120 -0.064874 67.589080 -0.662641 0.748385 -0.028751 -35.507182 0.029572 0.064504 0.997479 1.194505
0.749366 0.659030 -0.064265 67.614342 -0.661544 0.749311 -0.029886 -35.524871 0.028459 0.064910 0.997485 1.191026
0.750734 0.657426 -0.064721 67.656969 -0.660014 0.750596 -0.031420 -35.549365 0.027923 0.066305 0.997409 1.206245
0.753456 0.654319 -0.064584 67.740271 -0.656923 0.753264 -0.032320 -35.613578 0.027501 0.066778 0.997389 1.216150
0.755164 0.652208 -0.065965 67.796587 -0.654923 0.754977 -0.032935 -35.645655 0.028321 0.068073 0.997278 1.214994
0.756993 0.650000 -0.066794 67.871475 -0.652793 0.756789 -0.033645 -35.694299 0.028680 0.069072 0.997199 1.212437
0.758263 0.648383 -0.068093 67.894074 -0.651269 0.758098 -0.033715 -35.716588 0.029761 0.069912 0.997109 1.210078
0.758523 0.647959 -0.069232 67.898329 -0.650927 0.758388 -0.033783 -35.710239 0.030614 0.070690 0.997028 1.216289
0.758750 0.647679 -0.069356 67.899943 -0.650656 0.758621 -0.033766 -35.712744 0.030745 0.070747 0.997020 1.229259
0.758594 0.647874 -0.069242 67.900351 -0.650857 0.758427 -0.034239 -35.719749 0.030332 0.071040 0.997012 1.241313
0.759373 0.646936 -0.069474 67.892083 -0.649936 0.759216 -0.034250 -35.722426 0.030588 0.071163 0.996996 1.250912
0.759388 0.646865 -0.069972 67.901697 -0.649939 0.759158 -0.035484 -35.724816 0.030166 0.072423 0.996918 1.267789
0.759756 0.646429 -0.070001 67.895696 -0.649540 0.759445 -0.036632 -35.726071 0.029482 0.073300 0.996874 1.280820
0.759990 0.646121 -0.070302 67.900564 -0.649273 0.759642 -0.037260 -35.732318 0.029329 0.073962 0.996830 1.291883
0.760533 0.645481 -0.070309 67.898689 -0.648662 0.760115 -0.038244 -35.728556 0.028757 0.074693 0.996792 1.309037
0.760856 0.645084 -0.070460 67.900987 -0.648323 0.760320 -0.039882 -35.736842 0.027845 0.076026 0.996717 1.319207
0.761936 0.643711 -0.071342 67.906050 -0.647073 0.761280 -0.041830 -35.748427 0.027385 0.078035 0.996574 1.329347
0.763427 0.641925 -0.071500 67.918541 -0.645354 0.762628 -0.043790 -35.754187 0.026418 0.079573 0.996479 1.349311
0.766403 0.638369 -0.071487 67.976889 -0.641893 0.765330 -0.047363 -35.815151 0.024476 0.082186 0.996316 1.367186
0.771246 0.632466 -0.071879 68.087845 -0.636032 0.770203 -0.047447 -35.923862 0.025353 0.082311 0.996284 1.384261
0.777125 0.625136 -0.072682 68.215760 -0.628767 0.776169 -0.047042 -36.048371 0.027006 0.082257 0.996245 1.403197
0.795019 0.601774 -0.076240 68.560617 -0.605842 0.793966 -0.050731 -36.339380 0.030004 0.086521 0.995798 1.403439
0.807631 0.584639 -0.077000 68.824480 -0.588839 0.806566 -0.052145 -36.569261 0.031619 0.087454 0.995667 1.400089
0.833577 0.546907 -0.077733 69.330714 -0.551321 0.832472 -0.055102 -36.934771 0.034575 0.088788 0.995450 1.424273
0.853715 0.515089 -0.076505 69.744823 -0.519544 0.852463 -0.058142 -37.228446 0.035270 0.089384 0.995373 1.442499
0.879652 0.469728 -0.074625 70.342997 -0.474217 0.878232 -0.061863 -37.602265 0.036479 0.089807 0.995291 1.470233
0.898726 0.431879 -0.075973 70.871487 -0.436755 0.897078 -0.067047 -37.893256 0.039197 0.093438 0.994853 1.495184
0.920655 0.382086 -0.080029 71.582439 -0.387477 0.919350 -0.068250 -38.237173 0.047497 0.093844 0.994453 1.505447
0.937483 0.338288 -0.081768 72.428591 -0.343584 0.937036 -0.062565 -38.584565 0.055454 0.086748 0.994686 1.568707
0.951002 0.298249 -0.081504 73.552966 -0.303574 0.950710 -0.063199 -38.952388 0.058638 0.084845 0.994667 1.599327
0.956307 0.281439 -0.079177 74.369455 -0.286660 0.955846 -0.064691 -39.204955 0.057474 0.084561 0.994759 1.647648
0.962539 0.257593 -0.084649 76.127523 -0.262450 0.963532 -0.052210 -39.730522 0.068113 0.072471 0.995042 1.729757
0.966122 0.247200 -0.074169 77.658898 -0.250814 0.967033 -0.044045 -40.141451 0.060836 0.061155 0.996273 1.857113
0.965499 0.250232 -0.072080 78.615774 -0.253400 0.966590 -0.038639 -40.354001 0.060003 0.055571 0.996650 1.882359
0.964963 0.248703 -0.083629 80.185967 -0.251522 0.967532 -0.024884 -40.772506 0.074725 0.045047 0.996186 1.984859
0.964581 0.249913 -0.084422 81.531669 -0.252676 0.967262 -0.023632 -41.126723 0.075752 0.044127 0.996150 2.062331
0.964696 0.249772 -0.083518 82.565733 -0.252522 0.967293 -0.024004 -41.423320 0.074791 0.044246 0.996217 2.138852
0.967929 0.234222 -0.090850 83.979652 -0.237516 0.971004 -0.027166 -41.789807 0.081853 0.047873 0.995494 2.256260
0.972818 0.208047 -0.101698 85.646416 -0.212410 0.976588 -0.034021 -42.196191 0.092239 0.054698 0.994233 2.405437
0.979025 0.169277 -0.113381 87.059759 -0.175334 0.983448 -0.045704 -42.504826 0.103768 0.064625 0.992500 2.531450
0.985305 0.127812 -0.113306 88.221629 -0.135537 0.988749 -0.063292 -42.708679 0.103942 0.077719 0.991542 2.667508
0.991488 0.081284 -0.101710 89.397454 -0.089114 0.993197 -0.074960 -42.868709 0.094925 0.083386 0.991986 2.768083
0.994894 0.023346 -0.098191 90.926303 -0.031637 0.995985 -0.083745 -43.022610 0.095842 0.086424 0.991638 2.896862
0.995581 -0.021174 -0.091486 92.189897 0.013060 0.996000 -0.088391 -43.109168 0.092992 0.086806 0.991876 2.999443
0.993763 -0.071826 -0.085296 93.749812 0.064212 0.993970 -0.088882 -43.020250 0.091166 0.082851 0.992383 3.138641
0.989060 -0.120039 -0.085732 95.314825 0.112131 0.989446 -0.091775 -42.915022 0.095844 0.081157 0.992082 3.252827
0.984610 -0.152447 -0.085453 96.589318 0.144398 0.985084 -0.093589 -42.809874 0.098446 0.079810 0.991937 3.354927
0.978583 -0.187017 -0.086023 98.222910 0.178712 0.979220 -0.095868 -42.583698 0.102164 0.078441 0.991670 3.486050
0.974627 -0.206450 -0.086488 99.499184 0.198048 0.975423 -0.096580 -42.334205 0.104302 0.077001 0.991560 3.604963
0.969920 -0.223818 -0.095717 101.526200 0.214916 0.971996 -0.095055 -41.874615 0.114311 0.071625 0.990860 3.784333
0.966116 -0.235773 -0.105024 103.274322 0.227014 0.969825 -0.088899 -41.483913 0.122815 0.062045 0.990488 3.958880
0.967866 -0.232363 -0.096141 104.590513 0.224936 0.970907 -0.082115 -41.120959 0.112424 0.057851 0.991975 4.089097
0.968065 -0.229895 -0.099989 106.258936 0.222617 0.971712 -0.078849 -40.671850 0.115287 0.054072 0.991859 4.270472
0.967588 -0.229693 -0.104950 107.942238 0.222571 0.972002 -0.075322 -40.273853 0.119313 0.049522 0.991621 4.442558
0.968280 -0.226000 -0.106575 109.261637 0.218800 0.972872 -0.075146 -39.970155 0.120667 0.049444 0.991461 4.587088
0.969454 -0.221549 -0.105236 111.030019 0.214504 0.973897 -0.074249 -39.557419 0.118938 0.049408 0.991672 4.790108
0.976538 -0.182334 -0.114578 115.190917 0.174031 0.981583 -0.078794 -38.727718 0.126834 0.057005 0.990285 5.299968
0.978295 -0.170911 -0.117170 116.596055 0.162185 0.983478 -0.080420 -38.467812 0.128979 0.059672 0.989850 5.474606
0.981812 -0.152625 -0.112923 118.364752 0.144422 0.986468 -0.077613 -38.158462 0.123241 0.059893 0.990568 5.692206
0.982966 -0.145060 -0.112849 119.802332 0.137105 0.987686 -0.075352 -37.948011 0.122390 0.058596 0.990751 5.850352
0.983411 -0.135787 -0.120272 121.622022 0.127417 0.989026 -0.074779 -37.706546 0.129106 0.058214 0.989921 6.039721
0.985840 -0.123188 -0.113775 123.041436 0.115238 0.990577 -0.074016 -37.568741 0.121821 0.059857 0.990746 6.197710
0.987575 -0.105200 -0.116738 125.538131 0.097368 0.992720 -0.070894 -37.300204 0.123346 0.058646 0.990629 6.472626
0.988990 -0.093118 -0.115017 126.924547 0.085634 0.993977 -0.068387 -37.149871 0.120692 0.057785 0.991007 6.622090
0.989018 -0.083182 -0.122168 128.679106 0.075482 0.994936 -0.066367 -36.983315 0.127070 0.056417 0.990288 6.816902
0.989598 -0.079009 -0.120226 130.097877 0.071500 0.995285 -0.065543 -36.862276 0.124838 0.056265 0.990581 6.975070
0.990985 -0.059838 -0.119871 132.181613 0.052910 0.996785 -0.060170 -36.715107 0.123086 0.053285 0.990964 7.217970
0.991553 -0.041193 -0.122983 133.852239 0.033854 0.997552 -0.061184 -36.616997 0.125202 0.056504 0.990521 7.408956
0.991905 -0.021714 -0.125115 135.792724 0.014724 0.998293 -0.056525 -36.517536 0.126129 0.054226 0.990531 7.635551
0.992114 -0.001326 -0.125333 137.925359 -0.005644 0.998457 -0.055247 -36.482106 0.125213 0.055518 0.990575 7.898673
0.992743 0.015514 -0.119247 139.383847 -0.021565 0.998535 -0.049620 -36.476346 0.118302 0.051831 0.991624 8.075392
0.992635 0.021165 -0.119276 140.466987 -0.027612 0.998230 -0.052664 -36.545181 0.117951 0.055570 0.991463 8.210796
0.991847 0.032895 -0.123117 141.817996 -0.039794 0.997748 -0.054003 -36.593546 0.121063 0.058462 0.990922 8.361010
0.991609 0.043740 -0.121651 143.034479 -0.050665 0.997232 -0.054427 -36.674217 0.118934 0.060134 0.991080 8.489559
0.991536 0.051465 -0.119194 144.210141 -0.058432 0.996736 -0.055704 -36.773257 0.115938 0.062197 0.991307 8.622476
0.991045 0.058857 -0.119853 145.056038 -0.065855 0.996296 -0.055290 -36.827141 0.116155 0.062688 0.991251 8.712490
0.990799 0.065085 -0.118668 146.083048 -0.071922 0.995933 -0.054264 -36.889569 0.114654 0.062300 0.991450 8.814302
0.990011 0.069696 -0.122561 147.109919 -0.076648 0.995651 -0.052945 -36.977080 0.118338 0.061810 0.991048 8.917661
0.989636 0.070004 -0.125376 148.096149 -0.077115 0.995624 -0.052782 -37.065872 0.121133 0.061903 0.990704 9.028430
0.989761 0.072935 -0.122698 148.836898 -0.080252 0.995212 -0.055789 -37.174237 0.118041 0.065065 0.990875 9.106083
0.989782 0.074253 -0.121729 149.547446 -0.081499 0.995118 -0.055668 -37.247644 0.117001 0.065020 0.991001 9.178576
0.988902 0.079217 -0.125692 150.767400 -0.086432 0.994846 -0.053015 -37.341225 0.120844 0.063290 0.990652 9.306675
0.988409 0.085405 -0.125510 151.972625 -0.093123 0.994024 -0.056962 -37.484957 0.119895 0.067989 0.990456 9.436518
0.987985 0.092136 -0.124081 152.794308 -0.099890 0.993320 -0.057775 -37.518615 0.117928 0.069475 0.990589 9.533798
0.987445 0.102946 -0.119813 153.813993 -0.109915 0.992523 -0.053077 -37.578956 0.113454 0.065580 0.991377 9.643048
0.986339 0.109197 -0.123333 154.572595 -0.116506 0.991739 -0.053668 -37.686425 0.116454 0.067304 0.990913 9.717793
0.985449 0.118049 -0.122289 155.736866 -0.124993 0.990859 -0.050740 -37.788900 0.115182 0.065287 0.991197 9.834164
0.983901 0.126887 -0.125849 156.898511 -0.133913 0.989781 -0.049002 -37.932812 0.118345 0.065066 0.990838 9.973958
0.983954 0.132435 -0.119563 157.650422 -0.138732 0.989264 -0.045939 -38.024694 0.112195 0.061789 0.991763 10.036812
0.983077 0.139517 -0.118721 158.581112 -0.145249 0.988543 -0.041045 -38.112613 0.111634 0.057594 0.992079 10.112601
0.980923 0.145287 -0.129155 159.492716 -0.149985 0.988309 -0.027375 -38.265673 0.123668 0.046224 0.991246 10.166088
0.978008 0.152130 -0.142679 160.422437 -0.156552 0.987463 -0.020226 -38.408007 0.137813 0.042118 0.989562 10.222671
0.975905 0.167120 -0.140287 161.551378 -0.171413 0.985016 -0.019008 -38.555968 0.135008 0.042596 0.989928 10.362543
0.976360 0.173629 -0.128737 162.295972 -0.178002 0.983757 -0.023186 -38.661386 0.122620 0.045553 0.991408 10.475108
0.976801 0.176475 -0.121313 163.265741 -0.180733 0.983216 -0.024953 -38.828678 0.114874 0.046299 0.992301 10.573588
0.978465 0.175255 -0.109052 164.074927 -0.179170 0.983444 -0.027120 -39.007145 0.102494 0.046074 0.993666 10.635214
0.979609 0.170079 -0.106952 164.888516 -0.174003 0.984334 -0.028436 -39.174197 0.100440 0.046467 0.993857 10.702101
0.979594 0.167698 -0.110782 165.872073 -0.171981 0.984636 -0.030243 -39.327159 0.104008 0.048678 0.993385 10.777209
0.978427 0.162188 -0.127968 166.976050 -0.166587 0.985725 -0.024382 -39.511464 0.122187 0.045174 0.991479 10.870659
0.979291 0.154695 -0.130605 167.879286 -0.159793 0.986712 -0.029437 -39.686643 0.124316 0.049697 0.990997 10.983498
0.979914 0.143234 -0.138751 169.306776 -0.148378 0.988551 -0.027413 -39.918605 0.133235 0.047450 0.989948 11.109200
0.979842 0.138406 -0.144063 170.541230 -0.143070 0.989457 -0.022488 -40.115890 0.139432 0.042646 0.989313 11.264109
0.980318 0.136088 -0.143025 171.788779 -0.140043 0.989983 -0.017917 -40.301707 0.139154 0.037594 0.989557 11.371422
0.980271 0.138082 -0.141429 172.742795 -0.141913 0.989728 -0.017323 -40.438283 0.137584 0.037052 0.989797 11.490268
0.978750 0.141771 -0.148150 173.758841 -0.145819 0.989169 -0.016773 -40.608031 0.144168 0.038019 0.988823 11.595913
0.976545 0.151581 -0.152916 175.273151 -0.155960 0.987617 -0.016990 -40.839775 0.148448 0.040440 0.988093 11.759889
0.974258 0.162133 -0.156636 176.531222 -0.166699 0.985872 -0.016379 -41.054575 0.151768 0.042068 0.987521 11.964726
0.972006 0.175585 -0.156123 177.782071 -0.180723 0.983346 -0.019234 -41.262065 0.150146 0.046911 0.987550 12.178649
0.969677 0.187902 -0.156266 178.776079 -0.193335 0.980925 -0.020191 -41.452249 0.149491 0.049790 0.987509 12.325294
0.966247 0.206090 -0.154574 180.252637 -0.211201 0.977291 -0.017228 -41.793491 0.147514 0.049292 0.987831 12.544932
0.962286 0.221775 -0.157548 181.470027 -0.226541 0.973918 -0.012732 -42.066856 0.150616 0.047943 0.987429 12.721255
0.960082 0.233274 -0.154353 182.357065 -0.237716 0.971276 -0.010710 -42.318584 0.147421 0.046975 0.987958 12.820984
0.959009 0.236585 -0.155980 183.215994 -0.241319 0.970373 -0.011868 -42.559065 0.148551 0.049023 0.987689 12.940883
0.958174 0.240942 -0.154435 184.265948 -0.245676 0.969277 -0.012048 -42.825996 0.146787 0.049485 0.987930 13.071406
0.958722 0.238893 -0.154214 185.230955 -0.243224 0.969923 -0.009573 -43.081319 0.147289 0.046686 0.987991 13.183761
0.959118 0.236800 -0.154981 186.116230 -0.241348 0.970377 -0.010945 -43.307129 0.147798 0.047902 0.987857 13.272550
0.959082 0.236574 -0.155547 186.761203 -0.241153 0.970425 -0.010980 -43.491550 0.148350 0.048041 0.987767 13.362838
0.959331 0.235051 -0.156316 187.511401 -0.239764 0.970760 -0.011743 -43.691138 0.148985 0.048745 0.987637 13.425924
0.959161 0.233493 -0.159661 188.334797 -0.237812 0.971276 -0.008225 -43.929666 0.153155 0.045859 0.987138 13.539122
0.959950 0.226414 -0.165023 188.834506 -0.230675 0.973007 -0.006872 -44.073165 0.159012 0.044663 0.986266 13.596578
0.961246 0.217699 -0.169154 189.638553 -0.222162 0.974979 -0.007688 -44.264942 0.163248 0.044970 0.985560 13.698232
0.962914 0.209470 -0.170058 190.195172 -0.213686 0.976880 -0.006672 -44.401026 0.164728 0.042764 0.985412 13.780705
0.967201 0.189379 -0.169285 190.925157 -0.193332 0.981108 -0.007031 -44.578902 0.164755 0.039529 0.985542 13.871967
0.972075 0.161788 -0.169985 191.736775 -0.165856 0.986100 -0.009915 -44.736202 0.166018 0.037831 0.985397 13.973832
0.976028 0.134357 -0.171225 192.428215 -0.138061 0.990375 -0.009855 -44.832050 0.168252 0.033258 0.985183 14.055757
0.980159 0.094439 -0.174269 193.316183 -0.097944 0.995124 -0.011605 -44.963599 0.172323 0.028443 0.984630 14.183236
0.985546 0.040160 -0.164582 194.455241 -0.043393 0.998928 -0.016092 -45.072044 0.163759 0.023001 0.986232 14.388773
0.987116 0.001287 -0.160003 195.192272 -0.004988 0.999729 -0.022732 -45.087332 0.159930 0.023237 0.986855 14.512063
0.985479 -0.051876 -0.161678 196.209465 0.047577 0.998406 -0.030352 -45.102166 0.162995 0.022219 0.986377 14.656695
0.981102 -0.098013 -0.166829 197.094333 0.093441 0.995007 -0.035056 -45.040122 0.169432 0.018805 0.985362 14.767721
0.974180 -0.144453 -0.173513 198.190648 0.140538 0.989467 -0.034710 -44.869493 0.176699 0.009429 0.984220 14.933137
0.968266 -0.178104 -0.175329 199.282810 0.174330 0.983999 -0.036822 -44.698624 0.179081 0.005088 0.983821 15.103950
0.964618 -0.199264 -0.172641 200.709498 0.195478 0.979939 -0.038834 -44.461150 0.176916 0.003712 0.984219 15.344244
0.963845 -0.205422 -0.169718 201.690519 0.201526 0.978664 -0.040060 -44.254002 0.174326 0.004409 0.984678 15.531628
0.963914 -0.204279 -0.170707 202.906313 0.200562 0.978907 -0.038930 -43.997512 0.175059 0.003287 0.984553 15.737829
0.965010 -0.198325 -0.171529 203.885631 0.194323 0.980122 -0.039987 -43.824529 0.176050 0.005256 0.984367 15.901824
0.968083 -0.180126 -0.174272 205.099043 0.176295 0.983628 -0.037353 -43.572247 0.178147 0.005437 0.983989 16.120035
0.971056 -0.162499 -0.175055 206.035485 0.158549 0.986679 -0.036411 -43.420254 0.178640 0.007603 0.983885 16.281610
0.975094 -0.139286 -0.172599 207.214585 0.135145 0.990187 -0.035571 -43.292750 0.175860 0.011360 0.984350 16.486580
0.977419 -0.120943 -0.173279 208.170287 0.117141 0.992598 -0.032039 -43.143812 0.175872 0.011017 0.984351 16.654946
0.980150 -0.100460 -0.170918 209.098307 0.096709 0.994856 -0.030152 -43.018110 0.173068 0.013024 0.984824 16.827053
0.982927 -0.077747 -0.166765 210.277831 0.073915 0.996841 -0.029074 -42.875594 0.168499 0.016251 0.985568 17.049110
0.984511 -0.057092 -0.165768 211.447488 0.053617 0.998239 -0.025367 -42.775475 0.166925 0.016086 0.985838 17.236403
0.985871 -0.040740 -0.162475 212.593195 0.037243 0.999006 -0.024512 -42.677856 0.163312 0.018115 0.986408 17.427226
0.986496 -0.028330 -0.161319 213.558403 0.024708 0.999397 -0.024412 -42.596640 0.161913 0.020097 0.986600 17.582779
0.986537 -0.015692 -0.162785 214.972597 0.011976 0.999645 -0.023783 -42.526204 0.163101 0.021514 0.986375 17.800294
0.986525 -0.003507 -0.163572 215.887626 0.000497 0.999830 -0.018440 -42.509227 0.163608 0.018110 0.986359 17.953232
0.987520 0.012164 -0.157021 217.037697 -0.015771 0.999639 -0.021744 -42.506417 0.156700 0.023949 0.987356 18.139982
0.987130 0.029648 -0.157147 218.172871 -0.033346 0.999224 -0.020947 -42.453277 0.156404 0.025917 0.987353 18.312169
0.987238 0.043844 -0.153101 219.015902 -0.047451 0.998674 -0.019982 -42.408628 0.152021 0.026992 0.988009 18.446327
0.986256 0.066743 -0.151143 220.266587 -0.070493 0.997320 -0.019589 -42.454721 0.149430 0.029974 0.988318 18.626444
0.985418 0.081241 -0.149501 221.000622 -0.085087 0.996183 -0.019497 -42.489223 0.147346 0.031933 0.988569 18.740305
0.983627 0.105030 -0.146448 222.092032 -0.108837 0.993893 -0.018213 -42.514206 0.143641 0.033853 0.989051 18.885938
0.981451 0.123613 -0.146539 222.975324 -0.127618 0.991656 -0.018215 -42.600418 0.143064 0.036578 0.989037 19.001829
0.978068 0.149440 -0.145089 223.952528 -0.152915 0.988153 -0.013042 -42.659675 0.141421 0.034942 0.989333 19.120896
0.974355 0.178793 -0.136622 224.881113 -0.181303 0.983409 -0.006051 -42.784120 0.133273 0.030665 0.990605 19.255405
0.963562 0.230657 -0.135442 226.007009 -0.232742 0.972538 0.000458 -43.011802 0.131829 0.031082 0.990785 19.401845
0.952797 0.273165 -0.132514 226.603167 -0.275365 0.961338 0.001783 -43.108093 0.127878 0.034791 0.991180 19.480243
0.937652 0.321972 -0.130930 227.236705 -0.324349 0.945932 0.003337 -43.241186 0.124925 0.039338 0.991386 19.559190
0.913333 0.387240 -0.125969 228.011370 -0.389752 0.920906 0.005067 -43.441669 0.117967 0.044469 0.992021 19.663044
0.872274 0.473291 -0.123019 229.027461 -0.476083 0.879368 0.007497 -43.905586 0.111727 0.052028 0.992376 19.778634
0.841784 0.524856 -0.126199 229.670593 -0.528131 0.849119 0.008663 -44.229508 0.111704 0.059357 0.991967 19.852162
0.794652 0.592762 -0.131001 230.430122 -0.596255 0.802655 0.015025 -44.731456 0.114055 0.066171 0.991268 19.938084
0.731137 0.669134 -0.133032 231.262093 -0.673158 0.739261 0.018748 -45.382858 0.110890 0.075844 0.990934 20.044781
0.664517 0.734643 -0.136810 232.002367 -0.740216 0.672217 0.014279 -46.217926 0.102456 0.091780 0.990494 20.144899
0.606079 0.783454 -0.137360 232.695871 -0.789526 0.613518 0.015638 -47.003933 0.096524 0.098971 0.990398 20.225807
0.561397 0.815445 -0.141006 233.198888 -0.822378 0.568746 0.014901 -47.751730 0.092347 0.107595 0.989897 20.276016
0.519339 0.842461 -0.143338 233.592324 -0.850014 0.526547 0.014997 -48.397790 0.088109 0.114050 0.989560 20.308773
0.476187 0.867937 -0.141179 234.121039 -0.875663 0.482717 0.014085 -49.124766 0.080374 0.116919 0.989884 20.355104
0.444439 0.884616 -0.141169 234.522993 -0.892694 0.450491 0.012493 -49.856010 0.074647 0.120468 0.989907 20.388565
0.418383 0.897040 -0.142389 234.906315 -0.905519 0.424152 0.011432 -50.510363 0.070649 0.124153 0.989745 20.441521
0.385954 0.912120 -0.138117 235.349542 -0.920162 0.391323 0.012982 -51.563311 0.065890 0.122080 0.990331 20.507455
0.352481 0.926372 -0.132632 235.797284 -0.933812 0.357451 0.014940 -52.659381 0.061250 0.118587 0.991053 20.557167
0.311488 0.941267 -0.130353 236.231049 -0.948656 0.315968 0.014696 -53.778243 0.055020 0.119082 0.991359 20.636626
0.273795 0.953491 -0.126059 236.564173 -0.960585 0.277647 0.013723 -54.721619 0.048085 0.117333 0.991928 20.691064
0.211299 0.969584 -0.123533 236.965201 -0.976659 0.214433 0.012497 -56.092374 0.038606 0.118009 0.992262 20.758070
0.165940 0.978417 -0.123144 237.191245 -0.985539 0.168887 0.013816 -57.036974 0.034315 0.119070 0.992293 20.787624
0.120197 0.984822 -0.125211 237.411385 -0.992208 0.123338 0.017611 -58.281577 0.032787 0.122119 0.991974 20.820292
0.071143 0.989807 -0.123372 237.538458 -0.996833 0.074960 0.026569 -59.830456 0.035546 0.121091 0.992005 20.818596
0.042708 0.991498 -0.122915 237.583620 -0.998551 0.046392 0.027272 -60.847613 0.032743 0.121572 0.992042 20.798317
0.013472 0.992604 -0.120649 237.628042 -0.999484 0.016888 0.027337 -62.489071 0.029172 0.120219 0.992319 20.803285
0.000361 0.992958 -0.118465 237.637374 -0.999584 0.003773 0.028580 -63.786983 0.028826 0.118406 0.992547 20.838481
-0.002672 0.992736 -0.120285 237.619579 -0.999425 0.001416 0.033889 -65.140962 0.033813 0.120307 0.992161 20.831104
-0.001015 0.992257 -0.124194 237.594902 -0.999367 0.003410 0.035416 -66.755138 0.035565 0.124151 0.991626 20.875798
0.011313 0.991154 -0.132232 237.578157 -0.999488 0.015166 0.028163 -68.450118 0.029919 0.131846 0.990819 20.903991
0.027322 0.990585 -0.134144 237.582914 -0.999142 0.031239 0.027180 -69.533589 0.031115 0.133287 0.990589 20.933533
0.061765 0.986201 -0.153601 237.633729 -0.996833 0.068677 0.040103 -71.256695 0.050098 0.150637 0.987319 20.959435
0.106053 0.981019 -0.162343 237.740649 -0.992848 0.113473 0.037111 -72.691370 0.054828 0.157246 0.986036 21.032265
0.149607 0.974232 -0.168788 237.839285 -0.986673 0.158150 0.038279 -73.819732 0.063987 0.160812 0.984909 21.062628
0.216404 0.961466 -0.169564 238.114817 -0.972813 0.227027 0.045755 -75.551078 0.082487 0.155053 0.984456 21.163104
0.271655 0.946747 -0.172841 238.352471 -0.958227 0.282777 0.042879 -76.675851 0.089471 0.153972 0.984016 21.218166
0.341859 0.922977 -0.176764 238.886158 -0.935508 0.352095 0.029215 -78.307994 0.089202 0.155377 0.983820 21.387136
0.391286 0.900414 -0.190131 239.307656 -0.914648 0.403306 0.027630 -79.404996 0.101560 0.163092 0.981370 21.478629
0.460032 0.866641 -0.193142 240.051068 -0.880709 0.473011 0.024730 -81.020325 0.112790 0.158726 0.980859 21.654341
0.517427 0.833343 -0.194447 240.746475 -0.846732 0.531456 0.024492 -82.310379 0.123750 0.151971 0.980607 21.794874
0.568781 0.799395 -0.193536 241.701369 -0.810950 0.584332 0.030275 -83.856431 0.137291 0.139728 0.980626 22.012909
0.600591 0.775098 -0.196251 242.398530 -0.786573 0.616817 0.028970 -84.822361 0.143506 0.136967 0.980126 22.163101
0.640950 0.740596 -0.201743 243.558375 -0.752165 0.658408 0.027333 -86.294258 0.153072 0.134224 0.979057 22.396566
0.666467 0.716970 -0.204390 244.800245 -0.727685 0.685218 0.030840 -87.729185 0.162163 0.128178 0.978404 22.657677
0.679173 0.703959 -0.207763 245.880868 -0.714774 0.698679 0.030738 -88.913854 0.166798 0.127627 0.977696 22.889678
0.684283 0.698832 -0.208304 246.794871 -0.710264 0.703429 0.026681 -89.871524 0.165172 0.129694 0.977700 23.126299
0.686755 0.694765 -0.213702 248.631810 -0.706317 0.707277 0.029595 -91.809914 0.171708 0.130617 0.976451 23.542057
0.688435 0.693665 -0.211862 250.011783 -0.705637 0.708114 0.025529 -93.270909 0.167731 0.131923 0.976966 23.882728
0.689795 0.691825 -0.213450 251.171967 -0.704135 0.709642 0.024548 -94.512236 0.168456 0.133365 0.976645 24.155055
0.689221 0.692237 -0.213968 252.113195 -0.704420 0.709315 0.025768 -95.509293 0.169609 0.132963 0.976501 24.368569
0.688886 0.692659 -0.213684 253.059424 -0.704591 0.709098 0.027051 -96.535752 0.170260 0.131924 0.976528 24.602432
0.687674 0.695382 -0.208682 254.228641 -0.706324 0.707283 0.029288 -97.767441 0.167964 0.127256 0.977545 24.898881
0.686367 0.696017 -0.210856 255.192474 -0.707313 0.706304 0.029041 -98.788934 0.169141 0.129208 0.977086 25.094787
0.683640 0.699277 -0.208923 256.392241 -0.709271 0.704038 0.035569 -100.034366 0.171962 0.123867 0.977285 25.349953
0.677344 0.705305 -0.209165 257.556889 -0.714193 0.698628 0.042989 -101.269891 0.176449 0.120265 0.976935 25.628335
0.673516 0.710092 -0.205294 258.479943 -0.718338 0.694258 0.044691 -102.260483 0.174262 0.117370 0.977679 25.887461
0.669028 0.714324 -0.205287 259.658971 -0.722943 0.689549 0.043314 -103.555401 0.172496 0.119432 0.977743 26.193258
0.661817 0.720170 -0.208213 261.070579 -0.728592 0.683297 0.047527 -105.121889 0.176499 0.120249 0.976928 26.542097
0.653480 0.726300 -0.213196 262.027416 -0.734632 0.676422 0.052619 -106.199099 0.182427 0.122235 0.975592 26.781034
0.645653 0.733681 -0.211765 262.939527 -0.741612 0.668557 0.055168 -107.242371 0.182053 0.121428 0.975762 27.026046
0.639084 0.740514 -0.207872 264.312236 -0.750274 0.659699 0.043432 -108.883080 0.169294 0.128204 0.977191 27.398038
0.631383 0.744943 -0.215443 265.203640 -0.754631 0.654202 0.050511 -109.982125 0.178571 0.130688 0.975209 27.616243
