0.999698 0.024522 0.001417 6.779275 -0.024525 0.999697 0.002031 -0.112656 -0.001367 -0.002065 0.999997 0.101598
0.999434 0.033330 0.004655 8.388754 -0.033343 0.999440 0.002750 -0.172903 -0.004561 -0.002903 0.999985 0.126682
0.998884 0.047224 -0.000214 10.346133 -0.047223 0.998880 0.003033 -0.266476 0.000357 -0.003019 0.999995 0.157773
0.998090 0.061759 -0.001381 11.908873 -0.061755 0.998087 0.003003 -0.364264 0.001564 -0.002911 0.999995 0.183259
0.996547 0.082966 -0.003147 13.864745 -0.082961 0.996551 0.001703 -0.519587 0.003278 -0.001436 0.999994 0.216104
0.993910 0.109947 -0.007443 16.173027 -0.109933 0.993937 0.002187 -0.758592 0.007639 -0.001355 0.999970 0.256469
0.990414 0.137819 -0.009256 18.067986 -0.137799 0.990456 0.002729 -1.009701 0.009544 -0.001428 0.999953 0.291186
0.987598 0.156402 -0.013736 19.580485 -0.156446 0.987684 -0.002198 -1.244743 0.013223 0.004319 0.999903 0.319892
0.983602 0.180049 -0.010486 21.474785 -0.180087 0.983647 -0.002764 -1.571613 0.009817 0.004607 0.999941 0.356778
0.980028 0.198378 -0.013839 22.978981 -0.198447 0.980104 -0.003823 -1.868460 0.012805 0.006493 0.999897 0.387141
0.974670 0.223080 -0.015919 24.863473 -0.223172 0.974770 -0.004231 -2.281119 0.014573 0.007676 0.999864 0.426354
0.969658 0.243778 -0.018290 26.419348 -0.243902 0.969788 -0.004844 -2.666523 0.016557 0.009158 0.999821 0.460014
0.962958 0.268794 -0.021489 28.258203 -0.268975 0.963129 -0.005955 -3.165715 0.019096 0.011514 0.999751 0.501054
0.957419 0.287667 -0.024417 29.697004 -0.287911 0.957631 -0.007070 -3.587400 0.021349 0.013799 0.999677 0.534059
0.948294 0.316362 -0.025552 31.822424 -0.316636 0.948518 -0.007386 -4.270123 0.021899 0.015095 0.999646 0.584536
0.940663 0.338600 -0.022433 33.516410 -0.338795 0.940845 -0.005425 -4.869081 0.019269 0.012703 0.999734 0.626343
0.934303 0.355451 -0.027074 34.845939 -0.355680 0.934600 -0.003970 -5.369981 0.023892 0.013339 0.999626 0.660042
0.927298 0.373441 -0.025684 36.501138 -0.373670 0.927550 -0.004634 -6.024307 0.022093 0.013895 0.999659 0.702880
0.919608 0.392056 -0.024772 38.178934 -0.392289 0.919828 -0.005133 -6.735298 0.020774 0.014438 0.999680 0.747676
0.911845 0.409754 -0.025298 39.480445 -0.409888 0.912136 -0.000118 -7.313113 0.023027 0.010477 0.999680 0.783181
0.903387 0.427939 -0.027556 40.772614 -0.428066 0.903746 0.001404 -7.919949 0.025505 0.010528 0.999619 0.819385
0.892374 0.450414 -0.028220 42.391409 -0.450548 0.892751 0.001800 -8.719928 0.026004 0.011108 0.999600 0.865884
0.881137 0.471951 -0.029311 44.303094 -0.472140 0.881523 0.000529 -9.718453 0.026088 0.013373 0.999570 0.922345
0.871362 0.489971 -0.025607 45.847018 -0.490140 0.871644 -0.000349 -10.575640 0.022149 0.012855 0.999672 0.969404
0.861000 0.507896 -0.026834 47.342528 -0.508054 0.861324 0.001061 -11.452441 0.023652 0.012719 0.999639 1.016325
0.853210 0.520889 -0.026585 48.510989 -0.521047 0.853527 0.001134 -12.164595 0.023281 0.012884 0.999646 1.053764
0.843639 0.536169 -0.028208 49.935355 -0.536345 0.843998 0.001556 -13.061541 0.024641 0.013817 0.999601 1.100232
0.836472 0.547229 -0.029250 51.023622 -0.547412 0.836861 0.002028 -13.772102 0.025588 0.014315 0.999570 1.136462
0.828845 0.558628 -0.030818 52.075365 -0.558852 0.829266 0.001608 -14.482601 0.026455 0.015890 0.999524 1.172160
0.818926 0.573034 -0.031501 53.335315 -0.573209 0.819399 0.004064 -15.359946 0.028141 0.014729 0.999495 1.215679
0.810353 0.585182 -0.029839 54.324918 -0.585371 0.810760 0.002844 -16.069596 0.025856 0.015162 0.999551 1.250451
0.799058 0.600449 -0.031090 55.474677 -0.600732 0.799450 0.000290 -16.931700 0.025029 0.018445 0.999517 1.291933
0.788765 0.613807 -0.033025 56.567742 -0.614108 0.789221 0.001277 -17.774857 0.026848 0.019274 0.999454 1.332047
0.779957 0.624920 -0.033792 57.417678 -0.625252 0.780422 0.000963 -18.452280 0.026974 0.020378 0.999428 1.363866
0.767998 0.639421 -0.036315 58.572932 -0.639891 0.768463 -0.001759 -19.415096 0.026782 0.024588 0.999339 1.408324
0.759389 0.649447 -0.039323 59.474362 -0.649953 0.759974 -0.000098 -20.184845 0.029821 0.025632 0.999227 1.443546
0.753266 0.656484 -0.040240 60.176692 -0.657068 0.753829 -0.001756 -20.800916 0.029182 0.027763 0.999188 1.471458
0.746355 0.664207 -0.042222 60.827843 -0.664872 0.746954 -0.002325 -21.384308 0.029994 0.029808 0.999106 1.497688
0.737737 0.673723 -0.042897 61.603534 -0.674429 0.738335 -0.002752 -22.089458 0.029818 0.030961 0.999076 1.529227
0.729117 0.683000 -0.043579 62.334108 -0.683720 0.729741 -0.002247 -22.774110 0.030267 0.031435 0.999047 1.559523
0.722771 0.689741 -0.043107 62.867129 -0.690423 0.723405 -0.001283 -23.287213 0.030299 0.030689 0.999070 1.582016
0.715132 0.697675 -0.042856 63.456317 -0.698326 0.715779 -0.000335 -23.867134 0.030442 0.030166 0.999081 1.607247
0.706287 0.706699 -0.041647 64.133150 -0.707315 0.706898 -0.000064 -24.545289 0.029395 0.029503 0.999132 1.636576
0.701162 0.711681 -0.043386 64.540214 -0.712363 0.701812 -0.000357 -24.962688 0.030195 0.031157 0.999058 1.654489
0.694971 0.717774 -0.042622 65.020288 -0.718393 0.695637 0.001125 -25.462569 0.030458 0.029837 0.999091 1.675834
0.688580 0.724213 -0.037050 65.455568 -0.724622 0.689138 0.003323 -25.926065 0.027939 0.024559 0.999308 1.695483
0.679772 0.732311 -0.040387 65.972358 -0.732773 0.680457 0.004641 -26.484783 0.030880 0.026440 0.999173 1.719054
0.672921 0.738643 -0.039793 66.325160 -0.739094 0.673586 0.004723 -26.874792 0.030292 0.026233 0.999197 1.735392
0.660014 0.750315 -0.037526 66.893014 -0.750541 0.660740 0.010549 -27.521095 0.032710 0.021202 0.999240 1.762223
0.648448 0.760343 -0.037333 67.345831 -0.760496 0.649214 0.012939 -28.057984 0.034075 0.020001 0.999219 1.784237
0.638777 0.768430 -0.038449 67.724816 -0.768685 0.639535 0.010911 -28.517480 0.032974 0.022585 0.999201 1.802954
0.628112 0.777154 -0.038808 68.120702 -0.777454 0.628859 0.010097 -29.008302 0.032251 0.023830 0.999196 1.822817
0.618349 0.785009 -0.037507 68.508858 -0.785389 0.618967 0.006672 -29.502250 0.028453 0.025331 0.999274 1.842658
0.604986 0.795209 -0.040426 69.029523 -0.795547 0.605795 0.010859 -30.188722 0.033125 0.025591 0.999124 1.869960
0.593102 0.804101 -0.040639 69.581543 -0.804322 0.594011 0.014773 -30.935047 0.036019 0.023925 0.999065 1.899439
0.580143 0.813041 -0.048972 70.244723 -0.813693 0.581209 0.009992 -31.852956 0.036587 0.034052 0.998750 1.935466
0.569559 0.820867 -0.042183 70.771510 -0.821344 0.570360 0.009155 -32.608967 0.031574 0.029432 0.999068 1.964858
0.560759 0.826829 -0.043613 71.167357 -0.827355 0.561603 0.009232 -33.192296 0.032126 0.030907 0.999006 1.987382
0.553579 0.831550 -0.045549 71.573924 -0.832162 0.554464 0.008721 -33.806285 0.032507 0.033076 0.998924 2.010943
0.545989 0.836653 -0.043679 72.057291 -0.837182 0.546839 0.009661 -34.547283 0.031968 0.031293 0.998999 2.039272
0.541093 0.839735 -0.045425 72.524331 -0.840267 0.542053 0.011405 -35.279431 0.034200 0.031998 0.998903 2.067110
0.539694 0.840604 -0.045994 72.886185 -0.841065 0.540754 0.013957 -35.848411 0.036604 0.031152 0.998844 2.088728
0.539862 0.840607 -0.043913 73.327471 -0.841078 0.540784 0.011860 -36.543428 0.033717 0.030532 0.998965 2.115124
0.540709 0.840187 -0.041464 73.739245 -0.840576 0.541558 0.012116 -37.198429 0.032635 0.028303 0.999067 2.139941
0.541685 0.839530 -0.042032 74.144131 -0.839940 0.542548 0.011953 -37.837332 0.032839 0.028830 0.999045 2.164195
0.544200 0.837766 -0.044672 74.542023 -0.838219 0.545181 0.012884 -38.463742 0.035148 0.030433 0.998919 2.187987
0.549042 0.834722 -0.042338 74.914006 -0.834996 0.550027 0.015880 -39.043200 0.036542 0.026633 0.998977 2.210054
0.558554 0.828379 -0.042500 75.360111 -0.828759 0.559462 0.012713 -39.727060 0.034309 0.028121 0.999016 2.236199
0.569040 0.821337 -0.039980 75.701087 -0.821728 0.569793 0.009906 -40.234108 0.030917 0.027216 0.999151 2.255732
0.591417 0.805509 -0.037166 76.205896 -0.805806 0.592096 0.009980 -40.951891 0.030045 0.024046 0.999259 2.283705
0.607822 0.793253 -0.036071 76.546378 -0.793423 0.608536 0.012835 -41.410374 0.032132 0.020818 0.999267 2.301834
0.622202 0.782136 -0.033593 76.852670 -0.782266 0.622826 0.012135 -41.810961 0.030414 0.018728 0.999362 2.317802
0.634477 0.772300 -0.031488 77.099958 -0.772371 0.635047 0.012545 -42.122454 0.029685 0.016361 0.999425 2.330350
0.647602 0.761452 -0.028348 77.376270 -0.761495 0.648068 0.011535 -42.462020 0.027155 0.014117 0.999532 2.344127
0.653801 0.756181 -0.027083 77.516358 -0.756229 0.654221 0.010570 -42.631444 0.025712 0.013570 0.999577 2.351034
0.659534 0.751193 -0.026921 77.652944 -0.751285 0.659922 0.008569 -42.795195 0.024202 0.014574 0.999601 2.357726
0.664500 0.746771 -0.027803 77.759032 -0.746895 0.664898 0.007714 -42.920418 0.024246 0.015640 0.999584 2.362867
0.668106 0.743552 -0.027643 77.834700 -0.743663 0.668506 0.008091 -43.008641 0.024496 0.015152 0.999585 2.366503
0.670148 0.741708 -0.027743 77.879877 -0.741819 0.670551 0.008097 -43.062266 0.024608 0.015154 0.999582 2.368701
0.671052 0.740888 -0.027825 77.906856 -0.740985 0.671466 0.008670 -43.095720 0.025106 0.014800 0.999575 2.370055
0.670771 0.741085 -0.029316 77.906978 -0.741167 0.671244 0.010089 -43.098283 0.027155 0.014961 0.999519 2.370131
0.671109 0.740763 -0.029719 77.900298 -0.740811 0.671614 0.011513 -43.093589 0.028488 0.014290 0.999492 2.369899
0.671474 0.740423 -0.029955 77.896470 -0.740498 0.671974 0.010652 -43.091413 0.028016 0.015029 0.999494 2.369780
0.671770 0.740135 -0.030436 77.893486 -0.740221 0.672281 0.010534 -43.090861 0.028258 0.015453 0.999481 2.369721
0.671911 0.740035 -0.029715 77.892015 -0.740090 0.672414 0.011276 -43.091103 0.028326 0.014415 0.999495 2.369707
0.672076 0.739869 -0.030137 77.890880 -0.739939 0.672585 0.010927 -43.091777 0.028355 0.014956 0.999486 2.369710
0.672199 0.739769 -0.029818 77.889797 -0.739825 0.672705 0.011289 -43.092340 0.028410 0.014472 0.999492 2.369710
0.672297 0.739670 -0.030077 77.888934 -0.739734 0.672807 0.011103 -43.093009 0.028449 0.014785 0.999486 2.369717
0.672275 0.739700 -0.029852 77.888423 -0.739755 0.672781 0.011295 -43.093508 0.028439 0.014490 0.999490 2.369724
0.672343 0.739638 -0.029853 77.887692 -0.739696 0.672848 0.011204 -43.093902 0.028373 0.014549 0.999492 2.369725
0.672378 0.739606 -0.029834 77.887129 -0.739661 0.672884 0.011306 -43.094512 0.028436 0.014465 0.999491 2.369734
0.672365 0.739617 -0.029866 77.886371 -0.739671 0.672873 0.011372 -43.094961 0.028507 0.014445 0.999489 2.369736
0.672375 0.739602 -0.030028 77.885914 -0.739652 0.672890 0.011559 -43.095350 0.028754 0.014438 0.999482 2.369741
0.672568 0.739431 -0.029901 77.885509 -0.739476 0.673081 0.011707 -43.095630 0.028782 0.014237 0.999484 2.369743
0.673033 0.739008 -0.029915 77.884663 -0.739049 0.673548 0.011817 -43.095698 0.028882 0.014155 0.999483 2.369732
0.673262 0.738821 -0.029363 77.883818 -0.738869 0.673754 0.011285 -43.095766 0.028122 0.014098 0.999505 2.369722
0.673102 0.738963 -0.029460 77.883140 -0.739011 0.673598 0.011343 -43.096050 0.028226 0.014136 0.999502 2.369720
0.672893 0.739148 -0.029586 77.882903 -0.739198 0.673393 0.011358 -43.096545 0.028318 0.014227 0.999498 2.369731
0.672796 0.739236 -0.029576 77.882938 -0.739284 0.673297 0.011434 -43.097036 0.028366 0.014172 0.999497 2.369746
0.672606 0.739406 -0.029651 77.882726 -0.739452 0.673111 0.011536 -43.097476 0.028488 0.014167 0.999494 2.369755
0.672648 0.739354 -0.029987 77.882568 -0.739401 0.673164 0.011668 -43.097806 0.028813 0.014324 0.999482 2.369763
0.672733 0.739273 -0.030094 77.882462 -0.739314 0.673255 0.011926 -43.098026 0.029077 0.014226 0.999476 2.369767
0.673333 0.738736 -0.029875 77.881502 -0.738771 0.673850 0.011979 -43.097768 0.028981 0.014005 0.999482 2.369746
0.673609 0.738499 -0.029519 77.881036 -0.738542 0.674109 0.011530 -43.097612 0.028414 0.014035 0.999498 2.369735
0.674525 0.737644 -0.029952 77.882954 -0.737683 0.675043 0.011878 -43.099819 0.028980 0.014083 0.999481 2.369826
0.676131 0.736167 -0.030094 77.890197 -0.736201 0.676656 0.012058 -43.107287 0.029240 0.014002 0.999474 2.370146
0.678324 0.734146 -0.030104 77.913129 -0.734177 0.678850 0.012125 -43.131693 0.029338 0.013877 0.999473 2.371181
0.680449 0.732191 -0.029771 77.944615 -0.732224 0.680961 0.011843 -43.165347 0.028945 0.013741 0.999487 2.372606
0.683994 0.728895 -0.029390 77.998445 -0.728946 0.684483 0.010936 -43.222379 0.028088 0.013944 0.999508 2.375028
0.686009 0.727016 -0.028981 78.036223 -0.727068 0.686483 0.010652 -43.262098 0.027640 0.013764 0.999523 2.376718
0.687786 0.725349 -0.028638 78.076245 -0.725421 0.688237 0.009693 -43.303909 0.026741 0.014108 0.999543 2.378502
0.688919 0.724268 -0.028752 78.109914 -0.724342 0.689373 0.009661 -43.337528 0.026818 0.014171 0.999540 2.379957
0.689217 0.723983 -0.028783 78.127726 -0.724058 0.689672 0.009620 -43.353994 0.026816 0.014210 0.999539 2.380689
0.689158 0.724024 -0.029169 78.127533 -0.724102 0.689624 0.009709 -43.352141 0.027145 0.014430 0.999527 2.380633
0.689372 0.723812 -0.029360 78.125475 -0.723879 0.689851 0.010243 -43.347972 0.027668 0.014192 0.999516 2.380483
0.689602 0.723593 -0.029377 78.124754 -0.723664 0.690079 0.010068 -43.345528 0.027558 0.014316 0.999518 2.380403
0.689766 0.723438 -0.029341 78.124921 -0.723504 0.690244 0.010217 -43.344052 0.027644 0.014181 0.999517 2.380363
0.689837 0.723366 -0.029422 78.125291 -0.723436 0.690317 0.010161 -43.343282 0.027661 0.014275 0.999515 2.380346
0.689953 0.723262 -0.029283 78.125908 -0.723331 0.690428 0.010095 -43.342562 0.027519 0.014217 0.999520 2.380334
0.690210 0.723002 -0.029647 78.126251 -0.723070 0.690698 0.010319 -43.341847 0.027937 0.014315 0.999507 2.380319
0.690452 0.722766 -0.029770 78.126648 -0.722829 0.690946 0.010546 -43.341022 0.028192 0.014237 0.999501 2.380301
0.691077 0.722153 -0.030120 78.126551 -0.722218 0.691584 0.010637 -43.340096 0.028512 0.014402 0.999490 2.380273
0.692211 0.721016 -0.031291 78.132421 -0.721062 0.692770 0.011857 -43.345349 0.030226 0.014355 0.999440 2.380509
0.695924 0.717410 -0.031822 78.174811 -0.717454 0.696501 0.012062 -43.388432 0.030817 0.014437 0.999421 2.382363
0.702342 0.711089 -0.032689 78.266032 -0.711152 0.702941 0.011679 -43.481478 0.031283 0.015044 0.999397 2.386363
0.710130 0.703252 -0.033932 78.387676 -0.703331 0.710768 0.011567 -43.603066 0.032253 0.015651 0.999357 2.391626
0.730643 0.681711 -0.037823 78.706050 -0.681979 0.731335 0.007305 -43.911442 0.032642 0.020457 0.999258 2.405116
0.746499 0.664288 -0.038235 78.969321 -0.664655 0.747140 0.003969 -44.153037 0.031203 0.022450 0.999261 2.415886
0.776475 0.629116 -0.036048 79.452020 -0.629465 0.777026 0.002064 -44.570248 0.029308 0.021088 0.999348 2.434891
0.800442 0.598321 -0.036132 79.866955 -0.598718 0.800960 -0.000238 -44.901945 0.028798 0.021823 0.999347 2.450453
0.829873 0.556793 -0.035950 80.435185 -0.557260 0.830330 -0.003698 -45.314713 0.027791 0.023102 0.999347 2.470572
0.851637 0.522734 -0.038266 80.949627 -0.523390 0.852045 -0.009041 -45.655712 0.027879 0.027727 0.999227 2.487845
0.877805 0.477298 -0.040549 81.687526 -0.478098 0.878218 -0.012446 -46.095746 0.029671 0.030311 0.999100 2.511209
0.899112 0.436003 -0.038712 82.495809 -0.436495 0.899694 -0.004873 -46.524542 0.032704 0.021279 0.999239 2.535271
0.916394 0.398853 -0.033749 83.594658 -0.399238 0.916832 -0.005279 -47.044572 0.028837 0.018311 0.999416 2.566174
0.923624 0.382190 -0.029147 84.379106 -0.382492 0.923943 -0.005391 -47.384905 0.024870 0.016127 0.999561 2.587346
0.931428 0.362546 -0.031665 86.090996 -0.362408 0.931964 0.010182 -48.092560 0.033202 0.001992 0.999447 2.632540
0.934614 0.355079 -0.020382 87.484779 -0.354640 0.934738 0.022267 -48.646830 0.026958 -0.013583 0.999544 2.668706
0.934713 0.355085 -0.015038 88.471802 -0.354535 0.934551 0.030333 -49.037800 0.024824 -0.023021 0.999427 2.694274
0.934338 0.355360 -0.027069 90.001656 -0.353751 0.933967 0.050659 -49.636854 0.043284 -0.037757 0.998349 2.733703
0.935023 0.353441 -0.028495 91.327167 -0.351443 0.934411 0.057999 -50.151190 0.047126 -0.044216 0.997910 2.767730
0.935961 0.350919 -0.028850 92.407767 -0.348946 0.935398 0.057156 -50.564929 0.047043 -0.043429 0.997948 2.795310
0.939709 0.339615 -0.040112 93.780067 -0.337134 0.939677 0.057869 -51.075996 0.057345 -0.040857 0.997518 2.829922
0.947105 0.315675 -0.057797 95.436117 -0.312897 0.948346 0.052309 -51.659796 0.071324 -0.031458 0.996957 2.870743
0.958198 0.276178 -0.074716 96.864267 -0.273956 0.960963 0.038719 -52.105340 0.082492 -0.016632 0.996453 2.904280
0.968320 0.237557 -0.076964 98.043456 -0.236757 0.971373 0.019494 -52.428850 0.079392 -0.000654 0.996843 2.930695
0.979095 0.192737 -0.065007 99.235020 -0.192737 0.981230 0.006338 -52.704623 0.065009 0.006324 0.997865 2.955916
0.988586 0.138281 -0.059799 100.742118 -0.138711 0.990328 -0.003077 -52.981340 0.058795 0.011337 0.998206 2.985742
0.994352 0.093304 -0.050575 101.964093 -0.093951 0.995521 -0.010565 -53.134644 0.049363 0.015257 0.998664 3.007881
0.998381 0.039861 -0.040578 103.502308 -0.040305 0.999136 -0.010177 -53.255860 0.040138 0.011796 0.999125 3.033686
0.999206 -0.007715 -0.039088 105.064528 0.007190 0.999883 -0.013534 -53.303447 0.039188 0.013242 0.999144 3.057720
0.998639 -0.039171 -0.034425 106.347949 0.038607 0.999112 -0.016893 -53.289408 0.035056 0.015540 0.999265 3.075937
0.996995 -0.070292 -0.032573 108.007401 0.069649 0.997362 -0.020468 -53.219718 0.033926 0.018138 0.999260 3.098008
0.995412 -0.089850 -0.032902 109.344107 0.089198 0.995797 -0.020797 -53.126335 0.034633 0.017767 0.999242 3.114716
0.992980 -0.111016 -0.040813 111.383816 0.110325 0.993717 -0.018834 -52.943731 0.042647 0.014199 0.998989 3.139056
0.991804 -0.118200 -0.048520 113.130964 0.117691 0.992962 -0.013242 -52.766469 0.049744 0.007424 0.998734 3.159305
0.992119 -0.120462 -0.034474 114.522119 0.120319 0.992716 -0.006187 -52.613862 0.034969 0.001990 0.999386 3.175099
0.991812 -0.122314 -0.036721 116.249534 0.122413 0.992479 0.000456 -52.423004 0.036389 -0.004947 0.999325 3.194670
0.991588 -0.122281 -0.042443 117.971467 0.122525 0.992460 0.003195 -52.228905 0.041732 -0.008368 0.999094 3.214069
0.991432 -0.122712 -0.044764 119.408711 0.122990 0.992402 0.003485 -52.059833 0.043996 -0.008960 0.998992 3.230058
0.992049 -0.117062 -0.046208 121.188219 0.117314 0.993091 0.002771 -51.854104 0.045564 -0.008169 0.998928 3.249958
0.995332 -0.077386 -0.057664 125.538625 0.077659 0.996977 0.002513 -51.445043 0.057295 -0.006980 0.998333 3.301308
0.996087 -0.061442 -0.063534 126.968996 0.061699 0.998093 0.002088 -51.348887 0.063284 -0.006000 0.997978 3.319295
0.997247 -0.044276 -0.059488 128.794738 0.044735 0.998978 0.006407 -51.249814 0.059143 -0.009050 0.998208 3.342933
0.997680 -0.031005 -0.060600 130.235728 0.031475 0.999481 0.006808 -51.200311 0.060357 -0.008700 0.998139 3.362416
0.997495 -0.015596 -0.068999 132.072971 0.016183 0.999837 0.007949 -51.165778 0.068864 -0.009046 0.997585 3.388078
0.997979 -0.003300 -0.063466 133.554917 0.003606 0.999982 0.004696 -51.156707 0.063449 -0.004916 0.997973 3.409318
0.997762 0.015619 -0.065017 136.118405 -0.015189 0.999859 0.007104 -51.187461 0.065119 -0.006100 0.997859 3.447395
0.997686 0.024862 -0.063286 137.564244 -0.024326 0.999662 0.009222 -51.220289 0.063494 -0.007662 0.997953 3.469317
0.997082 0.033844 -0.068420 139.365278 -0.033043 0.999372 0.012802 -51.276339 0.068810 -0.010504 0.997574 3.497059
0.996751 0.042430 -0.068467 140.805623 -0.041644 0.999050 0.012872 -51.339763 0.068948 -0.009979 0.997570 3.519781
0.996111 0.058283 -0.066073 142.898262 -0.057220 0.998202 0.017862 -51.457832 0.066995 -0.014012 0.997655 3.553539
0.994777 0.075264 -0.068951 144.587925 -0.074156 0.997075 0.018485 -51.576047 0.070141 -0.013276 0.997449 3.581454
0.992664 0.097366 -0.071676 146.566630 -0.095678 0.995056 0.026637 -51.763309 0.073915 -0.019584 0.997072 3.615549
0.990412 0.117303 -0.072963 148.731541 -0.115348 0.992858 0.030468 -52.017245 0.076016 -0.021760 0.996869 3.654264
0.989316 0.130674 -0.064646 150.173323 -0.128715 0.991112 0.033603 -52.209555 0.068463 -0.024923 0.997342 3.680714
0.988267 0.137936 -0.065596 151.291209 -0.136303 0.990249 0.028770 -52.367602 0.068925 -0.019491 0.997431 3.701480
0.986062 0.150253 -0.071450 152.649815 -0.148644 0.988512 0.027354 -52.573540 0.074739 -0.016352 0.997069 3.727115
0.984326 0.161336 -0.071224 153.910074 -0.159919 0.986808 0.025205 -52.781290 0.074351 -0.013420 0.997142 3.751376
0.982747 0.170624 -0.071390 155.063350 -0.169420 0.985284 0.022638 -52.986845 0.074202 -0.010153 0.997192 3.774022
0.981694 0.176312 -0.072045 155.960842 -0.175108 0.984286 0.022750 -53.151631 0.074924 -0.009717 0.997142 3.791783
0.980225 0.184432 -0.071725 157.038148 -0.183145 0.982788 0.024181 -53.358636 0.074950 -0.010567 0.997131 3.813369
0.978305 0.192403 -0.076821 158.050409 -0.191025 0.981268 0.024963 -53.562384 0.080185 -0.009746 0.996732 3.833916
0.976560 0.198582 -0.083044 159.028805 -0.196963 0.980030 0.027335 -53.766736 0.086814 -0.010338 0.996171 3.853990
0.975345 0.203829 -0.084589 159.801488 -0.202692 0.978997 0.021918 -53.929234 0.087280 -0.004232 0.996175 3.869875
0.974380 0.207734 -0.086205 160.607734 -0.206739 0.978183 0.020412 -54.103031 0.088564 -0.002067 0.996068 3.886572
0.971966 0.216158 -0.092511 161.794082 -0.214610 0.976341 0.026487 -54.366555 0.096048 -0.005891 0.995359 3.911365
0.969330 0.226023 -0.096505 162.994562 -0.224926 0.974122 0.022238 -54.643494 0.099034 0.000150 0.995084 3.936749
0.967284 0.235476 -0.094404 163.803133 -0.234082 0.971876 0.025746 -54.841757 0.097811 -0.002805 0.995201 3.954184
0.965428 0.245148 -0.088612 164.815376 -0.243265 0.969444 0.031630 -55.099645 0.093658 -0.008980 0.995564 3.976289
0.962895 0.252508 -0.095250 165.583584 -0.250560 0.967569 0.032080 -55.300200 0.100261 -0.007024 0.994936 3.993204
0.959548 0.265143 -0.094694 166.730151 -0.262808 0.964155 0.036560 -55.616652 0.100993 -0.010195 0.994835 4.018942
0.956099 0.276433 -0.097256 167.832772 -0.273355 0.960910 0.043932 -55.936655 0.105599 -0.015418 0.994289 4.044145
0.955240 0.281953 -0.089549 168.556890 -0.279142 0.959298 0.042753 -56.152333 0.097958 -0.015842 0.995064 4.060855
0.953362 0.289257 -0.086208 169.459028 -0.286118 0.957038 0.047056 -56.428051 0.096116 -0.020195 0.995165 4.081876
0.950450 0.294784 -0.098729 170.345303 -0.290665 0.955293 0.054120 -56.705227 0.110268 -0.022741 0.993642 4.102708
0.947103 0.299968 -0.114079 171.228620 -0.294980 0.953696 0.058747 -56.983487 0.126419 -0.021988 0.991733 4.123528
0.944111 0.311522 -0.107747 172.288590 -0.306763 0.949977 0.058658 -57.330269 0.120631 -0.022327 0.992446 4.148883
0.943318 0.318686 -0.092680 172.969789 -0.314959 0.947636 0.052786 -57.557503 0.104649 -0.020604 0.994296 4.165303
0.943443 0.321576 -0.080655 173.871882 -0.318538 0.946673 0.048413 -57.863184 0.091922 -0.019983 0.995566 4.187184
0.945694 0.318653 -0.064205 174.620292 -0.316479 0.947676 0.041856 -58.118472 0.074183 -0.019263 0.997059 4.205386
0.947738 0.313680 -0.058298 175.386368 -0.311831 0.949348 0.038718 -58.375875 0.067490 -0.018516 0.997548 4.223906
0.949623 0.307525 -0.060365 176.400099 -0.305760 0.951397 0.036797 -58.714074 0.068747 -0.016486 0.997498 4.248343
0.951043 0.299714 -0.075429 177.471195 -0.296779 0.953751 0.047766 -59.065314 0.086257 -0.023041 0.996006 4.273987
0.953082 0.291954 -0.079982 178.387432 -0.288869 0.956164 0.048017 -59.355648 0.090495 -0.022660 0.995639 4.295632
0.955218 0.281408 -0.091480 179.749789 -0.277752 0.959310 0.050768 -59.771313 0.102044 -0.023086 0.994512 4.327356
0.956576 0.275323 -0.095701 180.929084 -0.271433 0.961063 0.051787 -60.118835 0.106233 -0.023562 0.994062 4.354463
0.958197 0.272076 -0.088507 182.122158 -0.268589 0.961987 0.049396 -60.460784 0.098582 -0.023559 0.994850 4.381609
0.958005 0.273141 -0.087300 183.110220 -0.269632 0.961666 0.049963 -60.743077 0.097600 -0.024326 0.994928 4.404065
0.956536 0.277137 -0.090736 184.085052 -0.273473 0.960535 0.050838 -61.025857 0.101244 -0.023815 0.994577 4.426343
0.953793 0.285936 -0.092306 185.561348 -0.282037 0.957932 0.053111 -61.464181 0.103610 -0.024623 0.994313 4.460372
0.950997 0.295031 -0.092532 186.781570 -0.291299 0.955226 0.051840 -61.833033 0.103683 -0.022345 0.994359 4.488686
0.946879 0.308634 -0.090367 187.991319 -0.304990 0.950933 0.052029 -62.221429 0.101991 -0.021704 0.994549 4.517411
0.943195 0.320914 -0.086004 188.969182 -0.317288 0.946829 0.053329 -62.547493 0.098545 -0.023011 0.994866 4.540978
0.937397 0.338091 -0.083549 190.424380 -0.334628 0.940865 0.052890 -63.058471 0.096490 -0.021622 0.995099 4.576790
0.932623 0.352040 -0.079262 191.600619 -0.348375 0.935648 0.056555 -63.490689 0.094071 -0.025132 0.995248 4.606289
0.928830 0.362081 -0.078561 192.518638 -0.358515 0.931841 0.056033 -63.845502 0.093495 -0.023880 0.995333 4.629816
0.926079 0.368559 -0.080878 193.400056 -0.365164 0.929380 0.053923 -64.197034 0.095040 -0.020403 0.995264 4.652716
0.924443 0.372915 -0.079619 194.457818 -0.369358 0.927595 0.056053 -64.619985 0.094757 -0.022410 0.995248 4.680230
0.924108 0.373674 -0.079948 195.420615 -0.370179 0.927310 0.055352 -65.011784 0.094820 -0.021556 0.995261 4.705470
0.923531 0.375027 -0.080284 196.276821 -0.371510 0.926765 0.055561 -65.362251 0.095241 -0.021486 0.995222 4.727974
0.923912 0.374693 -0.077407 196.925851 -0.371145 0.926850 0.056571 -65.624881 0.092942 -0.023537 0.995393 4.744945
0.923131 0.376999 -0.075506 197.698139 -0.373404 0.925875 0.057657 -65.945436 0.091646 -0.025031 0.995477 4.765372
0.923747 0.375582 -0.075037 198.522880 -0.371994 0.926443 0.057661 -66.280805 0.091174 -0.025351 0.995512 4.786985
0.924606 0.373166 -0.076493 199.027946 -0.369458 0.927406 0.058476 -66.488027 0.092761 -0.025806 0.995354 4.800274
0.927681 0.365213 -0.077634 199.779826 -0.361284 0.930508 0.060243 -66.790194 0.094241 -0.027839 0.995160 4.819875
0.930130 0.358439 -0.079878 200.290193 -0.354602 0.933191 0.058408 -66.990891 0.095478 -0.026002 0.995092 4.833053
0.936794 0.341422 -0.076477 201.002454 -0.338089 0.939601 0.053352 -67.257735 0.090074 -0.024124 0.995643 4.851063
0.945616 0.316446 -0.075312 201.751635 -0.313386 0.948320 0.049786 -67.522125 0.087175 -0.023477 0.995916 4.869539
0.953996 0.291016 -0.072121 202.386035 -0.288272 0.956436 0.046139 -67.727851 0.082406 -0.023226 0.996328 4.884661
0.965752 0.250020 -0.069382 203.246254 -0.247567 0.967956 0.042083 -67.974722 0.077681 -0.023465 0.996702 4.904243
0.979076 0.194983 -0.058240 204.367460 -0.193196 0.980538 0.034937 -68.237447 0.063918 -0.022954 0.997691 4.928068
0.986145 0.157387 -0.052415 205.161980 -0.156024 0.987322 0.029186 -68.384364 0.056344 -0.020604 0.998199 4.943822
0.992783 0.106386 -0.055351 206.206390 -0.105383 0.994216 0.020728 -68.534162 0.057236 -0.014745 0.998252 4.963284
0.996001 0.063735 -0.062607 207.088222 -0.063012 0.997922 0.013454 -68.616574 0.063334 -0.009456 0.997948 4.978449
0.997367 0.013499 -0.071246 208.212754 -0.012592 0.999834 0.013162 -68.668364 0.071412 -0.012230 0.997372 4.996254
0.997042 -0.019957 -0.074216 209.400110 0.020840 0.999721 0.011147 -68.676184 0.073973 -0.012660 0.997180 5.013706
0.996791 -0.040440 -0.069086 210.827979 0.040941 0.999144 0.005856 -68.641029 0.068790 -0.008666 0.997594 5.033411
0.996793 -0.045084 -0.066121 211.839500 0.045476 0.998956 0.004447 -68.607931 0.065852 -0.007440 0.997802 5.047134
0.996901 -0.044445 -0.064904 213.092209 0.044864 0.998981 0.005011 -68.562572 0.064615 -0.007907 0.997879 5.064004
0.997028 -0.041094 -0.065164 214.083370 0.041294 0.999146 0.001718 -68.526201 0.065037 -0.004404 0.997873 5.077338
0.997505 -0.024385 -0.066247 215.326057 0.024717 0.999686 0.004202 -68.494376 0.066124 -0.005829 0.997794 5.094452
0.997793 -0.002950 -0.066332 216.327982 0.003278 0.999983 0.004835 -68.488011 0.066317 -0.005041 0.997786 5.108806
0.997773 0.022195 -0.062903 217.569974 -0.022075 0.999753 0.002602 -68.510609 0.062945 -0.001207 0.998016 5.127475
0.997186 0.042335 -0.061874 218.541833 -0.041947 0.999091 0.007562 -68.543153 0.062137 -0.004945 0.998055 5.142512
0.996371 0.060843 -0.059518 219.525384 -0.060265 0.998117 0.011469 -68.597011 0.060104 -0.007841 0.998161 5.158331
0.994634 0.086323 -0.057024 220.763356 -0.085544 0.996206 0.015970 -68.691659 0.058187 -0.011006 0.998245 5.179015
0.992314 0.109742 -0.057173 222.014828 -0.108704 0.993853 0.020980 -68.820199 0.059124 -0.014604 0.998144 5.200870
0.990445 0.127134 -0.053432 223.257638 -0.126020 0.991744 0.023733 -68.977476 0.056008 -0.016773 0.998289 5.223425
0.989116 0.138973 -0.048329 224.238687 -0.137876 0.990125 0.025349 -69.119951 0.051374 -0.018409 0.998510 5.241758
0.987458 0.149589 -0.050502 225.645972 -0.148385 0.988566 0.026811 -69.331648 0.053935 -0.018981 0.998364 5.268265
0.985455 0.162930 -0.048291 226.600888 -0.161352 0.986276 0.034991 -69.490755 0.053329 -0.026690 0.998220 5.286697
0.983031 0.178456 -0.042473 227.754561 -0.177278 0.983701 0.030075 -69.693793 0.047148 -0.022035 0.998645 5.309276
0.979487 0.196769 -0.043435 228.896668 -0.195349 0.980114 0.034856 -69.919777 0.049430 -0.025656 0.998448 5.332347
0.976864 0.209990 -0.040500 229.797523 -0.208675 0.977380 0.034396 -70.110814 0.046807 -0.025148 0.998587 5.350912
0.972555 0.229414 -0.038805 231.073413 -0.228206 0.973047 0.033183 -70.406069 0.045372 -0.023417 0.998696 5.377917
0.968410 0.246450 -0.038020 231.895281 -0.245220 0.968862 0.034262 -70.614977 0.045280 -0.023856 0.998689 5.395851
0.961558 0.272309 -0.035426 233.026223 -0.271137 0.961919 0.034587 -70.930701 0.043495 -0.023652 0.998774 5.421342
0.956007 0.291170 -0.035638 233.899332 -0.289977 0.956389 0.035128 -71.196956 0.044312 -0.023249 0.998747 5.441669
0.949132 0.313388 -0.030595 234.907731 -0.312215 0.949263 0.037703 -71.527656 0.040858 -0.026233 0.998821 5.465813
0.941073 0.337400 -0.023295 235.817258 -0.336194 0.940758 0.044146 -71.849425 0.036809 -0.033713 0.998753 5.488265
0.921950 0.386892 -0.017981 236.853861 -0.385602 0.921250 0.051090 -72.261748 0.036331 -0.040169 0.998532 5.515166
0.905469 0.424189 -0.013748 237.415718 -0.422938 0.904549 0.053989 -72.514767 0.035337 -0.043071 0.998447 5.530596
0.882977 0.469301 -0.010362 238.046198 -0.468096 0.881934 0.055476 -72.836858 0.035173 -0.044134 0.998406 5.549009
0.846902 0.531747 -0.001263 238.853931 -0.530762 0.845472 0.058891 -73.305121 0.032383 -0.049205 0.998264 5.574199
0.793514 0.608491 0.008588 239.820001 -0.607777 0.791713 0.061621 -73.967945 0.030696 -0.054117 0.998063 5.607283
0.753402 0.657548 0.003924 240.403866 -0.656321 0.751603 0.065842 -74.459757 0.040345 -0.052181 0.997822 5.629902
0.698554 0.715557 0.000118 241.083509 -0.713687 0.696717 0.072361 -75.106704 0.051696 -0.050632 0.997378 5.658373
0.625068 0.780570 0.001059 241.818552 -0.778432 0.623254 0.074817 -75.935909 0.057740 -0.047590 0.997197 5.692891
0.546071 0.837709 -0.007151 242.451508 -0.835728 0.545331 0.064600 -76.810212 0.058015 -0.029300 0.997886 5.727226
0.477296 0.878669 -0.011371 242.990173 -0.876570 0.476985 0.064116 -77.718461 0.061761 -0.020635 0.997878 5.761169
0.426833 0.904138 -0.018642 243.386297 -0.902067 0.427132 0.061920 -78.502405 0.063946 -0.009614 0.997907 5.789468
0.383249 0.923382 -0.022029 243.682291 -0.921488 0.383875 0.059165 -79.163375 0.063088 -0.002375 0.998005 5.812776
0.330554 0.943563 -0.020560 244.032033 -0.941938 0.331192 0.055364 -80.076543 0.059049 0.001066 0.998255 5.844120
0.295929 0.954976 -0.021132 244.291659 -0.953676 0.296635 0.050100 -80.854349 0.054113 0.005327 0.998521 5.870262
0.265515 0.963883 -0.020792 244.537557 -0.962518 0.266253 0.051650 -81.672001 0.055320 0.006299 0.998449 5.897351
0.232050 0.972604 -0.013939 244.820247 -0.971271 0.232462 0.050927 -82.746708 0.052772 0.001721 0.998605 5.932369
0.196981 0.980374 -0.008076 245.073523 -0.979035 0.197134 0.051275 -83.880942 0.051860 -0.002194 0.998652 5.968672
0.156461 0.987682 -0.001883 245.294531 -0.986341 0.156348 0.051826 -85.084029 0.051482 -0.006252 0.998654 6.006488
0.117140 0.993097 0.006005 245.435151 -0.992069 0.116737 0.046603 -86.071208 0.045580 -0.011417 0.998895 6.036927
0.053398 0.998551 0.006603 245.571699 -0.997651 0.053063 0.043325 -87.579705 0.042912 -0.008901 0.999039 6.082303
0.010330 0.999906 0.009037 245.610093 -0.998903 0.009906 0.045758 -88.608326 0.045664 -0.009500 0.998912 6.112450
-0.037208 0.999287 0.006381 245.593012 -0.997999 -0.037485 0.050911 -89.874706 0.051114 -0.004474 0.998683 6.148633
-0.086864 0.996195 0.007052 245.501293 -0.994497 -0.087127 0.058169 -91.425489 0.058562 -0.001960 0.998282 6.191914
-0.115159 0.993334 0.005058 245.396683 -0.991651 -0.115258 0.057826 -92.480115 0.058023 0.001643 0.998314 6.220734
-0.146658 0.989187 0.001159 245.189259 -0.987854 -0.146521 0.051721 -94.051929 0.051332 0.006440 0.998661 6.262942
-0.160917 0.986968 0.000224 244.981144 -0.985573 -0.160702 0.053102 -95.396939 0.052446 0.008325 0.998589 6.298614
-0.165966 0.986127 -0.003087 244.744151 -0.984458 -0.165502 0.058744 -96.807689 0.057418 0.012788 0.998268 6.335759
-0.163216 0.986572 -0.005967 244.471634 -0.984448 -0.162461 0.066844 -98.443976 0.064977 0.016785 0.997746 6.378877
-0.150251 0.988520 -0.015916 244.205649 -0.986977 -0.149042 0.060524 -100.132604 0.057457 0.024802 0.998040 6.423595
-0.136255 0.990496 -0.018748 244.042177 -0.989229 -0.135010 0.056560 -101.255640 0.053492 0.026252 0.998223 6.453529
-0.102721 0.994053 -0.036159 243.822046 -0.992504 -0.100006 0.070248 -102.975070 0.066214 0.043104 0.996874 6.499799
-0.059509 0.997256 -0.044040 243.701256 -0.996027 -0.056392 0.068922 -104.375586 0.066250 0.047967 0.996649 6.538335
-0.013998 0.998545 -0.052075 243.653060 -0.997526 -0.010358 0.069537 -105.523004 0.068896 0.052920 0.996219 6.570644
0.057233 0.997021 -0.051708 243.673269 -0.995532 0.060891 0.072169 -107.268008 0.075103 0.047346 0.996051 6.621136
0.107380 0.992744 -0.054124 243.759150 -0.991363 0.111036 0.069790 -108.420402 0.075294 0.046162 0.996092 6.655533
0.184240 0.981247 -0.056651 243.975538 -0.980936 0.187194 0.052183 -110.101428 0.061809 0.045957 0.997029 6.707031
0.235027 0.969667 -0.067140 244.202130 -0.969720 0.238635 0.051933 -111.215684 0.066379 0.052901 0.996391 6.742372
0.314818 0.946708 -0.068064 244.670438 -0.946900 0.318200 0.046151 -112.933122 0.065350 0.049921 0.996613 6.798573
0.378132 0.923402 -0.065913 245.170787 -0.923118 0.381466 0.048345 -114.340978 0.069785 0.042565 0.996654 6.846332
0.438529 0.896719 -0.059897 245.876958 -0.895839 0.441482 0.050651 -115.987705 0.071863 0.031446 0.996919 6.903949
0.472789 0.879066 -0.060944 246.409411 -0.878054 0.475802 0.051310 -117.074571 0.074102 0.029253 0.996821 6.942940
0.518874 0.852461 -0.063879 247.326498 -0.851381 0.522049 0.051148 -118.736544 0.076950 0.027846 0.996646 7.004056
0.551475 0.831808 -0.063021 248.342190 -0.830338 0.554612 0.054265 -120.390532 0.080090 0.022403 0.996536 7.066373
0.566888 0.821211 -0.065190 249.228922 -0.819839 0.570143 0.052932 -121.738094 0.080636 0.023438 0.996468 7.118003
0.573026 0.816745 -0.067595 249.974599 -0.815538 0.576425 0.051299 -122.834275 0.080862 0.025730 0.996393 7.160356
0.575665 0.814433 -0.072864 251.479929 -0.813256 0.579531 0.052517 -125.030230 0.084998 0.029025 0.995958 7.245368
0.574592 0.815330 -0.071283 252.660668 -0.814471 0.578199 0.048186 -126.740266 0.080503 0.030371 0.996292 7.311691
0.575469 0.814586 -0.072693 253.635739 -0.813961 0.579113 0.045781 -128.140098 0.079390 0.032824 0.996303 7.366107
0.574809 0.815089 -0.072283 254.427272 -0.814425 0.578432 0.046135 -129.284545 0.079415 0.032350 0.996317 7.410514
0.574605 0.815253 -0.072056 255.232101 -0.814671 0.578174 0.045019 -130.443020 0.078363 0.032834 0.996384 7.455517
0.573320 0.816417 -0.069048 256.235513 -0.815975 0.576561 0.041995 -131.884744 0.074096 0.032265 0.996729 7.511549
0.571808 0.817597 -0.067601 257.024574 -0.817318 0.574853 0.039190 -133.023063 0.070902 0.032842 0.996942 7.555743
0.569164 0.819899 -0.061789 258.014132 -0.819118 0.571936 0.043990 -134.456989 0.071407 0.025575 0.997119 7.611350
0.564926 0.823054 -0.058654 259.023820 -0.821802 0.567605 0.049662 -135.926227 0.074166 0.020147 0.997042 7.668265
0.560660 0.826238 -0.054690 259.820719 -0.824803 0.563084 0.051338 -137.107970 0.073213 0.016325 0.997183 7.713822
0.556817 0.828963 -0.052680 260.796607 -0.827623 0.559077 0.049723 -138.564712 0.070671 0.015913 0.997373 7.769887
0.549121 0.833937 -0.054920 261.963222 -0.832526 0.551585 0.051525 -140.341341 0.073261 0.017429 0.997160 7.837922
0.539672 0.839747 -0.059829 262.740128 -0.837940 0.542655 0.058156 -141.555118 0.081303 0.018748 0.996513 7.884111
0.532724 0.844382 -0.056783 263.499228 -0.842602 0.535464 0.057439 -142.758049 0.078906 0.017246 0.996733 7.929729
0.522011 0.851273 -0.053284 264.614120 -0.850656 0.524165 0.040447 -144.578086 0.062362 0.024213 0.997760 7.998262
0.514007 0.855701 -0.059765 265.355512 -0.854774 0.516791 0.047840 -145.824638 0.071822 0.026495 0.997065 8.044878
