0.999920 0.012262 0.003101 3.269287 -0.012268 0.999922 0.002122 -0.085270 -0.003074 -0.002160 0.999993 -0.007630
0.999795 0.019739 0.004409 4.885820 -0.019753 0.999800 0.003010 -0.146446 -0.004349 -0.003097 0.999986 -0.027399
0.999448 0.033152 0.002164 6.909452 -0.033164 0.999431 0.006166 -0.257177 -0.001958 -0.006234 0.999979 0.004319
0.998895 0.046929 0.002476 8.456340 -0.046946 0.998871 0.007235 -0.336096 -0.002134 -0.007343 0.999971 0.023877
0.997761 0.066800 0.003420 10.446369 -0.066826 0.997732 0.008071 -0.506561 -0.002873 -0.008282 0.999962 0.011603
0.995747 0.092125 0.000572 12.775144 -0.092126 0.995691 0.010640 -0.729265 0.000411 -0.010647 0.999943 0.015518
0.992858 0.119301 0.000047 14.667648 -0.119291 0.992778 0.012719 -0.935548 0.001471 -0.012634 0.999919 0.025909
0.990433 0.137977 -0.002271 16.234519 -0.137937 0.990358 0.012791 -1.166449 0.004014 -0.012355 0.999916 0.048619
0.986970 0.160898 0.001230 18.143807 -0.160899 0.986869 0.014159 -1.472267 0.001064 -0.014173 0.999899 0.083244
0.983725 0.179680 -0.000746 19.666328 -0.179648 0.983610 0.015411 -1.767483 0.003503 -0.015026 0.999881 0.098794
0.978898 0.204350 -0.000447 21.540326 -0.204314 0.978763 0.016712 -2.165293 0.003853 -0.016268 0.999860 0.101201
0.974491 0.224415 -0.002325 23.035131 -0.224344 0.974361 0.017052 -2.527760 0.006092 -0.016095 0.999852 0.126970
0.968575 0.248692 -0.003759 24.873098 -0.248590 0.968445 0.017812 -3.003521 0.008070 -0.016318 0.999834 0.155566
0.963220 0.268651 -0.005828 26.293212 -0.268507 0.963102 0.018392 -3.407898 0.010554 -0.016151 0.999814 0.184376
0.955083 0.296250 -0.007222 28.400270 -0.296077 0.954981 0.018698 -4.056645 0.012436 -0.015720 0.999799 0.214181
0.947748 0.318944 -0.007021 30.149650 -0.318769 0.947644 0.018917 -4.646031 0.012687 -0.015690 0.999796 0.248208
0.941757 0.336176 -0.008905 31.453280 -0.335948 0.941659 0.020416 -5.104974 0.015249 -0.016235 0.999752 0.284293
0.934923 0.354746 -0.008620 33.176353 -0.354479 0.934781 0.023005 -5.785848 0.016219 -0.018452 0.999698 0.331870
0.927285 0.374290 -0.006990 34.803458 -0.374022 0.927086 0.024869 -6.461799 0.015789 -0.020446 0.999666 0.379138
0.919546 0.392887 -0.008642 36.103616 -0.392528 0.919317 0.027886 -6.998545 0.018901 -0.022250 0.999574 0.429502
0.911284 0.411693 -0.008408 37.399909 -0.411304 0.911023 0.029433 -7.569545 0.019777 -0.023363 0.999531 0.478031
0.900442 0.434871 -0.009517 39.026713 -0.434432 0.900196 0.030261 -8.346361 0.021727 -0.023113 0.999497 0.526498
0.888826 0.458116 -0.010866 40.907506 -0.457625 0.888607 0.030951 -9.307250 0.023835 -0.022538 0.999462 0.594013
0.879293 0.476192 -0.009218 42.487599 -0.475756 0.879068 0.029936 -10.168858 0.022358 -0.021937 0.999509 0.638315
0.868785 0.495108 -0.008963 43.999782 -0.494671 0.868561 0.030023 -11.023683 0.022649 -0.021650 0.999509 0.684549
0.860368 0.509589 -0.009236 45.111167 -0.509143 0.860159 0.029990 -11.707774 0.023227 -0.021100 0.999508 0.718284
0.851116 0.524850 -0.011556 46.562952 -0.524352 0.850971 0.030057 -12.622921 0.025609 -0.019523 0.999481 0.766909
0.843259 0.537370 -0.012128 47.623428 -0.536828 0.843113 0.031228 -13.343517 0.027007 -0.019822 0.999439 0.798477
0.835452 0.549400 -0.013385 48.662909 -0.548825 0.835345 0.031467 -14.050269 0.028469 -0.018943 0.999415 0.867904
0.825156 0.564718 -0.014540 49.980697 -0.564064 0.825059 0.033308 -14.928181 0.030806 -0.019283 0.999339 0.939785
0.817477 0.575811 -0.013145 50.936336 -0.575173 0.817339 0.033674 -15.628210 0.030134 -0.019967 0.999346 1.003763
0.807156 0.590200 -0.012803 52.031410 -0.589583 0.807029 0.033102 -16.448188 0.029869 -0.019170 0.999370 1.060875
0.797889 0.602639 -0.014109 53.078019 -0.602007 0.797819 0.032745 -17.262358 0.030990 -0.017633 0.999364 1.090281
0.789495 0.613577 -0.014892 53.829585 -0.612974 0.789480 0.031357 -17.835997 0.030997 -0.015628 0.999397 1.097984
0.778334 0.627642 -0.016169 54.893888 -0.627060 0.778388 0.030145 -18.698939 0.031506 -0.013324 0.999415 1.135536
0.770326 0.637412 -0.017437 55.837455 -0.636826 0.770433 0.029767 -19.492308 0.032408 -0.011826 0.999405 1.183622
0.764924 0.643865 -0.018136 56.388842 -0.643316 0.765073 0.028421 -19.923422 0.032174 -0.010073 0.999432 1.222595
0.757928 0.652076 -0.018481 56.968450 -0.651533 0.758096 0.028198 -20.378333 0.032398 -0.009331 0.999431 1.265853
0.750027 0.661163 -0.017955 57.696515 -0.660616 0.750182 0.028526 -21.026029 0.032329 -0.009534 0.999432 1.305686
0.741300 0.670924 -0.018332 58.435410 -0.670373 0.741473 0.028614 -21.683161 0.032791 -0.008922 0.999422 1.353929
0.735179 0.677658 -0.017033 58.920684 -0.677097 0.735308 0.029349 -22.108602 0.032413 -0.010044 0.999424 1.403922
0.727806 0.685585 -0.016488 59.539706 -0.684998 0.727913 0.030344 -22.676950 0.032805 -0.010790 0.999404 1.431585
0.719480 0.694319 -0.016435 60.165323 -0.693708 0.719583 0.031138 -23.319794 0.033446 -0.011002 0.999380 1.456265
0.714849 0.699058 -0.017578 60.483657 -0.698406 0.714987 0.031997 -23.648278 0.034936 -0.010596 0.999333 1.476178
0.709188 0.704814 -0.017049 60.939642 -0.704134 0.709301 0.032963 -24.106492 0.035326 -0.011372 0.999311 1.490908
0.701713 0.712330 -0.013552 61.368288 -0.711673 0.701705 0.033645 -24.539488 0.033475 -0.013964 0.999342 1.502674
0.693397 0.720398 -0.015057 61.907545 -0.719683 0.693434 0.034718 -25.155593 0.035452 -0.013237 0.999284 1.523187
0.687094 0.726419 -0.014746 62.189651 -0.725689 0.687119 0.035247 -25.457702 0.035736 -0.013517 0.999270 1.532702
0.675336 0.737390 -0.013300 62.719759 -0.736539 0.675263 0.039125 -26.060569 0.037832 -0.016627 0.999146 1.594788
0.663956 0.747672 -0.012177 63.178895 -0.746805 0.663838 0.040021 -26.566596 0.038006 -0.017479 0.999125 1.635019
0.656036 0.754605 -0.013694 63.624745 -0.753738 0.655996 0.039353 -27.078938 0.038679 -0.015495 0.999132 1.664034
0.646887 0.762477 -0.012897 63.964720 -0.761666 0.646844 0.038165 -27.452588 0.037442 -0.014865 0.999188 1.688758
0.636478 0.771188 -0.012846 64.458717 -0.770416 0.636459 0.037121 -28.059363 0.036803 -0.013730 0.999228 1.701728
0.624021 0.781270 -0.014660 64.970017 -0.780356 0.624045 0.040161 -28.669652 0.040525 -0.013622 0.999086 1.745815
0.613969 0.789191 -0.014844 65.492650 -0.788238 0.614000 0.041048 -29.270689 0.041509 -0.013501 0.999047 1.787581
0.601851 0.798331 -0.021055 66.157299 -0.797398 0.602180 0.039190 -30.117528 0.043966 -0.006797 0.999010 1.824995
0.590931 0.806576 -0.015391 66.710989 -0.805656 0.591023 0.040142 -30.833619 0.041474 -0.011321 0.999075 1.892514
0.582596 0.812598 -0.016315 67.099730 -0.811692 0.582742 0.039596 -31.362261 0.041683 -0.009826 0.999083 1.934097
0.577117 0.816491 -0.016683 67.485312 -0.815592 0.577286 0.039380 -31.908404 0.041784 -0.009120 0.999085 1.966563
0.568612 0.822468 -0.015052 67.961373 -0.821585 0.568723 0.039398 -32.575884 0.040964 -0.010036 0.999110 2.018958
0.564657 0.825146 -0.017214 68.410409 -0.824197 0.564853 0.040508 -33.228418 0.043148 -0.008685 0.999031 2.061516
0.563331 0.826039 -0.017821 68.748965 -0.825064 0.563551 0.040978 -33.719807 0.043893 -0.008381 0.999001 2.112509
0.563411 0.826006 -0.016795 69.246161 -0.825069 0.563591 0.040327 -34.447547 0.042776 -0.008863 0.999045 2.160880
0.564705 0.825146 -0.015567 69.666445 -0.824203 0.564827 0.040741 -35.073234 0.042410 -0.010176 0.999048 2.216751
0.566005 0.824232 -0.016721 70.052994 -0.823292 0.566179 0.040388 -35.653638 0.042756 -0.009094 0.999044 2.255886
0.568653 0.822359 -0.018955 70.433391 -0.821369 0.568915 0.041100 -36.199502 0.044582 -0.007803 0.998975 2.291178
0.573759 0.818846 -0.017047 70.780659 -0.817799 0.573915 0.042725 -36.706847 0.044769 -0.010573 0.998941 2.332971
0.583846 0.811658 -0.018312 71.276236 -0.810624 0.584052 0.042089 -37.445800 0.044857 -0.009729 0.998946 2.370658
0.594774 0.803713 -0.017019 71.692360 -0.802730 0.594919 0.041176 -38.053945 0.043219 -0.010828 0.999007 2.407005
0.615908 0.787640 -0.016778 72.195953 -0.786669 0.616020 0.040894 -38.739079 0.042546 -0.011988 0.999023 2.451055
0.631527 0.775178 -0.016530 72.457883 -0.774154 0.631592 0.042159 -39.080404 0.043121 -0.013828 0.998974 2.470592
0.644897 0.764111 -0.015548 72.787827 -0.763111 0.644906 0.041921 -39.523588 0.042059 -0.015170 0.999000 2.507065
0.656265 0.754368 -0.015689 73.043303 -0.753344 0.656257 0.042420 -39.843431 0.042296 -0.016020 0.998977 2.520957
0.669592 0.742567 -0.015489 73.337957 -0.741544 0.669556 0.042501 -40.210131 0.041931 -0.016973 0.998976 2.540168
0.677614 0.735251 -0.015664 73.514745 -0.734215 0.677571 0.042727 -40.455365 0.042028 -0.017452 0.998964 2.558772
0.684435 0.728885 -0.016574 73.714333 -0.727853 0.684427 0.042303 -40.714340 0.042177 -0.016891 0.998967 2.573476
0.690982 0.722671 -0.017029 73.760840 -0.721637 0.690987 0.042154 -40.810804 0.042230 -0.016839 0.998966 2.600239
0.693697 0.720052 -0.017571 73.820541 -0.719024 0.693727 0.041795 -40.880617 0.042285 -0.016359 0.998972 2.622095
0.695087 0.718705 -0.017815 73.839940 -0.717690 0.695132 0.041384 -40.923262 0.042127 -0.015980 0.998984 2.643796
0.695462 0.718343 -0.017799 73.820210 -0.717339 0.695509 0.041144 -40.911621 0.041935 -0.015846 0.998995 2.669211
0.695666 0.718128 -0.018449 73.730236 -0.717106 0.695738 0.041332 -40.837031 0.042517 -0.015524 0.998975 2.700821
0.695829 0.717978 -0.018178 73.660998 -0.716948 0.695884 0.041598 -40.773851 0.042516 -0.015912 0.998969 2.703042
0.695503 0.718282 -0.018600 73.672668 -0.717254 0.695580 0.041428 -40.795170 0.042695 -0.015473 0.998968 2.716572
0.694513 0.719225 -0.019134 73.608416 -0.718183 0.694612 0.041559 -40.752858 0.043181 -0.015122 0.998953 2.722836
0.693432 0.720257 -0.019544 73.582475 -0.719206 0.693550 0.041612 -40.743763 0.043526 -0.014799 0.998943 2.734465
0.692523 0.721125 -0.019771 73.517674 -0.720080 0.692655 0.041393 -40.692777 0.043544 -0.014429 0.998947 2.743321
0.691188 0.722407 -0.019696 73.446555 -0.721368 0.691319 0.041305 -40.639904 0.043455 -0.014342 0.998952 2.755477
0.690263 0.723272 -0.020353 73.402144 -0.722226 0.690425 0.041273 -40.623684 0.043904 -0.013790 0.998941 2.769523
0.689514 0.723980 -0.020585 73.390230 -0.722926 0.689686 0.041378 -40.623823 0.044155 -0.013649 0.998931 2.780077
0.689222 0.724240 -0.021206 73.368912 -0.723162 0.689418 0.041700 -40.621456 0.044821 -0.013405 0.998905 2.778117
0.688706 0.724709 -0.021929 73.341986 -0.723623 0.688935 0.041688 -40.614417 0.045319 -0.012842 0.998890 2.782033
0.687914 0.725447 -0.022381 73.297541 -0.724339 0.688160 0.042053 -40.597604 0.045909 -0.012717 0.998865 2.793071
0.688169 0.725174 -0.023363 73.238991 -0.724078 0.688466 0.041544 -40.521409 0.046211 -0.011673 0.998863 2.807266
0.688601 0.724751 -0.023772 73.190422 -0.723642 0.688915 0.041700 -40.464301 0.046599 -0.011512 0.998847 2.821591
0.689338 0.724026 -0.024498 73.157384 -0.722893 0.689681 0.042028 -40.421733 0.047326 -0.011262 0.998816 2.855095
0.690975 0.722426 -0.025581 73.139595 -0.721292 0.691370 0.041783 -40.359153 0.047871 -0.010419 0.998799 2.863689
0.691040 0.722351 -0.025927 73.096656 -0.721199 0.691448 0.042083 -40.309371 0.048326 -0.010382 0.998778 2.879965
0.690477 0.722860 -0.026739 73.059221 -0.721712 0.690928 0.041837 -40.278576 0.048717 -0.009589 0.998767 2.894260
0.690239 0.723062 -0.027435 73.029616 -0.721906 0.690724 0.041859 -40.257999 0.049217 -0.009087 0.998747 2.916191
0.690138 0.723129 -0.028174 72.978103 -0.721970 0.690660 0.041815 -40.197988 0.049696 -0.008517 0.998728 2.925507
0.690140 0.723097 -0.028957 72.929151 -0.721955 0.690705 0.041333 -40.143642 0.049888 -0.007620 0.998726 2.943646
0.689864 0.723352 -0.029155 72.900425 -0.722230 0.690442 0.040910 -40.116640 0.049723 -0.007165 0.998737 2.958048
0.690773 0.722477 -0.029325 72.881960 -0.721360 0.691359 0.040775 -40.108007 0.049733 -0.007012 0.998738 2.975258
0.691316 0.721950 -0.029497 72.877578 -0.720853 0.691914 0.040337 -40.109479 0.049530 -0.006623 0.998751 2.989775
0.692510 0.720771 -0.030301 72.830584 -0.719666 0.693146 0.040363 -40.063776 0.050095 -0.006145 0.998726 3.001235
0.693973 0.719372 -0.030096 72.816652 -0.718268 0.694596 0.040339 -40.062483 0.049923 -0.006377 0.998733 3.011074
0.696052 0.717368 -0.029896 72.812035 -0.716275 0.696664 0.040120 -40.063434 0.049608 -0.006512 0.998748 3.024528
0.698074 0.715416 -0.029562 72.831284 -0.714348 0.698669 0.039612 -40.081295 0.048993 -0.006535 0.998778 3.042993
0.701624 0.711923 -0.029835 72.896228 -0.710887 0.702232 0.038869 -40.148751 0.048623 -0.006062 0.998799 3.065596
0.703810 0.709726 -0.030661 72.917558 -0.708685 0.704455 0.038848 -40.173196 0.049171 -0.005613 0.998775 3.079600
0.706037 0.707506 -0.030775 72.960756 -0.706470 0.706685 0.038689 -40.215533 0.049121 -0.005574 0.998777 3.105119
0.707024 0.706523 -0.030684 72.946913 -0.705498 0.707668 0.038461 -40.203642 0.048888 -0.005545 0.998789 3.133134
0.707798 0.705735 -0.030992 72.908234 -0.704696 0.708454 0.038674 -40.161631 0.049250 -0.005534 0.998771 3.157406
0.708518 0.705020 -0.030813 72.869164 -0.703990 0.709166 0.038489 -40.110031 0.048987 -0.005578 0.998784 3.184151
0.708650 0.704891 -0.030733 72.839452 -0.703855 0.709293 0.038624 -40.060238 0.049025 -0.005739 0.998781 3.205072
0.709430 0.704120 -0.030387 72.830005 -0.703105 0.710057 0.038234 -40.026580 0.048498 -0.005759 0.998807 3.236177
0.709695 0.703864 -0.030151 72.820152 -0.702856 0.710311 0.038092 -39.995551 0.048228 -0.005842 0.998819 3.257610
0.710408 0.703134 -0.030364 72.797478 -0.702132 0.711035 0.037955 -39.968043 0.048277 -0.005644 0.998818 3.275157
0.710979 0.702555 -0.030407 72.800837 -0.701574 0.711609 0.037492 -39.934460 0.047979 -0.005323 0.998834 3.298913
0.712092 0.701418 -0.030630 72.783441 -0.700434 0.712731 0.037522 -39.891864 0.048149 -0.005265 0.998826 3.324405
0.712895 0.700593 -0.030830 72.771752 -0.699613 0.713543 0.037399 -39.867385 0.048200 -0.005092 0.998825 3.345964
0.714594 0.698850 -0.031032 72.777939 -0.697856 0.715249 0.037641 -39.853304 0.048501 -0.005242 0.998809 3.364585
0.717654 0.695718 -0.030808 72.756269 -0.694717 0.718292 0.037746 -39.804893 0.048390 -0.005686 0.998812 3.399408
0.721825 0.691412 -0.030292 72.801473 -0.690424 0.722435 0.037448 -39.836859 0.047776 -0.006117 0.998839 3.428209
0.728895 0.683945 -0.030523 72.877393 -0.682947 0.729505 0.037496 -39.924027 0.047912 -0.006485 0.998831 3.462307
0.737021 0.675167 -0.030831 72.936216 -0.674178 0.737636 0.037116 -39.987467 0.047801 -0.006570 0.998835 3.499323
0.757741 0.651636 -0.034621 73.241361 -0.650741 0.758524 0.034326 -40.279730 0.048629 -0.003480 0.998811 3.529280
0.773393 0.632937 -0.035409 73.493048 -0.632055 0.774195 0.033595 -40.548384 0.048677 -0.003601 0.998808 3.561786
0.801098 0.597507 -0.035042 74.020897 -0.596637 0.801846 0.032651 -40.955363 0.047608 -0.005249 0.998852 3.610376
0.822472 0.567709 -0.035295 74.466680 -0.566899 0.823212 0.030769 -41.309600 0.046523 -0.005298 0.998903 3.648083
0.851283 0.523519 -0.035285 75.098329 -0.522798 0.851997 0.027985 -41.780586 0.044713 -0.005376 0.998985 3.702752
0.873743 0.484916 -0.037812 75.689030 -0.484331 0.874557 0.023937 -42.167056 0.044676 -0.002601 0.998998 3.760563
0.898792 0.436543 -0.040052 76.381309 -0.435937 0.899677 0.023249 -42.536422 0.046183 -0.003436 0.998927 3.804149
0.918554 0.393277 -0.039894 77.240576 -0.392362 0.919355 0.028955 -42.870620 0.048064 -0.010944 0.998784 3.865611
0.933339 0.356860 -0.039106 78.390522 -0.355977 0.934080 0.027836 -43.309024 0.046462 -0.012060 0.998847 3.927450
0.939287 0.341058 -0.037677 79.277822 -0.340196 0.939952 0.027508 -43.676453 0.044796 -0.013020 0.998911 3.975707
0.946727 0.319120 -0.043250 81.048423 -0.317408 0.947354 0.042101 -44.332199 0.054408 -0.026131 0.998177 4.041027
0.949674 0.311259 -0.035163 82.512023 -0.309284 0.949540 0.052131 -44.786617 0.049615 -0.038632 0.998021 4.114115
0.949410 0.312363 -0.032420 83.515430 -0.310282 0.948959 0.056578 -45.051852 0.048438 -0.043656 0.997872 4.160203
0.949143 0.311827 -0.043488 85.056881 -0.308343 0.948558 0.071845 -45.568619 0.063654 -0.054782 0.996467 4.285368
0.949066 0.311966 -0.044172 86.363186 -0.308074 0.948200 0.077506 -46.012007 0.066063 -0.059950 0.996013 4.359781
0.949562 0.310358 -0.044846 87.447267 -0.306442 0.948747 0.077276 -46.398743 0.066531 -0.059636 0.996001 4.448299
0.952697 0.299412 -0.052160 88.759396 -0.295009 0.952296 0.078112 -46.894325 0.073060 -0.059030 0.995579 4.570557
0.959673 0.273118 -0.066596 90.436597 -0.268301 0.960561 0.073061 -47.401783 0.083924 -0.052246 0.995102 4.731702
0.969054 0.234071 -0.078395 91.906037 -0.229569 0.971294 0.062331 -47.839326 0.090735 -0.042405 0.994972 4.888626
0.977628 0.194912 -0.079076 93.067292 -0.191789 0.980385 0.045403 -48.079507 0.086374 -0.029221 0.995834 4.996516
0.986149 0.150208 -0.070340 94.302066 -0.147991 0.988342 0.035762 -48.329484 0.074891 -0.024857 0.996882 5.067638
0.993226 0.094078 -0.068201 95.824590 -0.092284 0.995310 0.028996 -48.586055 0.070609 -0.022506 0.997250 5.167493
0.996683 0.049378 -0.064695 97.162895 -0.047950 0.998574 0.023450 -48.712221 0.065760 -0.020270 0.997630 5.225415
0.998099 -0.001054 -0.061625 98.803312 0.002479 0.999731 0.023052 -48.688088 0.061584 -0.023160 0.997833 5.321556
0.996898 -0.047853 -0.062481 100.381724 0.049196 0.998586 0.020121 -48.741701 0.061429 -0.023133 0.997843 5.392260
0.994769 -0.082406 -0.060370 101.688157 0.083592 0.996348 0.017382 -48.748944 0.058717 -0.022337 0.998025 5.462138
0.991740 -0.113663 -0.059427 103.335740 0.114670 0.993308 0.013812 -48.689069 0.057459 -0.020513 0.998137 5.547184
0.989121 -0.134195 -0.060256 104.629995 0.135154 0.990751 0.012109 -48.593048 0.058074 -0.020121 0.998110 5.618764
0.985153 -0.157398 -0.068547 106.739195 0.158670 0.987240 0.013476 -48.336697 0.065552 -0.024152 0.997557 5.711501
0.983089 -0.166666 -0.075890 108.395494 0.168240 0.985635 0.014804 -48.162243 0.072333 -0.027321 0.997006 5.842145
0.983792 -0.166833 -0.065725 109.945739 0.168537 0.985466 0.021258 -48.040044 0.061223 -0.031991 0.997611 5.984873
0.982767 -0.171378 -0.069276 111.707588 0.173388 0.984560 0.024068 -47.737816 0.064081 -0.035665 0.997307 6.103293
0.982058 -0.172966 -0.075137 113.491567 0.175364 0.984146 0.026542 -47.546682 0.069355 -0.039243 0.996820 6.238200
0.982020 -0.172255 -0.077233 114.860995 0.174723 0.984264 0.026383 -47.468236 0.071473 -0.039403 0.996664 6.367861
0.982734 -0.167404 -0.078798 116.576025 0.169954 0.985087 0.026812 -47.337003 0.073135 -0.039741 0.996530 6.529098
0.987635 -0.128417 -0.089924 120.841974 0.131133 0.991051 0.024958 -46.809151 0.085915 -0.036442 0.995636 6.877536
0.988789 -0.114483 -0.095862 122.335334 0.117224 0.992828 0.023457 -46.672128 0.092489 -0.034432 0.995118 7.013817
0.990821 -0.097545 -0.093585 124.126214 0.100355 0.994617 0.025796 -46.547080 0.090565 -0.034951 0.995277 7.203201
0.991850 -0.084507 -0.095355 125.533008 0.087409 0.995816 0.026664 -46.531199 0.092703 -0.034782 0.995086 7.360002
0.992150 -0.069701 -0.103829 127.440420 0.072995 0.996932 0.028265 -46.514017 0.101540 -0.035622 0.994194 7.552914
0.993391 -0.054739 -0.100882 128.988307 0.057735 0.997966 0.027021 -46.584476 0.099198 -0.032666 0.994531 7.734445
0.993919 -0.036696 -0.103822 131.516439 0.040003 0.998751 0.029953 -46.519731 0.102593 -0.033924 0.994145 7.991277
0.994239 -0.026465 -0.103865 132.938848 0.029975 0.999026 0.032381 -46.488446 0.102907 -0.035308 0.994064 8.142095
0.993921 -0.015818 -0.108952 134.668173 0.019820 0.999165 0.035739 -46.530462 0.108296 -0.037682 0.993404 8.340163
0.994089 -0.007697 -0.108295 136.068554 0.011765 0.999247 0.036975 -46.561594 0.107929 -0.038030 0.993431 8.492120
0.994165 0.007762 -0.107594 138.118650 -0.003411 0.999171 0.040568 -46.536673 0.107820 -0.039964 0.993367 8.716996
0.993583 0.023596 -0.110613 139.772009 -0.019135 0.998967 0.041222 -46.610974 0.111472 -0.038841 0.993008 8.896873
0.992424 0.044463 -0.114530 141.703453 -0.039282 0.998117 0.047102 -46.747497 0.116408 -0.042247 0.992303 9.135325
0.991099 0.064292 -0.116569 143.865331 -0.058951 0.997072 0.048711 -46.853632 0.119360 -0.041406 0.991987 9.401016
0.990768 0.077644 -0.111132 145.370888 -0.071895 0.995903 0.054839 -47.016633 0.114935 -0.046343 0.992291 9.611929
0.989902 0.084623 -0.113722 146.476732 -0.079267 0.995557 0.050831 -47.168011 0.117518 -0.041303 0.992211 9.756669
0.988251 0.095960 -0.118960 147.820337 -0.090599 0.994647 0.049698 -47.332611 0.123092 -0.038336 0.991655 9.915219
0.987403 0.105042 -0.118327 148.966734 -0.099758 0.993768 0.049743 -47.502735 0.122815 -0.037313 0.991728 10.050503
0.986642 0.112307 -0.118000 150.035202 -0.107176 0.993033 0.048982 -47.667625 0.122679 -0.035681 0.991805 10.193624
0.986068 0.116100 -0.119126 150.732335 -0.110927 0.992610 0.049195 -47.763822 0.123957 -0.035296 0.991660 10.287724
0.985400 0.121441 -0.119326 151.683997 -0.116158 0.991956 0.050305 -47.831985 0.124475 -0.035710 0.991580 10.398524
0.984247 0.127106 -0.122886 152.593233 -0.121509 0.991225 0.052046 -47.959376 0.128423 -0.036294 0.991055 10.514640
0.983062 0.131810 -0.127336 153.560553 -0.125878 0.990597 0.053599 -48.076210 0.133204 -0.036662 0.990410 10.641101
0.982497 0.136119 -0.127169 154.305872 -0.130722 0.990162 0.049901 -48.246192 0.132711 -0.032404 0.990625 10.747963
0.982192 0.138021 -0.127475 155.014112 -0.132611 0.989904 0.050037 -48.359445 0.133094 -0.032241 0.990579 10.840103
0.980434 0.144466 -0.133710 156.166688 -0.138240 0.988883 0.054782 -48.499615 0.140137 -0.035226 0.989505 10.989770
0.979134 0.151217 -0.135756 157.329110 -0.145518 0.988039 0.051024 -48.701039 0.141848 -0.030204 0.989428 11.156545
0.977879 0.159251 -0.135619 158.151497 -0.153220 0.986723 0.053869 -48.726074 0.142397 -0.031898 0.989296 11.257098
0.976495 0.170268 -0.132159 159.184194 -0.163757 0.984750 0.058743 -48.827832 0.140146 -0.035720 0.989486 11.408504
0.974660 0.176544 -0.137369 159.840080 -0.169845 0.983695 0.059142 -48.949879 0.145571 -0.034312 0.988753 11.504245
0.972349 0.188750 -0.137517 160.979389 -0.181642 0.981368 0.062632 -49.101686 0.146777 -0.035922 0.988517 11.669983
0.969776 0.199246 -0.140838 162.093045 -0.191478 0.979218 0.066847 -49.300862 0.151230 -0.037860 0.987773 11.848469
0.968769 0.207167 -0.136268 162.934789 -0.199738 0.977607 0.066253 -49.480162 0.146941 -0.036966 0.988454 11.997428
0.967479 0.213199 -0.136129 163.834788 -0.205376 0.976226 0.069303 -49.575146 0.147668 -0.039091 0.988264 12.129910
0.964400 0.218661 -0.148726 164.754986 -0.208550 0.974679 0.080676 -49.760070 0.162601 -0.046787 0.985582 12.286322
0.961074 0.224003 -0.161740 165.668552 -0.212360 0.973379 0.086231 -49.979887 0.176751 -0.048527 0.983059 12.422828
0.958615 0.237171 -0.157501 166.803965 -0.225562 0.970233 0.088147 -50.181925 0.173719 -0.048973 0.983577 12.616301
0.958665 0.243236 -0.147641 167.544204 -0.232385 0.968722 0.087030 -50.348082 0.164192 -0.049123 0.985204 12.797352
0.959131 0.245797 -0.140187 168.498709 -0.235911 0.968180 0.083504 -50.553252 0.156251 -0.047020 0.986598 13.005853
0.961882 0.242307 -0.126766 169.276658 -0.233470 0.969011 0.080680 -50.752129 0.142387 -0.048009 0.988646 13.174410
0.963315 0.238380 -0.123288 170.140728 -0.229920 0.969996 0.079022 -50.964645 0.138426 -0.047777 0.989220 13.314368
0.964599 0.231558 -0.126214 171.132688 -0.223277 0.971755 0.076419 -51.189640 0.140345 -0.045533 0.989055 13.455641
0.964388 0.224590 -0.139700 172.249401 -0.214012 0.972966 0.086814 -51.494626 0.155421 -0.053825 0.986381 13.604972
0.965813 0.216069 -0.143249 173.085465 -0.205027 0.974793 0.087990 -51.688200 0.158650 -0.055612 0.985767 13.733701
0.966497 0.205822 -0.153368 174.478860 -0.193781 0.976920 0.089870 -51.974858 0.168325 -0.057139 0.984074 13.973186
0.967177 0.200137 -0.156569 175.705372 -0.187383 0.977920 0.092521 -52.202918 0.171629 -0.060146 0.983324 14.176102
0.967871 0.199407 -0.153174 176.918554 -0.186784 0.977994 0.092945 -52.432526 0.168338 -0.061349 0.983818 14.381422
0.967804 0.199587 -0.153366 177.897516 -0.186587 0.977827 0.095080 -52.594716 0.168942 -0.063402 0.983585 14.540219
0.966607 0.202765 -0.156709 178.906879 -0.189339 0.977161 0.096472 -52.788815 0.172691 -0.063579 0.982922 14.707177
0.964252 0.212033 -0.158932 180.407709 -0.198028 0.975134 0.099489 -53.093402 0.176075 -0.064459 0.982264 14.972632
0.961961 0.221394 -0.160051 181.630554 -0.207560 0.973227 0.098732 -53.344370 0.177625 -0.061756 0.982159 15.195134
0.958705 0.234999 -0.160187 182.911507 -0.221083 0.970113 0.100019 -53.662472 0.178903 -0.060474 0.982006 15.428031
0.955997 0.246348 -0.159322 183.930196 -0.232422 0.967345 0.101109 -53.869598 0.179027 -0.059630 0.982035 15.611554
0.951965 0.261696 -0.158990 185.387086 -0.247805 0.963422 0.102029 -54.240151 0.179875 -0.057730 0.981994 15.853674
0.948142 0.277362 -0.155232 186.567929 -0.263244 0.958941 0.105523 -54.567229 0.178126 -0.059187 0.982226 16.070514
0.945388 0.286574 -0.155294 187.479722 -0.272489 0.956313 0.105901 -54.797485 0.178859 -0.057802 0.982175 16.224375
0.943702 0.291071 -0.157177 188.332440 -0.276888 0.955024 0.106124 -55.060728 0.180998 -0.056629 0.981852 16.381149
0.941919 0.297006 -0.156770 189.353581 -0.282361 0.953080 0.109139 -55.381511 0.181829 -0.058534 0.981586 16.566598
0.941339 0.298317 -0.157760 190.330479 -0.283396 0.952629 0.110385 -55.715311 0.183216 -0.059201 0.981288 16.737443
0.940444 0.300745 -0.158483 191.222112 -0.285558 0.951827 0.111720 -56.005061 0.184448 -0.059810 0.981021 16.883231
0.940292 0.302071 -0.156857 191.901685 -0.286628 0.951270 0.113713 -56.210625 0.183563 -0.061964 0.981053 17.022449
0.940207 0.302218 -0.157084 192.607981 -0.286430 0.951116 0.115484 -56.454861 0.184307 -0.063586 0.980810 17.147012
0.939802 0.302543 -0.158868 193.445238 -0.286311 0.950938 0.117230 -56.757464 0.186540 -0.064688 0.980315 17.301109
0.940407 0.299528 -0.160988 193.979255 -0.282869 0.951807 0.118527 -56.934521 0.188732 -0.065925 0.979813 17.393513
0.941944 0.293830 -0.162499 194.788510 -0.276740 0.953442 0.119851 -57.208708 0.190149 -0.067922 0.979403 17.531887
0.944081 0.286029 -0.164006 195.351631 -0.268663 0.955701 0.120231 -57.408730 0.191130 -0.069445 0.979105 17.637318
0.949081 0.269861 -0.162543 196.106863 -0.252633 0.960208 0.119070 -57.648922 0.188208 -0.071943 0.979491 17.767358
0.955962 0.243898 -0.163247 196.906244 -0.226521 0.966832 0.117996 -57.867559 0.186611 -0.075820 0.979504 17.904172
0.962466 0.217467 -0.162381 197.582016 -0.200172 0.972824 0.116384 -57.984596 0.183277 -0.079512 0.979840 18.060595
0.970652 0.177711 -0.162030 198.480579 -0.160376 0.980389 0.114526 -58.149137 0.179205 -0.085179 0.980117 18.238291
0.980365 0.123666 -0.153596 199.646295 -0.107624 0.988229 0.108727 -58.290359 0.165233 -0.090061 0.982134 18.473270
0.984828 0.086985 -0.150157 200.568868 -0.071673 0.991934 0.104543 -58.343395 0.158039 -0.092194 0.983119 18.624700
0.987395 0.035248 -0.154300 201.639023 -0.020192 0.994974 0.098075 -58.388467 0.156981 -0.093723 0.983144 18.800522
0.987192 -0.008537 -0.159308 202.578402 0.023823 0.995260 0.094291 -58.377966 0.157748 -0.096878 0.982716 18.945846
0.984490 -0.057442 -0.165772 203.675295 0.073831 0.992787 0.094459 -58.300117 0.159151 -0.105233 0.981630 19.120435
0.981467 -0.090907 -0.168697 204.792624 0.107430 0.989990 0.091538 -58.210491 0.158686 -0.107965 0.981408 19.296782
0.979715 -0.110987 -0.166855 206.224268 0.127109 0.987866 0.089239 -58.111140 0.154926 -0.108638 0.981935 19.515976
0.979243 -0.117089 -0.165448 207.241734 0.132989 0.987158 0.088508 -58.059398 0.152960 -0.108673 0.982239 19.699699
0.979202 -0.117936 -0.165092 208.388997 0.133749 0.987086 0.088162 -57.836698 0.152562 -0.108409 0.982330 19.877762
0.979478 -0.113770 -0.166372 209.338271 0.129380 0.987843 0.086181 -57.747254 0.154545 -0.105938 0.982290 20.024180
0.981074 -0.096482 -0.167886 210.540470 0.112292 0.989828 0.087361 -57.509811 0.157750 -0.104560 0.981928 20.199910
0.982770 -0.076704 -0.168167 211.522385 0.092162 0.992013 0.086122 -57.410485 0.160218 -0.100137 0.981989 20.380546
0.984763 -0.053140 -0.165586 212.799990 0.067985 0.994032 0.085313 -57.353684 0.160064 -0.095270 0.982498 20.592742
0.985598 -0.033858 -0.165680 213.740564 0.048757 0.995040 0.086702 -57.149885 0.161923 -0.093532 0.982361 20.731406
0.986263 -0.016027 -0.164404 214.680300 0.030726 0.995712 0.087259 -57.007024 0.162300 -0.091112 0.982526 20.882293
0.986408 0.009344 -0.164051 215.860799 0.005296 0.996055 0.088581 -56.900922 0.164232 -0.088246 0.982467 21.067822
0.985958 0.030984 -0.164094 217.073920 -0.016089 0.995690 0.091334 -56.806660 0.166217 -0.087411 0.982207 21.259010
0.985700 0.047859 -0.161569 218.279798 -0.033193 0.995179 0.092284 -56.759383 0.165207 -0.085601 0.982537 21.453143
0.985545 0.059611 -0.158581 219.250148 -0.045198 0.994641 0.092989 -56.733960 0.163274 -0.084477 0.982957 21.618415
0.984241 0.072169 -0.161432 220.641093 -0.057396 0.993880 0.094383 -56.729739 0.167256 -0.083630 0.982360 21.828590
0.983239 0.085742 -0.160904 221.570406 -0.070162 0.992497 0.100139 -56.718044 0.168282 -0.087171 0.981877 21.996715
0.982157 0.103669 -0.156908 222.751753 -0.088964 0.991200 0.098020 -56.833945 0.165689 -0.082312 0.982737 22.200307
0.979946 0.120960 -0.158347 223.860864 -0.105795 0.989250 0.100960 -56.878864 0.168857 -0.082183 0.982208 22.387948
0.978557 0.134242 -0.156222 224.716176 -0.118961 0.987500 0.103398 -56.896344 0.168149 -0.082597 0.982295 22.556627
0.975352 0.156112 -0.155942 225.976095 -0.141121 0.984616 0.103037 -57.070017 0.169628 -0.078490 0.982377 22.780128
0.973003 0.170301 -0.155767 226.732860 -0.155449 0.982449 0.103099 -57.164950 0.170591 -0.076102 0.982399 22.917068
0.968515 0.195300 -0.154389 227.842090 -0.180591 0.978014 0.104284 -57.339074 0.171361 -0.073119 0.982491 23.113466
0.964662 0.213611 -0.154265 228.727904 -0.199032 0.974391 0.104638 -57.525006 0.172666 -0.070236 0.982473 23.274785
0.960393 0.235057 -0.149645 229.712904 -0.220329 0.969360 0.108610 -57.716342 0.170589 -0.071337 0.982757 23.475321
0.953813 0.263127 -0.144929 230.621483 -0.248021 0.961992 0.114268 -57.893080 0.169488 -0.073044 0.982822 23.648638
0.938161 0.315952 -0.141520 231.699396 -0.300516 0.946171 0.120213 -58.162406 0.171884 -0.070250 0.982609 23.853200
0.923849 0.356587 -0.139102 232.332258 -0.341410 0.932003 0.121697 -58.321893 0.173039 -0.064939 0.982772 23.964735
0.905450 0.401555 -0.137527 232.980931 -0.386549 0.913948 0.123606 -58.523918 0.175327 -0.058759 0.982755 24.073442
0.874440 0.466855 -0.131917 233.863144 -0.452013 0.882789 0.127935 -58.894065 0.176182 -0.052243 0.982970 24.242207
0.824576 0.551361 -0.126790 234.820398 -0.536499 0.833182 0.134074 -59.428519 0.179563 -0.042531 0.982827 24.434808
0.789860 0.599277 -0.130337 235.429818 -0.584008 0.799851 0.138468 -59.805625 0.187231 -0.033253 0.981753 24.559402
0.736805 0.662802 -0.133464 236.133693 -0.646946 0.748502 0.145623 -60.366545 0.196417 -0.020951 0.980297 24.735339
0.666129 0.733722 -0.133885 236.879200 -0.718329 0.679441 0.149540 -61.041178 0.200688 -0.003439 0.979649 24.920750
0.592581 0.793364 -0.139363 237.550612 -0.780336 0.608320 0.144990 -61.821520 0.199807 0.022832 0.979569 25.117303
0.528823 0.837230 -0.139252 238.195463 -0.824916 0.545614 0.147716 -62.583095 0.199650 0.036756 0.979178 25.299575
0.480032 0.865608 -0.142452 238.618787 -0.854589 0.498096 0.146893 -63.296293 0.198106 0.051225 0.978841 25.470270
0.435337 0.888915 -0.142521 238.965483 -0.879025 0.453891 0.145936 -63.921841 0.194414 0.061748 0.978974 25.611043
0.388607 0.910750 -0.139713 239.414202 -0.901890 0.407020 0.144670 -64.799503 0.188624 0.069786 0.979567 25.803909
0.355713 0.924147 -0.139356 239.754366 -0.916418 0.374160 0.142062 -65.625578 0.183428 0.077175 0.979999 25.961408
0.326182 0.935092 -0.138592 240.043907 -0.927682 0.344820 0.143195 -66.334837 0.181689 0.081861 0.979943 26.105770
0.291752 0.947432 -0.131354 240.375496 -0.940039 0.309380 0.143568 -67.364846 0.176659 0.081592 0.980884 26.301592
0.254752 0.958761 -0.126009 240.696809 -0.951438 0.271802 0.144530 -68.430356 0.172820 0.083070 0.981444 26.519630
0.212687 0.969532 -0.121540 241.007016 -0.962292 0.229420 0.146151 -69.603237 0.169581 0.085873 0.981768 26.740351
0.172822 0.978048 -0.116423 241.262445 -0.971388 0.188797 0.144086 -70.569165 0.162904 0.088190 0.982693 26.920867
0.110465 0.987301 -0.114166 241.463184 -0.981408 0.126497 0.144347 -72.020104 0.156956 0.096098 0.982919 27.144303
0.065812 0.991553 -0.111766 241.571082 -0.985715 0.082006 0.147112 -73.013445 0.155034 0.100488 0.982785 27.288740
0.022042 0.993482 -0.111841 241.591900 -0.987715 0.038950 0.151331 -74.215285 0.154701 0.107131 0.982136 27.433397
-0.027098 0.993575 -0.109881 241.572594 -0.987635 -0.009631 0.156477 -75.689721 0.154413 0.112763 0.981550 27.634442
-0.056033 0.992455 -0.109059 241.515656 -0.986805 -0.038430 0.157285 -76.719625 0.151907 0.116433 0.981513 27.768378
-0.085718 0.990242 -0.109875 241.388938 -0.985568 -0.068119 0.154968 -78.320278 0.145972 0.121573 0.981790 27.972290
-0.100100 0.988997 -0.108926 241.236439 -0.984094 -0.082262 0.157457 -79.683037 0.146764 0.122955 0.981500 28.144473
-0.104704 0.988376 -0.110229 241.049963 -0.983192 -0.086206 0.160940 -81.048798 0.149566 0.125227 0.980789 28.314216
-0.103882 0.988377 -0.110991 240.813533 -0.982487 -0.084621 0.166009 -82.669914 0.154687 0.126292 0.979858 28.537056
-0.090196 0.988936 -0.117769 240.612338 -0.984255 -0.070465 0.162098 -84.316089 0.152006 0.130535 0.979722 28.761226
-0.076466 0.990136 -0.117401 240.488436 -0.985154 -0.056875 0.161976 -85.445522 0.153701 0.128044 0.979786 28.938191
-0.044011 0.990090 -0.133358 240.369143 -0.984307 -0.020141 0.175312 -87.186894 0.170889 0.138981 0.975439 29.205763
0.000466 0.990478 -0.137674 240.296744 -0.984146 0.024872 0.175607 -88.610328 0.177359 0.135409 0.974786 29.462241
0.043804 0.988796 -0.142703 240.281640 -0.981686 0.069110 0.177530 -89.656575 0.185403 0.132313 0.973714 29.630022
0.112258 0.983363 -0.142812 240.378296 -0.973710 0.137528 0.181591 -91.348433 0.198211 0.118672 0.972949 29.944934
0.166940 0.975237 -0.145064 240.475808 -0.964563 0.192029 0.180951 -92.489991 0.204326 0.109715 0.972735 30.152628
0.240074 0.959019 -0.150491 240.873579 -0.949315 0.264334 0.170082 -94.234493 0.202892 0.102031 0.973871 30.531748
0.292430 0.942819 -0.159927 241.178312 -0.932349 0.318279 0.171533 -95.351079 0.212626 0.098947 0.972111 30.760725
0.363988 0.917015 -0.163084 241.721615 -0.905244 0.389506 0.169760 -96.953497 0.219194 0.085841 0.971898 31.101701
0.424004 0.890324 -0.165963 242.266030 -0.876557 0.449511 0.172011 -98.296872 0.227748 0.072543 0.971014 31.382237
0.479903 0.861341 -0.166684 243.072364 -0.845550 0.504766 0.173943 -99.881788 0.233961 0.057464 0.970546 31.780202
0.512333 0.841764 -0.170144 243.694572 -0.825123 0.537419 0.174218 -100.942714 0.238089 0.051132 0.969896 32.057807
0.556061 0.812421 -0.175410 244.702815 -0.794466 0.581553 0.174985 -102.476178 0.244172 0.042055 0.968820 32.487211
0.584930 0.791324 -0.177943 245.791752 -0.772211 0.610434 0.176240 -103.971496 0.248085 0.034322 0.968130 32.938766
0.598388 0.780201 -0.182260 246.741965 -0.761265 0.624579 0.174288 -105.246311 0.249815 0.034456 0.967680 33.316029
0.603271 0.775756 -0.185112 247.522119 -0.756935 0.630036 0.173506 -106.266103 0.251225 0.035447 0.967279 33.630779
0.605913 0.772370 -0.190562 249.134978 -0.753428 0.634034 0.174205 -108.315422 0.255374 0.038022 0.966095 34.265311
0.606168 0.771974 -0.191357 250.355113 -0.753741 0.634380 0.171572 -109.894085 0.253842 0.040232 0.966409 34.774656
0.605870 0.772027 -0.192081 251.400560 -0.754122 0.634228 0.170454 -111.255434 0.253419 0.041580 0.966463 35.220898
0.605518 0.772048 -0.193108 252.194143 -0.753951 0.634187 0.171364 -112.313341 0.254768 0.041830 0.966097 35.539809
0.602900 0.774202 -0.192673 253.004505 -0.755693 0.631599 0.173235 -113.439934 0.255811 0.041158 0.965850 35.915775
0.600757 0.776418 -0.190439 253.985013 -0.757670 0.628969 0.174164 -114.820095 0.255004 0.039659 0.966126 36.333904
0.598255 0.778423 -0.190124 254.686371 -0.759753 0.626448 0.174177 -115.920368 0.254686 0.040246 0.966186 36.636834
0.593877 0.782978 -0.185081 255.686334 -0.762582 0.621130 0.180738 -117.327395 0.256473 0.033803 0.965960 37.064652
0.587834 0.787490 -0.185232 256.671197 -0.766234 0.615426 0.184761 -118.728336 0.259494 0.033323 0.965170 37.494644
0.584070 0.790356 -0.184931 257.459876 -0.768537 0.611773 0.187310 -119.942573 0.261177 0.032724 0.964736 37.875461
0.580576 0.793151 -0.183962 258.375755 -0.771463 0.608117 0.187187 -121.346486 0.260338 0.033244 0.964945 38.319546
0.571151 0.799439 -0.186234 259.488092 -0.776745 0.599737 0.192308 -123.064974 0.265430 0.034819 0.963501 38.848532
0.561509 0.804939 -0.191785 260.250709 -0.781663 0.592027 0.196232 -124.297749 0.271496 0.039725 0.961619 39.246064
0.554064 0.810363 -0.190594 261.006669 -0.787164 0.584494 0.196823 -125.531917 0.270899 0.040976 0.961735 39.649564
0.544635 0.817819 -0.185860 262.068909 -0.798273 0.573462 0.184125 -127.370883 0.257165 0.048086 0.965171 40.284400
0.535517 0.822291 -0.192506 262.827616 -0.801291 0.566724 0.191718 -128.703356 0.266746 0.051585 0.962385 40.718649
