0.999937 0.010651 0.003439 3.263445 -0.010631 0.999926 -0.005905 0.000482 -0.003502 0.005868 0.999977 -0.001768
0.999813 0.018845 0.004429 5.174600 -0.018788 0.999746 -0.012438 -0.036880 -0.004662 0.012352 0.999913 -0.018712
0.999497 0.031644 -0.002147 7.209914 -0.031671 0.999399 -0.014109 -0.072778 0.001699 0.014170 0.999898 -0.020089
0.998951 0.045676 -0.003169 8.789936 -0.045723 0.998808 -0.017059 -0.112944 0.002386 0.017186 0.999849 -0.002289
0.997809 0.066120 -0.002436 10.833700 -0.066158 0.997567 -0.021996 -0.210795 0.000975 0.022109 0.999755 0.011153
0.995578 0.093851 -0.004173 13.313836 -0.093930 0.995210 -0.027088 -0.395626 0.001611 0.027360 0.999624 0.013390
0.992864 0.119029 -0.007331 15.299728 -0.119193 0.992450 -0.028918 -0.578064 0.003833 0.029585 0.999555 0.029818
0.990378 0.137979 -0.010618 16.919411 -0.138275 0.989743 -0.035891 -0.770056 0.005557 0.037014 0.999299 0.052255
0.986967 0.160669 -0.009038 18.791253 -0.160898 0.986247 -0.037797 -1.035344 0.002841 0.038759 0.999245 0.078034
0.983849 0.178598 -0.011997 20.354520 -0.178940 0.983052 -0.039872 -1.290315 0.004672 0.041375 0.999133 0.098276
0.979272 0.202122 -0.013132 22.249894 -0.202494 0.978451 -0.040384 -1.642798 0.004687 0.042206 0.999098 0.123715
0.974997 0.221555 -0.017133 23.770093 -0.222087 0.974160 -0.041101 -1.955518 0.007585 0.043878 0.999008 0.153138
0.969301 0.245044 -0.020234 25.604820 -0.245697 0.968459 -0.041475 -2.384820 0.009432 0.045174 0.998935 0.185505
0.964182 0.264138 -0.024171 27.076923 -0.264956 0.963365 -0.041557 -2.763112 0.012309 0.046473 0.998844 0.219394
0.956289 0.291121 -0.027553 29.260551 -0.292052 0.955568 -0.039942 -3.386757 0.014701 0.046243 0.998822 0.271931
0.949726 0.311963 -0.026448 31.002324 -0.312806 0.949042 -0.038358 -3.923415 0.013134 0.044703 0.998914 0.318143
0.944113 0.328112 -0.031520 32.375201 -0.329167 0.943513 -0.037844 -4.369125 0.017323 0.046105 0.998786 0.362876
0.937669 0.345915 -0.033467 34.074124 -0.347027 0.937140 -0.036614 -4.969951 0.018698 0.045945 0.998769 0.418388
0.930884 0.363701 -0.034306 35.784926 -0.364852 0.930323 -0.037171 -5.606381 0.018397 0.047119 0.998720 0.477393
0.923454 0.382095 -0.035154 37.146477 -0.383230 0.923000 -0.034738 -6.137439 0.019174 0.045551 0.998778 0.520648
0.915911 0.399497 -0.038844 38.491453 -0.400801 0.915496 -0.035005 -6.688653 0.021577 0.047630 0.998632 0.559764
0.906255 0.420359 -0.044733 40.161279 -0.421936 0.905960 -0.034737 -7.416186 0.025924 0.050356 0.998395 0.608939
0.895673 0.441563 -0.052840 42.119510 -0.443562 0.895569 -0.034757 -8.340841 0.031975 0.054569 0.997998 0.686111
0.886691 0.459133 -0.054556 43.703976 -0.461262 0.886537 -0.035904 -9.124405 0.031882 0.057000 0.997865 0.769497
0.877611 0.475714 -0.059123 45.280531 -0.478075 0.877623 -0.034953 -9.945671 0.035260 0.058940 0.997639 0.852866
0.870033 0.489123 -0.061657 46.511525 -0.491595 0.870167 -0.033820 -10.611539 0.037109 0.059735 0.997524 0.928882
0.861599 0.503404 -0.065044 47.998449 -0.506085 0.861822 -0.033783 -11.455326 0.039050 0.062026 0.997310 1.014119
0.855262 0.513837 -0.067075 49.240027 -0.516735 0.855389 -0.035981 -12.183357 0.038887 0.065434 0.997099 1.078585
0.848575 0.523855 -0.074136 50.447929 -0.527169 0.849060 -0.034507 -12.912818 0.044869 0.068364 0.996651 1.154322
0.839068 0.538801 -0.075224 51.772415 -0.541937 0.839924 -0.028842 -13.740272 0.047642 0.064967 0.996749 1.262705
0.830728 0.551661 -0.074570 52.789460 -0.554809 0.831445 -0.029767 -14.387103 0.045580 0.066101 0.996771 1.341619
0.819485 0.567858 -0.077343 54.019433 -0.571340 0.820065 -0.032630 -15.210984 0.044897 0.070929 0.996470 1.431708
0.808866 0.582208 -0.082281 55.238570 -0.586032 0.809656 -0.031998 -16.065060 0.047990 0.074102 0.996095 1.518444
0.800826 0.592864 -0.084793 56.082224 -0.596979 0.801542 -0.033857 -16.673132 0.047893 0.077733 0.995823 1.586635
0.790132 0.606027 -0.091777 57.403652 -0.610906 0.790815 -0.037489 -17.667042 0.049859 0.085689 0.995074 1.680841
0.781266 0.615922 -0.101309 58.564654 -0.621647 0.782416 -0.037154 -18.564473 0.056382 0.092005 0.994161 1.758085
0.774806 0.622613 -0.109676 59.238989 -0.629327 0.776108 -0.040045 -19.065917 0.060188 0.100049 0.993160 1.817536
0.767139 0.631002 -0.115474 59.942513 -0.638312 0.768750 -0.039765 -19.616456 0.063678 0.104214 0.992514 1.893267
0.758468 0.640915 -0.118131 60.747779 -0.648571 0.760080 -0.040411 -20.269953 0.063889 0.107267 0.992175 1.988779
0.749325 0.650784 -0.122443 61.539518 -0.658689 0.751520 -0.036704 -20.939791 0.068132 0.108155 0.991797 2.078732
0.742777 0.658077 -0.123358 62.075036 -0.666041 0.745056 -0.035788 -21.386985 0.068357 0.108744 0.991717 2.154141
0.734630 0.666841 -0.125067 62.722147 -0.674887 0.737144 -0.033851 -21.950620 0.069619 0.109274 0.991571 2.240923
0.725793 0.676043 -0.127241 63.445387 -0.684126 0.728725 -0.030531 -22.607426 0.072084 0.109208 0.991402 2.330582
0.720451 0.681315 -0.129457 63.837860 -0.689603 0.723580 -0.029660 -22.955180 0.073465 0.110642 0.991141 2.396632
0.713532 0.688496 -0.129791 64.314858 -0.696840 0.716620 -0.029491 -23.387903 0.072707 0.111486 0.991103 2.470373
0.707498 0.695094 -0.127634 64.840688 -0.703198 0.710397 -0.029127 -23.882036 0.070425 0.110359 0.991394 2.542292
0.697441 0.703982 -0.134109 65.501522 -0.712841 0.700735 -0.028783 -24.527408 0.073712 0.115673 0.990548 2.624978
0.691391 0.709327 -0.137236 65.894904 -0.718582 0.694847 -0.028769 -24.880722 0.074952 0.118506 0.990120 2.688317
0.676995 0.722315 -0.141208 66.539992 -0.731477 0.681555 -0.020600 -25.518932 0.081361 0.117236 0.989766 2.779998
0.665343 0.732771 -0.142709 67.035767 -0.742066 0.670053 -0.019158 -26.006348 0.081585 0.118646 0.989579 2.859953
0.655392 0.741532 -0.143497 67.479201 -0.751205 0.659706 -0.021888 -26.453491 0.078435 0.122141 0.989409 2.935761
0.646257 0.749778 -0.142072 67.923460 -0.759619 0.649858 -0.025765 -26.899736 0.073008 0.124571 0.989521 2.996942
0.637232 0.757462 -0.142078 68.342499 -0.767618 0.640224 -0.029599 -27.342119 0.068541 0.127923 0.989413 3.070958
0.623106 0.768629 -0.144736 68.956760 -0.778993 0.626460 -0.026807 -28.042663 0.070067 0.129452 0.989107 3.164932
0.609504 0.779247 -0.145873 69.564147 -0.789622 0.613123 -0.024021 -28.773589 0.070719 0.129825 0.989012 3.249695
0.594054 0.789828 -0.152553 70.260899 -0.801351 0.597610 -0.026459 -29.686691 0.070269 0.137967 0.987941 3.321345
0.583566 0.798304 -0.148869 70.807598 -0.809244 0.586952 -0.024725 -30.420789 0.067641 0.134901 0.988548 3.414276
0.574523 0.804366 -0.151390 71.245504 -0.815631 0.578081 -0.023850 -31.015038 0.068332 0.137180 0.988186 3.481286
0.567924 0.808361 -0.154969 71.659670 -0.820166 0.571624 -0.023960 -31.595058 0.069216 0.140707 0.987629 3.547125
0.561789 0.812441 -0.155992 72.132815 -0.824406 0.565500 -0.023762 -32.273731 0.068908 0.141950 0.987472 3.641798
0.558359 0.814141 -0.159407 72.591577 -0.826506 0.562488 -0.022223 -32.944869 0.071572 0.144159 0.986963 3.733259
0.557174 0.814380 -0.162305 72.959144 -0.826989 0.561872 -0.019713 -33.476358 0.075141 0.145209 0.986544 3.814805
0.557048 0.814236 -0.163454 73.417226 -0.827095 0.561679 -0.020756 -34.144522 0.074908 0.146754 0.986333 3.906911
0.558228 0.813310 -0.164040 73.849277 -0.826232 0.562956 -0.020532 -34.771882 0.075648 0.146997 0.986240 3.997898
0.559575 0.811862 -0.166600 74.259345 -0.825209 0.564430 -0.021172 -35.365475 0.076845 0.149327 0.985797 4.085730
0.562163 0.809566 -0.169045 74.666117 -0.823186 0.567415 -0.020138 -35.959486 0.079616 0.150476 0.985403 4.165339
0.567463 0.806007 -0.168339 75.057315 -0.819365 0.572968 -0.018674 -36.513171 0.081402 0.148528 0.985552 4.253118
0.577584 0.798553 -0.169438 75.513036 -0.812115 0.583156 -0.019973 -37.160090 0.082859 0.149139 0.985338 4.336464
0.589039 0.790462 -0.167936 75.869859 -0.803945 0.594272 -0.022660 -37.649090 0.081888 0.148359 0.985537 4.418762
0.610535 0.773847 -0.168546 76.367895 -0.787474 0.615840 -0.025004 -38.299623 0.084448 0.147992 0.985377 4.514169
0.626180 0.761482 -0.167466 76.711424 -0.774893 0.631573 -0.025624 -38.726593 0.086255 0.145814 0.985545 4.586631
0.639890 0.750402 -0.165646 77.040368 -0.763659 0.645012 -0.028009 -39.121764 0.085826 0.144420 0.985787 4.657211
0.651196 0.740821 -0.164708 77.307277 -0.754040 0.656142 -0.030017 -39.425286 0.085835 0.143743 0.985885 4.712743
0.664841 0.728677 -0.164366 77.602588 -0.742081 0.669460 -0.033738 -39.748204 0.085452 0.144404 0.985822 4.779826
0.671979 0.722086 -0.164425 77.757709 -0.735666 0.676377 -0.036187 -39.917835 0.085083 0.145279 0.985726 4.817323
0.678843 0.715480 -0.165109 77.926256 -0.729294 0.683132 -0.038212 -40.095401 0.085451 0.146353 0.985535 4.851087
0.684319 0.709972 -0.166275 78.022420 -0.724062 0.688588 -0.039760 -40.201203 0.086266 0.147602 0.985277 4.880269
0.688451 0.705884 -0.166621 78.101515 -0.720184 0.692519 -0.041849 -40.281563 0.085847 0.148809 0.985133 4.915587
0.690453 0.703846 -0.166958 78.153488 -0.718352 0.694302 -0.043761 -40.332266 0.085118 0.150150 0.984992 4.951303
0.691534 0.702685 -0.167375 78.178801 -0.717406 0.695161 -0.045600 -40.353268 0.084310 0.151610 0.984838 4.983500
0.692252 0.701667 -0.168673 78.168372 -0.716731 0.695744 -0.047299 -40.343070 0.084165 0.153635 0.984537 5.014455
0.692447 0.701318 -0.169322 78.168934 -0.716683 0.695629 -0.049655 -40.340870 0.082961 0.155734 0.984309 5.044324
0.691938 0.701735 -0.169673 78.188829 -0.717323 0.694826 -0.051625 -40.351443 0.081666 0.157431 0.984147 5.056671
0.690520 0.703006 -0.170188 78.191342 -0.718860 0.693071 -0.053789 -40.345737 0.080139 0.159484 0.983942 5.058726
0.688520 0.704884 -0.170527 78.193722 -0.720956 0.690736 -0.055732 -40.340275 0.078504 0.161315 0.983776 5.060880
0.685501 0.707816 -0.170543 78.194495 -0.724036 0.687365 -0.057458 -40.334479 0.076555 0.162867 0.983674 5.064775
0.681431 0.711796 -0.170288 78.195964 -0.728121 0.682882 -0.059258 -40.326357 0.074107 0.164371 0.983611 5.068815
0.677173 0.715806 -0.170468 78.199861 -0.732204 0.678461 -0.059731 -40.321495 0.072900 0.165266 0.983551 5.070358
0.673647 0.719153 -0.170346 78.201834 -0.735598 0.674704 -0.060571 -40.315801 0.071373 0.166110 0.983521 5.072492
0.671651 0.720951 -0.170630 78.203435 -0.737608 0.672300 -0.062820 -40.309425 0.069424 0.168051 0.983331 5.074944
0.670623 0.721762 -0.171245 78.205430 -0.738551 0.671229 -0.063196 -40.307577 0.069332 0.168854 0.983200 5.075463
0.671367 0.720885 -0.172020 78.196370 -0.737882 0.671865 -0.064249 -40.298657 0.069258 0.170065 0.982996 5.083675
0.673713 0.718342 -0.173481 78.178520 -0.735524 0.674533 -0.063327 -40.290141 0.071528 0.170264 0.982799 5.121611
0.677808 0.714228 -0.174516 78.195478 -0.731601 0.678762 -0.063571 -40.311290 0.073051 0.170765 0.982600 5.157730
0.680237 0.711621 -0.175708 78.195669 -0.729273 0.681171 -0.064559 -40.313734 0.073745 0.172055 0.982323 5.158930
0.680375 0.711183 -0.176944 78.197740 -0.729079 0.681344 -0.064916 -40.313493 0.074392 0.173173 0.982078 5.158825
0.680055 0.711432 -0.177168 78.220196 -0.729532 0.680648 -0.067094 -40.331813 0.072857 0.174877 0.981891 5.188518
0.679686 0.711559 -0.178072 78.238908 -0.729917 0.680106 -0.068391 -40.346290 0.072444 0.176463 0.981638 5.222496
0.679146 0.711885 -0.178831 78.244013 -0.730556 0.679171 -0.070810 -40.348602 0.071048 0.178736 0.981328 5.254005
0.679122 0.711785 -0.179321 78.244847 -0.730706 0.678774 -0.073035 -40.344705 0.069733 0.180631 0.981076 5.256248
0.679275 0.711370 -0.180381 78.246375 -0.730633 0.678630 -0.075083 -40.343674 0.069000 0.182795 0.980727 5.267794
0.680025 0.710567 -0.180723 78.263002 -0.730031 0.679058 -0.077039 -40.358102 0.067980 0.184322 0.980512 5.295658
0.681471 0.709031 -0.181307 78.318407 -0.728753 0.680187 -0.079147 -40.407466 0.067205 0.186065 0.980236 5.333568
0.681062 0.709313 -0.181739 78.319523 -0.729237 0.679460 -0.080917 -40.403933 0.066089 0.187640 0.980012 5.335097
0.682561 0.707817 -0.181949 78.361171 -0.727912 0.680652 -0.082808 -40.443234 0.065231 0.188965 0.979815 5.367908
0.683923 0.706344 -0.182556 78.417266 -0.726706 0.681668 -0.085012 -40.495911 0.064395 0.190806 0.979513 5.405588
0.685599 0.704591 -0.183044 78.474767 -0.725225 0.682915 -0.087615 -40.550382 0.063270 0.192817 0.979193 5.440515
0.687338 0.703004 -0.182623 78.528724 -0.723743 0.684112 -0.090475 -40.603178 0.061331 0.194359 0.979011 5.463325
0.690617 0.699814 -0.182503 78.630039 -0.720655 0.687133 -0.092225 -40.700538 0.060863 0.195214 0.978870 5.490893
0.692308 0.698034 -0.182913 78.678823 -0.719118 0.688406 -0.094692 -40.746517 0.059820 0.197092 0.978558 5.519286
0.694150 0.695933 -0.183939 78.749376 -0.717382 0.689880 -0.097101 -40.807643 0.059320 0.199358 0.978130 5.538577
0.695594 0.694080 -0.185479 78.781722 -0.716001 0.690971 -0.099506 -40.833002 0.059095 0.202019 0.977597 5.557068
0.695415 0.693841 -0.187035 78.789699 -0.716181 0.690555 -0.101089 -40.835052 0.059018 0.204250 0.977138 5.566358
0.695693 0.693300 -0.188007 78.792024 -0.715947 0.690550 -0.102765 -40.832429 0.058582 0.206096 0.976777 5.571750
0.695465 0.693425 -0.188391 78.793474 -0.716244 0.690007 -0.104328 -40.829410 0.057648 0.207490 0.976537 5.576179
0.695508 0.693030 -0.189678 78.795894 -0.716227 0.689763 -0.106047 -40.826742 0.057339 0.209609 0.976103 5.578468
0.695427 0.692906 -0.190429 78.797743 -0.716386 0.689273 -0.108138 -40.822822 0.056328 0.211623 0.975727 5.581409
0.695255 0.692954 -0.190878 78.795271 -0.716651 0.688665 -0.110235 -40.818173 0.055063 0.213435 0.975404 5.605564
0.695044 0.692907 -0.191818 78.801227 -0.716954 0.687927 -0.112842 -40.817505 0.053768 0.215954 0.974922 5.627781
0.694683 0.693003 -0.192774 78.799949 -0.717354 0.687226 -0.114559 -40.813535 0.053089 0.217870 0.974533 5.643557
0.694369 0.693170 -0.193306 78.803889 -0.717735 0.686523 -0.116373 -40.815990 0.052042 0.219548 0.974213 5.665107
0.694690 0.692442 -0.194754 78.814977 -0.717480 0.686340 -0.118997 -40.824449 0.051269 0.222398 0.973607 5.682783
0.695197 0.691554 -0.196098 78.828608 -0.716994 0.686558 -0.120657 -40.840157 0.051192 0.224481 0.973133 5.704447
0.697612 0.689109 -0.196128 78.884069 -0.714725 0.688450 -0.123308 -40.901181 0.050052 0.226199 0.972794 5.730796
0.703539 0.683026 -0.196235 78.988542 -0.708813 0.694309 -0.124578 -41.014470 0.051158 0.226739 0.972611 5.763102
0.710276 0.675895 -0.196659 79.114769 -0.701857 0.701386 -0.124319 -41.147982 0.053908 0.226327 0.972558 5.799227
0.730043 0.653907 -0.198601 79.456888 -0.680811 0.721165 -0.128127 -41.483411 0.059441 0.228748 0.971669 5.833618
0.744785 0.636842 -0.199317 79.709957 -0.664252 0.736072 -0.130262 -41.720310 0.063755 0.229413 0.971239 5.856850
0.773314 0.601931 -0.199160 80.182777 -0.629828 0.765388 -0.132279 -42.128071 0.072812 0.227730 0.970998 5.894152
0.795321 0.572765 -0.198507 80.600445 -0.600986 0.787832 -0.134676 -42.458929 0.079252 0.226410 0.970802 5.930878
0.824733 0.530086 -0.197037 81.158244 -0.558580 0.817991 -0.137403 -42.874362 0.088339 0.223382 0.970720 5.979407
0.846661 0.493616 -0.198766 81.648868 -0.523236 0.840266 -0.142045 -43.207477 0.096901 0.224266 0.969698 6.039591
0.872515 0.445348 -0.200956 82.312987 -0.475972 0.867624 -0.143802 -43.616999 0.110313 0.221118 0.968988 6.118782
0.891997 0.404265 -0.202267 83.119997 -0.434257 0.890609 -0.135038 -44.060282 0.125549 0.208289 0.969976 6.238451
0.908442 0.366768 -0.200534 84.180175 -0.396215 0.908406 -0.133464 -44.553367 0.133216 0.200699 0.970553 6.348598
0.915069 0.351800 -0.197196 84.938550 -0.380452 0.915236 -0.132661 -44.877302 0.133811 0.196417 0.971347 6.457618
0.922230 0.330724 -0.200282 86.626637 -0.357700 0.926446 -0.117253 -45.570542 0.146772 0.179775 0.972697 6.681369
0.927610 0.322394 -0.188687 88.081310 -0.346084 0.931819 -0.109272 -46.140782 0.140594 0.166663 0.975939 6.922587
0.927067 0.325524 -0.185958 88.983094 -0.347599 0.932176 -0.101107 -46.459511 0.140433 0.158372 0.977342 7.015162
0.924991 0.325294 -0.196404 90.474294 -0.346538 0.934194 -0.084807 -47.025489 0.155893 0.146507 0.976849 7.236878
0.925104 0.324514 -0.197162 91.791360 -0.345308 0.934956 -0.081355 -47.530320 0.157937 0.143344 0.976989 7.426931
0.925130 0.324478 -0.197097 92.785472 -0.345266 0.934970 -0.081373 -47.932826 0.157876 0.143332 0.977001 7.586235
0.928688 0.308412 -0.205965 94.141098 -0.330521 0.940189 -0.082467 -48.434805 0.168212 0.144661 0.975078 7.819462
0.934571 0.281005 -0.218205 95.772082 -0.305497 0.948175 -0.087378 -49.020567 0.182343 0.148322 0.971983 8.114210
0.942690 0.240877 -0.230898 97.109298 -0.268938 0.958109 -0.098481 -49.460659 0.197504 0.154934 0.967981 8.375455
0.952169 0.198881 -0.231991 98.213866 -0.229941 0.966348 -0.115323 -49.756868 0.201248 0.163152 0.965858 8.614947
0.962766 0.153021 -0.222859 99.372034 -0.183787 0.975053 -0.124476 -50.057093 0.198252 0.160800 0.966871 8.836316
0.970986 0.095772 -0.219120 100.847389 -0.126393 0.983389 -0.130271 -50.365738 0.203004 0.154187 0.966962 9.101777
0.975374 0.050318 -0.214742 102.076566 -0.080566 0.987631 -0.134515 -50.635233 0.205318 0.148503 0.967363 9.325047
0.977851 0.003878 -0.209264 103.601173 -0.032864 0.990271 -0.135213 -50.646195 0.206704 0.139096 0.968466 9.645465
0.976911 -0.044758 -0.208907 105.145076 0.015337 0.989978 -0.140384 -50.701111 0.213097 0.133938 0.967807 9.968332
0.975242 -0.078147 -0.206870 106.314957 0.048952 0.988560 -0.142664 -50.743306 0.215652 0.129005 0.967911 10.205291
0.971592 -0.117120 -0.205648 107.930634 0.087921 0.985397 -0.145815 -50.704502 0.219723 0.123592 0.967702 10.552690
0.968829 -0.137910 -0.205793 109.235465 0.109053 0.983321 -0.145560 -50.577545 0.222435 0.118581 0.967709 10.828060
0.963960 -0.156628 -0.215056 111.271939 0.127683 0.981520 -0.142530 -50.310004 0.233406 0.109935 0.966145 11.262168
0.960628 -0.166210 -0.222639 112.972942 0.138047 0.980949 -0.136686 -50.075683 0.241116 0.100570 0.965271 11.646520
0.963594 -0.161294 -0.213238 114.285865 0.135732 0.982232 -0.129607 -49.847455 0.230354 0.095945 0.968365 11.955051
0.963095 -0.156937 -0.218674 115.937056 0.132247 0.983507 -0.123387 -49.563507 0.234431 0.089915 0.967966 12.327392
0.961764 -0.159003 -0.222997 117.638877 0.134881 0.983615 -0.119615 -49.347834 0.238362 0.084963 0.967453 12.724871
0.961225 -0.159087 -0.225251 118.992463 0.135005 0.983715 -0.118650 -49.166652 0.240458 0.083639 0.967049 13.042256
0.961740 -0.155908 -0.225275 120.757627 0.132109 0.984282 -0.117202 -48.929926 0.240007 0.082957 0.967220 13.465550
0.964758 -0.119667 -0.234353 124.873812 0.093313 0.988316 -0.120519 -48.421427 0.246037 0.094403 0.964652 14.488042
0.965069 -0.108879 -0.238302 126.288826 0.081514 0.989196 -0.121847 -48.269831 0.248994 0.098166 0.963517 14.834527
0.968081 -0.089491 -0.234116 127.996956 0.062789 0.990891 -0.119131 -48.094685 0.242645 0.100628 0.964882 15.258261
0.968971 -0.080708 -0.233626 129.358110 0.053933 0.991450 -0.118817 -47.998967 0.241218 0.102530 0.965039 15.588010
0.968086 -0.068688 -0.241021 131.153269 0.040856 0.992097 -0.118635 -47.893734 0.247265 0.105002 0.963242 16.009360
0.970443 -0.057410 -0.234401 132.575740 0.029640 0.992293 -0.120320 -47.876763 0.239502 0.109816 0.964665 16.358876
0.970930 -0.040631 -0.235890 135.024717 0.012946 0.992959 -0.117747 -47.817125 0.239014 0.111270 0.964620 16.942212
0.972035 -0.028709 -0.233075 136.388899 0.001568 0.993270 -0.115808 -47.762327 0.234832 0.112204 0.965538 17.261586
0.971072 -0.019012 -0.238029 138.167590 -0.008316 0.993528 -0.113282 -47.753220 0.238643 0.111985 0.964629 17.679126
0.971666 -0.014256 -0.235928 139.553250 -0.012923 0.993482 -0.113257 -47.746902 0.236005 0.113097 0.965148 18.003071
0.972199 0.004687 -0.234107 141.618244 -0.030923 0.993613 -0.108524 -47.764550 0.232103 0.112746 0.966135 18.486051
0.971484 0.020509 -0.236217 143.278183 -0.047344 0.992968 -0.108502 -47.811862 0.232331 0.116591 0.965624 18.865175
0.970026 0.040845 -0.239542 145.197784 -0.067212 0.992413 -0.102953 -47.876140 0.233520 0.115967 0.965412 19.308661
0.968841 0.060334 -0.240223 147.298788 -0.086671 0.991143 -0.100616 -48.013963 0.232024 0.118301 0.965489 19.797233
0.969321 0.078171 -0.233038 148.715031 -0.102967 0.990023 -0.096193 -48.070184 0.223193 0.117237 0.967699 20.123844
0.968807 0.080690 -0.234311 148.728787 -0.106472 0.989321 -0.099540 -48.062752 0.223777 0.121383 0.967052 20.127817
0.967139 0.089296 -0.238049 150.066297 -0.116082 0.988095 -0.100965 -48.168818 0.226199 0.125281 0.965991 20.415248
0.966668 0.098315 -0.236404 151.279082 -0.125419 0.986799 -0.102455 -48.310968 0.223210 0.128690 0.966238 20.684051
0.965980 0.106412 -0.235710 152.394126 -0.134042 0.985456 -0.104442 -48.459477 0.221168 0.132484 0.966195 20.932723
0.965292 0.113453 -0.235244 153.212498 -0.141044 0.984532 -0.103939 -48.550625 0.219813 0.133511 0.966363 21.111194
0.964754 0.120007 -0.234198 154.212846 -0.147418 0.983673 -0.103222 -48.670175 0.217987 0.134109 0.966694 21.327359
0.963043 0.125698 -0.238217 155.193109 -0.153600 0.982816 -0.102368 -48.820074 0.221256 0.135175 0.965802 21.540172
0.961576 0.126543 -0.243636 156.163162 -0.155090 0.982649 -0.101727 -48.974183 0.226536 0.135603 0.964517 21.753016
0.959345 0.138700 -0.245802 156.194526 -0.168841 0.979925 -0.106022 -48.960611 0.226162 0.143214 0.963504 21.758561
0.957705 0.145409 -0.248310 156.224057 -0.175852 0.978794 -0.105066 -48.958468 0.227767 0.144288 0.962966 21.762536
0.955209 0.151389 -0.254278 157.415985 -0.181714 0.978232 -0.100210 -49.184934 0.233572 0.141928 0.961926 22.034913
0.954357 0.156404 -0.254441 158.572752 -0.187505 0.976868 -0.102816 -49.452941 0.232474 0.145833 0.961607 22.294501
0.947596 0.190097 -0.256759 158.610998 -0.221128 0.970341 -0.097681 -49.439019 0.230575 0.149339 0.961527 22.301442
0.946517 0.200761 -0.252587 159.608455 -0.230350 0.968624 -0.093308 -49.629871 0.225929 0.146501 0.963065 22.538444
0.943747 0.206196 -0.258506 160.345956 -0.236985 0.966966 -0.093885 -49.821270 0.230608 0.149866 0.961437 22.707113
0.941886 0.215534 -0.257675 161.481653 -0.245632 0.965122 -0.090581 -50.057351 0.229164 0.148611 0.961976 22.967788
0.938976 0.222731 -0.262134 162.592408 -0.253337 0.963276 -0.088988 -50.318788 0.232687 0.149966 0.960920 23.247330
0.931930 0.253675 -0.259145 162.608791 -0.284463 0.954590 -0.088536 -50.296586 0.224917 0.156226 0.961772 23.255181
0.930675 0.259884 -0.257498 163.493229 -0.289990 0.953146 -0.086132 -50.477340 0.223049 0.154833 0.962432 23.456116
0.936506 0.235600 -0.259710 163.507036 -0.263222 0.961675 -0.076773 -50.523452 0.231669 0.140260 0.962630 23.450549
0.931468 0.241537 -0.272078 164.400138 -0.268969 0.960751 -0.067917 -50.805125 0.244995 0.136442 0.959876 23.621168
0.929150 0.255367 -0.267336 165.478349 -0.281887 0.957219 -0.065360 -51.088405 0.239208 0.136087 0.961384 23.874883
0.923624 0.285122 -0.256171 165.468532 -0.311737 0.947643 -0.069226 -51.057474 0.223021 0.143797 0.964149 23.886623
0.924147 0.289247 -0.249576 166.401770 -0.315364 0.946309 -0.071023 -51.328955 0.215633 0.144343 0.965747 24.052094
0.928032 0.287547 -0.236800 167.189230 -0.312375 0.947056 -0.074201 -51.619160 0.202926 0.142831 0.968721 24.216370
0.929510 0.285533 -0.233415 167.976564 -0.310147 0.947661 -0.075813 -51.863990 0.199551 0.142862 0.969417 24.384205
0.928907 0.283865 -0.237809 169.028112 -0.309645 0.947618 -0.078365 -52.191726 0.203107 0.146430 0.968146 24.610842
0.926560 0.279571 -0.251646 170.082149 -0.305469 0.949647 -0.069705 -52.513375 0.219488 0.141456 0.965306 24.832118
0.919800 0.301004 -0.251723 170.109213 -0.327464 0.942282 -0.069803 -52.502484 0.216183 0.146635 0.965279 24.838102
0.919527 0.291742 -0.263355 171.463160 -0.318666 0.945630 -0.065090 -52.982687 0.230047 0.143774 0.962501 25.100795
0.918878 0.289199 -0.268379 172.634272 -0.314945 0.947370 -0.057448 -53.400694 0.237640 0.137313 0.961599 25.385606
0.919783 0.288206 -0.266338 173.809154 -0.313347 0.947967 -0.056325 -53.783435 0.236246 0.135263 0.962233 25.642694
0.919617 0.289047 -0.266001 174.718963 -0.313911 0.947841 -0.055289 -54.076940 0.236146 0.134346 0.962386 25.870661
0.917005 0.291597 -0.272165 175.681169 -0.317218 0.946790 -0.054414 -54.394816 0.241816 0.136233 0.960711 26.086345
0.912661 0.300476 -0.277065 177.111813 -0.326472 0.943782 -0.051881 -54.891849 0.245900 0.137804 0.959450 26.433831
0.907680 0.311247 -0.281500 178.301609 -0.338994 0.939202 -0.054617 -55.319770 0.247386 0.145002 0.958006 26.730777
0.902582 0.323554 -0.284004 179.479145 -0.352202 0.934313 -0.054894 -55.769305 0.247587 0.149573 0.957250 27.046070
0.896876 0.335404 -0.288300 180.438952 -0.365653 0.929022 -0.056704 -56.147486 0.248819 0.156274 0.955860 27.292611
0.889930 0.353679 -0.287987 181.837453 -0.384280 0.921532 -0.055753 -56.766369 0.245670 0.160283 0.956010 27.684564
0.883997 0.368051 -0.288249 182.949703 -0.399118 0.915224 -0.055405 -57.236619 0.243420 0.164023 0.955951 27.962042
0.878913 0.380828 -0.287195 183.775721 -0.412465 0.909211 -0.056642 -57.640244 0.239550 0.168241 0.956196 28.182740
0.876422 0.385386 -0.288725 184.574973 -0.417701 0.906757 -0.057603 -58.052747 0.239604 0.171085 0.955678 28.369477
0.874619 0.390739 -0.286992 185.511970 -0.422528 0.904616 -0.056041 -58.528673 0.237720 0.170276 0.956292 28.596153
0.874563 0.390024 -0.288133 186.378760 -0.422438 0.904547 -0.057797 -58.967388 0.238088 0.172266 0.955845 28.785443
0.874961 0.388133 -0.289475 187.177313 -0.421601 0.904709 -0.061274 -59.363887 0.238108 0.175655 0.955222 28.949773
0.876510 0.385981 -0.287660 187.749386 -0.420378 0.904892 -0.066728 -59.659394 0.234546 0.179414 0.955405 29.105024
0.877507 0.384803 -0.286195 188.438315 -0.420237 0.904528 -0.072316 -59.998539 0.231044 0.183728 0.955439 29.264148
0.877090 0.383155 -0.289666 189.204840 -0.419542 0.904747 -0.073596 -60.373567 0.233876 0.186077 0.954294 29.422952
0.878251 0.377357 -0.293731 189.695250 -0.414883 0.906727 -0.075619 -60.603662 0.237798 0.188276 0.952892 29.525331
0.880552 0.370113 -0.296048 190.448422 -0.407408 0.910260 -0.073789 -60.953172 0.242170 0.185588 0.952319 29.709609
0.880343 0.370679 -0.295962 190.458384 -0.407790 0.910149 -0.073056 -60.958825 0.242289 0.185004 0.952402 29.710809
0.888191 0.351661 -0.295722 191.164336 -0.388796 0.918196 -0.075850 -61.255368 0.244857 0.182345 0.952258 29.878008
0.876588 0.375405 -0.301105 191.194169 -0.410641 0.909737 -0.061252 -61.265655 0.250932 0.177338 0.951622 29.875705
0.886316 0.351709 -0.301237 191.809208 -0.386102 0.920411 -0.061385 -61.549015 0.255673 0.170714 0.951571 30.025804
0.876908 0.372675 -0.303555 191.827924 -0.406212 0.912209 -0.053542 -61.548362 0.256952 0.170259 0.951308 30.026776
0.867413 0.400178 -0.295724 191.828061 -0.435025 0.898398 -0.060286 -61.513153 0.241552 0.180940 0.953369 30.038793
0.865936 0.404001 -0.294854 191.836539 -0.439680 0.895890 -0.063739 -61.507341 0.238406 0.184835 0.953414 30.043969
0.867859 0.397255 -0.298345 191.853391 -0.434271 0.898273 -0.067180 -61.513196 0.241308 0.187866 0.952091 30.047473
0.865377 0.398370 -0.304013 191.884396 -0.437139 0.896721 -0.069287 -61.514294 0.245013 0.192856 0.950145 30.051849
0.881393 0.356724 -0.309668 192.875187 -0.394255 0.916610 -0.066255 -61.977650 0.260210 0.180485 0.948534 30.326244
0.877614 0.359771 -0.316794 192.912474 -0.398350 0.914966 -0.064455 -61.988249 0.266667 0.182762 0.946302 30.328926
0.886224 0.339665 -0.315016 194.184886 -0.378453 0.923011 -0.069457 -62.569614 0.267171 0.180773 0.946541 30.692919
0.888784 0.334053 -0.313801 195.068401 -0.372649 0.925295 -0.070449 -62.977428 0.266824 0.179552 0.946872 30.956610
0.887961 0.335349 -0.314749 196.181397 -0.373885 0.924876 -0.069385 -63.434654 0.267836 0.179291 0.946636 31.280532
0.886447 0.338678 -0.315450 197.045955 -0.377738 0.923243 -0.070255 -63.858362 0.267443 0.181434 0.946338 31.525587
0.879815 0.355211 -0.315832 198.133311 -0.394181 0.916572 -0.067218 -64.326069 0.265606 0.183634 0.946431 31.844378
0.884608 0.342362 -0.316635 198.156465 -0.380708 0.922311 -0.066366 -64.352045 0.269315 0.179253 0.946223 31.847881
0.890688 0.329287 -0.313439 198.156523 -0.366741 0.927881 -0.067359 -64.366026 0.268654 0.174947 0.947216 31.849247
0.893860 0.322960 -0.310983 198.166441 -0.358324 0.931499 -0.062561 -64.386864 0.269476 0.167354 0.948354 31.851384
0.888582 0.340747 -0.307105 199.023613 -0.375683 0.924741 -0.060966 -64.729675 0.263218 0.169548 0.949721 32.111690
0.881888 0.360226 -0.304156 200.112407 -0.395305 0.916545 -0.060665 -65.170467 0.256920 0.173734 0.950689 32.437116
0.884460 0.356898 -0.300589 200.117732 -0.390685 0.918643 -0.058829 -65.183707 0.255138 0.169468 0.951938 32.439591
0.878917 0.372108 -0.298398 201.167312 -0.406320 0.911772 -0.059799 -65.595915 0.249819 0.173803 0.952567 32.735210
0.871542 0.391158 -0.295651 201.170857 -0.425251 0.903173 -0.058653 -65.582873 0.244082 0.176844 0.953494 32.739392
0.866414 0.401266 -0.297175 202.418249 -0.435874 0.898132 -0.058071 -66.159701 0.243601 0.179844 0.953055 33.087199
0.861416 0.412782 -0.295928 203.239432 -0.446373 0.893254 -0.053368 -66.552176 0.242310 0.178066 0.953718 33.323569
0.856145 0.426659 -0.291508 204.243122 -0.461117 0.885419 -0.058353 -67.066976 0.233210 0.184378 0.954787 33.600904
0.847833 0.442328 -0.292445 205.266249 -0.477299 0.876859 -0.057483 -67.535664 0.231007 0.188320 0.954553 33.877759
0.842800 0.454707 -0.287974 206.055922 -0.489636 0.869898 -0.059439 -67.864299 0.223481 0.191098 0.955792 34.102536
0.832813 0.473799 -0.286245 207.141818 -0.509402 0.858340 -0.061333 -68.447789 0.216636 0.196893 0.956191 34.391502
0.820999 0.492965 -0.288004 207.160361 -0.529219 0.846366 -0.059928 -68.436004 0.214215 0.201618 0.955752 34.395692
0.809467 0.513316 -0.285079 208.086839 -0.549602 0.833255 -0.060200 -68.925619 0.206642 0.205410 0.956612 34.625169
0.800165 0.528558 -0.283482 208.782356 -0.565192 0.822668 -0.061445 -69.365064 0.200734 0.209388 0.957007 34.797713
0.786939 0.550948 -0.277820 209.593983 -0.586837 0.807397 -0.061087 -69.785227 0.190655 0.211107 0.958689 35.003825
0.771579 0.576184 -0.269590 210.356050 -0.610512 0.789781 -0.059345 -70.300344 0.178723 0.210377 0.961145 35.194619
0.739755 0.617646 -0.266976 211.254359 -0.651510 0.756664 -0.054715 -70.997902 0.168217 0.214413 0.962149 35.396025
0.710033 0.652948 -0.263654 211.721754 -0.686897 0.724654 -0.055218 -71.302078 0.155003 0.220309 0.963036 35.510322
0.673667 0.691458 -0.260881 212.208244 -0.725494 0.686014 -0.055163 -71.675735 0.140825 0.226429 0.963794 35.616913
0.622500 0.740037 -0.254637 212.797746 -0.773387 0.631514 -0.055332 -72.222241 0.119859 0.231377 0.965453 35.743196
0.548903 0.797090 -0.251701 213.468483 -0.830125 0.555111 -0.052382 -73.117421 0.097968 0.237696 0.966386 35.852525
0.498053 0.828973 -0.254456 213.878342 -0.862632 0.503554 -0.047960 -73.705583 0.088375 0.243388 0.965894 35.912242
0.425439 0.868193 -0.255427 214.332708 -0.901854 0.430195 -0.039900 -74.490348 0.075243 0.247333 0.966005 35.975147
0.336475 0.906759 -0.254112 214.760471 -0.940217 0.338583 -0.036781 -75.465156 0.052686 0.251297 0.966475 36.030418
0.250185 0.932481 -0.260552 215.039494 -0.967789 0.248678 -0.039296 -76.527054 0.028150 0.261990 0.964660 36.047098
0.177022 0.949312 -0.259751 215.287397 -0.984170 0.173034 -0.038330 -77.536102 0.008558 0.262424 0.964915 36.052149
0.166153 0.949682 -0.265514 215.307150 -0.986060 0.162430 -0.036081 -77.543578 0.008862 0.267808 0.963432 36.054401
0.117332 0.956811 -0.265982 215.397277 -0.993083 0.111885 -0.035595 -78.333955 -0.004298 0.268319 0.963321 36.009482
0.066316 0.961157 -0.267917 215.532952 -0.997559 0.057987 -0.038894 -79.247563 -0.021848 0.269842 0.962657 36.035890
0.027612 0.961683 -0.272769 215.632967 -0.999148 0.018179 -0.037050 -79.827577 -0.030671 0.273559 0.961366 36.054298
-0.001612 0.961623 -0.274371 215.680635 -0.999170 -0.012715 -0.038694 -80.611734 -0.040698 0.274080 0.960845 36.052980
-0.036921 0.962358 -0.269267 215.637062 -0.997941 -0.049646 -0.040601 -81.733986 -0.052441 0.267214 0.962209 36.005995
-0.072616 0.961527 -0.264938 215.581128 -0.995456 -0.086279 -0.040284 -82.907048 -0.061593 0.260809 0.963423 35.935240
-0.113684 0.958446 -0.261643 215.488266 -0.990868 -0.128598 -0.040548 -84.131150 -0.072509 0.254644 0.964313 35.848721
-0.151812 0.953938 -0.258758 215.390771 -0.984744 -0.168500 -0.043446 -85.136141 -0.085046 0.248214 0.964965 35.775984
-0.214148 0.942192 -0.257712 215.177563 -0.971427 -0.233060 -0.044850 -86.586707 -0.102320 0.240744 0.965180 35.632907
-0.257181 0.931668 -0.256616 215.005097 -0.959875 -0.277004 -0.043700 -87.554153 -0.111797 0.235081 0.965525 35.539585
-0.299059 0.918584 -0.258392 214.755005 -0.946791 -0.319396 -0.039652 -88.771513 -0.118953 0.232785 0.965226 35.421099
-0.345737 0.903689 -0.252611 214.291922 -0.930549 -0.364812 -0.031476 -90.236211 -0.120600 0.224184 0.967056 35.189436
-0.371232 0.892828 -0.255038 213.962110 -0.919422 -0.391846 -0.033455 -91.172600 -0.129805 0.222068 0.966352 35.059786
-0.397936 0.880936 -0.256122 213.382696 -0.906741 -0.420127 -0.036233 -92.626923 -0.139523 0.217818 0.965965 34.829485
-0.410545 0.875589 -0.254553 212.869654 -0.900981 -0.432484 -0.034510 -93.793435 -0.140307 0.215180 0.966443 34.636641
-0.415733 0.873594 -0.252982 212.298820 -0.899574 -0.435930 -0.027053 -95.004132 -0.133916 0.216329 0.967093 34.405506
-0.414987 0.873763 -0.253620 211.600097 -0.900547 -0.434185 -0.022316 -96.454339 -0.129617 0.219136 0.967047 34.179671
-0.402093 0.877493 -0.261397 210.876991 -0.906057 -0.422451 -0.024403 -97.993320 -0.131841 0.227028 0.964923 33.932250
-0.388918 0.882584 -0.264174 210.470380 -0.911777 -0.409809 -0.026815 -98.910695 -0.131927 0.230439 0.964102 33.807997
-0.359038 0.891765 -0.275402 209.840629 -0.926805 -0.375468 -0.007522 -100.442940 -0.110113 0.252543 0.961300 33.575395
-0.318744 0.904314 -0.283935 209.327427 -0.942475 -0.334215 -0.006436 -101.824660 -0.100715 0.265550 0.958822 33.403869
-0.358467 0.889470 -0.283452 209.350526 -0.926919 -0.375224 -0.005223 -101.863972 -0.111004 0.260864 0.958972 33.407867
-0.295640 0.913442 -0.279681 208.744167 -0.951403 -0.307948 -0.000072 -103.490715 -0.086193 0.266068 0.960093 33.226160
-0.243681 0.927403 -0.283801 208.404139 -0.967142 -0.254237 -0.000374 -104.532608 -0.072500 0.274384 0.958883 33.103110
-0.172138 0.940188 -0.293963 208.044685 -0.983036 -0.183133 -0.010077 -106.202228 -0.063309 0.287242 0.955764 32.998322
-0.121882 0.944641 -0.304629 207.863666 -0.991675 -0.128746 -0.002468 -107.380503 -0.041551 0.301792 0.952468 32.924357
-0.047505 0.949907 -0.308901 207.702592 -0.998683 -0.051167 -0.003760 -109.125174 -0.019377 0.308316 0.951087 32.879832
0.016882 0.951091 -0.308450 207.651022 -0.999855 0.016775 -0.002998 -110.600144 0.002323 0.308456 0.951236 32.871080
0.077465 0.949113 -0.305260 207.713333 -0.996672 0.081509 0.000505 -112.432981 0.025360 0.304205 0.952269 32.897128
0.114367 0.944513 -0.307922 207.814128 -0.992694 0.120652 0.001384 -113.641547 0.038458 0.305514 0.951410 32.934530
0.164428 0.935137 -0.313820 208.069127 -0.984648 0.174507 0.004090 -115.510048 0.058589 0.308330 0.949474 33.006062
0.199471 0.928171 -0.314182 208.413698 -0.977098 0.212643 0.007851 -117.391324 0.074095 0.305420 0.949330 33.131612
0.216385 0.923448 -0.316892 208.745173 -0.972906 0.231030 0.008905 -118.984742 0.081435 0.306379 0.948420 33.236485
0.223632 0.920668 -0.319935 209.018915 -0.971142 0.238395 0.007202 -120.274658 0.082901 0.309092 0.947412 33.327992
0.226721 0.918792 -0.323138 209.581783 -0.969712 0.243897 0.013110 -122.907580 0.090858 0.310379 0.946261 33.500699
0.228021 0.917901 -0.324753 210.016986 -0.969643 0.244331 0.009770 -124.895030 0.088315 0.312666 0.945748 33.648240
0.229199 0.917565 -0.324871 210.379216 -0.969291 0.245706 0.010130 -126.571421 0.089118 0.312573 0.945704 33.779266
0.228374 0.917900 -0.324508 210.671924 -0.969413 0.245177 0.011275 -127.923348 0.089911 0.312007 0.945816 33.859838
0.228451 0.917681 -0.325071 210.954084 -0.969175 0.246008 0.013376 -129.289199 0.092245 0.311995 0.945595 33.977059
0.228974 0.918853 -0.321372 211.323423 -0.969106 0.246268 0.013641 -130.997806 0.091678 0.308320 0.946855 34.089135
0.227028 0.918882 -0.322666 211.615845 -0.969614 0.244273 0.013416 -132.347464 0.091146 0.309816 0.946418 34.199691
0.222247 0.921760 -0.317748 212.013481 -0.970682 0.239789 0.016669 -134.076810 0.091557 0.304728 0.948029 34.328706
0.213895 0.925202 -0.313449 212.363955 -0.972183 0.232967 0.024233 -135.782048 0.095444 0.299546 0.949296 34.476255
0.211359 0.926966 -0.309937 212.638063 -0.972795 0.230279 0.025334 -137.167702 0.094855 0.296150 0.950420 34.601792
0.204173 0.928587 -0.309903 212.990916 -0.974661 0.222375 0.024185 -138.881512 0.091373 0.297112 0.950461 34.744518
0.194592 0.930105 -0.311511 213.406521 -0.976531 0.213587 0.027716 -140.969330 0.092314 0.298807 0.949838 34.911319
0.182943 0.932247 -0.312166 213.668070 -0.978496 0.203432 0.034085 -142.395389 0.095280 0.299218 0.949416 35.025972
0.174693 0.935152 -0.308177 213.906673 -0.980425 0.194079 0.033163 -143.783291 0.090824 0.296351 0.950751 35.166070
0.166962 0.935446 -0.311551 214.249423 -0.983185 0.181666 0.018566 -145.928226 0.073965 0.303213 0.950048 35.334620
0.155046 0.936498 -0.314534 214.450253 -0.984570 0.172628 0.028652 -147.330947 0.081130 0.305239 0.948814 35.408815
