0.999694 0.024654 0.001768 6.843012 -0.024657 0.999694 0.002003 -0.113953 -0.001718 -0.002046 0.999996 0.100136
0.999427 0.033461 0.005005 8.452491 -0.033475 0.999436 0.002721 -0.174413 -0.004911 -0.002887 0.999984 0.124656
0.998878 0.047355 0.000136 10.409869 -0.047356 0.998874 0.003005 -0.268247 0.000007 -0.003008 0.999995 0.155059
0.998082 0.061890 -0.001030 11.972604 -0.061887 0.998079 0.002975 -0.366243 0.001213 -0.002905 0.999995 0.179996
0.996537 0.083097 -0.002797 13.928467 -0.083093 0.996540 0.001676 -0.521827 0.002927 -0.001438 0.999995 0.212152
0.993898 0.110078 -0.007093 16.236731 -0.110065 0.993922 0.002160 -0.761139 0.007288 -0.001366 0.999973 0.251703
0.990399 0.137950 -0.008906 18.131669 -0.137931 0.990438 0.002702 -1.012500 0.009194 -0.001448 0.999957 0.285750
0.987582 0.156534 -0.013386 19.644147 -0.156578 0.987663 -0.002224 -1.247743 0.012873 0.004292 0.999908 0.313920
0.983581 0.180181 -0.010137 21.538416 -0.180217 0.983623 -0.002790 -1.574866 0.009468 0.004571 0.999945 0.350134
0.980006 0.198510 -0.013490 23.042583 -0.198577 0.980078 -0.003849 -1.871913 0.012457 0.006451 0.999902 0.379963
0.974646 0.223212 -0.015569 24.927034 -0.223302 0.974740 -0.004257 -2.284823 0.014226 0.007625 0.999870 0.418504
0.969632 0.243910 -0.017941 26.482870 -0.244031 0.969755 -0.004870 -2.670435 0.016211 0.009100 0.999827 0.451610
0.962929 0.268926 -0.021140 28.321672 -0.269103 0.963093 -0.005980 -3.169871 0.018751 0.011447 0.999759 0.491992
0.957388 0.287799 -0.024068 29.760429 -0.288038 0.957593 -0.007095 -3.591748 0.021005 0.013725 0.999685 0.524482
0.948260 0.316493 -0.025203 31.885776 -0.316762 0.948476 -0.007411 -4.274755 0.021559 0.015011 0.999655 0.574196
0.940625 0.338729 -0.022084 33.579697 -0.338920 0.940799 -0.005450 -4.873938 0.018931 0.012611 0.999741 0.615394
0.934264 0.355580 -0.026724 34.909172 -0.355804 0.934552 -0.003994 -5.375015 0.023555 0.013240 0.999635 0.648614
0.927257 0.373568 -0.025335 36.564299 -0.373794 0.927500 -0.004659 -6.029562 0.021758 0.013790 0.999668 0.690854
0.919563 0.392183 -0.024423 38.242016 -0.392411 0.919775 -0.005158 -6.740777 0.020441 0.014327 0.999688 0.735043
0.911799 0.409879 -0.024948 39.543462 -0.410010 0.912081 -0.000143 -7.318765 0.022696 0.010359 0.999689 0.770076
0.903340 0.428062 -0.027207 40.835564 -0.428187 0.903689 0.001380 -7.925774 0.025177 0.010403 0.999629 0.805812
0.892323 0.450537 -0.027870 42.454269 -0.450667 0.892691 0.001776 -8.725969 0.025679 0.010976 0.999610 0.851722
0.881084 0.472073 -0.028961 44.365841 -0.472258 0.881460 0.000505 -9.724749 0.025767 0.013232 0.999580 0.907486
0.871305 0.490091 -0.025257 45.909667 -0.490256 0.871578 -0.000374 -10.582142 0.021830 0.012708 0.999681 0.953981
0.860941 0.508015 -0.026484 47.405077 -0.508169 0.861257 0.001037 -11.459143 0.023337 0.012566 0.999649 1.000353
0.853149 0.521007 -0.026235 48.573457 -0.521161 0.853458 0.001110 -12.171452 0.022968 0.012726 0.999655 1.037364
0.843577 0.536286 -0.027858 49.997721 -0.536457 0.843926 0.001531 -13.068589 0.024331 0.013653 0.999611 1.083309
0.836408 0.547345 -0.028900 51.085906 -0.547524 0.836788 0.002004 -13.779296 0.025280 0.014147 0.999580 1.119138
0.828781 0.558744 -0.030468 52.137567 -0.558962 0.829191 0.001584 -14.489935 0.026149 0.015718 0.999534 1.154448
0.818860 0.573148 -0.031151 53.397416 -0.573318 0.819323 0.004040 -15.367448 0.027839 0.014551 0.999507 1.197502
0.810284 0.585295 -0.029489 54.386937 -0.585480 0.810682 0.002820 -16.077231 0.025556 0.014980 0.999561 1.231908
0.798987 0.600561 -0.030740 55.536596 -0.600839 0.799370 0.000266 -16.939488 0.024732 0.018258 0.999527 1.272963
0.788693 0.613919 -0.032676 56.629562 -0.614214 0.789139 0.001254 -17.782791 0.026555 0.019081 0.999465 1.312671
0.779883 0.625031 -0.033442 57.479420 -0.625356 0.780339 0.000939 -18.460328 0.026683 0.020181 0.999440 1.344173
0.767923 0.639532 -0.035965 58.634562 -0.639994 0.768378 -0.001782 -19.423298 0.026496 0.024386 0.999351 1.388201
0.759313 0.649557 -0.038973 59.535902 -0.650055 0.759888 -0.000121 -20.193168 0.029537 0.025427 0.999240 1.423086
0.753189 0.656593 -0.039891 60.238160 -0.657169 0.753741 -0.001778 -20.809333 0.028900 0.027554 0.999202 1.450735
0.746277 0.664317 -0.041873 60.889243 -0.664972 0.746865 -0.002347 -21.392812 0.029714 0.029596 0.999120 1.476721
0.737658 0.673832 -0.042548 61.664851 -0.674528 0.738244 -0.002775 -22.098066 0.029541 0.030746 0.999091 1.507969
0.729037 0.683108 -0.043230 62.395345 -0.683817 0.729650 -0.002270 -22.782815 0.029992 0.031216 0.999063 1.537989
0.722690 0.689848 -0.042758 62.928305 -0.690519 0.723313 -0.001305 -23.295989 0.030027 0.030468 0.999085 1.560282
0.715050 0.697780 -0.042506 63.517425 -0.698422 0.715686 -0.000357 -23.875989 0.030172 0.029942 0.999096 1.585291
0.706203 0.706803 -0.041298 64.194179 -0.707409 0.706804 -0.000086 -24.554235 0.029128 0.029275 0.999147 1.614363
0.701078 0.711785 -0.043037 64.601193 -0.712456 0.701716 -0.000379 -24.971689 0.029930 0.030928 0.999073 1.632123
0.694886 0.717876 -0.042273 65.081209 -0.718486 0.695541 0.001103 -25.471634 0.030194 0.029606 0.999106 1.653286
0.688493 0.724313 -0.036700 65.516434 -0.724714 0.689042 0.003300 -25.935187 0.027678 0.024325 0.999321 1.672769
0.679686 0.732410 -0.040037 66.033158 -0.732864 0.680359 0.004618 -26.493975 0.030622 0.026203 0.999188 1.696143
0.672834 0.738742 -0.039442 66.385914 -0.739184 0.673487 0.004700 -26.884032 0.030036 0.025993 0.999211 1.712347
0.659926 0.750410 -0.037175 66.953692 -0.750629 0.660640 0.010526 -27.530411 0.032458 0.020958 0.999253 1.738961
0.648359 0.760436 -0.036982 67.406445 -0.760583 0.649112 0.012916 -28.067360 0.033827 0.019754 0.999232 1.760802
0.638687 0.768523 -0.038098 67.785376 -0.768770 0.639432 0.010888 -28.526907 0.032729 0.022335 0.999215 1.779374
0.628020 0.777246 -0.038457 68.181204 -0.777538 0.628755 0.010074 -29.017782 0.032010 0.023575 0.999209 1.799085
0.618254 0.785099 -0.037156 68.569301 -0.785472 0.618862 0.006649 -29.511782 0.028215 0.025074 0.999287 1.818776
0.604892 0.795298 -0.040075 69.089885 -0.795628 0.605689 0.010837 -30.198324 0.032891 0.025330 0.999138 1.845877
0.593007 0.804188 -0.040287 69.641816 -0.804401 0.593903 0.014750 -30.944722 0.035789 0.023660 0.999079 1.875141
0.580047 0.813130 -0.048622 70.304887 -0.813771 0.581100 0.009970 -31.862721 0.036361 0.033784 0.998768 1.910911
0.569461 0.820953 -0.041832 70.831584 -0.821420 0.570251 0.009132 -32.618803 0.031352 0.029161 0.999083 1.940097
0.560661 0.826915 -0.043263 71.227361 -0.827431 0.561492 0.009209 -33.202184 0.031907 0.030633 0.999021 1.962466
0.553480 0.831635 -0.045198 71.633855 -0.832236 0.554353 0.008699 -33.816228 0.032290 0.032800 0.998940 1.985868
0.545890 0.836736 -0.043328 72.117133 -0.837255 0.546727 0.009638 -34.557291 0.031754 0.031015 0.999014 2.014007
0.540994 0.839818 -0.045074 72.584086 -0.840339 0.541941 0.011383 -35.289501 0.033987 0.031719 0.998919 2.041661
0.539595 0.840686 -0.045643 72.945872 -0.841138 0.540641 0.013935 -35.858530 0.036391 0.030873 0.998861 2.063136
0.539763 0.840689 -0.043562 73.387075 -0.841150 0.540672 0.011838 -36.553607 0.033505 0.030253 0.998981 2.089359
0.540609 0.840269 -0.041113 73.798771 -0.840649 0.541445 0.012093 -37.208663 0.032422 0.028024 0.999081 2.114013
0.541585 0.839612 -0.041681 74.203581 -0.840012 0.542436 0.011930 -37.847621 0.032626 0.028551 0.999060 2.138107
0.544101 0.837848 -0.044321 74.601398 -0.838292 0.545069 0.012862 -38.474084 0.034935 0.030156 0.998935 2.161743
0.548944 0.834804 -0.041986 74.973312 -0.835070 0.549916 0.015857 -39.053592 0.036326 0.026357 0.998992 2.183663
0.558456 0.828463 -0.042149 75.419335 -0.828834 0.559351 0.012691 -39.737512 0.034090 0.027847 0.999031 2.209633
0.568942 0.821422 -0.039629 75.760250 -0.821805 0.569684 0.009883 -40.244605 0.030694 0.026945 0.999166 2.229033
0.591321 0.805596 -0.036815 76.264975 -0.805885 0.591988 0.009957 -40.962456 0.029816 0.023781 0.999272 2.256809
0.607728 0.793341 -0.035720 76.605402 -0.793504 0.608430 0.012812 -41.420985 0.031897 0.020558 0.999280 2.274806
0.622108 0.782225 -0.033242 76.911646 -0.782349 0.622722 0.012112 -41.821612 0.030175 0.018472 0.999374 2.290655
0.634385 0.772390 -0.031137 77.158897 -0.772456 0.634944 0.012521 -42.133139 0.029441 0.016109 0.999437 2.303108
0.647510 0.761542 -0.027997 77.435169 -0.761582 0.647967 0.011511 -42.472742 0.026907 0.013868 0.999542 2.316779
0.653710 0.756273 -0.026732 77.575237 -0.756317 0.654121 0.010546 -42.642185 0.025462 0.013324 0.999587 2.323632
0.659443 0.751285 -0.026570 77.711804 -0.751373 0.659822 0.008544 -42.805954 0.023951 0.014330 0.999610 2.330272
0.664409 0.746864 -0.027452 77.817877 -0.746984 0.664798 0.007689 -42.931191 0.023993 0.015397 0.999594 2.335373
0.668016 0.743646 -0.027293 77.893534 -0.743752 0.668407 0.008066 -43.019424 0.024241 0.014911 0.999595 2.338980
0.670059 0.741803 -0.027392 77.938705 -0.741909 0.670452 0.008072 -43.073055 0.024353 0.014913 0.999592 2.341160
0.670963 0.740982 -0.027474 77.965680 -0.741074 0.671367 0.008645 -43.106513 0.024851 0.014559 0.999585 2.342504
0.670682 0.741179 -0.028965 77.965802 -0.741257 0.671146 0.010064 -43.109076 0.026899 0.014720 0.999530 2.342579
0.671020 0.740857 -0.029368 77.959123 -0.740901 0.671516 0.011489 -43.104381 0.028233 0.014049 0.999503 2.342350
0.671385 0.740517 -0.029604 77.955294 -0.740588 0.671875 0.010628 -43.102205 0.027760 0.014789 0.999505 2.342233
0.671681 0.740229 -0.030085 77.952310 -0.740311 0.672183 0.010510 -43.101653 0.028002 0.015213 0.999492 2.342175
0.671823 0.740129 -0.029364 77.950840 -0.740180 0.672315 0.011252 -43.101895 0.028070 0.014175 0.999505 2.342161
0.671988 0.739963 -0.029786 77.949704 -0.740029 0.672487 0.010903 -43.102568 0.028099 0.014716 0.999497 2.342164
0.672111 0.739864 -0.029467 77.948621 -0.739915 0.672606 0.011265 -43.103131 0.028154 0.014232 0.999502 2.342165
0.672209 0.739764 -0.029726 77.947758 -0.739824 0.672709 0.011079 -43.103800 0.028193 0.014545 0.999497 2.342172
0.672186 0.739794 -0.029501 77.947247 -0.739845 0.672683 0.011271 -43.104299 0.028183 0.014250 0.999501 2.342179
0.672254 0.739732 -0.029502 77.946516 -0.739786 0.672749 0.011180 -43.104693 0.028117 0.014309 0.999502 2.342180
0.672290 0.739701 -0.029482 77.945953 -0.739751 0.672786 0.011282 -43.105302 0.028180 0.014225 0.999502 2.342190
0.672277 0.739711 -0.029515 77.945196 -0.739761 0.672774 0.011348 -43.105751 0.028251 0.014205 0.999500 2.342192
0.672286 0.739696 -0.029676 77.944738 -0.739742 0.672791 0.011535 -43.106140 0.028498 0.014198 0.999493 2.342197
0.672480 0.739526 -0.029550 77.944333 -0.739566 0.672983 0.011683 -43.106420 0.028526 0.013998 0.999495 2.342199
0.672945 0.739102 -0.029563 77.943487 -0.739139 0.673450 0.011793 -43.106488 0.028626 0.013916 0.999493 2.342189
0.673174 0.738915 -0.029012 77.942642 -0.738959 0.673656 0.011261 -43.106556 0.027865 0.013858 0.999516 2.342179
0.673014 0.739057 -0.029109 77.941964 -0.739101 0.673500 0.011319 -43.106840 0.027970 0.013896 0.999512 2.342178
0.672805 0.739242 -0.029235 77.941726 -0.739288 0.673294 0.011334 -43.107335 0.028062 0.013988 0.999508 2.342188
0.672708 0.739330 -0.029225 77.941761 -0.739374 0.673199 0.011410 -43.107826 0.028110 0.013933 0.999508 2.342203
0.672518 0.739500 -0.029300 77.941550 -0.739542 0.673012 0.011511 -43.108266 0.028232 0.013927 0.999504 2.342213
0.672560 0.739449 -0.029636 77.941391 -0.739491 0.673066 0.011644 -43.108596 0.028557 0.014084 0.999493 2.342220
0.672645 0.739368 -0.029743 77.941286 -0.739404 0.673157 0.011902 -43.108816 0.028821 0.013986 0.999487 2.342225
0.673245 0.738830 -0.029524 77.940326 -0.738862 0.673751 0.011955 -43.108558 0.028725 0.013765 0.999493 2.342204
0.673521 0.738593 -0.029168 77.939860 -0.738632 0.674011 0.011506 -43.108402 0.028158 0.013795 0.999508 2.342193
0.674437 0.737738 -0.029600 77.941778 -0.737773 0.674945 0.011854 -43.110609 0.028723 0.013844 0.999492 2.342283
0.676044 0.736261 -0.029743 77.949019 -0.736291 0.676558 0.012034 -43.118078 0.028983 0.013764 0.999485 2.342600
0.678237 0.734241 -0.029753 77.971949 -0.734268 0.678752 0.012101 -43.142487 0.029080 0.013640 0.999484 2.343627
0.680361 0.732286 -0.029420 78.003431 -0.732315 0.680863 0.011819 -43.176145 0.028686 0.013504 0.999497 2.345040
0.683907 0.728991 -0.029039 78.057254 -0.729038 0.684386 0.010911 -43.233185 0.027828 0.013708 0.999519 2.347441
0.685922 0.727112 -0.028630 78.095027 -0.727160 0.686386 0.010628 -43.272909 0.027379 0.013529 0.999534 2.349117
0.687699 0.725445 -0.028287 78.135045 -0.725513 0.688140 0.009669 -43.314725 0.026480 0.013873 0.999553 2.350885
0.688833 0.724364 -0.028401 78.168710 -0.724434 0.689277 0.009637 -43.348348 0.026557 0.013937 0.999550 2.352328
0.689130 0.724079 -0.028432 78.186520 -0.724151 0.689575 0.009596 -43.364817 0.026554 0.013976 0.999550 2.353054
0.689072 0.724120 -0.028818 78.186327 -0.724195 0.689528 0.009685 -43.362964 0.026884 0.014196 0.999538 2.352998
0.689286 0.723909 -0.029009 78.184269 -0.723971 0.689755 0.010218 -43.358795 0.027406 0.013958 0.999527 2.352849
0.689515 0.723689 -0.029026 78.183548 -0.723757 0.689982 0.010044 -43.356350 0.027296 0.014083 0.999528 2.352768
0.689680 0.723534 -0.028990 78.183716 -0.723597 0.690148 0.010193 -43.354874 0.027382 0.013947 0.999528 2.352728
0.689751 0.723463 -0.029071 78.184086 -0.723528 0.690220 0.010137 -43.354104 0.027399 0.014042 0.999526 2.352711
0.689867 0.723358 -0.028932 78.184703 -0.723423 0.690331 0.010071 -43.353385 0.027257 0.013983 0.999531 2.352699
0.690124 0.723098 -0.029296 78.185046 -0.723162 0.690601 0.010294 -43.352670 0.027676 0.014081 0.999518 2.352684
0.690366 0.722862 -0.029419 78.185443 -0.722921 0.690850 0.010522 -43.351845 0.027930 0.014004 0.999512 2.352666
0.690992 0.722250 -0.029769 78.185346 -0.722311 0.691487 0.010613 -43.350919 0.028250 0.014169 0.999500 2.352638
0.692126 0.721113 -0.030940 78.191216 -0.721154 0.692673 0.011833 -43.356173 0.029964 0.014123 0.999451 2.352872
0.695839 0.717508 -0.031471 78.233601 -0.717547 0.696406 0.012038 -43.399261 0.030554 0.014206 0.999432 2.354710
0.702259 0.711187 -0.032338 78.324811 -0.711246 0.702847 0.011655 -43.492319 0.031017 0.014815 0.999409 2.358676
0.710048 0.703352 -0.033581 78.446441 -0.703427 0.710674 0.011544 -43.613923 0.031985 0.015425 0.999369 2.363892
0.730564 0.681815 -0.037473 78.764778 -0.682077 0.731244 0.007282 -43.922342 0.032367 0.020239 0.999271 2.377263
0.746421 0.664394 -0.037885 79.028021 -0.664755 0.747051 0.003946 -44.163973 0.030923 0.022239 0.999274 2.387933
0.776402 0.629226 -0.035698 79.510671 -0.629569 0.776942 0.002041 -44.581248 0.029019 0.020890 0.999361 2.406758
0.800372 0.598434 -0.035782 79.925568 -0.598825 0.800880 -0.000261 -44.913001 0.028501 0.021636 0.999360 2.422166
0.829809 0.556911 -0.035601 80.493750 -0.557370 0.830256 -0.003721 -45.325844 0.027485 0.022931 0.999359 2.442074
0.851577 0.522856 -0.037918 81.008152 -0.523504 0.851975 -0.009064 -45.666912 0.027566 0.027568 0.999240 2.459157
0.877752 0.477425 -0.040202 81.746001 -0.478215 0.878154 -0.012468 -46.107044 0.029351 0.030169 0.999114 2.482251
0.899066 0.436130 -0.038363 82.554236 -0.436615 0.899635 -0.004896 -46.535948 0.032377 0.021151 0.999252 2.506019
0.916351 0.398981 -0.033400 83.653027 -0.399361 0.916779 -0.005302 -47.056125 0.028505 0.018197 0.999428 2.536522
0.923582 0.382319 -0.028798 84.437436 -0.382616 0.923892 -0.005415 -47.396562 0.024536 0.016019 0.999571 2.557410
0.931391 0.362670 -0.031314 86.149249 -0.362533 0.931916 0.010158 -48.104446 0.032866 0.001891 0.999458 2.601985
0.934577 0.355198 -0.020029 87.542970 -0.354765 0.934691 0.022242 -48.658902 0.026621 -0.013681 0.999552 2.637649
0.934675 0.355201 -0.014684 88.529951 -0.354660 0.934504 0.030307 -49.050003 0.024487 -0.023119 0.999433 2.662860
0.934306 0.355471 -0.026713 90.059739 -0.353876 0.933921 0.050634 -49.649261 0.042947 -0.037855 0.998360 2.701737
0.934992 0.353550 -0.028139 91.385193 -0.351568 0.934365 0.057975 -50.163774 0.046789 -0.044313 0.997921 2.735286
0.935931 0.351028 -0.028493 92.465748 -0.349072 0.935353 0.057132 -50.577657 0.046706 -0.043525 0.997960 2.762476
0.939684 0.339726 -0.039755 93.837992 -0.337260 0.939633 0.057847 -51.088907 0.057007 -0.040950 0.997534 2.796594
0.947089 0.315790 -0.057441 95.493979 -0.313024 0.948305 0.052289 -51.672928 0.070984 -0.031542 0.996979 2.836819
0.958190 0.276300 -0.074362 96.922082 -0.274085 0.960926 0.038701 -52.118662 0.082149 -0.016702 0.996480 2.869844
0.968316 0.237686 -0.076613 98.101237 -0.236888 0.971342 0.019476 -52.442329 0.079046 -0.000710 0.996871 2.895837
0.979092 0.192869 -0.064657 99.292773 -0.192868 0.981204 0.006319 -52.718261 0.064661 0.006284 0.997888 2.920634
0.988588 0.138416 -0.059450 100.799845 -0.138844 0.990309 -0.003097 -52.995178 0.058445 0.011316 0.998226 2.949925
0.994357 0.093441 -0.050227 102.021807 -0.094084 0.995508 -0.010586 -53.148645 0.049013 0.015252 0.998682 2.971632
0.998390 0.039998 -0.040230 103.560015 -0.040439 0.999130 -0.010200 -53.270066 0.039787 0.011811 0.999138 2.996895
0.999221 -0.007577 -0.038741 105.122236 0.007057 0.999883 -0.013557 -53.317861 0.038839 0.013273 0.999157 3.020381
0.998657 -0.039033 -0.034078 106.405666 0.038474 0.999116 -0.016916 -53.303993 0.034708 0.015582 0.999276 3.038150
0.997016 -0.070153 -0.032226 108.065135 0.069516 0.997370 -0.020492 -53.234524 0.033579 0.018191 0.999271 3.059642
0.995436 -0.089712 -0.032556 109.401859 0.089065 0.995808 -0.020821 -53.141319 0.034287 0.017826 0.999253 3.075885
0.993010 -0.110880 -0.040466 111.441601 0.110192 0.993731 -0.018857 -52.958985 0.042303 0.014266 0.999003 3.099516
0.991837 -0.118066 -0.048173 113.188779 0.117558 0.992977 -0.013264 -52.781956 0.049400 0.007493 0.998751 3.119159
0.992147 -0.120329 -0.034126 114.579959 0.120187 0.992732 -0.006210 -52.629534 0.034625 0.002060 0.999398 3.134470
0.991841 -0.122184 -0.036371 116.307407 0.122281 0.992495 0.000432 -52.438905 0.036045 -0.004876 0.999338 3.153443
0.991618 -0.122152 -0.042093 118.029372 0.122392 0.992477 0.003172 -52.245035 0.041389 -0.008298 0.999109 3.172245
0.991464 -0.122584 -0.044414 119.466644 0.122857 0.992418 0.003462 -52.076154 0.043653 -0.008889 0.999007 3.187736
0.992080 -0.116934 -0.045858 121.246186 0.117182 0.993107 0.002749 -51.870662 0.045220 -0.008101 0.998944 3.207019
0.995363 -0.077256 -0.057315 125.596664 0.077525 0.996987 0.002493 -51.462180 0.056949 -0.006925 0.998353 3.256858
0.996117 -0.061312 -0.063184 127.027054 0.061565 0.998101 0.002068 -51.366213 0.062937 -0.005950 0.998000 3.274347
0.997273 -0.044147 -0.059138 128.852817 0.044601 0.998984 0.006387 -51.267383 0.058796 -0.009007 0.998229 3.297350
0.997706 -0.030876 -0.060250 130.293820 0.031341 0.999486 0.006788 -51.218072 0.060009 -0.008661 0.998160 3.316330
0.997521 -0.015467 -0.068649 132.131077 0.016049 0.999840 0.007931 -51.183783 0.068515 -0.009013 0.997609 3.341350
0.998001 -0.003170 -0.063116 133.613031 0.003472 0.999983 0.004677 -51.174909 0.063100 -0.004886 0.997995 3.362072
0.997783 0.015750 -0.064667 136.176528 -0.015323 0.999857 0.007084 -51.206005 0.064769 -0.006078 0.997882 3.399251
0.997705 0.024992 -0.062936 137.622371 -0.024460 0.999658 0.009203 -51.239025 0.063145 -0.007642 0.997975 3.420666
0.997102 0.033973 -0.068069 139.423407 -0.033177 0.999368 0.012783 -51.295314 0.068461 -0.010487 0.997599 3.447777
0.996769 0.042559 -0.068116 140.863751 -0.041778 0.999044 0.012853 -51.358931 0.068598 -0.009965 0.997595 3.469993
0.996127 0.058410 -0.065721 142.956386 -0.057354 0.998194 0.017843 -51.477277 0.066645 -0.014005 0.997678 3.503015
0.994792 0.075391 -0.068600 144.646044 -0.074290 0.997066 0.018466 -51.595718 0.069790 -0.013274 0.997473 3.530336
0.992677 0.097491 -0.071324 146.624736 -0.095811 0.995044 0.026618 -51.783243 0.073565 -0.019590 0.997098 3.563734
0.990424 0.117427 -0.072610 148.789626 -0.115481 0.992843 0.030450 -52.037467 0.075666 -0.021773 0.996895 3.601684
0.989322 0.130796 -0.064293 150.231392 -0.128848 0.991095 0.033584 -52.229969 0.068113 -0.024941 0.997366 3.627624
0.988273 0.138060 -0.065243 151.349264 -0.136436 0.990232 0.028750 -52.388165 0.068575 -0.019512 0.997455 3.647994
0.986069 0.150378 -0.071097 152.707852 -0.148777 0.988493 0.027335 -52.594284 0.074390 -0.016377 0.997095 3.673149
0.984331 0.161462 -0.070872 153.968091 -0.160051 0.986787 0.025187 -52.802202 0.074002 -0.013449 0.997167 3.696963
0.982750 0.170751 -0.071039 155.121348 -0.169552 0.985262 0.022620 -53.007911 0.073854 -0.010185 0.997217 3.719199
0.981697 0.176439 -0.071693 156.018824 -0.175240 0.984263 0.022731 -53.172816 0.074576 -0.009752 0.997168 3.736642
0.980227 0.184559 -0.071373 157.096110 -0.183277 0.982764 0.024162 -53.379965 0.074602 -0.010604 0.997157 3.757845
0.978307 0.192529 -0.076469 158.108351 -0.191157 0.981242 0.024945 -53.583847 0.079837 -0.009786 0.996760 3.778033
0.976564 0.198708 -0.082692 159.086727 -0.197095 0.980004 0.027318 -53.788329 0.086467 -0.010380 0.996201 3.797758
0.975349 0.203958 -0.084237 159.859395 -0.202823 0.978970 0.021901 -53.950930 0.086933 -0.004276 0.996205 3.813368
0.974383 0.207863 -0.085854 160.665623 -0.206870 0.978156 0.020396 -54.124834 0.088218 -0.002113 0.996099 3.829779
0.971971 0.216285 -0.092159 161.851944 -0.214741 0.976312 0.026471 -54.388517 0.095701 -0.005939 0.995392 3.854149
0.969335 0.226152 -0.096154 163.052397 -0.225057 0.974092 0.022223 -54.665615 0.098689 0.000099 0.995118 3.879105
0.967287 0.235604 -0.094052 163.860947 -0.234213 0.971845 0.025730 -54.863987 0.097466 -0.002860 0.995235 3.896251
0.965428 0.245274 -0.088259 164.873164 -0.243396 0.969412 0.031614 -55.122009 0.093313 -0.009039 0.995596 3.917995
0.962897 0.252633 -0.094897 165.641351 -0.250690 0.967536 0.032065 -55.322666 0.099917 -0.007085 0.994971 3.934636
0.959548 0.265267 -0.094341 166.787885 -0.262938 0.964120 0.036544 -55.639272 0.100650 -0.010260 0.994869 3.959964
0.956100 0.276555 -0.096903 167.890473 -0.273485 0.960873 0.043917 -55.959422 0.105256 -0.015488 0.994324 3.984772
0.955237 0.282074 -0.089195 168.614567 -0.279272 0.959261 0.042737 -56.175196 0.097616 -0.015914 0.995097 4.001223
0.953357 0.289377 -0.085854 169.516676 -0.286247 0.957001 0.047039 -56.451034 0.095774 -0.020270 0.995197 4.021920
0.950450 0.294903 -0.098374 170.402922 -0.290794 0.955255 0.054105 -56.728328 0.109928 -0.022818 0.993678 4.042434
0.947108 0.300087 -0.113725 171.286209 -0.295109 0.953657 0.058734 -57.006706 0.126079 -0.022066 0.991775 4.062938
0.944112 0.311640 -0.107392 172.346142 -0.306891 0.949936 0.058645 -57.353629 0.120292 -0.022409 0.992486 4.087912
0.943313 0.318805 -0.092325 173.027316 -0.315087 0.947595 0.052771 -57.580954 0.104311 -0.020689 0.994330 4.104087
0.943432 0.321694 -0.080300 173.929377 -0.318666 0.946631 0.048396 -57.886755 0.091583 -0.020069 0.995595 4.125645
0.945678 0.318772 -0.063851 174.677759 -0.316606 0.947634 0.041837 -58.142143 0.073844 -0.019348 0.997082 4.143578
0.947720 0.313799 -0.057943 175.443807 -0.311959 0.949307 0.038698 -58.399648 0.067149 -0.018599 0.997570 4.161822
0.949607 0.307645 -0.060011 176.457502 -0.305888 0.951357 0.036777 -58.737982 0.068406 -0.016567 0.997520 4.185895
0.951033 0.299833 -0.075075 177.528561 -0.296908 0.953712 0.047748 -59.089365 0.085916 -0.023119 0.996034 4.211154
0.953075 0.292073 -0.079627 178.444766 -0.288998 0.956126 0.048000 -59.379821 0.090153 -0.022735 0.995668 4.232471
0.955217 0.281527 -0.091125 179.807079 -0.277881 0.959274 0.050753 -59.795668 0.101702 -0.023158 0.994545 4.263706
0.956578 0.275442 -0.095347 180.986338 -0.271563 0.961027 0.051772 -60.143347 0.105891 -0.023631 0.994097 4.290391
0.958196 0.272195 -0.088152 182.179375 -0.268719 0.961952 0.049380 -60.485455 0.098239 -0.023628 0.994882 4.317110
0.958003 0.273260 -0.086945 183.167408 -0.269762 0.961631 0.049946 -60.767880 0.097257 -0.024394 0.994960 4.339213
0.956536 0.277256 -0.090381 184.142210 -0.273603 0.960499 0.050822 -61.050790 0.100902 -0.023885 0.994610 4.361142
0.953791 0.286054 -0.091951 185.618460 -0.282166 0.957895 0.053096 -61.489310 0.103268 -0.024697 0.994347 4.394641
0.950994 0.295150 -0.092177 186.838643 -0.291428 0.955188 0.051824 -61.858324 0.103342 -0.022421 0.994393 4.422519
0.946874 0.308752 -0.090012 188.048350 -0.305119 0.950893 0.052013 -62.246882 0.101651 -0.021785 0.994582 4.450809
0.943188 0.321032 -0.085649 189.026178 -0.317416 0.946787 0.053312 -62.573076 0.098206 -0.023097 0.994898 4.474025
0.937387 0.338209 -0.083193 190.481320 -0.334755 0.940821 0.052874 -63.084248 0.096152 -0.021714 0.995130 4.509314
0.932610 0.352155 -0.078906 191.657512 -0.348501 0.935602 0.056538 -63.516623 0.093735 -0.025229 0.995278 4.538390
0.928815 0.362196 -0.078205 192.575493 -0.358641 0.931793 0.056016 -63.871559 0.093160 -0.023981 0.995362 4.561585
0.926064 0.368675 -0.080523 193.456872 -0.365289 0.929332 0.053906 -64.223208 0.094706 -0.020506 0.995294 4.584167
0.924427 0.373030 -0.079264 194.514588 -0.369484 0.927546 0.056035 -64.646300 0.094423 -0.022514 0.995278 4.611299
0.924092 0.373789 -0.079592 195.477341 -0.370305 0.927261 0.055334 -65.038228 0.094486 -0.021661 0.995291 4.636191
0.923515 0.375143 -0.079928 196.333509 -0.371636 0.926716 0.055544 -65.388809 0.094908 -0.021592 0.995252 4.658385
0.923895 0.374807 -0.077052 196.982510 -0.371270 0.926801 0.056554 -65.651525 0.092608 -0.023643 0.995422 4.675123
0.923113 0.377113 -0.075150 197.754762 -0.373529 0.925826 0.057639 -65.972184 0.091312 -0.025137 0.995505 4.695270
0.923729 0.375696 -0.074681 198.579466 -0.372119 0.926393 0.057643 -66.307662 0.090840 -0.025457 0.995540 4.716585
0.924589 0.373279 -0.076137 199.084509 -0.369583 0.927357 0.058458 -66.514952 0.092427 -0.025911 0.995382 4.729692
0.927666 0.365326 -0.077278 199.836355 -0.361410 0.930460 0.060226 -66.817219 0.093906 -0.027941 0.995189 4.749021
0.930116 0.358553 -0.079522 200.346701 -0.354728 0.933144 0.058391 -67.017984 0.095142 -0.026102 0.995121 4.762015
0.936780 0.341538 -0.076122 201.058932 -0.338216 0.939556 0.053334 -67.284923 0.089737 -0.024217 0.995671 4.779769
0.945605 0.316564 -0.074957 201.808085 -0.313514 0.948279 0.049768 -67.549413 0.086835 -0.023561 0.995944 4.797974
0.953986 0.291135 -0.071766 202.442463 -0.288401 0.956398 0.046120 -67.755223 0.082064 -0.023301 0.996355 4.812869
0.965746 0.250140 -0.069028 203.302656 -0.247698 0.967924 0.042065 -68.002210 0.077336 -0.023526 0.996728 4.832143
0.979073 0.195105 -0.057886 204.423835 -0.193328 0.980513 0.034916 -68.265084 0.063570 -0.022995 0.997712 4.855569
0.986144 0.157511 -0.052062 205.218341 -0.156156 0.987302 0.029165 -68.412107 0.055994 -0.020631 0.998218 4.871040
0.992789 0.106512 -0.054999 206.262738 -0.105517 0.994202 0.020707 -68.562043 0.056885 -0.014754 0.998272 4.890133
0.996015 0.063864 -0.062256 207.144564 -0.063146 0.997914 0.013435 -68.644573 0.062984 -0.009450 0.997970 4.904987
0.997391 0.013627 -0.070896 208.269096 -0.012726 0.999833 0.013143 -68.696512 0.071063 -0.012206 0.997397 4.922397
0.997071 -0.019829 -0.073866 209.456457 0.020706 0.999724 0.011128 -68.704491 0.073624 -0.012625 0.997206 4.939433
0.996820 -0.040310 -0.068736 210.884337 0.040807 0.999150 0.005837 -68.669526 0.068442 -0.008624 0.997618 4.958640
0.996822 -0.044954 -0.065771 211.895867 0.045342 0.998962 0.004428 -68.636562 0.065504 -0.007396 0.997825 4.972010
0.996930 -0.044315 -0.064554 213.148588 0.044730 0.998987 0.004991 -68.591369 0.064268 -0.007863 0.997902 4.988443
0.997056 -0.040963 -0.064814 214.139758 0.041160 0.999151 0.001699 -68.555131 0.064690 -0.004361 0.997896 5.001432
0.997532 -0.024254 -0.065897 215.382456 0.024583 0.999689 0.004182 -68.523471 0.065775 -0.005792 0.997818 5.018112
0.997817 -0.002819 -0.065982 216.384387 0.003143 0.999983 0.004815 -68.517239 0.065968 -0.005012 0.997809 5.032115
0.997792 0.022327 -0.062553 217.626382 -0.022209 0.999750 0.002582 -68.540002 0.062595 -0.001187 0.998038 5.050349
0.997202 0.042466 -0.061523 218.598242 -0.042081 0.999086 0.007542 -68.572676 0.061787 -0.004932 0.998077 5.065045
0.996384 0.060973 -0.059167 219.581792 -0.060399 0.998109 0.011449 -68.626664 0.059753 -0.007834 0.998182 5.080518
0.994643 0.086452 -0.056673 220.819758 -0.085678 0.996195 0.015950 -68.721477 0.057836 -0.011009 0.998265 5.100766
0.992321 0.109869 -0.056821 222.071221 -0.108837 0.993839 0.020959 -68.850183 0.058774 -0.014614 0.998164 5.122180
0.990448 0.127259 -0.053080 223.314018 -0.126153 0.991727 0.023712 -69.007626 0.055658 -0.016789 0.998309 5.144296
0.989116 0.139097 -0.047976 224.295054 -0.138008 0.990107 0.025327 -69.150231 0.051024 -0.018430 0.998527 5.162281
0.987457 0.149713 -0.050149 225.702320 -0.148518 0.988547 0.026790 -69.362116 0.053585 -0.019006 0.998382 5.188290
0.985452 0.163052 -0.047937 226.657221 -0.161484 0.986256 0.034969 -69.521350 0.052980 -0.026719 0.998238 5.206383
0.983024 0.178578 -0.042119 227.810875 -0.177410 0.983678 0.030052 -69.724542 0.046799 -0.022070 0.998661 5.228553
0.979479 0.196890 -0.043081 228.952960 -0.195480 0.980089 0.034834 -69.950678 0.049082 -0.025698 0.998464 5.251218
0.976853 0.210111 -0.040146 229.853796 -0.208805 0.977353 0.034373 -70.141835 0.046459 -0.025195 0.998602 5.269463
0.972541 0.229535 -0.038451 231.129656 -0.228336 0.973017 0.033160 -70.437260 0.045025 -0.023470 0.998710 5.296014
0.968393 0.246570 -0.037666 231.951503 -0.245349 0.968830 0.034239 -70.646278 0.044934 -0.023915 0.998704 5.313654
0.961537 0.272428 -0.035072 233.082412 -0.271266 0.961884 0.034563 -70.962152 0.043151 -0.023720 0.998787 5.338740
0.955984 0.291289 -0.035283 233.955493 -0.290105 0.956351 0.035105 -71.228524 0.043969 -0.023324 0.998761 5.358754
0.949105 0.313504 -0.030240 234.963856 -0.312342 0.949222 0.037679 -71.559358 0.040517 -0.026316 0.998832 5.382536
0.941041 0.337512 -0.022939 235.873348 -0.336319 0.940714 0.044121 -71.881248 0.036471 -0.033804 0.998763 5.404661
0.921911 0.387000 -0.017625 236.909906 -0.385725 0.921200 0.051064 -72.293710 0.035998 -0.040278 0.998540 5.431188
0.905426 0.424294 -0.013392 237.471734 -0.423059 0.904494 0.053963 -72.546804 0.035009 -0.043194 0.998453 5.446414
0.882927 0.469403 -0.010005 238.102178 -0.468214 0.881873 0.055450 -72.868978 0.034851 -0.044274 0.998411 5.464598
0.846843 0.531842 -0.000906 238.909858 -0.530875 0.845403 0.058863 -73.337349 0.032072 -0.049367 0.998266 5.489492
0.793444 0.608577 0.008945 239.875852 -0.607883 0.791634 0.061592 -74.000302 0.030402 -0.054307 0.998061 5.522219
0.753329 0.657630 0.004282 240.459659 -0.656422 0.751517 0.065813 -74.492193 0.040063 -0.052390 0.997823 5.544620
0.698477 0.715632 0.000476 241.139227 -0.713781 0.696623 0.072333 -75.139231 0.051432 -0.050863 0.997380 5.572836
0.624985 0.780636 0.001418 241.874171 -0.778517 0.623152 0.074789 -75.968534 0.057499 -0.047845 0.997198 5.607073
0.545980 0.837771 -0.006793 242.507023 -0.835802 0.545221 0.064573 -76.842921 0.057801 -0.029578 0.997890 5.641162
0.477201 0.878725 -0.011014 243.045580 -0.876635 0.476869 0.064090 -77.751243 0.061570 -0.020929 0.997883 5.674891
0.426736 0.904191 -0.018284 243.441609 -0.902125 0.427013 0.061894 -78.535240 0.063772 -0.009918 0.997915 5.703029
0.383149 0.923432 -0.021672 243.737524 -0.921540 0.383752 0.059140 -79.196251 0.062928 -0.002687 0.998014 5.726216
0.330450 0.943607 -0.020204 244.087156 -0.941983 0.331066 0.055339 -80.109465 0.058907 0.000745 0.998263 5.757412
0.295822 0.955017 -0.020776 244.346688 -0.953717 0.296508 0.050075 -80.887307 0.053983 0.005001 0.998529 5.783441
0.265406 0.963920 -0.020435 244.592487 -0.962555 0.266125 0.051624 -81.704992 0.055200 0.005969 0.998457 5.810421
0.231939 0.972635 -0.013583 244.875046 -0.971304 0.232333 0.050900 -82.779737 0.052663 0.001388 0.998611 5.845310
0.196869 0.980399 -0.007719 245.128185 -0.979062 0.197004 0.051248 -83.914007 0.051764 -0.002531 0.998656 5.881493
0.156348 0.987701 -0.001526 245.349046 -0.986364 0.156217 0.051798 -85.117124 0.051400 -0.006593 0.998656 5.919198
0.117025 0.993109 0.006361 245.489546 -0.992086 0.116606 0.046574 -86.104322 0.045511 -0.011761 0.998895 5.949559
0.053281 0.998555 0.006959 245.625910 -0.997659 0.052931 0.043296 -87.612838 0.042865 -0.009249 0.999038 5.994845
0.010213 0.999904 0.009393 245.664178 -0.998906 0.009774 0.045728 -88.641466 0.045632 -0.009849 0.998910 6.024951
-0.037322 0.999281 0.006737 245.646942 -0.997996 -0.037617 0.050883 -89.907844 0.051099 -0.004825 0.998682 6.061104
-0.086975 0.996183 0.007409 245.555032 -0.994488 -0.087260 0.058140 -91.458616 0.058564 -0.002311 0.998281 6.104373
-0.115270 0.993319 0.005415 245.450292 -0.991637 -0.115390 0.057797 -92.513229 0.058036 0.001292 0.998314 6.133201
-0.146771 0.989169 0.001516 245.242674 -0.987836 -0.146653 0.051693 -94.085017 0.051356 0.006090 0.998662 6.175437
-0.161029 0.986949 0.000580 245.034394 -0.985554 -0.160833 0.053074 -95.430000 0.052475 0.007975 0.998590 6.211144
-0.166077 0.986109 -0.002730 244.797227 -0.984438 -0.165633 0.058716 -96.840719 0.057448 0.012439 0.998271 6.248333
-0.163324 0.986557 -0.005609 244.524508 -0.984428 -0.162592 0.066817 -98.476972 0.065007 0.016435 0.997749 6.291500
-0.150361 0.988509 -0.015559 244.258315 -0.986959 -0.149173 0.060498 -100.165566 0.057482 0.024452 0.998047 6.336263
-0.136367 0.990488 -0.018391 244.094704 -0.989212 -0.135142 0.056535 -101.288581 0.053512 0.025902 0.998231 6.366224
-0.102830 0.994054 -0.035801 243.874361 -0.992492 -0.100139 0.070224 -103.007983 0.066222 0.042753 0.996889 6.412522
-0.059618 0.997265 -0.043682 243.753399 -0.996021 -0.056526 0.068900 -104.408484 0.066242 0.047616 0.996667 6.451061
-0.014107 0.998562 -0.051718 243.705062 -0.997526 -0.010491 0.069516 -105.555896 0.068873 0.052570 0.996239 6.483355
0.057127 0.997045 -0.051350 243.725057 -0.995542 0.060757 0.072148 -107.300905 0.075055 0.046999 0.996071 6.533791
0.107275 0.992775 -0.053766 243.810797 -0.991379 0.110903 0.069770 -108.453311 0.075228 0.045818 0.996113 6.568126
0.184132 0.981288 -0.056295 244.026980 -0.980962 0.187063 0.052162 -110.134367 0.061717 0.045619 0.997051 6.619501
0.234921 0.969717 -0.066784 244.253437 -0.969753 0.238505 0.051913 -111.248654 0.066270 0.052569 0.996416 6.654732
0.314715 0.946768 -0.067709 244.721537 -0.946943 0.318073 0.046132 -112.966156 0.065213 0.049598 0.996638 6.710720
0.378034 0.923468 -0.065558 245.221715 -0.923170 0.381342 0.048326 -114.374080 0.069627 0.042252 0.996678 6.758265
0.438435 0.896789 -0.059542 245.927689 -0.895900 0.441362 0.050631 -116.020901 0.071685 0.031145 0.996941 6.815589
0.472699 0.879139 -0.060589 246.460011 -0.878119 0.475685 0.051290 -117.107840 0.073912 0.028959 0.996844 6.854363
0.518788 0.852540 -0.063523 247.376899 -0.851452 0.521935 0.051129 -118.769935 0.076744 0.027562 0.996670 6.915111
0.551393 0.831889 -0.062665 248.392393 -0.830413 0.554501 0.054245 -120.424060 0.079874 0.022128 0.996559 6.977026
0.566808 0.821295 -0.064834 249.278965 -0.819916 0.570033 0.052913 -121.771741 0.080415 0.023167 0.996492 7.028309
0.572946 0.816830 -0.067239 250.024511 -0.815617 0.576316 0.051280 -122.868022 0.080638 0.025461 0.996418 7.070370
0.575587 0.814520 -0.072509 251.529580 -0.813335 0.579423 0.052498 -125.064179 0.084774 0.028757 0.995985 7.154794
0.574512 0.815417 -0.070928 252.710115 -0.814550 0.578090 0.048167 -126.774374 0.080279 0.030102 0.996318 7.220656
0.575389 0.814675 -0.072338 253.685019 -0.814039 0.579004 0.045763 -128.174337 0.079166 0.032555 0.996330 7.274692
0.574728 0.815177 -0.071928 254.476415 -0.814504 0.578323 0.046117 -129.318890 0.079191 0.032081 0.996343 7.318789
0.574524 0.815341 -0.071702 255.281107 -0.814749 0.578065 0.045001 -130.477473 0.078139 0.032565 0.996410 7.363478
0.573237 0.816505 -0.068694 256.284347 -0.816053 0.576451 0.041976 -131.919331 0.073872 0.031996 0.996754 7.419119
0.571725 0.817685 -0.067247 257.073272 -0.817395 0.574744 0.039171 -133.057757 0.070679 0.032572 0.996967 7.463005
0.569080 0.819984 -0.061434 258.062659 -0.819195 0.571827 0.043971 -134.491815 0.071185 0.025304 0.997142 7.518226
0.564843 0.823137 -0.058298 259.072172 -0.821879 0.567495 0.049641 -135.961188 0.073946 0.019875 0.997064 7.574746
0.560576 0.826318 -0.054334 259.868931 -0.824880 0.562974 0.051317 -137.143039 0.072993 0.016052 0.997203 7.619992
0.556732 0.829043 -0.052325 260.844645 -0.827699 0.558967 0.049702 -138.599912 0.070453 0.015638 0.997392 7.675675
0.549036 0.834016 -0.054564 262.011048 -0.832601 0.551474 0.051504 -140.376697 0.073046 0.017152 0.997181 7.743251
0.539589 0.839825 -0.059472 262.787809 -0.838014 0.542543 0.058136 -141.590578 0.081090 0.018469 0.996536 7.789134
0.532640 0.844459 -0.056426 263.546766 -0.842675 0.535352 0.057419 -142.793612 0.078696 0.016966 0.996754 7.834453
0.521920 0.851351 -0.052930 264.661440 -0.850727 0.524051 0.040426 -144.613798 0.062155 0.023930 0.997780 7.902545
0.513919 0.855779 -0.059409 265.402683 -0.854844 0.516677 0.047820 -145.860450 0.071619 0.026210 0.997088 7.948866
