0.999986 0.003559 0.003829 1.157942 -0.003540 0.999982 -0.004845 0.030464 -0.003846 0.004832 0.999981 -0.006922
0.999883 0.014660 0.004333 3.007665 -0.014637 0.999879 -0.005225 -0.062066 -0.004409 0.005161 0.999977 -0.037230
0.999705 0.023066 0.007578 5.295991 -0.023029 0.999723 -0.004841 -0.204679 -0.007687 0.004665 0.999960 -0.067203
0.999660 0.023817 0.010576 7.031395 -0.023770 0.999707 -0.004571 -0.349730 -0.010681 0.004319 0.999934 -0.108812
0.999643 0.024186 0.011363 8.471765 -0.024140 0.999700 -0.004233 -0.434956 -0.011462 0.003957 0.999926 -0.134709
0.999639 0.023846 0.012354 9.935336 -0.023806 0.999711 -0.003391 -0.535211 -0.012432 0.003095 0.999918 -0.170049
0.999564 0.025875 0.014193 11.874353 -0.025854 0.999664 -0.001657 -0.593993 -0.014231 0.001289 0.999898 -0.199945
0.999579 0.026442 0.011920 13.805813 -0.026437 0.999650 -0.000624 -0.710895 -0.011932 0.000308 0.999929 -0.239982
0.999460 0.026078 0.019976 15.336689 -0.026101 0.999659 0.000871 -0.792705 -0.019947 -0.001392 0.999800 -0.278104
0.999524 0.029314 0.009666 17.283338 -0.029338 0.999567 0.002344 -0.868990 -0.009593 -0.002627 0.999951 -0.315929
0.999502 0.031148 0.005041 18.862150 -0.031161 0.999511 0.002422 -0.954791 -0.004963 -0.002578 0.999984 -0.340044
0.999083 0.038953 0.017794 21.472988 -0.038921 0.999240 -0.002088 -1.087551 -0.017861 0.001393 0.999840 -0.369900
0.998905 0.044164 0.015435 23.324298 -0.044095 0.999016 -0.004797 -1.197281 -0.015631 0.004112 0.999869 -0.416607
0.998454 0.052646 0.017837 25.510643 -0.052529 0.998595 -0.006954 -1.342709 -0.018178 0.006006 0.999817 -0.456456
0.998182 0.057758 0.017236 26.919549 -0.057597 0.998293 -0.009679 -1.437412 -0.017766 0.008669 0.999805 -0.485042
0.997658 0.064441 0.022923 29.029727 -0.064179 0.997867 -0.011979 -1.584751 -0.023646 0.010479 0.999665 -0.520972
0.997421 0.066430 0.027177 30.394318 -0.066029 0.997699 -0.015377 -1.693572 -0.028136 0.013543 0.999512 -0.550712
0.996841 0.072905 0.031507 32.200488 -0.072261 0.997162 -0.021142 -1.827927 -0.032959 0.018798 0.999280 -0.602376
0.995825 0.080791 0.042497 33.948214 -0.079783 0.996501 -0.024910 -1.953293 -0.044361 0.021415 0.998786 -0.652393
0.994854 0.087422 0.051224 35.585885 -0.086554 0.996067 -0.018931 -2.097713 -0.052678 0.014400 0.998508 -0.747987
0.994043 0.093027 0.056782 36.910489 -0.092234 0.995602 -0.016440 -2.206944 -0.058061 0.011105 0.998251 -0.822942
0.993231 0.099951 0.059176 38.519218 -0.099121 0.994933 -0.016804 -2.365518 -0.060556 0.010825 0.998106 -0.935288
0.992647 0.107752 0.055152 39.854213 -0.106866 0.994096 -0.018782 -2.511681 -0.056850 0.012750 0.998301 -1.025931
0.991766 0.115847 0.054588 41.562556 -0.114948 0.993183 -0.019331 -2.717325 -0.056455 0.012897 0.998322 -1.139089
0.990320 0.126343 0.057480 44.097160 -0.125303 0.991888 -0.021377 -3.034797 -0.059714 0.013968 0.998118 -1.282919
0.989786 0.132952 0.051458 45.764571 -0.131949 0.991003 -0.022429 -3.254496 -0.053977 0.015410 0.998423 -1.375417
0.988687 0.141182 0.050660 47.809225 -0.140118 0.989844 -0.024000 -3.546125 -0.053534 0.016630 0.998428 -1.488230
0.987794 0.147775 0.049258 49.117032 -0.146667 0.988859 -0.025408 -3.741822 -0.052464 0.017873 0.998463 -1.556057
0.986408 0.156871 0.048903 50.717338 -0.155657 0.987422 -0.027741 -3.993542 -0.052640 0.019752 0.998418 -1.651616
0.985290 0.164466 0.046408 52.241482 -0.163421 0.986227 -0.025500 -4.251622 -0.049962 0.017540 0.998597 -1.728884
0.984047 0.171132 0.048639 53.693031 -0.170034 0.985098 -0.025910 -4.513563 -0.052349 0.017226 0.998480 -1.810141
0.982610 0.177910 0.053166 55.039789 -0.177051 0.983988 -0.020480 -4.779946 -0.055958 0.010711 0.998376 -1.880749
0.981951 0.183425 0.046117 56.289886 -0.182667 0.982968 -0.020192 -5.045082 -0.049035 0.011403 0.998732 -1.944254
0.981259 0.187373 0.044979 57.221057 -0.186699 0.982238 -0.018778 -5.262840 -0.047699 0.010029 0.998811 -2.010206
0.979996 0.193501 0.046528 58.566563 -0.193002 0.981083 -0.015031 -5.560848 -0.048557 0.005750 0.998804 -2.076751
0.979203 0.196876 0.048999 59.412438 -0.196415 0.980419 -0.014113 -5.770398 -0.050818 0.004195 0.998699 -2.123954
0.978059 0.201610 0.052475 60.448343 -0.201348 0.979466 -0.010274 -6.009034 -0.053469 -0.000518 0.998569 -2.169303
0.977302 0.204898 0.053823 61.419250 -0.204628 0.978783 -0.010547 -6.262953 -0.054842 -0.000706 0.998495 -2.234006
0.976484 0.209292 0.051736 62.373366 -0.209161 0.977848 -0.007990 -6.483093 -0.052262 -0.003019 0.998629 -2.300836
0.976115 0.210655 0.053148 63.094658 -0.210553 0.977553 -0.007578 -6.658412 -0.053552 -0.003794 0.998558 -2.349057
0.974876 0.215127 0.057774 64.130326 -0.215135 0.976565 -0.006151 -6.908074 -0.057743 -0.006433 0.998311 -2.422438
0.974699 0.215507 0.059315 64.810717 -0.215342 0.976495 -0.009243 -7.053200 -0.059913 -0.003764 0.998196 -2.451714
0.973985 0.217462 0.063742 65.666433 -0.217171 0.976065 -0.011557 -7.248418 -0.064730 -0.002586 0.997899 -2.500084
0.973742 0.218014 0.065547 66.350695 -0.217633 0.975944 -0.012995 -7.390963 -0.066803 -0.001611 0.997765 -2.537406
0.973069 0.220781 0.066269 67.424092 -0.220261 0.975323 -0.015140 -7.610290 -0.067976 0.000136 0.997687 -2.607397
0.972883 0.222027 0.064829 68.144418 -0.221240 0.975031 -0.019159 -7.758653 -0.067464 0.004297 0.997712 -2.643246
0.972819 0.222537 0.064034 69.041246 -0.221483 0.974888 -0.023203 -7.953987 -0.067590 0.008390 0.997678 -2.709210
0.972561 0.223403 0.064927 69.780592 -0.222142 0.974664 -0.026129 -8.090158 -0.069119 0.010989 0.997548 -2.771304
0.972639 0.226529 0.051559 71.118512 -0.225417 0.973901 -0.026518 -8.359748 -0.056220 0.014170 0.998318 -2.880740
0.972192 0.229806 0.045068 72.273289 -0.228929 0.973152 -0.023816 -8.586291 -0.049331 0.012837 0.998700 -2.979503
0.970314 0.235114 0.056675 73.276039 -0.233795 0.971854 -0.028979 -8.800320 -0.061894 0.014868 0.997972 -3.047172
0.966865 0.243869 0.075505 74.552075 -0.241932 0.969699 -0.033949 -9.086009 -0.081496 0.014557 0.996567 -3.123212
0.964648 0.247995 0.089174 75.462589 -0.245719 0.968679 -0.035825 -9.287282 -0.095266 0.012647 0.995372 -3.219447
0.961846 0.254718 0.099857 76.665100 -0.251706 0.966897 -0.041894 -9.585234 -0.107223 0.015161 0.994119 -3.333026
0.961623 0.263646 0.075970 78.482435 -0.262044 0.964573 -0.030512 -10.081315 -0.081323 0.009434 0.996643 -3.548253
0.961445 0.267227 0.064915 79.598985 -0.266054 0.963601 -0.026246 -10.375273 -0.069565 0.007963 0.997546 -3.664906
0.960748 0.270176 0.062994 80.735549 -0.269387 0.962806 -0.020858 -10.699301 -0.066286 0.003069 0.997796 -3.775503
0.960074 0.272634 0.062679 82.861692 -0.272246 0.962114 -0.014814 -11.317873 -0.064343 -0.002842 0.997924 -3.935734
0.959271 0.274278 0.067602 84.100306 -0.273795 0.961647 -0.016499 -11.709138 -0.069534 -0.002682 0.997576 -4.029992
0.958385 0.277319 0.067763 85.684295 -0.277128 0.960753 -0.012390 -12.216872 -0.068540 -0.006904 0.997624 -4.146713
0.958400 0.278290 0.063437 87.046506 -0.278328 0.960449 -0.008428 -12.655461 -0.063273 -0.009578 0.997950 -4.259358
0.957053 0.281678 0.068613 89.123198 -0.281623 0.959466 -0.010666 -13.305877 -0.068836 -0.009115 0.997586 -4.412339
0.955880 0.285526 0.069056 90.884563 -0.285335 0.958342 -0.012835 -13.866925 -0.069843 -0.007436 0.997530 -4.555604
0.953586 0.293421 0.067661 93.090451 -0.293199 0.955957 -0.013416 -14.591349 -0.068617 -0.007045 0.997618 -4.730499
0.951380 0.300109 0.069355 94.986007 -0.299834 0.953880 -0.014600 -15.211835 -0.070538 -0.006905 0.997485 -4.877147
0.950589 0.303333 0.066107 96.534965 -0.303028 0.952866 -0.014829 -15.716899 -0.067490 -0.005936 0.997702 -4.992608
0.948906 0.308034 0.068497 98.100690 -0.307601 0.951363 -0.017048 -16.228602 -0.070417 -0.004893 0.997506 -5.114777
0.947558 0.311779 0.070203 100.091820 -0.311476 0.950128 -0.015496 -16.894471 -0.071533 -0.007183 0.997412 -5.274452
0.945708 0.317574 0.069162 102.548423 -0.317296 0.948204 -0.015262 -17.735257 -0.070426 -0.007512 0.997489 -5.476946
0.943925 0.322619 0.070157 104.205833 -0.322352 0.946495 -0.015400 -18.313909 -0.071372 -0.008079 0.997417 -5.612565
0.943043 0.325480 0.068802 105.889538 -0.325284 0.945508 -0.014350 -18.897706 -0.069723 -0.008847 0.997527 -5.751101
0.941080 0.331177 0.068484 108.029150 -0.331266 0.943480 -0.010388 -19.645169 -0.068054 -0.012911 0.997598 -5.923792
0.938520 0.337873 0.070871 110.287223 -0.338205 0.941041 -0.007629 -20.439752 -0.069270 -0.016809 0.997456 -6.096077
0.934104 0.349936 0.070674 112.522535 -0.350513 0.936547 -0.004472 -21.305553 -0.067754 -0.020595 0.997489 -6.267756
0.931598 0.356972 0.068531 114.250081 -0.357674 0.933844 -0.002159 -22.040361 -0.064768 -0.022500 0.997647 -6.407541
0.931043 0.358498 0.068103 116.768161 -0.359155 0.933274 -0.002759 -23.077454 -0.064548 -0.021891 0.997674 -6.591445
0.931069 0.359241 0.063690 119.265780 -0.359712 0.933054 -0.004314 -24.097605 -0.060976 -0.018893 0.997960 -6.772582
0.930465 0.361148 0.061704 120.966980 -0.361619 0.932318 -0.003747 -24.796579 -0.058881 -0.018827 0.998087 -6.888266
0.925257 0.375079 0.056706 126.688779 -0.375474 0.926825 -0.003916 -27.165134 -0.054025 -0.017668 0.998383 -7.261950
0.924750 0.376290 0.056947 128.719139 -0.376585 0.926363 -0.005858 -28.029917 -0.054958 -0.016028 0.998360 -7.385355
0.925157 0.375517 0.055420 130.307478 -0.375791 0.926686 -0.005806 -28.700566 -0.053537 -0.015455 0.998446 -7.480267
0.925821 0.373318 0.059075 132.671558 -0.373370 0.927622 -0.010575 -29.640074 -0.058747 -0.012266 0.998198 -7.615181
0.928225 0.367177 0.059829 134.180149 -0.367039 0.930105 -0.013683 -30.194441 -0.060671 -0.009258 0.998115 -7.714310
0.929122 0.365485 0.056147 136.153176 -0.365137 0.930804 -0.016697 -30.922066 -0.058364 -0.004987 0.998283 -7.851401
0.930036 0.363301 0.055179 138.059586 -0.362706 0.931672 -0.020789 -31.658942 -0.058961 -0.000680 0.998260 -7.972299
0.928638 0.366790 0.055645 139.988680 -0.366128 0.930304 -0.022018 -32.333387 -0.059843 0.000074 0.998208 -8.102487
0.928715 0.368676 0.039578 141.936221 -0.367797 0.929489 -0.027841 -33.096628 -0.047051 0.011300 0.998829 -8.229699
0.929651 0.366349 0.039203 143.824897 -0.365095 0.930286 -0.035685 -33.918965 -0.049543 0.018862 0.998594 -8.325077
0.928431 0.368830 0.044498 145.724841 -0.367059 0.929192 -0.043252 -34.647962 -0.057299 0.023823 0.998073 -8.409483
0.926744 0.372762 0.046850 147.219231 -0.370856 0.927616 -0.044654 -35.215598 -0.060104 0.024008 0.997903 -8.499342
0.925131 0.376607 0.047961 148.692725 -0.374832 0.926135 -0.042134 -35.803507 -0.060287 0.021002 0.997960 -8.600827
0.923278 0.380900 0.049741 150.525728 -0.379198 0.924432 -0.040433 -36.561203 -0.061383 0.018469 0.997943 -8.722783
0.921509 0.385186 0.049518 152.352433 -0.383421 0.922636 -0.041618 -37.323715 -0.061718 0.019365 0.997906 -8.830753
0.920472 0.387326 0.052062 153.723295 -0.385383 0.921723 -0.043662 -37.901636 -0.064898 0.020126 0.997689 -8.928530
0.919787 0.389072 0.051126 155.459931 -0.387214 0.921002 -0.042673 -38.646015 -0.063690 0.019453 0.997780 -9.069616
0.918607 0.391866 0.051021 157.212871 -0.390270 0.919891 -0.038589 -39.401629 -0.062055 0.015536 0.997952 -9.225004
0.917155 0.394874 0.053864 158.602961 -0.393364 0.918651 -0.036677 -40.005122 -0.063965 0.012451 0.997874 -9.341254
0.915559 0.398949 0.050900 160.333487 -0.397507 0.916881 -0.036305 -40.764809 -0.061153 0.013006 0.998044 -9.477659
0.914231 0.402100 0.049980 161.745732 -0.400707 0.915508 -0.035754 -41.389181 -0.060134 0.012660 0.998110 -9.587193
0.913717 0.403276 0.049902 163.154215 -0.402003 0.915014 -0.033812 -42.010261 -0.059297 0.010834 0.998182 -9.710483
0.912033 0.407112 0.049549 164.911877 -0.406073 0.913350 -0.029943 -42.789796 -0.057445 0.007189 0.998323 -9.845621
0.910811 0.410025 0.047985 166.296832 -0.408980 0.912039 -0.030328 -43.416080 -0.056199 0.007998 0.998388 -9.956733
0.909008 0.414217 0.046150 167.991336 -0.413179 0.910136 -0.030570 -44.208294 -0.054665 0.008721 0.998467 -10.082721
0.907499 0.417369 0.047415 169.666283 -0.416348 0.908705 -0.030148 -45.010185 -0.055668 0.007618 0.998420 -10.201566
0.904541 0.423872 0.046239 171.702802 -0.422664 0.905654 -0.033847 -45.916743 -0.056223 0.011072 0.998357 -10.333925
0.903235 0.426996 0.042910 173.049991 -0.425689 0.904134 -0.036474 -46.520845 -0.054371 0.014678 0.998413 -10.431438
0.903548 0.426831 0.037632 174.732296 -0.425578 0.904163 -0.037055 -47.290040 -0.049841 0.017466 0.998604 -10.536574
0.902751 0.428207 0.040971 176.061214 -0.426938 0.903551 -0.036334 -47.885304 -0.052578 0.015309 0.998499 -10.630066
0.901376 0.431072 0.041206 177.700078 -0.429923 0.902225 -0.033998 -48.639691 -0.051833 0.012930 0.998572 -10.726801
0.901108 0.431514 0.042434 179.000002 -0.430608 0.902072 -0.029041 -49.242041 -0.050810 0.007896 0.998677 -10.811741
0.899872 0.433951 0.043783 180.284919 -0.433294 0.900933 -0.023997 -49.852634 -0.049859 0.002623 0.998753 -10.888435
0.900695 0.431918 0.046851 181.852216 -0.431530 0.901906 -0.018637 -50.602944 -0.050305 -0.003431 0.998728 -10.985298
0.903266 0.426349 0.048350 183.437838 -0.426298 0.904505 -0.011885 -51.366710 -0.048800 -0.009876 0.998760 -11.082398
0.909284 0.414036 0.042149 185.017103 -0.414043 0.910213 -0.008956 -52.112586 -0.042073 -0.009307 0.999071 -11.182573
0.919838 0.390744 0.034892 186.864867 -0.390833 0.920451 -0.004511 -52.948728 -0.033879 -0.009487 0.999381 -11.293967
0.926557 0.374543 0.034775 188.102335 -0.374889 0.927062 0.003775 -53.486260 -0.030825 -0.016535 0.999388 -11.375617
0.939622 0.340444 0.034746 189.936409 -0.340946 0.940035 0.009528 -54.221462 -0.029418 -0.020800 0.999351 -11.478838
0.949698 0.311525 0.032040 191.446316 -0.312145 0.949891 0.016502 -54.769370 -0.025294 -0.025673 0.999350 -11.563489
0.957995 0.285303 0.029103 192.652077 -0.285901 0.958072 0.018953 -55.148056 -0.022475 -0.026478 0.999397 -11.626719
0.966591 0.255876 0.015145 194.084087 -0.256084 0.966555 0.013883 -55.568358 -0.011086 -0.017298 0.999789 -11.693679
0.973147 0.230086 0.006768 195.227321 -0.230158 0.973063 0.013276 -55.886293 -0.003531 -0.014478 0.999889 -11.743338
0.979281 0.202327 0.008530 196.344014 -0.202430 0.979200 0.013783 -56.163065 -0.005564 -0.015224 0.999869 -11.772733
0.986427 0.164169 -0.003177 198.012217 -0.164079 0.986257 0.019396 -56.497644 0.006317 -0.018612 0.999807 -11.801895
0.991816 0.126292 -0.018725 199.682231 -0.125990 0.991894 0.016542 -56.758894 0.020662 -0.014048 0.999688 -11.832420
0.994204 0.106207 -0.016712 200.724873 -0.105798 0.994105 0.023720 -56.894748 0.019133 -0.021815 0.999579 -11.834680
0.995769 0.090583 -0.015459 201.742429 -0.090065 0.995440 0.031411 -57.017143 0.018234 -0.029885 0.999387 -11.838375
0.997272 0.073395 -0.007827 202.948030 -0.073038 0.996570 0.038897 -57.129567 0.010655 -0.038219 0.999213 -11.837031
0.998295 0.057927 -0.007188 203.860527 -0.057489 0.997052 0.050808 -57.199675 0.010110 -0.050308 0.998683 -11.839370
0.999211 0.038640 -0.009176 204.992417 -0.038074 0.997734 0.055472 -57.255544 0.011299 -0.055078 0.998418 -11.846008
0.999726 0.019252 -0.013304 206.277596 -0.018470 0.998225 0.056619 -57.297485 0.014371 -0.056358 0.998307 -11.859628
0.999869 0.005019 -0.015387 207.057281 -0.004173 0.998504 0.054524 -57.324325 0.015637 -0.054453 0.998394 -11.860999
0.999707 -0.010460 -0.021814 208.043846 0.011561 0.998635 0.050939 -57.329747 0.021252 -0.051176 0.998463 -11.859685
0.999214 -0.026824 -0.029183 208.994701 0.028396 0.998090 0.054855 -57.310736 0.027656 -0.055640 0.998068 -11.855873
0.998675 -0.037991 -0.034705 209.709773 0.039840 0.997734 0.054218 -57.291817 0.032567 -0.055529 0.997926 -11.842586
0.997840 -0.050703 -0.041759 210.583870 0.052913 0.997159 0.053617 -57.256416 0.038922 -0.055710 0.997688 -11.827242
0.997250 -0.060059 -0.043422 211.223117 0.062218 0.996799 0.050199 -57.233221 0.040268 -0.052763 0.997795 -11.806512
0.996419 -0.070806 -0.046207 211.980027 0.073141 0.996018 0.050970 -57.187845 0.042414 -0.054167 0.997631 -11.780664
0.994588 -0.084043 -0.061088 212.950214 0.087285 0.994800 0.052487 -57.121547 0.056360 -0.057535 0.996751 -11.744758
0.993088 -0.096107 -0.067379 213.699340 0.099298 0.994008 0.045706 -57.067900 0.062583 -0.052081 0.996680 -11.713279
0.992326 -0.105314 -0.064798 214.289774 0.108460 0.992984 0.047100 -57.024246 0.059383 -0.053767 0.996786 -11.690074
0.991758 -0.115786 -0.054855 215.012355 0.118407 0.991842 0.047207 -56.953390 0.048942 -0.053313 0.997378 -11.659946
0.991299 -0.125892 -0.038433 215.613498 0.127554 0.990838 0.044387 -56.903192 0.032493 -0.048903 0.998275 -11.616832
0.990532 -0.132302 -0.036642 216.090807 0.133977 0.989830 0.047811 -56.846151 0.029944 -0.052267 0.998184 -11.592873
0.989730 -0.137576 -0.038821 216.778025 0.139460 0.988918 0.050915 -56.760441 0.031386 -0.055806 0.997948 -11.566607
0.988851 -0.141320 -0.046927 217.382608 0.143598 0.988404 0.049365 -56.689725 0.039407 -0.055553 0.997678 -11.554424
0.986967 -0.146529 -0.066523 218.187549 0.149377 0.987969 0.040041 -56.587029 0.059856 -0.049456 0.996981 -11.557520
0.986382 -0.150076 -0.067281 218.852006 0.153128 0.987282 0.042732 -56.492117 0.060013 -0.052453 0.996819 -11.528833
0.985807 -0.150772 -0.073834 219.713255 0.154416 0.986917 0.046382 -56.374902 0.065875 -0.057125 0.996191 -11.484912
0.985435 -0.152381 -0.075489 220.448994 0.155947 0.986793 0.043816 -56.277056 0.067815 -0.054950 0.996184 -11.450586
0.985088 -0.153988 -0.076740 221.398188 0.157496 0.986629 0.041936 -56.159497 0.069256 -0.053396 0.996169 -11.388606
0.984444 -0.156427 -0.080009 222.150665 0.160123 0.986202 0.042028 -56.059257 0.072331 -0.054186 0.995908 -11.343489
0.983630 -0.160406 -0.082112 223.140495 0.163956 0.985718 0.038449 -55.916284 0.074772 -0.051282 0.995881 -11.285995
0.983058 -0.164869 -0.080096 224.361859 0.168006 0.985196 0.034100 -55.719247 0.073289 -0.046978 0.996204 -11.208474
0.982697 -0.169304 -0.075122 225.373127 0.172306 0.984407 0.035417 -55.572566 0.067955 -0.047748 0.996545 -11.143241
0.982198 -0.173936 -0.070940 226.580745 0.176732 0.983629 0.035207 -55.382580 0.063655 -0.047117 0.996859 -11.081242
0.981898 -0.177526 -0.066042 227.377695 0.179911 0.983160 0.032080 -55.257320 0.059235 -0.043381 0.997301 -11.048331
0.981362 -0.180040 -0.067192 228.178870 0.182595 0.982601 0.033982 -55.124159 0.059905 -0.045618 0.997161 -11.020197
0.980975 -0.182598 -0.065927 229.165926 0.185021 0.982191 0.032689 -54.965405 0.058784 -0.044265 0.997289 -10.991949
0.979982 -0.185898 -0.071250 230.379805 0.188641 0.981462 0.033870 -54.766328 0.063633 -0.046633 0.996883 -10.957206
0.979680 -0.186771 -0.073097 231.133960 0.189600 0.981278 0.033837 -54.641216 0.065409 -0.047009 0.996751 -10.943781
0.978813 -0.188913 -0.078977 232.413418 0.191777 0.980970 0.030336 -54.402506 0.071743 -0.044840 0.996415 -10.904684
0.978535 -0.189348 -0.081348 233.621353 0.191793 0.981158 0.023310 -54.152639 0.075401 -0.038411 0.996413 -10.855765
0.978757 -0.188027 -0.081732 234.443148 0.190181 0.981559 0.019340 -53.968184 0.076588 -0.034473 0.996467 -10.819051
0.979121 -0.185718 -0.082646 235.073203 0.187625 0.982112 0.015879 -53.826979 0.078218 -0.031054 0.996452 -10.786227
0.978540 -0.187730 -0.084955 235.825421 0.189466 0.981804 0.012785 -53.656048 0.081009 -0.028606 0.996303 -10.740580
0.978935 -0.186483 -0.083131 236.312596 0.188085 0.982082 0.011810 -53.541636 0.079439 -0.027196 0.996469 -10.709136
0.978485 -0.188059 -0.084854 236.904498 0.189216 0.981919 0.005731 -53.405496 0.082242 -0.021663 0.996377 -10.676462
0.981794 -0.172144 -0.080289 236.897556 0.173255 0.984852 0.007030 -53.392134 0.077863 -0.020812 0.996747 -10.673162
0.982008 -0.171398 -0.079262 237.304230 0.172259 0.985043 0.004108 -53.299669 0.077372 -0.017688 0.996845 -10.656323
0.982130 -0.171700 -0.077066 237.560173 0.172335 0.985037 0.001615 -53.245973 0.075636 -0.014867 0.997025 -10.650983
0.984165 -0.160915 -0.074336 237.549437 0.161603 0.986850 0.003301 -53.239475 0.072827 -0.015261 0.997228 -10.649094
0.985834 -0.151355 -0.072265 237.539384 0.152178 0.988335 0.005987 -53.236389 0.070515 -0.016899 0.997368 -10.647558
0.986497 -0.147581 -0.071012 237.533017 0.148436 0.988898 0.006885 -53.235368 0.069207 -0.017333 0.997452 -10.646708
0.987009 -0.144767 -0.069678 237.526959 0.145646 0.989307 0.007688 -53.234408 0.067820 -0.017737 0.997540 -10.645830
0.987308 -0.143563 -0.067921 237.519507 0.144484 0.989468 0.008821 -53.235984 0.065940 -0.018522 0.997652 -10.644553
0.987495 -0.143251 -0.065832 237.512749 0.144133 0.989519 0.008826 -53.235965 0.063877 -0.018204 0.997792 -10.643095
0.987287 -0.145069 -0.064951 237.509236 0.145945 0.989252 0.008922 -53.237915 0.062959 -0.018288 0.997849 -10.642532
0.987111 -0.146309 -0.064845 237.509695 0.147216 0.989060 0.009416 -53.239758 0.062758 -0.018841 0.997851 -10.642583
0.986988 -0.147254 -0.064586 237.500545 0.148036 0.988954 0.007458 -53.219946 0.062774 -0.016922 0.997884 -10.656342
0.986886 -0.147991 -0.064456 237.474252 0.148683 0.988867 0.006042 -53.202344 0.062844 -0.015546 0.997902 -10.669981
0.986777 -0.149270 -0.063169 237.465541 0.149846 0.988699 0.004451 -53.180367 0.061791 -0.013858 0.997993 -10.682805
0.986632 -0.150462 -0.062599 237.464517 0.151099 0.988503 0.005548 -53.183186 0.061045 -0.014932 0.998023 -10.682522
0.986373 -0.152389 -0.062009 237.463587 0.153092 0.988189 0.006731 -53.186641 0.060251 -0.016133 0.998053 -10.682257
0.986206 -0.153653 -0.061546 237.462925 0.154422 0.987973 0.007908 -53.189938 0.059591 -0.017303 0.998073 -10.681775
0.986064 -0.154847 -0.060835 237.461514 0.155664 0.987770 0.008890 -53.191552 0.058714 -0.018236 0.998108 -10.682139
0.985784 -0.156797 -0.060365 237.460661 0.157673 0.987441 0.010000 -53.193959 0.058039 -0.019376 0.998126 -10.682811
0.985562 -0.158534 -0.059458 237.451854 0.159336 0.987184 0.008970 -53.173417 0.057274 -0.018314 0.998191 -10.693096
0.985471 -0.159535 -0.058279 237.441900 0.160257 0.987044 0.007905 -53.153777 0.056263 -0.017129 0.998269 -10.702790
0.985328 -0.160707 -0.057462 237.440454 0.161475 0.986836 0.008943 -53.156575 0.055268 -0.018090 0.998308 -10.702153
0.985185 -0.161895 -0.056582 237.428320 0.162558 0.986672 0.007280 -53.136494 0.054649 -0.016370 0.998371 -10.714860
0.985107 -0.162734 -0.055514 237.419640 0.163341 0.986548 0.006556 -53.117766 0.053700 -0.015526 0.998436 -10.724419
0.984952 -0.163841 -0.055007 237.418740 0.164513 0.986344 0.007877 -53.121037 0.052965 -0.016807 0.998455 -10.723886
0.984864 -0.164660 -0.054125 237.415899 0.165294 0.986216 0.007432 -53.112559 0.052155 -0.016266 0.998507 -10.730863
0.984790 -0.165341 -0.053389 237.413834 0.165959 0.986105 0.007330 -53.103839 0.051436 -0.016079 0.998547 -10.737203
0.984637 -0.166493 -0.052627 237.412550 0.167162 0.985892 0.008560 -53.107042 0.050459 -0.017226 0.998578 -10.736552
0.984492 -0.167501 -0.052140 237.411770 0.168219 0.985702 0.009671 -53.109964 0.049774 -0.018292 0.998593 -10.736056
0.984277 -0.168930 -0.051588 237.410942 0.169696 0.985437 0.010815 -53.113222 0.049010 -0.019399 0.998610 -10.735571
0.984123 -0.170153 -0.050506 237.399649 0.170806 0.985264 0.008894 -53.094686 0.048248 -0.017380 0.998684 -10.750065
0.983958 -0.171310 -0.049805 237.389849 0.171887 0.985088 0.007516 -53.077094 0.047775 -0.015956 0.998731 -10.762984
0.983838 -0.172314 -0.048690 237.383912 0.172801 0.984939 0.005953 -53.057800 0.046931 -0.014271 0.998796 -10.775185
0.983696 -0.173374 -0.047789 237.382345 0.173908 0.984736 0.007213 -53.060376 0.045809 -0.015406 0.998831 -10.774763
0.983527 -0.174630 -0.046679 237.376460 0.175079 0.984538 0.005681 -53.040348 0.044965 -0.013760 0.998894 -10.786269
0.983445 -0.175248 -0.046086 237.373117 0.175625 0.984448 0.004240 -53.024444 0.044626 -0.012264 0.998928 -10.797137
0.983409 -0.175727 -0.045020 237.371218 0.176134 0.984353 0.005200 -53.026453 0.043401 -0.013043 0.998973 -10.796262
0.983427 -0.175920 -0.043849 237.370113 0.176283 0.984329 0.004507 -53.009959 0.042369 -0.012162 0.999028 -10.804254
0.983410 -0.176317 -0.042619 237.379542 0.176599 0.984279 0.002918 -52.986010 0.041434 -0.010396 0.999087 -10.813970
0.983454 -0.176293 -0.041709 237.378674 0.176556 0.984287 0.002678 -52.978778 0.040582 -0.009998 0.999126 -10.818517
0.983561 -0.175874 -0.040938 237.377267 0.176135 0.984362 0.002818 -52.978136 0.039803 -0.009982 0.999158 -10.818128
0.983798 -0.174758 -0.040015 237.378455 0.175031 0.984557 0.003393 -52.977466 0.038804 -0.010342 0.999193 -10.817407
0.983964 -0.174071 -0.038913 237.376927 0.174370 0.984670 0.004407 -52.978422 0.037549 -0.011122 0.999233 -10.816384
0.984331 -0.172298 -0.037496 237.374801 0.172597 0.984981 0.004854 -52.977400 0.036096 -0.011250 0.999285 -10.815244
0.984439 -0.171942 -0.036274 237.371956 0.172246 0.985039 0.005414 -52.978015 0.034801 -0.011578 0.999327 -10.814130
0.984386 -0.172384 -0.035610 237.367278 0.172677 0.984964 0.005286 -52.975223 0.034163 -0.011352 0.999352 -10.816271
0.984422 -0.172400 -0.034508 237.366063 0.172676 0.984965 0.005147 -52.967796 0.033102 -0.011026 0.999391 -10.820127
0.984401 -0.172778 -0.033213 237.386732 0.173002 0.984913 0.003963 -52.944510 0.032027 -0.009647 0.999440 -10.828072
0.984396 -0.173021 -0.032067 237.410511 0.173181 0.984888 0.002238 -52.919001 0.031196 -0.007756 0.999483 -10.837319
0.984480 -0.172790 -0.030711 237.408627 0.172968 0.984922 0.003204 -52.920397 0.029695 -0.008466 0.999523 -10.836039
0.984507 -0.172926 -0.029041 237.405900 0.173113 0.984894 0.004036 -52.921841 0.027905 -0.009001 0.999570 -10.834536
0.984429 -0.173534 -0.028027 237.404591 0.173733 0.984781 0.004798 -52.923678 0.026768 -0.009593 0.999596 -10.833594
0.984573 -0.172926 -0.026699 237.402582 0.173149 0.984876 0.006251 -52.925666 0.025214 -0.010778 0.999624 -10.832295
0.984686 -0.172474 -0.025418 237.400569 0.172715 0.984942 0.007618 -52.927553 0.023722 -0.011891 0.999648 -10.831069
0.984843 -0.171772 -0.024040 237.398413 0.172017 0.985057 0.008488 -52.928349 0.022223 -0.012495 0.999675 -10.829818
0.984940 -0.171291 -0.023491 237.396800 0.171552 0.985129 0.009550 -52.929878 0.021506 -0.013436 0.999678 -10.829184
0.985183 -0.169956 -0.023022 237.396453 0.170230 0.985349 0.010483 -52.930212 0.020903 -0.014247 0.999680 -10.828704
0.985441 -0.168659 -0.021452 237.395523 0.168934 0.985558 0.011721 -52.930668 0.019165 -0.015174 0.999701 -10.827342
0.985887 -0.166197 -0.020138 237.395838 0.166464 0.985970 0.012363 -52.928896 0.017801 -0.015541 0.999721 -10.826152
0.986308 -0.163912 -0.018135 237.395545 0.164166 0.986341 0.013487 -52.928130 0.015677 -0.016279 0.999745 -10.824529
0.987086 -0.159289 -0.016952 237.397817 0.159540 0.987082 0.014689 -52.924960 0.014393 -0.017204 0.999748 -10.823559
0.987061 -0.159684 -0.014545 237.581650 0.159859 0.987069 0.011850 -52.882458 0.012465 -0.014022 0.999824 -10.839924
0.988891 -0.148278 -0.010411 237.577328 0.148411 0.988835 0.013435 -52.873631 0.008302 -0.014831 0.999856 -10.836477
0.988698 -0.149681 -0.008458 237.944839 0.149768 0.988662 0.010801 -52.811682 0.006746 -0.011945 0.999906 -10.860339
0.990158 -0.139855 -0.005320 237.942132 0.139907 0.990103 0.011062 -52.802483 0.003720 -0.011697 0.999925 -10.858015
0.991400 -0.130832 -0.002840 237.940453 0.130856 0.991340 0.011002 -52.793520 0.001376 -0.011279 0.999935 -10.856027
0.993122 -0.117080 0.000647 237.938010 0.117062 0.993041 0.012874 -52.783557 -0.002150 -0.012710 0.999917 -10.853074
0.993009 -0.118031 -0.001645 238.337378 0.118042 0.992940 0.011690 -52.726825 0.000253 -0.011802 0.999930 -10.869055
0.994612 -0.103666 -0.000810 238.339726 0.103668 0.994521 0.013433 -52.716119 -0.000587 -0.013444 0.999909 -10.868988
0.995752 -0.091968 -0.004362 238.348398 0.092024 0.995645 0.014895 -52.708628 0.002973 -0.015233 0.999880 -10.872331
0.995652 -0.092923 -0.006479 238.941786 0.093008 0.995564 0.014219 -52.639187 0.005129 -0.014759 0.999878 -10.883412
0.995429 -0.095024 -0.009538 239.600188 0.095151 0.995366 0.013912 -52.577125 0.008171 -0.014756 0.999858 -10.902431
0.996464 -0.083724 -0.007078 239.603661 0.083804 0.996412 0.011857 -52.563888 0.006060 -0.012408 0.999905 -10.901397
0.997478 -0.070878 0.003766 239.586774 0.070842 0.997449 0.008818 -52.546036 -0.004381 -0.008529 0.999954 -10.892530
0.997381 -0.071925 0.007590 240.200517 0.071850 0.997368 0.009779 -52.491856 -0.008273 -0.009208 0.999923 -10.909862
0.997286 -0.072800 0.010971 241.018373 0.072685 0.997300 0.010503 -52.438819 -0.011706 -0.009677 0.999885 -10.926203
0.997271 -0.071753 0.017396 242.809344 0.071714 0.997421 0.002868 -52.328955 -0.017557 -0.001612 0.999845 -10.962795
0.997849 -0.052292 0.039525 242.769015 0.052208 0.998631 0.003135 -52.310406 -0.039635 -0.001064 0.999214 -10.941917
0.996974 -0.068986 0.035835 243.987061 0.068669 0.997589 0.010010 -52.317434 -0.036439 -0.007519 0.999308 -10.988957
0.997736 -0.053270 0.041046 243.988428 0.052716 0.998505 0.014456 -52.315078 -0.041755 -0.012260 0.999053 -10.984769
0.997585 -0.062363 0.030587 245.101724 0.062117 0.998029 0.008900 -52.292039 -0.031082 -0.006979 0.999492 -10.996613
0.998211 -0.042452 0.042110 245.086543 0.041549 0.998892 0.022091 -52.295771 -0.043001 -0.020301 0.998869 -10.986935
0.998511 -0.021607 0.050082 245.075055 0.019960 0.999251 0.033158 -52.300221 -0.050761 -0.032109 0.998195 -10.979888
0.998597 -0.008718 0.052233 245.076235 0.006600 0.999154 0.040587 -52.304116 -0.052542 -0.040185 0.997810 -10.978369
0.998779 -0.007316 0.048859 246.138564 0.005326 0.999156 0.040739 -52.303773 -0.049115 -0.040429 0.997975 -11.059643
0.998928 -0.017961 0.042663 247.259836 0.016133 0.998953 0.042818 -52.297185 -0.043387 -0.042084 0.998172 -11.121481
0.999319 -0.007097 0.036219 247.275349 0.005328 0.998799 0.048707 -52.297584 -0.036521 -0.048481 0.998156 -11.127989
0.999108 -0.017195 0.038580 248.019622 0.015254 0.998630 0.050057 -52.277815 -0.039388 -0.049423 0.998001 -11.154625
0.998599 -0.033730 0.040783 248.795416 0.031771 0.998353 0.047768 -52.250321 -0.042327 -0.046405 0.998026 -11.190357
0.997332 -0.060295 0.041158 249.617121 0.058209 0.997045 0.050139 -52.223546 -0.044059 -0.047610 0.997894 -11.257300
0.996547 -0.075626 0.034279 249.976306 0.073819 0.995955 0.051229 -52.234913 -0.038014 -0.048522 0.998098 -11.305308
0.991848 -0.124493 0.027198 250.874831 0.123338 0.991530 0.040700 -52.194869 -0.032034 -0.037014 0.998801 -11.375030
0.985030 -0.171377 0.018571 251.585111 0.170597 0.984623 0.037616 -52.111625 -0.024732 -0.033885 0.999120 -11.420999
0.974777 -0.222945 0.010302 252.299199 0.222476 0.974326 0.034553 -51.971967 -0.017741 -0.031389 0.999350 -11.460092
0.957758 -0.287371 0.010847 253.171724 0.287029 0.957582 0.025538 -51.739070 -0.017726 -0.021345 0.999615 -11.480072
0.936499 -0.350451 0.012415 254.074591 0.350203 0.936491 0.018491 -51.436733 -0.018107 -0.012969 0.999752 -11.504606
0.902035 -0.431050 0.022980 255.142113 0.430868 0.902327 0.012613 -50.984836 -0.026172 -0.001477 0.999656 -11.539550
0.872937 -0.486530 0.035636 255.874976 0.486517 0.873618 0.009626 -50.602734 -0.035816 0.008934 0.999318 -11.558380
0.819144 -0.571410 0.049944 256.951927 0.571980 0.820260 0.003426 -49.969538 -0.042924 0.025761 0.998746 -11.602766
0.761800 -0.646276 0.044586 257.819526 0.647078 0.762408 -0.004910 -49.353033 -0.030820 0.032591 0.998993 -11.667770
0.709496 -0.703583 0.039835 258.478558 0.704431 0.709670 -0.012047 -48.777828 -0.019794 0.036608 0.999134 -11.725306
0.636443 -0.770568 0.034123 259.373593 0.771214 0.636474 -0.011367 -47.828084 -0.012960 0.033551 0.999353 -11.761830
0.589933 -0.807010 0.026710 259.930638 0.807406 0.589930 -0.008841 -47.114673 -0.008623 0.026782 0.999604 -11.768782
0.549027 -0.835572 0.019736 260.579496 0.835784 0.549025 -0.005984 -46.156747 -0.005836 0.019780 0.999787 -11.785864
0.524182 -0.851409 0.018324 261.096963 0.851600 0.524143 -0.007255 -45.339328 -0.003428 0.019408 0.999806 -11.810839
0.494945 -0.868795 0.014996 261.865463 0.868924 0.494866 -0.008837 -44.056032 0.000256 0.017404 0.999848 -11.831353
0.468133 -0.883583 0.011525 262.735498 0.883644 0.468012 -0.011722 -42.471484 0.004964 0.015671 0.999865 -11.845157
0.461470 -0.887084 0.011243 263.224864 0.887130 0.461323 -0.013473 -41.518862 0.006765 0.016192 0.999846 -11.849361
0.454238 -0.890788 0.012833 263.856298 0.890862 0.454087 -0.013059 -40.295282 0.005806 0.017364 0.999832 -11.844465
0.449594 -0.893125 0.013908 264.367849 0.893219 0.449445 -0.012656 -39.288215 0.005052 0.018113 0.999823 -11.847793
0.443598 -0.896123 0.013604 265.140886 0.896213 0.443458 -0.012137 -37.751125 0.004843 0.017576 0.999834 -11.851323
0.440654 -0.897544 0.015467 265.798502 0.897676 0.440566 -0.008875 -36.430208 0.001152 0.017796 0.999841 -11.859441
0.440052 -0.897851 0.014775 266.336811 0.897969 0.439945 -0.010038 -35.352286 0.002513 0.017684 0.999840 -11.866899
0.440523 -0.897595 0.016192 267.021299 0.897734 0.440377 -0.011892 -33.975337 0.003544 0.019774 0.999798 -11.885840
0.440782 -0.897421 0.018640 267.719667 0.897602 0.440575 -0.014254 -32.562587 0.004579 0.023015 0.999725 -11.894270
0.441040 -0.897259 0.020232 268.291367 0.897476 0.440809 -0.014945 -31.419650 0.004490 0.024749 0.999684 -11.900129
0.444821 -0.895373 0.021006 269.168504 0.895604 0.444552 -0.016340 -29.641711 0.005292 0.026082 0.999646 -11.908383
0.451073 -0.892188 0.023094 270.391621 0.892485 0.450863 -0.013889 -27.223966 0.001980 0.026876 0.999637 -11.922128
0.454209 -0.890581 0.023660 271.017415 0.890894 0.454005 -0.013714 -25.977103 0.001472 0.027308 0.999626 -11.928559
0.454625 -0.890411 0.021995 271.812128 0.890670 0.454351 -0.016479 -24.418917 0.004679 0.027082 0.999622 -11.941527
0.455244 -0.890116 0.021135 272.441820 0.890336 0.454902 -0.019127 -23.152042 0.007411 0.027524 0.999594 -11.932112
0.452874 -0.891344 0.020268 273.242042 0.891525 0.452493 -0.020813 -21.570976 0.009380 0.027496 0.999578 -11.927353
0.452557 -0.891432 0.023267 273.868354 0.891735 0.452370 -0.013064 -20.297865 0.001120 0.026660 0.999644 -11.918328
0.449934 -0.892805 0.021414 274.526912 0.893035 0.449605 -0.018533 -19.029446 0.006918 0.027462 0.999599 -11.922635
0.447779 -0.893914 0.020265 275.348422 0.894073 0.447342 -0.022801 -17.442222 0.011317 0.028328 0.999535 -11.937962
0.446438 -0.894430 0.026252 276.190850 0.894804 0.446094 -0.018059 -15.831965 0.004441 0.031552 0.999492 -11.928334
0.450074 -0.892552 0.028001 276.992802 0.892985 0.449967 -0.010366 -14.182521 -0.003347 0.029670 0.999554 -11.926374
0.451747 -0.891845 0.023192 277.643024 0.892146 0.451589 -0.011955 -12.864362 0.000189 0.026091 0.999660 -11.921362
0.450402 -0.892450 0.025890 278.502851 0.892824 0.450146 -0.015312 -11.226316 0.002011 0.030012 0.999548 -11.944400
0.450710 -0.892211 0.028645 279.213161 0.892670 0.450468 -0.014754 -9.889854 0.000260 0.032220 0.999481 -11.956648
0.448255 -0.893204 0.035404 280.095286 0.893898 0.448063 -0.013627 -8.212394 -0.003691 0.037756 0.999280 -11.980862
0.448253 -0.893314 0.032544 280.770919 0.893906 0.447942 -0.016701 -6.869879 0.000341 0.036578 0.999331 -11.991956
0.446655 -0.894112 0.032595 281.449700 0.894703 0.446446 -0.013853 -5.518599 -0.002166 0.035351 0.999373 -11.998036
0.446895 -0.893905 0.034903 282.301026 0.894564 0.446821 -0.010322 -3.819421 -0.006369 0.035836 0.999337 -12.012325
0.442464 -0.896214 0.032027 283.159379 0.896786 0.442198 -0.015346 -2.123863 -0.000409 0.035512 0.999369 -12.040820
0.438794 -0.898026 0.031772 283.837810 0.898588 0.438512 -0.015720 -0.761764 0.000185 0.035448 0.999372 -12.051006
0.436241 -0.899259 0.032055 284.852042 0.899830 0.435956 -0.015787 1.294955 0.000222 0.035731 0.999361 -12.064936
0.433818 -0.900462 0.031150 285.692480 0.900999 0.433617 -0.013283 3.009986 -0.001546 0.033829 0.999426 -12.074837
0.432310 -0.901258 0.029013 286.358944 0.901724 0.432129 -0.012551 4.392332 -0.001226 0.031588 0.999500 -12.078214
0.433191 -0.900878 0.027652 287.183243 0.901302 0.432986 -0.013306 6.092966 0.000014 0.030687 0.999529 -12.092837
0.433686 -0.900744 0.024028 287.844927 0.901062 0.433470 -0.013808 7.444534 0.002022 0.027639 0.999616 -12.110246
0.433445 -0.900940 0.020816 288.667041 0.901176 0.433259 -0.012956 9.133306 0.002654 0.024374 0.999699 -12.119990
0.436001 -0.899789 0.016798 289.644786 0.899938 0.435844 -0.012295 11.162148 0.003741 0.020478 0.999783 -12.115039
0.435950 -0.899899 0.011383 290.461570 0.899951 0.435821 -0.012147 12.835377 0.005970 0.015540 0.999861 -12.121206
0.435047 -0.900369 0.008346 291.110831 0.900381 0.434944 -0.011768 14.179887 0.006966 0.012634 0.999896 -12.119698
0.436575 -0.899637 0.007416 291.762778 0.899646 0.436493 -0.010489 15.540006 0.006199 0.011251 0.999917 -12.110508
0.436736 -0.899573 0.005428 292.585808 0.899572 0.436682 -0.008876 17.231931 0.005614 0.008759 0.999946 -12.107187
0.436527 -0.899685 0.003349 293.403415 0.899677 0.436496 -0.007221 18.918767 0.005035 0.006166 0.999968 -12.101136
0.435779 -0.900050 0.002464 294.052923 0.900050 0.435769 -0.003829 20.262290 0.002372 0.003886 0.999990 -12.095790
0.433692 -0.901061 0.000308 294.696139 0.901061 0.433691 -0.001278 21.602546 0.001018 0.000831 0.999999 -12.100492
0.429507 -0.903062 -0.001727 295.657014 0.903063 0.429503 0.002212 23.603451 -0.001256 -0.002509 0.999996 -12.109496
0.423617 -0.905840 -0.001463 296.445405 0.905841 0.423615 0.001129 25.253896 -0.000403 -0.001803 0.999998 -12.123059
0.415329 -0.909667 -0.002965 297.212403 0.909671 0.415322 0.002691 26.886282 -0.001216 -0.003814 0.999992 -12.142655
0.405542 -0.914076 0.000626 297.952703 0.914077 0.405542 -0.000076 28.540593 -0.000185 0.000603 1.000000 -12.138327
0.395651 -0.918393 0.003819 298.540031 0.918399 0.395636 -0.003990 29.883826 0.002153 0.005086 0.999985 -12.135243
0.384912 -0.922888 0.010958 299.261093 0.922953 0.384898 -0.003387 31.575718 -0.001092 0.011417 0.999934 -12.120186
