0.999946 0.010158 -0.002186 5.006303 -0.010177 0.999909 -0.008816 -0.037771 0.002097 0.008838 0.999959 0.159172
0.999856 0.016620 -0.003417 6.954821 -0.016654 0.999809 -0.010239 -0.075778 0.003247 0.010294 0.999942 0.221249
0.999732 0.023161 0.000264 9.348252 -0.023156 0.999653 -0.012536 -0.136672 -0.000554 0.012526 0.999921 0.297575
0.999608 0.027765 0.003645 11.334642 -0.027709 0.999509 -0.014603 -0.198833 -0.004048 0.014496 0.999887 0.360984
0.999430 0.033427 0.004738 12.927671 -0.033351 0.999325 -0.015404 -0.254515 -0.005249 0.015237 0.999870 0.411867
0.999376 0.034743 0.006334 14.494146 -0.034639 0.999274 -0.015838 -0.317704 -0.006880 0.015609 0.999855 0.461947
0.999186 0.039076 0.010004 16.451742 -0.038939 0.999150 -0.013513 -0.403127 -0.010523 0.013113 0.999859 0.524566
0.999026 0.043238 0.008847 18.385657 -0.043111 0.998971 -0.014117 -0.495730 -0.009448 0.013722 0.999861 0.586471
0.998716 0.047083 0.018716 19.933701 -0.046856 0.998825 -0.012391 -0.575496 -0.019278 0.011499 0.999748 0.636054
0.998648 0.050780 0.011128 21.862247 -0.050653 0.998651 -0.011421 -0.670796 -0.011693 0.010842 0.999873 0.697804
0.998483 0.054976 0.002975 23.377391 -0.054929 0.998393 -0.013946 -0.760879 -0.003737 0.013762 0.999898 0.746398
0.997822 0.063696 0.017164 26.024163 -0.063381 0.997821 -0.018329 -0.930648 -0.018294 0.017201 0.999685 0.831352
0.997265 0.072630 0.013722 27.873583 -0.072336 0.997163 -0.020824 -1.065806 -0.015196 0.019774 0.999689 0.890802
0.996263 0.084786 0.016483 30.110254 -0.084390 0.996159 -0.023354 -1.256190 -0.018400 0.021876 0.999591 0.962844
0.995637 0.091966 0.015771 31.618655 -0.091576 0.995512 -0.023875 -1.397562 -0.017896 0.022327 0.999591 1.011499
0.994477 0.103399 0.018025 33.866425 -0.102961 0.994403 -0.023702 -1.633862 -0.020375 0.021715 0.999557 1.084140
0.993872 0.108807 0.019482 35.389845 -0.108282 0.993774 -0.026221 -1.806869 -0.022214 0.023950 0.999466 1.133440
0.992980 0.116476 0.020609 37.272256 -0.115834 0.992815 -0.029999 -2.029204 -0.023955 0.027402 0.999337 1.194405
0.992035 0.123538 0.024594 39.164793 -0.122821 0.992011 -0.028784 -2.268035 -0.027953 0.025534 0.999283 1.255779
0.991037 0.130386 0.029056 41.068211 -0.129733 0.991274 -0.023331 -2.520036 -0.031845 0.019352 0.999305 1.317569
0.990244 0.135702 0.031641 42.542642 -0.135167 0.990651 -0.018460 -2.724642 -0.033850 0.014003 0.999329 1.365483
0.989598 0.140040 0.032933 44.438843 -0.139478 0.990047 -0.018796 -2.993364 -0.035237 0.014007 0.999281 1.427134
0.989201 0.144259 0.025899 45.932290 -0.143691 0.989364 -0.022611 -3.217442 -0.028885 0.018645 0.999409 1.475757
0.988241 0.150495 0.027030 47.797662 -0.149877 0.988423 -0.023603 -3.508290 -0.030270 0.019274 0.999356 1.536547
0.986370 0.160872 0.034558 50.294244 -0.160011 0.986762 -0.026401 -3.917155 -0.038348 0.020512 0.999054 1.618012
0.985536 0.166927 0.029218 52.120386 -0.166169 0.985735 -0.026731 -4.229170 -0.033263 0.021489 0.999216 1.677670
0.984211 0.174399 0.030243 54.197649 -0.173548 0.984404 -0.028799 -4.598075 -0.034794 0.023095 0.999128 1.745606
0.983612 0.177688 0.030576 55.563894 -0.176771 0.983780 -0.030476 -4.842868 -0.035495 0.024572 0.999068 1.790300
0.982159 0.185053 0.033446 57.177695 -0.183902 0.982330 -0.034755 -5.147184 -0.039286 0.027984 0.998836 1.843174
0.981024 0.191060 0.032969 58.653432 -0.189975 0.981220 -0.033416 -5.437551 -0.038734 0.026518 0.998898 1.891589
0.979750 0.196997 0.035811 60.078607 -0.195750 0.980010 -0.035539 -5.731753 -0.042096 0.027810 0.998726 1.938419
0.978567 0.201676 0.041632 61.450378 -0.200382 0.979153 -0.033267 -6.018423 -0.047474 0.024212 0.998579 1.983513
0.978275 0.203869 0.037634 62.753619 -0.202639 0.978661 -0.034064 -6.292717 -0.043775 0.025698 0.998711 2.026365
0.977473 0.207950 0.036110 63.714516 -0.206638 0.977720 -0.036939 -6.502549 -0.042987 0.028645 0.998665 2.058000
0.975801 0.215320 0.038085 65.086853 -0.214005 0.976176 -0.035822 -6.817229 -0.044891 0.026805 0.998632 2.103262
0.975185 0.217928 0.039007 66.001738 -0.216489 0.975545 -0.038007 -7.026389 -0.046336 0.028619 0.998516 2.133433
0.973611 0.224406 0.041523 67.093886 -0.223037 0.974175 -0.035168 -7.286018 -0.048343 0.024979 0.998518 2.169503
0.972584 0.229039 0.040275 68.116647 -0.227508 0.972984 -0.039269 -7.533106 -0.048181 0.029030 0.998417 2.203303
0.971222 0.235386 0.036340 69.077249 -0.234009 0.971474 -0.038444 -7.771536 -0.044352 0.028834 0.998600 2.235082
0.970102 0.240122 0.035261 69.797553 -0.238748 0.970293 -0.039118 -7.954699 -0.043607 0.029530 0.998612 2.258936
0.968294 0.246998 0.037403 70.840795 -0.245507 0.968556 -0.040328 -8.229821 -0.046188 0.029867 0.998486 2.293536
0.967431 0.250533 0.036209 71.515079 -0.249069 0.967637 -0.040549 -8.413822 -0.045196 0.030210 0.998521 2.315932
0.966051 0.255514 0.038177 72.359969 -0.253904 0.966299 -0.042405 -8.648289 -0.047726 0.031272 0.998371 2.344016
0.965424 0.257943 0.037694 73.058083 -0.256406 0.965691 -0.041196 -8.842163 -0.047027 0.030107 0.998440 2.367222
0.964124 0.262808 0.037382 74.117940 -0.261342 0.964421 -0.039897 -9.143377 -0.046537 0.028696 0.998504 2.402489
0.963516 0.265299 0.035403 74.804546 -0.263858 0.963705 -0.040644 -9.342582 -0.044901 0.029820 0.998546 2.425358
0.962645 0.269045 0.030483 75.736266 -0.267662 0.962558 -0.042894 -9.610076 -0.040882 0.033132 0.998614 2.456376
0.961496 0.273252 0.029318 76.457563 -0.271900 0.961361 -0.043079 -9.824538 -0.039957 0.033449 0.998641 2.480428
0.960120 0.279325 0.012116 77.765521 -0.278679 0.959592 -0.039003 -10.223469 -0.022521 0.034071 0.999166 2.524097
0.958823 0.283966 0.004620 78.903171 -0.283674 0.958366 -0.032605 -10.571862 -0.013686 0.029952 0.999458 2.562087
0.957339 0.288413 0.017910 79.891034 -0.287628 0.957029 -0.036950 -10.878389 -0.027797 0.030222 0.999157 2.595097
0.954325 0.295991 0.040653 81.140784 -0.294229 0.954713 -0.044198 -11.277372 -0.051894 0.030218 0.998195 2.636917
0.951747 0.301433 0.057585 82.052148 -0.299023 0.953094 -0.046881 -11.573098 -0.069015 0.027399 0.997239 2.667440
0.948731 0.308024 0.070925 83.270121 -0.304711 0.950922 -0.053838 -11.971317 -0.084027 0.029467 0.996028 2.708247
0.947384 0.316576 0.047365 85.075504 -0.314847 0.948276 -0.040540 -12.586871 -0.057749 0.023494 0.998055 2.768871
0.946831 0.319711 0.036000 86.168772 -0.318563 0.947284 -0.034199 -12.962844 -0.045036 0.020913 0.998766 2.805600
0.945584 0.323391 0.035912 87.327295 -0.322428 0.946114 -0.030132 -13.366823 -0.043722 0.016913 0.998901 2.844550
0.943853 0.328113 0.038521 89.399091 -0.327327 0.944571 -0.025364 -14.098230 -0.044708 0.011330 0.998936 2.914254
0.942918 0.330254 0.042871 90.661390 -0.329225 0.943794 -0.029381 -14.543151 -0.050165 0.013589 0.998649 2.956719
0.941598 0.334088 0.042175 92.292890 -0.333173 0.942469 -0.027328 -15.130028 -0.048878 0.011681 0.998736 3.011667
0.940418 0.338035 0.036685 93.631021 -0.337306 0.941071 -0.024699 -15.623361 -0.042872 0.010853 0.999022 3.056800
0.937781 0.344725 0.041617 95.729311 -0.343768 0.938621 -0.028518 -16.410737 -0.048893 0.012437 0.998727 3.127644
0.935665 0.350470 0.041245 97.553057 -0.349361 0.936448 -0.031810 -17.103981 -0.049773 0.015354 0.998643 3.189267
0.932579 0.358859 0.038949 99.768478 -0.357631 0.933202 -0.035145 -17.965096 -0.048960 0.018846 0.998623 3.264226
0.929461 0.366537 0.041855 101.661424 -0.365098 0.930182 -0.038277 -18.724838 -0.052962 0.020296 0.998390 3.328402
0.927822 0.371048 0.038327 103.180385 -0.369664 0.928359 -0.038714 -19.340779 -0.049946 0.021752 0.998515 3.379932
0.925414 0.376990 0.038570 104.724396 -0.375538 0.925943 -0.040001 -19.982631 -0.050794 0.022533 0.998455 3.432397
0.923694 0.380928 0.041039 106.689768 -0.379474 0.924377 -0.039064 -20.808711 -0.052816 0.020510 0.998394 3.499228
0.920876 0.387565 0.042187 109.060679 -0.386080 0.921627 -0.039310 -21.823143 -0.054116 0.019912 0.998336 3.579945
0.919011 0.391897 0.042843 110.640259 -0.390381 0.919797 -0.039703 -22.516982 -0.054967 0.019763 0.998293 3.633818
0.917440 0.395464 0.043716 112.240168 -0.393987 0.918298 -0.038757 -23.222558 -0.055471 0.018334 0.998292 3.688399
0.915703 0.399307 0.045184 114.258914 -0.398066 0.916721 -0.034162 -24.114110 -0.055062 0.013296 0.998394 3.757276
0.912667 0.405511 0.050996 116.307037 -0.404335 0.914050 -0.032035 -25.041824 -0.059603 0.008618 0.998185 3.827278
0.910308 0.410819 0.050670 118.360262 -0.409680 0.911682 -0.031599 -25.984499 -0.059176 0.008006 0.998215 3.897524
0.908673 0.414789 0.047571 120.003239 -0.413660 0.909869 -0.031985 -26.751411 -0.056551 0.009386 0.998356 3.953801
0.905923 0.420804 0.047189 122.476973 -0.419525 0.907075 -0.034837 -27.923385 -0.057464 0.011763 0.998278 4.038626
0.902792 0.427803 0.044176 124.919392 -0.426346 0.903727 -0.038820 -29.108304 -0.056530 0.016211 0.998269 4.122526
0.900281 0.433157 0.043244 126.567159 -0.431617 0.901140 -0.040665 -29.922047 -0.056583 0.017945 0.998237 4.179206
0.892338 0.449865 0.036797 132.193164 -0.448429 0.892865 -0.041263 -32.752313 -0.051417 0.020319 0.998471 4.373007
0.889400 0.455662 0.036595 134.157598 -0.454141 0.889889 -0.043049 -33.773153 -0.052181 0.021669 0.998403 4.440851
0.886539 0.461279 0.035642 135.693890 -0.459752 0.886975 -0.043619 -34.581518 -0.051734 0.022284 0.998412 4.493963
0.884304 0.465274 0.039068 138.059703 -0.463483 0.884854 -0.047079 -35.834330 -0.056474 0.023524 0.998127 4.575794
0.881771 0.470123 0.038276 139.602481 -0.468335 0.882278 -0.047409 -36.659202 -0.056059 0.023878 0.998142 4.629200
0.880027 0.473601 0.035420 141.492579 -0.471879 0.880382 -0.047521 -37.686054 -0.053689 0.025106 0.998242 4.694715
0.879721 0.474303 0.033590 143.396892 -0.472501 0.879914 -0.049936 -38.716588 -0.053241 0.028058 0.998187 4.760702
0.878728 0.476164 0.033227 145.270222 -0.474500 0.878973 -0.047504 -39.735482 -0.051825 0.025977 0.998318 4.825643
0.877395 0.479506 0.015854 147.098090 -0.478271 0.876789 -0.049981 -40.744646 -0.037867 0.036271 0.998624 4.889088
0.875673 0.482756 0.011977 148.869252 -0.481310 0.874527 -0.059519 -41.738164 -0.039207 0.046355 0.998155 4.950649
0.874267 0.485167 0.016462 150.626816 -0.483252 0.873035 -0.065401 -42.734634 -0.046102 0.049222 0.997723 5.011793
0.872547 0.488125 0.019900 152.026656 -0.486041 0.871487 -0.065379 -43.526394 -0.049256 0.047375 0.997662 5.060483
0.870297 0.492082 0.020943 153.407894 -0.490098 0.869439 -0.062291 -44.321954 -0.048861 0.043947 0.997838 5.108602
0.867888 0.496196 0.023656 155.107219 -0.494185 0.867252 -0.060458 -45.301393 -0.050515 0.040780 0.997890 5.167806
0.865643 0.500110 0.023500 156.857848 -0.498219 0.865102 -0.058110 -46.317280 -0.049391 0.038594 0.998034 5.228834
0.863219 0.504290 0.023322 158.216174 -0.502384 0.862662 -0.058514 -47.120085 -0.049627 0.038794 0.998014 5.276265
0.860862 0.508456 0.019728 159.874546 -0.506773 0.860212 -0.056705 -48.116463 -0.045802 0.038818 0.998196 5.334259
0.858785 0.511953 0.019788 161.484353 -0.510344 0.858211 -0.054985 -49.096583 -0.045132 0.037122 0.998291 5.390625
0.856820 0.515122 0.022541 162.760570 -0.513419 0.856386 -0.054803 -49.874629 -0.047534 0.035384 0.998243 5.435315
0.854881 0.518366 0.021806 164.334159 -0.516649 0.854389 -0.055611 -50.842757 -0.047458 0.036275 0.998214 5.490466
0.852271 0.522636 0.022060 165.626038 -0.520919 0.851808 -0.055369 -51.659694 -0.047729 0.035698 0.998222 5.535862
0.849666 0.526801 0.023430 166.929113 -0.525024 0.849272 -0.055558 -52.497767 -0.049166 0.034904 0.998181 5.581727
0.845983 0.532622 0.025038 168.539986 -0.530937 0.845779 -0.052573 -53.546994 -0.049178 0.031183 0.998303 5.638496
0.844205 0.535472 0.024223 169.823115 -0.533784 0.843948 -0.053159 -54.385175 -0.048908 0.031947 0.998292 5.683728
0.841063 0.540502 0.021690 171.421562 -0.538807 0.840633 -0.054991 -55.445487 -0.047956 0.034564 0.998251 5.740162
0.839272 0.543311 0.020871 173.019289 -0.541562 0.838748 -0.056682 -56.507735 -0.048302 0.036268 0.998174 5.796583
0.836267 0.547943 0.020405 174.875519 -0.546145 0.835683 -0.057961 -57.751108 -0.048812 0.037326 0.998110 5.862183
0.835497 0.549202 0.017949 176.115034 -0.547415 0.834730 -0.059698 -58.582752 -0.047769 0.040052 0.998055 5.905995
0.837001 0.547070 0.012029 177.668895 -0.545652 0.836082 -0.056836 -59.624072 -0.041150 0.041008 0.998311 5.960911
0.836555 0.547654 0.015829 178.865952 -0.546098 0.835812 -0.056522 -60.425648 -0.044184 0.038640 0.998276 6.003214
0.837652 0.545922 0.017560 180.369067 -0.544488 0.837135 -0.052322 -61.425608 -0.043264 0.034267 0.998476 6.056298
0.837513 0.546061 0.019723 181.567200 -0.544794 0.837261 -0.046823 -62.219255 -0.042081 0.028470 0.998708 6.098592
0.837696 0.545654 0.022988 182.767017 -0.544564 0.837734 -0.040643 -63.019275 -0.041435 0.021528 0.998909 6.140975
0.839737 0.542194 0.029439 184.270630 -0.541153 0.840121 -0.036755 -64.014338 -0.044661 0.014933 0.998891 6.194048
0.844801 0.533960 0.034618 185.767679 -0.533013 0.845455 -0.033206 -64.991279 -0.046998 0.009600 0.998849 6.246816
0.852103 0.522541 0.029528 187.262405 -0.521783 0.852555 -0.029867 -65.942022 -0.040781 0.010043 0.999118 6.299369
0.865214 0.500937 0.021617 189.017745 -0.500440 0.865420 -0.024655 -67.008781 -0.031058 0.010514 0.999462 6.360820
0.875262 0.483178 0.021369 190.219934 -0.482831 0.875496 -0.019498 -67.709572 -0.028130 0.006749 0.999581 6.402746
0.892208 0.451005 0.023647 191.965033 -0.450712 0.892511 -0.016825 -68.643748 -0.028693 0.004353 0.999579 6.463161
0.904495 0.425577 0.027803 193.405725 -0.425389 0.904922 -0.012645 -69.363426 -0.030541 -0.000389 0.999533 6.512762
0.914103 0.404409 0.029478 194.524494 -0.404248 0.914577 -0.011499 -69.885337 -0.031610 -0.001405 0.999499 6.551082
0.925771 0.377870 0.012736 195.937931 -0.377672 0.925809 -0.015569 -70.500977 -0.017674 0.009604 0.999798 6.599260
0.935732 0.352662 0.005869 197.052037 -0.352539 0.935666 -0.015639 -70.951143 -0.011007 0.012565 0.999860 6.637047
0.945399 0.325807 0.008354 198.164814 -0.325640 0.945345 -0.016788 -71.360416 -0.013367 0.013151 0.999824 6.674574
0.957611 0.288062 -0.000891 199.828818 -0.288060 0.957583 -0.007465 -71.915835 -0.001297 0.007405 0.999972 6.730386
0.967971 0.250549 -0.016051 201.485938 -0.250664 0.968058 -0.005567 -72.399928 0.014143 0.009412 0.999856 6.785598
0.972764 0.231438 -0.012937 202.500118 -0.231444 0.972848 0.001082 -72.658416 0.012836 0.001942 0.999916 6.819186
0.977008 0.212927 -0.010835 203.476436 -0.212929 0.977067 0.000963 -72.890485 0.010792 0.001366 0.999941 6.851430
0.980948 0.194214 -0.004703 204.630101 -0.194196 0.980955 0.003936 -73.139450 0.005378 -0.002948 0.999981 6.889397
0.983924 0.178523 -0.004777 205.543547 -0.178414 0.983797 0.017654 -73.317545 0.007852 -0.016518 0.999833 6.919356
0.986871 0.161452 -0.004447 206.644721 -0.161279 0.986546 0.026744 -73.513640 0.008705 -0.025676 0.999632 6.955372
0.989851 0.142049 -0.004152 207.850758 -0.141861 0.989424 0.030263 -73.711704 0.008407 -0.029367 0.999533 6.994729
0.991503 0.130018 -0.004066 208.667689 -0.129852 0.991124 0.028475 -73.829487 0.007732 -0.027705 0.999586 7.021300
0.993528 0.113290 -0.008208 209.634039 -0.113055 0.993274 0.025005 -73.950897 0.010986 -0.023915 0.999654 7.052636
0.995123 0.097634 -0.014035 210.587139 -0.097197 0.994842 0.029025 -74.053811 0.016796 -0.027520 0.999480 7.083452
0.996198 0.084779 -0.020039 211.276784 -0.084176 0.996023 0.029209 -74.121831 0.022435 -0.027411 0.999372 7.105715
0.996984 0.072712 -0.027108 212.115637 -0.071944 0.997007 0.028303 -74.194410 0.029085 -0.026268 0.999232 7.132740
0.997515 0.063763 -0.029961 212.775942 -0.063058 0.997723 0.023935 -74.242093 0.031419 -0.021986 0.999264 7.153963
0.998028 0.055078 -0.030103 213.545283 -0.054329 0.998206 0.025146 -74.291604 0.031434 -0.023461 0.999230 7.178657
0.998405 0.042209 -0.037482 214.494112 -0.041104 0.998711 0.029770 -74.338764 0.038690 -0.028182 0.998854 7.209039
0.998616 0.031088 -0.042424 215.246874 -0.030101 0.999266 0.023694 -74.366698 0.043130 -0.022385 0.998819 7.233092
0.998897 0.023910 -0.040404 215.810626 -0.022956 0.999450 0.023911 -74.384489 0.040953 -0.022957 0.998897 7.251088
0.999474 0.015480 -0.028514 216.498955 -0.014824 0.999624 0.023078 -74.403193 0.028860 -0.022643 0.999327 7.273045
0.999949 0.007881 -0.006247 217.083472 -0.007774 0.999824 0.017081 -74.411124 0.006380 -0.017031 0.999835 7.291649
0.999985 0.002012 -0.005131 217.604381 -0.001900 0.999762 0.021738 -74.416030 0.005174 -0.021728 0.999751 7.308216
0.999974 -0.002931 -0.006531 218.256957 0.003105 0.999637 0.026750 -74.418732 0.006450 -0.026770 0.999621 7.328952
0.999880 -0.006493 -0.014058 218.819079 0.006860 0.999632 0.026263 -74.419580 0.013882 -0.026356 0.999556 7.346806
0.999318 -0.012570 -0.034713 219.625211 0.013250 0.999723 0.019435 -74.415597 0.034459 -0.019882 0.999208 7.372383
0.999154 -0.015536 -0.038075 220.300557 0.016365 0.999634 0.021554 -74.409708 0.037726 -0.022159 0.999042 7.393796
0.998926 -0.019540 -0.042020 221.191542 0.020633 0.999456 0.025742 -74.397264 0.041494 -0.026581 0.998785 7.422022
0.998849 -0.020940 -0.043157 221.923173 0.021972 0.999481 0.023562 -74.385259 0.042641 -0.024483 0.998790 7.445190
0.998724 -0.025348 -0.043670 222.877634 0.026228 0.999462 0.019696 -74.366823 0.043147 -0.020816 0.998852 7.475399
0.998551 -0.027577 -0.046201 223.662438 0.028495 0.999407 0.019325 -74.349841 0.045640 -0.020614 0.998745 7.500228
0.998327 -0.031844 -0.048256 224.678840 0.032615 0.999351 0.015275 -74.324533 0.047738 -0.016824 0.998718 7.532368
0.998330 -0.035714 -0.045400 225.904588 0.036206 0.999294 0.010055 -74.291071 0.045009 -0.011682 0.998918 7.571111
0.998409 -0.038429 -0.041252 226.971128 0.038871 0.999195 0.009967 -74.258136 0.040836 -0.011555 0.999099 7.604801
0.998422 -0.041097 -0.038258 228.256147 0.041483 0.999095 0.009352 -74.213302 0.037839 -0.010924 0.999224 7.645366
0.998393 -0.043067 -0.036837 229.081811 0.043365 0.999032 0.007326 -74.185938 0.036486 -0.008912 0.999294 7.671437
0.998340 -0.043696 -0.037534 229.911119 0.044101 0.998977 0.010025 -74.157808 0.037058 -0.011664 0.999245 7.697620
0.998181 -0.046148 -0.038792 230.916315 0.046570 0.998864 0.010055 -74.119285 0.038284 -0.011843 0.999197 7.729333
0.997995 -0.047277 -0.042081 232.099506 0.047839 0.998777 0.012454 -74.068972 0.041441 -0.014442 0.999037 7.766635
0.997915 -0.046492 -0.044764 232.874091 0.047170 0.998786 0.014217 -74.036648 0.044049 -0.016299 0.998896 7.791058
0.997625 -0.045997 -0.051263 234.199222 0.046779 0.998805 0.014153 -73.982998 0.050550 -0.016517 0.998585 7.832849
0.997594 -0.044864 -0.052845 235.452439 0.045594 0.998879 0.012688 -73.930619 0.052216 -0.015067 0.998522 7.872363
0.997604 -0.044057 -0.053345 236.294356 0.044768 0.998923 0.012220 -73.896009 0.052749 -0.014579 0.998501 7.898912
0.997550 -0.043407 -0.054859 236.936751 0.044040 0.998976 0.010379 -73.869913 0.054352 -0.012769 0.998440 7.919170
0.997378 -0.044007 -0.057452 237.701060 0.044657 0.998952 0.010076 -73.838973 0.056949 -0.012615 0.998297 7.943275
0.997365 -0.044557 -0.057246 238.235097 0.045187 0.998931 0.009753 -73.817166 0.056750 -0.012314 0.998312 7.960116
0.997225 -0.045131 -0.059213 238.862591 0.045605 0.998937 0.006678 -73.794341 0.058848 -0.009360 0.998223 7.979919
0.997079 -0.046771 -0.060384 239.299812 0.047199 0.998869 0.005682 -73.776761 0.060050 -0.008516 0.998159 7.993708
0.997034 -0.046776 -0.061118 239.769967 0.047192 0.998871 0.005376 -73.759537 0.060797 -0.008244 0.998116 8.008545
0.997013 -0.047326 -0.061029 240.081038 0.047656 0.998856 0.003967 -73.747712 0.060771 -0.006864 0.998128 8.018360
0.996908 -0.047455 -0.062626 240.334524 0.047751 0.998854 0.003244 -73.735660 0.062400 -0.006225 0.998032 8.026344
0.996816 -0.047998 -0.063678 240.643434 0.048390 0.998818 0.004640 -73.723987 0.063380 -0.007707 0.997960 8.036091
0.996764 -0.048279 -0.064277 240.780199 0.048606 0.998812 0.003534 -73.719780 0.064030 -0.006647 0.997926 8.040411
0.996672 -0.048737 -0.065344 240.889262 0.049009 0.998795 0.002567 -73.716576 0.065140 -0.005761 0.997860 8.043857
0.996638 -0.049014 -0.065658 240.987173 0.049259 0.998784 0.002120 -73.712457 0.065474 -0.005347 0.997840 8.046944
0.996597 -0.049524 -0.065893 241.075046 0.049756 0.998760 0.001871 -73.709414 0.065719 -0.005144 0.997825 8.049718
0.996594 -0.049567 -0.065913 241.117687 0.049803 0.998757 0.001953 -73.709655 0.065734 -0.005229 0.997823 8.051074
0.996581 -0.049491 -0.066151 241.152721 0.049752 0.998759 0.002296 -73.710125 0.065955 -0.005579 0.997807 8.052189
0.996530 -0.049460 -0.066942 241.161737 0.049734 0.998760 0.002429 -73.712065 0.066739 -0.005750 0.997754 8.052485
0.996450 -0.049353 -0.068200 241.152785 0.049632 0.998765 0.002408 -73.715010 0.067997 -0.005784 0.997669 8.052217
0.996450 -0.049383 -0.068177 241.149282 0.049678 0.998762 0.002644 -73.717125 0.067962 -0.006022 0.997670 8.052117
0.996455 -0.049412 -0.068090 241.148446 0.049705 0.998761 0.002613 -73.718586 0.067877 -0.005988 0.997676 8.052098
0.996456 -0.049422 -0.068062 241.148320 0.049715 0.998760 0.002610 -73.720125 0.067849 -0.005984 0.997678 8.052102
0.996454 -0.049416 -0.068096 241.148403 0.049710 0.998760 0.002632 -73.721236 0.067881 -0.006008 0.997675 8.052111
0.996454 -0.049440 -0.068081 241.148457 0.049725 0.998760 0.002500 -73.722228 0.067873 -0.005876 0.997677 8.052118
0.996448 -0.049478 -0.068135 241.148510 0.049767 0.998758 0.002556 -73.723471 0.067924 -0.005937 0.997673 8.052126
0.996459 -0.049511 -0.067959 241.148592 0.049801 0.998756 0.002579 -73.724834 0.067747 -0.005954 0.997685 8.052136
0.996458 -0.049502 -0.067976 241.148647 0.049799 0.998756 0.002685 -73.725574 0.067758 -0.006061 0.997683 8.052142
0.996459 -0.049457 -0.067993 241.148701 0.049752 0.998758 0.002658 -73.726566 0.067778 -0.006031 0.997682 8.052149
0.996453 -0.049491 -0.068064 241.148698 0.049777 0.998757 0.002509 -73.727321 0.067855 -0.005888 0.997678 8.052153
0.996454 -0.049502 -0.068041 241.148724 0.049786 0.998757 0.002491 -73.727943 0.067833 -0.005870 0.997679 8.052157
0.996452 -0.049551 -0.068023 241.148779 0.049836 0.998754 0.002492 -73.728683 0.067815 -0.005873 0.997681 8.052163
0.996451 -0.049556 -0.068045 241.148806 0.049834 0.998755 0.002395 -73.729305 0.067842 -0.005778 0.997679 8.052167
0.996458 -0.049532 -0.067955 241.148832 0.049797 0.998757 0.002216 -73.729927 0.067761 -0.005593 0.997686 8.052171
0.996448 -0.049547 -0.068097 241.148889 0.049825 0.998755 0.002394 -73.730416 0.067894 -0.005778 0.997676 8.052176
0.996449 -0.049529 -0.068087 241.148886 0.049797 0.998757 0.002243 -73.730919 0.067891 -0.005626 0.997677 8.052178
0.996439 -0.049571 -0.068211 241.148942 0.049846 0.998754 0.002336 -73.731660 0.068011 -0.005727 0.997668 8.052184
0.996436 -0.049600 -0.068233 241.148940 0.049874 0.998753 0.002310 -73.731911 0.068034 -0.005705 0.997667 8.052185
0.996433 -0.049480 -0.068357 241.148997 0.049765 0.998758 0.002472 -73.732400 0.068149 -0.005865 0.997658 8.052190
0.996426 -0.049449 -0.068481 241.148965 0.049727 0.998760 0.002366 -73.732785 0.068279 -0.005763 0.997650 8.052191
0.996426 -0.049399 -0.068515 241.148993 0.049683 0.998762 0.002457 -73.733155 0.068309 -0.005852 0.997647 8.052193
0.996419 -0.049346 -0.068656 241.149021 0.049632 0.998765 0.002461 -73.733525 0.068450 -0.005859 0.997637 8.052196
0.996419 -0.049353 -0.068656 241.149020 0.049643 0.998764 0.002514 -73.733777 0.068447 -0.005913 0.997637 8.052198
0.996413 -0.049411 -0.068701 241.149047 0.049698 0.998761 0.002475 -73.734147 0.068493 -0.005881 0.997634 8.052201
0.996410 -0.049393 -0.068762 241.149105 0.049683 0.998762 0.002521 -73.734384 0.068552 -0.005929 0.997630 8.052204
0.996404 -0.049418 -0.068823 241.149104 0.049704 0.998761 0.002439 -73.734636 0.068617 -0.005851 0.997626 8.052205
0.996398 -0.049417 -0.068914 241.149074 0.049702 0.998761 0.002428 -73.734769 0.068709 -0.005844 0.997620 8.052205
0.996394 -0.049434 -0.068958 241.149132 0.049717 0.998760 0.002389 -73.735006 0.068754 -0.005808 0.997617 8.052208
0.996385 -0.049504 -0.069035 241.165706 0.049779 0.998758 0.002263 -73.734467 0.068838 -0.005691 0.997612 8.052731
0.996375 -0.049489 -0.069186 241.195600 0.049763 0.998759 0.002241 -73.733179 0.068989 -0.005676 0.997601 8.053674
0.996404 -0.049396 -0.068836 241.242574 0.049645 0.998765 0.001914 -73.730851 0.068656 -0.005324 0.997626 8.055153
0.996402 -0.049448 -0.068834 241.280907 0.049698 0.998762 0.001929 -73.728628 0.068654 -0.005343 0.997626 8.056358
0.996366 -0.049327 -0.069445 241.311158 0.049584 0.998768 0.001973 -73.727002 0.069262 -0.005409 0.997584 8.057310
0.996359 -0.049368 -0.069513 241.319746 0.049622 0.998766 0.001924 -73.725904 0.069333 -0.005366 0.997579 8.057577
0.996331 -0.049539 -0.069791 241.312409 0.049805 0.998757 0.002078 -73.725439 0.069601 -0.005546 0.997559 8.057341
0.996310 -0.049690 -0.069986 241.313331 0.049952 0.998750 0.002007 -73.724585 0.069799 -0.005496 0.997546 8.057366
0.996293 -0.049758 -0.070170 241.342726 0.050018 0.998746 0.001941 -73.722539 0.069986 -0.005443 0.997533 8.058288
0.996284 -0.049786 -0.070283 241.380883 0.050045 0.998745 0.001918 -73.720108 0.070099 -0.005428 0.997525 8.059487
0.996275 -0.049865 -0.070358 241.417854 0.050116 0.998742 0.001803 -73.717968 0.070180 -0.005323 0.997520 8.060650
0.996262 -0.049830 -0.070558 241.467847 0.050058 0.998745 0.001474 -73.715403 0.070396 -0.005000 0.997507 8.062223
0.996251 -0.049914 -0.070662 241.509790 0.050128 0.998742 0.001245 -73.713301 0.070511 -0.004783 0.997500 8.063544
0.996239 -0.050036 -0.070736 241.563541 0.050213 0.998738 0.000733 -73.710948 0.070610 -0.004282 0.997495 8.065238
0.996225 -0.050146 -0.070857 241.607347 0.050300 0.998734 0.000392 -73.709018 0.070747 -0.003954 0.997486 8.066619
0.996167 -0.050077 -0.071725 241.677321 0.050196 0.998739 -0.000146 -73.705206 0.071642 -0.003455 0.997424 8.068820
0.996179 -0.050085 -0.071541 241.737883 0.050185 0.998740 -0.000388 -73.701938 0.071471 -0.003204 0.997438 8.070726
0.996122 -0.050283 -0.072204 241.854272 0.050368 0.998731 -0.000635 -73.695306 0.072144 -0.003004 0.997390 8.074386
0.996058 -0.050859 -0.072678 241.984099 0.050932 0.998702 -0.000850 -73.688148 0.072627 -0.002855 0.997355 8.078470
0.995957 -0.051498 -0.073602 242.199586 0.051533 0.998670 -0.001425 -73.676604 0.073578 -0.002374 0.997287 8.085251
0.995892 -0.052491 -0.073776 242.414777 0.052448 0.998620 -0.002522 -73.665385 0.073806 -0.001357 0.997272 8.092024
0.995785 -0.053393 -0.074575 242.752362 0.053318 0.998573 -0.002997 -73.647695 0.074628 -0.000991 0.997211 8.102649
0.995746 -0.055352 -0.073666 243.163651 0.055227 0.998467 -0.003741 -73.626286 0.073760 -0.000343 0.997276 8.115595
0.995655 -0.056416 -0.074079 243.527111 0.056151 0.998406 -0.005652 -73.606283 0.074280 0.001467 0.997236 8.127029
0.995441 -0.058197 -0.075560 243.892347 0.057736 0.998298 -0.008274 -73.586348 0.075913 0.003874 0.997107 8.138520
0.995151 -0.061216 -0.076985 244.394139 0.060694 0.998115 -0.009106 -73.556979 0.077398 0.004390 0.996991 8.154296
0.994618 -0.064044 -0.081449 244.836735 0.063467 0.997937 -0.009657 -73.529789 0.081899 0.004436 0.996631 8.168205
0.994113 -0.066948 -0.085189 245.437191 0.066390 0.997750 -0.009379 -73.493729 0.085625 0.003668 0.996321 8.187079
0.993521 -0.069098 -0.090225 245.917683 0.068477 0.997603 -0.009970 -73.463041 0.090698 0.003727 0.995871 8.202172
0.992962 -0.070378 -0.095256 246.530232 0.069667 0.997512 -0.010779 -73.423015 0.095778 0.004067 0.995394 8.221408
0.992624 -0.071109 -0.098187 247.183048 0.070647 0.997468 -0.008175 -73.378659 0.098520 0.001179 0.995134 8.241900
0.992494 -0.072520 -0.098472 247.738661 0.072027 0.997366 -0.008559 -73.339002 0.098834 0.001402 0.995103 8.259331
0.993002 -0.071703 -0.093838 248.464090 0.070962 0.997416 -0.011212 -73.289810 0.094399 0.004474 0.995524 8.282103
0.993322 -0.071789 -0.090319 249.076848 0.071270 0.997417 -0.008954 -73.249608 0.090728 0.002457 0.995873 8.301345
0.993804 -0.069969 -0.086358 249.872999 0.069733 0.997549 -0.005752 -73.195289 0.086549 -0.000306 0.996248 8.326335
0.994671 -0.068821 -0.076764 251.669868 0.067843 0.997579 -0.015281 -73.081049 0.077630 0.009992 0.996932 8.382781
0.995703 -0.065212 -0.065744 252.522973 0.064124 0.997770 -0.018518 -73.028745 0.066805 0.014223 0.997665 8.409591
0.996253 -0.059432 -0.062830 253.367086 0.058961 0.998217 -0.009319 -72.981533 0.063272 0.005580 0.997981 8.436142
0.996522 -0.054966 -0.062635 254.056993 0.054369 0.998458 -0.011182 -72.946317 0.063153 0.007738 0.997974 8.457860
0.996148 -0.050983 -0.071338 254.883315 0.049683 0.998567 -0.019885 -72.905974 0.072249 0.016265 0.997254 8.483883
0.995790 -0.045631 -0.079495 255.548704 0.044844 0.998926 -0.011659 -72.879652 0.079942 0.008045 0.996767 8.504871
0.996070 -0.039388 -0.079326 256.306877 0.039108 0.999222 -0.005088 -72.850843 0.079465 0.001966 0.996836 8.528792
0.996240 -0.037553 -0.078072 256.881782 0.037154 0.999288 -0.006549 -72.828705 0.078262 0.003624 0.996926 8.546929
0.996206 -0.033934 -0.080133 257.936991 0.033883 0.999424 -0.001996 -72.795404 0.080155 -0.000726 0.996782 8.580258
0.996172 -0.036605 -0.079384 258.957088 0.036753 0.999324 0.000411 -72.765170 0.079316 -0.003327 0.996844 8.612488
0.995986 -0.042272 -0.078899 259.525583 0.042520 0.999095 0.001458 -72.746612 0.078766 -0.004807 0.996882 8.630440
0.995400 -0.054305 -0.078927 260.279492 0.054665 0.998502 0.002399 -72.712439 0.078679 -0.006703 0.996877 8.654197
0.994065 -0.073704 -0.080014 261.040250 0.074037 0.997255 0.001193 -72.664147 0.079707 -0.007110 0.996793 8.678095
0.991362 -0.101885 -0.082589 261.826350 0.102711 0.994694 0.005799 -72.596204 0.081560 -0.014232 0.996567 8.702693
0.987630 -0.132094 -0.084489 262.471033 0.133172 0.991066 0.007234 -72.522172 0.082779 -0.018396 0.996398 8.722768
0.980026 -0.179436 -0.085745 263.279015 0.179795 0.983698 -0.003582 -72.399610 0.084990 -0.011906 0.996311 8.747769
0.970755 -0.223122 -0.088610 263.945425 0.223473 0.974691 -0.006067 -72.266473 0.087721 -0.013912 0.996048 8.768217
0.957867 -0.271633 -0.093307 264.634736 0.271865 0.962279 -0.010454 -72.093422 0.092627 -0.015353 0.995583 8.789179
0.938479 -0.332949 -0.091666 265.488695 0.332791 0.942839 -0.017445 -71.822375 0.092235 -0.014134 0.995637 8.814844
0.912600 -0.398585 -0.091057 266.348497 0.398264 0.916996 -0.022463 -71.490960 0.092452 -0.015765 0.995592 8.840372
0.874011 -0.478622 -0.083822 267.346718 0.477900 0.877909 -0.029786 -71.011549 0.087844 -0.014026 0.996035 8.869503
0.843898 -0.531593 -0.072414 268.002955 0.530944 0.846892 -0.029545 -70.634597 0.077033 -0.013515 0.996937 8.888322
0.788923 -0.612093 -0.054252 268.978641 0.611361 0.790739 -0.031130 -69.967680 0.061954 -0.008609 0.998042 8.915734
0.732556 -0.678420 -0.055751 269.780462 0.677711 0.734557 -0.033672 -69.303247 0.063796 -0.013117 0.997877 8.937637
0.681309 -0.729456 -0.060931 270.393151 0.728842 0.683738 -0.035945 -68.710131 0.067881 -0.019919 0.997495 8.953917
0.605870 -0.792719 -0.067217 271.231785 0.792568 0.608756 -0.035385 -67.745139 0.068969 -0.031835 0.997111 8.975380
0.557496 -0.827005 -0.072539 271.762289 0.827424 0.560633 -0.032549 -67.032405 0.067586 -0.041874 0.996834 8.988410
0.509151 -0.856869 -0.080868 272.377213 0.857915 0.512794 -0.032014 -66.078205 0.068901 -0.053078 0.996211 9.002827
0.484115 -0.871167 -0.081858 272.865607 0.872445 0.487732 -0.030927 -65.255897 0.066867 -0.056445 0.996164 9.013933
0.454974 -0.886528 -0.084065 273.561734 0.887866 0.458861 -0.033758 -63.971797 0.068502 -0.059280 0.995888 9.029163
0.428218 -0.899615 -0.085574 274.381194 0.900998 0.432315 -0.036145 -62.353637 0.069512 -0.061624 0.995676 9.046520
0.417874 -0.904573 -0.084435 274.850387 0.905999 0.421816 -0.035179 -61.368769 0.067438 -0.061797 0.995808 9.056146
0.409698 -0.908548 -0.081781 275.435366 0.909877 0.413423 -0.034726 -60.113768 0.065360 -0.060184 0.996045 9.068002
0.406110 -0.910310 -0.080063 275.900095 0.911649 0.409627 -0.033195 -59.104985 0.063014 -0.059509 0.996237 9.077358
0.399628 -0.913206 -0.079697 276.618242 0.914604 0.403058 -0.032296 -57.519675 0.061615 -0.059985 0.996296 9.091674
0.395327 -0.915272 -0.077424 277.229982 0.916712 0.398452 -0.029590 -56.152940 0.057932 -0.059278 0.996559 9.103782
0.393049 -0.916280 -0.077097 277.730988 0.917735 0.396124 -0.029128 -55.023306 0.057230 -0.059305 0.996598 9.113643
0.390887 -0.917377 -0.075006 278.364214 0.918530 0.394024 -0.032359 -53.581062 0.059240 -0.056247 0.996658 9.126029
0.389816 -0.918157 -0.070932 279.003121 0.919076 0.392727 -0.032629 -52.121468 0.057816 -0.052473 0.996947 9.138502
0.388330 -0.918904 -0.069397 279.513508 0.919682 0.391209 -0.033762 -50.933867 0.058173 -0.050712 0.997018 9.148350
0.392070 -0.917409 -0.068130 280.306558 0.918036 0.394943 -0.035077 -49.093337 0.059087 -0.048794 0.997060 9.163678
0.399274 -0.914473 -0.065729 281.425099 0.915114 0.401887 -0.032461 -46.557471 0.056100 -0.047189 0.997309 9.185619
0.402394 -0.913139 -0.065239 281.994859 0.913755 0.404976 -0.032353 -45.281064 0.055963 -0.046593 0.997345 9.196878
0.404267 -0.912203 -0.066738 282.722281 0.912738 0.407055 -0.034860 -43.670235 0.058966 -0.046822 0.997161 9.211352
0.404503 -0.912034 -0.067614 283.309943 0.912640 0.407318 -0.034344 -42.365065 0.058864 -0.047815 0.997120 9.223024
0.403858 -0.912221 -0.068937 284.046768 0.912802 0.406825 -0.035851 -40.726675 0.060749 -0.048447 0.996977 9.237650
0.402454 -0.913010 -0.066652 284.633958 0.913905 0.404928 -0.028490 -39.415463 0.053001 -0.049447 0.997369 9.249275
0.399801 -0.914067 -0.068129 285.210671 0.914738 0.402622 -0.033911 -38.110461 0.058427 -0.048762 0.997100 9.260601
0.398139 -0.914733 -0.068919 285.940488 0.915079 0.401296 -0.039907 -36.453680 0.064161 -0.047178 0.996824 9.274905
0.396394 -0.915949 -0.062526 286.679333 0.916144 0.399060 -0.037819 -34.767796 0.059592 -0.042292 0.997327 9.289340
0.396306 -0.916049 -0.061609 287.423548 0.916589 0.398626 -0.031027 -33.096180 0.052981 -0.044174 0.997618 9.304022
0.395746 -0.915672 -0.070219 288.025215 0.916515 0.398639 -0.032965 -31.737566 0.058178 -0.051311 0.996987 9.315853
0.396535 -0.915534 -0.067508 288.792673 0.916005 0.399462 -0.036937 -29.999939 0.060784 -0.047191 0.997035 9.330920
0.398106 -0.915175 -0.062976 289.397742 0.915440 0.400760 -0.036891 -28.624155 0.059000 -0.042965 0.997333 9.342767
0.398470 -0.915591 -0.053988 290.160413 0.915672 0.400501 -0.033835 -26.902655 0.052602 -0.035953 0.997968 9.357768
0.398115 -0.915628 -0.055951 290.778673 0.915603 0.400370 -0.037086 -25.510697 0.056358 -0.036464 0.997745 9.369948
0.399193 -0.915071 -0.057354 291.398649 0.915105 0.401522 -0.036914 -24.119074 0.056808 -0.037749 0.997671 9.382184
0.396258 -0.916553 -0.053953 292.182577 0.916632 0.398290 -0.033938 -22.355046 0.052595 -0.036007 0.997967 9.397632
0.392213 -0.918203 -0.055422 292.954593 0.918039 0.394524 -0.039435 -20.605747 0.058074 -0.035413 0.997684 9.412781
0.389343 -0.919427 -0.055376 293.564781 0.919200 0.391693 -0.040600 -19.189502 0.059019 -0.035094 0.997640 9.424574
0.385997 -0.920894 -0.054417 294.469098 0.920586 0.388323 -0.041547 -17.077056 0.059391 -0.034059 0.997654 9.441980
0.383813 -0.921825 -0.054088 295.217424 0.921667 0.386029 -0.038886 -15.325138 0.056725 -0.034927 0.997779 9.456362
0.383692 -0.921730 -0.056511 295.825549 0.921703 0.386018 -0.038128 -13.895827 0.056958 -0.037458 0.997674 9.468020
0.382366 -0.922232 -0.057315 296.580652 0.922184 0.384774 -0.039058 -12.126667 0.058073 -0.037920 0.997592 9.482525
0.380304 -0.922991 -0.058797 297.181007 0.923005 0.382799 -0.039075 -10.688953 0.058573 -0.039410 0.997505 9.493891
0.378768 -0.923515 -0.060459 297.897413 0.923705 0.381286 -0.037276 -8.969858 0.057477 -0.041728 0.997474 9.507436
0.379016 -0.923112 -0.064895 298.751382 0.923604 0.381708 -0.035416 -6.934835 0.057464 -0.046515 0.997263 9.523657
0.378338 -0.922990 -0.070352 299.463009 0.923688 0.381405 -0.036483 -5.224450 0.060506 -0.051180 0.996855 9.537097
0.377934 -0.922954 -0.072949 300.037004 0.923793 0.381157 -0.036427 -3.837676 0.061426 -0.053623 0.996670 9.547899
0.377284 -0.923067 -0.074861 300.622682 0.924077 0.380566 -0.035371 -2.434470 0.061140 -0.055833 0.996566 9.558984
0.375590 -0.923648 -0.076204 301.351503 0.924857 0.378841 -0.033440 -0.671871 0.059756 -0.057918 0.996531 9.572690
0.373711 -0.924256 -0.078053 302.069588 0.925703 0.376947 -0.031394 1.062966 0.058438 -0.060521 0.996455 9.586203
0.371018 -0.925200 -0.079695 302.628873 0.926931 0.374156 -0.028377 2.437718 0.056073 -0.063343 0.996415 9.596602
0.367549 -0.926384 -0.081983 303.197671 0.928468 0.370577 -0.024878 3.844206 0.053427 -0.066975 0.996323 9.607134
0.362625 -0.928123 -0.084203 304.029742 0.930612 0.365442 -0.020331 5.936952 0.049642 -0.070988 0.996241 9.622351
0.356347 -0.930704 -0.082509 304.697573 0.933108 0.359040 -0.020004 7.653075 0.048242 -0.069862 0.996390 9.634369
0.348406 -0.933707 -0.082493 305.342913 0.936173 0.351019 -0.019152 9.351753 0.046839 -0.070555 0.996408 9.645766
0.339106 -0.937436 -0.078879 305.965961 0.939692 0.341504 -0.018803 11.037056 0.044564 -0.067746 0.996707 9.656527
0.329773 -0.941065 -0.075138 306.472303 0.943091 0.331995 -0.018941 12.434158 0.042770 -0.064616 0.996993 9.665125
0.316758 -0.946015 -0.068703 307.063615 0.947733 0.318593 -0.017339 14.134184 0.038292 -0.059620 0.997486 9.674800
