0.999872 0.014010 0.007669 3.160687 -0.013994 0.999900 -0.002109 -0.033517 -0.007697 0.002002 0.999968 -0.029344
0.999629 0.022310 0.015639 4.777182 -0.022211 0.999732 -0.006462 -0.073662 -0.015779 0.006112 0.999857 -0.074555
0.999231 0.036335 0.014723 6.761065 -0.036268 0.999331 -0.004793 -0.142924 -0.014887 0.004256 0.999880 -0.130268
0.998503 0.051340 0.018883 8.291771 -0.051248 0.998672 -0.005292 -0.216717 -0.019129 0.004317 0.999808 -0.176698
0.997145 0.071783 0.023434 10.194615 -0.071611 0.997400 -0.008118 -0.340556 -0.023956 0.006417 0.999692 -0.229843
0.994920 0.097740 0.024109 12.454282 -0.097562 0.995194 -0.008452 -0.540766 -0.024819 0.006057 0.999674 -0.314057
0.992064 0.123732 0.022350 14.367937 -0.123574 0.992300 -0.008320 -0.757154 -0.023208 0.005492 0.999716 -0.381255
0.989501 0.142728 0.022714 15.880978 -0.142442 0.989708 -0.013764 -0.961393 -0.024444 0.010384 0.999647 -0.421468
0.985745 0.165581 0.029841 17.669013 -0.165159 0.986136 -0.016090 -1.243625 -0.032092 0.010932 0.999425 -0.482876
0.982511 0.183559 0.031268 19.131784 -0.183037 0.982926 -0.018837 -1.507344 -0.034191 0.012784 0.999334 -0.542999
0.977674 0.207648 0.032197 20.954151 -0.207074 0.978115 -0.020276 -1.874677 -0.035702 0.013156 0.999276 -0.623652
0.973278 0.227175 0.033479 22.410822 -0.226478 0.973736 -0.023370 -2.198492 -0.037909 0.015163 0.999166 -0.679996
0.967383 0.250979 0.034354 24.185552 -0.250216 0.967866 -0.025030 -2.641346 -0.039533 0.015618 0.999096 -0.769572
0.961962 0.270891 0.035309 25.633895 -0.270035 0.962467 -0.027194 -3.040566 -0.041350 0.016625 0.999006 -0.838904
0.953556 0.298963 0.036779 27.714060 -0.297990 0.954107 -0.029695 -3.664453 -0.043969 0.017356 0.998882 -0.937452
0.946485 0.320223 0.040289 29.409633 -0.319229 0.947226 -0.029254 -4.224299 -0.047530 0.014827 0.998760 -1.036660
0.940818 0.336908 0.036804 30.739568 -0.336030 0.941433 -0.028083 -4.691660 -0.044110 0.014054 0.998928 -1.117563
0.934158 0.354878 0.037566 32.380599 -0.354003 0.934824 -0.028050 -5.310859 -0.045072 0.012905 0.998900 -1.214621
0.927235 0.372469 0.038755 34.019583 -0.371564 0.927965 -0.028672 -5.959668 -0.046643 0.012185 0.998837 -1.302656
0.919496 0.391152 0.039085 35.345759 -0.390379 0.920285 -0.026064 -6.512382 -0.046164 0.008708 0.998896 -1.385901
0.911642 0.409174 0.038550 36.667570 -0.408388 0.912415 -0.026800 -7.092690 -0.046140 0.008689 0.998897 -1.468131
0.901209 0.431893 0.035934 38.290004 -0.431248 0.901901 -0.024478 -7.849158 -0.042981 0.006564 0.999054 -1.575657
0.890076 0.454664 0.032338 40.170945 -0.454063 0.890636 -0.024392 -8.791767 -0.039891 0.007028 0.999179 -1.680042
0.879961 0.473853 0.033655 41.748455 -0.473286 0.880590 -0.023681 -9.629228 -0.040858 0.004910 0.999153 -1.768584
0.870038 0.491825 0.033790 43.248880 -0.491317 0.870689 -0.022555 -10.469662 -0.040514 0.003022 0.999174 -1.855828
0.862077 0.505590 0.034676 44.424971 -0.505054 0.862770 -0.023422 -11.157175 -0.041760 0.002678 0.999124 -1.919420
0.852455 0.521571 0.035832 45.841144 -0.520964 0.853203 -0.025332 -12.014713 -0.043785 0.002927 0.999037 -2.005041
0.844786 0.533569 0.040498 46.949426 -0.532740 0.845748 -0.029980 -12.715334 -0.050247 0.003752 0.998730 -2.086709
0.837575 0.544983 0.038218 48.054022 -0.544039 0.838421 -0.032739 -13.434709 -0.049885 0.006629 0.998733 -2.174274
0.828058 0.559300 0.038783 49.329008 -0.558528 0.828961 -0.029500 -14.291557 -0.048650 0.002766 0.998812 -2.258429
0.819261 0.571895 0.041795 50.298418 -0.570947 0.820320 -0.033082 -14.962388 -0.053205 0.003240 0.998578 -2.327771
0.807989 0.587754 0.041231 51.429695 -0.586582 0.809016 -0.037599 -15.776099 -0.055455 0.006194 0.998442 -2.406301
0.797393 0.602099 0.040510 52.525295 -0.600899 0.798396 -0.038528 -16.601743 -0.055541 0.006379 0.998436 -2.498559
0.789579 0.612052 0.044232 53.305896 -0.610545 0.790783 -0.043566 -17.210041 -0.061642 0.007394 0.998071 -2.568166
0.778210 0.626145 0.048291 54.471701 -0.624067 0.779638 -0.052004 -18.147805 -0.070212 0.010334 0.997479 -2.678848
0.770004 0.636345 0.046465 55.411232 -0.634034 0.771285 -0.055851 -18.918291 -0.071378 0.013545 0.997357 -2.783858
0.764064 0.643897 0.040036 56.153795 -0.641475 0.764864 -0.059096 -19.530356 -0.068674 0.019471 0.997449 -2.854345
0.756593 0.652774 0.038122 56.837168 -0.650135 0.757208 -0.062926 -20.108416 -0.069943 0.022825 0.997290 -2.913743
0.747748 0.662914 0.037642 57.605523 -0.659928 0.748243 -0.068029 -20.776802 -0.073263 0.026028 0.996973 -2.976864
0.738496 0.673368 0.034630 58.349239 -0.670390 0.738785 -0.069095 -21.442423 -0.072111 0.027811 0.997009 -3.053196
0.732039 0.680476 0.032725 58.883278 -0.677334 0.732129 -0.072150 -21.921992 -0.073055 0.030651 0.996857 -3.096150
0.724364 0.688623 0.033106 59.489268 -0.685237 0.724421 -0.075262 -22.486181 -0.075810 0.031832 0.996614 -3.158860
0.716020 0.697365 0.031568 60.172381 -0.693866 0.715932 -0.077403 -23.134316 -0.076578 0.033519 0.996500 -3.228381
0.710381 0.703148 0.030691 60.578337 -0.699268 0.710068 -0.082635 -23.522130 -0.079897 0.037241 0.996107 -3.266824
0.703187 0.710357 0.030367 61.066448 -0.706148 0.702729 -0.086755 -23.994961 -0.082967 0.039562 0.995767 -3.313855
0.696808 0.716399 0.035100 61.553854 -0.711614 0.696623 -0.091221 -24.477888 -0.089802 0.038586 0.995212 -3.363434
0.687970 0.724981 0.033156 62.116681 -0.719905 0.687508 -0.095236 -25.055013 -0.091839 0.041650 0.994902 -3.436279
0.682995 0.729821 0.029646 62.508155 -0.724805 0.682208 -0.096174 -25.453771 -0.090415 0.044199 0.994923 -3.484008
0.670405 0.741450 0.028444 63.111594 -0.736868 0.669781 -0.091754 -26.092740 -0.087083 0.040553 0.995375 -3.550213
0.657863 0.752547 0.029835 63.605037 -0.747443 0.657239 -0.096779 -26.623872 -0.092439 0.041368 0.994859 -3.601655
0.647863 0.761174 0.029793 63.995304 -0.755637 0.647114 -0.101276 -27.063013 -0.096369 0.043100 0.994412 -3.641771
0.637964 0.769581 0.027337 64.409295 -0.763744 0.636867 -0.105334 -27.537236 -0.098473 0.046321 0.994061 -3.682294
0.627407 0.778291 0.024972 64.838119 -0.772112 0.625945 -0.109708 -28.041606 -0.101016 0.049551 0.993650 -3.723766
0.615389 0.787878 0.023330 65.387678 -0.781904 0.613928 -0.108252 -28.719588 -0.099612 0.048375 0.993850 -3.802884
0.602888 0.797524 0.021929 65.951588 -0.791545 0.601358 -0.108742 -29.434715 -0.099911 0.048201 0.993828 -3.894327
0.587963 0.808725 0.016199 66.610053 -0.802495 0.585713 -0.113765 -30.328027 -0.101492 0.053890 0.993376 -4.031292
0.577164 0.816304 0.023001 67.139675 -0.809655 0.575681 -0.114240 -31.065714 -0.106495 0.047312 0.993187 -4.133406
0.569313 0.821782 0.023586 67.551920 -0.814893 0.567872 -0.116069 -31.650083 -0.108777 0.046859 0.992961 -4.222072
0.562650 0.826391 0.022418 67.958390 -0.819384 0.561067 -0.117533 -32.243411 -0.109706 0.047761 0.992816 -4.303344
0.554357 0.831902 0.025042 68.448644 -0.824420 0.552999 -0.120518 -32.960672 -0.114107 0.046164 0.992395 -4.393952
0.550114 0.834726 0.024646 68.915665 -0.826958 0.548628 -0.123077 -33.668779 -0.116257 0.047325 0.992091 -4.503660
0.547535 0.836385 0.025789 69.293722 -0.828369 0.546132 -0.124678 -34.235584 -0.118363 0.046903 0.991862 -4.593534
0.546843 0.836753 0.028425 69.731796 -0.828092 0.545563 -0.128938 -34.900381 -0.123396 0.046971 0.991245 -4.687625
0.547689 0.836115 0.030802 70.149389 -0.826926 0.546542 -0.132230 -35.525652 -0.127394 0.046950 0.990740 -4.772581
0.548230 0.835792 0.029908 70.569928 -0.826172 0.546783 -0.135896 -36.151905 -0.129934 0.049793 0.990272 -4.862244
0.550282 0.834456 0.029551 70.970252 -0.824418 0.548592 -0.139219 -36.754097 -0.132384 0.052248 0.989821 -4.957855
0.555508 0.830915 0.031478 71.362439 -0.820592 0.553935 -0.140658 -37.326128 -0.134312 0.052307 0.989558 -5.036292
0.565634 0.824130 0.029467 71.801047 -0.813642 0.563543 -0.142853 -37.960981 -0.134335 0.056827 0.989305 -5.130504
0.575194 0.817375 0.032413 72.125898 -0.805894 0.573021 -0.148938 -38.411194 -0.140312 0.059547 0.988315 -5.182891
0.595780 0.802574 0.030360 72.596737 -0.790837 0.592821 -0.152116 -39.038170 -0.140082 0.066618 0.987896 -5.288365
0.611306 0.790708 0.032963 72.930904 -0.778582 0.608352 -0.154009 -39.467618 -0.141829 0.068482 0.987519 -5.363425
0.624251 0.780451 0.034741 73.224563 -0.767979 0.621215 -0.155884 -39.828803 -0.143241 0.070631 0.987164 -5.415818
0.635131 0.771544 0.036443 73.459410 -0.758455 0.631892 -0.159558 -40.106610 -0.146134 0.073700 0.986516 -5.472286
0.648604 0.760269 0.036109 73.716079 -0.746128 0.644478 -0.167156 -40.395171 -0.150355 0.081476 0.985269 -5.532553
0.656032 0.753840 0.036699 73.866504 -0.739205 0.651587 -0.170327 -40.560542 -0.152312 0.084612 0.984704 -5.579336
0.663887 0.747011 0.035051 74.022558 -0.731621 0.658487 -0.176423 -40.726820 -0.154870 0.091481 0.983690 -5.622849
0.670861 0.740789 0.034314 74.127033 -0.725497 0.665191 -0.176563 -40.841259 -0.153622 0.093554 0.983691 -5.652077
0.674559 0.737343 0.036007 74.201688 -0.721585 0.668869 -0.178690 -40.914364 -0.155840 0.094554 0.983246 -5.674141
0.675943 0.736067 0.036150 74.253063 -0.720108 0.670124 -0.179939 -40.960008 -0.156672 0.095597 0.983013 -5.690951
0.675759 0.736198 0.036897 74.273476 -0.719683 0.669768 -0.182938 -40.966650 -0.159392 0.097068 0.982432 -5.691129
0.675692 0.736247 0.037162 74.270922 -0.719258 0.669472 -0.185673 -40.951603 -0.161580 0.098729 0.981909 -5.684306
0.675356 0.736536 0.037525 74.278116 -0.719478 0.669185 -0.185857 -40.949050 -0.162002 0.098521 0.981860 -5.673652
0.676346 0.735618 0.037726 74.293072 -0.718007 0.669852 -0.189112 -40.954371 -0.164385 0.100818 0.981230 -5.669732
0.676060 0.735859 0.038132 74.300266 -0.717880 0.669442 -0.191038 -40.956098 -0.166104 0.101779 0.980842 -5.667496
0.672753 0.738817 0.039405 74.291590 -0.720747 0.666466 -0.190649 -40.940750 -0.167117 0.099859 0.980867 -5.657588
0.666078 0.744792 0.040306 74.253313 -0.726291 0.659939 -0.192307 -40.896319 -0.169828 0.098818 0.980507 -5.639775
0.657022 0.752804 0.040089 74.192494 -0.734164 0.651021 -0.192809 -40.827876 -0.171246 0.097248 0.980417 -5.607382
0.646271 0.762114 0.038940 74.115035 -0.743308 0.640231 -0.193898 -40.740045 -0.172703 0.096366 0.980248 -5.561821
0.636855 0.770103 0.036832 74.025192 -0.751170 0.630541 -0.195350 -40.633687 -0.173664 0.096743 0.980042 -5.511867
0.630552 0.775428 0.033404 73.934166 -0.756688 0.623750 -0.195858 -40.527237 -0.172709 0.098222 0.980063 -5.454430
0.629343 0.776491 0.031455 73.844636 -0.758090 0.622326 -0.194961 -40.422444 -0.170961 0.098852 0.980306 -5.400576
0.634189 0.772639 0.028864 73.790314 -0.753954 0.626263 -0.198361 -40.352141 -0.171338 0.104036 0.979704 -5.365966
0.640947 0.767062 0.028342 73.780685 -0.747822 0.632344 -0.202247 -40.334302 -0.173058 0.108435 0.978924 -5.350488
0.649769 0.759642 0.027261 73.807298 -0.740161 0.640458 -0.204878 -40.353627 -0.173093 0.112946 0.978408 -5.346111
0.656338 0.753994 0.026735 73.864789 -0.733982 0.646317 -0.208677 -40.407822 -0.174620 0.117340 0.977619 -5.365867
0.656575 0.753706 0.028921 73.913938 -0.732759 0.646479 -0.212435 -40.454085 -0.178810 0.118288 0.976747 -5.388315
0.651535 0.758032 0.029821 73.924730 -0.736089 0.641206 -0.216860 -40.456597 -0.183508 0.119341 0.975747 -5.393616
0.647722 0.761276 0.030246 73.929082 -0.738840 0.637331 -0.218916 -40.451999 -0.185932 0.119450 0.975275 -5.396445
0.645676 0.763001 0.030517 73.925456 -0.740331 0.635284 -0.219826 -40.440060 -0.187114 0.119343 0.975062 -5.392771
0.644202 0.764241 0.030663 73.931364 -0.741351 0.633765 -0.220771 -40.437324 -0.188155 0.119489 0.974844 -5.394448
0.644101 0.764290 0.031531 73.938673 -0.740821 0.633531 -0.223210 -40.436185 -0.190572 0.120411 0.974260 -5.400987
0.644252 0.764126 0.032420 73.952958 -0.740283 0.633678 -0.224574 -40.443656 -0.192147 0.120683 0.973917 -5.406601
0.645108 0.763375 0.033060 73.986508 -0.739183 0.634452 -0.226008 -40.470598 -0.193504 0.121362 0.973564 -5.418709
0.645595 0.762948 0.033416 74.004738 -0.738359 0.634767 -0.227808 -40.482900 -0.195018 0.122399 0.973132 -5.423427
0.647203 0.761587 0.033372 74.043812 -0.737072 0.636342 -0.227584 -40.514614 -0.194561 0.122695 0.973186 -5.431839
0.648262 0.760685 0.033385 74.089701 -0.736062 0.637293 -0.228190 -40.553258 -0.194857 0.123353 0.973044 -5.443925
0.648965 0.760059 0.033994 74.125310 -0.735360 0.638085 -0.228239 -40.586374 -0.195167 0.123121 0.973011 -5.463067
0.650238 0.758930 0.034873 74.179155 -0.733939 0.639360 -0.229244 -40.635593 -0.196277 0.123468 0.972744 -5.490067
0.652890 0.756598 0.035977 74.267899 -0.731080 0.641872 -0.231349 -40.720897 -0.198131 0.124743 0.972205 -5.519584
0.654231 0.755407 0.036652 74.333892 -0.729540 0.643121 -0.232736 -40.776659 -0.199382 0.125524 0.971849 -5.520162
0.656172 0.753780 0.035406 74.401345 -0.727515 0.644374 -0.235594 -40.833783 -0.200401 0.128832 0.971206 -5.534749
0.657338 0.752901 0.032356 74.447364 -0.726399 0.644461 -0.238777 -40.866733 -0.200628 0.133454 0.970535 -5.540429
0.659075 0.751496 0.029551 74.483696 -0.724900 0.645236 -0.241227 -40.884783 -0.200348 0.137565 0.970019 -5.541647
0.660192 0.750570 0.028118 74.509329 -0.724014 0.645903 -0.242102 -40.900450 -0.199876 0.139476 0.969843 -5.543770
0.660393 0.750374 0.028625 74.525123 -0.723558 0.646064 -0.243034 -40.907407 -0.200860 0.139786 0.969595 -5.534951
0.662311 0.748713 0.027798 74.540579 -0.721601 0.647432 -0.245201 -40.914483 -0.201582 0.142341 0.969074 -5.520684
0.663539 0.747647 0.027206 74.554130 -0.720395 0.648320 -0.246399 -40.921484 -0.201858 0.143896 0.968787 -5.522355
0.665411 0.746021 0.026100 74.567950 -0.718402 0.649492 -0.249115 -40.927242 -0.202796 0.147014 0.968122 -5.511636
0.666504 0.745059 0.025708 74.580250 -0.717154 0.650197 -0.250864 -40.930227 -0.203624 0.148766 0.967681 -5.513094
0.667482 0.744219 0.024610 74.594828 -0.716125 0.650640 -0.252650 -40.938656 -0.204040 0.151015 0.967245 -5.507689
0.667999 0.743749 0.024795 74.607168 -0.715279 0.650908 -0.254352 -40.945699 -0.205313 0.152172 0.966794 -5.506322
0.667736 0.744024 0.023612 74.618225 -0.715075 0.649925 -0.257418 -40.951254 -0.206871 0.155003 0.966012 -5.503672
0.667543 0.744221 0.022845 74.635994 -0.714350 0.648800 -0.262228 -40.962686 -0.209977 0.158729 0.964736 -5.498240
0.668979 0.742883 0.024337 74.685848 -0.711461 0.649474 -0.268341 -41.012484 -0.215152 0.162200 0.963016 -5.510791
0.672608 0.739573 0.025109 74.772552 -0.707075 0.652320 -0.272989 -41.106011 -0.218275 0.165860 0.961689 -5.539113
0.679340 0.733438 0.023773 74.885230 -0.701451 0.658546 -0.272548 -41.227679 -0.215553 0.168477 0.961848 -5.565627
0.699400 0.714421 0.021033 75.196497 -0.682654 0.676440 -0.276428 -41.545412 -0.211714 0.178976 0.960804 -5.671196
0.716688 0.697088 0.020666 75.427534 -0.665217 0.692217 -0.279861 -41.770483 -0.209393 0.186825 0.959818 -5.749428
0.748556 0.662750 0.020625 75.863781 -0.632251 0.722790 -0.278987 -42.170291 -0.199806 0.195797 0.960073 -5.904205
0.773872 0.633114 0.016993 76.229994 -0.603739 0.745541 -0.282255 -42.472668 -0.191368 0.208170 0.959189 -6.018239
0.806495 0.591017 0.016267 76.756538 -0.562437 0.775397 -0.287094 -42.871041 -0.182291 0.222391 0.957764 -6.152994
0.831338 0.555606 0.013394 77.228828 -0.527906 0.796967 -0.293529 -43.192406 -0.173761 0.236951 0.955856 -6.252388
0.860052 0.510105 0.010224 77.935638 -0.484634 0.823045 -0.296187 -43.621939 -0.159502 0.249781 0.955075 -6.403301
0.884290 0.466815 0.010734 78.761701 -0.444152 0.848008 -0.289157 -44.071359 -0.144086 0.250931 0.957221 -6.558549
0.903528 0.428421 0.009667 79.840088 -0.407771 0.866475 -0.287999 -44.580522 -0.131761 0.256273 0.957582 -6.789375
0.910983 0.412182 0.014708 80.539752 -0.391058 0.874530 -0.286830 -44.906383 -0.131089 0.255545 0.957869 -6.905699
0.921679 0.387803 0.010767 82.234680 -0.370089 0.887226 -0.275434 -45.613808 -0.116367 0.249877 0.961260 -7.160970
0.926245 0.376406 0.019728 83.652875 -0.357801 0.894509 -0.268017 -46.190992 -0.118530 0.241190 0.963212 -7.352249
0.926468 0.375678 0.022887 84.602689 -0.357525 0.897443 -0.258402 -46.559807 -0.117616 0.231218 0.965766 -7.517050
0.927420 0.373776 0.013537 86.091142 -0.359527 0.900873 -0.243247 -47.138196 -0.103115 0.220725 0.969870 -7.723298
0.928063 0.372025 0.017192 87.374284 -0.356993 0.901815 -0.243487 -47.643367 -0.106087 0.219834 0.969752 -7.871824
0.929205 0.369206 0.016241 88.427849 -0.354395 0.902667 -0.244122 -48.065992 -0.104792 0.221084 0.969609 -7.994732
0.933706 0.357970 0.007088 89.758037 -0.345670 0.906428 -0.242694 -48.581941 -0.093302 0.224155 0.970077 -8.147630
0.942909 0.332960 -0.007735 91.391696 -0.324642 0.913671 -0.244566 -49.188580 -0.074364 0.233115 0.969602 -8.308254
0.954584 0.297153 -0.021691 92.768364 -0.292772 0.922021 -0.253301 -49.676370 -0.055270 0.248147 0.967144 -8.421544
0.964966 0.261132 -0.025497 93.898935 -0.258272 0.928267 -0.267610 -50.032450 -0.046213 0.264820 0.963190 -8.485564
0.976263 0.215989 -0.016093 95.068579 -0.211893 0.937077 -0.277468 -50.337562 -0.044850 0.274292 0.960600 -8.553739
0.987226 0.158948 -0.010995 96.513194 -0.155446 0.945732 -0.285356 -50.676137 -0.034959 0.283420 0.958359 -8.641189
0.993954 0.109706 -0.004473 97.733671 -0.106307 0.951375 -0.289111 -50.968980 -0.027462 0.287838 0.957285 -8.744019
0.997842 0.065591 0.002856 99.257547 -0.061911 0.954555 -0.291533 -51.013015 -0.021848 0.290727 0.956556 -8.748440
0.999895 0.013994 0.003714 100.856127 -0.012273 0.955339 -0.295257 -51.128764 -0.007680 0.295180 0.955411 -8.798787
0.999744 -0.021532 0.006949 102.121198 0.022625 0.954515 -0.297303 -51.179560 -0.000231 0.297384 0.954758 -8.833985
0.998574 -0.052428 0.010042 103.758007 0.053009 0.951744 -0.302282 -51.151560 0.006291 0.302383 0.953166 -8.827900
0.997652 -0.067845 0.009371 105.055202 0.067461 0.949817 -0.305445 -51.047887 0.011822 0.305360 0.952163 -8.811458
0.995980 -0.089540 0.002584 107.130574 0.086088 0.948822 -0.303852 -50.881011 0.024755 0.302853 0.952716 -8.797655
0.995028 -0.099564 -0.002507 108.849400 0.094177 0.948788 -0.301551 -50.700249 0.032402 0.299815 0.953447 -8.763936
0.995625 -0.093033 0.008677 110.159919 0.091378 0.950097 -0.298270 -50.533039 0.019505 0.297758 0.954442 -8.717836
0.996164 -0.087418 0.003833 111.862790 0.084644 0.951601 -0.295450 -50.347332 0.022180 0.294642 0.955350 -8.686090
0.996162 -0.087483 -0.002638 113.609356 0.082883 0.952604 -0.292704 -50.194452 0.028120 0.291362 0.956200 -8.669425
0.996367 -0.084942 -0.006156 115.008927 0.079392 0.952562 -0.293806 -50.055772 0.030820 0.292250 0.955845 -8.643289
0.996900 -0.078351 -0.007137 116.789487 0.072761 0.952663 -0.295194 -49.892557 0.029928 0.293760 0.955411 -8.595893
0.998928 -0.042881 -0.017446 121.050004 0.035727 0.953736 -0.298516 -49.635297 0.029440 0.297573 0.954245 -8.478953
0.999333 -0.028884 -0.022353 122.498867 0.020806 0.953224 -0.301549 -49.555428 0.030017 0.300882 0.953189 -8.438702
0.999773 -0.013366 -0.016566 124.274756 0.007776 0.953818 -0.300283 -49.483762 0.019814 0.300086 0.953706 -8.394008
0.999860 -0.006125 -0.015548 125.709730 0.001154 0.953490 -0.301422 -49.459558 0.016671 0.301362 0.953364 -8.368307
0.999668 0.010151 -0.023699 127.552515 -0.016821 0.953421 -0.301173 -49.477839 0.019538 0.301472 0.953275 -8.358835
0.999662 0.020478 -0.015990 128.989290 -0.024371 0.952367 -0.303980 -49.531726 0.009003 0.304267 0.952544 -8.350481
0.998926 0.042570 -0.018295 131.500609 -0.046114 0.951913 -0.302879 -49.614713 0.004521 0.303397 0.952853 -8.345838
0.998379 0.054962 -0.014793 132.909523 -0.056861 0.951467 -0.302452 -49.648853 -0.002548 0.302803 0.953050 -8.345465
0.997575 0.066254 -0.021317 134.697231 -0.069598 0.950913 -0.301531 -49.726195 0.000294 0.302283 0.953218 -8.354371
0.997303 0.070974 -0.018702 136.126178 -0.073300 0.950069 -0.303308 -49.811535 -0.003759 0.303861 0.952709 -8.361476
0.995907 0.088864 -0.016529 138.226775 -0.089714 0.949507 -0.300647 -49.952057 -0.011023 0.300899 0.953592 -8.379033
0.993999 0.107690 -0.019197 139.886494 -0.108442 0.947089 -0.302097 -50.115064 -0.014352 0.302366 0.953084 -8.405499
0.991882 0.125322 -0.021531 141.831024 -0.126049 0.946711 -0.296394 -50.332378 -0.016761 0.296702 0.954823 -8.444208
0.989353 0.143882 -0.021869 143.945675 -0.143906 0.944751 -0.294512 -50.613944 -0.021715 0.294523 0.955398 -8.492114
0.986291 0.164405 -0.014202 145.378577 -0.161350 0.942751 -0.291867 -50.793065 -0.034595 0.290158 0.956353 -8.517616
0.985278 0.170307 -0.014895 146.463384 -0.166972 0.939945 -0.297697 -50.967527 -0.036699 0.295802 0.954544 -8.546842
0.982990 0.182448 -0.021066 147.797236 -0.180337 0.937114 -0.298824 -51.174626 -0.034778 0.297540 0.954076 -8.609242
0.981026 0.192720 -0.021157 149.033036 -0.190051 0.934342 -0.301471 -51.409308 -0.038331 0.299772 0.953240 -8.658990
0.979451 0.200572 -0.021110 150.194202 -0.197389 0.931868 -0.304400 -51.644981 -0.041383 0.302311 0.952310 -8.708302
0.977791 0.208534 -0.020951 151.048078 -0.204893 0.930085 -0.304895 -51.810657 -0.044095 0.302416 0.952155 -8.742969
0.976135 0.216159 -0.020891 152.079853 -0.212154 0.928639 -0.304336 -52.042911 -0.046385 0.301505 0.952336 -8.796024
0.974231 0.224146 -0.025168 153.080843 -0.221065 0.926722 -0.303836 -52.257517 -0.044780 0.301570 0.952392 -8.849176
0.972563 0.230529 -0.031269 154.060239 -0.229019 0.925114 -0.302843 -52.477861 -0.040887 0.301695 0.952527 -8.906148
0.971774 0.233870 -0.030972 154.826384 -0.231882 0.922743 -0.307858 -52.709037 -0.043420 0.306351 0.950928 -8.955325
0.971208 0.236162 -0.031355 155.584984 -0.234096 0.921606 -0.309584 -52.922145 -0.044215 0.308010 0.950355 -8.993537
0.969417 0.242553 -0.037397 156.783552 -0.242150 0.920546 -0.306525 -53.209794 -0.039923 0.306207 0.951128 -9.052560
0.966836 0.252071 -0.041099 157.968329 -0.252060 0.915825 -0.312619 -53.515840 -0.041163 0.312610 0.948989 -9.114605
0.965052 0.259142 -0.038986 158.777915 -0.258137 0.914393 -0.311851 -53.703293 -0.045165 0.311016 0.949331 -9.148986
0.962028 0.270733 -0.034735 159.792036 -0.268048 0.913046 -0.307404 -53.932269 -0.051510 0.305042 0.950945 -9.199485
0.959414 0.278884 -0.041822 160.553581 -0.278018 0.910557 -0.305929 -54.157856 -0.047237 0.305139 0.951135 -9.262426
0.956189 0.289819 -0.041330 161.684238 -0.288429 0.908470 -0.302476 -54.477024 -0.050116 0.301145 0.952261 -9.329240
0.953500 0.297969 -0.045314 162.798815 -0.297693 0.907591 -0.296069 -54.808307 -0.047093 0.295791 0.954091 -9.404023
0.952373 0.302407 -0.039187 163.544023 -0.299962 0.905955 -0.298778 -55.005644 -0.054851 0.296303 0.953518 -9.430589
0.950545 0.308435 -0.036488 164.449913 -0.305172 0.905670 -0.294334 -55.255206 -0.057736 0.290913 0.955006 -9.495280
0.948886 0.312229 -0.046136 165.340462 -0.312195 0.907036 -0.282526 -55.526723 -0.046366 0.282488 0.958150 -9.556836
0.945846 0.318835 -0.060986 166.238313 -0.322880 0.904631 -0.278193 -55.831750 -0.033528 0.282818 0.958587 -9.620225
0.941301 0.332808 -0.056487 167.314538 -0.335017 0.900483 -0.277299 -56.179847 -0.041422 0.279945 0.959122 -9.683577
0.938395 0.341619 -0.052075 168.053205 -0.342156 0.897407 -0.278550 -56.411288 -0.048425 0.279208 0.959009 -9.707584
0.936963 0.346316 -0.046530 168.988440 -0.345023 0.895838 -0.280059 -56.710130 -0.055305 0.278459 0.958855 -9.802659
0.937159 0.346724 -0.038922 169.790031 -0.342900 0.894688 -0.286274 -56.999576 -0.064435 0.281631 0.957357 -9.861599
0.936783 0.348263 -0.033921 170.511341 -0.342684 0.893515 -0.290169 -57.203118 -0.070746 0.283449 0.956374 -9.883187
0.937592 0.345373 -0.040495 171.648916 -0.341814 0.893943 -0.289878 -57.603890 -0.063915 0.285629 0.956207 -9.978954
0.939526 0.338084 -0.054681 172.659680 -0.339314 0.897254 -0.282491 -57.887597 -0.046443 0.283962 0.957710 -10.041036
0.940659 0.333690 -0.061733 173.631239 -0.337249 0.899011 -0.279360 -58.252326 -0.037721 0.283602 0.958200 -10.112075
0.942873 0.325037 -0.073091 174.979863 -0.332384 0.902878 -0.272637 -58.743427 -0.022625 0.281356 0.959337 -10.223812
0.943868 0.320317 -0.080683 176.193729 -0.330123 0.906238 -0.264106 -59.181614 -0.011480 0.275917 0.961113 -10.280529
0.944351 0.320833 -0.072571 177.402416 -0.328403 0.906996 -0.263649 -59.592858 -0.018766 0.272810 0.961885 -10.301222
0.944098 0.321760 -0.071761 178.384873 -0.329091 0.907015 -0.262721 -59.915021 -0.019444 0.271650 0.962200 -10.313941
0.942828 0.323633 -0.079603 179.376269 -0.333036 0.905743 -0.262139 -60.251743 -0.012737 0.273663 0.961741 -10.375838
0.938927 0.332505 -0.088639 180.849521 -0.344070 0.902873 -0.257752 -60.772448 -0.005674 0.272508 0.962137 -10.448053
0.933888 0.343572 -0.099055 182.092421 -0.357565 0.898025 -0.256315 -61.235378 0.000891 0.274788 0.961504 -10.508493
0.929723 0.353804 -0.102167 183.315880 -0.368258 0.894225 -0.254456 -61.729137 0.001333 0.274197 0.961673 -10.521829
0.924918 0.366563 -0.100787 184.261534 -0.380148 0.889205 -0.254561 -62.109596 -0.003692 0.273762 0.961790 -10.528665
0.918346 0.382874 -0.100235 185.671647 -0.395678 0.882496 -0.254245 -62.705404 -0.008887 0.273146 0.961932 -10.544462
0.914011 0.394729 -0.093667 186.814537 -0.405279 0.878032 -0.254576 -63.194737 -0.018246 0.270647 0.962506 -10.571457
0.909244 0.407360 -0.085635 187.662823 -0.415176 0.872607 -0.257265 -63.592122 -0.030073 0.269471 0.962539 -10.583039
0.907273 0.411757 -0.085513 188.485666 -0.419352 0.870515 -0.257578 -63.993926 -0.031619 0.269554 0.962466 -10.618505
0.903822 0.419286 -0.085465 189.477913 -0.426645 0.867665 -0.255208 -64.465274 -0.032850 0.267126 0.963102 -10.674833
0.903089 0.420406 -0.087692 190.404773 -0.428275 0.866512 -0.256392 -64.894930 -0.031803 0.269101 0.962587 -10.737971
0.902582 0.421130 -0.089421 191.262142 -0.429425 0.865857 -0.256684 -65.278992 -0.030672 0.270078 0.962350 -10.789531
0.902776 0.421010 -0.088009 191.886980 -0.428939 0.866181 -0.256402 -65.581039 -0.031715 0.269224 0.962555 -10.795486
0.902450 0.422181 -0.085718 192.614709 -0.429582 0.866990 -0.252561 -65.926376 -0.032310 0.264746 0.963777 -10.843415
0.902477 0.422525 -0.083716 193.391523 -0.429460 0.867678 -0.250397 -66.320645 -0.033160 0.261930 0.964517 -10.894264
0.904366 0.417244 -0.089604 193.923132 -0.425988 0.870019 -0.248196 -66.544894 -0.025601 0.262630 0.964557 -10.906056
0.907896 0.409629 -0.089042 194.680944 -0.418576 0.874330 -0.245643 -66.905974 -0.022771 0.260289 0.965262 -10.956922
0.911409 0.401219 -0.091421 195.202721 -0.411170 0.878977 -0.241533 -67.155703 -0.016550 0.257725 0.966076 -10.978220
0.917852 0.386062 -0.092214 195.911864 -0.396724 0.884962 -0.243827 -67.488592 -0.012527 0.260381 0.965425 -11.000172
0.927442 0.363548 -0.087660 196.595714 -0.373771 0.893537 -0.248772 -67.807238 -0.012113 0.263486 0.964587 -11.073189
0.937137 0.338669 -0.084130 197.241408 -0.348849 0.903079 -0.250505 -68.078452 -0.008863 0.264106 0.964453 -11.083601
0.950755 0.298658 -0.082871 198.085768 -0.309942 0.916586 -0.252600 -68.404906 0.000518 0.265846 0.964015 -11.084793
0.966491 0.244707 -0.077544 199.159576 -0.256601 0.929347 -0.265461 -68.733079 0.007105 0.276463 0.960998 -11.134591
0.975670 0.206200 -0.074495 199.930177 -0.218807 0.937250 -0.271453 -68.926207 0.013847 0.281149 0.959564 -11.127984
0.984299 0.156584 -0.081472 200.948220 -0.173415 0.943933 -0.280922 -69.131025 0.032917 0.290640 0.956266 -11.148141
0.989669 0.113472 -0.087637 201.830177 -0.134149 0.948584 -0.286692 -69.250848 0.050600 0.295486 0.954006 -11.143714
0.992838 0.068473 -0.097902 202.918379 -0.093843 0.954114 -0.284359 -69.361526 0.073939 0.291510 0.953706 -11.117783
0.994176 0.035956 -0.101594 204.051315 -0.063812 0.956080 -0.286074 -69.433071 0.086846 0.290891 0.952807 -11.047587
0.995318 0.014227 -0.095601 205.510886 -0.041675 0.955608 -0.291679 -69.536503 0.087208 0.294297 0.951727 -10.926843
0.995855 0.006499 -0.090722 206.510055 -0.032925 0.955557 -0.292963 -69.569796 0.084786 0.294736 0.951810 -10.842808
0.995764 0.004395 -0.091840 207.723488 -0.031289 0.955438 -0.293530 -69.587166 0.086457 0.295160 0.951528 -10.753764
0.995957 0.006559 -0.089589 208.710376 -0.032821 0.954947 -0.294956 -69.650463 0.083618 0.296704 0.951302 -10.695887
0.995795 0.021737 -0.088999 209.932891 -0.047029 0.954967 -0.292961 -69.688941 0.078623 0.295915 0.951973 -10.606705
0.995285 0.040554 -0.088108 210.890325 -0.064763 0.954092 -0.292429 -69.738692 0.072204 0.296757 0.952220 -10.561469
0.994744 0.061533 -0.081844 212.098885 -0.083219 0.951535 -0.296065 -69.853679 0.059660 0.301320 0.951655 -10.480259
0.993446 0.081755 -0.079886 213.073677 -0.101849 0.950376 -0.293960 -69.908656 0.051889 0.300170 0.952473 -10.418110
0.991853 0.102837 -0.075176 214.011708 -0.120479 0.948983 -0.291403 -69.982653 0.041374 0.298086 0.953642 -10.376634
0.989167 0.126635 -0.074243 215.231338 -0.142865 0.946712 -0.288661 -70.129814 0.033732 0.296140 0.954549 -10.328817
0.986338 0.148070 -0.072203 216.429603 -0.162695 0.944352 -0.285884 -70.317788 0.025854 0.293725 0.955540 -10.294831
0.983645 0.165310 -0.071525 217.602124 -0.178969 0.941813 -0.284532 -70.499578 0.020327 0.292680 0.955994 -10.272135
0.981566 0.178181 -0.069142 218.536492 -0.190599 0.939396 -0.284969 -70.633363 0.014175 0.292894 0.956040 -10.247948
0.979622 0.188575 -0.069132 219.920805 -0.200539 0.937424 -0.284642 -70.889711 0.011130 0.292705 0.956138 -10.230919
0.976966 0.201275 -0.070895 220.840408 -0.213166 0.935898 -0.280455 -71.056752 0.009902 0.289107 0.957245 -10.224043
0.974103 0.216497 -0.065206 221.970959 -0.226102 0.931770 -0.284047 -71.297836 -0.000739 0.291435 0.956590 -10.218877
0.970185 0.233397 -0.065316 223.116336 -0.242308 0.928307 -0.282015 -71.524971 -0.005188 0.289434 0.957184 -10.219841
0.966842 0.247888 -0.061382 223.965335 -0.255076 0.925783 -0.279040 -71.737761 -0.012344 0.285444 0.958316 -10.236060
0.961244 0.269685 -0.057267 225.185159 -0.274720 0.919465 -0.281272 -72.048185 -0.023200 0.286103 0.957918 -10.242836
0.956877 0.285273 -0.054815 225.930378 -0.288916 0.914960 -0.281736 -72.241485 -0.030218 0.285424 0.957925 -10.262277
0.948108 0.314071 -0.049498 226.989467 -0.314916 0.906172 -0.282277 -72.495042 -0.043802 0.283217 0.958055 -10.289708
0.941936 0.332645 -0.045870 227.803712 -0.331507 0.899441 -0.284798 -72.735072 -0.053479 0.283468 0.957489 -10.321176
0.931766 0.360899 -0.039551 228.726765 -0.356746 0.889884 -0.284321 -72.998307 -0.067415 0.279030 0.957913 -10.353865
0.920581 0.389083 -0.033823 229.646034 -0.382317 0.880099 -0.281529 -73.323024 -0.079771 0.272102 0.958956 -10.417344
0.898589 0.437479 -0.033917 230.703806 -0.428959 0.859551 -0.277788 -73.729470 -0.092373 0.264166 0.960043 -10.518645
0.875178 0.482993 -0.027959 231.240447 -0.470855 0.837055 -0.278629 -73.929440 -0.111173 0.257015 0.959992 -10.550312
0.844693 0.534688 -0.024558 231.789760 -0.519561 0.808039 -0.277724 -74.186933 -0.128652 0.247351 0.960347 -10.613756
0.804438 0.593794 -0.016973 232.522310 -0.574819 0.770888 -0.274436 -74.645068 -0.149874 0.230523 0.961456 -10.727580
0.744496 0.667502 -0.012905 233.382586 -0.644874 0.713985 -0.272694 -75.308560 -0.172810 0.211342 0.962014 -10.910680
0.699552 0.714320 -0.019347 233.913195 -0.691548 0.669936 -0.270086 -75.759819 -0.179966 0.202318 0.962642 -11.056218
0.637718 0.769925 -0.023059 234.525151 -0.746603 0.610482 -0.264377 -76.355113 -0.189473 0.185813 0.964144 -11.230098
0.556243 0.830646 -0.024897 235.160790 -0.805445 0.531508 -0.262217 -77.195840 -0.204576 0.165910 0.964688 -11.484725
0.477604 0.878023 -0.031134 235.681293 -0.850899 0.453444 -0.265253 -78.170641 -0.218781 0.153178 0.963676 -11.751685
0.405522 0.913635 -0.028694 236.157521 -0.884321 0.384179 -0.265298 -79.024098 -0.231362 0.132959 0.963739 -12.000861
0.356551 0.933825 -0.029007 236.466844 -0.902930 0.336447 -0.267435 -79.823553 -0.239978 0.121545 0.963139 -12.233257
0.311897 0.949668 -0.029180 236.704541 -0.917774 0.293193 -0.267822 -80.492298 -0.245787 0.110314 0.963026 -12.446028
0.259279 0.965496 -0.024327 237.034109 -0.930453 0.242958 -0.274278 -81.272067 -0.258904 0.093750 0.961343 -12.675350
0.225306 0.973947 -0.025764 237.240150 -0.937551 0.209542 -0.277652 -82.030356 -0.265020 0.086712 0.960336 -12.893435
0.192045 0.981089 -0.024160 237.441690 -0.942882 0.177627 -0.281819 -82.781162 -0.272198 0.076902 0.959163 -13.122580
0.156502 0.987490 -0.019259 237.637488 -0.946042 0.144274 -0.290155 -83.826346 -0.283747 0.063630 0.956786 -13.389342
0.119465 0.992741 -0.013881 237.804259 -0.951203 0.110437 -0.288127 -84.930027 -0.284503 0.047625 0.957492 -13.731675
0.078633 0.996834 -0.011790 237.968361 -0.951754 0.071548 -0.298405 -86.090654 -0.296616 0.034686 0.954367 -14.059557
0.038612 0.999247 -0.003935 238.046449 -0.951336 0.035555 -0.306096 -87.020727 -0.305725 0.015563 0.951993 -14.360129
-0.021247 0.999772 -0.002082 238.113618 -0.953084 -0.020884 -0.301986 -88.418427 -0.301961 -0.004432 0.953310 -14.867875
-0.064317 0.997929 0.000301 238.113633 -0.952449 -0.061296 -0.298470 -89.340334 -0.297834 -0.019483 0.954419 -15.199494
-0.109338 0.994005 0.000095 238.057708 -0.949034 -0.104363 -0.297393 -90.496952 -0.295600 -0.032607 0.954755 -15.610526
-0.157243 0.987556 0.002753 237.890927 -0.945651 -0.149766 -0.288642 -91.935927 -0.284638 -0.047990 0.957433 -16.119510
-0.184229 0.982881 0.001959 237.750729 -0.938508 -0.175319 -0.297433 -92.872627 -0.291998 -0.056634 0.954741 -16.433013
-0.213416 0.976961 -0.001049 237.469879 -0.931407 -0.203789 -0.301582 -94.352268 -0.294848 -0.063385 0.953440 -16.932854
-0.226193 0.974081 -0.001904 237.229949 -0.928336 -0.216162 -0.302435 -95.526149 -0.295007 -0.066641 0.953168 -17.316253
-0.230593 0.973050 -0.000404 236.946818 -0.930021 -0.220518 -0.293996 -96.729852 -0.286162 -0.067418 0.955807 -17.739761
-0.230497 0.973073 0.000110 236.552245 -0.931265 -0.220561 -0.289998 -98.230281 -0.282165 -0.066946 0.957027 -18.209531
-0.216392 0.976304 -0.002389 236.120276 -0.934284 -0.207787 -0.289721 -99.845061 -0.283352 -0.060461 0.957108 -18.737269
-0.199778 0.979830 -0.004649 235.873258 -0.937267 -0.192478 -0.290659 -100.911789 -0.285691 -0.053709 0.956815 -19.071093
-0.161140 0.986680 -0.022301 235.577636 -0.947802 -0.161011 -0.275220 -102.486150 -0.275145 -0.023212 0.961123 -19.589603
-0.116901 0.992816 -0.025504 235.377963 -0.954325 -0.119405 -0.273872 -103.874611 -0.274950 -0.007677 0.961428 -19.984130
-0.072886 0.996652 -0.037034 235.251570 -0.958411 -0.080266 -0.273872 -104.951810 -0.275928 0.015532 0.961053 -20.345531
-0.002438 0.999743 -0.022554 235.128014 -0.965981 -0.008187 -0.258483 -106.645483 -0.258601 0.021156 0.965752 -20.781301
0.048535 0.998433 -0.027842 235.148311 -0.966081 0.039847 -0.255147 -107.759024 -0.253637 0.039282 0.966501 -21.102280
0.122206 0.991721 -0.039433 235.273054 -0.956163 0.106985 -0.272591 -109.384599 -0.266115 0.071016 0.961322 -21.568645
0.174974 0.983409 -0.047861 235.437547 -0.951726 0.156485 -0.264065 -110.537053 -0.252194 0.091755 0.963317 -21.873236
0.251297 0.966292 -0.055950 235.790603 -0.935569 0.227676 -0.269952 -112.189729 -0.248114 0.120183 0.961247 -22.357411
0.317718 0.946552 -0.055633 236.189315 -0.918582 0.292722 -0.265558 -113.598645 -0.235079 0.135476 0.962488 -22.730613
0.377915 0.924057 -0.057437 236.823362 -0.899036 0.351447 -0.261188 -115.282776 -0.221167 0.150345 0.963578 -23.168732
0.415176 0.908122 -0.054256 237.292377 -0.885396 0.389642 -0.253482 -116.409314 -0.209052 0.153277 0.965817 -23.385252
0.469448 0.880742 -0.062539 238.127592 -0.861744 0.441584 -0.249802 -118.076788 -0.192395 0.171161 0.966275 -23.782823
0.504176 0.860700 -0.070718 239.085595 -0.844963 0.474718 -0.246332 -119.728535 -0.178447 0.183949 0.966602 -24.194645
0.524113 0.848255 -0.075952 239.965085 -0.835090 0.494374 -0.241285 -121.138628 -0.167122 0.189887 0.967478 -24.500081
0.530939 0.843852 -0.077572 240.664593 -0.831066 0.500621 -0.242299 -122.243449 -0.165630 0.193113 0.967096 -24.719847
0.537063 0.839610 -0.081358 242.041318 -0.828954 0.507454 -0.235213 -124.498964 -0.156202 0.193766 0.968533 -25.203945
0.540619 0.837304 -0.081574 243.098576 -0.826553 0.510603 -0.236843 -126.194604 -0.156658 0.195467 0.968117 -25.561015
0.540877 0.837279 -0.080103 243.975768 -0.826677 0.511623 -0.234196 -127.618009 -0.155104 0.192890 0.968884 -25.837816
0.541704 0.837151 -0.075737 244.692882 -0.825757 0.513152 -0.234097 -128.765081 -0.157110 0.189351 0.969259 -26.056063
0.541771 0.836670 -0.080422 245.435925 -0.826171 0.512467 -0.234135 -129.922398 -0.154680 0.193289 0.968872 -26.292694
0.541599 0.836973 -0.078398 246.370031 -0.826524 0.513168 -0.231337 -131.358600 -0.153392 0.190090 0.969710 -26.595738
0.538662 0.838511 -0.082119 247.113745 -0.828990 0.510087 -0.229319 -132.522358 -0.150399 0.191601 0.969881 -26.828080
0.535277 0.841044 -0.078250 248.050071 -0.831800 0.508737 -0.222025 -133.984510 -0.146925 0.183934 0.971896 -27.117193
0.530161 0.844353 -0.077439 248.964778 -0.836126 0.505451 -0.213102 -135.450139 -0.140791 0.177727 0.973956 -27.388584
0.527684 0.846061 -0.075698 249.694542 -0.837549 0.503367 -0.212447 -136.626793 -0.141640 0.175506 0.974236 -27.608201
0.522601 0.849292 -0.074770 250.591738 -0.840429 0.498418 -0.212742 -138.109834 -0.143414 0.174018 0.974243 -27.874110
0.512833 0.855006 -0.077253 251.675774 -0.846797 0.488996 -0.209327 -139.917062 -0.141200 0.172767 0.974789 -28.216019
0.503729 0.860166 -0.079815 252.403808 -0.853201 0.480915 -0.201912 -141.152755 -0.135294 0.169807 0.976146 -28.437646
0.495234 0.865252 -0.077989 253.114162 -0.857957 0.472990 -0.200474 -142.378668 -0.136573 0.166193 0.976590 -28.640448
0.485807 0.870648 -0.077219 254.143785 -0.860810 0.461241 -0.215088 -144.223996 -0.151650 0.170962 0.973537 -28.961800
0.478452 0.874019 -0.084703 254.814539 -0.866699 0.454527 -0.205521 -145.469302 -0.141130 0.171744 0.974980 -29.208817
