0.999924 0.011960 0.002824 3.294320 -0.011947 0.999918 -0.004538 -0.019600 -0.002878 0.004504 0.999986 -0.004454
0.999793 0.019978 0.003952 5.037403 -0.019942 0.999761 -0.008935 -0.056163 -0.004129 0.008854 0.999952 -0.017575
0.999423 0.033868 -0.002643 7.096524 -0.033892 0.999379 -0.009678 -0.109460 0.002314 0.009762 0.999950 -0.025589
0.998849 0.047839 -0.003419 8.660654 -0.047877 0.998779 -0.012196 -0.167003 0.002831 0.012346 0.999920 -0.006173
0.997660 0.068320 -0.002669 10.664766 -0.068356 0.997519 -0.016804 -0.280635 0.001515 0.016947 0.999855 0.007687
0.995504 0.094602 -0.004633 12.988289 -0.094679 0.995290 -0.020804 -0.466178 0.002643 0.021149 0.999773 0.015031
0.992726 0.120148 -0.007725 14.950269 -0.120296 0.992470 -0.023081 -0.662026 0.004894 0.023843 0.999704 0.035189
0.990273 0.138697 -0.011036 16.544913 -0.138975 0.989824 -0.030557 -0.863162 0.006686 0.031793 0.999472 0.066899
0.986806 0.161638 -0.009311 18.408375 -0.161858 0.986278 -0.032515 -1.141151 0.003927 0.033593 0.999428 0.098985
0.983707 0.179339 -0.012561 19.944392 -0.179673 0.983125 -0.034406 -1.405938 0.006178 0.036102 0.999329 0.121615
0.979059 0.203115 -0.013675 21.836320 -0.203478 0.978457 -0.034910 -1.773064 0.006290 0.036961 0.999297 0.150122
0.974752 0.222624 -0.017239 23.332508 -0.223114 0.974144 -0.035547 -2.094684 0.008880 0.038496 0.999219 0.182097
0.968911 0.246576 -0.020305 25.159658 -0.247170 0.968322 -0.035476 -2.537201 0.010914 0.039392 0.999164 0.214253
0.963675 0.265974 -0.024267 26.621990 -0.266714 0.963126 -0.035394 -2.928358 0.013958 0.040581 0.999079 0.252227
0.955639 0.293250 -0.027532 28.779357 -0.294087 0.955172 -0.034049 -3.562739 0.016313 0.040635 0.999041 0.314323
0.948889 0.314514 -0.026290 30.503997 -0.315271 0.948439 -0.032675 -4.109453 0.014657 0.039293 0.999120 0.363851
0.943160 0.330889 -0.031014 31.861856 -0.331815 0.942802 -0.031993 -4.566894 0.018654 0.040465 0.999007 0.411416
0.936580 0.348948 -0.032459 33.545515 -0.349912 0.936263 -0.031204 -5.177856 0.019502 0.040583 0.998986 0.472690
0.929645 0.366965 -0.033120 35.238726 -0.367957 0.929306 -0.031603 -5.828943 0.019181 0.041566 0.998952 0.537742
0.922125 0.385421 -0.033718 36.575004 -0.386382 0.921881 -0.029060 -6.366821 0.019883 0.039825 0.999009 0.583336
0.914445 0.403001 -0.037152 37.905272 -0.404096 0.914257 -0.028991 -6.932033 0.022283 0.041524 0.998889 0.625149
0.904553 0.424251 -0.042370 39.563655 -0.425550 0.904490 -0.028369 -7.676264 0.026288 0.043692 0.998699 0.671360
0.893761 0.445738 -0.050084 41.500430 -0.447394 0.893884 -0.028461 -8.615668 0.032083 0.047845 0.998339 0.749921
0.884442 0.463829 -0.051240 43.087147 -0.465554 0.884551 -0.028798 -9.425011 0.031967 0.049326 0.998271 0.831901
0.874952 0.481018 -0.055500 44.656354 -0.482927 0.875220 -0.027776 -10.265660 0.035214 0.051105 0.998072 0.917802
0.867161 0.494665 -0.057784 45.877022 -0.496666 0.867525 -0.026905 -10.946113 0.036820 0.052031 0.997966 0.996867
0.858485 0.509288 -0.060238 47.352035 -0.511433 0.858895 -0.027112 -11.809567 0.037930 0.054083 0.997816 1.079642
0.851635 0.520578 -0.060961 48.536131 -0.522852 0.851917 -0.029362 -12.525740 0.036649 0.056880 0.997708 1.139538
0.844558 0.531204 -0.067412 49.688951 -0.533835 0.845102 -0.028688 -13.236807 0.041731 0.060215 0.997313 1.209961
0.834798 0.546117 -0.069777 51.020002 -0.548660 0.835725 -0.023163 -14.095852 0.045665 0.057620 0.997294 1.309520
0.826387 0.558885 -0.068786 52.004665 -0.561428 0.827173 -0.024165 -14.742928 0.043392 0.058588 0.997339 1.386527
0.815149 0.574846 -0.071300 53.199191 -0.577679 0.815817 -0.027003 -15.566893 0.042646 0.063200 0.997089 1.471106
0.804516 0.589068 -0.075848 54.391602 -0.592175 0.805382 -0.026233 -16.428525 0.045634 0.066020 0.996774 1.551118
0.796442 0.599671 -0.077936 55.207713 -0.603000 0.797259 -0.027728 -17.039145 0.045507 0.069079 0.996573 1.611132
0.785691 0.612774 -0.084837 56.491095 -0.616762 0.786549 -0.030736 -18.032247 0.047894 0.076473 0.995921 1.698505
0.777095 0.622359 -0.093772 57.560894 -0.627062 0.778373 -0.030487 -18.877742 0.054015 0.082492 0.995127 1.770013
0.770559 0.629109 -0.102275 58.265419 -0.634678 0.772092 -0.032521 -19.424090 0.058506 0.089971 0.994224 1.832756
0.762824 0.637511 -0.108071 58.959112 -0.643587 0.764714 -0.031746 -19.986449 0.062405 0.093770 0.993636 1.905836
0.754065 0.647316 -0.111212 59.760003 -0.653734 0.756049 -0.031973 -20.656564 0.063385 0.096812 0.993282 1.998839
0.744984 0.656951 -0.115820 60.535138 -0.663620 0.747528 -0.028467 -21.328824 0.067877 0.098068 0.992862 2.088996
0.738817 0.663701 -0.116836 61.016697 -0.670457 0.741422 -0.027921 -21.739974 0.068093 0.098962 0.992759 2.164480
0.730700 0.672260 -0.118926 61.653754 -0.679121 0.733567 -0.025949 -22.308822 0.069796 0.099726 0.992564 2.250091
0.722121 0.681023 -0.121447 62.354312 -0.687938 0.725416 -0.022637 -22.958896 0.072683 0.099894 0.992340 2.336148
0.717167 0.685853 -0.123600 62.719345 -0.692931 0.720681 -0.021570 -23.290533 0.074283 0.101115 0.992098 2.395035
0.710600 0.692575 -0.124050 63.176125 -0.699745 0.714062 -0.021737 -23.715369 0.073525 0.102250 0.992038 2.466600
0.704908 0.698749 -0.121874 63.678179 -0.705675 0.708223 -0.021055 -24.198506 0.071602 0.100845 0.992322 2.533811
0.695392 0.707231 -0.127495 64.292912 -0.714697 0.699151 -0.019871 -24.807548 0.075085 0.104939 0.991640 2.611481
0.689759 0.712103 -0.130928 64.662015 -0.719971 0.693719 -0.019914 -25.152282 0.076647 0.108000 0.991192 2.671805
0.675743 0.724566 -0.135559 65.302272 -0.732322 0.680865 -0.011288 -25.800854 0.084118 0.106900 0.990705 2.759642
0.664509 0.734542 -0.137392 65.779446 -0.742389 0.669907 -0.009096 -26.284234 0.085358 0.108043 0.990475 2.839270
0.655642 0.742467 -0.137393 66.179386 -0.750569 0.660694 -0.011362 -26.698420 0.082339 0.110572 0.990452 2.906554
0.647029 0.749974 -0.137453 66.572377 -0.758363 0.651679 -0.014116 -27.106919 0.078989 0.113373 0.990408 2.966830
0.638260 0.757567 -0.136808 66.983402 -0.766173 0.642405 -0.017202 -27.550479 0.074855 0.115798 0.990448 3.033862
0.624338 0.768681 -0.139042 67.583443 -0.777338 0.628940 -0.013427 -28.251025 0.077128 0.116465 0.990195 3.124742
0.611116 0.779203 -0.139213 68.179766 -0.787712 0.615958 -0.010257 -28.979765 0.077758 0.115928 0.990209 3.207915
0.595621 0.789797 -0.146482 68.875638 -0.799475 0.600566 -0.012690 -29.888797 0.077949 0.124667 0.989132 3.289152
0.585265 0.798158 -0.142855 69.415097 -0.807340 0.589979 -0.011279 -30.614376 0.075280 0.121934 0.989679 3.388125
0.576629 0.803956 -0.145443 69.837441 -0.813511 0.581440 -0.011289 -31.189435 0.075490 0.124829 0.989302 3.463637
0.570243 0.807790 -0.149327 70.238860 -0.817913 0.575222 -0.011724 -31.754551 0.076426 0.128822 0.988718 3.538773
0.563980 0.811944 -0.150579 70.711005 -0.822261 0.568991 -0.011622 -32.433071 0.076242 0.130370 0.988530 3.639715
0.560120 0.813926 -0.154241 71.173578 -0.824643 0.565561 -0.010209 -33.111975 0.078923 0.132912 0.987981 3.741454
0.558870 0.814171 -0.157445 71.538203 -0.825134 0.564883 -0.007821 -33.643386 0.082571 0.134284 0.987497 3.831228
0.558538 0.814165 -0.158649 71.992356 -0.825411 0.564457 -0.009214 -34.310313 0.082049 0.136097 0.987292 3.931804
0.559605 0.813248 -0.159594 72.421117 -0.824612 0.565625 -0.009166 -34.935989 0.082816 0.136732 0.987140 4.032114
0.560967 0.811690 -0.162710 72.828386 -0.823566 0.567128 -0.010208 -35.526641 0.083992 0.139729 0.986621 4.132066
0.563498 0.809394 -0.165382 73.232233 -0.821557 0.570050 -0.009372 -36.120056 0.086690 0.141152 0.986185 4.220025
0.568669 0.805838 -0.165049 73.621283 -0.817801 0.575443 -0.008146 -36.674112 0.088412 0.139610 0.986252 4.316856
0.578566 0.798462 -0.166490 74.075373 -0.810668 0.585429 -0.009503 -37.321813 0.089881 0.140467 0.985997 4.408465
0.589954 0.790293 -0.165502 74.425922 -0.802520 0.596498 -0.012333 -37.805291 0.088975 0.140095 0.986132 4.501773
0.611322 0.773688 -0.166411 74.920161 -0.786094 0.617928 -0.014862 -38.451144 0.091332 0.139900 0.985944 4.605737
0.627112 0.761151 -0.165470 75.256048 -0.773370 0.633760 -0.015730 -38.872000 0.092896 0.137834 0.986089 4.683696
0.640888 0.749964 -0.163757 75.582721 -0.762068 0.647239 -0.018287 -39.264943 0.092275 0.136514 0.986331 4.758205
0.652243 0.740323 -0.162790 75.847169 -0.752391 0.658402 -0.020344 -39.569583 0.092120 0.135751 0.986451 4.814460
0.665928 0.728092 -0.162550 76.137689 -0.740397 0.671725 -0.024448 -39.887228 0.091389 0.136632 0.986397 4.886103
0.673249 0.721312 -0.162617 76.292970 -0.733795 0.678839 -0.026887 -40.057868 0.090997 0.137429 0.986323 4.923725
0.680164 0.714620 -0.163386 76.456693 -0.727370 0.685624 -0.029195 -40.231624 0.091158 0.138700 0.986130 4.960732
0.685970 0.708739 -0.164724 76.549872 -0.721808 0.691396 -0.031081 -40.332150 0.091861 0.140220 0.985850 4.991424
0.690269 0.704479 -0.165040 76.628354 -0.717779 0.695468 -0.033438 -40.409839 0.091224 0.141544 0.985720 5.027821
0.692381 0.702321 -0.165393 76.680392 -0.715856 0.697339 -0.035607 -40.457501 0.090328 0.143052 0.985585 5.063229
0.693585 0.701022 -0.165855 76.696471 -0.714810 0.698300 -0.037732 -40.468427 0.089366 0.144725 0.985428 5.093963
0.694659 0.699645 -0.167167 76.673147 -0.713816 0.699196 -0.039898 -40.443278 0.088968 0.147042 0.985121 5.124509
0.695176 0.698988 -0.167768 76.663170 -0.713480 0.699384 -0.042518 -40.429401 0.087614 0.149257 0.984909 5.152607
0.695123 0.699007 -0.167908 76.679933 -0.713727 0.698985 -0.044863 -40.439518 0.086006 0.151026 0.984781 5.180283
0.693805 0.700144 -0.168622 76.668035 -0.715223 0.697270 -0.047655 -40.425099 0.084209 0.153665 0.984528 5.211100
0.691923 0.701916 -0.168985 76.658433 -0.717232 0.695062 -0.049674 -40.410676 0.082588 0.155572 0.984366 5.242488
0.688754 0.704900 -0.169509 76.615954 -0.720464 0.691578 -0.051496 -40.372151 0.080929 0.157593 0.984182 5.272178
0.684312 0.709129 -0.169863 76.553275 -0.724868 0.686865 -0.052747 -40.312287 0.079269 0.159224 0.984055 5.303728
0.679321 0.713646 -0.170976 76.479778 -0.729579 0.681864 -0.052692 -40.244523 0.078979 0.160536 0.983865 5.335518
0.675648 0.716923 -0.171818 76.389572 -0.732958 0.678278 -0.052078 -40.159414 0.079204 0.161122 0.983751 5.363693
0.673989 0.718062 -0.173568 76.289691 -0.734492 0.676518 -0.053341 -40.062373 0.079120 0.163436 0.983376 5.396141
0.673218 0.718353 -0.175346 76.203747 -0.734983 0.676080 -0.052124 -39.979252 0.081104 0.163967 0.983126 5.432678
0.674616 0.716657 -0.176905 76.137244 -0.733598 0.677529 -0.052803 -39.914340 0.082017 0.165399 0.982811 5.465172
0.678145 0.713010 -0.178147 76.111974 -0.730123 0.681292 -0.052553 -39.892111 0.083899 0.165707 0.982600 5.500591
0.682949 0.708160 -0.179136 76.122172 -0.725512 0.686116 -0.053633 -39.901369 0.084927 0.166594 0.982361 5.537994
0.687556 0.703416 -0.180199 76.166461 -0.721016 0.690761 -0.054642 -39.943193 0.086038 0.167496 0.982111 5.572680
0.689295 0.701380 -0.181491 76.201686 -0.719233 0.692579 -0.055115 -39.977344 0.087040 0.168525 0.981847 5.610622
0.688804 0.701846 -0.181550 76.223754 -0.719901 0.691711 -0.057265 -39.996346 0.085389 0.170143 0.981713 5.635402
0.688317 0.702124 -0.182321 76.243032 -0.720439 0.691030 -0.058697 -40.009094 0.084777 0.171753 0.981485 5.665120
0.687845 0.702429 -0.182931 76.246412 -0.721066 0.690159 -0.061190 -40.006110 0.083270 0.173995 0.981220 5.692166
0.688160 0.702010 -0.183353 76.256803 -0.720894 0.690153 -0.063250 -40.008638 0.082140 0.175704 0.981010 5.717303
0.688536 0.701394 -0.184296 76.257905 -0.720596 0.690299 -0.065028 -40.004391 0.081609 0.177577 0.980717 5.746613
0.689363 0.700527 -0.184501 76.272694 -0.719929 0.690805 -0.067015 -40.012851 0.080508 0.179026 0.980545 5.770825
0.690667 0.699137 -0.184897 76.316638 -0.718775 0.691805 -0.069051 -40.047279 0.079637 0.180590 0.980329 5.802362
0.691340 0.698422 -0.185083 76.343479 -0.718291 0.692059 -0.071503 -40.067420 0.078149 0.182376 0.980118 5.827707
0.692805 0.696966 -0.185092 76.379285 -0.716970 0.693249 -0.073205 -40.096790 0.077293 0.183422 0.979991 5.854829
0.694120 0.695519 -0.185609 76.426423 -0.715781 0.694258 -0.075255 -40.137684 0.076519 0.185092 0.979738 5.886604
0.695830 0.693762 -0.185782 76.462880 -0.714222 0.695630 -0.077377 -40.172294 0.075555 0.186531 0.979540 5.909331
0.697699 0.692000 -0.185342 76.515394 -0.712592 0.696981 -0.080195 -40.219560 0.073685 0.188025 0.979396 5.931635
0.700959 0.688679 -0.185411 76.608909 -0.709436 0.699962 -0.082176 -40.306645 0.073188 0.189140 0.979219 5.964243
0.702797 0.686689 -0.185833 76.661482 -0.707722 0.701391 -0.084738 -40.349747 0.072153 0.191072 0.978921 5.992572
0.704596 0.684561 -0.186873 76.734827 -0.705990 0.702821 -0.087300 -40.410103 0.071576 0.193441 0.978497 6.012240
0.706150 0.682539 -0.188398 76.763086 -0.704460 0.704036 -0.089824 -40.432521 0.071331 0.196148 0.977977 6.028808
0.706230 0.682077 -0.189762 76.778644 -0.704390 0.703903 -0.091405 -40.439654 0.071229 0.198220 0.977566 6.041513
0.706812 0.681218 -0.190683 76.780747 -0.703840 0.704238 -0.093051 -40.437705 0.070898 0.199980 0.977232 6.057947
0.707010 0.680993 -0.190749 76.782154 -0.703746 0.704117 -0.094664 -40.435753 0.069844 0.201167 0.977064 6.079826
0.707371 0.680317 -0.191821 76.788551 -0.703426 0.704186 -0.096515 -40.438801 0.069417 0.203203 0.976673 6.097562
0.707532 0.680027 -0.192253 76.795995 -0.703366 0.703971 -0.098490 -40.439341 0.068365 0.204909 0.976391 6.116475
0.707463 0.679946 -0.192794 76.792127 -0.703571 0.703415 -0.100971 -40.432464 0.066959 0.207078 0.976030 6.140622
0.707372 0.679752 -0.193810 76.797673 -0.703786 0.702789 -0.103792 -40.429783 0.065655 0.209820 0.975533 6.160789
0.707155 0.679656 -0.194936 76.791518 -0.704071 0.702193 -0.105873 -40.421028 0.064925 0.212117 0.975085 6.185341
0.707066 0.679635 -0.195330 76.794566 -0.704265 0.701700 -0.107829 -40.422699 0.063779 0.213807 0.974792 6.206663
0.707629 0.678635 -0.196765 76.804290 -0.703778 0.701734 -0.110750 -40.428130 0.062918 0.216849 0.974176 6.223499
0.708417 0.677398 -0.198185 76.814156 -0.702994 0.702206 -0.112722 -40.436224 0.062809 0.219177 0.973661 6.244688
0.711069 0.674583 -0.198288 76.869205 -0.700414 0.704308 -0.115632 -40.492939 0.061652 0.221106 0.973299 6.271620
0.716989 0.668241 -0.198444 76.971679 -0.694262 0.710129 -0.117116 -40.598751 0.062659 0.221743 0.973090 6.303995
0.723699 0.660800 -0.199005 77.095061 -0.687029 0.717099 -0.117299 -40.723641 0.065195 0.221611 0.972953 6.343689
0.743179 0.638137 -0.201162 77.436936 -0.665372 0.736517 -0.121749 -41.047233 0.070467 0.224328 0.971963 6.387423
0.757513 0.620795 -0.201960 77.695400 -0.648535 0.751010 -0.124040 -41.282901 0.074670 0.224941 0.971507 6.414268
0.785238 0.585372 -0.201845 78.177746 -0.613540 0.779518 -0.126171 -41.683765 0.083484 0.222915 0.971257 6.460300
0.806965 0.555285 -0.201161 78.579375 -0.583730 0.801687 -0.128678 -41.999433 0.089815 0.221262 0.971070 6.499204
0.835513 0.511892 -0.199712 79.144876 -0.540569 0.830922 -0.131739 -42.407065 0.098509 0.218027 0.970958 6.558226
0.856805 0.474685 -0.201394 79.631169 -0.504507 0.852445 -0.137152 -42.726060 0.106573 0.219117 0.969861 6.630265
0.881555 0.425900 -0.203640 80.306299 -0.456679 0.878658 -0.139300 -43.120911 0.119602 0.215799 0.969085 6.721458
0.900116 0.384351 -0.205097 81.120739 -0.414386 0.900651 -0.130814 -43.546800 0.134443 0.202737 0.969960 6.851958
0.915760 0.346402 -0.203444 82.188691 -0.375875 0.917564 -0.129596 -44.015515 0.141781 0.195148 0.970472 6.976636
0.922104 0.331196 -0.200085 82.948940 -0.359869 0.924054 -0.128912 -44.321671 0.142194 0.190875 0.971261 7.094091
0.928724 0.309903 -0.203551 84.650945 -0.336844 0.934645 -0.113907 -44.976710 0.154948 0.174353 0.972416 7.337110
0.933880 0.301580 -0.192142 86.116356 -0.325178 0.939752 -0.105481 -45.515299 0.148755 0.160987 0.975682 7.590699
0.933356 0.304745 -0.189678 87.025665 -0.326740 0.940079 -0.097430 -45.809574 0.148621 0.152913 0.977000 7.691761
0.931168 0.304485 -0.200536 88.528038 -0.325574 0.941999 -0.081478 -46.342759 0.164096 0.141159 0.976292 7.925909
0.931187 0.303884 -0.201358 89.851241 -0.324515 0.942650 -0.078113 -46.816027 0.166072 0.138082 0.976398 8.127299
0.931163 0.304080 -0.201174 90.843368 -0.324672 0.942603 -0.078021 -47.195890 0.165903 0.137966 0.976443 8.292821
0.934308 0.288015 -0.210036 92.208117 -0.309902 0.947452 -0.079337 -47.666297 0.176148 0.139216 0.974469 8.537573
0.939459 0.260949 -0.222087 93.848702 -0.285235 0.954696 -0.084828 -48.207070 0.189890 0.143040 0.971330 8.848724
0.946690 0.220689 -0.234679 95.192026 -0.248566 0.963811 -0.096354 -48.614534 0.204922 0.149550 0.967286 9.118819
0.955348 0.178552 -0.235434 96.302138 -0.209435 0.971240 -0.113268 -48.887474 0.208439 0.157519 0.965267 9.367141
0.965038 0.132596 -0.226097 97.466025 -0.163118 0.979025 -0.122075 -49.164843 0.205168 0.154688 0.966425 9.595724
0.972085 0.075196 -0.222252 98.946860 -0.105493 0.986181 -0.127745 -49.443336 0.209575 0.147625 0.966584 9.871437
0.975531 0.029347 -0.217893 100.188312 -0.059216 0.989500 -0.131846 -49.689393 0.211735 0.141523 0.967026 10.104963
0.977051 -0.017067 -0.212321 101.708983 -0.011488 0.991112 -0.132534 -49.662873 0.212696 0.131932 0.968171 10.435633
0.975058 -0.066108 -0.211875 103.252107 0.037211 0.989791 -0.137585 -49.686499 0.218807 0.126269 0.967564 10.766794
0.972611 -0.100470 -0.209603 104.492811 0.071860 0.987552 -0.139917 -49.697725 0.221052 0.121023 0.967724 11.030891
0.968082 -0.139330 -0.208336 106.101148 0.110798 0.983516 -0.142902 -49.624462 0.224813 0.115257 0.967561 11.384752
0.964854 -0.160035 -0.208437 107.392061 0.131875 0.980940 -0.142706 -49.468479 0.227302 0.110203 0.967569 11.663809
0.959528 -0.178608 -0.217727 109.422733 0.150418 0.978669 -0.139935 -49.151795 0.238077 0.101521 0.965926 12.107872
0.955931 -0.188100 -0.225419 111.115216 0.160762 0.977827 -0.134205 -48.877305 0.245665 0.092052 0.964974 12.499932
0.958977 -0.183132 -0.216391 112.422653 0.158334 0.979185 -0.126996 -48.612473 0.235144 0.087524 0.968012 12.811759
0.958491 -0.179069 -0.221877 114.066319 0.155180 0.980457 -0.120927 -48.289848 0.239195 0.081476 0.967547 13.192691
0.957105 -0.181165 -0.226119 115.761322 0.157828 0.980453 -0.117487 -48.023867 0.242983 0.076759 0.966989 13.597737
0.956543 -0.181379 -0.228313 117.104750 0.158033 0.980497 -0.116841 -47.806359 0.245053 0.075683 0.966551 13.920518
0.957088 -0.178379 -0.228391 118.863306 0.155266 0.981086 -0.115599 -47.522438 0.244692 0.075177 0.966682 14.352050
0.961007 -0.141854 -0.237366 122.960695 0.116139 0.986068 -0.119087 -46.919696 0.250952 0.086876 0.964093 15.395575
0.961572 -0.131462 -0.241032 124.368717 0.104655 0.987134 -0.120889 -46.728462 0.253823 0.091018 0.962959 15.750087
0.965074 -0.112050 -0.236808 126.069349 0.085890 0.989284 -0.118067 -46.512351 0.247499 0.093604 0.964356 16.180812
0.966165 -0.103447 -0.236270 127.423377 0.077183 0.990028 -0.117846 -46.382793 0.246105 0.095623 0.964515 16.516240
0.965524 -0.091508 -0.243701 129.215142 0.064160 0.990951 -0.117898 -46.234066 0.252284 0.098197 0.962658 16.945671
0.968168 -0.080544 -0.236986 130.636292 0.053282 0.991430 -0.119283 -46.186371 0.244563 0.102859 0.964162 17.301893
0.969043 -0.063884 -0.238485 133.081538 0.036669 0.992472 -0.116857 -46.062601 0.244155 0.104495 0.964090 17.896703
0.970451 -0.052112 -0.235602 134.435222 0.025401 0.993038 -0.115019 -45.968389 0.239956 0.105636 0.965019 18.220653
0.969749 -0.042679 -0.240346 136.206298 0.015694 0.993461 -0.113089 -45.902290 0.243601 0.105896 0.964077 18.644615
0.970465 -0.038059 -0.238220 137.587799 0.011186 0.993514 -0.113159 -45.854773 0.240982 0.107152 0.964596 18.973594
0.971446 -0.019099 -0.236490 139.651244 -0.006943 0.994040 -0.108796 -45.811756 0.237158 0.107331 0.965524 19.466551
0.971093 -0.003283 -0.238679 141.306035 -0.023397 0.993782 -0.108862 -45.816941 0.237552 0.111299 0.964977 19.852477
0.970062 0.017364 -0.242236 143.224544 -0.043610 0.993682 -0.103411 -45.834606 0.238910 0.110879 0.964691 20.306164
0.969318 0.036838 -0.243034 145.323894 -0.063076 0.992877 -0.101075 -45.927775 0.237579 0.113304 0.964737 20.806388
0.970238 0.054968 -0.235832 146.738621 -0.079698 0.992123 -0.096641 -45.950899 0.228663 0.112560 0.966977 21.142414
0.969968 0.059158 -0.235928 147.779655 -0.085047 0.991234 -0.101105 -46.042891 0.227878 0.118134 0.966497 21.388003
0.968496 0.067780 -0.239626 149.121736 -0.094670 0.990214 -0.102538 -46.125489 0.230331 0.121993 0.965435 21.681890
0.968262 0.076475 -0.237949 150.335145 -0.103630 0.989187 -0.103776 -46.251497 0.227439 0.125141 0.965718 21.954320
0.967864 0.083444 -0.237225 151.481709 -0.111137 0.988152 -0.105848 -46.380941 0.225582 0.128811 0.965671 22.214031
0.967397 0.090210 -0.236656 152.300563 -0.117822 0.987444 -0.105227 -46.455310 0.224192 0.129679 0.965879 22.395028
0.967041 0.096606 -0.235582 153.294313 -0.124068 0.986740 -0.104650 -46.547066 0.222348 0.130429 0.966204 22.613040
0.965554 0.101628 -0.239534 154.283856 -0.129549 0.986123 -0.103823 -46.680202 0.225659 0.131278 0.965321 22.831902
0.964134 0.102192 -0.244952 155.257563 -0.130751 0.986021 -0.103277 -46.810155 0.230974 0.131601 0.964019 23.047722
0.964669 0.101971 -0.242933 155.992389 -0.131148 0.985562 -0.107087 -46.978837 0.228506 0.135163 0.964114 23.214646
0.964982 0.101326 -0.241956 156.700203 -0.130231 0.985738 -0.106586 -47.109294 0.227706 0.134364 0.964415 23.371810
0.962739 0.107385 -0.248198 157.906333 -0.136168 0.985439 -0.101825 -47.277955 0.233650 0.131828 0.963343 23.641280
0.962165 0.112366 -0.248216 159.069800 -0.141901 0.984356 -0.104438 -47.491187 0.232598 0.135709 0.963058 23.898381
0.961748 0.118644 -0.246911 159.874054 -0.148105 0.983454 -0.104325 -47.554570 0.230448 0.136903 0.963406 24.090990
0.961312 0.129427 -0.243163 160.883450 -0.157526 0.982456 -0.099831 -47.664253 0.225976 0.134273 0.964834 24.326642
0.959070 0.134818 -0.249014 161.638862 -0.164123 0.981271 -0.100848 -47.797688 0.230754 0.137590 0.963235 24.495173
0.957899 0.143964 -0.248404 162.792495 -0.172621 0.980139 -0.097619 -47.938460 0.229417 0.136389 0.963725 24.755499
0.955629 0.151074 -0.252882 163.923037 -0.180243 0.978894 -0.096329 -48.110172 0.232992 0.137635 0.962690 25.035339
0.956159 0.156861 -0.247295 164.678333 -0.185175 0.978045 -0.095593 -48.203245 0.226871 0.137195 0.964213 25.202635
0.955507 0.162937 -0.245880 165.578168 -0.190495 0.977307 -0.092645 -48.293396 0.225205 0.135361 0.964863 25.403357
0.951254 0.168954 -0.258013 166.483390 -0.195388 0.977432 -0.080315 -48.459469 0.238621 0.126812 0.962797 25.596549
0.946561 0.174904 -0.270981 167.392872 -0.201218 0.976871 -0.072352 -48.677485 0.252058 0.123012 0.959862 25.773579
0.945200 0.188743 -0.266407 168.488496 -0.214183 0.974308 -0.069636 -48.874813 0.246419 0.122880 0.961342 26.034628
0.946260 0.196286 -0.257029 169.229066 -0.221647 0.972358 -0.073437 -49.002614 0.235510 0.126460 0.963609 26.232003
0.947306 0.200311 -0.249976 170.184070 -0.225156 0.971447 -0.074808 -49.188125 0.227853 0.127149 0.965358 26.413361
0.951044 0.198203 -0.237129 170.991261 -0.221773 0.972056 -0.076968 -49.402689 0.215247 0.125789 0.968424 26.589638
0.952420 0.195847 -0.233539 171.787903 -0.219215 0.972518 -0.078444 -49.574777 0.211758 0.125907 0.969178 26.767099
0.951924 0.193761 -0.237272 172.836095 -0.218250 0.972488 -0.081454 -49.788292 0.214961 0.129322 0.968022 27.001445
0.949193 0.188696 -0.251844 173.908230 -0.213348 0.974154 -0.074210 -50.002094 0.231332 0.124170 0.964918 27.234028
0.949112 0.180997 -0.257734 174.841707 -0.205855 0.975875 -0.072744 -50.248390 0.238350 0.122098 0.963474 27.424624
0.947588 0.171234 -0.269735 176.234603 -0.196568 0.978011 -0.069685 -50.548254 0.251871 0.119053 0.960410 27.720390
0.946366 0.168563 -0.275641 177.440803 -0.192699 0.979249 -0.062758 -50.808720 0.259343 0.112507 0.959210 28.032733
0.947146 0.167513 -0.273593 178.644844 -0.190972 0.979680 -0.061290 -51.037965 0.257767 0.110299 0.959891 28.315684
0.947107 0.168239 -0.273283 179.573616 -0.191345 0.979686 -0.060020 -51.212602 0.257634 0.109137 0.960059 28.564253
0.944866 0.170809 -0.279377 180.561186 -0.194704 0.979030 -0.059926 -51.403680 0.263283 0.111018 0.958310 28.801315
0.941636 0.179906 -0.284528 182.036698 -0.204263 0.977189 -0.058127 -51.708922 0.267580 0.112853 0.956904 29.183017
0.938269 0.190977 -0.288408 183.264194 -0.217223 0.974176 -0.061606 -51.976790 0.269194 0.120452 0.955524 29.509942
0.934943 0.203514 -0.290627 184.478005 -0.230812 0.970984 -0.062580 -52.266482 0.269459 0.125589 0.954788 29.858048
0.931119 0.215466 -0.294265 185.466675 -0.244542 0.967430 -0.065414 -52.511912 0.270587 0.132868 0.953483 30.130839
0.926665 0.234319 -0.293916 186.919390 -0.263860 0.962392 -0.064654 -52.937722 0.267713 0.137465 0.953642 30.556046
0.922561 0.249790 -0.294086 188.077943 -0.279733 0.957951 -0.063873 -53.265200 0.265765 0.141192 0.953642 30.860553
0.919202 0.263123 -0.292976 188.941208 -0.293666 0.953707 -0.064837 -53.559382 0.262353 0.145636 0.953919 31.099609
0.917651 0.266697 -0.294601 189.771981 -0.298148 0.952186 -0.066702 -53.857619 0.262726 0.149044 0.953290 31.313472
0.916339 0.272834 -0.293059 190.758027 -0.304036 0.950380 -0.065872 -54.209726 0.260546 0.149462 0.953822 31.552408
0.916169 0.272380 -0.294014 191.673787 -0.304241 0.950181 -0.067770 -54.530549 0.260907 0.151539 0.953396 31.765511
0.916633 0.270587 -0.294223 192.513657 -0.303728 0.949991 -0.072571 -54.819570 0.259872 0.155884 0.952978 31.964612
0.917996 0.268503 -0.291872 193.116526 -0.302543 0.949968 -0.077649 -55.036402 0.256420 0.159585 0.953300 32.133762
0.919015 0.267264 -0.289795 193.836023 -0.302287 0.949610 -0.082849 -55.283428 0.253049 0.163741 0.953496 32.309328
0.918399 0.265723 -0.293145 194.641539 -0.301720 0.949649 -0.084447 -55.556305 0.255945 0.166003 0.952331 32.486570
0.918894 0.259825 -0.296858 195.154464 -0.296944 0.950937 -0.086850 -55.720172 0.259728 0.167956 0.950964 32.600135
0.920233 0.252206 -0.299272 195.939472 -0.289094 0.953483 -0.085408 -55.969271 0.263810 0.165113 0.950338 32.803644
0.921377 0.245142 -0.301611 196.471900 -0.281692 0.955853 -0.083632 -56.157620 0.267794 0.162018 0.949756 32.923953
0.926596 0.225405 -0.301020 197.206171 -0.261883 0.961228 -0.086355 -56.355169 0.269885 0.158848 0.949700 33.109164
0.931989 0.199123 -0.302896 197.988562 -0.235603 0.967792 -0.088711 -56.557270 0.275476 0.154041 0.948886 33.289239
0.936955 0.173963 -0.303073 198.634894 -0.209506 0.973771 -0.088750 -56.718842 0.279684 0.146651 0.948826 33.450433
0.942832 0.133853 -0.305206 199.490714 -0.168741 0.981467 -0.090830 -56.905842 0.287392 0.137138 0.947945 33.681279
0.951401 0.080891 -0.297141 200.575443 -0.113734 0.988965 -0.094933 -57.106022 0.286183 0.124114 0.950103 34.017854
0.955034 0.041991 -0.293507 201.350518 -0.074760 0.992040 -0.101331 -57.167953 0.286916 0.118717 0.950571 34.246905
0.954885 -0.010700 -0.296783 202.351887 -0.022643 0.993818 -0.108684 -57.243543 0.296111 0.110501 0.948740 34.525884
0.951903 -0.054679 -0.301482 203.198292 0.020931 0.993254 -0.114055 -57.252217 0.305685 0.102259 0.946626 34.768029
0.946188 -0.099881 -0.307819 204.269492 0.067568 0.991189 -0.113927 -57.197173 0.316486 0.086997 0.944600 35.106308
0.941360 -0.133961 -0.309669 205.344349 0.102272 0.987914 -0.116472 -57.114408 0.321529 0.077972 0.943684 35.433000
0.939365 -0.155266 -0.305755 206.713119 0.123796 0.985040 -0.119880 -56.972747 0.319794 0.074760 0.944533 35.875733
0.938856 -0.161259 -0.304211 207.663366 0.130124 0.984194 -0.120124 -56.877929 0.318774 0.073194 0.945001 36.195694
0.938638 -0.160300 -0.305388 208.840645 0.129053 0.984346 -0.120033 -56.701417 0.319848 0.073257 0.944632 36.582762
0.939190 -0.156768 -0.305524 209.783873 0.124923 0.984729 -0.121258 -56.628646 0.319868 0.075717 0.944432 36.886827
0.941374 -0.139290 -0.307268 210.936823 0.107297 0.987110 -0.118750 -56.480485 0.319848 0.078820 0.944185 37.269574
0.943560 -0.122051 -0.307892 211.842104 0.089421 0.988979 -0.118004 -56.411855 0.318901 0.083812 0.944075 37.570371
0.947387 -0.101706 -0.303502 213.000960 0.068673 0.990681 -0.117619 -56.395209 0.312637 0.090588 0.945543 37.959100
0.949198 -0.082044 -0.303795 213.924264 0.049472 0.992315 -0.113414 -56.340981 0.310765 0.092623 0.945963 38.264797
0.951568 -0.063164 -0.300880 214.831549 0.031061 0.993411 -0.110314 -56.291463 0.305866 0.095626 0.947260 38.564825
0.953528 -0.042370 -0.298309 215.988588 0.010142 0.994016 -0.108765 -56.236397 0.301132 0.100686 0.948252 38.940287
0.954595 -0.021249 -0.297148 217.124301 -0.010785 0.994334 -0.105754 -56.218431 0.297711 0.104157 0.948957 39.297872
0.955524 -0.004946 -0.294873 218.249511 -0.027519 0.994001 -0.105849 -56.184403 0.293628 0.109256 0.949656 39.643522
0.956579 0.006991 -0.291390 219.155121 -0.039339 0.993662 -0.105301 -56.169241 0.288807 0.112192 0.950791 39.923932
0.955940 0.018148 -0.293002 220.511128 -0.051142 0.993120 -0.105342 -56.195062 0.289074 0.115685 0.950291 40.332454
0.955432 0.030796 -0.293601 221.408844 -0.062836 0.992968 -0.100327 -56.224502 0.288447 0.114305 0.950649 40.608349
0.956613 0.046426 -0.287640 222.520126 -0.079140 0.991511 -0.103165 -56.293387 0.280408 0.121453 0.952166 40.939605
0.955246 0.063922 -0.288825 223.632062 -0.097304 0.989939 -0.102730 -56.310814 0.279353 0.126236 0.951854 41.266267
0.955661 0.077873 -0.283987 224.473683 -0.111087 0.988483 -0.102769 -56.294666 0.272713 0.129759 0.953305 41.526594
0.954325 0.099568 -0.281690 225.685375 -0.133482 0.985596 -0.103840 -56.395254 0.267294 0.136698 0.953870 41.875312
0.953271 0.113454 -0.280005 226.383719 -0.147753 0.983485 -0.104529 -56.454616 0.263522 0.141016 0.954291 42.077218
0.950965 0.137066 -0.277268 227.417485 -0.171408 0.979742 -0.103560 -56.521341 0.257457 0.146008 0.955195 42.353739
0.948877 0.155157 -0.274879 228.221680 -0.189868 0.976246 -0.104373 -56.635092 0.252155 0.151228 0.955797 42.571621
0.945603 0.181694 -0.269857 229.121084 -0.215624 0.971168 -0.101679 -56.685403 0.243602 0.154335 0.957517 42.817046
0.941238 0.211799 -0.263081 230.014730 -0.244153 0.964903 -0.096701 -56.845736 0.233366 0.155251 0.959915 43.055394
0.928462 0.262616 -0.262662 231.106727 -0.294875 0.951161 -0.091336 -57.115151 0.225847 0.162255 0.960555 43.320297
0.915498 0.307313 -0.259659 231.645869 -0.339882 0.936109 -0.090438 -57.202198 0.215276 0.171049 0.961456 43.461547
0.897791 0.357554 -0.257150 232.233637 -0.390478 0.916276 -0.089247 -57.344383 0.203710 0.180537 0.962242 43.601512
0.870429 0.423253 -0.251416 232.976630 -0.455833 0.885813 -0.086898 -57.596332 0.185928 0.190242 0.963970 43.775128
0.825852 0.505455 -0.249970 233.940881 -0.538376 0.838610 -0.082968 -58.144128 0.167690 0.203097 0.964692 43.960539
0.792256 0.554737 -0.254161 234.545367 -0.588834 0.804281 -0.080039 -58.517991 0.160017 0.213070 0.963844 44.069713
0.741489 0.619261 -0.258282 235.266031 -0.654156 0.752829 -0.072990 -59.055040 0.149242 0.223078 0.963308 44.196887
0.675692 0.690389 -0.258463 236.042187 -0.725821 0.684369 -0.069449 -59.776693 0.128937 0.234524 0.963522 44.333451
0.608000 0.748937 -0.263496 236.712101 -0.786851 0.612661 -0.074237 -60.642685 0.105835 0.252468 0.961800 44.436098
0.548084 0.793942 -0.263172 237.339028 -0.831911 0.550080 -0.073053 -61.467873 0.086766 0.258975 0.961979 44.523078
0.502166 0.822282 -0.267736 237.793514 -0.861592 0.502260 -0.073443 -62.256985 0.074083 0.267560 0.960689 44.583423
0.459907 0.846211 -0.269094 238.147093 -0.885863 0.458091 -0.073478 -62.945412 0.061092 0.272174 0.960307 44.600999
0.415112 0.869347 -0.268176 238.611764 -0.908730 0.410305 -0.076543 -63.717418 0.043492 0.275474 0.960324 44.669501
0.383403 0.883709 -0.268440 238.945377 -0.923062 0.376392 -0.079288 -64.476907 0.030971 0.278186 0.960028 44.700402
0.356458 0.894834 -0.268719 239.277964 -0.934071 0.347827 -0.080791 -65.174473 0.021174 0.279801 0.959824 44.737722
0.323380 0.908945 -0.263142 239.637489 -0.946221 0.313408 -0.080253 -66.238591 0.009525 0.274943 0.961413 44.754253
0.289448 0.921451 -0.259130 240.005126 -0.957194 0.278647 -0.078334 -67.354244 0.000025 0.270711 0.962661 44.755152
0.249707 0.933863 -0.256019 240.358560 -0.968253 0.237668 -0.077456 -68.528421 -0.011486 0.267233 0.963564 44.746221
0.212424 0.944027 -0.252368 240.630320 -0.976860 0.198569 -0.079461 -69.496877 -0.024901 0.263408 0.964363 44.740937
0.149830 0.956275 -0.251174 240.959166 -0.987740 0.133511 -0.080899 -70.916338 -0.043827 0.260216 0.964555 44.697704
0.105623 0.962417 -0.250194 241.138335 -0.992924 0.088342 -0.079351 -71.873557 -0.054266 0.256805 0.964938 44.660134
0.061654 0.965466 -0.253130 241.331144 -0.996135 0.043625 -0.076235 -73.107334 -0.062559 0.256851 0.964424 44.611587
0.012096 0.968207 -0.249859 241.402572 -0.997810 -0.004562 -0.065981 -74.661207 -0.065023 0.250110 0.966032 44.455233
-0.015352 0.967774 -0.251351 241.426049 -0.997058 -0.033696 -0.068842 -75.659697 -0.075093 0.249555 0.965445 44.381680
-0.045164 0.966912 -0.251079 241.406547 -0.995332 -0.065012 -0.071324 -77.250391 -0.085287 0.246686 0.965335 44.231745
-0.058968 0.966445 -0.250013 241.343199 -0.994533 -0.078495 -0.068860 -78.542157 -0.086174 0.244586 0.965791 44.105874
-0.064365 0.965754 -0.251351 241.245754 -0.994704 -0.082313 -0.061546 -79.889298 -0.080128 0.246058 0.965937 43.952561
-0.063561 0.965219 -0.253597 241.113424 -0.995085 -0.080632 -0.057488 -81.502996 -0.075937 0.248697 0.965600 43.811310
-0.049442 0.964290 -0.260192 240.993590 -0.995727 -0.067931 -0.062548 -83.207321 -0.077990 0.255988 0.963529 43.657797
-0.035061 0.964462 -0.261883 240.944103 -0.996366 -0.054087 -0.065797 -84.212770 -0.077624 0.258625 0.962854 43.587464
-0.002434 0.960228 -0.279207 240.904462 -0.998486 -0.017675 -0.052082 -85.882883 -0.054946 0.278657 0.958818 43.449251
0.040590 0.956924 -0.287487 240.922777 -0.998186 0.026033 -0.054278 -87.360907 -0.044456 0.289169 0.956245 43.360123
0.082365 0.951944 -0.294989 240.966420 -0.996128 0.069508 -0.053829 -88.467653 -0.030738 0.298281 0.953983 43.271059
0.147991 0.944291 -0.293962 241.150369 -0.988984 0.140421 -0.046818 -90.228704 -0.002931 0.297653 0.954670 43.236551
0.200607 0.933299 -0.297842 241.315738 -0.979598 0.194834 -0.049273 -91.337823 0.012043 0.301650 0.953343 43.213040
0.271547 0.913551 -0.302797 241.718242 -0.962152 0.265179 -0.062797 -92.999859 0.022927 0.308389 0.950984 43.253225
0.319550 0.893444 -0.315668 242.069015 -0.946477 0.316940 -0.061073 -94.144586 0.045483 0.318289 0.946902 43.284751
0.388539 0.864450 -0.319004 242.683421 -0.918872 0.389291 -0.064247 -95.786515 0.068647 0.318087 0.945573 43.389998
0.446072 0.836067 -0.319392 243.272333 -0.890401 0.450680 -0.063823 -97.128708 0.090583 0.312857 0.945471 43.497255
0.498087 0.806571 -0.318359 244.121920 -0.859626 0.507482 -0.059204 -98.747685 0.113809 0.303158 0.946120 43.679859
0.528984 0.785525 -0.321132 244.730949 -0.839113 0.540672 -0.059683 -99.785013 0.126744 0.301038 0.945152 43.821599
0.569579 0.753771 -0.327734 245.769014 -0.808739 0.585122 -0.059784 -101.352607 0.146701 0.299103 0.942877 44.059482
0.597224 0.731211 -0.329626 246.885197 -0.785570 0.616197 -0.056401 -102.876015 0.161874 0.292628 0.942425 44.351174
0.610183 0.719120 -0.332482 247.864375 -0.774028 0.630619 -0.056567 -104.152641 0.168991 0.291867 0.941412 44.597332
0.615770 0.713480 -0.334325 248.663218 -0.769291 0.636138 -0.059327 -105.182749 0.170348 0.293726 0.940589 44.807207
0.617672 0.709251 -0.339771 250.297705 -0.765948 0.640512 -0.055393 -107.294993 0.178340 0.294461 0.938876 45.217167
0.618918 0.708228 -0.339639 251.538791 -0.765546 0.640659 -0.059115 -108.878146 0.175726 0.296596 0.938696 45.545754
0.619960 0.707258 -0.339759 252.577560 -0.764505 0.641940 -0.058706 -110.221435 0.176584 0.296142 0.938679 45.828214
0.619241 0.707732 -0.340082 253.418866 -0.764874 0.641609 -0.057496 -111.301618 0.177508 0.295724 0.938637 46.028717
0.619629 0.706697 -0.341526 254.263054 -0.763996 0.642782 -0.056049 -112.406604 0.179917 0.295654 0.938200 46.269697
0.620088 0.707791 -0.338412 255.329976 -0.763776 0.643197 -0.054253 -113.771174 0.179266 0.292112 0.939433 46.536303
0.618918 0.708378 -0.339325 256.170577 -0.764787 0.641948 -0.054810 -114.854747 0.179003 0.293434 0.939071 46.769281
0.614827 0.713225 -0.336598 257.266885 -0.767922 0.638630 -0.049470 -116.221252 0.179679 0.288896 0.940348 47.052153
0.608559 0.718995 -0.335712 258.315756 -0.771940 0.634395 -0.040641 -117.594969 0.183753 0.283881 0.941088 47.358898
0.606408 0.722116 -0.332894 259.152001 -0.773807 0.632278 -0.038044 -118.702471 0.183009 0.280666 0.942196 47.610876
0.600865 0.726926 -0.332476 260.206818 -0.778828 0.626039 -0.038759 -120.080741 0.179968 0.282230 0.942315 47.909615
0.593021 0.732107 -0.335179 261.473972 -0.784561 0.619003 -0.036054 -121.760430 0.181082 0.284349 0.941464 48.269282
0.583536 0.737971 -0.338948 262.326790 -0.790898 0.611164 -0.030965 -122.926239 0.184301 0.286143 0.940295 48.510241
0.577261 0.744695 -0.334961 263.140452 -0.796439 0.603987 -0.029755 -124.058051 0.180154 0.283953 0.941762 48.780109
0.572388 0.750014 -0.331437 264.369598 -0.803538 0.593592 -0.044452 -125.821794 0.163398 0.291766 0.942430 49.146636
0.562007 0.754726 -0.338432 265.152865 -0.809350 0.586171 -0.036823 -126.984008 0.170588 0.294605 0.940270 49.347078
