0.999916 0.011821 0.005294 3.165293 -0.011808 0.999927 -0.002595 -0.035684 -0.005324 0.002532 0.999983 -0.026731
0.999791 0.019948 0.004584 4.894145 -0.019930 0.999793 -0.004015 -0.086686 -0.004663 0.003922 0.999981 -0.053431
0.999413 0.034237 0.001341 6.858345 -0.034236 0.999414 -0.000685 -0.149574 -0.001364 0.000639 0.999999 -0.053349
0.998858 0.047700 0.002697 8.417537 -0.047692 0.998858 -0.002925 -0.219178 -0.002833 0.002793 0.999992 -0.048538
0.997661 0.068196 0.004619 10.437685 -0.068165 0.997652 -0.006620 -0.348315 -0.005060 0.006290 0.999967 -0.054190
0.995597 0.093672 0.003593 12.684231 -0.093644 0.995578 -0.007370 -0.542034 -0.004268 0.007001 0.999966 -0.065437
0.992882 0.119090 0.001630 14.544913 -0.119071 0.992846 -0.008888 -0.745592 -0.002676 0.008631 0.999959 -0.061095
0.990598 0.136801 -0.001014 16.047181 -0.136799 0.990458 -0.016685 -0.939012 -0.001279 0.016667 0.999860 -0.046185
0.987204 0.159446 0.002421 17.921592 -0.159367 0.987019 -0.019887 -1.219418 -0.005560 0.019246 0.999799 -0.037817
0.984118 0.177515 -0.000035 19.416884 -0.177473 0.983881 -0.021937 -1.483104 -0.003859 0.021595 0.999759 -0.040141
0.979510 0.201394 0.000050 21.273136 -0.201332 0.979217 -0.024489 -1.851990 -0.004981 0.023977 0.999700 -0.057045
0.975414 0.220373 -0.001636 22.699758 -0.220330 0.975013 -0.028376 -2.161940 -0.004658 0.028038 0.999596 -0.041483
0.969792 0.243908 -0.003421 24.489624 -0.243894 0.969298 -0.031259 -2.596376 -0.004309 0.031149 0.999505 -0.059356
0.964506 0.263965 -0.007152 25.870530 -0.264055 0.963931 -0.033358 -2.965774 -0.001911 0.034062 0.999418 -0.053293
0.956793 0.290623 -0.009204 27.993312 -0.290768 0.956223 -0.033037 -3.592606 -0.000800 0.034286 0.999412 -0.041267
0.950261 0.311412 -0.005092 29.621324 -0.311418 0.949778 -0.030653 -4.108764 -0.004710 0.030714 0.999517 -0.032162
0.944637 0.327953 -0.010413 30.927544 -0.328117 0.944106 -0.031675 -4.539771 -0.000557 0.033338 0.999444 -0.036612
0.938079 0.346213 -0.012045 32.639394 -0.346422 0.937548 -0.031540 -5.158805 0.000373 0.033760 0.999430 -0.025058
0.931149 0.364380 -0.013744 34.321244 -0.364636 0.930626 -0.031235 -5.811704 0.001409 0.034096 0.999418 -0.021879
0.923459 0.383440 -0.014034 35.654715 -0.383693 0.922999 -0.029204 -6.347950 0.001755 0.032353 0.999475 -0.016780
0.915802 0.401352 -0.014920 36.949313 -0.401624 0.915344 -0.029037 -6.906668 0.002003 0.032585 0.999467 -0.027303
0.906010 0.422860 -0.018316 38.607353 -0.423232 0.905573 -0.028509 -7.668710 0.004531 0.033581 0.999426 -0.031840
0.895471 0.444498 -0.023509 40.508059 -0.445033 0.895088 -0.027639 -8.600882 0.008757 0.035212 0.999341 -0.018407
0.886314 0.462491 -0.023442 42.102203 -0.463006 0.885963 -0.026368 -9.427004 0.008574 0.034224 0.999377 -0.007996
0.876809 0.480132 -0.026060 43.682170 -0.480724 0.876497 -0.025637 -10.281945 0.010533 0.035007 0.999332 0.014091
0.869156 0.493826 -0.026530 44.871787 -0.494426 0.868850 -0.025344 -10.951253 0.010535 0.035145 0.999327 0.027177
0.860063 0.509322 -0.029724 46.286587 -0.510039 0.859760 -0.025953 -11.785635 0.012337 0.037481 0.999221 0.049472
0.853088 0.520993 -0.028426 47.405998 -0.521663 0.852742 -0.026452 -12.479741 0.010458 0.037395 0.999246 0.046542
0.846019 0.532313 -0.029924 48.535003 -0.533028 0.845703 -0.025842 -13.194635 0.011551 0.037813 0.999218 0.044139
0.836450 0.547271 -0.029080 49.780595 -0.547911 0.836235 -0.022481 -13.998936 0.012014 0.034738 0.999324 0.066955
0.827847 0.560331 -0.026426 50.707209 -0.560862 0.827645 -0.020911 -14.619170 0.010154 0.032133 0.999432 0.076057
0.816885 0.576146 -0.027470 51.854368 -0.576728 0.816612 -0.023015 -15.427897 0.009172 0.034643 0.999358 0.089568
0.806414 0.590533 -0.031085 52.972226 -0.591245 0.806150 -0.023487 -16.238094 0.011189 0.037319 0.999241 0.087411
0.798309 0.601390 -0.032141 53.791636 -0.602154 0.797990 -0.024951 -16.859105 0.010643 0.039272 0.999172 0.077572
0.787682 0.615005 -0.036420 55.005178 -0.615959 0.787329 -0.026586 -17.815437 0.012324 0.043375 0.998983 0.075091
0.779288 0.625143 -0.043664 55.996897 -0.626385 0.779131 -0.024424 -18.621661 0.018752 0.046384 0.998748 0.070597
0.773336 0.632153 -0.048320 56.660045 -0.633642 0.773204 -0.025564 -19.157529 0.021201 0.050387 0.998505 0.077772
0.766262 0.640362 -0.052719 57.279831 -0.642045 0.766286 -0.024171 -19.663908 0.024920 0.052370 0.998317 0.097660
0.757657 0.650478 -0.053247 58.025303 -0.652204 0.757638 -0.024796 -20.285881 0.024213 0.053515 0.998273 0.126306
0.748898 0.660166 -0.057729 58.788440 -0.662117 0.749019 -0.023932 -20.939487 0.027441 0.056146 0.998045 0.145539
0.742937 0.666775 -0.058785 59.233398 -0.668781 0.743081 -0.023711 -21.311017 0.027873 0.056930 0.997989 0.179371
0.735600 0.674759 -0.059943 59.829305 -0.676833 0.735755 -0.023694 -21.832071 0.028116 0.058001 0.997921 0.216474
0.727619 0.683268 -0.060958 60.529980 -0.685344 0.727898 -0.021649 -22.482855 0.029579 0.057529 0.997906 0.239515
0.722771 0.688362 -0.061321 60.873979 -0.690426 0.723114 -0.020465 -22.792844 0.030255 0.057129 0.997908 0.259985
0.717200 0.694293 -0.059850 61.274090 -0.696298 0.717438 -0.021260 -23.157077 0.028178 0.056921 0.997981 0.279669
0.711589 0.700374 -0.055833 61.704575 -0.702152 0.711715 -0.021080 -23.564318 0.024973 0.054203 0.998218 0.295116
0.702825 0.708917 -0.058934 62.263072 -0.710842 0.703065 -0.020068 -24.120776 0.027208 0.055997 0.998060 0.308327
0.697768 0.713833 -0.059692 62.573650 -0.715803 0.698013 -0.020101 -24.408507 0.027317 0.056754 0.998014 0.313184
0.684567 0.726623 -0.058197 63.220909 -0.728354 0.685052 -0.014297 -25.082042 0.029479 0.052175 0.998203 0.334322
0.674594 0.735967 -0.057237 63.695918 -0.737585 0.675149 -0.011925 -25.561571 0.029866 0.050262 0.998289 0.355054
0.666741 0.743335 -0.053933 64.043981 -0.744842 0.667100 -0.013689 -25.914540 0.025803 0.049298 0.998451 0.366053
0.659098 0.750284 -0.051613 64.408733 -0.751719 0.659306 -0.015302 -26.299993 0.022548 0.048884 0.998550 0.376149
0.650578 0.757820 -0.049576 64.829901 -0.759196 0.650635 -0.017186 -26.760311 0.019231 0.048819 0.998622 0.385770
0.639568 0.767190 -0.048702 65.363392 -0.768419 0.639835 -0.011940 -27.385163 0.022001 0.045060 0.998742 0.399410
0.627530 0.777276 -0.045251 65.964934 -0.778308 0.627811 -0.009491 -28.114537 0.021032 0.041175 0.998931 0.398063
0.613383 0.788083 -0.051835 66.677415 -0.789449 0.613715 -0.011115 -29.039406 0.023053 0.047739 0.998594 0.404379
0.604145 0.795574 -0.045511 67.206871 -0.796649 0.604347 -0.010754 -29.728574 0.018949 0.042754 0.998906 0.439935
0.596601 0.801247 -0.045507 67.629178 -0.802331 0.596775 -0.011133 -30.286910 0.018237 0.043154 0.998902 0.454520
0.590416 0.805738 -0.046847 68.038936 -0.806885 0.590602 -0.011254 -30.838886 0.018600 0.044445 0.998839 0.461455
0.583314 0.811014 -0.044734 68.553536 -0.812068 0.583457 -0.011152 -31.548837 0.017056 0.042833 0.998937 0.483397
0.579200 0.813951 -0.044838 69.045478 -0.814969 0.579436 -0.008864 -32.250661 0.018766 0.041675 0.998955 0.517270
0.579008 0.814009 -0.046253 69.417161 -0.815046 0.579357 -0.006838 -32.774668 0.021231 0.041657 0.998906 0.551385
0.579113 0.813981 -0.045414 69.878387 -0.815003 0.579405 -0.007795 -33.425532 0.019968 0.041527 0.998938 0.572763
0.580245 0.813191 -0.045129 70.325507 -0.814181 0.580570 -0.006866 -34.053379 0.020617 0.040727 0.998958 0.609873
0.582185 0.811639 -0.047991 70.761540 -0.812765 0.582542 -0.007626 -34.657151 0.021767 0.043445 0.998819 0.654453
0.585127 0.809319 -0.051276 71.183118 -0.810553 0.585634 -0.006079 -35.244512 0.025109 0.045119 0.998666 0.703840
0.590358 0.805511 -0.051276 71.588925 -0.806735 0.590884 -0.005821 -35.796235 0.025610 0.044803 0.998668 0.756304
0.600245 0.798146 -0.051661 72.052226 -0.799472 0.600630 -0.009452 -36.434781 0.023485 0.046975 0.998620 0.783812
0.611359 0.789661 -0.051736 72.412189 -0.791066 0.611592 -0.013043 -36.914295 0.021342 0.048901 0.998576 0.820736
0.633503 0.772005 -0.051794 72.927415 -0.773478 0.633609 -0.016450 -37.545604 0.020117 0.050483 0.998522 0.865608
0.648883 0.759250 -0.049894 73.291513 -0.760613 0.649016 -0.015705 -37.990922 0.020458 0.048141 0.998631 0.886335
0.663067 0.746999 -0.048307 73.632004 -0.748314 0.663121 -0.017218 -38.385271 0.019172 0.047566 0.998684 0.898627
0.674933 0.736266 -0.048768 73.902494 -0.737606 0.675006 -0.017459 -38.696560 0.020064 0.047755 0.998658 0.902756
0.688260 0.723902 -0.047580 74.194348 -0.725251 0.688167 -0.020914 -39.011308 0.017604 0.048902 0.998648 0.918780
0.695844 0.716634 -0.047298 74.344545 -0.718001 0.695670 -0.022736 -39.173342 0.016610 0.049780 0.998622 0.930812
0.702664 0.709895 -0.048095 74.518012 -0.711301 0.702523 -0.022625 -39.360839 0.017727 0.050108 0.998586 0.912154
0.708108 0.704424 -0.048682 74.608362 -0.705876 0.707947 -0.023458 -39.457767 0.017940 0.050974 0.998539 0.921466
0.712174 0.700255 -0.049516 74.691465 -0.701767 0.711990 -0.024359 -39.541141 0.018197 0.052096 0.998476 0.923846
0.714586 0.697833 -0.048951 74.742727 -0.699316 0.714398 -0.024348 -39.593024 0.017980 0.051631 0.998504 0.918082
0.714824 0.697569 -0.049230 74.759368 -0.699040 0.714718 -0.022851 -39.604566 0.019246 0.050748 0.998526 0.901393
0.715161 0.697138 -0.050429 74.734537 -0.698693 0.715018 -0.024026 -39.573983 0.019308 0.052417 0.998439 0.916766
0.715449 0.696788 -0.051174 74.715475 -0.698376 0.715338 -0.023718 -39.554066 0.020080 0.052708 0.998408 0.895779
0.714465 0.697778 -0.051429 74.725024 -0.699386 0.714339 -0.024048 -39.553271 0.019958 0.053150 0.998387 0.891670
0.712279 0.699916 -0.052686 74.693394 -0.701586 0.712187 -0.023793 -39.530561 0.020870 0.053911 0.998328 0.890774
0.710695 0.701531 -0.052599 74.673055 -0.703203 0.710578 -0.024161 -39.508670 0.020426 0.054159 0.998323 0.888588
0.708089 0.704144 -0.052821 74.622833 -0.705844 0.707928 -0.024937 -39.468181 0.019834 0.054941 0.998293 0.883186
0.705878 0.706345 -0.053044 74.565454 -0.708034 0.705776 -0.023830 -39.414504 0.020605 0.054378 0.998308 0.887336
0.704053 0.707997 -0.055232 74.503049 -0.709769 0.704085 -0.022175 -39.352004 0.023189 0.054814 0.998227 0.887346
0.702586 0.709435 -0.055454 74.438217 -0.711198 0.702670 -0.021257 -39.285272 0.023885 0.054374 0.998235 0.883818
0.702865 0.709146 -0.055618 74.361373 -0.711009 0.702728 -0.025299 -39.188632 0.021144 0.057326 0.998132 0.876290
0.703496 0.708503 -0.055822 74.285509 -0.710365 0.703400 -0.024699 -39.094172 0.021766 0.057030 0.998135 0.864323
0.704804 0.707129 -0.056740 74.229206 -0.709055 0.704703 -0.025192 -39.014946 0.022171 0.057987 0.998071 0.863804
0.706256 0.705629 -0.057368 74.204767 -0.707607 0.706132 -0.025882 -38.987581 0.022247 0.058873 0.998018 0.862304
0.709111 0.702753 -0.057448 74.197264 -0.704723 0.709032 -0.025280 -38.972386 0.022966 0.058411 0.998028 0.854658
0.711829 0.699993 -0.057522 74.202858 -0.701951 0.711801 -0.024575 -38.972688 0.023742 0.057871 0.998042 0.851004
0.714048 0.697664 -0.058316 74.204107 -0.699694 0.713982 -0.025648 -38.960629 0.023743 0.059118 0.997969 0.861229
0.714585 0.697097 -0.058514 74.197616 -0.699164 0.714462 -0.026705 -38.953563 0.023190 0.059993 0.997929 0.850760
0.714390 0.697211 -0.059532 74.189552 -0.699312 0.714359 -0.025571 -38.937266 0.024699 0.059899 0.997899 0.848511
0.713654 0.697916 -0.060095 74.181255 -0.700063 0.713605 -0.026060 -38.920742 0.024697 0.060668 0.997852 0.853339
0.713953 0.697551 -0.060778 74.179650 -0.699760 0.713871 -0.026898 -38.904588 0.024625 0.061734 0.997789 0.850266
0.713358 0.698070 -0.061793 74.147133 -0.700367 0.713238 -0.027871 -38.869743 0.024618 0.063160 0.997700 0.857370
0.713105 0.698291 -0.062208 74.138384 -0.700619 0.712983 -0.028056 -38.848779 0.024762 0.063591 0.997669 0.862432
0.714110 0.697244 -0.062432 74.168564 -0.699563 0.714055 -0.027145 -38.871747 0.025653 0.063059 0.997680 0.856467
0.714043 0.697296 -0.062611 74.179585 -0.699648 0.713940 -0.027974 -38.874727 0.025194 0.063781 0.997646 0.850930
0.714347 0.696949 -0.063014 74.197572 -0.699329 0.714249 -0.028073 -38.879728 0.025442 0.064121 0.997618 0.856302
0.715970 0.695239 -0.063482 74.238959 -0.697661 0.715859 -0.028542 -38.912769 0.025600 0.064724 0.997575 0.855278
0.717032 0.694194 -0.062927 74.263340 -0.696610 0.716834 -0.029705 -38.931633 0.024487 0.065135 0.997576 0.851678
0.718469 0.692658 -0.063456 74.304791 -0.695146 0.718190 -0.031215 -38.958176 0.023952 0.066538 0.997496 0.866708
0.721334 0.689683 -0.063362 74.384961 -0.692187 0.721003 -0.032121 -39.026318 0.023531 0.067028 0.997474 0.876196
0.723139 0.687659 -0.064771 74.439680 -0.690274 0.722811 -0.032669 -39.061041 0.024352 0.068334 0.997365 0.874792
0.725068 0.685543 -0.065633 74.512155 -0.688234 0.724722 -0.033338 -39.113193 0.024711 0.069344 0.997287 0.871886
0.726412 0.683992 -0.066935 74.533658 -0.686776 0.726104 -0.033345 -39.136527 0.025794 0.070192 0.997200 0.869402
0.726690 0.683584 -0.068076 74.538228 -0.686449 0.726413 -0.033360 -39.130407 0.026647 0.070973 0.997122 0.875619
0.726930 0.683317 -0.068199 74.539755 -0.686189 0.726659 -0.033337 -39.133024 0.026778 0.071031 0.997115 0.888576
0.726763 0.683503 -0.068107 74.539862 -0.686382 0.726455 -0.033814 -39.140076 0.026365 0.071322 0.997105 0.900610
0.727586 0.682604 -0.068340 74.531501 -0.685500 0.727287 -0.033814 -39.142383 0.026621 0.071450 0.997089 0.910224
0.727600 0.682534 -0.068896 74.541036 -0.685502 0.727228 -0.035022 -39.145278 0.026199 0.072710 0.997009 0.927067
0.727985 0.682114 -0.068981 74.535017 -0.685119 0.727533 -0.036168 -39.146284 0.025515 0.073590 0.996962 0.940112
0.728231 0.681818 -0.069310 74.539611 -0.684862 0.727743 -0.036781 -39.152788 0.025362 0.074253 0.996917 0.951144
0.728801 0.681203 -0.069365 74.537964 -0.684277 0.728244 -0.037763 -39.148991 0.024790 0.074987 0.996876 0.968313
0.729138 0.680819 -0.069594 74.539891 -0.683950 0.728464 -0.039392 -39.157407 0.023878 0.076321 0.996797 0.978453
0.730274 0.679500 -0.070568 74.544424 -0.682753 0.729482 -0.041295 -39.169250 0.023418 0.078337 0.996652 0.988547
0.731843 0.677784 -0.070820 74.556679 -0.681103 0.730909 -0.043245 -39.175658 0.022452 0.079884 0.996551 1.008459
0.734976 0.674368 -0.070978 74.612101 -0.677783 0.733770 -0.046814 -39.239387 0.020512 0.082515 0.996379 1.025998
0.740095 0.668704 -0.071373 74.717791 -0.672162 0.738918 -0.046879 -39.353316 0.021391 0.082670 0.996347 1.042455
0.746318 0.661667 -0.072156 74.839672 -0.665191 0.745228 -0.046436 -39.483838 0.023048 0.082654 0.996312 1.060681
0.765293 0.639193 -0.075888 75.170254 -0.643154 0.764106 -0.049950 -39.790963 0.026058 0.087034 0.995864 1.059132
0.778707 0.622680 -0.076714 75.422842 -0.626777 0.777506 -0.051326 -40.033156 0.027686 0.088050 0.995731 1.054393
0.806420 0.586231 -0.077588 75.911128 -0.590547 0.805178 -0.054244 -40.422462 0.030673 0.089563 0.995509 1.076122
0.828053 0.555405 -0.076507 76.310805 -0.559769 0.826662 -0.057338 -40.735605 0.031399 0.090305 0.995419 1.092354
0.856125 0.511325 -0.074806 76.890539 -0.515735 0.854563 -0.061145 -41.137607 0.032662 0.090928 0.995322 1.117349
0.876972 0.474429 -0.076401 77.404613 -0.479233 0.875183 -0.066257 -41.453543 0.035431 0.094720 0.994873 1.139989
0.901249 0.425756 -0.080511 78.098376 -0.431081 0.899802 -0.067265 -41.831004 0.043806 0.095329 0.994481 1.147278
0.920173 0.382832 -0.081976 78.927162 -0.388064 0.919578 -0.061504 -42.218539 0.051838 0.088406 0.994735 1.207169
0.935593 0.343487 -0.081743 80.032790 -0.348754 0.935151 -0.062149 -42.639655 0.055095 0.086655 0.994714 1.233576
0.941696 0.326940 -0.079490 80.836430 -0.332109 0.941084 -0.063751 -42.931015 0.053964 0.086433 0.994795 1.278878
0.949104 0.303455 -0.084359 82.567641 -0.308255 0.949934 -0.051025 -43.540069 0.064652 0.074432 0.995128 1.354537
0.953219 0.293210 -0.073498 84.078010 -0.296782 0.953960 -0.043372 -44.023936 0.057398 0.063156 0.996352 1.476405
0.952471 0.296203 -0.071153 85.023722 -0.299333 0.953389 -0.038073 -44.281952 0.056559 0.057562 0.996739 1.498347
0.952065 0.294692 -0.082034 86.572436 -0.297474 0.954434 -0.023782 -44.775164 0.071288 0.047045 0.996346 1.595228
0.951631 0.295885 -0.082767 87.899915 -0.298612 0.954109 -0.022493 -45.193383 0.072313 0.046120 0.996315 1.667897
0.951751 0.295746 -0.081881 88.918857 -0.298461 0.954147 -0.022908 -45.539182 0.071351 0.046240 0.996379 1.740659
0.955715 0.280401 -0.089358 90.313996 -0.283647 0.958584 -0.025715 -45.973027 0.078446 0.049922 0.995668 1.853037
0.961824 0.254540 -0.100523 91.959874 -0.258833 0.965391 -0.032041 -46.458875 0.088888 0.056836 0.994419 1.996354
0.969823 0.216168 -0.112755 93.357222 -0.222129 0.974062 -0.043148 -46.834931 0.100503 0.066892 0.992686 2.117501
0.977995 0.175039 -0.113522 94.508408 -0.182678 0.981296 -0.060716 -47.094361 0.100771 0.080118 0.991679 2.249696
0.986361 0.128792 -0.102495 95.675528 -0.136576 0.987942 -0.072926 -47.310581 0.091867 0.085930 0.992057 2.346492
0.992507 0.071061 -0.099400 97.195637 -0.079330 0.993481 -0.081867 -47.537597 0.092934 0.089139 0.991674 2.470509
0.995318 0.026594 -0.092923 98.453936 -0.034708 0.995618 -0.086828 -47.684620 0.090207 0.089647 0.991880 2.569266
0.995937 -0.024108 -0.086762 100.016686 0.016477 0.996018 -0.087616 -47.670606 0.088529 0.085830 0.992369 2.704293
0.993538 -0.072487 -0.087337 101.585239 0.064552 0.993804 -0.090483 -47.640471 0.093354 0.084261 0.992061 2.814337
0.990639 -0.105070 -0.087144 102.863568 0.096987 0.990996 -0.092309 -47.596525 0.096058 0.082993 0.991910 2.913119
0.986266 -0.139883 -0.087823 104.506437 0.131538 0.986791 -0.094557 -47.448901 0.099890 0.081706 0.991638 3.040245
0.983242 -0.159479 -0.088323 105.793475 0.151035 0.983929 -0.095246 -47.260909 0.102093 0.080310 0.991528 3.156238
0.979372 -0.177005 -0.097469 107.840582 0.168079 0.981350 -0.093280 -46.899041 0.112163 0.074974 0.990857 3.331147
0.976173 -0.189076 -0.106473 109.605815 0.180320 0.979781 -0.086686 -46.592668 0.120711 0.065422 0.990530 3.501832
0.977793 -0.185629 -0.097273 110.938167 0.178191 0.980711 -0.080338 -46.293282 0.110309 0.061221 0.992010 3.629333
0.977890 -0.183136 -0.100961 112.626597 0.175856 0.981408 -0.076892 -45.924787 0.113165 0.057437 0.991915 3.807234
0.977422 -0.182933 -0.105749 114.327425 0.175821 0.981702 -0.073131 -45.608028 0.117192 0.052887 0.991700 3.975660
0.977936 -0.179202 -0.107364 115.660194 0.172018 0.982394 -0.072878 -45.368025 0.118534 0.052801 0.991545 4.117300
0.978900 -0.174708 -0.105983 117.446791 0.167676 0.983206 -0.072046 -45.040692 0.116790 0.052755 0.991754 4.316461
0.984066 -0.135151 -0.115535 121.643890 0.126888 0.988991 -0.076136 -44.411872 0.124553 0.060263 0.990381 4.816846
0.985262 -0.123643 -0.118203 123.060291 0.114965 0.990331 -0.077636 -44.219789 0.126659 0.062903 0.989950 4.988228
0.987912 -0.105234 -0.113825 124.842312 0.097072 0.992445 -0.075036 -43.995782 0.120862 0.063080 0.990663 5.201678
0.988714 -0.097623 -0.113643 126.288714 0.089711 0.993305 -0.072782 -43.854595 0.119987 0.061766 0.990852 5.356339
0.988714 -0.088298 -0.121032 128.118355 0.079992 0.994202 -0.071853 -43.700745 0.126675 0.061361 0.990045 5.541225
0.990539 -0.075635 -0.114504 129.543147 0.067733 0.995145 -0.071404 -43.631254 0.119349 0.062973 0.990853 5.695576
0.991425 -0.057569 -0.117315 132.050543 0.049796 0.996432 -0.068143 -43.482901 0.120819 0.061717 0.990754 5.964166
0.992270 -0.045443 -0.115475 133.442949 0.038016 0.997113 -0.065722 -43.399298 0.118128 0.060825 0.991134 6.110121
0.991831 -0.035476 -0.122524 135.203975 0.027855 0.997602 -0.063362 -43.317181 0.124478 0.059431 0.990441 6.300426
0.992215 -0.031292 -0.120544 136.627326 0.023857 0.997751 -0.062632 -43.264407 0.122233 0.059269 0.990730 6.454911
0.992709 -0.012079 -0.119932 138.716358 0.005227 0.998344 -0.057283 -43.217495 0.120425 0.056238 0.991128 6.692316
0.992374 0.006590 -0.123090 140.390270 -0.013841 0.998212 -0.058147 -43.199731 0.122487 0.059407 0.990691 6.878842
0.991814 0.026076 -0.124997 142.333895 -0.032968 0.998029 -0.053392 -43.193592 0.123359 0.057075 0.990719 7.100215
0.991049 0.046451 -0.125154 144.466494 -0.053320 0.997217 -0.052104 -43.260683 0.122385 0.058311 0.990768 7.357392
0.990900 0.063266 -0.118803 145.924068 -0.069232 0.996503 -0.046777 -43.325005 0.115428 0.054576 0.991815 7.529993
0.990503 0.068906 -0.118978 147.003053 -0.075267 0.995918 -0.049816 -43.445815 0.115060 0.058298 0.991646 7.662135
0.989142 0.080608 -0.122880 148.350617 -0.087406 0.994868 -0.050968 -43.558997 0.118141 0.061155 0.991112 7.808386
0.988380 0.091420 -0.121436 149.562210 -0.098247 0.993831 -0.051463 -43.697969 0.115982 0.062795 0.991264 7.933261
0.987929 0.099119 -0.119042 150.732163 -0.105993 0.992961 -0.052856 -43.853354 0.112965 0.064835 0.991481 8.062570
0.987086 0.106482 -0.119681 151.574767 -0.113385 0.992168 -0.052411 -43.947782 0.113162 0.065304 0.991428 8.150036
0.986546 0.112685 -0.118448 152.597901 -0.119428 0.991509 -0.051443 -44.059418 0.111645 0.064897 0.991627 8.248763
0.985543 0.117276 -0.122274 153.619703 -0.124122 0.991009 -0.049939 -44.196104 0.115318 0.064394 0.991239 8.348968
0.985155 0.117583 -0.125079 154.600871 -0.124579 0.990967 -0.049640 -44.332154 0.118113 0.064486 0.990904 8.456693
0.985121 0.120498 -0.122546 155.335814 -0.127710 0.990407 -0.052772 -44.475951 0.115012 0.067637 0.991059 8.531944
0.985080 0.121811 -0.121573 156.042245 -0.128954 0.990249 -0.052698 -44.583374 0.113968 0.067589 0.991183 8.602218
0.983975 0.126752 -0.125406 157.256687 -0.133849 0.989747 -0.049858 -44.735405 0.117800 0.065844 0.990852 8.726599
0.983162 0.132905 -0.125413 158.454030 -0.140507 0.988616 -0.053808 -44.936832 0.116834 0.070524 0.990644 8.852624
0.982410 0.139600 -0.124023 159.273431 -0.147240 0.987588 -0.054689 -45.009924 0.114849 0.071988 0.990771 8.947481
0.981380 0.150349 -0.119535 160.289368 -0.157215 0.986288 -0.050202 -45.119147 0.110348 0.068060 0.991560 9.053674
0.979970 0.156560 -0.123080 161.042179 -0.163754 0.985201 -0.050623 -45.262891 0.113333 0.069764 0.991105 9.125968
0.978672 0.165354 -0.121897 162.200547 -0.172186 0.983907 -0.047749 -45.421116 0.112040 0.067720 0.991394 9.238753
0.976709 0.174130 -0.125371 163.354378 -0.181031 0.982408 -0.045843 -45.620674 0.115183 0.067471 0.991050 9.374853
0.976516 0.179638 -0.118943 164.101217 -0.185828 0.981637 -0.043085 -45.748495 0.109019 0.064177 0.991966 9.435319
0.975327 0.186666 -0.117867 165.026854 -0.192295 0.980592 -0.038238 -45.880922 0.108442 0.059960 0.992293 9.508226
0.972982 0.192388 -0.127640 165.930261 -0.196958 0.980116 -0.024084 -46.077440 0.120469 0.048573 0.991528 9.558702
0.969795 0.199172 -0.140812 166.852284 -0.203419 0.978956 -0.016293 -46.264117 0.134604 0.044445 0.989902 9.612253
0.966978 0.214030 -0.138364 167.973254 -0.218155 0.975796 -0.015191 -46.466161 0.131763 0.044874 0.990265 9.748512
0.967085 0.220479 -0.127022 168.712273 -0.224722 0.974219 -0.019920 -46.607299 0.119356 0.047809 0.991700 9.858671
0.967374 0.223298 -0.119689 169.673221 -0.227449 0.973541 -0.022041 -46.820938 0.111600 0.048545 0.992567 9.953936
0.969077 0.222090 -0.107542 170.473136 -0.225930 0.973828 -0.024795 -47.037973 0.099221 0.048325 0.993891 10.012770
0.970462 0.216962 -0.105506 171.278008 -0.220818 0.974963 -0.026210 -47.243832 0.097178 0.048734 0.994073 10.076885
0.970553 0.214605 -0.109419 172.253348 -0.218808 0.975371 -0.027831 -47.443747 0.100751 0.050953 0.993606 10.148779
0.969693 0.209144 -0.126311 173.347525 -0.213417 0.976732 -0.021151 -47.680766 0.118949 0.047467 0.991765 10.238586
0.970886 0.201718 -0.129188 174.241678 -0.206679 0.978061 -0.026074 -47.899153 0.121094 0.052015 0.991277 10.348375
0.972077 0.190352 -0.137230 175.656812 -0.195332 0.980452 -0.023660 -48.199297 0.130044 0.049805 0.990257 10.469384
0.972274 0.185560 -0.142303 176.880864 -0.190046 0.981601 -0.018486 -48.455684 0.136255 0.045018 0.989650 10.620243
0.972894 0.183256 -0.141047 178.118414 -0.187044 0.982252 -0.013970 -48.701101 0.135984 0.039973 0.989904 10.723501
0.972753 0.185234 -0.139424 179.065146 -0.188905 0.981903 -0.013454 -48.883368 0.134409 0.039425 0.990141 10.839262
0.971066 0.188895 -0.146115 180.072220 -0.192753 0.981167 -0.012581 -49.101689 0.140986 0.040381 0.989188 10.941553
0.968391 0.198627 -0.150888 181.574189 -0.202790 0.979142 -0.012568 -49.405868 0.145244 0.042769 0.988471 11.100590
0.965603 0.209088 -0.154575 182.821129 -0.213417 0.976890 -0.011778 -49.681022 0.148540 0.044362 0.987911 11.301261
0.962680 0.222416 -0.154199 184.061230 -0.227312 0.973712 -0.014655 -49.948557 0.146886 0.049160 0.987931 11.511059
0.959751 0.234612 -0.154387 185.045426 -0.239798 0.970697 -0.015604 -50.186359 0.146202 0.051997 0.987887 11.654356
0.955467 0.252604 -0.152556 186.504613 -0.257474 0.966201 -0.012726 -50.598274 0.144185 0.051438 0.988213 11.868855
0.950787 0.268107 -0.155313 187.708049 -0.272616 0.962089 -0.008092 -50.929902 0.147255 0.050035 0.987832 12.040964
0.948044 0.279465 -0.152024 188.582335 -0.283664 0.958904 -0.006226 -51.223939 0.144036 0.049026 0.988357 12.137475
0.946803 0.282734 -0.153704 189.429136 -0.287215 0.957838 -0.007305 -51.505461 0.145158 0.051063 0.988090 12.254269
0.945757 0.287035 -0.152169 190.465510 -0.291522 0.956534 -0.007559 -51.822543 0.143385 0.051510 0.988326 12.381070
0.946423 0.285011 -0.151830 191.417539 -0.289100 0.957285 -0.005098 -52.123926 0.143892 0.048719 0.988393 12.489977
0.946909 0.282946 -0.152662 192.291272 -0.287247 0.957835 -0.006431 -52.391960 0.144405 0.049941 0.988258 12.575627
0.946883 0.282723 -0.153230 192.926954 -0.287052 0.957893 -0.006438 -52.607194 0.144957 0.050081 0.988170 12.663572
0.947201 0.281219 -0.154034 193.666946 -0.285679 0.958299 -0.007164 -52.842517 0.145596 0.050790 0.988040 12.723973
0.947135 0.279680 -0.157209 194.478329 -0.283733 0.958897 -0.003489 -53.120374 0.149772 0.047910 0.987559 12.834172
0.948279 0.272689 -0.162502 194.970777 -0.276659 0.960966 -0.001879 -53.287709 0.155647 0.046739 0.986706 12.889810
0.949991 0.264078 -0.166670 195.765032 -0.268230 0.963352 -0.002495 -53.517911 0.159903 0.047076 0.986010 12.988650
0.952066 0.255943 -0.167524 196.314747 -0.259847 0.965649 -0.001437 -53.680627 0.161402 0.044899 0.985867 13.069165
0.957319 0.236068 -0.166769 197.035661 -0.239721 0.970840 -0.001833 -53.893381 0.161473 0.041733 0.985994 13.157862
0.963501 0.208742 -0.167607 197.839123 -0.212513 0.977147 -0.004679 -54.089508 0.162800 0.040127 0.985843 13.256987
0.968781 0.181535 -0.168842 198.525422 -0.184945 0.982738 -0.004559 -54.218462 0.165100 0.035643 0.985633 13.336684
0.974832 0.141876 -0.171968 199.406445 -0.145083 0.989400 -0.006161 -54.392582 0.169271 0.030955 0.985083 13.461279
0.982792 0.087825 -0.162502 200.539584 -0.090825 0.995805 -0.011110 -54.555830 0.160844 0.025678 0.986646 13.663284
0.986182 0.049035 -0.158243 201.275376 -0.052528 0.998458 -0.017962 -54.606611 0.157119 0.026026 0.987237 13.784442
0.987063 -0.004132 -0.160281 202.291090 0.000046 0.999675 -0.025492 -54.670363 0.160334 0.025155 0.986742 13.926150
0.984896 -0.050388 -0.165654 203.178207 0.046047 0.998490 -0.029942 -54.650917 0.166912 0.021862 0.985729 14.034842
0.980248 -0.097065 -0.172316 204.281855 0.093400 0.995198 -0.029274 -54.533252 0.174330 0.012602 0.984607 14.197626
0.975959 -0.130950 -0.174232 205.381381 0.127429 0.991354 -0.031296 -54.415165 0.176824 0.008341 0.984207 14.365821
0.973318 -0.152283 -0.171642 206.818415 0.148733 0.988312 -0.033435 -54.246708 0.174728 0.007014 0.984592 14.602734
0.972827 -0.158493 -0.168780 207.808703 0.154818 0.987330 -0.034800 -54.087131 0.172157 0.007724 0.985039 14.787917
0.972852 -0.157343 -0.169714 209.035899 0.153850 0.987522 -0.033624 -53.889522 0.172886 0.006601 0.984920 14.991387
0.973652 -0.151332 -0.170586 210.022792 0.147563 0.988446 -0.034640 -53.763922 0.173857 0.008556 0.984734 15.153090
0.975867 -0.132987 -0.173201 211.247440 0.129402 0.991080 -0.031877 -53.570436 0.175895 0.008695 0.984370 15.368566
0.977992 -0.115228 -0.173939 212.190499 0.111534 0.993280 -0.030899 -53.463751 0.176331 0.010819 0.984272 15.527911
0.980902 -0.091864 -0.171444 213.374887 0.087972 0.995666 -0.030179 -53.393225 0.173474 0.014520 0.984731 15.729895
0.982364 -0.073428 -0.171955 214.337057 0.069878 0.997200 -0.026618 -53.290530 0.173428 0.014132 0.984745 15.895967
0.984111 -0.052855 -0.169506 215.270477 0.049347 0.998473 -0.024847 -53.209734 0.170560 0.016088 0.985216 16.065795
0.985784 -0.030065 -0.165304 216.456051 0.026459 0.999362 -0.023971 -53.124285 0.165919 0.019256 0.985951 16.284907
0.986394 -0.009367 -0.164131 217.629653 0.006114 0.999775 -0.020316 -53.080611 0.164284 0.019036 0.986229 16.469164
0.986962 0.007009 -0.160798 218.779223 -0.010296 0.999754 -0.019621 -53.038303 0.160621 0.021020 0.986792 16.657012
0.986984 0.019428 -0.159638 219.747621 -0.022842 0.999547 -0.019577 -53.003668 0.159186 0.022968 0.986981 16.810056
0.986421 0.032067 -0.161074 221.164147 -0.035565 0.999189 -0.018878 -53.001394 0.160338 0.024350 0.986762 17.023759
0.985864 0.044238 -0.161604 222.079353 -0.047032 0.998802 -0.013503 -53.028524 0.160813 0.020913 0.986763 17.174152
0.986063 0.059898 -0.155216 223.228749 -0.063308 0.997847 -0.017119 -53.081113 0.153857 0.026707 0.987732 17.357650
0.984834 0.077347 -0.155304 224.365625 -0.080843 0.996593 -0.016317 -53.082676 0.153513 0.028624 0.987732 17.526767
0.984257 0.091503 -0.151214 225.210185 -0.094925 0.995363 -0.015548 -53.078677 0.149091 0.029657 0.988379 17.658661
0.982170 0.114319 -0.149239 226.457729 -0.117887 0.992910 -0.015249 -53.184892 0.146438 0.032571 0.988683 17.835103
0.980632 0.128753 -0.147594 227.189588 -0.132417 0.991077 -0.015236 -53.254696 0.144316 0.034485 0.988931 17.946788
0.977699 0.152410 -0.144483 228.278952 -0.156045 0.987649 -0.014101 -53.332128 0.140549 0.036332 0.989407 18.089257
0.974629 0.170872 -0.144573 229.157435 -0.174698 0.984521 -0.014098 -53.460707 0.139926 0.038997 0.989394 18.202405
0.970038 0.196498 -0.142877 230.131018 -0.199801 0.979795 -0.009001 -53.566849 0.138222 0.037279 0.989699 18.318537
0.964953 0.225580 -0.134083 231.052970 -0.227955 0.973669 -0.002426 -53.735832 0.130005 0.032906 0.990967 18.450065
0.951716 0.276868 -0.132594 232.167115 -0.278816 0.960336 0.004019 -54.017378 0.128447 0.033145 0.991162 18.592679
0.938918 0.318802 -0.129604 232.758210 -0.320866 0.947110 0.005201 -54.142221 0.124408 0.036702 0.991552 18.669118
0.921447 0.366832 -0.127948 233.384888 -0.369063 0.929380 0.006677 -54.305608 0.121361 0.041068 0.991758 18.745897
0.894017 0.430845 -0.122908 234.149386 -0.433210 0.901256 0.008167 -54.543111 0.114290 0.045944 0.992384 18.846996
0.848870 0.514837 -0.119845 235.142500 -0.517467 0.855639 0.010453 -55.055295 0.107925 0.053143 0.992738 18.958411
0.815932 0.564920 -0.122966 235.769645 -0.568001 0.822944 0.011770 -55.409735 0.107843 0.060242 0.992341 19.029211
0.765611 0.630550 -0.127462 236.504595 -0.633806 0.773274 0.018356 -55.947585 0.110137 0.066733 0.991674 19.111579
0.698492 0.703838 -0.129313 237.304831 -0.707583 0.706282 0.022172 -56.638234 0.106937 0.076012 0.991356 19.214097
0.628726 0.766116 -0.133301 238.004698 -0.771363 0.636144 0.017890 -57.507946 0.098505 0.091576 0.990914 19.309785
0.567987 0.812091 -0.133786 238.660135 -0.817812 0.575163 0.019274 -58.326366 0.092601 0.098465 0.990823 19.386531
0.521777 0.841933 -0.137464 239.127043 -0.848483 0.528892 0.018713 -59.097446 0.088459 0.106872 0.990330 19.433226
0.478438 0.866923 -0.139790 239.489301 -0.874069 0.485433 0.018922 -59.761628 0.084262 0.113133 0.990000 19.463064
0.434091 0.890287 -0.137677 239.982860 -0.897608 0.440430 0.017906 -60.513124 0.076579 0.115807 0.990315 19.505866
0.401551 0.905419 -0.137742 240.349566 -0.913089 0.407434 0.016315 -61.262801 0.070893 0.119220 0.990334 19.536144
0.374903 0.916583 -0.139012 240.701380 -0.924645 0.380523 0.015314 -61.934843 0.066934 0.122795 0.990172 19.586187
0.341799 0.930074 -0.134669 241.094052 -0.937711 0.347017 0.016657 -63.007920 0.062225 0.120587 0.990751 19.647923
0.307701 0.942685 -0.129095 241.489135 -0.949736 0.312515 0.018350 -64.124238 0.057642 0.116960 0.991462 19.693305
0.266029 0.955585 -0.126829 241.869249 -0.962589 0.270368 0.017996 -65.262741 0.051487 0.117297 0.991761 19.768408
0.227792 0.965962 -0.122586 242.157140 -0.972687 0.231512 0.016818 -66.221087 0.044625 0.115407 0.992315 19.819267
0.164575 0.979023 -0.120120 242.492506 -0.985733 0.167601 0.015472 -67.609598 0.035279 0.115860 0.992639 19.881307
0.118833 0.985677 -0.119668 242.673314 -0.992427 0.121682 0.016771 -68.563986 0.031092 0.116769 0.992672 19.907581
0.072820 0.989910 -0.121553 242.833922 -0.996904 0.075871 0.020661 -69.817761 0.029675 0.119672 0.992370 19.936149
0.023609 0.992579 -0.119288 242.886964 -0.999191 0.027314 0.029520 -71.370927 0.032560 0.118495 0.992421 19.929767
-0.004884 0.992906 -0.118798 242.883502 -0.999543 -0.001303 0.030201 -72.389017 0.029832 0.118892 0.992459 19.906518
-0.034140 0.992600 -0.116531 242.849588 -0.999070 -0.030822 0.030157 -74.030733 0.026342 0.117453 0.992729 19.906775
-0.047242 0.992324 -0.114290 242.797095 -0.998544 -0.043934 0.031294 -75.327710 0.026032 0.115602 0.992954 19.938319
-0.050251 0.991994 -0.115856 242.714715 -0.998255 -0.046284 0.036684 -76.679273 0.031028 0.117497 0.992588 19.927210
-0.048588 0.991622 -0.119688 242.613190 -0.998281 -0.044280 0.038398 -78.290559 0.032776 0.121348 0.992069 19.967464
-0.036295 0.991101 -0.128066 242.515690 -0.998974 -0.032508 0.031539 -79.982886 0.027095 0.129079 0.991264 19.990970
-0.020284 0.991303 -0.130023 242.468839 -0.999395 -0.016430 0.030649 -81.065433 0.028246 0.130566 0.991037 20.017471
0.014281 0.988757 -0.148850 242.437473 -0.998786 0.021124 0.044494 -82.789070 0.047138 0.148034 0.987858 20.038416
0.058720 0.985735 -0.157728 242.476034 -0.996932 0.066096 0.041927 -84.227419 0.051754 0.154782 0.986592 20.106935
0.102544 0.981097 -0.164113 242.520816 -0.992868 0.111035 0.043404 -85.359285 0.060806 0.158492 0.985486 20.133866
0.169976 0.971616 -0.164533 242.713719 -0.982264 0.180460 0.050909 -87.102088 0.079156 0.152961 0.985057 20.228724
0.225879 0.959570 -0.167944 242.897598 -0.970350 0.236851 0.048195 -88.237072 0.086024 0.152078 0.984618 20.279971
0.297085 0.939137 -0.172516 243.353278 -0.951004 0.307220 0.034734 -89.893297 0.085620 0.153744 0.984394 20.442869
0.347484 0.919063 -0.185950 243.722215 -0.932562 0.359426 0.033796 -91.009416 0.097896 0.161666 0.981978 20.530102
0.417801 0.888642 -0.189097 244.388200 -0.901973 0.430674 0.031043 -92.658869 0.109026 0.157590 0.981468 20.699195
0.476781 0.858151 -0.190412 245.021656 -0.870804 0.490660 0.030869 -93.981027 0.119918 0.151094 0.981219 20.834152
0.529819 0.826731 -0.189226 245.902301 -0.837551 0.545131 0.036602 -95.571491 0.133413 0.139094 0.981251 21.045161
0.562772 0.804004 -0.192002 246.552996 -0.814738 0.578746 0.035429 -96.570006 0.139606 0.136493 0.980755 21.190679
0.604753 0.771519 -0.197568 247.641936 -0.782322 0.621943 0.034060 -98.096221 0.149154 0.133964 0.979697 21.416744
0.631433 0.749182 -0.200047 248.814646 -0.759113 0.649867 0.037690 -99.589500 0.158241 0.128060 0.979061 21.670326
0.644752 0.736827 -0.203423 249.838151 -0.746837 0.663934 0.037752 -100.825032 0.162876 0.127583 0.978363 21.895955
0.650067 0.731938 -0.204157 250.706069 -0.742571 0.668918 0.033725 -101.825891 0.161248 0.129678 0.978357 22.127309
0.652743 0.728061 -0.209413 252.449569 -0.738766 0.672952 0.036896 -103.850891 0.167787 0.130623 0.977131 22.532444
0.654442 0.727006 -0.207768 253.759196 -0.738155 0.673836 0.032746 -105.377028 0.163808 0.131935 0.977630 22.865122
0.655874 0.725245 -0.209402 254.859578 -0.736721 0.675447 0.031843 -106.673065 0.164534 0.133386 0.977311 23.130692
0.655290 0.725640 -0.209861 255.752747 -0.736982 0.675102 0.033087 -107.714497 0.165687 0.132983 0.977171 23.338753
0.654949 0.726047 -0.209516 256.649564 -0.737138 0.674868 0.034355 -108.785596 0.166339 0.131942 0.977201 23.567066
0.653650 0.728669 -0.204411 257.759493 -0.738805 0.672938 0.036348 -110.072508 0.164041 0.127261 0.978210 23.856760
0.652300 0.729262 -0.206595 258.674029 -0.739734 0.671925 0.036206 -111.139374 0.165220 0.129208 0.977757 24.047079
0.649490 0.732395 -0.204353 259.813707 -0.741568 0.669521 0.042633 -112.441349 0.168043 0.123851 0.977969 24.295365
0.642979 0.738149 -0.204241 260.918841 -0.746197 0.663841 0.050058 -113.731822 0.172533 0.120218 0.977640 24.566993
0.638952 0.742714 -0.200291 261.794288 -0.750148 0.659255 0.051571 -114.766063 0.170345 0.117297 0.978378 24.820735
0.634245 0.746722 -0.200350 262.911027 -0.754529 0.654344 0.050195 -116.116627 0.168580 0.119334 0.978438 25.119573
0.626783 0.752266 -0.203074 264.247242 -0.759840 0.647818 0.054545 -117.749669 0.172587 0.120116 0.977643 25.460033
0.618184 0.758065 -0.207811 265.152248 -0.765492 0.640653 0.059872 -118.871982 0.178522 0.122066 0.976335 25.693248
0.610032 0.765061 -0.206261 266.014214 -0.772090 0.632447 0.062350 -119.958279 0.178150 0.121216 0.976509 25.932760
0.603022 0.771482 -0.202927 267.308096 -0.780392 0.623254 0.050437 -121.663670 0.165387 0.127948 0.977894 26.296277
0.595147 0.775650 -0.210157 268.146646 -0.784404 0.617545 0.057876 -122.804611 0.174673 0.130404 0.975953 26.508885
