0.999994 0.002653 0.002198 3.008363 -0.002652 0.999996 -0.000576 -0.030721 -0.002200 0.000571 0.999997 -0.007844
0.999994 0.002149 0.002659 5.071535 -0.002160 0.999990 0.003973 -0.059149 -0.002650 -0.003979 0.999989 -0.013072
0.999983 0.002106 0.005368 6.694022 -0.002134 0.999984 0.005152 -0.076092 -0.005357 -0.005163 0.999972 -0.017295
0.999989 0.003115 0.003498 8.760256 -0.003138 0.999973 0.006617 -0.102216 -0.003478 -0.006628 0.999972 -0.022580
0.999995 0.001917 0.002568 10.835263 -0.001928 0.999988 0.004396 -0.117368 -0.002559 -0.004401 0.999987 -0.028113
0.999980 0.002007 0.005941 12.513994 -0.002039 0.999983 0.005454 -0.131843 -0.005930 -0.005466 0.999967 -0.032545
0.999990 0.001678 0.004036 14.222839 -0.001696 0.999989 0.004461 -0.145067 -0.004029 -0.004468 0.999982 -0.037087
0.999984 0.001432 0.005386 16.353455 -0.001447 0.999995 0.002877 -0.161258 -0.005382 -0.002885 0.999981 -0.042756
0.999987 0.001727 0.004740 18.018892 -0.001746 0.999991 0.003876 -0.174600 -0.004734 -0.003885 0.999981 -0.047173
0.999986 0.001206 0.005103 19.687202 -0.001221 0.999995 0.003027 -0.189463 -0.005099 -0.003033 0.999982 -0.051567
0.999981 0.001722 0.005854 21.755758 -0.001741 0.999993 0.003217 -0.206774 -0.005848 -0.003227 0.999978 -0.057038
0.999961 0.001195 0.008715 23.838070 -0.001222 0.999995 0.002993 -0.221387 -0.008712 -0.003003 0.999958 -0.062603
0.999986 0.003726 0.003665 25.534321 -0.003735 0.999990 0.002273 -0.240561 -0.003656 -0.002287 0.999991 -0.066988
0.999977 0.005195 0.004279 27.652890 -0.005204 0.999984 0.002067 -0.267793 -0.004269 -0.002089 0.999989 -0.072397
0.999964 0.005779 0.006287 29.338701 -0.005803 0.999976 0.003765 -0.289021 -0.006265 -0.003801 0.999973 -0.076711
0.999971 0.006634 0.003747 31.500542 -0.006646 0.999973 0.003172 -0.319934 -0.003726 -0.003197 0.999988 -0.082167
0.999834 0.007768 0.016509 33.220575 -0.007913 0.999931 0.008701 -0.342989 -0.016441 -0.008830 0.999826 -0.086539
0.998668 0.008462 0.050891 35.345913 -0.009273 0.999833 0.015720 -0.377692 -0.050750 -0.016171 0.998580 -0.091815
0.999568 0.011821 0.026902 37.083422 -0.012387 0.999703 0.020974 -0.410988 -0.026646 -0.021298 0.999418 -0.096027
0.999542 0.012232 0.027691 39.257805 -0.012740 0.999753 0.018212 -0.456261 -0.027462 -0.018557 0.999451 -0.101224
0.999619 0.013045 0.024318 40.972298 -0.013532 0.999709 0.019984 -0.493276 -0.024050 -0.020305 0.999505 -0.105296
0.999571 0.012716 0.026389 43.172929 -0.013259 0.999702 0.020520 -0.537818 -0.026120 -0.020861 0.999441 -0.110582
0.999574 0.011552 0.026784 44.952005 -0.012074 0.999739 0.019418 -0.571692 -0.026553 -0.019733 0.999453 -0.114899
0.999754 0.010033 0.019778 47.230597 -0.010334 0.999831 0.015193 -0.610595 -0.019622 -0.015394 0.999689 -0.120521
0.999685 0.007575 0.023940 49.482751 -0.007824 0.999916 0.010330 -0.636393 -0.023860 -0.010514 0.999660 -0.126336
0.999918 0.007705 0.010210 52.106856 -0.007777 0.999945 0.006983 -0.666723 -0.010155 -0.007062 0.999923 -0.133105
0.999220 0.010280 0.038139 54.304468 -0.010531 0.999924 0.006387 -0.700439 -0.038071 -0.006784 0.999252 -0.138604
0.999191 0.011896 0.038404 56.010778 -0.012229 0.999890 0.008448 -0.727694 -0.038299 -0.008911 0.999227 -0.142852
0.999357 0.013222 0.033337 57.698918 -0.013559 0.999859 0.009878 -0.760664 -0.033202 -0.010324 0.999395 -0.146932
0.999449 0.014957 0.029644 59.767117 -0.015338 0.999802 0.012657 -0.804379 -0.029448 -0.013104 0.999480 -0.151862
0.999406 0.014268 0.031365 61.402854 -0.014676 0.999810 0.012800 -0.835585 -0.031177 -0.013253 0.999426 -0.155831
0.999346 0.015586 0.032625 63.467409 -0.016040 0.999777 0.013714 -0.879979 -0.032404 -0.014229 0.999374 -0.160737
0.999360 0.014655 0.032639 65.529932 -0.015091 0.999800 0.013135 -0.921305 -0.032440 -0.013619 0.999381 -0.165700
0.999345 0.014863 0.032984 67.145423 -0.015344 0.999779 0.014396 -0.955596 -0.032763 -0.014892 0.999352 -0.169548
0.999437 0.015430 0.029792 69.138608 -0.015809 0.999797 0.012531 -1.004914 -0.029592 -0.012995 0.999478 -0.174153
0.999407 0.016791 0.030077 71.503056 -0.017196 0.999764 0.013257 -1.062301 -0.029848 -0.013767 0.999460 -0.179638
0.999449 0.016916 0.028573 73.039261 -0.017349 0.999737 0.014977 -1.099067 -0.028312 -0.015464 0.999480 -0.183213
0.999393 0.017379 0.030201 74.948014 -0.017893 0.999698 0.016846 -1.140189 -0.029899 -0.017376 0.999402 -0.187747
0.999346 0.017973 0.031362 76.408791 -0.018529 0.999675 0.017525 -1.176016 -0.031037 -0.018095 0.999354 -0.191128
0.999328 0.021157 0.029925 78.235832 -0.021614 0.999654 0.015023 -1.228618 -0.029596 -0.015660 0.999439 -0.195198
0.999364 0.023910 0.026440 79.690076 -0.024308 0.999594 0.014839 -1.270373 -0.026074 -0.015472 0.999540 -0.198439
0.999365 0.025994 0.024373 81.449641 -0.026360 0.999543 0.014790 -1.323639 -0.023977 -0.015423 0.999594 -0.202305
0.999270 0.027830 0.026160 82.854256 -0.028245 0.999479 0.015646 -1.368239 -0.025711 -0.016374 0.999535 -0.205349
0.999127 0.031858 0.027036 84.303118 -0.032258 0.999374 0.014502 -1.423731 -0.026557 -0.015362 0.999529 -0.208294
0.998909 0.037645 0.027651 86.011260 -0.037973 0.999213 0.011442 -1.492792 -0.027199 -0.012480 0.999552 -0.211692
0.998694 0.043246 0.027204 87.699494 -0.043449 0.999032 0.006940 -1.567933 -0.026877 -0.008113 0.999606 -0.214910
0.998385 0.048902 0.028897 89.019097 -0.049135 0.998765 0.007405 -1.638033 -0.028499 -0.008813 0.999555 -0.217193
0.997830 0.055305 0.035742 90.920705 -0.055594 0.998428 0.007156 -1.747632 -0.035290 -0.009128 0.999335 -0.220307
0.997165 0.064394 0.038926 92.489614 -0.064781 0.997861 0.008743 -1.849804 -0.038280 -0.011240 0.999204 -0.222636
0.996403 0.072713 0.043513 93.767627 -0.073156 0.997283 0.008658 -1.943485 -0.042765 -0.011810 0.999015 -0.224320
0.995375 0.082182 0.049747 95.296328 -0.082681 0.996544 0.008057 -2.072511 -0.048913 -0.012133 0.998729 -0.225987
0.994123 0.090092 0.060029 96.507617 -0.090860 0.995812 0.010190 -2.183982 -0.058860 -0.015585 0.998145 -0.227119
0.992362 0.102743 0.068278 97.961119 -0.103632 0.994569 0.009595 -2.332782 -0.066921 -0.016597 0.997620 -0.228169
0.990601 0.118217 0.068809 99.093919 -0.119346 0.992774 0.012523 -2.460795 -0.066832 -0.020617 0.997551 -0.228742
0.988814 0.133114 0.067290 100.458387 -0.134075 0.990921 0.009949 -2.643562 -0.065355 -0.018859 0.997684 -0.228848
0.988235 0.141659 0.057665 101.516057 -0.142673 0.989673 0.013840 -2.799592 -0.055109 -0.021904 0.998240 -0.228636
0.987537 0.152321 0.039622 102.830668 -0.152804 0.988212 0.009435 -3.007401 -0.037717 -0.015371 0.999170 -0.228089
0.986028 0.161600 0.040422 104.186208 -0.161684 0.986842 -0.001209 -3.234335 -0.040085 -0.005344 0.999182 -0.227266
0.985145 0.166296 0.042833 105.264459 -0.166410 0.986056 -0.000919 -3.425460 -0.042389 -0.006223 0.999082 -0.226395
0.984968 0.168791 0.036712 106.975773 -0.168709 0.985651 -0.005345 -3.734443 -0.037087 -0.000929 0.999312 -0.224897
0.984449 0.171819 0.036578 108.132018 -0.171951 0.985105 0.000474 -3.946678 -0.035951 -0.006756 0.999331 -0.223813
0.984205 0.174191 0.031608 109.602197 -0.174357 0.984679 0.002552 -4.215141 -0.030679 -0.008023 0.999497 -0.222464
0.983579 0.178676 0.025444 110.795883 -0.178849 0.983865 0.004694 -4.436614 -0.024195 -0.009168 0.999665 -0.221297
0.982702 0.184465 0.016414 112.595703 -0.184619 0.982774 0.008385 -4.780620 -0.014585 -0.011270 0.999830 -0.219332
0.981737 0.189910 0.011273 113.820537 -0.190071 0.981649 0.015424 -5.025960 -0.008137 -0.017285 0.999817 -0.217765
0.981038 0.193684 0.007101 115.364256 -0.193786 0.980861 0.018945 -5.346856 -0.003296 -0.019962 0.999795 -0.215551
0.979941 0.199109 0.008460 116.596611 -0.199242 0.979747 0.019982 -5.611688 -0.004310 -0.021267 0.999765 -0.213607
0.979715 0.200280 0.006842 118.187366 -0.200390 0.979387 0.025380 -5.941178 -0.001618 -0.026236 0.999654 -0.211350
0.979341 0.202100 0.006820 119.441994 -0.202208 0.979030 0.024730 -6.203236 -0.001679 -0.025598 0.999671 -0.209525
0.978227 0.207287 0.010191 121.033534 -0.207445 0.978077 0.018207 -6.551352 -0.006193 -0.019925 0.999782 -0.206889
0.977843 0.209270 0.005427 123.307248 -0.209335 0.977670 0.018417 -7.051179 -0.001452 -0.019145 0.999816 -0.203072
0.977077 0.212571 0.011594 124.632457 -0.212743 0.976970 0.016431 -7.345016 -0.007834 -0.018521 0.999798 -0.200796
0.976676 0.214290 0.013559 126.295790 -0.214480 0.976620 0.014582 -7.715304 -0.010117 -0.017150 0.999802 -0.197909
0.975716 0.218614 0.013642 127.671592 -0.218780 0.975699 0.012121 -8.033244 -0.010661 -0.014811 0.999833 -0.195283
0.974937 0.222302 0.008885 129.382051 -0.222417 0.974833 0.015218 -8.446573 -0.005279 -0.016813 0.999845 -0.191648
0.974887 0.222575 0.007496 130.785026 -0.222669 0.974764 0.015945 -8.771160 -0.003758 -0.017214 0.999845 -0.188963
0.974147 0.225770 0.008121 132.544306 -0.225875 0.974023 0.016125 -9.189795 -0.004269 -0.017543 0.999837 -0.185357
0.971757 0.235862 0.007544 134.316735 -0.235947 0.971671 0.013618 -9.630611 -0.004119 -0.015013 0.999879 -0.181336
0.968414 0.249343 0.001163 139.862137 -0.249344 0.968376 0.008676 -11.093438 0.001037 -0.008692 0.999962 -0.167042
0.968802 0.247835 -0.001031 142.088839 -0.247831 0.968797 0.003470 -11.681655 0.001859 -0.003106 0.999993 -0.161286
0.969194 0.246297 -0.000972 143.586655 -0.246298 0.969191 -0.002548 -12.081664 0.000314 0.002708 0.999996 -0.157325
0.969602 0.244689 -0.000550 145.488034 -0.244688 0.969583 -0.006116 -12.586957 -0.000963 0.006064 0.999981 -0.152348
0.970560 0.240858 -0.000638 147.408180 -0.240852 0.970511 -0.009978 -13.099051 -0.001784 0.009838 0.999950 -0.147285
0.971377 0.237518 -0.003534 148.961123 -0.237538 0.971352 -0.007141 -13.498007 0.001737 0.007776 0.999968 -0.143501
0.972185 0.234207 -0.001750 150.862204 -0.234213 0.972166 -0.006102 -13.989522 0.000272 0.006343 0.999980 -0.138805
0.972681 0.232082 -0.005447 152.751013 -0.232116 0.972665 -0.006668 -14.466534 0.003750 0.007750 0.999963 -0.134371
0.972797 0.231415 -0.010625 154.268946 -0.231501 0.972804 -0.007753 -14.854972 0.008542 0.010002 0.999913 -0.130703
0.973534 0.228240 -0.011754 156.484382 -0.228278 0.973594 -0.002018 -15.407045 0.010983 0.004648 0.999929 -0.125654
0.973745 0.227437 -0.009654 158.001525 -0.227456 0.973788 -0.000827 -15.779204 0.009213 0.003001 0.999953 -0.122317
0.973801 0.227349 -0.004894 160.267391 -0.227353 0.973812 -0.000242 -16.325113 0.004711 0.001348 0.999988 -0.117536
0.974092 0.226101 -0.004919 162.166395 -0.226098 0.974104 0.001103 -16.778675 0.005041 0.000038 0.999987 -0.113610
0.974209 0.225618 -0.003747 164.083756 -0.225616 0.974216 0.000809 -17.235254 0.003833 0.000058 0.999993 -0.109674
0.974148 0.225864 -0.004481 165.610392 -0.225873 0.974156 -0.001456 -17.612067 0.004037 0.002431 0.999989 -0.106269
0.974325 0.225108 -0.004253 167.513198 -0.225121 0.974326 -0.002925 -18.074802 0.003485 0.003808 0.999987 -0.102166
0.974604 0.223917 -0.003028 169.033678 -0.223920 0.974607 -0.000873 -18.444650 0.002755 0.001529 0.999995 -0.098886
0.974811 0.223033 -0.000039 170.954702 -0.223032 0.974811 0.000732 -18.906473 0.000201 -0.000705 1.000000 -0.094853
0.974951 0.222417 -0.001406 172.503908 -0.222410 0.974944 0.004252 -19.279114 0.002317 -0.003832 0.999990 -0.091597
0.975198 0.221335 -0.000436 174.422735 -0.221332 0.975192 0.003536 -19.737818 0.001208 -0.003352 0.999994 -0.087621
0.974952 0.222414 -0.000199 175.987731 -0.222414 0.974951 0.001478 -20.118416 0.000522 -0.001397 0.999999 -0.084247
0.975272 0.221005 -0.000626 177.920348 -0.221005 0.975272 -0.000478 -20.581026 0.000505 0.000604 1.000000 -0.080230
0.975554 0.219759 -0.000030 179.463595 -0.219759 0.975554 -0.000756 -20.940666 -0.000137 0.000744 1.000000 -0.077223
0.975471 0.220078 0.004657 181.383528 -0.220089 0.975478 0.002020 -21.400028 -0.004098 -0.002995 0.999987 -0.073237
0.975676 0.219205 0.002390 182.910099 -0.219212 0.975671 0.003389 -21.758664 -0.001589 -0.003831 0.999991 -0.070204
0.975641 0.219370 -0.000768 184.438059 -0.219359 0.975616 0.007411 -22.123465 0.002375 -0.007062 0.999972 -0.067048
0.976014 0.217706 0.001248 186.387757 -0.217707 0.975964 0.009899 -22.578036 0.000937 -0.009933 0.999950 -0.063244
0.976089 0.217297 -0.005680 188.267250 -0.217223 0.976055 0.011474 -23.015669 0.008037 -0.009966 0.999918 -0.059589
0.975825 0.218508 0.004483 190.150895 -0.218516 0.975832 0.001361 -23.455942 -0.004077 -0.002308 0.999989 -0.055891
0.976188 0.216928 -0.000408 191.684028 -0.216928 0.976187 -0.001365 -23.812498 0.000102 0.001421 0.999999 -0.052918
0.976561 0.215188 -0.004730 193.936290 -0.215160 0.976562 0.005829 -24.335361 0.005874 -0.004675 0.999972 -0.048570
0.976835 0.213879 -0.006956 195.848667 -0.213769 0.976785 0.013925 -24.773595 0.009773 -0.012116 0.999879 -0.044995
0.976542 0.215262 -0.005315 197.764574 -0.215140 0.976423 0.017659 -25.213418 0.008991 -0.016101 0.999830 -0.041398
0.976630 0.214919 -0.001789 199.642280 -0.214844 0.976455 0.019432 -25.641645 0.005923 -0.018593 0.999810 -0.037930
0.976263 0.216572 0.002796 201.508778 -0.216583 0.976053 0.020281 -26.074263 0.001663 -0.020406 0.999790 -0.034341
0.976466 0.215648 0.003108 203.397140 -0.215666 0.976257 0.020261 -26.505427 0.001335 -0.020454 0.999790 -0.030843
0.976368 0.216108 0.001550 204.898527 -0.216093 0.976153 0.020703 -26.845880 0.002961 -0.020549 0.999784 -0.028110
0.976379 0.216063 0.000622 206.821312 -0.216028 0.976161 0.021005 -27.280559 0.003931 -0.020643 0.999779 -0.024637
0.976227 0.216739 -0.002432 208.318912 -0.216649 0.976045 0.020010 -27.627699 0.006711 -0.019007 0.999797 -0.021756
0.976026 0.217649 -0.001172 210.155206 -0.217590 0.975864 0.018561 -28.059959 0.005184 -0.017861 0.999827 -0.018089
0.976533 0.215361 -0.001466 211.647931 -0.215298 0.976370 0.018646 -28.406358 0.005447 -0.017893 0.999825 -0.015210
0.977334 0.211696 0.001418 213.521752 -0.211686 0.977161 0.018608 -28.829183 0.002554 -0.018486 0.999826 -0.011842
0.977891 0.209075 0.004014 214.999234 -0.209113 0.977725 0.018028 -29.157540 -0.000155 -0.018469 0.999829 -0.009289
0.978516 0.206138 0.003710 217.213637 -0.206171 0.978386 0.015970 -29.641723 -0.000338 -0.016391 0.999866 -0.005625
0.978911 0.204278 0.001638 218.698254 -0.204280 0.978804 0.014600 -29.966733 0.001379 -0.014627 0.999892 -0.003161
0.979229 0.202749 0.001789 220.480525 -0.202756 0.979163 0.011373 -30.355173 0.000554 -0.011499 0.999934 -0.000237
0.979978 0.199083 0.003136 221.914750 -0.199104 0.979930 0.009752 -30.665357 -0.001131 -0.010181 0.999948 0.002066
0.980728 0.195322 0.004612 223.698022 -0.195360 0.980680 0.010016 -31.044577 -0.002567 -0.010724 0.999939 0.004798
0.981427 0.191743 0.006061 225.439993 -0.191809 0.981340 0.013484 -31.405143 -0.003362 -0.014396 0.999891 0.007264
0.981666 0.190591 0.002542 226.849220 -0.190608 0.981578 0.013155 -31.695667 0.000012 -0.013398 0.999910 0.009236
0.982152 0.188086 -0.000837 228.958136 -0.188062 0.982080 0.012327 -32.124665 0.003140 -0.011949 0.999924 0.012069
0.982411 0.186729 -0.000763 230.368590 -0.186717 0.982381 0.008067 -32.403780 0.002256 -0.007783 0.999967 0.013804
0.982771 0.184822 0.001626 232.108624 -0.184828 0.982698 0.011993 -32.745499 0.000619 -0.012087 0.999927 0.015890
0.983130 0.182837 0.005032 233.504627 -0.182887 0.983055 0.012443 -33.017883 -0.002671 -0.013153 0.999910 0.017528
0.983190 0.182475 0.006328 235.252265 -0.182523 0.983168 0.008082 -33.360284 -0.004747 -0.009101 0.999947 0.019608
0.983377 0.181544 0.003294 236.667744 -0.181570 0.983306 0.011868 -33.634404 -0.001084 -0.012269 0.999924 0.021227
0.983733 0.179549 0.005705 238.409761 -0.179618 0.983612 0.015673 -33.974388 -0.002797 -0.016443 0.999861 0.023272
0.983579 0.180364 0.006347 239.793468 -0.180453 0.983401 0.018938 -34.241250 -0.002826 -0.019773 0.999801 0.024832
0.983555 0.180518 0.005743 241.555858 -0.180596 0.983364 0.019493 -34.581532 -0.002128 -0.020210 0.999793 0.026827
0.983428 0.181279 0.002688 242.948850 -0.181299 0.983305 0.015548 -34.843498 0.000175 -0.015778 0.999876 0.028260
0.982774 0.184806 0.001299 245.000321 -0.184807 0.982697 0.012335 -35.247177 0.001003 -0.012363 0.999923 0.030737
0.982645 0.185485 0.001912 247.412419 -0.185493 0.982534 0.014839 -35.717513 0.000874 -0.014936 0.999888 0.033561
0.982264 0.187488 0.002198 248.784759 -0.187497 0.982096 0.018240 -35.986504 0.001261 -0.018329 0.999831 0.035196
0.981247 0.192745 0.002111 250.469833 -0.192748 0.981049 0.019748 -36.331947 0.001735 -0.019784 0.999803 0.037514
0.980763 0.195194 0.001895 251.838190 -0.195194 0.980578 0.019143 -36.611178 0.001878 -0.019145 0.999815 0.039370
0.979787 0.199990 0.004608 253.506463 -0.200042 0.979575 0.020377 -36.959959 -0.000439 -0.020887 0.999782 0.041803
0.979322 0.202240 0.005290 254.831998 -0.202308 0.979093 0.021164 -37.238585 -0.000899 -0.021797 0.999762 0.043767
0.978599 0.205622 0.007910 256.466902 -0.205753 0.978332 0.023053 -37.592127 -0.002998 -0.024187 0.999703 0.046392
0.977976 0.208354 0.012279 257.754021 -0.208590 0.977734 0.022959 -37.874447 -0.007222 -0.025014 0.999661 0.048539
0.977285 0.211701 0.009851 259.296398 -0.211861 0.977095 0.020019 -38.224198 -0.005387 -0.021652 0.999751 0.051347
0.976933 0.213208 0.012003 260.507374 -0.213419 0.976744 0.020572 -38.500300 -0.007338 -0.022659 0.999716 0.053582
0.976512 0.214952 0.014800 261.981356 -0.215243 0.976308 0.022198 -38.838505 -0.009678 -0.024862 0.999644 0.056346
0.976350 0.215485 0.017540 263.372367 -0.215891 0.976071 0.026016 -39.157810 -0.011514 -0.029188 0.999508 0.058958
0.976519 0.214602 0.018869 264.453910 -0.215063 0.976220 0.027266 -39.402665 -0.012569 -0.030684 0.999450 0.060919
0.976089 0.216701 0.017056 265.774784 -0.217070 0.975861 0.024001 -39.710654 -0.011443 -0.027130 0.999566 0.063496
0.976247 0.216358 0.011408 266.824664 -0.216531 0.976124 0.017182 -39.950815 -0.007418 -0.019244 0.999787 0.065450
0.975993 0.217501 0.011428 268.091464 -0.217657 0.975913 0.014818 -40.247986 -0.007929 -0.016949 0.999825 0.067959
0.976052 0.217031 0.014815 269.041631 -0.217266 0.975970 0.016685 -40.472693 -0.010838 -0.019504 0.999751 0.069877
0.975896 0.217648 0.015988 270.382885 -0.217913 0.975816 0.017247 -40.786356 -0.011848 -0.020315 0.999723 0.072514
0.975388 0.219973 0.015176 271.471419 -0.220280 0.975167 0.022930 -41.048912 -0.009755 -0.025709 0.999622 0.074816
0.975363 0.220132 0.014470 272.720365 -0.220454 0.975029 0.026784 -41.343630 -0.008212 -0.029314 0.999537 0.077325
0.975067 0.221602 0.011687 273.500570 -0.221826 0.974792 0.023945 -41.528929 -0.006086 -0.025940 0.999645 0.078917
0.974697 0.223401 0.007605 276.577190 -0.223509 0.974510 0.019322 -42.268868 -0.003094 -0.020532 0.999784 0.085382
0.974551 0.224125 0.004243 277.532077 -0.224164 0.974427 0.015553 -42.502261 -0.000649 -0.016109 0.999870 0.087465
0.974455 0.224570 0.002477 278.131771 -0.224582 0.974341 0.014930 -42.650128 0.000940 -0.015105 0.999885 0.088799
0.974410 0.224778 -0.000637 278.862499 -0.224751 0.974327 0.013195 -42.827568 0.003586 -0.012714 0.999913 0.090370
0.974419 0.224739 -0.000754 279.414330 -0.224716 0.974359 0.011313 -42.963965 0.003277 -0.010854 0.999936 0.091604
0.974210 0.225639 -0.001044 280.037310 -0.225614 0.974152 0.011204 -43.118044 0.003545 -0.010680 0.999937 0.093000
0.974159 0.225852 -0.002248 280.514172 -0.225810 0.974097 0.012035 -43.234358 0.004908 -0.011216 0.999925 0.094036
0.974083 0.226188 -0.001312 281.063486 -0.226161 0.974029 0.010881 -43.373047 0.003739 -0.010302 0.999940 0.095325
0.974137 0.225950 -0.001684 281.574959 -0.225927 0.974103 0.008939 -43.499123 0.003661 -0.008328 0.999959 0.096462
0.974184 0.225756 0.000763 282.137103 -0.225753 0.974141 0.009243 -43.635189 0.001344 -0.009177 0.999957 0.097661
0.974273 0.225367 0.001156 282.450865 -0.225367 0.974222 0.010027 -43.711237 0.001134 -0.010029 0.999949 0.098332
0.974161 0.225839 0.002533 282.795756 -0.225852 0.974128 0.008141 -43.800126 -0.000629 -0.008503 0.999964 0.099179
0.974185 0.225737 0.002712 282.960415 -0.225751 0.974152 0.007958 -43.841777 -0.000846 -0.008365 0.999965 0.099566
0.974170 0.225809 0.002005 283.091709 -0.225818 0.974135 0.008238 -43.875767 -0.000093 -0.008478 0.999964 0.099892
0.974254 0.225442 0.002040 283.154087 -0.225451 0.974219 0.008304 -43.891864 -0.000115 -0.008550 0.999963 0.100045
0.974355 0.225014 -0.001008 283.171736 -0.224997 0.974318 0.008953 -43.897461 0.002996 -0.008496 0.999959 0.100110
0.974394 0.224833 -0.002348 283.162881 -0.224804 0.974362 0.009107 -43.897025 0.004335 -0.008346 0.999956 0.100126
0.974453 0.224580 -0.002407 283.155450 -0.224549 0.974418 0.009313 -43.896803 0.004437 -0.008534 0.999954 0.100142
0.974483 0.224451 -0.002265 283.153006 -0.224421 0.974449 0.009226 -43.897401 0.004278 -0.008482 0.999955 0.100161
0.974494 0.224404 -0.001960 283.152094 -0.224377 0.974458 0.009296 -43.898158 0.003996 -0.008619 0.999955 0.100180
0.974507 0.224347 -0.002264 283.151734 -0.224318 0.974473 0.009154 -43.899176 0.004260 -0.008412 0.999956 0.100201
0.974511 0.224328 -0.002318 283.151592 -0.224298 0.974476 0.009344 -43.900216 0.004355 -0.008586 0.999954 0.100223
0.974500 0.224373 -0.002383 283.151388 -0.224342 0.974466 0.009246 -43.900876 0.004397 -0.008476 0.999954 0.100237
0.974524 0.224272 -0.002429 283.151298 -0.224241 0.974489 0.009330 -43.901751 0.004460 -0.008548 0.999954 0.100255
0.974538 0.224210 -0.002545 283.151094 -0.224177 0.974503 0.009444 -43.902411 0.004598 -0.008633 0.999952 0.100269
0.974548 0.224164 -0.002612 283.150947 -0.224131 0.974514 0.009389 -43.903178 0.004650 -0.008565 0.999953 0.100285
0.974539 0.224204 -0.002666 283.150847 -0.224171 0.974505 0.009378 -43.903644 0.004700 -0.008542 0.999952 0.100295
0.974546 0.224171 -0.002643 283.150643 -0.224138 0.974512 0.009420 -43.904304 0.004688 -0.008588 0.999952 0.100309
0.974546 0.224173 -0.002751 283.150493 -0.224138 0.974511 0.009455 -43.904935 0.004800 -0.008597 0.999952 0.100323
0.974544 0.224179 -0.002826 283.150397 -0.224144 0.974511 0.009386 -43.905537 0.004858 -0.008514 0.999952 0.100335
0.974547 0.224162 -0.002966 283.150298 -0.224126 0.974515 0.009408 -43.906004 0.005000 -0.008504 0.999951 0.100345
0.974544 0.224174 -0.003025 283.150193 -0.224138 0.974513 0.009325 -43.906197 0.005038 -0.008410 0.999952 0.100349
0.974529 0.224242 -0.003079 283.150148 -0.224206 0.974497 0.009344 -43.906635 0.005096 -0.008415 0.999952 0.100358
0.974530 0.224234 -0.003140 283.150046 -0.224197 0.974499 0.009353 -43.906964 0.005157 -0.008411 0.999951 0.100365
0.974532 0.224225 -0.003201 283.149997 -0.224188 0.974501 0.009339 -43.907266 0.005214 -0.008384 0.999951 0.100372
0.974534 0.224218 -0.003176 283.149949 -0.224180 0.974502 0.009459 -43.907567 0.005216 -0.008506 0.999950 0.100378
0.974551 0.224142 -0.003244 283.149844 -0.224104 0.974520 0.009415 -43.907760 0.005272 -0.008449 0.999950 0.100382
0.974545 0.224167 -0.003238 283.149796 -0.224128 0.974514 0.009442 -43.908062 0.005272 -0.008476 0.999950 0.100388
0.974542 0.224181 -0.003239 283.149745 -0.224142 0.974511 0.009441 -43.908227 0.005273 -0.008474 0.999950 0.100392
0.974554 0.224128 -0.003258 283.149697 -0.224089 0.974522 0.009500 -43.908528 0.005305 -0.008528 0.999950 0.100398
0.974542 0.224182 -0.003319 283.149700 -0.224142 0.974510 0.009521 -43.908664 0.005369 -0.008535 0.999949 0.100401
0.974547 0.224160 -0.003289 283.149649 -0.224120 0.974515 0.009525 -43.908829 0.005340 -0.008545 0.999949 0.100405
0.974538 0.224196 -0.003316 283.149598 -0.224156 0.974507 0.009537 -43.908994 0.005370 -0.008551 0.999949 0.100408
0.974535 0.224210 -0.003347 283.149544 -0.224170 0.974503 0.009538 -43.909023 0.005400 -0.008545 0.999949 0.100409
0.974543 0.224177 -0.003313 283.149493 -0.224137 0.974511 0.009506 -43.909187 0.005360 -0.008521 0.999949 0.100412
0.974554 0.224130 -0.003284 283.149496 -0.224090 0.974522 0.009538 -43.909324 0.005338 -0.008559 0.999949 0.100415
0.974557 0.224116 -0.003325 283.149445 -0.224076 0.974525 0.009527 -43.909489 0.005376 -0.008540 0.999949 0.100419
0.974565 0.224079 -0.003412 283.149448 -0.224037 0.974533 0.009638 -43.909625 0.005485 -0.008628 0.999948 0.100421
0.974565 0.224080 -0.003421 283.149451 -0.224038 0.974532 0.009713 -43.909762 0.005510 -0.008699 0.999947 0.100424
0.974567 0.224067 -0.003517 283.149397 -0.224025 0.974535 0.009676 -43.909790 0.005595 -0.008642 0.999947 0.100425
0.974566 0.224074 -0.003511 283.149400 -0.224031 0.974534 0.009667 -43.909926 0.005588 -0.008634 0.999947 0.100428
0.974556 0.224116 -0.003543 283.149346 -0.224074 0.974525 0.009601 -43.909955 0.005604 -0.008563 0.999948 0.100428
0.974547 0.224153 -0.003612 283.149349 -0.224110 0.974516 0.009687 -43.910091 0.005692 -0.008631 0.999947 0.100431
0.974560 0.224096 -0.003633 283.149295 -0.224053 0.974530 0.009596 -43.910120 0.005691 -0.008537 0.999947 0.100432
0.974561 0.224090 -0.003750 283.149298 -0.224046 0.974531 0.009645 -43.910256 0.005816 -0.008559 0.999946 0.100435
0.974570 0.224052 -0.003744 283.149298 -0.224007 0.974539 0.009685 -43.910256 0.005819 -0.008600 0.999946 0.100435
0.974552 0.224129 -0.003800 283.149244 -0.224084 0.974522 0.009653 -43.910285 0.005867 -0.008556 0.999946 0.100435
0.974561 0.224092 -0.003802 283.149301 -0.224047 0.974530 0.009715 -43.910393 0.005883 -0.008616 0.999946 0.100438
0.974567 0.224066 -0.003814 283.149247 -0.224020 0.974535 0.009786 -43.910421 0.005910 -0.008683 0.999945 0.100438
0.974568 0.224057 -0.003877 283.149247 -0.224011 0.974538 0.009742 -43.910421 0.005961 -0.008626 0.999945 0.100438
0.974561 0.224089 -0.003828 283.149193 -0.224043 0.974530 0.009792 -43.910449 0.005925 -0.008685 0.999945 0.100439
0.974562 0.224084 -0.003941 283.149250 -0.224037 0.974530 0.009889 -43.910557 0.006056 -0.008754 0.999943 0.100441
0.974571 0.224044 -0.003990 283.149196 -0.223996 0.974538 0.010067 -43.910586 0.006144 -0.008918 0.999941 0.100442
0.974568 0.224055 -0.004069 283.149196 -0.224006 0.974535 0.010101 -43.910586 0.006229 -0.008933 0.999941 0.100442
0.974562 0.224083 -0.004079 283.149196 -0.224033 0.974529 0.010082 -43.910586 0.006234 -0.008912 0.999941 0.100442
0.974567 0.224060 -0.004049 283.149253 -0.224011 0.974535 0.010084 -43.910694 0.006205 -0.008921 0.999941 0.100444
0.974562 0.224081 -0.004029 283.149199 -0.224032 0.974529 0.010152 -43.910722 0.006201 -0.008991 0.999940 0.100445
0.974568 0.224056 -0.004068 283.149199 -0.224006 0.974535 0.010111 -43.910722 0.006229 -0.008943 0.999941 0.100445
0.974543 0.224160 -0.004140 283.149199 -0.224110 0.974511 0.010122 -43.910722 0.006303 -0.008936 0.999940 0.100445
0.974553 0.224119 -0.004127 283.149199 -0.224070 0.974521 0.010055 -43.910722 0.006275 -0.008874 0.999941 0.100445
0.974558 0.224095 -0.004170 283.149145 -0.224045 0.974527 0.010037 -43.910751 0.006313 -0.008847 0.999941 0.100445
0.974567 0.224059 -0.004103 283.149145 -0.224009 0.974534 0.010138 -43.910751 0.006270 -0.008961 0.999940 0.100445
0.974557 0.224100 -0.004102 283.149145 -0.224050 0.974525 0.010126 -43.910751 0.006267 -0.008950 0.999940 0.100445
0.974560 0.224090 -0.004140 283.149202 -0.224039 0.974528 0.010105 -43.910859 0.006298 -0.008920 0.999940 0.100447
0.974558 0.224099 -0.004089 283.149202 -0.224049 0.974525 0.010131 -43.910859 0.006255 -0.008957 0.999940 0.100447
0.974558 0.224097 -0.004070 283.149148 -0.224047 0.974526 0.010135 -43.910887 0.006238 -0.008965 0.999940 0.100448
0.974548 0.224141 -0.004068 283.149148 -0.224091 0.974515 0.010158 -43.910887 0.006241 -0.008988 0.999940 0.100448
0.974548 0.224142 -0.004065 283.149148 -0.224093 0.974516 0.010008 -43.910887 0.006204 -0.008842 0.999942 0.100448
0.974546 0.224152 -0.004090 283.149148 -0.224103 0.974515 0.009949 -43.910887 0.006216 -0.008779 0.999942 0.100448
