0.999530 0.030510 -0.002837 2.917059 -0.030517 0.999531 -0.002605 -0.064106 0.002756 0.002690 0.999993 0.047041
0.998315 0.057591 -0.007153 5.234724 -0.057609 0.998336 -0.002347 -0.181708 0.007006 0.002755 0.999972 0.086004
0.996288 0.085608 -0.008992 7.140269 -0.085628 0.996325 -0.001901 -0.333083 0.008796 0.002664 0.999958 0.119341
0.994457 0.104313 -0.013206 8.663037 -0.104412 0.994509 -0.007056 -0.488476 0.012398 0.008396 0.999888 0.146802
0.991706 0.128139 -0.009931 10.571905 -0.128215 0.991718 -0.007451 -0.715551 0.008894 0.008662 0.999923 0.181995
0.989103 0.146630 -0.013224 12.089627 -0.146750 0.989135 -0.008685 -0.933107 0.011807 0.010531 0.999875 0.210858
0.985052 0.171579 -0.015279 13.993207 -0.171730 0.985101 -0.009201 -1.246375 0.013473 0.011687 0.999841 0.248021
0.981137 0.192510 -0.017615 15.567190 -0.192703 0.981207 -0.009938 -1.549665 0.015371 0.013145 0.999795 0.279804
0.975763 0.217842 -0.020751 17.429741 -0.218103 0.975861 -0.011215 -1.951751 0.017807 0.015469 0.999722 0.318443
0.971228 0.236979 -0.023617 18.888717 -0.237313 0.971353 -0.012481 -2.297417 0.019982 0.017727 0.999643 0.349442
0.963624 0.266114 -0.024733 21.047081 -0.266480 0.963755 -0.012857 -2.867767 0.020416 0.018980 0.999611 0.396705
0.957166 0.288723 -0.021722 22.770204 -0.288997 0.957270 -0.010734 -3.377093 0.017695 0.016552 0.999706 0.435723
0.951703 0.305879 -0.026433 24.124220 -0.306212 0.951916 -0.009525 -3.807605 0.022248 0.017159 0.999605 0.467105
0.945653 0.324214 -0.025010 25.811518 -0.324538 0.945818 -0.010116 -4.374264 0.020376 0.017683 0.999636 0.506930
0.938950 0.343210 -0.024073 27.524358 -0.343529 0.939083 -0.010566 -4.996331 0.018981 0.018191 0.999654 0.548474
0.932124 0.361286 -0.024862 28.854434 -0.361521 0.932347 -0.005586 -5.505130 0.021162 0.014195 0.999675 0.581347
0.924633 0.379886 -0.027197 30.176706 -0.380129 0.924924 -0.004184 -6.043405 0.023566 0.014207 0.999621 0.614801
0.914816 0.402908 -0.027881 31.835301 -0.403159 0.915122 -0.003823 -6.757441 0.023974 0.014738 0.999604 0.657689
0.904729 0.425006 -0.028904 33.796814 -0.425313 0.905032 -0.005150 -7.654406 0.023970 0.016952 0.999569 0.709661
0.895911 0.443520 -0.025158 35.383647 -0.443784 0.896115 -0.005833 -8.429506 0.019958 0.016390 0.999666 0.752885
0.886505 0.461962 -0.026458 36.923162 -0.462224 0.886752 -0.004488 -9.226734 0.021388 0.016208 0.999640 0.795897
0.879408 0.475346 -0.026212 38.127429 -0.475607 0.879647 -0.004403 -9.876683 0.020965 0.016338 0.999647 0.830170
0.870654 0.491106 -0.027856 39.596957 -0.491391 0.870929 -0.004067 -10.697764 0.022263 0.017229 0.999604 0.872658
0.864078 0.502526 -0.028921 40.721056 -0.502824 0.864381 -0.003650 -11.350330 0.023165 0.017696 0.999575 0.905742
0.857064 0.514309 -0.030465 41.808678 -0.514652 0.857389 -0.004151 -12.004749 0.023985 0.019237 0.999527 0.938302
0.847913 0.529212 -0.031277 43.112985 -0.529517 0.848298 -0.001734 -12.814879 0.025614 0.018032 0.999509 0.977951
0.839989 0.541798 -0.029552 44.138508 -0.542103 0.840307 -0.002865 -13.471711 0.023280 0.018427 0.999559 1.009599
0.829517 0.557639 -0.030667 45.331976 -0.558033 0.829801 -0.005482 -14.272400 0.022391 0.021661 0.999515 1.047295
0.819941 0.571516 -0.032652 46.467832 -0.571938 0.820284 -0.004597 -15.057141 0.024157 0.022444 0.999456 1.083711
0.811730 0.583077 -0.033401 47.352187 -0.583529 0.812077 -0.004951 -15.689114 0.024237 0.023510 0.999430 1.112564
0.800557 0.598187 -0.035778 48.556433 -0.598776 0.800879 -0.007801 -16.590099 0.023987 0.027668 0.999329 1.152817
0.792489 0.608646 -0.038869 49.497061 -0.609288 0.792924 -0.006300 -17.311579 0.026985 0.028675 0.999224 1.184680
0.786748 0.615996 -0.039698 50.230789 -0.616712 0.787148 -0.008004 -17.890022 0.026318 0.030779 0.999180 1.209908
0.780257 0.624071 -0.041647 50.911693 -0.624872 0.780679 -0.008676 -18.438511 0.027099 0.032794 0.999095 1.233598
0.772153 0.634027 -0.042298 51.723362 -0.634867 0.772567 -0.009138 -19.102071 0.026885 0.033910 0.999063 1.262070
0.764033 0.643743 -0.043006 52.488899 -0.644600 0.764471 -0.008669 -19.747525 0.027296 0.034346 0.999037 1.289390
0.758048 0.650807 -0.042585 53.048141 -0.651627 0.758501 -0.007682 -20.232013 0.027302 0.033573 0.999063 1.309658
0.750834 0.659129 -0.042384 53.666985 -0.659922 0.751304 -0.006721 -20.780287 0.027413 0.033017 0.999079 1.332374
0.742473 0.668608 -0.041192 54.378513 -0.669358 0.742913 -0.006388 -21.422072 0.026331 0.032315 0.999131 1.358765
0.737620 0.673851 -0.042913 54.806945 -0.674671 0.738087 -0.006771 -21.817586 0.027111 0.033947 0.999056 1.374871
0.731755 0.680259 -0.042228 55.312620 -0.681019 0.732247 -0.005251 -22.291646 0.027349 0.032601 0.999094 1.394054
0.725699 0.687029 -0.036779 55.771650 -0.687565 0.726117 -0.002765 -22.731717 0.024806 0.027294 0.999320 1.411700
0.717333 0.695571 -0.040180 56.317081 -0.696179 0.717866 -0.001624 -23.262613 0.027714 0.029137 0.999191 1.432857
0.710823 0.702256 -0.039591 56.689886 -0.702849 0.711338 -0.001511 -23.633618 0.027102 0.028900 0.999215 1.447512
0.698536 0.714585 -0.037634 57.290912 -0.714968 0.699143 0.004426 -24.249310 0.029474 0.023815 0.999282 1.471557
0.687509 0.725203 -0.037566 57.771311 -0.725522 0.688165 0.006823 -24.761760 0.030800 0.022564 0.999271 1.491260
0.678281 0.733789 -0.038575 58.173914 -0.734203 0.678913 0.004740 -25.200790 0.029667 0.025107 0.999244 1.508000
0.668091 0.743062 -0.038890 58.595040 -0.743517 0.668705 0.003907 -25.670219 0.028909 0.026305 0.999236 1.525754
0.658756 0.751426 -0.037410 59.008611 -0.751938 0.659233 0.000556 -26.143177 0.025080 0.027764 0.999300 1.543473
0.645948 0.762304 -0.040546 59.564623 -0.762803 0.646615 0.004584 -26.801462 0.029712 0.027967 0.999167 1.567830
0.634542 0.771802 -0.040964 60.155091 -0.772202 0.635320 0.008481 -27.517878 0.032571 0.026251 0.999125 1.594110
0.622093 0.781406 -0.049035 60.865581 -0.782243 0.622964 0.003271 -28.399829 0.033103 0.036323 0.998792 1.626205
0.611924 0.789789 -0.042211 61.431359 -0.790419 0.612561 0.002790 -29.127244 0.028060 0.031657 0.999105 1.652361
0.603452 0.796204 -0.043643 61.857306 -0.796887 0.604123 0.002792 -29.689064 0.028589 0.033094 0.999043 1.672391
0.596534 0.801294 -0.045549 62.295569 -0.802065 0.597232 0.002181 -30.280944 0.028951 0.035232 0.998960 1.693329
0.589219 0.806789 -0.043731 62.817198 -0.807475 0.589894 0.003217 -30.995642 0.028392 0.033417 0.999038 1.718493
0.584492 0.810119 -0.045566 63.322058 -0.810821 0.585273 0.004867 -31.702358 0.030612 0.034101 0.998949 1.743206
0.583138 0.811055 -0.046269 63.713305 -0.811702 0.584025 0.007386 -32.251632 0.033013 0.033250 0.998902 1.762395
0.583305 0.811056 -0.044081 64.190496 -0.811694 0.584058 0.005401 -32.922616 0.030126 0.032630 0.999013 1.785825
0.584124 0.810595 -0.041649 64.636113 -0.811144 0.584817 0.005785 -33.555182 0.029046 0.030404 0.999116 1.807847
0.585066 0.809887 -0.042207 65.074007 -0.810458 0.585770 0.005592 -34.172032 0.029253 0.030936 0.999093 1.829374
0.587487 0.807987 -0.044893 65.504259 -0.808617 0.588300 0.006384 -34.776772 0.031569 0.032550 0.998971 1.850493
0.592154 0.804692 -0.042719 65.906171 -0.805150 0.592995 0.009498 -35.335979 0.032975 0.028771 0.999042 1.870086
0.601324 0.797863 -0.042715 66.387589 -0.798413 0.602077 0.006327 -35.995567 0.030766 0.030299 0.999067 1.893310
0.611426 0.790288 -0.040051 66.754733 -0.790827 0.612028 0.003655 -36.484082 0.027401 0.029438 0.999191 1.910676
0.632935 0.773308 -0.037244 67.296556 -0.773748 0.633482 0.003877 -37.174470 0.026592 0.026363 0.999299 1.935576
0.648668 0.760205 -0.036301 67.660655 -0.760529 0.649268 0.006785 -37.614508 0.028727 0.023206 0.999318 1.951740
0.662441 0.748352 -0.033789 67.987570 -0.748626 0.662964 0.006216 -37.998517 0.027053 0.021177 0.999410 1.965988
0.674179 0.737887 -0.031709 68.250882 -0.738097 0.674661 0.006736 -38.296642 0.026363 0.018863 0.999474 1.977199
0.686714 0.726368 -0.028520 68.544652 -0.726536 0.687103 0.005892 -38.621280 0.023875 0.016675 0.999576 1.989516
0.692628 0.720782 -0.027206 68.693448 -0.720946 0.692973 0.004995 -38.783140 0.022453 0.016155 0.999617 1.995693
0.698092 0.715501 -0.026939 68.838449 -0.715701 0.698400 0.003004 -38.939517 0.020964 0.017183 0.999633 2.001681
0.702821 0.710825 -0.027775 68.950969 -0.711056 0.703132 0.002104 -39.059016 0.021025 0.018271 0.999612 2.006283
0.706252 0.707421 -0.027635 69.031168 -0.707640 0.706568 0.002489 -39.143157 0.021287 0.017798 0.999615 2.009539
0.708195 0.705472 -0.027735 69.079100 -0.705692 0.708514 0.002490 -39.194343 0.021407 0.017809 0.999612 2.011506
0.709054 0.704604 -0.027847 69.107799 -0.704814 0.709386 0.003058 -39.226340 0.021908 0.017459 0.999608 2.012716
0.708783 0.704813 -0.029410 69.108056 -0.705020 0.709174 0.004397 -39.228893 0.023956 0.017619 0.999558 2.012781
0.709102 0.704472 -0.029888 69.101139 -0.704652 0.709530 0.005798 -39.224555 0.025291 0.016949 0.999536 2.012570
0.709450 0.704113 -0.030078 69.097201 -0.704318 0.709867 0.004925 -39.222583 0.024820 0.017690 0.999535 2.012461
0.709731 0.703810 -0.030552 69.094192 -0.704026 0.710158 0.004783 -39.222189 0.025063 0.018115 0.999522 2.012405
0.709866 0.703703 -0.029872 69.092737 -0.703888 0.710289 0.005562 -39.222508 0.025132 0.017078 0.999538 2.012390
0.710022 0.703528 -0.030275 69.091638 -0.703729 0.710449 0.005191 -39.223240 0.025161 0.017619 0.999528 2.012390
0.710140 0.703422 -0.029975 69.090586 -0.703609 0.710565 0.005569 -39.223859 0.025216 0.017136 0.999535 2.012389
0.710233 0.703318 -0.030224 69.089760 -0.703514 0.710661 0.005370 -39.224572 0.025256 0.017449 0.999529 2.012393
0.710211 0.703349 -0.030010 69.089276 -0.703536 0.710638 0.005573 -39.225098 0.025246 0.017155 0.999534 2.012398
0.710276 0.703283 -0.030005 69.088567 -0.703473 0.710701 0.005482 -39.225530 0.025180 0.017214 0.999535 2.012397
0.710310 0.703250 -0.029991 69.088036 -0.703437 0.710736 0.005585 -39.226168 0.025244 0.017130 0.999535 2.012404
0.710297 0.703261 -0.030027 69.087303 -0.703447 0.710725 0.005649 -39.226656 0.025314 0.017110 0.999533 2.012404
0.710306 0.703245 -0.030198 69.086867 -0.703429 0.710742 0.005828 -39.227069 0.025562 0.017103 0.999527 2.012407
0.710489 0.703065 -0.030080 69.086477 -0.703243 0.710925 0.005982 -39.227369 0.025590 0.016903 0.999530 2.012408
0.710931 0.702617 -0.030099 69.085636 -0.702792 0.711369 0.006091 -39.227482 0.025691 0.016823 0.999528 2.012398
0.711150 0.702420 -0.029521 69.084796 -0.702598 0.711565 0.005589 -39.227594 0.024932 0.016766 0.999549 2.012387
0.710998 0.702570 -0.029620 69.084134 -0.702748 0.711417 0.005642 -39.227913 0.025036 0.016804 0.999545 2.012384
0.710799 0.702766 -0.029747 69.083922 -0.702946 0.711221 0.005650 -39.228420 0.025127 0.016895 0.999541 2.012393
0.710708 0.702859 -0.029741 69.083983 -0.703037 0.711130 0.005727 -39.228908 0.025175 0.016839 0.999541 2.012406
0.710527 0.703038 -0.029821 69.083795 -0.703215 0.710953 0.005824 -39.229359 0.025296 0.016833 0.999538 2.012414
0.710566 0.702984 -0.030164 69.083654 -0.703164 0.711003 0.005939 -39.229697 0.025622 0.016990 0.999527 2.012419
0.710646 0.702898 -0.030284 69.083560 -0.703074 0.711090 0.006191 -39.229922 0.025886 0.016892 0.999522 2.012423
0.711216 0.702330 -0.030068 69.082589 -0.702500 0.711656 0.006255 -39.229716 0.025792 0.016674 0.999528 2.012403
0.711480 0.702079 -0.029689 69.082114 -0.702254 0.711903 0.005825 -39.229584 0.025226 0.016705 0.999542 2.012393
0.712350 0.701177 -0.030139 69.084146 -0.701350 0.712790 0.006150 -39.231687 0.025795 0.016757 0.999527 2.012475
0.713876 0.699617 -0.030291 69.091771 -0.699787 0.714324 0.006323 -39.238766 0.026061 0.016683 0.999521 2.012762
0.715960 0.697484 -0.030305 69.115954 -0.697651 0.716409 0.006389 -39.261938 0.026167 0.016568 0.999520 2.013691
0.717978 0.695420 -0.029958 69.149165 -0.695588 0.718415 0.006125 -39.293897 0.025781 0.016441 0.999532 2.014971
0.721347 0.691944 -0.029529 69.205916 -0.692125 0.721759 0.005238 -39.348033 0.024938 0.016659 0.999550 2.017146
0.723260 0.689963 -0.029106 69.245729 -0.690142 0.723657 0.004977 -39.385720 0.024497 0.016487 0.999564 2.018665
0.724947 0.688206 -0.028713 69.287893 -0.688400 0.725320 0.004037 -39.425378 0.023605 0.016839 0.999580 2.020268
0.726023 0.687066 -0.028825 69.323282 -0.687263 0.726398 0.003999 -39.457187 0.023686 0.016907 0.999576 2.021578
0.726305 0.686766 -0.028854 69.341934 -0.686964 0.726681 0.003957 -39.472698 0.023685 0.016948 0.999576 2.022238
0.726249 0.686810 -0.029243 69.341644 -0.687012 0.726635 0.004026 -39.470858 0.024014 0.017167 0.999564 2.022190
0.726451 0.686586 -0.029463 69.339369 -0.686780 0.726851 0.004548 -39.466802 0.024537 0.016930 0.999556 2.022058
0.726669 0.686355 -0.029471 69.338521 -0.686553 0.727066 0.004373 -39.464399 0.024429 0.017056 0.999556 2.021987
0.726825 0.686192 -0.029442 69.338611 -0.686385 0.727224 0.004523 -39.462916 0.024515 0.016921 0.999556 2.021953
0.726892 0.686117 -0.029520 69.338940 -0.686313 0.727292 0.004464 -39.462127 0.024532 0.017016 0.999554 2.021940
0.727002 0.686006 -0.029378 69.339518 -0.686202 0.727398 0.004404 -39.461377 0.024391 0.016957 0.999559 2.021931
0.727245 0.685733 -0.029753 69.339823 -0.685929 0.727653 0.004609 -39.460644 0.024810 0.017056 0.999547 2.021918
0.727474 0.685484 -0.029888 69.340176 -0.685677 0.727890 0.004829 -39.459800 0.025066 0.016980 0.999542 2.021903
0.728067 0.684839 -0.030242 69.340031 -0.685036 0.728493 0.004902 -39.458880 0.025388 0.017148 0.999531 2.021879
0.729139 0.683641 -0.031476 69.346169 -0.683828 0.729618 0.006059 -39.463818 0.027107 0.017106 0.999486 2.022093
0.732657 0.679844 -0.032017 69.390763 -0.680033 0.733155 0.006235 -39.504622 0.027713 0.017204 0.999468 2.023760
0.738736 0.673193 -0.032862 69.486747 -0.673405 0.739251 0.005808 -39.592765 0.028203 0.017839 0.999443 2.027358
0.746103 0.664957 -0.034098 69.614611 -0.665190 0.746653 0.005631 -39.707816 0.029204 0.018480 0.999403 2.032094
0.765466 0.642367 -0.037760 69.948748 -0.642791 0.766040 0.001171 -39.999098 0.029678 0.023375 0.999286 2.044246
0.780389 0.624138 -0.037996 70.224349 -0.624653 0.780900 -0.002182 -40.226574 0.028309 0.025437 0.999276 2.053965
0.808476 0.587445 -0.035712 70.728301 -0.587930 0.808902 -0.003970 -40.617931 0.026555 0.024205 0.999354 2.071151
0.830794 0.555435 -0.035674 71.160091 -0.555964 0.831182 -0.006273 -40.927439 0.026168 0.025045 0.999344 2.085261
0.858007 0.512423 -0.035311 71.749224 -0.513013 0.858326 -0.009719 -41.309871 0.025329 0.026454 0.999329 2.103564
0.877962 0.477272 -0.037344 72.280872 -0.478048 0.878202 -0.015175 -41.623449 0.025553 0.031175 0.999187 2.119329
0.901716 0.430526 -0.039445 73.040874 -0.431452 0.901942 -0.018695 -42.024211 0.027529 0.033876 0.999047 2.140734
0.920810 0.388156 -0.038007 73.870572 -0.388800 0.921256 -0.011037 -42.410058 0.030731 0.024940 0.999217 2.162871
0.936109 0.350156 -0.033030 74.995229 -0.350671 0.936432 -0.011182 -42.871778 0.027015 0.022050 0.999392 2.191418
0.942448 0.333142 -0.028429 75.796477 -0.333553 0.942667 -0.011052 -43.170525 0.023117 0.019899 0.999535 2.211036
0.949190 0.313098 -0.031761 77.543190 -0.313121 0.949703 0.004367 -43.787471 0.031531 0.005800 0.999486 2.252986
0.951961 0.305489 -0.021128 78.964174 -0.305170 0.952146 0.017027 -44.267915 0.025319 -0.009762 0.999632 2.286602
0.952054 0.305501 -0.016215 79.970380 -0.305051 0.951998 0.025363 -44.606607 0.023185 -0.019201 0.999547 2.310370
0.951645 0.305801 -0.029298 81.529601 -0.304365 0.951490 0.045033 -45.124639 0.041648 -0.033938 0.998556 2.347039
0.952209 0.303859 -0.031108 82.880309 -0.302039 0.951860 0.052290 -45.568782 0.045500 -0.040395 0.998147 2.378693
0.953015 0.301289 -0.031417 83.981159 -0.299497 0.952710 0.051430 -45.925304 0.045427 -0.039604 0.998182 2.404363
0.956141 0.289777 -0.042701 85.378421 -0.287547 0.956378 0.051552 -46.363727 0.055777 -0.037013 0.997757 2.436608
0.962260 0.265418 -0.060070 87.062864 -0.263012 0.963739 0.045073 -46.859905 0.069855 -0.027573 0.997176 2.474709
0.971297 0.225319 -0.076252 88.512457 -0.223590 0.974202 0.030616 -47.229958 0.081184 -0.012688 0.996618 2.506142
0.979449 0.186211 -0.077488 89.707019 -0.185898 0.982504 0.011297 -47.491193 0.078236 0.003340 0.996929 2.531004
0.987892 0.140938 -0.064856 90.911433 -0.141313 0.989964 -0.001217 -47.704104 0.064034 0.010367 0.997894 2.554868
0.994530 0.086081 -0.059160 92.430996 -0.086838 0.996169 -0.010346 -47.901402 0.058043 0.015427 0.998195 2.583277
0.997934 0.040894 -0.049556 93.659345 -0.041798 0.998976 -0.017341 -47.990403 0.048796 0.019377 0.998621 2.604562
0.999136 -0.012665 -0.039593 95.201814 0.012023 0.999793 -0.016431 -48.030766 0.039793 0.015941 0.999081 2.629590
0.997465 -0.060214 -0.037929 96.764385 0.059499 0.998034 -0.019705 -47.996334 0.039041 0.017398 0.999086 2.653150
0.995247 -0.091586 -0.033096 98.045306 0.090860 0.995602 -0.022814 -47.914981 0.035040 0.019699 0.999192 2.671198
0.991974 -0.122571 -0.031058 99.698815 0.121777 0.992209 -0.026288 -47.758320 0.034038 0.022295 0.999172 2.693265
0.989367 -0.142020 -0.031370 101.028779 0.141212 0.989621 -0.026634 -47.594928 0.034827 0.021921 0.999153 2.710123
0.985832 -0.163049 -0.039373 103.056091 0.162149 0.986447 -0.025088 -47.305546 0.042930 0.018348 0.998910 2.734861
0.984273 -0.170187 -0.047363 104.791525 0.169414 0.985344 -0.019907 -47.036849 0.050057 0.011570 0.998679 2.755537
0.984444 -0.172434 -0.033707 106.172750 0.172116 0.985002 -0.012127 -46.811452 0.035293 0.006137 0.999358 2.771718
0.984028 -0.174274 -0.036299 107.887765 0.174185 0.984697 -0.005611 -46.530210 0.036722 -0.000801 0.999325 2.791777
0.983800 -0.174241 -0.042157 109.597134 0.174263 0.984694 -0.003175 -46.246020 0.042065 -0.004223 0.999106 2.811677
0.983621 -0.174669 -0.044491 111.023521 0.174710 0.984615 -0.003008 -46.001761 0.044331 -0.004815 0.999005 2.828114
0.984536 -0.169063 -0.045895 112.789775 0.169068 0.985597 -0.003796 -45.702935 0.045875 -0.004022 0.998939 2.848553
0.989902 -0.129645 -0.057322 117.112712 0.129592 0.991557 -0.004652 -45.066159 0.057441 -0.002823 0.998345 2.900833
0.991496 -0.113781 -0.063161 118.536066 0.113669 0.993504 -0.005384 -44.895083 0.063364 -0.001841 0.997989 2.918965
0.993544 -0.096686 -0.059348 120.354093 0.096806 0.995303 -0.000860 -44.700352 0.059152 -0.004891 0.998237 2.942692
0.994674 -0.083461 -0.060479 121.790502 0.083582 0.996501 -0.000517 -44.575313 0.060311 -0.004541 0.998169 2.962125
0.995295 -0.068092 -0.068927 123.623406 0.068267 0.997667 0.000184 -44.444437 0.068754 -0.004889 0.997622 2.987605
0.996437 -0.055819 -0.063230 125.102838 0.055755 0.998441 -0.002775 -44.357630 0.063287 -0.000760 0.997995 3.008620
0.997208 -0.036919 -0.064906 127.664418 0.036968 0.999316 -0.000452 -44.253857 0.064878 -0.001948 0.997891 3.046115
0.997611 -0.027679 -0.063289 129.109994 0.027846 0.999611 0.001754 -44.210790 0.063216 -0.003512 0.997994 3.067644
0.997469 -0.018696 -0.068604 130.911496 0.019088 0.999805 0.005060 -44.172281 0.068496 -0.006357 0.997631 3.094835
0.997589 -0.010105 -0.068654 132.353193 0.010481 0.999932 0.005127 -44.160061 0.068598 -0.005835 0.997627 3.117038
0.997768 0.005770 -0.066525 134.449158 -0.005100 0.999935 0.010237 -44.168193 0.066580 -0.009875 0.997732 3.149934
0.997326 0.022786 -0.069433 136.142710 -0.022095 0.999699 0.010708 -44.197614 0.069656 -0.009146 0.997529 3.177058
0.996348 0.044962 -0.072582 138.128533 -0.043713 0.998869 0.018707 -44.280829 0.073341 -0.015466 0.997187 3.210025
0.995134 0.064986 -0.074068 140.303808 -0.063483 0.997730 0.022467 -44.420865 0.075360 -0.017655 0.997000 3.247301
0.994737 0.078428 -0.065928 141.753710 -0.076858 0.996702 0.026032 -44.537291 0.067752 -0.020828 0.997485 3.272696
0.994089 0.085728 -0.066623 142.878362 -0.084492 0.996200 0.021155 -44.636490 0.068183 -0.015401 0.997554 3.292607
0.992538 0.098121 -0.072394 144.245920 -0.096956 0.995099 0.019435 -44.770890 0.073946 -0.012271 0.997187 3.317146
0.991396 0.109279 -0.072055 145.515360 -0.108305 0.993967 0.017301 -44.912259 0.073511 -0.009348 0.997251 3.340320
0.990318 0.118636 -0.072087 146.677849 -0.117875 0.992919 0.014729 -45.057049 0.073324 -0.006089 0.997290 3.361907
0.989566 0.124368 -0.072747 147.582764 -0.123613 0.992220 0.014806 -45.174541 0.074022 -0.005659 0.997241 3.378825
0.988520 0.132555 -0.072502 148.669463 -0.131717 0.991154 0.016252 -45.324764 0.074015 -0.006515 0.997236 3.399359
0.987019 0.140595 -0.077632 149.691037 -0.139708 0.990051 0.016767 -45.475147 0.079217 -0.005703 0.996841 3.418881
0.985591 0.146830 -0.083971 150.678823 -0.145757 0.989142 0.018811 -45.627910 0.085822 -0.006300 0.996291 3.437932
0.984679 0.152128 -0.085230 151.458981 -0.151543 0.988361 0.013320 -45.749664 0.086264 -0.000200 0.996272 3.453005
0.983928 0.156070 -0.086764 152.273249 -0.155641 0.987744 0.011732 -45.880942 0.087532 0.001961 0.996160 3.468837
0.981934 0.164578 -0.093381 153.471809 -0.163659 0.986362 0.017470 -46.081893 0.094983 -0.001872 0.995477 3.492324
0.979845 0.174548 -0.097147 154.685188 -0.174112 0.984640 0.013019 -46.295499 0.097927 0.004158 0.995185 3.516345
0.978282 0.184106 -0.095232 155.503063 -0.183357 0.982906 0.016631 -46.451091 0.096666 0.001191 0.995316 3.532812
0.976909 0.193889 -0.089757 156.527463 -0.192608 0.981011 0.022810 -46.655546 0.092475 -0.004995 0.995702 3.553666
0.974766 0.201338 -0.096410 157.305150 -0.200053 0.979517 0.022913 -46.815544 0.099048 -0.003048 0.995078 3.569611
0.972067 0.214133 -0.096091 158.466765 -0.212463 0.976785 0.027417 -47.071442 0.099731 -0.006235 0.994995 3.593832
0.969179 0.225576 -0.099037 159.584682 -0.223195 0.974158 0.034646 -47.333192 0.104293 -0.011474 0.994480 3.617509
0.968621 0.231173 -0.091278 160.319134 -0.228988 0.972840 0.033870 -47.510607 0.096628 -0.011906 0.995249 3.633195
0.967111 0.238585 -0.088168 161.234517 -0.236045 0.970985 0.038342 -47.738646 0.094757 -0.016269 0.995367 3.652910
0.964448 0.244195 -0.101042 162.134134 -0.240797 0.969544 0.044745 -47.968973 0.108891 -0.018824 0.993875 3.672433
0.961339 0.249456 -0.116615 163.030855 -0.245349 0.968217 0.048567 -48.200539 0.125024 -0.018078 0.991989 3.691941
0.958967 0.261188 -0.110287 164.107586 -0.257249 0.965112 0.048808 -48.491271 0.119188 -0.018434 0.992701 3.715666
0.958600 0.268467 -0.094932 164.799786 -0.265409 0.963144 0.043728 -48.682479 0.103173 -0.016722 0.994523 3.731021
0.958907 0.271403 -0.082693 165.716697 -0.268924 0.962331 0.039988 -48.940445 0.090431 -0.016107 0.995772 3.751473
0.961040 0.268432 -0.065921 166.477489 -0.266676 0.963176 0.034298 -49.156145 0.072700 -0.015382 0.997235 3.768481
0.962834 0.263378 -0.059856 167.256035 -0.261899 0.964582 0.031472 -49.373030 0.066026 -0.014626 0.997711 3.785795
0.964399 0.257125 -0.061820 168.286139 -0.255743 0.966296 0.029445 -49.657616 0.067308 -0.012587 0.997653 3.808647
0.965351 0.249199 -0.077441 169.374215 -0.246773 0.968263 0.039614 -49.952218 0.084855 -0.019131 0.996210 3.832642
0.966974 0.241323 -0.082000 170.304443 -0.238783 0.970264 0.039627 -50.194115 0.089125 -0.018738 0.995844 3.852918
0.968528 0.230626 -0.093627 171.686765 -0.227618 0.972854 0.041775 -50.537779 0.100720 -0.019149 0.994730 3.882673
0.969554 0.224457 -0.097896 172.882695 -0.221254 0.974287 0.042573 -50.822990 0.104935 -0.019617 0.994286 3.908127
0.971020 0.221165 -0.090586 174.092093 -0.218297 0.975039 0.040560 -51.101913 0.097295 -0.019610 0.995062 3.933641
0.970882 0.222246 -0.089410 175.093627 -0.219345 0.974778 0.041189 -51.332011 0.096309 -0.020378 0.995143 3.954749
0.969619 0.226296 -0.092888 176.081973 -0.223272 0.973856 0.041884 -51.563290 0.099938 -0.019872 0.994795 3.975679
0.967330 0.235219 -0.094576 177.579267 -0.231978 0.971722 0.044073 -51.923606 0.102268 -0.020693 0.994542 4.007625
0.965025 0.244445 -0.094734 178.817189 -0.241375 0.969488 0.042791 -52.227973 0.102303 -0.018428 0.994583 4.034190
0.961630 0.258255 -0.092582 180.045678 -0.255256 0.965913 0.043092 -52.552409 0.100555 -0.017807 0.994772 4.061086
0.958597 0.270733 -0.088293 181.039326 -0.267716 0.962464 0.044619 -52.826757 0.097059 -0.019134 0.995095 4.083125
0.953717 0.288200 -0.085818 182.519367 -0.285328 0.957405 0.044309 -53.260743 0.094932 -0.017772 0.995325 4.116556
0.949670 0.302402 -0.081730 183.716695 -0.299296 0.952942 0.048193 -53.630703 0.092457 -0.021306 0.995489 4.144051
0.946415 0.312630 -0.081002 184.652092 -0.309620 0.949663 0.047708 -53.936904 0.091840 -0.020072 0.995571 4.165940
0.944018 0.319230 -0.083205 185.550765 -0.316409 0.947532 0.045480 -54.241747 0.093358 -0.016607 0.995494 4.187224
0.942604 0.323672 -0.082060 186.629293 -0.320683 0.945986 0.047673 -54.608668 0.093058 -0.018621 0.995487 4.212792
0.942313 0.324445 -0.082351 187.611349 -0.321521 0.945738 0.046955 -54.949458 0.093117 -0.017769 0.995497 4.236233
0.941806 0.325826 -0.082698 188.484789 -0.322882 0.945264 0.047147 -55.254561 0.093533 -0.017702 0.995459 4.257129
0.942167 0.325486 -0.079879 189.146724 -0.322487 0.945340 0.048306 -55.482807 0.091235 -0.019752 0.995633 4.272894
0.941505 0.327840 -0.078036 189.934790 -0.324779 0.944494 0.049490 -55.762439 0.089930 -0.021250 0.995721 4.291852
0.942045 0.326395 -0.077568 190.776014 -0.323337 0.944987 0.049519 -56.054114 0.089464 -0.021568 0.995757 4.311925
0.942771 0.323931 -0.079065 191.291272 -0.320766 0.945824 0.050256 -56.234576 0.091061 -0.022019 0.995602 4.324264
0.945413 0.315826 -0.080298 192.057992 -0.312448 0.948513 0.051962 -56.496913 0.092574 -0.024037 0.995416 4.342476
0.947508 0.308921 -0.082443 192.578202 -0.305652 0.950829 0.050012 -56.670580 0.093839 -0.022188 0.995340 4.354730
0.953293 0.291592 -0.078781 193.303501 -0.288789 0.956328 0.045139 -56.899718 0.088502 -0.020280 0.995870 4.371505
0.960805 0.266193 -0.077430 194.065542 -0.263645 0.963721 0.041638 -57.124467 0.085704 -0.019592 0.996128 4.388749
0.967852 0.240371 -0.074051 194.709878 -0.238107 0.970489 0.038162 -57.296650 0.081038 -0.019303 0.996524 4.402904
0.977452 0.198827 -0.071103 195.581883 -0.196821 0.979841 0.034254 -57.498078 0.076480 -0.019487 0.996881 4.421308
0.987897 0.143206 -0.059600 196.715349 -0.141769 0.989512 0.027699 -57.701648 0.062942 -0.018914 0.997838 4.443842
0.993001 0.105306 -0.053481 197.516495 -0.104245 0.994303 0.022260 -57.806696 0.055520 -0.016529 0.998321 4.458844
0.996970 0.054015 -0.055969 198.567339 -0.053330 0.998484 0.013659 -57.901510 0.056622 -0.010632 0.998339 4.477499
0.997961 0.011230 -0.062833 199.452288 -0.010873 0.999923 0.006016 -57.937554 0.062895 -0.005320 0.998006 4.492165
0.996680 -0.039038 -0.071445 200.577996 0.039514 0.999205 0.005272 -57.930282 0.071183 -0.008077 0.997431 4.509556
0.994601 -0.072441 -0.074305 201.764131 0.072873 0.997336 0.003104 -57.875800 0.073882 -0.008502 0.997231 4.526765
0.993292 -0.092864 -0.068904 203.188190 0.092954 0.995669 -0.001911 -57.765780 0.068783 -0.004507 0.997621 4.546363
0.993054 -0.097491 -0.065869 204.196581 0.097495 0.995231 -0.003163 -57.679656 0.065863 -0.003281 0.997823 4.560044
0.993194 -0.096855 -0.064683 205.445186 0.096894 0.995291 -0.002537 -57.568634 0.064625 -0.003748 0.997903 4.576881
0.993509 -0.093516 -0.064770 206.433073 0.093334 0.995618 -0.005838 -57.480310 0.065032 -0.000245 0.997883 4.590191
0.994856 -0.076859 -0.065982 207.672381 0.076801 0.997041 -0.003415 -57.383330 0.066049 -0.001670 0.997815 4.607217
0.996270 -0.055469 -0.066100 208.672595 0.055406 0.998460 -0.002787 -57.324410 0.066153 -0.000886 0.997809 4.621419
0.997580 -0.030345 -0.062558 209.914066 0.030101 0.999535 -0.004838 -57.281820 0.062676 0.002943 0.998030 4.639774
0.998037 -0.010199 -0.061791 210.886299 0.010229 0.999948 0.000169 -57.263336 0.061786 -0.000801 0.998089 4.654503
0.998185 0.008333 -0.059644 211.871328 -0.008098 0.999958 0.004195 -57.265525 0.059676 -0.003704 0.998211 4.669924
0.997777 0.033877 -0.057390 213.112569 -0.033425 0.999402 0.008820 -57.295106 0.057654 -0.006882 0.998313 4.689996
0.996677 0.057386 -0.057802 214.369075 -0.056678 0.998297 0.013815 -57.357826 0.058496 -0.010493 0.998232 4.711095
0.995719 0.074863 -0.054211 215.618438 -0.074056 0.997113 0.016760 -57.449703 0.055309 -0.012674 0.998389 4.732776
0.995013 0.086770 -0.049199 216.605623 -0.085946 0.996125 0.018641 -57.540528 0.050626 -0.014320 0.998615 4.750343
0.993910 0.097453 -0.051446 218.022095 -0.096538 0.995129 0.019988 -57.678126 0.053143 -0.014900 0.998476 4.775721
0.992590 0.110894 -0.049668 218.984056 -0.109589 0.993575 0.028273 -57.786933 0.052484 -0.022620 0.998366 4.793322
0.991004 0.126535 -0.043599 220.146810 -0.125595 0.991799 0.023667 -57.929189 0.046236 -0.017979 0.998769 4.814853
0.988415 0.145010 -0.044811 221.299219 -0.143837 0.989194 0.028393 -58.094967 0.048444 -0.021618 0.998592 4.836783
0.986494 0.158356 -0.041856 222.208871 -0.157271 0.987156 0.028086 -58.238500 0.045766 -0.021124 0.998729 4.854395
0.983216 0.177982 -0.040100 223.498518 -0.176996 0.983842 0.026964 -58.466443 0.044251 -0.019414 0.998832 4.879947
0.979970 0.195214 -0.039373 224.330231 -0.194203 0.980559 0.028082 -58.631968 0.044089 -0.019874 0.998830 4.896867
0.974488 0.221402 -0.036799 225.476204 -0.220437 0.974984 0.028543 -58.887959 0.042198 -0.019703 0.998915 4.920845
0.969935 0.240528 -0.037039 226.362101 -0.239545 0.970450 0.029073 -59.108070 0.042937 -0.019326 0.998891 4.939911
0.964237 0.263088 -0.032138 227.386486 -0.262100 0.964513 0.031908 -59.385446 0.039392 -0.022344 0.998974 4.962502
0.957446 0.287510 -0.025187 228.311666 -0.286451 0.957312 0.038726 -59.659090 0.035245 -0.029863 0.998932 4.983456
0.940944 0.337956 -0.020245 229.368505 -0.336793 0.940457 0.045940 -60.016507 0.034565 -0.036409 0.998739 5.008460
0.926447 0.376078 -0.016170 229.942882 -0.374939 0.925751 0.049058 -60.239728 0.033419 -0.039387 0.998665 5.022739
0.906358 0.422315 -0.012866 230.589415 -0.421215 0.905541 0.050721 -60.528332 0.033072 -0.040552 0.998630 5.039702
0.873622 0.486588 -0.003960 231.420638 -0.485677 0.872431 0.054610 -60.953625 0.030027 -0.045785 0.998500 5.062802
0.824352 0.566048 0.005734 232.420200 -0.565382 0.822797 0.057854 -61.564924 0.028030 -0.050934 0.998309 5.092960
0.786849 0.617145 0.000855 233.029099 -0.616006 0.785312 0.061825 -62.025481 0.037484 -0.049174 0.998087 5.113432
0.735094 0.677957 -0.003289 233.741794 -0.676220 0.733542 0.068137 -62.635951 0.048607 -0.047863 0.997671 5.139095
0.665112 0.746739 -0.002478 234.519387 -0.744760 0.663584 0.070640 -63.425540 0.054394 -0.045138 0.997499 5.170037
0.589234 0.807899 -0.010140 235.197403 -0.806126 0.588694 0.060003 -64.265526 0.054445 -0.027182 0.998147 5.200626
0.522700 0.852396 -0.014329 235.783041 -0.850539 0.522558 0.059299 -65.144361 0.058034 -0.018808 0.998137 5.230700
0.473648 0.880453 -0.021474 236.219803 -0.878660 0.474067 0.056723 -65.906528 0.060122 -0.007999 0.998159 5.255671
0.431143 0.901945 -0.024712 236.550114 -0.900340 0.431850 0.053794 -66.551131 0.059191 -0.000944 0.998246 5.276180
0.379594 0.924866 -0.023045 236.947347 -0.923512 0.380286 0.050074 -67.444790 0.055076 0.002275 0.998480 5.303667
0.345631 0.938080 -0.023340 237.247477 -0.937032 0.346359 0.044786 -68.207989 0.050097 0.006391 0.998724 5.326531
0.315723 0.948571 -0.023081 237.535991 -0.947465 0.316483 0.046352 -69.011701 0.051273 0.007234 0.998658 5.350179
0.282763 0.959053 -0.016200 237.874749 -0.957953 0.283216 0.045989 -70.070213 0.048694 0.002515 0.998811 5.380680
0.248150 0.968666 -0.010363 238.187262 -0.967544 0.248362 0.046645 -71.189720 0.047757 -0.001548 0.998858 5.412225
0.208070 0.978105 -0.004208 238.471168 -0.976967 0.208032 0.047521 -72.379684 0.047355 -0.005777 0.998861 5.445003
0.169102 0.985591 0.003944 238.663454 -0.984727 0.168783 0.042718 -73.358232 0.041437 -0.011107 0.999079 5.471314
0.105740 0.994383 0.004714 238.879061 -0.993638 0.105474 0.039475 -74.857650 0.038756 -0.008858 0.999209 5.510397
0.062798 0.998002 0.007016 238.971439 -0.997163 0.062450 0.042033 -75.882951 0.041511 -0.009636 0.999092 5.536264
0.015281 0.999875 0.004093 239.020908 -0.998779 0.015071 0.047041 -77.148619 0.046974 -0.004807 0.998885 5.567187
-0.034488 0.999396 0.004381 239.010783 -0.997921 -0.034675 0.054325 -78.702244 0.054444 -0.002499 0.998514 5.604039
-0.062894 0.998017 0.002409 238.961719 -0.996562 -0.062932 0.053878 -79.761019 0.053923 0.000988 0.998545 5.628496
-0.094552 0.995519 -0.001164 238.837153 -0.994398 -0.094390 0.047576 -81.341720 0.047253 0.005656 0.998867 5.664208
-0.108910 0.994049 -0.002171 238.699982 -0.992874 -0.108675 0.048906 -82.695940 0.048379 0.007482 0.998801 5.694329
-0.114009 0.993463 -0.005774 238.537426 -0.992046 -0.113530 0.054367 -84.117332 0.053356 0.011926 0.998504 5.725653
-0.111260 0.993750 -0.009076 238.351243 -0.991923 -0.110487 0.062307 -85.765838 0.060915 0.015935 0.998016 5.762019
-0.098183 0.994993 -0.018678 238.174333 -0.993736 -0.097017 0.055471 -87.466277 0.053382 0.024008 0.998286 5.799767
-0.084089 0.996231 -0.021298 238.070082 -0.995233 -0.082907 0.051364 -88.596463 0.049405 0.025516 0.998453 5.825064
-0.050425 0.997950 -0.039404 237.940581 -0.996795 -0.047835 0.064124 -90.325258 0.062107 0.042512 0.997164 5.864227
-0.007088 0.998860 -0.047206 237.893530 -0.998043 -0.004134 0.062387 -91.730333 0.062121 0.047555 0.996935 5.896965
0.038440 0.997732 -0.055262 237.905678 -0.997161 0.041884 0.062581 -92.878822 0.064753 0.052700 0.996509 5.924514
0.109471 0.992465 -0.055033 238.017530 -0.991454 0.112977 0.065229 -94.620551 0.070955 0.047422 0.996352 5.967751
0.159330 0.985560 -0.057321 238.163832 -0.984658 0.162832 0.062727 -95.766975 0.071155 0.046447 0.996383 5.997344
0.235531 0.970079 -0.058919 238.468232 -0.970153 0.238282 0.045007 -97.434515 0.057699 0.046560 0.997248 6.041818
0.285660 0.955816 -0.069381 238.753048 -0.956303 0.289015 0.044209 -98.535469 0.062308 0.053721 0.996610 6.072489
0.364142 0.928709 -0.070000 239.310935 -0.929320 0.367275 0.038386 -100.226157 0.061359 0.051075 0.996808 6.121470
0.426121 0.902109 -0.067967 239.884555 -0.902264 0.429260 0.040690 -101.605976 0.065882 0.043986 0.996857 6.163290
0.485003 0.872306 -0.062081 240.676264 -0.871860 0.487837 0.043307 -103.213563 0.068063 0.033122 0.997131 6.213939
0.518283 0.852874 -0.063161 241.265081 -0.852309 0.521192 0.043911 -104.271116 0.070370 0.031074 0.997037 6.248319
0.562904 0.823876 -0.066083 242.268216 -0.823264 0.565982 0.043596 -105.882865 0.073319 0.029864 0.996861 6.302366
0.594356 0.801539 -0.065390 243.369402 -0.800551 0.597438 0.046753 -107.481466 0.076541 0.024560 0.996764 6.357630
0.609197 0.790142 -0.067486 244.325707 -0.789259 0.612386 0.045309 -108.780797 0.077128 0.025662 0.996691 6.403504
0.615101 0.785353 -0.069802 245.127944 -0.784643 0.618416 0.043552 -109.836465 0.077371 0.027981 0.996610 6.441169
0.617617 0.782882 -0.075128 246.746566 -0.782243 0.621383 0.044493 -111.950658 0.081516 0.031289 0.996181 6.516788
0.616608 0.783849 -0.073322 248.015515 -0.783494 0.620094 0.040250 -113.596578 0.077017 0.032629 0.996496 6.575797
0.617457 0.783059 -0.074603 249.062783 -0.782934 0.620957 0.037774 -114.943478 0.075905 0.035085 0.996498 6.624223
0.616822 0.783597 -0.074212 249.913349 -0.783432 0.620305 0.038150 -116.044945 0.075928 0.034609 0.996512 6.663733
0.616631 0.783774 -0.073928 250.777931 -0.783684 0.620054 0.037047 -117.159725 0.074875 0.035092 0.996575 6.703779
0.615414 0.785021 -0.070765 251.855702 -0.785036 0.618507 0.034183 -118.546977 0.070603 0.034516 0.996907 6.753643
0.613974 0.786289 -0.069172 252.703478 -0.786443 0.616861 0.031457 -119.642454 0.067404 0.035086 0.997109 6.792967
0.611428 0.788738 -0.063620 253.767004 -0.788381 0.614100 0.036556 -121.022644 0.067902 0.027806 0.997304 6.842440
0.607338 0.792115 -0.060787 254.852488 -0.791296 0.609963 0.042384 -122.437045 0.070651 0.022359 0.997250 6.893070
0.603235 0.795530 -0.056917 255.710372 -0.794513 0.605631 0.044266 -123.575481 0.069685 0.018519 0.997397 6.933575
0.599544 0.798461 -0.054825 256.761447 -0.797521 0.601774 0.042758 -124.979175 0.067133 0.018089 0.997580 6.983414
0.592118 0.803822 -0.057156 258.019789 -0.802831 0.594548 0.044440 -126.692344 0.069704 0.019573 0.997376 7.043859
0.582969 0.810094 -0.062407 258.859391 -0.808768 0.585929 0.050807 -127.863820 0.077724 0.020854 0.996757 7.084866
0.576275 0.815100 -0.059327 259.680642 -0.813779 0.578999 0.050250 -129.025400 0.075309 0.019321 0.996973 7.125351
0.565993 0.822577 -0.054941 260.889613 -0.822315 0.568048 0.033462 -130.784635 0.058734 0.026240 0.997929 7.186123
0.558220 0.827388 -0.061801 261.695472 -0.826887 0.560908 0.040506 -131.990708 0.068179 0.028491 0.997266 7.227428
