0.999852 0.013680 0.010427 3.155318 -0.013660 0.999905 -0.001994 -0.030508 -0.010454 0.001851 0.999944 -0.044522
0.999620 0.020966 0.017881 4.779168 -0.020812 0.999745 -0.008771 -0.069498 -0.018060 0.008395 0.999802 -0.115173
0.999237 0.034684 0.017967 6.726134 -0.034571 0.999381 -0.006561 -0.135072 -0.018183 0.005935 0.999817 -0.186850
0.998474 0.050178 0.023067 8.280652 -0.050038 0.998726 -0.006580 -0.205399 -0.023368 0.005416 0.999712 -0.251202
0.997132 0.070155 0.028391 10.161819 -0.069957 0.997519 -0.007891 -0.325203 -0.028874 0.005882 0.999566 -0.330349
0.994714 0.098032 0.030558 12.597100 -0.097821 0.995169 -0.008311 -0.538724 -0.031225 0.005278 0.999498 -0.450590
0.991873 0.123828 0.029242 14.505251 -0.123677 0.992298 -0.006907 -0.753305 -0.029872 0.003234 0.999549 -0.549418
0.989200 0.143407 0.030281 16.042132 -0.143173 0.989649 -0.009763 -0.963765 -0.031368 0.005322 0.999494 -0.626398
0.985386 0.166127 0.037632 17.847290 -0.165838 0.986095 -0.010686 -1.250798 -0.038884 0.004289 0.999235 -0.719689
0.982040 0.184526 0.039333 19.335952 -0.184174 0.982815 -0.012413 -1.519783 -0.040947 0.004946 0.999149 -0.807117
0.977098 0.208790 0.041060 21.164191 -0.208423 0.977951 -0.013081 -1.889515 -0.042886 0.004223 0.999071 -0.913278
0.972574 0.228651 0.042636 22.635848 -0.228241 0.973499 -0.014322 -2.220336 -0.044780 0.004198 0.998988 -1.003225
0.966515 0.252750 0.044338 24.420677 -0.252308 0.967525 -0.015390 -2.668115 -0.046788 0.003688 0.998898 -1.116616
0.960923 0.272956 0.046066 25.880517 -0.272478 0.962021 -0.016495 -3.071334 -0.048818 0.003299 0.998802 -1.211566
0.952443 0.300817 0.048590 27.957489 -0.300311 0.953679 -0.017570 -3.700415 -0.051625 0.002142 0.998664 -1.346347
0.945122 0.322198 0.054160 29.657299 -0.321739 0.946672 -0.017233 -4.265380 -0.056824 -0.001138 0.998384 -1.473405
0.939469 0.338938 0.050189 31.013649 -0.338604 0.940805 -0.015257 -4.744364 -0.052389 -0.002660 0.998623 -1.582520
0.932892 0.356566 0.050732 32.652248 -0.356307 0.934258 -0.014369 -5.363972 -0.052520 -0.004671 0.998609 -1.707733
0.925710 0.374452 0.053351 34.297244 -0.374276 0.927217 -0.013621 -6.019797 -0.054568 -0.007359 0.998483 -1.832474
0.917828 0.393303 0.053901 35.641413 -0.393364 0.919329 -0.009903 -6.584316 -0.053448 -0.012113 0.998497 -1.945519
0.909955 0.411294 0.053095 36.963885 -0.411409 0.911404 -0.009253 -7.170579 -0.052196 -0.013424 0.998547 -2.055246
0.899548 0.433821 0.051110 38.591041 -0.434086 0.900849 -0.006375 -7.935606 -0.048809 -0.016451 0.998673 -2.187409
0.888453 0.456407 0.048411 40.467576 -0.456706 0.889602 -0.005329 -8.881004 -0.045499 -0.017375 0.998813 -2.317272
0.878303 0.475479 0.050048 42.038872 -0.475887 0.879497 -0.004186 -9.718025 -0.046008 -0.020140 0.998738 -2.431533
0.868445 0.493129 0.051253 43.529530 -0.493643 0.869660 -0.002979 -10.555697 -0.046042 -0.022714 0.998681 -2.539855
0.860270 0.507062 0.053130 44.717811 -0.507640 0.861564 -0.002994 -11.252752 -0.047293 -0.024395 0.998583 -2.628769
0.850544 0.523005 0.055138 46.130158 -0.523600 0.851954 -0.004202 -12.113151 -0.049173 -0.025296 0.998470 -2.738001
0.842958 0.534660 0.059670 47.241283 -0.535148 0.844712 -0.008817 -12.816519 -0.055118 -0.024500 0.998179 -2.841325
0.836128 0.545554 0.057102 48.352812 -0.545819 0.837814 -0.012229 -13.541332 -0.054512 -0.020942 0.998293 -2.959594
0.826415 0.559937 0.059228 49.625559 -0.560507 0.828110 -0.008075 -14.399537 -0.053569 -0.026525 0.998212 -3.063992
0.817442 0.572442 0.064025 50.582399 -0.572998 0.819481 -0.011127 -15.066095 -0.058837 -0.027590 0.997886 -3.157578
0.805642 0.588848 0.064803 51.727570 -0.589187 0.807843 -0.015772 -15.892900 -0.061638 -0.025474 0.997773 -3.259106
0.794839 0.603306 0.065217 52.836950 -0.603619 0.797091 -0.017023 -16.732819 -0.062254 -0.025835 0.997726 -3.371958
0.786395 0.613749 0.069966 53.632187 -0.613865 0.789094 -0.022362 -17.354457 -0.068935 -0.025364 0.997299 -3.461846
0.774577 0.628031 0.074886 54.803563 -0.627665 0.777855 -0.031278 -18.303962 -0.077894 -0.022776 0.996701 -3.598397
0.766674 0.637946 0.072360 55.785002 -0.637227 0.769852 -0.035641 -19.116481 -0.078444 -0.018785 0.996742 -3.739845
0.760773 0.645432 0.068137 56.507614 -0.644473 0.763673 -0.038186 -19.716505 -0.076681 -0.014862 0.996945 -3.837053
0.752952 0.654460 0.068887 57.172403 -0.653247 0.755979 -0.042006 -20.286482 -0.079569 -0.013371 0.996740 -3.924744
0.743858 0.664637 0.070235 57.927894 -0.663089 0.747074 -0.046834 -20.949845 -0.083599 -0.011735 0.996430 -4.016384
0.734798 0.674793 0.068746 58.651193 -0.673235 0.737917 -0.047261 -21.604933 -0.082620 -0.011555 0.996514 -4.117964
0.728147 0.682114 0.067248 59.189996 -0.680316 0.731189 -0.050326 -22.091745 -0.083499 -0.009105 0.996466 -4.181922
0.720353 0.690369 0.066947 59.807724 -0.688369 0.723415 -0.053095 -22.668773 -0.085086 -0.007837 0.996343 -4.259879
0.711965 0.699040 0.066694 60.484489 -0.696904 0.715045 -0.055087 -23.317096 -0.086197 -0.007259 0.996252 -4.347441
0.706286 0.704980 0.064529 60.896260 -0.702530 0.709217 -0.058845 -23.709907 -0.087250 -0.003772 0.996179 -4.396411
0.699048 0.712291 0.063036 61.403171 -0.709669 0.701881 -0.061100 -24.203545 -0.087765 -0.002022 0.996139 -4.458144
0.692240 0.718630 0.066140 61.915213 -0.715712 0.695388 -0.064740 -24.712730 -0.092517 -0.002522 0.995708 -4.522046
0.683534 0.727286 0.061936 62.494464 -0.724006 0.686331 -0.069028 -25.309361 -0.092712 0.002341 0.995690 -4.608432
0.679135 0.731908 0.055564 62.890203 -0.728658 0.681373 -0.069202 -25.710074 -0.088509 0.006511 0.996054 -4.670433
0.666613 0.743435 0.054139 63.490635 -0.740811 0.668806 -0.062432 -26.349053 -0.082623 0.001511 0.996580 -4.746165
0.654234 0.754270 0.055260 63.987023 -0.751343 0.656561 -0.066412 -26.885503 -0.086374 0.001930 0.996261 -4.804258
0.644119 0.762959 0.054812 64.385400 -0.759690 0.646436 -0.070654 -27.332098 -0.089338 0.003870 0.995994 -4.847605
0.634489 0.771074 0.053553 64.794862 -0.767519 0.636717 -0.074208 -27.801371 -0.091318 0.005981 0.995804 -4.899278
0.623879 0.779738 0.052768 65.225209 -0.775805 0.626054 -0.078634 -28.307931 -0.094350 0.008120 0.995506 -4.953674
0.611744 0.789241 0.053550 65.769664 -0.785313 0.614052 -0.078888 -28.983898 -0.095144 0.006205 0.995444 -5.038725
0.599590 0.798605 0.052174 66.330862 -0.794873 0.601836 -0.077269 -29.699385 -0.093108 0.004858 0.995644 -5.139263
0.584938 0.809706 0.047148 66.981660 -0.805564 0.586746 -0.082433 -30.591846 -0.094410 0.010238 0.995481 -5.274439
0.574126 0.816933 0.054766 67.506837 -0.812763 0.576725 -0.082485 -31.330238 -0.098970 0.002845 0.995086 -5.378698
0.565994 0.822522 0.055759 67.918194 -0.818152 0.568729 -0.084703 -31.916220 -0.101382 0.002322 0.994845 -5.463853
0.558493 0.827608 0.056132 68.339240 -0.822971 0.561300 -0.087526 -32.525355 -0.103944 0.002687 0.994580 -5.553000
0.549873 0.833063 0.060373 68.827754 -0.828057 0.553178 -0.091196 -33.239541 -0.109369 0.000153 0.994001 -5.644936
0.545796 0.835791 0.059668 69.295119 -0.830627 0.549047 -0.092773 -33.939997 -0.110299 0.001073 0.993898 -5.756189
0.544048 0.837018 0.058424 69.681460 -0.831946 0.547174 -0.092010 -34.506270 -0.108982 0.001452 0.994043 -5.835798
0.543722 0.837173 0.059219 70.134308 -0.831798 0.546933 -0.094743 -35.178887 -0.111705 0.002255 0.993739 -5.919079
0.544358 0.836624 0.061109 70.560580 -0.830853 0.547771 -0.098137 -35.805944 -0.115577 0.002649 0.993295 -5.993448
0.544861 0.836395 0.059740 70.986317 -0.830196 0.548095 -0.101813 -36.428876 -0.117899 0.005878 0.993008 -6.069526
0.547799 0.834673 0.056902 71.401617 -0.828411 0.550673 -0.102447 -37.040688 -0.116844 0.008982 0.993110 -6.149138
0.553235 0.830953 0.058724 71.804389 -0.824573 0.556276 -0.103132 -37.620338 -0.118365 0.008634 0.992933 -6.217389
0.563322 0.824240 0.057417 72.238847 -0.817460 0.566093 -0.106290 -38.242080 -0.120111 0.012939 0.992676 -6.297600
0.572584 0.817580 0.060921 72.570373 -0.809882 0.575611 -0.112976 -38.692701 -0.127434 0.015350 0.991728 -6.346857
0.592870 0.803147 0.058814 73.043792 -0.795034 0.595374 -0.115978 -39.322653 -0.128164 0.022001 0.991509 -6.446001
0.607488 0.792040 0.060258 73.376409 -0.784008 0.610056 -0.114730 -39.748903 -0.127631 0.022454 0.991567 -6.514778
0.618809 0.782953 0.063715 73.667674 -0.774522 0.621656 -0.116873 -40.105265 -0.131114 0.022973 0.991101 -6.572192
0.627758 0.775441 0.067909 73.885002 -0.766325 0.630969 -0.120932 -40.365355 -0.136624 0.023876 0.990335 -6.641928
0.640017 0.765044 0.071320 74.140334 -0.754525 0.643314 -0.129765 -40.660644 -0.145157 0.029239 0.988977 -6.733628
0.647133 0.758738 0.074401 74.297611 -0.747193 0.650597 -0.135741 -40.835148 -0.151397 0.032251 0.987947 -6.804124
0.654175 0.752579 0.075358 74.454587 -0.739959 0.657446 -0.142219 -41.006755 -0.156575 0.037274 0.986962 -6.879369
0.660202 0.747100 0.077297 74.550460 -0.734201 0.663632 -0.143324 -41.116974 -0.158374 0.037871 0.986653 -6.930174
0.662661 0.744684 0.079541 74.618180 -0.731241 0.666299 -0.146053 -41.184735 -0.161762 0.038620 0.986074 -6.956271
0.663199 0.744061 0.080873 74.668638 -0.730041 0.666919 -0.149199 -41.228066 -0.164949 0.039908 0.985494 -6.971611
0.662153 0.744791 0.082710 74.685810 -0.729983 0.666025 -0.153411 -41.232383 -0.169347 0.041205 0.984695 -6.973149
0.661191 0.745485 0.084140 74.685950 -0.729958 0.665164 -0.157217 -41.219172 -0.173170 0.042532 0.983973 -6.969749
0.659868 0.746368 0.086653 74.689261 -0.730397 0.664224 -0.159144 -41.213342 -0.176337 0.041723 0.983445 -6.975535
0.658308 0.747590 0.087979 74.688037 -0.731225 0.662851 -0.161058 -41.209151 -0.178722 0.041693 0.983016 -6.972459
0.655776 0.749694 0.088976 74.688987 -0.732627 0.660397 -0.164722 -41.200671 -0.182250 0.042835 0.982319 -6.967802
0.651536 0.753171 0.090746 74.689772 -0.735314 0.656408 -0.168644 -41.190780 -0.186584 0.043151 0.981491 -6.962177
0.645154 0.758339 0.093266 74.690882 -0.739642 0.650481 -0.172641 -41.178534 -0.191588 0.042397 0.980559 -6.955633
0.636474 0.765233 0.096538 74.692473 -0.745389 0.642425 -0.178006 -41.161756 -0.198234 0.041338 0.979283 -6.946904
0.626970 0.772602 0.099972 74.694980 -0.751653 0.633654 -0.183030 -41.146317 -0.204757 0.039610 0.978011 -6.938360
0.617378 0.779865 0.103222 74.697580 -0.757702 0.624783 -0.188502 -41.129599 -0.211497 0.038165 0.976633 -6.929289
0.611245 0.784454 0.104933 74.699885 -0.761410 0.619036 -0.192483 -41.118418 -0.215951 0.037757 0.975674 -6.923222
0.608341 0.786652 0.105353 74.701940 -0.763031 0.616206 -0.195126 -41.111750 -0.218415 0.038315 0.975103 -6.919793
0.609712 0.785567 0.105527 74.698865 -0.761005 0.617407 -0.199198 -41.099069 -0.221637 0.041147 0.974261 -6.914218
0.612971 0.782930 0.106246 74.697497 -0.757496 0.620568 -0.202719 -41.089461 -0.224648 0.043780 0.973456 -6.910257
0.618915 0.778161 0.106815 74.724138 -0.752106 0.626337 -0.205032 -41.111093 -0.226450 0.046561 0.972909 -6.916750
0.618000 0.778961 0.106283 74.726564 -0.752280 0.625193 -0.207866 -41.106317 -0.228367 0.048507 0.972366 -6.914200
0.611984 0.783402 0.108426 74.728242 -0.755904 0.619718 -0.211090 -41.097087 -0.232562 0.047224 0.971434 -6.908568
0.607248 0.786747 0.110811 74.745200 -0.757699 0.615413 -0.217161 -41.099150 -0.239045 0.047909 0.969826 -6.923084
0.602709 0.790048 0.112095 74.756161 -0.759877 0.611133 -0.221592 -41.093547 -0.243574 0.048377 0.968675 -6.924615
0.599883 0.792019 0.113344 74.763408 -0.761052 0.608569 -0.224597 -41.087585 -0.246863 0.048472 0.967837 -6.920159
0.596318 0.794740 0.113103 74.767416 -0.763054 0.604934 -0.227602 -41.079987 -0.249304 0.049419 0.967163 -6.916643
0.593908 0.796426 0.113927 74.770876 -0.763713 0.602626 -0.231482 -41.071166 -0.253014 0.050472 0.966145 -6.911975
0.592815 0.796950 0.115935 74.794598 -0.763240 0.601909 -0.234886 -41.083367 -0.256974 0.050758 0.965084 -6.922430
0.593141 0.796423 0.117873 74.838906 -0.761764 0.602554 -0.238001 -41.122553 -0.260575 0.051377 0.964086 -6.947618
0.590014 0.798603 0.118813 74.840117 -0.763522 0.599728 -0.239500 -41.118166 -0.262521 0.050592 0.963599 -6.944910
0.591100 0.797571 0.120335 74.882612 -0.762099 0.601108 -0.240570 -41.156019 -0.264206 0.050494 0.963144 -6.968161
0.591413 0.797098 0.121924 74.920578 -0.761103 0.601742 -0.242133 -41.191968 -0.266370 0.050404 0.962552 -6.991059
0.591908 0.796385 0.124160 74.961069 -0.759897 0.602741 -0.243432 -41.234973 -0.268702 0.049740 0.961938 -7.028141
0.592716 0.795288 0.127299 75.006740 -0.758256 0.604287 -0.244712 -41.285728 -0.271542 0.048519 0.961203 -7.084527
0.594966 0.792998 0.131031 75.089821 -0.755172 0.607345 -0.246671 -41.379814 -0.275191 0.047810 0.960200 -7.160006
0.595586 0.792195 0.133057 75.145680 -0.753800 0.608413 -0.248232 -41.434455 -0.277602 0.047545 0.959519 -7.175881
0.596958 0.791190 0.132889 75.199806 -0.751874 0.609512 -0.251355 -41.486729 -0.279867 0.050133 0.958729 -7.201125
0.597779 0.790942 0.130655 75.238061 -0.750822 0.609499 -0.254514 -41.515685 -0.280940 0.054045 0.958202 -7.220180
0.596997 0.791801 0.129016 75.245637 -0.751204 0.608185 -0.256520 -41.513108 -0.281579 0.056225 0.957889 -7.221700
0.595891 0.792682 0.128719 75.249177 -0.751576 0.606944 -0.258366 -41.508640 -0.282927 0.057216 0.957433 -7.219588
0.594344 0.793656 0.129866 75.249812 -0.752266 0.605753 -0.259151 -41.505645 -0.284344 0.056331 0.957066 -7.218033
0.593803 0.793993 0.130282 75.250007 -0.751888 0.605219 -0.261483 -41.501307 -0.286465 0.057312 0.956375 -7.214832
0.593768 0.794005 0.130371 75.250527 -0.751489 0.605130 -0.262835 -41.498649 -0.287584 0.058091 0.955992 -7.213316
0.594199 0.793502 0.131462 75.255428 -0.750106 0.605688 -0.265487 -41.496066 -0.290289 0.059142 0.955110 -7.212211
0.593868 0.793594 0.132396 75.262138 -0.749163 0.605444 -0.268687 -41.492276 -0.293387 0.060378 0.954085 -7.204819
0.593326 0.793972 0.132562 75.265184 -0.748797 0.604828 -0.271084 -41.487777 -0.295411 0.061579 0.953384 -7.201001
0.592256 0.794528 0.134009 75.269452 -0.748510 0.604086 -0.273519 -41.486062 -0.298271 0.061686 0.952486 -7.197415
0.590934 0.795456 0.134340 75.276883 -0.748187 0.602680 -0.277476 -41.487004 -0.301684 0.063458 0.951294 -7.201215
0.589195 0.796596 0.135219 75.290486 -0.747739 0.600982 -0.282324 -41.497358 -0.306162 0.065235 0.949742 -7.210015
0.588237 0.796927 0.137420 75.329390 -0.745435 0.600223 -0.289929 -41.542979 -0.313535 0.068109 0.947131 -7.225030
0.591222 0.794404 0.139206 75.401730 -0.741281 0.603250 -0.294263 -41.638330 -0.317740 0.070784 0.945532 -7.280164
0.598142 0.789037 0.140166 75.487321 -0.736012 0.610070 -0.293429 -41.755856 -0.317037 0.072348 0.945650 -7.341855
0.619084 0.773004 0.138560 75.746382 -0.718231 0.628668 -0.298194 -42.077456 -0.317613 0.085089 0.944395 -7.488437
0.637794 0.757503 0.139316 75.939645 -0.701959 0.646131 -0.299615 -42.306207 -0.316975 0.093298 0.943834 -7.625005
0.672677 0.726604 0.139832 76.321478 -0.671270 0.678760 -0.297795 -42.725275 -0.311291 0.106455 0.944333 -7.856944
0.700258 0.700688 0.136656 76.660488 -0.644706 0.702909 -0.300456 -43.049325 -0.306582 0.122294 0.943955 -8.035467
0.736372 0.662666 0.136490 77.137780 -0.605573 0.735508 -0.303823 -43.476100 -0.301723 0.141072 0.942901 -8.260218
0.764127 0.631004 0.133952 77.575564 -0.572792 0.759229 -0.308999 -43.827559 -0.296680 0.159388 0.941582 -8.441643
0.797268 0.589265 0.130885 78.221202 -0.531382 0.788013 -0.310916 -44.293258 -0.286351 0.178334 0.941382 -8.701031
0.825868 0.548167 0.132116 78.988035 -0.492681 0.815479 -0.303742 -44.787293 -0.274239 0.185760 0.943550 -8.976675
0.848802 0.512017 0.131811 79.988540 -0.457558 0.836290 -0.302092 -45.354752 -0.264909 0.196105 0.944122 -9.369625
0.857014 0.496694 0.137191 80.648623 -0.441436 0.845024 -0.301775 -45.720156 -0.265820 0.198065 0.943456 -9.584391
0.870947 0.472589 0.134574 82.238552 -0.421549 0.859336 -0.289548 -46.519337 -0.252482 0.195451 0.947656 -10.096649
0.875815 0.460457 0.144662 83.576898 -0.409123 0.867282 -0.283620 -47.175334 -0.256058 0.189214 0.947962 -10.489574
0.876176 0.458479 0.148705 84.470201 -0.408875 0.870370 -0.274368 -47.598287 -0.255220 0.179593 0.950057 -10.796506
0.879109 0.455293 0.140982 85.876471 -0.411190 0.874065 -0.258715 -48.256645 -0.241019 0.169468 0.955610 -11.222312
0.879570 0.453264 0.144598 87.092626 -0.408411 0.875222 -0.259205 -48.835073 -0.244044 0.168934 0.954937 -11.562773
0.880984 0.450851 0.143526 88.092270 -0.406082 0.876167 -0.259669 -49.314144 -0.242825 0.170481 0.954972 -11.841314
0.888157 0.439250 0.135045 89.357281 -0.396583 0.881099 -0.257654 -49.911446 -0.232163 0.175280 0.956753 -12.191743
0.901201 0.416268 0.120652 90.898894 -0.376299 0.889650 -0.258692 -50.604695 -0.215023 0.187732 0.958395 -12.596800
0.917384 0.383203 0.107527 92.204331 -0.344422 0.899747 -0.268007 -51.167522 -0.199448 0.208831 0.957398 -12.911251
0.930924 0.350547 0.102455 93.289640 -0.310762 0.907691 -0.282001 -51.583925 -0.191852 0.230682 0.953928 -13.144962
0.944989 0.307831 0.110620 94.415461 -0.264789 0.918448 -0.293835 -51.952732 -0.192050 0.248380 0.949434 -13.380306
0.960564 0.253283 0.114737 95.808675 -0.209248 0.930188 -0.301604 -52.367646 -0.183118 0.265701 0.946504 -13.687269
0.971092 0.205969 0.120656 96.981683 -0.161019 0.938352 -0.305889 -52.726704 -0.176221 0.277618 0.944391 -13.970907
0.978448 0.162415 0.127515 98.487029 -0.116494 0.944049 -0.308547 -52.862320 -0.170493 0.287042 0.942623 -14.206723
0.985310 0.112833 0.128188 100.047130 -0.067857 0.947513 -0.312432 -53.062802 -0.156712 0.299144 0.941251 -14.492464
0.988261 0.078416 0.131111 101.289389 -0.033534 0.948631 -0.314604 -53.183579 -0.149046 0.306514 0.940125 -14.716177
0.989841 0.048877 0.133511 102.910793 -0.003664 0.947508 -0.319711 -53.244630 -0.142130 0.315974 0.938062 -14.954308
0.990606 0.033742 0.132518 104.209113 0.010926 0.946452 -0.322660 -53.217136 -0.136309 0.321077 0.937192 -15.132938
0.991944 0.012864 0.126021 106.262554 0.028518 0.946616 -0.321099 -53.167022 -0.123425 0.322106 0.938624 -15.423671
0.992606 0.002990 0.121348 107.976882 0.036148 0.947060 -0.319016 -53.080465 -0.115877 0.321044 0.939949 -15.642807
0.991146 0.010009 0.132399 109.278839 0.032734 0.947955 -0.316716 -52.991755 -0.128678 0.318246 0.939235 -15.789480
0.991644 0.014818 0.128150 110.972110 0.026413 0.949015 -0.314123 -52.899648 -0.126271 0.314883 0.940694 -16.008144
0.992409 0.015041 0.122055 112.706383 0.023918 0.949934 -0.311534 -52.853871 -0.120630 0.312088 0.942364 -16.247413
0.992801 0.018120 0.118399 114.102958 0.019919 0.949748 -0.312382 -52.801728 -0.118109 0.312491 0.942549 -16.429817
0.992777 0.025123 0.117319 115.879056 0.013033 0.949464 -0.313606 -52.749235 -0.119268 0.312870 0.942278 -16.648897
0.992389 0.061565 0.106652 120.110733 -0.024814 0.948267 -0.316502 -52.742176 -0.120620 0.311447 0.942577 -17.168883
0.991935 0.076323 0.101191 121.547852 -0.040267 0.946772 -0.319376 -52.752550 -0.120181 0.312726 0.942210 -17.344721
0.989973 0.092768 0.106522 123.311980 -0.054413 0.946366 -0.318480 -52.793321 -0.130354 0.309491 0.941925 -17.566005
0.988975 0.102469 0.106906 124.725769 -0.063428 0.945472 -0.319467 -52.860083 -0.133812 0.309164 0.941548 -17.755865
0.988026 0.118512 0.098792 126.543450 -0.081396 0.944328 -0.318777 -52.995870 -0.131071 0.306918 0.942667 -18.022781
0.985853 0.129902 0.105919 127.956325 -0.089581 0.942466 -0.322077 -53.139804 -0.141664 0.308033 0.940769 -18.229924
0.982885 0.152285 0.103664 130.425419 -0.111848 0.940436 -0.321045 -53.381196 -0.146380 0.303956 0.941373 -18.601994
0.980488 0.164920 0.106981 131.815628 -0.122928 0.939065 -0.321006 -53.504693 -0.153403 0.301592 0.941015 -18.813848
0.979190 0.176273 0.100572 133.569917 -0.135973 0.937717 -0.319683 -53.702650 -0.150660 0.299356 0.942172 -19.092234
0.977870 0.182264 0.102712 134.965079 -0.140722 0.936310 -0.321747 -53.880167 -0.154814 0.300173 0.941238 -19.313221
0.974156 0.199923 0.105123 137.019874 -0.157321 0.934489 -0.319345 -54.158233 -0.162081 0.294554 0.941790 -19.648466
0.970344 0.219094 0.102131 138.637627 -0.176369 0.930615 -0.320703 -54.428307 -0.165309 0.293180 0.941657 -19.925921
0.966334 0.236954 0.100251 140.537971 -0.194978 0.928658 -0.315559 -54.764254 -0.167872 0.285389 0.943595 -20.258499
0.961457 0.256165 0.099900 142.590827 -0.213828 0.925021 -0.314028 -55.182891 -0.172853 0.280563 0.944143 -20.626434
0.955182 0.275726 0.107714 143.982732 -0.230806 0.921543 -0.312230 -55.456702 -0.185353 0.273376 0.943880 -20.869290
0.954151 0.279743 0.106493 143.998695 -0.234561 0.919796 -0.314575 -55.453059 -0.185951 0.275173 0.943240 -20.869644
0.951089 0.292111 0.100498 145.282936 -0.248084 0.916104 -0.314973 -55.750692 -0.184074 0.274636 0.943765 -21.134393
0.947649 0.303214 0.100111 146.485353 -0.258398 0.912392 -0.317445 -56.069034 -0.187595 0.274958 0.942977 -21.373812
0.944849 0.311931 0.099801 147.599069 -0.266367 0.909209 -0.319981 -56.384440 -0.190552 0.275750 0.942153 -21.600218
0.941919 0.320739 0.099571 148.424308 -0.274766 0.906462 -0.320673 -56.603477 -0.193109 0.274689 0.941942 -21.764019
0.939190 0.328592 0.099746 149.414259 -0.282389 0.904307 -0.320133 -56.908299 -0.195394 0.272498 0.942107 -21.973474
0.936794 0.336612 0.095446 150.378417 -0.291460 0.901694 -0.319371 -57.190195 -0.193567 0.271366 0.942811 -22.179948
0.935130 0.342802 0.089545 151.320520 -0.299287 0.899543 -0.318196 -57.479677 -0.189628 0.270755 0.943787 -22.384981
0.936171 0.340378 0.087908 151.351445 -0.296397 0.898693 -0.323264 -57.483241 -0.189034 0.276574 0.942217 -22.391783
0.934186 0.346580 0.084726 151.386551 -0.303381 0.896604 -0.322586 -57.484824 -0.187767 0.275652 0.942740 -22.400290
0.932461 0.352500 0.079118 152.538378 -0.311314 0.895133 -0.319092 -57.853606 -0.183301 0.272910 0.944416 -22.636257
0.928732 0.363211 0.074400 153.672987 -0.321817 0.889393 -0.324674 -58.245145 -0.184096 0.277592 0.942895 -22.872868
0.920149 0.384563 0.073734 153.714265 -0.343376 0.882971 -0.320085 -58.245829 -0.188198 0.269208 0.944515 -22.880895
0.915179 0.395311 0.078593 154.681040 -0.353217 0.880553 -0.316012 -58.562045 -0.194128 0.261448 0.945494 -23.081565
0.912149 0.403559 0.071585 155.397985 -0.363370 0.877051 -0.314237 -58.859677 -0.189596 0.260619 0.946642 -23.253456
0.907041 0.414782 0.072340 156.465344 -0.374712 0.873580 -0.310562 -59.278947 -0.192010 0.254586 0.947797 -23.488037
0.903967 0.422029 0.068814 157.520957 -0.383864 0.871827 -0.304248 -59.711405 -0.188396 0.248615 0.950104 -23.725306
0.896689 0.436568 0.073194 157.538173 -0.396850 0.866078 -0.304004 -59.707640 -0.196111 0.243550 0.949855 -23.723502
0.893569 0.442387 0.076343 158.389116 -0.402512 0.864818 -0.300124 -60.046270 -0.198794 0.237453 0.950840 -23.922675
0.908526 0.410913 0.075705 158.396112 -0.374133 0.880717 -0.290453 -60.097731 -0.186025 0.235560 0.953890 -23.945318
0.906689 0.417323 0.061292 159.249629 -0.384862 0.877973 -0.284686 -60.462648 -0.172619 0.234532 0.956660 -24.140465
0.900118 0.430688 0.065534 160.278862 -0.396918 0.872773 -0.284119 -60.884296 -0.179563 0.229729 0.956547 -24.360040
0.903261 0.420625 0.084824 160.249088 -0.381982 0.878278 -0.287605 -60.893615 -0.195473 0.227381 0.953985 -24.342101
0.900391 0.425676 0.089976 161.146561 -0.385485 0.876396 -0.288670 -61.228588 -0.201735 0.225231 0.953191 -24.587776
0.899028 0.426917 0.097417 161.917384 -0.383655 0.875180 -0.294736 -61.549379 -0.211086 0.227601 0.950600 -24.779304
0.897125 0.429725 0.102484 162.626440 -0.384260 0.873495 -0.298916 -61.790246 -0.217971 0.228784 0.948760 -24.913030
0.898205 0.428949 0.096077 163.719652 -0.384903 0.873038 -0.299424 -62.233181 -0.212317 0.231963 0.949271 -25.178542
0.902308 0.423024 0.083007 164.701020 -0.383787 0.875960 -0.292236 -62.578212 -0.196334 0.231830 0.952737 -25.398677
0.898697 0.430942 0.081438 164.733691 -0.391615 0.872118 -0.293338 -62.581274 -0.197435 0.231730 0.952534 -25.405588
0.903646 0.422757 0.068561 166.022580 -0.388501 0.876517 -0.284227 -63.149296 -0.180254 0.230205 0.956302 -25.770618
0.906555 0.417507 0.062015 167.182312 -0.386592 0.880283 -0.275043 -63.661277 -0.169423 0.225367 0.959430 -26.032131
0.905879 0.417758 0.069716 168.353897 -0.385084 0.880932 -0.275081 -64.142556 -0.176332 0.222343 0.958890 -26.251149
0.905647 0.418792 0.066455 169.308655 -0.386361 0.879569 -0.277638 -64.503515 -0.174724 0.225767 0.958385 -26.462424
0.904943 0.421576 0.057896 170.267370 -0.391236 0.877783 -0.276461 -64.894947 -0.167370 0.227530 0.959280 -26.687999
0.901538 0.429800 0.050022 171.670488 -0.401899 0.874584 -0.271256 -65.508924 -0.160334 0.224444 0.961207 -26.995501
0.896631 0.440953 0.040162 172.853639 -0.415261 0.868920 -0.269327 -66.045028 -0.153658 0.224809 0.962211 -27.256489
0.891786 0.450925 0.037205 174.026071 -0.425887 0.864338 -0.267471 -66.610324 -0.152767 0.222682 0.962847 -27.475062
0.885291 0.463435 0.038577 174.936464 -0.437656 0.858338 -0.267794 -67.054965 -0.157217 0.220192 0.962704 -27.636292
0.877314 0.478228 0.040225 176.280716 -0.451714 0.851162 -0.267354 -67.740450 -0.162094 0.216383 0.962758 -27.883251
0.871021 0.489158 0.045251 177.373022 -0.461077 0.845836 -0.268271 -68.291726 -0.169501 0.212805 0.962280 -28.101167
0.863730 0.501249 0.052155 178.187084 -0.470977 0.839696 -0.270355 -68.745486 -0.179310 0.208950 0.961347 -28.257158
0.860933 0.505970 0.052805 178.966231 -0.475454 0.837209 -0.270231 -69.200046 -0.180937 0.207544 0.961346 -28.432284
0.857337 0.512041 0.052792 179.901299 -0.481996 0.834544 -0.266862 -69.732803 -0.180701 0.203345 0.962288 -28.646043
0.856643 0.513545 0.049337 180.776448 -0.483924 0.832999 -0.268199 -70.218147 -0.178830 0.205875 0.962099 -28.862601
0.855930 0.514910 0.047455 181.582871 -0.485768 0.832142 -0.267525 -70.661338 -0.177241 0.205930 0.962382 -29.060477
0.855986 0.514681 0.048897 182.178570 -0.485335 0.832549 -0.267044 -71.003091 -0.178151 0.204855 0.962443 -29.169112
0.855580 0.515072 0.051806 182.865378 -0.485717 0.833354 -0.263819 -71.392079 -0.179059 0.200555 0.963180 -29.333957
0.855523 0.514942 0.053989 183.599305 -0.485544 0.834121 -0.261705 -71.830797 -0.179797 0.197681 0.963637 -29.509527
0.858825 0.509980 0.048367 184.106153 -0.482322 0.836817 -0.259044 -72.087764 -0.172582 0.199145 0.964654 -29.607934
0.863240 0.502417 0.048922 184.819667 -0.475213 0.841518 -0.256942 -72.494892 -0.170261 0.198554 0.965188 -29.785212
0.862321 0.505115 0.035515 184.855780 -0.486139 0.845467 -0.221029 -72.557436 -0.141672 0.173333 0.974620 -29.830967
0.870253 0.491397 0.034472 185.528213 -0.472541 0.852528 -0.223384 -72.952176 -0.139159 0.178112 0.974121 -29.947590
0.857444 0.513688 0.030244 185.557548 -0.498487 0.843778 -0.198871 -72.978463 -0.127677 0.155445 0.979559 -29.969910
0.870735 0.490630 0.033208 186.155084 -0.475049 0.856689 -0.201031 -73.335200 -0.127081 0.159270 0.979022 -30.057991
0.859795 0.509672 0.031416 186.172526 -0.494313 0.846161 -0.199165 -73.324118 -0.128091 0.155711 0.979462 -30.058659
0.844861 0.533573 0.038850 186.176489 -0.515381 0.831230 -0.208422 -73.290803 -0.143501 0.156065 0.977267 -30.041135
0.834307 0.549765 0.041116 186.188034 -0.529394 0.819739 -0.218562 -73.264453 -0.153862 0.160582 0.974956 -30.028937
0.837051 0.545827 0.037665 186.204322 -0.525038 0.820718 -0.225294 -73.265103 -0.153884 0.168808 0.973562 -30.028657
0.821218 0.569630 0.033519 186.245334 -0.549003 0.804763 -0.225727 -73.254744 -0.155556 0.166969 0.973614 -30.031992
0.846860 0.531218 0.025192 187.161289 -0.513749 0.829416 -0.219387 -73.826838 -0.137437 0.172848 0.975313 -30.237644
0.862618 0.505586 0.016496 187.186812 -0.490182 0.843502 -0.219605 -73.860712 -0.124943 0.181349 0.975449 -30.254473
0.873119 0.487131 0.019172 188.447330 -0.470651 0.852529 -0.227337 -74.588467 -0.127088 0.189469 0.973627 -30.442050
0.876588 0.480706 0.022680 189.326647 -0.463271 0.855676 -0.230646 -75.052078 -0.130279 0.191675 0.972773 -30.574780
0.877652 0.478807 0.021708 190.393475 -0.461563 0.856516 -0.230954 -75.594499 -0.129176 0.192677 0.972722 -30.748668
0.876314 0.481186 0.023105 191.243386 -0.463341 0.855005 -0.232985 -76.083415 -0.131864 0.193462 0.972206 -30.902005
0.868969 0.494246 0.024754 192.313230 -0.475955 0.848413 -0.231653 -76.644550 -0.135495 0.189517 0.972484 -31.075228
0.881751 0.471020 0.025578 192.330863 -0.452791 0.860339 -0.234088 -76.677169 -0.132266 0.194826 0.971879 -31.083541
0.886752 0.461563 0.025110 192.338992 -0.443682 0.865125 -0.233891 -76.690348 -0.129679 0.196263 0.971939 -31.088130
0.887079 0.460725 0.028709 192.353721 -0.442613 0.866571 -0.230541 -76.706032 -0.131094 0.191801 0.972639 -31.091511
0.877013 0.479272 0.033861 193.196055 -0.459866 0.857739 -0.229799 -77.105894 -0.139180 0.185966 0.972649 -31.223635
0.865375 0.499827 0.036042 194.276366 -0.479873 0.847252 -0.227784 -77.670471 -0.144389 0.179823 0.973044 -31.397707
0.858228 0.512053 0.035319 194.299499 -0.492666 0.841125 -0.223134 -77.676949 -0.143964 0.174100 0.974148 -31.403612
0.848983 0.527142 0.036724 195.315215 -0.507384 0.832629 -0.222014 -78.251258 -0.147610 0.169853 0.974352 -31.583435
0.839588 0.541782 0.039555 195.316259 -0.521330 0.824074 -0.221624 -78.238838 -0.152669 0.165452 0.974330 -31.578212
0.833784 0.550655 0.039789 196.503790 -0.530036 0.818561 -0.221406 -78.962778 -0.154488 0.163515 0.974370 -31.797245
0.826618 0.561353 0.039821 197.289728 -0.541245 0.812397 -0.216946 -79.441590 -0.154133 0.157778 0.975371 -31.945579
0.817461 0.574316 0.043794 198.246743 -0.552507 0.803359 -0.222149 -80.063086 -0.162766 0.157402 0.974029 -32.134781
0.807423 0.588287 0.044576 199.221485 -0.566420 0.794109 -0.220362 -80.676884 -0.165034 0.152677 0.974399 -32.328581
0.798911 0.599420 0.049354 199.925253 -0.576955 0.786970 -0.218635 -81.174500 -0.169894 0.146195 0.974558 -32.486912
0.784831 0.617493 0.052375 200.938195 -0.593709 0.773435 -0.222055 -81.891678 -0.177626 0.143180 0.973626 -32.695141
0.777254 0.627048 0.051832 200.948511 -0.603392 0.766201 -0.221030 -81.886683 -0.178310 0.140521 0.973889 -32.695524
0.757406 0.650490 0.056564 201.828090 -0.625442 0.747653 -0.223241 -82.493033 -0.187506 0.133706 0.973121 -32.893495
0.744059 0.665497 0.059081 202.491084 -0.639185 0.734793 -0.226984 -83.001558 -0.194469 0.131125 0.972105 -33.051739
0.723544 0.687199 0.065125 203.242906 -0.659549 0.716087 -0.228505 -83.575193 -0.203664 0.122381 0.971362 -33.230657
0.702058 0.708553 0.071183 203.970143 -0.680142 0.696791 -0.227789 -84.191936 -0.211001 0.111506 0.971105 -33.431145
0.663103 0.744965 0.072947 204.778522 -0.716833 0.660060 -0.224659 -84.958635 -0.215512 0.096681 0.971703 -33.691409
0.624686 0.777000 0.077714 205.208224 -0.747738 0.623891 -0.227263 -85.355489 -0.225068 0.083858 0.970728 -33.811868
0.576678 0.812960 0.080862 205.620646 -0.783435 0.578357 -0.227448 -85.786313 -0.231673 0.067814 0.970427 -33.949058
0.517248 0.851165 0.089285 206.119797 -0.821540 0.523049 -0.226920 -86.492105 -0.239847 0.044023 0.969812 -34.156830
0.434207 0.895890 0.094051 206.645604 -0.866871 0.443953 -0.226805 -87.414883 -0.244947 0.016950 0.969388 -34.430452
0.375644 0.922475 0.089061 206.955048 -0.895401 0.386041 -0.221876 -88.031038 -0.239056 0.003601 0.970999 -34.630448
0.298189 0.950448 0.087932 207.284217 -0.925909 0.310406 -0.215269 -88.806129 -0.231897 -0.017226 0.972588 -34.856800
0.200438 0.975829 0.087080 207.533341 -0.953239 0.214772 -0.212623 -89.823395 -0.226186 -0.040390 0.973246 -35.144795
0.110701 0.990610 0.080230 207.637441 -0.968777 0.125575 -0.213779 -90.917435 -0.221847 -0.054059 0.973582 -35.409245
0.028689 0.996236 0.081797 207.725919 -0.976070 0.045566 -0.212631 -91.933732 -0.215558 -0.073740 0.973703 -35.665142
0.042349 0.996141 0.076877 207.722545 -0.976247 0.057621 -0.208857 -91.945488 -0.212481 -0.066206 0.974920 -35.671019
-0.003492 0.997096 0.076074 207.739842 -0.977768 0.012545 -0.209312 -92.653725 -0.209658 -0.075113 0.974885 -35.851546
-0.059378 0.995196 0.077843 207.779933 -0.975268 -0.041204 -0.217151 -93.511043 -0.212900 -0.088812 0.973029 -36.053930
-0.315927 0.946575 0.064696 207.998602 -0.944255 -0.307034 -0.118796 -93.784854 -0.092586 -0.098621 0.990809 -36.196366
-0.348238 0.935197 0.064318 207.748540 -0.932777 -0.338891 -0.122804 -94.552383 -0.093049 -0.102759 0.990345 -36.294076
-0.382242 0.921897 0.063218 207.356649 -0.918706 -0.371781 -0.133261 -95.577030 -0.099349 -0.109017 0.989063 -36.356161
-0.416747 0.906473 0.068040 206.898311 -0.903982 -0.405401 -0.135891 -96.640522 -0.095598 -0.118139 0.988385 -36.476281
-0.454624 0.888475 0.062678 206.403520 -0.884467 -0.442033 -0.149417 -97.756550 -0.105048 -0.123365 0.986786 -36.567637
-0.491159 0.868704 0.064156 205.954336 -0.864104 -0.476612 -0.161755 -98.630388 -0.109940 -0.134885 0.984743 -36.673337
-0.543229 0.837048 0.065223 205.216920 -0.833244 -0.527968 -0.164179 -99.917494 -0.102990 -0.143533 0.984272 -36.886303
-0.577913 0.813188 0.068860 204.691190 -0.810713 -0.562374 -0.162728 -100.744080 -0.093603 -0.149868 0.984265 -37.030996
-0.613624 0.786588 0.068877 204.000599 -0.784838 -0.598037 -0.162421 -101.740793 -0.086568 -0.153723 0.984315 -37.198444
-0.649820 0.756347 0.075316 203.075765 -0.756856 -0.634744 -0.155788 -102.945599 -0.070023 -0.158237 0.984915 -37.386564
-0.670943 0.738244 0.069511 202.445825 -0.737716 -0.655102 -0.163145 -103.708825 -0.074904 -0.160740 0.984150 -37.486370
-0.692970 0.717990 0.065445 201.380966 -0.717103 -0.677028 -0.165518 -104.884293 -0.074532 -0.161630 0.984033 -37.646808
-0.702053 0.709257 0.063849 200.549883 -0.708284 -0.686154 -0.165913 -105.798035 -0.073865 -0.161703 0.984071 -37.754042
-0.704771 0.705993 0.069800 199.644616 -0.706492 -0.689491 -0.159596 -106.720637 -0.064548 -0.161792 0.984712 -37.891111
-0.704161 0.706348 0.072321 198.498605 -0.707506 -0.689399 -0.155451 -107.848092 -0.059945 -0.160630 0.985193 -37.997537
-0.693871 0.716645 0.070445 197.242611 -0.717378 -0.679438 -0.154053 -109.060780 -0.062538 -0.157429 0.985548 -38.136035
-0.681587 0.728590 0.067784 196.451966 -0.728681 -0.667365 -0.153777 -109.878557 -0.066804 -0.154206 0.985778 -38.216236
-0.651163 0.756447 0.061437 195.338882 -0.756561 -0.640592 -0.131365 -111.122619 -0.060015 -0.132021 0.989428 -38.381379
-0.616891 0.784853 0.058757 194.420788 -0.784337 -0.606857 -0.128609 -112.248353 -0.065282 -0.125423 0.989953 -38.468761
-0.667880 0.741037 0.069283 194.418468 -0.742762 -0.657713 -0.125368 -112.316544 -0.047334 -0.135192 0.989688 -38.486793
-0.612967 0.785604 0.084250 193.264458 -0.788842 -0.602459 -0.121536 -113.620290 -0.044722 -0.140957 0.989005 -38.550402
-0.571237 0.816889 0.079881 192.569730 -0.819333 -0.561735 -0.114660 -114.542860 -0.048793 -0.130948 0.990188 -38.641130
-0.510757 0.857172 0.066207 191.628709 -0.856762 -0.501096 -0.121910 -115.957224 -0.071322 -0.118990 0.990331 -38.728600
-0.463205 0.884049 0.062441 191.032712 -0.883474 -0.455032 -0.111448 -116.985268 -0.070113 -0.106788 0.991807 -38.818922
-0.392782 0.918149 0.052210 190.255088 -0.915913 -0.385462 -0.111905 -118.548162 -0.082621 -0.091774 0.992346 -38.993002
-0.327394 0.943158 0.057158 189.680247 -0.941147 -0.320123 -0.108459 -119.941179 -0.083996 -0.089303 0.992456 -39.104358
-0.265564 0.962322 0.058416 189.118278 -0.960286 -0.258649 -0.104653 -121.685831 -0.085600 -0.083888 0.992792 -39.271214
-0.225602 0.971994 0.065806 188.795631 -0.970703 -0.218541 -0.099875 -122.882296 -0.082697 -0.086410 0.992822 -39.318543
-0.167369 0.983846 0.063522 188.407140 -0.982560 -0.161162 -0.092749 -124.727696 -0.081014 -0.077938 0.993661 -39.464879
-0.126966 0.990181 0.058482 188.116725 -0.988920 -0.121792 -0.084871 -126.648814 -0.076915 -0.068610 0.994674 -39.675690
-0.102432 0.993040 0.058133 187.927291 -0.992094 -0.097725 -0.078741 -128.324621 -0.072512 -0.065739 0.995199 -39.804944
-0.094743 0.993925 0.056013 187.795093 -0.992825 -0.090215 -0.078484 -129.635141 -0.072954 -0.063047 0.995341 -39.902158
-0.087654 0.994515 0.057070 187.481697 -0.993986 -0.083545 -0.070792 -132.281971 -0.065635 -0.062932 0.995857 -40.125778
-0.084618 0.994876 0.055339 187.258387 -0.994149 -0.080553 -0.071961 -134.290542 -0.067135 -0.061104 0.995871 -40.292690
-0.083861 0.994819 0.057459 187.077377 -0.994471 -0.079895 -0.068145 -135.979906 -0.063201 -0.062856 0.996019 -40.425600
-0.083049 0.994712 0.060423 186.934776 -0.994419 -0.078760 -0.070196 -137.342229 -0.065066 -0.065915 0.995702 -40.518988
-0.082696 0.995004 0.055940 186.801455 -0.994589 -0.078859 -0.067634 -138.730265 -0.062885 -0.061230 0.996141 -40.628911
-0.082675 0.994824 0.059084 186.637047 -0.994665 -0.078701 -0.066692 -140.455066 -0.061697 -0.064283 0.996023 -40.772012
-0.086093 0.994676 0.056632 186.504358 -0.994595 -0.082496 -0.063053 -141.842151 -0.058045 -0.061755 0.996402 -40.876612
-0.089015 0.994022 0.063211 186.336386 -0.994495 -0.085176 -0.061030 -143.591935 -0.055281 -0.068296 0.996132 -41.003871
-0.093560 0.993285 0.068053 186.154261 -0.994520 -0.090035 -0.053145 -145.337025 -0.046661 -0.072652 0.996265 -41.121985
-0.096694 0.992879 0.069577 186.002842 -0.994226 -0.093084 -0.053391 -146.727041 -0.046534 -0.074338 0.996147 -41.208368
-0.102878 0.992281 0.069241 185.800306 -0.993578 -0.099216 -0.054404 -148.463054 -0.047115 -0.074394 0.996115 -41.307564
-0.113545 0.991143 0.068872 185.538230 -0.992677 -0.110298 -0.049252 -150.575275 -0.041219 -0.073960 0.996409 -41.437571
-0.122765 0.989848 0.071624 185.350256 -0.991912 -0.120036 -0.041266 -152.011834 -0.032249 -0.076110 0.996578 -41.508569
-0.132632 0.988459 0.073189 185.161312 -0.990683 -0.129903 -0.040896 -153.426940 -0.030916 -0.077932 0.996479 -41.568327
-0.145243 0.987307 0.064258 184.841817 -0.988471 -0.141993 -0.052566 -155.540894 -0.042775 -0.071152 0.996548 -41.662548
-0.151367 0.986405 0.063987 184.598662 -0.988039 -0.149055 -0.039505 -156.960557 -0.029430 -0.069201 0.997169 -41.748910
