0.999950 0.002607 0.009678 5.294078 -0.002649 0.999987 0.004274 -0.053888 -0.009667 -0.004300 0.999944 -0.047612
0.999941 0.003076 0.010422 7.357106 -0.003101 0.999992 0.002370 -0.073045 -0.010415 -0.002402 0.999943 -0.066213
0.999975 0.005264 0.004820 9.885058 -0.005284 0.999978 0.004097 -0.107492 -0.004799 -0.004122 0.999980 -0.088726
0.999938 0.006793 0.008797 11.973849 -0.006845 0.999959 0.005902 -0.139382 -0.008756 -0.005962 0.999944 -0.107241
0.999933 0.007816 0.008525 13.614302 -0.007854 0.999959 0.004425 -0.165236 -0.008490 -0.004492 0.999954 -0.121762
0.999933 0.007283 0.009009 15.677225 -0.007364 0.999933 0.008973 -0.204399 -0.008943 -0.009038 0.999919 -0.139852
0.999905 0.007232 0.011724 17.299544 -0.007351 0.999922 0.010137 -0.229786 -0.011649 -0.010222 0.999880 -0.154217
0.999917 0.008232 0.009862 19.365541 -0.008347 0.999898 0.011612 -0.266661 -0.009765 -0.011694 0.999884 -0.172394
0.999935 0.007048 0.008920 21.440366 -0.007132 0.999930 0.009395 -0.292611 -0.008853 -0.009458 0.999916 -0.190931
0.999899 0.007131 0.012299 23.118938 -0.007260 0.999919 0.010436 -0.315822 -0.012223 -0.010525 0.999870 -0.205872
0.999923 0.006809 0.010389 24.827629 -0.006907 0.999931 0.009453 -0.337940 -0.010323 -0.009524 0.999901 -0.221119
0.999910 0.006573 0.011730 26.958054 -0.006665 0.999947 0.007862 -0.365219 -0.011678 -0.007940 0.999900 -0.240136
0.999915 0.006862 0.011090 28.623340 -0.006960 0.999936 0.008865 -0.387228 -0.011028 -0.008941 0.999899 -0.254984
0.999914 0.006346 0.011448 30.291489 -0.006438 0.999947 0.008013 -0.410773 -0.011396 -0.008086 0.999902 -0.269820
0.999902 0.006860 0.012200 32.359852 -0.006961 0.999942 0.008200 -0.438849 -0.012143 -0.008284 0.999892 -0.288243
0.999867 0.006336 0.015060 34.441984 -0.006456 0.999947 0.007960 -0.464298 -0.015009 -0.008057 0.999855 -0.306860
0.999911 0.008871 0.010006 36.138052 -0.008944 0.999934 0.007267 -0.492298 -0.009941 -0.007356 0.999924 -0.321840
0.999890 0.010341 0.010620 38.256375 -0.010416 0.999921 0.007058 -0.530555 -0.010546 -0.007167 0.999919 -0.340467
0.999861 0.010914 0.012636 39.941994 -0.011025 0.999901 0.008745 -0.560555 -0.012539 -0.008883 0.999882 -0.355300
0.999880 0.011773 0.010093 42.103568 -0.011855 0.999896 0.008166 -0.602716 -0.009996 -0.008284 0.999916 -0.374227
0.999655 0.012871 0.022882 43.823397 -0.013185 0.999820 0.013628 -0.634722 -0.022703 -0.013925 0.999645 -0.389325
0.998266 0.013518 0.057291 45.948452 -0.014711 0.999682 0.020461 -0.680482 -0.056997 -0.021269 0.998148 -0.407823
0.999302 0.016843 0.033335 47.685705 -0.017709 0.999509 0.025844 -0.722819 -0.032884 -0.026416 0.999110 -0.422819
0.999269 0.017273 0.034110 49.859749 -0.018066 0.999570 0.023078 -0.779403 -0.033697 -0.023678 0.999152 -0.441495
0.999364 0.018074 0.030747 51.573967 -0.018841 0.999513 0.024868 -0.825337 -0.030283 -0.025431 0.999218 -0.456187
0.999304 0.017741 0.032820 53.774262 -0.018578 0.999505 0.025393 -0.881329 -0.032353 -0.025985 0.999139 -0.475120
0.999311 0.016584 0.033210 55.553076 -0.017395 0.999554 0.024289 -0.924459 -0.032792 -0.024850 0.999153 -0.490481
0.999543 0.015094 0.026183 57.831357 -0.015622 0.999676 0.020102 -0.975217 -0.025871 -0.020502 0.999455 -0.510269
0.999460 0.012667 0.030320 60.083266 -0.013133 0.999798 0.015217 -1.012734 -0.030121 -0.015607 0.999424 -0.530150
0.999780 0.012819 0.016575 62.707084 -0.013018 0.999844 0.011943 -1.056719 -0.016419 -0.012156 0.999791 -0.553308
0.998891 0.015396 0.044496 64.904414 -0.015909 0.999811 0.011198 -1.101870 -0.044315 -0.011894 0.998947 -0.572490
0.998853 0.016998 0.044771 66.610499 -0.017607 0.999757 0.013258 -1.138003 -0.044535 -0.014031 0.998909 -0.587356
0.999043 0.018315 0.039713 68.298388 -0.018912 0.999713 0.014715 -1.179755 -0.039432 -0.015452 0.999103 -0.601910
0.999150 0.020032 0.036034 70.366260 -0.020673 0.999633 0.017513 -1.234229 -0.035670 -0.018243 0.999197 -0.619657
0.999100 0.019342 0.037756 72.001757 -0.020019 0.999644 0.017647 -1.273946 -0.037401 -0.018387 0.999131 -0.633779
0.999025 0.020653 0.039021 74.065983 -0.021390 0.999599 0.018555 -1.329081 -0.038622 -0.019371 0.999066 -0.651475
0.999043 0.019727 0.039032 76.128192 -0.020441 0.999629 0.017975 -1.381137 -0.038663 -0.018756 0.999076 -0.669231
0.999025 0.019926 0.039383 77.743428 -0.020696 0.999601 0.019234 -1.423832 -0.038984 -0.020030 0.999039 -0.683090
0.999135 0.020505 0.036182 79.736263 -0.021145 0.999625 0.017387 -1.483519 -0.035811 -0.018137 0.999194 -0.700010
0.999096 0.021861 0.036471 82.100301 -0.022533 0.999582 0.018111 -1.553205 -0.036060 -0.018917 0.999171 -0.720109
0.999147 0.021975 0.034976 83.636243 -0.022678 0.999546 0.019839 -1.597963 -0.034524 -0.020615 0.999191 -0.733182
0.999078 0.022426 0.036612 85.544692 -0.023230 0.999495 0.021699 -1.649014 -0.036107 -0.022529 0.999094 -0.749541
0.999021 0.023016 0.037777 87.005214 -0.023872 0.999465 0.022372 -1.692441 -0.037242 -0.023252 0.999036 -0.761949
0.998996 0.026214 0.036327 88.831897 -0.026949 0.999439 0.019878 -1.754546 -0.035786 -0.020837 0.999142 -0.777270
0.999041 0.028968 0.032842 90.285856 -0.029626 0.999367 0.019712 -1.803865 -0.032251 -0.020666 0.999266 -0.789468
0.999044 0.031053 0.030775 92.045063 -0.031667 0.999305 0.019674 -1.866283 -0.030143 -0.020630 0.999333 -0.804156
0.998929 0.032882 0.032567 93.449382 -0.033561 0.999226 0.020521 -1.918189 -0.031867 -0.021592 0.999259 -0.815829
0.998759 0.036915 0.033436 94.897891 -0.037577 0.999106 0.019373 -1.981215 -0.032691 -0.020605 0.999253 -0.827627
0.998507 0.042720 0.034036 96.605598 -0.043294 0.998929 0.016310 -2.059158 -0.033303 -0.017759 0.999288 -0.841445
0.998266 0.048347 0.033566 98.293368 -0.048767 0.998740 0.011810 -2.143077 -0.032952 -0.013427 0.999367 -0.854925
0.997918 0.053998 0.035261 99.612551 -0.054459 0.998441 0.012265 -2.220036 -0.034544 -0.014160 0.999303 -0.865172
0.997286 0.060396 0.042103 101.513510 -0.060949 0.998069 0.011981 -2.339519 -0.041298 -0.014514 0.999041 -0.879720
0.996555 0.069469 0.045294 103.081824 -0.070147 0.997445 0.013550 -2.449845 -0.044237 -0.016681 0.998882 -0.891424
0.995722 0.077781 0.049879 104.359301 -0.078540 0.996820 0.013440 -2.550165 -0.048675 -0.017300 0.998665 -0.900691
0.994606 0.087243 0.056109 105.887275 -0.088091 0.996030 0.012805 -2.687132 -0.054769 -0.017679 0.998343 -0.911343
0.993248 0.095128 0.066397 107.097942 -0.096313 0.995240 0.014882 -2.804893 -0.064666 -0.021177 0.997682 -0.919548
0.991371 0.107766 0.074640 108.550621 -0.109116 0.993927 0.014241 -2.961240 -0.072652 -0.022263 0.997109 -0.929010
0.989529 0.123205 0.075186 109.682719 -0.124821 0.992031 0.017166 -3.095133 -0.072472 -0.026371 0.997022 -0.936077
0.987675 0.138103 0.073655 111.046198 -0.139532 0.990110 0.014601 -3.284979 -0.070910 -0.024698 0.997177 -0.943862
0.987117 0.146621 0.064053 112.103029 -0.148075 0.988802 0.018544 -3.446493 -0.060617 -0.027790 0.997774 -0.949530
0.986477 0.157317 0.045993 113.416527 -0.158115 0.987318 0.014238 -3.661118 -0.043170 -0.021317 0.998840 -0.956221
0.984907 0.166653 0.046738 114.770857 -0.166999 0.985950 0.003591 -3.895079 -0.045483 -0.011342 0.998901 -0.962798
0.983985 0.171339 0.049151 115.848091 -0.171732 0.985136 0.003867 -4.091793 -0.047758 -0.012246 0.998784 -0.967759
0.983830 0.173865 0.043008 117.557763 -0.174003 0.984745 -0.000525 -4.409643 -0.042443 -0.006967 0.999075 -0.975489
0.983302 0.176853 0.042904 118.712882 -0.177237 0.984154 0.005294 -4.627870 -0.041288 -0.012810 0.999065 -0.980624
0.983078 0.179214 0.037946 120.181636 -0.179615 0.983709 0.007398 -4.903951 -0.036002 -0.014089 0.999252 -0.987187
0.982470 0.183688 0.031795 121.374146 -0.184072 0.982866 0.009573 -5.131608 -0.029492 -0.015258 0.999449 -0.992428
0.981624 0.189458 0.022785 123.172143 -0.189788 0.981735 0.013312 -5.484938 -0.019847 -0.017392 0.999652 -1.000072
0.980672 0.194859 0.017681 124.395681 -0.195203 0.980551 0.020378 -5.736622 -0.013366 -0.023435 0.999636 -1.004988
0.979985 0.198612 0.013527 125.937707 -0.198890 0.979730 0.023920 -6.065512 -0.008502 -0.026131 0.999622 -1.010886
0.978853 0.204022 0.014891 127.168667 -0.204345 0.978581 0.024950 -6.336724 -0.009481 -0.027465 0.999578 -1.015373
0.978638 0.205160 0.013300 128.757683 -0.205479 0.978191 0.030355 -6.674452 -0.006782 -0.032440 0.999451 -1.021481
0.978255 0.206982 0.013275 130.010928 -0.207295 0.977827 0.029705 -6.943007 -0.006832 -0.031811 0.999471 -1.026243
0.977085 0.212200 0.016613 131.600636 -0.212549 0.976876 0.023166 -7.299362 -0.011313 -0.026166 0.999594 -1.031883
0.976721 0.214186 0.011851 133.871720 -0.214413 0.976463 0.023401 -7.810960 -0.006560 -0.025397 0.999656 -1.039877
0.975897 0.217487 0.018006 135.195383 -0.217849 0.975748 0.021383 -8.111657 -0.012919 -0.024790 0.999609 -1.044472
0.975473 0.219212 0.019962 136.856768 -0.219595 0.975396 0.019523 -8.490555 -0.015191 -0.023428 0.999610 -1.050201
0.974487 0.223547 0.020033 138.230901 -0.223893 0.974464 0.017062 -8.815616 -0.015707 -0.021112 0.999654 -1.054643
0.973724 0.227218 0.015292 139.939194 -0.227499 0.973569 0.020184 -9.237794 -0.010302 -0.023133 0.999679 -1.059706
0.973682 0.227487 0.013906 141.340464 -0.227743 0.973497 0.020918 -9.569643 -0.008779 -0.023535 0.999684 -1.064226
0.972922 0.230676 0.014532 143.097549 -0.230948 0.972737 0.021095 -9.997381 -0.009270 -0.023880 0.999672 -1.069598
0.970482 0.240772 0.013943 144.867670 -0.241005 0.970346 0.018591 -10.447366 -0.009053 -0.021403 0.999730 -1.074525
0.967102 0.254276 0.007538 150.405430 -0.254359 0.967013 0.013683 -11.938869 -0.003810 -0.015150 0.999878 -1.087807
0.967502 0.252806 0.005316 152.629060 -0.252844 0.967470 0.008488 -12.538601 -0.002998 -0.009557 0.999950 -1.093119
0.967893 0.251306 0.005345 154.124787 -0.251321 0.967901 0.002471 -12.946354 -0.004552 -0.003735 0.999983 -1.096582
0.968301 0.249721 0.005748 156.023527 -0.249719 0.968318 -0.001099 -13.461479 -0.005840 -0.000371 0.999983 -1.101041
0.969274 0.245919 0.005640 157.940999 -0.245893 0.969284 -0.004962 -13.983502 -0.006687 0.003423 0.999972 -1.105498
0.970130 0.242571 0.002759 159.491856 -0.242566 0.970133 -0.002109 -14.390490 -0.003188 0.001377 0.999994 -1.109490
0.970946 0.239255 0.004548 161.390368 -0.239252 0.970957 -0.001080 -14.891837 -0.004674 -0.000039 0.999989 -1.114297
0.971475 0.237142 0.000849 163.276681 -0.237140 0.971474 -0.001626 -15.378619 -0.001210 0.001379 0.999998 -1.119363
0.971624 0.236489 -0.004336 164.792582 -0.236502 0.971627 -0.002685 -15.774908 0.003578 0.003634 0.999987 -1.123304
0.972393 0.233285 -0.005435 167.005128 -0.233271 0.972407 0.003056 -16.338442 0.005998 -0.001703 0.999981 -1.129434
0.972597 0.232473 -0.003329 168.520322 -0.232458 0.972597 0.004236 -16.718451 0.004223 -0.003346 0.999985 -1.133783
0.972625 0.232374 0.001434 170.783326 -0.232379 0.972614 0.004797 -17.276083 -0.000280 -0.004999 0.999987 -1.140531
0.972925 0.231119 0.001417 172.679951 -0.231123 0.972905 0.006141 -17.739472 0.000041 -0.006303 0.999980 -1.146287
0.973036 0.230637 0.002587 174.594918 -0.230648 0.973020 0.005841 -18.205972 -0.001170 -0.006280 0.999980 -1.152134
0.972976 0.230898 0.001841 176.119581 -0.230903 0.972970 0.003580 -18.590683 -0.000965 -0.003909 0.999992 -1.156450
0.973153 0.230151 0.002062 178.019962 -0.230155 0.973152 0.002110 -19.063262 -0.001521 -0.002528 0.999996 -1.162007
0.973433 0.228947 0.003298 179.538503 -0.228960 0.973427 0.004156 -19.440978 -0.002259 -0.004801 0.999986 -1.166445
0.973629 0.228050 0.006295 181.457106 -0.228086 0.973624 0.005745 -19.912740 -0.004819 -0.007029 0.999964 -1.172192
0.973785 0.227415 0.004945 183.004359 -0.227453 0.973745 0.009272 -20.293397 -0.002707 -0.010154 0.999945 -1.176821
0.974031 0.226337 0.005912 184.920781 -0.226382 0.974001 0.008552 -20.762029 -0.003822 -0.009668 0.999946 -1.182627
0.973776 0.227428 0.006139 186.483782 -0.227466 0.973764 0.006492 -21.150725 -0.004501 -0.007718 0.999960 -1.187197
0.974103 0.226033 0.005701 188.413973 -0.226060 0.974103 0.004539 -21.623335 -0.004527 -0.005710 0.999973 -1.193029
0.974387 0.224790 0.006296 189.955332 -0.224818 0.974391 0.004257 -21.990962 -0.005178 -0.005563 0.999971 -1.197935
0.974277 0.225084 0.010997 191.872857 -0.225168 0.974295 0.007009 -22.460258 -0.009137 -0.009305 0.999915 -1.203734
0.974502 0.224207 0.008737 193.397545 -0.224279 0.974489 0.008390 -22.826793 -0.006633 -0.010136 0.999927 -1.208513
0.974492 0.224352 0.005600 194.923592 -0.224406 0.974417 0.012428 -23.199501 -0.002668 -0.013367 0.999907 -1.213148
0.974864 0.222671 0.007629 196.870904 -0.222763 0.974759 0.014905 -23.664162 -0.004117 -0.016230 0.999860 -1.219341
0.974987 0.222263 0.000708 198.748100 -0.222244 0.974851 0.016516 -24.111522 0.002980 -0.016260 0.999863 -1.225325
0.974639 0.223521 0.010819 200.629434 -0.223596 0.974661 0.006351 -24.561543 -0.009125 -0.008609 0.999921 -1.231280
0.975037 0.221966 0.005915 202.160695 -0.221989 0.975042 0.003650 -24.926032 -0.004957 -0.004872 0.999976 -1.236172
0.975456 0.220189 0.001629 204.410212 -0.220194 0.975396 0.010867 -25.460552 0.000803 -0.010959 0.999940 -1.243383
0.975762 0.218835 -0.000555 206.320288 -0.218785 0.975589 0.018974 -25.908684 0.004693 -0.018392 0.999820 -1.249652
0.975456 0.220191 0.001105 208.233884 -0.220159 0.975200 0.022698 -26.358423 0.003921 -0.022384 0.999742 -1.255913
0.975527 0.219831 0.004640 210.109340 -0.219879 0.975221 0.024453 -26.796368 0.000851 -0.024874 0.999690 -1.262121
0.975123 0.221471 0.009229 211.973566 -0.221637 0.974802 0.025278 -27.238646 -0.003398 -0.026695 0.999638 -1.268114
0.975329 0.220548 0.009541 213.859664 -0.220723 0.975010 0.025257 -27.679583 -0.003732 -0.026739 0.999635 -1.274344
0.975240 0.221007 0.007985 215.359261 -0.221141 0.974903 0.025707 -28.027807 -0.002103 -0.026836 0.999638 -1.279358
0.975257 0.220962 0.007059 217.279761 -0.221071 0.974911 0.026013 -28.472439 -0.001134 -0.026930 0.999637 -1.285812
0.975119 0.221647 0.004000 218.775539 -0.221677 0.974799 0.025034 -28.827330 0.001650 -0.025298 0.999679 -1.290620
0.974904 0.222563 0.005252 220.609565 -0.222625 0.974619 0.023579 -29.269092 0.000129 -0.024156 0.999708 -1.296347
0.975424 0.220278 0.004959 222.100471 -0.220334 0.975137 0.023665 -29.623217 0.000377 -0.024176 0.999708 -1.301130
0.976226 0.216614 0.007842 223.972069 -0.216741 0.975944 0.023612 -30.055740 -0.002539 -0.024751 0.999690 -1.307440
0.976779 0.213995 0.010436 225.447824 -0.214185 0.976522 0.023020 -30.391746 -0.005264 -0.024720 0.999681 -1.312544
0.977418 0.211075 0.010121 227.659679 -0.211247 0.977208 0.020962 -30.887392 -0.005466 -0.022627 0.999729 -1.320396
0.977834 0.209229 0.008042 229.142585 -0.209350 0.977644 0.019604 -31.220088 -0.003761 -0.020853 0.999775 -1.325650
0.978154 0.207721 0.008177 230.922811 -0.207831 0.978028 0.016376 -31.617756 -0.004596 -0.017718 0.999832 -1.332002
0.978911 0.204068 0.009515 232.355402 -0.204192 0.978820 0.014749 -31.935365 -0.006304 -0.016380 0.999846 -1.337174
0.979671 0.200308 0.010993 234.136676 -0.200459 0.979587 0.015004 -32.323818 -0.007763 -0.016903 0.999827 -1.343770
0.980383 0.196708 0.012459 235.876744 -0.196915 0.980247 0.018465 -32.693405 -0.008581 -0.020556 0.999752 -1.350464
0.980650 0.195564 0.008939 237.284437 -0.195699 0.980496 0.018154 -32.991227 -0.005214 -0.019552 0.999795 -1.355910
0.981169 0.193071 0.005556 239.391088 -0.193140 0.981018 0.017343 -33.431147 -0.002102 -0.018090 0.999834 -1.364207
0.981429 0.191741 0.005608 240.800066 -0.191800 0.981347 0.013084 -33.717567 -0.002995 -0.013917 0.999899 -1.369954
0.981788 0.189809 0.008017 242.538292 -0.189922 0.981652 0.016998 -34.068300 -0.004644 -0.018211 0.999823 -1.377112
0.982137 0.187820 0.011425 243.932853 -0.187999 0.982015 0.017429 -34.347915 -0.007946 -0.019266 0.999783 -1.382899
0.982186 0.187484 0.012699 245.678680 -0.187646 0.982150 0.013061 -34.699369 -0.010023 -0.015212 0.999834 -1.390109
0.982401 0.186533 0.009684 247.092708 -0.186676 0.982277 0.016863 -34.980821 -0.006367 -0.018374 0.999811 -1.396030
0.982755 0.184513 0.012114 248.832926 -0.184733 0.982572 0.020656 -35.329829 -0.008092 -0.022537 0.999713 -1.403249
0.982598 0.185306 0.012773 250.215219 -0.185569 0.982340 0.023917 -35.603859 -0.008116 -0.025871 0.999632 -1.409065
0.982577 0.185457 0.012171 251.975808 -0.185708 0.982300 0.024475 -35.953270 -0.007417 -0.026309 0.999626 -1.416463
0.982461 0.186247 0.009097 253.367411 -0.186399 0.982259 0.020547 -36.222454 -0.005109 -0.021882 0.999748 -1.422489
0.981794 0.189791 0.007692 255.416746 -0.189899 0.981650 0.017341 -36.636759 -0.004260 -0.018486 0.999820 -1.430907
0.981661 0.190454 0.008318 257.826355 -0.190585 0.981470 0.019841 -37.119590 -0.004385 -0.021062 0.999769 -1.440915
0.981272 0.192433 0.008620 259.197272 -0.192585 0.981005 0.023240 -37.395689 -0.003984 -0.024465 0.999693 -1.446573
0.980231 0.197674 0.008541 260.880522 -0.197828 0.979924 0.024749 -37.749859 -0.003478 -0.025949 0.999657 -1.453134
0.979735 0.200125 0.008322 262.247405 -0.200271 0.979443 0.024145 -38.036177 -0.003319 -0.025322 0.999674 -1.458495
0.978720 0.204904 0.011041 263.913839 -0.205125 0.978407 0.025364 -38.393597 -0.005606 -0.027090 0.999617 -1.464818
0.978240 0.207147 0.011727 265.237904 -0.207390 0.977909 0.026148 -38.679086 -0.006052 -0.028011 0.999589 -1.469804
0.977486 0.210510 0.014356 266.870946 -0.210842 0.977118 0.028023 -39.041092 -0.008129 -0.030419 0.999504 -1.475701
0.976822 0.213233 0.018724 268.156579 -0.213698 0.976501 0.027906 -39.330076 -0.012334 -0.031260 0.999435 -1.480242
0.976125 0.216598 0.016282 269.697118 -0.216956 0.975862 0.024980 -39.687809 -0.010478 -0.027916 0.999555 -1.485393
0.975753 0.218096 0.018437 270.906643 -0.218522 0.975498 0.025521 -39.970179 -0.012419 -0.028931 0.999504 -1.489398
0.975308 0.219824 0.021242 272.378848 -0.220355 0.975042 0.027132 -40.316013 -0.014747 -0.031143 0.999406 -1.494219
0.975130 0.220329 0.024000 273.768183 -0.221011 0.974780 0.030935 -40.642517 -0.016579 -0.035470 0.999233 -1.498764
0.975298 0.219437 0.025336 274.848439 -0.220189 0.974926 0.032178 -40.892971 -0.017639 -0.036961 0.999161 -1.502386
0.974864 0.221557 0.023506 276.167696 -0.222189 0.974575 0.028923 -41.207795 -0.016500 -0.033419 0.999305 -1.506581
0.975051 0.221265 0.017824 277.216315 -0.221631 0.974879 0.022135 -41.453390 -0.012479 -0.025533 0.999596 -1.510033
0.974788 0.222422 0.017832 278.481555 -0.222757 0.974673 0.019770 -41.757117 -0.012983 -0.023244 0.999646 -1.514010
0.974830 0.221935 0.021229 279.430543 -0.222381 0.974720 0.021620 -41.986740 -0.015894 -0.025796 0.999541 -1.516947
0.974665 0.222547 0.022404 280.770151 -0.223032 0.974559 0.022175 -42.307344 -0.016899 -0.026610 0.999503 -1.521183
0.974157 0.224834 0.021621 281.857308 -0.225386 0.973871 0.027862 -42.575533 -0.014791 -0.032015 0.999378 -1.524417
0.974141 0.224970 0.020934 283.104708 -0.225553 0.973714 0.031719 -42.876714 -0.013248 -0.035621 0.999278 -1.528294
0.973852 0.226460 0.018137 283.883941 -0.226913 0.973486 0.028895 -43.066051 -0.011113 -0.032255 0.999418 -1.530686
0.973492 0.228291 0.014032 286.956682 -0.228578 0.973222 0.024294 -43.821908 -0.008110 -0.026857 0.999606 -1.539881
0.973358 0.229042 0.010652 287.910346 -0.229220 0.973158 0.020543 -44.060242 -0.005661 -0.022438 0.999732 -1.542640
0.973270 0.229494 0.008883 288.509265 -0.229630 0.973074 0.019930 -44.211211 -0.004070 -0.021437 0.999762 -1.544339
0.973240 0.229717 0.005761 289.239064 -0.229785 0.973071 0.018211 -44.392432 -0.001422 -0.019047 0.999818 -1.546480
0.973248 0.229689 0.005634 289.790180 -0.229752 0.973112 0.016329 -44.531684 -0.001732 -0.017187 0.999851 -1.548036
0.973036 0.230590 0.005343 290.412354 -0.230648 0.972902 0.016223 -44.688985 -0.001457 -0.017017 0.999854 -1.549789
0.972993 0.230799 0.004143 290.888606 -0.230836 0.972843 0.017059 -44.807766 -0.000093 -0.017555 0.999846 -1.551173
0.972907 0.231141 0.005073 291.437194 -0.231193 0.972778 0.015900 -44.949297 -0.001260 -0.016642 0.999861 -1.552647
0.972962 0.230916 0.004691 291.948008 -0.230959 0.972863 0.013961 -45.078019 -0.001340 -0.014667 0.999892 -1.554098
0.972995 0.230716 0.007140 292.509438 -0.230797 0.972897 0.014252 -45.216993 -0.003658 -0.015515 0.999873 -1.555756
0.973085 0.230322 0.007537 292.822802 -0.230413 0.972977 0.015033 -45.294665 -0.003870 -0.016365 0.999859 -1.556678
0.972960 0.230803 0.008905 293.167228 -0.230906 0.972887 0.013140 -45.385338 -0.005630 -0.014841 0.999874 -1.557558
0.972982 0.230702 0.009082 293.331669 -0.230807 0.972913 0.012957 -45.427840 -0.005847 -0.014703 0.999875 -1.557998
0.972971 0.230774 0.008377 293.462785 -0.230869 0.972895 0.013241 -45.462510 -0.005094 -0.014817 0.999877 -1.558329
0.973058 0.230407 0.008412 293.525079 -0.230503 0.972981 0.013306 -45.478929 -0.005119 -0.014887 0.999876 -1.558487
0.973181 0.229980 0.005368 293.542699 -0.230034 0.973082 0.013971 -45.484618 -0.002010 -0.014831 0.999888 -1.558505
0.973230 0.229800 0.004028 293.533847 -0.229834 0.973127 0.014132 -45.484135 -0.000673 -0.014680 0.999892 -1.558436
0.973290 0.229546 0.003971 293.526417 -0.229579 0.973184 0.014338 -45.483874 -0.000573 -0.014866 0.999889 -1.558374
0.973320 0.229417 0.004112 293.523970 -0.229452 0.973216 0.014250 -45.484460 -0.000733 -0.014814 0.999890 -1.558336
0.973329 0.229369 0.004417 293.523054 -0.229410 0.973225 0.014319 -45.485212 -0.001015 -0.014951 0.999888 -1.558308
0.973344 0.229314 0.004113 293.522689 -0.229349 0.973241 0.014178 -45.486228 -0.000751 -0.014743 0.999891 -1.558279
0.973349 0.229294 0.004060 293.522542 -0.229329 0.973243 0.014369 -45.487267 -0.000656 -0.014917 0.999889 -1.558251
0.973338 0.229339 0.003994 293.522335 -0.229373 0.973234 0.014271 -45.487926 -0.000614 -0.014807 0.999890 -1.558233
0.973362 0.229238 0.003948 293.522240 -0.229271 0.973257 0.014356 -45.488800 -0.000552 -0.014879 0.999889 -1.558210
0.973378 0.229175 0.003833 293.522033 -0.229207 0.973270 0.014470 -45.489459 -0.000414 -0.014964 0.999888 -1.558191
0.973389 0.229130 0.003766 293.521882 -0.229161 0.973282 0.014416 -45.490225 -0.000362 -0.014895 0.999889 -1.558170
0.973379 0.229170 0.003712 293.521780 -0.229200 0.973273 0.014405 -45.490691 -0.000312 -0.014872 0.999889 -1.558157
0.973387 0.229137 0.003735 293.521573 -0.229168 0.973280 0.014446 -45.491349 -0.000325 -0.014918 0.999889 -1.558139
0.973387 0.229139 0.003628 293.521420 -0.229167 0.973279 0.014482 -45.491980 -0.000212 -0.014927 0.999889 -1.558121
0.973386 0.229145 0.003552 293.521320 -0.229173 0.973279 0.014414 -45.492582 -0.000154 -0.014844 0.999890 -1.558105
0.973390 0.229129 0.003412 293.521219 -0.229154 0.973283 0.014436 -45.493047 -0.000013 -0.014834 0.999890 -1.558092
0.973387 0.229141 0.003352 293.521113 -0.229166 0.973282 0.014354 -45.493240 0.000026 -0.014740 0.999891 -1.558086
0.973372 0.229209 0.003299 293.521066 -0.229233 0.973265 0.014372 -45.493677 0.000084 -0.014746 0.999891 -1.558075
0.973374 0.229201 0.003238 293.520962 -0.229224 0.973267 0.014382 -45.494007 0.000145 -0.014741 0.999891 -1.558065
0.973376 0.229193 0.003176 293.520912 -0.229215 0.973270 0.014369 -45.494308 0.000202 -0.014714 0.999892 -1.558057
0.973378 0.229184 0.003202 293.520863 -0.229206 0.973270 0.014488 -45.494609 0.000204 -0.014837 0.999890 -1.558049
0.973396 0.229109 0.003134 293.520757 -0.229130 0.973289 0.014445 -45.494801 0.000259 -0.014778 0.999891 -1.558043
0.973390 0.229133 0.003140 293.520707 -0.229155 0.973282 0.014471 -45.495102 0.000260 -0.014806 0.999890 -1.558035
0.973387 0.229147 0.003139 293.520655 -0.229169 0.973279 0.014470 -45.495267 0.000261 -0.014804 0.999890 -1.558030
0.973399 0.229094 0.003120 293.520606 -0.229115 0.973291 0.014529 -45.495568 0.000292 -0.014858 0.999890 -1.558022
0.973387 0.229148 0.003060 293.520608 -0.229168 0.973278 0.014551 -45.495704 0.000356 -0.014865 0.999889 -1.558019
0.973392 0.229126 0.003090 293.520556 -0.229147 0.973283 0.014555 -45.495869 0.000328 -0.014875 0.999889 -1.558014
0.973383 0.229162 0.003063 293.520504 -0.229182 0.973274 0.014567 -45.496034 0.000357 -0.014881 0.999889 -1.558009
0.973380 0.229176 0.003032 293.520450 -0.229195 0.973271 0.014568 -45.496062 0.000388 -0.014875 0.999889 -1.558008
0.973388 0.229143 0.003065 293.520398 -0.229164 0.973279 0.014536 -45.496226 0.000347 -0.014851 0.999890 -1.558004
0.973399 0.229096 0.003095 293.520400 -0.229117 0.973290 0.014568 -45.496363 0.000326 -0.014889 0.999889 -1.558000
0.973402 0.229082 0.003053 293.520349 -0.229103 0.973293 0.014557 -45.496527 0.000363 -0.014870 0.999889 -1.557995
0.973411 0.229044 0.002967 293.520351 -0.229063 0.973301 0.014668 -45.496664 0.000472 -0.014958 0.999888 -1.557992
0.973411 0.229045 0.002958 293.520353 -0.229064 0.973300 0.014743 -45.496800 0.000497 -0.015029 0.999887 -1.557989
0.973415 0.229032 0.002863 293.520299 -0.229050 0.973304 0.014707 -45.496828 0.000582 -0.014972 0.999888 -1.557987
0.973413 0.229039 0.002868 293.520301 -0.229057 0.973302 0.014698 -45.496965 0.000575 -0.014964 0.999888 -1.557984
0.973403 0.229082 0.002836 293.520247 -0.229099 0.973293 0.014632 -45.496993 0.000592 -0.014892 0.999889 -1.557983
0.973395 0.229119 0.002767 293.520249 -0.229135 0.973283 0.014719 -45.497129 0.000679 -0.014961 0.999888 -1.557979
0.973408 0.229062 0.002746 293.520195 -0.229078 0.973298 0.014627 -45.497158 0.000678 -0.014867 0.999889 -1.557978
0.973410 0.229056 0.002629 293.520198 -0.229070 0.973299 0.014677 -45.497294 0.000803 -0.014889 0.999889 -1.557975
0.973419 0.229018 0.002635 293.520198 -0.229031 0.973308 0.014717 -45.497294 0.000806 -0.014929 0.999888 -1.557975
0.973401 0.229095 0.002579 293.520143 -0.229108 0.973290 0.014685 -45.497322 0.000854 -0.014886 0.999889 -1.557973
0.973410 0.229057 0.002577 293.520200 -0.229070 0.973298 0.014748 -45.497430 0.000870 -0.014946 0.999888 -1.557971
0.973416 0.229031 0.002566 293.520146 -0.229044 0.973303 0.014818 -45.497459 0.000897 -0.015012 0.999887 -1.557970
0.973418 0.229023 0.002503 293.520146 -0.229034 0.973306 0.014775 -45.497459 0.000948 -0.014955 0.999888 -1.557970
0.973410 0.229054 0.002551 293.520092 -0.229066 0.973298 0.014824 -45.497487 0.000912 -0.015015 0.999887 -1.557969
0.973412 0.229049 0.002440 293.520148 -0.229060 0.973298 0.014922 -45.497595 0.001043 -0.015084 0.999886 -1.557966
0.973422 0.229008 0.002392 293.520094 -0.229018 0.973305 0.015101 -45.497623 0.001130 -0.015247 0.999883 -1.557965
0.973419 0.229019 0.002312 293.520094 -0.229028 0.973302 0.015135 -45.497623 0.001216 -0.015262 0.999883 -1.557965
0.973413 0.229047 0.002302 293.520094 -0.229055 0.973296 0.015116 -45.497623 0.001221 -0.015242 0.999883 -1.557965
0.973418 0.229024 0.002333 293.520150 -0.229033 0.973301 0.015118 -45.497731 0.001192 -0.015250 0.999883 -1.557963
0.973413 0.229045 0.002353 293.520096 -0.229054 0.973295 0.015186 -45.497760 0.001188 -0.015321 0.999882 -1.557962
0.973419 0.229020 0.002314 293.520096 -0.229028 0.973302 0.015145 -45.497760 0.001216 -0.015272 0.999883 -1.557962
0.973395 0.229124 0.002242 293.520096 -0.229131 0.973277 0.015156 -45.497760 0.001290 -0.015266 0.999883 -1.557962
0.973404 0.229084 0.002254 293.520096 -0.229091 0.973288 0.015089 -45.497760 0.001263 -0.015204 0.999884 -1.557962
0.973410 0.229060 0.002211 293.520042 -0.229067 0.973294 0.015071 -45.497788 0.001300 -0.015177 0.999884 -1.557961
0.973418 0.229023 0.002278 293.520042 -0.229031 0.973301 0.015172 -45.497788 0.001257 -0.015291 0.999882 -1.557961
0.973409 0.229064 0.002280 293.520042 -0.229072 0.973291 0.015160 -45.497788 0.001254 -0.015279 0.999882 -1.557961
0.973411 0.229053 0.002242 293.520098 -0.229061 0.973294 0.015139 -45.497896 0.001285 -0.015250 0.999883 -1.557958
0.973409 0.229063 0.002293 293.520098 -0.229071 0.973292 0.015164 -45.497896 0.001242 -0.015286 0.999882 -1.557958
0.973409 0.229061 0.002311 293.520044 -0.229069 0.973292 0.015169 -45.497924 0.001225 -0.015295 0.999882 -1.557957
0.973399 0.229104 0.002314 293.520044 -0.229113 0.973281 0.015192 -45.497924 0.001228 -0.015318 0.999882 -1.557957
0.973399 0.229106 0.002316 293.520044 -0.229115 0.973283 0.015041 -45.497924 0.001192 -0.015172 0.999884 -1.557957
0.973396 0.229116 0.002291 293.520044 -0.229125 0.973282 0.014983 -45.497924 0.001203 -0.015109 0.999885 -1.557957
