0.999992 0.004064 0.000256 1.547794 -0.004063 0.999991 -0.001564 -0.008969 -0.000263 0.001563 0.999999 -0.005510
0.999976 0.006867 0.001146 3.099077 -0.006863 0.999972 -0.003114 -0.026017 -0.001167 0.003106 0.999994 -0.018358
0.999952 0.009759 0.001301 5.071564 -0.009756 0.999949 -0.002451 -0.070938 -0.001325 0.002438 0.999996 -0.034498
0.999897 0.014260 -0.001353 6.998911 -0.014267 0.999884 -0.005389 -0.109137 0.001276 0.005408 0.999985 -0.044444
0.999850 0.016220 0.006019 8.565852 -0.016184 0.999851 -0.006025 -0.131370 -0.006116 0.005926 0.999964 -0.055411
0.999757 0.021992 -0.001345 10.492462 -0.022000 0.999737 -0.006550 -0.171187 0.001200 0.006578 0.999978 -0.071153
0.999647 0.025786 -0.006358 12.033593 -0.025843 0.999624 -0.009134 -0.222719 0.006120 0.009295 0.999938 -0.084837
0.999377 0.035175 0.002810 14.708378 -0.035135 0.999296 -0.013129 -0.330793 -0.003270 0.013022 0.999910 -0.074579
0.999105 0.042295 0.000655 16.609171 -0.042278 0.998961 -0.017025 -0.415765 -0.001375 0.016983 0.999855 -0.099261
0.998496 0.054773 0.002533 18.863425 -0.054706 0.998269 -0.021571 -0.536035 -0.003711 0.021400 0.999764 -0.127301
0.998003 0.063160 0.000222 20.367265 -0.063137 0.997728 -0.023499 -0.631181 -0.001706 0.023439 0.999724 -0.154112
0.997274 0.073775 -0.001666 22.611707 -0.073793 0.996968 -0.024670 -0.802623 -0.000159 0.024725 0.999694 -0.177099
0.996828 0.079590 -0.000630 24.089992 -0.079580 0.996507 -0.025330 -0.935434 -0.001388 0.025300 0.999679 -0.185188
0.996212 0.086949 -0.000779 25.969717 -0.086940 0.995872 -0.026080 -1.119657 -0.001492 0.026049 0.999660 -0.202177
0.995562 0.094063 0.002989 27.825157 -0.093972 0.995316 -0.022705 -1.306055 -0.005111 0.022323 0.999738 -0.212511
0.994751 0.101960 0.008653 29.635322 -0.101807 0.994666 -0.016554 -1.504774 -0.010295 0.015586 0.999826 -0.227040
0.994157 0.107436 0.010474 31.097927 -0.107340 0.994178 -0.009382 -1.679553 -0.011421 0.008202 0.999901 -0.260834
0.993517 0.113023 0.012257 32.934935 -0.112951 0.993580 -0.006423 -1.914974 -0.012904 0.004996 0.999904 -0.314335
0.993113 0.116823 0.008883 34.390155 -0.116775 0.993142 -0.005712 -2.102861 -0.009489 0.004635 0.999944 -0.353463
0.992216 0.124043 0.010971 36.207353 -0.123999 0.992272 -0.004538 -2.347311 -0.011449 0.003142 0.999930 -0.389859
0.990809 0.133959 0.018799 38.720156 -0.133930 0.990987 -0.002774 -2.699153 -0.019001 0.000231 0.999819 -0.460892
0.989783 0.141981 0.013110 40.427715 -0.141977 0.989869 -0.001228 -2.962603 -0.013151 -0.000646 0.999913 -0.500777
0.988432 0.151271 0.010886 42.455269 -0.151254 0.988492 -0.002405 -3.284667 -0.011124 0.000731 0.999938 -0.532088
0.987490 0.157205 0.012225 43.749176 -0.157180 0.987565 -0.002991 -3.508471 -0.012543 0.001032 0.999921 -0.542879
0.986144 0.165299 0.014014 45.323152 -0.165252 0.986241 -0.004492 -3.792699 -0.014563 0.002113 0.999892 -0.573667
0.984930 0.172486 0.012743 46.824074 -0.172451 0.985011 -0.003788 -4.060670 -0.013205 0.001533 0.999912 -0.570686
0.983669 0.179376 0.014815 48.265319 -0.179350 0.983781 -0.003098 -4.336756 -0.015131 0.000390 0.999885 -0.606047
0.982319 0.186405 0.017399 49.636123 -0.186427 0.982469 -0.000391 -4.595045 -0.017167 -0.002860 0.999849 -0.618819
0.981444 0.191427 0.011145 50.914982 -0.191440 0.981504 0.000034 -4.861715 -0.010932 -0.002167 0.999938 -0.650264
0.980577 0.195910 0.009409 51.878210 -0.195917 0.980620 -0.000171 -5.073099 -0.009260 -0.001676 0.999956 -0.680535
0.978818 0.204541 0.008825 53.273872 -0.204555 0.978855 0.000730 -5.352593 -0.008489 -0.002519 0.999961 -0.691097
0.977838 0.209110 0.010323 54.147792 -0.209146 0.977881 0.002554 -5.561403 -0.009561 -0.004656 0.999943 -0.729155
0.976375 0.215713 0.012670 55.220619 -0.215826 0.976396 0.008360 -5.808625 -0.010568 -0.010897 0.999885 -0.759083
0.974999 0.221906 0.011633 56.213031 -0.222010 0.975007 0.008514 -6.062979 -0.009453 -0.010884 0.999896 -0.801316
0.973618 0.228021 0.008580 57.176752 -0.228116 0.973556 0.012345 -6.300209 -0.005538 -0.013976 0.999887 -0.842097
0.972770 0.231645 0.007671 57.895999 -0.231734 0.972675 0.014228 -6.493755 -0.004166 -0.015618 0.999869 -0.873191
0.971361 0.237466 0.008205 58.951516 -0.237571 0.971239 0.015979 -6.763198 -0.004175 -0.017471 0.999839 -0.899507
0.970611 0.240525 0.007904 59.644027 -0.240620 0.970505 0.014909 -6.927083 -0.004085 -0.016373 0.999858 -0.918331
0.969295 0.245740 0.008918 60.509693 -0.245844 0.969216 0.013436 -7.147384 -0.005342 -0.015216 0.999870 -0.934171
0.968700 0.248075 0.008949 61.170404 -0.248182 0.968612 0.014001 -7.323414 -0.005195 -0.015784 0.999862 -0.942900
0.967380 0.253208 0.007879 62.223115 -0.253303 0.967268 0.015169 -7.610486 -0.003780 -0.016670 0.999854 -0.949772
0.966668 0.255933 0.007164 62.917950 -0.256011 0.966574 0.013863 -7.800334 -0.003376 -0.015235 0.999878 -0.961407
0.965461 0.260524 0.003397 63.805484 -0.260546 0.965394 0.011404 -8.052190 -0.000308 -0.011895 0.999929 -0.960877
0.964721 0.263254 0.003341 64.554875 -0.263274 0.964670 0.009968 -8.237685 -0.000599 -0.010496 0.999945 -0.977694
0.962930 0.269560 -0.010168 65.877768 -0.269460 0.962957 0.010230 -8.587408 0.012549 -0.007111 0.999896 -0.984335
0.961937 0.272771 -0.016526 67.052822 -0.272585 0.962048 0.012646 -8.890985 0.019348 -0.007660 0.999783 -0.985189
0.960916 0.276798 -0.004856 68.078704 -0.276752 0.960905 0.008356 -9.178597 0.006980 -0.006686 0.999953 -0.975868
0.958772 0.283862 0.013363 69.355089 -0.283916 0.958847 0.002220 -9.533949 -0.012183 -0.005923 0.999908 -0.945715
0.957477 0.287216 0.027277 70.258641 -0.287342 0.957828 0.000726 -9.807539 -0.025918 -0.008534 0.999628 -0.960577
0.954941 0.294379 0.037807 71.460290 -0.294439 0.955662 -0.004099 -10.180735 -0.037337 -0.007217 0.999277 -0.983345
0.953194 0.301970 0.015317 73.291184 -0.302108 0.953243 0.007641 -10.762768 -0.012294 -0.011911 0.999853 -1.068270
0.952334 0.304994 0.006186 74.416167 -0.305047 0.952272 0.011169 -11.126602 -0.002485 -0.012524 0.999918 -1.082059
0.951464 0.307704 0.005869 75.561288 -0.307760 0.951324 0.016317 -11.500211 -0.000562 -0.017331 0.999850 -1.118953
0.949921 0.312440 0.005528 77.676275 -0.312486 0.949680 0.021475 -12.193883 0.001460 -0.022127 0.999754 -1.129976
0.949070 0.314961 0.008147 78.945395 -0.315060 0.948900 0.018062 -12.625114 -0.002041 -0.019709 0.999804 -1.139406
0.948149 0.317798 0.004242 80.573188 -0.317811 0.947890 0.022388 -13.188870 0.003094 -0.022575 0.999740 -1.145584
0.947577 0.319528 -0.000414 81.925723 -0.319415 0.947272 0.025484 -13.675786 0.008535 -0.024015 0.999675 -1.158751
0.946688 0.322126 0.004112 84.007637 -0.322135 0.946427 0.022464 -14.418828 0.003345 -0.022591 0.999739 -1.149623
0.945483 0.325659 0.002819 85.806391 -0.325647 0.945276 0.020178 -15.066713 0.003906 -0.019997 0.999792 -1.158952
0.943040 0.332674 0.001645 88.016579 -0.332650 0.942885 0.017678 -15.885200 0.004330 -0.017219 0.999842 -1.167212
0.940779 0.339008 0.003057 89.927579 -0.339013 0.940655 0.015457 -16.586971 0.002364 -0.015578 0.999876 -1.176167
0.939108 0.343623 -0.000149 91.459462 -0.343571 0.938973 0.016990 -17.181365 0.005979 -0.015904 0.999856 -1.177850
0.938103 0.346352 -0.001558 93.055164 -0.346275 0.937972 0.017397 -17.796922 0.007487 -0.015781 0.999847 -1.182133
0.936650 0.350266 -0.000390 95.054393 -0.350194 0.936481 0.019171 -18.554126 0.007080 -0.017820 0.999816 -1.184332
0.934229 0.356671 -0.001013 97.485748 -0.356585 0.934061 0.019435 -19.500282 0.007878 -0.017795 0.999811 -1.180727
0.932633 0.360824 -0.001109 99.147535 -0.360741 0.932476 0.018828 -20.153649 0.007828 -0.017160 0.999822 -1.177632
0.931024 0.364950 -0.002626 100.809398 -0.364821 0.930845 0.020798 -20.829258 0.010034 -0.018406 0.999780 -1.181368
0.928763 0.370659 -0.003439 102.898115 -0.370464 0.928507 0.025116 -21.689335 0.012503 -0.022052 0.999679 -1.178567
0.927173 0.374632 -0.001038 105.004092 -0.374471 0.926848 0.026907 -22.546929 0.011043 -0.024559 0.999637 -1.163203
0.925367 0.379049 -0.004091 107.104109 -0.378809 0.925075 0.027213 -23.417814 0.014099 -0.023632 0.999621 -1.156585
0.924724 0.380512 -0.009770 108.797951 -0.380144 0.924528 0.027176 -24.141539 0.019373 -0.021416 0.999583 -1.148661
0.923834 0.382578 -0.012876 111.321681 -0.382214 0.923763 0.023978 -25.211773 0.021067 -0.017230 0.999630 -1.113023
0.922006 0.386837 -0.016175 113.847851 -0.386537 0.922080 0.018886 -26.290626 0.022221 -0.011161 0.999691 -1.075588
0.920740 0.389694 -0.019382 115.547538 -0.389410 0.920910 0.016887 -27.027804 0.024430 -0.008001 0.999670 -1.049304
0.915036 0.402475 -0.026881 121.289454 -0.402203 0.915426 0.015120 -29.545450 0.030693 -0.003024 0.999524 -0.912291
0.913863 0.405059 -0.027948 123.320375 -0.404912 0.914289 0.010986 -30.461904 0.030002 0.001277 0.999549 -0.868104
0.912950 0.406964 -0.030030 124.947201 -0.406862 0.913438 0.009711 -31.201785 0.031383 0.003353 0.999502 -0.834192
0.911058 0.411335 -0.027864 127.375484 -0.411318 0.911468 0.006604 -32.329058 0.028113 0.005445 0.999590 -0.768551
0.909366 0.414851 -0.030855 128.966559 -0.414866 0.909861 0.006240 -33.062755 0.030662 0.007127 0.999504 -0.729468
0.907558 0.418510 -0.034475 130.934588 -0.418551 0.908171 0.006368 -34.006661 0.033974 0.008651 0.999385 -0.673046
0.907126 0.419099 -0.038455 132.890487 -0.419269 0.907854 0.003922 -34.922710 0.036556 0.012565 0.999253 -0.613520
0.906570 0.420301 -0.038432 134.769425 -0.420410 0.907317 0.005585 -35.762987 0.037217 0.011094 0.999246 -0.549733
0.903725 0.424208 -0.057697 136.676507 -0.424783 0.905292 0.002524 -36.699953 0.053303 0.022228 0.998331 -0.460581
0.903383 0.424892 -0.058015 138.529970 -0.425939 0.904729 -0.006442 -37.618254 0.049751 0.030530 0.998295 -0.355227
0.901960 0.428440 -0.053924 140.356882 -0.429431 0.903066 -0.007789 -38.507567 0.045360 0.030182 0.998515 -0.266261
0.900599 0.431563 -0.051717 141.783625 -0.432462 0.901624 -0.007115 -39.207961 0.043559 0.028773 0.998636 -0.190360
0.898561 0.435658 -0.052818 143.216990 -0.436318 0.899792 -0.001075 -39.907188 0.047057 0.024011 0.998604 -0.128046
0.896494 0.440272 -0.049587 144.976191 -0.440742 0.897632 0.001620 -40.771128 0.045224 0.020402 0.998768 -0.047944
0.894337 0.444564 -0.050250 146.744129 -0.444928 0.895556 0.004310 -41.667496 0.046918 0.018503 0.998727 0.054565
0.892812 0.447625 -0.050181 148.139919 -0.447899 0.894062 0.006274 -42.389701 0.047673 0.016875 0.998720 0.109387
0.890829 0.451198 -0.053329 149.836072 -0.451280 0.892312 0.011176 -43.270310 0.052629 0.014110 0.998514 0.174260
0.889864 0.453000 -0.054162 151.567672 -0.452946 0.891429 0.013972 -44.167345 0.054610 0.012099 0.998434 0.258197
0.888774 0.455394 -0.051941 152.900803 -0.455344 0.890214 0.013483 -44.850692 0.052378 0.011668 0.998559 0.332750
0.886588 0.459356 -0.054351 154.589550 -0.459340 0.888157 0.013520 -45.734602 0.054483 0.012979 0.998430 0.398329
0.884303 0.463458 -0.056696 155.963636 -0.463486 0.886002 0.013437 -46.458912 0.056460 0.014395 0.998301 0.482888
0.882118 0.467592 -0.056800 157.329107 -0.467473 0.883859 0.016188 -47.202838 0.057773 0.012272 0.998254 0.550451
0.878818 0.473576 -0.058356 159.030607 -0.473161 0.880711 0.021613 -48.131261 0.061630 0.008618 0.998062 0.645505
0.877177 0.476479 -0.059399 160.373561 -0.476046 0.879141 0.022146 -48.880232 0.062773 0.008851 0.997989 0.720023
0.874839 0.480487 -0.061553 162.024812 -0.480165 0.876929 0.020892 -49.815994 0.064016 0.011278 0.997885 0.822904
0.873869 0.482517 -0.059422 163.647529 -0.482267 0.875809 0.019435 -50.738970 0.061421 0.011673 0.998044 0.943820
0.873162 0.483904 -0.058519 165.620782 -0.483688 0.875040 0.018740 -51.857336 0.060274 0.011942 0.998110 1.074239
0.872508 0.484793 -0.060880 166.939364 -0.484683 0.874514 0.017557 -52.589378 0.061752 0.014189 0.997991 1.149709
0.872667 0.483886 -0.065629 168.573366 -0.483822 0.874983 0.017921 -53.489359 0.066096 0.016113 0.997683 1.258497
0.873503 0.482889 -0.061732 169.852081 -0.482776 0.875564 0.017717 -54.194275 0.062605 0.014327 0.997936 1.345417
0.873562 0.482664 -0.062650 171.457256 -0.482349 0.875726 0.021065 -55.077147 0.065031 0.011817 0.997813 1.460150
0.873961 0.482121 -0.061260 172.748563 -0.481482 0.876077 0.025767 -55.763068 0.066091 0.006976 0.997789 1.545209
0.874065 0.482252 -0.058681 173.994266 -0.481401 0.876027 0.028807 -56.436975 0.065298 0.003070 0.997861 1.640062
0.876924 0.477655 -0.053386 175.546759 -0.476580 0.878543 0.032145 -57.281684 0.062257 -0.002746 0.998056 1.753687
0.880512 0.471448 -0.049358 177.076383 -0.470062 0.881840 0.037414 -58.125281 0.061165 -0.009742 0.998080 1.844009
0.887443 0.457638 -0.054881 178.617121 -0.455977 0.889072 0.040452 -58.955952 0.067305 -0.010875 0.997673 1.939851
0.898909 0.433702 -0.062172 180.447490 -0.431545 0.900947 0.045421 -59.882401 0.075713 -0.013999 0.997031 2.065848
0.906372 0.417787 -0.062809 181.642788 -0.415250 0.908347 0.049736 -60.453595 0.077832 -0.018998 0.996785 2.161532
0.920939 0.384950 -0.060710 183.444442 -0.382295 0.922632 0.051006 -61.252646 0.075648 -0.023764 0.996851 2.306353
0.931208 0.359669 -0.059073 184.914115 -0.356707 0.932590 0.055103 -61.849714 0.074910 -0.030241 0.996732 2.415598
0.939898 0.336196 -0.059706 186.056711 -0.333324 0.941312 0.053168 -62.261108 0.074077 -0.030072 0.996799 2.487984
0.949819 0.303276 -0.076597 187.502763 -0.300447 0.952670 0.046376 -62.763353 0.087036 -0.021035 0.995983 2.590233
0.957683 0.275537 -0.083198 188.661111 -0.272672 0.961088 0.044261 -63.126256 0.092156 -0.019702 0.995550 2.676812
0.965245 0.248307 -0.081525 189.757275 -0.245578 0.968462 0.042105 -63.427624 0.089409 -0.020621 0.995782 2.762802
0.972971 0.211818 -0.091979 191.426188 -0.207976 0.976874 0.049630 -63.837515 0.100365 -0.029159 0.994523 2.912971
0.978798 0.175148 -0.106197 193.072012 -0.170973 0.984140 0.047291 -64.168822 0.112796 -0.028132 0.993220 3.052599
0.982579 0.154325 -0.103548 194.107506 -0.149511 0.987350 0.052790 -64.342274 0.110385 -0.036389 0.993223 3.170576
0.985331 0.137037 -0.101707 195.136975 -0.131777 0.989652 0.056775 -64.498530 0.108435 -0.042539 0.993193 3.273945
0.988227 0.118781 -0.096429 196.350965 -0.112897 0.991520 0.064359 -64.662967 0.103256 -0.052715 0.993257 3.410667
0.989809 0.103187 -0.098135 197.305928 -0.095743 0.992364 0.077767 -64.767962 0.105410 -0.067578 0.992130 3.499838
0.991663 0.085539 -0.096376 198.423352 -0.077305 0.993278 0.086161 -64.857928 0.103098 -0.077992 0.991609 3.627274
0.993245 0.066277 -0.095248 199.697316 -0.057743 0.994291 0.089725 -64.955258 0.100651 -0.083619 0.991402 3.755406
0.993930 0.053908 -0.095904 200.491790 -0.045398 0.995014 0.088807 -65.013503 0.100213 -0.083914 0.991421 3.833143
0.994446 0.038848 -0.097812 201.463237 -0.030212 0.995638 0.088277 -65.073486 0.100815 -0.084832 0.991282 3.925978
0.994532 0.021961 -0.102101 202.398960 -0.012484 0.995630 0.092551 -65.108304 0.103687 -0.090771 0.990459 4.017546
0.994331 0.010271 -0.105831 203.089977 -0.000390 0.995669 0.092973 -65.132410 0.106327 -0.092405 0.990028 4.091888
0.993695 -0.002718 -0.112085 203.951080 0.012996 0.995760 0.091070 -65.128512 0.111362 -0.091952 0.989517 4.172424
0.993535 -0.011185 -0.112972 204.581877 0.021102 0.995987 0.086973 -65.133847 0.111546 -0.088795 0.989784 4.244154
0.993135 -0.021730 -0.114936 205.317490 0.032047 0.995543 0.088695 -65.127440 0.112497 -0.091770 0.989405 4.319561
0.990847 -0.032908 -0.130918 206.284911 0.045222 0.994710 0.092232 -65.110941 0.127190 -0.097308 0.987094 4.419338
0.989571 -0.043477 -0.137328 207.039359 0.055782 0.994640 0.087062 -65.086859 0.132807 -0.093814 0.986692 4.508063
0.989316 -0.051602 -0.136347 207.637369 0.064033 0.994023 0.088419 -65.059835 0.130970 -0.096205 0.986707 4.573410
0.990007 -0.060938 -0.127169 208.402769 0.072489 0.993455 0.088270 -65.005504 0.120958 -0.096606 0.987946 4.660272
0.991525 -0.068142 -0.110611 209.036116 0.077744 0.993348 0.084947 -64.954355 0.104087 -0.092827 0.990227 4.748699
0.991066 -0.073556 -0.111251 209.542699 0.083611 0.992553 0.088586 -64.909288 0.103906 -0.097096 0.989836 4.807906
0.990434 -0.079187 -0.113006 210.238659 0.089810 0.991679 0.092231 -64.844642 0.104762 -0.101498 0.989304 4.879174
0.989138 -0.084532 -0.120252 210.812497 0.095741 0.991264 0.090711 -64.791727 0.111534 -0.101239 0.988590 4.935662
0.985995 -0.091296 -0.139568 211.633364 0.103203 0.991390 0.080589 -64.714822 0.131009 -0.093864 0.986928 4.987440
0.985308 -0.095002 -0.141927 212.308881 0.107329 0.990847 0.081869 -64.633424 0.132851 -0.095899 0.986486 5.059407
0.984600 -0.096732 -0.145620 213.170985 0.109792 0.990358 0.084474 -64.526938 0.136044 -0.099161 0.985728 5.161742
0.984212 -0.098834 -0.146829 213.901853 0.111473 0.990502 0.080489 -64.438991 0.137479 -0.095586 0.985882 5.242567
0.983600 -0.102546 -0.148373 214.835118 0.115019 0.990291 0.078065 -64.339784 0.138927 -0.093850 0.985846 5.362461
0.983008 -0.105404 -0.150286 215.563768 0.118098 0.989919 0.078188 -64.260562 0.140530 -0.094608 0.985546 5.454908
0.982293 -0.109970 -0.151684 216.543009 0.122286 0.989704 0.074384 -64.151660 0.141942 -0.091616 0.985626 5.578793
0.981908 -0.114541 -0.150790 217.768705 0.126432 0.989377 0.071758 -64.028941 0.140969 -0.089524 0.985958 5.740064
0.982025 -0.117329 -0.147857 218.801652 0.129243 0.988870 0.073700 -63.906083 0.137564 -0.091485 0.986259 5.884479
0.981596 -0.120608 -0.148067 220.047655 0.132403 0.988538 0.072538 -63.741121 0.137621 -0.090807 0.986314 6.046219
0.981524 -0.122260 -0.147186 220.851920 0.133581 0.988589 0.069627 -63.635984 0.136994 -0.088002 0.986655 6.146150
0.981130 -0.123837 -0.148484 221.657045 0.135648 0.988122 0.072209 -63.534165 0.137779 -0.090988 0.986275 6.252204
0.980660 -0.126211 -0.149589 222.658929 0.138003 0.987868 0.071222 -63.394847 0.138785 -0.090488 0.986180 6.386761
0.980043 -0.128599 -0.151582 223.837704 0.140682 0.987445 0.071842 -63.221624 0.140440 -0.091733 0.985830 6.542814
0.979917 -0.127764 -0.153097 224.587005 0.140185 0.987412 0.073250 -63.115329 0.141811 -0.093241 0.985493 6.643911
0.978382 -0.129187 -0.161492 225.898103 0.142339 0.987147 0.072667 -62.912694 0.150029 -0.094083 0.984195 6.828053
0.978115 -0.128987 -0.163256 227.108084 0.142018 0.987330 0.070790 -62.722619 0.152057 -0.092426 0.984041 7.008318
0.977947 -0.128884 -0.164341 227.926457 0.141691 0.987524 0.068699 -62.561878 0.153437 -0.090469 0.984008 7.130516
0.977776 -0.128197 -0.165891 228.523560 0.140825 0.987785 0.066697 -62.454618 0.155314 -0.088576 0.983886 7.221742
0.976934 -0.130051 -0.169370 229.272791 0.142818 0.987582 0.065460 -62.316005 0.158754 -0.088139 0.983376 7.338468
0.976820 -0.130414 -0.169752 229.786806 0.142933 0.987681 0.063696 -62.206998 0.159354 -0.086482 0.983426 7.424320
0.976121 -0.132754 -0.171945 230.377584 0.145026 0.987556 0.060838 -62.093481 0.161729 -0.084322 0.983226 7.527707
0.975829 -0.133899 -0.172711 230.762314 0.146002 0.987503 0.059334 -62.002879 0.162608 -0.083116 0.983184 7.588220
0.975743 -0.133950 -0.173157 231.168852 0.145977 0.987548 0.058641 -61.920179 0.163146 -0.082495 0.983147 7.659790
0.975480 -0.135237 -0.173636 231.437384 0.147019 0.987500 0.056827 -61.853448 0.163780 -0.080961 0.983169 7.707657
0.975458 -0.135284 -0.173726 231.657751 0.146889 0.987582 0.055718 -61.798339 0.164031 -0.079869 0.983216 7.739820
0.975647 -0.135516 -0.172474 231.902557 0.147107 0.987520 0.056240 -61.725596 0.162700 -0.080242 0.983407 7.784588
0.975475 -0.136190 -0.172916 232.019278 0.147777 0.987437 0.055943 -61.689019 0.163125 -0.080124 0.983346 7.805107
0.975357 -0.137208 -0.172780 232.109638 0.148688 0.987337 0.055293 -61.654509 0.163006 -0.079621 0.983407 7.820674
0.975531 -0.136758 -0.172152 232.179934 0.148310 0.987350 0.056074 -61.622374 0.162306 -0.080234 0.983473 7.834925
0.975659 -0.137009 -0.171223 232.230719 0.148313 0.987409 0.055008 -61.587963 0.161530 -0.079063 0.983696 7.837908
0.975510 -0.137557 -0.171632 232.269461 0.148932 0.987306 0.055197 -61.565163 0.161860 -0.079407 0.983614 7.842410
0.975569 -0.137407 -0.171419 232.280162 0.148693 0.987365 0.054773 -61.533488 0.161727 -0.078923 0.983675 7.841720
0.975414 -0.137731 -0.172039 232.273559 0.149049 0.987319 0.054639 -61.506861 0.162331 -0.078938 0.983574 7.837853
0.975268 -0.137783 -0.172824 232.263297 0.149177 0.987296 0.054707 -61.481484 0.163091 -0.079135 0.983432 7.838966
0.975369 -0.137726 -0.172297 232.247853 0.149020 0.987339 0.054365 -61.453269 0.162628 -0.078701 0.983544 7.833715
0.975414 -0.137862 -0.171935 232.238987 0.149181 0.987296 0.054692 -61.439310 0.162211 -0.078997 0.983589 7.830750
0.975393 -0.138119 -0.171847 232.229636 0.149515 0.987219 0.055176 -61.422421 0.162030 -0.079512 0.983577 7.831356
0.975362 -0.138143 -0.172004 232.217495 0.149504 0.987237 0.054883 -61.403973 0.162227 -0.079246 0.983566 7.826883
0.975418 -0.138350 -0.171520 232.213205 0.149684 0.987206 0.054946 -61.390875 0.161724 -0.079269 0.983647 7.821048
0.975515 -0.138366 -0.170955 232.201073 0.149757 0.987160 0.055572 -61.373177 0.161071 -0.079813 0.983710 7.823260
0.975532 -0.138525 -0.170725 232.190829 0.149874 0.987151 0.055420 -61.356172 0.160855 -0.079651 0.983759 7.819542
0.975583 -0.138672 -0.170315 232.182022 0.149985 0.987135 0.055398 -61.334425 0.160442 -0.079591 0.983831 7.815922
0.975514 -0.138954 -0.170482 232.174125 0.150423 0.987020 0.056245 -61.316056 0.160453 -0.080513 0.983754 7.817352
0.975431 -0.139472 -0.170537 232.167854 0.150785 0.987023 0.055229 -61.296137 0.160621 -0.079587 0.983802 7.814159
0.975466 -0.139327 -0.170453 232.158394 0.150651 0.987037 0.055345 -61.279620 0.160532 -0.079666 0.983810 7.811971
0.975357 -0.139525 -0.170916 232.150859 0.150893 0.986998 0.055368 -61.263088 0.160968 -0.079794 0.983729 7.805830
0.975392 -0.139694 -0.170575 232.149942 0.150964 0.987012 0.054930 -61.243103 0.160686 -0.079329 0.983812 7.801346
0.975284 -0.140043 -0.170905 232.143959 0.151428 0.986912 0.055445 -61.228446 0.160903 -0.079955 0.983726 7.800846
0.975247 -0.140339 -0.170874 232.145330 0.151772 0.986843 0.055731 -61.208969 0.160804 -0.080285 0.983716 7.801310
0.975283 -0.140750 -0.170328 232.131915 0.152058 0.986828 0.055208 -61.188190 0.160314 -0.079743 0.983840 7.799896
0.975383 -0.140941 -0.169600 232.123479 0.152204 0.986801 0.055289 -61.170348 0.159569 -0.079742 0.983961 7.798321
0.975409 -0.140674 -0.169673 232.119741 0.151985 0.986820 0.055563 -61.148616 0.159621 -0.079984 0.983933 7.798395
0.975345 -0.140973 -0.169789 232.111178 0.152326 0.986757 0.055740 -61.131384 0.159683 -0.080229 0.983903 7.799187
0.975289 -0.140802 -0.170255 232.096593 0.151990 0.986878 0.054505 -61.104124 0.160346 -0.079035 0.983892 7.791552
0.975282 -0.141047 -0.170092 232.090353 0.152353 0.986778 0.055295 -61.089549 0.160044 -0.079842 0.983876 7.792592
0.975239 -0.141706 -0.169789 232.084641 0.152935 0.986709 0.054924 -61.069897 0.159749 -0.079531 0.983949 7.790682
0.975354 -0.141527 -0.169276 232.085425 0.152824 0.986687 0.055619 -61.049699 0.159151 -0.080118 0.983998 7.792261
0.975362 -0.141603 -0.169165 232.092786 0.152826 0.986710 0.055208 -61.029326 0.159099 -0.079701 0.984040 7.789068
0.975376 -0.141959 -0.168790 232.098715 0.153226 0.986623 0.055647 -61.013120 0.158632 -0.080140 0.984080 7.790792
0.975389 -0.142094 -0.168598 232.112214 0.153417 0.986569 0.056084 -60.994056 0.158364 -0.080569 0.984088 7.791460
0.975439 -0.141749 -0.168602 232.120125 0.152984 0.986666 0.055557 -60.971832 0.158478 -0.079986 0.984117 7.790067
0.975531 -0.141173 -0.168549 232.147848 0.152451 0.986729 0.055894 -60.952924 0.158422 -0.080221 0.984107 7.793858
0.975665 -0.140916 -0.167991 232.204190 0.152117 0.986791 0.055722 -60.927037 0.157920 -0.079920 0.984212 7.800099
0.975744 -0.141502 -0.167035 232.237798 0.152723 0.986664 0.056297 -60.901621 0.156842 -0.080442 0.984342 7.805842
0.975852 -0.141511 -0.166397 232.283585 0.152696 0.986662 0.056407 -60.873639 0.156195 -0.080453 0.984444 7.813707
0.975809 -0.141672 -0.166513 232.315013 0.152856 0.986642 0.056321 -60.855067 0.156310 -0.080411 0.984429 7.812835
0.975808 -0.141828 -0.166385 232.319310 0.153089 0.986575 0.056868 -60.827461 0.156086 -0.080964 0.984420 7.816621
0.975915 -0.141911 -0.165685 232.333363 0.153034 0.986613 0.056356 -60.805239 0.155469 -0.080354 0.984567 7.815663
0.975823 -0.142570 -0.165659 232.359984 0.153798 0.986458 0.056988 -60.782454 0.155291 -0.081088 0.984535 7.819958
0.975778 -0.142928 -0.165619 232.400936 0.154024 0.986470 0.056150 -60.757188 0.155353 -0.080300 0.984590 7.824630
0.975906 -0.142677 -0.165079 232.431318 0.153808 0.986474 0.056672 -60.728118 0.154760 -0.080697 0.984651 7.830631
0.975968 -0.142798 -0.164606 232.460515 0.153874 0.986470 0.056559 -60.698505 0.154303 -0.080528 0.984736 7.837692
0.976081 -0.142809 -0.163923 232.491870 0.153727 0.986530 0.055907 -60.670742 0.153731 -0.079770 0.984888 7.839095
0.976158 -0.142407 -0.163820 232.533630 0.153265 0.986619 0.055606 -60.645659 0.153709 -0.079388 0.984922 7.845133
0.976222 -0.142484 -0.163365 232.573482 0.153331 0.986600 0.055765 -60.618493 0.153231 -0.079488 0.984988 7.853268
0.976228 -0.142779 -0.163074 232.628694 0.153534 0.986594 0.055310 -60.598490 0.152991 -0.079032 0.985062 7.856316
0.976364 -0.142290 -0.162686 232.679178 0.153094 0.986632 0.055855 -60.569768 0.152564 -0.079441 0.985096 7.867197
0.976419 -0.142345 -0.162310 232.748444 0.153067 0.986655 0.055522 -60.544119 0.152241 -0.079057 0.985176 7.878870
0.976599 -0.142653 -0.160950 232.817626 0.153311 0.986601 0.055801 -60.513467 0.150833 -0.079171 0.985384 7.888191
0.976555 -0.142994 -0.160912 232.940769 0.153591 0.986580 0.055406 -60.476592 0.150830 -0.078822 0.985412 7.904682
0.976579 -0.142904 -0.160848 233.064882 0.153511 0.986587 0.055508 -60.439484 0.150758 -0.078900 0.985417 7.919173
0.976532 -0.143083 -0.160971 233.259219 0.153703 0.986557 0.055512 -60.402302 0.150864 -0.078951 0.985397 7.945828
0.976546 -0.143165 -0.160818 233.462153 0.153760 0.986552 0.055427 -60.366192 0.150720 -0.078855 0.985426 7.971889
0.976551 -0.144074 -0.159970 233.760726 0.154672 0.986386 0.055842 -60.319955 0.149747 -0.079276 0.985541 8.011991
0.976428 -0.145825 -0.159131 234.129925 0.156270 0.986173 0.055165 -60.267033 0.148886 -0.078732 0.985715 8.063205
0.976440 -0.146808 -0.158150 234.437336 0.157041 0.986103 0.054211 -60.215134 0.147994 -0.077770 0.985926 8.110813
0.976076 -0.147941 -0.159340 234.792787 0.157993 0.986054 0.052308 -60.160840 0.149379 -0.076231 0.985837 8.163565
0.975616 -0.150109 -0.160129 235.248952 0.160176 0.985725 0.051862 -60.077741 0.150058 -0.076246 0.985733 8.231601
0.974855 -0.151917 -0.163029 235.643993 0.162309 0.985350 0.052360 -60.013911 0.152686 -0.077504 0.985231 8.281999
0.973907 -0.154942 -0.165828 236.190545 0.165599 0.984799 0.052413 -59.915670 0.155186 -0.078506 0.984761 8.355668
0.972735 -0.156622 -0.171046 236.658376 0.167496 0.984552 0.051020 -59.842178 0.160412 -0.078278 0.983941 8.411823
0.971831 -0.158070 -0.174810 237.258502 0.169108 0.984325 0.050061 -59.729041 0.164156 -0.078213 0.983329 8.495388
0.970886 -0.159391 -0.178817 237.918742 0.171045 0.983907 0.051672 -59.613604 0.167703 -0.080753 0.982525 8.592306
0.970814 -0.160656 -0.178075 238.476935 0.172318 0.983669 0.051980 -59.528310 0.166816 -0.081149 0.982643 8.681398
0.971584 -0.162152 -0.172428 239.229263 0.173094 0.983618 0.050340 -59.406904 0.161441 -0.078756 0.983735 8.791263
0.972050 -0.162266 -0.169674 239.850777 0.173328 0.983466 0.052458 -59.289453 0.158356 -0.080401 0.984103 8.881895
0.972635 -0.161322 -0.167202 240.651167 0.172482 0.983508 0.054425 -59.147970 0.155664 -0.081775 0.984419 9.003128
0.973450 -0.163220 -0.160482 242.423303 0.172460 0.983972 0.045344 -58.859401 0.150508 -0.071817 0.985997 9.261530
0.974411 -0.163970 -0.153740 243.344833 0.172156 0.984198 0.041444 -58.714277 0.144515 -0.066851 0.987242 9.404897
0.974990 -0.160228 -0.154017 244.244439 0.169648 0.984235 0.050013 -58.555416 0.143576 -0.074891 0.986802 9.542574
0.974972 -0.158941 -0.155462 244.964646 0.167983 0.984679 0.046781 -58.435423 0.145645 -0.071725 0.986734 9.661643
0.973702 -0.157353 -0.164758 245.854688 0.166251 0.985206 0.041597 -58.307120 0.155775 -0.067894 0.985456 9.815516
0.972870 -0.154500 -0.172201 246.557972 0.165494 0.984873 0.051345 -58.196341 0.161663 -0.078450 0.983723 9.956150
0.973611 -0.149890 -0.172088 247.356314 0.161681 0.985218 0.056601 -58.055821 0.161060 -0.082931 0.983454 10.102739
0.974041 -0.151007 -0.168644 248.016664 0.162691 0.984990 0.057679 -57.947921 0.157402 -0.083619 0.983988 10.238681
0.974639 -0.146912 -0.168805 249.040477 0.159016 0.985420 0.060502 -57.781917 0.157455 -0.085811 0.983791 10.407978
0.973921 -0.150581 -0.169717 250.088576 0.163448 0.984441 0.064500 -57.620052 0.157364 -0.090557 0.983380 10.564599
0.972971 -0.157135 -0.169220 250.679659 0.170279 0.983176 0.066101 -57.523514 0.155986 -0.093129 0.983359 10.663342
0.970310 -0.170287 -0.171758 251.471961 0.183662 0.980830 0.065128 -57.371274 0.157375 -0.094739 0.982984 10.785875
0.966166 -0.189897 -0.174534 252.265842 0.203635 0.976931 0.064337 -57.220352 0.158291 -0.097702 0.982547 10.893307
0.959033 -0.221265 -0.176910 253.133451 0.236018 0.969438 0.066968 -57.023867 0.156685 -0.105979 0.981946 11.013413
0.951027 -0.252205 -0.178717 253.843546 0.267508 0.961220 0.067048 -56.847777 0.154877 -0.111572 0.981613 11.102629
0.936654 -0.298965 -0.182482 254.732438 0.313831 0.947693 0.058217 -56.582853 0.155532 -0.111798 0.981484 11.236416
0.921420 -0.340955 -0.186372 255.435849 0.356402 0.932665 0.055797 -56.334843 0.154799 -0.117836 0.980894 11.341812
0.901993 -0.387116 -0.191182 256.132289 0.403285 0.913544 0.052899 -56.056066 0.154175 -0.124815 0.980128 11.442287
0.874300 -0.447053 -0.189057 256.965738 0.462785 0.885228 0.046911 -55.656570 0.146387 -0.128507 0.980845 11.585333
0.841527 -0.506616 -0.187543 257.803252 0.521936 0.852029 0.040374 -55.204509 0.139338 -0.131861 0.981426 11.709744
0.793133 -0.581399 -0.181426 258.786373 0.595997 0.802240 0.034636 -54.561927 0.125410 -0.135600 0.982794 11.860388
0.756533 -0.630767 -0.172602 259.428993 0.644627 0.763719 0.034491 -54.068610 0.110064 -0.137357 0.984388 11.964950
0.691370 -0.704596 -0.159852 260.360408 0.717015 0.696330 0.031853 -53.250236 0.088866 -0.136638 0.986627 12.096684
0.623568 -0.764780 -0.162094 261.060860 0.777454 0.628406 0.025931 -52.470737 0.082029 -0.142190 0.986435 12.190880
0.565647 -0.807951 -0.165104 261.575726 0.821095 0.570370 0.021919 -51.806608 0.076461 -0.147965 0.986033 12.240953
0.483551 -0.858491 -0.170798 262.290722 0.872724 0.487858 0.018649 -50.693066 0.067315 -0.158078 0.985129 12.322000
0.431750 -0.884520 -0.176683 262.710559 0.899983 0.435513 0.018951 -49.883227 0.060185 -0.167194 0.984085 12.393232
0.385101 -0.904123 -0.185091 263.202316 0.921251 0.388503 0.019023 -48.817251 0.054710 -0.177841 0.982537 12.455115
0.358363 -0.915031 -0.185189 263.565807 0.932209 0.361482 0.017826 -47.917809 0.050631 -0.179023 0.982541 12.497899
0.308711 -0.931952 -0.190166 264.441359 0.949897 0.312361 0.011248 -45.521173 0.048918 -0.184110 0.981688 12.603157
0.295491 -0.936401 -0.189311 264.767538 0.954254 0.298771 0.011639 -44.532397 0.045662 -0.184090 0.981848 12.643260
0.284106 -0.940167 -0.188069 265.180529 0.957794 0.287248 0.010917 -43.238603 0.043759 -0.183233 0.982095 12.688748
0.279755 -0.941815 -0.186338 265.507890 0.959099 0.282891 0.010097 -42.166799 0.043204 -0.181541 0.982434 12.738077
0.273080 -0.944078 -0.184780 265.918689 0.960985 0.276498 0.007527 -40.812979 0.043985 -0.179626 0.982751 12.780209
0.269577 -0.945219 -0.184091 266.313913 0.961975 0.273055 0.006682 -39.434344 0.043951 -0.178892 0.982887 12.829331
0.266494 -0.946428 -0.182361 266.732713 0.962840 0.270010 0.005738 -37.988478 0.043809 -0.177114 0.983215 12.879388
0.263542 -0.947315 -0.182042 267.140542 0.963521 0.267625 0.002211 -36.501215 0.046625 -0.175984 0.983288 12.937445
0.261273 -0.948649 -0.178328 267.574576 0.964105 0.265521 0.000046 -34.980487 0.047306 -0.171939 0.983971 12.995449
0.260192 -0.949303 -0.176422 267.921167 0.964345 0.264644 -0.001772 -33.752562 0.048371 -0.169671 0.984313 13.052769
0.261233 -0.949070 -0.176137 268.370236 0.963958 0.266029 -0.003760 -32.175716 0.050426 -0.168806 0.984358 13.100376
0.266444 -0.947889 -0.174685 269.087285 0.962522 0.271184 -0.003401 -29.589688 0.050596 -0.167231 0.984619 13.203869
0.271537 -0.946549 -0.174105 269.660907 0.961194 0.275872 -0.000724 -27.605876 0.048716 -0.167152 0.984727 13.275747
0.271439 -0.946451 -0.174791 270.037614 0.961081 0.276246 -0.003309 -26.251476 0.051417 -0.167090 0.984600 13.326679
0.271316 -0.946489 -0.174776 270.428805 0.961045 0.276352 -0.004674 -24.901162 0.052724 -0.166699 0.984597 13.388576
0.273924 -0.945638 -0.175311 270.922862 0.960131 0.279457 -0.007200 -23.216089 0.055801 -0.166349 0.984487 13.472273
0.271999 -0.946270 -0.174900 271.293919 0.960802 0.277182 -0.005443 -21.818095 0.053629 -0.166564 0.984571 13.542386
0.273065 -0.946348 -0.172802 271.692491 0.960729 0.277486 -0.001489 -20.424934 0.049359 -0.165609 0.984955 13.611974
0.270025 -0.946721 -0.175516 272.200199 0.960964 0.276394 -0.012441 -18.696137 0.060290 -0.165305 0.984398 13.698831
0.267804 -0.948036 -0.171779 272.683805 0.961815 0.273517 -0.010047 -16.959981 0.056509 -0.162529 0.985084 13.797589
0.267841 -0.948822 -0.167328 273.196901 0.962006 0.272921 -0.007702 -15.198660 0.052975 -0.158907 0.985871 13.904682
0.269409 -0.948255 -0.168019 273.591588 0.961715 0.274015 -0.004413 -13.766845 0.050224 -0.160398 0.985774 13.970727
0.269795 -0.947051 -0.174087 274.106474 0.961179 0.275731 -0.010398 -11.995238 0.057848 -0.164523 0.984675 14.062239
0.271537 -0.947136 -0.170885 274.563820 0.960758 0.277215 -0.009823 -10.549577 0.056676 -0.161511 0.985242 14.142307
0.271793 -0.947991 -0.165657 275.114286 0.961037 0.276376 -0.004820 -8.768678 0.050353 -0.157893 0.986172 14.246226
0.271011 -0.949148 -0.160220 275.564240 0.961371 0.275222 -0.004272 -7.315970 0.048151 -0.152873 0.987072 14.311317
0.272327 -0.948236 -0.163360 275.961688 0.960712 0.277412 -0.008717 -5.844522 0.053584 -0.154568 0.986528 14.381561
0.272561 -0.948091 -0.163808 276.487923 0.960769 0.277279 -0.006213 -4.018151 0.051311 -0.155688 0.986473 14.460065
0.270690 -0.948810 -0.162748 276.901185 0.961282 0.275473 -0.007142 -2.579049 0.051609 -0.154513 0.986642 14.537849
0.264742 -0.950291 -0.163886 277.436013 0.962788 0.270049 -0.010588 -0.771662 0.054319 -0.154984 0.986422 14.619244
0.260590 -0.951224 -0.165122 277.966213 0.963876 0.266092 -0.011734 1.059520 0.055099 -0.156099 0.986203 14.716245
0.259102 -0.951631 -0.165121 278.581923 0.964350 0.264416 -0.010667 3.267538 0.053811 -0.156471 0.986216 14.823390
0.260921 -0.950541 -0.168499 278.988740 0.963930 0.266032 -0.008102 4.733620 0.052527 -0.160307 0.985669 14.890050
0.263719 -0.949109 -0.172172 279.504346 0.962918 0.269566 -0.011079 6.600196 0.056927 -0.162866 0.985005 14.968227
0.265874 -0.947962 -0.175158 279.939937 0.962241 0.271964 -0.011289 8.069569 0.058338 -0.165542 0.984476 15.033527
0.265855 -0.947169 -0.179424 280.373716 0.962229 0.272045 -0.010360 9.503081 0.058624 -0.169893 0.983717 15.093367
0.267260 -0.945376 -0.186642 281.110214 0.961946 0.273168 -0.006198 12.014855 0.056844 -0.177883 0.982408 15.213137
0.267375 -0.944198 -0.192357 281.627544 0.961764 0.273788 -0.007061 13.813985 0.059332 -0.183114 0.981300 15.293323
0.267058 -0.943064 -0.198267 282.043307 0.961714 0.273948 -0.007652 15.248834 0.061531 -0.188633 0.980118 15.354106
0.269402 -0.941167 -0.204026 282.554509 0.960732 0.277279 -0.010501 17.052069 0.066455 -0.193186 0.978909 15.445012
0.270668 -0.940412 -0.205825 282.967983 0.960429 0.278382 -0.008919 18.492504 0.065685 -0.195266 0.978548 15.521888
0.271863 -0.939671 -0.207625 283.477104 0.960120 0.279481 -0.007702 20.293121 0.065264 -0.197251 0.978178 15.619096
0.271281 -0.939347 -0.209841 283.875385 0.960390 0.278603 -0.005571 21.715528 0.063696 -0.200018 0.977720 15.692956
0.269004 -0.938433 -0.216750 284.397289 0.961163 0.275973 -0.001962 23.507104 0.061659 -0.207805 0.976225 15.782708
0.265108 -0.938748 -0.220159 284.909250 0.962360 0.271777 -0.000003 25.306147 0.059837 -0.211871 0.975464 15.875051
0.260345 -0.938489 -0.226846 285.427080 0.963728 0.266880 0.001928 27.071652 0.058731 -0.219120 0.973929 15.947396
0.250903 -0.940352 -0.229749 285.928691 0.966226 0.257696 0.000453 28.807789 0.058779 -0.222103 0.973250 16.010576
0.242547 -0.941936 -0.232224 286.400381 0.968446 0.249222 0.000612 30.559069 0.057299 -0.225045 0.972662 16.111015
0.234546 -0.944252 -0.231034 286.770518 0.970339 0.241730 -0.002875 31.960690 0.058563 -0.223507 0.972941 16.183089
0.222397 -0.948420 -0.225917 287.199619 0.973377 0.229178 -0.003898 33.734465 0.055472 -0.219036 0.974139 16.285152
0.213837 -0.950821 -0.224083 287.537997 0.975591 0.219596 -0.000800 35.149175 0.049968 -0.218442 0.974570 16.339990
