0.999997 0.001595 0.001666 2.048534 -0.001592 0.999997 -0.001716 -0.000982 -0.001669 0.001714 0.999997 0.011852
0.999979 0.006416 -0.000178 4.106105 -0.006417 0.999968 -0.004849 -0.006859 0.000147 0.004850 0.999988 0.023988
0.999884 0.006865 -0.013590 6.602802 -0.006938 0.999962 -0.005301 -0.038709 0.013553 0.005395 0.999894 0.018315
0.999834 0.006628 -0.016994 8.677398 -0.006750 0.999952 -0.007092 -0.062225 0.016947 0.007205 0.999830 0.050790
0.999758 0.006142 -0.021133 10.334556 -0.006399 0.999907 -0.012073 -0.076176 0.021057 0.012206 0.999704 0.087380
0.999581 0.004573 -0.028594 12.401572 -0.004948 0.999902 -0.013086 -0.092736 0.028531 0.013222 0.999505 0.115673
0.999622 0.003435 -0.027268 14.055939 -0.003814 0.999897 -0.013854 -0.106751 0.027217 0.013953 0.999532 0.172426
0.999610 0.002724 -0.027803 16.120634 -0.003100 0.999904 -0.013477 -0.128054 0.027763 0.013558 0.999523 0.240457
0.999650 0.001642 -0.026394 18.163932 -0.002075 0.999863 -0.016392 -0.145038 0.026363 0.016441 0.999517 0.305329
0.999730 0.001512 -0.023182 19.840466 -0.001876 0.999875 -0.015703 -0.159940 0.023156 0.015743 0.999608 0.360156
0.999667 0.001340 -0.025773 21.517418 -0.001782 0.999852 -0.017114 -0.176888 0.025746 0.017154 0.999521 0.406430
0.999686 0.000980 -0.025021 23.575604 -0.001495 0.999788 -0.020536 -0.195336 0.024995 0.020567 0.999476 0.475104
0.999701 0.000884 -0.024435 25.243258 -0.001385 0.999789 -0.020477 -0.212681 0.024412 0.020505 0.999492 0.530823
0.999714 -0.000344 -0.023924 26.910137 -0.000158 0.999780 -0.020957 -0.229106 0.023926 0.020955 0.999494 0.576268
0.999775 -0.001615 -0.021141 28.978362 0.001154 0.999761 -0.021819 -0.239146 0.021171 0.021790 0.999538 0.636840
0.999844 -0.002106 -0.017553 31.069127 0.001699 0.999730 -0.023163 -0.254967 0.017597 0.023130 0.999578 0.696833
0.999775 -0.000822 -0.021211 32.753481 0.000289 0.999684 -0.025123 -0.263540 0.021225 0.025111 0.999459 0.737237
0.999822 0.000123 -0.018876 34.856477 -0.000600 0.999680 -0.025291 -0.286038 0.018867 0.025298 0.999502 0.793420
0.999827 0.000356 -0.018620 36.546633 -0.000829 0.999676 -0.025440 -0.297756 0.018605 0.025451 0.999503 0.845926
0.999894 0.000316 -0.014552 38.619741 -0.000673 0.999699 -0.024516 -0.310841 0.014540 0.024523 0.999594 0.882200
1.000000 -0.000809 -0.000557 40.313934 0.000797 0.999793 -0.020321 -0.320457 0.000573 0.020321 0.999793 0.922859
0.999515 -0.001879 0.031092 42.415295 0.002405 0.999855 -0.016885 -0.321620 -0.031056 0.016952 0.999374 0.952944
0.999958 -0.002136 0.008876 44.130353 0.002244 0.999924 -0.012095 -0.314447 -0.008849 0.012115 0.999887 0.886838
0.999920 -0.003724 0.012082 46.161242 0.003932 0.999845 -0.017180 -0.301789 -0.012016 0.017226 0.999779 0.866448
0.999970 -0.005321 0.005658 47.877998 0.005412 0.999854 -0.016224 -0.280627 -0.005571 0.016254 0.999852 0.849406
0.999980 -0.003863 0.004938 50.058788 0.003957 0.999811 -0.019022 -0.256640 -0.004864 0.019041 0.999807 0.834471
0.999982 -0.004958 0.003346 51.800268 0.005028 0.999761 -0.021276 -0.235556 -0.003240 0.021292 0.999768 0.824551
0.999979 -0.004548 -0.004510 54.034112 0.004425 0.999633 -0.026743 -0.203750 0.004630 0.026723 0.999632 0.807035
0.999991 -0.004022 -0.001543 56.197720 0.003970 0.999475 -0.032143 -0.175630 0.001671 0.032136 0.999482 0.817940
0.999924 -0.005103 -0.011239 58.746001 0.004695 0.999339 -0.036063 -0.151603 0.011415 0.036007 0.999286 0.823641
0.999980 -0.003715 0.005210 60.851394 0.003904 0.999317 -0.036737 -0.149037 -0.005070 0.036757 0.999311 0.850695
0.999988 -0.004848 0.001060 62.532269 0.004883 0.999331 -0.036232 -0.133147 -0.000883 0.036237 0.999343 0.846121
0.999974 -0.005646 -0.004520 64.194690 0.005473 0.999292 -0.037235 -0.120462 0.004727 0.037209 0.999296 0.851134
0.999933 -0.007166 -0.009109 66.239462 0.006817 0.999262 -0.037795 -0.096107 0.009373 0.037730 0.999244 0.852188
0.999901 -0.009645 -0.010210 67.900866 0.009213 0.999094 -0.041549 -0.071486 0.010601 0.041451 0.999084 0.871296
0.999880 -0.009985 -0.011841 69.937260 0.009459 0.999003 -0.043621 -0.044535 0.012265 0.043504 0.998978 0.890864
0.999859 -0.010766 -0.012904 71.930520 0.010170 0.998915 -0.045444 -0.009958 0.013379 0.045306 0.998884 0.917216
0.999812 -0.013043 -0.014341 73.492715 0.012376 0.998880 -0.045679 0.020272 0.014921 0.045493 0.998853 0.929822
0.999750 -0.014172 -0.017315 75.395099 0.013329 0.998765 -0.047869 0.044958 0.017972 0.047627 0.998704 0.954498
0.999714 -0.016620 -0.017189 77.676841 0.015810 0.998805 -0.046249 0.078588 0.017937 0.045964 0.998782 0.991760
0.999725 -0.015474 -0.017625 79.277253 0.014697 0.998950 -0.043400 0.121187 0.018278 0.043129 0.998902 1.001328
0.999733 -0.010885 -0.020361 81.271118 0.010185 0.999363 -0.034201 0.145503 0.020720 0.033984 0.999208 0.983128
0.999738 -0.013804 -0.018267 82.675887 0.013139 0.999264 -0.036032 0.164423 0.018751 0.035783 0.999184 1.022680
0.999694 -0.015807 -0.019004 84.366830 0.015036 0.999084 -0.040053 0.193546 0.019620 0.039755 0.999017 1.060267
0.999644 -0.011926 -0.023867 85.859307 0.011046 0.999267 -0.036657 0.245591 0.024286 0.036380 0.999043 1.055949
0.999561 -0.015663 -0.025145 87.517589 0.014261 0.998383 -0.055025 0.320437 0.025967 0.054642 0.998168 1.180085
0.999573 -0.013813 -0.025759 88.955183 0.012352 0.998351 -0.056055 0.338123 0.026490 0.055713 0.998095 1.222758
0.999636 -0.012241 -0.024060 90.294032 0.010844 0.998296 -0.057337 0.349693 0.024721 0.057055 0.998065 1.267159
0.999686 -0.005634 -0.024424 91.988835 0.004163 0.998197 -0.059871 0.366822 0.024717 0.059750 0.997907 1.302413
0.999404 0.016822 -0.030128 93.776839 -0.018163 0.998831 -0.044806 0.392768 0.029339 0.045327 0.998541 1.264255
0.998798 0.032322 -0.036835 95.153794 -0.033905 0.998492 -0.043167 0.362466 0.035385 0.044364 0.998389 1.286358
0.998531 0.039241 -0.037369 97.080070 -0.041150 0.997811 -0.051763 0.272338 0.035256 0.053224 0.997960 1.364260
0.998061 0.050817 -0.035930 98.661867 -0.052712 0.997154 -0.053910 0.192517 0.033089 0.055699 0.997899 1.447397
0.997770 0.059535 -0.030170 99.916249 -0.061146 0.996576 -0.055646 0.113366 0.026754 0.057366 0.997995 1.512639
0.997249 0.068910 -0.027316 101.449875 -0.070382 0.995880 -0.057178 -0.001359 0.023264 0.058943 0.997990 1.584912
0.996985 0.075685 -0.017111 102.543182 -0.076471 0.995754 -0.051254 -0.095767 0.013159 0.052408 0.998539 1.571284
0.995847 0.090245 -0.012021 103.835195 -0.090693 0.994895 -0.044256 -0.211241 0.007966 0.045163 0.998948 1.564152
0.993840 0.108952 -0.020277 105.013956 -0.109531 0.993529 -0.030061 -0.327431 0.016870 0.032096 0.999342 1.498390
0.991818 0.124556 -0.027986 106.369470 -0.125313 0.991746 -0.027131 -0.496753 0.024376 0.030416 0.999240 1.476302
0.990078 0.134564 -0.040463 107.460149 -0.135510 0.990540 -0.021622 -0.648287 0.037171 0.026891 0.998947 1.493147
0.988107 0.143318 -0.055727 108.767480 -0.144945 0.989089 -0.026330 -0.838650 0.051345 0.034095 0.998099 1.540002
0.986591 0.153785 -0.054667 110.131840 -0.155708 0.987257 -0.032832 -1.063236 0.048921 0.040904 0.997965 1.611582
0.985081 0.162983 -0.055242 111.251272 -0.164746 0.985910 -0.028982 -1.274142 0.049740 0.037651 0.998052 1.679514
0.983577 0.169500 -0.062019 112.919236 -0.171628 0.984682 -0.030727 -1.583587 0.055861 0.040867 0.997602 1.771923
0.982860 0.174090 -0.060649 114.024186 -0.175832 0.984112 -0.024646 -1.801701 0.055394 0.034888 0.997855 1.849856
0.981905 0.178118 -0.064312 115.391977 -0.179798 0.983473 -0.021315 -2.082551 0.059452 0.032492 0.997702 1.927432
0.981032 0.181197 -0.068873 116.508769 -0.182695 0.983039 -0.016052 -2.302870 0.064796 0.028330 0.997496 1.966015
0.977694 0.192854 -0.083202 118.419152 -0.193709 0.981056 -0.002252 -2.676025 0.081191 0.018319 0.996530 1.983454
0.975518 0.199565 -0.092408 119.642234 -0.199702 0.979825 0.007862 -2.962006 0.092112 0.010785 0.995690 2.055772
0.974707 0.202460 -0.094640 121.178137 -0.202572 0.979230 0.008533 -3.301077 0.094402 0.010855 0.995475 2.243747
0.974135 0.206601 -0.091523 122.413550 -0.206924 0.978338 0.006047 -3.565978 0.090790 0.013048 0.995785 2.405439
0.972571 0.211161 -0.097552 123.997660 -0.211452 0.977360 0.007461 -3.912257 0.096919 0.013372 0.995202 2.528661
0.972057 0.212944 -0.098791 125.233967 -0.213587 0.976915 0.004149 -4.191795 0.097394 0.017067 0.995100 2.652283
0.971033 0.217193 -0.099608 126.829067 -0.218017 0.975941 0.002672 -4.563636 0.097792 0.019122 0.995023 2.817059
0.969688 0.220780 -0.104699 129.110637 -0.221550 0.975139 0.004368 -5.094348 0.103060 0.018961 0.994494 3.022220
0.966316 0.231741 -0.111932 130.553997 -0.231813 0.972679 0.012553 -5.426047 0.111783 0.013817 0.993637 3.115963
0.965046 0.233783 -0.118455 132.241274 -0.234015 0.972157 0.012142 -5.849897 0.117995 0.016003 0.992885 3.327025
0.963780 0.236992 -0.122321 133.595021 -0.237433 0.971340 0.011168 -6.197901 0.121462 0.018279 0.992428 3.500982
0.962989 0.237363 -0.127717 135.252061 -0.237979 0.971212 0.010642 -6.617698 0.126567 0.020146 0.991753 3.700887
0.961933 0.239100 -0.132346 136.588101 -0.239917 0.970742 0.009973 -6.962432 0.130859 0.022158 0.991153 3.867394
0.960844 0.241822 -0.135278 138.300077 -0.242213 0.970125 0.013810 -7.407634 0.134577 0.019497 0.990711 4.051446
0.958489 0.248971 -0.138971 140.037485 -0.249617 0.968257 0.013048 -7.862749 0.137808 0.022184 0.990210 4.270848
0.954855 0.261266 -0.141391 139.765438 -0.263083 0.964754 0.006017 -7.927875 0.137980 0.031452 0.989936 4.225095
0.954764 0.257899 -0.148032 141.976821 -0.259939 0.965608 0.005730 -8.561285 0.144419 0.033008 0.988966 4.530443
0.954921 0.254678 -0.152529 143.482055 -0.256763 0.966455 0.006208 -8.987044 0.148993 0.033236 0.988280 4.721320
0.954920 0.251093 -0.158366 145.371820 -0.252573 0.967515 0.011046 -9.509429 0.155995 0.029450 0.987319 4.990058
0.955197 0.247419 -0.162427 147.225366 -0.248066 0.968601 0.016609 -10.028984 0.161437 0.024428 0.986581 5.268977
0.955674 0.244220 -0.164449 148.685868 -0.243936 0.969536 0.022241 -10.427715 0.164871 0.018859 0.986135 5.520413
0.956895 0.239469 -0.164334 150.548143 -0.238366 0.970808 0.026697 -10.909984 0.165930 0.013625 0.986043 5.832632
0.954819 0.240570 -0.174490 152.549894 -0.238928 0.970553 0.030673 -11.345136 0.176730 0.012403 0.984181 6.126514
0.952678 0.244475 -0.180654 154.083956 -0.242051 0.969607 0.035689 -11.755733 0.183889 0.009727 0.982899 6.379419
0.951952 0.241725 -0.188036 156.340147 -0.238235 0.970329 0.041289 -12.345853 0.192437 0.005492 0.981294 6.818062
0.951849 0.240644 -0.189934 157.831525 -0.237328 0.970591 0.040361 -12.733250 0.194060 0.006659 0.980967 7.119590
0.951442 0.241182 -0.191281 160.063260 -0.237765 0.970458 0.040976 -13.304598 0.195513 0.006494 0.980680 7.581511
0.950296 0.242229 -0.195606 161.933581 -0.238806 0.970190 0.041268 -13.783433 0.199772 0.007495 0.979814 7.953482
0.949860 0.242467 -0.197421 163.779124 -0.239210 0.970121 0.040555 -14.261702 0.201356 0.008704 0.979480 8.315197
0.949664 0.243002 -0.197707 165.215687 -0.240518 0.969945 0.036857 -14.628399 0.200721 0.012551 0.979568 8.620201
0.949313 0.245202 -0.196674 167.129889 -0.241703 0.969442 0.041986 -15.131050 0.200959 0.007679 0.979570 8.977494
0.946459 0.252630 -0.200983 168.725558 -0.247624 0.967560 0.050100 -15.588939 0.207120 0.002350 0.978313 9.295189
0.946467 0.253581 -0.199744 170.600609 -0.248449 0.967313 0.050779 -16.103659 0.206092 0.001566 0.978531 9.731894
0.945494 0.254304 -0.203397 172.110484 -0.248995 0.967123 0.051722 -16.507317 0.209863 0.001742 0.977729 10.087572
0.945477 0.254698 -0.202982 173.954404 -0.249842 0.967013 0.049643 -17.010642 0.208931 0.003777 0.977923 10.510045
0.944973 0.254164 -0.205976 175.434221 -0.249848 0.967136 0.047152 -17.415918 0.211191 0.006905 0.977420 10.833252
0.944121 0.253480 -0.210674 177.278713 -0.249099 0.967311 0.047534 -17.921311 0.215836 0.007600 0.976400 11.231042
0.943661 0.253449 -0.212760 178.779773 -0.249326 0.967305 0.046449 -18.326662 0.217577 0.009215 0.976000 11.564394
0.944771 0.252582 -0.208832 180.633308 -0.247611 0.967565 0.050057 -18.836443 0.214703 0.004416 0.976669 11.985469
0.943856 0.251475 -0.214236 182.117749 -0.246069 0.967857 0.051988 -19.239636 0.220423 0.003648 0.975397 12.332367
0.943204 0.251336 -0.217246 183.585321 -0.245006 0.967900 0.056051 -19.642028 0.224360 0.000359 0.974506 12.685068
0.943685 0.250597 -0.216006 185.405032 -0.243455 0.968085 0.059511 -20.133691 0.224026 -0.003572 0.974577 13.101597
0.940837 0.250907 -0.227754 187.266629 -0.243122 0.968007 0.062091 -20.630423 0.236046 -0.003045 0.971737 13.547265
0.942130 0.251694 -0.221454 189.116157 -0.245675 0.967803 0.054785 -21.127213 0.228113 0.002791 0.973631 14.015706
0.941312 0.250305 -0.226450 190.586540 -0.244786 0.968149 0.052607 -21.522468 0.232405 0.005912 0.972601 14.373621
0.941129 0.249581 -0.228002 192.769406 -0.243017 0.968352 0.056894 -22.109032 0.234985 0.001864 0.971997 14.911883
0.940404 0.249958 -0.230566 194.574700 -0.242127 0.968253 0.062131 -22.585206 0.238776 -0.002603 0.971071 15.355530
0.939735 0.250752 -0.232424 196.398377 -0.242268 0.968040 0.064840 -23.067725 0.241254 -0.004624 0.970451 15.821231
0.939920 0.250581 -0.231860 198.179529 -0.242069 0.968083 0.064941 -23.540075 0.240733 -0.004913 0.970579 16.280481
0.940206 0.250577 -0.230705 199.961177 -0.242107 0.968083 0.064798 -24.007655 0.239578 -0.005068 0.970864 16.721918
0.940265 0.249982 -0.231108 201.760327 -0.241258 0.968231 0.065745 -24.483652 0.240201 -0.006060 0.970704 17.181424
0.939730 0.250095 -0.233152 203.193547 -0.241030 0.968197 0.067073 -24.862489 0.242512 -0.006834 0.970124 17.532559
0.939530 0.249914 -0.234151 204.957720 -0.240999 0.968249 0.066426 -25.324377 0.243318 -0.005979 0.969928 17.983892
0.939011 0.248713 -0.237489 206.390228 -0.239906 0.968565 0.065771 -25.701464 0.246382 -0.004785 0.969161 18.351452
0.939005 0.248568 -0.237663 208.180533 -0.239640 0.968600 0.066227 -26.179310 0.246662 -0.005234 0.969087 18.831867
0.939013 0.245772 -0.240521 209.589071 -0.236765 0.969314 0.066128 -26.548822 0.249393 -0.005148 0.968389 19.210655
0.940380 0.242665 -0.238327 211.332993 -0.233590 0.970089 0.066058 -27.005059 0.247228 -0.006449 0.968936 19.678729
0.940726 0.240318 -0.239335 212.764048 -0.231357 0.970675 0.065295 -27.370603 0.248008 -0.006053 0.968739 20.072028
0.940619 0.236176 -0.243838 214.901119 -0.227650 0.971703 0.062995 -27.901091 0.251817 -0.003745 0.967768 20.625172
0.940179 0.232734 -0.248795 216.312454 -0.224145 0.972535 0.062723 -28.252982 0.256560 -0.003205 0.966523 21.005844
0.939996 0.228475 -0.253389 218.048557 -0.219824 0.973546 0.062340 -28.679512 0.260929 -0.002898 0.965354 21.480568
0.939976 0.224336 -0.257134 219.424001 -0.215871 0.974510 0.061072 -29.008375 0.264280 -0.001898 0.964444 21.861502
0.940108 0.220177 -0.260231 221.129976 -0.211359 0.975455 0.061762 -29.413744 0.267442 -0.003060 0.963569 22.345119
0.940341 0.218011 -0.261210 222.801192 -0.207181 0.975890 0.068659 -29.813420 0.269881 -0.010445 0.962837 22.825295
0.938656 0.217513 -0.267605 224.177263 -0.204869 0.975938 0.074655 -30.141312 0.277404 -0.015251 0.960632 23.198931
0.938170 0.213679 -0.272358 226.148853 -0.200830 0.976785 0.074555 -30.586846 0.281966 -0.015248 0.959303 23.785674
0.937780 0.213376 -0.273933 227.503616 -0.199729 0.976811 0.077123 -30.898532 0.284037 -0.017612 0.958651 24.157024
0.938263 0.212436 -0.273008 229.177060 -0.197187 0.976891 0.082465 -31.268668 0.284217 -0.023540 0.958471 24.653892
0.938501 0.211901 -0.272608 230.522917 -0.196334 0.976975 0.083498 -31.565097 0.284024 -0.024841 0.958495 25.051405
0.939432 0.208593 -0.271948 232.184783 -0.194677 0.977801 0.077505 -31.920475 0.282078 -0.019868 0.959186 25.564542
0.937788 0.208579 -0.277577 233.526416 -0.193538 0.977756 0.080849 -32.212147 0.288266 -0.022098 0.957295 25.963878
0.937284 0.206758 -0.280624 235.198873 -0.190734 0.978078 0.083574 -32.570221 0.291752 -0.024808 0.956172 26.477114
0.936429 0.207935 -0.282601 236.514594 -0.191056 0.977774 0.086350 -32.846102 0.294275 -0.026868 0.955343 26.900574
0.935919 0.205993 -0.285697 238.162924 -0.189867 0.978265 0.083360 -33.188855 0.296658 -0.023774 0.954688 27.443865
0.934239 0.206604 -0.290709 239.474033 -0.191479 0.978241 0.079878 -33.468528 0.300886 -0.018960 0.953472 27.867638
0.933305 0.205355 -0.294568 241.412439 -0.191804 0.978601 0.074510 -33.875240 0.303566 -0.013041 0.952721 28.500853
0.932281 0.205274 -0.297851 243.661892 -0.192499 0.978656 0.071948 -34.344340 0.306263 -0.009740 0.951897 29.250844
0.930994 0.208637 -0.299534 244.956346 -0.194860 0.977920 0.075509 -34.623845 0.308675 -0.011931 0.951093 29.670880
0.930657 0.212267 -0.298028 246.556812 -0.199365 0.977171 0.073416 -34.970164 0.306808 -0.008909 0.951730 30.228233
0.929442 0.214061 -0.300526 247.820198 -0.201170 0.976788 0.073592 -35.256168 0.309304 -0.007943 0.950930 30.677054
0.928551 0.216971 -0.301192 249.418705 -0.204137 0.976152 0.073856 -35.607939 0.310034 -0.007094 0.950699 31.191005
0.927848 0.220052 -0.301124 250.662442 -0.206997 0.975461 0.075021 -35.891082 0.310244 -0.007276 0.950629 31.614378
0.926408 0.223499 -0.303012 252.197621 -0.210485 0.974685 0.075396 -36.240753 0.312192 -0.006068 0.950000 32.139586
0.926935 0.224311 -0.300792 253.408098 -0.212382 0.974513 0.072242 -36.516311 0.309330 -0.003081 0.950950 32.563324
0.925142 0.225078 -0.305699 254.859832 -0.214520 0.974338 0.068172 -36.859724 0.313198 0.002510 0.949685 33.055790
0.924875 0.226948 -0.305123 256.008824 -0.216290 0.973904 0.068773 -37.136897 0.312768 0.002389 0.949827 33.439887
0.924609 0.227936 -0.305194 257.386315 -0.217082 0.973674 0.069526 -37.467768 0.313007 0.001968 0.949749 33.901484
0.924496 0.228457 -0.305146 258.721390 -0.216558 0.973553 0.072780 -37.790738 0.313703 -0.001203 0.949520 34.349993
0.924377 0.228117 -0.305762 259.768029 -0.216365 0.973633 0.072278 -38.041967 0.314188 -0.000656 0.949361 34.698070
0.923795 0.227535 -0.307946 261.027182 -0.216935 0.973764 0.068718 -38.343953 0.315503 0.003323 0.948919 35.113915
0.922027 0.225817 -0.314440 262.007736 -0.216971 0.974120 0.063351 -38.583096 0.320608 0.009813 0.947161 35.450706
0.920749 0.225809 -0.318170 263.199084 -0.217678 0.974088 0.061385 -38.871009 0.323787 0.012739 0.946044 35.859609
0.921048 0.225079 -0.317820 264.143232 -0.216506 0.974276 0.062539 -39.095829 0.323721 0.011208 0.946086 36.173229
0.920220 0.226125 -0.319472 265.424663 -0.217535 0.974028 0.062830 -39.405959 0.325382 0.011679 0.945511 36.635118
0.918915 0.228433 -0.321580 266.455343 -0.218033 0.973533 0.068517 -39.655286 0.328720 0.007154 0.944400 37.009098
0.918178 0.229421 -0.322978 267.606816 -0.218300 0.973312 0.070777 -39.936303 0.330596 0.005520 0.943756 37.431185
0.916965 0.229258 -0.326522 268.368599 -0.218975 0.973327 0.068449 -40.125708 0.333505 0.008735 0.942708 37.713502
0.914297 0.229748 -0.333583 271.207444 -0.220974 0.973139 0.064574 -40.828357 0.339458 0.014673 0.940507 38.790149
0.913322 0.228792 -0.336894 272.127059 -0.221149 0.973302 0.061454 -41.058114 0.341960 0.018376 0.939535 39.143115
0.912449 0.228667 -0.339337 272.696936 -0.221365 0.973304 0.060642 -41.199862 0.344144 0.019784 0.938708 39.360374
0.911345 0.227962 -0.342758 273.376350 -0.221184 0.973427 0.059311 -41.372142 0.347170 0.021760 0.937550 39.622359
0.913037 0.228203 -0.338063 273.860133 -0.221028 0.973412 0.060134 -41.505128 0.342797 0.019817 0.939200 39.806836
0.912530 0.229598 -0.338488 274.461324 -0.221417 0.973132 0.063162 -41.662523 0.343895 0.017310 0.938849 40.030005
0.912045 0.229443 -0.339897 274.909334 -0.220769 0.973188 0.064548 -41.777504 0.345593 0.016168 0.938245 40.200908
0.913056 0.228562 -0.337769 275.406539 -0.219211 0.973433 0.066134 -41.908841 0.343912 0.013659 0.938903 40.381196
0.913571 0.228288 -0.336561 275.881551 -0.218912 0.973503 0.066102 -42.031396 0.342733 0.013288 0.939339 40.563472
0.915145 0.228340 -0.332221 276.365347 -0.218441 0.973520 0.067392 -42.152661 0.338812 0.010897 0.940791 40.735851
0.915861 0.227953 -0.330509 276.607651 -0.217348 0.973636 0.069233 -42.218228 0.337577 0.008428 0.941260 40.815962
0.917020 0.226433 -0.328334 276.877634 -0.215745 0.973998 0.069144 -42.292138 0.335453 0.007430 0.942028 40.904693
0.917292 0.225890 -0.327947 276.983606 -0.215001 0.974130 0.069609 -42.324299 0.335187 0.006657 0.942128 40.931788
0.917275 0.225542 -0.328234 277.042304 -0.213918 0.974223 0.071613 -42.346806 0.335925 0.004526 0.941878 40.926669
0.917050 0.225935 -0.328591 277.057393 -0.213626 0.974139 0.073605 -42.356151 0.336723 0.002696 0.941600 40.905411
0.916440 0.225826 -0.330364 277.013252 -0.212748 0.974167 0.075738 -42.353977 0.338933 0.000875 0.940810 40.861971
0.916321 0.225546 -0.330884 277.002192 -0.211992 0.974232 0.077009 -42.358742 0.339727 -0.000421 0.940524 40.831310
0.916390 0.225869 -0.330472 277.001183 -0.212100 0.974157 0.077665 -42.359862 0.339473 -0.001078 0.940615 40.831362
0.916120 0.227219 -0.330297 276.992224 -0.213348 0.973843 0.078182 -42.360046 0.339421 -0.001156 0.940634 40.823572
0.916270 0.228975 -0.328664 276.977639 -0.214882 0.973430 0.079113 -42.359739 0.338046 -0.001865 0.941128 40.816546
0.916619 0.229821 -0.327097 276.974340 -0.215534 0.973229 0.079813 -42.360497 0.336683 -0.002658 0.941614 40.816887
0.915982 0.231959 -0.327372 276.779711 -0.217486 0.972722 0.080698 -42.329967 0.337160 -0.002719 0.941443 40.701623
0.915578 0.234095 -0.326980 276.632478 -0.219083 0.972206 0.082576 -42.311990 0.337222 -0.003969 0.941417 40.607656
0.915116 0.237233 -0.326012 276.630695 -0.222564 0.971449 0.082167 -42.307794 0.336197 -0.002634 0.941788 40.607651
0.914918 0.239486 -0.324918 276.460878 -0.224520 0.970894 0.083401 -42.282490 0.335434 -0.003354 0.942058 40.507582
0.914897 0.241771 -0.323282 276.299167 -0.226637 0.970326 0.084283 -42.258041 0.334066 -0.003843 0.942542 40.413411
0.914710 0.243856 -0.322242 276.171565 -0.228348 0.969800 0.085709 -42.239210 0.333411 -0.004816 0.942769 40.334972
0.914753 0.245987 -0.320495 276.006114 -0.230370 0.969259 0.086409 -42.213656 0.331898 -0.005210 0.943301 40.237404
0.913524 0.248841 -0.321795 275.872293 -0.233077 0.968533 0.087290 -42.193358 0.333391 -0.004739 0.942777 40.138011
0.912754 0.251890 -0.321609 275.850742 -0.236881 0.967754 0.085674 -42.189635 0.332819 -0.002016 0.942989 40.123351
0.912928 0.254502 -0.319047 275.842656 -0.239710 0.967071 0.085517 -42.187599 0.330306 -0.001592 0.943873 40.122359
0.912845 0.256181 -0.317939 275.839365 -0.241773 0.966629 0.084702 -42.184589 0.329028 -0.000451 0.944320 40.121795
0.912722 0.257384 -0.317319 275.810683 -0.242463 0.966307 0.086381 -42.183460 0.328861 -0.001904 0.944376 40.087359
0.912482 0.258303 -0.317264 275.792164 -0.243072 0.966060 0.087427 -42.183299 0.329079 -0.002657 0.944299 40.056543
0.912529 0.258551 -0.316927 275.791388 -0.243426 0.965995 0.087166 -42.182584 0.328686 -0.002393 0.944436 40.056533
0.912434 0.258651 -0.317118 275.791083 -0.243356 0.965967 0.087671 -42.187570 0.329002 -0.002821 0.944325 40.038402
0.912485 0.258851 -0.316807 275.795875 -0.243266 0.965910 0.088542 -42.193855 0.328926 -0.003725 0.944348 40.021437
0.912695 0.258404 -0.316569 275.795275 -0.242811 0.966029 0.088491 -42.194193 0.328681 -0.003899 0.944433 40.021498
0.912837 0.257303 -0.317054 275.796063 -0.241916 0.966325 0.087708 -42.193657 0.328945 -0.003363 0.944343 40.021384
0.912924 0.256624 -0.317355 275.796659 -0.241414 0.966507 0.087081 -42.193093 0.329073 -0.002885 0.944300 40.021211
0.913095 0.255993 -0.317373 275.796630 -0.240826 0.966674 0.086853 -42.193453 0.329030 -0.002873 0.944315 40.021091
0.913421 0.255126 -0.317133 275.795955 -0.240193 0.966905 0.086036 -42.192579 0.328587 -0.002414 0.944470 40.021203
0.913668 0.254029 -0.317302 275.796049 -0.239251 0.967194 0.085406 -42.192380 0.328588 -0.002118 0.944471 40.021135
0.913944 0.253413 -0.316998 275.795377 -0.238613 0.967355 0.085369 -42.193011 0.328283 -0.002383 0.944576 40.021169
0.913895 0.252693 -0.317713 275.796723 -0.237943 0.967544 0.085098 -42.193213 0.328905 -0.002173 0.944361 40.020913
0.914148 0.251610 -0.317847 275.796886 -0.237112 0.967828 0.084189 -42.192428 0.328804 -0.001596 0.944397 40.020893
0.914237 0.251106 -0.317987 275.798551 -0.236532 0.967958 0.084321 -42.194431 0.328972 -0.001875 0.944338 40.019259
0.914340 0.250364 -0.318277 275.800293 -0.235847 0.968150 0.084033 -42.195705 0.329179 -0.001770 0.944266 40.017597
0.914573 0.249220 -0.318506 275.800598 -0.234893 0.968446 0.083292 -42.195262 0.329214 -0.001362 0.944255 40.017532
0.914766 0.248129 -0.318801 275.800951 -0.233766 0.968726 0.083211 -42.196266 0.329478 -0.001593 0.944162 40.017398
0.915094 0.247200 -0.318582 275.800346 -0.232781 0.968962 0.083217 -42.197177 0.329265 -0.001992 0.944235 40.017429
0.915435 0.246276 -0.318318 275.799510 -0.231923 0.969198 0.082874 -42.197498 0.328922 -0.002041 0.944355 40.017495
0.915606 0.245702 -0.318270 275.807639 -0.231129 0.969341 0.083408 -42.202830 0.329006 -0.002807 0.944324 40.006308
0.915819 0.245469 -0.317837 275.817907 -0.230590 0.969397 0.084249 -42.209359 0.328791 -0.003867 0.944395 39.993722
0.916090 0.244365 -0.317906 275.817877 -0.229539 0.969675 0.083914 -42.209923 0.328771 -0.003901 0.944402 39.993507
0.916182 0.243763 -0.318105 275.819877 -0.228935 0.969827 0.083815 -42.212496 0.328938 -0.003965 0.944343 39.991387
0.916257 0.243381 -0.318179 275.828214 -0.228311 0.969919 0.084445 -42.218486 0.329161 -0.004730 0.944262 39.980781
0.916480 0.242913 -0.317894 275.832642 -0.227899 0.970036 0.084209 -42.222323 0.328824 -0.004728 0.944379 39.977394
0.916597 0.242440 -0.317920 275.832649 -0.227455 0.970155 0.084046 -42.222489 0.328807 -0.004724 0.944385 39.977346
0.916743 0.241751 -0.318023 275.832625 -0.226960 0.970329 0.083372 -42.221840 0.328742 -0.004252 0.944410 39.977326
0.916916 0.241202 -0.317942 275.832479 -0.226458 0.970466 0.083146 -42.221965 0.328606 -0.004237 0.944457 39.977294
0.917015 0.240824 -0.317943 275.832863 -0.226169 0.970560 0.082826 -42.222134 0.328530 -0.004044 0.944485 39.976678
0.916961 0.241011 -0.317955 275.843189 -0.226101 0.970511 0.083589 -42.228542 0.328725 -0.004758 0.944414 39.965365
0.916573 0.241787 -0.318485 275.856203 -0.227022 0.970321 0.083298 -42.234838 0.329173 -0.004046 0.944261 39.955461
0.916337 0.242798 -0.318394 275.869952 -0.227523 0.970062 0.084930 -42.243313 0.329483 -0.005382 0.944146 39.940839
0.916302 0.243298 -0.318113 275.869487 -0.228016 0.969937 0.085039 -42.243121 0.329240 -0.005386 0.944231 39.940865
0.916569 0.243824 -0.316941 275.867060 -0.228478 0.969802 0.085332 -42.243489 0.328176 -0.005798 0.944599 39.941029
0.916571 0.244132 -0.316696 275.867943 -0.228930 0.969727 0.084972 -42.245415 0.327854 -0.005382 0.944713 39.938648
0.916343 0.245072 -0.316631 275.873242 -0.229833 0.969490 0.085239 -42.251168 0.327860 -0.005336 0.944711 39.925885
0.915999 0.246294 -0.316679 275.874937 -0.231083 0.969182 0.085362 -42.255289 0.327944 -0.005013 0.944684 39.910118
0.915444 0.247443 -0.317386 275.875198 -0.232737 0.968897 0.084092 -42.253919 0.328322 -0.003114 0.944561 39.906419
0.915169 0.248405 -0.317428 275.875274 -0.234113 0.968655 0.083059 -42.251069 0.328110 -0.001699 0.944638 39.906190
0.915590 0.248700 -0.315981 275.872260 -0.234271 0.968578 0.083514 -42.251983 0.326822 -0.002439 0.945083 39.906545
0.915809 0.248634 -0.315396 275.873228 -0.234315 0.968595 0.083192 -42.253920 0.326175 -0.002286 0.945307 39.906553
0.915922 0.248908 -0.314852 275.875033 -0.234307 0.968522 0.084058 -42.258091 0.325864 -0.003219 0.945411 39.905266
0.916335 0.248651 -0.313851 275.872834 -0.234127 0.968587 0.083803 -42.257809 0.324830 -0.003311 0.945767 39.905598
0.916637 0.248208 -0.313320 275.871610 -0.233850 0.968702 0.083250 -42.257086 0.324177 -0.003041 0.945991 39.905807
0.916660 0.248013 -0.313408 275.871745 -0.233770 0.968753 0.082882 -42.256558 0.324170 -0.002709 0.945995 39.905779
0.916916 0.248009 -0.312660 275.870096 -0.233849 0.968754 0.082645 -42.256160 0.323388 -0.002664 0.946263 39.906009
