0.999937 0.010651 0.003440 3.263445 -0.010631 0.999926 -0.005905 0.000482 -0.003502 0.005868 0.999977 -0.001768
0.999813 0.018845 0.004430 5.174600 -0.018788 0.999746 -0.012438 -0.036880 -0.004663 0.012353 0.999913 -0.018712
0.999497 0.031644 -0.002145 7.209914 -0.031671 0.999399 -0.014109 -0.072778 0.001698 0.014170 0.999898 -0.020092
0.998951 0.045676 -0.003168 8.789936 -0.045724 0.998808 -0.017060 -0.112944 0.002385 0.017187 0.999849 -0.002293
0.997809 0.066120 -0.002434 10.833700 -0.066158 0.997567 -0.021996 -0.210795 0.000974 0.022108 0.999755 0.011147
0.995578 0.093851 -0.004171 13.313836 -0.093930 0.995210 -0.027088 -0.395627 0.001609 0.027360 0.999624 0.013380
0.992864 0.119029 -0.007329 15.299728 -0.119193 0.992450 -0.028918 -0.578065 0.003832 0.029585 0.999555 0.029805
0.990378 0.137979 -0.010616 16.919412 -0.138275 0.989743 -0.035891 -0.770057 0.005555 0.037014 0.999299 0.052240
0.986967 0.160669 -0.009037 18.791253 -0.160898 0.986247 -0.037797 -1.035345 0.002840 0.038758 0.999245 0.078017
0.983849 0.178599 -0.011996 20.354520 -0.178940 0.983052 -0.039872 -1.290316 0.004671 0.041374 0.999133 0.098257
0.979272 0.202123 -0.013138 22.249635 -0.202495 0.978450 -0.040379 -1.642742 0.004693 0.042203 0.999098 0.123700
0.974997 0.221556 -0.017139 23.769833 -0.222088 0.974160 -0.041096 -1.955465 0.007591 0.043875 0.999008 0.153134
0.969301 0.245045 -0.020240 25.604560 -0.245698 0.968459 -0.041471 -2.384769 0.009439 0.045171 0.998935 0.185514
0.964182 0.264139 -0.024177 27.076662 -0.264957 0.963364 -0.041553 -2.763063 0.012316 0.046471 0.998844 0.219413
0.956289 0.291122 -0.027559 29.260289 -0.292054 0.955568 -0.039937 -3.386712 0.014708 0.046240 0.998822 0.271966
0.949726 0.311964 -0.026454 31.002060 -0.312808 0.949042 -0.038354 -3.923371 0.013141 0.044701 0.998914 0.318191
0.944112 0.328113 -0.031527 32.374936 -0.329168 0.943513 -0.037840 -4.369083 0.017330 0.046103 0.998786 0.362933
0.937668 0.345916 -0.033473 34.073858 -0.347028 0.937140 -0.036610 -4.969912 0.018705 0.045944 0.998769 0.418459
0.930883 0.363702 -0.034313 35.784659 -0.364854 0.930323 -0.037167 -5.606343 0.018404 0.047118 0.998720 0.477477
0.923453 0.382096 -0.035161 37.146208 -0.383231 0.922999 -0.034734 -6.137403 0.019182 0.045550 0.998778 0.520744
0.915910 0.399498 -0.038851 38.491184 -0.400802 0.915496 -0.035001 -6.688619 0.021585 0.047630 0.998632 0.559870
0.906254 0.420360 -0.044741 40.161008 -0.421938 0.905959 -0.034734 -7.416154 0.025932 0.050355 0.998395 0.609060
0.895672 0.441564 -0.052848 42.119237 -0.443563 0.895569 -0.034754 -8.340813 0.031983 0.054570 0.997998 0.686249
0.886690 0.459134 -0.054564 43.703702 -0.461264 0.886537 -0.035900 -9.124379 0.031890 0.057001 0.997865 0.769651
0.877610 0.475714 -0.059131 45.280254 -0.478076 0.877623 -0.034949 -9.945647 0.035269 0.058941 0.997638 0.853035
0.870032 0.489124 -0.061665 46.511247 -0.491596 0.870166 -0.033817 -10.611516 0.037118 0.059736 0.997524 0.929063
0.861598 0.503405 -0.065052 47.998169 -0.506085 0.861822 -0.033780 -11.455305 0.039058 0.062027 0.997310 1.014315
0.855261 0.513837 -0.067083 49.239746 -0.516736 0.855389 -0.035978 -12.183336 0.038895 0.065435 0.997098 1.078793
0.848575 0.523855 -0.074144 50.447647 -0.527169 0.849060 -0.034504 -12.912798 0.044877 0.068366 0.996650 1.154542
0.839067 0.538801 -0.075233 51.772132 -0.541937 0.839924 -0.028839 -13.740253 0.047651 0.064969 0.996749 1.262938
0.830728 0.551661 -0.074578 52.789176 -0.554809 0.831445 -0.029764 -14.387084 0.045588 0.066102 0.996771 1.341862
0.819484 0.567858 -0.077351 54.019148 -0.571340 0.820065 -0.032626 -15.210964 0.044906 0.070930 0.996470 1.431965
0.808865 0.582208 -0.082289 55.238285 -0.586032 0.809656 -0.031995 -16.065041 0.047998 0.074103 0.996095 1.518714
0.800825 0.592864 -0.084802 56.081939 -0.596979 0.801542 -0.033853 -16.673113 0.047902 0.077735 0.995823 1.586914
0.790131 0.606027 -0.091786 57.403366 -0.610906 0.790815 -0.037486 -17.667022 0.049868 0.085691 0.995073 1.681135
0.781265 0.615921 -0.101317 58.564366 -0.621647 0.782416 -0.037150 -18.564453 0.056390 0.092008 0.994160 1.758391
0.774806 0.622612 -0.109684 59.238701 -0.629327 0.776108 -0.040042 -19.065898 0.060196 0.100051 0.993160 1.817849
0.767138 0.631001 -0.115482 59.942225 -0.638312 0.768750 -0.039762 -19.616436 0.063687 0.104216 0.992513 1.893589
0.758468 0.640913 -0.118139 60.747490 -0.648571 0.760081 -0.040407 -20.269933 0.063898 0.107269 0.992175 1.989110
0.749324 0.650783 -0.122451 61.539228 -0.658688 0.751521 -0.036700 -20.939770 0.068141 0.108157 0.991796 2.079071
0.742776 0.658076 -0.123366 62.074746 -0.666040 0.745057 -0.035784 -21.386964 0.068366 0.108746 0.991716 2.154487
0.734629 0.666840 -0.125075 62.721855 -0.674887 0.737145 -0.033847 -21.950599 0.069628 0.109276 0.991570 2.241276
0.725792 0.676042 -0.127250 63.445096 -0.684126 0.728725 -0.030527 -22.607404 0.072093 0.109211 0.991401 2.330944
0.720451 0.681314 -0.129465 63.837567 -0.689603 0.723580 -0.029656 -22.955158 0.073474 0.110645 0.991140 2.396999
0.713530 0.688496 -0.129798 64.314613 -0.696841 0.716620 -0.029484 -23.387933 0.072716 0.111486 0.991102 2.470751
0.707497 0.695094 -0.127641 64.840442 -0.703198 0.710397 -0.029120 -23.882066 0.070434 0.110359 0.991393 2.542677
0.697440 0.703982 -0.134116 65.501275 -0.712841 0.700735 -0.028776 -24.527438 0.073721 0.115673 0.990548 2.625372
0.691390 0.709326 -0.137243 65.894656 -0.718582 0.694847 -0.028762 -24.880752 0.074962 0.118506 0.990120 2.688716
0.676993 0.722315 -0.141214 66.539743 -0.731477 0.681555 -0.020593 -25.518961 0.081370 0.117236 0.989765 2.780406
0.665342 0.732771 -0.142716 67.035516 -0.742067 0.670052 -0.019151 -26.006378 0.081594 0.118647 0.989578 2.860367
0.655390 0.741532 -0.143503 67.478950 -0.751206 0.659705 -0.021881 -26.453521 0.078444 0.122141 0.989408 2.936181
0.646256 0.749778 -0.142078 67.923207 -0.759620 0.649857 -0.025758 -26.899766 0.073018 0.124572 0.989520 2.997368
0.637231 0.757462 -0.142084 68.342246 -0.767618 0.640224 -0.029592 -27.342149 0.068551 0.127924 0.989412 3.071389
0.623104 0.768629 -0.144743 68.956505 -0.778993 0.626459 -0.026800 -28.042693 0.070076 0.129453 0.989106 3.165372
0.609502 0.779247 -0.145879 69.563890 -0.789623 0.613122 -0.024015 -28.773619 0.070729 0.129827 0.989011 3.250143
0.594052 0.789828 -0.152560 70.260640 -0.801351 0.597609 -0.026452 -29.686722 0.070278 0.137968 0.987940 3.321804
0.583564 0.798304 -0.148876 70.807337 -0.809244 0.586952 -0.024719 -30.420820 0.067650 0.134902 0.988547 3.414744
0.574521 0.804366 -0.151396 71.245241 -0.815631 0.578080 -0.023843 -31.015070 0.068341 0.137182 0.988186 3.481759
0.567922 0.808361 -0.154976 71.659406 -0.820166 0.571624 -0.023953 -31.595090 0.069225 0.140709 0.987628 3.547605
0.561787 0.812441 -0.155999 72.132549 -0.824406 0.565500 -0.023756 -32.273763 0.068918 0.141952 0.987471 3.642285
0.558357 0.814140 -0.159414 72.591310 -0.826507 0.562488 -0.022216 -32.944901 0.071581 0.144161 0.986962 3.733754
0.557172 0.814380 -0.162312 72.958875 -0.826990 0.561872 -0.019707 -33.476391 0.075150 0.145211 0.986543 3.815306
0.557046 0.814236 -0.163461 73.416956 -0.827095 0.561679 -0.020750 -34.144555 0.074917 0.146756 0.986332 3.907419
0.558226 0.813310 -0.164047 73.849005 -0.826232 0.562955 -0.020526 -34.771915 0.075657 0.146999 0.986239 3.998413
0.559573 0.811862 -0.166606 74.259072 -0.825210 0.564430 -0.021166 -35.365508 0.076854 0.149329 0.985796 4.086252
0.562161 0.809566 -0.169051 74.665841 -0.823186 0.567415 -0.020131 -35.959519 0.079624 0.150477 0.985402 4.165866
0.567462 0.806007 -0.168345 75.057038 -0.819366 0.572967 -0.018668 -36.513205 0.081410 0.148529 0.985551 4.253652
0.577582 0.798553 -0.169444 75.512758 -0.812115 0.583155 -0.019967 -37.160124 0.082868 0.149141 0.985338 4.337004
0.589037 0.790462 -0.167942 75.869579 -0.803945 0.594272 -0.022654 -37.649124 0.081896 0.148360 0.985537 4.419307
0.610533 0.773847 -0.168552 76.367614 -0.787475 0.615840 -0.024998 -38.299658 0.084457 0.147993 0.985376 4.514722
0.626178 0.761482 -0.167472 76.711141 -0.774894 0.631572 -0.025618 -38.726628 0.086263 0.145815 0.985544 4.587188
0.639888 0.750402 -0.165652 77.040084 -0.763660 0.645011 -0.028003 -39.121798 0.085834 0.144421 0.985787 4.657772
0.651194 0.740821 -0.164714 77.306992 -0.754041 0.656142 -0.030012 -39.425320 0.085843 0.143745 0.985885 4.713307
0.664839 0.728678 -0.164373 77.602302 -0.742082 0.669460 -0.033732 -39.748239 0.085461 0.144405 0.985821 4.780394
0.671978 0.722086 -0.164432 77.757423 -0.735666 0.676377 -0.036182 -39.917869 0.085092 0.145280 0.985725 4.817893
0.678841 0.715480 -0.165115 77.925970 -0.729295 0.683132 -0.038206 -40.095436 0.085460 0.146354 0.985534 4.851659
0.684318 0.709972 -0.166282 78.022133 -0.724062 0.688588 -0.039755 -40.201237 0.086275 0.147603 0.985277 4.880842
0.688449 0.705885 -0.166627 78.101228 -0.720185 0.692519 -0.041844 -40.281596 0.085856 0.148810 0.985132 4.916161
0.690452 0.703846 -0.166964 78.153200 -0.718352 0.694302 -0.043756 -40.332299 0.085127 0.150150 0.984992 4.951877
0.691533 0.702685 -0.167381 78.178513 -0.717407 0.695161 -0.045594 -40.353300 0.084319 0.151610 0.984837 4.984075
0.692251 0.701667 -0.168679 78.168084 -0.716731 0.695744 -0.047293 -40.343102 0.084173 0.153636 0.984536 5.015030
0.692445 0.701318 -0.169328 78.168645 -0.716684 0.695629 -0.049650 -40.340902 0.082969 0.155735 0.984308 5.044898
0.691912 0.701766 -0.169651 78.169430 -0.717353 0.694793 -0.051651 -40.336815 0.081625 0.157437 0.984150 5.046528
0.690494 0.703037 -0.170166 78.171943 -0.718889 0.693038 -0.053814 -40.331109 0.080098 0.159489 0.983945 5.048584
0.688494 0.704914 -0.170505 78.174323 -0.720985 0.690703 -0.055758 -40.325647 0.078463 0.161320 0.983778 5.050738
0.685474 0.707847 -0.170521 78.175096 -0.724065 0.687332 -0.057484 -40.319851 0.076515 0.162872 0.983676 5.054632
0.681404 0.711827 -0.170267 78.176566 -0.728150 0.682849 -0.059284 -40.311729 0.074067 0.164376 0.983613 5.058673
0.677146 0.715836 -0.170447 78.180463 -0.732233 0.678428 -0.059757 -40.306867 0.072860 0.165270 0.983553 5.060216
0.673620 0.719184 -0.170324 78.182436 -0.735627 0.674671 -0.060597 -40.301173 0.071332 0.166114 0.983523 5.062349
0.671624 0.720982 -0.170608 78.184038 -0.737637 0.672267 -0.062846 -40.294798 0.069383 0.168055 0.983333 5.064802
0.670596 0.721792 -0.171224 78.186033 -0.738580 0.671195 -0.063222 -40.292950 0.069291 0.168859 0.983202 5.065321
0.671340 0.720916 -0.171998 78.176974 -0.737910 0.671831 -0.064275 -40.284029 0.069217 0.170069 0.982998 5.073533
0.673686 0.718373 -0.173459 78.159125 -0.735552 0.674499 -0.063353 -40.275514 0.071487 0.170268 0.982801 5.111471
0.677781 0.714258 -0.174494 78.176083 -0.731630 0.678729 -0.063597 -40.296665 0.073010 0.170770 0.982602 5.147589
0.680211 0.711651 -0.175686 78.176274 -0.729302 0.681137 -0.064585 -40.299109 0.073705 0.172060 0.982325 5.148788
0.680348 0.711214 -0.176922 78.178346 -0.729108 0.681311 -0.064942 -40.298867 0.074352 0.173178 0.982080 5.148683
0.680029 0.711463 -0.177147 78.200802 -0.729561 0.680615 -0.067119 -40.317189 0.072816 0.174882 0.981893 5.178374
0.679660 0.711590 -0.178051 78.219514 -0.729945 0.680073 -0.068417 -40.331668 0.072403 0.176468 0.981640 5.212352
0.679120 0.711916 -0.178809 78.224620 -0.730585 0.679138 -0.070835 -40.333981 0.071008 0.178741 0.981331 5.243860
0.679095 0.711816 -0.179300 78.225453 -0.730735 0.678741 -0.073060 -40.330085 0.069693 0.180635 0.981078 5.246104
0.679249 0.711401 -0.180360 78.226982 -0.730661 0.678596 -0.075108 -40.329055 0.068960 0.182799 0.980729 5.257649
0.679998 0.710598 -0.180702 78.243609 -0.730059 0.679025 -0.077064 -40.343484 0.067940 0.184326 0.980514 5.285513
0.681444 0.709063 -0.181286 78.299013 -0.728782 0.680153 -0.079172 -40.392852 0.067164 0.186069 0.980238 5.323419
0.681035 0.709344 -0.181718 78.300129 -0.729266 0.679426 -0.080942 -40.389318 0.066048 0.187645 0.980014 5.324949
0.682534 0.707849 -0.181929 78.341776 -0.727941 0.680618 -0.082833 -40.428623 0.065190 0.188970 0.979817 5.357757
0.683897 0.706375 -0.182536 78.397870 -0.726735 0.681634 -0.085037 -40.481303 0.064355 0.190811 0.979515 5.395434
0.685572 0.704623 -0.183023 78.455370 -0.725254 0.682881 -0.087640 -40.535777 0.063230 0.192822 0.979194 5.430358
0.687312 0.703035 -0.182603 78.509326 -0.723772 0.684079 -0.090500 -40.588577 0.061290 0.194364 0.979013 5.453164
0.690591 0.699846 -0.182483 78.610636 -0.720684 0.687099 -0.092250 -40.685941 0.060823 0.195219 0.978872 5.480727
0.692282 0.698066 -0.182893 78.659419 -0.719147 0.688372 -0.094717 -40.731924 0.059780 0.197098 0.978560 5.509117
0.694123 0.695965 -0.183919 78.729971 -0.717411 0.689846 -0.097126 -40.793053 0.059280 0.199363 0.978131 5.528404
0.695567 0.694112 -0.185459 78.762316 -0.716030 0.690937 -0.099531 -40.818414 0.059055 0.202025 0.977598 5.546894
0.695388 0.693873 -0.187015 78.770294 -0.716210 0.690521 -0.101113 -40.820464 0.058978 0.204255 0.977139 5.556184
0.695666 0.693332 -0.187987 78.772619 -0.715976 0.690516 -0.102789 -40.817841 0.058541 0.206101 0.976778 5.561576
0.695438 0.693456 -0.188371 78.774070 -0.716273 0.689974 -0.104353 -40.814823 0.057607 0.207496 0.976538 5.566005
0.695482 0.693062 -0.189658 78.776489 -0.716255 0.689730 -0.106072 -40.812155 0.057299 0.209615 0.976104 5.568294
0.695401 0.692937 -0.190409 78.778338 -0.716414 0.689240 -0.108162 -40.808235 0.056288 0.211628 0.975728 5.571235
0.695229 0.692986 -0.190859 78.775867 -0.716679 0.688632 -0.110260 -40.803586 0.055023 0.213440 0.975405 5.595391
0.695018 0.692939 -0.191799 78.781824 -0.716983 0.687893 -0.112866 -40.802920 0.053728 0.215960 0.974923 5.617608
0.694657 0.693035 -0.192755 78.780546 -0.717383 0.687192 -0.114583 -40.798950 0.053049 0.217875 0.974534 5.633384
0.694343 0.693202 -0.193287 78.784487 -0.717763 0.686489 -0.116398 -40.801406 0.052002 0.219554 0.974213 5.654934
0.694664 0.692474 -0.194735 78.795574 -0.717508 0.686306 -0.119021 -40.809866 0.051229 0.222404 0.973608 5.672609
0.695171 0.691585 -0.196079 78.809205 -0.717022 0.686524 -0.120681 -40.825575 0.051152 0.224487 0.973134 5.694273
0.697586 0.689141 -0.196109 78.864664 -0.714754 0.688416 -0.123332 -40.886602 0.050012 0.226204 0.972795 5.720618
0.703513 0.683058 -0.196216 78.969133 -0.708841 0.694275 -0.124602 -40.999897 0.051118 0.226745 0.972612 5.752918
0.710250 0.675927 -0.196641 79.095356 -0.701886 0.701353 -0.124343 -41.133414 0.053868 0.226333 0.972559 5.789035
0.730018 0.653941 -0.198582 79.437463 -0.680841 0.721133 -0.128151 -41.468858 0.059401 0.228755 0.971670 5.823408
0.744761 0.636876 -0.199298 79.690523 -0.664283 0.736040 -0.130285 -41.705767 0.063716 0.229422 0.971239 5.846625
0.773292 0.601966 -0.199142 80.163328 -0.629860 0.765357 -0.132303 -42.113547 0.072773 0.227740 0.970999 5.883903
0.795300 0.572801 -0.198488 80.580984 -0.601019 0.787802 -0.134700 -42.444423 0.079214 0.226422 0.970803 5.920609
0.824714 0.530123 -0.197019 81.138769 -0.558614 0.817963 -0.137427 -42.859879 0.088301 0.223395 0.970720 5.969111
0.846643 0.493654 -0.198748 81.629380 -0.523271 0.840240 -0.142069 -43.193013 0.096863 0.224281 0.969699 6.029272
0.872499 0.445387 -0.200938 82.293486 -0.476009 0.867600 -0.143825 -43.602563 0.110276 0.221136 0.968988 6.108434
0.891983 0.404304 -0.202248 83.100482 -0.434295 0.890587 -0.135062 -44.045881 0.125514 0.208308 0.969976 6.228070
0.908431 0.366807 -0.200515 84.160643 -0.396253 0.908386 -0.133488 -44.539009 0.133181 0.200719 0.970554 6.338176
0.915058 0.351839 -0.197177 84.919009 -0.380491 0.915216 -0.132685 -44.862976 0.133776 0.196439 0.971347 6.447167
0.922220 0.330764 -0.200263 86.607075 -0.357740 0.926427 -0.117278 -45.556288 0.146738 0.179798 0.972698 6.670854
0.927600 0.322434 -0.188668 88.061732 -0.346124 0.931801 -0.109297 -46.126592 0.140560 0.166686 0.975940 6.912017
0.927057 0.325564 -0.185938 88.963506 -0.347640 0.932158 -0.101133 -46.445359 0.140398 0.158395 0.977343 7.004560
0.924982 0.325334 -0.196384 90.454689 -0.346579 0.934177 -0.084832 -47.011403 0.155858 0.146531 0.976851 7.226221
0.925095 0.324554 -0.197142 91.771740 -0.345350 0.934939 -0.081381 -47.516291 0.157903 0.143368 0.976991 7.416224
0.925121 0.324518 -0.197077 92.765840 -0.345308 0.934953 -0.081399 -47.918842 0.157842 0.143356 0.977003 7.575491
0.928679 0.308452 -0.205944 94.121452 -0.330563 0.940172 -0.082492 -48.420881 0.168178 0.144686 0.975081 7.808668
0.934563 0.281046 -0.218184 95.752421 -0.305540 0.948159 -0.087403 -49.006717 0.182309 0.148347 0.971986 8.103356
0.942684 0.240918 -0.230878 97.089626 -0.268982 0.958095 -0.098505 -49.446870 0.197472 0.154961 0.967983 8.364553
0.952165 0.198923 -0.231972 98.194188 -0.229985 0.966334 -0.115347 -49.743130 0.201217 0.163180 0.965859 8.604009
0.962764 0.153063 -0.222840 99.352349 -0.183831 0.975041 -0.124500 -50.043408 0.198222 0.160829 0.966872 8.825339
0.970986 0.095814 -0.219102 100.827699 -0.126438 0.983380 -0.130296 -50.352120 0.202976 0.154218 0.966963 9.090753
0.975376 0.050360 -0.214724 102.056871 -0.080611 0.987624 -0.134540 -50.621670 0.205291 0.148536 0.967364 9.313984
0.977855 0.003920 -0.209246 103.581485 -0.032909 0.990266 -0.135238 -50.632703 0.206679 0.139129 0.968466 9.634365
0.976917 -0.044716 -0.208889 105.125395 0.015291 0.989976 -0.140409 -50.687689 0.213073 0.133973 0.967807 9.957192
0.975250 -0.078105 -0.206852 106.295280 0.048906 0.988559 -0.142689 -50.729939 0.215630 0.129041 0.967911 10.194122
0.971601 -0.117079 -0.205630 107.910967 0.087876 0.985398 -0.145840 -50.691210 0.219702 0.123628 0.967702 10.541482
0.968839 -0.137868 -0.205775 109.215810 0.109008 0.983322 -0.145585 -50.564313 0.222415 0.118618 0.967709 10.816825
0.963971 -0.156587 -0.215037 111.252305 0.127637 0.981523 -0.142555 -50.296866 0.233386 0.109972 0.966145 11.250893
0.960639 -0.166169 -0.222621 112.953327 0.138001 0.980952 -0.136710 -50.062625 0.241097 0.100607 0.965272 11.635210
0.963605 -0.161253 -0.213220 114.266267 0.135686 0.982235 -0.129632 -49.834450 0.230335 0.095983 0.968366 11.943714
0.963106 -0.156896 -0.218654 115.917479 0.132202 0.983510 -0.123412 -49.550581 0.234412 0.089952 0.967967 12.316025
0.961776 -0.158962 -0.222977 117.619318 0.134835 0.983619 -0.119639 -49.334988 0.238343 0.085001 0.967454 12.713469
0.961236 -0.159046 -0.225231 118.972919 0.134959 0.983719 -0.118674 -49.153869 0.240439 0.083677 0.967051 13.030827
0.961751 -0.155867 -0.225256 120.738103 0.132063 0.984285 -0.117226 -48.917228 0.239988 0.082995 0.967222 13.454085
0.964768 -0.119626 -0.234334 124.854334 0.093267 0.988317 -0.120543 -48.408926 0.246016 0.094440 0.964654 14.476493
0.965078 -0.108837 -0.238283 126.269362 0.081467 0.989197 -0.121870 -48.257398 0.248973 0.098202 0.963519 14.822948
0.968090 -0.089449 -0.234097 127.977510 0.062743 0.990891 -0.119155 -48.082333 0.242623 0.100665 0.964884 15.246646
0.968979 -0.080667 -0.233607 129.338676 0.053887 0.991450 -0.118841 -47.986680 0.241196 0.102566 0.965041 15.576364
0.968094 -0.068647 -0.241002 131.133849 0.040809 0.992096 -0.118658 -47.881532 0.247242 0.105037 0.963244 15.997673
0.970450 -0.057368 -0.234382 132.556330 0.029594 0.992291 -0.120343 -47.864629 0.239479 0.109851 0.964667 16.347155
0.970937 -0.040566 -0.235874 135.005037 0.012875 0.992957 -0.117773 -47.805062 0.238990 0.111313 0.964621 16.930357
0.972041 -0.028644 -0.233058 136.369230 0.001497 0.993267 -0.115834 -47.750363 0.234807 0.112247 0.965539 17.249700
0.971077 -0.018947 -0.238012 138.147932 -0.008387 0.993525 -0.113308 -47.741385 0.238618 0.112027 0.964630 17.667196
0.971671 -0.014191 -0.235911 139.533600 -0.012994 0.993478 -0.113283 -47.735168 0.235980 0.113139 0.965149 17.991107
0.972204 0.004752 -0.234089 141.598606 -0.030994 0.993608 -0.108550 -47.752965 0.232077 0.112788 0.966136 18.474032
0.971487 0.020573 -0.236199 143.258552 -0.047415 0.992962 -0.108528 -47.800396 0.232304 0.116633 0.965625 18.853111
0.970028 0.040910 -0.239524 145.178161 -0.067282 0.992405 -0.102979 -47.864812 0.233492 0.116008 0.965414 19.296544
0.968842 0.060398 -0.240204 147.279169 -0.086740 0.991134 -0.100642 -48.002787 0.231996 0.118342 0.965491 19.785057
0.969320 0.078236 -0.233018 148.695416 -0.103036 0.990013 -0.096220 -48.059109 0.223163 0.117277 0.967701 20.111628
0.968807 0.080754 -0.234292 148.709173 -0.106542 0.989310 -0.099567 -48.051678 0.223747 0.121423 0.967054 20.115601
0.967138 0.089360 -0.238030 150.046684 -0.116151 0.988084 -0.100992 -48.157840 0.226169 0.125320 0.965993 20.402992
0.966666 0.098379 -0.236384 151.259467 -0.125488 0.986788 -0.102482 -48.300076 0.223179 0.128729 0.966240 20.671757
0.965978 0.106476 -0.235690 152.374508 -0.134111 0.985444 -0.104469 -48.448664 0.221136 0.132523 0.966197 20.920394
0.965289 0.113517 -0.235224 153.192880 -0.141113 0.984519 -0.103966 -48.539870 0.219781 0.133550 0.966365 21.098839
0.964750 0.120071 -0.234179 154.193226 -0.147487 0.983660 -0.103249 -48.659491 0.217955 0.134148 0.966695 21.314972
0.963040 0.125762 -0.238198 155.173485 -0.153669 0.982803 -0.102395 -48.809460 0.221224 0.135214 0.965804 21.527753
0.961572 0.126607 -0.243617 156.143535 -0.155159 0.982635 -0.101753 -48.963638 0.226504 0.135643 0.964519 21.740564
0.959341 0.138764 -0.245783 156.174898 -0.168909 0.979910 -0.106049 -48.950068 0.226130 0.143252 0.963506 21.746109
0.957700 0.145473 -0.248291 156.204430 -0.175920 0.978779 -0.105092 -48.947928 0.227734 0.144326 0.962968 21.750084
0.955204 0.151452 -0.254258 157.396351 -0.181782 0.978217 -0.100237 -49.174478 0.233539 0.141966 0.961928 22.022419
0.954352 0.156467 -0.254421 158.553108 -0.187573 0.976852 -0.102843 -49.442568 0.232440 0.145871 0.961610 22.281965
0.947589 0.190160 -0.256739 158.591356 -0.221195 0.970323 -0.097707 -49.428648 0.230540 0.149376 0.961529 22.288905
0.946509 0.200825 -0.252566 159.588807 -0.230418 0.968605 -0.093334 -49.619571 0.225893 0.146537 0.963068 22.525872
0.943738 0.206259 -0.258486 160.326301 -0.237053 0.966947 -0.093910 -49.811023 0.230572 0.149902 0.961439 22.694512
0.941877 0.215597 -0.257654 161.461991 -0.245699 0.965102 -0.090606 -50.047185 0.229128 0.148645 0.961980 22.955147
0.938967 0.222793 -0.262113 162.572738 -0.253405 0.963256 -0.089013 -50.308701 0.232651 0.150001 0.960923 23.234647
0.931918 0.253738 -0.259125 162.589123 -0.284530 0.954568 -0.088561 -50.286500 0.224881 0.156260 0.961775 23.242499
0.930663 0.259946 -0.257478 163.473555 -0.290056 0.953124 -0.086157 -50.467316 0.223013 0.154866 0.962435 23.443403
0.936659 0.235156 -0.259559 163.486974 -0.262754 0.961801 -0.076813 -50.513852 0.231581 0.140148 0.962668 23.437814
0.931626 0.241093 -0.271931 164.380237 -0.268501 0.960879 -0.067963 -50.795065 0.244907 0.136330 0.959914 23.608359
0.929313 0.254925 -0.267190 165.458613 -0.281421 0.957353 -0.065405 -51.077807 0.239122 0.135974 0.961422 23.861971
0.923800 0.284685 -0.256023 165.448783 -0.311275 0.947792 -0.069266 -51.046879 0.222938 0.143681 0.964186 23.873709
0.924324 0.288811 -0.249427 166.382171 -0.314903 0.946460 -0.071059 -51.317899 0.215550 0.144227 0.965783 24.039093
0.928201 0.287095 -0.236686 167.169838 -0.311907 0.947207 -0.074249 -51.607776 0.202875 0.142742 0.968745 24.203368
0.929677 0.285080 -0.233301 167.957305 -0.309677 0.947811 -0.075860 -51.852208 0.199499 0.142773 0.969441 24.371158
0.929074 0.283412 -0.237694 169.009032 -0.309176 0.947767 -0.078414 -52.179413 0.203055 0.146341 0.968170 24.597734
0.926728 0.279117 -0.251535 170.063244 -0.304999 0.949794 -0.069761 -52.500530 0.219435 0.141368 0.965331 24.818949
0.919978 0.300553 -0.251612 170.090304 -0.326998 0.942439 -0.069860 -52.489625 0.216132 0.146546 0.965304 24.824930
0.919702 0.291289 -0.263246 171.444506 -0.318198 0.945783 -0.065153 -52.969145 0.229996 0.143686 0.962526 25.087550
0.919051 0.288745 -0.268275 172.615846 -0.314478 0.947521 -0.057513 -53.386558 0.237589 0.137224 0.961624 25.372296
0.919956 0.287751 -0.266234 173.790937 -0.312879 0.948118 -0.056389 -53.768706 0.236195 0.135175 0.962258 25.629317
0.919789 0.288593 -0.265898 174.700907 -0.313444 0.947992 -0.055354 -54.061748 0.236094 0.134258 0.962411 25.857232
0.917180 0.291143 -0.272061 175.663287 -0.316751 0.946943 -0.054481 -54.379137 0.241764 0.136145 0.960736 26.072861
0.912844 0.300010 -0.276964 177.094301 -0.325991 0.943945 -0.051942 -54.875473 0.245856 0.137703 0.959475 26.420335
0.907870 0.310784 -0.281398 178.284336 -0.338516 0.939371 -0.054681 -55.302769 0.247343 0.144901 0.958032 26.717224
0.902779 0.323094 -0.283902 179.462122 -0.351726 0.934488 -0.054959 -55.751684 0.247546 0.149472 0.957277 27.032462
0.897080 0.334947 -0.288198 180.422140 -0.365180 0.929204 -0.056771 -56.129360 0.248779 0.156172 0.955887 27.278960
0.890143 0.353226 -0.287884 181.820983 -0.383810 0.921723 -0.055819 -56.747505 0.245633 0.160180 0.956037 27.670856
0.884218 0.367601 -0.288147 182.933492 -0.398651 0.915423 -0.055472 -57.217170 0.243384 0.163920 0.955978 27.948286
0.879140 0.380382 -0.287092 183.759730 -0.412001 0.909417 -0.056709 -57.620360 0.239515 0.168137 0.956223 28.168953
0.876652 0.384941 -0.288622 184.559205 -0.417239 0.906965 -0.057671 -58.032444 0.239570 0.170981 0.955705 28.355662
0.874851 0.390295 -0.286890 185.496460 -0.422067 0.904827 -0.056107 -58.507877 0.237687 0.170172 0.956319 28.582304
0.874795 0.389580 -0.288030 186.363486 -0.421976 0.904759 -0.057864 -58.946139 0.238055 0.172161 0.955872 28.771563
0.875192 0.387690 -0.289370 187.162252 -0.421140 0.904919 -0.061342 -59.342220 0.238075 0.175551 0.955250 28.935863
0.876741 0.385537 -0.287552 187.734487 -0.419916 0.905102 -0.066794 -59.637426 0.234513 0.179309 0.955433 29.091094
0.877738 0.384360 -0.286084 188.423599 -0.419775 0.904737 -0.072382 -59.976210 0.231010 0.183623 0.955467 29.250193
0.877319 0.382712 -0.289555 189.190325 -0.419080 0.904956 -0.073664 -60.350838 0.233843 0.185973 0.954322 29.408968
0.878479 0.376913 -0.293619 189.680860 -0.414419 0.906933 -0.075689 -60.580677 0.237765 0.188173 0.952921 29.511328
0.880777 0.369667 -0.295937 190.434222 -0.406943 0.910462 -0.073861 -60.929791 0.242136 0.185484 0.952348 29.695576
0.880567 0.370234 -0.295851 190.444187 -0.407325 0.910351 -0.073127 -60.935438 0.242255 0.184901 0.952431 29.696776
0.888406 0.351212 -0.295610 191.150302 -0.388327 0.918389 -0.075921 -61.231611 0.244820 0.182242 0.952287 29.863945
0.876830 0.374949 -0.300970 191.180070 -0.410174 0.909940 -0.061374 -61.241796 0.250852 0.177265 0.951657 29.861668
0.886546 0.351247 -0.301102 191.795274 -0.385630 0.920601 -0.061507 -61.524829 0.255590 0.170643 0.951606 30.011710
0.877148 0.372217 -0.303424 191.813989 -0.405744 0.912410 -0.053666 -61.524166 0.256871 0.170186 0.951343 30.012681
0.867666 0.399728 -0.295588 191.814109 -0.434564 0.898613 -0.060406 -61.488957 0.241474 0.180864 0.953404 30.024697
0.866191 0.403553 -0.294717 191.822584 -0.439219 0.896108 -0.063858 -61.483140 0.238328 0.184758 0.953449 30.029872
0.868112 0.396806 -0.298206 191.839440 -0.433809 0.898488 -0.067302 -61.488986 0.241229 0.187790 0.952126 30.033374
0.865632 0.397922 -0.303873 191.870446 -0.436679 0.896936 -0.069412 -61.490068 0.244934 0.192780 0.950181 30.037746
0.881627 0.356265 -0.309531 192.861509 -0.393785 0.916802 -0.066382 -61.952896 0.260129 0.180413 0.948569 30.312050
0.877851 0.359313 -0.316658 192.898803 -0.397882 0.915160 -0.064586 -61.963476 0.266586 0.182689 0.946338 30.314729
0.886450 0.339202 -0.314877 194.171557 -0.377981 0.923195 -0.069587 -62.544164 0.267089 0.180703 0.946578 30.678605
0.889007 0.333591 -0.313662 195.055187 -0.372177 0.925475 -0.070577 -62.951540 0.266742 0.179481 0.946908 30.942132
0.888184 0.334887 -0.314610 196.168454 -0.373413 0.925057 -0.069513 -63.408175 0.267754 0.179220 0.946672 31.265951
0.886672 0.338218 -0.315311 197.033259 -0.377267 0.923426 -0.070383 -63.831424 0.267361 0.181363 0.946375 31.510929
0.880049 0.354754 -0.315695 198.120892 -0.393713 0.916763 -0.067346 -64.298554 0.265526 0.183560 0.946468 31.829620
0.884835 0.341901 -0.316499 198.144061 -0.380238 0.922495 -0.066494 -64.324518 0.269234 0.179181 0.946260 31.833120
0.890908 0.328823 -0.313302 198.144126 -0.366268 0.928059 -0.067485 -64.338499 0.268572 0.174876 0.947253 31.834486
0.894128 0.322350 -0.310847 198.154016 -0.357696 0.931732 -0.062676 -64.359482 0.269423 0.167229 0.948391 31.836598
0.888861 0.340141 -0.306970 199.011445 -0.375059 0.924987 -0.061078 -64.701691 0.263168 0.169421 0.949757 32.096853
0.882179 0.359626 -0.304021 200.100567 -0.394686 0.916804 -0.060774 -65.141718 0.256871 0.173607 0.950725 32.422215
0.884748 0.356297 -0.300454 200.105901 -0.390065 0.918899 -0.058936 -65.154954 0.255088 0.169340 0.951974 32.424690
0.879215 0.371512 -0.298262 201.155788 -0.405704 0.912039 -0.059905 -65.566427 0.249771 0.173676 0.952602 32.720245
0.871853 0.390568 -0.295516 201.159325 -0.424640 0.903454 -0.058757 -65.553382 0.244037 0.176716 0.953529 32.724426
0.866731 0.400680 -0.297041 202.407139 -0.435267 0.898420 -0.058176 -66.129337 0.243558 0.179715 0.953091 33.072165
0.861740 0.412199 -0.295797 203.228609 -0.445769 0.893549 -0.053472 -66.521235 0.242268 0.177936 0.953753 33.308493
0.856479 0.426082 -0.291374 204.232673 -0.460517 0.885724 -0.058454 -67.035333 0.233170 0.184247 0.954822 33.585779
0.848177 0.441757 -0.292311 205.256143 -0.476706 0.877175 -0.057585 -67.503306 0.230970 0.188188 0.954588 33.862578
0.843152 0.454141 -0.287839 206.046059 -0.489047 0.870223 -0.059537 -67.831387 0.223446 0.190965 0.955827 34.087309
0.833177 0.473242 -0.286108 207.132376 -0.508821 0.858678 -0.061430 -68.414118 0.216604 0.196760 0.956226 34.376225
0.821376 0.492416 -0.287869 207.150912 -0.528646 0.846718 -0.060025 -68.402320 0.214186 0.201484 0.955787 34.380412
0.809857 0.512777 -0.284943 208.077741 -0.549037 0.833620 -0.060295 -68.891290 0.206616 0.205275 0.956646 34.609846
0.800564 0.528026 -0.283345 208.773569 -0.564634 0.823044 -0.061539 -69.330250 0.200711 0.209252 0.957041 34.782365
0.787352 0.550427 -0.277683 209.585499 -0.586289 0.807788 -0.061177 -69.749846 0.190636 0.210970 0.958723 34.988438
0.772006 0.575674 -0.269454 210.347932 -0.609975 0.790189 -0.059428 -70.264432 0.178708 0.210240 0.961178 35.179208
0.740209 0.617159 -0.266843 211.246728 -0.650996 0.757101 -0.054796 -70.961366 0.168209 0.214275 0.962181 35.380595
0.710509 0.652482 -0.263521 211.714339 -0.686404 0.725115 -0.055297 -71.265217 0.155002 0.220171 0.963068 35.494877
0.674168 0.691020 -0.260748 212.201090 -0.725027 0.686502 -0.055241 -71.638536 0.140831 0.226291 0.963825 35.601457
0.623031 0.739636 -0.254504 212.790971 -0.772957 0.632035 -0.055405 -72.184633 0.119876 0.231239 0.965483 35.727737
0.549470 0.796741 -0.251570 213.462320 -0.829747 0.555670 -0.052453 -73.079352 0.097998 0.237561 0.966417 35.837090
0.498641 0.828659 -0.254328 213.872580 -0.862288 0.504135 -0.048032 -73.667232 0.088413 0.243255 0.965925 35.896826
0.426051 0.867929 -0.255304 214.327479 -0.901561 0.430802 -0.039973 -74.451686 0.075292 0.247203 0.966034 35.959765
0.337106 0.906558 -0.253993 214.755969 -0.939988 0.339212 -0.036853 -75.426274 0.052748 0.251173 0.966504 36.015106
0.250832 0.932341 -0.260431 215.035701 -0.967619 0.249325 -0.039372 -76.487984 0.028223 0.261874 0.964689 36.031866
0.177678 0.949222 -0.259630 215.284276 -0.984051 0.173693 -0.038406 -77.496866 0.008640 0.262313 0.964944 36.036995
0.166810 0.949600 -0.265396 215.304034 -0.985948 0.163089 -0.036160 -77.504328 0.008945 0.267698 0.963461 36.039246
0.117992 0.956762 -0.265864 215.394683 -0.993006 0.112549 -0.035675 -78.294650 -0.004209 0.268214 0.963350 35.994398
0.066978 0.961145 -0.267796 215.530969 -0.997517 0.058654 -0.038975 -79.208164 -0.021754 0.269742 0.962687 36.020885
0.028274 0.961698 -0.272649 215.631372 -0.999133 0.018847 -0.037134 -79.788110 -0.030573 0.273463 0.961397 36.039341
-0.000950 0.961658 -0.274250 215.679562 -0.999175 -0.012047 -0.038780 -80.572235 -0.040597 0.273987 0.960876 36.038098
-0.036273 0.962419 -0.269134 215.636787 -0.997972 -0.048979 -0.040647 -81.694536 -0.052301 0.267114 0.962245 35.991021
-0.071970 0.961612 -0.264805 215.581614 -0.995512 -0.085612 -0.040327 -82.867643 -0.061450 0.260715 0.963458 35.920431
-0.113042 0.958558 -0.261510 215.489545 -0.990952 -0.127935 -0.040588 -84.091817 -0.072362 0.254556 0.964347 35.834089
-0.151157 0.954078 -0.258624 215.392741 -0.984859 -0.167818 -0.043473 -85.096938 -0.084879 0.248137 0.964999 35.761489
-0.213504 0.942375 -0.257578 215.180496 -0.971587 -0.232388 -0.044876 -86.547670 -0.102148 0.240678 0.965215 35.618657
-0.256546 0.931880 -0.256483 215.008672 -0.960065 -0.276340 -0.043724 -87.515246 -0.111622 0.235023 0.965559 35.525501
-0.298433 0.918825 -0.258261 214.759388 -0.947011 -0.318740 -0.039678 -88.732792 -0.118776 0.232735 0.965260 35.407230
-0.345123 0.903959 -0.252486 214.297269 -0.930800 -0.364168 -0.031497 -90.197837 -0.120420 0.224143 0.967088 35.175841
-0.370626 0.893116 -0.254912 213.968074 -0.919692 -0.391210 -0.033479 -91.134469 -0.129624 0.222032 0.966385 35.046370
-0.397340 0.881242 -0.255994 213.389616 -0.907031 -0.419500 -0.036258 -92.589217 -0.139341 0.217788 0.965998 34.816354
-0.409953 0.875903 -0.254426 212.877340 -0.901279 -0.431860 -0.034533 -93.756105 -0.140124 0.215152 0.966475 34.623744
-0.415140 0.873911 -0.252860 212.307297 -0.899874 -0.435308 -0.027075 -94.967222 -0.133733 0.216302 0.967124 34.392856
-0.414394 0.874079 -0.253501 211.609528 -0.900846 -0.433563 -0.022338 -96.417934 -0.129434 0.219109 0.967077 34.167319
-0.401496 0.877802 -0.261277 210.887433 -0.906348 -0.421825 -0.024431 -97.957441 -0.131659 0.226999 0.964955 33.920211
-0.388317 0.882885 -0.264053 210.481427 -0.912060 -0.409178 -0.026845 -98.875109 -0.131746 0.230408 0.964135 33.796142
-0.358425 0.892045 -0.275294 209.852685 -0.927063 -0.374828 -0.007560 -100.407813 -0.109932 0.252505 0.961330 33.563843
-0.318119 0.904567 -0.283828 209.340396 -0.942705 -0.333564 -0.006480 -101.789906 -0.100536 0.265505 0.958853 33.392583
-0.357854 0.889751 -0.283345 209.363522 -0.927178 -0.374584 -0.005267 -101.829202 -0.110823 0.260827 0.959003 33.396585
-0.295008 0.913678 -0.279578 208.758241 -0.951616 -0.307291 -0.000112 -103.456381 -0.086015 0.266017 0.960123 33.215192
-0.243037 0.927604 -0.283698 208.418902 -0.967317 -0.253570 -0.000418 -104.498522 -0.072325 0.274324 0.958914 33.092339
-0.171482 0.940342 -0.293854 208.060562 -0.983162 -0.182455 -0.010128 -106.168400 -0.063139 0.287169 0.955797 32.987847
-0.121218 0.944760 -0.304525 207.880330 -0.991763 -0.128063 -0.002527 -107.346808 -0.041385 0.301710 0.952501 32.914083
-0.046834 0.949973 -0.308799 207.720470 -0.998718 -0.050472 -0.003798 -109.091645 -0.019194 0.308226 0.951120 32.869819
0.017556 0.951111 -0.308349 207.669894 -0.999843 0.017472 -0.003036 -110.566650 0.002500 0.308353 0.951269 32.861336
0.078140 0.949090 -0.305161 207.733443 -0.996615 0.082203 0.000469 -112.399441 0.025531 0.304091 0.952301 32.887705
0.115040 0.944463 -0.307824 207.835057 -0.992610 0.121343 0.001346 -113.607931 0.038624 0.305394 0.951442 32.925313
0.165098 0.935051 -0.313724 208.091324 -0.984526 0.175192 0.004049 -115.476248 0.058748 0.308201 0.949506 32.997152
0.200137 0.928059 -0.314088 208.437175 -0.976950 0.213323 0.007809 -117.357269 0.074249 0.305285 0.949362 33.123004
0.217043 0.923326 -0.316798 208.769665 -0.972747 0.231701 0.008865 -118.950375 0.081588 0.306240 0.948452 33.228121
0.224288 0.920542 -0.319840 209.044278 -0.970977 0.239064 0.007160 -120.240091 0.083053 0.308951 0.947445 33.319832
0.227377 0.918662 -0.323047 209.608919 -0.969545 0.244566 0.013065 -122.872606 0.091009 0.310238 0.946293 33.492954
0.228677 0.917771 -0.324660 210.045462 -0.969474 0.245000 0.009724 -124.859739 0.088466 0.312525 0.945781 33.640807
0.229855 0.917434 -0.324778 210.408824 -0.969122 0.246374 0.010084 -126.535864 0.089269 0.312432 0.945736 33.772098
0.229030 0.917769 -0.324415 210.702443 -0.969244 0.245845 0.011230 -127.887581 0.090062 0.311866 0.945848 33.852883
0.229107 0.917550 -0.324980 210.985525 -0.969006 0.246676 0.013330 -129.253223 0.092395 0.311854 0.945627 33.970321
0.229630 0.918721 -0.321281 211.356015 -0.968936 0.246937 0.013598 -130.961562 0.091829 0.308178 0.946886 34.082666
0.227684 0.918752 -0.322575 211.649348 -0.969446 0.244941 0.013371 -132.311005 0.091297 0.309675 0.946449 34.193435
0.222900 0.921634 -0.317658 212.048160 -0.970518 0.240454 0.016629 -134.040089 0.091708 0.304587 0.948059 34.322715
0.214550 0.925079 -0.313364 212.399779 -0.972024 0.233634 0.024196 -135.745067 0.095596 0.299406 0.949325 34.470532
0.212013 0.926845 -0.309852 212.674818 -0.972638 0.230946 0.025299 -137.130517 0.095008 0.296010 0.950448 34.596290
0.204828 0.928471 -0.309817 213.028822 -0.974509 0.223044 0.024151 -138.844068 0.091526 0.296973 0.950489 34.739286
0.195248 0.929995 -0.311428 213.445826 -0.976385 0.214257 0.027681 -140.931580 0.092469 0.298669 0.949866 34.906417
0.183601 0.932144 -0.312088 213.708333 -0.978357 0.204103 0.034049 -142.357445 0.095436 0.299082 0.949443 35.021299
0.175352 0.935055 -0.308096 213.947865 -0.980292 0.194753 0.033135 -143.745170 0.090985 0.296214 0.950778 35.161609
0.167621 0.935359 -0.311460 214.292054 -0.983061 0.182341 0.018535 -145.889847 0.074129 0.303077 0.950078 35.330518
0.155707 0.936417 -0.314450 214.493821 -0.984452 0.173305 0.028618 -147.292420 0.081295 0.305105 0.948842 35.404949
