0.999788 0.020577 -0.000842 1.933086 -0.020575 0.999787 0.001359 -0.032167 0.000870 -0.001342 0.999999 -0.014253
0.998833 0.048206 -0.002892 4.241772 -0.048196 0.998832 0.003368 -0.123220 0.003050 -0.003224 0.999990 -0.025660
0.997190 0.074813 -0.003906 6.164065 -0.074795 0.997188 0.004577 -0.248797 0.004237 -0.004272 0.999982 -0.036769
0.995691 0.092590 -0.005121 7.690374 -0.092568 0.995697 0.004343 -0.389327 0.005501 -0.003850 0.999977 -0.046474
0.993112 0.117092 -0.004349 9.613503 -0.117063 0.993104 0.006438 -0.603329 0.005073 -0.005885 0.999970 -0.057525
0.990811 0.135090 -0.006694 11.129982 -0.135044 0.990816 0.006866 -0.805928 0.007561 -0.005899 0.999954 -0.058216
0.987211 0.159256 -0.007156 13.007464 -0.159193 0.987210 0.008613 -1.097773 0.008436 -0.007364 0.999937 -0.062088
0.983786 0.179125 -0.008900 14.501834 -0.179048 0.983800 0.008876 -1.362611 0.010346 -0.007138 0.999921 -0.057984
0.978889 0.204120 -0.010556 16.348980 -0.204023 0.978919 0.009560 -1.734533 0.012285 -0.007205 0.999899 -0.051746
0.974618 0.223513 -0.012755 17.807066 -0.223397 0.974677 0.009909 -2.064400 0.014647 -0.006808 0.999870 -0.041591
0.967518 0.252449 -0.013363 19.953698 -0.252305 0.967579 0.011524 -2.606917 0.015839 -0.007778 0.999844 -0.022193
0.961324 0.275068 -0.013938 21.709016 -0.274893 0.961384 0.013246 -3.096055 0.017043 -0.008903 0.999815 -0.003652
0.956126 0.292472 -0.016814 23.086280 -0.292250 0.956233 0.014462 -3.510764 0.020307 -0.008914 0.999754 0.010441
0.950096 0.311482 -0.017214 24.795556 -0.311228 0.950202 0.015900 -4.066184 0.021309 -0.009749 0.999725 0.033060
0.943568 0.330662 -0.018489 26.496696 -0.330372 0.943696 0.017076 -4.654099 0.023094 -0.010004 0.999683 0.064786
0.936718 0.349523 -0.019838 27.845537 -0.349195 0.936873 0.018243 -5.144498 0.024962 -0.010161 0.999637 0.090947
0.929524 0.368171 -0.020838 29.182254 -0.367803 0.929699 0.019529 -5.664788 0.026563 -0.010489 0.999592 0.115677
0.920072 0.391074 -0.023011 30.842006 -0.390659 0.920305 0.020582 -6.354752 0.029226 -0.009947 0.999523 0.152289
0.909707 0.414512 -0.024774 32.794301 -0.414032 0.909989 0.022317 -7.232206 0.031795 -0.010045 0.999444 0.208097
0.901124 0.432832 -0.025141 34.391771 -0.432326 0.901418 0.023231 -7.989634 0.032717 -0.010065 0.999414 0.254265
0.892085 0.451091 -0.026500 35.956648 -0.450539 0.892424 0.024357 -8.772440 0.034637 -0.009789 0.999352 0.300738
0.885070 0.464635 -0.027668 37.176290 -0.464044 0.885451 0.025297 -9.410261 0.036252 -0.009550 0.999297 0.337663
0.876293 0.480878 -0.029434 38.648354 -0.480238 0.876742 0.026378 -10.212998 0.038490 -0.008980 0.999219 0.389021
0.869440 0.493095 -0.030525 39.783968 -0.492424 0.869933 0.027103 -10.857339 0.039919 -0.008533 0.999166 0.422533
0.862416 0.505086 -0.033571 40.895928 -0.504369 0.863040 0.027821 -11.505077 0.043025 -0.007061 0.999049 0.459168
0.852899 0.520925 -0.034644 42.216913 -0.520121 0.853570 0.029873 -12.302725 0.045132 -0.007459 0.998953 0.516070
0.845273 0.533123 -0.035967 43.225816 -0.532301 0.846013 0.030290 -12.936761 0.046577 -0.006459 0.998894 0.555312
0.834620 0.549492 -0.038308 44.422403 -0.548620 0.835483 0.031378 -13.717260 0.049248 -0.005172 0.998773 0.612055
0.824610 0.564299 -0.039803 45.557799 -0.563379 0.825559 0.032522 -14.489059 0.051212 -0.004394 0.998678 0.666740
0.817116 0.575016 -0.040965 46.421497 -0.574064 0.818134 0.033267 -15.098969 0.052644 -0.003666 0.998607 0.709015
0.806251 0.589988 -0.043277 47.640769 -0.588976 0.807408 0.034638 -15.993493 0.055378 -0.002438 0.998462 0.776055
0.798149 0.600741 -0.045477 48.601203 -0.599651 0.799442 0.036220 -16.716534 0.058115 -0.001639 0.998309 0.822338
0.792063 0.608679 -0.046318 49.324734 -0.607551 0.793415 0.037064 -17.273048 0.059310 -0.001217 0.998239 0.862770
0.785313 0.617219 -0.048213 50.005570 -0.616046 0.786791 0.038034 -17.810266 0.061409 -0.000167 0.998113 0.900093
0.776711 0.627919 -0.049372 50.804518 -0.626683 0.778278 0.039380 -18.455261 0.063152 0.000354 0.998004 0.951710
0.768681 0.637609 -0.050835 51.541386 -0.636306 0.770359 0.040755 -19.066252 0.065147 0.001019 0.997875 0.995216
0.762499 0.644931 -0.051560 52.091623 -0.643572 0.764240 0.041875 -19.533503 0.066411 0.001253 0.997792 1.032021
0.755077 0.653551 -0.052253 52.737840 -0.652130 0.756881 0.043099 -20.093067 0.067717 0.001533 0.997703 1.076154
0.747043 0.662646 -0.053160 53.447032 -0.661196 0.748929 0.043886 -20.719062 0.068894 0.002365 0.997621 1.127985
0.741615 0.668605 -0.054537 53.877534 -0.667108 0.743611 0.044837 -21.112018 0.070532 0.003131 0.997505 1.161607
0.735153 0.675717 -0.054384 54.385981 -0.674165 0.737156 0.045865 -21.578954 0.071081 0.002945 0.997466 1.197419
0.728940 0.682402 -0.054536 54.891221 -0.680807 0.730971 0.046739 -22.041665 0.071759 0.003059 0.997417 1.236665
0.720226 0.691446 -0.056359 55.463845 -0.689826 0.722413 0.047539 -22.595155 0.073585 0.004639 0.997278 1.280758
0.714007 0.697893 -0.056031 55.850348 -0.696202 0.716189 0.048744 -22.974005 0.074147 0.004205 0.997238 1.312650
0.702064 0.709803 -0.057315 56.441810 -0.708029 0.704381 0.050428 -23.560527 0.076165 0.005177 0.997082 1.360496
0.691668 0.719922 -0.057512 56.942503 -0.718139 0.694029 0.051002 -24.076192 0.076633 0.006025 0.997041 1.398453
0.682510 0.728510 -0.058763 57.356373 -0.726697 0.684996 0.051885 -24.523692 0.078052 0.007291 0.996923 1.435713
0.672954 0.737315 -0.059151 57.781363 -0.735538 0.675494 0.051879 -24.990333 0.078207 0.008595 0.996900 1.470229
0.662900 0.746345 -0.059436 58.227233 -0.744540 0.665494 0.052705 -25.496311 0.078890 0.009314 0.996840 1.512197
0.651229 0.756425 -0.061014 58.785331 -0.754448 0.654006 0.055530 -26.141426 0.081908 0.009869 0.996591 1.574123
0.640139 0.765827 -0.061086 59.359087 -0.763861 0.642955 0.055906 -26.821272 0.082089 0.010873 0.996566 1.620970
0.626180 0.777130 -0.062989 60.045867 -0.775125 0.629207 0.057268 -27.692030 0.084138 0.012964 0.996370 1.683298
0.615722 0.785511 -0.062114 60.622755 -0.783414 0.618721 0.058717 -28.411557 0.084554 0.012507 0.996340 1.751362
0.607540 0.791727 -0.063742 61.064652 -0.789622 0.610709 0.059427 -28.986956 0.085977 0.014228 0.996195 1.799573
0.601363 0.796392 -0.064213 61.490457 -0.794220 0.604605 0.060549 -29.561236 0.087044 0.014588 0.996098 1.845549
0.593956 0.801928 -0.064250 62.018188 -0.799708 0.597235 0.061463 -30.267354 0.087661 0.014875 0.996039 1.906887
0.589830 0.804857 -0.065613 62.523658 -0.802533 0.593267 0.063053 -30.966755 0.089675 0.015466 0.995851 1.969868
0.588710 0.805649 -0.065953 62.912569 -0.803262 0.592193 0.063856 -31.509041 0.090502 0.015385 0.995777 2.014538
0.588667 0.805655 -0.066262 63.396939 -0.803224 0.592187 0.064390 -32.182687 0.091116 0.015319 0.995722 2.072497
0.589518 0.804975 -0.066955 63.862382 -0.802444 0.593117 0.065547 -32.823652 0.092476 0.015087 0.995601 2.132285
0.590211 0.804379 -0.068014 64.301807 -0.801801 0.593915 0.066184 -33.435649 0.093631 0.015471 0.995487 2.188442
0.592791 0.802429 -0.068602 64.719757 -0.799740 0.596560 0.067320 -34.024587 0.094945 0.014957 0.995370 2.245344
0.598128 0.798460 -0.068588 65.129630 -0.795693 0.601885 0.067869 -34.579679 0.095473 0.013981 0.995334 2.294124
0.607598 0.791100 -0.070609 65.606305 -0.788271 0.611524 0.068320 -35.226513 0.097227 0.014148 0.995162 2.357909
0.618038 0.782955 -0.070783 65.973668 -0.780016 0.621950 0.068942 -35.713082 0.098002 0.012604 0.995106 2.409768
0.639000 0.765819 -0.072112 66.506395 -0.762734 0.642969 0.069477 -36.374095 0.099573 0.010607 0.994974 2.479964
0.654410 0.752604 -0.073040 66.867941 -0.749381 0.658414 0.070134 -36.807764 0.100874 0.008838 0.994860 2.525565
0.668495 0.740033 -0.073926 67.212407 -0.736744 0.672527 0.070111 -37.204478 0.101602 0.007596 0.994796 2.566448
0.679630 0.729754 -0.074575 67.478971 -0.726380 0.683680 0.070385 -37.496716 0.102349 0.006334 0.994728 2.599036
0.692115 0.717840 -0.075383 67.762073 -0.714390 0.696190 0.070479 -37.797830 0.103073 0.005073 0.994661 2.632232
0.699532 0.710562 -0.075873 67.926557 -0.707081 0.703621 0.070386 -37.968448 0.103399 0.004412 0.994630 2.647990
0.705435 0.704615 -0.076673 68.088715 -0.701092 0.709579 0.070484 -38.137133 0.104070 0.004033 0.994562 2.666261
0.710954 0.699028 -0.076845 68.186678 -0.695451 0.715087 0.070692 -38.236532 0.104367 0.003183 0.994534 2.680770
0.714292 0.695575 -0.077212 68.248983 -0.691982 0.718447 0.070669 -38.300675 0.104628 0.002951 0.994507 2.689154
0.715979 0.693834 -0.077255 68.276840 -0.690230 0.720130 0.070680 -38.333986 0.104674 0.002719 0.994503 2.693305
0.716767 0.693016 -0.077296 68.297304 -0.689405 0.720918 0.070701 -38.340985 0.104721 0.002612 0.994498 2.695501
0.717942 0.691760 -0.077630 68.277104 -0.688125 0.722123 0.070869 -38.316162 0.105082 0.002539 0.994460 2.694392
0.716944 0.692853 -0.077116 68.257951 -0.689260 0.721075 0.070514 -38.302886 0.104462 0.002598 0.994525 2.688834
0.716202 0.693599 -0.077304 68.258425 -0.690017 0.720356 0.070459 -38.307368 0.104557 0.002879 0.994515 2.689117
0.716034 0.693792 -0.077118 68.245013 -0.690190 0.720170 0.070662 -38.303188 0.104563 0.002630 0.994515 2.689174
0.715577 0.694254 -0.077209 68.237895 -0.690662 0.719724 0.070585 -38.303113 0.104573 0.002816 0.994513 2.687984
0.715715 0.694108 -0.077248 68.225242 -0.690523 0.719865 0.070514 -38.307741 0.104552 0.002873 0.994515 2.687462
0.715981 0.693836 -0.077223 68.222745 -0.690250 0.720128 0.070509 -38.306533 0.104532 0.002820 0.994517 2.687321
0.716056 0.693759 -0.077213 68.218876 -0.690173 0.720202 0.070501 -38.297850 0.104520 0.002808 0.994519 2.687102
0.715965 0.693861 -0.077146 68.214579 -0.690278 0.720104 0.070480 -38.302523 0.104456 0.002791 0.994526 2.687282
0.716361 0.693438 -0.077271 68.205226 -0.689854 0.720511 0.070463 -38.290087 0.104537 0.002828 0.994517 2.686401
0.716321 0.693480 -0.077262 68.193692 -0.689893 0.720470 0.070500 -38.289497 0.104556 0.002802 0.994515 2.686594
0.715377 0.694447 -0.077325 68.186120 -0.690864 0.719537 0.070518 -38.285346 0.104609 0.002974 0.994509 2.687181
0.716535 0.693252 -0.077325 68.184360 -0.689663 0.720690 0.070513 -38.279127 0.104610 0.002803 0.994509 2.686772
0.716345 0.693445 -0.077357 68.181401 -0.689858 0.720504 0.070500 -38.283378 0.104624 0.002863 0.994508 2.686825
0.717657 0.692092 -0.077309 68.195397 -0.688502 0.721805 0.070447 -38.295757 0.104558 0.002671 0.994515 2.688206
0.717589 0.692158 -0.077361 68.200821 -0.688571 0.721741 0.070421 -38.304684 0.104577 0.002735 0.994513 2.688576
0.718774 0.690916 -0.077456 68.203093 -0.687317 0.722931 0.070469 -38.305964 0.104683 0.002586 0.994502 2.689201
0.718453 0.691255 -0.077411 68.204173 -0.687662 0.722606 0.070438 -38.314590 0.104628 0.002626 0.994508 2.689449
0.718898 0.690791 -0.077419 68.209259 -0.687197 0.723050 0.070427 -38.325191 0.104628 0.002572 0.994508 2.690290
0.719734 0.689917 -0.077441 68.219831 -0.686321 0.723884 0.070400 -38.330621 0.104628 0.002480 0.994508 2.691296
0.720253 0.689365 -0.077534 68.216081 -0.685763 0.724410 0.070416 -38.332646 0.104709 0.002453 0.994500 2.691605
0.721096 0.688483 -0.077535 68.215673 -0.684882 0.725248 0.070363 -38.334712 0.104676 0.002364 0.994504 2.691051
0.722954 0.686536 -0.077498 68.242472 -0.682928 0.727093 0.070322 -38.353707 0.104627 0.002086 0.994509 2.693984
0.722716 0.686782 -0.077541 68.251359 -0.683178 0.726861 0.070301 -38.363526 0.104643 0.002166 0.994508 2.694700
0.723903 0.685511 -0.077714 68.260268 -0.681896 0.728060 0.070340 -38.388897 0.104799 0.002074 0.994491 2.698192
0.725296 0.684034 -0.077738 68.289547 -0.680414 0.729448 0.070307 -38.407471 0.104799 0.001900 0.994492 2.701778
0.727132 0.682075 -0.077796 68.327810 -0.678445 0.731280 0.070303 -38.433107 0.104843 0.001661 0.994487 2.706299
0.729824 0.679188 -0.077855 68.386388 -0.675553 0.733963 0.070186 -38.470507 0.104813 0.001371 0.994491 2.711670
0.732986 0.675741 -0.078142 68.474197 -0.672080 0.737138 0.070258 -38.543297 0.105077 0.001020 0.994464 2.723830
0.734526 0.674062 -0.078173 68.523765 -0.670395 0.738674 0.070217 -38.583976 0.105075 0.000830 0.994464 2.729332
0.736096 0.672313 -0.078467 68.570177 -0.668632 0.740266 0.070261 -38.633406 0.105324 0.000747 0.994438 2.736155
0.737873 0.670352 -0.078561 68.591268 -0.666661 0.742043 0.070251 -38.643803 0.105388 0.000537 0.994431 2.738653
0.737816 0.670411 -0.078586 68.591685 -0.666721 0.741990 0.070247 -38.646748 0.105404 0.000565 0.994429 2.738579
0.738638 0.669493 -0.078692 68.588642 -0.665796 0.742818 0.070270 -38.644880 0.105499 0.000489 0.994419 2.739461
0.738562 0.669593 -0.078551 68.587061 -0.665898 0.742728 0.070252 -38.640560 0.105382 0.000422 0.994432 2.738757
0.739490 0.668558 -0.078647 68.600887 -0.664859 0.743660 0.070231 -38.645555 0.105440 0.000354 0.994426 2.739686
0.739241 0.668835 -0.078627 68.592422 -0.665137 0.743411 0.070234 -38.648099 0.105427 0.000378 0.994427 2.738886
0.739348 0.668710 -0.078681 68.601068 -0.665008 0.743523 0.070266 -38.641919 0.105488 0.000373 0.994420 2.739567
0.739790 0.668223 -0.078671 68.606754 -0.664520 0.743961 0.070245 -38.651654 0.105467 0.000312 0.994423 2.740710
0.740274 0.667680 -0.078724 68.604763 -0.663970 0.744449 0.070286 -38.644875 0.105535 0.000239 0.994416 2.741213
0.740462 0.667477 -0.078683 68.613655 -0.663769 0.744631 0.070257 -38.642909 0.105485 0.000205 0.994421 2.741403
0.741308 0.666521 -0.078820 68.628075 -0.662803 0.745486 0.070300 -38.661760 0.105616 0.000128 0.994407 2.744278
0.742397 0.665294 -0.078932 68.641432 -0.661565 0.746581 0.070341 -38.679380 0.105726 -0.000002 0.994395 2.747434
0.745387 0.661937 -0.078981 68.699298 -0.658209 0.749559 0.070153 -38.746540 0.105638 -0.000305 0.994405 2.755191
0.751174 0.655304 -0.079456 68.821391 -0.651544 0.755364 0.070112 -38.856215 0.105963 -0.000897 0.994370 2.772381
0.757715 0.647682 -0.079851 68.958417 -0.643884 0.761909 0.070061 -38.974220 0.106217 -0.001672 0.994342 2.791197
0.775233 0.626402 -0.081450 69.319435 -0.622548 0.779494 0.069455 -39.286351 0.106996 -0.003138 0.994254 2.826360
0.788960 0.608979 -0.081773 69.585103 -0.604988 0.793166 0.069834 -39.516295 0.107387 -0.005625 0.994201 2.852786
0.815942 0.572106 -0.083271 70.088026 -0.567946 0.820126 0.069511 -39.889716 0.108061 -0.009424 0.994100 2.901474
0.836279 0.541687 -0.084929 70.498804 -0.537391 0.840492 0.069173 -40.182273 0.108852 -0.012208 0.993983 2.942808
0.863045 0.497675 -0.086447 71.080709 -0.493197 0.867205 0.068654 -40.563822 0.109135 -0.016616 0.993888 2.993158
0.882738 0.461353 -0.089032 71.610076 -0.456809 0.887020 0.067240 -40.879686 0.109994 -0.018684 0.993757 3.046095
0.905106 0.415270 -0.091294 72.347153 -0.410403 0.909386 0.067718 -41.263524 0.111143 -0.023824 0.993519 3.121146
0.923654 0.371795 -0.092911 73.196669 -0.366675 0.927875 0.067801 -41.625676 0.111417 -0.028556 0.993363 3.195552
0.938087 0.333143 -0.094912 74.318874 -0.327810 0.942324 0.067578 -42.064087 0.111951 -0.032281 0.993189 3.292241
0.943929 0.315555 -0.097077 75.136996 -0.310063 0.948307 0.067636 -42.342947 0.113402 -0.033744 0.992976 3.369751
0.950919 0.292503 -0.100968 76.900490 -0.286491 0.955525 0.069958 -42.884523 0.116940 -0.037598 0.992427 3.560985
0.954624 0.285020 -0.086352 78.341725 -0.277725 0.956675 0.087420 -43.341169 0.107527 -0.059471 0.992422 3.714947
0.954805 0.283420 -0.089558 79.362812 -0.275815 0.957133 0.088449 -43.623938 0.110788 -0.059750 0.992046 3.806634
0.953301 0.283734 -0.103497 80.933298 -0.272511 0.955813 0.110268 -44.100293 0.130210 -0.076915 0.988499 3.966176
0.954081 0.280910 -0.104014 82.282028 -0.269773 0.956706 0.109250 -44.467926 0.130201 -0.076173 0.988557 4.101673
0.954506 0.278389 -0.106852 83.374391 -0.267067 0.957501 0.108939 -44.783521 0.132639 -0.075446 0.988289 4.236246
0.957523 0.266208 -0.110831 84.737681 -0.254560 0.960918 0.108789 -45.174975 0.135460 -0.075955 0.987867 4.414471
0.963951 0.239823 -0.115257 86.401817 -0.227994 0.967777 0.106894 -45.629063 0.137178 -0.076763 0.987568 4.644831
0.972298 0.201556 -0.118368 87.807134 -0.189662 0.976276 0.104469 -45.992552 0.136616 -0.079125 0.987459 4.834525
0.979868 0.160534 -0.118695 88.972296 -0.151734 0.985191 0.079842 -46.197803 0.129754 -0.060224 0.989716 4.960434
0.986106 0.115225 -0.119661 90.180716 -0.106055 0.991106 0.080386 -46.413053 0.127859 -0.066578 0.989555 5.102444
0.990777 0.057943 -0.122492 91.700743 -0.048647 0.995800 0.077568 -46.582047 0.126472 -0.070893 0.989434 5.272792
0.992266 0.014415 -0.123288 92.949986 -0.004743 0.996912 0.078387 -46.688047 0.124037 -0.077196 0.989270 5.396999
0.991220 -0.038475 -0.126502 94.547657 0.048517 0.995828 0.077287 -46.656839 0.123001 -0.082746 0.988951 5.558199
0.988153 -0.084330 -0.128226 96.146843 0.094561 0.992621 0.075903 -46.583377 0.120879 -0.087129 0.988836 5.725040
0.984712 -0.116120 -0.129843 97.446393 0.126540 0.989116 0.075086 -46.489431 0.119711 -0.090368 0.988687 5.851288
0.980231 -0.147108 -0.132314 99.090013 0.157805 0.984670 0.074314 -46.288844 0.119353 -0.093725 0.988418 6.021727
0.976686 -0.167055 -0.134823 100.408661 0.177964 0.981303 0.073303 -46.066393 0.120056 -0.095587 0.988155 6.162119
0.971983 -0.187899 -0.141221 102.422053 0.199424 0.977241 0.072322 -45.681526 0.124418 -0.098459 0.987333 6.397214
0.969743 -0.197535 -0.143455 104.105913 0.209026 0.975410 0.069875 -45.312293 0.126125 -0.097746 0.987187 6.605932
0.971931 -0.199629 -0.124488 105.433223 0.210174 0.974536 0.078148 -45.005123 0.105717 -0.102119 0.989139 6.773248
0.970764 -0.202425 -0.129003 107.135818 0.213331 0.973934 0.077092 -44.621700 0.110035 -0.102359 0.988643 6.947855
0.970135 -0.202812 -0.133062 108.862363 0.214154 0.973745 0.077188 -44.246853 0.113914 -0.103378 0.988097 7.126890
0.970203 -0.201474 -0.134593 110.244806 0.212713 0.974233 0.074983 -43.934929 0.116018 -0.101379 0.988060 7.270290
0.971146 -0.194816 -0.137555 111.987592 0.206306 0.975627 0.074770 -43.552049 0.119636 -0.100991 0.987668 7.463438
0.976551 -0.157406 -0.146874 116.215965 0.169087 0.983063 0.070690 -42.742307 0.133259 -0.093867 0.986626 7.997219
0.978159 -0.142697 -0.151136 117.641643 0.154579 0.985500 0.069965 -42.506047 0.138961 -0.091800 0.986034 8.177534
0.980312 -0.126480 -0.151629 119.421424 0.138297 0.987909 0.070063 -42.208058 0.140934 -0.089653 0.985951 8.406702
0.981343 -0.114016 -0.154813 120.845852 0.125878 0.989637 0.069088 -42.002239 0.145331 -0.087286 0.985525 8.603785
0.982031 -0.099422 -0.160409 122.638380 0.111478 0.991439 0.067978 -41.785682 0.152277 -0.084638 0.984707 8.851585
0.983132 -0.087268 -0.160733 124.082916 0.099270 0.992720 0.068208 -41.685417 0.153610 -0.083014 0.984638 9.065679
0.983937 -0.069603 -0.164390 126.586372 0.081705 0.994332 0.068033 -41.432188 0.158723 -0.080372 0.984046 9.437316
0.984266 -0.059839 -0.166252 128.013239 0.072069 0.995043 0.068527 -41.306345 0.161328 -0.079431 0.983699 9.647869
0.983904 -0.049354 -0.171745 129.791205 0.061862 0.995749 0.068249 -41.175762 0.167647 -0.077775 0.982774 9.925019
0.984077 -0.041347 -0.172865 131.213341 0.054001 0.996144 0.069151 -41.108051 0.169339 -0.077385 0.982515 10.149741
0.984172 -0.026059 -0.175287 133.299534 0.038744 0.996841 0.069338 -40.982680 0.172926 -0.075032 0.982073 10.491068
0.983811 -0.008274 -0.179020 134.983463 0.020952 0.997394 0.069043 -40.931776 0.177982 -0.071676 0.981420 10.772573
0.982939 0.011276 -0.183583 136.927771 0.001635 0.997544 0.070025 -40.885478 0.183922 -0.069131 0.980507 11.110389
0.981986 0.031263 -0.186351 139.058353 -0.018347 0.997333 0.070636 -40.893592 0.188063 -0.065945 0.979941 11.500921
0.981337 0.044879 -0.186985 140.520714 -0.032285 0.997034 0.069862 -40.886466 0.189565 -0.062522 0.979876 11.750154
0.980333 0.052159 -0.190332 141.630179 -0.039545 0.996799 0.069481 -40.961070 0.193347 -0.060588 0.979258 11.965815
0.978888 0.065039 -0.193774 142.959370 -0.052288 0.996161 0.070209 -41.038016 0.197596 -0.058595 0.978531 12.213305
0.977788 0.075572 -0.195498 144.220159 -0.062982 0.995568 0.069844 -41.129209 0.199910 -0.055979 0.978214 12.449513
0.976743 0.084160 -0.197208 145.405552 -0.071524 0.994954 0.070356 -41.223438 0.202134 -0.054614 0.977834 12.667363
0.975862 0.090562 -0.198724 146.295215 -0.077756 0.994417 0.071341 -41.295829 0.204076 -0.054167 0.977455 12.836482
0.974589 0.098573 -0.201148 147.346247 -0.085825 0.993766 0.071160 -41.391076 0.206909 -0.052088 0.976973 13.044191
0.973217 0.106685 -0.203636 148.359103 -0.093699 0.992964 0.072405 -41.499267 0.209928 -0.051385 0.976366 13.242287
0.971808 0.112727 -0.207081 149.359972 -0.099740 0.992394 0.072152 -41.592768 0.213639 -0.049464 0.975660 13.441363
0.971023 0.117825 -0.207921 150.151576 -0.104987 0.991880 0.071778 -41.706574 0.214690 -0.047869 0.975509 13.585464
0.970162 0.122020 -0.209516 150.923023 -0.108849 0.991350 0.073327 -41.835095 0.216651 -0.048334 0.975052 13.749735
0.968280 0.130024 -0.213374 152.115238 -0.116781 0.990427 0.073595 -41.950967 0.220900 -0.046343 0.974195 14.000253
0.966543 0.140512 -0.214594 153.316035 -0.127296 0.989079 0.074285 -42.129326 0.222689 -0.044482 0.973874 14.231227
0.964840 0.149845 -0.215943 154.125597 -0.136539 0.987764 0.075356 -42.230313 0.224592 -0.043221 0.973494 14.405630
0.962952 0.159842 -0.217195 155.134997 -0.146716 0.986303 0.075377 -42.354994 0.226268 -0.040718 0.973214 14.626421
0.960717 0.168096 -0.220832 155.894924 -0.154994 0.985026 0.075507 -42.491727 0.230218 -0.038313 0.972385 14.796432
0.958338 0.181256 -0.220761 157.023533 -0.167999 0.982730 0.077577 -42.684800 0.231009 -0.037257 0.972238 15.040480
0.955616 0.192024 -0.223438 158.135060 -0.178986 0.980802 0.077409 -42.868687 0.234013 -0.033981 0.971639 15.294503
0.954268 0.198791 -0.223282 158.893271 -0.185716 0.979477 0.078324 -42.980727 0.234269 -0.033275 0.971602 15.456837
0.952407 0.205459 -0.225184 159.806441 -0.192130 0.978117 0.079833 -43.153261 0.236658 -0.032769 0.971040 15.671081
0.950679 0.208758 -0.229411 160.664577 -0.195551 0.977496 0.079129 -43.285491 0.240767 -0.030365 0.970108 15.877668
0.948778 0.215520 -0.231022 161.537747 -0.202202 0.976059 0.080146 -43.474130 0.242764 -0.029327 0.969642 16.063006
0.946352 0.228055 -0.228929 162.629976 -0.215157 0.973285 0.080149 -43.698989 0.241091 -0.026594 0.970138 16.291784
0.949475 0.233982 -0.209165 163.329966 -0.222936 0.971924 0.075257 -43.844355 0.220901 -0.024825 0.974980 16.494448
0.948727 0.236079 -0.210197 164.256234 -0.224969 0.971426 0.075636 -44.066492 0.222047 -0.024470 0.974729 16.680611
0.953967 0.232424 -0.189540 164.996779 -0.223081 0.972317 0.069526 -44.244403 0.200453 -0.024043 0.979408 16.854002
0.954177 0.229192 -0.192401 165.799947 -0.219664 0.973078 0.069767 -44.432250 0.203211 -0.024307 0.978833 16.999137
0.955028 0.222936 -0.195499 166.830515 -0.213201 0.974513 0.069779 -44.677184 0.206073 -0.024960 0.978218 17.203275
0.955986 0.216118 -0.198452 167.865570 -0.205896 0.975993 0.071026 -44.886529 0.209037 -0.027039 0.977534 17.423329
0.957155 0.208595 -0.200854 168.752403 -0.198137 0.977595 0.071065 -45.086407 0.211178 -0.028224 0.977040 17.592542
0.958707 0.198470 -0.203692 170.106137 -0.187481 0.979619 0.072096 -45.374160 0.213849 -0.030931 0.976377 17.863504
0.959538 0.192550 -0.205455 171.309504 -0.181392 0.980771 0.072009 -45.604054 0.215370 -0.031828 0.976014 18.088503
0.959606 0.190737 -0.206822 172.544507 -0.179398 0.981106 0.072440 -45.836005 0.216731 -0.032411 0.975693 18.314946
0.959106 0.191602 -0.208338 173.545456 -0.180104 0.980934 0.073007 -46.016947 0.218354 -0.032499 0.975328 18.510378
0.957932 0.194687 -0.210864 174.525024 -0.183073 0.980351 0.073460 -46.198591 0.221023 -0.031766 0.974751 18.711764
0.955687 0.203600 -0.212626 176.005730 -0.191828 0.978572 0.074826 -46.498485 0.223305 -0.030723 0.974264 19.016012
0.952930 0.214236 -0.214539 177.244864 -0.202624 0.976381 0.074993 -46.769086 0.225537 -0.027992 0.973832 19.277057
0.950004 0.226757 -0.214646 178.483445 -0.215119 0.973593 0.076427 -47.052682 0.226308 -0.026432 0.973697 19.539198
0.946645 0.239000 -0.216202 179.484907 -0.227538 0.970735 0.076815 -47.284612 0.228234 -0.023523 0.973322 19.750822
0.941985 0.255200 -0.218029 180.933336 -0.243843 0.966676 0.077966 -47.661100 0.230660 -0.020278 0.972823 20.076106
0.937548 0.270182 -0.219103 182.115177 -0.258921 0.962651 0.079139 -47.967536 0.232302 -0.017466 0.972487 20.335641
0.934498 0.279307 -0.220685 183.027701 -0.268309 0.960091 0.078966 -48.222933 0.233934 -0.014582 0.972143 20.537691
0.932560 0.284410 -0.222357 183.892926 -0.273361 0.958608 0.079653 -48.493813 0.235807 -0.013498 0.971706 20.741671
0.930584 0.289564 -0.223980 184.926831 -0.278484 0.957079 0.080287 -48.795981 0.237614 -0.012339 0.971281 20.977523
0.929954 0.290391 -0.225518 185.878883 -0.279259 0.956834 0.080517 -49.092859 0.239165 -0.011900 0.970906 21.197924
0.929250 0.292081 -0.226235 186.759819 -0.280841 0.956320 0.081116 -49.366049 0.240046 -0.011841 0.970689 21.396201
0.928739 0.292529 -0.227752 187.415531 -0.281161 0.956184 0.081611 -49.566145 0.241646 -0.011761 0.970293 21.550743
0.928463 0.292993 -0.228280 188.176098 -0.281591 0.956044 0.081773 -49.802303 0.242205 -0.011642 0.970155 21.720536
0.928052 0.292364 -0.230745 189.007704 -0.280770 0.956236 0.082342 -50.062462 0.244720 -0.011632 0.969524 21.925209
0.929160 0.288603 -0.231019 189.540977 -0.276865 0.957365 0.082447 -50.229973 0.244964 -0.012645 0.969450 22.042343
0.931121 0.280979 -0.232516 190.345139 -0.268871 0.959602 0.082904 -50.473443 0.246417 -0.014676 0.969053 22.229990
0.933267 0.273040 -0.233372 190.901937 -0.260785 0.961868 0.082470 -50.642125 0.246990 -0.016106 0.968884 22.358934
0.937654 0.256429 -0.234624 191.635172 -0.243627 0.966351 0.082526 -50.855636 0.247891 -0.020220 0.968577 22.531805
0.943889 0.231873 -0.235178 192.410864 -0.218287 0.972381 0.082617 -51.062653 0.247840 -0.026645 0.968435 22.705650
0.949458 0.206005 -0.236834 193.070681 -0.191857 0.978027 0.081570 -51.216891 0.248434 -0.032009 0.968120 22.860588
0.956836 0.166364 -0.238302 193.940588 -0.151184 0.985201 0.080757 -51.394424 0.248210 -0.041244 0.967828 23.065397
0.964292 0.112421 -0.239797 195.081621 -0.095811 0.992190 0.079875 -51.575671 0.246904 -0.054048 0.967532 23.327378
0.967522 0.075973 -0.241100 195.894013 -0.058553 0.995183 0.078622 -51.673141 0.245912 -0.061951 0.967310 23.510297
0.969292 0.024700 -0.244670 196.924181 -0.006410 0.997143 0.075269 -51.735872 0.245830 -0.071390 0.966680 23.765711
0.968960 -0.016703 -0.246651 197.773391 0.036123 0.996572 0.074421 -51.738445 0.244563 -0.081021 0.966243 23.959668
0.966421 -0.062877 -0.249154 198.866785 0.083904 0.993671 0.074682 -51.686899 0.242881 -0.093080 0.965580 24.203091
0.963316 -0.095074 -0.250964 200.011794 0.116741 0.990485 0.072877 -51.582482 0.241648 -0.099501 0.965249 24.457315
0.960912 -0.115319 -0.251692 201.432756 0.137276 0.987953 0.071441 -51.431024 0.240422 -0.103200 0.965167 24.774205
0.959726 -0.121409 -0.253348 202.391308 0.143715 0.987039 0.071409 -51.311244 0.241395 -0.104943 0.964736 24.989519
0.959179 -0.122688 -0.254801 203.581809 0.145069 0.986877 0.070915 -51.120663 0.242757 -0.104984 0.964390 25.256719
0.959313 -0.118237 -0.256396 204.531334 0.140570 0.987555 0.070537 -50.994171 0.244865 -0.103709 0.963994 25.475024
0.960845 -0.101440 -0.257851 205.721244 0.123715 0.989728 0.071640 -50.822262 0.247935 -0.100735 0.963525 25.749736
0.962347 -0.082087 -0.259135 206.673526 0.103766 0.992057 0.071097 -50.709427 0.251240 -0.095309 0.963221 25.976356
0.963913 -0.058990 -0.259601 207.883772 0.080230 0.994174 0.071987 -50.625269 0.253841 -0.090217 0.963029 26.256429
0.964453 -0.040048 -0.261203 208.836994 0.061231 0.995416 0.073467 -50.533176 0.257063 -0.086849 0.962484 26.485907
0.964825 -0.021231 -0.262035 209.779890 0.041846 0.996428 0.073343 -50.456222 0.259542 -0.081729 0.962267 26.711325
0.964644 0.003394 -0.263535 210.975204 0.016681 0.997126 0.073901 -50.400758 0.263028 -0.075684 0.961815 27.008664
0.963961 0.025781 -0.264791 212.173488 -0.006134 0.997183 0.074759 -50.383288 0.265972 -0.070441 0.961404 27.310015
0.963109 0.042448 -0.265743 213.370465 -0.023200 0.996902 0.075156 -50.391172 0.268110 -0.066219 0.961110 27.610782
0.962373 0.052890 -0.266536 214.317804 -0.033830 0.996564 0.075601 -50.397278 0.269619 -0.063739 0.960855 27.847280
0.960919 0.065902 -0.268869 215.702847 -0.046771 0.995937 0.076954 -50.462175 0.272848 -0.061371 0.960098 28.217107
0.959549 0.078216 -0.270459 216.632043 -0.059204 0.995212 0.077764 -50.483703 0.275247 -0.058606 0.959586 28.456231
0.958072 0.093566 -0.270820 217.795001 -0.075276 0.994172 0.077175 -50.579933 0.276463 -0.053553 0.959531 28.765474
0.955598 0.111191 -0.272890 218.911603 -0.092930 0.992534 0.078998 -50.676983 0.279637 -0.050130 0.958796 29.067747
0.953855 0.124224 -0.273368 219.784655 -0.106457 0.991178 0.078955 -50.746369 0.280764 -0.046210 0.958664 29.290952
0.950532 0.144920 -0.274749 221.017187 -0.127779 0.988620 0.079391 -50.902867 0.283127 -0.040357 0.958233 29.632493
0.947823 0.160451 -0.275475 221.792257 -0.143648 0.986368 0.080265 -51.008610 0.284599 -0.036505 0.957951 29.845444
0.942986 0.185122 -0.276599 222.893012 -0.169098 0.982272 0.080922 -51.170727 0.286675 -0.029536 0.957572 30.150004
0.938911 0.203884 -0.277268 223.747710 -0.188451 0.978694 0.081513 -51.327243 0.287979 -0.024282 0.957329 30.387902
0.933772 0.225934 -0.277532 224.732130 -0.210998 0.973959 0.082970 -51.505196 0.289051 -0.018916 0.957127 30.662405
0.926808 0.252288 -0.278169 225.660915 -0.238154 0.967582 0.084073 -51.693863 0.290362 -0.011672 0.956846 30.913978
0.911336 0.303160 -0.278498 226.724748 -0.290565 0.952938 0.086500 -51.980931 0.291614 0.002091 0.956534 31.217899
0.897248 0.342167 -0.279048 227.355569 -0.331171 0.939532 0.087204 -52.180504 0.292013 0.014169 0.956309 31.398976
0.879182 0.386184 -0.279108 227.997315 -0.376908 0.922015 0.088486 -52.424391 0.291514 0.027403 0.956174 31.587358
0.849527 0.448405 -0.277916 228.821449 -0.441464 0.892670 0.090825 -52.794451 0.288813 0.045532 0.956302 31.831011
0.801726 0.528631 -0.278900 229.749146 -0.525321 0.845801 0.093054 -53.313603 0.285085 0.071908 0.955801 32.120035
0.769034 0.574572 -0.280096 230.364198 -0.573202 0.813816 0.095625 -53.739777 0.282890 0.087012 0.955197 32.328080
0.719829 0.636066 -0.277970 231.036646 -0.637368 0.764263 0.098306 -54.272634 0.274971 0.106406 0.955546 32.546648
0.652430 0.704788 -0.278584 231.801515 -0.709977 0.697001 0.100608 -55.014017 0.265081 0.132149 0.955128 32.817223
0.581210 0.764898 -0.277716 232.449128 -0.773768 0.625135 0.102416 -55.846326 0.251948 0.155363 0.955188 33.071175
0.519998 0.808369 -0.275939 233.039945 -0.819722 0.563086 0.104833 -56.699104 0.240121 0.171680 0.955441 33.304551
0.471931 0.837227 -0.276284 233.479218 -0.850756 0.514674 0.106414 -57.471208 0.231289 0.184830 0.955167 33.495267
0.428385 0.860830 -0.274698 233.817593 -0.876031 0.470176 0.107257 -58.095772 0.221486 0.194697 0.955530 33.635974
0.382701 0.882494 -0.273394 234.255503 -0.899430 0.423508 0.108014 -58.997073 0.211106 0.204561 0.955818 33.833701
0.350563 0.895873 -0.272977 234.566633 -0.913873 0.390963 0.109471 -59.744100 0.204796 0.211090 0.955772 33.986123
0.321694 0.906873 -0.272203 234.856085 -0.925660 0.361691 0.111053 -60.523235 0.199164 0.216242 0.955810 34.138718
0.288473 0.918162 -0.271593 235.230974 -0.938014 0.327915 0.112253 -61.573887 0.192126 0.222376 0.955844 34.332022
0.253503 0.928594 -0.271016 235.578721 -0.949450 0.292476 0.114025 -62.683141 0.185149 0.228410 0.955797 34.528860
0.213874 0.938818 -0.269960 235.903333 -0.960786 0.252090 0.115498 -63.854567 0.176486 0.234672 0.955919 34.723353
0.175689 0.947020 -0.268860 236.131422 -0.970155 0.212923 0.116033 -64.825213 0.167132 0.240450 0.956165 34.864133
0.114224 0.956521 -0.268366 236.384972 -0.981553 0.150350 0.118107 -66.298189 0.153321 0.249925 0.956049 35.083817
0.071021 0.961032 -0.267159 236.471097 -0.987025 0.106377 0.120275 -67.274295 0.144007 0.255150 0.956117 35.206432
0.027186 0.963421 -0.266609 236.544280 -0.990542 0.061845 0.122481 -68.526298 0.134489 0.260757 0.955991 35.351073
-0.021242 0.963866 -0.265541 236.557486 -0.992025 0.012684 0.125398 -70.059838 0.124234 0.266087 0.955910 35.502188
-0.049252 0.963080 -0.264673 236.520524 -0.991922 -0.016150 0.125818 -71.102166 0.116899 0.268732 0.956095 35.593919
-0.078128 0.961262 -0.264333 236.416621 -0.990851 -0.045604 0.127019 -72.718943 0.110044 0.271838 0.956030 35.739017
-0.092587 0.960009 -0.264217 236.296648 -0.989789 -0.059854 0.129368 -74.062005 0.108380 0.273497 0.955747 35.860781
-0.098053 0.959563 -0.263864 236.150522 -0.989165 -0.064862 0.131701 -75.425800 0.109261 0.273918 0.955526 35.971510
-0.097005 0.959619 -0.264047 235.974092 -0.988938 -0.063021 0.134277 -77.079079 0.112215 0.274152 0.955117 36.100553
-0.082903 0.960636 -0.265151 235.775155 -0.989740 -0.048299 0.134470 -78.776837 0.116370 0.273578 0.954784 36.226494
-0.069840 0.961916 -0.264271 235.665470 -0.989885 -0.034033 0.137726 -79.913288 0.123487 0.271217 0.954564 36.346689
-0.040321 0.956626 -0.288516 235.572395 -0.988393 0.004141 0.151862 -81.644238 0.146470 0.291290 0.945355 36.555588
0.002434 0.957549 -0.288259 235.518377 -0.987120 0.048413 0.152483 -83.063710 0.159966 0.284175 0.945334 36.721777
0.044877 0.955998 -0.289921 235.506525 -0.983660 0.092937 0.154192 -84.198727 0.174352 0.278264 0.944548 36.867639
0.111436 0.950512 -0.290016 235.613081 -0.973919 0.162498 0.158357 -85.913283 0.197647 0.264805 0.943829 37.147212
0.165041 0.942344 -0.291116 235.749521 -0.963184 0.217505 0.158012 -87.085014 0.212220 0.254321 0.943548 37.341950
0.238648 0.924657 -0.296744 236.073683 -0.947309 0.288897 0.138361 -88.742163 0.213665 0.248089 0.944881 37.664643
0.289390 0.908978 -0.300020 236.355623 -0.929065 0.342175 0.140549 -89.872875 0.230415 0.238065 0.943522 37.902457
0.357773 0.884214 -0.300274 236.898116 -0.899908 0.412329 0.141954 -91.510213 0.249329 0.219432 0.943231 38.275334
0.415568 0.857290 -0.303905 237.475914 -0.869459 0.472534 0.144056 -92.875417 0.267103 0.204368 0.941748 38.617373
0.469480 0.828237 -0.305962 238.292799 -0.836618 0.528055 0.145702 -94.471535 0.282241 0.187569 0.940828 39.066929
0.501032 0.808533 -0.308613 238.882143 -0.814730 0.560932 0.146868 -95.516513 0.291858 0.177851 0.939781 39.394757
0.542779 0.779756 -0.312045 239.852207 -0.782980 0.604209 0.147897 -97.058570 0.303864 0.164049 0.938485 39.910301
0.570729 0.758448 -0.314681 240.926502 -0.759098 0.633457 0.150008 -98.567053 0.313110 0.153260 0.937269 40.458918
0.583946 0.747492 -0.316643 241.865851 -0.747217 0.647375 0.150242 -99.827483 0.317292 0.148867 0.936571 40.936970
0.588775 0.742906 -0.318488 242.632087 -0.741931 0.653071 0.151779 -100.839866 0.320753 0.146933 0.935697 41.331756
0.591091 0.739655 -0.321748 244.219778 -0.738249 0.656799 0.153636 -102.875152 0.324962 0.146718 0.934277 42.151247
0.590608 0.739509 -0.322970 245.443502 -0.738038 0.656860 0.154388 -104.426767 0.326317 0.147181 0.933732 42.769602
0.590058 0.739460 -0.324083 246.462996 -0.737525 0.656995 0.156252 -105.732818 0.328463 0.146821 0.933036 43.302489
0.589063 0.739505 -0.325787 247.277501 -0.737584 0.656732 0.157075 -106.774403 0.330113 0.147769 0.932304 43.720263
0.587756 0.740147 -0.326689 248.088558 -0.738040 0.655935 0.158259 -107.819898 0.331421 0.148092 0.931788 44.151585
0.586493 0.741007 -0.327008 249.117935 -0.738839 0.654887 0.158869 -109.128357 0.331876 0.148430 0.931572 44.685209
0.584051 0.742052 -0.329003 249.937619 -0.740023 0.653316 0.159825 -110.178821 0.333542 0.150124 0.930705 45.125989
0.580650 0.744672 -0.329104 250.969354 -0.741961 0.650416 0.162644 -111.497278 0.335171 0.149743 0.930181 45.667912
0.575615 0.747854 -0.330731 251.992497 -0.744776 0.646455 0.165543 -112.829913 0.337605 0.151031 0.929092 46.227102
0.571006 0.751058 -0.331457 252.805138 -0.747974 0.642370 0.167020 -113.890199 0.338359 0.152552 0.928569 46.668361
0.565325 0.754533 -0.333298 253.810029 -0.752048 0.637464 0.167525 -115.225336 0.338868 0.155949 0.927819 47.232823
0.556199 0.759698 -0.336900 255.008212 -0.757301 0.630279 0.171006 -116.854932 0.342255 0.160021 0.925881 47.931255
0.548071 0.764571 -0.339190 255.813074 -0.762121 0.623573 0.174149 -117.948946 0.344659 0.163058 0.924458 48.397699
0.540457 0.769862 -0.339439 256.601251 -0.768049 0.616144 0.174547 -119.059346 0.343520 0.166371 0.924291 48.861545
0.535122 0.775551 -0.334910 257.755441 -0.780078 0.605806 0.156451 -120.737070 0.324226 0.177536 0.929171 49.591675
0.526295 0.779793 -0.339023 258.514144 -0.783858 0.599448 0.161951 -121.880769 0.329515 0.180512 0.926734 50.044885
