0.999992 0.002940 -0.002642 1.568376 -0.002939 0.999996 0.000231 -0.048104 0.002643 -0.000223 0.999996 -0.019795
0.999976 0.005266 -0.004445 3.138800 -0.005264 0.999986 0.000535 -0.098889 0.004447 -0.000511 0.999990 -0.041660
0.999935 0.008615 -0.007522 5.105808 -0.008609 0.999963 0.000848 -0.136884 0.007529 -0.000783 0.999971 -0.058911
0.999864 0.012411 -0.010820 7.043561 -0.012402 0.999923 0.000867 -0.197027 0.010830 -0.000733 0.999941 -0.063792
0.999819 0.014796 -0.011918 8.607407 -0.014780 0.999890 0.001476 -0.244085 0.011939 -0.001300 0.999928 -0.087712
0.999598 0.018795 -0.021250 10.545184 -0.018774 0.999823 0.001207 -0.292785 0.021269 -0.000808 0.999773 -0.077029
0.999506 0.022508 -0.021942 12.077340 -0.022461 0.999745 0.002356 -0.347660 0.021989 -0.001862 0.999756 -0.090705
0.999481 0.031539 -0.006635 14.731737 -0.031556 0.999499 -0.002477 -0.425324 0.006553 0.002685 0.999975 -0.042689
0.999171 0.039697 -0.009055 16.629172 -0.039718 0.999209 -0.002193 -0.521317 0.008961 0.002551 0.999957 -0.064898
0.998571 0.051596 -0.013928 18.910363 -0.051626 0.998665 -0.001815 -0.658802 0.013816 0.002531 0.999901 -0.062012
0.998112 0.059339 -0.015843 20.402357 -0.059370 0.998235 -0.001435 -0.751916 0.015730 0.002373 0.999873 -0.062735
0.997335 0.070356 -0.019319 22.665954 -0.070394 0.997518 -0.001283 -0.911878 0.019181 0.002640 0.999813 -0.051583
0.996854 0.076134 -0.022024 24.153954 -0.076176 0.997094 -0.001064 -1.039903 0.021879 0.002739 0.999757 -0.044190
0.996133 0.084065 -0.025553 26.031451 -0.084105 0.996457 -0.000503 -1.217619 0.025420 0.002650 0.999673 -0.027702
0.995450 0.091245 -0.027446 27.892920 -0.091257 0.995827 0.000836 -1.390824 0.027408 0.001672 0.999623 -0.008244
0.994595 0.099280 -0.030407 29.717856 -0.099230 0.995060 0.003172 -1.569101 0.030572 -0.000138 0.999533 0.021929
0.994006 0.104364 -0.032566 31.180298 -0.104305 0.994539 0.003513 -1.711611 0.032754 -0.000095 0.999463 0.038777
0.993186 0.110629 -0.036640 33.020712 -0.110571 0.993862 0.003606 -1.921334 0.036814 0.000470 0.999322 0.057940
0.992627 0.114366 -0.040162 34.467246 -0.114276 0.993439 0.004537 -2.098466 0.040418 0.000087 0.999183 0.077509
0.991730 0.120962 -0.042887 36.288195 -0.120843 0.992657 0.005353 -2.327593 0.043219 -0.000126 0.999066 0.109150
0.990685 0.130371 -0.039338 38.837882 -0.130730 0.991396 -0.006665 -2.642192 0.038130 0.011746 0.999204 0.279901
0.989614 0.136693 -0.044482 40.596202 -0.137098 0.990538 -0.006170 -2.885659 0.043218 0.012204 0.998991 0.318353
0.988205 0.145728 -0.047058 42.681979 -0.146154 0.989245 -0.005723 -3.196797 0.045717 0.012533 0.998876 0.365843
0.987189 0.151767 -0.049234 44.005469 -0.152225 0.988329 -0.005680 -3.406382 0.047798 0.013102 0.998771 0.400651
0.986038 0.158648 -0.050603 45.620059 -0.159100 0.987250 -0.005003 -3.682960 0.049164 0.012984 0.998706 0.436088
0.984707 0.165608 -0.054088 47.169232 -0.166002 0.986121 -0.002843 -3.938114 0.052866 0.011778 0.998532 0.485273
0.983679 0.171532 -0.054343 48.628051 -0.171903 0.985112 -0.002177 -4.201413 0.053161 0.011483 0.998520 0.525479
0.982358 0.178230 -0.056632 50.035699 -0.178540 0.983932 -0.000427 -4.430988 0.055646 0.010530 0.998395 0.573959
0.981529 0.181656 -0.060021 51.337671 -0.182033 0.983292 -0.000837 -4.680393 0.058866 0.011747 0.998197 0.623297
0.980865 0.184779 -0.061317 52.309406 -0.185059 0.982727 0.001136 -4.894345 0.060468 0.010233 0.998118 0.654515
0.979466 0.191388 -0.063379 53.733493 -0.191658 0.981460 0.001860 -5.147022 0.062560 0.010326 0.997988 0.712710
0.978706 0.194978 -0.064173 54.612673 -0.195192 0.980761 0.002982 -5.344170 0.063520 0.009608 0.997934 0.748227
0.977246 0.201570 -0.066029 55.716601 -0.201770 0.979426 0.003687 -5.531208 0.065414 0.009720 0.997811 0.796477
0.976146 0.206189 -0.068004 56.730491 -0.206419 0.978457 0.003707 -5.776298 0.067303 0.010418 0.997678 0.841897
0.974712 0.212261 -0.069868 57.699918 -0.212411 0.977166 0.005362 -5.984968 0.069411 0.009614 0.997542 0.887304
0.973916 0.215609 -0.070713 58.432150 -0.215770 0.976429 0.005445 -6.149382 0.070220 0.009955 0.997482 0.919157
0.972202 0.222734 -0.072202 59.497900 -0.222835 0.974833 0.006760 -6.392740 0.071890 0.009517 0.997367 0.969640
0.971529 0.225310 -0.073253 60.174546 -0.225412 0.974239 0.006991 -6.550195 0.072941 0.009720 0.997289 1.000672
0.970454 0.229498 -0.074495 61.054849 -0.229546 0.973265 0.008029 -6.759020 0.074346 0.009308 0.997189 1.042246
0.969513 0.233091 -0.075589 61.766567 -0.233099 0.972413 0.008837 -6.914113 0.075564 0.009052 0.997100 1.078631
0.967982 0.238620 -0.077925 62.845413 -0.238620 0.971067 0.009448 -7.163915 0.077925 0.009449 0.996914 1.139581
0.967285 0.241064 -0.079043 63.559312 -0.241054 0.970462 0.009810 -7.347198 0.079073 0.009565 0.996823 1.175994
0.966048 0.245129 -0.081626 64.450140 -0.245086 0.969442 0.010709 -7.601511 0.081757 0.009660 0.996605 1.229514
0.965189 0.248559 -0.081412 65.182532 -0.248439 0.968576 0.011770 -7.790283 0.081779 0.008866 0.996611 1.262068
0.963559 0.253006 -0.086847 66.477908 -0.252782 0.967425 0.013750 -8.134288 0.087497 0.008705 0.996127 1.355301
0.962487 0.256725 -0.087814 67.618834 -0.256380 0.966454 0.015370 -8.428812 0.088814 0.007720 0.996018 1.422968
0.961061 0.262475 -0.086426 68.656982 -0.262101 0.964910 0.015848 -8.706776 0.087553 0.007422 0.996132 1.469728
0.960901 0.269280 -0.064475 69.915275 -0.269200 0.963031 0.010090 -9.061024 0.064809 0.007661 0.997868 1.597574
0.961279 0.272482 -0.041194 70.792301 -0.272505 0.962141 0.005166 -9.309285 0.041042 0.006260 0.999138 1.663269
0.959555 0.280475 -0.024236 71.994205 -0.280651 0.959801 -0.004130 -9.637628 0.022103 0.010764 0.999698 1.728918
0.955855 0.289316 -0.051358 73.837527 -0.289200 0.957218 0.009834 -10.176714 0.052006 0.005453 0.998632 1.736852
0.954987 0.291929 -0.052707 74.942320 -0.291807 0.956423 0.010152 -10.511193 0.053374 0.005686 0.998558 1.766701
0.954021 0.295047 -0.052823 76.101651 -0.294838 0.955473 0.011893 -10.841265 0.053980 0.004228 0.998533 1.793802
0.952297 0.299706 -0.057502 78.249414 -0.299449 0.954020 0.013238 -11.471464 0.058826 0.004612 0.998258 1.889952
0.951311 0.302684 -0.058223 79.539706 -0.302415 0.953079 0.013587 -11.882532 0.059604 0.004682 0.998211 1.936802
0.949729 0.306465 -0.063977 81.217243 -0.306138 0.951867 0.015105 -12.407393 0.065526 0.005240 0.997837 2.029181
0.948706 0.309062 -0.066614 82.591522 -0.308679 0.951028 0.016224 -12.857637 0.068366 0.005170 0.997647 2.094184
0.946394 0.315367 -0.069877 84.736848 -0.314971 0.948951 0.016900 -13.567093 0.071639 0.006015 0.997412 2.212519
0.944107 0.321269 -0.073808 86.556832 -0.320916 0.946957 0.016923 -14.191217 0.075329 0.007709 0.997129 2.330780
0.941109 0.329060 -0.077670 88.789365 -0.328703 0.944267 0.017711 -14.988530 0.079170 0.008862 0.996822 2.485283
0.938316 0.336202 -0.080816 90.702009 -0.335853 0.941737 0.018279 -15.674874 0.082253 0.009991 0.996561 2.622336
0.936193 0.341150 -0.084615 92.253538 -0.340781 0.939946 0.019220 -16.255338 0.086090 0.010842 0.996228 2.749626
0.934092 0.346392 -0.086514 93.828763 -0.345988 0.938024 0.020106 -16.861000 0.088116 0.011152 0.996048 2.872512
0.932003 0.351283 -0.089279 95.813412 -0.350806 0.936201 0.021500 -17.619843 0.091135 0.011282 0.995775 3.042757
0.929172 0.357921 -0.092372 98.230983 -0.357425 0.933672 0.022433 -18.552960 0.094274 0.012172 0.995472 3.265444
0.927201 0.362421 -0.094600 99.861049 -0.361904 0.931927 0.023170 -19.194894 0.096558 0.012753 0.995246 3.417192
0.925108 0.367027 -0.097292 101.496825 -0.366414 0.930123 0.024750 -19.852731 0.099577 0.012753 0.994948 3.575680
0.922801 0.372353 -0.098957 103.557110 -0.371571 0.928014 0.026910 -20.689220 0.101853 0.011937 0.994728 3.774550
0.920617 0.377124 -0.101202 105.643845 -0.376170 0.926094 0.029093 -21.554078 0.104694 0.011286 0.994440 3.980027
0.918218 0.382079 -0.104366 107.724749 -0.381016 0.924058 0.030728 -22.460950 0.108181 0.011550 0.994064 4.198449
0.916375 0.385620 -0.107491 109.385804 -0.384458 0.922582 0.032174 -23.204821 0.111576 0.011843 0.993685 4.379123
0.914186 0.389994 -0.110308 111.899813 -0.389011 0.920705 0.031194 -24.276979 0.113726 0.014393 0.993408 4.674508
0.910986 0.396461 -0.113683 114.398684 -0.395556 0.917906 0.031377 -25.392169 0.116790 0.016384 0.993022 4.973229
0.908354 0.401479 -0.117081 116.062641 -0.400540 0.915703 0.032481 -26.141550 0.120252 0.017391 0.992591 5.176154
0.900108 0.418637 -0.120615 121.756602 -0.417456 0.907978 0.036128 -28.791535 0.124641 0.017832 0.992042 5.942012
0.897033 0.424515 -0.122962 123.763577 -0.423292 0.905229 0.037218 -29.768668 0.127108 0.018663 0.991713 6.213572
0.894884 0.428347 -0.125309 125.357654 -0.427105 0.903404 0.037988 -30.527191 0.129476 0.019525 0.991390 6.422077
0.891768 0.434365 -0.126792 127.726349 -0.433057 0.900515 0.039165 -31.687294 0.131190 0.019982 0.991156 6.750384
0.889254 0.438481 -0.130238 129.276398 -0.437143 0.898491 0.040235 -32.443149 0.134660 0.021153 0.990666 6.960101
0.887007 0.441867 -0.134058 131.186314 -0.440461 0.896807 0.041604 -33.406941 0.138608 0.022144 0.990100 7.227176
0.885116 0.444531 -0.137699 133.081888 -0.442951 0.895484 0.043629 -34.389747 0.142701 0.022377 0.989513 7.500974
0.883342 0.446949 -0.141222 134.961643 -0.445103 0.894287 0.046188 -35.330524 0.146937 0.022059 0.988900 7.783599
0.880457 0.449901 -0.149616 136.789961 -0.447962 0.892744 0.048357 -36.314545 0.155324 0.024446 0.987561 8.048893
0.878847 0.451996 -0.152733 138.604601 -0.449984 0.891663 0.049506 -37.322920 0.158563 0.025219 0.987027 8.312575
0.877160 0.454819 -0.154048 140.418685 -0.452456 0.890262 0.052138 -38.280326 0.160856 0.023966 0.986687 8.595534
0.875324 0.457228 -0.157324 141.843034 -0.454766 0.889005 0.053462 -38.997596 0.164307 0.024749 0.986099 8.826747
0.873151 0.460685 -0.159301 143.246090 -0.458026 0.887220 0.055258 -39.714925 0.166792 0.024715 0.985682 9.064109
0.870370 0.465012 -0.161928 144.985425 -0.462155 0.884951 0.057228 -40.637517 0.169910 0.025026 0.985142 9.369092
0.867387 0.469000 -0.166369 146.713911 -0.465893 0.882824 0.059718 -41.571080 0.174882 0.025711 0.984254 9.692758
0.865268 0.472139 -0.168514 148.072793 -0.468982 0.881124 0.060634 -42.306336 0.177109 0.026565 0.983833 9.932443
0.861433 0.477048 -0.174236 149.756366 -0.473730 0.878420 0.062911 -43.239320 0.183064 0.028348 0.982692 10.282005
0.858521 0.480773 -0.178323 151.432787 -0.477474 0.876321 0.063873 -44.176791 0.186976 0.030308 0.981897 10.638916
0.856323 0.483892 -0.180444 152.755946 -0.480596 0.874563 0.064557 -44.915226 0.189048 0.031439 0.981464 10.915400
0.853404 0.487757 -0.183831 154.395248 -0.484708 0.872308 0.064314 -45.850866 0.191726 0.034219 0.980852 11.265203
0.851323 0.490786 -0.185413 155.711539 -0.487758 0.870568 0.064840 -46.595509 0.193237 0.035237 0.980519 11.541664
0.849529 0.493183 -0.187273 157.040036 -0.490074 0.869188 0.065878 -47.344008 0.195265 0.035812 0.980096 11.809423
0.846445 0.497706 -0.189260 158.687623 -0.494397 0.866590 0.067774 -48.301244 0.197742 0.036203 0.979585 12.175705
0.844590 0.500065 -0.191317 159.990386 -0.496914 0.865157 0.067668 -49.054616 0.199358 0.037917 0.979193 12.453797
0.842002 0.503409 -0.193938 161.606091 -0.500199 0.863167 0.068879 -50.011004 0.202075 0.039011 0.978593 12.808472
0.839851 0.506294 -0.195746 163.213537 -0.503049 0.861438 0.069754 -50.956659 0.203940 0.039887 0.978171 13.159118
0.837120 0.509856 -0.198185 165.136182 -0.506378 0.859318 0.071795 -52.110781 0.206909 0.040256 0.977532 13.587638
0.835865 0.510731 -0.201204 166.394819 -0.507186 0.858754 0.072828 -52.883679 0.209980 0.041174 0.976838 13.875321
0.835094 0.510883 -0.204001 167.948475 -0.507010 0.858678 0.074918 -53.821981 0.213445 0.040867 0.976100 14.237726
0.834665 0.511390 -0.204485 169.199264 -0.507323 0.858401 0.075966 -54.538561 0.214378 0.040334 0.975918 14.523872
0.834296 0.511223 -0.206399 170.734465 -0.506755 0.858544 0.078118 -55.462820 0.217139 0.039420 0.975344 14.913157
0.833834 0.511748 -0.206966 171.952849 -0.506623 0.858333 0.081226 -56.190743 0.219213 0.037125 0.974970 15.216144
0.833312 0.512082 -0.208237 173.161808 -0.506664 0.858160 0.082787 -56.910439 0.221094 0.036519 0.974569 15.524045
0.835902 0.507752 -0.208460 174.657727 -0.501761 0.860843 0.084768 -57.809444 0.222492 0.033739 0.974350 15.909041
0.839415 0.501161 -0.210285 176.147188 -0.494626 0.864785 0.086551 -58.687649 0.225227 0.031361 0.973801 16.299648
0.845691 0.488729 -0.214359 177.611487 -0.481648 0.871954 0.087817 -59.552067 0.229830 0.028980 0.972799 16.678471
0.857240 0.466143 -0.218748 179.360249 -0.458130 0.884392 0.089261 -60.528138 0.235068 0.023697 0.971690 17.121301
0.865568 0.449774 -0.220218 180.517000 -0.441045 0.892939 0.090215 -61.146923 0.237218 0.019039 0.971270 17.418575
0.879957 0.419483 -0.222957 182.241707 -0.409777 0.907687 0.090483 -62.007521 0.240331 0.011742 0.970620 17.873499
0.890847 0.395169 -0.224126 183.668546 -0.384463 0.918597 0.091479 -62.656981 0.242032 0.004674 0.970257 18.237401
0.899164 0.373236 -0.228470 184.806344 -0.362278 0.927734 0.089797 -63.130838 0.245475 0.002028 0.969401 18.528743
0.909712 0.343381 -0.233481 186.185541 -0.331293 0.939183 0.090441 -63.696637 0.250338 -0.004925 0.968146 18.895914
0.918721 0.317649 -0.234629 187.275211 -0.304644 0.948134 0.090744 -64.110523 0.251284 -0.011890 0.967840 19.170888
0.927128 0.290527 -0.236703 188.375884 -0.276980 0.956710 0.089370 -64.466325 0.252421 -0.017295 0.967463 19.448254
0.935720 0.255617 -0.243082 189.975106 -0.240298 0.966402 0.091233 -64.939175 0.258235 -0.026956 0.965706 19.870938
0.943581 0.220498 -0.247053 191.530112 -0.204120 0.974764 0.090386 -65.331298 0.260749 -0.034858 0.964777 20.269828
0.947445 0.201466 -0.248516 192.561884 -0.184112 0.978642 0.091450 -65.539534 0.261632 -0.040889 0.964301 20.533786
0.950360 0.184333 -0.250673 193.553824 -0.166667 0.981883 0.090159 -65.710759 0.262751 -0.043905 0.963864 20.790583
0.953373 0.165285 -0.252508 194.743198 -0.146727 0.985003 0.090771 -65.901428 0.263725 -0.049488 0.963328 21.102539
0.955287 0.148902 -0.255449 195.653766 -0.129202 0.987310 0.092338 -66.013632 0.265957 -0.055205 0.962403 21.355322
0.957417 0.129978 -0.257797 196.753795 -0.109562 0.989704 0.092101 -66.128759 0.267114 -0.059934 0.961799 21.654666
0.959416 0.109607 -0.259822 197.996342 -0.088371 0.991822 0.092086 -66.246981 0.267790 -0.065388 0.961256 21.989996
0.960253 0.096507 -0.261919 198.780135 -0.074816 0.992983 0.091584 -66.326858 0.268919 -0.068349 0.960735 22.205152
0.960892 0.081906 -0.264533 199.707578 -0.059436 0.993996 0.091869 -66.412213 0.270469 -0.072553 0.959991 22.460789
0.961457 0.066247 -0.266856 200.611288 -0.042837 0.994780 0.092617 -66.450111 0.271598 -0.077616 0.959276 22.707410
0.961570 0.054378 -0.269123 201.291510 -0.030501 0.995280 0.092124 -66.479220 0.272862 -0.080375 0.958690 22.893530
0.961647 0.042817 -0.270928 202.111114 -0.018384 0.995581 0.092086 -66.501503 0.273674 -0.083574 0.958185 23.114204
0.961597 0.034801 -0.272249 202.726967 -0.010031 0.995722 0.091852 -66.522264 0.274281 -0.085594 0.957833 23.280136
0.961592 0.025708 -0.273275 203.455565 -0.000308 0.995705 0.092587 -66.522708 0.274481 -0.088947 0.957470 23.475978
0.953928 0.015647 -0.299629 204.435279 0.013835 0.995283 0.096020 -66.515464 0.299718 -0.095742 0.949212 23.723464
0.953515 0.005617 -0.301294 205.148272 0.024056 0.995217 0.094686 -66.517913 0.300384 -0.097532 0.948819 23.933055
0.953516 -0.000847 -0.301340 205.736392 0.031161 0.994912 0.095805 -66.513390 0.299726 -0.100742 0.948691 24.101939
0.953864 -0.008197 -0.300127 206.463051 0.038434 0.994737 0.094983 -66.493428 0.297769 -0.102136 0.949159 24.306297
0.960150 -0.015903 -0.279031 207.026370 0.043136 0.994849 0.091730 -66.476776 0.276135 -0.100111 0.955891 24.514626
0.959744 -0.020729 -0.280109 207.520923 0.048374 0.994570 0.092146 -66.449999 0.276678 -0.101986 0.955535 24.651925
0.959094 -0.025469 -0.281940 208.183312 0.053496 0.994306 0.092161 -66.412652 0.277987 -0.103473 0.954996 24.841447
0.958364 -0.029810 -0.283988 208.737378 0.057990 0.994129 0.091344 -66.385899 0.279598 -0.104009 0.954467 24.998335
0.950829 -0.036786 -0.307523 209.535737 0.065065 0.994489 0.082213 -66.336556 0.302804 -0.098180 0.947982 25.201414
0.950841 -0.038947 -0.307221 210.172575 0.067785 0.994178 0.083757 -66.298373 0.302170 -0.100464 0.947945 25.380728
0.949985 -0.041616 -0.309511 211.009052 0.070737 0.993997 0.083464 -66.233824 0.304180 -0.101183 0.947226 25.638504
0.949608 -0.044555 -0.310258 211.706290 0.073703 0.993832 0.082864 -66.191840 0.304652 -0.101556 0.947034 25.848890
0.948942 -0.048045 -0.311770 212.611147 0.077413 0.993579 0.082507 -66.135296 0.305804 -0.102429 0.946569 26.132159
0.948292 -0.050778 -0.313310 213.347741 0.080446 0.993339 0.082496 -66.092193 0.307034 -0.103435 0.946061 26.362609
0.947464 -0.055505 -0.315011 214.298540 0.085171 0.993052 0.081195 -66.026839 0.308316 -0.103759 0.945609 26.658225
0.946757 -0.059139 -0.316471 215.494843 0.089055 0.992736 0.080904 -65.940212 0.309387 -0.104779 0.945146 27.029382
0.946034 -0.062223 -0.318038 216.511615 0.092423 0.992440 0.080753 -65.857472 0.310608 -0.105789 0.944633 27.344344
0.945008 -0.065455 -0.320430 217.714267 0.095898 0.992159 0.080153 -65.759042 0.312671 -0.106474 0.943875 27.724091
0.944431 -0.067050 -0.321798 218.500629 0.097673 0.992001 0.079963 -65.701931 0.313863 -0.106950 0.943426 27.973532
0.943830 -0.068287 -0.323297 219.278549 0.099290 0.991807 0.080378 -65.620754 0.315159 -0.107963 0.942878 28.222934
0.943126 -0.070200 -0.324938 220.232950 0.101254 0.991668 0.079644 -65.528667 0.316639 -0.108016 0.942376 28.529490
0.942089 -0.072240 -0.327490 221.361543 0.103709 0.991414 0.079646 -65.412291 0.318924 -0.108997 0.941492 28.894203
0.941639 -0.071502 -0.328942 222.088082 0.103050 0.991496 0.079473 -65.334103 0.320462 -0.108732 0.941000 29.129528
0.940484 -0.071963 -0.332133 223.319350 0.103657 0.991495 0.078693 -65.216297 0.323645 -0.108437 0.939944 29.534109
0.939637 -0.070920 -0.334742 224.487305 0.102746 0.991619 0.078326 -65.101872 0.326381 -0.107991 0.939049 29.930242
0.939350 -0.070178 -0.335703 225.279081 0.101993 0.991717 0.078075 -65.021708 0.327443 -0.107579 0.938727 30.196124
0.938830 -0.069720 -0.337248 225.878465 0.101596 0.991780 0.077791 -64.969325 0.329052 -0.107296 0.938196 30.403403
0.938352 -0.070508 -0.338414 226.586889 0.102518 0.991696 0.077642 -64.906355 0.330129 -0.107549 0.937789 30.642179
0.937988 -0.071124 -0.339293 227.100238 0.103144 0.991661 0.077269 -64.856957 0.330968 -0.107473 0.937502 30.819574
0.937470 -0.072310 -0.340472 227.664903 0.104408 0.991557 0.076894 -64.809031 0.332038 -0.107634 0.937105 31.016529
0.937117 -0.073899 -0.341102 228.057637 0.106199 0.991360 0.076986 -64.776713 0.332466 -0.108369 0.936868 31.152566
0.936893 -0.074224 -0.341647 228.479937 0.106588 0.991323 0.076927 -64.735435 0.332972 -0.108488 0.936675 31.299748
0.936682 -0.076286 -0.341772 228.613894 0.108631 0.991135 0.076493 -64.728599 0.332907 -0.108776 0.936665 31.347521
0.936623 -0.076616 -0.341857 228.718557 0.109065 0.991071 0.076701 -64.723169 0.332928 -0.109125 0.936617 31.384732
0.936492 -0.077996 -0.341905 228.833584 0.110498 0.990920 0.076607 -64.706090 0.332825 -0.109521 0.936607 31.423918
0.936474 -0.078083 -0.341934 228.898306 0.110508 0.990937 0.076369 -64.704424 0.332872 -0.109304 0.936616 31.447680
0.936423 -0.078779 -0.341915 228.944727 0.111268 0.990846 0.076440 -64.705522 0.332763 -0.109625 0.936617 31.465232
0.936341 -0.079841 -0.341894 228.994851 0.112366 0.990727 0.076376 -64.703990 0.332626 -0.109931 0.936630 31.482913
0.936258 -0.080776 -0.341900 229.027984 0.113340 0.990620 0.076331 -64.705830 0.332527 -0.110216 0.936631 31.494984
0.936179 -0.081669 -0.341905 229.042953 0.114259 0.990520 0.076256 -64.705302 0.332436 -0.110455 0.936635 31.499891
0.936084 -0.082561 -0.341952 229.055763 0.115196 0.990414 0.076220 -64.703383 0.332381 -0.110740 0.936621 31.504364
0.936219 -0.081016 -0.341952 229.049915 0.113577 0.990598 0.076264 -64.695970 0.332558 -0.110238 0.936618 31.502086
0.936086 -0.082105 -0.342056 229.023308 0.114730 0.990468 0.076229 -64.702327 0.332537 -0.110601 0.936583 31.495004
0.936178 -0.081788 -0.341878 229.020610 0.114414 0.990495 0.076345 -64.695286 0.332384 -0.110588 0.936638 31.492400
0.936177 -0.081552 -0.341937 229.020907 0.114169 0.990524 0.076339 -64.690776 0.332472 -0.110505 0.936617 31.492431
0.936289 -0.080341 -0.341920 229.020538 0.112923 0.990659 0.076442 -64.687871 0.332584 -0.110183 0.936615 31.492424
0.936204 -0.081300 -0.341924 229.019202 0.113906 0.990553 0.076353 -64.689704 0.332487 -0.110429 0.936621 31.492359
0.936207 -0.081196 -0.341942 229.018652 0.113815 0.990560 0.076401 -64.684951 0.332510 -0.110446 0.936610 31.491921
0.936305 -0.080090 -0.341934 229.018382 0.112671 0.990685 0.076476 -64.680368 0.332624 -0.110131 0.936607 31.491688
0.936257 -0.080568 -0.341951 229.017531 0.113173 0.990629 0.076462 -64.677773 0.332587 -0.110287 0.936602 31.491293
0.936232 -0.080923 -0.341938 229.016608 0.113551 0.990585 0.076472 -64.677758 0.332530 -0.110423 0.936606 31.491174
0.936178 -0.081616 -0.341920 229.015305 0.114228 0.990519 0.076321 -64.684047 0.332449 -0.110507 0.936625 31.491283
0.936120 -0.082250 -0.341929 229.026216 0.114869 0.990451 0.076233 -64.694845 0.332394 -0.110640 0.936629 31.496900
0.936210 -0.081432 -0.341876 229.027098 0.114003 0.990550 0.076249 -64.693563 0.332436 -0.110360 0.936647 31.497049
0.936241 -0.080930 -0.341911 229.019467 0.113517 0.990597 0.076365 -64.685093 0.332515 -0.110309 0.936624 31.493891
0.936362 -0.079539 -0.341907 229.019971 0.112035 0.990768 0.076337 -64.685016 0.332678 -0.109785 0.936628 31.494440
0.936257 -0.080835 -0.341890 229.019693 0.113401 0.990613 0.076330 -64.690658 0.332510 -0.110236 0.936635 31.495148
0.936297 -0.080421 -0.341877 229.019270 0.112953 0.990666 0.076308 -64.690121 0.332549 -0.110063 0.936642 31.495159
0.936254 -0.080952 -0.341870 229.019517 0.113488 0.990611 0.076230 -64.695965 0.332489 -0.110169 0.936650 31.496049
0.936259 -0.080986 -0.341848 229.017310 0.113487 0.990618 0.076137 -64.704723 0.332475 -0.110079 0.936666 31.496593
0.936405 -0.079247 -0.341856 229.018051 0.111682 0.990816 0.076231 -64.699420 0.332675 -0.109562 0.936655 31.496703
0.936550 -0.077531 -0.341853 229.018871 0.109881 0.991014 0.076274 -64.693022 0.332868 -0.108998 0.936653 31.496721
0.936712 -0.075654 -0.341829 229.021013 0.107910 0.991226 0.076326 -64.688023 0.333056 -0.108382 0.936657 31.497501
0.936845 -0.074039 -0.341818 229.020714 0.106221 0.991404 0.076386 -64.686163 0.333224 -0.107870 0.936657 31.497269
0.936958 -0.072562 -0.341824 229.021920 0.104666 0.991568 0.076408 -64.680366 0.333398 -0.107368 0.936653 31.497560
0.937125 -0.070603 -0.341777 229.026979 0.102618 0.991775 0.076495 -64.675655 0.333565 -0.106758 0.936663 31.498912
0.937010 -0.072019 -0.341797 229.031345 0.104092 0.991628 0.076418 -64.680378 0.333432 -0.107183 0.936662 31.501314
0.936884 -0.073403 -0.341847 229.036650 0.105543 0.991478 0.076362 -64.680888 0.333329 -0.107622 0.936648 31.503639
0.936910 -0.073041 -0.341854 229.046896 0.105173 0.991515 0.076394 -64.676259 0.333374 -0.107528 0.936643 31.507204
0.936947 -0.072586 -0.341849 229.055493 0.104709 0.991560 0.076448 -64.668920 0.333415 -0.107423 0.936640 31.509525
0.936887 -0.073196 -0.341886 229.072069 0.105363 0.991490 0.076459 -64.668568 0.333380 -0.107655 0.936626 31.515504
0.936865 -0.073335 -0.341914 229.102989 0.105513 0.991474 0.076457 -64.663333 0.333392 -0.107706 0.936616 31.526160
0.936711 -0.075170 -0.341940 229.122324 0.107439 0.991272 0.076403 -64.665788 0.333212 -0.108305 0.936611 31.533537
0.936692 -0.075613 -0.341894 229.157860 0.107870 0.991232 0.076315 -64.668033 0.333126 -0.108363 0.936635 31.546308
0.936608 -0.076324 -0.341966 229.178941 0.108611 0.991155 0.076255 -64.668860 0.333121 -0.108562 0.936613 31.554422
0.936606 -0.076329 -0.341970 229.197107 0.108585 0.991165 0.076165 -64.675184 0.333136 -0.108469 0.936619 31.562295
0.936542 -0.077064 -0.341981 229.200532 0.109370 0.991077 0.076184 -64.670541 0.333058 -0.108752 0.936614 31.563001
0.936402 -0.078606 -0.342014 229.225948 0.110992 0.990900 0.076143 -64.671688 0.332916 -0.109261 0.936605 31.572117
0.936363 -0.079188 -0.341985 229.261643 0.111578 0.990840 0.076071 -64.676973 0.332829 -0.109388 0.936621 31.585590
0.936420 -0.078397 -0.342010 229.278893 0.110731 0.990938 0.076035 -64.676289 0.332950 -0.109072 0.936615 31.592029
0.936359 -0.079078 -0.342021 229.300570 0.111466 0.990852 0.076072 -64.672005 0.332877 -0.109354 0.936608 31.599482
0.936280 -0.079900 -0.342047 229.315847 0.112317 0.990761 0.076009 -64.671994 0.332814 -0.109584 0.936604 31.605232
0.936190 -0.080826 -0.342074 229.342184 0.113276 0.990657 0.075939 -64.673617 0.332741 -0.109842 0.936599 31.615027
0.936240 -0.080324 -0.342056 229.367132 0.112744 0.990718 0.075944 -64.671072 0.332781 -0.109667 0.936606 31.623745
0.936173 -0.081194 -0.342035 229.400198 0.113615 0.990628 0.075810 -64.676588 0.332674 -0.109832 0.936624 31.636474
0.936171 -0.080868 -0.342118 229.428845 0.113302 0.990659 0.075874 -64.670345 0.332786 -0.109794 0.936589 31.646512
0.936192 -0.080444 -0.342161 229.460364 0.112835 0.990718 0.075807 -64.669059 0.332887 -0.109577 0.936579 31.658337
0.936132 -0.081544 -0.342065 229.508062 0.113967 0.990593 0.075749 -64.672929 0.332670 -0.109895 0.936618 31.675039
0.936067 -0.081617 -0.342225 229.568721 0.114056 0.990584 0.075728 -64.665269 0.332821 -0.109919 0.936562 31.696646
0.935988 -0.082847 -0.342145 229.638663 0.115320 0.990444 0.075649 -64.660622 0.332608 -0.110263 0.936597 31.720485
0.935813 -0.084301 -0.342267 229.735953 0.116859 0.990266 0.075609 -64.652922 0.332562 -0.110753 0.936556 31.754457
0.935677 -0.085814 -0.342264 229.841867 0.118394 0.990098 0.075421 -64.645433 0.332403 -0.111091 0.936572 31.790992
0.935574 -0.086682 -0.342327 229.987159 0.119345 0.989979 0.075492 -64.635485 0.332352 -0.111483 0.936543 31.840998
0.935322 -0.087611 -0.342778 230.341881 0.120318 0.989875 0.075301 -64.603412 0.332710 -0.111673 0.936394 31.961714
0.935162 -0.089485 -0.342731 230.488125 0.122254 0.989647 0.075185 -64.597847 0.332455 -0.112210 0.936420 32.012788
0.934676 -0.091470 -0.343532 230.830166 0.124389 0.989395 0.074995 -64.573413 0.333029 -0.112828 0.936142 32.134004
0.934098 -0.093951 -0.344434 231.276012 0.127115 0.989052 0.074952 -64.523555 0.333621 -0.113795 0.935814 32.287861
0.933608 -0.096022 -0.345189 231.655216 0.129434 0.988746 0.075028 -64.470486 0.334100 -0.114725 0.935530 32.415847
0.932950 -0.099199 -0.346070 232.166966 0.132876 0.988297 0.074924 -64.399182 0.334588 -0.115885 0.935212 32.587536
0.932314 -0.100728 -0.347341 232.594799 0.134508 0.988109 0.074490 -64.338865 0.335707 -0.116168 0.934776 32.731726
0.931776 -0.102307 -0.348321 233.165678 0.136273 0.987875 0.074383 -64.260221 0.336488 -0.116775 0.934419 32.924397
0.931261 -0.103380 -0.349379 233.779982 0.137668 0.987657 0.074706 -64.168447 0.337343 -0.117669 0.933999 33.130409
0.931163 -0.103163 -0.349703 234.292549 0.137313 0.987741 0.074242 -64.092991 0.337757 -0.117150 0.933914 33.303732
0.930936 -0.103366 -0.350247 234.991993 0.137626 0.987693 0.074312 -64.010039 0.338255 -0.117383 0.933705 33.545771
0.930591 -0.103437 -0.351142 235.566706 0.137890 0.987641 0.074503 -63.924208 0.339096 -0.117750 0.933354 33.741048
0.930345 -0.101765 -0.352282 236.307368 0.136128 0.987915 0.074119 -63.818505 0.340482 -0.116912 0.932954 33.995652
0.929570 -0.101845 -0.354299 238.014406 0.135774 0.988106 0.072193 -63.614519 0.342732 -0.115213 0.932341 34.588346
0.929669 -0.097905 -0.355148 238.823518 0.132053 0.988539 0.073161 -63.523678 0.343915 -0.114914 0.931943 34.864071
0.929186 -0.093132 -0.357686 239.649916 0.127243 0.989182 0.072991 -63.398696 0.347019 -0.113335 0.930985 35.147901
0.929059 -0.090138 -0.358782 240.317934 0.123378 0.989830 0.070807 -63.319869 0.348751 -0.110050 0.930732 35.383800
0.928341 -0.086051 -0.361633 241.105073 0.119416 0.990309 0.070906 -63.245134 0.352027 -0.109009 0.929620 35.671939
0.928500 -0.081249 -0.362335 241.706916 0.114921 0.990738 0.072330 -63.154476 0.353103 -0.108798 0.929237 35.871089
0.928578 -0.076183 -0.363234 242.435911 0.109284 0.991440 0.071435 -63.053445 0.354683 -0.106029 0.928955 36.122955
0.928467 -0.074142 -0.363941 242.996782 0.107181 0.991672 0.071412 -62.994404 0.355615 -0.105311 0.928681 36.328088
0.927946 -0.069786 -0.366123 243.961228 0.103414 0.991954 0.073031 -62.886437 0.358081 -0.105631 0.927696 36.693173
0.927213 -0.072331 -0.367485 244.932775 0.106474 0.991597 0.073473 -62.773000 0.359082 -0.107253 0.927123 37.054998
0.926427 -0.077658 -0.368377 245.484913 0.112435 0.990910 0.073866 -62.703425 0.359292 -0.109850 0.926737 37.257831
0.924780 -0.089133 -0.369916 246.185001 0.124635 0.989502 0.073159 -62.612223 0.359512 -0.113761 0.926180 37.514837
0.922431 -0.106590 -0.371161 246.896266 0.143345 0.986991 0.072805 -62.524532 0.358572 -0.120362 0.925710 37.775102
0.918140 -0.134481 -0.372738 247.643997 0.173348 0.982179 0.072632 -62.402140 0.356327 -0.131300 0.925090 38.038386
0.913066 -0.162033 -0.374240 248.260552 0.202277 0.976780 0.070601 -62.290906 0.354110 -0.140164 0.924641 38.254800
0.903750 -0.205043 -0.375757 249.041097 0.247465 0.966523 0.067778 -62.147968 0.349280 -0.154241 0.924236 38.538865
0.893163 -0.244161 -0.377685 249.666961 0.289378 0.954864 0.067042 -61.982932 0.344269 -0.169173 0.923504 38.763337
0.879186 -0.288745 -0.379023 250.296294 0.336019 0.939709 0.063548 -61.773444 0.337822 -0.183229 0.923203 38.979439
0.857109 -0.347706 -0.380085 251.106356 0.398280 0.915242 0.060867 -61.464056 0.326706 -0.203550 0.922947 39.269019
0.830908 -0.405072 -0.381455 251.897768 0.458730 0.886705 0.057629 -61.109798 0.314894 -0.222869 0.922589 39.549685
0.790947 -0.478196 -0.381749 252.855900 0.535597 0.842742 0.054049 -60.579403 0.295870 -0.247214 0.922684 39.879415
0.759752 -0.526441 -0.381624 253.511680 0.586695 0.808050 0.053330 -60.161568 0.280297 -0.264414 0.922778 40.100092
0.703249 -0.599493 -0.382163 254.463098 0.663372 0.746653 0.049464 -59.439760 0.255690 -0.288302 0.922770 40.426742
0.644769 -0.660865 -0.384097 255.189531 0.728191 0.683843 0.045788 -58.730099 0.232402 -0.309219 0.922157 40.675410
0.594255 -0.706450 -0.384434 255.732407 0.775777 0.629592 0.042231 -58.106903 0.212203 -0.323331 0.922186 40.849291
0.522206 -0.761115 -0.384713 256.487667 0.832972 0.551962 0.038668 -57.069856 0.182916 -0.340648 0.922226 41.080343
0.476217 -0.790294 -0.385555 256.941735 0.863610 0.502880 0.035903 -56.301338 0.165514 -0.350067 0.921986 41.214678
0.435007 -0.813469 -0.386053 257.490175 0.887712 0.459245 0.032585 -55.280757 0.150786 -0.356879 0.921901 41.371369
0.409541 -0.826753 -0.385688 257.906677 0.901199 0.432356 0.030144 -54.411124 0.141833 -0.359926 0.922137 41.486136
0.364065 -0.846870 -0.387645 258.910774 0.922595 0.384924 0.025549 -52.107862 0.127577 -0.366940 0.921455 41.799387
0.349742 -0.852651 -0.388159 259.295037 0.928677 0.370129 0.023718 -51.137264 0.123446 -0.368770 0.921287 41.910117
0.337590 -0.857711 -0.387770 259.780574 0.933579 0.357727 0.021509 -49.870391 0.120267 -0.369275 0.921505 42.049125
0.331910 -0.859871 -0.387888 260.169698 0.935726 0.352159 0.020021 -48.836306 0.119382 -0.369602 0.921489 42.159588
0.324415 -0.862678 -0.387997 260.651835 0.938460 0.344932 0.017746 -47.501700 0.118523 -0.369877 0.921490 42.297330
0.319060 -0.864368 -0.388674 261.138548 0.940302 0.339972 0.015829 -46.130228 0.118456 -0.370522 0.921239 42.444790
0.313868 -0.866090 -0.389068 261.626279 0.942089 0.335065 0.014123 -44.715938 0.118131 -0.370970 0.921101 42.587174
0.310168 -0.867210 -0.389542 262.118690 0.943087 0.332365 0.011002 -43.277095 0.119930 -0.370784 0.920943 42.743892
0.307846 -0.868205 -0.389166 262.628257 0.943746 0.330546 0.009114 -41.786852 0.120724 -0.370079 0.921123 42.901244
0.305439 -0.869045 -0.389188 263.046013 0.944366 0.328824 0.006895 -40.570912 0.121982 -0.369642 0.921132 43.032043
0.305074 -0.868923 -0.389747 263.562166 0.944159 0.329458 0.004529 -39.033068 0.124470 -0.369364 0.920911 43.203052
0.309559 -0.867799 -0.388712 264.411945 0.942236 0.334940 0.002617 -36.493542 0.127924 -0.367069 0.921356 43.517538
0.313160 -0.867097 -0.387394 265.073845 0.940713 0.339201 0.001221 -34.531369 0.130346 -0.364809 0.921914 43.762807
0.313764 -0.866448 -0.388356 265.527720 0.940057 0.341015 -0.001327 -33.224303 0.133585 -0.364661 0.921508 43.926242
0.314052 -0.866178 -0.388726 265.991214 0.939696 0.342000 -0.002880 -31.907750 0.135438 -0.364379 0.921349 44.087867
0.313872 -0.865965 -0.389343 266.565014 0.939269 0.343129 -0.005978 -30.256226 0.138772 -0.363822 0.921073 44.307272
0.312713 -0.866084 -0.390011 267.015980 0.939623 0.342151 -0.006408 -28.917015 0.138993 -0.364460 0.920788 44.467201
0.310493 -0.866999 -0.389751 267.479182 0.940044 0.340922 -0.009498 -27.543130 0.141110 -0.363434 0.920871 44.641950
0.306069 -0.867383 -0.392389 268.071334 0.940699 0.338893 -0.015370 -25.875131 0.146310 -0.364416 0.919671 44.877331
0.303103 -0.868615 -0.391964 268.667192 0.941697 0.336057 -0.016515 -24.165168 0.146068 -0.364106 0.919832 45.105479
0.300949 -0.869165 -0.392405 269.270954 0.942283 0.334341 -0.017886 -22.425209 0.146743 -0.364373 0.919619 45.349644
0.300174 -0.869087 -0.393171 269.714675 0.942169 0.334532 -0.020150 -21.022573 0.149040 -0.364385 0.919245 45.534335
0.298492 -0.868533 -0.395669 270.310751 0.941775 0.335277 -0.025492 -19.276979 0.154799 -0.365022 0.918039 45.826293
0.299338 -0.868118 -0.395938 270.800076 0.941185 0.336816 -0.026932 -17.859381 0.156738 -0.364590 0.917882 46.030883
0.299225 -0.868170 -0.395912 271.413150 0.940985 0.337256 -0.028363 -16.085886 0.158148 -0.364060 0.917851 46.301479
0.297489 -0.868889 -0.395640 271.931969 0.941244 0.336314 -0.030860 -14.663174 0.159873 -0.363214 0.917887 46.529724
0.296162 -0.868377 -0.397755 272.383840 0.940915 0.336848 -0.034814 -13.247312 0.164215 -0.363943 0.916831 46.764266
0.294196 -0.868995 -0.397864 272.945507 0.941484 0.335147 -0.035843 -11.446802 0.164491 -0.364038 0.916744 47.039702
0.289556 -0.870497 -0.397986 273.408151 0.942657 0.331460 -0.039153 -10.005906 0.165999 -0.363827 0.916556 47.279880
0.283814 -0.871944 -0.398952 273.988780 0.943986 0.327120 -0.043398 -8.203123 0.168346 -0.364288 0.915944 47.585821
0.279558 -0.872889 -0.399890 274.546132 0.945081 0.323622 -0.045715 -6.383288 0.169317 -0.365148 0.915423 47.893281
0.275684 -0.873955 -0.400250 275.215717 0.946233 0.320043 -0.047074 -4.200898 0.169238 -0.365753 0.915196 48.264010
0.273998 -0.874043 -0.401215 275.631174 0.946413 0.319209 -0.049070 -2.740070 0.170961 -0.366270 0.914669 48.502101
0.271867 -0.874163 -0.402402 276.154400 0.946742 0.317924 -0.051018 -0.920976 0.172531 -0.367101 0.914040 48.811076
0.269753 -0.874695 -0.402669 276.579892 0.947084 0.316553 -0.053168 0.520346 0.173972 -0.367019 0.913800 49.057843
0.268345 -0.874861 -0.403249 276.997084 0.947237 0.315812 -0.054819 1.959436 0.175310 -0.367262 0.913447 49.301869
0.267141 -0.874062 -0.405773 277.702940 0.947514 0.314996 -0.054728 4.474467 0.175652 -0.369855 0.912334 49.746139
0.265704 -0.873833 -0.407206 278.197083 0.947455 0.314737 -0.057181 6.254113 0.178130 -0.370617 0.911544 50.066576
0.264920 -0.873763 -0.407867 278.600741 0.947369 0.314694 -0.058821 7.680467 0.179749 -0.370817 0.911145 50.316293
0.263648 -0.873654 -0.408923 279.104662 0.947527 0.314004 -0.059956 9.464249 0.180784 -0.371659 0.910597 50.640054
0.262459 -0.873986 -0.408979 279.511481 0.947725 0.313187 -0.061084 10.899013 0.181474 -0.371568 0.910497 50.894993
0.260032 -0.874229 -0.410009 280.012183 0.948275 0.311277 -0.062303 12.689205 0.182094 -0.372601 0.909951 51.222691
0.256930 -0.874610 -0.411151 280.421293 0.949057 0.308644 -0.063484 14.115607 0.182423 -0.373894 0.909354 51.474924
0.253011 -0.874269 -0.414295 280.901360 0.950256 0.304978 -0.063259 15.908098 0.181656 -0.377681 0.907942 51.798228
0.248680 -0.874854 -0.415678 281.372422 0.951455 0.300999 -0.064285 17.696333 0.181359 -0.379513 0.907237 52.121055
0.243608 -0.876057 -0.416148 281.842652 0.952847 0.296226 -0.065817 19.465172 0.180933 -0.380492 0.906912 52.438953
0.235336 -0.878232 -0.416323 282.316872 0.955160 0.288179 -0.067987 21.212111 0.179684 -0.381655 0.906671 52.751963
0.227315 -0.880113 -0.416807 282.760945 0.957457 0.280125 -0.069329 22.961053 0.177776 -0.383315 0.906347 53.058037
0.218566 -0.882250 -0.416970 283.122193 0.959670 0.271761 -0.071970 24.361625 0.176812 -0.384424 0.906066 53.297548
0.204826 -0.885229 -0.417632 283.554783 0.963488 0.257519 -0.073308 26.131070 0.172443 -0.387368 0.905654 53.587431
0.193532 -0.887548 -0.418096 283.880887 0.966211 0.246369 -0.075753 27.544226 0.170240 -0.389308 0.905239 53.827217
