0.999999 -0.000137 -0.001352 1.672169 0.000139 0.999999 0.001102 -0.018936 0.001352 -0.001102 0.999998 -0.016560
0.999998 -0.001086 -0.001695 3.749141 0.001097 0.999977 0.006654 -0.037873 0.001688 -0.006656 0.999976 -0.005843
0.999997 -0.001856 -0.001553 5.416855 0.001871 0.999948 0.009994 -0.056354 0.001534 -0.009997 0.999949 -0.008978
0.999986 -0.002789 -0.004389 7.502465 0.002854 0.999884 0.014962 -0.080997 0.004347 -0.014975 0.999878 -0.001327
0.999988 -0.003489 -0.003442 9.555528 0.003557 0.999793 0.020019 -0.101192 0.003371 -0.020031 0.999794 0.009534
0.999985 -0.003925 -0.003753 11.243101 0.004018 0.999676 0.025136 -0.117622 0.003653 -0.025150 0.999677 0.027826
0.999979 -0.003801 -0.005292 12.912812 0.003954 0.999566 0.029176 -0.135130 0.005178 -0.029196 0.999560 0.034230
0.999980 -0.003559 -0.005195 14.979686 0.003726 0.999466 0.032458 -0.148333 0.005077 -0.032476 0.999460 0.037529
0.999963 -0.004315 -0.007458 16.667014 0.004585 0.999317 0.036677 -0.163814 0.007295 -0.036710 0.999299 0.053638
0.999954 -0.004508 -0.008500 18.329065 0.004846 0.999181 0.040184 -0.177996 0.008312 -0.040223 0.999156 0.061984
0.999951 -0.005535 -0.008184 20.419890 0.005901 0.998952 0.045399 -0.189739 0.007924 -0.045445 0.998935 0.077504
0.999950 -0.004825 -0.008744 22.543975 0.005256 0.998734 0.050030 -0.200721 0.008492 -0.050074 0.998709 0.091569
0.999932 -0.004709 -0.010714 24.236954 0.005275 0.998561 0.053367 -0.210734 0.010447 -0.053420 0.998517 0.108510
0.999937 -0.003747 -0.010562 26.367792 0.004353 0.998309 0.057970 -0.224445 0.010327 -0.058012 0.998262 0.120886
0.999933 -0.002323 -0.011382 28.083126 0.003016 0.998120 0.061214 -0.232589 0.011219 -0.061244 0.998060 0.132951
0.999913 -0.002070 -0.013041 30.217759 0.002929 0.997804 0.066164 -0.245933 0.012875 -0.066197 0.997724 0.166163
0.999961 -0.001487 -0.008735 31.942277 0.002103 0.997482 0.070896 -0.258040 0.008608 -0.070911 0.997445 0.158876
0.999690 -0.000959 0.024891 34.070529 -0.001031 0.996811 0.079791 -0.269185 -0.024888 -0.079792 0.996501 0.223089
0.999984 0.001151 -0.005555 35.843611 -0.000686 0.996561 0.082856 -0.285798 0.005632 -0.082851 0.996546 0.189162
0.999992 0.002013 -0.003338 38.035180 -0.001722 0.996383 0.084962 -0.309443 0.003497 -0.084956 0.996379 0.201665
0.999974 0.002737 -0.006622 39.801798 -0.002160 0.996337 0.085484 -0.324082 0.006831 -0.085468 0.996318 0.222368
0.999975 0.002804 -0.006543 42.010147 -0.002214 0.996077 0.088465 -0.343353 0.006765 -0.088448 0.996058 0.241620
0.999954 0.002774 -0.009230 43.771622 -0.001952 0.996121 0.087968 -0.355020 0.009438 -0.087946 0.996081 0.254420
0.999930 0.000563 -0.011840 45.958085 0.000482 0.996120 0.088003 -0.376510 0.011844 -0.088003 0.996050 0.289461
0.999945 -0.000996 -0.010488 48.165064 0.001914 0.996131 0.087861 -0.389171 0.010360 -0.087876 0.996078 0.307297
0.999907 0.000033 -0.013669 50.750794 0.001166 0.996146 0.087701 -0.394345 0.013619 -0.087708 0.996053 0.390515
0.999923 0.001139 0.012365 52.899055 -0.002254 0.995893 0.090514 -0.409008 -0.012212 -0.090535 0.995818 0.423018
0.999965 0.003034 0.007814 54.602817 -0.003726 0.995928 0.090075 -0.415006 -0.007509 -0.090101 0.995904 0.419906
0.999969 0.004312 0.006532 56.262819 -0.004888 0.995846 0.090921 -0.428257 -0.006113 -0.090950 0.995837 0.416275
0.999977 0.004951 0.004625 58.368965 -0.005353 0.995787 0.091537 -0.445835 -0.004153 -0.091560 0.995791 0.435849
0.999978 0.004680 0.004754 60.029534 -0.005095 0.995795 0.091473 -0.464309 -0.004306 -0.091495 0.995796 0.431670
0.999984 0.004583 0.003459 62.101924 -0.004879 0.995832 0.091076 -0.489680 -0.003027 -0.091091 0.995838 0.448788
0.999985 0.004801 0.002669 64.136588 -0.005026 0.995789 0.091532 -0.508376 -0.002218 -0.091544 0.995799 0.461425
0.999986 0.005168 0.000891 65.751980 -0.005228 0.995758 0.091861 -0.521053 -0.000412 -0.091864 0.995771 0.464854
0.999983 0.005836 -0.000828 67.736860 -0.005737 0.995868 0.090626 -0.537456 0.001354 -0.090620 0.995885 0.479425
0.999973 0.006609 -0.003122 70.114950 -0.006298 0.995841 0.090889 -0.561700 0.003710 -0.090867 0.995856 0.495547
0.999968 0.006829 -0.004061 71.675782 -0.006428 0.995767 0.091692 -0.576908 0.004670 -0.091663 0.995779 0.506496
0.999952 0.007907 -0.005777 73.613097 -0.007346 0.995795 0.091311 -0.595110 0.006475 -0.091265 0.995806 0.523148
0.999936 0.008857 -0.007011 75.108572 -0.008179 0.995781 0.091394 -0.620454 0.007791 -0.091331 0.995790 0.543755
0.999897 0.011214 -0.008930 76.938229 -0.010368 0.995912 0.089736 -0.643979 0.009899 -0.089635 0.995926 0.578066
0.999848 0.013711 -0.010803 78.364004 -0.012684 0.995868 0.089923 -0.670450 0.011992 -0.089772 0.995890 0.601457
0.999798 0.016328 -0.011738 80.137847 -0.015208 0.995830 0.089947 -0.697544 0.013158 -0.089750 0.995877 0.636752
0.999738 0.019019 -0.012749 81.554802 -0.017794 0.995774 0.090094 -0.727051 0.014409 -0.089843 0.995852 0.662386
0.999631 0.022721 -0.014890 82.947244 -0.021295 0.995730 0.089819 -0.759024 0.016867 -0.089469 0.995847 0.689371
0.999452 0.029055 -0.015881 84.656492 -0.027528 0.995641 0.089118 -0.803814 0.018401 -0.088632 0.995894 0.728345
0.999133 0.036318 -0.020370 86.341802 -0.034349 0.995360 0.089883 -0.865447 0.023540 -0.089105 0.995744 0.767262
0.998941 0.041397 -0.020073 87.648802 -0.039399 0.995034 0.091406 -0.932117 0.023757 -0.090519 0.995611 0.790923
0.998487 0.048784 -0.025370 89.600149 -0.046241 0.994624 0.092656 -1.037727 0.029754 -0.091343 0.995375 0.837775
0.997912 0.058961 -0.026381 91.184587 -0.056235 0.993956 0.094283 -1.126290 0.031780 -0.092603 0.995196 0.896142
0.997326 0.067249 -0.028616 92.437619 -0.064246 0.993366 0.095376 -1.204771 0.034840 -0.093282 0.995030 0.932015
0.996642 0.075622 -0.031405 93.971692 -0.072295 0.992737 0.096163 -1.315145 0.038448 -0.093569 0.994870 0.991924
0.995850 0.085323 -0.031653 95.163817 -0.081916 0.991941 0.096660 -1.403682 0.039645 -0.093666 0.994814 1.034286
0.994270 0.100393 -0.036727 96.615065 -0.096363 0.990446 0.098645 -1.538456 0.046279 -0.094540 0.994445 1.072018
0.992455 0.115612 -0.040824 97.727501 -0.111147 0.988912 0.098489 -1.643079 0.051757 -0.093209 0.994300 1.113387
0.990649 0.129188 -0.043883 99.071248 -0.124258 0.987109 0.100873 -1.817424 0.056349 -0.094477 0.993931 1.186067
0.989494 0.136327 -0.048131 100.117622 -0.130905 0.986137 0.101974 -1.952597 0.061365 -0.094602 0.993622 1.244811
0.987668 0.147854 -0.051497 101.445981 -0.142070 0.984581 0.102061 -2.158653 0.065793 -0.093487 0.993444 1.299448
0.986291 0.156772 -0.051496 102.828120 -0.150851 0.983102 0.103706 -2.395555 0.066884 -0.094516 0.993274 1.360762
0.985470 0.160592 -0.055317 103.940918 -0.154184 0.982415 0.105303 -2.585216 0.071255 -0.095244 0.992900 1.433451
0.984481 0.164732 -0.060495 105.639682 -0.157789 0.981801 0.105689 -2.891835 0.076804 -0.094503 0.992557 1.534530
0.983870 0.167835 -0.061898 106.787694 -0.160551 0.981078 0.108207 -3.074115 0.078888 -0.096524 0.992200 1.611871
0.982856 0.171711 -0.067158 108.248676 -0.163912 0.980526 0.108178 -3.330540 0.084426 -0.095316 0.991860 1.711278
0.981788 0.176397 -0.070543 109.432830 -0.168097 0.979606 0.110067 -3.546540 0.088519 -0.096204 0.991418 1.798459
0.980423 0.181890 -0.075417 111.254027 -0.173059 0.978682 0.110602 -3.878343 0.093926 -0.095385 0.990999 1.937878
0.979196 0.187182 -0.078353 112.481910 -0.177864 0.977591 0.112606 -4.096749 0.097675 -0.096327 0.990546 2.041548
0.978282 0.190500 -0.081692 114.037476 -0.180826 0.977015 0.112890 -4.387496 0.101320 -0.095666 0.990244 2.180658
0.977054 0.195558 -0.084392 115.295495 -0.185532 0.976036 0.113719 -4.625218 0.104608 -0.095452 0.989922 2.294105
0.975997 0.198866 -0.088779 116.863933 -0.188329 0.975407 0.114516 -4.926469 0.109369 -0.095048 0.989446 2.452968
0.975277 0.201342 -0.091087 118.121659 -0.190624 0.975003 0.114156 -5.183413 0.111795 -0.093970 0.989278 2.570980
0.973978 0.205952 -0.094607 119.738443 -0.194761 0.974044 0.115353 -5.527742 0.115908 -0.093926 0.988809 2.742209
0.972834 0.208391 -0.100830 122.010393 -0.196639 0.973690 0.115153 -6.007674 0.122174 -0.092198 0.988217 3.001390
0.971774 0.212237 -0.103010 123.344558 -0.199991 0.972728 0.117492 -6.300210 0.125137 -0.093575 0.987717 3.146293
0.971124 0.212715 -0.108034 125.022696 -0.200097 0.972799 0.116720 -6.664061 0.129924 -0.091732 0.987272 3.335936
0.969975 0.215735 -0.112283 126.382255 -0.202515 0.972108 0.118297 -6.967997 0.134672 -0.092006 0.986609 3.497350
0.969139 0.217178 -0.116634 128.091704 -0.203400 0.971786 0.119414 -7.339760 0.139278 -0.092005 0.985970 3.700855
0.968324 0.219069 -0.119818 129.482808 -0.204836 0.971345 0.120546 -7.646397 0.142793 -0.092184 0.985450 3.875132
0.967081 0.222162 -0.124090 131.247910 -0.207431 0.970702 0.121288 -8.032742 0.147400 -0.091555 0.984830 4.105015
0.964414 0.231025 -0.128582 133.041736 -0.215760 0.968757 0.122297 -8.443614 0.152818 -0.090202 0.984129 4.344151
0.960725 0.242325 -0.135229 138.466466 -0.227017 0.966566 0.119218 -9.738022 0.159597 -0.083836 0.983616 5.298577
0.960051 0.242037 -0.140429 140.691960 -0.226055 0.966621 0.120593 -10.299230 0.164929 -0.084030 0.982719 5.631139
0.959977 0.240633 -0.143320 142.191872 -0.224306 0.966965 0.121098 -10.685604 0.167726 -0.084103 0.982240 5.851598
0.960057 0.237816 -0.147423 144.100213 -0.220733 0.967512 0.123274 -11.155310 0.171951 -0.085808 0.981361 6.156833
0.960291 0.233846 -0.152175 146.017474 -0.216164 0.968438 0.124100 -11.627953 0.176392 -0.086277 0.980532 6.458003
0.960221 0.231129 -0.156703 147.539734 -0.212823 0.969039 0.125182 -11.976168 0.180784 -0.086852 0.979680 6.710084
0.960588 0.227131 -0.160257 149.430586 -0.208418 0.969961 0.125453 -12.403680 0.183937 -0.087109 0.979071 7.017960
0.960049 0.224839 -0.166591 151.334166 -0.205433 0.970529 0.125979 -12.794029 0.190007 -0.086723 0.977945 7.339560
0.959732 0.223324 -0.170415 152.842820 -0.203434 0.970868 0.126609 -13.130951 0.193726 -0.086842 0.977205 7.604468
0.959309 0.221301 -0.175365 155.107708 -0.200643 0.971256 0.128082 -13.620688 0.198669 -0.087685 0.976136 8.029887
0.958805 0.220941 -0.178543 156.616113 -0.199962 0.971378 0.128218 -13.953145 0.201761 -0.087234 0.975542 8.295339
0.957958 0.220651 -0.183386 158.888440 -0.198957 0.971413 0.129511 -14.445815 0.206720 -0.087580 0.974472 8.728417
0.957396 0.219493 -0.187661 160.774387 -0.197258 0.971675 0.130139 -14.850745 0.210910 -0.087577 0.973574 9.095275
0.956878 0.218350 -0.191592 162.680179 -0.195542 0.971902 0.131033 -15.265176 0.214820 -0.087918 0.972688 9.475134
0.956391 0.216922 -0.195606 164.189882 -0.193778 0.972288 0.130790 -15.599287 0.218556 -0.087182 0.971922 9.782490
0.955755 0.215945 -0.199752 166.095576 -0.192104 0.972442 0.132112 -16.011989 0.222776 -0.087893 0.970899 10.181546
0.955315 0.214927 -0.202928 167.620371 -0.190546 0.972614 0.133098 -16.335075 0.225977 -0.088483 0.970106 10.504522
0.954470 0.214194 -0.207624 169.534034 -0.189145 0.972760 0.134025 -16.730748 0.230676 -0.088652 0.968984 10.923645
0.953692 0.213614 -0.211756 171.045224 -0.187993 0.972883 0.134747 -17.035944 0.234798 -0.088699 0.967989 11.267959
0.952826 0.212817 -0.216404 172.952076 -0.186598 0.973068 0.135349 -17.427592 0.239381 -0.088584 0.966876 11.713020
0.951916 0.212734 -0.220455 174.477874 -0.185979 0.973101 0.135967 -17.732980 0.243450 -0.088429 0.965874 12.080780
0.951100 0.211854 -0.224783 176.376763 -0.184316 0.973221 0.137365 -18.124093 0.247865 -0.089217 0.964678 12.552325
0.950577 0.210295 -0.228429 177.889331 -0.182262 0.973546 0.137802 -18.428848 0.251365 -0.089357 0.963759 12.935600
0.949843 0.208956 -0.232672 179.797051 -0.180005 0.973707 0.139619 -18.801625 0.255728 -0.090734 0.962481 13.442709
0.948934 0.208216 -0.237002 181.299517 -0.178443 0.973789 0.141046 -19.087150 0.260158 -0.091552 0.961216 13.849981
0.948281 0.207250 -0.240437 182.807509 -0.176540 0.973830 0.143141 -19.377643 0.263811 -0.093292 0.960052 14.264547
0.947501 0.206771 -0.243899 184.691347 -0.174939 0.973712 0.145883 -19.737855 0.267652 -0.095557 0.958766 14.794838
0.946163 0.206127 -0.249575 186.541548 -0.173143 0.973740 0.147821 -20.094100 0.273491 -0.096650 0.957006 15.327612
0.945627 0.206489 -0.251301 188.436851 -0.172990 0.973584 0.149023 -20.472964 0.275434 -0.097447 0.956368 15.841785
0.944187 0.205562 -0.257401 189.913503 -0.170939 0.973707 0.150577 -20.761309 0.281586 -0.098173 0.954501 16.278349
0.943237 0.206096 -0.260440 192.116898 -0.169246 0.972988 0.157003 -21.174720 0.285763 -0.104013 0.952639 16.952983
0.941951 0.206272 -0.264917 193.944297 -0.167822 0.972645 0.160614 -21.504126 0.290800 -0.106832 0.950801 17.505909
0.941147 0.206990 -0.267202 195.784013 -0.167338 0.972210 0.163726 -21.842488 0.293666 -0.109377 0.949630 18.067505
0.939792 0.207420 -0.271601 197.616403 -0.166491 0.971940 0.166175 -22.181431 0.298448 -0.110951 0.947955 18.633942
0.938731 0.207947 -0.274848 199.447417 -0.165841 0.971617 0.168693 -22.519125 0.302126 -0.112777 0.946573 19.195752
0.937361 0.207615 -0.279733 201.280346 -0.164365 0.971583 0.170325 -22.854612 0.307146 -0.113678 0.944848 19.770117
0.936231 0.208067 -0.283159 202.725781 -0.163953 0.971410 0.171704 -23.119075 0.310790 -0.114330 0.943578 20.223773
0.934941 0.208665 -0.286957 204.532817 -0.163249 0.971076 0.174246 -23.449713 0.315016 -0.116065 0.941963 20.809667
0.933945 0.208376 -0.290391 205.956562 -0.161960 0.970999 0.175869 -23.718545 0.318616 -0.117220 0.940608 21.274275
0.932945 0.208524 -0.293483 207.758363 -0.160872 0.970731 0.178328 -24.054913 0.322079 -0.119157 0.939184 21.874201
0.932297 0.206331 -0.297068 209.189844 -0.157521 0.970965 0.180040 -24.317206 0.325590 -0.121056 0.937729 22.353707
0.931708 0.203935 -0.300551 210.978197 -0.153749 0.971142 0.182332 -24.635357 0.329061 -0.123671 0.936175 22.962618
0.931029 0.202464 -0.303634 212.404867 -0.151135 0.971204 0.184176 -24.886219 0.332180 -0.125583 0.934819 23.453717
0.930008 0.199838 -0.308463 214.508808 -0.146374 0.971221 0.187892 -25.249263 0.337133 -0.129590 0.932495 24.216323
0.929447 0.197648 -0.311550 215.907875 -0.143093 0.971421 0.189383 -25.487195 0.340077 -0.131441 0.931166 24.706178
0.928556 0.194784 -0.315980 217.653671 -0.138739 0.971680 0.191282 -25.779176 0.344290 -0.133777 0.929283 25.324034
0.928120 0.191965 -0.318972 219.032535 -0.134740 0.971928 0.192875 -26.003589 0.347043 -0.136032 0.927931 25.810117
0.927354 0.188851 -0.323032 220.726067 -0.129911 0.972090 0.195357 -26.267281 0.350909 -0.139199 0.926005 26.429762
0.926446 0.186518 -0.326970 222.412474 -0.125972 0.972150 0.197625 -26.511725 0.354724 -0.141900 0.924140 27.054650
0.925225 0.184806 -0.331370 223.742211 -0.123238 0.972383 0.198203 -26.707564 0.358848 -0.142545 0.922447 27.546969
0.924170 0.182588 -0.335517 225.733923 -0.119100 0.972309 0.201073 -26.994384 0.362940 -0.145866 0.920325 28.322121
0.923235 0.181492 -0.338670 227.070654 -0.116780 0.972257 0.202680 -27.194707 0.366059 -0.147572 0.918816 28.826057
0.922254 0.180466 -0.341876 228.717661 -0.114116 0.972031 0.205264 -27.406928 0.369358 -0.150293 0.917053 29.488394
0.921323 0.179261 -0.345006 230.049137 -0.111888 0.972074 0.206286 -27.584427 0.372350 -0.151454 0.915651 30.008015
0.919410 0.177799 -0.350818 231.709161 -0.109308 0.972357 0.206332 -27.809549 0.377806 -0.151356 0.913430 30.663103
0.917811 0.178350 -0.354704 233.021957 -0.108049 0.971905 0.209106 -27.975613 0.382033 -0.153595 0.911296 31.181911
0.916441 0.176137 -0.359320 234.681217 -0.104847 0.972241 0.209177 -28.175250 0.386190 -0.154024 0.909469 31.851327
0.914768 0.177574 -0.362860 235.995853 -0.105018 0.971861 0.210851 -28.332198 0.390091 -0.154773 0.907675 32.387187
0.912563 0.177052 -0.368621 237.643365 -0.103585 0.972097 0.210469 -28.529568 0.395600 -0.153882 0.905440 33.067601
0.910466 0.179175 -0.372758 238.933703 -0.104968 0.971883 0.210773 -28.700682 0.400043 -0.152774 0.903674 33.606734
0.907861 0.181199 -0.378095 240.862372 -0.105339 0.971440 0.212620 -28.949581 0.405823 -0.153201 0.901020 34.442151
0.905407 0.184348 -0.382432 243.083034 -0.105867 0.970386 0.217126 -29.223523 0.411134 -0.156101 0.898110 35.472463
0.903252 0.186990 -0.386227 244.356555 -0.107792 0.970075 0.217569 -29.375869 0.415352 -0.154887 0.896377 36.028477
0.900285 0.190809 -0.391252 245.944852 -0.110933 0.969702 0.217652 -29.578856 0.420928 -0.152546 0.894175 36.731885
0.898232 0.193439 -0.394664 247.188759 -0.112882 0.969353 0.218202 -29.747172 0.424778 -0.151446 0.892540 37.289038
0.895540 0.197292 -0.398853 248.737627 -0.115600 0.968713 0.219619 -29.955548 0.429703 -0.150570 0.890328 37.994130
0.893031 0.199511 -0.403350 249.962320 -0.117069 0.968483 0.219852 -30.122311 0.434501 -0.149115 0.888242 38.557739
0.890440 0.203631 -0.407003 251.469272 -0.120131 0.967763 0.221369 -30.331668 0.438960 -0.148222 0.886197 39.253455
0.888467 0.204844 -0.410690 252.642033 -0.120626 0.967630 0.221679 -30.496517 0.442805 -0.147414 0.884416 39.808220
0.885759 0.206949 -0.415456 254.053835 -0.122027 0.967440 0.221743 -30.711452 0.447818 -0.145714 0.882171 40.494815
0.884020 0.208829 -0.418209 255.150049 -0.123091 0.967082 0.222711 -30.873501 0.450951 -0.145403 0.880625 41.024231
0.881659 0.210379 -0.422395 256.493137 -0.123546 0.966807 0.223652 -31.068379 0.455426 -0.145000 0.878386 41.680518
0.879597 0.211181 -0.426277 257.797475 -0.123179 0.966612 0.224694 -31.250990 0.459496 -0.145132 0.876242 42.324869
0.877981 0.211213 -0.429579 258.794828 -0.122742 0.966724 0.224451 -31.394210 0.462691 -0.144336 0.874691 42.821733
0.876149 0.212183 -0.432830 260.003800 -0.122884 0.966559 0.225085 -31.584093 0.466115 -0.144020 0.872923 43.431851
0.874742 0.211179 -0.436153 260.926719 -0.121503 0.966878 0.224465 -31.738814 0.469109 -0.143355 0.871428 43.906393
0.873323 0.212293 -0.438450 262.049342 -0.121370 0.966487 0.226214 -31.916820 0.471780 -0.144343 0.869821 44.482100
0.872832 0.211289 -0.439910 262.927295 -0.119957 0.966649 0.226275 -32.039141 0.473048 -0.144730 0.869068 44.922215
0.870482 0.212904 -0.443771 264.164299 -0.120219 0.966267 0.227761 -32.220705 0.477293 -0.144912 0.866713 45.570510
0.868808 0.214509 -0.446271 265.151622 -0.120876 0.965902 0.228958 -32.352129 0.480168 -0.144977 0.865113 46.087714
0.867132 0.214743 -0.449408 266.271281 -0.120576 0.965950 0.228913 -32.509127 0.483264 -0.144310 0.863499 46.675726
0.865794 0.215737 -0.451507 266.983559 -0.121335 0.965873 0.228839 -32.627951 0.485468 -0.143344 0.862423 47.056614
0.863080 0.214713 -0.457155 269.666528 -0.122536 0.967113 0.222886 -33.010506 0.489977 -0.136350 0.861006 48.645599
0.861792 0.215420 -0.459249 270.527842 -0.122751 0.967002 0.223246 -33.153849 0.492186 -0.136018 0.859797 49.112872
0.860979 0.215768 -0.460608 271.067654 -0.122912 0.966986 0.223226 -33.240250 0.493567 -0.135579 0.859075 49.407944
0.859960 0.216331 -0.462245 271.708820 -0.123132 0.966909 0.223439 -33.343920 0.495286 -0.135231 0.858140 49.758197
0.859465 0.216404 -0.463130 272.191926 -0.122903 0.966876 0.223708 -33.425656 0.496201 -0.135349 0.857593 50.022538
0.858595 0.216658 -0.464622 272.763629 -0.122760 0.966829 0.223990 -33.512858 0.497740 -0.135280 0.856712 50.336698
0.858057 0.216582 -0.465651 273.185450 -0.122454 0.966853 0.224053 -33.573944 0.498742 -0.135229 0.856136 50.566395
0.857630 0.216369 -0.466534 273.673052 -0.121961 0.966877 0.224218 -33.651311 0.499595 -0.135397 0.855612 50.833475
0.856991 0.216292 -0.467743 274.124526 -0.121649 0.966913 0.224233 -33.725753 0.500767 -0.135265 0.854948 51.084744
0.856421 0.216992 -0.468462 274.609035 -0.121930 0.966727 0.224883 -33.802013 0.501673 -0.135475 0.854383 51.350646
0.856148 0.216312 -0.469275 274.838146 -0.121177 0.966885 0.224609 -33.826598 0.502321 -0.135433 0.854009 51.473838
0.855894 0.216139 -0.469818 275.111761 -0.120864 0.966916 0.224644 -33.871883 0.502829 -0.135487 0.853702 51.622854
0.855831 0.216108 -0.469947 275.206860 -0.120815 0.966926 0.224627 -33.887661 0.502948 -0.135466 0.853635 51.674562
0.855998 0.215120 -0.470096 275.263546 -0.119664 0.967066 0.224642 -33.888479 0.502939 -0.136040 0.853549 51.702723
0.856406 0.213436 -0.470122 275.260111 -0.117779 0.967306 0.224605 -33.885914 0.502690 -0.136982 0.853544 51.699640
0.856406 0.212590 -0.470504 275.222164 -0.116768 0.967434 0.224581 -33.872742 0.502925 -0.137393 0.853340 51.679961
0.857102 0.211566 -0.469698 275.182827 -0.115761 0.967556 0.224577 -33.862694 0.501972 -0.138113 0.853785 51.655130
0.857108 0.211352 -0.469782 275.183087 -0.115498 0.967585 0.224587 -33.860002 0.502021 -0.138237 0.853736 51.654681
0.856902 0.211820 -0.469948 275.173652 -0.116050 0.967540 0.224496 -33.867123 0.502246 -0.137834 0.853669 51.652238
0.857127 0.211128 -0.469849 275.173025 -0.115262 0.967625 0.224537 -33.865662 0.502044 -0.138301 0.853713 51.650276
0.857362 0.210068 -0.469895 275.168097 -0.114131 0.967788 0.224412 -33.864841 0.501901 -0.138773 0.853720 51.647321
0.857555 0.209152 -0.469953 275.162257 -0.113103 0.967915 0.224382 -33.861278 0.501804 -0.139267 0.853696 51.642592
0.857333 0.210084 -0.469941 275.160918 -0.114185 0.967799 0.224335 -33.862539 0.501938 -0.138669 0.853715 51.640203
0.857344 0.210010 -0.469955 275.157167 -0.114118 0.967815 0.224303 -33.866205 0.501935 -0.138674 0.853716 51.638225
0.857441 0.209539 -0.469988 275.168585 -0.113570 0.967875 0.224320 -33.858931 0.501894 -0.138965 0.853693 51.640075
0.857473 0.209358 -0.470009 275.144172 -0.113402 0.967910 0.224253 -33.857277 0.501876 -0.138991 0.853699 51.624325
0.857740 0.208368 -0.469963 275.123717 -0.112296 0.968041 0.224247 -33.850616 0.501669 -0.139571 0.853726 51.610130
0.857498 0.209483 -0.469908 275.116205 -0.113547 0.967888 0.224277 -33.853081 0.501801 -0.138961 0.853748 51.604268
0.857297 0.210382 -0.469873 275.098309 -0.114523 0.967755 0.224354 -33.854809 0.501922 -0.138527 0.853747 51.593599
0.857234 0.210715 -0.469839 275.088533 -0.114903 0.967709 0.224358 -33.854248 0.501944 -0.138341 0.853765 51.587389
0.856847 0.212385 -0.469794 275.084497 -0.116745 0.967468 0.224444 -33.856902 0.502180 -0.137468 0.853767 51.585358
0.856674 0.213086 -0.469791 275.082203 -0.117533 0.967371 0.224452 -33.857671 0.502290 -0.137067 0.853767 51.583913
0.856461 0.213970 -0.469778 275.077027 -0.118533 0.967249 0.224453 -33.860747 0.502418 -0.136552 0.853774 51.581514
0.856833 0.212536 -0.469751 275.064133 -0.116956 0.967455 0.224391 -33.856109 0.502154 -0.137326 0.853805 51.573276
0.856672 0.213192 -0.469747 275.062391 -0.117690 0.967363 0.224404 -33.857516 0.502257 -0.136956 0.853804 51.572437
0.856814 0.212579 -0.469765 275.058446 -0.117006 0.967451 0.224382 -33.857512 0.502174 -0.137288 0.853799 51.570464
0.856981 0.212071 -0.469691 275.068506 -0.116412 0.967510 0.224440 -33.851195 0.502028 -0.137663 0.853825 51.573937
0.856767 0.212872 -0.469719 275.067768 -0.117329 0.967406 0.224412 -33.854600 0.502180 -0.137157 0.853817 51.574599
0.857014 0.211796 -0.469756 275.065585 -0.116146 0.967564 0.224344 -33.853896 0.502034 -0.137706 0.853815 51.573448
0.857165 0.211121 -0.469783 275.064097 -0.115402 0.967662 0.224305 -33.853379 0.501946 -0.138052 0.853810 51.572736
0.856790 0.212717 -0.469746 275.069911 -0.117177 0.967435 0.224364 -33.855221 0.502175 -0.137189 0.853815 51.576316
0.857212 0.211022 -0.469741 275.067118 -0.115290 0.967672 0.224320 -33.852219 0.501892 -0.138134 0.853829 51.574085
0.857427 0.210086 -0.469768 275.066328 -0.114232 0.967799 0.224314 -33.850075 0.501766 -0.138670 0.853816 51.573017
0.857253 0.210767 -0.469781 275.066720 -0.115016 0.967713 0.224283 -33.851501 0.501885 -0.138235 0.853816 51.573848
0.856799 0.212590 -0.469789 275.070710 -0.117047 0.967459 0.224328 -33.854808 0.502191 -0.137217 0.853801 51.576638
0.856997 0.211873 -0.469751 275.071443 -0.116216 0.967548 0.224375 -33.851395 0.502046 -0.137696 0.853809 51.575776
0.856655 0.213173 -0.469787 275.072241 -0.117681 0.967373 0.224368 -33.856042 0.502289 -0.136921 0.853791 51.577658
0.856468 0.213962 -0.469768 275.074956 -0.118553 0.967257 0.224408 -33.855873 0.502401 -0.136506 0.853791 51.579198
0.856601 0.213419 -0.469773 275.073382 -0.117964 0.967339 0.224364 -33.856711 0.502313 -0.136774 0.853800 51.578509
0.856575 0.213467 -0.469800 275.073706 -0.118047 0.967342 0.224307 -33.857075 0.502340 -0.136677 0.853800 51.578835
0.857003 0.211785 -0.469780 275.071209 -0.116154 0.967572 0.224304 -33.853701 0.502051 -0.137662 0.853812 51.576691
0.857426 0.210037 -0.469792 275.067649 -0.114227 0.967821 0.224219 -33.851465 0.501769 -0.138588 0.853827 51.574214
0.857482 0.209783 -0.469804 275.067964 -0.113889 0.967842 0.224303 -33.848945 0.501751 -0.138830 0.853799 51.573969
0.857863 0.208236 -0.469797 275.058207 -0.112196 0.968059 0.224217 -33.845120 0.501481 -0.139638 0.853826 51.567961
0.857808 0.208451 -0.469801 275.057528 -0.112448 0.968034 0.224200 -33.846166 0.501519 -0.139493 0.853827 51.567817
0.858092 0.207249 -0.469815 275.054792 -0.111105 0.968195 0.224173 -33.843208 0.501332 -0.140162 0.853827 51.565856
0.857834 0.208184 -0.469873 275.045622 -0.112196 0.968088 0.224091 -33.850062 0.501531 -0.139515 0.853816 51.562870
0.858159 0.206835 -0.469875 275.043570 -0.110704 0.968272 0.224041 -33.846611 0.501306 -0.140246 0.853828 51.560805
0.858224 0.206586 -0.469866 275.043684 -0.110441 0.968309 0.224012 -33.846689 0.501253 -0.140360 0.853841 51.560877
0.857978 0.207377 -0.469967 275.040190 -0.111415 0.968236 0.223842 -33.851971 0.501458 -0.139690 0.853830 51.560329
0.858041 0.207121 -0.469964 275.040141 -0.111107 0.968264 0.223876 -33.850001 0.501419 -0.139878 0.853823 51.559812
0.857898 0.207739 -0.469952 275.042951 -0.111773 0.968174 0.223933 -33.848450 0.501515 -0.139583 0.853814 51.560679
0.857987 0.207380 -0.469949 275.043669 -0.111338 0.968212 0.223985 -33.844827 0.501460 -0.139853 0.853803 51.560015
0.857964 0.207412 -0.469977 275.042802 -0.111424 0.968224 0.223891 -33.847007 0.501481 -0.139723 0.853812 51.560094
0.857554 0.209179 -0.469941 275.053524 -0.113386 0.967981 0.223957 -33.850924 0.501741 -0.138770 0.853814 51.566705
0.857094 0.211009 -0.469962 275.062749 -0.115428 0.967731 0.223992 -33.854650 0.502062 -0.137736 0.853793 51.572531
0.857244 0.210400 -0.469962 275.061186 -0.114731 0.967811 0.224006 -33.852467 0.501965 -0.138109 0.853790 51.571081
0.856942 0.211635 -0.469958 275.062698 -0.116102 0.967638 0.224047 -33.854804 0.502165 -0.137432 0.853781 51.572266
0.856856 0.211964 -0.469967 275.061576 -0.116446 0.967586 0.224091 -33.853787 0.502233 -0.137288 0.853765 51.571506
0.857028 0.211316 -0.469945 275.058724 -0.115746 0.967681 0.224046 -33.852158 0.502101 -0.137619 0.853789 51.569176
0.857253 0.210397 -0.469948 275.055140 -0.114735 0.967812 0.223999 -33.851774 0.501950 -0.138105 0.853799 51.567025
0.857262 0.210345 -0.469954 275.052802 -0.114681 0.967821 0.223989 -33.851985 0.501946 -0.138122 0.853799 51.565859
0.857397 0.209838 -0.469934 275.051608 -0.114111 0.967888 0.223992 -33.850048 0.501845 -0.138425 0.853809 51.564831
0.857647 0.208705 -0.469983 275.048019 -0.112875 0.968053 0.223902 -33.850040 0.501698 -0.138980 0.853806 51.562685
0.857951 0.207568 -0.469931 275.052779 -0.111562 0.968190 0.223970 -33.847458 0.501471 -0.139729 0.853816 51.564438
0.858147 0.206710 -0.469951 275.049999 -0.110637 0.968314 0.223890 -33.848547 0.501341 -0.140136 0.853826 51.563404
0.857867 0.207816 -0.469975 275.050046 -0.111894 0.968175 0.223867 -33.851116 0.501541 -0.139461 0.853819 51.564169
0.857452 0.209535 -0.469970 275.054791 -0.113815 0.967943 0.223901 -33.853219 0.501819 -0.138495 0.853813 51.567228
0.857581 0.208966 -0.469987 275.053562 -0.113189 0.968024 0.223869 -33.853033 0.501740 -0.138789 0.853812 51.566775
