0.999787 0.020633 -0.000480 1.919255 -0.020633 0.999787 0.000992 -0.049799 0.000501 -0.000982 0.999999 -0.006246
0.998837 0.048154 -0.002371 4.213953 -0.048147 0.998837 0.002724 -0.162267 0.002499 -0.002607 0.999993 -0.007848
0.997202 0.074690 -0.003186 6.125169 -0.074678 0.997201 0.003751 -0.309177 0.003458 -0.003503 0.999988 -0.011261
0.995650 0.093069 -0.004371 7.573983 -0.093055 0.995655 0.003384 -0.455921 0.004667 -0.002963 0.999985 -0.019802
0.993070 0.117495 -0.002629 9.500055 -0.117481 0.993063 0.004998 -0.692036 0.003198 -0.004655 0.999984 -0.023259
0.990692 0.136034 -0.004950 10.945832 -0.136009 0.990694 0.005165 -0.901585 0.005607 -0.004444 0.999974 -0.023335
0.987067 0.160229 -0.004998 12.801015 -0.160196 0.987064 0.006428 -1.212282 0.005963 -0.005545 0.999967 -0.022640
0.983581 0.180356 -0.006376 14.233719 -0.180316 0.983588 0.006423 -1.485632 0.007430 -0.005168 0.999959 -0.018180
0.978653 0.205377 -0.007662 16.050048 -0.205328 0.978670 0.006767 -1.878879 0.008889 -0.005049 0.999948 -0.009173
0.974286 0.225116 -0.009488 17.439244 -0.225059 0.974322 0.006755 -2.212840 0.010765 -0.004446 0.999932 -0.001843
0.967157 0.254006 -0.009372 19.567040 -0.253935 0.967187 0.008139 -2.780013 0.011132 -0.005492 0.999923 0.017810
0.960930 0.276657 -0.008631 21.310988 -0.276575 0.960944 0.009667 -3.291731 0.010969 -0.006903 0.999916 0.039911
0.955597 0.294456 -0.011358 22.610306 -0.294340 0.955639 0.010873 -3.701095 0.014056 -0.007047 0.999876 0.049700
0.949467 0.313664 -0.011306 24.302151 -0.313529 0.949500 0.012253 -4.272719 0.014578 -0.008089 0.999861 0.068731
0.942941 0.332762 -0.011466 25.988968 -0.332613 0.942972 0.013101 -4.880345 0.015172 -0.008540 0.999848 0.096919
0.936010 0.351756 -0.012385 27.268817 -0.351582 0.936049 0.014248 -5.367105 0.016605 -0.008981 0.999822 0.117281
0.928603 0.370843 -0.013094 28.556739 -0.370638 0.928645 0.015696 -5.890872 0.017981 -0.009722 0.999791 0.133104
0.918892 0.394226 -0.014957 30.183923 -0.393983 0.918964 0.016840 -6.598506 0.020384 -0.009581 0.999746 0.163148
0.908457 0.417654 -0.016449 32.122621 -0.417353 0.908548 0.018890 -7.502397 0.022834 -0.010296 0.999686 0.208131
0.899918 0.435794 -0.015189 33.680073 -0.435501 0.899983 0.019224 -8.267489 0.022048 -0.010685 0.999700 0.246053
0.890916 0.453883 -0.016090 35.221578 -0.453556 0.890996 0.020329 -9.065921 0.023563 -0.010814 0.999664 0.284575
0.883629 0.467890 -0.016670 36.362076 -0.467541 0.883721 0.021052 -9.680936 0.024582 -0.010809 0.999639 0.308139
0.875136 0.483544 -0.017976 37.791114 -0.483156 0.875255 0.022103 -10.486232 0.026421 -0.010658 0.999594 0.347929
0.868060 0.496105 -0.018730 38.870124 -0.495695 0.868200 0.022698 -11.116571 0.027522 -0.010419 0.999567 0.368747
0.861083 0.508024 -0.021167 39.918706 -0.507578 0.861294 0.023175 -11.747911 0.030004 -0.009212 0.999507 0.392246
0.851444 0.523988 -0.021904 41.198013 -0.523482 0.851668 0.025059 -12.541326 0.031786 -0.009870 0.999446 0.436236
0.843609 0.536477 -0.022725 42.172788 -0.535957 0.843864 0.025358 -13.174049 0.032781 -0.009213 0.999420 0.463113
0.832638 0.553275 -0.024510 43.283742 -0.552721 0.832959 0.026053 -13.925437 0.034830 -0.008145 0.999360 0.500380
0.822213 0.568606 -0.025579 44.339081 -0.568017 0.822575 0.026964 -14.667605 0.036372 -0.007641 0.999309 0.537207
0.814753 0.579203 -0.026473 45.201052 -0.578590 0.815152 0.027584 -15.297656 0.037556 -0.007157 0.999269 0.569369
0.803961 0.594015 -0.028176 46.355805 -0.593361 0.804430 0.028560 -16.175898 0.039630 -0.006243 0.999195 0.616004
0.795623 0.605042 -0.030124 47.290588 -0.604319 0.796173 0.030128 -16.902333 0.042213 -0.005766 0.999092 0.647744
0.789628 0.612815 -0.030735 48.021050 -0.612061 0.790206 0.030897 -17.484823 0.043221 -0.005586 0.999050 0.683859
0.783139 0.621002 -0.032414 48.702192 -0.620202 0.783794 0.031880 -18.043777 0.045204 -0.004863 0.998966 0.718704
0.774485 0.631709 -0.033421 49.510672 -0.630852 0.775192 0.033212 -18.719518 0.046888 -0.004638 0.998889 0.763250
0.766571 0.641220 -0.034733 50.243913 -0.640297 0.767345 0.034658 -19.350112 0.048876 -0.004328 0.998795 0.804197
0.760299 0.648621 -0.035147 50.778411 -0.647649 0.761098 0.035776 -19.820721 0.049955 -0.004437 0.998742 0.839609
0.753069 0.656978 -0.035607 51.425143 -0.655948 0.753896 0.037050 -20.400599 0.051185 -0.004545 0.998679 0.883433
0.745000 0.666083 -0.036184 52.130400 -0.665019 0.745866 0.037863 -21.046279 0.052208 -0.004144 0.998628 0.932325
0.739572 0.672041 -0.037320 52.534092 -0.670937 0.740505 0.038669 -21.428577 0.053623 -0.003559 0.998555 0.962483
0.733098 0.679126 -0.036815 53.025795 -0.677980 0.734010 0.039645 -21.895209 0.053947 -0.004104 0.998535 0.995683
0.726829 0.685866 -0.036150 53.509228 -0.684688 0.727713 0.040454 -22.355136 0.054053 -0.004651 0.998527 1.034101
0.718179 0.694834 -0.037735 54.073259 -0.693617 0.719161 0.041251 -22.924440 0.055800 -0.003452 0.998436 1.072172
0.711744 0.701463 -0.037023 54.409453 -0.700200 0.712694 0.042272 -23.260795 0.056038 -0.004163 0.998420 1.096803
0.699981 0.713147 -0.038057 55.003320 -0.711785 0.701004 0.044214 -23.870681 0.058209 -0.003860 0.998297 1.148448
0.689560 0.723224 -0.038119 55.492377 -0.721842 0.690605 0.044825 -24.401356 0.058744 -0.003394 0.998267 1.183532
0.680229 0.731955 -0.039136 55.861334 -0.730546 0.681350 0.045439 -24.815018 0.059925 -0.002318 0.998200 1.212383
0.670581 0.740795 -0.039293 56.258794 -0.739409 0.671730 0.045314 -25.274011 0.059963 -0.001334 0.998200 1.241591
0.660502 0.749805 -0.039097 56.677485 -0.748411 0.661658 0.045717 -25.768568 0.060148 -0.000935 0.998189 1.275567
0.648867 0.759816 -0.040640 57.226907 -0.758262 0.650138 0.048575 -26.433256 0.063330 -0.000703 0.997992 1.334179
0.637847 0.769100 -0.040452 57.796322 -0.767529 0.639129 0.049128 -27.138740 0.063639 -0.000288 0.997973 1.382005
0.623944 0.780298 -0.042772 58.460864 -0.778693 0.625405 0.050054 -28.022152 0.065807 0.002076 0.997830 1.422035
0.613414 0.788710 -0.040742 59.035627 -0.787044 0.614765 0.051243 -28.764565 0.065463 0.000632 0.997855 1.491967
0.605154 0.794991 -0.042161 59.459970 -0.793304 0.606617 0.051804 -29.343866 0.066759 0.002097 0.997767 1.534640
0.599202 0.799470 -0.042484 59.869603 -0.797735 0.600702 0.052694 -29.918712 0.067648 0.002316 0.997707 1.573199
0.591874 0.804930 -0.042106 60.392003 -0.803155 0.593366 0.053468 -30.642662 0.068022 0.002171 0.997681 1.633707
0.587905 0.807768 -0.043353 60.889263 -0.805904 0.589495 0.054909 -31.351313 0.069910 0.002657 0.997550 1.691471
0.586669 0.808660 -0.043454 61.254273 -0.806757 0.588271 0.055496 -31.863279 0.070441 0.002499 0.997513 1.731169
0.586774 0.808590 -0.043344 61.736266 -0.806673 0.588368 0.055693 -32.542031 0.070535 0.002285 0.997507 1.783916
0.587800 0.807826 -0.043691 62.205857 -0.805836 0.589418 0.056691 -33.191631 0.071548 0.001885 0.997435 1.840051
0.588651 0.807157 -0.044590 62.641427 -0.805135 0.590333 0.057145 -33.801700 0.072448 0.002262 0.997370 1.891854
0.591351 0.805146 -0.045207 63.057042 -0.803052 0.593073 0.058063 -34.381245 0.073560 0.001968 0.997289 1.942037
0.596552 0.801311 -0.045006 63.462919 -0.799175 0.598247 0.058490 -34.926149 0.073794 0.001075 0.997273 1.989366
0.606194 0.793941 -0.046763 63.943511 -0.791783 0.607993 0.058515 -35.564990 0.074889 0.001554 0.997191 2.043690
0.616542 0.785950 -0.046460 64.280616 -0.783758 0.618290 0.058662 -35.983553 0.074831 0.000246 0.997196 2.087326
0.637561 0.768945 -0.047331 64.830590 -0.766680 0.639314 0.058982 -36.635315 0.075613 -0.001317 0.997136 2.153687
0.652968 0.755861 -0.048036 65.180282 -0.753524 0.654727 0.059440 -37.024521 0.076379 -0.002616 0.997075 2.196304
0.666936 0.743543 -0.048371 65.483364 -0.741196 0.668679 0.059135 -37.350010 0.076314 -0.003587 0.997077 2.229990
0.674771 0.736451 -0.048198 65.532475 -0.734102 0.676476 0.058938 -37.380714 0.076010 -0.004388 0.997097 2.236716
0.683055 0.728784 -0.048056 65.591077 -0.726443 0.684724 0.058598 -37.423540 0.075610 -0.005116 0.997124 2.243756
0.689733 0.722464 -0.048099 65.651198 -0.720137 0.691386 0.058209 -37.480672 0.075309 -0.005511 0.997145 2.249411
0.696152 0.716253 -0.048530 65.699871 -0.713926 0.697818 0.057965 -37.541171 0.075383 -0.005705 0.997138 2.254859
0.700785 0.711721 -0.048514 65.716905 -0.709381 0.702434 0.058007 -37.575532 0.075363 -0.006235 0.997137 2.258127
0.703976 0.708551 -0.048716 65.740472 -0.706209 0.705631 0.057908 -37.593557 0.075407 -0.006362 0.997133 2.260896
0.705677 0.706859 -0.048678 65.750402 -0.704518 0.707324 0.057858 -37.604944 0.075328 -0.006535 0.997137 2.262232
0.706488 0.706051 -0.048654 65.759289 -0.703706 0.708130 0.057878 -37.601704 0.075319 -0.006652 0.997137 2.263010
0.707816 0.704692 -0.049045 65.737330 -0.702325 0.709482 0.058090 -37.576365 0.075732 -0.006671 0.997106 2.262027
0.706562 0.705980 -0.048601 65.728004 -0.703643 0.708201 0.057781 -37.562397 0.075211 -0.006628 0.997146 2.259448
0.705815 0.706715 -0.048778 65.728336 -0.704385 0.707470 0.057699 -37.573583 0.075286 -0.006366 0.997142 2.259705
0.705777 0.706762 -0.048650 65.716181 -0.704418 0.707421 0.057884 -37.576430 0.075326 -0.006584 0.997137 2.259759
0.705345 0.707187 -0.048729 65.716710 -0.704848 0.706997 0.057835 -37.574303 0.075351 -0.006447 0.997136 2.259944
0.705564 0.706963 -0.048811 65.707720 -0.704629 0.707222 0.057756 -37.579273 0.075352 -0.006357 0.997137 2.259296
0.705866 0.706664 -0.048782 65.708554 -0.704328 0.707520 0.057767 -37.576451 0.075336 -0.006418 0.997138 2.259440
0.706011 0.706518 -0.048791 65.704869 -0.704182 0.707666 0.057767 -37.573227 0.075341 -0.006427 0.997137 2.259070
0.706101 0.706432 -0.048727 65.707208 -0.704096 0.707751 0.057776 -37.575649 0.075302 -0.006488 0.997140 2.259579
0.706501 0.706023 -0.048876 65.700978 -0.703684 0.708160 0.057774 -37.566012 0.075402 -0.006424 0.997133 2.259021
0.706513 0.706009 -0.048890 65.693105 -0.703667 0.708173 0.057822 -37.566938 0.075446 -0.006450 0.997129 2.259263
0.705464 0.707052 -0.048969 65.689607 -0.704711 0.707133 0.057838 -37.567758 0.075522 -0.006293 0.997124 2.259621
0.706670 0.705847 -0.048975 65.688856 -0.703501 0.708335 0.057857 -37.562914 0.075529 -0.006432 0.997123 2.259198
0.706459 0.706055 -0.049012 65.686575 -0.703710 0.708129 0.057845 -37.564543 0.075548 -0.006375 0.997122 2.259444
0.708059 0.704455 -0.048955 65.695402 -0.702111 0.709719 0.057790 -37.570582 0.075455 -0.006547 0.997128 2.260325
0.707945 0.704568 -0.048963 65.703678 -0.702229 0.709606 0.057737 -37.580969 0.075424 -0.006492 0.997130 2.260939
0.709234 0.703265 -0.049052 65.703791 -0.700917 0.710897 0.057793 -37.579746 0.075515 -0.006607 0.997123 2.260989
0.708731 0.703773 -0.049031 65.701037 -0.701429 0.710395 0.057755 -37.583045 0.075478 -0.006541 0.997126 2.260798
0.709281 0.703219 -0.049022 65.701708 -0.700877 0.710942 0.057733 -37.587834 0.075451 -0.006591 0.997128 2.260864
0.710275 0.702215 -0.049023 65.706804 -0.699872 0.711934 0.057707 -37.591083 0.075424 -0.006678 0.997129 2.261428
0.710853 0.701623 -0.049128 65.702437 -0.699276 0.712517 0.057729 -37.591039 0.075508 -0.006683 0.997123 2.261387
0.711733 0.700730 -0.049132 65.701064 -0.698384 0.713395 0.057683 -37.589417 0.075471 -0.006742 0.997125 2.260784
0.713807 0.698624 -0.049020 65.710692 -0.696280 0.715455 0.057615 -37.594639 0.075323 -0.006994 0.997135 2.261645
0.713522 0.698916 -0.049020 65.718209 -0.696575 0.715171 0.057571 -37.603786 0.075295 -0.006932 0.997137 2.262210
0.714551 0.697852 -0.049191 65.712370 -0.695506 0.716208 0.057594 -37.609890 0.075423 -0.006941 0.997127 2.262861
0.716127 0.696237 -0.049155 65.722940 -0.693893 0.717777 0.057518 -37.613828 0.075328 -0.007081 0.997134 2.263836
0.718060 0.694247 -0.049097 65.740843 -0.691903 0.719699 0.057471 -37.622244 0.075234 -0.007297 0.997139 2.265313
0.720807 0.691402 -0.048988 65.768395 -0.689065 0.722431 0.057303 -37.635918 0.075010 -0.007548 0.997154 2.266870
0.724113 0.687935 -0.049039 65.808277 -0.685593 0.725730 0.057255 -37.669816 0.074977 -0.007838 0.997154 2.271356
0.725991 0.685959 -0.048955 65.828264 -0.683623 0.727596 0.057138 -37.688626 0.074814 -0.008015 0.997165 2.273124
0.727661 0.684176 -0.049115 65.850416 -0.681836 0.729272 0.057118 -37.716401 0.074897 -0.008074 0.997159 2.275797
0.729624 0.682080 -0.049139 65.855329 -0.679737 0.731231 0.057095 -37.715519 0.074875 -0.008256 0.997159 2.275880
0.729420 0.682297 -0.049171 65.852741 -0.679954 0.731030 0.057081 -37.716759 0.074892 -0.008202 0.997158 2.275563
0.730294 0.681352 -0.049297 65.848982 -0.679003 0.731910 0.057120 -37.715227 0.075000 -0.008242 0.997149 2.275772
0.730134 0.681533 -0.049163 65.844803 -0.679186 0.731740 0.057114 -37.705762 0.074900 -0.008310 0.997156 2.275019
0.731280 0.680299 -0.049222 65.850510 -0.677951 0.732887 0.057085 -37.708899 0.074909 -0.008375 0.997155 2.275421
0.731073 0.680521 -0.049223 65.843223 -0.678174 0.732681 0.057091 -37.711198 0.074917 -0.008356 0.997155 2.275143
0.731151 0.680435 -0.049257 65.847336 -0.678084 0.732761 0.057126 -37.708161 0.074964 -0.008368 0.997151 2.275402
0.731670 0.679879 -0.049235 65.848602 -0.677530 0.733276 0.057096 -37.712410 0.074922 -0.008417 0.997154 2.275548
0.732189 0.679315 -0.049293 65.845396 -0.676960 0.733798 0.057147 -37.706954 0.074992 -0.008473 0.997148 2.275569
0.732332 0.679166 -0.049234 65.848842 -0.676813 0.733936 0.057121 -37.704426 0.074929 -0.008509 0.997153 2.275462
0.733182 0.678240 -0.049338 65.849839 -0.675882 0.734790 0.057157 -37.710264 0.075019 -0.008560 0.997145 2.276145
0.734206 0.677124 -0.049447 65.845080 -0.674760 0.735819 0.057178 -37.708357 0.075101 -0.008616 0.997139 2.276786
0.737139 0.673938 -0.049332 65.862382 -0.671589 0.738736 0.056902 -37.728934 0.074792 -0.008814 0.997160 2.278467
0.743443 0.666958 -0.049590 65.895408 -0.664608 0.745039 0.056687 -37.764300 0.074754 -0.009186 0.997160 2.282732
0.750241 0.659300 -0.049617 65.927489 -0.656949 0.751817 0.056479 -37.797022 0.074540 -0.009777 0.997170 2.286883
0.768313 0.638027 -0.051151 66.251948 -0.635683 0.769946 0.055594 -38.062074 0.074855 -0.010198 0.997142 2.306479
0.780324 0.623307 -0.050819 66.293791 -0.620939 0.781889 0.055542 -38.124902 0.074355 -0.011785 0.997162 2.310778
0.807954 0.586955 -0.051899 66.785294 -0.584539 0.809496 0.055045 -38.444931 0.074321 -0.014137 0.997134 2.347605
0.826749 0.560123 -0.052421 66.848065 -0.557712 0.828263 0.054202 -38.500313 0.073779 -0.015576 0.997153 2.354504
0.854552 0.516596 -0.053569 67.414370 -0.514153 0.856040 0.053316 -38.849794 0.073400 -0.018018 0.997140 2.393021
0.875013 0.480853 -0.055977 67.905190 -0.478423 0.876608 0.051673 -39.127185 0.073917 -0.018434 0.997094 2.429417
0.898481 0.435132 -0.058251 68.656303 -0.432560 0.900113 0.051860 -39.488366 0.074998 -0.021399 0.996954 2.484908
0.918067 0.391964 -0.059306 69.518911 -0.389221 0.919631 0.052783 -39.836787 0.075229 -0.025376 0.996843 2.543120
0.933530 0.353426 -0.060102 70.610725 -0.350614 0.935044 0.052566 -40.258269 0.074776 -0.028000 0.996807 2.609197
0.940003 0.335638 -0.061163 71.436687 -0.332764 0.941541 0.052613 -40.548002 0.075246 -0.029103 0.996740 2.672262
0.947005 0.314307 -0.066272 73.199103 -0.309370 0.947970 0.075120 -41.115788 0.086434 -0.050636 0.994970 2.800063
0.950735 0.305629 -0.051906 74.603122 -0.300224 0.949466 0.091539 -41.545813 0.077260 -0.071446 0.994448 2.902667
0.951435 0.303238 -0.053089 75.624627 -0.297599 0.950105 0.093464 -41.861082 0.078782 -0.073125 0.994206 2.979545
0.950592 0.303101 -0.067122 77.117848 -0.294378 0.948729 0.115128 -42.323940 0.098576 -0.089680 0.991080 3.104375
0.951317 0.300814 -0.067130 78.394082 -0.292129 0.949465 0.114790 -42.721514 0.098268 -0.089591 0.991119 3.204882
0.951932 0.298303 -0.069573 79.464215 -0.289434 0.950328 0.114475 -43.054868 0.100266 -0.088835 0.990987 3.311675
0.955461 0.285686 -0.074013 80.768027 -0.276445 0.954195 0.114408 -43.445512 0.103308 -0.088852 0.990673 3.439490
0.961617 0.259052 -0.090468 82.429223 -0.248756 0.962180 0.111044 -43.905243 0.115813 -0.084277 0.989689 3.610881
0.969485 0.219497 -0.109176 83.791407 -0.209760 0.973225 0.093990 -44.254621 0.126883 -0.068222 0.989569 3.767703
0.977760 0.178754 -0.109691 84.913729 -0.171847 0.982665 0.069558 -44.484960 0.120224 -0.049161 0.991529 3.893165
0.986690 0.132630 -0.094087 86.080525 -0.127994 0.990319 0.053726 -44.659800 0.100301 -0.040969 0.994113 4.024869
0.992571 0.075884 -0.095105 87.540484 -0.071387 0.996203 0.049832 -44.804871 0.098525 -0.042672 0.994219 4.167499
0.995142 0.032636 -0.092885 88.753431 -0.028173 0.998403 0.048961 -44.878966 0.094335 -0.046106 0.994472 4.270148
0.995618 -0.019537 -0.091449 90.254673 0.023979 0.998572 0.047728 -44.860369 0.090386 -0.049712 0.994665 4.399332
0.993538 -0.065728 -0.092527 91.797423 0.070191 0.996480 0.045832 -44.786667 0.089189 -0.052031 0.994655 4.525826
0.990817 -0.098400 -0.092730 93.026592 0.102833 0.993712 0.044290 -44.690585 0.087789 -0.053419 0.994706 4.622724
0.987059 -0.129892 -0.094034 94.590544 0.134367 0.990002 0.042906 -44.510518 0.087521 -0.054986 0.994644 4.751767
0.983975 -0.150142 -0.096182 95.874586 0.154697 0.987080 0.041747 -44.305799 0.088671 -0.055957 0.994488 4.852135
0.979843 -0.171035 -0.103225 97.877043 0.176031 0.983516 0.041340 -43.957641 0.094453 -0.058678 0.993799 5.023097
0.977752 -0.180677 -0.106569 99.532435 0.185785 0.981774 0.040052 -43.636678 0.097390 -0.058960 0.993498 5.165844
0.979284 -0.182337 -0.088069 100.835101 0.186985 0.981203 0.047715 -43.360659 0.077713 -0.063195 0.994971 5.268627
0.978380 -0.185235 -0.091981 102.514369 0.190153 0.980587 0.047869 -43.027152 0.081329 -0.064325 0.994609 5.397521
0.977891 -0.185732 -0.096088 104.235796 0.190952 0.980413 0.048250 -42.696767 0.085244 -0.065531 0.994203 5.527988
0.978001 -0.184396 -0.097533 105.589404 0.189524 0.980791 0.046145 -42.432356 0.087151 -0.063614 0.994162 5.631607
0.978970 -0.177752 -0.100114 107.325426 0.183003 0.982040 0.045897 -42.111246 0.090157 -0.063253 0.993917 5.782240
0.984100 -0.139894 -0.109437 111.570333 0.145234 0.988488 0.042404 -41.452364 0.102246 -0.057623 0.993089 6.198171
0.985571 -0.125219 -0.113883 112.970997 0.130676 0.990546 0.041754 -41.276271 0.107578 -0.056033 0.992616 6.337304
0.987649 -0.109116 -0.112443 114.726686 0.114508 0.992506 0.042650 -41.061142 0.106946 -0.054998 0.992742 6.512453
0.988613 -0.096714 -0.115287 116.121841 0.102106 0.993895 0.041804 -40.918900 0.110540 -0.053100 0.992452 6.661592
0.989231 -0.081961 -0.121258 117.916356 0.087471 0.995330 0.040827 -40.765288 0.117345 -0.050993 0.991781 6.855806
0.990417 -0.070269 -0.118900 119.303331 0.075488 0.996346 0.039965 -40.687516 0.115657 -0.048557 0.992102 7.013706
0.991086 -0.052982 -0.122232 121.812951 0.058239 0.997507 0.039842 -40.530701 0.119817 -0.046606 0.991701 7.300428
0.991420 -0.043666 -0.123206 123.193435 0.048980 0.997981 0.040432 -40.455978 0.121192 -0.046120 0.991557 7.453082
0.991124 -0.033044 -0.128771 124.967329 0.038556 0.998433 0.040548 -40.386483 0.127230 -0.045153 0.990845 7.665123
0.991264 -0.025223 -0.129460 126.363724 0.030794 0.998676 0.041217 -40.357701 0.128249 -0.044844 0.990728 7.834728
0.991411 -0.009666 -0.130427 128.447886 0.015265 0.999001 0.042001 -40.319330 0.129891 -0.043631 0.990568 8.098836
0.990960 0.008210 -0.133905 130.102706 -0.002643 0.999127 0.041701 -40.330845 0.134130 -0.040970 0.990116 8.313394
0.990004 0.027959 -0.138239 132.046636 -0.022197 0.998826 0.043050 -40.356221 0.139280 -0.039551 0.989463 8.572296
0.988884 0.048295 -0.140631 134.189754 -0.042547 0.998143 0.043598 -40.439288 0.142475 -0.037130 0.989102 8.873770
0.989185 0.062517 -0.132682 135.585004 -0.056474 0.997209 0.048828 -40.500575 0.135364 -0.040807 0.989955 9.062263
0.988231 0.071189 -0.135394 136.680872 -0.065241 0.996720 0.047879 -40.583589 0.138358 -0.038482 0.989634 9.221995
0.986772 0.083656 -0.138864 137.958654 -0.077605 0.995807 0.048443 -40.703723 0.142334 -0.037025 0.989126 9.397580
0.985716 0.093881 -0.139821 139.169122 -0.088024 0.994984 0.047516 -40.818334 0.143581 -0.034529 0.989036 9.566548
0.984728 0.102246 -0.140916 140.326054 -0.096455 0.994210 0.047350 -40.937407 0.144941 -0.033034 0.988889 9.729915
0.983831 0.108824 -0.142247 141.231873 -0.102930 0.993521 0.048181 -41.039209 0.146569 -0.032761 0.988658 9.862926
0.982617 0.116771 -0.144319 142.299155 -0.110909 0.992669 0.048042 -41.167920 0.148871 -0.031201 0.988364 10.016064
0.981194 0.124894 -0.147175 143.323485 -0.118870 0.991696 0.049074 -41.299925 0.152082 -0.030657 0.987892 10.169585
0.979837 0.130876 -0.150965 144.337607 -0.124814 0.990970 0.048997 -41.429793 0.156014 -0.029166 0.987324 10.318430
0.979020 0.136134 -0.151614 145.137582 -0.130295 0.990320 0.047852 -41.555414 0.156661 -0.027094 0.987281 10.439369
0.978211 0.140294 -0.153037 145.919537 -0.134272 0.989730 0.049051 -41.673469 0.158346 -0.027434 0.987002 10.565150
0.976432 0.147832 -0.157244 147.096658 -0.141659 0.988660 0.049834 -41.831951 0.162828 -0.026384 0.986302 10.743337
0.974578 0.158397 -0.158453 148.273126 -0.152291 0.987068 0.050037 -42.037725 0.164330 -0.024634 0.986098 10.922312
0.972866 0.167795 -0.159303 149.102631 -0.161579 0.985526 0.051298 -42.172569 0.165604 -0.024167 0.985896 11.054483
0.970967 0.178418 -0.159345 150.136754 -0.172283 0.983693 0.051634 -42.338757 0.165959 -0.022682 0.985872 11.221822
0.968627 0.187345 -0.163291 150.919875 -0.181200 0.982077 0.051880 -42.501177 0.170084 -0.020664 0.985213 11.354769
0.966091 0.200553 -0.162622 152.048628 -0.194210 0.979463 0.054170 -42.720848 0.170146 -0.020751 0.985200 11.533843
0.963270 0.211627 -0.165304 153.159188 -0.205332 0.977175 0.054485 -42.944814 0.173061 -0.018542 0.984737 11.714555
0.962045 0.218686 -0.163237 153.919157 -0.212460 0.975627 0.054886 -43.095674 0.171261 -0.018122 0.985059 11.842316
0.960280 0.225458 -0.164412 154.857202 -0.219002 0.974080 0.056632 -43.300145 0.172918 -0.018376 0.984765 12.002287
0.957467 0.231962 -0.171610 155.759441 -0.225174 0.972574 0.058286 -43.472035 0.180424 -0.017164 0.983439 12.173523
0.954811 0.238270 -0.177662 156.683222 -0.231015 0.971050 0.060773 -43.709189 0.186999 -0.016984 0.982213 12.334629
0.952316 0.250894 -0.173627 157.784384 -0.243972 0.967895 0.060477 -43.984745 0.183226 -0.015233 0.982953 12.511791
0.953768 0.256971 -0.155860 158.556384 -0.251241 0.966317 0.055755 -44.193648 0.164938 -0.014019 0.986204 12.669537
0.953736 0.258957 -0.152737 159.477550 -0.253446 0.965793 0.054852 -44.442679 0.161717 -0.013604 0.986743 12.822071
0.957565 0.255414 -0.133536 160.259863 -0.251116 0.966747 0.048387 -44.656253 0.141455 -0.012800 0.989862 12.942556
0.958207 0.252343 -0.134770 161.054461 -0.248029 0.967554 0.048179 -44.849826 0.142555 -0.012739 0.989705 13.065630
0.959428 0.246035 -0.137714 162.096333 -0.241628 0.969175 0.048116 -45.121721 0.145307 -0.012888 0.989303 13.220131
0.958361 0.239752 -0.155120 163.154097 -0.232465 0.970510 0.063799 -45.364549 0.165842 -0.025082 0.985833 13.366859
0.959825 0.232204 -0.157536 164.047817 -0.224733 0.972320 0.063941 -45.582825 0.168022 -0.025969 0.985441 13.509401
0.961533 0.221711 -0.162168 165.329967 -0.213703 0.974701 0.065485 -45.875322 0.172584 -0.028310 0.984588 13.720161
0.962503 0.216172 -0.163884 166.502143 -0.208014 0.975922 0.065619 -46.116966 0.174123 -0.029068 0.984295 13.907174
0.963051 0.214519 -0.162833 167.679667 -0.206362 0.976270 0.065658 -46.368844 0.173054 -0.029629 0.984466 14.104586
0.962740 0.215220 -0.163741 168.696939 -0.206929 0.976106 0.066317 -46.589026 0.174102 -0.029963 0.984272 14.278865
0.961646 0.218273 -0.166116 169.670757 -0.209848 0.975442 0.066904 -46.801129 0.176640 -0.029479 0.983834 14.447740
0.959374 0.227082 -0.167434 171.116366 -0.218488 0.973445 0.068327 -47.137048 0.178504 -0.028969 0.983513 14.697730
0.956609 0.237584 -0.168678 172.298298 -0.229120 0.971001 0.068274 -47.442691 0.180008 -0.026664 0.983304 14.905740
0.953499 0.250420 -0.167716 173.488888 -0.241982 0.967801 0.069330 -47.759074 0.179678 -0.025522 0.983394 15.115015
0.950204 0.262298 -0.168265 174.508656 -0.253976 0.964703 0.069595 -48.040770 0.180580 -0.023394 0.983282 15.298300
0.945525 0.278369 -0.168798 175.911794 -0.270145 0.960247 0.070343 -48.458932 0.181669 -0.020911 0.983137 15.560783
0.941015 0.293280 -0.168753 177.048257 -0.285059 0.955832 0.071592 -48.805926 0.182296 -0.019265 0.983055 15.768553
0.937893 0.302514 -0.169829 177.969042 -0.294462 0.952995 0.071370 -49.104056 0.183437 -0.016929 0.982886 15.943663
0.936002 0.307475 -0.171344 178.852461 -0.299399 0.951423 0.071789 -49.410372 0.185094 -0.015894 0.982592 16.115539
0.934119 0.312631 -0.172286 179.880447 -0.304486 0.949751 0.072531 -49.748144 0.186305 -0.015294 0.982373 16.312914
0.933629 0.313439 -0.173473 180.836192 -0.305263 0.949492 0.072664 -50.079442 0.187487 -0.014887 0.982154 16.499922
0.932993 0.315089 -0.173905 181.721681 -0.306844 0.948945 0.073138 -50.386824 0.188072 -0.014875 0.982043 16.672867
0.932698 0.315614 -0.174534 182.335640 -0.307294 0.948770 0.073524 -50.592661 0.188798 -0.014943 0.981902 16.796835
0.932570 0.316065 -0.174405 183.090387 -0.307745 0.948620 0.073575 -50.845838 0.188698 -0.014941 0.981921 16.943796
0.932466 0.315372 -0.176203 183.912644 -0.306930 0.948851 0.074004 -51.132047 0.190529 -0.014925 0.981568 17.113003
0.933762 0.311527 -0.176178 184.404741 -0.303034 0.950109 0.073915 -51.284792 0.190415 -0.015631 0.981579 17.206194
0.936076 0.303769 -0.177444 185.219438 -0.295045 0.952590 0.074298 -51.545470 0.191601 -0.017194 0.981322 17.366197
0.938662 0.295370 -0.177963 185.720283 -0.286628 0.955212 0.073580 -51.692400 0.191725 -0.018058 0.981282 17.460449
0.943880 0.278298 -0.177878 186.425097 -0.269385 0.960267 0.072937 -51.917847 0.191108 -0.020926 0.981346 17.595968
0.950867 0.253509 -0.177720 187.201569 -0.244296 0.967001 0.072306 -52.115435 0.190186 -0.025337 0.981421 17.741446
0.957320 0.227451 -0.178340 187.805117 -0.218058 0.973359 0.070877 -52.242691 0.189710 -0.028963 0.981413 17.857214
0.965847 0.187479 -0.178863 188.697299 -0.177719 0.981641 0.069259 -52.405427 0.188564 -0.035106 0.981433 18.020694
0.976317 0.132776 -0.170807 189.841912 -0.123505 0.990288 0.063848 -52.577019 0.177625 -0.041240 0.983234 18.226174
0.980665 0.095766 -0.170661 190.658392 -0.086367 0.994351 0.061692 -52.671835 0.175605 -0.045760 0.983397 18.368466
0.983785 0.043959 -0.173881 191.711667 -0.034384 0.997742 0.057701 -52.713088 0.176024 -0.050786 0.983075 18.553720
0.984364 0.001867 -0.176134 192.571336 0.008134 0.998395 0.056043 -52.707851 0.175956 -0.056599 0.982770 18.696883
0.982743 -0.045146 -0.179381 193.676638 0.056059 0.996842 0.056237 -52.648734 0.176275 -0.065322 0.982171 18.877278
0.980409 -0.077498 -0.181087 194.830728 0.088689 0.994565 0.054533 -52.553929 0.175876 -0.069525 0.981954 19.061818
0.978749 -0.098160 -0.180042 196.216210 0.109219 0.992628 0.052552 -52.420272 0.173556 -0.071099 0.982254 19.289554
0.978000 -0.104311 -0.180650 197.194191 0.115487 0.991923 0.052463 -52.320388 0.173719 -0.072172 0.982147 19.452619
0.977782 -0.105310 -0.181250 198.368680 0.116531 0.991804 0.052391 -52.182434 0.174248 -0.072348 0.982041 19.646101
0.978042 -0.100792 -0.182415 199.355374 0.111979 0.992345 0.052077 -52.089052 0.175769 -0.071360 0.981842 19.810460
0.979478 -0.083679 -0.183362 200.545720 0.094969 0.994032 0.053671 -51.979929 0.177776 -0.069983 0.981579 20.011744
0.980819 -0.063813 -0.184177 201.521557 0.074790 0.995775 0.053275 -51.922481 0.180000 -0.066027 0.981448 20.179590
0.982219 -0.040187 -0.183385 202.712320 0.050883 0.997244 0.053995 -51.890566 0.180709 -0.062366 0.981557 20.380746
0.982650 -0.020354 -0.184348 203.712137 0.031169 0.997946 0.055963 -51.857951 0.182830 -0.060738 0.981267 20.560447
0.982828 -0.001501 -0.184515 204.683261 0.012064 0.998350 0.056137 -51.839391 0.184127 -0.057399 0.981225 20.733122
0.982444 0.023671 -0.185048 205.862621 -0.013324 0.998287 0.056964 -51.854632 0.186079 -0.053498 0.981077 20.947517
0.981496 0.046567 -0.185736 207.052368 -0.036349 0.997652 0.058050 -51.902738 0.188003 -0.050225 0.980884 21.164228
0.980585 0.063413 -0.185555 208.229584 -0.053393 0.996858 0.058517 -51.972505 0.188683 -0.047474 0.980890 21.377560
0.979925 0.074011 -0.185122 209.196459 -0.064092 0.996198 0.059008 -52.024778 0.188785 -0.045959 0.980942 21.556493
0.978499 0.087369 -0.186832 210.567744 -0.077361 0.995183 0.060215 -52.141536 0.191193 -0.044467 0.980545 21.816088
0.977153 0.099825 -0.187634 211.527060 -0.089697 0.994054 0.061733 -52.222654 0.192680 -0.043493 0.980297 21.999143
0.975603 0.115763 -0.186541 212.681000 -0.106142 0.992491 0.060795 -52.364345 0.192178 -0.039512 0.980564 22.218969
0.973028 0.133534 -0.188108 213.797095 -0.123755 0.990320 0.062859 -52.514488 0.194681 -0.037884 0.980135 22.435407
0.971185 0.146820 -0.187731 214.698919 -0.137213 0.988520 0.063253 -52.645949 0.194863 -0.035671 0.980182 22.613941
0.967688 0.167678 -0.188318 215.908234 -0.158375 0.985334 0.063518 -52.859148 0.196207 -0.031641 0.980052 22.851485
0.964806 0.183241 -0.188607 216.694102 -0.174049 0.982633 0.064340 -53.003528 0.197121 -0.029248 0.979943 23.008747
0.959691 0.208199 -0.188803 217.795162 -0.199298 0.977769 0.065181 -53.229286 0.198176 -0.024925 0.979849 23.230191
0.955311 0.227212 -0.189092 218.667197 -0.218547 0.973608 0.065763 -53.441281 0.199044 -0.021498 0.979755 23.407148
0.949950 0.249426 -0.188099 219.680388 -0.240833 0.968209 0.067608 -53.680754 0.198983 -0.018924 0.979820 23.615610
0.942657 0.276201 -0.187378 220.636880 -0.267789 0.960980 0.069324 -53.929690 0.199214 -0.015171 0.979839 23.815657
0.926172 0.327660 -0.186667 221.709147 -0.319674 0.944768 0.072265 -54.293446 0.200036 -0.007257 0.979762 24.044307
0.911204 0.367291 -0.186558 222.330028 -0.359947 0.930106 0.073083 -54.540589 0.200361 0.000558 0.979722 24.180608
0.891984 0.411984 -0.186102 222.955535 -0.405326 0.911145 0.074328 -54.835747 0.200188 0.009132 0.979715 24.316340
0.860576 0.475014 -0.183769 223.786200 -0.469213 0.879746 0.076717 -55.292660 0.198112 0.020206 0.979971 24.502450
0.810630 0.556132 -0.183293 224.676483 -0.551704 0.830273 0.079182 -55.907635 0.196219 0.036936 0.979864 24.721978
0.776577 0.602365 -0.184621 225.257031 -0.598614 0.796841 0.081894 -56.390614 0.196444 0.046920 0.979392 24.869958
0.724848 0.664187 -0.182896 225.894699 -0.661402 0.745204 0.084961 -57.016903 0.192725 0.059384 0.979454 25.031182
0.654873 0.733186 -0.183248 226.587365 -0.732011 0.675665 0.087389 -57.843887 0.187886 0.076911 0.979175 25.221230
0.581063 0.792993 -0.183104 227.178160 -0.793773 0.601868 0.087632 -58.745287 0.179696 0.094423 0.979180 25.399249
0.517837 0.836046 -0.181304 227.712288 -0.837866 0.538439 0.089804 -59.662768 0.172701 0.105405 0.979318 25.568916
0.468387 0.864608 -0.181841 228.112228 -0.867480 0.489080 0.090989 -60.496807 0.167605 0.115126 0.979109 25.715270
0.423600 0.887754 -0.180157 228.406479 -0.891426 0.443877 0.091283 -61.161602 0.161004 0.121929 0.979393 25.817807
0.376553 0.909089 -0.178226 228.786892 -0.913579 0.396297 0.091225 -62.106310 0.153563 0.128473 0.979752 25.966275
0.343719 0.922158 -0.177431 229.061564 -0.927187 0.363222 0.091618 -62.886761 0.148933 0.133021 0.979859 26.086148
0.314314 0.932764 -0.176519 229.314591 -0.938094 0.333691 0.092901 -63.687838 0.145558 0.136391 0.979903 26.200558
0.280430 0.943840 -0.174716 229.639835 -0.949550 0.299405 0.093335 -64.749561 0.140404 0.139727 0.980185 26.350650
0.244787 0.953989 -0.173158 229.931610 -0.960021 0.263489 0.094510 -65.872432 0.135787 0.143101 0.980349 26.500833
0.204531 0.963765 -0.171241 230.185384 -0.970176 0.222841 0.095393 -67.043316 0.130096 0.146624 0.980600 26.646168
0.165606 0.971606 -0.168987 230.363400 -0.978490 0.183255 0.094731 -68.042079 0.123009 0.149664 0.981055 26.765200
0.103130 0.980367 -0.168064 230.515572 -0.988116 0.120339 0.095631 -69.477469 0.113978 0.156204 0.981127 26.920298
0.059144 0.984250 -0.166595 230.543301 -0.992325 0.076123 0.097446 -70.458783 0.108592 0.159553 0.981199 27.016364
0.014500 0.985987 -0.166191 230.555337 -0.994535 0.031409 0.099570 -71.695175 0.103395 0.163839 0.981054 27.123818
-0.034836 0.985683 -0.164972 230.499427 -0.994605 -0.018054 0.102152 -73.153084 0.097711 0.167640 0.980994 27.243603
-0.063222 0.984398 -0.164208 230.407400 -0.993680 -0.046799 0.102026 -74.188221 0.092749 0.169621 0.981135 27.316424
-0.091998 0.982174 -0.163925 230.244165 -0.991948 -0.076006 0.101303 -75.740705 0.087038 0.171925 0.981258 27.432730
-0.106531 0.980717 -0.163846 230.088998 -0.990564 -0.090390 0.103016 -77.024428 0.086220 0.173275 0.981092 27.523501
-0.111136 0.980202 -0.163870 229.914166 -0.989929 -0.094637 0.105286 -78.323953 0.087694 0.173921 0.980847 27.609828
-0.109239 0.980323 -0.164418 229.718379 -0.989878 -0.092210 0.107879 -79.899516 0.090596 0.174538 0.980474 27.724717
-0.094986 0.981459 -0.166481 229.522105 -0.991337 -0.078019 0.105660 -81.508743 0.090712 0.175075 0.980367 27.838943
-0.081017 0.982813 -0.165878 229.399549 -0.992183 -0.063677 0.107320 -82.619881 0.094913 0.173276 0.980289 27.936197
-0.049833 0.980572 -0.189726 229.272353 -0.992163 -0.026808 0.122043 -84.280432 0.114586 0.194321 0.974222 28.098771
-0.005877 0.981685 -0.190420 229.237992 -0.992390 0.017696 0.121854 -85.627128 0.122991 0.189687 0.974111 28.236108
0.037796 0.980497 -0.192864 229.253510 -0.990436 0.062387 0.123066 -86.749786 0.132698 0.186368 0.973477 28.363330
0.106665 0.975306 -0.193392 229.404190 -0.983042 0.132623 0.126647 -88.437753 0.149168 0.176603 0.972913 28.596014
0.162044 0.967349 -0.194877 229.574912 -0.974049 0.188427 0.125391 -89.575650 0.158017 0.169501 0.972779 28.752990
0.235070 0.951263 -0.199603 229.931449 -0.959562 0.259841 0.108279 -91.245771 0.154867 0.166078 0.973876 29.024375
0.287616 0.935721 -0.204211 230.231288 -0.943044 0.313905 0.110146 -92.338003 0.167169 0.160900 0.972710 29.199216
0.358354 0.910808 -0.204966 230.808792 -0.916195 0.385277 0.110219 -93.939341 0.179357 0.148292 0.972543 29.483684
0.418427 0.883989 -0.208523 231.408752 -0.887696 0.446601 0.112000 -95.256941 0.192133 0.138242 0.971583 29.742493
0.474480 0.854772 -0.210320 232.261917 -0.856604 0.503378 0.113314 -96.850045 0.202728 0.126395 0.971044 30.091182
0.507466 0.834935 -0.212982 232.866067 -0.835764 0.537091 0.114158 -97.873667 0.209705 0.120071 0.970364 30.326665
0.551171 0.805784 -0.216616 233.862047 -0.805291 0.581675 0.114723 -99.418468 0.218442 0.111207 0.969493 30.710126
0.580227 0.784443 -0.219058 234.952433 -0.782670 0.611442 0.116476 -100.933574 0.225310 0.103868 0.968735 31.114987
0.594582 0.773107 -0.220858 235.876211 -0.770994 0.626152 0.116196 -102.181433 0.228123 0.101192 0.968360 31.454951
0.600329 0.768152 -0.222593 236.626873 -0.765758 0.632383 0.117072 -103.172020 0.230693 0.100171 0.967857 31.732703
0.603291 0.764799 -0.226102 238.231429 -0.762263 0.636326 0.118508 -105.253867 0.234509 0.100854 0.966868 32.334965
0.603538 0.764569 -0.226220 239.463967 -0.762277 0.636496 0.117504 -106.841516 0.233828 0.101524 0.966963 32.796441
0.603414 0.764465 -0.226901 240.477438 -0.762100 0.636599 0.118094 -108.149139 0.234724 0.101661 0.966731 33.182516
0.602833 0.764534 -0.228209 241.289913 -0.762235 0.636373 0.118437 -109.195833 0.235775 0.102551 0.966382 33.483146
0.601903 0.765131 -0.228664 242.100099 -0.762784 0.635614 0.118979 -110.245334 0.236376 0.102807 0.966207 33.792544
0.601455 0.765802 -0.227595 243.124274 -0.763494 0.634854 0.118479 -111.574566 0.235221 0.102508 0.966521 34.180365
0.599410 0.767082 -0.228677 243.941992 -0.764997 0.633065 0.118359 -112.625456 0.235559 0.103992 0.966280 34.493177
0.596557 0.769783 -0.227056 244.980837 -0.766915 0.630154 0.121440 -113.965568 0.236563 0.101687 0.966280 34.885639
0.592040 0.773089 -0.227642 246.008075 -0.769643 0.626155 0.124818 -115.319823 0.239035 0.101306 0.965712 35.284299
0.587487 0.776697 -0.227160 246.815110 -0.773026 0.621664 0.126352 -116.378442 0.239354 0.101370 0.965626 35.596540
0.582371 0.780381 -0.227706 247.825200 -0.777050 0.616679 0.126095 -117.748094 0.238823 0.103505 0.965531 36.000233
0.573797 0.785733 -0.231043 249.037534 -0.782302 0.609323 0.129338 -119.422474 0.242405 0.106531 0.964309 36.497563
0.565877 0.790718 -0.233557 249.830875 -0.786882 0.602522 0.133356 -120.528396 0.246170 0.108319 0.963155 36.822098
0.558428 0.796170 -0.232960 250.613247 -0.792662 0.594937 0.133183 -121.654378 0.244633 0.110286 0.963323 37.149121
0.550685 0.802927 -0.228154 251.805666 -0.803611 0.583895 0.115221 -123.433584 0.225732 0.119897 0.966783 37.660563
0.542176 0.807359 -0.232845 252.558329 -0.807503 0.577257 0.121302 -124.576483 0.232345 0.122256 0.964919 37.971208
