0.999991 0.003207 0.002632 3.144336 -0.003206 0.999995 -0.000523 -0.033684 -0.002634 0.000514 0.999996 -0.008166
0.999994 0.002258 0.002762 5.000859 -0.002269 0.999990 0.003944 -0.058326 -0.002753 -0.003950 0.999988 -0.012890
0.999984 0.002219 0.005172 6.827189 -0.002246 0.999984 0.005191 -0.078051 -0.005160 -0.005203 0.999973 -0.017630
0.999988 0.003113 0.003738 8.717490 -0.003138 0.999973 0.006705 -0.101719 -0.003717 -0.006717 0.999971 -0.022469
0.999997 0.001844 0.001383 10.580107 -0.001850 0.999989 0.004356 -0.115284 -0.001375 -0.004359 0.999990 -0.027437
0.999983 0.002014 0.005460 12.441304 -0.002045 0.999982 0.005601 -0.131254 -0.005448 -0.005612 0.999969 -0.032352
0.999991 0.001733 0.003888 14.314485 -0.001750 0.999988 0.004475 -0.146011 -0.003880 -0.004481 0.999982 -0.037325
0.999987 0.001513 0.004818 16.188738 -0.001529 0.999993 0.003277 -0.159789 -0.004813 -0.003284 0.999983 -0.042322
0.999986 0.001850 0.004973 18.060728 -0.001869 0.999991 0.003827 -0.175035 -0.004965 -0.003836 0.999980 -0.047282
0.999980 0.001002 0.006167 19.858673 -0.001022 0.999994 0.003247 -0.190131 -0.006164 -0.003253 0.999976 -0.052036
0.999981 0.001605 0.005920 21.905232 -0.001624 0.999994 0.003180 -0.207863 -0.005914 -0.003189 0.999977 -0.057437
0.999959 0.001233 0.009008 23.782365 -0.001260 0.999995 0.003011 -0.220951 -0.009004 -0.003022 0.999955 -0.062455
0.999988 0.004016 0.002730 25.688294 -0.004024 0.999988 0.002685 -0.242589 -0.002719 -0.002696 0.999993 -0.067380
0.999980 0.005073 0.003902 27.598654 -0.005081 0.999985 0.002093 -0.267135 -0.003891 -0.002113 0.999990 -0.072258
0.999964 0.005655 0.006262 29.504069 -0.005677 0.999977 0.003581 -0.290285 -0.006242 -0.003616 0.999974 -0.077151
0.999971 0.006726 0.003559 31.408463 -0.006737 0.999973 0.003081 -0.319218 -0.003539 -0.003105 0.999989 -0.081922
0.999798 0.007602 0.018595 33.340739 -0.007782 0.999924 0.009600 -0.344628 -0.018521 -0.009743 0.999781 -0.086844
0.998704 0.008457 0.050192 35.249994 -0.009248 0.999836 0.015547 -0.376103 -0.050052 -0.015991 0.998619 -0.091577
0.999601 0.011848 0.025633 37.209395 -0.012384 0.999705 0.020879 -0.413566 -0.025378 -0.021188 0.999453 -0.096329
0.999559 0.012307 0.027009 39.120090 -0.012806 0.999749 0.018369 -0.453527 -0.026776 -0.018707 0.999466 -0.100892
0.999618 0.012972 0.024390 41.054620 -0.013459 0.999711 0.019907 -0.494857 -0.024125 -0.020228 0.999504 -0.105495
0.999581 0.012666 0.026045 42.991829 -0.013204 0.999701 0.020571 -0.533809 -0.025777 -0.020906 0.999449 -0.110154
0.999569 0.011523 0.027000 44.998381 -0.012046 0.999741 0.019311 -0.572493 -0.026771 -0.019628 0.999449 -0.115014
0.999757 0.009849 0.019714 47.429789 -0.010131 0.999847 0.014294 -0.612931 -0.019570 -0.014490 0.999703 -0.121034
0.999688 0.007554 0.023795 49.460030 -0.007804 0.999915 0.010439 -0.636091 -0.023714 -0.010622 0.999662 -0.126278
0.999915 0.007707 0.010495 52.132419 -0.007780 0.999945 0.006977 -0.667045 -0.010440 -0.007058 0.999921 -0.133170
0.999315 0.009916 0.035660 54.115090 -0.010151 0.999928 0.006407 -0.697346 -0.035594 -0.006765 0.999343 -0.138134
0.999209 0.012109 0.037886 56.076981 -0.012437 0.999887 0.008427 -0.728805 -0.037780 -0.008892 0.999247 -0.143016
0.999363 0.013432 0.033077 57.903081 -0.013773 0.999854 0.010108 -0.765622 -0.032936 -0.010557 0.999402 -0.147406
0.999446 0.014896 0.029762 59.720627 -0.015278 0.999803 0.012652 -0.803362 -0.029568 -0.013099 0.999477 -0.151752
0.999400 0.014473 0.031472 61.520530 -0.014884 0.999807 0.012852 -0.838261 -0.031280 -0.013312 0.999422 -0.156107
0.999356 0.015345 0.032440 63.339741 -0.015795 0.999782 0.013668 -0.877329 -0.032224 -0.014171 0.999380 -0.160432
0.999368 0.014790 0.032312 65.434831 -0.015217 0.999799 0.013016 -0.919699 -0.032113 -0.013500 0.999393 -0.165465
0.999346 0.014821 0.032990 67.249547 -0.015309 0.999776 0.014601 -0.957827 -0.032766 -0.015096 0.999349 -0.169796
0.999434 0.015498 0.029871 69.083710 -0.015881 0.999794 0.012622 -1.003915 -0.029669 -0.013089 0.999474 -0.174019
0.999403 0.016806 0.030177 71.446069 -0.017214 0.999763 0.013308 -1.060746 -0.029947 -0.013820 0.999456 -0.179509
0.999447 0.016934 0.028629 73.174140 -0.017371 0.999735 0.015089 -1.101917 -0.028366 -0.015578 0.999476 -0.183534
0.999395 0.017325 0.030161 74.894202 -0.017838 0.999699 0.016818 -1.138893 -0.029860 -0.017346 0.999404 -0.187622
0.999349 0.018039 0.031245 76.539427 -0.018595 0.999672 0.017588 -1.179585 -0.030918 -0.018157 0.999357 -0.191423
0.999331 0.021016 0.029942 78.157262 -0.021479 0.999653 0.015219 -1.226300 -0.029612 -0.015852 0.999436 -0.195024
0.999379 0.023987 0.025813 79.754004 -0.024379 0.999591 0.014973 -1.272270 -0.025443 -0.015593 0.999555 -0.198580
0.999366 0.025913 0.024399 81.301402 -0.026279 0.999545 0.014802 -1.319140 -0.024004 -0.015434 0.999593 -0.201980
0.999271 0.027828 0.026147 82.842292 -0.028244 0.999478 0.015674 -1.367924 -0.025697 -0.016401 0.999535 -0.205321
0.999130 0.032058 0.026669 84.427066 -0.032457 0.999365 0.014679 -1.428619 -0.026182 -0.015532 0.999537 -0.208543
0.998931 0.037315 0.027267 85.930205 -0.037646 0.999222 0.011713 -1.489164 -0.026809 -0.012727 0.999560 -0.211538
0.998702 0.042773 0.027642 87.611812 -0.042984 0.999051 0.007068 -1.563383 -0.027313 -0.008247 0.999593 -0.214756
0.998371 0.049071 0.029094 89.097542 -0.049308 0.998756 0.007490 -1.642073 -0.028690 -0.008913 0.999549 -0.217331
0.997792 0.055581 0.036350 90.993323 -0.055881 0.998411 0.007285 -1.752398 -0.035887 -0.009300 0.999313 -0.220414
0.997212 0.063891 0.038557 92.403981 -0.064275 0.997894 0.008784 -1.844172 -0.037915 -0.011238 0.999218 -0.222510
0.996366 0.072939 0.043982 93.830806 -0.073385 0.997266 0.008621 -1.948673 -0.043233 -0.011817 0.998995 -0.224392
0.995427 0.081605 0.049655 95.181222 -0.082102 0.996591 0.008047 -2.062410 -0.048829 -0.012087 0.998734 -0.225869
0.994088 0.090432 0.060089 96.544007 -0.091184 0.995785 0.009882 -2.187564 -0.058942 -0.015303 0.998144 -0.227148
0.992476 0.101887 0.067903 97.852276 -0.102732 0.994668 0.009055 -2.321864 -0.066619 -0.015963 0.997651 -0.228086
0.990536 0.118714 0.068883 99.130608 -0.119836 0.992717 0.012375 -2.465599 -0.066912 -0.020513 0.997548 -0.228747
0.988920 0.131936 0.068044 100.336903 -0.132876 0.991088 0.009455 -2.626338 -0.066190 -0.018392 0.997637 -0.228858
0.988238 0.141614 0.057717 101.508498 -0.142624 0.989681 0.013753 -2.798472 -0.055174 -0.021823 0.998238 -0.228638
0.987526 0.152427 0.039488 102.845028 -0.152901 0.988198 0.009269 -3.009902 -0.037609 -0.015191 0.999177 -0.228078
0.986205 0.160746 0.039512 104.068045 -0.160842 0.986980 -0.000759 -3.214119 -0.039119 -0.005607 0.999219 -0.227347
0.985141 0.166333 0.042791 105.278493 -0.166444 0.986050 -0.000979 -3.427996 -0.042356 -0.006158 0.999084 -0.226383
0.984978 0.168672 0.036992 106.870197 -0.168600 0.985671 -0.005091 -3.715593 -0.037321 -0.001222 0.999303 -0.224985
0.984409 0.172029 0.036679 108.176755 -0.172165 0.985068 0.000559 -3.954967 -0.036035 -0.006865 0.999327 -0.223770
0.984248 0.173880 0.031977 109.500838 -0.174050 0.984734 0.002582 -4.196828 -0.031040 -0.008107 0.999485 -0.222553
0.983580 0.178712 0.025150 110.840727 -0.178893 0.983855 0.005110 -4.444846 -0.023830 -0.009525 0.999671 -0.221255
0.982733 0.184307 0.016320 112.564343 -0.184461 0.982804 0.008451 -4.774800 -0.014482 -0.011316 0.999831 -0.219363
0.981601 0.190646 0.010665 113.938829 -0.190801 0.981497 0.016109 -5.049558 -0.007396 -0.017847 0.999813 -0.217616
0.981034 0.193708 0.007096 115.361296 -0.193810 0.980857 0.018920 -5.346347 -0.003295 -0.019936 0.999796 -0.215553
0.979929 0.199152 0.008791 116.759194 -0.199294 0.979730 0.020299 -5.645740 -0.004571 -0.021644 0.999755 -0.213368
0.979715 0.200280 0.006842 118.187641 -0.200391 0.979387 0.025381 -5.941308 -0.001618 -0.026237 0.999654 -0.211348
0.979227 0.202655 0.006775 119.602864 -0.202760 0.978936 0.023933 -6.238881 -0.001782 -0.024810 0.999691 -0.209249
0.978255 0.207159 0.010096 121.007474 -0.207315 0.978104 0.018266 -6.545636 -0.006091 -0.019961 0.999782 -0.206932
0.977848 0.209250 0.005332 123.274822 -0.209314 0.977670 0.018696 -7.043990 -0.001300 -0.019398 0.999811 -0.203128
0.976978 0.213000 0.012016 124.765462 -0.213186 0.976860 0.017191 -7.374793 -0.008076 -0.019357 0.999780 -0.200562
0.976674 0.214300 0.013574 126.296776 -0.214490 0.976618 0.014532 -7.715474 -0.010142 -0.017105 0.999802 -0.197908
0.975657 0.218939 0.012614 127.819381 -0.219092 0.975625 0.012401 -8.069991 -0.009591 -0.014862 0.999844 -0.194948
0.975070 0.221718 0.008930 129.327957 -0.221834 0.974966 0.015205 -8.432317 -0.005335 -0.016806 0.999845 -0.191788
0.974857 0.222696 0.007725 130.869897 -0.222795 0.974735 0.015950 -8.792095 -0.003978 -0.017270 0.999843 -0.188774
0.974141 0.225797 0.008112 132.549686 -0.225902 0.974017 0.016118 -9.191099 -0.004262 -0.017534 0.999837 -0.185346
0.971985 0.234919 0.007694 134.146154 -0.235006 0.971897 0.013738 -9.587805 -0.004250 -0.015162 0.999876 -0.181730
0.968449 0.249212 0.000943 139.697198 -0.249210 0.968405 0.009268 -11.048900 0.001397 -0.009211 0.999957 -0.167489
0.968733 0.248106 -0.000711 141.947660 -0.248101 0.968726 0.003898 -11.645011 0.001655 -0.003600 0.999992 -0.161638
0.969177 0.246364 -0.001134 143.633233 -0.246366 0.969173 -0.002602 -12.094361 0.000458 0.002801 0.999996 -0.157197
0.969552 0.244886 -0.000506 145.342060 -0.244885 0.969533 -0.006102 -12.548288 -0.001004 0.006040 0.999981 -0.152728
0.970566 0.240835 -0.000543 147.412355 -0.240828 0.970517 -0.009941 -13.100162 -0.001867 0.009779 0.999950 -0.147274
0.971526 0.236895 -0.004269 149.153183 -0.236919 0.971506 -0.006706 -13.546737 0.002559 0.007527 0.999968 -0.143046
0.972217 0.234073 -0.001760 150.905063 -0.234080 0.972198 -0.006103 -13.999352 0.000283 0.006345 0.999980 -0.138725
0.972675 0.232120 -0.004772 152.605779 -0.232149 0.972658 -0.006623 -14.429268 0.003104 0.007550 0.999967 -0.134724
0.972807 0.231363 -0.010847 154.313367 -0.231451 0.972816 -0.007658 -14.866324 0.008780 0.009960 0.999912 -0.130596
0.973556 0.228161 -0.011458 156.527578 -0.228198 0.973613 -0.002000 -15.417387 0.010699 0.004562 0.999932 -0.125564
0.973687 0.227717 -0.008871 158.200697 -0.227733 0.973723 -0.000778 -15.828600 0.008461 0.002777 0.999960 -0.121868
0.973833 0.227216 -0.004703 160.398259 -0.227219 0.973844 -0.000147 -16.357120 0.004547 0.001212 0.999989 -0.117250
0.974085 0.226130 -0.004756 162.064428 -0.226128 0.974097 0.001087 -16.755025 0.004878 0.000017 0.999988 -0.113807
0.974228 0.225530 -0.003932 163.974794 -0.225528 0.974236 0.000813 -17.208807 0.004014 0.000094 0.999992 -0.109908
0.974199 0.225642 -0.004681 165.737232 -0.225653 0.974206 -0.001865 -17.642060 0.004140 0.002873 0.999987 -0.106013
0.974351 0.224995 -0.004219 167.452484 -0.225008 0.974353 -0.002891 -18.059897 0.003460 0.003766 0.999987 -0.102300
0.974561 0.224107 -0.002801 169.152210 -0.224110 0.974563 -0.000954 -18.474330 0.002516 0.001557 0.999996 -0.098613
0.974802 0.223070 -0.000031 170.886907 -0.223070 0.974802 0.000581 -18.889920 0.000160 -0.000560 1.000000 -0.095001
0.974957 0.222388 -0.001396 172.591074 -0.222380 0.974950 0.004352 -19.300081 0.002329 -0.003932 0.999990 -0.091414
0.975175 0.221437 -0.000374 174.322607 -0.221434 0.975169 0.003563 -19.713336 0.001154 -0.003392 0.999994 -0.087840
0.974960 0.222380 -0.000094 176.081064 -0.222379 0.974959 0.001210 -20.141789 0.000361 -0.001159 0.999999 -0.084032
0.975243 0.221135 -0.000457 177.819372 -0.221136 0.975243 -0.000691 -20.557682 0.000293 0.000775 1.000000 -0.080423
0.975555 0.219756 0.000400 179.554547 -0.219756 0.975555 -0.000701 -20.962534 -0.000544 0.000596 1.000000 -0.077032
0.975496 0.219972 0.004495 181.246257 -0.219982 0.975502 0.002014 -21.367395 -0.003942 -0.002953 0.999988 -0.073518
0.975699 0.219102 0.002346 182.940894 -0.219110 0.975694 0.003444 -21.766161 -0.001534 -0.003875 0.999991 -0.070137
0.975867 0.218367 -0.000769 184.628282 -0.218355 0.975840 0.007615 -22.165574 0.002413 -0.007264 0.999971 -0.066722
0.975995 0.217788 0.001198 186.320035 -0.217790 0.975947 0.009702 -22.562273 0.000944 -0.009730 0.999952 -0.063375
0.976138 0.217076 -0.005717 188.286960 -0.217002 0.976105 0.011370 -23.020594 0.008049 -0.009858 0.999919 -0.059543
0.975885 0.218258 0.003602 189.980702 -0.218265 0.975888 0.001867 -23.415967 -0.003108 -0.002609 0.999992 -0.056229
0.976195 0.216893 -0.000628 191.704942 -0.216894 0.976194 -0.001410 -23.817615 0.000307 0.001513 0.999999 -0.052872
0.976534 0.215309 -0.004764 193.775663 -0.215283 0.976537 0.005379 -24.298346 0.005810 -0.004227 0.999974 -0.048875
0.976794 0.214074 -0.006797 195.803676 -0.213967 0.976744 0.013745 -24.763647 0.009582 -0.011972 0.999882 -0.045072
0.976532 0.215315 -0.004909 197.947147 -0.215194 0.976399 0.018346 -25.255283 0.008743 -0.016859 0.999820 -0.041056
0.976615 0.214986 -0.001845 199.596519 -0.214911 0.976441 0.019396 -25.631414 0.005972 -0.018546 0.999810 -0.038010
0.976263 0.216572 0.002853 201.508010 -0.216585 0.976054 0.020261 -26.074116 0.001603 -0.020398 0.999791 -0.034341
0.976448 0.215731 0.003114 203.245186 -0.215749 0.976240 0.020191 -26.470463 0.001316 -0.020388 0.999791 -0.031130
0.976366 0.216117 0.001547 204.900944 -0.216102 0.976151 0.020700 -26.846537 0.002964 -0.020545 0.999785 -0.028103
0.976410 0.215922 0.000692 206.671986 -0.215889 0.976191 0.021069 -27.246002 0.003874 -0.020722 0.999778 -0.024923
0.976222 0.216762 -0.002343 208.353647 -0.216674 0.976039 0.019985 -27.635603 0.006619 -0.019002 0.999798 -0.021693
0.976048 0.217552 -0.001425 210.004107 -0.217488 0.975885 0.018654 -28.024130 0.005449 -0.017898 0.999825 -0.018396
0.976576 0.215167 -0.001224 211.710114 -0.215108 0.976413 0.018592 -28.421040 0.005195 -0.017893 0.999826 -0.015085
0.977230 0.212178 0.001090 213.363565 -0.212161 0.977055 0.018759 -28.793916 0.002915 -0.018563 0.999823 -0.012118
0.977896 0.209052 0.003995 215.062935 -0.209090 0.977732 0.017949 -29.171698 -0.000154 -0.018387 0.999831 -0.009179
0.978519 0.206124 0.003683 217.225268 -0.206156 0.978389 0.015934 -29.644283 -0.000319 -0.016351 0.999866 -0.005605
0.978979 0.203956 0.001437 218.842531 -0.203956 0.978876 0.014281 -29.997604 0.001507 -0.014274 0.999897 -0.002936
0.979233 0.202729 0.001858 220.405420 -0.202737 0.979166 0.011459 -30.338887 0.000504 -0.011598 0.999933 -0.000359
0.979943 0.199250 0.003291 221.987043 -0.199273 0.979896 0.009733 -30.680366 -0.001286 -0.010193 0.999947 0.002169
0.980679 0.195574 0.004450 223.554574 -0.195610 0.980633 0.009817 -31.014097 -0.002444 -0.010498 0.999942 0.004578
0.981377 0.192000 0.005993 225.358120 -0.192065 0.981290 0.013417 -31.388976 -0.003305 -0.014318 0.999892 0.007164
0.981722 0.190304 0.002302 226.934055 -0.190318 0.981635 0.013102 -31.712480 0.000233 -0.013300 0.999912 0.009341
0.982156 0.188066 -0.000813 228.899175 -0.188041 0.982082 0.012496 -32.112562 0.003148 -0.012120 0.999922 0.011987
0.982465 0.186447 -0.000685 230.457870 -0.186435 0.982432 0.008346 -32.421562 0.002229 -0.008072 0.999965 0.013916
0.982808 0.184623 0.001559 232.024214 -0.184629 0.982734 0.012090 -32.728185 0.000700 -0.012170 0.999926 0.015774
0.983142 0.182779 0.004950 233.597185 -0.182827 0.983068 0.012311 -33.035730 -0.002616 -0.013008 0.999912 0.017633
0.983206 0.182396 0.006219 235.169835 -0.182445 0.983179 0.008508 -33.343583 -0.004562 -0.009500 0.999944 0.019498
0.983393 0.181464 0.003153 236.756689 -0.181489 0.983315 0.012345 -33.651811 -0.000860 -0.012712 0.999919 0.021332
0.983745 0.179481 0.005677 238.324428 -0.179549 0.983623 0.015749 -33.957285 -0.002757 -0.016512 0.999860 0.023163
0.983557 0.180484 0.006481 239.890310 -0.180578 0.983366 0.019576 -34.260288 -0.002840 -0.020424 0.999787 0.024949
0.983537 0.180615 0.005763 241.473273 -0.180694 0.983340 0.019812 -34.565325 -0.002088 -0.020527 0.999787 0.026728
0.983382 0.181536 0.002230 243.068434 -0.181549 0.983264 0.015233 -34.866277 0.000573 -0.015384 0.999881 0.028389
0.982794 0.184701 0.001104 245.097107 -0.184700 0.982715 0.012509 -35.266107 0.001225 -0.012498 0.999921 0.030851
0.982665 0.185382 0.001834 247.347439 -0.185389 0.982557 0.014612 -35.704857 0.000907 -0.014699 0.999892 0.033485
0.982203 0.187813 0.002113 248.883971 -0.187820 0.982031 0.018385 -36.006501 0.001378 -0.018455 0.999829 0.035325
0.981276 0.192595 0.002143 250.413774 -0.192600 0.981077 0.019807 -36.320245 0.001712 -0.019849 0.999802 0.037432
0.980706 0.195481 0.001725 251.946080 -0.195478 0.980526 0.018883 -36.633499 0.002000 -0.018856 0.999820 0.039522
0.979828 0.199797 0.004194 253.419242 -0.199841 0.979624 0.020025 -36.941369 -0.000107 -0.020459 0.999791 0.041668
0.979287 0.202410 0.005297 254.903478 -0.202478 0.979053 0.021411 -37.253885 -0.000852 -0.022040 0.999757 0.043879
0.978659 0.205352 0.007528 256.384004 -0.205472 0.978396 0.022868 -37.574016 -0.002669 -0.023927 0.999710 0.046255
0.977955 0.208464 0.012134 257.830724 -0.208696 0.977713 0.022859 -37.891409 -0.007099 -0.024888 0.999665 0.048670
0.977291 0.211675 0.009774 259.191539 -0.211834 0.977100 0.020050 -38.200555 -0.005307 -0.021665 0.999751 0.051159
0.976921 0.213265 0.011952 260.548644 -0.213475 0.976733 0.020505 -38.509864 -0.007301 -0.022583 0.999718 0.053662
0.976544 0.214812 0.014732 261.886748 -0.215100 0.976344 0.022012 -38.816771 -0.009655 -0.024665 0.999649 0.056168
0.976356 0.215466 0.017401 263.279388 -0.215865 0.976084 0.025745 -39.135631 -0.011438 -0.028892 0.999517 0.058766
0.976511 0.214657 0.018691 264.499345 -0.215112 0.976209 0.027268 -39.412931 -0.012393 -0.030648 0.999453 0.061000
0.976086 0.216711 0.017095 265.711784 -0.217083 0.975853 0.024191 -39.696126 -0.011439 -0.027324 0.999561 0.063376
0.976270 0.216269 0.011170 266.891284 -0.216435 0.976152 0.016825 -39.966056 -0.007265 -0.018843 0.999796 0.065574
0.976023 0.217368 0.011423 268.030095 -0.217523 0.975944 0.014703 -40.233151 -0.007953 -0.016835 0.999827 0.067828
0.976048 0.217027 0.015160 269.097614 -0.217265 0.975974 0.016420 -40.485952 -0.011232 -0.019320 0.999750 0.069991
0.975871 0.217754 0.016059 270.435519 -0.218025 0.975784 0.017602 -40.798760 -0.011838 -0.020679 0.999716 0.072619
0.975450 0.219703 0.015130 271.411577 -0.220005 0.975239 0.022524 -41.033962 -0.009807 -0.025300 0.999632 0.074679
0.975335 0.220244 0.014614 272.641496 -0.220572 0.974997 0.027008 -41.325050 -0.008300 -0.029566 0.999528 0.077167
0.975067 0.221600 0.011724 273.488276 -0.221826 0.974791 0.023983 -41.526028 -0.006114 -0.025986 0.999644 0.078892
0.974696 0.223397 0.007828 276.543271 -0.223510 0.974506 0.019523 -42.260810 -0.003267 -0.020779 0.999779 0.085313
0.974568 0.224050 0.004344 277.499744 -0.224091 0.974443 0.015644 -42.494333 -0.000728 -0.016220 0.999868 0.087394
0.974449 0.224600 0.002167 278.172557 -0.224608 0.974336 0.014837 -42.660084 0.001221 -0.014944 0.999888 0.088888
0.974395 0.224841 -0.000560 278.833464 -0.224814 0.974311 0.013325 -42.820661 0.003542 -0.012858 0.999911 0.090310
0.974397 0.224832 -0.000709 279.447917 -0.224810 0.974338 0.011255 -42.971784 0.003221 -0.010808 0.999936 0.091670
0.974207 0.225654 -0.001029 280.024134 -0.225629 0.974149 0.011182 -43.114780 0.003526 -0.010661 0.999937 0.092971
0.974137 0.225947 -0.002257 280.552268 -0.225905 0.974076 0.011918 -43.243663 0.004891 -0.011100 0.999926 0.094119
0.974089 0.226160 -0.001367 281.036634 -0.226132 0.974035 0.010967 -43.366093 0.003812 -0.010373 0.999939 0.095258
0.974136 0.225955 -0.001701 281.576881 -0.225932 0.974102 0.008958 -43.499628 0.003681 -0.008342 0.999958 0.096467
0.974183 0.225760 0.000714 282.130899 -0.225757 0.974140 0.009203 -43.633630 0.001382 -0.009127 0.999957 0.097647
0.974278 0.225348 0.001198 282.475027 -0.225349 0.974228 0.009903 -43.717540 0.001064 -0.009918 0.999950 0.098393
0.974172 0.225792 0.002602 282.776539 -0.225806 0.974138 0.008137 -43.795218 -0.000698 -0.008515 0.999964 0.099132
0.974174 0.225783 0.002666 282.976286 -0.225798 0.974141 0.008018 -43.845966 -0.000786 -0.008413 0.999964 0.099607
0.974171 0.225804 0.002010 283.092314 -0.225813 0.974136 0.008220 -43.876000 -0.000102 -0.008462 0.999964 0.099895
0.974245 0.225481 0.002065 283.150186 -0.225491 0.974210 0.008277 -43.890747 -0.000145 -0.008530 0.999964 0.100033
0.974355 0.225013 -0.001070 283.171736 -0.224994 0.974319 0.008973 -43.897461 0.003062 -0.008502 0.999959 0.100110
0.974389 0.224857 -0.002461 283.163756 -0.224826 0.974356 0.009109 -43.897115 0.004447 -0.008323 0.999955 0.100125
0.974452 0.224581 -0.002415 283.155777 -0.224550 0.974418 0.009319 -43.896768 0.004446 -0.008539 0.999954 0.100141
0.974483 0.224450 -0.002303 283.153006 -0.224421 0.974449 0.009229 -43.897401 0.004316 -0.008477 0.999955 0.100161
0.974502 0.224371 -0.002005 283.152097 -0.224343 0.974466 0.009318 -43.898295 0.004045 -0.008630 0.999955 0.100182
0.974509 0.224339 -0.002269 283.151737 -0.224310 0.974475 0.009100 -43.899312 0.004252 -0.008359 0.999956 0.100204
0.974510 0.224330 -0.002316 283.151592 -0.224300 0.974475 0.009333 -43.900216 0.004351 -0.008576 0.999954 0.100223
0.974504 0.224358 -0.002380 283.151445 -0.224328 0.974470 0.009199 -43.900984 0.004383 -0.008431 0.999955 0.100239
0.974524 0.224272 -0.002444 283.151241 -0.224240 0.974489 0.009316 -43.901643 0.004471 -0.008531 0.999954 0.100253
0.974536 0.224217 -0.002530 283.151040 -0.224185 0.974501 0.009413 -43.902439 0.004576 -0.008606 0.999952 0.100270
0.974547 0.224167 -0.002597 283.150944 -0.224135 0.974513 0.009396 -43.903042 0.004637 -0.008575 0.999952 0.100283
0.974539 0.224204 -0.002649 283.150847 -0.224170 0.974505 0.009381 -43.903644 0.004684 -0.008548 0.999952 0.100295
0.974545 0.224177 -0.002661 283.150643 -0.224144 0.974510 0.009445 -43.904304 0.004711 -0.008608 0.999952 0.100309
0.974546 0.224171 -0.002739 283.150550 -0.224136 0.974512 0.009453 -43.905043 0.004788 -0.008598 0.999952 0.100325
0.974544 0.224179 -0.002826 283.150397 -0.224145 0.974511 0.009384 -43.905537 0.004858 -0.008511 0.999952 0.100335
0.974547 0.224163 -0.002965 283.150295 -0.224127 0.974515 0.009401 -43.905867 0.004997 -0.008497 0.999951 0.100342
0.974544 0.224176 -0.003026 283.150250 -0.224140 0.974512 0.009323 -43.906305 0.005039 -0.008408 0.999952 0.100351
0.974529 0.224240 -0.003062 283.150148 -0.224203 0.974498 0.009348 -43.906635 0.005080 -0.008423 0.999952 0.100358
0.974529 0.224241 -0.003130 283.150046 -0.224203 0.974497 0.009354 -43.906964 0.005148 -0.008414 0.999951 0.100365
0.974532 0.224225 -0.003196 283.149997 -0.224187 0.974501 0.009350 -43.907266 0.005211 -0.008396 0.999951 0.100372
0.974535 0.224212 -0.003151 283.149949 -0.224174 0.974503 0.009459 -43.907567 0.005192 -0.008512 0.999950 0.100378
0.974550 0.224147 -0.003256 283.149847 -0.224108 0.974519 0.009438 -43.907897 0.005288 -0.008468 0.999950 0.100385
0.974545 0.224167 -0.003248 283.149796 -0.224128 0.974514 0.009436 -43.908062 0.005280 -0.008467 0.999950 0.100388
0.974542 0.224181 -0.003249 283.149745 -0.224142 0.974511 0.009449 -43.908227 0.005285 -0.008480 0.999950 0.100392
0.974555 0.224127 -0.003262 283.149751 -0.224088 0.974523 0.009489 -43.908499 0.005305 -0.008516 0.999950 0.100398
0.974542 0.224180 -0.003319 283.149700 -0.224140 0.974510 0.009517 -43.908664 0.005368 -0.008531 0.999949 0.100401
0.974548 0.224154 -0.003285 283.149649 -0.224114 0.974517 0.009507 -43.908829 0.005332 -0.008529 0.999949 0.100405
0.974538 0.224196 -0.003315 283.149598 -0.224156 0.974507 0.009536 -43.908994 0.005369 -0.008550 0.999949 0.100408
0.974538 0.224196 -0.003349 283.149544 -0.224156 0.974506 0.009558 -43.909023 0.005406 -0.008564 0.999949 0.100409
0.974543 0.224177 -0.003313 283.149493 -0.224137 0.974511 0.009506 -43.909187 0.005360 -0.008521 0.999949 0.100412
0.974557 0.224115 -0.003295 283.149496 -0.224075 0.974525 0.009559 -43.909324 0.005353 -0.008577 0.999949 0.100415
0.974557 0.224115 -0.003326 283.149445 -0.224076 0.974526 0.009492 -43.909489 0.005369 -0.008505 0.999949 0.100419
0.974565 0.224078 -0.003394 283.149448 -0.224037 0.974533 0.009638 -43.909625 0.005468 -0.008632 0.999948 0.100421
0.974564 0.224082 -0.003424 283.149451 -0.224041 0.974531 0.009713 -43.909762 0.005514 -0.008699 0.999947 0.100424
0.974569 0.224062 -0.003521 283.149397 -0.224019 0.974537 0.009660 -43.909790 0.005596 -0.008625 0.999947 0.100425
0.974565 0.224077 -0.003524 283.149400 -0.224035 0.974533 0.009666 -43.909926 0.005600 -0.008631 0.999947 0.100428
0.974559 0.224103 -0.003558 283.149346 -0.224060 0.974528 0.009628 -43.909955 0.005625 -0.008586 0.999947 0.100428
0.974547 0.224152 -0.003612 283.149349 -0.224109 0.974516 0.009677 -43.910091 0.005689 -0.008622 0.999947 0.100431
0.974558 0.224105 -0.003645 283.149295 -0.224062 0.974528 0.009601 -43.910120 0.005704 -0.008540 0.999947 0.100432
0.974565 0.224075 -0.003746 283.149298 -0.224031 0.974534 0.009643 -43.910256 0.005811 -0.008559 0.999946 0.100435
0.974575 0.224032 -0.003733 283.149298 -0.223988 0.974544 0.009683 -43.910256 0.005807 -0.008601 0.999946 0.100435
0.974552 0.224128 -0.003796 283.149244 -0.224083 0.974522 0.009648 -43.910285 0.005862 -0.008552 0.999946 0.100435
0.974562 0.224085 -0.003794 283.149301 -0.224041 0.974531 0.009713 -43.910393 0.005874 -0.008616 0.999946 0.100438
0.974566 0.224066 -0.003825 283.149247 -0.224021 0.974535 0.009780 -43.910421 0.005919 -0.008674 0.999945 0.100438
0.974567 0.224061 -0.003889 283.149247 -0.224016 0.974537 0.009744 -43.910421 0.005973 -0.008625 0.999945 0.100438
0.974560 0.224093 -0.003822 283.149193 -0.224048 0.974529 0.009790 -43.910449 0.005919 -0.008684 0.999945 0.100439
0.974563 0.224079 -0.003940 283.149250 -0.224032 0.974532 0.009891 -43.910557 0.006056 -0.008757 0.999943 0.100441
0.974571 0.224046 -0.003968 283.149196 -0.223997 0.974538 0.010052 -43.910586 0.006120 -0.008908 0.999942 0.100442
0.974569 0.224052 -0.004074 283.149196 -0.224002 0.974536 0.010104 -43.910586 0.006234 -0.008935 0.999941 0.100442
0.974563 0.224076 -0.004074 283.149196 -0.224027 0.974531 0.010082 -43.910586 0.006229 -0.008912 0.999941 0.100442
0.974570 0.224047 -0.004041 283.149196 -0.223998 0.974537 0.010081 -43.910586 0.006197 -0.008919 0.999941 0.100442
0.974561 0.224084 -0.004020 283.149199 -0.224035 0.974528 0.010135 -43.910722 0.006189 -0.008976 0.999941 0.100445
0.974567 0.224060 -0.004067 283.149199 -0.224010 0.974534 0.010110 -43.910722 0.006229 -0.008941 0.999941 0.100445
0.974543 0.224163 -0.004112 283.149199 -0.224113 0.974510 0.010133 -43.910722 0.006278 -0.008954 0.999940 0.100445
0.974553 0.224121 -0.004117 283.149199 -0.224072 0.974521 0.010057 -43.910722 0.006267 -0.008879 0.999941 0.100445
0.974558 0.224096 -0.004175 283.149145 -0.224045 0.974527 0.010070 -43.910751 0.006325 -0.008879 0.999941 0.100445
0.974568 0.224055 -0.004105 283.149145 -0.224005 0.974535 0.010137 -43.910751 0.006272 -0.008960 0.999940 0.100445
0.974557 0.224100 -0.004116 283.149145 -0.224050 0.974525 0.010133 -43.910751 0.006282 -0.008953 0.999940 0.100445
0.974560 0.224090 -0.004124 283.149202 -0.224040 0.974527 0.010129 -43.910859 0.006289 -0.008947 0.999940 0.100447
0.974558 0.224099 -0.004117 283.149202 -0.224049 0.974525 0.010130 -43.910859 0.006282 -0.008950 0.999940 0.100447
0.974559 0.224093 -0.004106 283.149148 -0.224043 0.974527 0.010142 -43.910887 0.006274 -0.008964 0.999940 0.100448
0.974550 0.224135 -0.004078 283.149148 -0.224085 0.974517 0.010160 -43.910887 0.006252 -0.008988 0.999940 0.100448
0.974549 0.224136 -0.004070 283.149148 -0.224087 0.974518 0.010019 -43.910887 0.006212 -0.008852 0.999942 0.100448
0.974546 0.224150 -0.004112 283.149148 -0.224101 0.974515 0.009964 -43.910887 0.006241 -0.008788 0.999942 0.100448
