0.999810 0.019515 0.000000 1.837727 -0.019515 0.999810 0.000000 -0.037901 0.000000 0.000000 1.000000 0.000000
0.999091 0.042622 0.000000 4.128243 -0.042622 0.999091 0.000000 -0.116518 0.000000 0.000000 1.000000 0.000000
0.998043 0.062525 0.000000 5.790274 -0.062525 0.998043 0.000000 -0.185719 0.000000 0.000000 1.000000 0.000000
0.996572 0.082731 0.000000 7.466514 -0.082731 0.996572 0.000000 -0.314162 0.000000 0.000000 1.000000 0.000000
0.993820 0.111005 0.000000 9.332113 -0.111005 0.993820 0.000000 -0.495273 0.000000 0.000000 1.000000 0.000000
0.991713 0.128470 0.000000 11.014470 -0.128470 0.991713 0.000000 -0.703521 0.000000 0.000000 1.000000 0.000000
0.988865 0.148817 0.000000 12.634581 -0.148817 0.988865 0.000000 -0.940921 0.000000 0.000000 1.000000 0.000000
0.984732 0.174077 0.000000 14.452551 -0.174077 0.984732 0.000000 -1.247537 0.000000 0.000000 1.000000 0.000000
0.980179 0.198115 0.000000 16.141745 -0.198115 0.980179 0.000000 -1.576005 0.000000 0.000000 1.000000 0.000000
0.975854 0.218425 0.000000 17.748060 -0.218425 0.975854 0.000000 -1.914470 0.000000 0.000000 1.000000 0.000000
0.972477 0.233001 0.000000 19.821388 -0.233001 0.972477 0.000000 -2.401274 0.000000 0.000000 1.000000 0.000000
0.968061 0.250716 0.000000 21.509984 -0.250716 0.968061 0.000000 -2.826740 0.000000 0.000000 1.000000 0.000000
0.963142 0.268995 0.000000 22.993957 -0.268995 0.963142 0.000000 -3.229124 0.000000 0.000000 1.000000 0.000000
0.957710 0.287734 0.000000 24.661088 -0.287734 0.957710 0.000000 -3.724899 0.000000 0.000000 1.000000 0.000000
0.953402 0.301701 0.000000 26.177285 -0.301701 0.953402 0.000000 -4.235507 0.000000 0.000000 1.000000 0.000000
0.948242 0.317550 0.000000 27.666459 -0.317550 0.948242 0.000000 -4.751650 0.000000 0.000000 1.000000 0.000000
0.942345 0.334642 0.000000 29.124311 -0.334642 0.942345 0.000000 -5.265548 0.000000 0.000000 1.000000 0.000000
0.934990 0.354673 0.000000 30.595060 -0.354673 0.934990 0.000000 -5.820839 0.000000 0.000000 1.000000 0.000000
0.926227 0.376965 0.000000 32.446286 -0.376965 0.926227 0.000000 -6.560405 0.000000 0.000000 1.000000 0.000000
0.914766 0.403985 0.000000 34.259252 -0.403985 0.914766 0.000000 -7.338409 0.000000 0.000000 1.000000 0.000000
0.906537 0.422126 0.000000 35.679772 -0.422126 0.906537 0.000000 -7.991943 0.000000 0.000000 1.000000 0.000000
0.902481 0.430731 0.000000 37.073098 -0.430731 0.902481 0.000000 -8.650443 0.000000 0.000000 1.000000 0.000000
0.898361 0.439258 0.000000 38.408324 -0.439258 0.898361 0.000000 -9.297126 0.000000 0.000000 1.000000 0.000000
0.895346 0.445371 0.000000 39.679630 -0.445371 0.895346 0.000000 -9.954048 0.000000 0.000000 1.000000 0.000000
0.892051 0.451934 0.000000 40.905884 -0.451934 0.892051 0.000000 -10.586568 0.000000 0.000000 1.000000 0.000000
0.884258 0.466999 0.000000 42.089434 -0.466999 0.884258 0.000000 -11.193850 0.000000 0.000000 1.000000 0.000000
0.876969 0.480547 0.000000 43.219495 -0.480547 0.876969 0.000000 -11.808703 0.000000 0.000000 1.000000 0.000000
0.862905 0.505366 0.000000 44.510350 -0.505366 0.862905 0.000000 -12.575268 0.000000 0.000000 1.000000 0.000000
0.853098 0.521750 0.000000 45.555542 -0.521750 0.853098 0.000000 -13.212447 0.000000 0.000000 1.000000 0.000000
0.844912 0.534906 0.000000 46.548686 -0.534906 0.844912 0.000000 -13.844285 0.000000 0.000000 1.000000 0.000000
0.838805 0.544432 0.000000 47.797585 -0.544432 0.838805 0.000000 -14.684063 0.000000 0.000000 1.000000 0.000000
0.836954 0.547273 0.000000 48.648165 -0.547273 0.836954 0.000000 -15.246266 0.000000 0.000000 1.000000 0.000000
0.834395 0.551167 0.000000 49.470990 -0.551167 0.834395 0.000000 -15.802263 0.000000 0.000000 1.000000 0.000000
0.833503 0.552514 0.000000 50.234207 -0.552514 0.833503 0.000000 -16.324750 0.000000 0.000000 1.000000 0.000000
0.826385 0.563106 0.000000 51.090204 -0.563106 0.826385 0.000000 -16.894403 0.000000 0.000000 1.000000 0.000000
0.817773 0.575541 0.000000 51.828599 -0.575541 0.817773 0.000000 -17.380475 0.000000 0.000000 1.000000 0.000000
0.810490 0.585752 0.000000 52.495496 -0.585752 0.810490 0.000000 -17.857372 0.000000 0.000000 1.000000 0.000000
0.810510 0.585725 0.000000 53.108805 -0.585725 0.810510 0.000000 -18.331496 0.000000 0.000000 1.000000 0.000000
0.801624 0.597828 0.000000 53.857955 -0.597828 0.801624 0.000000 -18.879239 0.000000 0.000000 1.000000 0.000000
0.799992 0.600011 0.000000 54.345817 -0.600011 0.799992 0.000000 -19.272112 0.000000 0.000000 1.000000 0.000000
0.796954 0.604040 0.000000 54.830271 -0.604040 0.796954 0.000000 -19.650636 0.000000 0.000000 1.000000 0.000000
0.790598 0.612336 0.000000 55.440019 -0.612336 0.790598 0.000000 -20.116083 0.000000 0.000000 1.000000 0.000000
0.785091 0.619381 0.000000 56.000400 -0.619381 0.785091 0.000000 -20.543635 0.000000 0.000000 1.000000 0.000000
0.782040 0.623228 0.000000 56.467395 -0.623228 0.782040 0.000000 -20.916358 0.000000 0.000000 1.000000 0.000000
0.775310 0.631580 0.000000 57.100014 -0.631580 0.775310 0.000000 -21.436030 0.000000 0.000000 1.000000 0.000000
0.768907 0.639360 0.000000 57.588219 -0.639360 0.768907 0.000000 -21.838620 0.000000 0.000000 1.000000 0.000000
0.763586 0.645706 0.000000 58.078123 -0.645706 0.763586 0.000000 -22.263569 0.000000 0.000000 1.000000 0.000000
0.752143 0.659000 0.000000 58.596208 -0.659000 0.752143 0.000000 -22.697169 0.000000 0.000000 1.000000 0.000000
0.745290 0.666741 0.000000 59.123863 -0.666741 0.745290 0.000000 -23.171926 0.000000 0.000000 1.000000 0.000000
0.733438 0.679757 0.000000 59.771351 -0.679757 0.733438 0.000000 -23.756769 0.000000 0.000000 1.000000 0.000000
0.728023 0.685553 0.000000 60.325714 -0.685553 0.728023 0.000000 -24.288725 0.000000 0.000000 1.000000 0.000000
0.720277 0.693686 0.000000 61.069953 -0.693686 0.720277 0.000000 -25.036643 0.000000 0.000000 1.000000 0.000000
0.710817 0.703377 0.000000 61.728403 -0.703377 0.710817 0.000000 -25.670023 0.000000 0.000000 1.000000 0.000000
0.700389 0.713762 0.000000 62.274012 -0.713762 0.700389 0.000000 -26.219089 0.000000 0.000000 1.000000 0.000000
0.694401 0.719589 0.000000 62.797181 -0.719589 0.694401 0.000000 -26.773656 0.000000 0.000000 1.000000 0.000000
0.689922 0.723883 0.000000 63.311007 -0.723883 0.689922 0.000000 -27.322692 0.000000 0.000000 1.000000 0.000000
0.689594 0.724196 0.000000 63.897873 -0.724196 0.689594 0.000000 -27.968962 0.000000 0.000000 1.000000 0.000000
0.688242 0.725481 0.000000 64.400153 -0.725481 0.688242 0.000000 -28.528531 0.000000 0.000000 1.000000 0.000000
0.694040 0.719936 0.000000 64.899312 -0.719936 0.694040 0.000000 -29.064179 0.000000 0.000000 1.000000 0.000000
0.695535 0.718492 0.000000 65.520670 -0.718492 0.695535 0.000000 -29.737885 0.000000 0.000000 1.000000 0.000000
0.701055 0.713107 0.000000 65.970720 -0.713107 0.701055 0.000000 -30.222937 0.000000 0.000000 1.000000 0.000000
0.703318 0.710875 0.000000 66.529606 -0.710875 0.703318 0.000000 -30.792582 0.000000 0.000000 1.000000 0.000000
0.707359 0.706855 0.000000 66.960658 -0.706855 0.707359 0.000000 -31.247220 0.000000 0.000000 1.000000 0.000000
0.717186 0.696882 0.000000 67.518536 -0.696882 0.717186 0.000000 -31.822448 0.000000 0.000000 1.000000 0.000000
0.729077 0.684432 0.000000 67.988542 -0.684432 0.729077 0.000000 -32.284243 0.000000 0.000000 1.000000 0.000000
0.742403 0.669954 0.000000 68.567700 -0.669954 0.742403 0.000000 -32.811948 0.000000 0.000000 1.000000 0.000000
0.758802 0.651321 0.000000 68.984210 -0.651321 0.758802 0.000000 -33.195806 0.000000 0.000000 1.000000 0.000000
0.773134 0.634243 0.000000 69.423051 -0.634243 0.773134 0.000000 -33.571875 0.000000 0.000000 1.000000 0.000000
0.784328 0.620347 0.000000 69.687155 -0.620347 0.784328 0.000000 -33.786806 0.000000 0.000000 1.000000 0.000000
0.797630 0.603146 0.000000 70.005746 -0.603146 0.797630 0.000000 -34.035104 0.000000 0.000000 1.000000 0.000000
0.804253 0.594287 0.000000 70.197773 -0.594287 0.804253 0.000000 -34.178715 0.000000 0.000000 1.000000 0.000000
0.811013 0.585029 0.000000 70.345933 -0.585029 0.811013 0.000000 -34.289106 0.000000 0.000000 1.000000 0.000000
0.814247 0.580518 0.000000 70.477756 -0.580518 0.814247 0.000000 -34.369842 0.000000 0.000000 1.000000 0.000000
0.816661 0.577117 0.000000 70.550961 -0.577117 0.816661 0.000000 -34.414233 0.000000 0.000000 1.000000 0.000000
0.818579 0.574393 0.000000 70.594423 -0.574393 0.818579 0.000000 -34.451395 0.000000 0.000000 1.000000 0.000000
0.818778 0.574110 0.000000 70.600426 -0.574110 0.818778 0.000000 -34.447037 0.000000 0.000000 1.000000 0.000000
0.817729 0.575604 0.000000 70.598246 -0.575604 0.817729 0.000000 -34.437695 0.000000 0.000000 1.000000 0.000000
0.817923 0.575327 0.000000 70.597687 -0.575327 0.817923 0.000000 -34.437019 0.000000 0.000000 1.000000 0.000000
0.817736 0.575593 0.000000 70.598819 -0.575593 0.817736 0.000000 -34.434535 0.000000 0.000000 1.000000 0.000000
0.817482 0.575954 0.000000 70.600312 -0.575954 0.817482 0.000000 -34.428021 0.000000 0.000000 1.000000 0.000000
0.817497 0.575933 0.000000 70.600917 -0.575933 0.817497 0.000000 -34.427049 0.000000 0.000000 1.000000 0.000000
0.817516 0.575906 0.000000 70.600527 -0.575906 0.817516 0.000000 -34.428661 0.000000 0.000000 1.000000 0.000000
0.817371 0.576111 0.000000 70.600412 -0.576111 0.817371 0.000000 -34.431567 0.000000 0.000000 1.000000 0.000000
0.817223 0.576321 0.000000 70.600950 -0.576321 0.817223 0.000000 -34.432827 0.000000 0.000000 1.000000 0.000000
0.817273 0.576251 0.000000 70.601189 -0.576251 0.817273 0.000000 -34.432915 0.000000 0.000000 1.000000 0.000000
0.817218 0.576329 0.000000 70.601317 -0.576329 0.817218 0.000000 -34.432575 0.000000 0.000000 1.000000 0.000000
0.817284 0.576235 0.000000 70.601226 -0.576235 0.817284 0.000000 -34.431960 0.000000 0.000000 1.000000 0.000000
0.817763 0.575555 0.000000 70.599464 -0.575555 0.817763 0.000000 -34.431055 0.000000 0.000000 1.000000 0.000000
0.817615 0.575766 0.000000 70.599257 -0.575766 0.817615 0.000000 -34.430194 0.000000 0.000000 1.000000 0.000000
0.817757 0.575564 0.000000 70.598158 -0.575564 0.817757 0.000000 -34.430075 0.000000 0.000000 1.000000 0.000000
0.816645 0.577141 0.000000 70.599901 -0.577141 0.816645 0.000000 -34.428512 0.000000 0.000000 1.000000 0.000000
0.815373 0.578936 0.000000 70.605392 -0.578936 0.815373 0.000000 -34.432501 0.000000 0.000000 1.000000 0.000000
0.817293 0.576222 0.000000 70.601433 -0.576222 0.817293 0.000000 -34.441976 0.000000 0.000000 1.000000 0.000000
0.818274 0.574829 0.000000 70.599977 -0.574829 0.818274 0.000000 -34.447668 0.000000 0.000000 1.000000 0.000000
0.818521 0.574476 0.000000 70.598703 -0.574476 0.818521 0.000000 -34.447790 0.000000 0.000000 1.000000 0.000000
0.818757 0.574140 0.000000 70.594241 -0.574140 0.818757 0.000000 -34.446762 0.000000 0.000000 1.000000 0.000000
0.819059 0.573709 0.000000 70.591859 -0.573709 0.819059 0.000000 -34.445450 0.000000 0.000000 1.000000 0.000000
0.820523 0.571614 0.000000 70.590818 -0.571614 0.820523 0.000000 -34.449322 0.000000 0.000000 1.000000 0.000000
0.817038 0.576584 0.000000 70.605109 -0.576584 0.817038 0.000000 -34.442225 0.000000 0.000000 1.000000 0.000000
0.812485 0.582983 0.000000 70.628618 -0.582983 0.812485 0.000000 -34.436768 0.000000 0.000000 1.000000 0.000000
0.809070 0.587713 0.000000 70.649669 -0.587713 0.809070 0.000000 -34.437519 0.000000 0.000000 1.000000 0.000000
0.809473 0.587157 0.000000 70.673197 -0.587157 0.809473 0.000000 -34.460154 0.000000 0.000000 1.000000 0.000000
0.812139 0.583464 0.000000 70.700021 -0.583464 0.812139 0.000000 -34.489393 0.000000 0.000000 1.000000 0.000000
0.811825 0.583901 0.000000 70.739079 -0.583901 0.811825 0.000000 -34.512387 0.000000 0.000000 1.000000 0.000000
0.812291 0.583252 0.000000 70.803139 -0.583252 0.812291 0.000000 -34.553237 0.000000 0.000000 1.000000 0.000000
0.814103 0.580720 0.000000 70.840110 -0.580720 0.814103 0.000000 -34.585582 0.000000 0.000000 1.000000 0.000000
0.817486 0.575948 0.000000 70.863791 -0.575948 0.817486 0.000000 -34.615559 0.000000 0.000000 1.000000 0.000000
0.817120 0.576467 0.000000 70.884886 -0.576467 0.817120 0.000000 -34.620908 0.000000 0.000000 1.000000 0.000000
0.816331 0.577585 0.000000 70.891706 -0.577585 0.816331 0.000000 -34.622711 0.000000 0.000000 1.000000 0.000000
0.817595 0.575793 0.000000 70.885815 -0.575793 0.817595 0.000000 -34.626671 0.000000 0.000000 1.000000 0.000000
0.818145 0.575012 0.000000 70.884133 -0.575012 0.818145 0.000000 -34.624582 0.000000 0.000000 1.000000 0.000000
0.819696 0.572799 0.000000 70.879977 -0.572799 0.819696 0.000000 -34.628027 0.000000 0.000000 1.000000 0.000000
0.821098 0.570787 0.000000 70.876003 -0.570787 0.821098 0.000000 -34.629210 0.000000 0.000000 1.000000 0.000000
0.821521 0.570178 0.000000 70.876213 -0.570178 0.821521 0.000000 -34.628005 0.000000 0.000000 1.000000 0.000000
0.822516 0.568742 0.000000 70.874282 -0.568742 0.822516 0.000000 -34.629426 0.000000 0.000000 1.000000 0.000000
0.823539 0.567259 0.000000 70.871285 -0.567259 0.823539 0.000000 -34.631348 0.000000 0.000000 1.000000 0.000000
0.822242 0.569138 0.000000 70.879630 -0.569138 0.822242 0.000000 -34.630131 0.000000 0.000000 1.000000 0.000000
0.819433 0.573174 0.000000 70.909689 -0.573174 0.819433 0.000000 -34.635574 0.000000 0.000000 1.000000 0.000000
0.819624 0.572902 0.000000 70.955748 -0.572902 0.819624 0.000000 -34.662619 0.000000 0.000000 1.000000 0.000000
0.820927 0.571033 0.000000 71.050014 -0.571033 0.820927 0.000000 -34.728006 0.000000 0.000000 1.000000 0.000000
0.825962 0.563726 0.000000 71.172394 -0.563726 0.825962 0.000000 -34.827185 0.000000 0.000000 1.000000 0.000000
0.830490 0.557034 0.000000 71.345772 -0.557034 0.830490 0.000000 -34.952946 0.000000 0.000000 1.000000 0.000000
0.844336 0.535813 0.000000 71.710329 -0.535813 0.844336 0.000000 -35.209003 0.000000 0.000000 1.000000 0.000000
0.856044 0.516903 0.000000 72.030068 -0.516903 0.856044 0.000000 -35.420926 0.000000 0.000000 1.000000 0.000000
0.872234 0.489088 0.000000 72.564380 -0.489088 0.872234 0.000000 -35.721734 0.000000 0.000000 1.000000 0.000000
0.890625 0.454739 0.000000 73.020621 -0.454739 0.890625 0.000000 -35.980145 0.000000 0.000000 1.000000 0.000000
0.910592 0.413307 0.000000 73.546904 -0.413307 0.910592 0.000000 -36.259024 0.000000 0.000000 1.000000 0.000000
0.930699 0.365786 0.000000 74.152284 -0.365786 0.930699 0.000000 -36.556665 0.000000 0.000000 1.000000 0.000000
0.951016 0.309143 0.000000 74.956967 -0.309143 0.951016 0.000000 -36.883568 0.000000 0.000000 1.000000 0.000000
0.963608 0.267319 0.000000 75.707071 -0.267319 0.963608 0.000000 -37.129222 0.000000 0.000000 1.000000 0.000000
0.973752 0.227613 0.000000 76.928842 -0.227613 0.973752 0.000000 -37.459659 0.000000 0.000000 1.000000 0.000000
0.977885 0.209143 0.000000 77.879580 -0.209143 0.977885 0.000000 -37.684664 0.000000 0.000000 1.000000 0.000000
0.980948 0.194271 0.000000 79.576774 -0.194271 0.980948 0.000000 -38.047998 0.000000 0.000000 1.000000 0.000000
0.983072 0.183222 0.000000 80.981535 -0.183222 0.983072 0.000000 -38.327204 0.000000 0.000000 1.000000 0.000000
0.983795 0.179297 0.000000 82.133225 -0.179297 0.983795 0.000000 -38.548432 0.000000 0.000000 1.000000 0.000000
0.984764 0.173898 0.000000 83.715940 -0.173898 0.984764 0.000000 -38.861365 0.000000 0.000000 1.000000 0.000000
0.985965 0.166952 0.000000 85.124333 -0.166952 0.985965 0.000000 -39.120878 0.000000 0.000000 1.000000 0.000000
0.986891 0.161390 0.000000 86.338570 -0.161390 0.986891 0.000000 -39.348984 0.000000 0.000000 1.000000 0.000000
0.988059 0.154078 0.000000 87.610261 -0.154078 0.988059 0.000000 -39.587100 0.000000 0.000000 1.000000 0.000000
0.992090 0.125525 0.000000 89.506011 -0.125525 0.992090 0.000000 -39.904939 0.000000 0.000000 1.000000 0.000000
0.995682 0.092830 0.000000 90.836964 -0.092830 0.995682 0.000000 -40.095884 0.000000 0.000000 1.000000 0.000000
0.998962 0.045559 0.000000 92.168750 -0.045559 0.998962 0.000000 -40.238098 0.000000 0.000000 1.000000 0.000000
0.999936 -0.011282 0.000000 93.492988 0.011282 0.999936 0.000000 -40.289051 0.000000 0.000000 1.000000 0.000000
0.997987 -0.063417 0.000000 94.837422 0.063417 0.997987 0.000000 -40.274244 0.000000 0.000000 1.000000 0.000000
0.994221 -0.107357 0.000000 96.164225 0.107357 0.994221 0.000000 -40.191142 0.000000 0.000000 1.000000 0.000000
0.987122 -0.159968 0.000000 97.534725 0.159968 0.987122 0.000000 -40.017583 0.000000 0.000000 1.000000 0.000000
0.976707 -0.214579 0.000000 99.226793 0.214579 0.976707 0.000000 -39.714363 0.000000 0.000000 1.000000 0.000000
0.968776 -0.247938 0.000000 100.670225 0.247938 0.968776 0.000000 -39.414527 0.000000 0.000000 1.000000 0.000000
0.961024 -0.276464 0.000000 102.159348 0.276464 0.961024 0.000000 -39.047516 0.000000 0.000000 1.000000 0.000000
0.955339 -0.295512 0.000000 103.577256 0.295512 0.955339 0.000000 -38.655476 0.000000 0.000000 1.000000 0.000000
0.949555 -0.313599 0.000000 105.487693 0.313599 0.949555 0.000000 -38.093366 0.000000 0.000000 1.000000 0.000000
0.947755 -0.318999 0.000000 106.949568 0.318999 0.947755 0.000000 -37.619905 0.000000 0.000000 1.000000 0.000000
0.945743 -0.324916 0.000000 108.367490 0.324916 0.945743 0.000000 -37.137091 0.000000 0.000000 1.000000 0.000000
0.945724 -0.324971 0.000000 110.173808 0.324971 0.945724 0.000000 -36.526223 0.000000 0.000000 1.000000 0.000000
0.944147 -0.329525 0.000000 111.690236 0.329525 0.944147 0.000000 -36.020896 0.000000 0.000000 1.000000 0.000000
0.944563 -0.328329 0.000000 113.234549 0.328329 0.944563 0.000000 -35.490657 0.000000 0.000000 1.000000 0.000000
0.947791 -0.318892 0.000000 114.748856 0.318892 0.947791 0.000000 -34.996301 0.000000 0.000000 1.000000 0.000000
0.945505 -0.325607 0.000000 118.683813 0.325607 0.945505 0.000000 -33.636825 0.000000 0.000000 1.000000 0.000000
0.949547 -0.313624 0.000000 120.191187 0.313624 0.949547 0.000000 -33.120776 0.000000 0.000000 1.000000 0.000000
0.953009 -0.302942 0.000000 121.921426 0.302942 0.953009 0.000000 -32.575371 0.000000 0.000000 1.000000 0.000000
0.957509 -0.288403 0.000000 123.410618 0.288403 0.957509 0.000000 -32.113204 0.000000 0.000000 1.000000 0.000000
0.963119 -0.269075 0.000000 124.959297 0.269075 0.963119 0.000000 -31.661780 0.000000 0.000000 1.000000 0.000000
0.966841 -0.255380 0.000000 126.505390 0.255380 0.966841 0.000000 -31.239988 0.000000 0.000000 1.000000 0.000000
0.975313 -0.220828 0.000000 128.879736 0.220828 0.975313 0.000000 -30.664564 0.000000 0.000000 1.000000 0.000000
0.979249 -0.202662 0.000000 130.438924 0.202662 0.979249 0.000000 -30.330340 0.000000 0.000000 1.000000 0.000000
0.978042 -0.208408 0.000000 132.164190 0.208408 0.978042 0.000000 -29.992626 0.000000 0.000000 1.000000 0.000000
0.978074 -0.208258 0.000000 133.720535 0.208258 0.978074 0.000000 -29.658956 0.000000 0.000000 1.000000 0.000000
0.980412 -0.196959 0.000000 135.709309 0.196959 0.980412 0.000000 -29.231124 0.000000 0.000000 1.000000 0.000000
0.983529 -0.180752 0.000000 137.186614 0.180752 0.983529 0.000000 -28.944441 0.000000 0.000000 1.000000 0.000000
0.988943 -0.148296 0.000000 139.402857 0.148296 0.988943 0.000000 -28.608840 0.000000 0.000000 1.000000 0.000000
0.993326 -0.115338 0.000000 141.573003 0.115338 0.993326 0.000000 -28.356442 0.000000 0.000000 1.000000 0.000000
0.994454 -0.105174 0.000000 142.856231 0.105174 0.994454 0.000000 -28.244365 0.000000 0.000000 1.000000 0.000000
0.994305 -0.106568 0.000000 144.075532 0.106568 0.994305 0.000000 -28.162667 0.000000 0.000000 1.000000 0.000000
0.995070 -0.099180 0.000000 145.246999 0.099180 0.995070 0.000000 -28.052615 0.000000 0.000000 1.000000 0.000000
0.995755 -0.092044 0.000000 146.485565 0.092044 0.995755 0.000000 -27.948295 0.000000 0.000000 1.000000 0.000000
0.997388 -0.072234 0.000000 147.693781 0.072234 0.997388 0.000000 -27.862645 0.000000 0.000000 1.000000 0.000000
0.997944 -0.064086 0.000000 148.733691 0.064086 0.997944 0.000000 -27.808085 0.000000 0.000000 1.000000 0.000000
0.998281 -0.058617 0.000000 149.711193 0.058617 0.998281 0.000000 -27.753141 0.000000 0.000000 1.000000 0.000000
0.998535 -0.054117 0.000000 150.943031 0.054117 0.998535 0.000000 -27.707618 0.000000 0.000000 1.000000 0.000000
0.998738 -0.050226 0.000000 151.819338 0.050226 0.998738 0.000000 -27.672432 0.000000 0.000000 1.000000 0.000000
0.998641 -0.052110 0.000000 152.695912 0.052110 0.998641 0.000000 -27.650021 0.000000 0.000000 1.000000 0.000000
0.998919 -0.046488 0.000000 153.564693 0.046488 0.998919 0.000000 -27.624769 0.000000 0.000000 1.000000 0.000000
0.999037 -0.043865 0.000000 154.667375 0.043865 0.999037 0.000000 -27.578630 0.000000 0.000000 1.000000 0.000000
0.999543 -0.030242 0.000000 155.908033 0.030242 0.999543 0.000000 -27.560359 0.000000 0.000000 1.000000 0.000000
0.999829 -0.018491 0.000000 156.852593 0.018491 0.999829 0.000000 -27.547627 0.000000 0.000000 1.000000 0.000000
0.999882 -0.015342 0.000000 157.780763 0.015342 0.999882 0.000000 -27.539412 0.000000 0.000000 1.000000 0.000000
0.999981 -0.006188 0.000000 158.643087 0.006188 0.999981 0.000000 -27.542614 0.000000 0.000000 1.000000 0.000000
0.999980 0.006350 0.000000 159.796362 -0.006350 0.999980 0.000000 -27.556063 0.000000 0.000000 1.000000 0.000000
0.999839 0.017933 0.000000 160.906972 -0.017933 0.999839 0.000000 -27.583792 0.000000 0.000000 1.000000 0.000000
0.999720 0.023652 0.000000 161.741633 -0.023652 0.999720 0.000000 -27.614454 0.000000 0.000000 1.000000 0.000000
0.999528 0.030708 0.000000 162.573532 -0.030708 0.999528 0.000000 -27.641136 0.000000 0.000000 1.000000 0.000000
0.999306 0.037257 0.000000 163.589868 -0.037257 0.999306 0.000000 -27.695761 0.000000 0.000000 1.000000 0.000000
0.999075 0.043004 0.000000 164.448418 -0.043004 0.999075 0.000000 -27.741835 0.000000 0.000000 1.000000 0.000000
0.998290 0.058457 0.000000 165.573476 -0.058457 0.998290 0.000000 -27.801913 0.000000 0.000000 1.000000 0.000000
0.997900 0.064774 0.000000 166.409741 -0.064774 0.997900 0.000000 -27.865478 0.000000 0.000000 1.000000 0.000000
0.997860 0.065387 0.000000 167.249946 -0.065387 0.997860 0.000000 -27.932705 0.000000 0.000000 1.000000 0.000000
0.998036 0.062646 0.000000 168.093780 -0.062646 0.998036 0.000000 -28.002832 0.000000 0.000000 1.000000 0.000000
0.998401 0.056533 0.000000 169.000540 -0.056533 0.998401 0.000000 -28.070005 0.000000 0.000000 1.000000 0.000000
0.998944 0.045938 0.000000 170.091570 -0.045938 0.998944 0.000000 -28.145688 0.000000 0.000000 1.000000 0.000000
0.999170 0.040738 0.000000 171.074475 -0.040738 0.999170 0.000000 -28.193915 0.000000 0.000000 1.000000 0.000000
0.999416 0.034178 0.000000 172.086317 -0.034178 0.999416 0.000000 -28.246247 0.000000 0.000000 1.000000 0.000000
0.999663 0.025976 0.000000 173.496349 -0.025976 0.999663 0.000000 -28.306808 0.000000 0.000000 1.000000 0.000000
0.999852 0.017189 0.000000 174.576895 -0.017189 0.999852 0.000000 -28.345131 0.000000 0.000000 1.000000 0.000000
0.999921 0.012593 0.000000 175.846856 -0.012593 0.999921 0.000000 -28.391421 0.000000 0.000000 1.000000 0.000000
0.999912 0.013247 0.000000 176.958165 -0.013247 0.999912 0.000000 -28.430971 0.000000 0.000000 1.000000 0.000000
0.999874 0.015888 0.000000 178.054377 -0.015888 0.999874 0.000000 -28.467666 0.000000 0.000000 1.000000 0.000000
0.999788 0.020614 0.000000 179.573831 -0.020614 0.999788 0.000000 -28.533848 0.000000 0.000000 1.000000 0.000000
0.999585 0.028791 0.000000 180.878420 -0.028791 0.999585 0.000000 -28.598599 0.000000 0.000000 1.000000 0.000000
0.999252 0.038659 0.000000 182.058804 -0.038659 0.999252 0.000000 -28.663098 0.000000 0.000000 1.000000 0.000000
0.998777 0.049443 0.000000 183.186708 -0.049443 0.998777 0.000000 -28.741629 0.000000 0.000000 1.000000 0.000000
0.997960 0.063850 0.000000 184.679316 -0.063850 0.997960 0.000000 -28.855962 0.000000 0.000000 1.000000 0.000000
0.996841 0.079424 0.000000 185.773685 -0.079424 0.996841 0.000000 -28.958218 0.000000 0.000000 1.000000 0.000000
0.995845 0.091067 0.000000 186.820051 -0.091067 0.995845 0.000000 -29.068324 0.000000 0.000000 1.000000 0.000000
0.995284 0.097004 0.000000 187.828445 -0.097004 0.995284 0.000000 -29.188135 0.000000 0.000000 1.000000 0.000000
0.995032 0.099551 0.000000 188.784528 -0.099551 0.995032 0.000000 -29.300750 0.000000 0.000000 1.000000 0.000000
0.995007 0.099804 0.000000 189.863563 -0.099804 0.995007 0.000000 -29.428794 0.000000 0.000000 1.000000 0.000000
0.994645 0.103351 0.000000 190.710836 -0.103351 0.994645 0.000000 -29.528417 0.000000 0.000000 1.000000 0.000000
0.994380 0.105870 0.000000 191.494533 -0.105870 0.994380 0.000000 -29.620037 0.000000 0.000000 1.000000 0.000000
0.994646 0.103341 0.000000 192.234051 -0.103341 0.994646 0.000000 -29.713700 0.000000 0.000000 1.000000 0.000000
0.995196 0.097905 0.000000 193.115904 -0.097905 0.995196 0.000000 -29.820668 0.000000 0.000000 1.000000 0.000000
0.995503 0.094729 0.000000 193.733131 -0.094729 0.995503 0.000000 -29.883802 0.000000 0.000000 1.000000 0.000000
0.996097 0.088264 0.000000 194.571670 -0.088264 0.996097 0.000000 -29.975066 0.000000 0.000000 1.000000 0.000000
0.996657 0.081702 0.000000 195.209212 -0.081702 0.996657 0.000000 -30.038798 0.000000 0.000000 1.000000 0.000000
0.997437 0.071552 0.000000 195.898672 -0.071552 0.997437 0.000000 -30.096716 0.000000 0.000000 1.000000 0.000000
0.998783 0.049327 0.000000 196.728433 -0.049327 0.998783 0.000000 -30.162422 0.000000 0.000000 1.000000 0.000000
0.999805 0.019766 0.000000 197.499448 -0.019766 0.999805 0.000000 -30.209741 0.000000 0.000000 1.000000 0.000000
0.999884 -0.015233 0.000000 198.314674 0.015233 0.999884 0.000000 -30.239084 0.000000 0.000000 1.000000 0.000000
0.997659 -0.068384 0.000000 199.483895 0.068384 0.997659 0.000000 -30.205223 0.000000 0.000000 1.000000 0.000000
0.994194 -0.107605 0.000000 200.393128 0.107605 0.994194 0.000000 -30.140807 0.000000 0.000000 1.000000 0.000000
0.988068 -0.154019 0.000000 201.334458 0.154019 0.988068 0.000000 -30.046836 0.000000 0.000000 1.000000 0.000000
0.980027 -0.198866 0.000000 202.274344 0.198866 0.980027 0.000000 -29.902764 0.000000 0.000000 1.000000 0.000000
0.970207 -0.242278 0.000000 203.252002 0.242278 0.970207 0.000000 -29.709590 0.000000 0.000000 1.000000 0.000000
0.959280 -0.282458 0.000000 204.579074 0.282458 0.959280 0.000000 -29.375536 0.000000 0.000000 1.000000 0.000000
0.953713 -0.300719 0.000000 205.807012 0.300719 0.953713 0.000000 -29.021025 0.000000 0.000000 1.000000 0.000000
0.950356 -0.311164 0.000000 206.870329 0.311164 0.950356 0.000000 -28.697973 0.000000 0.000000 1.000000 0.000000
0.948802 -0.315871 0.000000 207.962581 0.315871 0.948802 0.000000 -28.349056 0.000000 0.000000 1.000000 0.000000
0.949401 -0.314067 0.000000 209.023640 0.314067 0.949401 0.000000 -28.023931 0.000000 0.000000 1.000000 0.000000
0.952561 -0.304347 0.000000 210.063389 0.304347 0.952561 0.000000 -27.694291 0.000000 0.000000 1.000000 0.000000
0.958338 -0.285637 0.000000 211.101793 0.285637 0.958338 0.000000 -27.380992 0.000000 0.000000 1.000000 0.000000
0.963835 -0.266500 0.000000 212.135213 0.266500 0.963835 0.000000 -27.097761 0.000000 0.000000 1.000000 0.000000
0.967858 -0.251496 0.000000 213.182100 0.251496 0.967858 0.000000 -26.833463 0.000000 0.000000 1.000000 0.000000
0.972007 -0.234952 0.000000 214.239677 0.234952 0.972007 0.000000 -26.571332 0.000000 0.000000 1.000000 0.000000
0.976469 -0.215657 0.000000 215.400489 0.215657 0.976469 0.000000 -26.307563 0.000000 0.000000 1.000000 0.000000
0.980690 -0.195567 0.000000 216.627045 0.195567 0.980690 0.000000 -26.067639 0.000000 0.000000 1.000000 0.000000
0.983400 -0.181453 0.000000 217.718749 0.181453 0.983400 0.000000 -25.869942 0.000000 0.000000 1.000000 0.000000
0.985189 -0.171474 0.000000 218.800560 0.171474 0.985189 0.000000 -25.688136 0.000000 0.000000 1.000000 0.000000
0.987342 -0.158607 0.000000 220.176643 0.158607 0.987342 0.000000 -25.492349 0.000000 0.000000 1.000000 0.000000
0.989117 -0.147130 0.000000 221.229898 0.147130 0.989117 0.000000 -25.350640 0.000000 0.000000 1.000000 0.000000
0.991062 -0.133399 0.000000 222.250785 0.133399 0.991062 0.000000 -25.219222 0.000000 0.000000 1.000000 0.000000
0.993349 -0.115138 0.000000 223.453563 0.115138 0.993349 0.000000 -25.085135 0.000000 0.000000 1.000000 0.000000
0.994567 -0.104098 0.000000 224.431503 0.104098 0.994567 0.000000 -24.986605 0.000000 0.000000 1.000000 0.000000
0.996237 -0.086675 0.000000 225.701628 0.086675 0.996237 0.000000 -24.896537 0.000000 0.000000 1.000000 0.000000
0.997493 -0.070771 0.000000 226.589929 0.070771 0.997493 0.000000 -24.836854 0.000000 0.000000 1.000000 0.000000
0.998817 -0.048622 0.000000 227.689248 0.048622 0.998817 0.000000 -24.787058 0.000000 0.000000 1.000000 0.000000
0.999590 -0.028636 0.000000 228.601011 0.028636 0.999590 0.000000 -24.764331 0.000000 0.000000 1.000000 0.000000
0.999969 -0.007895 0.000000 229.598436 0.007895 0.999969 0.000000 -24.763608 0.000000 0.000000 1.000000 0.000000
0.999829 0.018517 0.000000 230.558398 -0.018517 0.999829 0.000000 -24.777505 0.000000 0.000000 1.000000 0.000000
0.997456 0.071281 0.000000 231.646867 -0.071281 0.997456 0.000000 -24.837097 0.000000 0.000000 1.000000 0.000000
0.992772 0.120019 0.000000 232.390201 -0.120019 0.992772 0.000000 -24.906797 0.000000 0.000000 1.000000 0.000000
0.983975 0.178309 0.000000 233.173847 -0.178309 0.983975 0.000000 -25.024394 0.000000 0.000000 1.000000 0.000000
0.969916 0.243440 0.000000 233.973044 -0.243440 0.969916 0.000000 -25.199867 0.000000 0.000000 1.000000 0.000000
0.940470 0.339877 0.000000 235.007697 -0.339877 0.940470 0.000000 -25.510224 0.000000 0.000000 1.000000 0.000000
0.911842 0.410542 0.000000 235.765194 -0.410542 0.911842 0.000000 -25.815854 0.000000 0.000000 1.000000 0.000000
0.873894 0.486116 0.000000 236.573599 -0.486116 0.873894 0.000000 -26.221986 0.000000 0.000000 1.000000 0.000000
0.811454 0.584417 0.000000 237.576832 -0.584417 0.811454 0.000000 -26.867174 0.000000 0.000000 1.000000 0.000000
0.747118 0.664691 0.000000 238.427834 -0.664691 0.747118 0.000000 -27.582034 0.000000 0.000000 1.000000 0.000000
0.694703 0.719296 0.000000 239.191830 -0.719296 0.694703 0.000000 -28.352018 0.000000 0.000000 1.000000 0.000000
0.660708 0.750643 0.000000 239.725389 -0.750643 0.660708 0.000000 -28.961430 0.000000 0.000000 1.000000 0.000000
0.615605 0.788055 0.000000 240.242642 -0.788055 0.615605 0.000000 -29.621850 0.000000 0.000000 1.000000 0.000000
0.577745 0.816218 0.000000 240.755606 -0.816218 0.577745 0.000000 -30.325426 0.000000 0.000000 1.000000 0.000000
0.543902 0.839149 0.000000 241.258032 -0.839149 0.543902 0.000000 -31.080709 0.000000 0.000000 1.000000 0.000000
0.519923 0.854213 0.000000 241.739590 -0.854213 0.519923 0.000000 -31.866004 0.000000 0.000000 1.000000 0.000000
0.498589 0.866839 0.000000 242.219044 -0.866839 0.498589 0.000000 -32.710112 0.000000 0.000000 1.000000 0.000000
0.469802 0.882772 0.000000 242.812569 -0.882772 0.469802 0.000000 -33.832112 0.000000 0.000000 1.000000 0.000000
0.441195 0.897411 0.000000 243.299978 -0.897411 0.441195 0.000000 -34.825538 0.000000 0.000000 1.000000 0.000000
0.401071 0.916047 0.000000 243.753163 -0.916047 0.401071 0.000000 -35.846201 0.000000 0.000000 1.000000 0.000000
0.348953 0.937140 0.000000 244.283737 -0.937140 0.348953 0.000000 -37.214150 0.000000 0.000000 1.000000 0.000000
0.306128 0.951990 0.000000 244.623471 -0.951990 0.306128 0.000000 -38.250543 0.000000 0.000000 1.000000 0.000000
0.268126 0.963384 0.000000 244.919764 -0.963384 0.268126 0.000000 -39.334777 0.000000 0.000000 1.000000 0.000000
0.221641 0.975128 0.000000 245.260292 -0.975128 0.221641 0.000000 -40.801832 0.000000 0.000000 1.000000 0.000000
0.188259 0.982119 0.000000 245.500949 -0.982119 0.188259 0.000000 -42.041136 0.000000 0.000000 1.000000 0.000000
0.159434 0.987209 0.000000 245.747160 -0.987209 0.159434 0.000000 -43.583508 0.000000 0.000000 1.000000 0.000000
0.144673 0.989480 0.000000 245.966156 -0.989480 0.144673 0.000000 -45.015697 0.000000 0.000000 1.000000 0.000000
0.133887 0.990997 0.000000 246.134909 -0.990997 0.133887 0.000000 -46.205733 0.000000 0.000000 1.000000 0.000000
0.140524 0.990077 0.000000 246.357182 -0.990077 0.140524 0.000000 -47.993081 0.000000 0.000000 1.000000 0.000000
0.157949 0.987447 0.000000 246.558826 -0.987447 0.157949 0.000000 -49.602336 0.000000 0.000000 1.000000 0.000000
0.174382 0.984678 0.000000 246.737798 -0.984678 0.174382 0.000000 -50.871462 0.000000 0.000000 1.000000 0.000000
0.210112 0.977677 0.000000 247.033229 -0.977677 0.210112 0.000000 -52.543601 0.000000 0.000000 1.000000 0.000000
0.250482 0.968121 0.000000 247.296564 -0.968121 0.250482 0.000000 -53.783967 0.000000 0.000000 1.000000 0.000000
0.297006 0.954876 0.000000 247.602380 -0.954876 0.297006 0.000000 -54.990806 0.000000 0.000000 1.000000 0.000000
0.369845 0.929093 0.000000 248.116874 -0.929093 0.369845 0.000000 -56.620045 0.000000 0.000000 1.000000 0.000000
0.426613 0.904434 0.000000 248.595786 -0.904434 0.426613 0.000000 -57.804071 0.000000 0.000000 1.000000 0.000000
0.491382 0.870944 0.000000 249.265091 -0.870944 0.491382 0.000000 -59.173349 0.000000 0.000000 1.000000 0.000000
0.551146 0.834409 0.000000 249.926034 -0.834409 0.551146 0.000000 -60.367611 0.000000 0.000000 1.000000 0.000000
0.616580 0.787292 0.000000 250.935344 -0.787292 0.616580 0.000000 -61.859101 0.000000 0.000000 1.000000 0.000000
0.670273 0.742114 0.000000 251.774962 -0.742114 0.670273 0.000000 -62.928957 0.000000 0.000000 1.000000 0.000000
0.720465 0.693491 0.000000 253.012284 -0.693491 0.720465 0.000000 -64.240738 0.000000 0.000000 1.000000 0.000000
0.745684 0.666300 0.000000 253.999339 -0.666300 0.745684 0.000000 -65.210383 0.000000 0.000000 1.000000 0.000000
0.777388 0.629022 0.000000 255.397861 -0.629022 0.777388 0.000000 -66.448908 0.000000 0.000000 1.000000 0.000000
0.799227 0.601030 0.000000 256.864679 -0.601030 0.799227 0.000000 -67.619137 0.000000 0.000000 1.000000 0.000000
0.810227 0.586117 0.000000 258.221000 -0.586117 0.810227 0.000000 -68.658424 0.000000 0.000000 1.000000 0.000000
0.813250 0.581915 0.000000 259.455496 -0.581915 0.813250 0.000000 -69.561514 0.000000 0.000000 1.000000 0.000000
0.814688 0.579899 0.000000 261.489798 -0.579899 0.814688 0.000000 -71.059726 0.000000 0.000000 1.000000 0.000000
0.811662 0.584127 0.000000 263.143625 -0.584127 0.811662 0.000000 -72.275387 0.000000 0.000000 1.000000 0.000000
0.808044 0.589123 0.000000 264.408073 -0.589123 0.808044 0.000000 -73.209084 0.000000 0.000000 1.000000 0.000000
0.806105 0.591772 0.000000 265.631677 -0.591772 0.806105 0.000000 -74.123849 0.000000 0.000000 1.000000 0.000000
0.805952 0.591981 0.000000 266.824419 -0.591981 0.805952 0.000000 -75.026599 0.000000 0.000000 1.000000 0.000000
0.804629 0.593777 0.000000 268.038420 -0.593777 0.804629 0.000000 -75.953246 0.000000 0.000000 1.000000 0.000000
0.801614 0.597842 0.000000 269.225804 -0.597842 0.801614 0.000000 -76.858789 0.000000 0.000000 1.000000 0.000000
0.794973 0.606645 0.000000 270.669627 -0.606645 0.794973 0.000000 -77.993076 0.000000 0.000000 1.000000 0.000000
0.791841 0.610727 0.000000 271.906162 -0.610727 0.791841 0.000000 -78.972856 0.000000 0.000000 1.000000 0.000000
0.784377 0.620284 0.000000 273.142788 -0.620284 0.784377 0.000000 -79.968548 0.000000 0.000000 1.000000 0.000000
0.778032 0.628224 0.000000 274.375740 -0.628224 0.778032 0.000000 -80.991403 0.000000 0.000000 1.000000 0.000000
0.771363 0.636396 0.000000 275.945900 -0.636396 0.771363 0.000000 -82.316691 0.000000 0.000000 1.000000 0.000000
0.766250 0.642543 0.000000 277.132815 -0.642543 0.766250 0.000000 -83.330873 0.000000 0.000000 1.000000 0.000000
0.758495 0.651679 0.000000 278.316533 -0.651679 0.758495 0.000000 -84.377212 0.000000 0.000000 1.000000 0.000000
0.748197 0.663476 0.000000 279.801444 -0.663476 0.748197 0.000000 -85.689082 0.000000 0.000000 1.000000 0.000000
0.741016 0.671487 0.000000 281.020055 -0.671487 0.741016 0.000000 -86.810274 0.000000 0.000000 1.000000 0.000000
