0.999961 0.007655 0.004336 2.903745 -0.007647 0.999969 -0.001937 -0.019393 -0.004351 0.001904 0.999989 0.095253
0.999938 0.009143 0.006298 4.621545 -0.009129 0.999956 -0.002149 -0.043896 -0.006318 0.002091 0.999978 0.151835
0.999858 0.013856 0.009598 6.599694 -0.013858 0.999904 0.000112 -0.078970 -0.009595 -0.000244 0.999954 0.217116
0.999814 0.017341 0.008408 8.345917 -0.017338 0.999850 -0.000506 -0.116843 -0.008415 0.000360 0.999965 0.274866
0.999576 0.021840 0.019244 10.083533 -0.021881 0.999759 0.001952 -0.159340 -0.019196 -0.002373 0.999813 0.332418
0.999631 0.024867 0.010948 11.821922 -0.024893 0.999688 0.002245 -0.200488 -0.010889 -0.002517 0.999938 0.389971
0.999563 0.029298 0.004015 13.511762 -0.029297 0.999571 -0.000473 -0.257029 -0.004027 0.000355 0.999992 0.446212
0.999124 0.038523 0.016339 16.108776 -0.038450 0.999249 -0.004773 -0.355912 -0.016511 0.004141 0.999855 0.532861
0.998824 0.046644 0.013227 17.777450 -0.046554 0.998891 -0.007079 -0.433657 -0.013543 0.006455 0.999887 0.588789
0.998139 0.058740 0.016374 20.049440 -0.058589 0.998237 -0.009535 -0.566172 -0.016905 0.008558 0.999820 0.665416
0.997643 0.066812 0.015656 21.705177 -0.066659 0.997725 -0.010103 -0.678182 -0.016296 0.009036 0.999826 0.721534
0.996864 0.077134 0.017681 23.770298 -0.076976 0.996988 -0.009496 -0.840054 -0.018361 0.008105 0.999799 0.791924
0.996327 0.083409 0.019385 25.482982 -0.083173 0.996455 -0.012647 -0.989404 -0.020371 0.010988 0.999732 0.850571
0.995696 0.090357 0.020609 27.183725 -0.090032 0.995807 -0.016187 -1.145299 -0.021985 0.014262 0.999657 0.908945
0.994858 0.098196 0.024795 29.239607 -0.097851 0.995092 -0.014768 -1.349914 -0.026124 0.012266 0.999583 0.979797
0.994119 0.104453 0.028577 30.956304 -0.104198 0.994503 -0.010275 -1.531687 -0.029494 0.007237 0.999539 1.039155
0.993389 0.110341 0.031658 32.670092 -0.110262 0.993894 -0.004250 -1.722983 -0.031934 0.000731 0.999490 1.098588
0.992912 0.114090 0.033310 34.335924 -0.114030 0.993470 -0.003689 -1.913950 -0.033514 -0.000135 0.999438 1.156448
0.992595 0.118725 0.025667 35.987656 -0.118540 0.992912 -0.008604 -2.117239 -0.026506 0.005498 0.999634 1.214067
0.991660 0.125917 0.027493 38.031575 -0.125679 0.992018 -0.010253 -2.381783 -0.028565 0.006713 0.999569 1.285599
0.990281 0.134707 0.034591 40.216567 -0.134370 0.990860 -0.011904 -2.681212 -0.035878 0.007140 0.999331 1.362366
0.989509 0.141586 0.028739 42.328688 -0.141276 0.989891 -0.012560 -2.984958 -0.030227 0.008368 0.999508 1.436828
0.988423 0.148689 0.030176 44.253375 -0.148304 0.988834 -0.014635 -3.276078 -0.032015 0.009990 0.999437 1.504939
0.987754 0.152988 0.030596 45.790250 -0.152526 0.988155 -0.016908 -3.511328 -0.032821 0.012034 0.999389 1.559375
0.986615 0.159593 0.033492 47.250386 -0.158971 0.987070 -0.020500 -3.746891 -0.036331 0.014902 0.999229 1.611309
0.985609 0.165814 0.032856 48.791391 -0.165252 0.986065 -0.019157 -4.008714 -0.035575 0.013452 0.999276 1.666356
0.984610 0.171179 0.035223 50.058639 -0.170508 0.985127 -0.021265 -4.235543 -0.038339 0.014932 0.999153 1.711829
0.983445 0.176335 0.041736 51.604537 -0.175693 0.984269 -0.018610 -4.516523 -0.044361 0.010969 0.998955 1.767378
0.983244 0.178321 0.037850 52.785357 -0.177704 0.983898 -0.019128 -4.733153 -0.040651 0.012081 0.999100 1.809845
0.982496 0.182732 0.036214 53.877025 -0.182000 0.983039 -0.022597 -4.940961 -0.039729 0.015611 0.999089 1.849240
0.981011 0.190156 0.038188 55.239098 -0.189441 0.981655 -0.021560 -5.216300 -0.041587 0.013916 0.999038 1.898680
0.980361 0.193197 0.039588 56.247144 -0.192383 0.981039 -0.023465 -5.419342 -0.043371 0.015388 0.998941 1.935256
0.979092 0.199109 0.041634 57.213532 -0.198393 0.979903 -0.020719 -5.623122 -0.044922 0.012026 0.998918 1.970484
0.978076 0.204328 0.040230 58.333719 -0.203434 0.978764 -0.025233 -5.863248 -0.044532 0.016496 0.998872 2.011389
0.977004 0.210051 0.036644 59.202953 -0.209260 0.977559 -0.024268 -6.054822 -0.040919 0.016042 0.999034 2.043224
0.975910 0.215244 0.035626 60.029222 -0.214442 0.976416 -0.025036 -6.242558 -0.040174 0.016793 0.999052 2.073585
0.974342 0.221905 0.037639 61.000217 -0.221031 0.974919 -0.026034 -6.471644 -0.042472 0.017047 0.998952 2.109417
0.973423 0.226065 0.036642 61.762427 -0.225189 0.973953 -0.026544 -6.658891 -0.041688 0.017587 0.998976 2.137676
0.972351 0.230334 0.038472 62.502917 -0.229361 0.972936 -0.028095 -6.843461 -0.043902 0.018495 0.998865 2.165177
0.971714 0.233085 0.037984 63.263049 -0.232176 0.972303 -0.026847 -7.033298 -0.043190 0.017268 0.998918 2.193415
0.970660 0.237442 0.037956 64.232081 -0.236594 0.971273 -0.025529 -7.280501 -0.042927 0.015800 0.998953 2.229506
0.970009 0.240447 0.035598 65.029846 -0.239598 0.970510 -0.026513 -7.489672 -0.040923 0.017189 0.999014 2.259319
0.969310 0.243823 0.031449 65.868205 -0.242966 0.969609 -0.028727 -7.706744 -0.037497 0.020204 0.999092 2.290601
0.968193 0.248448 0.029584 66.651851 -0.247622 0.968424 -0.028966 -7.917237 -0.035847 0.020719 0.999142 2.319976
0.967003 0.254469 0.012314 67.979053 -0.254105 0.966845 -0.025343 -8.284051 -0.018355 0.021378 0.999603 2.369912
0.965841 0.259091 0.004680 69.116047 -0.258960 0.965698 -0.019170 -8.599911 -0.009486 0.017304 0.999805 2.412719
0.964377 0.263875 0.018628 70.143113 -0.263429 0.964396 -0.023355 -8.889848 -0.024127 0.017616 0.999554 2.451471
0.961855 0.270669 0.039659 71.293163 -0.269634 0.962509 -0.029565 -9.223019 -0.046174 0.017744 0.998776 2.495015
0.959191 0.276750 0.057977 72.299611 -0.275284 0.960828 -0.032073 -9.520854 -0.064582 0.014804 0.997803 2.533234
0.956204 0.283835 0.071494 73.598508 -0.281676 0.958722 -0.038872 -9.908420 -0.079576 0.017032 0.996683 2.582615
0.955256 0.291555 0.049809 75.237196 -0.290511 0.956485 -0.027198 -10.420101 -0.055571 0.011511 0.998388 2.645321
0.954717 0.295298 0.036266 76.426518 -0.294742 0.955368 -0.019960 -10.794672 -0.040542 0.008367 0.999143 2.690889
0.953480 0.299249 0.036410 77.700428 -0.298871 0.954167 -0.015551 -11.202205 -0.039395 0.003946 0.999216 2.739810
0.952112 0.303323 0.038457 79.617115 -0.303125 0.952887 -0.011015 -11.822352 -0.039986 -0.001170 0.999200 2.813541
0.951052 0.305986 0.043277 81.042283 -0.305620 0.952035 -0.014995 -12.283620 -0.045789 0.001035 0.998951 2.868367
0.949919 0.309501 0.043155 82.472394 -0.309221 0.950899 -0.013180 -12.756316 -0.045115 -0.000824 0.998981 2.923559
0.948843 0.313629 0.036514 83.957299 -0.313460 0.949544 -0.010408 -13.258209 -0.037936 -0.001570 0.999279 2.981063
0.946544 0.319907 0.041398 85.960215 -0.319599 0.947449 -0.014043 -13.950587 -0.043715 0.000061 0.999044 3.058904
0.944431 0.326102 0.041326 87.900199 -0.325655 0.945330 -0.017325 -14.629647 -0.044717 0.002904 0.998995 3.134449
0.941512 0.334704 0.039087 90.216129 -0.334119 0.942300 -0.020840 -15.460656 -0.043807 0.006562 0.999018 3.224998
0.938808 0.341868 0.042022 91.939922 -0.341134 0.939714 -0.023765 -16.100404 -0.047613 0.007976 0.998834 3.292775
0.937129 0.346858 0.038443 93.666539 -0.346131 0.937869 -0.024400 -16.747981 -0.044518 0.009559 0.998963 3.360784
0.934572 0.353601 0.039271 95.369450 -0.352810 0.935341 -0.025747 -17.405568 -0.045836 0.010208 0.998897 3.428197
0.933270 0.356808 0.041170 97.115815 -0.356051 0.934140 -0.024688 -18.086464 -0.047267 0.008382 0.998847 3.497447
0.930656 0.363432 0.042388 99.411131 -0.362658 0.931587 -0.024982 -18.998357 -0.048568 0.007877 0.998789 3.588768
0.928787 0.368100 0.043099 101.189231 -0.367311 0.929755 -0.025278 -19.722458 -0.049376 0.007647 0.998751 3.659828
0.927278 0.371823 0.043624 102.924580 -0.371099 0.928284 -0.023955 -20.433048 -0.049402 0.006024 0.998761 3.729248
0.925747 0.375448 0.045075 104.764257 -0.374936 0.926843 -0.019629 -21.189430 -0.049147 0.001271 0.998791 3.802898
0.923133 0.381094 0.050914 106.741616 -0.380703 0.924531 -0.017540 -22.022856 -0.053756 -0.003191 0.998549 3.882424
0.920538 0.387360 0.050621 108.973852 -0.387006 0.921920 -0.017016 -22.977379 -0.053259 -0.003927 0.998573 3.972446
0.918403 0.392810 0.047287 110.835981 -0.392422 0.919616 -0.017624 -23.790500 -0.050409 -0.002371 0.998726 4.047843
0.916430 0.397394 0.047262 113.144228 -0.396875 0.917648 -0.020312 -24.809670 -0.051442 -0.000143 0.998676 4.141505
0.913435 0.404553 0.044427 115.640407 -0.403840 0.914504 -0.024403 -25.941631 -0.050501 0.004349 0.998715 4.243325
0.911211 0.409689 0.043005 117.423744 -0.408908 0.912205 -0.026025 -26.763090 -0.049891 0.006129 0.998736 4.316296
0.903715 0.426534 0.036999 123.058809 -0.425763 0.904430 -0.027081 -29.419514 -0.045014 0.008720 0.998948 4.547959
0.901265 0.431679 0.037076 124.778592 -0.430837 0.901973 -0.028710 -30.256284 -0.045835 0.009901 0.998900 4.619127
0.897701 0.439123 0.036105 126.683877 -0.438259 0.898363 -0.029540 -31.196899 -0.045407 0.010694 0.998911 4.698214
0.896141 0.442027 0.039277 128.758975 -0.440975 0.896921 -0.032767 -32.227168 -0.049713 0.012044 0.998691 4.784454
0.893557 0.447287 0.038597 130.517874 -0.446232 0.894305 -0.033088 -33.107785 -0.049317 0.012343 0.998707 4.857684
0.891978 0.450665 0.035718 132.497507 -0.449632 0.892586 -0.033473 -34.117168 -0.046967 0.013797 0.998801 4.940430
0.891579 0.451585 0.034029 134.373025 -0.450471 0.892075 -0.035761 -35.069696 -0.046506 0.016554 0.998781 5.018757
0.890745 0.453224 0.034073 136.080556 -0.452220 0.891281 -0.033383 -35.940924 -0.045499 0.014327 0.998862 5.090140
0.889425 0.456815 0.015608 138.232107 -0.456067 0.889206 -0.036266 -37.055830 -0.030446 0.025138 0.999220 5.180392
0.887826 0.460003 0.012738 139.806259 -0.459051 0.887247 -0.045442 -37.886281 -0.032205 0.034497 0.998886 5.246687
0.886419 0.462581 0.016744 141.537242 -0.461255 0.885754 -0.051801 -38.809550 -0.038794 0.038194 0.998517 5.319767
0.884790 0.465525 0.020812 143.099960 -0.464059 0.884307 -0.051488 -39.639578 -0.042373 0.035898 0.998457 5.385680
0.882527 0.469752 0.021892 144.610344 -0.468388 0.882209 -0.048170 -40.457824 -0.041942 0.032258 0.998599 5.449673
0.880198 0.473973 0.024516 146.310381 -0.472605 0.880055 -0.046335 -41.378908 -0.043537 0.029198 0.998625 5.521702
0.878190 0.477701 0.024165 147.836255 -0.476429 0.878095 -0.044321 -42.213420 -0.042391 0.027410 0.998725 5.586492
0.875597 0.482442 0.024078 149.506278 -0.481153 0.875493 -0.044755 -43.141553 -0.042672 0.027602 0.998708 5.657666
0.873756 0.485931 0.020541 150.947667 -0.484808 0.873558 -0.043097 -43.956735 -0.038886 0.027698 0.998860 5.719349
0.871963 0.489155 0.020199 152.562338 -0.488120 0.871812 -0.041010 -44.881752 -0.037670 0.025900 0.998955 5.788659
0.869765 0.492918 0.023245 154.015475 -0.491812 0.869741 -0.040891 -45.716878 -0.040373 0.024133 0.998893 5.851082
0.867986 0.496072 0.022643 155.459894 -0.494956 0.867927 -0.041478 -46.554128 -0.040228 0.024795 0.998883 5.913258
0.865333 0.500682 0.022737 156.907524 -0.499565 0.865284 -0.041454 -47.416432 -0.040429 0.024513 0.998882 5.975987
0.862495 0.505489 0.024141 158.332382 -0.504340 0.862513 -0.041383 -48.281027 -0.041741 0.023517 0.998852 6.038013
0.859458 0.510565 0.025584 159.802914 -0.509499 0.859602 -0.038672 -49.185910 -0.041737 0.020202 0.998924 6.102252
0.857688 0.513577 0.024683 161.201919 -0.512503 0.857784 -0.039332 -50.048448 -0.041372 0.021085 0.998921 6.163396
0.854679 0.518681 0.022224 162.823779 -0.517592 0.854643 -0.041040 -51.064978 -0.040280 0.023573 0.998910 6.234577
0.853001 0.521465 0.021530 164.386177 -0.520321 0.852898 -0.042790 -52.045614 -0.040676 0.025297 0.998852 6.303172
0.850110 0.526183 0.021091 166.276249 -0.524997 0.849961 -0.044095 -53.241328 -0.041129 0.026413 0.998805 6.386322
0.849553 0.527198 0.017924 167.694981 -0.526032 0.849231 -0.045801 -54.140354 -0.039367 0.029482 0.998790 6.448763
0.850690 0.525515 0.012688 169.103415 -0.524600 0.850252 -0.043194 -55.032197 -0.033487 0.030088 0.998986 6.510739
0.850422 0.525832 0.016821 170.412007 -0.524822 0.850149 -0.042514 -55.859189 -0.036656 0.027327 0.998954 6.568293
0.851317 0.524338 0.018145 171.763014 -0.523438 0.851191 -0.038568 -56.707752 -0.035668 0.023336 0.999091 6.627618
0.851314 0.524272 0.020077 173.069030 -0.523526 0.851368 -0.033067 -57.524570 -0.034429 0.017640 0.999251 6.684905
0.851590 0.523681 0.023504 174.411918 -0.523111 0.851852 -0.026507 -58.369782 -0.033903 0.010277 0.999372 6.743906
0.854085 0.519271 0.029956 175.903613 -0.518810 0.854603 -0.022124 -59.300639 -0.037089 0.003354 0.999306 6.809300
0.858591 0.511490 0.034638 177.412977 -0.511150 0.859288 -0.018724 -60.229966 -0.039341 -0.001629 0.999225 6.875245
0.864790 0.501246 0.029836 178.781101 -0.500986 0.865304 -0.016187 -61.051725 -0.033931 -0.000949 0.999424 6.934651
0.877104 0.479805 0.021785 180.550718 -0.479678 0.877375 -0.011076 -62.070073 -0.024428 -0.000735 0.999701 7.010693
0.887602 0.460130 0.021060 181.862892 -0.460120 0.887839 -0.005608 -62.788195 -0.021279 -0.004713 0.999762 7.066418
0.902951 0.429107 0.023379 183.572655 -0.429162 0.903223 -0.002878 -63.649960 -0.022352 -0.007435 0.999723 7.137705
0.914905 0.402759 0.027097 185.067901 -0.402937 0.915227 0.001223 -64.348630 -0.024307 -0.012037 0.999632 7.199065
0.924855 0.379269 0.028242 186.312400 -0.379476 0.925199 0.002169 -64.889788 -0.025306 -0.012723 0.999599 7.249414
0.934478 0.355760 0.013648 187.538434 -0.355766 0.934573 -0.002089 -65.389560 -0.013499 -0.002903 0.999905 7.298420
0.944557 0.328301 0.005467 188.783717 -0.328294 0.944573 -0.002154 -65.855496 -0.005871 0.000239 0.999983 7.347450
0.954183 0.299116 0.007983 189.984441 -0.299100 0.954216 -0.003176 -66.263386 -0.008567 0.000643 0.999963 7.393986
0.965374 0.260858 -0.002674 191.711869 -0.260837 0.965362 0.006323 -66.784003 0.004231 -0.005407 0.999976 7.459751
0.973643 0.227465 -0.016705 193.147372 -0.227373 0.973781 0.007238 -67.160994 0.017913 -0.003249 0.999834 7.513409
0.978565 0.205476 -0.013781 194.300603 -0.205288 0.978602 0.013949 -67.424740 0.016352 -0.010821 0.999808 7.555815
0.982550 0.185659 -0.011210 195.374659 -0.185495 0.982542 0.014249 -67.648230 0.013660 -0.011920 0.999836 7.594915
0.985555 0.169258 -0.005702 196.395873 -0.169141 0.985446 0.016984 -67.839711 0.008493 -0.015775 0.999839 7.631715
0.988294 0.152436 -0.006166 197.378593 -0.152173 0.987857 0.031345 -68.004506 0.010869 -0.030040 0.999490 7.666780
0.990810 0.135122 -0.006084 198.482329 -0.134775 0.990067 0.040029 -68.171834 0.011433 -0.038841 0.999180 7.705846
0.993201 0.116274 -0.005704 199.660079 -0.115920 0.992307 0.043465 -68.333015 0.010715 -0.042509 0.999039 7.747221
0.994690 0.102748 -0.005804 200.546692 -0.102425 0.993885 0.041241 -68.435988 0.010006 -0.040428 0.999132 7.778040
0.996218 0.086282 -0.010287 201.521151 -0.085831 0.995574 0.038288 -68.530432 0.013545 -0.037260 0.999214 7.811577
0.997271 0.072182 -0.015481 202.379148 -0.071480 0.996561 0.041914 -68.600734 0.018453 -0.040693 0.999001 7.840877
0.998090 0.057651 -0.022200 203.142723 -0.056688 0.997515 0.041832 -68.654923 0.024557 -0.040494 0.998878 7.866802
0.998454 0.047858 -0.028288 203.864471 -0.046670 0.998057 0.041274 -68.698766 0.030208 -0.039890 0.998747 7.891175
0.998784 0.038007 -0.031391 204.594004 -0.036856 0.998654 0.036481 -68.732642 0.032735 -0.035280 0.998841 7.915625
0.999057 0.029761 -0.031609 205.330206 -0.028566 0.998884 0.037607 -68.761284 0.032693 -0.036669 0.998793 7.940199
0.999098 0.016236 -0.039233 206.324023 -0.014579 0.999004 0.042164 -68.784168 0.039879 -0.041554 0.998340 7.973090
0.999028 0.005521 -0.043723 207.050650 -0.003947 0.999344 0.035996 -68.792022 0.043894 -0.035788 0.998395 7.996979
0.999127 -0.001993 -0.041731 207.641597 0.003510 0.999334 0.036330 -68.795269 0.041631 -0.036445 0.998468 8.016352
0.999424 -0.010459 -0.032291 208.265221 0.011620 0.999285 0.035985 -68.795676 0.031892 -0.036339 0.998830 8.036741
0.999816 -0.017565 -0.007716 208.870106 0.017789 0.999392 0.029985 -68.788797 0.007185 -0.030117 0.999521 8.056389
0.999689 -0.024090 -0.006385 209.452351 0.024300 0.999084 0.035219 -68.779113 0.005530 -0.035363 0.999359 8.075245
0.999566 -0.028478 -0.007600 210.023287 0.028759 0.998793 0.039829 -68.766442 0.006456 -0.040030 0.999178 8.093679
0.999361 -0.032277 -0.015333 210.626706 0.032858 0.998688 0.039280 -68.751615 0.014046 -0.039758 0.999111 8.113136
0.998623 -0.038269 -0.035889 211.435555 0.039419 0.998714 0.031894 -68.726543 0.034622 -0.033265 0.998847 8.139125
0.998350 -0.041795 -0.039387 212.184825 0.043150 0.998482 0.034220 -68.700015 0.037897 -0.035863 0.998638 8.163140
0.998041 -0.045184 -0.043271 212.972288 0.046840 0.998178 0.038042 -68.668381 0.041473 -0.039994 0.998339 8.188311
0.997910 -0.046777 -0.044591 213.769650 0.048379 0.998196 0.035561 -68.634552 0.042847 -0.037644 0.998372 8.213768
0.997702 -0.050828 -0.044810 214.608918 0.052291 0.998115 0.032110 -68.596251 0.043094 -0.034380 0.998479 8.240514
0.997454 -0.053259 -0.047414 215.448091 0.054783 0.998003 0.031453 -68.556204 0.045644 -0.033971 0.998380 8.267225
0.997125 -0.057458 -0.049401 216.458010 0.058864 0.997887 0.027492 -68.504622 0.047717 -0.030320 0.998401 8.299311
0.997051 -0.061137 -0.046384 217.729972 0.062222 0.997813 0.022317 -68.436840 0.044918 -0.025137 0.998674 8.339672
0.997047 -0.063828 -0.042709 218.707743 0.064822 0.997648 0.022303 -68.380746 0.041185 -0.025005 0.998839 8.370627
0.996989 -0.066716 -0.039516 219.969563 0.067616 0.997471 0.021893 -68.303335 0.037955 -0.024499 0.998979 8.410484
0.996915 -0.068773 -0.037817 220.879958 0.069552 0.997384 0.019703 -68.249427 0.036363 -0.022272 0.999090 8.439276
0.996825 -0.069603 -0.038679 221.767804 0.070508 0.997257 0.022539 -68.195852 0.037004 -0.025195 0.998997 8.467336
0.996630 -0.071803 -0.039668 222.631213 0.072730 0.997099 0.022435 -68.139834 0.037942 -0.025245 0.998961 8.494555
0.996393 -0.073061 -0.043170 223.899587 0.074171 0.996940 0.024685 -68.053046 0.041235 -0.027798 0.998763 8.534459
0.996326 -0.072117 -0.046199 224.739643 0.073392 0.996951 0.026519 -67.995557 0.044145 -0.029813 0.998580 8.560887
0.996045 -0.071712 -0.052458 225.971542 0.073162 0.996974 0.026254 -67.913911 0.050416 -0.029989 0.998278 8.599691
0.996044 -0.070582 -0.053984 227.258776 0.071992 0.997101 0.024648 -67.826026 0.052088 -0.028437 0.998238 8.640192
0.996076 -0.069782 -0.054438 228.085172 0.071179 0.997171 0.024167 -67.770619 0.052597 -0.027947 0.998225 8.666211
0.996020 -0.069097 -0.056302 228.804214 0.070444 0.997267 0.022298 -67.722230 0.054607 -0.026175 0.998165 8.688847
0.995846 -0.069762 -0.058523 229.475327 0.071146 0.997225 0.021903 -67.677555 0.056833 -0.025976 0.998046 8.709983
0.995821 -0.070295 -0.058299 230.064625 0.071647 0.997200 0.021421 -67.638247 0.056630 -0.025508 0.998069 8.728541
0.995680 -0.070852 -0.060012 230.601713 0.072089 0.997223 0.018715 -67.604578 0.058519 -0.022960 0.998022 8.745494
0.995469 -0.072611 -0.061395 231.134151 0.073802 0.997122 0.017367 -67.569394 0.059958 -0.021820 0.997962 8.762267
0.995438 -0.072483 -0.062040 231.545111 0.073673 0.997135 0.017119 -67.543692 0.060621 -0.021611 0.997927 8.775239
0.995399 -0.073112 -0.061937 231.880705 0.074212 0.997120 0.015645 -67.521724 0.060615 -0.020170 0.997957 8.785815
0.995293 -0.073161 -0.063555 232.153035 0.074258 0.997125 0.015068 -67.501959 0.062270 -0.019716 0.997865 8.794362
0.995191 -0.073731 -0.064482 232.417553 0.074925 0.997056 0.016297 -67.485085 0.063090 -0.021050 0.997786 8.802706
0.995129 -0.074005 -0.065128 232.569592 0.075144 0.997057 0.015207 -67.476375 0.063811 -0.020027 0.997761 8.807520
0.995022 -0.074495 -0.066201 232.686221 0.075589 0.997038 0.014184 -67.469987 0.064948 -0.019118 0.997705 8.811218
0.994981 -0.074768 -0.066504 232.781567 0.075839 0.997026 0.013718 -67.463460 0.065280 -0.018693 0.997692 8.814217
0.994933 -0.075233 -0.066699 232.859218 0.076294 0.996994 0.013493 -67.458596 0.065483 -0.018513 0.997682 8.816668
0.994927 -0.075285 -0.066730 232.907350 0.076350 0.996989 0.013560 -67.457484 0.065509 -0.018586 0.997679 8.818221
0.994915 -0.075202 -0.067003 232.943834 0.076295 0.996988 0.013911 -67.457020 0.065755 -0.018952 0.997656 8.819406
0.994865 -0.075195 -0.067741 232.953068 0.076309 0.996986 0.014014 -67.458422 0.066483 -0.019111 0.997605 8.819732
0.994793 -0.075063 -0.068941 232.944109 0.076196 0.996995 0.013950 -67.461751 0.067687 -0.019130 0.997523 8.819499
0.994781 -0.075105 -0.069058 232.940395 0.076256 0.996987 0.014185 -67.463903 0.067785 -0.019377 0.997512 8.819416
0.994788 -0.075138 -0.068927 232.939511 0.076284 0.996986 0.014152 -67.465535 0.067655 -0.019337 0.997521 8.819416
0.994790 -0.075134 -0.068907 232.939393 0.076280 0.996986 0.014143 -67.466959 0.067637 -0.019325 0.997523 8.819438
0.994787 -0.075139 -0.068937 232.939536 0.076288 0.996985 0.014184 -67.468184 0.067663 -0.019369 0.997520 8.819465
0.994788 -0.075157 -0.068905 232.939589 0.076295 0.996987 0.014028 -67.469308 0.067643 -0.019212 0.997525 8.819486
0.994780 -0.075212 -0.068970 232.939733 0.076357 0.996981 0.014112 -67.470534 0.067700 -0.019304 0.997519 8.819513
0.994789 -0.075241 -0.068797 232.939818 0.076384 0.996978 0.014135 -67.471776 0.067525 -0.019316 0.997531 8.819538
0.994789 -0.075232 -0.068807 232.939924 0.076382 0.996977 0.014237 -67.472632 0.067528 -0.019418 0.997528 8.819557
0.994792 -0.075187 -0.068819 232.939972 0.076334 0.996981 0.014189 -67.473505 0.067545 -0.019368 0.997528 8.819574
0.994786 -0.075208 -0.068881 232.939987 0.076348 0.996982 0.014073 -67.474259 0.067614 -0.019259 0.997526 8.819588
0.994785 -0.075222 -0.068878 232.940030 0.076361 0.996981 0.014048 -67.474880 0.067613 -0.019234 0.997526 8.819600
0.994782 -0.075272 -0.068864 232.940104 0.076410 0.996978 0.014046 -67.475619 0.067599 -0.019235 0.997527 8.819616
0.994781 -0.075277 -0.068883 232.940147 0.076409 0.996979 0.013944 -67.476240 0.067625 -0.019134 0.997527 8.819629
0.994789 -0.075267 -0.068778 232.940157 0.076384 0.996984 0.013751 -67.476743 0.067535 -0.018933 0.997537 8.819638
0.994777 -0.075276 -0.068933 232.940226 0.076409 0.996979 0.013941 -67.477230 0.067675 -0.019135 0.997524 8.819649
0.994780 -0.075250 -0.068923 232.940269 0.076373 0.996984 0.013794 -67.477851 0.067677 -0.018986 0.997527 8.819661
0.994768 -0.075299 -0.069043 232.940311 0.076430 0.996978 0.013890 -67.478472 0.067789 -0.019094 0.997517 8.819674
0.994764 -0.075320 -0.069081 232.940381 0.076451 0.996977 0.013868 -67.478959 0.067828 -0.019077 0.997515 8.819685
0.994766 -0.075194 -0.069182 232.940418 0.076336 0.996984 0.014012 -67.479328 0.067920 -0.019220 0.997506 8.819693
0.994758 -0.075172 -0.069323 232.940455 0.076309 0.996987 0.013902 -67.479697 0.068070 -0.019119 0.997497 8.819700
0.994759 -0.075115 -0.069369 232.940433 0.076260 0.996989 0.014013 -67.480083 0.068108 -0.019229 0.997493 8.819707
0.994754 -0.075074 -0.069484 232.940471 0.076221 0.996993 0.014004 -67.480452 0.068223 -0.019226 0.997485 8.819714
0.994752 -0.075077 -0.069509 232.940535 0.076227 0.996992 0.014040 -67.480687 0.068246 -0.019264 0.997483 8.819721
0.994746 -0.075144 -0.069527 232.940513 0.076292 0.996987 0.013992 -67.481073 0.068266 -0.019223 0.997482 8.819727
0.994745 -0.075111 -0.069569 232.940577 0.076264 0.996989 0.014055 -67.481308 0.068304 -0.019286 0.997478 8.819733
0.994737 -0.075142 -0.069657 232.940582 0.076291 0.996988 0.013972 -67.481560 0.068397 -0.019212 0.997473 8.819738
0.994729 -0.075132 -0.069777 232.940587 0.076282 0.996989 0.013954 -67.481811 0.068518 -0.019203 0.997465 8.819743
0.994726 -0.075159 -0.069796 232.940561 0.076306 0.996987 0.013914 -67.481945 0.068540 -0.019167 0.997464 8.819744
0.994716 -0.075225 -0.069867 232.955638 0.076366 0.996984 0.013803 -67.481121 0.068618 -0.019065 0.997461 8.820222
0.994706 -0.075218 -0.070018 232.987527 0.076359 0.996985 0.013762 -67.478874 0.068772 -0.019036 0.997451 8.821224
0.994739 -0.075128 -0.069647 233.036313 0.076239 0.996999 0.013430 -67.475054 0.068429 -0.018669 0.997481 8.822751
0.994735 -0.075179 -0.069648 233.070589 0.076292 0.996995 0.013462 -67.472282 0.068427 -0.018705 0.997481 8.823821
0.994701 -0.075053 -0.070263 233.103297 0.076180 0.997003 0.013487 -67.469559 0.069040 -0.018768 0.997437 8.824842
0.994690 -0.075090 -0.070374 233.110879 0.076217 0.997000 0.013468 -67.468376 0.069152 -0.018760 0.997430 8.825068
0.994660 -0.075265 -0.070610 233.103651 0.076405 0.996984 0.013583 -67.468071 0.069375 -0.018905 0.997411 8.824827
0.994635 -0.075412 -0.070808 233.104256 0.076551 0.996974 0.013509 -67.467273 0.069575 -0.018857 0.997398 8.824832
0.994616 -0.075491 -0.071000 233.137103 0.076629 0.996969 0.013430 -67.464132 0.069771 -0.018798 0.997386 8.825849
0.994607 -0.075516 -0.071100 233.170721 0.076654 0.996968 0.013409 -67.461034 0.069872 -0.018787 0.997379 8.826893
0.994595 -0.075597 -0.071178 233.212295 0.076728 0.996964 0.013283 -67.457663 0.069958 -0.018672 0.997375 8.828191
0.994585 -0.075559 -0.071356 233.254136 0.076673 0.996972 0.012998 -67.454346 0.070158 -0.018398 0.997366 8.829500
0.994568 -0.075674 -0.071468 233.305287 0.076769 0.996968 0.012693 -67.450386 0.070291 -0.018110 0.997362 8.831101
0.994557 -0.075758 -0.071536 233.351601 0.076822 0.996970 0.012241 -67.447240 0.070392 -0.017670 0.997363 8.832558
0.994540 -0.075872 -0.071646 233.398445 0.076912 0.996967 0.011868 -67.443950 0.070529 -0.017314 0.997359 8.834030
0.994484 -0.075802 -0.072492 233.468681 0.076817 0.996981 0.011307 -67.438326 0.071416 -0.016813 0.997305 8.836225
0.994495 -0.075848 -0.072297 233.536344 0.076838 0.996983 0.011016 -67.432772 0.071243 -0.016510 0.997322 8.838338
0.994436 -0.076008 -0.072939 233.642563 0.076995 0.996973 0.010811 -67.423912 0.071897 -0.016366 0.997278 8.841651
0.994352 -0.076619 -0.073437 233.782737 0.077595 0.996929 0.010536 -67.412493 0.072405 -0.016175 0.997244 8.846028
0.994248 -0.077164 -0.074281 233.967208 0.078118 0.996894 0.010031 -67.397720 0.073276 -0.015776 0.997187 8.851793
0.994143 -0.078304 -0.074489 234.226270 0.079172 0.996822 0.008769 -67.377527 0.073566 -0.014615 0.997183 8.859900
0.994026 -0.079036 -0.075268 234.518185 0.079891 0.996768 0.008403 -67.354444 0.074360 -0.014366 0.997128 8.869028
0.993944 -0.081001 -0.074257 234.913910 0.081806 0.996617 0.007850 -67.323411 0.073370 -0.013877 0.997208 8.881407
0.993813 -0.082198 -0.074699 235.329203 0.082847 0.996546 0.005635 -67.289697 0.073978 -0.011789 0.997190 8.894378
0.993541 -0.084035 -0.076257 235.725470 0.084501 0.996419 0.002907 -67.257630 0.075739 -0.009332 0.997084 8.906756
0.993209 -0.086847 -0.077412 236.168769 0.087283 0.996181 0.002251 -67.219945 0.076921 -0.008992 0.996997 8.920571
0.992545 -0.089952 -0.082238 236.655173 0.090387 0.995905 0.001573 -67.177080 0.081760 -0.008995 0.996611 8.935702
0.991979 -0.092824 -0.085804 237.244259 0.093316 0.995635 0.001730 -67.126066 0.085268 -0.009723 0.996311 8.954044
0.991267 -0.095182 -0.091268 237.754833 0.095664 0.995413 0.000905 -67.079770 0.090763 -0.009628 0.995826 8.969904
0.990742 -0.096093 -0.095894 238.344814 0.096546 0.995329 0.000079 -67.026235 0.095439 -0.009336 0.995392 8.988230
0.990413 -0.096737 -0.098606 238.933325 0.097459 0.995236 0.002527 -66.970318 0.097892 -0.012112 0.995123 9.006465
0.990251 -0.098150 -0.098844 239.563743 0.098808 0.995105 0.001771 -66.908536 0.098186 -0.011521 0.995101 9.025965
0.990729 -0.097360 -0.094743 240.188959 0.097768 0.995209 -0.000341 -66.849944 0.094322 -0.008925 0.995502 9.045353
0.991080 -0.097462 -0.090894 240.845427 0.098045 0.995180 0.001963 -66.789785 0.090264 -0.010857 0.995859 9.065733
0.991583 -0.095764 -0.087138 241.616522 0.096587 0.995311 0.005274 -66.716574 0.086225 -0.013646 0.996182 9.089627
0.992434 -0.094565 -0.078312 243.352761 0.094617 0.995509 -0.003064 -66.560608 0.078250 -0.004369 0.996924 9.143586
0.993787 -0.090354 -0.064995 244.373264 0.090138 0.995910 -0.006252 -66.471229 0.065294 0.000355 0.997866 9.175342
0.994350 -0.085201 -0.063317 245.125915 0.085516 0.996334 0.002285 -66.409247 0.062890 -0.007686 0.997991 9.198834
0.994740 -0.080504 -0.063332 245.885294 0.080636 0.996744 -0.000477 -66.350615 0.063164 -0.004632 0.997992 9.222605
0.994509 -0.077123 -0.070745 246.591334 0.076727 0.997018 -0.008311 -66.297425 0.071175 0.002837 0.997460 9.244730
0.994249 -0.070860 -0.080301 247.389633 0.071151 0.997465 0.000768 -66.244495 0.080043 -0.006478 0.996770 9.269876
0.994659 -0.065265 -0.079968 248.052681 0.065967 0.997803 0.006168 -66.202020 0.079390 -0.011410 0.996778 9.290787
0.994902 -0.063128 -0.078642 248.671124 0.063699 0.997958 0.004768 -66.162224 0.078180 -0.009753 0.996892 9.310289
0.994935 -0.059829 -0.080779 249.654438 0.060760 0.998111 0.009113 -66.105124 0.080082 -0.013975 0.996690 9.341407
0.994828 -0.062407 -0.080145 250.724894 0.063539 0.997911 0.011659 -66.045504 0.079250 -0.016691 0.996715 9.375328
0.994442 -0.068947 -0.079570 251.348562 0.070199 0.997448 0.013047 -66.007952 0.078468 -0.018561 0.996744 9.395041
0.993629 -0.079682 -0.079700 252.015321 0.081018 0.996619 0.013658 -65.960290 0.078343 -0.020028 0.996725 9.415981
0.991903 -0.098024 -0.080745 252.753395 0.099330 0.994978 0.012304 -65.894695 0.079133 -0.020224 0.996659 9.438931
0.988629 -0.125130 -0.083394 253.521977 0.126918 0.991776 0.016472 -65.810153 0.080647 -0.026869 0.996381 9.462540
0.983428 -0.159832 -0.085579 254.260989 0.161921 0.986639 0.018011 -65.705470 0.081556 -0.031570 0.996169 9.484823
0.975645 -0.201614 -0.086426 254.979348 0.203056 0.979133 0.008145 -65.576696 0.082980 -0.025496 0.996225 9.506000
0.964600 -0.248166 -0.089217 255.690438 0.249584 0.968340 0.004938 -65.417017 0.085167 -0.027030 0.996000 9.526386
0.949171 -0.300448 -0.093834 256.429889 0.301750 0.953387 -0.000333 -65.208874 0.089561 -0.027999 0.995588 9.546834
0.930734 -0.353892 -0.092160 257.170045 0.354872 0.934895 -0.006084 -64.954750 0.088314 -0.027042 0.995726 9.566482
0.898909 -0.428595 -0.090937 258.155054 0.429302 0.903073 -0.012638 -64.541252 0.087539 -0.027679 0.995776 9.591284
0.861783 -0.500281 -0.083958 259.048692 0.500612 0.865472 -0.018585 -64.078933 0.081961 -0.026014 0.996296 9.612227
0.826075 -0.559108 -0.070697 259.773215 0.559389 0.828718 -0.017607 -63.633903 0.068432 -0.025002 0.997342 9.627952
0.768096 -0.638099 -0.053469 260.727113 0.638088 0.769717 -0.019497 -62.935186 0.053597 -0.019142 0.998379 9.646639
0.716791 -0.695089 -0.055331 261.406072 0.695124 0.718560 -0.021763 -62.340553 0.054886 -0.022863 0.998231 9.658200
0.660321 -0.748515 -0.060844 262.043804 0.748702 0.662461 -0.024301 -61.690127 0.058496 -0.029507 0.997851 9.667416
0.586261 -0.807346 -0.067013 262.834392 0.807988 0.588713 -0.023924 -60.733902 0.058766 -0.040120 0.997465 9.676162
0.532231 -0.843433 -0.073148 263.394345 0.844690 0.534844 -0.020983 -59.936084 0.056821 -0.050620 0.997100 9.680202
0.489992 -0.868022 -0.080281 263.911230 0.869809 0.492942 -0.021000 -59.093599 0.057802 -0.059540 0.996551 9.682035
0.459531 -0.884383 -0.081841 264.470759 0.886437 0.462427 -0.019755 -58.094781 0.055317 -0.063468 0.996450 9.682467
0.416544 -0.905170 -0.084604 265.547171 0.907245 0.419849 -0.025143 -55.931061 0.058279 -0.066283 0.996097 9.678969
0.400346 -0.912364 -0.085524 266.032339 0.914557 0.403670 -0.025195 -54.869929 0.057511 -0.068130 0.996017 9.675857
0.390815 -0.916759 -0.082563 266.509630 0.918862 0.393858 -0.023833 -53.781474 0.054367 -0.066549 0.996301 9.672000
0.384991 -0.919387 -0.080681 266.994017 0.921425 0.387870 -0.023075 -52.666798 0.052509 -0.065458 0.996473 9.667905
0.379825 -0.921648 -0.079354 267.480912 0.923676 0.382548 -0.021914 -51.526014 0.050554 -0.064974 0.996606 9.663426
0.374658 -0.923819 -0.078670 268.142267 0.925874 0.377261 -0.020785 -49.957548 0.048881 -0.065052 0.996684 9.657003
0.370784 -0.925499 -0.077271 268.688475 0.927606 0.373127 -0.017962 -48.640580 0.045456 -0.065017 0.996848 9.651313
0.368651 -0.926364 -0.077110 269.250244 0.928394 0.371084 -0.019537 -47.278763 0.046713 -0.064387 0.996831 9.645329
0.366287 -0.927632 -0.073023 269.853319 0.929341 0.368620 -0.021074 -45.797534 0.046467 -0.060145 0.997108 9.638561
0.365111 -0.928319 -0.070124 270.384187 0.929833 0.367343 -0.021668 -44.491579 0.045874 -0.057292 0.997303 9.632566
0.365096 -0.928373 -0.069481 270.904923 0.929802 0.367358 -0.022711 -43.182317 0.046608 -0.056312 0.997325 9.626181
0.371741 -0.925856 -0.067821 271.934538 0.927135 0.373984 -0.023596 -40.638744 0.047210 -0.054108 0.997418 9.614363
0.376784 -0.924004 -0.065197 272.711878 0.925279 0.378740 -0.020350 -38.750505 0.043496 -0.052658 0.997665 9.606015
0.379643 -0.922751 -0.066352 273.315054 0.924021 0.381725 -0.021687 -37.314278 0.045340 -0.053077 0.997561 9.600055
0.381188 -0.922088 -0.066709 273.906038 0.923329 0.383340 -0.022657 -35.911100 0.046464 -0.052957 0.997515 9.594287
0.381041 -0.922051 -0.068037 274.515045 0.923302 0.383327 -0.023971 -34.459115 0.048183 -0.053685 0.997395 9.588235
0.379533 -0.922625 -0.068693 275.124200 0.923994 0.381756 -0.022293 -33.000008 0.046792 -0.055011 0.997389 9.582062
0.378093 -0.923410 -0.066033 275.719289 0.924874 0.379900 -0.016878 -31.577749 0.040671 -0.054691 0.997675 9.576087
0.375815 -0.924032 -0.070202 276.319488 0.925259 0.378369 -0.027049 -30.110585 0.051556 -0.054789 0.997166 9.569476
0.372917 -0.925430 -0.067170 277.003376 0.926496 0.375320 -0.027193 -28.432255 0.050375 -0.052092 0.997371 9.561826
0.372585 -0.925895 -0.062438 277.702272 0.926866 0.374610 -0.024223 -26.735410 0.045818 -0.048847 0.997755 9.554335
0.372610 -0.925867 -0.062701 278.328636 0.927082 0.374381 -0.018930 -25.219622 0.041000 -0.051076 0.997853 9.547710
0.371360 -0.925772 -0.070985 278.974345 0.927183 0.373805 -0.024513 -23.654539 0.049228 -0.056713 0.997176 9.540837
0.373760 -0.925143 -0.066434 279.628086 0.926268 0.376023 -0.025188 -22.061335 0.048283 -0.052121 0.997473 9.533723
0.374687 -0.925166 -0.060639 280.246508 0.926066 0.376611 -0.023784 -20.550749 0.044841 -0.047244 0.997876 9.526932
0.375248 -0.925448 -0.052304 280.878932 0.926062 0.376735 -0.021905 -19.028881 0.039977 -0.040217 0.998391 9.520396
0.374491 -0.925468 -0.057146 281.516903 0.926065 0.376399 -0.026972 -17.474636 0.046471 -0.042820 0.998001 9.513464
0.373880 -0.925780 -0.056087 282.164006 0.926516 0.375562 -0.022849 -15.922582 0.042217 -0.043422 0.998164 9.506869
0.371908 -0.926670 -0.054472 282.806353 0.927326 0.373535 -0.023209 -14.369547 0.041854 -0.041881 0.998246 9.500100
0.367433 -0.928423 -0.054981 283.497169 0.928886 0.369288 -0.028235 -12.675538 0.046518 -0.040696 0.998088 9.492396
0.363922 -0.929787 -0.055298 284.217107 0.930216 0.365837 -0.029370 -10.874042 0.047538 -0.040751 0.998038 9.483723
0.361124 -0.930978 -0.053558 285.060670 0.931384 0.362921 -0.028490 -8.752964 0.045961 -0.039594 0.998158 9.473377
0.359665 -0.931452 -0.055117 285.682284 0.932023 0.361443 -0.026327 -7.183449 0.044444 -0.041901 0.998133 9.465636
0.359418 -0.931428 -0.057104 286.296187 0.932068 0.361300 -0.026659 -5.634630 0.045462 -0.043643 0.998012 9.458014
0.358267 -0.931858 -0.057314 286.917042 0.932468 0.360198 -0.027573 -4.062792 0.046339 -0.043564 0.997975 9.450207
0.356297 -0.932550 -0.058338 287.527788 0.933207 0.358276 -0.027628 -2.478661 0.046666 -0.044598 0.997915 9.441850
0.355718 -0.932572 -0.061439 288.362095 0.933549 0.357658 -0.023794 -0.332153 0.044163 -0.048892 0.997827 9.430747
0.355048 -0.932481 -0.066481 289.042109 0.933691 0.357248 -0.024395 1.417597 0.046498 -0.053411 0.997489 9.421693
0.354324 -0.932421 -0.071032 289.640613 0.933855 0.356775 -0.025027 2.972590 0.048678 -0.057466 0.997160 9.413457
0.353626 -0.932477 -0.073720 290.238232 0.934085 0.356192 -0.024751 4.527337 0.049339 -0.060108 0.996972 9.405197
0.353146 -0.932540 -0.075211 290.825737 0.934332 0.355670 -0.022885 6.043023 0.048091 -0.062190 0.996905 9.397304
0.351114 -0.933170 -0.076898 291.491410 0.935153 0.353608 -0.021211 7.777859 0.046985 -0.064464 0.996813 9.388048
0.348972 -0.933838 -0.078511 292.066310 0.936014 0.351423 -0.019480 9.286187 0.045782 -0.066689 0.996723 9.379875
0.345723 -0.934828 -0.081075 292.644258 0.937364 0.348005 -0.015504 10.824692 0.042708 -0.070637 0.996587 9.371262
0.340717 -0.936411 -0.083938 293.407881 0.939344 0.342792 -0.011252 12.872612 0.039310 -0.075013 0.996407 9.359611
0.337077 -0.937681 -0.084463 293.967721 0.940781 0.338920 -0.008087 14.416550 0.036209 -0.076735 0.996394 9.350308
0.328650 -0.940866 -0.082218 294.602251 0.943770 0.330473 -0.009262 16.196143 0.035885 -0.074551 0.996571 9.339235
0.320801 -0.943597 -0.081925 295.157789 0.946556 0.322455 -0.007455 17.792159 0.033452 -0.075155 0.996611 9.328861
0.312042 -0.946864 -0.077971 295.666450 0.949517 0.313603 -0.008343 19.296207 0.032352 -0.071431 0.996921 9.318599
0.301022 -0.950826 -0.072907 296.196091 0.953188 0.302300 -0.006911 20.906535 0.028611 -0.067414 0.997315 9.307123
0.289228 -0.954830 -0.068170 296.671578 0.956920 0.290290 -0.006016 22.414690 0.025533 -0.063494 0.997656 9.295704
