0.999990 0.004418 0.000000 1.681603 -0.004418 0.999990 0.000000 -0.012742 0.000000 0.000000 1.000000 0.000000
0.999986 0.005356 0.000000 3.391007 -0.005356 0.999986 0.000000 -0.018975 0.000000 0.000000 1.000000 0.000000
0.999948 0.010206 0.000000 5.341523 -0.010206 0.999948 0.000000 -0.039310 0.000000 0.000000 1.000000 0.000000
0.999866 0.016380 0.000000 7.077360 -0.016380 0.999866 0.000000 -0.042494 0.000000 0.000000 1.000000 0.000000
0.999768 0.021558 0.000000 8.815407 -0.021558 0.999768 0.000000 -0.077269 0.000000 0.000000 1.000000 0.000000
0.999668 0.025775 0.000000 10.546509 -0.025775 0.999668 0.000000 -0.119310 0.000000 0.000000 1.000000 0.000000
0.999534 0.030517 0.000000 12.244207 -0.030517 0.999534 0.000000 -0.184519 0.000000 0.000000 1.000000 0.000000
0.999594 0.028501 0.000000 14.844778 -0.028501 0.999594 0.000000 -0.282529 0.000000 0.000000 1.000000 0.000000
0.999498 0.031690 0.000000 16.538583 -0.031690 0.999498 0.000000 -0.363278 0.000000 0.000000 1.000000 0.000000
0.998503 0.054688 0.000000 18.822794 -0.054688 0.998503 0.000000 -0.487199 0.000000 0.000000 1.000000 0.000000
0.998477 0.055174 0.000000 20.469223 -0.055174 0.998477 0.000000 -0.633433 0.000000 0.000000 1.000000 0.000000
0.998152 0.060771 0.000000 22.523154 -0.060771 0.998152 0.000000 -0.788952 0.000000 0.000000 1.000000 0.000000
0.997871 0.065226 0.000000 24.205495 -0.065226 0.997871 0.000000 -0.909103 0.000000 0.000000 1.000000 0.000000
0.997689 0.067947 0.000000 25.892274 -0.067947 0.997689 0.000000 -1.047841 0.000000 0.000000 1.000000 0.000000
0.997303 0.073395 0.000000 27.920872 -0.073395 0.997303 0.000000 -1.215158 0.000000 0.000000 1.000000 0.000000
0.996705 0.081116 0.000000 29.602671 -0.081116 0.996705 0.000000 -1.363211 0.000000 0.000000 1.000000 0.000000
0.996255 0.086459 0.000000 31.322023 -0.086459 0.996255 0.000000 -1.523238 0.000000 0.000000 1.000000 0.000000
0.996318 0.085730 0.000000 32.955917 -0.085730 0.996318 0.000000 -1.678320 0.000000 0.000000 1.000000 0.000000
0.995696 0.092675 0.000000 34.580931 -0.092675 0.995696 0.000000 -1.840230 0.000000 0.000000 1.000000 0.000000
0.995664 0.093027 0.000000 36.604327 -0.093027 0.995664 0.000000 -2.057919 0.000000 0.000000 1.000000 0.000000
0.994705 0.102769 0.000000 38.830691 -0.102769 0.994705 0.000000 -2.292200 0.000000 0.000000 1.000000 0.000000
0.994292 0.106694 0.000000 40.883117 -0.106694 0.994292 0.000000 -2.519747 0.000000 0.000000 1.000000 0.000000
0.994127 0.108224 0.000000 42.791737 -0.108224 0.994127 0.000000 -2.735775 0.000000 0.000000 1.000000 0.000000
0.993055 0.117649 0.000000 44.295139 -0.117649 0.993055 0.000000 -2.914688 0.000000 0.000000 1.000000 0.000000
0.992381 0.123205 0.000000 45.738704 -0.123205 0.992381 0.000000 -3.083979 0.000000 0.000000 1.000000 0.000000
0.991559 0.129652 0.000000 47.335752 -0.129652 0.991559 0.000000 -3.303511 0.000000 0.000000 1.000000 0.000000
0.991857 0.127355 0.000000 48.627415 -0.127355 0.991857 0.000000 -3.483539 0.000000 0.000000 1.000000 0.000000
0.991474 0.130303 0.000000 50.175464 -0.130303 0.991474 0.000000 -3.686277 0.000000 0.000000 1.000000 0.000000
0.991236 0.132102 0.000000 51.356128 -0.132102 0.991236 0.000000 -3.853231 0.000000 0.000000 1.000000 0.000000
0.990626 0.136602 0.000000 52.472629 -0.136602 0.990626 0.000000 -4.021615 0.000000 0.000000 1.000000 0.000000
0.989949 0.141427 0.000000 53.860065 -0.141427 0.989949 0.000000 -4.228209 0.000000 0.000000 1.000000 0.000000
0.989694 0.143197 0.000000 54.832906 -0.143197 0.989694 0.000000 -4.391107 0.000000 0.000000 1.000000 0.000000
0.988497 0.151243 0.000000 55.775850 -0.151243 0.988497 0.000000 -4.524648 0.000000 0.000000 1.000000 0.000000
0.988669 0.150113 0.000000 56.900998 -0.150113 0.988669 0.000000 -4.721879 0.000000 0.000000 1.000000 0.000000
0.987953 0.154756 0.000000 57.779228 -0.154756 0.987953 0.000000 -4.870839 0.000000 0.000000 1.000000 0.000000
0.987836 0.155497 0.000000 58.627236 -0.155497 0.987836 0.000000 -5.020860 0.000000 0.000000 1.000000 0.000000
0.986921 0.161202 0.000000 59.608121 -0.161202 0.986921 0.000000 -5.179103 0.000000 0.000000 1.000000 0.000000
0.986409 0.164311 0.000000 60.395673 -0.164311 0.986409 0.000000 -5.319900 0.000000 0.000000 1.000000 0.000000
0.985819 0.167811 0.000000 61.157552 -0.167811 0.985819 0.000000 -5.453149 0.000000 0.000000 1.000000 0.000000
0.985398 0.170268 0.000000 61.927970 -0.170268 0.985398 0.000000 -5.593311 0.000000 0.000000 1.000000 0.000000
0.984669 0.174433 0.000000 62.906115 -0.174433 0.984669 0.000000 -5.776938 0.000000 0.000000 1.000000 0.000000
0.984031 0.177995 0.000000 63.742141 -0.177995 0.984031 0.000000 -5.945141 0.000000 0.000000 1.000000 0.000000
0.983349 0.181726 0.000000 64.564529 -0.181726 0.983349 0.000000 -6.114962 0.000000 0.000000 1.000000 0.000000
0.982838 0.184469 0.000000 65.372922 -0.184469 0.982838 0.000000 -6.288509 0.000000 0.000000 1.000000 0.000000
0.981069 0.193660 0.000000 66.724365 -0.193660 0.981069 0.000000 -6.558879 0.000000 0.000000 1.000000 0.000000
0.980544 0.196300 0.000000 67.883755 -0.196300 0.980544 0.000000 -6.802840 0.000000 0.000000 1.000000 0.000000
0.980024 0.198877 0.000000 68.928666 -0.198877 0.980024 0.000000 -7.025765 0.000000 0.000000 1.000000 0.000000
0.978080 0.208229 0.000000 70.101579 -0.208229 0.978080 0.000000 -7.278210 0.000000 0.000000 1.000000 0.000000
0.976448 0.215752 0.000000 71.105233 -0.215752 0.976448 0.000000 -7.481681 0.000000 0.000000 1.000000 0.000000
0.976193 0.216904 0.000000 72.387720 -0.216904 0.976193 0.000000 -7.776306 0.000000 0.000000 1.000000 0.000000
0.976308 0.216385 0.000000 74.043208 -0.216385 0.976308 0.000000 -8.147654 0.000000 0.000000 1.000000 0.000000
0.976511 0.215467 0.000000 75.243931 -0.215467 0.976511 0.000000 -8.422592 0.000000 0.000000 1.000000 0.000000
0.976545 0.215314 0.000000 76.514528 -0.215314 0.976545 0.000000 -8.717551 0.000000 0.000000 1.000000 0.000000
0.977398 0.211409 0.000000 78.468217 -0.211409 0.977398 0.000000 -9.154813 0.000000 0.000000 1.000000 0.000000
0.976110 0.217276 0.000000 79.909391 -0.217276 0.976110 0.000000 -9.490589 0.000000 0.000000 1.000000 0.000000
0.973714 0.227774 0.000000 81.360969 -0.227774 0.973714 0.000000 -9.825505 0.000000 0.000000 1.000000 0.000000
0.971697 0.236232 0.000000 82.887178 -0.236232 0.971697 0.000000 -10.197145 0.000000 0.000000 1.000000 0.000000
0.970297 0.241917 0.000000 84.910095 -0.241917 0.970297 0.000000 -10.718811 0.000000 0.000000 1.000000 0.000000
0.967825 0.251624 0.000000 86.844817 -0.251624 0.967825 0.000000 -11.224925 0.000000 0.000000 1.000000 0.000000
0.963779 0.266703 0.000000 89.191478 -0.266703 0.963779 0.000000 -11.856297 0.000000 0.000000 1.000000 0.000000
0.960331 0.278862 0.000000 90.928026 -0.278862 0.960331 0.000000 -12.346989 0.000000 0.000000 1.000000 0.000000
0.959484 0.281763 0.000000 92.686852 -0.281763 0.959484 0.000000 -12.861475 0.000000 0.000000 1.000000 0.000000
0.959448 0.281887 0.000000 94.424316 -0.281887 0.959448 0.000000 -13.378772 0.000000 0.000000 1.000000 0.000000
0.959923 0.280263 0.000000 96.189740 -0.280263 0.959923 0.000000 -13.907834 0.000000 0.000000 1.000000 0.000000
0.959510 0.281675 0.000000 98.529596 -0.281675 0.959510 0.000000 -14.608250 0.000000 0.000000 1.000000 0.000000
0.958302 0.285757 0.000000 100.357850 -0.285757 0.958302 0.000000 -15.178085 0.000000 0.000000 1.000000 0.000000
0.957734 0.287654 0.000000 102.142614 -0.287654 0.957734 0.000000 -15.718072 0.000000 0.000000 1.000000 0.000000
0.955662 0.294465 0.000000 104.022411 -0.294465 0.955662 0.000000 -16.324600 0.000000 0.000000 1.000000 0.000000
0.953967 0.299912 0.000000 106.032520 -0.299912 0.953967 0.000000 -16.965813 0.000000 0.000000 1.000000 0.000000
0.954320 0.298785 0.000000 108.313750 -0.298785 0.954320 0.000000 -17.706921 0.000000 0.000000 1.000000 0.000000
0.953134 0.302550 0.000000 110.227681 -0.302550 0.953134 0.000000 -18.355760 0.000000 0.000000 1.000000 0.000000
0.953527 0.301306 0.000000 112.606462 -0.301306 0.953527 0.000000 -19.149703 0.000000 0.000000 1.000000 0.000000
0.953296 0.302039 0.000000 115.202868 -0.302039 0.953296 0.000000 -20.004818 0.000000 0.000000 1.000000 0.000000
0.952670 0.304005 0.000000 117.037716 -0.304005 0.952670 0.000000 -20.623500 0.000000 0.000000 1.000000 0.000000
0.947888 0.318604 0.000000 122.892212 -0.318604 0.947888 0.000000 -22.666297 0.000000 0.000000 1.000000 0.000000
0.948091 0.317999 0.000000 124.694130 -0.317999 0.948091 0.000000 -23.325377 0.000000 0.000000 1.000000 0.000000
0.948036 0.318162 0.000000 126.721644 -0.318162 0.948036 0.000000 -24.067952 0.000000 0.000000 1.000000 0.000000
0.945978 0.324232 0.000000 128.863953 -0.324232 0.945978 0.000000 -24.826408 0.000000 0.000000 1.000000 0.000000
0.945867 0.324556 0.000000 130.694733 -0.324556 0.945867 0.000000 -25.490181 0.000000 0.000000 1.000000 0.000000
0.944724 0.327866 0.000000 132.776338 -0.327866 0.944724 0.000000 -26.253384 0.000000 0.000000 1.000000 0.000000
0.942470 0.334292 0.000000 134.703180 -0.334292 0.942470 0.000000 -26.976392 0.000000 0.000000 1.000000 0.000000
0.941585 0.336774 0.000000 136.472716 -0.336774 0.941585 0.000000 -27.645008 0.000000 0.000000 1.000000 0.000000
0.943023 0.332727 0.000000 138.737219 -0.332727 0.943023 0.000000 -28.496858 0.000000 0.000000 1.000000 0.000000
0.940012 0.341142 0.000000 140.425533 -0.341142 0.940012 0.000000 -29.120201 0.000000 0.000000 1.000000 0.000000
0.943079 0.332568 0.000000 142.260799 -0.332568 0.943079 0.000000 -29.824246 0.000000 0.000000 1.000000 0.000000
0.942779 0.333419 0.000000 143.915220 -0.333419 0.942779 0.000000 -30.448433 0.000000 0.000000 1.000000 0.000000
0.942997 0.332800 0.000000 145.515736 -0.332800 0.942997 0.000000 -31.050717 0.000000 0.000000 1.000000 0.000000
0.941853 0.336025 0.000000 147.324529 -0.336025 0.941853 0.000000 -31.732716 0.000000 0.000000 1.000000 0.000000
0.939594 0.342291 0.000000 148.914562 -0.342291 0.939594 0.000000 -32.322808 0.000000 0.000000 1.000000 0.000000
0.938758 0.344576 0.000000 150.678165 -0.344576 0.938758 0.000000 -32.984215 0.000000 0.000000 1.000000 0.000000
0.936007 0.351983 0.000000 152.220730 -0.351983 0.936007 0.000000 -33.581435 0.000000 0.000000 1.000000 0.000000
0.934927 0.354839 0.000000 153.995550 -0.354839 0.934927 0.000000 -34.269615 0.000000 0.000000 1.000000 0.000000
0.936649 0.350268 0.000000 155.606192 -0.350268 0.936649 0.000000 -34.911266 0.000000 0.000000 1.000000 0.000000
0.937519 0.347934 0.000000 157.205787 -0.347934 0.937519 0.000000 -35.541929 0.000000 0.000000 1.000000 0.000000
0.940151 0.340758 0.000000 158.782606 -0.340758 0.940151 0.000000 -36.168018 0.000000 0.000000 1.000000 0.000000
0.941967 0.335707 0.000000 160.329137 -0.335707 0.941967 0.000000 -36.760057 0.000000 0.000000 1.000000 0.000000
0.945697 0.325048 0.000000 161.942772 -0.325048 0.945697 0.000000 -37.383562 0.000000 0.000000 1.000000 0.000000
0.949127 0.314894 0.000000 163.474885 -0.314894 0.949127 0.000000 -37.956168 0.000000 0.000000 1.000000 0.000000
0.952921 0.303219 0.000000 165.254511 -0.303219 0.952921 0.000000 -38.579203 0.000000 0.000000 1.000000 0.000000
0.953547 0.301245 0.000000 166.968552 -0.301245 0.953547 0.000000 -39.177139 0.000000 0.000000 1.000000 0.000000
0.955158 0.296096 0.000000 169.108675 -0.296096 0.955158 0.000000 -39.887214 0.000000 0.000000 1.000000 0.000000
0.955534 0.294881 0.000000 170.706329 -0.294881 0.955534 0.000000 -40.394003 0.000000 0.000000 1.000000 0.000000
0.954405 0.298514 0.000000 172.274668 -0.298514 0.954405 0.000000 -40.907653 0.000000 0.000000 1.000000 0.000000
0.954011 0.299771 0.000000 173.763614 -0.299771 0.954011 0.000000 -41.407027 0.000000 0.000000 1.000000 0.000000
0.955102 0.296277 0.000000 175.290312 -0.296277 0.955102 0.000000 -41.886466 0.000000 0.000000 1.000000 0.000000
0.956821 0.290678 0.000000 176.761251 -0.290678 0.956821 0.000000 -42.355684 0.000000 0.000000 1.000000 0.000000
0.956505 0.291716 0.000000 178.268570 -0.291716 0.956505 0.000000 -42.808073 0.000000 0.000000 1.000000 0.000000
0.959855 0.280496 0.000000 179.907739 -0.280496 0.959855 0.000000 -43.325540 0.000000 0.000000 1.000000 0.000000
0.962400 0.271636 0.000000 181.583748 -0.271636 0.962400 0.000000 -43.819487 0.000000 0.000000 1.000000 0.000000
0.965322 0.261061 0.000000 183.087482 -0.261061 0.965322 0.000000 -44.248555 0.000000 0.000000 1.000000 0.000000
0.971626 0.236523 0.000000 185.059301 -0.236523 0.971626 0.000000 -44.778769 0.000000 0.000000 1.000000 0.000000
0.977093 0.212814 0.000000 186.463405 -0.212814 0.977093 0.000000 -45.111028 0.000000 0.000000 1.000000 0.000000
0.984835 0.173492 0.000000 188.324623 -0.173492 0.984835 0.000000 -45.506754 0.000000 0.000000 1.000000 0.000000
0.990114 0.140268 0.000000 189.934802 -0.140268 0.990114 0.000000 -45.784964 0.000000 0.000000 1.000000 0.000000
0.994427 0.105427 0.000000 191.299681 -0.105427 0.994427 0.000000 -45.985390 0.000000 0.000000 1.000000 0.000000
0.996865 0.079122 0.000000 192.607235 -0.079122 0.996865 0.000000 -46.146853 0.000000 0.000000 1.000000 0.000000
0.998917 0.046522 0.000000 193.922120 -0.046522 0.998917 0.000000 -46.275090 0.000000 0.000000 1.000000 0.000000
0.999916 0.012987 0.000000 195.188097 -0.012987 0.999916 0.000000 -46.346458 0.000000 0.000000 1.000000 0.000000
0.999730 -0.023227 0.000000 196.948844 0.023227 0.999730 0.000000 -46.354361 0.000000 0.000000 1.000000 0.000000
0.998174 -0.060396 0.000000 198.383981 0.060396 0.998174 0.000000 -46.324859 0.000000 0.000000 1.000000 0.000000
0.996730 -0.080801 0.000000 199.586428 0.080801 0.996730 0.000000 -46.254563 0.000000 0.000000 1.000000 0.000000
0.995261 -0.097243 0.000000 200.709946 0.097243 0.995261 0.000000 -46.160541 0.000000 0.000000 1.000000 0.000000
0.993137 -0.116958 0.000000 201.783778 0.116958 0.993137 0.000000 -46.070280 0.000000 0.000000 1.000000 0.000000
0.991298 -0.131637 0.000000 202.783102 0.131637 0.991298 0.000000 -45.961410 0.000000 0.000000 1.000000 0.000000
0.988928 -0.148398 0.000000 203.900045 0.148398 0.988928 0.000000 -45.811345 0.000000 0.000000 1.000000 0.000000
0.985987 -0.166822 0.000000 205.124648 0.166822 0.985987 0.000000 -45.619562 0.000000 0.000000 1.000000 0.000000
0.983873 -0.178867 0.000000 205.979464 0.178867 0.983873 0.000000 -45.475587 0.000000 0.000000 1.000000 0.000000
0.980629 -0.195875 0.000000 206.934426 0.195875 0.980629 0.000000 -45.309525 0.000000 0.000000 1.000000 0.000000
0.978146 -0.207918 0.000000 207.754747 0.207918 0.978146 0.000000 -45.144503 0.000000 0.000000 1.000000 0.000000
0.975545 -0.219799 0.000000 208.518701 0.219799 0.975545 0.000000 -44.980718 0.000000 0.000000 1.000000 0.000000
0.973667 -0.227975 0.000000 209.229253 0.227975 0.973667 0.000000 -44.819145 0.000000 0.000000 1.000000 0.000000
0.972750 -0.231856 0.000000 209.919817 0.231856 0.972750 0.000000 -44.663290 0.000000 0.000000 1.000000 0.000000
0.970514 -0.241043 0.000000 210.616970 0.241043 0.970514 0.000000 -44.506938 0.000000 0.000000 1.000000 0.000000
0.966187 -0.257841 0.000000 211.593227 0.257841 0.966187 0.000000 -44.256201 0.000000 0.000000 1.000000 0.000000
0.964203 -0.265164 0.000000 212.293422 0.265164 0.964203 0.000000 -44.075421 0.000000 0.000000 1.000000 0.000000
0.962142 -0.272550 0.000000 212.905736 0.272550 0.962142 0.000000 -43.916786 0.000000 0.000000 1.000000 0.000000
0.960208 -0.279285 0.000000 213.535675 0.279285 0.960208 0.000000 -43.754738 0.000000 0.000000 1.000000 0.000000
0.958610 -0.284721 0.000000 214.140371 0.284721 0.958610 0.000000 -43.578765 0.000000 0.000000 1.000000 0.000000
0.956231 -0.292614 0.000000 214.693053 0.292614 0.956231 0.000000 -43.410765 0.000000 0.000000 1.000000 0.000000
0.953390 -0.301741 0.000000 215.268742 0.301741 0.953390 0.000000 -43.229905 0.000000 0.000000 1.000000 0.000000
0.950883 -0.309550 0.000000 215.870577 0.309550 0.950883 0.000000 -43.044651 0.000000 0.000000 1.000000 0.000000
0.947906 -0.318550 0.000000 216.629624 0.318550 0.947906 0.000000 -42.804426 0.000000 0.000000 1.000000 0.000000
0.946854 -0.321664 0.000000 217.342805 0.321664 0.946854 0.000000 -42.575216 0.000000 0.000000 1.000000 0.000000
0.947199 -0.320646 0.000000 218.087341 0.320646 0.947199 0.000000 -42.324191 0.000000 0.000000 1.000000 0.000000
0.946883 -0.321577 0.000000 218.852265 0.321577 0.946883 0.000000 -42.065336 0.000000 0.000000 1.000000 0.000000
0.946485 -0.322749 0.000000 219.643488 0.322749 0.946485 0.000000 -41.808547 0.000000 0.000000 1.000000 0.000000
0.945658 -0.325164 0.000000 220.430540 0.325164 0.945658 0.000000 -41.549944 0.000000 0.000000 1.000000 0.000000
0.944166 -0.329469 0.000000 221.376195 0.329469 0.944166 0.000000 -41.240268 0.000000 0.000000 1.000000 0.000000
0.940964 -0.338506 0.000000 222.594563 0.338506 0.940964 0.000000 -40.832804 0.000000 0.000000 1.000000 0.000000
0.937584 -0.347759 0.000000 223.513461 0.347759 0.937584 0.000000 -40.521733 0.000000 0.000000 1.000000 0.000000
0.935870 -0.352346 0.000000 224.672592 0.352346 0.935870 0.000000 -40.112919 0.000000 0.000000 1.000000 0.000000
0.934632 -0.355616 0.000000 225.530998 0.355616 0.934632 0.000000 -39.818311 0.000000 0.000000 1.000000 0.000000
0.933662 -0.358154 0.000000 226.346512 0.358154 0.933662 0.000000 -39.520502 0.000000 0.000000 1.000000 0.000000
0.933104 -0.359605 0.000000 227.163896 0.359605 0.933104 0.000000 -39.225212 0.000000 0.000000 1.000000 0.000000
0.932653 -0.360774 0.000000 228.361822 0.360774 0.932653 0.000000 -38.790843 0.000000 0.000000 1.000000 0.000000
0.932253 -0.361806 0.000000 229.143748 0.361806 0.932253 0.000000 -38.511143 0.000000 0.000000 1.000000 0.000000
0.932013 -0.362425 0.000000 230.284835 0.362425 0.932013 0.000000 -38.080047 0.000000 0.000000 1.000000 0.000000
0.931515 -0.363704 0.000000 231.481616 0.363704 0.931515 0.000000 -37.631565 0.000000 0.000000 1.000000 0.000000
0.929600 -0.368570 0.000000 232.244030 0.368570 0.929600 0.000000 -37.339450 0.000000 0.000000 1.000000 0.000000
0.929928 -0.367741 0.000000 232.916685 0.367741 0.929928 0.000000 -37.085959 0.000000 0.000000 1.000000 0.000000
0.930840 -0.365427 0.000000 233.542810 0.365427 0.930840 0.000000 -36.859477 0.000000 0.000000 1.000000 0.000000
0.930289 -0.366827 0.000000 234.100032 0.366827 0.930289 0.000000 -36.658881 0.000000 0.000000 1.000000 0.000000
0.930034 -0.367475 0.000000 234.588644 0.367475 0.930034 0.000000 -36.471106 0.000000 0.000000 1.000000 0.000000
0.928280 -0.371883 0.000000 235.074392 0.371883 0.928280 0.000000 -36.292805 0.000000 0.000000 1.000000 0.000000
0.928808 -0.370562 0.000000 235.442782 0.370562 0.928808 0.000000 -36.148838 0.000000 0.000000 1.000000 0.000000
0.927355 -0.374182 0.000000 235.743669 0.374182 0.927355 0.000000 -36.024095 0.000000 0.000000 1.000000 0.000000
0.924740 -0.380599 0.000000 235.996781 0.380599 0.924740 0.000000 -35.921183 0.000000 0.000000 1.000000 0.000000
0.925655 -0.378369 0.000000 236.223555 0.378369 0.925655 0.000000 -35.821656 0.000000 0.000000 1.000000 0.000000
0.925301 -0.379233 0.000000 236.367194 0.379233 0.925301 0.000000 -35.759469 0.000000 0.000000 1.000000 0.000000
0.926296 -0.376797 0.000000 236.470223 0.376797 0.926296 0.000000 -35.713998 0.000000 0.000000 1.000000 0.000000
0.929029 -0.370006 0.000000 236.573312 0.370006 0.929029 0.000000 -35.675681 0.000000 0.000000 1.000000 0.000000
0.929229 -0.369505 0.000000 236.619132 0.369505 0.929229 0.000000 -35.659283 0.000000 0.000000 1.000000 0.000000
0.928526 -0.371266 0.000000 236.658252 0.371266 0.928526 0.000000 -35.649371 0.000000 0.000000 1.000000 0.000000
0.928440 -0.371483 0.000000 236.667328 0.371483 0.928440 0.000000 -35.644049 0.000000 0.000000 1.000000 0.000000
0.928320 -0.371781 0.000000 236.668951 0.371781 0.928320 0.000000 -35.644465 0.000000 0.000000 1.000000 0.000000
0.928237 -0.371990 0.000000 236.670220 0.371990 0.928237 0.000000 -35.646913 0.000000 0.000000 1.000000 0.000000
0.928096 -0.372340 0.000000 236.670995 0.372340 0.928096 0.000000 -35.648189 0.000000 0.000000 1.000000 0.000000
0.928195 -0.372095 0.000000 236.671817 0.372095 0.928195 0.000000 -35.648417 0.000000 0.000000 1.000000 0.000000
0.928377 -0.371641 0.000000 236.671251 0.371641 0.928377 0.000000 -35.647398 0.000000 0.000000 1.000000 0.000000
0.928499 -0.371334 0.000000 236.670351 0.371334 0.928499 0.000000 -35.646731 0.000000 0.000000 1.000000 0.000000
0.928497 -0.371341 0.000000 236.671234 0.371341 0.928497 0.000000 -35.647286 0.000000 0.000000 1.000000 0.000000
0.928718 -0.370787 0.000000 236.672363 0.370787 0.928718 0.000000 -35.647455 0.000000 0.000000 1.000000 0.000000
0.928885 -0.370367 0.000000 236.673025 0.370367 0.928885 0.000000 -35.647467 0.000000 0.000000 1.000000 0.000000
0.929182 -0.369623 0.000000 236.673408 0.369623 0.929182 0.000000 -35.646525 0.000000 0.000000 1.000000 0.000000
0.929290 -0.369352 0.000000 236.674257 0.369352 0.929290 0.000000 -35.646906 0.000000 0.000000 1.000000 0.000000
0.929196 -0.369587 0.000000 236.674958 0.369587 0.929196 0.000000 -35.647239 0.000000 0.000000 1.000000 0.000000
0.928985 -0.370118 0.000000 236.676100 0.370118 0.928985 0.000000 -35.648255 0.000000 0.000000 1.000000 0.000000
0.928917 -0.370288 0.000000 236.676202 0.370288 0.928917 0.000000 -35.648110 0.000000 0.000000 1.000000 0.000000
0.928884 -0.370371 0.000000 236.676112 0.370371 0.928884 0.000000 -35.648208 0.000000 0.000000 1.000000 0.000000
0.928848 -0.370460 0.000000 236.676249 0.370460 0.928848 0.000000 -35.647952 0.000000 0.000000 1.000000 0.000000
0.928821 -0.370528 0.000000 236.675977 0.370528 0.928821 0.000000 -35.647258 0.000000 0.000000 1.000000 0.000000
0.928775 -0.370644 0.000000 236.675898 0.370644 0.928775 0.000000 -35.646794 0.000000 0.000000 1.000000 0.000000
0.928623 -0.371025 0.000000 236.676209 0.371025 0.928623 0.000000 -35.645274 0.000000 0.000000 1.000000 0.000000
0.928412 -0.371552 0.000000 236.676707 0.371552 0.928412 0.000000 -35.644502 0.000000 0.000000 1.000000 0.000000
0.928089 -0.372359 0.000000 236.678561 0.372359 0.928089 0.000000 -35.645651 0.000000 0.000000 1.000000 0.000000
0.927973 -0.372648 0.000000 236.679086 0.372648 0.927973 0.000000 -35.644566 0.000000 0.000000 1.000000 0.000000
0.928217 -0.372040 0.000000 236.678785 0.372040 0.928217 0.000000 -35.642253 0.000000 0.000000 1.000000 0.000000
0.928381 -0.371631 0.000000 236.679805 0.371631 0.928381 0.000000 -35.641892 0.000000 0.000000 1.000000 0.000000
0.928423 -0.371526 0.000000 236.681054 0.371526 0.928423 0.000000 -35.642428 0.000000 0.000000 1.000000 0.000000
0.928384 -0.371623 0.000000 236.681415 0.371623 0.928384 0.000000 -35.642587 0.000000 0.000000 1.000000 0.000000
0.928268 -0.371912 0.000000 236.682001 0.371912 0.928268 0.000000 -35.642768 0.000000 0.000000 1.000000 0.000000
0.927493 -0.373841 0.000000 236.684637 0.373841 0.927493 0.000000 -35.645356 0.000000 0.000000 1.000000 0.000000
0.925922 -0.377714 0.000000 236.690594 0.377714 0.925922 0.000000 -35.648862 0.000000 0.000000 1.000000 0.000000
0.921551 -0.388257 0.000000 236.710730 0.388257 0.921551 0.000000 -35.664234 0.000000 0.000000 1.000000 0.000000
0.914880 -0.403725 0.000000 236.780121 0.403725 0.914880 0.000000 -35.670911 0.000000 0.000000 1.000000 0.000000
0.914111 -0.405463 0.000000 236.825348 0.405463 0.914111 0.000000 -35.651563 0.000000 0.000000 1.000000 0.000000
0.913346 -0.407183 0.000000 236.882413 0.407183 0.913346 0.000000 -35.623248 0.000000 0.000000 1.000000 0.000000
0.910630 -0.413222 0.000000 236.914644 0.413222 0.910630 0.000000 -35.619689 0.000000 0.000000 1.000000 0.000000
0.907741 -0.419531 0.000000 236.927103 0.419531 0.907741 0.000000 -35.630277 0.000000 0.000000 1.000000 0.000000
0.904620 -0.426218 0.000000 236.940667 0.426218 0.904620 0.000000 -35.643427 0.000000 0.000000 1.000000 0.000000
0.898762 -0.438436 0.000000 236.964973 0.438436 0.898762 0.000000 -35.663092 0.000000 0.000000 1.000000 0.000000
0.892217 -0.451607 0.000000 237.007072 0.451607 0.892217 0.000000 -35.670432 0.000000 0.000000 1.000000 0.000000
0.890305 -0.455364 0.000000 237.052688 0.455364 0.890305 0.000000 -35.651017 0.000000 0.000000 1.000000 0.000000
0.889249 -0.457423 0.000000 237.091616 0.457423 0.889249 0.000000 -35.625517 0.000000 0.000000 1.000000 0.000000
0.888983 -0.457940 0.000000 237.132693 0.457940 0.888983 0.000000 -35.601267 0.000000 0.000000 1.000000 0.000000
0.888799 -0.458297 0.000000 237.171629 0.458297 0.888799 0.000000 -35.579505 0.000000 0.000000 1.000000 0.000000
0.889162 -0.457593 0.000000 237.215024 0.457593 0.889162 0.000000 -35.555582 0.000000 0.000000 1.000000 0.000000
0.888768 -0.458358 0.000000 237.252518 0.458358 0.888768 0.000000 -35.535983 0.000000 0.000000 1.000000 0.000000
0.888370 -0.459129 0.000000 237.294918 0.459129 0.888370 0.000000 -35.516765 0.000000 0.000000 1.000000 0.000000
0.888667 -0.458553 0.000000 237.343426 0.458553 0.888667 0.000000 -35.488925 0.000000 0.000000 1.000000 0.000000
0.887063 -0.461649 0.000000 237.432667 0.461649 0.887063 0.000000 -35.451516 0.000000 0.000000 1.000000 0.000000
0.886053 -0.463583 0.000000 237.540991 0.463583 0.886053 0.000000 -35.399723 0.000000 0.000000 1.000000 0.000000
0.887110 -0.461558 0.000000 237.685018 0.461558 0.887110 0.000000 -35.323707 0.000000 0.000000 1.000000 0.000000
0.886357 -0.463003 0.000000 237.867520 0.463003 0.886357 0.000000 -35.235596 0.000000 0.000000 1.000000 0.000000
0.886113 -0.463470 0.000000 238.106454 0.463470 0.886113 0.000000 -35.112585 0.000000 0.000000 1.000000 0.000000
0.886344 -0.463028 0.000000 238.356591 0.463028 0.886344 0.000000 -34.983925 0.000000 0.000000 1.000000 0.000000
0.885818 -0.464034 0.000000 238.681709 0.464034 0.885818 0.000000 -34.805820 0.000000 0.000000 1.000000 0.000000
0.886639 -0.462462 0.000000 239.032513 0.462462 0.886639 0.000000 -34.627055 0.000000 0.000000 1.000000 0.000000
0.887782 -0.460264 0.000000 239.385994 0.460264 0.887782 0.000000 -34.440597 0.000000 0.000000 1.000000 0.000000
0.885080 -0.465439 0.000000 239.784662 0.465439 0.885080 0.000000 -34.239380 0.000000 0.000000 1.000000 0.000000
0.884335 -0.466854 0.000000 240.201044 0.466854 0.884335 0.000000 -34.028314 0.000000 0.000000 1.000000 0.000000
0.880777 -0.473532 0.000000 240.694144 0.473532 0.880777 0.000000 -33.782469 0.000000 0.000000 1.000000 0.000000
0.880822 -0.473448 0.000000 241.152222 0.473448 0.880822 0.000000 -33.543167 0.000000 0.000000 1.000000 0.000000
0.872103 -0.489321 0.000000 241.682154 0.489321 0.872103 0.000000 -33.253446 0.000000 0.000000 1.000000 0.000000
0.872950 -0.487811 0.000000 242.204682 0.487811 0.872950 0.000000 -32.967253 0.000000 0.000000 1.000000 0.000000
0.875361 -0.483470 0.000000 242.777561 0.483470 0.875361 0.000000 -32.666404 0.000000 0.000000 1.000000 0.000000
0.875327 -0.483532 0.000000 243.340001 0.483532 0.875327 0.000000 -32.375260 0.000000 0.000000 1.000000 0.000000
0.877352 -0.479848 0.000000 243.917205 0.479848 0.877352 0.000000 -32.070497 0.000000 0.000000 1.000000 0.000000
0.878661 -0.477445 0.000000 244.593637 0.477445 0.878661 0.000000 -31.723189 0.000000 0.000000 1.000000 0.000000
0.879733 -0.475467 0.000000 246.106946 0.475467 0.879733 0.000000 -30.910544 0.000000 0.000000 1.000000 0.000000
0.881388 -0.472392 0.000000 246.981783 0.472392 0.881388 0.000000 -30.440065 0.000000 0.000000 1.000000 0.000000
0.880105 -0.474779 0.000000 247.654968 0.474779 0.880105 0.000000 -30.071871 0.000000 0.000000 1.000000 0.000000
0.882333 -0.470626 0.000000 248.316667 0.470626 0.882333 0.000000 -29.730297 0.000000 0.000000 1.000000 0.000000
0.885876 -0.463922 0.000000 248.951291 0.463922 0.885876 0.000000 -29.412226 0.000000 0.000000 1.000000 0.000000
0.886688 -0.462368 0.000000 249.638330 0.462368 0.886688 0.000000 -29.052856 0.000000 0.000000 1.000000 0.000000
0.890095 -0.455775 0.000000 250.245788 0.455775 0.890095 0.000000 -28.741772 0.000000 0.000000 1.000000 0.000000
0.889032 -0.457845 0.000000 250.823990 0.457845 0.889032 0.000000 -28.449339 0.000000 0.000000 1.000000 0.000000
0.888947 -0.458011 0.000000 251.680216 0.458011 0.888947 0.000000 -28.001735 0.000000 0.000000 1.000000 0.000000
0.889982 -0.455995 0.000000 252.635833 0.455995 0.889982 0.000000 -27.502561 0.000000 0.000000 1.000000 0.000000
0.887175 -0.461432 0.000000 253.199267 0.461432 0.887175 0.000000 -27.206161 0.000000 0.000000 1.000000 0.000000
0.883887 -0.467701 0.000000 253.769379 0.467701 0.883887 0.000000 -26.917380 0.000000 0.000000 1.000000 0.000000
0.875031 -0.484067 0.000000 254.412525 0.484067 0.875031 0.000000 -26.571954 0.000000 0.000000 1.000000 0.000000
0.858824 -0.512271 0.000000 255.083250 0.512271 0.858824 0.000000 -26.192403 0.000000 0.000000 1.000000 0.000000
0.839986 -0.542608 0.000000 255.722161 0.542608 0.839986 0.000000 -25.805394 0.000000 0.000000 1.000000 0.000000
0.813494 -0.581573 0.000000 256.350834 0.581573 0.813494 0.000000 -25.405938 0.000000 0.000000 1.000000 0.000000
0.780228 -0.625495 0.000000 256.950538 0.625495 0.780228 0.000000 -24.983982 0.000000 0.000000 1.000000 0.000000
0.739721 -0.672913 0.000000 257.541105 0.672913 0.739721 0.000000 -24.513533 0.000000 0.000000 1.000000 0.000000
0.693647 -0.720315 0.000000 258.133632 0.720315 0.693647 0.000000 -23.991849 0.000000 0.000000 1.000000 0.000000
0.625277 -0.780403 0.000000 258.876416 0.780403 0.625277 0.000000 -23.243302 0.000000 0.000000 1.000000 0.000000
0.565766 -0.824566 0.000000 259.538382 0.824566 0.565766 0.000000 -22.456868 0.000000 0.000000 1.000000 0.000000
0.509715 -0.860343 0.000000 260.044451 0.860343 0.509715 0.000000 -21.755272 0.000000 0.000000 1.000000 0.000000
0.416883 -0.908960 0.000000 260.665942 0.908960 0.416883 0.000000 -20.754222 0.000000 0.000000 1.000000 0.000000
0.347794 -0.937571 0.000000 261.035789 0.937571 0.347794 0.000000 -19.941316 0.000000 0.000000 1.000000 0.000000
0.276965 -0.960880 0.000000 261.328222 0.960880 0.276965 0.000000 -19.097024 0.000000 0.000000 1.000000 0.000000
0.169752 -0.985487 0.000000 261.660251 0.985487 0.169752 0.000000 -17.907607 0.000000 0.000000 1.000000 0.000000
0.092185 -0.995742 0.000000 261.837763 0.995742 0.092185 0.000000 -16.934663 0.000000 0.000000 1.000000 0.000000
0.035842 -0.999357 0.000000 261.943377 0.999357 0.035842 0.000000 -15.946601 0.000000 0.000000 1.000000 0.000000
0.004316 -0.999991 0.000000 261.978929 0.999991 0.004316 0.000000 -14.793094 0.000000 0.000000 1.000000 0.000000
-0.033856 -0.999427 0.000000 261.946706 0.999427 -0.033856 0.000000 -12.392092 0.000000 0.000000 1.000000 0.000000
-0.047028 -0.998894 0.000000 261.916239 0.998894 -0.047028 0.000000 -11.223397 0.000000 0.000000 1.000000 0.000000
-0.055518 -0.998458 0.000000 261.873612 0.998458 -0.055518 0.000000 -10.051281 0.000000 0.000000 1.000000 0.000000
-0.060900 -0.998144 0.000000 261.812636 0.998144 -0.060900 0.000000 -8.815717 0.000000 0.000000 1.000000 0.000000
-0.066060 -0.997816 0.000000 261.752649 0.997816 -0.066060 0.000000 -7.553691 0.000000 0.000000 1.000000 0.000000
-0.062674 -0.998034 0.000000 261.635971 0.998034 -0.062674 0.000000 -5.852770 0.000000 0.000000 1.000000 0.000000
-0.074067 -0.997253 0.000000 261.560104 0.997253 -0.074067 0.000000 -4.428602 0.000000 0.000000 1.000000 0.000000
-0.080230 -0.996776 0.000000 261.456667 0.996776 -0.080230 0.000000 -2.978482 0.000000 0.000000 1.000000 0.000000
-0.080530 -0.996752 0.000000 261.322709 0.996752 -0.080530 0.000000 -1.406633 0.000000 0.000000 1.000000 0.000000
-0.085656 -0.996325 0.000000 261.220995 0.996325 -0.085656 0.000000 0.001987 0.000000 0.000000 1.000000 0.000000
-0.085755 -0.996316 0.000000 261.120215 0.996316 -0.085755 0.000000 1.399257 0.000000 0.000000 1.000000 0.000000
-0.098781 -0.995109 0.000000 260.921067 0.995109 -0.098781 0.000000 4.062989 0.000000 0.000000 1.000000 0.000000
-0.100900 -0.994897 0.000000 260.741834 0.994897 -0.100900 0.000000 6.077597 0.000000 0.000000 1.000000 0.000000
-0.094839 -0.995493 0.000000 260.624844 0.995493 -0.094839 0.000000 7.612298 0.000000 0.000000 1.000000 0.000000
-0.090501 -0.995896 0.000000 260.516613 0.995896 -0.090501 0.000000 9.129747 0.000000 0.000000 1.000000 0.000000
-0.089573 -0.995980 0.000000 260.394383 0.995980 -0.089573 0.000000 10.682584 0.000000 0.000000 1.000000 0.000000
-0.094326 -0.995541 0.000000 260.278111 0.995541 -0.094326 0.000000 12.250027 0.000000 0.000000 1.000000 0.000000
-0.101696 -0.994816 0.000000 260.151463 0.994816 -0.101696 0.000000 13.795367 0.000000 0.000000 1.000000 0.000000
-0.104307 -0.994545 0.000000 260.021901 0.994545 -0.104307 0.000000 15.379584 0.000000 0.000000 1.000000 0.000000
-0.097632 -0.995223 0.000000 259.878236 0.995223 -0.097632 0.000000 17.170741 0.000000 0.000000 1.000000 0.000000
-0.104187 -0.994558 0.000000 259.722820 0.994558 -0.104187 0.000000 18.995124 0.000000 0.000000 1.000000 0.000000
-0.101128 -0.994873 0.000000 259.586082 0.994873 -0.101128 0.000000 20.656027 0.000000 0.000000 1.000000 0.000000
-0.101616 -0.994824 0.000000 259.437509 0.994824 -0.101616 0.000000 22.326784 0.000000 0.000000 1.000000 0.000000
-0.104326 -0.994543 0.000000 259.294067 0.994543 -0.104326 0.000000 24.013532 0.000000 0.000000 1.000000 0.000000
-0.097126 -0.995272 0.000000 259.133022 0.995272 -0.097126 0.000000 25.650597 0.000000 0.000000 1.000000 0.000000
-0.100450 -0.994942 0.000000 259.009094 0.994942 -0.100450 0.000000 27.276008 0.000000 0.000000 1.000000 0.000000
-0.107177 -0.994240 0.000000 258.850757 0.994240 -0.107177 0.000000 28.936423 0.000000 0.000000 1.000000 0.000000
-0.112538 -0.993647 0.000000 258.694865 0.993647 -0.112538 0.000000 30.615298 0.000000 0.000000 1.000000 0.000000
-0.112726 -0.993626 0.000000 258.518435 0.993626 -0.112726 0.000000 32.277921 0.000000 0.000000 1.000000 0.000000
-0.117036 -0.993128 0.000000 258.337780 0.993128 -0.117036 0.000000 34.105305 0.000000 0.000000 1.000000 0.000000
-0.120212 -0.992748 0.000000 258.142071 0.992748 -0.120212 0.000000 36.026090 0.000000 0.000000 1.000000 0.000000
-0.130134 -0.991496 0.000000 257.885229 0.991496 -0.130134 0.000000 38.312686 0.000000 0.000000 1.000000 0.000000
-0.126872 -0.991919 0.000000 257.700318 0.991919 -0.126872 0.000000 39.984171 0.000000 0.000000 1.000000 0.000000
-0.125393 -0.992107 0.000000 257.499066 0.992107 -0.125393 0.000000 41.604051 0.000000 0.000000 1.000000 0.000000
-0.129596 -0.991567 0.000000 257.303222 0.991567 -0.129596 0.000000 43.252548 0.000000 0.000000 1.000000 0.000000
-0.124601 -0.992207 0.000000 257.107323 0.992207 -0.124601 0.000000 44.905742 0.000000 0.000000 1.000000 0.000000
-0.119932 -0.992782 0.000000 256.823737 0.992782 -0.119932 0.000000 47.230621 0.000000 0.000000 1.000000 0.000000
-0.119317 -0.992856 0.000000 256.630774 0.992856 -0.119317 0.000000 49.116867 0.000000 0.000000 1.000000 0.000000
-0.121313 -0.992614 0.000000 256.454484 0.992614 -0.121313 0.000000 50.784126 0.000000 0.000000 1.000000 0.000000
-0.117719 -0.993047 0.000000 256.274044 0.993047 -0.117719 0.000000 52.421181 0.000000 0.000000 1.000000 0.000000
-0.107546 -0.994200 0.000000 256.107834 0.994200 -0.107546 0.000000 54.011905 0.000000 0.000000 1.000000 0.000000
-0.122141 -0.992513 0.000000 255.913520 0.992513 -0.122141 0.000000 55.834776 0.000000 0.000000 1.000000 0.000000
-0.128354 -0.991728 0.000000 255.724495 0.991728 -0.128354 0.000000 57.433051 0.000000 0.000000 1.000000 0.000000
-0.132061 -0.991242 0.000000 255.516851 0.991242 -0.132061 0.000000 59.052809 0.000000 0.000000 1.000000 0.000000
-0.129247 -0.991612 0.000000 255.233691 0.991612 -0.129247 0.000000 61.176195 0.000000 0.000000 1.000000 0.000000
-0.135300 -0.990805 0.000000 255.041228 0.990805 -0.135300 0.000000 62.769711 0.000000 0.000000 1.000000 0.000000
-0.143850 -0.989600 0.000000 254.789430 0.989600 -0.143850 0.000000 64.608131 0.000000 0.000000 1.000000 0.000000
-0.151936 -0.988390 0.000000 254.547460 0.988390 -0.151936 0.000000 66.288683 0.000000 0.000000 1.000000 0.000000
-0.165575 -0.986197 0.000000 254.320379 0.986197 -0.165575 0.000000 67.865212 0.000000 0.000000 1.000000 0.000000
-0.178395 -0.983959 0.000000 254.053918 0.983959 -0.178395 0.000000 69.518925 0.000000 0.000000 1.000000 0.000000
-0.186488 -0.982457 0.000000 253.767884 0.982457 -0.186488 0.000000 71.091551 0.000000 0.000000 1.000000 0.000000
