1.000000 -0.000717 0.000000 1.874971 0.000717 1.000000 0.000000 -0.043806 0.000000 0.000000 1.000000 0.000000
1.000000 -0.000144 0.000000 3.742799 0.000144 1.000000 0.000000 -0.073404 0.000000 0.000000 1.000000 0.000000
1.000000 -0.000249 0.000000 5.600997 0.000249 1.000000 0.000000 -0.118135 0.000000 0.000000 1.000000 0.000000
1.000000 -0.000447 0.000000 7.497045 0.000447 1.000000 0.000000 -0.161380 0.000000 0.000000 1.000000 0.000000
0.999996 -0.002863 0.000000 9.363038 0.002863 0.999996 0.000000 -0.198272 0.000000 0.000000 1.000000 0.000000
0.999991 -0.004193 0.000000 11.207242 0.004193 0.999991 0.000000 -0.242598 0.000000 0.000000 1.000000 0.000000
0.999997 -0.002320 0.000000 13.041523 0.002320 0.999997 0.000000 -0.268934 0.000000 0.000000 1.000000 0.000000
0.999963 -0.008659 0.000000 14.874631 0.008659 0.999963 0.000000 -0.310319 0.000000 0.000000 1.000000 0.000000
0.999973 -0.007394 0.000000 16.751498 0.007394 0.999973 0.000000 -0.345885 0.000000 0.000000 1.000000 0.000000
0.999999 0.001292 0.000000 18.562682 -0.001292 0.999999 0.000000 -0.383177 0.000000 0.000000 1.000000 0.000000
1.000000 0.000274 0.000000 20.652306 -0.000274 1.000000 0.000000 -0.437544 0.000000 0.000000 1.000000 0.000000
0.999991 0.004246 0.000000 22.562008 -0.004246 0.999991 0.000000 -0.463402 0.000000 0.000000 1.000000 0.000000
0.999981 0.006098 0.000000 24.469498 -0.006098 0.999981 0.000000 -0.511019 0.000000 0.000000 1.000000 0.000000
0.999948 0.010237 0.000000 26.391999 -0.010237 0.999948 0.000000 -0.559725 0.000000 0.000000 1.000000 0.000000
0.999929 0.011948 0.000000 28.313313 -0.011948 0.999929 0.000000 -0.614480 0.000000 0.000000 1.000000 0.000000
0.999917 0.012847 0.000000 30.190943 -0.012847 0.999917 0.000000 -0.677585 0.000000 0.000000 1.000000 0.000000
0.999913 0.013179 0.000000 32.106783 -0.013179 0.999913 0.000000 -0.741783 0.000000 0.000000 1.000000 0.000000
0.999879 0.015577 0.000000 34.037634 -0.015577 0.999879 0.000000 -0.795958 0.000000 0.000000 1.000000 0.000000
0.999837 0.018033 0.000000 35.977502 -0.018033 0.999837 0.000000 -0.849101 0.000000 0.000000 1.000000 0.000000
0.999801 0.019938 0.000000 37.901686 -0.019938 0.999801 0.000000 -0.901012 0.000000 0.000000 1.000000 0.000000
0.999886 0.015122 0.000000 39.878853 -0.015122 0.999886 0.000000 -0.971733 0.000000 0.000000 1.000000 0.000000
0.999838 0.018022 0.000000 41.830083 -0.018022 0.999838 0.000000 -1.021534 0.000000 0.000000 1.000000 0.000000
0.999893 0.014594 0.000000 43.807509 -0.014594 0.999893 0.000000 -1.081808 0.000000 0.000000 1.000000 0.000000
0.999868 0.016233 0.000000 46.154146 -0.016233 0.999868 0.000000 -1.159507 0.000000 0.000000 1.000000 0.000000
0.999892 0.014671 0.000000 48.130806 -0.014671 0.999892 0.000000 -1.222642 0.000000 0.000000 1.000000 0.000000
0.999918 0.012788 0.000000 50.779593 -0.012788 0.999918 0.000000 -1.291697 0.000000 0.000000 1.000000 0.000000
0.999963 0.008559 0.000000 52.705524 -0.008559 0.999963 0.000000 -1.326924 0.000000 0.000000 1.000000 0.000000
0.999920 0.012643 0.000000 54.656160 -0.012643 0.999920 0.000000 -1.374378 0.000000 0.000000 1.000000 0.000000
0.999908 0.013537 0.000000 56.484421 -0.013537 0.999908 0.000000 -1.425481 0.000000 0.000000 1.000000 0.000000
0.999868 0.016234 0.000000 58.324522 -0.016234 0.999868 0.000000 -1.486486 0.000000 0.000000 1.000000 0.000000
0.999861 0.016692 0.000000 60.137530 -0.016692 0.999861 0.000000 -1.559489 0.000000 0.000000 1.000000 0.000000
0.999816 0.019206 0.000000 61.936237 -0.019206 0.999816 0.000000 -1.620272 0.000000 0.000000 1.000000 0.000000
0.999759 0.021937 0.000000 63.988875 -0.021937 0.999759 0.000000 -1.699018 0.000000 0.000000 1.000000 0.000000
0.999763 0.021760 0.000000 65.787849 -0.021760 0.999763 0.000000 -1.769746 0.000000 0.000000 1.000000 0.000000
0.999848 0.017443 0.000000 67.609663 -0.017443 0.999848 0.000000 -1.829886 0.000000 0.000000 1.000000 0.000000
0.999844 0.017654 0.000000 69.964186 -0.017654 0.999844 0.000000 -1.918232 0.000000 0.000000 1.000000 0.000000
0.999810 0.019494 0.000000 71.707167 -0.019494 0.999810 0.000000 -1.988253 0.000000 0.000000 1.000000 0.000000
0.999832 0.018314 0.000000 73.420127 -0.018314 0.999832 0.000000 -2.058563 0.000000 0.000000 1.000000 0.000000
0.999802 0.019877 0.000000 75.096289 -0.019877 0.999802 0.000000 -2.130450 0.000000 0.000000 1.000000 0.000000
0.999770 0.021456 0.000000 76.703619 -0.021456 0.999770 0.000000 -2.212320 0.000000 0.000000 1.000000 0.000000
0.999604 0.028139 0.000000 78.278443 -0.028139 0.999604 0.000000 -2.267425 0.000000 0.000000 1.000000 0.000000
0.999603 0.028178 0.000000 79.834986 -0.028178 0.999603 0.000000 -2.337495 0.000000 0.000000 1.000000 0.000000
0.999526 0.030782 0.000000 81.367248 -0.030782 0.999526 0.000000 -2.419760 0.000000 0.000000 1.000000 0.000000
0.999425 0.033910 0.000000 82.881845 -0.033910 0.999425 0.000000 -2.500561 0.000000 0.000000 1.000000 0.000000
0.999335 0.036454 0.000000 84.373826 -0.036454 0.999335 0.000000 -2.598679 0.000000 0.000000 1.000000 0.000000
0.999134 0.041611 0.000000 86.030547 -0.041611 0.999134 0.000000 -2.688028 0.000000 0.000000 1.000000 0.000000
0.999175 0.040607 0.000000 87.493209 -0.040607 0.999175 0.000000 -2.778697 0.000000 0.000000 1.000000 0.000000
0.998902 0.046858 0.000000 89.394444 -0.046858 0.998902 0.000000 -2.931918 0.000000 0.000000 1.000000 0.000000
0.998573 0.053397 0.000000 90.807736 -0.053397 0.998573 0.000000 -3.063965 0.000000 0.000000 1.000000 0.000000
0.998052 0.062385 0.000000 92.200346 -0.062385 0.998052 0.000000 -3.202430 0.000000 0.000000 1.000000 0.000000
0.997489 0.070822 0.000000 93.538815 -0.070822 0.997489 0.000000 -3.334394 0.000000 0.000000 1.000000 0.000000
0.997047 0.076799 0.000000 94.859298 -0.076799 0.997047 0.000000 -3.484381 0.000000 0.000000 1.000000 0.000000
0.995946 0.089956 0.000000 96.132707 -0.089956 0.995946 0.000000 -3.620525 0.000000 0.000000 1.000000 0.000000
0.995447 0.095314 0.000000 97.365074 -0.095314 0.995447 0.000000 -3.759586 0.000000 0.000000 1.000000 0.000000
0.994663 0.103174 0.000000 98.540554 -0.103174 0.994663 0.000000 -3.922269 0.000000 0.000000 1.000000 0.000000
0.993930 0.110017 0.000000 99.699326 -0.110017 0.993930 0.000000 -4.083926 0.000000 0.000000 1.000000 0.000000
0.992341 0.123527 0.000000 101.065962 -0.123527 0.992341 0.000000 -4.281947 0.000000 0.000000 1.000000 0.000000
0.991385 0.130978 0.000000 102.299106 -0.130978 0.991385 0.000000 -4.482286 0.000000 0.000000 1.000000 0.000000
0.990822 0.135175 0.000000 103.550432 -0.135175 0.990822 0.000000 -4.692799 0.000000 0.000000 1.000000 0.000000
0.989300 0.145894 0.000000 105.126041 -0.145894 0.989300 0.000000 -4.971143 0.000000 0.000000 1.000000 0.000000
0.989596 0.143876 0.000000 106.421100 -0.143876 0.989596 0.000000 -5.205736 0.000000 0.000000 1.000000 0.000000
0.989271 0.146095 0.000000 107.735852 -0.146095 0.989271 0.000000 -5.421732 0.000000 0.000000 1.000000 0.000000
0.988428 0.151693 0.000000 109.070405 -0.151693 0.988428 0.000000 -5.661610 0.000000 0.000000 1.000000 0.000000
0.988348 0.152209 0.000000 110.801833 -0.152209 0.988348 0.000000 -5.975647 0.000000 0.000000 1.000000 0.000000
0.987490 0.157680 0.000000 112.179087 -0.157680 0.987490 0.000000 -6.259216 0.000000 0.000000 1.000000 0.000000
0.985977 0.166880 0.000000 113.604647 -0.166880 0.985977 0.000000 -6.544923 0.000000 0.000000 1.000000 0.000000
0.985060 0.172214 0.000000 115.015141 -0.172214 0.985060 0.000000 -6.833799 0.000000 0.000000 1.000000 0.000000
0.984319 0.176395 0.000000 116.418810 -0.176395 0.984319 0.000000 -7.125447 0.000000 0.000000 1.000000 0.000000
0.981923 0.189280 0.000000 117.833407 -0.189280 0.981923 0.000000 -7.413103 0.000000 0.000000 1.000000 0.000000
0.981028 0.193864 0.000000 119.244878 -0.193864 0.981028 0.000000 -7.722600 0.000000 0.000000 1.000000 0.000000
0.983205 0.182503 0.000000 121.485609 -0.182503 0.983205 0.000000 -8.242885 0.000000 0.000000 1.000000 0.000000
0.983398 0.181460 0.000000 122.970443 -0.181460 0.983398 0.000000 -8.558947 0.000000 0.000000 1.000000 0.000000
0.983732 0.179641 0.000000 124.510539 -0.179641 0.983732 0.000000 -8.871932 0.000000 0.000000 1.000000 0.000000
0.983092 0.183114 0.000000 126.025047 -0.183114 0.983092 0.000000 -9.176087 0.000000 0.000000 1.000000 0.000000
0.983586 0.180441 0.000000 127.542038 -0.180441 0.983586 0.000000 -9.499023 0.000000 0.000000 1.000000 0.000000
0.982999 0.183613 0.000000 129.077283 -0.183613 0.982999 0.000000 -9.815254 0.000000 0.000000 1.000000 0.000000
0.981760 0.190125 0.000000 130.770501 -0.190125 0.981760 0.000000 -10.157251 0.000000 0.000000 1.000000 0.000000
0.980130 0.198358 0.000000 132.377444 -0.198358 0.980130 0.000000 -10.510543 0.000000 0.000000 1.000000 0.000000
0.980124 0.198386 0.000000 137.816446 -0.198386 0.980124 0.000000 -11.792745 0.000000 0.000000 1.000000 0.000000
0.978523 0.206138 0.000000 140.043872 -0.206138 0.978523 0.000000 -12.350234 0.000000 0.000000 1.000000 0.000000
0.979302 0.202406 0.000000 141.729245 -0.202406 0.979302 0.000000 -12.786459 0.000000 0.000000 1.000000 0.000000
0.978612 0.205715 0.000000 143.446055 -0.205715 0.978612 0.000000 -13.213916 0.000000 0.000000 1.000000 0.000000
0.977442 0.211202 0.000000 145.496476 -0.211202 0.977442 0.000000 -13.749198 0.000000 0.000000 1.000000 0.000000
0.975386 0.220502 0.000000 147.211075 -0.220502 0.975386 0.000000 -14.181224 0.000000 0.000000 1.000000 0.000000
0.975105 0.221743 0.000000 148.955550 -0.221743 0.975105 0.000000 -14.641811 0.000000 0.000000 1.000000 0.000000
0.975674 0.219224 0.000000 150.649556 -0.219224 0.975674 0.000000 -15.060418 0.000000 0.000000 1.000000 0.000000
0.976509 0.215475 0.000000 152.346220 -0.215475 0.976509 0.000000 -15.470135 0.000000 0.000000 1.000000 0.000000
0.975150 0.221545 0.000000 154.601368 -0.221545 0.975150 0.000000 -16.021949 0.000000 0.000000 1.000000 0.000000
0.974423 0.224723 0.000000 156.253108 -0.224723 0.974423 0.000000 -16.428915 0.000000 0.000000 1.000000 0.000000
0.974661 0.223689 0.000000 158.434452 -0.223689 0.974661 0.000000 -16.982191 0.000000 0.000000 1.000000 0.000000
0.974634 0.223804 0.000000 160.088398 -0.223804 0.974634 0.000000 -17.382293 0.000000 0.000000 1.000000 0.000000
0.972886 0.231287 0.000000 161.977092 -0.231287 0.972886 0.000000 -17.826515 0.000000 0.000000 1.000000 0.000000
0.972150 0.234360 0.000000 163.714241 -0.234360 0.972150 0.000000 -18.270368 0.000000 0.000000 1.000000 0.000000
0.970702 0.240286 0.000000 165.433184 -0.240286 0.970702 0.000000 -18.699650 0.000000 0.000000 1.000000 0.000000
0.971912 0.235345 0.000000 167.136922 -0.235345 0.971912 0.000000 -19.151814 0.000000 0.000000 1.000000 0.000000
0.974602 0.223946 0.000000 168.854884 -0.223946 0.974602 0.000000 -19.611593 0.000000 0.000000 1.000000 0.000000
0.973974 0.226658 0.000000 170.538221 -0.226658 0.973974 0.000000 -20.039692 0.000000 0.000000 1.000000 0.000000
0.974131 0.225984 0.000000 172.260735 -0.225984 0.974131 0.000000 -20.473967 0.000000 0.000000 1.000000 0.000000
0.971115 0.238610 0.000000 173.989182 -0.238610 0.971115 0.000000 -20.907625 0.000000 0.000000 1.000000 0.000000
0.970765 0.240033 0.000000 175.705504 -0.240033 0.970765 0.000000 -21.361766 0.000000 0.000000 1.000000 0.000000
0.970656 0.240470 0.000000 177.432725 -0.240470 0.970656 0.000000 -21.815617 0.000000 0.000000 1.000000 0.000000
0.970141 0.242542 0.000000 179.126320 -0.242542 0.970141 0.000000 -22.255261 0.000000 0.000000 1.000000 0.000000
0.970334 0.241770 0.000000 180.819748 -0.241770 0.970334 0.000000 -22.714068 0.000000 0.000000 1.000000 0.000000
0.971627 0.236517 0.000000 182.491479 -0.236517 0.971627 0.000000 -23.173117 0.000000 0.000000 1.000000 0.000000
0.971019 0.239002 0.000000 184.159917 -0.239002 0.971019 0.000000 -23.616032 0.000000 0.000000 1.000000 0.000000
0.969912 0.243455 0.000000 186.118145 -0.243455 0.969912 0.000000 -24.144753 0.000000 0.000000 1.000000 0.000000
0.969213 0.246225 0.000000 187.811841 -0.246225 0.969213 0.000000 -24.590181 0.000000 0.000000 1.000000 0.000000
0.970566 0.240837 0.000000 189.499212 -0.240837 0.970566 0.000000 -25.041858 0.000000 0.000000 1.000000 0.000000
0.970578 0.240785 0.000000 191.550726 -0.240785 0.970578 0.000000 -25.585887 0.000000 0.000000 1.000000 0.000000
0.970346 0.241718 0.000000 193.540643 -0.241718 0.970346 0.000000 -26.117778 0.000000 0.000000 1.000000 0.000000
0.969982 0.243177 0.000000 195.613890 -0.243177 0.969982 0.000000 -26.680848 0.000000 0.000000 1.000000 0.000000
0.970429 0.241387 0.000000 197.257217 -0.241387 0.970429 0.000000 -27.118546 0.000000 0.000000 1.000000 0.000000
0.970125 0.242604 0.000000 199.159824 -0.242604 0.970125 0.000000 -27.654930 0.000000 0.000000 1.000000 0.000000
0.971576 0.236729 0.000000 200.870341 -0.236729 0.971576 0.000000 -28.114641 0.000000 0.000000 1.000000 0.000000
0.972035 0.234836 0.000000 202.512737 -0.234836 0.972035 0.000000 -28.552838 0.000000 0.000000 1.000000 0.000000
0.972118 0.234492 0.000000 204.217820 -0.234492 0.972118 0.000000 -28.995284 0.000000 0.000000 1.000000 0.000000
0.972619 0.232407 0.000000 205.879718 -0.232407 0.972619 0.000000 -29.433467 0.000000 0.000000 1.000000 0.000000
0.971674 0.236324 0.000000 207.538869 -0.236324 0.971674 0.000000 -29.870071 0.000000 0.000000 1.000000 0.000000
0.973022 0.230714 0.000000 209.227805 -0.230714 0.973022 0.000000 -30.305505 0.000000 0.000000 1.000000 0.000000
0.974105 0.226097 0.000000 210.848001 -0.226097 0.974105 0.000000 -30.715147 0.000000 0.000000 1.000000 0.000000
0.974542 0.224203 0.000000 212.531224 -0.224203 0.974542 0.000000 -31.142338 0.000000 0.000000 1.000000 0.000000
0.976384 0.216041 0.000000 214.668842 -0.216041 0.976384 0.000000 -31.685289 0.000000 0.000000 1.000000 0.000000
0.976967 0.213392 0.000000 216.255978 -0.213392 0.976967 0.000000 -32.069210 0.000000 0.000000 1.000000 0.000000
0.977659 0.210198 0.000000 217.836674 -0.210198 0.977659 0.000000 -32.443973 0.000000 0.000000 1.000000 0.000000
0.977699 0.210009 0.000000 219.395644 -0.210009 0.977699 0.000000 -32.816044 0.000000 0.000000 1.000000 0.000000
0.978388 0.206778 0.000000 220.936561 -0.206778 0.978388 0.000000 -33.182912 0.000000 0.000000 1.000000 0.000000
0.978843 0.204611 0.000000 222.737635 -0.204611 0.978843 0.000000 -33.599318 0.000000 0.000000 1.000000 0.000000
0.979131 0.203231 0.000000 224.300254 -0.203231 0.979131 0.000000 -33.953557 0.000000 0.000000 1.000000 0.000000
0.981046 0.193774 0.000000 226.240685 -0.193774 0.981046 0.000000 -34.394786 0.000000 0.000000 1.000000 0.000000
0.980543 0.196302 0.000000 227.784770 -0.196302 0.980543 0.000000 -34.737541 0.000000 0.000000 1.000000 0.000000
0.980284 0.197595 0.000000 229.351595 -0.197595 0.980284 0.000000 -35.096837 0.000000 0.000000 1.000000 0.000000
0.979162 0.203081 0.000000 230.912337 -0.203081 0.979162 0.000000 -35.446638 0.000000 0.000000 1.000000 0.000000
0.978554 0.205988 0.000000 232.470979 -0.205988 0.978554 0.000000 -35.817770 0.000000 0.000000 1.000000 0.000000
0.978036 0.208436 0.000000 234.019143 -0.208436 0.978036 0.000000 -36.197256 0.000000 0.000000 1.000000 0.000000
0.977990 0.208654 0.000000 235.563882 -0.208654 0.977990 0.000000 -36.568415 0.000000 0.000000 1.000000 0.000000
0.977289 0.211911 0.000000 237.110466 -0.211911 0.977289 0.000000 -36.952848 0.000000 0.000000 1.000000 0.000000
0.976995 0.213264 0.000000 238.647269 -0.213264 0.976995 0.000000 -37.330402 0.000000 0.000000 1.000000 0.000000
0.975777 0.218767 0.000000 240.218731 -0.218767 0.975777 0.000000 -37.722726 0.000000 0.000000 1.000000 0.000000
0.972649 0.232279 0.000000 242.227911 -0.232279 0.972649 0.000000 -38.226225 0.000000 0.000000 1.000000 0.000000
0.972341 0.233567 0.000000 244.440604 -0.233567 0.972341 0.000000 -38.788850 0.000000 0.000000 1.000000 0.000000
0.971662 0.236375 0.000000 245.947011 -0.236375 0.971662 0.000000 -39.177378 0.000000 0.000000 1.000000 0.000000
0.970660 0.240454 0.000000 247.450297 -0.240454 0.970660 0.000000 -39.590384 0.000000 0.000000 1.000000 0.000000
0.972922 0.231132 0.000000 248.933532 -0.231132 0.972922 0.000000 -39.992162 0.000000 0.000000 1.000000 0.000000
0.973276 0.229637 0.000000 250.375952 -0.229637 0.973276 0.000000 -40.351835 0.000000 0.000000 1.000000 0.000000
0.973823 0.227306 0.000000 251.828690 -0.227306 0.973823 0.000000 -40.710234 0.000000 0.000000 1.000000 0.000000
0.972496 0.232921 0.000000 253.276776 -0.232921 0.972496 0.000000 -41.073063 0.000000 0.000000 1.000000 0.000000
0.972218 0.234076 0.000000 254.680955 -0.234076 0.972218 0.000000 -41.443503 0.000000 0.000000 1.000000 0.000000
0.971262 0.238011 0.000000 256.015959 -0.238011 0.971262 0.000000 -41.798279 0.000000 0.000000 1.000000 0.000000
0.971402 0.237440 0.000000 257.344063 -0.237440 0.971402 0.000000 -42.145642 0.000000 0.000000 1.000000 0.000000
0.972112 0.234517 0.000000 258.648467 -0.234517 0.972112 0.000000 -42.495407 0.000000 0.000000 1.000000 0.000000
0.972274 0.233844 0.000000 260.051459 -0.233844 0.972274 0.000000 -42.842879 0.000000 0.000000 1.000000 0.000000
0.973206 0.229935 0.000000 261.270322 -0.229935 0.973206 0.000000 -43.157689 0.000000 0.000000 1.000000 0.000000
0.972579 0.232573 0.000000 262.483090 -0.232573 0.972579 0.000000 -43.451790 0.000000 0.000000 1.000000 0.000000
0.972661 0.232228 0.000000 263.624119 -0.232228 0.972661 0.000000 -43.745061 0.000000 0.000000 1.000000 0.000000
0.971994 0.235006 0.000000 264.721542 -0.235006 0.971994 0.000000 -44.035538 0.000000 0.000000 1.000000 0.000000
0.972009 0.234946 0.000000 265.779339 -0.234946 0.972009 0.000000 -44.310139 0.000000 0.000000 1.000000 0.000000
0.972009 0.234943 0.000000 267.134486 -0.234943 0.972009 0.000000 -44.680704 0.000000 0.000000 1.000000 0.000000
0.971964 0.235128 0.000000 268.097066 -0.235128 0.971964 0.000000 -44.941065 0.000000 0.000000 1.000000 0.000000
0.971249 0.238065 0.000000 269.313388 -0.238065 0.971249 0.000000 -45.244085 0.000000 0.000000 1.000000 0.000000
0.972220 0.234071 0.000000 270.148260 -0.234071 0.972220 0.000000 -45.480377 0.000000 0.000000 1.000000 0.000000
0.970655 0.240478 0.000000 276.777853 -0.240478 0.970655 0.000000 -47.217119 0.000000 0.000000 1.000000 0.000000
0.972222 0.234063 0.000000 277.703707 -0.234063 0.972222 0.000000 -47.470458 0.000000 0.000000 1.000000 0.000000
0.972206 0.234127 0.000000 278.360140 -0.234127 0.972206 0.000000 -47.651907 0.000000 0.000000 1.000000 0.000000
0.971492 0.237074 0.000000 278.997476 -0.237074 0.971492 0.000000 -47.818246 0.000000 0.000000 1.000000 0.000000
0.971251 0.238057 0.000000 279.597243 -0.238057 0.971251 0.000000 -47.971802 0.000000 0.000000 1.000000 0.000000
0.971500 0.237041 0.000000 280.179337 -0.237041 0.971500 0.000000 -48.135728 0.000000 0.000000 1.000000 0.000000
0.971021 0.238993 0.000000 280.708755 -0.238993 0.971021 0.000000 -48.271343 0.000000 0.000000 1.000000 0.000000
0.969628 0.244583 0.000000 281.198891 -0.244583 0.969628 0.000000 -48.401612 0.000000 0.000000 1.000000 0.000000
0.970363 0.241651 0.000000 281.736506 -0.241651 0.970363 0.000000 -48.536463 0.000000 0.000000 1.000000 0.000000
0.969949 0.243308 0.000000 282.267037 -0.243308 0.969949 0.000000 -48.677269 0.000000 0.000000 1.000000 0.000000
0.970482 0.241173 0.000000 282.594291 -0.241173 0.970482 0.000000 -48.761924 0.000000 0.000000 1.000000 0.000000
0.971044 0.238902 0.000000 282.868422 -0.238902 0.971044 0.000000 -48.846906 0.000000 0.000000 1.000000 0.000000
0.970049 0.242910 0.000000 283.026027 -0.242910 0.970049 0.000000 -48.890394 0.000000 0.000000 1.000000 0.000000
0.969759 0.244065 0.000000 283.094882 -0.244065 0.969759 0.000000 -48.907288 0.000000 0.000000 1.000000 0.000000
0.970202 0.242298 0.000000 283.103542 -0.242298 0.970202 0.000000 -48.917883 0.000000 0.000000 1.000000 0.000000
0.970516 0.241036 0.000000 283.102657 -0.241036 0.970516 0.000000 -48.914964 0.000000 0.000000 1.000000 0.000000
0.970473 0.241209 0.000000 283.101896 -0.241209 0.970473 0.000000 -48.910175 0.000000 0.000000 1.000000 0.000000
0.970491 0.241137 0.000000 283.100493 -0.241137 0.970491 0.000000 -48.906012 0.000000 0.000000 1.000000 0.000000
0.970468 0.241229 0.000000 283.101351 -0.241229 0.970468 0.000000 -48.904239 0.000000 0.000000 1.000000 0.000000
0.970488 0.241149 0.000000 283.102113 -0.241149 0.970488 0.000000 -48.903847 0.000000 0.000000 1.000000 0.000000
0.970485 0.241161 0.000000 283.102861 -0.241161 0.970485 0.000000 -48.904915 0.000000 0.000000 1.000000 0.000000
0.970503 0.241089 0.000000 283.103249 -0.241089 0.970503 0.000000 -48.905923 0.000000 0.000000 1.000000 0.000000
0.970516 0.241038 0.000000 283.103500 -0.241038 0.970516 0.000000 -48.907152 0.000000 0.000000 1.000000 0.000000
0.970501 0.241096 0.000000 283.103643 -0.241096 0.970501 0.000000 -48.907770 0.000000 0.000000 1.000000 0.000000
0.970474 0.241204 0.000000 283.103243 -0.241204 0.970474 0.000000 -48.908543 0.000000 0.000000 1.000000 0.000000
0.970454 0.241286 0.000000 283.103407 -0.241286 0.970454 0.000000 -48.908517 0.000000 0.000000 1.000000 0.000000
0.970455 0.241281 0.000000 283.103609 -0.241281 0.970455 0.000000 -48.908397 0.000000 0.000000 1.000000 0.000000
0.970434 0.241366 0.000000 283.103933 -0.241366 0.970434 0.000000 -48.907541 0.000000 0.000000 1.000000 0.000000
0.970376 0.241601 0.000000 283.104044 -0.241601 0.970376 0.000000 -48.907280 0.000000 0.000000 1.000000 0.000000
0.970252 0.242099 0.000000 283.103816 -0.242099 0.970252 0.000000 -48.907138 0.000000 0.000000 1.000000 0.000000
0.970515 0.241041 0.000000 283.100688 -0.241041 0.970515 0.000000 -48.910509 0.000000 0.000000 1.000000 0.000000
0.970848 0.239698 0.000000 283.098425 -0.239698 0.970848 0.000000 -48.913194 0.000000 0.000000 1.000000 0.000000
0.971107 0.238644 0.000000 283.096258 -0.238644 0.971107 0.000000 -48.916633 0.000000 0.000000 1.000000 0.000000
0.971474 0.237145 0.000000 283.094293 -0.237145 0.971474 0.000000 -48.923644 0.000000 0.000000 1.000000 0.000000
0.971373 0.237559 0.000000 283.096289 -0.237559 0.971373 0.000000 -48.925038 0.000000 0.000000 1.000000 0.000000
0.971329 0.237740 0.000000 283.098126 -0.237740 0.971329 0.000000 -48.925482 0.000000 0.000000 1.000000 0.000000
0.971270 0.237979 0.000000 283.099824 -0.237979 0.971270 0.000000 -48.925302 0.000000 0.000000 1.000000 0.000000
0.971238 0.238112 0.000000 283.100724 -0.238112 0.971238 0.000000 -48.925572 0.000000 0.000000 1.000000 0.000000
0.971263 0.238010 0.000000 283.101133 -0.238010 0.971263 0.000000 -48.926294 0.000000 0.000000 1.000000 0.000000
0.971181 0.238341 0.000000 283.102259 -0.238341 0.971181 0.000000 -48.926242 0.000000 0.000000 1.000000 0.000000
0.971130 0.238550 0.000000 283.102973 -0.238550 0.971130 0.000000 -48.926659 0.000000 0.000000 1.000000 0.000000
0.971163 0.238416 0.000000 283.102832 -0.238416 0.971163 0.000000 -48.926830 0.000000 0.000000 1.000000 0.000000
0.971169 0.238391 0.000000 283.102641 -0.238391 0.971169 0.000000 -48.926920 0.000000 0.000000 1.000000 0.000000
0.971186 0.238322 0.000000 283.102195 -0.238322 0.971186 0.000000 -48.927343 0.000000 0.000000 1.000000 0.000000
0.971184 0.238332 0.000000 283.102263 -0.238332 0.971184 0.000000 -48.927303 0.000000 0.000000 1.000000 0.000000
0.971117 0.238602 0.000000 283.102764 -0.238602 0.971117 0.000000 -48.927006 0.000000 0.000000 1.000000 0.000000
0.971080 0.238753 0.000000 283.103217 -0.238753 0.971080 0.000000 -48.926715 0.000000 0.000000 1.000000 0.000000
0.971083 0.238742 0.000000 283.103952 -0.238742 0.971083 0.000000 -48.926680 0.000000 0.000000 1.000000 0.000000
0.971091 0.238711 0.000000 283.104124 -0.238711 0.971091 0.000000 -48.926604 0.000000 0.000000 1.000000 0.000000
0.971117 0.238603 0.000000 283.103666 -0.238603 0.971117 0.000000 -48.926681 0.000000 0.000000 1.000000 0.000000
0.971116 0.238610 0.000000 283.103058 -0.238610 0.971116 0.000000 -48.926616 0.000000 0.000000 1.000000 0.000000
0.971085 0.238733 0.000000 283.102802 -0.238733 0.971085 0.000000 -48.926696 0.000000 0.000000 1.000000 0.000000
0.971105 0.238653 0.000000 283.103508 -0.238653 0.971105 0.000000 -48.926415 0.000000 0.000000 1.000000 0.000000
0.971115 0.238612 0.000000 283.103786 -0.238612 0.971115 0.000000 -48.925870 0.000000 0.000000 1.000000 0.000000
0.971132 0.238544 0.000000 283.104436 -0.238544 0.971132 0.000000 -48.925479 0.000000 0.000000 1.000000 0.000000
0.971143 0.238497 0.000000 283.105068 -0.238497 0.971143 0.000000 -48.925128 0.000000 0.000000 1.000000 0.000000
0.971127 0.238563 0.000000 283.105479 -0.238563 0.971127 0.000000 -48.924956 0.000000 0.000000 1.000000 0.000000
0.971108 0.238639 0.000000 283.105761 -0.238639 0.971108 0.000000 -48.924780 0.000000 0.000000 1.000000 0.000000
0.971064 0.238820 0.000000 283.105884 -0.238820 0.971064 0.000000 -48.924534 0.000000 0.000000 1.000000 0.000000
0.971034 0.238941 0.000000 283.106245 -0.238941 0.971034 0.000000 -48.924232 0.000000 0.000000 1.000000 0.000000
0.971027 0.238969 0.000000 283.106140 -0.238969 0.971027 0.000000 -48.923966 0.000000 0.000000 1.000000 0.000000
0.970946 0.239298 0.000000 283.106126 -0.239298 0.970946 0.000000 -48.923421 0.000000 0.000000 1.000000 0.000000
0.970975 0.239180 0.000000 283.105939 -0.239180 0.970975 0.000000 -48.923385 0.000000 0.000000 1.000000 0.000000
0.970937 0.239334 0.000000 283.105828 -0.239334 0.970937 0.000000 -48.922977 0.000000 0.000000 1.000000 0.000000
0.970932 0.239355 0.000000 283.105699 -0.239355 0.970932 0.000000 -48.922251 0.000000 0.000000 1.000000 0.000000
0.971062 0.238826 0.000000 283.105126 -0.238826 0.971062 0.000000 -48.922558 0.000000 0.000000 1.000000 0.000000
0.971106 0.238649 0.000000 283.104472 -0.238649 0.971106 0.000000 -48.922622 0.000000 0.000000 1.000000 0.000000
0.971084 0.238738 0.000000 283.104384 -0.238738 0.971084 0.000000 -48.922611 0.000000 0.000000 1.000000 0.000000
0.971062 0.238829 0.000000 283.104461 -0.238829 0.971062 0.000000 -48.922644 0.000000 0.000000 1.000000 0.000000
0.970947 0.239295 0.000000 283.104749 -0.239295 0.970947 0.000000 -48.922987 0.000000 0.000000 1.000000 0.000000
0.970897 0.239497 0.000000 283.104505 -0.239497 0.970897 0.000000 -48.923252 0.000000 0.000000 1.000000 0.000000
0.970875 0.239588 0.000000 283.104766 -0.239588 0.970875 0.000000 -48.921422 0.000000 0.000000 1.000000 0.000000
0.970870 0.239608 0.000000 283.104306 -0.239608 0.970870 0.000000 -48.920044 0.000000 0.000000 1.000000 0.000000
0.970889 0.239528 0.000000 283.104036 -0.239528 0.970889 0.000000 -48.918397 0.000000 0.000000 1.000000 0.000000
0.970940 0.239323 0.000000 283.103826 -0.239323 0.970940 0.000000 -48.917826 0.000000 0.000000 1.000000 0.000000
0.970969 0.239207 0.000000 283.103539 -0.239207 0.970969 0.000000 -48.917578 0.000000 0.000000 1.000000 0.000000
0.971002 0.239072 0.000000 283.103511 -0.239072 0.971002 0.000000 -48.917139 0.000000 0.000000 1.000000 0.000000
0.971078 0.238762 0.000000 283.103779 -0.238762 0.971078 0.000000 -48.917224 0.000000 0.000000 1.000000 0.000000
0.971022 0.238990 0.000000 283.103967 -0.238990 0.971022 0.000000 -48.916661 0.000000 0.000000 1.000000 0.000000
