0.999501 0.031464 -0.002906 3.004871 -0.031473 0.999501 -0.002826 -0.067254 0.002815 0.002916 0.999992 0.048486
0.998235 0.058922 -0.007430 5.327615 -0.058940 0.998259 -0.002248 -0.187898 0.007284 0.002682 0.999970 0.087601
0.996510 0.083041 -0.008445 6.979478 -0.083057 0.996544 -0.001571 -0.318490 0.008286 0.002267 0.999963 0.116485
0.994471 0.104182 -0.013176 8.645044 -0.104280 0.994523 -0.007016 -0.486596 0.012373 0.008351 0.999889 0.146477
0.991868 0.126877 -0.009985 10.511406 -0.126953 0.991881 -0.007375 -0.707788 0.008968 0.008582 0.999923 0.180866
0.988944 0.147673 -0.013523 12.197174 -0.147799 0.988978 -0.008814 -0.949175 0.012072 0.010716 0.999870 0.212918
0.985398 0.169565 -0.015424 13.840853 -0.169721 0.985447 -0.009423 -1.219167 0.013602 0.011903 0.999837 0.244996
0.980702 0.194703 -0.017753 15.733821 -0.194897 0.980773 -0.009932 -1.583220 0.015478 0.013200 0.999793 0.283204
0.975706 0.218101 -0.020756 17.450206 -0.218361 0.975803 -0.011222 -1.956579 0.017806 0.015481 0.999722 0.318878
0.970670 0.239214 -0.024009 19.068740 -0.239558 0.970800 -0.012637 -2.341976 0.020285 0.018018 0.999632 0.353312
0.963286 0.267363 -0.024435 21.149790 -0.267723 0.963410 -0.012852 -2.896695 0.020104 0.018921 0.999619 0.398996
0.957046 0.289126 -0.021677 22.810754 -0.289399 0.957148 -0.010725 -3.389565 0.017647 0.016538 0.999707 0.436653
0.951332 0.307001 -0.026782 24.257275 -0.307339 0.951552 -0.009507 -3.850637 0.022566 0.017275 0.999596 0.470206
0.945331 0.325172 -0.024765 25.904741 -0.325493 0.945490 -0.010157 -4.406908 0.020113 0.017662 0.999642 0.509162
0.939328 0.342189 -0.023871 27.432894 -0.342511 0.939450 -0.010933 -4.962635 0.018684 0.018446 0.999655 0.546244
0.931924 0.361794 -0.024955 28.890371 -0.362031 0.932150 -0.005561 -5.519780 0.021250 0.014217 0.999673 0.582257
0.923801 0.381909 -0.027143 30.310253 -0.382150 0.924091 -0.004126 -6.099204 0.023507 0.014184 0.999623 0.618214
0.915068 0.402349 -0.027676 31.781905 -0.402597 0.915369 -0.003829 -6.733928 0.023793 0.014646 0.999610 0.656296
0.905781 0.422750 -0.029054 33.618750 -0.423059 0.906087 -0.005170 -7.570927 0.024140 0.016975 0.999564 0.704894
0.895746 0.443850 -0.025221 35.402043 -0.444114 0.895952 -0.005750 -8.439290 0.020045 0.016351 0.999665 0.753405
0.887413 0.460224 -0.026318 36.793030 -0.460486 0.887655 -0.004619 -9.157681 0.021235 0.016218 0.999643 0.792221
0.879274 0.475592 -0.026251 38.151556 -0.475853 0.879514 -0.004398 -9.889848 0.020996 0.016359 0.999646 0.830860
0.871399 0.489793 -0.027688 39.461543 -0.490075 0.871670 -0.004105 -10.621088 0.022124 0.017146 0.999608 0.868719
0.864080 0.502521 -0.028963 40.703002 -0.502820 0.864383 -0.003663 -11.340358 0.023194 0.017728 0.999574 0.905223
0.856545 0.515159 -0.030702 41.890401 -0.515501 0.856880 -0.003910 -12.054814 0.024293 0.019176 0.999521 0.940769
0.848576 0.528147 -0.031299 43.024210 -0.528456 0.848958 -0.001920 -12.758899 0.025557 0.018170 0.999508 0.975233
0.839976 0.541817 -0.029561 44.141404 -0.542124 0.840294 -0.002889 -13.473645 0.023275 0.018452 0.999559 1.009690
0.829015 0.558369 -0.030952 45.398599 -0.558764 0.829310 -0.005276 -14.318089 0.022723 0.021668 0.999507 1.049422
0.820259 0.571058 -0.032675 46.421570 -0.571478 0.820605 -0.004515 -15.024767 0.024235 0.022377 0.999456 1.082218
0.811083 0.583972 -0.033476 47.414369 -0.584432 0.811426 -0.005173 -15.734670 0.024142 0.023760 0.999426 1.114620
0.799995 0.598931 -0.035925 48.616414 -0.599523 0.800320 -0.007755 -16.635862 0.024107 0.027742 0.999324 1.154843
0.793096 0.607879 -0.038484 49.426644 -0.608513 0.793519 -0.006380 -17.257234 0.026660 0.028478 0.999239 1.182287
0.786712 0.616042 -0.039696 50.235158 -0.616759 0.787111 -0.008015 -17.893496 0.026308 0.030788 0.999180 1.210059
0.779835 0.624599 -0.041640 50.962044 -0.625405 0.780250 -0.008865 -18.479466 0.026952 0.032955 0.999093 1.235360
0.771586 0.634710 -0.042412 51.786288 -0.635553 0.772003 -0.009088 -19.154086 0.026974 0.033967 0.999059 1.264291
0.764043 0.643731 -0.043002 52.488068 -0.644588 0.764481 -0.008673 -19.746981 0.027291 0.034345 0.999037 1.289365
0.757089 0.651914 -0.042713 53.109845 -0.652735 0.757549 -0.007519 -20.286956 0.027455 0.033573 0.999059 1.311929
0.750828 0.659136 -0.042383 53.667745 -0.659928 0.751299 -0.006715 -20.781000 0.027416 0.033012 0.999079 1.332403
0.742740 0.668310 -0.041222 54.361293 -0.669058 0.743184 -0.006265 -21.406299 0.026449 0.032234 0.999130 1.358120
0.737442 0.674042 -0.042966 54.821185 -0.674864 0.737912 -0.006730 -21.830993 0.027169 0.033959 0.999054 1.375413
0.732217 0.679741 -0.042551 55.266360 -0.680519 0.732710 -0.005500 -22.248495 0.027439 0.032985 0.999079 1.392305
0.725452 0.687296 -0.036656 55.793173 -0.687827 0.725870 -0.002684 -22.752391 0.024763 0.027160 0.999324 1.412528
0.718042 0.694853 -0.039927 56.280661 -0.695446 0.718577 -0.001366 -23.226936 0.027742 0.028748 0.999202 1.431439
0.710628 0.702454 -0.039573 56.700851 -0.703045 0.711144 -0.001444 -23.644734 0.027128 0.028848 0.999216 1.447948
0.698282 0.714829 -0.037699 57.301581 -0.715211 0.698894 0.004523 -24.260501 0.029581 0.023804 0.999279 1.471990
0.688574 0.724178 -0.037851 57.728475 -0.724494 0.689245 0.007079 -24.715474 0.031215 0.022549 0.999258 1.489489
0.678690 0.733415 -0.038494 58.158821 -0.733826 0.679320 0.004758 -25.183722 0.029639 0.025019 0.999248 1.507358
0.667860 0.743267 -0.038956 58.609646 -0.743733 0.668467 0.003602 -25.686556 0.028719 0.026567 0.999234 1.526371
0.657545 0.752465 -0.037829 59.056001 -0.753012 0.658007 -0.000324 -26.198832 0.024648 0.028698 0.999284 1.545538
0.644945 0.763146 -0.040663 59.619885 -0.763616 0.645646 0.005711 -26.867406 0.030612 0.027368 0.999157 1.570263
0.634987 0.771441 -0.040880 60.129532 -0.771828 0.635771 0.008788 -27.486596 0.032769 0.025972 0.999125 1.592966
0.622924 0.780743 -0.049049 60.816668 -0.781570 0.623807 0.003558 -28.338317 0.033375 0.036119 0.998790 1.623977
0.612829 0.789066 -0.042596 61.389349 -0.789710 0.613474 0.002689 -29.072641 0.028253 0.031991 0.999089 1.650405
0.603530 0.796146 -0.043623 61.853548 -0.796827 0.604201 0.002801 -29.684126 0.028587 0.033069 0.999044 1.672215
0.596173 0.801567 -0.045486 62.324814 -0.802331 0.596875 0.002363 -30.320507 0.029043 0.035087 0.998962 1.694728
0.589947 0.806250 -0.043860 62.772380 -0.806939 0.590626 0.003205 -30.933191 0.028488 0.033501 0.999033 1.716306
0.584807 0.809899 -0.045432 63.285220 -0.810606 0.585574 0.004561 -31.650572 0.030298 0.034160 0.998957 1.741398
0.583190 0.811020 -0.046224 63.725521 -0.811667 0.584074 0.007345 -32.268625 0.032955 0.033235 0.998904 1.762991
0.583244 0.811090 -0.044267 64.153620 -0.811729 0.584007 0.005563 -32.870285 0.030364 0.032689 0.999004 1.784003
0.584132 0.810588 -0.041675 64.671620 -0.811136 0.584828 0.005867 -33.605090 0.029129 0.030377 0.999114 1.809590
0.585041 0.809911 -0.042078 65.054131 -0.810478 0.585742 0.005617 -34.144243 0.029195 0.030817 0.999099 1.828402
0.587649 0.807872 -0.044854 65.524004 -0.808496 0.588466 0.006541 -34.804243 0.031679 0.032420 0.998972 1.851456
0.591754 0.804968 -0.043046 65.886047 -0.805434 0.592608 0.009558 -35.308152 0.033204 0.029015 0.999027 1.869109
0.600917 0.798176 -0.042590 66.369856 -0.798717 0.601672 0.006501 -35.971514 0.030814 0.030111 0.999071 1.892460
0.612109 0.789765 -0.039921 66.774211 -0.790299 0.612711 0.003706 -36.509656 0.027386 0.029281 0.999196 1.911589
0.630764 0.775077 -0.037312 67.272268 -0.775518 0.631314 0.003969 -37.144577 0.026632 0.026433 0.999296 1.934485
0.647495 0.761196 -0.036477 67.636798 -0.761529 0.648097 0.006658 -37.586117 0.028709 0.023467 0.999312 1.950691
0.663283 0.747612 -0.033647 68.006717 -0.747882 0.663803 0.006226 -38.020449 0.026990 0.021035 0.999414 1.966810
0.673832 0.738200 -0.031786 68.242789 -0.738413 0.674316 0.006732 -38.287516 0.026403 0.018936 0.999472 1.976855
0.686592 0.726484 -0.028513 68.541884 -0.726651 0.686981 0.005892 -38.618408 0.023868 0.016674 0.999576 1.989404
0.693207 0.720232 -0.027032 68.705473 -0.720396 0.693546 0.004830 -38.796153 0.022226 0.016125 0.999623 1.996191
0.697932 0.715659 -0.026887 68.833518 -0.715856 0.698241 0.003108 -38.934222 0.020998 0.017078 0.999634 2.001478
0.702930 0.710718 -0.027741 68.953761 -0.710949 0.703241 0.002123 -39.061832 0.021017 0.018230 0.999613 2.006394
0.706016 0.707658 -0.027583 69.026927 -0.707877 0.706331 0.002479 -39.138744 0.021237 0.017775 0.999616 2.009368
0.708210 0.705457 -0.027740 69.079658 -0.705677 0.708529 0.002498 -39.194907 0.021417 0.017806 0.999612 2.011528
0.709038 0.704621 -0.027847 69.107598 -0.704830 0.709369 0.003058 -39.226190 0.021908 0.017459 0.999608 2.012709
0.708864 0.704724 -0.029597 69.107629 -0.704928 0.709264 0.004647 -39.228649 0.024267 0.017569 0.999551 2.012769
0.709103 0.704471 -0.029888 69.101139 -0.704651 0.709530 0.005798 -39.224555 0.025291 0.016949 0.999536 2.012570
0.709464 0.704096 -0.030166 69.096976 -0.704305 0.709881 0.004797 -39.222489 0.024792 0.017843 0.999533 2.012456
0.709716 0.703820 -0.030657 69.094216 -0.704041 0.710144 0.004698 -39.222132 0.025078 0.018249 0.999519 2.012404
0.709866 0.703703 -0.029862 69.092737 -0.703888 0.710289 0.005570 -39.222508 0.025131 0.017065 0.999539 2.012390
0.710015 0.703536 -0.030274 69.091685 -0.703737 0.710441 0.005187 -39.223127 0.025157 0.017622 0.999528 2.012388
0.710139 0.703423 -0.029971 69.090563 -0.703609 0.710565 0.005567 -39.223915 0.025212 0.017134 0.999535 2.012390
0.710214 0.703336 -0.030239 69.089783 -0.703533 0.710643 0.005353 -39.224516 0.025254 0.017472 0.999528 2.012392
0.710216 0.703344 -0.030003 69.089252 -0.703531 0.710643 0.005585 -39.225154 0.025250 0.017141 0.999534 2.012399
0.710282 0.703279 -0.029966 69.088543 -0.703468 0.710706 0.005471 -39.225586 0.025145 0.017194 0.999536 2.012398
0.710305 0.703254 -0.030008 69.088036 -0.703441 0.710732 0.005573 -39.226168 0.025247 0.017150 0.999534 2.012404
0.710295 0.703265 -0.030003 69.087327 -0.703450 0.710723 0.005646 -39.226600 0.025294 0.017095 0.999534 2.012403
0.710311 0.703240 -0.030198 69.086867 -0.703424 0.710746 0.005815 -39.227069 0.025553 0.017111 0.999527 2.012407
0.710509 0.703045 -0.030079 69.086453 -0.703223 0.710944 0.005970 -39.227426 0.025581 0.016911 0.999530 2.012409
0.710970 0.702581 -0.030028 69.085613 -0.702755 0.711406 0.006078 -39.227538 0.025633 0.016781 0.999531 2.012399
0.711157 0.702413 -0.029524 69.084796 -0.702590 0.711573 0.005589 -39.227594 0.024934 0.016768 0.999548 2.012387
0.711001 0.702567 -0.029618 69.084134 -0.702746 0.711419 0.005626 -39.227913 0.025023 0.016813 0.999545 2.012384
0.710804 0.702761 -0.029747 69.083922 -0.702941 0.711225 0.005650 -39.228420 0.025128 0.016894 0.999541 2.012393
0.710687 0.702880 -0.029741 69.083983 -0.703058 0.711110 0.005738 -39.228908 0.025182 0.016832 0.999541 2.012406
0.710529 0.703036 -0.029820 69.083795 -0.703213 0.710955 0.005830 -39.229359 0.025299 0.016828 0.999538 2.012414
0.710566 0.702984 -0.030162 69.083654 -0.703164 0.711003 0.005940 -39.229697 0.025621 0.016988 0.999527 2.012419
0.710658 0.702886 -0.030280 69.083335 -0.703061 0.711102 0.006217 -39.229828 0.025902 0.016871 0.999522 2.012418
0.711218 0.702329 -0.030047 69.082589 -0.702499 0.711657 0.006249 -39.229716 0.025772 0.016664 0.999529 2.012403
0.711520 0.702040 -0.029637 69.082114 -0.702214 0.711942 0.005811 -39.229584 0.025180 0.016677 0.999544 2.012393
0.712357 0.701170 -0.030134 69.084146 -0.701343 0.712797 0.006142 -39.231687 0.025786 0.016759 0.999527 2.012475
0.713715 0.699781 -0.030299 69.090452 -0.699952 0.714162 0.006303 -39.237489 0.026049 0.016709 0.999521 2.012711
0.715973 0.697470 -0.030301 69.116109 -0.697638 0.716422 0.006389 -39.262201 0.026165 0.016565 0.999520 2.013700
0.718116 0.695281 -0.029890 69.152182 -0.695448 0.718550 0.006081 -39.296808 0.025705 0.016420 0.999535 2.015087
0.721412 0.691877 -0.029521 69.207056 -0.692058 0.721823 0.005227 -39.349103 0.024925 0.016659 0.999550 2.017189
0.723423 0.689795 -0.029035 69.249530 -0.689975 0.723817 0.004882 -39.389287 0.024384 0.016502 0.999566 2.018809
0.724905 0.688250 -0.028696 69.286551 -0.688444 0.725278 0.004043 -39.424157 0.023595 0.016825 0.999580 2.020218
0.726035 0.687053 -0.028832 69.323864 -0.687249 0.726411 0.004006 -39.457694 0.023696 0.016907 0.999576 2.021599
0.726328 0.686743 -0.028831 69.341484 -0.686940 0.726704 0.003982 -39.472510 0.023687 0.016913 0.999576 2.022227
0.726253 0.686804 -0.029261 69.341668 -0.687007 0.726639 0.004029 -39.470802 0.024029 0.017176 0.999564 2.022189
0.726439 0.686598 -0.029483 69.339501 -0.686792 0.726840 0.004538 -39.467122 0.024546 0.016952 0.999555 2.022067
0.726693 0.686329 -0.029475 69.338366 -0.686527 0.727091 0.004369 -39.464136 0.024430 0.017060 0.999556 2.021978
0.726818 0.686198 -0.029460 69.338587 -0.686392 0.727218 0.004531 -39.462972 0.024533 0.016928 0.999556 2.021954
0.726893 0.686116 -0.029517 69.338940 -0.686313 0.727293 0.004464 -39.462127 0.024530 0.017013 0.999554 2.021940
0.727000 0.686009 -0.029370 69.339541 -0.686204 0.727396 0.004405 -39.461320 0.024385 0.016952 0.999559 2.021930
0.727291 0.685683 -0.029772 69.339847 -0.685879 0.727700 0.004648 -39.460588 0.024852 0.017040 0.999546 2.021917
0.727470 0.685489 -0.029868 69.340176 -0.685682 0.727885 0.004821 -39.459800 0.025045 0.016972 0.999542 2.021903
0.728092 0.684810 -0.030294 69.340054 -0.685007 0.728520 0.004920 -39.458823 0.025439 0.017170 0.999529 2.021878
0.729400 0.683360 -0.031536 69.348852 -0.683545 0.729882 0.006181 -39.466259 0.027241 0.017048 0.999484 2.022193
0.733108 0.679357 -0.032061 69.397426 -0.679547 0.733606 0.006206 -39.510837 0.027736 0.017237 0.999467 2.024012
0.738374 0.673594 -0.032784 69.480619 -0.673805 0.738887 0.005805 -39.587169 0.028134 0.017804 0.999446 2.027129
0.746178 0.664873 -0.034103 69.616179 -0.665105 0.746728 0.005637 -39.709130 0.029214 0.018476 0.999402 2.032149
0.764796 0.643174 -0.037603 69.936744 -0.643587 0.765372 0.001464 -39.989202 0.029722 0.023081 0.999292 2.043823
0.781321 0.622972 -0.037986 70.241551 -0.623487 0.781830 -0.002234 -40.240489 0.028307 0.025430 0.999276 2.054565
0.809097 0.586589 -0.035727 70.739554 -0.587074 0.809523 -0.003986 -40.626457 0.026584 0.024200 0.999354 2.071530
0.833210 0.551805 -0.035664 71.211074 -0.552337 0.833596 -0.006455 -40.962442 0.026167 0.025077 0.999343 2.086890
0.856474 0.514971 -0.035461 71.716561 -0.515564 0.856797 -0.009617 -41.289909 0.025430 0.026519 0.999325 2.102578
0.878724 0.475856 -0.037480 72.301062 -0.476643 0.878961 -0.015451 -41.634641 0.025591 0.031441 0.999178 2.119910
0.902925 0.427972 -0.039584 73.089772 -0.428889 0.903174 -0.018213 -42.048362 0.027957 0.033422 0.999050 2.142072
0.919454 0.391323 -0.038348 73.807084 -0.391987 0.919901 -0.011365 -42.382206 0.030829 0.025482 0.999200 2.161217
0.936011 0.350416 -0.033041 74.990000 -0.350931 0.936335 -0.011177 -42.869731 0.027021 0.022057 0.999391 2.191287
0.942759 0.332265 -0.028385 75.899369 -0.332652 0.942995 -0.010115 -43.208521 0.023406 0.018979 0.999546 2.213546
0.949081 0.313420 -0.031814 77.538674 -0.313448 0.949596 0.004243 -43.786250 0.031540 0.005945 0.999485 2.252887
0.951827 0.305807 -0.022512 78.873991 -0.305501 0.952057 0.016033 -44.238125 0.026336 -0.008383 0.999618 2.284486
0.951984 0.305718 -0.016222 79.973036 -0.305267 0.951928 0.025408 -44.607846 0.023210 -0.019236 0.999546 2.310441
0.951718 0.305601 -0.028996 81.507090 -0.304190 0.951564 0.044661 -45.117107 0.041240 -0.033684 0.998581 2.346508
0.952191 0.303910 -0.031160 82.870044 -0.302088 0.951845 0.052280 -45.565494 0.045548 -0.040368 0.998146 2.378455
0.953031 0.301202 -0.031781 84.046082 -0.299396 0.952742 0.051423 -45.946547 0.045767 -0.039493 0.998171 2.405882
0.955814 0.290989 -0.041772 85.282496 -0.288793 0.956002 0.051562 -46.334387 0.054938 -0.037220 0.997796 2.434412
0.962663 0.263828 -0.060623 87.114073 -0.261432 0.964187 0.044675 -46.873449 0.070238 -0.027158 0.997161 2.475831
0.970529 0.228878 -0.075427 88.409482 -0.227048 0.973354 0.032111 -47.206737 0.080766 -0.014039 0.996634 2.503982
0.979678 0.185096 -0.077264 89.741797 -0.184821 0.982713 0.010759 -47.498483 0.077919 0.003740 0.996953 2.531720
0.988687 0.135757 -0.063778 91.058080 -0.136154 0.990686 -0.001905 -47.727875 0.062925 0.010567 0.997962 2.557722
0.994438 0.087041 -0.059299 92.398575 -0.087778 0.996091 -0.009922 -47.897342 0.058203 0.015072 0.998191 2.582674
0.998055 0.038628 -0.048921 93.713997 -0.039522 0.999067 -0.017434 -47.991894 0.048202 0.019334 0.998650 2.605451
0.999196 -0.008195 -0.039239 95.072980 0.007576 0.999845 -0.015905 -48.030222 0.039363 0.015595 0.999103 2.627567
0.997493 -0.059708 -0.037987 96.753160 0.058993 0.998065 -0.019670 -47.996614 0.039088 0.017380 0.999085 2.652982
0.994945 -0.094971 -0.032627 98.199158 0.094237 0.995276 -0.023329 -47.903738 0.034689 0.020137 0.999195 2.673330
0.991932 -0.122918 -0.031012 99.723246 0.122124 0.992166 -0.026309 -47.755545 0.034003 0.022309 0.999173 2.693580
0.989103 -0.143739 -0.031846 101.163546 0.142922 0.989376 -0.026597 -47.577449 0.035331 0.021756 0.999139 2.711809
0.985730 -0.163529 -0.039920 103.121978 0.162647 0.986381 -0.024444 -47.295323 0.043374 0.017603 0.998904 2.735645
0.984228 -0.170232 -0.048122 104.652435 0.169452 0.985338 -0.019888 -47.058345 0.050802 0.011420 0.998643 2.753879
0.984445 -0.172381 -0.033954 106.140595 0.172050 0.985010 -0.012446 -46.816892 0.035591 0.006411 0.999346 2.771346
0.983993 -0.174324 -0.036986 108.009427 0.174232 0.984688 -0.005730 -46.509914 0.037418 -0.000806 0.999299 2.793192
0.983743 -0.174616 -0.041934 109.559345 0.174630 0.984628 -0.003378 -46.252286 0.041879 -0.004000 0.999115 2.811237
0.983643 -0.174562 -0.044435 111.193644 0.174581 0.984637 -0.003477 -45.972441 0.044360 -0.004337 0.999006 2.830070
0.984520 -0.169197 -0.045736 112.766555 0.169200 0.985574 -0.003841 -45.706612 0.045726 -0.003957 0.998946 2.848279
0.989693 -0.131388 -0.056968 116.946827 0.131338 0.991327 -0.004649 -45.087857 0.057085 -0.002881 0.998365 2.898761
0.991469 -0.114034 -0.063128 118.512996 0.113917 0.993475 -0.005456 -44.897764 0.063339 -0.001782 0.997991 2.918669
0.993520 -0.096902 -0.059405 120.328962 0.097021 0.995282 -0.000891 -44.702901 0.059211 -0.004878 0.998234 2.942361
0.994713 -0.082670 -0.060930 121.871061 0.082793 0.996567 -0.000507 -44.569223 0.060763 -0.004540 0.998142 2.963237
0.995219 -0.069200 -0.068927 123.487887 0.069405 0.997588 0.000574 -44.452941 0.068721 -0.005355 0.997622 2.985693
0.996464 -0.055368 -0.063204 125.113175 0.055308 0.998466 -0.002702 -44.357575 0.063256 -0.000804 0.997997 3.008780
0.997187 -0.037497 -0.064902 127.574635 0.037548 0.999295 -0.000436 -44.256698 0.064872 -0.002002 0.997892 3.044782
0.997615 -0.027430 -0.063336 129.169446 0.027601 0.999617 0.001830 -44.209654 0.063262 -0.003574 0.997991 3.068545
0.997465 -0.018639 -0.068668 130.921585 0.019029 0.999806 0.005031 -44.172189 0.068561 -0.006325 0.997627 3.094990
0.997632 -0.009519 -0.068122 132.513270 0.009928 0.999935 0.005665 -44.158620 0.068064 -0.006328 0.997661 3.119501
0.997755 0.006526 -0.066650 134.531850 -0.005845 0.999929 0.010404 -44.169670 0.066713 -0.009991 0.997722 3.151259
0.997366 0.021231 -0.069353 136.022299 -0.020545 0.999733 0.010581 -44.194630 0.069559 -0.009128 0.997536 3.175109
0.996274 0.046382 -0.072716 138.273164 -0.045117 0.998802 0.018943 -44.289149 0.073507 -0.015592 0.997173 3.212480
0.995103 0.066302 -0.073302 140.449465 -0.064714 0.997619 0.023843 -44.431795 0.074709 -0.018982 0.997025 3.249833
0.994760 0.078027 -0.066064 141.721363 -0.076437 0.996728 0.026263 -44.534320 0.067897 -0.021076 0.997470 3.272121
0.993997 0.086407 -0.067109 142.958540 -0.085197 0.996149 0.020692 -44.643993 0.068638 -0.014850 0.997531 3.294036
0.992615 0.097421 -0.072283 144.163396 -0.096254 0.995166 0.019466 -44.762673 0.073830 -0.012365 0.997194 3.315663
0.991499 0.108390 -0.071978 145.406249 -0.107377 0.994059 0.017809 -44.899308 0.073481 -0.009929 0.997247 3.338309
0.990427 0.117716 -0.072095 146.574029 -0.116934 0.993027 0.014988 -45.043460 0.073357 -0.006414 0.997285 3.359964
0.989556 0.124455 -0.072730 147.592514 -0.123698 0.992209 0.014839 -45.175894 0.074010 -0.005687 0.997241 3.379009
0.988657 0.131857 -0.071906 148.571680 -0.130992 0.991244 0.016641 -45.310650 0.073470 -0.007033 0.997273 3.397497
0.986915 0.141152 -0.077944 149.787613 -0.140256 0.989971 0.016876 -45.489618 0.079545 -0.005723 0.996815 3.420732
0.985627 0.146730 -0.083728 150.642524 -0.145645 0.989155 0.018966 -45.622366 0.085603 -0.006499 0.996308 3.437233
0.984651 0.152284 -0.085276 151.492154 -0.151727 0.988337 0.013014 -45.755095 0.086263 0.000125 0.996272 3.453652
0.983803 0.156720 -0.087005 152.368232 -0.156257 0.987642 0.012150 -45.897328 0.087834 0.001642 0.996134 3.470709
0.981997 0.164375 -0.093074 153.440425 -0.163454 0.986396 0.017484 -46.076612 0.094682 -0.001956 0.995506 3.491709
0.979900 0.174157 -0.097288 154.653875 -0.173724 0.984709 0.012975 -46.290050 0.098060 0.004187 0.995172 3.515726
0.978196 0.184662 -0.095038 155.572317 -0.183856 0.982802 0.017244 -46.464487 0.096588 0.000605 0.995324 3.534212
0.976966 0.193586 -0.089783 156.501383 -0.192305 0.981071 0.022783 -46.650229 0.092494 -0.004992 0.995701 3.553132
0.974642 0.201702 -0.096895 157.338838 -0.200416 0.979443 0.022929 -46.822908 0.099528 -0.002929 0.995030 3.570312
0.972043 0.214243 -0.096082 158.477632 -0.212561 0.976760 0.027535 -47.073922 0.099748 -0.006342 0.994993 3.594060
0.969216 0.225380 -0.099122 159.560649 -0.222984 0.974202 0.034759 -47.327406 0.104399 -0.011586 0.994468 3.616997
0.968558 0.231572 -0.090939 160.369499 -0.229386 0.972744 0.033943 -47.523006 0.096320 -0.012015 0.995278 3.634276
0.967247 0.238059 -0.088098 161.176318 -0.235600 0.971127 0.037483 -47.724106 0.094477 -0.015499 0.995406 3.651655
0.964355 0.244331 -0.101597 162.161795 -0.240895 0.969507 0.045010 -47.976205 0.109497 -0.018932 0.993807 3.673037
0.961496 0.249020 -0.116257 162.987456 -0.244946 0.968331 0.048336 -48.189192 0.124612 -0.017999 0.992042 3.690993
0.959014 0.260620 -0.111221 164.066389 -0.256559 0.965253 0.049639 -48.479718 0.120293 -0.019069 0.992555 3.714748
0.958592 0.268685 -0.094396 164.839513 -0.265653 0.963083 0.043575 -48.693749 0.102619 -0.016694 0.994581 3.731910
0.958783 0.271450 -0.083961 165.637171 -0.268910 0.962316 0.040427 -48.918072 0.091770 -0.016183 0.995649 3.749699
0.960964 0.268604 -0.066326 166.456630 -0.266832 0.963128 0.034433 -49.150359 0.073129 -0.015391 0.997204 3.768018
0.962907 0.263114 -0.059839 167.317345 -0.261645 0.964656 0.031323 -49.390256 0.065966 -0.014504 0.997716 3.787162
0.964430 0.256655 -0.063272 168.375419 -0.255258 0.966426 0.029392 -49.682600 0.068691 -0.012196 0.997563 3.810635
0.965310 0.249445 -0.077161 169.338767 -0.247039 0.968202 0.039449 -49.942732 0.084548 -0.019019 0.996238 3.831863
0.967029 0.240865 -0.082695 170.354917 -0.238318 0.970381 0.039553 -50.206889 0.089773 -0.018541 0.995790 3.854010
0.968551 0.230509 -0.093675 171.719650 -0.227484 0.972879 0.041930 -50.545801 0.100800 -0.019302 0.994719 3.883377
0.969373 0.225014 -0.098413 172.768756 -0.221789 0.974159 0.042715 -50.796257 0.105481 -0.019580 0.994229 3.905712
0.970983 0.221281 -0.090701 173.997544 -0.218397 0.975011 0.040708 -51.080684 0.097442 -0.019718 0.995046 3.931660
0.970881 0.222248 -0.089414 175.098461 -0.219347 0.974777 0.041184 -51.333101 0.096312 -0.020372 0.995143 3.954851
0.969510 0.226670 -0.093116 176.157958 -0.223644 0.973771 0.041877 -51.581475 0.100166 -0.019776 0.994774 3.977298
0.967242 0.235563 -0.094620 177.631824 -0.232308 0.971637 0.044221 -51.936455 0.102353 -0.020792 0.994531 4.008751
0.964737 0.245508 -0.094913 178.878462 -0.242467 0.969227 0.042533 -52.244654 0.102434 -0.018020 0.994577 4.035543
0.961707 0.257859 -0.092884 180.008062 -0.254863 0.966021 0.042994 -52.542415 0.100814 -0.017675 0.994748 4.060261
0.958394 0.271541 -0.088017 181.099345 -0.268533 0.962237 0.044613 -52.843907 0.096807 -0.019121 0.995119 4.084470
0.953617 0.288541 -0.085783 182.552473 -0.285659 0.957301 0.044430 -53.270773 0.094940 -0.017865 0.995323 4.117312
0.949975 0.301346 -0.082088 183.613561 -0.298288 0.953290 0.047559 -53.598358 0.092586 -0.020694 0.995490 4.141671
0.946458 0.312496 -0.081012 184.643273 -0.309482 0.949706 0.047740 -53.933955 0.091856 -0.020113 0.995569 4.165732
0.943944 0.319457 -0.083164 185.628031 -0.316626 0.947453 0.045609 -54.268268 0.093364 -0.016720 0.995492 4.189061
0.942706 0.323382 -0.082034 186.579728 -0.320393 0.946084 0.047672 -54.591181 0.093027 -0.018658 0.995489 4.211602
0.942253 0.324615 -0.082372 187.626203 -0.321686 0.945679 0.047005 -54.955055 0.093156 -0.017793 0.995493 4.236598
0.941807 0.325729 -0.083068 188.415038 -0.322766 0.945297 0.047272 -55.230313 0.093922 -0.017709 0.995422 4.255463
0.942161 0.325492 -0.079916 189.162147 -0.322489 0.945338 0.048341 -55.488311 0.091282 -0.019773 0.995629 4.273266
0.941539 0.327674 -0.078320 189.888994 -0.324595 0.944551 0.049612 -55.746061 0.090233 -0.021289 0.995693 4.290747
0.942038 0.326549 -0.077011 190.729332 -0.323516 0.944933 0.049378 -56.037961 0.088895 -0.021602 0.995807 4.310812
0.942787 0.323881 -0.079074 191.293844 -0.320715 0.945841 0.050260 -56.235384 0.091070 -0.022024 0.995601 4.324323
0.945358 0.315996 -0.080282 192.047751 -0.312621 0.948457 0.051941 -56.493570 0.092557 -0.024005 0.995418 4.342236
0.947791 0.308086 -0.082314 192.613667 -0.304834 0.951101 0.049829 -56.681925 0.093640 -0.022135 0.995360 4.355553
0.952885 0.292905 -0.078841 193.258615 -0.290101 0.955928 0.045200 -56.886231 0.088606 -0.020198 0.995862 4.370483
0.960481 0.267254 -0.077792 194.035023 -0.264708 0.963432 0.041571 -57.115845 0.086057 -0.019336 0.996103 4.388067
0.968393 0.238279 -0.073745 194.759759 -0.236022 0.971002 0.038071 -57.309574 0.080678 -0.019462 0.996550 4.403990
0.977063 0.200625 -0.071392 195.546444 -0.198602 0.979474 0.034463 -57.491108 0.076840 -0.019494 0.996853 4.420589
0.987827 0.143653 -0.059681 196.704379 -0.142215 0.989448 0.027703 -57.700050 0.063031 -0.018878 0.997833 4.443633
0.993445 0.101275 -0.053012 197.604131 -0.100242 0.994724 0.021796 -57.817241 0.054939 -0.016339 0.998356 4.460463
0.996893 0.055695 -0.055691 198.532292 -0.054990 0.998387 0.014120 -57.898670 0.056387 -0.011014 0.998348 4.476884
0.997956 0.009495 -0.063194 199.484675 -0.009154 0.999942 0.005684 -57.937896 0.063244 -0.005094 0.997985 4.492679
0.996850 -0.035289 -0.071031 200.478359 0.035711 0.999351 0.004680 -57.932652 0.070820 -0.007202 0.997463 4.508058
0.994487 -0.074051 -0.074241 201.848717 0.074470 0.997219 0.002882 -57.870199 0.073821 -0.008395 0.997236 4.527951
0.993343 -0.091952 -0.069390 203.097677 0.092058 0.995752 -0.001681 -57.773539 0.069250 -0.004718 0.997588 4.545135
0.993057 -0.097480 -0.065837 204.228875 0.097486 0.995232 -0.003130 -57.677051 0.065828 -0.003310 0.997825 4.560486
0.993163 -0.097121 -0.064769 205.381973 0.097171 0.995265 -0.002389 -57.574351 0.064695 -0.003921 0.997897 4.576031
0.993548 -0.093040 -0.064849 206.491128 0.092852 0.995662 -0.005911 -57.475550 0.065118 -0.000148 0.997878 4.590983
0.994741 -0.078322 -0.066002 207.585699 0.078248 0.996927 -0.003714 -57.389513 0.066090 -0.001470 0.997813 4.606011
0.996274 -0.055403 -0.066098 208.680706 0.055338 0.998464 -0.002816 -57.324617 0.066153 -0.000853 0.997809 4.621550
0.997431 -0.033542 -0.063302 209.759645 0.033297 0.999433 -0.004927 -57.285553 0.063431 0.002806 0.997982 4.637454
0.998021 -0.011486 -0.061821 210.824514 0.011486 0.999934 -0.000357 -57.264360 0.061821 -0.000354 0.998087 4.653564
0.998184 0.009221 -0.059533 211.910855 -0.008977 0.999950 0.004363 -57.265869 0.059570 -0.003821 0.998217 4.670549
0.997778 0.033835 -0.057389 213.112203 -0.033383 0.999404 0.008819 -57.295350 0.057653 -0.006884 0.998313 4.689996
0.996665 0.057635 -0.057761 214.384270 -0.056925 0.998282 0.013859 -57.358805 0.058460 -0.010524 0.998234 4.711355
0.995798 0.073530 -0.054581 215.508335 -0.072713 0.997211 0.016805 -57.441032 0.055665 -0.012766 0.998368 4.730852
0.995009 0.086850 -0.049132 216.625724 -0.086026 0.996118 0.018648 -57.542427 0.050560 -0.014329 0.998618 4.750702
0.993925 0.097260 -0.051518 217.996723 -0.096354 0.995151 0.019778 -57.675550 0.053192 -0.014694 0.998476 4.775264
0.992502 0.111685 -0.049659 219.052441 -0.110396 0.993493 0.028002 -57.794810 0.052464 -0.022310 0.998374 4.794577
0.991145 0.125285 -0.043999 220.060667 -0.124342 0.991960 0.023567 -57.918869 0.046598 -0.017887 0.998754 4.813263
0.988548 0.144082 -0.044875 221.251701 -0.142926 0.989337 0.027997 -58.087788 0.048430 -0.021263 0.998600 4.835870
0.986409 0.158897 -0.041809 222.237969 -0.157820 0.987073 0.027936 -58.243555 0.045708 -0.020958 0.998735 4.854969
0.983143 0.178388 -0.040090 223.510023 -0.177400 0.983769 0.026993 -58.468660 0.044255 -0.019426 0.998831 4.880179
0.979613 0.197052 -0.039106 224.421532 -0.196034 0.980186 0.028404 -58.652108 0.043928 -0.020159 0.998831 4.898771
0.974394 0.221805 -0.036851 225.510699 -0.220838 0.974892 0.028573 -58.895924 0.042263 -0.019703 0.998912 4.921573
0.969664 0.241640 -0.036896 226.412859 -0.240659 0.970173 0.029110 -59.121426 0.042829 -0.019347 0.998895 4.941021
0.964189 0.263274 -0.032040 227.398338 -0.262284 0.964459 0.032018 -59.388733 0.039330 -0.022468 0.998974 4.962765
0.957498 0.287333 -0.025231 228.306024 -0.286274 0.957366 0.038695 -59.657399 0.035274 -0.029827 0.998932 4.983327
0.941991 0.334993 -0.020796 229.315750 -0.333833 0.941543 0.045302 -59.997161 0.034756 -0.035732 0.998757 5.007176
0.926384 0.376234 -0.016164 229.946510 -0.375095 0.925687 0.049065 -60.241174 0.033423 -0.039390 0.998665 5.022830
0.903960 0.427438 -0.012400 230.659632 -0.426345 0.903126 0.050918 -60.560973 0.032963 -0.040741 0.998626 5.041575
0.874835 0.484400 -0.004439 231.393521 -0.483475 0.873664 0.054438 -60.938752 0.030248 -0.045478 0.998507 5.062025
0.827271 0.561772 0.005835 232.351732 -0.561120 0.825711 0.057839 -61.538236 0.027674 -0.051123 0.998309 5.091256
0.786633 0.617420 0.000802 233.032022 -0.616277 0.785097 0.061845 -62.028617 0.037554 -0.049143 0.998085 5.113553
0.736186 0.676771 -0.003395 233.726760 -0.675039 0.734643 0.067991 -62.622543 0.048508 -0.047762 0.997680 5.138541
0.660642 0.750696 -0.002797 234.560462 -0.748701 0.659150 0.070489 -63.472877 0.054760 -0.044474 0.997509 5.171806
0.583545 0.812011 -0.010697 235.243535 -0.810228 0.583052 0.059843 -64.331169 0.054830 -0.026254 0.998151 5.202910
0.518474 0.854971 -0.014463 235.821605 -0.853122 0.518353 0.059103 -65.209759 0.058028 -0.018305 0.998147 5.232859
0.475152 0.879645 -0.021323 236.207511 -0.877854 0.475560 0.056703 -65.884015 0.060019 -0.008224 0.998163 5.254943
0.428117 0.903387 -0.024637 236.569978 -0.901789 0.428825 0.053715 -66.601131 0.059090 -0.000778 0.998252 5.277681
0.383059 0.923432 -0.023232 236.921128 -0.922045 0.383758 0.050622 -67.381497 0.055662 0.002030 0.998448 5.301750
0.344716 0.938418 -0.023285 237.253655 -0.937370 0.345442 0.044789 -68.225506 0.050075 0.006387 0.998725 5.327045
0.312791 0.949556 -0.022454 237.562801 -0.948444 0.313523 0.046445 -69.093225 0.051142 0.006769 0.998668 5.352539
0.284450 0.958548 -0.016533 237.858772 -0.957447 0.284917 0.046022 -70.017866 0.048824 0.002738 0.998804 5.379184
0.246704 0.969038 -0.010145 238.199040 -0.967915 0.246906 0.046675 -71.236283 0.047734 -0.001695 0.998859 5.413518
0.210310 0.977624 -0.004580 238.458214 -0.976480 0.210287 0.047598 -72.320729 0.047496 -0.005538 0.998856 5.443396
0.166731 0.985993 0.004257 238.674211 -0.985147 0.166405 0.042366 -73.418651 0.041064 -0.011258 0.999093 5.472921
0.104621 0.994501 0.004733 238.882069 -0.993758 0.104355 0.039439 -74.887202 0.038729 -0.008830 0.999211 5.511148
0.057870 0.998303 0.006529 238.975461 -0.997437 0.057542 0.042515 -75.984861 0.042067 -0.008973 0.999075 5.538754
0.016581 0.999854 0.004060 239.019748 -0.998769 0.016373 0.046825 -77.104497 0.046751 -0.004831 0.998895 5.566117
-0.031487 0.999494 0.004506 239.013438 -0.998032 -0.031685 0.054106 -78.607151 0.054222 -0.002794 0.998525 5.601815
-0.065261 0.997865 0.002466 238.955110 -0.996432 -0.065299 0.053473 -79.859886 0.053520 0.001033 0.998566 5.630748
-0.095508 0.995428 -0.001239 238.831875 -0.994312 -0.095342 0.047471 -81.390495 0.047135 0.005765 0.998872 5.665288
-0.109210 0.994015 -0.002701 238.685237 -0.992812 -0.108943 0.049561 -82.831416 0.048970 0.008095 0.998767 5.697326
-0.113876 0.993479 -0.005664 238.543575 -0.992076 -0.113407 0.054068 -84.063299 0.053073 0.011776 0.998521 5.724462
-0.111345 0.993736 -0.009544 238.342347 -0.991913 -0.110542 0.062367 -85.838495 0.060921 0.016411 0.998008 5.763611
-0.098127 0.995000 -0.018588 238.174990 -0.993735 -0.096964 0.055569 -87.457097 0.053489 0.023925 0.998282 5.799559
-0.081956 0.996405 -0.021473 238.056331 -0.995379 -0.080752 0.051956 -88.735263 0.050035 0.025632 0.998418 5.828156
-0.047599 0.998034 -0.040776 237.935921 -0.996893 -0.044900 0.064714 -90.430227 0.062756 0.043729 0.997070 5.866655
-0.009244 0.998864 -0.046742 237.894713 -0.998028 -0.006314 0.062452 -91.667288 0.062086 0.047227 0.996953 5.895482
0.039345 0.997684 -0.055477 237.906360 -0.997128 0.042798 0.062489 -92.903172 0.064718 0.052859 0.996503 5.925105
0.109093 0.992506 -0.055052 238.016585 -0.991499 0.112599 0.065203 -94.613942 0.070913 0.047471 0.996352 5.967579
0.165641 0.984561 -0.056592 238.179476 -0.983668 0.169044 0.061823 -95.889201 0.070435 0.045427 0.996481 6.000500
0.230557 0.971294 -0.058582 238.444140 -0.971330 0.233317 0.045617 -97.325562 0.057976 0.046385 0.997240 6.038847
0.288888 0.954812 -0.069835 238.767483 -0.955317 0.292269 0.044133 -98.598479 0.062550 0.053965 0.996582 6.074216
0.366527 0.927797 -0.069647 239.331229 -0.928372 0.369648 0.038554 -100.280832 0.061515 0.050527 0.996826 6.123089
0.422260 0.903920 -0.068004 239.847558 -0.904094 0.425398 0.040619 -101.523512 0.065646 0.044330 0.996858 6.160748
0.481320 0.874324 -0.062361 240.618551 -0.873900 0.484174 0.043288 -103.103423 0.068041 0.033662 0.997114 6.210415
0.518336 0.852841 -0.063168 241.267268 -0.852276 0.521246 0.043909 -104.273482 0.070374 0.031077 0.997037 6.248410
0.562261 0.824321 -0.066007 242.250350 -0.823708 0.565335 0.043615 -105.854062 0.073269 0.029848 0.996865 6.301401
0.593289 0.802337 -0.065292 243.311745 -0.801368 0.596359 0.046536 -107.399713 0.076275 0.024713 0.996781 6.354783
0.608941 0.790339 -0.067486 244.304099 -0.789448 0.612134 0.045430 -108.752088 0.077216 0.025612 0.996685 6.402482
0.615314 0.785159 -0.070098 245.226094 -0.784435 0.618660 0.043834 -109.965049 0.077784 0.028016 0.996577 6.445763
0.617615 0.782883 -0.075130 246.745341 -0.782244 0.621381 0.044493 -111.949156 0.081517 0.031291 0.996181 6.516733
0.616605 0.783851 -0.073322 248.014385 -0.783496 0.620092 0.040257 -113.594851 0.077022 0.032625 0.996495 6.575738
0.617372 0.783082 -0.075057 248.966677 -0.783005 0.620892 0.037357 -114.820772 0.075856 0.035706 0.996479 6.619800
0.616674 0.783715 -0.074190 249.903887 -0.783548 0.620157 0.038185 -116.033398 0.075936 0.034584 0.996513 6.663310
0.616787 0.783643 -0.074011 250.829828 -0.783570 0.620210 0.036854 -117.224863 0.074783 0.035262 0.996576 6.706141
0.615498 0.784909 -0.071275 251.780209 -0.784935 0.618630 0.034268 -118.449657 0.070990 0.034854 0.996868 6.750146
0.614041 0.786239 -0.069157 252.691647 -0.786389 0.616928 0.031485 -119.627077 0.067420 0.035051 0.997109 6.792416
0.611412 0.788747 -0.063664 253.807410 -0.788378 0.614093 0.036747 -121.075389 0.068080 0.027724 0.997295 6.844327
0.607785 0.791745 -0.061134 254.785182 -0.790959 0.610425 0.042009 -122.348625 0.070578 0.022822 0.997245 6.889914
0.603057 0.795679 -0.056716 255.751200 -0.794650 0.605442 0.044395 -123.630384 0.069662 0.018297 0.997403 6.935520
0.599771 0.798287 -0.054895 256.712996 -0.797322 0.602012 0.043131 -124.914019 0.067478 0.017900 0.997560 6.981106
0.592773 0.803379 -0.056581 257.930776 -0.802428 0.595148 0.043685 -126.569751 0.068770 0.019507 0.997442 7.039550
0.583019 0.810060 -0.062384 258.849708 -0.808736 0.585976 0.050783 -127.850263 0.077693 0.020845 0.996759 7.084392
0.575639 0.815561 -0.059161 259.753459 -0.814300 0.578335 0.049435 -129.130398 0.074532 0.019718 0.997024 7.128988
0.566082 0.822515 -0.054958 260.859624 -0.822243 0.568142 0.033627 -130.741787 0.058883 0.026153 0.997922 7.184634
0.557858 0.827563 -0.062724 261.787741 -0.826987 0.560652 0.041973 -132.127683 0.069902 0.028457 0.997148 7.232130
