0.999995 0.003018 0.000000 1.722609 -0.003018 0.999995 -0.000000 -0.032654 -0.000000 0.000000 1.000000 0.000000
0.999951 0.009911 0.000000 3.466474 -0.009911 0.999951 -0.000000 -0.082699 -0.000000 0.000000 1.000000 0.000000
0.999927 0.012082 0.000000 6.029343 -0.012082 0.999927 -0.000000 -0.117330 -0.000000 0.000000 1.000000 0.000000
0.999889 0.014909 0.000000 7.779041 -0.014909 0.999889 -0.000000 -0.158400 -0.000000 0.000000 1.000000 0.000000
0.999810 0.019473 0.000000 9.471066 -0.019473 0.999810 -0.000000 -0.168579 -0.000000 0.000000 1.000000 0.000000
0.999784 0.020764 0.000000 11.180118 -0.020764 0.999784 -0.000000 -0.181109 -0.000000 0.000000 1.000000 0.000000
0.999666 0.025827 0.000000 13.169547 -0.025827 0.999666 -0.000000 -0.208085 -0.000000 0.000000 1.000000 0.000000
0.999552 0.029945 0.000000 14.940103 -0.029945 0.999552 -0.000000 -0.220365 -0.000000 0.000000 1.000000 0.000000
0.999498 0.031678 0.000000 16.719008 -0.031678 0.999498 -0.000000 -0.293012 -0.000000 0.000000 1.000000 0.000000
0.999420 0.034041 0.000000 18.453679 -0.034041 0.999420 -0.000000 -0.338993 -0.000000 0.000000 1.000000 0.000000
0.999259 0.038488 0.000000 20.154531 -0.038488 0.999259 -0.000000 -0.413410 -0.000000 0.000000 1.000000 0.000000
0.999063 0.043285 0.000000 22.807460 -0.043285 0.999063 -0.000000 -0.458088 -0.000000 0.000000 1.000000 0.000000
0.998590 0.053091 0.000000 24.463418 -0.053091 0.998590 -0.000000 -0.567784 -0.000000 0.000000 1.000000 0.000000
0.997352 0.072719 0.000000 26.650224 -0.072719 0.997352 -0.000000 -0.658504 -0.000000 0.000000 1.000000 0.000000
0.997368 0.072508 0.000000 28.330162 -0.072508 0.997368 -0.000000 -0.838148 -0.000000 0.000000 1.000000 0.000000
0.996734 0.080753 0.000000 30.403182 -0.080753 0.996734 -0.000000 -0.972455 -0.000000 0.000000 1.000000 0.000000
0.996279 0.086191 0.000000 32.107338 -0.086191 0.996279 -0.000000 -1.138795 -0.000000 0.000000 1.000000 0.000000
0.995894 0.090522 0.000000 33.892114 -0.090522 0.995894 -0.000000 -1.280378 -0.000000 0.000000 1.000000 0.000000
0.995216 0.097704 0.000000 35.886546 -0.097704 0.995216 -0.000000 -1.532138 -0.000000 0.000000 1.000000 0.000000
0.994404 0.105647 0.000000 37.559955 -0.105647 0.994404 -0.000000 -1.695087 -0.000000 0.000000 1.000000 0.000000
0.993804 0.111144 0.000000 39.212926 -0.111144 0.993804 -0.000000 -1.891383 -0.000000 0.000000 1.000000 0.000000
0.993533 0.113546 0.000000 40.860945 -0.113546 0.993533 -0.000000 -2.086401 -0.000000 0.000000 1.000000 0.000000
0.992776 0.119982 0.000000 42.576444 -0.119982 0.992776 -0.000000 -2.296331 -0.000000 0.000000 1.000000 0.000000
0.992302 0.123838 0.000000 44.632460 -0.123838 0.992302 -0.000000 -2.601920 -0.000000 0.000000 1.000000 0.000000
0.990866 0.134852 0.000000 46.879600 -0.134852 0.990866 -0.000000 -2.922796 -0.000000 0.000000 1.000000 0.000000
0.990243 0.139353 0.000000 48.906578 -0.139353 0.990243 -0.000000 -3.183302 -0.000000 0.000000 1.000000 0.000000
0.989187 0.146663 0.000000 50.800637 -0.146663 0.989187 -0.000000 -3.498828 -0.000000 0.000000 1.000000 0.000000
0.987719 0.156243 0.000000 52.287194 -0.156243 0.987719 -0.000000 -3.719524 -0.000000 0.000000 1.000000 0.000000
0.987205 0.159457 0.000000 53.704023 -0.159457 0.987205 -0.000000 -3.982320 -0.000000 0.000000 1.000000 0.000000
0.986495 0.163794 0.000000 55.270806 -0.163794 0.986495 -0.000000 -4.229058 -0.000000 0.000000 1.000000 0.000000
0.986162 0.165783 0.000000 56.576939 -0.165783 0.986162 -0.000000 -4.432957 -0.000000 0.000000 1.000000 0.000000
0.985029 0.172387 0.000000 58.113274 -0.172387 0.985029 -0.000000 -4.743565 -0.000000 0.000000 1.000000 0.000000
0.984519 0.175279 0.000000 59.291161 -0.175279 0.984519 -0.000000 -4.932216 -0.000000 0.000000 1.000000 0.000000
0.983942 0.178489 0.000000 60.343199 -0.178489 0.983942 -0.000000 -5.127590 -0.000000 0.000000 1.000000 0.000000
0.983216 0.182444 0.000000 61.716183 -0.182444 0.983216 -0.000000 -5.413280 -0.000000 0.000000 1.000000 0.000000
0.982721 0.185091 0.000000 62.668317 -0.185091 0.982721 -0.000000 -5.603325 -0.000000 0.000000 1.000000 0.000000
0.981842 0.189703 0.000000 63.604583 -0.189703 0.981842 -0.000000 -5.786306 -0.000000 0.000000 1.000000 0.000000
0.981175 0.193120 0.000000 64.699491 -0.193120 0.981175 -0.000000 -6.001302 -0.000000 0.000000 1.000000 0.000000
0.980195 0.198035 0.000000 65.614877 -0.198035 0.980195 -0.000000 -6.186137 -0.000000 0.000000 1.000000 0.000000
0.979697 0.200483 0.000000 66.424270 -0.200483 0.979697 -0.000000 -6.357695 -0.000000 0.000000 1.000000 0.000000
0.978463 0.206423 0.000000 67.362733 -0.206423 0.978463 -0.000000 -6.539537 -0.000000 0.000000 1.000000 0.000000
0.977697 0.210022 0.000000 68.151568 -0.210022 0.977697 -0.000000 -6.729916 -0.000000 0.000000 1.000000 0.000000
0.976868 0.213842 0.000000 68.877554 -0.213842 0.976868 -0.000000 -6.941267 -0.000000 0.000000 1.000000 0.000000
0.976084 0.217394 0.000000 69.701073 -0.217394 0.976084 -0.000000 -7.090425 -0.000000 0.000000 1.000000 0.000000
0.975076 0.221872 0.000000 70.654828 -0.221872 0.975076 -0.000000 -7.305076 -0.000000 0.000000 1.000000 0.000000
0.974337 0.225092 0.000000 71.473919 -0.225092 0.974337 -0.000000 -7.497983 -0.000000 0.000000 1.000000 0.000000
0.973414 0.229054 0.000000 72.286301 -0.229054 0.973414 -0.000000 -7.685241 -0.000000 0.000000 1.000000 0.000000
0.972888 0.231275 0.000000 73.067409 -0.231275 0.972888 -0.000000 -7.857834 -0.000000 0.000000 1.000000 0.000000
0.970764 0.240035 0.000000 74.415377 -0.240035 0.970764 -0.000000 -8.119828 -0.000000 0.000000 1.000000 0.000000
0.970042 0.242938 0.000000 75.577289 -0.242938 0.970042 -0.000000 -8.456741 -0.000000 0.000000 1.000000 0.000000
0.969400 0.245485 0.000000 76.630743 -0.245485 0.969400 -0.000000 -8.733003 -0.000000 0.000000 1.000000 0.000000
0.967428 0.253148 0.000000 77.847997 -0.253148 0.967428 -0.000000 -9.090491 -0.000000 0.000000 1.000000 0.000000
0.966019 0.258473 0.000000 78.844582 -0.258473 0.966019 -0.000000 -9.317601 -0.000000 0.000000 1.000000 0.000000
0.964754 0.263154 0.000000 80.120580 -0.263154 0.964754 -0.000000 -9.642895 -0.000000 0.000000 1.000000 0.000000
0.963788 0.266669 0.000000 81.780161 -0.266669 0.963788 -0.000000 -10.126818 -0.000000 0.000000 1.000000 0.000000
0.962443 0.271483 0.000000 82.969084 -0.271483 0.962443 -0.000000 -10.463704 -0.000000 0.000000 1.000000 0.000000
0.962240 0.272202 0.000000 84.262436 -0.272202 0.962240 -0.000000 -10.830762 -0.000000 0.000000 1.000000 0.000000
0.961821 0.273679 0.000000 86.171332 -0.273679 0.961821 -0.000000 -11.398022 -0.000000 0.000000 1.000000 0.000000
0.960394 0.278644 0.000000 87.595816 -0.278644 0.960394 -0.000000 -11.819243 -0.000000 0.000000 1.000000 0.000000
0.958914 0.283698 0.000000 89.026132 -0.283698 0.958914 -0.000000 -12.241428 -0.000000 0.000000 1.000000 0.000000
0.958321 0.285694 0.000000 90.504015 -0.285694 0.958321 -0.000000 -12.708876 -0.000000 0.000000 1.000000 0.000000
0.957255 0.289246 0.000000 92.495911 -0.289246 0.957255 -0.000000 -13.321015 -0.000000 0.000000 1.000000 0.000000
0.954774 0.297334 0.000000 94.355021 -0.297334 0.954774 -0.000000 -13.912695 -0.000000 0.000000 1.000000 0.000000
0.951170 0.308667 0.000000 96.645910 -0.308667 0.951170 -0.000000 -14.787860 -0.000000 0.000000 1.000000 0.000000
0.948853 0.315718 0.000000 98.363908 -0.315718 0.948853 -0.000000 -15.350788 -0.000000 0.000000 1.000000 0.000000
0.947831 0.318773 0.000000 100.079567 -0.318773 0.947831 -0.000000 -15.932771 -0.000000 0.000000 1.000000 0.000000
0.947063 0.321049 0.000000 101.797771 -0.321049 0.947063 -0.000000 -16.508845 -0.000000 0.000000 1.000000 0.000000
0.945419 0.325856 0.000000 103.564025 -0.325856 0.945419 -0.000000 -17.109708 -0.000000 0.000000 1.000000 0.000000
0.943992 0.329969 0.000000 105.862209 -0.329969 0.943992 -0.000000 -17.876792 -0.000000 0.000000 1.000000 0.000000
0.942612 0.333891 0.000000 107.634215 -0.333891 0.942612 -0.000000 -18.578275 -0.000000 0.000000 1.000000 0.000000
0.941833 0.336081 0.000000 109.391769 -0.336081 0.941833 -0.000000 -19.169182 -0.000000 0.000000 1.000000 0.000000
0.940087 0.340934 0.000000 111.315110 -0.340934 0.940087 -0.000000 -19.886873 -0.000000 0.000000 1.000000 0.000000
0.937704 0.347435 0.000000 113.284994 -0.347435 0.937704 -0.000000 -20.608611 -0.000000 0.000000 1.000000 0.000000
0.937302 0.348519 0.000000 115.546928 -0.348519 0.937302 -0.000000 -21.399128 -0.000000 0.000000 1.000000 0.000000
0.935693 0.352815 0.000000 117.411229 -0.352815 0.935693 -0.000000 -22.083561 -0.000000 0.000000 1.000000 0.000000
0.934494 0.355980 0.000000 119.791094 -0.355980 0.934494 -0.000000 -22.971677 -0.000000 0.000000 1.000000 0.000000
0.932326 0.361620 0.000000 122.346618 -0.361620 0.932326 -0.000000 -23.951933 -0.000000 0.000000 1.000000 0.000000
0.929515 0.368785 0.000000 124.180226 -0.368785 0.929515 -0.000000 -24.688926 -0.000000 0.000000 1.000000 0.000000
0.923791 0.382897 0.000000 129.923737 -0.382897 0.923791 -0.000000 -27.111107 -0.000000 0.000000 1.000000 0.000000
0.921580 0.388189 0.000000 131.681834 -0.388189 0.921580 -0.000000 -27.888922 -0.000000 0.000000 1.000000 0.000000
0.920088 0.391712 0.000000 133.643311 -0.391712 0.920088 -0.000000 -28.703629 -0.000000 0.000000 1.000000 0.000000
0.917695 0.397286 0.000000 135.712376 -0.397286 0.917695 -0.000000 -29.571420 -0.000000 0.000000 1.000000 0.000000
0.916181 0.400765 0.000000 137.488931 -0.400765 0.916181 -0.000000 -30.329266 -0.000000 0.000000 1.000000 0.000000
0.914573 0.404420 0.000000 139.569680 -0.404420 0.914573 -0.000000 -31.214197 -0.000000 0.000000 1.000000 0.000000
0.912869 0.408252 0.000000 141.438709 -0.408252 0.912869 -0.000000 -32.066721 -0.000000 0.000000 1.000000 0.000000
0.913172 0.407574 0.000000 143.178730 -0.407574 0.913172 -0.000000 -32.864109 -0.000000 0.000000 1.000000 0.000000
0.912868 0.408255 0.000000 145.366888 -0.408255 0.912868 -0.000000 -33.861957 -0.000000 0.000000 1.000000 0.000000
0.910771 0.412912 0.000000 146.991689 -0.412912 0.910771 -0.000000 -34.611043 -0.000000 0.000000 1.000000 0.000000
0.911418 0.411481 0.000000 148.755240 -0.411481 0.911418 -0.000000 -35.484444 -0.000000 0.000000 1.000000 0.000000
0.908793 0.417248 0.000000 150.373091 -0.417248 0.908793 -0.000000 -36.236554 -0.000000 0.000000 1.000000 0.000000
0.908681 0.417492 0.000000 151.943874 -0.417492 0.908681 -0.000000 -36.971394 -0.000000 0.000000 1.000000 0.000000
0.906362 0.422503 0.000000 153.698371 -0.422503 0.906362 -0.000000 -37.813410 -0.000000 0.000000 1.000000 0.000000
0.903715 0.428135 0.000000 155.206651 -0.428135 0.903715 -0.000000 -38.582838 -0.000000 0.000000 1.000000 0.000000
0.902528 0.430631 0.000000 156.960570 -0.430631 0.902528 -0.000000 -39.386181 -0.000000 0.000000 1.000000 0.000000
0.899982 0.435927 0.000000 158.478690 -0.435927 0.899982 -0.000000 -40.088825 -0.000000 0.000000 1.000000 0.000000
0.898487 0.439001 0.000000 160.202475 -0.439001 0.898487 -0.000000 -40.922728 -0.000000 0.000000 1.000000 0.000000
0.897544 0.440925 0.000000 161.733044 -0.440925 0.897544 -0.000000 -41.749721 -0.000000 0.000000 1.000000 0.000000
0.895784 0.444489 0.000000 163.270167 -0.444489 0.895784 -0.000000 -42.458851 -0.000000 0.000000 1.000000 0.000000
0.894277 0.447513 0.000000 164.851640 -0.447513 0.894277 -0.000000 -43.203662 -0.000000 0.000000 1.000000 0.000000
0.894603 0.446861 0.000000 166.392383 -0.446861 0.894603 -0.000000 -43.990339 -0.000000 0.000000 1.000000 0.000000
0.893409 0.449244 0.000000 168.001602 -0.449244 0.893409 -0.000000 -44.837827 -0.000000 0.000000 1.000000 0.000000
0.891008 0.453987 0.000000 169.394093 -0.453987 0.891008 -0.000000 -45.619933 -0.000000 0.000000 1.000000 0.000000
0.889842 0.456269 0.000000 171.145358 -0.456269 0.889842 -0.000000 -46.584065 -0.000000 0.000000 1.000000 0.000000
0.888098 0.459655 0.000000 172.765094 -0.459655 0.888098 -0.000000 -47.470836 -0.000000 0.000000 1.000000 0.000000
0.887638 0.460542 0.000000 174.762662 -0.460542 0.887638 -0.000000 -48.551741 -0.000000 0.000000 1.000000 0.000000
0.887453 0.460898 0.000000 176.259144 -0.460898 0.887453 -0.000000 -49.313912 -0.000000 0.000000 1.000000 0.000000
0.886276 0.463158 0.000000 177.722603 -0.463158 0.886276 -0.000000 -50.079246 -0.000000 0.000000 1.000000 0.000000
0.886551 0.462630 0.000000 179.120974 -0.462630 0.886551 -0.000000 -50.823803 -0.000000 0.000000 1.000000 0.000000
0.887197 0.461392 0.000000 180.565608 -0.461392 0.887197 -0.000000 -51.490503 -0.000000 0.000000 1.000000 0.000000
0.888152 0.459550 0.000000 181.935954 -0.459550 0.888152 -0.000000 -52.203163 -0.000000 0.000000 1.000000 0.000000
0.887643 0.460533 0.000000 183.345487 -0.460533 0.887643 -0.000000 -52.915320 -0.000000 0.000000 1.000000 0.000000
0.892217 0.451606 0.000000 184.866258 -0.451606 0.892217 -0.000000 -53.700772 -0.000000 0.000000 1.000000 0.000000
0.896321 0.443405 0.000000 186.472584 -0.443405 0.896321 -0.000000 -54.553348 -0.000000 0.000000 1.000000 0.000000
0.902185 0.431349 0.000000 187.870372 -0.431349 0.902185 -0.000000 -55.276287 -0.000000 0.000000 1.000000 0.000000
0.912592 0.408871 0.000000 189.699188 -0.408871 0.912592 -0.000000 -56.142002 -0.000000 0.000000 1.000000 0.000000
0.922160 0.386809 0.000000 191.018265 -0.386809 0.922160 -0.000000 -56.763504 -0.000000 0.000000 1.000000 0.000000
0.934654 0.355558 0.000000 192.740652 -0.355558 0.934654 -0.000000 -57.460566 -0.000000 0.000000 1.000000 0.000000
0.944918 0.327308 0.000000 194.261398 -0.327308 0.944918 -0.000000 -58.042300 -0.000000 0.000000 1.000000 0.000000
0.954320 0.298786 0.000000 195.577193 -0.298786 0.954320 -0.000000 -58.507852 -0.000000 0.000000 1.000000 0.000000
0.960346 0.278809 0.000000 196.859354 -0.278809 0.960346 -0.000000 -58.884502 -0.000000 0.000000 1.000000 0.000000
0.968940 0.247295 0.000000 198.182578 -0.247295 0.968940 -0.000000 -59.234243 -0.000000 0.000000 1.000000 0.000000
0.975936 0.218058 0.000000 199.401968 -0.218058 0.975936 -0.000000 -59.548954 -0.000000 0.000000 1.000000 0.000000
0.983122 0.182953 0.000000 201.121029 -0.182953 0.983122 -0.000000 -59.932831 -0.000000 0.000000 1.000000 0.000000
0.989050 0.147579 0.000000 202.597260 -0.147579 0.989050 -0.000000 -60.219255 -0.000000 0.000000 1.000000 0.000000
0.991873 0.127229 0.000000 203.839357 -0.127229 0.991873 -0.000000 -60.435227 -0.000000 0.000000 1.000000 0.000000
0.994118 0.108305 0.000000 204.902756 -0.108305 0.994118 -0.000000 -60.475839 -0.000000 0.000000 1.000000 0.000000
0.996063 0.088651 0.000000 205.955113 -0.088651 0.996063 -0.000000 -60.568392 -0.000000 0.000000 1.000000 0.000000
0.997361 0.072604 0.000000 206.960273 -0.072604 0.997361 -0.000000 -60.628346 -0.000000 0.000000 1.000000 0.000000
0.998549 0.053850 0.000000 208.087457 -0.053850 0.998549 -0.000000 -60.690947 -0.000000 0.000000 1.000000 0.000000
0.999430 0.033749 0.000000 209.321297 -0.033749 0.999430 -0.000000 -60.729577 -0.000000 0.000000 1.000000 0.000000
0.999784 0.020802 0.000000 210.145995 -0.020802 0.999784 -0.000000 -60.787159 -0.000000 0.000000 1.000000 0.000000
0.999993 0.003806 0.000000 211.143515 -0.003806 0.999993 -0.000000 -60.783638 -0.000000 0.000000 1.000000 0.000000
0.999952 -0.009749 0.000000 212.027527 0.009749 0.999952 0.000000 -60.699792 0.000000 0.000000 1.000000 0.000000
0.999758 -0.022017 0.000000 212.778946 0.022017 0.999758 0.000000 -60.613761 0.000000 0.000000 1.000000 0.000000
0.999514 -0.031161 0.000000 213.524631 0.031161 0.999514 0.000000 -60.593698 0.000000 0.000000 1.000000 0.000000
0.999263 -0.038395 0.000000 214.328700 0.038395 0.999263 0.000000 -60.572565 0.000000 0.000000 1.000000 0.000000
0.998797 -0.049035 0.000000 214.973629 0.049035 0.998797 0.000000 -60.533630 0.000000 0.000000 1.000000 0.000000
0.998143 -0.060911 0.000000 215.935836 0.060911 0.998143 0.000000 -60.453489 0.000000 0.000000 1.000000 0.000000
0.997794 -0.066389 0.000000 216.645533 0.066389 0.997794 0.000000 -60.410433 0.000000 0.000000 1.000000 0.000000
0.997212 -0.074616 0.000000 217.272847 0.074616 0.997212 0.000000 -60.328248 0.000000 0.000000 1.000000 0.000000
0.996628 -0.082058 0.000000 217.917937 0.082058 0.996628 0.000000 -60.301812 0.000000 0.000000 1.000000 0.000000
0.996246 -0.086564 0.000000 218.531417 0.086564 0.996246 0.000000 -60.256728 0.000000 0.000000 1.000000 0.000000
0.995781 -0.091760 0.000000 219.151662 0.091760 0.995781 0.000000 -60.215921 0.000000 0.000000 1.000000 0.000000
0.995387 -0.095939 0.000000 219.750247 0.095939 0.995387 0.000000 -60.158623 0.000000 0.000000 1.000000 0.000000
0.995173 -0.098140 0.000000 220.365963 0.098140 0.995173 0.000000 -60.113993 0.000000 0.000000 1.000000 0.000000
0.994557 -0.104198 0.000000 221.159643 0.104198 0.994557 0.000000 -60.032696 0.000000 0.000000 1.000000 0.000000
0.994309 -0.106536 0.000000 221.995783 0.106536 0.994309 0.000000 -59.937289 0.000000 0.000000 1.000000 0.000000
0.994235 -0.107221 0.000000 222.719121 0.107221 0.994235 0.000000 -59.768317 0.000000 0.000000 1.000000 0.000000
0.993579 -0.113144 0.000000 223.546132 0.113144 0.993579 0.000000 -59.704096 0.000000 0.000000 1.000000 0.000000
0.993144 -0.116901 0.000000 224.390897 0.116901 0.993144 0.000000 -59.565379 0.000000 0.000000 1.000000 0.000000
0.992618 -0.121279 0.000000 225.185431 0.121279 0.992618 0.000000 -59.484365 0.000000 0.000000 1.000000 0.000000
0.992104 -0.125416 0.000000 226.214832 0.125416 0.992104 0.000000 -59.385340 0.000000 0.000000 1.000000 0.000000
0.991459 -0.130421 0.000000 227.525091 0.130421 0.991459 0.000000 -59.192726 0.000000 0.000000 1.000000 0.000000
0.990783 -0.135462 0.000000 228.498038 0.135462 0.990783 0.000000 -59.054601 0.000000 0.000000 1.000000 0.000000
0.990776 -0.135508 0.000000 229.714790 0.135508 0.990776 0.000000 -58.903134 0.000000 0.000000 1.000000 0.000000
0.990444 -0.137919 0.000000 230.622496 0.137919 0.990444 0.000000 -58.849112 0.000000 0.000000 1.000000 0.000000
0.990000 -0.141068 0.000000 231.494158 0.141068 0.990000 0.000000 -58.744228 0.000000 0.000000 1.000000 0.000000
0.989750 -0.142811 0.000000 232.339581 0.142811 0.989750 0.000000 -58.635689 0.000000 0.000000 1.000000 0.000000
0.989574 -0.144024 0.000000 233.628689 0.144024 0.989574 0.000000 -58.413527 0.000000 0.000000 1.000000 0.000000
0.989511 -0.144454 0.000000 234.489743 0.144454 0.989511 0.000000 -58.297852 0.000000 0.000000 1.000000 0.000000
0.989504 -0.144503 0.000000 235.776434 0.144503 0.989504 0.000000 -58.127332 0.000000 0.000000 1.000000 0.000000
0.989919 -0.141636 0.000000 237.042407 0.141636 0.989919 0.000000 -57.952573 0.000000 0.000000 1.000000 0.000000
0.989267 -0.146117 0.000000 237.834852 0.146117 0.989267 0.000000 -57.845641 0.000000 0.000000 1.000000 0.000000
0.989435 -0.144974 0.000000 238.616650 0.144974 0.989435 0.000000 -57.758270 0.000000 0.000000 1.000000 0.000000
0.989971 -0.141268 0.000000 239.237465 0.141268 0.989971 0.000000 -57.634998 0.000000 0.000000 1.000000 0.000000
0.989646 -0.143532 0.000000 239.851945 0.143532 0.989646 0.000000 -57.495961 0.000000 0.000000 1.000000 0.000000
0.989555 -0.144158 0.000000 240.374092 0.144158 0.989555 0.000000 -57.419882 0.000000 0.000000 1.000000 0.000000
0.989081 -0.147372 0.000000 240.918507 0.147372 0.989081 0.000000 -57.316010 0.000000 0.000000 1.000000 0.000000
0.989334 -0.145666 0.000000 241.312796 0.145666 0.989334 0.000000 -57.279455 0.000000 0.000000 1.000000 0.000000
0.989010 -0.147848 0.000000 241.602879 0.147848 0.989010 0.000000 -57.233027 0.000000 0.000000 1.000000 0.000000
0.988426 -0.151706 0.000000 241.892755 0.151706 0.988426 0.000000 -57.212413 0.000000 0.000000 1.000000 0.000000
0.989045 -0.147616 0.000000 242.130620 0.147616 0.989045 0.000000 -57.152824 0.000000 0.000000 1.000000 0.000000
0.988634 -0.150344 0.000000 242.229937 0.150344 0.988634 0.000000 -57.156061 0.000000 0.000000 1.000000 0.000000
0.988463 -0.151464 0.000000 242.368485 0.151464 0.988463 0.000000 -57.154942 0.000000 0.000000 1.000000 0.000000
0.989337 -0.145645 0.000000 242.412786 0.145645 0.989337 0.000000 -57.150268 0.000000 0.000000 1.000000 0.000000
0.989139 -0.146985 0.000000 242.431235 0.146985 0.989139 0.000000 -57.140026 0.000000 0.000000 1.000000 0.000000
0.989039 -0.147651 0.000000 242.432367 0.147651 0.989039 0.000000 -57.140566 0.000000 0.000000 1.000000 0.000000
0.989009 -0.147857 0.000000 242.431219 0.147857 0.989009 0.000000 -57.137074 0.000000 0.000000 1.000000 0.000000
0.988991 -0.147975 0.000000 242.431408 0.147975 0.988991 0.000000 -57.137964 0.000000 0.000000 1.000000 0.000000
0.988973 -0.148095 0.000000 242.433205 0.148095 0.988973 0.000000 -57.138151 0.000000 0.000000 1.000000 0.000000
0.988945 -0.148285 0.000000 242.432246 0.148285 0.988945 0.000000 -57.136590 0.000000 0.000000 1.000000 0.000000
0.988969 -0.148121 0.000000 242.431889 0.148121 0.988969 0.000000 -57.135908 0.000000 0.000000 1.000000 0.000000
0.988967 -0.148138 0.000000 242.430840 0.148138 0.988967 0.000000 -57.135091 0.000000 0.000000 1.000000 0.000000
0.989021 -0.147777 0.000000 242.430887 0.147777 0.989021 0.000000 -57.135517 0.000000 0.000000 1.000000 0.000000
0.989011 -0.147842 0.000000 242.432311 0.147842 0.989011 0.000000 -57.138433 0.000000 0.000000 1.000000 0.000000
0.989071 -0.147440 0.000000 242.431361 0.147440 0.989071 0.000000 -57.136348 0.000000 0.000000 1.000000 0.000000
0.989115 -0.147143 0.000000 242.432433 0.147143 0.989115 0.000000 -57.136043 0.000000 0.000000 1.000000 0.000000
0.989167 -0.146793 0.000000 242.433167 0.146793 0.989167 0.000000 -57.134360 0.000000 0.000000 1.000000 0.000000
0.989180 -0.146705 0.000000 242.432831 0.146705 0.989180 0.000000 -57.136294 0.000000 0.000000 1.000000 0.000000
0.989160 -0.146840 0.000000 242.433192 0.146840 0.989160 0.000000 -57.137093 0.000000 0.000000 1.000000 0.000000
0.989159 -0.146850 0.000000 242.434706 0.146850 0.989159 0.000000 -57.138378 0.000000 0.000000 1.000000 0.000000
0.989150 -0.146907 0.000000 242.434631 0.146907 0.989150 0.000000 -57.138997 0.000000 0.000000 1.000000 0.000000
0.989174 -0.146747 0.000000 242.433564 0.146747 0.989174 0.000000 -57.137747 0.000000 0.000000 1.000000 0.000000
0.989160 -0.146843 0.000000 242.432720 0.146843 0.989160 0.000000 -57.138237 0.000000 0.000000 1.000000 0.000000
0.989150 -0.146911 0.000000 242.432663 0.146911 0.989150 0.000000 -57.138404 0.000000 0.000000 1.000000 0.000000
0.989143 -0.146954 0.000000 242.435032 0.146954 0.989143 0.000000 -57.136622 0.000000 0.000000 1.000000 0.000000
0.989126 -0.147068 0.000000 242.436365 0.147068 0.989126 0.000000 -57.135032 0.000000 0.000000 1.000000 0.000000
0.989090 -0.147311 0.000000 242.436192 0.147311 0.989090 0.000000 -57.137358 0.000000 0.000000 1.000000 0.000000
0.989072 -0.147435 0.000000 242.436740 0.147435 0.989072 0.000000 -57.136448 0.000000 0.000000 1.000000 0.000000
0.989082 -0.147366 0.000000 242.437122 0.147366 0.989082 0.000000 -57.135838 0.000000 0.000000 1.000000 0.000000
0.989135 -0.147010 0.000000 242.437983 0.147010 0.989135 0.000000 -57.133417 0.000000 0.000000 1.000000 0.000000
0.989146 -0.146933 0.000000 242.438804 0.146933 0.989146 0.000000 -57.133976 0.000000 0.000000 1.000000 0.000000
0.989127 -0.147066 0.000000 242.441770 0.147066 0.989127 0.000000 -57.134611 0.000000 0.000000 1.000000 0.000000
0.989057 -0.147532 0.000000 242.439637 0.147532 0.989057 0.000000 -57.134468 0.000000 0.000000 1.000000 0.000000
0.989064 -0.147489 0.000000 242.441618 0.147489 0.989064 0.000000 -57.135071 0.000000 0.000000 1.000000 0.000000
0.988945 -0.148280 0.000000 242.438629 0.148280 0.988945 0.000000 -57.144528 0.000000 0.000000 1.000000 0.000000
0.988871 -0.148774 0.000000 242.439194 0.148774 0.988871 0.000000 -57.151354 0.000000 0.000000 1.000000 0.000000
0.988447 -0.151568 0.000000 242.449349 0.151568 0.988447 0.000000 -57.168688 0.000000 0.000000 1.000000 0.000000
0.988417 -0.151760 0.000000 242.513140 0.151760 0.988417 0.000000 -57.119233 0.000000 0.000000 1.000000 0.000000
0.988870 -0.148780 0.000000 242.527587 0.148780 0.988870 0.000000 -57.120018 0.000000 0.000000 1.000000 0.000000
0.988719 -0.149785 0.000000 242.564756 0.149785 0.988719 0.000000 -57.098530 0.000000 0.000000 1.000000 0.000000
0.988521 -0.151084 0.000000 242.554384 0.151084 0.988521 0.000000 -57.112487 0.000000 0.000000 1.000000 0.000000
0.988367 -0.152087 0.000000 242.565198 0.152087 0.988367 0.000000 -57.112300 0.000000 0.000000 1.000000 0.000000
0.988236 -0.152936 0.000000 242.573416 0.152936 0.988236 0.000000 -57.114992 0.000000 0.000000 1.000000 0.000000
0.987719 -0.156243 0.000000 242.581581 0.156243 0.987719 0.000000 -57.122323 0.000000 0.000000 1.000000 0.000000
0.987280 -0.158990 0.000000 242.608679 0.158990 0.987280 0.000000 -57.111811 0.000000 0.000000 1.000000 0.000000
0.987349 -0.158560 0.000000 242.626998 0.158560 0.987349 0.000000 -57.139343 0.000000 0.000000 1.000000 0.000000
0.987512 -0.157546 0.000000 242.631041 0.157546 0.987512 0.000000 -57.138362 0.000000 0.000000 1.000000 0.000000
0.987539 -0.157374 0.000000 242.641889 0.157374 0.987539 0.000000 -57.132368 0.000000 0.000000 1.000000 0.000000
0.987476 -0.157772 0.000000 242.642219 0.157772 0.987476 0.000000 -57.125888 0.000000 0.000000 1.000000 0.000000
0.987417 -0.158135 0.000000 242.659117 0.158135 0.987417 0.000000 -57.121559 0.000000 0.000000 1.000000 0.000000
0.987331 -0.158676 0.000000 242.694987 0.158676 0.987331 0.000000 -57.093023 0.000000 0.000000 1.000000 0.000000
0.987281 -0.158985 0.000000 242.719791 0.158985 0.987281 0.000000 -57.100675 0.000000 0.000000 1.000000 0.000000
0.987402 -0.158230 0.000000 242.742932 0.158230 0.987402 0.000000 -57.081990 0.000000 0.000000 1.000000 0.000000
0.987591 -0.157047 0.000000 242.900785 0.157047 0.987591 0.000000 -57.094333 0.000000 0.000000 1.000000 0.000000
0.986953 -0.161009 0.000000 242.978927 0.161009 0.986953 0.000000 -57.029269 0.000000 0.000000 1.000000 0.000000
0.987080 -0.160228 0.000000 243.096552 0.160228 0.987080 0.000000 -56.984522 0.000000 0.000000 1.000000 0.000000
0.986697 -0.162571 0.000000 243.304568 0.162571 0.986697 0.000000 -56.913697 0.000000 0.000000 1.000000 0.000000
0.986486 -0.163843 0.000000 243.561421 0.163843 0.986486 0.000000 -56.887749 0.000000 0.000000 1.000000 0.000000
0.986492 -0.163812 0.000000 243.817980 0.163812 0.986492 0.000000 -56.853315 0.000000 0.000000 1.000000 0.000000
0.986070 -0.166330 0.000000 244.193345 0.166330 0.986070 0.000000 -56.793861 0.000000 0.000000 1.000000 0.000000
0.986058 -0.166401 0.000000 244.604239 0.166401 0.986058 0.000000 -56.744928 0.000000 0.000000 1.000000 0.000000
0.985493 -0.169718 0.000000 245.027820 0.169718 0.985493 0.000000 -56.655448 0.000000 0.000000 1.000000 0.000000
0.985045 -0.172296 0.000000 245.474522 0.172296 0.985045 0.000000 -56.578237 0.000000 0.000000 1.000000 0.000000
0.984594 -0.174856 0.000000 245.944537 0.174856 0.984594 0.000000 -56.531507 0.000000 0.000000 1.000000 0.000000
0.983870 -0.178884 0.000000 246.467034 0.178884 0.983870 0.000000 -56.497933 0.000000 0.000000 1.000000 0.000000
0.983809 -0.179221 0.000000 246.992640 0.179221 0.983809 0.000000 -56.373479 0.000000 0.000000 1.000000 0.000000
0.982946 -0.183896 0.000000 247.594419 0.183896 0.982946 0.000000 -56.319506 0.000000 0.000000 1.000000 0.000000
0.983255 -0.182233 0.000000 248.202437 0.182233 0.983255 0.000000 -56.230429 0.000000 0.000000 1.000000 0.000000
0.983769 -0.179440 0.000000 248.844932 0.179440 0.983769 0.000000 -56.130495 0.000000 0.000000 1.000000 0.000000
0.983594 -0.180396 0.000000 249.445549 0.180396 0.983594 0.000000 -56.049974 0.000000 0.000000 1.000000 0.000000
0.983387 -0.181524 0.000000 250.068555 0.181524 0.983387 0.000000 -55.965692 0.000000 0.000000 1.000000 0.000000
0.983732 -0.179644 0.000000 250.792675 0.179644 0.983732 0.000000 -55.865090 0.000000 0.000000 1.000000 0.000000
0.983966 -0.178354 0.000000 252.423104 0.178354 0.983966 0.000000 -55.590978 0.000000 0.000000 1.000000 0.000000
0.985004 -0.172529 0.000000 253.438005 0.172529 0.985004 0.000000 -55.326213 0.000000 0.000000 1.000000 0.000000
0.985238 -0.171189 0.000000 254.191710 0.171189 0.985238 0.000000 -55.135363 0.000000 0.000000 1.000000 0.000000
0.986146 -0.165879 0.000000 254.896081 0.165879 0.986146 0.000000 -55.036927 0.000000 0.000000 1.000000 0.000000
0.987016 -0.160621 0.000000 255.557248 0.160621 0.987016 0.000000 -54.919563 0.000000 0.000000 1.000000 0.000000
0.987769 -0.155924 0.000000 256.308448 0.155924 0.987769 0.000000 -54.845308 0.000000 0.000000 1.000000 0.000000
0.988765 -0.149480 0.000000 256.964757 0.149480 0.988765 0.000000 -54.810115 0.000000 0.000000 1.000000 0.000000
0.988668 -0.150119 0.000000 257.572283 0.150119 0.988668 0.000000 -54.737863 0.000000 0.000000 1.000000 0.000000
0.989473 -0.144714 0.000000 258.476761 0.144714 0.989473 0.000000 -54.596490 0.000000 0.000000 1.000000 0.000000
0.989323 -0.145738 0.000000 259.545728 0.145738 0.989323 0.000000 -54.417037 0.000000 0.000000 1.000000 0.000000
0.987603 -0.156969 0.000000 260.159634 0.156969 0.987603 0.000000 -54.298295 0.000000 0.000000 1.000000 0.000000
0.986105 -0.166121 0.000000 260.777104 0.166121 0.986105 0.000000 -54.255210 0.000000 0.000000 1.000000 0.000000
0.982632 -0.185566 0.000000 261.513563 0.185566 0.982632 0.000000 -54.127108 0.000000 0.000000 1.000000 0.000000
0.976427 -0.215849 0.000000 262.293710 0.215849 0.976427 0.000000 -53.991153 0.000000 0.000000 1.000000 0.000000
0.968374 -0.249501 0.000000 262.996882 0.249501 0.968374 0.000000 -53.779338 0.000000 0.000000 1.000000 0.000000
0.955700 -0.294344 0.000000 263.741491 0.294344 0.955700 0.000000 -53.568149 0.000000 0.000000 1.000000 0.000000
0.940191 -0.340647 0.000000 264.463649 0.340647 0.940191 0.000000 -53.346905 0.000000 0.000000 1.000000 0.000000
0.920512 -0.390715 0.000000 265.153026 0.390715 0.920512 0.000000 -53.130633 0.000000 0.000000 1.000000 0.000000
0.897929 -0.440140 0.000000 265.927239 0.440140 0.897929 0.000000 -52.801323 0.000000 0.000000 1.000000 0.000000
0.858726 -0.512434 0.000000 266.873856 0.512434 0.858726 0.000000 -52.316257 0.000000 0.000000 1.000000 0.000000
0.816364 -0.577538 0.000000 267.745857 0.577538 0.816364 0.000000 -51.757258 0.000000 0.000000 1.000000 0.000000
0.772826 -0.634617 0.000000 268.389420 0.634617 0.772826 0.000000 -51.282245 0.000000 0.000000 1.000000 0.000000
0.705693 -0.708518 0.000000 269.311287 0.708518 0.705693 0.000000 -50.538208 0.000000 0.000000 1.000000 0.000000
0.650182 -0.759779 0.000000 269.937433 0.759779 0.650182 0.000000 -49.938122 0.000000 0.000000 1.000000 0.000000
0.588036 -0.808835 0.000000 270.506880 0.808835 0.588036 0.000000 -49.264643 0.000000 0.000000 1.000000 0.000000
0.500931 -0.865487 0.000000 271.302757 0.865487 0.500931 0.000000 -48.307120 0.000000 0.000000 1.000000 0.000000
0.454310 -0.890844 0.000000 271.813762 0.890844 0.454310 0.000000 -47.397156 0.000000 0.000000 1.000000 0.000000
0.416817 -0.908990 0.000000 272.302694 0.908990 0.416817 0.000000 -46.481385 0.000000 0.000000 1.000000 0.000000
0.386995 -0.922082 0.000000 272.795248 0.922082 0.386995 0.000000 -45.402664 0.000000 0.000000 1.000000 0.000000
0.361780 -0.932264 0.000000 273.303974 0.932264 0.361780 0.000000 -44.179592 0.000000 0.000000 1.000000 0.000000
0.332577 -0.943076 0.000000 273.950362 0.943076 0.332577 0.000000 -42.348319 0.000000 0.000000 1.000000 0.000000
0.321446 -0.946928 0.000000 274.325984 0.946928 0.321446 0.000000 -41.180981 0.000000 0.000000 1.000000 0.000000
0.312839 -0.949806 0.000000 274.758149 0.949806 0.312839 0.000000 -40.059603 0.000000 0.000000 1.000000 0.000000
0.307693 -0.951486 0.000000 275.168304 0.951486 0.307693 0.000000 -38.875651 0.000000 0.000000 1.000000 0.000000
0.305056 -0.952335 0.000000 275.700787 0.952335 0.305056 0.000000 -37.278607 0.000000 0.000000 1.000000 0.000000
0.294332 -0.955703 0.000000 276.159084 0.955703 0.294332 0.000000 -35.922032 0.000000 0.000000 1.000000 0.000000
0.290530 -0.956866 0.000000 276.537087 0.956866 0.290530 0.000000 -34.664521 0.000000 0.000000 1.000000 0.000000
0.290307 -0.956933 0.000000 277.015621 0.956933 0.290307 0.000000 -33.094160 0.000000 0.000000 1.000000 0.000000
0.285814 -0.958285 0.000000 277.487930 0.958285 0.285814 0.000000 -31.740418 0.000000 0.000000 1.000000 0.000000
0.285289 -0.958442 0.000000 277.895741 0.958442 0.285289 0.000000 -30.373210 0.000000 0.000000 1.000000 0.000000
0.287570 -0.957760 0.000000 278.485548 0.957760 0.287570 0.000000 -28.537855 0.000000 0.000000 1.000000 0.000000
0.290239 -0.956954 0.000000 279.254078 0.956954 0.290239 0.000000 -25.945111 0.000000 0.000000 1.000000 0.000000
0.294269 -0.955723 0.000000 279.686244 0.955723 0.294269 0.000000 -24.489679 0.000000 0.000000 1.000000 0.000000
0.295354 -0.955388 0.000000 280.149827 0.955388 0.295354 0.000000 -23.011120 0.000000 0.000000 1.000000 0.000000
0.296586 -0.955006 0.000000 280.608706 0.955006 0.296586 0.000000 -21.546823 0.000000 0.000000 1.000000 0.000000
0.293489 -0.955962 0.000000 281.090409 0.955962 0.293489 0.000000 -20.079915 0.000000 0.000000 1.000000 0.000000
0.290236 -0.956955 0.000000 281.582734 0.956955 0.290236 0.000000 -18.562483 0.000000 0.000000 1.000000 0.000000
0.287455 -0.957794 0.000000 282.077901 0.957794 0.287455 0.000000 -17.067999 0.000000 0.000000 1.000000 0.000000
0.289815 -0.957083 0.000000 282.563630 0.957083 0.289815 0.000000 -15.391789 0.000000 0.000000 1.000000 0.000000
0.280746 -0.959782 0.000000 283.077631 0.959782 0.280746 0.000000 -13.808222 0.000000 0.000000 1.000000 0.000000
0.281694 -0.959504 0.000000 283.649945 0.959504 0.281694 0.000000 -12.022990 0.000000 0.000000 1.000000 0.000000
0.277380 -0.960760 0.000000 284.160216 0.960760 0.277380 0.000000 -10.413341 0.000000 0.000000 1.000000 0.000000
0.278194 -0.960525 0.000000 284.661725 0.960525 0.278194 0.000000 -8.793236 0.000000 0.000000 1.000000 0.000000
0.283945 -0.958840 0.000000 285.088420 0.958840 0.283945 0.000000 -7.217070 0.000000 0.000000 1.000000 0.000000
0.278411 -0.960462 0.000000 285.610955 0.960462 0.278411 0.000000 -5.623766 0.000000 0.000000 1.000000 0.000000
0.276750 -0.960942 0.000000 286.097253 0.960942 0.276750 0.000000 -4.001150 0.000000 0.000000 1.000000 0.000000
0.274629 -0.961550 0.000000 286.568233 0.961550 0.274629 0.000000 -2.423310 0.000000 0.000000 1.000000 0.000000
0.275247 -0.961374 0.000000 287.018861 0.961374 0.275247 0.000000 -0.776663 0.000000 0.000000 1.000000 0.000000
0.269098 -0.963113 0.000000 287.564321 0.963113 0.269098 0.000000 1.000138 0.000000 0.000000 1.000000 0.000000
0.264766 -0.964313 0.000000 288.057501 0.964313 0.264766 0.000000 2.816440 0.000000 0.000000 1.000000 0.000000
0.261443 -0.965219 0.000000 288.709912 0.965219 0.261443 0.000000 5.055747 0.000000 0.000000 1.000000 0.000000
0.261971 -0.965076 0.000000 289.195883 0.965076 0.261971 0.000000 6.734853 0.000000 0.000000 1.000000 0.000000
0.258990 -0.965880 0.000000 289.637413 0.965880 0.258990 0.000000 8.335219 0.000000 0.000000 1.000000 0.000000
0.254541 -0.967062 0.000000 290.084560 0.967062 0.254541 0.000000 9.934864 0.000000 0.000000 1.000000 0.000000
0.256671 -0.966499 0.000000 290.523218 0.966499 0.256671 0.000000 11.490549 0.000000 0.000000 1.000000 0.000000
0.258073 -0.966126 0.000000 291.059890 0.966126 0.258073 0.000000 13.412199 0.000000 0.000000 1.000000 0.000000
0.255563 -0.966792 0.000000 291.682612 0.966792 0.255563 0.000000 15.565499 0.000000 0.000000 1.000000 0.000000
0.255753 -0.966742 0.000000 292.087761 0.966742 0.255753 0.000000 17.204984 0.000000 0.000000 1.000000 0.000000
0.255636 -0.966773 0.000000 292.527695 0.966773 0.255636 0.000000 18.806656 0.000000 0.000000 1.000000 0.000000
0.260773 -0.965400 0.000000 292.993719 0.965400 0.260773 0.000000 20.373783 0.000000 0.000000 1.000000 0.000000
0.251377 -0.967889 0.000000 293.463103 0.967889 0.251377 0.000000 21.981186 0.000000 0.000000 1.000000 0.000000
0.249046 -0.968492 0.000000 293.940423 0.968492 0.249046 0.000000 23.739661 0.000000 0.000000 1.000000 0.000000
0.246539 -0.969133 0.000000 294.346552 0.969133 0.246539 0.000000 25.337523 0.000000 0.000000 1.000000 0.000000
0.245368 -0.969430 0.000000 294.713170 0.969430 0.245368 0.000000 26.913425 0.000000 0.000000 1.000000 0.000000
0.237366 -0.971420 0.000000 295.249228 0.971420 0.237366 0.000000 29.016447 0.000000 0.000000 1.000000 0.000000
0.227204 -0.973847 0.000000 295.616347 0.973847 0.227204 0.000000 30.542097 0.000000 0.000000 1.000000 0.000000
0.219420 -0.975630 0.000000 296.073358 0.975630 0.219420 0.000000 32.360782 0.000000 0.000000 1.000000 0.000000
0.210232 -0.977651 0.000000 296.448553 0.977651 0.210232 0.000000 34.036114 0.000000 0.000000 1.000000 0.000000
0.201093 -0.979572 0.000000 296.809515 0.979572 0.201093 0.000000 35.674181 0.000000 0.000000 1.000000 0.000000
0.188737 -0.982028 0.000000 297.132918 0.982028 0.188737 0.000000 37.301884 0.000000 0.000000 1.000000 0.000000
