0.999941 0.010537 -0.002458 5.068685 -0.010558 0.999907 -0.008625 -0.039913 0.002367 0.008651 0.999960 0.161698
0.999855 0.016605 -0.003679 6.783290 -0.016641 0.999811 -0.010003 -0.074062 0.003512 0.010063 0.999943 0.216510
0.999729 0.023299 0.000165 9.363858 -0.023295 0.999651 -0.012481 -0.139125 -0.000456 0.012474 0.999922 0.299081
0.999609 0.027764 0.003207 11.138687 -0.027716 0.999514 -0.014271 -0.195602 -0.003601 0.014177 0.999893 0.355935
0.999429 0.033483 0.004633 12.854554 -0.033409 0.999326 -0.015238 -0.254952 -0.005140 0.015074 0.999873 0.410927
0.999367 0.034969 0.006589 14.571167 -0.034864 0.999272 -0.015500 -0.324550 -0.007126 0.015261 0.999858 0.465999
0.999163 0.039679 0.009945 16.547773 -0.039545 0.999129 -0.013326 -0.411553 -0.010465 0.012921 0.999862 0.529450
0.999030 0.043162 0.008740 18.292455 -0.043038 0.998977 -0.013912 -0.495265 -0.009331 0.013523 0.999865 0.585494
0.998671 0.047656 0.019636 20.028413 -0.047431 0.998806 -0.011733 -0.583375 -0.020171 0.010786 0.999738 0.641285
0.998650 0.050680 0.011350 21.765180 -0.050552 0.998658 -0.011228 -0.670156 -0.011904 0.010639 0.999873 0.697094
0.998471 0.055108 0.004349 23.453014 -0.055043 0.998389 -0.013766 -0.771052 -0.005101 0.013506 0.999896 0.751422
0.997792 0.064323 0.016558 26.046638 -0.064017 0.997780 -0.018381 -0.938100 -0.017704 0.017280 0.999694 0.834972
0.997283 0.072433 0.013388 27.712766 -0.072149 0.997181 -0.020606 -1.059641 -0.014843 0.019584 0.999698 0.888722
0.996287 0.084508 0.016470 29.980602 -0.084117 0.996187 -0.023141 -1.251781 -0.018362 0.021670 0.999597 0.962032
0.995582 0.092564 0.015738 31.632913 -0.092178 0.995461 -0.023691 -1.407242 -0.017859 0.022135 0.999595 1.015529
0.994537 0.102864 0.017778 33.693188 -0.102443 0.994470 -0.023136 -1.623302 -0.020060 0.021188 0.999574 1.082359
0.993839 0.109123 0.019400 35.401463 -0.108598 0.993737 -0.026328 -1.817590 -0.022151 0.024059 0.999465 1.137854
0.993031 0.116053 0.020532 37.097632 -0.115416 0.992867 -0.029898 -2.018109 -0.023855 0.027320 0.999342 1.192997
0.991990 0.123871 0.024753 39.147567 -0.123156 0.991976 -0.028586 -2.276662 -0.028096 0.025309 0.999285 1.259732
0.991086 0.130109 0.028650 40.859016 -0.129437 0.991292 -0.024192 -2.503473 -0.031548 0.020268 0.999297 1.315507
0.990199 0.135977 0.031886 42.567312 -0.135447 0.990617 -0.018248 -2.739728 -0.034068 0.013751 0.999325 1.371235
0.989623 0.139713 0.033551 44.227676 -0.139181 0.990108 -0.017730 -2.974396 -0.035697 0.012876 0.999280 1.425426
0.989193 0.144334 0.025784 45.873625 -0.143773 0.989356 -0.022448 -3.221012 -0.028749 0.018498 0.999415 1.479225
0.988073 0.151502 0.027567 47.910054 -0.150857 0.988261 -0.024143 -3.539169 -0.030901 0.019697 0.999328 1.545858
0.986468 0.160259 0.034619 50.086609 -0.159413 0.986870 -0.025973 -3.895908 -0.038327 0.020103 0.999063 1.617168
0.985519 0.167111 0.028753 52.190206 -0.166371 0.985708 -0.026480 -4.255051 -0.032767 0.021313 0.999236 1.686168
0.984252 0.174185 0.030136 54.106754 -0.173344 0.984446 -0.028590 -4.596649 -0.034647 0.022916 0.999137 1.749111
0.983473 0.178466 0.030497 55.637059 -0.177537 0.983630 -0.030873 -4.872205 -0.035507 0.024948 0.999058 1.799385
0.982166 0.185041 0.033299 57.090641 -0.183902 0.982338 -0.034536 -5.146060 -0.039102 0.027796 0.998849 1.847206
0.981000 0.191234 0.032698 58.624388 -0.190166 0.981191 -0.033178 -5.448294 -0.038428 0.026330 0.998914 1.897737
0.979864 0.196573 0.035009 59.885369 -0.195356 0.980095 -0.035344 -5.708352 -0.041260 0.027793 0.998762 1.939345
0.978563 0.201704 0.041589 61.423514 -0.200430 0.979157 -0.032855 -6.029866 -0.047349 0.023815 0.998594 1.990123
0.978312 0.203680 0.037690 62.598359 -0.202483 0.978720 -0.033275 -6.277458 -0.043666 0.024922 0.998735 2.028918
0.977453 0.208068 0.035966 63.684308 -0.206771 0.977701 -0.036701 -6.513889 -0.042800 0.028437 0.998679 2.064820
0.975776 0.215454 0.037966 65.038831 -0.214146 0.976149 -0.035714 -6.824938 -0.044755 0.026719 0.998641 2.109689
0.975049 0.218478 0.039316 66.041309 -0.217047 0.975435 -0.037653 -7.054408 -0.046577 0.028180 0.998517 2.142893
0.973626 0.224358 0.041432 67.002123 -0.223001 0.974191 -0.034961 -7.283523 -0.048207 0.024799 0.998529 2.174768
0.972479 0.229547 0.039912 68.115748 -0.228018 0.972858 -0.039436 -7.553014 -0.047882 0.029250 0.998425 2.211734
0.971258 0.235237 0.036352 68.979754 -0.233862 0.971512 -0.038381 -7.767374 -0.044346 0.028777 0.998602 2.240443
0.970032 0.240399 0.035315 69.800909 -0.239023 0.970225 -0.039123 -7.976768 -0.043668 0.029509 0.998610 2.267760
0.968292 0.247019 0.037302 70.765676 -0.245539 0.968554 -0.040171 -8.231305 -0.046052 0.029738 0.998496 2.299901
0.967267 0.251153 0.036291 71.522804 -0.249682 0.967474 -0.040655 -8.438528 -0.045322 0.030263 0.998514 2.325166
0.966087 0.255395 0.038081 72.258289 -0.253795 0.966335 -0.042252 -8.642506 -0.047590 0.031154 0.998381 2.349723
0.965378 0.258128 0.037626 73.013274 -0.256602 0.965647 -0.040992 -8.852265 -0.046914 0.029918 0.998451 2.374934
0.964210 0.262457 0.037631 73.975610 -0.260994 0.964525 -0.039674 -9.124864 -0.046709 0.028433 0.998504 2.407097
0.963482 0.265441 0.035248 74.767716 -0.264007 0.963666 -0.040598 -9.354941 -0.044744 0.029810 0.998554 2.433602
0.962697 0.268794 0.031044 75.600199 -0.267400 0.962639 -0.042705 -9.593984 -0.041363 0.032811 0.998605 2.461444
0.961462 0.273387 0.029174 76.378156 -0.272047 0.961327 -0.042897 -9.825012 -0.039773 0.033307 0.998653 2.487503
0.960110 0.279365 0.012003 77.695458 -0.278727 0.959585 -0.038835 -10.226603 -0.022367 0.033940 0.999174 2.531688
0.958827 0.283955 0.004531 78.823929 -0.283667 0.958373 -0.032470 -10.572257 -0.013563 0.029848 0.999462 2.569547
0.957242 0.288704 0.018366 79.843177 -0.287904 0.956944 -0.037010 -10.889105 -0.028260 0.030140 0.999146 2.603768
0.954553 0.295447 0.039229 80.984252 -0.293750 0.954880 -0.043750 -11.252408 -0.050385 0.030239 0.998272 2.642126
0.951738 0.301481 0.057476 81.982684 -0.299086 0.953082 -0.046718 -11.576612 -0.068864 0.027273 0.997253 2.675725
0.948582 0.308510 0.070812 83.271154 -0.305200 0.950765 -0.053848 -11.998208 -0.083939 0.029467 0.996035 2.719101
0.947414 0.316168 0.049437 84.896100 -0.314324 0.948402 -0.041641 -12.552818 -0.060052 0.023912 0.997909 2.773931
0.946771 0.319880 0.036086 86.075366 -0.318737 0.947231 -0.034066 -12.958545 -0.045079 0.020751 0.998768 2.813740
0.945428 0.323797 0.036344 87.338341 -0.322848 0.945986 -0.029665 -13.399448 -0.043986 0.016312 0.998899 2.856410
0.943950 0.327834 0.038507 89.238396 -0.327057 0.944669 -0.025182 -14.069802 -0.044632 0.011177 0.998941 2.920644
0.942824 0.330476 0.043223 90.651193 -0.329447 0.943720 -0.029282 -14.568402 -0.050467 0.013368 0.998636 2.968406
0.941599 0.333959 0.043148 92.068635 -0.333026 0.942517 -0.027466 -15.078557 -0.049840 0.011492 0.998691 3.016380
0.940417 0.338051 0.036581 93.540101 -0.337330 0.941067 -0.024527 -15.619343 -0.042716 0.010726 0.999030 3.066244
0.937958 0.344273 0.041369 95.524492 -0.343331 0.938789 -0.028283 -16.364179 -0.048574 0.012325 0.998744 3.133576
0.935688 0.350413 0.041212 97.446314 -0.349317 0.936473 -0.031562 -17.094046 -0.049654 0.015136 0.998652 3.198831
0.932552 0.358935 0.038883 99.740037 -0.357714 0.933174 -0.035018 -17.985706 -0.048854 0.018747 0.998630 3.276828
0.929667 0.366029 0.041742 101.446754 -0.364606 0.930386 -0.038015 -18.670593 -0.052750 0.020122 0.998405 3.334983
0.927860 0.370971 0.038148 103.156091 -0.369598 0.928391 -0.038558 -19.363382 -0.049720 0.021677 0.998528 3.393265
0.925131 0.377647 0.038940 104.841472 -0.376191 0.925682 -0.039926 -20.065557 -0.051124 0.022288 0.998444 3.450835
0.923745 0.380821 0.040866 106.569691 -0.379379 0.924423 -0.038915 -20.792177 -0.052597 0.020444 0.998407 3.509905
0.920961 0.387377 0.042076 108.840717 -0.385898 0.921707 -0.039240 -21.764163 -0.053983 0.019901 0.998344 3.587622
0.918972 0.391996 0.042779 110.599546 -0.390489 0.919757 -0.039554 -22.534814 -0.054851 0.019644 0.998301 3.647910
0.917366 0.395679 0.043338 112.315984 -0.394237 0.918213 -0.038245 -23.290834 -0.054926 0.017999 0.998328 3.706767
0.915736 0.399263 0.044901 114.135536 -0.398036 0.916741 -0.033959 -24.095376 -0.054721 0.013225 0.998414 3.769177
0.912973 0.404846 0.050791 116.090735 -0.403673 0.914343 -0.032018 -24.980563 -0.059403 0.008729 0.998196 3.836354
0.910215 0.411043 0.050512 118.297602 -0.409913 0.911581 -0.031487 -25.993515 -0.058988 0.007954 0.998227 3.912254
0.907943 0.416432 0.047163 120.138133 -0.415308 0.909117 -0.032011 -26.855376 -0.056207 0.009476 0.998374 3.975649
0.905855 0.420965 0.047069 122.419316 -0.419695 0.907002 -0.034696 -27.934959 -0.057297 0.011675 0.998289 4.054284
0.902681 0.428042 0.044129 124.885459 -0.426592 0.903615 -0.038713 -29.132247 -0.056446 0.016120 0.998275 4.139462
0.900327 0.433117 0.042666 126.647008 -0.431608 0.901161 -0.040298 -30.000375 -0.055902 0.017866 0.998276 4.200375
0.892400 0.449756 0.036635 132.211657 -0.448327 0.892920 -0.041201 -32.804254 -0.051242 0.020343 0.998479 4.393136
0.889820 0.454837 0.036670 133.909277 -0.453325 0.890316 -0.042830 -33.686022 -0.052128 0.021488 0.998409 4.452088
0.886065 0.462185 0.035678 135.789657 -0.460657 0.886505 -0.043635 -34.676485 -0.051796 0.022228 0.998410 4.517462
0.884435 0.465051 0.038765 137.837481 -0.463276 0.884970 -0.046940 -35.761044 -0.056136 0.023557 0.998145 4.588691
0.881716 0.470242 0.038077 139.573071 -0.468469 0.882216 -0.047244 -36.687678 -0.055808 0.023818 0.998157 4.649100
0.880050 0.473575 0.035189 141.526000 -0.471858 0.880391 -0.047555 -37.748849 -0.053501 0.025247 0.998249 4.717176
0.879630 0.474482 0.033442 143.376315 -0.472692 0.879820 -0.049798 -38.750441 -0.053051 0.027996 0.998199 4.781654
0.878751 0.476100 0.033547 145.060797 -0.474432 0.879014 -0.047424 -39.666339 -0.052067 0.025758 0.998311 4.840376
0.877337 0.479640 0.015014 147.182863 -0.478441 0.876704 -0.049833 -40.837527 -0.037065 0.036538 0.998645 4.914448
0.875661 0.482779 0.011908 148.735063 -0.481360 0.874540 -0.058926 -41.709153 -0.038862 0.045868 0.998191 4.968711
0.874195 0.485319 0.015748 150.441645 -0.483440 0.872932 -0.065382 -42.677698 -0.045478 0.049544 0.997736 5.028428
0.872493 0.488224 0.019822 151.982424 -0.486153 0.871440 -0.065173 -43.548600 -0.049093 0.047226 0.997677 5.082323
0.870119 0.492394 0.020988 153.471191 -0.490427 0.869282 -0.061887 -44.406349 -0.048717 0.043556 0.997862 5.134489
0.867682 0.496557 0.023658 155.146894 -0.494562 0.867061 -0.060120 -45.371897 -0.050366 0.040465 0.997911 5.193205
0.865576 0.500232 0.023359 156.650725 -0.498348 0.865028 -0.058100 -46.246316 -0.049270 0.038649 0.998037 5.245943
0.862862 0.504904 0.023262 158.296243 -0.502999 0.862303 -0.058531 -47.218123 -0.049611 0.038804 0.998015 5.303732
0.860928 0.508343 0.019768 159.716115 -0.506655 0.860277 -0.056784 -48.070998 -0.045872 0.038871 0.998191 5.353676
0.859051 0.511520 0.019480 161.306378 -0.509935 0.858473 -0.054690 -49.038236 -0.044698 0.037048 0.998313 5.409679
0.856757 0.515228 0.022529 162.737480 -0.513533 0.856328 -0.054649 -49.911359 -0.047449 0.035252 0.998251 5.460093
0.854898 0.518334 0.021911 164.159813 -0.516632 0.854425 -0.055220 -50.786378 -0.047344 0.035888 0.998234 5.510237
0.852126 0.522874 0.022006 165.584708 -0.521167 0.851668 -0.055199 -51.686529 -0.047604 0.035568 0.998233 5.560602
0.849166 0.527607 0.023412 166.986780 -0.525850 0.848786 -0.055164 -52.588373 -0.048976 0.034532 0.998203 5.610249
0.845996 0.532606 0.024924 168.433469 -0.530929 0.845789 -0.052492 -53.531697 -0.049038 0.031175 0.998310 5.661547
0.844150 0.535570 0.024006 169.809750 -0.533890 0.843883 -0.053128 -54.430806 -0.048712 0.032032 0.998299 5.710357
0.841010 0.540592 0.021504 171.404836 -0.538914 0.840578 -0.054772 -55.489729 -0.047685 0.034475 0.998267 5.767021
0.839262 0.543330 0.020765 172.941406 -0.541593 0.838740 -0.056502 -56.511204 -0.048116 0.036174 0.998187 5.821613
0.836251 0.547971 0.020293 174.799990 -0.546186 0.835667 -0.057795 -57.756320 -0.048628 0.037248 0.998122 5.887700
0.835669 0.548968 0.017082 176.195049 -0.547230 0.834871 -0.059418 -58.692428 -0.046880 0.040306 0.998087 5.937313
0.836844 0.547312 0.011916 177.579997 -0.545906 0.835927 -0.056680 -59.621084 -0.040982 0.040927 0.998321 5.986562
0.836569 0.547625 0.016064 178.866812 -0.546079 0.835853 -0.056107 -60.482280 -0.044153 0.038165 0.998296 6.032313
0.837500 0.546157 0.017490 180.195470 -0.544731 0.836985 -0.052198 -61.366156 -0.043148 0.034188 0.998484 6.079522
0.837495 0.546095 0.019564 181.479971 -0.544835 0.837239 -0.046752 -62.217112 -0.041911 0.028495 0.998715 6.125143
0.837782 0.545514 0.023159 182.800599 -0.544435 0.837835 -0.040284 -63.097425 -0.041379 0.021140 0.998920 6.172077
0.840386 0.541173 0.029722 184.267776 -0.540158 0.840790 -0.036069 -64.067274 -0.044509 0.014257 0.998907 6.224173
0.845087 0.533515 0.034490 185.752654 -0.532588 0.845739 -0.032790 -65.036057 -0.046664 0.009341 0.998867 6.276828
0.851549 0.523430 0.029756 187.099116 -0.522659 0.852009 -0.030133 -65.893584 -0.041124 0.010107 0.999103 6.324459
0.864413 0.502308 0.021840 188.841865 -0.501804 0.864625 -0.024820 -66.958204 -0.031350 0.010495 0.999453 6.385858
0.875413 0.482907 0.021256 190.135071 -0.482566 0.875646 -0.019336 -67.710643 -0.027950 0.006669 0.999587 6.431212
0.891556 0.452292 0.023645 191.822029 -0.452004 0.891860 -0.016666 -68.617138 -0.028626 0.004171 0.999581 6.489961
0.904183 0.426261 0.027467 193.298750 -0.426073 0.904600 -0.012662 -69.354936 -0.030244 -0.000254 0.999543 6.541081
0.914736 0.403036 0.028636 194.528873 -0.402866 0.915184 -0.011746 -69.928667 -0.030941 -0.000792 0.999521 6.583438
0.924971 0.379781 0.013938 195.741606 -0.379570 0.925031 -0.015629 -70.460537 -0.018829 0.009166 0.999781 6.625010
0.935760 0.352590 0.005758 196.974454 -0.352470 0.935695 -0.015483 -70.959081 -0.010847 0.012459 0.999864 6.667039
0.946136 0.323664 0.008246 198.164258 -0.323502 0.946083 -0.016571 -71.398420 -0.013165 0.013010 0.999829 6.707370
0.958315 0.285704 -0.002162 199.877686 -0.285713 0.958291 -0.006800 -71.964293 0.000129 0.007134 0.999975 6.765081
0.967451 0.252541 -0.016165 201.302990 -0.252657 0.967540 -0.005522 -72.378903 0.014245 0.009426 0.999854 6.812778
0.972942 0.230682 -0.013068 202.449038 -0.230687 0.973027 0.001112 -72.672878 0.012972 0.001933 0.999914 6.850912
0.977436 0.210973 -0.010490 203.516976 -0.210970 0.977492 0.001344 -72.924525 0.010538 0.000899 0.999944 6.886324
0.980860 0.194650 -0.004913 204.532917 -0.194632 0.980868 0.003937 -73.142783 0.005585 -0.002905 0.999980 6.919895
0.984037 0.177891 -0.005007 205.511064 -0.177774 0.983901 0.018308 -73.333348 0.008183 -0.017126 0.999820 6.952109
0.987002 0.160637 -0.004701 206.610123 -0.160456 0.986674 0.026990 -73.529624 0.008974 -0.025885 0.999625 6.988206
0.989879 0.141852 -0.004232 207.783332 -0.141661 0.989448 0.030417 -73.721696 0.008502 -0.029510 0.999528 7.026643
0.991716 0.128372 -0.004389 208.666999 -0.128200 0.991347 0.028196 -73.847928 0.007970 -0.027399 0.999593 7.055492
0.993673 0.111956 -0.008947 209.638705 -0.111699 0.993418 0.025358 -73.967938 0.011727 -0.024198 0.999638 7.087111
0.995099 0.097885 -0.014045 210.494610 -0.097446 0.994815 0.029119 -74.060753 0.016823 -0.027608 0.999477 7.114891
0.996301 0.083384 -0.020765 211.256540 -0.082762 0.996141 0.029213 -74.134980 0.023121 -0.027386 0.999358 7.139574
0.996925 0.073608 -0.026865 211.976923 -0.072832 0.996928 0.028814 -74.197763 0.028903 -0.026769 0.999224 7.162871
0.997510 0.063778 -0.030091 212.705345 -0.063064 0.997718 0.024102 -74.250787 0.031559 -0.022145 0.999257 7.186370
0.997997 0.055540 -0.030280 213.440571 -0.054785 0.998179 0.025234 -74.298752 0.031626 -0.023524 0.999223 7.210057
0.998402 0.042021 -0.037784 214.433477 -0.040899 0.998713 0.029991 -74.347724 0.038996 -0.028398 0.998836 7.241960
0.998608 0.031320 -0.042432 215.159667 -0.030323 0.999253 0.023941 -74.374654 0.043150 -0.022621 0.998812 7.265243
0.998899 0.023808 -0.040432 215.750340 -0.022841 0.999446 0.024223 -74.393415 0.040986 -0.023273 0.998889 7.284164
0.999401 0.015344 -0.031004 216.373751 -0.014614 0.999614 0.023629 -74.410194 0.031354 -0.023162 0.999240 7.304118
0.999944 0.008245 -0.006591 216.978620 -0.008132 0.999823 0.016988 -74.419198 0.006730 -0.016934 0.999834 7.323437
0.999985 0.001712 -0.005125 217.560927 -0.001598 0.999753 0.022188 -74.424802 0.005162 -0.022179 0.999741 7.342019
0.999977 -0.002683 -0.006221 218.132006 0.002849 0.999636 0.026830 -74.427123 0.006146 -0.026847 0.999621 7.360225
0.999881 -0.006484 -0.013966 218.735613 0.006852 0.999626 0.026481 -74.428142 0.013789 -0.026574 0.999552 7.379461
0.999320 -0.012471 -0.034706 219.544849 0.013158 0.999721 0.019633 -74.424311 0.034451 -0.020076 0.999205 7.405220
0.999144 -0.016002 -0.038142 220.294562 0.016851 0.999615 0.022051 -74.417458 0.037775 -0.022675 0.999029 7.429067
0.998932 -0.019400 -0.041926 221.082589 0.020500 0.999452 0.025976 -74.406505 0.041400 -0.026807 0.998783 7.454111
0.998841 -0.020991 -0.043310 221.880567 0.022025 0.999481 0.023529 -74.393617 0.042794 -0.024456 0.998785 7.479462
0.998734 -0.025041 -0.043619 222.720554 0.025937 0.999462 0.020084 -74.377357 0.043092 -0.021190 0.998846 7.506132
0.998553 -0.027474 -0.046239 223.560490 0.028401 0.999406 0.019496 -74.359350 0.045676 -0.020781 0.998740 7.532791
0.998329 -0.031674 -0.048327 224.571416 0.032461 0.999351 0.015587 -74.334293 0.047802 -0.017130 0.998710 7.564859
0.998341 -0.035351 -0.045445 225.844719 0.035856 0.999304 0.010333 -74.299918 0.045048 -0.011945 0.998913 7.605234
0.998403 -0.038046 -0.041772 226.823623 0.038504 0.999206 0.010222 -74.269505 0.041349 -0.011814 0.999075 7.636252
0.998416 -0.040937 -0.038589 228.087035 0.041341 0.999098 0.009728 -74.225236 0.038156 -0.011308 0.999208 7.676257
0.998392 -0.042995 -0.036948 228.998528 0.043300 0.999034 0.007493 -74.195241 0.036590 -0.009081 0.999289 7.705130
0.998326 -0.043829 -0.037736 229.887473 0.044248 0.998967 0.010352 -74.164985 0.037243 -0.012004 0.999234 7.733283
0.998189 -0.046033 -0.038728 230.752050 0.046463 0.998867 0.010274 -74.131647 0.038211 -0.012055 0.999197 7.760642
0.997990 -0.047295 -0.042171 232.022256 0.047866 0.998774 0.012616 -74.078175 0.041523 -0.014609 0.999031 7.800813
0.997904 -0.046352 -0.045151 232.863526 0.047050 0.998787 0.014530 -74.042751 0.044422 -0.016624 0.998875 7.827418
0.997620 -0.045947 -0.051415 234.097136 0.046745 0.998803 0.014431 -73.993464 0.050690 -0.016800 0.998573 7.866446
0.997589 -0.044813 -0.052982 235.386225 0.045554 0.998879 0.012866 -73.939391 0.052347 -0.015248 0.998513 7.907216
0.997600 -0.044011 -0.053448 236.213785 0.044734 0.998922 0.012396 -73.905690 0.052845 -0.014757 0.998494 7.933394
0.997526 -0.043323 -0.055360 236.933845 0.043973 0.998977 0.010577 -73.876189 0.054845 -0.012985 0.998410 7.956170
0.997371 -0.043989 -0.057591 237.605895 0.044650 0.998950 0.010241 -73.849142 0.057080 -0.012786 0.998288 7.977431
0.997359 -0.044523 -0.057379 238.196019 0.045154 0.998932 0.009753 -73.825312 0.056884 -0.012318 0.998305 7.996100
0.997230 -0.045077 -0.059161 238.733802 0.045575 0.998936 0.007093 -73.805750 0.058779 -0.009769 0.998223 8.013124
0.997064 -0.046838 -0.060579 239.266978 0.047274 0.998865 0.005783 -73.784552 0.060239 -0.008630 0.998147 8.029993
0.997030 -0.046710 -0.061230 239.678469 0.047137 0.998873 0.005551 -73.769644 0.060901 -0.008421 0.998108 8.043020
0.997004 -0.047338 -0.061165 240.014522 0.047676 0.998855 0.004075 -73.756491 0.060902 -0.006979 0.998119 8.053653
0.996901 -0.047388 -0.062797 240.287275 0.047704 0.998855 0.003541 -73.743880 0.062558 -0.006526 0.998020 8.062273
0.996817 -0.047960 -0.063692 240.552143 0.048363 0.998818 0.004795 -73.733953 0.063387 -0.007860 0.997958 8.070656
0.996760 -0.048233 -0.064367 240.704358 0.048573 0.998813 0.003722 -73.729237 0.064111 -0.006836 0.997919 8.075480
0.996665 -0.048723 -0.065466 240.821114 0.049006 0.998795 0.002728 -73.725912 0.065254 -0.005927 0.997851 8.079181
0.996630 -0.048996 -0.065780 240.916598 0.049252 0.998784 0.002271 -73.721889 0.065589 -0.005503 0.997832 8.082201
0.996594 -0.049462 -0.065981 240.994350 0.049705 0.998762 0.002050 -73.719066 0.065798 -0.005323 0.997819 8.084662
0.996590 -0.049514 -0.066011 241.042495 0.049762 0.998759 0.002118 -73.719217 0.065824 -0.005395 0.997817 8.086197
0.996576 -0.049431 -0.066274 241.078979 0.049704 0.998761 0.002476 -73.719711 0.066070 -0.005762 0.997798 8.087362
0.996527 -0.049424 -0.067010 241.088174 0.049710 0.998760 0.002599 -73.721355 0.066798 -0.005921 0.997749 8.087664
0.996453 -0.049292 -0.068211 241.079132 0.049582 0.998767 0.002567 -73.724448 0.068000 -0.005940 0.997668 8.087393
0.996443 -0.049334 -0.068322 241.075364 0.049642 0.998763 0.002806 -73.726502 0.068099 -0.006187 0.997659 8.087284
0.996450 -0.049367 -0.068191 241.074438 0.049671 0.998762 0.002769 -73.728111 0.067970 -0.006147 0.997668 8.087263
0.996452 -0.049363 -0.068172 241.074283 0.049667 0.998762 0.002759 -73.729531 0.067951 -0.006135 0.997670 8.087266
0.996449 -0.049368 -0.068200 241.074395 0.049674 0.998762 0.002801 -73.730760 0.067977 -0.006179 0.997668 8.087277
0.996450 -0.049386 -0.068172 241.074418 0.049681 0.998762 0.002645 -73.731886 0.067957 -0.006022 0.997670 8.087284
0.996443 -0.049441 -0.068235 241.074530 0.049743 0.998758 0.002730 -73.733115 0.068016 -0.006114 0.997666 8.087294
0.996454 -0.049471 -0.068062 241.074583 0.049773 0.998757 0.002749 -73.734359 0.067841 -0.006126 0.997677 8.087303
0.996454 -0.049461 -0.068070 241.074668 0.049771 0.998757 0.002850 -73.735218 0.067844 -0.006228 0.997677 8.087310
0.996455 -0.049416 -0.068083 241.074693 0.049722 0.998759 0.002803 -73.736091 0.067860 -0.006178 0.997676 8.087316
0.996450 -0.049437 -0.068147 241.074689 0.049736 0.998759 0.002689 -73.736846 0.067929 -0.006069 0.997672 8.087320
0.996449 -0.049452 -0.068145 241.074715 0.049748 0.998758 0.002664 -73.737468 0.067929 -0.006044 0.997672 8.087324
0.996448 -0.049501 -0.068131 241.074770 0.049798 0.998756 0.002662 -73.738208 0.067915 -0.006045 0.997673 8.087330
0.996446 -0.049506 -0.068152 241.074797 0.049796 0.998756 0.002560 -73.738830 0.067941 -0.005944 0.997672 8.087334
0.996453 -0.049496 -0.068053 241.074794 0.049772 0.998758 0.002364 -73.739333 0.067851 -0.005743 0.997679 8.087337
0.996443 -0.049505 -0.068202 241.074851 0.049795 0.998756 0.002558 -73.739822 0.067991 -0.005945 0.997668 8.087341
0.996444 -0.049479 -0.068196 241.074877 0.049759 0.998758 0.002411 -73.740444 0.067992 -0.005796 0.997669 8.087346
0.996434 -0.049528 -0.068314 241.074904 0.049816 0.998755 0.002510 -73.741066 0.068105 -0.005904 0.997661 8.087350
0.996430 -0.049550 -0.068353 241.074960 0.049836 0.998754 0.002489 -73.741555 0.068144 -0.005887 0.997658 8.087354
0.996430 -0.049424 -0.068450 241.074988 0.049720 0.998760 0.002636 -73.741925 0.068235 -0.006030 0.997651 8.087357
0.996421 -0.049401 -0.068594 241.075016 0.049691 0.998761 0.002529 -73.742295 0.068384 -0.005929 0.997641 8.087360
0.996421 -0.049344 -0.068637 241.074984 0.049642 0.998764 0.002641 -73.742680 0.068422 -0.006039 0.997638 8.087361
0.996415 -0.049303 -0.068752 241.075012 0.049601 0.998766 0.002636 -73.743050 0.068537 -0.006036 0.997630 8.087364
0.996413 -0.049306 -0.068776 241.075070 0.049607 0.998765 0.002672 -73.743287 0.068560 -0.006074 0.997629 8.087367
0.996408 -0.049374 -0.068795 241.075038 0.049671 0.998762 0.002625 -73.743672 0.068581 -0.006033 0.997627 8.087368
0.996407 -0.049341 -0.068836 241.075096 0.049643 0.998763 0.002689 -73.743909 0.068618 -0.006096 0.997624 8.087372
0.996399 -0.049371 -0.068926 241.075095 0.049669 0.998762 0.002608 -73.744161 0.068712 -0.006022 0.997618 8.087373
0.996392 -0.049361 -0.069046 241.075094 0.049659 0.998763 0.002593 -73.744412 0.068832 -0.006013 0.997610 8.087374
0.996389 -0.049388 -0.069067 241.075063 0.049683 0.998762 0.002554 -73.744546 0.068855 -0.005977 0.997609 8.087374
0.996380 -0.049454 -0.069140 241.090157 0.049742 0.998759 0.002445 -73.744118 0.068933 -0.005875 0.997604 8.087853
0.996370 -0.049447 -0.069292 241.122094 0.049733 0.998760 0.002408 -73.742708 0.069087 -0.005846 0.997593 8.088862
0.996400 -0.049357 -0.068930 241.170963 0.049617 0.998766 0.002067 -73.740169 0.068743 -0.005479 0.997619 8.090405
0.996397 -0.049408 -0.068930 241.205299 0.049670 0.998763 0.002098 -73.738298 0.068741 -0.005514 0.997619 8.091489
0.996361 -0.049282 -0.069544 241.238067 0.049550 0.998769 0.002140 -73.736434 0.069353 -0.005578 0.997577 8.092522
0.996351 -0.049318 -0.069656 241.245677 0.049586 0.998768 0.002123 -73.735450 0.069465 -0.005570 0.997569 8.092759
0.996326 -0.049494 -0.069889 241.238459 0.049772 0.998758 0.002245 -73.734956 0.069691 -0.005715 0.997552 8.092527
0.996305 -0.049641 -0.070088 241.239085 0.049916 0.998751 0.002176 -73.734174 0.069893 -0.005667 0.997538 8.092542
0.996287 -0.049721 -0.070282 241.272003 0.049992 0.998747 0.002103 -73.731896 0.070090 -0.005608 0.997525 8.093578
0.996279 -0.049746 -0.070383 241.305689 0.050016 0.998746 0.002084 -73.729681 0.070191 -0.005597 0.997518 8.094639
0.996269 -0.049827 -0.070465 241.347337 0.050089 0.998743 0.001960 -73.727402 0.070278 -0.005482 0.997512 8.095953
0.996258 -0.049788 -0.070650 241.389250 0.050031 0.998746 0.001680 -73.725184 0.070477 -0.005208 0.997500 8.097277
0.996244 -0.049903 -0.070769 241.440487 0.050126 0.998742 0.001378 -73.722568 0.070611 -0.004920 0.997492 8.098894
0.996234 -0.049987 -0.070849 241.486867 0.050179 0.998740 0.000928 -73.720639 0.070713 -0.004480 0.997487 8.100361
0.996220 -0.050101 -0.070969 241.533781 0.050267 0.998736 0.000558 -73.718579 0.070851 -0.004123 0.997478 8.101844
0.996161 -0.050030 -0.071829 241.604140 0.050161 0.998741 0.000020 -73.714800 0.071738 -0.003623 0.997417 8.104065
0.996173 -0.050076 -0.071641 241.671925 0.050185 0.998740 -0.000276 -73.711024 0.071565 -0.003320 0.997430 8.106204
0.996118 -0.050236 -0.072289 241.778338 0.050334 0.998732 -0.000464 -73.704953 0.072220 -0.003176 0.997384 8.109560
0.996050 -0.050848 -0.072794 241.918762 0.050930 0.998702 -0.000725 -73.697217 0.072736 -0.002985 0.997347 8.113991
0.995959 -0.051393 -0.073650 242.103554 0.051444 0.998675 -0.001208 -73.687290 0.073614 -0.002586 0.997283 8.119823
0.995882 -0.052535 -0.073891 242.363054 0.052497 0.998618 -0.002464 -73.673902 0.073918 -0.001425 0.997263 8.128017
0.995784 -0.053268 -0.074679 242.655471 0.053207 0.998580 -0.002808 -73.658488 0.074722 -0.001177 0.997204 8.137247
0.995751 -0.055236 -0.073683 243.051871 0.055137 0.998473 -0.003389 -73.637850 0.073757 -0.000688 0.997276 8.149762
0.995647 -0.056433 -0.074182 243.467900 0.056173 0.998405 -0.005591 -73.615045 0.074379 0.001400 0.997229 8.162890
0.995418 -0.058272 -0.075809 243.864867 0.057810 0.998293 -0.008276 -73.593388 0.076162 0.003855 0.997088 8.175417
0.995159 -0.061090 -0.076981 244.308997 0.060583 0.998123 -0.008901 -73.567349 0.077380 0.004194 0.996993 8.189422
0.994577 -0.064201 -0.081823 244.796351 0.063640 0.997928 -0.009449 -73.537262 0.082260 0.004191 0.996602 8.204782
0.994088 -0.067079 -0.085384 245.386565 0.066536 0.997742 -0.009196 -73.501723 0.085808 0.003461 0.996306 8.223389
0.993439 -0.069442 -0.090868 245.898169 0.068828 0.997580 -0.009874 -73.468841 0.091334 0.003555 0.995814 8.239506
0.992939 -0.070355 -0.095514 246.489343 0.069662 0.997515 -0.010574 -73.430806 0.096021 0.003845 0.995372 8.258129
0.992634 -0.071001 -0.098162 247.079108 0.070551 0.997476 -0.008054 -73.390350 0.098486 0.001069 0.995138 8.276695
0.992507 -0.072417 -0.098419 247.710919 0.071899 0.997373 -0.008802 -73.345131 0.098798 0.001660 0.995106 8.296573
0.992957 -0.071624 -0.094374 248.337446 0.070899 0.997423 -0.011024 -73.302965 0.094920 0.004256 0.995476 8.316300
0.993313 -0.071728 -0.090466 248.995256 0.071221 0.997422 -0.008826 -73.260051 0.090866 0.002324 0.995860 8.337019
0.993777 -0.070028 -0.086626 249.767993 0.069803 0.997545 -0.005618 -73.207099 0.086807 -0.000464 0.996225 8.361345
0.994574 -0.068821 -0.078018 251.507700 0.067917 0.997590 -0.014190 -73.096746 0.078807 0.008814 0.996851 8.416159
0.995806 -0.064599 -0.064787 252.530182 0.063576 0.997819 -0.017733 -73.034176 0.065792 0.013540 0.997742 8.448387
0.996249 -0.059439 -0.062889 253.284191 0.058973 0.998217 -0.009244 -72.991966 0.063327 0.005501 0.997978 8.472176
0.996513 -0.054733 -0.062976 254.044840 0.054081 0.998464 -0.012005 -72.953282 0.063536 0.008557 0.997943 8.496195
0.996183 -0.051343 -0.070589 254.752025 0.050074 0.998552 -0.019636 -72.918639 0.071495 0.016027 0.997312 8.518533
0.995783 -0.045074 -0.079908 255.551434 0.044391 0.998961 -0.010305 -72.886677 0.080289 0.006715 0.996749 8.543824
0.996058 -0.039474 -0.079435 256.215366 0.039207 0.999219 -0.004917 -72.861618 0.079567 0.001783 0.996828 8.564837
0.996243 -0.037333 -0.078146 256.834636 0.036949 0.999297 -0.006352 -72.838067 0.078328 0.003440 0.996922 8.584435
0.996200 -0.034033 -0.080170 257.819108 0.033986 0.999420 -0.001951 -72.806793 0.080190 -0.000781 0.996779 8.615626
0.996165 -0.036615 -0.079470 258.890759 0.036777 0.999323 0.000577 -72.775289 0.079395 -0.003498 0.996837 8.649593
0.995951 -0.043166 -0.078860 259.515195 0.043455 0.999053 0.001950 -72.754118 0.078701 -0.005369 0.996884 8.669369
0.995417 -0.053920 -0.078974 260.182971 0.054291 0.998522 0.002564 -72.723970 0.078719 -0.006839 0.996873 8.690476
0.994165 -0.072298 -0.080053 260.922501 0.072630 0.997358 0.001238 -72.677765 0.079752 -0.007045 0.996790 8.713781
0.991606 -0.099480 -0.082594 261.693018 0.100271 0.994945 0.005476 -72.613417 0.081632 -0.013712 0.996568 8.737973
0.987310 -0.134305 -0.084738 262.434495 0.135382 0.990768 0.007075 -72.528156 0.083006 -0.018457 0.996378 8.761124
0.980593 -0.176264 -0.085840 263.155948 0.176682 0.984264 -0.002767 -72.418265 0.084977 -0.012453 0.996305 8.783501
0.970755 -0.223080 -0.088713 263.870932 0.223447 0.974698 -0.005897 -72.277286 0.087784 -0.014098 0.996040 8.805500
0.956680 -0.275731 -0.093465 264.615519 0.275931 0.961114 -0.011041 -72.088595 0.092875 -0.015227 0.995561 8.828180
0.939621 -0.329635 -0.091940 265.362000 0.329523 0.943997 -0.016835 -71.853951 0.092341 -0.014478 0.995622 8.850665
0.909728 -0.405135 -0.090886 266.357369 0.404754 0.914126 -0.023419 -71.466389 0.092569 -0.015482 0.995586 8.880235
0.874455 -0.477768 -0.084063 267.262658 0.477066 0.878370 -0.029550 -71.027618 0.087957 -0.014263 0.996022 8.906653
0.840273 -0.537524 -0.070781 267.998440 0.536919 0.843137 -0.028929 -70.601692 0.075228 -0.013696 0.997072 8.927741
0.784340 -0.618010 -0.053607 268.970074 0.617278 0.786123 -0.031276 -69.928149 0.061471 -0.008559 0.998072 8.954976
0.734526 -0.676305 -0.055528 269.664171 0.675598 0.736509 -0.033491 -69.351451 0.063547 -0.012914 0.997895 8.973904
0.679460 -0.731164 -0.061104 270.318494 0.730564 0.681901 -0.035881 -68.717889 0.067902 -0.020261 0.997486 8.991251
0.606956 -0.791884 -0.067261 271.133520 0.791734 0.609843 -0.035340 -67.782597 0.069004 -0.031803 0.997109 9.012051
0.553892 -0.829354 -0.073319 271.713896 0.829841 0.557067 -0.032236 -66.999627 0.067579 -0.042988 0.996787 9.026217
0.512316 -0.855021 -0.080450 272.252370 0.856027 0.515936 -0.032062 -66.170868 0.068921 -0.052442 0.996243 9.038795
0.482294 -0.872165 -0.081977 272.837513 0.873468 0.485908 -0.030777 -65.186925 0.066675 -0.056761 0.996159 9.052003
0.456807 -0.885606 -0.083838 273.441238 0.886952 0.460657 -0.033337 -64.071636 0.068144 -0.059132 0.995922 9.065078
0.428213 -0.899608 -0.085671 274.304260 0.901008 0.432307 -0.035985 -62.369603 0.069408 -0.061781 0.995673 9.083173
0.417325 -0.904852 -0.084161 274.820801 0.906284 0.421228 -0.034868 -61.284328 0.067001 -0.061723 0.995842 9.093636
0.409952 -0.908413 -0.082011 275.322733 0.909757 0.413690 -0.034680 -60.208411 0.065431 -0.060393 0.996028 9.103685
0.405911 -0.910389 -0.080183 275.837544 0.911746 0.409425 -0.033033 -59.091390 0.062902 -0.059698 0.996233 9.113918
0.399706 -0.913158 -0.079862 276.532863 0.914576 0.403136 -0.032122 -57.556830 0.061528 -0.060201 0.996288 9.127595
0.395655 -0.915110 -0.077657 277.111365 0.916567 0.398790 -0.029514 -56.266131 0.057978 -0.059500 0.996543 9.138898
0.393087 -0.916254 -0.077212 277.662512 0.917724 0.396160 -0.028988 -55.023598 0.057148 -0.059464 0.996593 9.149595
0.390704 -0.917475 -0.074767 278.334312 0.918623 0.393820 -0.032227 -53.493288 0.059012 -0.056092 0.996680 9.162546
0.389820 -0.918141 -0.071121 278.908696 0.919083 0.392730 -0.032398 -52.180601 0.057678 -0.052737 0.996941 9.173596
0.388466 -0.918836 -0.069527 279.470883 0.919628 0.391347 -0.033647 -50.874545 0.058125 -0.050868 0.997012 9.184294
0.392191 -0.917351 -0.068209 280.240355 0.917991 0.395061 -0.034910 -49.088849 0.058971 -0.048924 0.997060 9.198947
0.399297 -0.914458 -0.065799 281.362630 0.915113 0.401905 -0.032272 -46.545232 0.055957 -0.047327 0.997311 9.220654
0.403000 -0.912841 -0.065676 281.993785 0.913477 0.405605 -0.032313 -45.132568 0.056135 -0.046971 0.997318 9.232960
0.404264 -0.912198 -0.066826 282.635543 0.912745 0.407050 -0.034732 -43.712405 0.058884 -0.046955 0.997160 9.245563
0.404499 -0.912018 -0.067843 283.267655 0.912638 0.407326 -0.034302 -42.309057 0.058918 -0.048041 0.997106 9.257952
0.404095 -0.912115 -0.068949 283.917770 0.912687 0.407070 -0.035998 -40.863725 0.060901 -0.048382 0.996971 9.270682
0.402507 -0.912979 -0.066756 284.562165 0.913887 0.404978 -0.028323 -39.425576 0.052893 -0.049607 0.997367 9.283269
0.399844 -0.914002 -0.068735 285.200580 0.914640 0.402753 -0.034981 -37.982231 0.059656 -0.048881 0.997021 9.295637
0.398110 -0.914758 -0.068746 285.911674 0.915123 0.401237 -0.039490 -36.367028 0.063707 -0.047189 0.996852 9.309372
0.396488 -0.915891 -0.062784 286.559153 0.916087 0.399176 -0.037979 -34.887534 0.059847 -0.042457 0.997304 9.321829
0.396417 -0.915999 -0.061643 287.319068 0.916539 0.398739 -0.031034 -33.181714 0.053007 -0.044196 0.997616 9.336619
0.395626 -0.915684 -0.070740 287.996344 0.916530 0.398570 -0.033382 -31.651193 0.058762 -0.051628 0.996936 9.349744
0.396434 -0.915547 -0.067924 288.692499 0.916047 0.399380 -0.036788 -30.075085 0.060808 -0.047638 0.997012 9.363218
0.398301 -0.915098 -0.062862 289.357574 0.915376 0.400935 -0.036569 -28.563511 0.058668 -0.042977 0.997352 9.376059
0.398441 -0.915546 -0.054960 290.026228 0.915671 0.400517 -0.033658 -27.052193 0.052828 -0.036914 0.997921 9.389015
0.398136 -0.915610 -0.056095 290.710709 0.915597 0.400395 -0.036959 -25.513124 0.056300 -0.036646 0.997741 9.402323
0.399268 -0.915039 -0.057354 291.374210 0.915103 0.401576 -0.036379 -24.025685 0.056320 -0.037960 0.997691 9.415247
0.396335 -0.916515 -0.054028 292.065501 0.916615 0.398358 -0.033583 -22.468738 0.052302 -0.036213 0.997975 9.428672
0.392522 -0.918062 -0.055583 292.819854 0.917936 0.394820 -0.038854 -20.762519 0.057615 -0.035770 0.997698 9.443282
0.389294 -0.919440 -0.055497 293.569099 0.919218 0.391651 -0.040599 -19.025382 0.059064 -0.035209 0.997633 9.457559
0.385639 -0.921043 -0.054420 294.471372 0.920757 0.387954 -0.041209 -16.914503 0.059068 -0.034216 0.997667 9.474647
0.383862 -0.921799 -0.054188 295.144944 0.921653 0.386078 -0.038722 -15.339274 0.056614 -0.035079 0.997780 9.487407
0.383730 -0.921702 -0.056724 295.799319 0.921687 0.386065 -0.038044 -13.802422 0.056965 -0.037683 0.997665 9.499767
0.382436 -0.922201 -0.057343 296.448161 0.922172 0.384834 -0.038760 -12.282759 0.057812 -0.038057 0.997602 9.512046
0.380374 -0.922955 -0.058910 297.106127 0.922983 0.382869 -0.038902 -10.709464 0.058460 -0.039576 0.997505 9.524320
0.378973 -0.923424 -0.060556 297.853553 0.923634 0.381486 -0.037007 -8.917857 0.057274 -0.041907 0.997479 9.538238
0.379083 -0.923065 -0.065169 298.705315 0.923576 0.381786 -0.035318 -6.886825 0.057481 -0.046800 0.997249 9.554157
0.378263 -0.923024 -0.070310 299.359640 0.923730 0.381319 -0.036310 -5.313794 0.060325 -0.051213 0.996864 9.566316
0.377980 -0.922916 -0.073191 299.994463 0.923781 0.381206 -0.036214 -3.781226 0.061323 -0.053924 0.996660 9.578078
0.377124 -0.923101 -0.075249 300.623017 0.924164 0.380402 -0.034874 -2.276206 0.060818 -0.056391 0.996555 9.589791
0.375617 -0.923633 -0.076245 301.262477 0.924853 0.378863 -0.033312 -0.728177 0.059654 -0.058003 0.996533 9.601615
0.373958 -0.924156 -0.078044 301.966307 0.925607 0.377188 -0.031302 0.970449 0.058365 -0.060532 0.996458 9.614657
0.370991 -0.925196 -0.079856 302.569719 0.926953 0.374123 -0.028124 2.454486 0.055896 -0.063589 0.996410 9.625685
0.367033 -0.926565 -0.082247 303.194279 0.928691 0.370046 -0.024462 3.999746 0.053100 -0.067403 0.996312 9.637050
0.362523 -0.928150 -0.084349 303.997679 0.930667 0.365322 -0.019988 6.023336 0.049366 -0.071255 0.996236 9.651470
0.356960 -0.930443 -0.082793 304.585571 0.932879 0.359650 -0.019723 7.533607 0.048128 -0.070196 0.996372 9.661859
0.348761 -0.933561 -0.082647 305.250055 0.936043 0.351371 -0.019008 9.279904 0.046785 -0.070731 0.996398 9.673385
0.339616 -0.937219 -0.079255 305.847277 0.939517 0.342006 -0.018409 10.894624 0.044359 -0.068209 0.996684 9.683494
0.329179 -0.941278 -0.075082 306.412104 0.943309 0.331385 -0.018749 12.453787 0.042529 -0.064654 0.997001 9.692879
0.317735 -0.945652 -0.069190 306.946710 0.947407 0.319574 -0.017072 13.982682 0.038256 -0.060127 0.997457 9.701467
