0.999932 0.011649 0.000000 2.862176 -0.011649 0.999932 -0.000000 -0.067547 -0.000000 0.000000 1.000000 0.000000
0.999793 0.020347 0.000000 4.600703 -0.020347 0.999793 -0.000000 -0.065988 -0.000000 0.000000 1.000000 0.000000
0.999430 0.033749 0.000000 6.653861 -0.033749 0.999430 -0.000000 -0.127078 -0.000000 0.000000 1.000000 0.000000
0.998724 0.050496 0.000000 8.329862 -0.050496 0.998724 -0.000000 -0.154900 -0.000000 0.000000 1.000000 0.000000
0.997539 0.070119 0.000000 10.194015 -0.070119 0.997539 -0.000000 -0.301959 -0.000000 0.000000 1.000000 0.000000
0.995391 0.095898 0.000000 12.481343 -0.095898 0.995391 -0.000000 -0.471264 -0.000000 0.000000 1.000000 0.000000
0.992805 0.119745 0.000000 14.125867 -0.119745 0.992805 -0.000000 -0.660699 -0.000000 0.000000 1.000000 0.000000
0.990388 0.138318 0.000000 15.771943 -0.138318 0.990388 -0.000000 -0.900783 -0.000000 0.000000 1.000000 0.000000
0.986460 0.164005 0.000000 17.631751 -0.164005 0.986460 -0.000000 -1.210332 -0.000000 0.000000 1.000000 0.000000
0.983392 0.181493 0.000000 19.287033 -0.181493 0.983392 -0.000000 -1.557096 -0.000000 0.000000 1.000000 0.000000
0.979331 0.202265 0.000000 20.863512 -0.202265 0.979331 -0.000000 -1.829446 -0.000000 0.000000 1.000000 0.000000
0.973961 0.226716 0.000000 22.715669 -0.226716 0.973961 -0.000000 -2.269349 -0.000000 0.000000 1.000000 0.000000
0.968319 0.249715 0.000000 24.370379 -0.249715 0.968319 -0.000000 -2.696377 -0.000000 0.000000 1.000000 0.000000
0.962858 0.270009 0.000000 25.982335 -0.270009 0.962858 -0.000000 -3.081070 -0.000000 0.000000 1.000000 0.000000
0.955880 0.293756 0.000000 27.990575 -0.293756 0.955880 -0.000000 -3.676053 -0.000000 0.000000 1.000000 0.000000
0.949650 0.313313 0.000000 29.661293 -0.313313 0.949650 -0.000000 -4.229354 -0.000000 0.000000 1.000000 0.000000
0.943244 0.332101 0.000000 31.131771 -0.332101 0.943244 -0.000000 -4.774084 -0.000000 0.000000 1.000000 0.000000
0.937332 0.348437 0.000000 32.736389 -0.348437 0.937332 -0.000000 -5.420443 -0.000000 0.000000 1.000000 0.000000
0.931879 0.362768 0.000000 34.230224 -0.362768 0.931879 -0.000000 -5.991641 -0.000000 0.000000 1.000000 0.000000
0.924788 0.380483 0.000000 35.695016 -0.380483 0.924788 -0.000000 -6.570839 -0.000000 0.000000 1.000000 0.000000
0.916143 0.400851 0.000000 37.116096 -0.400851 0.916143 -0.000000 -7.213434 -0.000000 0.000000 1.000000 0.000000
0.907693 0.419635 0.000000 38.585397 -0.419635 0.907693 -0.000000 -7.818409 -0.000000 0.000000 1.000000 0.000000
0.897830 0.440343 0.000000 40.381700 -0.440343 0.897830 -0.000000 -8.690291 -0.000000 0.000000 1.000000 0.000000
0.887947 0.459945 0.000000 42.140331 -0.459945 0.887947 -0.000000 -9.567078 -0.000000 0.000000 1.000000 0.000000
0.879413 0.476059 0.000000 43.505664 -0.476059 0.879413 -0.000000 -10.225162 -0.000000 0.000000 1.000000 0.000000
0.872537 0.488549 0.000000 44.822046 -0.488549 0.872537 -0.000000 -10.963950 -0.000000 0.000000 1.000000 0.000000
0.865928 0.500169 0.000000 46.090232 -0.500169 0.865928 -0.000000 -11.698916 -0.000000 0.000000 1.000000 0.000000
0.859761 0.510696 0.000000 47.293028 -0.510696 0.859761 -0.000000 -12.448756 -0.000000 0.000000 1.000000 0.000000
0.853088 0.521767 0.000000 48.451172 -0.521767 0.853088 -0.000000 -13.140223 -0.000000 0.000000 1.000000 0.000000
0.841917 0.539607 0.000000 49.577241 -0.539607 0.841917 -0.000000 -13.827847 -0.000000 0.000000 1.000000 0.000000
0.835069 0.550145 0.000000 50.638480 -0.550145 0.835069 -0.000000 -14.558020 -0.000000 0.000000 1.000000 0.000000
0.822726 0.568438 0.000000 51.885097 -0.568438 0.822726 -0.000000 -15.469002 -0.000000 0.000000 1.000000 0.000000
0.814310 0.580430 0.000000 52.864126 -0.580430 0.814310 -0.000000 -16.195535 -0.000000 0.000000 1.000000 0.000000
0.807098 0.590418 0.000000 53.816410 -0.590418 0.807098 -0.000000 -16.934886 -0.000000 0.000000 1.000000 0.000000
0.798815 0.601577 0.000000 55.007925 -0.601577 0.798815 -0.000000 -17.853916 -0.000000 0.000000 1.000000 0.000000
0.793093 0.609101 0.000000 55.795475 -0.609101 0.793093 -0.000000 -18.423491 -0.000000 0.000000 1.000000 0.000000
0.786436 0.617672 0.000000 56.557057 -0.617672 0.786436 -0.000000 -19.069234 -0.000000 0.000000 1.000000 0.000000
0.781432 0.623990 0.000000 57.298907 -0.623990 0.781432 -0.000000 -19.628047 -0.000000 0.000000 1.000000 0.000000
0.771372 0.636384 0.000000 58.140795 -0.636384 0.771372 -0.000000 -20.295899 -0.000000 0.000000 1.000000 0.000000
0.763854 0.645389 0.000000 58.783610 -0.645389 0.763854 -0.000000 -20.865101 -0.000000 0.000000 1.000000 0.000000
0.759107 0.650966 0.000000 59.432725 -0.650966 0.759107 -0.000000 -21.399552 -0.000000 0.000000 1.000000 0.000000
0.753669 0.657254 0.000000 60.014766 -0.657254 0.753669 -0.000000 -21.912705 -0.000000 0.000000 1.000000 0.000000
0.744939 0.667133 0.000000 60.651890 -0.667133 0.744939 -0.000000 -22.538646 -0.000000 0.000000 1.000000 0.000000
0.738985 0.673722 0.000000 61.136046 -0.673722 0.738985 -0.000000 -23.010506 -0.000000 0.000000 1.000000 0.000000
0.734758 0.678330 0.000000 61.583142 -0.678330 0.734758 -0.000000 -23.378618 -0.000000 0.000000 1.000000 0.000000
0.727338 0.686279 0.000000 62.188897 -0.686279 0.727338 -0.000000 -23.921877 -0.000000 0.000000 1.000000 0.000000
0.720539 0.693414 0.000000 62.734062 -0.693414 0.720539 -0.000000 -24.391763 -0.000000 0.000000 1.000000 0.000000
0.715978 0.698123 0.000000 63.206503 -0.698123 0.715978 -0.000000 -24.789689 -0.000000 0.000000 1.000000 0.000000
0.705025 0.709183 0.000000 63.804607 -0.709183 0.705025 -0.000000 -25.339674 -0.000000 0.000000 1.000000 0.000000
0.697395 0.716687 0.000000 64.271911 -0.716687 0.697395 -0.000000 -25.867935 -0.000000 0.000000 1.000000 0.000000
0.688442 0.725292 0.000000 64.690606 -0.725292 0.688442 -0.000000 -26.374981 -0.000000 0.000000 1.000000 0.000000
0.675647 0.737225 0.000000 65.158307 -0.737225 0.675647 -0.000000 -26.815248 -0.000000 0.000000 1.000000 0.000000
0.668081 0.744089 0.000000 65.561139 -0.744089 0.668081 -0.000000 -27.321822 -0.000000 0.000000 1.000000 0.000000
0.655517 0.755180 0.000000 66.167368 -0.755180 0.655517 -0.000000 -27.967185 -0.000000 0.000000 1.000000 0.000000
0.647695 0.761900 0.000000 66.672596 -0.761900 0.647695 -0.000000 -28.615266 -0.000000 0.000000 1.000000 0.000000
0.634918 0.772580 0.000000 67.333196 -0.772580 0.634918 -0.000000 -29.489270 -0.000000 0.000000 1.000000 0.000000
0.623511 0.781814 0.000000 67.906808 -0.781814 0.623511 -0.000000 -30.158044 -0.000000 0.000000 1.000000 0.000000
0.615067 0.788475 0.000000 68.342026 -0.788475 0.615067 -0.000000 -30.757755 -0.000000 0.000000 1.000000 0.000000
0.609774 0.792575 0.000000 68.819651 -0.792575 0.609774 -0.000000 -31.342076 -0.000000 0.000000 1.000000 0.000000
0.603890 0.797068 0.000000 69.272074 -0.797068 0.603890 -0.000000 -31.916904 -0.000000 0.000000 1.000000 0.000000
0.600640 0.799520 0.000000 69.787643 -0.799520 0.600640 -0.000000 -32.593389 -0.000000 0.000000 1.000000 0.000000
0.599373 0.800470 0.000000 70.230047 -0.800470 0.599373 -0.000000 -33.203793 -0.000000 0.000000 1.000000 0.000000
0.603622 0.797270 0.000000 70.641799 -0.797270 0.603622 -0.000000 -33.790923 -0.000000 0.000000 1.000000 0.000000
0.603669 0.797235 0.000000 71.194906 -0.797235 0.603669 -0.000000 -34.533114 -0.000000 0.000000 1.000000 0.000000
0.605855 0.795575 0.000000 71.575535 -0.795575 0.605855 -0.000000 -35.089456 -0.000000 0.000000 1.000000 0.000000
0.607691 0.794173 0.000000 72.041776 -0.794173 0.607691 -0.000000 -35.695409 -0.000000 0.000000 1.000000 0.000000
0.611757 0.791045 0.000000 72.384905 -0.791045 0.611757 -0.000000 -36.212706 -0.000000 0.000000 1.000000 0.000000
0.625142 0.780511 0.000000 72.893675 -0.780511 0.625142 -0.000000 -36.777293 -0.000000 0.000000 1.000000 0.000000
0.638869 0.769316 0.000000 73.299471 -0.769316 0.638869 -0.000000 -37.291626 -0.000000 0.000000 1.000000 0.000000
0.657027 0.753867 0.000000 73.777817 -0.753867 0.657027 -0.000000 -37.871621 -0.000000 0.000000 1.000000 0.000000
0.672871 0.739760 0.000000 74.082862 -0.739760 0.672871 -0.000000 -38.307689 -0.000000 0.000000 1.000000 0.000000
0.688648 0.725096 0.000000 74.462890 -0.725096 0.688648 -0.000000 -38.772357 -0.000000 0.000000 1.000000 0.000000
0.699330 0.714799 0.000000 74.718133 -0.714799 0.699330 -0.000000 -39.007516 -0.000000 0.000000 1.000000 0.000000
0.712767 0.701401 0.000000 74.990089 -0.701401 0.712767 -0.000000 -39.266182 -0.000000 0.000000 1.000000 0.000000
0.719384 0.694613 0.000000 75.139777 -0.694613 0.719384 -0.000000 -39.409410 -0.000000 0.000000 1.000000 0.000000
0.724693 0.689072 0.000000 75.274330 -0.689072 0.724693 -0.000000 -39.545005 -0.000000 0.000000 1.000000 0.000000
0.729799 0.683661 0.000000 75.391995 -0.683661 0.729799 -0.000000 -39.636936 -0.000000 0.000000 1.000000 0.000000
0.733187 0.680027 0.000000 75.444339 -0.680027 0.733187 -0.000000 -39.674754 -0.000000 0.000000 1.000000 0.000000
0.735630 0.677384 0.000000 75.469421 -0.677384 0.735630 -0.000000 -39.703833 -0.000000 0.000000 1.000000 0.000000
0.735426 0.677605 0.000000 75.466342 -0.677605 0.735426 -0.000000 -39.697352 -0.000000 0.000000 1.000000 0.000000
0.734897 0.678179 0.000000 75.464894 -0.678179 0.734897 -0.000000 -39.695458 -0.000000 0.000000 1.000000 0.000000
0.734625 0.678473 0.000000 75.463990 -0.678473 0.734625 -0.000000 -39.695696 -0.000000 0.000000 1.000000 0.000000
0.734940 0.678133 0.000000 75.464729 -0.678133 0.734940 -0.000000 -39.695464 -0.000000 0.000000 1.000000 0.000000
0.734604 0.678496 0.000000 75.466226 -0.678496 0.734604 -0.000000 -39.693503 -0.000000 0.000000 1.000000 0.000000
0.734855 0.678224 0.000000 75.468142 -0.678224 0.734855 -0.000000 -39.695845 -0.000000 0.000000 1.000000 0.000000
0.735003 0.678064 0.000000 75.467898 -0.678064 0.735003 -0.000000 -39.695045 -0.000000 0.000000 1.000000 0.000000
0.734754 0.678334 0.000000 75.466618 -0.678334 0.734754 -0.000000 -39.697268 -0.000000 0.000000 1.000000 0.000000
0.734772 0.678314 0.000000 75.467059 -0.678314 0.734772 -0.000000 -39.695518 -0.000000 0.000000 1.000000 0.000000
0.734770 0.678317 0.000000 75.467249 -0.678317 0.734770 -0.000000 -39.695230 -0.000000 0.000000 1.000000 0.000000
0.734752 0.678336 0.000000 75.466501 -0.678336 0.734752 -0.000000 -39.693722 -0.000000 0.000000 1.000000 0.000000
0.734878 0.678199 0.000000 75.465625 -0.678199 0.734878 -0.000000 -39.691854 -0.000000 0.000000 1.000000 0.000000
0.735142 0.677913 0.000000 75.463362 -0.677913 0.735142 -0.000000 -39.692328 -0.000000 0.000000 1.000000 0.000000
0.734767 0.678319 0.000000 75.467431 -0.678319 0.734767 -0.000000 -39.692388 -0.000000 0.000000 1.000000 0.000000
0.734901 0.678174 0.000000 75.465723 -0.678174 0.734901 -0.000000 -39.691231 -0.000000 0.000000 1.000000 0.000000
0.735051 0.678012 0.000000 75.460136 -0.678012 0.735051 -0.000000 -39.690590 -0.000000 0.000000 1.000000 0.000000
0.735744 0.677260 0.000000 75.464195 -0.677260 0.735744 -0.000000 -39.701924 -0.000000 0.000000 1.000000 0.000000
0.736367 0.676583 0.000000 75.460175 -0.676583 0.736367 -0.000000 -39.704724 -0.000000 0.000000 1.000000 0.000000
0.736060 0.676917 0.000000 75.459957 -0.676917 0.736060 -0.000000 -39.709092 -0.000000 0.000000 1.000000 0.000000
0.735965 0.677019 0.000000 75.458771 -0.677019 0.735965 -0.000000 -39.706895 -0.000000 0.000000 1.000000 0.000000
0.736081 0.676893 0.000000 75.455298 -0.676893 0.736081 -0.000000 -39.705315 -0.000000 0.000000 1.000000 0.000000
0.736489 0.676449 0.000000 75.452705 -0.676449 0.736489 -0.000000 -39.704714 -0.000000 0.000000 1.000000 0.000000
0.737233 0.675638 0.000000 75.454225 -0.675638 0.737233 -0.000000 -39.705160 -0.000000 0.000000 1.000000 0.000000
0.735376 0.677659 0.000000 75.463185 -0.677659 0.735376 -0.000000 -39.710951 -0.000000 0.000000 1.000000 0.000000
0.736407 0.676539 0.000000 75.457164 -0.676539 0.736407 -0.000000 -39.719777 -0.000000 0.000000 1.000000 0.000000
0.736947 0.675951 0.000000 75.458060 -0.675951 0.736947 -0.000000 -39.730766 -0.000000 0.000000 1.000000 0.000000
0.739260 0.673420 0.000000 75.459519 -0.673420 0.739260 -0.000000 -39.744302 -0.000000 0.000000 1.000000 0.000000
0.742655 0.669674 0.000000 75.490950 -0.669674 0.742655 -0.000000 -39.754160 -0.000000 0.000000 1.000000 0.000000
0.743452 0.668790 0.000000 75.506879 -0.668790 0.743452 -0.000000 -39.753137 -0.000000 0.000000 1.000000 0.000000
0.746521 0.665362 0.000000 75.593517 -0.665362 0.746521 -0.000000 -39.880046 -0.000000 0.000000 1.000000 0.000000
0.748756 0.662846 0.000000 75.615960 -0.662846 0.748756 -0.000000 -39.924268 -0.000000 0.000000 1.000000 0.000000
0.751332 0.659925 0.000000 75.634784 -0.659925 0.751332 -0.000000 -39.904991 -0.000000 0.000000 1.000000 0.000000
0.751567 0.659656 0.000000 75.646143 -0.659656 0.751567 -0.000000 -39.899966 -0.000000 0.000000 1.000000 0.000000
0.751910 0.659266 0.000000 75.645022 -0.659266 0.751910 -0.000000 -39.900310 -0.000000 0.000000 1.000000 0.000000
0.752717 0.658344 0.000000 75.639597 -0.658344 0.752717 -0.000000 -39.899637 -0.000000 0.000000 1.000000 0.000000
0.752836 0.658208 0.000000 75.638746 -0.658208 0.752836 -0.000000 -39.898002 -0.000000 0.000000 1.000000 0.000000
0.752960 0.658066 0.000000 75.636292 -0.658066 0.752960 -0.000000 -39.900008 -0.000000 0.000000 1.000000 0.000000
0.753017 0.658001 0.000000 75.636374 -0.658001 0.753017 -0.000000 -39.899425 -0.000000 0.000000 1.000000 0.000000
0.752722 0.658339 0.000000 75.636291 -0.658339 0.752722 -0.000000 -39.901492 -0.000000 0.000000 1.000000 0.000000
0.753340 0.657631 0.000000 75.635825 -0.657631 0.753340 -0.000000 -39.903702 -0.000000 0.000000 1.000000 0.000000
0.753496 0.657453 0.000000 75.630939 -0.657453 0.753496 -0.000000 -39.900942 -0.000000 0.000000 1.000000 0.000000
0.752464 0.658633 0.000000 75.640870 -0.658633 0.752464 -0.000000 -39.903507 -0.000000 0.000000 1.000000 0.000000
0.753310 0.657666 0.000000 75.644119 -0.657666 0.753310 -0.000000 -39.911127 -0.000000 0.000000 1.000000 0.000000
0.755600 0.655033 0.000000 75.709888 -0.655033 0.755600 -0.000000 -39.947264 -0.000000 0.000000 1.000000 0.000000
0.759933 0.650002 0.000000 75.770788 -0.650002 0.759933 -0.000000 -40.007019 -0.000000 0.000000 1.000000 0.000000
0.766815 0.641868 0.000000 75.911324 -0.641868 0.766815 -0.000000 -40.091797 -0.000000 0.000000 1.000000 0.000000
0.772751 0.634709 0.000000 76.131502 -0.634709 0.772751 -0.000000 -40.256975 -0.000000 0.000000 1.000000 0.000000
0.789829 0.613327 0.000000 76.490664 -0.613327 0.789829 -0.000000 -40.546674 -0.000000 0.000000 1.000000 0.000000
0.804993 0.593284 0.000000 76.767582 -0.593284 0.804993 -0.000000 -40.766673 -0.000000 0.000000 1.000000 0.000000
0.829482 0.558533 0.000000 77.298812 -0.558533 0.829482 -0.000000 -41.105564 -0.000000 0.000000 1.000000 0.000000
0.853581 0.520960 0.000000 77.733836 -0.520960 0.853581 -0.000000 -41.375817 -0.000000 0.000000 1.000000 0.000000
0.876726 0.480991 0.000000 78.225952 -0.480991 0.876726 -0.000000 -41.674137 -0.000000 0.000000 1.000000 0.000000
0.898573 0.438823 0.000000 78.796587 -0.438823 0.898573 -0.000000 -42.022383 -0.000000 0.000000 1.000000 0.000000
0.920612 0.390478 0.000000 79.602449 -0.390478 0.920612 -0.000000 -42.423146 -0.000000 0.000000 1.000000 0.000000
0.934684 0.355480 0.000000 80.320159 -0.355480 0.934684 -0.000000 -42.734204 -0.000000 0.000000 1.000000 0.000000
0.948910 0.315547 0.000000 81.547729 -0.315547 0.948910 -0.000000 -43.239150 -0.000000 0.000000 1.000000 0.000000
0.954359 0.298662 0.000000 82.503731 -0.298662 0.954359 -0.000000 -43.562294 -0.000000 0.000000 1.000000 0.000000
0.960509 0.278250 0.000000 84.175909 -0.278250 0.960509 -0.000000 -44.068769 -0.000000 0.000000 1.000000 0.000000
0.963599 0.267353 0.000000 85.585372 -0.267353 0.963599 -0.000000 -44.478262 -0.000000 0.000000 1.000000 0.000000
0.963669 0.267100 0.000000 86.717450 -0.267100 0.963669 -0.000000 -44.798712 -0.000000 0.000000 1.000000 0.000000
0.964487 0.264129 0.000000 88.286243 -0.264129 0.964487 -0.000000 -45.291484 -0.000000 0.000000 1.000000 0.000000
0.965216 0.261454 0.000000 89.682232 -0.261454 0.965216 -0.000000 -45.678943 -0.000000 0.000000 1.000000 0.000000
0.966395 0.257062 0.000000 90.864569 -0.257062 0.966395 -0.000000 -46.002305 -0.000000 0.000000 1.000000 0.000000
0.969029 0.246948 0.000000 92.102194 -0.246948 0.969029 -0.000000 -46.369341 -0.000000 0.000000 1.000000 0.000000
0.976487 0.215576 0.000000 93.981565 -0.215576 0.976487 -0.000000 -46.863801 -0.000000 0.000000 1.000000 0.000000
0.983792 0.179314 0.000000 95.307735 -0.179314 0.983792 -0.000000 -47.178065 -0.000000 0.000000 1.000000 0.000000
0.991418 0.130731 0.000000 96.618612 -0.130731 0.991418 -0.000000 -47.453834 -0.000000 0.000000 1.000000 0.000000
0.996984 0.077611 0.000000 97.912134 -0.077611 0.996984 -0.000000 -47.572168 -0.000000 0.000000 1.000000 0.000000
0.999486 0.032064 0.000000 99.254951 -0.032064 0.999486 -0.000000 -47.717600 -0.000000 0.000000 1.000000 0.000000
0.999868 -0.016230 0.000000 100.595120 0.016230 0.999868 0.000000 -47.735990 0.000000 0.000000 1.000000 0.000000
0.997851 -0.065529 0.000000 101.995512 0.065529 0.997851 0.000000 -47.734056 0.000000 0.000000 1.000000 0.000000
0.993811 -0.111088 0.000000 103.687453 0.111088 0.993811 0.000000 -47.642146 0.000000 0.000000 1.000000 0.000000
0.989589 -0.143922 0.000000 105.141418 0.143922 0.989589 0.000000 -47.542852 0.000000 0.000000 1.000000 0.000000
0.985111 -0.171919 0.000000 106.659659 0.171919 0.985111 0.000000 -47.289222 0.000000 0.000000 1.000000 0.000000
0.981260 -0.192687 0.000000 108.094115 0.192687 0.981260 0.000000 -47.003843 0.000000 0.000000 1.000000 0.000000
0.977422 -0.211298 0.000000 110.024811 0.211298 0.977422 0.000000 -46.661173 0.000000 0.000000 1.000000 0.000000
0.975929 -0.218088 0.000000 111.541574 0.218088 0.975929 0.000000 -46.313612 0.000000 0.000000 1.000000 0.000000
0.975266 -0.221034 0.000000 112.955378 0.221034 0.975266 0.000000 -45.967278 0.000000 0.000000 1.000000 0.000000
0.975224 -0.221220 0.000000 114.814073 0.221220 0.975224 0.000000 -45.537480 0.000000 0.000000 1.000000 0.000000
0.974323 -0.225157 0.000000 116.399559 0.225157 0.974323 0.000000 -45.175245 0.000000 0.000000 1.000000 0.000000
0.974892 -0.222678 0.000000 117.967310 0.222678 0.974892 0.000000 -44.791876 0.000000 0.000000 1.000000 0.000000
0.976758 -0.214345 0.000000 119.520713 0.214345 0.976758 0.000000 -44.455053 0.000000 0.000000 1.000000 0.000000
0.976854 -0.213907 0.000000 123.612924 0.213907 0.976854 0.000000 -43.600726 0.000000 0.000000 1.000000 0.000000
0.980478 -0.196630 0.000000 125.214159 0.196630 0.980478 0.000000 -43.283506 0.000000 0.000000 1.000000 0.000000
0.983233 -0.182354 0.000000 126.971331 0.182354 0.983233 0.000000 -42.887294 0.000000 0.000000 1.000000 0.000000
0.986045 -0.166479 0.000000 128.522408 0.166479 0.986045 0.000000 -42.600585 0.000000 0.000000 1.000000 0.000000
0.988486 -0.151313 0.000000 130.126505 0.151313 0.988486 0.000000 -42.365442 0.000000 0.000000 1.000000 0.000000
0.990126 -0.140181 0.000000 131.727378 0.140181 0.990126 0.000000 -42.167718 0.000000 0.000000 1.000000 0.000000
0.993201 -0.116412 0.000000 134.163817 0.116412 0.993201 0.000000 -41.987750 0.000000 0.000000 1.000000 0.000000
0.994173 -0.107793 0.000000 135.775618 0.107793 0.994173 0.000000 -41.803134 0.000000 0.000000 1.000000 0.000000
0.994246 -0.107123 0.000000 137.541346 0.107123 0.994246 0.000000 -41.684068 0.000000 0.000000 1.000000 0.000000
0.995529 -0.094460 0.000000 139.130116 0.094460 0.995529 0.000000 -41.524325 0.000000 0.000000 1.000000 0.000000
0.996818 -0.079711 0.000000 141.172558 0.079711 0.996818 0.000000 -41.335402 0.000000 0.000000 1.000000 0.000000
0.998142 -0.060925 0.000000 142.670931 0.060925 0.998142 0.000000 -41.255963 0.000000 0.000000 1.000000 0.000000
0.999380 -0.035220 0.000000 144.877783 0.035220 0.999380 0.000000 -41.193431 0.000000 0.000000 1.000000 0.000000
0.999815 -0.019227 0.000000 147.024657 0.019227 0.999815 0.000000 -41.179548 0.000000 0.000000 1.000000 0.000000
0.999960 -0.008988 0.000000 148.298093 0.008988 0.999960 0.000000 -41.162618 0.000000 0.000000 1.000000 0.000000
0.999986 -0.005291 0.000000 149.543270 0.005291 0.999986 0.000000 -41.172013 0.000000 0.000000 1.000000 0.000000
0.999960 0.008977 0.000000 150.738714 -0.008977 0.999960 -0.000000 -41.125068 -0.000000 0.000000 1.000000 0.000000
0.999834 0.018202 0.000000 151.978497 -0.018202 0.999834 -0.000000 -41.120181 -0.000000 0.000000 1.000000 0.000000
0.999500 0.031634 0.000000 153.227318 -0.031634 0.999500 -0.000000 -41.180949 -0.000000 0.000000 1.000000 0.000000
0.999303 0.037333 0.000000 154.265914 -0.037333 0.999303 -0.000000 -41.205249 -0.000000 0.000000 1.000000 0.000000
0.998972 0.045328 0.000000 155.238677 -0.045328 0.998972 -0.000000 -41.294750 -0.000000 0.000000 1.000000 0.000000
0.998542 0.053983 0.000000 156.513079 -0.053983 0.998542 -0.000000 -41.401869 -0.000000 0.000000 1.000000 0.000000
0.998170 0.060472 0.000000 157.360602 -0.060472 0.998170 -0.000000 -41.485586 -0.000000 0.000000 1.000000 0.000000
0.998057 0.062311 0.000000 158.252638 -0.062311 0.998057 -0.000000 -41.555819 -0.000000 0.000000 1.000000 0.000000
0.997544 0.070045 0.000000 159.098840 -0.070045 0.997544 -0.000000 -41.618084 -0.000000 0.000000 1.000000 0.000000
0.997195 0.074843 0.000000 160.203032 -0.074843 0.997195 -0.000000 -41.678427 -0.000000 0.000000 1.000000 0.000000
0.996191 0.087203 0.000000 161.470070 -0.087203 0.996191 -0.000000 -41.793535 -0.000000 0.000000 1.000000 0.000000
0.995589 0.093821 0.000000 162.391819 -0.093821 0.995589 -0.000000 -41.884434 -0.000000 0.000000 1.000000 0.000000
0.994962 0.100256 0.000000 163.327823 -0.100256 0.994962 -0.000000 -41.979334 -0.000000 0.000000 1.000000 0.000000
0.994004 0.109341 0.000000 164.224520 -0.109341 0.994004 -0.000000 -42.079907 -0.000000 0.000000 1.000000 0.000000
0.992591 0.121501 0.000000 165.356790 -0.121501 0.992591 -0.000000 -42.209019 -0.000000 0.000000 1.000000 0.000000
0.991381 0.131011 0.000000 166.467965 -0.131011 0.991381 -0.000000 -42.381480 -0.000000 0.000000 1.000000 0.000000
0.990460 0.137799 0.000000 167.308058 -0.137799 0.990460 -0.000000 -42.500688 -0.000000 0.000000 1.000000 0.000000
0.989732 0.142936 0.000000 168.147489 -0.142936 0.989732 -0.000000 -42.614406 -0.000000 0.000000 1.000000 0.000000
0.989021 0.147775 0.000000 169.128966 -0.147775 0.989021 -0.000000 -42.748881 -0.000000 0.000000 1.000000 0.000000
0.988204 0.153142 0.000000 169.986838 -0.153142 0.988204 -0.000000 -42.847589 -0.000000 0.000000 1.000000 0.000000
0.985839 0.167693 0.000000 171.117442 -0.167693 0.985839 -0.000000 -43.068170 -0.000000 0.000000 1.000000 0.000000
0.984916 0.173031 0.000000 171.931139 -0.173031 0.984916 -0.000000 -43.216227 -0.000000 0.000000 1.000000 0.000000
0.984846 0.173432 0.000000 172.777321 -0.173432 0.984846 -0.000000 -43.371983 -0.000000 0.000000 1.000000 0.000000
0.985380 0.170372 0.000000 173.615292 -0.170372 0.985380 -0.000000 -43.540281 -0.000000 0.000000 1.000000 0.000000
0.986209 0.165503 0.000000 174.538914 -0.165503 0.986209 -0.000000 -43.731295 -0.000000 0.000000 1.000000 0.000000
0.987740 0.156110 0.000000 175.616987 -0.156110 0.987740 -0.000000 -43.926453 -0.000000 0.000000 1.000000 0.000000
0.988661 0.150165 0.000000 176.593082 -0.150165 0.988661 -0.000000 -44.054534 -0.000000 0.000000 1.000000 0.000000
0.990132 0.140141 0.000000 177.620001 -0.140141 0.990132 -0.000000 -44.164817 -0.000000 0.000000 1.000000 0.000000
0.991348 0.131263 0.000000 178.987556 -0.131263 0.991348 -0.000000 -44.405434 -0.000000 0.000000 1.000000 0.000000
0.992228 0.124434 0.000000 180.116585 -0.124434 0.992228 -0.000000 -44.571831 -0.000000 0.000000 1.000000 0.000000
0.992527 0.122025 0.000000 181.338631 -0.122025 0.992527 -0.000000 -44.760503 -0.000000 0.000000 1.000000 0.000000
0.992043 0.125897 0.000000 182.483844 -0.125897 0.992043 -0.000000 -44.925410 -0.000000 0.000000 1.000000 0.000000
0.991710 0.128493 0.000000 183.574706 -0.128493 0.991710 -0.000000 -45.092281 -0.000000 0.000000 1.000000 0.000000
0.990566 0.137035 0.000000 185.090192 -0.137035 0.990566 -0.000000 -45.325467 -0.000000 0.000000 1.000000 0.000000
0.988681 0.150035 0.000000 186.394095 -0.150035 0.988681 -0.000000 -45.513844 -0.000000 0.000000 1.000000 0.000000
0.986958 0.160979 0.000000 187.541524 -0.160979 0.986958 -0.000000 -45.738527 -0.000000 0.000000 1.000000 0.000000
0.984673 0.174410 0.000000 188.657011 -0.174410 0.984673 -0.000000 -45.948567 -0.000000 0.000000 1.000000 0.000000
0.981852 0.189650 0.000000 190.139023 -0.189650 0.981852 -0.000000 -46.212937 -0.000000 0.000000 1.000000 0.000000
0.978512 0.206190 0.000000 191.202391 -0.206190 0.978512 -0.000000 -46.445600 -0.000000 0.000000 1.000000 0.000000
0.976512 0.215463 0.000000 192.203085 -0.215463 0.976512 -0.000000 -46.686837 -0.000000 0.000000 1.000000 0.000000
0.975812 0.218614 0.000000 193.191052 -0.218614 0.975812 -0.000000 -46.901534 -0.000000 0.000000 1.000000 0.000000
0.974782 0.223161 0.000000 194.134463 -0.223161 0.974782 -0.000000 -47.092694 -0.000000 0.000000 1.000000 0.000000
0.974665 0.223671 0.000000 195.189770 -0.223671 0.974665 -0.000000 -47.346388 -0.000000 0.000000 1.000000 0.000000
0.974351 0.225033 0.000000 196.035083 -0.225033 0.974351 -0.000000 -47.555170 -0.000000 0.000000 1.000000 0.000000
0.974221 0.225594 0.000000 196.782315 -0.225594 0.974221 -0.000000 -47.749117 -0.000000 0.000000 1.000000 0.000000
0.974122 0.226022 0.000000 197.502425 -0.226022 0.974122 -0.000000 -47.941349 -0.000000 0.000000 1.000000 0.000000
0.974699 0.223522 0.000000 198.309596 -0.223522 0.974699 -0.000000 -48.121601 -0.000000 0.000000 1.000000 0.000000
0.975062 0.221932 0.000000 198.920835 -0.221932 0.975062 -0.000000 -48.293035 -0.000000 0.000000 1.000000 0.000000
0.976908 0.213658 0.000000 199.726013 -0.213658 0.976908 -0.000000 -48.513193 -0.000000 0.000000 1.000000 0.000000
0.979025 0.203742 0.000000 200.360180 -0.203742 0.979025 -0.000000 -48.649289 -0.000000 0.000000 1.000000 0.000000
0.981789 0.189973 0.000000 201.045566 -0.189973 0.981789 -0.000000 -48.810052 -0.000000 0.000000 1.000000 0.000000
0.986694 0.162587 0.000000 201.848870 -0.162587 0.986694 -0.000000 -48.984443 -0.000000 0.000000 1.000000 0.000000
0.991541 0.129793 0.000000 202.672923 -0.129793 0.991541 -0.000000 -49.021509 -0.000000 0.000000 1.000000 0.000000
0.995795 0.091608 0.000000 203.454783 -0.091608 0.995795 -0.000000 -49.149667 -0.000000 0.000000 1.000000 0.000000
0.999384 0.035085 0.000000 204.598157 -0.035085 0.999384 -0.000000 -49.226694 -0.000000 0.000000 1.000000 0.000000
0.999959 -0.009037 0.000000 205.575745 0.009037 0.999959 0.000000 -49.290362 0.000000 0.000000 1.000000 0.000000
0.998382 -0.056871 0.000000 206.584579 0.056871 0.998382 0.000000 -49.305874 0.000000 0.000000 1.000000 0.000000
0.994897 -0.100900 0.000000 207.545373 0.100900 0.994897 0.000000 -49.237465 0.000000 0.000000 1.000000 0.000000
0.989494 -0.144572 0.000000 208.531430 0.144572 0.989494 0.000000 -49.146219 0.000000 0.000000 1.000000 0.000000
0.984191 -0.177112 0.000000 209.875469 0.177112 0.984191 0.000000 -48.992121 0.000000 0.000000 1.000000 0.000000
0.981104 -0.193481 0.000000 211.111956 0.193481 0.981104 0.000000 -48.732786 0.000000 0.000000 1.000000 0.000000
0.979617 -0.200876 0.000000 212.213132 0.200876 0.979617 0.000000 -48.492664 0.000000 0.000000 1.000000 0.000000
0.979625 -0.200836 0.000000 213.370633 0.200836 0.979625 0.000000 -48.247339 0.000000 0.000000 1.000000 0.000000
0.980922 -0.194403 0.000000 214.491643 0.194403 0.980922 0.000000 -48.034468 0.000000 0.000000 1.000000 0.000000
0.983840 -0.179052 0.000000 215.567374 0.179052 0.983840 0.000000 -47.813198 0.000000 0.000000 1.000000 0.000000
0.987714 -0.156271 0.000000 216.645752 0.156271 0.987714 0.000000 -47.614491 0.000000 0.000000 1.000000 0.000000
0.990621 -0.136640 0.000000 217.725304 0.136640 0.990621 0.000000 -47.437967 0.000000 0.000000 1.000000 0.000000
0.993246 -0.116028 0.000000 218.782655 0.116028 0.993246 0.000000 -47.324445 0.000000 0.000000 1.000000 0.000000
0.995405 -0.095755 0.000000 219.877223 0.095755 0.995405 0.000000 -47.174131 0.000000 0.000000 1.000000 0.000000
0.997338 -0.072921 0.000000 221.049419 0.072921 0.997338 0.000000 -47.134153 0.000000 0.000000 1.000000 0.000000
0.998698 -0.051016 0.000000 222.319018 0.051016 0.998698 0.000000 -47.051985 0.000000 0.000000 1.000000 0.000000
0.999294 -0.037568 0.000000 223.433759 0.037568 0.999294 0.000000 -47.068777 0.000000 0.000000 1.000000 0.000000
0.999591 -0.028612 0.000000 224.542238 0.028612 0.999591 0.000000 -46.997446 0.000000 0.000000 1.000000 0.000000
0.999874 -0.015896 0.000000 225.945327 0.015896 0.999874 0.000000 -47.008945 0.000000 0.000000 1.000000 0.000000
0.999999 -0.001452 0.000000 226.986864 0.001452 0.999999 0.000000 -46.977262 0.000000 0.000000 1.000000 0.000000
0.999898 0.014250 0.000000 228.004821 -0.014250 0.999898 -0.000000 -46.984220 -0.000000 0.000000 1.000000 0.000000
0.999467 0.032631 0.000000 229.262576 -0.032631 0.999467 -0.000000 -47.036518 -0.000000 0.000000 1.000000 0.000000
0.998924 0.046367 0.000000 230.268269 -0.046367 0.998924 -0.000000 -47.107346 -0.000000 0.000000 1.000000 0.000000
0.997779 0.066608 0.000000 231.553357 -0.066608 0.997779 -0.000000 -47.155346 -0.000000 0.000000 1.000000 0.000000
0.996422 0.084518 0.000000 232.442830 -0.084518 0.996422 -0.000000 -47.217625 -0.000000 0.000000 1.000000 0.000000
0.994063 0.108810 0.000000 233.544646 -0.108810 0.994063 -0.000000 -47.336602 -0.000000 0.000000 1.000000 0.000000
0.991593 0.129392 0.000000 234.434692 -0.129392 0.991593 -0.000000 -47.441735 -0.000000 0.000000 1.000000 0.000000
0.988853 0.148897 0.000000 235.435216 -0.148897 0.988853 -0.000000 -47.652609 -0.000000 0.000000 1.000000 0.000000
0.984299 0.176511 0.000000 236.385028 -0.176511 0.984299 -0.000000 -47.789087 -0.000000 0.000000 1.000000 0.000000
0.973446 0.228917 0.000000 237.448429 -0.228917 0.973446 -0.000000 -47.968330 -0.000000 0.000000 1.000000 0.000000
0.961478 0.274882 0.000000 238.189659 -0.274882 0.961478 -0.000000 -48.203281 -0.000000 0.000000 1.000000 0.000000
0.944862 0.327469 0.000000 238.919646 -0.327469 0.944862 -0.000000 -48.471986 -0.000000 0.000000 1.000000 0.000000
0.922745 0.385411 0.000000 239.687176 -0.385411 0.922745 -0.000000 -48.746754 -0.000000 0.000000 1.000000 0.000000
0.882624 0.470081 0.000000 240.669292 -0.470081 0.882624 -0.000000 -49.205133 -0.000000 0.000000 1.000000 0.000000
0.848304 0.529509 0.000000 241.365418 -0.529509 0.848304 -0.000000 -49.571483 -0.000000 0.000000 1.000000 0.000000
0.804722 0.593652 0.000000 242.109091 -0.593652 0.804722 -0.000000 -50.125067 -0.000000 0.000000 1.000000 0.000000
0.734684 0.678410 0.000000 243.016708 -0.678410 0.734684 -0.000000 -50.880817 -0.000000 0.000000 1.000000 0.000000
0.668781 0.743460 0.000000 243.840917 -0.743460 0.668781 -0.000000 -51.670186 -0.000000 0.000000 1.000000 0.000000
0.612801 0.790237 0.000000 244.528591 -0.790237 0.612801 -0.000000 -52.492021 -0.000000 0.000000 1.000000 0.000000
0.573522 0.819190 0.000000 244.995080 -0.819190 0.573522 -0.000000 -53.149151 -0.000000 0.000000 1.000000 0.000000
0.525891 0.850552 0.000000 245.428341 -0.850552 0.525891 -0.000000 -53.891024 -0.000000 0.000000 1.000000 0.000000
0.489542 0.871980 0.000000 245.858844 -0.871980 0.489542 -0.000000 -54.651825 -0.000000 0.000000 1.000000 0.000000
0.455194 0.890392 0.000000 246.275506 -0.890392 0.455194 -0.000000 -55.440158 -0.000000 0.000000 1.000000 0.000000
0.428659 0.903466 0.000000 246.640794 -0.903466 0.428659 -0.000000 -56.305989 -0.000000 0.000000 1.000000 0.000000
0.402683 0.915339 0.000000 247.069210 -0.915339 0.402683 -0.000000 -57.223132 -0.000000 0.000000 1.000000 0.000000
0.365383 0.930857 0.000000 247.548875 -0.930857 0.365383 -0.000000 -58.477668 -0.000000 0.000000 1.000000 0.000000
0.331695 0.943387 0.000000 247.933017 -0.943387 0.331695 -0.000000 -59.540632 -0.000000 0.000000 1.000000 0.000000
0.286123 0.958193 0.000000 248.310041 -0.958193 0.286123 -0.000000 -60.614621 -0.000000 0.000000 1.000000 0.000000
0.227500 0.973778 0.000000 248.718837 -0.973778 0.227500 -0.000000 -62.018082 -0.000000 0.000000 1.000000 0.000000
0.181739 0.983347 0.000000 248.940341 -0.983347 0.181739 -0.000000 -63.084159 -0.000000 0.000000 1.000000 0.000000
0.143441 0.989659 0.000000 249.100589 -0.989659 0.143441 -0.000000 -64.200489 -0.000000 0.000000 1.000000 0.000000
0.096733 0.995310 0.000000 249.308574 -0.995310 0.096733 -0.000000 -65.696743 -0.000000 0.000000 1.000000 0.000000
0.064059 0.997946 0.000000 249.392660 -0.997946 0.064059 -0.000000 -66.982299 -0.000000 0.000000 1.000000 0.000000
0.036664 0.999328 0.000000 249.463976 -0.999328 0.036664 -0.000000 -68.560547 -0.000000 0.000000 1.000000 0.000000
0.025487 0.999675 0.000000 249.533102 -0.999675 0.025487 -0.000000 -70.020380 -0.000000 0.000000 1.000000 0.000000
0.021061 0.999778 0.000000 249.549231 -0.999778 0.021061 -0.000000 -71.205500 -0.000000 0.000000 1.000000 0.000000
0.027724 0.999616 0.000000 249.570818 -0.999616 0.027724 -0.000000 -72.998995 -0.000000 0.000000 1.000000 0.000000
0.041531 0.999137 0.000000 249.588832 -0.999137 0.041531 -0.000000 -74.640746 -0.000000 0.000000 1.000000 0.000000
0.056266 0.998416 0.000000 249.621834 -0.998416 0.056266 -0.000000 -75.960532 -0.000000 0.000000 1.000000 0.000000
0.093949 0.995577 0.000000 249.747237 -0.995577 0.093949 -0.000000 -77.647043 -0.000000 0.000000 1.000000 0.000000
0.138557 0.990355 0.000000 249.863891 -0.990355 0.138557 -0.000000 -78.890914 -0.000000 0.000000 1.000000 0.000000
0.186059 0.982539 0.000000 250.091804 -0.982539 0.186059 -0.000000 -80.153537 -0.000000 0.000000 1.000000 0.000000
0.257682 0.966230 0.000000 250.457594 -0.966230 0.257682 -0.000000 -81.864646 -0.000000 0.000000 1.000000 0.000000
0.309949 0.950753 0.000000 250.843506 -0.950753 0.309949 -0.000000 -83.094604 -0.000000 0.000000 1.000000 0.000000
0.373801 0.927509 0.000000 251.376184 -0.927509 0.373801 -0.000000 -84.531861 -0.000000 0.000000 1.000000 0.000000
0.431044 0.902331 0.000000 251.890864 -0.902331 0.431044 -0.000000 -85.805267 -0.000000 0.000000 1.000000 0.000000
0.501670 0.865059 0.000000 252.698010 -0.865059 0.501670 -0.000000 -87.382838 -0.000000 0.000000 1.000000 0.000000
0.556081 0.831128 0.000000 253.408673 -0.831128 0.556081 -0.000000 -88.519209 -0.000000 0.000000 1.000000 0.000000
0.605056 0.796183 0.000000 254.514219 -0.796183 0.605056 -0.000000 -90.018638 -0.000000 0.000000 1.000000 0.000000
0.639052 0.769164 0.000000 255.352807 -0.769164 0.639052 -0.000000 -91.093547 -0.000000 0.000000 1.000000 0.000000
0.678369 0.734721 0.000000 256.581177 -0.734721 0.678369 -0.000000 -92.491616 -0.000000 0.000000 1.000000 0.000000
0.703810 0.710388 0.000000 257.895303 -0.710388 0.703810 -0.000000 -93.904323 -0.000000 0.000000 1.000000 0.000000
0.717316 0.696748 0.000000 259.084090 -0.696748 0.717316 -0.000000 -95.116621 -0.000000 0.000000 1.000000 0.000000
0.721496 0.692419 0.000000 260.164173 -0.692419 0.721496 -0.000000 -96.213057 -0.000000 0.000000 1.000000 0.000000
0.724575 0.689196 0.000000 261.980516 -0.689196 0.724575 -0.000000 -97.952694 -0.000000 0.000000 1.000000 0.000000
0.726145 0.687542 0.000000 263.455377 -0.687542 0.726145 -0.000000 -99.412187 -0.000000 0.000000 1.000000 0.000000
0.725370 0.688359 0.000000 264.609045 -0.688359 0.725370 -0.000000 -100.511705 -0.000000 0.000000 1.000000 0.000000
0.725248 0.688488 0.000000 265.699361 -0.688488 0.725248 -0.000000 -101.571859 -0.000000 0.000000 1.000000 0.000000
0.725840 0.687863 0.000000 266.771250 -0.687863 0.725840 -0.000000 -102.621937 -0.000000 0.000000 1.000000 0.000000
0.725423 0.688303 0.000000 267.908166 -0.688303 0.725423 -0.000000 -103.707382 -0.000000 0.000000 1.000000 0.000000
0.722978 0.690871 0.000000 268.967850 -0.690871 0.722978 -0.000000 -104.735753 -0.000000 0.000000 1.000000 0.000000
0.720693 0.693254 0.000000 270.270606 -0.693254 0.720693 -0.000000 -105.992512 -0.000000 0.000000 1.000000 0.000000
0.718620 0.695403 0.000000 271.399759 -0.695403 0.718620 -0.000000 -107.086321 -0.000000 0.000000 1.000000 0.000000
0.712047 0.702131 0.000000 272.555192 -0.702131 0.712047 -0.000000 -108.233813 -0.000000 0.000000 1.000000 0.000000
0.708454 0.705757 0.000000 273.657569 -0.705757 0.708454 -0.000000 -109.353676 -0.000000 0.000000 1.000000 0.000000
0.704132 0.710069 0.000000 275.129937 -0.710069 0.704132 -0.000000 -110.831620 -0.000000 0.000000 1.000000 0.000000
0.697195 0.716881 0.000000 276.240433 -0.716881 0.697195 -0.000000 -111.963769 -0.000000 0.000000 1.000000 0.000000
0.690849 0.722999 0.000000 277.356281 -0.722999 0.690849 -0.000000 -113.117226 -0.000000 0.000000 1.000000 0.000000
0.682212 0.731154 0.000000 278.669432 -0.731154 0.682212 -0.000000 -114.523935 -0.000000 0.000000 1.000000 0.000000
0.674856 0.737950 0.000000 279.777423 -0.737950 0.674856 -0.000000 -115.767774 -0.000000 0.000000 1.000000 0.000000
