1.000000 -0.000034 0.000000 2.080069 0.000034 1.000000 0.000000 -0.043678 0.000000 0.000000 1.000000 0.000000
0.999998 -0.001771 0.000000 4.308552 0.001771 0.999998 0.000000 -0.076633 0.000000 0.000000 1.000000 0.000000
0.999994 -0.003368 0.000000 6.889396 0.003368 0.999994 0.000000 -0.148035 0.000000 0.000000 1.000000 0.000000
0.999995 -0.003140 0.000000 8.824932 0.003140 0.999995 0.000000 -0.187182 0.000000 0.000000 1.000000 0.000000
0.999992 -0.003936 0.000000 10.739884 0.003936 0.999992 0.000000 -0.215874 0.000000 0.000000 1.000000 0.000000
0.999997 -0.002564 0.000000 12.635559 0.002564 0.999997 0.000000 -0.249155 0.000000 0.000000 1.000000 0.000000
0.999990 -0.004411 0.000000 14.449835 0.004411 0.999990 0.000000 -0.273601 0.000000 0.000000 1.000000 0.000000
0.999982 -0.006049 0.000000 16.328268 0.006049 0.999982 0.000000 -0.301916 0.000000 0.000000 1.000000 0.000000
0.999971 -0.007610 0.000000 18.160224 0.007610 0.999971 0.000000 -0.319059 0.000000 0.000000 1.000000 0.000000
0.999963 -0.008568 0.000000 20.034407 0.008568 0.999963 0.000000 -0.330628 0.000000 0.000000 1.000000 0.000000
0.999979 -0.006404 0.000000 21.855472 0.006404 0.999979 0.000000 -0.349670 0.000000 0.000000 1.000000 0.000000
0.999939 -0.011011 0.000000 23.773742 0.011011 0.999939 0.000000 -0.379910 0.000000 0.000000 1.000000 0.000000
0.999953 -0.009652 0.000000 25.647718 0.009652 0.999953 0.000000 -0.390065 0.000000 0.000000 1.000000 0.000000
0.999967 -0.008106 0.000000 27.513670 0.008106 0.999967 0.000000 -0.417576 0.000000 0.000000 1.000000 0.000000
0.999933 -0.011593 0.000000 29.602656 0.011593 0.999933 0.000000 -0.445179 0.000000 0.000000 1.000000 0.000000
0.999947 -0.010314 0.000000 31.537800 0.010314 0.999947 0.000000 -0.435082 0.000000 0.000000 1.000000 0.000000
0.999954 -0.009600 0.000000 33.512568 0.009600 0.999954 0.000000 -0.447279 0.000000 0.000000 1.000000 0.000000
0.999967 -0.008170 0.000000 35.392602 0.008170 0.999967 0.000000 -0.471023 0.000000 0.000000 1.000000 0.000000
0.999970 -0.007768 0.000000 37.353775 0.007768 0.999970 0.000000 -0.502346 0.000000 0.000000 1.000000 0.000000
0.999978 -0.006640 0.000000 39.222679 0.006640 0.999978 0.000000 -0.516592 0.000000 0.000000 1.000000 0.000000
0.999970 -0.007776 0.000000 41.119960 0.007776 0.999970 0.000000 -0.532976 0.000000 0.000000 1.000000 0.000000
0.999989 -0.004768 0.000000 43.056471 0.004768 0.999989 0.000000 -0.555815 0.000000 0.000000 1.000000 0.000000
0.999995 -0.003252 0.000000 44.981773 0.003252 0.999995 0.000000 -0.557162 0.000000 0.000000 1.000000 0.000000
0.999992 -0.004034 0.000000 46.937006 0.004034 0.999992 0.000000 -0.577021 0.000000 0.000000 1.000000 0.000000
0.999968 -0.007960 0.000000 48.896690 0.007960 0.999968 0.000000 -0.617230 0.000000 0.000000 1.000000 0.000000
0.999985 -0.005449 0.000000 50.827040 0.005449 0.999985 0.000000 -0.624694 0.000000 0.000000 1.000000 0.000000
0.999944 -0.010588 0.000000 52.757724 0.010588 0.999944 0.000000 -0.653431 0.000000 0.000000 1.000000 0.000000
0.999963 -0.008620 0.000000 55.090076 0.008620 0.999963 0.000000 -0.693706 0.000000 0.000000 1.000000 0.000000
0.999930 -0.011819 0.000000 57.024442 0.011819 0.999930 0.000000 -0.719963 0.000000 0.000000 1.000000 0.000000
0.999911 -0.013371 0.000000 59.692815 0.013371 0.999911 0.000000 -0.709524 0.000000 0.000000 1.000000 0.000000
0.999926 -0.012175 0.000000 61.590710 0.012175 0.999926 0.000000 -0.686992 0.000000 0.000000 1.000000 0.000000
0.999964 -0.008534 0.000000 63.528336 0.008534 0.999964 0.000000 -0.692655 0.000000 0.000000 1.000000 0.000000
0.999961 -0.008799 0.000000 65.311314 0.008799 0.999961 0.000000 -0.697458 0.000000 0.000000 1.000000 0.000000
0.999969 -0.007902 0.000000 67.156401 0.007902 0.999969 0.000000 -0.711232 0.000000 0.000000 1.000000 0.000000
0.999955 -0.009519 0.000000 68.932987 0.009519 0.999955 0.000000 -0.735737 0.000000 0.000000 1.000000 0.000000
0.999971 -0.007564 0.000000 70.708319 0.007564 0.999971 0.000000 -0.741411 0.000000 0.000000 1.000000 0.000000
0.999963 -0.008647 0.000000 72.744932 0.008647 0.999963 0.000000 -0.769284 0.000000 0.000000 1.000000 0.000000
0.999946 -0.010374 0.000000 74.518957 0.010374 0.999946 0.000000 -0.780025 0.000000 0.000000 1.000000 0.000000
0.999940 -0.010992 0.000000 76.348375 0.010992 0.999940 0.000000 -0.786065 0.000000 0.000000 1.000000 0.000000
0.999940 -0.010964 0.000000 78.722696 0.010964 0.999940 0.000000 -0.803351 0.000000 0.000000 1.000000 0.000000
0.999944 -0.010565 0.000000 80.508657 0.010565 0.999944 0.000000 -0.832222 0.000000 0.000000 1.000000 0.000000
0.999920 -0.012673 0.000000 82.127690 0.012673 0.999920 0.000000 -0.811312 0.000000 0.000000 1.000000 0.000000
0.999943 -0.010647 0.000000 83.827069 0.010647 0.999943 0.000000 -0.799302 0.000000 0.000000 1.000000 0.000000
0.999965 -0.008378 0.000000 85.456075 0.008378 0.999965 0.000000 -0.810749 0.000000 0.000000 1.000000 0.000000
0.999989 -0.004588 0.000000 87.029288 0.004588 0.999989 0.000000 -0.784897 0.000000 0.000000 1.000000 0.000000
0.999986 -0.005357 0.000000 88.585886 0.005357 0.999986 0.000000 -0.792311 0.000000 0.000000 1.000000 0.000000
0.999998 -0.001886 0.000000 90.131318 0.001886 0.999998 0.000000 -0.833587 0.000000 0.000000 1.000000 0.000000
0.999994 0.003328 0.000000 91.663988 -0.003328 0.999994 -0.000000 -0.881600 -0.000000 0.000000 1.000000 0.000000
0.999969 0.007853 0.000000 93.162499 -0.007853 0.999969 -0.000000 -0.930244 -0.000000 0.000000 1.000000 0.000000
0.999899 0.014229 0.000000 94.830908 -0.014229 0.999899 -0.000000 -0.972218 -0.000000 0.000000 1.000000 0.000000
0.999873 0.015921 0.000000 96.305736 -0.015921 0.999873 -0.000000 -1.004812 -0.000000 0.000000 1.000000 0.000000
0.999706 0.024239 0.000000 98.207727 -0.024239 0.999706 -0.000000 -1.094321 -0.000000 0.000000 1.000000 0.000000
0.999484 0.032106 0.000000 99.594349 -0.032106 0.999484 -0.000000 -1.177803 -0.000000 0.000000 1.000000 0.000000
0.999089 0.042681 0.000000 100.974012 -0.042681 0.999089 -0.000000 -1.249214 -0.000000 0.000000 1.000000 0.000000
0.998764 0.049698 0.000000 102.355987 -0.049698 0.998764 -0.000000 -1.337250 -0.000000 0.000000 1.000000 0.000000
0.998328 0.057799 0.000000 103.631548 -0.057799 0.998328 -0.000000 -1.449671 -0.000000 0.000000 1.000000 0.000000
0.997322 0.073141 0.000000 104.899006 -0.073141 0.997322 -0.000000 -1.561600 -0.000000 0.000000 1.000000 0.000000
0.996435 0.084368 0.000000 106.173776 -0.084368 0.996435 -0.000000 -1.703676 -0.000000 0.000000 1.000000 0.000000
0.995163 0.098238 0.000000 107.400308 -0.098238 0.995163 -0.000000 -1.838811 -0.000000 0.000000 1.000000 0.000000
0.994473 0.104995 0.000000 108.581086 -0.104995 0.994473 -0.000000 -1.964160 -0.000000 0.000000 1.000000 0.000000
0.993149 0.116856 0.000000 109.997156 -0.116856 0.993149 -0.000000 -2.152056 -0.000000 0.000000 1.000000 0.000000
0.992314 0.123746 0.000000 111.263425 -0.123746 0.992314 -0.000000 -2.331638 -0.000000 0.000000 1.000000 0.000000
0.991900 0.127019 0.000000 112.535404 -0.127019 0.991900 -0.000000 -2.538955 -0.000000 0.000000 1.000000 0.000000
0.991126 0.132924 0.000000 114.104632 -0.132924 0.991126 -0.000000 -2.794734 -0.000000 0.000000 1.000000 0.000000
0.991124 0.132939 0.000000 115.423516 -0.132939 0.991124 -0.000000 -2.995742 -0.000000 0.000000 1.000000 0.000000
0.990675 0.136244 0.000000 116.746116 -0.136244 0.990675 -0.000000 -3.191516 -0.000000 0.000000 1.000000 0.000000
0.989679 0.143299 0.000000 118.071664 -0.143299 0.989679 -0.000000 -3.392371 -0.000000 0.000000 1.000000 0.000000
0.989298 0.145912 0.000000 119.790412 -0.145912 0.989298 -0.000000 -3.664136 -0.000000 0.000000 1.000000 0.000000
0.988395 0.151903 0.000000 121.181914 -0.151903 0.988395 -0.000000 -3.901063 -0.000000 0.000000 1.000000 0.000000
0.987485 0.157715 0.000000 122.651757 -0.157715 0.987485 -0.000000 -4.162671 -0.000000 0.000000 1.000000 0.000000
0.987212 0.159413 0.000000 124.073602 -0.159413 0.987212 -0.000000 -4.429609 -0.000000 0.000000 1.000000 0.000000
0.986431 0.164179 0.000000 125.492818 -0.164179 0.986431 -0.000000 -4.694463 -0.000000 0.000000 1.000000 0.000000
0.985389 0.170316 0.000000 126.905016 -0.170316 0.985389 -0.000000 -4.981035 -0.000000 0.000000 1.000000 0.000000
0.985048 0.172280 0.000000 128.329836 -0.172280 0.985048 -0.000000 -5.250231 -0.000000 0.000000 1.000000 0.000000
0.986358 0.164613 0.000000 130.594317 -0.164613 0.986358 -0.000000 -5.679494 -0.000000 0.000000 1.000000 0.000000
0.984652 0.174532 0.000000 132.040032 -0.174532 0.984652 -0.000000 -5.944530 -0.000000 0.000000 1.000000 0.000000
0.984640 0.174599 0.000000 133.542111 -0.174599 0.984640 -0.000000 -6.231708 -0.000000 0.000000 1.000000 0.000000
0.984420 0.175830 0.000000 135.038835 -0.175830 0.984420 -0.000000 -6.535552 -0.000000 0.000000 1.000000 0.000000
0.984419 0.175837 0.000000 136.551360 -0.175837 0.984419 -0.000000 -6.793871 -0.000000 0.000000 1.000000 0.000000
0.983870 0.178884 0.000000 138.135585 -0.178884 0.983870 -0.000000 -7.107408 -0.000000 0.000000 1.000000 0.000000
0.983012 0.183543 0.000000 139.825154 -0.183543 0.983012 -0.000000 -7.416970 -0.000000 0.000000 1.000000 0.000000
0.981464 0.191644 0.000000 141.428448 -0.191644 0.981464 -0.000000 -7.765091 -0.000000 0.000000 1.000000 0.000000
0.980082 0.198594 0.000000 146.971658 -0.198594 0.980082 -0.000000 -9.004094 -0.000000 0.000000 1.000000 0.000000
0.979214 0.202829 0.000000 149.177413 -0.202829 0.979214 -0.000000 -9.501185 -0.000000 0.000000 1.000000 0.000000
0.980252 0.197751 0.000000 150.904839 -0.197751 0.980252 -0.000000 -9.927690 -0.000000 0.000000 1.000000 0.000000
0.980094 0.198536 0.000000 152.627358 -0.198536 0.980094 -0.000000 -10.322159 -0.000000 0.000000 1.000000 0.000000
0.980830 0.194863 0.000000 154.706639 -0.194863 0.980830 -0.000000 -10.797540 -0.000000 0.000000 1.000000 0.000000
0.980630 0.195871 0.000000 156.438026 -0.195871 0.980630 -0.000000 -11.194058 -0.000000 0.000000 1.000000 0.000000
0.981332 0.192321 0.000000 158.184796 -0.192321 0.981332 -0.000000 -11.615393 -0.000000 0.000000 1.000000 0.000000
0.982050 0.188619 0.000000 159.908698 -0.188619 0.982050 -0.000000 -11.983054 -0.000000 0.000000 1.000000 0.000000
0.982694 0.185235 0.000000 161.634352 -0.185235 0.982694 -0.000000 -12.343305 -0.000000 0.000000 1.000000 0.000000
0.982595 0.185759 0.000000 163.901895 -0.185759 0.982595 -0.000000 -12.833701 -0.000000 0.000000 1.000000 0.000000
0.982599 0.185741 0.000000 165.588211 -0.185741 0.982599 -0.000000 -13.180098 -0.000000 0.000000 1.000000 0.000000
0.982803 0.184656 0.000000 167.843330 -0.184656 0.982803 -0.000000 -13.630372 -0.000000 0.000000 1.000000 0.000000
0.983169 0.182698 0.000000 169.548139 -0.182698 0.983169 -0.000000 -13.959224 -0.000000 0.000000 1.000000 0.000000
0.982906 0.184106 0.000000 171.486880 -0.184106 0.982906 -0.000000 -14.361855 -0.000000 0.000000 1.000000 0.000000
0.983484 0.180993 0.000000 173.274536 -0.180993 0.983484 -0.000000 -14.692936 -0.000000 0.000000 1.000000 0.000000
0.982753 0.184923 0.000000 175.030896 -0.184923 0.982753 -0.000000 -15.013748 -0.000000 0.000000 1.000000 0.000000
0.983341 0.181772 0.000000 176.779864 -0.181772 0.983341 -0.000000 -15.363751 -0.000000 0.000000 1.000000 0.000000
0.983952 0.178432 0.000000 178.515855 -0.178432 0.983952 -0.000000 -15.704129 -0.000000 0.000000 1.000000 0.000000
0.983689 0.179879 0.000000 180.188410 -0.179879 0.983689 -0.000000 -16.063891 -0.000000 0.000000 1.000000 0.000000
0.984196 0.177084 0.000000 181.947516 -0.177084 0.984196 -0.000000 -16.391716 -0.000000 0.000000 1.000000 0.000000
0.983136 0.182874 0.000000 183.673093 -0.182874 0.983136 -0.000000 -16.714821 -0.000000 0.000000 1.000000 0.000000
0.984148 0.177347 0.000000 185.432770 -0.177347 0.984148 -0.000000 -17.072943 -0.000000 0.000000 1.000000 0.000000
0.984395 0.175973 0.000000 187.194129 -0.175973 0.984395 -0.000000 -17.434535 -0.000000 0.000000 1.000000 0.000000
0.984240 0.176840 0.000000 188.940948 -0.176840 0.984240 -0.000000 -17.732056 -0.000000 0.000000 1.000000 0.000000
0.984523 0.175257 0.000000 190.667922 -0.175257 0.984523 -0.000000 -18.085438 -0.000000 0.000000 1.000000 0.000000
0.985244 0.171157 0.000000 192.374677 -0.171157 0.985244 -0.000000 -18.436650 -0.000000 0.000000 1.000000 0.000000
0.985113 0.171910 0.000000 194.056193 -0.171910 0.985113 -0.000000 -18.735658 -0.000000 0.000000 1.000000 0.000000
0.985080 0.172098 0.000000 196.070135 -0.172098 0.985080 -0.000000 -19.115486 -0.000000 0.000000 1.000000 0.000000
0.985393 0.170294 0.000000 197.822339 -0.170294 0.985393 -0.000000 -19.448222 -0.000000 0.000000 1.000000 0.000000
0.985940 0.167099 0.000000 199.544276 -0.167099 0.985940 -0.000000 -19.771515 -0.000000 0.000000 1.000000 0.000000
0.985633 0.168901 0.000000 201.652361 -0.168901 0.985633 -0.000000 -20.182836 -0.000000 0.000000 1.000000 0.000000
0.985891 0.167389 0.000000 203.652164 -0.167389 0.985891 -0.000000 -20.553107 -0.000000 0.000000 1.000000 0.000000
0.986079 0.166279 0.000000 205.858459 -0.166279 0.986079 -0.000000 -20.962941 -0.000000 0.000000 1.000000 0.000000
0.986248 0.165275 0.000000 207.579039 -0.165275 0.986248 -0.000000 -21.274242 -0.000000 0.000000 1.000000 0.000000
0.986243 0.165302 0.000000 209.551575 -0.165302 0.986243 -0.000000 -21.648311 -0.000000 0.000000 1.000000 0.000000
0.986464 0.163980 0.000000 211.331593 -0.163980 0.986464 -0.000000 -21.979415 -0.000000 0.000000 1.000000 0.000000
0.986180 0.165678 0.000000 213.059646 -0.165678 0.986180 -0.000000 -22.322157 -0.000000 0.000000 1.000000 0.000000
0.986127 0.165993 0.000000 214.797074 -0.165993 0.986127 -0.000000 -22.644080 -0.000000 0.000000 1.000000 0.000000
0.986243 0.165300 0.000000 216.426514 -0.165300 0.986243 -0.000000 -22.944468 -0.000000 0.000000 1.000000 0.000000
0.985650 0.168802 0.000000 218.186294 -0.168802 0.985650 -0.000000 -23.269326 -0.000000 0.000000 1.000000 0.000000
0.987060 0.160354 0.000000 219.952500 -0.160354 0.987060 -0.000000 -23.571733 -0.000000 0.000000 1.000000 0.000000
0.987392 0.158293 0.000000 221.615746 -0.158293 0.987392 -0.000000 -23.857781 -0.000000 0.000000 1.000000 0.000000
0.988035 0.154230 0.000000 223.268682 -0.154230 0.988035 -0.000000 -24.156071 -0.000000 0.000000 1.000000 0.000000
0.988887 0.148670 0.000000 225.453987 -0.148670 0.988887 -0.000000 -24.554107 -0.000000 0.000000 1.000000 0.000000
0.988810 0.149182 0.000000 227.105422 -0.149182 0.988810 -0.000000 -24.831485 -0.000000 0.000000 1.000000 0.000000
0.989321 0.145756 0.000000 228.637890 -0.145756 0.989321 -0.000000 -25.105320 -0.000000 0.000000 1.000000 0.000000
0.989591 0.143911 0.000000 230.245215 -0.143911 0.989591 -0.000000 -25.372495 -0.000000 0.000000 1.000000 0.000000
0.990309 0.138884 0.000000 231.844791 -0.138884 0.990309 -0.000000 -25.648581 -0.000000 0.000000 1.000000 0.000000
0.990682 0.136197 0.000000 233.661542 -0.136197 0.990682 -0.000000 -25.932928 -0.000000 0.000000 1.000000 0.000000
0.991038 0.133578 0.000000 235.241201 -0.133578 0.991038 -0.000000 -26.186688 -0.000000 0.000000 1.000000 0.000000
0.991878 0.127197 0.000000 237.261121 -0.127197 0.991878 -0.000000 -26.502694 -0.000000 0.000000 1.000000 0.000000
0.991503 0.130087 0.000000 238.805302 -0.130087 0.991503 -0.000000 -26.738875 -0.000000 0.000000 1.000000 0.000000
0.991847 0.127438 0.000000 240.394744 -0.127438 0.991847 -0.000000 -26.965094 -0.000000 0.000000 1.000000 0.000000
0.991716 0.128448 0.000000 241.989522 -0.128448 0.991716 -0.000000 -27.209934 -0.000000 0.000000 1.000000 0.000000
0.992033 0.125979 0.000000 243.590485 -0.125979 0.992033 -0.000000 -27.472435 -0.000000 0.000000 1.000000 0.000000
0.991935 0.126751 0.000000 245.161864 -0.126751 0.991935 -0.000000 -27.707933 -0.000000 0.000000 1.000000 0.000000
0.992197 0.124683 0.000000 246.726214 -0.124683 0.992197 -0.000000 -27.948404 -0.000000 0.000000 1.000000 0.000000
0.992137 0.125156 0.000000 248.299089 -0.125156 0.992137 -0.000000 -28.172152 -0.000000 0.000000 1.000000 0.000000
0.992062 0.125753 0.000000 249.887800 -0.125753 0.992062 -0.000000 -28.402611 -0.000000 0.000000 1.000000 0.000000
0.991709 0.128505 0.000000 251.478713 -0.128505 0.991709 -0.000000 -28.624173 -0.000000 0.000000 1.000000 0.000000
0.990677 0.136230 0.000000 253.521630 -0.136230 0.990677 -0.000000 -28.937034 -0.000000 0.000000 1.000000 0.000000
0.991304 0.131590 0.000000 255.811943 -0.131590 0.991304 -0.000000 -29.311018 -0.000000 0.000000 1.000000 0.000000
0.990663 0.136331 0.000000 257.262541 -0.136331 0.990663 -0.000000 -29.527652 -0.000000 0.000000 1.000000 0.000000
0.989999 0.141076 0.000000 258.776405 -0.141076 0.989999 -0.000000 -29.774363 -0.000000 0.000000 1.000000 0.000000
0.990547 0.137171 0.000000 260.344084 -0.137171 0.990547 -0.000000 -30.039713 -0.000000 0.000000 1.000000 0.000000
0.989548 0.144207 0.000000 261.784631 -0.144207 0.989548 -0.000000 -30.239044 -0.000000 0.000000 1.000000 0.000000
0.989599 0.143854 0.000000 263.254510 -0.143854 0.989599 -0.000000 -30.473100 -0.000000 0.000000 1.000000 0.000000
0.988628 0.150381 0.000000 264.760896 -0.150381 0.988628 -0.000000 -30.747296 -0.000000 0.000000 1.000000 0.000000
0.988687 0.149994 0.000000 266.200438 -0.149994 0.988687 -0.000000 -30.992626 -0.000000 0.000000 1.000000 0.000000
0.987952 0.154761 0.000000 267.557863 -0.154761 0.987952 -0.000000 -31.247558 -0.000000 0.000000 1.000000 0.000000
0.987954 0.154751 0.000000 268.917263 -0.154751 0.987954 -0.000000 -31.486449 -0.000000 0.000000 1.000000 0.000000
0.987856 0.155375 0.000000 270.262911 -0.155375 0.987856 -0.000000 -31.727316 -0.000000 0.000000 1.000000 0.000000
0.987455 0.157901 0.000000 271.719200 -0.157901 0.987455 -0.000000 -31.941527 -0.000000 0.000000 1.000000 0.000000
0.987857 0.155368 0.000000 272.921838 -0.155368 0.987857 -0.000000 -32.152454 -0.000000 0.000000 1.000000 0.000000
0.987617 0.156885 0.000000 274.131997 -0.156885 0.987617 -0.000000 -32.352609 -0.000000 0.000000 1.000000 0.000000
0.987720 0.156232 0.000000 275.296665 -0.156232 0.987720 -0.000000 -32.559694 -0.000000 0.000000 1.000000 0.000000
0.987706 0.156326 0.000000 276.444504 -0.156326 0.987706 -0.000000 -32.757310 -0.000000 0.000000 1.000000 0.000000
0.987754 0.156019 0.000000 277.514981 -0.156019 0.987754 -0.000000 -32.912607 -0.000000 0.000000 1.000000 0.000000
0.987747 0.156067 0.000000 278.942621 -0.156067 0.987747 -0.000000 -33.159931 -0.000000 0.000000 1.000000 0.000000
0.987615 0.156898 0.000000 279.908282 -0.156898 0.987615 -0.000000 -33.354509 -0.000000 0.000000 1.000000 0.000000
0.987293 0.158910 0.000000 281.131746 -0.158910 0.987293 -0.000000 -33.562025 -0.000000 0.000000 1.000000 0.000000
0.987564 0.157220 0.000000 281.959973 -0.157220 0.987564 -0.000000 -33.738544 -0.000000 0.000000 1.000000 0.000000
0.986722 0.162416 0.000000 285.007062 -0.162416 0.986722 -0.000000 -34.242121 -0.000000 0.000000 1.000000 0.000000
0.987149 0.159800 0.000000 285.971719 -0.159800 0.987149 -0.000000 -34.426069 -0.000000 0.000000 1.000000 0.000000
0.987047 0.160430 0.000000 286.599038 -0.160430 0.987047 -0.000000 -34.559898 -0.000000 0.000000 1.000000 0.000000
0.986786 0.162030 0.000000 287.202954 -0.162030 0.986786 -0.000000 -34.674592 -0.000000 0.000000 1.000000 0.000000
0.986652 0.162845 0.000000 287.794082 -0.162845 0.986652 -0.000000 -34.772974 -0.000000 0.000000 1.000000 0.000000
0.986978 0.160854 0.000000 288.389819 -0.160854 0.986978 -0.000000 -34.885727 -0.000000 0.000000 1.000000 0.000000
0.986541 0.163513 0.000000 288.967006 -0.163513 0.986541 -0.000000 -34.979574 -0.000000 0.000000 1.000000 0.000000
0.986202 0.165548 0.000000 289.504879 -0.165548 0.986202 -0.000000 -35.055277 -0.000000 0.000000 1.000000 0.000000
0.986862 0.161563 0.000000 290.070852 -0.161563 0.986862 -0.000000 -35.169622 -0.000000 0.000000 1.000000 0.000000
0.986683 0.162657 0.000000 290.581497 -0.162657 0.986683 -0.000000 -35.235904 -0.000000 0.000000 1.000000 0.000000
0.986646 0.162881 0.000000 290.879867 -0.162881 0.986646 -0.000000 -35.292619 -0.000000 0.000000 1.000000 0.000000
0.986859 0.161585 0.000000 291.079330 -0.161585 0.986859 -0.000000 -35.330893 -0.000000 0.000000 1.000000 0.000000
0.986537 0.163541 0.000000 291.270784 -0.163541 0.986537 -0.000000 -35.366905 -0.000000 0.000000 1.000000 0.000000
0.986628 0.162991 0.000000 291.285343 -0.162991 0.986628 -0.000000 -35.363135 -0.000000 0.000000 1.000000 0.000000
0.986650 0.162856 0.000000 291.277492 -0.162856 0.986650 -0.000000 -35.359585 -0.000000 0.000000 1.000000 0.000000
0.986627 0.162995 0.000000 291.279099 -0.162995 0.986627 -0.000000 -35.354565 -0.000000 0.000000 1.000000 0.000000
0.986599 0.163165 0.000000 291.279003 -0.163165 0.986599 -0.000000 -35.353701 -0.000000 0.000000 1.000000 0.000000
0.986623 0.163017 0.000000 291.278681 -0.163017 0.986623 -0.000000 -35.353276 -0.000000 0.000000 1.000000 0.000000
0.986646 0.162877 0.000000 291.278682 -0.162877 0.986646 -0.000000 -35.353345 -0.000000 0.000000 1.000000 0.000000
0.986672 0.162719 0.000000 291.279944 -0.162719 0.986672 -0.000000 -35.354997 -0.000000 0.000000 1.000000 0.000000
0.986635 0.162947 0.000000 291.279488 -0.162947 0.986635 -0.000000 -35.354306 -0.000000 0.000000 1.000000 0.000000
0.986659 0.162802 0.000000 291.279639 -0.162802 0.986659 -0.000000 -35.354260 -0.000000 0.000000 1.000000 0.000000
0.986678 0.162688 0.000000 291.280070 -0.162688 0.986678 -0.000000 -35.354863 -0.000000 0.000000 1.000000 0.000000
0.986661 0.162786 0.000000 291.281273 -0.162786 0.986661 -0.000000 -35.355138 -0.000000 0.000000 1.000000 0.000000
0.986641 0.162907 0.000000 291.281509 -0.162907 0.986641 -0.000000 -35.355362 -0.000000 0.000000 1.000000 0.000000
0.986636 0.162941 0.000000 291.282961 -0.162941 0.986636 -0.000000 -35.355093 -0.000000 0.000000 1.000000 0.000000
0.986637 0.162934 0.000000 291.282139 -0.162934 0.986637 -0.000000 -35.356210 -0.000000 0.000000 1.000000 0.000000
0.986617 0.163053 0.000000 291.281873 -0.163053 0.986617 -0.000000 -35.355540 -0.000000 0.000000 1.000000 0.000000
0.986564 0.163373 0.000000 291.282559 -0.163373 0.986564 -0.000000 -35.355877 -0.000000 0.000000 1.000000 0.000000
0.986554 0.163437 0.000000 291.281785 -0.163437 0.986554 -0.000000 -35.358445 -0.000000 0.000000 1.000000 0.000000
0.986694 0.162590 0.000000 291.280320 -0.162590 0.986694 -0.000000 -35.360026 -0.000000 0.000000 1.000000 0.000000
0.986774 0.162101 0.000000 291.279248 -0.162101 0.986774 -0.000000 -35.362534 -0.000000 0.000000 1.000000 0.000000
0.986787 0.162023 0.000000 291.279267 -0.162023 0.986787 -0.000000 -35.364294 -0.000000 0.000000 1.000000 0.000000
0.986893 0.161375 0.000000 291.279450 -0.161375 0.986893 -0.000000 -35.367667 -0.000000 0.000000 1.000000 0.000000
0.986801 0.161938 0.000000 291.281512 -0.161938 0.986801 -0.000000 -35.366289 -0.000000 0.000000 1.000000 0.000000
0.986820 0.161821 0.000000 291.281197 -0.161821 0.986820 -0.000000 -35.366679 -0.000000 0.000000 1.000000 0.000000
0.986804 0.161922 0.000000 291.282177 -0.161922 0.986804 -0.000000 -35.365521 -0.000000 0.000000 1.000000 0.000000
0.986792 0.161992 0.000000 291.282354 -0.161992 0.986792 -0.000000 -35.365622 -0.000000 0.000000 1.000000 0.000000
0.986806 0.161909 0.000000 291.283089 -0.161909 0.986806 -0.000000 -35.365616 -0.000000 0.000000 1.000000 0.000000
0.986759 0.162195 0.000000 291.283634 -0.162195 0.986759 -0.000000 -35.365423 -0.000000 0.000000 1.000000 0.000000
0.986757 0.162207 0.000000 291.283267 -0.162207 0.986757 -0.000000 -35.366363 -0.000000 0.000000 1.000000 0.000000
0.986776 0.162091 0.000000 291.283298 -0.162091 0.986776 -0.000000 -35.366464 -0.000000 0.000000 1.000000 0.000000
0.986777 0.162086 0.000000 291.283409 -0.162086 0.986777 -0.000000 -35.366508 -0.000000 0.000000 1.000000 0.000000
0.986771 0.162118 0.000000 291.283412 -0.162118 0.986771 -0.000000 -35.366524 -0.000000 0.000000 1.000000 0.000000
0.986742 0.162297 0.000000 291.283625 -0.162297 0.986742 -0.000000 -35.366448 -0.000000 0.000000 1.000000 0.000000
0.986720 0.162429 0.000000 291.284016 -0.162429 0.986720 -0.000000 -35.366266 -0.000000 0.000000 1.000000 0.000000
0.986679 0.162678 0.000000 291.284353 -0.162678 0.986679 -0.000000 -35.365763 -0.000000 0.000000 1.000000 0.000000
0.986670 0.162733 0.000000 291.284934 -0.162733 0.986670 -0.000000 -35.365390 -0.000000 0.000000 1.000000 0.000000
0.986666 0.162761 0.000000 291.285223 -0.162761 0.986666 -0.000000 -35.365344 -0.000000 0.000000 1.000000 0.000000
0.986679 0.162681 0.000000 291.284658 -0.162681 0.986679 -0.000000 -35.365480 -0.000000 0.000000 1.000000 0.000000
0.986674 0.162708 0.000000 291.284672 -0.162708 0.986674 -0.000000 -35.365109 -0.000000 0.000000 1.000000 0.000000
0.986686 0.162635 0.000000 291.284686 -0.162635 0.986686 -0.000000 -35.364780 -0.000000 0.000000 1.000000 0.000000
0.986687 0.162631 0.000000 291.284581 -0.162631 0.986687 -0.000000 -35.364755 -0.000000 0.000000 1.000000 0.000000
0.986692 0.162603 0.000000 291.284214 -0.162603 0.986692 -0.000000 -35.364642 -0.000000 0.000000 1.000000 0.000000
0.986698 0.162567 0.000000 291.284152 -0.162567 0.986698 -0.000000 -35.364662 -0.000000 0.000000 1.000000 0.000000
0.986701 0.162547 0.000000 291.284300 -0.162547 0.986701 -0.000000 -35.364454 -0.000000 0.000000 1.000000 0.000000
0.986689 0.162617 0.000000 291.284395 -0.162617 0.986689 -0.000000 -35.365189 -0.000000 0.000000 1.000000 0.000000
0.986673 0.162718 0.000000 291.284434 -0.162718 0.986673 -0.000000 -35.365021 -0.000000 0.000000 1.000000 0.000000
0.986642 0.162906 0.000000 291.284541 -0.162906 0.986642 -0.000000 -35.364768 -0.000000 0.000000 1.000000 0.000000
0.986626 0.162999 0.000000 291.284608 -0.162999 0.986626 -0.000000 -35.364484 -0.000000 0.000000 1.000000 0.000000
0.986617 0.163056 0.000000 291.284495 -0.163056 0.986617 -0.000000 -35.364322 -0.000000 0.000000 1.000000 0.000000
0.986602 0.163146 0.000000 291.283747 -0.163146 0.986602 -0.000000 -35.365741 -0.000000 0.000000 1.000000 0.000000
0.986602 0.163145 0.000000 291.285141 -0.163145 0.986602 -0.000000 -35.366171 -0.000000 0.000000 1.000000 0.000000
0.986585 0.163251 0.000000 291.285384 -0.163251 0.986585 -0.000000 -35.366203 -0.000000 0.000000 1.000000 0.000000
0.986583 0.163261 0.000000 291.285455 -0.163261 0.986583 -0.000000 -35.365083 -0.000000 0.000000 1.000000 0.000000
0.986639 0.162919 0.000000 291.283549 -0.162919 0.986639 -0.000000 -35.367952 -0.000000 0.000000 1.000000 0.000000
0.986651 0.162851 0.000000 291.283432 -0.162851 0.986651 -0.000000 -35.368901 -0.000000 0.000000 1.000000 0.000000
0.986645 0.162888 0.000000 291.283845 -0.162888 0.986645 -0.000000 -35.368786 -0.000000 0.000000 1.000000 0.000000
0.986645 0.162884 0.000000 291.283961 -0.162884 0.986645 -0.000000 -35.368673 -0.000000 0.000000 1.000000 0.000000
0.986586 0.163240 0.000000 291.282984 -0.163240 0.986586 -0.000000 -35.368512 -0.000000 0.000000 1.000000 0.000000
0.986590 0.163221 0.000000 291.282050 -0.163221 0.986590 -0.000000 -35.366703 -0.000000 0.000000 1.000000 0.000000
0.986596 0.163182 0.000000 291.283683 -0.163182 0.986596 -0.000000 -35.365978 -0.000000 0.000000 1.000000 0.000000
0.986564 0.163377 0.000000 291.284024 -0.163377 0.986564 -0.000000 -35.364869 -0.000000 0.000000 1.000000 0.000000
0.986564 0.163378 0.000000 291.283116 -0.163378 0.986564 -0.000000 -35.364711 -0.000000 0.000000 1.000000 0.000000
0.986582 0.163268 0.000000 291.282756 -0.163268 0.986582 -0.000000 -35.364890 -0.000000 0.000000 1.000000 0.000000
0.986606 0.163120 0.000000 291.282402 -0.163120 0.986606 -0.000000 -35.364777 -0.000000 0.000000 1.000000 0.000000
0.986610 0.163097 0.000000 291.284095 -0.163097 0.986610 -0.000000 -35.364840 -0.000000 0.000000 1.000000 0.000000
0.986652 0.162844 0.000000 291.283540 -0.162844 0.986652 -0.000000 -35.365949 -0.000000 0.000000 1.000000 0.000000
0.986615 0.163070 0.000000 291.283673 -0.163070 0.986615 -0.000000 -35.365274 -0.000000 0.000000 1.000000 0.000000
