0.999719 0.023682 0.001237 6.701266 -0.023684 0.999718 0.001552 -0.109137 -0.001199 -0.001581 0.999998 0.097992
0.999424 0.033581 0.004992 8.472676 -0.033595 0.999432 0.002757 -0.175235 -0.004897 -0.002923 0.999984 0.124965
0.998862 0.047699 0.000133 10.426357 -0.047699 0.998857 0.003050 -0.270001 0.000013 -0.003053 0.999995 0.155343
0.997948 0.064010 -0.001434 12.147312 -0.064006 0.997946 0.002705 -0.379097 0.001604 -0.002608 0.999995 0.182838
0.996457 0.084049 -0.002877 14.015992 -0.084045 0.996461 0.001458 -0.529588 0.002989 -0.001211 0.999995 0.213614
0.993748 0.111403 -0.007365 16.329168 -0.111389 0.993774 0.002273 -0.772205 0.007572 -0.001439 0.999970 0.253329
0.990756 0.135398 -0.008343 17.971868 -0.135377 0.990790 0.003003 -0.989473 0.008673 -0.001846 0.999961 0.282826
0.987603 0.156404 -0.013354 19.626277 -0.156447 0.987684 -0.002186 -1.244919 0.012848 0.004248 0.999908 0.313586
0.983809 0.178930 -0.010186 21.478410 -0.178965 0.983852 -0.002712 -1.563933 0.009536 0.004491 0.999944 0.348971
0.979792 0.199544 -0.013795 23.149135 -0.199615 0.979866 -0.003963 -1.893613 0.012726 0.006637 0.999897 0.382095
0.975097 0.221220 -0.015726 24.776323 -0.221313 0.975193 -0.004471 -2.249643 0.014346 0.007840 0.999866 0.415360
0.969082 0.246077 -0.018078 26.647503 -0.246199 0.969207 -0.004857 -2.712703 0.016326 0.009157 0.999825 0.455155
0.962858 0.269181 -0.021144 28.341854 -0.269358 0.963021 -0.005987 -3.175768 0.018751 0.011460 0.999759 0.492447
0.956713 0.290002 -0.024468 29.937856 -0.290250 0.956923 -0.007230 -3.645709 0.021317 0.014019 0.999674 0.528544
0.947857 0.317723 -0.024904 31.986820 -0.317988 0.948066 -0.007421 -4.309041 0.021253 0.014954 0.999662 0.576612
0.940483 0.339125 -0.022038 33.619534 -0.339315 0.940657 -0.005443 -4.888525 0.018885 0.012597 0.999742 0.616377
0.933834 0.356681 -0.027072 35.039777 -0.356909 0.934131 -0.003958 -5.424980 0.023878 0.013358 0.999626 0.651899
0.926884 0.374507 -0.025092 36.655675 -0.374731 0.927122 -0.004713 -6.067060 0.021499 0.013771 0.999674 0.693225
0.919993 0.391183 -0.024240 38.152453 -0.391416 0.920197 -0.005535 -6.702322 0.020140 0.014580 0.999691 0.732670
0.911572 0.410376 -0.025040 39.578579 -0.410507 0.911857 -0.000114 -7.335283 0.022786 0.010383 0.999686 0.771048
0.902402 0.430039 -0.027149 40.965988 -0.430162 0.902751 0.001434 -7.988513 0.025126 0.010384 0.999630 0.809461
0.892604 0.449991 -0.027666 42.402184 -0.450119 0.892967 0.001759 -8.699682 0.025496 0.010883 0.999616 0.850229
0.882252 0.469876 -0.029113 44.192419 -0.470062 0.882633 0.000492 -9.632030 0.025927 0.013251 0.999576 0.902366
0.871123 0.490413 -0.025315 45.927524 -0.490576 0.871398 -0.000288 -10.592879 0.021919 0.012670 0.999679 0.954542
0.861939 0.506327 -0.026351 47.278761 -0.506482 0.862250 0.000899 -11.383349 0.023176 0.012572 0.999652 0.996387
0.853002 0.521245 -0.026273 48.596858 -0.521400 0.853312 0.001116 -12.185866 0.023001 0.012747 0.999654 1.038110
0.844390 0.535013 -0.027693 49.866532 -0.535183 0.844735 0.001484 -12.984906 0.024187 0.013567 0.999615 1.079047
0.836410 0.547340 -0.028942 51.068402 -0.547520 0.836790 0.001993 -13.768389 0.025309 0.014180 0.999579 1.118577
0.828217 0.559566 -0.030692 52.216541 -0.559782 0.828638 0.001837 -14.544223 0.026460 0.015659 0.999527 1.157126
0.819578 0.572119 -0.031183 53.311710 -0.572294 0.820039 0.003856 -15.306883 0.027777 0.014686 0.999506 1.194548
0.810270 0.585314 -0.029499 54.389726 -0.585499 0.810668 0.002797 -16.079314 0.025551 0.015005 0.999561 1.232007
0.798448 0.601264 -0.031014 55.600721 -0.601542 0.798841 0.000487 -16.988612 0.025068 0.018267 0.999519 1.275283
0.789035 0.613478 -0.032695 56.585070 -0.613771 0.789483 0.001336 -17.748032 0.026632 0.019012 0.999464 1.311042
0.779190 0.625891 -0.033528 57.539118 -0.626224 0.779643 0.000722 -18.509086 0.026592 0.020434 0.999438 1.346420
0.767322 0.640245 -0.036110 58.692050 -0.640710 0.767781 -0.001728 -19.472147 0.026619 0.024462 0.999346 1.390418
0.759960 0.648823 -0.038594 59.468443 -0.649313 0.760521 -0.000220 -20.135201 0.029209 0.025227 0.999255 1.420465
0.753150 0.656638 -0.039890 60.242339 -0.657214 0.753702 -0.001789 -20.813031 0.028890 0.027564 0.999202 1.450901
0.745828 0.664821 -0.041875 60.937367 -0.665482 0.746409 -0.002537 -21.436353 0.029570 0.029759 0.999120 1.478653
0.737055 0.674485 -0.042659 61.724952 -0.675182 0.737646 -0.002718 -22.153312 0.029633 0.030806 0.999086 1.510407
0.729047 0.683097 -0.043226 62.394544 -0.683806 0.729660 -0.002274 -22.782228 0.029987 0.031216 0.999063 1.537961
0.721674 0.690904 -0.042876 62.987031 -0.691575 0.722304 -0.001136 -23.354096 0.030185 0.030472 0.999080 1.562783
0.715043 0.697787 -0.042505 63.518147 -0.698428 0.715680 -0.000351 -23.876741 0.030175 0.029937 0.999096 1.585323
0.706485 0.706520 -0.041322 64.177813 -0.707123 0.707090 0.000038 -24.537579 0.029245 0.029193 0.999146 1.613653
0.700889 0.711967 -0.043088 64.614708 -0.712639 0.701531 -0.000335 -24.985825 0.029989 0.030941 0.999071 1.632720
0.695374 0.717384 -0.042609 65.037285 -0.718010 0.696032 0.000871 -25.426115 0.030282 0.029988 0.999091 1.651356
0.688233 0.724567 -0.036574 65.536838 -0.724963 0.688780 0.003374 -25.956963 0.027636 0.024192 0.999325 1.673684
0.680433 0.731730 -0.039771 65.998667 -0.732169 0.681106 0.004862 -26.456436 0.030646 0.025810 0.999197 1.694576
0.672629 0.738929 -0.039421 66.396278 -0.739369 0.673283 0.004766 -26.895708 0.030063 0.025941 0.999211 1.712829
0.659660 0.750642 -0.037235 66.963757 -0.750859 0.660378 0.010626 -27.542147 0.032566 0.020949 0.999250 1.739441
0.649476 0.759469 -0.037253 67.366105 -0.759610 0.650245 0.013186 -28.018891 0.034238 0.019734 0.999219 1.758838
0.639115 0.768171 -0.038017 67.771203 -0.768416 0.639858 0.010902 -28.509070 0.032700 0.022245 0.999218 1.778661
0.627778 0.777438 -0.038539 68.194929 -0.777742 0.628508 0.009773 -29.034862 0.031820 0.023839 0.999209 1.799770
0.616988 0.786073 -0.037620 68.613694 -0.786482 0.617586 0.005793 -29.569846 0.027787 0.026014 0.999275 1.821073
0.603848 0.796088 -0.040133 69.141598 -0.796383 0.604675 0.011967 -30.267076 0.033795 0.024735 0.999123 1.848585
0.593472 0.803851 -0.040188 69.617939 -0.804050 0.594371 0.015051 -30.912143 0.035985 0.023380 0.999079 1.873867
0.580912 0.812513 -0.048621 70.259281 -0.813141 0.581976 0.010258 -31.798728 0.036631 0.033577 0.998765 1.908426
0.570403 0.820279 -0.042223 70.792507 -0.820759 0.571203 0.009051 -32.562072 0.031542 0.029492 0.999067 1.937913
0.560742 0.826861 -0.043242 71.223868 -0.827376 0.561573 0.009217 -33.197055 0.031905 0.030608 0.999022 1.962269
0.553105 0.831889 -0.045126 71.660976 -0.832482 0.553981 0.008877 -33.857270 0.032384 0.032656 0.998942 1.987431
0.546645 0.836236 -0.043457 72.075665 -0.836759 0.547487 0.009633 -34.492576 0.031847 0.031097 0.999009 2.011560
0.541319 0.839614 -0.044956 72.550025 -0.840143 0.542253 0.011070 -35.235855 0.033671 0.031777 0.998928 2.039637
0.539649 0.840654 -0.045600 72.957176 -0.841106 0.540693 0.013891 -35.876140 0.036333 0.030858 0.998863 2.063803
0.539700 0.840721 -0.043740 73.353005 -0.841181 0.540620 0.012009 -36.499415 0.033743 0.030312 0.998971 2.087319
0.540617 0.840263 -0.041135 73.831600 -0.840641 0.541456 0.012177 -37.260364 0.032505 0.027997 0.999079 2.115964
0.541560 0.839635 -0.041550 74.185195 -0.840031 0.542407 0.011948 -37.818827 0.032569 0.028433 0.999065 2.137019
0.544269 0.837742 -0.044274 74.619669 -0.838179 0.545240 0.013016 -38.502552 0.035044 0.030025 0.998935 2.162820
0.548530 0.835060 -0.042310 74.954680 -0.835332 0.549515 0.015935 -39.024748 0.036557 0.026602 0.998977 2.182570
0.558033 0.828754 -0.042016 75.402893 -0.829116 0.558929 0.012858 -39.712562 0.034140 0.027661 0.999034 2.208683
0.569653 0.820936 -0.039497 75.778355 -0.821313 0.570392 0.009926 -40.271165 0.030678 0.026785 0.999170 2.230052
0.589060 0.807248 -0.036878 76.242295 -0.807538 0.589730 0.010052 -40.931330 0.029863 0.023859 0.999269 2.255593
0.606505 0.794269 -0.035903 76.583073 -0.794441 0.607209 0.012694 -41.391381 0.031882 0.020824 0.999275 2.273639
0.622989 0.781530 -0.033100 76.929612 -0.781651 0.623598 0.012114 -41.844518 0.030108 0.018326 0.999379 2.291568
0.634022 0.772685 -0.031215 77.151296 -0.772753 0.634583 0.012521 -42.123601 0.029483 0.016183 0.999434 2.302727
0.647382 0.761651 -0.027990 77.432556 -0.761690 0.647839 0.011511 -42.469728 0.026900 0.013868 0.999542 2.316656
0.654317 0.755753 -0.026567 77.586560 -0.755799 0.654721 0.010372 -42.655811 0.025232 0.013292 0.999593 2.324184
0.659275 0.751434 -0.026513 77.707158 -0.751519 0.659655 0.008645 -42.800407 0.023986 0.014225 0.999611 2.330047
0.664524 0.746764 -0.027417 77.820516 -0.746882 0.664912 0.007706 -42.934150 0.023985 0.015356 0.999594 2.335495
0.667768 0.743871 -0.027241 77.889531 -0.743976 0.668158 0.008053 -43.014795 0.024192 0.014889 0.999596 2.338790
0.670074 0.741788 -0.027396 77.939233 -0.741894 0.670468 0.008081 -43.073647 0.024363 0.014910 0.999592 2.341185
0.670946 0.740997 -0.027474 77.965487 -0.741090 0.671350 0.008645 -43.106353 0.024851 0.014560 0.999585 2.342497
0.670767 0.741095 -0.029138 77.965388 -0.741169 0.671239 0.010325 -43.108810 0.027210 0.014670 0.999522 2.342566
0.671021 0.740857 -0.029368 77.959123 -0.740901 0.671516 0.011489 -43.104381 0.028233 0.014049 0.999503 2.342350
0.671400 0.740500 -0.029699 77.955074 -0.740576 0.671890 0.010504 -43.102099 0.027732 0.014942 0.999504 2.342227
0.671666 0.740239 -0.030194 77.952337 -0.740324 0.672169 0.010431 -43.101598 0.028017 0.015347 0.999490 2.342174
0.671824 0.740129 -0.029354 77.950840 -0.740179 0.672315 0.011260 -43.101895 0.028069 0.014162 0.999506 2.342161
0.671980 0.739970 -0.029786 77.949757 -0.740036 0.672478 0.010899 -43.102458 0.028095 0.014719 0.999497 2.342162
0.672111 0.739864 -0.029463 77.948595 -0.739915 0.672606 0.011263 -43.103186 0.028150 0.014230 0.999502 2.342166
0.672189 0.739782 -0.029742 77.947785 -0.739842 0.672689 0.011063 -43.103745 0.028191 0.014568 0.999496 2.342171
0.672192 0.739789 -0.029494 77.947221 -0.739840 0.672688 0.011283 -43.104354 0.028187 0.014236 0.999501 2.342181
0.672261 0.739728 -0.029463 77.946490 -0.739782 0.672754 0.011167 -43.104748 0.028082 0.014289 0.999504 2.342181
0.672285 0.739704 -0.029500 77.945953 -0.739755 0.672782 0.011271 -43.105302 0.028184 0.014246 0.999501 2.342190
0.672275 0.739714 -0.029491 77.945222 -0.739763 0.672771 0.011343 -43.105696 0.028231 0.014191 0.999501 2.342191
0.672292 0.739691 -0.029677 77.944738 -0.739738 0.672796 0.011522 -43.106140 0.028489 0.014207 0.999493 2.342197
0.672500 0.739507 -0.029549 77.944306 -0.739547 0.673003 0.011670 -43.106475 0.028517 0.014005 0.999495 2.342200
0.672985 0.739068 -0.029493 77.943461 -0.739104 0.673488 0.011776 -43.106543 0.028567 0.013874 0.999496 2.342190
0.673181 0.738908 -0.029015 77.942642 -0.738952 0.673664 0.011261 -43.106556 0.027868 0.013860 0.999516 2.342179
0.673016 0.739055 -0.029107 77.941964 -0.739099 0.673502 0.011303 -43.106840 0.027957 0.013906 0.999512 2.342178
0.672810 0.739238 -0.029235 77.941726 -0.739283 0.673299 0.011334 -43.107335 0.028062 0.013987 0.999508 2.342188
0.672687 0.739350 -0.029224 77.941761 -0.739393 0.673177 0.011421 -43.107826 0.028117 0.013926 0.999508 2.342203
0.672521 0.739498 -0.029299 77.941550 -0.739539 0.673015 0.011517 -43.108266 0.028235 0.013922 0.999504 2.342213
0.672560 0.739449 -0.029634 77.941391 -0.739491 0.673065 0.011645 -43.108596 0.028557 0.014082 0.999493 2.342220
0.672657 0.739356 -0.029737 77.941066 -0.739392 0.673170 0.011928 -43.108710 0.028837 0.013965 0.999487 2.342219
0.673246 0.738829 -0.029503 77.940326 -0.738861 0.673752 0.011948 -43.108558 0.028705 0.013755 0.999493 2.342204
0.673563 0.738556 -0.029117 77.939860 -0.738595 0.674052 0.011489 -43.108402 0.028111 0.013767 0.999510 2.342193
0.674445 0.737732 -0.029596 77.941778 -0.737767 0.674952 0.011846 -43.110609 0.028715 0.013845 0.999492 2.342283
0.675874 0.736416 -0.029752 77.947770 -0.736447 0.676388 0.012015 -43.116734 0.028972 0.013790 0.999485 2.342544
0.678251 0.734228 -0.029750 77.972090 -0.734255 0.678766 0.012101 -43.142758 0.029078 0.013637 0.999484 2.343636
0.680506 0.732154 -0.029355 78.006291 -0.732183 0.681006 0.011771 -43.179210 0.028609 0.013483 0.999500 2.345168
0.683976 0.728927 -0.029032 78.058336 -0.728974 0.684454 0.010899 -43.234313 0.027816 0.013708 0.999519 2.347488
0.686093 0.726952 -0.028565 78.098635 -0.727002 0.686554 0.010530 -43.276671 0.027266 0.013542 0.999536 2.349276
0.687655 0.725487 -0.028270 78.133769 -0.725555 0.688096 0.009674 -43.313436 0.026471 0.013859 0.999554 2.350830
0.688846 0.724351 -0.028408 78.169264 -0.724421 0.689290 0.009644 -43.348885 0.026567 0.013936 0.999550 2.352352
0.689155 0.724057 -0.028408 78.186080 -0.724127 0.689599 0.009620 -43.364605 0.026556 0.013941 0.999550 2.353041
0.689076 0.724115 -0.028835 78.186353 -0.724190 0.689533 0.009690 -43.362909 0.026899 0.014205 0.999537 2.352996
0.689273 0.723920 -0.029030 78.184383 -0.723983 0.689743 0.010210 -43.359120 0.027415 0.013980 0.999526 2.352860
0.689541 0.723664 -0.029031 78.183407 -0.723732 0.690008 0.010041 -43.356080 0.027298 0.014087 0.999528 2.352759
0.689672 0.723540 -0.029008 78.183690 -0.723603 0.690141 0.010201 -43.354929 0.027400 0.013954 0.999527 2.352729
0.689752 0.723462 -0.029068 78.184086 -0.723527 0.690221 0.010137 -43.354104 0.027397 0.014039 0.999526 2.352711
0.689865 0.723360 -0.028924 78.184729 -0.723425 0.690329 0.010070 -43.353330 0.027252 0.013977 0.999531 2.352698
0.690172 0.723052 -0.029313 78.185073 -0.723115 0.690651 0.010334 -43.352615 0.027717 0.014064 0.999517 2.352682
0.690361 0.722867 -0.029399 78.185443 -0.722926 0.690845 0.010513 -43.351845 0.027910 0.013996 0.999512 2.352666
0.691018 0.722222 -0.029820 78.185373 -0.722283 0.691516 0.010633 -43.350864 0.028301 0.014191 0.999499 2.352636
0.692402 0.720846 -0.030993 78.193767 -0.720884 0.692952 0.011958 -43.358751 0.030097 0.014063 0.999448 2.352982
0.696315 0.717044 -0.031517 78.239927 -0.717085 0.696882 0.012010 -43.405817 0.030575 0.014237 0.999431 2.354988
0.701876 0.711568 -0.032260 78.318986 -0.711627 0.702461 0.011648 -43.486410 0.030950 0.014782 0.999412 2.358423
0.710127 0.703272 -0.033586 78.447936 -0.703346 0.710754 0.011550 -43.615318 0.031994 0.015421 0.999369 2.363954
0.729853 0.682586 -0.037300 78.753312 -0.682835 0.730533 0.007566 -43.911829 0.032414 0.019947 0.999275 2.376798
0.747413 0.663279 -0.037878 79.044467 -0.663640 0.748042 0.003893 -44.178771 0.030917 0.022228 0.999275 2.388591
0.777067 0.628404 -0.035714 79.521460 -0.628747 0.777607 0.002025 -44.590352 0.029044 0.020882 0.999360 2.407172
0.802976 0.594936 -0.035781 79.974637 -0.595330 0.803481 -0.000444 -44.950633 0.028485 0.021658 0.999360 2.423942
0.828144 0.559375 -0.035745 80.462183 -0.559836 0.828596 -0.003612 -45.304194 0.027597 0.023003 0.999354 2.441004
0.852413 0.521482 -0.038068 81.027725 -0.522141 0.852808 -0.009332 -45.679150 0.027599 0.027832 0.999232 2.459786
0.879094 0.474940 -0.040315 81.793561 -0.475718 0.879516 -0.011980 -46.133731 0.029768 0.029710 0.999115 2.483691
0.897544 0.439221 -0.038720 82.492302 -0.439726 0.898117 -0.005206 -46.504799 0.032489 0.021699 0.999237 2.504247
0.916240 0.399235 -0.033411 83.647913 -0.399615 0.916668 -0.005297 -47.053805 0.028512 0.018205 0.999428 2.536383
0.923940 0.381459 -0.028705 84.538185 -0.381732 0.924262 -0.004481 -47.439913 0.024822 0.015098 0.999578 2.560082
0.931266 0.362987 -0.031373 86.144804 -0.362854 0.931792 0.010037 -48.102989 0.032877 0.002036 0.999457 2.601880
0.934426 0.355511 -0.021464 87.454480 -0.355084 0.934591 0.021322 -48.624414 0.027640 -0.012302 0.999542 2.635405
0.934594 0.355414 -0.014689 88.532538 -0.354872 0.934422 0.030352 -49.051381 0.024513 -0.023154 0.999431 2.662936
0.934388 0.355275 -0.026431 90.037655 -0.353708 0.934005 0.050247 -49.640557 0.042539 -0.037601 0.998387 2.701174
0.934972 0.353599 -0.028191 91.375115 -0.351616 0.934348 0.057967 -50.159952 0.046837 -0.044286 0.997920 2.735033
0.935952 0.350943 -0.028856 92.529462 -0.348970 0.935390 0.057144 -50.602283 0.047046 -0.043414 0.997949 2.764086
0.939292 0.340916 -0.038826 93.743745 -0.338490 0.939192 0.057808 -51.054566 0.056173 -0.041156 0.997572 2.794272
0.947574 0.314225 -0.058013 95.544404 -0.311466 0.948838 0.051920 -51.689145 0.071360 -0.031129 0.996965 2.837999
0.957241 0.279809 -0.073459 96.820473 -0.277501 0.959886 0.040151 -52.090061 0.081746 -0.018049 0.996490 2.867584
0.968601 0.236584 -0.076417 98.135583 -0.235825 0.971611 0.018927 -52.451437 0.078725 -0.000311 0.996896 2.896585
0.980158 0.187734 -0.063616 99.437966 -0.187763 0.982198 0.005575 -52.749709 0.063531 0.006480 0.997959 2.923593
0.988447 0.139371 -0.059566 100.767682 -0.139776 0.990180 -0.002666 -52.989419 0.058609 0.010961 0.998221 2.949304
0.994598 0.091183 -0.049598 102.076305 -0.091819 0.995718 -0.010712 -53.153008 0.048409 0.015208 0.998712 2.972529
0.998216 0.044465 -0.039849 103.431388 -0.044884 0.998945 -0.009693 -53.262748 0.039376 0.011464 0.999159 2.994864
0.999222 -0.007070 -0.038797 105.111012 0.006550 0.999887 -0.013519 -53.317551 0.038888 0.013254 0.999156 3.020214
0.998533 -0.042430 -0.033637 106.559897 0.041861 0.998971 -0.017455 -53.300858 0.034343 0.016021 0.999282 3.040243
0.996992 -0.070502 -0.032182 108.089678 0.069865 0.997345 -0.020515 -53.233038 0.033542 0.018205 0.999271 3.059947
0.995263 -0.091441 -0.033029 109.537361 0.090788 0.995654 -0.020760 -53.130954 0.034784 0.017663 0.999239 3.077505
0.992935 -0.111362 -0.040979 111.507935 0.110696 0.993688 -0.018186 -52.952243 0.042746 0.013521 0.998994 3.100261
0.991794 -0.118112 -0.048929 113.048750 0.117601 0.992973 -0.013204 -52.796105 0.050145 0.007342 0.998715 3.117584
0.992145 -0.120276 -0.034389 114.547562 0.120122 0.992738 -0.006517 -52.633275 0.034923 0.002335 0.999387 3.134119
0.991809 -0.122235 -0.037063 116.429969 0.122332 0.992489 0.000350 -52.425037 0.036742 -0.004881 0.999313 3.154779
0.991581 -0.122530 -0.041881 117.991306 0.122760 0.992432 0.002958 -52.249304 0.041201 -0.008075 0.999118 3.171829
0.991479 -0.122476 -0.044383 119.638076 0.122728 0.992436 0.002990 -52.055825 0.043682 -0.008412 0.999010 3.189578
0.992072 -0.117069 -0.045701 121.222805 0.117313 0.993091 0.002695 -51.873112 0.045070 -0.008035 0.998952 3.206758
0.995245 -0.079009 -0.056961 125.429867 0.079278 0.996849 0.002477 -51.475122 0.056586 -0.006981 0.998373 3.254869
0.996103 -0.061565 -0.063155 127.003875 0.061814 0.998086 0.001995 -51.367678 0.062911 -0.005891 0.998002 3.274061
0.997260 -0.044363 -0.059196 128.827586 0.044817 0.998975 0.006358 -51.268607 0.058853 -0.008993 0.998226 3.297028
0.997703 -0.030083 -0.060699 130.374589 0.030553 0.999510 0.006821 -51.216227 0.060464 -0.008660 0.998133 3.317420
0.997505 -0.016578 -0.068629 131.995299 0.017189 0.999818 0.008320 -51.185148 0.068478 -0.009479 0.997608 3.339468
0.998004 -0.002718 -0.063085 133.623357 0.003024 0.999984 0.004749 -51.175398 0.063071 -0.004930 0.997997 3.362232
0.997792 0.015171 -0.064662 136.086721 -0.014743 0.999866 0.007100 -51.204119 0.064761 -0.006131 0.997882 3.397926
0.997696 0.025242 -0.062979 137.681800 -0.024705 0.999652 0.009282 -51.241017 0.063191 -0.007704 0.997972 3.421564
0.997096 0.034030 -0.068135 139.433486 -0.033235 0.999366 0.012757 -51.295752 0.068525 -0.010456 0.997595 3.447932
0.996782 0.043144 -0.067556 141.023682 -0.042335 0.999014 0.013361 -51.365910 0.068066 -0.010458 0.997626 3.472458
0.996075 0.059165 -0.065837 143.038885 -0.058098 0.998148 0.018017 -51.483100 0.066781 -0.014121 0.997668 3.504350
0.994913 0.073840 -0.068527 144.525957 -0.072745 0.997182 0.018335 -51.586406 0.069688 -0.013257 0.997481 3.528369
0.992529 0.098906 -0.071445 146.768729 -0.097209 0.994901 0.026861 -51.799156 0.073737 -0.019715 0.997083 3.566229
0.990328 0.118736 -0.071773 148.934507 -0.116711 0.992657 0.031784 -52.056040 0.075019 -0.023100 0.996914 3.604268
0.989367 0.130397 -0.064417 150.199246 -0.128428 0.991142 0.033822 -52.225301 0.068256 -0.025189 0.997350 3.627035
0.988144 0.138736 -0.065753 151.428935 -0.137133 0.990148 0.028314 -52.399873 0.069033 -0.018961 0.997434 3.649459
0.986183 0.149683 -0.070985 152.625875 -0.148080 0.988597 0.027361 -52.581740 0.074271 -0.016471 0.997102 3.671628
0.984483 0.160579 -0.070768 153.859814 -0.159130 0.986923 0.025690 -52.783532 0.073968 -0.014030 0.997162 3.694894
0.982908 0.169839 -0.071033 155.018387 -0.168619 0.985416 0.022879 -52.988882 0.073883 -0.010511 0.997212 3.717195
0.981683 0.176525 -0.071675 156.028489 -0.175324 0.984248 0.022764 -53.174680 0.074564 -0.009780 0.997168 3.736833
0.980401 0.183866 -0.070757 156.999205 -0.182563 0.982888 0.024520 -53.360729 0.074054 -0.011122 0.997192 3.755920
0.978175 0.193081 -0.076775 158.204032 -0.191697 0.981134 0.025071 -53.603375 0.080167 -0.009806 0.996733 3.779948
0.976605 0.198609 -0.082441 159.050770 -0.196985 0.980022 0.027460 -53.780885 0.086247 -0.010578 0.996218 3.797035
0.975311 0.204113 -0.084300 159.892236 -0.203006 0.978939 0.021598 -53.958097 0.086933 -0.003951 0.996206 3.814039
0.974226 0.208506 -0.086072 160.759612 -0.207478 0.978018 0.020826 -54.146190 0.088522 -0.002431 0.996071 3.831723
0.972045 0.216084 -0.091852 161.820881 -0.214541 0.976356 0.026469 -54.381594 0.095399 -0.006023 0.995421 3.853510
0.969411 0.225765 -0.096297 163.021414 -0.224672 0.974182 0.022187 -54.658528 0.098820 0.000127 0.995105 3.878463
0.967175 0.236155 -0.093826 163.929400 -0.234707 0.971709 0.026332 -54.881005 0.097390 -0.003446 0.995240 3.897710
0.965502 0.244974 -0.088287 164.847401 -0.243097 0.969488 0.031588 -55.115328 0.093331 -0.009036 0.995594 3.917438
0.962755 0.252993 -0.095381 165.674605 -0.251044 0.967443 0.032106 -55.331792 0.100398 -0.006965 0.994923 3.935369
0.959520 0.265375 -0.094326 166.798606 -0.263035 0.964089 0.036662 -55.642320 0.100668 -0.010367 0.994866 3.960203
0.956148 0.276361 -0.096982 167.866778 -0.273276 0.960927 0.044034 -55.952381 0.105362 -0.015600 0.994312 3.984234
0.955153 0.282468 -0.088853 168.664209 -0.279667 0.959143 0.042791 -56.190225 0.097310 -0.016023 0.995125 4.002358
0.953516 0.288859 -0.085829 169.459324 -0.285811 0.957173 0.046177 -56.433455 0.095492 -0.019500 0.995239 4.020603
0.950352 0.295038 -0.098914 170.430163 -0.290884 0.955211 0.054398 -56.737004 0.110533 -0.022925 0.993608 4.043069
0.947286 0.299658 -0.113378 171.243467 -0.294716 0.953793 0.058485 -56.993095 0.125665 -0.021987 0.991829 4.061942
0.944195 0.311080 -0.108281 172.305610 -0.306200 0.950104 0.059522 -57.339927 0.121395 -0.023045 0.992337 4.086944
0.943292 0.319020 -0.091798 173.066396 -0.315333 0.947523 0.052590 -57.594297 0.103758 -0.020661 0.994388 4.105024
0.943310 0.321741 -0.081543 173.851138 -0.318640 0.946614 0.048901 -57.860234 0.092923 -0.020146 0.995469 4.123775
0.945594 0.318942 -0.064248 174.657233 -0.316757 0.947577 0.041993 -58.135269 0.074273 -0.019358 0.997050 4.143090
0.947806 0.313540 -0.057934 175.504126 -0.311709 0.949395 0.038547 -58.420072 0.067089 -0.018477 0.997576 4.163263
0.949663 0.307183 -0.061463 176.545343 -0.305400 0.951513 0.036800 -58.767623 0.069788 -0.016177 0.997431 4.187990
0.950978 0.300075 -0.074804 177.493662 -0.297173 0.953638 0.047569 -59.078029 0.085611 -0.023007 0.996063 4.210335
0.953155 0.291623 -0.080325 178.494496 -0.288533 0.956268 0.047962 -59.395230 0.090799 -0.022538 0.995614 4.233618
0.955247 0.281412 -0.091165 179.839497 -0.277749 0.959304 0.050909 -59.805407 0.101782 -0.023310 0.994534 4.264445
0.956368 0.275992 -0.095855 180.873964 -0.272085 0.960870 0.051940 -60.110662 0.106439 -0.023593 0.994039 4.287861
0.958153 0.272309 -0.088259 182.086075 -0.268816 0.961917 0.049534 -60.459286 0.098386 -0.023736 0.994865 4.315038
0.958002 0.273262 -0.086949 183.172178 -0.269764 0.961630 0.049942 -60.769222 0.097260 -0.024389 0.994960 4.339319
0.956407 0.277625 -0.090610 184.217131 -0.273967 0.960395 0.050828 -61.072944 0.101132 -0.023788 0.994589 4.362839
0.953686 0.286393 -0.091988 185.670267 -0.282490 0.957791 0.053246 -61.504904 0.103354 -0.024794 0.994336 4.395823
0.950649 0.296198 -0.092369 186.898953 -0.292503 0.954873 0.051576 -61.878203 0.103478 -0.022012 0.994388 4.423944
0.946971 0.308363 -0.090319 188.011312 -0.304729 0.951022 0.051930 -62.234925 0.101909 -0.021653 0.994558 4.449941
0.942942 0.321827 -0.085373 189.085211 -0.318222 0.946517 0.053292 -62.593357 0.097958 -0.023083 0.994923 4.475444
0.937269 0.338543 -0.083152 190.513852 -0.335080 0.940698 0.052993 -63.096005 0.096162 -0.021806 0.995127 4.510112
0.932967 0.351119 -0.079298 191.556224 -0.347510 0.936007 0.055924 -63.478903 0.093859 -0.024618 0.995281 4.535872
0.928866 0.362065 -0.078213 192.566841 -0.358506 0.931843 0.056048 -63.868151 0.093175 -0.024021 0.995360 4.561364
0.925979 0.368898 -0.080475 193.532634 -0.365502 0.929241 0.054033 -64.253753 0.094713 -0.020620 0.995291 4.586117
0.924544 0.372746 -0.079237 194.466013 -0.369199 0.927659 0.056033 -64.626233 0.094391 -0.022551 0.995280 4.610034
0.924024 0.373955 -0.079610 195.491881 -0.370466 0.927193 0.055386 -65.044598 0.094525 -0.021685 0.995286 4.636579
0.923522 0.375047 -0.080291 196.265131 -0.371518 0.926754 0.055688 -65.360929 0.095296 -0.021599 0.995215 4.656616
0.923890 0.374813 -0.077087 196.997622 -0.371271 0.926798 0.056591 -65.657832 0.092655 -0.023664 0.995417 4.675518
0.923157 0.376950 -0.075426 197.709892 -0.373346 0.925891 0.057776 -65.953422 0.091615 -0.025176 0.995476 4.694095
0.923712 0.375847 -0.074131 198.533698 -0.372300 0.926331 0.057474 -66.289079 0.090272 -0.025491 0.995591 4.715403
0.924608 0.373231 -0.076146 199.087035 -0.369533 0.927377 0.058462 -66.515894 0.092436 -0.025916 0.995381 4.729754
0.927602 0.365494 -0.077263 199.826304 -0.361580 0.930395 0.060204 -66.813342 0.093890 -0.027908 0.995191 4.748767
0.930442 0.357734 -0.079403 200.381520 -0.353928 0.933460 0.058202 -67.031177 0.094940 -0.026050 0.995142 4.762887
0.936304 0.342829 -0.076180 201.014818 -0.339504 0.939088 0.053398 -67.269096 0.089846 -0.024134 0.995663 4.778689
0.945226 0.317609 -0.075322 201.778062 -0.314557 0.947935 0.049721 -67.539198 0.087192 -0.023304 0.995919 4.797256
0.954636 0.289072 -0.071466 202.491594 -0.286349 0.957020 0.046014 -67.770751 0.081696 -0.023462 0.996381 4.814011
0.965264 0.251916 -0.069305 203.267633 -0.249454 0.967463 0.042288 -67.993386 0.077703 -0.023531 0.996699 4.831394
0.978979 0.195548 -0.057966 204.412964 -0.193769 0.980425 0.034925 -68.262912 0.063661 -0.022959 0.997707 4.855352
0.986798 0.153508 -0.051618 205.305300 -0.152185 0.987936 0.028677 -68.427245 0.055397 -0.020443 0.998255 4.872706
0.992625 0.108185 -0.054697 206.227889 -0.107171 0.994016 0.021153 -68.557364 0.056658 -0.015136 0.998279 4.889505
0.996101 0.062132 -0.062634 207.176888 -0.061427 0.998025 0.013122 -68.646618 0.063325 -0.009224 0.997950 4.905503
0.997359 0.017379 -0.070513 208.169473 -0.016535 0.999785 0.012531 -68.693639 0.070716 -0.011332 0.997432 4.920904
0.997042 -0.021442 -0.073813 209.541222 0.022307 0.999692 0.010903 -68.703346 0.073557 -0.012517 0.997212 4.940600
0.996824 -0.039395 -0.069209 210.793541 0.039911 0.999185 0.006092 -68.672514 0.068913 -0.008835 0.997584 4.957440
0.996824 -0.044943 -0.065738 211.928253 0.045333 0.998962 0.004459 -68.635659 0.065469 -0.007425 0.997827 4.972443
0.996913 -0.044582 -0.064632 213.085162 0.045008 0.998973 0.005143 -68.593754 0.064337 -0.008036 0.997896 4.987614
0.997070 -0.040485 -0.064897 214.197983 0.040677 0.999171 0.001630 -68.553430 0.064778 -0.004265 0.997891 5.002207
0.997492 -0.025722 -0.065933 215.295569 0.026034 0.999654 0.003885 -68.525086 0.065810 -0.005592 0.997816 5.016928
0.997817 -0.002753 -0.065982 216.392476 0.003076 0.999984 0.004787 -68.517873 0.065967 -0.004979 0.997809 5.032248
0.997811 0.019129 -0.063300 217.471979 -0.019007 0.999816 0.002532 -68.535608 0.063337 -0.001323 0.997991 5.048037
0.997252 0.041180 -0.061581 218.536489 -0.040825 0.999142 0.007018 -68.570449 0.061818 -0.004484 0.998077 5.064107
0.996337 0.061859 -0.059047 219.621246 -0.061277 0.998053 0.011612 -68.629086 0.059651 -0.007951 0.998188 5.081146
0.994647 0.086409 -0.056672 220.819379 -0.085635 0.996199 0.015949 -68.721702 0.057835 -0.011010 0.998265 5.100768
0.992296 0.110116 -0.056778 222.086344 -0.109083 0.993811 0.021001 -68.851960 0.058739 -0.014645 0.998166 5.122445
0.990598 0.125933 -0.053448 223.204523 -0.124815 0.991895 0.023776 -68.993178 0.056009 -0.016881 0.998288 5.142331
0.989108 0.139176 -0.047908 224.315026 -0.138088 0.990096 0.025331 -69.153185 0.050959 -0.018439 0.998530 5.162649
0.987482 0.149521 -0.050232 225.677118 -0.148335 0.988580 0.026584 -69.358210 0.053633 -0.018800 0.998384 5.187821
0.985322 0.163838 -0.047943 226.725096 -0.162284 0.986134 0.034698 -69.532812 0.052963 -0.026409 0.998247 5.207674
0.983231 0.177339 -0.042524 227.725395 -0.176164 0.983904 0.029973 -69.709708 0.047155 -0.021979 0.998646 5.226917
0.979659 0.195971 -0.043165 228.905886 -0.194578 0.980282 0.034442 -69.941011 0.049064 -0.025343 0.998474 5.250274
0.976739 0.210646 -0.040107 229.882588 -0.209350 0.977242 0.034220 -70.148412 0.046403 -0.025028 0.998609 5.270060
0.972446 0.229936 -0.038440 231.141029 -0.228737 0.972922 0.033189 -70.440079 0.045031 -0.023481 0.998710 5.296256
0.967939 0.248386 -0.037383 232.041617 -0.247160 0.968359 0.034546 -70.671189 0.044781 -0.024199 0.998704 5.315646
0.961422 0.272826 -0.035122 233.116440 -0.271661 0.961771 0.034596 -70.971920 0.043218 -0.023720 0.998784 5.339503
0.955655 0.292385 -0.035138 234.005478 -0.291203 0.956016 0.035134 -71.244529 0.043866 -0.023344 0.998765 5.359922
0.949048 0.313688 -0.030136 234.975519 -0.312524 0.949158 0.037783 -71.563263 0.040456 -0.026440 0.998831 5.382813
0.941103 0.337339 -0.022986 235.867803 -0.336145 0.940777 0.044092 -71.879263 0.036499 -0.033768 0.998763 5.404526
0.923113 0.384098 -0.018208 236.858242 -0.382824 0.922442 0.050456 -72.271619 0.036176 -0.039606 0.998560 5.429822
0.905354 0.424446 -0.013385 237.475282 -0.423211 0.904422 0.053969 -72.548438 0.035013 -0.043197 0.998453 5.446512
0.880263 0.474391 -0.009529 238.170579 -0.473211 0.879191 0.055622 -72.905263 0.034764 -0.044452 0.998406 5.466609
0.848170 0.529722 -0.001393 238.883562 -0.528740 0.846751 0.058717 -73.321072 0.032283 -0.049065 0.998274 5.488652
0.796583 0.604461 0.009046 239.808883 -0.603782 0.794768 0.061571 -73.970053 0.030028 -0.054508 0.998062 5.520402
0.753099 0.657893 0.004231 240.462413 -0.656682 0.751289 0.065835 -74.495478 0.040134 -0.052359 0.997822 5.544753
0.699630 0.714506 0.000362 241.124919 -0.712660 0.697785 0.072192 -75.125053 0.051329 -0.050766 0.997391 5.572226
0.620313 0.784353 0.001091 241.912697 -0.782216 0.618519 0.074655 -76.017960 0.057881 -0.047163 0.997209 5.609039
0.540083 0.841580 -0.007358 242.549635 -0.839597 0.539374 0.064442 -76.910893 0.058202 -0.028626 0.997894 5.643719
0.472845 0.881075 -0.011157 243.080647 -0.878992 0.472536 0.063902 -77.818571 0.061574 -0.020408 0.997894 5.677322
0.428281 0.903464 -0.018135 243.430519 -0.901400 0.428545 0.061866 -78.512114 0.063665 -0.010149 0.997920 5.702208
0.380051 0.924713 -0.021602 243.754729 -0.922829 0.380656 0.059057 -79.247220 0.062834 -0.002510 0.998021 5.727924
0.333988 0.942357 -0.020361 244.064306 -0.940698 0.334608 0.055896 -80.044887 0.059487 0.000485 0.998229 5.755232
0.294890 0.955306 -0.020721 244.351936 -0.954006 0.295575 0.050075 -80.905123 0.053962 0.005002 0.998530 5.784027
0.262427 0.964749 -0.019804 244.614968 -0.963379 0.263115 0.051684 -81.787804 0.055073 0.005516 0.998467 5.813119
0.233650 0.972221 -0.013913 244.861848 -0.970887 0.234059 0.050950 -82.726629 0.052791 0.001604 0.998604 5.843597
0.195405 0.980694 -0.007500 245.137495 -0.979357 0.195531 0.051266 -83.961120 0.051743 -0.002672 0.998657 5.882979
0.158611 0.987339 -0.001894 245.339214 -0.985995 0.158495 0.051896 -85.057576 0.051539 -0.006364 0.998651 5.917347
0.114635 0.993385 0.006655 245.497106 -0.992382 0.114210 0.046206 -86.165216 0.045140 -0.011902 0.998910 5.951416
0.052157 0.998615 0.006976 245.627358 -0.997720 0.051808 0.043259 -87.642504 0.042838 -0.009217 0.999040 5.995719
0.005278 0.999946 0.008932 245.662829 -0.998919 0.004860 0.046235 -88.743435 0.046189 -0.009166 0.998891 6.027862
-0.036023 0.999329 0.006693 245.648106 -0.998055 -0.036317 0.050668 -89.863728 0.050877 -0.004855 0.998693 6.059852
-0.083984 0.996439 0.007522 245.562689 -0.994758 -0.084280 0.057915 -91.363805 0.058342 -0.002619 0.998293 6.101757
-0.117627 0.993043 0.005451 245.438487 -0.991384 -0.117746 0.057390 -92.611600 0.057633 0.001347 0.998337 6.135861
-0.147722 0.989028 0.001436 245.234835 -0.987701 -0.147599 0.051592 -94.133442 0.051238 0.006203 0.998667 6.176718
-0.161325 0.986901 0.000085 245.012536 -0.985474 -0.161096 0.053756 -95.564498 0.053066 0.008588 0.998554 6.214701
-0.165946 0.986131 -0.002636 244.806212 -0.984477 -0.165511 0.058412 -96.787091 0.057166 0.012289 0.998289 6.246919
-0.163408 0.986540 -0.006074 244.511799 -0.984414 -0.162644 0.066901 -98.549052 0.065013 0.016911 0.997741 6.293391
-0.150306 0.988519 -0.015464 244.259454 -0.986961 -0.149121 0.060591 -100.156434 0.057589 0.024369 0.998043 6.336017
-0.134244 0.990775 -0.018534 244.073664 -0.989468 -0.132998 0.057135 -101.426450 0.054143 0.026009 0.998194 6.369889
-0.100012 0.994293 -0.037139 243.864181 -0.992737 -0.097208 0.070886 -103.112550 0.066871 0.043959 0.996793 6.415383
-0.061771 0.997154 -0.043216 243.757899 -0.995892 -0.058705 0.068941 -104.345595 0.066208 0.047297 0.996684 6.449318
-0.013201 0.998563 -0.051937 243.704461 -0.997540 -0.009576 0.069435 -105.580246 0.068838 0.052726 0.996234 6.484046
0.056748 0.997066 -0.051370 243.724462 -0.995567 0.060378 0.072123 -107.294256 0.075013 0.047050 0.996072 6.533591
0.113629 0.992104 -0.053086 243.819985 -0.990726 0.117154 0.068829 -108.576177 0.074505 0.044772 0.996215 6.571787
0.179103 0.982239 -0.055926 244.008658 -0.981875 0.182040 0.052754 -110.024310 0.061997 0.045464 0.997040 6.616078
0.238197 0.968886 -0.067242 244.264535 -0.968937 0.241808 0.051862 -111.312330 0.066508 0.052799 0.996388 6.656719
0.317146 0.945982 -0.067347 244.738925 -0.946121 0.320488 0.046282 -113.021817 0.065365 0.049041 0.996656 6.712566
0.374082 0.925073 -0.065598 245.189112 -0.924795 0.377392 0.048258 -114.289794 0.069398 0.042613 0.996679 6.755381
0.434649 0.898611 -0.059822 245.875855 -0.897743 0.437600 0.050626 -115.907890 0.071671 0.031700 0.996924 6.811607
0.472754 0.879109 -0.060595 246.462070 -0.878089 0.475741 0.051289 -117.110318 0.073916 0.028961 0.996844 6.854463
0.518122 0.852950 -0.063447 247.360574 -0.851861 0.521265 0.051144 -118.740236 0.076696 0.027549 0.996674 6.914027
0.550284 0.832629 -0.062578 248.339121 -0.831173 0.553383 0.054023 -120.339397 0.079610 0.022285 0.996577 6.973839
0.566542 0.821479 -0.064827 249.258899 -0.820091 0.569770 0.053034 -121.741938 0.080503 0.023118 0.996486 7.027169
0.573170 0.816650 -0.067520 250.115755 -0.815418 0.576570 0.051577 -123.001575 0.081050 0.025495 0.996384 7.075500
0.575585 0.814521 -0.072511 251.528436 -0.813336 0.579421 0.052498 -125.062615 0.084775 0.028758 0.995985 7.154732
0.574509 0.815419 -0.070928 252.709077 -0.814551 0.578088 0.048174 -126.772590 0.080285 0.030098 0.996317 7.220590
0.575301 0.814695 -0.072813 253.595506 -0.814107 0.578940 0.045370 -128.046760 0.079117 0.033176 0.996313 7.269758
0.574574 0.815288 -0.071904 254.467574 -0.814611 0.578168 0.046151 -129.306862 0.079199 0.032057 0.996343 7.318318
0.574686 0.815219 -0.071795 255.329502 -0.814644 0.578228 0.044813 -130.545242 0.078046 0.032734 0.996412 7.366111
0.573326 0.816400 -0.069199 256.214083 -0.815955 0.576582 0.042088 -131.818187 0.074259 0.032333 0.996715 7.415217
0.571794 0.817638 -0.067230 257.062267 -0.817345 0.574813 0.039198 -133.041780 0.070695 0.032537 0.996967 7.462390
0.569065 0.819992 -0.061468 258.100233 -0.819190 0.571819 0.044164 -134.546606 0.071363 0.025222 0.997132 7.520333
0.565306 0.822792 -0.058664 259.009615 -0.821567 0.567978 0.049285 -135.869360 0.073871 0.020335 0.997060 7.571222
0.560391 0.826457 -0.054127 259.906811 -0.825007 0.562777 0.051436 -137.200007 0.072971 0.015831 0.997208 7.622165
0.556968 0.828881 -0.052375 260.799692 -0.827511 0.559212 0.050078 -138.532306 0.070797 0.015449 0.997371 7.673095
0.549712 0.833605 -0.054030 261.928612 -0.832236 0.552096 0.050720 -140.249606 0.072110 0.017084 0.997250 7.738431
0.539640 0.839794 -0.059451 262.778853 -0.837985 0.542591 0.058111 -141.576532 0.081059 0.018460 0.996538 7.788603
0.531978 0.844885 -0.056303 263.613954 -0.843166 0.534667 0.056596 -142.902283 0.077921 0.017365 0.996808 7.838527
0.522012 0.851294 -0.052938 264.633748 -0.850659 0.524148 0.040593 -144.569437 0.062304 0.023842 0.997772 7.900878
0.513552 0.855940 -0.060254 265.487612 -0.854918 0.516412 0.049333 -146.002072 0.073342 0.026177 0.996963 7.954139
