0.999950 0.002467 0.009677 5.230200 -0.002509 0.999988 0.004297 -0.052666 -0.009667 -0.004321 0.999944 -0.047047
0.999942 0.003081 0.010315 7.384864 -0.003105 0.999992 0.002338 -0.072655 -0.010307 -0.002370 0.999944 -0.066473
0.999975 0.004991 0.005057 9.914790 -0.005012 0.999979 0.004187 -0.106944 -0.005036 -0.004213 0.999978 -0.089006
0.999940 0.006574 0.008767 11.836860 -0.006625 0.999961 0.005893 -0.136041 -0.008728 -0.005951 0.999944 -0.106047
0.999926 0.008223 0.008962 13.688356 -0.008263 0.999956 0.004501 -0.166385 -0.008924 -0.004574 0.999950 -0.122404
0.999932 0.007246 0.009113 15.544665 -0.007328 0.999933 0.008966 -0.200416 -0.009048 -0.009033 0.999918 -0.138711
0.999908 0.007198 0.011529 17.370807 -0.007316 0.999921 0.010202 -0.229377 -0.011455 -0.010285 0.999881 -0.154869
0.999916 0.008083 0.010104 19.260897 -0.008201 0.999898 0.011723 -0.262604 -0.010008 -0.011805 0.999880 -0.171509
0.999947 0.006829 0.007737 21.123354 -0.006901 0.999932 0.009386 -0.285589 -0.007672 -0.009439 0.999926 -0.188155
0.999906 0.006991 0.011819 22.984379 -0.007116 0.999918 0.010609 -0.310973 -0.011744 -0.010692 0.999874 -0.204726
0.999925 0.006717 0.010242 24.857393 -0.006814 0.999932 0.009491 -0.335203 -0.010177 -0.009560 0.999903 -0.221438
0.999917 0.006505 0.011166 26.731485 -0.006597 0.999944 0.008289 -0.358460 -0.011111 -0.008362 0.999903 -0.238184
0.999913 0.006838 0.011323 28.603306 -0.006939 0.999937 0.008838 -0.383174 -0.011262 -0.008916 0.999897 -0.254872
0.999904 0.005994 0.012515 30.401086 -0.006098 0.999947 0.008252 -0.407364 -0.012465 -0.008328 0.999888 -0.270889
0.999903 0.006597 0.012267 32.447455 -0.006698 0.999944 0.008186 -0.435446 -0.012212 -0.008267 0.999891 -0.289106
0.999863 0.006226 0.015354 34.324430 -0.006350 0.999948 0.008001 -0.458028 -0.015304 -0.008098 0.999850 -0.305896
0.999918 0.009012 0.009075 36.230157 -0.009082 0.999929 0.007708 -0.489305 -0.009005 -0.007789 0.999929 -0.322731
0.999897 0.010072 0.010244 38.140300 -0.010145 0.999923 0.007110 -0.523511 -0.010172 -0.007213 0.999922 -0.339532
0.999864 0.010644 0.012612 40.045507 -0.010753 0.999905 0.008586 -0.556297 -0.012519 -0.008720 0.999884 -0.356323
0.999882 0.011719 0.009907 41.949663 -0.011799 0.999898 0.008099 -0.594859 -0.009811 -0.008215 0.999918 -0.372958
0.999609 0.012552 0.024973 43.881718 -0.012918 0.999811 0.014542 -0.630041 -0.024786 -0.014859 0.999582 -0.389937
0.998308 0.013367 0.056591 45.790722 -0.014538 0.999688 0.020323 -0.671170 -0.056302 -0.021112 0.998191 -0.406551
0.999346 0.016724 0.032065 47.749842 -0.017554 0.999513 0.025783 -0.718540 -0.031618 -0.026329 0.999153 -0.423470
0.999293 0.017200 0.033429 49.660245 -0.017983 0.999568 0.023266 -0.768162 -0.033014 -0.023851 0.999170 -0.439880
0.999366 0.017854 0.030818 51.594476 -0.018622 0.999519 0.024818 -0.819272 -0.030360 -0.025376 0.999217 -0.456474
0.999319 0.017544 0.032476 53.531398 -0.018375 0.999507 0.025472 -0.868019 -0.032013 -0.026052 0.999148 -0.473152
0.999307 0.016409 0.033425 55.537659 -0.017223 0.999559 0.024208 -0.916848 -0.033013 -0.024767 0.999148 -0.490470
0.999550 0.014768 0.026115 57.968747 -0.015273 0.999698 0.019229 -0.969580 -0.025823 -0.019619 0.999474 -0.511619
0.999466 0.012499 0.030176 59.998773 -0.012966 0.999798 0.015354 -1.003008 -0.029978 -0.015737 0.999427 -0.529548
0.999778 0.012674 0.016861 62.670876 -0.012876 0.999846 0.011960 -1.047476 -0.016706 -0.012174 0.999786 -0.553138
0.999006 0.014885 0.042018 64.653298 -0.015371 0.999818 0.011260 -1.087803 -0.041843 -0.011895 0.999053 -0.570451
0.998875 0.017064 0.044255 66.614937 -0.017667 0.999756 0.013268 -1.129182 -0.044017 -0.014035 0.998932 -0.587546
0.999052 0.018376 0.039455 68.440765 -0.018980 0.999708 0.014975 -1.175232 -0.039168 -0.015709 0.999109 -0.603265
0.999150 0.019824 0.036153 70.258035 -0.020468 0.999637 0.017535 -1.222161 -0.035792 -0.018260 0.999192 -0.618883
0.999095 0.019400 0.037864 72.057677 -0.020082 0.999641 0.017726 -1.266160 -0.037506 -0.018471 0.999126 -0.634412
0.999040 0.020266 0.038836 73.876606 -0.020998 0.999608 0.018537 -1.314426 -0.038445 -0.019335 0.999074 -0.650011
0.999056 0.019716 0.038704 75.971383 -0.020420 0.999631 0.017886 -1.367389 -0.038337 -0.018660 0.999091 -0.668042
0.999029 0.019736 0.039390 77.785821 -0.020515 0.999600 0.019467 -1.414692 -0.038990 -0.020256 0.999034 -0.683624
0.999134 0.020426 0.036262 79.619666 -0.021071 0.999625 0.017505 -1.470052 -0.035891 -0.018254 0.999189 -0.699181
0.999095 0.021729 0.036572 81.981629 -0.022406 0.999583 0.018190 -1.538826 -0.036161 -0.018993 0.999165 -0.719281
0.999147 0.021846 0.035032 83.709411 -0.022555 0.999546 0.019978 -1.588734 -0.034580 -0.020751 0.999186 -0.733995
0.999084 0.022226 0.036572 85.429206 -0.023029 0.999499 0.021699 -1.634406 -0.036071 -0.022521 0.999095 -0.748743
0.999027 0.022935 0.037660 87.074149 -0.023791 0.999465 0.022463 -1.683416 -0.037125 -0.023337 0.999038 -0.762713
0.999003 0.025926 0.036346 88.691675 -0.026669 0.999442 0.020101 -1.738309 -0.035805 -0.021051 0.999137 -0.776280
0.999063 0.028898 0.032216 90.288112 -0.029548 0.999366 0.019876 -1.792349 -0.031621 -0.020810 0.999283 -0.789673
0.999050 0.030824 0.030802 91.835203 -0.031440 0.999311 0.019713 -1.847041 -0.030173 -0.020663 0.999331 -0.802594
0.998934 0.032733 0.032553 93.375777 -0.033413 0.999230 0.020576 -1.903614 -0.031855 -0.021641 0.999258 -0.815406
0.998769 0.036968 0.033071 94.960175 -0.037628 0.999100 0.019578 -1.972318 -0.032318 -0.020799 0.999261 -0.828314
0.998540 0.042242 0.033654 96.462942 -0.042819 0.998945 0.016610 -2.040458 -0.032917 -0.018027 0.999296 -0.840482
0.998281 0.047728 0.034006 98.144102 -0.048158 0.998768 0.011963 -2.123175 -0.033393 -0.013580 0.999350 -0.853929
0.997910 0.054019 0.035460 99.629373 -0.054488 0.998438 0.012378 -2.209371 -0.034736 -0.014284 0.999294 -0.865475
0.997252 0.060525 0.042713 101.524519 -0.061093 0.998058 0.012134 -2.329271 -0.041895 -0.014710 0.999014 -0.879954
0.996617 0.068820 0.044927 102.934658 -0.069494 0.997489 0.013622 -2.428170 -0.043877 -0.016698 0.998897 -0.890481
0.995692 0.077860 0.050350 104.360901 -0.078627 0.996814 0.013430 -2.539875 -0.049144 -0.017331 0.998641 -0.900831
0.994674 0.086522 0.056017 105.710693 -0.087367 0.996094 0.012827 -2.660429 -0.054689 -0.017652 0.998347 -0.910248
0.993225 0.095324 0.066457 107.072799 -0.096493 0.995227 0.014606 -2.792460 -0.064748 -0.020919 0.997682 -0.919487
0.991507 0.106769 0.074264 108.380345 -0.108071 0.994048 0.013737 -2.933361 -0.072355 -0.021646 0.997144 -0.927995
0.989480 0.123557 0.075259 109.657911 -0.125167 0.991989 0.017051 -3.083544 -0.072550 -0.026292 0.997018 -0.935990
0.987803 0.136783 0.074406 110.863361 -0.138194 0.990304 0.014136 -3.250365 -0.071751 -0.024246 0.997128 -0.942893
0.987141 0.146432 0.064105 112.034056 -0.147883 0.988832 0.018490 -3.428403 -0.060682 -0.027732 0.997772 -0.949189
0.986489 0.157279 0.045860 113.369487 -0.158068 0.987327 0.014102 -3.646567 -0.043061 -0.021160 0.998848 -0.955987
0.985118 0.165653 0.045833 114.591444 -0.166010 0.986116 0.004074 -3.856944 -0.044522 -0.011623 0.998941 -0.961934
0.984006 0.171231 0.049110 115.800787 -0.171623 0.985155 0.003837 -4.076918 -0.047724 -0.012205 0.998786 -0.967519
0.983864 0.173600 0.043293 117.391007 -0.173752 0.984789 -0.000245 -4.372529 -0.042677 -0.007281 0.999062 -0.974702
0.983286 0.176917 0.043008 118.696329 -0.177308 0.984141 0.005407 -4.618481 -0.041370 -0.012942 0.999060 -0.980513
0.983147 0.178759 0.038318 120.019165 -0.179166 0.983791 0.007455 -4.867010 -0.036364 -0.014194 0.999238 -0.986421
0.982500 0.183578 0.031504 121.357775 -0.183970 0.982881 0.010018 -5.121773 -0.029126 -0.015639 0.999453 -0.992316
0.981685 0.189156 0.022693 123.079693 -0.189486 0.981792 0.013405 -5.460404 -0.019744 -0.017459 0.999653 -0.999622
0.980566 0.195447 0.017076 124.452768 -0.195785 0.980420 0.021090 -5.742080 -0.012619 -0.024024 0.999632 -1.005150
0.980009 0.198492 0.013521 125.873715 -0.198770 0.979754 0.023919 -6.046026 -0.008500 -0.026128 0.999622 -1.010554
0.978869 0.203919 0.015223 127.270079 -0.204255 0.978591 0.025289 -6.352453 -0.009740 -0.027864 0.999564 -1.015668
0.978668 0.205017 0.013299 128.697011 -0.205336 0.978220 0.030380 -6.655209 -0.006780 -0.032463 0.999450 -1.021158
0.978167 0.207398 0.013225 130.110710 -0.207703 0.977764 0.028933 -6.959903 -0.006930 -0.031048 0.999494 -1.026476
0.977146 0.211928 0.016518 131.513751 -0.212275 0.976933 0.023250 -7.273724 -0.011209 -0.026225 0.999593 -1.031463
0.976758 0.214021 0.011756 133.778552 -0.214248 0.976492 0.023704 -7.783483 -0.006406 -0.025672 0.999650 -1.039432
0.975827 0.217767 0.018432 135.267501 -0.218150 0.975664 0.022165 -8.121784 -0.013157 -0.025650 0.999584 -1.044590
0.975502 0.219080 0.019977 136.797074 -0.219462 0.975426 0.019499 -8.470167 -0.015214 -0.023406 0.999610 -1.049867
0.974466 0.223728 0.019007 138.317872 -0.224057 0.974421 0.017373 -8.832341 -0.014634 -0.021187 0.999668 -1.054712
0.973892 0.226492 0.015337 139.824601 -0.226774 0.973738 0.020195 -9.202252 -0.010360 -0.023146 0.999678 -1.059230
0.973684 0.227465 0.014136 141.364707 -0.227726 0.973500 0.020947 -9.569784 -0.008996 -0.023615 0.999681 -1.064117
0.972950 0.230561 0.014523 143.042463 -0.230832 0.972765 0.021112 -9.977234 -0.009260 -0.023894 0.999672 -1.069260
0.970748 0.239687 0.014094 144.636913 -0.239925 0.970611 0.018735 -10.381965 -0.009189 -0.021568 0.999725 -1.073702
0.967177 0.254000 0.007321 150.180542 -0.254082 0.967077 0.014299 -11.870953 -0.003448 -0.015690 0.999871 -1.087063
0.967468 0.252931 0.005641 152.427981 -0.252973 0.967432 0.008938 -12.478372 -0.003196 -0.010074 0.999944 -1.092384
0.967913 0.251231 0.005185 154.111275 -0.251246 0.967920 0.002440 -12.936191 -0.004406 -0.003665 0.999984 -1.096296
0.968286 0.249776 0.005796 155.817799 -0.249774 0.968304 -0.001063 -13.398703 -0.005877 -0.000418 0.999983 -1.100303
0.969315 0.245753 0.005738 157.885294 -0.245727 0.969327 -0.004901 -13.960979 -0.006767 0.003341 0.999972 -1.105109
0.970323 0.241804 0.002029 159.623854 -0.241801 0.970324 -0.001648 -14.416303 -0.002367 0.001109 0.999997 -1.109595
0.971014 0.238979 0.004541 161.373435 -0.238977 0.971025 -0.001057 -14.877722 -0.004662 -0.000058 0.999989 -1.114029
0.971500 0.237036 0.001527 163.071966 -0.237034 0.971500 -0.001563 -15.316186 -0.001854 0.001156 0.999998 -1.118575
0.971671 0.236295 -0.004554 164.777334 -0.236308 0.971675 -0.002567 -15.761824 0.003818 0.003570 0.999986 -1.123001
0.972448 0.233062 -0.005136 166.988743 -0.233049 0.972460 0.003094 -16.324017 0.005715 -0.001812 0.999982 -1.129141
0.972567 0.232608 -0.002543 168.659770 -0.232596 0.972564 0.004303 -16.743641 0.003474 -0.003594 0.999988 -1.133912
0.972691 0.232097 0.001628 170.854640 -0.232103 0.972679 0.004913 -17.283209 -0.000443 -0.005157 0.999987 -1.140474
0.972951 0.231006 0.001582 172.518782 -0.231011 0.972932 0.006147 -17.689492 -0.000119 -0.006347 0.999980 -1.145522
0.973092 0.230406 0.002404 174.426836 -0.230417 0.973074 0.005870 -18.152880 -0.000987 -0.006266 0.999980 -1.151371
0.973062 0.230536 0.001641 176.187069 -0.230541 0.973057 0.003195 -18.594992 -0.000861 -0.003487 0.999994 -1.156395
0.973213 0.229895 0.002099 177.900194 -0.229900 0.973212 0.002167 -19.021453 -0.001544 -0.002591 0.999995 -1.161382
0.973421 0.228994 0.003527 179.597811 -0.229008 0.973416 0.004097 -19.444431 -0.002495 -0.004796 0.999985 -1.166314
0.973654 0.227945 0.006303 181.330391 -0.227981 0.973649 0.005618 -19.868742 -0.004857 -0.006907 0.999964 -1.171535
0.973825 0.227243 0.004958 183.032469 -0.227281 0.973784 0.009395 -20.287471 -0.002693 -0.010276 0.999944 -1.176616
0.974040 0.226296 0.005976 184.761897 -0.226342 0.974010 0.008601 -20.709433 -0.003874 -0.009731 0.999945 -1.181868
0.973816 0.227252 0.006244 186.518173 -0.227290 0.973807 0.006247 -21.146725 -0.004661 -0.007502 0.999961 -1.186978
0.974105 0.226022 0.005871 188.254362 -0.226048 0.974106 0.004348 -21.571359 -0.004737 -0.005563 0.999973 -1.192225
0.974418 0.224643 0.006728 189.987473 -0.224674 0.974424 0.004333 -21.984936 -0.005583 -0.005734 0.999968 -1.197725
0.974336 0.224835 0.010837 191.677121 -0.224917 0.974353 0.007028 -22.398303 -0.008979 -0.009285 0.999917 -1.202828
0.974559 0.223961 0.008695 193.369725 -0.224034 0.974545 0.008469 -22.805590 -0.006577 -0.010202 0.999926 -1.208113
0.974755 0.223205 0.005601 195.055078 -0.223260 0.974677 0.012656 -23.213488 -0.002634 -0.013587 0.999904 -1.213315
0.974878 0.222612 0.007578 196.744808 -0.222703 0.974775 0.014732 -23.618694 -0.004108 -0.016050 0.999863 -1.218627
0.975069 0.221899 0.000671 198.709396 -0.221880 0.974935 0.016435 -24.086906 0.002993 -0.016174 0.999865 -1.224877
0.974739 0.223126 0.009943 200.401122 -0.223198 0.974749 0.006886 -24.490796 -0.008156 -0.008931 0.999927 -1.230240
0.975078 0.221789 0.005697 202.123314 -0.221811 0.975083 0.003630 -24.901115 -0.004750 -0.004803 0.999977 -1.235722
0.975460 0.220170 0.001595 204.191583 -0.220174 0.975405 0.010439 -25.392259 0.000742 -0.010534 0.999944 -1.242347
0.975750 0.218887 -0.000397 206.217222 -0.218841 0.975579 0.018815 -25.867759 0.004505 -0.018272 0.999823 -1.248975
0.975477 0.220096 0.001514 208.358183 -0.220070 0.975203 0.023406 -26.370175 0.003675 -0.023166 0.999725 -1.255986
0.975544 0.219756 0.004583 210.005636 -0.219802 0.975238 0.024440 -26.754601 0.000902 -0.024850 0.999691 -1.261435
0.975155 0.221328 0.009285 211.914869 -0.221496 0.974834 0.025281 -27.206916 -0.003456 -0.026710 0.999637 -1.267578
0.975343 0.220488 0.009546 213.650022 -0.220663 0.975024 0.025210 -27.611999 -0.003749 -0.026695 0.999637 -1.273313
0.975270 0.220873 0.007981 215.303860 -0.221007 0.974933 0.025728 -27.996401 -0.002098 -0.026855 0.999637 -1.278822
0.975321 0.220677 0.007128 217.072862 -0.220789 0.974972 0.026101 -28.404774 -0.001189 -0.027030 0.999634 -1.284787
0.975146 0.221527 0.004088 218.752536 -0.221559 0.974826 0.025032 -28.802831 0.001560 -0.025315 0.999678 -1.290187
0.974960 0.222323 0.004999 220.401015 -0.222379 0.974672 0.023697 -29.199658 0.000396 -0.024215 0.999707 -1.295331
0.975499 0.219941 0.005200 222.104999 -0.220002 0.975213 0.023633 -29.605147 0.000127 -0.024198 0.999707 -1.300767
0.976154 0.216951 0.007515 223.756545 -0.217070 0.975866 0.023788 -29.986339 -0.002173 -0.024852 0.999689 -1.306337
0.976815 0.213830 0.010416 225.453984 -0.214019 0.976560 0.022964 -30.372669 -0.005262 -0.024660 0.999682 -1.312201
0.977452 0.210917 0.010093 227.613901 -0.211089 0.977242 0.020951 -30.856132 -0.005445 -0.022609 0.999730 -1.319869
0.977934 0.208766 0.007839 229.229356 -0.208881 0.977750 0.019310 -31.217589 -0.003634 -0.020521 0.999783 -1.325608
0.978188 0.207557 0.008246 230.790501 -0.207669 0.978060 0.016486 -31.566734 -0.004644 -0.017839 0.999830 -1.331158
0.978904 0.204091 0.009672 232.370376 -0.204218 0.978814 0.014752 -31.916170 -0.006456 -0.016416 0.999844 -1.336874
0.979651 0.200417 0.010830 233.936199 -0.200564 0.979568 0.014831 -32.257787 -0.007637 -0.016701 0.999831 -1.342659
0.980361 0.196822 0.012391 235.737823 -0.197027 0.980225 0.018422 -32.641741 -0.008520 -0.020502 0.999754 -1.349547
0.980738 0.195134 0.008699 237.312099 -0.195264 0.980583 0.018126 -32.973176 -0.004994 -0.019475 0.999798 -1.355669
0.981201 0.192906 0.005581 239.275166 -0.192975 0.981047 0.017536 -33.383147 -0.002093 -0.018283 0.999831 -1.363388
0.981512 0.191314 0.005688 240.832274 -0.191375 0.981426 0.013386 -33.699992 -0.003022 -0.014227 0.999894 -1.369724
0.981855 0.189466 0.007951 242.397042 -0.189578 0.981716 0.017118 -34.014500 -0.004562 -0.018315 0.999822 -1.376189
0.982177 0.187618 0.011343 243.968431 -0.187795 0.982055 0.017322 -34.329962 -0.007889 -0.019143 0.999786 -1.382692
0.982230 0.187258 0.012593 245.539499 -0.187423 0.982186 0.013513 -34.645731 -0.009838 -0.015633 0.999829 -1.389184
0.982445 0.186306 0.009546 247.124768 -0.186450 0.982311 0.017365 -34.961947 -0.006142 -0.018840 0.999804 -1.395796
0.982796 0.184301 0.012086 248.690936 -0.184521 0.982609 0.020756 -35.275312 -0.008051 -0.022629 0.999712 -1.402304
0.982601 0.185278 0.012910 250.255260 -0.185550 0.982327 0.024578 -35.586197 -0.008128 -0.026546 0.999615 -1.408858
0.982586 0.185408 0.012192 251.836653 -0.185662 0.982300 0.024818 -35.899202 -0.007375 -0.026649 0.999618 -1.415516
0.982443 0.186362 0.008637 253.430264 -0.186502 0.982246 0.020257 -36.208185 -0.004709 -0.021512 0.999757 -1.422389
0.981844 0.189542 0.007498 255.456882 -0.189647 0.981696 0.017540 -36.618226 -0.004037 -0.018643 0.999818 -1.430694
0.981709 0.190208 0.008239 257.704958 -0.190337 0.981522 0.019638 -37.068304 -0.004351 -0.020847 0.999773 -1.440028
0.981238 0.192612 0.008536 259.239940 -0.192763 0.980966 0.023410 -37.377681 -0.003865 -0.024616 0.999690 -1.446349
0.980289 0.197381 0.008573 260.768134 -0.197536 0.979981 0.024831 -37.699124 -0.003500 -0.026035 0.999655 -1.452300
0.979707 0.200270 0.008150 262.298833 -0.200410 0.979420 0.023909 -38.020089 -0.003194 -0.025057 0.999681 -1.458286
0.978794 0.204571 0.010625 263.770417 -0.204779 0.978488 0.025039 -38.335371 -0.005274 -0.026684 0.999630 -1.463870
0.978234 0.207171 0.011734 265.253052 -0.207417 0.977896 0.026419 -38.655356 -0.006002 -0.028278 0.999582 -1.469436
0.977581 0.210098 0.013972 266.731941 -0.210417 0.977214 0.027864 -38.982935 -0.007800 -0.030180 0.999514 -1.474775
0.976832 0.213200 0.018578 268.177038 -0.213659 0.976512 0.027832 -39.307605 -0.012208 -0.031157 0.999440 -1.479874
0.976164 0.216429 0.016205 269.536274 -0.216785 0.975898 0.025035 -39.623596 -0.010396 -0.027951 0.999555 -1.484401
0.975773 0.218011 0.018384 270.891800 -0.218434 0.975519 0.025480 -39.939730 -0.012379 -0.028878 0.999506 -1.488889
0.975373 0.219543 0.021172 272.228339 -0.220069 0.975111 0.026972 -40.253366 -0.014723 -0.030967 0.999412 -1.493266
0.975170 0.220169 0.023858 273.619351 -0.220842 0.974827 0.030691 -40.579230 -0.016500 -0.035197 0.999244 -1.497835
0.975322 0.219349 0.025156 274.837893 -0.220095 0.974947 0.032207 -40.862666 -0.017461 -0.036949 0.999165 -1.501889
0.974894 0.221422 0.023544 276.048888 -0.222058 0.974598 0.029139 -41.151958 -0.016494 -0.033635 0.999298 -1.505724
0.975107 0.221036 0.017585 277.227010 -0.221391 0.974941 0.021803 -41.427820 -0.012325 -0.025154 0.999608 -1.509597
0.974850 0.222147 0.017827 278.364460 -0.222481 0.974738 0.019680 -41.700641 -0.013005 -0.023152 0.999647 -1.513171
0.974856 0.221789 0.021572 279.430690 -0.222240 0.974758 0.021378 -41.958810 -0.016286 -0.025635 0.999539 -1.516459
0.974672 0.222508 0.022477 280.767001 -0.223002 0.974557 0.022556 -42.278345 -0.016887 -0.026997 0.999493 -1.520683
0.974253 0.224424 0.021572 281.741861 -0.224969 0.973978 0.027482 -42.518455 -0.014844 -0.031627 0.999390 -1.523586
0.974145 0.224937 0.021077 282.970296 -0.225529 0.973712 0.031968 -42.815728 -0.013333 -0.035895 0.999267 -1.527379
0.973885 0.226314 0.018173 283.816052 -0.226769 0.973518 0.028958 -43.020963 -0.011138 -0.032323 0.999415 -1.529976
0.973523 0.228143 0.014256 286.867305 -0.228438 0.973250 0.024519 -43.771104 -0.008281 -0.027126 0.999598 -1.539098
0.973408 0.228825 0.010753 287.822589 -0.229005 0.973206 0.020658 -44.009436 -0.005738 -0.022571 0.999729 -1.541866
0.973299 0.229382 0.008572 288.494559 -0.229511 0.973103 0.019861 -44.178570 -0.003786 -0.021299 0.999766 -1.543774
0.973259 0.229636 0.005838 289.154649 -0.229705 0.973087 0.018364 -44.342468 -0.001464 -0.019214 0.999814 -1.545707
0.973259 0.229640 0.005679 289.768332 -0.229703 0.973124 0.016295 -44.496681 -0.001784 -0.017163 0.999851 -1.547456
0.973067 0.230462 0.005358 290.343823 -0.230520 0.972932 0.016223 -44.642573 -0.001475 -0.017021 0.999854 -1.549064
0.973004 0.230752 0.004134 290.871301 -0.230789 0.972856 0.016966 -44.774111 -0.000107 -0.017462 0.999848 -1.550594
0.972948 0.230970 0.005019 291.355044 -0.231021 0.972817 0.016010 -44.898975 -0.001185 -0.016736 0.999859 -1.551889
0.972995 0.230778 0.004675 291.894612 -0.230821 0.972895 0.014003 -45.035226 -0.001317 -0.014704 0.999891 -1.553410
0.973028 0.230578 0.007092 292.447948 -0.230658 0.972931 0.014236 -45.172014 -0.003617 -0.015488 0.999874 -1.555045
0.973123 0.230161 0.007579 292.791649 -0.230252 0.973016 0.014933 -45.257654 -0.003938 -0.016276 0.999860 -1.556044
0.973004 0.230613 0.008975 293.092766 -0.230718 0.972932 0.013160 -45.336847 -0.005697 -0.014876 0.999873 -1.556812
0.973005 0.230606 0.009038 293.292255 -0.230710 0.972935 0.013041 -45.388599 -0.005786 -0.014774 0.999874 -1.557340
0.973006 0.230626 0.008383 293.408131 -0.230722 0.972929 0.013246 -45.419216 -0.005101 -0.014823 0.999877 -1.557632
0.973082 0.230303 0.008438 293.465928 -0.230400 0.973005 0.013303 -45.434254 -0.005146 -0.014889 0.999876 -1.557784
0.973215 0.229835 0.005307 293.487444 -0.229888 0.973116 0.014015 -45.441077 -0.001943 -0.014859 0.999888 -1.557809
0.973258 0.229681 0.003916 293.479466 -0.229713 0.973155 0.014158 -45.440690 -0.000559 -0.014679 0.999892 -1.557745
0.973323 0.229404 0.003963 293.471489 -0.229437 0.973217 0.014368 -45.440303 -0.000561 -0.014894 0.999889 -1.557681
0.973353 0.229274 0.004075 293.468715 -0.229309 0.973249 0.014277 -45.440922 -0.000692 -0.014831 0.999890 -1.557640
0.973371 0.229193 0.004373 293.467801 -0.229233 0.973266 0.014364 -45.441810 -0.000964 -0.014984 0.999887 -1.557608
0.973379 0.229163 0.004109 293.467436 -0.229199 0.973277 0.014148 -45.442826 -0.000757 -0.014713 0.999891 -1.557579
0.973382 0.229153 0.004062 293.467288 -0.229188 0.973276 0.014381 -45.443729 -0.000658 -0.014929 0.999888 -1.557555
0.973375 0.229182 0.003998 293.467137 -0.229216 0.973271 0.014247 -45.444496 -0.000626 -0.014784 0.999891 -1.557534
0.973396 0.229095 0.003935 293.466929 -0.229128 0.973290 0.014365 -45.445154 -0.000539 -0.014884 0.999889 -1.557515
0.973409 0.229040 0.003849 293.466724 -0.229072 0.973302 0.014462 -45.445949 -0.000434 -0.014959 0.999888 -1.557493
0.973421 0.228991 0.003782 293.466625 -0.229022 0.973314 0.014445 -45.446551 -0.000373 -0.014927 0.999889 -1.557477
0.973413 0.229027 0.003730 293.466526 -0.229057 0.973306 0.014430 -45.447153 -0.000326 -0.014901 0.999889 -1.557461
0.973419 0.229000 0.003718 293.466319 -0.229030 0.973311 0.014495 -45.447811 -0.000299 -0.014961 0.999888 -1.557442
0.973421 0.228994 0.003640 293.466222 -0.229023 0.973313 0.014503 -45.448550 -0.000222 -0.014951 0.999888 -1.557422
0.973419 0.229003 0.003553 293.466066 -0.229031 0.973312 0.014434 -45.449044 -0.000152 -0.014864 0.999890 -1.557408
0.973424 0.228987 0.003414 293.465963 -0.229012 0.973316 0.014452 -45.449373 -0.000014 -0.014850 0.999890 -1.557399
0.973421 0.229000 0.003352 293.465915 -0.229025 0.973314 0.014374 -45.449810 0.000029 -0.014760 0.999891 -1.557387
0.973406 0.229064 0.003317 293.465812 -0.229088 0.973299 0.014399 -45.450139 0.000070 -0.014776 0.999891 -1.557378
0.973406 0.229065 0.003248 293.465708 -0.229088 0.973299 0.014406 -45.450469 0.000138 -0.014767 0.999891 -1.557369
0.973410 0.229049 0.003182 293.465659 -0.229071 0.973303 0.014403 -45.450770 0.000202 -0.014748 0.999891 -1.557360
0.973413 0.229035 0.003228 293.465609 -0.229058 0.973305 0.014511 -45.451071 0.000182 -0.014865 0.999889 -1.557352
0.973428 0.228971 0.003123 293.465505 -0.228992 0.973320 0.014491 -45.451400 0.000278 -0.014821 0.999890 -1.557343
0.973424 0.228990 0.003131 293.465453 -0.229012 0.973316 0.014488 -45.451564 0.000270 -0.014820 0.999890 -1.557338
0.973420 0.229005 0.003130 293.465402 -0.229026 0.973312 0.014501 -45.451729 0.000275 -0.014833 0.999890 -1.557334
0.973433 0.228950 0.003117 293.465406 -0.228971 0.973325 0.014541 -45.452002 0.000295 -0.014869 0.999889 -1.557327
0.973421 0.229003 0.003060 293.465354 -0.229023 0.973312 0.014570 -45.452167 0.000358 -0.014884 0.999889 -1.557322
0.973427 0.228977 0.003094 293.465303 -0.228998 0.973318 0.014560 -45.452331 0.000322 -0.014881 0.999889 -1.557317
0.973417 0.229019 0.003064 293.465251 -0.229039 0.973308 0.014589 -45.452496 0.000359 -0.014903 0.999889 -1.557313
0.973417 0.229020 0.003031 293.465197 -0.229039 0.973308 0.014611 -45.452524 0.000396 -0.014917 0.999889 -1.557311
0.973421 0.229001 0.003066 293.465145 -0.229021 0.973313 0.014558 -45.452689 0.000350 -0.014874 0.999889 -1.557307
0.973436 0.228938 0.003085 293.465147 -0.228958 0.973327 0.014611 -45.452825 0.000343 -0.014929 0.999888 -1.557303
0.973436 0.228939 0.003053 293.465095 -0.228959 0.973327 0.014545 -45.452990 0.000358 -0.014857 0.999890 -1.557299
0.973445 0.228901 0.002986 293.465097 -0.228920 0.973334 0.014691 -45.453126 0.000457 -0.014984 0.999888 -1.557295
0.973444 0.228905 0.002956 293.465100 -0.228923 0.973332 0.014766 -45.453262 0.000503 -0.015051 0.999887 -1.557292
0.973449 0.228884 0.002859 293.465046 -0.228902 0.973338 0.014714 -45.453291 0.000585 -0.014978 0.999888 -1.557291
0.973446 0.228900 0.002857 293.465048 -0.228917 0.973335 0.014720 -45.453427 0.000589 -0.014983 0.999888 -1.557287
0.973440 0.228926 0.002822 293.464994 -0.228942 0.973329 0.014682 -45.453455 0.000615 -0.014938 0.999888 -1.557286
0.973428 0.228975 0.002768 293.464996 -0.228991 0.973317 0.014732 -45.453592 0.000679 -0.014974 0.999888 -1.557282
0.973439 0.228929 0.002735 293.464942 -0.228944 0.973329 0.014656 -45.453620 0.000693 -0.014893 0.999889 -1.557281
0.973447 0.228898 0.002634 293.464944 -0.228912 0.973336 0.014698 -45.453756 0.000800 -0.014911 0.999889 -1.557278
0.973457 0.228856 0.002648 293.464944 -0.228869 0.973346 0.014738 -45.453756 0.000796 -0.014953 0.999888 -1.557278
0.973434 0.228951 0.002584 293.464890 -0.228964 0.973324 0.014703 -45.453784 0.000851 -0.014904 0.999889 -1.557277
0.973445 0.228908 0.002586 293.464947 -0.228921 0.973333 0.014768 -45.453893 0.000863 -0.014968 0.999888 -1.557274
0.973449 0.228889 0.002556 293.464892 -0.228901 0.973337 0.014835 -45.453921 0.000908 -0.015026 0.999887 -1.557273
0.973450 0.228884 0.002492 293.464892 -0.228896 0.973338 0.014799 -45.453921 0.000962 -0.014977 0.999887 -1.557273
0.973443 0.228916 0.002559 293.464838 -0.228928 0.973330 0.014845 -45.453949 0.000908 -0.015036 0.999887 -1.557272
0.973447 0.228901 0.002441 293.464895 -0.228912 0.973332 0.014947 -45.454057 0.001045 -0.015109 0.999885 -1.557270
0.973455 0.228867 0.002414 293.464841 -0.228877 0.973338 0.015108 -45.454085 0.001109 -0.015259 0.999883 -1.557268
0.973454 0.228873 0.002308 293.464841 -0.228881 0.973336 0.015161 -45.454085 0.001223 -0.015287 0.999882 -1.557268
0.973448 0.228897 0.002308 293.464841 -0.228906 0.973331 0.015138 -45.454085 0.001218 -0.015264 0.999883 -1.557268
0.973455 0.228868 0.002341 293.464841 -0.228877 0.973338 0.015137 -45.454085 0.001186 -0.015271 0.999883 -1.557268
0.973446 0.228905 0.002362 293.464843 -0.228914 0.973328 0.015191 -45.454222 0.001178 -0.015328 0.999882 -1.557265
0.973452 0.228881 0.002315 293.464843 -0.228889 0.973334 0.015166 -45.454222 0.001218 -0.015293 0.999882 -1.557265
0.973428 0.228984 0.002271 293.464843 -0.228992 0.973310 0.015190 -45.454222 0.001268 -0.015306 0.999882 -1.557265
0.973437 0.228943 0.002265 293.464843 -0.228950 0.973321 0.015114 -45.454222 0.001256 -0.015231 0.999883 -1.557265
0.973443 0.228917 0.002207 293.464789 -0.228924 0.973327 0.015127 -45.454250 0.001314 -0.015231 0.999883 -1.557264
0.973453 0.228876 0.002277 293.464789 -0.228884 0.973335 0.015194 -45.454250 0.001261 -0.015312 0.999882 -1.557264
0.973442 0.228921 0.002267 293.464789 -0.228928 0.973325 0.015189 -45.454250 0.001271 -0.015305 0.999882 -1.557264
0.973445 0.228911 0.002258 293.464845 -0.228918 0.973327 0.015185 -45.454358 0.001278 -0.015299 0.999882 -1.557261
0.973443 0.228920 0.002266 293.464845 -0.228927 0.973325 0.015186 -45.454358 0.001271 -0.015302 0.999882 -1.557261
0.973444 0.228914 0.002277 293.464791 -0.228921 0.973326 0.015199 -45.454386 0.001263 -0.015316 0.999882 -1.557260
0.973434 0.228955 0.002304 293.464791 -0.228963 0.973316 0.015217 -45.454386 0.001241 -0.015340 0.999882 -1.557260
0.973434 0.228957 0.002312 293.464791 -0.228966 0.973318 0.015076 -45.454386 0.001202 -0.015204 0.999884 -1.557260
0.973430 0.228972 0.002269 293.464791 -0.228980 0.973315 0.015020 -45.454386 0.001230 -0.015141 0.999885 -1.557260
