0.999992 0.004050 0.000000 0.587276 -0.004050 0.999992 -0.000000 -0.003505 -0.000000 0.000000 1.000000 0.000000
0.999953 0.009733 0.000000 1.717054 -0.009733 0.999953 -0.000000 -0.039342 -0.000000 0.000000 1.000000 0.000000
0.999962 0.008739 0.000000 2.303179 -0.008739 0.999962 -0.000000 -0.064334 -0.000000 0.000000 1.000000 0.000000
0.999946 0.010427 0.000000 3.106407 -0.010427 0.999946 -0.000000 -0.083640 -0.000000 0.000000 1.000000 0.000000
0.999942 0.010781 0.000000 3.678824 -0.010781 0.999942 -0.000000 -0.093457 -0.000000 0.000000 1.000000 0.000000
0.999937 0.011261 0.000000 4.267732 -0.011261 0.999937 -0.000000 -0.117053 -0.000000 0.000000 1.000000 0.000000
0.999934 0.011506 0.000000 4.861976 -0.011506 0.999934 -0.000000 -0.134305 -0.000000 0.000000 1.000000 0.000000
0.999928 0.012030 0.000000 5.415258 -0.012030 0.999928 -0.000000 -0.155856 -0.000000 0.000000 1.000000 0.000000
0.999897 0.014338 0.000000 6.004318 -0.014338 0.999897 -0.000000 -0.175592 -0.000000 0.000000 1.000000 0.000000
0.999883 0.015309 0.000000 6.551511 -0.015309 0.999883 -0.000000 -0.171362 -0.000000 0.000000 1.000000 0.000000
0.999880 0.015483 0.000000 7.129412 -0.015483 0.999880 -0.000000 -0.161869 -0.000000 0.000000 1.000000 0.000000
0.999848 0.017431 0.000000 7.691624 -0.017431 0.999848 -0.000000 -0.155191 -0.000000 0.000000 1.000000 0.000000
0.999849 0.017371 0.000000 8.250939 -0.017371 0.999849 -0.000000 -0.165298 -0.000000 0.000000 1.000000 0.000000
0.999815 0.019227 0.000000 8.828757 -0.019227 0.999815 -0.000000 -0.164076 -0.000000 0.000000 1.000000 0.000000
0.999767 0.021577 0.000000 9.583554 -0.021577 0.999767 -0.000000 -0.174125 -0.000000 0.000000 1.000000 0.000000
0.999734 0.023043 0.000000 10.209236 -0.023043 0.999734 -0.000000 -0.175242 -0.000000 0.000000 1.000000 0.000000
0.999712 0.024019 0.000000 10.752211 -0.024019 0.999712 -0.000000 -0.161090 -0.000000 0.000000 1.000000 0.000000
0.999648 0.026541 0.000000 11.363590 -0.026541 0.999648 -0.000000 -0.150372 -0.000000 0.000000 1.000000 0.000000
0.999553 0.029885 0.000000 11.944129 -0.029885 0.999553 -0.000000 -0.148594 -0.000000 0.000000 1.000000 0.000000
0.999538 0.030392 0.000000 12.522467 -0.030392 0.999538 -0.000000 -0.168878 -0.000000 0.000000 1.000000 0.000000
0.999437 0.033542 0.000000 13.102538 -0.033542 0.999437 -0.000000 -0.178167 -0.000000 0.000000 1.000000 0.000000
0.999418 0.034102 0.000000 13.692061 -0.034102 0.999418 -0.000000 -0.195910 -0.000000 0.000000 1.000000 0.000000
0.999392 0.034877 0.000000 14.268077 -0.034877 0.999392 -0.000000 -0.205994 -0.000000 0.000000 1.000000 0.000000
0.999383 0.035123 0.000000 14.847276 -0.035123 0.999383 -0.000000 -0.216835 -0.000000 0.000000 1.000000 0.000000
0.999308 0.037202 0.000000 15.423826 -0.037202 0.999308 -0.000000 -0.223538 -0.000000 0.000000 1.000000 0.000000
0.999230 0.039237 0.000000 15.996493 -0.039237 0.999230 -0.000000 -0.240230 -0.000000 0.000000 1.000000 0.000000
0.999224 0.039398 0.000000 16.545677 -0.039398 0.999224 -0.000000 -0.265169 -0.000000 0.000000 1.000000 0.000000
0.999121 0.041924 0.000000 17.111154 -0.041924 0.999121 -0.000000 -0.292712 -0.000000 0.000000 1.000000 0.000000
0.999056 0.043435 0.000000 18.214371 -0.043435 0.999056 -0.000000 -0.329940 -0.000000 0.000000 1.000000 0.000000
0.999119 0.041958 0.000000 19.145514 -0.041958 0.999119 -0.000000 -0.368252 -0.000000 0.000000 1.000000 0.000000
0.999165 0.040862 0.000000 19.713361 -0.040862 0.999165 -0.000000 -0.397867 -0.000000 0.000000 1.000000 0.000000
0.999080 0.042897 0.000000 20.277569 -0.042897 0.999080 -0.000000 -0.421840 -0.000000 0.000000 1.000000 0.000000
0.998965 0.045496 0.000000 20.840566 -0.045496 0.998965 -0.000000 -0.441533 -0.000000 0.000000 1.000000 0.000000
0.998940 0.046021 0.000000 21.403898 -0.046021 0.998940 -0.000000 -0.466586 -0.000000 0.000000 1.000000 0.000000
0.998913 0.046617 0.000000 22.004465 -0.046617 0.998913 -0.000000 -0.497873 -0.000000 0.000000 1.000000 0.000000
0.998414 0.056293 0.000000 22.573068 -0.056293 0.998414 -0.000000 -0.525941 -0.000000 0.000000 1.000000 0.000000
0.997552 0.069933 0.000000 23.702586 -0.069933 0.997552 -0.000000 -0.599978 -0.000000 0.000000 1.000000 0.000000
0.997573 0.069622 0.000000 24.261162 -0.069622 0.997573 -0.000000 -0.654315 -0.000000 0.000000 1.000000 0.000000
0.997412 0.071897 0.000000 24.826974 -0.071897 0.997412 -0.000000 -0.702661 -0.000000 0.000000 1.000000 0.000000
0.997445 0.071443 0.000000 25.350589 -0.071443 0.997445 -0.000000 -0.754704 -0.000000 0.000000 1.000000 0.000000
0.997533 0.070200 0.000000 25.910657 -0.070200 0.997533 -0.000000 -0.810728 -0.000000 0.000000 1.000000 0.000000
0.997118 0.075867 0.000000 26.811404 -0.075867 0.997118 -0.000000 -0.886559 -0.000000 0.000000 1.000000 0.000000
0.997136 0.075624 0.000000 27.408770 -0.075624 0.997136 -0.000000 -0.943572 -0.000000 0.000000 1.000000 0.000000
0.996986 0.077583 0.000000 27.968891 -0.077583 0.996986 -0.000000 -0.983800 -0.000000 0.000000 1.000000 0.000000
0.996944 0.078118 0.000000 28.530641 -0.078118 0.996944 -0.000000 -1.034178 -0.000000 0.000000 1.000000 0.000000
0.996844 0.079387 0.000000 29.092059 -0.079387 0.996844 -0.000000 -1.091663 -0.000000 0.000000 1.000000 0.000000
0.996724 0.080876 0.000000 29.656691 -0.080876 0.996724 -0.000000 -1.155290 -0.000000 0.000000 1.000000 0.000000
0.996508 0.083502 0.000000 30.215214 -0.083502 0.996508 -0.000000 -1.209866 -0.000000 0.000000 1.000000 0.000000
0.996513 0.083441 0.000000 30.781555 -0.083441 0.996513 -0.000000 -1.270565 -0.000000 0.000000 1.000000 0.000000
0.996390 0.084892 0.000000 31.343117 -0.084892 0.996390 -0.000000 -1.323573 -0.000000 0.000000 1.000000 0.000000
0.996248 0.086544 0.000000 31.871599 -0.086544 0.996248 -0.000000 -1.376404 -0.000000 0.000000 1.000000 0.000000
0.995951 0.089893 0.000000 32.820286 -0.089893 0.995951 -0.000000 -1.471691 -0.000000 0.000000 1.000000 0.000000
0.995538 0.094358 0.000000 33.385563 -0.094358 0.995538 -0.000000 -1.526023 -0.000000 0.000000 1.000000 0.000000
0.995351 0.096312 0.000000 33.944833 -0.096312 0.995351 -0.000000 -1.578614 -0.000000 0.000000 1.000000 0.000000
0.995249 0.097363 0.000000 34.511344 -0.097363 0.995249 -0.000000 -1.636000 -0.000000 0.000000 1.000000 0.000000
0.994995 0.099927 0.000000 35.060675 -0.099927 0.994995 -0.000000 -1.691481 -0.000000 0.000000 1.000000 0.000000
0.994888 0.100986 0.000000 35.624705 -0.100986 0.994888 -0.000000 -1.752889 -0.000000 0.000000 1.000000 0.000000
0.994749 0.102349 0.000000 36.222826 -0.102349 0.994749 -0.000000 -1.806831 -0.000000 0.000000 1.000000 0.000000
0.994715 0.102678 0.000000 36.736832 -0.102678 0.994715 -0.000000 -1.850085 -0.000000 0.000000 1.000000 0.000000
0.994720 0.102622 0.000000 37.288478 -0.102622 0.994720 -0.000000 -1.888818 -0.000000 0.000000 1.000000 0.000000
0.994787 0.101977 0.000000 37.834903 -0.101977 0.994787 -0.000000 -1.935369 -0.000000 0.000000 1.000000 0.000000
0.994355 0.106101 0.000000 38.380305 -0.106101 0.994355 -0.000000 -1.971613 -0.000000 0.000000 1.000000 0.000000
0.994130 0.108196 0.000000 38.903062 -0.108196 0.994130 -0.000000 -2.017897 -0.000000 0.000000 1.000000 0.000000
0.993958 0.109760 0.000000 39.451698 -0.109760 0.993958 -0.000000 -2.079865 -0.000000 0.000000 1.000000 0.000000
0.993831 0.110902 0.000000 39.962357 -0.110902 0.993831 -0.000000 -2.136796 -0.000000 0.000000 1.000000 0.000000
0.993843 0.110801 0.000000 40.912364 -0.110801 0.993843 -0.000000 -2.249051 -0.000000 0.000000 1.000000 0.000000
0.993740 0.111716 0.000000 41.454164 -0.111716 0.993740 -0.000000 -2.302113 -0.000000 0.000000 1.000000 0.000000
0.993425 0.114484 0.000000 42.006545 -0.114484 0.993425 -0.000000 -2.364798 -0.000000 0.000000 1.000000 0.000000
0.992948 0.118550 0.000000 43.095871 -0.118550 0.992948 -0.000000 -2.494252 -0.000000 0.000000 1.000000 0.000000
0.992549 0.121848 0.000000 43.664423 -0.121848 0.992549 -0.000000 -2.580255 -0.000000 0.000000 1.000000 0.000000
0.992340 0.123538 0.000000 44.148434 -0.123538 0.992340 -0.000000 -2.643961 -0.000000 0.000000 1.000000 0.000000
0.992170 0.124898 0.000000 45.169865 -0.124898 0.992170 -0.000000 -2.783329 -0.000000 0.000000 1.000000 0.000000
0.992036 0.125958 0.000000 45.689617 -0.125958 0.992036 -0.000000 -2.855989 -0.000000 0.000000 1.000000 0.000000
0.992102 0.125433 0.000000 46.198750 -0.125433 0.992102 -0.000000 -2.926201 -0.000000 0.000000 1.000000 0.000000
0.992041 0.125918 0.000000 46.691393 -0.125918 0.992041 -0.000000 -2.965660 -0.000000 0.000000 1.000000 0.000000
0.991664 0.128851 0.000000 47.599772 -0.128851 0.991664 -0.000000 -3.086526 -0.000000 0.000000 1.000000 0.000000
0.991772 0.128018 0.000000 48.104374 -0.128018 0.991772 -0.000000 -3.150336 -0.000000 0.000000 1.000000 0.000000
0.991123 0.132945 0.000000 48.594715 -0.132945 0.991123 -0.000000 -3.180364 -0.000000 0.000000 1.000000 0.000000
0.990250 0.139305 0.000000 49.088255 -0.139305 0.990250 -0.000000 -3.219070 -0.000000 0.000000 1.000000 0.000000
0.990017 0.140950 0.000000 49.576208 -0.140950 0.990017 -0.000000 -3.256959 -0.000000 0.000000 1.000000 0.000000
0.989690 0.143227 0.000000 50.047855 -0.143227 0.989690 -0.000000 -3.300832 -0.000000 0.000000 1.000000 0.000000
0.989152 0.146896 0.000000 50.518075 -0.146896 0.989152 -0.000000 -3.347351 -0.000000 0.000000 1.000000 0.000000
0.988378 0.152016 0.000000 51.226517 -0.152016 0.988378 -0.000000 -3.437371 -0.000000 0.000000 1.000000 0.000000
0.988318 0.152409 0.000000 51.643636 -0.152409 0.988318 -0.000000 -3.490485 -0.000000 0.000000 1.000000 0.000000
0.988033 0.154240 0.000000 52.088379 -0.154240 0.988033 -0.000000 -3.552251 -0.000000 0.000000 1.000000 0.000000
0.988082 0.153932 0.000000 52.523140 -0.153932 0.988082 -0.000000 -3.599692 -0.000000 0.000000 1.000000 0.000000
0.987947 0.154793 0.000000 52.935624 -0.154793 0.987947 -0.000000 -3.643248 -0.000000 0.000000 1.000000 0.000000
0.988364 0.152105 0.000000 53.352633 -0.152105 0.988364 -0.000000 -3.694277 -0.000000 0.000000 1.000000 0.000000
0.988303 0.152502 0.000000 54.081141 -0.152502 0.988303 -0.000000 -3.802187 -0.000000 0.000000 1.000000 0.000000
0.987936 0.154863 0.000000 54.451354 -0.154863 0.987936 -0.000000 -3.854638 -0.000000 0.000000 1.000000 0.000000
0.987688 0.156436 0.000000 54.875783 -0.156436 0.987688 -0.000000 -3.912633 -0.000000 0.000000 1.000000 0.000000
0.987520 0.157491 0.000000 55.269205 -0.157491 0.987520 -0.000000 -3.975314 -0.000000 0.000000 1.000000 0.000000
0.987381 0.158365 0.000000 55.660270 -0.158365 0.987381 -0.000000 -4.028302 -0.000000 0.000000 1.000000 0.000000
0.987306 0.158830 0.000000 56.041655 -0.158830 0.987306 -0.000000 -4.083608 -0.000000 0.000000 1.000000 0.000000
0.987065 0.160318 0.000000 56.417042 -0.160318 0.987065 -0.000000 -4.150659 -0.000000 0.000000 1.000000 0.000000
0.986987 0.160800 0.000000 56.783828 -0.160800 0.986987 -0.000000 -4.216975 -0.000000 0.000000 1.000000 0.000000
0.986760 0.162188 0.000000 57.145345 -0.162188 0.986760 -0.000000 -4.269588 -0.000000 0.000000 1.000000 0.000000
0.986532 0.163569 0.000000 57.506235 -0.163569 0.986532 -0.000000 -4.323922 -0.000000 0.000000 1.000000 0.000000
0.986028 0.166579 0.000000 58.174957 -0.166579 0.986028 -0.000000 -4.442781 -0.000000 0.000000 1.000000 0.000000
0.986241 0.165313 0.000000 58.505111 -0.165313 0.986241 -0.000000 -4.509160 -0.000000 0.000000 1.000000 0.000000
0.986285 0.165049 0.000000 58.813935 -0.165049 0.986285 -0.000000 -4.567975 -0.000000 0.000000 1.000000 0.000000
0.986179 0.165684 0.000000 59.142348 -0.165684 0.986179 -0.000000 -4.624577 -0.000000 0.000000 1.000000 0.000000
0.985978 0.166875 0.000000 59.458270 -0.166875 0.985978 -0.000000 -4.692451 -0.000000 0.000000 1.000000 0.000000
0.985838 0.167699 0.000000 59.752997 -0.167699 0.985838 -0.000000 -4.741527 -0.000000 0.000000 1.000000 0.000000
0.984866 0.173317 0.000000 60.074298 -0.173317 0.984866 -0.000000 -4.780825 -0.000000 0.000000 1.000000 0.000000
0.984804 0.173671 0.000000 60.389873 -0.173671 0.984804 -0.000000 -4.844017 -0.000000 0.000000 1.000000 0.000000
0.985227 0.171252 0.000000 60.902532 -0.171252 0.985227 -0.000000 -4.941113 -0.000000 0.000000 1.000000 0.000000
0.985249 0.171126 0.000000 61.204258 -0.171126 0.985249 -0.000000 -4.992893 -0.000000 0.000000 1.000000 0.000000
0.984979 0.172672 0.000000 61.507711 -0.172672 0.984979 -0.000000 -5.051109 -0.000000 0.000000 1.000000 0.000000
0.984606 0.174790 0.000000 61.820243 -0.174790 0.984606 -0.000000 -5.108554 -0.000000 0.000000 1.000000 0.000000
0.984512 0.175316 0.000000 62.114584 -0.175316 0.984512 -0.000000 -5.170326 -0.000000 0.000000 1.000000 0.000000
0.984170 0.177230 0.000000 62.392653 -0.177230 0.984170 -0.000000 -5.225523 -0.000000 0.000000 1.000000 0.000000
0.984216 0.176970 0.000000 62.698124 -0.176970 0.984216 -0.000000 -5.276620 -0.000000 0.000000 1.000000 0.000000
0.984284 0.176593 0.000000 62.979560 -0.176593 0.984284 -0.000000 -5.326079 -0.000000 0.000000 1.000000 0.000000
0.984090 0.177673 0.000000 63.259442 -0.177673 0.984090 -0.000000 -5.361178 -0.000000 0.000000 1.000000 0.000000
0.983414 0.181374 0.000000 63.722734 -0.181374 0.983414 -0.000000 -5.438560 -0.000000 0.000000 1.000000 0.000000
0.983132 0.182896 0.000000 63.971703 -0.182896 0.983132 -0.000000 -5.473566 -0.000000 0.000000 1.000000 0.000000
0.983109 0.183020 0.000000 64.250205 -0.183020 0.983109 -0.000000 -5.514896 -0.000000 0.000000 1.000000 0.000000
0.982969 0.183773 0.000000 64.517663 -0.183773 0.982969 -0.000000 -5.551998 -0.000000 0.000000 1.000000 0.000000
0.982803 0.184658 0.000000 64.784166 -0.184658 0.982803 -0.000000 -5.596802 -0.000000 0.000000 1.000000 0.000000
0.982681 0.185304 0.000000 65.046695 -0.185304 0.982681 -0.000000 -5.647599 -0.000000 0.000000 1.000000 0.000000
0.982463 0.186455 0.000000 65.302942 -0.186455 0.982463 -0.000000 -5.692802 -0.000000 0.000000 1.000000 0.000000
0.982404 0.186767 0.000000 65.562062 -0.186767 0.982404 -0.000000 -5.746251 -0.000000 0.000000 1.000000 0.000000
0.982284 0.187400 0.000000 65.803036 -0.187400 0.982284 -0.000000 -5.790535 -0.000000 0.000000 1.000000 0.000000
0.982326 0.187177 0.000000 66.069346 -0.187177 0.982326 -0.000000 -5.839016 -0.000000 0.000000 1.000000 0.000000
0.982162 0.188037 0.000000 66.318057 -0.188037 0.982162 -0.000000 -5.886902 -0.000000 0.000000 1.000000 0.000000
0.981972 0.189027 0.000000 66.576180 -0.189027 0.981972 -0.000000 -5.931207 -0.000000 0.000000 1.000000 0.000000
0.981643 0.190729 0.000000 67.005147 -0.190729 0.981643 -0.000000 -6.021685 -0.000000 0.000000 1.000000 0.000000
0.981341 0.192274 0.000000 67.263310 -0.192274 0.981341 -0.000000 -6.067667 -0.000000 0.000000 1.000000 0.000000
0.981207 0.192960 0.000000 67.537320 -0.192960 0.981207 -0.000000 -6.125309 -0.000000 0.000000 1.000000 0.000000
0.980979 0.194116 0.000000 67.800978 -0.194116 0.980979 -0.000000 -6.179780 -0.000000 0.000000 1.000000 0.000000
0.980889 0.194567 0.000000 68.075915 -0.194567 0.980889 -0.000000 -6.237187 -0.000000 0.000000 1.000000 0.000000
0.980526 0.196389 0.000000 68.355573 -0.196389 0.980526 -0.000000 -6.295495 -0.000000 0.000000 1.000000 0.000000
0.980352 0.197254 0.000000 68.600367 -0.197254 0.980352 -0.000000 -6.348548 -0.000000 0.000000 1.000000 0.000000
0.980313 0.197448 0.000000 68.880400 -0.197448 0.980313 -0.000000 -6.410279 -0.000000 0.000000 1.000000 0.000000
0.979733 0.200309 0.000000 69.150053 -0.200309 0.979733 -0.000000 -6.473207 -0.000000 0.000000 1.000000 0.000000
0.979167 0.203058 0.000000 69.402904 -0.203058 0.979167 -0.000000 -6.528767 -0.000000 0.000000 1.000000 0.000000
0.979056 0.203590 0.000000 69.673264 -0.203590 0.979056 -0.000000 -6.590317 -0.000000 0.000000 1.000000 0.000000
0.979144 0.203167 0.000000 69.932862 -0.203167 0.979144 -0.000000 -6.653550 -0.000000 0.000000 1.000000 0.000000
0.978542 0.206046 0.000000 70.695554 -0.206046 0.978542 -0.000000 -6.824034 -0.000000 0.000000 1.000000 0.000000
0.977795 0.209564 0.000000 70.978408 -0.209564 0.977795 -0.000000 -6.882665 -0.000000 0.000000 1.000000 0.000000
0.977181 0.212409 0.000000 71.262492 -0.212409 0.977181 -0.000000 -6.935730 -0.000000 0.000000 1.000000 0.000000
0.976735 0.214449 0.000000 71.547441 -0.214449 0.976735 -0.000000 -6.989667 -0.000000 0.000000 1.000000 0.000000
0.977097 0.212795 0.000000 71.830975 -0.212795 0.977097 -0.000000 -7.042656 -0.000000 0.000000 1.000000 0.000000
0.976564 0.215227 0.000000 72.421671 -0.215227 0.976564 -0.000000 -7.179298 -0.000000 0.000000 1.000000 0.000000
0.976580 0.215153 0.000000 72.721110 -0.215153 0.976580 -0.000000 -7.246137 -0.000000 0.000000 1.000000 0.000000
0.976289 0.216472 0.000000 73.003304 -0.216472 0.976289 -0.000000 -7.308530 -0.000000 0.000000 1.000000 0.000000
0.976039 0.217597 0.000000 73.455665 -0.217597 0.976039 -0.000000 -7.412070 -0.000000 0.000000 1.000000 0.000000
0.975323 0.220785 0.000000 73.767479 -0.220785 0.975323 -0.000000 -7.479386 -0.000000 0.000000 1.000000 0.000000
0.974120 0.226033 0.000000 74.284958 -0.226033 0.974120 -0.000000 -7.596961 -0.000000 0.000000 1.000000 0.000000
0.973918 0.226902 0.000000 74.598332 -0.226902 0.973918 -0.000000 -7.665036 -0.000000 0.000000 1.000000 0.000000
0.973946 0.226781 0.000000 74.923476 -0.226781 0.973946 -0.000000 -7.735138 -0.000000 0.000000 1.000000 0.000000
0.972146 0.234376 0.000000 75.240876 -0.234376 0.972146 -0.000000 -7.791653 -0.000000 0.000000 1.000000 0.000000
0.972088 0.234617 0.000000 75.588765 -0.234617 0.972088 -0.000000 -7.875116 -0.000000 0.000000 1.000000 0.000000
0.971522 0.236948 0.000000 76.145240 -0.236948 0.971522 -0.000000 -8.009064 -0.000000 0.000000 1.000000 0.000000
0.972185 0.234216 0.000000 76.494793 -0.234216 0.972185 -0.000000 -8.083918 -0.000000 0.000000 1.000000 0.000000
0.971899 0.235400 0.000000 76.871452 -0.235400 0.971899 -0.000000 -8.159665 -0.000000 0.000000 1.000000 0.000000
0.971915 0.235334 0.000000 77.230445 -0.235334 0.971915 -0.000000 -8.235776 -0.000000 0.000000 1.000000 0.000000
0.971833 0.235670 0.000000 77.877280 -0.235670 0.971833 -0.000000 -8.388445 -0.000000 0.000000 1.000000 0.000000
0.971937 0.235242 0.000000 78.531713 -0.235242 0.971937 -0.000000 -8.527983 -0.000000 0.000000 1.000000 0.000000
0.972251 0.233942 0.000000 78.920059 -0.233942 0.972251 -0.000000 -8.630169 -0.000000 0.000000 1.000000 0.000000
0.972373 0.233433 0.000000 79.343821 -0.233433 0.972373 -0.000000 -8.719953 -0.000000 0.000000 1.000000 0.000000
0.971771 0.235927 0.000000 79.739332 -0.235927 0.971771 -0.000000 -8.814404 -0.000000 0.000000 1.000000 0.000000
0.972021 0.234894 0.000000 80.161434 -0.234894 0.972021 -0.000000 -8.927027 -0.000000 0.000000 1.000000 0.000000
0.971323 0.237762 0.000000 80.559997 -0.237762 0.971323 -0.000000 -9.031860 -0.000000 0.000000 1.000000 0.000000
0.971473 0.237149 0.000000 80.995714 -0.237149 0.971473 -0.000000 -9.142303 -0.000000 0.000000 1.000000 0.000000
0.972292 0.233769 0.000000 81.667143 -0.233769 0.972292 -0.000000 -9.317942 -0.000000 0.000000 1.000000 0.000000
0.972204 0.234137 0.000000 82.462269 -0.234137 0.972204 -0.000000 -9.512220 -0.000000 0.000000 1.000000 0.000000
0.972323 0.233640 0.000000 82.910304 -0.233640 0.972323 -0.000000 -9.623988 -0.000000 0.000000 1.000000 0.000000
0.971447 0.237258 0.000000 83.373490 -0.237258 0.971447 -0.000000 -9.747579 -0.000000 0.000000 1.000000 0.000000
0.971256 0.238036 0.000000 83.821448 -0.238036 0.971256 -0.000000 -9.863867 -0.000000 0.000000 1.000000 0.000000
0.971010 0.239040 0.000000 84.310532 -0.239040 0.971010 -0.000000 -10.006544 -0.000000 0.000000 1.000000 0.000000
0.970866 0.239622 0.000000 84.744900 -0.239622 0.970866 -0.000000 -10.130881 -0.000000 0.000000 1.000000 0.000000
0.969205 0.246254 0.000000 85.242410 -0.246254 0.969205 -0.000000 -10.261134 -0.000000 0.000000 1.000000 0.000000
0.968593 0.248650 0.000000 85.746198 -0.248650 0.968593 -0.000000 -10.393756 -0.000000 0.000000 1.000000 0.000000
0.967554 0.252666 0.000000 86.252784 -0.252666 0.967554 -0.000000 -10.519157 -0.000000 0.000000 1.000000 0.000000
0.967020 0.254702 0.000000 86.738250 -0.254702 0.967020 -0.000000 -10.634493 -0.000000 0.000000 1.000000 0.000000
0.966664 0.256048 0.000000 87.260324 -0.256048 0.966664 -0.000000 -10.765699 -0.000000 0.000000 1.000000 0.000000
0.965504 0.260390 0.000000 88.193228 -0.260390 0.965504 -0.000000 -11.007451 -0.000000 0.000000 1.000000 0.000000
0.965687 0.259710 0.000000 88.724746 -0.259710 0.965687 -0.000000 -11.147119 -0.000000 0.000000 1.000000 0.000000
0.965657 0.259822 0.000000 89.268628 -0.259822 0.965657 -0.000000 -11.284894 -0.000000 0.000000 1.000000 0.000000
0.964467 0.264202 0.000000 89.819185 -0.264202 0.964467 -0.000000 -11.413711 -0.000000 0.000000 1.000000 0.000000
0.963192 0.268813 0.000000 90.369295 -0.268813 0.963192 -0.000000 -11.560088 -0.000000 0.000000 1.000000 0.000000
0.963191 0.268817 0.000000 91.204199 -0.268817 0.963191 -0.000000 -11.797064 -0.000000 0.000000 1.000000 0.000000
0.962765 0.270340 0.000000 91.732991 -0.270340 0.962765 -0.000000 -11.937269 -0.000000 0.000000 1.000000 0.000000
0.960045 0.279846 0.000000 92.817262 -0.279846 0.960045 -0.000000 -12.259373 -0.000000 0.000000 1.000000 0.000000
0.959065 0.283188 0.000000 93.540546 -0.283188 0.959065 -0.000000 -12.463107 -0.000000 0.000000 1.000000 0.000000
0.958297 0.285774 0.000000 94.118271 -0.285774 0.958297 -0.000000 -12.616610 -0.000000 0.000000 1.000000 0.000000
0.956990 0.290120 0.000000 94.690534 -0.290120 0.956990 -0.000000 -12.791447 -0.000000 0.000000 1.000000 0.000000
0.955558 0.294803 0.000000 95.265598 -0.294803 0.955558 -0.000000 -12.970495 -0.000000 0.000000 1.000000 0.000000
0.955274 0.295723 0.000000 95.839653 -0.295723 0.955274 -0.000000 -13.144891 -0.000000 0.000000 1.000000 0.000000
0.955080 0.296348 0.000000 96.445589 -0.296348 0.955080 -0.000000 -13.339561 -0.000000 0.000000 1.000000 0.000000
0.954485 0.298258 0.000000 97.004671 -0.298258 0.954485 -0.000000 -13.520775 -0.000000 0.000000 1.000000 0.000000
0.953636 0.300962 0.000000 97.580683 -0.300962 0.953636 -0.000000 -13.710490 -0.000000 0.000000 1.000000 0.000000
0.953309 0.301995 0.000000 98.180092 -0.301995 0.953309 -0.000000 -13.898171 -0.000000 0.000000 1.000000 0.000000
0.954426 0.298448 0.000000 98.745627 -0.298448 0.954426 -0.000000 -14.073753 -0.000000 0.000000 1.000000 0.000000
0.955274 0.295722 0.000000 99.358505 -0.295722 0.955274 -0.000000 -14.266898 -0.000000 0.000000 1.000000 0.000000
0.955228 0.295871 0.000000 99.962209 -0.295871 0.955228 -0.000000 -14.462200 -0.000000 0.000000 1.000000 0.000000
0.954671 0.297662 0.000000 100.530490 -0.297662 0.954671 -0.000000 -14.649249 -0.000000 0.000000 1.000000 0.000000
0.954464 0.298326 0.000000 101.597072 -0.298326 0.954464 -0.000000 -14.997291 -0.000000 0.000000 1.000000 0.000000
0.953934 0.300017 0.000000 102.262555 -0.300017 0.953934 -0.000000 -15.230744 -0.000000 0.000000 1.000000 0.000000
0.953616 0.301027 0.000000 102.872167 -0.301027 0.953616 -0.000000 -15.444905 -0.000000 0.000000 1.000000 0.000000
0.952684 0.303963 0.000000 103.494877 -0.303963 0.952684 -0.000000 -15.656134 -0.000000 0.000000 1.000000 0.000000
0.951575 0.307415 0.000000 104.100539 -0.307415 0.951575 -0.000000 -15.857424 -0.000000 0.000000 1.000000 0.000000
0.951983 0.306152 0.000000 104.717771 -0.306152 0.951983 -0.000000 -16.063460 -0.000000 0.000000 1.000000 0.000000
0.951764 0.306831 0.000000 105.293856 -0.306831 0.951764 -0.000000 -16.249105 -0.000000 0.000000 1.000000 0.000000
0.951729 0.306941 0.000000 105.912098 -0.306941 0.951729 -0.000000 -16.454429 -0.000000 0.000000 1.000000 0.000000
0.951570 0.307434 0.000000 106.493322 -0.307434 0.951570 -0.000000 -16.647034 -0.000000 0.000000 1.000000 0.000000
0.950724 0.310037 0.000000 107.118802 -0.310037 0.950724 -0.000000 -16.871504 -0.000000 0.000000 1.000000 0.000000
0.950027 0.312167 0.000000 107.732734 -0.312167 0.950027 -0.000000 -17.090083 -0.000000 0.000000 1.000000 0.000000
0.949735 0.313056 0.000000 108.360656 -0.313056 0.949735 -0.000000 -17.309332 -0.000000 0.000000 1.000000 0.000000
0.950050 0.312098 0.000000 109.142493 -0.312098 0.950050 -0.000000 -17.586371 -0.000000 0.000000 1.000000 0.000000
0.949875 0.312631 0.000000 109.734558 -0.312631 0.949875 -0.000000 -17.786739 -0.000000 0.000000 1.000000 0.000000
0.947923 0.318499 0.000000 110.359346 -0.318499 0.947923 -0.000000 -18.020237 -0.000000 0.000000 1.000000 0.000000
0.948614 0.316435 0.000000 111.350577 -0.316435 0.948614 -0.000000 -18.361407 -0.000000 0.000000 1.000000 0.000000
0.948525 0.316703 0.000000 111.986114 -0.316703 0.948525 -0.000000 -18.589333 -0.000000 0.000000 1.000000 0.000000
0.948377 0.317146 0.000000 112.617606 -0.317146 0.948377 -0.000000 -18.817454 -0.000000 0.000000 1.000000 0.000000
0.947469 0.319847 0.000000 113.257686 -0.319847 0.947469 -0.000000 -19.040173 -0.000000 0.000000 1.000000 0.000000
0.947377 0.320120 0.000000 113.879616 -0.320120 0.947377 -0.000000 -19.265770 -0.000000 0.000000 1.000000 0.000000
0.947138 0.320827 0.000000 114.519164 -0.320827 0.947138 -0.000000 -19.491806 -0.000000 0.000000 1.000000 0.000000
0.947373 0.320131 0.000000 115.120285 -0.320131 0.947373 -0.000000 -19.700084 -0.000000 0.000000 1.000000 0.000000
0.947343 0.320221 0.000000 116.249573 -0.320221 0.947343 -0.000000 -20.092169 -0.000000 0.000000 1.000000 0.000000
0.947389 0.320086 0.000000 116.894142 -0.320086 0.947389 -0.000000 -20.307662 -0.000000 0.000000 1.000000 0.000000
0.947476 0.319826 0.000000 117.537239 -0.319826 0.947476 -0.000000 -20.521812 -0.000000 0.000000 1.000000 0.000000
0.947288 0.320382 0.000000 118.182428 -0.320382 0.947288 -0.000000 -20.743070 -0.000000 0.000000 1.000000 0.000000
0.946600 0.322410 0.000000 119.495261 -0.322410 0.946600 -0.000000 -21.184460 -0.000000 0.000000 1.000000 0.000000
0.946587 0.322448 0.000000 120.091970 -0.322448 0.946587 -0.000000 -21.377928 -0.000000 0.000000 1.000000 0.000000
0.945190 0.326520 0.000000 120.745116 -0.326520 0.945190 -0.000000 -21.589768 -0.000000 0.000000 1.000000 0.000000
0.945061 0.326895 0.000000 121.350089 -0.326895 0.945061 -0.000000 -21.796737 -0.000000 0.000000 1.000000 0.000000
0.944676 0.328006 0.000000 121.950158 -0.328006 0.944676 -0.000000 -21.998128 -0.000000 0.000000 1.000000 0.000000
0.937873 0.346980 0.000000 126.532651 -0.346980 0.937873 -0.000000 -23.731909 -0.000000 0.000000 1.000000 0.000000
0.939378 0.342884 0.000000 127.168439 -0.342884 0.939378 -0.000000 -23.963045 -0.000000 0.000000 1.000000 0.000000
0.938950 0.344054 0.000000 127.765752 -0.344054 0.938950 -0.000000 -24.184378 -0.000000 0.000000 1.000000 0.000000
0.940282 0.340398 0.000000 128.381378 -0.340398 0.940282 -0.000000 -24.423590 -0.000000 0.000000 1.000000 0.000000
0.939647 0.342145 0.000000 128.975635 -0.342145 0.939647 -0.000000 -24.644327 -0.000000 0.000000 1.000000 0.000000
0.940889 0.338714 0.000000 129.588185 -0.338714 0.940889 -0.000000 -24.876091 -0.000000 0.000000 1.000000 0.000000
0.939328 0.343021 0.000000 130.209853 -0.343021 0.939328 -0.000000 -25.114679 -0.000000 0.000000 1.000000 0.000000
0.939789 0.341755 0.000000 131.000921 -0.341755 0.939789 -0.000000 -25.427331 -0.000000 0.000000 1.000000 0.000000
0.939257 0.343215 0.000000 131.605868 -0.343215 0.939257 -0.000000 -25.673123 -0.000000 0.000000 1.000000 0.000000
0.937990 0.346661 0.000000 132.218013 -0.346661 0.937990 -0.000000 -25.898133 -0.000000 0.000000 1.000000 0.000000
0.937997 0.346642 0.000000 133.096095 -0.346642 0.937997 -0.000000 -26.238846 -0.000000 0.000000 1.000000 0.000000
0.938199 0.346095 0.000000 133.694803 -0.346095 0.938199 -0.000000 -26.479856 -0.000000 0.000000 1.000000 0.000000
0.938087 0.346400 0.000000 134.294896 -0.346400 0.938087 -0.000000 -26.712107 -0.000000 0.000000 1.000000 0.000000
0.938080 0.346417 0.000000 134.884245 -0.346417 0.938080 -0.000000 -26.938878 -0.000000 0.000000 1.000000 0.000000
0.937910 0.346879 0.000000 135.478284 -0.346879 0.937910 -0.000000 -27.175968 -0.000000 0.000000 1.000000 0.000000
0.937334 0.348432 0.000000 136.361825 -0.348432 0.937334 -0.000000 -27.515140 -0.000000 0.000000 1.000000 0.000000
0.936939 0.349493 0.000000 136.932008 -0.349493 0.936939 -0.000000 -27.736151 -0.000000 0.000000 1.000000 0.000000
0.936393 0.350952 0.000000 137.517834 -0.350952 0.936393 -0.000000 -27.958317 -0.000000 0.000000 1.000000 0.000000
0.935625 0.352996 0.000000 138.061942 -0.352996 0.935625 -0.000000 -28.170228 -0.000000 0.000000 1.000000 0.000000
0.934689 0.355467 0.000000 138.822145 -0.355467 0.934689 -0.000000 -28.471144 -0.000000 0.000000 1.000000 0.000000
0.934046 0.357153 0.000000 139.403378 -0.357153 0.934046 -0.000000 -28.699028 -0.000000 0.000000 1.000000 0.000000
0.933762 0.357895 0.000000 139.988603 -0.357895 0.933762 -0.000000 -28.928863 -0.000000 0.000000 1.000000 0.000000
0.934221 0.356696 0.000000 140.574089 -0.356696 0.934221 -0.000000 -29.160191 -0.000000 0.000000 1.000000 0.000000
0.935317 0.353812 0.000000 141.156241 -0.353812 0.935317 -0.000000 -29.388305 -0.000000 0.000000 1.000000 0.000000
0.935231 0.354038 0.000000 142.277394 -0.354038 0.935231 -0.000000 -29.831824 -0.000000 0.000000 1.000000 0.000000
0.936294 0.351218 0.000000 142.814624 -0.351218 0.936294 -0.000000 -30.044307 -0.000000 0.000000 1.000000 0.000000
0.933847 0.357672 0.000000 143.382301 -0.357672 0.933847 -0.000000 -30.269300 -0.000000 0.000000 1.000000 0.000000
0.934676 0.355501 0.000000 143.941796 -0.355501 0.934676 -0.000000 -30.500619 -0.000000 0.000000 1.000000 0.000000
0.933728 0.357985 0.000000 144.468331 -0.357985 0.933728 -0.000000 -30.725753 -0.000000 0.000000 1.000000 0.000000
0.934182 0.356796 0.000000 145.025577 -0.356796 0.934182 -0.000000 -30.963819 -0.000000 0.000000 1.000000 0.000000
0.936196 0.351479 0.000000 145.712585 -0.351479 0.936196 -0.000000 -31.249046 -0.000000 0.000000 1.000000 0.000000
0.937029 0.349251 0.000000 146.261493 -0.349251 0.937029 -0.000000 -31.488209 -0.000000 0.000000 1.000000 0.000000
0.936975 0.349398 0.000000 146.768533 -0.349398 0.936975 -0.000000 -31.705981 -0.000000 0.000000 1.000000 0.000000
0.936977 0.349391 0.000000 147.321190 -0.349391 0.936977 -0.000000 -31.941643 -0.000000 0.000000 1.000000 0.000000
0.936841 0.349756 0.000000 147.870755 -0.349756 0.936841 -0.000000 -32.171612 -0.000000 0.000000 1.000000 0.000000
0.936771 0.349942 0.000000 148.381573 -0.349942 0.936771 -0.000000 -32.387617 -0.000000 0.000000 1.000000 0.000000
0.936377 0.350995 0.000000 148.928525 -0.350995 0.936377 -0.000000 -32.618157 -0.000000 0.000000 1.000000 0.000000
0.937473 0.348057 0.000000 149.443211 -0.348057 0.937473 -0.000000 -32.829188 -0.000000 0.000000 1.000000 0.000000
0.937104 0.349050 0.000000 149.982864 -0.349050 0.937104 -0.000000 -33.053528 -0.000000 0.000000 1.000000 0.000000
0.936357 0.351048 0.000000 150.522385 -0.351048 0.936357 -0.000000 -33.283663 -0.000000 0.000000 1.000000 0.000000
0.936322 0.351143 0.000000 151.212910 -0.351143 0.936322 -0.000000 -33.579131 -0.000000 0.000000 1.000000 0.000000
0.935566 0.353151 0.000000 151.724866 -0.353151 0.935566 -0.000000 -33.790523 -0.000000 0.000000 1.000000 0.000000
0.934997 0.354656 0.000000 152.265782 -0.354656 0.934997 -0.000000 -34.009990 -0.000000 0.000000 1.000000 0.000000
0.934507 0.355945 0.000000 152.774109 -0.355945 0.934507 -0.000000 -34.222073 -0.000000 0.000000 1.000000 0.000000
0.934261 0.356589 0.000000 153.317035 -0.356589 0.934261 -0.000000 -34.437465 -0.000000 0.000000 1.000000 0.000000
0.934187 0.356783 0.000000 153.824757 -0.356783 0.934187 -0.000000 -34.643170 -0.000000 0.000000 1.000000 0.000000
0.934062 0.357112 0.000000 154.522087 -0.357112 0.934062 -0.000000 -34.917906 -0.000000 0.000000 1.000000 0.000000
0.934089 0.357039 0.000000 155.027777 -0.357039 0.934089 -0.000000 -35.116119 -0.000000 0.000000 1.000000 0.000000
0.931654 0.363346 0.000000 155.555207 -0.363346 0.931654 -0.000000 -35.331477 -0.000000 0.000000 1.000000 0.000000
0.931650 0.363357 0.000000 156.051514 -0.363357 0.931650 -0.000000 -35.545380 -0.000000 0.000000 1.000000 0.000000
0.931108 0.364745 0.000000 156.589662 -0.364745 0.931108 -0.000000 -35.767339 -0.000000 0.000000 1.000000 0.000000
0.931028 0.364948 0.000000 157.089417 -0.364948 0.931028 -0.000000 -35.983244 -0.000000 0.000000 1.000000 0.000000
0.930759 0.365634 0.000000 157.813258 -0.365634 0.930759 -0.000000 -36.289684 -0.000000 0.000000 1.000000 0.000000
0.930554 0.366154 0.000000 158.353620 -0.366154 0.930554 -0.000000 -36.518574 -0.000000 0.000000 1.000000 0.000000
0.931408 0.363977 0.000000 158.885184 -0.363977 0.931408 -0.000000 -36.760880 -0.000000 0.000000 1.000000 0.000000
0.932324 0.361624 0.000000 159.416009 -0.361624 0.932324 -0.000000 -36.989554 -0.000000 0.000000 1.000000 0.000000
0.933211 0.359328 0.000000 159.952278 -0.359328 0.933211 -0.000000 -37.214517 -0.000000 0.000000 1.000000 0.000000
0.932246 0.361824 0.000000 160.480437 -0.361824 0.932246 -0.000000 -37.444981 -0.000000 0.000000 1.000000 0.000000
0.933077 0.359676 0.000000 161.012477 -0.359676 0.933077 -0.000000 -37.669605 -0.000000 0.000000 1.000000 0.000000
0.934189 0.356779 0.000000 161.505237 -0.356779 0.934189 -0.000000 -37.892652 -0.000000 0.000000 1.000000 0.000000
0.935243 0.354007 0.000000 162.026064 -0.354007 0.935243 -0.000000 -38.115605 -0.000000 0.000000 1.000000 0.000000
0.935274 0.353923 0.000000 162.566101 -0.353923 0.935274 -0.000000 -38.342023 -0.000000 0.000000 1.000000 0.000000
0.935409 0.353567 0.000000 163.058782 -0.353567 0.935409 -0.000000 -38.548012 -0.000000 0.000000 1.000000 0.000000
0.935641 0.352953 0.000000 163.600805 -0.352953 0.935641 -0.000000 -38.769949 -0.000000 0.000000 1.000000 0.000000
0.936638 0.350298 0.000000 164.108167 -0.350298 0.936638 -0.000000 -38.957614 -0.000000 0.000000 1.000000 0.000000
0.936941 0.349488 0.000000 164.648858 -0.349488 0.936941 -0.000000 -39.148280 -0.000000 0.000000 1.000000 0.000000
0.938715 0.344693 0.000000 165.181784 -0.344693 0.938715 -0.000000 -39.366945 -0.000000 0.000000 1.000000 0.000000
0.940212 0.340590 0.000000 165.728037 -0.340590 0.940212 -0.000000 -39.586470 -0.000000 0.000000 1.000000 0.000000
0.941013 0.338369 0.000000 166.240601 -0.338369 0.941013 -0.000000 -39.789621 -0.000000 0.000000 1.000000 0.000000
0.942474 0.334280 0.000000 166.778636 -0.334280 0.942474 -0.000000 -39.992386 -0.000000 0.000000 1.000000 0.000000
0.943730 0.330717 0.000000 167.269704 -0.330717 0.943730 -0.000000 -40.188715 -0.000000 0.000000 1.000000 0.000000
0.945751 0.324893 0.000000 167.820555 -0.324893 0.945751 -0.000000 -40.385426 -0.000000 0.000000 1.000000 0.000000
0.947177 0.320713 0.000000 168.531384 -0.320713 0.947177 -0.000000 -40.642125 -0.000000 0.000000 1.000000 0.000000
0.947594 0.319477 0.000000 169.077132 -0.319477 0.947594 -0.000000 -40.818284 -0.000000 0.000000 1.000000 0.000000
0.948201 0.317671 0.000000 169.571124 -0.317671 0.948201 -0.000000 -41.000392 -0.000000 0.000000 1.000000 0.000000
0.947787 0.318904 0.000000 170.113494 -0.318904 0.947787 -0.000000 -41.195823 -0.000000 0.000000 1.000000 0.000000
0.948374 0.317155 0.000000 170.801110 -0.317155 0.948374 -0.000000 -41.422416 -0.000000 0.000000 1.000000 0.000000
0.949794 0.312877 0.000000 171.869326 -0.312877 0.949794 -0.000000 -41.788575 -0.000000 0.000000 1.000000 0.000000
0.949640 0.313344 0.000000 172.400461 -0.313344 0.949640 -0.000000 -41.976084 -0.000000 0.000000 1.000000 0.000000
0.950331 0.311242 0.000000 172.941277 -0.311242 0.950331 -0.000000 -42.145523 -0.000000 0.000000 1.000000 0.000000
0.950315 0.311291 0.000000 173.471488 -0.311291 0.950315 -0.000000 -42.320486 -0.000000 0.000000 1.000000 0.000000
0.950853 0.309642 0.000000 173.993858 -0.309642 0.950853 -0.000000 -42.484810 -0.000000 0.000000 1.000000 0.000000
0.951218 0.308519 0.000000 174.518790 -0.308519 0.951218 -0.000000 -42.645404 -0.000000 0.000000 1.000000 0.000000
0.950953 0.309336 0.000000 175.055891 -0.309336 0.950953 -0.000000 -42.830630 -0.000000 0.000000 1.000000 0.000000
0.951159 0.308702 0.000000 175.575551 -0.308702 0.951159 -0.000000 -43.005434 -0.000000 0.000000 1.000000 0.000000
0.950492 0.310749 0.000000 176.061378 -0.310749 0.950492 -0.000000 -43.170866 -0.000000 0.000000 1.000000 0.000000
0.949885 0.312599 0.000000 176.541479 -0.312599 0.949885 -0.000000 -43.349927 -0.000000 0.000000 1.000000 0.000000
0.949928 0.312469 0.000000 177.061705 -0.312469 0.949928 -0.000000 -43.524156 -0.000000 0.000000 1.000000 0.000000
0.950311 0.311303 0.000000 177.544486 -0.311303 0.950311 -0.000000 -43.673777 -0.000000 0.000000 1.000000 0.000000
0.951122 0.308814 0.000000 178.065582 -0.308814 0.951122 -0.000000 -43.831446 -0.000000 0.000000 1.000000 0.000000
0.951598 0.307346 0.000000 178.559478 -0.307346 0.951598 -0.000000 -43.975734 -0.000000 0.000000 1.000000 0.000000
0.951665 0.307139 0.000000 179.081293 -0.307139 0.951665 -0.000000 -44.135970 -0.000000 0.000000 1.000000 0.000000
0.951741 0.306901 0.000000 179.571127 -0.306901 0.951741 -0.000000 -44.290280 -0.000000 0.000000 1.000000 0.000000
0.952768 0.303701 0.000000 180.099654 -0.303701 0.952768 -0.000000 -44.460970 -0.000000 0.000000 1.000000 0.000000
0.953219 0.302282 0.000000 180.579905 -0.302282 0.953219 -0.000000 -44.605773 -0.000000 0.000000 1.000000 0.000000
0.953258 0.302157 0.000000 181.101249 -0.302157 0.953258 -0.000000 -44.764229 -0.000000 0.000000 1.000000 0.000000
0.953184 0.302390 0.000000 181.590309 -0.302390 0.953184 -0.000000 -44.918550 -0.000000 0.000000 1.000000 0.000000
0.952694 0.303931 0.000000 182.107395 -0.303931 0.952694 -0.000000 -45.072348 -0.000000 0.000000 1.000000 0.000000
0.953771 0.300534 0.000000 182.731096 -0.300534 0.953771 -0.000000 -45.295156 -0.000000 0.000000 1.000000 0.000000
0.954899 0.296932 0.000000 183.234472 -0.296932 0.954899 -0.000000 -45.457965 -0.000000 0.000000 1.000000 0.000000
0.956076 0.293119 0.000000 183.728625 -0.293119 0.956076 -0.000000 -45.618671 -0.000000 0.000000 1.000000 0.000000
0.956188 0.292754 0.000000 184.200062 -0.292754 0.956188 -0.000000 -45.768772 -0.000000 0.000000 1.000000 0.000000
0.958064 0.286553 0.000000 184.894546 -0.286553 0.958064 -0.000000 -45.977209 -0.000000 0.000000 1.000000 0.000000
0.958691 0.284450 0.000000 185.395263 -0.284450 0.958691 -0.000000 -46.125847 -0.000000 0.000000 1.000000 0.000000
0.959321 0.282316 0.000000 185.901476 -0.282316 0.959321 -0.000000 -46.265741 -0.000000 0.000000 1.000000 0.000000
0.960090 0.279691 0.000000 186.400435 -0.279691 0.960090 -0.000000 -46.400442 -0.000000 0.000000 1.000000 0.000000
0.961881 0.273467 0.000000 186.892978 -0.273467 0.961881 -0.000000 -46.535133 -0.000000 0.000000 1.000000 0.000000
0.965016 0.262190 0.000000 187.878187 -0.262190 0.965016 -0.000000 -46.820466 -0.000000 0.000000 1.000000 0.000000
0.966653 0.256090 0.000000 188.358682 -0.256090 0.966653 -0.000000 -46.944618 -0.000000 0.000000 1.000000 0.000000
0.968478 0.249098 0.000000 188.849069 -0.249098 0.968478 -0.000000 -47.079576 -0.000000 0.000000 1.000000 0.000000
0.970520 0.241021 0.000000 189.297278 -0.241021 0.970520 -0.000000 -47.206893 -0.000000 0.000000 1.000000 0.000000
0.972244 0.233969 0.000000 189.784861 -0.233969 0.972244 -0.000000 -47.328734 -0.000000 0.000000 1.000000 0.000000
0.974347 0.225051 0.000000 190.239885 -0.225051 0.974347 -0.000000 -47.439035 -0.000000 0.000000 1.000000 0.000000
0.978574 0.205893 0.000000 191.171036 -0.205893 0.978574 -0.000000 -47.647547 -0.000000 0.000000 1.000000 0.000000
0.980357 0.197233 0.000000 191.646200 -0.197233 0.980357 -0.000000 -47.747977 -0.000000 0.000000 1.000000 0.000000
0.982425 0.186659 0.000000 192.088662 -0.186659 0.982425 -0.000000 -47.835768 -0.000000 0.000000 1.000000 0.000000
0.984505 0.175357 0.000000 192.756811 -0.175357 0.984505 -0.000000 -47.955611 -0.000000 0.000000 1.000000 0.000000
0.986334 0.164756 0.000000 193.218537 -0.164756 0.986334 -0.000000 -48.046800 -0.000000 0.000000 1.000000 0.000000
0.988040 0.154200 0.000000 193.672787 -0.154200 0.988040 -0.000000 -48.142887 -0.000000 0.000000 1.000000 0.000000
0.989514 0.144434 0.000000 194.100595 -0.144434 0.989514 -0.000000 -48.222993 -0.000000 0.000000 1.000000 0.000000
0.990674 0.136256 0.000000 194.560333 -0.136256 0.990674 -0.000000 -48.294517 -0.000000 0.000000 1.000000 0.000000
