0.999998 0.001821 0.000000 0.596437 -0.001821 0.999998 -0.000000 -0.008954 -0.000000 0.000000 1.000000 0.000000
0.999991 0.004178 0.000000 1.417065 -0.004178 0.999991 -0.000000 -0.020856 -0.000000 0.000000 1.000000 0.000000
0.999975 0.007008 0.000000 1.995269 -0.007008 0.999975 -0.000000 -0.030056 -0.000000 0.000000 1.000000 0.000000
0.999965 0.008379 0.000000 2.562554 -0.008379 0.999965 -0.000000 -0.045499 -0.000000 0.000000 1.000000 0.000000
0.999900 0.014108 0.000000 3.145339 -0.014108 0.999900 -0.000000 -0.040453 -0.000000 0.000000 1.000000 0.000000
0.999800 0.020000 0.000000 3.683308 -0.020000 0.999800 -0.000000 -0.049499 -0.000000 0.000000 1.000000 0.000000
0.999653 0.026354 0.000000 4.258894 -0.026354 0.999653 -0.000000 -0.074297 -0.000000 0.000000 1.000000 0.000000
0.999469 0.032599 0.000000 4.796439 -0.032599 0.999469 -0.000000 -0.093280 -0.000000 0.000000 1.000000 0.000000
0.999167 0.040812 0.000000 5.514540 -0.040812 0.999167 -0.000000 -0.124671 -0.000000 0.000000 1.000000 0.000000
0.998953 0.045746 0.000000 6.084437 -0.045746 0.998953 -0.000000 -0.161878 -0.000000 0.000000 1.000000 0.000000
0.998746 0.050058 0.000000 6.660080 -0.050058 0.998746 -0.000000 -0.193434 -0.000000 0.000000 1.000000 0.000000
0.998463 0.055421 0.000000 7.227828 -0.055421 0.998463 -0.000000 -0.221453 -0.000000 0.000000 1.000000 0.000000
0.997636 0.068723 0.000000 8.371286 -0.068723 0.997636 -0.000000 -0.297372 -0.000000 0.000000 1.000000 0.000000
0.997340 0.072894 0.000000 8.908724 -0.072894 0.997340 -0.000000 -0.321216 -0.000000 0.000000 1.000000 0.000000
0.996772 0.080278 0.000000 9.484888 -0.080278 0.996772 -0.000000 -0.360905 -0.000000 0.000000 1.000000 0.000000
0.996055 0.088743 0.000000 10.028723 -0.088743 0.996055 -0.000000 -0.407883 -0.000000 0.000000 1.000000 0.000000
0.995352 0.096300 0.000000 10.593303 -0.096300 0.995352 -0.000000 -0.463764 -0.000000 0.000000 1.000000 0.000000
0.994648 0.103319 0.000000 11.121751 -0.103319 0.994648 -0.000000 -0.516064 -0.000000 0.000000 1.000000 0.000000
0.994076 0.108690 0.000000 11.698368 -0.108690 0.994076 -0.000000 -0.588039 -0.000000 0.000000 1.000000 0.000000
0.993330 0.115306 0.000000 12.232206 -0.115306 0.993330 -0.000000 -0.659464 -0.000000 0.000000 1.000000 0.000000
0.992105 0.125407 0.000000 12.983023 -0.125407 0.992105 -0.000000 -0.751337 -0.000000 0.000000 1.000000 0.000000
0.990659 0.136366 0.000000 13.554720 -0.136366 0.990659 -0.000000 -0.821647 -0.000000 0.000000 1.000000 0.000000
0.989744 0.142850 0.000000 14.109384 -0.142850 0.989744 -0.000000 -0.901855 -0.000000 0.000000 1.000000 0.000000
0.989013 0.147831 0.000000 14.660711 -0.147831 0.989013 -0.000000 -0.984393 -0.000000 0.000000 1.000000 0.000000
0.988235 0.152944 0.000000 15.227502 -0.152944 0.988235 -0.000000 -1.075630 -0.000000 0.000000 1.000000 0.000000
0.987217 0.159379 0.000000 15.751322 -0.159379 0.987217 -0.000000 -1.166773 -0.000000 0.000000 1.000000 0.000000
0.986123 0.166017 0.000000 16.273440 -0.166017 0.986123 -0.000000 -1.257270 -0.000000 0.000000 1.000000 0.000000
0.985044 0.172305 0.000000 16.830873 -0.172305 0.985044 -0.000000 -1.354167 -0.000000 0.000000 1.000000 0.000000
0.983408 0.181406 0.000000 17.344857 -0.181406 0.983408 -0.000000 -1.455059 -0.000000 0.000000 1.000000 0.000000
0.982012 0.188816 0.000000 17.899382 -0.188816 0.982012 -0.000000 -1.557804 -0.000000 0.000000 1.000000 0.000000
0.980372 0.197155 0.000000 18.634716 -0.197155 0.980372 -0.000000 -1.700101 -0.000000 0.000000 1.000000 0.000000
0.978609 0.205731 0.000000 19.179557 -0.205731 0.978609 -0.000000 -1.818579 -0.000000 0.000000 1.000000 0.000000
0.976791 0.214196 0.000000 19.768252 -0.214196 0.976791 -0.000000 -1.940056 -0.000000 0.000000 1.000000 0.000000
0.975185 0.221392 0.000000 20.314273 -0.221392 0.975185 -0.000000 -2.066949 -0.000000 0.000000 1.000000 0.000000
0.973514 0.228627 0.000000 20.856349 -0.228627 0.973514 -0.000000 -2.195060 -0.000000 0.000000 1.000000 0.000000
0.972062 0.234726 0.000000 21.361739 -0.234726 0.972062 -0.000000 -2.315434 -0.000000 0.000000 1.000000 0.000000
0.970503 0.241091 0.000000 21.909771 -0.241091 0.970503 -0.000000 -2.445011 -0.000000 0.000000 1.000000 0.000000
0.970891 0.239523 0.000000 22.410851 -0.239523 0.970891 -0.000000 -2.564773 -0.000000 0.000000 1.000000 0.000000
0.969516 0.245026 0.000000 22.942620 -0.245026 0.969516 -0.000000 -2.696137 -0.000000 0.000000 1.000000 0.000000
0.966652 0.256094 0.000000 23.970468 -0.256094 0.966652 -0.000000 -2.970406 -0.000000 0.000000 1.000000 0.000000
0.965334 0.261018 0.000000 24.454339 -0.261018 0.965334 -0.000000 -3.101960 -0.000000 0.000000 1.000000 0.000000
0.963492 0.267737 0.000000 24.980334 -0.267737 0.963492 -0.000000 -3.241960 -0.000000 0.000000 1.000000 0.000000
0.961481 0.274873 0.000000 25.646303 -0.274873 0.961481 -0.000000 -3.430838 -0.000000 0.000000 1.000000 0.000000
0.959938 0.280213 0.000000 26.129958 -0.280213 0.959938 -0.000000 -3.571962 -0.000000 0.000000 1.000000 0.000000
0.958347 0.285605 0.000000 26.613104 -0.285605 0.958347 -0.000000 -3.714048 -0.000000 0.000000 1.000000 0.000000
0.956107 0.293019 0.000000 27.126793 -0.293019 0.956107 -0.000000 -3.872502 -0.000000 0.000000 1.000000 0.000000
0.955117 0.296228 0.000000 27.606477 -0.296228 0.955117 -0.000000 -4.020554 -0.000000 0.000000 1.000000 0.000000
0.952142 0.305655 0.000000 28.275073 -0.305655 0.952142 -0.000000 -4.243464 -0.000000 0.000000 1.000000 0.000000
0.950373 0.311113 0.000000 28.784715 -0.311113 0.950373 -0.000000 -4.417816 -0.000000 0.000000 1.000000 0.000000
0.949167 0.314772 0.000000 29.296749 -0.314772 0.949167 -0.000000 -4.601130 -0.000000 0.000000 1.000000 0.000000
0.947473 0.319835 0.000000 29.783852 -0.319835 0.947473 -0.000000 -4.784922 -0.000000 0.000000 1.000000 0.000000
0.945926 0.324383 0.000000 30.291874 -0.324383 0.945926 -0.000000 -4.976233 -0.000000 0.000000 1.000000 0.000000
0.944262 0.329195 0.000000 30.795983 -0.329195 0.944262 -0.000000 -5.166490 -0.000000 0.000000 1.000000 0.000000
0.941918 0.335844 0.000000 31.262740 -0.335844 0.941918 -0.000000 -5.334739 -0.000000 0.000000 1.000000 0.000000
0.940495 0.339808 0.000000 31.761820 -0.339808 0.940495 -0.000000 -5.530434 -0.000000 0.000000 1.000000 0.000000
0.938800 0.344462 0.000000 32.232675 -0.344462 0.938800 -0.000000 -5.712718 -0.000000 0.000000 1.000000 0.000000
0.936354 0.351057 0.000000 32.731776 -0.351057 0.936354 -0.000000 -5.902472 -0.000000 0.000000 1.000000 0.000000
0.934047 0.357151 0.000000 33.205033 -0.357151 0.934047 -0.000000 -6.077837 -0.000000 0.000000 1.000000 0.000000
0.931371 0.364072 0.000000 33.701857 -0.364072 0.931371 -0.000000 -6.274344 -0.000000 0.000000 1.000000 0.000000
0.928557 0.371190 0.000000 34.173112 -0.371190 0.928557 -0.000000 -6.456730 -0.000000 0.000000 1.000000 0.000000
0.926136 0.377189 0.000000 34.670314 -0.377189 0.926136 -0.000000 -6.664533 -0.000000 0.000000 1.000000 0.000000
0.924718 0.380652 0.000000 35.127387 -0.380652 0.924718 -0.000000 -6.853143 -0.000000 0.000000 1.000000 0.000000
0.921385 0.388651 0.000000 35.806125 -0.388651 0.921385 -0.000000 -7.150747 -0.000000 0.000000 1.000000 0.000000
0.916973 0.398950 0.000000 36.509761 -0.398950 0.916973 -0.000000 -7.457699 -0.000000 0.000000 1.000000 0.000000
0.913641 0.406522 0.000000 36.998790 -0.406522 0.913641 -0.000000 -7.672590 -0.000000 0.000000 1.000000 0.000000
0.907746 0.419519 0.000000 37.834807 -0.419519 0.907746 -0.000000 -8.067082 -0.000000 0.000000 1.000000 0.000000
0.905347 0.424673 0.000000 38.308912 -0.424673 0.905347 -0.000000 -8.296652 -0.000000 0.000000 1.000000 0.000000
0.903216 0.429187 0.000000 38.784221 -0.429187 0.903216 -0.000000 -8.529300 -0.000000 0.000000 1.000000 0.000000
0.901642 0.432484 0.000000 39.254025 -0.432484 0.901642 -0.000000 -8.763176 -0.000000 0.000000 1.000000 0.000000
0.897322 0.441376 0.000000 39.716698 -0.441376 0.897322 -0.000000 -8.981450 -0.000000 0.000000 1.000000 0.000000
0.896694 0.442652 0.000000 40.211570 -0.442652 0.896694 -0.000000 -9.228266 -0.000000 0.000000 1.000000 0.000000
0.896076 0.443901 0.000000 40.638686 -0.443901 0.896076 -0.000000 -9.446541 -0.000000 0.000000 1.000000 0.000000
0.893553 0.448958 0.000000 41.093920 -0.448958 0.893553 -0.000000 -9.668339 -0.000000 0.000000 1.000000 0.000000
0.891934 0.452165 0.000000 41.542791 -0.452165 0.891934 -0.000000 -9.895072 -0.000000 0.000000 1.000000 0.000000
0.891413 0.453191 0.000000 41.991536 -0.453191 0.891413 -0.000000 -10.123359 -0.000000 0.000000 1.000000 0.000000
0.889057 0.457796 0.000000 42.418804 -0.457796 0.889057 -0.000000 -10.344368 -0.000000 0.000000 1.000000 0.000000
0.887417 0.460968 0.000000 42.855708 -0.460968 0.887417 -0.000000 -10.572657 -0.000000 0.000000 1.000000 0.000000
0.885564 0.464518 0.000000 43.255178 -0.464518 0.885564 -0.000000 -10.790884 -0.000000 0.000000 1.000000 0.000000
0.885286 0.465046 0.000000 43.675926 -0.465046 0.885286 -0.000000 -11.031609 -0.000000 0.000000 1.000000 0.000000
0.883204 0.468988 0.000000 44.072736 -0.468988 0.883204 -0.000000 -11.236955 -0.000000 0.000000 1.000000 0.000000
0.882065 0.471127 0.000000 44.491909 -0.471127 0.882065 -0.000000 -11.470734 -0.000000 0.000000 1.000000 0.000000
0.881428 0.472318 0.000000 44.893555 -0.472318 0.881428 -0.000000 -11.685516 -0.000000 0.000000 1.000000 0.000000
0.878884 0.477036 0.000000 45.283404 -0.477036 0.878884 -0.000000 -11.901859 -0.000000 0.000000 1.000000 0.000000
0.878522 0.477701 0.000000 45.676696 -0.477701 0.878522 -0.000000 -12.113135 -0.000000 0.000000 1.000000 0.000000
0.873228 0.487311 0.000000 46.068392 -0.487311 0.873228 -0.000000 -12.309337 -0.000000 0.000000 1.000000 0.000000
0.870360 0.492416 0.000000 46.443333 -0.492416 0.870360 -0.000000 -12.520618 -0.000000 0.000000 1.000000 0.000000
0.868402 0.495861 0.000000 46.806046 -0.495861 0.868402 -0.000000 -12.726535 -0.000000 0.000000 1.000000 0.000000
0.865838 0.500325 0.000000 47.180500 -0.500325 0.865838 -0.000000 -12.945642 -0.000000 0.000000 1.000000 0.000000
0.861781 0.507280 0.000000 47.715868 -0.507280 0.861781 -0.000000 -13.274607 -0.000000 0.000000 1.000000 0.000000
0.856981 0.515348 0.000000 48.093308 -0.515348 0.856981 -0.000000 -13.518081 -0.000000 0.000000 1.000000 0.000000
0.851689 0.524047 0.000000 48.440217 -0.524047 0.851689 -0.000000 -13.743504 -0.000000 0.000000 1.000000 0.000000
0.848756 0.528784 0.000000 48.790377 -0.528784 0.848756 -0.000000 -13.974786 -0.000000 0.000000 1.000000 0.000000
0.846150 0.532944 0.000000 49.133436 -0.532944 0.846150 -0.000000 -14.195170 -0.000000 0.000000 1.000000 0.000000
0.842525 0.538657 0.000000 49.473159 -0.538657 0.842525 -0.000000 -14.414587 -0.000000 0.000000 1.000000 0.000000
0.839957 0.542653 0.000000 49.799063 -0.542653 0.839957 -0.000000 -14.636387 -0.000000 0.000000 1.000000 0.000000
0.836733 0.547612 0.000000 50.135867 -0.547612 0.836733 -0.000000 -14.855292 -0.000000 0.000000 1.000000 0.000000
0.834693 0.550715 0.000000 50.455804 -0.550715 0.834693 -0.000000 -15.071748 -0.000000 0.000000 1.000000 0.000000
0.833063 0.553178 0.000000 50.773781 -0.553178 0.833063 -0.000000 -15.291994 -0.000000 0.000000 1.000000 0.000000
0.830764 0.556625 0.000000 51.080195 -0.556625 0.830764 -0.000000 -15.506623 -0.000000 0.000000 1.000000 0.000000
0.828156 0.560498 0.000000 51.685072 -0.560498 0.828156 -0.000000 -15.936729 -0.000000 0.000000 1.000000 0.000000
0.827010 0.562187 0.000000 51.975730 -0.562187 0.827010 -0.000000 -16.136613 -0.000000 0.000000 1.000000 0.000000
0.826151 0.563449 0.000000 52.248467 -0.563449 0.826151 -0.000000 -16.327295 -0.000000 0.000000 1.000000 0.000000
0.825757 0.564026 0.000000 52.520697 -0.564026 0.825757 -0.000000 -16.513711 -0.000000 0.000000 1.000000 0.000000
0.825655 0.564176 0.000000 52.799526 -0.564176 0.825655 -0.000000 -16.719053 -0.000000 0.000000 1.000000 0.000000
0.823871 0.566777 0.000000 53.057422 -0.566777 0.823871 -0.000000 -16.894243 -0.000000 0.000000 1.000000 0.000000
0.822590 0.568635 0.000000 53.328472 -0.568635 0.822590 -0.000000 -17.084836 -0.000000 0.000000 1.000000 0.000000
0.821481 0.570236 0.000000 53.578632 -0.570236 0.821481 -0.000000 -17.264802 -0.000000 0.000000 1.000000 0.000000
0.821139 0.570728 0.000000 53.848036 -0.570728 0.821139 -0.000000 -17.441031 -0.000000 0.000000 1.000000 0.000000
0.821119 0.570757 0.000000 54.092803 -0.570757 0.821119 -0.000000 -17.610323 -0.000000 0.000000 1.000000 0.000000
0.818753 0.574147 0.000000 54.337358 -0.574147 0.818753 -0.000000 -17.767531 -0.000000 0.000000 1.000000 0.000000
0.817064 0.576547 0.000000 54.589788 -0.576547 0.817064 -0.000000 -17.934233 -0.000000 0.000000 1.000000 0.000000
0.813477 0.581597 0.000000 54.950051 -0.581597 0.813477 -0.000000 -18.184352 -0.000000 0.000000 1.000000 0.000000
0.811917 0.583773 0.000000 55.213687 -0.583773 0.811917 -0.000000 -18.363661 -0.000000 0.000000 1.000000 0.000000
0.807797 0.589461 0.000000 55.452963 -0.589461 0.807797 -0.000000 -18.530734 -0.000000 0.000000 1.000000 0.000000
0.804794 0.593554 0.000000 55.685357 -0.593554 0.804794 -0.000000 -18.694915 -0.000000 0.000000 1.000000 0.000000
0.801183 0.598419 0.000000 55.916816 -0.598419 0.801183 -0.000000 -18.854948 -0.000000 0.000000 1.000000 0.000000
0.798152 0.602456 0.000000 56.132683 -0.602456 0.798152 -0.000000 -19.014445 -0.000000 0.000000 1.000000 0.000000
0.797726 0.603020 0.000000 56.345987 -0.603020 0.797726 -0.000000 -19.179216 -0.000000 0.000000 1.000000 0.000000
0.797255 0.603643 0.000000 56.558057 -0.603643 0.797255 -0.000000 -19.343747 -0.000000 0.000000 1.000000 0.000000
0.799527 0.600630 0.000000 56.762756 -0.600630 0.799527 -0.000000 -19.506479 -0.000000 0.000000 1.000000 0.000000
0.798313 0.602243 0.000000 56.952486 -0.602243 0.798313 -0.000000 -19.665141 -0.000000 0.000000 1.000000 0.000000
0.794385 0.607414 0.000000 57.335918 -0.607414 0.794385 -0.000000 -19.963769 -0.000000 0.000000 1.000000 0.000000
0.790722 0.612175 0.000000 57.516098 -0.612175 0.790722 -0.000000 -20.090882 -0.000000 0.000000 1.000000 0.000000
0.789817 0.613342 0.000000 57.677802 -0.613342 0.789817 -0.000000 -20.231650 -0.000000 0.000000 1.000000 0.000000
0.790080 0.613004 0.000000 57.845636 -0.613004 0.790080 -0.000000 -20.381391 -0.000000 0.000000 1.000000 0.000000
0.789110 0.614252 0.000000 58.005607 -0.614252 0.789110 -0.000000 -20.511391 -0.000000 0.000000 1.000000 0.000000
0.787716 0.616039 0.000000 58.159092 -0.616039 0.787716 -0.000000 -20.635897 -0.000000 0.000000 1.000000 0.000000
0.787415 0.616424 0.000000 58.320501 -0.616424 0.787415 -0.000000 -20.768573 -0.000000 0.000000 1.000000 0.000000
0.786337 0.617798 0.000000 58.465693 -0.617798 0.786337 -0.000000 -20.885326 -0.000000 0.000000 1.000000 0.000000
0.784576 0.620033 0.000000 58.627112 -0.620033 0.784576 -0.000000 -21.010283 -0.000000 0.000000 1.000000 0.000000
0.780869 0.624695 0.000000 58.933181 -0.624695 0.780869 -0.000000 -21.251644 -0.000000 0.000000 1.000000 0.000000
0.779369 0.626566 0.000000 59.079059 -0.626566 0.779369 -0.000000 -21.364041 -0.000000 0.000000 1.000000 0.000000
0.778617 0.627500 0.000000 59.224591 -0.627500 0.778617 -0.000000 -21.477422 -0.000000 0.000000 1.000000 0.000000
0.776871 0.629660 0.000000 59.470457 -0.629660 0.776871 -0.000000 -21.664776 -0.000000 0.000000 1.000000 0.000000
0.775614 0.631208 0.000000 59.621278 -0.631208 0.775614 -0.000000 -21.792843 -0.000000 0.000000 1.000000 0.000000
0.773194 0.634169 0.000000 59.774502 -0.634169 0.773194 -0.000000 -21.916745 -0.000000 0.000000 1.000000 0.000000
0.771158 0.636644 0.000000 59.928184 -0.636644 0.771158 -0.000000 -22.043276 -0.000000 0.000000 1.000000 0.000000
0.771805 0.635859 0.000000 60.081967 -0.635859 0.771805 -0.000000 -22.166720 -0.000000 0.000000 1.000000 0.000000
0.770313 0.637666 0.000000 60.233743 -0.637666 0.770313 -0.000000 -22.292390 -0.000000 0.000000 1.000000 0.000000
0.769005 0.639243 0.000000 60.387013 -0.639243 0.769005 -0.000000 -22.421176 -0.000000 0.000000 1.000000 0.000000
0.765766 0.643120 0.000000 60.698957 -0.643120 0.765766 -0.000000 -22.686203 -0.000000 0.000000 1.000000 0.000000
0.763522 0.645782 0.000000 60.857842 -0.645782 0.763522 -0.000000 -22.820020 -0.000000 0.000000 1.000000 0.000000
0.761609 0.648036 0.000000 61.019629 -0.648036 0.761609 -0.000000 -22.957370 -0.000000 0.000000 1.000000 0.000000
0.759287 0.650755 0.000000 61.174997 -0.650755 0.759287 -0.000000 -23.088428 -0.000000 0.000000 1.000000 0.000000
0.756979 0.653439 0.000000 61.338360 -0.653439 0.756979 -0.000000 -23.230866 -0.000000 0.000000 1.000000 0.000000
0.755752 0.654858 0.000000 61.494969 -0.654858 0.755752 -0.000000 -23.373695 -0.000000 0.000000 1.000000 0.000000
0.753739 0.657174 0.000000 61.648412 -0.657174 0.753739 -0.000000 -23.513489 -0.000000 0.000000 1.000000 0.000000
0.751797 0.659394 0.000000 61.817726 -0.659394 0.751797 -0.000000 -23.666836 -0.000000 0.000000 1.000000 0.000000
0.748707 0.662901 0.000000 61.984053 -0.662901 0.748707 -0.000000 -23.809433 -0.000000 0.000000 1.000000 0.000000
0.744656 0.667449 0.000000 62.156687 -0.667449 0.744656 -0.000000 -23.950879 -0.000000 0.000000 1.000000 0.000000
0.740766 0.671763 0.000000 62.332142 -0.671763 0.740766 -0.000000 -24.110230 -0.000000 0.000000 1.000000 0.000000
0.738496 0.674258 0.000000 62.495628 -0.674258 0.738496 -0.000000 -24.264752 -0.000000 0.000000 1.000000 0.000000
0.736175 0.676791 0.000000 62.680338 -0.676791 0.736175 -0.000000 -24.431709 -0.000000 0.000000 1.000000 0.000000
0.734284 0.678842 0.000000 62.853479 -0.678842 0.734284 -0.000000 -24.590678 -0.000000 0.000000 1.000000 0.000000
0.730467 0.682948 0.000000 63.045509 -0.682948 0.730467 -0.000000 -24.759950 -0.000000 0.000000 1.000000 0.000000
0.727987 0.685591 0.000000 63.222955 -0.685591 0.727987 -0.000000 -24.929246 -0.000000 0.000000 1.000000 0.000000
0.722603 0.691263 0.000000 63.494129 -0.691263 0.722603 -0.000000 -25.178688 -0.000000 0.000000 1.000000 0.000000
0.720921 0.693018 0.000000 63.669747 -0.693018 0.720921 -0.000000 -25.350284 -0.000000 0.000000 1.000000 0.000000
0.719324 0.694675 0.000000 63.858013 -0.694675 0.719324 -0.000000 -25.538254 -0.000000 0.000000 1.000000 0.000000
0.717731 0.696320 0.000000 64.035200 -0.696320 0.717731 -0.000000 -25.716733 -0.000000 0.000000 1.000000 0.000000
0.713656 0.700496 0.000000 64.408104 -0.700496 0.713656 -0.000000 -26.103084 -0.000000 0.000000 1.000000 0.000000
0.711725 0.702458 0.000000 64.591464 -0.702458 0.711725 -0.000000 -26.290966 -0.000000 0.000000 1.000000 0.000000
0.709879 0.704324 0.000000 64.768052 -0.704324 0.709879 -0.000000 -26.471383 -0.000000 0.000000 1.000000 0.000000
0.708251 0.705961 0.000000 64.960016 -0.705961 0.708251 -0.000000 -26.664397 -0.000000 0.000000 1.000000 0.000000
0.705394 0.708816 0.000000 65.227660 -0.708816 0.705394 -0.000000 -26.916395 -0.000000 0.000000 1.000000 0.000000
0.700290 0.713859 0.000000 65.422785 -0.713859 0.700290 -0.000000 -27.098966 -0.000000 0.000000 1.000000 0.000000
0.696571 0.717488 0.000000 65.605087 -0.717488 0.696571 -0.000000 -27.280315 -0.000000 0.000000 1.000000 0.000000
0.692340 0.721571 0.000000 65.789490 -0.721571 0.692340 -0.000000 -27.473184 -0.000000 0.000000 1.000000 0.000000
0.689563 0.724226 0.000000 65.957552 -0.724226 0.689563 -0.000000 -27.653479 -0.000000 0.000000 1.000000 0.000000
0.687466 0.726216 0.000000 66.129437 -0.726216 0.687466 -0.000000 -27.831995 -0.000000 0.000000 1.000000 0.000000
0.684655 0.728867 0.000000 66.304619 -0.728867 0.684655 -0.000000 -28.024445 -0.000000 0.000000 1.000000 0.000000
0.683653 0.729808 0.000000 66.470990 -0.729808 0.683653 -0.000000 -28.210008 -0.000000 0.000000 1.000000 0.000000
0.681977 0.731374 0.000000 66.633767 -0.731374 0.681977 -0.000000 -28.396518 -0.000000 0.000000 1.000000 0.000000
0.679735 0.733458 0.000000 66.809974 -0.733458 0.679735 -0.000000 -28.592517 -0.000000 0.000000 1.000000 0.000000
0.679804 0.733393 0.000000 66.966389 -0.733393 0.679804 -0.000000 -28.776314 -0.000000 0.000000 1.000000 0.000000
0.680725 0.732539 0.000000 67.185325 -0.732539 0.680725 -0.000000 -29.033295 -0.000000 0.000000 1.000000 0.000000
0.680285 0.732947 0.000000 67.363335 -0.732947 0.680285 -0.000000 -29.236973 -0.000000 0.000000 1.000000 0.000000
0.679663 0.733525 0.000000 67.530574 -0.733525 0.679663 -0.000000 -29.428066 -0.000000 0.000000 1.000000 0.000000
0.680222 0.733006 0.000000 67.694179 -0.733006 0.680222 -0.000000 -29.621873 -0.000000 0.000000 1.000000 0.000000
0.678667 0.734446 0.000000 67.859422 -0.734446 0.678667 -0.000000 -29.810992 -0.000000 0.000000 1.000000 0.000000
0.678164 0.734910 0.000000 68.024771 -0.734910 0.678164 -0.000000 -29.996356 -0.000000 0.000000 1.000000 0.000000
0.681821 0.731519 0.000000 68.179645 -0.731519 0.681821 -0.000000 -30.185811 -0.000000 0.000000 1.000000 0.000000
0.681832 0.731509 0.000000 68.346443 -0.731509 0.681832 -0.000000 -30.358687 -0.000000 0.000000 1.000000 0.000000
0.683807 0.729663 0.000000 68.507948 -0.729663 0.683807 -0.000000 -30.536179 -0.000000 0.000000 1.000000 0.000000
0.684463 0.729047 0.000000 68.654237 -0.729047 0.684463 -0.000000 -30.700047 -0.000000 0.000000 1.000000 0.000000
0.685186 0.728368 0.000000 68.962928 -0.728368 0.685186 -0.000000 -31.043282 -0.000000 0.000000 1.000000 0.000000
0.685535 0.728039 0.000000 69.117796 -0.728039 0.685535 -0.000000 -31.215904 -0.000000 0.000000 1.000000 0.000000
0.688014 0.725698 0.000000 69.273339 -0.725698 0.688014 -0.000000 -31.388618 -0.000000 0.000000 1.000000 0.000000
0.690038 0.723773 0.000000 69.410517 -0.723773 0.690038 -0.000000 -31.546197 -0.000000 0.000000 1.000000 0.000000
0.691430 0.722443 0.000000 69.564168 -0.722443 0.691430 -0.000000 -31.702522 -0.000000 0.000000 1.000000 0.000000
0.692250 0.721657 0.000000 69.708267 -0.721657 0.692250 -0.000000 -31.855104 -0.000000 0.000000 1.000000 0.000000
0.692457 0.721459 0.000000 69.861773 -0.721459 0.692457 -0.000000 -32.011787 -0.000000 0.000000 1.000000 0.000000
0.693653 0.720309 0.000000 70.115477 -0.720309 0.693653 -0.000000 -32.275170 -0.000000 0.000000 1.000000 0.000000
0.695242 0.718776 0.000000 70.257025 -0.718776 0.695242 -0.000000 -32.426664 -0.000000 0.000000 1.000000 0.000000
0.697710 0.716380 0.000000 70.396618 -0.716380 0.697710 -0.000000 -32.579046 -0.000000 0.000000 1.000000 0.000000
0.698076 0.716023 0.000000 70.539767 -0.716023 0.698076 -0.000000 -32.725747 -0.000000 0.000000 1.000000 0.000000
0.700658 0.713497 0.000000 70.682257 -0.713497 0.700658 -0.000000 -32.872372 -0.000000 0.000000 1.000000 0.000000
0.703190 0.711002 0.000000 70.820069 -0.711002 0.703190 -0.000000 -33.021820 -0.000000 0.000000 1.000000 0.000000
0.708724 0.705486 0.000000 71.089461 -0.705486 0.708724 -0.000000 -33.302830 -0.000000 0.000000 1.000000 0.000000
0.712042 0.702137 0.000000 71.209742 -0.702137 0.712042 -0.000000 -33.426206 -0.000000 0.000000 1.000000 0.000000
0.715327 0.698790 0.000000 71.332665 -0.698790 0.715327 -0.000000 -33.549470 -0.000000 0.000000 1.000000 0.000000
0.721505 0.692409 0.000000 71.546837 -0.692409 0.721505 -0.000000 -33.764881 -0.000000 0.000000 1.000000 0.000000
0.725787 0.687919 0.000000 71.837270 -0.687919 0.725787 -0.000000 -34.034589 -0.000000 0.000000 1.000000 0.000000
0.732614 0.680645 0.000000 72.006744 -0.680645 0.732614 -0.000000 -34.197406 -0.000000 0.000000 1.000000 0.000000
0.735678 0.677332 0.000000 72.116790 -0.677332 0.735678 -0.000000 -34.292567 -0.000000 0.000000 1.000000 0.000000
0.744559 0.667557 0.000000 72.323406 -0.667557 0.744559 -0.000000 -34.488451 -0.000000 0.000000 1.000000 0.000000
0.748711 0.662896 0.000000 72.424898 -0.662896 0.748711 -0.000000 -34.581840 -0.000000 0.000000 1.000000 0.000000
0.752590 0.658490 0.000000 72.519539 -0.658490 0.752590 -0.000000 -34.664085 -0.000000 0.000000 1.000000 0.000000
0.755584 0.655052 0.000000 72.616064 -0.655052 0.755584 -0.000000 -34.748083 -0.000000 0.000000 1.000000 0.000000
0.760583 0.649241 0.000000 72.764890 -0.649241 0.760583 -0.000000 -34.875850 -0.000000 0.000000 1.000000 0.000000
0.767370 0.641205 0.000000 72.947593 -0.641205 0.767370 -0.000000 -35.035821 -0.000000 0.000000 1.000000 0.000000
0.771192 0.636603 0.000000 73.038623 -0.636603 0.771192 -0.000000 -35.108919 -0.000000 0.000000 1.000000 0.000000
0.774848 0.632148 0.000000 73.127020 -0.632148 0.774848 -0.000000 -35.177839 -0.000000 0.000000 1.000000 0.000000
0.778558 0.627572 0.000000 73.207460 -0.627572 0.778558 -0.000000 -35.246636 -0.000000 0.000000 1.000000 0.000000
0.782275 0.622933 0.000000 73.294764 -0.622933 0.782275 -0.000000 -35.314864 -0.000000 0.000000 1.000000 0.000000
0.784801 0.619748 0.000000 73.374661 -0.619748 0.784801 -0.000000 -35.371978 -0.000000 0.000000 1.000000 0.000000
0.791938 0.610602 0.000000 73.526004 -0.610602 0.791938 -0.000000 -35.492795 -0.000000 0.000000 1.000000 0.000000
0.794317 0.607503 0.000000 73.593009 -0.607503 0.794317 -0.000000 -35.543130 -0.000000 0.000000 1.000000 0.000000
0.796997 0.603984 0.000000 73.657761 -0.603984 0.796997 -0.000000 -35.593832 -0.000000 0.000000 1.000000 0.000000
0.798624 0.601831 0.000000 73.715364 -0.601831 0.798624 -0.000000 -35.636388 -0.000000 0.000000 1.000000 0.000000
0.801954 0.597386 0.000000 73.772898 -0.597386 0.801954 -0.000000 -35.677441 -0.000000 0.000000 1.000000 0.000000
0.803584 0.595191 0.000000 73.815978 -0.595191 0.803584 -0.000000 -35.706160 -0.000000 0.000000 1.000000 0.000000
0.805316 0.592845 0.000000 73.861913 -0.592845 0.805316 -0.000000 -35.739743 -0.000000 0.000000 1.000000 0.000000
0.806825 0.590790 0.000000 73.931995 -0.590790 0.806825 -0.000000 -35.786122 -0.000000 0.000000 1.000000 0.000000
0.808300 0.588771 0.000000 73.963507 -0.588771 0.808300 -0.000000 -35.808399 -0.000000 0.000000 1.000000 0.000000
0.808880 0.587973 0.000000 73.993069 -0.587973 0.808880 -0.000000 -35.827952 -0.000000 0.000000 1.000000 0.000000
0.809470 0.587161 0.000000 74.017381 -0.587161 0.809470 -0.000000 -35.843467 -0.000000 0.000000 1.000000 0.000000
0.810542 0.585680 0.000000 74.038296 -0.585680 0.810542 -0.000000 -35.858018 -0.000000 0.000000 1.000000 0.000000
0.811431 0.584448 0.000000 74.054700 -0.584448 0.811431 -0.000000 -35.868530 -0.000000 0.000000 1.000000 0.000000
0.811703 0.584070 0.000000 74.072010 -0.584070 0.811703 -0.000000 -35.879059 -0.000000 0.000000 1.000000 0.000000
0.811924 0.583764 0.000000 74.086175 -0.583764 0.811924 -0.000000 -35.887073 -0.000000 0.000000 1.000000 0.000000
0.813535 0.581516 0.000000 74.098921 -0.581516 0.813535 -0.000000 -35.901508 -0.000000 0.000000 1.000000 0.000000
0.812976 0.582297 0.000000 74.107491 -0.582297 0.812976 -0.000000 -35.897864 -0.000000 0.000000 1.000000 0.000000
0.813921 0.580975 0.000000 74.111866 -0.580975 0.813921 -0.000000 -35.899347 -0.000000 0.000000 1.000000 0.000000
0.813868 0.581050 0.000000 74.112973 -0.581050 0.813868 -0.000000 -35.896864 -0.000000 0.000000 1.000000 0.000000
0.813136 0.582074 0.000000 74.114029 -0.582074 0.813136 -0.000000 -35.892279 -0.000000 0.000000 1.000000 0.000000
0.812998 0.582267 0.000000 74.113264 -0.582267 0.812998 -0.000000 -35.890490 -0.000000 0.000000 1.000000 0.000000
0.812788 0.582560 0.000000 74.112938 -0.582560 0.812788 -0.000000 -35.888440 -0.000000 0.000000 1.000000 0.000000
0.813801 0.581144 0.000000 74.110292 -0.581144 0.813801 -0.000000 -35.891723 -0.000000 0.000000 1.000000 0.000000
0.813816 0.581122 0.000000 74.109360 -0.581122 0.813816 -0.000000 -35.893269 -0.000000 0.000000 1.000000 0.000000
0.813074 0.582161 0.000000 74.109842 -0.582161 0.813074 -0.000000 -35.891853 -0.000000 0.000000 1.000000 0.000000
0.812934 0.582356 0.000000 74.109378 -0.582356 0.812934 -0.000000 -35.893148 -0.000000 0.000000 1.000000 0.000000
0.813021 0.582234 0.000000 74.108222 -0.582234 0.813021 -0.000000 -35.893986 -0.000000 0.000000 1.000000 0.000000
0.812972 0.582302 0.000000 74.107804 -0.582302 0.812972 -0.000000 -35.894134 -0.000000 0.000000 1.000000 0.000000
0.812980 0.582292 0.000000 74.107570 -0.582292 0.812980 -0.000000 -35.892796 -0.000000 0.000000 1.000000 0.000000
0.812924 0.582370 0.000000 74.108038 -0.582370 0.812924 -0.000000 -35.890856 -0.000000 0.000000 1.000000 0.000000
0.812786 0.582562 0.000000 74.109037 -0.582562 0.812786 -0.000000 -35.887854 -0.000000 0.000000 1.000000 0.000000
0.812733 0.582636 0.000000 74.109350 -0.582636 0.812733 -0.000000 -35.886865 -0.000000 0.000000 1.000000 0.000000
0.812749 0.582614 0.000000 74.109991 -0.582614 0.812749 -0.000000 -35.886541 -0.000000 0.000000 1.000000 0.000000
0.812801 0.582541 0.000000 74.110528 -0.582541 0.812801 -0.000000 -35.886396 -0.000000 0.000000 1.000000 0.000000
0.812804 0.582538 0.000000 74.110827 -0.582538 0.812804 -0.000000 -35.886677 -0.000000 0.000000 1.000000 0.000000
0.812824 0.582509 0.000000 74.110894 -0.582509 0.812824 -0.000000 -35.888070 -0.000000 0.000000 1.000000 0.000000
0.812810 0.582529 0.000000 74.110655 -0.582529 0.812810 -0.000000 -35.888675 -0.000000 0.000000 1.000000 0.000000
0.812790 0.582556 0.000000 74.110489 -0.582556 0.812790 -0.000000 -35.889147 -0.000000 0.000000 1.000000 0.000000
0.812776 0.582576 0.000000 74.110946 -0.582576 0.812776 -0.000000 -35.889553 -0.000000 0.000000 1.000000 0.000000
0.812632 0.582777 0.000000 74.111598 -0.582777 0.812632 -0.000000 -35.890373 -0.000000 0.000000 1.000000 0.000000
0.812538 0.582909 0.000000 74.112164 -0.582909 0.812538 -0.000000 -35.890037 -0.000000 0.000000 1.000000 0.000000
0.812500 0.582961 0.000000 74.112565 -0.582961 0.812500 -0.000000 -35.889210 -0.000000 0.000000 1.000000 0.000000
0.812501 0.582960 0.000000 74.113013 -0.582960 0.812501 -0.000000 -35.888935 -0.000000 0.000000 1.000000 0.000000
0.812529 0.582921 0.000000 74.113060 -0.582921 0.812529 -0.000000 -35.888954 -0.000000 0.000000 1.000000 0.000000
0.812523 0.582930 0.000000 74.113086 -0.582930 0.812523 -0.000000 -35.888660 -0.000000 0.000000 1.000000 0.000000
0.812509 0.582949 0.000000 74.112767 -0.582949 0.812509 -0.000000 -35.888428 -0.000000 0.000000 1.000000 0.000000
0.812510 0.582947 0.000000 74.112530 -0.582947 0.812510 -0.000000 -35.887948 -0.000000 0.000000 1.000000 0.000000
0.812524 0.582928 0.000000 74.111883 -0.582928 0.812524 -0.000000 -35.887323 -0.000000 0.000000 1.000000 0.000000
0.812485 0.582982 0.000000 74.111654 -0.582982 0.812485 -0.000000 -35.886211 -0.000000 0.000000 1.000000 0.000000
0.812538 0.582908 0.000000 74.110963 -0.582908 0.812538 -0.000000 -35.884729 -0.000000 0.000000 1.000000 0.000000
0.812546 0.582896 0.000000 74.110188 -0.582896 0.812546 -0.000000 -35.883426 -0.000000 0.000000 1.000000 0.000000
0.812542 0.582903 0.000000 74.109453 -0.582903 0.812542 -0.000000 -35.882534 -0.000000 0.000000 1.000000 0.000000
0.812556 0.582883 0.000000 74.108667 -0.582883 0.812556 -0.000000 -35.881455 -0.000000 0.000000 1.000000 0.000000
0.812647 0.582756 0.000000 74.107463 -0.582756 0.812647 -0.000000 -35.880704 -0.000000 0.000000 1.000000 0.000000
0.813031 0.582220 0.000000 74.105839 -0.582220 0.813031 -0.000000 -35.880083 -0.000000 0.000000 1.000000 0.000000
0.812957 0.582324 0.000000 74.105526 -0.582324 0.812957 -0.000000 -35.879499 -0.000000 0.000000 1.000000 0.000000
0.812897 0.582407 0.000000 74.105380 -0.582407 0.812897 -0.000000 -35.878324 -0.000000 0.000000 1.000000 0.000000
0.812881 0.582430 0.000000 74.105496 -0.582430 0.812881 -0.000000 -35.878118 -0.000000 0.000000 1.000000 0.000000
0.812929 0.582363 0.000000 74.105150 -0.582363 0.812929 -0.000000 -35.878454 -0.000000 0.000000 1.000000 0.000000
0.813037 0.582212 0.000000 74.104314 -0.582212 0.813037 -0.000000 -35.879105 -0.000000 0.000000 1.000000 0.000000
0.813005 0.582256 0.000000 74.103282 -0.582256 0.813005 -0.000000 -35.879296 -0.000000 0.000000 1.000000 0.000000
0.812832 0.582498 0.000000 74.101970 -0.582498 0.812832 -0.000000 -35.879830 -0.000000 0.000000 1.000000 0.000000
0.812304 0.583234 0.000000 74.101344 -0.583234 0.812304 -0.000000 -35.879194 -0.000000 0.000000 1.000000 0.000000
0.811983 0.583682 0.000000 74.100542 -0.583682 0.811983 -0.000000 -35.878690 -0.000000 0.000000 1.000000 0.000000
0.810834 0.585276 0.000000 74.101587 -0.585276 0.810834 -0.000000 -35.878275 -0.000000 0.000000 1.000000 0.000000
0.810954 0.585110 0.000000 74.100992 -0.585110 0.810954 -0.000000 -35.881383 -0.000000 0.000000 1.000000 0.000000
0.811161 0.584822 0.000000 74.103559 -0.584822 0.811161 -0.000000 -35.886929 -0.000000 0.000000 1.000000 0.000000
0.811497 0.584357 0.000000 74.102979 -0.584357 0.811497 -0.000000 -35.893119 -0.000000 0.000000 1.000000 0.000000
0.812423 0.583068 0.000000 74.099339 -0.583068 0.812423 -0.000000 -35.897361 -0.000000 0.000000 1.000000 0.000000
0.813144 0.582063 0.000000 74.098673 -0.582063 0.813144 -0.000000 -35.900814 -0.000000 0.000000 1.000000 0.000000
0.813692 0.581296 0.000000 74.098225 -0.581296 0.813692 -0.000000 -35.903861 -0.000000 0.000000 1.000000 0.000000
0.813973 0.580902 0.000000 74.097176 -0.580902 0.813973 -0.000000 -35.904984 -0.000000 0.000000 1.000000 0.000000
0.814120 0.580696 0.000000 74.096999 -0.580696 0.814120 -0.000000 -35.905131 -0.000000 0.000000 1.000000 0.000000
0.814306 0.580436 0.000000 74.096226 -0.580436 0.814306 -0.000000 -35.904839 -0.000000 0.000000 1.000000 0.000000
0.814310 0.580430 0.000000 74.095959 -0.580430 0.814310 -0.000000 -35.904162 -0.000000 0.000000 1.000000 0.000000
0.814316 0.580422 0.000000 74.095925 -0.580422 0.814316 -0.000000 -35.903876 -0.000000 0.000000 1.000000 0.000000
0.814317 0.580420 0.000000 74.094268 -0.580420 0.814317 -0.000000 -35.903732 -0.000000 0.000000 1.000000 0.000000
0.814211 0.580569 0.000000 74.092763 -0.580569 0.814211 -0.000000 -35.903505 -0.000000 0.000000 1.000000 0.000000
0.814332 0.580399 0.000000 74.091422 -0.580399 0.814332 -0.000000 -35.903311 -0.000000 0.000000 1.000000 0.000000
0.814378 0.580335 0.000000 74.090860 -0.580335 0.814378 -0.000000 -35.902997 -0.000000 0.000000 1.000000 0.000000
0.814423 0.580271 0.000000 74.089925 -0.580271 0.814423 -0.000000 -35.902355 -0.000000 0.000000 1.000000 0.000000
0.814650 0.579953 0.000000 74.088626 -0.579953 0.814650 -0.000000 -35.901988 -0.000000 0.000000 1.000000 0.000000
0.815018 0.579436 0.000000 74.088044 -0.579436 0.815018 -0.000000 -35.902064 -0.000000 0.000000 1.000000 0.000000
0.815671 0.578517 0.000000 74.086696 -0.578517 0.815671 -0.000000 -35.903578 -0.000000 0.000000 1.000000 0.000000
0.816217 0.577746 0.000000 74.085613 -0.577746 0.816217 -0.000000 -35.905397 -0.000000 0.000000 1.000000 0.000000
0.815986 0.578072 0.000000 74.085576 -0.578072 0.815986 -0.000000 -35.904505 -0.000000 0.000000 1.000000 0.000000
0.814889 0.579617 0.000000 74.089506 -0.579617 0.814889 -0.000000 -35.903194 -0.000000 0.000000 1.000000 0.000000
0.812791 0.582556 0.000000 74.099634 -0.582556 0.812791 -0.000000 -35.902234 -0.000000 0.000000 1.000000 0.000000
0.811356 0.584553 0.000000 74.109141 -0.584553 0.811356 -0.000000 -35.905335 -0.000000 0.000000 1.000000 0.000000
0.810241 0.586097 0.000000 74.114093 -0.586097 0.810241 -0.000000 -35.906854 -0.000000 0.000000 1.000000 0.000000
0.808856 0.588006 0.000000 74.117979 -0.588006 0.808856 -0.000000 -35.906357 -0.000000 0.000000 1.000000 0.000000
0.807784 0.589478 0.000000 74.120287 -0.589478 0.807784 -0.000000 -35.905796 -0.000000 0.000000 1.000000 0.000000
0.806726 0.590925 0.000000 74.123925 -0.590925 0.806726 -0.000000 -35.905856 -0.000000 0.000000 1.000000 0.000000
0.805883 0.592074 0.000000 74.128628 -0.592074 0.805883 -0.000000 -35.908600 -0.000000 0.000000 1.000000 0.000000
0.805716 0.592302 0.000000 74.133035 -0.592302 0.805716 -0.000000 -35.915642 -0.000000 0.000000 1.000000 0.000000
0.805798 0.592190 0.000000 74.136014 -0.592190 0.805798 -0.000000 -35.922836 -0.000000 0.000000 1.000000 0.000000
0.806378 0.591400 0.000000 74.143293 -0.591400 0.806378 -0.000000 -35.931066 -0.000000 0.000000 1.000000 0.000000
0.807185 0.590298 0.000000 74.147347 -0.590298 0.807185 -0.000000 -35.939194 -0.000000 0.000000 1.000000 0.000000
0.808469 0.588539 0.000000 74.154678 -0.588539 0.808469 -0.000000 -35.947467 -0.000000 0.000000 1.000000 0.000000
0.809140 0.587616 0.000000 74.165268 -0.587616 0.809140 -0.000000 -35.954005 -0.000000 0.000000 1.000000 0.000000
0.809198 0.587536 0.000000 74.175883 -0.587536 0.809198 -0.000000 -35.962164 -0.000000 0.000000 1.000000 0.000000
0.809222 0.587503 0.000000 74.188671 -0.587503 0.809222 -0.000000 -35.971501 -0.000000 0.000000 1.000000 0.000000
0.808901 0.587944 0.000000 74.202761 -0.587944 0.808901 -0.000000 -35.977202 -0.000000 0.000000 1.000000 0.000000
0.808479 0.588525 0.000000 74.220801 -0.588525 0.808479 -0.000000 -35.985833 -0.000000 0.000000 1.000000 0.000000
0.808232 0.588865 0.000000 74.250661 -0.588865 0.808232 -0.000000 -36.002456 -0.000000 0.000000 1.000000 0.000000
0.809409 0.587245 0.000000 74.262319 -0.587245 0.809409 -0.000000 -36.013259 -0.000000 0.000000 1.000000 0.000000
0.809669 0.586887 0.000000 74.275965 -0.586887 0.809669 -0.000000 -36.022296 -0.000000 0.000000 1.000000 0.000000
0.810533 0.585693 0.000000 74.288652 -0.585693 0.810533 -0.000000 -36.035049 -0.000000 0.000000 1.000000 0.000000
0.811215 0.584748 0.000000 74.299367 -0.584748 0.811215 -0.000000 -36.046917 -0.000000 0.000000 1.000000 0.000000
0.813036 0.582213 0.000000 74.306174 -0.582213 0.813036 -0.000000 -36.060409 -0.000000 0.000000 1.000000 0.000000
0.813964 0.580915 0.000000 74.315071 -0.580915 0.813964 -0.000000 -36.075349 -0.000000 0.000000 1.000000 0.000000
0.814454 0.580228 0.000000 74.320351 -0.580228 0.814454 -0.000000 -36.081596 -0.000000 0.000000 1.000000 0.000000
0.814768 0.579787 0.000000 74.328176 -0.579787 0.814768 -0.000000 -36.084587 -0.000000 0.000000 1.000000 0.000000
0.814267 0.580491 0.000000 74.333751 -0.580491 0.814267 -0.000000 -36.084338 -0.000000 0.000000 1.000000 0.000000
0.813890 0.581019 0.000000 74.342048 -0.581019 0.813890 -0.000000 -36.082269 -0.000000 0.000000 1.000000 0.000000
0.813164 0.582035 0.000000 74.347096 -0.582035 0.813164 -0.000000 -36.081651 -0.000000 0.000000 1.000000 0.000000
0.813085 0.582146 0.000000 74.349914 -0.582146 0.813085 -0.000000 -36.082050 -0.000000 0.000000 1.000000 0.000000
0.812897 0.582408 0.000000 74.352422 -0.582408 0.812897 -0.000000 -36.081575 -0.000000 0.000000 1.000000 0.000000
0.813095 0.582131 0.000000 74.351462 -0.582131 0.813095 -0.000000 -36.082996 -0.000000 0.000000 1.000000 0.000000
0.813676 0.581319 0.000000 74.349285 -0.581319 0.813676 -0.000000 -36.083395 -0.000000 0.000000 1.000000 0.000000
0.814082 0.580749 0.000000 74.346706 -0.580749 0.814082 -0.000000 -36.083320 -0.000000 0.000000 1.000000 0.000000
0.814198 0.580588 0.000000 74.345434 -0.580588 0.814198 -0.000000 -36.082088 -0.000000 0.000000 1.000000 0.000000
0.814254 0.580509 0.000000 74.345576 -0.580509 0.814254 -0.000000 -36.080329 -0.000000 0.000000 1.000000 0.000000
0.814704 0.579878 0.000000 74.345221 -0.579878 0.814704 -0.000000 -36.079712 -0.000000 0.000000 1.000000 0.000000
0.814899 0.579603 0.000000 74.343718 -0.579603 0.814899 -0.000000 -36.080035 -0.000000 0.000000 1.000000 0.000000
0.815919 0.578166 0.000000 74.341403 -0.578166 0.815919 -0.000000 -36.083780 -0.000000 0.000000 1.000000 0.000000
0.816003 0.578048 0.000000 74.341473 -0.578048 0.816003 -0.000000 -36.083194 -0.000000 0.000000 1.000000 0.000000
0.816294 0.577636 0.000000 74.340014 -0.577636 0.816294 -0.000000 -36.083126 -0.000000 0.000000 1.000000 0.000000
0.816961 0.576692 0.000000 74.337846 -0.576692 0.816961 -0.000000 -36.084677 -0.000000 0.000000 1.000000 0.000000
0.817031 0.576594 0.000000 74.337833 -0.576594 0.817031 -0.000000 -36.083539 -0.000000 0.000000 1.000000 0.000000
0.817347 0.576145 0.000000 74.337545 -0.576145 0.817347 -0.000000 -36.083394 -0.000000 0.000000 1.000000 0.000000
0.817452 0.575996 0.000000 74.337597 -0.575996 0.817452 -0.000000 -36.082957 -0.000000 0.000000 1.000000 0.000000
0.817434 0.576023 0.000000 74.338136 -0.576023 0.817434 -0.000000 -36.083051 -0.000000 0.000000 1.000000 0.000000
0.817605 0.575779 0.000000 74.337815 -0.575779 0.817605 -0.000000 -36.082591 -0.000000 0.000000 1.000000 0.000000
0.817475 0.575964 0.000000 74.338244 -0.575964 0.817475 -0.000000 -36.081964 -0.000000 0.000000 1.000000 0.000000
