0.999942 0.003228 0.010312 7.446774 -0.003252 0.999992 0.002314 -0.074252 -0.010304 -0.002347 0.999944 -0.067012
0.999950 0.003964 0.009196 8.078480 -0.003985 0.999989 0.002263 -0.082391 -0.009187 -0.002300 0.999955 -0.072650
0.999972 0.004833 0.005677 9.340975 -0.004854 0.999981 0.003781 -0.099147 -0.005659 -0.003808 0.999977 -0.083905
0.999974 0.005137 0.005054 9.976696 -0.005158 0.999978 0.004164 -0.108912 -0.005033 -0.004190 0.999979 -0.089538
0.999967 0.005159 0.006330 10.606247 -0.005191 0.999974 0.005013 -0.118860 -0.006304 -0.005046 0.999967 -0.095110
0.999949 0.006711 0.007501 11.232912 -0.006755 0.999960 0.005791 -0.129073 -0.007462 -0.005842 0.999955 -0.100648
0.999939 0.006720 0.008765 11.898761 -0.006772 0.999960 0.005869 -0.138291 -0.008725 -0.005928 0.999944 -0.106574
0.999939 0.006112 0.009193 12.515922 -0.006164 0.999965 0.005672 -0.145057 -0.009158 -0.005728 0.999942 -0.112113
0.999930 0.007694 0.008955 13.128567 -0.007739 0.999958 0.004967 -0.155964 -0.008916 -0.005036 0.999948 -0.117504
0.999925 0.008370 0.008959 13.750253 -0.008410 0.999955 0.004477 -0.168906 -0.008921 -0.004552 0.999950 -0.122926
0.999921 0.008761 0.009051 14.375817 -0.008816 0.999943 0.006091 -0.181893 -0.008997 -0.006170 0.999940 -0.128384
0.999924 0.007986 0.009363 14.989655 -0.008062 0.999935 0.008103 -0.192317 -0.009297 -0.008178 0.999923 -0.133798
0.999931 0.007393 0.009112 15.606557 -0.007474 0.999932 0.008943 -0.203208 -0.009045 -0.009010 0.999919 -0.139229
0.999928 0.006745 0.009970 16.213272 -0.006836 0.999935 0.009153 -0.212111 -0.009908 -0.009221 0.999908 -0.144616
0.999917 0.006592 0.011048 16.853962 -0.006705 0.999925 0.010223 -0.222040 -0.010980 -0.010296 0.999887 -0.150291
0.999907 0.007345 0.011528 17.432694 -0.007462 0.999920 0.010177 -0.232437 -0.011452 -0.010263 0.999882 -0.155381
0.999905 0.007964 0.011222 18.055212 -0.008082 0.999912 0.010538 -0.242882 -0.011137 -0.010628 0.999882 -0.160876
0.999891 0.008696 0.011903 18.673653 -0.008835 0.999893 0.011685 -0.254349 -0.011800 -0.011789 0.999861 -0.166306
0.999915 0.008230 0.010102 19.322780 -0.008348 0.999897 0.011699 -0.265941 -0.010005 -0.011782 0.999881 -0.172017
0.999939 0.007390 0.008148 19.946257 -0.007477 0.999915 0.010707 -0.274924 -0.008068 -0.010767 0.999909 -0.177557
0.999944 0.007099 0.007868 20.566655 -0.007175 0.999927 0.009745 -0.282620 -0.007798 -0.009801 0.999922 -0.183102
0.999946 0.006975 0.007735 21.185233 -0.007048 0.999931 0.009362 -0.289200 -0.007669 -0.009416 0.999926 -0.188657
0.999934 0.007166 0.008944 21.811873 -0.007252 0.999927 0.009628 -0.297912 -0.008874 -0.009692 0.999914 -0.194234
0.999912 0.007161 0.011169 22.441185 -0.007277 0.999920 0.010388 -0.306472 -0.011093 -0.010468 0.999884 -0.199839
0.999905 0.007138 0.011818 23.046254 -0.007263 0.999918 0.010585 -0.314856 -0.011741 -0.010670 0.999874 -0.205224
0.999900 0.007308 0.012137 23.678625 -0.007431 0.999921 0.010110 -0.323475 -0.012062 -0.010199 0.999875 -0.210855
0.999924 0.006441 0.010534 24.318830 -0.006544 0.999930 0.009811 -0.330492 -0.010470 -0.009879 0.999896 -0.216600
0.999924 0.006864 0.010240 24.919265 -0.006961 0.999931 0.009467 -0.339360 -0.010174 -0.009538 0.999903 -0.221930
0.999933 0.006660 0.009465 25.566584 -0.006748 0.999934 0.009301 -0.347353 -0.009402 -0.009365 0.999912 -0.227716
0.999931 0.006162 0.010016 26.191122 -0.006252 0.999940 0.008978 -0.354408 -0.009960 -0.009040 0.999910 -0.233315
0.999916 0.006651 0.011164 26.793353 -0.006744 0.999943 0.008265 -0.362892 -0.011109 -0.008339 0.999904 -0.238671
0.999913 0.006355 0.011572 27.413270 -0.006438 0.999954 0.007153 -0.371251 -0.011526 -0.007227 0.999907 -0.244195
0.999903 0.006449 0.012361 28.042684 -0.006551 0.999945 0.008196 -0.379345 -0.012308 -0.008276 0.999890 -0.249812
0.999912 0.006985 0.011322 28.665171 -0.007085 0.999936 0.008814 -0.387880 -0.011259 -0.008894 0.999897 -0.255355
0.999902 0.007364 0.011868 29.245291 -0.007462 0.999938 0.008233 -0.396454 -0.011807 -0.008320 0.999896 -0.260504
0.999889 0.006895 0.013231 29.879643 -0.006996 0.999946 0.007619 -0.405968 -0.013178 -0.007711 0.999883 -0.266131
0.999903 0.006141 0.012513 30.462948 -0.006244 0.999947 0.008228 -0.412333 -0.012462 -0.008306 0.999888 -0.271366
0.999908 0.006678 0.011781 31.071239 -0.006781 0.999939 0.008690 -0.420828 -0.011722 -0.008769 0.999893 -0.276778
0.999904 0.007401 0.011711 31.697503 -0.007498 0.999938 0.008221 -0.429874 -0.011649 -0.008308 0.999898 -0.282343
0.999902 0.006744 0.012265 32.509313 -0.006845 0.999943 0.008162 -0.440715 -0.012210 -0.008245 0.999891 -0.289578
0.999903 0.006375 0.012399 33.130191 -0.006466 0.999952 0.007341 -0.447612 -0.012352 -0.007421 0.999896 -0.295147
0.999894 0.006263 0.013134 33.754630 -0.006364 0.999950 0.007649 -0.455405 -0.013085 -0.007731 0.999884 -0.300727
0.999862 0.006373 0.015352 34.386284 -0.006496 0.999947 0.007977 -0.463572 -0.015301 -0.008075 0.999850 -0.306363
0.999882 0.007064 0.013647 35.020028 -0.007168 0.999946 0.007584 -0.472714 -0.013593 -0.007681 0.999878 -0.311994
0.999913 0.007941 0.010557 35.659146 -0.008017 0.999942 0.007184 -0.483324 -0.010499 -0.007268 0.999918 -0.317638
0.999917 0.009158 0.009073 36.292007 -0.009228 0.999928 0.007684 -0.495128 -0.009002 -0.007767 0.999929 -0.323193
0.999917 0.009688 0.008465 36.932830 -0.009757 0.999919 0.008149 -0.506502 -0.008385 -0.008231 0.999931 -0.328833
0.999903 0.010805 0.008796 37.566263 -0.010872 0.999912 0.007652 -0.519934 -0.008712 -0.007747 0.999932 -0.334352
0.999895 0.010219 0.010242 38.202145 -0.010292 0.999922 0.007086 -0.529614 -0.010169 -0.007191 0.999922 -0.339989
0.999879 0.010491 0.011511 38.828561 -0.010576 0.999917 0.007310 -0.541332 -0.011433 -0.007430 0.999907 -0.345487
0.999877 0.011275 0.010935 39.462849 -0.011371 0.999897 0.008723 -0.553632 -0.010835 -0.008846 0.999902 -0.351042
0.999862 0.010791 0.012610 40.107347 -0.010899 0.999904 0.008561 -0.562680 -0.012516 -0.008698 0.999884 -0.356775
0.999867 0.011456 0.011648 40.761721 -0.011550 0.999901 0.008018 -0.574705 -0.011555 -0.008151 0.999900 -0.362524
0.999887 0.011485 0.009659 41.365560 -0.011562 0.999901 0.008004 -0.587857 -0.009566 -0.008114 0.999921 -0.367776
0.999881 0.011865 0.009905 42.011498 -0.011945 0.999896 0.008075 -0.601521 -0.009808 -0.008193 0.999918 -0.373405
0.999883 0.011682 0.009856 42.643014 -0.011769 0.999893 0.008739 -0.611273 -0.009752 -0.008854 0.999913 -0.379000
0.999811 0.012481 0.014890 43.299033 -0.012636 0.999867 0.010338 -0.623680 -0.014759 -0.010524 0.999836 -0.384754
0.999607 0.012699 0.024973 43.943547 -0.013064 0.999809 0.014516 -0.636986 -0.024783 -0.014836 0.999583 -0.390379
0.999228 0.012463 0.037267 44.576270 -0.013155 0.999744 0.018382 -0.650375 -0.037028 -0.018858 0.999136 -0.395893
0.998614 0.013258 0.050940 45.215669 -0.014274 0.999705 0.019648 -0.664692 -0.050665 -0.020348 0.998508 -0.401444
0.998306 0.013514 0.056591 45.852546 -0.014683 0.999686 0.020293 -0.678395 -0.056299 -0.021089 0.998191 -0.406988
0.998531 0.014523 0.052208 46.498027 -0.015695 0.999632 0.022119 -0.694086 -0.051867 -0.022906 0.998391 -0.412561
0.999010 0.015803 0.041578 47.151644 -0.016854 0.999544 0.025049 -0.709807 -0.041163 -0.025725 0.998821 -0.418209
0.999343 0.016871 0.032066 47.811658 -0.017700 0.999512 0.025756 -0.726052 -0.031616 -0.026307 0.999154 -0.423902
0.999438 0.017795 0.028392 48.428349 -0.018504 0.999519 0.024876 -0.740631 -0.027936 -0.025387 0.999287 -0.429237
0.999381 0.017254 0.030672 49.078214 -0.017974 0.999566 0.023350 -0.757206 -0.030256 -0.023887 0.999257 -0.434828
0.999291 0.017347 0.033429 49.722054 -0.018129 0.999566 0.023239 -0.775953 -0.033011 -0.023829 0.999171 -0.440308
0.999294 0.017304 0.033351 50.368090 -0.018088 0.999564 0.023352 -0.792181 -0.032932 -0.023939 0.999171 -0.445873
0.999323 0.017869 0.032150 51.014255 -0.018666 0.999522 0.024663 -0.809580 -0.031694 -0.025247 0.999179 -0.451409
0.999363 0.018001 0.030818 51.656277 -0.018768 0.999516 0.024791 -0.827347 -0.030357 -0.025354 0.999218 -0.456897
0.999387 0.017704 0.030216 52.279323 -0.018435 0.999539 0.024106 -0.843160 -0.029776 -0.024648 0.999253 -0.462259
0.999356 0.017524 0.031311 52.933617 -0.018303 0.999525 0.024780 -0.860180 -0.030862 -0.025337 0.999202 -0.467880
0.999316 0.017691 0.032476 53.593192 -0.018521 0.999505 0.025445 -0.876377 -0.032010 -0.026029 0.999149 -0.473571
0.999293 0.017638 0.033190 54.265023 -0.018467 0.999521 0.024841 -0.894039 -0.032736 -0.025436 0.999140 -0.479337
0.999265 0.017483 0.034116 54.932193 -0.018334 0.999525 0.024785 -0.910548 -0.033667 -0.025393 0.999110 -0.485090
0.999304 0.016556 0.033425 55.599447 -0.017369 0.999557 0.024181 -0.925501 -0.033010 -0.024745 0.999149 -0.490883
0.999406 0.015695 0.030665 56.650561 -0.016382 0.999617 0.022299 -0.949919 -0.030303 -0.022788 0.999281 -0.499987
0.999509 0.015068 0.027483 57.365326 -0.015658 0.999649 0.021378 -0.965595 -0.027151 -0.021798 0.999394 -0.506202
0.999548 0.014915 0.026115 58.030527 -0.015419 0.999697 0.019203 -0.978589 -0.025821 -0.019597 0.999474 -0.512026
0.999587 0.013931 0.025149 58.709130 -0.014388 0.999733 0.018063 -0.989836 -0.024891 -0.018417 0.999521 -0.518019
0.999538 0.013252 0.027360 59.385063 -0.013728 0.999757 0.017268 -1.001508 -0.027124 -0.017636 0.999476 -0.523976
0.999465 0.012645 0.030175 60.060547 -0.013112 0.999797 0.015327 -1.012314 -0.029975 -0.015714 0.999427 -0.529951
0.999487 0.012427 0.029509 60.728901 -0.012789 0.999845 0.012082 -1.024493 -0.029354 -0.012454 0.999491 -0.535825
0.999634 0.011829 0.024325 61.374916 -0.012092 0.999869 0.010723 -1.032888 -0.024195 -0.011013 0.999647 -0.541588
0.999776 0.012821 0.016859 62.732644 -0.013023 0.999844 0.011935 -1.057174 -0.016704 -0.012152 0.999787 -0.553533
0.999641 0.014079 0.022806 63.405179 -0.014362 0.999821 0.012294 -1.071303 -0.022629 -0.012618 0.999664 -0.559396
0.999362 0.014351 0.032697 64.060764 -0.014728 0.999827 0.011332 -1.083936 -0.032529 -0.011807 0.999401 -0.565140
0.999004 0.015032 0.042017 64.715061 -0.015516 0.999817 0.011232 -1.097791 -0.041841 -0.011872 0.999054 -0.570841
0.998775 0.016012 0.046810 65.364291 -0.016579 0.999794 0.011742 -1.112356 -0.046613 -0.012504 0.998835 -0.576478
0.998776 0.016270 0.046720 66.042060 -0.016886 0.999775 0.012833 -1.126100 -0.046501 -0.013606 0.998826 -0.582399
0.998872 0.017211 0.044253 66.676693 -0.017813 0.999754 0.013240 -1.139458 -0.044015 -0.014013 0.998933 -0.587931
0.998988 0.017247 0.041539 67.279126 -0.017863 0.999735 0.014492 -1.153479 -0.041278 -0.015220 0.999032 -0.593148
0.999043 0.017662 0.040021 67.914559 -0.018271 0.999722 0.014899 -1.169034 -0.039747 -0.015616 0.999088 -0.598632
0.999050 0.018523 0.039454 68.502514 -0.019126 0.999705 0.014947 -1.185776 -0.039165 -0.015687 0.999110 -0.603646
0.999061 0.019153 0.038858 69.125085 -0.019783 0.999678 0.015903 -1.202660 -0.038541 -0.016657 0.999118 -0.608977
0.999112 0.019359 0.037419 69.739113 -0.020003 0.999656 0.016935 -1.217938 -0.037079 -0.017669 0.999156 -0.614269
0.999147 0.019971 0.036153 70.319778 -0.020614 0.999634 0.017507 -1.232971 -0.035790 -0.018238 0.999193 -0.619259
0.999157 0.019733 0.036004 70.941444 -0.020372 0.999640 0.017473 -1.247987 -0.035647 -0.018192 0.999199 -0.624629
0.999147 0.018983 0.036660 71.552452 -0.019640 0.999651 0.017650 -1.262223 -0.036312 -0.018355 0.999172 -0.629920
0.999092 0.019547 0.037863 72.119413 -0.020228 0.999639 0.017698 -1.277234 -0.037504 -0.018448 0.999126 -0.634784
0.999073 0.019222 0.038522 72.739443 -0.019935 0.999635 0.018232 -1.292413 -0.038158 -0.018983 0.999091 -0.640135
0.999046 0.019483 0.039071 73.320626 -0.020204 0.999631 0.018134 -1.308965 -0.038703 -0.018907 0.999072 -0.645091
0.999037 0.020413 0.038835 73.938335 -0.021144 0.999605 0.018509 -1.325766 -0.038442 -0.019312 0.999074 -0.650379
0.999079 0.019647 0.038152 74.565611 -0.020359 0.999624 0.018372 -1.339926 -0.037776 -0.019131 0.999103 -0.655822
0.999096 0.019002 0.038031 75.433951 -0.019679 0.999653 0.017522 -1.361932 -0.037684 -0.018254 0.999123 -0.663296
0.999053 0.019862 0.038704 76.033105 -0.020566 0.999629 0.017858 -1.379036 -0.038335 -0.018637 0.999091 -0.668405
0.999022 0.019924 0.039469 76.646595 -0.020671 0.999613 0.018628 -1.394868 -0.039083 -0.019426 0.999047 -0.673678
0.999026 0.019630 0.039524 77.248655 -0.020365 0.999625 0.018281 -1.409496 -0.039150 -0.019068 0.999051 -0.678877
0.999026 0.019883 0.039389 77.847536 -0.020661 0.999598 0.019439 -1.426604 -0.038987 -0.020234 0.999035 -0.683982
0.999078 0.020046 0.037956 78.453041 -0.020832 0.999575 0.020407 -1.444942 -0.037530 -0.021178 0.999071 -0.689118
0.999123 0.020215 0.036662 79.090459 -0.020914 0.999605 0.018783 -1.464831 -0.036268 -0.019533 0.999151 -0.694510
0.999131 0.020573 0.036261 79.681373 -0.021217 0.999622 0.017477 -1.482234 -0.035888 -0.018231 0.999189 -0.699534
0.999129 0.021108 0.035983 80.268366 -0.021749 0.999610 0.017515 -1.500301 -0.035599 -0.018282 0.999199 -0.704506
0.999056 0.021718 0.037631 81.445478 -0.022412 0.999585 0.018124 -1.533847 -0.037222 -0.018951 0.999127 -0.714543
0.999092 0.021876 0.036571 82.043326 -0.022552 0.999581 0.018162 -1.551354 -0.036159 -0.018970 0.999166 -0.719629
0.999140 0.021635 0.035374 82.629278 -0.022283 0.999589 0.018017 -1.569138 -0.034969 -0.018790 0.999212 -0.724598
0.999152 0.021792 0.034929 83.199700 -0.022459 0.999571 0.018824 -1.585512 -0.034504 -0.019592 0.999213 -0.729460
0.999144 0.021992 0.035032 83.771100 -0.022701 0.999543 0.019951 -1.601514 -0.034577 -0.020729 0.999187 -0.734339
0.999116 0.022686 0.035393 84.345531 -0.023421 0.999516 0.020497 -1.619241 -0.034910 -0.021308 0.999163 -0.739203
0.999060 0.023304 0.036550 84.917380 -0.024080 0.999491 0.020926 -1.635973 -0.036044 -0.021787 0.999113 -0.744068
0.999081 0.022373 0.036572 85.490889 -0.023175 0.999497 0.021671 -1.647439 -0.036069 -0.022499 0.999096 -0.749083
0.999053 0.022279 0.037382 86.047038 -0.023097 0.999500 0.021592 -1.662436 -0.036882 -0.022435 0.999068 -0.753847
0.999034 0.022748 0.037604 86.586246 -0.023589 0.999478 0.022076 -1.679647 -0.037082 -0.022942 0.999049 -0.758398
0.999024 0.023081 0.037660 87.135825 -0.023937 0.999462 0.022435 -1.696689 -0.037122 -0.023315 0.999039 -0.763049
0.999000 0.024233 0.037566 87.681728 -0.025061 0.999450 0.021736 -1.716057 -0.037018 -0.022656 0.999058 -0.767608
0.998993 0.024976 0.037263 88.236238 -0.025772 0.999447 0.021028 -1.734110 -0.036717 -0.021967 0.999084 -0.772279
0.998999 0.026073 0.036346 88.753342 -0.026815 0.999439 0.020074 -1.751820 -0.035802 -0.021028 0.999138 -0.776613
0.999003 0.027127 0.035465 89.299513 -0.027825 0.999426 0.019344 -1.770773 -0.034920 -0.020312 0.999184 -0.781184
0.999019 0.028185 0.034159 89.827526 -0.028858 0.999396 0.019362 -1.787895 -0.033592 -0.020328 0.999229 -0.785633
0.999059 0.029045 0.032216 90.349771 -0.029694 0.999362 0.019849 -1.806094 -0.031619 -0.020787 0.999284 -0.790002
0.999081 0.029430 0.031167 90.894336 -0.030074 0.999339 0.020415 -1.823682 -0.030546 -0.021333 0.999306 -0.794593
0.999062 0.030232 0.030999 91.409166 -0.030867 0.999319 0.020201 -1.842575 -0.030368 -0.021139 0.999315 -0.798876
0.999046 0.030971 0.030802 91.896855 -0.031586 0.999307 0.019686 -1.861012 -0.030171 -0.020640 0.999332 -0.802919
0.999042 0.031448 0.030437 92.422951 -0.032052 0.999295 0.019551 -1.880922 -0.029800 -0.020508 0.999345 -0.807280
0.999001 0.031790 0.031410 92.943677 -0.032442 0.999264 0.020478 -1.899774 -0.030736 -0.021476 0.999297 -0.811619
0.998929 0.032880 0.032553 93.437420 -0.033559 0.999225 0.020548 -1.917811 -0.031852 -0.021619 0.999259 -0.815728
0.998835 0.034684 0.033544 93.988207 -0.035359 0.999179 0.019753 -1.941929 -0.032831 -0.020916 0.999242 -0.820210
0.998774 0.036247 0.033724 94.530462 -0.036923 0.999125 0.019645 -1.965122 -0.032982 -0.020866 0.999238 -0.824637
0.998764 0.037115 0.033071 95.021808 -0.037774 0.999095 0.019551 -1.986747 -0.032315 -0.020776 0.999262 -0.828633
0.998715 0.039268 0.032041 95.539012 -0.039916 0.999006 0.019838 -2.010459 -0.031230 -0.021091 0.999290 -0.832815
0.998653 0.040730 0.032149 96.020142 -0.041355 0.998964 0.019007 -2.031760 -0.031342 -0.020311 0.999302 -0.836725
0.998534 0.042389 0.033653 96.524565 -0.042965 0.998939 0.016583 -2.055108 -0.032915 -0.018004 0.999296 -0.840798
0.998382 0.044471 0.035444 97.203092 -0.045019 0.998876 0.014802 -2.088134 -0.034746 -0.016374 0.999262 -0.846236
0.998312 0.045948 0.035535 97.712549 -0.046425 0.998841 0.012708 -2.112164 -0.034910 -0.014337 0.999288 -0.850338
0.998274 0.047874 0.034005 98.205713 -0.048304 0.998761 0.011935 -2.138070 -0.033391 -0.013557 0.999350 -0.854242
0.998194 0.050508 0.032510 98.703514 -0.050905 0.998637 0.011518 -2.167067 -0.031884 -0.013152 0.999405 -0.858110
0.998067 0.052487 0.033288 99.203212 -0.052909 0.998528 0.011935 -2.195350 -0.032612 -0.013673 0.999375 -0.862013
0.997902 0.054166 0.035458 99.690971 -0.054633 0.998430 0.012350 -2.224484 -0.034734 -0.014261 0.999295 -0.865785
0.997681 0.055803 0.038977 100.166867 -0.056308 0.998342 0.011971 -2.252775 -0.038245 -0.014138 0.999168 -0.869468
0.997322 0.059365 0.042706 101.117637 -0.059917 0.998134 0.011776 -2.313603 -0.041928 -0.014303 0.999018 -0.876717
0.997244 0.060671 0.042711 101.586100 -0.061239 0.998050 0.012106 -2.344663 -0.041894 -0.014688 0.999014 -0.880261
0.997063 0.063185 0.043285 102.053067 -0.063777 0.997887 0.012447 -2.377739 -0.042407 -0.015171 0.998985 -0.883740
0.996858 0.065906 0.043941 102.522476 -0.066517 0.997706 0.012575 -2.409957 -0.043012 -0.015459 0.998955 -0.887263
0.996607 0.068967 0.044926 102.996225 -0.069640 0.997480 0.013593 -2.443768 -0.043876 -0.016675 0.998898 -0.890786
0.996304 0.072068 0.046734 103.469510 -0.072732 0.997271 0.012652 -2.479197 -0.045695 -0.016004 0.998827 -0.894264
0.996012 0.074831 0.048588 103.951781 -0.075522 0.997065 0.012547 -2.516553 -0.047506 -0.016167 0.998740 -0.897775
0.995681 0.078007 0.050349 104.422451 -0.078772 0.996803 0.013400 -2.555682 -0.049142 -0.017308 0.998642 -0.901135
0.995297 0.081048 0.053063 104.892378 -0.081812 0.996571 0.012379 -2.596024 -0.051878 -0.016662 0.998514 -0.904456
0.994918 0.084472 0.054801 105.341291 -0.085271 0.996281 0.012402 -2.636709 -0.053549 -0.017012 0.998420 -0.907574
0.994661 0.086668 0.056016 105.772225 -0.087512 0.996081 0.012796 -2.676434 -0.054688 -0.017630 0.998348 -0.910550
0.994309 0.089404 0.057935 106.227605 -0.090326 0.995821 0.013504 -2.718569 -0.056485 -0.018660 0.998229 -0.913692
0.993789 0.092480 0.061894 106.683585 -0.093602 0.995489 0.015471 -2.763970 -0.060184 -0.021169 0.997963 -0.916755
0.993212 0.095470 0.066456 107.134312 -0.096637 0.995213 0.014574 -2.808665 -0.064747 -0.020897 0.997683 -0.919788
0.992600 0.099429 0.069705 107.565898 -0.100519 0.994859 0.012293 -2.854792 -0.068125 -0.019209 0.997492 -0.922608
0.992042 0.102908 0.072545 107.999508 -0.104077 0.994491 0.012513 -2.901104 -0.070858 -0.019963 0.997287 -0.925441
0.991491 0.106915 0.074263 108.441838 -0.108215 0.994033 0.013704 -2.949757 -0.072354 -0.021624 0.997145 -0.928296
0.990801 0.111723 0.076359 108.870563 -0.113234 0.993444 0.015741 -2.997787 -0.074100 -0.024243 0.996956 -0.931040
0.990100 0.117570 0.076678 109.296689 -0.119261 0.992703 0.017842 -3.047169 -0.074021 -0.026810 0.996896 -0.933726
0.989461 0.123702 0.075259 109.719381 -0.125311 0.991972 0.017018 -3.100128 -0.072549 -0.026269 0.997019 -0.936289
0.988806 0.128362 0.076068 110.116687 -0.129983 0.991375 0.016730 -3.153093 -0.073264 -0.026430 0.996962 -0.938618
0.988235 0.132801 0.075863 110.531423 -0.134291 0.990831 0.014855 -3.210330 -0.073195 -0.024868 0.997008 -0.940998
0.987783 0.136928 0.074406 110.924807 -0.138338 0.990285 0.014103 -3.267125 -0.071752 -0.024224 0.997128 -0.943193
0.987349 0.141097 0.072339 111.335865 -0.142598 0.989651 0.016004 -3.329717 -0.069332 -0.026117 0.997252 -0.945403
0.987209 0.143674 0.069110 111.729393 -0.145177 0.989256 0.017215 -3.388638 -0.065894 -0.027028 0.997461 -0.947545
0.987120 0.146577 0.064105 112.095476 -0.148027 0.988811 0.018458 -3.445334 -0.060682 -0.027709 0.997772 -0.949489
0.986997 0.149958 0.057882 112.489321 -0.151228 0.988332 0.018192 -3.510282 -0.054479 -0.026709 0.998158 -0.951481
0.986809 0.153390 0.051759 112.886971 -0.154476 0.987839 0.017643 -3.574212 -0.048423 -0.025406 0.998504 -0.953533
0.986466 0.157424 0.045859 113.430874 -0.158212 0.987305 0.014073 -3.663695 -0.043062 -0.021138 0.998849 -0.956288
0.986181 0.160035 0.042846 113.844284 -0.160514 0.987001 0.007965 -3.733043 -0.041014 -0.014732 0.999050 -0.958349
0.985737 0.162833 0.042527 114.252429 -0.163178 0.986585 0.004742 -3.804307 -0.041185 -0.011614 0.999084 -0.960311
0.985094 0.165798 0.045831 114.652801 -0.166154 0.986092 0.004045 -3.874251 -0.044523 -0.011600 0.998941 -0.962236
0.984554 0.168411 0.047868 115.053754 -0.168724 0.985660 0.002535 -3.946369 -0.046755 -0.010572 0.998850 -0.964110
0.984231 0.169790 0.049612 115.458157 -0.170145 0.985415 0.002982 -4.019167 -0.048382 -0.011376 0.998764 -0.966000
0.983981 0.171376 0.049108 115.862112 -0.171766 0.985130 0.003808 -4.094401 -0.047725 -0.012182 0.998786 -0.967823
0.983967 0.171971 0.047274 116.285189 -0.172296 0.985041 0.002862 -4.170551 -0.046074 -0.010961 0.998878 -0.969799
0.983915 0.172990 0.044569 117.023658 -0.173189 0.984888 0.000618 -4.308456 -0.043789 -0.008327 0.999006 -0.973122
0.983839 0.173744 0.043290 117.452288 -0.173896 0.984764 -0.000274 -4.390246 -0.042678 -0.007259 0.999063 -0.975007
0.983753 0.174407 0.042568 117.892435 -0.174578 0.984643 0.000324 -4.471820 -0.041858 -0.007750 0.999094 -0.977004
0.983482 0.175910 0.042640 118.326206 -0.176194 0.984351 0.002962 -4.554099 -0.041452 -0.010426 0.999086 -0.978923
0.983260 0.177062 0.043006 118.757574 -0.177451 0.984115 0.005378 -4.636390 -0.041371 -0.012920 0.999060 -0.980820
0.983177 0.177696 0.042279 119.193747 -0.178130 0.983984 0.006708 -4.718657 -0.040409 -0.014127 0.999083 -0.982762
0.983226 0.177876 0.040329 119.635339 -0.178308 0.983947 0.007356 -4.801817 -0.038373 -0.014423 0.999159 -0.984732
0.983120 0.178903 0.038316 120.080374 -0.179310 0.983765 0.007427 -4.885112 -0.036365 -0.014172 0.999238 -0.986730
0.982930 0.180390 0.036166 120.520660 -0.180769 0.983497 0.007474 -4.968540 -0.034221 -0.013884 0.999318 -0.988681
0.982695 0.182147 0.033649 120.967872 -0.182500 0.983176 0.007683 -5.054692 -0.031684 -0.013691 0.999404 -0.990626
0.982473 0.183722 0.031503 121.418946 -0.184114 0.982854 0.009991 -5.140072 -0.029127 -0.015616 0.999454 -0.992627
0.982260 0.185701 0.026100 122.247094 -0.186102 0.982432 0.013876 -5.299543 -0.023065 -0.018487 0.999563 -0.996231
0.981940 0.187657 0.024040 122.694704 -0.188012 0.982074 0.013463 -5.390028 -0.021082 -0.017739 0.999620 -0.998070
0.981657 0.189300 0.022692 123.140814 -0.189630 0.981765 0.013379 -5.478955 -0.019745 -0.017437 0.999653 -0.999934
0.981352 0.191152 0.020236 123.598684 -0.191467 0.981386 0.014909 -5.572356 -0.017009 -0.018506 0.999684 -1.001794
0.980986 0.193214 0.018300 124.055537 -0.193540 0.980925 0.018123 -5.667111 -0.014450 -0.021320 0.999668 -1.003610
0.980537 0.195591 0.017076 124.513848 -0.195929 0.980392 0.021065 -5.760833 -0.012621 -0.024001 0.999632 -1.005465
0.980370 0.196613 0.014763 124.970855 -0.196917 0.980148 0.023096 -5.858260 -0.009929 -0.025549 0.999624 -1.007214
0.980156 0.197778 0.013363 125.432696 -0.198047 0.979917 0.023259 -5.957436 -0.008494 -0.025444 0.999640 -1.008964
0.979980 0.198636 0.013522 125.934750 -0.198914 0.979726 0.023895 -6.064987 -0.008501 -0.026106 0.999623 -1.010872
0.979652 0.200230 0.013805 126.371623 -0.200516 0.979396 0.024014 -6.159824 -0.008712 -0.026293 0.999616 -1.012501
0.979108 0.202834 0.014377 126.866985 -0.203136 0.978852 0.024170 -6.268795 -0.009170 -0.026586 0.999604 -1.014311
0.978839 0.204063 0.015224 127.331070 -0.204398 0.978562 0.025265 -6.371618 -0.009742 -0.027842 0.999565 -1.015988
0.978699 0.204755 0.014969 127.806349 -0.205098 0.978373 0.026836 -6.474532 -0.009151 -0.029335 0.999528 -1.017767
0.978431 0.206092 0.014076 128.280198 -0.206427 0.978023 0.029304 -6.580116 -0.007727 -0.031578 0.999471 -1.019464
0.978638 0.205161 0.013300 128.757958 -0.205479 0.978191 0.030356 -6.674583 -0.006782 -0.032440 0.999451 -1.021480
0.978477 0.205965 0.012672 129.230070 -0.206270 0.977990 0.031439 -6.777494 -0.005918 -0.033376 0.999425 -1.023230
0.978361 0.206507 0.012824 129.697914 -0.206815 0.977882 0.031202 -6.876436 -0.006096 -0.033179 0.999431 -1.025041
0.978137 0.207541 0.013226 130.171612 -0.207847 0.977734 0.028909 -6.979485 -0.006932 -0.031026 0.999495 -1.026801
0.977870 0.208726 0.014267 130.624369 -0.209044 0.977547 0.026502 -7.080775 -0.008415 -0.028898 0.999547 -1.028413
0.977562 0.210076 0.015515 131.093994 -0.210401 0.977330 0.023608 -7.185118 -0.010203 -0.026343 0.999601 -1.030102
0.977114 0.212072 0.016518 131.574606 -0.212418 0.976903 0.023225 -7.293512 -0.011211 -0.026202 0.999594 -1.031791
0.976752 0.213900 0.014206 132.371118 -0.214231 0.976365 0.028573 -7.474542 -0.007758 -0.030952 0.999491 -1.034554
0.976765 0.213977 0.011996 132.855274 -0.214246 0.976328 0.029715 -7.582741 -0.005354 -0.031594 0.999486 -1.036280
0.976727 0.214164 0.011756 133.839332 -0.214391 0.976461 0.023680 -7.803603 -0.006408 -0.025650 0.999650 -1.039764
0.976529 0.214999 0.012878 134.328277 -0.215229 0.976351 0.020375 -7.914125 -0.008192 -0.022669 0.999709 -1.041476
0.976166 0.216443 0.015871 134.829245 -0.216735 0.976030 0.019783 -8.028572 -0.011209 -0.022751 0.999678 -1.043198
0.975795 0.217911 0.018432 135.328232 -0.218292 0.975632 0.022140 -8.142123 -0.013159 -0.025628 0.999585 -1.044926
0.975632 0.218566 0.019287 135.824194 -0.218993 0.975437 0.023777 -8.254359 -0.013616 -0.027421 0.999531 -1.046658
0.975601 0.218727 0.019018 136.316646 -0.219120 0.975453 0.021856 -8.365669 -0.013771 -0.025490 0.999580 -1.048382
0.975470 0.219223 0.019977 136.857754 -0.219605 0.975394 0.019474 -8.490730 -0.015216 -0.023383 0.999611 -1.050206
0.975317 0.219845 0.020596 137.342550 -0.220203 0.975304 0.017088 -8.604514 -0.016331 -0.021202 0.999642 -1.051796
0.974733 0.222411 0.020689 137.856915 -0.222761 0.974733 0.016498 -8.726846 -0.016497 -0.020690 0.999650 -1.053442
0.974433 0.223871 0.019006 138.378498 -0.224199 0.974389 0.017347 -8.853127 -0.014636 -0.021165 0.999669 -1.055054
0.974101 0.225467 0.017086 138.852578 -0.225769 0.974007 0.018412 -8.972625 -0.012491 -0.021792 0.999684 -1.056400
0.974034 0.225850 0.015781 139.364361 -0.226135 0.973901 0.019469 -9.097265 -0.010972 -0.022533 0.999686 -1.057963
0.973859 0.226634 0.015336 139.885174 -0.226916 0.973705 0.020170 -9.223259 -0.010362 -0.023123 0.999679 -1.059576
0.973942 0.226328 0.014557 140.367394 -0.226592 0.973782 0.020138 -9.336456 -0.009617 -0.022912 0.999691 -1.061157
0.973803 0.226966 0.013951 140.893004 -0.227218 0.973630 0.020421 -9.461880 -0.008949 -0.023056 0.999694 -1.062828
0.973650 0.227608 0.014136 141.425226 -0.227869 0.973467 0.020922 -9.591016 -0.008998 -0.023592 0.999681 -1.064466
0.973302 0.229091 0.014152 142.042706 -0.229357 0.973105 0.021498 -9.741954 -0.008847 -0.024170 0.999669 -1.066339
0.973149 0.229723 0.014434 142.604405 -0.229998 0.972951 0.021642 -9.877348 -0.009072 -0.024381 0.999662 -1.068090
0.972916 0.230703 0.014523 143.102922 -0.230974 0.972731 0.021088 -9.998712 -0.009262 -0.023871 0.999672 -1.069614
0.972356 0.233040 0.014689 143.633136 -0.233307 0.972190 0.020352 -10.131920 -0.009537 -0.023217 0.999685 -1.071130
0.971542 0.236421 0.014557 144.162391 -0.236682 0.971381 0.020007 -10.266453 -0.009411 -0.022883 0.999694 -1.072603
0.970713 0.239829 0.014093 144.697313 -0.240067 0.970576 0.018711 -10.403678 -0.009191 -0.021546 0.999726 -1.074061
0.967507 0.252702 0.008535 148.557487 -0.252814 0.967367 0.016884 -11.434867 -0.003990 -0.018493 0.999821 -1.083535
0.967394 0.253161 0.007695 149.079149 -0.253259 0.967247 0.017150 -11.575829 -0.003101 -0.018540 0.999823 -1.084774
0.967139 0.254142 0.007320 150.240723 -0.254224 0.967040 0.014276 -11.893478 -0.003450 -0.015668 0.999871 -1.087438
0.967275 0.253638 0.006850 151.360722 -0.253701 0.967223 0.010775 -12.196308 -0.003893 -0.012160 0.999918 -1.090094
0.967259 0.253708 0.006515 151.926551 -0.253763 0.967217 0.009802 -12.350328 -0.003815 -0.011135 0.999931 -1.091410
0.967431 0.253072 0.005639 152.488072 -0.253115 0.967395 0.008915 -12.501227 -0.003199 -0.010052 0.999944 -1.092766
0.967550 0.252639 0.004457 153.053329 -0.252665 0.967529 0.006911 -12.653620 -0.002566 -0.007813 0.999966 -1.094118
0.967749 0.251869 0.004826 153.610996 -0.251890 0.967745 0.004574 -12.805973 -0.003518 -0.005642 0.999978 -1.095400
0.967876 0.251373 0.005183 154.171299 -0.251388 0.967883 0.002417 -12.959293 -0.004409 -0.003642 0.999984 -1.096683
0.967913 0.251228 0.005346 154.743220 -0.251235 0.967926 0.000712 -13.115098 -0.004996 -0.002033 0.999985 -1.098009
0.967990 0.250926 0.005600 155.309913 -0.250925 0.968006 -0.000756 -13.268531 -0.005611 -0.000673 0.999984 -1.099348
0.968250 0.249918 0.005792 155.877755 -0.249916 0.968267 -0.001086 -13.422055 -0.005880 -0.000396 0.999983 -1.100695
0.968704 0.248169 0.004891 156.787532 -0.248159 0.968716 -0.002551 -13.670714 -0.005371 0.001257 0.999985 -1.102785
0.968938 0.247238 0.005785 157.374703 -0.247215 0.968951 -0.004403 -13.830963 -0.006694 0.002836 0.999974 -1.104140
0.969279 0.245896 0.005735 157.945168 -0.245869 0.969290 -0.004925 -13.984635 -0.006770 0.003363 0.999971 -1.105507
0.969680 0.244315 0.005581 158.531377 -0.244295 0.969693 -0.004033 -14.136303 -0.006397 0.002548 0.999976 -1.107072
0.969893 0.243497 0.004072 159.157081 -0.243487 0.969900 -0.002842 -14.302361 -0.004642 0.001765 0.999988 -1.108635
0.970287 0.241947 0.002026 159.683662 -0.241944 0.970289 -0.001671 -14.440214 -0.002370 0.001131 0.999997 -1.109999
0.970541 0.240928 0.001931 160.293604 -0.240926 0.970543 -0.001291 -14.600718 -0.002185 0.000788 0.999997 -1.111558
0.970768 0.240000 0.003054 160.864666 -0.239998 0.970773 -0.000908 -14.750914 -0.003182 0.000148 0.999995 -1.113020
0.970979 0.239122 0.004538 161.433175 -0.239119 0.970990 -0.001080 -14.901889 -0.004665 -0.000036 0.999989 -1.114438
0.971205 0.238199 0.004815 161.999850 -0.238195 0.971216 -0.001269 -15.047627 -0.004979 0.000085 0.999988 -1.115972
0.971285 0.237892 0.003462 162.566936 -0.237888 0.971291 -0.001395 -15.195078 -0.003694 0.000531 0.999993 -1.117467
0.971465 0.237179 0.001524 163.131642 -0.237176 0.971465 -0.001585 -15.340603 -0.001856 0.001179 0.999998 -1.118988
0.971517 0.236970 -0.000813 163.703989 -0.236971 0.971515 -0.001794 -15.489304 0.000365 0.001935 0.999998 -1.120500
0.971439 0.237270 -0.003072 164.271017 -0.237279 0.971437 -0.002853 -15.639812 0.002308 0.003500 0.999991 -1.121916
0.971636 0.236438 -0.004557 164.836944 -0.236451 0.971640 -0.002589 -15.786491 0.003816 0.003593 0.999986 -1.123419
0.971823 0.235664 -0.004653 165.388452 -0.235676 0.971830 -0.002014 -15.929666 0.004048 0.003054 0.999987 -1.124879
0.972177 0.234191 -0.005218 166.480301 -0.234186 0.972191 0.001427 -16.207521 0.005407 -0.000166 0.999985 -1.127910
0.972414 0.233205 -0.005138 167.048270 -0.233192 0.972426 0.003072 -16.349007 0.005713 -0.001789 0.999982 -1.129565
0.972482 0.232924 -0.005062 167.580248 -0.232904 0.972490 0.004308 -16.483087 0.005926 -0.003011 0.999978 -1.131075
0.972555 0.232633 -0.004183 168.164312 -0.232616 0.972559 0.004270 -16.630505 0.005062 -0.003180 0.999982 -1.132727
0.972533 0.232751 -0.002545 168.719235 -0.232739 0.972530 0.004281 -16.768876 0.003472 -0.003571 0.999988 -1.134340
0.972514 0.232835 0.002140 169.815895 -0.232844 0.972497 0.005743 -17.037210 -0.000744 -0.006083 0.999981 -1.137659
0.972512 0.232846 0.001789 170.374006 -0.232851 0.972502 0.004573 -17.173509 -0.000675 -0.004864 0.999988 -1.139354
0.972657 0.232240 0.001625 170.914027 -0.232245 0.972645 0.004890 -17.308767 -0.000445 -0.005134 0.999987 -1.140908
0.972777 0.231731 0.002221 171.480715 -0.231741 0.972756 0.006531 -17.448719 -0.000648 -0.006868 0.999976 -1.142590
0.972908 0.231189 0.001589 172.048168 -0.231194 0.972878 0.007531 -17.588686 0.000196 -0.007694 0.999970 -1.144279
0.972917 0.231148 0.001580 172.578109 -0.231154 0.972898 0.006125 -17.715294 -0.000121 -0.006324 0.999980 -1.145960
0.973089 0.230419 0.002135 173.344152 -0.230428 0.973064 0.006971 -17.899388 -0.000471 -0.007276 0.999973 -1.148363
0.973207 0.229920 0.002300 173.913040 -0.229930 0.973187 0.006263 -18.036957 -0.000798 -0.006624 0.999978 -1.150126
0.973058 0.230549 0.002402 174.486095 -0.230559 0.973041 0.005847 -18.178961 -0.000989 -0.006243 0.999980 -1.151814
0.973030 0.230665 0.002443 175.097889 -0.230676 0.973010 0.006318 -18.332585 -0.000920 -0.006711 0.999977 -1.153565
0.972937 0.231058 0.002602 175.633207 -0.231069 0.972922 0.005397 -18.467265 -0.001285 -0.005852 0.999982 -1.155091
0.973028 0.230679 0.001639 176.246263 -0.230683 0.973024 0.003172 -18.621332 -0.000863 -0.003465 0.999994 -1.156843
0.973123 0.230280 0.001287 176.817946 -0.230283 0.973121 0.002418 -18.762948 -0.000696 -0.002649 0.999996 -1.158528
0.973232 0.229820 0.001657 177.384654 -0.229823 0.973230 0.002265 -18.904128 -0.001092 -0.002585 0.999996 -1.160179
0.973179 0.230038 0.002096 177.959326 -0.230042 0.973178 0.002144 -19.048044 -0.001546 -0.002569 0.999996 -1.161834
0.973212 0.229898 0.002160 178.517569 -0.229903 0.973210 0.002654 -19.189089 -0.001492 -0.003080 0.999994 -1.163409
0.973263 0.229681 0.002381 179.087752 -0.229688 0.973257 0.003741 -19.332314 -0.001458 -0.004188 0.999990 -1.165040
0.973388 0.229137 0.003524 179.656880 -0.229151 0.973382 0.004074 -19.471271 -0.002497 -0.004773 0.999985 -1.166770
0.973439 0.228901 0.004479 180.236657 -0.228919 0.973438 0.003855 -19.613629 -0.003478 -0.004778 0.999983 -1.168511
0.973559 0.228369 0.005507 180.812998 -0.228394 0.973559 0.004446 -19.752959 -0.004346 -0.005586 0.999975 -1.170298
0.973620 0.228088 0.006301 181.389398 -0.228123 0.973616 0.005595 -19.895836 -0.004859 -0.006885 0.999964 -1.171996
0.973704 0.227735 0.006132 181.966934 -0.227774 0.973691 0.006702 -20.037985 -0.004444 -0.007922 0.999959 -1.173722
0.973766 0.227488 0.005442 182.542334 -0.227527 0.973736 0.008298 -20.179869 -0.003412 -0.009319 0.999951 -1.175435
0.973792 0.227386 0.004956 183.091415 -0.227424 0.973751 0.009372 -20.314815 -0.002695 -0.010254 0.999944 -1.177081
0.973868 0.227056 0.005055 183.717417 -0.227097 0.973821 0.009972 -20.465995 -0.002659 -0.010859 0.999938 -1.179026
0.973922 0.226813 0.005605 184.250182 -0.226857 0.973884 0.009218 -20.594986 -0.003368 -0.010249 0.999942 -1.180673
0.974007 0.226439 0.005974 184.820781 -0.226485 0.973977 0.008578 -20.737030 -0.003876 -0.009708 0.999945 -1.182337
0.973782 0.227388 0.006515 185.413167 -0.227436 0.973761 0.007960 -20.885759 -0.004534 -0.009233 0.999947 -1.184034
0.973738 0.227575 0.006697 185.992506 -0.227622 0.973722 0.007367 -21.031371 -0.004845 -0.008698 0.999950 -1.185688
0.973783 0.227395 0.006242 186.576992 -0.227433 0.973774 0.006223 -21.174580 -0.004663 -0.007480 0.999961 -1.187452
0.973841 0.227152 0.006036 187.159380 -0.227184 0.973837 0.005330 -21.319570 -0.004668 -0.006562 0.999968 -1.189151
0.974049 0.226259 0.005908 187.739506 -0.226285 0.974052 0.004305 -21.460093 -0.004780 -0.005530 0.999973 -1.190942
0.974071 0.226164 0.005869 188.313120 -0.226191 0.974073 0.004325 -21.599469 -0.004739 -0.005540 0.999973 -1.192703
0.974260 0.225348 0.005951 188.899058 -0.225378 0.974259 0.004948 -21.738069 -0.004683 -0.006162 0.999970 -1.194597
0.974345 0.224972 0.006279 189.478254 -0.225002 0.974347 0.004626 -21.875087 -0.005077 -0.005921 0.999970 -1.196469
0.974385 0.224786 0.006726 190.046170 -0.224817 0.974391 0.004310 -22.013300 -0.005585 -0.005712 0.999968 -1.198207
0.974387 0.224731 0.008099 190.617781 -0.224777 0.974396 0.005343 -22.153854 -0.006691 -0.007026 0.999953 -1.199919
0.974378 0.224708 0.009731 191.191459 -0.224777 0.974387 0.006706 -22.293883 -0.007974 -0.008721 0.999930 -1.201663
0.974304 0.224978 0.010835 191.735757 -0.225060 0.974320 0.007004 -22.426915 -0.008981 -0.009262 0.999917 -1.203314
0.974502 0.224114 0.010895 192.299683 -0.224196 0.974519 0.006931 -22.561563 -0.009064 -0.009196 0.999917 -1.205105
0.974599 0.223724 0.010190 192.872449 -0.223802 0.974607 0.007342 -22.699314 -0.008289 -0.009436 0.999921 -1.206899
0.974526 0.224104 0.008693 193.428301 -0.224176 0.974512 0.008445 -22.834450 -0.006579 -0.010179 0.999927 -1.208603
0.974443 0.224520 0.007220 193.992271 -0.224582 0.974408 0.009542 -22.975128 -0.004893 -0.010919 0.999928 -1.210241
0.974506 0.224276 0.006161 194.568007 -0.224335 0.974443 0.011576 -23.114087 -0.003407 -0.012663 0.999914 -1.212032
0.974723 0.223348 0.005600 195.113594 -0.223402 0.974644 0.012632 -23.242595 -0.002637 -0.013564 0.999905 -1.213810
0.974698 0.223445 0.005923 195.681929 -0.223507 0.974607 0.013607 -23.379764 -0.002732 -0.014587 0.999890 -1.215577
0.974745 0.223215 0.006816 196.262181 -0.223291 0.974653 0.013874 -23.517884 -0.003546 -0.015045 0.999881 -1.217431
0.974845 0.222755 0.007578 196.803265 -0.222846 0.974743 0.014709 -23.648048 -0.004110 -0.016027 0.999863 -1.219125
0.974812 0.222926 0.006689 197.366057 -0.223009 0.974676 0.016525 -23.783561 -0.002835 -0.017601 0.999841 -1.220884
0.974794 0.223080 0.003443 197.936638 -0.223106 0.974632 0.017770 -23.921212 0.000608 -0.018090 0.999836 -1.222660
0.975037 0.222042 0.000671 198.767784 -0.222023 0.974903 0.016412 -24.116549 0.002991 -0.016151 0.999865 -1.225379
0.975219 0.221237 0.001130 199.326020 -0.221231 0.975125 0.013721 -24.247278 0.001934 -0.013631 0.999905 -1.227218
0.975001 0.222141 0.005190 199.895124 -0.222184 0.974951 0.010211 -24.384735 -0.002792 -0.011109 0.999934 -1.228985
0.974706 0.223269 0.009941 200.459452 -0.223341 0.974716 0.006862 -24.520686 -0.008158 -0.008908 0.999927 -1.230747
0.974705 0.223172 0.012030 201.030387 -0.223243 0.974750 0.004933 -24.656639 -0.010625 -0.007494 0.999915 -1.232570
0.974893 0.222456 0.009866 201.611795 -0.222503 0.974924 0.003937 -24.795259 -0.008743 -0.006033 0.999944 -1.234422
0.975046 0.221932 0.005694 202.181583 -0.221954 0.975051 0.003607 -24.931258 -0.004752 -0.004780 0.999977 -1.236233
0.975205 0.221298 0.001711 202.769116 -0.221303 0.975197 0.003890 -25.073844 -0.000808 -0.004172 0.999991 -1.238040
0.975247 0.221118 0.000616 203.268724 -0.221118 0.975227 0.006197 -25.191888 0.000769 -0.006179 0.999981 -1.239659
0.975428 0.220313 0.001594 204.249780 -0.220317 0.975373 0.010417 -25.422705 0.000740 -0.010512 0.999944 -1.242862
0.975551 0.219767 0.001838 204.807209 -0.219773 0.975472 0.012450 -25.554130 0.000943 -0.012550 0.999921 -1.244675
0.975629 0.219423 0.001413 205.535077 -0.219417 0.975506 0.015638 -25.724385 0.002052 -0.015567 0.999877 -1.247077
0.975718 0.219030 -0.000397 206.275349 -0.218984 0.975547 0.018792 -25.898503 0.004504 -0.018249 0.999823 -1.249496
0.975512 0.219944 -0.001130 207.270054 -0.219875 0.975312 0.020514 -26.132536 0.005614 -0.019763 0.999789 -1.252743
0.975516 0.219930 -0.000477 207.836926 -0.219867 0.975282 0.022009 -26.263861 0.005306 -0.021365 0.999758 -1.254646
0.975445 0.220239 0.001515 208.416237 -0.220213 0.975171 0.023384 -26.401232 0.003673 -0.023143 0.999725 -1.256511
0.975453 0.220193 0.002752 208.966593 -0.220194 0.975154 0.024283 -26.530836 0.002663 -0.024293 0.999701 -1.258305
0.975449 0.220188 0.003971 209.491111 -0.220219 0.975156 0.023956 -26.652975 0.001402 -0.024242 0.999705 -1.260049
0.975512 0.219899 0.004583 210.063633 -0.219945 0.975207 0.024417 -26.785900 0.000900 -0.024827 0.999691 -1.261964
0.975539 0.219757 0.005618 210.621852 -0.219828 0.975222 0.024842 -26.915674 -0.000020 -0.025469 0.999676 -1.263826
0.975239 0.221024 0.007534 211.414548 -0.221144 0.974926 0.024797 -27.103508 -0.001864 -0.025849 0.999664 -1.266381
0.975123 0.221471 0.009286 211.972800 -0.221639 0.974802 0.025258 -27.238495 -0.003458 -0.026687 0.999638 -1.268111
0.975194 0.221122 0.010071 212.534414 -0.221310 0.974875 0.025297 -27.368842 -0.004224 -0.026898 0.999629 -1.269990
0.975226 0.220993 0.009788 213.102187 -0.221174 0.974906 0.025319 -27.501762 -0.003947 -0.026856 0.999632 -1.271861
