0.999990 0.004487 0.000000 0.588517 -0.004487 0.999990 -0.000000 0.006894 -0.000000 0.000000 1.000000 0.000000
0.999946 0.010389 0.000000 1.726641 -0.010389 0.999946 -0.000000 -0.016608 -0.000000 0.000000 1.000000 0.000000
0.999952 0.009848 0.000000 2.313894 -0.009848 0.999952 -0.000000 -0.022156 -0.000000 0.000000 1.000000 0.000000
0.999931 0.011740 0.000000 3.119354 -0.011740 0.999931 -0.000000 -0.035633 -0.000000 0.000000 1.000000 0.000000
0.999926 0.012177 0.000000 3.695388 -0.012177 0.999926 -0.000000 -0.040127 -0.000000 0.000000 1.000000 0.000000
0.999918 0.012826 0.000000 4.280676 -0.012826 0.999918 -0.000000 -0.054603 -0.000000 0.000000 1.000000 0.000000
0.999911 0.013326 0.000000 4.868577 -0.013326 0.999911 -0.000000 -0.063341 -0.000000 0.000000 1.000000 0.000000
0.999900 0.014109 0.000000 5.419070 -0.014109 0.999900 -0.000000 -0.075527 -0.000000 0.000000 1.000000 0.000000
0.999863 0.016527 0.000000 6.001997 -0.016527 0.999863 -0.000000 -0.092972 -0.000000 0.000000 1.000000 0.000000
0.999846 0.017560 0.000000 6.547671 -0.017560 0.999846 -0.000000 -0.100320 -0.000000 0.000000 1.000000 0.000000
0.999840 0.017897 0.000000 7.123524 -0.017897 0.999840 -0.000000 -0.102698 -0.000000 0.000000 1.000000 0.000000
0.999807 0.019651 0.000000 7.684967 -0.019651 0.999807 -0.000000 -0.105514 -0.000000 0.000000 1.000000 0.000000
0.999812 0.019403 0.000000 8.250490 -0.019403 0.999812 -0.000000 -0.126184 -0.000000 0.000000 1.000000 0.000000
0.999775 0.021216 0.000000 8.831642 -0.021216 0.999775 -0.000000 -0.134553 -0.000000 0.000000 1.000000 0.000000
0.999722 0.023559 0.000000 9.585232 -0.023559 0.999722 -0.000000 -0.155538 -0.000000 0.000000 1.000000 0.000000
0.999687 0.025034 0.000000 10.205607 -0.025034 0.999687 -0.000000 -0.169763 -0.000000 0.000000 1.000000 0.000000
0.999666 0.025856 0.000000 10.747542 -0.025856 0.999666 -0.000000 -0.172303 -0.000000 0.000000 1.000000 0.000000
0.999602 0.028202 0.000000 11.360047 -0.028202 0.999602 -0.000000 -0.175552 -0.000000 0.000000 1.000000 0.000000
0.999502 0.031560 0.000000 11.939779 -0.031560 0.999502 -0.000000 -0.183110 -0.000000 0.000000 1.000000 0.000000
0.999485 0.032097 0.000000 12.518135 -0.032097 0.999485 -0.000000 -0.207105 -0.000000 0.000000 1.000000 0.000000
0.999372 0.035443 0.000000 13.096554 -0.035443 0.999372 -0.000000 -0.220424 -0.000000 0.000000 1.000000 0.000000
0.999339 0.036356 0.000000 13.678160 -0.036356 0.999339 -0.000000 -0.248896 -0.000000 0.000000 1.000000 0.000000
0.999299 0.037442 0.000000 14.251776 -0.037442 0.999299 -0.000000 -0.269680 -0.000000 0.000000 1.000000 0.000000
0.999273 0.038133 0.000000 14.828200 -0.038133 0.999273 -0.000000 -0.293757 -0.000000 0.000000 1.000000 0.000000
0.999181 0.040452 0.000000 15.399269 -0.040452 0.999181 -0.000000 -0.317540 -0.000000 0.000000 1.000000 0.000000
0.999089 0.042677 0.000000 15.969076 -0.042677 0.999089 -0.000000 -0.351568 -0.000000 0.000000 1.000000 0.000000
0.999085 0.042757 0.000000 16.514140 -0.042757 0.999085 -0.000000 -0.388870 -0.000000 0.000000 1.000000 0.000000
0.998980 0.045164 0.000000 17.081318 -0.045164 0.998980 -0.000000 -0.425527 -0.000000 0.000000 1.000000 0.000000
0.998912 0.046628 0.000000 18.180412 -0.046628 0.998912 -0.000000 -0.481530 -0.000000 0.000000 1.000000 0.000000
0.998980 0.045150 0.000000 19.111292 -0.045150 0.998980 -0.000000 -0.536966 -0.000000 0.000000 1.000000 0.000000
0.999042 0.043762 0.000000 19.675921 -0.043762 0.999042 -0.000000 -0.581610 -0.000000 0.000000 1.000000 0.000000
0.998967 0.045435 0.000000 20.242633 -0.045435 0.998967 -0.000000 -0.621571 -0.000000 0.000000 1.000000 0.000000
0.998869 0.047552 0.000000 20.806217 -0.047552 0.998869 -0.000000 -0.657798 -0.000000 0.000000 1.000000 0.000000
0.998861 0.047714 0.000000 21.367983 -0.047714 0.998861 -0.000000 -0.693381 -0.000000 0.000000 1.000000 0.000000
0.998845 0.048059 0.000000 21.968900 -0.048059 0.998845 -0.000000 -0.739619 -0.000000 0.000000 1.000000 0.000000
0.998330 0.057769 0.000000 22.532476 -0.057769 0.998330 -0.000000 -0.775735 -0.000000 0.000000 1.000000 0.000000
0.997450 0.071366 0.000000 23.656947 -0.071366 0.997450 -0.000000 -0.853621 -0.000000 0.000000 1.000000 0.000000
0.997492 0.070782 0.000000 24.217907 -0.070782 0.997492 -0.000000 -0.913230 -0.000000 0.000000 1.000000 0.000000
0.997338 0.072915 0.000000 24.780869 -0.072915 0.997338 -0.000000 -0.968272 -0.000000 0.000000 1.000000 0.000000
0.997375 0.072408 0.000000 25.307439 -0.072408 0.997375 -0.000000 -1.023923 -0.000000 0.000000 1.000000 0.000000
0.997455 0.071293 0.000000 25.868206 -0.071293 0.997455 -0.000000 -1.078154 -0.000000 0.000000 1.000000 0.000000
0.997011 0.077263 0.000000 26.766688 -0.077263 0.997011 -0.000000 -1.160174 -0.000000 0.000000 1.000000 0.000000
0.997005 0.077335 0.000000 27.364936 -0.077335 0.997005 -0.000000 -1.212695 -0.000000 0.000000 1.000000 0.000000
0.996830 0.079566 0.000000 27.920989 -0.079566 0.996830 -0.000000 -1.254480 -0.000000 0.000000 1.000000 0.000000
0.996781 0.080168 0.000000 28.485877 -0.080168 0.996781 -0.000000 -1.303773 -0.000000 0.000000 1.000000 0.000000
0.996679 0.081434 0.000000 29.051040 -0.081434 0.996679 -0.000000 -1.357949 -0.000000 0.000000 1.000000 0.000000
0.996550 0.083000 0.000000 29.615746 -0.083000 0.996550 -0.000000 -1.413583 -0.000000 0.000000 1.000000 0.000000
0.996337 0.085517 0.000000 30.179342 -0.085517 0.996337 -0.000000 -1.468588 -0.000000 0.000000 1.000000 0.000000
0.996363 0.085208 0.000000 30.749591 -0.085208 0.996363 -0.000000 -1.527025 -0.000000 0.000000 1.000000 0.000000
0.996256 0.086454 0.000000 31.308581 -0.086454 0.996256 -0.000000 -1.576715 -0.000000 0.000000 1.000000 0.000000
0.996132 0.087867 0.000000 31.835979 -0.087867 0.996132 -0.000000 -1.634467 -0.000000 0.000000 1.000000 0.000000
0.995858 0.090925 0.000000 32.777885 -0.090925 0.995858 -0.000000 -1.732993 -0.000000 0.000000 1.000000 0.000000
0.995433 0.095468 0.000000 33.340118 -0.095468 0.995433 -0.000000 -1.793331 -0.000000 0.000000 1.000000 0.000000
0.995253 0.097320 0.000000 33.898143 -0.097320 0.995253 -0.000000 -1.847395 -0.000000 0.000000 1.000000 0.000000
0.995146 0.098414 0.000000 34.461002 -0.098414 0.995146 -0.000000 -1.907831 -0.000000 0.000000 1.000000 0.000000
0.994885 0.101010 0.000000 35.014099 -0.101010 0.994885 -0.000000 -1.965453 -0.000000 0.000000 1.000000 0.000000
0.994776 0.102082 0.000000 35.575164 -0.102082 0.994776 -0.000000 -2.035303 -0.000000 0.000000 1.000000 0.000000
0.994642 0.103375 0.000000 36.167301 -0.103375 0.994642 -0.000000 -2.103423 -0.000000 0.000000 1.000000 0.000000
0.994628 0.103518 0.000000 36.687723 -0.103518 0.994628 -0.000000 -2.162521 -0.000000 0.000000 1.000000 0.000000
0.994658 0.103222 0.000000 37.239958 -0.103222 0.994658 -0.000000 -2.222718 -0.000000 0.000000 1.000000 0.000000
0.994744 0.102397 0.000000 37.795710 -0.102397 0.994744 -0.000000 -2.282398 -0.000000 0.000000 1.000000 0.000000
0.994351 0.106143 0.000000 38.349117 -0.106143 0.994351 -0.000000 -2.338154 -0.000000 0.000000 1.000000 0.000000
0.994170 0.107823 0.000000 38.865461 -0.107823 0.994170 -0.000000 -2.395513 -0.000000 0.000000 1.000000 0.000000
0.994029 0.109117 0.000000 39.419418 -0.109117 0.994029 -0.000000 -2.463286 -0.000000 0.000000 1.000000 0.000000
0.993967 0.109678 0.000000 39.937357 -0.109678 0.993967 -0.000000 -2.524107 -0.000000 0.000000 1.000000 0.000000
0.994036 0.109056 0.000000 40.893264 -0.109056 0.994036 -0.000000 -2.637913 -0.000000 0.000000 1.000000 0.000000
0.993965 0.109698 0.000000 41.441395 -0.109698 0.993965 -0.000000 -2.705769 -0.000000 0.000000 1.000000 0.000000
0.993681 0.112241 0.000000 41.997406 -0.112241 0.993681 -0.000000 -2.768081 -0.000000 0.000000 1.000000 0.000000
0.993232 0.116151 0.000000 43.093685 -0.116151 0.993232 -0.000000 -2.890904 -0.000000 0.000000 1.000000 0.000000
0.992851 0.119361 0.000000 43.670088 -0.119361 0.992851 -0.000000 -2.966461 -0.000000 0.000000 1.000000 0.000000
0.992673 0.120831 0.000000 44.161120 -0.120831 0.992673 -0.000000 -3.027631 -0.000000 0.000000 1.000000 0.000000
0.992512 0.122151 0.000000 45.183540 -0.122151 0.992512 -0.000000 -3.156442 -0.000000 0.000000 1.000000 0.000000
0.992419 0.122897 0.000000 45.705839 -0.122897 0.992419 -0.000000 -3.223912 -0.000000 0.000000 1.000000 0.000000
0.992506 0.122195 0.000000 46.213973 -0.122195 0.992506 -0.000000 -3.291807 -0.000000 0.000000 1.000000 0.000000
0.992481 0.122395 0.000000 46.705877 -0.122395 0.992481 -0.000000 -3.348807 -0.000000 0.000000 1.000000 0.000000
0.992161 0.124965 0.000000 47.603507 -0.124965 0.992161 -0.000000 -3.468595 -0.000000 0.000000 1.000000 0.000000
0.992325 0.123656 0.000000 48.105497 -0.123656 0.992325 -0.000000 -3.549097 -0.000000 0.000000 1.000000 0.000000
0.991758 0.128124 0.000000 48.601128 -0.128124 0.991758 -0.000000 -3.601902 -0.000000 0.000000 1.000000 0.000000
0.991005 0.133828 0.000000 49.093566 -0.133828 0.991005 -0.000000 -3.669345 -0.000000 0.000000 1.000000 0.000000
0.990886 0.134706 0.000000 49.579783 -0.134706 0.990886 -0.000000 -3.734066 -0.000000 0.000000 1.000000 0.000000
0.990684 0.136179 0.000000 50.051994 -0.136179 0.990684 -0.000000 -3.794850 -0.000000 0.000000 1.000000 0.000000
0.990266 0.139186 0.000000 50.525928 -0.139186 0.990266 -0.000000 -3.858533 -0.000000 0.000000 1.000000 0.000000
0.989620 0.143710 0.000000 51.239104 -0.143710 0.989620 -0.000000 -3.959461 -0.000000 0.000000 1.000000 0.000000
0.989620 0.143709 0.000000 51.661925 -0.143709 0.989620 -0.000000 -4.021919 -0.000000 0.000000 1.000000 0.000000
0.989380 0.145351 0.000000 52.114585 -0.145351 0.989380 -0.000000 -4.090830 -0.000000 0.000000 1.000000 0.000000
0.989471 0.144730 0.000000 52.554058 -0.144730 0.989471 -0.000000 -4.156910 -0.000000 0.000000 1.000000 0.000000
0.989396 0.145241 0.000000 52.972465 -0.145241 0.989396 -0.000000 -4.217519 -0.000000 0.000000 1.000000 0.000000
0.989837 0.142207 0.000000 53.397437 -0.142207 0.989837 -0.000000 -4.284177 -0.000000 0.000000 1.000000 0.000000
0.989871 0.141968 0.000000 54.131459 -0.141968 0.989871 -0.000000 -4.395055 -0.000000 0.000000 1.000000 0.000000
0.989570 0.144051 0.000000 54.513318 -0.144051 0.989570 -0.000000 -4.446923 -0.000000 0.000000 1.000000 0.000000
0.989367 0.145444 0.000000 54.946320 -0.145444 0.989367 -0.000000 -4.505936 -0.000000 0.000000 1.000000 0.000000
0.989247 0.146252 0.000000 55.340609 -0.146252 0.989247 -0.000000 -4.567989 -0.000000 0.000000 1.000000 0.000000
0.989152 0.146896 0.000000 55.737156 -0.146896 0.989152 -0.000000 -4.627880 -0.000000 0.000000 1.000000 0.000000
0.989076 0.147407 0.000000 56.124887 -0.147407 0.989076 -0.000000 -4.686232 -0.000000 0.000000 1.000000 0.000000
0.988822 0.149098 0.000000 56.503570 -0.149098 0.988822 -0.000000 -4.750398 -0.000000 0.000000 1.000000 0.000000
0.988723 0.149754 0.000000 56.873920 -0.149754 0.988723 -0.000000 -4.814188 -0.000000 0.000000 1.000000 0.000000
0.988459 0.151491 0.000000 57.235982 -0.151491 0.988459 -0.000000 -4.866935 -0.000000 0.000000 1.000000 0.000000
0.988222 0.153026 0.000000 57.597440 -0.153026 0.988222 -0.000000 -4.922931 -0.000000 0.000000 1.000000 0.000000
0.987707 0.156315 0.000000 58.272980 -0.156315 0.987707 -0.000000 -5.037614 -0.000000 0.000000 1.000000 0.000000
0.987842 0.155462 0.000000 58.612347 -0.155462 0.987842 -0.000000 -5.100765 -0.000000 0.000000 1.000000 0.000000
0.987885 0.155187 0.000000 58.926432 -0.155187 0.987885 -0.000000 -5.157292 -0.000000 0.000000 1.000000 0.000000
0.987821 0.155595 0.000000 59.261175 -0.155595 0.987821 -0.000000 -5.217024 -0.000000 0.000000 1.000000 0.000000
0.987651 0.156672 0.000000 59.584465 -0.156672 0.987651 -0.000000 -5.276047 -0.000000 0.000000 1.000000 0.000000
0.987486 0.157705 0.000000 59.885186 -0.157705 0.987486 -0.000000 -5.317141 -0.000000 0.000000 1.000000 0.000000
0.986537 0.163538 0.000000 60.210619 -0.163538 0.986537 -0.000000 -5.353287 -0.000000 0.000000 1.000000 0.000000
0.986459 0.164011 0.000000 60.529623 -0.164011 0.986459 -0.000000 -5.411621 -0.000000 0.000000 1.000000 0.000000
0.986861 0.161570 0.000000 61.043919 -0.161570 0.986861 -0.000000 -5.510072 -0.000000 0.000000 1.000000 0.000000
0.986876 0.161480 0.000000 61.345396 -0.161480 0.986876 -0.000000 -5.562652 -0.000000 0.000000 1.000000 0.000000
0.986619 0.163044 0.000000 61.646863 -0.163044 0.986619 -0.000000 -5.617641 -0.000000 0.000000 1.000000 0.000000
0.986291 0.165017 0.000000 61.960034 -0.165017 0.986291 -0.000000 -5.672341 -0.000000 0.000000 1.000000 0.000000
0.986200 0.165556 0.000000 62.255387 -0.165556 0.986200 -0.000000 -5.727454 -0.000000 0.000000 1.000000 0.000000
0.985865 0.167541 0.000000 62.528986 -0.167541 0.985865 -0.000000 -5.777868 -0.000000 0.000000 1.000000 0.000000
0.985902 0.167326 0.000000 62.828507 -0.167326 0.985902 -0.000000 -5.831356 -0.000000 0.000000 1.000000 0.000000
0.985921 0.167210 0.000000 63.107688 -0.167210 0.985921 -0.000000 -5.883872 -0.000000 0.000000 1.000000 0.000000
0.985749 0.168221 0.000000 63.381174 -0.168221 0.985749 -0.000000 -5.931917 -0.000000 0.000000 1.000000 0.000000
0.985087 0.172059 0.000000 63.842625 -0.172059 0.985087 -0.000000 -6.017337 -0.000000 0.000000 1.000000 0.000000
0.984789 0.173755 0.000000 64.090146 -0.173755 0.984789 -0.000000 -6.056501 -0.000000 0.000000 1.000000 0.000000
0.984730 0.174086 0.000000 64.369594 -0.174086 0.984730 -0.000000 -6.104719 -0.000000 0.000000 1.000000 0.000000
0.984575 0.174962 0.000000 64.632836 -0.174962 0.984575 -0.000000 -6.151104 -0.000000 0.000000 1.000000 0.000000
0.984380 0.176059 0.000000 64.894093 -0.176059 0.984380 -0.000000 -6.201245 -0.000000 0.000000 1.000000 0.000000
0.984224 0.176924 0.000000 65.154488 -0.176924 0.984224 -0.000000 -6.251376 -0.000000 0.000000 1.000000 0.000000
0.983957 0.178405 0.000000 65.406769 -0.178405 0.983957 -0.000000 -6.298424 -0.000000 0.000000 1.000000 0.000000
0.983831 0.179100 0.000000 65.668045 -0.179100 0.983831 -0.000000 -6.349301 -0.000000 0.000000 1.000000 0.000000
0.983669 0.179985 0.000000 65.909079 -0.179985 0.983669 -0.000000 -6.395118 -0.000000 0.000000 1.000000 0.000000
0.983660 0.180036 0.000000 66.176021 -0.180036 0.983660 -0.000000 -6.447184 -0.000000 0.000000 1.000000 0.000000
0.983481 0.181009 0.000000 66.424100 -0.181009 0.983481 -0.000000 -6.498882 -0.000000 0.000000 1.000000 0.000000
0.983282 0.182091 0.000000 66.681068 -0.182091 0.983282 -0.000000 -6.548041 -0.000000 0.000000 1.000000 0.000000
0.982936 0.183947 0.000000 67.113986 -0.183947 0.982936 -0.000000 -6.635878 -0.000000 0.000000 1.000000 0.000000
0.982643 0.185507 0.000000 67.378794 -0.185507 0.982643 -0.000000 -6.686459 -0.000000 0.000000 1.000000 0.000000
0.982506 0.186230 0.000000 67.653175 -0.186230 0.982506 -0.000000 -6.744185 -0.000000 0.000000 1.000000 0.000000
0.982279 0.187425 0.000000 67.922223 -0.187425 0.982279 -0.000000 -6.801139 -0.000000 0.000000 1.000000 0.000000
0.982202 0.187830 0.000000 68.197288 -0.187830 0.982202 -0.000000 -6.857637 -0.000000 0.000000 1.000000 0.000000
0.981843 0.189694 0.000000 68.484153 -0.189694 0.981843 -0.000000 -6.917183 -0.000000 0.000000 1.000000 0.000000
0.981675 0.190563 0.000000 68.739976 -0.190563 0.981675 -0.000000 -6.975923 -0.000000 0.000000 1.000000 0.000000
0.981675 0.190563 0.000000 69.028855 -0.190563 0.981675 -0.000000 -7.041956 -0.000000 0.000000 1.000000 0.000000
0.981129 0.193353 0.000000 69.305672 -0.193353 0.981129 -0.000000 -7.100501 -0.000000 0.000000 1.000000 0.000000
0.980605 0.195995 0.000000 69.567901 -0.195995 0.980605 -0.000000 -7.158835 -0.000000 0.000000 1.000000 0.000000
0.980529 0.196374 0.000000 69.844597 -0.196374 0.980529 -0.000000 -7.221984 -0.000000 0.000000 1.000000 0.000000
0.980665 0.195692 0.000000 70.107856 -0.195692 0.980665 -0.000000 -7.288142 -0.000000 0.000000 1.000000 0.000000
0.980093 0.198541 0.000000 70.879693 -0.198541 0.980093 -0.000000 -7.456214 -0.000000 0.000000 1.000000 0.000000
0.979382 0.202019 0.000000 71.165684 -0.202019 0.979382 -0.000000 -7.510954 -0.000000 0.000000 1.000000 0.000000
0.978816 0.204742 0.000000 71.453883 -0.204742 0.978816 -0.000000 -7.567001 -0.000000 0.000000 1.000000 0.000000
0.978413 0.206657 0.000000 71.744629 -0.206657 0.978413 -0.000000 -7.628444 -0.000000 0.000000 1.000000 0.000000
0.978826 0.204694 0.000000 72.031534 -0.204694 0.978826 -0.000000 -7.695122 -0.000000 0.000000 1.000000 0.000000
0.978313 0.207130 0.000000 72.610758 -0.207130 0.978313 -0.000000 -7.826741 -0.000000 0.000000 1.000000 0.000000
0.978329 0.207058 0.000000 72.907199 -0.207058 0.978329 -0.000000 -7.892465 -0.000000 0.000000 1.000000 0.000000
0.978044 0.208401 0.000000 73.193242 -0.208401 0.978044 -0.000000 -7.953744 -0.000000 0.000000 1.000000 0.000000
0.977770 0.209681 0.000000 73.653264 -0.209681 0.977770 -0.000000 -8.057546 -0.000000 0.000000 1.000000 0.000000
0.977079 0.212876 0.000000 73.971652 -0.212876 0.977079 -0.000000 -8.127890 -0.000000 0.000000 1.000000 0.000000
0.975954 0.217977 0.000000 74.499101 -0.217977 0.975954 -0.000000 -8.249624 -0.000000 0.000000 1.000000 0.000000
0.975778 0.218763 0.000000 74.824651 -0.218763 0.975778 -0.000000 -8.322801 -0.000000 0.000000 1.000000 0.000000
0.975813 0.218608 0.000000 75.156648 -0.218608 0.975813 -0.000000 -8.398483 -0.000000 0.000000 1.000000 0.000000
0.974119 0.226037 0.000000 75.476588 -0.226037 0.974119 -0.000000 -8.455107 -0.000000 0.000000 1.000000 0.000000
0.974086 0.226176 0.000000 75.826802 -0.226176 0.974086 -0.000000 -8.537061 -0.000000 0.000000 1.000000 0.000000
0.973471 0.228810 0.000000 76.387431 -0.228810 0.973471 -0.000000 -8.671671 -0.000000 0.000000 1.000000 0.000000
0.974124 0.226016 0.000000 76.732778 -0.226016 0.974124 -0.000000 -8.756716 -0.000000 0.000000 1.000000 0.000000
0.973848 0.227198 0.000000 77.108353 -0.227198 0.973848 -0.000000 -8.844952 -0.000000 0.000000 1.000000 0.000000
0.973868 0.227115 0.000000 77.459932 -0.227115 0.973868 -0.000000 -8.923428 -0.000000 0.000000 1.000000 0.000000
0.973809 0.227367 0.000000 78.102394 -0.227367 0.973809 -0.000000 -9.082799 -0.000000 0.000000 1.000000 0.000000
0.973928 0.226858 0.000000 78.754161 -0.226858 0.973928 -0.000000 -9.227850 -0.000000 0.000000 1.000000 0.000000
0.974261 0.225425 0.000000 79.136163 -0.225425 0.974261 -0.000000 -9.326240 -0.000000 0.000000 1.000000 0.000000
0.974437 0.224660 0.000000 79.553480 -0.224660 0.974437 -0.000000 -9.418864 -0.000000 0.000000 1.000000 0.000000
0.973909 0.226939 0.000000 79.950147 -0.226939 0.973909 -0.000000 -9.510558 -0.000000 0.000000 1.000000 0.000000
0.974281 0.225337 0.000000 80.374625 -0.225337 0.974281 -0.000000 -9.618742 -0.000000 0.000000 1.000000 0.000000
0.973713 0.227780 0.000000 80.776287 -0.227780 0.973713 -0.000000 -9.720891 -0.000000 0.000000 1.000000 0.000000
0.973905 0.226958 0.000000 81.221192 -0.226958 0.973905 -0.000000 -9.826887 -0.000000 0.000000 1.000000 0.000000
0.974762 0.223247 0.000000 81.899771 -0.223247 0.974762 -0.000000 -9.984241 -0.000000 0.000000 1.000000 0.000000
0.974728 0.223396 0.000000 82.700709 -0.223396 0.974728 -0.000000 -10.171996 -0.000000 0.000000 1.000000 0.000000
0.974860 0.222817 0.000000 83.164680 -0.222817 0.974860 -0.000000 -10.283442 -0.000000 0.000000 1.000000 0.000000
0.974010 0.226504 0.000000 83.634056 -0.226504 0.974010 -0.000000 -10.399618 -0.000000 0.000000 1.000000 0.000000
0.973866 0.227125 0.000000 84.089476 -0.227125 0.973866 -0.000000 -10.510387 -0.000000 0.000000 1.000000 0.000000
0.973637 0.228103 0.000000 84.589320 -0.228103 0.973637 -0.000000 -10.632773 -0.000000 0.000000 1.000000 0.000000
0.973534 0.228541 0.000000 85.033498 -0.228541 0.973534 -0.000000 -10.739848 -0.000000 0.000000 1.000000 0.000000
0.971974 0.235090 0.000000 85.533111 -0.235090 0.971974 -0.000000 -10.856754 -0.000000 0.000000 1.000000 0.000000
0.971401 0.237446 0.000000 86.035850 -0.237446 0.971401 -0.000000 -10.983288 -0.000000 0.000000 1.000000 0.000000
0.970475 0.241201 0.000000 86.544993 -0.241201 0.970475 -0.000000 -11.107944 -0.000000 0.000000 1.000000 0.000000
0.970000 0.243107 0.000000 87.027362 -0.243107 0.970000 -0.000000 -11.232608 -0.000000 0.000000 1.000000 0.000000
0.969643 0.244524 0.000000 87.548655 -0.244524 0.969643 -0.000000 -11.371196 -0.000000 0.000000 1.000000 0.000000
0.968503 0.249002 0.000000 88.487647 -0.249002 0.968503 -0.000000 -11.615545 -0.000000 0.000000 1.000000 0.000000
0.968621 0.248541 0.000000 89.022111 -0.248541 0.968621 -0.000000 -11.762915 -0.000000 0.000000 1.000000 0.000000
0.968551 0.248814 0.000000 89.564680 -0.248814 0.968551 -0.000000 -11.907241 -0.000000 0.000000 1.000000 0.000000
0.967406 0.253231 0.000000 90.111914 -0.253231 0.967406 -0.000000 -12.044301 -0.000000 0.000000 1.000000 0.000000
0.966130 0.258055 0.000000 90.661359 -0.258055 0.966130 -0.000000 -12.190621 -0.000000 0.000000 1.000000 0.000000
0.966074 0.258265 0.000000 91.496508 -0.258265 0.966074 -0.000000 -12.429185 -0.000000 0.000000 1.000000 0.000000
0.965653 0.259837 0.000000 92.018148 -0.259837 0.965653 -0.000000 -12.568042 -0.000000 0.000000 1.000000 0.000000
0.962978 0.269579 0.000000 93.106246 -0.269579 0.962978 -0.000000 -12.875646 -0.000000 0.000000 1.000000 0.000000
0.961966 0.273171 0.000000 93.831832 -0.273171 0.961966 -0.000000 -13.075396 -0.000000 0.000000 1.000000 0.000000
0.961151 0.276025 0.000000 94.409461 -0.276025 0.961151 -0.000000 -13.228219 -0.000000 0.000000 1.000000 0.000000
0.959903 0.280332 0.000000 94.988244 -0.280332 0.959903 -0.000000 -13.401394 -0.000000 0.000000 1.000000 0.000000
0.958387 0.285473 0.000000 95.565926 -0.285473 0.958387 -0.000000 -13.576117 -0.000000 0.000000 1.000000 0.000000
0.958157 0.286244 0.000000 96.148631 -0.286244 0.958157 -0.000000 -13.744074 -0.000000 0.000000 1.000000 0.000000
0.958008 0.286743 0.000000 96.760392 -0.286743 0.958008 -0.000000 -13.932385 -0.000000 0.000000 1.000000 0.000000
0.957388 0.288804 0.000000 97.319465 -0.288804 0.957388 -0.000000 -14.104515 -0.000000 0.000000 1.000000 0.000000
0.956538 0.291607 0.000000 97.898366 -0.291607 0.956538 -0.000000 -14.285478 -0.000000 0.000000 1.000000 0.000000
0.956239 0.292586 0.000000 98.490842 -0.292586 0.956239 -0.000000 -14.469999 -0.000000 0.000000 1.000000 0.000000
0.957279 0.289165 0.000000 99.048430 -0.289165 0.957279 -0.000000 -14.639674 -0.000000 0.000000 1.000000 0.000000
0.958049 0.286604 0.000000 99.652320 -0.286604 0.958049 -0.000000 -14.823539 -0.000000 0.000000 1.000000 0.000000
0.957977 0.286844 0.000000 100.255216 -0.286844 0.957977 -0.000000 -15.009772 -0.000000 0.000000 1.000000 0.000000
0.957498 0.288439 0.000000 100.812492 -0.288439 0.957498 -0.000000 -15.181927 -0.000000 0.000000 1.000000 0.000000
0.957273 0.289185 0.000000 101.878261 -0.289185 0.957273 -0.000000 -15.506760 -0.000000 0.000000 1.000000 0.000000
0.956848 0.290587 0.000000 102.529775 -0.290587 0.956848 -0.000000 -15.714298 -0.000000 0.000000 1.000000 0.000000
0.956612 0.291366 0.000000 103.134171 -0.291366 0.956612 -0.000000 -15.913217 -0.000000 0.000000 1.000000 0.000000
0.955734 0.294231 0.000000 103.747477 -0.294231 0.955734 -0.000000 -16.108887 -0.000000 0.000000 1.000000 0.000000
0.954645 0.297748 0.000000 104.343513 -0.297748 0.954645 -0.000000 -16.300081 -0.000000 0.000000 1.000000 0.000000
0.955104 0.296270 0.000000 104.955012 -0.296270 0.955104 -0.000000 -16.504745 -0.000000 0.000000 1.000000 0.000000
0.954907 0.296906 0.000000 105.528718 -0.296906 0.954907 -0.000000 -16.684887 -0.000000 0.000000 1.000000 0.000000
0.954858 0.297063 0.000000 106.145026 -0.297063 0.954858 -0.000000 -16.879007 -0.000000 0.000000 1.000000 0.000000
0.954670 0.297667 0.000000 106.725026 -0.297667 0.954670 -0.000000 -17.059579 -0.000000 0.000000 1.000000 0.000000
0.953837 0.300326 0.000000 107.347096 -0.300326 0.953837 -0.000000 -17.270612 -0.000000 0.000000 1.000000 0.000000
0.953200 0.302339 0.000000 107.964302 -0.302339 0.953200 -0.000000 -17.475478 -0.000000 0.000000 1.000000 0.000000
0.952861 0.303407 0.000000 108.594043 -0.303407 0.952861 -0.000000 -17.674049 -0.000000 0.000000 1.000000 0.000000
0.953186 0.302383 0.000000 109.373717 -0.302383 0.953186 -0.000000 -17.934450 -0.000000 0.000000 1.000000 0.000000
0.953018 0.302914 0.000000 109.967052 -0.302914 0.953018 -0.000000 -18.119381 -0.000000 0.000000 1.000000 0.000000
0.951146 0.308741 0.000000 110.599207 -0.308741 0.951146 -0.000000 -18.330845 -0.000000 0.000000 1.000000 0.000000
0.951808 0.306696 0.000000 111.600253 -0.306696 0.951808 -0.000000 -18.656801 -0.000000 0.000000 1.000000 0.000000
0.951686 0.307073 0.000000 112.234427 -0.307073 0.951686 -0.000000 -18.866770 -0.000000 0.000000 1.000000 0.000000
0.951488 0.307685 0.000000 112.875201 -0.307685 0.951488 -0.000000 -19.081921 -0.000000 0.000000 1.000000 0.000000
0.950604 0.310406 0.000000 113.516974 -0.310406 0.950604 -0.000000 -19.298292 -0.000000 0.000000 1.000000 0.000000
0.950529 0.310636 0.000000 114.141451 -0.310636 0.950529 -0.000000 -19.518156 -0.000000 0.000000 1.000000 0.000000
0.950255 0.311474 0.000000 114.779550 -0.311474 0.950255 -0.000000 -19.739436 -0.000000 0.000000 1.000000 0.000000
0.950504 0.310712 0.000000 115.377303 -0.310712 0.950504 -0.000000 -19.946868 -0.000000 0.000000 1.000000 0.000000
0.950477 0.310796 0.000000 116.505721 -0.310796 0.950477 -0.000000 -20.329889 -0.000000 0.000000 1.000000 0.000000
0.950541 0.310600 0.000000 117.148423 -0.310600 0.950541 -0.000000 -20.544454 -0.000000 0.000000 1.000000 0.000000
0.950752 0.309953 0.000000 117.790019 -0.309953 0.950752 -0.000000 -20.762447 -0.000000 0.000000 1.000000 0.000000
0.950670 0.310203 0.000000 118.428537 -0.310203 0.950670 -0.000000 -20.979914 -0.000000 0.000000 1.000000 0.000000
0.950135 0.311838 0.000000 119.736124 -0.311838 0.950135 -0.000000 -21.418529 -0.000000 0.000000 1.000000 0.000000
0.950255 0.311474 0.000000 120.326220 -0.311474 0.950255 -0.000000 -21.617056 -0.000000 0.000000 1.000000 0.000000
0.949236 0.314564 0.000000 120.969743 -0.314564 0.949236 -0.000000 -21.836527 -0.000000 0.000000 1.000000 0.000000
0.949220 0.314612 0.000000 121.565388 -0.314612 0.949220 -0.000000 -22.050079 -0.000000 0.000000 1.000000 0.000000
0.948989 0.315309 0.000000 122.161297 -0.315309 0.948989 -0.000000 -22.252282 -0.000000 0.000000 1.000000 0.000000
0.942513 0.334168 0.000000 126.764034 -0.334168 0.942513 -0.000000 -23.935336 -0.000000 0.000000 1.000000 0.000000
0.944011 0.329914 0.000000 127.399451 -0.329914 0.944011 -0.000000 -24.163697 -0.000000 0.000000 1.000000 0.000000
0.943608 0.331064 0.000000 127.995104 -0.331064 0.943608 -0.000000 -24.387379 -0.000000 0.000000 1.000000 0.000000
0.944804 0.327635 0.000000 128.615171 -0.327635 0.944804 -0.000000 -24.626970 -0.000000 0.000000 1.000000 0.000000
0.944164 0.329477 0.000000 129.207558 -0.329477 0.944164 -0.000000 -24.850666 -0.000000 0.000000 1.000000 0.000000
0.945362 0.326023 0.000000 129.815162 -0.326023 0.945362 -0.000000 -25.077337 -0.000000 0.000000 1.000000 0.000000
0.943809 0.330490 0.000000 130.436503 -0.330490 0.943809 -0.000000 -25.314342 -0.000000 0.000000 1.000000 0.000000
0.944238 0.329265 0.000000 131.228400 -0.329265 0.944238 -0.000000 -25.619298 -0.000000 0.000000 1.000000 0.000000
0.943700 0.330804 0.000000 131.841127 -0.330804 0.943700 -0.000000 -25.855388 -0.000000 0.000000 1.000000 0.000000
0.942440 0.334374 0.000000 132.457309 -0.334374 0.942440 -0.000000 -26.064381 -0.000000 0.000000 1.000000 0.000000
0.942385 0.334530 0.000000 133.348217 -0.334530 0.942385 -0.000000 -26.390395 -0.000000 0.000000 1.000000 0.000000
0.942496 0.334218 0.000000 133.956318 -0.334218 0.942496 -0.000000 -26.621079 -0.000000 0.000000 1.000000 0.000000
0.942293 0.334789 0.000000 134.567987 -0.334789 0.942293 -0.000000 -26.843281 -0.000000 0.000000 1.000000 0.000000
0.942299 0.334771 0.000000 135.168232 -0.334771 0.942299 -0.000000 -27.065299 -0.000000 0.000000 1.000000 0.000000
0.942159 0.335167 0.000000 135.770540 -0.335167 0.942159 -0.000000 -27.292740 -0.000000 0.000000 1.000000 0.000000
0.941568 0.336824 0.000000 136.661868 -0.336824 0.941568 -0.000000 -27.621027 -0.000000 0.000000 1.000000 0.000000
0.941208 0.337828 0.000000 137.241455 -0.337828 0.941208 -0.000000 -27.842023 -0.000000 0.000000 1.000000 0.000000
0.940719 0.339187 0.000000 137.839424 -0.339187 0.940719 -0.000000 -28.063167 -0.000000 0.000000 1.000000 0.000000
0.940000 0.341175 0.000000 138.396748 -0.341175 0.940000 -0.000000 -28.276987 -0.000000 0.000000 1.000000 0.000000
0.939061 0.343751 0.000000 139.165568 -0.343751 0.939061 -0.000000 -28.574546 -0.000000 0.000000 1.000000 0.000000
0.938435 0.345455 0.000000 139.754694 -0.345455 0.938435 -0.000000 -28.805827 -0.000000 0.000000 1.000000 0.000000
0.938087 0.346401 0.000000 140.347831 -0.346401 0.938087 -0.000000 -29.032837 -0.000000 0.000000 1.000000 0.000000
0.938446 0.345425 0.000000 140.933476 -0.345425 0.938446 -0.000000 -29.263240 -0.000000 0.000000 1.000000 0.000000
0.939395 0.342838 0.000000 141.522084 -0.342838 0.939395 -0.000000 -29.485773 -0.000000 0.000000 1.000000 0.000000
0.939258 0.343212 0.000000 142.650848 -0.343212 0.939258 -0.000000 -29.922833 -0.000000 0.000000 1.000000 0.000000
0.940112 0.340867 0.000000 143.190813 -0.340867 0.940112 -0.000000 -30.124432 -0.000000 0.000000 1.000000 0.000000
0.937628 0.347639 0.000000 143.760551 -0.347639 0.937628 -0.000000 -30.330958 -0.000000 0.000000 1.000000 0.000000
0.938272 0.345897 0.000000 144.325614 -0.345897 0.938272 -0.000000 -30.551011 -0.000000 0.000000 1.000000 0.000000
0.937115 0.349020 0.000000 144.861893 -0.349020 0.937115 -0.000000 -30.761424 -0.000000 0.000000 1.000000 0.000000
0.937421 0.348199 0.000000 145.431333 -0.348199 0.937421 -0.000000 -30.989324 -0.000000 0.000000 1.000000 0.000000
0.939215 0.343329 0.000000 146.127297 -0.343329 0.939215 -0.000000 -31.260538 -0.000000 0.000000 1.000000 0.000000
0.939933 0.341359 0.000000 146.686129 -0.341359 0.939933 -0.000000 -31.486316 -0.000000 0.000000 1.000000 0.000000
0.939855 0.341574 0.000000 147.208036 -0.341574 0.939855 -0.000000 -31.690943 -0.000000 0.000000 1.000000 0.000000
0.939777 0.341789 0.000000 147.774897 -0.341789 0.939777 -0.000000 -31.908718 -0.000000 0.000000 1.000000 0.000000
0.939550 0.342411 0.000000 148.334742 -0.342411 0.939550 -0.000000 -32.127140 -0.000000 0.000000 1.000000 0.000000
0.939368 0.342911 0.000000 148.856687 -0.342911 0.939368 -0.000000 -32.329359 -0.000000 0.000000 1.000000 0.000000
0.938863 0.344290 0.000000 149.412507 -0.344290 0.938863 -0.000000 -32.545916 -0.000000 0.000000 1.000000 0.000000
0.939846 0.341599 0.000000 149.936366 -0.341599 0.939846 -0.000000 -32.747152 -0.000000 0.000000 1.000000 0.000000
0.939385 0.342863 0.000000 150.483020 -0.342863 0.939385 -0.000000 -32.958889 -0.000000 0.000000 1.000000 0.000000
0.938580 0.345062 0.000000 151.027474 -0.345062 0.938580 -0.000000 -33.175692 -0.000000 0.000000 1.000000 0.000000
0.938491 0.345304 0.000000 151.729679 -0.345304 0.938491 -0.000000 -33.449931 -0.000000 0.000000 1.000000 0.000000
0.937684 0.347490 0.000000 152.246032 -0.347490 0.937684 -0.000000 -33.645036 -0.000000 0.000000 1.000000 0.000000
0.936954 0.349452 0.000000 152.795550 -0.349452 0.936954 -0.000000 -33.857445 -0.000000 0.000000 1.000000 0.000000
0.936241 0.351360 0.000000 153.309327 -0.351360 0.936241 -0.000000 -34.059162 -0.000000 0.000000 1.000000 0.000000
0.935838 0.352431 0.000000 153.853353 -0.352431 0.935838 -0.000000 -34.265577 -0.000000 0.000000 1.000000 0.000000
0.935630 0.352982 0.000000 154.366146 -0.352982 0.935630 -0.000000 -34.461482 -0.000000 0.000000 1.000000 0.000000
0.935404 0.353580 0.000000 155.069392 -0.353580 0.935404 -0.000000 -34.728092 -0.000000 0.000000 1.000000 0.000000
0.935311 0.353826 0.000000 155.574452 -0.353826 0.935311 -0.000000 -34.923653 -0.000000 0.000000 1.000000 0.000000
0.932829 0.360320 0.000000 156.106260 -0.360320 0.932829 -0.000000 -35.140233 -0.000000 0.000000 1.000000 0.000000
0.932738 0.360556 0.000000 156.610106 -0.360556 0.932738 -0.000000 -35.339043 -0.000000 0.000000 1.000000 0.000000
0.932130 0.362124 0.000000 157.153233 -0.362124 0.932130 -0.000000 -35.556020 -0.000000 0.000000 1.000000 0.000000
0.932049 0.362333 0.000000 157.656753 -0.362333 0.932049 -0.000000 -35.757934 -0.000000 0.000000 1.000000 0.000000
0.931781 0.363022 0.000000 158.382908 -0.363022 0.931781 -0.000000 -36.053454 -0.000000 0.000000 1.000000 0.000000
0.931611 0.363456 0.000000 158.924866 -0.363456 0.931611 -0.000000 -36.274581 -0.000000 0.000000 1.000000 0.000000
0.932517 0.361126 0.000000 159.460567 -0.361126 0.932517 -0.000000 -36.497720 -0.000000 0.000000 1.000000 0.000000
0.933450 0.358708 0.000000 159.994658 -0.358708 0.933450 -0.000000 -36.714673 -0.000000 0.000000 1.000000 0.000000
0.934331 0.356407 0.000000 160.528692 -0.356407 0.934331 -0.000000 -36.929541 -0.000000 0.000000 1.000000 0.000000
0.933352 0.358964 0.000000 161.058371 -0.358964 0.933352 -0.000000 -37.151192 -0.000000 0.000000 1.000000 0.000000
0.934222 0.356692 0.000000 161.592981 -0.356692 0.934222 -0.000000 -37.365826 -0.000000 0.000000 1.000000 0.000000
0.935368 0.353677 0.000000 162.096116 -0.353677 0.935368 -0.000000 -37.572452 -0.000000 0.000000 1.000000 0.000000
0.936474 0.350736 0.000000 162.623567 -0.350736 0.936474 -0.000000 -37.788703 -0.000000 0.000000 1.000000 0.000000
0.936571 0.350479 0.000000 163.162186 -0.350479 0.936571 -0.000000 -38.010084 -0.000000 0.000000 1.000000 0.000000
0.936788 0.349898 0.000000 163.662059 -0.349898 0.936788 -0.000000 -38.211714 -0.000000 0.000000 1.000000 0.000000
0.937131 0.348978 0.000000 164.202814 -0.348978 0.937131 -0.000000 -38.428886 -0.000000 0.000000 1.000000 0.000000
0.938212 0.346061 0.000000 164.710487 -0.346061 0.938212 -0.000000 -38.615529 -0.000000 0.000000 1.000000 0.000000
0.938646 0.344881 0.000000 165.247586 -0.344881 0.938646 -0.000000 -38.825833 -0.000000 0.000000 1.000000 0.000000
0.940396 0.340082 0.000000 165.777182 -0.340082 0.940396 -0.000000 -39.039668 -0.000000 0.000000 1.000000 0.000000
0.941930 0.335811 0.000000 166.323361 -0.335811 0.941930 -0.000000 -39.251604 -0.000000 0.000000 1.000000 0.000000
0.942816 0.333313 0.000000 166.826315 -0.333313 0.942816 -0.000000 -39.448318 -0.000000 0.000000 1.000000 0.000000
0.944216 0.329327 0.000000 167.360566 -0.329327 0.944216 -0.000000 -39.648789 -0.000000 0.000000 1.000000 0.000000
0.945387 0.325951 0.000000 167.849530 -0.325951 0.945387 -0.000000 -39.840708 -0.000000 0.000000 1.000000 0.000000
0.947347 0.320208 0.000000 168.389737 -0.320208 0.947347 -0.000000 -40.045844 -0.000000 0.000000 1.000000 0.000000
0.948856 0.315709 0.000000 169.091595 -0.315709 0.948856 -0.000000 -40.309619 -0.000000 0.000000 1.000000 0.000000
0.949366 0.314171 0.000000 169.631959 -0.314171 0.949366 -0.000000 -40.497909 -0.000000 0.000000 1.000000 0.000000
0.950077 0.312014 0.000000 170.127490 -0.312014 0.950077 -0.000000 -40.677082 -0.000000 0.000000 1.000000 0.000000
0.949651 0.313311 0.000000 170.671377 -0.313311 0.949651 -0.000000 -40.870167 -0.000000 0.000000 1.000000 0.000000
0.950155 0.311777 0.000000 171.349330 -0.311777 0.950155 -0.000000 -41.102567 -0.000000 0.000000 1.000000 0.000000
0.951596 0.307352 0.000000 172.419435 -0.307352 0.951596 -0.000000 -41.474915 -0.000000 0.000000 1.000000 0.000000
0.951483 0.307703 0.000000 172.954020 -0.307703 0.951483 -0.000000 -41.665086 -0.000000 0.000000 1.000000 0.000000
0.952129 0.305697 0.000000 173.490501 -0.305697 0.952129 -0.000000 -41.843469 -0.000000 0.000000 1.000000 0.000000
0.951991 0.306125 0.000000 174.024416 -0.306125 0.951991 -0.000000 -42.024834 -0.000000 0.000000 1.000000 0.000000
0.952373 0.304935 0.000000 174.555750 -0.304935 0.952373 -0.000000 -42.195925 -0.000000 0.000000 1.000000 0.000000
0.952543 0.304404 0.000000 175.087009 -0.304404 0.952543 -0.000000 -42.361602 -0.000000 0.000000 1.000000 0.000000
0.952045 0.305958 0.000000 175.636399 -0.305958 0.952045 -0.000000 -42.549557 -0.000000 0.000000 1.000000 0.000000
0.952121 0.305720 0.000000 176.161800 -0.305720 0.952121 -0.000000 -42.724285 -0.000000 0.000000 1.000000 0.000000
0.951438 0.307841 0.000000 176.649000 -0.307841 0.951438 -0.000000 -42.885558 -0.000000 0.000000 1.000000 0.000000
0.950807 0.309785 0.000000 177.131880 -0.309785 0.950807 -0.000000 -43.063480 -0.000000 0.000000 1.000000 0.000000
0.950831 0.309711 0.000000 177.651391 -0.309711 0.950831 -0.000000 -43.238634 -0.000000 0.000000 1.000000 0.000000
0.951228 0.308489 0.000000 178.136584 -0.308489 0.951228 -0.000000 -43.393995 -0.000000 0.000000 1.000000 0.000000
0.952018 0.306043 0.000000 178.660952 -0.306043 0.952018 -0.000000 -43.559449 -0.000000 0.000000 1.000000 0.000000
0.952467 0.304641 0.000000 179.153007 -0.304641 0.952467 -0.000000 -43.712692 -0.000000 0.000000 1.000000 0.000000
0.952566 0.304333 0.000000 179.670753 -0.304333 0.952566 -0.000000 -43.884937 -0.000000 0.000000 1.000000 0.000000
0.952756 0.303737 0.000000 180.156519 -0.303737 0.952756 -0.000000 -44.047405 -0.000000 0.000000 1.000000 0.000000
0.953825 0.300363 0.000000 180.675830 -0.300363 0.953825 -0.000000 -44.220703 -0.000000 0.000000 1.000000 0.000000
0.954331 0.298751 0.000000 181.151499 -0.298751 0.954331 -0.000000 -44.370540 -0.000000 0.000000 1.000000 0.000000
0.954392 0.298557 0.000000 181.669225 -0.298557 0.954392 -0.000000 -44.529872 -0.000000 0.000000 1.000000 0.000000
0.954346 0.298704 0.000000 182.151346 -0.298704 0.954346 -0.000000 -44.677598 -0.000000 0.000000 1.000000 0.000000
0.953860 0.300252 0.000000 182.663563 -0.300252 0.953860 -0.000000 -44.829123 -0.000000 0.000000 1.000000 0.000000
0.954947 0.296775 0.000000 183.289491 -0.296775 0.954947 -0.000000 -45.042986 -0.000000 0.000000 1.000000 0.000000
0.956112 0.293001 0.000000 183.797463 -0.293001 0.956112 -0.000000 -45.201855 -0.000000 0.000000 1.000000 0.000000
0.957310 0.289062 0.000000 184.294274 -0.289062 0.957310 -0.000000 -45.362521 -0.000000 0.000000 1.000000 0.000000
0.957469 0.288537 0.000000 184.770230 -0.288537 0.957469 -0.000000 -45.508177 -0.000000 0.000000 1.000000 0.000000
0.959369 0.282153 0.000000 185.468587 -0.282153 0.959369 -0.000000 -45.727501 -0.000000 0.000000 1.000000 0.000000
0.960012 0.279960 0.000000 185.974322 -0.279960 0.960012 -0.000000 -45.880021 -0.000000 0.000000 1.000000 0.000000
0.960658 0.277735 0.000000 186.481208 -0.277735 0.960658 -0.000000 -46.028718 -0.000000 0.000000 1.000000 0.000000
0.961428 0.275056 0.000000 186.985308 -0.275056 0.961428 -0.000000 -46.175696 -0.000000 0.000000 1.000000 0.000000
0.963239 0.268647 0.000000 187.485057 -0.268647 0.963239 -0.000000 -46.318265 -0.000000 0.000000 1.000000 0.000000
0.966350 0.257231 0.000000 188.476317 -0.257231 0.966350 -0.000000 -46.604251 -0.000000 0.000000 1.000000 0.000000
0.967984 0.251013 0.000000 188.963936 -0.251013 0.967984 -0.000000 -46.731598 -0.000000 0.000000 1.000000 0.000000
0.969836 0.243758 0.000000 189.452398 -0.243758 0.969836 -0.000000 -46.871046 -0.000000 0.000000 1.000000 0.000000
0.971828 0.235691 0.000000 189.903376 -0.235691 0.971828 -0.000000 -46.991357 -0.000000 0.000000 1.000000 0.000000
0.973515 0.228623 0.000000 190.393149 -0.228623 0.973515 -0.000000 -47.109459 -0.000000 0.000000 1.000000 0.000000
0.975558 0.219741 0.000000 190.852985 -0.219741 0.975558 -0.000000 -47.216620 -0.000000 0.000000 1.000000 0.000000
0.979717 0.200386 0.000000 191.785749 -0.200386 0.979717 -0.000000 -47.423330 -0.000000 0.000000 1.000000 0.000000
0.981517 0.191376 0.000000 192.265840 -0.191376 0.981517 -0.000000 -47.524010 -0.000000 0.000000 1.000000 0.000000
0.983521 0.180794 0.000000 192.712817 -0.180794 0.983521 -0.000000 -47.609813 -0.000000 0.000000 1.000000 0.000000
0.985555 0.169355 0.000000 193.388500 -0.169355 0.985555 -0.000000 -47.732146 -0.000000 0.000000 1.000000 0.000000
0.987328 0.158694 0.000000 193.858250 -0.158694 0.987328 -0.000000 -47.818137 -0.000000 0.000000 1.000000 0.000000
0.988968 0.148131 0.000000 194.327287 -0.148131 0.988968 -0.000000 -47.901521 -0.000000 0.000000 1.000000 0.000000
0.990402 0.138214 0.000000 194.762756 -0.138214 0.990402 -0.000000 -47.974167 -0.000000 0.000000 1.000000 0.000000
0.991537 0.129821 0.000000 195.225749 -0.129821 0.991537 -0.000000 -48.043787 -0.000000 0.000000 1.000000 0.000000
