0.999998 0.001778 0.000000 0.592095 -0.001778 0.999998 -0.000000 0.016583 -0.000000 0.000000 1.000000 0.000000
0.999992 0.003940 0.000000 1.409056 -0.003940 0.999992 -0.000000 0.031893 -0.000000 0.000000 1.000000 0.000000
0.999976 0.006857 0.000000 1.977582 -0.006857 0.999976 -0.000000 0.044275 -0.000000 0.000000 1.000000 0.000000
0.999966 0.008188 0.000000 2.541406 -0.008188 0.999966 -0.000000 0.063098 -0.000000 0.000000 1.000000 0.000000
0.999904 0.013850 0.000000 3.117805 -0.013850 0.999904 -0.000000 0.099696 -0.000000 0.000000 1.000000 0.000000
0.999796 0.020192 0.000000 3.646061 -0.020192 0.999796 -0.000000 0.103604 -0.000000 0.000000 1.000000 0.000000
0.999646 0.026591 0.000000 4.215065 -0.026591 0.999646 -0.000000 0.096529 -0.000000 0.000000 1.000000 0.000000
0.999454 0.033031 0.000000 4.736653 -0.033031 0.999454 -0.000000 0.077018 -0.000000 0.000000 1.000000 0.000000
0.999141 0.041432 0.000000 5.445795 -0.041432 0.999141 -0.000000 0.048072 -0.000000 0.000000 1.000000 0.000000
0.998923 0.046408 0.000000 6.006753 -0.046408 0.998923 -0.000000 0.012128 -0.000000 0.000000 1.000000 0.000000
0.998716 0.050668 0.000000 6.578042 -0.050668 0.998716 -0.000000 -0.013580 -0.000000 0.000000 1.000000 0.000000
0.998420 0.056184 0.000000 7.140578 -0.056184 0.998420 -0.000000 -0.034533 -0.000000 0.000000 1.000000 0.000000
0.997573 0.069635 0.000000 8.280440 -0.069635 0.997573 -0.000000 -0.107369 -0.000000 0.000000 1.000000 0.000000
0.997243 0.074211 0.000000 8.805789 -0.074211 0.997243 -0.000000 -0.133637 -0.000000 0.000000 1.000000 0.000000
0.996642 0.081882 0.000000 9.374716 -0.081882 0.996642 -0.000000 -0.175619 -0.000000 0.000000 1.000000 0.000000
0.995885 0.090627 0.000000 9.917139 -0.090627 0.995885 -0.000000 -0.216114 -0.000000 0.000000 1.000000 0.000000
0.995118 0.098697 0.000000 10.469135 -0.098697 0.995118 -0.000000 -0.279567 -0.000000 0.000000 1.000000 0.000000
0.994362 0.106040 0.000000 10.995488 -0.106040 0.994362 -0.000000 -0.334352 -0.000000 0.000000 1.000000 0.000000
0.993729 0.111814 0.000000 11.568742 -0.111814 0.993729 -0.000000 -0.401600 -0.000000 0.000000 1.000000 0.000000
0.992912 0.118849 0.000000 12.097882 -0.118849 0.992912 -0.000000 -0.474662 -0.000000 0.000000 1.000000 0.000000
0.991613 0.129242 0.000000 12.839476 -0.129242 0.991613 -0.000000 -0.571333 -0.000000 0.000000 1.000000 0.000000
0.990070 0.140574 0.000000 13.405735 -0.140574 0.990070 -0.000000 -0.651294 -0.000000 0.000000 1.000000 0.000000
0.989102 0.147232 0.000000 13.959293 -0.147232 0.989102 -0.000000 -0.734747 -0.000000 0.000000 1.000000 0.000000
0.988330 0.152331 0.000000 14.501784 -0.152331 0.988330 -0.000000 -0.813617 -0.000000 0.000000 1.000000 0.000000
0.987508 0.157568 0.000000 15.059415 -0.157568 0.987508 -0.000000 -0.908223 -0.000000 0.000000 1.000000 0.000000
0.986441 0.164118 0.000000 15.584244 -0.164118 0.986441 -0.000000 -0.994585 -0.000000 0.000000 1.000000 0.000000
0.985277 0.170968 0.000000 16.097818 -0.170968 0.985277 -0.000000 -1.081953 -0.000000 0.000000 1.000000 0.000000
0.984137 0.177411 0.000000 16.652665 -0.177411 0.984137 -0.000000 -1.172887 -0.000000 0.000000 1.000000 0.000000
0.982407 0.186751 0.000000 17.161127 -0.186751 0.982407 -0.000000 -1.274129 -0.000000 0.000000 1.000000 0.000000
0.980911 0.194459 0.000000 17.710390 -0.194459 0.980911 -0.000000 -1.377510 -0.000000 0.000000 1.000000 0.000000
0.979167 0.203059 0.000000 18.432176 -0.203059 0.979167 -0.000000 -1.518116 -0.000000 0.000000 1.000000 0.000000
0.977300 0.211859 0.000000 18.973555 -0.211859 0.977300 -0.000000 -1.631961 -0.000000 0.000000 1.000000 0.000000
0.975390 0.220486 0.000000 19.551348 -0.220486 0.975390 -0.000000 -1.743978 -0.000000 0.000000 1.000000 0.000000
0.973712 0.227782 0.000000 20.082686 -0.227782 0.973712 -0.000000 -1.870358 -0.000000 0.000000 1.000000 0.000000
0.971971 0.235101 0.000000 20.612878 -0.235101 0.971971 -0.000000 -1.999835 -0.000000 0.000000 1.000000 0.000000
0.970469 0.241228 0.000000 21.107743 -0.241228 0.970469 -0.000000 -2.118781 -0.000000 0.000000 1.000000 0.000000
0.968846 0.247665 0.000000 21.648395 -0.247665 0.968846 -0.000000 -2.247192 -0.000000 0.000000 1.000000 0.000000
0.969221 0.246192 0.000000 22.138753 -0.246192 0.969221 -0.000000 -2.373350 -0.000000 0.000000 1.000000 0.000000
0.967774 0.251819 0.000000 22.661214 -0.251819 0.967774 -0.000000 -2.507350 -0.000000 0.000000 1.000000 0.000000
0.964830 0.262876 0.000000 23.677667 -0.262876 0.964830 -0.000000 -2.789964 -0.000000 0.000000 1.000000 0.000000
0.963446 0.267902 0.000000 24.151587 -0.267902 0.963446 -0.000000 -2.931044 -0.000000 0.000000 1.000000 0.000000
0.961514 0.274755 0.000000 24.666378 -0.274755 0.961514 -0.000000 -3.089820 -0.000000 0.000000 1.000000 0.000000
0.959437 0.281923 0.000000 25.323028 -0.281923 0.959437 -0.000000 -3.296418 -0.000000 0.000000 1.000000 0.000000
0.957809 0.287404 0.000000 25.800623 -0.287404 0.957809 -0.000000 -3.454682 -0.000000 0.000000 1.000000 0.000000
0.956155 0.292861 0.000000 26.276420 -0.292861 0.956155 -0.000000 -3.609709 -0.000000 0.000000 1.000000 0.000000
0.953695 0.300776 0.000000 26.784615 -0.300776 0.953695 -0.000000 -3.782251 -0.000000 0.000000 1.000000 0.000000
0.952578 0.304296 0.000000 27.258935 -0.304296 0.952578 -0.000000 -3.939520 -0.000000 0.000000 1.000000 0.000000
0.949375 0.314145 0.000000 27.921746 -0.314145 0.949375 -0.000000 -4.174244 -0.000000 0.000000 1.000000 0.000000
0.947445 0.319920 0.000000 28.425686 -0.319920 0.947445 -0.000000 -4.363911 -0.000000 0.000000 1.000000 0.000000
0.946088 0.323910 0.000000 28.934351 -0.323910 0.946088 -0.000000 -4.560026 -0.000000 0.000000 1.000000 0.000000
0.944190 0.329403 0.000000 29.419949 -0.329403 0.944190 -0.000000 -4.758102 -0.000000 0.000000 1.000000 0.000000
0.942510 0.334178 0.000000 29.924124 -0.334178 0.942510 -0.000000 -4.958722 -0.000000 0.000000 1.000000 0.000000
0.940695 0.339254 0.000000 30.423298 -0.339254 0.940695 -0.000000 -5.159930 -0.000000 0.000000 1.000000 0.000000
0.938177 0.346156 0.000000 30.881661 -0.346156 0.938177 -0.000000 -5.343782 -0.000000 0.000000 1.000000 0.000000
0.936623 0.350340 0.000000 31.369737 -0.350340 0.936623 -0.000000 -5.551224 -0.000000 0.000000 1.000000 0.000000
0.934720 0.355385 0.000000 31.830096 -0.355385 0.934720 -0.000000 -5.745314 -0.000000 0.000000 1.000000 0.000000
0.932120 0.362150 0.000000 32.319734 -0.362150 0.932120 -0.000000 -5.941621 -0.000000 0.000000 1.000000 0.000000
0.929526 0.368757 0.000000 32.783326 -0.368757 0.929526 -0.000000 -6.123823 -0.000000 0.000000 1.000000 0.000000
0.926616 0.376009 0.000000 33.271008 -0.376009 0.926616 -0.000000 -6.325186 -0.000000 0.000000 1.000000 0.000000
0.923568 0.383434 0.000000 33.732411 -0.383434 0.923568 -0.000000 -6.507001 -0.000000 0.000000 1.000000 0.000000
0.920936 0.389714 0.000000 34.221825 -0.389714 0.920936 -0.000000 -6.715235 -0.000000 0.000000 1.000000 0.000000
0.919407 0.393306 0.000000 34.668391 -0.393306 0.919407 -0.000000 -6.896219 -0.000000 0.000000 1.000000 0.000000
0.915875 0.401464 0.000000 35.335505 -0.401464 0.915875 -0.000000 -7.196971 -0.000000 0.000000 1.000000 0.000000
0.911259 0.411834 0.000000 36.029280 -0.411834 0.911259 -0.000000 -7.503560 -0.000000 0.000000 1.000000 0.000000
0.907839 0.419320 0.000000 36.504979 -0.419320 0.907839 -0.000000 -7.715143 -0.000000 0.000000 1.000000 0.000000
0.901837 0.432075 0.000000 37.328367 -0.432075 0.901837 -0.000000 -8.117438 -0.000000 0.000000 1.000000 0.000000
0.899322 0.437287 0.000000 37.792157 -0.437287 0.899322 -0.000000 -8.346231 -0.000000 0.000000 1.000000 0.000000
0.897000 0.442031 0.000000 38.262568 -0.442031 0.897000 -0.000000 -8.572051 -0.000000 0.000000 1.000000 0.000000
0.895366 0.445332 0.000000 38.723952 -0.445332 0.895366 -0.000000 -8.799046 -0.000000 0.000000 1.000000 0.000000
0.890886 0.454227 0.000000 39.179208 -0.454227 0.890886 -0.000000 -9.015804 -0.000000 0.000000 1.000000 0.000000
0.890252 0.455469 0.000000 39.670868 -0.455469 0.890252 -0.000000 -9.259060 -0.000000 0.000000 1.000000 0.000000
0.889552 0.456835 0.000000 40.097803 -0.456835 0.889552 -0.000000 -9.475217 -0.000000 0.000000 1.000000 0.000000
0.887017 0.461737 0.000000 40.552794 -0.461737 0.887017 -0.000000 -9.693360 -0.000000 0.000000 1.000000 0.000000
0.885404 0.464822 0.000000 41.001439 -0.464822 0.885404 -0.000000 -9.926627 -0.000000 0.000000 1.000000 0.000000
0.884814 0.465945 0.000000 41.448326 -0.465945 0.884814 -0.000000 -10.166790 -0.000000 0.000000 1.000000 0.000000
0.882214 0.470850 0.000000 41.880493 -0.470850 0.882214 -0.000000 -10.400054 -0.000000 0.000000 1.000000 0.000000
0.880485 0.474073 0.000000 42.318646 -0.474073 0.880485 -0.000000 -10.632832 -0.000000 0.000000 1.000000 0.000000
0.878424 0.477883 0.000000 42.721577 -0.477883 0.878424 -0.000000 -10.854942 -0.000000 0.000000 1.000000 0.000000
0.878031 0.478604 0.000000 43.144786 -0.478604 0.878031 -0.000000 -11.100955 -0.000000 0.000000 1.000000 0.000000
0.875720 0.482818 0.000000 43.543673 -0.482818 0.875720 -0.000000 -11.313066 -0.000000 0.000000 1.000000 0.000000
0.874320 0.485349 0.000000 43.958236 -0.485349 0.874320 -0.000000 -11.552114 -0.000000 0.000000 1.000000 0.000000
0.873482 0.486856 0.000000 44.348858 -0.486856 0.873482 -0.000000 -11.774472 -0.000000 0.000000 1.000000 0.000000
0.870652 0.491899 0.000000 44.726216 -0.491899 0.870652 -0.000000 -12.005993 -0.000000 0.000000 1.000000 0.000000
0.870132 0.492819 0.000000 45.112525 -0.492819 0.870132 -0.000000 -12.227846 -0.000000 0.000000 1.000000 0.000000
0.864414 0.502780 0.000000 45.498777 -0.502780 0.864414 -0.000000 -12.432871 -0.000000 0.000000 1.000000 0.000000
0.861391 0.507942 0.000000 45.863211 -0.507942 0.861391 -0.000000 -12.648407 -0.000000 0.000000 1.000000 0.000000
0.859380 0.511338 0.000000 46.218352 -0.511338 0.859380 -0.000000 -12.853993 -0.000000 0.000000 1.000000 0.000000
0.856702 0.515812 0.000000 46.587560 -0.515812 0.856702 -0.000000 -13.070110 -0.000000 0.000000 1.000000 0.000000
0.852555 0.522638 0.000000 47.115623 -0.522638 0.852555 -0.000000 -13.398316 -0.000000 0.000000 1.000000 0.000000
0.847572 0.530681 0.000000 47.483008 -0.530681 0.847572 -0.000000 -13.641032 -0.000000 0.000000 1.000000 0.000000
0.842006 0.539468 0.000000 47.815978 -0.539468 0.842006 -0.000000 -13.873673 -0.000000 0.000000 1.000000 0.000000
0.838975 0.544170 0.000000 48.157413 -0.544170 0.838975 -0.000000 -14.112045 -0.000000 0.000000 1.000000 0.000000
0.836405 0.548111 0.000000 48.491457 -0.548111 0.836405 -0.000000 -14.343374 -0.000000 0.000000 1.000000 0.000000
0.832671 0.553769 0.000000 48.820770 -0.553769 0.832671 -0.000000 -14.575382 -0.000000 0.000000 1.000000 0.000000
0.830179 0.557497 0.000000 49.138361 -0.557497 0.830179 -0.000000 -14.807054 -0.000000 0.000000 1.000000 0.000000
0.826905 0.562342 0.000000 49.468722 -0.562342 0.826905 -0.000000 -15.039662 -0.000000 0.000000 1.000000 0.000000
0.824808 0.565412 0.000000 49.785000 -0.565412 0.824808 -0.000000 -15.263311 -0.000000 0.000000 1.000000 0.000000
0.823029 0.567999 0.000000 50.104946 -0.567999 0.823029 -0.000000 -15.480772 -0.000000 0.000000 1.000000 0.000000
0.820463 0.571700 0.000000 50.410982 -0.571700 0.820463 -0.000000 -15.694563 -0.000000 0.000000 1.000000 0.000000
0.817513 0.575910 0.000000 51.010442 -0.575910 0.817513 -0.000000 -16.131138 -0.000000 0.000000 1.000000 0.000000
0.816098 0.577913 0.000000 51.299767 -0.577913 0.816098 -0.000000 -16.328989 -0.000000 0.000000 1.000000 0.000000
0.814956 0.579522 0.000000 51.564781 -0.579522 0.814956 -0.000000 -16.507449 -0.000000 0.000000 1.000000 0.000000
0.814336 0.580393 0.000000 51.828179 -0.580393 0.814336 -0.000000 -16.689217 -0.000000 0.000000 1.000000 0.000000
0.814020 0.580837 0.000000 52.094088 -0.580837 0.814020 -0.000000 -16.889002 -0.000000 0.000000 1.000000 0.000000
0.812081 0.583545 0.000000 52.345093 -0.583545 0.812081 -0.000000 -17.063798 -0.000000 0.000000 1.000000 0.000000
0.810643 0.585541 0.000000 52.603529 -0.585541 0.810643 -0.000000 -17.255030 -0.000000 0.000000 1.000000 0.000000
0.809522 0.587089 0.000000 52.840571 -0.587089 0.809522 -0.000000 -17.436195 -0.000000 0.000000 1.000000 0.000000
0.809181 0.587559 0.000000 53.097197 -0.587559 0.809181 -0.000000 -17.616059 -0.000000 0.000000 1.000000 0.000000
0.809043 0.587749 0.000000 53.328608 -0.587749 0.809043 -0.000000 -17.786776 -0.000000 0.000000 1.000000 0.000000
0.806698 0.590964 0.000000 53.558708 -0.590964 0.806698 -0.000000 -17.949614 -0.000000 0.000000 1.000000 0.000000
0.805019 0.593249 0.000000 53.801224 -0.593249 0.805019 -0.000000 -18.110834 -0.000000 0.000000 1.000000 0.000000
0.801454 0.598057 0.000000 54.150609 -0.598057 0.801454 -0.000000 -18.357558 -0.000000 0.000000 1.000000 0.000000
0.799933 0.600090 0.000000 54.401272 -0.600090 0.799933 -0.000000 -18.528687 -0.000000 0.000000 1.000000 0.000000
0.795923 0.605398 0.000000 54.629761 -0.605398 0.795923 -0.000000 -18.699212 -0.000000 0.000000 1.000000 0.000000
0.793084 0.609113 0.000000 54.850068 -0.609113 0.793084 -0.000000 -18.857537 -0.000000 0.000000 1.000000 0.000000
0.789404 0.613874 0.000000 55.071731 -0.613874 0.789404 -0.000000 -19.017209 -0.000000 0.000000 1.000000 0.000000
0.786186 0.617990 0.000000 55.280021 -0.617990 0.786186 -0.000000 -19.172917 -0.000000 0.000000 1.000000 0.000000
0.785731 0.618569 0.000000 55.484998 -0.618569 0.785731 -0.000000 -19.342120 -0.000000 0.000000 1.000000 0.000000
0.785297 0.619119 0.000000 55.683709 -0.619119 0.785297 -0.000000 -19.501395 -0.000000 0.000000 1.000000 0.000000
0.787631 0.616147 0.000000 55.878760 -0.616147 0.787631 -0.000000 -19.660631 -0.000000 0.000000 1.000000 0.000000
0.786278 0.617873 0.000000 56.064335 -0.617873 0.786278 -0.000000 -19.818392 -0.000000 0.000000 1.000000 0.000000
0.782086 0.623171 0.000000 56.435744 -0.623171 0.782086 -0.000000 -20.123423 -0.000000 0.000000 1.000000 0.000000
0.778073 0.628174 0.000000 56.612177 -0.628174 0.778073 -0.000000 -20.253000 -0.000000 0.000000 1.000000 0.000000
0.777065 0.629420 0.000000 56.768330 -0.629420 0.777065 -0.000000 -20.394075 -0.000000 0.000000 1.000000 0.000000
0.777176 0.629283 0.000000 56.927559 -0.629283 0.777176 -0.000000 -20.546674 -0.000000 0.000000 1.000000 0.000000
0.776023 0.630704 0.000000 57.087996 -0.630704 0.776023 -0.000000 -20.687600 -0.000000 0.000000 1.000000 0.000000
0.774246 0.632885 0.000000 57.242111 -0.632885 0.774246 -0.000000 -20.815765 -0.000000 0.000000 1.000000 0.000000
0.773825 0.633400 0.000000 57.399884 -0.633400 0.773825 -0.000000 -20.953322 -0.000000 0.000000 1.000000 0.000000
0.772654 0.634827 0.000000 57.528365 -0.634827 0.772654 -0.000000 -21.073287 -0.000000 0.000000 1.000000 0.000000
0.770633 0.637279 0.000000 57.678463 -0.637279 0.770633 -0.000000 -21.205846 -0.000000 0.000000 1.000000 0.000000
0.766826 0.641854 0.000000 57.975565 -0.641854 0.766826 -0.000000 -21.459144 -0.000000 0.000000 1.000000 0.000000
0.765273 0.643706 0.000000 58.117477 -0.643706 0.765273 -0.000000 -21.575376 -0.000000 0.000000 1.000000 0.000000
0.764538 0.644578 0.000000 58.261329 -0.644578 0.764538 -0.000000 -21.689502 -0.000000 0.000000 1.000000 0.000000
0.762628 0.646837 0.000000 58.500405 -0.646837 0.762628 -0.000000 -21.884053 -0.000000 0.000000 1.000000 0.000000
0.761351 0.648340 0.000000 58.646287 -0.648340 0.761351 -0.000000 -22.019985 -0.000000 0.000000 1.000000 0.000000
0.758767 0.651362 0.000000 58.794479 -0.651362 0.758767 -0.000000 -22.150320 -0.000000 0.000000 1.000000 0.000000
0.756500 0.653993 0.000000 58.942116 -0.653993 0.756500 -0.000000 -22.292291 -0.000000 0.000000 1.000000 0.000000
0.757213 0.653169 0.000000 59.087423 -0.653169 0.757213 -0.000000 -22.421489 -0.000000 0.000000 1.000000 0.000000
0.755656 0.654969 0.000000 59.237293 -0.654969 0.755656 -0.000000 -22.557510 -0.000000 0.000000 1.000000 0.000000
0.754335 0.656490 0.000000 59.383963 -0.656490 0.754335 -0.000000 -22.687524 -0.000000 0.000000 1.000000 0.000000
0.751015 0.660285 0.000000 59.689637 -0.660285 0.751015 -0.000000 -22.952230 -0.000000 0.000000 1.000000 0.000000
0.748545 0.663084 0.000000 59.848189 -0.663084 0.748545 -0.000000 -23.082064 -0.000000 0.000000 1.000000 0.000000
0.746433 0.665461 0.000000 60.009476 -0.665461 0.746433 -0.000000 -23.211952 -0.000000 0.000000 1.000000 0.000000
0.743968 0.668216 0.000000 60.165332 -0.668216 0.743968 -0.000000 -23.339616 -0.000000 0.000000 1.000000 0.000000
0.741666 0.670769 0.000000 60.327930 -0.670769 0.741666 -0.000000 -23.480452 -0.000000 0.000000 1.000000 0.000000
0.740435 0.672128 0.000000 60.481743 -0.672128 0.740435 -0.000000 -23.627792 -0.000000 0.000000 1.000000 0.000000
0.738348 0.674420 0.000000 60.628193 -0.674420 0.738348 -0.000000 -23.773192 -0.000000 0.000000 1.000000 0.000000
0.736483 0.676456 0.000000 60.791096 -0.676456 0.736483 -0.000000 -23.926854 -0.000000 0.000000 1.000000 0.000000
0.733575 0.679609 0.000000 60.950844 -0.679609 0.733575 -0.000000 -24.071488 -0.000000 0.000000 1.000000 0.000000
0.729590 0.683885 0.000000 61.116440 -0.683885 0.729590 -0.000000 -24.217084 -0.000000 0.000000 1.000000 0.000000
0.725823 0.687882 0.000000 61.287471 -0.687882 0.725823 -0.000000 -24.386534 -0.000000 0.000000 1.000000 0.000000
0.723677 0.690139 0.000000 61.446850 -0.690139 0.723677 -0.000000 -24.543500 -0.000000 0.000000 1.000000 0.000000
0.721573 0.692338 0.000000 61.624969 -0.692338 0.721573 -0.000000 -24.714144 -0.000000 0.000000 1.000000 0.000000
0.719783 0.694199 0.000000 61.789896 -0.694199 0.719783 -0.000000 -24.879894 -0.000000 0.000000 1.000000 0.000000
0.715969 0.698132 0.000000 61.974741 -0.698132 0.715969 -0.000000 -25.055536 -0.000000 0.000000 1.000000 0.000000
0.713512 0.700643 0.000000 62.146511 -0.700643 0.713512 -0.000000 -25.231923 -0.000000 0.000000 1.000000 0.000000
0.708152 0.706060 0.000000 62.408004 -0.706060 0.708152 -0.000000 -25.486253 -0.000000 0.000000 1.000000 0.000000
0.706408 0.707805 0.000000 62.577238 -0.707805 0.706408 -0.000000 -25.659135 -0.000000 0.000000 1.000000 0.000000
0.704767 0.709439 0.000000 62.757257 -0.709439 0.704767 -0.000000 -25.848397 -0.000000 0.000000 1.000000 0.000000
0.703084 0.711107 0.000000 62.926899 -0.711107 0.703084 -0.000000 -26.027202 -0.000000 0.000000 1.000000 0.000000
0.699021 0.715101 0.000000 63.288174 -0.715101 0.699021 -0.000000 -26.418401 -0.000000 0.000000 1.000000 0.000000
0.697093 0.716980 0.000000 63.468053 -0.716980 0.697093 -0.000000 -26.608205 -0.000000 0.000000 1.000000 0.000000
0.695255 0.718763 0.000000 63.640188 -0.718763 0.695255 -0.000000 -26.792798 -0.000000 0.000000 1.000000 0.000000
0.693586 0.720374 0.000000 63.830622 -0.720374 0.693586 -0.000000 -26.988470 -0.000000 0.000000 1.000000 0.000000
0.690684 0.723156 0.000000 64.095425 -0.723156 0.690684 -0.000000 -27.246536 -0.000000 0.000000 1.000000 0.000000
0.685287 0.728273 0.000000 64.289237 -0.728273 0.685287 -0.000000 -27.425158 -0.000000 0.000000 1.000000 0.000000
0.681443 0.731871 0.000000 64.471589 -0.731871 0.681443 -0.000000 -27.602420 -0.000000 0.000000 1.000000 0.000000
0.676999 0.735984 0.000000 64.652652 -0.735984 0.676999 -0.000000 -27.794631 -0.000000 0.000000 1.000000 0.000000
0.674067 0.738670 0.000000 64.814634 -0.738670 0.674067 -0.000000 -27.971846 -0.000000 0.000000 1.000000 0.000000
0.671975 0.740574 0.000000 64.981993 -0.740574 0.671975 -0.000000 -28.143195 -0.000000 0.000000 1.000000 0.000000
0.669113 0.743161 0.000000 65.155509 -0.743161 0.669113 -0.000000 -28.336061 -0.000000 0.000000 1.000000 0.000000
0.668140 0.744036 0.000000 65.314245 -0.744036 0.668140 -0.000000 -28.518479 -0.000000 0.000000 1.000000 0.000000
0.666335 0.745653 0.000000 65.470706 -0.745653 0.666335 -0.000000 -28.704965 -0.000000 0.000000 1.000000 0.000000
0.664118 0.747628 0.000000 65.640417 -0.747628 0.664118 -0.000000 -28.900280 -0.000000 0.000000 1.000000 0.000000
0.664107 0.747637 0.000000 65.795072 -0.747637 0.664107 -0.000000 -29.083719 -0.000000 0.000000 1.000000 0.000000
0.664778 0.747041 0.000000 66.010793 -0.747041 0.664778 -0.000000 -29.339675 -0.000000 0.000000 1.000000 0.000000
0.664125 0.747622 0.000000 66.184711 -0.747622 0.664125 -0.000000 -29.544973 -0.000000 0.000000 1.000000 0.000000
0.663355 0.748305 0.000000 66.350052 -0.748305 0.663355 -0.000000 -29.738569 -0.000000 0.000000 1.000000 0.000000
0.663792 0.747918 0.000000 66.511942 -0.747918 0.663792 -0.000000 -29.934682 -0.000000 0.000000 1.000000 0.000000
0.662257 0.749277 0.000000 66.676025 -0.749277 0.662257 -0.000000 -30.126820 -0.000000 0.000000 1.000000 0.000000
0.661721 0.749751 0.000000 66.838141 -0.749751 0.661721 -0.000000 -30.315941 -0.000000 0.000000 1.000000 0.000000
0.665288 0.746587 0.000000 66.988216 -0.746587 0.665288 -0.000000 -30.509243 -0.000000 0.000000 1.000000 0.000000
0.665321 0.746558 0.000000 67.150424 -0.746558 0.665321 -0.000000 -30.687704 -0.000000 0.000000 1.000000 0.000000
0.667267 0.744819 0.000000 67.308554 -0.744819 0.667267 -0.000000 -30.870297 -0.000000 0.000000 1.000000 0.000000
0.667812 0.744330 0.000000 67.452806 -0.744330 0.667812 -0.000000 -31.038525 -0.000000 0.000000 1.000000 0.000000
0.668531 0.743684 0.000000 67.754884 -0.743684 0.668531 -0.000000 -31.394826 -0.000000 0.000000 1.000000 0.000000
0.668879 0.743371 0.000000 67.909931 -0.743371 0.668879 -0.000000 -31.574493 -0.000000 0.000000 1.000000 0.000000
0.671413 0.741083 0.000000 68.066699 -0.741083 0.671413 -0.000000 -31.754737 -0.000000 0.000000 1.000000 0.000000
0.673465 0.739219 0.000000 68.203854 -0.739219 0.673465 -0.000000 -31.919508 -0.000000 0.000000 1.000000 0.000000
0.674673 0.738117 0.000000 68.355626 -0.738117 0.674673 -0.000000 -32.088982 -0.000000 0.000000 1.000000 0.000000
0.675280 0.737562 0.000000 68.501275 -0.737562 0.675280 -0.000000 -32.252603 -0.000000 0.000000 1.000000 0.000000
0.675037 0.737784 0.000000 68.656193 -0.737784 0.675037 -0.000000 -32.416749 -0.000000 0.000000 1.000000 0.000000
0.675942 0.736955 0.000000 68.909984 -0.736955 0.675942 -0.000000 -32.686909 -0.000000 0.000000 1.000000 0.000000
0.677354 0.735657 0.000000 69.048452 -0.735657 0.677354 -0.000000 -32.841277 -0.000000 0.000000 1.000000 0.000000
0.679797 0.733400 0.000000 69.180596 -0.733400 0.679797 -0.000000 -32.995531 -0.000000 0.000000 1.000000 0.000000
0.680078 0.733140 0.000000 69.316855 -0.733140 0.680078 -0.000000 -33.148416 -0.000000 0.000000 1.000000 0.000000
0.682564 0.730826 0.000000 69.454419 -0.730826 0.682564 -0.000000 -33.302301 -0.000000 0.000000 1.000000 0.000000
0.685133 0.728418 0.000000 69.589724 -0.728418 0.685133 -0.000000 -33.451003 -0.000000 0.000000 1.000000 0.000000
0.690790 0.723055 0.000000 69.851918 -0.723055 0.690790 -0.000000 -33.736202 -0.000000 0.000000 1.000000 0.000000
0.694251 0.719733 0.000000 69.969186 -0.719733 0.694251 -0.000000 -33.856786 -0.000000 0.000000 1.000000 0.000000
0.697682 0.716408 0.000000 70.088068 -0.716408 0.697682 -0.000000 -33.978684 -0.000000 0.000000 1.000000 0.000000
0.704013 0.710187 0.000000 70.296525 -0.710187 0.704013 -0.000000 -34.191581 -0.000000 0.000000 1.000000 0.000000
0.708331 0.705880 0.000000 70.579283 -0.705880 0.708331 -0.000000 -34.461700 -0.000000 0.000000 1.000000 0.000000
0.715386 0.698730 0.000000 70.746139 -0.698730 0.715386 -0.000000 -34.618754 -0.000000 0.000000 1.000000 0.000000
0.718611 0.695412 0.000000 70.851102 -0.695412 0.718611 -0.000000 -34.710922 -0.000000 0.000000 1.000000 0.000000
0.727760 0.685832 0.000000 71.051329 -0.685832 0.727760 -0.000000 -34.904850 -0.000000 0.000000 1.000000 0.000000
0.732050 0.681251 0.000000 71.144912 -0.681251 0.732050 -0.000000 -34.991330 -0.000000 0.000000 1.000000 0.000000
0.736088 0.676886 0.000000 71.235517 -0.676886 0.736088 -0.000000 -35.069928 -0.000000 0.000000 1.000000 0.000000
0.739231 0.673452 0.000000 71.326214 -0.673452 0.739231 -0.000000 -35.144059 -0.000000 0.000000 1.000000 0.000000
0.744420 0.667711 0.000000 71.467648 -0.667711 0.744420 -0.000000 -35.267324 -0.000000 0.000000 1.000000 0.000000
0.751497 0.659736 0.000000 71.646520 -0.659736 0.751497 -0.000000 -35.420937 -0.000000 0.000000 1.000000 0.000000
0.755591 0.655044 0.000000 71.737956 -0.655044 0.755591 -0.000000 -35.489207 -0.000000 0.000000 1.000000 0.000000
0.759415 0.650607 0.000000 71.821084 -0.650607 0.759415 -0.000000 -35.556115 -0.000000 0.000000 1.000000 0.000000
0.763403 0.645922 0.000000 71.896107 -0.645922 0.763403 -0.000000 -35.623452 -0.000000 0.000000 1.000000 0.000000
0.767395 0.641175 0.000000 71.978179 -0.641175 0.767395 -0.000000 -35.691398 -0.000000 0.000000 1.000000 0.000000
0.770074 0.637954 0.000000 72.055281 -0.637954 0.770074 -0.000000 -35.751062 -0.000000 0.000000 1.000000 0.000000
0.777290 0.629142 0.000000 72.196738 -0.629142 0.777290 -0.000000 -35.874298 -0.000000 0.000000 1.000000 0.000000
0.779750 0.626091 0.000000 72.261499 -0.626091 0.779750 -0.000000 -35.927530 -0.000000 0.000000 1.000000 0.000000
0.782653 0.622458 0.000000 72.324619 -0.622458 0.782653 -0.000000 -35.979516 -0.000000 0.000000 1.000000 0.000000
0.784436 0.620210 0.000000 72.378571 -0.620210 0.784436 -0.000000 -36.020211 -0.000000 0.000000 1.000000 0.000000
0.787921 0.615776 0.000000 72.435496 -0.615776 0.787921 -0.000000 -36.060458 -0.000000 0.000000 1.000000 0.000000
0.789634 0.613578 0.000000 72.479691 -0.613578 0.789634 -0.000000 -36.091471 -0.000000 0.000000 1.000000 0.000000
0.791407 0.611290 0.000000 72.529578 -0.611290 0.791407 -0.000000 -36.129979 -0.000000 0.000000 1.000000 0.000000
0.792975 0.609255 0.000000 72.596963 -0.609255 0.792975 -0.000000 -36.178213 -0.000000 0.000000 1.000000 0.000000
0.794486 0.607282 0.000000 72.629403 -0.607282 0.794486 -0.000000 -36.204674 -0.000000 0.000000 1.000000 0.000000
0.795073 0.606514 0.000000 72.659331 -0.606514 0.795073 -0.000000 -36.226221 -0.000000 0.000000 1.000000 0.000000
0.795753 0.605621 0.000000 72.681748 -0.605621 0.795753 -0.000000 -36.241793 -0.000000 0.000000 1.000000 0.000000
0.796902 0.604109 0.000000 72.700414 -0.604109 0.796902 -0.000000 -36.255921 -0.000000 0.000000 1.000000 0.000000
0.797807 0.602913 0.000000 72.716893 -0.602913 0.797807 -0.000000 -36.267310 -0.000000 0.000000 1.000000 0.000000
0.798150 0.602459 0.000000 72.731658 -0.602459 0.798150 -0.000000 -36.275708 -0.000000 0.000000 1.000000 0.000000
0.798463 0.602043 0.000000 72.740052 -0.602043 0.798463 -0.000000 -36.277650 -0.000000 0.000000 1.000000 0.000000
0.800251 0.599665 0.000000 72.749476 -0.599665 0.800251 -0.000000 -36.291046 -0.000000 0.000000 1.000000 0.000000
0.799740 0.600347 0.000000 72.753252 -0.600347 0.799740 -0.000000 -36.286159 -0.000000 0.000000 1.000000 0.000000
0.800843 0.598874 0.000000 72.755323 -0.598874 0.800843 -0.000000 -36.285860 -0.000000 0.000000 1.000000 0.000000
0.800914 0.598779 0.000000 72.752858 -0.598779 0.800914 -0.000000 -36.283230 -0.000000 0.000000 1.000000 0.000000
0.800282 0.599623 0.000000 72.753003 -0.599623 0.800282 -0.000000 -36.279090 -0.000000 0.000000 1.000000 0.000000
0.800179 0.599762 0.000000 72.754451 -0.599762 0.800179 -0.000000 -36.279174 -0.000000 0.000000 1.000000 0.000000
0.799989 0.600014 0.000000 72.752639 -0.600014 0.799989 -0.000000 -36.275532 -0.000000 0.000000 1.000000 0.000000
0.801098 0.598534 0.000000 72.748755 -0.598534 0.801098 -0.000000 -36.278885 -0.000000 0.000000 1.000000 0.000000
0.801169 0.598438 0.000000 72.746377 -0.598438 0.801169 -0.000000 -36.280548 -0.000000 0.000000 1.000000 0.000000
0.800402 0.599464 0.000000 72.746699 -0.599464 0.800402 -0.000000 -36.279482 -0.000000 0.000000 1.000000 0.000000
0.800248 0.599669 0.000000 72.745081 -0.599669 0.800248 -0.000000 -36.280773 -0.000000 0.000000 1.000000 0.000000
0.800343 0.599542 0.000000 72.743223 -0.599542 0.800343 -0.000000 -36.280975 -0.000000 0.000000 1.000000 0.000000
0.800324 0.599568 0.000000 72.740767 -0.599568 0.800324 -0.000000 -36.281134 -0.000000 0.000000 1.000000 0.000000
0.800372 0.599503 0.000000 72.739559 -0.599503 0.800372 -0.000000 -36.279020 -0.000000 0.000000 1.000000 0.000000
0.800340 0.599547 0.000000 72.739420 -0.599547 0.800340 -0.000000 -36.276302 -0.000000 0.000000 1.000000 0.000000
0.800226 0.599698 0.000000 72.739388 -0.599698 0.800226 -0.000000 -36.272125 -0.000000 0.000000 1.000000 0.000000
0.800177 0.599764 0.000000 72.739097 -0.599764 0.800177 -0.000000 -36.270740 -0.000000 0.000000 1.000000 0.000000
0.800192 0.599743 0.000000 72.739936 -0.599743 0.800192 -0.000000 -36.270546 -0.000000 0.000000 1.000000 0.000000
0.800251 0.599665 0.000000 72.740073 -0.599665 0.800251 -0.000000 -36.270515 -0.000000 0.000000 1.000000 0.000000
0.800255 0.599660 0.000000 72.740190 -0.599660 0.800255 -0.000000 -36.270723 -0.000000 0.000000 1.000000 0.000000
0.800286 0.599618 0.000000 72.740048 -0.599618 0.800286 -0.000000 -36.271815 -0.000000 0.000000 1.000000 0.000000
0.800300 0.599599 0.000000 72.739773 -0.599599 0.800300 -0.000000 -36.272774 -0.000000 0.000000 1.000000 0.000000
0.800307 0.599590 0.000000 72.739020 -0.599590 0.800307 -0.000000 -36.273564 -0.000000 0.000000 1.000000 0.000000
0.800325 0.599567 0.000000 72.738769 -0.599567 0.800325 -0.000000 -36.274669 -0.000000 0.000000 1.000000 0.000000
0.800220 0.599707 0.000000 72.739121 -0.599707 0.800220 -0.000000 -36.275838 -0.000000 0.000000 1.000000 0.000000
0.800124 0.599835 0.000000 72.739683 -0.599835 0.800124 -0.000000 -36.276307 -0.000000 0.000000 1.000000 0.000000
0.800098 0.599869 0.000000 72.740271 -0.599869 0.800098 -0.000000 -36.275763 -0.000000 0.000000 1.000000 0.000000
0.800121 0.599839 0.000000 72.740989 -0.599839 0.800121 -0.000000 -36.275611 -0.000000 0.000000 1.000000 0.000000
0.800193 0.599743 0.000000 72.741301 -0.599743 0.800193 -0.000000 -36.275399 -0.000000 0.000000 1.000000 0.000000
0.800212 0.599717 0.000000 72.741662 -0.599717 0.800212 -0.000000 -36.275030 -0.000000 0.000000 1.000000 0.000000
0.800242 0.599678 0.000000 72.741270 -0.599678 0.800242 -0.000000 -36.274248 -0.000000 0.000000 1.000000 0.000000
0.800261 0.599652 0.000000 72.741005 -0.599652 0.800261 -0.000000 -36.273830 -0.000000 0.000000 1.000000 0.000000
0.800316 0.599579 0.000000 72.740372 -0.599579 0.800316 -0.000000 -36.272880 -0.000000 0.000000 1.000000 0.000000
0.800309 0.599588 0.000000 72.740173 -0.599588 0.800309 -0.000000 -36.271451 -0.000000 0.000000 1.000000 0.000000
0.800409 0.599454 0.000000 72.738978 -0.599454 0.800409 -0.000000 -36.269525 -0.000000 0.000000 1.000000 0.000000
0.800432 0.599424 0.000000 72.737002 -0.599424 0.800432 -0.000000 -36.267726 -0.000000 0.000000 1.000000 0.000000
0.800467 0.599376 0.000000 72.735063 -0.599376 0.800467 -0.000000 -36.266018 -0.000000 0.000000 1.000000 0.000000
0.800505 0.599325 0.000000 72.733565 -0.599325 0.800505 -0.000000 -36.264207 -0.000000 0.000000 1.000000 0.000000
0.800621 0.599171 0.000000 72.731064 -0.599171 0.800621 -0.000000 -36.262616 -0.000000 0.000000 1.000000 0.000000
0.801099 0.598532 0.000000 72.726922 -0.598532 0.801099 -0.000000 -36.260179 -0.000000 0.000000 1.000000 0.000000
0.801084 0.598552 0.000000 72.724354 -0.598552 0.801084 -0.000000 -36.257712 -0.000000 0.000000 1.000000 0.000000
0.801100 0.598531 0.000000 72.721129 -0.598531 0.801100 -0.000000 -36.254009 -0.000000 0.000000 1.000000 0.000000
0.801177 0.598428 0.000000 72.717530 -0.598428 0.801177 -0.000000 -36.250227 -0.000000 0.000000 1.000000 0.000000
0.801276 0.598294 0.000000 72.713792 -0.598294 0.801276 -0.000000 -36.247522 -0.000000 0.000000 1.000000 0.000000
0.801496 0.598000 0.000000 72.709282 -0.598000 0.801496 -0.000000 -36.244905 -0.000000 0.000000 1.000000 0.000000
0.801572 0.597898 0.000000 72.705571 -0.597898 0.801572 -0.000000 -36.242410 -0.000000 0.000000 1.000000 0.000000
0.801514 0.597976 0.000000 72.701485 -0.597976 0.801514 -0.000000 -36.239132 -0.000000 0.000000 1.000000 0.000000
0.801087 0.598548 0.000000 72.698504 -0.598548 0.801087 -0.000000 -36.234855 -0.000000 0.000000 1.000000 0.000000
0.800908 0.598787 0.000000 72.695287 -0.598787 0.800908 -0.000000 -36.231687 -0.000000 0.000000 1.000000 0.000000
0.799872 0.600171 0.000000 72.694225 -0.600171 0.799872 -0.000000 -36.228066 -0.000000 0.000000 1.000000 0.000000
0.800157 0.599790 0.000000 72.691754 -0.599790 0.800157 -0.000000 -36.228154 -0.000000 0.000000 1.000000 0.000000
0.800473 0.599368 0.000000 72.693598 -0.599368 0.800473 -0.000000 -36.231210 -0.000000 0.000000 1.000000 0.000000
0.800959 0.598720 0.000000 72.692874 -0.598720 0.800959 -0.000000 -36.235129 -0.000000 0.000000 1.000000 0.000000
0.802036 0.597276 0.000000 72.689902 -0.597276 0.802036 -0.000000 -36.238594 -0.000000 0.000000 1.000000 0.000000
0.802863 0.596164 0.000000 72.688845 -0.596164 0.802863 -0.000000 -36.241350 -0.000000 0.000000 1.000000 0.000000
0.803521 0.595276 0.000000 72.688292 -0.595276 0.803521 -0.000000 -36.244107 -0.000000 0.000000 1.000000 0.000000
0.803928 0.594727 0.000000 72.685591 -0.594727 0.803928 -0.000000 -36.245489 -0.000000 0.000000 1.000000 0.000000
0.804124 0.594462 0.000000 72.684321 -0.594462 0.804124 -0.000000 -36.246095 -0.000000 0.000000 1.000000 0.000000
0.804392 0.594100 0.000000 72.682603 -0.594100 0.804392 -0.000000 -36.246605 -0.000000 0.000000 1.000000 0.000000
0.804384 0.594110 0.000000 72.680863 -0.594110 0.804384 -0.000000 -36.246467 -0.000000 0.000000 1.000000 0.000000
0.804431 0.594047 0.000000 72.679306 -0.594047 0.804431 -0.000000 -36.246042 -0.000000 0.000000 1.000000 0.000000
0.804449 0.594022 0.000000 72.676392 -0.594022 0.804449 -0.000000 -36.245547 -0.000000 0.000000 1.000000 0.000000
0.804330 0.594182 0.000000 72.673654 -0.594182 0.804330 -0.000000 -36.244453 -0.000000 0.000000 1.000000 0.000000
0.804464 0.594001 0.000000 72.671349 -0.594001 0.804464 -0.000000 -36.243594 -0.000000 0.000000 1.000000 0.000000
0.804510 0.593940 0.000000 72.670072 -0.593940 0.804510 -0.000000 -36.243265 -0.000000 0.000000 1.000000 0.000000
0.804544 0.593894 0.000000 72.668099 -0.593894 0.804544 -0.000000 -36.241820 -0.000000 0.000000 1.000000 0.000000
0.804772 0.593585 0.000000 72.666740 -0.593585 0.804772 -0.000000 -36.239894 -0.000000 0.000000 1.000000 0.000000
0.805137 0.593089 0.000000 72.665775 -0.593089 0.805137 -0.000000 -36.238966 -0.000000 0.000000 1.000000 0.000000
0.805809 0.592176 0.000000 72.663660 -0.592176 0.805809 -0.000000 -36.239697 -0.000000 0.000000 1.000000 0.000000
0.806377 0.591402 0.000000 72.662087 -0.591402 0.806377 -0.000000 -36.240784 -0.000000 0.000000 1.000000 0.000000
0.806163 0.591694 0.000000 72.660878 -0.591694 0.806163 -0.000000 -36.237818 -0.000000 0.000000 1.000000 0.000000
0.805147 0.593075 0.000000 72.663501 -0.593075 0.805147 -0.000000 -36.234106 -0.000000 0.000000 1.000000 0.000000
0.803114 0.595826 0.000000 72.672522 -0.595826 0.803114 -0.000000 -36.233619 -0.000000 0.000000 1.000000 0.000000
0.801795 0.597599 0.000000 72.681290 -0.597599 0.801795 -0.000000 -36.238381 -0.000000 0.000000 1.000000 0.000000
0.800875 0.598831 0.000000 72.686189 -0.598831 0.800875 -0.000000 -36.242299 -0.000000 0.000000 1.000000 0.000000
0.799615 0.600512 0.000000 72.690651 -0.600512 0.799615 -0.000000 -36.242833 -0.000000 0.000000 1.000000 0.000000
0.798804 0.601591 0.000000 72.690926 -0.601591 0.798804 -0.000000 -36.243694 -0.000000 0.000000 1.000000 0.000000
0.798015 0.602637 0.000000 72.693934 -0.602637 0.798015 -0.000000 -36.245586 -0.000000 0.000000 1.000000 0.000000
0.797370 0.603491 0.000000 72.698000 -0.603491 0.797370 -0.000000 -36.247921 -0.000000 0.000000 1.000000 0.000000
0.797312 0.603568 0.000000 72.701716 -0.603568 0.797312 -0.000000 -36.254372 -0.000000 0.000000 1.000000 0.000000
0.797564 0.603234 0.000000 72.704725 -0.603234 0.797564 -0.000000 -36.260808 -0.000000 0.000000 1.000000 0.000000
0.798198 0.602395 0.000000 72.709417 -0.602395 0.798198 -0.000000 -36.268947 -0.000000 0.000000 1.000000 0.000000
0.799030 0.601291 0.000000 72.712262 -0.601291 0.799030 -0.000000 -36.274844 -0.000000 0.000000 1.000000 0.000000
0.800374 0.599501 0.000000 72.719949 -0.599501 0.800374 -0.000000 -36.281838 -0.000000 0.000000 1.000000 0.000000
0.801095 0.598537 0.000000 72.729332 -0.598537 0.801095 -0.000000 -36.286335 -0.000000 0.000000 1.000000 0.000000
0.801232 0.598354 0.000000 72.739010 -0.598354 0.801232 -0.000000 -36.291513 -0.000000 0.000000 1.000000 0.000000
0.801387 0.598146 0.000000 72.749727 -0.598146 0.801387 -0.000000 -36.296072 -0.000000 0.000000 1.000000 0.000000
0.801252 0.598327 0.000000 72.759861 -0.598327 0.801252 -0.000000 -36.296255 -0.000000 0.000000 1.000000 0.000000
0.801024 0.598633 0.000000 72.776432 -0.598633 0.801024 -0.000000 -36.300004 -0.000000 0.000000 1.000000 0.000000
0.801014 0.598645 0.000000 72.803623 -0.598645 0.801014 -0.000000 -36.311273 -0.000000 0.000000 1.000000 0.000000
0.802535 0.596605 0.000000 72.809231 -0.596605 0.802535 -0.000000 -36.314516 -0.000000 0.000000 1.000000 0.000000
0.803103 0.595840 0.000000 72.820354 -0.595840 0.803103 -0.000000 -36.318554 -0.000000 0.000000 1.000000 0.000000
0.804202 0.594356 0.000000 72.832050 -0.594356 0.804202 -0.000000 -36.328908 -0.000000 0.000000 1.000000 0.000000
0.805116 0.593117 0.000000 72.841538 -0.593117 0.805116 -0.000000 -36.340265 -0.000000 0.000000 1.000000 0.000000
0.806988 0.590568 0.000000 72.850471 -0.590568 0.806988 -0.000000 -36.355069 -0.000000 0.000000 1.000000 0.000000
0.807905 0.589313 0.000000 72.861665 -0.589313 0.807905 -0.000000 -36.372121 -0.000000 0.000000 1.000000 0.000000
0.808400 0.588633 0.000000 72.868228 -0.588633 0.808400 -0.000000 -36.376388 -0.000000 0.000000 1.000000 0.000000
0.808675 0.588256 0.000000 72.878170 -0.588256 0.808675 -0.000000 -36.377824 -0.000000 0.000000 1.000000 0.000000
0.808102 0.589043 0.000000 72.885353 -0.589043 0.808102 -0.000000 -36.378159 -0.000000 0.000000 1.000000 0.000000
0.807667 0.589639 0.000000 72.894413 -0.589639 0.807667 -0.000000 -36.377198 -0.000000 0.000000 1.000000 0.000000
0.806889 0.590703 0.000000 72.902561 -0.590703 0.806889 -0.000000 -36.375394 -0.000000 0.000000 1.000000 0.000000
0.806775 0.590859 0.000000 72.908947 -0.590859 0.806775 -0.000000 -36.373573 -0.000000 0.000000 1.000000 0.000000
0.806518 0.591209 0.000000 72.915567 -0.591209 0.806518 -0.000000 -36.368495 -0.000000 0.000000 1.000000 0.000000
0.806674 0.590996 0.000000 72.919690 -0.590996 0.806674 -0.000000 -36.365848 -0.000000 0.000000 1.000000 0.000000
0.807287 0.590159 0.000000 72.920469 -0.590159 0.807287 -0.000000 -36.361694 -0.000000 0.000000 1.000000 0.000000
0.807710 0.589580 0.000000 72.919755 -0.589580 0.807710 -0.000000 -36.357889 -0.000000 0.000000 1.000000 0.000000
0.807822 0.589427 0.000000 72.919812 -0.589427 0.807822 -0.000000 -36.352786 -0.000000 0.000000 1.000000 0.000000
0.807832 0.589412 0.000000 72.922541 -0.589412 0.807832 -0.000000 -36.346870 -0.000000 0.000000 1.000000 0.000000
0.808275 0.588805 0.000000 72.924863 -0.588805 0.808275 -0.000000 -36.343673 -0.000000 0.000000 1.000000 0.000000
0.808397 0.588637 0.000000 72.926016 -0.588637 0.808397 -0.000000 -36.341212 -0.000000 0.000000 1.000000 0.000000
0.809354 0.587321 0.000000 72.926129 -0.587321 0.809354 -0.000000 -36.341601 -0.000000 0.000000 1.000000 0.000000
0.809329 0.587356 0.000000 72.928954 -0.587356 0.809329 -0.000000 -36.338153 -0.000000 0.000000 1.000000 0.000000
0.809509 0.587108 0.000000 72.929683 -0.587108 0.809509 -0.000000 -36.335878 -0.000000 0.000000 1.000000 0.000000
0.810050 0.586361 0.000000 72.929181 -0.586361 0.810050 -0.000000 -36.335010 -0.000000 0.000000 1.000000 0.000000
0.810000 0.586430 0.000000 72.930450 -0.586430 0.810000 -0.000000 -36.331700 -0.000000 0.000000 1.000000 0.000000
0.810141 0.586235 0.000000 72.931020 -0.586235 0.810141 -0.000000 -36.330269 -0.000000 0.000000 1.000000 0.000000
0.810078 0.586322 0.000000 72.932209 -0.586322 0.810078 -0.000000 -36.328783 -0.000000 0.000000 1.000000 0.000000
0.809900 0.586567 0.000000 72.933751 -0.586567 0.809900 -0.000000 -36.329294 -0.000000 0.000000 1.000000 0.000000
0.809968 0.586474 0.000000 72.933887 -0.586474 0.809968 -0.000000 -36.329287 -0.000000 0.000000 1.000000 0.000000
0.809707 0.586834 0.000000 72.935961 -0.586834 0.809707 -0.000000 -36.328651 -0.000000 0.000000 1.000000 0.000000
