0.999998 0.001733 0.000188 0.246234 -0.001733 0.999998 0.000417 -0.002510 -0.000187 -0.000417 1.000000 0.004935
0.999972 0.007200 -0.002200 1.056021 -0.007198 0.999974 0.000895 -0.013406 0.002206 -0.000879 0.999997 0.021231
0.999922 0.011821 -0.004093 1.642728 -0.011821 0.999930 -0.000097 -0.024343 0.004091 0.000145 0.999992 0.033116
0.999863 0.015862 -0.004679 2.201777 -0.015860 0.999874 0.000554 -0.035076 0.004687 -0.000480 0.999989 0.044450
0.999772 0.020828 -0.004672 2.794987 -0.020820 0.999782 0.001632 -0.050619 0.004705 -0.001535 0.999988 0.056582
0.999657 0.025706 -0.004990 3.340168 -0.025699 0.999669 0.001406 -0.067371 0.005025 -0.001277 0.999987 0.067797
0.999462 0.032192 -0.006233 3.925186 -0.032191 0.999482 0.000160 -0.089370 0.006235 0.000041 0.999981 0.079934
0.999245 0.038195 -0.007116 4.464158 -0.038193 0.999270 0.000482 -0.111720 0.007129 -0.000210 0.999975 0.091169
0.998899 0.046298 -0.007581 5.202991 -0.046297 0.998928 0.000333 -0.148527 0.007588 0.000019 0.999971 0.106730
0.998604 0.052261 -0.007636 5.797547 -0.052271 0.998632 -0.001133 -0.180341 0.007566 0.001530 0.999970 0.119309
0.998233 0.058838 -0.008260 6.384282 -0.058860 0.998263 -0.002455 -0.217774 0.008102 0.002937 0.999963 0.131878
0.997790 0.065870 -0.008748 6.954517 -0.065888 0.997826 -0.001750 -0.258130 0.008614 0.002322 0.999960 0.144196
0.996746 0.079688 -0.012147 8.117065 -0.079699 0.996819 -0.000461 -0.349255 0.012072 0.001427 0.999926 0.169538
0.996096 0.087427 -0.012256 8.659981 -0.087452 0.996168 -0.001470 -0.398897 0.012080 0.002536 0.999924 0.181555
0.995365 0.095415 -0.012052 9.234314 -0.095426 0.995436 -0.000388 -0.456539 0.011960 0.001536 0.999927 0.194399
0.994515 0.103767 -0.013148 9.765697 -0.103773 0.994601 0.000238 -0.514164 0.013102 0.001128 0.999914 0.206394
0.993640 0.111677 -0.014416 10.324978 -0.111702 0.993741 -0.000917 -0.579302 0.014223 0.002522 0.999896 0.219134
0.992819 0.118542 -0.016063 10.852235 -0.118602 0.992938 -0.002820 -0.643845 0.015615 0.004705 0.999867 0.231226
0.992015 0.124833 -0.017991 11.427242 -0.124942 0.992151 -0.005108 -0.716861 0.017212 0.007315 0.999825 0.244480
0.991118 0.131770 -0.017965 11.958852 -0.131887 0.991250 -0.005491 -0.788462 0.017085 0.007812 0.999824 0.256840
0.989951 0.140501 -0.015993 12.705176 -0.140596 0.990054 -0.005012 -0.891619 0.015130 0.007210 0.999860 0.274259
0.988956 0.147467 -0.014808 13.288412 -0.147562 0.989037 -0.005533 -0.976807 0.013830 0.007657 0.999875 0.287990
0.987763 0.155231 -0.015076 13.842928 -0.155339 0.987842 -0.006220 -1.063591 0.013927 0.008486 0.999867 0.301194
0.986629 0.162135 -0.016574 14.402311 -0.162261 0.986726 -0.006526 -1.156260 0.015296 0.009128 0.999841 0.314646
0.985584 0.168187 -0.018375 14.968618 -0.168337 0.985705 -0.006899 -1.253187 0.016952 0.009892 0.999807 0.328345
0.984421 0.174730 -0.019619 15.495633 -0.174902 0.984558 -0.007399 -1.346041 0.018024 0.010715 0.999780 0.341161
0.983081 0.182022 -0.020471 16.035625 -0.182213 0.983228 -0.007866 -1.445159 0.018696 0.011463 0.999759 0.354396
0.981575 0.189995 -0.020288 16.606150 -0.190178 0.981721 -0.007468 -1.557290 0.018499 0.011188 0.999766 0.368570
0.980103 0.197446 -0.020348 17.145443 -0.197624 0.980252 -0.007119 -1.667640 0.018540 0.010999 0.999768 0.382080
0.978530 0.204950 -0.021777 17.727070 -0.205159 0.978697 -0.007833 -1.790877 0.019708 0.012132 0.999732 0.396760
0.976347 0.215024 -0.022627 18.490926 -0.215248 0.976527 -0.007928 -1.960613 0.020391 0.012611 0.999713 0.416242
0.974720 0.222135 -0.024005 19.056775 -0.222380 0.974927 -0.008063 -2.089960 0.021612 0.013198 0.999679 0.430768
0.972794 0.230258 -0.025566 19.653904 -0.230540 0.973025 -0.008625 -2.232449 0.022891 0.014284 0.999636 0.446250
0.970852 0.238302 -0.025656 20.198976 -0.238599 0.971075 -0.009155 -2.369567 0.022732 0.015010 0.999629 0.460565
0.969264 0.244617 -0.026263 20.736663 -0.244931 0.969495 -0.009429 -2.506493 0.023156 0.015572 0.999611 0.474729
0.967435 0.251634 -0.027384 21.240332 -0.251977 0.967683 -0.009828 -2.635871 0.024026 0.016408 0.999577 0.488025
0.965365 0.259295 -0.028937 21.808954 -0.259683 0.965637 -0.010503 -2.788523 0.025220 0.017653 0.999526 0.503206
0.963422 0.266353 -0.029577 22.315146 -0.266745 0.963714 -0.010156 -2.929089 0.025799 0.017674 0.999511 0.516840
0.961463 0.273323 -0.029733 22.841187 -0.273713 0.961760 -0.009898 -3.079685 0.025891 0.017655 0.999509 0.531126
0.957397 0.287279 -0.029367 23.877763 -0.287688 0.957664 -0.010708 -3.386374 0.025048 0.018701 0.999511 0.559533
0.955629 0.293231 -0.028101 24.362290 -0.293605 0.955873 -0.010165 -3.536720 0.023880 0.017965 0.999553 0.572991
0.953594 0.299861 -0.027233 24.876954 -0.300194 0.953836 -0.009012 -3.700373 0.023274 0.016769 0.999588 0.587388
0.950718 0.308918 -0.026566 25.527907 -0.309233 0.950947 -0.008640 -3.913657 0.022594 0.016429 0.999610 0.605760
0.948780 0.314748 -0.027388 26.002485 -0.315069 0.949033 -0.008222 -4.072020 0.023404 0.016429 0.999591 0.619228
0.946837 0.320310 -0.030035 26.470351 -0.320657 0.947166 -0.007447 -4.231688 0.026063 0.016682 0.999521 0.632597
0.944609 0.326669 -0.031644 26.964339 -0.327043 0.944981 -0.007315 -4.404691 0.027514 0.017259 0.999472 0.646827
0.942733 0.332066 -0.031430 27.425520 -0.332452 0.943088 -0.007829 -4.568012 0.027041 0.017829 0.999475 0.660158
0.940237 0.339092 -0.031160 28.089929 -0.339473 0.940584 -0.007713 -4.806383 0.026693 0.017830 0.999485 0.679443
0.938242 0.344707 -0.029642 28.599662 -0.345071 0.938543 -0.008007 -4.995077 0.025060 0.017741 0.999529 0.694388
0.936059 0.350651 -0.028939 29.124710 -0.351034 0.936317 -0.009255 -5.195001 0.023850 0.018822 0.999538 0.709925
0.934007 0.356110 -0.028583 29.613403 -0.356493 0.934250 -0.009499 -5.384212 0.023321 0.019062 0.999546 0.724468
0.931893 0.361591 -0.028764 30.115718 -0.361963 0.932151 -0.008802 -5.582439 0.023629 0.018614 0.999547 0.739512
0.929385 0.367908 -0.029800 30.615214 -0.368258 0.929697 -0.007058 -5.782223 0.025108 0.017533 0.999531 0.754541
0.926729 0.374609 -0.029018 31.072325 -0.374877 0.927065 -0.004205 -5.968631 0.025326 0.014775 0.999570 0.768386
0.924072 0.381060 -0.029736 31.561092 -0.381320 0.924437 -0.003409 -6.169748 0.026190 0.014489 0.999552 0.783237
0.921236 0.387742 -0.031324 32.020275 -0.388030 0.921640 -0.003459 -6.363542 0.027528 0.015341 0.999503 0.797314
0.918308 0.394586 -0.031812 32.504623 -0.394859 0.918738 -0.002550 -6.573449 0.028220 0.014903 0.999491 0.812304
0.915522 0.401002 -0.031893 32.968414 -0.401262 0.915961 -0.001928 -6.778550 0.028439 0.014563 0.999489 0.826764
0.912555 0.407737 -0.031529 33.467606 -0.407952 0.913003 -0.000398 -7.000748 0.028624 0.013226 0.999503 0.842364
0.909597 0.414276 -0.031747 33.942918 -0.414507 0.910046 -0.000772 -7.216606 0.028571 0.013862 0.999496 0.857329
0.906363 0.421254 -0.032419 34.426332 -0.421522 0.906817 -0.001621 -7.443713 0.028716 0.015134 0.999473 0.872744
0.904083 0.426067 -0.033192 34.873679 -0.426353 0.904555 -0.001735 -7.654628 0.029285 0.015720 0.999447 0.887028
0.900354 0.433839 -0.033851 35.547058 -0.434183 0.900819 -0.003170 -7.979549 0.029118 0.017552 0.999422 0.908721
0.896650 0.441446 -0.033825 36.245100 -0.441786 0.897116 -0.002933 -8.318693 0.029051 0.017573 0.999423 0.931269
0.893842 0.447165 -0.033005 36.725563 -0.447501 0.894278 -0.003200 -8.557906 0.028084 0.017630 0.999450 0.946938
0.888995 0.456965 -0.029517 37.547022 -0.457272 0.889317 -0.004269 -8.980627 0.024300 0.017292 0.999555 0.974081
0.886199 0.462333 -0.030005 38.009674 -0.462634 0.886542 -0.003591 -9.223917 0.024941 0.017064 0.999543 0.989502
0.883430 0.467551 -0.030788 38.462811 -0.467852 0.883802 -0.002977 -9.467609 0.025818 0.017034 0.999522 1.004746
0.880510 0.473025 -0.030810 38.924657 -0.473316 0.880889 -0.002496 -9.716948 0.025959 0.016780 0.999522 1.020307
0.877520 0.478531 -0.031078 39.385200 -0.478827 0.877906 -0.002438 -9.971048 0.026117 0.017021 0.999514 1.035966
0.874260 0.484434 -0.031519 39.867238 -0.484740 0.874655 -0.002389 -10.241110 0.026411 0.017367 0.999500 1.052461
0.871624 0.489196 -0.030960 40.292711 -0.489493 0.872004 -0.002352 -10.482795 0.025847 0.017204 0.999518 1.067105
0.869065 0.493726 -0.031007 40.727987 -0.494022 0.869447 -0.002219 -10.731277 0.025864 0.017247 0.999517 1.082119
0.866106 0.498845 -0.031840 41.168926 -0.499149 0.866514 -0.001889 -10.985662 0.026647 0.017529 0.999491 1.097397
0.863392 0.503499 -0.032289 41.602183 -0.503802 0.863818 -0.001483 -11.240523 0.027145 0.017548 0.999477 1.112536
0.860890 0.507756 -0.032438 42.022268 -0.508075 0.861311 -0.001896 -11.489570 0.026976 0.018113 0.999472 1.127264
0.858095 0.512424 -0.033079 42.447398 -0.512741 0.858542 -0.001327 -11.745914 0.027720 0.018099 0.999452 1.142280
0.855616 0.516485 -0.034140 42.839159 -0.516832 0.856085 -0.001609 -11.984189 0.028396 0.019021 0.999416 1.156170
0.853302 0.520326 -0.033703 43.248293 -0.520663 0.853761 -0.001427 -12.234471 0.028031 0.018766 0.999431 1.170713
0.850816 0.524446 -0.032686 43.624108 -0.524771 0.851242 -0.001629 -12.468375 0.026969 0.018539 0.999464 1.184175
0.848128 0.528710 -0.033844 44.037300 -0.529068 0.848577 -0.001976 -12.728187 0.027675 0.019582 0.999425 1.199044
0.845499 0.532799 -0.035446 44.420375 -0.533182 0.845999 -0.001638 -12.973435 0.029114 0.020285 0.999370 1.212942
0.842711 0.537130 -0.036471 44.798985 -0.537511 0.843257 -0.000771 -13.216711 0.030340 0.020254 0.999334 1.226701
0.840173 0.541091 -0.036469 45.168344 -0.541463 0.840724 -0.000400 -13.456771 0.030443 0.020083 0.999335 1.240194
0.837257 0.545624 -0.036001 45.539100 -0.545967 0.837807 0.000363 -13.700916 0.030360 0.019351 0.999352 1.253820
0.834444 0.549953 -0.035417 45.905391 -0.550286 0.834976 0.000404 -13.943090 0.029794 0.019152 0.999373 1.267307
0.831562 0.554354 -0.034588 46.262204 -0.554687 0.832059 -0.000059 -14.180746 0.028746 0.019235 0.999402 1.280490
0.828385 0.559109 -0.034284 46.640992 -0.559456 0.828860 -0.000641 -14.438711 0.028058 0.019711 0.999412 1.294631
0.823841 0.565792 -0.034132 47.165495 -0.566207 0.824257 -0.003124 -14.802237 0.026366 0.021900 0.999412 1.314376
0.820389 0.570747 -0.034784 47.539586 -0.571189 0.820811 -0.003484 -15.066000 0.026562 0.022726 0.999389 1.328573
0.817082 0.575413 -0.035725 47.880128 -0.575865 0.817539 -0.002998 -15.309080 0.027481 0.023023 0.999357 1.341574
0.814381 0.579135 -0.037236 48.220170 -0.579597 0.814900 -0.002030 -15.550272 0.029168 0.023235 0.999304 1.354517
0.811040 0.583784 -0.037560 48.555534 -0.584243 0.811577 -0.001577 -15.794202 0.029562 0.023223 0.999293 1.367437
0.808057 0.587914 -0.037432 48.887994 -0.588392 0.808573 -0.002203 -16.036849 0.028971 0.023804 0.999297 1.380267
0.805378 0.591542 -0.038016 49.227880 -0.592028 0.805915 -0.001940 -16.286845 0.029490 0.024069 0.999275 1.393434
0.802065 0.596011 -0.038252 49.552461 -0.596508 0.802605 -0.002004 -16.529816 0.029507 0.024425 0.999266 1.406116
0.798613 0.600628 -0.038245 49.865630 -0.601152 0.799130 -0.002843 -16.767215 0.028855 0.025262 0.999264 1.418429
0.795785 0.604405 -0.037700 50.175504 -0.604971 0.796233 -0.004770 -17.005428 0.027135 0.026603 0.999278 1.430698
0.792951 0.608046 -0.038840 50.469746 -0.608657 0.793417 -0.005178 -17.234338 0.027668 0.027746 0.999232 1.442418
0.787213 0.615333 -0.040747 51.048443 -0.616009 0.787721 -0.005374 -17.693172 0.028791 0.029331 0.999155 1.465691
0.784756 0.618411 -0.041546 51.321992 -0.619108 0.785288 -0.005240 -17.910944 0.029385 0.029834 0.999123 1.476715
0.782491 0.621218 -0.042378 51.584672 -0.621917 0.783071 -0.004389 -18.121316 0.030458 0.029790 0.999092 1.487333
0.780117 0.624135 -0.043277 51.845418 -0.624849 0.780736 -0.003946 -18.331233 0.031325 0.030120 0.999055 1.497901
0.777757 0.627039 -0.043775 52.118535 -0.627783 0.778377 -0.004347 -18.555419 0.031348 0.030862 0.999032 1.509081
0.775768 0.629444 -0.044547 52.373652 -0.630231 0.776392 -0.004900 -18.764186 0.031502 0.031876 0.998995 1.519508
0.773564 0.632152 -0.044523 52.640367 -0.632961 0.774164 -0.005555 -18.984144 0.030956 0.032478 0.998993 1.530453
0.771115 0.635107 -0.044953 52.886780 -0.635943 0.771714 -0.005892 -19.190268 0.030949 0.033131 0.998972 1.540640
0.768517 0.638186 -0.045821 53.135332 -0.639053 0.769141 -0.005851 -19.400006 0.031509 0.033779 0.998933 1.550962
0.766506 0.640553 -0.046483 53.354764 -0.641461 0.767130 -0.006365 -19.585079 0.031581 0.034696 0.998899 1.560073
0.763944 0.643582 -0.046822 53.583606 -0.644503 0.764575 -0.006349 -19.779043 0.031712 0.035027 0.998883 1.569599
0.761456 0.646527 -0.046769 53.825287 -0.647460 0.762070 -0.006684 -19.985614 0.031320 0.035370 0.998883 1.579703
0.758047 0.650486 -0.047260 54.164635 -0.651435 0.758676 -0.006572 -20.276666 0.031580 0.035768 0.998861 1.593917
0.755515 0.653379 -0.047898 54.404660 -0.654358 0.756155 -0.006708 -20.486374 0.031836 0.036410 0.998830 1.604070
0.753140 0.656110 -0.047943 54.628800 -0.657080 0.753795 -0.006265 -20.683132 0.032029 0.036221 0.998830 1.613575
0.750316 0.659346 -0.047840 54.853789 -0.660311 0.750967 -0.006145 -20.884001 0.031874 0.036200 0.998836 1.623203
0.747783 0.662233 -0.047615 55.074113 -0.663191 0.748425 -0.006107 -21.081543 0.031592 0.036144 0.998847 1.632652
0.745499 0.664816 -0.047438 55.277532 -0.665757 0.746146 -0.005716 -21.265416 0.031596 0.035843 0.998858 1.641415
0.743193 0.667387 -0.047527 55.464072 -0.668311 0.743866 -0.004997 -21.436768 0.032019 0.035477 0.998857 1.649521
0.741045 0.669756 -0.047749 55.652750 -0.670705 0.741704 -0.005481 -21.610531 0.031744 0.036088 0.998844 1.657732
0.739050 0.671947 -0.047872 55.834350 -0.672900 0.739714 -0.005377 -21.777366 0.031799 0.036187 0.998839 1.665624
0.736784 0.674480 -0.047181 56.011460 -0.675372 0.737465 -0.004200 -21.942286 0.031961 0.034960 0.998878 1.673378
0.732306 0.679365 -0.046809 56.370376 -0.680228 0.732992 -0.003539 -22.277802 0.031906 0.034432 0.998898 1.689125
0.730331 0.681494 -0.046722 56.535248 -0.682354 0.731014 -0.003496 -22.432982 0.031772 0.034435 0.998902 1.696386
0.728512 0.683486 -0.046012 56.691706 -0.684333 0.729160 -0.003775 -22.581846 0.030970 0.034237 0.998934 1.703318
0.726630 0.685469 -0.046283 56.849011 -0.686354 0.727252 -0.004678 -22.732418 0.030453 0.035165 0.998917 1.710310
0.725049 0.687095 -0.046953 56.995887 -0.688005 0.725691 -0.004647 -22.873382 0.030880 0.035673 0.998886 1.716849
0.723091 0.689099 -0.047765 57.142567 -0.690026 0.723772 -0.004203 -23.015995 0.031674 0.035998 0.998850 1.723426
0.721156 0.691105 -0.048048 57.294937 -0.692030 0.721859 -0.003763 -23.165055 0.032083 0.035964 0.998838 1.730282
0.719338 0.693007 -0.047896 57.431489 -0.693919 0.720045 -0.003478 -23.299193 0.032077 0.035738 0.998846 1.736440
0.717748 0.694693 -0.047324 57.578866 -0.695570 0.718452 -0.002982 -23.442646 0.031928 0.035058 0.998875 1.743053
0.714216 0.698561 -0.043676 57.834866 -0.699263 0.714863 -0.001135 -23.696500 0.030430 0.031352 0.999045 1.754660
0.712362 0.700538 -0.042274 57.964099 -0.701184 0.712980 -0.000652 -23.826672 0.029683 0.030106 0.999106 1.760571
0.710846 0.702130 -0.041373 58.094970 -0.702740 0.711446 -0.000289 -23.957368 0.029232 0.029280 0.999144 1.766528
0.707584 0.705361 -0.042322 58.302655 -0.705980 0.708232 0.000449 -24.168409 0.030290 0.029561 0.999104 1.776076
0.705325 0.707550 -0.043465 58.438894 -0.708184 0.706027 0.001143 -24.306878 0.031496 0.029975 0.999054 1.782340
0.703265 0.709527 -0.044615 58.572375 -0.710199 0.704000 0.001097 -24.441929 0.032187 0.030914 0.999004 1.788461
0.700580 0.712117 -0.045577 58.712590 -0.712856 0.701311 0.000058 -24.585889 0.032005 0.032449 0.998961 1.794945
0.698245 0.714436 -0.045109 58.848984 -0.715165 0.698956 -0.000007 -24.727629 0.031524 0.032266 0.998982 1.801296
0.695696 0.716971 -0.044263 58.983690 -0.717643 0.696411 0.001012 -24.868357 0.031550 0.031061 0.999019 1.807588
0.693030 0.719529 -0.044574 59.123986 -0.720190 0.693774 0.001738 -25.015756 0.032175 0.030897 0.999005 1.814162
0.686312 0.726073 -0.042348 59.426223 -0.726564 0.687079 0.005195 -25.339456 0.032868 0.027204 0.999089 1.828484
0.683088 0.729112 -0.042265 59.571347 -0.729545 0.683897 0.006939 -25.496458 0.033964 0.026094 0.999082 1.835401
0.679854 0.732081 -0.043087 59.709248 -0.732478 0.680735 0.008699 -25.648670 0.035699 0.025646 0.999033 1.842052
0.676589 0.735098 -0.043106 59.848370 -0.735460 0.677497 0.009817 -25.803555 0.036421 0.025060 0.999022 1.848796
0.673182 0.738263 -0.042364 59.988585 -0.738621 0.674054 0.009497 -25.960191 0.035567 0.024898 0.999057 1.855607
0.670124 0.741069 -0.041848 60.128081 -0.741452 0.670952 0.008526 -26.116643 0.034396 0.025315 0.999088 1.862399
0.666780 0.744044 -0.042457 60.264327 -0.744477 0.667604 0.007644 -26.271393 0.034032 0.026511 0.999069 1.869082
0.663113 0.747280 -0.043055 60.408997 -0.747748 0.663943 0.007190 -26.437267 0.033959 0.027427 0.999047 1.876219
0.659730 0.750256 -0.043267 60.549990 -0.750726 0.660572 0.007421 -26.598783 0.034149 0.027585 0.999036 1.883171
0.655808 0.753712 -0.042840 60.696381 -0.754151 0.656651 0.008127 -26.769819 0.034256 0.026978 0.999049 1.890475
0.652083 0.756896 -0.043541 60.849158 -0.757429 0.652890 0.006044 -26.949346 0.033002 0.029038 0.999033 1.898125
0.648977 0.759568 -0.043408 60.982660 -0.760158 0.649724 0.004258 -27.107888 0.031437 0.030234 0.999048 1.904852
0.645272 0.762814 -0.041700 61.137206 -0.763355 0.645965 0.004291 -27.292466 0.030210 0.029063 0.999121 1.912666
0.641596 0.765864 -0.042496 61.284652 -0.766498 0.642243 0.002095 -27.470773 0.028897 0.031229 0.999094 1.920179
0.637551 0.769201 -0.043112 61.443382 -0.769885 0.638181 0.001132 -27.665803 0.028384 0.032470 0.999070 1.928345
0.634059 0.772083 -0.043094 61.598710 -0.772691 0.634771 0.003802 -27.857064 0.030290 0.030888 0.999064 1.936347
0.628751 0.776292 -0.045203 61.834367 -0.776827 0.629661 0.008187 -28.150901 0.034818 0.029968 0.998944 1.948582
0.625157 0.779204 -0.044948 61.995817 -0.779625 0.626146 0.011275 -28.354871 0.036929 0.027994 0.998926 1.957033
0.621552 0.782049 -0.045519 62.168822 -0.782462 0.622582 0.012062 -28.574350 0.037772 0.028120 0.998891 1.966113
0.618614 0.784385 -0.045356 62.330896 -0.784826 0.619613 0.011268 -28.780530 0.036941 0.028626 0.998907 1.974633
0.612307 0.789043 -0.049905 62.672570 -0.789780 0.613346 0.007372 -29.220240 0.036426 0.034900 0.998727 1.992725
0.609246 0.791270 -0.052065 62.837831 -0.792101 0.610349 0.007047 -29.434298 0.037353 0.036947 0.998619 2.001511
0.606348 0.793389 -0.053631 62.999991 -0.794315 0.607475 0.006209 -29.646320 0.037506 0.038835 0.998542 2.010184
0.602776 0.796163 -0.052788 63.172572 -0.797095 0.603831 0.005274 -29.877019 0.036074 0.038898 0.998592 2.019544
0.598707 0.799421 -0.049758 63.397958 -0.800271 0.599621 0.004473 -30.177796 0.033412 0.037142 0.998751 2.031754
0.596110 0.801514 -0.047199 63.557124 -0.802251 0.596964 0.005206 -30.392365 0.032348 0.034762 0.998872 2.040433
0.592720 0.804031 -0.047085 63.713336 -0.804760 0.593576 0.005435 -30.605163 0.032319 0.034670 0.998876 2.049008
0.589957 0.806031 -0.047599 63.867662 -0.806777 0.590830 0.005536 -30.816194 0.032585 0.035136 0.998851 2.057500
0.586663 0.808394 -0.048222 64.008379 -0.809172 0.587547 0.005340 -31.013345 0.032649 0.035887 0.998822 2.065365
0.583847 0.810368 -0.049261 64.158067 -0.811207 0.584740 0.004749 -31.222796 0.032653 0.037189 0.998775 2.073725
0.581034 0.812338 -0.050075 64.318895 -0.813222 0.581937 0.004382 -31.450507 0.032701 0.038176 0.998736 2.082775
0.579190 0.813652 -0.050094 64.466178 -0.814521 0.580113 0.004940 -31.659363 0.033080 0.037942 0.998732 2.091072
0.577176 0.815103 -0.049741 64.607473 -0.815934 0.578117 0.005782 -31.860638 0.033469 0.037247 0.998745 2.099055
0.575175 0.816546 -0.049255 64.759653 -0.817356 0.576102 0.005913 -32.077127 0.033204 0.036858 0.998769 2.107645
0.572873 0.818211 -0.048450 64.900781 -0.818999 0.573765 0.005748 -32.281197 0.032502 0.036388 0.998809 2.115697
0.570292 0.820006 -0.048556 65.094331 -0.820799 0.571187 0.005789 -32.562848 0.032481 0.036553 0.998804 2.126785
0.568809 0.820991 -0.049296 65.251173 -0.821804 0.569737 0.006063 -32.792935 0.033064 0.037063 0.998766 2.135818
0.567649 0.821751 -0.049994 65.398445 -0.822556 0.568639 0.007137 -33.009057 0.034293 0.037072 0.998724 2.144302
0.566557 0.822471 -0.050544 65.541741 -0.823254 0.567611 0.008394 -33.219689 0.035593 0.036855 0.998687 2.152565
0.565906 0.822896 -0.050921 65.683323 -0.823655 0.567012 0.009439 -33.428162 0.036640 0.036600 0.998658 2.160739
0.565998 0.822844 -0.050727 65.825672 -0.823578 0.567115 0.009936 -33.636107 0.036944 0.036154 0.998663 2.168915
0.566131 0.822789 -0.050150 65.970456 -0.823515 0.567214 0.009583 -33.846995 0.036331 0.035874 0.998696 2.177214
0.566187 0.822801 -0.049311 66.106170 -0.823520 0.567216 0.008921 -34.045806 0.035311 0.035558 0.998744 2.185023
0.566063 0.822916 -0.048809 66.241045 -0.823646 0.567046 0.008114 -34.246516 0.034354 0.035608 0.998775 2.192865
0.566396 0.822726 -0.048139 66.362718 -0.823447 0.567342 0.007683 -34.426386 0.033633 0.035288 0.998811 2.199907
0.566927 0.822450 -0.046589 66.610519 -0.823105 0.567832 0.008015 -34.795365 0.033046 0.033804 0.998882 2.214320
0.566969 0.822442 -0.046211 66.743502 -0.823073 0.567874 0.008365 -34.991903 0.033122 0.033293 0.998897 2.222016
0.567721 0.821927 -0.046152 66.872110 -0.822546 0.568633 0.008620 -35.181439 0.033328 0.033068 0.998897 2.229445
0.567763 0.821896 -0.046186 66.988861 -0.822523 0.568670 0.008433 -35.353733 0.033195 0.033201 0.998897 2.236196
0.567891 0.821782 -0.046619 67.114609 -0.822434 0.568802 0.008122 -35.538872 0.033192 0.033728 0.998880 2.243455
0.568269 0.821456 -0.047754 67.234317 -0.822150 0.569215 0.008000 -35.714739 0.033754 0.034715 0.998827 2.250356
0.568891 0.820935 -0.049288 67.364091 -0.821686 0.569885 0.007892 -35.905257 0.034567 0.036010 0.998753 2.257834
0.570528 0.819793 -0.049375 67.570522 -0.820503 0.571570 0.009104 -36.208473 0.035685 0.035318 0.998739 2.269732
0.571665 0.819000 -0.049373 67.689977 -0.819668 0.572748 0.010243 -36.382494 0.036667 0.034613 0.998728 2.276581
0.572855 0.818187 -0.049060 67.807024 -0.818796 0.573970 0.011472 -36.553517 0.037545 0.033598 0.998730 2.283304
0.574689 0.816992 -0.047505 67.921904 -0.817525 0.575766 0.012083 -36.719781 0.037224 0.031892 0.998798 2.289862
0.576839 0.815557 -0.046094 68.034918 -0.816067 0.577844 0.011401 -36.882420 0.035933 0.031039 0.998872 2.296290
0.578663 0.814261 -0.046134 68.150343 -0.814816 0.579631 0.010120 -37.048057 0.034982 0.031735 0.998884 2.302842
0.584001 0.810385 -0.047113 68.391678 -0.811004 0.584972 0.009017 -37.393033 0.034867 0.032943 0.998849 2.316508
0.586545 0.808526 -0.047437 68.494298 -0.809188 0.587495 0.007993 -37.538141 0.034332 0.033698 0.998842 2.322278
0.589490 0.806459 -0.046091 68.599002 -0.807102 0.590369 0.007154 -37.684569 0.032980 0.032983 0.998912 2.328123
0.595382 0.802209 -0.044503 68.784643 -0.802826 0.596182 0.006167 -37.939446 0.031479 0.032056 0.998990 2.338365
0.604209 0.795701 -0.042328 69.026634 -0.796199 0.604988 0.007524 -38.265433 0.031595 0.029156 0.999075 2.351554
0.610112 0.791200 -0.042012 69.173589 -0.791705 0.610865 0.006857 -38.458734 0.031089 0.029077 0.999094 2.359443
0.614344 0.787926 -0.041890 69.269256 -0.788438 0.615082 0.006376 -38.584560 0.030789 0.029110 0.999102 2.364578
0.622859 0.781225 -0.041639 69.451980 -0.781689 0.623624 0.007419 -38.818870 0.031763 0.027928 0.999105 2.374232
0.627092 0.777839 -0.041499 69.539386 -0.778265 0.627881 0.008350 -38.927774 0.032551 0.027061 0.999104 2.378768
0.631353 0.774411 -0.040999 69.624431 -0.774797 0.632146 0.009047 -39.033567 0.032923 0.026054 0.999118 2.383177
0.635695 0.770895 -0.040163 69.712854 -0.771242 0.636472 0.009420 -39.143187 0.032824 0.024987 0.999149 2.387752
0.641064 0.766490 -0.039107 69.839536 -0.766813 0.641804 0.009221 -39.299051 0.032167 0.024077 0.999192 2.394275
0.647429 0.761169 -0.038179 69.985144 -0.761484 0.648127 0.008556 -39.475480 0.031258 0.023533 0.999234 2.401702
0.651210 0.757968 -0.037554 70.061236 -0.758259 0.651894 0.008756 -39.565913 0.031118 0.022773 0.999256 2.405538
0.654795 0.754905 -0.036910 70.138469 -0.755174 0.655464 0.008917 -39.656783 0.030924 0.022035 0.999279 2.409408
0.658176 0.751988 -0.036309 70.215553 -0.752238 0.658830 0.009023 -39.747387 0.030707 0.021374 0.999300 2.413268
0.661907 0.748747 -0.035453 70.295964 -0.748977 0.662535 0.008975 -39.841329 0.030209 0.020612 0.999331 2.417280
0.665453 0.745644 -0.034453 70.369095 -0.745858 0.666048 0.008747 -39.925785 0.029469 0.019876 0.999368 2.420904
0.671189 0.740549 -0.033054 70.507629 -0.740749 0.671733 0.008116 -40.084414 0.028214 0.019037 0.999421 2.427733
0.673239 0.738711 -0.032472 70.566400 -0.738899 0.673767 0.008104 -40.151255 0.027865 0.018537 0.999440 2.430618
0.675591 0.736578 -0.032095 70.619880 -0.736770 0.676100 0.007652 -40.211958 0.027336 0.018477 0.999456 2.433240
0.677941 0.734437 -0.031595 70.667448 -0.734635 0.678426 0.007023 -40.265515 0.026593 0.018449 0.999476 2.435562
0.680117 0.732442 -0.031138 70.714344 -0.732643 0.680582 0.006548 -40.318174 0.025988 0.018359 0.999494 2.437847
0.681630 0.731035 -0.031131 70.755578 -0.731248 0.682085 0.005999 -40.364932 0.025620 0.018676 0.999497 2.439867
0.682766 0.729959 -0.031487 70.792563 -0.730196 0.683217 0.005299 -40.406211 0.025380 0.019374 0.999490 2.441663
0.685038 0.727802 -0.032043 70.848871 -0.728074 0.685485 0.004346 -40.468363 0.025128 0.020353 0.999477 2.444379
0.686519 0.726391 -0.032373 70.879423 -0.726671 0.686972 0.004207 -40.502465 0.025295 0.020636 0.999467 2.445862
0.687864 0.725118 -0.032360 70.910098 -0.725395 0.688320 0.004332 -40.536289 0.025415 0.020494 0.999467 2.447341
0.688930 0.724118 -0.032075 70.936525 -0.724385 0.689381 0.004468 -40.565235 0.025347 0.020157 0.999475 2.448609
0.690033 0.723070 -0.031989 70.962580 -0.723332 0.690485 0.004563 -40.593817 0.025388 0.019990 0.999478 2.449861
0.691013 0.722125 -0.032195 70.981631 -0.722387 0.691473 0.004684 -40.614703 0.025645 0.020020 0.999471 2.450777
0.692043 0.721133 -0.032304 70.999390 -0.721396 0.692507 0.004717 -40.634285 0.025772 0.020039 0.999467 2.451633
0.692819 0.720388 -0.032310 71.015709 -0.720652 0.693281 0.004645 -40.652297 0.025747 0.020066 0.999467 2.452420
0.693251 0.719970 -0.032352 71.033171 -0.720234 0.693716 0.004707 -40.671947 0.025832 0.020037 0.999465 2.453272
0.693492 0.719737 -0.032356 71.040375 -0.719998 0.693960 0.004813 -40.680398 0.025918 0.019959 0.999465 2.453632
0.694069 0.719180 -0.032369 71.054857 -0.719436 0.694541 0.005008 -40.697133 0.026083 0.019811 0.999463 2.454350
0.694094 0.719153 -0.032447 71.060447 -0.719403 0.694573 0.005269 -40.703804 0.026326 0.019686 0.999460 2.454632
0.693869 0.719356 -0.032751 71.062535 -0.719605 0.694361 0.005535 -40.706927 0.026722 0.019727 0.999448 2.454754
0.693762 0.719429 -0.033406 71.061915 -0.719678 0.694281 0.006024 -40.707120 0.027527 0.019862 0.999424 2.454747
0.693907 0.719254 -0.034163 71.060427 -0.719493 0.694465 0.006894 -40.706263 0.028684 0.019796 0.999392 2.454695
0.694145 0.719005 -0.034546 71.058168 -0.719225 0.694733 0.007818 -40.704732 0.029622 0.019420 0.999373 2.454611
0.694203 0.718948 -0.034593 71.055910 -0.719157 0.694799 0.008197 -40.703201 0.029929 0.019187 0.999368 2.454527
0.694147 0.719009 -0.034430 71.054024 -0.719220 0.694736 0.008051 -40.702035 0.029708 0.019175 0.999375 2.454460
0.694219 0.718948 -0.034269 71.052337 -0.719163 0.694798 0.007791 -40.701023 0.029411 0.019236 0.999382 2.454400
0.694425 0.718742 -0.034414 71.051022 -0.718968 0.695003 0.007510 -40.700376 0.029316 0.019528 0.999379 2.454357
0.694518 0.718637 -0.034729 71.049906 -0.718882 0.695096 0.007056 -40.699883 0.029211 0.020066 0.999372 2.454323
0.694589 0.718561 -0.034862 71.048963 -0.718815 0.695167 0.006842 -40.699600 0.029151 0.020306 0.999369 2.454297
0.694690 0.718456 -0.035016 71.048219 -0.718715 0.695272 0.006799 -40.699472 0.029230 0.020443 0.999364 2.454279
0.694774 0.718365 -0.035222 71.047154 -0.718623 0.695365 0.006967 -40.699469 0.029497 0.020471 0.999355 2.454258
0.694841 0.718323 -0.034752 71.046584 -0.718559 0.695427 0.007398 -40.699551 0.029482 0.019831 0.999369 2.454248
0.694913 0.718267 -0.034482 71.046237 -0.718489 0.695496 0.007666 -40.699731 0.029488 0.019448 0.999376 2.454246
0.694927 0.718257 -0.034409 71.045667 -0.718473 0.695511 0.007823 -40.699813 0.029551 0.019286 0.999377 2.454237
0.694964 0.718215 -0.034512 71.045296 -0.718435 0.695551 0.007784 -40.700049 0.029595 0.019385 0.999374 2.454236
0.695027 0.718145 -0.034724 71.044949 -0.718374 0.695616 0.007589 -40.700230 0.029605 0.019670 0.999368 2.454234
0.695078 0.718090 -0.034829 71.044603 -0.718325 0.695668 0.007448 -40.700410 0.029578 0.019842 0.999366 2.454231
0.695120 0.718052 -0.034775 71.044455 -0.718283 0.695710 0.007536 -40.700745 0.029604 0.019740 0.999367 2.454237
0.695150 0.718028 -0.034677 71.044108 -0.718254 0.695739 0.007665 -40.700926 0.029630 0.019578 0.999369 2.454235
0.695205 0.717982 -0.034518 71.043464 -0.718200 0.695793 0.007821 -40.701175 0.029633 0.019353 0.999373 2.454229
0.695212 0.717973 -0.034581 71.043366 -0.718191 0.695801 0.007838 -40.701399 0.029689 0.019387 0.999371 2.454232
0.695221 0.717957 -0.034715 71.043019 -0.718182 0.695812 0.007709 -40.701579 0.029690 0.019572 0.999368 2.454230
0.695281 0.717895 -0.034790 71.042672 -0.718125 0.695873 0.007613 -40.701760 0.029675 0.019691 0.999366 2.454228
0.695324 0.717858 -0.034716 71.042574 -0.718085 0.695913 0.007636 -40.701983 0.029641 0.019620 0.999368 2.454232
0.695296 0.717887 -0.034677 71.042252 -0.718111 0.695886 0.007721 -40.702108 0.029674 0.019534 0.999369 2.454229
0.695284 0.717905 -0.034549 71.042128 -0.718123 0.695872 0.007840 -40.702387 0.029671 0.019359 0.999372 2.454233
0.695325 0.717866 -0.034516 71.041806 -0.718082 0.695913 0.007893 -40.702511 0.029686 0.019298 0.999373 2.454230
0.695341 0.717850 -0.034534 71.041484 -0.718070 0.695928 0.007784 -40.702636 0.029621 0.019385 0.999373 2.454227
0.695351 0.717841 -0.034515 71.041410 -0.718062 0.695937 0.007725 -40.702804 0.029566 0.019412 0.999374 2.454230
0.695359 0.717830 -0.034585 71.041089 -0.718054 0.695945 0.007666 -40.702928 0.029572 0.019503 0.999372 2.454227
0.695365 0.717822 -0.034621 71.040990 -0.718046 0.695953 0.007695 -40.703152 0.029618 0.019509 0.999371 2.454231
0.695375 0.717816 -0.034556 71.040891 -0.718035 0.695963 0.007828 -40.703375 0.029669 0.019368 0.999372 2.454234
0.695381 0.717813 -0.034498 71.040594 -0.718030 0.695968 0.007848 -40.703444 0.029643 0.019313 0.999374 2.454230
0.695385 0.717811 -0.034457 71.040520 -0.718026 0.695972 0.007860 -40.703611 0.029623 0.019275 0.999375 2.454233
0.695364 0.717827 -0.034549 71.040173 -0.718043 0.695953 0.007901 -40.703792 0.029716 0.019313 0.999372 2.454231
0.695348 0.717834 -0.034718 71.040099 -0.718052 0.695944 0.007934 -40.703959 0.029857 0.019413 0.999366 2.454234
0.695366 0.717815 -0.034754 71.040000 -0.718034 0.695963 0.007956 -40.704182 0.029898 0.019422 0.999364 2.454238
0.695379 0.717803 -0.034740 71.039703 -0.718018 0.695978 0.008074 -40.704251 0.029974 0.019329 0.999364 2.454233
0.695459 0.717728 -0.034688 71.039629 -0.717939 0.696058 0.008164 -40.704419 0.030004 0.019226 0.999365 2.454236
0.695501 0.717691 -0.034610 71.039357 -0.717900 0.696098 0.008181 -40.704432 0.029963 0.019157 0.999367 2.454231
0.695581 0.717613 -0.034618 71.039283 -0.717821 0.696179 0.008226 -40.704599 0.030003 0.019127 0.999367 2.454234
0.695684 0.717511 -0.034649 71.039010 -0.717718 0.696285 0.008275 -40.704612 0.030063 0.019111 0.999365 2.454229
0.695885 0.717316 -0.034661 71.038713 -0.717521 0.696487 0.008338 -40.704681 0.030122 0.019067 0.999364 2.454225
0.696051 0.717159 -0.034565 71.038440 -0.717363 0.696650 0.008334 -40.704694 0.030056 0.018995 0.999368 2.454220
0.696131 0.717100 -0.034181 71.037920 -0.717305 0.696713 0.008038 -40.704665 0.029578 0.018923 0.999383 2.454209
0.696171 0.717064 -0.034119 71.037672 -0.717271 0.696749 0.007925 -40.704622 0.029455 0.018955 0.999386 2.454203
0.696246 0.716995 -0.034071 71.037622 -0.717203 0.696820 0.007834 -40.704733 0.029359 0.018981 0.999389 2.454205
0.696279 0.716963 -0.034055 71.037350 -0.717173 0.696852 0.007764 -40.704747 0.029297 0.019017 0.999390 2.454200
0.696137 0.717100 -0.034062 71.037028 -0.717311 0.696710 0.007741 -40.704871 0.029282 0.019044 0.999390 2.454197
0.696085 0.717146 -0.034164 71.036954 -0.717355 0.696663 0.007873 -40.705039 0.029447 0.019027 0.999385 2.454199
0.696068 0.717160 -0.034228 71.036904 -0.717369 0.696649 0.007933 -40.705150 0.029534 0.019033 0.999383 2.454201
0.695997 0.717226 -0.034261 71.036806 -0.717437 0.696579 0.007893 -40.705374 0.029527 0.019086 0.999382 2.454205
0.695884 0.717335 -0.034292 71.036732 -0.717546 0.696466 0.007900 -40.705541 0.029551 0.019109 0.999381 2.454208
0.695815 0.717400 -0.034335 71.036682 -0.717611 0.696399 0.007919 -40.705653 0.029592 0.019129 0.999379 2.454210
0.695809 0.717407 -0.034312 71.036832 -0.717617 0.696393 0.007952 -40.705919 0.029599 0.019090 0.999380 2.454220
0.695764 0.717452 -0.034285 71.036782 -0.717660 0.696348 0.007987 -40.706030 0.029605 0.019048 0.999380 2.454222
0.695674 0.717538 -0.034287 71.036708 -0.717746 0.696259 0.008035 -40.706198 0.029638 0.019020 0.999380 2.454224
0.695625 0.717585 -0.034320 71.036659 -0.717792 0.696211 0.008078 -40.706309 0.029691 0.019015 0.999378 2.454226
0.695603 0.717604 -0.034362 71.036585 -0.717812 0.696190 0.008081 -40.706477 0.029721 0.019044 0.999377 2.454229
0.695597 0.717608 -0.034393 71.036535 -0.717817 0.696185 0.008053 -40.706589 0.029723 0.019086 0.999376 2.454231
0.695597 0.717603 -0.034507 71.036486 -0.717812 0.696190 0.008130 -40.706700 0.029858 0.019114 0.999371 2.454233
0.695639 0.717553 -0.034701 71.036437 -0.717763 0.696239 0.008198 -40.706812 0.030043 0.019204 0.999364 2.454235
0.695662 0.717528 -0.034756 71.036412 -0.717735 0.696267 0.008329 -40.706868 0.030176 0.019152 0.999361 2.454236
0.695695 0.717495 -0.034763 71.036363 -0.717700 0.696302 0.008421 -40.706979 0.030247 0.019091 0.999360 2.454238
0.695732 0.717458 -0.034814 71.036115 -0.717661 0.696341 0.008477 -40.706936 0.030324 0.019086 0.999358 2.454232
0.695798 0.717390 -0.034875 71.036090 -0.717593 0.696410 0.008550 -40.706992 0.030421 0.019077 0.999355 2.454233
0.696045 0.717152 -0.034849 71.035818 -0.717352 0.696658 0.008598 -40.707005 0.030444 0.019014 0.999356 2.454228
0.696304 0.716913 -0.034580 71.035371 -0.717111 0.696907 0.008505 -40.706808 0.030197 0.018876 0.999366 2.454214
0.696408 0.716823 -0.034367 71.035346 -0.717021 0.697001 0.008374 -40.706864 0.029956 0.018810 0.999374 2.454215
0.696513 0.716724 -0.034310 71.035123 -0.716926 0.697101 0.008181 -40.706765 0.029780 0.018899 0.999378 2.454208
0.696615 0.716631 -0.034180 71.034900 -0.716834 0.697197 0.008059 -40.706667 0.029605 0.018887 0.999383 2.454201
0.696787 0.716458 -0.034294 71.035397 -0.716662 0.697373 0.008098 -40.707353 0.029717 0.018935 0.999379 2.454228
0.697004 0.716234 -0.034555 71.036838 -0.716438 0.697602 0.008255 -40.708923 0.030019 0.019003 0.999369 2.454297
0.697467 0.715778 -0.034669 71.036887 -0.715980 0.698070 0.008400 -40.708812 0.030214 0.018964 0.999364 2.454295
0.697911 0.715348 -0.034608 71.037681 -0.715545 0.698515 0.008485 -40.709429 0.030244 0.018842 0.999365 2.454327
0.698315 0.714947 -0.034749 71.039370 -0.715147 0.698922 0.008479 -40.711042 0.030349 0.018929 0.999360 2.454402
0.698852 0.714417 -0.034831 71.043070 -0.714616 0.699464 0.008564 -40.714744 0.030481 0.018905 0.999357 2.454571
0.699548 0.713738 -0.034802 71.049005 -0.713934 0.700160 0.008607 -40.720633 0.030510 0.018825 0.999357 2.454840
0.700360 0.712938 -0.034862 71.057299 -0.713135 0.700974 0.008604 -40.729031 0.030571 0.018835 0.999355 2.455220
0.701157 0.712155 -0.034831 71.068201 -0.712350 0.701771 0.008650 -40.739982 0.030604 0.018747 0.999356 2.455718
0.701875 0.711453 -0.034733 71.079128 -0.711643 0.702488 0.008721 -40.750877 0.030604 0.018596 0.999359 2.456215
0.702660 0.710682 -0.034655 71.091321 -0.710873 0.703268 0.008588 -40.763132 0.030476 0.018601 0.999362 2.456772
0.703348 0.710012 -0.034426 71.103539 -0.710206 0.703945 0.008333 -40.775330 0.030151 0.018589 0.999372 2.457328
0.704177 0.709197 -0.034272 71.116501 -0.709396 0.704764 0.008072 -40.788258 0.029878 0.018628 0.999380 2.457918
0.705836 0.707553 -0.034112 71.142452 -0.707762 0.706411 0.007594 -40.814058 0.029471 0.018783 0.999389 2.459096
0.706717 0.706675 -0.034075 71.157302 -0.706886 0.707288 0.007472 -40.828754 0.029381 0.018807 0.999391 2.459769
0.707501 0.705894 -0.033993 71.171754 -0.706105 0.708069 0.007393 -40.843140 0.029288 0.018772 0.999395 2.460425
0.708225 0.705176 -0.033827 71.187200 -0.705385 0.708786 0.007337 -40.858298 0.029149 0.018665 0.999401 2.461122
0.708773 0.704636 -0.033597 71.198921 -0.704846 0.709324 0.007118 -40.869810 0.028847 0.018636 0.999410 2.461650
0.709342 0.704072 -0.033414 71.211585 -0.704289 0.709881 0.006786 -40.882206 0.028498 0.018719 0.999419 2.462220
0.709850 0.703566 -0.033288 71.223306 -0.703788 0.710381 0.006472 -40.893719 0.028200 0.018834 0.999425 2.462749
0.710291 0.703121 -0.033276 71.235201 -0.703348 0.710818 0.006271 -40.905441 0.028063 0.018950 0.999427 2.463286
0.710613 0.702794 -0.033311 71.246400 -0.703023 0.711140 0.006224 -40.916323 0.028063 0.018995 0.999426 2.463788
0.710973 0.702428 -0.033351 71.256803 -0.702657 0.711501 0.006246 -40.925986 0.028117 0.018993 0.999424 2.464243
0.711445 0.701947 -0.033412 71.271800 -0.702177 0.711975 0.006237 -40.939746 0.028167 0.019024 0.999422 2.464894
0.711662 0.701724 -0.033465 71.279050 -0.701953 0.712195 0.006299 -40.946282 0.028254 0.019008 0.999420 2.465206
0.711787 0.701599 -0.033432 71.285952 -0.701828 0.712319 0.006279 -40.952398 0.028220 0.018994 0.999421 2.465500
0.711745 0.701643 -0.033412 71.289104 -0.701873 0.712275 0.006214 -40.954924 0.028158 0.019028 0.999422 2.465628
0.711668 0.701718 -0.033484 71.290071 -0.701951 0.712199 0.006176 -40.955151 0.028181 0.019109 0.999420 2.465653
0.711634 0.701748 -0.033577 71.289896 -0.701981 0.712168 0.006208 -40.954340 0.028269 0.019152 0.999417 2.465628
0.711667 0.701702 -0.033840 71.289324 -0.701939 0.712210 0.006269 -40.953220 0.028500 0.019292 0.999408 2.465588
0.711745 0.701613 -0.034043 71.288578 -0.701848 0.712298 0.006480 -40.951890 0.028795 0.019281 0.999399 2.465539
0.711801 0.701554 -0.034094 71.287807 -0.701783 0.712359 0.006711 -40.950616 0.028995 0.019150 0.999396 2.465491
0.711855 0.701501 -0.034052 71.287235 -0.701727 0.712414 0.006783 -40.949496 0.029018 0.019067 0.999397 2.465451
0.711926 0.701433 -0.033959 71.286837 -0.701658 0.712482 0.006765 -40.948586 0.028940 0.019012 0.999400 2.465419
0.712036 0.701319 -0.033998 71.286412 -0.701548 0.712591 0.006664 -40.947131 0.028900 0.019106 0.999400 2.465374
0.712115 0.701237 -0.034048 71.286163 -0.701468 0.712671 0.006614 -40.946487 0.028903 0.019173 0.999398 2.465352
0.712156 0.701192 -0.034119 71.286311 -0.701423 0.712714 0.006671 -40.946153 0.028995 0.019181 0.999396 2.465346
0.712193 0.701155 -0.034105 71.286261 -0.701383 0.712753 0.006748 -40.945663 0.029039 0.019115 0.999395 2.465333
0.712242 0.701109 -0.034029 71.286409 -0.701335 0.712800 0.006775 -40.945328 0.029006 0.019040 0.999398 2.465327
0.712278 0.701076 -0.033948 71.286532 -0.701303 0.712832 0.006684 -40.945049 0.028885 0.019047 0.999401 2.465322
0.712309 0.701040 -0.034049 71.286656 -0.701268 0.712866 0.006699 -40.944770 0.028969 0.019106 0.999398 2.465318
0.712318 0.701028 -0.034088 71.286779 -0.701257 0.712877 0.006709 -40.944491 0.029003 0.019125 0.999396 2.465313
0.712345 0.701002 -0.034065 71.286902 -0.701231 0.712902 0.006672 -40.944212 0.028963 0.019135 0.999397 2.465308
0.712373 0.700978 -0.033973 71.287224 -0.701207 0.712927 0.006624 -40.944087 0.028863 0.019103 0.999401 2.465311
0.712429 0.700923 -0.033942 71.287397 -0.701151 0.712982 0.006647 -40.943697 0.028859 0.019063 0.999402 2.465305
0.712453 0.700895 -0.034004 71.287496 -0.701124 0.713008 0.006642 -40.943473 0.028900 0.019109 0.999400 2.465301
