1.000000 -0.000364 0.000000 0.629696 0.000364 1.000000 0.000000 -0.016987 0.000000 0.000000 1.000000 0.000000
0.999993 -0.003815 0.000000 1.255092 0.003815 0.999993 0.000000 -0.033238 0.000000 0.000000 1.000000 0.000000
0.999964 -0.008489 0.000000 2.512718 0.008489 0.999964 0.000000 -0.049992 0.000000 0.000000 1.000000 0.000000
0.999959 -0.009096 0.000000 3.136224 0.009096 0.999959 0.000000 -0.055944 0.000000 0.000000 1.000000 0.000000
0.999964 -0.008456 0.000000 3.766007 0.008456 0.999964 0.000000 -0.066378 0.000000 0.000000 1.000000 0.000000
0.999974 -0.007183 0.000000 4.400450 0.007183 0.999974 0.000000 -0.070276 0.000000 0.000000 1.000000 0.000000
0.999964 -0.008457 0.000000 5.074531 0.008457 0.999964 0.000000 -0.083354 0.000000 0.000000 1.000000 0.000000
0.999965 -0.008370 0.000000 5.702232 0.008370 0.999965 0.000000 -0.100159 0.000000 0.000000 1.000000 0.000000
0.999966 -0.008225 0.000000 6.333042 0.008225 0.999966 0.000000 -0.106867 0.000000 0.000000 1.000000 0.000000
0.999956 -0.009343 0.000000 6.961060 0.009343 0.999956 0.000000 -0.114967 0.000000 0.000000 1.000000 0.000000
0.999944 -0.010591 0.000000 7.588725 0.010591 0.999944 0.000000 -0.124162 0.000000 0.000000 1.000000 0.000000
0.999947 -0.010267 0.000000 8.207992 0.010267 0.999947 0.000000 -0.129050 0.000000 0.000000 1.000000 0.000000
0.999958 -0.009155 0.000000 8.834411 0.009155 0.999958 0.000000 -0.135262 0.000000 0.000000 1.000000 0.000000
0.999948 -0.010177 0.000000 9.451392 0.010177 0.999948 0.000000 -0.150937 0.000000 0.000000 1.000000 0.000000
0.999956 -0.009336 0.000000 10.104540 0.009336 0.999956 0.000000 -0.157762 0.000000 0.000000 1.000000 0.000000
0.999951 -0.009936 0.000000 10.690158 0.009936 0.999951 0.000000 -0.167294 0.000000 0.000000 1.000000 0.000000
0.999953 -0.009720 0.000000 11.310906 0.009720 0.999953 0.000000 -0.174831 0.000000 0.000000 1.000000 0.000000
0.999959 -0.009047 0.000000 11.932281 0.009047 0.999959 0.000000 -0.189501 0.000000 0.000000 1.000000 0.000000
0.999943 -0.010663 0.000000 12.582283 0.010663 0.999943 0.000000 -0.200616 0.000000 0.000000 1.000000 0.000000
0.999929 -0.011923 0.000000 13.202505 0.011923 0.999929 0.000000 -0.208626 0.000000 0.000000 1.000000 0.000000
0.999918 -0.012798 0.000000 13.824496 0.012798 0.999918 0.000000 -0.215463 0.000000 0.000000 1.000000 0.000000
0.999906 -0.013680 0.000000 14.448851 0.013680 0.999906 0.000000 -0.226874 0.000000 0.000000 1.000000 0.000000
0.999920 -0.012654 0.000000 15.078194 0.012654 0.999920 0.000000 -0.236810 0.000000 0.000000 1.000000 0.000000
0.999887 -0.015049 0.000000 15.702061 0.015049 0.999887 0.000000 -0.242485 0.000000 0.000000 1.000000 0.000000
0.999884 -0.015251 0.000000 16.310391 0.015251 0.999884 0.000000 -0.248938 0.000000 0.000000 1.000000 0.000000
0.999859 -0.016797 0.000000 16.941955 0.016797 0.999859 0.000000 -0.253137 0.000000 0.000000 1.000000 0.000000
0.999886 -0.015119 0.000000 17.570229 0.015119 0.999886 0.000000 -0.253753 0.000000 0.000000 1.000000 0.000000
0.999914 -0.013146 0.000000 18.155841 0.013146 0.999914 0.000000 -0.255783 0.000000 0.000000 1.000000 0.000000
0.999880 -0.015507 0.000000 18.784931 0.015507 0.999880 0.000000 -0.269061 0.000000 0.000000 1.000000 0.000000
0.999841 -0.017851 0.000000 19.397526 0.017851 0.999841 0.000000 -0.273928 0.000000 0.000000 1.000000 0.000000
0.999810 -0.019498 0.000000 19.995910 0.019498 0.999810 0.000000 -0.280130 0.000000 0.000000 1.000000 0.000000
0.999813 -0.019355 0.000000 20.620657 0.019355 0.999813 0.000000 -0.282714 0.000000 0.000000 1.000000 0.000000
0.999823 -0.018837 0.000000 21.253488 0.018837 0.999823 0.000000 -0.291626 0.000000 0.000000 1.000000 0.000000
0.999826 -0.018633 0.000000 21.877464 0.018633 0.999826 0.000000 -0.300174 0.000000 0.000000 1.000000 0.000000
0.999855 -0.017053 0.000000 22.465502 0.017053 0.999855 0.000000 -0.303155 0.000000 0.000000 1.000000 0.000000
0.999919 -0.012756 0.000000 23.100982 0.012756 0.999919 0.000000 -0.313424 0.000000 0.000000 1.000000 0.000000
0.999941 -0.010830 0.000000 23.691750 0.010830 0.999941 0.000000 -0.323543 0.000000 0.000000 1.000000 0.000000
0.999945 -0.010520 0.000000 24.323562 0.010520 0.999945 0.000000 -0.334411 0.000000 0.000000 1.000000 0.000000
0.999933 -0.011617 0.000000 24.961234 0.011617 0.999933 0.000000 -0.345179 0.000000 0.000000 1.000000 0.000000
0.999920 -0.012669 0.000000 25.791229 0.012669 0.999920 0.000000 -0.363582 0.000000 0.000000 1.000000 0.000000
0.999928 -0.011967 0.000000 26.422887 0.011967 0.999928 0.000000 -0.368260 0.000000 0.000000 1.000000 0.000000
0.999938 -0.011146 0.000000 27.061889 0.011146 0.999938 0.000000 -0.365137 0.000000 0.000000 1.000000 0.000000
0.999947 -0.010277 0.000000 27.697170 0.010277 0.999947 0.000000 -0.368759 0.000000 0.000000 1.000000 0.000000
0.999954 -0.009541 0.000000 28.327996 0.009541 0.999954 0.000000 -0.375924 0.000000 0.000000 1.000000 0.000000
0.999938 -0.011141 0.000000 28.970403 0.011141 0.999938 0.000000 -0.385770 0.000000 0.000000 1.000000 0.000000
0.999957 -0.009278 0.000000 29.610424 0.009278 0.999957 0.000000 -0.389198 0.000000 0.000000 1.000000 0.000000
0.999970 -0.007731 0.000000 30.257115 0.007731 0.999970 0.000000 -0.399415 0.000000 0.000000 1.000000 0.000000
0.999986 -0.005365 0.000000 30.891570 0.005365 0.999986 0.000000 -0.403090 0.000000 0.000000 1.000000 0.000000
0.999986 -0.005218 0.000000 31.534582 0.005218 0.999986 0.000000 -0.413751 0.000000 0.000000 1.000000 0.000000
0.999995 -0.003063 0.000000 32.171026 0.003063 0.999995 0.000000 -0.418270 0.000000 0.000000 1.000000 0.000000
0.999990 -0.004524 0.000000 32.803765 0.004524 0.999990 0.000000 -0.431997 0.000000 0.000000 1.000000 0.000000
0.999993 -0.003627 0.000000 33.440113 0.003627 0.999993 0.000000 -0.442700 0.000000 0.000000 1.000000 0.000000
0.999996 -0.002710 0.000000 34.079583 0.002710 0.999996 0.000000 -0.451675 0.000000 0.000000 1.000000 0.000000
0.999993 -0.003833 0.000000 34.683389 0.003833 0.999993 0.000000 -0.468524 0.000000 0.000000 1.000000 0.000000
0.999997 -0.002539 0.000000 35.330398 0.002539 0.999997 0.000000 -0.480708 0.000000 0.000000 1.000000 0.000000
1.000000 0.000263 0.000000 35.961798 -0.000263 1.000000 -0.000000 -0.483863 -0.000000 0.000000 1.000000 0.000000
1.000000 -0.000011 0.000000 36.604388 0.000011 1.000000 0.000000 -0.498282 0.000000 0.000000 1.000000 0.000000
0.999998 -0.001859 0.000000 37.242404 0.001859 0.999998 0.000000 -0.509223 0.000000 0.000000 1.000000 0.000000
0.999999 -0.001167 0.000000 37.875122 0.001167 0.999999 0.000000 -0.513842 0.000000 0.000000 1.000000 0.000000
1.000000 0.000443 0.000000 38.517475 -0.000443 1.000000 -0.000000 -0.524931 -0.000000 0.000000 1.000000 0.000000
0.999999 0.001035 0.000000 39.164424 -0.001035 0.999999 -0.000000 -0.529951 -0.000000 0.000000 1.000000 0.000000
0.999999 0.001432 0.000000 39.815692 -0.001432 0.999999 -0.000000 -0.533349 -0.000000 0.000000 1.000000 0.000000
0.999994 0.003584 0.000000 40.455601 -0.003584 0.999994 -0.000000 -0.541890 -0.000000 0.000000 1.000000 0.000000
0.999993 0.003735 0.000000 41.104290 -0.003735 0.999993 -0.000000 -0.553282 -0.000000 0.000000 1.000000 0.000000
0.999998 0.001892 0.000000 41.715896 -0.001892 0.999998 -0.000000 -0.568611 -0.000000 0.000000 1.000000 0.000000
0.999990 0.004465 0.000000 42.374204 -0.004465 0.999990 -0.000000 -0.568324 -0.000000 0.000000 1.000000 0.000000
0.999985 0.005465 0.000000 43.035860 -0.005465 0.999985 -0.000000 -0.575201 -0.000000 0.000000 1.000000 0.000000
0.999971 0.007586 0.000000 43.700093 -0.007586 0.999971 -0.000000 -0.589443 -0.000000 0.000000 1.000000 0.000000
0.999994 0.003416 0.000000 44.358456 -0.003416 0.999994 -0.000000 -0.602723 -0.000000 0.000000 1.000000 0.000000
1.000000 0.000773 0.000000 45.013208 -0.000773 1.000000 -0.000000 -0.619938 -0.000000 0.000000 1.000000 0.000000
1.000000 0.000722 0.000000 45.628471 -0.000722 1.000000 -0.000000 -0.628230 -0.000000 0.000000 1.000000 0.000000
0.999999 0.001321 0.000000 46.286543 -0.001321 0.999999 -0.000000 -0.632771 -0.000000 0.000000 1.000000 0.000000
0.999993 0.003695 0.000000 46.941025 -0.003695 0.999993 -0.000000 -0.638481 -0.000000 0.000000 1.000000 0.000000
0.999990 0.004567 0.000000 47.600018 -0.004567 0.999990 -0.000000 -0.647363 -0.000000 0.000000 1.000000 0.000000
0.999994 0.003351 0.000000 48.254884 -0.003351 0.999994 -0.000000 -0.655905 -0.000000 0.000000 1.000000 0.000000
1.000000 0.000139 0.000000 48.909657 -0.000139 1.000000 -0.000000 -0.658681 -0.000000 0.000000 1.000000 0.000000
0.999998 0.001808 0.000000 49.933566 -0.001808 0.999998 -0.000000 -0.679007 -0.000000 0.000000 1.000000 0.000000
1.000000 -0.000744 0.000000 50.616240 0.000744 1.000000 0.000000 -0.684568 0.000000 0.000000 1.000000 0.000000
0.999998 0.002159 0.000000 51.248810 -0.002159 0.999998 -0.000000 -0.689855 -0.000000 0.000000 1.000000 0.000000
0.999999 0.001293 0.000000 51.908466 -0.001293 0.999999 -0.000000 -0.694951 -0.000000 0.000000 1.000000 0.000000
0.999999 0.001108 0.000000 52.570976 -0.001108 0.999999 -0.000000 -0.702455 -0.000000 0.000000 1.000000 0.000000
1.000000 0.000203 0.000000 53.228586 -0.000203 1.000000 -0.000000 -0.712249 -0.000000 0.000000 1.000000 0.000000
0.999999 0.001409 0.000000 53.881087 -0.001409 0.999999 -0.000000 -0.719442 -0.000000 0.000000 1.000000 0.000000
1.000000 0.000357 0.000000 54.528707 -0.000357 1.000000 -0.000000 -0.730239 -0.000000 0.000000 1.000000 0.000000
0.999999 -0.001234 0.000000 55.867708 0.001234 0.999999 0.000000 -0.741373 0.000000 0.000000 1.000000 0.000000
0.999999 -0.001533 0.000000 56.512736 0.001533 0.999999 0.000000 -0.738934 0.000000 0.000000 1.000000 0.000000
0.999987 -0.005155 0.000000 57.149653 0.005155 0.999987 0.000000 -0.738541 0.000000 0.000000 1.000000 0.000000
0.999988 -0.004873 0.000000 57.790167 0.004873 0.999988 0.000000 -0.736764 0.000000 0.000000 1.000000 0.000000
0.999997 -0.002631 0.000000 58.428433 0.002631 0.999997 0.000000 -0.737920 0.000000 0.000000 1.000000 0.000000
1.000000 -0.000503 0.000000 59.097179 0.000503 1.000000 0.000000 -0.741650 0.000000 0.000000 1.000000 0.000000
1.000000 0.000042 0.000000 59.733791 -0.000042 1.000000 -0.000000 -0.740463 -0.000000 0.000000 1.000000 0.000000
0.999999 0.001258 0.000000 60.342650 -0.001258 0.999999 -0.000000 -0.740937 -0.000000 0.000000 1.000000 0.000000
1.000000 0.000915 0.000000 60.965414 -0.000915 1.000000 -0.000000 -0.747643 -0.000000 0.000000 1.000000 0.000000
0.999999 0.001436 0.000000 61.551901 -0.001436 0.999999 -0.000000 -0.756088 -0.000000 0.000000 1.000000 0.000000
0.999997 0.002379 0.000000 62.179021 -0.002379 0.999997 -0.000000 -0.768514 -0.000000 0.000000 1.000000 0.000000
0.999994 0.003534 0.000000 62.806020 -0.003534 0.999994 -0.000000 -0.784635 -0.000000 0.000000 1.000000 0.000000
0.999993 0.003786 0.000000 63.385857 -0.003786 0.999993 -0.000000 -0.797614 -0.000000 0.000000 1.000000 0.000000
0.999987 0.005077 0.000000 64.001692 -0.005077 0.999987 -0.000000 -0.811515 -0.000000 0.000000 1.000000 0.000000
0.999995 0.003089 0.000000 64.610307 -0.003089 0.999995 -0.000000 -0.831352 -0.000000 0.000000 1.000000 0.000000
0.999995 0.003205 0.000000 65.181072 -0.003205 0.999995 -0.000000 -0.852576 -0.000000 0.000000 1.000000 0.000000
0.999998 0.001926 0.000000 65.788951 -0.001926 0.999998 -0.000000 -0.872655 -0.000000 0.000000 1.000000 0.000000
0.999998 0.002077 0.000000 66.359153 -0.002077 0.999998 -0.000000 -0.882556 -0.000000 0.000000 1.000000 0.000000
0.999985 0.005522 0.000000 66.969122 -0.005522 0.999985 -0.000000 -0.893116 -0.000000 0.000000 1.000000 0.000000
0.999981 0.006151 0.000000 67.575217 -0.006151 0.999981 -0.000000 -0.906766 -0.000000 0.000000 1.000000 0.000000
0.999979 0.006467 0.000000 68.413154 -0.006467 0.999979 -0.000000 -0.929968 -0.000000 0.000000 1.000000 0.000000
0.999969 0.007830 0.000000 69.008676 -0.007830 0.999969 -0.000000 -0.942893 -0.000000 0.000000 1.000000 0.000000
0.999960 0.008933 0.000000 69.608540 -0.008933 0.999960 -0.000000 -0.960622 -0.000000 0.000000 1.000000 0.000000
0.999970 0.007735 0.000000 70.204288 -0.007735 0.999970 -0.000000 -0.971851 -0.000000 0.000000 1.000000 0.000000
0.999973 0.007320 0.000000 70.800011 -0.007320 0.999973 -0.000000 -0.980258 -0.000000 0.000000 1.000000 0.000000
0.999987 0.005003 0.000000 71.389698 -0.005003 0.999987 -0.000000 -0.985963 -0.000000 0.000000 1.000000 0.000000
0.999995 0.003256 0.000000 72.021918 -0.003256 0.999995 -0.000000 -0.995285 -0.000000 0.000000 1.000000 0.000000
0.999996 0.002986 0.000000 72.614130 -0.002986 0.999996 -0.000000 -1.000739 -0.000000 0.000000 1.000000 0.000000
0.999998 0.002044 0.000000 73.207146 -0.002044 0.999998 -0.000000 -1.011239 -0.000000 0.000000 1.000000 0.000000
0.999987 0.005038 0.000000 74.390568 -0.005038 0.999987 -0.000000 -1.042296 -0.000000 0.000000 1.000000 0.000000
0.999994 0.003510 0.000000 74.974537 -0.003510 0.999994 -0.000000 -1.052937 -0.000000 0.000000 1.000000 0.000000
0.999983 0.005799 0.000000 75.558180 -0.005799 0.999983 -0.000000 -1.062813 -0.000000 0.000000 1.000000 0.000000
0.999981 0.006113 0.000000 76.139317 -0.006113 0.999981 -0.000000 -1.085459 -0.000000 0.000000 1.000000 0.000000
0.999981 0.006092 0.000000 76.725733 -0.006092 0.999981 -0.000000 -1.098404 -0.000000 0.000000 1.000000 0.000000
0.999968 0.007980 0.000000 77.308042 -0.007980 0.999968 -0.000000 -1.111765 -0.000000 0.000000 1.000000 0.000000
0.999976 0.006914 0.000000 77.881953 -0.006914 0.999976 -0.000000 -1.132381 -0.000000 0.000000 1.000000 0.000000
0.999988 0.004943 0.000000 78.450068 -0.004943 0.999988 -0.000000 -1.141871 -0.000000 0.000000 1.000000 0.000000
0.999990 0.004536 0.000000 79.011717 -0.004536 0.999990 -0.000000 -1.155551 -0.000000 0.000000 1.000000 0.000000
0.999980 0.006282 0.000000 79.568316 -0.006282 0.999980 -0.000000 -1.170321 -0.000000 0.000000 1.000000 0.000000
0.999982 0.006079 0.000000 80.120427 -0.006079 0.999982 -0.000000 -1.184899 -0.000000 0.000000 1.000000 0.000000
0.999984 0.005703 0.000000 80.663756 -0.005703 0.999984 -0.000000 -1.200741 -0.000000 0.000000 1.000000 0.000000
0.999983 0.005850 0.000000 81.200515 -0.005850 0.999983 -0.000000 -1.218067 -0.000000 0.000000 1.000000 0.000000
0.999970 0.007753 0.000000 81.710982 -0.007753 0.999970 -0.000000 -1.230299 -0.000000 0.000000 1.000000 0.000000
0.999956 0.009408 0.000000 82.253537 -0.009408 0.999956 -0.000000 -1.238608 -0.000000 0.000000 1.000000 0.000000
0.999926 0.012189 0.000000 82.774988 -0.012189 0.999926 -0.000000 -1.251881 -0.000000 0.000000 1.000000 0.000000
0.999891 0.014787 0.000000 83.281207 -0.014787 0.999891 -0.000000 -1.259105 -0.000000 0.000000 1.000000 0.000000
0.999886 0.015068 0.000000 83.818926 -0.015068 0.999886 -0.000000 -1.281355 -0.000000 0.000000 1.000000 0.000000
0.999893 0.014628 0.000000 84.344973 -0.014628 0.999893 -0.000000 -1.303229 -0.000000 0.000000 1.000000 0.000000
0.999893 0.014617 0.000000 84.834776 -0.014617 0.999893 -0.000000 -1.321695 -0.000000 0.000000 1.000000 0.000000
0.999881 0.015455 0.000000 85.363603 -0.015455 0.999881 -0.000000 -1.349374 -0.000000 0.000000 1.000000 0.000000
0.999837 0.018039 0.000000 85.877649 -0.018039 0.999837 -0.000000 -1.375152 -0.000000 0.000000 1.000000 0.000000
0.999854 0.017077 0.000000 86.361716 -0.017077 0.999854 -0.000000 -1.395686 -0.000000 0.000000 1.000000 0.000000
0.999849 0.017367 0.000000 86.879796 -0.017367 0.999849 -0.000000 -1.415671 -0.000000 0.000000 1.000000 0.000000
0.999827 0.018616 0.000000 87.389705 -0.018616 0.999827 -0.000000 -1.434046 -0.000000 0.000000 1.000000 0.000000
0.999790 0.020477 0.000000 87.868020 -0.020477 0.999790 -0.000000 -1.455799 -0.000000 0.000000 1.000000 0.000000
0.999775 0.021193 0.000000 88.377136 -0.021193 0.999775 -0.000000 -1.485819 -0.000000 0.000000 1.000000 0.000000
0.999765 0.021686 0.000000 88.857777 -0.021686 0.999765 -0.000000 -1.511136 -0.000000 0.000000 1.000000 0.000000
0.999715 0.023894 0.000000 89.367033 -0.023894 0.999715 -0.000000 -1.537402 -0.000000 0.000000 1.000000 0.000000
0.999705 0.024269 0.000000 90.033959 -0.024269 0.999705 -0.000000 -1.570918 -0.000000 0.000000 1.000000 0.000000
0.999611 0.027901 0.000000 90.529501 -0.027901 0.999611 -0.000000 -1.584387 -0.000000 0.000000 1.000000 0.000000
0.999555 0.029828 0.000000 91.026679 -0.029828 0.999555 -0.000000 -1.603114 -0.000000 0.000000 1.000000 0.000000
0.999525 0.030831 0.000000 91.516844 -0.030831 0.999525 -0.000000 -1.621494 -0.000000 0.000000 1.000000 0.000000
0.999540 0.030326 0.000000 91.999826 -0.030326 0.999540 -0.000000 -1.646403 -0.000000 0.000000 1.000000 0.000000
0.999566 0.029446 0.000000 92.481841 -0.029446 0.999566 -0.000000 -1.675954 -0.000000 0.000000 1.000000 0.000000
0.999523 0.030874 0.000000 92.953279 -0.030874 0.999523 -0.000000 -1.703162 -0.000000 0.000000 1.000000 0.000000
0.999406 0.034469 0.000000 93.911092 -0.034469 0.999406 -0.000000 -1.767980 -0.000000 0.000000 1.000000 0.000000
0.999347 0.036128 0.000000 94.379107 -0.036128 0.999347 -0.000000 -1.804877 -0.000000 0.000000 1.000000 0.000000
0.999219 0.039515 0.000000 94.843046 -0.039515 0.999219 -0.000000 -1.835285 -0.000000 0.000000 1.000000 0.000000
0.999140 0.041474 0.000000 95.309932 -0.041474 0.999140 -0.000000 -1.877213 -0.000000 0.000000 1.000000 0.000000
0.999087 0.042732 0.000000 95.780240 -0.042732 0.999087 -0.000000 -1.919176 -0.000000 0.000000 1.000000 0.000000
0.998942 0.045993 0.000000 96.242386 -0.045993 0.998942 -0.000000 -1.954047 -0.000000 0.000000 1.000000 0.000000
0.998853 0.047879 0.000000 96.709668 -0.047879 0.998853 -0.000000 -2.000497 -0.000000 0.000000 1.000000 0.000000
0.998654 0.051866 0.000000 97.171571 -0.051866 0.998654 -0.000000 -2.040084 -0.000000 0.000000 1.000000 0.000000
0.998497 0.054798 0.000000 97.629428 -0.054798 0.998497 -0.000000 -2.079238 -0.000000 0.000000 1.000000 0.000000
0.998333 0.057721 0.000000 98.084974 -0.057721 0.998333 -0.000000 -2.121146 -0.000000 0.000000 1.000000 0.000000
0.998177 0.060355 0.000000 98.507706 -0.060355 0.998177 -0.000000 -2.163449 -0.000000 0.000000 1.000000 0.000000
0.998045 0.062506 0.000000 98.950761 -0.062506 0.998045 -0.000000 -2.205595 -0.000000 0.000000 1.000000 0.000000
0.997833 0.065792 0.000000 99.391244 -0.065792 0.997833 -0.000000 -2.247581 -0.000000 0.000000 1.000000 0.000000
0.997784 0.066537 0.000000 99.829052 -0.066537 0.997784 -0.000000 -2.299901 -0.000000 0.000000 1.000000 0.000000
0.997549 0.069966 0.000000 100.252606 -0.069966 0.997549 -0.000000 -2.348115 -0.000000 0.000000 1.000000 0.000000
0.997403 0.072022 0.000000 100.676932 -0.072022 0.997403 -0.000000 -2.386129 -0.000000 0.000000 1.000000 0.000000
0.996802 0.079910 0.000000 101.101726 -0.079910 0.996802 -0.000000 -2.426341 -0.000000 0.000000 1.000000 0.000000
0.996583 0.082592 0.000000 101.510766 -0.082592 0.996583 -0.000000 -2.467754 -0.000000 0.000000 1.000000 0.000000
0.996305 0.085884 0.000000 101.917086 -0.085884 0.996305 -0.000000 -2.512998 -0.000000 0.000000 1.000000 0.000000
0.996306 0.085878 0.000000 102.328030 -0.085878 0.996306 -0.000000 -2.560071 -0.000000 0.000000 1.000000 0.000000
0.996018 0.089154 0.000000 102.718158 -0.089154 0.996018 -0.000000 -2.609203 -0.000000 0.000000 1.000000 0.000000
0.996096 0.088272 0.000000 103.114173 -0.088272 0.996096 -0.000000 -2.664828 -0.000000 0.000000 1.000000 0.000000
0.995468 0.095101 0.000000 103.498772 -0.095101 0.995468 -0.000000 -2.710103 -0.000000 0.000000 1.000000 0.000000
0.995111 0.098762 0.000000 103.899534 -0.098762 0.995111 -0.000000 -2.759369 -0.000000 0.000000 1.000000 0.000000
0.995163 0.098236 0.000000 104.288214 -0.098236 0.995163 -0.000000 -2.812331 -0.000000 0.000000 1.000000 0.000000
0.994822 0.101628 0.000000 104.662044 -0.101628 0.994822 -0.000000 -2.856420 -0.000000 0.000000 1.000000 0.000000
0.994383 0.105840 0.000000 105.067506 -0.105840 0.994383 -0.000000 -2.909717 -0.000000 0.000000 1.000000 0.000000
0.993871 0.110545 0.000000 105.465184 -0.110545 0.993871 -0.000000 -2.961277 -0.000000 0.000000 1.000000 0.000000
0.993457 0.114208 0.000000 106.027733 -0.114208 0.993457 -0.000000 -3.048637 -0.000000 0.000000 1.000000 0.000000
0.993165 0.116715 0.000000 106.435651 -0.116715 0.993165 -0.000000 -3.108538 -0.000000 0.000000 1.000000 0.000000
0.992896 0.118987 0.000000 106.841892 -0.118987 0.992896 -0.000000 -3.173811 -0.000000 0.000000 1.000000 0.000000
0.992625 0.121226 0.000000 107.258900 -0.121226 0.992625 -0.000000 -3.236817 -0.000000 0.000000 1.000000 0.000000
0.992321 0.123692 0.000000 107.673092 -0.123692 0.992321 -0.000000 -3.307760 -0.000000 0.000000 1.000000 0.000000
0.992261 0.124170 0.000000 108.088298 -0.124170 0.992261 -0.000000 -3.372938 -0.000000 0.000000 1.000000 0.000000
0.992171 0.124886 0.000000 108.508944 -0.124886 0.992171 -0.000000 -3.442096 -0.000000 0.000000 1.000000 0.000000
0.991820 0.127645 0.000000 108.928116 -0.127645 0.991820 -0.000000 -3.511817 -0.000000 0.000000 1.000000 0.000000
0.990894 0.134642 0.000000 109.660296 -0.134642 0.990894 -0.000000 -3.634645 -0.000000 0.000000 1.000000 0.000000
0.990835 0.135076 0.000000 110.081365 -0.135076 0.990835 -0.000000 -3.714860 -0.000000 0.000000 1.000000 0.000000
0.990952 0.134220 0.000000 110.508780 -0.134220 0.990952 -0.000000 -3.792103 -0.000000 0.000000 1.000000 0.000000
0.991029 0.133650 0.000000 110.932675 -0.133650 0.991029 -0.000000 -3.868824 -0.000000 0.000000 1.000000 0.000000
0.991135 0.132856 0.000000 111.366885 -0.132856 0.991135 -0.000000 -3.934614 -0.000000 0.000000 1.000000 0.000000
0.990653 0.136410 0.000000 111.801760 -0.136410 0.990653 -0.000000 -3.993338 -0.000000 0.000000 1.000000 0.000000
0.990802 0.135322 0.000000 112.236172 -0.135322 0.990802 -0.000000 -4.067018 -0.000000 0.000000 1.000000 0.000000
0.990868 0.134839 0.000000 112.677209 -0.134839 0.990868 -0.000000 -4.136082 -0.000000 0.000000 1.000000 0.000000
0.990819 0.135192 0.000000 113.120769 -0.135192 0.990819 -0.000000 -4.207781 -0.000000 0.000000 1.000000 0.000000
0.990623 0.136625 0.000000 113.569844 -0.136625 0.990623 -0.000000 -4.283185 -0.000000 0.000000 1.000000 0.000000
0.990039 0.140794 0.000000 114.015548 -0.140794 0.990039 -0.000000 -4.361774 -0.000000 0.000000 1.000000 0.000000
0.989996 0.141098 0.000000 114.840488 -0.141098 0.989996 -0.000000 -4.501858 -0.000000 0.000000 1.000000 0.000000
0.990033 0.140833 0.000000 115.293915 -0.140833 0.990033 -0.000000 -4.581733 -0.000000 0.000000 1.000000 0.000000
0.989862 0.142032 0.000000 115.750476 -0.142032 0.989862 -0.000000 -4.659025 -0.000000 0.000000 1.000000 0.000000
0.989603 0.143824 0.000000 116.211827 -0.143824 0.989603 -0.000000 -4.747827 -0.000000 0.000000 1.000000 0.000000
0.989267 0.146118 0.000000 116.671150 -0.146118 0.989267 -0.000000 -4.836210 -0.000000 0.000000 1.000000 0.000000
0.989099 0.147254 0.000000 117.131165 -0.147254 0.989099 -0.000000 -4.926635 -0.000000 0.000000 1.000000 0.000000
0.988934 0.148355 0.000000 117.593588 -0.148355 0.988934 -0.000000 -5.014279 -0.000000 0.000000 1.000000 0.000000
0.988388 0.151953 0.000000 118.059039 -0.151953 0.988388 -0.000000 -5.101721 -0.000000 0.000000 1.000000 0.000000
0.987778 0.155867 0.000000 118.557374 -0.155867 0.987778 -0.000000 -5.193802 -0.000000 0.000000 1.000000 0.000000
0.987242 0.159229 0.000000 118.997867 -0.159229 0.987242 -0.000000 -5.277781 -0.000000 0.000000 1.000000 0.000000
0.987246 0.159204 0.000000 119.496867 -0.159204 0.987246 -0.000000 -5.377681 -0.000000 0.000000 1.000000 0.000000
0.987032 0.160523 0.000000 119.969991 -0.160523 0.987032 -0.000000 -5.471925 -0.000000 0.000000 1.000000 0.000000
0.986679 0.162678 0.000000 120.440558 -0.162678 0.986679 -0.000000 -5.564897 -0.000000 0.000000 1.000000 0.000000
0.987029 0.160542 0.000000 120.909441 -0.160542 0.987029 -0.000000 -5.665965 -0.000000 0.000000 1.000000 0.000000
0.986512 0.163691 0.000000 121.382611 -0.163691 0.986512 -0.000000 -5.751243 -0.000000 0.000000 1.000000 0.000000
0.986173 0.165720 0.000000 121.853370 -0.165720 0.986173 -0.000000 -5.846228 -0.000000 0.000000 1.000000 0.000000
0.985601 0.169089 0.000000 122.324588 -0.169089 0.985601 -0.000000 -5.943658 -0.000000 0.000000 1.000000 0.000000
0.984540 0.175160 0.000000 122.799426 -0.175160 0.984540 -0.000000 -6.037968 -0.000000 0.000000 1.000000 0.000000
0.984254 0.176760 0.000000 123.249486 -0.176760 0.984254 -0.000000 -6.131905 -0.000000 0.000000 1.000000 0.000000
0.984155 0.177312 0.000000 123.726874 -0.177312 0.984155 -0.000000 -6.230134 -0.000000 0.000000 1.000000 0.000000
0.983815 0.179188 0.000000 124.201862 -0.179188 0.983815 -0.000000 -6.331706 -0.000000 0.000000 1.000000 0.000000
0.983695 0.179845 0.000000 124.989545 -0.179845 0.983695 -0.000000 -6.497745 -0.000000 0.000000 1.000000 0.000000
0.983676 0.179948 0.000000 125.475129 -0.179948 0.983676 -0.000000 -6.601270 -0.000000 0.000000 1.000000 0.000000
0.985796 0.167950 0.000000 126.444885 -0.167950 0.985796 -0.000000 -6.808844 -0.000000 0.000000 1.000000 0.000000
0.985797 0.167944 0.000000 126.941867 -0.167944 0.985797 -0.000000 -6.904090 -0.000000 0.000000 1.000000 0.000000
0.985941 0.167094 0.000000 127.438917 -0.167094 0.985941 -0.000000 -7.002639 -0.000000 0.000000 1.000000 0.000000
0.985832 0.167734 0.000000 127.938116 -0.167734 0.985832 -0.000000 -7.094955 -0.000000 0.000000 1.000000 0.000000
0.986063 0.166374 0.000000 128.435736 -0.166374 0.986063 -0.000000 -7.192332 -0.000000 0.000000 1.000000 0.000000
0.985829 0.167755 0.000000 128.937769 -0.167755 0.985829 -0.000000 -7.284809 -0.000000 0.000000 1.000000 0.000000
0.985805 0.167896 0.000000 129.474580 -0.167896 0.985805 -0.000000 -7.390435 -0.000000 0.000000 1.000000 0.000000
0.985329 0.170667 0.000000 129.961901 -0.170667 0.985329 -0.000000 -7.483362 -0.000000 0.000000 1.000000 0.000000
0.985012 0.172486 0.000000 130.471754 -0.172486 0.985012 -0.000000 -7.581872 -0.000000 0.000000 1.000000 0.000000
0.985126 0.171831 0.000000 130.990043 -0.171831 0.985126 -0.000000 -7.677763 -0.000000 0.000000 1.000000 0.000000
0.985729 0.168341 0.000000 131.474555 -0.168341 0.985729 -0.000000 -7.782060 -0.000000 0.000000 1.000000 0.000000
0.985672 0.168674 0.000000 131.991592 -0.168674 0.985672 -0.000000 -7.879536 -0.000000 0.000000 1.000000 0.000000
0.985645 0.168832 0.000000 132.517634 -0.168832 0.985645 -0.000000 -7.979304 -0.000000 0.000000 1.000000 0.000000
0.985227 0.171253 0.000000 133.010336 -0.171253 0.985227 -0.000000 -8.066810 -0.000000 0.000000 1.000000 0.000000
0.985843 0.167672 0.000000 133.531428 -0.167672 0.985843 -0.000000 -8.163851 -0.000000 0.000000 1.000000 0.000000
0.985226 0.171257 0.000000 134.062909 -0.171257 0.985226 -0.000000 -8.271927 -0.000000 0.000000 1.000000 0.000000
0.984837 0.173480 0.000000 134.685802 -0.173480 0.984837 -0.000000 -8.389544 -0.000000 0.000000 1.000000 0.000000
0.984543 0.175141 0.000000 135.246699 -0.175141 0.984543 -0.000000 -8.495414 -0.000000 0.000000 1.000000 0.000000
0.984056 0.177860 0.000000 135.739067 -0.177860 0.984056 -0.000000 -8.584519 -0.000000 0.000000 1.000000 0.000000
0.983950 0.178446 0.000000 136.267439 -0.178446 0.983950 -0.000000 -8.693182 -0.000000 0.000000 1.000000 0.000000
0.983009 0.183559 0.000000 136.798712 -0.183559 0.983009 -0.000000 -8.803109 -0.000000 0.000000 1.000000 0.000000
0.982535 0.186078 0.000000 137.333722 -0.186078 0.982535 -0.000000 -8.914945 -0.000000 0.000000 1.000000 0.000000
0.981477 0.191578 0.000000 141.135666 -0.191578 0.981477 -0.000000 -9.757459 -0.000000 0.000000 1.000000 0.000000
0.981696 0.190454 0.000000 141.651771 -0.190454 0.981696 -0.000000 -9.867640 -0.000000 0.000000 1.000000 0.000000
0.982538 0.186064 0.000000 142.802427 -0.186064 0.982538 -0.000000 -10.119566 -0.000000 0.000000 1.000000 0.000000
0.981471 0.191610 0.000000 143.918862 -0.191610 0.981471 -0.000000 -10.377200 -0.000000 0.000000 1.000000 0.000000
0.981275 0.192612 0.000000 144.479595 -0.192612 0.981275 -0.000000 -10.506199 -0.000000 0.000000 1.000000 0.000000
0.981061 0.193699 0.000000 145.039671 -0.193699 0.981061 -0.000000 -10.637696 -0.000000 0.000000 1.000000 0.000000
0.980896 0.194531 0.000000 145.610627 -0.194531 0.980896 -0.000000 -10.767339 -0.000000 0.000000 1.000000 0.000000
0.981035 0.193830 0.000000 146.174570 -0.193830 0.981035 -0.000000 -10.910246 -0.000000 0.000000 1.000000 0.000000
0.981720 0.190331 0.000000 146.747848 -0.190331 0.981720 -0.000000 -11.046916 -0.000000 0.000000 1.000000 0.000000
0.981024 0.193888 0.000000 147.324104 -0.193888 0.981024 -0.000000 -11.178890 -0.000000 0.000000 1.000000 0.000000
0.980933 0.194345 0.000000 147.899232 -0.194345 0.980933 -0.000000 -11.311381 -0.000000 0.000000 1.000000 0.000000
0.981099 0.193504 0.000000 148.470346 -0.193504 0.981099 -0.000000 -11.456693 -0.000000 0.000000 1.000000 0.000000
0.980929 0.194364 0.000000 149.382114 -0.194364 0.980929 -0.000000 -11.675729 -0.000000 0.000000 1.000000 0.000000
0.980103 0.198490 0.000000 149.959275 -0.198490 0.980103 -0.000000 -11.808288 -0.000000 0.000000 1.000000 0.000000
0.980346 0.197286 0.000000 150.522316 -0.197286 0.980346 -0.000000 -11.959393 -0.000000 0.000000 1.000000 0.000000
0.979720 0.200373 0.000000 151.099280 -0.200373 0.979720 -0.000000 -12.094193 -0.000000 0.000000 1.000000 0.000000
0.979193 0.202929 0.000000 151.713498 -0.202929 0.979193 -0.000000 -12.242785 -0.000000 0.000000 1.000000 0.000000
0.978662 0.205476 0.000000 152.239025 -0.205476 0.978662 -0.000000 -12.371790 -0.000000 0.000000 1.000000 0.000000
0.978491 0.206290 0.000000 152.845992 -0.206290 0.978491 -0.000000 -12.526166 -0.000000 0.000000 1.000000 0.000000
0.978555 0.205986 0.000000 153.411374 -0.205986 0.978555 -0.000000 -12.670748 -0.000000 0.000000 1.000000 0.000000
0.978591 0.205815 0.000000 153.986448 -0.205815 0.978591 -0.000000 -12.808229 -0.000000 0.000000 1.000000 0.000000
0.978668 0.205449 0.000000 154.555255 -0.205449 0.978668 -0.000000 -12.938633 -0.000000 0.000000 1.000000 0.000000
0.978730 0.205152 0.000000 155.121083 -0.205152 0.978730 -0.000000 -13.071732 -0.000000 0.000000 1.000000 0.000000
0.979118 0.203293 0.000000 155.680454 -0.203293 0.979118 -0.000000 -13.207664 -0.000000 0.000000 1.000000 0.000000
0.979417 0.201846 0.000000 156.247802 -0.201846 0.979417 -0.000000 -13.336141 -0.000000 0.000000 1.000000 0.000000
0.979423 0.201817 0.000000 156.809723 -0.201817 0.979423 -0.000000 -13.458923 -0.000000 0.000000 1.000000 0.000000
0.979814 0.199910 0.000000 157.380554 -0.199910 0.979814 -0.000000 -13.591431 -0.000000 0.000000 1.000000 0.000000
0.979180 0.202993 0.000000 157.947271 -0.202993 0.979180 -0.000000 -13.715344 -0.000000 0.000000 1.000000 0.000000
0.978701 0.205292 0.000000 159.082659 -0.205292 0.978701 -0.000000 -13.978053 -0.000000 0.000000 1.000000 0.000000
0.978493 0.206282 0.000000 159.645134 -0.206282 0.978493 -0.000000 -14.109194 -0.000000 0.000000 1.000000 0.000000
0.978560 0.205962 0.000000 160.174861 -0.205962 0.978560 -0.000000 -14.233871 -0.000000 0.000000 1.000000 0.000000
0.978207 0.207632 0.000000 160.761739 -0.207632 0.978207 -0.000000 -14.367274 -0.000000 0.000000 1.000000 0.000000
0.977794 0.209571 0.000000 161.315866 -0.209571 0.977794 -0.000000 -14.494568 -0.000000 0.000000 1.000000 0.000000
0.978125 0.208016 0.000000 162.419037 -0.208016 0.978125 -0.000000 -14.757977 -0.000000 0.000000 1.000000 0.000000
0.978310 0.207146 0.000000 162.982174 -0.207146 0.978310 -0.000000 -14.889693 -0.000000 0.000000 1.000000 0.000000
0.978044 0.208397 0.000000 163.514498 -0.208397 0.978044 -0.000000 -15.021451 -0.000000 0.000000 1.000000 0.000000
0.977918 0.208990 0.000000 164.080884 -0.208990 0.977918 -0.000000 -15.154387 -0.000000 0.000000 1.000000 0.000000
0.978308 0.207154 0.000000 164.654054 -0.207154 0.978308 -0.000000 -15.288438 -0.000000 0.000000 1.000000 0.000000
0.978073 0.208262 0.000000 165.192032 -0.208262 0.978073 -0.000000 -15.406135 -0.000000 0.000000 1.000000 0.000000
0.977596 0.210488 0.000000 165.950964 -0.210488 0.977596 -0.000000 -15.571905 -0.000000 0.000000 1.000000 0.000000
0.976658 0.214798 0.000000 166.517954 -0.214798 0.976658 -0.000000 -15.692431 -0.000000 0.000000 1.000000 0.000000
0.976410 0.215924 0.000000 167.086913 -0.215924 0.976410 -0.000000 -15.821998 -0.000000 0.000000 1.000000 0.000000
0.975270 0.221015 0.000000 167.694553 -0.221015 0.975270 -0.000000 -15.955665 -0.000000 0.000000 1.000000 0.000000
0.975271 0.221011 0.000000 168.230709 -0.221011 0.975271 -0.000000 -16.081190 -0.000000 0.000000 1.000000 0.000000
0.975874 0.218333 0.000000 168.838570 -0.218333 0.975874 -0.000000 -16.236278 -0.000000 0.000000 1.000000 0.000000
0.975032 0.222064 0.000000 169.412916 -0.222064 0.975032 -0.000000 -16.365447 -0.000000 0.000000 1.000000 0.000000
0.975535 0.219845 0.000000 169.989383 -0.219845 0.975535 -0.000000 -16.499385 -0.000000 0.000000 1.000000 0.000000
0.974560 0.224125 0.000000 170.573183 -0.224125 0.974560 -0.000000 -16.632505 -0.000000 0.000000 1.000000 0.000000
0.975252 0.221097 0.000000 171.139541 -0.221097 0.975252 -0.000000 -16.780308 -0.000000 0.000000 1.000000 0.000000
0.975592 0.219591 0.000000 171.715128 -0.219591 0.975592 -0.000000 -16.915362 -0.000000 0.000000 1.000000 0.000000
0.975591 0.219594 0.000000 172.284440 -0.219594 0.975591 -0.000000 -17.057220 -0.000000 0.000000 1.000000 0.000000
0.976868 0.213845 0.000000 172.859609 -0.213845 0.976868 -0.000000 -17.209597 -0.000000 0.000000 1.000000 0.000000
0.977933 0.208920 0.000000 173.435219 -0.208920 0.977933 -0.000000 -17.357823 -0.000000 0.000000 1.000000 0.000000
0.977900 0.209074 0.000000 174.013005 -0.209074 0.977900 -0.000000 -17.490508 -0.000000 0.000000 1.000000 0.000000
0.977528 0.210806 0.000000 174.584920 -0.210806 0.977528 -0.000000 -17.630592 -0.000000 0.000000 1.000000 0.000000
0.977336 0.211692 0.000000 175.163825 -0.211692 0.977336 -0.000000 -17.769357 -0.000000 0.000000 1.000000 0.000000
0.977078 0.212880 0.000000 175.704647 -0.212880 0.977078 -0.000000 -17.899740 -0.000000 0.000000 1.000000 0.000000
0.976948 0.213478 0.000000 176.317772 -0.213478 0.976948 -0.000000 -18.048236 -0.000000 0.000000 1.000000 0.000000
0.977262 0.212037 0.000000 176.854867 -0.212037 0.977262 -0.000000 -18.172082 -0.000000 0.000000 1.000000 0.000000
0.977019 0.213152 0.000000 177.431506 -0.213152 0.977019 -0.000000 -18.312381 -0.000000 0.000000 1.000000 0.000000
0.976732 0.214464 0.000000 178.009490 -0.214464 0.976732 -0.000000 -18.445940 -0.000000 0.000000 1.000000 0.000000
0.976069 0.217462 0.000000 178.589660 -0.217462 0.976069 -0.000000 -18.589605 -0.000000 0.000000 1.000000 0.000000
0.974352 0.225028 0.000000 179.167835 -0.225028 0.974352 -0.000000 -18.733568 -0.000000 0.000000 1.000000 0.000000
0.974291 0.225292 0.000000 179.744530 -0.225292 0.974291 -0.000000 -18.874130 -0.000000 0.000000 1.000000 0.000000
0.974429 0.224695 0.000000 180.328616 -0.224695 0.974429 -0.000000 -19.015581 -0.000000 0.000000 1.000000 0.000000
0.974531 0.224254 0.000000 180.910269 -0.224254 0.974531 -0.000000 -19.155711 -0.000000 0.000000 1.000000 0.000000
0.974451 0.224599 0.000000 181.497931 -0.224599 0.974451 -0.000000 -19.292738 -0.000000 0.000000 1.000000 0.000000
0.974094 0.226143 0.000000 182.086798 -0.226143 0.974094 -0.000000 -19.429569 -0.000000 0.000000 1.000000 0.000000
0.974532 0.224248 0.000000 182.660637 -0.224248 0.974532 -0.000000 -19.573324 -0.000000 0.000000 1.000000 0.000000
0.974644 0.223761 0.000000 183.238297 -0.223761 0.974644 -0.000000 -19.719787 -0.000000 0.000000 1.000000 0.000000
0.974157 0.225871 0.000000 183.815140 -0.225871 0.974157 -0.000000 -19.862815 -0.000000 0.000000 1.000000 0.000000
0.974044 0.226359 0.000000 184.359222 -0.226359 0.974044 -0.000000 -19.995270 -0.000000 0.000000 1.000000 0.000000
0.974176 0.225790 0.000000 184.930459 -0.225790 0.974176 -0.000000 -20.142845 -0.000000 0.000000 1.000000 0.000000
0.974141 0.225940 0.000000 185.508888 -0.225940 0.974141 -0.000000 -20.288978 -0.000000 0.000000 1.000000 0.000000
0.974102 0.226109 0.000000 186.062637 -0.226109 0.974102 -0.000000 -20.429699 -0.000000 0.000000 1.000000 0.000000
0.974723 0.223417 0.000000 186.629475 -0.223417 0.974723 -0.000000 -20.574188 -0.000000 0.000000 1.000000 0.000000
0.974371 0.224948 0.000000 187.200846 -0.224948 0.974371 -0.000000 -20.721973 -0.000000 0.000000 1.000000 0.000000
0.975196 0.221343 0.000000 187.737519 -0.221343 0.975196 -0.000000 -20.863609 -0.000000 0.000000 1.000000 0.000000
0.975286 0.220945 0.000000 188.304014 -0.220945 0.975286 -0.000000 -21.008884 -0.000000 0.000000 1.000000 0.000000
0.974538 0.224220 0.000000 188.877451 -0.224220 0.974538 -0.000000 -21.148199 -0.000000 0.000000 1.000000 0.000000
0.974581 0.224035 0.000000 189.414164 -0.224035 0.974581 -0.000000 -21.280624 -0.000000 0.000000 1.000000 0.000000
0.974112 0.226067 0.000000 189.992260 -0.226067 0.974112 -0.000000 -21.426393 -0.000000 0.000000 1.000000 0.000000
0.973778 0.227502 0.000000 190.559131 -0.227502 0.973778 -0.000000 -21.566983 -0.000000 0.000000 1.000000 0.000000
0.973522 0.228593 0.000000 191.382597 -0.228593 0.973522 -0.000000 -21.790594 -0.000000 0.000000 1.000000 0.000000
0.973055 0.230571 0.000000 191.949639 -0.230571 0.973055 -0.000000 -21.930714 -0.000000 0.000000 1.000000 0.000000
0.972791 0.231684 0.000000 192.520151 -0.231684 0.972791 -0.000000 -22.073128 -0.000000 0.000000 1.000000 0.000000
0.973037 0.230649 0.000000 193.086934 -0.230649 0.973037 -0.000000 -22.213346 -0.000000 0.000000 1.000000 0.000000
0.972916 0.231159 0.000000 193.650832 -0.231159 0.972916 -0.000000 -22.358799 -0.000000 0.000000 1.000000 0.000000
0.973420 0.229028 0.000000 194.215755 -0.229028 0.973420 -0.000000 -22.497509 -0.000000 0.000000 1.000000 0.000000
0.974397 0.224833 0.000000 194.776359 -0.224833 0.974397 -0.000000 -22.646463 -0.000000 0.000000 1.000000 0.000000
0.974450 0.224606 0.000000 195.358283 -0.224606 0.974450 -0.000000 -22.788841 -0.000000 0.000000 1.000000 0.000000
0.974593 0.223982 0.000000 195.857634 -0.223982 0.974593 -0.000000 -22.917751 -0.000000 0.000000 1.000000 0.000000
0.974392 0.224856 0.000000 196.831717 -0.224856 0.974392 -0.000000 -23.165292 -0.000000 0.000000 1.000000 0.000000
0.974397 0.224836 0.000000 197.393135 -0.224836 0.974397 -0.000000 -23.301638 -0.000000 0.000000 1.000000 0.000000
0.974196 0.225704 0.000000 198.103175 -0.225704 0.974196 -0.000000 -23.479165 -0.000000 0.000000 1.000000 0.000000
0.974006 0.226524 0.000000 198.818880 -0.226524 0.974006 -0.000000 -23.665648 -0.000000 0.000000 1.000000 0.000000
0.973437 0.228956 0.000000 199.777819 -0.228956 0.973437 -0.000000 -23.917729 -0.000000 0.000000 1.000000 0.000000
0.973538 0.228524 0.000000 200.338211 -0.228524 0.973538 -0.000000 -24.067845 -0.000000 0.000000 1.000000 0.000000
0.973588 0.228314 0.000000 200.907702 -0.228314 0.973588 -0.000000 -24.215424 -0.000000 0.000000 1.000000 0.000000
0.973526 0.228577 0.000000 201.463675 -0.228577 0.973526 -0.000000 -24.359774 -0.000000 0.000000 1.000000 0.000000
0.973443 0.228928 0.000000 201.994148 -0.228928 0.973443 -0.000000 -24.491185 -0.000000 0.000000 1.000000 0.000000
0.974140 0.225943 0.000000 202.560092 -0.225943 0.974140 -0.000000 -24.639028 -0.000000 0.000000 1.000000 0.000000
0.973516 0.228618 0.000000 203.116274 -0.228618 0.973516 -0.000000 -24.786157 -0.000000 0.000000 1.000000 0.000000
0.973479 0.228775 0.000000 203.911766 -0.228775 0.973479 -0.000000 -25.006415 -0.000000 0.000000 1.000000 0.000000
0.973934 0.226832 0.000000 204.477069 -0.226832 0.973934 -0.000000 -25.155633 -0.000000 0.000000 1.000000 0.000000
0.974134 0.225970 0.000000 205.046870 -0.225970 0.974134 -0.000000 -25.298756 -0.000000 0.000000 1.000000 0.000000
0.974093 0.226147 0.000000 205.606241 -0.226147 0.974093 -0.000000 -25.440796 -0.000000 0.000000 1.000000 0.000000
0.975097 0.221780 0.000000 206.198331 -0.221780 0.975097 -0.000000 -25.588847 -0.000000 0.000000 1.000000 0.000000
0.975187 0.221381 0.000000 206.723418 -0.221381 0.975187 -0.000000 -25.718602 -0.000000 0.000000 1.000000 0.000000
0.975161 0.221499 0.000000 207.320250 -0.221499 0.975161 -0.000000 -25.866810 -0.000000 0.000000 1.000000 0.000000
0.975353 0.220652 0.000000 207.847749 -0.220652 0.975353 -0.000000 -26.000928 -0.000000 0.000000 1.000000 0.000000
