1.000000 -0.000304 0.000000 0.627105 0.000304 1.000000 0.000000 -0.025363 0.000000 0.000000 1.000000 0.000000
0.999993 -0.003710 0.000000 1.250773 0.003710 0.999993 0.000000 -0.051866 0.000000 0.000000 1.000000 0.000000
0.999965 -0.008342 0.000000 2.507311 0.008342 0.999965 0.000000 -0.080444 0.000000 0.000000 1.000000 0.000000
0.999960 -0.008984 0.000000 3.131609 0.008984 0.999960 0.000000 -0.096547 0.000000 0.000000 1.000000 0.000000
0.999967 -0.008156 0.000000 3.758459 0.008156 0.999967 0.000000 -0.116376 0.000000 0.000000 1.000000 0.000000
0.999977 -0.006723 0.000000 4.392640 0.006723 0.999977 0.000000 -0.125085 0.000000 0.000000 1.000000 0.000000
0.999969 -0.007901 0.000000 5.068710 0.007901 0.999969 0.000000 -0.145511 0.000000 0.000000 1.000000 0.000000
0.999971 -0.007597 0.000000 5.694525 0.007597 0.999971 0.000000 -0.172120 0.000000 0.000000 1.000000 0.000000
0.999974 -0.007277 0.000000 6.326235 0.007277 0.999974 0.000000 -0.186420 0.000000 0.000000 1.000000 0.000000
0.999967 -0.008099 0.000000 6.954817 0.008099 0.999967 0.000000 -0.201614 0.000000 0.000000 1.000000 0.000000
0.999958 -0.009198 0.000000 7.587880 0.009198 0.999958 0.000000 -0.214920 0.000000 0.000000 1.000000 0.000000
0.999962 -0.008683 0.000000 8.207739 0.008683 0.999962 0.000000 -0.222619 0.000000 0.000000 1.000000 0.000000
0.999972 -0.007471 0.000000 8.834775 0.007471 0.999972 0.000000 -0.230027 0.000000 0.000000 1.000000 0.000000
0.999965 -0.008328 0.000000 9.451280 0.008328 0.999965 0.000000 -0.249305 0.000000 0.000000 1.000000 0.000000
0.999973 -0.007364 0.000000 10.100153 0.007364 0.999973 0.000000 -0.256080 0.000000 0.000000 1.000000 0.000000
0.999970 -0.007736 0.000000 10.682704 0.007736 0.999970 0.000000 -0.265575 0.000000 0.000000 1.000000 0.000000
0.999973 -0.007365 0.000000 11.303792 0.007365 0.999973 0.000000 -0.273495 0.000000 0.000000 1.000000 0.000000
0.999979 -0.006540 0.000000 11.924356 0.006540 0.999979 0.000000 -0.288820 0.000000 0.000000 1.000000 0.000000
0.999967 -0.008063 0.000000 12.574062 0.008063 0.999967 0.000000 -0.302705 0.000000 0.000000 1.000000 0.000000
0.999957 -0.009315 0.000000 13.192573 0.009315 0.999957 0.000000 -0.312412 0.000000 0.000000 1.000000 0.000000
0.999949 -0.010142 0.000000 13.815265 0.010142 0.999949 0.000000 -0.325699 0.000000 0.000000 1.000000 0.000000
0.999939 -0.011004 0.000000 14.439417 0.011004 0.999939 0.000000 -0.342850 0.000000 0.000000 1.000000 0.000000
0.999950 -0.009962 0.000000 15.065821 0.009962 0.999950 0.000000 -0.355941 0.000000 0.000000 1.000000 0.000000
0.999923 -0.012378 0.000000 15.687042 0.012378 0.999923 0.000000 -0.364421 0.000000 0.000000 1.000000 0.000000
0.999921 -0.012573 0.000000 16.300316 0.012573 0.999921 0.000000 -0.372726 0.000000 0.000000 1.000000 0.000000
0.999900 -0.014120 0.000000 16.934793 0.014120 0.999900 0.000000 -0.377689 0.000000 0.000000 1.000000 0.000000
0.999923 -0.012417 0.000000 17.564830 0.012417 0.999923 0.000000 -0.378679 0.000000 0.000000 1.000000 0.000000
0.999946 -0.010430 0.000000 18.154792 0.010430 0.999946 0.000000 -0.385027 0.000000 0.000000 1.000000 0.000000
0.999918 -0.012817 0.000000 18.784510 0.012817 0.999918 0.000000 -0.398423 0.000000 0.000000 1.000000 0.000000
0.999884 -0.015210 0.000000 19.398724 0.015210 0.999884 0.000000 -0.404301 0.000000 0.000000 1.000000 0.000000
0.999856 -0.016962 0.000000 19.997243 0.016962 0.999856 0.000000 -0.414119 0.000000 0.000000 1.000000 0.000000
0.999857 -0.016903 0.000000 20.623276 0.016903 0.999857 0.000000 -0.416995 0.000000 0.000000 1.000000 0.000000
0.999865 -0.016449 0.000000 21.253272 0.016449 0.999865 0.000000 -0.428226 0.000000 0.000000 1.000000 0.000000
0.999866 -0.016377 0.000000 21.882859 0.016377 0.999866 0.000000 -0.435883 0.000000 0.000000 1.000000 0.000000
0.999890 -0.014819 0.000000 22.468695 0.014819 0.999890 0.000000 -0.439655 0.000000 0.000000 1.000000 0.000000
0.999944 -0.010580 0.000000 23.104491 0.010580 0.999944 0.000000 -0.449249 0.000000 0.000000 1.000000 0.000000
0.999962 -0.008744 0.000000 23.700039 0.008744 0.999962 0.000000 -0.461767 0.000000 0.000000 1.000000 0.000000
0.999964 -0.008489 0.000000 24.336354 0.008489 0.999964 0.000000 -0.473243 0.000000 0.000000 1.000000 0.000000
0.999953 -0.009652 0.000000 24.971906 0.009652 0.999953 0.000000 -0.487042 0.000000 0.000000 1.000000 0.000000
0.999942 -0.010761 0.000000 25.803510 0.010761 0.999942 0.000000 -0.509299 0.000000 0.000000 1.000000 0.000000
0.999948 -0.010222 0.000000 26.435736 0.010222 0.999948 0.000000 -0.519332 0.000000 0.000000 1.000000 0.000000
0.999954 -0.009628 0.000000 27.084639 0.009628 0.999954 0.000000 -0.519667 0.000000 0.000000 1.000000 0.000000
0.999959 -0.009051 0.000000 27.721929 0.009051 0.999959 0.000000 -0.527262 0.000000 0.000000 1.000000 0.000000
0.999963 -0.008579 0.000000 28.355790 0.008579 0.999963 0.000000 -0.534717 0.000000 0.000000 1.000000 0.000000
0.999945 -0.010474 0.000000 28.997074 0.010474 0.999945 0.000000 -0.545651 0.000000 0.000000 1.000000 0.000000
0.999961 -0.008842 0.000000 29.637579 0.008842 0.999961 0.000000 -0.547889 0.000000 0.000000 1.000000 0.000000
0.999972 -0.007428 0.000000 30.288899 0.007428 0.999972 0.000000 -0.549874 0.000000 0.000000 1.000000 0.000000
0.999986 -0.005276 0.000000 30.926057 0.005276 0.999986 0.000000 -0.545320 0.000000 0.000000 1.000000 0.000000
0.999986 -0.005331 0.000000 31.580791 0.005331 0.999986 0.000000 -0.543636 0.000000 0.000000 1.000000 0.000000
0.999994 -0.003411 0.000000 32.230753 0.003411 0.999994 0.000000 -0.537120 0.000000 0.000000 1.000000 0.000000
0.999986 -0.005213 0.000000 32.875397 0.005213 0.999986 0.000000 -0.534961 0.000000 0.000000 1.000000 0.000000
0.999989 -0.004639 0.000000 33.522707 0.004639 0.999989 0.000000 -0.533131 0.000000 0.000000 1.000000 0.000000
0.999992 -0.003981 0.000000 34.169378 0.003981 0.999992 0.000000 -0.525202 0.000000 0.000000 1.000000 0.000000
0.999986 -0.005372 0.000000 34.778271 0.005372 0.999986 0.000000 -0.524974 0.000000 0.000000 1.000000 0.000000
0.999990 -0.004461 0.000000 35.423310 0.004461 0.999990 0.000000 -0.524444 0.000000 0.000000 1.000000 0.000000
0.999998 -0.001996 0.000000 36.054886 0.001996 0.999998 0.000000 -0.512214 0.000000 0.000000 1.000000 0.000000
0.999996 -0.002646 0.000000 36.694944 0.002646 0.999996 0.000000 -0.519857 0.000000 0.000000 1.000000 0.000000
0.999989 -0.004755 0.000000 37.333064 0.004755 0.999989 0.000000 -0.521485 0.000000 0.000000 1.000000 0.000000
0.999991 -0.004326 0.000000 37.964225 0.004326 0.999991 0.000000 -0.517127 0.000000 0.000000 1.000000 0.000000
0.999996 -0.002800 0.000000 38.602590 0.002800 0.999996 0.000000 -0.520083 0.000000 0.000000 1.000000 0.000000
0.999997 -0.002300 0.000000 39.247495 0.002300 0.999997 0.000000 -0.517552 0.000000 0.000000 1.000000 0.000000
0.999998 -0.002035 0.000000 39.896316 0.002035 0.999998 0.000000 -0.512862 0.000000 0.000000 1.000000 0.000000
1.000000 0.000022 0.000000 40.534695 -0.000022 1.000000 -0.000000 -0.509667 -0.000000 0.000000 1.000000 0.000000
1.000000 -0.000066 0.000000 41.181625 0.000066 1.000000 0.000000 -0.510442 0.000000 0.000000 1.000000 0.000000
0.999998 -0.002184 0.000000 41.786381 0.002184 0.999998 0.000000 -0.514387 0.000000 0.000000 1.000000 0.000000
1.000000 0.000217 0.000000 42.443802 -0.000217 1.000000 -0.000000 -0.501112 -0.000000 0.000000 1.000000 0.000000
1.000000 0.000967 0.000000 43.099633 -0.000967 1.000000 -0.000000 -0.489979 -0.000000 0.000000 1.000000 0.000000
0.999996 0.002765 0.000000 43.764866 -0.002765 0.999996 -0.000000 -0.486447 -0.000000 0.000000 1.000000 0.000000
0.999999 -0.001695 0.000000 44.417955 0.001695 0.999999 0.000000 -0.482929 0.000000 0.000000 1.000000 0.000000
0.999990 -0.004548 0.000000 45.069040 0.004548 0.999990 0.000000 -0.484057 0.000000 0.000000 1.000000 0.000000
0.999988 -0.004875 0.000000 45.681704 0.004875 0.999988 0.000000 -0.476955 0.000000 0.000000 1.000000 0.000000
0.999990 -0.004559 0.000000 46.340329 0.004559 0.999990 0.000000 -0.466588 0.000000 0.000000 1.000000 0.000000
0.999997 -0.002497 0.000000 46.996337 0.002497 0.999997 0.000000 -0.458680 0.000000 0.000000 1.000000 0.000000
0.999998 -0.001843 0.000000 47.655813 0.001843 0.999998 0.000000 -0.451819 0.000000 0.000000 1.000000 0.000000
0.999994 -0.003388 0.000000 48.309978 0.003388 0.999994 0.000000 -0.444145 0.000000 0.000000 1.000000 0.000000
0.999976 -0.006966 0.000000 48.957450 0.006966 0.999976 0.000000 -0.431786 0.000000 0.000000 1.000000 0.000000
0.999984 -0.005578 0.000000 49.983586 0.005578 0.999984 0.000000 -0.434923 0.000000 0.000000 1.000000 0.000000
0.999963 -0.008612 0.000000 50.656747 0.008612 0.999963 0.000000 -0.426719 0.000000 0.000000 1.000000 0.000000
0.999980 -0.006276 0.000000 51.284898 0.006276 0.999980 0.000000 -0.413706 0.000000 0.000000 1.000000 0.000000
0.999970 -0.007769 0.000000 51.943213 0.007769 0.999970 0.000000 -0.404753 0.000000 0.000000 1.000000 0.000000
0.999964 -0.008519 0.000000 52.601362 0.008519 0.999964 0.000000 -0.393237 0.000000 0.000000 1.000000 0.000000
0.999950 -0.009989 0.000000 53.261994 0.009989 0.999950 0.000000 -0.385185 0.000000 0.000000 1.000000 0.000000
0.999956 -0.009430 0.000000 53.916741 0.009430 0.999956 0.000000 -0.376499 0.000000 0.000000 1.000000 0.000000
0.999939 -0.011062 0.000000 54.569728 0.011062 0.999939 0.000000 -0.367986 0.000000 0.000000 1.000000 0.000000
0.999912 -0.013277 0.000000 55.910070 0.013277 0.999912 0.000000 -0.350921 0.000000 0.000000 1.000000 0.000000
0.999900 -0.014135 0.000000 56.547117 0.014135 0.999900 0.000000 -0.333704 0.000000 0.000000 1.000000 0.000000
0.999838 -0.017991 0.000000 57.179399 0.017991 0.999838 0.000000 -0.317457 0.000000 0.000000 1.000000 0.000000
0.999837 -0.018075 0.000000 57.819288 0.018075 0.999837 0.000000 -0.302017 0.000000 0.000000 1.000000 0.000000
0.999870 -0.016139 0.000000 58.453296 0.016139 0.999870 0.000000 -0.285662 0.000000 0.000000 1.000000 0.000000
0.999897 -0.014326 0.000000 59.119513 0.014326 0.999897 0.000000 -0.273578 0.000000 0.000000 1.000000 0.000000
0.999901 -0.014100 0.000000 59.757402 0.014100 0.999901 0.000000 -0.256983 0.000000 0.000000 1.000000 0.000000
0.999914 -0.013088 0.000000 60.364267 0.013088 0.999914 0.000000 -0.241695 0.000000 0.000000 1.000000 0.000000
0.999909 -0.013482 0.000000 60.988533 0.013482 0.999909 0.000000 -0.233058 0.000000 0.000000 1.000000 0.000000
0.999915 -0.013011 0.000000 61.571957 0.013011 0.999915 0.000000 -0.231203 0.000000 0.000000 1.000000 0.000000
0.999927 -0.012100 0.000000 62.195212 0.012100 0.999927 0.000000 -0.232327 0.000000 0.000000 1.000000 0.000000
0.999940 -0.010915 0.000000 62.827403 0.010915 0.999940 0.000000 -0.239566 0.000000 0.000000 1.000000 0.000000
0.999942 -0.010753 0.000000 63.405626 0.010753 0.999942 0.000000 -0.243374 0.000000 0.000000 1.000000 0.000000
0.999954 -0.009585 0.000000 64.015101 0.009585 0.999954 0.000000 -0.244041 0.000000 0.000000 1.000000 0.000000
0.999929 -0.011934 0.000000 64.623457 0.011934 0.999929 0.000000 -0.250504 0.000000 0.000000 1.000000 0.000000
0.999926 -0.012143 0.000000 65.181284 0.012143 0.999926 0.000000 -0.259351 0.000000 0.000000 1.000000 0.000000
0.999906 -0.013722 0.000000 65.781962 0.013722 0.999906 0.000000 -0.265626 0.000000 0.000000 1.000000 0.000000
0.999902 -0.013978 0.000000 66.346703 0.013978 0.999902 0.000000 -0.259194 0.000000 0.000000 1.000000 0.000000
0.999939 -0.011051 0.000000 66.949816 0.011051 0.999939 0.000000 -0.249469 0.000000 0.000000 1.000000 0.000000
0.999939 -0.011044 0.000000 67.548092 0.011044 0.999939 0.000000 -0.242565 0.000000 0.000000 1.000000 0.000000
0.999934 -0.011465 0.000000 68.370554 0.011465 0.999934 0.000000 -0.240667 0.000000 0.000000 1.000000 0.000000
0.999941 -0.010863 0.000000 68.957374 0.010863 0.999941 0.000000 -0.232545 0.000000 0.000000 1.000000 0.000000
0.999945 -0.010474 0.000000 69.555900 0.010474 0.999945 0.000000 -0.231641 0.000000 0.000000 1.000000 0.000000
0.999925 -0.012248 0.000000 70.149089 0.012248 0.999925 0.000000 -0.221861 0.000000 0.000000 1.000000 0.000000
0.999912 -0.013268 0.000000 70.741101 0.013268 0.999912 0.000000 -0.209972 0.000000 0.000000 1.000000 0.000000
0.999871 -0.016082 0.000000 71.328418 0.016082 0.999871 0.000000 -0.200007 0.000000 0.000000 1.000000 0.000000
0.999834 -0.018207 0.000000 71.962065 0.018207 0.999834 0.000000 -0.194068 0.000000 0.000000 1.000000 0.000000
0.999824 -0.018766 0.000000 72.556349 0.018766 0.999824 0.000000 -0.185481 0.000000 0.000000 1.000000 0.000000
0.999797 -0.020129 0.000000 73.149418 0.020129 0.999797 0.000000 -0.180847 0.000000 0.000000 1.000000 0.000000
0.999849 -0.017366 0.000000 74.333134 0.017366 0.999849 0.000000 -0.183945 0.000000 0.000000 1.000000 0.000000
0.999816 -0.019159 0.000000 74.919270 0.019159 0.999816 0.000000 -0.176076 0.000000 0.000000 1.000000 0.000000
0.999855 -0.017034 0.000000 75.501223 0.017034 0.999855 0.000000 -0.167848 0.000000 0.000000 1.000000 0.000000
0.999859 -0.016763 0.000000 76.082184 0.016763 0.999859 0.000000 -0.172277 0.000000 0.000000 1.000000 0.000000
0.999857 -0.016881 0.000000 76.667791 0.016881 0.999857 0.000000 -0.170827 0.000000 0.000000 1.000000 0.000000
0.999887 -0.015055 0.000000 77.247674 0.015055 0.999887 0.000000 -0.171441 0.000000 0.000000 1.000000 0.000000
0.999868 -0.016235 0.000000 77.822317 0.016235 0.999868 0.000000 -0.178212 0.000000 0.000000 1.000000 0.000000
0.999832 -0.018355 0.000000 78.386548 0.018355 0.999832 0.000000 -0.173055 0.000000 0.000000 1.000000 0.000000
0.999824 -0.018773 0.000000 78.950852 0.018773 0.999824 0.000000 -0.174901 0.000000 0.000000 1.000000 0.000000
0.999856 -0.016946 0.000000 79.504744 0.016946 0.999856 0.000000 -0.179603 0.000000 0.000000 1.000000 0.000000
0.999855 -0.017049 0.000000 80.052183 0.017049 0.999855 0.000000 -0.183120 0.000000 0.000000 1.000000 0.000000
0.999850 -0.017314 0.000000 80.594140 0.017314 0.999850 0.000000 -0.186879 0.000000 0.000000 1.000000 0.000000
0.999853 -0.017145 0.000000 81.126010 0.017145 0.999853 0.000000 -0.190423 0.000000 0.000000 1.000000 0.000000
0.999883 -0.015296 0.000000 81.636599 0.015296 0.999883 0.000000 -0.190206 0.000000 0.000000 1.000000 0.000000
0.999907 -0.013633 0.000000 82.178041 0.013633 0.999907 0.000000 -0.186993 0.000000 0.000000 1.000000 0.000000
0.999940 -0.010909 0.000000 82.698637 0.010909 0.999940 0.000000 -0.188917 0.000000 0.000000 1.000000 0.000000
0.999965 -0.008327 0.000000 83.207759 0.008327 0.999965 0.000000 -0.186398 0.000000 0.000000 1.000000 0.000000
0.999967 -0.008125 0.000000 83.751835 0.008125 0.999967 0.000000 -0.196104 0.000000 0.000000 1.000000 0.000000
0.999963 -0.008582 0.000000 84.280080 0.008582 0.999963 0.000000 -0.205635 0.000000 0.000000 1.000000 0.000000
0.999963 -0.008598 0.000000 84.782110 0.008598 0.999963 0.000000 -0.211818 0.000000 0.000000 1.000000 0.000000
0.999970 -0.007714 0.000000 85.315495 0.007714 0.999970 0.000000 -0.227858 0.000000 0.000000 1.000000 0.000000
0.999987 -0.005079 0.000000 85.830565 0.005079 0.999987 0.000000 -0.241853 0.000000 0.000000 1.000000 0.000000
0.999982 -0.006081 0.000000 86.315724 0.006081 0.999982 0.000000 -0.251021 0.000000 0.000000 1.000000 0.000000
0.999984 -0.005695 0.000000 86.838079 0.005695 0.999984 0.000000 -0.260858 0.000000 0.000000 1.000000 0.000000
0.999991 -0.004330 0.000000 87.347805 0.004330 0.999991 0.000000 -0.265949 0.000000 0.000000 1.000000 0.000000
0.999997 -0.002406 0.000000 87.826610 0.002406 0.999997 0.000000 -0.272159 0.000000 0.000000 1.000000 0.000000
0.999999 -0.001411 0.000000 88.333235 0.001411 0.999999 0.000000 -0.289146 0.000000 0.000000 1.000000 0.000000
1.000000 -0.000777 0.000000 88.810434 0.000777 1.000000 0.000000 -0.301840 0.000000 0.000000 1.000000 0.000000
0.999999 0.001601 0.000000 89.319936 -0.001601 0.999999 -0.000000 -0.315037 -0.000000 0.000000 1.000000 0.000000
0.999998 0.002227 0.000000 89.983411 -0.002227 0.999998 -0.000000 -0.333051 -0.000000 0.000000 1.000000 0.000000
0.999982 0.005983 0.000000 90.473468 -0.005983 0.999982 -0.000000 -0.337713 -0.000000 0.000000 1.000000 0.000000
0.999967 0.008093 0.000000 90.967114 -0.008093 0.999967 -0.000000 -0.346873 -0.000000 0.000000 1.000000 0.000000
0.999957 0.009221 0.000000 91.458920 -0.009221 0.999957 -0.000000 -0.357586 -0.000000 0.000000 1.000000 0.000000
0.999962 0.008771 0.000000 91.936697 -0.008771 0.999962 -0.000000 -0.373789 -0.000000 0.000000 1.000000 0.000000
0.999968 0.008020 0.000000 92.417202 -0.008020 0.999968 -0.000000 -0.396532 -0.000000 0.000000 1.000000 0.000000
0.999955 0.009498 0.000000 92.887646 -0.009498 0.999955 -0.000000 -0.415024 -0.000000 0.000000 1.000000 0.000000
0.999913 0.013192 0.000000 93.841955 -0.013192 0.999913 -0.000000 -0.460518 -0.000000 0.000000 1.000000 0.000000
0.999889 0.014883 0.000000 94.307014 -0.014883 0.999889 -0.000000 -0.487817 -0.000000 0.000000 1.000000 0.000000
0.999835 0.018181 0.000000 94.774209 -0.018181 0.999835 -0.000000 -0.504461 -0.000000 0.000000 1.000000 0.000000
0.999794 0.020285 0.000000 95.241111 -0.020285 0.999794 -0.000000 -0.534911 -0.000000 0.000000 1.000000 0.000000
0.999769 0.021494 0.000000 95.706964 -0.021494 0.999769 -0.000000 -0.562003 -0.000000 0.000000 1.000000 0.000000
0.999691 0.024853 0.000000 96.166262 -0.024853 0.999691 -0.000000 -0.586714 -0.000000 0.000000 1.000000 0.000000
0.999640 0.026827 0.000000 96.632032 -0.026827 0.999640 -0.000000 -0.621449 -0.000000 0.000000 1.000000 0.000000
0.999518 0.031033 0.000000 97.090139 -0.031033 0.999518 -0.000000 -0.654169 -0.000000 0.000000 1.000000 0.000000
0.999418 0.034117 0.000000 97.540600 -0.034117 0.999418 -0.000000 -0.683844 -0.000000 0.000000 1.000000 0.000000
0.999309 0.037181 0.000000 97.993810 -0.037181 0.999309 -0.000000 -0.717832 -0.000000 0.000000 1.000000 0.000000
0.999200 0.039980 0.000000 98.413368 -0.039980 0.999200 -0.000000 -0.755493 -0.000000 0.000000 1.000000 0.000000
0.999109 0.042194 0.000000 98.852380 -0.042194 0.999109 -0.000000 -0.791635 -0.000000 0.000000 1.000000 0.000000
0.998958 0.045638 0.000000 99.294930 -0.045638 0.998958 -0.000000 -0.828106 -0.000000 0.000000 1.000000 0.000000
0.998916 0.046550 0.000000 99.732919 -0.046550 0.998916 -0.000000 -0.876711 -0.000000 0.000000 1.000000 0.000000
0.998750 0.049992 0.000000 100.156654 -0.049992 0.998750 -0.000000 -0.919969 -0.000000 0.000000 1.000000 0.000000
0.998653 0.051880 0.000000 100.584591 -0.051880 0.998653 -0.000000 -0.952566 -0.000000 0.000000 1.000000 0.000000
0.998208 0.059837 0.000000 101.009492 -0.059837 0.998208 -0.000000 -0.986895 -0.000000 0.000000 1.000000 0.000000
0.998046 0.062488 0.000000 101.422195 -0.062488 0.998046 -0.000000 -1.023790 -0.000000 0.000000 1.000000 0.000000
0.997848 0.065565 0.000000 101.830861 -0.065565 0.997848 -0.000000 -1.062382 -0.000000 0.000000 1.000000 0.000000
0.997858 0.065417 0.000000 102.245346 -0.065417 0.997858 -0.000000 -1.099498 -0.000000 0.000000 1.000000 0.000000
0.997632 0.068773 0.000000 102.639232 -0.068773 0.997632 -0.000000 -1.141141 -0.000000 0.000000 1.000000 0.000000
0.997707 0.067683 0.000000 103.034712 -0.067683 0.997707 -0.000000 -1.187626 -0.000000 0.000000 1.000000 0.000000
0.997219 0.074530 0.000000 103.419424 -0.074530 0.997219 -0.000000 -1.220937 -0.000000 0.000000 1.000000 0.000000
0.996944 0.078119 0.000000 103.824794 -0.078119 0.996944 -0.000000 -1.257408 -0.000000 0.000000 1.000000 0.000000
0.996995 0.077464 0.000000 104.215481 -0.077464 0.996995 -0.000000 -1.292849 -0.000000 0.000000 1.000000 0.000000
0.996726 0.080854 0.000000 104.591295 -0.080854 0.996726 -0.000000 -1.324942 -0.000000 0.000000 1.000000 0.000000
0.996379 0.085018 0.000000 104.996312 -0.085018 0.996379 -0.000000 -1.364105 -0.000000 0.000000 1.000000 0.000000
0.995979 0.089589 0.000000 105.394006 -0.089589 0.995979 -0.000000 -1.401332 -0.000000 0.000000 1.000000 0.000000
0.995643 0.093247 0.000000 105.957987 -0.093247 0.995643 -0.000000 -1.465357 -0.000000 0.000000 1.000000 0.000000
0.995408 0.095727 0.000000 106.365164 -0.095727 0.995408 -0.000000 -1.508651 -0.000000 0.000000 1.000000 0.000000
0.995194 0.097924 0.000000 106.770487 -0.097924 0.995194 -0.000000 -1.557489 -0.000000 0.000000 1.000000 0.000000
0.994987 0.100006 0.000000 107.186975 -0.100006 0.994987 -0.000000 -1.601525 -0.000000 0.000000 1.000000 0.000000
0.994744 0.102389 0.000000 107.598134 -0.102389 0.994744 -0.000000 -1.656981 -0.000000 0.000000 1.000000 0.000000
0.994717 0.102659 0.000000 108.009147 -0.102659 0.994717 -0.000000 -1.702944 -0.000000 0.000000 1.000000 0.000000
0.994652 0.103278 0.000000 108.425629 -0.103278 0.994652 -0.000000 -1.756328 -0.000000 0.000000 1.000000 0.000000
0.994365 0.106009 0.000000 108.842650 -0.106009 0.994365 -0.000000 -1.809744 -0.000000 0.000000 1.000000 0.000000
0.993609 0.112877 0.000000 109.573296 -0.112877 0.993609 -0.000000 -1.904984 -0.000000 0.000000 1.000000 0.000000
0.993572 0.113206 0.000000 109.993018 -0.113206 0.993572 -0.000000 -1.967050 -0.000000 0.000000 1.000000 0.000000
0.993664 0.112388 0.000000 110.416637 -0.112388 0.993664 -0.000000 -2.029873 -0.000000 0.000000 1.000000 0.000000
0.993716 0.111929 0.000000 110.836469 -0.111929 0.993716 -0.000000 -2.092905 -0.000000 0.000000 1.000000 0.000000
0.993801 0.111176 0.000000 111.268429 -0.111176 0.993801 -0.000000 -2.150384 -0.000000 0.000000 1.000000 0.000000
0.993395 0.114745 0.000000 111.696001 -0.114745 0.993395 -0.000000 -2.203967 -0.000000 0.000000 1.000000 0.000000
0.993520 0.113659 0.000000 112.123872 -0.113659 0.993520 -0.000000 -2.273358 -0.000000 0.000000 1.000000 0.000000
0.993589 0.113056 0.000000 112.561886 -0.113056 0.993589 -0.000000 -2.338306 -0.000000 0.000000 1.000000 0.000000
0.993550 0.113394 0.000000 113.005771 -0.113394 0.993550 -0.000000 -2.411899 -0.000000 0.000000 1.000000 0.000000
0.993385 0.114836 0.000000 113.455329 -0.114836 0.993385 -0.000000 -2.488811 -0.000000 0.000000 1.000000 0.000000
0.992899 0.118964 0.000000 113.899671 -0.118964 0.992899 -0.000000 -2.562550 -0.000000 0.000000 1.000000 0.000000
0.992865 0.119243 0.000000 114.726002 -0.119243 0.992865 -0.000000 -2.685080 -0.000000 0.000000 1.000000 0.000000
0.992900 0.118955 0.000000 115.178493 -0.118955 0.992900 -0.000000 -2.754836 -0.000000 0.000000 1.000000 0.000000
0.992763 0.120090 0.000000 115.634069 -0.120090 0.992763 -0.000000 -2.821793 -0.000000 0.000000 1.000000 0.000000
0.992545 0.121878 0.000000 116.096844 -0.121878 0.992545 -0.000000 -2.900270 -0.000000 0.000000 1.000000 0.000000
0.992266 0.124130 0.000000 116.557572 -0.124130 0.992266 -0.000000 -2.979047 -0.000000 0.000000 1.000000 0.000000
0.992138 0.125147 0.000000 117.019148 -0.125147 0.992138 -0.000000 -3.058076 -0.000000 0.000000 1.000000 0.000000
0.992016 0.126113 0.000000 117.479615 -0.126113 0.992016 -0.000000 -3.134477 -0.000000 0.000000 1.000000 0.000000
0.991577 0.129517 0.000000 117.944324 -0.129517 0.991577 -0.000000 -3.210167 -0.000000 0.000000 1.000000 0.000000
0.991066 0.133369 0.000000 118.444873 -0.133369 0.991066 -0.000000 -3.292747 -0.000000 0.000000 1.000000 0.000000
0.990636 0.136529 0.000000 118.886796 -0.136529 0.990636 -0.000000 -3.366929 -0.000000 0.000000 1.000000 0.000000
0.990665 0.136318 0.000000 119.389851 -0.136318 0.990665 -0.000000 -3.456678 -0.000000 0.000000 1.000000 0.000000
0.990486 0.137613 0.000000 119.868307 -0.137613 0.990486 -0.000000 -3.542843 -0.000000 0.000000 1.000000 0.000000
0.990191 0.139718 0.000000 120.336407 -0.139718 0.990191 -0.000000 -3.629913 -0.000000 0.000000 1.000000 0.000000
0.990514 0.137414 0.000000 120.808670 -0.137414 0.990514 -0.000000 -3.724010 -0.000000 0.000000 1.000000 0.000000
0.990108 0.140311 0.000000 121.283009 -0.140311 0.990108 -0.000000 -3.800231 -0.000000 0.000000 1.000000 0.000000
0.989856 0.142074 0.000000 121.753525 -0.142074 0.989856 -0.000000 -3.886779 -0.000000 0.000000 1.000000 0.000000
0.989389 0.145294 0.000000 122.228267 -0.145294 0.989389 -0.000000 -3.975653 -0.000000 0.000000 1.000000 0.000000
0.988572 0.150751 0.000000 122.708760 -0.150751 0.988572 -0.000000 -4.064071 -0.000000 0.000000 1.000000 0.000000
0.988440 0.151610 0.000000 123.162219 -0.151610 0.988440 -0.000000 -4.145620 -0.000000 0.000000 1.000000 0.000000
0.988472 0.151404 0.000000 123.641855 -0.151404 0.988472 -0.000000 -4.226596 -0.000000 0.000000 1.000000 0.000000
0.988260 0.152781 0.000000 124.119829 -0.152781 0.988260 -0.000000 -4.315295 -0.000000 0.000000 1.000000 0.000000
0.988266 0.152744 0.000000 124.907958 -0.152744 0.988266 -0.000000 -4.454557 -0.000000 0.000000 1.000000 0.000000
0.988309 0.152465 0.000000 125.401735 -0.152465 0.988309 -0.000000 -4.540064 -0.000000 0.000000 1.000000 0.000000
0.990146 0.140042 0.000000 126.382651 -0.140042 0.990146 -0.000000 -4.718283 -0.000000 0.000000 1.000000 0.000000
0.990184 0.139772 0.000000 126.889719 -0.139772 0.990184 -0.000000 -4.794283 -0.000000 0.000000 1.000000 0.000000
0.990340 0.138660 0.000000 127.394476 -0.138660 0.990340 -0.000000 -4.875193 -0.000000 0.000000 1.000000 0.000000
0.990228 0.139461 0.000000 127.903974 -0.139461 0.990228 -0.000000 -4.948709 -0.000000 0.000000 1.000000 0.000000
0.990419 0.138096 0.000000 128.415739 -0.138096 0.990419 -0.000000 -5.027540 -0.000000 0.000000 1.000000 0.000000
0.990197 0.139676 0.000000 128.925603 -0.139676 0.990197 -0.000000 -5.106334 -0.000000 0.000000 1.000000 0.000000
0.990163 0.139921 0.000000 129.471044 -0.139921 0.990163 -0.000000 -5.195771 -0.000000 0.000000 1.000000 0.000000
0.989717 0.143036 0.000000 129.963569 -0.143036 0.989717 -0.000000 -5.273840 -0.000000 0.000000 1.000000 0.000000
0.989373 0.145400 0.000000 130.476814 -0.145400 0.989373 -0.000000 -5.354768 -0.000000 0.000000 1.000000 0.000000
0.989414 0.145123 0.000000 131.000035 -0.145123 0.989414 -0.000000 -5.433614 -0.000000 0.000000 1.000000 0.000000
0.989901 0.141759 0.000000 131.490449 -0.141759 0.989901 -0.000000 -5.518835 -0.000000 0.000000 1.000000 0.000000
0.989835 0.142219 0.000000 132.010513 -0.142219 0.989835 -0.000000 -5.598954 -0.000000 0.000000 1.000000 0.000000
0.989809 0.142405 0.000000 132.536579 -0.142405 0.989809 -0.000000 -5.679684 -0.000000 0.000000 1.000000 0.000000
0.989462 0.144792 0.000000 133.032227 -0.144792 0.989462 -0.000000 -5.751297 -0.000000 0.000000 1.000000 0.000000
0.989999 0.141075 0.000000 133.556830 -0.141075 0.989999 -0.000000 -5.832565 -0.000000 0.000000 1.000000 0.000000
0.989501 0.144525 0.000000 134.092214 -0.144525 0.989501 -0.000000 -5.923589 -0.000000 0.000000 1.000000 0.000000
0.989189 0.146645 0.000000 134.715910 -0.146645 0.989189 -0.000000 -6.021911 -0.000000 0.000000 1.000000 0.000000
0.988961 0.148176 0.000000 135.276889 -0.148176 0.988961 -0.000000 -6.112954 -0.000000 0.000000 1.000000 0.000000
0.988544 0.150934 0.000000 135.772830 -0.150934 0.988544 -0.000000 -6.188640 -0.000000 0.000000 1.000000 0.000000
0.988450 0.151545 0.000000 136.301006 -0.151545 0.988450 -0.000000 -6.283292 -0.000000 0.000000 1.000000 0.000000
0.987642 0.156726 0.000000 136.834473 -0.156726 0.987642 -0.000000 -6.382134 -0.000000 0.000000 1.000000 0.000000
0.987233 0.159281 0.000000 137.364918 -0.159281 0.987233 -0.000000 -6.481134 -0.000000 0.000000 1.000000 0.000000
0.986344 0.164697 0.000000 141.189380 -0.164697 0.986344 -0.000000 -7.237856 -0.000000 0.000000 1.000000 0.000000
0.986509 0.163708 0.000000 141.705359 -0.163708 0.986509 -0.000000 -7.350190 -0.000000 0.000000 1.000000 0.000000
0.987207 0.159442 0.000000 142.860414 -0.159442 0.987207 -0.000000 -7.586192 -0.000000 0.000000 1.000000 0.000000
0.986249 0.165269 0.000000 143.976546 -0.165269 0.986249 -0.000000 -7.826438 -0.000000 0.000000 1.000000 0.000000
0.986035 0.166540 0.000000 144.534774 -0.166540 0.986035 -0.000000 -7.948219 -0.000000 0.000000 1.000000 0.000000
0.985796 0.167945 0.000000 145.083778 -0.167945 0.985796 -0.000000 -8.074913 -0.000000 0.000000 1.000000 0.000000
0.985625 0.168949 0.000000 145.662211 -0.168949 0.985625 -0.000000 -8.193224 -0.000000 0.000000 1.000000 0.000000
0.985724 0.168368 0.000000 146.224635 -0.168368 0.985724 -0.000000 -8.329647 -0.000000 0.000000 1.000000 0.000000
0.986269 0.165150 0.000000 146.796914 -0.165150 0.986269 -0.000000 -8.459623 -0.000000 0.000000 1.000000 0.000000
0.985677 0.168644 0.000000 147.379002 -0.168644 0.985677 -0.000000 -8.582449 -0.000000 0.000000 1.000000 0.000000
0.985612 0.169022 0.000000 147.948555 -0.169022 0.985612 -0.000000 -8.701102 -0.000000 0.000000 1.000000 0.000000
0.985774 0.168074 0.000000 148.523276 -0.168074 0.985774 -0.000000 -8.830163 -0.000000 0.000000 1.000000 0.000000
0.985641 0.168854 0.000000 149.430808 -0.168854 0.985641 -0.000000 -9.024430 -0.000000 0.000000 1.000000 0.000000
0.984949 0.172847 0.000000 150.005402 -0.172847 0.984949 -0.000000 -9.141909 -0.000000 0.000000 1.000000 0.000000
0.985182 0.171514 0.000000 150.565429 -0.171514 0.985182 -0.000000 -9.277798 -0.000000 0.000000 1.000000 0.000000
0.984676 0.174395 0.000000 151.138808 -0.174395 0.984676 -0.000000 -9.402420 -0.000000 0.000000 1.000000 0.000000
0.984273 0.176655 0.000000 151.754903 -0.176655 0.984273 -0.000000 -9.538718 -0.000000 0.000000 1.000000 0.000000
0.983858 0.178951 0.000000 152.273287 -0.178951 0.983858 -0.000000 -9.654101 -0.000000 0.000000 1.000000 0.000000
0.983787 0.179342 0.000000 152.881157 -0.179342 0.983787 -0.000000 -9.799006 -0.000000 0.000000 1.000000 0.000000
0.983922 0.178597 0.000000 153.456877 -0.178597 0.983922 -0.000000 -9.939326 -0.000000 0.000000 1.000000 0.000000
0.984062 0.177826 0.000000 154.035192 -0.177826 0.984062 -0.000000 -10.072726 -0.000000 0.000000 1.000000 0.000000
0.984262 0.176716 0.000000 154.612429 -0.176716 0.984262 -0.000000 -10.192271 -0.000000 0.000000 1.000000 0.000000
0.984317 0.176406 0.000000 155.181763 -0.176406 0.984317 -0.000000 -10.314827 -0.000000 0.000000 1.000000 0.000000
0.984675 0.174397 0.000000 155.744847 -0.174397 0.984675 -0.000000 -10.437286 -0.000000 0.000000 1.000000 0.000000
0.984914 0.173045 0.000000 156.318529 -0.173045 0.984914 -0.000000 -10.550284 -0.000000 0.000000 1.000000 0.000000
0.984932 0.172941 0.000000 156.882952 -0.172941 0.984932 -0.000000 -10.661537 -0.000000 0.000000 1.000000 0.000000
0.985275 0.170976 0.000000 157.456043 -0.170976 0.985275 -0.000000 -10.777981 -0.000000 0.000000 1.000000 0.000000
0.984728 0.174098 0.000000 158.025537 -0.174098 0.984728 -0.000000 -10.884619 -0.000000 0.000000 1.000000 0.000000
0.984312 0.176437 0.000000 159.168143 -0.176437 0.984312 -0.000000 -11.110422 -0.000000 0.000000 1.000000 0.000000
0.984151 0.177332 0.000000 159.731432 -0.177332 0.984151 -0.000000 -11.228001 -0.000000 0.000000 1.000000 0.000000
0.984283 0.176598 0.000000 160.254904 -0.176598 0.984283 -0.000000 -11.339233 -0.000000 0.000000 1.000000 0.000000
0.984072 0.177769 0.000000 160.846460 -0.177769 0.984072 -0.000000 -11.457418 -0.000000 0.000000 1.000000 0.000000
0.983844 0.179028 0.000000 161.397083 -0.179028 0.983844 -0.000000 -11.569472 -0.000000 0.000000 1.000000 0.000000
0.984233 0.176875 0.000000 162.506199 -0.176875 0.984233 -0.000000 -11.802358 -0.000000 0.000000 1.000000 0.000000
0.984486 0.175461 0.000000 163.073124 -0.175461 0.984486 -0.000000 -11.916885 -0.000000 0.000000 1.000000 0.000000
0.984352 0.176216 0.000000 163.605699 -0.176216 0.984352 -0.000000 -12.029891 -0.000000 0.000000 1.000000 0.000000
0.984326 0.176360 0.000000 164.172990 -0.176360 0.984326 -0.000000 -12.145344 -0.000000 0.000000 1.000000 0.000000
0.984742 0.174019 0.000000 164.747977 -0.174019 0.984742 -0.000000 -12.260011 -0.000000 0.000000 1.000000 0.000000
0.984621 0.174703 0.000000 165.291118 -0.174703 0.984621 -0.000000 -12.356467 -0.000000 0.000000 1.000000 0.000000
0.984263 0.176708 0.000000 166.059597 -0.176708 0.984263 -0.000000 -12.495799 -0.000000 0.000000 1.000000 0.000000
0.983547 0.180655 0.000000 166.633769 -0.180655 0.983547 -0.000000 -12.590588 -0.000000 0.000000 1.000000 0.000000
0.983436 0.181258 0.000000 167.205317 -0.181258 0.983436 -0.000000 -12.695118 -0.000000 0.000000 1.000000 0.000000
0.982508 0.186223 0.000000 167.818685 -0.186223 0.982508 -0.000000 -12.804942 -0.000000 0.000000 1.000000 0.000000
0.982542 0.186041 0.000000 168.362802 -0.186041 0.982542 -0.000000 -12.906709 -0.000000 0.000000 1.000000 0.000000
0.983074 0.183208 0.000000 168.980012 -0.183208 0.983074 -0.000000 -13.040522 -0.000000 0.000000 1.000000 0.000000
0.982423 0.186667 0.000000 169.565836 -0.186667 0.982423 -0.000000 -13.137405 -0.000000 0.000000 1.000000 0.000000
0.982898 0.184151 0.000000 170.154434 -0.184151 0.982898 -0.000000 -13.241550 -0.000000 0.000000 1.000000 0.000000
0.982120 0.188255 0.000000 170.748908 -0.188255 0.982120 -0.000000 -13.346506 -0.000000 0.000000 1.000000 0.000000
0.982733 0.185028 0.000000 171.322273 -0.185028 0.982733 -0.000000 -13.468886 -0.000000 0.000000 1.000000 0.000000
0.983005 0.183581 0.000000 171.909917 -0.183581 0.983005 -0.000000 -13.580614 -0.000000 0.000000 1.000000 0.000000
0.982991 0.183653 0.000000 172.488947 -0.183653 0.982991 -0.000000 -13.700969 -0.000000 0.000000 1.000000 0.000000
0.984068 0.177792 0.000000 173.072768 -0.177792 0.984068 -0.000000 -13.828149 -0.000000 0.000000 1.000000 0.000000
0.984979 0.172675 0.000000 173.660943 -0.172675 0.984979 -0.000000 -13.955397 -0.000000 0.000000 1.000000 0.000000
0.984970 0.172724 0.000000 174.247408 -0.172724 0.984970 -0.000000 -14.062789 -0.000000 0.000000 1.000000 0.000000
0.984680 0.174370 0.000000 174.830537 -0.174370 0.984680 -0.000000 -14.181208 -0.000000 0.000000 1.000000 0.000000
0.984570 0.174994 0.000000 175.414049 -0.174994 0.984570 -0.000000 -14.293584 -0.000000 0.000000 1.000000 0.000000
0.984390 0.175998 0.000000 175.963292 -0.175998 0.984390 -0.000000 -14.398713 -0.000000 0.000000 1.000000 0.000000
0.984327 0.176355 0.000000 176.586141 -0.176355 0.984327 -0.000000 -14.519369 -0.000000 0.000000 1.000000 0.000000
0.984628 0.174662 0.000000 177.128781 -0.174662 0.984628 -0.000000 -14.620689 -0.000000 0.000000 1.000000 0.000000
0.984450 0.175664 0.000000 177.714691 -0.175664 0.984450 -0.000000 -14.741225 -0.000000 0.000000 1.000000 0.000000
0.984285 0.176587 0.000000 178.304150 -0.176587 0.984285 -0.000000 -14.846390 -0.000000 0.000000 1.000000 0.000000
0.983824 0.179137 0.000000 178.889363 -0.179137 0.983824 -0.000000 -14.963009 -0.000000 0.000000 1.000000 0.000000
0.982494 0.186295 0.000000 179.477055 -0.186295 0.982494 -0.000000 -15.077623 -0.000000 0.000000 1.000000 0.000000
0.982523 0.186143 0.000000 180.059590 -0.186143 0.982523 -0.000000 -15.187992 -0.000000 0.000000 1.000000 0.000000
0.982723 0.185081 0.000000 180.659879 -0.185081 0.982723 -0.000000 -15.294449 -0.000000 0.000000 1.000000 0.000000
0.982949 0.183878 0.000000 181.254823 -0.183878 0.982949 -0.000000 -15.402189 -0.000000 0.000000 1.000000 0.000000
0.983009 0.183559 0.000000 181.852624 -0.183559 0.983009 -0.000000 -15.507099 -0.000000 0.000000 1.000000 0.000000
0.982847 0.184422 0.000000 182.455187 -0.184422 0.982847 -0.000000 -15.613535 -0.000000 0.000000 1.000000 0.000000
0.983364 0.181647 0.000000 183.041743 -0.181647 0.983364 -0.000000 -15.727558 -0.000000 0.000000 1.000000 0.000000
0.983555 0.180607 0.000000 183.637120 -0.180607 0.983555 -0.000000 -15.844105 -0.000000 0.000000 1.000000 0.000000
0.983221 0.182418 0.000000 184.226426 -0.182418 0.983221 -0.000000 -15.959375 -0.000000 0.000000 1.000000 0.000000
0.983202 0.182521 0.000000 184.780964 -0.182521 0.983202 -0.000000 -16.071055 -0.000000 0.000000 1.000000 0.000000
0.983358 0.181678 0.000000 185.365280 -0.181678 0.983358 -0.000000 -16.192253 -0.000000 0.000000 1.000000 0.000000
0.983405 0.181423 0.000000 185.955628 -0.181423 0.983405 -0.000000 -16.315169 -0.000000 0.000000 1.000000 0.000000
0.983427 0.181306 0.000000 186.516199 -0.181306 0.983427 -0.000000 -16.435003 -0.000000 0.000000 1.000000 0.000000
0.983909 0.178671 0.000000 187.090706 -0.178671 0.983909 -0.000000 -16.555334 -0.000000 0.000000 1.000000 0.000000
0.983649 0.180095 0.000000 187.670709 -0.180095 0.983649 -0.000000 -16.685016 -0.000000 0.000000 1.000000 0.000000
0.984316 0.176415 0.000000 188.212740 -0.176415 0.984316 -0.000000 -16.811066 -0.000000 0.000000 1.000000 0.000000
0.984398 0.175955 0.000000 188.784216 -0.175955 0.984398 -0.000000 -16.929321 -0.000000 0.000000 1.000000 0.000000
0.983826 0.179126 0.000000 189.362291 -0.179126 0.983826 -0.000000 -17.045164 -0.000000 0.000000 1.000000 0.000000
0.983884 0.178810 0.000000 189.899370 -0.178810 0.983884 -0.000000 -17.162021 -0.000000 0.000000 1.000000 0.000000
0.983531 0.180741 0.000000 190.482574 -0.180741 0.983531 -0.000000 -17.287165 -0.000000 0.000000 1.000000 0.000000
0.983280 0.182099 0.000000 191.050003 -0.182099 0.983280 -0.000000 -17.415167 -0.000000 0.000000 1.000000 0.000000
0.983105 0.183043 0.000000 191.881442 -0.183043 0.983105 -0.000000 -17.606437 -0.000000 0.000000 1.000000 0.000000
0.982785 0.184751 0.000000 192.454760 -0.184751 0.982785 -0.000000 -17.729002 -0.000000 0.000000 1.000000 0.000000
0.982650 0.185472 0.000000 193.024812 -0.185472 0.982650 -0.000000 -17.846044 -0.000000 0.000000 1.000000 0.000000
0.982916 0.184056 0.000000 193.600578 -0.184056 0.982916 -0.000000 -17.957098 -0.000000 0.000000 1.000000 0.000000
0.982862 0.184340 0.000000 194.169816 -0.184340 0.982862 -0.000000 -18.077369 -0.000000 0.000000 1.000000 0.000000
0.983326 0.181852 0.000000 194.741349 -0.181852 0.983326 -0.000000 -18.187618 -0.000000 0.000000 1.000000 0.000000
0.984129 0.177453 0.000000 195.310263 -0.177453 0.984129 -0.000000 -18.311951 -0.000000 0.000000 1.000000 0.000000
0.984188 0.177127 0.000000 195.903190 -0.177127 0.984188 -0.000000 -18.426207 -0.000000 0.000000 1.000000 0.000000
0.984316 0.176414 0.000000 196.411308 -0.176414 0.984316 -0.000000 -18.531339 -0.000000 0.000000 1.000000 0.000000
0.984196 0.177084 0.000000 197.395293 -0.177084 0.984196 -0.000000 -18.730936 -0.000000 0.000000 1.000000 0.000000
0.984216 0.176974 0.000000 197.966497 -0.176974 0.984216 -0.000000 -18.843210 -0.000000 0.000000 1.000000 0.000000
0.984091 0.177666 0.000000 198.692568 -0.177666 0.984091 -0.000000 -18.987035 -0.000000 0.000000 1.000000 0.000000
0.983986 0.178245 0.000000 199.428140 -0.178245 0.983986 -0.000000 -19.142517 -0.000000 0.000000 1.000000 0.000000
0.983601 0.180360 0.000000 200.406712 -0.180360 0.983601 -0.000000 -19.346270 -0.000000 0.000000 1.000000 0.000000
0.983747 0.179562 0.000000 200.982706 -0.179562 0.983747 -0.000000 -19.466581 -0.000000 0.000000 1.000000 0.000000
0.983843 0.179034 0.000000 201.567188 -0.179034 0.983843 -0.000000 -19.584515 -0.000000 0.000000 1.000000 0.000000
0.983875 0.178857 0.000000 202.138333 -0.178857 0.983875 -0.000000 -19.696915 -0.000000 0.000000 1.000000 0.000000
0.983892 0.178764 0.000000 202.680853 -0.178764 0.983892 -0.000000 -19.799335 -0.000000 0.000000 1.000000 0.000000
0.984502 0.175373 0.000000 203.256584 -0.175373 0.984502 -0.000000 -19.909723 -0.000000 0.000000 1.000000 0.000000
0.984065 0.177808 0.000000 203.824934 -0.177808 0.984065 -0.000000 -20.028694 -0.000000 0.000000 1.000000 0.000000
0.984079 0.177729 0.000000 204.638200 -0.177729 0.984079 -0.000000 -20.206823 -0.000000 0.000000 1.000000 0.000000
0.984471 0.175545 0.000000 205.217309 -0.175545 0.984471 -0.000000 -20.328584 -0.000000 0.000000 1.000000 0.000000
0.984675 0.174398 0.000000 205.801567 -0.174398 0.984675 -0.000000 -20.446807 -0.000000 0.000000 1.000000 0.000000
0.984680 0.174370 0.000000 206.376005 -0.174370 0.984680 -0.000000 -20.561510 -0.000000 0.000000 1.000000 0.000000
0.985477 0.169807 0.000000 206.984078 -0.169807 0.985477 -0.000000 -20.684242 -0.000000 0.000000 1.000000 0.000000
0.985574 0.169244 0.000000 207.525191 -0.169244 0.985574 -0.000000 -20.791362 -0.000000 0.000000 1.000000 0.000000
0.985589 0.169159 0.000000 208.132700 -0.169159 0.985589 -0.000000 -20.912492 -0.000000 0.000000 1.000000 0.000000
0.985735 0.168302 0.000000 208.676316 -0.168302 0.985735 -0.000000 -21.025055 -0.000000 0.000000 1.000000 0.000000
0.985806 0.167886 0.000000 209.285295 -0.167886 0.985806 -0.000000 -21.147838 -0.000000 0.000000 1.000000 0.000000
0.985903 0.167316 0.000000 209.852121 -0.167316 0.985903 -0.000000 -21.252503 -0.000000 0.000000 1.000000 0.000000
