0.999983 0.005825 0.000000 0.537577 -0.005825 0.999983 -0.000000 0.002626 -0.000000 0.000000 1.000000 0.000000
0.999927 0.012099 0.000000 1.120587 -0.012099 0.999927 -0.000000 -0.010652 -0.000000 0.000000 1.000000 0.000000
0.999832 0.018332 0.000000 1.659320 -0.018332 0.999832 -0.000000 -0.018468 -0.000000 0.000000 1.000000 0.000000
0.999647 0.026577 0.000000 2.380018 -0.026577 0.999647 -0.000000 -0.037717 -0.000000 0.000000 1.000000 0.000000
0.999508 0.031376 0.000000 2.954457 -0.031376 0.999508 -0.000000 -0.062978 -0.000000 0.000000 1.000000 0.000000
0.999370 0.035504 0.000000 3.524744 -0.035504 0.999370 -0.000000 -0.088742 -0.000000 0.000000 1.000000 0.000000
0.999170 0.040735 0.000000 4.095048 -0.040735 0.999170 -0.000000 -0.105815 -0.000000 0.000000 1.000000 0.000000
0.998544 0.053938 0.000000 5.236535 -0.053938 0.998544 -0.000000 -0.166073 -0.000000 0.000000 1.000000 0.000000
0.998305 0.058206 0.000000 5.775897 -0.058206 0.998305 -0.000000 -0.183163 -0.000000 0.000000 1.000000 0.000000
0.997842 0.065663 0.000000 6.349616 -0.065663 0.997842 -0.000000 -0.216930 -0.000000 0.000000 1.000000 0.000000
0.997254 0.074058 0.000000 6.890218 -0.074058 0.997254 -0.000000 -0.251162 -0.000000 0.000000 1.000000 0.000000
0.996649 0.081795 0.000000 7.455948 -0.081795 0.996649 -0.000000 -0.295729 -0.000000 0.000000 1.000000 0.000000
0.996048 0.088811 0.000000 7.982628 -0.088811 0.996048 -0.000000 -0.338902 -0.000000 0.000000 1.000000 0.000000
0.995561 0.094124 0.000000 8.556800 -0.094124 0.995561 -0.000000 -0.400816 -0.000000 0.000000 1.000000 0.000000
0.994911 0.100754 0.000000 9.094127 -0.100754 0.994911 -0.000000 -0.461934 -0.000000 0.000000 1.000000 0.000000
0.993826 0.110949 0.000000 9.845646 -0.110949 0.993826 -0.000000 -0.541060 -0.000000 0.000000 1.000000 0.000000
0.992533 0.121974 0.000000 10.416611 -0.121974 0.992533 -0.000000 -0.604130 -0.000000 0.000000 1.000000 0.000000
0.991703 0.128554 0.000000 10.976748 -0.128554 0.991703 -0.000000 -0.674531 -0.000000 0.000000 1.000000 0.000000
0.991015 0.133751 0.000000 11.526169 -0.133751 0.991015 -0.000000 -0.746019 -0.000000 0.000000 1.000000 0.000000
0.990278 0.139103 0.000000 12.094173 -0.139103 0.990278 -0.000000 -0.825479 -0.000000 0.000000 1.000000 0.000000
0.989322 0.145747 0.000000 12.619376 -0.145747 0.989322 -0.000000 -0.909839 -0.000000 0.000000 1.000000 0.000000
0.988270 0.152719 0.000000 13.144097 -0.152719 0.988270 -0.000000 -0.992040 -0.000000 0.000000 1.000000 0.000000
0.987231 0.159293 0.000000 13.705082 -0.159293 0.987231 -0.000000 -1.082303 -0.000000 0.000000 1.000000 0.000000
0.985685 0.168598 0.000000 14.220599 -0.168598 0.985685 -0.000000 -1.171678 -0.000000 0.000000 1.000000 0.000000
0.984346 0.176246 0.000000 14.781029 -0.176246 0.984346 -0.000000 -1.268399 -0.000000 0.000000 1.000000 0.000000
0.982813 0.184602 0.000000 15.517486 -0.184602 0.982813 -0.000000 -1.401253 -0.000000 0.000000 1.000000 0.000000
0.981170 0.193148 0.000000 16.066230 -0.193148 0.981170 -0.000000 -1.512440 -0.000000 0.000000 1.000000 0.000000
0.979478 0.201549 0.000000 16.654197 -0.201549 0.979478 -0.000000 -1.627717 -0.000000 0.000000 1.000000 0.000000
0.977986 0.208669 0.000000 17.199717 -0.208669 0.977986 -0.000000 -1.745065 -0.000000 0.000000 1.000000 0.000000
0.976402 0.215961 0.000000 17.743633 -0.215961 0.976402 -0.000000 -1.863897 -0.000000 0.000000 1.000000 0.000000
0.975011 0.222157 0.000000 18.249343 -0.222157 0.975011 -0.000000 -1.975296 -0.000000 0.000000 1.000000 0.000000
0.973497 0.228701 0.000000 18.796891 -0.228701 0.973497 -0.000000 -2.097323 -0.000000 0.000000 1.000000 0.000000
0.973856 0.227166 0.000000 19.301225 -0.227166 0.973856 -0.000000 -2.210218 -0.000000 0.000000 1.000000 0.000000
0.972574 0.232596 0.000000 19.835932 -0.232596 0.972574 -0.000000 -2.337835 -0.000000 0.000000 1.000000 0.000000
0.969896 0.243519 0.000000 20.865452 -0.243519 0.969896 -0.000000 -2.598544 -0.000000 0.000000 1.000000 0.000000
0.968660 0.248390 0.000000 21.353271 -0.248390 0.968660 -0.000000 -2.723256 -0.000000 0.000000 1.000000 0.000000
0.966936 0.255018 0.000000 21.881938 -0.255018 0.966936 -0.000000 -2.855328 -0.000000 0.000000 1.000000 0.000000
0.965048 0.262074 0.000000 22.549994 -0.262074 0.965048 -0.000000 -3.033561 -0.000000 0.000000 1.000000 0.000000
0.963591 0.267382 0.000000 23.034138 -0.267382 0.963591 -0.000000 -3.166291 -0.000000 0.000000 1.000000 0.000000
0.962006 0.273029 0.000000 23.516317 -0.273029 0.962006 -0.000000 -3.296547 -0.000000 0.000000 1.000000 0.000000
0.959803 0.280673 0.000000 24.030268 -0.280673 0.959803 -0.000000 -3.445263 -0.000000 0.000000 1.000000 0.000000
0.958851 0.283910 0.000000 24.511110 -0.283910 0.958851 -0.000000 -3.584098 -0.000000 0.000000 1.000000 0.000000
0.956014 0.293321 0.000000 25.181559 -0.293321 0.956014 -0.000000 -3.794774 -0.000000 0.000000 1.000000 0.000000
0.954311 0.298815 0.000000 25.691183 -0.298815 0.954311 -0.000000 -3.956397 -0.000000 0.000000 1.000000 0.000000
0.953135 0.302546 0.000000 26.203371 -0.302546 0.953135 -0.000000 -4.130764 -0.000000 0.000000 1.000000 0.000000
0.951467 0.307749 0.000000 26.694039 -0.307749 0.951467 -0.000000 -4.306369 -0.000000 0.000000 1.000000 0.000000
0.949937 0.312441 0.000000 27.206510 -0.312441 0.949937 -0.000000 -4.490681 -0.000000 0.000000 1.000000 0.000000
0.948251 0.317522 0.000000 27.714683 -0.317522 0.948251 -0.000000 -4.672226 -0.000000 0.000000 1.000000 0.000000
0.945946 0.324323 0.000000 28.186496 -0.324323 0.945946 -0.000000 -4.835446 -0.000000 0.000000 1.000000 0.000000
0.944561 0.328337 0.000000 28.692927 -0.328337 0.944561 -0.000000 -5.025991 -0.000000 0.000000 1.000000 0.000000
0.942927 0.332998 0.000000 29.167146 -0.332998 0.942927 -0.000000 -5.204441 -0.000000 0.000000 1.000000 0.000000
0.940573 0.339592 0.000000 29.665212 -0.339592 0.940573 -0.000000 -5.391241 -0.000000 0.000000 1.000000 0.000000
0.938410 0.345524 0.000000 30.140720 -0.345524 0.938410 -0.000000 -5.562380 -0.000000 0.000000 1.000000 0.000000
0.935857 0.352379 0.000000 30.638268 -0.352379 0.935857 -0.000000 -5.755895 -0.000000 0.000000 1.000000 0.000000
0.933091 0.359642 0.000000 31.108960 -0.359642 0.933091 -0.000000 -5.935557 -0.000000 0.000000 1.000000 0.000000
0.930779 0.365582 0.000000 31.608424 -0.365582 0.930779 -0.000000 -6.135782 -0.000000 0.000000 1.000000 0.000000
0.929346 0.369211 0.000000 32.066981 -0.369211 0.929346 -0.000000 -6.318557 -0.000000 0.000000 1.000000 0.000000
0.926051 0.377399 0.000000 32.749317 -0.377399 0.926051 -0.000000 -6.603842 -0.000000 0.000000 1.000000 0.000000
0.921740 0.387808 0.000000 33.453442 -0.387808 0.921740 -0.000000 -6.897694 -0.000000 0.000000 1.000000 0.000000
0.918442 0.395555 0.000000 33.942291 -0.395555 0.918442 -0.000000 -7.104352 -0.000000 0.000000 1.000000 0.000000
0.912580 0.408899 0.000000 34.785096 -0.408899 0.912580 -0.000000 -7.482712 -0.000000 0.000000 1.000000 0.000000
0.910077 0.414439 0.000000 35.263236 -0.414439 0.910077 -0.000000 -7.703588 -0.000000 0.000000 1.000000 0.000000
0.907817 0.419367 0.000000 35.737566 -0.419367 0.907817 -0.000000 -7.934146 -0.000000 0.000000 1.000000 0.000000
0.906079 0.423109 0.000000 36.209216 -0.423109 0.906079 -0.000000 -8.164764 -0.000000 0.000000 1.000000 0.000000
0.901675 0.432415 0.000000 36.679115 -0.432415 0.901675 -0.000000 -8.380390 -0.000000 0.000000 1.000000 0.000000
0.900940 0.433943 0.000000 37.174850 -0.433943 0.900940 -0.000000 -8.629202 -0.000000 0.000000 1.000000 0.000000
0.900110 0.435663 0.000000 37.603427 -0.435663 0.900110 -0.000000 -8.846601 -0.000000 0.000000 1.000000 0.000000
0.897499 0.441016 0.000000 38.062539 -0.441016 0.897499 -0.000000 -9.069260 -0.000000 0.000000 1.000000 0.000000
0.895831 0.444395 0.000000 38.512720 -0.444395 0.895831 -0.000000 -9.299738 -0.000000 0.000000 1.000000 0.000000
0.895391 0.445281 0.000000 38.962501 -0.445281 0.895391 -0.000000 -9.519479 -0.000000 0.000000 1.000000 0.000000
0.893279 0.449502 0.000000 39.394199 -0.449502 0.893279 -0.000000 -9.733070 -0.000000 0.000000 1.000000 0.000000
0.891930 0.452173 0.000000 39.833116 -0.452173 0.891930 -0.000000 -9.953004 -0.000000 0.000000 1.000000 0.000000
0.890227 0.455518 0.000000 40.233978 -0.455518 0.890227 -0.000000 -10.165240 -0.000000 0.000000 1.000000 0.000000
0.890200 0.455571 0.000000 40.657524 -0.455571 0.890200 -0.000000 -10.401881 -0.000000 0.000000 1.000000 0.000000
0.888385 0.459098 0.000000 41.056385 -0.459098 0.888385 -0.000000 -10.604663 -0.000000 0.000000 1.000000 0.000000
0.887355 0.461087 0.000000 41.478184 -0.461087 0.887355 -0.000000 -10.833229 -0.000000 0.000000 1.000000 0.000000
0.886814 0.462127 0.000000 41.882868 -0.462127 0.886814 -0.000000 -11.046476 -0.000000 0.000000 1.000000 0.000000
0.884432 0.466669 0.000000 42.274968 -0.466669 0.884432 -0.000000 -11.262088 -0.000000 0.000000 1.000000 0.000000
0.884168 0.467169 0.000000 42.668872 -0.467169 0.884168 -0.000000 -11.471656 -0.000000 0.000000 1.000000 0.000000
0.878993 0.476834 0.000000 43.065858 -0.476834 0.878993 -0.000000 -11.665218 -0.000000 0.000000 1.000000 0.000000
0.876214 0.481922 0.000000 43.446220 -0.481922 0.876214 -0.000000 -11.872327 -0.000000 0.000000 1.000000 0.000000
0.874275 0.485431 0.000000 43.811936 -0.485431 0.874275 -0.000000 -12.075779 -0.000000 0.000000 1.000000 0.000000
0.871787 0.489884 0.000000 44.195144 -0.489884 0.871787 -0.000000 -12.287379 -0.000000 0.000000 1.000000 0.000000
0.867771 0.496964 0.000000 44.737254 -0.496964 0.867771 -0.000000 -12.607743 -0.000000 0.000000 1.000000 0.000000
0.863063 0.505097 0.000000 45.122415 -0.505097 0.863063 -0.000000 -12.845078 -0.000000 0.000000 1.000000 0.000000
0.857854 0.513893 0.000000 45.480410 -0.513893 0.857854 -0.000000 -13.061071 -0.000000 0.000000 1.000000 0.000000
0.854781 0.518988 0.000000 45.836508 -0.518988 0.854781 -0.000000 -13.280907 -0.000000 0.000000 1.000000 0.000000
0.851916 0.523678 0.000000 46.182120 -0.523678 0.851916 -0.000000 -13.495255 -0.000000 0.000000 1.000000 0.000000
0.847973 0.530039 0.000000 46.524218 -0.530039 0.847973 -0.000000 -13.707727 -0.000000 0.000000 1.000000 0.000000
0.845132 0.534558 0.000000 46.854364 -0.534558 0.845132 -0.000000 -13.920693 -0.000000 0.000000 1.000000 0.000000
0.841796 0.539796 0.000000 47.185954 -0.539796 0.841796 -0.000000 -14.133720 -0.000000 0.000000 1.000000 0.000000
0.839721 0.543018 0.000000 47.506384 -0.543018 0.839721 -0.000000 -14.347775 -0.000000 0.000000 1.000000 0.000000
0.838071 0.545562 0.000000 47.825283 -0.545562 0.838071 -0.000000 -14.563423 -0.000000 0.000000 1.000000 0.000000
0.835861 0.548941 0.000000 48.130387 -0.548941 0.835861 -0.000000 -14.774282 -0.000000 0.000000 1.000000 0.000000
0.833355 0.552738 0.000000 48.742638 -0.552738 0.833355 -0.000000 -15.202040 -0.000000 0.000000 1.000000 0.000000
0.832374 0.554214 0.000000 49.031981 -0.554214 0.832374 -0.000000 -15.403737 -0.000000 0.000000 1.000000 0.000000
0.831625 0.555338 0.000000 49.304012 -0.555338 0.831625 -0.000000 -15.592629 -0.000000 0.000000 1.000000 0.000000
0.831462 0.555581 0.000000 49.574241 -0.555581 0.831462 -0.000000 -15.775901 -0.000000 0.000000 1.000000 0.000000
0.831499 0.555526 0.000000 49.854169 -0.555526 0.831499 -0.000000 -15.976379 -0.000000 0.000000 1.000000 0.000000
0.829881 0.557940 0.000000 50.112297 -0.557940 0.829881 -0.000000 -16.149036 -0.000000 0.000000 1.000000 0.000000
0.828724 0.559657 0.000000 50.387043 -0.559657 0.828724 -0.000000 -16.338414 -0.000000 0.000000 1.000000 0.000000
0.827804 0.561017 0.000000 50.637288 -0.561017 0.827804 -0.000000 -16.514634 -0.000000 0.000000 1.000000 0.000000
0.827642 0.561256 0.000000 50.906944 -0.561256 0.827642 -0.000000 -16.692301 -0.000000 0.000000 1.000000 0.000000
0.827748 0.561100 0.000000 51.148344 -0.561100 0.827748 -0.000000 -16.861719 -0.000000 0.000000 1.000000 0.000000
0.825575 0.564293 0.000000 51.389890 -0.564293 0.825575 -0.000000 -17.018445 -0.000000 0.000000 1.000000 0.000000
0.823997 0.566594 0.000000 51.644786 -0.566594 0.823997 -0.000000 -17.185813 -0.000000 0.000000 1.000000 0.000000
0.820498 0.571649 0.000000 52.004714 -0.571649 0.820498 -0.000000 -17.431306 -0.000000 0.000000 1.000000 0.000000
0.818962 0.573848 0.000000 52.271595 -0.573848 0.818962 -0.000000 -17.600179 -0.000000 0.000000 1.000000 0.000000
0.814764 0.579792 0.000000 52.512635 -0.579792 0.814764 -0.000000 -17.759775 -0.000000 0.000000 1.000000 0.000000
0.811676 0.584108 0.000000 52.750607 -0.584108 0.811676 -0.000000 -17.915023 -0.000000 0.000000 1.000000 0.000000
0.808111 0.589030 0.000000 52.980028 -0.589030 0.808111 -0.000000 -18.066724 -0.000000 0.000000 1.000000 0.000000
0.805018 0.593250 0.000000 53.201640 -0.593250 0.805018 -0.000000 -18.222180 -0.000000 0.000000 1.000000 0.000000
0.804413 0.594070 0.000000 53.417662 -0.594070 0.804413 -0.000000 -18.384591 -0.000000 0.000000 1.000000 0.000000
0.803843 0.594841 0.000000 53.628543 -0.594841 0.803843 -0.000000 -18.544757 -0.000000 0.000000 1.000000 0.000000
0.805886 0.592071 0.000000 53.839375 -0.592071 0.805886 -0.000000 -18.705366 -0.000000 0.000000 1.000000 0.000000
0.804523 0.593921 0.000000 54.035846 -0.593921 0.804523 -0.000000 -18.862986 -0.000000 0.000000 1.000000 0.000000
0.800376 0.599498 0.000000 54.424805 -0.599498 0.800376 -0.000000 -19.156017 -0.000000 0.000000 1.000000 0.000000
0.796602 0.604504 0.000000 54.607678 -0.604504 0.796602 -0.000000 -19.278164 -0.000000 0.000000 1.000000 0.000000
0.795736 0.605644 0.000000 54.775505 -0.605644 0.795736 -0.000000 -19.415737 -0.000000 0.000000 1.000000 0.000000
0.796110 0.605152 0.000000 54.944724 -0.605152 0.796110 -0.000000 -19.561609 -0.000000 0.000000 1.000000 0.000000
0.795206 0.606340 0.000000 55.100184 -0.606340 0.795206 -0.000000 -19.687620 -0.000000 0.000000 1.000000 0.000000
0.794026 0.607884 0.000000 55.251039 -0.607884 0.794026 -0.000000 -19.809146 -0.000000 0.000000 1.000000 0.000000
0.793808 0.608169 0.000000 55.414500 -0.608169 0.793808 -0.000000 -19.942705 -0.000000 0.000000 1.000000 0.000000
0.792783 0.609504 0.000000 55.561748 -0.609504 0.792783 -0.000000 -20.063362 -0.000000 0.000000 1.000000 0.000000
0.791042 0.611762 0.000000 55.726761 -0.611762 0.791042 -0.000000 -20.189164 -0.000000 0.000000 1.000000 0.000000
0.787194 0.616705 0.000000 56.037062 -0.616705 0.787194 -0.000000 -20.430440 -0.000000 0.000000 1.000000 0.000000
0.785667 0.618649 0.000000 56.185396 -0.618649 0.785667 -0.000000 -20.542247 -0.000000 0.000000 1.000000 0.000000
0.784860 0.619673 0.000000 56.331066 -0.619673 0.784860 -0.000000 -20.654907 -0.000000 0.000000 1.000000 0.000000
0.783093 0.621905 0.000000 56.577813 -0.621905 0.783093 -0.000000 -20.841418 -0.000000 0.000000 1.000000 0.000000
0.781824 0.623500 0.000000 56.728326 -0.623500 0.781824 -0.000000 -20.966097 -0.000000 0.000000 1.000000 0.000000
0.779499 0.626404 0.000000 56.881546 -0.626404 0.779499 -0.000000 -21.084795 -0.000000 0.000000 1.000000 0.000000
0.777530 0.628846 0.000000 57.035102 -0.628846 0.777530 -0.000000 -21.206600 -0.000000 0.000000 1.000000 0.000000
0.778236 0.627971 0.000000 57.188530 -0.627971 0.778236 -0.000000 -21.325898 -0.000000 0.000000 1.000000 0.000000
0.776774 0.629779 0.000000 57.339132 -0.629779 0.776774 -0.000000 -21.448714 -0.000000 0.000000 1.000000 0.000000
0.775499 0.631349 0.000000 57.490272 -0.631349 0.775499 -0.000000 -21.574061 -0.000000 0.000000 1.000000 0.000000
0.772343 0.635205 0.000000 57.803400 -0.635205 0.772343 -0.000000 -21.837549 -0.000000 0.000000 1.000000 0.000000
0.770183 0.637823 0.000000 57.963613 -0.637823 0.770183 -0.000000 -21.969746 -0.000000 0.000000 1.000000 0.000000
0.768329 0.640055 0.000000 58.126984 -0.640055 0.768329 -0.000000 -22.103923 -0.000000 0.000000 1.000000 0.000000
0.766021 0.642816 0.000000 58.284889 -0.642816 0.766021 -0.000000 -22.234333 -0.000000 0.000000 1.000000 0.000000
0.763758 0.645503 0.000000 58.449808 -0.645503 0.763758 -0.000000 -22.373620 -0.000000 0.000000 1.000000 0.000000
0.762535 0.646947 0.000000 58.608331 -0.646947 0.762535 -0.000000 -22.511759 -0.000000 0.000000 1.000000 0.000000
0.760493 0.649346 0.000000 58.765513 -0.649346 0.760493 -0.000000 -22.644623 -0.000000 0.000000 1.000000 0.000000
0.758432 0.651752 0.000000 58.938554 -0.651752 0.758432 -0.000000 -22.797373 -0.000000 0.000000 1.000000 0.000000
0.755313 0.655364 0.000000 59.105224 -0.655364 0.755313 -0.000000 -22.935435 -0.000000 0.000000 1.000000 0.000000
0.751240 0.660029 0.000000 59.279635 -0.660029 0.751240 -0.000000 -23.072274 -0.000000 0.000000 1.000000 0.000000
0.747234 0.664561 0.000000 59.458506 -0.664561 0.747234 -0.000000 -23.228369 -0.000000 0.000000 1.000000 0.000000
0.744885 0.667193 0.000000 59.627371 -0.667193 0.744885 -0.000000 -23.378913 -0.000000 0.000000 1.000000 0.000000
0.742539 0.669803 0.000000 59.814844 -0.669803 0.742539 -0.000000 -23.544082 -0.000000 0.000000 1.000000 0.000000
0.740677 0.671862 0.000000 59.988813 -0.671862 0.740677 -0.000000 -23.702485 -0.000000 0.000000 1.000000 0.000000
0.737016 0.675876 0.000000 60.184131 -0.675876 0.737016 -0.000000 -23.867667 -0.000000 0.000000 1.000000 0.000000
0.734550 0.678555 0.000000 60.361664 -0.678555 0.734550 -0.000000 -24.034616 -0.000000 0.000000 1.000000 0.000000
0.729123 0.684383 0.000000 60.637152 -0.684383 0.729123 -0.000000 -24.285706 -0.000000 0.000000 1.000000 0.000000
0.727354 0.686263 0.000000 60.816586 -0.686263 0.727354 -0.000000 -24.452494 -0.000000 0.000000 1.000000 0.000000
0.725634 0.688081 0.000000 61.009016 -0.688081 0.725634 -0.000000 -24.636815 -0.000000 0.000000 1.000000 0.000000
0.723945 0.689858 0.000000 61.189448 -0.689858 0.723945 -0.000000 -24.814188 -0.000000 0.000000 1.000000 0.000000
0.719938 0.694039 0.000000 61.566832 -0.694039 0.719938 -0.000000 -25.194546 -0.000000 0.000000 1.000000 0.000000
0.718057 0.695984 0.000000 61.750981 -0.695984 0.718057 -0.000000 -25.380391 -0.000000 0.000000 1.000000 0.000000
0.716253 0.697841 0.000000 61.928470 -0.697841 0.716253 -0.000000 -25.560472 -0.000000 0.000000 1.000000 0.000000
0.714755 0.699375 0.000000 62.119471 -0.699375 0.714755 -0.000000 -25.751195 -0.000000 0.000000 1.000000 0.000000
0.711939 0.702242 0.000000 62.389434 -0.702242 0.711939 -0.000000 -26.001060 -0.000000 0.000000 1.000000 0.000000
0.706894 0.707320 0.000000 62.583780 -0.707320 0.706894 -0.000000 -26.182850 -0.000000 0.000000 1.000000 0.000000
0.703352 0.710842 0.000000 62.769050 -0.710842 0.703352 -0.000000 -26.361135 -0.000000 0.000000 1.000000 0.000000
0.699222 0.714905 0.000000 62.954358 -0.714905 0.699222 -0.000000 -26.550489 -0.000000 0.000000 1.000000 0.000000
0.696487 0.717569 0.000000 63.125909 -0.717569 0.696487 -0.000000 -26.726010 -0.000000 0.000000 1.000000 0.000000
0.694447 0.719543 0.000000 63.297453 -0.719543 0.694447 -0.000000 -26.900316 -0.000000 0.000000 1.000000 0.000000
0.691633 0.722249 0.000000 63.478172 -0.722249 0.691633 -0.000000 -27.089057 -0.000000 0.000000 1.000000 0.000000
0.690526 0.723308 0.000000 63.646496 -0.723308 0.690526 -0.000000 -27.271322 -0.000000 0.000000 1.000000 0.000000
0.688632 0.725111 0.000000 63.810613 -0.725111 0.688632 -0.000000 -27.454820 -0.000000 0.000000 1.000000 0.000000
0.686161 0.727450 0.000000 63.987221 -0.727450 0.686161 -0.000000 -27.645063 -0.000000 0.000000 1.000000 0.000000
0.686089 0.727518 0.000000 64.149256 -0.727518 0.686089 -0.000000 -27.822486 -0.000000 0.000000 1.000000 0.000000
0.686854 0.726796 0.000000 64.370448 -0.726796 0.686854 -0.000000 -28.075697 -0.000000 0.000000 1.000000 0.000000
0.686439 0.727188 0.000000 64.549319 -0.727188 0.686439 -0.000000 -28.276057 -0.000000 0.000000 1.000000 0.000000
0.685978 0.727622 0.000000 64.716365 -0.727622 0.685978 -0.000000 -28.464998 -0.000000 0.000000 1.000000 0.000000
0.686667 0.726972 0.000000 64.878376 -0.726972 0.686667 -0.000000 -28.656058 -0.000000 0.000000 1.000000 0.000000
0.685168 0.728385 0.000000 65.044266 -0.728385 0.685168 -0.000000 -28.842945 -0.000000 0.000000 1.000000 0.000000
0.684758 0.728770 0.000000 65.208239 -0.728770 0.684758 -0.000000 -29.026296 -0.000000 0.000000 1.000000 0.000000
0.688441 0.725292 0.000000 65.364281 -0.725292 0.688441 -0.000000 -29.211943 -0.000000 0.000000 1.000000 0.000000
0.688619 0.725123 0.000000 65.534005 -0.725123 0.688619 -0.000000 -29.384601 -0.000000 0.000000 1.000000 0.000000
0.690667 0.723173 0.000000 65.701555 -0.723173 0.690667 -0.000000 -29.562490 -0.000000 0.000000 1.000000 0.000000
0.691332 0.722538 0.000000 65.852086 -0.722538 0.691332 -0.000000 -29.726730 -0.000000 0.000000 1.000000 0.000000
0.691976 0.721921 0.000000 66.165379 -0.721921 0.691976 -0.000000 -30.067519 -0.000000 0.000000 1.000000 0.000000
0.692183 0.721722 0.000000 66.319949 -0.721722 0.692183 -0.000000 -30.239760 -0.000000 0.000000 1.000000 0.000000
0.694549 0.719446 0.000000 66.475651 -0.719446 0.694549 -0.000000 -30.409070 -0.000000 0.000000 1.000000 0.000000
0.696429 0.717625 0.000000 66.615110 -0.717625 0.696429 -0.000000 -30.564766 -0.000000 0.000000 1.000000 0.000000
0.697775 0.716317 0.000000 66.767613 -0.716317 0.697775 -0.000000 -30.722497 -0.000000 0.000000 1.000000 0.000000
0.698663 0.715451 0.000000 66.912305 -0.715451 0.698663 -0.000000 -30.875451 -0.000000 0.000000 1.000000 0.000000
0.698851 0.715267 0.000000 67.065209 -0.715267 0.698851 -0.000000 -31.031118 -0.000000 0.000000 1.000000 0.000000
0.700060 0.714084 0.000000 67.322346 -0.714084 0.700060 -0.000000 -31.294890 -0.000000 0.000000 1.000000 0.000000
0.701622 0.712549 0.000000 67.465256 -0.712549 0.701622 -0.000000 -31.447206 -0.000000 0.000000 1.000000 0.000000
0.704065 0.710136 0.000000 67.605053 -0.710136 0.704065 -0.000000 -31.598210 -0.000000 0.000000 1.000000 0.000000
0.704323 0.709880 0.000000 67.747009 -0.709880 0.704323 -0.000000 -31.743387 -0.000000 0.000000 1.000000 0.000000
0.706838 0.707376 0.000000 67.888863 -0.707376 0.706838 -0.000000 -31.888102 -0.000000 0.000000 1.000000 0.000000
0.709290 0.704917 0.000000 68.028310 -0.704917 0.709290 -0.000000 -32.036154 -0.000000 0.000000 1.000000 0.000000
0.714665 0.699467 0.000000 68.301847 -0.699467 0.714665 -0.000000 -32.315671 -0.000000 0.000000 1.000000 0.000000
0.717833 0.696215 0.000000 68.425372 -0.696215 0.717833 -0.000000 -32.437498 -0.000000 0.000000 1.000000 0.000000
0.720914 0.693024 0.000000 68.549036 -0.693024 0.720914 -0.000000 -32.559747 -0.000000 0.000000 1.000000 0.000000
0.726862 0.686784 0.000000 68.766541 -0.686784 0.726862 -0.000000 -32.773890 -0.000000 0.000000 1.000000 0.000000
0.730999 0.682378 0.000000 69.057134 -0.682378 0.730999 -0.000000 -33.039681 -0.000000 0.000000 1.000000 0.000000
0.737642 0.675192 0.000000 69.225213 -0.675192 0.737642 -0.000000 -33.199107 -0.000000 0.000000 1.000000 0.000000
0.740527 0.672027 0.000000 69.335230 -0.672027 0.740527 -0.000000 -33.294341 -0.000000 0.000000 1.000000 0.000000
0.749351 0.662173 0.000000 69.547115 -0.662173 0.749351 -0.000000 -33.492016 -0.000000 0.000000 1.000000 0.000000
0.753457 0.657497 0.000000 69.651055 -0.657497 0.753457 -0.000000 -33.586859 -0.000000 0.000000 1.000000 0.000000
0.757237 0.653140 0.000000 69.746604 -0.653140 0.757237 -0.000000 -33.670476 -0.000000 0.000000 1.000000 0.000000
0.760253 0.649627 0.000000 69.846344 -0.649627 0.760253 -0.000000 -33.754265 -0.000000 0.000000 1.000000 0.000000
0.765269 0.643710 0.000000 69.996304 -0.643710 0.765269 -0.000000 -33.879235 -0.000000 0.000000 1.000000 0.000000
0.771975 0.635653 0.000000 70.182422 -0.635653 0.771975 -0.000000 -34.034722 -0.000000 0.000000 1.000000 0.000000
0.775733 0.631061 0.000000 70.273309 -0.631061 0.775733 -0.000000 -34.104941 -0.000000 0.000000 1.000000 0.000000
0.779516 0.626383 0.000000 70.363977 -0.626383 0.779516 -0.000000 -34.172447 -0.000000 0.000000 1.000000 0.000000
0.783281 0.621667 0.000000 70.447780 -0.621667 0.783281 -0.000000 -34.238050 -0.000000 0.000000 1.000000 0.000000
0.787106 0.616818 0.000000 70.535224 -0.616818 0.787106 -0.000000 -34.304768 -0.000000 0.000000 1.000000 0.000000
0.789651 0.613556 0.000000 70.614780 -0.613556 0.789651 -0.000000 -34.359262 -0.000000 0.000000 1.000000 0.000000
0.796812 0.604228 0.000000 70.766133 -0.604228 0.796812 -0.000000 -34.476637 -0.000000 0.000000 1.000000 0.000000
0.799171 0.601104 0.000000 70.834233 -0.601104 0.799171 -0.000000 -34.521601 -0.000000 0.000000 1.000000 0.000000
0.801938 0.597407 0.000000 70.898714 -0.597407 0.801938 -0.000000 -34.567746 -0.000000 0.000000 1.000000 0.000000
0.803589 0.595185 0.000000 70.959025 -0.595185 0.803589 -0.000000 -34.606810 -0.000000 0.000000 1.000000 0.000000
0.807026 0.590516 0.000000 71.015768 -0.590516 0.807026 -0.000000 -34.648428 -0.000000 0.000000 1.000000 0.000000
0.808771 0.588124 0.000000 71.062345 -0.588124 0.808771 -0.000000 -34.679054 -0.000000 0.000000 1.000000 0.000000
0.810509 0.585726 0.000000 71.106723 -0.585726 0.810509 -0.000000 -34.711158 -0.000000 0.000000 1.000000 0.000000
0.811969 0.583701 0.000000 71.176021 -0.583701 0.811969 -0.000000 -34.753757 -0.000000 0.000000 1.000000 0.000000
0.813367 0.581750 0.000000 71.207855 -0.581750 0.813367 -0.000000 -34.773434 -0.000000 0.000000 1.000000 0.000000
0.813910 0.580990 0.000000 71.238978 -0.580990 0.813910 -0.000000 -34.790343 -0.000000 0.000000 1.000000 0.000000
0.814484 0.580186 0.000000 71.265131 -0.580186 0.814484 -0.000000 -34.804924 -0.000000 0.000000 1.000000 0.000000
0.815576 0.578650 0.000000 71.288803 -0.578650 0.815576 -0.000000 -34.821192 -0.000000 0.000000 1.000000 0.000000
0.816541 0.577287 0.000000 71.307331 -0.577287 0.816541 -0.000000 -34.832366 -0.000000 0.000000 1.000000 0.000000
0.816858 0.576839 0.000000 71.324472 -0.576839 0.816858 -0.000000 -34.842484 -0.000000 0.000000 1.000000 0.000000
0.817031 0.576594 0.000000 71.337446 -0.576594 0.817031 -0.000000 -34.849990 -0.000000 0.000000 1.000000 0.000000
0.818654 0.574287 0.000000 71.347608 -0.574287 0.818654 -0.000000 -34.864819 -0.000000 0.000000 1.000000 0.000000
0.818076 0.575111 0.000000 71.352883 -0.575111 0.818076 -0.000000 -34.860070 -0.000000 0.000000 1.000000 0.000000
0.818976 0.573828 0.000000 71.355189 -0.573828 0.818976 -0.000000 -34.860971 -0.000000 0.000000 1.000000 0.000000
0.818914 0.573916 0.000000 71.354775 -0.573916 0.818914 -0.000000 -34.857042 -0.000000 0.000000 1.000000 0.000000
0.818164 0.574985 0.000000 71.357177 -0.574985 0.818164 -0.000000 -34.851959 -0.000000 0.000000 1.000000 0.000000
0.818061 0.575131 0.000000 71.355462 -0.575131 0.818061 -0.000000 -34.848588 -0.000000 0.000000 1.000000 0.000000
0.817859 0.575419 0.000000 71.356357 -0.575419 0.817859 -0.000000 -34.846598 -0.000000 0.000000 1.000000 0.000000
0.818843 0.574017 0.000000 71.355581 -0.574017 0.818843 -0.000000 -34.848647 -0.000000 0.000000 1.000000 0.000000
0.818853 0.574003 0.000000 71.355514 -0.574003 0.818853 -0.000000 -34.849125 -0.000000 0.000000 1.000000 0.000000
0.818112 0.575059 0.000000 71.356795 -0.575059 0.818112 -0.000000 -34.846170 -0.000000 0.000000 1.000000 0.000000
0.817955 0.575282 0.000000 71.357948 -0.575282 0.817955 -0.000000 -34.846214 -0.000000 0.000000 1.000000 0.000000
0.818019 0.575191 0.000000 71.358452 -0.575191 0.818019 -0.000000 -34.845723 -0.000000 0.000000 1.000000 0.000000
0.817931 0.575316 0.000000 71.358913 -0.575316 0.817931 -0.000000 -34.844962 -0.000000 0.000000 1.000000 0.000000
0.817880 0.575388 0.000000 71.359188 -0.575388 0.817880 -0.000000 -34.843682 -0.000000 0.000000 1.000000 0.000000
0.817789 0.575518 0.000000 71.359675 -0.575518 0.817789 -0.000000 -34.841742 -0.000000 0.000000 1.000000 0.000000
0.817642 0.575727 0.000000 71.360619 -0.575727 0.817642 -0.000000 -34.839049 -0.000000 0.000000 1.000000 0.000000
0.817588 0.575804 0.000000 71.360784 -0.575804 0.817588 -0.000000 -34.838033 -0.000000 0.000000 1.000000 0.000000
0.817602 0.575784 0.000000 71.360940 -0.575784 0.817602 -0.000000 -34.837615 -0.000000 0.000000 1.000000 0.000000
0.817622 0.575756 0.000000 71.361187 -0.575756 0.817622 -0.000000 -34.837113 -0.000000 0.000000 1.000000 0.000000
0.817615 0.575765 0.000000 71.361611 -0.575765 0.817615 -0.000000 -34.836783 -0.000000 0.000000 1.000000 0.000000
0.817620 0.575759 0.000000 71.361820 -0.575759 0.817620 -0.000000 -34.837289 -0.000000 0.000000 1.000000 0.000000
0.817596 0.575792 0.000000 71.361733 -0.575792 0.817596 -0.000000 -34.837859 -0.000000 0.000000 1.000000 0.000000
0.817571 0.575828 0.000000 71.361947 -0.575828 0.817571 -0.000000 -34.838509 -0.000000 0.000000 1.000000 0.000000
0.817553 0.575854 0.000000 71.362244 -0.575854 0.817553 -0.000000 -34.839657 -0.000000 0.000000 1.000000 0.000000
0.817393 0.576080 0.000000 71.362958 -0.576080 0.817393 -0.000000 -34.840995 -0.000000 0.000000 1.000000 0.000000
0.817294 0.576221 0.000000 71.363449 -0.576221 0.817294 -0.000000 -34.841833 -0.000000 0.000000 1.000000 0.000000
0.817240 0.576298 0.000000 71.363939 -0.576298 0.817240 -0.000000 -34.841737 -0.000000 0.000000 1.000000 0.000000
0.817223 0.576322 0.000000 71.364701 -0.576322 0.817223 -0.000000 -34.842252 -0.000000 0.000000 1.000000 0.000000
0.817256 0.576274 0.000000 71.364924 -0.576274 0.817256 -0.000000 -34.842344 -0.000000 0.000000 1.000000 0.000000
0.817259 0.576271 0.000000 71.365402 -0.576271 0.817259 -0.000000 -34.842261 -0.000000 0.000000 1.000000 0.000000
0.817229 0.576314 0.000000 71.365474 -0.576314 0.817229 -0.000000 -34.842084 -0.000000 0.000000 1.000000 0.000000
0.817226 0.576318 0.000000 71.365260 -0.576318 0.817226 -0.000000 -34.841746 -0.000000 0.000000 1.000000 0.000000
0.817227 0.576315 0.000000 71.364848 -0.576315 0.817227 -0.000000 -34.841185 -0.000000 0.000000 1.000000 0.000000
0.817196 0.576360 0.000000 71.364692 -0.576360 0.817196 -0.000000 -34.840809 -0.000000 0.000000 1.000000 0.000000
0.817226 0.576317 0.000000 71.364290 -0.576317 0.817226 -0.000000 -34.840548 -0.000000 0.000000 1.000000 0.000000
0.817230 0.576312 0.000000 71.363712 -0.576312 0.817230 -0.000000 -34.840103 -0.000000 0.000000 1.000000 0.000000
0.817232 0.576309 0.000000 71.363322 -0.576309 0.817232 -0.000000 -34.839533 -0.000000 0.000000 1.000000 0.000000
0.817256 0.576274 0.000000 71.362710 -0.576274 0.817256 -0.000000 -34.838813 -0.000000 0.000000 1.000000 0.000000
0.817368 0.576116 0.000000 71.361828 -0.576116 0.817368 -0.000000 -34.838010 -0.000000 0.000000 1.000000 0.000000
0.817751 0.575573 0.000000 71.359918 -0.575573 0.817751 -0.000000 -34.837025 -0.000000 0.000000 1.000000 0.000000
0.817681 0.575671 0.000000 71.359421 -0.575671 0.817681 -0.000000 -34.836300 -0.000000 0.000000 1.000000 0.000000
0.817624 0.575753 0.000000 71.359027 -0.575753 0.817624 -0.000000 -34.835529 -0.000000 0.000000 1.000000 0.000000
0.817600 0.575786 0.000000 71.358950 -0.575786 0.817600 -0.000000 -34.835246 -0.000000 0.000000 1.000000 0.000000
0.817663 0.575697 0.000000 71.358460 -0.575697 0.817663 -0.000000 -34.835386 -0.000000 0.000000 1.000000 0.000000
0.817772 0.575542 0.000000 71.357888 -0.575542 0.817772 -0.000000 -34.835495 -0.000000 0.000000 1.000000 0.000000
0.817732 0.575600 0.000000 71.357559 -0.575600 0.817732 -0.000000 -34.835043 -0.000000 0.000000 1.000000 0.000000
0.817557 0.575847 0.000000 71.357291 -0.575847 0.817557 -0.000000 -34.835014 -0.000000 0.000000 1.000000 0.000000
0.817014 0.576617 0.000000 71.357413 -0.576617 0.817014 -0.000000 -34.834097 -0.000000 0.000000 1.000000 0.000000
0.816629 0.577164 0.000000 71.357205 -0.577164 0.816629 -0.000000 -34.834004 -0.000000 0.000000 1.000000 0.000000
0.815397 0.578902 0.000000 71.358698 -0.578902 0.815397 -0.000000 -34.832696 -0.000000 0.000000 1.000000 0.000000
0.815426 0.578861 0.000000 71.357771 -0.578861 0.815426 -0.000000 -34.834147 -0.000000 0.000000 1.000000 0.000000
0.815542 0.578697 0.000000 71.358825 -0.578697 0.815542 -0.000000 -34.837541 -0.000000 0.000000 1.000000 0.000000
0.815874 0.578230 0.000000 71.356898 -0.578230 0.815874 -0.000000 -34.841055 -0.000000 0.000000 1.000000 0.000000
0.816858 0.576838 0.000000 71.353180 -0.576838 0.816858 -0.000000 -34.844800 -0.000000 0.000000 1.000000 0.000000
0.817640 0.575729 0.000000 71.352195 -0.575729 0.817640 -0.000000 -34.848638 -0.000000 0.000000 1.000000 0.000000
0.818257 0.574853 0.000000 71.352148 -0.574853 0.818257 -0.000000 -34.852349 -0.000000 0.000000 1.000000 0.000000
0.818594 0.574373 0.000000 71.351013 -0.574373 0.818594 -0.000000 -34.854499 -0.000000 0.000000 1.000000 0.000000
0.818736 0.574171 0.000000 71.351214 -0.574171 0.818736 -0.000000 -34.855422 -0.000000 0.000000 1.000000 0.000000
0.818950 0.573865 0.000000 71.350110 -0.573865 0.818950 -0.000000 -34.855992 -0.000000 0.000000 1.000000 0.000000
0.819014 0.573773 0.000000 71.350297 -0.573773 0.819014 -0.000000 -34.856289 -0.000000 0.000000 1.000000 0.000000
0.819109 0.573638 0.000000 71.350175 -0.573638 0.819109 -0.000000 -34.855990 -0.000000 0.000000 1.000000 0.000000
0.819230 0.573465 0.000000 71.348599 -0.573465 0.819230 -0.000000 -34.855847 -0.000000 0.000000 1.000000 0.000000
0.819290 0.573380 0.000000 71.347158 -0.573380 0.819290 -0.000000 -34.855757 -0.000000 0.000000 1.000000 0.000000
0.819524 0.573045 0.000000 71.345509 -0.573045 0.819524 -0.000000 -34.855676 -0.000000 0.000000 1.000000 0.000000
0.819632 0.572890 0.000000 71.344858 -0.572890 0.819632 -0.000000 -34.855527 -0.000000 0.000000 1.000000 0.000000
0.819739 0.572737 0.000000 71.344112 -0.572737 0.819739 -0.000000 -34.856143 -0.000000 0.000000 1.000000 0.000000
0.819978 0.572396 0.000000 71.343082 -0.572396 0.819978 -0.000000 -34.856891 -0.000000 0.000000 1.000000 0.000000
0.820305 0.571927 0.000000 71.342913 -0.571927 0.820305 -0.000000 -34.858004 -0.000000 0.000000 1.000000 0.000000
0.820930 0.571028 0.000000 71.341874 -0.571028 0.820930 -0.000000 -34.859711 -0.000000 0.000000 1.000000 0.000000
0.821454 0.570275 0.000000 71.341515 -0.570275 0.821454 -0.000000 -34.861357 -0.000000 0.000000 1.000000 0.000000
0.821185 0.570663 0.000000 71.342284 -0.570663 0.821185 -0.000000 -34.859843 -0.000000 0.000000 1.000000 0.000000
0.820040 0.572306 0.000000 71.346121 -0.572306 0.820040 -0.000000 -34.857039 -0.000000 0.000000 1.000000 0.000000
0.817891 0.575373 0.000000 71.357139 -0.575373 0.817891 -0.000000 -34.853927 -0.000000 0.000000 1.000000 0.000000
0.816369 0.577531 0.000000 71.368013 -0.577531 0.816369 -0.000000 -34.853727 -0.000000 0.000000 1.000000 0.000000
0.815091 0.579333 0.000000 71.374596 -0.579333 0.815091 -0.000000 -34.853481 -0.000000 0.000000 1.000000 0.000000
0.813625 0.581390 0.000000 71.381317 -0.581390 0.813625 -0.000000 -34.851694 -0.000000 0.000000 1.000000 0.000000
0.812449 0.583033 0.000000 71.388146 -0.583033 0.812449 -0.000000 -34.850933 -0.000000 0.000000 1.000000 0.000000
0.811402 0.584489 0.000000 71.394377 -0.584489 0.811402 -0.000000 -34.851106 -0.000000 0.000000 1.000000 0.000000
0.810624 0.585567 0.000000 71.401672 -0.585567 0.810624 -0.000000 -34.855065 -0.000000 0.000000 1.000000 0.000000
0.810473 0.585776 0.000000 71.408319 -0.585776 0.810473 -0.000000 -34.862628 -0.000000 0.000000 1.000000 0.000000
0.810589 0.585616 0.000000 71.412596 -0.585616 0.810589 -0.000000 -34.869685 -0.000000 0.000000 1.000000 0.000000
0.811151 0.584837 0.000000 71.421093 -0.584837 0.811151 -0.000000 -34.878833 -0.000000 0.000000 1.000000 0.000000
0.811926 0.583760 0.000000 71.428523 -0.583760 0.811926 -0.000000 -34.887455 -0.000000 0.000000 1.000000 0.000000
0.813077 0.582156 0.000000 71.436057 -0.582156 0.813077 -0.000000 -34.895656 -0.000000 0.000000 1.000000 0.000000
0.813604 0.581419 0.000000 71.445938 -0.581419 0.813604 -0.000000 -34.902283 -0.000000 0.000000 1.000000 0.000000
0.813540 0.581510 0.000000 71.457545 -0.581510 0.813540 -0.000000 -34.909834 -0.000000 0.000000 1.000000 0.000000
0.813455 0.581628 0.000000 71.471723 -0.581628 0.813455 -0.000000 -34.915891 -0.000000 0.000000 1.000000 0.000000
0.813045 0.582201 0.000000 71.485170 -0.582201 0.813045 -0.000000 -34.920426 -0.000000 0.000000 1.000000 0.000000
0.812605 0.582814 0.000000 71.502652 -0.582814 0.812605 -0.000000 -34.927148 -0.000000 0.000000 1.000000 0.000000
0.812288 0.583256 0.000000 71.534242 -0.583256 0.812288 -0.000000 -34.943970 -0.000000 0.000000 1.000000 0.000000
0.813488 0.581582 0.000000 71.546365 -0.581582 0.813488 -0.000000 -34.956007 -0.000000 0.000000 1.000000 0.000000
0.813829 0.581105 0.000000 71.559273 -0.581105 0.813829 -0.000000 -34.964875 -0.000000 0.000000 1.000000 0.000000
0.814739 0.579828 0.000000 71.571148 -0.579828 0.814739 -0.000000 -34.977456 -0.000000 0.000000 1.000000 0.000000
0.815474 0.578793 0.000000 71.581107 -0.578793 0.815474 -0.000000 -34.987686 -0.000000 0.000000 1.000000 0.000000
0.817306 0.576203 0.000000 71.587582 -0.576203 0.817306 -0.000000 -34.998867 -0.000000 0.000000 1.000000 0.000000
0.818272 0.574832 0.000000 71.595717 -0.574832 0.818272 -0.000000 -35.009347 -0.000000 0.000000 1.000000 0.000000
0.818738 0.574167 0.000000 71.602534 -0.574167 0.818738 -0.000000 -35.014334 -0.000000 0.000000 1.000000 0.000000
0.819050 0.573722 0.000000 71.610059 -0.573722 0.819050 -0.000000 -35.017072 -0.000000 0.000000 1.000000 0.000000
0.818577 0.574397 0.000000 71.617188 -0.574397 0.818577 -0.000000 -35.016888 -0.000000 0.000000 1.000000 0.000000
0.818260 0.574848 0.000000 71.624874 -0.574848 0.818260 -0.000000 -35.016108 -0.000000 0.000000 1.000000 0.000000
0.817599 0.575788 0.000000 71.629026 -0.575788 0.817599 -0.000000 -35.015888 -0.000000 0.000000 1.000000 0.000000
0.817562 0.575840 0.000000 71.631856 -0.575840 0.817562 -0.000000 -35.015829 -0.000000 0.000000 1.000000 0.000000
0.817432 0.576026 0.000000 71.634486 -0.576026 0.817432 -0.000000 -35.015844 -0.000000 0.000000 1.000000 0.000000
0.817688 0.575661 0.000000 71.634552 -0.575661 0.817688 -0.000000 -35.018439 -0.000000 0.000000 1.000000 0.000000
0.818279 0.574822 0.000000 71.632970 -0.574822 0.818279 -0.000000 -35.019373 -0.000000 0.000000 1.000000 0.000000
0.818654 0.574287 0.000000 71.631121 -0.574287 0.818654 -0.000000 -35.019912 -0.000000 0.000000 1.000000 0.000000
0.818659 0.574280 0.000000 71.630317 -0.574280 0.818659 -0.000000 -35.019362 -0.000000 0.000000 1.000000 0.000000
0.818634 0.574315 0.000000 71.631293 -0.574315 0.818634 -0.000000 -35.018467 -0.000000 0.000000 1.000000 0.000000
0.819033 0.573747 0.000000 71.632059 -0.573747 0.819033 -0.000000 -35.017201 -0.000000 0.000000 1.000000 0.000000
0.819231 0.573464 0.000000 71.631876 -0.573464 0.819231 -0.000000 -35.017574 -0.000000 0.000000 1.000000 0.000000
0.820331 0.571890 0.000000 71.630362 -0.571890 0.820331 -0.000000 -35.020851 -0.000000 0.000000 1.000000 0.000000
0.820539 0.571591 0.000000 71.630448 -0.571591 0.820539 -0.000000 -35.018815 -0.000000 0.000000 1.000000 0.000000
0.820964 0.570981 0.000000 71.629622 -0.570981 0.820964 -0.000000 -35.017481 -0.000000 0.000000 1.000000 0.000000
0.821746 0.569854 0.000000 71.627600 -0.569854 0.821746 -0.000000 -35.018039 -0.000000 0.000000 1.000000 0.000000
0.821902 0.569629 0.000000 71.627086 -0.569629 0.821902 -0.000000 -35.016084 -0.000000 0.000000 1.000000 0.000000
0.822179 0.569229 0.000000 71.626626 -0.569229 0.822179 -0.000000 -35.015097 -0.000000 0.000000 1.000000 0.000000
0.822287 0.569074 0.000000 71.626596 -0.569074 0.822287 -0.000000 -35.014200 -0.000000 0.000000 1.000000 0.000000
0.822271 0.569096 0.000000 71.627009 -0.569096 0.822271 -0.000000 -35.013408 -0.000000 0.000000 1.000000 0.000000
0.822482 0.568791 0.000000 71.625743 -0.568791 0.822482 -0.000000 -35.012366 -0.000000 0.000000 1.000000 0.000000
0.822395 0.568916 0.000000 71.625285 -0.568916 0.822395 -0.000000 -35.010787 -0.000000 0.000000 1.000000 0.000000
0.823220 0.567722 0.000000 71.623293 -0.567722 0.823220 -0.000000 -35.012706 -0.000000 0.000000 1.000000 0.000000
0.823483 0.567341 0.000000 71.621575 -0.567341 0.823483 -0.000000 -35.013528 -0.000000 0.000000 1.000000 0.000000
0.823841 0.566820 0.000000 71.619922 -0.566820 0.823841 -0.000000 -35.013707 -0.000000 0.000000 1.000000 0.000000
0.824217 0.566273 0.000000 71.617849 -0.566273 0.824217 -0.000000 -35.014266 -0.000000 0.000000 1.000000 0.000000
0.824266 0.566203 0.000000 71.617445 -0.566203 0.824266 -0.000000 -35.014653 -0.000000 0.000000 1.000000 0.000000
