0.999625 0.027320 0.001643 10.615224 -0.027295 0.999534 -0.013672 -0.177814 -0.002016 0.013622 0.999905 0.338027
0.999610 0.027720 0.003312 11.208540 -0.027670 0.999513 -0.014438 -0.195277 -0.003710 0.014340 0.999890 0.356961
0.999567 0.029089 0.004457 11.757822 -0.029020 0.999467 -0.014929 -0.212714 -0.004888 0.014793 0.999879 0.374496
0.999473 0.032114 0.004833 12.364115 -0.032037 0.999369 -0.015348 -0.232907 -0.005323 0.015185 0.999871 0.393856
0.999430 0.033439 0.004738 12.924415 -0.033362 0.999325 -0.015404 -0.254558 -0.005249 0.015237 0.999870 0.411764
0.999418 0.033765 0.004910 13.511252 -0.033684 0.999307 -0.015812 -0.277378 -0.005440 0.015637 0.999863 0.430520
0.999390 0.034471 0.005579 14.071544 -0.034377 0.999277 -0.016244 -0.300539 -0.006135 0.016042 0.999852 0.448436
0.999368 0.034925 0.006693 14.641037 -0.034817 0.999271 -0.015667 -0.324087 -0.007236 0.015424 0.999855 0.466646
0.999310 0.036251 0.008140 15.220263 -0.036125 0.999233 -0.015130 -0.348142 -0.008683 0.014826 0.999852 0.485167
0.999215 0.038439 0.009606 15.984889 -0.038305 0.999171 -0.013814 -0.382471 -0.010129 0.013435 0.999858 0.509631
0.999164 0.039635 0.010050 16.617653 -0.039498 0.999129 -0.013492 -0.411010 -0.010576 0.013083 0.999858 0.529876
0.999105 0.041164 0.009775 17.165975 -0.041023 0.999057 -0.014244 -0.437103 -0.010352 0.013830 0.999851 0.547427
0.999084 0.041828 0.009050 17.778857 -0.041695 0.999026 -0.014463 -0.464729 -0.009646 0.014072 0.999854 0.567037
0.999031 0.043118 0.008845 18.362345 -0.042991 0.998976 -0.014079 -0.494652 -0.009443 0.013685 0.999862 0.585725
0.998938 0.044706 0.011105 18.952634 -0.044561 0.998922 -0.012968 -0.525423 -0.011673 0.012459 0.999854 0.604634
0.998781 0.046886 0.015430 19.528784 -0.046688 0.998826 -0.012919 -0.554881 -0.016018 0.012183 0.999797 0.623086
0.998671 0.047611 0.019740 20.098313 -0.047382 0.998806 -0.011898 -0.582692 -0.020283 0.010947 0.999734 0.641320
0.998590 0.048868 0.020758 20.668255 -0.048641 0.998753 -0.011291 -0.610905 -0.021284 0.010266 0.999721 0.659569
0.998625 0.049361 0.017665 21.253999 -0.049167 0.998727 -0.011258 -0.639522 -0.018198 0.010374 0.999781 0.678322
0.998652 0.050635 0.011455 21.835089 -0.050505 0.998659 -0.011394 -0.669403 -0.012017 0.010800 0.999869 0.696934
0.998587 0.052984 0.004019 22.408382 -0.052928 0.998515 -0.012917 -0.702074 -0.004697 0.012686 0.999909 0.715313
0.998550 0.053815 0.001035 22.956348 -0.053795 0.998452 -0.014147 -0.733908 -0.001795 0.014070 0.999899 0.732883
0.998473 0.055064 0.004454 23.522934 -0.054997 0.998389 -0.013932 -0.770231 -0.005214 0.013666 0.999893 0.751069
0.998212 0.057761 0.015399 24.626390 -0.057532 0.998232 -0.014914 -0.838719 -0.016234 0.014001 0.999770 0.786475
0.997939 0.061239 0.019194 25.564884 -0.060904 0.997988 -0.017600 -0.898587 -0.020234 0.016395 0.999661 0.816596
0.997793 0.064279 0.016663 26.116574 -0.063968 0.997780 -0.018547 -0.937175 -0.017818 0.017440 0.999689 0.834321
0.997758 0.065450 0.013979 26.664722 -0.065182 0.997695 -0.018871 -0.974117 -0.015182 0.017917 0.999724 0.851925
0.997553 0.068731 0.012793 27.219990 -0.068468 0.997454 -0.019950 -1.013212 -0.014131 0.019025 0.999719 0.869766
0.997285 0.072389 0.013493 27.782714 -0.072101 0.997181 -0.020772 -1.058650 -0.014959 0.019742 0.999693 0.887878
0.997117 0.074269 0.015572 28.377945 -0.073934 0.997040 -0.021098 -1.106306 -0.017093 0.019886 0.999656 0.907034
0.996826 0.077771 0.017036 28.936931 -0.077394 0.996763 -0.021784 -1.153413 -0.018675 0.020397 0.999618 0.925036
0.996289 0.084465 0.016575 30.050566 -0.084068 0.996187 -0.023307 -1.250698 -0.018480 0.021827 0.999591 0.960920
0.996084 0.086985 0.015831 30.610008 -0.086599 0.995964 -0.023588 -1.300960 -0.017819 0.022125 0.999596 0.978953
0.995886 0.089238 0.015722 31.178051 -0.088852 0.995761 -0.023774 -1.353515 -0.017777 0.022279 0.999594 0.997272
0.995585 0.092521 0.015843 31.702889 -0.092130 0.995461 -0.023857 -1.406092 -0.017978 0.022292 0.999590 1.014219
0.995353 0.094882 0.016423 32.272766 -0.094483 0.995247 -0.023590 -1.464355 -0.018583 0.021929 0.999587 1.032627
0.994850 0.099855 0.017409 33.166969 -0.099448 0.994780 -0.022864 -1.557563 -0.019601 0.021015 0.999587 1.061521
0.994539 0.102821 0.017883 33.763181 -0.102395 0.994471 -0.023301 -1.622070 -0.020180 0.021343 0.999569 1.080798
0.994226 0.105642 0.018809 34.327732 -0.105160 0.994142 -0.024967 -1.686036 -0.021337 0.022845 0.999511 1.099067
0.994040 0.107256 0.019488 34.898431 -0.106746 0.993958 -0.025552 -1.751260 -0.022110 0.023320 0.999484 1.117538
0.993842 0.109081 0.019505 35.471470 -0.108549 0.993738 -0.026494 -1.816289 -0.022273 0.024213 0.999459 1.136083
0.993582 0.111298 0.020183 36.030656 -0.110697 0.993438 -0.028766 -1.882197 -0.023252 0.026347 0.999382 1.154192
0.993329 0.113414 0.020852 36.596611 -0.112772 0.993175 -0.029764 -1.949085 -0.024086 0.027214 0.999339 1.172521
0.993034 0.116011 0.020637 37.167654 -0.115367 0.992868 -0.030063 -2.016739 -0.023978 0.027473 0.999335 1.191016
0.992813 0.117846 0.020846 37.730138 -0.117214 0.992673 -0.029332 -2.085609 -0.024150 0.026677 0.999352 1.209246
0.992572 0.119742 0.021505 38.257776 -0.119097 0.992456 -0.029095 -2.151952 -0.024826 0.026318 0.999345 1.226356
0.991992 0.123828 0.024859 39.217608 -0.123106 0.991977 -0.028752 -2.275210 -0.028220 0.025461 0.999277 1.257494
0.991600 0.126479 0.027057 39.785885 -0.125702 0.991653 -0.028698 -2.351333 -0.030461 0.025056 0.999222 1.275947
0.991324 0.128467 0.027787 40.361203 -0.127690 0.991415 -0.028139 -2.427490 -0.031164 0.024347 0.999218 1.294623
0.991088 0.130066 0.028755 40.929074 -0.129387 0.991295 -0.024358 -2.501953 -0.031673 0.020420 0.999290 1.313054
0.990827 0.131891 0.029446 41.486430 -0.131302 0.991118 -0.021113 -2.578361 -0.031969 0.017053 0.999343 1.331161
0.990553 0.133838 0.029871 42.044226 -0.133287 0.990881 -0.019742 -2.655542 -0.032241 0.015574 0.999359 1.349287
0.990201 0.135933 0.031991 42.637386 -0.135396 0.990620 -0.018413 -2.738139 -0.034193 0.013902 0.999319 1.368564
0.989943 0.137424 0.033563 43.172111 -0.136861 0.990417 -0.018541 -2.813177 -0.035790 0.013762 0.999265 1.385946
0.989738 0.138731 0.034240 43.734690 -0.138223 0.990259 -0.016784 -2.892202 -0.036235 0.011879 0.999273 1.404233
0.989626 0.139669 0.033656 44.297766 -0.139130 0.990112 -0.017895 -2.972740 -0.035823 0.013027 0.999273 1.422544
0.989466 0.141576 0.030229 44.856955 -0.141010 0.989804 -0.020101 -3.055361 -0.032766 0.015627 0.999341 1.440743
0.989346 0.142994 0.027341 45.378614 -0.142433 0.989571 -0.021483 -3.133221 -0.030128 0.017360 0.999395 1.457724
0.989197 0.144291 0.025889 45.943732 -0.143723 0.989360 -0.022613 -3.219290 -0.028876 0.018648 0.999409 1.476130
0.988919 0.146346 0.024941 46.469549 -0.145803 0.989061 -0.022368 -3.300531 -0.027942 0.018484 0.999439 1.493262
0.988396 0.149662 0.025961 47.437342 -0.149083 0.988558 -0.022952 -3.452250 -0.029099 0.018815 0.999399 1.524805
0.988076 0.151459 0.027672 47.980182 -0.150807 0.988264 -0.024308 -3.537366 -0.031029 0.019845 0.999321 1.542498
0.987563 0.154541 0.028924 48.507476 -0.153802 0.987753 -0.026248 -3.624906 -0.032626 0.021473 0.999237 1.559710
0.986936 0.157548 0.033718 49.579325 -0.156729 0.987308 -0.025684 -3.797643 -0.037336 0.020064 0.999101 1.594671
0.986471 0.160216 0.034725 50.156761 -0.159362 0.986874 -0.026138 -3.894017 -0.038457 0.020251 0.999055 1.613522
0.986194 0.162079 0.033940 50.661311 -0.161209 0.986551 -0.026989 -3.978706 -0.037858 0.021145 0.999059 1.629997
0.985853 0.164786 0.030641 51.724623 -0.163999 0.986100 -0.026659 -4.159942 -0.034608 0.021257 0.999175 1.664732
0.985523 0.167069 0.028858 52.260381 -0.166320 0.985712 -0.026645 -4.253075 -0.032897 0.021460 0.999228 1.682243
0.985226 0.168801 0.028900 52.774134 -0.168061 0.985424 -0.026379 -4.343805 -0.032931 0.021133 0.999234 1.699042
0.984944 0.170335 0.029504 53.265616 -0.169566 0.985152 -0.026877 -4.432322 -0.033644 0.021469 0.999203 1.715123
0.984256 0.174142 0.030241 54.176952 -0.173293 0.984450 -0.028755 -4.594597 -0.034778 0.023062 0.999129 1.744930
0.984027 0.175373 0.030581 54.697238 -0.174492 0.984218 -0.029452 -4.686869 -0.035263 0.023645 0.999098 1.761945
0.983681 0.177300 0.030613 55.209408 -0.176404 0.983865 -0.029857 -4.780122 -0.035413 0.023969 0.999085 1.778708
0.983478 0.178423 0.030602 55.707275 -0.177486 0.983634 -0.031038 -4.870091 -0.035639 0.025094 0.999050 1.794999
0.983117 0.180354 0.030874 56.208213 -0.179356 0.983246 -0.032553 -4.960816 -0.036228 0.026466 0.998993 1.811391
0.982689 0.182476 0.032011 56.690243 -0.181421 0.982843 -0.033251 -5.052025 -0.037530 0.026868 0.998934 1.827186
0.982171 0.184999 0.033405 57.160874 -0.183851 0.982341 -0.034701 -5.143888 -0.039234 0.027941 0.998839 1.842622
0.981459 0.188450 0.034987 57.849028 -0.187210 0.981664 -0.035888 -5.277493 -0.041109 0.028672 0.998743 1.865189
0.981135 0.190189 0.034672 58.248853 -0.189003 0.981360 -0.034796 -5.356659 -0.040644 0.027587 0.998793 1.878309
0.981004 0.191192 0.032804 58.694640 -0.190114 0.981196 -0.033343 -5.446060 -0.038562 0.026473 0.998905 1.892943
0.980767 0.192637 0.031435 59.132471 -0.191571 0.980889 -0.034012 -5.534518 -0.037386 0.027336 0.998927 1.907320
0.980242 0.195095 0.032607 59.545517 -0.193967 0.980390 -0.034813 -5.620500 -0.038759 0.027800 0.998862 1.920896
0.979869 0.196531 0.035115 59.955637 -0.195305 0.980100 -0.035509 -5.706067 -0.041395 0.027936 0.998752 1.934377
0.979244 0.198896 0.039015 60.678267 -0.197603 0.979670 -0.034629 -5.856615 -0.045109 0.026201 0.998638 1.958129
0.978803 0.200719 0.040706 61.067869 -0.199396 0.979317 -0.034350 -5.938410 -0.046759 0.025505 0.998581 1.970939
0.978567 0.201661 0.041695 61.493802 -0.200377 0.979162 -0.033020 -6.027520 -0.047485 0.023958 0.998585 1.984941
0.978595 0.201617 0.041255 61.886720 -0.200428 0.979211 -0.031216 -6.109005 -0.046691 0.022279 0.998661 1.997854
0.978449 0.202638 0.039690 62.278506 -0.201505 0.979004 -0.030763 -6.191773 -0.045090 0.022102 0.998738 2.010738
0.978316 0.203638 0.037796 62.668662 -0.202432 0.978725 -0.033440 -6.275065 -0.043801 0.025064 0.998726 2.023573
0.978024 0.205149 0.037184 63.048209 -0.203851 0.978344 -0.035880 -6.355552 -0.043740 0.027512 0.998664 2.036056
0.977691 0.206882 0.036348 63.401730 -0.205559 0.977944 -0.037013 -6.433363 -0.043204 0.028716 0.998654 2.047698
0.977458 0.208027 0.036071 63.754626 -0.206719 0.977706 -0.036866 -6.511452 -0.042936 0.028578 0.998669 2.059322
0.977090 0.209680 0.036447 64.106950 -0.208400 0.977381 -0.036008 -6.591567 -0.043172 0.027587 0.998687 2.070938
0.976229 0.213348 0.038201 64.764802 -0.212086 0.976640 -0.034562 -6.742771 -0.044682 0.025638 0.998672 2.092637
0.975781 0.215412 0.038071 65.109168 -0.214094 0.976154 -0.035879 -6.822447 -0.044892 0.026859 0.998631 2.103999
0.975498 0.216699 0.038010 65.433029 -0.215340 0.975844 -0.036855 -6.896085 -0.045079 0.027766 0.998597 2.114677
0.975374 0.217183 0.038441 65.774447 -0.215750 0.975701 -0.038215 -6.973717 -0.045806 0.028981 0.998530 2.125934
0.975054 0.218437 0.039422 66.111660 -0.216994 0.975440 -0.037818 -7.051877 -0.046715 0.028320 0.998507 2.137060
0.974661 0.220004 0.040428 66.415767 -0.218559 0.975112 -0.037269 -7.122812 -0.047621 0.027489 0.998487 2.147097
0.974044 0.222554 0.041335 66.752672 -0.221167 0.974586 -0.035604 -7.203309 -0.048208 0.025538 0.998511 2.158226
0.973631 0.224316 0.041538 67.072488 -0.222948 0.974197 -0.035125 -7.280953 -0.048345 0.024938 0.998519 2.168797
0.973000 0.227081 0.041303 67.576482 -0.225616 0.973503 -0.037273 -7.404985 -0.048672 0.026948 0.998451 2.185465
0.972859 0.227743 0.040974 67.886438 -0.226245 0.973323 -0.038141 -7.478007 -0.048567 0.027836 0.998432 2.195698
0.972484 0.229506 0.040018 68.186129 -0.227966 0.972864 -0.039601 -7.550400 -0.048021 0.029388 0.998414 2.205602
0.972061 0.231511 0.038728 68.490899 -0.230006 0.972380 -0.039681 -7.624816 -0.046845 0.029665 0.998462 2.215678
0.971636 0.233494 0.037474 68.787594 -0.232059 0.971920 -0.038984 -7.698571 -0.045525 0.029182 0.998537 2.225494
0.971264 0.235196 0.036458 69.050148 -0.233810 0.971518 -0.038546 -7.764725 -0.044486 0.028914 0.998592 2.234185
0.970761 0.237411 0.035483 69.341512 -0.236086 0.970996 -0.037816 -7.839283 -0.043432 0.028333 0.998655 2.243837
0.970412 0.238864 0.035279 69.612873 -0.237520 0.970624 -0.038393 -7.907804 -0.043413 0.028877 0.998640 2.252820
0.970038 0.240358 0.035420 69.871315 -0.238971 0.970232 -0.039288 -7.974087 -0.043809 0.029646 0.998600 2.261382
0.969336 0.242973 0.036776 70.311319 -0.241509 0.969569 -0.040127 -8.088905 -0.045407 0.030015 0.998518 2.275968
0.968747 0.245196 0.037533 70.557043 -0.243695 0.969008 -0.040442 -8.153777 -0.046286 0.030032 0.998477 2.284118
0.968299 0.246978 0.037407 70.836096 -0.245487 0.968560 -0.040336 -8.228584 -0.046193 0.029874 0.998486 2.293380
0.967928 0.248536 0.036667 71.092922 -0.247081 0.968167 -0.040035 -8.298278 -0.045450 0.029692 0.998525 2.301908
0.967647 0.249700 0.036179 71.343304 -0.248256 0.967863 -0.040118 -8.366533 -0.045034 0.029839 0.998540 2.310224
0.967273 0.251112 0.036397 71.593237 -0.249630 0.967481 -0.040820 -8.435778 -0.045464 0.030398 0.998503 2.318531
0.966814 0.252766 0.037151 71.840363 -0.251221 0.967031 -0.041697 -8.504328 -0.046466 0.030980 0.998439 2.326745
0.966407 0.254215 0.037838 72.082908 -0.252611 0.966634 -0.042494 -8.571612 -0.047379 0.031509 0.998380 2.334807
0.966093 0.255354 0.038187 72.328734 -0.253743 0.966341 -0.042416 -8.639726 -0.047733 0.031289 0.998370 2.342978
0.965736 0.256762 0.037786 72.598526 -0.255164 0.965967 -0.042420 -8.714161 -0.047392 0.031325 0.998385 2.351944
0.965715 0.256886 0.037476 72.838118 -0.255324 0.965949 -0.041857 -8.780157 -0.046953 0.030853 0.998421 2.359905
0.965385 0.258087 0.037732 73.083731 -0.256550 0.965654 -0.041156 -8.849455 -0.047058 0.030052 0.998440 2.368075
0.964807 0.260160 0.038255 73.508058 -0.258638 0.965124 -0.040530 -8.968992 -0.047465 0.029210 0.998446 2.382189
0.964491 0.261291 0.038533 73.774823 -0.259794 0.964842 -0.039839 -9.045174 -0.047588 0.028414 0.998463 2.391068
0.964217 0.262416 0.037737 74.046083 -0.260942 0.964532 -0.039839 -9.122015 -0.046853 0.028566 0.998493 2.400093
0.963924 0.263650 0.036586 74.299125 -0.262206 0.964186 -0.039928 -9.196530 -0.045803 0.028894 0.998533 2.408527
0.963706 0.264533 0.035951 74.558145 -0.263108 0.963941 -0.039906 -9.271342 -0.045211 0.028999 0.998556 2.417152
0.963490 0.265401 0.035354 74.838202 -0.263955 0.963673 -0.040763 -9.352060 -0.044888 0.029943 0.998543 2.426477
0.963158 0.266651 0.034986 75.092380 -0.265207 0.963320 -0.040983 -9.424539 -0.044631 0.030194 0.998547 2.434937
0.962956 0.267521 0.033884 75.388485 -0.266094 0.963059 -0.041378 -9.509496 -0.043701 0.030829 0.998569 2.444794
0.962705 0.268753 0.031150 75.670699 -0.267349 0.962646 -0.042870 -9.591070 -0.041508 0.032943 0.998595 2.454192
0.962306 0.270444 0.028768 75.918628 -0.269130 0.962162 -0.042584 -9.664449 -0.039196 0.033237 0.998679 2.462458
0.961826 0.272210 0.028166 76.189898 -0.270920 0.961664 -0.042483 -9.745184 -0.038650 0.033231 0.998700 2.471504
0.961470 0.273347 0.029280 76.448669 -0.271997 0.961334 -0.043062 -9.822066 -0.039919 0.033438 0.998643 2.480132
0.960716 0.276614 0.022567 77.198991 -0.275484 0.960328 -0.043349 -10.049151 -0.033663 0.035429 0.998805 2.505174
0.960365 0.278218 0.017112 77.481620 -0.277348 0.959890 -0.041109 -10.136278 -0.027863 0.034734 0.999008 2.514615
0.960120 0.279325 0.012109 77.765994 -0.278679 0.959592 -0.039001 -10.223605 -0.022513 0.034071 0.999166 2.524113
0.959777 0.280630 0.008635 78.052201 -0.280126 0.959219 -0.037800 -10.311237 -0.018890 0.033861 0.999248 2.533670
0.959608 0.281241 0.007524 78.337976 -0.280815 0.959105 -0.035521 -10.396840 -0.017206 0.031973 0.999341 2.543203
0.958838 0.283915 0.004637 78.894484 -0.283621 0.958381 -0.032637 -10.569213 -0.013710 0.029978 0.999457 2.561797
0.958444 0.285235 0.005054 79.176846 -0.284939 0.958014 -0.031922 -10.656531 -0.013948 0.029155 0.999478 2.571230
0.958010 0.286612 0.008373 79.460686 -0.286201 0.957602 -0.032982 -10.744240 -0.017471 0.029201 0.999421 2.580713
0.957252 0.288663 0.018472 79.913750 -0.287855 0.956952 -0.037175 -10.886021 -0.028408 0.030269 0.999138 2.595859
0.956574 0.290364 0.025596 80.221276 -0.289252 0.956423 -0.039865 -10.983012 -0.036056 0.030730 0.998877 2.606143
0.955448 0.293112 0.034715 80.742050 -0.291594 0.955580 -0.042898 -11.147170 -0.045747 0.030864 0.998476 2.623559
0.954561 0.295407 0.039335 81.054846 -0.293698 0.954889 -0.043915 -11.249279 -0.050533 0.030367 0.998261 2.634038
0.953624 0.297703 0.044438 81.383304 -0.295785 0.954195 -0.044983 -11.355595 -0.055794 0.029753 0.997999 2.645037
0.952723 0.299655 0.050258 81.703371 -0.297507 0.953611 -0.046006 -11.459191 -0.061713 0.028879 0.997676 2.655755
0.951745 0.301441 0.057582 82.053296 -0.299031 0.953091 -0.046881 -11.573443 -0.069013 0.027400 0.997239 2.667478
0.950258 0.304127 0.067199 82.617885 -0.301166 0.952220 -0.050750 -11.758041 -0.079423 0.027988 0.996448 2.686394
0.949403 0.306132 0.070121 82.949232 -0.302885 0.951537 -0.053268 -11.866414 -0.083030 0.029334 0.996115 2.697496
0.948587 0.308470 0.070918 83.341791 -0.305143 0.950774 -0.054011 -11.994987 -0.084088 0.029594 0.996019 2.710650
0.948002 0.310545 0.069668 83.692414 -0.307216 0.950075 -0.054548 -12.112338 -0.083130 0.030308 0.996078 2.722412
0.947564 0.313480 0.062073 84.319023 -0.310721 0.949173 -0.050229 -12.325856 -0.074664 0.028308 0.996807 2.743452
0.947422 0.316127 0.049543 84.966767 -0.314271 0.948412 -0.041805 -12.549532 -0.060203 0.024037 0.997897 2.765218
0.947302 0.317410 0.043236 85.346887 -0.315922 0.948027 -0.037919 -12.680144 -0.053025 0.022262 0.998345 2.777988
0.947037 0.318690 0.039455 85.758495 -0.317408 0.947624 -0.035499 -12.821394 -0.048702 0.021096 0.998591 2.791814
0.946780 0.319839 0.036192 86.146055 -0.318686 0.947242 -0.034231 -12.955212 -0.045231 0.020876 0.998758 2.804837
0.946277 0.321596 0.033704 86.575820 -0.320523 0.946643 -0.033641 -13.104959 -0.042725 0.021030 0.998866 2.819286
0.945894 0.322676 0.034134 86.976872 -0.321683 0.946321 -0.031559 -13.244647 -0.042485 0.018871 0.998919 2.832769
0.945438 0.323756 0.036449 87.409055 -0.322798 0.945998 -0.029829 -13.396064 -0.044138 0.016436 0.998890 2.847303
0.945124 0.324379 0.038971 88.064049 -0.323488 0.945832 -0.027512 -13.625756 -0.045784 0.013396 0.998862 2.869331
0.944454 0.326319 0.039020 88.855384 -0.325524 0.945192 -0.025431 -13.905003 -0.045180 0.011317 0.998915 2.895954
0.943960 0.327792 0.038612 89.309147 -0.327006 0.944682 -0.025347 -14.066342 -0.044785 0.011300 0.998933 2.911227
0.943538 0.329017 0.038529 89.773934 -0.328207 0.944250 -0.025919 -14.230638 -0.044909 0.011810 0.998921 2.926865
0.943230 0.329731 0.039933 90.224396 -0.328805 0.943981 -0.028075 -14.389266 -0.046953 0.013351 0.998808 2.942019
0.942834 0.330434 0.043328 90.721972 -0.329396 0.943733 -0.029446 -14.564886 -0.050620 0.013491 0.998627 2.958759
0.942295 0.331630 0.045851 91.156617 -0.330534 0.943319 -0.029935 -14.720979 -0.053179 0.013052 0.998500 2.973396
0.941737 0.333219 0.045786 91.645161 -0.332168 0.942770 -0.029145 -14.897427 -0.052878 0.012239 0.998526 2.989854
0.941609 0.333918 0.043253 92.139443 -0.332975 0.942531 -0.027630 -15.074984 -0.049993 0.011615 0.998682 3.006500
0.941291 0.335229 0.039911 92.640835 -0.334373 0.942063 -0.026676 -15.256203 -0.046541 0.011764 0.998847 3.023392
0.940660 0.337243 0.037758 93.112320 -0.336475 0.941352 -0.025306 -15.429917 -0.044078 0.011100 0.998966 3.039293
0.940428 0.338009 0.036686 93.610938 -0.337280 0.941080 -0.024692 -15.615712 -0.042871 0.010847 0.999022 3.056121
0.939233 0.341017 0.039350 94.545967 -0.340135 0.939975 -0.027482 -15.965083 -0.046360 0.012428 0.998848 3.087682
0.938624 0.342515 0.040843 95.074401 -0.341568 0.939425 -0.028483 -16.164689 -0.048125 0.012785 0.998760 3.105531
0.937968 0.344232 0.041475 95.595370 -0.343280 0.938802 -0.028448 -16.360468 -0.048729 0.012445 0.998734 3.123122
0.937257 0.346109 0.041922 96.132868 -0.345116 0.938106 -0.029198 -16.564011 -0.049433 0.012898 0.998694 3.141279
0.936438 0.348302 0.042071 96.678280 -0.347246 0.937279 -0.030476 -16.771399 -0.050048 0.013930 0.998650 3.159709
0.935699 0.350372 0.041318 97.517232 -0.349266 0.936487 -0.031726 -17.090259 -0.049810 0.015255 0.998642 3.188056
0.935202 0.351787 0.040530 98.024918 -0.350648 0.935938 -0.032666 -17.285143 -0.049425 0.016337 0.998644 3.205220
0.933400 0.356741 0.038746 99.101374 -0.355553 0.934024 -0.034362 -17.702556 -0.048448 0.018297 0.998658 3.241637
0.932564 0.358894 0.038989 99.811004 -0.357664 0.933188 -0.035182 -17.981827 -0.049010 0.018865 0.998620 3.265666
0.931765 0.360910 0.039460 100.365790 -0.359633 0.932401 -0.035958 -18.201873 -0.049770 0.019314 0.998574 3.284460
0.930791 0.363277 0.040724 100.952425 -0.361917 0.931470 -0.037146 -18.437369 -0.051428 0.019837 0.998480 3.304349
0.929678 0.365989 0.041847 101.517758 -0.364554 0.930399 -0.038179 -18.666646 -0.052908 0.020239 0.998394 3.323528
0.929199 0.367288 0.041085 102.087822 -0.365868 0.929882 -0.038208 -18.896523 -0.052238 0.020471 0.998425 3.342861
0.928586 0.369037 0.039254 102.679089 -0.367646 0.929172 -0.038417 -19.134780 -0.050651 0.021242 0.998491 3.362911
0.927872 0.370931 0.038253 103.227133 -0.369548 0.928405 -0.038723 -19.359367 -0.049878 0.021793 0.998518 3.381516
0.927051 0.373061 0.037447 103.790143 -0.371674 0.927536 -0.039186 -19.591474 -0.049353 0.022410 0.998530 3.400637
0.926016 0.375590 0.037766 104.373836 -0.374169 0.926509 -0.039735 -19.835230 -0.049914 0.022665 0.998496 3.420476
0.925142 0.377607 0.039046 104.912552 -0.376140 0.925695 -0.040090 -20.061474 -0.051283 0.022403 0.998433 3.438794
0.924560 0.378937 0.039952 105.488767 -0.377449 0.925160 -0.040134 -20.303416 -0.052170 0.022026 0.998395 3.458387
0.923978 0.380287 0.040578 106.082990 -0.378811 0.924624 -0.039655 -20.554019 -0.052599 0.021269 0.998389 3.478597
0.923757 0.380781 0.040972 106.640810 -0.379328 0.924437 -0.039080 -20.788024 -0.052757 0.020559 0.998396 3.497563
0.922328 0.384148 0.041734 107.697686 -0.382644 0.923039 -0.039787 -21.238129 -0.053806 0.020727 0.998336 3.533533
0.921615 0.385841 0.041869 108.328111 -0.384333 0.922335 -0.039828 -21.509399 -0.053984 0.020615 0.998329 3.555004
0.920973 0.387337 0.042182 108.911889 -0.385847 0.921721 -0.039405 -21.759921 -0.054143 0.020015 0.998333 3.574882
0.920262 0.389037 0.042061 109.508033 -0.387569 0.921013 -0.039071 -22.016588 -0.053939 0.019654 0.998351 3.595186
0.919637 0.390486 0.042300 110.075450 -0.389005 0.920399 -0.039247 -22.266718 -0.054258 0.019638 0.998334 3.614543
0.918984 0.391956 0.042885 110.670759 -0.390438 0.919772 -0.039718 -22.530501 -0.055012 0.019756 0.998290 3.634859
0.918367 0.393285 0.043909 111.222429 -0.391768 0.919221 -0.039382 -22.775060 -0.055850 0.018965 0.998259 3.653686
0.917615 0.395001 0.044240 111.826861 -0.393482 0.918490 -0.039337 -23.043019 -0.056172 0.018689 0.998246 3.674314
0.917378 0.395639 0.043444 112.387238 -0.394186 0.918228 -0.038409 -23.286453 -0.055087 0.018111 0.998317 3.693411
0.916723 0.397213 0.042904 112.996788 -0.395878 0.917579 -0.036451 -23.554540 -0.053847 0.016431 0.998414 3.714202
0.916578 0.397462 0.043692 113.596240 -0.396237 0.917511 -0.034195 -23.818566 -0.053679 0.014030 0.998460 3.734651
0.915749 0.399223 0.045006 114.206833 -0.397985 0.916757 -0.034123 -24.090922 -0.054882 0.013336 0.998404 3.755498
0.914732 0.401140 0.048489 114.967954 -0.399873 0.915943 -0.033915 -24.433866 -0.058018 0.011634 0.998248 3.781502
0.913699 0.403292 0.050096 115.546874 -0.402050 0.915014 -0.033241 -24.696635 -0.059244 0.010231 0.998191 3.801292
0.912985 0.404805 0.050897 116.162079 -0.403621 0.914360 -0.032182 -24.976031 -0.059565 0.008839 0.998185 3.822323
0.911670 0.407663 0.051660 117.136755 -0.406553 0.913104 -0.030914 -25.418740 -0.059773 0.007181 0.998186 3.855643
0.910922 0.409331 0.051674 117.757647 -0.408225 0.912359 -0.030880 -25.702902 -0.059785 0.007035 0.998186 3.876880
0.910228 0.411002 0.050617 118.369000 -0.409861 0.911599 -0.031651 -25.988895 -0.059151 0.008063 0.998216 3.897825
0.909740 0.412225 0.049426 118.979855 -0.411080 0.911040 -0.031915 -26.273627 -0.058185 0.008716 0.998268 3.918746
0.908949 0.414097 0.048332 119.587316 -0.412976 0.910190 -0.031703 -26.556804 -0.057119 0.008856 0.998328 3.939551
0.907956 0.416392 0.047269 120.209577 -0.415258 0.909135 -0.032175 -26.850682 -0.056371 0.009585 0.998364 3.960884
0.907411 0.417582 0.047230 120.787206 -0.416460 0.908591 -0.031990 -27.122815 -0.056271 0.009358 0.998372 3.980683
0.906415 0.419700 0.047576 121.871192 -0.418520 0.907608 -0.032991 -27.635776 -0.057026 0.009992 0.998323 4.017850
0.905868 0.420925 0.047174 122.490818 -0.419644 0.907019 -0.034860 -27.930174 -0.057462 0.011782 0.998278 4.039102
0.905002 0.422868 0.046421 123.107768 -0.421587 0.906110 -0.035068 -28.226483 -0.056892 0.012166 0.998306 4.060279
0.904570 0.423968 0.044777 123.715068 -0.422675 0.905579 -0.035676 -28.518245 -0.055674 0.013345 0.998360 4.081125
0.902695 0.428002 0.044235 124.957024 -0.426541 0.903632 -0.038877 -29.127365 -0.056611 0.016226 0.998264 4.123823
0.902154 0.429056 0.045049 125.521813 -0.427523 0.903122 -0.039937 -29.405031 -0.057820 0.016770 0.998186 4.143244
0.901118 0.431281 0.044542 126.148765 -0.429715 0.902048 -0.040680 -29.713217 -0.057723 0.017517 0.998179 4.164803
0.900341 0.433078 0.042771 126.718619 -0.431558 0.901177 -0.040462 -29.995422 -0.056068 0.017971 0.998265 4.184409
0.899430 0.435053 0.041881 127.277825 -0.433564 0.900224 -0.040233 -30.271062 -0.055206 0.018029 0.998312 4.203641
0.892768 0.448951 0.037526 131.679263 -0.447516 0.893337 -0.040962 -32.488327 -0.051913 0.019776 0.998456 4.355276
0.892415 0.449718 0.036741 132.283416 -0.448278 0.892937 -0.041365 -32.799079 -0.051410 0.020445 0.998468 4.376123
0.891357 0.451840 0.036384 132.847979 -0.450331 0.891832 -0.042861 -33.092006 -0.051815 0.021819 0.998418 4.395619
0.890740 0.453031 0.036678 133.428217 -0.451495 0.891224 -0.043271 -33.392027 -0.052292 0.021983 0.998390 4.415650
0.889835 0.454798 0.036775 133.981082 -0.453276 0.890333 -0.042995 -33.680779 -0.052296 0.021589 0.998398 4.434752
0.888542 0.457359 0.036283 134.548579 -0.455836 0.889013 -0.043236 -33.978517 -0.052030 0.021878 0.998406 4.454366
0.887991 0.458475 0.035658 135.128383 -0.456949 0.888425 -0.043577 -34.282666 -0.051658 0.022402 0.998414 4.474405
0.886081 0.462147 0.035784 135.861514 -0.460608 0.886522 -0.043800 -34.671168 -0.051965 0.022328 0.998399 4.499765
0.885102 0.463952 0.036641 136.435892 -0.462330 0.885564 -0.045030 -34.977273 -0.053340 0.022916 0.998313 4.519643
0.885119 0.463827 0.037801 137.034340 -0.462120 0.885618 -0.046111 -35.292187 -0.054864 0.023345 0.998221 4.540332
0.884450 0.465013 0.038872 137.909394 -0.463226 0.884988 -0.047105 -35.755645 -0.056305 0.023656 0.998133 4.570600
0.883355 0.467020 0.039700 138.494610 -0.465225 0.883949 -0.046911 -36.066261 -0.057001 0.022969 0.998110 4.590846
0.882273 0.469092 0.039343 139.070490 -0.467285 0.882841 -0.047300 -36.373883 -0.056922 0.023347 0.998106 4.610779
0.881731 0.470204 0.038183 139.645034 -0.468419 0.882234 -0.047408 -36.682210 -0.055978 0.023916 0.998146 4.630674
0.880700 0.472226 0.037017 140.220063 -0.470485 0.881148 -0.047127 -36.994314 -0.054872 0.024089 0.998203 4.650604
0.880203 0.473211 0.036249 141.051374 -0.471530 0.880630 -0.046374 -37.447371 -0.053867 0.023726 0.998266 4.679427
0.880066 0.473538 0.035295 141.598018 -0.471809 0.880409 -0.047720 -37.743303 -0.053672 0.025344 0.998237 4.698370
0.879852 0.473862 0.036271 142.166468 -0.472130 0.880258 -0.047328 -38.051111 -0.054355 0.024517 0.998221 4.718069
0.879938 0.473796 0.035027 142.696268 -0.472006 0.880234 -0.048980 -38.336715 -0.054038 0.026566 0.998185 4.736421
0.879646 0.474445 0.033548 143.448386 -0.472643 0.879837 -0.049963 -38.744822 -0.053222 0.028094 0.998187 4.762489
0.879450 0.474769 0.034082 144.018074 -0.472971 0.879681 -0.049590 -39.053583 -0.053525 0.027492 0.998188 4.782232
0.879004 0.475577 0.034327 144.575422 -0.473825 0.879275 -0.048627 -39.356821 -0.053309 0.026478 0.998227 4.801553
0.878767 0.476063 0.033653 145.132915 -0.474383 0.879031 -0.047588 -39.660652 -0.052237 0.025854 0.998300 4.820882
0.878683 0.476459 0.030056 145.689195 -0.474848 0.878749 -0.048160 -39.964151 -0.049358 0.028045 0.998387 4.840171
0.877642 0.478967 0.018320 146.749280 -0.477644 0.877130 -0.049993 -40.550446 -0.040014 0.035126 0.998582 4.876972
0.877355 0.479604 0.015120 147.255043 -0.478395 0.876720 -0.049999 -40.831756 -0.037236 0.036634 0.998635 4.894538
0.876305 0.481582 0.012950 147.776949 -0.480371 0.875507 -0.052267 -41.127462 -0.036509 0.039581 0.998549 4.912694
0.875951 0.482245 0.012200 148.301034 -0.480926 0.874973 -0.055970 -41.419491 -0.037666 0.043160 0.998358 4.930899
0.875679 0.482744 0.012014 148.807287 -0.481313 0.874554 -0.059092 -41.703321 -0.039034 0.045963 0.998180 4.948494
0.875266 0.483493 0.011998 149.338636 -0.481918 0.873971 -0.062687 -42.004254 -0.040795 0.049085 0.997961 4.966978
0.874919 0.484087 0.013321 149.985900 -0.482316 0.873527 -0.065743 -42.373441 -0.043462 0.051095 0.997748 4.989508
0.874213 0.485284 0.015855 150.513920 -0.483393 0.872946 -0.065548 -42.671797 -0.045650 0.049639 0.997723 5.007872
0.873993 0.485606 0.017966 151.005188 -0.483618 0.872834 -0.065381 -42.946226 -0.047431 0.048453 0.997699 5.024941
0.873393 0.486635 0.019238 151.534356 -0.484573 0.872286 -0.065624 -43.245179 -0.048716 0.047993 0.997659 5.043345
0.872510 0.488189 0.019929 152.054745 -0.486105 0.871454 -0.065338 -43.542639 -0.049265 0.047321 0.997664 5.061462
0.871821 0.489399 0.020400 152.546822 -0.487345 0.870841 -0.064272 -43.826797 -0.049220 0.046092 0.997724 5.078608
0.870889 0.491050 0.020537 153.067082 -0.489047 0.869974 -0.063064 -44.126047 -0.048834 0.044879 0.997798 5.096731
0.870137 0.492359 0.021095 153.543555 -0.490380 0.869297 -0.062052 -44.400329 -0.048890 0.043649 0.997850 5.113329
0.869716 0.493068 0.021871 154.044294 -0.491082 0.868939 -0.061509 -44.686262 -0.049333 0.042755 0.997867 5.130761
0.868890 0.494479 0.022796 154.555879 -0.492483 0.868189 -0.060891 -44.980599 -0.049900 0.041681 0.997884 5.148581
0.867699 0.496521 0.023765 155.219308 -0.494514 0.867076 -0.060285 -45.365810 -0.050539 0.040558 0.997898 5.171710
0.866758 0.498126 0.024513 155.708217 -0.496133 0.866213 -0.059393 -45.650367 -0.050819 0.039318 0.997934 5.188759
0.866251 0.499040 0.023847 156.231118 -0.497096 0.865693 -0.058913 -45.953997 -0.050044 0.039179 0.997978 5.206988
0.865594 0.500197 0.023466 156.723186 -0.498300 0.865045 -0.058265 -46.240169 -0.049443 0.038741 0.998025 5.224146
0.865237 0.500806 0.023621 157.239244 -0.498923 0.864712 -0.057863 -46.539443 -0.049403 0.038280 0.998045 5.242135
0.864023 0.502908 0.023414 157.712632 -0.501032 0.863493 -0.057848 -46.820888 -0.049310 0.038251 0.998051 5.258674
0.862880 0.504869 0.023368 158.368753 -0.502952 0.862319 -0.058696 -47.211910 -0.049785 0.038895 0.998002 5.281602
0.862392 0.505716 0.023030 158.833438 -0.503823 0.861826 -0.058473 -47.488325 -0.049419 0.038824 0.998023 5.297837
0.861394 0.507488 0.021366 159.329931 -0.505688 0.860775 -0.057852 -47.788492 -0.047751 0.039029 0.998097 5.315210
0.860946 0.508308 0.019875 159.788670 -0.506608 0.860294 -0.056950 -48.064729 -0.046046 0.038962 0.998179 5.331255
0.860354 0.509339 0.019100 160.277929 -0.507720 0.859712 -0.055820 -48.361767 -0.044852 0.038327 0.998258 5.348382
0.859449 0.510873 0.018861 160.737620 -0.509301 0.858832 -0.054955 -48.642672 -0.044273 0.037625 0.998311 5.364483
0.859069 0.511484 0.019587 161.378983 -0.509889 0.858490 -0.054856 -49.031904 -0.044873 0.037138 0.998302 5.386932
0.858667 0.512117 0.020678 161.853378 -0.510474 0.858132 -0.055005 -49.319009 -0.045913 0.036676 0.998272 5.403533
0.857753 0.513605 0.021659 162.331714 -0.511932 0.857272 -0.054862 -49.610930 -0.046745 0.035970 0.998259 5.420285
0.856776 0.515192 0.022635 162.810130 -0.513486 0.856346 -0.054814 -49.904970 -0.047624 0.035341 0.998240 5.437051
0.856230 0.516074 0.023179 163.282795 -0.514340 0.855822 -0.054990 -50.194761 -0.048216 0.035162 0.998218 5.453612
0.855706 0.516945 0.023115 163.758294 -0.515227 0.855308 -0.054679 -50.485869 -0.048036 0.034880 0.998236 5.470269
0.854916 0.518298 0.022018 164.232508 -0.516585 0.854443 -0.055386 -50.779932 -0.047519 0.035976 0.998222 5.486902
0.854519 0.518973 0.021561 164.681106 -0.517262 0.854014 -0.055680 -51.059655 -0.047310 0.036427 0.998216 5.502644
0.853452 0.520719 0.021734 165.160030 -0.519015 0.852970 -0.055366 -51.364000 -0.047369 0.035972 0.998230 5.519481
0.852145 0.522839 0.022112 165.657449 -0.521120 0.851686 -0.055364 -51.680027 -0.047779 0.035655 0.998221 5.536968
0.851127 0.524463 0.022820 166.109865 -0.522718 0.850705 -0.055382 -51.971509 -0.048459 0.035209 0.998204 5.552895
0.850313 0.525767 0.023175 166.601625 -0.523996 0.849902 -0.055636 -52.288544 -0.048948 0.035165 0.998182 5.570208
0.849185 0.527572 0.023518 167.059567 -0.525803 0.848805 -0.055329 -52.581815 -0.049153 0.034619 0.998191 5.586319
0.847623 0.530065 0.023798 167.545737 -0.528318 0.847285 -0.054668 -52.898334 -0.049142 0.033765 0.998221 5.603452
0.846469 0.531871 0.024578 168.022523 -0.530136 0.846198 -0.053898 -53.210114 -0.049464 0.032593 0.998244 5.620261
0.846016 0.532570 0.025030 168.506305 -0.530882 0.845808 -0.052657 -53.525081 -0.049214 0.031261 0.998299 5.637309
0.845755 0.532992 0.024847 168.958999 -0.531349 0.845564 -0.051860 -53.820014 -0.048651 0.030658 0.998345 5.653263
0.844914 0.534336 0.024606 169.445613 -0.532676 0.844700 -0.052329 -54.136550 -0.048746 0.031107 0.998327 5.670410
0.844169 0.535535 0.024112 169.882631 -0.533843 0.843902 -0.053294 -54.424136 -0.048889 0.032117 0.998288 5.685827
0.842831 0.537672 0.023353 170.365848 -0.535962 0.842502 -0.054173 -54.745526 -0.048803 0.033142 0.998258 5.702891
0.841857 0.539222 0.022712 171.003878 -0.537503 0.841480 -0.054789 -55.167115 -0.048655 0.033917 0.998240 5.725408
0.841030 0.540557 0.021611 171.477772 -0.538868 0.840597 -0.054937 -55.482996 -0.047863 0.034558 0.998256 5.742148
0.840486 0.541423 0.021107 171.921734 -0.539767 0.840043 -0.054582 -55.778433 -0.047283 0.034483 0.998286 5.757827
0.839976 0.542232 0.020619 172.409902 -0.540549 0.839479 -0.055507 -56.103636 -0.047407 0.035479 0.998245 5.775069
0.839282 0.543295 0.020871 173.014394 -0.541547 0.838758 -0.056668 -56.504409 -0.048293 0.036257 0.998175 5.796410
0.837677 0.545773 0.020717 173.953033 -0.544015 0.837141 -0.056941 -57.130870 -0.048420 0.036427 0.998163 5.829570
0.837094 0.546703 0.019768 174.415005 -0.544952 0.836493 -0.057507 -57.440371 -0.047975 0.037367 0.998149 5.845896
0.836271 0.547937 0.020399 174.873042 -0.546140 0.835686 -0.057961 -57.749452 -0.048806 0.037330 0.998110 5.862095
0.836002 0.548328 0.020911 175.332832 -0.546495 0.835430 -0.058304 -58.057225 -0.049439 0.037315 0.998080 5.878343
0.835387 0.549312 0.019603 175.807039 -0.547477 0.834715 -0.059330 -58.375416 -0.048954 0.038831 0.998046 5.895105
0.835689 0.548934 0.017189 176.268149 -0.547184 0.834889 -0.059584 -58.685504 -0.047058 0.040388 0.998075 5.911407
0.836346 0.547998 0.014943 176.758755 -0.546417 0.835511 -0.057871 -59.014258 -0.044198 0.040235 0.998212 5.928746
0.837024 0.547028 0.012301 177.220700 -0.545598 0.836115 -0.056880 -59.323137 -0.041400 0.040899 0.998305 5.945068
0.836864 0.547278 0.012022 177.653144 -0.545861 0.835945 -0.056846 -59.614106 -0.041161 0.041010 0.998311 5.960358
0.837177 0.546783 0.012791 178.081024 -0.545333 0.836287 -0.056887 -59.900789 -0.041801 0.040649 0.998299 5.975480
0.836349 0.548014 0.014169 178.526450 -0.546496 0.835509 -0.057155 -60.199134 -0.043160 0.040058 0.998265 5.991221
0.836590 0.547591 0.016171 178.940003 -0.546033 0.835871 -0.056272 -60.475250 -0.044331 0.038247 0.998284 6.005831
0.837050 0.546865 0.016931 179.392190 -0.545347 0.836422 -0.054729 -60.776842 -0.044091 0.036578 0.998358 6.021805
0.837237 0.546557 0.017617 179.813825 -0.545088 0.836698 -0.053066 -61.057765 -0.043744 0.034826 0.998436 6.036697
0.837520 0.546123 0.017597 180.268706 -0.544686 0.837004 -0.052364 -61.359073 -0.043326 0.034271 0.998473 6.052755
0.837820 0.545662 0.017641 180.689641 -0.544245 0.837321 -0.051881 -61.638410 -0.043081 0.033866 0.998497 6.067617
0.837784 0.545693 0.018387 181.140127 -0.544345 0.837389 -0.049684 -61.936646 -0.042509 0.031616 0.998596 6.083518
0.837515 0.546059 0.019670 181.553251 -0.544790 0.837259 -0.046917 -62.209978 -0.042089 0.028578 0.998705 6.098100
0.837759 0.545642 0.020857 182.007745 -0.544440 0.837616 -0.044536 -62.511507 -0.041771 0.025955 0.998790 6.114146
0.837426 0.546095 0.022309 182.426805 -0.544975 0.837413 -0.041741 -62.792683 -0.041477 0.022797 0.998879 6.128958
0.837802 0.545478 0.023265 182.873924 -0.544390 0.837857 -0.040449 -63.090239 -0.041557 0.021223 0.998911 6.144749
0.838436 0.544406 0.025448 183.441934 -0.543338 0.838611 -0.038935 -63.466894 -0.042537 0.018817 0.998918 6.164802
0.839326 0.542930 0.027545 183.891269 -0.541876 0.839610 -0.037750 -63.764786 -0.043623 0.016758 0.998908 6.180666
0.840406 0.541136 0.029828 184.341150 -0.540112 0.840813 -0.036234 -64.060029 -0.044687 0.014341 0.998898 6.196532
0.841761 0.538903 0.031984 184.758681 -0.537882 0.842273 -0.035499 -64.333664 -0.046070 0.012678 0.998858 6.211255
0.843823 0.535564 0.033675 185.372369 -0.534545 0.844416 -0.034960 -64.735578 -0.047159 0.011499 0.998821 6.232894
0.845107 0.533477 0.034596 185.826078 -0.532542 0.845762 -0.032955 -65.028754 -0.046841 0.009427 0.998858 6.248871
0.847273 0.530084 0.033745 186.278532 -0.529202 0.847895 -0.031917 -65.318845 -0.045531 0.009185 0.998921 6.264791
0.849122 0.527203 0.032391 186.730489 -0.526352 0.849684 -0.031454 -65.607675 -0.044105 0.009660 0.998980 6.280689
0.851569 0.523392 0.029861 187.172584 -0.522614 0.852031 -0.030298 -65.886227 -0.041300 0.010195 0.999095 6.296218
0.857551 0.513737 0.026107 188.052103 -0.513124 0.857894 -0.026869 -66.431155 -0.036201 0.009646 0.999298 6.327064
0.860740 0.508491 0.023731 188.476823 -0.507929 0.861005 -0.026052 -66.687698 -0.033680 0.010371 0.999379 6.341924
0.864433 0.502269 0.021945 188.915388 -0.501759 0.864646 -0.024985 -66.950778 -0.031524 0.010587 0.999447 6.357259
0.868013 0.496081 0.021362 189.345769 -0.495635 0.868225 -0.023054 -67.205558 -0.029984 0.009424 0.999506 6.372289
0.871834 0.489344 0.021154 189.789242 -0.488964 0.872056 -0.020803 -67.463540 -0.028627 0.007794 0.999560 6.387752
0.875432 0.482868 0.021361 190.208633 -0.482522 0.875667 -0.019502 -67.703166 -0.028122 0.006765 0.999582 6.402353
0.883117 0.468561 0.023565 191.042755 -0.468262 0.883421 -0.017231 -68.162321 -0.028892 0.004182 0.999574 6.431298
0.887415 0.460349 0.023949 191.479434 -0.460043 0.887727 -0.017324 -68.394824 -0.029235 0.004356 0.999563 6.446409
0.891574 0.452252 0.023750 191.895638 -0.451959 0.891880 -0.016832 -68.609594 -0.028794 0.004273 0.999576 6.460775
0.896933 0.441515 0.023972 192.519144 -0.441251 0.897247 -0.015648 -68.926038 -0.028418 0.003457 0.999590 6.482268
0.900546 0.434024 0.025287 192.950175 -0.433792 0.900899 -0.014342 -69.140571 -0.029006 0.001947 0.999577 6.497103
0.904199 0.426220 0.027572 193.372398 -0.426027 0.904620 -0.012827 -69.347333 -0.030409 -0.000148 0.999538 6.511618
0.907572 0.418807 0.030232 193.779529 -0.418673 0.908071 -0.010925 -69.542458 -0.032029 -0.002742 0.999483 6.525590
0.910947 0.411311 0.031600 194.192947 -0.411212 0.911486 -0.009877 -69.735040 -0.032865 -0.003997 0.999452 6.539749
0.914751 0.402994 0.028741 194.602552 -0.402819 0.915202 -0.011911 -69.921015 -0.031103 -0.000682 0.999516 6.553751
0.918027 0.395807 0.023739 194.987988 -0.395549 0.918324 -0.014916 -70.093932 -0.027704 0.004303 0.999607 6.566916
0.921879 0.387039 0.018439 195.418264 -0.386769 0.922027 -0.016623 -70.282511 -0.023435 0.008192 0.999692 6.581589
0.924987 0.379740 0.014043 195.815313 -0.379524 0.925047 -0.015795 -70.452836 -0.018988 0.009281 0.999777 6.595108
