1.000000 0.000617 0.000000 0.588610 -0.000617 1.000000 -0.000000 -0.002359 -0.000000 0.000000 1.000000 0.000000
0.999999 0.001181 0.000000 1.178181 -0.001181 0.999999 -0.000000 -0.004341 -0.000000 0.000000 1.000000 0.000000
0.999998 0.002027 0.000000 1.728082 -0.002027 0.999998 -0.000000 -0.007043 -0.000000 0.000000 1.000000 0.000000
0.999989 0.004613 0.000000 2.311177 -0.004613 0.999989 -0.000000 -0.014676 -0.000000 0.000000 1.000000 0.000000
0.999985 0.005538 0.000000 2.858474 -0.005538 0.999985 -0.000000 -0.015970 -0.000000 0.000000 1.000000 0.000000
0.999983 0.005762 0.000000 3.433706 -0.005762 0.999983 -0.000000 -0.012078 -0.000000 0.000000 1.000000 0.000000
0.999974 0.007198 0.000000 3.993715 -0.007198 0.999974 -0.000000 -0.009606 -0.000000 0.000000 1.000000 0.000000
0.999977 0.006812 0.000000 4.562191 -0.006812 0.999977 -0.000000 -0.020748 -0.000000 0.000000 1.000000 0.000000
0.999965 0.008337 0.000000 5.140564 -0.008337 0.999965 -0.000000 -0.025015 -0.000000 0.000000 1.000000 0.000000
0.999945 0.010476 0.000000 5.891903 -0.010476 0.999945 -0.000000 -0.033738 -0.000000 0.000000 1.000000 0.000000
0.999930 0.011833 0.000000 6.508125 -0.011833 0.999930 -0.000000 -0.043668 -0.000000 0.000000 1.000000 0.000000
0.999920 0.012657 0.000000 7.050062 -0.012657 0.999920 -0.000000 -0.046896 -0.000000 0.000000 1.000000 0.000000
0.999888 0.014985 0.000000 7.663151 -0.014985 0.999888 -0.000000 -0.045892 -0.000000 0.000000 1.000000 0.000000
0.999831 0.018370 0.000000 8.243294 -0.018370 0.999831 -0.000000 -0.044755 -0.000000 0.000000 1.000000 0.000000
0.999819 0.019037 0.000000 8.822944 -0.019037 0.999819 -0.000000 -0.059990 -0.000000 0.000000 1.000000 0.000000
0.999746 0.022534 0.000000 9.404042 -0.022534 0.999746 -0.000000 -0.064341 -0.000000 0.000000 1.000000 0.000000
0.999722 0.023589 0.000000 9.982866 -0.023589 0.999722 -0.000000 -0.078415 -0.000000 0.000000 1.000000 0.000000
0.999694 0.024736 0.000000 10.558832 -0.024736 0.999694 -0.000000 -0.089113 -0.000000 0.000000 1.000000 0.000000
0.999671 0.025654 0.000000 11.134857 -0.025654 0.999671 -0.000000 -0.106945 -0.000000 0.000000 1.000000 0.000000
0.999608 0.028014 0.000000 11.710024 -0.028014 0.999608 -0.000000 -0.126282 -0.000000 0.000000 1.000000 0.000000
0.999540 0.030327 0.000000 12.280655 -0.030327 0.999540 -0.000000 -0.154461 -0.000000 0.000000 1.000000 0.000000
0.999536 0.030444 0.000000 12.829903 -0.030444 0.999536 -0.000000 -0.180656 -0.000000 0.000000 1.000000 0.000000
0.999462 0.032803 0.000000 13.399230 -0.032803 0.999462 -0.000000 -0.205825 -0.000000 0.000000 1.000000 0.000000
0.999418 0.034102 0.000000 14.500825 -0.034102 0.999418 -0.000000 -0.243094 -0.000000 0.000000 1.000000 0.000000
0.999470 0.032557 0.000000 15.430455 -0.032557 0.999470 -0.000000 -0.284804 -0.000000 0.000000 1.000000 0.000000
0.999524 0.030841 0.000000 15.995412 -0.030841 0.999524 -0.000000 -0.317753 -0.000000 0.000000 1.000000 0.000000
0.999479 0.032285 0.000000 16.557062 -0.032285 0.999479 -0.000000 -0.350001 -0.000000 0.000000 1.000000 0.000000
0.999417 0.034142 0.000000 17.119510 -0.034142 0.999417 -0.000000 -0.381805 -0.000000 0.000000 1.000000 0.000000
0.999420 0.034044 0.000000 17.681756 -0.034044 0.999420 -0.000000 -0.414503 -0.000000 0.000000 1.000000 0.000000
0.999415 0.034199 0.000000 18.280511 -0.034199 0.999415 -0.000000 -0.453424 -0.000000 0.000000 1.000000 0.000000
0.999043 0.043746 0.000000 18.841723 -0.043746 0.999043 -0.000000 -0.484609 -0.000000 0.000000 1.000000 0.000000
0.998358 0.057290 0.000000 19.964589 -0.057290 0.998358 -0.000000 -0.548049 -0.000000 0.000000 1.000000 0.000000
0.998405 0.056458 0.000000 20.523617 -0.056458 0.998405 -0.000000 -0.599960 -0.000000 0.000000 1.000000 0.000000
0.998295 0.058364 0.000000 21.086458 -0.058364 0.998295 -0.000000 -0.647124 -0.000000 0.000000 1.000000 0.000000
0.998328 0.057796 0.000000 21.611733 -0.057796 0.998328 -0.000000 -0.698139 -0.000000 0.000000 1.000000 0.000000
0.998381 0.056883 0.000000 22.171824 -0.056883 0.998381 -0.000000 -0.742695 -0.000000 0.000000 1.000000 0.000000
0.998009 0.063069 0.000000 23.074558 -0.063069 0.998009 -0.000000 -0.811534 -0.000000 0.000000 1.000000 0.000000
0.997987 0.063425 0.000000 23.673337 -0.063425 0.997987 -0.000000 -0.857355 -0.000000 0.000000 1.000000 0.000000
0.997819 0.066011 0.000000 24.231684 -0.066011 0.997819 -0.000000 -0.894665 -0.000000 0.000000 1.000000 0.000000
0.997763 0.066856 0.000000 24.796668 -0.066856 0.997763 -0.000000 -0.936345 -0.000000 0.000000 1.000000 0.000000
0.997673 0.068182 0.000000 25.360042 -0.068182 0.997673 -0.000000 -0.982380 -0.000000 0.000000 1.000000 0.000000
0.997583 0.069483 0.000000 25.924071 -0.069483 0.997583 -0.000000 -1.029381 -0.000000 0.000000 1.000000 0.000000
0.997422 0.071764 0.000000 26.485844 -0.071764 0.997422 -0.000000 -1.075014 -0.000000 0.000000 1.000000 0.000000
0.997448 0.071401 0.000000 27.051931 -0.071401 0.997448 -0.000000 -1.125845 -0.000000 0.000000 1.000000 0.000000
0.997370 0.072483 0.000000 27.612706 -0.072483 0.997370 -0.000000 -1.169958 -0.000000 0.000000 1.000000 0.000000
0.997266 0.073889 0.000000 28.140021 -0.073889 0.997266 -0.000000 -1.217080 -0.000000 0.000000 1.000000 0.000000
0.997025 0.077083 0.000000 29.082051 -0.077083 0.997025 -0.000000 -1.299934 -0.000000 0.000000 1.000000 0.000000
0.996661 0.081651 0.000000 29.644327 -0.081651 0.996661 -0.000000 -1.356562 -0.000000 0.000000 1.000000 0.000000
0.996505 0.083535 0.000000 30.202956 -0.083535 0.996505 -0.000000 -1.403623 -0.000000 0.000000 1.000000 0.000000
0.996412 0.084637 0.000000 30.766825 -0.084637 0.996412 -0.000000 -1.454799 -0.000000 0.000000 1.000000 0.000000
0.996183 0.087295 0.000000 31.327688 -0.087295 0.996183 -0.000000 -1.505931 -0.000000 0.000000 1.000000 0.000000
0.996079 0.088474 0.000000 31.893623 -0.088474 0.996079 -0.000000 -1.565273 -0.000000 0.000000 1.000000 0.000000
0.995948 0.089932 0.000000 32.490151 -0.089932 0.995948 -0.000000 -1.622962 -0.000000 0.000000 1.000000 0.000000
0.995934 0.090089 0.000000 33.013770 -0.090089 0.995934 -0.000000 -1.673833 -0.000000 0.000000 1.000000 0.000000
0.995961 0.089792 0.000000 33.568092 -0.089792 0.995961 -0.000000 -1.727847 -0.000000 0.000000 1.000000 0.000000
0.996022 0.089110 0.000000 34.122281 -0.089110 0.996022 -0.000000 -1.782181 -0.000000 0.000000 1.000000 0.000000
0.995677 0.092883 0.000000 34.673735 -0.092883 0.995677 -0.000000 -1.831905 -0.000000 0.000000 1.000000 0.000000
0.995513 0.094627 0.000000 35.192119 -0.094627 0.995513 -0.000000 -1.882321 -0.000000 0.000000 1.000000 0.000000
0.995388 0.095933 0.000000 35.742512 -0.095933 0.995388 -0.000000 -1.942874 -0.000000 0.000000 1.000000 0.000000
0.995328 0.096548 0.000000 36.262226 -0.096548 0.995328 -0.000000 -1.995917 -0.000000 0.000000 1.000000 0.000000
0.995410 0.095707 0.000000 37.221212 -0.095707 0.995410 -0.000000 -2.094396 -0.000000 0.000000 1.000000 0.000000
0.995347 0.096351 0.000000 37.770878 -0.096351 0.995347 -0.000000 -2.154197 -0.000000 0.000000 1.000000 0.000000
0.995095 0.098921 0.000000 38.326200 -0.098921 0.995095 -0.000000 -2.211885 -0.000000 0.000000 1.000000 0.000000
0.994700 0.102823 0.000000 39.423980 -0.102823 0.994700 -0.000000 -2.321162 -0.000000 0.000000 1.000000 0.000000
0.994347 0.106175 0.000000 40.000355 -0.106175 0.994347 -0.000000 -2.388684 -0.000000 0.000000 1.000000 0.000000
0.994178 0.107752 0.000000 40.494760 -0.107752 0.994178 -0.000000 -2.441367 -0.000000 0.000000 1.000000 0.000000
0.994053 0.108897 0.000000 41.520058 -0.108897 0.994053 -0.000000 -2.556874 -0.000000 0.000000 1.000000 0.000000
0.994008 0.109308 0.000000 42.045240 -0.109308 0.994008 -0.000000 -2.618687 -0.000000 0.000000 1.000000 0.000000
0.994099 0.108480 0.000000 42.557312 -0.108480 0.994099 -0.000000 -2.678555 -0.000000 0.000000 1.000000 0.000000
0.994096 0.108507 0.000000 43.048353 -0.108507 0.994096 -0.000000 -2.729466 -0.000000 0.000000 1.000000 0.000000
0.993833 0.110888 0.000000 43.945721 -0.110888 0.993833 -0.000000 -2.834737 -0.000000 0.000000 1.000000 0.000000
0.993978 0.109582 0.000000 44.445972 -0.109582 0.993978 -0.000000 -2.908248 -0.000000 0.000000 1.000000 0.000000
0.993473 0.114069 0.000000 44.940023 -0.114069 0.993473 -0.000000 -2.953162 -0.000000 0.000000 1.000000 0.000000
0.992790 0.119864 0.000000 45.433792 -0.119864 0.992790 -0.000000 -3.012005 -0.000000 0.000000 1.000000 0.000000
0.992674 0.120824 0.000000 45.926613 -0.120824 0.992674 -0.000000 -3.067247 -0.000000 0.000000 1.000000 0.000000
0.992485 0.122368 0.000000 46.400897 -0.122368 0.992485 -0.000000 -3.115951 -0.000000 0.000000 1.000000 0.000000
0.992108 0.125389 0.000000 46.874184 -0.125389 0.992108 -0.000000 -3.172762 -0.000000 0.000000 1.000000 0.000000
0.991525 0.129917 0.000000 47.586755 -0.129917 0.991525 -0.000000 -3.262891 -0.000000 0.000000 1.000000 0.000000
0.991526 0.129912 0.000000 48.011335 -0.129912 0.991526 -0.000000 -3.321317 -0.000000 0.000000 1.000000 0.000000
0.991305 0.131586 0.000000 48.464456 -0.131586 0.991305 -0.000000 -3.385855 -0.000000 0.000000 1.000000 0.000000
0.991346 0.131273 0.000000 48.906107 -0.131273 0.991346 -0.000000 -3.445897 -0.000000 0.000000 1.000000 0.000000
0.991232 0.132130 0.000000 49.325973 -0.132130 0.991232 -0.000000 -3.502022 -0.000000 0.000000 1.000000 0.000000
0.991591 0.129411 0.000000 49.751587 -0.129411 0.991591 -0.000000 -3.559968 -0.000000 0.000000 1.000000 0.000000
0.991625 0.129148 0.000000 50.486768 -0.129148 0.991625 -0.000000 -3.659371 -0.000000 0.000000 1.000000 0.000000
0.991357 0.131193 0.000000 50.867643 -0.131193 0.991357 -0.000000 -3.705061 -0.000000 0.000000 1.000000 0.000000
0.991202 0.132357 0.000000 51.298700 -0.132357 0.991202 -0.000000 -3.756819 -0.000000 0.000000 1.000000 0.000000
0.991112 0.133030 0.000000 51.694593 -0.133030 0.991112 -0.000000 -3.814458 -0.000000 0.000000 1.000000 0.000000
0.991050 0.133493 0.000000 52.087363 -0.133493 0.991050 -0.000000 -3.870687 -0.000000 0.000000 1.000000 0.000000
0.990979 0.134015 0.000000 52.473886 -0.134015 0.990979 -0.000000 -3.922870 -0.000000 0.000000 1.000000 0.000000
0.990743 0.135751 0.000000 52.852701 -0.135751 0.990743 -0.000000 -3.982836 -0.000000 0.000000 1.000000 0.000000
0.990640 0.136500 0.000000 53.223078 -0.136500 0.990640 -0.000000 -4.040752 -0.000000 0.000000 1.000000 0.000000
0.990397 0.138249 0.000000 53.587524 -0.138249 0.990397 -0.000000 -4.088586 -0.000000 0.000000 1.000000 0.000000
0.990172 0.139855 0.000000 53.951187 -0.139855 0.990172 -0.000000 -4.135538 -0.000000 0.000000 1.000000 0.000000
0.989669 0.143373 0.000000 54.628396 -0.143373 0.989669 -0.000000 -4.239333 -0.000000 0.000000 1.000000 0.000000
0.989760 0.142740 0.000000 54.971718 -0.142740 0.989760 -0.000000 -4.297076 -0.000000 0.000000 1.000000 0.000000
0.989778 0.142617 0.000000 55.286072 -0.142617 0.989778 -0.000000 -4.352342 -0.000000 0.000000 1.000000 0.000000
0.989686 0.143254 0.000000 55.614928 -0.143254 0.989686 -0.000000 -4.409667 -0.000000 0.000000 1.000000 0.000000
0.989515 0.144432 0.000000 55.940131 -0.144432 0.989515 -0.000000 -4.465646 -0.000000 0.000000 1.000000 0.000000
0.989344 0.145594 0.000000 56.241092 -0.145594 0.989344 -0.000000 -4.509187 -0.000000 0.000000 1.000000 0.000000
0.988443 0.151595 0.000000 56.564603 -0.151595 0.988443 -0.000000 -4.546326 -0.000000 0.000000 1.000000 0.000000
0.988347 0.152220 0.000000 56.882405 -0.152220 0.988347 -0.000000 -4.604316 -0.000000 0.000000 1.000000 0.000000
0.988727 0.149730 0.000000 57.398087 -0.149730 0.988727 -0.000000 -4.697811 -0.000000 0.000000 1.000000 0.000000
0.988760 0.149513 0.000000 57.701443 -0.149513 0.988760 -0.000000 -4.749962 -0.000000 0.000000 1.000000 0.000000
0.988536 0.150985 0.000000 58.004030 -0.150985 0.988536 -0.000000 -4.797984 -0.000000 0.000000 1.000000 0.000000
0.988251 0.152841 0.000000 58.318690 -0.152841 0.988251 -0.000000 -4.847564 -0.000000 0.000000 1.000000 0.000000
0.988168 0.153373 0.000000 58.612731 -0.153373 0.988168 -0.000000 -4.894977 -0.000000 0.000000 1.000000 0.000000
0.987848 0.155425 0.000000 58.885070 -0.155425 0.987848 -0.000000 -4.941819 -0.000000 0.000000 1.000000 0.000000
0.987870 0.155281 0.000000 59.184245 -0.155281 0.987870 -0.000000 -4.993948 -0.000000 0.000000 1.000000 0.000000
0.987886 0.155179 0.000000 59.462749 -0.155179 0.987886 -0.000000 -5.045033 -0.000000 0.000000 1.000000 0.000000
0.987736 0.156133 0.000000 59.733930 -0.156133 0.987736 -0.000000 -5.089677 -0.000000 0.000000 1.000000 0.000000
0.987150 0.159794 0.000000 60.196106 -0.159794 0.987150 -0.000000 -5.168977 -0.000000 0.000000 1.000000 0.000000
0.986876 0.161481 0.000000 60.440592 -0.161481 0.986876 -0.000000 -5.201382 -0.000000 0.000000 1.000000 0.000000
0.986831 0.161752 0.000000 60.719071 -0.161752 0.986831 -0.000000 -5.241247 -0.000000 0.000000 1.000000 0.000000
0.986685 0.162644 0.000000 60.980545 -0.162644 0.986685 -0.000000 -5.283477 -0.000000 0.000000 1.000000 0.000000
0.986495 0.163794 0.000000 61.242894 -0.163794 0.986495 -0.000000 -5.330450 -0.000000 0.000000 1.000000 0.000000
0.986322 0.164827 0.000000 61.506636 -0.164827 0.986322 -0.000000 -5.377228 -0.000000 0.000000 1.000000 0.000000
0.986063 0.166370 0.000000 61.764665 -0.166370 0.986063 -0.000000 -5.420037 -0.000000 0.000000 1.000000 0.000000
0.985941 0.167095 0.000000 62.028010 -0.167095 0.985941 -0.000000 -5.467709 -0.000000 0.000000 1.000000 0.000000
0.985781 0.168034 0.000000 62.270941 -0.168034 0.985781 -0.000000 -5.507021 -0.000000 0.000000 1.000000 0.000000
0.985750 0.168219 0.000000 62.537732 -0.168219 0.985750 -0.000000 -5.554962 -0.000000 0.000000 1.000000 0.000000
0.985575 0.169240 0.000000 62.786888 -0.169240 0.985575 -0.000000 -5.600181 -0.000000 0.000000 1.000000 0.000000
0.985392 0.170300 0.000000 63.043575 -0.170300 0.985392 -0.000000 -5.646579 -0.000000 0.000000 1.000000 0.000000
0.985068 0.172168 0.000000 63.477260 -0.172168 0.985068 -0.000000 -5.729290 -0.000000 0.000000 1.000000 0.000000
0.984796 0.173713 0.000000 63.742142 -0.173713 0.984796 -0.000000 -5.777275 -0.000000 0.000000 1.000000 0.000000
0.984685 0.174341 0.000000 64.017861 -0.174341 0.984685 -0.000000 -5.830797 -0.000000 0.000000 1.000000 0.000000
0.984487 0.175457 0.000000 64.287801 -0.175457 0.984487 -0.000000 -5.887228 -0.000000 0.000000 1.000000 0.000000
0.984410 0.175891 0.000000 64.564794 -0.175891 0.984410 -0.000000 -5.945548 -0.000000 0.000000 1.000000 0.000000
0.984080 0.177729 0.000000 64.852455 -0.177729 0.984080 -0.000000 -6.004252 -0.000000 0.000000 1.000000 0.000000
0.983925 0.178584 0.000000 65.104079 -0.178584 0.983925 -0.000000 -6.059574 -0.000000 0.000000 1.000000 0.000000
0.983912 0.178656 0.000000 65.393901 -0.178656 0.983912 -0.000000 -6.123315 -0.000000 0.000000 1.000000 0.000000
0.983387 0.181523 0.000000 65.673573 -0.181523 0.983387 -0.000000 -6.178101 -0.000000 0.000000 1.000000 0.000000
0.982850 0.184407 0.000000 65.936290 -0.184407 0.982850 -0.000000 -6.234189 -0.000000 0.000000 1.000000 0.000000
0.982754 0.184920 0.000000 66.216943 -0.184920 0.982754 -0.000000 -6.294271 -0.000000 0.000000 1.000000 0.000000
0.982867 0.184314 0.000000 66.483825 -0.184314 0.982867 -0.000000 -6.358027 -0.000000 0.000000 1.000000 0.000000
0.982315 0.187238 0.000000 67.258733 -0.187238 0.982315 -0.000000 -6.519260 -0.000000 0.000000 1.000000 0.000000
0.981642 0.190732 0.000000 67.546610 -0.190732 0.981642 -0.000000 -6.573930 -0.000000 0.000000 1.000000 0.000000
0.981119 0.193403 0.000000 67.838154 -0.193403 0.981119 -0.000000 -6.630530 -0.000000 0.000000 1.000000 0.000000
0.980714 0.195447 0.000000 68.127488 -0.195447 0.980714 -0.000000 -6.691674 -0.000000 0.000000 1.000000 0.000000
0.981102 0.193491 0.000000 68.418153 -0.193491 0.981102 -0.000000 -6.754176 -0.000000 0.000000 1.000000 0.000000
0.980645 0.195795 0.000000 68.999820 -0.195795 0.980645 -0.000000 -6.879754 -0.000000 0.000000 1.000000 0.000000
0.980631 0.195862 0.000000 69.296451 -0.195862 0.980631 -0.000000 -6.943081 -0.000000 0.000000 1.000000 0.000000
0.980361 0.197213 0.000000 69.582308 -0.197213 0.980361 -0.000000 -7.002975 -0.000000 0.000000 1.000000 0.000000
0.980110 0.198455 0.000000 70.044971 -0.198455 0.980110 -0.000000 -7.104771 -0.000000 0.000000 1.000000 0.000000
0.979447 0.201702 0.000000 70.365246 -0.201702 0.979447 -0.000000 -7.175694 -0.000000 0.000000 1.000000 0.000000
0.978355 0.206932 0.000000 70.895836 -0.206932 0.978355 -0.000000 -7.289577 -0.000000 0.000000 1.000000 0.000000
0.978204 0.207644 0.000000 71.227125 -0.207644 0.978204 -0.000000 -7.357721 -0.000000 0.000000 1.000000 0.000000
0.978236 0.207493 0.000000 71.562570 -0.207493 0.978236 -0.000000 -7.430904 -0.000000 0.000000 1.000000 0.000000
0.976640 0.214880 0.000000 71.883696 -0.214880 0.976640 -0.000000 -7.485465 -0.000000 0.000000 1.000000 0.000000
0.976604 0.215044 0.000000 72.233451 -0.215044 0.976604 -0.000000 -7.563809 -0.000000 0.000000 1.000000 0.000000
0.976070 0.217458 0.000000 72.793922 -0.217458 0.976070 -0.000000 -7.693451 -0.000000 0.000000 1.000000 0.000000
0.976701 0.214605 0.000000 73.136214 -0.214605 0.976701 -0.000000 -7.771024 -0.000000 0.000000 1.000000 0.000000
0.976436 0.215806 0.000000 73.509941 -0.215806 0.976436 -0.000000 -7.855725 -0.000000 0.000000 1.000000 0.000000
0.976435 0.215810 0.000000 73.864124 -0.215810 0.976435 -0.000000 -7.929025 -0.000000 0.000000 1.000000 0.000000
0.976412 0.215917 0.000000 74.508766 -0.215917 0.976412 -0.000000 -8.081377 -0.000000 0.000000 1.000000 0.000000
0.976613 0.215007 0.000000 75.164021 -0.215007 0.976613 -0.000000 -8.219438 -0.000000 0.000000 1.000000 0.000000
0.976968 0.213388 0.000000 75.546691 -0.213388 0.976968 -0.000000 -8.314856 -0.000000 0.000000 1.000000 0.000000
0.977195 0.212343 0.000000 75.964902 -0.212343 0.977195 -0.000000 -8.400556 -0.000000 0.000000 1.000000 0.000000
0.976828 0.214024 0.000000 76.362423 -0.214024 0.976828 -0.000000 -8.490514 -0.000000 0.000000 1.000000 0.000000
0.977234 0.212163 0.000000 76.789176 -0.212163 0.977234 -0.000000 -8.593034 -0.000000 0.000000 1.000000 0.000000
0.976711 0.214558 0.000000 77.191494 -0.214558 0.976711 -0.000000 -8.687349 -0.000000 0.000000 1.000000 0.000000
0.976893 0.213727 0.000000 77.634909 -0.213727 0.976893 -0.000000 -8.782458 -0.000000 0.000000 1.000000 0.000000
0.977733 0.209852 0.000000 78.317284 -0.209852 0.977733 -0.000000 -8.927074 -0.000000 0.000000 1.000000 0.000000
0.977721 0.209910 0.000000 79.119409 -0.209910 0.977721 -0.000000 -9.102237 -0.000000 0.000000 1.000000 0.000000
0.977820 0.209446 0.000000 79.588661 -0.209446 0.977820 -0.000000 -9.205356 -0.000000 0.000000 1.000000 0.000000
0.977018 0.213159 0.000000 80.062498 -0.213159 0.977018 -0.000000 -9.314025 -0.000000 0.000000 1.000000 0.000000
0.976857 0.213895 0.000000 80.521743 -0.213895 0.976857 -0.000000 -9.417366 -0.000000 0.000000 1.000000 0.000000
0.976653 0.214825 0.000000 81.025339 -0.214825 0.976653 -0.000000 -9.530868 -0.000000 0.000000 1.000000 0.000000
0.976515 0.215450 0.000000 81.471371 -0.215450 0.976515 -0.000000 -9.629227 -0.000000 0.000000 1.000000 0.000000
0.975000 0.222203 0.000000 81.970060 -0.222203 0.975000 -0.000000 -9.738445 -0.000000 0.000000 1.000000 0.000000
0.974392 0.224858 0.000000 82.472553 -0.224858 0.974392 -0.000000 -9.857027 -0.000000 0.000000 1.000000 0.000000
0.973505 0.228667 0.000000 82.981427 -0.228667 0.973505 -0.000000 -9.975018 -0.000000 0.000000 1.000000 0.000000
0.972972 0.230923 0.000000 83.465476 -0.230923 0.972972 -0.000000 -10.092856 -0.000000 0.000000 1.000000 0.000000
0.972536 0.232752 0.000000 83.986275 -0.232752 0.972536 -0.000000 -10.223019 -0.000000 0.000000 1.000000 0.000000
0.971321 0.237770 0.000000 84.927565 -0.237770 0.971321 -0.000000 -10.456151 -0.000000 0.000000 1.000000 0.000000
0.971331 0.237732 0.000000 85.461689 -0.237732 0.971331 -0.000000 -10.597113 -0.000000 0.000000 1.000000 0.000000
0.971176 0.238362 0.000000 86.004690 -0.238362 0.971176 -0.000000 -10.733628 -0.000000 0.000000 1.000000 0.000000
0.970041 0.242942 0.000000 86.551002 -0.242942 0.970041 -0.000000 -10.868031 -0.000000 0.000000 1.000000 0.000000
0.968759 0.248003 0.000000 87.099785 -0.248003 0.968759 -0.000000 -11.006890 -0.000000 0.000000 1.000000 0.000000
0.968702 0.248226 0.000000 87.939152 -0.248226 0.968702 -0.000000 -11.235586 -0.000000 0.000000 1.000000 0.000000
0.968248 0.249990 0.000000 88.461770 -0.249990 0.968248 -0.000000 -11.368746 -0.000000 0.000000 1.000000 0.000000
0.965640 0.259885 0.000000 89.554251 -0.259885 0.965640 -0.000000 -11.667908 -0.000000 0.000000 1.000000 0.000000
0.964655 0.263517 0.000000 90.283047 -0.263517 0.964655 -0.000000 -11.861327 -0.000000 0.000000 1.000000 0.000000
0.963870 0.266373 0.000000 90.859781 -0.266373 0.963870 -0.000000 -12.008506 -0.000000 0.000000 1.000000 0.000000
0.962665 0.270694 0.000000 91.437475 -0.270694 0.962665 -0.000000 -12.175289 -0.000000 0.000000 1.000000 0.000000
0.961241 0.275708 0.000000 92.017114 -0.275708 0.961241 -0.000000 -12.340618 -0.000000 0.000000 1.000000 0.000000
0.961046 0.276389 0.000000 92.599789 -0.276389 0.961046 -0.000000 -12.502177 -0.000000 0.000000 1.000000 0.000000
0.960865 0.277016 0.000000 93.217319 -0.277016 0.960865 -0.000000 -12.678113 -0.000000 0.000000 1.000000 0.000000
0.960365 0.278745 0.000000 93.776859 -0.278745 0.960365 -0.000000 -12.843406 -0.000000 0.000000 1.000000 0.000000
0.959577 0.281446 0.000000 94.358575 -0.281446 0.959577 -0.000000 -13.017542 -0.000000 0.000000 1.000000 0.000000
0.959275 0.282475 0.000000 94.952743 -0.282475 0.959275 -0.000000 -13.193681 -0.000000 0.000000 1.000000 0.000000
0.960328 0.278872 0.000000 95.512376 -0.278872 0.960328 -0.000000 -13.355448 -0.000000 0.000000 1.000000 0.000000
0.961092 0.276229 0.000000 96.112282 -0.276229 0.961092 -0.000000 -13.535441 -0.000000 0.000000 1.000000 0.000000
0.961040 0.276409 0.000000 96.714433 -0.276409 0.961040 -0.000000 -13.716506 -0.000000 0.000000 1.000000 0.000000
0.960676 0.277673 0.000000 97.277126 -0.277673 0.960676 -0.000000 -13.881969 -0.000000 0.000000 1.000000 0.000000
0.960602 0.277929 0.000000 98.349651 -0.277929 0.960602 -0.000000 -14.191524 -0.000000 0.000000 1.000000 0.000000
0.960336 0.278846 0.000000 99.008687 -0.278846 0.960336 -0.000000 -14.388679 -0.000000 0.000000 1.000000 0.000000
0.960227 0.279221 0.000000 99.616927 -0.279221 0.960227 -0.000000 -14.578256 -0.000000 0.000000 1.000000 0.000000
0.959459 0.281847 0.000000 100.234013 -0.281847 0.959459 -0.000000 -14.764835 -0.000000 0.000000 1.000000 0.000000
0.958556 0.284903 0.000000 100.832429 -0.284903 0.958556 -0.000000 -14.947609 -0.000000 0.000000 1.000000 0.000000
0.959045 0.283254 0.000000 101.444885 -0.283254 0.959045 -0.000000 -15.142473 -0.000000 0.000000 1.000000 0.000000
0.958885 0.283794 0.000000 102.023261 -0.283794 0.958885 -0.000000 -15.315445 -0.000000 0.000000 1.000000 0.000000
0.958830 0.283981 0.000000 102.643453 -0.283981 0.958830 -0.000000 -15.499368 -0.000000 0.000000 1.000000 0.000000
0.958628 0.284661 0.000000 103.225854 -0.284661 0.958628 -0.000000 -15.672733 -0.000000 0.000000 1.000000 0.000000
0.957799 0.287438 0.000000 103.854951 -0.287438 0.957799 -0.000000 -15.875922 -0.000000 0.000000 1.000000 0.000000
0.957079 0.289827 0.000000 104.475593 -0.289827 0.957079 -0.000000 -16.076315 -0.000000 0.000000 1.000000 0.000000
0.956701 0.291074 0.000000 105.107189 -0.291074 0.956701 -0.000000 -16.270957 -0.000000 0.000000 1.000000 0.000000
0.956997 0.290099 0.000000 105.890345 -0.290099 0.956997 -0.000000 -16.519881 -0.000000 0.000000 1.000000 0.000000
0.956809 0.290718 0.000000 106.485603 -0.290718 0.956809 -0.000000 -16.698719 -0.000000 0.000000 1.000000 0.000000
0.954992 0.296630 0.000000 107.117559 -0.296630 0.954992 -0.000000 -16.900410 -0.000000 0.000000 1.000000 0.000000
0.955638 0.294542 0.000000 108.120358 -0.294542 0.955638 -0.000000 -17.215567 -0.000000 0.000000 1.000000 0.000000
0.955538 0.294867 0.000000 108.755936 -0.294867 0.955538 -0.000000 -17.416823 -0.000000 0.000000 1.000000 0.000000
0.955360 0.295443 0.000000 109.395489 -0.295443 0.955360 -0.000000 -17.623762 -0.000000 0.000000 1.000000 0.000000
0.954497 0.298220 0.000000 110.039922 -0.298220 0.954497 -0.000000 -17.832821 -0.000000 0.000000 1.000000 0.000000
0.954448 0.298377 0.000000 110.665064 -0.298377 0.954448 -0.000000 -18.044746 -0.000000 0.000000 1.000000 0.000000
0.954230 0.299073 0.000000 111.308391 -0.299073 0.954230 -0.000000 -18.256165 -0.000000 0.000000 1.000000 0.000000
0.954516 0.298160 0.000000 111.905695 -0.298160 0.954516 -0.000000 -18.456485 -0.000000 0.000000 1.000000 0.000000
0.954504 0.298199 0.000000 113.037884 -0.298199 0.954504 -0.000000 -18.827044 -0.000000 0.000000 1.000000 0.000000
0.954612 0.297853 0.000000 113.684214 -0.297853 0.954612 -0.000000 -19.033641 -0.000000 0.000000 1.000000 0.000000
0.954873 0.297013 0.000000 114.328138 -0.297013 0.954873 -0.000000 -19.243772 -0.000000 0.000000 1.000000 0.000000
0.954801 0.297245 0.000000 114.968792 -0.297245 0.954801 -0.000000 -19.452954 -0.000000 0.000000 1.000000 0.000000
0.954323 0.298776 0.000000 116.280534 -0.298776 0.954323 -0.000000 -19.875465 -0.000000 0.000000 1.000000 0.000000
0.954518 0.298154 0.000000 116.875185 -0.298154 0.954518 -0.000000 -20.062405 -0.000000 0.000000 1.000000 0.000000
0.953692 0.300785 0.000000 117.518629 -0.300785 0.953692 -0.000000 -20.270692 -0.000000 0.000000 1.000000 0.000000
0.953704 0.300748 0.000000 118.117259 -0.300748 0.953704 -0.000000 -20.472281 -0.000000 0.000000 1.000000 0.000000
0.953482 0.301449 0.000000 118.716409 -0.301449 0.953482 -0.000000 -20.664350 -0.000000 0.000000 1.000000 0.000000
0.947494 0.319772 0.000000 123.344709 -0.319772 0.947494 -0.000000 -22.277658 -0.000000 0.000000 1.000000 0.000000
0.948964 0.315383 0.000000 123.978991 -0.315383 0.948964 -0.000000 -22.489689 -0.000000 0.000000 1.000000 0.000000
0.948617 0.316427 0.000000 124.578182 -0.316427 0.948617 -0.000000 -22.699687 -0.000000 0.000000 1.000000 0.000000
0.949851 0.312704 0.000000 125.198860 -0.312704 0.949851 -0.000000 -22.925374 -0.000000 0.000000 1.000000 0.000000
0.949290 0.314403 0.000000 125.789000 -0.314403 0.949290 -0.000000 -23.140821 -0.000000 0.000000 1.000000 0.000000
0.950449 0.310879 0.000000 126.398028 -0.310879 0.950449 -0.000000 -23.356836 -0.000000 0.000000 1.000000 0.000000
0.948978 0.315341 0.000000 127.021717 -0.315341 0.948978 -0.000000 -23.585168 -0.000000 0.000000 1.000000 0.000000
0.949369 0.314163 0.000000 127.818943 -0.314163 0.949369 -0.000000 -23.878514 -0.000000 0.000000 1.000000 0.000000
0.948768 0.315975 0.000000 128.439430 -0.315975 0.948768 -0.000000 -24.105601 -0.000000 0.000000 1.000000 0.000000
0.947500 0.319755 0.000000 129.060893 -0.319755 0.947500 -0.000000 -24.309129 -0.000000 0.000000 1.000000 0.000000
0.947428 0.319968 0.000000 129.960391 -0.319968 0.947428 -0.000000 -24.625134 -0.000000 0.000000 1.000000 0.000000
0.947547 0.319616 0.000000 130.572091 -0.319616 0.947547 -0.000000 -24.850090 -0.000000 0.000000 1.000000 0.000000
0.947380 0.320112 0.000000 131.184062 -0.320112 0.947380 -0.000000 -25.067937 -0.000000 0.000000 1.000000 0.000000
0.947442 0.319926 0.000000 131.789431 -0.319926 0.947442 -0.000000 -25.283333 -0.000000 0.000000 1.000000 0.000000
0.947373 0.320132 0.000000 132.393702 -0.320132 0.947373 -0.000000 -25.502933 -0.000000 0.000000 1.000000 0.000000
0.946822 0.321758 0.000000 133.287662 -0.321758 0.946822 -0.000000 -25.819527 -0.000000 0.000000 1.000000 0.000000
0.946470 0.322792 0.000000 133.868372 -0.322792 0.946470 -0.000000 -26.031343 -0.000000 0.000000 1.000000 0.000000
0.945945 0.324327 0.000000 134.466120 -0.324327 0.945945 -0.000000 -26.245750 -0.000000 0.000000 1.000000 0.000000
0.945202 0.326487 0.000000 135.023543 -0.326487 0.945202 -0.000000 -26.451380 -0.000000 0.000000 1.000000 0.000000
0.944283 0.329135 0.000000 135.794732 -0.329135 0.944283 -0.000000 -26.736952 -0.000000 0.000000 1.000000 0.000000
0.943637 0.330983 0.000000 136.387277 -0.330983 0.943637 -0.000000 -26.958296 -0.000000 0.000000 1.000000 0.000000
0.943238 0.332117 0.000000 136.980875 -0.332117 0.943238 -0.000000 -27.174439 -0.000000 0.000000 1.000000 0.000000
0.943555 0.331217 0.000000 137.567022 -0.331217 0.943555 -0.000000 -27.393828 -0.000000 0.000000 1.000000 0.000000
0.944408 0.328776 0.000000 138.158336 -0.328776 0.944408 -0.000000 -27.607775 -0.000000 0.000000 1.000000 0.000000
0.944233 0.329277 0.000000 139.292163 -0.329277 0.944233 -0.000000 -28.027498 -0.000000 0.000000 1.000000 0.000000
0.945005 0.327055 0.000000 139.837722 -0.327055 0.945005 -0.000000 -28.225959 -0.000000 0.000000 1.000000 0.000000
0.942566 0.334021 0.000000 140.413997 -0.334021 0.942566 -0.000000 -28.423416 -0.000000 0.000000 1.000000 0.000000
0.943125 0.332439 0.000000 140.985972 -0.332439 0.943125 -0.000000 -28.635850 -0.000000 0.000000 1.000000 0.000000
0.942024 0.335545 0.000000 141.525566 -0.335545 0.942024 -0.000000 -28.838900 -0.000000 0.000000 1.000000 0.000000
0.942311 0.334739 0.000000 142.096972 -0.334739 0.942311 -0.000000 -29.059423 -0.000000 0.000000 1.000000 0.000000
0.944130 0.329573 0.000000 142.797069 -0.329573 0.944130 -0.000000 -29.319974 -0.000000 0.000000 1.000000 0.000000
0.944905 0.327346 0.000000 143.361365 -0.327346 0.944905 -0.000000 -29.535630 -0.000000 0.000000 1.000000 0.000000
0.944931 0.327269 0.000000 143.887913 -0.327269 0.944931 -0.000000 -29.731037 -0.000000 0.000000 1.000000 0.000000
0.944851 0.327500 0.000000 144.456966 -0.327500 0.944851 -0.000000 -29.940859 -0.000000 0.000000 1.000000 0.000000
0.944580 0.328281 0.000000 145.019730 -0.328281 0.944580 -0.000000 -30.150846 -0.000000 0.000000 1.000000 0.000000
0.944323 0.329021 0.000000 145.543253 -0.329021 0.944323 -0.000000 -30.342802 -0.000000 0.000000 1.000000 0.000000
0.943804 0.330506 0.000000 146.098292 -0.330506 0.943804 -0.000000 -30.549659 -0.000000 0.000000 1.000000 0.000000
0.944715 0.327892 0.000000 146.620584 -0.327892 0.944715 -0.000000 -30.743038 -0.000000 0.000000 1.000000 0.000000
0.944293 0.329106 0.000000 147.171734 -0.329106 0.944293 -0.000000 -30.945814 -0.000000 0.000000 1.000000 0.000000
0.943606 0.331070 0.000000 147.721805 -0.331070 0.943606 -0.000000 -31.153615 -0.000000 0.000000 1.000000 0.000000
0.943594 0.331106 0.000000 148.428915 -0.331106 0.943594 -0.000000 -31.416066 -0.000000 0.000000 1.000000 0.000000
0.942824 0.333291 0.000000 148.948167 -0.333291 0.942824 -0.000000 -31.604631 -0.000000 0.000000 1.000000 0.000000
0.942139 0.335221 0.000000 149.499768 -0.335221 0.942139 -0.000000 -31.806384 -0.000000 0.000000 1.000000 0.000000
0.941445 0.337168 0.000000 150.015122 -0.337168 0.941445 -0.000000 -31.998591 -0.000000 0.000000 1.000000 0.000000
0.941061 0.338236 0.000000 150.559553 -0.338236 0.941061 -0.000000 -32.201039 -0.000000 0.000000 1.000000 0.000000
0.940833 0.338871 0.000000 151.072980 -0.338871 0.940833 -0.000000 -32.389400 -0.000000 0.000000 1.000000 0.000000
0.940608 0.339494 0.000000 151.776955 -0.339494 0.940608 -0.000000 -32.651291 -0.000000 0.000000 1.000000 0.000000
0.940399 0.340072 0.000000 152.282300 -0.340072 0.940399 -0.000000 -32.840124 -0.000000 0.000000 1.000000 0.000000
0.937937 0.346805 0.000000 152.818417 -0.346805 0.937937 -0.000000 -33.053030 -0.000000 0.000000 1.000000 0.000000
0.937746 0.347323 0.000000 153.321803 -0.347323 0.937746 -0.000000 -33.243354 -0.000000 0.000000 1.000000 0.000000
0.937096 0.349071 0.000000 153.863319 -0.349071 0.937096 -0.000000 -33.451052 -0.000000 0.000000 1.000000 0.000000
0.936967 0.349418 0.000000 154.369895 -0.349418 0.936967 -0.000000 -33.644118 -0.000000 0.000000 1.000000 0.000000
0.936696 0.350144 0.000000 155.098560 -0.350144 0.936696 -0.000000 -33.926949 -0.000000 0.000000 1.000000 0.000000
0.936557 0.350516 0.000000 155.639659 -0.350516 0.936557 -0.000000 -34.137815 -0.000000 0.000000 1.000000 0.000000
0.937420 0.348200 0.000000 156.177964 -0.348200 0.937420 -0.000000 -34.354427 -0.000000 0.000000 1.000000 0.000000
0.938358 0.345666 0.000000 156.718919 -0.345666 0.938358 -0.000000 -34.564682 -0.000000 0.000000 1.000000 0.000000
0.939235 0.343276 0.000000 157.255033 -0.343276 0.939235 -0.000000 -34.772910 -0.000000 0.000000 1.000000 0.000000
0.938291 0.345847 0.000000 157.790621 -0.345847 0.938291 -0.000000 -34.988846 -0.000000 0.000000 1.000000 0.000000
0.939143 0.343527 0.000000 158.329264 -0.343527 0.939143 -0.000000 -35.198901 -0.000000 0.000000 1.000000 0.000000
0.940333 0.340256 0.000000 158.834440 -0.340256 0.940333 -0.000000 -35.396807 -0.000000 0.000000 1.000000 0.000000
0.941413 0.337256 0.000000 159.364583 -0.337256 0.941413 -0.000000 -35.604204 -0.000000 0.000000 1.000000 0.000000
0.941566 0.336829 0.000000 159.908566 -0.336829 0.941566 -0.000000 -35.820456 -0.000000 0.000000 1.000000 0.000000
0.941822 0.336112 0.000000 160.408533 -0.336112 0.941822 -0.000000 -36.014889 -0.000000 0.000000 1.000000 0.000000
0.942209 0.335026 0.000000 160.951299 -0.335026 0.942209 -0.000000 -36.223521 -0.000000 0.000000 1.000000 0.000000
0.943260 0.332054 0.000000 161.458757 -0.332054 0.943260 -0.000000 -36.406296 -0.000000 0.000000 1.000000 0.000000
0.943746 0.330671 0.000000 161.998247 -0.330671 0.943746 -0.000000 -36.607732 -0.000000 0.000000 1.000000 0.000000
0.945380 0.325970 0.000000 162.529009 -0.325970 0.945380 -0.000000 -36.814658 -0.000000 0.000000 1.000000 0.000000
0.946899 0.321531 0.000000 163.074153 -0.321531 0.946899 -0.000000 -37.020295 -0.000000 0.000000 1.000000 0.000000
0.947853 0.318707 0.000000 163.579824 -0.318707 0.947853 -0.000000 -37.209578 -0.000000 0.000000 1.000000 0.000000
0.949197 0.314682 0.000000 164.117295 -0.314682 0.949197 -0.000000 -37.404239 -0.000000 0.000000 1.000000 0.000000
0.950265 0.311443 0.000000 164.609518 -0.311443 0.950265 -0.000000 -37.587825 -0.000000 0.000000 1.000000 0.000000
0.952172 0.305564 0.000000 165.152373 -0.305564 0.952172 -0.000000 -37.786637 -0.000000 0.000000 1.000000 0.000000
0.953559 0.301206 0.000000 165.856288 -0.301206 0.953559 -0.000000 -38.039732 -0.000000 0.000000 1.000000 0.000000
0.954002 0.299799 0.000000 166.395836 -0.299799 0.954002 -0.000000 -38.219848 -0.000000 0.000000 1.000000 0.000000
0.954604 0.297879 0.000000 166.888601 -0.297879 0.954604 -0.000000 -38.396733 -0.000000 0.000000 1.000000 0.000000
0.954250 0.299009 0.000000 167.431302 -0.299009 0.954250 -0.000000 -38.586575 -0.000000 0.000000 1.000000 0.000000
0.954740 0.297441 0.000000 168.114225 -0.297441 0.954740 -0.000000 -38.814903 -0.000000 0.000000 1.000000 0.000000
0.956056 0.293185 0.000000 169.192357 -0.293185 0.956056 -0.000000 -39.174623 -0.000000 0.000000 1.000000 0.000000
0.955956 0.293511 0.000000 169.730027 -0.293511 0.955956 -0.000000 -39.358305 -0.000000 0.000000 1.000000 0.000000
0.956581 0.291466 0.000000 170.271990 -0.291466 0.956581 -0.000000 -39.526098 -0.000000 0.000000 1.000000 0.000000
0.956477 0.291808 0.000000 170.808181 -0.291808 0.956477 -0.000000 -39.700563 -0.000000 0.000000 1.000000 0.000000
0.956906 0.290399 0.000000 171.341984 -0.290399 0.956906 -0.000000 -39.864801 -0.000000 0.000000 1.000000 0.000000
0.957150 0.289592 0.000000 171.876344 -0.289592 0.957150 -0.000000 -40.031023 -0.000000 0.000000 1.000000 0.000000
0.956776 0.290827 0.000000 172.430016 -0.290827 0.956776 -0.000000 -40.211083 -0.000000 0.000000 1.000000 0.000000
0.956912 0.290379 0.000000 172.958442 -0.290379 0.956912 -0.000000 -40.378614 -0.000000 0.000000 1.000000 0.000000
0.956294 0.292406 0.000000 173.452932 -0.292406 0.956294 -0.000000 -40.536853 -0.000000 0.000000 1.000000 0.000000
0.955744 0.294199 0.000000 173.941366 -0.294199 0.955744 -0.000000 -40.707959 -0.000000 0.000000 1.000000 0.000000
0.955757 0.294157 0.000000 174.463389 -0.294157 0.955757 -0.000000 -40.875246 -0.000000 0.000000 1.000000 0.000000
0.956132 0.292936 0.000000 174.949782 -0.292936 0.956132 -0.000000 -41.027844 -0.000000 0.000000 1.000000 0.000000
0.956834 0.290635 0.000000 175.473036 -0.290635 0.956834 -0.000000 -41.186392 -0.000000 0.000000 1.000000 0.000000
0.957231 0.289324 0.000000 175.963912 -0.289324 0.957231 -0.000000 -41.330661 -0.000000 0.000000 1.000000 0.000000
0.957265 0.289212 0.000000 176.482132 -0.289212 0.957265 -0.000000 -41.496167 -0.000000 0.000000 1.000000 0.000000
0.957376 0.288844 0.000000 176.968977 -0.288844 0.957376 -0.000000 -41.648015 -0.000000 0.000000 1.000000 0.000000
0.958378 0.285503 0.000000 177.488815 -0.285503 0.958378 -0.000000 -41.806057 -0.000000 0.000000 1.000000 0.000000
0.958863 0.283871 0.000000 177.964079 -0.283871 0.958863 -0.000000 -41.951437 -0.000000 0.000000 1.000000 0.000000
0.958923 0.283665 0.000000 178.482210 -0.283665 0.958923 -0.000000 -42.102857 -0.000000 0.000000 1.000000 0.000000
0.958937 0.283618 0.000000 178.964060 -0.283618 0.958937 -0.000000 -42.245064 -0.000000 0.000000 1.000000 0.000000
0.958555 0.284907 0.000000 179.478733 -0.284907 0.958555 -0.000000 -42.390977 -0.000000 0.000000 1.000000 0.000000
0.959616 0.281312 0.000000 180.111259 -0.281312 0.959616 -0.000000 -42.594421 -0.000000 0.000000 1.000000 0.000000
0.960771 0.277343 0.000000 180.620837 -0.277343 0.960771 -0.000000 -42.744073 -0.000000 0.000000 1.000000 0.000000
0.961925 0.273314 0.000000 181.119993 -0.273314 0.961925 -0.000000 -42.891237 -0.000000 0.000000 1.000000 0.000000
0.962080 0.272769 0.000000 181.597403 -0.272769 0.962080 -0.000000 -43.023206 -0.000000 0.000000 1.000000 0.000000
0.963897 0.266275 0.000000 182.296514 -0.266275 0.963897 -0.000000 -43.226808 -0.000000 0.000000 1.000000 0.000000
0.964463 0.264216 0.000000 182.800847 -0.264216 0.964463 -0.000000 -43.369257 -0.000000 0.000000 1.000000 0.000000
0.965038 0.262108 0.000000 183.309974 -0.262108 0.965038 -0.000000 -43.509659 -0.000000 0.000000 1.000000 0.000000
0.965731 0.259544 0.000000 183.813511 -0.259544 0.965731 -0.000000 -43.646747 -0.000000 0.000000 1.000000 0.000000
0.967416 0.253191 0.000000 184.318053 -0.253191 0.967416 -0.000000 -43.780370 -0.000000 0.000000 1.000000 0.000000
0.970307 0.241877 0.000000 185.314999 -0.241877 0.970307 -0.000000 -44.049096 -0.000000 0.000000 1.000000 0.000000
0.971844 0.235625 0.000000 185.806098 -0.235625 0.971844 -0.000000 -44.166136 -0.000000 0.000000 1.000000 0.000000
0.973576 0.228364 0.000000 186.299387 -0.228364 0.973576 -0.000000 -44.292239 -0.000000 0.000000 1.000000 0.000000
0.975434 0.220292 0.000000 186.755187 -0.220292 0.975434 -0.000000 -44.403950 -0.000000 0.000000 1.000000 0.000000
0.976992 0.213278 0.000000 187.244081 -0.213278 0.976992 -0.000000 -44.509860 -0.000000 0.000000 1.000000 0.000000
0.978858 0.204543 0.000000 187.705811 -0.204543 0.978858 -0.000000 -44.611323 -0.000000 0.000000 1.000000 0.000000
0.982695 0.185229 0.000000 188.643034 -0.185229 0.982695 -0.000000 -44.807497 -0.000000 0.000000 1.000000 0.000000
0.984375 0.176085 0.000000 189.124699 -0.176085 0.984375 -0.000000 -44.900024 -0.000000 0.000000 1.000000 0.000000
0.986282 0.165072 0.000000 189.575263 -0.165072 0.986282 -0.000000 -44.983527 -0.000000 0.000000 1.000000 0.000000
0.988149 0.153498 0.000000 190.250664 -0.153498 0.988149 -0.000000 -45.096186 -0.000000 0.000000 1.000000 0.000000
0.989786 0.142562 0.000000 190.722210 -0.142562 0.989786 -0.000000 -45.173734 -0.000000 0.000000 1.000000 0.000000
0.991282 0.131755 0.000000 191.190972 -0.131755 0.991282 -0.000000 -45.248634 -0.000000 0.000000 1.000000 0.000000
0.992560 0.121754 0.000000 191.628334 -0.121754 0.992560 -0.000000 -45.313175 -0.000000 0.000000 1.000000 0.000000
0.993577 0.113157 0.000000 192.095484 -0.113157 0.993577 -0.000000 -45.371241 -0.000000 0.000000 1.000000 0.000000
0.995261 0.097239 0.000000 192.559710 -0.097239 0.995261 -0.000000 -45.435612 -0.000000 0.000000 1.000000 0.000000
0.996083 0.088423 0.000000 192.991159 -0.088423 0.996083 -0.000000 -45.494520 -0.000000 0.000000 1.000000 0.000000
0.996970 0.077791 0.000000 193.448958 -0.077791 0.996970 -0.000000 -45.547420 -0.000000 0.000000 1.000000 0.000000
0.997507 0.070567 0.000000 193.865522 -0.070567 0.997507 -0.000000 -45.591266 -0.000000 0.000000 1.000000 0.000000
0.998176 0.060369 0.000000 194.313673 -0.060369 0.998176 -0.000000 -45.634329 -0.000000 0.000000 1.000000 0.000000
