0.999971 0.007615 0.000000 1.174662 -0.007615 0.999971 -0.000000 -0.012892 -0.000000 0.000000 1.000000 0.000000
0.999960 0.008926 0.000000 1.728052 -0.008926 0.999960 -0.000000 -0.029068 -0.000000 0.000000 1.000000 0.000000
0.999901 0.014061 0.000000 2.876164 -0.014061 0.999901 -0.000000 -0.078619 -0.000000 0.000000 1.000000 0.000000
0.999883 0.015286 0.000000 3.470600 -0.015286 0.999883 -0.000000 -0.090078 -0.000000 0.000000 1.000000 0.000000
0.999834 0.018244 0.000000 4.027359 -0.018244 0.999834 -0.000000 -0.103955 -0.000000 0.000000 1.000000 0.000000
0.999787 0.020619 0.000000 4.617934 -0.020619 0.999787 -0.000000 -0.122177 -0.000000 0.000000 1.000000 0.000000
0.999715 0.023874 0.000000 5.434785 -0.023874 0.999715 -0.000000 -0.136963 -0.000000 0.000000 1.000000 0.000000
0.999616 0.027712 0.000000 6.002404 -0.027712 0.999616 -0.000000 -0.154305 -0.000000 0.000000 1.000000 0.000000
0.999553 0.029902 0.000000 6.570068 -0.029902 0.999553 -0.000000 -0.175048 -0.000000 0.000000 1.000000 0.000000
0.999351 0.036022 0.000000 7.151619 -0.036022 0.999351 -0.000000 -0.187467 -0.000000 0.000000 1.000000 0.000000
0.999130 0.041707 0.000000 7.697895 -0.041707 0.999130 -0.000000 -0.205217 -0.000000 0.000000 1.000000 0.000000
0.998854 0.047856 0.000000 8.273713 -0.047856 0.998854 -0.000000 -0.248317 -0.000000 0.000000 1.000000 0.000000
0.998544 0.053944 0.000000 8.815272 -0.053944 0.998544 -0.000000 -0.279507 -0.000000 0.000000 1.000000 0.000000
0.998083 0.061883 0.000000 9.535966 -0.061883 0.998083 -0.000000 -0.328570 -0.000000 0.000000 1.000000 0.000000
0.997776 0.066652 0.000000 10.103938 -0.066652 0.997776 -0.000000 -0.375062 -0.000000 0.000000 1.000000 0.000000
0.997494 0.070756 0.000000 10.686374 -0.070756 0.997494 -0.000000 -0.417555 -0.000000 0.000000 1.000000 0.000000
0.997109 0.075984 0.000000 11.258417 -0.075984 0.997109 -0.000000 -0.450642 -0.000000 0.000000 1.000000 0.000000
0.995975 0.089636 0.000000 12.403708 -0.089636 0.995975 -0.000000 -0.545696 -0.000000 0.000000 1.000000 0.000000
0.995521 0.094539 0.000000 12.939868 -0.094539 0.995521 -0.000000 -0.583025 -0.000000 0.000000 1.000000 0.000000
0.994757 0.102266 0.000000 13.518672 -0.102266 0.994757 -0.000000 -0.635424 -0.000000 0.000000 1.000000 0.000000
0.993861 0.110634 0.000000 14.066314 -0.110634 0.993861 -0.000000 -0.691439 -0.000000 0.000000 1.000000 0.000000
0.992995 0.118159 0.000000 14.630953 -0.118159 0.992995 -0.000000 -0.756556 -0.000000 0.000000 1.000000 0.000000
0.992153 0.125031 0.000000 15.152106 -0.125031 0.992153 -0.000000 -0.823885 -0.000000 0.000000 1.000000 0.000000
0.991527 0.129903 0.000000 15.725672 -0.129903 0.991527 -0.000000 -0.910721 -0.000000 0.000000 1.000000 0.000000
0.990710 0.135995 0.000000 16.258310 -0.135995 0.990710 -0.000000 -0.991401 -0.000000 0.000000 1.000000 0.000000
0.989351 0.145551 0.000000 17.000895 -0.145551 0.989351 -0.000000 -1.100473 -0.000000 0.000000 1.000000 0.000000
0.987772 0.155907 0.000000 17.565729 -0.155907 0.987772 -0.000000 -1.187972 -0.000000 0.000000 1.000000 0.000000
0.986808 0.161894 0.000000 18.120557 -0.161894 0.986808 -0.000000 -1.281388 -0.000000 0.000000 1.000000 0.000000
0.986034 0.166542 0.000000 18.662879 -0.166542 0.986034 -0.000000 -1.380253 -0.000000 0.000000 1.000000 0.000000
0.985183 0.171507 0.000000 19.226097 -0.171507 0.985183 -0.000000 -1.477805 -0.000000 0.000000 1.000000 0.000000
0.984028 0.178015 0.000000 19.753334 -0.178015 0.984028 -0.000000 -1.575309 -0.000000 0.000000 1.000000 0.000000
0.982721 0.185095 0.000000 20.275397 -0.185095 0.982721 -0.000000 -1.676782 -0.000000 0.000000 1.000000 0.000000
0.981466 0.191635 0.000000 20.828782 -0.191635 0.981466 -0.000000 -1.780716 -0.000000 0.000000 1.000000 0.000000
0.979596 0.200976 0.000000 21.349255 -0.200976 0.979596 -0.000000 -1.890805 -0.000000 0.000000 1.000000 0.000000
0.978058 0.208335 0.000000 21.908165 -0.208335 0.978058 -0.000000 -2.011194 -0.000000 0.000000 1.000000 0.000000
0.976248 0.216655 0.000000 22.646636 -0.216655 0.976248 -0.000000 -2.180353 -0.000000 0.000000 1.000000 0.000000
0.974390 0.224864 0.000000 23.186845 -0.224864 0.974390 -0.000000 -2.312406 -0.000000 0.000000 1.000000 0.000000
0.972509 0.232864 0.000000 23.768573 -0.232864 0.972509 -0.000000 -2.447243 -0.000000 0.000000 1.000000 0.000000
0.970808 0.239858 0.000000 24.310901 -0.239858 0.970808 -0.000000 -2.582792 -0.000000 0.000000 1.000000 0.000000
0.969021 0.246977 0.000000 24.853328 -0.246977 0.969021 -0.000000 -2.722779 -0.000000 0.000000 1.000000 0.000000
0.967486 0.252924 0.000000 25.353405 -0.252924 0.967486 -0.000000 -2.854448 -0.000000 0.000000 1.000000 0.000000
0.965759 0.259440 0.000000 25.901030 -0.259440 0.965759 -0.000000 -2.988047 -0.000000 0.000000 1.000000 0.000000
0.966021 0.258463 0.000000 26.398502 -0.258463 0.966021 -0.000000 -3.113409 -0.000000 0.000000 1.000000 0.000000
0.964357 0.264606 0.000000 26.930862 -0.264606 0.964357 -0.000000 -3.249654 -0.000000 0.000000 1.000000 0.000000
0.960996 0.276562 0.000000 27.952101 -0.276562 0.960996 -0.000000 -3.540493 -0.000000 0.000000 1.000000 0.000000
0.959468 0.281818 0.000000 28.435726 -0.281818 0.959468 -0.000000 -3.683543 -0.000000 0.000000 1.000000 0.000000
0.957528 0.288339 0.000000 28.961194 -0.288339 0.957528 -0.000000 -3.838852 -0.000000 0.000000 1.000000 0.000000
0.955399 0.295317 0.000000 29.628031 -0.295317 0.955399 -0.000000 -4.041636 -0.000000 0.000000 1.000000 0.000000
0.953728 0.300670 0.000000 30.110317 -0.300670 0.953728 -0.000000 -4.199290 -0.000000 0.000000 1.000000 0.000000
0.952097 0.305795 0.000000 30.592043 -0.305795 0.952097 -0.000000 -4.358066 -0.000000 0.000000 1.000000 0.000000
0.949773 0.312939 0.000000 31.099357 -0.312939 0.949773 -0.000000 -4.530145 -0.000000 0.000000 1.000000 0.000000
0.948828 0.315792 0.000000 31.572192 -0.315792 0.948828 -0.000000 -4.691082 -0.000000 0.000000 1.000000 0.000000
0.945825 0.324676 0.000000 32.231577 -0.324676 0.945825 -0.000000 -4.927672 -0.000000 0.000000 1.000000 0.000000
0.944093 0.329680 0.000000 32.737270 -0.329680 0.944093 -0.000000 -5.114641 -0.000000 0.000000 1.000000 0.000000
0.942844 0.333236 0.000000 33.241260 -0.333236 0.942844 -0.000000 -5.304867 -0.000000 0.000000 1.000000 0.000000
0.941031 0.338321 0.000000 33.718848 -0.338321 0.941031 -0.000000 -5.496358 -0.000000 0.000000 1.000000 0.000000
0.939444 0.342703 0.000000 34.223592 -0.342703 0.939444 -0.000000 -5.694097 -0.000000 0.000000 1.000000 0.000000
0.937595 0.347729 0.000000 34.722108 -0.347729 0.937595 -0.000000 -5.889523 -0.000000 0.000000 1.000000 0.000000
0.935116 0.354341 0.000000 35.187507 -0.354341 0.935116 -0.000000 -6.059898 -0.000000 0.000000 1.000000 0.000000
0.933541 0.358471 0.000000 35.684172 -0.358471 0.933541 -0.000000 -6.261762 -0.000000 0.000000 1.000000 0.000000
0.931666 0.363317 0.000000 36.155133 -0.363317 0.931666 -0.000000 -6.450679 -0.000000 0.000000 1.000000 0.000000
0.928995 0.370092 0.000000 36.649175 -0.370092 0.928995 -0.000000 -6.648410 -0.000000 0.000000 1.000000 0.000000
0.926590 0.376074 0.000000 37.123201 -0.376074 0.926590 -0.000000 -6.842923 -0.000000 0.000000 1.000000 0.000000
0.923687 0.383149 0.000000 37.617637 -0.383149 0.923687 -0.000000 -7.048052 -0.000000 0.000000 1.000000 0.000000
0.920817 0.389996 0.000000 38.085844 -0.389996 0.920817 -0.000000 -7.237759 -0.000000 0.000000 1.000000 0.000000
0.918427 0.395590 0.000000 38.578212 -0.395590 0.918427 -0.000000 -7.459270 -0.000000 0.000000 1.000000 0.000000
0.917051 0.398769 0.000000 39.031595 -0.398769 0.917051 -0.000000 -7.659359 -0.000000 0.000000 1.000000 0.000000
0.913738 0.406304 0.000000 39.705748 -0.406304 0.913738 -0.000000 -7.967074 -0.000000 0.000000 1.000000 0.000000
0.909377 0.415973 0.000000 40.398035 -0.415973 0.909377 -0.000000 -8.285353 -0.000000 0.000000 1.000000 0.000000
0.906119 0.423022 0.000000 40.874337 -0.423022 0.906119 -0.000000 -8.506497 -0.000000 0.000000 1.000000 0.000000
0.900213 0.435449 0.000000 41.706303 -0.435449 0.900213 -0.000000 -8.904545 -0.000000 0.000000 1.000000 0.000000
0.897968 0.440061 0.000000 42.178303 -0.440061 0.897968 -0.000000 -9.135528 -0.000000 0.000000 1.000000 0.000000
0.895933 0.444189 0.000000 42.649012 -0.444189 0.895933 -0.000000 -9.370256 -0.000000 0.000000 1.000000 0.000000
0.894468 0.447132 0.000000 43.116200 -0.447132 0.894468 -0.000000 -9.603818 -0.000000 0.000000 1.000000 0.000000
0.890126 0.455715 0.000000 43.578177 -0.455715 0.890126 -0.000000 -9.830915 -0.000000 0.000000 1.000000 0.000000
0.889204 0.457512 0.000000 44.065891 -0.457512 0.889204 -0.000000 -10.086282 -0.000000 0.000000 1.000000 0.000000
0.888145 0.459563 0.000000 44.482521 -0.459563 0.888145 -0.000000 -10.319254 -0.000000 0.000000 1.000000 0.000000
0.885158 0.465291 0.000000 44.930173 -0.465291 0.885158 -0.000000 -10.563873 -0.000000 0.000000 1.000000 0.000000
0.883170 0.469054 0.000000 45.374658 -0.469054 0.883170 -0.000000 -10.798033 -0.000000 0.000000 1.000000 0.000000
0.882270 0.470743 0.000000 45.817725 -0.470743 0.882270 -0.000000 -11.033329 -0.000000 0.000000 1.000000 0.000000
0.879728 0.475477 0.000000 46.241370 -0.475477 0.879728 -0.000000 -11.263008 -0.000000 0.000000 1.000000 0.000000
0.878041 0.478585 0.000000 46.669585 -0.478585 0.878041 -0.000000 -11.499354 -0.000000 0.000000 1.000000 0.000000
0.876052 0.482216 0.000000 47.061775 -0.482216 0.876052 -0.000000 -11.718436 -0.000000 0.000000 1.000000 0.000000
0.875615 0.483009 0.000000 47.479015 -0.483009 0.875615 -0.000000 -11.962323 -0.000000 0.000000 1.000000 0.000000
0.873526 0.486778 0.000000 47.865857 -0.486778 0.873526 -0.000000 -12.180278 -0.000000 0.000000 1.000000 0.000000
0.872151 0.489237 0.000000 48.280768 -0.489237 0.872151 -0.000000 -12.424037 -0.000000 0.000000 1.000000 0.000000
0.871457 0.490472 0.000000 48.677404 -0.490472 0.871457 -0.000000 -12.648786 -0.000000 0.000000 1.000000 0.000000
0.868670 0.495391 0.000000 49.064456 -0.495391 0.868670 -0.000000 -12.874582 -0.000000 0.000000 1.000000 0.000000
0.868347 0.495958 0.000000 49.453266 -0.495958 0.868347 -0.000000 -13.097290 -0.000000 0.000000 1.000000 0.000000
0.862997 0.505209 0.000000 49.843575 -0.505209 0.862997 -0.000000 -13.304062 -0.000000 0.000000 1.000000 0.000000
0.860177 0.509995 0.000000 50.205845 -0.509995 0.860177 -0.000000 -13.523689 -0.000000 0.000000 1.000000 0.000000
0.858369 0.513033 0.000000 50.558719 -0.513033 0.858369 -0.000000 -13.745134 -0.000000 0.000000 1.000000 0.000000
0.855943 0.517071 0.000000 50.927847 -0.517071 0.855943 -0.000000 -13.980899 -0.000000 0.000000 1.000000 0.000000
0.852141 0.523313 0.000000 51.452556 -0.523313 0.852141 -0.000000 -14.333223 -0.000000 0.000000 1.000000 0.000000
0.847637 0.530577 0.000000 51.829968 -0.530577 0.847637 -0.000000 -14.590022 -0.000000 0.000000 1.000000 0.000000
0.842561 0.538600 0.000000 52.178501 -0.538600 0.842561 -0.000000 -14.823195 -0.000000 0.000000 1.000000 0.000000
0.839788 0.542914 0.000000 52.519642 -0.542914 0.839788 -0.000000 -15.056656 -0.000000 0.000000 1.000000 0.000000
0.837216 0.546872 0.000000 52.850841 -0.546872 0.837216 -0.000000 -15.284483 -0.000000 0.000000 1.000000 0.000000
0.833477 0.552553 0.000000 53.185237 -0.552553 0.833477 -0.000000 -15.511708 -0.000000 0.000000 1.000000 0.000000
0.830897 0.556426 0.000000 53.508168 -0.556426 0.830897 -0.000000 -15.737163 -0.000000 0.000000 1.000000 0.000000
0.827482 0.561492 0.000000 53.843954 -0.561492 0.827482 -0.000000 -15.956791 -0.000000 0.000000 1.000000 0.000000
0.825250 0.564768 0.000000 54.169724 -0.564768 0.825250 -0.000000 -16.175476 -0.000000 0.000000 1.000000 0.000000
0.823459 0.567375 0.000000 54.491662 -0.567375 0.823459 -0.000000 -16.405255 -0.000000 0.000000 1.000000 0.000000
0.820911 0.571056 0.000000 54.802250 -0.571056 0.820911 -0.000000 -16.625992 -0.000000 0.000000 1.000000 0.000000
0.818027 0.575180 0.000000 55.404914 -0.575180 0.818027 -0.000000 -17.064318 -0.000000 0.000000 1.000000 0.000000
0.816501 0.577345 0.000000 55.691598 -0.577345 0.816501 -0.000000 -17.271025 -0.000000 0.000000 1.000000 0.000000
0.815139 0.579265 0.000000 55.961994 -0.579265 0.815139 -0.000000 -17.463251 -0.000000 0.000000 1.000000 0.000000
0.814474 0.580200 0.000000 56.227228 -0.580200 0.814474 -0.000000 -17.650895 -0.000000 0.000000 1.000000 0.000000
0.814086 0.580744 0.000000 56.507986 -0.580744 0.814086 -0.000000 -17.857166 -0.000000 0.000000 1.000000 0.000000
0.812044 0.583596 0.000000 56.765282 -0.583596 0.812044 -0.000000 -18.039785 -0.000000 0.000000 1.000000 0.000000
0.810659 0.585519 0.000000 57.034106 -0.585519 0.810659 -0.000000 -18.232859 -0.000000 0.000000 1.000000 0.000000
0.809450 0.587188 0.000000 57.289901 -0.587188 0.809450 -0.000000 -18.417036 -0.000000 0.000000 1.000000 0.000000
0.808961 0.587862 0.000000 57.553330 -0.587862 0.808961 -0.000000 -18.604094 -0.000000 0.000000 1.000000 0.000000
0.809043 0.587749 0.000000 57.789645 -0.587749 0.809043 -0.000000 -18.781483 -0.000000 0.000000 1.000000 0.000000
0.806620 0.591071 0.000000 58.026653 -0.591071 0.806620 -0.000000 -18.945623 -0.000000 0.000000 1.000000 0.000000
0.804954 0.593337 0.000000 58.276271 -0.593337 0.804954 -0.000000 -19.120906 -0.000000 0.000000 1.000000 0.000000
0.801255 0.598323 0.000000 58.628132 -0.598323 0.801255 -0.000000 -19.382996 -0.000000 0.000000 1.000000 0.000000
0.799831 0.600225 0.000000 58.884593 -0.600225 0.799831 -0.000000 -19.567030 -0.000000 0.000000 1.000000 0.000000
0.795911 0.605414 0.000000 59.122542 -0.605414 0.795911 -0.000000 -19.744999 -0.000000 0.000000 1.000000 0.000000
0.793249 0.608898 0.000000 59.347440 -0.608898 0.793249 -0.000000 -19.916338 -0.000000 0.000000 1.000000 0.000000
0.789937 0.613188 0.000000 59.567605 -0.613188 0.789937 -0.000000 -20.083000 -0.000000 0.000000 1.000000 0.000000
0.787284 0.616591 0.000000 59.776609 -0.616591 0.787284 -0.000000 -20.245509 -0.000000 0.000000 1.000000 0.000000
0.787210 0.616685 0.000000 59.985305 -0.616685 0.787210 -0.000000 -20.416139 -0.000000 0.000000 1.000000 0.000000
0.786665 0.617380 0.000000 60.189855 -0.617380 0.786665 -0.000000 -20.581842 -0.000000 0.000000 1.000000 0.000000
0.788712 0.614763 0.000000 60.393877 -0.614763 0.788712 -0.000000 -20.741106 -0.000000 0.000000 1.000000 0.000000
0.787169 0.616737 0.000000 60.574259 -0.616737 0.787169 -0.000000 -20.901963 -0.000000 0.000000 1.000000 0.000000
0.782604 0.622520 0.000000 60.945345 -0.622520 0.782604 -0.000000 -21.209955 -0.000000 0.000000 1.000000 0.000000
0.778679 0.627422 0.000000 61.114070 -0.627422 0.778679 -0.000000 -21.335968 -0.000000 0.000000 1.000000 0.000000
0.777879 0.628414 0.000000 61.268413 -0.628414 0.777879 -0.000000 -21.476521 -0.000000 0.000000 1.000000 0.000000
0.778374 0.627801 0.000000 61.434075 -0.627801 0.778374 -0.000000 -21.628021 -0.000000 0.000000 1.000000 0.000000
0.777627 0.628726 0.000000 61.588073 -0.628726 0.777627 -0.000000 -21.759658 -0.000000 0.000000 1.000000 0.000000
0.776291 0.630375 0.000000 61.736030 -0.630375 0.776291 -0.000000 -21.883247 -0.000000 0.000000 1.000000 0.000000
0.776083 0.630631 0.000000 61.893774 -0.630631 0.776083 -0.000000 -22.013857 -0.000000 0.000000 1.000000 0.000000
0.774962 0.632008 0.000000 62.036681 -0.632008 0.774962 -0.000000 -22.132482 -0.000000 0.000000 1.000000 0.000000
0.773077 0.634312 0.000000 62.193524 -0.634312 0.773077 -0.000000 -22.259449 -0.000000 0.000000 1.000000 0.000000
0.769127 0.639096 0.000000 62.495640 -0.639096 0.769127 -0.000000 -22.507532 -0.000000 0.000000 1.000000 0.000000
0.767568 0.640968 0.000000 62.639161 -0.640968 0.767568 -0.000000 -22.626761 -0.000000 0.000000 1.000000 0.000000
0.766799 0.641888 0.000000 62.783250 -0.641888 0.766799 -0.000000 -22.744942 -0.000000 0.000000 1.000000 0.000000
0.765105 0.643906 0.000000 63.027772 -0.643906 0.765105 -0.000000 -22.947362 -0.000000 0.000000 1.000000 0.000000
0.763955 0.645269 0.000000 63.182115 -0.645269 0.763955 -0.000000 -23.085316 -0.000000 0.000000 1.000000 0.000000
0.761471 0.648199 0.000000 63.335307 -0.648199 0.761471 -0.000000 -23.217136 -0.000000 0.000000 1.000000 0.000000
0.759435 0.650583 0.000000 63.489049 -0.650583 0.759435 -0.000000 -23.351841 -0.000000 0.000000 1.000000 0.000000
0.760151 0.649746 0.000000 63.641635 -0.649746 0.760151 -0.000000 -23.481280 -0.000000 0.000000 1.000000 0.000000
0.758582 0.651578 0.000000 63.796355 -0.651578 0.758582 -0.000000 -23.606364 -0.000000 0.000000 1.000000 0.000000
0.757130 0.653264 0.000000 63.946409 -0.653264 0.757130 -0.000000 -23.732210 -0.000000 0.000000 1.000000 0.000000
0.753657 0.657268 0.000000 64.254866 -0.657268 0.753657 -0.000000 -24.002439 -0.000000 0.000000 1.000000 0.000000
0.751187 0.660090 0.000000 64.409652 -0.660090 0.751187 -0.000000 -24.139019 -0.000000 0.000000 1.000000 0.000000
0.749332 0.662194 0.000000 64.570993 -0.662194 0.749332 -0.000000 -24.276168 -0.000000 0.000000 1.000000 0.000000
0.747067 0.664748 0.000000 64.724363 -0.664748 0.747067 -0.000000 -24.412620 -0.000000 0.000000 1.000000 0.000000
0.744919 0.667155 0.000000 64.889328 -0.667155 0.744919 -0.000000 -24.559636 -0.000000 0.000000 1.000000 0.000000
0.743943 0.668243 0.000000 65.045838 -0.668243 0.743943 -0.000000 -24.704955 -0.000000 0.000000 1.000000 0.000000
0.741989 0.670412 0.000000 65.197177 -0.670412 0.741989 -0.000000 -24.846754 -0.000000 0.000000 1.000000 0.000000
0.740201 0.672386 0.000000 65.362112 -0.672386 0.740201 -0.000000 -25.001913 -0.000000 0.000000 1.000000 0.000000
0.736978 0.675917 0.000000 65.529580 -0.675917 0.736978 -0.000000 -25.141415 -0.000000 0.000000 1.000000 0.000000
0.732748 0.680500 0.000000 65.699985 -0.680500 0.732748 -0.000000 -25.286661 -0.000000 0.000000 1.000000 0.000000
0.728858 0.684665 0.000000 65.869728 -0.684665 0.728858 -0.000000 -25.443291 -0.000000 0.000000 1.000000 0.000000
0.726569 0.687093 0.000000 66.033567 -0.687093 0.726569 -0.000000 -25.593173 -0.000000 0.000000 1.000000 0.000000
0.724259 0.689528 0.000000 66.212261 -0.689528 0.724259 -0.000000 -25.759602 -0.000000 0.000000 1.000000 0.000000
0.722520 0.691350 0.000000 66.369453 -0.691350 0.722520 -0.000000 -25.924936 -0.000000 0.000000 1.000000 0.000000
0.718806 0.695210 0.000000 66.558669 -0.695210 0.718806 -0.000000 -26.102388 -0.000000 0.000000 1.000000 0.000000
0.716273 0.697820 0.000000 66.731401 -0.697820 0.716273 -0.000000 -26.275115 -0.000000 0.000000 1.000000 0.000000
0.710841 0.703353 0.000000 66.996394 -0.703353 0.710841 -0.000000 -26.532025 -0.000000 0.000000 1.000000 0.000000
0.709044 0.705165 0.000000 67.167870 -0.705165 0.709044 -0.000000 -26.704583 -0.000000 0.000000 1.000000 0.000000
0.707268 0.706945 0.000000 67.353118 -0.706945 0.707268 -0.000000 -26.892860 -0.000000 0.000000 1.000000 0.000000
0.705571 0.708640 0.000000 67.527370 -0.708640 0.705571 -0.000000 -27.078841 -0.000000 0.000000 1.000000 0.000000
0.701151 0.713013 0.000000 67.897421 -0.713013 0.701151 -0.000000 -27.471463 -0.000000 0.000000 1.000000 0.000000
0.698798 0.715319 0.000000 68.073840 -0.715319 0.698798 -0.000000 -27.663933 -0.000000 0.000000 1.000000 0.000000
0.696621 0.717439 0.000000 68.247954 -0.717439 0.696621 -0.000000 -27.846276 -0.000000 0.000000 1.000000 0.000000
0.694943 0.719065 0.000000 68.430959 -0.719065 0.694943 -0.000000 -28.044504 -0.000000 0.000000 1.000000 0.000000
0.692020 0.721878 0.000000 68.696527 -0.721878 0.692020 -0.000000 -28.302942 -0.000000 0.000000 1.000000 0.000000
0.686802 0.726844 0.000000 68.890522 -0.726844 0.686802 -0.000000 -28.490944 -0.000000 0.000000 1.000000 0.000000
0.683288 0.730149 0.000000 69.064805 -0.730149 0.683288 -0.000000 -28.674865 -0.000000 0.000000 1.000000 0.000000
0.679318 0.733844 0.000000 69.243938 -0.733844 0.679318 -0.000000 -28.869125 -0.000000 0.000000 1.000000 0.000000
0.676815 0.736153 0.000000 69.402653 -0.736153 0.676815 -0.000000 -29.056490 -0.000000 0.000000 1.000000 0.000000
0.674975 0.737840 0.000000 69.567845 -0.737840 0.674975 -0.000000 -29.239417 -0.000000 0.000000 1.000000 0.000000
0.672307 0.740272 0.000000 69.738255 -0.740272 0.672307 -0.000000 -29.437107 -0.000000 0.000000 1.000000 0.000000
0.671429 0.741069 0.000000 69.903764 -0.741069 0.671429 -0.000000 -29.626155 -0.000000 0.000000 1.000000 0.000000
0.669740 0.742596 0.000000 70.066978 -0.742596 0.669740 -0.000000 -29.814107 -0.000000 0.000000 1.000000 0.000000
0.667219 0.744861 0.000000 70.240719 -0.744861 0.667219 -0.000000 -30.013475 -0.000000 0.000000 1.000000 0.000000
0.667105 0.744963 0.000000 70.396121 -0.744963 0.667105 -0.000000 -30.198205 -0.000000 0.000000 1.000000 0.000000
0.667663 0.744463 0.000000 70.616052 -0.744463 0.667663 -0.000000 -30.454869 -0.000000 0.000000 1.000000 0.000000
0.667115 0.744955 0.000000 70.792576 -0.744955 0.667115 -0.000000 -30.657868 -0.000000 0.000000 1.000000 0.000000
0.666351 0.745638 0.000000 70.955382 -0.745638 0.666351 -0.000000 -30.846850 -0.000000 0.000000 1.000000 0.000000
0.666819 0.745220 0.000000 71.114311 -0.745220 0.666819 -0.000000 -31.038129 -0.000000 0.000000 1.000000 0.000000
0.665277 0.746597 0.000000 71.276518 -0.746597 0.665277 -0.000000 -31.226743 -0.000000 0.000000 1.000000 0.000000
0.664963 0.746877 0.000000 71.436203 -0.746877 0.664963 -0.000000 -31.413593 -0.000000 0.000000 1.000000 0.000000
0.668603 0.743620 0.000000 71.583818 -0.743620 0.668603 -0.000000 -31.604193 -0.000000 0.000000 1.000000 0.000000
0.668727 0.743508 0.000000 71.747017 -0.743508 0.668727 -0.000000 -31.784264 -0.000000 0.000000 1.000000 0.000000
0.670783 0.741654 0.000000 71.906095 -0.741654 0.670783 -0.000000 -31.972178 -0.000000 0.000000 1.000000 0.000000
0.671403 0.741093 0.000000 72.053221 -0.741093 0.671403 -0.000000 -32.139988 -0.000000 0.000000 1.000000 0.000000
0.671954 0.740593 0.000000 72.355362 -0.740593 0.671954 -0.000000 -32.488037 -0.000000 0.000000 1.000000 0.000000
0.672236 0.740337 0.000000 72.512960 -0.740337 0.672236 -0.000000 -32.665065 -0.000000 0.000000 1.000000 0.000000
0.674543 0.738236 0.000000 72.666003 -0.738236 0.674543 -0.000000 -32.839000 -0.000000 0.000000 1.000000 0.000000
0.676448 0.736490 0.000000 72.797343 -0.736490 0.676448 -0.000000 -32.996486 -0.000000 0.000000 1.000000 0.000000
0.677714 0.735325 0.000000 72.949971 -0.735325 0.677714 -0.000000 -33.156025 -0.000000 0.000000 1.000000 0.000000
0.678596 0.734511 0.000000 73.095619 -0.734511 0.678596 -0.000000 -33.314980 -0.000000 0.000000 1.000000 0.000000
0.678860 0.734267 0.000000 73.241452 -0.734267 0.678860 -0.000000 -33.477005 -0.000000 0.000000 1.000000 0.000000
0.680211 0.733017 0.000000 73.486775 -0.733017 0.680211 -0.000000 -33.746697 -0.000000 0.000000 1.000000 0.000000
0.681906 0.731440 0.000000 73.623736 -0.731440 0.681906 -0.000000 -33.904641 -0.000000 0.000000 1.000000 0.000000
0.684449 0.729060 0.000000 73.757021 -0.729060 0.684449 -0.000000 -34.059679 -0.000000 0.000000 1.000000 0.000000
0.685016 0.728528 0.000000 73.894461 -0.728528 0.685016 -0.000000 -34.210569 -0.000000 0.000000 1.000000 0.000000
0.687770 0.725929 0.000000 74.031794 -0.725929 0.687770 -0.000000 -34.364108 -0.000000 0.000000 1.000000 0.000000
0.690324 0.723501 0.000000 74.163978 -0.723501 0.690324 -0.000000 -34.516067 -0.000000 0.000000 1.000000 0.000000
0.696007 0.718035 0.000000 74.434142 -0.718035 0.696007 -0.000000 -34.800084 -0.000000 0.000000 1.000000 0.000000
0.699487 0.714646 0.000000 74.554610 -0.714646 0.699487 -0.000000 -34.929326 -0.000000 0.000000 1.000000 0.000000
0.702783 0.711405 0.000000 74.672420 -0.711405 0.702783 -0.000000 -35.055019 -0.000000 0.000000 1.000000 0.000000
0.709120 0.705088 0.000000 74.881439 -0.705088 0.709120 -0.000000 -35.272898 -0.000000 0.000000 1.000000 0.000000
0.713649 0.700504 0.000000 75.166152 -0.700504 0.713649 -0.000000 -35.548865 -0.000000 0.000000 1.000000 0.000000
0.720617 0.693334 0.000000 75.333036 -0.693334 0.720617 -0.000000 -35.712703 -0.000000 0.000000 1.000000 0.000000
0.723853 0.689954 0.000000 75.441415 -0.689954 0.723853 -0.000000 -35.806960 -0.000000 0.000000 1.000000 0.000000
0.732872 0.680367 0.000000 75.642678 -0.680367 0.732872 -0.000000 -36.010220 -0.000000 0.000000 1.000000 0.000000
0.737062 0.675825 0.000000 75.740656 -0.675825 0.737062 -0.000000 -36.105697 -0.000000 0.000000 1.000000 0.000000
0.740738 0.671794 0.000000 75.835899 -0.671794 0.740738 -0.000000 -36.186909 -0.000000 0.000000 1.000000 0.000000
0.743701 0.668513 0.000000 75.930446 -0.668513 0.743701 -0.000000 -36.272840 -0.000000 0.000000 1.000000 0.000000
0.748607 0.663014 0.000000 76.081125 -0.663014 0.748607 -0.000000 -36.407459 -0.000000 0.000000 1.000000 0.000000
0.755508 0.655139 0.000000 76.259048 -0.655139 0.755508 -0.000000 -36.575096 -0.000000 0.000000 1.000000 0.000000
0.759314 0.650724 0.000000 76.347859 -0.650724 0.759314 -0.000000 -36.654443 -0.000000 0.000000 1.000000 0.000000
0.763101 0.646279 0.000000 76.433936 -0.646279 0.763101 -0.000000 -36.733698 -0.000000 0.000000 1.000000 0.000000
0.766704 0.642001 0.000000 76.515168 -0.642001 0.766704 -0.000000 -36.807097 -0.000000 0.000000 1.000000 0.000000
0.770496 0.637445 0.000000 76.599269 -0.637445 0.770496 -0.000000 -36.877556 -0.000000 0.000000 1.000000 0.000000
0.772943 0.634476 0.000000 76.678777 -0.634476 0.772943 -0.000000 -36.934821 -0.000000 0.000000 1.000000 0.000000
0.780009 0.625768 0.000000 76.824996 -0.625768 0.780009 -0.000000 -37.059076 -0.000000 0.000000 1.000000 0.000000
0.782360 0.622826 0.000000 76.890561 -0.622826 0.782360 -0.000000 -37.110599 -0.000000 0.000000 1.000000 0.000000
0.785278 0.619143 0.000000 76.955009 -0.619143 0.785278 -0.000000 -37.164956 -0.000000 0.000000 1.000000 0.000000
0.786956 0.617009 0.000000 77.013024 -0.617009 0.786956 -0.000000 -37.211273 -0.000000 0.000000 1.000000 0.000000
0.790385 0.612610 0.000000 77.069118 -0.612610 0.790385 -0.000000 -37.255277 -0.000000 0.000000 1.000000 0.000000
0.792074 0.610425 0.000000 77.108854 -0.610425 0.792074 -0.000000 -37.286647 -0.000000 0.000000 1.000000 0.000000
0.793827 0.608144 0.000000 77.151249 -0.608144 0.793827 -0.000000 -37.322933 -0.000000 0.000000 1.000000 0.000000
0.795362 0.606135 0.000000 77.218079 -0.606135 0.795362 -0.000000 -37.370533 -0.000000 0.000000 1.000000 0.000000
0.796892 0.604122 0.000000 77.249641 -0.604122 0.796892 -0.000000 -37.394656 -0.000000 0.000000 1.000000 0.000000
0.797499 0.603320 0.000000 77.283248 -0.603320 0.797499 -0.000000 -37.418908 -0.000000 0.000000 1.000000 0.000000
0.798168 0.602435 0.000000 77.308393 -0.602435 0.798168 -0.000000 -37.433795 -0.000000 0.000000 1.000000 0.000000
0.799356 0.600858 0.000000 77.328817 -0.600858 0.799356 -0.000000 -37.450175 -0.000000 0.000000 1.000000 0.000000
0.800334 0.599554 0.000000 77.349356 -0.599554 0.800334 -0.000000 -37.462952 -0.000000 0.000000 1.000000 0.000000
0.800713 0.599048 0.000000 77.365862 -0.599048 0.800713 -0.000000 -37.474428 -0.000000 0.000000 1.000000 0.000000
0.800958 0.598721 0.000000 77.376430 -0.598721 0.800958 -0.000000 -37.484224 -0.000000 0.000000 1.000000 0.000000
0.802601 0.596517 0.000000 77.386685 -0.596517 0.802601 -0.000000 -37.498326 -0.000000 0.000000 1.000000 0.000000
0.801966 0.597370 0.000000 77.391347 -0.597370 0.801966 -0.000000 -37.490490 -0.000000 0.000000 1.000000 0.000000
0.802871 0.596153 0.000000 77.392114 -0.596153 0.802871 -0.000000 -37.489759 -0.000000 0.000000 1.000000 0.000000
0.802830 0.596208 0.000000 77.390457 -0.596208 0.802830 -0.000000 -37.487511 -0.000000 0.000000 1.000000 0.000000
0.802024 0.597292 0.000000 77.389910 -0.597292 0.802024 -0.000000 -37.484333 -0.000000 0.000000 1.000000 0.000000
0.801981 0.597350 0.000000 77.386492 -0.597350 0.801981 -0.000000 -37.484784 -0.000000 0.000000 1.000000 0.000000
0.801772 0.597631 0.000000 77.383284 -0.597631 0.801772 -0.000000 -37.485403 -0.000000 0.000000 1.000000 0.000000
0.802839 0.596196 0.000000 77.380218 -0.596196 0.802839 -0.000000 -37.490524 -0.000000 0.000000 1.000000 0.000000
0.802863 0.596164 0.000000 77.378862 -0.596164 0.802863 -0.000000 -37.491133 -0.000000 0.000000 1.000000 0.000000
0.802105 0.597183 0.000000 77.379838 -0.597183 0.802105 -0.000000 -37.488964 -0.000000 0.000000 1.000000 0.000000
0.801961 0.597376 0.000000 77.380035 -0.597376 0.801961 -0.000000 -37.488844 -0.000000 0.000000 1.000000 0.000000
0.802016 0.597303 0.000000 77.379447 -0.597303 0.802016 -0.000000 -37.488582 -0.000000 0.000000 1.000000 0.000000
0.801970 0.597364 0.000000 77.378626 -0.597364 0.801970 -0.000000 -37.487586 -0.000000 0.000000 1.000000 0.000000
0.801997 0.597327 0.000000 77.378858 -0.597327 0.801997 -0.000000 -37.485936 -0.000000 0.000000 1.000000 0.000000
0.801922 0.597429 0.000000 77.379610 -0.597429 0.801922 -0.000000 -37.484854 -0.000000 0.000000 1.000000 0.000000
0.801788 0.597608 0.000000 77.380332 -0.597608 0.801788 -0.000000 -37.483019 -0.000000 0.000000 1.000000 0.000000
0.801729 0.597687 0.000000 77.380757 -0.597687 0.801729 -0.000000 -37.483036 -0.000000 0.000000 1.000000 0.000000
0.801741 0.597672 0.000000 77.381575 -0.597672 0.801741 -0.000000 -37.483535 -0.000000 0.000000 1.000000 0.000000
0.801826 0.597558 0.000000 77.382268 -0.597558 0.801826 -0.000000 -37.483070 -0.000000 0.000000 1.000000 0.000000
0.801857 0.597516 0.000000 77.382885 -0.597516 0.801857 -0.000000 -37.483188 -0.000000 0.000000 1.000000 0.000000
0.801868 0.597501 0.000000 77.383832 -0.597501 0.801868 -0.000000 -37.483615 -0.000000 0.000000 1.000000 0.000000
0.801881 0.597483 0.000000 77.383515 -0.597483 0.801881 -0.000000 -37.483377 -0.000000 0.000000 1.000000 0.000000
0.801870 0.597499 0.000000 77.383028 -0.597499 0.801870 -0.000000 -37.482939 -0.000000 0.000000 1.000000 0.000000
0.801826 0.597558 0.000000 77.382856 -0.597558 0.801826 -0.000000 -37.483913 -0.000000 0.000000 1.000000 0.000000
0.801618 0.597836 0.000000 77.382665 -0.597836 0.801618 -0.000000 -37.484498 -0.000000 0.000000 1.000000 0.000000
0.801539 0.597943 0.000000 77.383126 -0.597943 0.801539 -0.000000 -37.484054 -0.000000 0.000000 1.000000 0.000000
0.801516 0.597974 0.000000 77.383611 -0.597974 0.801516 -0.000000 -37.482989 -0.000000 0.000000 1.000000 0.000000
0.801550 0.597927 0.000000 77.383901 -0.597927 0.801550 -0.000000 -37.482513 -0.000000 0.000000 1.000000 0.000000
0.801617 0.597838 0.000000 77.383320 -0.597838 0.801617 -0.000000 -37.481932 -0.000000 0.000000 1.000000 0.000000
0.801626 0.597826 0.000000 77.383190 -0.597826 0.801626 -0.000000 -37.480511 -0.000000 0.000000 1.000000 0.000000
0.801620 0.597834 0.000000 77.383088 -0.597834 0.801620 -0.000000 -37.479663 -0.000000 0.000000 1.000000 0.000000
0.801609 0.597849 0.000000 77.382543 -0.597849 0.801609 -0.000000 -37.478873 -0.000000 0.000000 1.000000 0.000000
0.801600 0.597860 0.000000 77.381811 -0.597860 0.801600 -0.000000 -37.478011 -0.000000 0.000000 1.000000 0.000000
0.801552 0.597924 0.000000 77.381387 -0.597924 0.801552 -0.000000 -37.477039 -0.000000 0.000000 1.000000 0.000000
0.801621 0.597832 0.000000 77.381475 -0.597832 0.801621 -0.000000 -37.476102 -0.000000 0.000000 1.000000 0.000000
0.801626 0.597825 0.000000 77.381347 -0.597825 0.801626 -0.000000 -37.475216 -0.000000 0.000000 1.000000 0.000000
0.801641 0.597806 0.000000 77.381032 -0.597806 0.801641 -0.000000 -37.474313 -0.000000 0.000000 1.000000 0.000000
0.801687 0.597745 0.000000 77.380737 -0.597745 0.801687 -0.000000 -37.473591 -0.000000 0.000000 1.000000 0.000000
0.801758 0.597649 0.000000 77.379659 -0.597649 0.801758 -0.000000 -37.472981 -0.000000 0.000000 1.000000 0.000000
0.802102 0.597187 0.000000 77.377632 -0.597187 0.802102 -0.000000 -37.472625 -0.000000 0.000000 1.000000 0.000000
0.801985 0.597344 0.000000 77.377019 -0.597344 0.801985 -0.000000 -37.472395 -0.000000 0.000000 1.000000 0.000000
0.801898 0.597461 0.000000 77.377003 -0.597461 0.801898 -0.000000 -37.472032 -0.000000 0.000000 1.000000 0.000000
0.801841 0.597537 0.000000 77.377319 -0.597537 0.801841 -0.000000 -37.472585 -0.000000 0.000000 1.000000 0.000000
0.801932 0.597415 0.000000 77.376575 -0.597415 0.801932 -0.000000 -37.472401 -0.000000 0.000000 1.000000 0.000000
0.802091 0.597201 0.000000 77.375734 -0.597201 0.802091 -0.000000 -37.472537 -0.000000 0.000000 1.000000 0.000000
0.802111 0.597175 0.000000 77.373301 -0.597175 0.802111 -0.000000 -37.474036 -0.000000 0.000000 1.000000 0.000000
0.802026 0.597289 0.000000 77.370698 -0.597289 0.802026 -0.000000 -37.476405 -0.000000 0.000000 1.000000 0.000000
0.801520 0.597968 0.000000 77.370948 -0.597968 0.801520 -0.000000 -37.476837 -0.000000 0.000000 1.000000 0.000000
0.801363 0.598178 0.000000 77.370838 -0.598178 0.801363 -0.000000 -37.477277 -0.000000 0.000000 1.000000 0.000000
0.800377 0.599497 0.000000 77.373401 -0.599497 0.800377 -0.000000 -37.480651 -0.000000 0.000000 1.000000 0.000000
0.800626 0.599164 0.000000 77.374917 -0.599164 0.800626 -0.000000 -37.485219 -0.000000 0.000000 1.000000 0.000000
0.800867 0.598842 0.000000 77.379587 -0.598842 0.800867 -0.000000 -37.492268 -0.000000 0.000000 1.000000 0.000000
0.801169 0.598438 0.000000 77.379439 -0.598438 0.801169 -0.000000 -37.498697 -0.000000 0.000000 1.000000 0.000000
0.801990 0.597338 0.000000 77.375584 -0.597338 0.801990 -0.000000 -37.500675 -0.000000 0.000000 1.000000 0.000000
0.802500 0.596652 0.000000 77.374894 -0.596652 0.802500 -0.000000 -37.500409 -0.000000 0.000000 1.000000 0.000000
0.802829 0.596209 0.000000 77.374912 -0.596209 0.802829 -0.000000 -37.501408 -0.000000 0.000000 1.000000 0.000000
0.802948 0.596049 0.000000 77.373754 -0.596049 0.802948 -0.000000 -37.501912 -0.000000 0.000000 1.000000 0.000000
0.802832 0.596205 0.000000 77.374306 -0.596205 0.802832 -0.000000 -37.502642 -0.000000 0.000000 1.000000 0.000000
0.802842 0.596192 0.000000 77.373959 -0.596192 0.802842 -0.000000 -37.502691 -0.000000 0.000000 1.000000 0.000000
0.802760 0.596303 0.000000 77.373696 -0.596303 0.802760 -0.000000 -37.502645 -0.000000 0.000000 1.000000 0.000000
0.802692 0.596394 0.000000 77.373447 -0.596394 0.802692 -0.000000 -37.502211 -0.000000 0.000000 1.000000 0.000000
0.802682 0.596408 0.000000 77.371734 -0.596408 0.802682 -0.000000 -37.501645 -0.000000 0.000000 1.000000 0.000000
0.802619 0.596491 0.000000 77.370055 -0.596491 0.802619 -0.000000 -37.501005 -0.000000 0.000000 1.000000 0.000000
0.802803 0.596245 0.000000 77.367970 -0.596245 0.802803 -0.000000 -37.500628 -0.000000 0.000000 1.000000 0.000000
0.802893 0.596124 0.000000 77.366980 -0.596124 0.802893 -0.000000 -37.500552 -0.000000 0.000000 1.000000 0.000000
0.803043 0.595921 0.000000 77.365545 -0.595921 0.803043 -0.000000 -37.500882 -0.000000 0.000000 1.000000 0.000000
0.803369 0.595482 0.000000 77.365120 -0.595482 0.803369 -0.000000 -37.502152 -0.000000 0.000000 1.000000 0.000000
0.803746 0.594972 0.000000 77.365181 -0.594972 0.803746 -0.000000 -37.502429 -0.000000 0.000000 1.000000 0.000000
0.804418 0.594064 0.000000 77.363862 -0.594064 0.804418 -0.000000 -37.504673 -0.000000 0.000000 1.000000 0.000000
0.804919 0.593385 0.000000 77.363004 -0.593385 0.804919 -0.000000 -37.505769 -0.000000 0.000000 1.000000 0.000000
0.804633 0.593772 0.000000 77.363461 -0.593772 0.804633 -0.000000 -37.503795 -0.000000 0.000000 1.000000 0.000000
0.803590 0.595184 0.000000 77.366096 -0.595184 0.803590 -0.000000 -37.502835 -0.000000 0.000000 1.000000 0.000000
0.801675 0.597760 0.000000 77.374528 -0.597760 0.801675 -0.000000 -37.506052 -0.000000 0.000000 1.000000 0.000000
0.800672 0.599103 0.000000 77.380708 -0.599103 0.800672 -0.000000 -37.508755 -0.000000 0.000000 1.000000 0.000000
0.799906 0.600125 0.000000 77.380689 -0.600125 0.799906 -0.000000 -37.511622 -0.000000 0.000000 1.000000 0.000000
0.798659 0.601784 0.000000 77.384111 -0.601784 0.798659 -0.000000 -37.510847 -0.000000 0.000000 1.000000 0.000000
0.797606 0.603179 0.000000 77.385873 -0.603179 0.797606 -0.000000 -37.510574 -0.000000 0.000000 1.000000 0.000000
0.796708 0.604364 0.000000 77.386129 -0.604364 0.796708 -0.000000 -37.512570 -0.000000 0.000000 1.000000 0.000000
0.796028 0.605260 0.000000 77.389507 -0.605260 0.796028 -0.000000 -37.517090 -0.000000 0.000000 1.000000 0.000000
0.796046 0.605237 0.000000 77.393831 -0.605237 0.796046 -0.000000 -37.526863 -0.000000 0.000000 1.000000 0.000000
0.796330 0.604863 0.000000 77.395494 -0.604863 0.796330 -0.000000 -37.534288 -0.000000 0.000000 1.000000 0.000000
0.796984 0.604000 0.000000 77.402314 -0.604000 0.796984 -0.000000 -37.543566 -0.000000 0.000000 1.000000 0.000000
0.797847 0.602860 0.000000 77.406642 -0.602860 0.797847 -0.000000 -37.549501 -0.000000 0.000000 1.000000 0.000000
0.799036 0.601284 0.000000 77.412968 -0.601284 0.799036 -0.000000 -37.558660 -0.000000 0.000000 1.000000 0.000000
0.799672 0.600437 0.000000 77.422601 -0.600437 0.799672 -0.000000 -37.563954 -0.000000 0.000000 1.000000 0.000000
0.799664 0.600448 0.000000 77.434053 -0.600448 0.799664 -0.000000 -37.571760 -0.000000 0.000000 1.000000 0.000000
0.799635 0.600487 0.000000 77.445137 -0.600487 0.799635 -0.000000 -37.578957 -0.000000 0.000000 1.000000 0.000000
0.799273 0.600968 0.000000 77.455230 -0.600968 0.799273 -0.000000 -37.583482 -0.000000 0.000000 1.000000 0.000000
0.798915 0.601444 0.000000 77.469488 -0.601444 0.798915 -0.000000 -37.591818 -0.000000 0.000000 1.000000 0.000000
0.798832 0.601555 0.000000 77.495025 -0.601555 0.798832 -0.000000 -37.610706 -0.000000 0.000000 1.000000 0.000000
0.800181 0.599759 0.000000 77.502853 -0.599759 0.800181 -0.000000 -37.626153 -0.000000 0.000000 1.000000 0.000000
0.800502 0.599330 0.000000 77.512515 -0.599330 0.800502 -0.000000 -37.636337 -0.000000 0.000000 1.000000 0.000000
0.801420 0.598102 0.000000 77.525447 -0.598102 0.801420 -0.000000 -37.651723 -0.000000 0.000000 1.000000 0.000000
0.802077 0.597220 0.000000 77.533210 -0.597220 0.802077 -0.000000 -37.661928 -0.000000 0.000000 1.000000 0.000000
0.803721 0.595007 0.000000 77.537230 -0.595007 0.803721 -0.000000 -37.672907 -0.000000 0.000000 1.000000 0.000000
0.804461 0.594005 0.000000 77.544936 -0.594005 0.804461 -0.000000 -37.683195 -0.000000 0.000000 1.000000 0.000000
0.804809 0.593534 0.000000 77.550928 -0.593534 0.804809 -0.000000 -37.687521 -0.000000 0.000000 1.000000 0.000000
0.805009 0.593263 0.000000 77.559022 -0.593263 0.805009 -0.000000 -37.687517 -0.000000 0.000000 1.000000 0.000000
0.804462 0.594004 0.000000 77.563330 -0.594004 0.804462 -0.000000 -37.686803 -0.000000 0.000000 1.000000 0.000000
0.804162 0.594411 0.000000 77.568642 -0.594411 0.804162 -0.000000 -37.685566 -0.000000 0.000000 1.000000 0.000000
0.803660 0.595088 0.000000 77.571199 -0.595088 0.803660 -0.000000 -37.683293 -0.000000 0.000000 1.000000 0.000000
0.803712 0.595018 0.000000 77.572754 -0.595018 0.803712 -0.000000 -37.682072 -0.000000 0.000000 1.000000 0.000000
0.803706 0.595027 0.000000 77.573740 -0.595027 0.803706 -0.000000 -37.681280 -0.000000 0.000000 1.000000 0.000000
0.804004 0.594624 0.000000 77.571899 -0.594624 0.804004 -0.000000 -37.684562 -0.000000 0.000000 1.000000 0.000000
0.804566 0.593864 0.000000 77.569008 -0.593864 0.804566 -0.000000 -37.685111 -0.000000 0.000000 1.000000 0.000000
0.804909 0.593399 0.000000 77.566347 -0.593399 0.804909 -0.000000 -37.684899 -0.000000 0.000000 1.000000 0.000000
0.804913 0.593393 0.000000 77.565225 -0.593393 0.804913 -0.000000 -37.684367 -0.000000 0.000000 1.000000 0.000000
0.804859 0.593466 0.000000 77.564827 -0.593466 0.804859 -0.000000 -37.683450 -0.000000 0.000000 1.000000 0.000000
0.805178 0.593033 0.000000 77.564314 -0.593033 0.805178 -0.000000 -37.682787 -0.000000 0.000000 1.000000 0.000000
0.805302 0.592865 0.000000 77.563172 -0.592865 0.805302 -0.000000 -37.683337 -0.000000 0.000000 1.000000 0.000000
0.806251 0.591574 0.000000 77.560806 -0.591574 0.806251 -0.000000 -37.688248 -0.000000 0.000000 1.000000 0.000000
0.806210 0.591629 0.000000 77.561356 -0.591629 0.806210 -0.000000 -37.688162 -0.000000 0.000000 1.000000 0.000000
0.806353 0.591434 0.000000 77.559673 -0.591434 0.806353 -0.000000 -37.687932 -0.000000 0.000000 1.000000 0.000000
0.806893 0.590698 0.000000 77.558171 -0.590698 0.806893 -0.000000 -37.689247 -0.000000 0.000000 1.000000 0.000000
0.806863 0.590738 0.000000 77.558440 -0.590738 0.806863 -0.000000 -37.688089 -0.000000 0.000000 1.000000 0.000000
