0.999997 0.002249 0.000000 0.580852 -0.002249 0.999997 -0.000000 -0.007325 -0.000000 0.000000 1.000000 0.000000
0.999998 0.001853 0.000000 1.128659 -0.001853 0.999998 -0.000000 -0.015236 -0.000000 0.000000 1.000000 0.000000
0.999997 0.002333 0.000000 1.707710 -0.002333 0.999997 -0.000000 -0.025508 -0.000000 0.000000 1.000000 0.000000
0.999999 0.001710 0.000000 2.293031 -0.001710 0.999999 -0.000000 -0.035790 -0.000000 0.000000 1.000000 0.000000
0.999985 0.005479 0.000000 2.839187 -0.005479 0.999985 -0.000000 -0.048531 -0.000000 0.000000 1.000000 0.000000
0.999951 0.009930 0.000000 3.425914 -0.009930 0.999951 -0.000000 -0.051846 -0.000000 0.000000 1.000000 0.000000
0.999879 0.015543 0.000000 4.563243 -0.015543 0.999879 -0.000000 -0.081621 -0.000000 0.000000 1.000000 0.000000
0.999890 0.014841 0.000000 5.152791 -0.014841 0.999890 -0.000000 -0.093489 -0.000000 0.000000 1.000000 0.000000
0.999867 0.016335 0.000000 5.957482 -0.016335 0.999867 -0.000000 -0.120210 -0.000000 0.000000 1.000000 0.000000
0.999865 0.016437 0.000000 6.531699 -0.016437 0.999865 -0.000000 -0.122469 -0.000000 0.000000 1.000000 0.000000
0.999851 0.017275 0.000000 7.118530 -0.017275 0.999851 -0.000000 -0.145220 -0.000000 0.000000 1.000000 0.000000
0.999835 0.018186 0.000000 7.704702 -0.018186 0.999835 -0.000000 -0.156560 -0.000000 0.000000 1.000000 0.000000
0.999813 0.019340 0.000000 8.251769 -0.019340 0.999813 -0.000000 -0.167906 -0.000000 0.000000 1.000000 0.000000
0.999753 0.022225 0.000000 8.837601 -0.022225 0.999753 -0.000000 -0.183640 -0.000000 0.000000 1.000000 0.000000
0.999719 0.023692 0.000000 9.382630 -0.023692 0.999719 -0.000000 -0.198124 -0.000000 0.000000 1.000000 0.000000
0.999711 0.024058 0.000000 9.962252 -0.024058 0.999711 -0.000000 -0.197928 -0.000000 0.000000 1.000000 0.000000
0.999666 0.025837 0.000000 10.525234 -0.025837 0.999666 -0.000000 -0.198242 -0.000000 0.000000 1.000000 0.000000
0.999675 0.025478 0.000000 11.092936 -0.025478 0.999675 -0.000000 -0.219266 -0.000000 0.000000 1.000000 0.000000
0.999627 0.027295 0.000000 11.674136 -0.027295 0.999627 -0.000000 -0.232873 -0.000000 0.000000 1.000000 0.000000
0.999570 0.029331 0.000000 12.430075 -0.029331 0.999570 -0.000000 -0.253654 -0.000000 0.000000 1.000000 0.000000
0.999529 0.030679 0.000000 13.049335 -0.030679 0.999529 -0.000000 -0.276345 -0.000000 0.000000 1.000000 0.000000
0.999509 0.031331 0.000000 13.594035 -0.031331 0.999509 -0.000000 -0.290589 -0.000000 0.000000 1.000000 0.000000
0.999438 0.033534 0.000000 14.209092 -0.033534 0.999438 -0.000000 -0.294143 -0.000000 0.000000 1.000000 0.000000
0.999333 0.036519 0.000000 14.789193 -0.036519 0.999333 -0.000000 -0.302471 -0.000000 0.000000 1.000000 0.000000
0.999311 0.037103 0.000000 15.366397 -0.037103 0.999311 -0.000000 -0.326814 -0.000000 0.000000 1.000000 0.000000
0.999194 0.040134 0.000000 15.948093 -0.040134 0.999194 -0.000000 -0.349824 -0.000000 0.000000 1.000000 0.000000
0.999162 0.040928 0.000000 16.528131 -0.040928 0.999162 -0.000000 -0.389553 -0.000000 0.000000 1.000000 0.000000
0.999127 0.041777 0.000000 17.103829 -0.041777 0.999127 -0.000000 -0.416034 -0.000000 0.000000 1.000000 0.000000
0.999094 0.042550 0.000000 17.682455 -0.042550 0.999094 -0.000000 -0.447824 -0.000000 0.000000 1.000000 0.000000
0.998991 0.044913 0.000000 18.252715 -0.044913 0.998991 -0.000000 -0.471882 -0.000000 0.000000 1.000000 0.000000
0.998876 0.047391 0.000000 18.827123 -0.047391 0.998876 -0.000000 -0.511240 -0.000000 0.000000 1.000000 0.000000
0.998861 0.047704 0.000000 19.375779 -0.047704 0.998861 -0.000000 -0.550630 -0.000000 0.000000 1.000000 0.000000
0.998740 0.050189 0.000000 19.945681 -0.050189 0.998740 -0.000000 -0.584825 -0.000000 0.000000 1.000000 0.000000
0.998649 0.051958 0.000000 21.044913 -0.051958 0.998649 -0.000000 -0.636729 -0.000000 0.000000 1.000000 0.000000
0.998699 0.050986 0.000000 21.974579 -0.050986 0.998699 -0.000000 -0.691421 -0.000000 0.000000 1.000000 0.000000
0.998749 0.050003 0.000000 22.539898 -0.050003 0.998749 -0.000000 -0.732208 -0.000000 0.000000 1.000000 0.000000
0.998645 0.052037 0.000000 23.106754 -0.052037 0.998645 -0.000000 -0.769689 -0.000000 0.000000 1.000000 0.000000
0.998508 0.054603 0.000000 23.670348 -0.054603 0.998508 -0.000000 -0.808218 -0.000000 0.000000 1.000000 0.000000
0.998473 0.055238 0.000000 24.230261 -0.055238 0.998473 -0.000000 -0.847166 -0.000000 0.000000 1.000000 0.000000
0.998434 0.055942 0.000000 24.828298 -0.055942 0.998434 -0.000000 -0.893753 -0.000000 0.000000 1.000000 0.000000
0.997871 0.065211 0.000000 25.390784 -0.065211 0.997871 -0.000000 -0.938079 -0.000000 0.000000 1.000000 0.000000
0.996946 0.078100 0.000000 26.506412 -0.078100 0.996946 -0.000000 -1.023006 -0.000000 0.000000 1.000000 0.000000
0.997042 0.076861 0.000000 27.064953 -0.076861 0.997042 -0.000000 -1.085836 -0.000000 0.000000 1.000000 0.000000
0.996919 0.078439 0.000000 27.621583 -0.078439 0.996919 -0.000000 -1.141695 -0.000000 0.000000 1.000000 0.000000
0.996982 0.077627 0.000000 28.148334 -0.077627 0.996982 -0.000000 -1.202973 -0.000000 0.000000 1.000000 0.000000
0.997070 0.076488 0.000000 28.712403 -0.076488 0.997070 -0.000000 -1.251813 -0.000000 0.000000 1.000000 0.000000
0.996549 0.083010 0.000000 29.614204 -0.083010 0.996549 -0.000000 -1.334114 -0.000000 0.000000 1.000000 0.000000
0.996506 0.083519 0.000000 30.216358 -0.083519 0.996506 -0.000000 -1.392563 -0.000000 0.000000 1.000000 0.000000
0.996296 0.085994 0.000000 30.774659 -0.085994 0.996296 -0.000000 -1.434603 -0.000000 0.000000 1.000000 0.000000
0.996232 0.086732 0.000000 31.344154 -0.086732 0.996232 -0.000000 -1.486852 -0.000000 0.000000 1.000000 0.000000
0.996120 0.088006 0.000000 31.913462 -0.088006 0.996120 -0.000000 -1.549299 -0.000000 0.000000 1.000000 0.000000
0.995997 0.089388 0.000000 32.474160 -0.089388 0.995997 -0.000000 -1.616176 -0.000000 0.000000 1.000000 0.000000
0.995785 0.091722 0.000000 33.037164 -0.091722 0.995785 -0.000000 -1.668332 -0.000000 0.000000 1.000000 0.000000
0.995826 0.091270 0.000000 33.609955 -0.091270 0.995826 -0.000000 -1.723007 -0.000000 0.000000 1.000000 0.000000
0.995721 0.092408 0.000000 34.167548 -0.092408 0.995721 -0.000000 -1.776219 -0.000000 0.000000 1.000000 0.000000
0.995597 0.093732 0.000000 34.683893 -0.093732 0.995597 -0.000000 -1.835614 -0.000000 0.000000 1.000000 0.000000
0.995325 0.096578 0.000000 35.615633 -0.096578 0.995325 -0.000000 -1.938642 -0.000000 0.000000 1.000000 0.000000
0.994896 0.100902 0.000000 36.173056 -0.100902 0.994896 -0.000000 -2.006497 -0.000000 0.000000 1.000000 0.000000
0.994732 0.102512 0.000000 36.727572 -0.102512 0.994732 -0.000000 -2.068961 -0.000000 0.000000 1.000000 0.000000
0.994625 0.103544 0.000000 37.289678 -0.103544 0.994625 -0.000000 -2.131712 -0.000000 0.000000 1.000000 0.000000
0.994378 0.105887 0.000000 37.846510 -0.105887 0.994378 -0.000000 -2.185665 -0.000000 0.000000 1.000000 0.000000
0.994287 0.106738 0.000000 38.407516 -0.106738 0.994287 -0.000000 -2.251772 -0.000000 0.000000 1.000000 0.000000
0.994134 0.108158 0.000000 39.002085 -0.108158 0.994134 -0.000000 -2.319564 -0.000000 0.000000 1.000000 0.000000
0.994089 0.108569 0.000000 39.531203 -0.108569 0.994089 -0.000000 -2.377938 -0.000000 0.000000 1.000000 0.000000
0.994096 0.108501 0.000000 40.080247 -0.108501 0.994096 -0.000000 -2.437433 -0.000000 0.000000 1.000000 0.000000
0.994167 0.107850 0.000000 40.633056 -0.107850 0.994167 -0.000000 -2.506584 -0.000000 0.000000 1.000000 0.000000
0.993760 0.111542 0.000000 41.188038 -0.111542 0.993760 -0.000000 -2.564867 -0.000000 0.000000 1.000000 0.000000
0.993592 0.113030 0.000000 41.706069 -0.113030 0.993592 -0.000000 -2.623143 -0.000000 0.000000 1.000000 0.000000
0.993429 0.114449 0.000000 42.258220 -0.114449 0.993429 -0.000000 -2.693633 -0.000000 0.000000 1.000000 0.000000
0.993372 0.114941 0.000000 42.778872 -0.114941 0.993372 -0.000000 -2.756882 -0.000000 0.000000 1.000000 0.000000
0.993447 0.114292 0.000000 43.731568 -0.114292 0.993447 -0.000000 -2.880610 -0.000000 0.000000 1.000000 0.000000
0.993365 0.115007 0.000000 44.281202 -0.115007 0.993365 -0.000000 -2.949043 -0.000000 0.000000 1.000000 0.000000
0.993033 0.117835 0.000000 44.838122 -0.117835 0.993033 -0.000000 -3.016472 -0.000000 0.000000 1.000000 0.000000
0.992540 0.121918 0.000000 45.929315 -0.121918 0.992540 -0.000000 -3.141189 -0.000000 0.000000 1.000000 0.000000
0.992098 0.125464 0.000000 46.509144 -0.125464 0.992098 -0.000000 -3.218999 -0.000000 0.000000 1.000000 0.000000
0.991911 0.126933 0.000000 47.001796 -0.126933 0.991911 -0.000000 -3.276515 -0.000000 0.000000 1.000000 0.000000
0.991748 0.128204 0.000000 48.022455 -0.128204 0.991748 -0.000000 -3.408115 -0.000000 0.000000 1.000000 0.000000
0.991647 0.128983 0.000000 48.541471 -0.128983 0.991647 -0.000000 -3.475121 -0.000000 0.000000 1.000000 0.000000
0.991739 0.128270 0.000000 49.053592 -0.128270 0.991739 -0.000000 -3.548760 -0.000000 0.000000 1.000000 0.000000
0.991719 0.128429 0.000000 49.537679 -0.128429 0.991719 -0.000000 -3.617160 -0.000000 0.000000 1.000000 0.000000
0.991339 0.131325 0.000000 50.429261 -0.131325 0.991339 -0.000000 -3.744207 -0.000000 0.000000 1.000000 0.000000
0.991460 0.130411 0.000000 50.931801 -0.130411 0.991460 -0.000000 -3.829725 -0.000000 0.000000 1.000000 0.000000
0.990874 0.134795 0.000000 51.436850 -0.134795 0.990874 -0.000000 -3.889691 -0.000000 0.000000 1.000000 0.000000
0.990104 0.140338 0.000000 51.932282 -0.140338 0.990104 -0.000000 -3.963209 -0.000000 0.000000 1.000000 0.000000
0.989993 0.141114 0.000000 52.423400 -0.141114 0.989993 -0.000000 -4.027698 -0.000000 0.000000 1.000000 0.000000
0.989873 0.141954 0.000000 52.894812 -0.141954 0.989873 -0.000000 -4.091242 -0.000000 0.000000 1.000000 0.000000
0.989535 0.144292 0.000000 53.368378 -0.144292 0.989535 -0.000000 -4.159130 -0.000000 0.000000 1.000000 0.000000
0.988929 0.148388 0.000000 54.075135 -0.148388 0.988929 -0.000000 -4.264830 -0.000000 0.000000 1.000000 0.000000
0.988965 0.148147 0.000000 54.502570 -0.148147 0.988965 -0.000000 -4.333064 -0.000000 0.000000 1.000000 0.000000
0.988748 0.149588 0.000000 54.961300 -0.149588 0.988748 -0.000000 -4.407955 -0.000000 0.000000 1.000000 0.000000
0.988840 0.148978 0.000000 55.407261 -0.148978 0.988840 -0.000000 -4.476109 -0.000000 0.000000 1.000000 0.000000
0.988720 0.149778 0.000000 55.828573 -0.149778 0.988720 -0.000000 -4.537745 -0.000000 0.000000 1.000000 0.000000
0.989094 0.147286 0.000000 56.249980 -0.147286 0.989094 -0.000000 -4.603943 -0.000000 0.000000 1.000000 0.000000
0.989101 0.147240 0.000000 56.982947 -0.147240 0.989101 -0.000000 -4.725537 -0.000000 0.000000 1.000000 0.000000
0.988741 0.149634 0.000000 57.363073 -0.149634 0.988741 -0.000000 -4.779146 -0.000000 0.000000 1.000000 0.000000
0.988536 0.150982 0.000000 57.799901 -0.150982 0.988536 -0.000000 -4.833643 -0.000000 0.000000 1.000000 0.000000
0.988399 0.151879 0.000000 58.192444 -0.151879 0.988399 -0.000000 -4.897834 -0.000000 0.000000 1.000000 0.000000
0.988318 0.152405 0.000000 58.588702 -0.152405 0.988318 -0.000000 -4.965008 -0.000000 0.000000 1.000000 0.000000
0.988274 0.152689 0.000000 58.973974 -0.152689 0.988274 -0.000000 -5.021863 -0.000000 0.000000 1.000000 0.000000
0.988057 0.154090 0.000000 59.351749 -0.154090 0.988057 -0.000000 -5.093824 -0.000000 0.000000 1.000000 0.000000
0.987979 0.154586 0.000000 59.719529 -0.154586 0.987979 -0.000000 -5.155575 -0.000000 0.000000 1.000000 0.000000
0.987752 0.156034 0.000000 60.081203 -0.156034 0.987752 -0.000000 -5.205259 -0.000000 0.000000 1.000000 0.000000
0.987535 0.157402 0.000000 60.443375 -0.157402 0.987535 -0.000000 -5.261755 -0.000000 0.000000 1.000000 0.000000
0.987036 0.160500 0.000000 61.120770 -0.160500 0.987036 -0.000000 -5.376525 -0.000000 0.000000 1.000000 0.000000
0.987174 0.159646 0.000000 61.459915 -0.159646 0.987174 -0.000000 -5.438487 -0.000000 0.000000 1.000000 0.000000
0.987228 0.159316 0.000000 61.776871 -0.159316 0.987228 -0.000000 -5.494523 -0.000000 0.000000 1.000000 0.000000
0.987151 0.159788 0.000000 62.112516 -0.159788 0.987151 -0.000000 -5.554341 -0.000000 0.000000 1.000000 0.000000
0.986961 0.160962 0.000000 62.436393 -0.160962 0.986961 -0.000000 -5.606442 -0.000000 0.000000 1.000000 0.000000
0.986782 0.162056 0.000000 62.736146 -0.162056 0.986782 -0.000000 -5.653862 -0.000000 0.000000 1.000000 0.000000
0.985796 0.167944 0.000000 63.059938 -0.167944 0.985796 -0.000000 -5.696149 -0.000000 0.000000 1.000000 0.000000
0.985729 0.168340 0.000000 63.382030 -0.168340 0.985729 -0.000000 -5.761754 -0.000000 0.000000 1.000000 0.000000
0.986161 0.165789 0.000000 63.895055 -0.165789 0.986161 -0.000000 -5.863265 -0.000000 0.000000 1.000000 0.000000
0.986171 0.165731 0.000000 64.196421 -0.165731 0.986171 -0.000000 -5.918329 -0.000000 0.000000 1.000000 0.000000
0.985879 0.167461 0.000000 64.496402 -0.167461 0.985879 -0.000000 -5.972012 -0.000000 0.000000 1.000000 0.000000
0.985545 0.169413 0.000000 64.809417 -0.169413 0.985545 -0.000000 -6.026613 -0.000000 0.000000 1.000000 0.000000
0.985411 0.170190 0.000000 65.101133 -0.170190 0.985411 -0.000000 -6.079515 -0.000000 0.000000 1.000000 0.000000
0.985060 0.172213 0.000000 65.373885 -0.172213 0.985060 -0.000000 -6.130777 -0.000000 0.000000 1.000000 0.000000
0.985124 0.171843 0.000000 65.673436 -0.171843 0.985124 -0.000000 -6.189748 -0.000000 0.000000 1.000000 0.000000
0.985147 0.171713 0.000000 65.951644 -0.171713 0.985147 -0.000000 -6.240995 -0.000000 0.000000 1.000000 0.000000
0.984951 0.172834 0.000000 66.224588 -0.172834 0.984951 -0.000000 -6.287256 -0.000000 0.000000 1.000000 0.000000
0.984328 0.176346 0.000000 66.680799 -0.176346 0.984328 -0.000000 -6.372086 -0.000000 0.000000 1.000000 0.000000
0.984051 0.177884 0.000000 66.921288 -0.177884 0.984051 -0.000000 -6.412213 -0.000000 0.000000 1.000000 0.000000
0.983994 0.178204 0.000000 67.198370 -0.178204 0.983994 -0.000000 -6.462581 -0.000000 0.000000 1.000000 0.000000
0.983850 0.178993 0.000000 67.460206 -0.178993 0.983850 -0.000000 -6.514094 -0.000000 0.000000 1.000000 0.000000
0.983684 0.179904 0.000000 67.722741 -0.179904 0.983684 -0.000000 -6.567101 -0.000000 0.000000 1.000000 0.000000
0.983558 0.180592 0.000000 67.983161 -0.180592 0.983558 -0.000000 -6.623340 -0.000000 0.000000 1.000000 0.000000
0.983284 0.182076 0.000000 68.240639 -0.182076 0.983284 -0.000000 -6.673954 -0.000000 0.000000 1.000000 0.000000
0.983164 0.182726 0.000000 68.498776 -0.182726 0.983164 -0.000000 -6.727881 -0.000000 0.000000 1.000000 0.000000
0.982993 0.183644 0.000000 68.739138 -0.183644 0.982993 -0.000000 -6.778327 -0.000000 0.000000 1.000000 0.000000
0.982987 0.183673 0.000000 69.003939 -0.183673 0.982987 -0.000000 -6.831973 -0.000000 0.000000 1.000000 0.000000
0.982796 0.184695 0.000000 69.252281 -0.184695 0.982796 -0.000000 -6.881665 -0.000000 0.000000 1.000000 0.000000
0.982602 0.185724 0.000000 69.506283 -0.185724 0.982602 -0.000000 -6.926541 -0.000000 0.000000 1.000000 0.000000
0.982235 0.187653 0.000000 69.938514 -0.187653 0.982235 -0.000000 -7.011771 -0.000000 0.000000 1.000000 0.000000
0.981936 0.189213 0.000000 70.207395 -0.189213 0.981936 -0.000000 -7.058827 -0.000000 0.000000 1.000000 0.000000
0.981802 0.189909 0.000000 70.477396 -0.189909 0.981802 -0.000000 -7.113683 -0.000000 0.000000 1.000000 0.000000
0.981585 0.191025 0.000000 70.745904 -0.191025 0.981585 -0.000000 -7.167735 -0.000000 0.000000 1.000000 0.000000
0.981544 0.191237 0.000000 71.021758 -0.191237 0.981544 -0.000000 -7.227775 -0.000000 0.000000 1.000000 0.000000
0.981220 0.192890 0.000000 71.306189 -0.192890 0.981220 -0.000000 -7.288900 -0.000000 0.000000 1.000000 0.000000
0.981085 0.193575 0.000000 71.558896 -0.193575 0.981085 -0.000000 -7.349623 -0.000000 0.000000 1.000000 0.000000
0.981094 0.193533 0.000000 71.843409 -0.193533 0.981094 -0.000000 -7.415478 -0.000000 0.000000 1.000000 0.000000
0.980543 0.196302 0.000000 72.114134 -0.196302 0.980543 -0.000000 -7.470279 -0.000000 0.000000 1.000000 0.000000
0.980011 0.198943 0.000000 72.372241 -0.198943 0.980011 -0.000000 -7.529779 -0.000000 0.000000 1.000000 0.000000
0.979925 0.199366 0.000000 72.651726 -0.199366 0.979925 -0.000000 -7.590689 -0.000000 0.000000 1.000000 0.000000
0.980025 0.198872 0.000000 72.909713 -0.198872 0.980025 -0.000000 -7.655965 -0.000000 0.000000 1.000000 0.000000
0.979453 0.201673 0.000000 73.684157 -0.201673 0.979453 -0.000000 -7.823487 -0.000000 0.000000 1.000000 0.000000
0.978725 0.205176 0.000000 73.976739 -0.205176 0.978725 -0.000000 -7.876636 -0.000000 0.000000 1.000000 0.000000
0.978167 0.207822 0.000000 74.267652 -0.207822 0.978167 -0.000000 -7.930844 -0.000000 0.000000 1.000000 0.000000
0.977749 0.209777 0.000000 74.552918 -0.209777 0.977749 -0.000000 -7.991418 -0.000000 0.000000 1.000000 0.000000
0.978193 0.207698 0.000000 74.842188 -0.207698 0.978193 -0.000000 -8.054852 -0.000000 0.000000 1.000000 0.000000
0.977680 0.210102 0.000000 75.419704 -0.210102 0.977680 -0.000000 -8.186225 -0.000000 0.000000 1.000000 0.000000
0.977711 0.209956 0.000000 75.714770 -0.209956 0.977711 -0.000000 -8.254582 -0.000000 0.000000 1.000000 0.000000
0.977372 0.211527 0.000000 75.997199 -0.211527 0.977372 -0.000000 -8.315005 -0.000000 0.000000 1.000000 0.000000
0.977051 0.213007 0.000000 76.459955 -0.213007 0.977051 -0.000000 -8.422316 -0.000000 0.000000 1.000000 0.000000
0.976359 0.216156 0.000000 76.780055 -0.216156 0.976359 -0.000000 -8.494059 -0.000000 0.000000 1.000000 0.000000
0.975192 0.221361 0.000000 77.313812 -0.221361 0.975192 -0.000000 -8.618503 -0.000000 0.000000 1.000000 0.000000
0.974989 0.222253 0.000000 77.645807 -0.222253 0.974989 -0.000000 -8.695764 -0.000000 0.000000 1.000000 0.000000
0.975085 0.221833 0.000000 77.982820 -0.221833 0.975085 -0.000000 -8.773873 -0.000000 0.000000 1.000000 0.000000
0.973462 0.228848 0.000000 78.303983 -0.228848 0.973462 -0.000000 -8.835206 -0.000000 0.000000 1.000000 0.000000
0.973446 0.228918 0.000000 78.654756 -0.228918 0.973446 -0.000000 -8.918502 -0.000000 0.000000 1.000000 0.000000
0.972816 0.231579 0.000000 79.214536 -0.231579 0.972816 -0.000000 -9.052735 -0.000000 0.000000 1.000000 0.000000
0.973474 0.228796 0.000000 79.557525 -0.228796 0.973474 -0.000000 -9.138496 -0.000000 0.000000 1.000000 0.000000
0.973112 0.230333 0.000000 79.936079 -0.230333 0.973112 -0.000000 -9.229163 -0.000000 0.000000 1.000000 0.000000
0.972977 0.230902 0.000000 80.287730 -0.230902 0.972977 -0.000000 -9.308191 -0.000000 0.000000 1.000000 0.000000
0.972799 0.231650 0.000000 80.928950 -0.231650 0.972799 -0.000000 -9.471681 -0.000000 0.000000 1.000000 0.000000
0.972830 0.231521 0.000000 81.584951 -0.231521 0.972830 -0.000000 -9.626989 -0.000000 0.000000 1.000000 0.000000
0.973082 0.230458 0.000000 81.965756 -0.230458 0.973082 -0.000000 -9.732216 -0.000000 0.000000 1.000000 0.000000
0.973238 0.229801 0.000000 82.377947 -0.229801 0.973238 -0.000000 -9.823860 -0.000000 0.000000 1.000000 0.000000
0.972699 0.232072 0.000000 82.770325 -0.232072 0.972699 -0.000000 -9.918727 -0.000000 0.000000 1.000000 0.000000
0.973105 0.230363 0.000000 83.194625 -0.230363 0.973105 -0.000000 -10.031094 -0.000000 0.000000 1.000000 0.000000
0.972539 0.232740 0.000000 83.592278 -0.232740 0.972539 -0.000000 -10.131430 -0.000000 0.000000 1.000000 0.000000
0.972751 0.231852 0.000000 84.036443 -0.231852 0.972751 -0.000000 -10.239199 -0.000000 0.000000 1.000000 0.000000
0.973631 0.228130 0.000000 84.712855 -0.228130 0.973631 -0.000000 -10.403104 -0.000000 0.000000 1.000000 0.000000
0.973545 0.228495 0.000000 85.508250 -0.228495 0.973545 -0.000000 -10.596003 -0.000000 0.000000 1.000000 0.000000
0.973705 0.227813 0.000000 85.973525 -0.227813 0.973705 -0.000000 -10.714147 -0.000000 0.000000 1.000000 0.000000
0.972911 0.231178 0.000000 86.439037 -0.231178 0.972911 -0.000000 -10.837724 -0.000000 0.000000 1.000000 0.000000
0.972758 0.231825 0.000000 86.896854 -0.231825 0.972758 -0.000000 -10.953024 -0.000000 0.000000 1.000000 0.000000
0.972565 0.232633 0.000000 87.399557 -0.232633 0.972565 -0.000000 -11.076749 -0.000000 0.000000 1.000000 0.000000
0.972471 0.233025 0.000000 87.844945 -0.233025 0.972471 -0.000000 -11.185948 -0.000000 0.000000 1.000000 0.000000
0.971036 0.238932 0.000000 88.341304 -0.238932 0.971036 -0.000000 -11.302010 -0.000000 0.000000 1.000000 0.000000
0.970577 0.240792 0.000000 88.847633 -0.240792 0.970577 -0.000000 -11.427058 -0.000000 0.000000 1.000000 0.000000
0.969752 0.244093 0.000000 89.364259 -0.244093 0.969752 -0.000000 -11.551581 -0.000000 0.000000 1.000000 0.000000
0.969364 0.245630 0.000000 89.844328 -0.245630 0.969364 -0.000000 -11.673872 -0.000000 0.000000 1.000000 0.000000
0.969054 0.246848 0.000000 90.363924 -0.246848 0.969054 -0.000000 -11.814319 -0.000000 0.000000 1.000000 0.000000
0.967897 0.251347 0.000000 91.299005 -0.251347 0.967897 -0.000000 -12.065119 -0.000000 0.000000 1.000000 0.000000
0.967998 0.250959 0.000000 91.828627 -0.250959 0.967998 -0.000000 -12.216814 -0.000000 0.000000 1.000000 0.000000
0.967906 0.251313 0.000000 92.367982 -0.251313 0.967906 -0.000000 -12.358147 -0.000000 0.000000 1.000000 0.000000
0.966689 0.255953 0.000000 92.909881 -0.255953 0.966689 -0.000000 -12.496012 -0.000000 0.000000 1.000000 0.000000
0.965335 0.261012 0.000000 93.456518 -0.261012 0.965335 -0.000000 -12.646717 -0.000000 0.000000 1.000000 0.000000
0.965185 0.261567 0.000000 94.289924 -0.261567 0.965185 -0.000000 -12.888627 -0.000000 0.000000 1.000000 0.000000
0.964713 0.263302 0.000000 94.813355 -0.263302 0.964713 -0.000000 -13.033204 -0.000000 0.000000 1.000000 0.000000
0.962087 0.272742 0.000000 95.902446 -0.272742 0.962087 -0.000000 -13.349342 -0.000000 0.000000 1.000000 0.000000
0.961151 0.276024 0.000000 96.620747 -0.276024 0.961151 -0.000000 -13.561639 -0.000000 0.000000 1.000000 0.000000
0.960321 0.278898 0.000000 97.196172 -0.278898 0.960321 -0.000000 -13.717744 -0.000000 0.000000 1.000000 0.000000
0.959157 0.282875 0.000000 97.771145 -0.282875 0.959157 -0.000000 -13.893152 -0.000000 0.000000 1.000000 0.000000
0.957706 0.287749 0.000000 98.347894 -0.287749 0.957706 -0.000000 -14.072036 -0.000000 0.000000 1.000000 0.000000
0.957436 0.288645 0.000000 98.926633 -0.288645 0.957436 -0.000000 -14.246667 -0.000000 0.000000 1.000000 0.000000
0.957229 0.289333 0.000000 99.537874 -0.289333 0.957229 -0.000000 -14.433060 -0.000000 0.000000 1.000000 0.000000
0.956620 0.291340 0.000000 100.097061 -0.291340 0.956620 -0.000000 -14.602772 -0.000000 0.000000 1.000000 0.000000
0.955678 0.294414 0.000000 100.670820 -0.294414 0.955678 -0.000000 -14.786242 -0.000000 0.000000 1.000000 0.000000
0.955137 0.296165 0.000000 101.261022 -0.296165 0.955137 -0.000000 -14.971127 -0.000000 0.000000 1.000000 0.000000
0.956022 0.293294 0.000000 101.818123 -0.293294 0.956022 -0.000000 -15.151508 -0.000000 0.000000 1.000000 0.000000
0.956652 0.291232 0.000000 102.415272 -0.291232 0.956652 -0.000000 -15.342555 -0.000000 0.000000 1.000000 0.000000
0.956442 0.291923 0.000000 103.010119 -0.291923 0.956442 -0.000000 -15.535925 -0.000000 0.000000 1.000000 0.000000
0.955817 0.293961 0.000000 103.563438 -0.293961 0.955817 -0.000000 -15.715067 -0.000000 0.000000 1.000000 0.000000
0.955508 0.294966 0.000000 104.628291 -0.294966 0.955508 -0.000000 -16.044326 -0.000000 0.000000 1.000000 0.000000
0.955042 0.296471 0.000000 105.272114 -0.296471 0.955042 -0.000000 -16.252101 -0.000000 0.000000 1.000000 0.000000
0.954868 0.297031 0.000000 105.870987 -0.297031 0.954868 -0.000000 -16.454042 -0.000000 0.000000 1.000000 0.000000
0.954112 0.299450 0.000000 106.480740 -0.299450 0.954112 -0.000000 -16.652022 -0.000000 0.000000 1.000000 0.000000
0.953111 0.302622 0.000000 107.069077 -0.302622 0.953111 -0.000000 -16.841744 -0.000000 0.000000 1.000000 0.000000
0.953693 0.300783 0.000000 107.672834 -0.300783 0.953693 -0.000000 -17.053421 -0.000000 0.000000 1.000000 0.000000
0.953568 0.301177 0.000000 108.244781 -0.301177 0.953568 -0.000000 -17.235532 -0.000000 0.000000 1.000000 0.000000
0.953543 0.301256 0.000000 108.857216 -0.301256 0.953543 -0.000000 -17.429529 -0.000000 0.000000 1.000000 0.000000
0.953356 0.301849 0.000000 109.434242 -0.301849 0.953356 -0.000000 -17.612827 -0.000000 0.000000 1.000000 0.000000
0.952543 0.304403 0.000000 110.058237 -0.304403 0.952543 -0.000000 -17.829684 -0.000000 0.000000 1.000000 0.000000
0.951910 0.306379 0.000000 110.676694 -0.306379 0.951910 -0.000000 -18.037856 -0.000000 0.000000 1.000000 0.000000
0.951565 0.307447 0.000000 111.306295 -0.307447 0.951565 -0.000000 -18.244611 -0.000000 0.000000 1.000000 0.000000
0.951875 0.306486 0.000000 112.083110 -0.306486 0.951875 -0.000000 -18.505961 -0.000000 0.000000 1.000000 0.000000
0.951764 0.306831 0.000000 112.675412 -0.306831 0.951764 -0.000000 -18.688977 -0.000000 0.000000 1.000000 0.000000
0.949880 0.312616 0.000000 113.308614 -0.312616 0.949880 -0.000000 -18.902985 -0.000000 0.000000 1.000000 0.000000
0.950457 0.310855 0.000000 114.310886 -0.310855 0.950457 -0.000000 -19.234191 -0.000000 0.000000 1.000000 0.000000
0.950253 0.311480 0.000000 114.944142 -0.311480 0.950253 -0.000000 -19.446477 -0.000000 0.000000 1.000000 0.000000
0.950030 0.312158 0.000000 115.584494 -0.312158 0.950030 -0.000000 -19.662413 -0.000000 0.000000 1.000000 0.000000
0.949087 0.315014 0.000000 116.224673 -0.315014 0.949087 -0.000000 -19.888626 -0.000000 0.000000 1.000000 0.000000
0.948950 0.315428 0.000000 116.850949 -0.315428 0.948950 -0.000000 -20.113655 -0.000000 0.000000 1.000000 0.000000
0.948718 0.316124 0.000000 117.491504 -0.316124 0.948718 -0.000000 -20.338098 -0.000000 0.000000 1.000000 0.000000
0.949023 0.315206 0.000000 118.087128 -0.315206 0.949023 -0.000000 -20.551823 -0.000000 0.000000 1.000000 0.000000
0.948914 0.315533 0.000000 119.208907 -0.315533 0.948914 -0.000000 -20.941498 -0.000000 0.000000 1.000000 0.000000
0.948848 0.315733 0.000000 119.849029 -0.315733 0.948848 -0.000000 -21.163781 -0.000000 0.000000 1.000000 0.000000
0.949006 0.315259 0.000000 120.488344 -0.315259 0.949006 -0.000000 -21.390320 -0.000000 0.000000 1.000000 0.000000
0.948855 0.315713 0.000000 121.124328 -0.315713 0.948855 -0.000000 -21.613360 -0.000000 0.000000 1.000000 0.000000
0.948211 0.317641 0.000000 122.420415 -0.317641 0.948211 -0.000000 -22.054992 -0.000000 0.000000 1.000000 0.000000
0.948304 0.317362 0.000000 123.010019 -0.317362 0.948304 -0.000000 -22.256111 -0.000000 0.000000 1.000000 0.000000
0.947303 0.320338 0.000000 123.653723 -0.320338 0.947303 -0.000000 -22.486852 -0.000000 0.000000 1.000000 0.000000
0.947257 0.320475 0.000000 124.246918 -0.320475 0.947257 -0.000000 -22.702473 -0.000000 0.000000 1.000000 0.000000
0.947043 0.321107 0.000000 124.840636 -0.321107 0.947043 -0.000000 -22.903904 -0.000000 0.000000 1.000000 0.000000
0.940424 0.340005 0.000000 129.440213 -0.340005 0.940424 -0.000000 -24.623103 -0.000000 0.000000 1.000000 0.000000
0.942049 0.335475 0.000000 130.076539 -0.335475 0.942049 -0.000000 -24.854776 -0.000000 0.000000 1.000000 0.000000
0.941669 0.336540 0.000000 130.672361 -0.336540 0.941669 -0.000000 -25.082168 -0.000000 0.000000 1.000000 0.000000
0.942917 0.333027 0.000000 131.283282 -0.333027 0.942917 -0.000000 -25.321212 -0.000000 0.000000 1.000000 0.000000
0.942298 0.334777 0.000000 131.872043 -0.334777 0.942298 -0.000000 -25.549641 -0.000000 0.000000 1.000000 0.000000
0.943435 0.331558 0.000000 132.476263 -0.331558 0.943435 -0.000000 -25.773821 -0.000000 0.000000 1.000000 0.000000
0.941848 0.336040 0.000000 133.092142 -0.336040 0.941848 -0.000000 -26.010425 -0.000000 0.000000 1.000000 0.000000
0.942253 0.334902 0.000000 133.885902 -0.334902 0.942253 -0.000000 -26.300773 -0.000000 0.000000 1.000000 0.000000
0.941694 0.336470 0.000000 134.490763 -0.336470 0.941694 -0.000000 -26.525479 -0.000000 0.000000 1.000000 0.000000
0.940410 0.340044 0.000000 135.109546 -0.340044 0.940410 -0.000000 -26.739390 -0.000000 0.000000 1.000000 0.000000
0.940400 0.340070 0.000000 135.998514 -0.340070 0.940400 -0.000000 -27.064598 -0.000000 0.000000 1.000000 0.000000
0.940539 0.339685 0.000000 136.608076 -0.339685 0.940539 -0.000000 -27.294030 -0.000000 0.000000 1.000000 0.000000
0.940389 0.340101 0.000000 137.222330 -0.340101 0.940389 -0.000000 -27.521286 -0.000000 0.000000 1.000000 0.000000
0.940500 0.339794 0.000000 137.822485 -0.339794 0.940500 -0.000000 -27.747217 -0.000000 0.000000 1.000000 0.000000
0.940421 0.340012 0.000000 138.423787 -0.340012 0.940421 -0.000000 -27.979148 -0.000000 0.000000 1.000000 0.000000
0.939905 0.341435 0.000000 139.319868 -0.341435 0.939905 -0.000000 -28.314794 -0.000000 0.000000 1.000000 0.000000
0.939601 0.342271 0.000000 139.899903 -0.342271 0.939601 -0.000000 -28.540331 -0.000000 0.000000 1.000000 0.000000
0.939168 0.343459 0.000000 140.497071 -0.343459 0.939168 -0.000000 -28.761435 -0.000000 0.000000 1.000000 0.000000
0.938543 0.345163 0.000000 141.052775 -0.345163 0.938543 -0.000000 -28.978089 -0.000000 0.000000 1.000000 0.000000
0.937727 0.347373 0.000000 141.820267 -0.347373 0.937727 -0.000000 -29.278433 -0.000000 0.000000 1.000000 0.000000
0.937217 0.348746 0.000000 142.406078 -0.348746 0.937217 -0.000000 -29.512474 -0.000000 0.000000 1.000000 0.000000
0.936989 0.349360 0.000000 142.993773 -0.349360 0.936989 -0.000000 -29.739684 -0.000000 0.000000 1.000000 0.000000
0.937403 0.348245 0.000000 143.580128 -0.348245 0.937403 -0.000000 -29.968057 -0.000000 0.000000 1.000000 0.000000
0.938366 0.345644 0.000000 144.168759 -0.345644 0.938366 -0.000000 -30.190253 -0.000000 0.000000 1.000000 0.000000
0.938153 0.346222 0.000000 145.299321 -0.346222 0.938153 -0.000000 -30.631825 -0.000000 0.000000 1.000000 0.000000
0.938828 0.344385 0.000000 145.842159 -0.344385 0.938828 -0.000000 -30.828738 -0.000000 0.000000 1.000000 0.000000
0.936278 0.351259 0.000000 146.408948 -0.351259 0.936278 -0.000000 -31.033641 -0.000000 0.000000 1.000000 0.000000
0.936906 0.349582 0.000000 146.971985 -0.349582 0.936906 -0.000000 -31.258123 -0.000000 0.000000 1.000000 0.000000
0.935814 0.352495 0.000000 147.508353 -0.352495 0.935814 -0.000000 -31.470985 -0.000000 0.000000 1.000000 0.000000
0.936231 0.351384 0.000000 148.073642 -0.351384 0.936231 -0.000000 -31.700567 -0.000000 0.000000 1.000000 0.000000
0.938151 0.346226 0.000000 148.764135 -0.346226 0.938151 -0.000000 -31.977953 -0.000000 0.000000 1.000000 0.000000
0.938814 0.344425 0.000000 149.323844 -0.344425 0.938814 -0.000000 -32.201291 -0.000000 0.000000 1.000000 0.000000
0.938664 0.344833 0.000000 149.846121 -0.344833 0.938664 -0.000000 -32.404416 -0.000000 0.000000 1.000000 0.000000
0.938551 0.345141 0.000000 150.407261 -0.345141 0.938551 -0.000000 -32.622663 -0.000000 0.000000 1.000000 0.000000
0.938206 0.346078 0.000000 150.963133 -0.346078 0.938206 -0.000000 -32.842259 -0.000000 0.000000 1.000000 0.000000
0.937954 0.346759 0.000000 151.486051 -0.346759 0.937954 -0.000000 -33.046402 -0.000000 0.000000 1.000000 0.000000
0.937440 0.348147 0.000000 152.041116 -0.348147 0.937440 -0.000000 -33.266539 -0.000000 0.000000 1.000000 0.000000
0.938458 0.345392 0.000000 152.568838 -0.345392 0.938458 -0.000000 -33.468613 -0.000000 0.000000 1.000000 0.000000
0.938071 0.346442 0.000000 153.122107 -0.346442 0.938071 -0.000000 -33.682043 -0.000000 0.000000 1.000000 0.000000
0.937330 0.348442 0.000000 153.669605 -0.348442 0.937330 -0.000000 -33.897200 -0.000000 0.000000 1.000000 0.000000
0.937273 0.348595 0.000000 154.372805 -0.348595 0.937273 -0.000000 -34.174670 -0.000000 0.000000 1.000000 0.000000
0.936479 0.350723 0.000000 154.895464 -0.350723 0.936479 -0.000000 -34.367150 -0.000000 0.000000 1.000000 0.000000
0.935875 0.352332 0.000000 155.442531 -0.352332 0.935875 -0.000000 -34.578187 -0.000000 0.000000 1.000000 0.000000
0.935286 0.353892 0.000000 155.954168 -0.353892 0.935286 -0.000000 -34.780095 -0.000000 0.000000 1.000000 0.000000
0.935001 0.354645 0.000000 156.499507 -0.354645 0.935001 -0.000000 -34.986442 -0.000000 0.000000 1.000000 0.000000
0.934868 0.354997 0.000000 157.016052 -0.354997 0.934868 -0.000000 -35.179987 -0.000000 0.000000 1.000000 0.000000
0.934713 0.355404 0.000000 157.717403 -0.355404 0.934713 -0.000000 -35.448717 -0.000000 0.000000 1.000000 0.000000
0.934644 0.355584 0.000000 158.227318 -0.355584 0.934644 -0.000000 -35.646222 -0.000000 0.000000 1.000000 0.000000
0.932134 0.362113 0.000000 158.765549 -0.362113 0.932134 -0.000000 -35.866446 -0.000000 0.000000 1.000000 0.000000
0.932085 0.362241 0.000000 159.266457 -0.362241 0.932085 -0.000000 -36.068961 -0.000000 0.000000 1.000000 0.000000
0.931475 0.363806 0.000000 159.802748 -0.363806 0.931475 -0.000000 -36.285793 -0.000000 0.000000 1.000000 0.000000
0.931415 0.363958 0.000000 160.307967 -0.363958 0.931415 -0.000000 -36.485332 -0.000000 0.000000 1.000000 0.000000
0.931143 0.364653 0.000000 161.029876 -0.364653 0.931143 -0.000000 -36.781099 -0.000000 0.000000 1.000000 0.000000
0.930906 0.365258 0.000000 161.571913 -0.365258 0.930906 -0.000000 -36.999872 -0.000000 0.000000 1.000000 0.000000
0.931703 0.363222 0.000000 162.107938 -0.363222 0.931703 -0.000000 -37.223722 -0.000000 0.000000 1.000000 0.000000
0.932411 0.361399 0.000000 162.641240 -0.361399 0.932411 -0.000000 -37.436750 -0.000000 0.000000 1.000000 0.000000
0.933140 0.359513 0.000000 163.168135 -0.359513 0.933140 -0.000000 -37.653319 -0.000000 0.000000 1.000000 0.000000
0.932088 0.362231 0.000000 163.693873 -0.362231 0.932088 -0.000000 -37.869583 -0.000000 0.000000 1.000000 0.000000
0.932843 0.360284 0.000000 164.229450 -0.360284 0.932843 -0.000000 -38.085134 -0.000000 0.000000 1.000000 0.000000
0.933910 0.357508 0.000000 164.737350 -0.357508 0.933910 -0.000000 -38.290439 -0.000000 0.000000 1.000000 0.000000
0.934928 0.354837 0.000000 165.268801 -0.354837 0.934928 -0.000000 -38.504221 -0.000000 0.000000 1.000000 0.000000
0.934929 0.354835 0.000000 165.813263 -0.354835 0.934929 -0.000000 -38.727038 -0.000000 0.000000 1.000000 0.000000
0.935139 0.354281 0.000000 166.315791 -0.354281 0.935139 -0.000000 -38.924979 -0.000000 0.000000 1.000000 0.000000
0.935439 0.353489 0.000000 166.853220 -0.353489 0.935439 -0.000000 -39.147122 -0.000000 0.000000 1.000000 0.000000
0.936503 0.350661 0.000000 167.360283 -0.350661 0.936503 -0.000000 -39.340859 -0.000000 0.000000 1.000000 0.000000
0.936927 0.349526 0.000000 167.897402 -0.349526 0.936927 -0.000000 -39.552574 -0.000000 0.000000 1.000000 0.000000
0.938602 0.345002 0.000000 168.423572 -0.345002 0.938602 -0.000000 -39.769794 -0.000000 0.000000 1.000000 0.000000
0.940070 0.340980 0.000000 168.969927 -0.340980 0.940070 -0.000000 -39.985813 -0.000000 0.000000 1.000000 0.000000
0.940915 0.338642 0.000000 169.470642 -0.338642 0.940915 -0.000000 -40.182940 -0.000000 0.000000 1.000000 0.000000
0.942197 0.335059 0.000000 170.008431 -0.335059 0.942197 -0.000000 -40.385838 -0.000000 0.000000 1.000000 0.000000
0.943291 0.331968 0.000000 170.494642 -0.331968 0.943291 -0.000000 -40.584171 -0.000000 0.000000 1.000000 0.000000
0.945254 0.326337 0.000000 171.038684 -0.326337 0.945254 -0.000000 -40.790284 -0.000000 0.000000 1.000000 0.000000
0.946773 0.321902 0.000000 171.741477 -0.321902 0.946773 -0.000000 -41.049929 -0.000000 0.000000 1.000000 0.000000
0.947188 0.320680 0.000000 172.279667 -0.320680 0.947188 -0.000000 -41.229803 -0.000000 0.000000 1.000000 0.000000
0.947874 0.318647 0.000000 172.772668 -0.318647 0.947874 -0.000000 -41.411941 -0.000000 0.000000 1.000000 0.000000
0.947471 0.319843 0.000000 173.316552 -0.319843 0.947471 -0.000000 -41.607279 -0.000000 0.000000 1.000000 0.000000
0.947981 0.318327 0.000000 173.994786 -0.318327 0.947981 -0.000000 -41.834618 -0.000000 0.000000 1.000000 0.000000
0.949336 0.314262 0.000000 175.059833 -0.314262 0.949336 -0.000000 -42.205975 -0.000000 0.000000 1.000000 0.000000
0.949149 0.314826 0.000000 175.589647 -0.314826 0.949149 -0.000000 -42.398999 -0.000000 0.000000 1.000000 0.000000
0.949813 0.312817 0.000000 176.128558 -0.312817 0.949813 -0.000000 -42.576335 -0.000000 0.000000 1.000000 0.000000
0.949610 0.313435 0.000000 176.660613 -0.313435 0.949610 -0.000000 -42.762335 -0.000000 0.000000 1.000000 0.000000
0.950013 0.312210 0.000000 177.197075 -0.312210 0.950013 -0.000000 -42.944755 -0.000000 0.000000 1.000000 0.000000
0.950284 0.311384 0.000000 177.724252 -0.311384 0.950284 -0.000000 -43.112824 -0.000000 0.000000 1.000000 0.000000
0.949799 0.312859 0.000000 178.274400 -0.312859 0.949799 -0.000000 -43.296145 -0.000000 0.000000 1.000000 0.000000
0.949964 0.312358 0.000000 178.799723 -0.312358 0.949964 -0.000000 -43.476758 -0.000000 0.000000 1.000000 0.000000
0.949342 0.314245 0.000000 179.286551 -0.314245 0.949342 -0.000000 -43.640420 -0.000000 0.000000 1.000000 0.000000
0.948855 0.315712 0.000000 179.766935 -0.315712 0.948855 -0.000000 -43.817378 -0.000000 0.000000 1.000000 0.000000
0.948980 0.315336 0.000000 180.289525 -0.315336 0.948980 -0.000000 -43.998703 -0.000000 0.000000 1.000000 0.000000
0.949415 0.314023 0.000000 180.783685 -0.314023 0.949415 -0.000000 -44.163410 -0.000000 0.000000 1.000000 0.000000
0.950253 0.311480 0.000000 181.306644 -0.311480 0.950253 -0.000000 -44.326980 -0.000000 0.000000 1.000000 0.000000
0.950682 0.310166 0.000000 181.802536 -0.310166 0.950682 -0.000000 -44.482437 -0.000000 0.000000 1.000000 0.000000
0.950655 0.310249 0.000000 182.324657 -0.310249 0.950655 -0.000000 -44.654770 -0.000000 0.000000 1.000000 0.000000
0.950721 0.310047 0.000000 182.807902 -0.310047 0.950721 -0.000000 -44.811517 -0.000000 0.000000 1.000000 0.000000
0.951718 0.306973 0.000000 183.322737 -0.306973 0.951718 -0.000000 -44.983637 -0.000000 0.000000 1.000000 0.000000
0.952137 0.305672 0.000000 183.798543 -0.305672 0.952137 -0.000000 -45.139255 -0.000000 0.000000 1.000000 0.000000
0.952178 0.305545 0.000000 184.317116 -0.305545 0.952178 -0.000000 -45.303365 -0.000000 0.000000 1.000000 0.000000
0.952197 0.305486 0.000000 184.798444 -0.305486 0.952197 -0.000000 -45.453793 -0.000000 0.000000 1.000000 0.000000
0.951744 0.306893 0.000000 185.310328 -0.306893 0.951744 -0.000000 -45.614477 -0.000000 0.000000 1.000000 0.000000
0.952910 0.303253 0.000000 185.938698 -0.303253 0.952910 -0.000000 -45.837714 -0.000000 0.000000 1.000000 0.000000
0.954146 0.299342 0.000000 186.441692 -0.299342 0.954146 -0.000000 -45.996703 -0.000000 0.000000 1.000000 0.000000
0.955385 0.295364 0.000000 186.936069 -0.295364 0.955385 -0.000000 -46.165743 -0.000000 0.000000 1.000000 0.000000
0.955544 0.294848 0.000000 187.412384 -0.294848 0.955544 -0.000000 -46.315268 -0.000000 0.000000 1.000000 0.000000
0.957561 0.288231 0.000000 188.111451 -0.288231 0.957561 -0.000000 -46.540339 -0.000000 0.000000 1.000000 0.000000
0.958222 0.286024 0.000000 188.617814 -0.286024 0.958222 -0.000000 -46.699315 -0.000000 0.000000 1.000000 0.000000
0.958914 0.283698 0.000000 189.124732 -0.283698 0.958914 -0.000000 -46.851489 -0.000000 0.000000 1.000000 0.000000
0.959779 0.280756 0.000000 189.624050 -0.280756 0.959779 -0.000000 -47.003449 -0.000000 0.000000 1.000000 0.000000
0.961695 0.274123 0.000000 190.123393 -0.274123 0.961695 -0.000000 -47.151237 -0.000000 0.000000 1.000000 0.000000
0.964924 0.262529 0.000000 191.114491 -0.262529 0.964924 -0.000000 -47.435262 -0.000000 0.000000 1.000000 0.000000
0.966638 0.256147 0.000000 191.601544 -0.256147 0.966638 -0.000000 -47.551074 -0.000000 0.000000 1.000000 0.000000
0.968536 0.248873 0.000000 192.084869 -0.248873 0.968536 -0.000000 -47.685985 -0.000000 0.000000 1.000000 0.000000
0.970528 0.240989 0.000000 192.537873 -0.240989 0.970528 -0.000000 -47.807398 -0.000000 0.000000 1.000000 0.000000
0.972209 0.234116 0.000000 193.028368 -0.234116 0.972209 -0.000000 -47.925441 -0.000000 0.000000 1.000000 0.000000
0.974268 0.225393 0.000000 193.489563 -0.225393 0.974268 -0.000000 -48.039224 -0.000000 0.000000 1.000000 0.000000
0.978486 0.206313 0.000000 194.422830 -0.206313 0.978486 -0.000000 -48.253706 -0.000000 0.000000 1.000000 0.000000
0.980266 0.197684 0.000000 194.903716 -0.197684 0.980266 -0.000000 -48.354364 -0.000000 0.000000 1.000000 0.000000
0.982327 0.187174 0.000000 195.348011 -0.187174 0.982327 -0.000000 -48.449125 -0.000000 0.000000 1.000000 0.000000
