0.999998 0.001914 0.000000 0.829786 -0.001914 0.999998 -0.000000 -0.022296 -0.000000 0.000000 1.000000 0.000000
1.000000 0.000065 0.000000 1.410417 -0.000065 1.000000 -0.000000 -0.033554 -0.000000 0.000000 1.000000 0.000000
0.999999 0.001448 0.000000 2.036966 -0.001448 0.999999 -0.000000 -0.043748 -0.000000 0.000000 1.000000 0.000000
1.000000 -0.000184 0.000000 2.968524 0.000184 1.000000 0.000000 -0.067281 0.000000 0.000000 1.000000 0.000000
0.999996 -0.002757 0.000000 3.588920 0.002757 0.999996 0.000000 -0.091065 0.000000 0.000000 1.000000 0.000000
0.999996 -0.002974 0.000000 4.229675 0.002974 0.999996 0.000000 -0.104551 0.000000 0.000000 1.000000 0.000000
0.999983 -0.005791 0.000000 4.861790 0.005791 0.999983 0.000000 -0.124208 0.000000 0.000000 1.000000 0.000000
0.999958 -0.009151 0.000000 6.118286 0.009151 0.999958 0.000000 -0.145991 0.000000 0.000000 1.000000 0.000000
0.999961 -0.008854 0.000000 6.746695 0.008854 0.999961 0.000000 -0.157452 0.000000 0.000000 1.000000 0.000000
0.999967 -0.008088 0.000000 7.385874 0.008088 0.999967 0.000000 -0.166370 0.000000 0.000000 1.000000 0.000000
0.999976 -0.006890 0.000000 8.021144 0.006890 0.999976 0.000000 -0.172869 0.000000 0.000000 1.000000 0.000000
0.999967 -0.008139 0.000000 8.690736 0.008139 0.999967 0.000000 -0.188140 0.000000 0.000000 1.000000 0.000000
0.999964 -0.008469 0.000000 9.312149 0.008469 0.999964 0.000000 -0.213371 0.000000 0.000000 1.000000 0.000000
0.999961 -0.008787 0.000000 9.938985 0.008787 0.999961 0.000000 -0.220770 0.000000 0.000000 1.000000 0.000000
0.999950 -0.010001 0.000000 10.566688 0.010001 0.999950 0.000000 -0.224219 0.000000 0.000000 1.000000 0.000000
0.999937 -0.011218 0.000000 11.191762 0.011218 0.999937 0.000000 -0.233929 0.000000 0.000000 1.000000 0.000000
0.999940 -0.010989 0.000000 11.808287 0.010989 0.999940 0.000000 -0.236897 0.000000 0.000000 1.000000 0.000000
0.999951 -0.009932 0.000000 12.434435 0.009932 0.999951 0.000000 -0.247191 0.000000 0.000000 1.000000 0.000000
0.999939 -0.011018 0.000000 13.051007 0.011018 0.999939 0.000000 -0.266546 0.000000 0.000000 1.000000 0.000000
0.999946 -0.010371 0.000000 13.693037 0.010371 0.999946 0.000000 -0.277339 0.000000 0.000000 1.000000 0.000000
0.999936 -0.011283 0.000000 14.274370 0.011283 0.999936 0.000000 -0.281292 0.000000 0.000000 1.000000 0.000000
0.999936 -0.011351 0.000000 14.893078 0.011351 0.999936 0.000000 -0.292128 0.000000 0.000000 1.000000 0.000000
0.999940 -0.010970 0.000000 15.508295 0.010970 0.999940 0.000000 -0.306440 0.000000 0.000000 1.000000 0.000000
0.999918 -0.012842 0.000000 16.153522 0.012842 0.999918 0.000000 -0.315330 0.000000 0.000000 1.000000 0.000000
0.999901 -0.014068 0.000000 16.771931 0.014068 0.999901 0.000000 -0.317860 0.000000 0.000000 1.000000 0.000000
0.999887 -0.015041 0.000000 17.393575 0.015041 0.999887 0.000000 -0.325613 0.000000 0.000000 1.000000 0.000000
0.999873 -0.015922 0.000000 18.014932 0.015922 0.999873 0.000000 -0.332890 0.000000 0.000000 1.000000 0.000000
0.999891 -0.014764 0.000000 18.642813 0.014764 0.999891 0.000000 -0.341248 0.000000 0.000000 1.000000 0.000000
0.999856 -0.016953 0.000000 19.262129 0.016953 0.999856 0.000000 -0.345549 0.000000 0.000000 1.000000 0.000000
0.999852 -0.017204 0.000000 19.861251 0.017204 0.999852 0.000000 -0.353385 0.000000 0.000000 1.000000 0.000000
0.999830 -0.018461 0.000000 20.489462 0.018461 0.999830 0.000000 -0.356938 0.000000 0.000000 1.000000 0.000000
0.999857 -0.016932 0.000000 21.116550 0.016932 0.999857 0.000000 -0.360946 0.000000 0.000000 1.000000 0.000000
0.999885 -0.015178 0.000000 21.695738 0.015178 0.999885 0.000000 -0.363100 0.000000 0.000000 1.000000 0.000000
0.999843 -0.017716 0.000000 22.321881 0.017716 0.999843 0.000000 -0.374740 0.000000 0.000000 1.000000 0.000000
0.999799 -0.020054 0.000000 22.931284 0.020054 0.999799 0.000000 -0.379609 0.000000 0.000000 1.000000 0.000000
0.999762 -0.021819 0.000000 23.523436 0.021819 0.999762 0.000000 -0.387324 0.000000 0.000000 1.000000 0.000000
0.999770 -0.021441 0.000000 24.144347 0.021441 0.999770 0.000000 -0.388116 0.000000 0.000000 1.000000 0.000000
0.999786 -0.020671 0.000000 24.771057 0.020671 0.999786 0.000000 -0.394753 0.000000 0.000000 1.000000 0.000000
0.999791 -0.020432 0.000000 25.388144 0.020432 0.999791 0.000000 -0.400431 0.000000 0.000000 1.000000 0.000000
0.999817 -0.019111 0.000000 25.973428 0.019111 0.999817 0.000000 -0.400070 0.000000 0.000000 1.000000 0.000000
0.999881 -0.015459 0.000000 26.605147 0.015459 0.999881 0.000000 -0.408336 0.000000 0.000000 1.000000 0.000000
0.999894 -0.014533 0.000000 27.193869 0.014533 0.999894 0.000000 -0.417084 0.000000 0.000000 1.000000 0.000000
0.999884 -0.015212 0.000000 27.830656 0.015212 0.999884 0.000000 -0.422222 0.000000 0.000000 1.000000 0.000000
0.999856 -0.016955 0.000000 28.465114 0.016955 0.999856 0.000000 -0.429226 0.000000 0.000000 1.000000 0.000000
0.999831 -0.018409 0.000000 29.289713 0.018409 0.999831 0.000000 -0.443061 0.000000 0.000000 1.000000 0.000000
0.999844 -0.017662 0.000000 29.937316 0.017662 0.999844 0.000000 -0.439076 0.000000 0.000000 1.000000 0.000000
0.999864 -0.016499 0.000000 30.575908 0.016499 0.999864 0.000000 -0.435338 0.000000 0.000000 1.000000 0.000000
0.999879 -0.015532 0.000000 31.211733 0.015532 0.999879 0.000000 -0.434332 0.000000 0.000000 1.000000 0.000000
0.999894 -0.014580 0.000000 31.837227 0.014580 0.999894 0.000000 -0.436418 0.000000 0.000000 1.000000 0.000000
0.999872 -0.015982 0.000000 32.481527 0.015982 0.999872 0.000000 -0.442709 0.000000 0.000000 1.000000 0.000000
0.999901 -0.014041 0.000000 33.123793 0.014041 0.999901 0.000000 -0.447733 0.000000 0.000000 1.000000 0.000000
0.999920 -0.012629 0.000000 33.771195 0.012629 0.999920 0.000000 -0.450133 0.000000 0.000000 1.000000 0.000000
0.999947 -0.010254 0.000000 34.407512 0.010254 0.999947 0.000000 -0.450026 0.000000 0.000000 1.000000 0.000000
0.999950 -0.009980 0.000000 35.048981 0.009980 0.999950 0.000000 -0.458219 0.000000 0.000000 1.000000 0.000000
0.999970 -0.007785 0.000000 35.688753 0.007785 0.999970 0.000000 -0.460192 0.000000 0.000000 1.000000 0.000000
0.999959 -0.009026 0.000000 36.319632 0.009026 0.999959 0.000000 -0.471398 0.000000 0.000000 1.000000 0.000000
0.999967 -0.008123 0.000000 36.952929 0.008123 0.999967 0.000000 -0.479558 0.000000 0.000000 1.000000 0.000000
0.999975 -0.007035 0.000000 37.582730 0.007035 0.999975 0.000000 -0.485720 0.000000 0.000000 1.000000 0.000000
0.999968 -0.007949 0.000000 38.183738 0.007949 0.999968 0.000000 -0.496996 0.000000 0.000000 1.000000 0.000000
0.999980 -0.006298 0.000000 38.826491 0.006298 0.999980 0.000000 -0.504436 0.000000 0.000000 1.000000 0.000000
0.999994 -0.003565 0.000000 39.453293 0.003565 0.999994 0.000000 -0.508623 0.000000 0.000000 1.000000 0.000000
0.999993 -0.003787 0.000000 40.100102 0.003787 0.999993 0.000000 -0.518209 0.000000 0.000000 1.000000 0.000000
0.999985 -0.005445 0.000000 40.729306 0.005445 0.999985 0.000000 -0.527556 0.000000 0.000000 1.000000 0.000000
0.999988 -0.004885 0.000000 41.365893 0.004885 0.999988 0.000000 -0.532547 0.000000 0.000000 1.000000 0.000000
0.999994 -0.003375 0.000000 42.007114 0.003375 0.999994 0.000000 -0.545578 0.000000 0.000000 1.000000 0.000000
0.999997 -0.002427 0.000000 42.652690 0.002427 0.999997 0.000000 -0.553638 0.000000 0.000000 1.000000 0.000000
0.999998 -0.001860 0.000000 43.299399 0.001860 0.999998 0.000000 -0.555686 0.000000 0.000000 1.000000 0.000000
1.000000 0.000144 0.000000 43.938908 -0.000144 1.000000 -0.000000 -0.561376 -0.000000 0.000000 1.000000 0.000000
1.000000 0.000273 0.000000 44.588521 -0.000273 1.000000 -0.000000 -0.573626 -0.000000 0.000000 1.000000 0.000000
0.999999 -0.001519 0.000000 45.200566 0.001519 0.999999 0.000000 -0.588906 0.000000 0.000000 1.000000 0.000000
1.000000 0.000813 0.000000 45.858002 -0.000813 1.000000 -0.000000 -0.584128 -0.000000 0.000000 1.000000 0.000000
0.999999 0.001324 0.000000 46.515852 -0.001324 0.999999 -0.000000 -0.589454 -0.000000 0.000000 1.000000 0.000000
0.999994 0.003420 0.000000 47.178035 -0.003420 0.999994 -0.000000 -0.602325 -0.000000 0.000000 1.000000 0.000000
1.000000 -0.000637 0.000000 47.847659 0.000637 1.000000 0.000000 -0.617387 0.000000 0.000000 1.000000 0.000000
0.999995 -0.003188 0.000000 48.492949 0.003188 0.999995 0.000000 -0.632916 0.000000 0.000000 1.000000 0.000000
0.999995 -0.003068 0.000000 49.106988 0.003068 0.999995 0.000000 -0.642940 0.000000 0.000000 1.000000 0.000000
0.999998 -0.002150 0.000000 49.757834 0.002150 0.999998 0.000000 -0.646956 0.000000 0.000000 1.000000 0.000000
1.000000 0.000428 0.000000 50.411903 -0.000428 1.000000 -0.000000 -0.649247 -0.000000 0.000000 1.000000 0.000000
0.999999 0.001122 0.000000 51.077526 -0.001122 0.999999 -0.000000 -0.657429 -0.000000 0.000000 1.000000 0.000000
1.000000 -0.000235 0.000000 51.739196 0.000235 1.000000 0.000000 -0.669606 0.000000 0.000000 1.000000 0.000000
0.999994 -0.003563 0.000000 52.398462 0.003563 0.999994 0.000000 -0.676769 0.000000 0.000000 1.000000 0.000000
0.999998 -0.002081 0.000000 53.426700 0.002081 0.999998 0.000000 -0.698021 0.000000 0.000000 1.000000 0.000000
0.999990 -0.004533 0.000000 54.113090 0.004533 0.999990 0.000000 -0.711347 0.000000 0.000000 1.000000 0.000000
0.999999 -0.001481 0.000000 54.749812 0.001481 0.999999 0.000000 -0.723916 0.000000 0.000000 1.000000 0.000000
0.999998 -0.002146 0.000000 55.406420 0.002146 0.999998 0.000000 -0.735144 0.000000 0.000000 1.000000 0.000000
0.999997 -0.002305 0.000000 56.072646 0.002305 0.999997 0.000000 -0.744676 0.000000 0.000000 1.000000 0.000000
0.999995 -0.003124 0.000000 56.727605 0.003124 0.999995 0.000000 -0.756220 0.000000 0.000000 1.000000 0.000000
0.999998 -0.002160 0.000000 57.381156 0.002160 0.999998 0.000000 -0.767082 0.000000 0.000000 1.000000 0.000000
0.999995 -0.003144 0.000000 58.030608 0.003144 0.999995 0.000000 -0.781092 0.000000 0.000000 1.000000 0.000000
0.999989 -0.004645 0.000000 59.372577 0.004645 0.999989 0.000000 -0.786752 0.000000 0.000000 1.000000 0.000000
0.999991 -0.004319 0.000000 60.017736 0.004319 0.999991 0.000000 -0.779699 0.000000 0.000000 1.000000 0.000000
0.999975 -0.007065 0.000000 60.657116 0.007065 0.999975 0.000000 -0.775225 0.000000 0.000000 1.000000 0.000000
0.999982 -0.005938 0.000000 61.296251 0.005938 0.999982 0.000000 -0.774873 0.000000 0.000000 1.000000 0.000000
0.999995 -0.003223 0.000000 61.930288 0.003223 0.999995 0.000000 -0.774921 0.000000 0.000000 1.000000 0.000000
1.000000 -0.000967 0.000000 62.595228 0.000967 1.000000 0.000000 -0.781307 0.000000 0.000000 1.000000 0.000000
1.000000 -0.000461 0.000000 63.228339 0.000461 1.000000 0.000000 -0.787502 0.000000 0.000000 1.000000 0.000000
1.000000 0.000297 0.000000 63.830916 -0.000297 1.000000 -0.000000 -0.791736 -0.000000 0.000000 1.000000 0.000000
1.000000 -0.000652 0.000000 64.458367 0.000652 1.000000 0.000000 -0.803183 0.000000 0.000000 1.000000 0.000000
1.000000 -0.000584 0.000000 65.051488 0.000584 1.000000 0.000000 -0.813284 0.000000 0.000000 1.000000 0.000000
1.000000 0.000201 0.000000 65.681789 -0.000201 1.000000 -0.000000 -0.832446 -0.000000 0.000000 1.000000 0.000000
0.999999 0.001125 0.000000 66.305897 -0.001125 0.999999 -0.000000 -0.848130 -0.000000 0.000000 1.000000 0.000000
0.999999 0.001342 0.000000 66.886660 -0.001342 0.999999 -0.000000 -0.858962 -0.000000 0.000000 1.000000 0.000000
0.999997 0.002473 0.000000 67.504347 -0.002473 0.999997 -0.000000 -0.869557 -0.000000 0.000000 1.000000 0.000000
1.000000 0.000438 0.000000 68.112299 -0.000438 1.000000 -0.000000 -0.887076 -0.000000 0.000000 1.000000 0.000000
1.000000 0.000528 0.000000 68.676107 -0.000528 1.000000 -0.000000 -0.905641 -0.000000 0.000000 1.000000 0.000000
1.000000 -0.000777 0.000000 69.281056 0.000777 1.000000 0.000000 -0.922733 0.000000 0.000000 1.000000 0.000000
1.000000 -0.000736 0.000000 69.849714 0.000736 1.000000 0.000000 -0.928982 0.000000 0.000000 1.000000 0.000000
0.999996 0.002718 0.000000 70.461721 -0.002718 0.999996 -0.000000 -0.935780 -0.000000 0.000000 1.000000 0.000000
0.999995 0.003301 0.000000 71.066475 -0.003301 0.999995 -0.000000 -0.945074 -0.000000 0.000000 1.000000 0.000000
0.999995 0.003263 0.000000 71.904915 -0.003263 0.999995 -0.000000 -0.963715 -0.000000 0.000000 1.000000 0.000000
0.999991 0.004250 0.000000 72.507430 -0.004250 0.999991 -0.000000 -0.974486 -0.000000 0.000000 1.000000 0.000000
0.999988 0.004904 0.000000 73.105069 -0.004904 0.999988 -0.000000 -0.988335 -0.000000 0.000000 1.000000 0.000000
0.999994 0.003445 0.000000 73.697393 -0.003445 0.999994 -0.000000 -0.999297 -0.000000 0.000000 1.000000 0.000000
0.999995 0.003053 0.000000 74.290716 -0.003053 0.999995 -0.000000 -1.006994 -0.000000 0.000000 1.000000 0.000000
1.000000 0.000928 0.000000 74.880384 -0.000928 1.000000 -0.000000 -1.012709 -0.000000 0.000000 1.000000 0.000000
1.000000 -0.000103 0.000000 75.513095 0.000103 1.000000 0.000000 -1.024073 0.000000 0.000000 1.000000 0.000000
1.000000 0.000553 0.000000 76.111887 -0.000553 1.000000 -0.000000 -1.035293 -0.000000 0.000000 1.000000 0.000000
1.000000 0.000335 0.000000 76.707207 -0.000335 1.000000 -0.000000 -1.050524 -0.000000 0.000000 1.000000 0.000000
0.999993 0.003617 0.000000 77.898617 -0.003617 0.999993 -0.000000 -1.085823 -0.000000 0.000000 1.000000 0.000000
0.999998 0.002221 0.000000 78.487348 -0.002221 0.999998 -0.000000 -1.098624 -0.000000 0.000000 1.000000 0.000000
0.999991 0.004204 0.000000 79.073374 -0.004204 0.999991 -0.000000 -1.111064 -0.000000 0.000000 1.000000 0.000000
0.999991 0.004238 0.000000 79.651968 -0.004238 0.999991 -0.000000 -1.131862 -0.000000 0.000000 1.000000 0.000000
0.999993 0.003811 0.000000 80.236352 -0.003811 0.999993 -0.000000 -1.147417 -0.000000 0.000000 1.000000 0.000000
0.999985 0.005564 0.000000 80.817241 -0.005564 0.999985 -0.000000 -1.164294 -0.000000 0.000000 1.000000 0.000000
0.999990 0.004430 0.000000 81.393983 -0.004430 0.999990 -0.000000 -1.189096 -0.000000 0.000000 1.000000 0.000000
0.999996 0.002803 0.000000 81.962006 -0.002803 0.999996 -0.000000 -1.198835 -0.000000 0.000000 1.000000 0.000000
0.999996 0.002764 0.000000 82.528120 -0.002764 0.999996 -0.000000 -1.207262 -0.000000 0.000000 1.000000 0.000000
0.999988 0.004828 0.000000 83.078011 -0.004828 0.999988 -0.000000 -1.219509 -0.000000 0.000000 1.000000 0.000000
0.999988 0.004965 0.000000 83.633106 -0.004965 0.999988 -0.000000 -1.228176 -0.000000 0.000000 1.000000 0.000000
0.999988 0.004965 0.000000 84.171257 -0.004965 0.999988 -0.000000 -1.238942 -0.000000 0.000000 1.000000 0.000000
0.999988 0.004976 0.000000 84.705681 -0.004976 0.999988 -0.000000 -1.255216 -0.000000 0.000000 1.000000 0.000000
0.999977 0.006727 0.000000 85.222127 -0.006727 0.999977 -0.000000 -1.271869 -0.000000 0.000000 1.000000 0.000000
0.999964 0.008435 0.000000 85.768436 -0.008435 0.999964 -0.000000 -1.286081 -0.000000 0.000000 1.000000 0.000000
0.999940 0.010974 0.000000 86.295179 -0.010974 0.999940 -0.000000 -1.303069 -0.000000 0.000000 1.000000 0.000000
0.999913 0.013158 0.000000 86.803579 -0.013158 0.999913 -0.000000 -1.313576 -0.000000 0.000000 1.000000 0.000000
0.999913 0.013214 0.000000 87.342593 -0.013214 0.999913 -0.000000 -1.335688 -0.000000 0.000000 1.000000 0.000000
0.999921 0.012605 0.000000 87.863659 -0.012605 0.999921 -0.000000 -1.354715 -0.000000 0.000000 1.000000 0.000000
0.999920 0.012655 0.000000 88.349541 -0.012655 0.999920 -0.000000 -1.372747 -0.000000 0.000000 1.000000 0.000000
0.999908 0.013569 0.000000 88.877956 -0.013569 0.999908 -0.000000 -1.399263 -0.000000 0.000000 1.000000 0.000000
0.999864 0.016497 0.000000 89.397055 -0.016497 0.999864 -0.000000 -1.422382 -0.000000 0.000000 1.000000 0.000000
0.999871 0.016058 0.000000 89.882987 -0.016058 0.999871 -0.000000 -1.445128 -0.000000 0.000000 1.000000 0.000000
0.999865 0.016448 0.000000 90.406189 -0.016448 0.999865 -0.000000 -1.465430 -0.000000 0.000000 1.000000 0.000000
0.999841 0.017851 0.000000 90.927642 -0.017851 0.999841 -0.000000 -1.480748 -0.000000 0.000000 1.000000 0.000000
0.999802 0.019909 0.000000 91.416209 -0.019909 0.999802 -0.000000 -1.503584 -0.000000 0.000000 1.000000 0.000000
0.999785 0.020725 0.000000 91.921950 -0.020725 0.999785 -0.000000 -1.530284 -0.000000 0.000000 1.000000 0.000000
0.999778 0.021082 0.000000 92.405270 -0.021082 0.999778 -0.000000 -1.550965 -0.000000 0.000000 1.000000 0.000000
0.999731 0.023191 0.000000 92.914600 -0.023191 0.999731 -0.000000 -1.575077 -0.000000 0.000000 1.000000 0.000000
0.999722 0.023588 0.000000 93.578133 -0.023588 0.999722 -0.000000 -1.603693 -0.000000 0.000000 1.000000 0.000000
0.999632 0.027110 0.000000 94.078670 -0.027110 0.999632 -0.000000 -1.615158 -0.000000 0.000000 1.000000 0.000000
0.999579 0.029010 0.000000 94.576663 -0.029010 0.999579 -0.000000 -1.633894 -0.000000 0.000000 1.000000 0.000000
0.999546 0.030134 0.000000 95.072636 -0.030134 0.999546 -0.000000 -1.655136 -0.000000 0.000000 1.000000 0.000000
0.999555 0.029830 0.000000 95.559323 -0.029830 0.999555 -0.000000 -1.681637 -0.000000 0.000000 1.000000 0.000000
0.999582 0.028925 0.000000 96.037793 -0.028925 0.999582 -0.000000 -1.710551 -0.000000 0.000000 1.000000 0.000000
0.999543 0.030244 0.000000 96.501295 -0.030244 0.999543 -0.000000 -1.734994 -0.000000 0.000000 1.000000 0.000000
0.999425 0.033893 0.000000 97.460521 -0.033893 0.999425 -0.000000 -1.797618 -0.000000 0.000000 1.000000 0.000000
0.999363 0.035681 0.000000 97.930787 -0.035681 0.999363 -0.000000 -1.834291 -0.000000 0.000000 1.000000 0.000000
0.999236 0.039080 0.000000 98.399962 -0.039080 0.999236 -0.000000 -1.861728 -0.000000 0.000000 1.000000 0.000000
0.999157 0.041050 0.000000 98.869799 -0.041050 0.999157 -0.000000 -1.901057 -0.000000 0.000000 1.000000 0.000000
0.999107 0.042252 0.000000 99.347969 -0.042252 0.999107 -0.000000 -1.939690 -0.000000 0.000000 1.000000 0.000000
0.998963 0.045539 0.000000 99.805949 -0.045539 0.998963 -0.000000 -1.971211 -0.000000 0.000000 1.000000 0.000000
0.998873 0.047465 0.000000 100.272019 -0.047465 0.998873 -0.000000 -2.012600 -0.000000 0.000000 1.000000 0.000000
0.998678 0.051398 0.000000 100.733091 -0.051398 0.998678 -0.000000 -2.049796 -0.000000 0.000000 1.000000 0.000000
0.998523 0.054334 0.000000 101.196375 -0.054334 0.998523 -0.000000 -2.089647 -0.000000 0.000000 1.000000 0.000000
0.998373 0.057025 0.000000 101.656466 -0.057025 0.998373 -0.000000 -2.126026 -0.000000 0.000000 1.000000 0.000000
0.998233 0.059416 0.000000 102.081522 -0.059416 0.998233 -0.000000 -2.165418 -0.000000 0.000000 1.000000 0.000000
0.998128 0.061155 0.000000 102.528392 -0.061155 0.998128 -0.000000 -2.203093 -0.000000 0.000000 1.000000 0.000000
0.997920 0.064467 0.000000 102.972738 -0.064467 0.997920 -0.000000 -2.244514 -0.000000 0.000000 1.000000 0.000000
0.997862 0.065353 0.000000 103.414523 -0.065353 0.997862 -0.000000 -2.292201 -0.000000 0.000000 1.000000 0.000000
0.997613 0.069053 0.000000 103.839536 -0.069053 0.997613 -0.000000 -2.339195 -0.000000 0.000000 1.000000 0.000000
0.997455 0.071293 0.000000 104.262878 -0.071293 0.997455 -0.000000 -2.375105 -0.000000 0.000000 1.000000 0.000000
0.996841 0.079423 0.000000 104.684732 -0.079423 0.996841 -0.000000 -2.414511 -0.000000 0.000000 1.000000 0.000000
0.996603 0.082354 0.000000 105.100427 -0.082354 0.996603 -0.000000 -2.453423 -0.000000 0.000000 1.000000 0.000000
0.996312 0.085799 0.000000 105.512609 -0.085799 0.996312 -0.000000 -2.500670 -0.000000 0.000000 1.000000 0.000000
0.996297 0.085977 0.000000 105.927233 -0.085977 0.996297 -0.000000 -2.544745 -0.000000 0.000000 1.000000 0.000000
0.995991 0.089451 0.000000 106.325958 -0.089451 0.995991 -0.000000 -2.596856 -0.000000 0.000000 1.000000 0.000000
0.996044 0.088858 0.000000 106.721624 -0.088858 0.996044 -0.000000 -2.652204 -0.000000 0.000000 1.000000 0.000000
0.995433 0.095468 0.000000 107.106056 -0.095468 0.995433 -0.000000 -2.690964 -0.000000 0.000000 1.000000 0.000000
0.995078 0.099097 0.000000 107.511943 -0.099097 0.995078 -0.000000 -2.734095 -0.000000 0.000000 1.000000 0.000000
0.995142 0.098447 0.000000 107.896615 -0.098447 0.995142 -0.000000 -2.783645 -0.000000 0.000000 1.000000 0.000000
0.994801 0.101841 0.000000 108.273257 -0.101841 0.994801 -0.000000 -2.821475 -0.000000 0.000000 1.000000 0.000000
0.994405 0.105637 0.000000 108.688219 -0.105637 0.994405 -0.000000 -2.874986 -0.000000 0.000000 1.000000 0.000000
0.993911 0.110184 0.000000 109.085554 -0.110184 0.993911 -0.000000 -2.924595 -0.000000 0.000000 1.000000 0.000000
0.993548 0.113415 0.000000 109.653785 -0.113415 0.993548 -0.000000 -3.010457 -0.000000 0.000000 1.000000 0.000000
0.993305 0.115525 0.000000 110.069393 -0.115525 0.993305 -0.000000 -3.068670 -0.000000 0.000000 1.000000 0.000000
0.993083 0.117412 0.000000 110.481204 -0.117412 0.993083 -0.000000 -3.134728 -0.000000 0.000000 1.000000 0.000000
0.992833 0.119509 0.000000 110.902346 -0.119509 0.992833 -0.000000 -3.190904 -0.000000 0.000000 1.000000 0.000000
0.992562 0.121738 0.000000 111.321019 -0.121738 0.992562 -0.000000 -3.259805 -0.000000 0.000000 1.000000 0.000000
0.992508 0.122183 0.000000 111.739855 -0.122183 0.992508 -0.000000 -3.320437 -0.000000 0.000000 1.000000 0.000000
0.992420 0.122893 0.000000 112.157304 -0.122893 0.992420 -0.000000 -3.389591 -0.000000 0.000000 1.000000 0.000000
0.992104 0.125420 0.000000 112.580587 -0.125420 0.992104 -0.000000 -3.453950 -0.000000 0.000000 1.000000 0.000000
0.991260 0.131923 0.000000 113.312397 -0.131923 0.991260 -0.000000 -3.573605 -0.000000 0.000000 1.000000 0.000000
0.991249 0.132008 0.000000 113.730505 -0.132008 0.991249 -0.000000 -3.653530 -0.000000 0.000000 1.000000 0.000000
0.991395 0.130903 0.000000 114.163094 -0.130903 0.991395 -0.000000 -3.729081 -0.000000 0.000000 1.000000 0.000000
0.991486 0.130216 0.000000 114.590626 -0.130216 0.991486 -0.000000 -3.799958 -0.000000 0.000000 1.000000 0.000000
0.991600 0.129339 0.000000 115.026545 -0.129339 0.991600 -0.000000 -3.864601 -0.000000 0.000000 1.000000 0.000000
0.991070 0.133345 0.000000 115.463872 -0.133345 0.991070 -0.000000 -3.920635 -0.000000 0.000000 1.000000 0.000000
0.991171 0.132593 0.000000 115.905507 -0.132593 0.991171 -0.000000 -3.989915 -0.000000 0.000000 1.000000 0.000000
0.991205 0.132337 0.000000 116.347929 -0.132337 0.991205 -0.000000 -4.056727 -0.000000 0.000000 1.000000 0.000000
0.991122 0.132959 0.000000 116.791767 -0.132959 0.991122 -0.000000 -4.126460 -0.000000 0.000000 1.000000 0.000000
0.990898 0.134616 0.000000 117.241341 -0.134616 0.990898 -0.000000 -4.199358 -0.000000 0.000000 1.000000 0.000000
0.990314 0.138848 0.000000 117.687714 -0.138848 0.990314 -0.000000 -4.275751 -0.000000 0.000000 1.000000 0.000000
0.990273 0.139137 0.000000 118.510799 -0.139137 0.990273 -0.000000 -4.413440 -0.000000 0.000000 1.000000 0.000000
0.990317 0.138822 0.000000 118.962921 -0.138822 0.990317 -0.000000 -4.492349 -0.000000 0.000000 1.000000 0.000000
0.990173 0.139850 0.000000 119.415896 -0.139850 0.990173 -0.000000 -4.565824 -0.000000 0.000000 1.000000 0.000000
0.989918 0.141639 0.000000 119.872081 -0.141639 0.989918 -0.000000 -4.653016 -0.000000 0.000000 1.000000 0.000000
0.989574 0.144026 0.000000 120.330313 -0.144026 0.989574 -0.000000 -4.738435 -0.000000 0.000000 1.000000 0.000000
0.989417 0.145100 0.000000 120.787923 -0.145100 0.989417 -0.000000 -4.822997 -0.000000 0.000000 1.000000 0.000000
0.989267 0.146121 0.000000 121.253855 -0.146121 0.989267 -0.000000 -4.910072 -0.000000 0.000000 1.000000 0.000000
0.988752 0.149563 0.000000 121.718724 -0.149563 0.988752 -0.000000 -4.994216 -0.000000 0.000000 1.000000 0.000000
0.988196 0.153196 0.000000 122.222566 -0.153196 0.988196 -0.000000 -5.083929 -0.000000 0.000000 1.000000 0.000000
0.987751 0.156038 0.000000 122.666434 -0.156038 0.987751 -0.000000 -5.165248 -0.000000 0.000000 1.000000 0.000000
0.987824 0.155573 0.000000 123.174202 -0.155573 0.987824 -0.000000 -5.266023 -0.000000 0.000000 1.000000 0.000000
0.987667 0.156567 0.000000 123.649099 -0.156567 0.987667 -0.000000 -5.358734 -0.000000 0.000000 1.000000 0.000000
0.987329 0.158685 0.000000 124.116336 -0.158685 0.987329 -0.000000 -5.448876 -0.000000 0.000000 1.000000 0.000000
0.987642 0.156727 0.000000 124.582270 -0.156727 0.987642 -0.000000 -5.548234 -0.000000 0.000000 1.000000 0.000000
0.987083 0.160208 0.000000 125.058952 -0.160208 0.987083 -0.000000 -5.632977 -0.000000 0.000000 1.000000 0.000000
0.986752 0.162238 0.000000 125.524739 -0.162238 0.986752 -0.000000 -5.725821 -0.000000 0.000000 1.000000 0.000000
0.986156 0.165818 0.000000 125.996516 -0.165818 0.986156 -0.000000 -5.822014 -0.000000 0.000000 1.000000 0.000000
0.985177 0.171541 0.000000 126.472980 -0.171541 0.985177 -0.000000 -5.917983 -0.000000 0.000000 1.000000 0.000000
0.985000 0.172551 0.000000 126.922141 -0.172551 0.985000 -0.000000 -6.006717 -0.000000 0.000000 1.000000 0.000000
0.984939 0.172900 0.000000 127.401894 -0.172900 0.984939 -0.000000 -6.098359 -0.000000 0.000000 1.000000 0.000000
0.984648 0.174550 0.000000 127.877855 -0.174550 0.984648 -0.000000 -6.195297 -0.000000 0.000000 1.000000 0.000000
0.984588 0.174888 0.000000 128.666581 -0.174888 0.984588 -0.000000 -6.353279 -0.000000 0.000000 1.000000 0.000000
0.984507 0.175344 0.000000 129.151467 -0.175344 0.984507 -0.000000 -6.453763 -0.000000 0.000000 1.000000 0.000000
0.986326 0.164808 0.000000 130.127172 -0.164808 0.986326 -0.000000 -6.661552 -0.000000 0.000000 1.000000 0.000000
0.986072 0.166318 0.000000 130.618852 -0.166318 0.986072 -0.000000 -6.756249 -0.000000 0.000000 1.000000 0.000000
0.986040 0.166509 0.000000 131.116342 -0.166509 0.986040 -0.000000 -6.854544 -0.000000 0.000000 1.000000 0.000000
0.985848 0.167644 0.000000 131.620232 -0.167644 0.985848 -0.000000 -6.951935 -0.000000 0.000000 1.000000 0.000000
0.986058 0.166402 0.000000 132.119190 -0.166402 0.986058 -0.000000 -7.050332 -0.000000 0.000000 1.000000 0.000000
0.985846 0.167653 0.000000 132.617168 -0.167653 0.985846 -0.000000 -7.140754 -0.000000 0.000000 1.000000 0.000000
0.985847 0.167647 0.000000 133.153232 -0.167647 0.985847 -0.000000 -7.244148 -0.000000 0.000000 1.000000 0.000000
0.985416 0.170161 0.000000 133.638482 -0.170161 0.985416 -0.000000 -7.335066 -0.000000 0.000000 1.000000 0.000000
0.985143 0.171735 0.000000 134.150875 -0.171735 0.985143 -0.000000 -7.433094 -0.000000 0.000000 1.000000 0.000000
0.985349 0.170548 0.000000 134.663920 -0.170548 0.985349 -0.000000 -7.527373 -0.000000 0.000000 1.000000 0.000000
0.985956 0.167006 0.000000 135.145022 -0.167006 0.985956 -0.000000 -7.628619 -0.000000 0.000000 1.000000 0.000000
0.985898 0.167347 0.000000 135.656012 -0.167347 0.985898 -0.000000 -7.724769 -0.000000 0.000000 1.000000 0.000000
0.985839 0.167692 0.000000 136.178048 -0.167692 0.985839 -0.000000 -7.820873 -0.000000 0.000000 1.000000 0.000000
0.985361 0.170482 0.000000 136.663872 -0.170482 0.985361 -0.000000 -7.903930 -0.000000 0.000000 1.000000 0.000000
0.985952 0.167029 0.000000 137.185321 -0.167029 0.985952 -0.000000 -7.992066 -0.000000 0.000000 1.000000 0.000000
0.985363 0.170468 0.000000 137.718423 -0.170468 0.985363 -0.000000 -8.099917 -0.000000 0.000000 1.000000 0.000000
0.985000 0.172552 0.000000 138.351242 -0.172552 0.985000 -0.000000 -8.216904 -0.000000 0.000000 1.000000 0.000000
0.984752 0.173964 0.000000 138.915471 -0.173964 0.984752 -0.000000 -8.324026 -0.000000 0.000000 1.000000 0.000000
0.984339 0.176284 0.000000 139.404219 -0.176284 0.984339 -0.000000 -8.415650 -0.000000 0.000000 1.000000 0.000000
0.984292 0.176550 0.000000 139.928895 -0.176550 0.984292 -0.000000 -8.526070 -0.000000 0.000000 1.000000 0.000000
0.983399 0.181459 0.000000 140.465604 -0.181459 0.983399 -0.000000 -8.636266 -0.000000 0.000000 1.000000 0.000000
0.982912 0.184079 0.000000 141.002590 -0.184079 0.982912 -0.000000 -8.749454 -0.000000 0.000000 1.000000 0.000000
0.981768 0.190082 0.000000 144.812617 -0.190082 0.981768 -0.000000 -9.586170 -0.000000 0.000000 1.000000 0.000000
0.981967 0.189054 0.000000 145.334644 -0.189054 0.981967 -0.000000 -9.693285 -0.000000 0.000000 1.000000 0.000000
0.982695 0.185232 0.000000 146.489136 -0.185232 0.982695 -0.000000 -9.939535 -0.000000 0.000000 1.000000 0.000000
0.981554 0.191185 0.000000 147.605590 -0.191185 0.981554 -0.000000 -10.193960 -0.000000 0.000000 1.000000 0.000000
0.981349 0.192232 0.000000 148.168852 -0.192232 0.981349 -0.000000 -10.321372 -0.000000 0.000000 1.000000 0.000000
0.981168 0.193158 0.000000 148.730560 -0.193158 0.981168 -0.000000 -10.452399 -0.000000 0.000000 1.000000 0.000000
0.981080 0.193601 0.000000 149.299202 -0.193601 0.981080 -0.000000 -10.580112 -0.000000 0.000000 1.000000 0.000000
0.981376 0.192096 0.000000 149.868987 -0.192096 0.981376 -0.000000 -10.724437 -0.000000 0.000000 1.000000 0.000000
0.982138 0.188161 0.000000 150.444612 -0.188161 0.982138 -0.000000 -10.860066 -0.000000 0.000000 1.000000 0.000000
0.981503 0.191448 0.000000 151.019160 -0.191448 0.981503 -0.000000 -10.991251 -0.000000 0.000000 1.000000 0.000000
0.981472 0.191608 0.000000 151.598607 -0.191608 0.981472 -0.000000 -11.121276 -0.000000 0.000000 1.000000 0.000000
0.981652 0.190682 0.000000 152.169782 -0.190682 0.981652 -0.000000 -11.264544 -0.000000 0.000000 1.000000 0.000000
0.981530 0.191309 0.000000 153.086625 -0.191309 0.981530 -0.000000 -11.482896 -0.000000 0.000000 1.000000 0.000000
0.980897 0.194527 0.000000 153.665068 -0.194527 0.980897 -0.000000 -11.615617 -0.000000 0.000000 1.000000 0.000000
0.981291 0.192531 0.000000 154.224013 -0.192531 0.981291 -0.000000 -11.761373 -0.000000 0.000000 1.000000 0.000000
0.980827 0.194880 0.000000 154.799308 -0.194880 0.980827 -0.000000 -11.897841 -0.000000 0.000000 1.000000 0.000000
0.980483 0.196604 0.000000 155.413226 -0.196604 0.980483 -0.000000 -12.043702 -0.000000 0.000000 1.000000 0.000000
0.980066 0.198675 0.000000 155.941179 -0.198675 0.980066 -0.000000 -12.168492 -0.000000 0.000000 1.000000 0.000000
0.979954 0.199226 0.000000 156.544335 -0.199226 0.979954 -0.000000 -12.326789 -0.000000 0.000000 1.000000 0.000000
0.980074 0.198634 0.000000 157.111859 -0.198634 0.980074 -0.000000 -12.469900 -0.000000 0.000000 1.000000 0.000000
0.980142 0.198295 0.000000 157.691294 -0.198295 0.980142 -0.000000 -12.605106 -0.000000 0.000000 1.000000 0.000000
0.980245 0.197788 0.000000 158.262829 -0.197788 0.980245 -0.000000 -12.729385 -0.000000 0.000000 1.000000 0.000000
0.980289 0.197567 0.000000 158.828368 -0.197567 0.980289 -0.000000 -12.858046 -0.000000 0.000000 1.000000 0.000000
0.980634 0.195848 0.000000 159.396610 -0.195848 0.980634 -0.000000 -12.985964 -0.000000 0.000000 1.000000 0.000000
0.980883 0.194600 0.000000 159.967914 -0.194600 0.980883 -0.000000 -13.108644 -0.000000 0.000000 1.000000 0.000000
0.980823 0.194899 0.000000 160.534747 -0.194899 0.980823 -0.000000 -13.227699 -0.000000 0.000000 1.000000 0.000000
0.981159 0.193200 0.000000 161.109687 -0.193200 0.981159 -0.000000 -13.359147 -0.000000 0.000000 1.000000 0.000000
0.980516 0.196440 0.000000 161.681562 -0.196440 0.980516 -0.000000 -13.481533 -0.000000 0.000000 1.000000 0.000000
0.980109 0.198461 0.000000 162.813734 -0.198461 0.980109 -0.000000 -13.736586 -0.000000 0.000000 1.000000 0.000000
0.980007 0.198964 0.000000 163.385469 -0.198964 0.980007 -0.000000 -13.865128 -0.000000 0.000000 1.000000 0.000000
0.980126 0.198374 0.000000 163.916383 -0.198374 0.980126 -0.000000 -13.987653 -0.000000 0.000000 1.000000 0.000000
0.979911 0.199434 0.000000 164.506058 -0.199434 0.979911 -0.000000 -14.120139 -0.000000 0.000000 1.000000 0.000000
0.979626 0.200832 0.000000 165.067596 -0.200832 0.979626 -0.000000 -14.241302 -0.000000 0.000000 1.000000 0.000000
0.979929 0.199347 0.000000 166.176712 -0.199347 0.979929 -0.000000 -14.495648 -0.000000 0.000000 1.000000 0.000000
0.980101 0.198501 0.000000 166.743333 -0.198501 0.980101 -0.000000 -14.621130 -0.000000 0.000000 1.000000 0.000000
0.979820 0.199884 0.000000 167.277208 -0.199884 0.979820 -0.000000 -14.748715 -0.000000 0.000000 1.000000 0.000000
0.979656 0.200683 0.000000 167.840349 -0.200683 0.979656 -0.000000 -14.876509 -0.000000 0.000000 1.000000 0.000000
0.979935 0.199318 0.000000 168.411496 -0.199318 0.979935 -0.000000 -15.006446 -0.000000 0.000000 1.000000 0.000000
0.979706 0.200440 0.000000 168.949626 -0.200440 0.979706 -0.000000 -15.116490 -0.000000 0.000000 1.000000 0.000000
0.979303 0.202400 0.000000 169.708642 -0.202400 0.979303 -0.000000 -15.277543 -0.000000 0.000000 1.000000 0.000000
0.978445 0.206506 0.000000 170.281329 -0.206506 0.978445 -0.000000 -15.392229 -0.000000 0.000000 1.000000 0.000000
0.978293 0.207227 0.000000 170.851851 -0.207227 0.978293 -0.000000 -15.515434 -0.000000 0.000000 1.000000 0.000000
0.977338 0.211687 0.000000 171.463488 -0.211687 0.977338 -0.000000 -15.641853 -0.000000 0.000000 1.000000 0.000000
0.977408 0.211362 0.000000 172.003581 -0.211362 0.977408 -0.000000 -15.760539 -0.000000 0.000000 1.000000 0.000000
0.978038 0.208425 0.000000 172.613391 -0.208425 0.978038 -0.000000 -15.909794 -0.000000 0.000000 1.000000 0.000000
0.977289 0.211912 0.000000 173.187479 -0.211912 0.977289 -0.000000 -16.037121 -0.000000 0.000000 1.000000 0.000000
0.977813 0.209479 0.000000 173.763108 -0.209479 0.977813 -0.000000 -16.168977 -0.000000 0.000000 1.000000 0.000000
0.976870 0.213836 0.000000 174.348234 -0.213836 0.976870 -0.000000 -16.295902 -0.000000 0.000000 1.000000 0.000000
0.977485 0.211003 0.000000 174.916052 -0.211003 0.977485 -0.000000 -16.432769 -0.000000 0.000000 1.000000 0.000000
0.977743 0.209808 0.000000 175.497107 -0.209808 0.977743 -0.000000 -16.565392 -0.000000 0.000000 1.000000 0.000000
0.977614 0.210407 0.000000 176.071085 -0.210407 0.977614 -0.000000 -16.704481 -0.000000 0.000000 1.000000 0.000000
0.978672 0.205431 0.000000 176.651137 -0.205431 0.978672 -0.000000 -16.850453 -0.000000 0.000000 1.000000 0.000000
0.979445 0.201711 0.000000 177.222015 -0.201711 0.979445 -0.000000 -16.990757 -0.000000 0.000000 1.000000 0.000000
0.979256 0.202625 0.000000 177.798362 -0.202625 0.979256 -0.000000 -17.119022 -0.000000 0.000000 1.000000 0.000000
0.978792 0.204856 0.000000 178.370134 -0.204856 0.978792 -0.000000 -17.254891 -0.000000 0.000000 1.000000 0.000000
0.978604 0.205755 0.000000 178.940513 -0.205755 0.978604 -0.000000 -17.384579 -0.000000 0.000000 1.000000 0.000000
0.978370 0.206862 0.000000 179.477283 -0.206862 0.978370 -0.000000 -17.516524 -0.000000 0.000000 1.000000 0.000000
0.978409 0.206676 0.000000 180.092061 -0.206676 0.978409 -0.000000 -17.661854 -0.000000 0.000000 1.000000 0.000000
0.978887 0.204403 0.000000 180.623696 -0.204403 0.978887 -0.000000 -17.784499 -0.000000 0.000000 1.000000 0.000000
0.978748 0.205066 0.000000 181.204686 -0.205066 0.978748 -0.000000 -17.919031 -0.000000 0.000000 1.000000 0.000000
0.978616 0.205696 0.000000 181.790219 -0.205696 0.978616 -0.000000 -18.049616 -0.000000 0.000000 1.000000 0.000000
0.978045 0.208393 0.000000 182.374476 -0.208393 0.978045 -0.000000 -18.186378 -0.000000 0.000000 1.000000 0.000000
0.976484 0.215591 0.000000 182.951769 -0.215591 0.976484 -0.000000 -18.320216 -0.000000 0.000000 1.000000 0.000000
0.976526 0.215399 0.000000 183.524650 -0.215399 0.976526 -0.000000 -18.451458 -0.000000 0.000000 1.000000 0.000000
0.976661 0.214787 0.000000 184.100636 -0.214787 0.976661 -0.000000 -18.589459 -0.000000 0.000000 1.000000 0.000000
0.976732 0.214462 0.000000 184.679253 -0.214462 0.976732 -0.000000 -18.729532 -0.000000 0.000000 1.000000 0.000000
0.976649 0.214842 0.000000 185.261665 -0.214842 0.976649 -0.000000 -18.873622 -0.000000 0.000000 1.000000 0.000000
0.976265 0.216581 0.000000 185.847709 -0.216581 0.976265 -0.000000 -19.014603 -0.000000 0.000000 1.000000 0.000000
0.976651 0.214833 0.000000 186.422799 -0.214833 0.976651 -0.000000 -19.156592 -0.000000 0.000000 1.000000 0.000000
0.976728 0.214480 0.000000 187.002486 -0.214480 0.976728 -0.000000 -19.296999 -0.000000 0.000000 1.000000 0.000000
0.976216 0.216799 0.000000 187.583681 -0.216799 0.976216 -0.000000 -19.429972 -0.000000 0.000000 1.000000 0.000000
0.976052 0.217539 0.000000 188.130829 -0.217539 0.976052 -0.000000 -19.557783 -0.000000 0.000000 1.000000 0.000000
0.976144 0.217122 0.000000 188.700981 -0.217122 0.976144 -0.000000 -19.700724 -0.000000 0.000000 1.000000 0.000000
0.976128 0.217196 0.000000 189.280317 -0.217196 0.976128 -0.000000 -19.837442 -0.000000 0.000000 1.000000 0.000000
0.976106 0.217293 0.000000 189.834937 -0.217293 0.976106 -0.000000 -19.972675 -0.000000 0.000000 1.000000 0.000000
0.976702 0.214600 0.000000 190.401922 -0.214600 0.976702 -0.000000 -20.114720 -0.000000 0.000000 1.000000 0.000000
0.976315 0.216354 0.000000 190.978875 -0.216354 0.976315 -0.000000 -20.260783 -0.000000 0.000000 1.000000 0.000000
0.977085 0.212849 0.000000 191.522805 -0.212849 0.977085 -0.000000 -20.395621 -0.000000 0.000000 1.000000 0.000000
0.977093 0.212811 0.000000 192.087489 -0.212811 0.977093 -0.000000 -20.536932 -0.000000 0.000000 1.000000 0.000000
0.976357 0.216166 0.000000 192.659357 -0.216166 0.976357 -0.000000 -20.674141 -0.000000 0.000000 1.000000 0.000000
0.976419 0.215883 0.000000 193.197797 -0.215883 0.976419 -0.000000 -20.800373 -0.000000 0.000000 1.000000 0.000000
0.976032 0.217629 0.000000 193.774170 -0.217629 0.976032 -0.000000 -20.936155 -0.000000 0.000000 1.000000 0.000000
0.975791 0.218703 0.000000 194.338583 -0.218703 0.975791 -0.000000 -21.069037 -0.000000 0.000000 1.000000 0.000000
0.975678 0.219207 0.000000 195.162610 -0.219207 0.975678 -0.000000 -21.284388 -0.000000 0.000000 1.000000 0.000000
0.975360 0.220621 0.000000 195.725435 -0.220621 0.975360 -0.000000 -21.415059 -0.000000 0.000000 1.000000 0.000000
0.975208 0.221289 0.000000 196.295477 -0.221289 0.975208 -0.000000 -21.549234 -0.000000 0.000000 1.000000 0.000000
0.975494 0.220026 0.000000 196.863153 -0.220026 0.975494 -0.000000 -21.689021 -0.000000 0.000000 1.000000 0.000000
0.975348 0.220672 0.000000 197.432159 -0.220672 0.975348 -0.000000 -21.833165 -0.000000 0.000000 1.000000 0.000000
0.975725 0.218997 0.000000 198.004229 -0.218997 0.975725 -0.000000 -21.961894 -0.000000 0.000000 1.000000 0.000000
0.976504 0.215501 0.000000 198.565641 -0.215501 0.976504 -0.000000 -22.105061 -0.000000 0.000000 1.000000 0.000000
0.976397 0.215986 0.000000 199.149356 -0.215986 0.976397 -0.000000 -22.243479 -0.000000 0.000000 1.000000 0.000000
0.976364 0.216133 0.000000 199.653969 -0.216133 0.976364 -0.000000 -22.366553 -0.000000 0.000000 1.000000 0.000000
0.976113 0.217263 0.000000 200.640419 -0.217263 0.976113 -0.000000 -22.610212 -0.000000 0.000000 1.000000 0.000000
0.976072 0.217447 0.000000 201.209721 -0.217447 0.976072 -0.000000 -22.744141 -0.000000 0.000000 1.000000 0.000000
0.975970 0.217907 0.000000 201.927723 -0.217907 0.975970 -0.000000 -22.921581 -0.000000 0.000000 1.000000 0.000000
0.975867 0.218367 0.000000 202.647009 -0.218367 0.975867 -0.000000 -23.099492 -0.000000 0.000000 1.000000 0.000000
0.975451 0.220216 0.000000 203.612476 -0.220216 0.975451 -0.000000 -23.345701 -0.000000 0.000000 1.000000 0.000000
0.975623 0.219453 0.000000 204.174786 -0.219453 0.975623 -0.000000 -23.485171 -0.000000 0.000000 1.000000 0.000000
0.975730 0.218979 0.000000 204.751696 -0.218979 0.975730 -0.000000 -23.631678 -0.000000 0.000000 1.000000 0.000000
0.975667 0.219257 0.000000 205.312875 -0.219257 0.975667 -0.000000 -23.772997 -0.000000 0.000000 1.000000 0.000000
0.975554 0.219761 0.000000 205.847691 -0.219761 0.975554 -0.000000 -23.903572 -0.000000 0.000000 1.000000 0.000000
0.976085 0.217390 0.000000 206.416358 -0.217390 0.976085 -0.000000 -24.043520 -0.000000 0.000000 1.000000 0.000000
0.975416 0.220370 0.000000 206.972876 -0.220370 0.975416 -0.000000 -24.182194 -0.000000 0.000000 1.000000 0.000000
0.975340 0.220706 0.000000 207.773559 -0.220706 0.975340 -0.000000 -24.393949 -0.000000 0.000000 1.000000 0.000000
0.975718 0.219032 0.000000 208.339562 -0.219032 0.975718 -0.000000 -24.535688 -0.000000 0.000000 1.000000 0.000000
0.975805 0.218641 0.000000 208.904794 -0.218641 0.975805 -0.000000 -24.675566 -0.000000 0.000000 1.000000 0.000000
0.975731 0.218975 0.000000 209.465148 -0.218975 0.975731 -0.000000 -24.812414 -0.000000 0.000000 1.000000 0.000000
