0.999997 0.002354 0.000000 0.580419 -0.002354 0.999997 -0.000000 -0.004123 -0.000000 0.000000 1.000000 0.000000
0.999998 0.001806 0.000000 1.121344 -0.001806 0.999998 -0.000000 -0.008844 -0.000000 0.000000 1.000000 0.000000
0.999997 0.002260 0.000000 1.691325 -0.002260 0.999997 -0.000000 -0.020124 -0.000000 0.000000 1.000000 0.000000
0.999999 0.001651 0.000000 2.277018 -0.001651 0.999999 -0.000000 -0.037788 -0.000000 0.000000 1.000000 0.000000
0.999986 0.005300 0.000000 2.812514 -0.005300 0.999986 -0.000000 -0.066169 -0.000000 0.000000 1.000000 0.000000
0.999957 0.009279 0.000000 3.401417 -0.009279 0.999957 -0.000000 -0.089314 -0.000000 0.000000 1.000000 0.000000
0.999895 0.014494 0.000000 4.532743 -0.014494 0.999895 -0.000000 -0.138979 -0.000000 0.000000 1.000000 0.000000
0.999912 0.013266 0.000000 5.135049 -0.013266 0.999912 -0.000000 -0.172533 -0.000000 0.000000 1.000000 0.000000
0.999896 0.014391 0.000000 5.945556 -0.014391 0.999896 -0.000000 -0.202437 -0.000000 0.000000 1.000000 0.000000
0.999894 0.014563 0.000000 6.514610 -0.014563 0.999894 -0.000000 -0.207392 -0.000000 0.000000 1.000000 0.000000
0.999884 0.015236 0.000000 7.099925 -0.015236 0.999884 -0.000000 -0.229334 -0.000000 0.000000 1.000000 0.000000
0.999869 0.016180 0.000000 7.686400 -0.016180 0.999869 -0.000000 -0.237674 -0.000000 0.000000 1.000000 0.000000
0.999851 0.017235 0.000000 8.233707 -0.017235 0.999851 -0.000000 -0.250169 -0.000000 0.000000 1.000000 0.000000
0.999794 0.020304 0.000000 8.822159 -0.020304 0.999794 -0.000000 -0.265125 -0.000000 0.000000 1.000000 0.000000
0.999769 0.021480 0.000000 9.372435 -0.021480 0.999769 -0.000000 -0.267277 -0.000000 0.000000 1.000000 0.000000
0.999763 0.021752 0.000000 9.958977 -0.021752 0.999763 -0.000000 -0.244108 -0.000000 0.000000 1.000000 0.000000
0.999716 0.023843 0.000000 10.522958 -0.023843 0.999716 -0.000000 -0.231503 -0.000000 0.000000 1.000000 0.000000
0.999715 0.023890 0.000000 11.091980 -0.023890 0.999715 -0.000000 -0.240670 -0.000000 0.000000 1.000000 0.000000
0.999673 0.025574 0.000000 11.673209 -0.025574 0.999673 -0.000000 -0.250576 -0.000000 0.000000 1.000000 0.000000
0.999619 0.027606 0.000000 12.432738 -0.027606 0.999619 -0.000000 -0.267211 -0.000000 0.000000 1.000000 0.000000
0.999580 0.028993 0.000000 13.057437 -0.028993 0.999580 -0.000000 -0.281186 -0.000000 0.000000 1.000000 0.000000
0.999559 0.029690 0.000000 13.606936 -0.029690 0.999559 -0.000000 -0.279429 -0.000000 0.000000 1.000000 0.000000
0.999485 0.032081 0.000000 14.226829 -0.032081 0.999485 -0.000000 -0.277308 -0.000000 0.000000 1.000000 0.000000
0.999384 0.035091 0.000000 14.812703 -0.035091 0.999384 -0.000000 -0.273073 -0.000000 0.000000 1.000000 0.000000
0.999371 0.035452 0.000000 15.389743 -0.035452 0.999371 -0.000000 -0.285097 -0.000000 0.000000 1.000000 0.000000
0.999268 0.038255 0.000000 15.972653 -0.038255 0.999268 -0.000000 -0.308628 -0.000000 0.000000 1.000000 0.000000
0.999259 0.038492 0.000000 16.557148 -0.038492 0.999259 -0.000000 -0.348867 -0.000000 0.000000 1.000000 0.000000
0.999233 0.039153 0.000000 17.125400 -0.039153 0.999233 -0.000000 -0.372697 -0.000000 0.000000 1.000000 0.000000
0.999211 0.039710 0.000000 17.702362 -0.039710 0.999211 -0.000000 -0.393703 -0.000000 0.000000 1.000000 0.000000
0.999113 0.042106 0.000000 18.274033 -0.042106 0.999113 -0.000000 -0.409418 -0.000000 0.000000 1.000000 0.000000
0.998998 0.044758 0.000000 18.853846 -0.044758 0.998998 -0.000000 -0.434823 -0.000000 0.000000 1.000000 0.000000
0.998974 0.045293 0.000000 19.402298 -0.045293 0.998974 -0.000000 -0.450513 -0.000000 0.000000 1.000000 0.000000
0.998848 0.047990 0.000000 19.968295 -0.047990 0.998848 -0.000000 -0.471320 -0.000000 0.000000 1.000000 0.000000
0.998756 0.049867 0.000000 21.071707 -0.049867 0.998756 -0.000000 -0.508152 -0.000000 0.000000 1.000000 0.000000
0.998804 0.048901 0.000000 21.998391 -0.048901 0.998804 -0.000000 -0.554950 -0.000000 0.000000 1.000000 0.000000
0.998832 0.048319 0.000000 22.569685 -0.048319 0.998832 -0.000000 -0.594846 -0.000000 0.000000 1.000000 0.000000
0.998707 0.050838 0.000000 23.136366 -0.050838 0.998707 -0.000000 -0.625134 -0.000000 0.000000 1.000000 0.000000
0.998538 0.054048 0.000000 23.699142 -0.054048 0.998538 -0.000000 -0.649741 -0.000000 0.000000 1.000000 0.000000
0.998491 0.054913 0.000000 24.264284 -0.054913 0.998491 -0.000000 -0.685324 -0.000000 0.000000 1.000000 0.000000
0.998446 0.055736 0.000000 24.863524 -0.055736 0.998446 -0.000000 -0.723310 -0.000000 0.000000 1.000000 0.000000
0.997902 0.064739 0.000000 25.430568 -0.064739 0.997902 -0.000000 -0.765685 -0.000000 0.000000 1.000000 0.000000
0.997005 0.077333 0.000000 26.555215 -0.077333 0.997005 -0.000000 -0.850067 -0.000000 0.000000 1.000000 0.000000
0.997101 0.076087 0.000000 27.116909 -0.076087 0.997101 -0.000000 -0.915350 -0.000000 0.000000 1.000000 0.000000
0.996979 0.077665 0.000000 27.682396 -0.077665 0.996979 -0.000000 -0.965970 -0.000000 0.000000 1.000000 0.000000
0.997021 0.077126 0.000000 28.209209 -0.077126 0.997021 -0.000000 -1.027121 -0.000000 0.000000 1.000000 0.000000
0.997095 0.076171 0.000000 28.774468 -0.076171 0.997095 -0.000000 -1.079572 -0.000000 0.000000 1.000000 0.000000
0.996585 0.082579 0.000000 29.676655 -0.082579 0.996585 -0.000000 -1.140214 -0.000000 0.000000 1.000000 0.000000
0.996574 0.082707 0.000000 30.276127 -0.082707 0.996574 -0.000000 -1.204769 -0.000000 0.000000 1.000000 0.000000
0.996365 0.085181 0.000000 30.840010 -0.085181 0.996365 -0.000000 -1.249119 -0.000000 0.000000 1.000000 0.000000
0.996308 0.085850 0.000000 31.409269 -0.085850 0.996308 -0.000000 -1.296695 -0.000000 0.000000 1.000000 0.000000
0.996171 0.087421 0.000000 31.978604 -0.087421 0.996171 -0.000000 -1.356143 -0.000000 0.000000 1.000000 0.000000
0.996028 0.089036 0.000000 32.547570 -0.089036 0.996028 -0.000000 -1.432598 -0.000000 0.000000 1.000000 0.000000
0.995786 0.091705 0.000000 33.109546 -0.091705 0.995786 -0.000000 -1.478785 -0.000000 0.000000 1.000000 0.000000
0.995800 0.091551 0.000000 33.682758 -0.091551 0.995800 -0.000000 -1.536346 -0.000000 0.000000 1.000000 0.000000
0.995647 0.093209 0.000000 34.243092 -0.093209 0.995647 -0.000000 -1.589817 -0.000000 0.000000 1.000000 0.000000
0.995517 0.094582 0.000000 34.767985 -0.094582 0.995517 -0.000000 -1.647646 -0.000000 0.000000 1.000000 0.000000
0.995240 0.097457 0.000000 35.705759 -0.097457 0.995240 -0.000000 -1.743783 -0.000000 0.000000 1.000000 0.000000
0.994830 0.101557 0.000000 36.269183 -0.101557 0.994830 -0.000000 -1.795384 -0.000000 0.000000 1.000000 0.000000
0.994666 0.103151 0.000000 36.833625 -0.103151 0.994666 -0.000000 -1.849824 -0.000000 0.000000 1.000000 0.000000
0.994589 0.103891 0.000000 37.394120 -0.103891 0.994589 -0.000000 -1.910404 -0.000000 0.000000 1.000000 0.000000
0.994379 0.105881 0.000000 37.945114 -0.105881 0.994379 -0.000000 -1.948869 -0.000000 0.000000 1.000000 0.000000
0.994278 0.106822 0.000000 38.504518 -0.106822 0.994278 -0.000000 -2.007059 -0.000000 0.000000 1.000000 0.000000
0.994135 0.108144 0.000000 39.096991 -0.108144 0.994135 -0.000000 -2.072198 -0.000000 0.000000 1.000000 0.000000
0.994087 0.108586 0.000000 39.617218 -0.108586 0.994087 -0.000000 -2.127844 -0.000000 0.000000 1.000000 0.000000
0.994053 0.108897 0.000000 40.163436 -0.108897 0.994053 -0.000000 -2.168748 -0.000000 0.000000 1.000000 0.000000
0.994047 0.108953 0.000000 40.706885 -0.108953 0.994047 -0.000000 -2.227935 -0.000000 0.000000 1.000000 0.000000
0.993578 0.113150 0.000000 41.257971 -0.113150 0.993578 -0.000000 -2.273319 -0.000000 0.000000 1.000000 0.000000
0.993356 0.115080 0.000000 41.778439 -0.115080 0.993356 -0.000000 -2.324854 -0.000000 0.000000 1.000000 0.000000
0.993139 0.116936 0.000000 42.321080 -0.116936 0.993139 -0.000000 -2.385997 -0.000000 0.000000 1.000000 0.000000
0.993037 0.117805 0.000000 42.835660 -0.117805 0.993037 -0.000000 -2.441881 -0.000000 0.000000 1.000000 0.000000
0.993077 0.117466 0.000000 43.788450 -0.117466 0.993077 -0.000000 -2.564136 -0.000000 0.000000 1.000000 0.000000
0.992968 0.118380 0.000000 44.333922 -0.118380 0.992968 -0.000000 -2.621819 -0.000000 0.000000 1.000000 0.000000
0.992626 0.121216 0.000000 44.895643 -0.121216 0.992626 -0.000000 -2.712850 -0.000000 0.000000 1.000000 0.000000
0.992140 0.125136 0.000000 45.991426 -0.125136 0.992140 -0.000000 -2.861708 -0.000000 0.000000 1.000000 0.000000
0.991622 0.129175 0.000000 46.576668 -0.129175 0.991622 -0.000000 -2.931315 -0.000000 0.000000 1.000000 0.000000
0.991365 0.131130 0.000000 47.062875 -0.131130 0.991365 -0.000000 -2.975391 -0.000000 0.000000 1.000000 0.000000
0.991171 0.132587 0.000000 48.082517 -0.132587 0.991171 -0.000000 -3.102962 -0.000000 0.000000 1.000000 0.000000
0.991021 0.133709 0.000000 48.601176 -0.133709 0.991021 -0.000000 -3.146072 -0.000000 0.000000 1.000000 0.000000
0.991065 0.133381 0.000000 49.108547 -0.133381 0.991065 -0.000000 -3.216675 -0.000000 0.000000 1.000000 0.000000
0.991008 0.133799 0.000000 49.589412 -0.133799 0.991008 -0.000000 -3.285739 -0.000000 0.000000 1.000000 0.000000
0.990570 0.137005 0.000000 50.484263 -0.137005 0.990570 -0.000000 -3.425310 -0.000000 0.000000 1.000000 0.000000
0.990570 0.137009 0.000000 50.995690 -0.137009 0.990570 -0.000000 -3.498895 -0.000000 0.000000 1.000000 0.000000
0.989845 0.142148 0.000000 51.493459 -0.142148 0.989845 -0.000000 -3.539674 -0.000000 0.000000 1.000000 0.000000
0.988948 0.148262 0.000000 51.991494 -0.148262 0.988948 -0.000000 -3.604817 -0.000000 0.000000 1.000000 0.000000
0.988726 0.149736 0.000000 52.482003 -0.149736 0.988726 -0.000000 -3.648880 -0.000000 0.000000 1.000000 0.000000
0.988519 0.151095 0.000000 52.949509 -0.151095 0.988519 -0.000000 -3.692506 -0.000000 0.000000 1.000000 0.000000
0.988152 0.153481 0.000000 53.415828 -0.153481 0.988152 -0.000000 -3.753866 -0.000000 0.000000 1.000000 0.000000
0.987481 0.157739 0.000000 54.114788 -0.157739 0.987481 -0.000000 -3.852548 -0.000000 0.000000 1.000000 0.000000
0.987461 0.157862 0.000000 54.538419 -0.157862 0.987461 -0.000000 -3.915151 -0.000000 0.000000 1.000000 0.000000
0.987192 0.159536 0.000000 54.986946 -0.159536 0.987192 -0.000000 -3.982278 -0.000000 0.000000 1.000000 0.000000
0.987267 0.159069 0.000000 55.434369 -0.159069 0.987267 -0.000000 -4.047937 -0.000000 0.000000 1.000000 0.000000
0.987081 0.160221 0.000000 55.849751 -0.160221 0.987081 -0.000000 -4.092631 -0.000000 0.000000 1.000000 0.000000
0.987391 0.158299 0.000000 56.269861 -0.158299 0.987391 -0.000000 -4.155785 -0.000000 0.000000 1.000000 0.000000
0.987267 0.159074 0.000000 56.996146 -0.159074 0.987267 -0.000000 -4.280125 -0.000000 0.000000 1.000000 0.000000
0.986860 0.161576 0.000000 57.369274 -0.161576 0.986860 -0.000000 -4.341150 -0.000000 0.000000 1.000000 0.000000
0.986623 0.163017 0.000000 57.800263 -0.163017 0.986623 -0.000000 -4.397404 -0.000000 0.000000 1.000000 0.000000
0.986470 0.163945 0.000000 58.192427 -0.163945 0.986470 -0.000000 -4.470773 -0.000000 0.000000 1.000000 0.000000
0.986359 0.164608 0.000000 58.587691 -0.164608 0.986359 -0.000000 -4.538662 -0.000000 0.000000 1.000000 0.000000
0.986326 0.164804 0.000000 58.973373 -0.164804 0.986326 -0.000000 -4.591748 -0.000000 0.000000 1.000000 0.000000
0.986111 0.166088 0.000000 59.352632 -0.166088 0.986111 -0.000000 -4.672751 -0.000000 0.000000 1.000000 0.000000
0.985978 0.166876 0.000000 59.710292 -0.166876 0.985978 -0.000000 -4.733792 -0.000000 0.000000 1.000000 0.000000
0.985696 0.168533 0.000000 60.063852 -0.168533 0.985696 -0.000000 -4.769385 -0.000000 0.000000 1.000000 0.000000
0.985462 0.169895 0.000000 60.424056 -0.169895 0.985462 -0.000000 -4.827680 -0.000000 0.000000 1.000000 0.000000
0.984892 0.173170 0.000000 61.095247 -0.173170 0.984892 -0.000000 -4.943021 -0.000000 0.000000 1.000000 0.000000
0.985096 0.172006 0.000000 61.430455 -0.172006 0.985096 -0.000000 -5.021400 -0.000000 0.000000 1.000000 0.000000
0.985177 0.171543 0.000000 61.745332 -0.171543 0.985177 -0.000000 -5.095816 -0.000000 0.000000 1.000000 0.000000
0.985081 0.172091 0.000000 62.085300 -0.172091 0.985081 -0.000000 -5.164625 -0.000000 0.000000 1.000000 0.000000
0.984851 0.173404 0.000000 62.412159 -0.173404 0.984851 -0.000000 -5.223336 -0.000000 0.000000 1.000000 0.000000
0.984712 0.174193 0.000000 62.712803 -0.174193 0.984712 -0.000000 -5.277649 -0.000000 0.000000 1.000000 0.000000
0.983683 0.179913 0.000000 63.034744 -0.179913 0.983683 -0.000000 -5.322643 -0.000000 0.000000 1.000000 0.000000
0.983608 0.180318 0.000000 63.350665 -0.180318 0.983608 -0.000000 -5.397220 -0.000000 0.000000 1.000000 0.000000
0.984102 0.177607 0.000000 63.861287 -0.177607 0.984102 -0.000000 -5.507528 -0.000000 0.000000 1.000000 0.000000
0.984087 0.177690 0.000000 64.159669 -0.177690 0.984087 -0.000000 -5.557867 -0.000000 0.000000 1.000000 0.000000
0.983788 0.179337 0.000000 64.455663 -0.179337 0.983788 -0.000000 -5.613222 -0.000000 0.000000 1.000000 0.000000
0.983383 0.181545 0.000000 64.772706 -0.181545 0.983383 -0.000000 -5.669703 -0.000000 0.000000 1.000000 0.000000
0.983244 0.182296 0.000000 65.069087 -0.182296 0.983244 -0.000000 -5.720968 -0.000000 0.000000 1.000000 0.000000
0.982850 0.184406 0.000000 65.348547 -0.184406 0.982850 -0.000000 -5.769697 -0.000000 0.000000 1.000000 0.000000
0.982914 0.184066 0.000000 65.650928 -0.184066 0.982914 -0.000000 -5.826630 -0.000000 0.000000 1.000000 0.000000
0.982981 0.183709 0.000000 65.930818 -0.183709 0.982981 -0.000000 -5.868109 -0.000000 0.000000 1.000000 0.000000
0.982759 0.184891 0.000000 66.211000 -0.184891 0.982759 -0.000000 -5.897177 -0.000000 0.000000 1.000000 0.000000
0.982080 0.188466 0.000000 66.670743 -0.188466 0.982080 -0.000000 -5.983512 -0.000000 0.000000 1.000000 0.000000
0.981802 0.189909 0.000000 66.912516 -0.189909 0.981802 -0.000000 -6.023794 -0.000000 0.000000 1.000000 0.000000
0.981731 0.190274 0.000000 67.186705 -0.190274 0.981731 -0.000000 -6.073772 -0.000000 0.000000 1.000000 0.000000
0.981601 0.190942 0.000000 67.451457 -0.190942 0.981601 -0.000000 -6.123323 -0.000000 0.000000 1.000000 0.000000
0.981463 0.191650 0.000000 67.719203 -0.191650 0.981463 -0.000000 -6.179139 -0.000000 0.000000 1.000000 0.000000
0.981343 0.192265 0.000000 67.980671 -0.192265 0.981343 -0.000000 -6.235146 -0.000000 0.000000 1.000000 0.000000
0.981076 0.193625 0.000000 68.244076 -0.193625 0.981076 -0.000000 -6.281843 -0.000000 0.000000 1.000000 0.000000
0.980980 0.194110 0.000000 68.505702 -0.194110 0.980980 -0.000000 -6.337617 -0.000000 0.000000 1.000000 0.000000
0.980800 0.195018 0.000000 68.741663 -0.195018 0.980800 -0.000000 -6.389180 -0.000000 0.000000 1.000000 0.000000
0.980777 0.195129 0.000000 69.003973 -0.195129 0.980777 -0.000000 -6.437598 -0.000000 0.000000 1.000000 0.000000
0.980569 0.196174 0.000000 69.251762 -0.196174 0.980569 -0.000000 -6.486467 -0.000000 0.000000 1.000000 0.000000
0.980355 0.197241 0.000000 69.506474 -0.197241 0.980355 -0.000000 -6.537170 -0.000000 0.000000 1.000000 0.000000
0.979957 0.199210 0.000000 69.935011 -0.199210 0.979957 -0.000000 -6.628873 -0.000000 0.000000 1.000000 0.000000
0.979628 0.200819 0.000000 70.199692 -0.200819 0.979628 -0.000000 -6.673221 -0.000000 0.000000 1.000000 0.000000
0.979474 0.201568 0.000000 70.467909 -0.201568 0.979474 -0.000000 -6.730292 -0.000000 0.000000 1.000000 0.000000
0.979263 0.202593 0.000000 70.731999 -0.202593 0.979263 -0.000000 -6.784729 -0.000000 0.000000 1.000000 0.000000
0.979163 0.203077 0.000000 71.008487 -0.203077 0.979163 -0.000000 -6.846370 -0.000000 0.000000 1.000000 0.000000
0.978851 0.204575 0.000000 71.295000 -0.204575 0.978851 -0.000000 -6.904914 -0.000000 0.000000 1.000000 0.000000
0.978680 0.205389 0.000000 71.538740 -0.205389 0.978680 -0.000000 -6.962492 -0.000000 0.000000 1.000000 0.000000
0.978615 0.205700 0.000000 71.807929 -0.205700 0.978615 -0.000000 -7.021266 -0.000000 0.000000 1.000000 0.000000
0.977992 0.208641 0.000000 72.079562 -0.208641 0.977992 -0.000000 -7.084110 -0.000000 0.000000 1.000000 0.000000
0.977428 0.211270 0.000000 72.333487 -0.211270 0.977428 -0.000000 -7.136657 -0.000000 0.000000 1.000000 0.000000
0.977295 0.211884 0.000000 72.607518 -0.211884 0.977295 -0.000000 -7.195585 -0.000000 0.000000 1.000000 0.000000
0.977334 0.211705 0.000000 72.864317 -0.211705 0.977334 -0.000000 -7.256455 -0.000000 0.000000 1.000000 0.000000
0.976752 0.214372 0.000000 73.642454 -0.214372 0.976752 -0.000000 -7.421728 -0.000000 0.000000 1.000000 0.000000
0.975938 0.218048 0.000000 73.946580 -0.218048 0.975938 -0.000000 -7.478010 -0.000000 0.000000 1.000000 0.000000
0.975357 0.220631 0.000000 74.245586 -0.220631 0.975357 -0.000000 -7.542340 -0.000000 0.000000 1.000000 0.000000
0.974972 0.222327 0.000000 74.530038 -0.222327 0.974972 -0.000000 -7.603565 -0.000000 0.000000 1.000000 0.000000
0.975444 0.220246 0.000000 74.818903 -0.220246 0.975444 -0.000000 -7.672623 -0.000000 0.000000 1.000000 0.000000
0.974871 0.222770 0.000000 75.401589 -0.222770 0.974871 -0.000000 -7.812402 -0.000000 0.000000 1.000000 0.000000
0.974951 0.222422 0.000000 75.704359 -0.222422 0.974951 -0.000000 -7.893349 -0.000000 0.000000 1.000000 0.000000
0.974586 0.224013 0.000000 75.981817 -0.224013 0.974586 -0.000000 -7.955621 -0.000000 0.000000 1.000000 0.000000
0.974210 0.225644 0.000000 76.433609 -0.225644 0.974210 -0.000000 -8.063271 -0.000000 0.000000 1.000000 0.000000
0.973477 0.228785 0.000000 76.745124 -0.228785 0.973477 -0.000000 -8.131603 -0.000000 0.000000 1.000000 0.000000
0.972256 0.233918 0.000000 77.264868 -0.233918 0.972256 -0.000000 -8.263139 -0.000000 0.000000 1.000000 0.000000
0.972010 0.234939 0.000000 77.588858 -0.234939 0.972010 -0.000000 -8.339080 -0.000000 0.000000 1.000000 0.000000
0.972156 0.234335 0.000000 77.924099 -0.234335 0.972156 -0.000000 -8.414000 -0.000000 0.000000 1.000000 0.000000
0.970429 0.241389 0.000000 78.246435 -0.241389 0.970429 -0.000000 -8.475565 -0.000000 0.000000 1.000000 0.000000
0.970433 0.241369 0.000000 78.602886 -0.241369 0.970433 -0.000000 -8.561498 -0.000000 0.000000 1.000000 0.000000
0.969744 0.244124 0.000000 79.161112 -0.244124 0.969744 -0.000000 -8.703985 -0.000000 0.000000 1.000000 0.000000
0.970422 0.241416 0.000000 79.514233 -0.241416 0.970422 -0.000000 -8.774065 -0.000000 0.000000 1.000000 0.000000
0.970002 0.243096 0.000000 79.895590 -0.243096 0.970002 -0.000000 -8.845195 -0.000000 0.000000 1.000000 0.000000
0.969795 0.243920 0.000000 80.252800 -0.243920 0.969795 -0.000000 -8.918997 -0.000000 0.000000 1.000000 0.000000
0.969508 0.245061 0.000000 80.895273 -0.245061 0.969508 -0.000000 -9.073217 -0.000000 0.000000 1.000000 0.000000
0.969444 0.245312 0.000000 81.546501 -0.245312 0.969444 -0.000000 -9.226844 -0.000000 0.000000 1.000000 0.000000
0.969576 0.244790 0.000000 81.932125 -0.244790 0.969576 -0.000000 -9.340513 -0.000000 0.000000 1.000000 0.000000
0.969727 0.244190 0.000000 82.345824 -0.244190 0.969727 -0.000000 -9.438108 -0.000000 0.000000 1.000000 0.000000
0.969119 0.246594 0.000000 82.734123 -0.246594 0.969119 -0.000000 -9.543905 -0.000000 0.000000 1.000000 0.000000
0.969480 0.245170 0.000000 83.156340 -0.245170 0.969480 -0.000000 -9.664888 -0.000000 0.000000 1.000000 0.000000
0.968870 0.247569 0.000000 83.554191 -0.247569 0.968870 -0.000000 -9.769090 -0.000000 0.000000 1.000000 0.000000
0.969124 0.246575 0.000000 83.983130 -0.246575 0.969124 -0.000000 -9.891338 -0.000000 0.000000 1.000000 0.000000
0.970048 0.242913 0.000000 84.643586 -0.242913 0.970048 -0.000000 -10.074033 -0.000000 0.000000 1.000000 0.000000
0.969865 0.243642 0.000000 85.429679 -0.243642 0.969865 -0.000000 -10.281849 -0.000000 0.000000 1.000000 0.000000
0.969993 0.243134 0.000000 85.884097 -0.243134 0.969993 -0.000000 -10.417425 -0.000000 0.000000 1.000000 0.000000
0.969092 0.246701 0.000000 86.340477 -0.246701 0.969092 -0.000000 -10.553586 -0.000000 0.000000 1.000000 0.000000
0.968935 0.247314 0.000000 86.792664 -0.247314 0.968935 -0.000000 -10.689337 -0.000000 0.000000 1.000000 0.000000
0.968726 0.248134 0.000000 87.299906 -0.248134 0.968726 -0.000000 -10.822918 -0.000000 0.000000 1.000000 0.000000
0.968638 0.248477 0.000000 87.736436 -0.248477 0.968638 -0.000000 -10.925368 -0.000000 0.000000 1.000000 0.000000
0.967137 0.254254 0.000000 88.233391 -0.254254 0.967137 -0.000000 -11.044254 -0.000000 0.000000 1.000000 0.000000
0.966641 0.256133 0.000000 88.745917 -0.256133 0.966641 -0.000000 -11.166731 -0.000000 0.000000 1.000000 0.000000
0.965808 0.259257 0.000000 89.255180 -0.259257 0.965808 -0.000000 -11.290360 -0.000000 0.000000 1.000000 0.000000
0.965381 0.260843 0.000000 89.735330 -0.260843 0.965381 -0.000000 -11.405358 -0.000000 0.000000 1.000000 0.000000
0.965085 0.261938 0.000000 90.259258 -0.261938 0.965085 -0.000000 -11.544846 -0.000000 0.000000 1.000000 0.000000
0.963984 0.265960 0.000000 91.191068 -0.265960 0.963984 -0.000000 -11.800378 -0.000000 0.000000 1.000000 0.000000
0.964158 0.265330 0.000000 91.721888 -0.265330 0.964158 -0.000000 -11.951093 -0.000000 0.000000 1.000000 0.000000
0.964056 0.265701 0.000000 92.271443 -0.265701 0.964056 -0.000000 -12.087568 -0.000000 0.000000 1.000000 0.000000
0.962808 0.270186 0.000000 92.818940 -0.270186 0.962808 -0.000000 -12.225028 -0.000000 0.000000 1.000000 0.000000
0.961454 0.274965 0.000000 93.366946 -0.274965 0.961454 -0.000000 -12.388653 -0.000000 0.000000 1.000000 0.000000
0.961382 0.275217 0.000000 94.197863 -0.275217 0.961382 -0.000000 -12.634793 -0.000000 0.000000 1.000000 0.000000
0.960999 0.276550 0.000000 94.723033 -0.276550 0.960999 -0.000000 -12.789722 -0.000000 0.000000 1.000000 0.000000
0.958268 0.285871 0.000000 95.800906 -0.285871 0.958268 -0.000000 -13.129328 -0.000000 0.000000 1.000000 0.000000
0.957311 0.289060 0.000000 96.522144 -0.289060 0.957311 -0.000000 -13.333280 -0.000000 0.000000 1.000000 0.000000
0.956520 0.291665 0.000000 97.095190 -0.291665 0.956520 -0.000000 -13.494486 -0.000000 0.000000 1.000000 0.000000
0.955266 0.295747 0.000000 97.663299 -0.295747 0.955266 -0.000000 -13.677063 -0.000000 0.000000 1.000000 0.000000
0.953886 0.300169 0.000000 98.239554 -0.300169 0.953886 -0.000000 -13.862701 -0.000000 0.000000 1.000000 0.000000
0.953641 0.300948 0.000000 98.813337 -0.300948 0.953641 -0.000000 -14.044968 -0.000000 0.000000 1.000000 0.000000
0.953446 0.301565 0.000000 99.425777 -0.301565 0.953446 -0.000000 -14.236031 -0.000000 0.000000 1.000000 0.000000
0.952746 0.303767 0.000000 99.987461 -0.303767 0.952746 -0.000000 -14.416467 -0.000000 0.000000 1.000000 0.000000
0.951714 0.306986 0.000000 100.568733 -0.306986 0.951714 -0.000000 -14.606631 -0.000000 0.000000 1.000000 0.000000
0.951070 0.308974 0.000000 101.173668 -0.308974 0.951070 -0.000000 -14.794870 -0.000000 0.000000 1.000000 0.000000
0.951949 0.306255 0.000000 101.744536 -0.306255 0.951949 -0.000000 -14.986043 -0.000000 0.000000 1.000000 0.000000
0.952600 0.304227 0.000000 102.364385 -0.304227 0.952600 -0.000000 -15.183318 -0.000000 0.000000 1.000000 0.000000
0.952380 0.304914 0.000000 102.958514 -0.304914 0.952380 -0.000000 -15.388640 -0.000000 0.000000 1.000000 0.000000
0.951576 0.307415 0.000000 103.522301 -0.307415 0.951576 -0.000000 -15.584091 -0.000000 0.000000 1.000000 0.000000
0.951198 0.308582 0.000000 104.587464 -0.308582 0.951198 -0.000000 -15.933750 -0.000000 0.000000 1.000000 0.000000
0.950627 0.310335 0.000000 105.233285 -0.310335 0.950627 -0.000000 -16.153368 -0.000000 0.000000 1.000000 0.000000
0.950442 0.310902 0.000000 105.833701 -0.310902 0.950442 -0.000000 -16.374075 -0.000000 0.000000 1.000000 0.000000
0.949718 0.313107 0.000000 106.452366 -0.313107 0.949718 -0.000000 -16.590714 -0.000000 0.000000 1.000000 0.000000
0.948723 0.316109 0.000000 107.044247 -0.316109 0.948723 -0.000000 -16.789579 -0.000000 0.000000 1.000000 0.000000
0.949283 0.314424 0.000000 107.648679 -0.314424 0.949283 -0.000000 -17.005168 -0.000000 0.000000 1.000000 0.000000
0.949212 0.314638 0.000000 108.215314 -0.314638 0.949212 -0.000000 -17.205739 -0.000000 0.000000 1.000000 0.000000
0.949173 0.314756 0.000000 108.831424 -0.314756 0.949173 -0.000000 -17.422972 -0.000000 0.000000 1.000000 0.000000
0.948903 0.315567 0.000000 109.404818 -0.315567 0.948903 -0.000000 -17.642177 -0.000000 0.000000 1.000000 0.000000
0.947999 0.318274 0.000000 110.023571 -0.318274 0.947999 -0.000000 -17.871191 -0.000000 0.000000 1.000000 0.000000
0.947343 0.320222 0.000000 110.642310 -0.320222 0.947343 -0.000000 -18.094560 -0.000000 0.000000 1.000000 0.000000
0.947031 0.321141 0.000000 111.277479 -0.321141 0.947031 -0.000000 -18.331323 -0.000000 0.000000 1.000000 0.000000
0.947381 0.320108 0.000000 112.059760 -0.320108 0.947381 -0.000000 -18.610811 -0.000000 0.000000 1.000000 0.000000
0.947280 0.320408 0.000000 112.645243 -0.320408 0.947280 -0.000000 -18.801608 -0.000000 0.000000 1.000000 0.000000
0.945341 0.326085 0.000000 113.273467 -0.326085 0.945341 -0.000000 -19.041359 -0.000000 0.000000 1.000000 0.000000
0.946016 0.324121 0.000000 114.266847 -0.324121 0.946016 -0.000000 -19.373621 -0.000000 0.000000 1.000000 0.000000
0.945803 0.324741 0.000000 114.904020 -0.324741 0.945803 -0.000000 -19.606482 -0.000000 0.000000 1.000000 0.000000
0.945652 0.325181 0.000000 115.537504 -0.325181 0.945652 -0.000000 -19.830338 -0.000000 0.000000 1.000000 0.000000
0.944742 0.327814 0.000000 116.175409 -0.327814 0.944742 -0.000000 -20.057717 -0.000000 0.000000 1.000000 0.000000
0.944519 0.328457 0.000000 116.800870 -0.328457 0.944519 -0.000000 -20.284434 -0.000000 0.000000 1.000000 0.000000
0.944266 0.329183 0.000000 117.439387 -0.329183 0.944266 -0.000000 -20.522601 -0.000000 0.000000 1.000000 0.000000
0.944518 0.328461 0.000000 118.037986 -0.328461 0.944518 -0.000000 -20.742839 -0.000000 0.000000 1.000000 0.000000
0.944320 0.329028 0.000000 119.159560 -0.329028 0.944320 -0.000000 -21.152195 -0.000000 0.000000 1.000000 0.000000
0.944060 0.329774 0.000000 119.798967 -0.329774 0.944060 -0.000000 -21.377681 -0.000000 0.000000 1.000000 0.000000
0.944094 0.329675 0.000000 120.434350 -0.329675 0.944094 -0.000000 -21.607404 -0.000000 0.000000 1.000000 0.000000
0.943806 0.330499 0.000000 121.066911 -0.330499 0.943806 -0.000000 -21.833152 -0.000000 0.000000 1.000000 0.000000
0.943076 0.332577 0.000000 122.361473 -0.332577 0.943076 -0.000000 -22.287586 -0.000000 0.000000 1.000000 0.000000
0.943199 0.332228 0.000000 122.948864 -0.332228 0.943199 -0.000000 -22.489197 -0.000000 0.000000 1.000000 0.000000
0.942073 0.335409 0.000000 123.593295 -0.335409 0.942073 -0.000000 -22.720402 -0.000000 0.000000 1.000000 0.000000
0.942040 0.335500 0.000000 124.188716 -0.335500 0.942040 -0.000000 -22.932933 -0.000000 0.000000 1.000000 0.000000
0.941822 0.336113 0.000000 124.777833 -0.336113 0.941822 -0.000000 -23.142426 -0.000000 0.000000 1.000000 0.000000
0.934770 0.355254 0.000000 129.348000 -0.355254 0.934770 -0.000000 -24.926443 -0.000000 0.000000 1.000000 0.000000
0.936458 0.350779 0.000000 129.987343 -0.350779 0.936458 -0.000000 -25.171432 -0.000000 0.000000 1.000000 0.000000
0.936060 0.351840 0.000000 130.591078 -0.351840 0.936060 -0.000000 -25.390949 -0.000000 0.000000 1.000000 0.000000
0.937394 0.348271 0.000000 131.198507 -0.348271 0.937394 -0.000000 -25.638251 -0.000000 0.000000 1.000000 0.000000
0.936761 0.349971 0.000000 131.792099 -0.349971 0.936761 -0.000000 -25.871164 -0.000000 0.000000 1.000000 0.000000
0.937848 0.347046 0.000000 132.396093 -0.347046 0.937848 -0.000000 -26.106993 -0.000000 0.000000 1.000000 0.000000
0.936164 0.351562 0.000000 133.011895 -0.351562 0.936164 -0.000000 -26.352505 -0.000000 0.000000 1.000000 0.000000
0.936552 0.350528 0.000000 133.794079 -0.350528 0.936552 -0.000000 -26.635425 -0.000000 0.000000 1.000000 0.000000
0.935950 0.352132 0.000000 134.385800 -0.352132 0.935950 -0.000000 -26.874413 -0.000000 0.000000 1.000000 0.000000
0.934506 0.355948 0.000000 134.997922 -0.355948 0.934506 -0.000000 -27.101652 -0.000000 0.000000 1.000000 0.000000
0.934445 0.356108 0.000000 135.867368 -0.356108 0.934445 -0.000000 -27.445079 -0.000000 0.000000 1.000000 0.000000
0.934580 0.355754 0.000000 136.469405 -0.355754 0.934580 -0.000000 -27.691105 -0.000000 0.000000 1.000000 0.000000
0.934371 0.356301 0.000000 137.065547 -0.356301 0.934371 -0.000000 -27.931982 -0.000000 0.000000 1.000000 0.000000
0.934402 0.356219 0.000000 137.652742 -0.356219 0.934402 -0.000000 -28.171583 -0.000000 0.000000 1.000000 0.000000
0.934349 0.356359 0.000000 138.248214 -0.356359 0.934349 -0.000000 -28.415838 -0.000000 0.000000 1.000000 0.000000
0.933726 0.357989 0.000000 139.135917 -0.357989 0.933726 -0.000000 -28.756279 -0.000000 0.000000 1.000000 0.000000
0.933321 0.359044 0.000000 139.706377 -0.359044 0.933321 -0.000000 -28.986224 -0.000000 0.000000 1.000000 0.000000
0.932823 0.360336 0.000000 140.303639 -0.360336 0.932823 -0.000000 -29.212132 -0.000000 0.000000 1.000000 0.000000
0.932127 0.362132 0.000000 140.846929 -0.362132 0.932127 -0.000000 -29.430268 -0.000000 0.000000 1.000000 0.000000
0.931307 0.364235 0.000000 141.605955 -0.364235 0.931307 -0.000000 -29.733617 -0.000000 0.000000 1.000000 0.000000
0.930849 0.365405 0.000000 142.174959 -0.365405 0.930849 -0.000000 -29.968818 -0.000000 0.000000 1.000000 0.000000
0.930760 0.365630 0.000000 142.755922 -0.365630 0.930760 -0.000000 -30.200389 -0.000000 0.000000 1.000000 0.000000
0.931230 0.364433 0.000000 143.336026 -0.364433 0.931230 -0.000000 -30.437407 -0.000000 0.000000 1.000000 0.000000
0.932393 0.361445 0.000000 143.919033 -0.361445 0.932393 -0.000000 -30.670605 -0.000000 0.000000 1.000000 0.000000
0.932216 0.361903 0.000000 145.037585 -0.361903 0.932216 -0.000000 -31.132947 -0.000000 0.000000 1.000000 0.000000
0.933033 0.359790 0.000000 145.581134 -0.359790 0.933033 -0.000000 -31.344859 -0.000000 0.000000 1.000000 0.000000
0.930391 0.366568 0.000000 146.141088 -0.366568 0.930391 -0.000000 -31.576655 -0.000000 0.000000 1.000000 0.000000
0.931048 0.364896 0.000000 146.697431 -0.364896 0.931048 -0.000000 -31.809155 -0.000000 0.000000 1.000000 0.000000
0.930019 0.367511 0.000000 147.223666 -0.367511 0.930019 -0.000000 -32.038843 -0.000000 0.000000 1.000000 0.000000
0.930497 0.366300 0.000000 147.773106 -0.366300 0.930497 -0.000000 -32.278195 -0.000000 0.000000 1.000000 0.000000
0.932596 0.360921 0.000000 148.450075 -0.360921 0.932596 -0.000000 -32.567911 -0.000000 0.000000 1.000000 0.000000
0.933320 0.359045 0.000000 149.000059 -0.359045 0.933320 -0.000000 -32.802938 -0.000000 0.000000 1.000000 0.000000
0.933269 0.359178 0.000000 149.510032 -0.359178 0.933269 -0.000000 -33.016034 -0.000000 0.000000 1.000000 0.000000
0.933110 0.359591 0.000000 150.058712 -0.359591 0.933110 -0.000000 -33.253375 -0.000000 0.000000 1.000000 0.000000
0.932749 0.360526 0.000000 150.609290 -0.360526 0.932749 -0.000000 -33.488176 -0.000000 0.000000 1.000000 0.000000
0.932552 0.361036 0.000000 151.123897 -0.361036 0.932552 -0.000000 -33.716556 -0.000000 0.000000 1.000000 0.000000
0.932156 0.362057 0.000000 151.676504 -0.362057 0.932156 -0.000000 -33.960925 -0.000000 0.000000 1.000000 0.000000
0.933262 0.359195 0.000000 152.196004 -0.359195 0.933262 -0.000000 -34.182157 -0.000000 0.000000 1.000000 0.000000
0.932980 0.359927 0.000000 152.742864 -0.359927 0.932980 -0.000000 -34.413175 -0.000000 0.000000 1.000000 0.000000
0.932303 0.361678 0.000000 153.281481 -0.361678 0.932303 -0.000000 -34.638329 -0.000000 0.000000 1.000000 0.000000
0.932249 0.361816 0.000000 153.965928 -0.361816 0.932249 -0.000000 -34.936533 -0.000000 0.000000 1.000000 0.000000
0.931400 0.363998 0.000000 154.479736 -0.363998 0.931400 -0.000000 -35.140771 -0.000000 0.000000 1.000000 0.000000
0.930754 0.365645 0.000000 155.014552 -0.365645 0.930754 -0.000000 -35.362631 -0.000000 0.000000 1.000000 0.000000
0.930159 0.367157 0.000000 155.525875 -0.367157 0.930159 -0.000000 -35.569120 -0.000000 0.000000 1.000000 0.000000
0.929900 0.367812 0.000000 156.066002 -0.367812 0.929900 -0.000000 -35.785508 -0.000000 0.000000 1.000000 0.000000
0.929794 0.368081 0.000000 156.578831 -0.368081 0.929794 -0.000000 -35.987876 -0.000000 0.000000 1.000000 0.000000
0.929671 0.368392 0.000000 157.272514 -0.368392 0.929671 -0.000000 -36.271007 -0.000000 0.000000 1.000000 0.000000
0.929644 0.368460 0.000000 157.784931 -0.368460 0.929644 -0.000000 -36.469841 -0.000000 0.000000 1.000000 0.000000
0.927176 0.374625 0.000000 158.314565 -0.374625 0.927176 -0.000000 -36.700228 -0.000000 0.000000 1.000000 0.000000
0.927297 0.374326 0.000000 158.813493 -0.374326 0.927297 -0.000000 -36.915282 -0.000000 0.000000 1.000000 0.000000
0.926687 0.375833 0.000000 159.339021 -0.375833 0.926687 -0.000000 -37.135796 -0.000000 0.000000 1.000000 0.000000
0.926720 0.375753 0.000000 159.843323 -0.375753 0.926720 -0.000000 -37.343388 -0.000000 0.000000 1.000000 0.000000
0.926448 0.376424 0.000000 160.558058 -0.376424 0.926448 -0.000000 -37.648580 -0.000000 0.000000 1.000000 0.000000
0.926082 0.377321 0.000000 161.098766 -0.377321 0.926082 -0.000000 -37.875631 -0.000000 0.000000 1.000000 0.000000
0.926845 0.375444 0.000000 161.624583 -0.375444 0.926845 -0.000000 -38.122857 -0.000000 0.000000 1.000000 0.000000
0.927555 0.373686 0.000000 162.152980 -0.373686 0.927555 -0.000000 -38.358068 -0.000000 0.000000 1.000000 0.000000
0.928254 0.371947 0.000000 162.681116 -0.371947 0.928254 -0.000000 -38.587534 -0.000000 0.000000 1.000000 0.000000
0.927103 0.374806 0.000000 163.204813 -0.374806 0.927103 -0.000000 -38.816610 -0.000000 0.000000 1.000000 0.000000
0.927890 0.372855 0.000000 163.730104 -0.372855 0.927890 -0.000000 -39.048410 -0.000000 0.000000 1.000000 0.000000
0.928944 0.370220 0.000000 164.235223 -0.370220 0.928944 -0.000000 -39.264173 -0.000000 0.000000 1.000000 0.000000
0.929906 0.367796 0.000000 164.755286 -0.367796 0.929906 -0.000000 -39.479885 -0.000000 0.000000 1.000000 0.000000
0.929802 0.368060 0.000000 165.299102 -0.368060 0.929802 -0.000000 -39.686883 -0.000000 0.000000 1.000000 0.000000
0.929794 0.368081 0.000000 165.792465 -0.368081 0.929794 -0.000000 -39.868232 -0.000000 0.000000 1.000000 0.000000
0.929996 0.367569 0.000000 166.333642 -0.367569 0.929996 -0.000000 -40.089159 -0.000000 0.000000 1.000000 0.000000
0.931015 0.364981 0.000000 166.839593 -0.364981 0.931015 -0.000000 -40.293702 -0.000000 0.000000 1.000000 0.000000
0.931438 0.363900 0.000000 167.389086 -0.363900 0.931438 -0.000000 -40.520982 -0.000000 0.000000 1.000000 0.000000
0.933386 0.358875 0.000000 167.916723 -0.358875 0.933386 -0.000000 -40.751871 -0.000000 0.000000 1.000000 0.000000
0.935062 0.354484 0.000000 168.461372 -0.354484 0.935062 -0.000000 -40.985099 -0.000000 0.000000 1.000000 0.000000
0.935913 0.352231 0.000000 168.963975 -0.352231 0.935913 -0.000000 -41.193416 -0.000000 0.000000 1.000000 0.000000
0.937399 0.348256 0.000000 169.493195 -0.348256 0.937399 -0.000000 -41.411503 -0.000000 0.000000 1.000000 0.000000
0.938535 0.345184 0.000000 169.977807 -0.345184 0.938535 -0.000000 -41.614248 -0.000000 0.000000 1.000000 0.000000
0.940636 0.339416 0.000000 170.542894 -0.339416 0.940636 -0.000000 -41.813371 -0.000000 0.000000 1.000000 0.000000
0.942062 0.335439 0.000000 171.254331 -0.335439 0.942062 -0.000000 -42.069322 -0.000000 0.000000 1.000000 0.000000
0.942409 0.334463 0.000000 171.792093 -0.334463 0.942409 -0.000000 -42.262957 -0.000000 0.000000 1.000000 0.000000
0.943032 0.332702 0.000000 172.273359 -0.332702 0.943032 -0.000000 -42.447567 -0.000000 0.000000 1.000000 0.000000
0.942630 0.333840 0.000000 172.813543 -0.333840 0.942630 -0.000000 -42.639631 -0.000000 0.000000 1.000000 0.000000
0.943269 0.332028 0.000000 173.494881 -0.332028 0.943269 -0.000000 -42.861296 -0.000000 0.000000 1.000000 0.000000
0.944698 0.327940 0.000000 174.557253 -0.327940 0.944698 -0.000000 -43.237194 -0.000000 0.000000 1.000000 0.000000
0.944545 0.328382 0.000000 175.081518 -0.328382 0.944545 -0.000000 -43.432835 -0.000000 0.000000 1.000000 0.000000
0.945181 0.326548 0.000000 175.613913 -0.326548 0.945181 -0.000000 -43.614932 -0.000000 0.000000 1.000000 0.000000
0.945066 0.326880 0.000000 176.141836 -0.326880 0.945066 -0.000000 -43.807035 -0.000000 0.000000 1.000000 0.000000
0.945543 0.325498 0.000000 176.664471 -0.325498 0.945543 -0.000000 -43.997113 -0.000000 0.000000 1.000000 0.000000
0.945822 0.324684 0.000000 177.186546 -0.324684 0.945822 -0.000000 -44.166462 -0.000000 0.000000 1.000000 0.000000
0.945346 0.326068 0.000000 177.718496 -0.326068 0.945346 -0.000000 -44.344051 -0.000000 0.000000 1.000000 0.000000
0.945548 0.325482 0.000000 178.237052 -0.325482 0.945548 -0.000000 -44.532387 -0.000000 0.000000 1.000000 0.000000
0.944863 0.327465 0.000000 178.729342 -0.327465 0.944863 -0.000000 -44.705299 -0.000000 0.000000 1.000000 0.000000
0.944395 0.328813 0.000000 179.201214 -0.328813 0.944395 -0.000000 -44.888927 -0.000000 0.000000 1.000000 0.000000
0.944558 0.328345 0.000000 179.720358 -0.328345 0.944558 -0.000000 -45.082242 -0.000000 0.000000 1.000000 0.000000
0.944979 0.327132 0.000000 180.216921 -0.327132 0.944979 -0.000000 -45.251869 -0.000000 0.000000 1.000000 0.000000
0.945851 0.324601 0.000000 180.740534 -0.324601 0.945851 -0.000000 -45.407719 -0.000000 0.000000 1.000000 0.000000
0.946310 0.323261 0.000000 181.236601 -0.323261 0.946310 -0.000000 -45.556030 -0.000000 0.000000 1.000000 0.000000
0.946233 0.323486 0.000000 181.763024 -0.323486 0.946233 -0.000000 -45.721493 -0.000000 0.000000 1.000000 0.000000
0.946223 0.323516 0.000000 182.246871 -0.323516 0.946223 -0.000000 -45.882688 -0.000000 0.000000 1.000000 0.000000
0.947223 0.320576 0.000000 182.755459 -0.320576 0.947223 -0.000000 -46.065108 -0.000000 0.000000 1.000000 0.000000
0.947570 0.319547 0.000000 183.229303 -0.319547 0.947570 -0.000000 -46.238208 -0.000000 0.000000 1.000000 0.000000
0.947567 0.319556 0.000000 183.747927 -0.319556 0.947567 -0.000000 -46.412375 -0.000000 0.000000 1.000000 0.000000
0.947542 0.319633 0.000000 184.226930 -0.319633 0.947542 -0.000000 -46.573315 -0.000000 0.000000 1.000000 0.000000
0.947060 0.321056 0.000000 184.737238 -0.321056 0.947060 -0.000000 -46.738920 -0.000000 0.000000 1.000000 0.000000
0.948210 0.317644 0.000000 185.354948 -0.317644 0.948210 -0.000000 -46.970038 -0.000000 0.000000 1.000000 0.000000
0.949473 0.313848 0.000000 185.851862 -0.313848 0.949473 -0.000000 -47.128261 -0.000000 0.000000 1.000000 0.000000
0.950718 0.310057 0.000000 186.340381 -0.310057 0.950718 -0.000000 -47.289153 -0.000000 0.000000 1.000000 0.000000
0.950829 0.309718 0.000000 186.807234 -0.309718 0.950829 -0.000000 -47.442518 -0.000000 0.000000 1.000000 0.000000
0.952846 0.303454 0.000000 187.501603 -0.303454 0.952846 -0.000000 -47.665514 -0.000000 0.000000 1.000000 0.000000
0.953537 0.301275 0.000000 188.001686 -0.301275 0.953537 -0.000000 -47.831631 -0.000000 0.000000 1.000000 0.000000
0.954245 0.299025 0.000000 188.508203 -0.299025 0.954245 -0.000000 -47.984949 -0.000000 0.000000 1.000000 0.000000
0.955158 0.296097 0.000000 188.999702 -0.296097 0.955158 -0.000000 -48.141602 -0.000000 0.000000 1.000000 0.000000
0.957209 0.289396 0.000000 189.491925 -0.289396 0.957209 -0.000000 -48.301394 -0.000000 0.000000 1.000000 0.000000
0.960644 0.277784 0.000000 190.477185 -0.277784 0.960644 -0.000000 -48.603656 -0.000000 0.000000 1.000000 0.000000
0.962428 0.271538 0.000000 190.953363 -0.271538 0.962428 -0.000000 -48.724620 -0.000000 0.000000 1.000000 0.000000
0.964381 0.264518 0.000000 191.433064 -0.264518 0.964381 -0.000000 -48.876620 -0.000000 0.000000 1.000000 0.000000
0.966503 0.256656 0.000000 191.876783 -0.256656 0.966503 -0.000000 -49.002058 -0.000000 0.000000 1.000000 0.000000
0.968267 0.249916 0.000000 192.362856 -0.249916 0.968267 -0.000000 -49.120122 -0.000000 0.000000 1.000000 0.000000
0.970483 0.241168 0.000000 192.812709 -0.241168 0.970483 -0.000000 -49.230646 -0.000000 0.000000 1.000000 0.000000
0.974969 0.222340 0.000000 193.744949 -0.222340 0.974969 -0.000000 -49.452777 -0.000000 0.000000 1.000000 0.000000
0.976840 0.213971 0.000000 194.219303 -0.213971 0.976840 -0.000000 -49.556068 -0.000000 0.000000 1.000000 0.000000
0.979077 0.203489 0.000000 194.658820 -0.203489 0.979077 -0.000000 -49.656530 -0.000000 0.000000 1.000000 0.000000
