0.999972 0.007539 0.000000 1.174451 -0.007539 0.999972 -0.000000 -0.012990 -0.000000 0.000000 1.000000 0.000000
0.999960 0.008915 0.000000 1.727022 -0.008915 0.999960 -0.000000 -0.029608 -0.000000 0.000000 1.000000 0.000000
0.999900 0.014156 0.000000 2.875210 -0.014156 0.999900 -0.000000 -0.079867 -0.000000 0.000000 1.000000 0.000000
0.999881 0.015426 0.000000 3.470077 -0.015426 0.999881 -0.000000 -0.092170 -0.000000 0.000000 1.000000 0.000000
0.999832 0.018353 0.000000 4.026741 -0.018353 0.999832 -0.000000 -0.106572 -0.000000 0.000000 1.000000 0.000000
0.999787 0.020658 0.000000 4.616648 -0.020658 0.999787 -0.000000 -0.125191 -0.000000 0.000000 1.000000 0.000000
0.999716 0.023816 0.000000 5.432550 -0.023816 0.999716 -0.000000 -0.139848 -0.000000 0.000000 1.000000 0.000000
0.999621 0.027516 0.000000 5.999415 -0.027516 0.999621 -0.000000 -0.157930 -0.000000 0.000000 1.000000 0.000000
0.999565 0.029481 0.000000 6.567693 -0.029481 0.999565 -0.000000 -0.181379 -0.000000 0.000000 1.000000 0.000000
0.999376 0.035311 0.000000 7.150267 -0.035311 0.999376 -0.000000 -0.194038 -0.000000 0.000000 1.000000 0.000000
0.999165 0.040860 0.000000 7.696895 -0.040860 0.999165 -0.000000 -0.212632 -0.000000 0.000000 1.000000 0.000000
0.998896 0.046974 0.000000 8.272440 -0.046974 0.998896 -0.000000 -0.255950 -0.000000 0.000000 1.000000 0.000000
0.998592 0.053046 0.000000 8.814334 -0.053046 0.998592 -0.000000 -0.287447 -0.000000 0.000000 1.000000 0.000000
0.998139 0.060977 0.000000 9.535283 -0.060977 0.998139 -0.000000 -0.336273 -0.000000 0.000000 1.000000 0.000000
0.997837 0.065738 0.000000 10.102732 -0.065738 0.997837 -0.000000 -0.382678 -0.000000 0.000000 1.000000 0.000000
0.997561 0.069795 0.000000 10.684841 -0.069795 0.997561 -0.000000 -0.425259 -0.000000 0.000000 1.000000 0.000000
0.997186 0.074966 0.000000 11.256691 -0.074966 0.997186 -0.000000 -0.458287 -0.000000 0.000000 1.000000 0.000000
0.996068 0.088589 0.000000 12.402372 -0.088589 0.996068 -0.000000 -0.552488 -0.000000 0.000000 1.000000 0.000000
0.995633 0.093349 0.000000 12.939921 -0.093349 0.995633 -0.000000 -0.589753 -0.000000 0.000000 1.000000 0.000000
0.994905 0.100817 0.000000 13.520536 -0.100817 0.994905 -0.000000 -0.642287 -0.000000 0.000000 1.000000 0.000000
0.994064 0.108801 0.000000 14.067405 -0.108801 0.994064 -0.000000 -0.698544 -0.000000 0.000000 1.000000 0.000000
0.993234 0.116131 0.000000 14.633018 -0.116131 0.993234 -0.000000 -0.763366 -0.000000 0.000000 1.000000 0.000000
0.992424 0.122857 0.000000 15.154667 -0.122857 0.992424 -0.000000 -0.829753 -0.000000 0.000000 1.000000 0.000000
0.991812 0.127710 0.000000 15.728283 -0.127710 0.991812 -0.000000 -0.915477 -0.000000 0.000000 1.000000 0.000000
0.991011 0.133781 0.000000 16.261627 -0.133781 0.991011 -0.000000 -0.995196 -0.000000 0.000000 1.000000 0.000000
0.989674 0.143338 0.000000 17.004698 -0.143338 0.989674 -0.000000 -1.102905 -0.000000 0.000000 1.000000 0.000000
0.988118 0.153698 0.000000 17.570181 -0.153698 0.988118 -0.000000 -1.189136 -0.000000 0.000000 1.000000 0.000000
0.987162 0.159721 0.000000 18.125142 -0.159721 0.987162 -0.000000 -1.281312 -0.000000 0.000000 1.000000 0.000000
0.986393 0.164403 0.000000 18.667976 -0.164403 0.986393 -0.000000 -1.378952 -0.000000 0.000000 1.000000 0.000000
0.985553 0.169370 0.000000 19.231799 -0.169370 0.985553 -0.000000 -1.475257 -0.000000 0.000000 1.000000 0.000000
0.984419 0.175838 0.000000 19.759036 -0.175838 0.984419 -0.000000 -1.571852 -0.000000 0.000000 1.000000 0.000000
0.983137 0.182872 0.000000 20.281664 -0.182872 0.983137 -0.000000 -1.673025 -0.000000 0.000000 1.000000 0.000000
0.981909 0.189353 0.000000 20.835568 -0.189353 0.981909 -0.000000 -1.776559 -0.000000 0.000000 1.000000 0.000000
0.980066 0.198673 0.000000 21.356760 -0.198673 0.980066 -0.000000 -1.885748 -0.000000 0.000000 1.000000 0.000000
0.978547 0.206023 0.000000 21.915862 -0.206023 0.978547 -0.000000 -2.005361 -0.000000 0.000000 1.000000 0.000000
0.976755 0.214359 0.000000 22.655114 -0.214359 0.976755 -0.000000 -2.172881 -0.000000 0.000000 1.000000 0.000000
0.974917 0.222570 0.000000 23.195318 -0.222570 0.974917 -0.000000 -2.303742 -0.000000 0.000000 1.000000 0.000000
0.973049 0.230600 0.000000 23.777246 -0.230600 0.973049 -0.000000 -2.437466 -0.000000 0.000000 1.000000 0.000000
0.971359 0.237617 0.000000 24.320230 -0.237617 0.971359 -0.000000 -2.571995 -0.000000 0.000000 1.000000 0.000000
0.969578 0.244783 0.000000 24.863446 -0.244783 0.969578 -0.000000 -2.711039 -0.000000 0.000000 1.000000 0.000000
0.968049 0.250759 0.000000 25.363699 -0.250759 0.968049 -0.000000 -2.841392 -0.000000 0.000000 1.000000 0.000000
0.966334 0.257291 0.000000 25.911452 -0.257291 0.966334 -0.000000 -2.973902 -0.000000 0.000000 1.000000 0.000000
0.966596 0.256307 0.000000 26.409188 -0.256307 0.966596 -0.000000 -3.098600 -0.000000 0.000000 1.000000 0.000000
0.964990 0.262285 0.000000 26.942255 -0.262285 0.964990 -0.000000 -3.234983 -0.000000 0.000000 1.000000 0.000000
0.961729 0.274003 0.000000 27.964609 -0.274003 0.961729 -0.000000 -3.523980 -0.000000 0.000000 1.000000 0.000000
0.960276 0.279050 0.000000 28.449077 -0.279050 0.960276 -0.000000 -3.666676 -0.000000 0.000000 1.000000 0.000000
0.958408 0.285403 0.000000 28.975069 -0.285403 0.958408 -0.000000 -3.821837 -0.000000 0.000000 1.000000 0.000000
0.956321 0.292320 0.000000 29.642555 -0.292320 0.956321 -0.000000 -4.022937 -0.000000 0.000000 1.000000 0.000000
0.954681 0.297630 0.000000 30.125133 -0.297630 0.954681 -0.000000 -4.180016 -0.000000 0.000000 1.000000 0.000000
0.953076 0.302730 0.000000 30.607704 -0.302730 0.953076 -0.000000 -4.337884 -0.000000 0.000000 1.000000 0.000000
0.950799 0.309808 0.000000 31.115161 -0.309808 0.950799 -0.000000 -4.509182 -0.000000 0.000000 1.000000 0.000000
0.949866 0.312657 0.000000 31.588985 -0.312657 0.949866 -0.000000 -4.669140 -0.000000 0.000000 1.000000 0.000000
0.946890 0.321558 0.000000 32.249380 -0.321558 0.946890 -0.000000 -4.903908 -0.000000 0.000000 1.000000 0.000000
0.945152 0.326631 0.000000 32.756371 -0.326631 0.945152 -0.000000 -5.088771 -0.000000 0.000000 1.000000 0.000000
0.943912 0.330196 0.000000 33.261212 -0.330196 0.943912 -0.000000 -5.277006 -0.000000 0.000000 1.000000 0.000000
0.942118 0.335281 0.000000 33.739856 -0.335281 0.942118 -0.000000 -5.466188 -0.000000 0.000000 1.000000 0.000000
0.940550 0.339655 0.000000 34.245536 -0.339655 0.940550 -0.000000 -5.661839 -0.000000 0.000000 1.000000 0.000000
0.938722 0.344675 0.000000 34.745341 -0.344675 0.938722 -0.000000 -5.855778 -0.000000 0.000000 1.000000 0.000000
0.936290 0.351227 0.000000 35.210892 -0.351227 0.936290 -0.000000 -6.024681 -0.000000 0.000000 1.000000 0.000000
0.934754 0.355296 0.000000 35.708061 -0.355296 0.934754 -0.000000 -6.225284 -0.000000 0.000000 1.000000 0.000000
0.932927 0.360064 0.000000 36.179042 -0.360064 0.932927 -0.000000 -6.413874 -0.000000 0.000000 1.000000 0.000000
0.930288 0.366830 0.000000 36.673775 -0.366830 0.930288 -0.000000 -6.610102 -0.000000 0.000000 1.000000 0.000000
0.927918 0.372785 0.000000 37.148045 -0.372785 0.927918 -0.000000 -6.803407 -0.000000 0.000000 1.000000 0.000000
0.925050 0.379846 0.000000 37.642850 -0.379846 0.925050 -0.000000 -7.006989 -0.000000 0.000000 1.000000 0.000000
0.922220 0.386666 0.000000 38.111652 -0.386666 0.922220 -0.000000 -7.195339 -0.000000 0.000000 1.000000 0.000000
0.919856 0.392255 0.000000 38.604836 -0.392255 0.919856 -0.000000 -7.415582 -0.000000 0.000000 1.000000 0.000000
0.918495 0.395432 0.000000 39.059154 -0.395432 0.918495 -0.000000 -7.614345 -0.000000 0.000000 1.000000 0.000000
0.915200 0.402999 0.000000 39.734305 -0.402999 0.915200 -0.000000 -7.920474 -0.000000 0.000000 1.000000 0.000000
0.910889 0.412653 0.000000 40.427022 -0.412653 0.910889 -0.000000 -8.236522 -0.000000 0.000000 1.000000 0.000000
0.907648 0.419733 0.000000 40.903006 -0.419733 0.907648 -0.000000 -8.456193 -0.000000 0.000000 1.000000 0.000000
0.901776 0.432204 0.000000 41.736294 -0.432204 0.901776 -0.000000 -8.851609 -0.000000 0.000000 1.000000 0.000000
0.899515 0.436890 0.000000 42.209418 -0.436890 0.899515 -0.000000 -9.080625 -0.000000 0.000000 1.000000 0.000000
0.897467 0.441081 0.000000 42.681546 -0.441081 0.897467 -0.000000 -9.312629 -0.000000 0.000000 1.000000 0.000000
0.896004 0.444046 0.000000 43.149277 -0.444046 0.896004 -0.000000 -9.544463 -0.000000 0.000000 1.000000 0.000000
0.891677 0.452673 0.000000 43.612274 -0.452673 0.891677 -0.000000 -9.770365 -0.000000 0.000000 1.000000 0.000000
0.890742 0.454510 0.000000 44.101137 -0.454510 0.890742 -0.000000 -10.025324 -0.000000 0.000000 1.000000 0.000000
0.889694 0.456558 0.000000 44.518834 -0.456558 0.889694 -0.000000 -10.258006 -0.000000 0.000000 1.000000 0.000000
0.886742 0.462264 0.000000 44.967374 -0.462264 0.886742 -0.000000 -10.501841 -0.000000 0.000000 1.000000 0.000000
0.884775 0.466018 0.000000 45.412529 -0.466018 0.884775 -0.000000 -10.734608 -0.000000 0.000000 1.000000 0.000000
0.883887 0.467700 0.000000 45.855859 -0.467700 0.883887 -0.000000 -10.968630 -0.000000 0.000000 1.000000 0.000000
0.881369 0.472428 0.000000 46.280044 -0.472428 0.881369 -0.000000 -11.196707 -0.000000 0.000000 1.000000 0.000000
0.879707 0.475516 0.000000 46.709123 -0.475516 0.879707 -0.000000 -11.431660 -0.000000 0.000000 1.000000 0.000000
0.877738 0.479140 0.000000 47.101861 -0.479140 0.877738 -0.000000 -11.649932 -0.000000 0.000000 1.000000 0.000000
0.877313 0.479919 0.000000 47.520105 -0.479919 0.877313 -0.000000 -11.893611 -0.000000 0.000000 1.000000 0.000000
0.875252 0.483666 0.000000 47.908142 -0.483666 0.875252 -0.000000 -12.110568 -0.000000 0.000000 1.000000 0.000000
0.873898 0.486110 0.000000 48.324602 -0.486110 0.873898 -0.000000 -12.354995 -0.000000 0.000000 1.000000 0.000000
0.873223 0.487321 0.000000 48.722331 -0.487321 0.873223 -0.000000 -12.578912 -0.000000 0.000000 1.000000 0.000000
0.870487 0.492192 0.000000 49.110388 -0.492192 0.870487 -0.000000 -12.803870 -0.000000 0.000000 1.000000 0.000000
0.870204 0.492692 0.000000 49.499793 -0.492692 0.870204 -0.000000 -13.025348 -0.000000 0.000000 1.000000 0.000000
0.864941 0.501874 0.000000 49.890354 -0.501874 0.864941 -0.000000 -13.230856 -0.000000 0.000000 1.000000 0.000000
0.862148 0.506657 0.000000 50.253766 -0.506657 0.862148 -0.000000 -13.449187 -0.000000 0.000000 1.000000 0.000000
0.860371 0.509669 0.000000 50.608020 -0.509669 0.860371 -0.000000 -13.668699 -0.000000 0.000000 1.000000 0.000000
0.857952 0.513729 0.000000 50.978812 -0.513729 0.857952 -0.000000 -13.903317 -0.000000 0.000000 1.000000 0.000000
0.854180 0.519978 0.000000 51.505250 -0.519978 0.854180 -0.000000 -14.253557 -0.000000 0.000000 1.000000 0.000000
0.849714 0.527245 0.000000 51.883652 -0.527245 0.849714 -0.000000 -14.508902 -0.000000 0.000000 1.000000 0.000000
0.844670 0.535287 0.000000 52.232204 -0.535287 0.844670 -0.000000 -14.740782 -0.000000 0.000000 1.000000 0.000000
0.841870 0.539680 0.000000 52.573616 -0.539680 0.841870 -0.000000 -14.972696 -0.000000 0.000000 1.000000 0.000000
0.839248 0.543749 0.000000 52.906681 -0.543749 0.839248 -0.000000 -15.199989 -0.000000 0.000000 1.000000 0.000000
0.835494 0.549499 0.000000 53.242525 -0.549499 0.835494 -0.000000 -15.426170 -0.000000 0.000000 1.000000 0.000000
0.832905 0.553416 0.000000 53.566105 -0.553416 0.832905 -0.000000 -15.650330 -0.000000 0.000000 1.000000 0.000000
0.829500 0.558507 0.000000 53.902634 -0.558507 0.829500 -0.000000 -15.868551 -0.000000 0.000000 1.000000 0.000000
0.827262 0.561816 0.000000 54.228901 -0.561816 0.827262 -0.000000 -16.086128 -0.000000 0.000000 1.000000 0.000000
0.825479 0.564432 0.000000 54.551633 -0.564432 0.825479 -0.000000 -16.314478 -0.000000 0.000000 1.000000 0.000000
0.822934 0.568137 0.000000 54.862919 -0.568137 0.822934 -0.000000 -16.534063 -0.000000 0.000000 1.000000 0.000000
0.820050 0.572292 0.000000 55.467879 -0.572292 0.820050 -0.000000 -16.970987 -0.000000 0.000000 1.000000 0.000000
0.818525 0.574471 0.000000 55.755830 -0.574471 0.818525 -0.000000 -17.177003 -0.000000 0.000000 1.000000 0.000000
0.817216 0.576331 0.000000 56.027040 -0.576331 0.817216 -0.000000 -17.368758 -0.000000 0.000000 1.000000 0.000000
0.816581 0.577231 0.000000 56.293029 -0.577231 0.816581 -0.000000 -17.555986 -0.000000 0.000000 1.000000 0.000000
0.816218 0.577744 0.000000 56.574446 -0.577744 0.816218 -0.000000 -17.761777 -0.000000 0.000000 1.000000 0.000000
0.814209 0.580572 0.000000 56.832394 -0.580572 0.814209 -0.000000 -17.943454 -0.000000 0.000000 1.000000 0.000000
0.812844 0.582481 0.000000 57.102110 -0.582481 0.812844 -0.000000 -18.134939 -0.000000 0.000000 1.000000 0.000000
0.811654 0.584138 0.000000 57.358964 -0.584138 0.811654 -0.000000 -18.318483 -0.000000 0.000000 1.000000 0.000000
0.811176 0.584802 0.000000 57.622979 -0.584802 0.811176 -0.000000 -18.504556 -0.000000 0.000000 1.000000 0.000000
0.811294 0.584639 0.000000 57.859697 -0.584639 0.811294 -0.000000 -18.681468 -0.000000 0.000000 1.000000 0.000000
0.808902 0.587943 0.000000 58.097058 -0.587943 0.808902 -0.000000 -18.845110 -0.000000 0.000000 1.000000 0.000000
0.807256 0.590202 0.000000 58.347603 -0.590202 0.807256 -0.000000 -19.020162 -0.000000 0.000000 1.000000 0.000000
0.803577 0.595200 0.000000 58.700154 -0.595200 0.803577 -0.000000 -19.281070 -0.000000 0.000000 1.000000 0.000000
0.802152 0.597120 0.000000 58.957624 -0.597120 0.802152 -0.000000 -19.464273 -0.000000 0.000000 1.000000 0.000000
0.798272 0.602297 0.000000 59.196155 -0.602297 0.798272 -0.000000 -19.641389 -0.000000 0.000000 1.000000 0.000000
0.795619 0.605797 0.000000 59.421750 -0.605797 0.795619 -0.000000 -19.812088 -0.000000 0.000000 1.000000 0.000000
0.792313 0.610114 0.000000 59.642969 -0.610114 0.792313 -0.000000 -19.978046 -0.000000 0.000000 1.000000 0.000000
0.789651 0.613557 0.000000 59.852996 -0.613557 0.789651 -0.000000 -20.139794 -0.000000 0.000000 1.000000 0.000000
0.789552 0.613683 0.000000 60.062485 -0.613683 0.789552 -0.000000 -20.309857 -0.000000 0.000000 1.000000 0.000000
0.788988 0.614409 0.000000 60.267986 -0.614409 0.788988 -0.000000 -20.475241 -0.000000 0.000000 1.000000 0.000000
0.791010 0.611804 0.000000 60.472825 -0.611804 0.791010 -0.000000 -20.635138 -0.000000 0.000000 1.000000 0.000000
0.789492 0.613761 0.000000 60.653577 -0.613761 0.789492 -0.000000 -20.795940 -0.000000 0.000000 1.000000 0.000000
0.784998 0.619498 0.000000 61.025703 -0.619498 0.784998 -0.000000 -21.102638 -0.000000 0.000000 1.000000 0.000000
0.781132 0.624366 0.000000 61.194862 -0.624366 0.781132 -0.000000 -21.228428 -0.000000 0.000000 1.000000 0.000000
0.780413 0.625264 0.000000 61.351222 -0.625264 0.780413 -0.000000 -21.368741 -0.000000 0.000000 1.000000 0.000000
0.780881 0.624680 0.000000 61.518172 -0.624680 0.780881 -0.000000 -21.519350 -0.000000 0.000000 1.000000 0.000000
0.780121 0.625628 0.000000 61.672962 -0.625628 0.780121 -0.000000 -21.649694 -0.000000 0.000000 1.000000 0.000000
0.778809 0.627261 0.000000 61.821747 -0.627261 0.778809 -0.000000 -21.772699 -0.000000 0.000000 1.000000 0.000000
0.778607 0.627511 0.000000 61.980060 -0.627511 0.778607 -0.000000 -21.902842 -0.000000 0.000000 1.000000 0.000000
0.777501 0.628881 0.000000 62.123254 -0.628881 0.777501 -0.000000 -22.021043 -0.000000 0.000000 1.000000 0.000000
0.775627 0.631192 0.000000 62.280643 -0.631192 0.775627 -0.000000 -22.147253 -0.000000 0.000000 1.000000 0.000000
0.771697 0.635990 0.000000 62.583571 -0.635990 0.771697 -0.000000 -22.393887 -0.000000 0.000000 1.000000 0.000000
0.770116 0.637904 0.000000 62.727521 -0.637904 0.770116 -0.000000 -22.512332 -0.000000 0.000000 1.000000 0.000000
0.769359 0.638817 0.000000 62.871874 -0.638817 0.769359 -0.000000 -22.629806 -0.000000 0.000000 1.000000 0.000000
0.767674 0.640841 0.000000 63.116750 -0.640841 0.767674 -0.000000 -22.831048 -0.000000 0.000000 1.000000 0.000000
0.766554 0.642179 0.000000 63.271513 -0.642179 0.766554 -0.000000 -22.968870 -0.000000 0.000000 1.000000 0.000000
0.764129 0.645064 0.000000 63.424673 -0.645064 0.764129 -0.000000 -23.098978 -0.000000 0.000000 1.000000 0.000000
0.762129 0.647425 0.000000 63.578692 -0.647425 0.762129 -0.000000 -23.232403 -0.000000 0.000000 1.000000 0.000000
0.762857 0.646567 0.000000 63.731601 -0.646567 0.762857 -0.000000 -23.361018 -0.000000 0.000000 1.000000 0.000000
0.761313 0.648385 0.000000 63.886416 -0.648385 0.761313 -0.000000 -23.485375 -0.000000 0.000000 1.000000 0.000000
0.759873 0.650071 0.000000 64.036904 -0.650071 0.759873 -0.000000 -23.610854 -0.000000 0.000000 1.000000 0.000000
0.756430 0.654075 0.000000 64.346237 -0.654075 0.756430 -0.000000 -23.880357 -0.000000 0.000000 1.000000 0.000000
0.753977 0.656901 0.000000 64.501929 -0.656901 0.753977 -0.000000 -24.017422 -0.000000 0.000000 1.000000 0.000000
0.752140 0.659004 0.000000 64.663999 -0.659004 0.752140 -0.000000 -24.154699 -0.000000 0.000000 1.000000 0.000000
0.749909 0.661541 0.000000 64.817829 -0.661541 0.749909 -0.000000 -24.290628 -0.000000 0.000000 1.000000 0.000000
0.747785 0.663941 0.000000 64.983295 -0.663941 0.747785 -0.000000 -24.436706 -0.000000 0.000000 1.000000 0.000000
0.746814 0.665034 0.000000 65.140450 -0.665034 0.746814 -0.000000 -24.581257 -0.000000 0.000000 1.000000 0.000000
0.744878 0.667200 0.000000 65.292685 -0.667200 0.744878 -0.000000 -24.722432 -0.000000 0.000000 1.000000 0.000000
0.743107 0.669172 0.000000 65.458227 -0.669172 0.743107 -0.000000 -24.876718 -0.000000 0.000000 1.000000 0.000000
0.739914 0.672701 0.000000 65.626324 -0.672701 0.739914 -0.000000 -25.015585 -0.000000 0.000000 1.000000 0.000000
0.735707 0.677300 0.000000 65.797164 -0.677300 0.735707 -0.000000 -25.160158 -0.000000 0.000000 1.000000 0.000000
0.731846 0.681470 0.000000 65.967790 -0.681470 0.731846 -0.000000 -25.316379 -0.000000 0.000000 1.000000 0.000000
0.729568 0.683908 0.000000 66.133287 -0.683908 0.729568 -0.000000 -25.466082 -0.000000 0.000000 1.000000 0.000000
0.727264 0.686358 0.000000 66.313252 -0.686358 0.727264 -0.000000 -25.632868 -0.000000 0.000000 1.000000 0.000000
0.725537 0.688183 0.000000 66.471949 -0.688183 0.725537 -0.000000 -25.797646 -0.000000 0.000000 1.000000 0.000000
0.721851 0.692049 0.000000 66.661669 -0.692049 0.721851 -0.000000 -25.973284 -0.000000 0.000000 1.000000 0.000000
0.719339 0.694659 0.000000 66.834415 -0.694659 0.719339 -0.000000 -26.144972 -0.000000 0.000000 1.000000 0.000000
0.713945 0.700202 0.000000 67.100183 -0.700202 0.713945 -0.000000 -26.400705 -0.000000 0.000000 1.000000 0.000000
0.712164 0.702014 0.000000 67.272321 -0.702014 0.712164 -0.000000 -26.572441 -0.000000 0.000000 1.000000 0.000000
0.710372 0.703826 0.000000 67.458617 -0.703826 0.710372 -0.000000 -26.759701 -0.000000 0.000000 1.000000 0.000000
0.708691 0.705519 0.000000 67.633900 -0.705519 0.708691 -0.000000 -26.944396 -0.000000 0.000000 1.000000 0.000000
0.704321 0.709881 0.000000 68.005785 -0.709881 0.704321 -0.000000 -27.335047 -0.000000 0.000000 1.000000 0.000000
0.702057 0.712121 0.000000 68.182981 -0.712121 0.702057 -0.000000 -27.525905 -0.000000 0.000000 1.000000 0.000000
0.699938 0.714204 0.000000 68.357435 -0.714204 0.699938 -0.000000 -27.706870 -0.000000 0.000000 1.000000 0.000000
0.698325 0.715780 0.000000 68.541745 -0.715780 0.698325 -0.000000 -27.904420 -0.000000 0.000000 1.000000 0.000000
0.695468 0.718557 0.000000 68.808624 -0.718557 0.695468 -0.000000 -28.161535 -0.000000 0.000000 1.000000 0.000000
0.690308 0.723516 0.000000 69.003221 -0.723516 0.690308 -0.000000 -28.348448 -0.000000 0.000000 1.000000 0.000000
0.686817 0.726830 0.000000 69.178371 -0.726830 0.686817 -0.000000 -28.531196 -0.000000 0.000000 1.000000 0.000000
0.682862 0.730548 0.000000 69.358503 -0.730548 0.682862 -0.000000 -28.724290 -0.000000 0.000000 1.000000 0.000000
0.680363 0.732875 0.000000 69.518537 -0.732875 0.680363 -0.000000 -28.910613 -0.000000 0.000000 1.000000 0.000000
0.678570 0.734535 0.000000 69.684836 -0.734535 0.678570 -0.000000 -29.092004 -0.000000 0.000000 1.000000 0.000000
0.675930 0.736966 0.000000 69.856143 -0.736966 0.675930 -0.000000 -29.288332 -0.000000 0.000000 1.000000 0.000000
0.675061 0.737762 0.000000 70.022691 -0.737762 0.675061 -0.000000 -29.476534 -0.000000 0.000000 1.000000 0.000000
0.673383 0.739294 0.000000 70.186614 -0.739294 0.673383 -0.000000 -29.663619 -0.000000 0.000000 1.000000 0.000000
0.670885 0.741561 0.000000 70.361109 -0.741561 0.670885 -0.000000 -29.861855 -0.000000 0.000000 1.000000 0.000000
0.670777 0.741659 0.000000 70.517046 -0.741659 0.670777 -0.000000 -30.045799 -0.000000 0.000000 1.000000 0.000000
0.671341 0.741149 0.000000 70.737958 -0.741149 0.671341 -0.000000 -30.301402 -0.000000 0.000000 1.000000 0.000000
0.670820 0.741620 0.000000 70.915575 -0.741620 0.670820 -0.000000 -30.503656 -0.000000 0.000000 1.000000 0.000000
0.670078 0.742290 0.000000 71.079476 -0.742290 0.670078 -0.000000 -30.691901 -0.000000 0.000000 1.000000 0.000000
0.670553 0.741861 0.000000 71.239211 -0.741861 0.670553 -0.000000 -30.882329 -0.000000 0.000000 1.000000 0.000000
0.669070 0.743199 0.000000 71.402565 -0.743199 0.669070 -0.000000 -31.070254 -0.000000 0.000000 1.000000 0.000000
0.668762 0.743476 0.000000 71.563312 -0.743476 0.668762 -0.000000 -31.256556 -0.000000 0.000000 1.000000 0.000000
0.672404 0.740184 0.000000 71.711565 -0.740184 0.672404 -0.000000 -31.446298 -0.000000 0.000000 1.000000 0.000000
0.672511 0.740087 0.000000 71.875388 -0.740087 0.672511 -0.000000 -31.625238 -0.000000 0.000000 1.000000 0.000000
0.674548 0.738231 0.000000 72.035366 -0.738231 0.674548 -0.000000 -31.812514 -0.000000 0.000000 1.000000 0.000000
0.675177 0.737656 0.000000 72.183079 -0.737656 0.675177 -0.000000 -31.979753 -0.000000 0.000000 1.000000 0.000000
0.675746 0.737134 0.000000 72.487554 -0.737134 0.675746 -0.000000 -32.326138 -0.000000 0.000000 1.000000 0.000000
0.676030 0.736874 0.000000 72.645971 -0.736874 0.676030 -0.000000 -32.501969 -0.000000 0.000000 1.000000 0.000000
0.678335 0.734753 0.000000 72.799487 -0.734753 0.678335 -0.000000 -32.674830 -0.000000 0.000000 1.000000 0.000000
0.680229 0.733000 0.000000 72.931145 -0.733000 0.680229 -0.000000 -32.831703 -0.000000 0.000000 1.000000 0.000000
0.681507 0.731811 0.000000 73.084698 -0.731811 0.681507 -0.000000 -32.990582 -0.000000 0.000000 1.000000 0.000000
0.682392 0.730986 0.000000 73.231034 -0.730986 0.682392 -0.000000 -33.148809 -0.000000 0.000000 1.000000 0.000000
0.682661 0.730735 0.000000 73.377771 -0.730735 0.682661 -0.000000 -33.310000 -0.000000 0.000000 1.000000 0.000000
0.684003 0.729480 0.000000 73.624754 -0.729480 0.684003 -0.000000 -33.578384 -0.000000 0.000000 1.000000 0.000000
0.685687 0.727897 0.000000 73.762583 -0.727897 0.685687 -0.000000 -33.735640 -0.000000 0.000000 1.000000 0.000000
0.688223 0.725499 0.000000 73.896884 -0.725499 0.688223 -0.000000 -33.889870 -0.000000 0.000000 1.000000 0.000000
0.688796 0.724955 0.000000 74.035098 -0.724955 0.688796 -0.000000 -34.040154 -0.000000 0.000000 1.000000 0.000000
0.691542 0.722336 0.000000 74.173392 -0.722336 0.691542 -0.000000 -34.193087 -0.000000 0.000000 1.000000 0.000000
0.694085 0.719894 0.000000 74.306498 -0.719894 0.694085 -0.000000 -34.344238 -0.000000 0.000000 1.000000 0.000000
0.699748 0.714390 0.000000 74.578239 -0.714390 0.699748 -0.000000 -34.626427 -0.000000 0.000000 1.000000 0.000000
0.703207 0.710985 0.000000 74.699536 -0.710985 0.703207 -0.000000 -34.754408 -0.000000 0.000000 1.000000 0.000000
0.706494 0.707719 0.000000 74.817779 -0.707719 0.706494 -0.000000 -34.879256 -0.000000 0.000000 1.000000 0.000000
0.712804 0.701363 0.000000 75.028012 -0.701363 0.712804 -0.000000 -35.096091 -0.000000 0.000000 1.000000 0.000000
0.717327 0.696737 0.000000 75.314135 -0.696737 0.717327 -0.000000 -35.371064 -0.000000 0.000000 1.000000 0.000000
0.724248 0.689540 0.000000 75.482204 -0.689540 0.724248 -0.000000 -35.533967 -0.000000 0.000000 1.000000 0.000000
0.727446 0.686165 0.000000 75.591441 -0.686165 0.727446 -0.000000 -35.627799 -0.000000 0.000000 1.000000 0.000000
0.736407 0.676539 0.000000 75.794254 -0.676539 0.736407 -0.000000 -35.831112 -0.000000 0.000000 1.000000 0.000000
0.740566 0.671984 0.000000 75.892588 -0.671984 0.740566 -0.000000 -35.926077 -0.000000 0.000000 1.000000 0.000000
0.744217 0.667937 0.000000 75.988229 -0.667937 0.744217 -0.000000 -36.006546 -0.000000 0.000000 1.000000 0.000000
0.747162 0.664642 0.000000 76.083207 -0.664642 0.747162 -0.000000 -36.092240 -0.000000 0.000000 1.000000 0.000000
0.752038 0.659120 0.000000 76.234875 -0.659120 0.752038 -0.000000 -36.226366 -0.000000 0.000000 1.000000 0.000000
0.758896 0.651212 0.000000 76.413833 -0.651212 0.758896 -0.000000 -36.393558 -0.000000 0.000000 1.000000 0.000000
0.762671 0.646786 0.000000 76.503209 -0.646786 0.762671 -0.000000 -36.472662 -0.000000 0.000000 1.000000 0.000000
0.766438 0.642318 0.000000 76.589855 -0.642318 0.766438 -0.000000 -36.551601 -0.000000 0.000000 1.000000 0.000000
0.770023 0.638016 0.000000 76.671289 -0.638016 0.770023 -0.000000 -36.624626 -0.000000 0.000000 1.000000 0.000000
0.773796 0.633435 0.000000 76.755894 -0.633435 0.773796 -0.000000 -36.694696 -0.000000 0.000000 1.000000 0.000000
0.776228 0.630452 0.000000 76.835668 -0.630452 0.776228 -0.000000 -36.751607 -0.000000 0.000000 1.000000 0.000000
0.783254 0.621702 0.000000 76.982472 -0.621702 0.783254 -0.000000 -36.874925 -0.000000 0.000000 1.000000 0.000000
0.785608 0.618724 0.000000 77.048370 -0.618724 0.785608 -0.000000 -36.925886 -0.000000 0.000000 1.000000 0.000000
0.788518 0.615011 0.000000 77.113489 -0.615011 0.788518 -0.000000 -36.979792 -0.000000 0.000000 1.000000 0.000000
0.790190 0.612862 0.000000 77.171851 -0.612862 0.790190 -0.000000 -37.026078 -0.000000 0.000000 1.000000 0.000000
0.793592 0.608450 0.000000 77.228112 -0.608450 0.793592 -0.000000 -37.069669 -0.000000 0.000000 1.000000 0.000000
0.795269 0.606257 0.000000 77.267897 -0.606257 0.795269 -0.000000 -37.100736 -0.000000 0.000000 1.000000 0.000000
0.797011 0.603965 0.000000 77.310402 -0.603965 0.797011 -0.000000 -37.136833 -0.000000 0.000000 1.000000 0.000000
0.798535 0.601949 0.000000 77.377666 -0.601949 0.798535 -0.000000 -37.184331 -0.000000 0.000000 1.000000 0.000000
0.800052 0.599931 0.000000 77.409181 -0.599931 0.800052 -0.000000 -37.208289 -0.000000 0.000000 1.000000 0.000000
0.800647 0.599136 0.000000 77.443021 -0.599136 0.800647 -0.000000 -37.232780 -0.000000 0.000000 1.000000 0.000000
0.801307 0.598254 0.000000 77.468228 -0.598254 0.801307 -0.000000 -37.247622 -0.000000 0.000000 1.000000 0.000000
0.802482 0.596676 0.000000 77.488947 -0.596676 0.802482 -0.000000 -37.263913 -0.000000 0.000000 1.000000 0.000000
0.803452 0.595369 0.000000 77.509717 -0.595369 0.803452 -0.000000 -37.276648 -0.000000 0.000000 1.000000 0.000000
0.803828 0.594861 0.000000 77.526221 -0.594861 0.803828 -0.000000 -37.287896 -0.000000 0.000000 1.000000 0.000000
0.804069 0.594535 0.000000 77.537099 -0.594535 0.804069 -0.000000 -37.297551 -0.000000 0.000000 1.000000 0.000000
0.805699 0.592325 0.000000 77.547944 -0.592325 0.805699 -0.000000 -37.311716 -0.000000 0.000000 1.000000 0.000000
0.805069 0.593182 0.000000 77.552841 -0.593182 0.805069 -0.000000 -37.304087 -0.000000 0.000000 1.000000 0.000000
0.805965 0.591963 0.000000 77.553658 -0.591963 0.805965 -0.000000 -37.303602 -0.000000 0.000000 1.000000 0.000000
0.805925 0.592017 0.000000 77.551984 -0.592017 0.805925 -0.000000 -37.301533 -0.000000 0.000000 1.000000 0.000000
0.805123 0.593108 0.000000 77.551481 -0.593108 0.805123 -0.000000 -37.298416 -0.000000 0.000000 1.000000 0.000000
0.805084 0.593161 0.000000 77.547976 -0.593161 0.805084 -0.000000 -37.298772 -0.000000 0.000000 1.000000 0.000000
0.804872 0.593448 0.000000 77.544818 -0.593448 0.804872 -0.000000 -37.299241 -0.000000 0.000000 1.000000 0.000000
0.805928 0.592013 0.000000 77.541825 -0.592013 0.805928 -0.000000 -37.304298 -0.000000 0.000000 1.000000 0.000000
0.805957 0.591973 0.000000 77.540452 -0.591973 0.805957 -0.000000 -37.304921 -0.000000 0.000000 1.000000 0.000000
0.805207 0.592994 0.000000 77.541401 -0.592994 0.805207 -0.000000 -37.302775 -0.000000 0.000000 1.000000 0.000000
0.805064 0.593188 0.000000 77.541614 -0.593188 0.805064 -0.000000 -37.302642 -0.000000 0.000000 1.000000 0.000000
0.805119 0.593113 0.000000 77.541038 -0.593113 0.805119 -0.000000 -37.302367 -0.000000 0.000000 1.000000 0.000000
0.805076 0.593172 0.000000 77.540294 -0.593172 0.805076 -0.000000 -37.301367 -0.000000 0.000000 1.000000 0.000000
0.805102 0.593137 0.000000 77.540554 -0.593137 0.805102 -0.000000 -37.299734 -0.000000 0.000000 1.000000 0.000000
0.805027 0.593239 0.000000 77.541325 -0.593239 0.805027 -0.000000 -37.298634 -0.000000 0.000000 1.000000 0.000000
0.804897 0.593415 0.000000 77.542051 -0.593415 0.804897 -0.000000 -37.296797 -0.000000 0.000000 1.000000 0.000000
0.804840 0.593492 0.000000 77.542516 -0.593492 0.804840 -0.000000 -37.296801 -0.000000 0.000000 1.000000 0.000000
0.804854 0.593473 0.000000 77.543358 -0.593473 0.804854 -0.000000 -37.297254 -0.000000 0.000000 1.000000 0.000000
0.804937 0.593361 0.000000 77.544077 -0.593361 0.804937 -0.000000 -37.296822 -0.000000 0.000000 1.000000 0.000000
0.804966 0.593320 0.000000 77.544626 -0.593320 0.804966 -0.000000 -37.296937 -0.000000 0.000000 1.000000 0.000000
0.804977 0.593306 0.000000 77.545543 -0.593306 0.804977 -0.000000 -37.297341 -0.000000 0.000000 1.000000 0.000000
0.804990 0.593289 0.000000 77.545205 -0.593289 0.804990 -0.000000 -37.297114 -0.000000 0.000000 1.000000 0.000000
0.804978 0.593304 0.000000 77.544741 -0.593304 0.804978 -0.000000 -37.296711 -0.000000 0.000000 1.000000 0.000000
0.804932 0.593367 0.000000 77.544621 -0.593367 0.804932 -0.000000 -37.297589 -0.000000 0.000000 1.000000 0.000000
0.804724 0.593649 0.000000 77.544459 -0.593649 0.804724 -0.000000 -37.298085 -0.000000 0.000000 1.000000 0.000000
0.804646 0.593755 0.000000 77.544850 -0.593755 0.804646 -0.000000 -37.297639 -0.000000 0.000000 1.000000 0.000000
0.804622 0.593787 0.000000 77.545288 -0.593787 0.804622 -0.000000 -37.296576 -0.000000 0.000000 1.000000 0.000000
0.804654 0.593743 0.000000 77.545550 -0.593743 0.804654 -0.000000 -37.296107 -0.000000 0.000000 1.000000 0.000000
0.804720 0.593654 0.000000 77.544967 -0.593654 0.804720 -0.000000 -37.295558 -0.000000 0.000000 1.000000 0.000000
0.804729 0.593643 0.000000 77.544797 -0.593643 0.804729 -0.000000 -37.294171 -0.000000 0.000000 1.000000 0.000000
0.804722 0.593652 0.000000 77.544708 -0.593652 0.804722 -0.000000 -37.293335 -0.000000 0.000000 1.000000 0.000000
0.804710 0.593668 0.000000 77.544169 -0.593668 0.804710 -0.000000 -37.292552 -0.000000 0.000000 1.000000 0.000000
0.804702 0.593679 0.000000 77.543443 -0.593679 0.804702 -0.000000 -37.291708 -0.000000 0.000000 1.000000 0.000000
0.804655 0.593743 0.000000 77.542976 -0.593743 0.804655 -0.000000 -37.290784 -0.000000 0.000000 1.000000 0.000000
0.804721 0.593653 0.000000 77.543033 -0.593653 0.804721 -0.000000 -37.289877 -0.000000 0.000000 1.000000 0.000000
0.804724 0.593649 0.000000 77.542884 -0.593649 0.804724 -0.000000 -37.289069 -0.000000 0.000000 1.000000 0.000000
0.804735 0.593634 0.000000 77.542533 -0.593634 0.804735 -0.000000 -37.288223 -0.000000 0.000000 1.000000 0.000000
0.804780 0.593574 0.000000 77.542241 -0.593574 0.804780 -0.000000 -37.287547 -0.000000 0.000000 1.000000 0.000000
0.804851 0.593477 0.000000 77.541202 -0.593477 0.804851 -0.000000 -37.286984 -0.000000 0.000000 1.000000 0.000000
0.805190 0.593017 0.000000 77.539192 -0.593017 0.805190 -0.000000 -37.286656 -0.000000 0.000000 1.000000 0.000000
0.805073 0.593176 0.000000 77.538556 -0.593176 0.805073 -0.000000 -37.286422 -0.000000 0.000000 1.000000 0.000000
0.804988 0.593291 0.000000 77.538530 -0.593291 0.804988 -0.000000 -37.286093 -0.000000 0.000000 1.000000 0.000000
0.804925 0.593376 0.000000 77.538878 -0.593376 0.804925 -0.000000 -37.286700 -0.000000 0.000000 1.000000 0.000000
0.805023 0.593244 0.000000 77.538121 -0.593244 0.805023 -0.000000 -37.286624 -0.000000 0.000000 1.000000 0.000000
0.805178 0.593033 0.000000 77.537306 -0.593033 0.805178 -0.000000 -37.286784 -0.000000 0.000000 1.000000 0.000000
0.805196 0.593009 0.000000 77.534954 -0.593009 0.805196 -0.000000 -37.288254 -0.000000 0.000000 1.000000 0.000000
0.805110 0.593126 0.000000 77.532473 -0.593126 0.805110 -0.000000 -37.290529 -0.000000 0.000000 1.000000 0.000000
0.804612 0.593801 0.000000 77.532620 -0.593801 0.804612 -0.000000 -37.290861 -0.000000 0.000000 1.000000 0.000000
0.804459 0.594009 0.000000 77.532449 -0.594009 0.804459 -0.000000 -37.291298 -0.000000 0.000000 1.000000 0.000000
0.803481 0.595330 0.000000 77.535020 -0.595330 0.803481 -0.000000 -37.294657 -0.000000 0.000000 1.000000 0.000000
0.803726 0.595000 0.000000 77.536724 -0.595000 0.803726 -0.000000 -37.299122 -0.000000 0.000000 1.000000 0.000000
0.803964 0.594678 0.000000 77.541436 -0.594678 0.803964 -0.000000 -37.306145 -0.000000 0.000000 1.000000 0.000000
0.804255 0.594284 0.000000 77.541434 -0.594284 0.804255 -0.000000 -37.312463 -0.000000 0.000000 1.000000 0.000000
0.805060 0.593194 0.000000 77.537683 -0.593194 0.805060 -0.000000 -37.314365 -0.000000 0.000000 1.000000 0.000000
0.805566 0.592506 0.000000 77.537009 -0.592506 0.805566 -0.000000 -37.313875 -0.000000 0.000000 1.000000 0.000000
0.805894 0.592060 0.000000 77.536951 -0.592060 0.805894 -0.000000 -37.314708 -0.000000 0.000000 1.000000 0.000000
0.806009 0.591903 0.000000 77.535773 -0.591903 0.806009 -0.000000 -37.315204 -0.000000 0.000000 1.000000 0.000000
0.805898 0.592054 0.000000 77.536302 -0.592054 0.805898 -0.000000 -37.315861 -0.000000 0.000000 1.000000 0.000000
0.805908 0.592041 0.000000 77.535956 -0.592041 0.805908 -0.000000 -37.315911 -0.000000 0.000000 1.000000 0.000000
0.805815 0.592167 0.000000 77.535722 -0.592167 0.805815 -0.000000 -37.315942 -0.000000 0.000000 1.000000 0.000000
0.805746 0.592261 0.000000 77.535545 -0.592261 0.805746 -0.000000 -37.315562 -0.000000 0.000000 1.000000 0.000000
0.805734 0.592277 0.000000 77.533877 -0.592277 0.805734 -0.000000 -37.315036 -0.000000 0.000000 1.000000 0.000000
0.805667 0.592369 0.000000 77.532252 -0.592369 0.805667 -0.000000 -37.314463 -0.000000 0.000000 1.000000 0.000000
0.805847 0.592124 0.000000 77.530207 -0.592124 0.805847 -0.000000 -37.314128 -0.000000 0.000000 1.000000 0.000000
0.805934 0.592005 0.000000 77.529207 -0.592005 0.805934 -0.000000 -37.314045 -0.000000 0.000000 1.000000 0.000000
0.806071 0.591819 0.000000 77.527821 -0.591819 0.806071 -0.000000 -37.314395 -0.000000 0.000000 1.000000 0.000000
0.806383 0.591394 0.000000 77.527414 -0.591394 0.806383 -0.000000 -37.315633 -0.000000 0.000000 1.000000 0.000000
0.806751 0.590892 0.000000 77.527548 -0.590892 0.806751 -0.000000 -37.316013 -0.000000 0.000000 1.000000 0.000000
0.807418 0.589980 0.000000 77.526242 -0.589980 0.807418 -0.000000 -37.318265 -0.000000 0.000000 1.000000 0.000000
0.807904 0.589314 0.000000 77.525366 -0.589314 0.807904 -0.000000 -37.319287 -0.000000 0.000000 1.000000 0.000000
0.807619 0.589705 0.000000 77.525810 -0.589705 0.807619 -0.000000 -37.317227 -0.000000 0.000000 1.000000 0.000000
0.806584 0.591119 0.000000 77.528360 -0.591119 0.806584 -0.000000 -37.316209 -0.000000 0.000000 1.000000 0.000000
0.804686 0.593701 0.000000 77.536829 -0.593701 0.804686 -0.000000 -37.319264 -0.000000 0.000000 1.000000 0.000000
0.803680 0.595062 0.000000 77.542897 -0.595062 0.803680 -0.000000 -37.321661 -0.000000 0.000000 1.000000 0.000000
0.802894 0.596122 0.000000 77.542856 -0.596122 0.802894 -0.000000 -37.324239 -0.000000 0.000000 1.000000 0.000000
0.801633 0.597817 0.000000 77.546282 -0.597817 0.801633 -0.000000 -37.323235 -0.000000 0.000000 1.000000 0.000000
0.800575 0.599232 0.000000 77.548231 -0.599232 0.800575 -0.000000 -37.322878 -0.000000 0.000000 1.000000 0.000000
0.799680 0.600427 0.000000 77.548657 -0.600427 0.799680 -0.000000 -37.324663 -0.000000 0.000000 1.000000 0.000000
0.799003 0.601328 0.000000 77.552176 -0.601328 0.799003 -0.000000 -37.328908 -0.000000 0.000000 1.000000 0.000000
0.799015 0.601310 0.000000 77.556802 -0.601310 0.799015 -0.000000 -37.338366 -0.000000 0.000000 1.000000 0.000000
0.799296 0.600937 0.000000 77.558559 -0.600937 0.799296 -0.000000 -37.345635 -0.000000 0.000000 1.000000 0.000000
0.799944 0.600074 0.000000 77.565194 -0.600074 0.799944 -0.000000 -37.354957 -0.000000 0.000000 1.000000 0.000000
0.800797 0.598936 0.000000 77.569272 -0.598936 0.800797 -0.000000 -37.360715 -0.000000 0.000000 1.000000 0.000000
0.801977 0.597355 0.000000 77.575490 -0.597355 0.801977 -0.000000 -37.369768 -0.000000 0.000000 1.000000 0.000000
0.802604 0.596512 0.000000 77.585184 -0.596512 0.802604 -0.000000 -37.374943 -0.000000 0.000000 1.000000 0.000000
0.802601 0.596517 0.000000 77.596676 -0.596517 0.802601 -0.000000 -37.382305 -0.000000 0.000000 1.000000 0.000000
0.802572 0.596555 0.000000 77.607757 -0.596555 0.802572 -0.000000 -37.389308 -0.000000 0.000000 1.000000 0.000000
0.802216 0.597034 0.000000 77.617854 -0.597034 0.802216 -0.000000 -37.393597 -0.000000 0.000000 1.000000 0.000000
0.801856 0.597517 0.000000 77.632226 -0.597517 0.801856 -0.000000 -37.401704 -0.000000 0.000000 1.000000 0.000000
0.801778 0.597622 0.000000 77.658097 -0.597622 0.801778 -0.000000 -37.420330 -0.000000 0.000000 1.000000 0.000000
0.803100 0.595844 0.000000 77.666305 -0.595844 0.803100 -0.000000 -37.435632 -0.000000 0.000000 1.000000 0.000000
0.803402 0.595437 0.000000 77.676310 -0.595437 0.803402 -0.000000 -37.445796 -0.000000 0.000000 1.000000 0.000000
0.804303 0.594219 0.000000 77.689282 -0.594219 0.804303 -0.000000 -37.460909 -0.000000 0.000000 1.000000 0.000000
0.804942 0.593353 0.000000 77.697336 -0.593353 0.804942 -0.000000 -37.471112 -0.000000 0.000000 1.000000 0.000000
0.806566 0.591145 0.000000 77.701196 -0.591145 0.806566 -0.000000 -37.482302 -0.000000 0.000000 1.000000 0.000000
0.807296 0.590147 0.000000 77.708741 -0.590147 0.807296 -0.000000 -37.492844 -0.000000 0.000000 1.000000 0.000000
0.807644 0.589671 0.000000 77.714911 -0.589671 0.807644 -0.000000 -37.496931 -0.000000 0.000000 1.000000 0.000000
0.807842 0.589399 0.000000 77.723060 -0.589399 0.807842 -0.000000 -37.496954 -0.000000 0.000000 1.000000 0.000000
0.807296 0.590146 0.000000 77.727422 -0.590146 0.807296 -0.000000 -37.496313 -0.000000 0.000000 1.000000 0.000000
0.806999 0.590553 0.000000 77.732639 -0.590553 0.806999 -0.000000 -37.495110 -0.000000 0.000000 1.000000 0.000000
0.806499 0.591235 0.000000 77.735077 -0.591235 0.806499 -0.000000 -37.493023 -0.000000 0.000000 1.000000 0.000000
0.806553 0.591162 0.000000 77.736614 -0.591162 0.806553 -0.000000 -37.491859 -0.000000 0.000000 1.000000 0.000000
0.806540 0.591180 0.000000 77.737614 -0.591180 0.806540 -0.000000 -37.491057 -0.000000 0.000000 1.000000 0.000000
0.806835 0.590777 0.000000 77.735863 -0.590777 0.806835 -0.000000 -37.494314 -0.000000 0.000000 1.000000 0.000000
0.807393 0.590015 0.000000 77.732974 -0.590015 0.807393 -0.000000 -37.494919 -0.000000 0.000000 1.000000 0.000000
0.807729 0.589554 0.000000 77.730369 -0.589554 0.807729 -0.000000 -37.494712 -0.000000 0.000000 1.000000 0.000000
0.807732 0.589550 0.000000 77.729378 -0.589550 0.807732 -0.000000 -37.494179 -0.000000 0.000000 1.000000 0.000000
0.807680 0.589621 0.000000 77.728970 -0.589621 0.807680 -0.000000 -37.493345 -0.000000 0.000000 1.000000 0.000000
0.807995 0.589189 0.000000 77.728394 -0.589189 0.807995 -0.000000 -37.492827 -0.000000 0.000000 1.000000 0.000000
0.808115 0.589024 0.000000 77.727215 -0.589024 0.808115 -0.000000 -37.493418 -0.000000 0.000000 1.000000 0.000000
0.809055 0.587734 0.000000 77.724844 -0.587734 0.809055 -0.000000 -37.498244 -0.000000 0.000000 1.000000 0.000000
0.809018 0.587784 0.000000 77.725342 -0.587784 0.809018 -0.000000 -37.498077 -0.000000 0.000000 1.000000 0.000000
0.809166 0.587580 0.000000 77.723711 -0.587580 0.809166 -0.000000 -37.497908 -0.000000 0.000000 1.000000 0.000000
0.809705 0.586838 0.000000 77.722237 -0.586838 0.809705 -0.000000 -37.499262 -0.000000 0.000000 1.000000 0.000000
0.809672 0.586883 0.000000 77.722558 -0.586883 0.809672 -0.000000 -37.498105 -0.000000 0.000000 1.000000 0.000000
