0.999997 0.002238 0.000000 0.580199 -0.002238 0.999997 -0.000000 -0.007174 -0.000000 0.000000 1.000000 0.000000
0.999998 0.001874 0.000000 1.128241 -0.001874 0.999998 -0.000000 -0.015191 -0.000000 0.000000 1.000000 0.000000
0.999997 0.002357 0.000000 1.707278 -0.002357 0.999997 -0.000000 -0.025526 -0.000000 0.000000 1.000000 0.000000
0.999999 0.001729 0.000000 2.292402 -0.001729 0.999999 -0.000000 -0.035805 -0.000000 0.000000 1.000000 0.000000
0.999985 0.005473 0.000000 2.838221 -0.005473 0.999985 -0.000000 -0.048812 -0.000000 0.000000 1.000000 0.000000
0.999951 0.009935 0.000000 3.424491 -0.009935 0.999951 -0.000000 -0.051969 -0.000000 0.000000 1.000000 0.000000
0.999879 0.015560 0.000000 4.561277 -0.015560 0.999879 -0.000000 -0.081584 -0.000000 0.000000 1.000000 0.000000
0.999889 0.014923 0.000000 5.149926 -0.014923 0.999889 -0.000000 -0.092855 -0.000000 0.000000 1.000000 0.000000
0.999864 0.016515 0.000000 5.954395 -0.016515 0.999864 -0.000000 -0.119313 -0.000000 0.000000 1.000000 0.000000
0.999861 0.016673 0.000000 6.529010 -0.016673 0.999861 -0.000000 -0.120422 -0.000000 0.000000 1.000000 0.000000
0.999846 0.017568 0.000000 7.116431 -0.017568 0.999846 -0.000000 -0.144181 -0.000000 0.000000 1.000000 0.000000
0.999829 0.018483 0.000000 7.702782 -0.018483 0.999829 -0.000000 -0.154944 -0.000000 0.000000 1.000000 0.000000
0.999808 0.019604 0.000000 8.249869 -0.019604 0.999808 -0.000000 -0.166200 -0.000000 0.000000 1.000000 0.000000
0.999748 0.022468 0.000000 8.835146 -0.022468 0.999748 -0.000000 -0.182208 -0.000000 0.000000 1.000000 0.000000
0.999714 0.023928 0.000000 9.379922 -0.023928 0.999714 -0.000000 -0.197543 -0.000000 0.000000 1.000000 0.000000
0.999704 0.024312 0.000000 9.959644 -0.024312 0.999704 -0.000000 -0.198800 -0.000000 0.000000 1.000000 0.000000
0.999660 0.026067 0.000000 10.522575 -0.026067 0.999660 -0.000000 -0.200080 -0.000000 0.000000 1.000000 0.000000
0.999670 0.025699 0.000000 11.090667 -0.025699 0.999670 -0.000000 -0.221490 -0.000000 0.000000 1.000000 0.000000
0.999621 0.027529 0.000000 11.671899 -0.027529 0.999621 -0.000000 -0.235221 -0.000000 0.000000 1.000000 0.000000
0.999562 0.029584 0.000000 12.428009 -0.029584 0.999562 -0.000000 -0.256333 -0.000000 0.000000 1.000000 0.000000
0.999521 0.030937 0.000000 13.046421 -0.030937 0.999521 -0.000000 -0.279305 -0.000000 0.000000 1.000000 0.000000
0.999500 0.031611 0.000000 13.590810 -0.031611 0.999500 -0.000000 -0.293495 -0.000000 0.000000 1.000000 0.000000
0.999428 0.033826 0.000000 14.205537 -0.033826 0.999428 -0.000000 -0.297716 -0.000000 0.000000 1.000000 0.000000
0.999323 0.036802 0.000000 14.785887 -0.036802 0.999323 -0.000000 -0.306433 -0.000000 0.000000 1.000000 0.000000
0.999300 0.037411 0.000000 15.363772 -0.037411 0.999300 -0.000000 -0.331183 -0.000000 0.000000 1.000000 0.000000
0.999181 0.040463 0.000000 15.945535 -0.040463 0.999181 -0.000000 -0.354656 -0.000000 0.000000 1.000000 0.000000
0.999147 0.041285 0.000000 16.525487 -0.041285 0.999147 -0.000000 -0.394228 -0.000000 0.000000 1.000000 0.000000
0.999111 0.042167 0.000000 17.100727 -0.042167 0.999111 -0.000000 -0.420728 -0.000000 0.000000 1.000000 0.000000
0.999078 0.042941 0.000000 17.678708 -0.042941 0.999078 -0.000000 -0.453208 -0.000000 0.000000 1.000000 0.000000
0.998973 0.045317 0.000000 18.248280 -0.045317 0.998973 -0.000000 -0.477248 -0.000000 0.000000 1.000000 0.000000
0.998857 0.047792 0.000000 18.822184 -0.047792 0.998857 -0.000000 -0.516841 -0.000000 0.000000 1.000000 0.000000
0.998839 0.048168 0.000000 19.370595 -0.048168 0.998839 -0.000000 -0.555744 -0.000000 0.000000 1.000000 0.000000
0.998715 0.050670 0.000000 19.941018 -0.050670 0.998715 -0.000000 -0.590343 -0.000000 0.000000 1.000000 0.000000
0.998624 0.052439 0.000000 21.040633 -0.052439 0.998624 -0.000000 -0.642979 -0.000000 0.000000 1.000000 0.000000
0.998674 0.051474 0.000000 21.970405 -0.051474 0.998674 -0.000000 -0.698303 -0.000000 0.000000 1.000000 0.000000
0.998731 0.050367 0.000000 22.535555 -0.050367 0.998731 -0.000000 -0.739880 -0.000000 0.000000 1.000000 0.000000
0.998633 0.052261 0.000000 23.102138 -0.052261 0.998633 -0.000000 -0.778164 -0.000000 0.000000 1.000000 0.000000
0.998504 0.054687 0.000000 23.665829 -0.054687 0.998504 -0.000000 -0.817261 -0.000000 0.000000 1.000000 0.000000
0.998475 0.055214 0.000000 24.226290 -0.055214 0.998475 -0.000000 -0.856969 -0.000000 0.000000 1.000000 0.000000
0.998437 0.055885 0.000000 24.823875 -0.055885 0.998437 -0.000000 -0.903992 -0.000000 0.000000 1.000000 0.000000
0.997878 0.065113 0.000000 25.385774 -0.065113 0.997878 -0.000000 -0.948471 -0.000000 0.000000 1.000000 0.000000
0.996951 0.078035 0.000000 26.500675 -0.078035 0.996951 -0.000000 -1.033315 -0.000000 0.000000 1.000000 0.000000
0.997032 0.076988 0.000000 27.060128 -0.076988 0.997032 -0.000000 -1.096394 -0.000000 0.000000 1.000000 0.000000
0.996897 0.078712 0.000000 27.617486 -0.078712 0.996897 -0.000000 -1.153454 -0.000000 0.000000 1.000000 0.000000
0.996952 0.078012 0.000000 28.144250 -0.078012 0.996952 -0.000000 -1.214555 -0.000000 0.000000 1.000000 0.000000
0.997037 0.076928 0.000000 28.707623 -0.076928 0.997037 -0.000000 -1.263379 -0.000000 0.000000 1.000000 0.000000
0.996519 0.083368 0.000000 29.608953 -0.083368 0.996519 -0.000000 -1.347211 -0.000000 0.000000 1.000000 0.000000
0.996483 0.083794 0.000000 30.210897 -0.083794 0.996483 -0.000000 -1.407757 -0.000000 0.000000 1.000000 0.000000
0.996277 0.086212 0.000000 30.768895 -0.086212 0.996277 -0.000000 -1.450570 -0.000000 0.000000 1.000000 0.000000
0.996217 0.086896 0.000000 31.338522 -0.086896 0.996217 -0.000000 -1.504649 -0.000000 0.000000 1.000000 0.000000
0.996109 0.088131 0.000000 31.907330 -0.088131 0.996109 -0.000000 -1.567699 -0.000000 0.000000 1.000000 0.000000
0.995992 0.089440 0.000000 32.467708 -0.089440 0.995992 -0.000000 -1.635029 -0.000000 0.000000 1.000000 0.000000
0.995783 0.091740 0.000000 33.030950 -0.091740 0.995783 -0.000000 -1.687794 -0.000000 0.000000 1.000000 0.000000
0.995824 0.091292 0.000000 33.604045 -0.091292 0.995824 -0.000000 -1.742758 -0.000000 0.000000 1.000000 0.000000
0.995724 0.092381 0.000000 34.160753 -0.092381 0.995724 -0.000000 -1.795730 -0.000000 0.000000 1.000000 0.000000
0.995603 0.093672 0.000000 34.676556 -0.093672 0.995603 -0.000000 -1.854643 -0.000000 0.000000 1.000000 0.000000
0.995337 0.096459 0.000000 35.608331 -0.096459 0.995337 -0.000000 -1.957411 -0.000000 0.000000 1.000000 0.000000
0.994908 0.100791 0.000000 36.166600 -0.100791 0.994908 -0.000000 -2.025532 -0.000000 0.000000 1.000000 0.000000
0.994744 0.102397 0.000000 36.721572 -0.102397 0.994744 -0.000000 -2.088237 -0.000000 0.000000 1.000000 0.000000
0.994638 0.103421 0.000000 37.284732 -0.103421 0.994638 -0.000000 -2.151357 -0.000000 0.000000 1.000000 0.000000
0.994390 0.105774 0.000000 37.841512 -0.105774 0.994390 -0.000000 -2.205763 -0.000000 0.000000 1.000000 0.000000
0.994299 0.106627 0.000000 38.402480 -0.106627 0.994299 -0.000000 -2.271767 -0.000000 0.000000 1.000000 0.000000
0.994147 0.108035 0.000000 38.996915 -0.108035 0.994147 -0.000000 -2.339463 -0.000000 0.000000 1.000000 0.000000
0.994102 0.108445 0.000000 39.525975 -0.108445 0.994102 -0.000000 -2.397467 -0.000000 0.000000 1.000000 0.000000
0.994116 0.108325 0.000000 40.074539 -0.108325 0.994116 -0.000000 -2.456428 -0.000000 0.000000 1.000000 0.000000
0.994191 0.107628 0.000000 40.627021 -0.107628 0.994191 -0.000000 -2.525105 -0.000000 0.000000 1.000000 0.000000
0.993793 0.111243 0.000000 41.182022 -0.111243 0.993793 -0.000000 -2.583289 -0.000000 0.000000 1.000000 0.000000
0.993630 0.112690 0.000000 41.700768 -0.112690 0.993630 -0.000000 -2.640960 -0.000000 0.000000 1.000000 0.000000
0.993469 0.114106 0.000000 42.252727 -0.114106 0.993469 -0.000000 -2.711410 -0.000000 0.000000 1.000000 0.000000
0.993415 0.114567 0.000000 42.772979 -0.114567 0.993415 -0.000000 -2.774401 -0.000000 0.000000 1.000000 0.000000
0.993497 0.113861 0.000000 43.725550 -0.113861 0.993497 -0.000000 -2.896814 -0.000000 0.000000 1.000000 0.000000
0.993427 0.114463 0.000000 44.275421 -0.114463 0.993427 -0.000000 -2.964025 -0.000000 0.000000 1.000000 0.000000
0.993116 0.117134 0.000000 44.831946 -0.117134 0.993116 -0.000000 -3.030810 -0.000000 0.000000 1.000000 0.000000
0.992642 0.121084 0.000000 45.922847 -0.121084 0.992642 -0.000000 -3.154339 -0.000000 0.000000 1.000000 0.000000
0.992216 0.124528 0.000000 46.501312 -0.124528 0.992216 -0.000000 -3.232997 -0.000000 0.000000 1.000000 0.000000
0.992034 0.125972 0.000000 46.993412 -0.125972 0.992034 -0.000000 -3.291140 -0.000000 0.000000 1.000000 0.000000
0.991871 0.127248 0.000000 48.014139 -0.127248 0.991871 -0.000000 -3.421779 -0.000000 0.000000 1.000000 0.000000
0.991782 0.127940 0.000000 48.532831 -0.127940 0.991782 -0.000000 -3.488620 -0.000000 0.000000 1.000000 0.000000
0.991888 0.127118 0.000000 49.044627 -0.127118 0.991888 -0.000000 -3.561048 -0.000000 0.000000 1.000000 0.000000
0.991882 0.127165 0.000000 49.529338 -0.127165 0.991882 -0.000000 -3.627776 -0.000000 0.000000 1.000000 0.000000
0.991526 0.129910 0.000000 50.421132 -0.129910 0.991526 -0.000000 -3.752437 -0.000000 0.000000 1.000000 0.000000
0.991668 0.128816 0.000000 50.923660 -0.128816 0.991668 -0.000000 -3.836507 -0.000000 0.000000 1.000000 0.000000
0.991109 0.133050 0.000000 51.428991 -0.133050 0.991109 -0.000000 -3.894588 -0.000000 0.000000 1.000000 0.000000
0.990369 0.138450 0.000000 51.923599 -0.138450 0.990369 -0.000000 -3.966261 -0.000000 0.000000 1.000000 0.000000
0.990265 0.139194 0.000000 52.414480 -0.139194 0.990265 -0.000000 -4.030329 -0.000000 0.000000 1.000000 0.000000
0.990148 0.140026 0.000000 52.886148 -0.140026 0.990148 -0.000000 -4.093302 -0.000000 0.000000 1.000000 0.000000
0.989812 0.142380 0.000000 53.360082 -0.142380 0.989812 -0.000000 -4.160801 -0.000000 0.000000 1.000000 0.000000
0.989215 0.146473 0.000000 54.067215 -0.146473 0.989215 -0.000000 -4.264679 -0.000000 0.000000 1.000000 0.000000
0.989251 0.146226 0.000000 54.494860 -0.146226 0.989251 -0.000000 -4.331423 -0.000000 0.000000 1.000000 0.000000
0.989038 0.147659 0.000000 54.953148 -0.147659 0.989038 -0.000000 -4.404924 -0.000000 0.000000 1.000000 0.000000
0.989130 0.147042 0.000000 55.398880 -0.147042 0.989130 -0.000000 -4.472089 -0.000000 0.000000 1.000000 0.000000
0.989014 0.147820 0.000000 55.820317 -0.147820 0.989014 -0.000000 -4.532613 -0.000000 0.000000 1.000000 0.000000
0.989392 0.145270 0.000000 56.242279 -0.145270 0.989392 -0.000000 -4.597187 -0.000000 0.000000 1.000000 0.000000
0.989408 0.145161 0.000000 56.976037 -0.145161 0.989408 -0.000000 -4.716506 -0.000000 0.000000 1.000000 0.000000
0.989078 0.147392 0.000000 57.358233 -0.147392 0.989078 -0.000000 -4.768998 -0.000000 0.000000 1.000000 0.000000
0.988894 0.148622 0.000000 57.795680 -0.148622 0.988894 -0.000000 -4.821925 -0.000000 0.000000 1.000000 0.000000
0.988767 0.149462 0.000000 58.188474 -0.149462 0.988767 -0.000000 -4.884814 -0.000000 0.000000 1.000000 0.000000
0.988696 0.149932 0.000000 58.585219 -0.149932 0.988696 -0.000000 -4.950998 -0.000000 0.000000 1.000000 0.000000
0.988660 0.150173 0.000000 58.970554 -0.150173 0.988660 -0.000000 -5.007268 -0.000000 0.000000 1.000000 0.000000
0.988451 0.151538 0.000000 59.348061 -0.151538 0.988451 -0.000000 -5.077798 -0.000000 0.000000 1.000000 0.000000
0.988379 0.152012 0.000000 59.715542 -0.152012 0.988379 -0.000000 -5.138221 -0.000000 0.000000 1.000000 0.000000
0.988158 0.153440 0.000000 60.077291 -0.153440 0.988158 -0.000000 -5.186564 -0.000000 0.000000 1.000000 0.000000
0.987947 0.154795 0.000000 60.439228 -0.154795 0.987947 -0.000000 -5.242025 -0.000000 0.000000 1.000000 0.000000
0.987460 0.157868 0.000000 61.116761 -0.157868 0.987460 -0.000000 -5.355156 -0.000000 0.000000 1.000000 0.000000
0.987595 0.157025 0.000000 61.456392 -0.157025 0.987595 -0.000000 -5.415972 -0.000000 0.000000 1.000000 0.000000
0.987651 0.156671 0.000000 61.773990 -0.156671 0.987651 -0.000000 -5.470801 -0.000000 0.000000 1.000000 0.000000
0.987579 0.157122 0.000000 62.110005 -0.157122 0.987579 -0.000000 -5.529631 -0.000000 0.000000 1.000000 0.000000
0.987396 0.158267 0.000000 62.434036 -0.158267 0.987396 -0.000000 -5.580827 -0.000000 0.000000 1.000000 0.000000
0.987223 0.159346 0.000000 62.733686 -0.159346 0.987223 -0.000000 -5.627336 -0.000000 0.000000 1.000000 0.000000
0.986255 0.165230 0.000000 63.058002 -0.165230 0.986255 -0.000000 -5.668958 -0.000000 0.000000 1.000000 0.000000
0.986188 0.165629 0.000000 63.380226 -0.165629 0.986188 -0.000000 -5.733524 -0.000000 0.000000 1.000000 0.000000
0.986608 0.163112 0.000000 63.893780 -0.163112 0.986608 -0.000000 -5.833396 -0.000000 0.000000 1.000000 0.000000
0.986619 0.163040 0.000000 64.195224 -0.163040 0.986619 -0.000000 -5.887405 -0.000000 0.000000 1.000000 0.000000
0.986343 0.164706 0.000000 64.495537 -0.164706 0.986343 -0.000000 -5.940459 -0.000000 0.000000 1.000000 0.000000
0.986026 0.166593 0.000000 64.809128 -0.166593 0.986026 -0.000000 -5.994132 -0.000000 0.000000 1.000000 0.000000
0.985898 0.167345 0.000000 65.101341 -0.167345 0.985898 -0.000000 -6.046422 -0.000000 0.000000 1.000000 0.000000
0.985556 0.169350 0.000000 65.374703 -0.169350 0.985556 -0.000000 -6.096922 -0.000000 0.000000 1.000000 0.000000
0.985621 0.168970 0.000000 65.674294 -0.168970 0.985621 -0.000000 -6.154993 -0.000000 0.000000 1.000000 0.000000
0.985646 0.168823 0.000000 65.953265 -0.168823 0.985646 -0.000000 -6.205612 -0.000000 0.000000 1.000000 0.000000
0.985459 0.169912 0.000000 66.226377 -0.169912 0.985459 -0.000000 -6.251354 -0.000000 0.000000 1.000000 0.000000
0.984852 0.173399 0.000000 66.682871 -0.173399 0.984852 -0.000000 -6.334557 -0.000000 0.000000 1.000000 0.000000
0.984582 0.174924 0.000000 66.923150 -0.174924 0.984582 -0.000000 -6.373333 -0.000000 0.000000 1.000000 0.000000
0.984526 0.175240 0.000000 67.200794 -0.175240 0.984526 -0.000000 -6.422832 -0.000000 0.000000 1.000000 0.000000
0.984392 0.175991 0.000000 67.462565 -0.175991 0.984392 -0.000000 -6.473482 -0.000000 0.000000 1.000000 0.000000
0.984232 0.176885 0.000000 67.724870 -0.176885 0.984232 -0.000000 -6.525425 -0.000000 0.000000 1.000000 0.000000
0.984109 0.177563 0.000000 67.985490 -0.177563 0.984109 -0.000000 -6.580836 -0.000000 0.000000 1.000000 0.000000
0.983843 0.179032 0.000000 68.243008 -0.179032 0.983843 -0.000000 -6.630917 -0.000000 0.000000 1.000000 0.000000
0.983727 0.179671 0.000000 68.500928 -0.179671 0.983727 -0.000000 -6.684051 -0.000000 0.000000 1.000000 0.000000
0.983560 0.180579 0.000000 68.741447 -0.180579 0.983560 -0.000000 -6.733600 -0.000000 0.000000 1.000000 0.000000
0.983556 0.180601 0.000000 69.006300 -0.180601 0.983556 -0.000000 -6.786392 -0.000000 0.000000 1.000000 0.000000
0.983372 0.181601 0.000000 69.254946 -0.181601 0.983372 -0.000000 -6.835546 -0.000000 0.000000 1.000000 0.000000
0.983187 0.182603 0.000000 69.508795 -0.182603 0.983187 -0.000000 -6.879862 -0.000000 0.000000 1.000000 0.000000
0.982829 0.184519 0.000000 69.941281 -0.184519 0.982829 -0.000000 -6.963766 -0.000000 0.000000 1.000000 0.000000
0.982533 0.186089 0.000000 70.210402 -0.186089 0.982533 -0.000000 -7.009970 -0.000000 0.000000 1.000000 0.000000
0.982403 0.186775 0.000000 70.480769 -0.186775 0.982403 -0.000000 -7.064083 -0.000000 0.000000 1.000000 0.000000
0.982190 0.187889 0.000000 70.749228 -0.187889 0.982190 -0.000000 -7.117334 -0.000000 0.000000 1.000000 0.000000
0.982150 0.188098 0.000000 71.025214 -0.188098 0.982150 -0.000000 -7.176415 -0.000000 0.000000 1.000000 0.000000
0.981834 0.189742 0.000000 71.309868 -0.189742 0.981834 -0.000000 -7.236604 -0.000000 0.000000 1.000000 0.000000
0.981703 0.190419 0.000000 71.562968 -0.190419 0.981703 -0.000000 -7.296592 -0.000000 0.000000 1.000000 0.000000
0.981712 0.190372 0.000000 71.848174 -0.190372 0.981712 -0.000000 -7.361988 -0.000000 0.000000 1.000000 0.000000
0.981174 0.193127 0.000000 72.119078 -0.193127 0.981174 -0.000000 -7.415988 -0.000000 0.000000 1.000000 0.000000
0.980652 0.195758 0.000000 72.377280 -0.195758 0.980652 -0.000000 -7.474489 -0.000000 0.000000 1.000000 0.000000
0.980573 0.196156 0.000000 72.657327 -0.196156 0.980573 -0.000000 -7.534516 -0.000000 0.000000 1.000000 0.000000
0.980674 0.195651 0.000000 72.915729 -0.195651 0.980674 -0.000000 -7.598816 -0.000000 0.000000 1.000000 0.000000
0.980110 0.198455 0.000000 73.690469 -0.198455 0.980110 -0.000000 -7.764282 -0.000000 0.000000 1.000000 0.000000
0.979398 0.201939 0.000000 73.982871 -0.201939 0.979398 -0.000000 -7.816651 -0.000000 0.000000 1.000000 0.000000
0.978848 0.204588 0.000000 74.273729 -0.204588 0.978848 -0.000000 -7.870153 -0.000000 0.000000 1.000000 0.000000
0.978430 0.206580 0.000000 74.559171 -0.206580 0.978430 -0.000000 -7.929930 -0.000000 0.000000 1.000000 0.000000
0.978864 0.204514 0.000000 74.849229 -0.204514 0.978864 -0.000000 -7.992744 -0.000000 0.000000 1.000000 0.000000
0.978358 0.206921 0.000000 75.427631 -0.206921 0.978358 -0.000000 -8.122613 -0.000000 0.000000 1.000000 0.000000
0.978388 0.206776 0.000000 75.723738 -0.206776 0.978388 -0.000000 -8.190227 -0.000000 0.000000 1.000000 0.000000
0.978059 0.208327 0.000000 76.006366 -0.208327 0.978059 -0.000000 -8.249686 -0.000000 0.000000 1.000000 0.000000
0.977745 0.209797 0.000000 76.469542 -0.209797 0.977745 -0.000000 -8.355332 -0.000000 0.000000 1.000000 0.000000
0.977068 0.212928 0.000000 76.789896 -0.212928 0.977068 -0.000000 -8.425987 -0.000000 0.000000 1.000000 0.000000
0.975920 0.218130 0.000000 77.324121 -0.218130 0.975920 -0.000000 -8.548821 -0.000000 0.000000 1.000000 0.000000
0.975718 0.219030 0.000000 77.656336 -0.219030 0.975718 -0.000000 -8.625381 -0.000000 0.000000 1.000000 0.000000
0.975809 0.218626 0.000000 77.993104 -0.218626 0.975809 -0.000000 -8.702300 -0.000000 0.000000 1.000000 0.000000
0.974203 0.225673 0.000000 78.314002 -0.225673 0.974203 -0.000000 -8.762643 -0.000000 0.000000 1.000000 0.000000
0.974174 0.225800 0.000000 78.665107 -0.225800 0.974174 -0.000000 -8.845236 -0.000000 0.000000 1.000000 0.000000
0.973536 0.228533 0.000000 79.225305 -0.228533 0.973536 -0.000000 -8.978239 -0.000000 0.000000 1.000000 0.000000
0.974179 0.225777 0.000000 79.567618 -0.225777 0.974179 -0.000000 -9.063750 -0.000000 0.000000 1.000000 0.000000
0.973827 0.227289 0.000000 79.945876 -0.227289 0.973827 -0.000000 -9.153091 -0.000000 0.000000 1.000000 0.000000
0.973709 0.227797 0.000000 80.297435 -0.227797 0.973709 -0.000000 -9.230920 -0.000000 0.000000 1.000000 0.000000
0.973543 0.228504 0.000000 80.939282 -0.228504 0.973543 -0.000000 -9.391938 -0.000000 0.000000 1.000000 0.000000
0.973589 0.228307 0.000000 81.595790 -0.228307 0.973589 -0.000000 -9.544904 -0.000000 0.000000 1.000000 0.000000
0.973862 0.227140 0.000000 81.977378 -0.227140 0.973862 -0.000000 -9.648161 -0.000000 0.000000 1.000000 0.000000
0.974042 0.226367 0.000000 82.389540 -0.226367 0.974042 -0.000000 -9.736920 -0.000000 0.000000 1.000000 0.000000
0.973541 0.228512 0.000000 82.782252 -0.228512 0.973541 -0.000000 -9.830023 -0.000000 0.000000 1.000000 0.000000
0.973967 0.226690 0.000000 83.206652 -0.226690 0.973967 -0.000000 -9.940671 -0.000000 0.000000 1.000000 0.000000
0.973421 0.229022 0.000000 83.604336 -0.229022 0.973421 -0.000000 -10.038885 -0.000000 0.000000 1.000000 0.000000
0.973640 0.228090 0.000000 84.048532 -0.228090 0.973640 -0.000000 -10.144552 -0.000000 0.000000 1.000000 0.000000
0.974508 0.224351 0.000000 84.725705 -0.224351 0.974508 -0.000000 -10.305337 -0.000000 0.000000 1.000000 0.000000
0.974460 0.224563 0.000000 85.522571 -0.224563 0.974460 -0.000000 -10.495213 -0.000000 0.000000 1.000000 0.000000
0.974639 0.223781 0.000000 85.988816 -0.223781 0.974639 -0.000000 -10.610216 -0.000000 0.000000 1.000000 0.000000
0.973896 0.226996 0.000000 86.455040 -0.226996 0.973896 -0.000000 -10.730839 -0.000000 0.000000 1.000000 0.000000
0.973764 0.227560 0.000000 86.912674 -0.227560 0.973764 -0.000000 -10.843486 -0.000000 0.000000 1.000000 0.000000
0.973574 0.228371 0.000000 87.414850 -0.228371 0.973574 -0.000000 -10.964535 -0.000000 0.000000 1.000000 0.000000
0.973484 0.228755 0.000000 87.860714 -0.228755 0.973484 -0.000000 -11.072001 -0.000000 0.000000 1.000000 0.000000
0.972077 0.234662 0.000000 88.357080 -0.234662 0.972077 -0.000000 -11.186083 -0.000000 0.000000 1.000000 0.000000
0.971617 0.236560 0.000000 88.864078 -0.236560 0.971617 -0.000000 -11.309442 -0.000000 0.000000 1.000000 0.000000
0.970790 0.239931 0.000000 89.381290 -0.239931 0.970790 -0.000000 -11.431937 -0.000000 0.000000 1.000000 0.000000
0.970394 0.241526 0.000000 89.862627 -0.241526 0.970394 -0.000000 -11.553107 -0.000000 0.000000 1.000000 0.000000
0.970075 0.242807 0.000000 90.382617 -0.242807 0.970075 -0.000000 -11.691723 -0.000000 0.000000 1.000000 0.000000
0.968922 0.247367 0.000000 91.318688 -0.247367 0.968922 -0.000000 -11.938796 -0.000000 0.000000 1.000000 0.000000
0.969006 0.247039 0.000000 91.849969 -0.247039 0.969006 -0.000000 -12.088554 -0.000000 0.000000 1.000000 0.000000
0.968912 0.247405 0.000000 92.390386 -0.247405 0.968912 -0.000000 -12.227980 -0.000000 0.000000 1.000000 0.000000
0.967702 0.252096 0.000000 92.933435 -0.252096 0.967702 -0.000000 -12.364494 -0.000000 0.000000 1.000000 0.000000
0.966367 0.257166 0.000000 93.480568 -0.257166 0.966367 -0.000000 -12.512585 -0.000000 0.000000 1.000000 0.000000
0.966196 0.257807 0.000000 94.315436 -0.257807 0.966196 -0.000000 -12.750440 -0.000000 0.000000 1.000000 0.000000
0.965709 0.259627 0.000000 94.839181 -0.259627 0.965709 -0.000000 -12.892724 -0.000000 0.000000 1.000000 0.000000
0.963086 0.269194 0.000000 95.929538 -0.269194 0.963086 -0.000000 -13.203745 -0.000000 0.000000 1.000000 0.000000
0.962124 0.272611 0.000000 96.647963 -0.272611 0.962124 -0.000000 -13.414413 -0.000000 0.000000 1.000000 0.000000
0.961260 0.275642 0.000000 97.222331 -0.275642 0.961260 -0.000000 -13.570106 -0.000000 0.000000 1.000000 0.000000
0.960047 0.279840 0.000000 97.796860 -0.279840 0.960047 -0.000000 -13.744751 -0.000000 0.000000 1.000000 0.000000
0.958536 0.284970 0.000000 98.372878 -0.284970 0.958536 -0.000000 -13.922212 -0.000000 0.000000 1.000000 0.000000
0.958239 0.285969 0.000000 98.951554 -0.285969 0.958239 -0.000000 -14.095788 -0.000000 0.000000 1.000000 0.000000
0.958004 0.286755 0.000000 99.562162 -0.286755 0.958004 -0.000000 -14.282099 -0.000000 0.000000 1.000000 0.000000
0.957380 0.288830 0.000000 100.121668 -0.288830 0.957380 -0.000000 -14.450772 -0.000000 0.000000 1.000000 0.000000
0.956441 0.291925 0.000000 100.695854 -0.291925 0.956441 -0.000000 -14.633324 -0.000000 0.000000 1.000000 0.000000
0.955901 0.293691 0.000000 101.286174 -0.293691 0.955901 -0.000000 -14.816565 -0.000000 0.000000 1.000000 0.000000
0.956775 0.290828 0.000000 101.843215 -0.290828 0.956775 -0.000000 -14.995525 -0.000000 0.000000 1.000000 0.000000
0.957404 0.288752 0.000000 102.440000 -0.288752 0.957404 -0.000000 -15.184676 -0.000000 0.000000 1.000000 0.000000
0.957219 0.289364 0.000000 103.035183 -0.289364 0.957219 -0.000000 -15.376097 -0.000000 0.000000 1.000000 0.000000
0.956634 0.291293 0.000000 103.589441 -0.291293 0.956634 -0.000000 -15.553119 -0.000000 0.000000 1.000000 0.000000
0.956345 0.292240 0.000000 104.655002 -0.292240 0.956345 -0.000000 -15.878946 -0.000000 0.000000 1.000000 0.000000
0.955892 0.293717 0.000000 105.299400 -0.293717 0.955892 -0.000000 -16.084630 -0.000000 0.000000 1.000000 0.000000
0.955722 0.294270 0.000000 105.898812 -0.294270 0.955722 -0.000000 -16.284286 -0.000000 0.000000 1.000000 0.000000
0.954989 0.296641 0.000000 106.508347 -0.296641 0.954989 -0.000000 -16.481301 -0.000000 0.000000 1.000000 0.000000
0.953991 0.299834 0.000000 107.095721 -0.299834 0.953991 -0.000000 -16.669109 -0.000000 0.000000 1.000000 0.000000
0.954571 0.297983 0.000000 107.699884 -0.297983 0.954571 -0.000000 -16.879081 -0.000000 0.000000 1.000000 0.000000
0.954456 0.298351 0.000000 108.271658 -0.298351 0.954456 -0.000000 -17.059030 -0.000000 0.000000 1.000000 0.000000
0.954441 0.298400 0.000000 108.884263 -0.298400 0.954441 -0.000000 -17.250417 -0.000000 0.000000 1.000000 0.000000
0.954266 0.298959 0.000000 109.461928 -0.298959 0.954266 -0.000000 -17.431906 -0.000000 0.000000 1.000000 0.000000
0.953469 0.301491 0.000000 110.087026 -0.301491 0.953469 -0.000000 -17.647504 -0.000000 0.000000 1.000000 0.000000
0.952839 0.303477 0.000000 110.706437 -0.303477 0.952839 -0.000000 -17.853670 -0.000000 0.000000 1.000000 0.000000
0.952491 0.304566 0.000000 111.335880 -0.304566 0.952491 -0.000000 -18.057688 -0.000000 0.000000 1.000000 0.000000
0.952794 0.303618 0.000000 112.113288 -0.303618 0.952794 -0.000000 -18.316022 -0.000000 0.000000 1.000000 0.000000
0.952698 0.303918 0.000000 112.705954 -0.303918 0.952698 -0.000000 -18.497209 -0.000000 0.000000 1.000000 0.000000
0.950852 0.309646 0.000000 113.339414 -0.309646 0.950852 -0.000000 -18.710499 -0.000000 0.000000 1.000000 0.000000
0.951431 0.307862 0.000000 114.342740 -0.307862 0.951431 -0.000000 -19.039546 -0.000000 0.000000 1.000000 0.000000
0.951245 0.308437 0.000000 114.976723 -0.308437 0.951245 -0.000000 -19.249771 -0.000000 0.000000 1.000000 0.000000
0.951047 0.309047 0.000000 115.617966 -0.309047 0.951047 -0.000000 -19.463694 -0.000000 0.000000 1.000000 0.000000
0.950140 0.311824 0.000000 116.258329 -0.311824 0.950140 -0.000000 -19.687330 -0.000000 0.000000 1.000000 0.000000
0.950028 0.312164 0.000000 116.885559 -0.312164 0.950028 -0.000000 -19.910494 -0.000000 0.000000 1.000000 0.000000
0.949804 0.312845 0.000000 117.526337 -0.312845 0.949804 -0.000000 -20.132139 -0.000000 0.000000 1.000000 0.000000
0.950108 0.311920 0.000000 118.122255 -0.311920 0.950108 -0.000000 -20.343471 -0.000000 0.000000 1.000000 0.000000
0.950028 0.312164 0.000000 119.244734 -0.312164 0.950028 -0.000000 -20.728824 -0.000000 0.000000 1.000000 0.000000
0.950027 0.312169 0.000000 119.885228 -0.312169 0.950027 -0.000000 -20.948808 -0.000000 0.000000 1.000000 0.000000
0.950250 0.311488 0.000000 120.525414 -0.311488 0.950250 -0.000000 -21.173338 -0.000000 0.000000 1.000000 0.000000
0.950152 0.311788 0.000000 121.163126 -0.311788 0.950152 -0.000000 -21.394663 -0.000000 0.000000 1.000000 0.000000
0.949573 0.313545 0.000000 122.460910 -0.313545 0.949573 -0.000000 -21.831997 -0.000000 0.000000 1.000000 0.000000
0.949713 0.313122 0.000000 123.050837 -0.313122 0.949713 -0.000000 -22.031036 -0.000000 0.000000 1.000000 0.000000
0.948790 0.315909 0.000000 123.695112 -0.315909 0.948790 -0.000000 -22.259225 -0.000000 0.000000 1.000000 0.000000
0.948799 0.315881 0.000000 124.288153 -0.315881 0.948799 -0.000000 -22.472001 -0.000000 0.000000 1.000000 0.000000
0.948624 0.316405 0.000000 124.882748 -0.316405 0.948624 -0.000000 -22.671231 -0.000000 0.000000 1.000000 0.000000
0.942145 0.335207 0.000000 129.491625 -0.335207 0.942145 -0.000000 -24.367702 -0.000000 0.000000 1.000000 0.000000
0.943693 0.330823 0.000000 130.128613 -0.330823 0.943693 -0.000000 -24.598358 -0.000000 0.000000 1.000000 0.000000
0.943371 0.331740 0.000000 130.722052 -0.331740 0.943371 -0.000000 -24.824270 -0.000000 0.000000 1.000000 0.000000
0.944723 0.327868 0.000000 131.330972 -0.327868 0.944723 -0.000000 -25.059712 -0.000000 0.000000 1.000000 0.000000
0.944270 0.329173 0.000000 131.920008 -0.329173 0.944270 -0.000000 -25.285108 -0.000000 0.000000 1.000000 0.000000
0.945472 0.325703 0.000000 132.523861 -0.325703 0.945472 -0.000000 -25.504575 -0.000000 0.000000 1.000000 0.000000
0.943973 0.330023 0.000000 133.141172 -0.330023 0.943973 -0.000000 -25.737548 -0.000000 0.000000 1.000000 0.000000
0.944422 0.328737 0.000000 133.936329 -0.328737 0.944422 -0.000000 -26.023437 -0.000000 0.000000 1.000000 0.000000
0.943940 0.330117 0.000000 134.542610 -0.330117 0.943940 -0.000000 -26.245336 -0.000000 0.000000 1.000000 0.000000
0.942734 0.333546 0.000000 135.163201 -0.333546 0.942734 -0.000000 -26.456813 -0.000000 0.000000 1.000000 0.000000
0.942751 0.333498 0.000000 136.055011 -0.333498 0.942751 -0.000000 -26.776325 -0.000000 0.000000 1.000000 0.000000
0.942916 0.333032 0.000000 136.666660 -0.333032 0.942916 -0.000000 -27.002472 -0.000000 0.000000 1.000000 0.000000
0.942810 0.333331 0.000000 137.283032 -0.333331 0.942810 -0.000000 -27.226054 -0.000000 0.000000 1.000000 0.000000
0.942953 0.332925 0.000000 137.885067 -0.332925 0.942953 -0.000000 -27.447638 -0.000000 0.000000 1.000000 0.000000
0.942902 0.333071 0.000000 138.488031 -0.333071 0.942902 -0.000000 -27.675304 -0.000000 0.000000 1.000000 0.000000
0.942411 0.334456 0.000000 139.386571 -0.334456 0.942411 -0.000000 -28.004598 -0.000000 0.000000 1.000000 0.000000
0.942123 0.335267 0.000000 139.967874 -0.335267 0.942123 -0.000000 -28.226243 -0.000000 0.000000 1.000000 0.000000
0.941713 0.336417 0.000000 140.566158 -0.336417 0.941713 -0.000000 -28.443702 -0.000000 0.000000 1.000000 0.000000
0.941107 0.338108 0.000000 141.123768 -0.338108 0.941107 -0.000000 -28.656388 -0.000000 0.000000 1.000000 0.000000
0.940309 0.340321 0.000000 141.893587 -0.340321 0.940309 -0.000000 -28.951275 -0.000000 0.000000 1.000000 0.000000
0.939810 0.341696 0.000000 142.481671 -0.341696 0.939810 -0.000000 -29.180343 -0.000000 0.000000 1.000000 0.000000
0.939577 0.342338 0.000000 143.071253 -0.342338 0.939577 -0.000000 -29.402510 -0.000000 0.000000 1.000000 0.000000
0.939982 0.341225 0.000000 143.658946 -0.341225 0.939982 -0.000000 -29.626380 -0.000000 0.000000 1.000000 0.000000
0.940923 0.338621 0.000000 144.248688 -0.338621 0.940923 -0.000000 -29.844671 -0.000000 0.000000 1.000000 0.000000
0.940733 0.339149 0.000000 145.383200 -0.339149 0.940733 -0.000000 -30.278065 -0.000000 0.000000 1.000000 0.000000
0.941455 0.337140 0.000000 145.927789 -0.337140 0.941455 -0.000000 -30.471327 -0.000000 0.000000 1.000000 0.000000
0.939000 0.343916 0.000000 146.495849 -0.343916 0.939000 -0.000000 -30.673074 -0.000000 0.000000 1.000000 0.000000
0.939623 0.342212 0.000000 147.060595 -0.342212 0.939623 -0.000000 -30.893552 -0.000000 0.000000 1.000000 0.000000
0.938557 0.345124 0.000000 147.598922 -0.345124 0.938557 -0.000000 -31.102069 -0.000000 0.000000 1.000000 0.000000
0.938949 0.344057 0.000000 148.166852 -0.344057 0.938949 -0.000000 -31.327366 -0.000000 0.000000 1.000000 0.000000
0.940828 0.338885 0.000000 148.860209 -0.338885 0.940828 -0.000000 -31.599022 -0.000000 0.000000 1.000000 0.000000
0.941514 0.336973 0.000000 149.422086 -0.336973 0.941514 -0.000000 -31.817994 -0.000000 0.000000 1.000000 0.000000
0.941417 0.337244 0.000000 149.946436 -0.337244 0.941417 -0.000000 -32.016900 -0.000000 0.000000 1.000000 0.000000
0.941347 0.337441 0.000000 150.509703 -0.337441 0.941347 -0.000000 -32.230915 -0.000000 0.000000 1.000000 0.000000
0.941050 0.338269 0.000000 151.067058 -0.338269 0.941050 -0.000000 -32.446155 -0.000000 0.000000 1.000000 0.000000
0.940824 0.338896 0.000000 151.591553 -0.338896 0.940824 -0.000000 -32.645997 -0.000000 0.000000 1.000000 0.000000
0.940336 0.340247 0.000000 152.148138 -0.340247 0.940336 -0.000000 -32.861394 -0.000000 0.000000 1.000000 0.000000
0.941343 0.337450 0.000000 152.677622 -0.337450 0.941343 -0.000000 -33.059221 -0.000000 0.000000 1.000000 0.000000
0.940983 0.338455 0.000000 153.232446 -0.338455 0.940983 -0.000000 -33.267693 -0.000000 0.000000 1.000000 0.000000
0.940269 0.340432 0.000000 153.782048 -0.340432 0.940269 -0.000000 -33.478095 -0.000000 0.000000 1.000000 0.000000
0.940226 0.340550 0.000000 154.487848 -0.340550 0.940226 -0.000000 -33.750201 -0.000000 0.000000 1.000000 0.000000
0.939468 0.342637 0.000000 155.012251 -0.342637 0.939468 -0.000000 -33.938729 -0.000000 0.000000 1.000000 0.000000
0.938889 0.344221 0.000000 155.561315 -0.344221 0.938889 -0.000000 -34.145271 -0.000000 0.000000 1.000000 0.000000
0.938318 0.345775 0.000000 156.075144 -0.345775 0.938318 -0.000000 -34.342639 -0.000000 0.000000 1.000000 0.000000
0.938038 0.346532 0.000000 156.622539 -0.346532 0.938038 -0.000000 -34.544396 -0.000000 0.000000 1.000000 0.000000
0.937903 0.346899 0.000000 157.140974 -0.346899 0.937903 -0.000000 -34.733857 -0.000000 0.000000 1.000000 0.000000
0.937751 0.347309 0.000000 157.843947 -0.347309 0.937751 -0.000000 -34.996952 -0.000000 0.000000 1.000000 0.000000
0.937691 0.347470 0.000000 158.355769 -0.347470 0.937691 -0.000000 -35.190790 -0.000000 0.000000 1.000000 0.000000
0.935255 0.353974 0.000000 158.895512 -0.353974 0.935255 -0.000000 -35.407193 -0.000000 0.000000 1.000000 0.000000
0.935200 0.354119 0.000000 159.397468 -0.354119 0.935200 -0.000000 -35.606232 -0.000000 0.000000 1.000000 0.000000
0.934593 0.355720 0.000000 159.935909 -0.355720 0.934593 -0.000000 -35.818712 -0.000000 0.000000 1.000000 0.000000
0.934524 0.355899 0.000000 160.442879 -0.355899 0.934524 -0.000000 -36.014797 -0.000000 0.000000 1.000000 0.000000
0.934260 0.356592 0.000000 161.167528 -0.356592 0.934260 -0.000000 -36.305127 -0.000000 0.000000 1.000000 0.000000
0.934036 0.357178 0.000000 161.711134 -0.357178 0.934036 -0.000000 -36.519317 -0.000000 0.000000 1.000000 0.000000
0.934821 0.355120 0.000000 162.249248 -0.355120 0.934821 -0.000000 -36.738269 -0.000000 0.000000 1.000000 0.000000
0.935520 0.353274 0.000000 162.784227 -0.353274 0.935520 -0.000000 -36.946968 -0.000000 0.000000 1.000000 0.000000
0.936240 0.351362 0.000000 163.312906 -0.351362 0.936240 -0.000000 -37.158995 -0.000000 0.000000 1.000000 0.000000
0.935233 0.354032 0.000000 163.840693 -0.354032 0.935233 -0.000000 -37.370706 -0.000000 0.000000 1.000000 0.000000
0.935986 0.352036 0.000000 164.378099 -0.352036 0.935986 -0.000000 -37.581844 -0.000000 0.000000 1.000000 0.000000
0.937040 0.349222 0.000000 164.888007 -0.349222 0.937040 -0.000000 -37.783256 -0.000000 0.000000 1.000000 0.000000
0.938062 0.346468 0.000000 165.421551 -0.346468 0.938062 -0.000000 -37.992592 -0.000000 0.000000 1.000000 0.000000
0.938083 0.346410 0.000000 165.967938 -0.346410 0.938083 -0.000000 -38.211244 -0.000000 0.000000 1.000000 0.000000
0.938305 0.345809 0.000000 166.472519 -0.345809 0.938305 -0.000000 -38.405200 -0.000000 0.000000 1.000000 0.000000
0.938610 0.344980 0.000000 167.012267 -0.344980 0.938610 -0.000000 -38.622887 -0.000000 0.000000 1.000000 0.000000
0.939673 0.342073 0.000000 167.521337 -0.342073 0.939673 -0.000000 -38.812559 -0.000000 0.000000 1.000000 0.000000
0.940152 0.340757 0.000000 168.060294 -0.340757 0.940152 -0.000000 -39.020526 -0.000000 0.000000 1.000000 0.000000
0.941812 0.336141 0.000000 168.588920 -0.336141 0.941812 -0.000000 -39.232391 -0.000000 0.000000 1.000000 0.000000
0.943267 0.332034 0.000000 169.137365 -0.332034 0.943267 -0.000000 -39.443123 -0.000000 0.000000 1.000000 0.000000
0.944112 0.329624 0.000000 169.640225 -0.329624 0.944112 -0.000000 -39.636176 -0.000000 0.000000 1.000000 0.000000
0.945388 0.325947 0.000000 170.179896 -0.325947 0.945388 -0.000000 -39.834727 -0.000000 0.000000 1.000000 0.000000
0.946463 0.322813 0.000000 170.668252 -0.322813 0.946463 -0.000000 -40.028956 -0.000000 0.000000 1.000000 0.000000
0.948386 0.317119 0.000000 171.214072 -0.317119 0.948386 -0.000000 -40.229929 -0.000000 0.000000 1.000000 0.000000
0.949882 0.312609 0.000000 171.919389 -0.312609 0.949882 -0.000000 -40.482940 -0.000000 0.000000 1.000000 0.000000
0.950301 0.311332 0.000000 172.459448 -0.311332 0.950301 -0.000000 -40.657782 -0.000000 0.000000 1.000000 0.000000
0.951004 0.309179 0.000000 172.954530 -0.309179 0.951004 -0.000000 -40.834956 -0.000000 0.000000 1.000000 0.000000
0.950644 0.310284 0.000000 173.500916 -0.310284 0.950644 -0.000000 -41.024420 -0.000000 0.000000 1.000000 0.000000
0.951155 0.308715 0.000000 174.181905 -0.308715 0.951155 -0.000000 -41.245130 -0.000000 0.000000 1.000000 0.000000
0.952487 0.304580 0.000000 175.250826 -0.304580 0.952487 -0.000000 -41.606218 -0.000000 0.000000 1.000000 0.000000
0.952362 0.304969 0.000000 175.782698 -0.304969 0.952362 -0.000000 -41.794221 -0.000000 0.000000 1.000000 0.000000
0.953086 0.302699 0.000000 176.323980 -0.302699 0.953086 -0.000000 -41.966520 -0.000000 0.000000 1.000000 0.000000
0.952939 0.303162 0.000000 176.858048 -0.303162 0.952939 -0.000000 -42.147343 -0.000000 0.000000 1.000000 0.000000
0.953351 0.301863 0.000000 177.396680 -0.301863 0.953351 -0.000000 -42.324070 -0.000000 0.000000 1.000000 0.000000
0.953628 0.300987 0.000000 177.925405 -0.300987 0.953628 -0.000000 -42.487129 -0.000000 0.000000 1.000000 0.000000
0.953172 0.302428 0.000000 178.478052 -0.302428 0.953172 -0.000000 -42.665053 -0.000000 0.000000 1.000000 0.000000
0.953335 0.301916 0.000000 179.006055 -0.301916 0.953335 -0.000000 -42.840054 -0.000000 0.000000 1.000000 0.000000
0.952739 0.303790 0.000000 179.495232 -0.303790 0.952739 -0.000000 -42.998174 -0.000000 0.000000 1.000000 0.000000
0.952262 0.305283 0.000000 179.978032 -0.305283 0.952262 -0.000000 -43.170252 -0.000000 0.000000 1.000000 0.000000
0.952375 0.304930 0.000000 180.502662 -0.304930 0.952375 -0.000000 -43.346107 -0.000000 0.000000 1.000000 0.000000
0.952792 0.303624 0.000000 180.998092 -0.303624 0.952792 -0.000000 -43.505761 -0.000000 0.000000 1.000000 0.000000
0.953622 0.301006 0.000000 181.522629 -0.301006 0.953622 -0.000000 -43.663368 -0.000000 0.000000 1.000000 0.000000
0.954049 0.299652 0.000000 182.019918 -0.299652 0.954049 -0.000000 -43.814311 -0.000000 0.000000 1.000000 0.000000
0.954038 0.299685 0.000000 182.543522 -0.299685 0.954038 -0.000000 -43.981479 -0.000000 0.000000 1.000000 0.000000
0.954117 0.299435 0.000000 183.028280 -0.299435 0.954117 -0.000000 -44.133119 -0.000000 0.000000 1.000000 0.000000
0.955101 0.296281 0.000000 183.545374 -0.296281 0.955101 -0.000000 -44.299568 -0.000000 0.000000 1.000000 0.000000
0.955527 0.294905 0.000000 184.022731 -0.294905 0.955527 -0.000000 -44.449654 -0.000000 0.000000 1.000000 0.000000
0.955594 0.294688 0.000000 184.543454 -0.294688 0.955594 -0.000000 -44.608268 -0.000000 0.000000 1.000000 0.000000
0.955627 0.294579 0.000000 185.026993 -0.294579 0.955627 -0.000000 -44.753802 -0.000000 0.000000 1.000000 0.000000
0.955205 0.295944 0.000000 185.540371 -0.295944 0.955205 -0.000000 -44.909175 -0.000000 0.000000 1.000000 0.000000
0.956331 0.292286 0.000000 186.170390 -0.292286 0.956331 -0.000000 -45.125210 -0.000000 0.000000 1.000000 0.000000
0.957527 0.288345 0.000000 186.675038 -0.288345 0.957527 -0.000000 -45.278566 -0.000000 0.000000 1.000000 0.000000
0.958751 0.284247 0.000000 187.170514 -0.284247 0.958751 -0.000000 -45.442029 -0.000000 0.000000 1.000000 0.000000
0.958937 0.283621 0.000000 187.648939 -0.283621 0.958937 -0.000000 -45.586201 -0.000000 0.000000 1.000000 0.000000
0.960899 0.276898 0.000000 188.350428 -0.276898 0.960899 -0.000000 -45.803501 -0.000000 0.000000 1.000000 0.000000
0.961550 0.274631 0.000000 188.858508 -0.274631 0.961550 -0.000000 -45.956426 -0.000000 0.000000 1.000000 0.000000
0.962218 0.272280 0.000000 189.367519 -0.272280 0.962218 -0.000000 -46.102945 -0.000000 0.000000 1.000000 0.000000
0.963050 0.269321 0.000000 189.868363 -0.269321 0.963050 -0.000000 -46.249187 -0.000000 0.000000 1.000000 0.000000
0.964882 0.262686 0.000000 190.369551 -0.262686 0.964882 -0.000000 -46.390853 -0.000000 0.000000 1.000000 0.000000
0.967973 0.251055 0.000000 191.363476 -0.251055 0.967973 -0.000000 -46.662747 -0.000000 0.000000 1.000000 0.000000
0.969621 0.244613 0.000000 191.851733 -0.244613 0.969621 -0.000000 -46.773346 -0.000000 0.000000 1.000000 0.000000
0.971464 0.237189 0.000000 192.337189 -0.237189 0.971464 -0.000000 -46.903035 -0.000000 0.000000 1.000000 0.000000
0.973376 0.229213 0.000000 192.791887 -0.229213 0.973376 -0.000000 -47.019490 -0.000000 0.000000 1.000000 0.000000
0.974976 0.222308 0.000000 193.284405 -0.222308 0.974976 -0.000000 -47.132603 -0.000000 0.000000 1.000000 0.000000
0.976933 0.213547 0.000000 193.747147 -0.213547 0.976933 -0.000000 -47.241403 -0.000000 0.000000 1.000000 0.000000
0.980924 0.194390 0.000000 194.682651 -0.194390 0.980924 -0.000000 -47.444855 -0.000000 0.000000 1.000000 0.000000
0.982631 0.185568 0.000000 195.165364 -0.185568 0.982631 -0.000000 -47.541102 -0.000000 0.000000 1.000000 0.000000
0.984569 0.174994 0.000000 195.609770 -0.174994 0.984569 -0.000000 -47.630580 -0.000000 0.000000 1.000000 0.000000
