0.999973 0.007400 0.000000 1.168998 -0.007400 0.999973 -0.000000 0.005661 -0.000000 0.000000 1.000000 0.000000
0.999963 0.008643 0.000000 1.718134 -0.008643 0.999963 -0.000000 0.009092 -0.000000 0.000000 1.000000 0.000000
0.999906 0.013732 0.000000 2.858460 -0.013732 0.999906 -0.000000 -0.027273 -0.000000 0.000000 1.000000 0.000000
0.999895 0.014522 0.000000 3.451677 -0.014522 0.999895 -0.000000 -0.005343 -0.000000 0.000000 1.000000 0.000000
0.999849 0.017404 0.000000 4.007912 -0.017404 0.999849 -0.000000 -0.000451 -0.000000 0.000000 1.000000 0.000000
0.999806 0.019702 0.000000 4.593520 -0.019702 0.999806 -0.000000 0.002515 -0.000000 0.000000 1.000000 0.000000
0.999742 0.022717 0.000000 5.409409 -0.022717 0.999742 -0.000000 0.014057 -0.000000 0.000000 1.000000 0.000000
0.999647 0.026582 0.000000 5.971580 -0.026582 0.999647 -0.000000 0.017978 -0.000000 0.000000 1.000000 0.000000
0.999589 0.028681 0.000000 6.528266 -0.028681 0.999589 -0.000000 0.016194 -0.000000 0.000000 1.000000 0.000000
0.999392 0.034868 0.000000 7.095561 -0.034868 0.999392 -0.000000 0.017400 -0.000000 0.000000 1.000000 0.000000
0.999167 0.040805 0.000000 7.629036 -0.040805 0.999167 -0.000000 0.007695 -0.000000 0.000000 1.000000 0.000000
0.998887 0.047166 0.000000 8.187782 -0.047166 0.998887 -0.000000 -0.030870 -0.000000 0.000000 1.000000 0.000000
0.998574 0.053388 0.000000 8.713633 -0.053388 0.998574 -0.000000 -0.057927 -0.000000 0.000000 1.000000 0.000000
0.998109 0.061468 0.000000 9.431293 -0.061468 0.998109 -0.000000 -0.104652 -0.000000 0.000000 1.000000 0.000000
0.997789 0.066456 0.000000 9.992963 -0.066456 0.997789 -0.000000 -0.154157 -0.000000 0.000000 1.000000 0.000000
0.997510 0.070527 0.000000 10.575225 -0.070527 0.997510 -0.000000 -0.181743 -0.000000 0.000000 1.000000 0.000000
0.997123 0.075795 0.000000 11.151410 -0.075795 0.997123 -0.000000 -0.202685 -0.000000 0.000000 1.000000 0.000000
0.995975 0.089628 0.000000 12.298610 -0.089628 0.995975 -0.000000 -0.284105 -0.000000 0.000000 1.000000 0.000000
0.995478 0.094995 0.000000 12.826306 -0.094995 0.995478 -0.000000 -0.326799 -0.000000 0.000000 1.000000 0.000000
0.994663 0.103175 0.000000 13.392674 -0.103175 0.994663 -0.000000 -0.381862 -0.000000 0.000000 1.000000 0.000000
0.993704 0.112037 0.000000 13.932325 -0.112037 0.993704 -0.000000 -0.441777 -0.000000 0.000000 1.000000 0.000000
0.992787 0.119889 0.000000 14.485649 -0.119889 0.992787 -0.000000 -0.504823 -0.000000 0.000000 1.000000 0.000000
0.991924 0.126832 0.000000 15.006885 -0.126832 0.991924 -0.000000 -0.565578 -0.000000 0.000000 1.000000 0.000000
0.991291 0.131688 0.000000 15.579719 -0.131688 0.991291 -0.000000 -0.645993 -0.000000 0.000000 1.000000 0.000000
0.990462 0.137787 0.000000 16.102790 -0.137787 0.990462 -0.000000 -0.725635 -0.000000 0.000000 1.000000 0.000000
0.989100 0.147244 0.000000 16.833629 -0.147244 0.989100 -0.000000 -0.830931 -0.000000 0.000000 1.000000 0.000000
0.987478 0.157759 0.000000 17.391545 -0.157759 0.987478 -0.000000 -0.921980 -0.000000 0.000000 1.000000 0.000000
0.986499 0.163770 0.000000 17.947951 -0.163770 0.986499 -0.000000 -1.011799 -0.000000 0.000000 1.000000 0.000000
0.985694 0.168545 0.000000 18.488961 -0.168545 0.985694 -0.000000 -1.109908 -0.000000 0.000000 1.000000 0.000000
0.984768 0.173873 0.000000 19.055486 -0.173873 0.984768 -0.000000 -1.206012 -0.000000 0.000000 1.000000 0.000000
0.983562 0.180570 0.000000 19.579592 -0.180570 0.983562 -0.000000 -1.293585 -0.000000 0.000000 1.000000 0.000000
0.982184 0.187924 0.000000 20.092891 -0.187924 0.982184 -0.000000 -1.378061 -0.000000 0.000000 1.000000 0.000000
0.980859 0.194719 0.000000 20.634714 -0.194719 0.980859 -0.000000 -1.474201 -0.000000 0.000000 1.000000 0.000000
0.978953 0.204084 0.000000 21.143041 -0.204084 0.978953 -0.000000 -1.588279 -0.000000 0.000000 1.000000 0.000000
0.977340 0.211676 0.000000 21.694650 -0.211676 0.977340 -0.000000 -1.710448 -0.000000 0.000000 1.000000 0.000000
0.975475 0.220111 0.000000 22.430667 -0.220111 0.975475 -0.000000 -1.885017 -0.000000 0.000000 1.000000 0.000000
0.973583 0.228334 0.000000 22.978040 -0.228334 0.973583 -0.000000 -2.012614 -0.000000 0.000000 1.000000 0.000000
0.971676 0.236317 0.000000 23.556175 -0.236317 0.971676 -0.000000 -2.145215 -0.000000 0.000000 1.000000 0.000000
0.969937 0.243358 0.000000 24.082139 -0.243358 0.969937 -0.000000 -2.281730 -0.000000 0.000000 1.000000 0.000000
0.968134 0.250433 0.000000 24.617393 -0.250433 0.968134 -0.000000 -2.418746 -0.000000 0.000000 1.000000 0.000000
0.966570 0.256401 0.000000 25.111649 -0.256401 0.966570 -0.000000 -2.549761 -0.000000 0.000000 1.000000 0.000000
0.964777 0.263068 0.000000 25.650470 -0.263068 0.964777 -0.000000 -2.684611 -0.000000 0.000000 1.000000 0.000000
0.964939 0.262475 0.000000 26.141875 -0.262475 0.964939 -0.000000 -2.826559 -0.000000 0.000000 1.000000 0.000000
0.963156 0.268945 0.000000 26.667180 -0.268945 0.963156 -0.000000 -2.958024 -0.000000 0.000000 1.000000 0.000000
0.959698 0.281032 0.000000 27.681113 -0.281032 0.959698 -0.000000 -3.245305 -0.000000 0.000000 1.000000 0.000000
0.958025 0.286683 0.000000 28.158690 -0.286683 0.958025 -0.000000 -3.382338 -0.000000 0.000000 1.000000 0.000000
0.955922 0.293620 0.000000 28.677858 -0.293620 0.955922 -0.000000 -3.539712 -0.000000 0.000000 1.000000 0.000000
0.953689 0.300794 0.000000 29.339310 -0.300794 0.953689 -0.000000 -3.749081 -0.000000 0.000000 1.000000 0.000000
0.951866 0.306513 0.000000 29.819292 -0.306513 0.951866 -0.000000 -3.923427 -0.000000 0.000000 1.000000 0.000000
0.950128 0.311859 0.000000 30.302411 -0.311859 0.950128 -0.000000 -4.100183 -0.000000 0.000000 1.000000 0.000000
0.947687 0.319201 0.000000 30.813363 -0.319201 0.947687 -0.000000 -4.282167 -0.000000 0.000000 1.000000 0.000000
0.946628 0.322328 0.000000 31.283498 -0.322328 0.946628 -0.000000 -4.448730 -0.000000 0.000000 1.000000 0.000000
0.943453 0.331505 0.000000 31.937869 -0.331505 0.943453 -0.000000 -4.687267 -0.000000 0.000000 1.000000 0.000000
0.941597 0.336743 0.000000 32.437820 -0.336743 0.941597 -0.000000 -4.881006 -0.000000 0.000000 1.000000 0.000000
0.940202 0.340616 0.000000 32.937131 -0.340616 0.940202 -0.000000 -5.083626 -0.000000 0.000000 1.000000 0.000000
0.938164 0.346191 0.000000 33.406622 -0.346191 0.938164 -0.000000 -5.288633 -0.000000 0.000000 1.000000 0.000000
0.936427 0.350863 0.000000 33.904497 -0.350863 0.936427 -0.000000 -5.499857 -0.000000 0.000000 1.000000 0.000000
0.934418 0.356178 0.000000 34.392502 -0.356178 0.934418 -0.000000 -5.700403 -0.000000 0.000000 1.000000 0.000000
0.931859 0.362819 0.000000 34.850095 -0.362819 0.931859 -0.000000 -5.884183 -0.000000 0.000000 1.000000 0.000000
0.930147 0.367188 0.000000 35.336770 -0.367188 0.930147 -0.000000 -6.094157 -0.000000 0.000000 1.000000 0.000000
0.928115 0.372293 0.000000 35.799284 -0.372293 0.928115 -0.000000 -6.280422 -0.000000 0.000000 1.000000 0.000000
0.925215 0.379443 0.000000 36.281128 -0.379443 0.925215 -0.000000 -6.467570 -0.000000 0.000000 1.000000 0.000000
0.922566 0.385840 0.000000 36.742961 -0.385840 0.922566 -0.000000 -6.661169 -0.000000 0.000000 1.000000 0.000000
0.919481 0.393135 0.000000 37.235902 -0.393135 0.919481 -0.000000 -6.864651 -0.000000 0.000000 1.000000 0.000000
0.916381 0.400307 0.000000 37.688337 -0.400307 0.916381 -0.000000 -7.056372 -0.000000 0.000000 1.000000 0.000000
0.913937 0.405856 0.000000 38.171539 -0.405856 0.913937 -0.000000 -7.277598 -0.000000 0.000000 1.000000 0.000000
0.912380 0.409343 0.000000 38.616390 -0.409343 0.912380 -0.000000 -7.485208 -0.000000 0.000000 1.000000 0.000000
0.908864 0.417092 0.000000 39.287124 -0.417092 0.908864 -0.000000 -7.805534 -0.000000 0.000000 1.000000 0.000000
0.904367 0.426755 0.000000 39.969617 -0.426755 0.904367 -0.000000 -8.125811 -0.000000 0.000000 1.000000 0.000000
0.901106 0.433598 0.000000 40.441894 -0.433598 0.901106 -0.000000 -8.340224 -0.000000 0.000000 1.000000 0.000000
0.895144 0.445777 0.000000 41.267011 -0.445777 0.895144 -0.000000 -8.743188 -0.000000 0.000000 1.000000 0.000000
0.892986 0.450085 0.000000 41.736740 -0.450085 0.892986 -0.000000 -8.964106 -0.000000 0.000000 1.000000 0.000000
0.890991 0.454021 0.000000 42.203661 -0.454021 0.890991 -0.000000 -9.187206 -0.000000 0.000000 1.000000 0.000000
0.889505 0.456925 0.000000 42.668291 -0.456925 0.889505 -0.000000 -9.421729 -0.000000 0.000000 1.000000 0.000000
0.885101 0.465400 0.000000 43.127978 -0.465400 0.885101 -0.000000 -9.647875 -0.000000 0.000000 1.000000 0.000000
0.884181 0.467144 0.000000 43.617188 -0.467144 0.884181 -0.000000 -9.900868 -0.000000 0.000000 1.000000 0.000000
0.883068 0.469246 0.000000 44.033323 -0.469246 0.883068 -0.000000 -10.140273 -0.000000 0.000000 1.000000 0.000000
0.880087 0.474812 0.000000 44.483011 -0.474812 0.880087 -0.000000 -10.388859 -0.000000 0.000000 1.000000 0.000000
0.878094 0.478489 0.000000 44.928004 -0.478489 0.878094 -0.000000 -10.633638 -0.000000 0.000000 1.000000 0.000000
0.876953 0.480576 0.000000 45.369032 -0.480576 0.876953 -0.000000 -10.876825 -0.000000 0.000000 1.000000 0.000000
0.874066 0.485807 0.000000 45.786659 -0.485807 0.874066 -0.000000 -11.122637 -0.000000 0.000000 1.000000 0.000000
0.872150 0.489238 0.000000 46.209878 -0.489238 0.872150 -0.000000 -11.359238 -0.000000 0.000000 1.000000 0.000000
0.869863 0.493293 0.000000 46.595733 -0.493293 0.869863 -0.000000 -11.578956 -0.000000 0.000000 1.000000 0.000000
0.869138 0.494570 0.000000 47.010910 -0.494570 0.869138 -0.000000 -11.828661 -0.000000 0.000000 1.000000 0.000000
0.866966 0.498367 0.000000 47.390466 -0.498367 0.866966 -0.000000 -12.044827 -0.000000 0.000000 1.000000 0.000000
0.865420 0.501048 0.000000 47.798279 -0.501048 0.865420 -0.000000 -12.281192 -0.000000 0.000000 1.000000 0.000000
0.864465 0.502694 0.000000 48.179057 -0.502694 0.864465 -0.000000 -12.507093 -0.000000 0.000000 1.000000 0.000000
0.861405 0.507918 0.000000 48.557055 -0.507918 0.861405 -0.000000 -12.736374 -0.000000 0.000000 1.000000 0.000000
0.860891 0.508789 0.000000 48.938623 -0.508789 0.860891 -0.000000 -12.954831 -0.000000 0.000000 1.000000 0.000000
0.855282 0.518162 0.000000 49.320625 -0.518162 0.855282 -0.000000 -13.168731 -0.000000 0.000000 1.000000 0.000000
0.852394 0.522899 0.000000 49.663512 -0.522899 0.852394 -0.000000 -13.391306 -0.000000 0.000000 1.000000 0.000000
0.850497 0.525981 0.000000 50.004025 -0.525981 0.850497 -0.000000 -13.629345 -0.000000 0.000000 1.000000 0.000000
0.848069 0.529886 0.000000 50.364825 -0.529886 0.848069 -0.000000 -13.878774 -0.000000 0.000000 1.000000 0.000000
0.844135 0.536131 0.000000 50.875571 -0.536131 0.844135 -0.000000 -14.246192 -0.000000 0.000000 1.000000 0.000000
0.839468 0.543409 0.000000 51.241313 -0.543409 0.839468 -0.000000 -14.504332 -0.000000 0.000000 1.000000 0.000000
0.834271 0.551355 0.000000 51.586908 -0.551355 0.834271 -0.000000 -14.741973 -0.000000 0.000000 1.000000 0.000000
0.831447 0.555605 0.000000 51.925842 -0.555605 0.831447 -0.000000 -14.984980 -0.000000 0.000000 1.000000 0.000000
0.828987 0.559268 0.000000 52.243303 -0.559268 0.828987 -0.000000 -15.222982 -0.000000 0.000000 1.000000 0.000000
0.825325 0.564657 0.000000 52.575063 -0.564657 0.825325 -0.000000 -15.462320 -0.000000 0.000000 1.000000 0.000000
0.822644 0.568557 0.000000 52.893247 -0.568557 0.822644 -0.000000 -15.696237 -0.000000 0.000000 1.000000 0.000000
0.819177 0.573541 0.000000 53.214570 -0.573541 0.819177 -0.000000 -15.920263 -0.000000 0.000000 1.000000 0.000000
0.816760 0.576978 0.000000 53.531767 -0.576978 0.816760 -0.000000 -16.138093 -0.000000 0.000000 1.000000 0.000000
0.814769 0.579786 0.000000 53.849676 -0.579786 0.814769 -0.000000 -16.359530 -0.000000 0.000000 1.000000 0.000000
0.812010 0.583643 0.000000 54.159368 -0.583643 0.812010 -0.000000 -16.576480 -0.000000 0.000000 1.000000 0.000000
0.808955 0.587870 0.000000 54.756357 -0.587870 0.808955 -0.000000 -17.014493 -0.000000 0.000000 1.000000 0.000000
0.807244 0.590218 0.000000 55.039409 -0.590218 0.807244 -0.000000 -17.223346 -0.000000 0.000000 1.000000 0.000000
0.805666 0.592371 0.000000 55.302782 -0.592371 0.805666 -0.000000 -17.417397 -0.000000 0.000000 1.000000 0.000000
0.804785 0.593566 0.000000 55.552840 -0.593566 0.804785 -0.000000 -17.608765 -0.000000 0.000000 1.000000 0.000000
0.804098 0.594497 0.000000 55.817760 -0.594497 0.804098 -0.000000 -17.813108 -0.000000 0.000000 1.000000 0.000000
0.801997 0.597328 0.000000 56.072919 -0.597328 0.801997 -0.000000 -17.989304 -0.000000 0.000000 1.000000 0.000000
0.800503 0.599329 0.000000 56.325204 -0.599329 0.800503 -0.000000 -18.182057 -0.000000 0.000000 1.000000 0.000000
0.799265 0.600979 0.000000 56.567050 -0.600979 0.799265 -0.000000 -18.365716 -0.000000 0.000000 1.000000 0.000000
0.798664 0.601777 0.000000 56.815184 -0.601777 0.798664 -0.000000 -18.553898 -0.000000 0.000000 1.000000 0.000000
0.798455 0.602054 0.000000 57.045244 -0.602054 0.798455 -0.000000 -18.732756 -0.000000 0.000000 1.000000 0.000000
0.795843 0.605503 0.000000 57.272456 -0.605503 0.795843 -0.000000 -18.898804 -0.000000 0.000000 1.000000 0.000000
0.794230 0.607618 0.000000 57.518944 -0.607618 0.794230 -0.000000 -19.075122 -0.000000 0.000000 1.000000 0.000000
0.790673 0.612238 0.000000 57.861366 -0.612238 0.790673 -0.000000 -19.336715 -0.000000 0.000000 1.000000 0.000000
0.789263 0.614056 0.000000 58.101808 -0.614056 0.789263 -0.000000 -19.520037 -0.000000 0.000000 1.000000 0.000000
0.785235 0.619197 0.000000 58.329484 -0.619197 0.785235 -0.000000 -19.702485 -0.000000 0.000000 1.000000 0.000000
0.782628 0.622490 0.000000 58.541679 -0.622490 0.782628 -0.000000 -19.868885 -0.000000 0.000000 1.000000 0.000000
0.779287 0.626667 0.000000 58.750455 -0.626667 0.779287 -0.000000 -20.036421 -0.000000 0.000000 1.000000 0.000000
0.776584 0.630014 0.000000 58.948243 -0.630014 0.776584 -0.000000 -20.205033 -0.000000 0.000000 1.000000 0.000000
0.776472 0.630152 0.000000 59.154034 -0.630152 0.776472 -0.000000 -20.380719 -0.000000 0.000000 1.000000 0.000000
0.775887 0.630872 0.000000 59.338726 -0.630872 0.775887 -0.000000 -20.534986 -0.000000 0.000000 1.000000 0.000000
0.777335 0.629087 0.000000 59.532048 -0.629087 0.777335 -0.000000 -20.684095 -0.000000 0.000000 1.000000 0.000000
0.775402 0.631468 0.000000 59.713544 -0.631468 0.775402 -0.000000 -20.842278 -0.000000 0.000000 1.000000 0.000000
0.770481 0.637462 0.000000 60.076537 -0.637462 0.770481 -0.000000 -21.160115 -0.000000 0.000000 1.000000 0.000000
0.766040 0.642793 0.000000 60.247174 -0.642793 0.766040 -0.000000 -21.291358 -0.000000 0.000000 1.000000 0.000000
0.765331 0.643637 0.000000 60.401012 -0.643637 0.765331 -0.000000 -21.435264 -0.000000 0.000000 1.000000 0.000000
0.765976 0.642869 0.000000 60.552631 -0.642869 0.765976 -0.000000 -21.592366 -0.000000 0.000000 1.000000 0.000000
0.765235 0.643751 0.000000 60.711246 -0.643751 0.765235 -0.000000 -21.734495 -0.000000 0.000000 1.000000 0.000000
0.763581 0.645712 0.000000 60.855986 -0.645712 0.763581 -0.000000 -21.856328 -0.000000 0.000000 1.000000 0.000000
0.763294 0.646051 0.000000 61.007542 -0.646051 0.763294 -0.000000 -21.989374 -0.000000 0.000000 1.000000 0.000000
0.761977 0.647605 0.000000 61.133081 -0.647605 0.761977 -0.000000 -22.104983 -0.000000 0.000000 1.000000 0.000000
0.759949 0.649983 0.000000 61.280153 -0.649983 0.759949 -0.000000 -22.235327 -0.000000 0.000000 1.000000 0.000000
0.755782 0.654824 0.000000 61.569975 -0.654824 0.755782 -0.000000 -22.498229 -0.000000 0.000000 1.000000 0.000000
0.754087 0.656775 0.000000 61.705923 -0.656775 0.754087 -0.000000 -22.628705 -0.000000 0.000000 1.000000 0.000000
0.753333 0.657640 0.000000 61.847197 -0.657640 0.753333 -0.000000 -22.750631 -0.000000 0.000000 1.000000 0.000000
0.751559 0.659666 0.000000 62.088872 -0.659666 0.751559 -0.000000 -22.954655 -0.000000 0.000000 1.000000 0.000000
0.750403 0.660981 0.000000 62.236909 -0.660981 0.750403 -0.000000 -23.094820 -0.000000 0.000000 1.000000 0.000000
0.747586 0.664165 0.000000 62.387279 -0.664165 0.747586 -0.000000 -23.236721 -0.000000 0.000000 1.000000 0.000000
0.745292 0.666738 0.000000 62.535952 -0.666738 0.745292 -0.000000 -23.388454 -0.000000 0.000000 1.000000 0.000000
0.746012 0.665933 0.000000 62.682263 -0.665933 0.746012 -0.000000 -23.517552 -0.000000 0.000000 1.000000 0.000000
0.744411 0.667722 0.000000 62.830561 -0.667722 0.744411 -0.000000 -23.653036 -0.000000 0.000000 1.000000 0.000000
0.743025 0.669264 0.000000 62.974902 -0.669264 0.743025 -0.000000 -23.775890 -0.000000 0.000000 1.000000 0.000000
0.739472 0.673187 0.000000 63.278577 -0.673187 0.739472 -0.000000 -24.043337 -0.000000 0.000000 1.000000 0.000000
0.736810 0.676100 0.000000 63.432468 -0.676100 0.736810 -0.000000 -24.171703 -0.000000 0.000000 1.000000 0.000000
0.734769 0.678317 0.000000 63.592497 -0.678317 0.734769 -0.000000 -24.304772 -0.000000 0.000000 1.000000 0.000000
0.732373 0.680903 0.000000 63.742765 -0.680903 0.732373 -0.000000 -24.446188 -0.000000 0.000000 1.000000 0.000000
0.730365 0.683057 0.000000 63.901018 -0.683057 0.730365 -0.000000 -24.596996 -0.000000 0.000000 1.000000 0.000000
0.729409 0.684078 0.000000 64.047157 -0.684078 0.729409 -0.000000 -24.752611 -0.000000 0.000000 1.000000 0.000000
0.727505 0.686102 0.000000 64.187501 -0.686102 0.727505 -0.000000 -24.901899 -0.000000 0.000000 1.000000 0.000000
0.725894 0.687807 0.000000 64.347803 -0.687807 0.725894 -0.000000 -25.060432 -0.000000 0.000000 1.000000 0.000000
0.722766 0.691093 0.000000 64.511303 -0.691093 0.722766 -0.000000 -25.207463 -0.000000 0.000000 1.000000 0.000000
0.718505 0.695522 0.000000 64.683537 -0.695522 0.718505 -0.000000 -25.358014 -0.000000 0.000000 1.000000 0.000000
0.714791 0.699338 0.000000 64.849417 -0.699338 0.714791 -0.000000 -25.536502 -0.000000 0.000000 1.000000 0.000000
0.712686 0.701483 0.000000 65.009553 -0.701483 0.712686 -0.000000 -25.697429 -0.000000 0.000000 1.000000 0.000000
0.710540 0.703657 0.000000 65.183583 -0.703657 0.710540 -0.000000 -25.857552 -0.000000 0.000000 1.000000 0.000000
0.708798 0.705411 0.000000 65.329392 -0.705411 0.708798 -0.000000 -26.021471 -0.000000 0.000000 1.000000 0.000000
0.704878 0.709328 0.000000 65.518274 -0.709328 0.704878 -0.000000 -26.196620 -0.000000 0.000000 1.000000 0.000000
0.702361 0.711821 0.000000 65.686260 -0.711821 0.702361 -0.000000 -26.369160 -0.000000 0.000000 1.000000 0.000000
0.696867 0.717200 0.000000 65.946230 -0.717200 0.696867 -0.000000 -26.625281 -0.000000 0.000000 1.000000 0.000000
0.694930 0.719077 0.000000 66.110795 -0.719077 0.694930 -0.000000 -26.795288 -0.000000 0.000000 1.000000 0.000000
0.693071 0.720870 0.000000 66.297662 -0.720870 0.693071 -0.000000 -26.985434 -0.000000 0.000000 1.000000 0.000000
0.691254 0.722612 0.000000 66.467394 -0.722612 0.691254 -0.000000 -27.172033 -0.000000 0.000000 1.000000 0.000000
0.686640 0.726998 0.000000 66.821815 -0.726998 0.686640 -0.000000 -27.574612 -0.000000 0.000000 1.000000 0.000000
0.684233 0.729264 0.000000 66.998328 -0.729264 0.684233 -0.000000 -27.768526 -0.000000 0.000000 1.000000 0.000000
0.681842 0.731500 0.000000 67.172180 -0.731500 0.681842 -0.000000 -27.958540 -0.000000 0.000000 1.000000 0.000000
0.680107 0.733113 0.000000 67.351825 -0.733113 0.680107 -0.000000 -28.155863 -0.000000 0.000000 1.000000 0.000000
0.676915 0.736061 0.000000 67.613455 -0.736061 0.676915 -0.000000 -28.423097 -0.000000 0.000000 1.000000 0.000000
0.671736 0.740791 0.000000 67.807329 -0.740791 0.671736 -0.000000 -28.610571 -0.000000 0.000000 1.000000 0.000000
0.668438 0.743768 0.000000 67.975056 -0.743768 0.668438 -0.000000 -28.785415 -0.000000 0.000000 1.000000 0.000000
0.664447 0.747336 0.000000 68.148766 -0.747336 0.664447 -0.000000 -28.973382 -0.000000 0.000000 1.000000 0.000000
0.662028 0.749479 0.000000 68.297674 -0.749479 0.662028 -0.000000 -29.161724 -0.000000 0.000000 1.000000 0.000000
0.660060 0.751213 0.000000 68.455624 -0.751213 0.660060 -0.000000 -29.348590 -0.000000 0.000000 1.000000 0.000000
0.657250 0.753672 0.000000 68.618842 -0.753672 0.657250 -0.000000 -29.555974 -0.000000 0.000000 1.000000 0.000000
0.656300 0.754500 0.000000 68.779565 -0.754500 0.656300 -0.000000 -29.748356 -0.000000 0.000000 1.000000 0.000000
0.654355 0.756188 0.000000 68.940741 -0.756188 0.654355 -0.000000 -29.940572 -0.000000 0.000000 1.000000 0.000000
0.651747 0.758436 0.000000 69.104181 -0.758436 0.651747 -0.000000 -30.139077 -0.000000 0.000000 1.000000 0.000000
0.651523 0.758629 0.000000 69.261722 -0.758629 0.651523 -0.000000 -30.321168 -0.000000 0.000000 1.000000 0.000000
0.651752 0.758432 0.000000 69.484538 -0.758432 0.651752 -0.000000 -30.573282 -0.000000 0.000000 1.000000 0.000000
0.650878 0.759182 0.000000 69.658104 -0.759182 0.650878 -0.000000 -30.770638 -0.000000 0.000000 1.000000 0.000000
0.649903 0.760017 0.000000 69.819122 -0.760017 0.649903 -0.000000 -30.961503 -0.000000 0.000000 1.000000 0.000000
0.650256 0.759715 0.000000 69.979833 -0.759715 0.650256 -0.000000 -31.154637 -0.000000 0.000000 1.000000 0.000000
0.648631 0.761103 0.000000 70.138734 -0.761103 0.648631 -0.000000 -31.345189 -0.000000 0.000000 1.000000 0.000000
0.648287 0.761396 0.000000 70.297539 -0.761396 0.648287 -0.000000 -31.539520 -0.000000 0.000000 1.000000 0.000000
0.651736 0.758446 0.000000 70.445897 -0.758446 0.651736 -0.000000 -31.737254 -0.000000 0.000000 1.000000 0.000000
0.651990 0.758228 0.000000 70.605607 -0.758228 0.651990 -0.000000 -31.925180 -0.000000 0.000000 1.000000 0.000000
0.654031 0.756468 0.000000 70.759367 -0.756468 0.654031 -0.000000 -32.115041 -0.000000 0.000000 1.000000 0.000000
0.654490 0.756071 0.000000 70.903801 -0.756071 0.654490 -0.000000 -32.289886 -0.000000 0.000000 1.000000 0.000000
0.654971 0.755654 0.000000 71.199171 -0.755654 0.654971 -0.000000 -32.650312 -0.000000 0.000000 1.000000 0.000000
0.655107 0.755536 0.000000 71.357783 -0.755536 0.655107 -0.000000 -32.835081 -0.000000 0.000000 1.000000 0.000000
0.657314 0.753617 0.000000 71.514093 -0.753617 0.657314 -0.000000 -33.013982 -0.000000 0.000000 1.000000 0.000000
0.659198 0.751970 0.000000 71.647427 -0.751970 0.659198 -0.000000 -33.176258 -0.000000 0.000000 1.000000 0.000000
0.660328 0.750977 0.000000 71.790229 -0.750977 0.660328 -0.000000 -33.338949 -0.000000 0.000000 1.000000 0.000000
0.660886 0.750486 0.000000 71.930304 -0.750486 0.660886 -0.000000 -33.500971 -0.000000 0.000000 1.000000 0.000000
0.660699 0.750651 0.000000 72.073830 -0.750651 0.660699 -0.000000 -33.665069 -0.000000 0.000000 1.000000 0.000000
0.661918 0.749576 0.000000 72.314616 -0.749576 0.661918 -0.000000 -33.936559 -0.000000 0.000000 1.000000 0.000000
0.663330 0.748327 0.000000 72.443389 -0.748327 0.663330 -0.000000 -34.093245 -0.000000 0.000000 1.000000 0.000000
0.665822 0.746111 0.000000 72.570913 -0.746111 0.665822 -0.000000 -34.247017 -0.000000 0.000000 1.000000 0.000000
0.666417 0.745579 0.000000 72.702603 -0.745579 0.666417 -0.000000 -34.398301 -0.000000 0.000000 1.000000 0.000000
0.669202 0.743080 0.000000 72.834470 -0.743080 0.669202 -0.000000 -34.553079 -0.000000 0.000000 1.000000 0.000000
0.671869 0.740670 0.000000 72.962179 -0.740670 0.671869 -0.000000 -34.703331 -0.000000 0.000000 1.000000 0.000000
0.677602 0.735429 0.000000 73.219986 -0.735429 0.677602 -0.000000 -34.989813 -0.000000 0.000000 1.000000 0.000000
0.681109 0.732182 0.000000 73.337969 -0.732182 0.681109 -0.000000 -35.117501 -0.000000 0.000000 1.000000 0.000000
0.684501 0.729012 0.000000 73.449437 -0.729012 0.684501 -0.000000 -35.239620 -0.000000 0.000000 1.000000 0.000000
0.690943 0.722909 0.000000 73.651650 -0.722909 0.690943 -0.000000 -35.450289 -0.000000 0.000000 1.000000 0.000000
0.695519 0.718508 0.000000 73.933652 -0.718508 0.695519 -0.000000 -35.724601 -0.000000 0.000000 1.000000 0.000000
0.702685 0.711501 0.000000 74.103524 -0.711501 0.702685 -0.000000 -35.875517 -0.000000 0.000000 1.000000 0.000000
0.706130 0.708082 0.000000 74.208877 -0.708082 0.706130 -0.000000 -35.960455 -0.000000 0.000000 1.000000 0.000000
0.715582 0.698529 0.000000 74.405165 -0.698529 0.715582 -0.000000 -36.155869 -0.000000 0.000000 1.000000 0.000000
0.719975 0.694000 0.000000 74.504261 -0.694000 0.719975 -0.000000 -36.249342 -0.000000 0.000000 1.000000 0.000000
0.723848 0.689959 0.000000 74.592864 -0.689959 0.723848 -0.000000 -36.329753 -0.000000 0.000000 1.000000 0.000000
0.726910 0.686733 0.000000 74.681589 -0.686733 0.726910 -0.000000 -36.414888 -0.000000 0.000000 1.000000 0.000000
0.731886 0.681427 0.000000 74.825418 -0.681427 0.731886 -0.000000 -36.551269 -0.000000 0.000000 1.000000 0.000000
0.738955 0.673754 0.000000 75.000353 -0.673754 0.738955 -0.000000 -36.722088 -0.000000 0.000000 1.000000 0.000000
0.742853 0.669454 0.000000 75.084860 -0.669454 0.742853 -0.000000 -36.808021 -0.000000 0.000000 1.000000 0.000000
0.746736 0.665121 0.000000 75.169554 -0.665121 0.746736 -0.000000 -36.894037 -0.000000 0.000000 1.000000 0.000000
0.750626 0.660727 0.000000 75.249218 -0.660727 0.750626 -0.000000 -36.968579 -0.000000 0.000000 1.000000 0.000000
0.754684 0.656088 0.000000 75.321799 -0.656088 0.754684 -0.000000 -37.040362 -0.000000 0.000000 1.000000 0.000000
0.757224 0.653156 0.000000 75.400735 -0.653156 0.757224 -0.000000 -37.102490 -0.000000 0.000000 1.000000 0.000000
0.764278 0.644887 0.000000 75.537473 -0.644887 0.764278 -0.000000 -37.226671 -0.000000 0.000000 1.000000 0.000000
0.766532 0.642206 0.000000 75.608295 -0.642206 0.766532 -0.000000 -37.285554 -0.000000 0.000000 1.000000 0.000000
0.769583 0.638547 0.000000 75.681198 -0.638547 0.769583 -0.000000 -37.341976 -0.000000 0.000000 1.000000 0.000000
0.771405 0.636345 0.000000 75.739988 -0.636345 0.771405 -0.000000 -37.385084 -0.000000 0.000000 1.000000 0.000000
0.774869 0.632122 0.000000 75.796874 -0.632122 0.774869 -0.000000 -37.426406 -0.000000 0.000000 1.000000 0.000000
0.776556 0.630048 0.000000 75.838527 -0.630048 0.776556 -0.000000 -37.460978 -0.000000 0.000000 1.000000 0.000000
0.778230 0.627980 0.000000 75.884991 -0.627980 0.778230 -0.000000 -37.501868 -0.000000 0.000000 1.000000 0.000000
0.779706 0.626146 0.000000 75.946363 -0.626146 0.779706 -0.000000 -37.553331 -0.000000 0.000000 1.000000 0.000000
0.781146 0.624349 0.000000 75.979974 -0.624349 0.781146 -0.000000 -37.584611 -0.000000 0.000000 1.000000 0.000000
0.781815 0.623511 0.000000 76.007570 -0.623511 0.781815 -0.000000 -37.607861 -0.000000 0.000000 1.000000 0.000000
0.782514 0.622632 0.000000 76.027698 -0.622632 0.782514 -0.000000 -37.623315 -0.000000 0.000000 1.000000 0.000000
0.783824 0.620984 0.000000 76.045171 -0.620984 0.783824 -0.000000 -37.638511 -0.000000 0.000000 1.000000 0.000000
0.784963 0.619542 0.000000 76.067054 -0.619542 0.784963 -0.000000 -37.650745 -0.000000 0.000000 1.000000 0.000000
0.785398 0.618991 0.000000 76.081954 -0.618991 0.785398 -0.000000 -37.661600 -0.000000 0.000000 1.000000 0.000000
0.785689 0.618621 0.000000 76.091584 -0.618621 0.785689 -0.000000 -37.670313 -0.000000 0.000000 1.000000 0.000000
0.787434 0.616398 0.000000 76.103091 -0.616398 0.787434 -0.000000 -37.686111 -0.000000 0.000000 1.000000 0.000000
0.786878 0.617109 0.000000 76.106850 -0.617109 0.786878 -0.000000 -37.677747 -0.000000 0.000000 1.000000 0.000000
0.787926 0.615770 0.000000 76.108460 -0.615770 0.787926 -0.000000 -37.677437 -0.000000 0.000000 1.000000 0.000000
0.787893 0.615812 0.000000 76.106370 -0.615812 0.787893 -0.000000 -37.677216 -0.000000 0.000000 1.000000 0.000000
0.787040 0.616902 0.000000 76.106778 -0.616902 0.787040 -0.000000 -37.676564 -0.000000 0.000000 1.000000 0.000000
0.786926 0.617047 0.000000 76.105887 -0.617047 0.786926 -0.000000 -37.678840 -0.000000 0.000000 1.000000 0.000000
0.786715 0.617316 0.000000 76.101154 -0.617316 0.786715 -0.000000 -37.677675 -0.000000 0.000000 1.000000 0.000000
0.787843 0.615877 0.000000 76.095368 -0.615877 0.787843 -0.000000 -37.683692 -0.000000 0.000000 1.000000 0.000000
0.787881 0.615827 0.000000 76.093399 -0.615827 0.787881 -0.000000 -37.683165 -0.000000 0.000000 1.000000 0.000000
0.787123 0.616797 0.000000 76.093853 -0.616797 0.787123 -0.000000 -37.680642 -0.000000 0.000000 1.000000 0.000000
0.786964 0.616999 0.000000 76.091898 -0.616999 0.786964 -0.000000 -37.679837 -0.000000 0.000000 1.000000 0.000000
0.787061 0.616876 0.000000 76.090182 -0.616876 0.787061 -0.000000 -37.678647 -0.000000 0.000000 1.000000 0.000000
0.787049 0.616891 0.000000 76.089101 -0.616891 0.787049 -0.000000 -37.678049 -0.000000 0.000000 1.000000 0.000000
0.787096 0.616831 0.000000 76.089582 -0.616831 0.787096 -0.000000 -37.676710 -0.000000 0.000000 1.000000 0.000000
0.787040 0.616902 0.000000 76.090208 -0.616902 0.787040 -0.000000 -37.675599 -0.000000 0.000000 1.000000 0.000000
0.786907 0.617071 0.000000 76.091089 -0.617071 0.786907 -0.000000 -37.672792 -0.000000 0.000000 1.000000 0.000000
0.786867 0.617123 0.000000 76.091576 -0.617123 0.786867 -0.000000 -37.672158 -0.000000 0.000000 1.000000 0.000000
0.786881 0.617105 0.000000 76.093426 -0.617105 0.786881 -0.000000 -37.672458 -0.000000 0.000000 1.000000 0.000000
0.786999 0.616955 0.000000 76.092939 -0.616955 0.786999 -0.000000 -37.672043 -0.000000 0.000000 1.000000 0.000000
0.787044 0.616897 0.000000 76.093584 -0.616897 0.787044 -0.000000 -37.671981 -0.000000 0.000000 1.000000 0.000000
0.787051 0.616888 0.000000 76.094085 -0.616888 0.787051 -0.000000 -37.672617 -0.000000 0.000000 1.000000 0.000000
0.787065 0.616870 0.000000 76.094310 -0.616870 0.787065 -0.000000 -37.672885 -0.000000 0.000000 1.000000 0.000000
0.787063 0.616873 0.000000 76.093736 -0.616873 0.787063 -0.000000 -37.672953 -0.000000 0.000000 1.000000 0.000000
0.787054 0.616885 0.000000 76.092808 -0.616885 0.787054 -0.000000 -37.674043 -0.000000 0.000000 1.000000 0.000000
0.786886 0.617098 0.000000 76.092847 -0.617098 0.786886 -0.000000 -37.674410 -0.000000 0.000000 1.000000 0.000000
0.786839 0.617159 0.000000 76.093312 -0.617159 0.786839 -0.000000 -37.674044 -0.000000 0.000000 1.000000 0.000000
0.786837 0.617161 0.000000 76.094366 -0.617161 0.786837 -0.000000 -37.672988 -0.000000 0.000000 1.000000 0.000000
0.786909 0.617070 0.000000 76.095498 -0.617070 0.786909 -0.000000 -37.672243 -0.000000 0.000000 1.000000 0.000000
0.787017 0.616931 0.000000 76.096229 -0.616931 0.787017 -0.000000 -37.671322 -0.000000 0.000000 1.000000 0.000000
0.787033 0.616911 0.000000 76.096952 -0.616911 0.787033 -0.000000 -37.670683 -0.000000 0.000000 1.000000 0.000000
0.787044 0.616897 0.000000 76.096200 -0.616897 0.787044 -0.000000 -37.669366 -0.000000 0.000000 1.000000 0.000000
0.787042 0.616900 0.000000 76.095469 -0.616900 0.787042 -0.000000 -37.669295 -0.000000 0.000000 1.000000 0.000000
0.787045 0.616895 0.000000 76.094683 -0.616895 0.787045 -0.000000 -37.668713 -0.000000 0.000000 1.000000 0.000000
0.787029 0.616915 0.000000 76.093973 -0.616915 0.787029 -0.000000 -37.667426 -0.000000 0.000000 1.000000 0.000000
0.787175 0.616729 0.000000 76.093002 -0.616729 0.787175 -0.000000 -37.665088 -0.000000 0.000000 1.000000 0.000000
0.787218 0.616674 0.000000 76.091215 -0.616674 0.787218 -0.000000 -37.663218 -0.000000 0.000000 1.000000 0.000000
0.787289 0.616584 0.000000 76.088818 -0.616584 0.787289 -0.000000 -37.660555 -0.000000 0.000000 1.000000 0.000000
0.787394 0.616450 0.000000 76.086772 -0.616450 0.787394 -0.000000 -37.657736 -0.000000 0.000000 1.000000 0.000000
0.787510 0.616302 0.000000 76.084018 -0.616302 0.787510 -0.000000 -37.655227 -0.000000 0.000000 1.000000 0.000000
0.787970 0.615713 0.000000 76.078889 -0.615713 0.787970 -0.000000 -37.652136 -0.000000 0.000000 1.000000 0.000000
0.787932 0.615762 0.000000 76.076188 -0.615762 0.787932 -0.000000 -37.651027 -0.000000 0.000000 1.000000 0.000000
0.787888 0.615818 0.000000 76.074401 -0.615818 0.787888 -0.000000 -37.648771 -0.000000 0.000000 1.000000 0.000000
0.787926 0.615769 0.000000 76.072139 -0.615769 0.787926 -0.000000 -37.645988 -0.000000 0.000000 1.000000 0.000000
0.788032 0.615634 0.000000 76.069477 -0.615634 0.788032 -0.000000 -37.643908 -0.000000 0.000000 1.000000 0.000000
0.788264 0.615337 0.000000 76.066932 -0.615337 0.788264 -0.000000 -37.642435 -0.000000 0.000000 1.000000 0.000000
0.788354 0.615222 0.000000 76.063033 -0.615222 0.788354 -0.000000 -37.640708 -0.000000 0.000000 1.000000 0.000000
0.788297 0.615295 0.000000 76.060115 -0.615295 0.788297 -0.000000 -37.639858 -0.000000 0.000000 1.000000 0.000000
0.787831 0.615891 0.000000 76.060129 -0.615891 0.787831 -0.000000 -37.639041 -0.000000 0.000000 1.000000 0.000000
0.787778 0.615959 0.000000 76.058881 -0.615959 0.787778 -0.000000 -37.637801 -0.000000 0.000000 1.000000 0.000000
0.786950 0.617016 0.000000 76.060416 -0.617016 0.786950 -0.000000 -37.637175 -0.000000 0.000000 1.000000 0.000000
0.787316 0.616550 0.000000 76.060830 -0.616550 0.787316 -0.000000 -37.640677 -0.000000 0.000000 1.000000 0.000000
0.787722 0.616031 0.000000 76.064262 -0.616031 0.787722 -0.000000 -37.644473 -0.000000 0.000000 1.000000 0.000000
0.788190 0.615432 0.000000 76.063416 -0.615432 0.788190 -0.000000 -37.647596 -0.000000 0.000000 1.000000 0.000000
0.789125 0.614233 0.000000 76.059868 -0.614233 0.789125 -0.000000 -37.650176 -0.000000 0.000000 1.000000 0.000000
0.789701 0.613492 0.000000 76.058572 -0.613492 0.789701 -0.000000 -37.650815 -0.000000 0.000000 1.000000 0.000000
0.790045 0.613049 0.000000 76.057817 -0.613049 0.790045 -0.000000 -37.651525 -0.000000 0.000000 1.000000 0.000000
0.790103 0.612974 0.000000 76.055826 -0.612974 0.790103 -0.000000 -37.651267 -0.000000 0.000000 1.000000 0.000000
0.789997 0.613110 0.000000 76.054835 -0.613110 0.789997 -0.000000 -37.650986 -0.000000 0.000000 1.000000 0.000000
0.790039 0.613057 0.000000 76.054562 -0.613057 0.790039 -0.000000 -37.650166 -0.000000 0.000000 1.000000 0.000000
0.789891 0.613248 0.000000 76.052825 -0.613248 0.789891 -0.000000 -37.649911 -0.000000 0.000000 1.000000 0.000000
0.789833 0.613322 0.000000 76.051203 -0.613322 0.789833 -0.000000 -37.648605 -0.000000 0.000000 1.000000 0.000000
0.789842 0.613310 0.000000 76.048536 -0.613310 0.789842 -0.000000 -37.647291 -0.000000 0.000000 1.000000 0.000000
0.789783 0.613387 0.000000 76.046179 -0.613387 0.789783 -0.000000 -37.645983 -0.000000 0.000000 1.000000 0.000000
0.789964 0.613153 0.000000 76.043919 -0.613153 0.789964 -0.000000 -37.645958 -0.000000 0.000000 1.000000 0.000000
0.790072 0.613014 0.000000 76.043210 -0.613014 0.790072 -0.000000 -37.645829 -0.000000 0.000000 1.000000 0.000000
0.790194 0.612857 0.000000 76.041243 -0.612857 0.790194 -0.000000 -37.644935 -0.000000 0.000000 1.000000 0.000000
0.790506 0.612454 0.000000 76.041411 -0.612454 0.790506 -0.000000 -37.642778 -0.000000 0.000000 1.000000 0.000000
0.790897 0.611950 0.000000 76.042205 -0.611950 0.790897 -0.000000 -37.641041 -0.000000 0.000000 1.000000 0.000000
0.791585 0.611059 0.000000 76.041142 -0.611059 0.791585 -0.000000 -37.641941 -0.000000 0.000000 1.000000 0.000000
0.792051 0.610455 0.000000 76.040873 -0.610455 0.792051 -0.000000 -37.642736 -0.000000 0.000000 1.000000 0.000000
0.791797 0.610784 0.000000 76.041865 -0.610784 0.791797 -0.000000 -37.638421 -0.000000 0.000000 1.000000 0.000000
0.790769 0.612115 0.000000 76.045518 -0.612115 0.790769 -0.000000 -37.637966 -0.000000 0.000000 1.000000 0.000000
0.788939 0.614472 0.000000 76.055803 -0.614472 0.788939 -0.000000 -37.644481 -0.000000 0.000000 1.000000 0.000000
0.788136 0.615502 0.000000 76.061660 -0.615502 0.788136 -0.000000 -37.649197 -0.000000 0.000000 1.000000 0.000000
0.787808 0.615921 0.000000 76.061777 -0.615921 0.787808 -0.000000 -37.653922 -0.000000 0.000000 1.000000 0.000000
0.786703 0.617332 0.000000 76.062250 -0.617332 0.786703 -0.000000 -37.655765 -0.000000 0.000000 1.000000 0.000000
0.785982 0.618249 0.000000 76.061690 -0.618249 0.785982 -0.000000 -37.656494 -0.000000 0.000000 1.000000 0.000000
0.785416 0.618969 0.000000 76.060334 -0.618969 0.785416 -0.000000 -37.659330 -0.000000 0.000000 1.000000 0.000000
0.785009 0.619484 0.000000 76.061308 -0.619484 0.785009 -0.000000 -37.663215 -0.000000 0.000000 1.000000 0.000000
0.785289 0.619129 0.000000 76.062196 -0.619129 0.785289 -0.000000 -37.671982 -0.000000 0.000000 1.000000 0.000000
0.785779 0.618508 0.000000 76.063305 -0.618508 0.785779 -0.000000 -37.677015 -0.000000 0.000000 1.000000 0.000000
0.786554 0.617521 0.000000 76.066956 -0.617521 0.786554 -0.000000 -37.685236 -0.000000 0.000000 1.000000 0.000000
0.787464 0.616360 0.000000 76.067446 -0.616360 0.787464 -0.000000 -37.687448 -0.000000 0.000000 1.000000 0.000000
0.788686 0.614796 0.000000 76.074294 -0.614796 0.788686 -0.000000 -37.694688 -0.000000 0.000000 1.000000 0.000000
0.789379 0.613906 0.000000 76.083617 -0.613906 0.789379 -0.000000 -37.697390 -0.000000 0.000000 1.000000 0.000000
0.789441 0.613826 0.000000 76.093567 -0.613826 0.789441 -0.000000 -37.703470 -0.000000 0.000000 1.000000 0.000000
0.789592 0.613632 0.000000 76.105263 -0.613632 0.789592 -0.000000 -37.705759 -0.000000 0.000000 1.000000 0.000000
0.789446 0.613820 0.000000 76.113209 -0.613820 0.789446 -0.000000 -37.704711 -0.000000 0.000000 1.000000 0.000000
0.789402 0.613877 0.000000 76.125131 -0.613877 0.789402 -0.000000 -37.704869 -0.000000 0.000000 1.000000 0.000000
0.789623 0.613592 0.000000 76.146029 -0.613592 0.789623 -0.000000 -37.716977 -0.000000 0.000000 1.000000 0.000000
0.791221 0.611530 0.000000 76.152014 -0.611530 0.791221 -0.000000 -37.727476 -0.000000 0.000000 1.000000 0.000000
0.791780 0.610806 0.000000 76.160876 -0.610806 0.791780 -0.000000 -37.734986 -0.000000 0.000000 1.000000 0.000000
0.792774 0.609516 0.000000 76.177091 -0.609516 0.792774 -0.000000 -37.752333 -0.000000 0.000000 1.000000 0.000000
0.793464 0.608617 0.000000 76.186256 -0.608617 0.793464 -0.000000 -37.765545 -0.000000 0.000000 1.000000 0.000000
0.795074 0.606513 0.000000 76.192255 -0.606513 0.795074 -0.000000 -37.774885 -0.000000 0.000000 1.000000 0.000000
0.795789 0.605575 0.000000 76.204927 -0.605575 0.795789 -0.000000 -37.784744 -0.000000 0.000000 1.000000 0.000000
0.796110 0.605151 0.000000 76.215130 -0.605151 0.796110 -0.000000 -37.786144 -0.000000 0.000000 1.000000 0.000000
0.796227 0.604998 0.000000 76.225686 -0.604998 0.796227 -0.000000 -37.785125 -0.000000 0.000000 1.000000 0.000000
0.795549 0.605889 0.000000 76.233845 -0.605889 0.795549 -0.000000 -37.785362 -0.000000 0.000000 1.000000 0.000000
0.795225 0.606315 0.000000 76.242613 -0.606315 0.795225 -0.000000 -37.783826 -0.000000 0.000000 1.000000 0.000000
0.794689 0.607017 0.000000 76.251289 -0.607017 0.794689 -0.000000 -37.776854 -0.000000 0.000000 1.000000 0.000000
0.794747 0.606941 0.000000 76.257220 -0.606941 0.794747 -0.000000 -37.772272 -0.000000 0.000000 1.000000 0.000000
0.794724 0.606971 0.000000 76.261652 -0.606971 0.794724 -0.000000 -37.766489 -0.000000 0.000000 1.000000 0.000000
0.795025 0.606577 0.000000 76.261862 -0.606577 0.795025 -0.000000 -37.767404 -0.000000 0.000000 1.000000 0.000000
0.795586 0.605841 0.000000 76.259568 -0.605841 0.795586 -0.000000 -37.765603 -0.000000 0.000000 1.000000 0.000000
0.795893 0.605438 0.000000 76.257336 -0.605438 0.795893 -0.000000 -37.763271 -0.000000 0.000000 1.000000 0.000000
0.795881 0.605454 0.000000 76.257827 -0.605454 0.795881 -0.000000 -37.759404 -0.000000 0.000000 1.000000 0.000000
0.795753 0.605622 0.000000 76.260608 -0.605622 0.795753 -0.000000 -37.755000 -0.000000 0.000000 1.000000 0.000000
0.796046 0.605236 0.000000 76.262719 -0.605236 0.796046 -0.000000 -37.750751 -0.000000 0.000000 1.000000 0.000000
0.796113 0.605148 0.000000 76.262995 -0.605148 0.796113 -0.000000 -37.748617 -0.000000 0.000000 1.000000 0.000000
0.797032 0.603937 0.000000 76.262652 -0.603937 0.797032 -0.000000 -37.751601 -0.000000 0.000000 1.000000 0.000000
0.796842 0.604188 0.000000 76.265385 -0.604188 0.796842 -0.000000 -37.750410 -0.000000 0.000000 1.000000 0.000000
0.796830 0.604203 0.000000 76.265195 -0.604203 0.796830 -0.000000 -37.748514 -0.000000 0.000000 1.000000 0.000000
0.797243 0.603659 0.000000 76.264027 -0.603659 0.797243 -0.000000 -37.747735 -0.000000 0.000000 1.000000 0.000000
0.797116 0.603827 0.000000 76.265193 -0.603827 0.797116 -0.000000 -37.744762 -0.000000 0.000000 1.000000 0.000000
