0.999998 0.002063 0.000000 0.825749 -0.002063 0.999998 -0.000000 -0.029724 -0.000000 0.000000 1.000000 0.000000
1.000000 0.000331 0.000000 1.404881 -0.000331 1.000000 -0.000000 -0.045978 -0.000000 0.000000 1.000000 0.000000
0.999998 0.001737 0.000000 2.025793 -0.001737 0.999998 -0.000000 -0.060183 -0.000000 0.000000 1.000000 0.000000
1.000000 0.000124 0.000000 2.953932 -0.000124 1.000000 -0.000000 -0.086837 -0.000000 0.000000 1.000000 0.000000
0.999997 -0.002490 0.000000 3.571336 0.002490 0.999997 0.000000 -0.109121 0.000000 0.000000 1.000000 0.000000
0.999996 -0.002793 0.000000 4.210148 0.002793 0.999996 0.000000 -0.120212 0.000000 0.000000 1.000000 0.000000
0.999985 -0.005531 0.000000 4.846913 0.005531 0.999985 0.000000 -0.143048 0.000000 0.000000 1.000000 0.000000
0.999963 -0.008624 0.000000 6.099912 0.008624 0.999963 0.000000 -0.168907 0.000000 0.000000 1.000000 0.000000
0.999965 -0.008320 0.000000 6.728770 0.008320 0.999965 0.000000 -0.189319 0.000000 0.000000 1.000000 0.000000
0.999973 -0.007348 0.000000 7.361477 0.007348 0.999973 0.000000 -0.209101 0.000000 0.000000 1.000000 0.000000
0.999982 -0.005996 0.000000 7.992780 0.005996 0.999982 0.000000 -0.218095 0.000000 0.000000 1.000000 0.000000
0.999974 -0.007152 0.000000 8.665855 0.007152 0.999974 0.000000 -0.239256 0.000000 0.000000 1.000000 0.000000
0.999972 -0.007424 0.000000 9.287583 0.007424 0.999972 0.000000 -0.266533 0.000000 0.000000 1.000000 0.000000
0.999971 -0.007666 0.000000 9.912254 0.007666 0.999971 0.000000 -0.276257 0.000000 0.000000 1.000000 0.000000
0.999962 -0.008723 0.000000 10.544434 0.008723 0.999962 0.000000 -0.280085 0.000000 0.000000 1.000000 0.000000
0.999953 -0.009704 0.000000 11.172113 0.009704 0.999953 0.000000 -0.291600 0.000000 0.000000 1.000000 0.000000
0.999957 -0.009255 0.000000 11.791955 0.009255 0.999957 0.000000 -0.291649 0.000000 0.000000 1.000000 0.000000
0.999967 -0.008144 0.000000 12.424816 0.008144 0.999967 0.000000 -0.299191 0.000000 0.000000 1.000000 0.000000
0.999959 -0.009081 0.000000 13.053948 0.009081 0.999959 0.000000 -0.323272 0.000000 0.000000 1.000000 0.000000
0.999965 -0.008406 0.000000 13.697536 0.008406 0.999965 0.000000 -0.335287 0.000000 0.000000 1.000000 0.000000
0.999957 -0.009276 0.000000 14.278146 0.009276 0.999957 0.000000 -0.341144 0.000000 0.000000 1.000000 0.000000
0.999957 -0.009273 0.000000 14.896429 0.009273 0.999957 0.000000 -0.355844 0.000000 0.000000 1.000000 0.000000
0.999961 -0.008866 0.000000 15.511126 0.008866 0.999961 0.000000 -0.374240 0.000000 0.000000 1.000000 0.000000
0.999942 -0.010750 0.000000 16.153681 0.010750 0.999942 0.000000 -0.386285 0.000000 0.000000 1.000000 0.000000
0.999928 -0.011996 0.000000 16.768961 0.011996 0.999928 0.000000 -0.390492 0.000000 0.000000 1.000000 0.000000
0.999916 -0.012978 0.000000 17.392858 0.012978 0.999916 0.000000 -0.402311 0.000000 0.000000 1.000000 0.000000
0.999903 -0.013904 0.000000 18.013080 0.013904 0.999903 0.000000 -0.414387 0.000000 0.000000 1.000000 0.000000
0.999919 -0.012691 0.000000 18.636369 0.012691 0.999919 0.000000 -0.421093 0.000000 0.000000 1.000000 0.000000
0.999890 -0.014822 0.000000 19.251259 0.014822 0.999890 0.000000 -0.426510 0.000000 0.000000 1.000000 0.000000
0.999887 -0.015010 0.000000 19.847029 0.015010 0.999887 0.000000 -0.436916 0.000000 0.000000 1.000000 0.000000
0.999867 -0.016291 0.000000 20.474731 0.016291 0.999867 0.000000 -0.441402 0.000000 0.000000 1.000000 0.000000
0.999893 -0.014595 0.000000 21.100957 0.014595 0.999893 0.000000 -0.446469 0.000000 0.000000 1.000000 0.000000
0.999918 -0.012792 0.000000 21.684639 0.012792 0.999918 0.000000 -0.453911 0.000000 0.000000 1.000000 0.000000
0.999882 -0.015329 0.000000 22.311792 0.015329 0.999882 0.000000 -0.465995 0.000000 0.000000 1.000000 0.000000
0.999845 -0.017604 0.000000 22.924132 0.017604 0.999845 0.000000 -0.466395 0.000000 0.000000 1.000000 0.000000
0.999812 -0.019413 0.000000 23.517372 0.019413 0.999812 0.000000 -0.472711 0.000000 0.000000 1.000000 0.000000
0.999819 -0.019006 0.000000 24.140128 0.019006 0.999819 0.000000 -0.470362 0.000000 0.000000 1.000000 0.000000
0.999835 -0.018178 0.000000 24.765128 0.018178 0.999835 0.000000 -0.475342 0.000000 0.000000 1.000000 0.000000
0.999838 -0.017975 0.000000 25.381639 0.017975 0.999838 0.000000 -0.481744 0.000000 0.000000 1.000000 0.000000
0.999861 -0.016654 0.000000 25.971347 0.016654 0.999861 0.000000 -0.483062 0.000000 0.000000 1.000000 0.000000
0.999916 -0.012989 0.000000 26.609122 0.012989 0.999916 0.000000 -0.492526 0.000000 0.000000 1.000000 0.000000
0.999926 -0.012129 0.000000 27.205323 0.012129 0.999926 0.000000 -0.505159 0.000000 0.000000 1.000000 0.000000
0.999917 -0.012884 0.000000 27.843097 0.012884 0.999917 0.000000 -0.514604 0.000000 0.000000 1.000000 0.000000
0.999891 -0.014745 0.000000 28.470991 0.014745 0.999891 0.000000 -0.527686 0.000000 0.000000 1.000000 0.000000
0.999866 -0.016366 0.000000 29.292580 0.016366 0.999866 0.000000 -0.546567 0.000000 0.000000 1.000000 0.000000
0.999873 -0.015951 0.000000 29.940493 0.015951 0.999873 0.000000 -0.547586 0.000000 0.000000 1.000000 0.000000
0.999887 -0.015057 0.000000 30.582044 0.015057 0.999887 0.000000 -0.541652 0.000000 0.000000 1.000000 0.000000
0.999898 -0.014266 0.000000 31.213388 0.014266 0.999898 0.000000 -0.540518 0.000000 0.000000 1.000000 0.000000
0.999909 -0.013519 0.000000 31.842134 0.013519 0.999909 0.000000 -0.535021 0.000000 0.000000 1.000000 0.000000
0.999889 -0.014922 0.000000 32.490187 0.014922 0.999889 0.000000 -0.539754 0.000000 0.000000 1.000000 0.000000
0.999916 -0.012925 0.000000 33.155528 0.012925 0.999916 0.000000 -0.537977 0.000000 0.000000 1.000000 0.000000
0.999933 -0.011559 0.000000 33.810848 0.011559 0.999933 0.000000 -0.533526 0.000000 0.000000 1.000000 0.000000
0.999956 -0.009341 0.000000 34.453834 0.009341 0.999956 0.000000 -0.522941 0.000000 0.000000 1.000000 0.000000
0.999958 -0.009150 0.000000 35.108500 0.009150 0.999958 0.000000 -0.522486 0.000000 0.000000 1.000000 0.000000
0.999974 -0.007261 0.000000 35.749912 0.007261 0.999974 0.000000 -0.518084 0.000000 0.000000 1.000000 0.000000
0.999962 -0.008758 0.000000 36.398116 0.008758 0.999962 0.000000 -0.519628 0.000000 0.000000 1.000000 0.000000
0.999968 -0.008010 0.000000 37.035774 0.008010 0.999968 0.000000 -0.521193 0.000000 0.000000 1.000000 0.000000
0.999974 -0.007160 0.000000 37.665201 0.007160 0.999974 0.000000 -0.519971 0.000000 0.000000 1.000000 0.000000
0.999965 -0.008377 0.000000 38.265638 0.008377 0.999965 0.000000 -0.528961 0.000000 0.000000 1.000000 0.000000
0.999976 -0.006866 0.000000 38.898148 0.006866 0.999976 0.000000 -0.530694 0.000000 0.000000 1.000000 0.000000
0.999991 -0.004319 0.000000 39.513041 0.004319 0.999991 0.000000 -0.523336 0.000000 0.000000 1.000000 0.000000
0.999989 -0.004668 0.000000 40.156773 0.004668 0.999989 0.000000 -0.529186 0.000000 0.000000 1.000000 0.000000
0.999980 -0.006401 0.000000 40.789899 0.006401 0.999980 0.000000 -0.532195 0.000000 0.000000 1.000000 0.000000
0.999982 -0.005941 0.000000 41.422015 0.005941 0.999982 0.000000 -0.527935 0.000000 0.000000 1.000000 0.000000
0.999990 -0.004385 0.000000 42.061160 0.004385 0.999990 0.000000 -0.526393 0.000000 0.000000 1.000000 0.000000
0.999994 -0.003460 0.000000 42.703949 0.003460 0.999994 0.000000 -0.525322 0.000000 0.000000 1.000000 0.000000
0.999995 -0.003010 0.000000 43.358478 0.003010 0.999995 0.000000 -0.516669 0.000000 0.000000 1.000000 0.000000
0.999999 -0.001110 0.000000 43.998178 0.001110 0.999999 0.000000 -0.507696 0.000000 0.000000 1.000000 0.000000
0.999999 -0.001317 0.000000 44.649306 0.001317 0.999999 0.000000 -0.505613 0.000000 0.000000 1.000000 0.000000
0.999994 -0.003358 0.000000 45.258772 0.003358 0.999994 0.000000 -0.512266 0.000000 0.000000 1.000000 0.000000
0.999999 -0.001201 0.000000 45.922886 0.001201 0.999999 0.000000 -0.496061 0.000000 0.000000 1.000000 0.000000
0.999999 -0.001074 0.000000 46.578533 0.001074 0.999999 0.000000 -0.490278 0.000000 0.000000 1.000000 0.000000
1.000000 0.000802 0.000000 47.245334 -0.000802 1.000000 -0.000000 -0.490371 -0.000000 0.000000 1.000000 0.000000
0.999994 -0.003356 0.000000 47.918408 0.003356 0.999994 0.000000 -0.489742 0.000000 0.000000 1.000000 0.000000
0.999983 -0.005885 0.000000 48.565717 0.005885 0.999983 0.000000 -0.488864 0.000000 0.000000 1.000000 0.000000
0.999982 -0.005946 0.000000 49.178730 0.005946 0.999982 0.000000 -0.488195 0.000000 0.000000 1.000000 0.000000
0.999987 -0.005100 0.000000 49.823298 0.005100 0.999987 0.000000 -0.482336 0.000000 0.000000 1.000000 0.000000
0.999996 -0.002745 0.000000 50.473184 0.002745 0.999996 0.000000 -0.476897 0.000000 0.000000 1.000000 0.000000
0.999997 -0.002400 0.000000 51.132391 0.002400 0.999997 0.000000 -0.472614 0.000000 0.000000 1.000000 0.000000
0.999991 -0.004262 0.000000 51.791346 0.004262 0.999991 0.000000 -0.477704 0.000000 0.000000 1.000000 0.000000
0.999968 -0.007969 0.000000 52.446824 0.007969 0.999968 0.000000 -0.472568 0.000000 0.000000 1.000000 0.000000
0.999977 -0.006809 0.000000 53.466093 0.006809 0.999977 0.000000 -0.483840 0.000000 0.000000 1.000000 0.000000
0.999955 -0.009494 0.000000 54.143495 0.009494 0.999955 0.000000 -0.487848 0.000000 0.000000 1.000000 0.000000
0.999977 -0.006728 0.000000 54.783185 0.006728 0.999977 0.000000 -0.488397 0.000000 0.000000 1.000000 0.000000
0.999971 -0.007681 0.000000 55.441813 0.007681 0.999971 0.000000 -0.490964 0.000000 0.000000 1.000000 0.000000
0.999966 -0.008260 0.000000 56.107750 0.008260 0.999966 0.000000 -0.491265 0.000000 0.000000 1.000000 0.000000
0.999955 -0.009501 0.000000 56.776108 0.009501 0.999955 0.000000 -0.495885 0.000000 0.000000 1.000000 0.000000
0.999958 -0.009164 0.000000 57.431609 0.009164 0.999958 0.000000 -0.499227 0.000000 0.000000 1.000000 0.000000
0.999945 -0.010500 0.000000 58.082953 0.010500 0.999945 0.000000 -0.500185 0.000000 0.000000 1.000000 0.000000
0.999923 -0.012429 0.000000 59.424021 0.012429 0.999923 0.000000 -0.485899 0.000000 0.000000 1.000000 0.000000
0.999921 -0.012602 0.000000 60.063262 0.012602 0.999921 0.000000 -0.467684 0.000000 0.000000 1.000000 0.000000
0.999877 -0.015679 0.000000 60.702394 0.015679 0.999877 0.000000 -0.446747 0.000000 0.000000 1.000000 0.000000
0.999895 -0.014472 0.000000 61.349286 0.014472 0.999895 0.000000 -0.428461 0.000000 0.000000 1.000000 0.000000
0.999931 -0.011714 0.000000 61.984426 0.011714 0.999931 0.000000 -0.414343 0.000000 0.000000 1.000000 0.000000
0.999955 -0.009511 0.000000 62.649597 0.009511 0.999955 0.000000 -0.407947 0.000000 0.000000 1.000000 0.000000
0.999959 -0.009003 0.000000 63.290089 0.009003 0.999959 0.000000 -0.404022 0.000000 0.000000 1.000000 0.000000
0.999966 -0.008306 0.000000 63.895211 0.008306 0.999966 0.000000 -0.397592 0.000000 0.000000 1.000000 0.000000
0.999958 -0.009190 0.000000 64.525313 0.009190 0.999958 0.000000 -0.401824 0.000000 0.000000 1.000000 0.000000
0.999958 -0.009146 0.000000 65.117355 0.009146 0.999958 0.000000 -0.409351 0.000000 0.000000 1.000000 0.000000
0.999965 -0.008403 0.000000 65.746623 0.008403 0.999965 0.000000 -0.424049 0.000000 0.000000 1.000000 0.000000
0.999972 -0.007502 0.000000 66.374006 0.007502 0.999972 0.000000 -0.433410 0.000000 0.000000 1.000000 0.000000
0.999972 -0.007484 0.000000 66.960300 0.007484 0.999972 0.000000 -0.435591 0.000000 0.000000 1.000000 0.000000
0.999979 -0.006490 0.000000 67.574929 0.006490 0.999979 0.000000 -0.435691 0.000000 0.000000 1.000000 0.000000
0.999961 -0.008793 0.000000 68.175479 0.008793 0.999961 0.000000 -0.442753 0.000000 0.000000 1.000000 0.000000
0.999958 -0.009131 0.000000 68.732053 0.009131 0.999958 0.000000 -0.450779 0.000000 0.000000 1.000000 0.000000
0.999943 -0.010651 0.000000 69.335605 0.010651 0.999943 0.000000 -0.459560 0.000000 0.000000 1.000000 0.000000
0.999940 -0.010911 0.000000 69.901952 0.010911 0.999940 0.000000 -0.457530 0.000000 0.000000 1.000000 0.000000
0.999969 -0.007884 0.000000 70.513581 0.007884 0.999969 0.000000 -0.452006 0.000000 0.000000 1.000000 0.000000
0.999970 -0.007719 0.000000 71.116747 0.007719 0.999970 0.000000 -0.450937 0.000000 0.000000 1.000000 0.000000
0.999966 -0.008255 0.000000 71.948005 0.008255 0.999966 0.000000 -0.455347 0.000000 0.000000 1.000000 0.000000
0.999970 -0.007805 0.000000 72.547775 0.007805 0.999970 0.000000 -0.459114 0.000000 0.000000 1.000000 0.000000
0.999971 -0.007676 0.000000 73.145235 0.007676 0.999971 0.000000 -0.466252 0.000000 0.000000 1.000000 0.000000
0.999954 -0.009576 0.000000 73.740018 0.009576 0.999954 0.000000 -0.463530 0.000000 0.000000 1.000000 0.000000
0.999947 -0.010257 0.000000 74.333415 0.010257 0.999947 0.000000 -0.460803 0.000000 0.000000 1.000000 0.000000
0.999921 -0.012544 0.000000 74.921174 0.012544 0.999921 0.000000 -0.460087 0.000000 0.000000 1.000000 0.000000
0.999906 -0.013718 0.000000 75.554880 0.013718 0.999906 0.000000 -0.457164 0.000000 0.000000 1.000000 0.000000
0.999913 -0.013184 0.000000 76.153667 0.013184 0.999913 0.000000 -0.455350 0.000000 0.000000 1.000000 0.000000
0.999908 -0.013542 0.000000 76.748042 0.013542 0.999908 0.000000 -0.458704 0.000000 0.000000 1.000000 0.000000
0.999947 -0.010252 0.000000 77.938405 0.010252 0.999947 0.000000 -0.475985 0.000000 0.000000 1.000000 0.000000
0.999930 -0.011870 0.000000 78.526983 0.011870 0.999930 0.000000 -0.475463 0.000000 0.000000 1.000000 0.000000
0.999950 -0.010029 0.000000 79.111218 0.010029 0.999950 0.000000 -0.477285 0.000000 0.000000 1.000000 0.000000
0.999950 -0.009958 0.000000 79.689977 0.009958 0.999950 0.000000 -0.490831 0.000000 0.000000 1.000000 0.000000
0.999945 -0.010512 0.000000 80.273701 0.010512 0.999945 0.000000 -0.501066 0.000000 0.000000 1.000000 0.000000
0.999962 -0.008751 0.000000 80.854986 0.008751 0.999962 0.000000 -0.510576 0.000000 0.000000 1.000000 0.000000
0.999951 -0.009935 0.000000 81.430864 0.009935 0.999951 0.000000 -0.525386 0.000000 0.000000 1.000000 0.000000
0.999932 -0.011665 0.000000 82.000578 0.011665 0.999932 0.000000 -0.522961 0.000000 0.000000 1.000000 0.000000
0.999933 -0.011541 0.000000 82.564760 0.011541 0.999933 0.000000 -0.524558 0.000000 0.000000 1.000000 0.000000
0.999957 -0.009308 0.000000 83.113575 0.009308 0.999957 0.000000 -0.527129 0.000000 0.000000 1.000000 0.000000
0.999958 -0.009188 0.000000 83.672146 0.009188 0.999958 0.000000 -0.521319 0.000000 0.000000 1.000000 0.000000
0.999959 -0.009108 0.000000 84.221018 0.009108 0.999959 0.000000 -0.519092 0.000000 0.000000 1.000000 0.000000
0.999959 -0.009076 0.000000 84.756464 0.009076 0.999959 0.000000 -0.525838 0.000000 0.000000 1.000000 0.000000
0.999972 -0.007473 0.000000 85.275446 0.007473 0.999972 0.000000 -0.528108 0.000000 0.000000 1.000000 0.000000
0.999982 -0.005933 0.000000 85.823979 0.005933 0.999982 0.000000 -0.527871 0.000000 0.000000 1.000000 0.000000
0.999994 -0.003470 0.000000 86.350904 0.003470 0.999994 0.000000 -0.536906 0.000000 0.000000 1.000000 0.000000
0.999999 -0.001430 0.000000 86.865612 0.001430 0.999999 0.000000 -0.536153 0.000000 0.000000 1.000000 0.000000
0.999999 -0.001546 0.000000 87.412267 0.001546 0.999999 0.000000 -0.551247 0.000000 0.000000 1.000000 0.000000
0.999998 -0.002098 0.000000 87.935129 0.002098 0.999998 0.000000 -0.562378 0.000000 0.000000 1.000000 0.000000
0.999998 -0.002032 0.000000 88.425960 0.002032 0.999998 0.000000 -0.573159 0.000000 0.000000 1.000000 0.000000
0.999999 -0.001077 0.000000 88.952953 0.001077 0.999999 0.000000 -0.587332 0.000000 0.000000 1.000000 0.000000
0.999998 0.001959 0.000000 89.466658 -0.001959 0.999998 -0.000000 -0.600376 -0.000000 0.000000 1.000000 0.000000
0.999999 0.001646 0.000000 89.952222 -0.001646 0.999999 -0.000000 -0.612729 -0.000000 0.000000 1.000000 0.000000
0.999997 0.002306 0.000000 90.470583 -0.002306 0.999997 -0.000000 -0.626538 -0.000000 0.000000 1.000000 0.000000
0.999993 0.003864 0.000000 90.988281 -0.003864 0.999993 -0.000000 -0.630767 -0.000000 0.000000 1.000000 0.000000
0.999981 0.006088 0.000000 91.478234 -0.006088 0.999981 -0.000000 -0.641618 -0.000000 0.000000 1.000000 0.000000
0.999976 0.006997 0.000000 91.982059 -0.006997 0.999976 -0.000000 -0.662518 -0.000000 0.000000 1.000000 0.000000
0.999972 0.007526 0.000000 92.460832 -0.007526 0.999972 -0.000000 -0.678082 -0.000000 0.000000 1.000000 0.000000
0.999954 0.009610 0.000000 92.973660 -0.009610 0.999954 -0.000000 -0.691672 -0.000000 0.000000 1.000000 0.000000
0.999949 0.010114 0.000000 93.643182 -0.010114 0.999949 -0.000000 -0.715331 -0.000000 0.000000 1.000000 0.000000
0.999905 0.013758 0.000000 94.142017 -0.013758 0.999905 -0.000000 -0.726986 -0.000000 0.000000 1.000000 0.000000
0.999875 0.015787 0.000000 94.639162 -0.015787 0.999875 -0.000000 -0.740249 -0.000000 0.000000 1.000000 0.000000
0.999856 0.016956 0.000000 95.136196 -0.016956 0.999856 -0.000000 -0.755250 -0.000000 0.000000 1.000000 0.000000
0.999863 0.016544 0.000000 95.622743 -0.016544 0.999863 -0.000000 -0.771982 -0.000000 0.000000 1.000000 0.000000
0.999876 0.015761 0.000000 96.104018 -0.015761 0.999876 -0.000000 -0.793452 -0.000000 0.000000 1.000000 0.000000
0.999853 0.017136 0.000000 96.565844 -0.017136 0.999853 -0.000000 -0.806545 -0.000000 0.000000 1.000000 0.000000
0.999781 0.020917 0.000000 97.523495 -0.020917 0.999781 -0.000000 -0.855859 -0.000000 0.000000 1.000000 0.000000
0.999742 0.022718 0.000000 97.995722 -0.022718 0.999742 -0.000000 -0.880179 -0.000000 0.000000 1.000000 0.000000
0.999660 0.026083 0.000000 98.468579 -0.026083 0.999660 -0.000000 -0.892809 -0.000000 0.000000 1.000000 0.000000
0.999604 0.028133 0.000000 98.941532 -0.028133 0.999604 -0.000000 -0.921827 -0.000000 0.000000 1.000000 0.000000
0.999567 0.029414 0.000000 99.415515 -0.029414 0.999567 -0.000000 -0.943160 -0.000000 0.000000 1.000000 0.000000
0.999461 0.032829 0.000000 99.866474 -0.032829 0.999461 -0.000000 -0.966635 -0.000000 0.000000 1.000000 0.000000
0.999395 0.034788 0.000000 100.323490 -0.034788 0.999395 -0.000000 -0.998758 -0.000000 0.000000 1.000000 0.000000
0.999240 0.038974 0.000000 100.780550 -0.038974 0.999240 -0.000000 -1.031624 -0.000000 0.000000 1.000000 0.000000
0.999116 0.042031 0.000000 101.237931 -0.042031 0.999116 -0.000000 -1.066896 -0.000000 0.000000 1.000000 0.000000
0.998999 0.044733 0.000000 101.700724 -0.044733 0.998999 -0.000000 -1.098845 -0.000000 0.000000 1.000000 0.000000
0.998890 0.047101 0.000000 102.132066 -0.047101 0.998890 -0.000000 -1.138191 -0.000000 0.000000 1.000000 0.000000
0.998808 0.048819 0.000000 102.581811 -0.048819 0.998808 -0.000000 -1.172663 -0.000000 0.000000 1.000000 0.000000
0.998640 0.052128 0.000000 103.031706 -0.052128 0.998640 -0.000000 -1.209611 -0.000000 0.000000 1.000000 0.000000
0.998597 0.052961 0.000000 103.483823 -0.052961 0.998597 -0.000000 -1.254475 -0.000000 0.000000 1.000000 0.000000
0.998399 0.056563 0.000000 103.911626 -0.056563 0.998399 -0.000000 -1.296315 -0.000000 0.000000 1.000000 0.000000
0.998272 0.058760 0.000000 104.339047 -0.058760 0.998272 -0.000000 -1.324906 -0.000000 0.000000 1.000000 0.000000
0.997756 0.066955 0.000000 104.762659 -0.066955 0.997756 -0.000000 -1.361892 -0.000000 0.000000 1.000000 0.000000
0.997555 0.069892 0.000000 105.180243 -0.069892 0.997555 -0.000000 -1.401791 -0.000000 0.000000 1.000000 0.000000
0.997303 0.073401 0.000000 105.592349 -0.073401 0.997303 -0.000000 -1.448099 -0.000000 0.000000 1.000000 0.000000
0.997290 0.073568 0.000000 106.010230 -0.073568 0.997290 -0.000000 -1.488739 -0.000000 0.000000 1.000000 0.000000
0.997022 0.077115 0.000000 106.413332 -0.077115 0.997022 -0.000000 -1.535703 -0.000000 0.000000 1.000000 0.000000
0.997056 0.076675 0.000000 106.807836 -0.076675 0.997056 -0.000000 -1.579316 -0.000000 0.000000 1.000000 0.000000
0.996524 0.083305 0.000000 107.192996 -0.083305 0.996524 -0.000000 -1.607651 -0.000000 0.000000 1.000000 0.000000
0.996208 0.086998 0.000000 107.603547 -0.086998 0.996208 -0.000000 -1.644455 -0.000000 0.000000 1.000000 0.000000
0.996255 0.086461 0.000000 107.989311 -0.086461 0.996255 -0.000000 -1.681626 -0.000000 0.000000 1.000000 0.000000
0.995948 0.089936 0.000000 108.366983 -0.089936 0.995948 -0.000000 -1.712875 -0.000000 0.000000 1.000000 0.000000
0.995601 0.093691 0.000000 108.775284 -0.093691 0.995601 -0.000000 -1.760655 -0.000000 0.000000 1.000000 0.000000
0.995181 0.098060 0.000000 109.162642 -0.098060 0.995181 -0.000000 -1.803686 -0.000000 0.000000 1.000000 0.000000
0.994868 0.101177 0.000000 109.724919 -0.101177 0.994868 -0.000000 -1.874751 -0.000000 0.000000 1.000000 0.000000
0.994675 0.103063 0.000000 110.137248 -0.103063 0.994675 -0.000000 -1.922677 -0.000000 0.000000 1.000000 0.000000
0.994497 0.104766 0.000000 110.548040 -0.104766 0.994497 -0.000000 -1.977796 -0.000000 0.000000 1.000000 0.000000
0.994293 0.106680 0.000000 110.967931 -0.106680 0.994293 -0.000000 -2.018794 -0.000000 0.000000 1.000000 0.000000
0.994054 0.108891 0.000000 111.385531 -0.108891 0.994054 -0.000000 -2.072255 -0.000000 0.000000 1.000000 0.000000
0.994006 0.109324 0.000000 111.809791 -0.109324 0.994006 -0.000000 -2.119816 -0.000000 0.000000 1.000000 0.000000
0.993924 0.110072 0.000000 112.235881 -0.110072 0.993924 -0.000000 -2.178377 -0.000000 0.000000 1.000000 0.000000
0.993637 0.112632 0.000000 112.662081 -0.112632 0.993637 -0.000000 -2.226463 -0.000000 0.000000 1.000000 0.000000
0.992866 0.119238 0.000000 113.397970 -0.119238 0.992866 -0.000000 -2.336247 -0.000000 0.000000 1.000000 0.000000
0.992858 0.119300 0.000000 113.811358 -0.119300 0.992858 -0.000000 -2.410086 -0.000000 0.000000 1.000000 0.000000
0.992976 0.118318 0.000000 114.235351 -0.118318 0.992976 -0.000000 -2.479518 -0.000000 0.000000 1.000000 0.000000
0.993034 0.117832 0.000000 114.652309 -0.117832 0.993034 -0.000000 -2.545863 -0.000000 0.000000 1.000000 0.000000
0.993139 0.116938 0.000000 115.081739 -0.116938 0.993139 -0.000000 -2.607439 -0.000000 0.000000 1.000000 0.000000
0.992641 0.121091 0.000000 115.515062 -0.121091 0.992641 -0.000000 -2.665231 -0.000000 0.000000 1.000000 0.000000
0.992721 0.120438 0.000000 115.952634 -0.120438 0.992721 -0.000000 -2.736699 -0.000000 0.000000 1.000000 0.000000
0.992750 0.120194 0.000000 116.390535 -0.120194 0.992750 -0.000000 -2.801103 -0.000000 0.000000 1.000000 0.000000
0.992696 0.120643 0.000000 116.831321 -0.120643 0.992696 -0.000000 -2.868976 -0.000000 0.000000 1.000000 0.000000
0.992486 0.122361 0.000000 117.282295 -0.122361 0.992486 -0.000000 -2.951419 -0.000000 0.000000 1.000000 0.000000
0.991932 0.126770 0.000000 117.731570 -0.126770 0.991932 -0.000000 -3.028290 -0.000000 0.000000 1.000000 0.000000
0.991898 0.127040 0.000000 118.561078 -0.127040 0.991898 -0.000000 -3.150429 -0.000000 0.000000 1.000000 0.000000
0.991930 0.126787 0.000000 119.016229 -0.126787 0.991930 -0.000000 -3.220446 -0.000000 0.000000 1.000000 0.000000
0.991787 0.127904 0.000000 119.472179 -0.127904 0.991787 -0.000000 -3.283806 -0.000000 0.000000 1.000000 0.000000
0.991553 0.129704 0.000000 119.927438 -0.129704 0.991553 -0.000000 -3.362770 -0.000000 0.000000 1.000000 0.000000
0.991265 0.131885 0.000000 120.388498 -0.131885 0.991265 -0.000000 -3.440749 -0.000000 0.000000 1.000000 0.000000
0.991144 0.132793 0.000000 120.847391 -0.132793 0.991144 -0.000000 -3.515637 -0.000000 0.000000 1.000000 0.000000
0.991030 0.133637 0.000000 121.320976 -0.133637 0.991030 -0.000000 -3.596104 -0.000000 0.000000 1.000000 0.000000
0.990589 0.136869 0.000000 121.788272 -0.136869 0.990589 -0.000000 -3.672321 -0.000000 0.000000 1.000000 0.000000
0.990101 0.140360 0.000000 122.296303 -0.140360 0.990101 -0.000000 -3.758161 -0.000000 0.000000 1.000000 0.000000
0.989714 0.143058 0.000000 122.743364 -0.143058 0.989714 -0.000000 -3.838878 -0.000000 0.000000 1.000000 0.000000
0.989799 0.142473 0.000000 123.254562 -0.142473 0.989799 -0.000000 -3.937661 -0.000000 0.000000 1.000000 0.000000
0.989684 0.143271 0.000000 123.730540 -0.143271 0.989684 -0.000000 -4.026432 -0.000000 0.000000 1.000000 0.000000
0.989405 0.145180 0.000000 124.197956 -0.145180 0.989405 -0.000000 -4.112253 -0.000000 0.000000 1.000000 0.000000
0.989709 0.143094 0.000000 124.667116 -0.143094 0.989709 -0.000000 -4.208710 -0.000000 0.000000 1.000000 0.000000
0.989259 0.146176 0.000000 125.139654 -0.146176 0.989259 -0.000000 -4.287718 -0.000000 0.000000 1.000000 0.000000
0.989010 0.147850 0.000000 125.605552 -0.147850 0.989010 -0.000000 -4.374403 -0.000000 0.000000 1.000000 0.000000
0.988519 0.151098 0.000000 126.083413 -0.151098 0.988519 -0.000000 -4.466764 -0.000000 0.000000 1.000000 0.000000
0.987743 0.156092 0.000000 126.569133 -0.156092 0.987743 -0.000000 -4.559313 -0.000000 0.000000 1.000000 0.000000
0.987739 0.156115 0.000000 127.027342 -0.156115 0.987739 -0.000000 -4.640273 -0.000000 0.000000 1.000000 0.000000
0.987766 0.155946 0.000000 127.511116 -0.155946 0.987766 -0.000000 -4.715228 -0.000000 0.000000 1.000000 0.000000
0.987551 0.157302 0.000000 128.000527 -0.157302 0.987551 -0.000000 -4.799185 -0.000000 0.000000 1.000000 0.000000
0.987523 0.157475 0.000000 128.789550 -0.157475 0.987523 -0.000000 -4.944735 -0.000000 0.000000 1.000000 0.000000
0.987418 0.158135 0.000000 129.284909 -0.158135 0.987418 -0.000000 -5.034981 -0.000000 0.000000 1.000000 0.000000
0.989035 0.147684 0.000000 130.270123 -0.147684 0.989035 -0.000000 -5.227709 -0.000000 0.000000 1.000000 0.000000
0.988798 0.149259 0.000000 130.758585 -0.149259 0.988798 -0.000000 -5.311462 -0.000000 0.000000 1.000000 0.000000
0.988738 0.149655 0.000000 131.258370 -0.149655 0.988738 -0.000000 -5.399912 -0.000000 0.000000 1.000000 0.000000
0.988495 0.151252 0.000000 131.766422 -0.151252 0.988495 -0.000000 -5.489752 -0.000000 0.000000 1.000000 0.000000
0.988622 0.150423 0.000000 132.273160 -0.150423 0.988622 -0.000000 -5.577179 -0.000000 0.000000 1.000000 0.000000
0.988393 0.151921 0.000000 132.773043 -0.151921 0.988393 -0.000000 -5.658460 -0.000000 0.000000 1.000000 0.000000
0.988341 0.152254 0.000000 133.318644 -0.152254 0.988341 -0.000000 -5.752347 -0.000000 0.000000 1.000000 0.000000
0.987924 0.154937 0.000000 133.807852 -0.154937 0.987924 -0.000000 -5.831378 -0.000000 0.000000 1.000000 0.000000
0.987678 0.156499 0.000000 134.328257 -0.156499 0.987678 -0.000000 -5.921529 -0.000000 0.000000 1.000000 0.000000
0.987868 0.155296 0.000000 134.839421 -0.155296 0.987868 -0.000000 -6.004581 -0.000000 0.000000 1.000000 0.000000
0.988416 0.151770 0.000000 135.320935 -0.151770 0.988416 -0.000000 -6.091149 -0.000000 0.000000 1.000000 0.000000
0.988371 0.152062 0.000000 135.834545 -0.152062 0.988371 -0.000000 -6.178126 -0.000000 0.000000 1.000000 0.000000
0.988320 0.152393 0.000000 136.358648 -0.152393 0.988320 -0.000000 -6.263743 -0.000000 0.000000 1.000000 0.000000
0.987909 0.155032 0.000000 136.841727 -0.155032 0.987909 -0.000000 -6.334090 -0.000000 0.000000 1.000000 0.000000
0.988432 0.151662 0.000000 137.371740 -0.151662 0.988432 -0.000000 -6.403200 -0.000000 0.000000 1.000000 0.000000
0.987871 0.155277 0.000000 137.906862 -0.155277 0.987871 -0.000000 -6.495279 -0.000000 0.000000 1.000000 0.000000
0.987550 0.157305 0.000000 138.540334 -0.157305 0.987550 -0.000000 -6.595121 -0.000000 0.000000 1.000000 0.000000
0.987373 0.158415 0.000000 139.104094 -0.158415 0.987373 -0.000000 -6.696270 -0.000000 0.000000 1.000000 0.000000
0.986979 0.160852 0.000000 139.600966 -0.160852 0.986979 -0.000000 -6.781083 -0.000000 0.000000 1.000000 0.000000
0.986916 0.161237 0.000000 140.124303 -0.161237 0.986916 -0.000000 -6.887929 -0.000000 0.000000 1.000000 0.000000
0.986092 0.166198 0.000000 140.669193 -0.166198 0.986092 -0.000000 -6.996904 -0.000000 0.000000 1.000000 0.000000
0.985623 0.168957 0.000000 141.213860 -0.168957 0.985623 -0.000000 -7.107540 -0.000000 0.000000 1.000000 0.000000
0.984547 0.175123 0.000000 145.046378 -0.175123 0.984547 -0.000000 -7.897254 -0.000000 0.000000 1.000000 0.000000
0.984622 0.174697 0.000000 145.573524 -0.174697 0.984622 -0.000000 -8.010002 -0.000000 0.000000 1.000000 0.000000
0.985281 0.170944 0.000000 146.736472 -0.170944 0.985281 -0.000000 -8.252485 -0.000000 0.000000 1.000000 0.000000
0.984155 0.177308 0.000000 147.854948 -0.177308 0.984155 -0.000000 -8.494138 -0.000000 0.000000 1.000000 0.000000
0.983909 0.178671 0.000000 148.423858 -0.178671 0.983909 -0.000000 -8.612602 -0.000000 0.000000 1.000000 0.000000
0.983713 0.179749 0.000000 148.975328 -0.179749 0.983713 -0.000000 -8.741398 -0.000000 0.000000 1.000000 0.000000
0.983691 0.179866 0.000000 149.551765 -0.179866 0.983691 -0.000000 -8.855541 -0.000000 0.000000 1.000000 0.000000
0.984004 0.178146 0.000000 150.129404 -0.178146 0.984004 -0.000000 -8.996072 -0.000000 0.000000 1.000000 0.000000
0.984709 0.174208 0.000000 150.705838 -0.174208 0.984709 -0.000000 -9.128118 -0.000000 0.000000 1.000000 0.000000
0.984157 0.177298 0.000000 151.283818 -0.177298 0.984157 -0.000000 -9.256387 -0.000000 0.000000 1.000000 0.000000
0.984133 0.177432 0.000000 151.861637 -0.177432 0.984133 -0.000000 -9.378663 -0.000000 0.000000 1.000000 0.000000
0.984307 0.176463 0.000000 152.434463 -0.176463 0.984307 -0.000000 -9.515423 -0.000000 0.000000 1.000000 0.000000
0.984268 0.176680 0.000000 153.349037 -0.176680 0.984268 -0.000000 -9.716914 -0.000000 0.000000 1.000000 0.000000
0.983768 0.179446 0.000000 153.925856 -0.179446 0.983768 -0.000000 -9.837463 -0.000000 0.000000 1.000000 0.000000
0.984176 0.177195 0.000000 154.480618 -0.177195 0.984176 -0.000000 -9.976024 -0.000000 0.000000 1.000000 0.000000
0.983829 0.179109 0.000000 155.058837 -0.179109 0.983829 -0.000000 -10.114114 -0.000000 0.000000 1.000000 0.000000
0.983601 0.180360 0.000000 155.678802 -0.180360 0.983601 -0.000000 -10.255634 -0.000000 0.000000 1.000000 0.000000
0.983330 0.181831 0.000000 156.210397 -0.181831 0.983330 -0.000000 -10.378944 -0.000000 0.000000 1.000000 0.000000
0.983341 0.181773 0.000000 156.810043 -0.181773 0.983341 -0.000000 -10.539036 -0.000000 0.000000 1.000000 0.000000
0.983545 0.180663 0.000000 157.387643 -0.180663 0.983545 -0.000000 -10.687559 -0.000000 0.000000 1.000000 0.000000
0.983697 0.179831 0.000000 157.970171 -0.179831 0.983697 -0.000000 -10.829172 -0.000000 0.000000 1.000000 0.000000
0.983869 0.178888 0.000000 158.546061 -0.178888 0.983869 -0.000000 -10.944446 -0.000000 0.000000 1.000000 0.000000
0.983889 0.178778 0.000000 159.118911 -0.178778 0.983889 -0.000000 -11.062583 -0.000000 0.000000 1.000000 0.000000
0.984185 0.177145 0.000000 159.694684 -0.177145 0.984185 -0.000000 -11.173732 -0.000000 0.000000 1.000000 0.000000
0.984384 0.176036 0.000000 160.269571 -0.176036 0.984384 -0.000000 -11.283860 -0.000000 0.000000 1.000000 0.000000
0.984348 0.176237 0.000000 160.830918 -0.176237 0.984348 -0.000000 -11.393953 -0.000000 0.000000 1.000000 0.000000
0.984686 0.174335 0.000000 161.406061 -0.174335 0.984686 -0.000000 -11.512056 -0.000000 0.000000 1.000000 0.000000
0.984156 0.177303 0.000000 161.979249 -0.177303 0.984156 -0.000000 -11.628313 -0.000000 0.000000 1.000000 0.000000
0.983833 0.179091 0.000000 163.106940 -0.179091 0.983833 -0.000000 -11.866801 -0.000000 0.000000 1.000000 0.000000
0.983838 0.179059 0.000000 163.675232 -0.179059 0.983838 -0.000000 -11.993177 -0.000000 0.000000 1.000000 0.000000
0.984055 0.177867 0.000000 164.204956 -0.177867 0.984055 -0.000000 -12.114400 -0.000000 0.000000 1.000000 0.000000
0.983956 0.178413 0.000000 164.795990 -0.178413 0.983956 -0.000000 -12.240417 -0.000000 0.000000 1.000000 0.000000
0.983782 0.179369 0.000000 165.359047 -0.179369 0.983782 -0.000000 -12.349785 -0.000000 0.000000 1.000000 0.000000
0.984117 0.177523 0.000000 166.479002 -0.177523 0.984117 -0.000000 -12.579079 -0.000000 0.000000 1.000000 0.000000
0.984315 0.176422 0.000000 167.051462 -0.176422 0.984315 -0.000000 -12.689126 -0.000000 0.000000 1.000000 0.000000
0.984112 0.177549 0.000000 167.586827 -0.177549 0.984112 -0.000000 -12.802368 -0.000000 0.000000 1.000000 0.000000
0.983995 0.178198 0.000000 168.149880 -0.178198 0.983995 -0.000000 -12.916334 -0.000000 0.000000 1.000000 0.000000
0.984303 0.176488 0.000000 168.720354 -0.176488 0.984303 -0.000000 -13.032334 -0.000000 0.000000 1.000000 0.000000
0.984146 0.177361 0.000000 169.264590 -0.177361 0.984146 -0.000000 -13.129201 -0.000000 0.000000 1.000000 0.000000
0.983828 0.179115 0.000000 170.031885 -0.179115 0.983828 -0.000000 -13.272999 -0.000000 0.000000 1.000000 0.000000
0.983155 0.182775 0.000000 170.614107 -0.182775 0.983155 -0.000000 -13.368576 -0.000000 0.000000 1.000000 0.000000
0.983184 0.182620 0.000000 171.197930 -0.182620 0.983184 -0.000000 -13.475395 -0.000000 0.000000 1.000000 0.000000
0.982410 0.186736 0.000000 171.813727 -0.186736 0.982410 -0.000000 -13.586607 -0.000000 0.000000 1.000000 0.000000
0.982544 0.186030 0.000000 172.359100 -0.186030 0.982544 -0.000000 -13.685198 -0.000000 0.000000 1.000000 0.000000
0.983084 0.183157 0.000000 172.978008 -0.183157 0.983084 -0.000000 -13.824124 -0.000000 0.000000 1.000000 0.000000
0.982474 0.186401 0.000000 173.562549 -0.186401 0.982474 -0.000000 -13.927351 -0.000000 0.000000 1.000000 0.000000
0.982960 0.183820 0.000000 174.144002 -0.183820 0.982960 -0.000000 -14.040828 -0.000000 0.000000 1.000000 0.000000
0.982196 0.187861 0.000000 174.735278 -0.187861 0.982196 -0.000000 -14.153064 -0.000000 0.000000 1.000000 0.000000
0.982792 0.184714 0.000000 175.309531 -0.184714 0.982792 -0.000000 -14.274545 -0.000000 0.000000 1.000000 0.000000
0.983037 0.183405 0.000000 175.899062 -0.183405 0.983037 -0.000000 -14.383546 -0.000000 0.000000 1.000000 0.000000
0.982924 0.184011 0.000000 176.481178 -0.184011 0.982924 -0.000000 -14.505530 -0.000000 0.000000 1.000000 0.000000
0.983837 0.179068 0.000000 177.072487 -0.179068 0.983837 -0.000000 -14.632298 -0.000000 0.000000 1.000000 0.000000
0.984515 0.175303 0.000000 177.650859 -0.175303 0.984515 -0.000000 -14.756760 -0.000000 0.000000 1.000000 0.000000
0.984347 0.176240 0.000000 178.234848 -0.176240 0.984347 -0.000000 -14.868167 -0.000000 0.000000 1.000000 0.000000
0.983933 0.178538 0.000000 178.813250 -0.178538 0.983933 -0.000000 -14.987349 -0.000000 0.000000 1.000000 0.000000
0.983792 0.179312 0.000000 179.385692 -0.179312 0.983792 -0.000000 -15.091127 -0.000000 0.000000 1.000000 0.000000
0.983612 0.180298 0.000000 179.929586 -0.180298 0.983612 -0.000000 -15.204673 -0.000000 0.000000 1.000000 0.000000
0.983677 0.179944 0.000000 180.551565 -0.179944 0.983677 -0.000000 -15.330503 -0.000000 0.000000 1.000000 0.000000
0.984126 0.177472 0.000000 181.083301 -0.177472 0.984126 -0.000000 -15.441683 -0.000000 0.000000 1.000000 0.000000
0.984013 0.178096 0.000000 181.668983 -0.178096 0.984013 -0.000000 -15.561103 -0.000000 0.000000 1.000000 0.000000
0.983936 0.178523 0.000000 182.253171 -0.178523 0.983936 -0.000000 -15.679580 -0.000000 0.000000 1.000000 0.000000
0.983502 0.180898 0.000000 182.840258 -0.180898 0.983502 -0.000000 -15.808732 -0.000000 0.000000 1.000000 0.000000
0.982236 0.187650 0.000000 183.419483 -0.187650 0.982236 -0.000000 -15.929279 -0.000000 0.000000 1.000000 0.000000
0.982364 0.186976 0.000000 184.002303 -0.186976 0.982364 -0.000000 -16.043293 -0.000000 0.000000 1.000000 0.000000
0.982576 0.185863 0.000000 184.596100 -0.185863 0.982576 -0.000000 -16.154147 -0.000000 0.000000 1.000000 0.000000
0.982694 0.185239 0.000000 185.185150 -0.185239 0.982694 -0.000000 -16.275547 -0.000000 0.000000 1.000000 0.000000
0.982689 0.185263 0.000000 185.781243 -0.185263 0.982689 -0.000000 -16.401241 -0.000000 0.000000 1.000000 0.000000
0.982382 0.186882 0.000000 186.385880 -0.186882 0.982382 -0.000000 -16.528919 -0.000000 0.000000 1.000000 0.000000
0.982771 0.184829 0.000000 186.969396 -0.184829 0.982771 -0.000000 -16.664727 -0.000000 0.000000 1.000000 0.000000
0.982917 0.184048 0.000000 187.554161 -0.184048 0.982917 -0.000000 -16.787036 -0.000000 0.000000 1.000000 0.000000
0.982516 0.186177 0.000000 188.148479 -0.186177 0.982516 -0.000000 -16.905278 -0.000000 0.000000 1.000000 0.000000
0.982424 0.186665 0.000000 188.701453 -0.186665 0.982424 -0.000000 -17.023138 -0.000000 0.000000 1.000000 0.000000
0.982526 0.186124 0.000000 189.278910 -0.186124 0.982526 -0.000000 -17.150242 -0.000000 0.000000 1.000000 0.000000
0.982589 0.185792 0.000000 189.862797 -0.185792 0.982589 -0.000000 -17.272508 -0.000000 0.000000 1.000000 0.000000
0.982587 0.185804 0.000000 190.422397 -0.185804 0.982587 -0.000000 -17.389505 -0.000000 0.000000 1.000000 0.000000
0.983080 0.183177 0.000000 190.990899 -0.183177 0.983080 -0.000000 -17.514295 -0.000000 0.000000 1.000000 0.000000
0.982786 0.184746 0.000000 191.571628 -0.184746 0.982786 -0.000000 -17.650106 -0.000000 0.000000 1.000000 0.000000
0.983475 0.181044 0.000000 192.121561 -0.181044 0.983475 -0.000000 -17.779331 -0.000000 0.000000 1.000000 0.000000
0.983481 0.181012 0.000000 192.692020 -0.181012 0.983481 -0.000000 -17.899296 -0.000000 0.000000 1.000000 0.000000
0.982887 0.184209 0.000000 193.268961 -0.184209 0.982887 -0.000000 -18.018241 -0.000000 0.000000 1.000000 0.000000
0.982961 0.183816 0.000000 193.809382 -0.183816 0.982961 -0.000000 -18.124796 -0.000000 0.000000 1.000000 0.000000
0.982614 0.185660 0.000000 194.390591 -0.185660 0.982614 -0.000000 -18.240014 -0.000000 0.000000 1.000000 0.000000
0.982445 0.186555 0.000000 194.954116 -0.186555 0.982445 -0.000000 -18.370031 -0.000000 0.000000 1.000000 0.000000
0.982403 0.186772 0.000000 195.784083 -0.186772 0.982403 -0.000000 -18.564233 -0.000000 0.000000 1.000000 0.000000
0.982189 0.187893 0.000000 196.354558 -0.187893 0.982189 -0.000000 -18.684820 -0.000000 0.000000 1.000000 0.000000
0.982110 0.188311 0.000000 196.925951 -0.188311 0.982110 -0.000000 -18.794409 -0.000000 0.000000 1.000000 0.000000
0.982391 0.186837 0.000000 197.503548 -0.186837 0.982391 -0.000000 -18.906155 -0.000000 0.000000 1.000000 0.000000
0.982290 0.187369 0.000000 198.077322 -0.187369 0.982290 -0.000000 -19.029456 -0.000000 0.000000 1.000000 0.000000
0.982691 0.185254 0.000000 198.659273 -0.185254 0.982691 -0.000000 -19.135690 -0.000000 0.000000 1.000000 0.000000
0.983363 0.181651 0.000000 199.231417 -0.181651 0.983363 -0.000000 -19.260237 -0.000000 0.000000 1.000000 0.000000
0.983283 0.182086 0.000000 199.824143 -0.182086 0.983283 -0.000000 -19.384308 -0.000000 0.000000 1.000000 0.000000
0.983273 0.182140 0.000000 200.338077 -0.182140 0.983273 -0.000000 -19.495968 -0.000000 0.000000 1.000000 0.000000
0.983086 0.183143 0.000000 201.330034 -0.183143 0.983086 -0.000000 -19.711673 -0.000000 0.000000 1.000000 0.000000
0.983068 0.183240 0.000000 201.907321 -0.183240 0.983068 -0.000000 -19.825948 -0.000000 0.000000 1.000000 0.000000
0.983023 0.183483 0.000000 202.641500 -0.183483 0.983023 -0.000000 -19.978589 -0.000000 0.000000 1.000000 0.000000
0.982993 0.183642 0.000000 203.377200 -0.183642 0.982993 -0.000000 -20.130434 -0.000000 0.000000 1.000000 0.000000
0.982717 0.185116 0.000000 204.357828 -0.185116 0.982717 -0.000000 -20.336904 -0.000000 0.000000 1.000000 0.000000
0.982953 0.183859 0.000000 204.943066 -0.183859 0.982953 -0.000000 -20.454638 -0.000000 0.000000 1.000000 0.000000
0.983125 0.182935 0.000000 205.541476 -0.182935 0.983125 -0.000000 -20.580680 -0.000000 0.000000 1.000000 0.000000
0.983134 0.182889 0.000000 206.120983 -0.182889 0.983134 -0.000000 -20.698976 -0.000000 0.000000 1.000000 0.000000
0.983105 0.183045 0.000000 206.673267 -0.183045 0.983105 -0.000000 -20.806647 -0.000000 0.000000 1.000000 0.000000
0.983581 0.180465 0.000000 207.246215 -0.180465 0.983581 -0.000000 -20.924405 -0.000000 0.000000 1.000000 0.000000
0.983035 0.183419 0.000000 207.810289 -0.183419 0.983035 -0.000000 -21.041749 -0.000000 0.000000 1.000000 0.000000
0.982990 0.183658 0.000000 208.625982 -0.183658 0.982990 -0.000000 -21.227465 -0.000000 0.000000 1.000000 0.000000
0.983293 0.182031 0.000000 209.202336 -0.182031 0.983293 -0.000000 -21.349104 -0.000000 0.000000 1.000000 0.000000
0.983376 0.181581 0.000000 209.776600 -0.181581 0.983376 -0.000000 -21.473703 -0.000000 0.000000 1.000000 0.000000
0.983377 0.181576 0.000000 210.348533 -0.181576 0.983377 -0.000000 -21.593590 -0.000000 0.000000 1.000000 0.000000
