0.999895 0.014469 -0.000352 4.864558 -0.014469 0.999895 0.001076 -0.058777 0.000368 -0.001071 0.999999 0.072268
0.999857 0.016877 -0.000606 5.441151 -0.016877 0.999857 0.000624 -0.073170 0.000616 -0.000614 1.000000 0.081048
0.999722 0.023550 0.000887 6.637530 -0.023552 0.999721 0.001581 -0.107859 -0.000849 -0.001601 0.999998 0.099404
0.999645 0.026515 0.002638 7.248065 -0.026522 0.999645 0.002458 -0.128251 -0.002571 -0.002528 0.999993 0.108848
0.999548 0.029809 0.003814 7.804110 -0.029817 0.999553 0.002157 -0.148216 -0.003748 -0.002270 0.999990 0.117490
0.999430 0.033450 0.004642 8.408939 -0.033463 0.999436 0.002786 -0.173721 -0.004546 -0.002940 0.999985 0.126999
0.999240 0.038912 0.002271 9.218037 -0.038919 0.999237 0.003340 -0.210268 -0.002139 -0.003426 0.999992 0.139789
0.999052 0.043533 0.000347 9.804149 -0.043534 0.999049 0.002409 -0.239788 -0.000242 -0.002421 0.999997 0.149142
0.998868 0.047568 -0.000218 10.362621 -0.047567 0.998863 0.003078 -0.268228 0.000364 -0.003064 0.999995 0.158063
0.998620 0.052523 -0.000177 10.955088 -0.052522 0.998611 0.004155 -0.302557 0.000395 -0.004140 0.999991 0.167646
0.998351 0.057396 -0.000502 11.499507 -0.057394 0.998344 0.003939 -0.336573 0.000728 -0.003904 0.999992 0.176523
0.997956 0.063879 -0.001784 12.083582 -0.063874 0.997954 0.002733 -0.377095 0.001955 -0.002614 0.999995 0.186163
0.997552 0.069871 -0.002656 12.621618 -0.069863 0.997552 0.003083 -0.416508 0.002865 -0.002890 0.999992 0.195103
0.996952 0.077961 -0.003125 13.358974 -0.077951 0.996953 0.002949 -0.476704 0.003346 -0.002696 0.999991 0.207532
0.996467 0.083917 -0.003227 13.952271 -0.083913 0.996472 0.001485 -0.527337 0.003340 -0.001209 0.999994 0.217597
0.995890 0.090486 -0.003893 14.537573 -0.090486 0.995898 0.000183 -0.583339 0.003894 0.000170 0.999992 0.227700
0.995226 0.097497 -0.004358 15.106290 -0.097494 0.995236 0.000904 -0.641739 0.004426 -0.000475 0.999990 0.237631
0.993760 0.111272 -0.007715 16.265464 -0.111257 0.993789 0.002300 -0.769646 0.007923 -0.001427 0.999968 0.258128
0.992864 0.118992 -0.007856 16.806580 -0.118985 0.992895 0.001295 -0.836461 0.007954 -0.000351 0.999968 0.267901
0.991880 0.126948 -0.007617 17.378847 -0.126933 0.991908 0.002370 -0.912267 0.007856 -0.001384 0.999968 0.278385
0.990771 0.135267 -0.008693 17.908183 -0.135246 0.990807 0.003030 -0.986695 0.009023 -0.001826 0.999958 0.288206
0.989650 0.143152 -0.009997 18.465167 -0.143140 0.989701 0.001916 -1.069517 0.010168 -0.000465 0.999948 0.298669
0.988617 0.149998 -0.011704 18.990161 -0.150007 0.988685 0.000067 -1.150728 0.011582 0.001690 0.999932 0.308622
0.987619 0.156272 -0.013704 19.562615 -0.156315 0.987705 -0.002159 -1.241921 0.013198 0.004275 0.999904 0.319551
0.986502 0.163179 -0.013690 20.091737 -0.163228 0.986585 -0.002544 -1.330325 0.013092 0.004744 0.999903 0.329771
0.985051 0.171865 -0.011704 20.834482 -0.171901 0.985112 -0.002127 -1.457069 0.011164 0.004107 0.999929 0.344193
0.983829 0.178797 -0.010535 21.414778 -0.178835 0.983875 -0.002685 -1.560688 0.009885 0.004526 0.999941 0.355593
0.982391 0.186524 -0.010825 21.966315 -0.186569 0.982436 -0.003363 -1.664992 0.010008 0.005324 0.999936 0.366596
0.981044 0.193391 -0.012332 22.522532 -0.193449 0.981104 -0.003622 -1.775332 0.011399 0.005939 0.999917 0.377840
0.979814 0.199411 -0.014144 23.085535 -0.199484 0.979893 -0.003937 -1.890146 0.013075 0.006679 0.999892 0.389311
0.978448 0.205918 -0.015404 23.609391 -0.206006 0.978541 -0.004397 -1.999646 0.014168 0.007476 0.999872 0.400062
0.976880 0.213168 -0.016270 24.146020 -0.213270 0.976981 -0.004837 -2.115816 0.014865 0.008196 0.999856 0.411189
0.975121 0.221087 -0.016075 24.712758 -0.221184 0.975222 -0.004445 -2.245959 0.014694 0.007890 0.999861 0.423156
0.973414 0.228487 -0.016123 25.248335 -0.228579 0.973517 -0.004095 -2.373334 0.014760 0.007672 0.999862 0.434590
0.971608 0.235943 -0.017574 25.825819 -0.236058 0.971727 -0.004763 -2.514929 0.015954 0.008776 0.999834 0.447042
0.969109 0.245945 -0.018427 26.583986 -0.246070 0.969240 -0.004831 -2.708770 0.016672 0.009216 0.999819 0.463618
0.967262 0.253004 -0.019809 27.145507 -0.253145 0.967416 -0.004923 -2.855972 0.017918 0.009776 0.999792 0.476000
0.965084 0.261068 -0.021387 27.737879 -0.261236 0.965260 -0.005435 -3.017300 0.019226 0.010832 0.999756 0.489235
0.962887 0.269049 -0.021493 28.278385 -0.269230 0.963058 -0.005962 -3.171609 0.019095 0.011527 0.999751 0.501516
0.961100 0.275313 -0.022110 28.811516 -0.275507 0.961279 -0.006217 -3.325493 0.019542 0.012066 0.999736 0.513678
0.959053 0.282272 -0.023243 29.310881 -0.282489 0.959248 -0.006580 -3.470755 0.020438 0.012876 0.999708 0.525101
0.956744 0.289870 -0.024817 29.874437 -0.290123 0.956962 -0.007205 -3.641337 0.021660 0.014093 0.999666 0.538185
0.954581 0.296863 -0.025445 30.375972 -0.297119 0.954816 -0.006838 -3.797861 0.022265 0.014087 0.999653 0.549964
0.952402 0.303768 -0.025593 30.897028 -0.304021 0.952643 -0.006575 -3.965039 0.022384 0.014043 0.999651 0.562333
0.947891 0.317592 -0.025253 31.923471 -0.317862 0.948108 -0.007397 -4.304396 0.021593 0.015038 0.999654 0.586988
0.945931 0.323480 -0.023970 32.403040 -0.323722 0.946127 -0.006894 -4.470009 0.020448 0.014281 0.999689 0.598710
0.943686 0.330037 -0.023066 32.912313 -0.330245 0.943878 -0.005768 -4.649875 0.019868 0.013061 0.999717 0.611273
0.940521 0.338996 -0.022387 33.556248 -0.339190 0.940702 -0.005418 -4.883662 0.019223 0.012689 0.999735 0.627341
0.938403 0.344762 -0.023195 34.025620 -0.344959 0.938605 -0.004974 -5.056971 0.020056 0.012669 0.999719 0.639136
0.936295 0.350263 -0.025817 34.488240 -0.350477 0.936562 -0.004116 -5.231372 0.022737 0.012902 0.999658 0.650865
0.933873 0.356552 -0.027422 34.976550 -0.356785 0.934178 -0.003933 -5.419928 0.024214 0.013457 0.999616 0.663374
0.931824 0.361889 -0.027223 35.432373 -0.362133 0.932116 -0.004453 -5.597769 0.023764 0.014008 0.999619 0.675103
0.929105 0.368833 -0.026950 36.088966 -0.369072 0.929391 -0.004346 -5.857056 0.023444 0.013985 0.999627 0.692089
0.926926 0.374380 -0.025442 36.592518 -0.374607 0.927172 -0.004688 -6.061792 0.021833 0.013876 0.999665 0.705284
0.924550 0.380255 -0.024778 37.111024 -0.380501 0.924761 -0.005958 -6.278239 0.020649 0.014937 0.999675 0.719033
0.922323 0.385646 -0.024431 37.593530 -0.385894 0.922522 -0.006213 -6.482826 0.020142 0.015158 0.999682 0.731919
0.920038 0.391056 -0.024589 38.089367 -0.391293 0.920250 -0.005510 -6.696855 0.020473 0.014691 0.999682 0.745270
0.917338 0.397286 -0.025570 38.582335 -0.397501 0.917594 -0.003734 -6.912351 0.021979 0.013589 0.999666 0.758622
0.914475 0.403889 -0.024697 39.033361 -0.404032 0.914744 -0.000908 -7.113137 0.022225 0.010809 0.999695 0.770941
0.911619 0.410252 -0.025390 39.515563 -0.410386 0.911912 -0.000089 -7.329626 0.023117 0.010501 0.999678 0.784165
0.908577 0.416846 -0.026978 39.968426 -0.417000 0.908907 -0.000089 -7.537858 0.024484 0.011331 0.999636 0.796726
0.905438 0.423592 -0.027437 40.445934 -0.423730 0.905788 0.000835 -7.762992 0.025206 0.010870 0.999623 0.810130
0.902450 0.429915 -0.027499 40.903045 -0.430041 0.902808 0.001459 -7.982671 0.025454 0.010509 0.999621 0.823082
0.899274 0.436547 -0.027087 41.395003 -0.436633 0.899635 0.002977 -8.220559 0.025668 0.009150 0.999629 0.837063
0.896110 0.442991 -0.027316 41.863290 -0.443091 0.896473 0.002610 -8.451354 0.025645 0.009765 0.999623 0.850496
0.892655 0.449869 -0.028016 42.339321 -0.450000 0.893027 0.001783 -8.693648 0.025821 0.011015 0.999606 0.864373
0.890225 0.454610 -0.028792 42.779812 -0.454755 0.890615 0.001694 -8.918618 0.026412 0.011586 0.999584 0.877235
0.886249 0.462269 -0.029496 43.442636 -0.462462 0.886639 0.000279 -9.264689 0.026281 0.013393 0.999565 0.896807
0.882306 0.469754 -0.029463 44.129661 -0.469944 0.882696 0.000516 -9.625757 0.026249 0.013390 0.999566 0.917162
0.879314 0.475380 -0.028651 44.602360 -0.475570 0.879678 0.000223 -9.880057 0.025309 0.013429 0.999589 0.931336
0.874142 0.485016 -0.025198 45.410110 -0.485191 0.874408 -0.000955 -10.328564 0.021570 0.013061 0.999682 0.955957
0.871180 0.490293 -0.025665 45.864875 -0.490460 0.871464 -0.000263 -10.586375 0.022237 0.012817 0.999671 0.969972
0.868251 0.495421 -0.026427 46.310118 -0.495585 0.868559 0.000376 -10.844286 0.023140 0.012771 0.999651 0.983851
0.865160 0.500798 -0.026434 46.763887 -0.500954 0.865474 0.000857 -11.108116 0.023308 0.012501 0.999650 0.998024
0.861998 0.506208 -0.026701 47.216203 -0.506367 0.862318 0.000923 -11.376664 0.023492 0.012724 0.999643 1.012312
0.858553 0.512007 -0.027140 47.689500 -0.512172 0.858882 0.000987 -11.661845 0.023815 0.013053 0.999631 1.027383
0.855765 0.516681 -0.026580 48.107154 -0.516840 0.856081 0.001006 -11.916873 0.023274 0.012876 0.999646 1.040779
0.853064 0.521128 -0.026623 48.534392 -0.521286 0.853381 0.001140 -12.179005 0.023314 0.012905 0.999645 1.054518
0.849947 0.526152 -0.027444 48.967104 -0.526315 0.850288 0.001496 -12.447216 0.024123 0.013173 0.999622 1.068512
0.847089 0.530719 -0.027880 49.392121 -0.530879 0.847446 0.001916 -12.715660 0.024644 0.013178 0.999609 1.082400
0.844452 0.534896 -0.028043 49.804157 -0.535070 0.844806 0.001509 -12.977875 0.024498 0.013731 0.999606 1.095922
0.841514 0.539474 -0.028665 50.221004 -0.539644 0.841891 0.002098 -13.247543 0.025265 0.013704 0.999587 1.109727
0.838909 0.543459 -0.029735 50.605067 -0.543652 0.839309 0.001849 -13.498096 0.025962 0.014614 0.999556 1.122507
0.836474 0.547224 -0.029292 51.006117 -0.547408 0.836863 0.002017 -13.761198 0.025617 0.014348 0.999569 1.135894
0.833854 0.551261 -0.028283 51.374380 -0.551438 0.834214 0.001783 -14.006877 0.024576 0.014109 0.999598 1.148305
0.831034 0.555442 -0.029451 51.779185 -0.555646 0.831417 0.001473 -14.279633 0.025305 0.015140 0.999565 1.162024
0.828282 0.559450 -0.031042 52.154345 -0.559671 0.828713 0.001861 -14.536879 0.026766 0.015832 0.999516 1.174867
0.825364 0.563692 -0.032039 52.525106 -0.563906 0.825834 0.002760 -14.792013 0.028015 0.015789 0.999483 1.187586
0.822702 0.567570 -0.032025 52.886721 -0.567776 0.823177 0.003131 -15.043639 0.028139 0.015607 0.999482 1.200071
0.819644 0.572005 -0.031533 53.249603 -0.572185 0.820116 0.003879 -15.299392 0.028080 0.014863 0.999495 1.212693
0.816694 0.576241 -0.030948 53.608084 -0.576414 0.817148 0.003901 -15.553034 0.027537 0.014652 0.999513 1.225191
0.813669 0.580547 -0.030133 53.957234 -0.580724 0.814093 0.003412 -15.801860 0.026512 0.014723 0.999540 1.237415
0.810339 0.585201 -0.029849 54.327708 -0.585391 0.810746 0.002821 -16.071680 0.025851 0.015187 0.999550 1.250552
0.805576 0.591744 -0.029775 54.840498 -0.591999 0.805939 0.000334 -16.451618 0.024195 0.017357 0.999557 1.268921
0.801968 0.596591 -0.030438 55.206094 -0.596868 0.802340 -0.000005 -16.727084 0.024419 0.018171 0.999537 1.282150
0.798519 0.601152 -0.031363 55.538808 -0.601435 0.798922 0.000511 -16.980816 0.025364 0.018455 0.999508 1.294276
0.795708 0.604790 -0.032843 55.871083 -0.605075 0.796167 0.001526 -17.232644 0.027072 0.018658 0.999459 1.306341
0.792223 0.609331 -0.033153 56.198595 -0.609612 0.792697 0.001989 -17.487061 0.027492 0.018635 0.999448 1.318412
0.789107 0.613366 -0.033044 56.523245 -0.613665 0.789565 0.001360 -17.740104 0.026925 0.019205 0.999453 1.330401
0.786316 0.616908 -0.033620 56.855085 -0.617213 0.786794 0.001641 -18.000727 0.027465 0.019460 0.999433 1.342713
0.782863 0.621272 -0.033859 57.171849 -0.621586 0.783345 0.001584 -18.253844 0.027507 0.019806 0.999425 1.354591
0.779263 0.625780 -0.033878 57.477381 -0.626120 0.779727 0.000745 -18.501031 0.026882 0.020631 0.999426 1.366134
0.776308 0.629469 -0.033394 57.779595 -0.629851 0.776715 -0.001198 -18.748926 0.025184 0.021963 0.999442 1.377650
0.773361 0.633024 -0.034547 58.066477 -0.633444 0.773787 -0.001569 -18.987028 0.025739 0.023097 0.999402 1.388662
0.767397 0.640134 -0.036460 58.630426 -0.640607 0.767867 -0.001705 -19.463938 0.026905 0.024665 0.999334 1.410563
0.764846 0.643135 -0.037254 58.896976 -0.643626 0.765339 -0.001546 -19.690253 0.027517 0.025160 0.999305 1.420941
0.762498 0.645871 -0.038058 59.152896 -0.646358 0.763034 -0.000669 -19.908828 0.028608 0.025109 0.999275 1.430942
0.760036 0.648713 -0.038943 59.406897 -0.649212 0.760608 -0.000197 -20.126888 0.029493 0.025432 0.999241 1.440900
0.757584 0.651544 -0.039454 59.672812 -0.652069 0.758160 -0.000583 -20.359600 0.029533 0.026168 0.999221 1.451452
0.755519 0.653889 -0.040243 59.921223 -0.654453 0.756102 -0.001111 -20.576331 0.029702 0.027177 0.999189 1.461291
0.753227 0.656528 -0.040239 60.180872 -0.657113 0.753790 -0.001767 -20.804614 0.029172 0.027773 0.999189 1.471625
0.750685 0.659407 -0.040681 60.420665 -0.660015 0.751249 -0.002089 -21.018429 0.029184 0.028418 0.999170 1.481255
0.747992 0.662406 -0.041547 60.662483 -0.663040 0.748581 -0.002021 -21.235923 0.029763 0.029059 0.999134 1.491020
0.745906 0.664712 -0.042225 60.875972 -0.665382 0.746498 -0.002514 -21.427843 0.029849 0.029971 0.999105 1.499639
0.743249 0.667659 -0.042563 61.098587 -0.668342 0.743850 -0.002488 -21.628948 0.030000 0.030296 0.999091 1.508654
0.740667 0.670526 -0.042521 61.333636 -0.671219 0.741254 -0.002823 -21.843058 0.029626 0.030632 0.999092 1.518223
0.737135 0.674376 -0.043008 61.663641 -0.675084 0.737736 -0.002696 -22.144697 0.029910 0.031021 0.999071 1.531689
0.734512 0.677190 -0.043650 61.896936 -0.677924 0.735127 -0.002812 -22.361891 0.030184 0.031657 0.999043 1.541321
0.732054 0.679845 -0.043682 62.114762 -0.680568 0.732681 -0.002368 -22.565639 0.030395 0.031462 0.999043 1.550343
0.729127 0.682989 -0.043575 62.333307 -0.683709 0.729752 -0.002252 -22.773523 0.030261 0.031434 0.999048 1.559494
0.726504 0.685794 -0.043348 62.547294 -0.686507 0.727119 -0.002220 -22.977933 0.029997 0.031372 0.999058 1.568479
0.724139 0.688302 -0.043159 62.744815 -0.689000 0.724759 -0.001835 -23.168147 0.030017 0.031065 0.999067 1.576817
0.721755 0.690797 -0.043226 62.925861 -0.691478 0.722397 -0.001114 -23.345311 0.030457 0.030694 0.999065 1.584540
0.719531 0.693099 -0.043463 63.108966 -0.693804 0.720162 -0.001591 -23.524954 0.030198 0.031299 0.999054 1.592364
0.717468 0.695227 -0.043582 63.285216 -0.695934 0.718104 -0.001483 -23.697448 0.030266 0.031394 0.999049 1.599883
0.715126 0.697681 -0.042854 63.457038 -0.698333 0.715773 -0.000328 -23.867886 0.030445 0.030161 0.999081 1.607279
0.710495 0.702420 -0.042461 63.805198 -0.703044 0.711146 0.000321 -24.214583 0.030422 0.029624 0.999098 1.622304
0.708453 0.704484 -0.042373 63.965095 -0.705107 0.709101 0.000361 -24.374899 0.030301 0.029622 0.999102 1.629236
0.706569 0.706416 -0.041671 64.116782 -0.707029 0.707185 0.000060 -24.528636 0.029512 0.029420 0.999131 1.635859
0.704621 0.708342 -0.041971 64.269261 -0.708991 0.705217 -0.000834 -24.684106 0.029008 0.030345 0.999118 1.642544
0.702991 0.709920 -0.042640 64.411619 -0.710589 0.703607 -0.000782 -24.829644 0.029447 0.030849 0.999090 1.648796
0.700973 0.711863 -0.043438 64.553730 -0.712545 0.701626 -0.000313 -24.976823 0.030254 0.031170 0.999056 1.655092
0.698977 0.713807 -0.043707 64.701324 -0.714486 0.699650 0.000136 -25.130626 0.030677 0.031132 0.999044 1.661658
0.697101 0.715650 -0.043546 64.833578 -0.716316 0.697775 0.000416 -25.269014 0.030683 0.030903 0.999051 1.667557
0.695458 0.717281 -0.042959 64.976359 -0.717917 0.696128 0.000894 -25.417056 0.030546 0.030219 0.999076 1.673888
0.691804 0.721017 -0.039253 65.224227 -0.721499 0.692410 0.002625 -25.678876 0.029072 0.026505 0.999226 1.685016
0.689887 0.722928 -0.037836 65.349291 -0.723362 0.690462 0.003063 -25.813069 0.028338 0.025256 0.999279 1.690691
0.688320 0.724467 -0.036924 65.475975 -0.724871 0.688877 0.003397 -25.947837 0.027897 0.024426 0.999312 1.696405
0.684962 0.727595 -0.037849 65.676902 -0.728002 0.685562 0.004165 -26.165338 0.028978 0.024702 0.999275 1.705578
0.682640 0.729715 -0.038970 65.808707 -0.730131 0.683290 0.004895 -26.308046 0.030200 0.025112 0.999228 1.711595
0.680519 0.731631 -0.040121 65.937862 -0.732078 0.681203 0.004885 -26.447248 0.030904 0.026047 0.999183 1.717473
0.677751 0.734141 -0.041115 66.073468 -0.734648 0.678437 0.003877 -26.595570 0.030740 0.027578 0.999147 1.723708
0.675342 0.736384 -0.040650 66.205324 -0.736883 0.676009 0.003797 -26.741551 0.030276 0.027390 0.999166 1.729820
0.672716 0.738831 -0.039771 66.335526 -0.739279 0.673382 0.004789 -26.886467 0.030319 0.026181 0.999197 1.735878
0.669973 0.741304 -0.040060 66.471103 -0.741739 0.670665 0.005525 -27.038227 0.030962 0.026013 0.999182 1.742211
0.663060 0.747615 -0.037725 66.762981 -0.747895 0.663757 0.008909 -27.371319 0.031701 0.022307 0.999248 1.756028
0.659748 0.750547 -0.037586 66.903081 -0.750770 0.660478 0.010649 -27.532830 0.032818 0.021193 0.999237 1.762706
0.656429 0.753412 -0.038352 67.036113 -0.753595 0.657222 0.012435 -27.689325 0.034574 0.020739 0.999187 1.769138
0.653075 0.756322 -0.038336 67.170280 -0.756469 0.653889 0.013553 -27.848530 0.035318 0.020149 0.999173 1.775665
0.649565 0.759375 -0.037604 67.305485 -0.759523 0.650346 0.013209 -28.009520 0.034487 0.019981 0.999205 1.782258
0.646414 0.762083 -0.037120 67.439977 -0.762258 0.647158 0.012222 -28.170303 0.033337 0.020394 0.999236 1.788834
0.642975 0.764956 -0.037756 67.571274 -0.765177 0.643720 0.011361 -28.329281 0.032995 0.021585 0.999222 1.795313
0.639205 0.768078 -0.038368 67.710641 -0.768330 0.639961 0.010925 -28.499645 0.032945 0.022496 0.999204 1.802235
0.635731 0.770947 -0.038572 67.846469 -0.771199 0.636497 0.011164 -28.665536 0.033158 0.022650 0.999193 1.808978
0.631702 0.774274 -0.038123 67.987391 -0.774496 0.632467 0.011855 -28.841114 0.033291 0.022037 0.999203 1.816074
0.627870 0.777346 -0.038890 68.134429 -0.777658 0.628611 0.009795 -29.025380 0.032061 0.024093 0.999195 1.823508
0.624672 0.779922 -0.038814 68.262864 -0.780291 0.625366 0.008006 -29.188061 0.030517 0.025285 0.999214 1.830051
0.620862 0.783041 -0.037105 68.411511 -0.783372 0.621502 0.007986 -29.377431 0.029314 0.024109 0.999279 1.837655
0.617082 0.785982 -0.037970 68.553258 -0.786399 0.617691 0.005816 -29.560308 0.028025 0.026271 0.999262 1.844973
0.612929 0.789194 -0.038617 68.705757 -0.789658 0.613528 0.004872 -29.760257 0.027538 0.027508 0.999242 1.852937
0.609359 0.791959 -0.038515 68.854975 -0.792347 0.610024 0.007540 -29.956331 0.029467 0.025922 0.999230 1.860743
0.603942 0.795999 -0.040484 69.081244 -0.796302 0.604781 0.011990 -30.257467 0.034028 0.024996 0.999108 1.872688
0.600271 0.798789 -0.040131 69.236179 -0.798979 0.601170 0.015068 -30.466437 0.036162 0.023018 0.999081 1.880948
0.596581 0.801521 -0.040677 69.402174 -0.801698 0.597518 0.015873 -30.691272 0.037027 0.023141 0.999046 1.889824
0.593566 0.803764 -0.040539 69.557662 -0.803970 0.594479 0.015074 -30.902470 0.036216 0.023645 0.999064 1.898155
0.587103 0.808249 -0.045211 69.885294 -0.808723 0.588081 0.011325 -31.352757 0.035741 0.029914 0.998913 1.915862
0.583974 0.810388 -0.047379 70.043720 -0.810943 0.585021 0.011067 -31.571929 0.036687 0.031959 0.998816 1.924466
0.581007 0.812424 -0.048972 70.199110 -0.813063 0.582085 0.010280 -31.788969 0.036857 0.033845 0.998747 1.932964
0.577343 0.815080 -0.048159 70.364326 -0.815732 0.578355 0.009319 -32.025004 0.035448 0.033905 0.998796 1.942151
0.573163 0.818196 -0.045155 70.580109 -0.818784 0.574040 0.008422 -32.332751 0.032812 0.032145 0.998944 1.954135
0.570501 0.820193 -0.042573 70.732426 -0.820683 0.571312 0.009074 -32.552242 0.031765 0.029763 0.999052 1.962659
0.567033 0.822601 -0.042452 70.881847 -0.823083 0.567845 0.009299 -32.769869 0.031756 0.029669 0.999055 1.971087
0.564208 0.824514 -0.042963 71.029438 -0.825011 0.565039 0.009416 -32.985670 0.032040 0.030132 0.999032 1.979436
0.560841 0.826775 -0.043592 71.163863 -0.827300 0.561684 0.009240 -33.187167 0.032124 0.030882 0.999007 1.987183
0.557961 0.828665 -0.044650 71.306868 -0.829244 0.558819 0.008682 -33.401242 0.032146 0.032182 0.998965 1.995416
0.555086 0.830549 -0.045475 71.460431 -0.831169 0.555957 0.008342 -33.633920 0.032210 0.033167 0.998931 2.004338
0.553204 0.831804 -0.045476 71.601050 -0.832408 0.554092 0.008899 -33.847323 0.032601 0.032932 0.998926 2.012517
0.551147 0.833188 -0.045096 71.735924 -0.833755 0.552049 0.009730 -34.052961 0.033003 0.032236 0.998935 2.020389
0.549101 0.834565 -0.044607 71.881197 -0.835114 0.549989 0.009845 -34.274148 0.032750 0.031846 0.998956 2.028860
0.546745 0.836152 -0.043808 72.015815 -0.836685 0.547599 0.009655 -34.482574 0.032062 0.031374 0.998993 2.036809
0.544108 0.837865 -0.043911 72.200381 -0.838402 0.544965 0.009699 -34.770197 0.032057 0.031538 0.998988 2.047761
0.542597 0.838806 -0.044643 72.349884 -0.839358 0.543486 0.009997 -35.005123 0.032648 0.032047 0.998953 2.056688
0.541419 0.839531 -0.045306 72.490263 -0.840070 0.542365 0.011092 -35.225789 0.033884 0.032055 0.998912 2.065073
0.540310 0.840217 -0.045817 72.626841 -0.840730 0.541314 0.012366 -35.440841 0.035191 0.031838 0.998873 2.073241
0.539652 0.840622 -0.046161 72.761774 -0.841108 0.540701 0.013422 -35.653682 0.036242 0.031583 0.998844 2.081321
0.539748 0.840572 -0.045951 72.897491 -0.841033 0.540805 0.013913 -35.866019 0.036545 0.031137 0.998847 2.089399
0.539880 0.840518 -0.045385 73.035548 -0.840975 0.540905 0.013542 -36.081374 0.035931 0.030856 0.998878 2.097597
0.539931 0.840529 -0.044568 73.164920 -0.840985 0.540906 0.012854 -36.284372 0.034911 0.030541 0.998924 2.105313
0.539799 0.840638 -0.044091 73.293395 -0.841109 0.540732 0.012031 -36.489241 0.033955 0.030591 0.998955 2.113071
0.540135 0.840457 -0.043435 73.409331 -0.840922 0.541033 0.011580 -36.672864 0.033232 0.030271 0.998989 2.120035
0.540674 0.840189 -0.041875 73.645365 -0.840599 0.541528 0.011862 -37.049485 0.032643 0.028786 0.999052 2.134294
0.540717 0.840181 -0.041486 73.772080 -0.840568 0.541569 0.012200 -37.250125 0.032718 0.028275 0.999065 2.141904
0.541486 0.839689 -0.041418 73.894642 -0.840065 0.542343 0.012453 -37.443629 0.032919 0.028051 0.999064 2.149249
0.541529 0.839660 -0.041458 74.005899 -0.840043 0.542381 0.012267 -37.619524 0.032786 0.028184 0.999065 2.155923
0.541660 0.839553 -0.041901 74.125742 -0.839958 0.542519 0.011970 -37.808542 0.032782 0.028712 0.999050 2.163100
0.542049 0.839244 -0.043040 74.239840 -0.839685 0.542944 0.011883 -37.988101 0.033341 0.029699 0.999003 2.169920
0.542689 0.838750 -0.044577 74.363538 -0.839239 0.543634 0.011824 -38.182623 0.034151 0.030994 0.998936 2.177311
0.544367 0.837659 -0.044625 74.560298 -0.838106 0.545352 0.013039 -38.492207 0.035258 0.030303 0.998919 2.189071
0.545535 0.836901 -0.044587 74.674203 -0.837305 0.546553 0.014177 -38.669915 0.036234 0.029599 0.998905 2.195836
0.546756 0.836122 -0.044236 74.785794 -0.836469 0.547798 0.015395 -38.844549 0.037105 0.028584 0.998902 2.202479
0.548627 0.834978 -0.042662 74.895371 -0.835258 0.549627 0.015957 -39.014359 0.036772 0.026879 0.998962 2.208954
0.550817 0.833605 -0.041272 75.003196 -0.833872 0.551747 0.015230 -39.180485 0.035468 0.026027 0.999032 2.215297
0.552675 0.832370 -0.041354 75.113337 -0.832682 0.553576 0.013952 -39.349686 0.034506 0.026723 0.999047 2.221762
0.558131 0.828670 -0.042367 75.343666 -0.829041 0.559040 0.012880 -39.702113 0.034358 0.027935 0.999019 2.235243
0.560730 0.826896 -0.042724 75.441656 -0.827308 0.561623 0.011867 -39.850389 0.033807 0.028692 0.999016 2.240930
0.563733 0.824919 -0.041404 75.541688 -0.825320 0.564559 0.010986 -40.000052 0.032438 0.027979 0.999082 2.246686
0.569751 0.820851 -0.039848 75.719194 -0.821236 0.570501 0.009949 -40.260666 0.030900 0.027056 0.999156 2.256759
0.578784 0.814612 -0.037631 75.950780 -0.814893 0.579503 0.011236 -40.594135 0.030960 0.024162 0.999229 2.269712
0.584825 0.810300 -0.037336 76.091563 -0.810589 0.585520 0.010560 -40.791982 0.030418 0.024088 0.999247 2.277446
0.589156 0.807161 -0.037229 76.183213 -0.807459 0.589838 0.010075 -40.920768 0.030091 0.024125 0.999256 2.282480
0.597886 0.800730 -0.036945 76.358454 -0.800981 0.598586 0.011110 -41.160735 0.031011 0.022950 0.999256 2.291926
0.602228 0.797476 -0.036776 76.442380 -0.797691 0.602946 0.012036 -41.272346 0.031772 0.022088 0.999251 2.296354
0.606599 0.794181 -0.036254 76.524045 -0.794359 0.607315 0.012717 -41.380774 0.032117 0.021085 0.999262 2.300658
0.611051 0.790799 -0.035406 76.608966 -0.790945 0.611748 0.013063 -41.493133 0.031990 0.020022 0.999288 2.305123
0.616555 0.786562 -0.034357 76.730668 -0.786690 0.617216 0.012831 -41.652922 0.031298 0.019118 0.999327 2.311485
0.623082 0.781441 -0.033451 76.870638 -0.781568 0.623702 0.012137 -41.833864 0.030348 0.018582 0.999367 2.318721
0.626962 0.778358 -0.032819 76.943840 -0.778465 0.627568 0.012317 -41.926657 0.030183 0.017826 0.999385 2.322452
0.630642 0.775407 -0.032170 77.018168 -0.775495 0.631231 0.012457 -42.019922 0.029966 0.017092 0.999405 2.326214
0.634114 0.772595 -0.031566 77.092355 -0.772668 0.634686 0.012545 -42.112917 0.029726 0.016435 0.999423 2.329965
0.637944 0.769470 -0.030712 77.169764 -0.769529 0.638490 0.012470 -42.209353 0.029204 0.015679 0.999450 2.333863
0.641584 0.766477 -0.029719 77.240194 -0.766525 0.642098 0.012210 -42.296078 0.028441 0.014947 0.999484 2.337379
0.647474 0.761560 -0.028341 77.373656 -0.761604 0.647940 0.011535 -42.459006 0.027148 0.014116 0.999532 2.344003
0.649580 0.759786 -0.027759 77.430290 -0.759821 0.650030 0.011505 -42.527672 0.026786 0.013619 0.999548 2.346800
0.651995 0.757728 -0.027397 77.481828 -0.757769 0.652430 0.011041 -42.590035 0.026241 0.013562 0.999564 2.349341
0.654409 0.755662 -0.026918 77.527683 -0.755712 0.654822 0.010397 -42.645068 0.025483 0.013538 0.999584 2.351590
0.656644 0.753736 -0.026476 77.572895 -0.753791 0.657040 0.009907 -42.699184 0.024863 0.013451 0.999600 2.353803
0.658199 0.752378 -0.026486 77.612633 -0.752446 0.658588 0.009358 -42.747221 0.024484 0.013770 0.999605 2.355761
0.659366 0.751342 -0.026864 77.648298 -0.751431 0.659755 0.008670 -42.789649 0.024238 0.014470 0.999602 2.357499
0.661704 0.749263 -0.027450 77.702618 -0.749382 0.662093 0.007734 -42.853550 0.023970 0.015453 0.999593 2.360125
0.663230 0.747900 -0.027784 77.732079 -0.748027 0.663625 0.007606 -42.888601 0.024127 0.015739 0.999585 2.361561
0.664614 0.746670 -0.027768 77.761672 -0.746793 0.665011 0.007730 -42.923377 0.024238 0.015599 0.999585 2.362991
0.665711 0.745703 -0.027478 77.787173 -0.745818 0.666103 0.007858 -42.953144 0.024163 0.015263 0.999592 2.364217
0.666848 0.744690 -0.027390 77.812314 -0.744801 0.667240 0.007950 -42.982535 0.024196 0.015098 0.999593 2.365427
0.667858 0.743777 -0.027591 77.830696 -0.743887 0.668257 0.008078 -43.004012 0.024446 0.015130 0.999587 2.366312
0.668920 0.742818 -0.027699 77.847829 -0.742929 0.669322 0.008114 -43.024146 0.024567 0.015151 0.999583 2.367140
0.669719 0.742098 -0.027708 77.863571 -0.742210 0.670120 0.008042 -43.042665 0.024536 0.015179 0.999584 2.367901
0.670164 0.741694 -0.027747 77.880405 -0.741805 0.670567 0.008105 -43.062858 0.024618 0.015151 0.999582 2.368726
0.670413 0.741469 -0.027749 77.887339 -0.741576 0.670818 0.008211 -43.071532 0.024703 0.015073 0.999581 2.369076
0.671009 0.740930 -0.027755 77.901286 -0.741032 0.671417 0.008407 -43.088716 0.024864 0.014926 0.999579 2.369773
0.671035 0.740903 -0.027825 77.906663 -0.741000 0.671449 0.008670 -43.095560 0.025107 0.014801 0.999575 2.370048
0.670806 0.741100 -0.028120 77.908651 -0.741194 0.671231 0.008946 -43.098747 0.025504 0.014841 0.999565 2.370168
0.670700 0.741171 -0.028759 77.908026 -0.741262 0.671149 0.009456 -43.098921 0.026310 0.014976 0.999542 2.370164
0.670856 0.741001 -0.029489 77.906565 -0.741079 0.671338 0.010349 -43.098017 0.027465 0.014911 0.999512 2.370117
0.671107 0.740759 -0.029843 77.904356 -0.740816 0.671613 0.011284 -43.096416 0.028401 0.014535 0.999491 2.370039
0.671168 0.740703 -0.029877 77.902147 -0.740749 0.671681 0.011665 -43.094814 0.028708 0.014303 0.999486 2.369961
0.671109 0.740763 -0.029719 77.900298 -0.740811 0.671615 0.011513 -43.093589 0.028488 0.014290 0.999492 2.369899
0.671182 0.740703 -0.029566 77.898644 -0.740757 0.671679 0.011248 -43.092524 0.028190 0.014351 0.999500 2.369844
0.671394 0.740505 -0.029720 77.897350 -0.740568 0.671891 0.010972 -43.091836 0.028094 0.014643 0.999498 2.369805
0.671488 0.740406 -0.030050 77.896250 -0.740486 0.671989 0.010528 -43.091308 0.027988 0.015182 0.999493 2.369774
0.671562 0.740333 -0.030188 77.895317 -0.740422 0.672063 0.010319 -43.090995 0.027928 0.015422 0.999491 2.369752
0.671666 0.740232 -0.030344 77.894577 -0.740324 0.672171 0.010281 -43.090844 0.028007 0.015559 0.999487 2.369737
0.671754 0.740144 -0.030545 77.893512 -0.740235 0.672267 0.010455 -43.090806 0.028273 0.015587 0.999479 2.369720
0.671823 0.740102 -0.030061 77.892940 -0.740173 0.672329 0.010871 -43.090870 0.028257 0.014947 0.999489 2.369714
0.671897 0.740045 -0.029783 77.892588 -0.740105 0.672399 0.011130 -43.091040 0.028263 0.014564 0.999494 2.369713
0.671912 0.740035 -0.029705 77.892015 -0.740089 0.672414 0.011284 -43.091103 0.028325 0.014403 0.999495 2.369707
0.671951 0.739996 -0.029809 77.891637 -0.740052 0.672455 0.011249 -43.091328 0.028370 0.014502 0.999492 2.369708
0.672015 0.739928 -0.030027 77.891285 -0.739993 0.672523 0.011061 -43.091497 0.028378 0.014787 0.999488 2.369708
0.672068 0.739876 -0.030137 77.890933 -0.739947 0.672577 0.010923 -43.091667 0.028351 0.014959 0.999486 2.369707
0.672111 0.739839 -0.030080 77.890774 -0.739906 0.672620 0.011009 -43.091997 0.028378 0.014857 0.999487 2.369715
0.672142 0.739815 -0.029978 77.890422 -0.739878 0.672649 0.011136 -43.092166 0.028403 0.014695 0.999489 2.369714
0.672199 0.739770 -0.029814 77.889770 -0.739825 0.672704 0.011287 -43.092395 0.028405 0.014470 0.999492 2.369712
0.672206 0.739761 -0.029877 77.889665 -0.739817 0.672713 0.011305 -43.092615 0.028462 0.014504 0.999490 2.369716
0.672216 0.739746 -0.030015 77.889312 -0.739808 0.672725 0.011181 -43.092785 0.028462 0.014689 0.999487 2.369716
0.672278 0.739687 -0.030093 77.888960 -0.739752 0.672788 0.011087 -43.092954 0.028447 0.014808 0.999486 2.369716
0.672321 0.739651 -0.030018 77.888855 -0.739714 0.672829 0.011108 -43.093174 0.028413 0.014737 0.999488 2.369721
0.672292 0.739679 -0.029977 77.888529 -0.739739 0.672801 0.011191 -43.093288 0.028446 0.014651 0.999488 2.369719
0.672280 0.739695 -0.029845 77.888397 -0.739750 0.672786 0.011307 -43.093563 0.028443 0.014476 0.999491 2.369725
0.672322 0.739658 -0.029810 77.888071 -0.739711 0.672829 0.011358 -43.093678 0.028458 0.014415 0.999491 2.369724
0.672339 0.739642 -0.029831 77.887745 -0.739699 0.672844 0.011250 -43.093792 0.028393 0.014503 0.999492 2.369722
0.672349 0.739634 -0.029814 77.887666 -0.739692 0.672853 0.011191 -43.093957 0.028337 0.014529 0.999493 2.369726
0.672357 0.739623 -0.029885 77.887340 -0.739684 0.672862 0.011134 -43.094072 0.028344 0.014620 0.999491 2.369725
0.672364 0.739616 -0.029921 77.887234 -0.739676 0.672870 0.011163 -43.094292 0.028389 0.014626 0.999490 2.369729
0.672374 0.739610 -0.029851 77.887129 -0.739665 0.672880 0.011295 -43.094512 0.028440 0.014486 0.999491 2.369734
0.672380 0.739606 -0.029793 77.886829 -0.739660 0.672885 0.011313 -43.094571 0.028414 0.014430 0.999492 2.369731
0.672384 0.739604 -0.029751 77.886750 -0.739657 0.672888 0.011324 -43.094736 0.028394 0.014392 0.999493 2.369735
0.672363 0.739620 -0.029842 77.886398 -0.739674 0.672870 0.011367 -43.094906 0.028487 0.014431 0.999490 2.369735
0.672348 0.739627 -0.030010 77.886319 -0.739682 0.672860 0.011405 -43.095071 0.028628 0.014530 0.999485 2.369738
0.672366 0.739609 -0.030046 77.886213 -0.739664 0.672880 0.011428 -43.095291 0.028669 0.014540 0.999483 2.369743
0.672380 0.739597 -0.030028 77.885914 -0.739648 0.672895 0.011547 -43.095350 0.028745 0.014447 0.999482 2.369741
0.672462 0.739524 -0.029973 77.885834 -0.739572 0.672977 0.011635 -43.095515 0.028775 0.014343 0.999483 2.369744
0.672506 0.739488 -0.029895 77.885561 -0.739534 0.673018 0.011649 -43.095520 0.028734 0.014274 0.999485 2.369740
0.672588 0.739413 -0.029901 77.885482 -0.739457 0.673102 0.011694 -43.095685 0.028773 0.014245 0.999484 2.369744
0.672695 0.739314 -0.029930 77.885209 -0.739358 0.673210 0.011744 -43.095689 0.028832 0.014229 0.999483 2.369740
0.672902 0.739125 -0.029940 77.884910 -0.739167 0.673419 0.011808 -43.095748 0.028890 0.014185 0.999482 2.369737
0.673073 0.738973 -0.029845 77.884637 -0.739014 0.673587 0.011800 -43.095753 0.028823 0.014113 0.999485 2.369734
0.673153 0.738916 -0.029470 77.884118 -0.738960 0.673651 0.011492 -43.095707 0.028344 0.014041 0.999500 2.369725
0.673193 0.738881 -0.029412 77.883871 -0.738928 0.673689 0.011377 -43.095656 0.028221 0.014074 0.999503 2.369720
0.673269 0.738814 -0.029367 77.883818 -0.738862 0.673762 0.011286 -43.095766 0.028124 0.014100 0.999505 2.369722
0.673303 0.738784 -0.029353 77.883545 -0.738834 0.673794 0.011214 -43.095771 0.028063 0.014136 0.999506 2.369718
0.673157 0.738917 -0.029360 77.883220 -0.738967 0.673648 0.011192 -43.095885 0.028049 0.014162 0.999506 2.369717
0.673104 0.738960 -0.029458 77.883140 -0.739009 0.673600 0.011327 -43.096050 0.028213 0.014145 0.999502 2.369720
0.673087 0.738974 -0.029521 77.883088 -0.739022 0.673585 0.011389 -43.096160 0.028301 0.014151 0.999499 2.369723
0.673015 0.739038 -0.029555 77.882982 -0.739088 0.673513 0.011350 -43.096380 0.028294 0.014204 0.999499 2.369728
0.672898 0.739144 -0.029586 77.882903 -0.739193 0.673398 0.011358 -43.096545 0.028319 0.014227 0.999498 2.369731
0.672827 0.739206 -0.029628 77.882850 -0.739256 0.673329 0.011379 -43.096655 0.028361 0.014247 0.999496 2.369734
0.672821 0.739213 -0.029604 77.882990 -0.739262 0.673322 0.011411 -43.096926 0.028368 0.014208 0.999497 2.369743
0.672775 0.739256 -0.029576 77.882938 -0.739303 0.673275 0.011445 -43.097036 0.028373 0.014165 0.999497 2.369746
0.672682 0.739340 -0.029576 77.882858 -0.739386 0.673184 0.011493 -43.097201 0.028407 0.014137 0.999496 2.369749
0.672631 0.739385 -0.029608 77.882805 -0.739430 0.673134 0.011537 -43.097311 0.028460 0.014132 0.999495 2.369752
0.672609 0.739404 -0.029650 77.882726 -0.739449 0.673113 0.011541 -43.097476 0.028491 0.014162 0.999494 2.369755
0.672603 0.739408 -0.029681 77.882673 -0.739455 0.673108 0.011514 -43.097586 0.028492 0.014204 0.999493 2.369758
0.672604 0.739403 -0.029793 77.882620 -0.739449 0.673113 0.011595 -43.097696 0.028627 0.014231 0.999489 2.369760
0.672648 0.739355 -0.029985 77.882568 -0.739401 0.673164 0.011669 -43.097806 0.028813 0.014322 0.999482 2.369763
0.672673 0.739330 -0.030036 77.882541 -0.739374 0.673192 0.011802 -43.097861 0.028945 0.014269 0.999479 2.369764
0.672708 0.739298 -0.030040 77.882488 -0.739339 0.673228 0.011894 -43.097971 0.029016 0.014209 0.999478 2.369766
0.672745 0.739262 -0.030089 77.882242 -0.739302 0.673268 0.011952 -43.097920 0.029093 0.014204 0.999476 2.369761
0.672814 0.739197 -0.030148 77.882215 -0.739235 0.673340 0.012026 -43.097975 0.029189 0.014195 0.999473 2.369762
0.673069 0.738966 -0.030120 77.881943 -0.739003 0.673594 0.012073 -43.097980 0.029210 0.014133 0.999473 2.369759
0.673334 0.738735 -0.029855 77.881502 -0.738771 0.673851 0.011972 -43.097768 0.028962 0.013995 0.999483 2.369746
0.673440 0.738647 -0.029645 77.881476 -0.738684 0.673948 0.011834 -43.097823 0.028720 0.013929 0.999490 2.369747
0.673547 0.738552 -0.029594 77.881256 -0.738593 0.674051 0.011639 -43.097718 0.028544 0.014019 0.999494 2.369741
0.673651 0.738462 -0.029468 77.881036 -0.738505 0.674150 0.011513 -43.097612 0.028368 0.014007 0.999499 2.369735
0.673829 0.738295 -0.029581 77.881511 -0.738338 0.674331 0.011556 -43.098314 0.028479 0.014055 0.999496 2.369762
0.674055 0.738079 -0.029838 77.882901 -0.738121 0.674567 0.011721 -43.099929 0.028779 0.014123 0.999486 2.369829
0.674533 0.737637 -0.029947 77.882954 -0.737676 0.675050 0.011870 -43.099819 0.028971 0.014085 0.999481 2.369826
0.674990 0.737221 -0.029883 77.883729 -0.737256 0.675507 0.011953 -43.100461 0.028998 0.013964 0.999482 2.369856
0.675407 0.736834 -0.030024 77.885366 -0.736871 0.675928 0.011951 -43.102126 0.029100 0.014052 0.999478 2.369928
0.675962 0.736322 -0.030103 77.888947 -0.736357 0.676486 0.012039 -43.105943 0.029229 0.014029 0.999474 2.370089
0.676679 0.735664 -0.030073 77.894694 -0.735697 0.677203 0.012081 -43.112017 0.029253 0.013950 0.999475 2.370347
0.677516 0.734891 -0.030133 77.902719 -0.734924 0.678042 0.012080 -43.120674 0.029308 0.013961 0.999473 2.370713
0.678338 0.734133 -0.030101 77.913270 -0.734164 0.678864 0.012125 -43.131964 0.029336 0.013875 0.999473 2.371191
0.679077 0.733453 -0.030000 77.923848 -0.733480 0.679601 0.012192 -43.143198 0.029331 0.013725 0.999476 2.371667
0.679886 0.732707 -0.029927 77.935648 -0.732737 0.680405 0.012058 -43.155832 0.029197 0.013731 0.999479 2.372202
0.680593 0.732059 -0.029706 77.947475 -0.732092 0.681103 0.011795 -43.168411 0.028868 0.013720 0.999489 2.372736
0.681446 0.731271 -0.029560 77.960024 -0.731310 0.681948 0.011529 -43.181743 0.028589 0.013761 0.999497 2.373301
0.683155 0.729681 -0.029415 77.985148 -0.729730 0.683646 0.011047 -43.208350 0.028170 0.013919 0.999506 2.374431
0.684063 0.728831 -0.029383 77.999527 -0.728883 0.684551 0.010924 -43.223508 0.028075 0.013944 0.999509 2.375076
0.684871 0.728075 -0.029303 78.013519 -0.728127 0.685356 0.010842 -43.238344 0.027977 0.013911 0.999512 2.375705
0.685616 0.727380 -0.029138 78.028479 -0.727431 0.686096 0.010780 -43.253983 0.027833 0.013805 0.999517 2.376372
0.686180 0.726857 -0.028916 78.039831 -0.726911 0.686651 0.010554 -43.265860 0.027526 0.013777 0.999526 2.376879
0.686764 0.726312 -0.028743 78.052098 -0.726372 0.687226 0.010217 -43.278650 0.027174 0.013861 0.999535 2.377425
0.687287 0.725821 -0.028627 78.063450 -0.725888 0.687741 0.009899 -43.290527 0.026873 0.013977 0.999541 2.377931
0.687742 0.725391 -0.028621 78.074969 -0.725463 0.688193 0.009698 -43.302620 0.026732 0.014094 0.999543 2.378446
0.688073 0.725075 -0.028658 78.085820 -0.725149 0.688525 0.009652 -43.313851 0.026730 0.014140 0.999543 2.378927
0.688445 0.724721 -0.028697 78.095913 -0.724794 0.688898 0.009675 -43.323838 0.026781 0.014139 0.999541 2.379360
0.688933 0.724255 -0.028759 78.110469 -0.724329 0.689387 0.009668 -43.338065 0.026828 0.014170 0.999540 2.379981
0.689157 0.724039 -0.028810 78.117509 -0.724112 0.689613 0.009732 -43.344827 0.026914 0.014155 0.999538 2.380277
0.689285 0.723918 -0.028778 78.124215 -0.723991 0.689741 0.009711 -43.351158 0.026879 0.014141 0.999539 2.380557
0.689241 0.723961 -0.028759 78.127286 -0.724035 0.689696 0.009645 -43.353783 0.026817 0.014175 0.999540 2.380677
0.689162 0.724033 -0.028832 78.128246 -0.724110 0.689618 0.009609 -43.354040 0.026841 0.014255 0.999538 2.380698
0.689128 0.724062 -0.028924 78.128096 -0.724139 0.689586 0.009645 -43.353224 0.026929 0.014299 0.999535 2.380673
0.689163 0.724019 -0.029186 78.127560 -0.724097 0.689629 0.009714 -43.352086 0.027160 0.014439 0.999527 2.380632
0.689245 0.723932 -0.029382 78.126856 -0.724008 0.689720 0.009931 -43.350733 0.027455 0.014428 0.999519 2.380583
0.689304 0.723875 -0.029425 78.126126 -0.723944 0.689783 0.010163 -43.349435 0.027654 0.014297 0.999515 2.380535
0.689360 0.723823 -0.029381 78.125589 -0.723890 0.689839 0.010234 -43.348298 0.027676 0.014214 0.999516 2.380495
0.689433 0.723757 -0.029289 78.125220 -0.723824 0.689909 0.010213 -43.347376 0.027598 0.014159 0.999519 2.380463
0.689546 0.723647 -0.029330 78.124842 -0.723717 0.690023 0.010114 -43.345909 0.027557 0.014253 0.999519 2.380415
0.689628 0.723568 -0.029382 78.124613 -0.723640 0.690105 0.010065 -43.345258 0.027559 0.014321 0.999518 2.380393
0.689670 0.723525 -0.029452 78.124771 -0.723596 0.690150 0.010124 -43.344928 0.027651 0.014329 0.999515 2.380386
0.689709 0.723488 -0.029435 78.124736 -0.723557 0.690189 0.010200 -43.344437 0.027696 0.014262 0.999515 2.380371
0.689759 0.723444 -0.029359 78.124895 -0.723511 0.690237 0.010225 -43.344107 0.027662 0.014188 0.999517 2.380364
0.689796 0.723412 -0.029280 78.125027 -0.723480 0.690271 0.010132 -43.343832 0.027541 0.014195 0.999520 2.380358
0.689828 0.723377 -0.029381 78.125159 -0.723446 0.690306 0.010150 -43.343557 0.027624 0.014254 0.999517 2.380352
