1.000000 -0.000860 0.000000 0.922316 0.000860 1.000000 0.000000 -0.014900 0.000000 0.000000 1.000000 0.000000
0.999999 -0.001000 0.000000 1.891285 0.001000 0.999999 0.000000 -0.025621 0.000000 0.000000 1.000000 0.000000
0.999998 -0.001802 0.000000 2.801408 0.001802 0.999998 0.000000 -0.038059 0.000000 0.000000 1.000000 0.000000
1.000000 0.000488 0.000000 3.786457 -0.000488 1.000000 0.000000 -0.036336 0.000000 0.000000 1.000000 0.000000
1.000000 -0.000132 0.000000 4.751318 0.000132 1.000000 0.000000 -0.051084 0.000000 0.000000 1.000000 0.000000
0.999991 -0.004195 0.000000 5.724831 0.004195 0.999991 0.000000 -0.067731 0.000000 0.000000 1.000000 0.000000
0.999983 -0.005753 0.000000 6.637827 0.005753 0.999983 0.000000 -0.074746 0.000000 0.000000 1.000000 0.000000
0.999979 -0.006493 0.000000 7.599463 0.006493 0.999979 0.000000 -0.072683 0.000000 0.000000 1.000000 0.000000
0.999972 -0.007538 0.000000 8.517640 0.007538 0.999972 0.000000 -0.085724 0.000000 0.000000 1.000000 0.000000
0.999986 -0.005198 0.000000 9.482403 0.005198 0.999986 0.000000 -0.088057 0.000000 0.000000 1.000000 0.000000
0.999979 -0.006471 0.000000 10.391972 0.006471 0.999979 0.000000 -0.091308 0.000000 0.000000 1.000000 0.000000
0.999967 -0.008126 0.000000 11.355927 0.008126 0.999967 0.000000 -0.104136 0.000000 0.000000 1.000000 0.000000
0.999946 -0.010379 0.000000 12.264077 0.010379 0.999946 0.000000 -0.107366 0.000000 0.000000 1.000000 0.000000
0.999904 -0.013847 0.000000 13.215718 0.013847 0.999904 0.000000 -0.112172 0.000000 0.000000 1.000000 0.000000
0.999867 -0.016299 0.000000 14.141899 0.016299 0.999867 0.000000 -0.119382 0.000000 0.000000 1.000000 0.000000
0.999810 -0.019473 0.000000 15.100600 0.019473 0.999810 0.000000 -0.115684 0.000000 0.000000 1.000000 0.000000
0.999678 -0.025392 0.000000 15.995851 0.025392 0.999678 0.000000 -0.110662 0.000000 0.000000 1.000000 0.000000
0.999513 -0.031192 0.000000 16.965927 0.031192 0.999513 0.000000 -0.111572 0.000000 0.000000 1.000000 0.000000
0.999367 -0.035581 0.000000 17.862162 0.035581 0.999367 0.000000 -0.094169 0.000000 0.000000 1.000000 0.000000
0.999255 -0.038601 0.000000 18.767746 0.038601 0.999255 0.000000 -0.066958 0.000000 0.000000 1.000000 0.000000
0.999212 -0.039679 0.000000 19.741752 0.039679 0.999212 0.000000 -0.040605 0.000000 0.000000 1.000000 0.000000
0.999261 -0.038446 0.000000 20.643601 0.038446 0.999261 0.000000 -0.024075 0.000000 0.000000 1.000000 0.000000
0.999276 -0.038051 0.000000 21.614180 0.038051 0.999276 0.000000 -0.010918 0.000000 0.000000 1.000000 0.000000
0.999118 -0.041991 0.000000 22.589178 0.041991 0.999118 0.000000 0.001627 0.000000 0.000000 1.000000 0.000000
0.999078 -0.042939 0.000000 24.266797 0.042939 0.999078 0.000000 0.035761 0.000000 0.000000 1.000000 0.000000
0.998675 -0.051469 0.000000 25.250944 0.051469 0.998675 0.000000 0.053651 0.000000 0.000000 1.000000 0.000000
0.998489 -0.054953 0.000000 26.228261 0.054953 0.998489 0.000000 0.082496 0.000000 0.000000 1.000000 0.000000
0.998233 -0.059424 0.000000 27.222221 0.059424 0.998233 0.000000 0.119330 0.000000 0.000000 1.000000 0.000000
0.997688 -0.067954 0.000000 28.214438 0.067954 0.997688 0.000000 0.155970 0.000000 0.000000 1.000000 0.000000
0.997518 -0.070410 0.000000 29.204152 0.070410 0.997518 0.000000 0.200272 0.000000 0.000000 1.000000 0.000000
0.996404 -0.084732 0.000000 30.142795 0.084732 0.996404 0.000000 0.263424 0.000000 0.000000 1.000000 0.000000
0.996396 -0.084829 0.000000 31.149154 0.084829 0.996396 0.000000 0.311409 0.000000 0.000000 1.000000 0.000000
0.996209 -0.086989 0.000000 32.083137 0.086989 0.996209 0.000000 0.376407 0.000000 0.000000 1.000000 0.000000
0.995992 -0.089445 0.000000 33.031131 0.089445 0.995992 0.000000 0.440380 0.000000 0.000000 1.000000 0.000000
0.996091 -0.088331 0.000000 35.059825 0.088331 0.996091 0.000000 0.585252 0.000000 0.000000 1.000000 0.000000
0.996032 -0.088996 0.000000 36.020907 0.088996 0.996032 0.000000 0.660437 0.000000 0.000000 1.000000 0.000000
0.995893 -0.090539 0.000000 36.986130 0.090539 0.995893 0.000000 0.736399 0.000000 0.000000 1.000000 0.000000
0.995682 -0.092834 0.000000 38.978080 0.092834 0.995682 0.000000 0.901347 0.000000 0.000000 1.000000 0.000000
0.995687 -0.092774 0.000000 40.028836 0.092774 0.995687 0.000000 0.969129 0.000000 0.000000 1.000000 0.000000
0.995472 -0.095059 0.000000 41.068631 0.095059 0.995472 0.000000 1.058467 0.000000 0.000000 1.000000 0.000000
0.995476 -0.095013 0.000000 42.045997 0.095013 0.995476 0.000000 1.135229 0.000000 0.000000 1.000000 0.000000
0.995381 -0.096000 0.000000 43.112019 0.096000 0.995381 0.000000 1.224224 0.000000 0.000000 1.000000 0.000000
0.994495 -0.104786 0.000000 44.511459 0.104786 0.994495 0.000000 1.343047 0.000000 0.000000 1.000000 0.000000
0.994251 -0.107077 0.000000 45.560207 0.107077 0.994251 0.000000 1.439397 0.000000 0.000000 1.000000 0.000000
0.993934 -0.109980 0.000000 46.559705 0.109980 0.993934 0.000000 1.538035 0.000000 0.000000 1.000000 0.000000
0.993418 -0.114546 0.000000 47.628743 0.114546 0.993418 0.000000 1.635425 0.000000 0.000000 1.000000 0.000000
0.993022 -0.117930 0.000000 48.627696 0.117930 0.993022 0.000000 1.733677 0.000000 0.000000 1.000000 0.000000
0.992708 -0.120542 0.000000 49.695880 0.120542 0.992708 0.000000 1.840398 0.000000 0.000000 1.000000 0.000000
0.992408 -0.122989 0.000000 50.767769 0.122989 0.992408 0.000000 1.947343 0.000000 0.000000 1.000000 0.000000
0.992034 -0.125969 0.000000 51.768748 0.125969 0.992034 0.000000 2.054703 0.000000 0.000000 1.000000 0.000000
0.991385 -0.130983 0.000000 52.854306 0.130983 0.991385 0.000000 2.166916 0.000000 0.000000 1.000000 0.000000
0.990394 -0.138276 0.000000 53.856024 0.138276 0.990394 0.000000 2.269925 0.000000 0.000000 1.000000 0.000000
0.990000 -0.141067 0.000000 54.929856 0.141067 0.990000 0.000000 2.404218 0.000000 0.000000 1.000000 0.000000
0.989581 -0.143975 0.000000 55.936291 0.143975 0.989581 0.000000 2.528709 0.000000 0.000000 1.000000 0.000000
0.989084 -0.147355 0.000000 56.939990 0.147355 0.989084 0.000000 2.662264 0.000000 0.000000 1.000000 0.000000
0.988743 -0.149627 0.000000 58.018237 0.149627 0.988743 0.000000 2.803476 0.000000 0.000000 1.000000 0.000000
0.987806 -0.155687 0.000000 59.019192 0.155687 0.987806 0.000000 2.945116 0.000000 0.000000 1.000000 0.000000
0.987308 -0.158816 0.000000 60.091473 0.158816 0.987308 0.000000 3.112234 0.000000 0.000000 1.000000 0.000000
0.986988 -0.160794 0.000000 61.547389 0.160794 0.986988 0.000000 3.330698 0.000000 0.000000 1.000000 0.000000
0.987397 -0.158261 0.000000 62.623120 0.158261 0.987397 0.000000 3.483111 0.000000 0.000000 1.000000 0.000000
0.986668 -0.162746 0.000000 64.035900 0.162746 0.986668 0.000000 3.681525 0.000000 0.000000 1.000000 0.000000
0.985829 -0.167751 0.000000 65.108604 0.167751 0.985829 0.000000 3.835478 0.000000 0.000000 1.000000 0.000000
0.985777 -0.168057 0.000000 66.252638 0.168057 0.985777 0.000000 4.009127 0.000000 0.000000 1.000000 0.000000
0.986037 -0.166528 0.000000 67.327170 0.166528 0.986037 0.000000 4.160370 0.000000 0.000000 1.000000 0.000000
0.985801 -0.167917 0.000000 68.400377 0.167917 0.985801 0.000000 4.317534 0.000000 0.000000 1.000000 0.000000
0.985486 -0.169755 0.000000 69.470415 0.169755 0.985486 0.000000 4.484337 0.000000 0.000000 1.000000 0.000000
0.985208 -0.171363 0.000000 70.484531 0.171363 0.985208 0.000000 4.637401 0.000000 0.000000 1.000000 0.000000
0.984465 -0.175580 0.000000 71.550766 0.175580 0.984465 0.000000 4.791779 0.000000 0.000000 1.000000 0.000000
0.983520 -0.180797 0.000000 72.620175 0.180797 0.983520 0.000000 4.957302 0.000000 0.000000 1.000000 0.000000
0.983005 -0.183581 0.000000 73.615023 0.183581 0.983005 0.000000 5.127282 0.000000 0.000000 1.000000 0.000000
0.982681 -0.185307 0.000000 74.681678 0.185307 0.982681 0.000000 5.306241 0.000000 0.000000 1.000000 0.000000
0.982331 -0.187150 0.000000 75.677108 0.187150 0.982331 0.000000 5.478046 0.000000 0.000000 1.000000 0.000000
0.981785 -0.189995 0.000000 76.751026 0.189995 0.981785 0.000000 5.660519 0.000000 0.000000 1.000000 0.000000
0.981093 -0.193537 0.000000 77.742323 0.193537 0.981093 0.000000 5.837668 0.000000 0.000000 1.000000 0.000000
0.980540 -0.196321 0.000000 78.805977 0.196321 0.980540 0.000000 6.035394 0.000000 0.000000 1.000000 0.000000
0.980214 -0.197943 0.000000 79.793094 0.197943 0.980214 0.000000 6.215672 0.000000 0.000000 1.000000 0.000000
0.979912 -0.199432 0.000000 80.880892 0.199432 0.979912 0.000000 6.400904 0.000000 0.000000 1.000000 0.000000
0.979877 -0.199603 0.000000 81.877244 0.199603 0.979877 0.000000 6.593463 0.000000 0.000000 1.000000 0.000000
0.980111 -0.198452 0.000000 82.945951 0.198452 0.980111 0.000000 6.796456 0.000000 0.000000 1.000000 0.000000
0.980038 -0.198812 0.000000 83.956990 0.198812 0.980038 0.000000 6.984206 0.000000 0.000000 1.000000 0.000000
0.979329 -0.202275 0.000000 85.051532 0.202275 0.979329 0.000000 7.182110 0.000000 0.000000 1.000000 0.000000
0.977954 -0.208819 0.000000 86.054453 0.208819 0.977954 0.000000 7.371636 0.000000 0.000000 1.000000 0.000000
0.977554 -0.210686 0.000000 87.136327 0.210686 0.977554 0.000000 7.581998 0.000000 0.000000 1.000000 0.000000
0.977553 -0.210690 0.000000 88.136714 0.210690 0.977553 0.000000 7.792675 0.000000 0.000000 1.000000 0.000000
0.977568 -0.210620 0.000000 89.217211 0.210620 0.977568 0.000000 8.007695 0.000000 0.000000 1.000000 0.000000
0.978250 -0.207430 0.000000 90.305176 0.207430 0.978250 0.000000 8.236599 0.000000 0.000000 1.000000 0.000000
0.977956 -0.208809 0.000000 91.315409 0.208809 0.977956 0.000000 8.434514 0.000000 0.000000 1.000000 0.000000
0.977389 -0.211449 0.000000 92.398662 0.211449 0.977389 0.000000 8.655989 0.000000 0.000000 1.000000 0.000000
0.975315 -0.220816 0.000000 94.153861 0.220816 0.975315 0.000000 9.013866 0.000000 0.000000 1.000000 0.000000
0.974365 -0.224974 0.000000 95.873099 0.224974 0.974365 0.000000 9.365494 0.000000 0.000000 1.000000 0.000000
0.973734 -0.227688 0.000000 96.873242 0.227688 0.973734 0.000000 9.578490 0.000000 0.000000 1.000000 0.000000
0.972510 -0.232861 0.000000 97.961694 0.232861 0.972510 0.000000 9.808958 0.000000 0.000000 1.000000 0.000000
0.971272 -0.237971 0.000000 98.967507 0.237971 0.971272 0.000000 10.027880 0.000000 0.000000 1.000000 0.000000
0.971340 -0.237694 0.000000 100.032251 0.237694 0.971340 0.000000 10.268357 0.000000 0.000000 1.000000 0.000000
0.969659 -0.244463 0.000000 101.121741 0.244463 0.969659 0.000000 10.515323 0.000000 0.000000 1.000000 0.000000
0.968527 -0.248909 0.000000 102.184334 0.248909 0.968527 0.000000 10.767198 0.000000 0.000000 1.000000 0.000000
0.967197 -0.254026 0.000000 103.186652 0.254026 0.967197 0.000000 11.010871 0.000000 0.000000 1.000000 0.000000
0.965046 -0.262081 0.000000 104.641075 0.262081 0.965046 0.000000 11.366698 0.000000 0.000000 1.000000 0.000000
0.962744 -0.270413 0.000000 105.639028 0.270413 0.962744 0.000000 11.625633 0.000000 0.000000 1.000000 0.000000
0.960780 -0.277310 0.000000 106.709571 0.277310 0.960780 0.000000 11.905317 0.000000 0.000000 1.000000 0.000000
0.959545 -0.281556 0.000000 107.778050 0.281556 0.959545 0.000000 12.195583 0.000000 0.000000 1.000000 0.000000
0.957574 -0.288189 0.000000 108.773137 0.288189 0.957574 0.000000 12.467556 0.000000 0.000000 1.000000 0.000000
0.955779 -0.294086 0.000000 109.837554 0.294086 0.955779 0.000000 12.773377 0.000000 0.000000 1.000000 0.000000
0.951976 -0.306171 0.000000 111.444571 0.306171 0.951976 0.000000 13.236053 0.000000 0.000000 1.000000 0.000000
0.950520 -0.310665 0.000000 112.504269 0.310665 0.950520 0.000000 13.556174 0.000000 0.000000 1.000000 0.000000
0.949926 -0.312475 0.000000 113.494285 0.312475 0.949926 0.000000 13.867722 0.000000 0.000000 1.000000 0.000000
0.947759 -0.318988 0.000000 114.539799 0.318988 0.947759 0.000000 14.190640 0.000000 0.000000 1.000000 0.000000
0.945679 -0.325101 0.000000 115.533749 0.325101 0.945679 0.000000 14.503699 0.000000 0.000000 1.000000 0.000000
0.943233 -0.332133 0.000000 116.517060 0.332133 0.943233 0.000000 14.824486 0.000000 0.000000 1.000000 0.000000
0.939801 -0.341722 0.000000 117.571898 0.341722 0.939801 0.000000 15.159484 0.000000 0.000000 1.000000 0.000000
0.937578 -0.347774 0.000000 118.552612 0.347774 0.937578 0.000000 15.477810 0.000000 0.000000 1.000000 0.000000
0.935589 -0.353092 0.000000 119.588844 0.353092 0.935589 0.000000 15.841389 0.000000 0.000000 1.000000 0.000000
0.933876 -0.357597 0.000000 120.562462 0.357597 0.933876 0.000000 16.195983 0.000000 0.000000 1.000000 0.000000
0.932060 -0.362303 0.000000 121.581363 0.362303 0.932060 0.000000 16.569000 0.000000 0.000000 1.000000 0.000000
0.931053 -0.364883 0.000000 122.557556 0.364883 0.931053 0.000000 16.921661 0.000000 0.000000 1.000000 0.000000
0.929514 -0.368786 0.000000 123.578888 0.368786 0.929514 0.000000 17.312052 0.000000 0.000000 1.000000 0.000000
0.927202 -0.374561 0.000000 124.540716 0.374561 0.927202 0.000000 17.679868 0.000000 0.000000 1.000000 0.000000
0.933615 -0.358278 0.000000 125.489124 0.358278 0.933615 0.000000 18.056459 0.000000 0.000000 1.000000 0.000000
0.931863 -0.362811 0.000000 126.531783 0.362811 0.931863 0.000000 18.424183 0.000000 0.000000 1.000000 0.000000
0.932647 -0.360791 0.000000 127.503324 0.360791 0.932647 0.000000 18.762393 0.000000 0.000000 1.000000 0.000000
0.931259 -0.364358 0.000000 128.537296 0.364358 0.931259 0.000000 19.135000 0.000000 0.000000 1.000000 0.000000
0.929747 -0.368199 0.000000 129.510703 0.368199 0.929747 0.000000 19.506885 0.000000 0.000000 1.000000 0.000000
0.927638 -0.373481 0.000000 130.530981 0.373481 0.927638 0.000000 19.889296 0.000000 0.000000 1.000000 0.000000
0.921433 -0.388538 0.000000 131.504976 0.388538 0.921433 0.000000 20.256757 0.000000 0.000000 1.000000 0.000000
0.919822 -0.392335 0.000000 132.516069 0.392335 0.919822 0.000000 20.669894 0.000000 0.000000 1.000000 0.000000
0.918086 -0.396381 0.000000 133.740061 0.396381 0.918086 0.000000 21.175486 0.000000 0.000000 1.000000 0.000000
0.916222 -0.400672 0.000000 134.767002 0.400672 0.916222 0.000000 21.590666 0.000000 0.000000 1.000000 0.000000
0.913719 -0.406347 0.000000 135.723124 0.406347 0.913719 0.000000 21.981987 0.000000 0.000000 1.000000 0.000000
0.910515 -0.413477 0.000000 136.738427 0.413477 0.910515 0.000000 22.408121 0.000000 0.000000 1.000000 0.000000
0.907351 -0.420373 0.000000 137.750080 0.420373 0.907351 0.000000 22.843282 0.000000 0.000000 1.000000 0.000000
0.906037 -0.423199 0.000000 138.756574 0.423199 0.906037 0.000000 23.302879 0.000000 0.000000 1.000000 0.000000
0.904306 -0.426884 0.000000 140.195003 0.426884 0.904306 0.000000 23.949734 0.000000 0.000000 1.000000 0.000000
0.902512 -0.430666 0.000000 142.125712 0.430666 0.902512 0.000000 24.836245 0.000000 0.000000 1.000000 0.000000
0.900692 -0.434459 0.000000 143.129781 0.434459 0.900692 0.000000 25.298120 0.000000 0.000000 1.000000 0.000000
0.899545 -0.436829 0.000000 144.132666 0.436829 0.899545 0.000000 25.761234 0.000000 0.000000 1.000000 0.000000
0.897197 -0.441631 0.000000 145.133067 0.441631 0.897197 0.000000 26.228237 0.000000 0.000000 1.000000 0.000000
0.895172 -0.445720 0.000000 146.065847 0.445720 0.895172 0.000000 26.670558 0.000000 0.000000 1.000000 0.000000
0.896050 -0.443954 0.000000 147.066164 0.443954 0.896050 0.000000 27.136580 0.000000 0.000000 1.000000 0.000000
0.894122 -0.447824 0.000000 148.062181 0.447824 0.894122 0.000000 27.612316 0.000000 0.000000 1.000000 0.000000
0.892599 -0.450851 0.000000 148.989880 0.450851 0.892599 0.000000 28.060585 0.000000 0.000000 1.000000 0.000000
0.890044 -0.455875 0.000000 149.982638 0.455875 0.890044 0.000000 28.545315 0.000000 0.000000 1.000000 0.000000
0.888058 -0.459731 0.000000 150.908156 0.459731 0.888058 0.000000 29.002613 0.000000 0.000000 1.000000 0.000000
0.889388 -0.457154 0.000000 151.895043 0.457154 0.889388 0.000000 29.495660 0.000000 0.000000 1.000000 0.000000
0.886214 -0.463277 0.000000 152.881781 0.463277 0.886214 0.000000 29.983376 0.000000 0.000000 1.000000 0.000000
0.885270 -0.465077 0.000000 153.870606 0.465077 0.885270 0.000000 30.477843 0.000000 0.000000 1.000000 0.000000
0.882997 -0.469379 0.000000 154.791831 0.469379 0.882997 0.000000 30.945065 0.000000 0.000000 1.000000 0.000000
0.880685 -0.473701 0.000000 156.227448 0.473701 0.880685 0.000000 31.689102 0.000000 0.000000 1.000000 0.000000
0.879994 -0.474985 0.000000 157.144648 0.474985 0.879994 0.000000 32.168186 0.000000 0.000000 1.000000 0.000000
0.874540 -0.484953 0.000000 158.130423 0.484953 0.874540 0.000000 32.683910 0.000000 0.000000 1.000000 0.000000
0.873042 -0.487644 0.000000 159.045848 0.487644 0.873042 0.000000 33.182388 0.000000 0.000000 1.000000 0.000000
0.873208 -0.487348 0.000000 160.016630 0.487348 0.873208 0.000000 33.708079 0.000000 0.000000 1.000000 0.000000
0.871816 -0.489834 0.000000 160.945820 0.489834 0.871816 0.000000 34.206308 0.000000 0.000000 1.000000 0.000000
0.868718 -0.495306 0.000000 161.935966 0.495306 0.868718 0.000000 34.730861 0.000000 0.000000 1.000000 0.000000
0.868329 -0.495989 0.000000 162.859826 0.495989 0.868329 0.000000 35.231412 0.000000 0.000000 1.000000 0.000000
0.864733 -0.502233 0.000000 163.797101 0.502233 0.864733 0.000000 35.743484 0.000000 0.000000 1.000000 0.000000
0.860305 -0.509779 0.000000 165.254992 0.509779 0.860305 0.000000 36.565675 0.000000 0.000000 1.000000 0.000000
0.858186 -0.513339 0.000000 166.176473 0.513339 0.858186 0.000000 37.091359 0.000000 0.000000 1.000000 0.000000
0.854216 -0.519918 0.000000 167.152471 0.519918 0.854216 0.000000 37.661734 0.000000 0.000000 1.000000 0.000000
0.853965 -0.520330 0.000000 168.080061 0.520330 0.853965 0.000000 38.205103 0.000000 0.000000 1.000000 0.000000
0.851389 -0.524534 0.000000 169.075374 0.524534 0.851389 0.000000 38.784907 0.000000 0.000000 1.000000 0.000000
0.848242 -0.529609 0.000000 170.001164 0.529609 0.848242 0.000000 39.329112 0.000000 0.000000 1.000000 0.000000
0.846463 -0.532448 0.000000 170.993497 0.532448 0.846463 0.000000 39.924846 0.000000 0.000000 1.000000 0.000000
0.845792 -0.533513 0.000000 171.976328 0.533513 0.845792 0.000000 40.519896 0.000000 0.000000 1.000000 0.000000
0.843993 -0.536355 0.000000 172.918348 0.536355 0.843993 0.000000 41.081214 0.000000 0.000000 1.000000 0.000000
0.840663 -0.541558 0.000000 173.911819 0.541558 0.840663 0.000000 41.684718 0.000000 0.000000 1.000000 0.000000
0.839208 -0.543811 0.000000 174.845268 0.543811 0.839208 0.000000 42.268550 0.000000 0.000000 1.000000 0.000000
0.837103 -0.547046 0.000000 175.832278 0.547046 0.837103 0.000000 42.886344 0.000000 0.000000 1.000000 0.000000
0.836968 -0.547251 0.000000 176.768396 0.547251 0.836968 0.000000 43.474479 0.000000 0.000000 1.000000 0.000000
0.835231 -0.549900 0.000000 177.765236 0.549900 0.835231 0.000000 44.097435 0.000000 0.000000 1.000000 0.000000
0.832600 -0.553875 0.000000 179.058204 0.553875 0.832600 0.000000 44.905241 0.000000 0.000000 1.000000 0.000000
0.835004 -0.550244 0.000000 179.997318 0.550244 0.835004 0.000000 45.503314 0.000000 0.000000 1.000000 0.000000
0.830613 -0.556850 0.000000 180.998032 0.556850 0.830613 0.000000 46.151690 0.000000 0.000000 1.000000 0.000000
0.827028 -0.562161 0.000000 181.997539 0.562161 0.827028 0.000000 46.805245 0.000000 0.000000 1.000000 0.000000
0.825490 -0.564416 0.000000 182.932664 0.564416 0.825490 0.000000 47.421703 0.000000 0.000000 1.000000 0.000000
0.823524 -0.567282 0.000000 183.937949 0.567282 0.823524 0.000000 48.091895 0.000000 0.000000 1.000000 0.000000
0.822389 -0.568926 0.000000 184.938176 0.568926 0.822389 0.000000 48.761082 0.000000 0.000000 1.000000 0.000000
0.819548 -0.573010 0.000000 185.944521 0.573010 0.819548 0.000000 49.433269 0.000000 0.000000 1.000000 0.000000
0.817224 -0.576321 0.000000 186.882937 0.576321 0.817224 0.000000 50.068435 0.000000 0.000000 1.000000 0.000000
0.815413 -0.578880 0.000000 187.884972 0.578880 0.815413 0.000000 50.750863 0.000000 0.000000 1.000000 0.000000
0.814202 -0.580582 0.000000 188.870279 0.580582 0.814202 0.000000 51.431385 0.000000 0.000000 1.000000 0.000000
0.812024 -0.583624 0.000000 189.822618 0.583624 0.812024 0.000000 52.080233 0.000000 0.000000 1.000000 0.000000
0.809192 -0.587545 0.000000 190.825083 0.587545 0.809192 0.000000 52.768089 0.000000 0.000000 1.000000 0.000000
0.804888 -0.593427 0.000000 191.757837 0.593427 0.804888 0.000000 53.414856 0.000000 0.000000 1.000000 0.000000
0.804783 -0.593569 0.000000 192.749092 0.593569 0.804783 0.000000 54.124752 0.000000 0.000000 1.000000 0.000000
0.802278 -0.596951 0.000000 193.731544 0.596951 0.802278 0.000000 54.828509 0.000000 0.000000 1.000000 0.000000
0.799602 -0.600530 0.000000 194.666379 0.600530 0.799602 0.000000 55.503497 0.000000 0.000000 1.000000 0.000000
0.796235 -0.604988 0.000000 195.634769 0.604988 0.796235 0.000000 56.208262 0.000000 0.000000 1.000000 0.000000
0.796579 -0.604534 0.000000 196.620800 0.604534 0.796579 0.000000 56.927868 0.000000 0.000000 1.000000 0.000000
0.792366 -0.610046 0.000000 197.939047 0.610046 0.792366 0.000000 57.897864 0.000000 0.000000 1.000000 0.000000
0.789290 -0.614021 0.000000 199.244267 0.614021 0.789290 0.000000 58.865373 0.000000 0.000000 1.000000 0.000000
0.785736 -0.618562 0.000000 200.217823 0.618562 0.785736 0.000000 59.604189 0.000000 0.000000 1.000000 0.000000
0.785952 -0.618288 0.000000 201.198919 0.618288 0.785952 0.000000 60.331205 0.000000 0.000000 1.000000 0.000000
0.785075 -0.619401 0.000000 202.178986 0.619401 0.785075 0.000000 61.063352 0.000000 0.000000 1.000000 0.000000
0.784621 -0.619975 0.000000 203.156038 0.619975 0.784621 0.000000 61.798894 0.000000 0.000000 1.000000 0.000000
0.779054 -0.626957 0.000000 205.101477 0.626957 0.779054 0.000000 63.284836 0.000000 0.000000 1.000000 0.000000
0.777524 -0.628853 0.000000 206.021486 0.628853 0.777524 0.000000 63.981454 0.000000 0.000000 1.000000 0.000000
0.774556 -0.632506 0.000000 206.984327 0.632506 0.774556 0.000000 64.738139 0.000000 0.000000 1.000000 0.000000
0.772976 -0.634436 0.000000 207.879763 0.634436 0.772976 0.000000 65.447765 0.000000 0.000000 1.000000 0.000000
0.774669 -0.632367 0.000000 209.726652 0.632367 0.774669 0.000000 66.925077 0.000000 0.000000 1.000000 0.000000
0.774217 -0.632920 0.000000 210.699485 0.632920 0.774217 0.000000 67.688783 0.000000 0.000000 1.000000 0.000000
0.774829 -0.632170 0.000000 211.601130 0.632170 0.774829 0.000000 68.396976 0.000000 0.000000 1.000000 0.000000
0.777467 -0.628923 0.000000 212.557509 0.628923 0.777467 0.000000 69.150014 0.000000 0.000000 1.000000 0.000000
0.778019 -0.628240 0.000000 214.441371 0.628240 0.778019 0.000000 70.618499 0.000000 0.000000 1.000000 0.000000
0.776804 -0.629743 0.000000 215.336244 0.629743 0.776804 0.000000 71.322004 0.000000 0.000000 1.000000 0.000000
0.777371 -0.629043 0.000000 216.302014 0.629043 0.777371 0.000000 72.098474 0.000000 0.000000 1.000000 0.000000
0.775314 -0.631576 0.000000 217.208475 0.631576 0.775314 0.000000 72.797529 0.000000 0.000000 1.000000 0.000000
0.773710 -0.633540 0.000000 218.177561 0.633540 0.773710 0.000000 73.562513 0.000000 0.000000 1.000000 0.000000
0.773225 -0.634132 0.000000 219.071069 0.634132 0.773225 0.000000 74.271090 0.000000 0.000000 1.000000 0.000000
0.770443 -0.637508 0.000000 220.033058 0.637508 0.770443 0.000000 75.042781 0.000000 0.000000 1.000000 0.000000
0.769341 -0.638839 0.000000 220.915021 0.638839 0.769341 0.000000 75.773622 0.000000 0.000000 1.000000 0.000000
0.767831 -0.640653 0.000000 221.865492 0.640653 0.767831 0.000000 76.567111 0.000000 0.000000 1.000000 0.000000
0.768037 -0.640406 0.000000 223.084206 0.640406 0.768037 0.000000 77.571861 0.000000 0.000000 1.000000 0.000000
0.771053 -0.636771 0.000000 223.975046 0.636771 0.771053 0.000000 78.305993 0.000000 0.000000 1.000000 0.000000
0.762477 -0.647015 0.000000 224.938611 0.647015 0.762477 0.000000 79.075032 0.000000 0.000000 1.000000 0.000000
0.758171 -0.652055 0.000000 225.832301 0.652055 0.758171 0.000000 79.804264 0.000000 0.000000 1.000000 0.000000
0.757768 -0.652524 0.000000 226.716953 0.652524 0.757768 0.000000 80.537457 0.000000 0.000000 1.000000 0.000000
0.754668 -0.656107 0.000000 227.657937 0.656107 0.754668 0.000000 81.312982 0.000000 0.000000 1.000000 0.000000
0.758004 -0.652250 0.000000 229.216462 0.652250 0.758004 0.000000 82.653126 0.000000 0.000000 1.000000 0.000000
0.757980 -0.652278 0.000000 230.103221 0.652278 0.757980 0.000000 83.404018 0.000000 0.000000 1.000000 0.000000
0.754406 -0.656408 0.000000 230.993495 0.656408 0.754406 0.000000 84.139641 0.000000 0.000000 1.000000 0.000000
0.749653 -0.661831 0.000000 231.940960 0.661831 0.749653 0.000000 84.913592 0.000000 0.000000 1.000000 0.000000
0.747219 -0.664577 0.000000 232.883451 0.664577 0.747219 0.000000 85.709076 0.000000 0.000000 1.000000 0.000000
0.744034 -0.668141 0.000000 235.159625 0.668141 0.744034 0.000000 87.701453 0.000000 0.000000 1.000000 0.000000
0.741621 -0.670820 0.000000 236.024170 0.670820 0.741621 0.000000 88.449635 0.000000 0.000000 1.000000 0.000000
0.741488 -0.670966 0.000000 236.937737 0.670966 0.741488 0.000000 89.258231 0.000000 0.000000 1.000000 0.000000
0.739431 -0.673233 0.000000 237.854158 0.673233 0.739431 0.000000 90.058062 0.000000 0.000000 1.000000 0.000000
0.736995 -0.675898 0.000000 239.055788 0.675898 0.736995 0.000000 91.109878 0.000000 0.000000 1.000000 0.000000
0.737583 -0.675256 0.000000 240.145396 0.675256 0.737583 0.000000 92.077833 0.000000 0.000000 1.000000 0.000000
0.734697 -0.678395 0.000000 241.222617 0.678395 0.734697 0.000000 93.024878 0.000000 0.000000 1.000000 0.000000
0.732839 -0.680402 0.000000 242.123645 0.680402 0.732839 0.000000 93.824737 0.000000 0.000000 1.000000 0.000000
0.735333 -0.677706 0.000000 243.018182 0.677706 0.735333 0.000000 94.644518 0.000000 0.000000 1.000000 0.000000
0.737155 -0.675724 0.000000 243.893998 0.675724 0.737155 0.000000 95.454321 0.000000 0.000000 1.000000 0.000000
0.736281 -0.676676 0.000000 244.798529 0.676676 0.736281 0.000000 96.258733 0.000000 0.000000 1.000000 0.000000
0.730765 -0.682629 0.000000 245.687208 0.682629 0.730765 0.000000 97.024303 0.000000 0.000000 1.000000 0.000000
0.728571 -0.684970 0.000000 246.577120 0.684970 0.728571 0.000000 97.818433 0.000000 0.000000 1.000000 0.000000
0.729028 -0.684484 0.000000 247.413504 0.684484 0.729028 0.000000 98.587965 0.000000 0.000000 1.000000 0.000000
0.733976 -0.679175 0.000000 248.281775 0.679175 0.733976 0.000000 99.402763 0.000000 0.000000 1.000000 0.000000
0.735539 -0.677482 0.000000 249.166965 0.677482 0.735539 0.000000 100.190262 0.000000 0.000000 1.000000 0.000000
0.737501 -0.675346 0.000000 249.987767 0.675346 0.737501 0.000000 100.930608 0.000000 0.000000 1.000000 0.000000
0.737314 -0.675551 0.000000 250.861600 0.675551 0.737314 0.000000 101.731707 0.000000 0.000000 1.000000 0.000000
0.739425 -0.673239 0.000000 251.730217 0.673239 0.739425 0.000000 102.538517 0.000000 0.000000 1.000000 0.000000
0.739267 -0.673412 0.000000 252.605562 0.673412 0.739267 0.000000 103.324782 0.000000 0.000000 1.000000 0.000000
0.739038 -0.673663 0.000000 253.430632 0.673663 0.739038 0.000000 104.051407 0.000000 0.000000 1.000000 0.000000
0.736375 -0.676573 0.000000 254.308756 0.676573 0.736375 0.000000 104.822525 0.000000 0.000000 1.000000 0.000000
0.737747 -0.675077 0.000000 255.118945 0.675077 0.737747 0.000000 105.562207 0.000000 0.000000 1.000000 0.000000
0.739073 -0.673625 0.000000 255.992814 0.673625 0.739073 0.000000 106.345471 0.000000 0.000000 1.000000 0.000000
0.738063 -0.674732 0.000000 256.861705 0.674732 0.738063 0.000000 107.129892 0.000000 0.000000 1.000000 0.000000
0.737016 -0.675875 0.000000 257.670803 0.675875 0.737016 0.000000 107.867622 0.000000 0.000000 1.000000 0.000000
0.733971 -0.679181 0.000000 258.555500 0.679181 0.733971 0.000000 108.638823 0.000000 0.000000 1.000000 0.000000
0.726912 -0.686731 0.000000 260.306958 0.686731 0.726912 0.000000 110.179688 0.000000 0.000000 1.000000 0.000000
0.751283 -0.659981 0.000000 265.935194 0.659981 0.751283 0.000000 115.308060 0.000000 0.000000 1.000000 0.000000
0.754372 -0.656447 0.000000 266.833519 0.656447 0.754372 0.000000 116.070779 0.000000 0.000000 1.000000 0.000000
0.753768 -0.657140 0.000000 267.731780 0.657140 0.753768 0.000000 116.835181 0.000000 0.000000 1.000000 0.000000
0.753273 -0.657708 0.000000 268.633289 0.657708 0.753273 0.000000 117.599481 0.000000 0.000000 1.000000 0.000000
0.753892 -0.656999 0.000000 270.424396 0.656999 0.753892 0.000000 119.148719 0.000000 0.000000 1.000000 0.000000
0.751601 -0.659617 0.000000 271.314609 0.659617 0.751601 0.000000 119.933750 0.000000 0.000000 1.000000 0.000000
0.754822 -0.655929 0.000000 272.194410 0.655929 0.754822 0.000000 120.714001 0.000000 0.000000 1.000000 0.000000
0.760319 -0.649549 0.000000 273.040092 0.649549 0.760319 0.000000 121.438861 0.000000 0.000000 1.000000 0.000000
0.776788 -0.629763 0.000000 274.766014 0.629763 0.776788 0.000000 122.947827 0.000000 0.000000 1.000000 0.000000
0.782338 -0.622854 0.000000 275.683837 0.622854 0.782338 0.000000 123.704783 0.000000 0.000000 1.000000 0.000000
0.781519 -0.623881 0.000000 276.558637 0.623881 0.781519 0.000000 124.378223 0.000000 0.000000 1.000000 0.000000
0.773805 -0.633424 0.000000 278.389040 0.633424 0.773805 0.000000 125.750689 0.000000 0.000000 1.000000 0.000000
0.774474 -0.632606 0.000000 279.263136 0.632606 0.774474 0.000000 126.439276 0.000000 0.000000 1.000000 0.000000
0.768314 -0.640073 0.000000 280.198018 0.640073 0.768314 0.000000 127.159641 0.000000 0.000000 1.000000 0.000000
0.767522 -0.641022 0.000000 281.057573 0.641022 0.767522 0.000000 127.842621 0.000000 0.000000 1.000000 0.000000
0.765730 -0.643162 0.000000 281.993736 0.643162 0.765730 0.000000 128.583225 0.000000 0.000000 1.000000 0.000000
0.763116 -0.646262 0.000000 282.859956 0.646262 0.763116 0.000000 129.276023 0.000000 0.000000 1.000000 0.000000
0.758972 -0.651123 0.000000 283.784804 0.651123 0.758972 0.000000 130.021575 0.000000 0.000000 1.000000 0.000000
0.761393 -0.648291 0.000000 284.645255 0.648291 0.761393 0.000000 130.726560 0.000000 0.000000 1.000000 0.000000
0.758364 -0.651831 0.000000 285.569034 0.651831 0.758364 0.000000 131.484155 0.000000 0.000000 1.000000 0.000000
0.758403 -0.651786 0.000000 286.421591 0.651786 0.758403 0.000000 132.196281 0.000000 0.000000 1.000000 0.000000
0.755507 -0.655141 0.000000 287.342529 0.655141 0.755507 0.000000 132.957519 0.000000 0.000000 1.000000 0.000000
0.755337 -0.655337 0.000000 288.195676 0.655337 0.755337 0.000000 133.665062 0.000000 0.000000 1.000000 0.000000
0.756764 -0.653688 0.000000 289.302662 0.653688 0.756764 0.000000 134.593551 0.000000 0.000000 1.000000 0.000000
0.759277 -0.650768 0.000000 290.148575 0.650768 0.759277 0.000000 135.310326 0.000000 0.000000 1.000000 0.000000
0.760610 -0.649209 0.000000 291.605344 0.649209 0.760610 0.000000 136.531005 0.000000 0.000000 1.000000 0.000000
0.760036 -0.649881 0.000000 292.458332 0.649881 0.760036 0.000000 137.246443 0.000000 0.000000 1.000000 0.000000
0.758897 -0.651210 0.000000 293.431980 0.651210 0.758897 0.000000 138.062238 0.000000 0.000000 1.000000 0.000000
0.759069 -0.651010 0.000000 294.287065 0.651010 0.759069 0.000000 138.770491 0.000000 0.000000 1.000000 0.000000
0.751792 -0.659400 0.000000 295.263129 0.659400 0.751792 0.000000 139.579494 0.000000 0.000000 1.000000 0.000000
0.751985 -0.659181 0.000000 296.102571 0.659181 0.751985 0.000000 140.300747 0.000000 0.000000 1.000000 0.000000
0.754581 -0.656206 0.000000 296.996853 0.656206 0.754581 0.000000 141.078594 0.000000 0.000000 1.000000 0.000000
0.757766 -0.652527 0.000000 297.851986 0.652527 0.757766 0.000000 141.795459 0.000000 0.000000 1.000000 0.000000
0.762747 -0.646697 0.000000 298.751559 0.646697 0.762747 0.000000 142.563411 0.000000 0.000000 1.000000 0.000000
0.765515 -0.643418 0.000000 299.594580 0.643418 0.765515 0.000000 143.270445 0.000000 0.000000 1.000000 0.000000
0.772304 -0.635253 0.000000 300.487424 0.635253 0.772304 0.000000 144.045378 0.000000 0.000000 1.000000 0.000000
0.779694 -0.626161 0.000000 301.325171 0.626161 0.779694 0.000000 144.755623 0.000000 0.000000 1.000000 0.000000
0.782341 -0.622850 0.000000 302.247984 0.622850 0.782341 0.000000 145.486209 0.000000 0.000000 1.000000 0.000000
0.782401 -0.622774 0.000000 303.103971 0.622774 0.782401 0.000000 146.163766 0.000000 0.000000 1.000000 0.000000
0.785483 -0.618884 0.000000 303.971541 0.618884 0.785483 0.000000 146.840746 0.000000 0.000000 1.000000 0.000000
0.787990 -0.615688 0.000000 304.903855 0.615688 0.787990 0.000000 147.550421 0.000000 0.000000 1.000000 0.000000
0.790163 -0.612897 0.000000 305.776226 0.612897 0.790163 0.000000 148.212507 0.000000 0.000000 1.000000 0.000000
0.796892 -0.604122 0.000000 308.092676 0.604122 0.796892 0.000000 149.939822 0.000000 0.000000 1.000000 0.000000
0.795653 -0.605752 0.000000 309.045218 0.605752 0.795653 0.000000 150.615791 0.000000 0.000000 1.000000 0.000000
0.799626 -0.600498 0.000000 309.990781 0.600498 0.799626 0.000000 151.300922 0.000000 0.000000 1.000000 0.000000
0.801552 -0.597926 0.000000 310.944006 0.597926 0.801552 0.000000 151.973678 0.000000 0.000000 1.000000 0.000000
0.801673 -0.597763 0.000000 311.906432 0.597763 0.801673 0.000000 152.646082 0.000000 0.000000 1.000000 0.000000
0.804800 -0.593546 0.000000 312.845624 0.593546 0.804800 0.000000 153.316864 0.000000 0.000000 1.000000 0.000000
0.805863 -0.592102 0.000000 314.737593 0.592102 0.805863 0.000000 154.676840 0.000000 0.000000 1.000000 0.000000
0.811412 -0.584475 0.000000 315.618348 0.584475 0.811412 0.000000 155.323133 0.000000 0.000000 1.000000 0.000000
0.812308 -0.583229 0.000000 316.561919 0.583229 0.812308 0.000000 156.000735 0.000000 0.000000 1.000000 0.000000
0.812972 -0.582302 0.000000 317.448049 0.582302 0.812972 0.000000 156.629876 0.000000 0.000000 1.000000 0.000000
0.814091 -0.580737 0.000000 318.392974 0.580737 0.814091 0.000000 157.291382 0.000000 0.000000 1.000000 0.000000
0.815444 -0.578835 0.000000 319.346633 0.578835 0.815444 0.000000 157.958375 0.000000 0.000000 1.000000 0.000000
0.817258 -0.576273 0.000000 320.225366 0.576273 0.817258 0.000000 158.589858 0.000000 0.000000 1.000000 0.000000
0.816705 -0.577055 0.000000 321.176421 0.577055 0.816705 0.000000 159.249960 0.000000 0.000000 1.000000 0.000000
0.818290 -0.574805 0.000000 322.068756 0.574805 0.818290 0.000000 159.863201 0.000000 0.000000 1.000000 0.000000
0.817656 -0.575707 0.000000 323.026733 0.575707 0.817656 0.000000 160.516840 0.000000 0.000000 1.000000 0.000000
0.815023 -0.579429 0.000000 323.924571 0.579429 0.815023 0.000000 161.121454 0.000000 0.000000 1.000000 0.000000
0.814812 -0.579726 0.000000 324.863569 0.579726 0.814812 0.000000 161.777463 0.000000 0.000000 1.000000 0.000000
0.814506 -0.580155 0.000000 325.824004 0.580155 0.814506 0.000000 162.445205 0.000000 0.000000 1.000000 0.000000
0.814473 -0.580202 0.000000 326.711083 0.580202 0.814473 0.000000 163.062393 0.000000 0.000000 1.000000 0.000000
0.815034 -0.579414 0.000000 327.647060 0.579414 0.815034 0.000000 163.723217 0.000000 0.000000 1.000000 0.000000
0.812983 -0.582287 0.000000 328.522546 0.582287 0.812983 0.000000 164.336278 0.000000 0.000000 1.000000 0.000000
0.815046 -0.579397 0.000000 329.469349 0.579397 0.815046 0.000000 165.017715 0.000000 0.000000 1.000000 0.000000
0.817412 -0.576053 0.000000 330.399534 0.576053 0.817412 0.000000 165.674985 0.000000 0.000000 1.000000 0.000000
0.819168 -0.573553 0.000000 331.276656 0.573553 0.819168 0.000000 166.290121 0.000000 0.000000 1.000000 0.000000
0.813806 -0.581136 0.000000 332.751422 0.581136 0.813806 0.000000 167.262323 0.000000 0.000000 1.000000 0.000000
0.815917 -0.578169 0.000000 333.750944 0.578169 0.815917 0.000000 167.964485 0.000000 0.000000 1.000000 0.000000
0.810185 -0.586175 0.000000 334.703790 0.586175 0.810185 0.000000 168.616992 0.000000 0.000000 1.000000 0.000000
0.805789 -0.592203 0.000000 335.654450 0.592203 0.805789 0.000000 169.264601 0.000000 0.000000 1.000000 0.000000
0.803716 -0.595013 0.000000 336.602611 0.595013 0.803716 0.000000 169.914725 0.000000 0.000000 1.000000 0.000000
0.810291 -0.586028 0.000000 337.531154 0.586028 0.810291 0.000000 170.576334 0.000000 0.000000 1.000000 0.000000
0.809183 -0.587557 0.000000 338.470329 0.587557 0.809183 0.000000 171.231129 0.000000 0.000000 1.000000 0.000000
0.811790 -0.583949 0.000000 339.411319 0.583949 0.811790 0.000000 171.882082 0.000000 0.000000 1.000000 0.000000
0.808454 -0.588559 0.000000 340.355254 0.588559 0.808454 0.000000 172.529808 0.000000 0.000000 1.000000 0.000000
0.804267 -0.594268 0.000000 341.288935 0.594268 0.804267 0.000000 173.195070 0.000000 0.000000 1.000000 0.000000
0.804777 -0.593577 0.000000 342.213632 0.593577 0.804777 0.000000 173.872847 0.000000 0.000000 1.000000 0.000000
0.802905 -0.596107 0.000000 343.142262 0.596107 0.802905 0.000000 174.532161 0.000000 0.000000 1.000000 0.000000
0.806397 -0.591374 0.000000 344.052837 0.591374 0.806397 0.000000 175.223373 0.000000 0.000000 1.000000 0.000000
0.808293 -0.588780 0.000000 344.925995 0.588780 0.808293 0.000000 175.861123 0.000000 0.000000 1.000000 0.000000
0.811898 -0.583799 0.000000 345.789156 0.583799 0.811898 0.000000 176.483332 0.000000 0.000000 1.000000 0.000000
0.817639 -0.575731 0.000000 346.705391 0.575731 0.817639 0.000000 177.159581 0.000000 0.000000 1.000000 0.000000
0.823725 -0.566989 0.000000 347.581626 0.566989 0.823725 0.000000 177.770800 0.000000 0.000000 1.000000 0.000000
0.827851 -0.560948 0.000000 348.520257 0.560948 0.827851 0.000000 178.415051 0.000000 0.000000 1.000000 0.000000
0.831082 -0.556149 0.000000 349.403120 0.556149 0.831082 0.000000 179.011862 0.000000 0.000000 1.000000 0.000000
0.833892 -0.551927 0.000000 350.346316 0.551927 0.833892 0.000000 179.637273 0.000000 0.000000 1.000000 0.000000
0.837950 -0.545747 0.000000 351.235180 0.545747 0.837950 0.000000 180.226284 0.000000 0.000000 1.000000 0.000000
0.840036 -0.542530 0.000000 352.180971 0.542530 0.840036 0.000000 180.856724 0.000000 0.000000 1.000000 0.000000
0.839703 -0.543046 0.000000 353.081174 0.543046 0.839703 0.000000 181.428387 0.000000 0.000000 1.000000 0.000000
0.843477 -0.537165 0.000000 353.961378 0.537165 0.843477 0.000000 182.016041 0.000000 0.000000 1.000000 0.000000
0.841949 -0.539557 0.000000 354.925714 0.539557 0.841949 0.000000 182.603484 0.000000 0.000000 1.000000 0.000000
0.842183 -0.539192 0.000000 355.832421 0.539192 0.842183 0.000000 183.178434 0.000000 0.000000 1.000000 0.000000
0.845162 -0.534510 0.000000 356.790131 0.534510 0.845162 0.000000 183.777773 0.000000 0.000000 1.000000 0.000000
0.847626 -0.530594 0.000000 357.682677 0.530594 0.847626 0.000000 184.341776 0.000000 0.000000 1.000000 0.000000
0.853992 -0.520286 0.000000 358.650965 0.520286 0.853992 0.000000 184.950918 0.000000 0.000000 1.000000 0.000000
0.856358 -0.516383 0.000000 359.554861 0.516383 0.856358 0.000000 185.501467 0.000000 0.000000 1.000000 0.000000
0.858304 -0.513141 0.000000 360.531151 0.513141 0.858304 0.000000 186.089586 0.000000 0.000000 1.000000 0.000000
0.858932 -0.512089 0.000000 361.451575 0.512089 0.858932 0.000000 186.625777 0.000000 0.000000 1.000000 0.000000
0.860187 -0.509979 0.000000 362.690838 0.509979 0.860187 0.000000 187.348317 0.000000 0.000000 1.000000 0.000000
0.859447 -0.511225 0.000000 363.667758 0.511225 0.859447 0.000000 187.908595 0.000000 0.000000 1.000000 0.000000
0.858719 -0.512448 0.000000 364.582217 0.512448 0.858719 0.000000 188.439482 0.000000 0.000000 1.000000 0.000000
0.861767 -0.507305 0.000000 365.568499 0.507305 0.861767 0.000000 189.005962 0.000000 0.000000 1.000000 0.000000
0.861646 -0.507510 0.000000 366.488805 0.507510 0.861646 0.000000 189.526836 0.000000 0.000000 1.000000 0.000000
0.863886 -0.503688 0.000000 367.467009 0.503688 0.863886 0.000000 190.080645 0.000000 0.000000 1.000000 0.000000
0.865538 -0.500844 0.000000 368.459010 0.500844 0.865538 0.000000 190.640279 0.000000 0.000000 1.000000 0.000000
0.865995 -0.500052 0.000000 369.443831 0.500052 0.865995 0.000000 191.179884 0.000000 0.000000 1.000000 0.000000
