0.999997 0.002284 0.000000 0.909065 -0.002284 0.999997 0.000000 -0.011983 0.000000 0.000000 1.000000 0.000000
1.000000 0.000974 0.000000 1.872288 -0.000974 1.000000 0.000000 -0.019033 0.000000 0.000000 1.000000 0.000000
1.000000 -0.000526 0.000000 2.781567 0.000526 1.000000 0.000000 -0.037461 0.000000 0.000000 1.000000 0.000000
0.999996 -0.002812 0.000000 3.731466 0.002812 0.999996 0.000000 -0.047376 0.000000 0.000000 1.000000 0.000000
0.999982 -0.006036 0.000000 4.656975 0.006036 0.999982 0.000000 -0.058123 0.000000 0.000000 1.000000 0.000000
0.999965 -0.008371 0.000000 5.616451 0.008371 0.999965 0.000000 -0.071841 0.000000 0.000000 1.000000 0.000000
0.999936 -0.011270 0.000000 6.512386 0.011270 0.999936 0.000000 -0.071382 0.000000 0.000000 1.000000 0.000000
0.999847 -0.017488 0.000000 7.482594 0.017488 0.999847 0.000000 -0.068019 0.000000 0.000000 1.000000 0.000000
0.999744 -0.022648 0.000000 8.376472 0.022648 0.999744 0.000000 -0.074615 0.000000 0.000000 1.000000 0.000000
0.999638 -0.026906 0.000000 9.282535 0.026906 0.999638 0.000000 -0.060290 0.000000 0.000000 1.000000 0.000000
0.999549 -0.030016 0.000000 10.255446 0.030016 0.999549 0.000000 -0.035863 0.000000 0.000000 1.000000 0.000000
0.999524 -0.030836 0.000000 11.155849 0.030836 0.999524 0.000000 -0.021942 0.000000 0.000000 1.000000 0.000000
0.999575 -0.029157 0.000000 12.126425 0.029157 0.999575 0.000000 -0.017475 0.000000 0.000000 1.000000 0.000000
0.999593 -0.028512 0.000000 13.100122 0.028512 0.999593 0.000000 -0.015902 0.000000 0.000000 1.000000 0.000000
0.999386 -0.035035 0.000000 14.775827 0.035035 0.999386 0.000000 -0.002634 0.000000 0.000000 1.000000 0.000000
0.999376 -0.035335 0.000000 15.757044 0.035335 0.999376 0.000000 0.004852 0.000000 0.000000 1.000000 0.000000
0.999053 -0.043512 0.000000 16.729856 0.043512 0.999053 0.000000 0.023693 0.000000 0.000000 1.000000 0.000000
0.998902 -0.046857 0.000000 17.716484 0.046857 0.998902 0.000000 0.046631 0.000000 0.000000 1.000000 0.000000
0.998690 -0.051160 0.000000 18.707419 0.051160 0.998690 0.000000 0.078988 0.000000 0.000000 1.000000 0.000000
0.998224 -0.059565 0.000000 19.696417 0.059565 0.998224 0.000000 0.117297 0.000000 0.000000 1.000000 0.000000
0.998088 -0.061814 0.000000 20.632774 0.061814 0.998088 0.000000 0.150947 0.000000 0.000000 1.000000 0.000000
0.997035 -0.076952 0.000000 21.634911 0.076952 0.997035 0.000000 0.222499 0.000000 0.000000 1.000000 0.000000
0.997049 -0.076773 0.000000 22.563940 0.076773 0.997049 0.000000 0.257951 0.000000 0.000000 1.000000 0.000000
0.996903 -0.078641 0.000000 23.511096 0.078641 0.996903 0.000000 0.316981 0.000000 0.000000 1.000000 0.000000
0.996496 -0.083646 0.000000 25.520614 0.083646 0.996496 0.000000 0.443601 0.000000 0.000000 1.000000 0.000000
0.996569 -0.082762 0.000000 26.474825 0.082762 0.996569 0.000000 0.500433 0.000000 0.000000 1.000000 0.000000
0.996541 -0.083104 0.000000 27.438271 0.083104 0.996541 0.000000 0.569229 0.000000 0.000000 1.000000 0.000000
0.996302 -0.085925 0.000000 29.417528 0.085925 0.996302 0.000000 0.713884 0.000000 0.000000 1.000000 0.000000
0.996243 -0.086596 0.000000 30.465299 0.086596 0.996243 0.000000 0.789295 0.000000 0.000000 1.000000 0.000000
0.996275 -0.086232 0.000000 31.502755 0.086232 0.996275 0.000000 0.843936 0.000000 0.000000 1.000000 0.000000
0.996124 -0.087959 0.000000 32.476773 0.087959 0.996124 0.000000 0.920968 0.000000 0.000000 1.000000 0.000000
0.996140 -0.087776 0.000000 33.537384 0.087776 0.996140 0.000000 0.997272 0.000000 0.000000 1.000000 0.000000
0.996041 -0.088898 0.000000 34.935530 0.088898 0.996041 0.000000 1.106235 0.000000 0.000000 1.000000 0.000000
0.995444 -0.095350 0.000000 35.980326 0.095350 0.995444 0.000000 1.194926 0.000000 0.000000 1.000000 0.000000
0.995244 -0.097417 0.000000 36.981173 0.097417 0.995244 0.000000 1.280991 0.000000 0.000000 1.000000 0.000000
0.994947 -0.100400 0.000000 38.045653 0.100400 0.994947 0.000000 1.376840 0.000000 0.000000 1.000000 0.000000
0.994521 -0.104535 0.000000 39.041975 0.104535 0.994521 0.000000 1.462267 0.000000 0.000000 1.000000 0.000000
0.994151 -0.107999 0.000000 40.109142 0.107999 0.994151 0.000000 1.557555 0.000000 0.000000 1.000000 0.000000
0.993884 -0.110428 0.000000 41.182585 0.110428 0.993884 0.000000 1.660287 0.000000 0.000000 1.000000 0.000000
0.993646 -0.112548 0.000000 42.184472 0.112548 0.993646 0.000000 1.751467 0.000000 0.000000 1.000000 0.000000
0.993296 -0.115601 0.000000 43.261024 0.115601 0.993296 0.000000 1.856964 0.000000 0.000000 1.000000 0.000000
0.992769 -0.120039 0.000000 44.259829 0.120039 0.992769 0.000000 1.951719 0.000000 0.000000 1.000000 0.000000
0.991818 -0.127662 0.000000 45.340059 0.127662 0.991818 0.000000 2.057791 0.000000 0.000000 1.000000 0.000000
0.991503 -0.130085 0.000000 46.345673 0.130085 0.991503 0.000000 2.172410 0.000000 0.000000 1.000000 0.000000
0.991146 -0.132779 0.000000 47.352730 0.132779 0.991146 0.000000 2.286974 0.000000 0.000000 1.000000 0.000000
0.990689 -0.136144 0.000000 48.433008 0.136144 0.990689 0.000000 2.424837 0.000000 0.000000 1.000000 0.000000
0.990425 -0.138052 0.000000 49.436384 0.138052 0.990425 0.000000 2.547631 0.000000 0.000000 1.000000 0.000000
0.989527 -0.144348 0.000000 50.515274 0.144348 0.989527 0.000000 2.690740 0.000000 0.000000 1.000000 0.000000
0.988930 -0.148382 0.000000 51.970282 0.148382 0.988930 0.000000 2.906694 0.000000 0.000000 1.000000 0.000000
0.988742 -0.149627 0.000000 53.045938 0.149627 0.988742 0.000000 3.057196 0.000000 0.000000 1.000000 0.000000
0.989292 -0.145949 0.000000 54.460185 0.145949 0.989292 0.000000 3.231548 0.000000 0.000000 1.000000 0.000000
0.988812 -0.149165 0.000000 55.535103 0.149165 0.988812 0.000000 3.377136 0.000000 0.000000 1.000000 0.000000
0.988029 -0.154270 0.000000 56.684455 0.154270 0.988029 0.000000 3.532346 0.000000 0.000000 1.000000 0.000000
0.988010 -0.154388 0.000000 57.762637 0.154388 0.988010 0.000000 3.680260 0.000000 0.000000 1.000000 0.000000
0.988258 -0.152791 0.000000 58.837309 0.152791 0.988258 0.000000 3.819272 0.000000 0.000000 1.000000 0.000000
0.988071 -0.153998 0.000000 59.912326 0.153998 0.988071 0.000000 3.963446 0.000000 0.000000 1.000000 0.000000
0.987808 -0.155675 0.000000 60.927237 0.155675 0.987808 0.000000 4.114909 0.000000 0.000000 1.000000 0.000000
0.987553 -0.157284 0.000000 61.997483 0.157284 0.987553 0.000000 4.260505 0.000000 0.000000 1.000000 0.000000
0.986872 -0.161507 0.000000 63.070650 0.161507 0.986872 0.000000 4.409899 0.000000 0.000000 1.000000 0.000000
0.986077 -0.166291 0.000000 64.072013 0.166291 0.986077 0.000000 4.555878 0.000000 0.000000 1.000000 0.000000
0.985600 -0.169091 0.000000 65.140737 0.169091 0.985600 0.000000 4.726883 0.000000 0.000000 1.000000 0.000000
0.985350 -0.170545 0.000000 66.142268 0.170545 0.985350 0.000000 4.878612 0.000000 0.000000 1.000000 0.000000
0.985006 -0.172517 0.000000 67.220423 0.172517 0.985006 0.000000 5.049893 0.000000 0.000000 1.000000 0.000000
0.984566 -0.175014 0.000000 68.214033 0.175014 0.984566 0.000000 5.200662 0.000000 0.000000 1.000000 0.000000
0.983918 -0.178619 0.000000 69.281600 0.178619 0.983918 0.000000 5.377872 0.000000 0.000000 1.000000 0.000000
0.983495 -0.180933 0.000000 70.270260 0.180933 0.983495 0.000000 5.546862 0.000000 0.000000 1.000000 0.000000
0.983204 -0.182512 0.000000 71.356259 0.182512 0.983204 0.000000 5.732496 0.000000 0.000000 1.000000 0.000000
0.983000 -0.183605 0.000000 72.364148 0.183605 0.983000 0.000000 5.887956 0.000000 0.000000 1.000000 0.000000
0.983015 -0.183524 0.000000 73.435244 0.183524 0.983015 0.000000 6.076844 0.000000 0.000000 1.000000 0.000000
0.983250 -0.182265 0.000000 74.446363 0.182265 0.983250 0.000000 6.246833 0.000000 0.000000 1.000000 0.000000
0.983199 -0.182536 0.000000 75.542341 0.182536 0.983199 0.000000 6.431867 0.000000 0.000000 1.000000 0.000000
0.982631 -0.185573 0.000000 76.550187 0.185573 0.982631 0.000000 6.600283 0.000000 0.000000 1.000000 0.000000
0.981318 -0.192395 0.000000 77.632541 0.192395 0.981318 0.000000 6.790661 0.000000 0.000000 1.000000 0.000000
0.981001 -0.194002 0.000000 78.637817 0.194002 0.981001 0.000000 6.972939 0.000000 0.000000 1.000000 0.000000
0.981016 -0.193927 0.000000 79.721712 0.193927 0.981016 0.000000 7.182097 0.000000 0.000000 1.000000 0.000000
0.981046 -0.193777 0.000000 80.813586 0.193777 0.981046 0.000000 7.380060 0.000000 0.000000 1.000000 0.000000
0.981637 -0.190759 0.000000 81.825927 0.190759 0.981637 0.000000 7.570024 0.000000 0.000000 1.000000 0.000000
0.981348 -0.192240 0.000000 82.912787 0.192240 0.981348 0.000000 7.768522 0.000000 0.000000 1.000000 0.000000
0.980531 -0.196363 0.000000 84.673711 0.196363 0.980531 0.000000 8.104886 0.000000 0.000000 1.000000 0.000000
0.978686 -0.205363 0.000000 86.398644 0.205363 0.978686 0.000000 8.442192 0.000000 0.000000 1.000000 0.000000
0.978237 -0.207491 0.000000 87.403369 0.207491 0.978237 0.000000 8.630545 0.000000 0.000000 1.000000 0.000000
0.977641 -0.210281 0.000000 88.495271 0.210281 0.977641 0.000000 8.848093 0.000000 0.000000 1.000000 0.000000
0.976608 -0.215028 0.000000 89.503547 0.215028 0.976608 0.000000 9.044825 0.000000 0.000000 1.000000 0.000000
0.975419 -0.220360 0.000000 90.574621 0.220360 0.975419 0.000000 9.261019 0.000000 0.000000 1.000000 0.000000
0.975491 -0.220038 0.000000 91.666619 0.220038 0.975491 0.000000 9.485169 0.000000 0.000000 1.000000 0.000000
0.973998 -0.226556 0.000000 92.736986 0.226556 0.973998 0.000000 9.709980 0.000000 0.000000 1.000000 0.000000
0.973060 -0.230551 0.000000 93.747203 0.230551 0.973060 0.000000 9.930510 0.000000 0.000000 1.000000 0.000000
0.971345 -0.237676 0.000000 95.209079 0.237676 0.971345 0.000000 10.267862 0.000000 0.000000 1.000000 0.000000
0.970085 -0.242764 0.000000 96.216781 0.242764 0.970085 0.000000 10.493154 0.000000 0.000000 1.000000 0.000000
0.967899 -0.251340 0.000000 97.294816 0.251340 0.967899 0.000000 10.754059 0.000000 0.000000 1.000000 0.000000
0.966138 -0.258024 0.000000 98.371865 0.258024 0.966138 0.000000 11.016705 0.000000 0.000000 1.000000 0.000000
0.965140 -0.261734 0.000000 99.372441 0.261734 0.965140 0.000000 11.269033 0.000000 0.000000 1.000000 0.000000
0.963248 -0.268613 0.000000 100.443133 0.268613 0.963248 0.000000 11.541942 0.000000 0.000000 1.000000 0.000000
0.960766 -0.277361 0.000000 102.058422 0.277361 0.960766 0.000000 11.982296 0.000000 0.000000 1.000000 0.000000
0.958516 -0.285039 0.000000 103.127527 0.285039 0.958516 0.000000 12.277351 0.000000 0.000000 1.000000 0.000000
0.957385 -0.288816 0.000000 104.131209 0.288816 0.957385 0.000000 12.553095 0.000000 0.000000 1.000000 0.000000
0.956917 -0.290363 0.000000 105.182100 0.290363 0.956917 0.000000 12.856855 0.000000 0.000000 1.000000 0.000000
0.955077 -0.296357 0.000000 106.180536 0.296357 0.955077 0.000000 13.144920 0.000000 0.000000 1.000000 0.000000
0.953322 -0.301957 0.000000 107.178454 0.301957 0.953322 0.000000 13.440122 0.000000 0.000000 1.000000 0.000000
0.951020 -0.309130 0.000000 108.236663 0.309130 0.951020 0.000000 13.759421 0.000000 0.000000 1.000000 0.000000
0.948173 -0.317754 0.000000 109.228145 0.317754 0.948173 0.000000 14.053150 0.000000 0.000000 1.000000 0.000000
0.946069 -0.323967 0.000000 110.280925 0.323967 0.946069 0.000000 14.374312 0.000000 0.000000 1.000000 0.000000
0.944453 -0.328646 0.000000 111.267615 0.328646 0.944453 0.000000 14.698279 0.000000 0.000000 1.000000 0.000000
0.942871 -0.333158 0.000000 112.298867 0.333158 0.942871 0.000000 15.047120 0.000000 0.000000 1.000000 0.000000
0.941348 -0.337437 0.000000 113.279370 0.337437 0.941348 0.000000 15.380295 0.000000 0.000000 1.000000 0.000000
0.940455 -0.339918 0.000000 114.315898 0.339918 0.940455 0.000000 15.726741 0.000000 0.000000 1.000000 0.000000
0.939224 -0.343305 0.000000 115.287420 0.343305 0.939224 0.000000 16.069664 0.000000 0.000000 1.000000 0.000000
0.937208 -0.348771 0.000000 116.250077 0.348771 0.937208 0.000000 16.409995 0.000000 0.000000 1.000000 0.000000
0.943775 -0.330587 0.000000 117.297852 0.330587 0.943775 0.000000 16.767775 0.000000 0.000000 1.000000 0.000000
0.942401 -0.334486 0.000000 118.280834 0.334486 0.942401 0.000000 17.083578 0.000000 0.000000 1.000000 0.000000
0.943297 -0.331949 0.000000 119.333853 0.331949 0.943297 0.000000 17.404058 0.000000 0.000000 1.000000 0.000000
0.942170 -0.335136 0.000000 120.321648 0.335136 0.942170 0.000000 17.727444 0.000000 0.000000 1.000000 0.000000
0.940750 -0.339101 0.000000 121.351571 0.339101 0.940750 0.000000 18.091350 0.000000 0.000000 1.000000 0.000000
0.938892 -0.344212 0.000000 122.333537 0.344212 0.938892 0.000000 18.431988 0.000000 0.000000 1.000000 0.000000
0.932866 -0.360222 0.000000 123.357943 0.360222 0.932866 0.000000 18.805563 0.000000 0.000000 1.000000 0.000000
0.931018 -0.364973 0.000000 124.599645 0.364973 0.931018 0.000000 19.279198 0.000000 0.000000 1.000000 0.000000
0.929620 -0.368520 0.000000 125.632908 0.368520 0.929620 0.000000 19.676983 0.000000 0.000000 1.000000 0.000000
0.927998 -0.372585 0.000000 126.601216 0.372585 0.927998 0.000000 20.041140 0.000000 0.000000 1.000000 0.000000
0.925590 -0.378526 0.000000 127.629161 0.378526 0.925590 0.000000 20.430177 0.000000 0.000000 1.000000 0.000000
0.922678 -0.385572 0.000000 128.655340 0.385572 0.922678 0.000000 20.831041 0.000000 0.000000 1.000000 0.000000
0.919827 -0.392324 0.000000 129.682987 0.392324 0.919827 0.000000 21.240659 0.000000 0.000000 1.000000 0.000000
0.918196 -0.396127 0.000000 131.138273 0.396127 0.918196 0.000000 21.859458 0.000000 0.000000 1.000000 0.000000
0.916262 -0.400580 0.000000 133.096915 0.400580 0.916262 0.000000 22.675280 0.000000 0.000000 1.000000 0.000000
0.915499 -0.402321 0.000000 134.117226 0.402321 0.915499 0.000000 23.107441 0.000000 0.000000 1.000000 0.000000
0.913915 -0.405905 0.000000 135.136171 0.405905 0.913915 0.000000 23.540643 0.000000 0.000000 1.000000 0.000000
0.912945 -0.408083 0.000000 136.151133 0.408083 0.912945 0.000000 23.970406 0.000000 0.000000 1.000000 0.000000
0.911039 -0.412320 0.000000 137.100332 0.412320 0.911039 0.000000 24.383350 0.000000 0.000000 1.000000 0.000000
0.909170 -0.416426 0.000000 138.113650 0.416426 0.909170 0.000000 24.822127 0.000000 0.000000 1.000000 0.000000
0.910181 -0.414210 0.000000 139.131447 0.414210 0.910181 0.000000 25.252652 0.000000 0.000000 1.000000 0.000000
0.908684 -0.417486 0.000000 140.076574 0.417486 0.908684 0.000000 25.670440 0.000000 0.000000 1.000000 0.000000
0.907267 -0.420555 0.000000 141.085039 0.420555 0.907267 0.000000 26.123528 0.000000 0.000000 1.000000 0.000000
0.905143 -0.425107 0.000000 142.028372 0.425107 0.905143 0.000000 26.551134 0.000000 0.000000 1.000000 0.000000
0.903315 -0.428979 0.000000 143.029076 0.428979 0.903315 0.000000 27.004656 0.000000 0.000000 1.000000 0.000000
0.904657 -0.426141 0.000000 144.030913 0.426141 0.904657 0.000000 27.455148 0.000000 0.000000 1.000000 0.000000
0.901849 -0.432051 0.000000 145.034728 0.432051 0.901849 0.000000 27.913835 0.000000 0.000000 1.000000 0.000000
0.901102 -0.433607 0.000000 145.974263 0.433607 0.901102 0.000000 28.343783 0.000000 0.000000 1.000000 0.000000
0.897864 -0.440272 0.000000 147.433182 0.440272 0.897864 0.000000 29.033247 0.000000 0.000000 1.000000 0.000000
0.896593 -0.442855 0.000000 148.366643 0.442855 0.896593 0.000000 29.481036 0.000000 0.000000 1.000000 0.000000
0.895989 -0.444077 0.000000 149.365504 0.444077 0.895989 0.000000 29.962441 0.000000 0.000000 1.000000 0.000000
0.891296 -0.453423 0.000000 150.298913 0.453423 0.891296 0.000000 30.416959 0.000000 0.000000 1.000000 0.000000
0.889895 -0.456166 0.000000 151.285682 0.456166 0.889895 0.000000 30.912558 0.000000 0.000000 1.000000 0.000000
0.890159 -0.455651 0.000000 152.231085 0.455651 0.890159 0.000000 31.379068 0.000000 0.000000 1.000000 0.000000
0.888894 -0.458112 0.000000 153.237352 0.458112 0.888894 0.000000 31.868594 0.000000 0.000000 1.000000 0.000000
0.886343 -0.463029 0.000000 154.177413 0.463029 0.886343 0.000000 32.331972 0.000000 0.000000 1.000000 0.000000
0.886059 -0.463572 0.000000 155.134031 0.463572 0.886059 0.000000 32.801316 0.000000 0.000000 1.000000 0.000000
0.880946 -0.473217 0.000000 156.616869 0.473217 0.880946 0.000000 33.562373 0.000000 0.000000 1.000000 0.000000
0.878404 -0.477918 0.000000 157.551431 0.477918 0.878404 0.000000 34.052412 0.000000 0.000000 1.000000 0.000000
0.876426 -0.481537 0.000000 158.547383 0.481537 0.876426 0.000000 34.576076 0.000000 0.000000 1.000000 0.000000
0.873214 -0.487336 0.000000 159.493725 0.487336 0.873214 0.000000 35.089421 0.000000 0.000000 1.000000 0.000000
0.873051 -0.487628 0.000000 160.501223 0.487628 0.873051 0.000000 35.628719 0.000000 0.000000 1.000000 0.000000
0.870904 -0.491453 0.000000 161.442382 0.491453 0.870904 0.000000 36.138448 0.000000 0.000000 1.000000 0.000000
0.867840 -0.496844 0.000000 162.454163 0.496844 0.867840 0.000000 36.687993 0.000000 0.000000 1.000000 0.000000
0.866485 -0.499203 0.000000 163.461371 0.499203 0.866485 0.000000 37.241450 0.000000 0.000000 1.000000 0.000000
0.866059 -0.499942 0.000000 164.417368 0.499942 0.866059 0.000000 37.769019 0.000000 0.000000 1.000000 0.000000
0.864450 -0.502719 0.000000 165.432022 0.502719 0.864450 0.000000 38.323525 0.000000 0.000000 1.000000 0.000000
0.861671 -0.507468 0.000000 166.394544 0.507468 0.861671 0.000000 38.862415 0.000000 0.000000 1.000000 0.000000
0.860428 -0.509572 0.000000 167.405882 0.509572 0.860428 0.000000 39.439580 0.000000 0.000000 1.000000 0.000000
0.858739 -0.512413 0.000000 168.360075 0.512413 0.858739 0.000000 39.984755 0.000000 0.000000 1.000000 0.000000
0.858714 -0.512455 0.000000 169.380855 0.512455 0.858714 0.000000 40.565579 0.000000 0.000000 1.000000 0.000000
0.856783 -0.515677 0.000000 170.698889 0.515677 0.856783 0.000000 41.325134 0.000000 0.000000 1.000000 0.000000
0.855180 -0.518330 0.000000 171.664289 0.518330 0.855180 0.000000 41.879592 0.000000 0.000000 1.000000 0.000000
0.857647 -0.514239 0.000000 172.689897 0.514239 0.857647 0.000000 42.468784 0.000000 0.000000 1.000000 0.000000
0.853685 -0.520789 0.000000 173.709152 0.520789 0.853685 0.000000 43.085702 0.000000 0.000000 1.000000 0.000000
0.850739 -0.525589 0.000000 174.667237 0.525589 0.850739 0.000000 43.658943 0.000000 0.000000 1.000000 0.000000
0.849343 -0.527842 0.000000 175.697027 0.527842 0.849343 0.000000 44.279777 0.000000 0.000000 1.000000 0.000000
0.847612 -0.530617 0.000000 176.724450 0.530617 0.847612 0.000000 44.904661 0.000000 0.000000 1.000000 0.000000
0.846685 -0.532095 0.000000 177.756216 0.532095 0.846685 0.000000 45.532344 0.000000 0.000000 1.000000 0.000000
0.844285 -0.535895 0.000000 178.718669 0.535895 0.844285 0.000000 46.124649 0.000000 0.000000 1.000000 0.000000
0.842057 -0.539389 0.000000 179.750320 0.539389 0.842057 0.000000 46.763151 0.000000 0.000000 1.000000 0.000000
0.840487 -0.541832 0.000000 180.767738 0.541832 0.840487 0.000000 47.390722 0.000000 0.000000 1.000000 0.000000
0.839520 -0.543328 0.000000 181.736372 0.543328 0.839520 0.000000 48.005376 0.000000 0.000000 1.000000 0.000000
0.837565 -0.546337 0.000000 182.772566 0.546337 0.837565 0.000000 48.639950 0.000000 0.000000 1.000000 0.000000
0.835289 -0.549811 0.000000 183.735684 0.549811 0.835289 0.000000 49.241354 0.000000 0.000000 1.000000 0.000000
0.831113 -0.556103 0.000000 184.761279 0.556103 0.831113 0.000000 49.893695 0.000000 0.000000 1.000000 0.000000
0.831168 -0.556021 0.000000 185.774109 0.556021 0.831168 0.000000 50.546407 0.000000 0.000000 1.000000 0.000000
0.829017 -0.559224 0.000000 186.741897 0.559224 0.829017 0.000000 51.177194 0.000000 0.000000 1.000000 0.000000
0.826557 -0.562853 0.000000 187.742293 0.562853 0.826557 0.000000 51.835920 0.000000 0.000000 1.000000 0.000000
0.823455 -0.567381 0.000000 188.756364 0.567381 0.823455 0.000000 52.512224 0.000000 0.000000 1.000000 0.000000
0.823979 -0.566620 0.000000 190.120695 0.566620 0.823979 0.000000 53.410735 0.000000 0.000000 1.000000 0.000000
0.820170 -0.572120 0.000000 191.467796 0.572120 0.820170 0.000000 54.323109 0.000000 0.000000 1.000000 0.000000
0.818188 -0.574951 0.000000 192.482029 0.574951 0.818188 0.000000 55.003345 0.000000 0.000000 1.000000 0.000000
0.815084 -0.579343 0.000000 193.487652 0.579343 0.815084 0.000000 55.701015 0.000000 0.000000 1.000000 0.000000
0.815467 -0.578803 0.000000 194.504350 0.578803 0.815467 0.000000 56.377620 0.000000 0.000000 1.000000 0.000000
0.814741 -0.579824 0.000000 195.517254 0.579824 0.814741 0.000000 57.058476 0.000000 0.000000 1.000000 0.000000
0.814035 -0.580816 0.000000 197.538786 0.580816 0.814035 0.000000 58.435894 0.000000 0.000000 1.000000 0.000000
0.811736 -0.584024 0.000000 198.484708 0.584024 0.811736 0.000000 59.097292 0.000000 0.000000 1.000000 0.000000
0.810404 -0.585872 0.000000 199.500608 0.585872 0.810404 0.000000 59.783229 0.000000 0.000000 1.000000 0.000000
0.807957 -0.589242 0.000000 200.435445 0.589242 0.807957 0.000000 60.445380 0.000000 0.000000 1.000000 0.000000
0.805112 -0.593123 0.000000 202.360633 0.593123 0.805112 0.000000 61.815405 0.000000 0.000000 1.000000 0.000000
0.806084 -0.591802 0.000000 203.365018 0.591802 0.806084 0.000000 62.535932 0.000000 0.000000 1.000000 0.000000
0.805753 -0.592252 0.000000 204.301453 0.592252 0.805753 0.000000 63.194448 0.000000 0.000000 1.000000 0.000000
0.806485 -0.591254 0.000000 205.296307 0.591254 0.806485 0.000000 63.889498 0.000000 0.000000 1.000000 0.000000
0.811412 -0.584474 0.000000 207.259009 0.584474 0.811412 0.000000 65.253519 0.000000 0.000000 1.000000 0.000000
0.811775 -0.583970 0.000000 208.190330 0.583970 0.811775 0.000000 65.899398 0.000000 0.000000 1.000000 0.000000
0.810661 -0.585516 0.000000 209.204052 0.585516 0.810661 0.000000 66.612999 0.000000 0.000000 1.000000 0.000000
0.811260 -0.584686 0.000000 210.136951 0.584686 0.811260 0.000000 67.280328 0.000000 0.000000 1.000000 0.000000
0.809188 -0.587550 0.000000 211.152075 0.587550 0.809188 0.000000 67.987617 0.000000 0.000000 1.000000 0.000000
0.807846 -0.589394 0.000000 212.083241 0.589394 0.807846 0.000000 68.649704 0.000000 0.000000 1.000000 0.000000
0.807308 -0.590130 0.000000 213.089151 0.590130 0.807308 0.000000 69.362740 0.000000 0.000000 1.000000 0.000000
0.804891 -0.593423 0.000000 214.011596 0.593423 0.804891 0.000000 70.028151 0.000000 0.000000 1.000000 0.000000
0.803747 -0.594971 0.000000 215.003118 0.594971 0.803747 0.000000 70.765698 0.000000 0.000000 1.000000 0.000000
0.802039 -0.597272 0.000000 216.268313 0.597272 0.802039 0.000000 71.716834 0.000000 0.000000 1.000000 0.000000
0.802287 -0.596939 0.000000 217.198885 0.596939 0.802287 0.000000 72.395728 0.000000 0.000000 1.000000 0.000000
0.805412 -0.592716 0.000000 218.199157 0.592716 0.805412 0.000000 73.122960 0.000000 0.000000 1.000000 0.000000
0.798023 -0.602627 0.000000 219.128438 0.602627 0.798023 0.000000 73.801883 0.000000 0.000000 1.000000 0.000000
0.794122 -0.607758 0.000000 220.053807 0.607758 0.794122 0.000000 74.483569 0.000000 0.000000 1.000000 0.000000
0.793783 -0.608201 0.000000 221.032501 0.608201 0.793783 0.000000 75.205276 0.000000 0.000000 1.000000 0.000000
0.789046 -0.614334 0.000000 222.684382 0.614334 0.789046 0.000000 76.428215 0.000000 0.000000 1.000000 0.000000
0.790890 -0.611958 0.000000 223.611493 0.611958 0.790890 0.000000 77.135479 0.000000 0.000000 1.000000 0.000000
0.790904 -0.611940 0.000000 224.531455 0.611940 0.790904 0.000000 77.837012 0.000000 0.000000 1.000000 0.000000
0.787379 -0.616469 0.000000 225.510691 0.616469 0.787379 0.000000 78.574385 0.000000 0.000000 1.000000 0.000000
0.782923 -0.622119 0.000000 226.501740 0.622119 0.782923 0.000000 79.312845 0.000000 0.000000 1.000000 0.000000
0.777389 -0.629021 0.000000 228.906229 0.629021 0.777389 0.000000 81.160758 0.000000 0.000000 1.000000 0.000000
0.776460 -0.630166 0.000000 229.798533 0.630166 0.776460 0.000000 81.876197 0.000000 0.000000 1.000000 0.000000
0.774172 -0.632976 0.000000 230.757937 0.632976 0.774172 0.000000 82.633606 0.000000 0.000000 1.000000 0.000000
0.774143 -0.633011 0.000000 231.713925 0.633011 0.774143 0.000000 83.392542 0.000000 0.000000 1.000000 0.000000
0.771725 -0.635957 0.000000 232.966131 0.635957 0.771725 0.000000 84.389692 0.000000 0.000000 1.000000 0.000000
0.769731 -0.638368 0.000000 234.108998 0.638368 0.769731 0.000000 85.302068 0.000000 0.000000 1.000000 0.000000
0.770437 -0.637516 0.000000 235.234979 0.637516 0.770437 0.000000 86.204832 0.000000 0.000000 1.000000 0.000000
0.768441 -0.639921 0.000000 236.182389 0.639921 0.768441 0.000000 86.955098 0.000000 0.000000 1.000000 0.000000
0.766916 -0.641748 0.000000 237.130506 0.641748 0.766916 0.000000 87.710274 0.000000 0.000000 1.000000 0.000000
0.769508 -0.638638 0.000000 238.057160 0.638638 0.769508 0.000000 88.466830 0.000000 0.000000 1.000000 0.000000
0.771296 -0.636476 0.000000 238.996912 0.636476 0.771296 0.000000 89.244735 0.000000 0.000000 1.000000 0.000000
0.770545 -0.637386 0.000000 239.912361 0.637386 0.770545 0.000000 89.983088 0.000000 0.000000 1.000000 0.000000
0.765348 -0.643616 0.000000 240.844444 0.643616 0.765348 0.000000 90.721772 0.000000 0.000000 1.000000 0.000000
0.763453 -0.645863 0.000000 241.731202 0.645863 0.763453 0.000000 91.436880 0.000000 0.000000 1.000000 0.000000
0.763882 -0.645355 0.000000 242.652804 0.645355 0.763882 0.000000 92.198741 0.000000 0.000000 1.000000 0.000000
0.768633 -0.639691 0.000000 243.567248 0.639691 0.768633 0.000000 92.961396 0.000000 0.000000 1.000000 0.000000
0.770124 -0.637894 0.000000 244.435218 0.637894 0.770124 0.000000 93.648900 0.000000 0.000000 1.000000 0.000000
0.772028 -0.635589 0.000000 245.358230 0.635589 0.772028 0.000000 94.391884 0.000000 0.000000 1.000000 0.000000
0.771844 -0.635811 0.000000 246.276923 0.635811 0.771844 0.000000 95.154310 0.000000 0.000000 1.000000 0.000000
0.773830 -0.633393 0.000000 247.182183 0.633393 0.773830 0.000000 95.906214 0.000000 0.000000 1.000000 0.000000
0.773762 -0.633476 0.000000 248.046087 0.633476 0.773762 0.000000 96.600574 0.000000 0.000000 1.000000 0.000000
0.773651 -0.633612 0.000000 248.966183 0.633612 0.773651 0.000000 97.327055 0.000000 0.000000 1.000000 0.000000
0.771249 -0.636533 0.000000 249.819030 0.636533 0.771249 0.000000 98.009346 0.000000 0.000000 1.000000 0.000000
0.772525 -0.634984 0.000000 250.725825 0.634984 0.772525 0.000000 98.750214 0.000000 0.000000 1.000000 0.000000
0.773593 -0.633683 0.000000 251.632495 0.633683 0.773593 0.000000 99.486790 0.000000 0.000000 1.000000 0.000000
0.772628 -0.634860 0.000000 252.480402 0.634860 0.772628 0.000000 100.180104 0.000000 0.000000 1.000000 0.000000
0.771484 -0.636249 0.000000 253.380749 0.636249 0.771484 0.000000 100.925881 0.000000 0.000000 1.000000 0.000000
0.765705 -0.643192 0.000000 255.203648 0.643192 0.765705 0.000000 102.380983 0.000000 0.000000 1.000000 0.000000
0.743622 -0.668601 0.000000 260.971438 0.668601 0.743622 0.000000 107.312363 0.000000 0.000000 1.000000 0.000000
0.747367 -0.664411 0.000000 261.862787 0.664411 0.747367 0.000000 108.079125 0.000000 0.000000 1.000000 0.000000
0.750519 -0.660849 0.000000 262.761448 0.660849 0.750519 0.000000 108.843393 0.000000 0.000000 1.000000 0.000000
0.749960 -0.661483 0.000000 263.654020 0.661483 0.749960 0.000000 109.611658 0.000000 0.000000 1.000000 0.000000
0.748977 -0.662596 0.000000 265.445511 0.662596 0.748977 0.000000 111.155874 0.000000 0.000000 1.000000 0.000000
0.749352 -0.662172 0.000000 266.340957 0.662172 0.749352 0.000000 111.938934 0.000000 0.000000 1.000000 0.000000
0.747122 -0.664687 0.000000 267.214819 0.664687 0.747122 0.000000 112.722671 0.000000 0.000000 1.000000 0.000000
0.750340 -0.661052 0.000000 268.048833 0.661052 0.750340 0.000000 113.460940 0.000000 0.000000 1.000000 0.000000
0.761848 -0.647756 0.000000 269.798519 0.647756 0.761848 0.000000 114.924842 0.000000 0.000000 1.000000 0.000000
0.770635 -0.637277 0.000000 270.707321 0.637277 0.770635 0.000000 115.695698 0.000000 0.000000 1.000000 0.000000
0.775649 -0.631165 0.000000 271.557232 0.631165 0.775649 0.000000 116.403191 0.000000 0.000000 1.000000 0.000000
0.773858 -0.633359 0.000000 273.350989 0.633359 0.773858 0.000000 117.824286 0.000000 0.000000 1.000000 0.000000
0.770013 -0.638028 0.000000 274.231418 0.638028 0.770013 0.000000 118.510063 0.000000 0.000000 1.000000 0.000000
0.770713 -0.637183 0.000000 275.153976 0.637183 0.770713 0.000000 119.248251 0.000000 0.000000 1.000000 0.000000
0.764840 -0.644220 0.000000 276.012384 0.644220 0.764840 0.000000 119.931893 0.000000 0.000000 1.000000 0.000000
0.763930 -0.645299 0.000000 276.942053 0.645299 0.763930 0.000000 120.680069 0.000000 0.000000 1.000000 0.000000
0.762077 -0.647487 0.000000 277.803104 0.647487 0.762077 0.000000 121.375203 0.000000 0.000000 1.000000 0.000000
0.758965 -0.651131 0.000000 278.716823 0.651131 0.758965 0.000000 122.130604 0.000000 0.000000 1.000000 0.000000
0.754927 -0.655809 0.000000 279.573781 0.655809 0.754927 0.000000 122.846323 0.000000 0.000000 1.000000 0.000000
0.757506 -0.652828 0.000000 280.492680 0.652828 0.757506 0.000000 123.601708 0.000000 0.000000 1.000000 0.000000
0.754767 -0.655993 0.000000 281.344290 0.655993 0.754767 0.000000 124.314940 0.000000 0.000000 1.000000 0.000000
0.754948 -0.655785 0.000000 282.253655 0.655785 0.754948 0.000000 125.082651 0.000000 0.000000 1.000000 0.000000
0.752504 -0.658588 0.000000 283.103991 0.658588 0.752504 0.000000 125.799512 0.000000 0.000000 1.000000 0.000000
0.752446 -0.658654 0.000000 284.214604 0.658654 0.752446 0.000000 126.726630 0.000000 0.000000 1.000000 0.000000
0.753654 -0.657272 0.000000 285.062895 0.657272 0.753654 0.000000 127.440695 0.000000 0.000000 1.000000 0.000000
0.758126 -0.652108 0.000000 286.521730 0.652108 0.758126 0.000000 128.674286 0.000000 0.000000 1.000000 0.000000
0.758969 -0.651127 0.000000 287.372527 0.651127 0.758969 0.000000 129.392386 0.000000 0.000000 1.000000 0.000000
0.758311 -0.651893 0.000000 288.343504 0.651893 0.758311 0.000000 130.215721 0.000000 0.000000 1.000000 0.000000
0.757278 -0.653092 0.000000 289.189984 0.653092 0.757278 0.000000 130.934794 0.000000 0.000000 1.000000 0.000000
0.757432 -0.652914 0.000000 290.165612 0.652914 0.757432 0.000000 131.749405 0.000000 0.000000 1.000000 0.000000
0.751079 -0.660213 0.000000 291.011803 0.660213 0.751079 0.000000 132.468356 0.000000 0.000000 1.000000 0.000000
0.751194 -0.660081 0.000000 291.903871 0.660081 0.751194 0.000000 133.242339 0.000000 0.000000 1.000000 0.000000
0.753600 -0.657334 0.000000 292.745907 0.657334 0.753600 0.000000 133.976597 0.000000 0.000000 1.000000 0.000000
0.756891 -0.653541 0.000000 293.649997 0.653541 0.756891 0.000000 134.738597 0.000000 0.000000 1.000000 0.000000
0.761426 -0.648252 0.000000 294.492014 0.648252 0.761426 0.000000 135.451859 0.000000 0.000000 1.000000 0.000000
0.764435 -0.644701 0.000000 295.395120 0.644701 0.764435 0.000000 136.211880 0.000000 0.000000 1.000000 0.000000
0.770766 -0.637118 0.000000 296.233038 0.637118 0.770766 0.000000 136.926279 0.000000 0.000000 1.000000 0.000000
0.778693 -0.627405 0.000000 297.138144 0.627405 0.778693 0.000000 137.680807 0.000000 0.000000 1.000000 0.000000
0.781137 -0.624360 0.000000 297.994856 0.624360 0.781137 0.000000 138.358739 0.000000 0.000000 1.000000 0.000000
0.781174 -0.624314 0.000000 298.856466 0.624314 0.781174 0.000000 139.044577 0.000000 0.000000 1.000000 0.000000
0.784385 -0.620274 0.000000 299.784200 0.620274 0.784385 0.000000 139.767156 0.000000 0.000000 1.000000 0.000000
0.786639 -0.617414 0.000000 300.652019 0.617414 0.786639 0.000000 140.434114 0.000000 0.000000 1.000000 0.000000
0.792296 -0.610136 0.000000 302.977122 0.610136 0.792296 0.000000 142.176460 0.000000 0.000000 1.000000 0.000000
0.794890 -0.606754 0.000000 303.917560 0.606754 0.794890 0.000000 142.875137 0.000000 0.000000 1.000000 0.000000
0.793476 -0.608602 0.000000 304.869816 0.608602 0.793476 0.000000 143.556937 0.000000 0.000000 1.000000 0.000000
0.797286 -0.603602 0.000000 305.815981 0.603602 0.797286 0.000000 144.242345 0.000000 0.000000 1.000000 0.000000
0.799001 -0.601330 0.000000 306.770813 0.601330 0.799001 0.000000 144.923910 0.000000 0.000000 1.000000 0.000000
0.798969 -0.601373 0.000000 307.715468 0.601373 0.798969 0.000000 145.597833 0.000000 0.000000 1.000000 0.000000
0.805161 -0.593057 0.000000 309.614067 0.593057 0.805161 0.000000 146.943576 0.000000 0.000000 1.000000 0.000000
0.805536 -0.592547 0.000000 310.502273 0.592547 0.805536 0.000000 147.588078 0.000000 0.000000 1.000000 0.000000
0.811282 -0.584655 0.000000 311.441818 0.584655 0.811282 0.000000 148.266641 0.000000 0.000000 1.000000 0.000000
0.811861 -0.583851 0.000000 312.322571 0.583851 0.811861 0.000000 148.906016 0.000000 0.000000 1.000000 0.000000
0.812459 -0.583018 0.000000 313.263383 0.583018 0.812459 0.000000 149.578490 0.000000 0.000000 1.000000 0.000000
0.813573 -0.581462 0.000000 314.220314 0.581462 0.813573 0.000000 150.250934 0.000000 0.000000 1.000000 0.000000
0.814623 -0.579991 0.000000 315.096297 0.579991 0.814623 0.000000 150.876009 0.000000 0.000000 1.000000 0.000000
0.816453 -0.577412 0.000000 316.033756 0.577412 0.816453 0.000000 151.553810 0.000000 0.000000 1.000000 0.000000
0.815757 -0.578395 0.000000 316.920759 0.578395 0.815757 0.000000 152.174485 0.000000 0.000000 1.000000 0.000000
0.817318 -0.576187 0.000000 317.875635 0.576187 0.817318 0.000000 152.835366 0.000000 0.000000 1.000000 0.000000
0.816602 -0.577201 0.000000 318.763701 0.577201 0.816602 0.000000 153.451462 0.000000 0.000000 1.000000 0.000000
0.813546 -0.581500 0.000000 319.707476 0.581500 0.813546 0.000000 154.109348 0.000000 0.000000 1.000000 0.000000
0.813224 -0.581950 0.000000 320.657104 0.581950 0.813224 0.000000 154.783668 0.000000 0.000000 1.000000 0.000000
0.812827 -0.582505 0.000000 321.538848 0.582505 0.812827 0.000000 155.403027 0.000000 0.000000 1.000000 0.000000
0.812685 -0.582703 0.000000 322.478255 0.582703 0.812685 0.000000 156.067448 0.000000 0.000000 1.000000 0.000000
0.813159 -0.582041 0.000000 323.347967 0.582041 0.813159 0.000000 156.689445 0.000000 0.000000 1.000000 0.000000
0.810874 -0.585221 0.000000 324.299720 0.585221 0.810874 0.000000 157.369160 0.000000 0.000000 1.000000 0.000000
0.812910 -0.582390 0.000000 325.226942 0.582390 0.812910 0.000000 158.041604 0.000000 0.000000 1.000000 0.000000
0.815130 -0.579279 0.000000 326.103767 0.579279 0.815130 0.000000 158.659702 0.000000 0.000000 1.000000 0.000000
0.818055 -0.575140 0.000000 327.544273 0.575140 0.818055 0.000000 159.661127 0.000000 0.000000 1.000000 0.000000
0.814387 -0.580322 0.000000 328.564293 0.580322 0.814387 0.000000 160.345372 0.000000 0.000000 1.000000 0.000000
0.816322 -0.577597 0.000000 329.500946 0.577597 0.816322 0.000000 160.998329 0.000000 0.000000 1.000000 0.000000
0.810566 -0.585647 0.000000 330.444205 0.585647 0.810566 0.000000 161.661237 0.000000 0.000000 1.000000 0.000000
0.806200 -0.591643 0.000000 331.390075 0.591643 0.806200 0.000000 162.316986 0.000000 0.000000 1.000000 0.000000
0.804090 -0.594507 0.000000 332.332666 0.594507 0.804090 0.000000 162.967418 0.000000 0.000000 1.000000 0.000000
0.810659 -0.585519 0.000000 333.266569 0.585519 0.810659 0.000000 163.622450 0.000000 0.000000 1.000000 0.000000
0.809485 -0.587141 0.000000 334.203296 0.587141 0.809485 0.000000 164.280797 0.000000 0.000000 1.000000 0.000000
0.812022 -0.583626 0.000000 335.146328 0.583626 0.812022 0.000000 164.931095 0.000000 0.000000 1.000000 0.000000
0.808731 -0.588179 0.000000 336.089164 0.588179 0.808731 0.000000 165.583720 0.000000 0.000000 1.000000 0.000000
0.804654 -0.593744 0.000000 337.020512 0.593744 0.804654 0.000000 166.258178 0.000000 0.000000 1.000000 0.000000
0.805229 -0.592964 0.000000 337.938953 0.592964 0.805229 0.000000 166.931659 0.000000 0.000000 1.000000 0.000000
0.803499 -0.595306 0.000000 338.867117 0.595306 0.803499 0.000000 167.592278 0.000000 0.000000 1.000000 0.000000
0.806845 -0.590763 0.000000 339.729931 0.590763 0.806845 0.000000 168.241108 0.000000 0.000000 1.000000 0.000000
0.808649 -0.588291 0.000000 340.593540 0.588291 0.808649 0.000000 168.868139 0.000000 0.000000 1.000000 0.000000
0.812479 -0.582991 0.000000 341.523453 0.582991 0.812479 0.000000 169.529827 0.000000 0.000000 1.000000 0.000000
0.817826 -0.575466 0.000000 342.383918 0.575466 0.817826 0.000000 170.148343 0.000000 0.000000 1.000000 0.000000
0.824182 -0.566325 0.000000 343.327067 0.566325 0.824182 0.000000 170.792072 0.000000 0.000000 1.000000 0.000000
0.828063 -0.560635 0.000000 344.212803 0.560635 0.828063 0.000000 171.386391 0.000000 0.000000 1.000000 0.000000
0.831470 -0.555570 0.000000 345.151659 0.555570 0.831470 0.000000 172.013870 0.000000 0.000000 1.000000 0.000000
0.834073 -0.551654 0.000000 346.040894 0.551654 0.834073 0.000000 172.602753 0.000000 0.000000 1.000000 0.000000
0.838349 -0.545133 0.000000 346.998663 0.545133 0.838349 0.000000 173.228891 0.000000 0.000000 1.000000 0.000000
0.840110 -0.542417 0.000000 347.882035 0.542417 0.840110 0.000000 173.814666 0.000000 0.000000 1.000000 0.000000
0.839610 -0.543189 0.000000 348.773487 0.543189 0.839610 0.000000 174.386302 0.000000 0.000000 1.000000 0.000000
0.843467 -0.537181 0.000000 349.708541 0.537181 0.843467 0.000000 175.008460 0.000000 0.000000 1.000000 0.000000
0.841797 -0.539794 0.000000 350.623287 0.539794 0.841797 0.000000 175.577659 0.000000 0.000000 1.000000 0.000000
0.841829 -0.539744 0.000000 351.571427 0.539744 0.841829 0.000000 176.193335 0.000000 0.000000 1.000000 0.000000
0.844402 -0.535710 0.000000 352.464623 0.535710 0.844402 0.000000 176.751357 0.000000 0.000000 1.000000 0.000000
0.846893 -0.531763 0.000000 353.430055 0.531763 0.846893 0.000000 177.359082 0.000000 0.000000 1.000000 0.000000
0.852657 -0.522471 0.000000 354.332193 0.522471 0.852657 0.000000 177.919432 0.000000 0.000000 1.000000 0.000000
0.855024 -0.518589 0.000000 355.302292 0.518589 0.855024 0.000000 178.513770 0.000000 0.000000 1.000000 0.000000
0.856758 -0.515718 0.000000 356.209077 0.515718 0.856758 0.000000 179.064162 0.000000 0.000000 1.000000 0.000000
0.857522 -0.514448 0.000000 357.447262 0.514448 0.857522 0.000000 179.788987 0.000000 0.000000 1.000000 0.000000
0.858425 -0.512939 0.000000 358.417292 0.512939 0.858425 0.000000 180.355471 0.000000 0.000000 1.000000 0.000000
0.857681 -0.514182 0.000000 359.331108 0.514182 0.857681 0.000000 180.887484 0.000000 0.000000 1.000000 0.000000
0.856749 -0.515734 0.000000 360.310893 0.515734 0.856749 0.000000 181.468968 0.000000 0.000000 1.000000 0.000000
0.859365 -0.511362 0.000000 361.226732 0.511362 0.859365 0.000000 181.999169 0.000000 0.000000 1.000000 0.000000
0.859097 -0.511813 0.000000 362.199217 0.511813 0.859097 0.000000 182.563546 0.000000 0.000000 1.000000 0.000000
0.861207 -0.508254 0.000000 363.190683 0.508254 0.861207 0.000000 183.134648 0.000000 0.000000 1.000000 0.000000
0.862730 -0.505664 0.000000 364.164871 0.505664 0.862730 0.000000 183.688000 0.000000 0.000000 1.000000 0.000000
0.863328 -0.504644 0.000000 365.611220 0.504644 0.863328 0.000000 184.492084 0.000000 0.000000 1.000000 0.000000
0.865596 -0.500743 0.000000 366.596495 0.500743 0.865596 0.000000 185.053383 0.000000 0.000000 1.000000 0.000000
0.868215 -0.496187 0.000000 367.504602 0.496187 0.868215 0.000000 185.570275 0.000000 0.000000 1.000000 0.000000
0.871864 -0.489749 0.000000 368.488369 0.489749 0.871864 0.000000 186.109993 0.000000 0.000000 1.000000 0.000000
0.872567 -0.488494 0.000000 369.405007 0.488494 0.872567 0.000000 186.613852 0.000000 0.000000 1.000000 0.000000
0.874242 -0.485490 0.000000 370.718803 0.485490 0.874242 0.000000 187.333645 0.000000 0.000000 1.000000 0.000000
0.873384 -0.487031 0.000000 371.701968 0.487031 0.873384 0.000000 187.880673 0.000000 0.000000 1.000000 0.000000
0.871778 -0.489901 0.000000 372.687237 0.489901 0.871778 0.000000 188.435051 0.000000 0.000000 1.000000 0.000000
0.875656 -0.482935 0.000000 373.668911 0.482935 0.875656 0.000000 188.981204 0.000000 0.000000 1.000000 0.000000
0.877184 -0.480154 0.000000 374.656151 0.480154 0.877184 0.000000 189.509102 0.000000 0.000000 1.000000 0.000000
