0.999996 0.002712 0.000000 0.916080 -0.002712 0.999996 0.000000 -0.009802 0.000000 0.000000 1.000000 0.000000
0.999998 0.001883 0.000000 1.874857 -0.001883 0.999998 0.000000 -0.014697 0.000000 0.000000 1.000000 0.000000
1.000000 0.000801 0.000000 2.783906 -0.000801 1.000000 0.000000 -0.033959 0.000000 0.000000 1.000000 0.000000
1.000000 -0.000971 0.000000 3.740631 0.000971 1.000000 0.000000 -0.043819 0.000000 0.000000 1.000000 0.000000
0.999994 -0.003489 0.000000 4.671530 0.003489 0.999994 0.000000 -0.052329 0.000000 0.000000 1.000000 0.000000
0.999987 -0.005069 0.000000 5.640478 0.005069 0.999987 0.000000 -0.064782 0.000000 0.000000 1.000000 0.000000
0.999975 -0.007067 0.000000 6.539767 0.007067 0.999975 0.000000 -0.064102 0.000000 0.000000 1.000000 0.000000
0.999926 -0.012133 0.000000 7.511258 0.012133 0.999926 0.000000 -0.062051 0.000000 0.000000 1.000000 0.000000
0.999868 -0.016237 0.000000 8.410742 0.016237 0.999868 0.000000 -0.062282 0.000000 0.000000 1.000000 0.000000
0.999815 -0.019243 0.000000 9.318453 0.019243 0.999815 0.000000 -0.051765 0.000000 0.000000 1.000000 0.000000
0.999778 -0.021052 0.000000 10.299798 0.021052 0.999778 0.000000 -0.036617 0.000000 0.000000 1.000000 0.000000
0.999786 -0.020670 0.000000 11.205373 0.020670 0.999786 0.000000 -0.027727 0.000000 0.000000 1.000000 0.000000
0.999829 -0.018469 0.000000 12.178294 0.018469 0.999829 0.000000 -0.028269 0.000000 0.000000 1.000000 0.000000
0.999850 -0.017346 0.000000 13.149509 0.017346 0.999850 0.000000 -0.030585 0.000000 0.000000 1.000000 0.000000
0.999739 -0.022867 0.000000 14.825451 0.022867 0.999739 0.000000 -0.028791 0.000000 0.000000 1.000000 0.000000
0.999756 -0.022102 0.000000 15.814439 0.022102 0.999756 0.000000 -0.019993 0.000000 0.000000 1.000000 0.000000
0.999577 -0.029086 0.000000 16.796069 0.029086 0.999577 0.000000 -0.014020 0.000000 0.000000 1.000000 0.000000
0.999516 -0.031119 0.000000 17.788891 0.031119 0.999516 0.000000 -0.003444 0.000000 0.000000 1.000000 0.000000
0.999415 -0.034214 0.000000 18.778988 0.034214 0.999415 0.000000 0.010040 0.000000 0.000000 1.000000 0.000000
0.999156 -0.041073 0.000000 19.769639 0.041073 0.999156 0.000000 0.025444 0.000000 0.000000 1.000000 0.000000
0.999130 -0.041698 0.000000 20.709497 0.041698 0.999130 0.000000 0.046366 0.000000 0.000000 1.000000 0.000000
0.998503 -0.054703 0.000000 21.712040 0.054703 0.998503 0.000000 0.100626 0.000000 0.000000 1.000000 0.000000
0.998602 -0.052867 0.000000 22.635456 0.052867 0.998602 0.000000 0.116772 0.000000 0.000000 1.000000 0.000000
0.998568 -0.053497 0.000000 23.583839 0.053497 0.998568 0.000000 0.154751 0.000000 0.000000 1.000000 0.000000
0.998371 -0.057052 0.000000 25.596169 0.057052 0.998371 0.000000 0.231486 0.000000 0.000000 1.000000 0.000000
0.998464 -0.055404 0.000000 26.557978 0.055404 0.998464 0.000000 0.266692 0.000000 0.000000 1.000000 0.000000
0.998483 -0.055057 0.000000 27.522719 0.055057 0.998483 0.000000 0.308679 0.000000 0.000000 1.000000 0.000000
0.998371 -0.057053 0.000000 29.506710 0.057053 0.998371 0.000000 0.400935 0.000000 0.000000 1.000000 0.000000
0.998359 -0.057272 0.000000 30.558193 0.057272 0.998359 0.000000 0.448857 0.000000 0.000000 1.000000 0.000000
0.998404 -0.056480 0.000000 31.600397 0.056480 0.998404 0.000000 0.480115 0.000000 0.000000 1.000000 0.000000
0.998346 -0.057494 0.000000 32.579831 0.057494 0.998346 0.000000 0.529511 0.000000 0.000000 1.000000 0.000000
0.998382 -0.056868 0.000000 33.644322 0.056868 0.998382 0.000000 0.572832 0.000000 0.000000 1.000000 0.000000
0.998351 -0.057402 0.000000 35.043936 0.057402 0.998351 0.000000 0.638770 0.000000 0.000000 1.000000 0.000000
0.998012 -0.063027 0.000000 36.098069 0.063027 0.998012 0.000000 0.701198 0.000000 0.000000 1.000000 0.000000
0.997929 -0.064330 0.000000 37.103314 0.064330 0.997929 0.000000 0.765412 0.000000 0.000000 1.000000 0.000000
0.997807 -0.066195 0.000000 38.176159 0.066195 0.997807 0.000000 0.835041 0.000000 0.000000 1.000000 0.000000
0.997596 -0.069294 0.000000 39.183182 0.069294 0.997596 0.000000 0.890878 0.000000 0.000000 1.000000 0.000000
0.997430 -0.071644 0.000000 40.255491 0.071644 0.997430 0.000000 0.953297 0.000000 0.000000 1.000000 0.000000
0.997309 -0.073314 0.000000 41.330481 0.073314 0.997309 0.000000 1.019219 0.000000 0.000000 1.000000 0.000000
0.997221 -0.074499 0.000000 42.340032 0.074499 0.997221 0.000000 1.080904 0.000000 0.000000 1.000000 0.000000
0.997057 -0.076667 0.000000 43.430204 0.076667 0.997057 0.000000 1.153090 0.000000 0.000000 1.000000 0.000000
0.996790 -0.080059 0.000000 44.443350 0.080059 0.996790 0.000000 1.215730 0.000000 0.000000 1.000000 0.000000
0.996252 -0.086499 0.000000 45.528413 0.086499 0.996252 0.000000 1.281494 0.000000 0.000000 1.000000 0.000000
0.996125 -0.087944 0.000000 46.539879 0.087944 0.996125 0.000000 1.359765 0.000000 0.000000 1.000000 0.000000
0.995965 -0.089744 0.000000 47.547001 0.089744 0.995965 0.000000 1.438446 0.000000 0.000000 1.000000 0.000000
0.995749 -0.092112 0.000000 48.629956 0.092112 0.995749 0.000000 1.530423 0.000000 0.000000 1.000000 0.000000
0.995660 -0.093061 0.000000 49.638887 0.093061 0.995660 0.000000 1.613416 0.000000 0.000000 1.000000 0.000000
0.995172 -0.098147 0.000000 50.722845 0.098147 0.995172 0.000000 1.717293 0.000000 0.000000 1.000000 0.000000
0.994897 -0.100897 0.000000 52.183685 0.100897 0.994897 0.000000 1.873513 0.000000 0.000000 1.000000 0.000000
0.994890 -0.100967 0.000000 53.260531 0.100967 0.994890 0.000000 1.976183 0.000000 0.000000 1.000000 0.000000
0.995323 -0.096599 0.000000 54.679437 0.096599 0.995323 0.000000 2.089636 0.000000 0.000000 1.000000 0.000000
0.995106 -0.098817 0.000000 55.759199 0.098817 0.995106 0.000000 2.183278 0.000000 0.000000 1.000000 0.000000
0.994714 -0.102680 0.000000 56.918016 0.102680 0.994714 0.000000 2.283231 0.000000 0.000000 1.000000 0.000000
0.994803 -0.101816 0.000000 58.001277 0.101816 0.994803 0.000000 2.382939 0.000000 0.000000 1.000000 0.000000
0.995027 -0.099608 0.000000 59.086606 0.099608 0.995027 0.000000 2.467636 0.000000 0.000000 1.000000 0.000000
0.994954 -0.100330 0.000000 60.169369 0.100330 0.994954 0.000000 2.560368 0.000000 0.000000 1.000000 0.000000
0.994865 -0.101215 0.000000 61.189805 0.101215 0.994865 0.000000 2.655609 0.000000 0.000000 1.000000 0.000000
0.994743 -0.102399 0.000000 62.265789 0.102399 0.994743 0.000000 2.750902 0.000000 0.000000 1.000000 0.000000
0.994371 -0.105957 0.000000 63.342925 0.105957 0.994371 0.000000 2.845461 0.000000 0.000000 1.000000 0.000000
0.993919 -0.110109 0.000000 64.345849 0.110109 0.993919 0.000000 2.939520 0.000000 0.000000 1.000000 0.000000
0.993693 -0.112132 0.000000 65.421846 0.112132 0.993693 0.000000 3.053052 0.000000 0.000000 1.000000 0.000000
0.993620 -0.112784 0.000000 66.427252 0.112784 0.993620 0.000000 3.155360 0.000000 0.000000 1.000000 0.000000
0.993493 -0.113895 0.000000 67.507873 0.113895 0.993493 0.000000 3.269134 0.000000 0.000000 1.000000 0.000000
0.993281 -0.115730 0.000000 68.507715 0.115730 0.993281 0.000000 3.366742 0.000000 0.000000 1.000000 0.000000
0.992943 -0.118596 0.000000 69.584266 0.118596 0.992943 0.000000 3.482304 0.000000 0.000000 1.000000 0.000000
0.992761 -0.120110 0.000000 70.578859 0.120110 0.992761 0.000000 3.592418 0.000000 0.000000 1.000000 0.000000
0.992672 -0.120839 0.000000 71.671409 0.120839 0.992672 0.000000 3.700841 0.000000 0.000000 1.000000 0.000000
0.992661 -0.120932 0.000000 72.678097 0.120932 0.992661 0.000000 3.800629 0.000000 0.000000 1.000000 0.000000
0.992752 -0.120182 0.000000 73.757720 0.120182 0.992752 0.000000 3.926466 0.000000 0.000000 1.000000 0.000000
0.992968 -0.118383 0.000000 74.779159 0.118383 0.992968 0.000000 4.036989 0.000000 0.000000 1.000000 0.000000
0.992987 -0.118227 0.000000 75.885624 0.118227 0.992987 0.000000 4.154608 0.000000 0.000000 1.000000 0.000000
0.992690 -0.120694 0.000000 76.899506 0.120694 0.992690 0.000000 4.259592 0.000000 0.000000 1.000000 0.000000
0.991947 -0.126652 0.000000 77.998733 0.126652 0.991947 0.000000 4.381250 0.000000 0.000000 1.000000 0.000000
0.991845 -0.127447 0.000000 79.019978 0.127447 0.991845 0.000000 4.494723 0.000000 0.000000 1.000000 0.000000
0.991935 -0.126746 0.000000 80.111564 0.126746 0.991935 0.000000 4.632678 0.000000 0.000000 1.000000 0.000000
0.992009 -0.126169 0.000000 81.217785 0.126169 0.992009 0.000000 4.755753 0.000000 0.000000 1.000000 0.000000
0.992419 -0.122903 0.000000 82.243575 0.122903 0.992419 0.000000 4.879006 0.000000 0.000000 1.000000 0.000000
0.992266 -0.124131 0.000000 83.344122 0.124131 0.992266 0.000000 5.001328 0.000000 0.000000 1.000000 0.000000
0.991803 -0.127775 0.000000 85.123085 0.127775 0.991803 0.000000 5.212829 0.000000 0.000000 1.000000 0.000000
0.990745 -0.135738 0.000000 86.867495 0.135738 0.990745 0.000000 5.425610 0.000000 0.000000 1.000000 0.000000
0.990588 -0.136880 0.000000 87.879030 0.136880 0.990588 0.000000 5.539694 0.000000 0.000000 1.000000 0.000000
0.990347 -0.138612 0.000000 88.986724 0.138612 0.990347 0.000000 5.673349 0.000000 0.000000 1.000000 0.000000
0.989806 -0.142425 0.000000 90.015732 0.142425 0.989806 0.000000 5.798272 0.000000 0.000000 1.000000 0.000000
0.989156 -0.146868 0.000000 91.095140 0.146868 0.989156 0.000000 5.938691 0.000000 0.000000 1.000000 0.000000
0.989363 -0.145469 0.000000 92.199097 0.145469 0.989363 0.000000 6.072880 0.000000 0.000000 1.000000 0.000000
0.988571 -0.150754 0.000000 93.287976 0.150754 0.988571 0.000000 6.213227 0.000000 0.000000 1.000000 0.000000
0.988079 -0.153948 0.000000 94.311197 0.153948 0.988079 0.000000 6.347471 0.000000 0.000000 1.000000 0.000000
0.987085 -0.160194 0.000000 95.794909 0.160194 0.987085 0.000000 6.555278 0.000000 0.000000 1.000000 0.000000
0.986405 -0.164335 0.000000 96.813590 0.164335 0.986405 0.000000 6.699370 0.000000 0.000000 1.000000 0.000000
0.985170 -0.171579 0.000000 97.908368 0.171579 0.985170 0.000000 6.875331 0.000000 0.000000 1.000000 0.000000
0.984289 -0.176565 0.000000 99.004155 0.176565 0.984289 0.000000 7.041425 0.000000 0.000000 1.000000 0.000000
0.983886 -0.178794 0.000000 100.024576 0.178794 0.983886 0.000000 7.207172 0.000000 0.000000 1.000000 0.000000
0.982859 -0.184361 0.000000 101.117303 0.184361 0.982859 0.000000 7.377485 0.000000 0.000000 1.000000 0.000000
0.981463 -0.191654 0.000000 102.762855 0.191654 0.981463 0.000000 7.668299 0.000000 0.000000 1.000000 0.000000
0.980243 -0.197799 0.000000 103.848843 0.197799 0.980243 0.000000 7.864609 0.000000 0.000000 1.000000 0.000000
0.979708 -0.200430 0.000000 104.869377 0.200430 0.979708 0.000000 8.055787 0.000000 0.000000 1.000000 0.000000
0.979515 -0.201372 0.000000 105.944661 0.201372 0.979515 0.000000 8.265714 0.000000 0.000000 1.000000 0.000000
0.978427 -0.206595 0.000000 106.968700 0.206595 0.978427 0.000000 8.464311 0.000000 0.000000 1.000000 0.000000
0.977430 -0.211259 0.000000 107.985177 0.211259 0.977430 0.000000 8.663915 0.000000 0.000000 1.000000 0.000000
0.976021 -0.217678 0.000000 109.068829 0.217678 0.976021 0.000000 8.890189 0.000000 0.000000 1.000000 0.000000
0.974316 -0.225187 0.000000 110.080156 0.225187 0.974316 0.000000 9.092979 0.000000 0.000000 1.000000 0.000000
0.973147 -0.230186 0.000000 111.159739 0.230186 0.973147 0.000000 9.308128 0.000000 0.000000 1.000000 0.000000
0.972312 -0.233686 0.000000 112.174245 0.233686 0.972312 0.000000 9.532724 0.000000 0.000000 1.000000 0.000000
0.971489 -0.237083 0.000000 113.233112 0.237083 0.971489 0.000000 9.776991 0.000000 0.000000 1.000000 0.000000
0.970707 -0.240265 0.000000 114.241873 0.240265 0.970707 0.000000 10.008249 0.000000 0.000000 1.000000 0.000000
0.970246 -0.242121 0.000000 115.305014 0.242121 0.970246 0.000000 10.248208 0.000000 0.000000 1.000000 0.000000
0.969569 -0.244820 0.000000 116.302163 0.244820 0.969569 0.000000 10.490091 0.000000 0.000000 1.000000 0.000000
0.968221 -0.250098 0.000000 117.288268 0.250098 0.968221 0.000000 10.729530 0.000000 0.000000 1.000000 0.000000
0.972805 -0.231627 0.000000 118.363330 0.231627 0.972805 0.000000 10.978367 0.000000 0.000000 1.000000 0.000000
0.971848 -0.235609 0.000000 119.367215 0.235609 0.971848 0.000000 11.193352 0.000000 0.000000 1.000000 0.000000
0.972475 -0.233007 0.000000 120.445654 0.233007 0.972475 0.000000 11.413619 0.000000 0.000000 1.000000 0.000000
0.971727 -0.236106 0.000000 121.462020 0.236106 0.971727 0.000000 11.635252 0.000000 0.000000 1.000000 0.000000
0.970821 -0.239804 0.000000 122.524775 0.239804 0.970821 0.000000 11.888263 0.000000 0.000000 1.000000 0.000000
0.969751 -0.244096 0.000000 123.538853 0.244096 0.969751 0.000000 12.127614 0.000000 0.000000 1.000000 0.000000
0.965795 -0.259308 0.000000 124.595027 0.259308 0.965795 0.000000 12.390981 0.000000 0.000000 1.000000 0.000000
0.964716 -0.263292 0.000000 125.872206 0.263292 0.964716 0.000000 12.728130 0.000000 0.000000 1.000000 0.000000
0.963947 -0.266093 0.000000 126.940719 0.266093 0.963947 0.000000 13.016997 0.000000 0.000000 1.000000 0.000000
0.962994 -0.269524 0.000000 127.938141 0.269524 0.962994 0.000000 13.286337 0.000000 0.000000 1.000000 0.000000
0.961524 -0.274722 0.000000 129.006039 0.274722 0.961524 0.000000 13.571439 0.000000 0.000000 1.000000 0.000000
0.959672 -0.281123 0.000000 130.061559 0.281123 0.959672 0.000000 13.868522 0.000000 0.000000 1.000000 0.000000
0.957912 -0.287062 0.000000 131.126093 0.287062 0.957912 0.000000 14.173392 0.000000 0.000000 1.000000 0.000000
0.956992 -0.290113 0.000000 132.632339 0.290113 0.956992 0.000000 14.631635 0.000000 0.000000 1.000000 0.000000
0.955807 -0.293995 0.000000 134.668161 0.293995 0.955807 0.000000 15.230373 0.000000 0.000000 1.000000 0.000000
0.955560 -0.294796 0.000000 135.724328 0.294796 0.955560 0.000000 15.550604 0.000000 0.000000 1.000000 0.000000
0.954763 -0.297367 0.000000 136.785052 0.297367 0.954763 0.000000 15.867948 0.000000 0.000000 1.000000 0.000000
0.954335 -0.298739 0.000000 137.844708 0.298739 0.954335 0.000000 16.183988 0.000000 0.000000 1.000000 0.000000
0.953249 -0.302187 0.000000 138.830205 0.302187 0.953249 0.000000 16.485766 0.000000 0.000000 1.000000 0.000000
0.952228 -0.305387 0.000000 139.886172 0.305387 0.952228 0.000000 16.812241 0.000000 0.000000 1.000000 0.000000
0.953163 -0.302457 0.000000 140.942441 0.302457 0.953163 0.000000 17.120473 0.000000 0.000000 1.000000 0.000000
0.952208 -0.305450 0.000000 141.925554 0.305450 0.952208 0.000000 17.421971 0.000000 0.000000 1.000000 0.000000
0.951333 -0.308164 0.000000 142.975750 0.308164 0.951333 0.000000 17.746313 0.000000 0.000000 1.000000 0.000000
0.950047 -0.312105 0.000000 143.963094 0.312105 0.950047 0.000000 18.058646 0.000000 0.000000 1.000000 0.000000
0.949025 -0.315201 0.000000 145.016270 0.315201 0.949025 0.000000 18.396678 0.000000 0.000000 1.000000 0.000000
0.950238 -0.311525 0.000000 146.064986 0.311525 0.950238 0.000000 18.730799 0.000000 0.000000 1.000000 0.000000
0.948406 -0.317059 0.000000 147.114018 0.317059 0.948406 0.000000 19.067014 0.000000 0.000000 1.000000 0.000000
0.948133 -0.317875 0.000000 148.102649 0.317875 0.948133 0.000000 19.376590 0.000000 0.000000 1.000000 0.000000
0.946031 -0.324076 0.000000 149.640793 0.324076 0.946031 0.000000 19.879592 0.000000 0.000000 1.000000 0.000000
0.945388 -0.325948 0.000000 150.617797 0.325948 0.945388 0.000000 20.209843 0.000000 0.000000 1.000000 0.000000
0.945294 -0.326220 0.000000 151.668364 0.326220 0.945294 0.000000 20.557381 0.000000 0.000000 1.000000 0.000000
0.942276 -0.334837 0.000000 152.654067 0.334837 0.942276 0.000000 20.902074 0.000000 0.000000 1.000000 0.000000
0.941719 -0.336399 0.000000 153.700033 0.336399 0.941719 0.000000 21.267628 0.000000 0.000000 1.000000 0.000000
0.942302 -0.334765 0.000000 154.697884 0.334765 0.942302 0.000000 21.606790 0.000000 0.000000 1.000000 0.000000
0.941724 -0.336386 0.000000 155.759831 0.336386 0.941724 0.000000 21.969890 0.000000 0.000000 1.000000 0.000000
0.940198 -0.340629 0.000000 156.758923 0.340629 0.940198 0.000000 22.308017 0.000000 0.000000 1.000000 0.000000
0.940275 -0.340416 0.000000 157.766090 0.340416 0.940275 0.000000 22.657948 0.000000 0.000000 1.000000 0.000000
0.936936 -0.349502 0.000000 159.338089 0.349502 0.936936 0.000000 23.217674 0.000000 0.000000 1.000000 0.000000
0.935461 -0.353431 0.000000 160.337276 0.353431 0.935461 0.000000 23.578264 0.000000 0.000000 1.000000 0.000000
0.934362 -0.356325 0.000000 161.405223 0.356325 0.934362 0.000000 23.966208 0.000000 0.000000 1.000000 0.000000
0.932353 -0.361550 0.000000 162.412917 0.361550 0.932353 0.000000 24.348960 0.000000 0.000000 1.000000 0.000000
0.932671 -0.360728 0.000000 163.493027 0.360728 0.932671 0.000000 24.748808 0.000000 0.000000 1.000000 0.000000
0.931488 -0.363772 0.000000 164.500832 0.363772 0.931488 0.000000 25.122597 0.000000 0.000000 1.000000 0.000000
0.929756 -0.368176 0.000000 165.581901 0.368176 0.929756 0.000000 25.528613 0.000000 0.000000 1.000000 0.000000
0.929089 -0.369857 0.000000 166.660889 0.369857 0.929089 0.000000 25.938054 0.000000 0.000000 1.000000 0.000000
0.928953 -0.370198 0.000000 167.686339 0.370198 0.928953 0.000000 26.325395 0.000000 0.000000 1.000000 0.000000
0.927994 -0.372595 0.000000 168.772974 0.372595 0.927994 0.000000 26.736141 0.000000 0.000000 1.000000 0.000000
0.926243 -0.376926 0.000000 169.796551 0.376926 0.926243 0.000000 27.136922 0.000000 0.000000 1.000000 0.000000
0.925493 -0.378765 0.000000 170.879640 0.378765 0.925493 0.000000 27.565361 0.000000 0.000000 1.000000 0.000000
0.924522 -0.381129 0.000000 171.902347 0.381129 0.924522 0.000000 27.975930 0.000000 0.000000 1.000000 0.000000
0.924681 -0.380744 0.000000 172.992944 0.380744 0.924681 0.000000 28.409346 0.000000 0.000000 1.000000 0.000000
0.923439 -0.383744 0.000000 174.405035 0.383744 0.923439 0.000000 28.973061 0.000000 0.000000 1.000000 0.000000
0.922545 -0.385890 0.000000 175.442569 0.385890 0.922545 0.000000 29.387823 0.000000 0.000000 1.000000 0.000000
0.924695 -0.380709 0.000000 176.547060 0.380709 0.924695 0.000000 29.826123 0.000000 0.000000 1.000000 0.000000
0.922140 -0.386857 0.000000 177.646456 0.386857 0.922140 0.000000 30.288260 0.000000 0.000000 1.000000 0.000000
0.920401 -0.390976 0.000000 178.682424 0.390976 0.920401 0.000000 30.719175 0.000000 0.000000 1.000000 0.000000
0.919874 -0.392214 0.000000 179.799410 0.392214 0.919874 0.000000 31.177644 0.000000 0.000000 1.000000 0.000000
0.919114 -0.393991 0.000000 180.911519 0.393991 0.919114 0.000000 31.637640 0.000000 0.000000 1.000000 0.000000
0.918921 -0.394442 0.000000 182.030629 0.394442 0.918921 0.000000 32.100684 0.000000 0.000000 1.000000 0.000000
0.917720 -0.397228 0.000000 183.080180 0.397228 0.917720 0.000000 32.536484 0.000000 0.000000 1.000000 0.000000
0.916595 -0.399817 0.000000 184.202966 0.399817 0.916595 0.000000 33.006452 0.000000 0.000000 1.000000 0.000000
0.915985 -0.401213 0.000000 185.308865 0.401213 0.915985 0.000000 33.473560 0.000000 0.000000 1.000000 0.000000
0.915721 -0.401815 0.000000 186.372453 0.401815 0.915721 0.000000 33.925432 0.000000 0.000000 1.000000 0.000000
0.914740 -0.404043 0.000000 187.496428 0.404043 0.914740 0.000000 34.394068 0.000000 0.000000 1.000000 0.000000
0.913605 -0.406602 0.000000 188.542738 0.406602 0.913605 0.000000 34.835360 0.000000 0.000000 1.000000 0.000000
0.911176 -0.412017 0.000000 189.661998 0.412017 0.911176 0.000000 35.321209 0.000000 0.000000 1.000000 0.000000
0.911728 -0.410795 0.000000 190.766227 0.410795 0.911728 0.000000 35.808696 0.000000 0.000000 1.000000 0.000000
0.910808 -0.412831 0.000000 191.825806 0.412831 0.910808 0.000000 36.279963 0.000000 0.000000 1.000000 0.000000
0.909636 -0.415406 0.000000 192.918594 0.415406 0.909636 0.000000 36.773789 0.000000 0.000000 1.000000 0.000000
0.907930 -0.419122 0.000000 194.026650 0.419122 0.907930 0.000000 37.273482 0.000000 0.000000 1.000000 0.000000
0.908834 -0.417159 0.000000 195.522239 0.417159 0.908834 0.000000 37.933211 0.000000 0.000000 1.000000 0.000000
0.906734 -0.421703 0.000000 197.003794 0.421703 0.906734 0.000000 38.602028 0.000000 0.000000 1.000000 0.000000
0.905867 -0.423562 0.000000 198.116797 0.423562 0.905867 0.000000 39.101020 0.000000 0.000000 1.000000 0.000000
0.904206 -0.427096 0.000000 199.225306 0.427096 0.904206 0.000000 39.612771 0.000000 0.000000 1.000000 0.000000
0.904914 -0.425596 0.000000 200.347285 0.425596 0.904914 0.000000 40.099854 0.000000 0.000000 1.000000 0.000000
0.904849 -0.425734 0.000000 201.471346 0.425734 0.904849 0.000000 40.596432 0.000000 0.000000 1.000000 0.000000
0.904745 -0.425954 0.000000 203.717261 0.425954 0.904745 0.000000 41.590011 0.000000 0.000000 1.000000 0.000000
0.903571 -0.428438 0.000000 204.761906 0.428438 0.903571 0.000000 42.065452 0.000000 0.000000 1.000000 0.000000
0.902899 -0.429853 0.000000 205.881660 0.429853 0.902899 0.000000 42.565291 0.000000 0.000000 1.000000 0.000000
0.901499 -0.432781 0.000000 206.924353 0.432781 0.901499 0.000000 43.044775 0.000000 0.000000 1.000000 0.000000
0.899841 -0.436218 0.000000 209.070122 0.436218 0.899841 0.000000 44.045020 0.000000 0.000000 1.000000 0.000000
0.900924 -0.433978 0.000000 210.200675 0.433978 0.900924 0.000000 44.568715 0.000000 0.000000 1.000000 0.000000
0.901076 -0.433662 0.000000 211.248230 0.433662 0.901076 0.000000 45.048016 0.000000 0.000000 1.000000 0.000000
0.901846 -0.432058 0.000000 212.357973 0.432058 0.901846 0.000000 45.554926 0.000000 0.000000 1.000000 0.000000
0.905492 -0.424363 0.000000 214.541191 0.424363 0.905492 0.000000 46.530934 0.000000 0.000000 1.000000 0.000000
0.905779 -0.423750 0.000000 215.582777 0.423750 0.905779 0.000000 46.993132 0.000000 0.000000 1.000000 0.000000
0.905133 -0.425129 0.000000 216.714371 0.425129 0.905133 0.000000 47.507374 0.000000 0.000000 1.000000 0.000000
0.905542 -0.424257 0.000000 217.753507 0.424257 0.905542 0.000000 47.994074 0.000000 0.000000 1.000000 0.000000
0.904234 -0.427038 0.000000 218.884447 0.427038 0.904234 0.000000 48.500811 0.000000 0.000000 1.000000 0.000000
0.903409 -0.428781 0.000000 219.921949 0.428781 0.903409 0.000000 48.979605 0.000000 0.000000 1.000000 0.000000
0.903127 -0.429373 0.000000 221.042769 0.429373 0.903127 0.000000 49.492011 0.000000 0.000000 1.000000 0.000000
0.901608 -0.432555 0.000000 222.077479 0.432555 0.901608 0.000000 49.974884 0.000000 0.000000 1.000000 0.000000
0.900978 -0.433864 0.000000 223.188624 0.433864 0.900978 0.000000 50.512238 0.000000 0.000000 1.000000 0.000000
0.900002 -0.435886 0.000000 224.610548 0.435886 0.900002 0.000000 51.202225 0.000000 0.000000 1.000000 0.000000
0.900499 -0.434858 0.000000 225.652684 0.434858 0.900499 0.000000 51.697310 0.000000 0.000000 1.000000 0.000000
0.902935 -0.429778 0.000000 226.773587 0.429778 0.902935 0.000000 52.219608 0.000000 0.000000 1.000000 0.000000
0.898070 -0.439852 0.000000 227.815058 0.439852 0.898070 0.000000 52.708222 0.000000 0.000000 1.000000 0.000000
0.895661 -0.444738 0.000000 228.857367 0.444738 0.895661 0.000000 53.208973 0.000000 0.000000 1.000000 0.000000
0.895853 -0.444350 0.000000 229.957180 0.444350 0.895853 0.000000 53.727137 0.000000 0.000000 1.000000 0.000000
0.893033 -0.449991 0.000000 231.806724 0.449991 0.893033 0.000000 54.613584 0.000000 0.000000 1.000000 0.000000
0.894776 -0.446514 0.000000 232.852421 0.446514 0.894776 0.000000 55.125488 0.000000 0.000000 1.000000 0.000000
0.895187 -0.445691 0.000000 233.888632 0.445691 0.895187 0.000000 55.629664 0.000000 0.000000 1.000000 0.000000
0.893136 -0.449787 0.000000 234.992260 0.449787 0.893136 0.000000 56.156218 0.000000 0.000000 1.000000 0.000000
0.890525 -0.454934 0.000000 236.111646 0.454934 0.890525 0.000000 56.686390 0.000000 0.000000 1.000000 0.000000
0.887033 -0.461706 0.000000 238.833687 0.461706 0.887033 0.000000 58.027491 0.000000 0.000000 1.000000 0.000000
0.886984 -0.461800 0.000000 239.854774 0.461800 0.886984 0.000000 58.546315 0.000000 0.000000 1.000000 0.000000
0.885931 -0.463817 0.000000 240.946676 0.463817 0.885931 0.000000 59.095385 0.000000 0.000000 1.000000 0.000000
0.886436 -0.462851 0.000000 242.030872 0.462851 0.886436 0.000000 59.650145 0.000000 0.000000 1.000000 0.000000
0.885274 -0.465071 0.000000 243.458728 0.465071 0.885274 0.000000 60.371240 0.000000 0.000000 1.000000 0.000000
0.884469 -0.466600 0.000000 244.763973 0.466600 0.884469 0.000000 61.029922 0.000000 0.000000 1.000000 0.000000
0.885364 -0.464898 0.000000 246.047120 0.464898 0.885364 0.000000 61.677339 0.000000 0.000000 1.000000 0.000000
0.884349 -0.466827 0.000000 247.126183 0.466827 0.884349 0.000000 62.212826 0.000000 0.000000 1.000000 0.000000
0.883701 -0.468051 0.000000 248.209577 0.468051 0.883701 0.000000 62.755537 0.000000 0.000000 1.000000 0.000000
0.885804 -0.464059 0.000000 249.270347 0.464059 0.885804 0.000000 63.301368 0.000000 0.000000 1.000000 0.000000
0.887373 -0.461053 0.000000 250.351431 0.461053 0.887373 0.000000 63.857597 0.000000 0.000000 1.000000 0.000000
0.887089 -0.461598 0.000000 251.408591 0.461598 0.887089 0.000000 64.380705 0.000000 0.000000 1.000000 0.000000
0.883774 -0.467913 0.000000 252.477727 0.467913 0.883774 0.000000 64.895554 0.000000 0.000000 1.000000 0.000000
0.882813 -0.469725 0.000000 253.494178 0.469725 0.882813 0.000000 65.402173 0.000000 0.000000 1.000000 0.000000
0.883517 -0.468399 0.000000 254.556834 0.468399 0.883517 0.000000 65.943712 0.000000 0.000000 1.000000 0.000000
0.886941 -0.461883 0.000000 255.617366 0.461883 0.886941 0.000000 66.491926 0.000000 0.000000 1.000000 0.000000
0.888005 -0.459835 0.000000 256.614711 0.459835 0.888005 0.000000 66.977064 0.000000 0.000000 1.000000 0.000000
0.889208 -0.457503 0.000000 257.681438 0.457503 0.889208 0.000000 67.507429 0.000000 0.000000 1.000000 0.000000
0.888903 -0.458096 0.000000 258.743280 0.458096 0.888903 0.000000 68.055862 0.000000 0.000000 1.000000 0.000000
0.890232 -0.455508 0.000000 259.794606 0.455508 0.890232 0.000000 68.598166 0.000000 0.000000 1.000000 0.000000
0.890166 -0.455636 0.000000 260.789908 0.455636 0.890166 0.000000 69.093410 0.000000 0.000000 1.000000 0.000000
0.889973 -0.456013 0.000000 261.841484 0.456013 0.889973 0.000000 69.610857 0.000000 0.000000 1.000000 0.000000
0.888198 -0.459462 0.000000 262.828415 0.459462 0.888198 0.000000 70.095581 0.000000 0.000000 1.000000 0.000000
0.888957 -0.457991 0.000000 263.877477 0.457991 0.888957 0.000000 70.626248 0.000000 0.000000 1.000000 0.000000
0.889524 -0.456887 0.000000 264.923887 0.456887 0.889524 0.000000 71.148213 0.000000 0.000000 1.000000 0.000000
0.888781 -0.458331 0.000000 265.897012 0.458331 0.888781 0.000000 71.644038 0.000000 0.000000 1.000000 0.000000
0.888042 -0.459762 0.000000 266.944749 0.459762 0.888042 0.000000 72.181069 0.000000 0.000000 1.000000 0.000000
0.884276 -0.466964 0.000000 269.032458 0.466964 0.884276 0.000000 73.214260 0.000000 0.000000 1.000000 0.000000
0.868895 -0.494996 0.000000 275.711679 0.494996 0.868895 0.000000 76.821140 0.000000 0.000000 1.000000 0.000000
0.871957 -0.489582 0.000000 276.746706 0.489582 0.871957 0.000000 77.385353 0.000000 0.000000 1.000000 0.000000
0.874613 -0.484822 0.000000 277.786910 0.484822 0.874613 0.000000 77.941478 0.000000 0.000000 1.000000 0.000000
0.874431 -0.485150 0.000000 278.828408 0.485150 0.874431 0.000000 78.500877 0.000000 0.000000 1.000000 0.000000
0.874013 -0.485903 0.000000 280.911421 0.485903 0.874013 0.000000 79.619490 0.000000 0.000000 1.000000 0.000000
0.874333 -0.485327 0.000000 281.953371 0.485327 0.874333 0.000000 80.186758 0.000000 0.000000 1.000000 0.000000
0.872707 -0.488244 0.000000 282.989026 0.488244 0.872707 0.000000 80.766464 0.000000 0.000000 1.000000 0.000000
0.875007 -0.484110 0.000000 283.980005 0.484110 0.875007 0.000000 81.302503 0.000000 0.000000 1.000000 0.000000
0.883036 -0.469305 0.000000 286.006689 0.469305 0.883036 0.000000 82.350136 0.000000 0.000000 1.000000 0.000000
0.888676 -0.458536 0.000000 287.062602 0.458536 0.888676 0.000000 82.907543 0.000000 0.000000 1.000000 0.000000
0.891328 -0.453359 0.000000 288.039612 0.453359 0.891328 0.000000 83.414585 0.000000 0.000000 1.000000 0.000000
0.889283 -0.457356 0.000000 290.092692 0.457356 0.889283 0.000000 84.432508 0.000000 0.000000 1.000000 0.000000
0.886161 -0.463378 0.000000 291.095400 0.463378 0.886161 0.000000 84.918179 0.000000 0.000000 1.000000 0.000000
0.886288 -0.463135 0.000000 292.153527 0.463135 0.886288 0.000000 85.446023 0.000000 0.000000 1.000000 0.000000
0.882098 -0.471067 0.000000 293.131289 0.471067 0.882098 0.000000 85.943713 0.000000 0.000000 1.000000 0.000000
0.881523 -0.472140 0.000000 294.197162 0.472140 0.881523 0.000000 86.485873 0.000000 0.000000 1.000000 0.000000
0.880216 -0.474574 0.000000 295.187579 0.474574 0.880216 0.000000 86.984072 0.000000 0.000000 1.000000 0.000000
0.878201 -0.478293 0.000000 296.242004 0.478293 0.878201 0.000000 87.527017 0.000000 0.000000 1.000000 0.000000
0.875371 -0.483451 0.000000 297.227032 0.483451 0.875371 0.000000 88.048318 0.000000 0.000000 1.000000 0.000000
0.877398 -0.479764 0.000000 298.280818 0.479764 0.877398 0.000000 88.597386 0.000000 0.000000 1.000000 0.000000
0.875718 -0.482823 0.000000 299.263817 0.482823 0.875718 0.000000 89.120406 0.000000 0.000000 1.000000 0.000000
0.876090 -0.482148 0.000000 300.314944 0.482148 0.876090 0.000000 89.682743 0.000000 0.000000 1.000000 0.000000
0.874570 -0.484899 0.000000 301.291346 0.484899 0.874570 0.000000 90.201401 0.000000 0.000000 1.000000 0.000000
0.874721 -0.484628 0.000000 302.575413 0.484628 0.874721 0.000000 90.875514 0.000000 0.000000 1.000000 0.000000
0.875706 -0.482844 0.000000 303.552757 0.482844 0.875706 0.000000 91.396648 0.000000 0.000000 1.000000 0.000000
0.878817 -0.477160 0.000000 305.245732 0.477160 0.878817 0.000000 92.295093 0.000000 0.000000 1.000000 0.000000
0.879225 -0.476406 0.000000 306.234352 0.476406 0.879225 0.000000 92.818556 0.000000 0.000000 1.000000 0.000000
0.878507 -0.477730 0.000000 307.362372 0.477730 0.878507 0.000000 93.421983 0.000000 0.000000 1.000000 0.000000
0.877620 -0.479357 0.000000 308.351493 0.479357 0.877620 0.000000 93.951023 0.000000 0.000000 1.000000 0.000000
0.877626 -0.479346 0.000000 309.481633 0.479346 0.877626 0.000000 94.549814 0.000000 0.000000 1.000000 0.000000
0.873051 -0.487629 0.000000 310.461295 0.487629 0.873051 0.000000 95.077861 0.000000 0.000000 1.000000 0.000000
0.873176 -0.487405 0.000000 311.505910 0.487405 0.873176 0.000000 95.648776 0.000000 0.000000 1.000000 0.000000
0.874745 -0.484583 0.000000 312.490312 0.484583 0.874745 0.000000 96.189012 0.000000 0.000000 1.000000 0.000000
0.876853 -0.480759 0.000000 313.541539 0.480759 0.876853 0.000000 96.745321 0.000000 0.000000 1.000000 0.000000
0.879760 -0.475418 0.000000 314.522100 0.475418 0.879760 0.000000 97.268931 0.000000 0.000000 1.000000 0.000000
0.881384 -0.472400 0.000000 315.571259 0.472400 0.881384 0.000000 97.818352 0.000000 0.000000 1.000000 0.000000
0.885399 -0.464831 0.000000 316.542936 0.464831 0.885399 0.000000 98.345493 0.000000 0.000000 1.000000 0.000000
0.890327 -0.455322 0.000000 317.589363 0.455322 0.890327 0.000000 98.901741 0.000000 0.000000 1.000000 0.000000
0.891522 -0.452978 0.000000 318.575034 0.452978 0.891522 0.000000 99.393972 0.000000 0.000000 1.000000 0.000000
0.891044 -0.453916 0.000000 319.565552 0.453916 0.891044 0.000000 99.889445 0.000000 0.000000 1.000000 0.000000
0.892876 -0.450302 0.000000 320.625256 0.450302 0.892876 0.000000 100.407162 0.000000 0.000000 1.000000 0.000000
0.893990 -0.448086 0.000000 321.614481 0.448086 0.893990 0.000000 100.882239 0.000000 0.000000 1.000000 0.000000
0.897324 -0.441373 0.000000 324.242830 0.441373 0.897324 0.000000 102.126060 0.000000 0.000000 1.000000 0.000000
0.898328 -0.439326 0.000000 325.302913 0.439326 0.898328 0.000000 102.621478 0.000000 0.000000 1.000000 0.000000
0.896821 -0.442393 0.000000 326.369449 0.442393 0.896821 0.000000 103.109467 0.000000 0.000000 1.000000 0.000000
0.898943 -0.438065 0.000000 327.433115 0.438065 0.898943 0.000000 103.600943 0.000000 0.000000 1.000000 0.000000
0.899570 -0.436777 0.000000 328.504486 0.436777 0.899570 0.000000 104.089358 0.000000 0.000000 1.000000 0.000000
0.899167 -0.437606 0.000000 329.567583 0.437606 0.899167 0.000000 104.566927 0.000000 0.000000 1.000000 0.000000
0.902790 -0.430081 0.000000 331.690775 0.430081 0.902790 0.000000 105.533082 0.000000 0.000000 1.000000 0.000000
0.902373 -0.430956 0.000000 332.685148 0.430956 0.902373 0.000000 106.003634 0.000000 0.000000 1.000000 0.000000
0.905740 -0.423833 0.000000 333.735852 0.423833 0.905740 0.000000 106.495896 0.000000 0.000000 1.000000 0.000000
0.905687 -0.423947 0.000000 334.723144 0.423947 0.905687 0.000000 106.955445 0.000000 0.000000 1.000000 0.000000
0.905535 -0.424271 0.000000 335.776775 0.424271 0.905535 0.000000 107.441452 0.000000 0.000000 1.000000 0.000000
0.905654 -0.424018 0.000000 336.844806 0.424018 0.905654 0.000000 107.929839 0.000000 0.000000 1.000000 0.000000
0.905989 -0.423300 0.000000 337.828179 0.423300 0.905989 0.000000 108.382856 0.000000 0.000000 1.000000 0.000000
0.906763 -0.421640 0.000000 338.878885 0.421640 0.906763 0.000000 108.883310 0.000000 0.000000 1.000000 0.000000
0.905829 -0.423643 0.000000 339.863639 0.423643 0.905829 0.000000 109.339696 0.000000 0.000000 1.000000 0.000000
0.906333 -0.422564 0.000000 340.923796 0.422564 0.906333 0.000000 109.824834 0.000000 0.000000 1.000000 0.000000
0.905406 -0.424547 0.000000 341.911015 0.424547 0.905406 0.000000 110.276986 0.000000 0.000000 1.000000 0.000000
0.903124 -0.429380 0.000000 342.964135 0.429380 0.903124 0.000000 110.758139 0.000000 0.000000 1.000000 0.000000
0.902815 -0.430029 0.000000 344.017105 0.430029 0.902815 0.000000 111.257178 0.000000 0.000000 1.000000 0.000000
0.902460 -0.430773 0.000000 344.995043 0.430773 0.902460 0.000000 111.722686 0.000000 0.000000 1.000000 0.000000
0.902322 -0.431063 0.000000 346.043926 0.431063 0.902322 0.000000 112.218865 0.000000 0.000000 1.000000 0.000000
0.902585 -0.430512 0.000000 347.011552 0.430512 0.902585 0.000000 112.683261 0.000000 0.000000 1.000000 0.000000
0.900918 -0.433989 0.000000 348.063888 0.433989 0.900918 0.000000 113.195938 0.000000 0.000000 1.000000 0.000000
0.902364 -0.430974 0.000000 349.093650 0.430974 0.902364 0.000000 113.701149 0.000000 0.000000 1.000000 0.000000
0.903806 -0.427942 0.000000 350.064573 0.427942 0.903806 0.000000 114.165139 0.000000 0.000000 1.000000 0.000000
0.905659 -0.424006 0.000000 351.657519 0.424006 0.905659 0.000000 114.910982 0.000000 0.000000 1.000000 0.000000
0.902841 -0.429975 0.000000 352.781549 0.429975 0.902841 0.000000 115.414825 0.000000 0.000000 1.000000 0.000000
0.904048 -0.427431 0.000000 353.815639 0.427431 0.904048 0.000000 115.911603 0.000000 0.000000 1.000000 0.000000
0.899939 -0.436016 0.000000 354.856770 0.436016 0.899939 0.000000 116.406675 0.000000 0.000000 1.000000 0.000000
0.896913 -0.442206 0.000000 355.897021 0.442206 0.896913 0.000000 116.898419 0.000000 0.000000 1.000000 0.000000
0.895530 -0.445001 0.000000 356.935224 0.445001 0.895530 0.000000 117.385551 0.000000 0.000000 1.000000 0.000000
0.900441 -0.434978 0.000000 357.965504 0.434978 0.900441 0.000000 117.877503 0.000000 0.000000 1.000000 0.000000
0.899692 -0.436526 0.000000 358.997549 0.436526 0.899692 0.000000 118.371980 0.000000 0.000000 1.000000 0.000000
0.901656 -0.432455 0.000000 360.033546 0.432455 0.901656 0.000000 118.854564 0.000000 0.000000 1.000000 0.000000
0.899462 -0.436998 0.000000 361.079143 0.436998 0.899462 0.000000 119.341798 0.000000 0.000000 1.000000 0.000000
0.896875 -0.442283 0.000000 362.118326 0.442283 0.896875 0.000000 119.839831 0.000000 0.000000 1.000000 0.000000
0.897574 -0.440864 0.000000 363.142487 0.440864 0.897574 0.000000 120.335040 0.000000 0.000000 1.000000 0.000000
0.896578 -0.442885 0.000000 364.174474 0.442885 0.896578 0.000000 120.820537 0.000000 0.000000 1.000000 0.000000
0.899012 -0.437923 0.000000 365.140036 0.437923 0.899012 0.000000 121.302992 0.000000 0.000000 1.000000 0.000000
0.900175 -0.435527 0.000000 366.107783 0.435527 0.900175 0.000000 121.771269 0.000000 0.000000 1.000000 0.000000
0.902467 -0.430758 0.000000 367.140284 0.430758 0.902467 0.000000 122.259603 0.000000 0.000000 1.000000 0.000000
0.905880 -0.423534 0.000000 368.097205 0.423534 0.905880 0.000000 122.718172 0.000000 0.000000 1.000000 0.000000
0.909948 -0.414723 0.000000 369.139135 0.414723 0.909948 0.000000 123.186661 0.000000 0.000000 1.000000 0.000000
0.912120 -0.409923 0.000000 370.111698 0.409923 0.912120 0.000000 123.617086 0.000000 0.000000 1.000000 0.000000
0.913831 -0.406095 0.000000 371.144707 0.406095 0.913831 0.000000 124.067103 0.000000 0.000000 1.000000 0.000000
0.915032 -0.403382 0.000000 372.123719 0.403382 0.915032 0.000000 124.487304 0.000000 0.000000 1.000000 0.000000
0.917380 -0.398011 0.000000 373.175695 0.398011 0.917380 0.000000 124.936972 0.000000 0.000000 1.000000 0.000000
0.917941 -0.396718 0.000000 374.157268 0.396718 0.917941 0.000000 125.367236 0.000000 0.000000 1.000000 0.000000
0.917111 -0.398632 0.000000 375.133674 0.398632 0.917111 0.000000 125.779408 0.000000 0.000000 1.000000 0.000000
0.919357 -0.393425 0.000000 376.169874 0.393425 0.919357 0.000000 126.234519 0.000000 0.000000 1.000000 0.000000
0.917910 -0.396788 0.000000 377.176144 0.396788 0.917910 0.000000 126.633394 0.000000 0.000000 1.000000 0.000000
0.917681 -0.397319 0.000000 378.222302 0.397319 0.917681 0.000000 127.069967 0.000000 0.000000 1.000000 0.000000
0.919145 -0.393918 0.000000 379.199136 0.393918 0.919145 0.000000 127.476015 0.000000 0.000000 1.000000 0.000000
0.920393 -0.390996 0.000000 380.245118 0.390996 0.920393 0.000000 127.919051 0.000000 0.000000 1.000000 0.000000
0.923867 -0.382713 0.000000 381.228924 0.382713 0.923867 0.000000 128.333067 0.000000 0.000000 1.000000 0.000000
0.924843 -0.380350 0.000000 382.289531 0.380350 0.924843 0.000000 128.770620 0.000000 0.000000 1.000000 0.000000
0.925141 -0.379624 0.000000 383.270819 0.379624 0.925141 0.000000 129.177078 0.000000 0.000000 1.000000 0.000000
0.924798 -0.380458 0.000000 384.606667 0.380458 0.924798 0.000000 129.709615 0.000000 0.000000 1.000000 0.000000
0.924710 -0.380672 0.000000 385.652964 0.380672 0.924710 0.000000 130.131174 0.000000 0.000000 1.000000 0.000000
0.923707 -0.383099 0.000000 386.635524 0.383099 0.923707 0.000000 130.526419 0.000000 0.000000 1.000000 0.000000
0.922532 -0.385922 0.000000 387.690775 0.385922 0.922532 0.000000 130.960030 0.000000 0.000000 1.000000 0.000000
0.924087 -0.382183 0.000000 388.672651 0.382183 0.924087 0.000000 131.354172 0.000000 0.000000 1.000000 0.000000
0.923565 -0.383441 0.000000 389.718657 0.383441 0.923565 0.000000 131.774469 0.000000 0.000000 1.000000 0.000000
0.924692 -0.380715 0.000000 390.782918 0.380715 0.924692 0.000000 132.200087 0.000000 0.000000 1.000000 0.000000
0.925321 -0.379185 0.000000 391.829773 0.379185 0.925321 0.000000 132.621950 0.000000 0.000000 1.000000 0.000000
0.925338 -0.379144 0.000000 393.379048 0.379144 0.925338 0.000000 133.224940 0.000000 0.000000 1.000000 0.000000
0.926488 -0.376324 0.000000 394.437198 0.376324 0.926488 0.000000 133.650751 0.000000 0.000000 1.000000 0.000000
0.927864 -0.372919 0.000000 395.416066 0.372919 0.927864 0.000000 134.048655 0.000000 0.000000 1.000000 0.000000
0.929843 -0.367956 0.000000 396.465176 0.367956 0.929843 0.000000 134.460708 0.000000 0.000000 1.000000 0.000000
0.929924 -0.367751 0.000000 397.449047 0.367751 0.929924 0.000000 134.843131 0.000000 0.000000 1.000000 0.000000
0.930764 -0.365620 0.000000 398.842825 0.365620 0.930764 0.000000 135.389272 0.000000 0.000000 1.000000 0.000000
0.929706 -0.368302 0.000000 399.891536 0.368302 0.929706 0.000000 135.810571 0.000000 0.000000 1.000000 0.000000
0.928215 -0.372045 0.000000 400.941081 0.372045 0.928215 0.000000 136.236210 0.000000 0.000000 1.000000 0.000000
0.930700 -0.365784 0.000000 401.981691 0.365784 0.930700 0.000000 136.653985 0.000000 0.000000 1.000000 0.000000
0.931397 -0.364005 0.000000 403.030114 0.364005 0.931397 0.000000 137.058334 0.000000 0.000000 1.000000 0.000000
0.929878 -0.367869 0.000000 404.085066 0.367869 0.929878 0.000000 137.462110 0.000000 0.000000 1.000000 0.000000
