0.999994 -0.003361 0.000000 0.918330 0.003361 0.999994 0.000000 -0.007677 0.000000 0.000000 1.000000 0.000000
0.999990 -0.004504 0.000000 1.875100 0.004504 0.999990 0.000000 -0.007201 0.000000 0.000000 1.000000 0.000000
0.999989 -0.004753 0.000000 2.794424 0.004753 0.999989 0.000000 -0.001150 0.000000 0.000000 1.000000 0.000000
0.999987 -0.005028 0.000000 3.767215 0.005028 0.999987 0.000000 -0.014484 0.000000 0.000000 1.000000 0.000000
0.999998 -0.002136 0.000000 4.688087 0.002136 0.999998 0.000000 -0.017344 0.000000 0.000000 1.000000 0.000000
0.999995 -0.003182 0.000000 5.647618 0.003182 0.999995 0.000000 -0.012238 0.000000 0.000000 1.000000 0.000000
0.999990 -0.004452 0.000000 6.559887 0.004452 0.999990 0.000000 -0.024036 0.000000 0.000000 1.000000 0.000000
0.999981 -0.006172 0.000000 7.527539 0.006172 0.999981 0.000000 -0.024722 0.000000 0.000000 1.000000 0.000000
0.999963 -0.008635 0.000000 8.459497 0.008635 0.999963 0.000000 -0.022779 0.000000 0.000000 1.000000 0.000000
0.999949 -0.010148 0.000000 9.426641 0.010148 0.999949 0.000000 -0.025671 0.000000 0.000000 1.000000 0.000000
0.999930 -0.011806 0.000000 10.326467 0.011806 0.999930 0.000000 -0.018874 0.000000 0.000000 1.000000 0.000000
0.999865 -0.016426 0.000000 11.303902 0.016426 0.999865 0.000000 -0.008285 0.000000 0.000000 1.000000 0.000000
0.999798 -0.020085 0.000000 12.202522 0.020085 0.999798 0.000000 -0.006499 0.000000 0.000000 1.000000 0.000000
0.999736 -0.022985 0.000000 13.111868 0.022985 0.999736 0.000000 0.013626 0.000000 0.000000 1.000000 0.000000
0.999687 -0.025035 0.000000 14.098879 0.025035 0.999687 0.000000 0.035544 0.000000 0.000000 1.000000 0.000000
0.999685 -0.025111 0.000000 15.005221 0.025111 0.999685 0.000000 0.050015 0.000000 0.000000 1.000000 0.000000
0.999729 -0.023287 0.000000 15.981308 0.023287 0.999729 0.000000 0.057631 0.000000 0.000000 1.000000 0.000000
0.999748 -0.022430 0.000000 16.950961 0.022430 0.999748 0.000000 0.058466 0.000000 0.000000 1.000000 0.000000
0.999594 -0.028490 0.000000 18.624461 0.028490 0.999594 0.000000 0.071989 0.000000 0.000000 1.000000 0.000000
0.999610 -0.027939 0.000000 19.608557 0.027939 0.999610 0.000000 0.097442 0.000000 0.000000 1.000000 0.000000
0.999392 -0.034860 0.000000 20.589693 0.034860 0.999392 0.000000 0.113914 0.000000 0.000000 1.000000 0.000000
0.999325 -0.036729 0.000000 21.580022 0.036729 0.999325 0.000000 0.140566 0.000000 0.000000 1.000000 0.000000
0.999224 -0.039392 0.000000 22.563692 0.039392 0.999224 0.000000 0.170262 0.000000 0.000000 1.000000 0.000000
0.998961 -0.045574 0.000000 23.552985 0.045574 0.998961 0.000000 0.195910 0.000000 0.000000 1.000000 0.000000
0.998955 -0.045710 0.000000 24.496148 0.045710 0.998955 0.000000 0.222554 0.000000 0.000000 1.000000 0.000000
0.998307 -0.058162 0.000000 25.501363 0.058162 0.998307 0.000000 0.284822 0.000000 0.000000 1.000000 0.000000
0.998436 -0.055901 0.000000 26.429559 0.055901 0.998436 0.000000 0.307925 0.000000 0.000000 1.000000 0.000000
0.998409 -0.056392 0.000000 27.381369 0.056392 0.998409 0.000000 0.354545 0.000000 0.000000 1.000000 0.000000
0.998199 -0.059982 0.000000 29.395665 0.059982 0.998199 0.000000 0.443825 0.000000 0.000000 1.000000 0.000000
0.998296 -0.058353 0.000000 30.354994 0.058353 0.998296 0.000000 0.485589 0.000000 0.000000 1.000000 0.000000
0.998298 -0.058321 0.000000 31.316984 0.058321 0.998298 0.000000 0.537080 0.000000 0.000000 1.000000 0.000000
0.998170 -0.060477 0.000000 33.298730 0.060477 0.998170 0.000000 0.641483 0.000000 0.000000 1.000000 0.000000
0.998149 -0.060821 0.000000 34.345560 0.060821 0.998149 0.000000 0.707778 0.000000 0.000000 1.000000 0.000000
0.998188 -0.060170 0.000000 35.388689 0.060170 0.998188 0.000000 0.745484 0.000000 0.000000 1.000000 0.000000
0.998105 -0.061537 0.000000 36.367965 0.061537 0.998105 0.000000 0.808599 0.000000 0.000000 1.000000 0.000000
0.998143 -0.060922 0.000000 37.439218 0.060922 0.998143 0.000000 0.862909 0.000000 0.000000 1.000000 0.000000
0.998097 -0.061656 0.000000 38.838111 0.061656 0.998097 0.000000 0.941259 0.000000 0.000000 1.000000 0.000000
0.997741 -0.067176 0.000000 39.886126 0.067176 0.997741 0.000000 1.014129 0.000000 0.000000 1.000000 0.000000
0.997666 -0.068278 0.000000 40.891693 0.068278 0.997666 0.000000 1.090747 0.000000 0.000000 1.000000 0.000000
0.997531 -0.070224 0.000000 41.965013 0.070224 0.997531 0.000000 1.160287 0.000000 0.000000 1.000000 0.000000
0.997307 -0.073337 0.000000 42.966773 0.073337 0.997307 0.000000 1.224278 0.000000 0.000000 1.000000 0.000000
0.997129 -0.075719 0.000000 44.036094 0.075719 0.997129 0.000000 1.288820 0.000000 0.000000 1.000000 0.000000
0.997002 -0.077380 0.000000 45.113466 0.077380 0.997002 0.000000 1.359008 0.000000 0.000000 1.000000 0.000000
0.996937 -0.078213 0.000000 46.121958 0.078213 0.996937 0.000000 1.422065 0.000000 0.000000 1.000000 0.000000
0.996762 -0.080409 0.000000 47.210976 0.080409 0.996762 0.000000 1.500631 0.000000 0.000000 1.000000 0.000000
0.996503 -0.083559 0.000000 48.219224 0.083559 0.996503 0.000000 1.567665 0.000000 0.000000 1.000000 0.000000
0.995964 -0.089754 0.000000 49.298773 0.089754 0.995964 0.000000 1.646985 0.000000 0.000000 1.000000 0.000000
0.995832 -0.091212 0.000000 50.305958 0.091212 0.995832 0.000000 1.739847 0.000000 0.000000 1.000000 0.000000
0.995663 -0.093033 0.000000 51.308454 0.093033 0.995663 0.000000 1.840192 0.000000 0.000000 1.000000 0.000000
0.995428 -0.095518 0.000000 52.382874 0.095518 0.995428 0.000000 1.939374 0.000000 0.000000 1.000000 0.000000
0.995368 -0.096134 0.000000 53.394995 0.096134 0.995368 0.000000 2.026846 0.000000 0.000000 1.000000 0.000000
0.994892 -0.100945 0.000000 54.485875 0.100945 0.994892 0.000000 2.138094 0.000000 0.000000 1.000000 0.000000
0.994632 -0.103479 0.000000 55.952275 0.103479 0.994632 0.000000 2.309483 0.000000 0.000000 1.000000 0.000000
0.994629 -0.103503 0.000000 57.031433 0.103503 0.994629 0.000000 2.418089 0.000000 0.000000 1.000000 0.000000
0.995050 -0.099375 0.000000 58.451996 0.099375 0.995050 0.000000 2.542366 0.000000 0.000000 1.000000 0.000000
0.994802 -0.101829 0.000000 59.537003 0.101829 0.994802 0.000000 2.644011 0.000000 0.000000 1.000000 0.000000
0.994347 -0.106175 0.000000 60.692577 0.106175 0.994347 0.000000 2.758755 0.000000 0.000000 1.000000 0.000000
0.994358 -0.106080 0.000000 61.776126 0.106080 0.994358 0.000000 2.862974 0.000000 0.000000 1.000000 0.000000
0.994539 -0.104368 0.000000 62.862349 0.104368 0.994539 0.000000 2.950646 0.000000 0.000000 1.000000 0.000000
0.994456 -0.105154 0.000000 63.948148 0.105154 0.994456 0.000000 3.047644 0.000000 0.000000 1.000000 0.000000
0.994335 -0.106293 0.000000 64.969138 0.106293 0.994335 0.000000 3.145084 0.000000 0.000000 1.000000 0.000000
0.994185 -0.107684 0.000000 66.051442 0.107684 0.994185 0.000000 3.246076 0.000000 0.000000 1.000000 0.000000
0.993806 -0.111130 0.000000 67.128456 0.111130 0.993806 0.000000 3.346660 0.000000 0.000000 1.000000 0.000000
0.993356 -0.115079 0.000000 68.129697 0.115079 0.993356 0.000000 3.451476 0.000000 0.000000 1.000000 0.000000
0.993125 -0.117059 0.000000 69.203027 0.117059 0.993125 0.000000 3.570799 0.000000 0.000000 1.000000 0.000000
0.993062 -0.117595 0.000000 70.203834 0.117595 0.993062 0.000000 3.679549 0.000000 0.000000 1.000000 0.000000
0.992963 -0.118429 0.000000 71.278528 0.118429 0.992963 0.000000 3.798120 0.000000 0.000000 1.000000 0.000000
0.992772 -0.120013 0.000000 72.277248 0.120013 0.992772 0.000000 3.894055 0.000000 0.000000 1.000000 0.000000
0.992417 -0.122919 0.000000 73.350458 0.122919 0.992417 0.000000 4.010310 0.000000 0.000000 1.000000 0.000000
0.992226 -0.124449 0.000000 74.348773 0.124449 0.992226 0.000000 4.122327 0.000000 0.000000 1.000000 0.000000
0.992096 -0.125484 0.000000 75.444595 0.125484 0.992096 0.000000 4.238377 0.000000 0.000000 1.000000 0.000000
0.992050 -0.125844 0.000000 76.453892 0.125844 0.992050 0.000000 4.342700 0.000000 0.000000 1.000000 0.000000
0.992089 -0.125539 0.000000 77.538138 0.125539 0.992089 0.000000 4.470224 0.000000 0.000000 1.000000 0.000000
0.992247 -0.124281 0.000000 78.565309 0.124281 0.992247 0.000000 4.586843 0.000000 0.000000 1.000000 0.000000
0.992185 -0.124772 0.000000 79.675547 0.124772 0.992185 0.000000 4.706904 0.000000 0.000000 1.000000 0.000000
0.991838 -0.127503 0.000000 80.685946 0.127503 0.991838 0.000000 4.813821 0.000000 0.000000 1.000000 0.000000
0.991013 -0.133767 0.000000 81.784808 0.133767 0.991013 0.000000 4.945737 0.000000 0.000000 1.000000 0.000000
0.990915 -0.134489 0.000000 82.806254 0.134489 0.990915 0.000000 5.065385 0.000000 0.000000 1.000000 0.000000
0.991025 -0.133673 0.000000 83.900569 0.133673 0.991025 0.000000 5.205659 0.000000 0.000000 1.000000 0.000000
0.991104 -0.133089 0.000000 85.001431 0.133089 0.991104 0.000000 5.335473 0.000000 0.000000 1.000000 0.000000
0.991529 -0.129884 0.000000 86.025542 0.129884 0.991529 0.000000 5.464247 0.000000 0.000000 1.000000 0.000000
0.991331 -0.131387 0.000000 87.124923 0.131387 0.991331 0.000000 5.596120 0.000000 0.000000 1.000000 0.000000
0.990827 -0.135139 0.000000 88.898942 0.135139 0.990827 0.000000 5.826090 0.000000 0.000000 1.000000 0.000000
0.989706 -0.143116 0.000000 90.643487 0.143116 0.989706 0.000000 6.056623 0.000000 0.000000 1.000000 0.000000
0.989554 -0.144165 0.000000 91.659234 0.144165 0.989554 0.000000 6.185674 0.000000 0.000000 1.000000 0.000000
0.989336 -0.145651 0.000000 92.763592 0.145651 0.989336 0.000000 6.327244 0.000000 0.000000 1.000000 0.000000
0.988794 -0.149286 0.000000 93.796098 0.149286 0.988794 0.000000 6.458123 0.000000 0.000000 1.000000 0.000000
0.988144 -0.153527 0.000000 94.878902 0.153527 0.988144 0.000000 6.604406 0.000000 0.000000 1.000000 0.000000
0.988385 -0.151971 0.000000 95.987770 0.151971 0.988385 0.000000 6.751092 0.000000 0.000000 1.000000 0.000000
0.987588 -0.157066 0.000000 97.075327 0.157066 0.987588 0.000000 6.908990 0.000000 0.000000 1.000000 0.000000
0.987134 -0.159898 0.000000 98.095792 0.159898 0.987134 0.000000 7.062690 0.000000 0.000000 1.000000 0.000000
0.986205 -0.165528 0.000000 99.574770 0.165528 0.986205 0.000000 7.288854 0.000000 0.000000 1.000000 0.000000
0.985563 -0.169308 0.000000 100.588123 0.169308 0.985563 0.000000 7.446688 0.000000 0.000000 1.000000 0.000000
0.984307 -0.176465 0.000000 101.681868 0.176465 0.984307 0.000000 7.638083 0.000000 0.000000 1.000000 0.000000
0.983429 -0.181294 0.000000 102.770424 0.181294 0.983429 0.000000 7.824202 0.000000 0.000000 1.000000 0.000000
0.983039 -0.183395 0.000000 103.793201 0.183395 0.983039 0.000000 8.001511 0.000000 0.000000 1.000000 0.000000
0.981974 -0.189013 0.000000 104.886971 0.189013 0.981974 0.000000 8.189080 0.000000 0.000000 1.000000 0.000000
0.980557 -0.196233 0.000000 106.533788 0.196233 0.980557 0.000000 8.497906 0.000000 0.000000 1.000000 0.000000
0.979337 -0.202236 0.000000 107.623935 0.202236 0.979337 0.000000 8.707371 0.000000 0.000000 1.000000 0.000000
0.978775 -0.204936 0.000000 108.645636 0.204936 0.978775 0.000000 8.902986 0.000000 0.000000 1.000000 0.000000
0.978573 -0.205902 0.000000 109.718840 0.205902 0.978573 0.000000 9.118444 0.000000 0.000000 1.000000 0.000000
0.977506 -0.210908 0.000000 110.739457 0.210908 0.977506 0.000000 9.323304 0.000000 0.000000 1.000000 0.000000
0.976563 -0.215230 0.000000 111.750390 0.215230 0.976563 0.000000 9.538605 0.000000 0.000000 1.000000 0.000000
0.975192 -0.221359 0.000000 112.835305 0.221359 0.975192 0.000000 9.769590 0.000000 0.000000 1.000000 0.000000
0.973599 -0.228264 0.000000 113.848414 0.228264 0.973599 0.000000 9.984276 0.000000 0.000000 1.000000 0.000000
0.972438 -0.233163 0.000000 114.926643 0.233163 0.972438 0.000000 10.208566 0.000000 0.000000 1.000000 0.000000
0.971624 -0.236529 0.000000 115.939465 0.236529 0.971624 0.000000 10.438602 0.000000 0.000000 1.000000 0.000000
0.970805 -0.239870 0.000000 116.995460 0.239870 0.970805 0.000000 10.689197 0.000000 0.000000 1.000000 0.000000
0.970016 -0.243040 0.000000 118.000589 0.243040 0.970016 0.000000 10.930632 0.000000 0.000000 1.000000 0.000000
0.969646 -0.244514 0.000000 119.062604 0.244514 0.969646 0.000000 11.179208 0.000000 0.000000 1.000000 0.000000
0.969043 -0.246893 0.000000 120.059668 0.246893 0.969043 0.000000 11.428889 0.000000 0.000000 1.000000 0.000000
0.967679 -0.252186 0.000000 121.042047 0.252186 0.967679 0.000000 11.674012 0.000000 0.000000 1.000000 0.000000
0.972137 -0.234415 0.000000 122.112876 0.234415 0.972137 0.000000 11.929000 0.000000 0.000000 1.000000 0.000000
0.970893 -0.239512 0.000000 123.118620 0.239512 0.970893 0.000000 12.146200 0.000000 0.000000 1.000000 0.000000
0.971243 -0.238092 0.000000 124.193632 0.238092 0.971243 0.000000 12.371258 0.000000 0.000000 1.000000 0.000000
0.970241 -0.242142 0.000000 125.212591 0.242142 0.970241 0.000000 12.610104 0.000000 0.000000 1.000000 0.000000
0.969271 -0.245995 0.000000 126.286528 0.245995 0.969271 0.000000 12.875887 0.000000 0.000000 1.000000 0.000000
0.968404 -0.249387 0.000000 127.301072 0.249387 0.968404 0.000000 13.122127 0.000000 0.000000 1.000000 0.000000
0.964702 -0.263342 0.000000 128.352811 0.263342 0.964702 0.000000 13.394841 0.000000 0.000000 1.000000 0.000000
0.963854 -0.266431 0.000000 129.631106 0.266431 0.963854 0.000000 13.738929 0.000000 0.000000 1.000000 0.000000
0.963177 -0.268869 0.000000 130.698739 0.268869 0.963177 0.000000 14.031591 0.000000 0.000000 1.000000 0.000000
0.962308 -0.271960 0.000000 131.688725 0.271960 0.962308 0.000000 14.294973 0.000000 0.000000 1.000000 0.000000
0.960905 -0.276879 0.000000 132.752456 0.276879 0.960905 0.000000 14.585896 0.000000 0.000000 1.000000 0.000000
0.959195 -0.282745 0.000000 133.808342 0.282745 0.959195 0.000000 14.884199 0.000000 0.000000 1.000000 0.000000
0.957593 -0.288124 0.000000 134.875173 0.288124 0.957593 0.000000 15.191988 0.000000 0.000000 1.000000 0.000000
0.956842 -0.290607 0.000000 136.381954 0.290607 0.956842 0.000000 15.650883 0.000000 0.000000 1.000000 0.000000
0.955782 -0.294076 0.000000 138.421654 0.294076 0.955782 0.000000 16.252560 0.000000 0.000000 1.000000 0.000000
0.955646 -0.294519 0.000000 139.475455 0.294519 0.955646 0.000000 16.566998 0.000000 0.000000 1.000000 0.000000
0.954856 -0.297069 0.000000 140.537116 0.297069 0.954856 0.000000 16.885517 0.000000 0.000000 1.000000 0.000000
0.954365 -0.298641 0.000000 141.597581 0.298641 0.954365 0.000000 17.199794 0.000000 0.000000 1.000000 0.000000
0.953240 -0.302214 0.000000 142.592199 0.302214 0.953240 0.000000 17.500892 0.000000 0.000000 1.000000 0.000000
0.952017 -0.306044 0.000000 143.653042 0.306044 0.952017 0.000000 17.832087 0.000000 0.000000 1.000000 0.000000
0.952866 -0.303392 0.000000 144.709419 0.303392 0.952866 0.000000 18.142925 0.000000 0.000000 1.000000 0.000000
0.951880 -0.306471 0.000000 145.696891 0.306471 0.951880 0.000000 18.446225 0.000000 0.000000 1.000000 0.000000
0.951015 -0.309144 0.000000 146.747540 0.309144 0.951015 0.000000 18.769130 0.000000 0.000000 1.000000 0.000000
0.949797 -0.312868 0.000000 147.729429 0.312868 0.949797 0.000000 19.081757 0.000000 0.000000 1.000000 0.000000
0.948689 -0.316212 0.000000 148.777138 0.316212 0.948689 0.000000 19.421693 0.000000 0.000000 1.000000 0.000000
0.949840 -0.312737 0.000000 149.824707 0.312737 0.949840 0.000000 19.754054 0.000000 0.000000 1.000000 0.000000
0.947913 -0.318529 0.000000 150.872898 0.318529 0.947913 0.000000 20.090463 0.000000 0.000000 1.000000 0.000000
0.947628 -0.319377 0.000000 151.861567 0.319377 0.947628 0.000000 20.404302 0.000000 0.000000 1.000000 0.000000
0.945601 -0.325329 0.000000 153.402128 0.325329 0.945601 0.000000 20.911984 0.000000 0.000000 1.000000 0.000000
0.945032 -0.326979 0.000000 154.383845 0.326979 0.945032 0.000000 21.239680 0.000000 0.000000 1.000000 0.000000
0.994815 -0.101698 0.000000 155.455431 0.101698 0.994815 0.000000 21.363808 0.000000 0.000000 1.000000 0.000000
0.993894 -0.110339 0.000000 156.494321 0.110339 0.993894 0.000000 21.474679 0.000000 0.000000 1.000000 0.000000
0.993733 -0.111782 0.000000 157.591152 0.111782 0.993733 0.000000 21.592984 0.000000 0.000000 1.000000 0.000000
0.993931 -0.110005 0.000000 158.638703 0.110005 0.993931 0.000000 21.693566 0.000000 0.000000 1.000000 0.000000
0.993696 -0.112111 0.000000 159.760356 0.112111 0.993696 0.000000 21.804746 0.000000 0.000000 1.000000 0.000000
0.993150 -0.116846 0.000000 160.806107 0.116846 0.993150 0.000000 21.910296 0.000000 0.000000 1.000000 0.000000
0.993147 -0.116870 0.000000 161.866538 0.116870 0.993147 0.000000 22.020883 0.000000 0.000000 1.000000 0.000000
0.991955 -0.126592 0.000000 163.522857 0.126592 0.991955 0.000000 22.209271 0.000000 0.000000 1.000000 0.000000
0.991441 -0.130557 0.000000 164.580014 0.130557 0.991441 0.000000 22.335079 0.000000 0.000000 1.000000 0.000000
0.991058 -0.133432 0.000000 165.708039 0.133432 0.991058 0.000000 22.472076 0.000000 0.000000 1.000000 0.000000
0.990307 -0.138895 0.000000 166.775641 0.138895 0.990307 0.000000 22.615537 0.000000 0.000000 1.000000 0.000000
0.990445 -0.137908 0.000000 167.910988 0.137908 0.990445 0.000000 22.752943 0.000000 0.000000 1.000000 0.000000
0.990007 -0.141018 0.000000 168.978185 0.141018 0.990007 0.000000 22.884949 0.000000 0.000000 1.000000 0.000000
0.989301 -0.145891 0.000000 170.124837 0.145891 0.989301 0.000000 23.036673 0.000000 0.000000 1.000000 0.000000
0.989013 -0.147830 0.000000 171.267169 0.147830 0.989013 0.000000 23.185756 0.000000 0.000000 1.000000 0.000000
0.988968 -0.148129 0.000000 172.346517 0.148129 0.988968 0.000000 23.333077 0.000000 0.000000 1.000000 0.000000
0.988568 -0.150779 0.000000 173.493964 0.150779 0.988568 0.000000 23.490524 0.000000 0.000000 1.000000 0.000000
0.987868 -0.155293 0.000000 174.584223 0.155293 0.987868 0.000000 23.648887 0.000000 0.000000 1.000000 0.000000
0.987548 -0.157318 0.000000 175.735811 0.157318 0.987548 0.000000 23.827021 0.000000 0.000000 1.000000 0.000000
0.987162 -0.159723 0.000000 176.824697 0.159723 0.987162 0.000000 23.996089 0.000000 0.000000 1.000000 0.000000
0.987230 -0.159304 0.000000 177.989903 0.159304 0.987230 0.000000 24.168961 0.000000 0.000000 1.000000 0.000000
0.986721 -0.162422 0.000000 179.497829 0.162422 0.986721 0.000000 24.390717 0.000000 0.000000 1.000000 0.000000
0.986278 -0.165095 0.000000 180.604821 0.165095 0.986278 0.000000 24.556956 0.000000 0.000000 1.000000 0.000000
0.999482 -0.032188 0.000000 181.633114 0.032188 0.999482 0.000000 24.667955 0.000000 0.000000 1.000000 0.000000
0.999245 -0.038859 0.000000 182.831108 0.038859 0.999245 0.000000 24.708011 0.000000 0.000000 1.000000 0.000000
0.999064 -0.043257 0.000000 183.952261 0.043257 0.999064 0.000000 24.743390 0.000000 0.000000 1.000000 0.000000
0.998998 -0.044748 0.000000 185.158937 0.044748 0.998998 0.000000 24.781752 0.000000 0.000000 1.000000 0.000000
0.998917 -0.046524 0.000000 186.358787 0.046524 0.998917 0.000000 24.825987 0.000000 0.000000 1.000000 0.000000
0.998886 -0.047198 0.000000 187.566981 0.047198 0.998886 0.000000 24.866654 0.000000 0.000000 1.000000 0.000000
0.998733 -0.050313 0.000000 188.710321 0.050313 0.998733 0.000000 24.914875 0.000000 0.000000 1.000000 0.000000
0.998595 -0.052993 0.000000 189.930491 0.052993 0.998595 0.000000 24.970543 0.000000 0.000000 1.000000 0.000000
0.998513 -0.054511 0.000000 191.127091 0.054511 0.998513 0.000000 25.023476 0.000000 0.000000 1.000000 0.000000
0.998475 -0.055208 0.000000 192.279147 0.055208 0.998475 0.000000 25.075647 0.000000 0.000000 1.000000 0.000000
0.998334 -0.057705 0.000000 193.493589 0.057705 0.998334 0.000000 25.126030 0.000000 0.000000 1.000000 0.000000
0.998178 -0.060336 0.000000 194.627317 0.060336 0.998178 0.000000 25.174327 0.000000 0.000000 1.000000 0.000000
0.997815 -0.066077 0.000000 195.845984 0.066077 0.997815 0.000000 25.242282 0.000000 0.000000 1.000000 0.000000
0.997898 -0.064809 0.000000 197.045188 0.064809 0.997898 0.000000 25.310123 0.000000 0.000000 1.000000 0.000000
0.997748 -0.067078 0.000000 198.204176 0.067078 0.997748 0.000000 25.379801 0.000000 0.000000 1.000000 0.000000
0.997555 -0.069886 0.000000 199.402059 0.069886 0.997555 0.000000 25.458095 0.000000 0.000000 1.000000 0.000000
0.997272 -0.073817 0.000000 200.615371 0.073817 0.997272 0.000000 25.542819 0.000000 0.000000 1.000000 0.000000
0.997429 -0.071661 0.000000 202.250846 0.071661 0.997429 0.000000 25.632995 0.000000 0.000000 1.000000 0.000000
0.997061 -0.076618 0.000000 203.873089 0.076618 0.997061 0.000000 25.736767 0.000000 0.000000 1.000000 0.000000
0.996924 -0.078371 0.000000 205.087530 0.078371 0.996924 0.000000 25.824726 0.000000 0.000000 1.000000 0.000000
0.996609 -0.082280 0.000000 206.305183 0.082280 0.996609 0.000000 25.918688 0.000000 0.000000 1.000000 0.000000
0.996720 -0.080932 0.000000 207.531935 0.080932 0.996720 0.000000 25.981140 0.000000 0.000000 1.000000 0.000000
0.996692 -0.081266 0.000000 208.762157 0.081266 0.996692 0.000000 26.053814 0.000000 0.000000 1.000000 0.000000
0.996641 -0.081895 0.000000 211.220704 0.081895 0.996641 0.000000 26.202498 0.000000 0.000000 1.000000 0.000000
0.996375 -0.085075 0.000000 212.373583 0.085075 0.996375 0.000000 26.283535 0.000000 0.000000 1.000000 0.000000
0.996216 -0.086914 0.000000 213.603371 0.086914 0.996216 0.000000 26.366871 0.000000 0.000000 1.000000 0.000000
0.995925 -0.090189 0.000000 214.744993 0.090189 0.995925 0.000000 26.453348 0.000000 0.000000 1.000000 0.000000
0.995574 -0.093977 0.000000 217.100585 0.093977 0.995574 0.000000 26.641566 0.000000 0.000000 1.000000 0.000000
0.995817 -0.091372 0.000000 218.342368 0.091372 0.995817 0.000000 26.731430 0.000000 0.000000 1.000000 0.000000
0.995836 -0.091166 0.000000 219.492813 0.091166 0.995836 0.000000 26.810987 0.000000 0.000000 1.000000 0.000000
0.995968 -0.089714 0.000000 220.703892 0.089714 0.995968 0.000000 26.897631 0.000000 0.000000 1.000000 0.000000
0.996635 -0.081963 0.000000 223.089343 0.081963 0.996635 0.000000 27.054533 0.000000 0.000000 1.000000 0.000000
0.996606 -0.082322 0.000000 224.223104 0.082322 0.996606 0.000000 27.132416 0.000000 0.000000 1.000000 0.000000
0.996411 -0.084645 0.000000 225.459754 0.084645 0.996411 0.000000 27.229718 0.000000 0.000000 1.000000 0.000000
0.996460 -0.084065 0.000000 226.593166 0.084065 0.996460 0.000000 27.323249 0.000000 0.000000 1.000000 0.000000
0.996169 -0.087445 0.000000 227.829360 0.087445 0.996169 0.000000 27.411323 0.000000 0.000000 1.000000 0.000000
0.996027 -0.089047 0.000000 228.967117 0.089047 0.996027 0.000000 27.499637 0.000000 0.000000 1.000000 0.000000
0.996026 -0.089064 0.000000 230.192015 0.089064 0.996026 0.000000 27.593878 0.000000 0.000000 1.000000 0.000000
0.995740 -0.092208 0.000000 231.328581 0.092208 0.995740 0.000000 27.686057 0.000000 0.000000 1.000000 0.000000
0.995671 -0.092943 0.000000 232.562365 0.092943 0.995671 0.000000 27.803224 0.000000 0.000000 1.000000 0.000000
0.995505 -0.094708 0.000000 234.134603 0.094708 0.995505 0.000000 27.953727 0.000000 0.000000 1.000000 0.000000
0.995606 -0.093636 0.000000 235.278401 0.093636 0.995606 0.000000 28.051393 0.000000 0.000000 1.000000 0.000000
0.996091 -0.088334 0.000000 236.509240 0.088334 0.996091 0.000000 28.144174 0.000000 0.000000 1.000000 0.000000
0.995059 -0.099282 0.000000 237.660297 0.099282 0.995059 0.000000 28.240236 0.000000 0.000000 1.000000 0.000000
0.994490 -0.104829 0.000000 238.807973 0.104829 0.994490 0.000000 28.346432 0.000000 0.000000 1.000000 0.000000
0.994516 -0.104581 0.000000 240.017923 0.104581 0.994516 0.000000 28.450301 0.000000 0.000000 1.000000 0.000000
0.993816 -0.111037 0.000000 242.056712 0.111037 0.993816 0.000000 28.639219 0.000000 0.000000 1.000000 0.000000
0.994238 -0.107194 0.000000 243.210887 0.107194 0.994238 0.000000 28.755614 0.000000 0.000000 1.000000 0.000000
0.994349 -0.106160 0.000000 244.356700 0.106160 0.994349 0.000000 28.872861 0.000000 0.000000 1.000000 0.000000
0.993868 -0.110575 0.000000 245.579262 0.110575 0.993868 0.000000 28.989369 0.000000 0.000000 1.000000 0.000000
0.993236 -0.116117 0.000000 246.814206 0.116117 0.993236 0.000000 29.093928 0.000000 0.000000 1.000000 0.000000
0.992346 -0.123485 0.000000 249.832462 0.123485 0.992346 0.000000 29.403100 0.000000 0.000000 1.000000 0.000000
0.992379 -0.123224 0.000000 250.970967 0.123224 0.992379 0.000000 29.533076 0.000000 0.000000 1.000000 0.000000
0.992107 -0.125394 0.000000 252.192163 0.125394 0.992107 0.000000 29.669566 0.000000 0.000000 1.000000 0.000000
0.992239 -0.124346 0.000000 253.403091 0.124346 0.992239 0.000000 29.814236 0.000000 0.000000 1.000000 0.000000
0.991914 -0.126915 0.000000 254.995618 0.126915 0.991914 0.000000 29.993719 0.000000 0.000000 1.000000 0.000000
0.991664 -0.128850 0.000000 256.448431 0.128850 0.991664 0.000000 30.153360 0.000000 0.000000 1.000000 0.000000
0.991899 -0.127026 0.000000 257.876537 0.127026 0.991899 0.000000 30.312405 0.000000 0.000000 1.000000 0.000000
0.991576 -0.129529 0.000000 259.074175 0.129529 0.991576 0.000000 30.445608 0.000000 0.000000 1.000000 0.000000
0.991394 -0.130913 0.000000 260.283192 0.130913 0.991394 0.000000 30.580922 0.000000 0.000000 1.000000 0.000000
0.991905 -0.126979 0.000000 261.469654 0.126979 0.991905 0.000000 30.725662 0.000000 0.000000 1.000000 0.000000
0.992259 -0.124185 0.000000 262.676971 0.124185 0.992259 0.000000 30.876817 0.000000 0.000000 1.000000 0.000000
0.992127 -0.125234 0.000000 263.853562 0.125234 0.992127 0.000000 31.003007 0.000000 0.000000 1.000000 0.000000
0.991168 -0.132616 0.000000 265.040140 0.132616 0.991168 0.000000 31.123498 0.000000 0.000000 1.000000 0.000000
0.990851 -0.134958 0.000000 266.172402 0.134958 0.990851 0.000000 31.254538 0.000000 0.000000 1.000000 0.000000
0.991085 -0.133232 0.000000 267.354859 0.133232 0.991085 0.000000 31.403565 0.000000 0.000000 1.000000 0.000000
0.992033 -0.125975 0.000000 268.541177 0.125975 0.992033 0.000000 31.558820 0.000000 0.000000 1.000000 0.000000
0.992307 -0.123800 0.000000 269.639791 0.123800 0.992307 0.000000 31.675982 0.000000 0.000000 1.000000 0.000000
0.992569 -0.121683 0.000000 270.814857 0.121683 0.992569 0.000000 31.813698 0.000000 0.000000 1.000000 0.000000
0.992419 -0.122898 0.000000 271.997713 0.122898 0.992419 0.000000 31.966819 0.000000 0.000000 1.000000 0.000000
0.992643 -0.121077 0.000000 273.170800 0.121077 0.992643 0.000000 32.114535 0.000000 0.000000 1.000000 0.000000
0.992572 -0.121661 0.000000 274.276757 0.121661 0.992572 0.000000 32.241353 0.000000 0.000000 1.000000 0.000000
0.992475 -0.122446 0.000000 275.440167 0.122446 0.992475 0.000000 32.367394 0.000000 0.000000 1.000000 0.000000
0.992039 -0.125935 0.000000 276.534869 0.125935 0.992039 0.000000 32.489812 0.000000 0.000000 1.000000 0.000000
0.992282 -0.124005 0.000000 277.703707 0.124005 0.992282 0.000000 32.629512 0.000000 0.000000 1.000000 0.000000
0.992499 -0.122252 0.000000 278.867153 0.122252 0.992499 0.000000 32.767613 0.000000 0.000000 1.000000 0.000000
0.992328 -0.123633 0.000000 279.951590 0.123633 0.992328 0.000000 32.905001 0.000000 0.000000 1.000000 0.000000
0.992193 -0.124711 0.000000 281.124346 0.124711 0.992193 0.000000 33.050479 0.000000 0.000000 1.000000 0.000000
0.991220 -0.132219 0.000000 283.437753 0.132219 0.991220 0.000000 33.298815 0.000000 0.000000 1.000000 0.000000
0.986704 -0.162527 0.000000 290.956103 0.162527 0.986704 0.000000 34.355591 0.000000 0.000000 1.000000 0.000000
0.987753 -0.156025 0.000000 292.128199 0.156025 0.987753 0.000000 34.514716 0.000000 0.000000 1.000000 0.000000
0.988601 -0.150557 0.000000 293.303655 0.150557 0.988601 0.000000 34.669993 0.000000 0.000000 1.000000 0.000000
0.988558 -0.150839 0.000000 294.470811 0.150839 0.988558 0.000000 34.828358 0.000000 0.000000 1.000000 0.000000
0.988390 -0.151940 0.000000 296.817207 0.151940 0.988390 0.000000 35.160623 0.000000 0.000000 1.000000 0.000000
0.988341 -0.152260 0.000000 297.994334 0.152260 0.988341 0.000000 35.342770 0.000000 0.000000 1.000000 0.000000
0.987754 -0.156017 0.000000 299.161443 0.156017 0.987754 0.000000 35.528406 0.000000 0.000000 1.000000 0.000000
0.988336 -0.152286 0.000000 300.274545 0.152286 0.988336 0.000000 35.690469 0.000000 0.000000 1.000000 0.000000
0.990487 -0.137605 0.000000 302.544345 0.137605 0.990487 0.000000 35.983349 0.000000 0.000000 1.000000 0.000000
0.991731 -0.128337 0.000000 303.726451 0.128337 0.991731 0.000000 36.147131 0.000000 0.000000 1.000000 0.000000
0.992445 -0.122693 0.000000 304.820844 0.122693 0.992445 0.000000 36.283735 0.000000 0.000000 1.000000 0.000000
0.991873 -0.127234 0.000000 307.095045 0.127234 0.991873 0.000000 36.534423 0.000000 0.000000 1.000000 0.000000
0.990998 -0.133879 0.000000 308.201998 0.133879 0.990998 0.000000 36.644727 0.000000 0.000000 1.000000 0.000000
0.991023 -0.133694 0.000000 309.376373 0.133694 0.991023 0.000000 36.780711 0.000000 0.000000 1.000000 0.000000
0.989885 -0.141874 0.000000 310.468916 0.141874 0.989885 0.000000 36.918657 0.000000 0.000000 1.000000 0.000000
0.989896 -0.141794 0.000000 311.656901 0.141794 0.989896 0.000000 37.074234 0.000000 0.000000 1.000000 0.000000
0.989700 -0.143158 0.000000 312.755486 0.143158 0.989700 0.000000 37.202677 0.000000 0.000000 1.000000 0.000000
0.989316 -0.145789 0.000000 313.931549 0.145789 0.989316 0.000000 37.347968 0.000000 0.000000 1.000000 0.000000
0.988619 -0.150440 0.000000 315.040105 0.150440 0.988619 0.000000 37.493779 0.000000 0.000000 1.000000 0.000000
0.989296 -0.145923 0.000000 316.222609 0.145923 0.989296 0.000000 37.641823 0.000000 0.000000 1.000000 0.000000
0.988760 -0.149512 0.000000 317.332639 0.149512 0.988760 0.000000 37.792350 0.000000 0.000000 1.000000 0.000000
0.988865 -0.148815 0.000000 318.515818 0.148815 0.988865 0.000000 37.954868 0.000000 0.000000 1.000000 0.000000
0.988321 -0.152383 0.000000 319.615607 0.152383 0.988321 0.000000 38.103842 0.000000 0.000000 1.000000 0.000000
0.988295 -0.152553 0.000000 321.053414 0.152553 0.988295 0.000000 38.296470 0.000000 0.000000 1.000000 0.000000
0.988563 -0.150807 0.000000 322.156127 0.150807 0.988563 0.000000 38.454428 0.000000 0.000000 1.000000 0.000000
0.989413 -0.145129 0.000000 324.051964 0.145129 0.989413 0.000000 38.714870 0.000000 0.000000 1.000000 0.000000
0.989394 -0.145258 0.000000 325.161800 0.145258 0.989394 0.000000 38.869160 0.000000 0.000000 1.000000 0.000000
0.989114 -0.147150 0.000000 326.430303 0.147150 0.989114 0.000000 39.045036 0.000000 0.000000 1.000000 0.000000
0.988795 -0.149277 0.000000 327.542056 0.149277 0.988795 0.000000 39.200016 0.000000 0.000000 1.000000 0.000000
0.988784 -0.149352 0.000000 328.800319 0.149352 0.988784 0.000000 39.375493 0.000000 0.000000 1.000000 0.000000
0.987385 -0.158341 0.000000 329.899498 0.158341 0.987385 0.000000 39.535312 0.000000 0.000000 1.000000 0.000000
0.987525 -0.157459 0.000000 331.077095 0.157459 0.987525 0.000000 39.712477 0.000000 0.000000 1.000000 0.000000
0.988082 -0.153928 0.000000 332.185664 0.153928 0.988082 0.000000 39.885608 0.000000 0.000000 1.000000 0.000000
0.988730 -0.149712 0.000000 333.359611 0.149712 0.988730 0.000000 40.042820 0.000000 0.000000 1.000000 0.000000
0.989554 -0.144162 0.000000 334.464437 0.144162 0.989554 0.000000 40.191860 0.000000 0.000000 1.000000 0.000000
0.989890 -0.141836 0.000000 335.647178 0.141836 0.989890 0.000000 40.344011 0.000000 0.000000 1.000000 0.000000
0.990919 -0.134458 0.000000 336.740568 0.134458 0.990919 0.000000 40.500779 0.000000 0.000000 1.000000 0.000000
0.992185 -0.124772 0.000000 337.914668 0.124772 0.992185 0.000000 40.660703 0.000000 0.000000 1.000000 0.000000
0.992416 -0.122928 0.000000 339.008224 0.122928 0.992416 0.000000 40.784915 0.000000 0.000000 1.000000 0.000000
0.992216 -0.124529 0.000000 340.099317 0.124529 0.992216 0.000000 40.910983 0.000000 0.000000 1.000000 0.000000
0.992692 -0.120674 0.000000 341.271391 0.120674 0.992692 0.000000 41.037501 0.000000 0.000000 1.000000 0.000000
0.992924 -0.118751 0.000000 342.359858 0.118751 0.992924 0.000000 41.148864 0.000000 0.000000 1.000000 0.000000
0.993713 -0.111959 0.000000 345.250960 0.111959 0.993713 0.000000 41.427884 0.000000 0.000000 1.000000 0.000000
0.993885 -0.110423 0.000000 346.414675 0.110423 0.993885 0.000000 41.539581 0.000000 0.000000 1.000000 0.000000
0.993465 -0.114139 0.000000 347.587170 0.114139 0.993465 0.000000 41.641803 0.000000 0.000000 1.000000 0.000000
0.993955 -0.109786 0.000000 348.745029 0.109786 0.993955 0.000000 41.747778 0.000000 0.000000 1.000000 0.000000
0.994103 -0.108437 0.000000 349.923145 0.108437 0.994103 0.000000 41.847208 0.000000 0.000000 1.000000 0.000000
0.993984 -0.109528 0.000000 351.088614 0.109528 0.993984 0.000000 41.953117 0.000000 0.000000 1.000000 0.000000
0.994844 -0.101420 0.000000 353.417200 0.101420 0.994844 0.000000 42.152680 0.000000 0.000000 1.000000 0.000000
0.994704 -0.102782 0.000000 354.510186 0.102782 0.994704 0.000000 42.264954 0.000000 0.000000 1.000000 0.000000
0.995435 -0.095438 0.000000 355.671289 0.095438 0.995435 0.000000 42.385573 0.000000 0.000000 1.000000 0.000000
0.995373 -0.096091 0.000000 356.760080 0.096091 0.995373 0.000000 42.488169 0.000000 0.000000 1.000000 0.000000
0.995305 -0.096784 0.000000 357.913338 0.096784 0.995305 0.000000 42.594249 0.000000 0.000000 1.000000 0.000000
0.995378 -0.096031 0.000000 359.081288 0.096031 0.995378 0.000000 42.701337 0.000000 0.000000 1.000000 0.000000
0.995463 -0.095145 0.000000 360.161129 0.095145 0.995463 0.000000 42.796245 0.000000 0.000000 1.000000 0.000000
0.995628 -0.093407 0.000000 361.318181 0.093407 0.995628 0.000000 42.912467 0.000000 0.000000 1.000000 0.000000
0.995413 -0.095669 0.000000 362.398754 0.095669 0.995413 0.000000 43.011162 0.000000 0.000000 1.000000 0.000000
0.995553 -0.094202 0.000000 363.562507 0.094202 0.995553 0.000000 43.109030 0.000000 0.000000 1.000000 0.000000
0.995373 -0.096084 0.000000 364.645612 0.096084 0.995373 0.000000 43.195999 0.000000 0.000000 1.000000 0.000000
0.994906 -0.100807 0.000000 365.793471 0.100807 0.994906 0.000000 43.295328 0.000000 0.000000 1.000000 0.000000
0.994898 -0.100884 0.000000 366.958378 0.100884 0.994898 0.000000 43.409577 0.000000 0.000000 1.000000 0.000000
0.994872 -0.101144 0.000000 368.042203 0.101144 0.994872 0.000000 43.518670 0.000000 0.000000 1.000000 0.000000
0.994911 -0.100762 0.000000 369.200675 0.100762 0.994911 0.000000 43.627957 0.000000 0.000000 1.000000 0.000000
0.995012 -0.099752 0.000000 370.267592 0.099752 0.995012 0.000000 43.734645 0.000000 0.000000 1.000000 0.000000
0.994622 -0.103573 0.000000 371.433958 0.103573 0.994622 0.000000 43.858747 0.000000 0.000000 1.000000 0.000000
0.994924 -0.100634 0.000000 372.570251 0.100634 0.994924 0.000000 43.976651 0.000000 0.000000 1.000000 0.000000
0.995203 -0.097836 0.000000 373.635239 0.097836 0.995203 0.000000 44.078842 0.000000 0.000000 1.000000 0.000000
0.995528 -0.094463 0.000000 375.386832 0.094463 0.995528 0.000000 44.242548 0.000000 0.000000 1.000000 0.000000
0.994834 -0.101511 0.000000 376.613599 0.101511 0.994834 0.000000 44.341475 0.000000 0.000000 1.000000 0.000000
0.995103 -0.098841 0.000000 377.757567 0.098841 0.995103 0.000000 44.464540 0.000000 0.000000 1.000000 0.000000
0.994165 -0.107871 0.000000 378.907286 0.107871 0.994165 0.000000 44.575027 0.000000 0.000000 1.000000 0.000000
0.993538 -0.113499 0.000000 380.058304 0.113499 0.993538 0.000000 44.684497 0.000000 0.000000 1.000000 0.000000
0.993326 -0.115343 0.000000 381.198999 0.115343 0.993326 0.000000 44.787071 0.000000 0.000000 1.000000 0.000000
0.994620 -0.103595 0.000000 382.336836 0.103595 0.994620 0.000000 44.891199 0.000000 0.000000 1.000000 0.000000
0.994482 -0.104905 0.000000 383.473444 0.104905 0.994482 0.000000 44.992301 0.000000 0.000000 1.000000 0.000000
0.994892 -0.100949 0.000000 384.607912 0.100949 0.994892 0.000000 45.093330 0.000000 0.000000 1.000000 0.000000
0.994254 -0.107048 0.000000 385.754099 0.107048 0.994254 0.000000 45.199609 0.000000 0.000000 1.000000 0.000000
0.993504 -0.113794 0.000000 386.905669 0.113794 0.993504 0.000000 45.320666 0.000000 0.000000 1.000000 0.000000
0.993685 -0.112207 0.000000 388.031508 0.112207 0.993685 0.000000 45.442278 0.000000 0.000000 1.000000 0.000000
0.993434 -0.114405 0.000000 389.165767 0.114405 0.993434 0.000000 45.557283 0.000000 0.000000 1.000000 0.000000
0.994042 -0.108999 0.000000 390.234826 0.108999 0.994042 0.000000 45.681398 0.000000 0.000000 1.000000 0.000000
0.994317 -0.106456 0.000000 391.300186 0.106456 0.994317 0.000000 45.787745 0.000000 0.000000 1.000000 0.000000
0.994775 -0.102089 0.000000 392.437375 0.102089 0.994775 0.000000 45.894555 0.000000 0.000000 1.000000 0.000000
0.995390 -0.095908 0.000000 393.496317 0.095908 0.995390 0.000000 46.004813 0.000000 0.000000 1.000000 0.000000
0.996144 -0.087735 0.000000 394.633086 0.087735 0.996144 0.000000 46.099747 0.000000 0.000000 1.000000 0.000000
0.996475 -0.083895 0.000000 395.690642 0.083895 0.996475 0.000000 46.185417 0.000000 0.000000 1.000000 0.000000
0.996726 -0.080851 0.000000 396.814671 0.080851 0.996726 0.000000 46.271415 0.000000 0.000000 1.000000 0.000000
0.996921 -0.078414 0.000000 397.878080 0.078414 0.996921 0.000000 46.334026 0.000000 0.000000 1.000000 0.000000
0.997322 -0.073136 0.000000 399.017359 0.073136 0.997322 0.000000 46.408193 0.000000 0.000000 1.000000 0.000000
0.997353 -0.072712 0.000000 400.088855 0.072712 0.997353 0.000000 46.497345 0.000000 0.000000 1.000000 0.000000
0.997152 -0.075421 0.000000 401.145375 0.075421 0.997152 0.000000 46.570083 0.000000 0.000000 1.000000 0.000000
0.997536 -0.070161 0.000000 402.282847 0.070161 0.997536 0.000000 46.664437 0.000000 0.000000 1.000000 0.000000
0.997251 -0.074102 0.000000 403.357492 0.074102 0.997251 0.000000 46.716090 0.000000 0.000000 1.000000 0.000000
0.997189 -0.074932 0.000000 404.487499 0.074932 0.997189 0.000000 46.793494 0.000000 0.000000 1.000000 0.000000
0.997434 -0.071587 0.000000 405.545114 0.071587 0.997434 0.000000 46.862186 0.000000 0.000000 1.000000 0.000000
0.997619 -0.068962 0.000000 406.676922 0.068962 0.997619 0.000000 46.938491 0.000000 0.000000 1.000000 0.000000
0.998177 -0.060361 0.000000 407.740004 0.060361 0.998177 0.000000 47.006965 0.000000 0.000000 1.000000 0.000000
0.998310 -0.058106 0.000000 408.884209 0.058106 0.998310 0.000000 47.075772 0.000000 0.000000 1.000000 0.000000
0.998338 -0.057636 0.000000 409.957188 0.057636 0.998338 0.000000 47.134798 0.000000 0.000000 1.000000 0.000000
0.998283 -0.058582 0.000000 411.398263 0.058582 0.998283 0.000000 47.201769 0.000000 0.000000 1.000000 0.000000
0.998289 -0.058465 0.000000 412.524805 0.058465 0.998289 0.000000 47.261062 0.000000 0.000000 1.000000 0.000000
0.998140 -0.060957 0.000000 413.581856 0.060957 0.998140 0.000000 47.311958 0.000000 0.000000 1.000000 0.000000
0.997982 -0.063494 0.000000 414.716798 0.063494 0.997982 0.000000 47.379320 0.000000 0.000000 1.000000 0.000000
0.998261 -0.058951 0.000000 415.780122 0.058951 0.998261 0.000000 47.429223 0.000000 0.000000 1.000000 0.000000
0.998201 -0.059952 0.000000 416.911226 0.059952 0.998201 0.000000 47.479863 0.000000 0.000000 1.000000 0.000000
0.998388 -0.056753 0.000000 418.054849 0.056753 0.998388 0.000000 47.528867 0.000000 0.000000 1.000000 0.000000
0.998485 -0.055027 0.000000 419.183201 0.055027 0.998485 0.000000 47.579322 0.000000 0.000000 1.000000 0.000000
0.998471 -0.055272 0.000000 420.845980 0.055272 0.998471 0.000000 47.635897 0.000000 0.000000 1.000000 0.000000
0.998615 -0.052618 0.000000 421.990634 0.052618 0.998615 0.000000 47.688446 0.000000 0.000000 1.000000 0.000000
0.998760 -0.049776 0.000000 423.042784 0.049776 0.998760 0.000000 47.731251 0.000000 0.000000 1.000000 0.000000
0.999004 -0.044613 0.000000 424.170371 0.044613 0.999004 0.000000 47.775171 0.000000 0.000000 1.000000 0.000000
0.998991 -0.044906 0.000000 425.217477 0.044906 0.998991 0.000000 47.811839 0.000000 0.000000 1.000000 0.000000
0.999079 -0.042909 0.000000 426.708870 0.042909 0.999079 0.000000 47.874442 0.000000 0.000000 1.000000 0.000000
0.998949 -0.045837 0.000000 427.843461 0.045837 0.998949 0.000000 47.929940 0.000000 0.000000 1.000000 0.000000
