0.999993 -0.003777 0.000000 0.922330 0.003777 0.999993 0.000000 -0.004294 0.000000 0.000000 1.000000 0.000000
0.999986 -0.005297 0.000000 1.885639 0.005297 0.999986 0.000000 -0.011780 0.000000 0.000000 1.000000 0.000000
0.999983 -0.005908 0.000000 2.803647 0.005908 0.999983 0.000000 -0.009249 0.000000 0.000000 1.000000 0.000000
0.999978 -0.006625 0.000000 3.764423 0.006625 0.999978 0.000000 -0.028055 0.000000 0.000000 1.000000 0.000000
0.999992 -0.003941 0.000000 4.674946 0.003941 0.999992 0.000000 -0.035287 0.000000 0.000000 1.000000 0.000000
0.999987 -0.005144 0.000000 5.636271 0.005144 0.999987 0.000000 -0.033849 0.000000 0.000000 1.000000 0.000000
0.999979 -0.006501 0.000000 6.543130 0.006501 0.999979 0.000000 -0.040749 0.000000 0.000000 1.000000 0.000000
0.999963 -0.008619 0.000000 7.499115 0.008619 0.999963 0.000000 -0.042378 0.000000 0.000000 1.000000 0.000000
0.999932 -0.011666 0.000000 8.423749 0.011666 0.999932 0.000000 -0.045502 0.000000 0.000000 1.000000 0.000000
0.999902 -0.013999 0.000000 9.385916 0.013999 0.999902 0.000000 -0.049301 0.000000 0.000000 1.000000 0.000000
0.999864 -0.016498 0.000000 10.277286 0.016498 0.999864 0.000000 -0.052742 0.000000 0.000000 1.000000 0.000000
0.999755 -0.022155 0.000000 11.248277 0.022155 0.999755 0.000000 -0.038565 0.000000 0.000000 1.000000 0.000000
0.999633 -0.027101 0.000000 12.141485 0.027101 0.999633 0.000000 -0.038709 0.000000 0.000000 1.000000 0.000000
0.999525 -0.030828 0.000000 13.057312 0.030828 0.999525 0.000000 -0.029937 0.000000 0.000000 1.000000 0.000000
0.999448 -0.033225 0.000000 14.025661 0.033225 0.999448 0.000000 -0.017086 0.000000 0.000000 1.000000 0.000000
0.999438 -0.033528 0.000000 14.932237 0.033528 0.999438 0.000000 0.007370 0.000000 0.000000 1.000000 0.000000
0.999495 -0.031783 0.000000 15.898271 0.031783 0.999495 0.000000 0.017339 0.000000 0.000000 1.000000 0.000000
0.999519 -0.031015 0.000000 16.875958 0.031015 0.999519 0.000000 0.020263 0.000000 0.000000 1.000000 0.000000
0.999288 -0.037731 0.000000 18.547920 0.037731 0.999288 0.000000 0.048749 0.000000 0.000000 1.000000 0.000000
0.999267 -0.038274 0.000000 19.528868 0.038274 0.999267 0.000000 0.067533 0.000000 0.000000 1.000000 0.000000
0.998921 -0.046447 0.000000 20.507372 0.046447 0.998921 0.000000 0.083867 0.000000 0.000000 1.000000 0.000000
0.998775 -0.049475 0.000000 21.498226 0.049475 0.998775 0.000000 0.111218 0.000000 0.000000 1.000000 0.000000
0.998576 -0.053339 0.000000 22.489357 0.053339 0.998576 0.000000 0.150527 0.000000 0.000000 1.000000 0.000000
0.998118 -0.061329 0.000000 23.480703 0.061329 0.998118 0.000000 0.181245 0.000000 0.000000 1.000000 0.000000
0.998016 -0.062959 0.000000 24.412532 0.062959 0.998016 0.000000 0.210647 0.000000 0.000000 1.000000 0.000000
0.996984 -0.077614 0.000000 25.416583 0.077614 0.996984 0.000000 0.289639 0.000000 0.000000 1.000000 0.000000
0.997034 -0.076959 0.000000 26.350422 0.076959 0.997034 0.000000 0.319590 0.000000 0.000000 1.000000 0.000000
0.996957 -0.077952 0.000000 27.291552 0.077952 0.996957 0.000000 0.371430 0.000000 0.000000 1.000000 0.000000
0.996601 -0.082384 0.000000 29.303965 0.082384 0.996601 0.000000 0.488938 0.000000 0.000000 1.000000 0.000000
0.996720 -0.080925 0.000000 30.261849 0.080925 0.996720 0.000000 0.546546 0.000000 0.000000 1.000000 0.000000
0.996677 -0.081449 0.000000 31.225385 0.081449 0.996677 0.000000 0.624454 0.000000 0.000000 1.000000 0.000000
0.996454 -0.084135 0.000000 33.215600 0.084135 0.996454 0.000000 0.769699 0.000000 0.000000 1.000000 0.000000
0.996371 -0.085122 0.000000 34.260529 0.085122 0.996371 0.000000 0.851067 0.000000 0.000000 1.000000 0.000000
0.996393 -0.084854 0.000000 35.301694 0.084854 0.996393 0.000000 0.915514 0.000000 0.000000 1.000000 0.000000
0.996221 -0.086851 0.000000 36.277410 0.086851 0.996221 0.000000 0.994746 0.000000 0.000000 1.000000 0.000000
0.996252 -0.086502 0.000000 37.333988 0.086502 0.996252 0.000000 1.062733 0.000000 0.000000 1.000000 0.000000
0.996155 -0.087604 0.000000 38.731099 0.087604 0.996155 0.000000 1.166469 0.000000 0.000000 1.000000 0.000000
0.995570 -0.094024 0.000000 39.777859 0.094024 0.995570 0.000000 1.272536 0.000000 0.000000 1.000000 0.000000
0.995387 -0.095945 0.000000 40.768878 0.095945 0.995387 0.000000 1.353102 0.000000 0.000000 1.000000 0.000000
0.995109 -0.098785 0.000000 41.825839 0.098785 0.995109 0.000000 1.446097 0.000000 0.000000 1.000000 0.000000
0.994729 -0.102542 0.000000 42.820885 0.102542 0.994729 0.000000 1.522525 0.000000 0.000000 1.000000 0.000000
0.994400 -0.105682 0.000000 43.887828 0.105682 0.994400 0.000000 1.618533 0.000000 0.000000 1.000000 0.000000
0.994150 -0.108008 0.000000 44.959387 0.108008 0.994150 0.000000 1.712974 0.000000 0.000000 1.000000 0.000000
0.993942 -0.109901 0.000000 45.967401 0.109901 0.993942 0.000000 1.809601 0.000000 0.000000 1.000000 0.000000
0.993643 -0.112578 0.000000 47.055852 0.112578 0.993643 0.000000 1.919330 0.000000 0.000000 1.000000 0.000000
0.993167 -0.116705 0.000000 48.061424 0.116705 0.993167 0.000000 2.016785 0.000000 0.000000 1.000000 0.000000
0.992275 -0.124058 0.000000 49.139135 0.124058 0.992275 0.000000 2.114859 0.000000 0.000000 1.000000 0.000000
0.992009 -0.126164 0.000000 50.154140 0.126164 0.992009 0.000000 2.228504 0.000000 0.000000 1.000000 0.000000
0.991717 -0.128444 0.000000 51.151010 0.128444 0.991717 0.000000 2.342639 0.000000 0.000000 1.000000 0.000000
0.991324 -0.131439 0.000000 52.227211 0.131439 0.991324 0.000000 2.465804 0.000000 0.000000 1.000000 0.000000
0.991110 -0.133047 0.000000 53.234552 0.133047 0.991110 0.000000 2.592263 0.000000 0.000000 1.000000 0.000000
0.990305 -0.138909 0.000000 54.317877 0.138909 0.990305 0.000000 2.741770 0.000000 0.000000 1.000000 0.000000
0.989757 -0.142764 0.000000 55.779584 0.142764 0.989757 0.000000 2.947026 0.000000 0.000000 1.000000 0.000000
0.989633 -0.143618 0.000000 56.848362 0.143618 0.989633 0.000000 3.087334 0.000000 0.000000 1.000000 0.000000
0.990174 -0.139839 0.000000 58.272070 0.139839 0.990174 0.000000 3.258911 0.000000 0.000000 1.000000 0.000000
0.989703 -0.143133 0.000000 59.346736 0.143133 0.989703 0.000000 3.408858 0.000000 0.000000 1.000000 0.000000
0.988906 -0.148542 0.000000 60.500807 0.148542 0.988906 0.000000 3.555834 0.000000 0.000000 1.000000 0.000000
0.988859 -0.148858 0.000000 61.575203 0.148858 0.988859 0.000000 3.706325 0.000000 0.000000 1.000000 0.000000
0.989092 -0.147302 0.000000 62.655037 0.147302 0.989092 0.000000 3.845795 0.000000 0.000000 1.000000 0.000000
0.988941 -0.148310 0.000000 63.730215 0.148310 0.988941 0.000000 3.987179 0.000000 0.000000 1.000000 0.000000
0.988694 -0.149944 0.000000 64.753663 0.149944 0.988694 0.000000 4.122283 0.000000 0.000000 1.000000 0.000000
0.988440 -0.151616 0.000000 65.830853 0.151616 0.988440 0.000000 4.259628 0.000000 0.000000 1.000000 0.000000
0.987815 -0.155631 0.000000 66.899558 0.155631 0.987815 0.000000 4.390701 0.000000 0.000000 1.000000 0.000000
0.987048 -0.160423 0.000000 67.901200 0.160423 0.987048 0.000000 4.528889 0.000000 0.000000 1.000000 0.000000
0.986633 -0.162957 0.000000 68.965854 0.162957 0.986633 0.000000 4.696027 0.000000 0.000000 1.000000 0.000000
0.986434 -0.164160 0.000000 69.969982 0.164160 0.986434 0.000000 4.853098 0.000000 0.000000 1.000000 0.000000
0.986176 -0.165703 0.000000 71.063008 0.165703 0.986176 0.000000 5.017506 0.000000 0.000000 1.000000 0.000000
0.985799 -0.167930 0.000000 72.069275 0.167930 0.985799 0.000000 5.174292 0.000000 0.000000 1.000000 0.000000
0.985191 -0.171463 0.000000 73.136958 0.171463 0.985191 0.000000 5.345751 0.000000 0.000000 1.000000 0.000000
0.984799 -0.173698 0.000000 74.123937 0.173698 0.984799 0.000000 5.504519 0.000000 0.000000 1.000000 0.000000
0.984526 -0.175240 0.000000 75.218500 0.175240 0.984526 0.000000 5.685864 0.000000 0.000000 1.000000 0.000000
0.984382 -0.176043 0.000000 76.215511 0.176043 0.984382 0.000000 5.826921 0.000000 0.000000 1.000000 0.000000
0.984419 -0.175836 0.000000 77.284906 0.175836 0.984419 0.000000 6.008321 0.000000 0.000000 1.000000 0.000000
0.984640 -0.174595 0.000000 78.298874 0.174595 0.984640 0.000000 6.174750 0.000000 0.000000 1.000000 0.000000
0.984574 -0.174967 0.000000 79.402649 0.174967 0.984574 0.000000 6.354383 0.000000 0.000000 1.000000 0.000000
0.984009 -0.178121 0.000000 80.410153 0.178121 0.984009 0.000000 6.518589 0.000000 0.000000 1.000000 0.000000
0.982675 -0.185337 0.000000 81.493959 0.185337 0.982675 0.000000 6.711322 0.000000 0.000000 1.000000 0.000000
0.982417 -0.186700 0.000000 82.502971 0.186700 0.982417 0.000000 6.877219 0.000000 0.000000 1.000000 0.000000
0.982489 -0.186323 0.000000 83.591289 0.186323 0.982489 0.000000 7.072129 0.000000 0.000000 1.000000 0.000000
0.982636 -0.185546 0.000000 84.684036 0.185546 0.982636 0.000000 7.263546 0.000000 0.000000 1.000000 0.000000
0.983260 -0.182207 0.000000 85.700675 0.182207 0.983260 0.000000 7.450153 0.000000 0.000000 1.000000 0.000000
0.982975 -0.183739 0.000000 86.791364 0.183739 0.982975 0.000000 7.634029 0.000000 0.000000 1.000000 0.000000
0.982165 -0.188019 0.000000 88.556597 0.188019 0.982165 0.000000 7.953205 0.000000 0.000000 1.000000 0.000000
0.980351 -0.197260 0.000000 90.283040 0.197260 0.980351 0.000000 8.279670 0.000000 0.000000 1.000000 0.000000
0.979895 -0.199516 0.000000 91.293392 0.199516 0.979895 0.000000 8.457415 0.000000 0.000000 1.000000 0.000000
0.979361 -0.202119 0.000000 92.397538 0.202119 0.979361 0.000000 8.665461 0.000000 0.000000 1.000000 0.000000
0.978488 -0.206302 0.000000 93.417973 0.206302 0.978488 0.000000 8.859150 0.000000 0.000000 1.000000 0.000000
0.977545 -0.210727 0.000000 94.496675 0.210727 0.977545 0.000000 9.050239 0.000000 0.000000 1.000000 0.000000
0.977750 -0.209772 0.000000 95.599977 0.209772 0.977750 0.000000 9.261225 0.000000 0.000000 1.000000 0.000000
0.976441 -0.215784 0.000000 96.671894 0.215784 0.976441 0.000000 9.476237 0.000000 0.000000 1.000000 0.000000
0.975640 -0.219377 0.000000 97.681006 0.219377 0.975640 0.000000 9.684471 0.000000 0.000000 1.000000 0.000000
0.974069 -0.226251 0.000000 99.137054 0.226251 0.974069 0.000000 9.994572 0.000000 0.000000 1.000000 0.000000
0.972882 -0.231301 0.000000 100.148544 0.231301 0.972882 0.000000 10.206935 0.000000 0.000000 1.000000 0.000000
0.970901 -0.239481 0.000000 101.226416 0.239481 0.970901 0.000000 10.461548 0.000000 0.000000 1.000000 0.000000
0.969432 -0.245359 0.000000 102.307487 0.245359 0.969432 0.000000 10.700890 0.000000 0.000000 1.000000 0.000000
0.968594 -0.248648 0.000000 103.314468 0.248648 0.968594 0.000000 10.941887 0.000000 0.000000 1.000000 0.000000
0.966893 -0.255182 0.000000 104.387269 0.255182 0.966893 0.000000 11.204881 0.000000 0.000000 1.000000 0.000000
0.964808 -0.262956 0.000000 106.011426 0.262956 0.964808 0.000000 11.626000 0.000000 0.000000 1.000000 0.000000
0.962839 -0.270077 0.000000 107.080598 0.270077 0.962839 0.000000 11.903245 0.000000 0.000000 1.000000 0.000000
0.961888 -0.273443 0.000000 108.094711 0.273443 0.961888 0.000000 12.163886 0.000000 0.000000 1.000000 0.000000
0.961549 -0.274634 0.000000 109.152238 0.274634 0.961549 0.000000 12.452720 0.000000 0.000000 1.000000 0.000000
0.960035 -0.279879 0.000000 110.159979 0.279879 0.960035 0.000000 12.733742 0.000000 0.000000 1.000000 0.000000
0.958416 -0.285373 0.000000 111.166042 0.285373 0.958416 0.000000 13.007230 0.000000 0.000000 1.000000 0.000000
0.956314 -0.292343 0.000000 112.226697 0.292343 0.956314 0.000000 13.308105 0.000000 0.000000 1.000000 0.000000
0.953672 -0.300848 0.000000 113.214619 0.300848 0.953672 0.000000 13.591897 0.000000 0.000000 1.000000 0.000000
0.951825 -0.306642 0.000000 114.269964 0.306642 0.951825 0.000000 13.887996 0.000000 0.000000 1.000000 0.000000
0.950412 -0.310993 0.000000 115.266661 0.310993 0.950412 0.000000 14.182749 0.000000 0.000000 1.000000 0.000000
0.949172 -0.314759 0.000000 116.316342 0.314759 0.949172 0.000000 14.505889 0.000000 0.000000 1.000000 0.000000
0.948004 -0.318259 0.000000 117.311736 0.318259 0.948004 0.000000 14.815212 0.000000 0.000000 1.000000 0.000000
0.947317 -0.320299 0.000000 118.351518 0.320299 0.947317 0.000000 15.133686 0.000000 0.000000 1.000000 0.000000
0.946278 -0.323356 0.000000 119.327283 0.323356 0.946278 0.000000 15.454285 0.000000 0.000000 1.000000 0.000000
0.944444 -0.328674 0.000000 120.294341 0.328674 0.944444 0.000000 15.776816 0.000000 0.000000 1.000000 0.000000
0.950557 -0.310549 0.000000 121.344757 0.310549 0.950557 0.000000 16.107989 0.000000 0.000000 1.000000 0.000000
0.949102 -0.314969 0.000000 122.328485 0.314969 0.949102 0.000000 16.412693 0.000000 0.000000 1.000000 0.000000
0.949680 -0.313221 0.000000 123.384872 0.313221 0.949680 0.000000 16.731440 0.000000 0.000000 1.000000 0.000000
0.948333 -0.317278 0.000000 124.372244 0.317278 0.948333 0.000000 17.049290 0.000000 0.000000 1.000000 0.000000
0.946823 -0.321754 0.000000 125.411935 0.321754 0.946823 0.000000 17.400805 0.000000 0.000000 1.000000 0.000000
0.945182 -0.326545 0.000000 126.399236 0.326545 0.945182 0.000000 17.723877 0.000000 0.000000 1.000000 0.000000
0.939574 -0.342346 0.000000 127.427372 0.342346 0.939574 0.000000 18.075966 0.000000 0.000000 1.000000 0.000000
0.938085 -0.346405 0.000000 128.679036 0.346405 0.938085 0.000000 18.512185 0.000000 0.000000 1.000000 0.000000
0.937104 -0.349050 0.000000 129.728411 0.349050 0.937104 0.000000 18.897346 0.000000 0.000000 1.000000 0.000000
0.936100 -0.351734 0.000000 130.704863 0.351734 0.936100 0.000000 19.231056 0.000000 0.000000 1.000000 0.000000
0.934013 -0.357238 0.000000 131.739054 0.357238 0.934013 0.000000 19.596014 0.000000 0.000000 1.000000 0.000000
0.931392 -0.364017 0.000000 132.774410 0.364017 0.931392 0.000000 19.975004 0.000000 0.000000 1.000000 0.000000
0.928765 -0.370670 0.000000 133.805452 0.370670 0.928765 0.000000 20.366787 0.000000 0.000000 1.000000 0.000000
0.927373 -0.374139 0.000000 135.282144 0.374139 0.927373 0.000000 20.950403 0.000000 0.000000 1.000000 0.000000
0.925633 -0.378422 0.000000 137.270147 0.378422 0.925633 0.000000 21.707098 0.000000 0.000000 1.000000 0.000000
0.925161 -0.379576 0.000000 138.299172 0.379576 0.925161 0.000000 22.107773 0.000000 0.000000 1.000000 0.000000
0.923823 -0.382820 0.000000 139.331570 0.382820 0.923823 0.000000 22.522859 0.000000 0.000000 1.000000 0.000000
0.923006 -0.384786 0.000000 140.351382 0.384786 0.923006 0.000000 22.939037 0.000000 0.000000 1.000000 0.000000
0.921196 -0.389099 0.000000 141.317700 0.389099 0.921196 0.000000 23.328579 0.000000 0.000000 1.000000 0.000000
0.919566 -0.392935 0.000000 142.331647 0.392935 0.919566 0.000000 23.740337 0.000000 0.000000 1.000000 0.000000
0.920503 -0.390735 0.000000 143.358807 0.390735 0.920503 0.000000 24.148985 0.000000 0.000000 1.000000 0.000000
0.919160 -0.393885 0.000000 144.310279 0.393885 0.919160 0.000000 24.537606 0.000000 0.000000 1.000000 0.000000
0.917932 -0.396738 0.000000 145.326848 0.396738 0.917932 0.000000 24.956213 0.000000 0.000000 1.000000 0.000000
0.915945 -0.401304 0.000000 146.274301 0.401304 0.915945 0.000000 25.358563 0.000000 0.000000 1.000000 0.000000
0.914299 -0.405041 0.000000 147.292901 0.405041 0.914299 0.000000 25.787082 0.000000 0.000000 1.000000 0.000000
0.915612 -0.402064 0.000000 148.311671 0.402064 0.915612 0.000000 26.214908 0.000000 0.000000 1.000000 0.000000
0.912913 -0.408155 0.000000 149.331789 0.408155 0.912913 0.000000 26.642863 0.000000 0.000000 1.000000 0.000000
0.912255 -0.409623 0.000000 150.282757 0.409623 0.912255 0.000000 27.053654 0.000000 0.000000 1.000000 0.000000
0.909299 -0.416144 0.000000 151.764622 0.416144 0.909299 0.000000 27.712276 0.000000 0.000000 1.000000 0.000000
0.908158 -0.418627 0.000000 152.718893 0.418627 0.908158 0.000000 28.125534 0.000000 0.000000 1.000000 0.000000
0.907833 -0.419331 0.000000 153.724015 0.419331 0.907833 0.000000 28.580619 0.000000 0.000000 1.000000 0.000000
0.903534 -0.428516 0.000000 154.673348 0.428516 0.903534 0.000000 29.009104 0.000000 0.000000 1.000000 0.000000
0.902446 -0.430802 0.000000 155.663437 0.430802 0.902446 0.000000 29.481148 0.000000 0.000000 1.000000 0.000000
0.902756 -0.430154 0.000000 156.616105 0.430154 0.902756 0.000000 29.918711 0.000000 0.000000 1.000000 0.000000
0.901747 -0.432264 0.000000 157.631404 0.432264 0.901747 0.000000 30.381612 0.000000 0.000000 1.000000 0.000000
0.899561 -0.436794 0.000000 158.591110 0.436794 0.899561 0.000000 30.819957 0.000000 0.000000 1.000000 0.000000
0.899405 -0.437116 0.000000 159.564646 0.437116 0.899405 0.000000 31.255090 0.000000 0.000000 1.000000 0.000000
0.894616 -0.446836 0.000000 161.066986 0.446836 0.894616 0.000000 31.975983 0.000000 0.000000 1.000000 0.000000
0.892267 -0.451507 0.000000 162.019797 0.451507 0.892267 0.000000 32.444068 0.000000 0.000000 1.000000 0.000000
0.890532 -0.454921 0.000000 163.029619 0.454921 0.890532 0.000000 32.943735 0.000000 0.000000 1.000000 0.000000
0.887551 -0.460709 0.000000 163.987408 0.460709 0.887551 0.000000 33.428489 0.000000 0.000000 1.000000 0.000000
0.887773 -0.460282 0.000000 165.020420 0.460282 0.887773 0.000000 33.926534 0.000000 0.000000 1.000000 0.000000
0.885984 -0.463716 0.000000 165.991632 0.463716 0.885984 0.000000 34.405241 0.000000 0.000000 1.000000 0.000000
0.883374 -0.468668 0.000000 167.023564 0.468668 0.883374 0.000000 34.920137 0.000000 0.000000 1.000000 0.000000
0.882091 -0.471079 0.000000 168.041623 0.471079 0.882091 0.000000 35.434083 0.000000 0.000000 1.000000 0.000000
0.881729 -0.471756 0.000000 169.010661 0.471756 0.881729 0.000000 35.927011 0.000000 0.000000 1.000000 0.000000
0.880443 -0.474153 0.000000 170.043122 0.474153 0.880443 0.000000 36.451947 0.000000 0.000000 1.000000 0.000000
0.878060 -0.478551 0.000000 171.019181 0.478551 0.878060 0.000000 36.959800 0.000000 0.000000 1.000000 0.000000
0.876871 -0.480726 0.000000 172.039087 0.480726 0.876871 0.000000 37.509186 0.000000 0.000000 1.000000 0.000000
0.875400 -0.483400 0.000000 173.005656 0.483400 0.875400 0.000000 38.031382 0.000000 0.000000 1.000000 0.000000
0.875656 -0.482935 0.000000 174.040279 0.482935 0.875656 0.000000 38.575190 0.000000 0.000000 1.000000 0.000000
0.873912 -0.486083 0.000000 175.370786 0.486083 0.873912 0.000000 39.294141 0.000000 0.000000 1.000000 0.000000
0.872363 -0.488859 0.000000 176.363814 0.488859 0.872363 0.000000 39.820779 0.000000 0.000000 1.000000 0.000000
0.874836 -0.484419 0.000000 177.411783 0.484419 0.874836 0.000000 40.383558 0.000000 0.000000 1.000000 0.000000
0.871133 -0.491048 0.000000 178.446510 0.491048 0.871133 0.000000 40.963819 0.000000 0.000000 1.000000 0.000000
0.868277 -0.496080 0.000000 179.419917 0.496080 0.868277 0.000000 41.513533 0.000000 0.000000 1.000000 0.000000
0.866937 -0.498418 0.000000 180.479456 0.498418 0.866937 0.000000 42.095775 0.000000 0.000000 1.000000 0.000000
0.865426 -0.501037 0.000000 181.517841 0.501037 0.865426 0.000000 42.684350 0.000000 0.000000 1.000000 0.000000
0.864834 -0.502058 0.000000 182.576616 0.502058 0.864834 0.000000 43.265417 0.000000 0.000000 1.000000 0.000000
0.862920 -0.505340 0.000000 183.566618 0.505340 0.862920 0.000000 43.818558 0.000000 0.000000 1.000000 0.000000
0.861064 -0.508496 0.000000 184.625454 0.508496 0.861064 0.000000 44.415644 0.000000 0.000000 1.000000 0.000000
0.859838 -0.510567 0.000000 185.660530 0.510567 0.859838 0.000000 45.005368 0.000000 0.000000 1.000000 0.000000
0.859052 -0.511888 0.000000 186.657194 0.511888 0.859052 0.000000 45.576418 0.000000 0.000000 1.000000 0.000000
0.857305 -0.514809 0.000000 187.711855 0.514809 0.857305 0.000000 46.178488 0.000000 0.000000 1.000000 0.000000
0.855172 -0.518344 0.000000 188.686191 0.518344 0.855172 0.000000 46.751170 0.000000 0.000000 1.000000 0.000000
0.851323 -0.524641 0.000000 189.733026 0.524641 0.851323 0.000000 47.368996 0.000000 0.000000 1.000000 0.000000
0.851490 -0.524371 0.000000 190.771367 0.524371 0.851490 0.000000 47.990529 0.000000 0.000000 1.000000 0.000000
0.849795 -0.527113 0.000000 191.766322 0.527113 0.849795 0.000000 48.578931 0.000000 0.000000 1.000000 0.000000
0.847803 -0.530312 0.000000 192.792029 0.530312 0.847803 0.000000 49.205608 0.000000 0.000000 1.000000 0.000000
0.845083 -0.534634 0.000000 193.834682 0.534634 0.845083 0.000000 49.840933 0.000000 0.000000 1.000000 0.000000
0.845702 -0.533655 0.000000 195.237228 0.533655 0.845702 0.000000 50.680372 0.000000 0.000000 1.000000 0.000000
0.842235 -0.539111 0.000000 196.616911 0.539111 0.842235 0.000000 51.541545 0.000000 0.000000 1.000000 0.000000
0.840495 -0.541820 0.000000 197.648413 0.541820 0.840495 0.000000 52.192714 0.000000 0.000000 1.000000 0.000000
0.837735 -0.546077 0.000000 198.681130 0.546077 0.837735 0.000000 52.850164 0.000000 0.000000 1.000000 0.000000
0.838161 -0.545422 0.000000 199.728007 0.545422 0.838161 0.000000 53.488032 0.000000 0.000000 1.000000 0.000000
0.837797 -0.545981 0.000000 200.780109 0.545981 0.837797 0.000000 54.132419 0.000000 0.000000 1.000000 0.000000
0.837232 -0.546847 0.000000 202.852810 0.546847 0.837232 0.000000 55.423512 0.000000 0.000000 1.000000 0.000000
0.834934 -0.550351 0.000000 203.820182 0.550351 0.834934 0.000000 56.036195 0.000000 0.000000 1.000000 0.000000
0.833627 -0.552328 0.000000 204.860434 0.552328 0.833627 0.000000 56.685177 0.000000 0.000000 1.000000 0.000000
0.831338 -0.555767 0.000000 205.812644 0.555767 0.831338 0.000000 57.304536 0.000000 0.000000 1.000000 0.000000
0.828690 -0.559708 0.000000 207.774495 0.559708 0.828690 0.000000 58.599728 0.000000 0.000000 1.000000 0.000000
0.829778 -0.558094 0.000000 208.801118 0.558094 0.829778 0.000000 59.280220 0.000000 0.000000 1.000000 0.000000
0.829629 -0.558316 0.000000 209.767838 0.558316 0.829629 0.000000 59.900128 0.000000 0.000000 1.000000 0.000000
0.830230 -0.557421 0.000000 210.785825 0.557421 0.830230 0.000000 60.566768 0.000000 0.000000 1.000000 0.000000
0.834852 -0.550475 0.000000 212.805287 0.550475 0.834852 0.000000 61.856212 0.000000 0.000000 1.000000 0.000000
0.834937 -0.550346 0.000000 213.769228 0.550346 0.834937 0.000000 62.465882 0.000000 0.000000 1.000000 0.000000
0.833670 -0.552263 0.000000 214.800600 0.552263 0.833670 0.000000 63.134928 0.000000 0.000000 1.000000 0.000000
0.833957 -0.551830 0.000000 215.756221 0.551830 0.833957 0.000000 63.757895 0.000000 0.000000 1.000000 0.000000
0.831811 -0.555059 0.000000 216.810152 0.555059 0.831811 0.000000 64.423994 0.000000 0.000000 1.000000 0.000000
0.830688 -0.556738 0.000000 217.771934 0.556738 0.830688 0.000000 65.044882 0.000000 0.000000 1.000000 0.000000
0.830358 -0.557230 0.000000 218.798080 0.557230 0.830358 0.000000 65.723174 0.000000 0.000000 1.000000 0.000000
0.828218 -0.560406 0.000000 219.754325 0.560406 0.828218 0.000000 66.348491 0.000000 0.000000 1.000000 0.000000
0.827306 -0.561752 0.000000 220.770158 0.561752 0.827306 0.000000 67.045934 0.000000 0.000000 1.000000 0.000000
0.825785 -0.563985 0.000000 222.073570 0.563985 0.825785 0.000000 67.942165 0.000000 0.000000 1.000000 0.000000
0.826162 -0.563433 0.000000 223.038247 0.563433 0.826162 0.000000 68.577844 0.000000 0.000000 1.000000 0.000000
0.829146 -0.559032 0.000000 224.079069 0.559032 0.829146 0.000000 69.261129 0.000000 0.000000 1.000000 0.000000
0.822123 -0.569310 0.000000 225.030155 0.569310 0.822123 0.000000 69.902641 0.000000 0.000000 1.000000 0.000000
0.818338 -0.574737 0.000000 225.984908 0.574737 0.818338 0.000000 70.544857 0.000000 0.000000 1.000000 0.000000
0.818015 -0.575198 0.000000 226.995877 0.575198 0.818015 0.000000 71.222350 0.000000 0.000000 1.000000 0.000000
0.813559 -0.581483 0.000000 228.698578 0.581483 0.813559 0.000000 72.370753 0.000000 0.000000 1.000000 0.000000
0.815654 -0.578540 0.000000 229.645579 0.578540 0.815654 0.000000 73.044960 0.000000 0.000000 1.000000 0.000000
0.815968 -0.578097 0.000000 230.585919 0.578097 0.815968 0.000000 73.705451 0.000000 0.000000 1.000000 0.000000
0.812825 -0.582508 0.000000 231.601042 0.582508 0.812825 0.000000 74.391137 0.000000 0.000000 1.000000 0.000000
0.808703 -0.588217 0.000000 232.621690 0.588217 0.808703 0.000000 75.094900 0.000000 0.000000 1.000000 0.000000
0.803507 -0.595295 0.000000 235.093989 0.595295 0.803507 0.000000 76.853833 0.000000 0.000000 1.000000 0.000000
0.802696 -0.596389 0.000000 236.022553 0.596389 0.802696 0.000000 77.537493 0.000000 0.000000 1.000000 0.000000
0.800839 -0.598880 0.000000 237.027982 0.598880 0.800839 0.000000 78.254644 0.000000 0.000000 1.000000 0.000000
0.801113 -0.598513 0.000000 238.018474 0.598513 0.801113 0.000000 78.968574 0.000000 0.000000 1.000000 0.000000
0.799135 -0.601152 0.000000 239.315705 0.601152 0.799135 0.000000 79.916973 0.000000 0.000000 1.000000 0.000000
0.797301 -0.603581 0.000000 240.506336 0.603581 0.797301 0.000000 80.778595 0.000000 0.000000 1.000000 0.000000
0.798004 -0.602652 0.000000 241.666435 0.602652 0.798004 0.000000 81.620277 0.000000 0.000000 1.000000 0.000000
0.795919 -0.605403 0.000000 242.634249 0.605403 0.795919 0.000000 82.340301 0.000000 0.000000 1.000000 0.000000
0.794397 -0.607399 0.000000 243.610990 0.607399 0.794397 0.000000 83.066276 0.000000 0.000000 1.000000 0.000000
0.796499 -0.604640 0.000000 244.571844 0.604640 0.796499 0.000000 83.789809 0.000000 0.000000 1.000000 0.000000
0.798353 -0.602190 0.000000 245.541251 0.602190 0.798353 0.000000 84.526193 0.000000 0.000000 1.000000 0.000000
0.797766 -0.602968 0.000000 246.493373 0.602968 0.797766 0.000000 85.219103 0.000000 0.000000 1.000000 0.000000
0.792913 -0.609334 0.000000 247.451505 0.609334 0.792913 0.000000 85.913766 0.000000 0.000000 1.000000 0.000000
0.791100 -0.611687 0.000000 248.363987 0.611687 0.791100 0.000000 86.596970 0.000000 0.000000 1.000000 0.000000
0.791619 -0.611015 0.000000 249.308949 0.611015 0.791619 0.000000 87.318958 0.000000 0.000000 1.000000 0.000000
0.796279 -0.604929 0.000000 250.268284 0.604929 0.796279 0.000000 88.033781 0.000000 0.000000 1.000000 0.000000
0.797918 -0.602766 0.000000 251.163761 0.602766 0.797918 0.000000 88.680512 0.000000 0.000000 1.000000 0.000000
0.799728 -0.600362 0.000000 252.116371 0.600362 0.799728 0.000000 89.376309 0.000000 0.000000 1.000000 0.000000
0.799300 -0.600932 0.000000 253.055093 0.600932 0.799300 0.000000 90.084471 0.000000 0.000000 1.000000 0.000000
0.800757 -0.598989 0.000000 253.977305 0.598989 0.800757 0.000000 90.801365 0.000000 0.000000 1.000000 0.000000
0.800428 -0.599429 0.000000 254.864665 0.599429 0.800428 0.000000 91.465124 0.000000 0.000000 1.000000 0.000000
0.799997 -0.600004 0.000000 255.810821 0.600004 0.799997 0.000000 92.155089 0.000000 0.000000 1.000000 0.000000
0.797769 -0.602963 0.000000 256.692208 0.602963 0.797769 0.000000 92.801119 0.000000 0.000000 1.000000 0.000000
0.799059 -0.601253 0.000000 257.634486 0.601253 0.799059 0.000000 93.501488 0.000000 0.000000 1.000000 0.000000
0.800249 -0.599668 0.000000 258.576426 0.599668 0.800249 0.000000 94.193216 0.000000 0.000000 1.000000 0.000000
0.799490 -0.600680 0.000000 259.455743 0.600680 0.799490 0.000000 94.845281 0.000000 0.000000 1.000000 0.000000
0.798522 -0.601965 0.000000 260.394914 0.601965 0.798522 0.000000 95.547858 0.000000 0.000000 1.000000 0.000000
0.793079 -0.609119 0.000000 262.274241 0.609119 0.793079 0.000000 96.926023 0.000000 0.000000 1.000000 0.000000
0.772200 -0.635380 0.000000 268.256815 0.635380 0.772200 0.000000 101.607922 0.000000 0.000000 1.000000 0.000000
0.775812 -0.630964 0.000000 269.180823 0.630964 0.775812 0.000000 102.330163 0.000000 0.000000 1.000000 0.000000
0.778993 -0.627033 0.000000 270.109103 0.627033 0.778993 0.000000 103.043657 0.000000 0.000000 1.000000 0.000000
0.778946 -0.627091 0.000000 271.037068 0.627091 0.778946 0.000000 103.771524 0.000000 0.000000 1.000000 0.000000
0.778668 -0.627436 0.000000 272.896965 0.627436 0.778668 0.000000 105.237004 0.000000 0.000000 1.000000 0.000000
0.778541 -0.627594 0.000000 273.820140 0.627594 0.778541 0.000000 105.985024 0.000000 0.000000 1.000000 0.000000
0.776303 -0.630360 0.000000 274.719901 0.630360 0.776303 0.000000 106.726317 0.000000 0.000000 1.000000 0.000000
0.779237 -0.626729 0.000000 275.581316 0.626729 0.779237 0.000000 107.432696 0.000000 0.000000 1.000000 0.000000
0.789876 -0.613267 0.000000 277.389768 0.613267 0.789876 0.000000 108.823292 0.000000 0.000000 1.000000 0.000000
0.797705 -0.603048 0.000000 278.328180 0.603048 0.797705 0.000000 109.555709 0.000000 0.000000 1.000000 0.000000
0.802508 -0.596642 0.000000 279.208225 0.596642 0.802508 0.000000 110.217712 0.000000 0.000000 1.000000 0.000000
0.800439 -0.599414 0.000000 281.057568 0.599414 0.800439 0.000000 111.563751 0.000000 0.000000 1.000000 0.000000
0.795890 -0.605441 0.000000 281.944074 0.605441 0.795890 0.000000 112.215305 0.000000 0.000000 1.000000 0.000000
0.796023 -0.605267 0.000000 282.892562 0.605267 0.796023 0.000000 112.925075 0.000000 0.000000 1.000000 0.000000
0.790425 -0.612559 0.000000 283.785692 0.612559 0.790425 0.000000 113.571176 0.000000 0.000000 1.000000 0.000000
0.789882 -0.613258 0.000000 284.740155 0.613258 0.789882 0.000000 114.274920 0.000000 0.000000 1.000000 0.000000
0.788558 -0.614960 0.000000 285.627984 0.614960 0.788558 0.000000 114.928414 0.000000 0.000000 1.000000 0.000000
0.786147 -0.618039 0.000000 286.581597 0.618039 0.786147 0.000000 115.645941 0.000000 0.000000 1.000000 0.000000
0.782658 -0.622452 0.000000 287.461388 0.622452 0.782658 0.000000 116.318544 0.000000 0.000000 1.000000 0.000000
0.785336 -0.619070 0.000000 288.421645 0.619070 0.785336 0.000000 117.035790 0.000000 0.000000 1.000000 0.000000
0.782861 -0.622197 0.000000 289.307492 0.622197 0.782861 0.000000 117.711545 0.000000 0.000000 1.000000 0.000000
0.783052 -0.621956 0.000000 290.251270 0.621956 0.783052 0.000000 118.450282 0.000000 0.000000 1.000000 0.000000
0.780524 -0.625126 0.000000 291.134230 0.625126 0.780524 0.000000 119.133571 0.000000 0.000000 1.000000 0.000000
0.780166 -0.625572 0.000000 292.281478 0.625572 0.780166 0.000000 120.018612 0.000000 0.000000 1.000000 0.000000
0.781162 -0.624328 0.000000 293.152710 0.624328 0.781162 0.000000 120.694972 0.000000 0.000000 1.000000 0.000000
0.785373 -0.619023 0.000000 294.659803 0.619023 0.785373 0.000000 121.858679 0.000000 0.000000 1.000000 0.000000
0.785879 -0.618381 0.000000 295.525191 0.618381 0.785879 0.000000 122.539606 0.000000 0.000000 1.000000 0.000000
0.785005 -0.619490 0.000000 296.520384 0.619490 0.785005 0.000000 123.328821 0.000000 0.000000 1.000000 0.000000
0.783763 -0.621060 0.000000 297.387610 0.621060 0.783763 0.000000 124.017988 0.000000 0.000000 1.000000 0.000000
0.783545 -0.621335 0.000000 298.391498 0.621335 0.783545 0.000000 124.794987 0.000000 0.000000 1.000000 0.000000
0.777588 -0.628774 0.000000 299.258954 0.628774 0.777588 0.000000 125.481079 0.000000 0.000000 1.000000 0.000000
0.777944 -0.628334 0.000000 300.192104 0.628334 0.777944 0.000000 126.214477 0.000000 0.000000 1.000000 0.000000
0.780384 -0.625301 0.000000 301.068000 0.625301 0.780384 0.000000 126.918722 0.000000 0.000000 1.000000 0.000000
0.783718 -0.621117 0.000000 302.002004 0.621117 0.783718 0.000000 127.637973 0.000000 0.000000 1.000000 0.000000
0.788114 -0.615529 0.000000 302.880698 0.615529 0.788114 0.000000 128.318576 0.000000 0.000000 1.000000 0.000000
0.790619 -0.612309 0.000000 303.812545 0.612309 0.790619 0.000000 129.043742 0.000000 0.000000 1.000000 0.000000
0.796439 -0.604719 0.000000 304.670637 0.604719 0.796439 0.000000 129.735733 0.000000 0.000000 1.000000 0.000000
0.803840 -0.594846 0.000000 305.605118 0.594846 0.803840 0.000000 130.449351 0.000000 0.000000 1.000000 0.000000
0.805778 -0.592217 0.000000 306.477607 0.592217 0.805778 0.000000 131.101033 0.000000 0.000000 1.000000 0.000000
0.805258 -0.592924 0.000000 307.358734 0.592924 0.805258 0.000000 131.742421 0.000000 0.000000 1.000000 0.000000
0.807895 -0.589326 0.000000 308.314239 0.589326 0.807895 0.000000 132.434641 0.000000 0.000000 1.000000 0.000000
0.809606 -0.586974 0.000000 309.204311 0.586974 0.809606 0.000000 133.065350 0.000000 0.000000 1.000000 0.000000
0.814760 -0.579799 0.000000 311.591348 0.579799 0.814760 0.000000 134.730564 0.000000 0.000000 1.000000 0.000000
0.816955 -0.576701 0.000000 312.540967 0.576701 0.816955 0.000000 135.389794 0.000000 0.000000 1.000000 0.000000
0.815521 -0.578727 0.000000 313.509833 0.578727 0.815521 0.000000 136.045632 0.000000 0.000000 1.000000 0.000000
0.819049 -0.573723 0.000000 314.472283 0.573723 0.819049 0.000000 136.688398 0.000000 0.000000 1.000000 0.000000
0.820418 -0.571765 0.000000 315.449985 0.571765 0.820418 0.000000 137.343364 0.000000 0.000000 1.000000 0.000000
0.820221 -0.572046 0.000000 316.415033 0.572046 0.820221 0.000000 137.983088 0.000000 0.000000 1.000000 0.000000
0.826075 -0.563561 0.000000 318.360533 0.563561 0.826075 0.000000 139.266977 0.000000 0.000000 1.000000 0.000000
0.826105 -0.563516 0.000000 319.257149 0.563516 0.826105 0.000000 139.882424 0.000000 0.000000 1.000000 0.000000
0.831502 -0.555521 0.000000 320.220826 0.555521 0.831502 0.000000 140.531959 0.000000 0.000000 1.000000 0.000000
0.831975 -0.554814 0.000000 321.123159 0.554814 0.831975 0.000000 141.131264 0.000000 0.000000 1.000000 0.000000
0.832329 -0.554282 0.000000 322.087178 0.554282 0.832329 0.000000 141.768366 0.000000 0.000000 1.000000 0.000000
0.833159 -0.553033 0.000000 323.057179 0.553033 0.833159 0.000000 142.405068 0.000000 0.000000 1.000000 0.000000
0.833900 -0.551916 0.000000 323.959981 0.551916 0.833900 0.000000 143.006773 0.000000 0.000000 1.000000 0.000000
0.835491 -0.549504 0.000000 324.918230 0.549504 0.835491 0.000000 143.652825 0.000000 0.000000 1.000000 0.000000
0.834720 -0.550674 0.000000 325.818600 0.550674 0.834720 0.000000 144.238043 0.000000 0.000000 1.000000 0.000000
0.836257 -0.548338 0.000000 326.797352 0.548338 0.836257 0.000000 144.867678 0.000000 0.000000 1.000000 0.000000
0.835548 -0.549417 0.000000 327.710409 0.549417 0.835548 0.000000 145.455136 0.000000 0.000000 1.000000 0.000000
0.832740 -0.553664 0.000000 328.682571 0.553664 0.832740 0.000000 146.073179 0.000000 0.000000 1.000000 0.000000
0.832480 -0.554056 0.000000 329.653615 0.554056 0.832480 0.000000 146.718037 0.000000 0.000000 1.000000 0.000000
0.832174 -0.554514 0.000000 330.564381 0.554514 0.832174 0.000000 147.307256 0.000000 0.000000 1.000000 0.000000
0.832198 -0.554478 0.000000 331.533061 0.554478 0.832198 0.000000 147.930304 0.000000 0.000000 1.000000 0.000000
0.832906 -0.553415 0.000000 332.423103 0.553415 0.832906 0.000000 148.511126 0.000000 0.000000 1.000000 0.000000
0.830706 -0.556711 0.000000 333.387326 0.556711 0.830706 0.000000 149.149637 0.000000 0.000000 1.000000 0.000000
0.832713 -0.553705 0.000000 334.339765 0.553705 0.832713 0.000000 149.779429 0.000000 0.000000 1.000000 0.000000
0.834832 -0.550505 0.000000 335.230424 0.550505 0.834832 0.000000 150.367220 0.000000 0.000000 1.000000 0.000000
0.837440 -0.546530 0.000000 336.695810 0.546530 0.837440 0.000000 151.316796 0.000000 0.000000 1.000000 0.000000
0.833753 -0.552137 0.000000 337.731847 0.552137 0.833753 0.000000 151.977539 0.000000 0.000000 1.000000 0.000000
0.835377 -0.549678 0.000000 338.689650 0.549678 0.835377 0.000000 152.605392 0.000000 0.000000 1.000000 0.000000
0.829831 -0.558015 0.000000 339.656837 0.558015 0.829831 0.000000 153.232371 0.000000 0.000000 1.000000 0.000000
0.825719 -0.564082 0.000000 340.635107 0.564082 0.825719 0.000000 153.854815 0.000000 0.000000 1.000000 0.000000
0.824163 -0.566353 0.000000 341.603410 0.566353 0.824163 0.000000 154.467712 0.000000 0.000000 1.000000 0.000000
0.830545 -0.556951 0.000000 342.559701 0.556951 0.830545 0.000000 155.086896 0.000000 0.000000 1.000000 0.000000
0.829864 -0.557966 0.000000 343.521824 0.557966 0.829864 0.000000 155.709147 0.000000 0.000000 1.000000 0.000000
0.832339 -0.554267 0.000000 344.478903 0.554267 0.832339 0.000000 156.324038 0.000000 0.000000 1.000000 0.000000
0.829028 -0.559208 0.000000 345.451091 0.559208 0.829028 0.000000 156.940925 0.000000 0.000000 1.000000 0.000000
0.824905 -0.565272 0.000000 346.405827 0.565272 0.824905 0.000000 157.574739 0.000000 0.000000 1.000000 0.000000
0.825488 -0.564419 0.000000 347.343255 0.564419 0.825488 0.000000 158.202654 0.000000 0.000000 1.000000 0.000000
0.823804 -0.566875 0.000000 348.286504 0.566875 0.823804 0.000000 158.838209 0.000000 0.000000 1.000000 0.000000
0.827203 -0.561903 0.000000 349.177019 0.561903 0.827203 0.000000 159.447434 0.000000 0.000000 1.000000 0.000000
0.829061 -0.559158 0.000000 350.059019 0.559158 0.829061 0.000000 160.033201 0.000000 0.000000 1.000000 0.000000
0.832563 -0.553931 0.000000 351.003517 0.553931 0.832563 0.000000 160.664488 0.000000 0.000000 1.000000 0.000000
0.837531 -0.546389 0.000000 351.890322 0.546389 0.837531 0.000000 161.265947 0.000000 0.000000 1.000000 0.000000
0.843231 -0.537551 0.000000 352.851783 0.537551 0.843231 0.000000 161.875378 0.000000 0.000000 1.000000 0.000000
0.846486 -0.532410 0.000000 353.757937 0.532410 0.846486 0.000000 162.443639 0.000000 0.000000 1.000000 0.000000
0.849299 -0.527913 0.000000 354.708941 0.527913 0.849299 0.000000 163.042250 0.000000 0.000000 1.000000 0.000000
0.851300 -0.524680 0.000000 355.610095 0.524680 0.851300 0.000000 163.603117 0.000000 0.000000 1.000000 0.000000
0.854788 -0.518977 0.000000 356.573453 0.518977 0.854788 0.000000 164.210551 0.000000 0.000000 1.000000 0.000000
0.856168 -0.516697 0.000000 357.480082 0.516697 0.856168 0.000000 164.770090 0.000000 0.000000 1.000000 0.000000
0.855400 -0.517968 0.000000 358.394208 0.517968 0.855400 0.000000 165.313263 0.000000 0.000000 1.000000 0.000000
0.858791 -0.512326 0.000000 359.345298 0.512326 0.858791 0.000000 165.909832 0.000000 0.000000 1.000000 0.000000
0.856932 -0.515430 0.000000 360.266793 0.515430 0.856932 0.000000 166.441968 0.000000 0.000000 1.000000 0.000000
0.856994 -0.515326 0.000000 361.229446 0.515326 0.856994 0.000000 167.022072 0.000000 0.000000 1.000000 0.000000
0.859427 -0.511259 0.000000 362.139884 0.511259 0.859427 0.000000 167.555895 0.000000 0.000000 1.000000 0.000000
0.861864 -0.507140 0.000000 363.123445 0.507140 0.861864 0.000000 168.137489 0.000000 0.000000 1.000000 0.000000
0.867389 -0.497631 0.000000 364.043616 0.497631 0.867389 0.000000 168.664516 0.000000 0.000000 1.000000 0.000000
0.869553 -0.493839 0.000000 365.035674 0.493839 0.869553 0.000000 169.234181 0.000000 0.000000 1.000000 0.000000
0.870772 -0.491686 0.000000 365.963463 0.491686 0.870772 0.000000 169.763975 0.000000 0.000000 1.000000 0.000000
0.871289 -0.490771 0.000000 367.216254 0.490771 0.871289 0.000000 170.470488 0.000000 0.000000 1.000000 0.000000
0.871261 -0.490821 0.000000 368.205274 0.490821 0.871261 0.000000 171.008672 0.000000 0.000000 1.000000 0.000000
0.870278 -0.492560 0.000000 369.128065 0.492560 0.870278 0.000000 171.513232 0.000000 0.000000 1.000000 0.000000
0.869409 -0.494093 0.000000 370.117774 0.494093 0.869409 0.000000 172.064911 0.000000 0.000000 1.000000 0.000000
0.872082 -0.489360 0.000000 371.049511 0.489360 0.872082 0.000000 172.566021 0.000000 0.000000 1.000000 0.000000
0.871840 -0.489790 0.000000 372.033115 0.489790 0.871840 0.000000 173.102366 0.000000 0.000000 1.000000 0.000000
0.873981 -0.485960 0.000000 373.032060 0.485960 0.873981 0.000000 173.634611 0.000000 0.000000 1.000000 0.000000
0.875349 -0.483492 0.000000 374.014340 0.483492 0.875349 0.000000 174.165854 0.000000 0.000000 1.000000 0.000000
0.875630 -0.482983 0.000000 375.490657 0.482983 0.875630 0.000000 174.933092 0.000000 0.000000 1.000000 0.000000
0.877580 -0.479429 0.000000 376.485113 0.479429 0.877580 0.000000 175.485540 0.000000 0.000000 1.000000 0.000000
0.879842 -0.475266 0.000000 377.406050 0.475266 0.879842 0.000000 175.980391 0.000000 0.000000 1.000000 0.000000
0.883123 -0.469142 0.000000 378.409616 0.469142 0.883123 0.000000 176.500315 0.000000 0.000000 1.000000 0.000000
0.883686 -0.468080 0.000000 379.346590 0.468080 0.883686 0.000000 176.973632 0.000000 0.000000 1.000000 0.000000
0.885084 -0.465430 0.000000 380.676586 0.465430 0.885084 0.000000 177.655945 0.000000 0.000000 1.000000 0.000000
