1.000000 0.000223 0.000000 0.627233 -0.000223 1.000000 0.000000 -0.017087 0.000000 0.000000 1.000000 0.000000
0.999998 -0.002036 0.000000 1.292774 0.002036 0.999998 0.000000 -0.035467 0.000000 0.000000 1.000000 0.000000
0.999998 -0.002148 0.000000 1.918236 0.002148 0.999998 0.000000 -0.062357 0.000000 0.000000 1.000000 0.000000
0.999996 -0.002703 0.000000 2.541422 0.002703 0.999996 0.000000 -0.075751 0.000000 0.000000 1.000000 0.000000
0.999996 -0.002773 0.000000 3.163709 0.002773 0.999996 0.000000 -0.089149 0.000000 0.000000 1.000000 0.000000
0.999985 -0.005436 0.000000 3.788261 0.005436 0.999985 0.000000 -0.103520 0.000000 0.000000 1.000000 0.000000
0.999972 -0.007530 0.000000 4.406205 0.007530 0.999972 0.000000 -0.116224 0.000000 0.000000 1.000000 0.000000
0.999977 -0.006720 0.000000 5.034716 0.006720 0.999977 0.000000 -0.125244 0.000000 0.000000 1.000000 0.000000
0.999967 -0.008144 0.000000 5.651946 0.008144 0.999967 0.000000 -0.144196 0.000000 0.000000 1.000000 0.000000
0.999973 -0.007314 0.000000 6.303491 0.007314 0.999973 0.000000 -0.153792 0.000000 0.000000 1.000000 0.000000
0.999964 -0.008466 0.000000 6.888410 0.008466 0.999964 0.000000 -0.166586 0.000000 0.000000 1.000000 0.000000
0.999962 -0.008722 0.000000 7.509449 0.008722 0.999962 0.000000 -0.173077 0.000000 0.000000 1.000000 0.000000
0.999967 -0.008064 0.000000 8.133647 0.008064 0.999967 0.000000 -0.188250 0.000000 0.000000 1.000000 0.000000
0.999916 -0.012928 0.000000 8.785669 0.012928 0.999916 0.000000 -0.209621 0.000000 0.000000 1.000000 0.000000
0.999895 -0.014481 0.000000 9.410546 0.014481 0.999895 0.000000 -0.214240 0.000000 0.000000 1.000000 0.000000
0.999756 -0.022078 0.000000 10.040565 0.022078 0.999756 0.000000 -0.224877 0.000000 0.000000 1.000000 0.000000
0.999743 -0.022672 0.000000 10.659568 0.022672 0.999743 0.000000 -0.229711 0.000000 0.000000 1.000000 0.000000
0.999799 -0.020029 0.000000 11.283813 0.020029 0.999799 0.000000 -0.231152 0.000000 0.000000 1.000000 0.000000
0.999740 -0.022787 0.000000 11.902132 0.022787 0.999740 0.000000 -0.235420 0.000000 0.000000 1.000000 0.000000
0.999745 -0.022572 0.000000 12.503846 0.022572 0.999745 0.000000 -0.243020 0.000000 0.000000 1.000000 0.000000
0.999724 -0.023506 0.000000 13.126510 0.023506 0.999724 0.000000 -0.244997 0.000000 0.000000 1.000000 0.000000
0.999728 -0.023303 0.000000 13.749050 0.023303 0.999728 0.000000 -0.246017 0.000000 0.000000 1.000000 0.000000
0.999748 -0.022436 0.000000 14.330617 0.022436 0.999748 0.000000 -0.246271 0.000000 0.000000 1.000000 0.000000
0.999684 -0.025120 0.000000 14.957989 0.025120 0.999684 0.000000 -0.252687 0.000000 0.000000 1.000000 0.000000
0.999621 -0.027519 0.000000 15.568192 0.027519 0.999621 0.000000 -0.254049 0.000000 0.000000 1.000000 0.000000
0.999563 -0.029574 0.000000 16.159424 0.029574 0.999563 0.000000 -0.256492 0.000000 0.000000 1.000000 0.000000
0.999543 -0.030243 0.000000 16.779948 0.030243 0.999543 0.000000 -0.262759 0.000000 0.000000 1.000000 0.000000
0.999549 -0.030015 0.000000 17.410826 0.030015 0.999549 0.000000 -0.268199 0.000000 0.000000 1.000000 0.000000
0.999562 -0.029607 0.000000 18.032320 0.029607 0.999562 0.000000 -0.270289 0.000000 0.000000 1.000000 0.000000
0.999618 -0.027627 0.000000 18.619240 0.027627 0.999618 0.000000 -0.270112 0.000000 0.000000 1.000000 0.000000
0.999740 -0.022806 0.000000 19.247839 0.022806 0.999740 0.000000 -0.273306 0.000000 0.000000 1.000000 0.000000
0.999793 -0.020368 0.000000 19.834318 0.020368 0.999793 0.000000 -0.277462 0.000000 0.000000 1.000000 0.000000
0.999826 -0.018655 0.000000 20.454779 0.018655 0.999826 0.000000 -0.278801 0.000000 0.000000 1.000000 0.000000
0.999815 -0.019259 0.000000 21.092937 0.019259 0.999815 0.000000 -0.284295 0.000000 0.000000 1.000000 0.000000
0.999811 -0.019459 0.000000 21.912300 0.019459 0.999811 0.000000 -0.292546 0.000000 0.000000 1.000000 0.000000
0.999859 -0.016806 0.000000 22.546799 0.016806 0.999859 0.000000 -0.290530 0.000000 0.000000 1.000000 0.000000
0.999887 -0.015007 0.000000 23.182840 0.015007 0.999887 0.000000 -0.289014 0.000000 0.000000 1.000000 0.000000
0.999915 -0.013017 0.000000 23.814585 0.013017 0.999915 0.000000 -0.292331 0.000000 0.000000 1.000000 0.000000
0.999947 -0.010304 0.000000 24.444654 0.010304 0.999947 0.000000 -0.299438 0.000000 0.000000 1.000000 0.000000
0.999940 -0.010941 0.000000 25.087023 0.010941 0.999940 0.000000 -0.310325 0.000000 0.000000 1.000000 0.000000
0.999977 -0.006783 0.000000 25.717313 0.006783 0.999977 0.000000 -0.313506 0.000000 0.000000 1.000000 0.000000
0.999991 -0.004325 0.000000 26.359069 0.004325 0.999991 0.000000 -0.323971 0.000000 0.000000 1.000000 0.000000
1.000000 0.000152 0.000000 26.994866 -0.000152 1.000000 0.000000 -0.334876 0.000000 0.000000 1.000000 0.000000
1.000000 -0.000334 0.000000 27.632111 0.000334 1.000000 0.000000 -0.356603 0.000000 0.000000 1.000000 0.000000
0.999991 0.004333 0.000000 28.268836 -0.004333 0.999991 0.000000 -0.364025 0.000000 0.000000 1.000000 0.000000
0.999994 0.003593 0.000000 28.905900 -0.003593 0.999994 0.000000 -0.384965 0.000000 0.000000 1.000000 0.000000
0.999983 0.005766 0.000000 29.544754 -0.005766 0.999983 0.000000 -0.405219 0.000000 0.000000 1.000000 0.000000
0.999971 0.007676 0.000000 30.174287 -0.007676 0.999971 0.000000 -0.421448 0.000000 0.000000 1.000000 0.000000
0.999974 0.007229 0.000000 30.767072 -0.007229 0.999974 0.000000 -0.446380 0.000000 0.000000 1.000000 0.000000
0.999957 0.009288 0.000000 31.411965 -0.009288 0.999957 0.000000 -0.471356 0.000000 0.000000 1.000000 0.000000
0.999905 0.013800 0.000000 32.041224 -0.013800 0.999905 0.000000 -0.490443 0.000000 0.000000 1.000000 0.000000
0.999900 0.014144 0.000000 32.686265 -0.014144 0.999900 0.000000 -0.516635 0.000000 0.000000 1.000000 0.000000
0.999905 0.013791 0.000000 33.322975 -0.013791 0.999905 0.000000 -0.548001 0.000000 0.000000 1.000000 0.000000
0.999888 0.014964 0.000000 33.954297 -0.014964 0.999888 0.000000 -0.572953 0.000000 0.000000 1.000000 0.000000
0.999874 0.015863 0.000000 34.595949 -0.015863 0.999874 0.000000 -0.601398 0.000000 0.000000 1.000000 0.000000
0.999878 0.015634 0.000000 35.237129 -0.015634 0.999878 0.000000 -0.624872 0.000000 0.000000 1.000000 0.000000
0.999866 0.016378 0.000000 35.881591 -0.016378 0.999866 0.000000 -0.644185 0.000000 0.000000 1.000000 0.000000
0.999816 0.019172 0.000000 36.522537 -0.019172 0.999816 0.000000 -0.667293 0.000000 0.000000 1.000000 0.000000
0.999797 0.020137 0.000000 37.175145 -0.020137 0.999797 0.000000 -0.697026 0.000000 0.000000 1.000000 0.000000
0.999818 0.019052 0.000000 37.782837 -0.019052 0.999818 0.000000 -0.732445 0.000000 0.000000 1.000000 0.000000
0.999788 0.020576 0.000000 38.430067 -0.020576 0.999788 0.000000 -0.758090 0.000000 0.000000 1.000000 0.000000
0.999850 0.017328 0.000000 39.081067 -0.017328 0.999850 0.000000 -0.788727 0.000000 0.000000 1.000000 0.000000
0.999791 0.020431 0.000000 39.742290 -0.020431 0.999791 0.000000 -0.814455 0.000000 0.000000 1.000000 0.000000
0.999858 0.016826 0.000000 40.401292 -0.016826 0.999858 0.000000 -0.842030 0.000000 0.000000 1.000000 0.000000
0.999894 0.014564 0.000000 41.052017 -0.014564 0.999894 0.000000 -0.871002 0.000000 0.000000 1.000000 0.000000
0.999890 0.014856 0.000000 41.675861 -0.014856 0.999890 0.000000 -0.893418 0.000000 0.000000 1.000000 0.000000
0.999873 0.015959 0.000000 42.334263 -0.015959 0.999873 0.000000 -0.914777 0.000000 0.000000 1.000000 0.000000
0.999821 0.018934 0.000000 42.994612 -0.018934 0.999821 0.000000 -0.937696 0.000000 0.000000 1.000000 0.000000
0.999791 0.020456 0.000000 43.657422 -0.020456 0.999791 0.000000 -0.967183 0.000000 0.000000 1.000000 0.000000
0.999763 0.021772 0.000000 44.322230 -0.021772 0.999763 0.000000 -0.992754 0.000000 0.000000 1.000000 0.000000
0.999855 0.017049 0.000000 44.984050 -0.017049 0.999855 0.000000 -1.014782 0.000000 0.000000 1.000000 0.000000
0.999782 0.020884 0.000000 46.013336 -0.020884 0.999782 0.000000 -1.067398 0.000000 0.000000 1.000000 0.000000
0.999800 0.020006 0.000000 46.701283 -0.020006 0.999800 0.000000 -1.100707 0.000000 0.000000 1.000000 0.000000
0.999813 0.019357 0.000000 47.333378 -0.019357 0.999813 0.000000 -1.129626 0.000000 0.000000 1.000000 0.000000
0.999815 0.019259 0.000000 47.994354 -0.019259 0.999815 0.000000 -1.160534 0.000000 0.000000 1.000000 0.000000
0.999802 0.019889 0.000000 48.654593 -0.019889 0.999802 0.000000 -1.191667 0.000000 0.000000 1.000000 0.000000
0.999785 0.020718 0.000000 49.307852 -0.020718 0.999785 0.000000 -1.223055 0.000000 0.000000 1.000000 0.000000
0.999829 0.018495 0.000000 49.964714 -0.018495 0.999829 0.000000 -1.251555 0.000000 0.000000 1.000000 0.000000
0.999827 0.018625 0.000000 50.615476 -0.018625 0.999827 0.000000 -1.284557 0.000000 0.000000 1.000000 0.000000
0.999851 0.017238 0.000000 51.955800 -0.017238 0.999851 0.000000 -1.333148 0.000000 0.000000 1.000000 0.000000
0.999875 0.015788 0.000000 52.606825 -0.015788 0.999875 0.000000 -1.360047 0.000000 0.000000 1.000000 0.000000
0.999933 0.011606 0.000000 53.243573 -0.011606 0.999933 0.000000 -1.379853 0.000000 0.000000 1.000000 0.000000
0.999944 0.010552 0.000000 53.884721 -0.010552 0.999944 0.000000 -1.407343 0.000000 0.000000 1.000000 0.000000
0.999935 0.011373 0.000000 54.523225 -0.011373 0.999935 0.000000 -1.437280 0.000000 0.000000 1.000000 0.000000
0.999924 0.012359 0.000000 55.197234 -0.012359 0.999924 0.000000 -1.471357 0.000000 0.000000 1.000000 0.000000
0.999943 0.010652 0.000000 55.833445 -0.010652 0.999943 0.000000 -1.500146 0.000000 0.000000 1.000000 0.000000
0.999929 0.011883 0.000000 56.439853 -0.011883 0.999929 0.000000 -1.522051 0.000000 0.000000 1.000000 0.000000
0.999917 0.012849 0.000000 57.073928 -0.012849 0.999917 0.000000 -1.546164 0.000000 0.000000 1.000000 0.000000
0.999910 0.013388 0.000000 57.663797 -0.013388 0.999910 0.000000 -1.572313 0.000000 0.000000 1.000000 0.000000
0.999896 0.014432 0.000000 58.295105 -0.014432 0.999896 0.000000 -1.605010 0.000000 0.000000 1.000000 0.000000
0.999891 0.014752 0.000000 58.921553 -0.014752 0.999891 0.000000 -1.634612 0.000000 0.000000 1.000000 0.000000
0.999897 0.014374 0.000000 59.505726 -0.014374 0.999897 0.000000 -1.665564 0.000000 0.000000 1.000000 0.000000
0.999895 0.014479 0.000000 60.132003 -0.014479 0.999895 0.000000 -1.696650 0.000000 0.000000 1.000000 0.000000
0.999915 0.013006 0.000000 60.750781 -0.013006 0.999915 0.000000 -1.732105 0.000000 0.000000 1.000000 0.000000
0.999908 0.013576 0.000000 61.328836 -0.013576 0.999908 0.000000 -1.760796 0.000000 0.000000 1.000000 0.000000
0.999919 0.012692 0.000000 61.949020 -0.012692 0.999919 0.000000 -1.793610 0.000000 0.000000 1.000000 0.000000
0.999911 0.013327 0.000000 62.524429 -0.013327 0.999911 0.000000 -1.815413 0.000000 0.000000 1.000000 0.000000
0.999849 0.017378 0.000000 63.140782 -0.017378 0.999849 0.000000 -1.837086 0.000000 0.000000 1.000000 0.000000
0.999840 0.017900 0.000000 63.751569 -0.017900 0.999840 0.000000 -1.864182 0.000000 0.000000 1.000000 0.000000
0.999822 0.018877 0.000000 64.597935 -0.018877 0.999822 0.000000 -1.904734 0.000000 0.000000 1.000000 0.000000
0.999802 0.019901 0.000000 65.202725 -0.019901 0.999802 0.000000 -1.936273 0.000000 0.000000 1.000000 0.000000
0.999757 0.022052 0.000000 65.806666 -0.022052 0.999757 0.000000 -1.969921 0.000000 0.000000 1.000000 0.000000
0.999835 0.018151 0.000000 66.407590 -0.018151 0.999835 0.000000 -1.996687 0.000000 0.000000 1.000000 0.000000
0.999818 0.019089 0.000000 67.008908 -0.019089 0.999818 0.000000 -2.024100 0.000000 0.000000 1.000000 0.000000
0.999879 0.015545 0.000000 67.606628 -0.015545 0.999879 0.000000 -2.047616 0.000000 0.000000 1.000000 0.000000
0.999899 0.014184 0.000000 68.242654 -0.014184 0.999899 0.000000 -2.077745 0.000000 0.000000 1.000000 0.000000
0.999897 0.014370 0.000000 68.839332 -0.014370 0.999897 0.000000 -2.099889 0.000000 0.000000 1.000000 0.000000
0.999910 0.013384 0.000000 69.431585 -0.013384 0.999910 0.000000 -2.127582 0.000000 0.000000 1.000000 0.000000
0.999856 0.016977 0.000000 70.613012 -0.016977 0.999856 0.000000 -2.185032 0.000000 0.000000 1.000000 0.000000
0.999880 0.015493 0.000000 71.195091 -0.015493 0.999880 0.000000 -2.208717 0.000000 0.000000 1.000000 0.000000
0.999855 0.017011 0.000000 71.777330 -0.017011 0.999855 0.000000 -2.235072 0.000000 0.000000 1.000000 0.000000
0.999819 0.019015 0.000000 72.356222 -0.019015 0.999819 0.000000 -2.272270 0.000000 0.000000 1.000000 0.000000
0.999820 0.018950 0.000000 72.934951 -0.018950 0.999820 0.000000 -2.305162 0.000000 0.000000 1.000000 0.000000
0.999773 0.021297 0.000000 73.511845 -0.021297 0.999773 0.000000 -2.335612 0.000000 0.000000 1.000000 0.000000
0.999785 0.020715 0.000000 74.080733 -0.020715 0.999785 0.000000 -2.374756 0.000000 0.000000 1.000000 0.000000
0.999823 0.018828 0.000000 74.647759 -0.018828 0.999823 0.000000 -2.402251 0.000000 0.000000 1.000000 0.000000
0.999832 0.018332 0.000000 75.210707 -0.018332 0.999832 0.000000 -2.437477 0.000000 0.000000 1.000000 0.000000
0.999814 0.019311 0.000000 75.771277 -0.019311 0.999814 0.000000 -2.471535 0.000000 0.000000 1.000000 0.000000
0.999811 0.019436 0.000000 76.325939 -0.019436 0.999811 0.000000 -2.506665 0.000000 0.000000 1.000000 0.000000
0.999815 0.019211 0.000000 76.876829 -0.019211 0.999815 0.000000 -2.539234 0.000000 0.000000 1.000000 0.000000
0.999810 0.019481 0.000000 77.423410 -0.019481 0.999810 0.000000 -2.574344 0.000000 0.000000 1.000000 0.000000
0.999771 0.021395 0.000000 77.938622 -0.021395 0.999771 0.000000 -2.605981 0.000000 0.000000 1.000000 0.000000
0.999730 0.023226 0.000000 78.481755 -0.023226 0.999730 0.000000 -2.633137 0.000000 0.000000 1.000000 0.000000
0.999663 0.025965 0.000000 79.006804 -0.025965 0.999663 0.000000 -2.660982 0.000000 0.000000 1.000000 0.000000
0.999583 0.028886 0.000000 79.517079 -0.028886 0.999583 0.000000 -2.680976 0.000000 0.000000 1.000000 0.000000
0.999595 0.028450 0.000000 80.055311 -0.028450 0.999595 0.000000 -2.715909 0.000000 0.000000 1.000000 0.000000
0.999602 0.028219 0.000000 80.582389 -0.028219 0.999602 0.000000 -2.747303 0.000000 0.000000 1.000000 0.000000
0.999599 0.028311 0.000000 81.075587 -0.028311 0.999599 0.000000 -2.773123 0.000000 0.000000 1.000000 0.000000
0.999571 0.029290 0.000000 81.605175 -0.029290 0.999571 0.000000 -2.808619 0.000000 0.000000 1.000000 0.000000
0.999500 0.031618 0.000000 82.124096 -0.031618 0.999500 0.000000 -2.841652 0.000000 0.000000 1.000000 0.000000
0.999530 0.030670 0.000000 82.610954 -0.030670 0.999530 0.000000 -2.871597 0.000000 0.000000 1.000000 0.000000
0.999512 0.031225 0.000000 83.130906 -0.031225 0.999512 0.000000 -2.898641 0.000000 0.000000 1.000000 0.000000
0.999473 0.032455 0.000000 83.642434 -0.032455 0.999473 0.000000 -2.925418 0.000000 0.000000 1.000000 0.000000
0.999409 0.034382 0.000000 84.120576 -0.034382 0.999409 0.000000 -2.957664 0.000000 0.000000 1.000000 0.000000
0.999395 0.034783 0.000000 84.629814 -0.034783 0.999395 0.000000 -2.994691 0.000000 0.000000 1.000000 0.000000
0.999398 0.034701 0.000000 85.105292 -0.034701 0.999398 0.000000 -3.028274 0.000000 0.000000 1.000000 0.000000
0.999326 0.036709 0.000000 85.609135 -0.036709 0.999326 0.000000 -3.064478 0.000000 0.000000 1.000000 0.000000
0.999330 0.036608 0.000000 86.272352 -0.036608 0.999330 0.000000 -3.114159 0.000000 0.000000 1.000000 0.000000
0.999357 0.035856 0.000000 86.768914 -0.035856 0.999357 0.000000 -3.149477 0.000000 0.000000 1.000000 0.000000
0.999355 0.035905 0.000000 87.267082 -0.035905 0.999355 0.000000 -3.180129 0.000000 0.000000 1.000000 0.000000
0.999336 0.036430 0.000000 87.758372 -0.036430 0.999336 0.000000 -3.208362 0.000000 0.000000 1.000000 0.000000
0.999377 0.035305 0.000000 88.243894 -0.035305 0.999377 0.000000 -3.241271 0.000000 0.000000 1.000000 0.000000
0.999450 0.033161 0.000000 88.728754 -0.033161 0.999450 0.000000 -3.279908 0.000000 0.000000 1.000000 0.000000
0.999475 0.032404 0.000000 89.204801 -0.032404 0.999475 0.000000 -3.317655 0.000000 0.000000 1.000000 0.000000
0.999306 0.037244 0.000000 90.162792 -0.037244 0.999306 0.000000 -3.384327 0.000000 0.000000 1.000000 0.000000
0.999209 0.039778 0.000000 90.632766 -0.039778 0.999209 0.000000 -3.423055 0.000000 0.000000 1.000000 0.000000
0.999158 0.041033 0.000000 91.107478 -0.041033 0.999158 0.000000 -3.462399 0.000000 0.000000 1.000000 0.000000
0.999014 0.044399 0.000000 91.571812 -0.044399 0.999014 0.000000 -3.501898 0.000000 0.000000 1.000000 0.000000
0.998978 0.045207 0.000000 92.045534 -0.045207 0.998978 0.000000 -3.548409 0.000000 0.000000 1.000000 0.000000
0.998862 0.047702 0.000000 92.513488 -0.047702 0.998862 0.000000 -3.590304 0.000000 0.000000 1.000000 0.000000
0.998820 0.048573 0.000000 92.985230 -0.048573 0.998820 0.000000 -3.639354 0.000000 0.000000 1.000000 0.000000
0.998674 0.051471 0.000000 93.446644 -0.051471 0.998674 0.000000 -3.681058 0.000000 0.000000 1.000000 0.000000
0.998388 0.056765 0.000000 93.905573 -0.056765 0.998388 0.000000 -3.716685 0.000000 0.000000 1.000000 0.000000
0.998246 0.059197 0.000000 94.363680 -0.059197 0.998246 0.000000 -3.758601 0.000000 0.000000 1.000000 0.000000
0.998111 0.061440 0.000000 94.786469 -0.061440 0.998111 0.000000 -3.800559 0.000000 0.000000 1.000000 0.000000
0.997995 0.063297 0.000000 95.230058 -0.063297 0.997995 0.000000 -3.848310 0.000000 0.000000 1.000000 0.000000
0.997931 0.064290 0.000000 95.671738 -0.064290 0.997931 0.000000 -3.896194 0.000000 0.000000 1.000000 0.000000
0.997941 0.064134 0.000000 96.112740 -0.064134 0.997941 0.000000 -3.950391 0.000000 0.000000 1.000000 0.000000
0.997755 0.066964 0.000000 96.541899 -0.066964 0.997755 0.000000 -3.998090 0.000000 0.000000 1.000000 0.000000
0.997683 0.068030 0.000000 96.977728 -0.068030 0.997683 0.000000 -4.037238 0.000000 0.000000 1.000000 0.000000
0.997234 0.074328 0.000000 97.399774 -0.074328 0.997234 0.000000 -4.084026 0.000000 0.000000 1.000000 0.000000
0.996908 0.078573 0.000000 97.813364 -0.078573 0.996908 0.000000 -4.124031 0.000000 0.000000 1.000000 0.000000
0.996944 0.078113 0.000000 98.223043 -0.078113 0.996944 0.000000 -4.167181 0.000000 0.000000 1.000000 0.000000
0.997152 0.075417 0.000000 98.636727 -0.075417 0.997152 0.000000 -4.217100 0.000000 0.000000 1.000000 0.000000
0.997001 0.077387 0.000000 99.032454 -0.077387 0.997001 0.000000 -4.258975 0.000000 0.000000 1.000000 0.000000
0.997164 0.075259 0.000000 99.434899 -0.075259 0.997164 0.000000 -4.313918 0.000000 0.000000 1.000000 0.000000
0.996765 0.080370 0.000000 99.816908 -0.080370 0.996765 0.000000 -4.357654 0.000000 0.000000 1.000000 0.000000
0.996371 0.085120 0.000000 100.218374 -0.085120 0.996371 0.000000 -4.400214 0.000000 0.000000 1.000000 0.000000
0.996553 0.082963 0.000000 100.614212 -0.082963 0.996553 0.000000 -4.456123 0.000000 0.000000 1.000000 0.000000
0.996322 0.085688 0.000000 100.987956 -0.085688 0.996322 0.000000 -4.500143 0.000000 0.000000 1.000000 0.000000
0.996044 0.088861 0.000000 101.396396 -0.088861 0.996044 0.000000 -4.551121 0.000000 0.000000 1.000000 0.000000
0.995632 0.093368 0.000000 101.798182 -0.093368 0.995632 0.000000 -4.596996 0.000000 0.000000 1.000000 0.000000
0.995195 0.097916 0.000000 102.364554 -0.097916 0.995195 0.000000 -4.672775 0.000000 0.000000 1.000000 0.000000
0.994990 0.099978 0.000000 102.773574 -0.099978 0.994990 0.000000 -4.733457 0.000000 0.000000 1.000000 0.000000
0.994808 0.101774 0.000000 103.184932 -0.101774 0.994808 0.000000 -4.792463 0.000000 0.000000 1.000000 0.000000
0.994584 0.103936 0.000000 103.597481 -0.103936 0.994584 0.000000 -4.849675 0.000000 0.000000 1.000000 0.000000
0.994328 0.106359 0.000000 104.012931 -0.106359 0.994328 0.000000 -4.916201 0.000000 0.000000 1.000000 0.000000
0.994169 0.107837 0.000000 104.432822 -0.107837 0.994169 0.000000 -4.971083 0.000000 0.000000 1.000000 0.000000
0.994200 0.107551 0.000000 104.851424 -0.107551 0.994200 0.000000 -5.034996 0.000000 0.000000 1.000000 0.000000
0.993864 0.110611 0.000000 105.271784 -0.110611 0.993864 0.000000 -5.094002 0.000000 0.000000 1.000000 0.000000
0.992776 0.119986 0.000000 106.006647 -0.119986 0.992776 0.000000 -5.200651 0.000000 0.000000 1.000000 0.000000
0.992823 0.119596 0.000000 106.433316 -0.119596 0.992823 0.000000 -5.275415 0.000000 0.000000 1.000000 0.000000
0.992909 0.118881 0.000000 106.868502 -0.118881 0.992909 0.000000 -5.345042 0.000000 0.000000 1.000000 0.000000
0.992780 0.119951 0.000000 107.301015 -0.119951 0.992780 0.000000 -5.408268 0.000000 0.000000 1.000000 0.000000
0.992888 0.119055 0.000000 107.737149 -0.119055 0.992888 0.000000 -5.469925 0.000000 0.000000 1.000000 0.000000
0.992434 0.122781 0.000000 108.174264 -0.122781 0.992434 0.000000 -5.519352 0.000000 0.000000 1.000000 0.000000
0.992393 0.123112 0.000000 108.611899 -0.123112 0.992393 0.000000 -5.582892 0.000000 0.000000 1.000000 0.000000
0.992491 0.122321 0.000000 109.056879 -0.122321 0.992491 0.000000 -5.645678 0.000000 0.000000 1.000000 0.000000
0.992472 0.122470 0.000000 109.499017 -0.122470 0.992472 0.000000 -5.710427 0.000000 0.000000 1.000000 0.000000
0.992458 0.122588 0.000000 109.945465 -0.122588 0.992458 0.000000 -5.782124 0.000000 0.000000 1.000000 0.000000
0.991972 0.126457 0.000000 110.392275 -0.126457 0.991972 0.000000 -5.851336 0.000000 0.000000 1.000000 0.000000
0.991952 0.126618 0.000000 111.216473 -0.126618 0.991952 0.000000 -5.978660 0.000000 0.000000 1.000000 0.000000
0.992019 0.126088 0.000000 111.672806 -0.126088 0.992019 0.000000 -6.049575 0.000000 0.000000 1.000000 0.000000
0.991647 0.128985 0.000000 112.131298 -0.128985 0.991647 0.000000 -6.113545 0.000000 0.000000 1.000000 0.000000
0.991620 0.129186 0.000000 112.590038 -0.129186 0.991620 0.000000 -6.200096 0.000000 0.000000 1.000000 0.000000
0.991356 0.131203 0.000000 113.049993 -0.131203 0.991356 0.000000 -6.280243 0.000000 0.000000 1.000000 0.000000
0.991199 0.132379 0.000000 113.512446 -0.132379 0.991199 0.000000 -6.362402 0.000000 0.000000 1.000000 0.000000
0.991058 0.133429 0.000000 113.977697 -0.133429 0.991058 0.000000 -6.447859 0.000000 0.000000 1.000000 0.000000
0.990478 0.137671 0.000000 114.443363 -0.137671 0.990478 0.000000 -6.525375 0.000000 0.000000 1.000000 0.000000
0.989770 0.142675 0.000000 114.943141 -0.142675 0.989770 0.000000 -6.609686 0.000000 0.000000 1.000000 0.000000
0.989176 0.146734 0.000000 115.380628 -0.146734 0.989176 0.000000 -6.686881 0.000000 0.000000 1.000000 0.000000
0.989141 0.146972 0.000000 115.880287 -0.146972 0.989141 0.000000 -6.781000 0.000000 0.000000 1.000000 0.000000
0.988789 0.149318 0.000000 116.348888 -0.149318 0.988789 0.000000 -6.870185 0.000000 0.000000 1.000000 0.000000
0.988653 0.150219 0.000000 116.818917 -0.150219 0.988653 0.000000 -6.958068 0.000000 0.000000 1.000000 0.000000
0.989125 0.147077 0.000000 117.287987 -0.147077 0.989125 0.000000 -7.057234 0.000000 0.000000 1.000000 0.000000
0.988735 0.149675 0.000000 117.760319 -0.149675 0.988735 0.000000 -7.138617 0.000000 0.000000 1.000000 0.000000
0.988479 0.151360 0.000000 118.232056 -0.151360 0.988479 0.000000 -7.228750 0.000000 0.000000 1.000000 0.000000
0.987799 0.155732 0.000000 118.706393 -0.155732 0.987799 0.000000 -7.313333 0.000000 0.000000 1.000000 0.000000
0.986634 0.162951 0.000000 119.185718 -0.162951 0.986634 0.000000 -7.398809 0.000000 0.000000 1.000000 0.000000
0.986048 0.166463 0.000000 119.637736 -0.166463 0.986048 0.000000 -7.486250 0.000000 0.000000 1.000000 0.000000
0.985802 0.167915 0.000000 120.118984 -0.167915 0.985802 0.000000 -7.577345 0.000000 0.000000 1.000000 0.000000
0.985092 0.172029 0.000000 120.602410 -0.172029 0.985092 0.000000 -7.674114 0.000000 0.000000 1.000000 0.000000
0.984786 0.173769 0.000000 121.394843 -0.173769 0.984786 0.000000 -7.835215 0.000000 0.000000 1.000000 0.000000
0.984652 0.174528 0.000000 121.883252 -0.174528 0.984652 0.000000 -7.932159 0.000000 0.000000 1.000000 0.000000
0.986533 0.163565 0.000000 122.858743 -0.163565 0.986533 0.000000 -8.139627 0.000000 0.000000 1.000000 0.000000
0.987310 0.158804 0.000000 123.350968 -0.158804 0.987310 0.000000 -8.246612 0.000000 0.000000 1.000000 0.000000
0.987952 0.154758 0.000000 123.844815 -0.154758 0.987952 0.000000 -8.351258 0.000000 0.000000 1.000000 0.000000
0.988126 0.153648 0.000000 124.343093 -0.153648 0.988126 0.000000 -8.444237 0.000000 0.000000 1.000000 0.000000
0.988631 0.150360 0.000000 124.841587 -0.150360 0.988631 0.000000 -8.543386 0.000000 0.000000 1.000000 0.000000
0.988039 0.154205 0.000000 125.341971 -0.154205 0.988039 0.000000 -8.626698 0.000000 0.000000 1.000000 0.000000
0.989142 0.146963 0.000000 125.880203 -0.146963 0.989142 0.000000 -8.726719 0.000000 0.000000 1.000000 0.000000
0.988772 0.149432 0.000000 126.363920 -0.149432 0.988772 0.000000 -8.811669 0.000000 0.000000 1.000000 0.000000
0.988545 0.150929 0.000000 126.872763 -0.150929 0.988545 0.000000 -8.900024 0.000000 0.000000 1.000000 0.000000
0.988411 0.151801 0.000000 127.387459 -0.151801 0.988411 0.000000 -8.987785 0.000000 0.000000 1.000000 0.000000
0.988472 0.151404 0.000000 127.869856 -0.151404 0.988472 0.000000 -9.073226 0.000000 0.000000 1.000000 0.000000
0.988484 0.151324 0.000000 128.381510 -0.151324 0.988484 0.000000 -9.162442 0.000000 0.000000 1.000000 0.000000
0.988600 0.150568 0.000000 128.906843 -0.150568 0.988600 0.000000 -9.260731 0.000000 0.000000 1.000000 0.000000
0.988238 0.152927 0.000000 129.393204 -0.152927 0.988238 0.000000 -9.345630 0.000000 0.000000 1.000000 0.000000
0.988784 0.149353 0.000000 129.914132 -0.149353 0.988784 0.000000 -9.440703 0.000000 0.000000 1.000000 0.000000
0.988441 0.151605 0.000000 130.443416 -0.151605 0.988441 0.000000 -9.538194 0.000000 0.000000 1.000000 0.000000
0.987808 0.155677 0.000000 131.071476 -0.155677 0.987808 0.000000 -9.642382 0.000000 0.000000 1.000000 0.000000
0.987584 0.157089 0.000000 131.641661 -0.157089 0.987584 0.000000 -9.742892 0.000000 0.000000 1.000000 0.000000
0.986109 0.166102 0.000000 132.141738 -0.166102 0.986109 0.000000 -9.835460 0.000000 0.000000 1.000000 0.000000
0.986074 0.166307 0.000000 132.676844 -0.166307 0.986074 0.000000 -9.940396 0.000000 0.000000 1.000000 0.000000
0.984978 0.172681 0.000000 133.215909 -0.172681 0.984978 0.000000 -10.043293 0.000000 0.000000 1.000000 0.000000
0.984622 0.174699 0.000000 133.755656 -0.174699 0.984622 0.000000 -10.153061 0.000000 0.000000 1.000000 0.000000
0.983680 0.179927 0.000000 137.563915 -0.179927 0.983680 0.000000 -10.958741 0.000000 0.000000 1.000000 0.000000
0.983625 0.180225 0.000000 138.079949 -0.180225 0.983625 0.000000 -11.064232 0.000000 0.000000 1.000000 0.000000
0.986210 0.165501 0.000000 139.221102 -0.165501 0.986210 0.000000 -11.323015 0.000000 0.000000 1.000000 0.000000
0.985339 0.170608 0.000000 140.337295 -0.170608 0.985339 0.000000 -11.563920 0.000000 0.000000 1.000000 0.000000
0.985197 0.171424 0.000000 140.900378 -0.171424 0.985197 0.000000 -11.683874 0.000000 0.000000 1.000000 0.000000
0.985021 0.172433 0.000000 141.463964 -0.172433 0.985021 0.000000 -11.806720 0.000000 0.000000 1.000000 0.000000
0.985050 0.172266 0.000000 142.028855 -0.172266 0.985050 0.000000 -11.931567 0.000000 0.000000 1.000000 0.000000
0.985222 0.171282 0.000000 142.592976 -0.171282 0.985222 0.000000 -12.063890 0.000000 0.000000 1.000000 0.000000
0.985837 0.167707 0.000000 143.159187 -0.167707 0.985837 0.000000 -12.188260 0.000000 0.000000 1.000000 0.000000
0.985247 0.171138 0.000000 143.730169 -0.171138 0.985247 0.000000 -12.304515 0.000000 0.000000 1.000000 0.000000
0.984963 0.172765 0.000000 144.302951 -0.172765 0.984963 0.000000 -12.420724 0.000000 0.000000 1.000000 0.000000
0.985275 0.170976 0.000000 144.875318 -0.170976 0.985275 0.000000 -12.552768 0.000000 0.000000 1.000000 0.000000
0.984982 0.172659 0.000000 145.795033 -0.172659 0.984982 0.000000 -12.753011 0.000000 0.000000 1.000000 0.000000
0.984017 0.178076 0.000000 146.368696 -0.178076 0.984017 0.000000 -12.879335 0.000000 0.000000 1.000000 0.000000
0.984029 0.178011 0.000000 146.935216 -0.178011 0.984029 0.000000 -13.018153 0.000000 0.000000 1.000000 0.000000
0.983189 0.182590 0.000000 147.510914 -0.182590 0.983189 0.000000 -13.142640 0.000000 0.000000 1.000000 0.000000
0.982135 0.188179 0.000000 148.127904 -0.188179 0.982135 0.000000 -13.272061 0.000000 0.000000 1.000000 0.000000
0.981319 0.192390 0.000000 148.656272 -0.192390 0.981319 0.000000 -13.389443 0.000000 0.000000 1.000000 0.000000
0.980843 0.194801 0.000000 149.264558 -0.194801 0.980843 0.000000 -13.532741 0.000000 0.000000 1.000000 0.000000
0.980603 0.196006 0.000000 149.831795 -0.196006 0.980603 0.000000 -13.670707 0.000000 0.000000 1.000000 0.000000
0.980343 0.197299 0.000000 150.406641 -0.197299 0.980343 0.000000 -13.799623 0.000000 0.000000 1.000000 0.000000
0.979841 0.199777 0.000000 150.978820 -0.199777 0.979841 0.000000 -13.921011 0.000000 0.000000 1.000000 0.000000
0.979287 0.202477 0.000000 151.550258 -0.202477 0.979287 0.000000 -14.045448 0.000000 0.000000 1.000000 0.000000
0.979504 0.201424 0.000000 152.116005 -0.201424 0.979504 0.000000 -14.175306 0.000000 0.000000 1.000000 0.000000
0.979406 0.201903 0.000000 152.684771 -0.201903 0.979406 0.000000 -14.303433 0.000000 0.000000 1.000000 0.000000
0.979081 0.203469 0.000000 153.250965 -0.203469 0.979081 0.000000 -14.425112 0.000000 0.000000 1.000000 0.000000
0.979221 0.202796 0.000000 153.821793 -0.202796 0.979221 0.000000 -14.562630 0.000000 0.000000 1.000000 0.000000
0.978406 0.206690 0.000000 154.394050 -0.206690 0.978406 0.000000 -14.689256 0.000000 0.000000 1.000000 0.000000
0.977699 0.210013 0.000000 155.521772 -0.210013 0.977699 0.000000 -14.955433 0.000000 0.000000 1.000000 0.000000
0.977344 0.211658 0.000000 156.082537 -0.211658 0.977344 0.000000 -15.084641 0.000000 0.000000 1.000000 0.000000
0.977744 0.209802 0.000000 156.602420 -0.209802 0.977744 0.000000 -15.213051 0.000000 0.000000 1.000000 0.000000
0.976329 0.216292 0.000000 157.176217 -0.216292 0.976329 0.000000 -15.338101 0.000000 0.000000 1.000000 0.000000
0.975731 0.218975 0.000000 157.722456 -0.218975 0.975731 0.000000 -15.465922 0.000000 0.000000 1.000000 0.000000
0.975896 0.218237 0.000000 158.817891 -0.218237 0.975896 0.000000 -15.738004 0.000000 0.000000 1.000000 0.000000
0.975979 0.217865 0.000000 159.369431 -0.217865 0.975979 0.000000 -15.873223 0.000000 0.000000 1.000000 0.000000
0.975766 0.218818 0.000000 159.896316 -0.218818 0.975766 0.000000 -16.009576 0.000000 0.000000 1.000000 0.000000
0.975434 0.220293 0.000000 160.453348 -0.220293 0.975434 0.000000 -16.144380 0.000000 0.000000 1.000000 0.000000
0.975698 0.219121 0.000000 161.015927 -0.219121 0.975698 0.000000 -16.283355 0.000000 0.000000 1.000000 0.000000
0.974992 0.222239 0.000000 161.543816 -0.222239 0.974992 0.000000 -16.407916 0.000000 0.000000 1.000000 0.000000
0.973817 0.227333 0.000000 162.296406 -0.227333 0.973817 0.000000 -16.578325 0.000000 0.000000 1.000000 0.000000
0.973230 0.229835 0.000000 162.856886 -0.229835 0.973230 0.000000 -16.713347 0.000000 0.000000 1.000000 0.000000
0.972558 0.232661 0.000000 163.418759 -0.232661 0.972558 0.000000 -16.846996 0.000000 0.000000 1.000000 0.000000
0.970943 0.239309 0.000000 164.020394 -0.239309 0.970943 0.000000 -16.988251 0.000000 0.000000 1.000000 0.000000
0.970913 0.239431 0.000000 164.543376 -0.239431 0.970913 0.000000 -17.128484 0.000000 0.000000 1.000000 0.000000
0.971322 0.237767 0.000000 165.144469 -0.237767 0.971322 0.000000 -17.297673 0.000000 0.000000 1.000000 0.000000
0.970091 0.242741 0.000000 165.710196 -0.242741 0.970091 0.000000 -17.444011 0.000000 0.000000 1.000000 0.000000
0.970333 0.241771 0.000000 166.274113 -0.241771 0.970333 0.000000 -17.595575 0.000000 0.000000 1.000000 0.000000
0.968597 0.248635 0.000000 166.851313 -0.248635 0.968597 0.000000 -17.745716 0.000000 0.000000 1.000000 0.000000
0.969557 0.244866 0.000000 167.412359 -0.244866 0.969557 0.000000 -17.911400 0.000000 0.000000 1.000000 0.000000
0.969727 0.244192 0.000000 167.981069 -0.244192 0.969727 0.000000 -18.067906 0.000000 0.000000 1.000000 0.000000
0.969583 0.244765 0.000000 168.540710 -0.244765 0.969583 0.000000 -18.227322 0.000000 0.000000 1.000000 0.000000
0.970334 0.241767 0.000000 169.106338 -0.241767 0.970334 0.000000 -18.393558 0.000000 0.000000 1.000000 0.000000
0.971896 0.235411 0.000000 169.670290 -0.235411 0.971896 0.000000 -18.560859 0.000000 0.000000 1.000000 0.000000
0.972656 0.232251 0.000000 170.236599 -0.232251 0.972656 0.000000 -18.718916 0.000000 0.000000 1.000000 0.000000
0.972380 0.233405 0.000000 170.808161 -0.233405 0.972380 0.000000 -18.870164 0.000000 0.000000 1.000000 0.000000
0.972973 0.230921 0.000000 171.378546 -0.230921 0.972973 0.000000 -19.028407 0.000000 0.000000 1.000000 0.000000
0.972362 0.233479 0.000000 171.912373 -0.233479 0.972362 0.000000 -19.164853 0.000000 0.000000 1.000000 0.000000
0.972191 0.234190 0.000000 172.523028 -0.234190 0.972191 0.000000 -19.324497 0.000000 0.000000 1.000000 0.000000
0.972260 0.233902 0.000000 173.053642 -0.233902 0.972260 0.000000 -19.460316 0.000000 0.000000 1.000000 0.000000
0.972174 0.234261 0.000000 173.621636 -0.234261 0.972174 0.000000 -19.614379 0.000000 0.000000 1.000000 0.000000
0.971623 0.236535 0.000000 174.194900 -0.236535 0.971623 0.000000 -19.762735 0.000000 0.000000 1.000000 0.000000
0.970766 0.240027 0.000000 174.767610 -0.240027 0.970766 0.000000 -19.915002 0.000000 0.000000 1.000000 0.000000
0.968593 0.248652 0.000000 175.338687 -0.248652 0.968593 0.000000 -20.072954 0.000000 0.000000 1.000000 0.000000
0.968173 0.250281 0.000000 175.907409 -0.250281 0.968173 0.000000 -20.232178 0.000000 0.000000 1.000000 0.000000
0.967991 0.250983 0.000000 176.478623 -0.250983 0.967991 0.000000 -20.394413 0.000000 0.000000 1.000000 0.000000
0.967771 0.251831 0.000000 177.044225 -0.251831 0.967771 0.000000 -20.555885 0.000000 0.000000 1.000000 0.000000
0.967150 0.254207 0.000000 177.619052 -0.254207 0.967150 0.000000 -20.714921 0.000000 0.000000 1.000000 0.000000
0.966361 0.257190 0.000000 178.196879 -0.257190 0.966361 0.000000 -20.873615 0.000000 0.000000 1.000000 0.000000
0.966609 0.256256 0.000000 178.756962 -0.256256 0.966609 0.000000 -21.037179 0.000000 0.000000 1.000000 0.000000
0.966712 0.255867 0.000000 179.325771 -0.255867 0.966712 0.000000 -21.206337 0.000000 0.000000 1.000000 0.000000
0.965844 0.259126 0.000000 179.892158 -0.259126 0.965844 0.000000 -21.368675 0.000000 0.000000 1.000000 0.000000
0.965364 0.260906 0.000000 180.430307 -0.260906 0.965364 0.000000 -21.520645 0.000000 0.000000 1.000000 0.000000
0.965341 0.260994 0.000000 180.994773 -0.260994 0.965341 0.000000 -21.688536 0.000000 0.000000 1.000000 0.000000
0.963930 0.266156 0.000000 181.562012 -0.266156 0.963930 0.000000 -21.859453 0.000000 0.000000 1.000000 0.000000
0.963723 0.266906 0.000000 182.109559 -0.266906 0.963723 0.000000 -22.022608 0.000000 0.000000 1.000000 0.000000
0.964319 0.264743 0.000000 182.669946 -0.264743 0.964319 0.000000 -22.194783 0.000000 0.000000 1.000000 0.000000
0.963226 0.268693 0.000000 183.232397 -0.268693 0.963226 0.000000 -22.360608 0.000000 0.000000 1.000000 0.000000
0.964087 0.265587 0.000000 183.758393 -0.265587 0.964087 0.000000 -22.525553 0.000000 0.000000 1.000000 0.000000
0.963796 0.266641 0.000000 184.312976 -0.266641 0.963796 0.000000 -22.699121 0.000000 0.000000 1.000000 0.000000
0.962707 0.270547 0.000000 184.877769 -0.270547 0.962707 0.000000 -22.868195 0.000000 0.000000 1.000000 0.000000
0.962434 0.271517 0.000000 185.406476 -0.271517 0.962434 0.000000 -23.024092 0.000000 0.000000 1.000000 0.000000
0.961934 0.273283 0.000000 185.967869 -0.273283 0.961934 0.000000 -23.199642 0.000000 0.000000 1.000000 0.000000
0.961276 0.275587 0.000000 186.523717 -0.275587 0.961276 0.000000 -23.372809 0.000000 0.000000 1.000000 0.000000
0.960367 0.278740 0.000000 187.326709 -0.278740 0.960367 0.000000 -23.633226 0.000000 0.000000 1.000000 0.000000
0.959489 0.281746 0.000000 187.882444 -0.281746 0.959489 0.000000 -23.804271 0.000000 0.000000 1.000000 0.000000
0.958505 0.285076 0.000000 188.440033 -0.285076 0.958505 0.000000 -23.980817 0.000000 0.000000 1.000000 0.000000
0.958530 0.284993 0.000000 188.993779 -0.284993 0.958530 0.000000 -24.153700 0.000000 0.000000 1.000000 0.000000
0.958030 0.286669 0.000000 189.545718 -0.286669 0.958030 0.000000 -24.330806 0.000000 0.000000 1.000000 0.000000
0.958339 0.285632 0.000000 190.100258 -0.285632 0.958339 0.000000 -24.500850 0.000000 0.000000 1.000000 0.000000
0.959207 0.282703 0.000000 190.648437 -0.282703 0.959207 0.000000 -24.681789 0.000000 0.000000 1.000000 0.000000
0.959014 0.283358 0.000000 191.222330 -0.283358 0.959014 0.000000 -24.860938 0.000000 0.000000 1.000000 0.000000
0.959053 0.283225 0.000000 191.714811 -0.283225 0.959053 0.000000 -25.019837 0.000000 0.000000 1.000000 0.000000
0.958591 0.284786 0.000000 192.675510 -0.284786 0.958591 0.000000 -25.320780 0.000000 0.000000 1.000000 0.000000
0.958438 0.285301 0.000000 193.232466 -0.285301 0.958438 0.000000 -25.490124 0.000000 0.000000 1.000000 0.000000
0.957926 0.287016 0.000000 193.931162 -0.287016 0.957926 0.000000 -25.714444 0.000000 0.000000 1.000000 0.000000
0.957358 0.288904 0.000000 194.631731 -0.288904 0.957358 0.000000 -25.945302 0.000000 0.000000 1.000000 0.000000
0.956426 0.291976 0.000000 195.572956 -0.291976 0.956426 0.000000 -26.257406 0.000000 0.000000 1.000000 0.000000
0.956400 0.292061 0.000000 196.116644 -0.292061 0.956400 0.000000 -26.434661 0.000000 0.000000 1.000000 0.000000
0.956576 0.291483 0.000000 196.671145 -0.291483 0.956576 0.000000 -26.618653 0.000000 0.000000 1.000000 0.000000
0.956297 0.292399 0.000000 197.215544 -0.292399 0.956297 0.000000 -26.791695 0.000000 0.000000 1.000000 0.000000
0.955931 0.293593 0.000000 197.730594 -0.293593 0.955931 0.000000 -26.963767 0.000000 0.000000 1.000000 0.000000
0.957001 0.290085 0.000000 198.279684 -0.290085 0.957001 0.000000 -27.147390 0.000000 0.000000 1.000000 0.000000
0.956277 0.292464 0.000000 198.824525 -0.292464 0.956277 0.000000 -27.330758 0.000000 0.000000 1.000000 0.000000
0.956135 0.292926 0.000000 199.591635 -0.292926 0.956135 0.000000 -27.603294 0.000000 0.000000 1.000000 0.000000
0.956622 0.291332 0.000000 200.140685 -0.291332 0.956622 0.000000 -27.787325 0.000000 0.000000 1.000000 0.000000
0.956818 0.290687 0.000000 200.688844 -0.290687 0.956818 0.000000 -27.964972 0.000000 0.000000 1.000000 0.000000
0.956776 0.290826 0.000000 201.235443 -0.290826 0.956776 0.000000 -28.144851 0.000000 0.000000 1.000000 0.000000
0.958154 0.286254 0.000000 201.817248 -0.286254 0.958154 0.000000 -28.335510 0.000000 0.000000 1.000000 0.000000
0.958317 0.285706 0.000000 202.327685 -0.285706 0.958317 0.000000 -28.502895 0.000000 0.000000 1.000000 0.000000
0.958353 0.285586 0.000000 202.909040 -0.285586 0.958353 0.000000 -28.693506 0.000000 0.000000 1.000000 0.000000
0.959082 0.283128 0.000000 203.422795 -0.283128 0.959082 0.000000 -28.867002 0.000000 0.000000 1.000000 0.000000
0.959232 0.282620 0.000000 204.003193 -0.282620 0.959232 0.000000 -29.056932 0.000000 0.000000 1.000000 0.000000
0.959808 0.280656 0.000000 204.552159 -0.280656 0.959808 0.000000 -29.237736 0.000000 0.000000 1.000000 0.000000
0.959597 0.281379 0.000000 205.098571 -0.281379 0.959597 0.000000 -29.406065 0.000000 0.000000 1.000000 0.000000
0.960165 0.279433 0.000000 205.647161 -0.279433 0.960165 0.000000 -29.582440 0.000000 0.000000 1.000000 0.000000
0.960045 0.279847 0.000000 206.183764 -0.279847 0.960045 0.000000 -29.751803 0.000000 0.000000 1.000000 0.000000
0.960190 0.279348 0.000000 206.728673 -0.279348 0.960190 0.000000 -29.926947 0.000000 0.000000 1.000000 0.000000
0.960865 0.277018 0.000000 207.277234 -0.277018 0.960865 0.000000 -30.102280 0.000000 0.000000 1.000000 0.000000
0.961511 0.274766 0.000000 207.817801 -0.274766 0.961511 0.000000 -30.277062 0.000000 0.000000 1.000000 0.000000
0.959855 0.280496 0.000000 208.354308 -0.280496 0.959855 0.000000 -30.452111 0.000000 0.000000 1.000000 0.000000
0.960523 0.278199 0.000000 208.893528 -0.278199 0.960523 0.000000 -30.624918 0.000000 0.000000 1.000000 0.000000
