1.000000 0.000765 0.000000 0.630731 -0.000765 1.000000 0.000000 -0.005683 0.000000 0.000000 1.000000 0.000000
0.999999 -0.001052 0.000000 1.297596 0.001052 0.999999 0.000000 -0.020894 0.000000 0.000000 1.000000 0.000000
1.000000 -0.000679 0.000000 1.919388 0.000679 1.000000 0.000000 -0.041201 0.000000 0.000000 1.000000 0.000000
0.999999 -0.001101 0.000000 2.542799 0.001101 0.999999 0.000000 -0.050107 0.000000 0.000000 1.000000 0.000000
1.000000 -0.000646 0.000000 3.163183 0.000646 1.000000 0.000000 -0.055263 0.000000 0.000000 1.000000 0.000000
0.999996 -0.002662 0.000000 3.786047 0.002662 0.999996 0.000000 -0.069564 0.000000 0.000000 1.000000 0.000000
0.999991 -0.004239 0.000000 4.408327 0.004239 0.999991 0.000000 -0.078518 0.000000 0.000000 1.000000 0.000000
0.999996 -0.002870 0.000000 5.036751 0.002870 0.999996 0.000000 -0.081670 0.000000 0.000000 1.000000 0.000000
0.999993 -0.003743 0.000000 5.655581 0.003743 0.999993 0.000000 -0.101763 0.000000 0.000000 1.000000 0.000000
0.999997 -0.002587 0.000000 6.307855 0.002587 0.999997 0.000000 -0.104166 0.000000 0.000000 1.000000 0.000000
0.999994 -0.003407 0.000000 6.894279 0.003407 0.999994 0.000000 -0.115179 0.000000 0.000000 1.000000 0.000000
0.999994 -0.003455 0.000000 7.521522 0.003455 0.999994 0.000000 -0.117609 0.000000 0.000000 1.000000 0.000000
0.999997 -0.002510 0.000000 8.146510 0.002510 0.999997 0.000000 -0.132707 0.000000 0.000000 1.000000 0.000000
0.999975 -0.007076 0.000000 8.802912 0.007076 0.999975 0.000000 -0.150751 0.000000 0.000000 1.000000 0.000000
0.999966 -0.008282 0.000000 9.426085 0.008282 0.999966 0.000000 -0.152947 0.000000 0.000000 1.000000 0.000000
0.999884 -0.015245 0.000000 10.053722 0.015245 0.999884 0.000000 -0.164319 0.000000 0.000000 1.000000 0.000000
0.999883 -0.015315 0.000000 10.672701 0.015315 0.999883 0.000000 -0.167949 0.000000 0.000000 1.000000 0.000000
0.999923 -0.012401 0.000000 11.296255 0.012401 0.999923 0.000000 -0.173191 0.000000 0.000000 1.000000 0.000000
0.999893 -0.014655 0.000000 11.914211 0.014655 0.999893 0.000000 -0.181534 0.000000 0.000000 1.000000 0.000000
0.999900 -0.014111 0.000000 12.516727 0.014111 0.999900 0.000000 -0.191926 0.000000 0.000000 1.000000 0.000000
0.999891 -0.014771 0.000000 13.143087 0.014771 0.999891 0.000000 -0.200397 0.000000 0.000000 1.000000 0.000000
0.999895 -0.014508 0.000000 13.769036 0.014508 0.999895 0.000000 -0.202803 0.000000 0.000000 1.000000 0.000000
0.999910 -0.013440 0.000000 14.355389 0.013440 0.999910 0.000000 -0.211894 0.000000 0.000000 1.000000 0.000000
0.999878 -0.015621 0.000000 14.980202 0.015621 0.999878 0.000000 -0.222645 0.000000 0.000000 1.000000 0.000000
0.999847 -0.017480 0.000000 15.601461 0.017480 0.999847 0.000000 -0.226225 0.000000 0.000000 1.000000 0.000000
0.999820 -0.018961 0.000000 16.193219 0.018961 0.999820 0.000000 -0.231733 0.000000 0.000000 1.000000 0.000000
0.999818 -0.019074 0.000000 16.811042 0.019074 0.999818 0.000000 -0.236713 0.000000 0.000000 1.000000 0.000000
0.999832 -0.018326 0.000000 17.447712 0.018326 0.999832 0.000000 -0.244041 0.000000 0.000000 1.000000 0.000000
0.999847 -0.017485 0.000000 18.069495 0.017485 0.999847 0.000000 -0.245859 0.000000 0.000000 1.000000 0.000000
0.999883 -0.015308 0.000000 18.660585 0.015308 0.999883 0.000000 -0.245361 0.000000 0.000000 1.000000 0.000000
0.999944 -0.010580 0.000000 19.292911 0.010580 0.999944 0.000000 -0.251737 0.000000 0.000000 1.000000 0.000000
0.999965 -0.008334 0.000000 19.887621 0.008334 0.999965 0.000000 -0.259481 0.000000 0.000000 1.000000 0.000000
0.999977 -0.006758 0.000000 20.511740 0.006758 0.999977 0.000000 -0.267197 0.000000 0.000000 1.000000 0.000000
0.999972 -0.007479 0.000000 21.151505 0.007479 0.999972 0.000000 -0.278883 0.000000 0.000000 1.000000 0.000000
0.999971 -0.007644 0.000000 21.974003 0.007644 0.999971 0.000000 -0.296175 0.000000 0.000000 1.000000 0.000000
0.999987 -0.005196 0.000000 22.611163 0.005196 0.999987 0.000000 -0.300729 0.000000 0.000000 1.000000 0.000000
0.999994 -0.003494 0.000000 23.250304 0.003494 0.999994 0.000000 -0.304545 0.000000 0.000000 1.000000 0.000000
0.999999 -0.001542 0.000000 23.884696 0.001542 0.999999 0.000000 -0.317618 0.000000 0.000000 1.000000 0.000000
1.000000 0.000892 0.000000 24.512715 -0.000892 1.000000 0.000000 -0.332491 0.000000 0.000000 1.000000 0.000000
1.000000 0.000035 0.000000 25.157282 -0.000035 1.000000 0.000000 -0.350243 0.000000 0.000000 1.000000 0.000000
0.999994 0.003598 0.000000 25.788308 -0.003598 0.999994 0.000000 -0.361342 0.000000 0.000000 1.000000 0.000000
0.999985 0.005563 0.000000 26.434396 -0.005563 0.999985 0.000000 -0.377547 0.000000 0.000000 1.000000 0.000000
0.999957 0.009257 0.000000 27.067556 -0.009257 0.999957 0.000000 -0.391932 0.000000 0.000000 1.000000 0.000000
0.999967 0.008122 0.000000 27.708642 -0.008122 0.999967 0.000000 -0.418767 0.000000 0.000000 1.000000 0.000000
0.999927 0.012113 0.000000 28.346889 -0.012113 0.999927 0.000000 -0.433384 0.000000 0.000000 1.000000 0.000000
0.999939 0.011087 0.000000 28.988229 -0.011087 0.999939 0.000000 -0.460261 0.000000 0.000000 1.000000 0.000000
0.999919 0.012709 0.000000 29.626222 -0.012709 0.999919 0.000000 -0.486026 0.000000 0.000000 1.000000 0.000000
0.999903 0.013892 0.000000 30.252707 -0.013892 0.999903 0.000000 -0.506636 0.000000 0.000000 1.000000 0.000000
0.999916 0.012971 0.000000 30.840944 -0.012971 0.999916 0.000000 -0.535742 0.000000 0.000000 1.000000 0.000000
0.999894 0.014577 0.000000 31.486526 -0.014577 0.999894 0.000000 -0.564907 0.000000 0.000000 1.000000 0.000000
0.999829 0.018469 0.000000 32.117013 -0.018469 0.999829 0.000000 -0.593063 0.000000 0.000000 1.000000 0.000000
0.999832 0.018347 0.000000 32.763599 -0.018347 0.999832 0.000000 -0.626347 0.000000 0.000000 1.000000 0.000000
0.999846 0.017570 0.000000 33.412284 -0.017570 0.999846 0.000000 -0.658942 0.000000 0.000000 1.000000 0.000000
0.999833 0.018265 0.000000 34.050105 -0.018265 0.999833 0.000000 -0.682217 0.000000 0.000000 1.000000 0.000000
0.999830 0.018427 0.000000 34.691705 -0.018427 0.999830 0.000000 -0.706981 0.000000 0.000000 1.000000 0.000000
0.999844 0.017676 0.000000 35.334552 -0.017676 0.999844 0.000000 -0.724783 0.000000 0.000000 1.000000 0.000000
0.999839 0.017971 0.000000 35.981496 -0.017971 0.999839 0.000000 -0.740266 0.000000 0.000000 1.000000 0.000000
0.999795 0.020270 0.000000 36.622714 -0.020270 0.999795 0.000000 -0.756520 0.000000 0.000000 1.000000 0.000000
0.999786 0.020669 0.000000 37.278117 -0.020669 0.999786 0.000000 -0.781847 0.000000 0.000000 1.000000 0.000000
0.999817 0.019126 0.000000 37.884031 -0.019126 0.999817 0.000000 -0.811527 0.000000 0.000000 1.000000 0.000000
0.999791 0.020436 0.000000 38.529617 -0.020436 0.999791 0.000000 -0.833002 0.000000 0.000000 1.000000 0.000000
0.999854 0.017092 0.000000 39.181104 -0.017092 0.999854 0.000000 -0.855728 0.000000 0.000000 1.000000 0.000000
0.999805 0.019772 0.000000 39.838948 -0.019772 0.999805 0.000000 -0.877158 0.000000 0.000000 1.000000 0.000000
0.999872 0.016009 0.000000 40.498828 -0.016009 0.999872 0.000000 -0.901921 0.000000 0.000000 1.000000 0.000000
0.999907 0.013653 0.000000 41.152702 -0.013653 0.999907 0.000000 -0.926539 0.000000 0.000000 1.000000 0.000000
0.999903 0.013926 0.000000 41.778387 -0.013926 0.999903 0.000000 -0.943355 0.000000 0.000000 1.000000 0.000000
0.999889 0.014928 0.000000 42.437408 -0.014928 0.999889 0.000000 -0.956865 0.000000 0.000000 1.000000 0.000000
0.999841 0.017806 0.000000 43.095500 -0.017806 0.999841 0.000000 -0.976078 0.000000 0.000000 1.000000 0.000000
0.999819 0.019032 0.000000 43.757343 -0.019032 0.999819 0.000000 -0.999291 0.000000 0.000000 1.000000 0.000000
0.999797 0.020133 0.000000 44.429167 -0.020133 0.999797 0.000000 -1.021887 0.000000 0.000000 1.000000 0.000000
0.999883 0.015266 0.000000 45.091793 -0.015266 0.999883 0.000000 -1.037456 0.000000 0.000000 1.000000 0.000000
0.999826 0.018672 0.000000 46.123231 -0.018672 0.999826 0.000000 -1.081186 0.000000 0.000000 1.000000 0.000000
0.999845 0.017582 0.000000 46.811519 -0.017582 0.999845 0.000000 -1.107187 0.000000 0.000000 1.000000 0.000000
0.999861 0.016672 0.000000 47.450677 -0.016672 0.999861 0.000000 -1.126843 0.000000 0.000000 1.000000 0.000000
0.999866 0.016356 0.000000 48.110128 -0.016356 0.999866 0.000000 -1.149224 0.000000 0.000000 1.000000 0.000000
0.999862 0.016596 0.000000 48.768101 -0.016596 0.999862 0.000000 -1.176111 0.000000 0.000000 1.000000 0.000000
0.999854 0.017107 0.000000 49.420419 -0.017107 0.999854 0.000000 -1.199244 0.000000 0.000000 1.000000 0.000000
0.999891 0.014783 0.000000 50.073119 -0.014783 0.999891 0.000000 -1.218652 0.000000 0.000000 1.000000 0.000000
0.999895 0.014475 0.000000 50.724884 -0.014475 0.999895 0.000000 -1.241991 0.000000 0.000000 1.000000 0.000000
0.999916 0.012953 0.000000 52.068127 -0.012953 0.999916 0.000000 -1.277188 0.000000 0.000000 1.000000 0.000000
0.999934 0.011482 0.000000 52.717816 -0.011482 0.999934 0.000000 -1.298015 0.000000 0.000000 1.000000 0.000000
0.999972 0.007507 0.000000 53.352469 -0.007507 0.999972 0.000000 -1.309100 0.000000 0.000000 1.000000 0.000000
0.999978 0.006678 0.000000 53.988322 -0.006678 0.999978 0.000000 -1.328151 0.000000 0.000000 1.000000 0.000000
0.999970 0.007770 0.000000 54.628823 -0.007770 0.999970 0.000000 -1.352117 0.000000 0.000000 1.000000 0.000000
0.999959 0.009054 0.000000 55.302223 -0.009054 0.999959 0.000000 -1.379770 0.000000 0.000000 1.000000 0.000000
0.999971 0.007628 0.000000 55.937722 -0.007628 0.999971 0.000000 -1.402649 0.000000 0.000000 1.000000 0.000000
0.999958 0.009126 0.000000 56.543799 -0.009126 0.999958 0.000000 -1.419000 0.000000 0.000000 1.000000 0.000000
0.999947 0.010327 0.000000 57.177592 -0.010327 0.999947 0.000000 -1.435802 0.000000 0.000000 1.000000 0.000000
0.999939 0.011057 0.000000 57.761087 -0.011057 0.999939 0.000000 -1.453010 0.000000 0.000000 1.000000 0.000000
0.999924 0.012298 0.000000 58.388984 -0.012298 0.999924 0.000000 -1.478432 0.000000 0.000000 1.000000 0.000000
0.999918 0.012822 0.000000 59.013857 -0.012822 0.999918 0.000000 -1.501250 0.000000 0.000000 1.000000 0.000000
0.999919 0.012757 0.000000 59.595945 -0.012757 0.999919 0.000000 -1.527094 0.000000 0.000000 1.000000 0.000000
0.999916 0.012960 0.000000 60.217809 -0.012960 0.999916 0.000000 -1.549303 0.000000 0.000000 1.000000 0.000000
0.999932 0.011674 0.000000 60.835975 -0.011674 0.999932 0.000000 -1.575239 0.000000 0.000000 1.000000 0.000000
0.999922 0.012522 0.000000 61.414124 -0.012522 0.999922 0.000000 -1.599900 0.000000 0.000000 1.000000 0.000000
0.999928 0.011969 0.000000 62.034021 -0.011969 0.999928 0.000000 -1.626405 0.000000 0.000000 1.000000 0.000000
0.999920 0.012650 0.000000 62.608466 -0.012650 0.999920 0.000000 -1.638621 0.000000 0.000000 1.000000 0.000000
0.999865 0.016460 0.000000 63.227725 -0.016460 0.999865 0.000000 -1.650856 0.000000 0.000000 1.000000 0.000000
0.999859 0.016782 0.000000 63.837580 -0.016782 0.999859 0.000000 -1.670878 0.000000 0.000000 1.000000 0.000000
0.999846 0.017561 0.000000 64.683364 -0.017561 0.999846 0.000000 -1.706101 0.000000 0.000000 1.000000 0.000000
0.999834 0.018197 0.000000 65.288899 -0.018197 0.999834 0.000000 -1.729321 0.000000 0.000000 1.000000 0.000000
0.999800 0.019977 0.000000 65.895419 -0.019977 0.999800 0.000000 -1.754444 0.000000 0.000000 1.000000 0.000000
0.999873 0.015940 0.000000 66.501975 -0.015940 0.999873 0.000000 -1.776372 0.000000 0.000000 1.000000 0.000000
0.999862 0.016601 0.000000 67.104020 -0.016601 0.999862 0.000000 -1.794774 0.000000 0.000000 1.000000 0.000000
0.999914 0.013148 0.000000 67.698493 -0.013148 0.999914 0.000000 -1.812539 0.000000 0.000000 1.000000 0.000000
0.999929 0.011881 0.000000 68.329541 -0.011881 0.999929 0.000000 -1.834160 0.000000 0.000000 1.000000 0.000000
0.999926 0.012173 0.000000 68.923938 -0.012173 0.999926 0.000000 -1.848197 0.000000 0.000000 1.000000 0.000000
0.999937 0.011237 0.000000 69.515969 -0.011237 0.999937 0.000000 -1.870451 0.000000 0.000000 1.000000 0.000000
0.999894 0.014551 0.000000 70.694973 -0.014551 0.999894 0.000000 -1.916319 0.000000 0.000000 1.000000 0.000000
0.999917 0.012920 0.000000 71.280590 -0.012920 0.999917 0.000000 -1.934377 0.000000 0.000000 1.000000 0.000000
0.999898 0.014298 0.000000 71.864557 -0.014298 0.999898 0.000000 -1.955857 0.000000 0.000000 1.000000 0.000000
0.999869 0.016184 0.000000 72.442526 -0.016184 0.999869 0.000000 -1.987975 0.000000 0.000000 1.000000 0.000000
0.999869 0.016161 0.000000 73.019572 -0.016161 0.999869 0.000000 -2.012006 0.000000 0.000000 1.000000 0.000000
0.999832 0.018321 0.000000 73.596100 -0.018321 0.999832 0.000000 -2.036721 0.000000 0.000000 1.000000 0.000000
0.999841 0.017836 0.000000 74.167302 -0.017836 0.999841 0.000000 -2.070443 0.000000 0.000000 1.000000 0.000000
0.999870 0.016103 0.000000 74.734308 -0.016103 0.999870 0.000000 -2.086771 0.000000 0.000000 1.000000 0.000000
0.999874 0.015846 0.000000 75.300627 -0.015846 0.999874 0.000000 -2.115826 0.000000 0.000000 1.000000 0.000000
0.999857 0.016890 0.000000 75.861603 -0.016890 0.999857 0.000000 -2.139409 0.000000 0.000000 1.000000 0.000000
0.999856 0.016974 0.000000 76.413344 -0.016974 0.999856 0.000000 -2.164981 0.000000 0.000000 1.000000 0.000000
0.999862 0.016636 0.000000 76.968546 -0.016636 0.999862 0.000000 -2.187944 0.000000 0.000000 1.000000 0.000000
0.999859 0.016817 0.000000 77.523696 -0.016817 0.999859 0.000000 -2.215749 0.000000 0.000000 1.000000 0.000000
0.999826 0.018655 0.000000 78.038628 -0.018655 0.999826 0.000000 -2.241998 0.000000 0.000000 1.000000 0.000000
0.999797 0.020129 0.000000 78.582703 -0.020129 0.999797 0.000000 -2.260157 0.000000 0.000000 1.000000 0.000000
0.999741 0.022769 0.000000 79.102232 -0.022769 0.999741 0.000000 -2.277659 0.000000 0.000000 1.000000 0.000000
0.999674 0.025549 0.000000 79.608384 -0.025549 0.999674 0.000000 -2.291578 0.000000 0.000000 1.000000 0.000000
0.999687 0.025009 0.000000 80.140938 -0.025009 0.999687 0.000000 -2.316587 0.000000 0.000000 1.000000 0.000000
0.999693 0.024776 0.000000 80.669943 -0.024776 0.999693 0.000000 -2.343134 0.000000 0.000000 1.000000 0.000000
0.999691 0.024871 0.000000 81.162642 -0.024871 0.999691 0.000000 -2.359588 0.000000 0.000000 1.000000 0.000000
0.999664 0.025923 0.000000 81.691754 -0.025923 0.999664 0.000000 -2.386136 0.000000 0.000000 1.000000 0.000000
0.999602 0.028215 0.000000 82.210217 -0.028215 0.999602 0.000000 -2.411474 0.000000 0.000000 1.000000 0.000000
0.999627 0.027296 0.000000 82.697767 -0.027296 0.999627 0.000000 -2.437268 0.000000 0.000000 1.000000 0.000000
0.999612 0.027865 0.000000 83.216733 -0.027865 0.999612 0.000000 -2.463579 0.000000 0.000000 1.000000 0.000000
0.999574 0.029200 0.000000 83.731161 -0.029200 0.999574 0.000000 -2.487305 0.000000 0.000000 1.000000 0.000000
0.999513 0.031204 0.000000 84.213416 -0.031204 0.999513 0.000000 -2.516991 0.000000 0.000000 1.000000 0.000000
0.999502 0.031565 0.000000 84.717630 -0.031565 0.999502 0.000000 -2.547851 0.000000 0.000000 1.000000 0.000000
0.999502 0.031541 0.000000 85.197957 -0.031541 0.999502 0.000000 -2.575201 0.000000 0.000000 1.000000 0.000000
0.999437 0.033561 0.000000 85.707373 -0.033561 0.999437 0.000000 -2.608217 0.000000 0.000000 1.000000 0.000000
0.999442 0.033400 0.000000 86.369401 -0.033400 0.999442 0.000000 -2.646651 0.000000 0.000000 1.000000 0.000000
0.999463 0.032753 0.000000 86.866076 -0.032753 0.999463 0.000000 -2.667458 0.000000 0.000000 1.000000 0.000000
0.999456 0.032981 0.000000 87.356849 -0.032981 0.999456 0.000000 -2.688103 0.000000 0.000000 1.000000 0.000000
0.999427 0.033843 0.000000 87.848005 -0.033843 0.999427 0.000000 -2.711819 0.000000 0.000000 1.000000 0.000000
0.999459 0.032881 0.000000 88.333506 -0.032881 0.999459 0.000000 -2.738158 0.000000 0.000000 1.000000 0.000000
0.999514 0.031170 0.000000 88.826079 -0.031170 0.999514 0.000000 -2.775657 0.000000 0.000000 1.000000 0.000000
0.999524 0.030842 0.000000 89.299158 -0.030842 0.999524 0.000000 -2.810692 0.000000 0.000000 1.000000 0.000000
0.999354 0.035940 0.000000 90.268662 -0.035940 0.999354 0.000000 -2.869098 0.000000 0.000000 1.000000 0.000000
0.999247 0.038805 0.000000 90.749664 -0.038805 0.999247 0.000000 -2.901346 0.000000 0.000000 1.000000 0.000000
0.999185 0.040366 0.000000 91.223133 -0.040366 0.999185 0.000000 -2.934528 0.000000 0.000000 1.000000 0.000000
0.999029 0.044047 0.000000 91.700536 -0.044047 0.999029 0.000000 -2.972596 0.000000 0.000000 1.000000 0.000000
0.998973 0.045316 0.000000 92.185387 -0.045316 0.998973 0.000000 -3.018149 0.000000 0.000000 1.000000 0.000000
0.998843 0.048096 0.000000 92.651750 -0.048096 0.998843 0.000000 -3.058380 0.000000 0.000000 1.000000 0.000000
0.998781 0.049351 0.000000 93.131137 -0.049351 0.998781 0.000000 -3.101838 0.000000 0.000000 1.000000 0.000000
0.998614 0.052638 0.000000 93.596831 -0.052638 0.998614 0.000000 -3.137848 0.000000 0.000000 1.000000 0.000000
0.998309 0.058129 0.000000 94.053368 -0.058129 0.998309 0.000000 -3.170397 0.000000 0.000000 1.000000 0.000000
0.998147 0.060855 0.000000 94.511951 -0.060855 0.998147 0.000000 -3.209800 0.000000 0.000000 1.000000 0.000000
0.998000 0.063208 0.000000 94.934986 -0.063208 0.998000 0.000000 -3.243739 0.000000 0.000000 1.000000 0.000000
0.997871 0.065225 0.000000 95.379387 -0.065225 0.997871 0.000000 -3.289468 0.000000 0.000000 1.000000 0.000000
0.997782 0.066565 0.000000 95.824157 -0.066565 0.997782 0.000000 -3.329527 0.000000 0.000000 1.000000 0.000000
0.997775 0.066675 0.000000 96.275790 -0.066675 0.997775 0.000000 -3.376084 0.000000 0.000000 1.000000 0.000000
0.997568 0.069703 0.000000 96.706150 -0.069703 0.997568 0.000000 -3.418211 0.000000 0.000000 1.000000 0.000000
0.997448 0.071394 0.000000 97.133200 -0.071394 0.997448 0.000000 -3.454611 0.000000 0.000000 1.000000 0.000000
0.996954 0.077987 0.000000 97.554190 -0.077987 0.996954 0.000000 -3.496300 0.000000 0.000000 1.000000 0.000000
0.996584 0.082582 0.000000 97.963802 -0.082582 0.996584 0.000000 -3.531968 0.000000 0.000000 1.000000 0.000000
0.996587 0.082554 0.000000 98.373976 -0.082554 0.996587 0.000000 -3.570927 0.000000 0.000000 1.000000 0.000000
0.996771 0.080296 0.000000 98.782817 -0.080296 0.996771 0.000000 -3.614754 0.000000 0.000000 1.000000 0.000000
0.996592 0.082491 0.000000 99.181884 -0.082491 0.996592 0.000000 -3.651251 0.000000 0.000000 1.000000 0.000000
0.996720 0.080922 0.000000 99.577041 -0.080922 0.996720 0.000000 -3.699111 0.000000 0.000000 1.000000 0.000000
0.996268 0.086319 0.000000 99.957666 -0.086319 0.996268 0.000000 -3.744647 0.000000 0.000000 1.000000 0.000000
0.995817 0.091368 0.000000 100.354029 -0.091368 0.995817 0.000000 -3.784847 0.000000 0.000000 1.000000 0.000000
0.995935 0.090071 0.000000 100.744142 -0.090071 0.995935 0.000000 -3.826839 0.000000 0.000000 1.000000 0.000000
0.995626 0.093430 0.000000 101.117251 -0.093430 0.995626 0.000000 -3.860387 0.000000 0.000000 1.000000 0.000000
0.995269 0.097161 0.000000 101.527491 -0.097161 0.995269 0.000000 -3.905334 0.000000 0.000000 1.000000 0.000000
0.994785 0.101991 0.000000 101.931002 -0.101991 0.994785 0.000000 -3.929119 0.000000 0.000000 1.000000 0.000000
0.994280 0.106802 0.000000 102.499610 -0.106802 0.994280 0.000000 -4.001603 0.000000 0.000000 1.000000 0.000000
0.994008 0.109311 0.000000 102.906216 -0.109311 0.994008 0.000000 -4.060218 0.000000 0.000000 1.000000 0.000000
0.993761 0.111526 0.000000 103.320401 -0.111526 0.993761 0.000000 -4.128502 0.000000 0.000000 1.000000 0.000000
0.993484 0.113969 0.000000 103.731885 -0.113969 0.993484 0.000000 -4.193640 0.000000 0.000000 1.000000 0.000000
0.993188 0.116521 0.000000 104.150447 -0.116521 0.993188 0.000000 -4.251375 0.000000 0.000000 1.000000 0.000000
0.992994 0.118169 0.000000 104.569536 -0.118169 0.992994 0.000000 -4.300447 0.000000 0.000000 1.000000 0.000000
0.993000 0.118116 0.000000 104.991472 -0.118116 0.993000 0.000000 -4.361045 0.000000 0.000000 1.000000 0.000000
0.992618 0.121286 0.000000 105.412501 -0.121286 0.992618 0.000000 -4.419353 0.000000 0.000000 1.000000 0.000000
0.991457 0.130435 0.000000 106.149239 -0.130435 0.991457 0.000000 -4.532735 0.000000 0.000000 1.000000 0.000000
0.991512 0.130017 0.000000 106.575676 -0.130017 0.991512 0.000000 -4.606406 0.000000 0.000000 1.000000 0.000000
0.991603 0.129316 0.000000 107.014737 -0.129316 0.991603 0.000000 -4.674190 0.000000 0.000000 1.000000 0.000000
0.991483 0.130234 0.000000 107.452520 -0.130234 0.991483 0.000000 -4.739280 0.000000 0.000000 1.000000 0.000000
0.991611 0.129261 0.000000 107.889299 -0.129261 0.991611 0.000000 -4.800849 0.000000 0.000000 1.000000 0.000000
0.991133 0.132872 0.000000 108.326638 -0.132872 0.991133 0.000000 -4.854560 0.000000 0.000000 1.000000 0.000000
0.991101 0.133113 0.000000 108.773004 -0.133113 0.991101 0.000000 -4.919245 0.000000 0.000000 1.000000 0.000000
0.991196 0.132402 0.000000 109.215951 -0.132402 0.991196 0.000000 -4.986127 0.000000 0.000000 1.000000 0.000000
0.991183 0.132498 0.000000 109.658664 -0.132498 0.991183 0.000000 -5.052188 0.000000 0.000000 1.000000 0.000000
0.991152 0.132732 0.000000 110.110231 -0.132732 0.991152 0.000000 -5.124831 0.000000 0.000000 1.000000 0.000000
0.990653 0.136403 0.000000 110.553735 -0.136403 0.990653 0.000000 -5.199280 0.000000 0.000000 1.000000 0.000000
0.990647 0.136449 0.000000 111.379131 -0.136449 0.990647 0.000000 -5.330760 0.000000 0.000000 1.000000 0.000000
0.990729 0.135853 0.000000 111.831642 -0.135853 0.990729 0.000000 -5.398374 0.000000 0.000000 1.000000 0.000000
0.990342 0.138648 0.000000 112.290039 -0.138648 0.990342 0.000000 -5.465368 0.000000 0.000000 1.000000 0.000000
0.990312 0.138858 0.000000 112.752752 -0.138858 0.990312 0.000000 -5.544268 0.000000 0.000000 1.000000 0.000000
0.989980 0.141209 0.000000 113.211809 -0.141209 0.989980 0.000000 -5.620225 0.000000 0.000000 1.000000 0.000000
0.989788 0.142548 0.000000 113.681747 -0.142548 0.989788 0.000000 -5.707469 0.000000 0.000000 1.000000 0.000000
0.989618 0.143721 0.000000 114.150135 -0.143721 0.989618 0.000000 -5.795715 0.000000 0.000000 1.000000 0.000000
0.988989 0.147989 0.000000 114.617644 -0.147989 0.988989 0.000000 -5.878722 0.000000 0.000000 1.000000 0.000000
0.988234 0.152948 0.000000 115.116995 -0.152948 0.988234 0.000000 -5.968005 0.000000 0.000000 1.000000 0.000000
0.987596 0.157015 0.000000 115.548605 -0.157015 0.987596 0.000000 -6.047281 0.000000 0.000000 1.000000 0.000000
0.987528 0.157446 0.000000 116.046866 -0.157446 0.987528 0.000000 -6.140377 0.000000 0.000000 1.000000 0.000000
0.987175 0.159640 0.000000 116.516653 -0.159640 0.987175 0.000000 -6.225466 0.000000 0.000000 1.000000 0.000000
0.987044 0.160449 0.000000 116.984821 -0.160449 0.987044 0.000000 -6.314764 0.000000 0.000000 1.000000 0.000000
0.987529 0.157439 0.000000 117.455303 -0.157439 0.987529 0.000000 -6.414594 0.000000 0.000000 1.000000 0.000000
0.987115 0.160013 0.000000 117.923938 -0.160013 0.987115 0.000000 -6.499711 0.000000 0.000000 1.000000 0.000000
0.986860 0.161580 0.000000 118.395102 -0.161580 0.986860 0.000000 -6.593729 0.000000 0.000000 1.000000 0.000000
0.986166 0.165762 0.000000 118.873069 -0.165762 0.986166 0.000000 -6.680690 0.000000 0.000000 1.000000 0.000000
0.984965 0.172753 0.000000 119.352854 -0.172753 0.984965 0.000000 -6.767491 0.000000 0.000000 1.000000 0.000000
0.984407 0.175906 0.000000 119.806626 -0.175906 0.984407 0.000000 -6.857519 0.000000 0.000000 1.000000 0.000000
0.984212 0.176994 0.000000 120.293062 -0.176994 0.984212 0.000000 -6.947717 0.000000 0.000000 1.000000 0.000000
0.983545 0.180661 0.000000 120.777972 -0.180661 0.983545 0.000000 -7.052023 0.000000 0.000000 1.000000 0.000000
0.983285 0.182071 0.000000 121.577229 -0.182071 0.983285 0.000000 -7.216318 0.000000 0.000000 1.000000 0.000000
0.983193 0.182568 0.000000 122.066952 -0.182568 0.983193 0.000000 -7.320048 0.000000 0.000000 1.000000 0.000000
0.985151 0.171688 0.000000 123.038356 -0.171688 0.985151 0.000000 -7.532536 0.000000 0.000000 1.000000 0.000000
0.985912 0.167268 0.000000 123.531917 -0.167268 0.985912 0.000000 -7.644761 0.000000 0.000000 1.000000 0.000000
0.986515 0.163669 0.000000 124.031114 -0.163669 0.986515 0.000000 -7.752201 0.000000 0.000000 1.000000 0.000000
0.986678 0.162685 0.000000 124.528084 -0.162685 0.986678 0.000000 -7.848179 0.000000 0.000000 1.000000 0.000000
0.987189 0.159556 0.000000 125.027536 -0.159556 0.987189 0.000000 -7.947833 0.000000 0.000000 1.000000 0.000000
0.986630 0.162978 0.000000 125.525441 -0.162978 0.986630 0.000000 -8.039363 0.000000 0.000000 1.000000 0.000000
0.987780 0.155854 0.000000 126.061551 -0.155854 0.987780 0.000000 -8.143782 0.000000 0.000000 1.000000 0.000000
0.987405 0.158212 0.000000 126.544388 -0.158212 0.987405 0.000000 -8.234025 0.000000 0.000000 1.000000 0.000000
0.987174 0.159649 0.000000 127.055168 -0.159649 0.987174 0.000000 -8.320147 0.000000 0.000000 1.000000 0.000000
0.987024 0.160572 0.000000 127.570841 -0.160572 0.987024 0.000000 -8.409737 0.000000 0.000000 1.000000 0.000000
0.987051 0.160407 0.000000 128.048465 -0.160407 0.987051 0.000000 -8.503228 0.000000 0.000000 1.000000 0.000000
0.987052 0.160403 0.000000 128.561575 -0.160403 0.987052 0.000000 -8.588967 0.000000 0.000000 1.000000 0.000000
0.987125 0.159948 0.000000 129.084890 -0.159948 0.987125 0.000000 -8.685298 0.000000 0.000000 1.000000 0.000000
0.986698 0.162564 0.000000 129.566049 -0.162564 0.986698 0.000000 -8.773603 0.000000 0.000000 1.000000 0.000000
0.987252 0.159168 0.000000 130.086254 -0.159168 0.987252 0.000000 -8.858967 0.000000 0.000000 1.000000 0.000000
0.986821 0.161813 0.000000 130.619133 -0.161813 0.986821 0.000000 -8.965861 0.000000 0.000000 1.000000 0.000000
0.986128 0.165985 0.000000 131.247169 -0.165985 0.986128 0.000000 -9.075344 0.000000 0.000000 1.000000 0.000000
0.985848 0.167643 0.000000 131.819053 -0.167643 0.985848 0.000000 -9.185920 0.000000 0.000000 1.000000 0.000000
0.984291 0.176556 0.000000 132.321820 -0.176556 0.984291 0.000000 -9.277186 0.000000 0.000000 1.000000 0.000000
0.984265 0.176698 0.000000 132.856275 -0.176698 0.984265 0.000000 -9.388451 0.000000 0.000000 1.000000 0.000000
0.983127 0.182924 0.000000 133.396059 -0.182924 0.983127 0.000000 -9.493531 0.000000 0.000000 1.000000 0.000000
0.982698 0.185215 0.000000 133.935181 -0.185215 0.982698 0.000000 -9.605470 0.000000 0.000000 1.000000 0.000000
0.981723 0.190317 0.000000 137.736056 -0.190317 0.981723 0.000000 -10.447144 0.000000 0.000000 1.000000 0.000000
0.981666 0.190610 0.000000 138.254376 -0.190610 0.981666 0.000000 -10.549026 0.000000 0.000000 1.000000 0.000000
0.984297 0.176519 0.000000 139.397708 -0.176519 0.984297 0.000000 -10.815805 0.000000 0.000000 1.000000 0.000000
0.983355 0.181692 0.000000 140.515549 -0.181692 0.983355 0.000000 -11.062558 0.000000 0.000000 1.000000 0.000000
0.983194 0.182562 0.000000 141.079122 -0.182562 0.983194 0.000000 -11.178344 0.000000 0.000000 1.000000 0.000000
0.983038 0.183401 0.000000 141.642783 -0.183401 0.983038 0.000000 -11.305149 0.000000 0.000000 1.000000 0.000000
0.983096 0.183088 0.000000 142.206374 -0.183088 0.983096 0.000000 -11.429704 0.000000 0.000000 1.000000 0.000000
0.983281 0.182093 0.000000 142.768583 -0.182093 0.983281 0.000000 -11.568395 0.000000 0.000000 1.000000 0.000000
0.983942 0.178489 0.000000 143.339906 -0.178489 0.983942 0.000000 -11.686491 0.000000 0.000000 1.000000 0.000000
0.983343 0.181761 0.000000 143.909986 -0.181761 0.983343 0.000000 -11.807006 0.000000 0.000000 1.000000 0.000000
0.983082 0.183166 0.000000 144.488193 -0.183166 0.983082 0.000000 -11.937423 0.000000 0.000000 1.000000 0.000000
0.983385 0.181533 0.000000 145.056965 -0.181533 0.983385 0.000000 -12.078710 0.000000 0.000000 1.000000 0.000000
0.983092 0.183112 0.000000 145.982211 -0.183112 0.983092 0.000000 -12.275366 0.000000 0.000000 1.000000 0.000000
0.982088 0.188424 0.000000 146.551186 -0.188424 0.982088 0.000000 -12.405403 0.000000 0.000000 1.000000 0.000000
0.982103 0.188344 0.000000 147.120427 -0.188344 0.982103 0.000000 -12.546330 0.000000 0.000000 1.000000 0.000000
0.981212 0.192932 0.000000 147.696916 -0.192932 0.981212 0.000000 -12.669346 0.000000 0.000000 1.000000 0.000000
0.980077 0.198616 0.000000 148.304851 -0.198616 0.980077 0.000000 -12.802632 0.000000 0.000000 1.000000 0.000000
0.979321 0.202311 0.000000 148.827089 -0.202311 0.979321 0.000000 -12.922423 0.000000 0.000000 1.000000 0.000000
0.978920 0.204244 0.000000 149.423952 -0.204244 0.978920 0.000000 -13.069956 0.000000 0.000000 1.000000 0.000000
0.978711 0.205243 0.000000 149.986689 -0.205243 0.978711 0.000000 -13.213242 0.000000 0.000000 1.000000 0.000000
0.978465 0.206414 0.000000 150.555600 -0.206414 0.978465 0.000000 -13.347452 0.000000 0.000000 1.000000 0.000000
0.977996 0.208622 0.000000 151.129688 -0.208622 0.977996 0.000000 -13.478174 0.000000 0.000000 1.000000 0.000000
0.977510 0.210889 0.000000 151.694392 -0.210889 0.977510 0.000000 -13.609174 0.000000 0.000000 1.000000 0.000000
0.977876 0.209184 0.000000 152.251369 -0.209184 0.977876 0.000000 -13.737729 0.000000 0.000000 1.000000 0.000000
0.977874 0.209195 0.000000 152.808289 -0.209195 0.977874 0.000000 -13.873380 0.000000 0.000000 1.000000 0.000000
0.977796 0.209558 0.000000 153.378289 -0.209558 0.977796 0.000000 -13.983406 0.000000 0.000000 1.000000 0.000000
0.978014 0.208539 0.000000 153.950626 -0.208539 0.978014 0.000000 -14.121232 0.000000 0.000000 1.000000 0.000000
0.977381 0.211487 0.000000 154.529595 -0.211487 0.977381 0.000000 -14.243460 0.000000 0.000000 1.000000 0.000000
0.976799 0.214157 0.000000 155.655257 -0.214157 0.976799 0.000000 -14.505141 0.000000 0.000000 1.000000 0.000000
0.976644 0.214862 0.000000 156.208144 -0.214862 0.976644 0.000000 -14.631369 0.000000 0.000000 1.000000 0.000000
0.977128 0.212654 0.000000 156.725285 -0.212654 0.977128 0.000000 -14.766192 0.000000 0.000000 1.000000 0.000000
0.975869 0.218356 0.000000 157.300884 -0.218356 0.975869 0.000000 -14.896445 0.000000 0.000000 1.000000 0.000000
0.975316 0.220815 0.000000 157.851928 -0.220815 0.975316 0.000000 -15.027722 0.000000 0.000000 1.000000 0.000000
0.975538 0.219829 0.000000 158.953553 -0.219829 0.975538 0.000000 -15.299899 0.000000 0.000000 1.000000 0.000000
0.975669 0.219251 0.000000 159.513489 -0.219251 0.975669 0.000000 -15.430436 0.000000 0.000000 1.000000 0.000000
0.975595 0.219577 0.000000 160.041598 -0.219577 0.975595 0.000000 -15.560775 0.000000 0.000000 1.000000 0.000000
0.975395 0.220464 0.000000 160.594234 -0.220464 0.975395 0.000000 -15.695712 0.000000 0.000000 1.000000 0.000000
0.975729 0.218983 0.000000 161.159443 -0.218983 0.975729 0.000000 -15.827680 0.000000 0.000000 1.000000 0.000000
0.975142 0.221583 0.000000 161.687588 -0.221583 0.975142 0.000000 -15.951882 0.000000 0.000000 1.000000 0.000000
0.974131 0.225986 0.000000 162.446287 -0.225986 0.974131 0.000000 -16.122610 0.000000 0.000000 1.000000 0.000000
0.973677 0.227934 0.000000 163.009598 -0.227934 0.973677 0.000000 -16.249759 0.000000 0.000000 1.000000 0.000000
0.973204 0.229945 0.000000 163.570709 -0.229945 0.973204 0.000000 -16.378363 0.000000 0.000000 1.000000 0.000000
0.971813 0.235754 0.000000 164.165415 -0.235754 0.971813 0.000000 -16.509426 0.000000 0.000000 1.000000 0.000000
0.971947 0.235199 0.000000 164.694696 -0.235199 0.971947 0.000000 -16.636378 0.000000 0.000000 1.000000 0.000000
0.972441 0.233150 0.000000 165.300621 -0.233150 0.972441 0.000000 -16.799046 0.000000 0.000000 1.000000 0.000000
0.971428 0.237334 0.000000 165.871845 -0.237334 0.971428 0.000000 -16.931914 0.000000 0.000000 1.000000 0.000000
0.971718 0.236146 0.000000 166.444212 -0.236146 0.971718 0.000000 -17.071838 0.000000 0.000000 1.000000 0.000000
0.970192 0.242340 0.000000 167.020175 -0.242340 0.970192 0.000000 -17.220658 0.000000 0.000000 1.000000 0.000000
0.971219 0.238188 0.000000 167.581472 -0.238188 0.971219 0.000000 -17.374967 0.000000 0.000000 1.000000 0.000000
0.971472 0.237156 0.000000 168.151445 -0.237156 0.971472 0.000000 -17.521660 0.000000 0.000000 1.000000 0.000000
0.971440 0.237286 0.000000 168.717970 -0.237286 0.971440 0.000000 -17.669806 0.000000 0.000000 1.000000 0.000000
0.972269 0.233866 0.000000 169.289638 -0.233866 0.972269 0.000000 -17.830584 0.000000 0.000000 1.000000 0.000000
0.973801 0.227403 0.000000 169.853238 -0.227403 0.973801 0.000000 -17.985560 0.000000 0.000000 1.000000 0.000000
0.974562 0.224119 0.000000 170.430661 -0.224119 0.974562 0.000000 -18.129591 0.000000 0.000000 1.000000 0.000000
0.974365 0.224973 0.000000 171.005634 -0.224973 0.974365 0.000000 -18.271967 0.000000 0.000000 1.000000 0.000000
0.974927 0.222525 0.000000 171.576872 -0.222525 0.974927 0.000000 -18.416996 0.000000 0.000000 1.000000 0.000000
0.974414 0.224762 0.000000 172.115285 -0.224762 0.974414 0.000000 -18.545407 0.000000 0.000000 1.000000 0.000000
0.974287 0.225310 0.000000 172.730020 -0.225310 0.974287 0.000000 -18.700318 0.000000 0.000000 1.000000 0.000000
0.974375 0.224929 0.000000 173.260258 -0.224929 0.974375 0.000000 -18.828136 0.000000 0.000000 1.000000 0.000000
0.974306 0.225230 0.000000 173.833910 -0.225230 0.974306 0.000000 -18.975317 0.000000 0.000000 1.000000 0.000000
0.973788 0.227456 0.000000 174.410553 -0.227456 0.973788 0.000000 -19.117327 0.000000 0.000000 1.000000 0.000000
0.972972 0.230925 0.000000 174.990653 -0.230925 0.972972 0.000000 -19.259227 0.000000 0.000000 1.000000 0.000000
0.970986 0.239134 0.000000 175.564086 -0.239134 0.970986 0.000000 -19.413244 0.000000 0.000000 1.000000 0.000000
0.970595 0.240719 0.000000 176.135894 -0.240719 0.970595 0.000000 -19.562865 0.000000 0.000000 1.000000 0.000000
0.970447 0.241315 0.000000 176.707642 -0.241315 0.970447 0.000000 -19.715390 0.000000 0.000000 1.000000 0.000000
0.970251 0.242102 0.000000 177.280050 -0.242102 0.970251 0.000000 -19.864327 0.000000 0.000000 1.000000 0.000000
0.969666 0.244436 0.000000 177.851638 -0.244436 0.969666 0.000000 -20.020273 0.000000 0.000000 1.000000 0.000000
0.968992 0.247093 0.000000 178.435619 -0.247093 0.968992 0.000000 -20.171401 0.000000 0.000000 1.000000 0.000000
0.969294 0.245904 0.000000 178.999718 -0.245904 0.969294 0.000000 -20.331300 0.000000 0.000000 1.000000 0.000000
0.969501 0.245088 0.000000 179.573934 -0.245088 0.969501 0.000000 -20.488847 0.000000 0.000000 1.000000 0.000000
0.968830 0.247725 0.000000 180.146928 -0.247725 0.968830 0.000000 -20.644531 0.000000 0.000000 1.000000 0.000000
0.968558 0.248788 0.000000 180.694630 -0.248788 0.968558 0.000000 -20.780877 0.000000 0.000000 1.000000 0.000000
0.968661 0.248385 0.000000 181.272168 -0.248385 0.968661 0.000000 -20.937793 0.000000 0.000000 1.000000 0.000000
0.967524 0.252778 0.000000 181.848824 -0.252778 0.967524 0.000000 -21.102132 0.000000 0.000000 1.000000 0.000000
0.967500 0.252870 0.000000 182.400425 -0.252870 0.967500 0.000000 -21.249163 0.000000 0.000000 1.000000 0.000000
0.968181 0.250252 0.000000 182.965152 -0.250252 0.968181 0.000000 -21.408610 0.000000 0.000000 1.000000 0.000000
0.967363 0.253395 0.000000 183.536351 -0.253395 0.967363 0.000000 -21.563783 0.000000 0.000000 1.000000 0.000000
0.968278 0.249874 0.000000 184.073192 -0.249874 0.968278 0.000000 -21.721835 0.000000 0.000000 1.000000 0.000000
0.968145 0.250389 0.000000 184.634240 -0.250389 0.968145 0.000000 -21.887856 0.000000 0.000000 1.000000 0.000000
0.967298 0.253642 0.000000 185.196873 -0.253642 0.967298 0.000000 -22.051333 0.000000 0.000000 1.000000 0.000000
0.967131 0.254279 0.000000 185.724659 -0.254279 0.967131 0.000000 -22.197201 0.000000 0.000000 1.000000 0.000000
0.966800 0.255533 0.000000 186.293448 -0.255533 0.966800 0.000000 -22.361524 0.000000 0.000000 1.000000 0.000000
0.966299 0.257424 0.000000 186.857538 -0.257424 0.966299 0.000000 -22.527745 0.000000 0.000000 1.000000 0.000000
0.965579 0.260111 0.000000 187.674305 -0.260111 0.965579 0.000000 -22.773059 0.000000 0.000000 1.000000 0.000000
0.964949 0.262437 0.000000 188.236383 -0.262437 0.964949 0.000000 -22.936339 0.000000 0.000000 1.000000 0.000000
0.964233 0.265057 0.000000 188.802203 -0.265057 0.964233 0.000000 -23.096496 0.000000 0.000000 1.000000 0.000000
0.964406 0.264425 0.000000 189.364510 -0.264425 0.964406 0.000000 -23.255933 0.000000 0.000000 1.000000 0.000000
0.964104 0.265525 0.000000 189.923515 -0.265525 0.964104 0.000000 -23.418189 0.000000 0.000000 1.000000 0.000000
0.964559 0.263867 0.000000 190.481710 -0.263867 0.964559 0.000000 -23.573527 0.000000 0.000000 1.000000 0.000000
0.965463 0.260542 0.000000 191.040770 -0.260542 0.965463 0.000000 -23.738596 0.000000 0.000000 1.000000 0.000000
0.965416 0.260716 0.000000 191.619736 -0.260716 0.965416 0.000000 -23.907456 0.000000 0.000000 1.000000 0.000000
0.965617 0.259969 0.000000 192.122710 -0.259969 0.965617 0.000000 -24.048579 0.000000 0.000000 1.000000 0.000000
0.965316 0.261085 0.000000 193.090228 -0.261085 0.965316 0.000000 -24.325863 0.000000 0.000000 1.000000 0.000000
0.965319 0.261073 0.000000 193.655095 -0.261073 0.965319 0.000000 -24.480108 0.000000 0.000000 1.000000 0.000000
0.964994 0.262271 0.000000 194.362798 -0.262271 0.964994 0.000000 -24.679312 0.000000 0.000000 1.000000 0.000000
0.964657 0.263510 0.000000 195.075559 -0.263510 0.964657 0.000000 -24.887423 0.000000 0.000000 1.000000 0.000000
0.964001 0.265900 0.000000 196.021934 -0.265900 0.964001 0.000000 -25.170211 0.000000 0.000000 1.000000 0.000000
0.964097 0.265551 0.000000 196.573247 -0.265551 0.964097 0.000000 -25.335864 0.000000 0.000000 1.000000 0.000000
0.964376 0.264535 0.000000 197.139567 -0.264535 0.964376 0.000000 -25.502702 0.000000 0.000000 1.000000 0.000000
0.964230 0.265067 0.000000 197.694422 -0.265067 0.964230 0.000000 -25.659261 0.000000 0.000000 1.000000 0.000000
0.964037 0.265768 0.000000 198.213931 -0.265768 0.964037 0.000000 -25.808399 0.000000 0.000000 1.000000 0.000000
0.965044 0.262088 0.000000 198.774601 -0.262088 0.965044 0.000000 -25.976922 0.000000 0.000000 1.000000 0.000000
0.964458 0.264235 0.000000 199.331495 -0.264235 0.964458 0.000000 -26.145936 0.000000 0.000000 1.000000 0.000000
0.964363 0.264582 0.000000 200.118076 -0.264582 0.964363 0.000000 -26.391094 0.000000 0.000000 1.000000 0.000000
0.964852 0.262795 0.000000 200.680090 -0.262795 0.964852 0.000000 -26.558148 0.000000 0.000000 1.000000 0.000000
0.965059 0.262031 0.000000 201.239008 -0.262031 0.965059 0.000000 -26.717230 0.000000 0.000000 1.000000 0.000000
0.965085 0.261939 0.000000 201.793709 -0.261939 0.965085 0.000000 -26.878983 0.000000 0.000000 1.000000 0.000000
0.966289 0.257460 0.000000 202.385496 -0.257460 0.966289 0.000000 -27.049123 0.000000 0.000000 1.000000 0.000000
0.966438 0.256901 0.000000 202.905666 -0.256901 0.966438 0.000000 -27.198808 0.000000 0.000000 1.000000 0.000000
0.966450 0.256855 0.000000 203.492702 -0.256855 0.966450 0.000000 -27.378748 0.000000 0.000000 1.000000 0.000000
0.967077 0.254486 0.000000 204.014483 -0.254486 0.967077 0.000000 -27.531272 0.000000 0.000000 1.000000 0.000000
0.967140 0.254243 0.000000 204.605924 -0.254243 0.967140 0.000000 -27.705886 0.000000 0.000000 1.000000 0.000000
0.967584 0.252550 0.000000 205.160323 -0.252550 0.967584 0.000000 -27.862468 0.000000 0.000000 1.000000 0.000000
0.967350 0.253445 0.000000 205.716362 -0.253445 0.967350 0.000000 -28.007132 0.000000 0.000000 1.000000 0.000000
0.967764 0.251860 0.000000 206.272366 -0.251860 0.967764 0.000000 -28.166328 0.000000 0.000000 1.000000 0.000000
0.967578 0.252572 0.000000 206.818549 -0.252572 0.967578 0.000000 -28.320181 0.000000 0.000000 1.000000 0.000000
0.967614 0.252434 0.000000 207.369401 -0.252434 0.967614 0.000000 -28.481588 0.000000 0.000000 1.000000 0.000000
0.968143 0.250399 0.000000 207.928295 -0.250399 0.968143 0.000000 -28.635334 0.000000 0.000000 1.000000 0.000000
0.968571 0.248736 0.000000 208.479682 -0.248736 0.968571 0.000000 -28.785942 0.000000 0.000000 1.000000 0.000000
0.967069 0.254515 0.000000 209.023094 -0.254515 0.967069 0.000000 -28.937571 0.000000 0.000000 1.000000 0.000000
0.967593 0.252514 0.000000 209.573678 -0.252514 0.967593 0.000000 -29.094008 0.000000 0.000000 1.000000 0.000000
