0.999999 0.001228 0.000000 0.619236 -0.001228 0.999999 0.000000 -0.010927 0.000000 0.000000 1.000000 0.000000
1.000000 -0.000193 0.000000 1.308828 0.000193 1.000000 0.000000 -0.030036 0.000000 0.000000 1.000000 0.000000
1.000000 0.000374 0.000000 1.941175 -0.000374 1.000000 0.000000 -0.048170 0.000000 0.000000 1.000000 0.000000
1.000000 0.000458 0.000000 2.559314 -0.000458 1.000000 0.000000 -0.053255 0.000000 0.000000 1.000000 0.000000
0.999999 0.001719 0.000000 3.208762 -0.001719 0.999999 0.000000 -0.064176 0.000000 0.000000 1.000000 0.000000
1.000000 0.000041 0.000000 3.860862 -0.000041 1.000000 0.000000 -0.081872 0.000000 0.000000 1.000000 0.000000
0.999999 -0.001135 0.000000 4.510651 0.001135 0.999999 0.000000 -0.092732 0.000000 0.000000 1.000000 0.000000
0.999999 0.001228 0.000000 5.146826 -0.001228 0.999999 0.000000 -0.107441 0.000000 0.000000 1.000000 0.000000
1.000000 0.000915 0.000000 5.780819 -0.000915 1.000000 0.000000 -0.129296 0.000000 0.000000 1.000000 0.000000
0.999996 0.002882 0.000000 6.424587 -0.002882 0.999996 0.000000 -0.144009 0.000000 0.000000 1.000000 0.000000
0.999996 0.002893 0.000000 6.996475 -0.002893 0.999996 0.000000 -0.157869 0.000000 0.000000 1.000000 0.000000
0.999993 0.003638 0.000000 7.622552 -0.003638 0.999993 0.000000 -0.170892 0.000000 0.000000 1.000000 0.000000
0.999988 0.004917 0.000000 8.248744 -0.004917 0.999988 0.000000 -0.183084 0.000000 0.000000 1.000000 0.000000
0.999999 0.001017 0.000000 8.901820 -0.001017 0.999999 0.000000 -0.210986 0.000000 0.000000 1.000000 0.000000
1.000000 0.000504 0.000000 9.527592 -0.000504 1.000000 0.000000 -0.219795 0.000000 0.000000 1.000000 0.000000
0.999981 -0.006217 0.000000 10.155715 0.006217 0.999981 0.000000 -0.242634 0.000000 0.000000 1.000000 0.000000
0.999981 -0.006104 0.000000 10.780278 0.006104 0.999981 0.000000 -0.251621 0.000000 0.000000 1.000000 0.000000
0.999996 -0.002751 0.000000 11.401835 0.002751 0.999996 0.000000 -0.258476 0.000000 0.000000 1.000000 0.000000
0.999989 -0.004722 0.000000 12.018381 0.004722 0.999989 0.000000 -0.276244 0.000000 0.000000 1.000000 0.000000
0.999994 -0.003404 0.000000 12.626954 0.003404 0.999994 0.000000 -0.300193 0.000000 0.000000 1.000000 0.000000
0.999994 -0.003489 0.000000 13.253740 0.003489 0.999994 0.000000 -0.309435 0.000000 0.000000 1.000000 0.000000
0.999997 -0.002591 0.000000 13.871563 0.002591 0.999997 0.000000 -0.323118 0.000000 0.000000 1.000000 0.000000
1.000000 -0.000832 0.000000 14.472769 0.000832 1.000000 0.000000 -0.342590 0.000000 0.000000 1.000000 0.000000
0.999997 -0.002453 0.000000 15.117202 0.002453 0.999997 0.000000 -0.364597 0.000000 0.000000 1.000000 0.000000
0.999993 -0.003798 0.000000 15.718148 0.003798 0.999993 0.000000 -0.380160 0.000000 0.000000 1.000000 0.000000
0.999988 -0.004840 0.000000 16.301998 0.004840 0.999988 0.000000 -0.406208 0.000000 0.000000 1.000000 0.000000
0.999991 -0.004322 0.000000 16.965000 0.004322 0.999991 0.000000 -0.437981 0.000000 0.000000 1.000000 0.000000
0.999995 -0.003259 0.000000 17.602402 0.003259 0.999995 0.000000 -0.466111 0.000000 0.000000 1.000000 0.000000
0.999998 -0.002171 0.000000 18.210276 0.002171 0.999998 0.000000 -0.488652 0.000000 0.000000 1.000000 0.000000
1.000000 0.000163 0.000000 18.797646 -0.000163 1.000000 0.000000 -0.507016 0.000000 0.000000 1.000000 0.000000
0.999989 0.004615 0.000000 19.441516 -0.004615 0.999989 0.000000 -0.524239 0.000000 0.000000 1.000000 0.000000
0.999977 0.006824 0.000000 20.057573 -0.006824 0.999977 0.000000 -0.544611 0.000000 0.000000 1.000000 0.000000
0.999964 0.008490 0.000000 20.694364 -0.008490 0.999964 0.000000 -0.567239 0.000000 0.000000 1.000000 0.000000
0.999971 0.007600 0.000000 21.355374 -0.007600 0.999971 0.000000 -0.582719 0.000000 0.000000 1.000000 0.000000
0.999975 0.007015 0.000000 22.195839 -0.007015 0.999975 0.000000 -0.622938 0.000000 0.000000 1.000000 0.000000
0.999958 0.009200 0.000000 22.840717 -0.009200 0.999958 0.000000 -0.649311 0.000000 0.000000 1.000000 0.000000
0.999946 0.010432 0.000000 23.494315 -0.010432 0.999946 0.000000 -0.671760 0.000000 0.000000 1.000000 0.000000
0.999930 0.011823 0.000000 24.134209 -0.011823 0.999930 0.000000 -0.701306 0.000000 0.000000 1.000000 0.000000
0.999908 0.013568 0.000000 24.775176 -0.013568 0.999908 0.000000 -0.734618 0.000000 0.000000 1.000000 0.000000
0.999933 0.011606 0.000000 25.420204 -0.011606 0.999933 0.000000 -0.776898 0.000000 0.000000 1.000000 0.000000
0.999897 0.014342 0.000000 26.072663 -0.014342 0.999897 0.000000 -0.799713 0.000000 0.000000 1.000000 0.000000
0.999884 0.015235 0.000000 26.732794 -0.015235 0.999884 0.000000 -0.834062 0.000000 0.000000 1.000000 0.000000
0.999833 0.018259 0.000000 27.379725 -0.018259 0.999833 0.000000 -0.853826 0.000000 0.000000 1.000000 0.000000
0.999871 0.016050 0.000000 28.009018 -0.016050 0.999871 0.000000 -0.891386 0.000000 0.000000 1.000000 0.000000
0.999812 0.019383 0.000000 28.662444 -0.019383 0.999812 0.000000 -0.906111 0.000000 0.000000 1.000000 0.000000
0.999855 0.017053 0.000000 29.319054 -0.017053 0.999855 0.000000 -0.936468 0.000000 0.000000 1.000000 0.000000
0.999845 0.017623 0.000000 29.963055 -0.017623 0.999845 0.000000 -0.961943 0.000000 0.000000 1.000000 0.000000
0.999835 0.018150 0.000000 30.609438 -0.018150 0.999835 0.000000 -0.982037 0.000000 0.000000 1.000000 0.000000
0.999875 0.015823 0.000000 31.208663 -0.015823 0.999875 0.000000 -1.016804 0.000000 0.000000 1.000000 0.000000
0.999869 0.016162 0.000000 31.855775 -0.016162 0.999869 0.000000 -1.055465 0.000000 0.000000 1.000000 0.000000
0.999813 0.019363 0.000000 32.480519 -0.019363 0.999813 0.000000 -1.072592 0.000000 0.000000 1.000000 0.000000
0.999830 0.018419 0.000000 33.143808 -0.018419 0.999830 0.000000 -1.094242 0.000000 0.000000 1.000000 0.000000
0.999864 0.016501 0.000000 33.799042 -0.016501 0.999864 0.000000 -1.124084 0.000000 0.000000 1.000000 0.000000
0.999868 0.016254 0.000000 34.426210 -0.016254 0.999868 0.000000 -1.145236 0.000000 0.000000 1.000000 0.000000
0.999878 0.015591 0.000000 35.080972 -0.015591 0.999878 0.000000 -1.166274 0.000000 0.000000 1.000000 0.000000
0.999899 0.014202 0.000000 35.723250 -0.014202 0.999899 0.000000 -1.183014 0.000000 0.000000 1.000000 0.000000
0.999903 0.013922 0.000000 36.353631 -0.013922 0.999903 0.000000 -1.202663 0.000000 0.000000 1.000000 0.000000
0.999880 0.015470 0.000000 37.007917 -0.015470 0.999880 0.000000 -1.220219 0.000000 0.000000 1.000000 0.000000
0.999883 0.015282 0.000000 37.668504 -0.015282 0.999883 0.000000 -1.233892 0.000000 0.000000 1.000000 0.000000
0.999914 0.013082 0.000000 38.268499 -0.013082 0.999914 0.000000 -1.257127 0.000000 0.000000 1.000000 0.000000
0.999906 0.013720 0.000000 38.924013 -0.013720 0.999906 0.000000 -1.268420 0.000000 0.000000 1.000000 0.000000
0.999955 0.009445 0.000000 39.584203 -0.009445 0.999955 0.000000 -1.290811 0.000000 0.000000 1.000000 0.000000
0.999929 0.011940 0.000000 40.240363 -0.011940 0.999929 0.000000 -1.299532 0.000000 0.000000 1.000000 0.000000
0.999972 0.007458 0.000000 40.904868 -0.007458 0.999972 0.000000 -1.315201 0.000000 0.000000 1.000000 0.000000
0.999990 0.004499 0.000000 41.566400 -0.004499 0.999990 0.000000 -1.335512 0.000000 0.000000 1.000000 0.000000
0.999991 0.004209 0.000000 42.176418 -0.004209 0.999991 0.000000 -1.349556 0.000000 0.000000 1.000000 0.000000
0.999989 0.004630 0.000000 42.846434 -0.004630 0.999989 0.000000 -1.358473 0.000000 0.000000 1.000000 0.000000
0.999975 0.007058 0.000000 43.504627 -0.007058 0.999975 0.000000 -1.367827 0.000000 0.000000 1.000000 0.000000
0.999967 0.008097 0.000000 44.187835 -0.008097 0.999967 0.000000 -1.378749 0.000000 0.000000 1.000000 0.000000
0.999958 0.009162 0.000000 44.847907 -0.009162 0.999958 0.000000 -1.393645 0.000000 0.000000 1.000000 0.000000
0.999993 0.003617 0.000000 45.519351 -0.003617 0.999993 0.000000 -1.402558 0.000000 0.000000 1.000000 0.000000
0.999975 0.007074 0.000000 46.561417 -0.007074 0.999975 0.000000 -1.436011 0.000000 0.000000 1.000000 0.000000
0.999984 0.005620 0.000000 47.235751 -0.005620 0.999984 0.000000 -1.455922 0.000000 0.000000 1.000000 0.000000
0.999991 0.004149 0.000000 47.882246 -0.004149 0.999991 0.000000 -1.471309 0.000000 0.000000 1.000000 0.000000
0.999994 0.003578 0.000000 48.556597 -0.003578 0.999994 0.000000 -1.492122 0.000000 0.000000 1.000000 0.000000
0.999995 0.003292 0.000000 49.207100 -0.003292 0.999995 0.000000 -1.514013 0.000000 0.000000 1.000000 0.000000
0.999995 0.003274 0.000000 49.870942 -0.003274 0.999995 0.000000 -1.532893 0.000000 0.000000 1.000000 0.000000
1.000000 0.000167 0.000000 50.533937 -0.000167 1.000000 0.000000 -1.545887 0.000000 0.000000 1.000000 0.000000
1.000000 -0.000684 0.000000 51.191159 0.000684 1.000000 0.000000 -1.565667 0.000000 0.000000 1.000000 0.000000
0.999995 -0.003214 0.000000 52.545818 0.003214 0.999995 0.000000 -1.580133 0.000000 0.000000 1.000000 0.000000
0.999985 -0.005435 0.000000 53.203542 0.005435 0.999985 0.000000 -1.585739 0.000000 0.000000 1.000000 0.000000
0.999952 -0.009754 0.000000 53.831051 0.009754 0.999952 0.000000 -1.582085 0.000000 0.000000 1.000000 0.000000
0.999943 -0.010708 0.000000 54.481115 0.010708 0.999943 0.000000 -1.586672 0.000000 0.000000 1.000000 0.000000
0.999950 -0.010039 0.000000 55.159268 0.010039 0.999950 0.000000 -1.597072 0.000000 0.000000 1.000000 0.000000
0.999956 -0.009380 0.000000 55.825087 0.009380 0.999956 0.000000 -1.607221 0.000000 0.000000 1.000000 0.000000
0.999938 -0.011166 0.000000 56.467392 0.011166 0.999938 0.000000 -1.614720 0.000000 0.000000 1.000000 0.000000
0.999948 -0.010224 0.000000 57.109399 0.010224 0.999948 0.000000 -1.617025 0.000000 0.000000 1.000000 0.000000
0.999952 -0.009817 0.000000 57.736024 0.009817 0.999952 0.000000 -1.621768 0.000000 0.000000 1.000000 0.000000
0.999949 -0.010131 0.000000 58.342616 0.010131 0.999949 0.000000 -1.628453 0.000000 0.000000 1.000000 0.000000
0.999952 -0.009837 0.000000 58.998781 0.009837 0.999952 0.000000 -1.640343 0.000000 0.000000 1.000000 0.000000
0.999949 -0.010111 0.000000 59.631014 0.010111 0.999949 0.000000 -1.650182 0.000000 0.000000 1.000000 0.000000
0.999940 -0.010953 0.000000 60.214884 0.010953 0.999940 0.000000 -1.658143 0.000000 0.000000 1.000000 0.000000
0.999935 -0.011378 0.000000 60.870355 0.011378 0.999935 0.000000 -1.667610 0.000000 0.000000 1.000000 0.000000
0.999917 -0.012912 0.000000 61.490534 0.012912 0.999917 0.000000 -1.679151 0.000000 0.000000 1.000000 0.000000
0.999925 -0.012264 0.000000 62.055327 0.012264 0.999925 0.000000 -1.688712 0.000000 0.000000 1.000000 0.000000
0.999912 -0.013292 0.000000 62.699890 0.013292 0.999912 0.000000 -1.695841 0.000000 0.000000 1.000000 0.000000
0.999916 -0.012995 0.000000 63.273320 0.012995 0.999916 0.000000 -1.696035 0.000000 0.000000 1.000000 0.000000
0.999959 -0.009103 0.000000 63.903959 0.009103 0.999959 0.000000 -1.695578 0.000000 0.000000 1.000000 0.000000
0.999961 -0.008845 0.000000 64.532389 0.008845 0.999961 0.000000 -1.695747 0.000000 0.000000 1.000000 0.000000
0.999965 -0.008318 0.000000 65.359965 0.008318 0.999965 0.000000 -1.703723 0.000000 0.000000 1.000000 0.000000
0.999969 -0.007837 0.000000 65.959977 0.007837 0.999969 0.000000 -1.711291 0.000000 0.000000 1.000000 0.000000
0.999983 -0.005787 0.000000 66.572741 0.005787 0.999983 0.000000 -1.718476 0.000000 0.000000 1.000000 0.000000
0.999948 -0.010169 0.000000 67.179282 0.010169 0.999948 0.000000 -1.723970 0.000000 0.000000 1.000000 0.000000
0.999951 -0.009888 0.000000 67.800558 0.009888 0.999951 0.000000 -1.721782 0.000000 0.000000 1.000000 0.000000
0.999907 -0.013643 0.000000 68.385687 0.013643 0.999907 0.000000 -1.723407 0.000000 0.000000 1.000000 0.000000
0.999886 -0.015127 0.000000 69.048538 0.015127 0.999886 0.000000 -1.730645 0.000000 0.000000 1.000000 0.000000
0.999882 -0.015373 0.000000 69.666430 0.015373 0.999882 0.000000 -1.732862 0.000000 0.000000 1.000000 0.000000
0.999866 -0.016388 0.000000 70.267699 0.016388 0.999866 0.000000 -1.740702 0.000000 0.000000 1.000000 0.000000
0.999911 -0.013327 0.000000 71.458614 0.013327 0.999911 0.000000 -1.762479 0.000000 0.000000 1.000000 0.000000
0.999884 -0.015261 0.000000 72.066741 0.015261 0.999884 0.000000 -1.768219 0.000000 0.000000 1.000000 0.000000
0.999901 -0.014049 0.000000 72.659996 0.014049 0.999901 0.000000 -1.773007 0.000000 0.000000 1.000000 0.000000
0.999923 -0.012413 0.000000 73.251505 0.012413 0.999923 0.000000 -1.788057 0.000000 0.000000 1.000000 0.000000
0.999920 -0.012677 0.000000 73.844393 0.012677 0.999920 0.000000 -1.798204 0.000000 0.000000 1.000000 0.000000
0.999942 -0.010738 0.000000 74.430952 0.010738 0.999942 0.000000 -1.801918 0.000000 0.000000 1.000000 0.000000
0.999935 -0.011394 0.000000 75.030302 0.011394 0.999935 0.000000 -1.811389 0.000000 0.000000 1.000000 0.000000
0.999912 -0.013280 0.000000 75.595195 0.013280 0.999912 0.000000 -1.815602 0.000000 0.000000 1.000000 0.000000
0.999904 -0.013863 0.000000 76.175028 0.013863 0.999904 0.000000 -1.822377 0.000000 0.000000 1.000000 0.000000
0.999915 -0.013068 0.000000 76.742935 0.013068 0.999915 0.000000 -1.823067 0.000000 0.000000 1.000000 0.000000
0.999914 -0.013081 0.000000 77.289052 0.013081 0.999914 0.000000 -1.829008 0.000000 0.000000 1.000000 0.000000
0.999911 -0.013352 0.000000 77.842852 0.013352 0.999911 0.000000 -1.838951 0.000000 0.000000 1.000000 0.000000
0.999910 -0.013430 0.000000 78.386098 0.013430 0.999910 0.000000 -1.846401 0.000000 0.000000 1.000000 0.000000
0.999930 -0.011813 0.000000 78.918316 0.011813 0.999930 0.000000 -1.848901 0.000000 0.000000 1.000000 0.000000
0.999947 -0.010329 0.000000 79.457958 0.010329 0.999947 0.000000 -1.848683 0.000000 0.000000 1.000000 0.000000
0.999972 -0.007457 0.000000 79.980821 0.007457 0.999972 0.000000 -1.853446 0.000000 0.000000 1.000000 0.000000
0.999989 -0.004754 0.000000 80.501133 0.004754 0.999989 0.000000 -1.850998 0.000000 0.000000 1.000000 0.000000
0.999986 -0.005364 0.000000 81.035463 0.005364 0.999986 0.000000 -1.856318 0.000000 0.000000 1.000000 0.000000
0.999985 -0.005535 0.000000 81.569366 0.005535 0.999985 0.000000 -1.863469 0.000000 0.000000 1.000000 0.000000
0.999986 -0.005242 0.000000 82.069844 0.005242 0.999986 0.000000 -1.867153 0.000000 0.000000 1.000000 0.000000
0.999991 -0.004282 0.000000 82.599202 0.004282 0.999991 0.000000 -1.876345 0.000000 0.000000 1.000000 0.000000
0.999998 -0.001785 0.000000 83.123201 0.001785 0.999998 0.000000 -1.883139 0.000000 0.000000 1.000000 0.000000
0.999997 -0.002420 0.000000 83.612965 0.002420 0.999997 0.000000 -1.896722 0.000000 0.000000 1.000000 0.000000
0.999999 -0.001487 0.000000 84.139427 0.001487 0.999999 0.000000 -1.910142 0.000000 0.000000 1.000000 0.000000
1.000000 0.000070 0.000000 84.654525 -0.000070 1.000000 0.000000 -1.917863 0.000000 0.000000 1.000000 0.000000
0.999998 0.002080 0.000000 85.154657 -0.002080 0.999998 0.000000 -1.928948 0.000000 0.000000 1.000000 0.000000
0.999996 0.002999 0.000000 85.677994 -0.002999 0.999996 0.000000 -1.948539 0.000000 0.000000 1.000000 0.000000
0.999994 0.003333 0.000000 86.147237 -0.003333 0.999994 0.000000 -1.964185 0.000000 0.000000 1.000000 0.000000
0.999986 0.005354 0.000000 86.673539 -0.005354 0.999986 0.000000 -1.976300 0.000000 0.000000 1.000000 0.000000
0.999984 0.005709 0.000000 87.329161 -0.005709 0.999984 0.000000 -2.002640 0.000000 0.000000 1.000000 0.000000
0.999985 0.005517 0.000000 87.842361 -0.005517 0.999985 0.000000 -2.010130 0.000000 0.000000 1.000000 0.000000
0.999982 0.006007 0.000000 88.356576 -0.006007 0.999982 0.000000 -2.015603 0.000000 0.000000 1.000000 0.000000
0.999973 0.007282 0.000000 88.852134 -0.007282 0.999973 0.000000 -2.024650 0.000000 0.000000 1.000000 0.000000
0.999977 0.006739 0.000000 89.351383 -0.006739 0.999977 0.000000 -2.031018 0.000000 0.000000 1.000000 0.000000
0.999984 0.005578 0.000000 89.849435 -0.005578 0.999984 0.000000 -2.039428 0.000000 0.000000 1.000000 0.000000
0.999983 0.005853 0.000000 90.333103 -0.005853 0.999983 0.000000 -2.057439 0.000000 0.000000 1.000000 0.000000
0.999934 0.011488 0.000000 91.331323 -0.011488 0.999934 0.000000 -2.093363 0.000000 0.000000 1.000000 0.000000
0.999890 0.014822 0.000000 91.811759 -0.014822 0.999890 0.000000 -2.122712 0.000000 0.000000 1.000000 0.000000
0.999857 0.016900 0.000000 92.296742 -0.016900 0.999857 0.000000 -2.145306 0.000000 0.000000 1.000000 0.000000
0.999776 0.021143 0.000000 92.805732 -0.021143 0.999776 0.000000 -2.157300 0.000000 0.000000 1.000000 0.000000
0.999735 0.023015 0.000000 93.295867 -0.023015 0.999735 0.000000 -2.180924 0.000000 0.000000 1.000000 0.000000
0.999639 0.026867 0.000000 93.779339 -0.026867 0.999639 0.000000 -2.211926 0.000000 0.000000 1.000000 0.000000
0.999586 0.028776 0.000000 94.223133 -0.028776 0.999586 0.000000 -2.238402 0.000000 0.000000 1.000000 0.000000
0.999478 0.032295 0.000000 94.698571 -0.032295 0.999478 0.000000 -2.264646 0.000000 0.000000 1.000000 0.000000
0.999290 0.037665 0.000000 95.167592 -0.037665 0.999290 0.000000 -2.293243 0.000000 0.000000 1.000000 0.000000
0.999194 0.040132 0.000000 95.635962 -0.040132 0.999194 0.000000 -2.318782 0.000000 0.000000 1.000000 0.000000
0.999093 0.042581 0.000000 96.064930 -0.042581 0.999093 0.000000 -2.346007 0.000000 0.000000 1.000000 0.000000
0.999003 0.044643 0.000000 96.520476 -0.044643 0.999003 0.000000 -2.375375 0.000000 0.000000 1.000000 0.000000
0.998948 0.045850 0.000000 96.963798 -0.045850 0.998948 0.000000 -2.402024 0.000000 0.000000 1.000000 0.000000
0.998923 0.046398 0.000000 97.388724 -0.046398 0.998923 0.000000 -2.438794 0.000000 0.000000 1.000000 0.000000
0.998749 0.049995 0.000000 97.812221 -0.049995 0.998749 0.000000 -2.475893 0.000000 0.000000 1.000000 0.000000
0.998655 0.051844 0.000000 98.229538 -0.051844 0.998655 0.000000 -2.497490 0.000000 0.000000 1.000000 0.000000
0.998273 0.058751 0.000000 98.665836 -0.058751 0.998273 0.000000 -2.525503 0.000000 0.000000 1.000000 0.000000
0.997985 0.063454 0.000000 99.082532 -0.063454 0.997985 0.000000 -2.550596 0.000000 0.000000 1.000000 0.000000
0.997976 0.063588 0.000000 99.487740 -0.063588 0.997976 0.000000 -2.580984 0.000000 0.000000 1.000000 0.000000
0.998123 0.061237 0.000000 99.896090 -0.061237 0.998123 0.000000 -2.615384 0.000000 0.000000 1.000000 0.000000
0.997936 0.064218 0.000000 100.301446 -0.064218 0.997936 0.000000 -2.643260 0.000000 0.000000 1.000000 0.000000
0.998030 0.062738 0.000000 100.701848 -0.062738 0.998030 0.000000 -2.684562 0.000000 0.000000 1.000000 0.000000
0.997605 0.069175 0.000000 101.061494 -0.069175 0.997605 0.000000 -2.724538 0.000000 0.000000 1.000000 0.000000
0.997185 0.074985 0.000000 101.463020 -0.074985 0.997185 0.000000 -2.750122 0.000000 0.000000 1.000000 0.000000
0.997206 0.074706 0.000000 101.870037 -0.074706 0.997206 0.000000 -2.798502 0.000000 0.000000 1.000000 0.000000
0.996886 0.078852 0.000000 102.233029 -0.078852 0.996886 0.000000 -2.833304 0.000000 0.000000 1.000000 0.000000
0.996579 0.082648 0.000000 102.653248 -0.082648 0.996579 0.000000 -2.859047 0.000000 0.000000 1.000000 0.000000
0.996160 0.087556 0.000000 103.062945 -0.087556 0.996160 0.000000 -2.875633 0.000000 0.000000 1.000000 0.000000
0.995697 0.092671 0.000000 103.637916 -0.092671 0.995697 0.000000 -2.925254 0.000000 0.000000 1.000000 0.000000
0.995419 0.095609 0.000000 104.058541 -0.095609 0.995419 0.000000 -2.966218 0.000000 0.000000 1.000000 0.000000
0.995170 0.098171 0.000000 104.468130 -0.098171 0.995170 0.000000 -3.019095 0.000000 0.000000 1.000000 0.000000
0.994880 0.101064 0.000000 104.896239 -0.101064 0.994880 0.000000 -3.073311 0.000000 0.000000 1.000000 0.000000
0.994593 0.103846 0.000000 105.309631 -0.103846 0.994593 0.000000 -3.129236 0.000000 0.000000 1.000000 0.000000
0.994379 0.105875 0.000000 105.734773 -0.105875 0.994379 0.000000 -3.176148 0.000000 0.000000 1.000000 0.000000
0.994394 0.105739 0.000000 106.160983 -0.105739 0.994394 0.000000 -3.224420 0.000000 0.000000 1.000000 0.000000
0.994052 0.108910 0.000000 106.596922 -0.108910 0.994052 0.000000 -3.270412 0.000000 0.000000 1.000000 0.000000
0.993036 0.117809 0.000000 107.336082 -0.117809 0.993036 0.000000 -3.369514 0.000000 0.000000 1.000000 0.000000
0.993134 0.116980 0.000000 107.769519 -0.116980 0.993134 0.000000 -3.438216 0.000000 0.000000 1.000000 0.000000
0.993249 0.116002 0.000000 108.210287 -0.116002 0.993249 0.000000 -3.500893 0.000000 0.000000 1.000000 0.000000
0.993142 0.116914 0.000000 108.659921 -0.116914 0.993142 0.000000 -3.565758 0.000000 0.000000 1.000000 0.000000
0.993251 0.115984 0.000000 109.097218 -0.115984 0.993251 0.000000 -3.620463 0.000000 0.000000 1.000000 0.000000
0.992844 0.119418 0.000000 109.558358 -0.119418 0.992844 0.000000 -3.670222 0.000000 0.000000 1.000000 0.000000
0.992796 0.119821 0.000000 110.005250 -0.119821 0.992796 0.000000 -3.730237 0.000000 0.000000 1.000000 0.000000
0.992897 0.118973 0.000000 110.453336 -0.118973 0.992897 0.000000 -3.790497 0.000000 0.000000 1.000000 0.000000
0.992865 0.119243 0.000000 110.896128 -0.119243 0.992865 0.000000 -3.856945 0.000000 0.000000 1.000000 0.000000
0.992861 0.119277 0.000000 111.361004 -0.119277 0.992861 0.000000 -3.920987 0.000000 0.000000 1.000000 0.000000
0.992410 0.122975 0.000000 111.816444 -0.122975 0.992410 0.000000 -3.998890 0.000000 0.000000 1.000000 0.000000
0.992401 0.123043 0.000000 112.651152 -0.123043 0.992401 0.000000 -4.127762 0.000000 0.000000 1.000000 0.000000
0.992435 0.122772 0.000000 113.114301 -0.122772 0.992435 0.000000 -4.200008 0.000000 0.000000 1.000000 0.000000
0.992082 0.125595 0.000000 113.577399 -0.125595 0.992082 0.000000 -4.262045 0.000000 0.000000 1.000000 0.000000
0.992072 0.125671 0.000000 114.032676 -0.125671 0.992072 0.000000 -4.340350 0.000000 0.000000 1.000000 0.000000
0.991753 0.128166 0.000000 114.497722 -0.128166 0.991753 0.000000 -4.413800 0.000000 0.000000 1.000000 0.000000
0.991556 0.129677 0.000000 114.970491 -0.129677 0.991556 0.000000 -4.494084 0.000000 0.000000 1.000000 0.000000
0.991395 0.130902 0.000000 115.453267 -0.130902 0.991395 0.000000 -4.581720 0.000000 0.000000 1.000000 0.000000
0.990807 0.135283 0.000000 115.925343 -0.135283 0.990807 0.000000 -4.654286 0.000000 0.000000 1.000000 0.000000
0.990106 0.140321 0.000000 116.428368 -0.140321 0.990106 0.000000 -4.733696 0.000000 0.000000 1.000000 0.000000
0.989541 0.144250 0.000000 116.864030 -0.144250 0.989541 0.000000 -4.800006 0.000000 0.000000 1.000000 0.000000
0.989508 0.144476 0.000000 117.367643 -0.144476 0.989508 0.000000 -4.884330 0.000000 0.000000 1.000000 0.000000
0.989209 0.146512 0.000000 117.860980 -0.146512 0.989209 0.000000 -4.975912 0.000000 0.000000 1.000000 0.000000
0.989100 0.147245 0.000000 118.343469 -0.147245 0.989100 0.000000 -5.053171 0.000000 0.000000 1.000000 0.000000
0.989597 0.143870 0.000000 118.813622 -0.143870 0.989597 0.000000 -5.136714 0.000000 0.000000 1.000000 0.000000
0.989216 0.146461 0.000000 119.302218 -0.146461 0.989216 0.000000 -5.204727 0.000000 0.000000 1.000000 0.000000
0.989030 0.147716 0.000000 119.796546 -0.147716 0.989030 0.000000 -5.278861 0.000000 0.000000 1.000000 0.000000
0.988471 0.151412 0.000000 120.295090 -0.151412 0.988471 0.000000 -5.354404 0.000000 0.000000 1.000000 0.000000
0.987364 0.158468 0.000000 120.787220 -0.158468 0.987364 0.000000 -5.434048 0.000000 0.000000 1.000000 0.000000
0.986875 0.161487 0.000000 121.238273 -0.161487 0.986875 0.000000 -5.507596 0.000000 0.000000 1.000000 0.000000
0.986769 0.162132 0.000000 121.739321 -0.162132 0.986769 0.000000 -5.592983 0.000000 0.000000 1.000000 0.000000
0.986204 0.165533 0.000000 122.237091 -0.165533 0.986204 0.000000 -5.681170 0.000000 0.000000 1.000000 0.000000
0.986165 0.165765 0.000000 123.042334 -0.165765 0.986165 0.000000 -5.817368 0.000000 0.000000 1.000000 0.000000
0.986183 0.165657 0.000000 123.548188 -0.165657 0.986183 0.000000 -5.914453 0.000000 0.000000 1.000000 0.000000
0.987952 0.154758 0.000000 124.541729 -0.154758 0.987952 0.000000 -6.098595 0.000000 0.000000 1.000000 0.000000
0.988692 0.149958 0.000000 125.048566 -0.149958 0.988692 0.000000 -6.216009 0.000000 0.000000 1.000000 0.000000
0.989259 0.146175 0.000000 125.570225 -0.146175 0.989259 0.000000 -6.307938 0.000000 0.000000 1.000000 0.000000
0.989355 0.145522 0.000000 126.069816 -0.145522 0.989355 0.000000 -6.389380 0.000000 0.000000 1.000000 0.000000
0.989792 0.142518 0.000000 126.582955 -0.142518 0.989792 0.000000 -6.464232 0.000000 0.000000 1.000000 0.000000
0.989231 0.146363 0.000000 127.095009 -0.146363 0.989231 0.000000 -6.550771 0.000000 0.000000 1.000000 0.000000
0.990210 0.139588 0.000000 127.647722 -0.139588 0.990210 0.000000 -6.653023 0.000000 0.000000 1.000000 0.000000
0.989769 0.142679 0.000000 128.163222 -0.142679 0.989769 0.000000 -6.739368 0.000000 0.000000 1.000000 0.000000
0.989509 0.144469 0.000000 128.684937 -0.144469 0.989509 0.000000 -6.829997 0.000000 0.000000 1.000000 0.000000
0.989299 0.145902 0.000000 129.192661 -0.145902 0.989299 0.000000 -6.923354 0.000000 0.000000 1.000000 0.000000
0.989282 0.146020 0.000000 129.672128 -0.146020 0.989282 0.000000 -7.005748 0.000000 0.000000 1.000000 0.000000
0.989174 0.146751 0.000000 130.221953 -0.146751 0.989174 0.000000 -7.121569 0.000000 0.000000 1.000000 0.000000
0.989202 0.146557 0.000000 130.739362 -0.146557 0.989202 0.000000 -7.230456 0.000000 0.000000 1.000000 0.000000
0.988733 0.149687 0.000000 131.219023 -0.149687 0.988733 0.000000 -7.312184 0.000000 0.000000 1.000000 0.000000
0.989259 0.146175 0.000000 131.739434 -0.146175 0.989259 0.000000 -7.394280 0.000000 0.000000 1.000000 0.000000
0.988839 0.148990 0.000000 132.293046 -0.148990 0.988839 0.000000 -7.498940 0.000000 0.000000 1.000000 0.000000
0.988198 0.153183 0.000000 132.917384 -0.153183 0.988198 0.000000 -7.584837 0.000000 0.000000 1.000000 0.000000
0.987972 0.154630 0.000000 133.490010 -0.154630 0.987972 0.000000 -7.647782 0.000000 0.000000 1.000000 0.000000
0.986491 0.163813 0.000000 134.010083 -0.163813 0.986491 0.000000 -7.752947 0.000000 0.000000 1.000000 0.000000
0.986449 0.164069 0.000000 134.555135 -0.164069 0.986449 0.000000 -7.857729 0.000000 0.000000 1.000000 0.000000
0.985364 0.170463 0.000000 135.090626 -0.170463 0.985364 0.000000 -7.953647 0.000000 0.000000 1.000000 0.000000
0.985021 0.172435 0.000000 135.638983 -0.172435 0.985021 0.000000 -8.065988 0.000000 0.000000 1.000000 0.000000
0.984115 0.177534 0.000000 139.445558 -0.177534 0.984115 0.000000 -8.843531 0.000000 0.000000 1.000000 0.000000
0.984051 0.177886 0.000000 139.967157 -0.177886 0.984051 0.000000 -8.945844 0.000000 0.000000 1.000000 0.000000
0.999932 0.011687 0.000000 141.835062 -0.011687 0.999932 0.000000 -8.559045 0.000000 0.000000 1.000000 0.000000
0.999848 0.017440 0.000000 142.973305 -0.017440 0.999848 0.000000 -8.612627 0.000000 0.000000 1.000000 0.000000
0.999824 0.018767 0.000000 143.550670 -0.018767 0.999824 0.000000 -8.628276 0.000000 0.000000 1.000000 0.000000
0.999795 0.020245 0.000000 144.123559 -0.020245 0.999795 0.000000 -8.642772 0.000000 0.000000 1.000000 0.000000
0.999791 0.020444 0.000000 144.710244 -0.020444 0.999791 0.000000 -8.652216 0.000000 0.000000 1.000000 0.000000
0.999804 0.019800 0.000000 145.297023 -0.019800 0.999804 0.000000 -8.681053 0.000000 0.000000 1.000000 0.000000
0.999863 0.016532 0.000000 145.882218 -0.016532 0.999863 0.000000 -8.707765 0.000000 0.000000 1.000000 0.000000
0.999788 0.020614 0.000000 146.461517 -0.020614 0.999788 0.000000 -8.739007 0.000000 0.000000 1.000000 0.000000
0.999755 0.022118 0.000000 147.053587 -0.022118 0.999755 0.000000 -8.763083 0.000000 0.000000 1.000000 0.000000
0.999789 0.020560 0.000000 147.634278 -0.020560 0.999789 0.000000 -8.809826 0.000000 0.000000 1.000000 0.000000
0.999759 0.021973 0.000000 148.582124 -0.021973 0.999759 0.000000 -8.870515 0.000000 0.000000 1.000000 0.000000
0.999624 0.027427 0.000000 149.157961 -0.027427 0.999624 0.000000 -8.909600 0.000000 0.000000 1.000000 0.000000
0.999639 0.026872 0.000000 149.725384 -0.026872 0.999639 0.000000 -8.957817 0.000000 0.000000 1.000000 0.000000
0.999498 0.031686 0.000000 150.301556 -0.031686 0.999498 0.000000 -8.993740 0.000000 0.000000 1.000000 0.000000
0.999308 0.037196 0.000000 150.940036 -0.037196 0.999308 0.000000 -9.042423 0.000000 0.000000 1.000000 0.000000
0.999180 0.040484 0.000000 151.485969 -0.040484 0.999180 0.000000 -9.082594 0.000000 0.000000 1.000000 0.000000
0.999110 0.042177 0.000000 152.100079 -0.042177 0.999110 0.000000 -9.148749 0.000000 0.000000 1.000000 0.000000
0.999109 0.042193 0.000000 152.697277 -0.042193 0.999109 0.000000 -9.202377 0.000000 0.000000 1.000000 0.000000
0.999117 0.042005 0.000000 153.289708 -0.042005 0.999117 0.000000 -9.229262 0.000000 0.000000 1.000000 0.000000
0.999063 0.043272 0.000000 153.845596 -0.043272 0.999063 0.000000 -9.232674 0.000000 0.000000 1.000000 0.000000
0.998997 0.044771 0.000000 154.440297 -0.044771 0.998997 0.000000 -9.255776 0.000000 0.000000 1.000000 0.000000
0.999126 0.041794 0.000000 155.027689 -0.041794 0.999126 0.000000 -9.281364 0.000000 0.000000 1.000000 0.000000
0.999154 0.041119 0.000000 155.603669 -0.041119 0.999154 0.000000 -9.295238 0.000000 0.000000 1.000000 0.000000
0.999146 0.041310 0.000000 156.216194 -0.041310 0.999146 0.000000 -9.303456 0.000000 0.000000 1.000000 0.000000
0.999235 0.039116 0.000000 156.806025 -0.039116 0.999235 0.000000 -9.331030 0.000000 0.000000 1.000000 0.000000
0.999106 0.042283 0.000000 157.381207 -0.042283 0.999106 0.000000 -9.335039 0.000000 0.000000 1.000000 0.000000
0.999008 0.044532 0.000000 158.546481 -0.044532 0.999008 0.000000 -9.400954 0.000000 0.000000 1.000000 0.000000
0.998981 0.045137 0.000000 159.116860 -0.045137 0.998981 0.000000 -9.424703 0.000000 0.000000 1.000000 0.000000
0.999113 0.042120 0.000000 159.645716 -0.042120 0.999113 0.000000 -9.456661 0.000000 0.000000 1.000000 0.000000
0.998852 0.047904 0.000000 160.250731 -0.047904 0.998852 0.000000 -9.471595 0.000000 0.000000 1.000000 0.000000
0.998764 0.049695 0.000000 160.806463 -0.049695 0.998764 0.000000 -9.484832 0.000000 0.000000 1.000000 0.000000
0.998818 0.048604 0.000000 161.928771 -0.048604 0.998818 0.000000 -9.560645 0.000000 0.000000 1.000000 0.000000
0.998873 0.047458 0.000000 162.499352 -0.047458 0.998873 0.000000 -9.578966 0.000000 0.000000 1.000000 0.000000
0.998909 0.046691 0.000000 163.046820 -0.046691 0.998909 0.000000 -9.595273 0.000000 0.000000 1.000000 0.000000
0.998884 0.047236 0.000000 163.619447 -0.047236 0.998884 0.000000 -9.610685 0.000000 0.000000 1.000000 0.000000
0.998968 0.045414 0.000000 164.198169 -0.045414 0.998968 0.000000 -9.627088 0.000000 0.000000 1.000000 0.000000
0.998876 0.047401 0.000000 164.733843 -0.047401 0.998876 0.000000 -9.627452 0.000000 0.000000 1.000000 0.000000
0.998691 0.051145 0.000000 165.519924 -0.051145 0.998691 0.000000 -9.664697 0.000000 0.000000 1.000000 0.000000
0.998609 0.052724 0.000000 166.098993 -0.052724 0.998609 0.000000 -9.697999 0.000000 0.000000 1.000000 0.000000
0.998540 0.054012 0.000000 166.681116 -0.054012 0.998540 0.000000 -9.728296 0.000000 0.000000 1.000000 0.000000
0.998240 0.059299 0.000000 167.289790 -0.059299 0.998240 0.000000 -9.764359 0.000000 0.000000 1.000000 0.000000
0.998315 0.058028 0.000000 167.838792 -0.058028 0.998315 0.000000 -9.804953 0.000000 0.000000 1.000000 0.000000
0.998485 0.055029 0.000000 168.464931 -0.055029 0.998485 0.000000 -9.856301 0.000000 0.000000 1.000000 0.000000
0.998271 0.058787 0.000000 169.046162 -0.058787 0.998271 0.000000 -9.887973 0.000000 0.000000 1.000000 0.000000
0.998409 0.056389 0.000000 169.633316 -0.056389 0.998409 0.000000 -9.918091 0.000000 0.000000 1.000000 0.000000
0.998069 0.062115 0.000000 170.234968 -0.062115 0.998069 0.000000 -9.958938 0.000000 0.000000 1.000000 0.000000
0.998343 0.057535 0.000000 170.809641 -0.057535 0.998343 0.000000 -10.005923 0.000000 0.000000 1.000000 0.000000
0.998413 0.056309 0.000000 171.397195 -0.056309 0.998413 0.000000 -10.025922 0.000000 0.000000 1.000000 0.000000
0.998435 0.055920 0.000000 171.984465 -0.055920 0.998435 0.000000 -10.060173 0.000000 0.000000 1.000000 0.000000
0.998623 0.052454 0.000000 172.572727 -0.052454 0.998623 0.000000 -10.091731 0.000000 0.000000 1.000000 0.000000
0.998964 0.045496 0.000000 173.156477 -0.045496 0.998964 0.000000 -10.145050 0.000000 0.000000 1.000000 0.000000
0.999110 0.042190 0.000000 173.759213 -0.042190 0.999110 0.000000 -10.170306 0.000000 0.000000 1.000000 0.000000
0.999062 0.043298 0.000000 174.340868 -0.043298 0.999062 0.000000 -10.191184 0.000000 0.000000 1.000000 0.000000
0.999182 0.040438 0.000000 174.915325 -0.040438 0.999182 0.000000 -10.220362 0.000000 0.000000 1.000000 0.000000
0.999080 0.042883 0.000000 175.472678 -0.042883 0.999080 0.000000 -10.243279 0.000000 0.000000 1.000000 0.000000
0.999053 0.043503 0.000000 176.095311 -0.043503 0.999053 0.000000 -10.280564 0.000000 0.000000 1.000000 0.000000
0.999081 0.042864 0.000000 176.641639 -0.042864 0.999081 0.000000 -10.308061 0.000000 0.000000 1.000000 0.000000
0.999076 0.042983 0.000000 177.229645 -0.042983 0.999076 0.000000 -10.346087 0.000000 0.000000 1.000000 0.000000
0.998985 0.045042 0.000000 177.840414 -0.045042 0.998985 0.000000 -10.377911 0.000000 0.000000 1.000000 0.000000
0.998829 0.048389 0.000000 178.438851 -0.048389 0.998829 0.000000 -10.411495 0.000000 0.000000 1.000000 0.000000
0.998361 0.057234 0.000000 179.031896 -0.057234 0.998361 0.000000 -10.465370 0.000000 0.000000 1.000000 0.000000
0.998261 0.058948 0.000000 179.636048 -0.058948 0.998261 0.000000 -10.515895 0.000000 0.000000 1.000000 0.000000
0.998238 0.059345 0.000000 180.215740 -0.059345 0.998238 0.000000 -10.584567 0.000000 0.000000 1.000000 0.000000
0.998210 0.059813 0.000000 180.790576 -0.059813 0.998210 0.000000 -10.643234 0.000000 0.000000 1.000000 0.000000
0.998091 0.061754 0.000000 181.396339 -0.061754 0.998091 0.000000 -10.707871 0.000000 0.000000 1.000000 0.000000
0.997980 0.063524 0.000000 181.997040 -0.063524 0.997980 0.000000 -10.760326 0.000000 0.000000 1.000000 0.000000
0.998096 0.061680 0.000000 182.610047 -0.061680 0.998096 0.000000 -10.806916 0.000000 0.000000 1.000000 0.000000
0.998185 0.060216 0.000000 183.217306 -0.060216 0.998185 0.000000 -10.867523 0.000000 0.000000 1.000000 0.000000
0.998059 0.062281 0.000000 183.818801 -0.062281 0.998059 0.000000 -10.909043 0.000000 0.000000 1.000000 0.000000
0.998024 0.062838 0.000000 184.382667 -0.062838 0.998024 0.000000 -10.947339 0.000000 0.000000 1.000000 0.000000
0.998078 0.061970 0.000000 184.984778 -0.061970 0.998078 0.000000 -11.009265 0.000000 0.000000 1.000000 0.000000
0.997792 0.066411 0.000000 185.596260 -0.066411 0.997792 0.000000 -11.062085 0.000000 0.000000 1.000000 0.000000
0.997836 0.065752 0.000000 186.171590 -0.065752 0.997836 0.000000 -11.120280 0.000000 0.000000 1.000000 0.000000
0.998053 0.062367 0.000000 186.756002 -0.062367 0.998053 0.000000 -11.168915 0.000000 0.000000 1.000000 0.000000
0.997837 0.065734 0.000000 187.349838 -0.065734 0.997837 0.000000 -11.220213 0.000000 0.000000 1.000000 0.000000
0.998096 0.061675 0.000000 187.917805 -0.061675 0.998096 0.000000 -11.273580 0.000000 0.000000 1.000000 0.000000
0.998123 0.061241 0.000000 188.515003 -0.061241 0.998123 0.000000 -11.316795 0.000000 0.000000 1.000000 0.000000
0.997948 0.064025 0.000000 189.104392 -0.064025 0.997948 0.000000 -11.355827 0.000000 0.000000 1.000000 0.000000
0.997919 0.064482 0.000000 189.680459 -0.064482 0.997919 0.000000 -11.391345 0.000000 0.000000 1.000000 0.000000
0.997881 0.065059 0.000000 190.284935 -0.065059 0.997881 0.000000 -11.444794 0.000000 0.000000 1.000000 0.000000
0.997793 0.066401 0.000000 190.874947 -0.066401 0.997793 0.000000 -11.488877 0.000000 0.000000 1.000000 0.000000
0.997651 0.068504 0.000000 191.736516 -0.068504 0.997651 0.000000 -11.560024 0.000000 0.000000 1.000000 0.000000
0.997512 0.070494 0.000000 192.341469 -0.070494 0.997512 0.000000 -11.603105 0.000000 0.000000 1.000000 0.000000
0.997373 0.072439 0.000000 192.931171 -0.072439 0.997373 0.000000 -11.643542 0.000000 0.000000 1.000000 0.000000
0.997448 0.071400 0.000000 193.524707 -0.071400 0.997448 0.000000 -11.692090 0.000000 0.000000 1.000000 0.000000
0.997405 0.071998 0.000000 194.124618 -0.071998 0.997405 0.000000 -11.741674 0.000000 0.000000 1.000000 0.000000
0.997560 0.069809 0.000000 194.713709 -0.069809 0.997560 0.000000 -11.771812 0.000000 0.000000 1.000000 0.000000
0.997850 0.065543 0.000000 195.304401 -0.065543 0.997850 0.000000 -11.809438 0.000000 0.000000 1.000000 0.000000
0.997844 0.065625 0.000000 195.921296 -0.065625 0.997844 0.000000 -11.829502 0.000000 0.000000 1.000000 0.000000
0.997909 0.064639 0.000000 196.466462 -0.064639 0.997909 0.000000 -11.868068 0.000000 0.000000 1.000000 0.000000
0.997872 0.065202 0.000000 197.469965 -0.065202 0.997872 0.000000 -11.944793 0.000000 0.000000 1.000000 0.000000
0.997915 0.064542 0.000000 198.060053 -0.064542 0.997915 0.000000 -11.985468 0.000000 0.000000 1.000000 0.000000
0.997877 0.065119 0.000000 198.808242 -0.065119 0.997877 0.000000 -12.047342 0.000000 0.000000 1.000000 0.000000
0.997851 0.065529 0.000000 199.563059 -0.065529 0.997851 0.000000 -12.104327 0.000000 0.000000 1.000000 0.000000
0.997703 0.067740 0.000000 200.587408 -0.067740 0.997703 0.000000 -12.195449 0.000000 0.000000 1.000000 0.000000
0.997783 0.066551 0.000000 201.174605 -0.066551 0.997783 0.000000 -12.249617 0.000000 0.000000 1.000000 0.000000
0.997893 0.064885 0.000000 201.776882 -0.064885 0.997893 0.000000 -12.305642 0.000000 0.000000 1.000000 0.000000
0.997895 0.064849 0.000000 202.368205 -0.064849 0.997895 0.000000 -12.356345 0.000000 0.000000 1.000000 0.000000
0.997873 0.065188 0.000000 202.917164 -0.065188 0.997873 0.000000 -12.404002 0.000000 0.000000 1.000000 0.000000
0.998120 0.061286 0.000000 203.517097 -0.061286 0.998120 0.000000 -12.453722 0.000000 0.000000 1.000000 0.000000
0.998010 0.063051 0.000000 204.103022 -0.063051 0.998010 0.000000 -12.515738 0.000000 0.000000 1.000000 0.000000
0.997991 0.063355 0.000000 204.928640 -0.063355 0.997991 0.000000 -12.601346 0.000000 0.000000 1.000000 0.000000
0.998137 0.061006 0.000000 205.536970 -0.061006 0.998137 0.000000 -12.654456 0.000000 0.000000 1.000000 0.000000
0.998209 0.059831 0.000000 206.119993 -0.059831 0.998209 0.000000 -12.705146 0.000000 0.000000 1.000000 0.000000
0.998249 0.059160 0.000000 206.725472 -0.059160 0.998249 0.000000 -12.744313 0.000000 0.000000 1.000000 0.000000
0.998528 0.054238 0.000000 207.355607 -0.054238 0.998528 0.000000 -12.799340 0.000000 0.000000 1.000000 0.000000
0.998571 0.053439 0.000000 207.909131 -0.053439 0.998571 0.000000 -12.841939 0.000000 0.000000 1.000000 0.000000
0.998594 0.053015 0.000000 208.554226 -0.053015 0.998594 0.000000 -12.884985 0.000000 0.000000 1.000000 0.000000
0.998752 0.049937 0.000000 209.099778 -0.049937 0.998752 0.000000 -12.934296 0.000000 0.000000 1.000000 0.000000
0.998789 0.049194 0.000000 209.754470 -0.049194 0.998789 0.000000 -12.986706 0.000000 0.000000 1.000000 0.000000
0.998877 0.047375 0.000000 210.337543 -0.047375 0.998877 0.000000 -13.032478 0.000000 0.000000 1.000000 0.000000
0.998836 0.048240 0.000000 210.926202 -0.048240 0.998836 0.000000 -13.079154 0.000000 0.000000 1.000000 0.000000
0.998910 0.046684 0.000000 211.514609 -0.046684 0.998910 0.000000 -13.125183 0.000000 0.000000 1.000000 0.000000
0.998870 0.047535 0.000000 212.090063 -0.047535 0.998870 0.000000 -13.165348 0.000000 0.000000 1.000000 0.000000
0.998875 0.047430 0.000000 212.686014 -0.047430 0.998875 0.000000 -13.215387 0.000000 0.000000 1.000000 0.000000
0.998967 0.045438 0.000000 213.290594 -0.045438 0.998967 0.000000 -13.264164 0.000000 0.000000 1.000000 0.000000
0.999048 0.043618 0.000000 213.872383 -0.043618 0.999048 0.000000 -13.310073 0.000000 0.000000 1.000000 0.000000
0.998754 0.049908 0.000000 214.431195 -0.049908 0.998754 0.000000 -13.350652 0.000000 0.000000 1.000000 0.000000
0.998848 0.047996 0.000000 215.024365 -0.047996 0.998848 0.000000 -13.387024 0.000000 0.000000 1.000000 0.000000
0.998977 0.045222 0.000000 215.630234 -0.045222 0.998977 0.000000 -13.433023 0.000000 0.000000 1.000000 0.000000
