0.999983 0.005878 0.000000 0.529911 -0.005878 0.999983 0.000000 0.035227 0.000000 0.000000 1.000000 0.000000
0.999925 0.012218 0.000000 1.089589 -0.012218 0.999925 0.000000 0.068705 0.000000 0.000000 1.000000 0.000000
0.999827 0.018600 0.000000 1.659620 -0.018600 0.999827 0.000000 0.079267 0.000000 0.000000 1.000000 0.000000
0.999632 0.027145 0.000000 2.392005 -0.027145 0.999632 0.000000 0.064331 0.000000 0.000000 1.000000 0.000000
0.999500 0.031628 0.000000 2.935632 -0.031628 0.999500 0.000000 0.035615 0.000000 0.000000 1.000000 0.000000
0.999360 0.035771 0.000000 3.512482 -0.035771 0.999360 0.000000 -0.008392 0.000000 0.000000 1.000000 0.000000
0.999154 0.041131 0.000000 4.059888 -0.041131 0.999154 0.000000 -0.039154 0.000000 0.000000 1.000000 0.000000
0.998529 0.054218 0.000000 5.214728 -0.054218 0.998529 0.000000 -0.106769 0.000000 0.000000 1.000000 0.000000
0.998311 0.058096 0.000000 5.782665 -0.058096 0.998311 0.000000 -0.113053 0.000000 0.000000 1.000000 0.000000
0.997874 0.065180 0.000000 6.347148 -0.065180 0.997874 0.000000 -0.132918 0.000000 0.000000 1.000000 0.000000
0.997318 0.073195 0.000000 6.879425 -0.073195 0.997318 0.000000 -0.145890 0.000000 0.000000 1.000000 0.000000
0.996653 0.081745 0.000000 7.428602 -0.081745 0.996653 0.000000 -0.194433 0.000000 0.000000 1.000000 0.000000
0.996035 0.088968 0.000000 7.957074 -0.088968 0.996035 0.000000 -0.226153 0.000000 0.000000 1.000000 0.000000
0.995572 0.094004 0.000000 8.515123 -0.094004 0.995572 0.000000 -0.286679 0.000000 0.000000 1.000000 0.000000
0.994883 0.101036 0.000000 9.063609 -0.101036 0.994883 0.000000 -0.340205 0.000000 0.000000 1.000000 0.000000
0.993831 0.110907 0.000000 9.813298 -0.110907 0.993831 0.000000 -0.417290 0.000000 0.000000 1.000000 0.000000
0.992536 0.121954 0.000000 10.382440 -0.121954 0.992536 0.000000 -0.499158 0.000000 0.000000 1.000000 0.000000
0.991699 0.128580 0.000000 10.938412 -0.128580 0.991699 0.000000 -0.590576 0.000000 0.000000 1.000000 0.000000
0.990994 0.133909 0.000000 11.465787 -0.133909 0.990994 0.000000 -0.658041 0.000000 0.000000 1.000000 0.000000
0.990261 0.139227 0.000000 11.998804 -0.139227 0.990261 0.000000 -0.739738 0.000000 0.000000 1.000000 0.000000
0.989274 0.146075 0.000000 12.508596 -0.146075 0.989274 0.000000 -0.836316 0.000000 0.000000 1.000000 0.000000
0.988199 0.153177 0.000000 13.051851 -0.153177 0.988199 0.000000 -0.915794 0.000000 0.000000 1.000000 0.000000
0.987158 0.159748 0.000000 13.615801 -0.159748 0.987158 0.000000 -1.006444 0.000000 0.000000 1.000000 0.000000
0.985588 0.169165 0.000000 14.115269 -0.169165 0.985588 0.000000 -1.099718 0.000000 0.000000 1.000000 0.000000
0.983709 0.179771 0.000000 14.677176 -0.179771 0.983709 0.000000 -1.206185 0.000000 0.000000 1.000000 0.000000
0.982161 0.188040 0.000000 15.444514 -0.188040 0.982161 0.000000 -1.341638 0.000000 0.000000 1.000000 0.000000
0.981231 0.192838 0.000000 15.999737 -0.192838 0.981231 0.000000 -1.457414 0.000000 0.000000 1.000000 0.000000
0.979589 0.201011 0.000000 16.571746 -0.201011 0.979589 0.000000 -1.559208 0.000000 0.000000 1.000000 0.000000
0.977923 0.208964 0.000000 17.117006 -0.208964 0.977923 0.000000 -1.682543 0.000000 0.000000 1.000000 0.000000
0.976313 0.216361 0.000000 17.640752 -0.216361 0.976313 0.000000 -1.789814 0.000000 0.000000 1.000000 0.000000
0.974887 0.222700 0.000000 18.141027 -0.222700 0.974887 0.000000 -1.904444 0.000000 0.000000 1.000000 0.000000
0.973355 0.229302 0.000000 18.679653 -0.229302 0.973355 0.000000 -2.020600 0.000000 0.000000 1.000000 0.000000
0.973649 0.228054 0.000000 19.183315 -0.228054 0.973649 0.000000 -2.128678 0.000000 0.000000 1.000000 0.000000
0.972468 0.233036 0.000000 19.696236 -0.233036 0.972468 0.000000 -2.257986 0.000000 0.000000 1.000000 0.000000
0.969782 0.243974 0.000000 20.740310 -0.243974 0.969782 0.000000 -2.522392 0.000000 0.000000 1.000000 0.000000
0.968709 0.248201 0.000000 21.224682 -0.248201 0.968709 0.000000 -2.633358 0.000000 0.000000 1.000000 0.000000
0.967274 0.253732 0.000000 21.748900 -0.253732 0.967274 0.000000 -2.754328 0.000000 0.000000 1.000000 0.000000
0.965387 0.260823 0.000000 22.428641 -0.260823 0.965387 0.000000 -2.917864 0.000000 0.000000 1.000000 0.000000
0.963779 0.266701 0.000000 22.917714 -0.266701 0.963779 0.000000 -3.050521 0.000000 0.000000 1.000000 0.000000
0.962292 0.272017 0.000000 23.401329 -0.272017 0.962292 0.000000 -3.173690 0.000000 0.000000 1.000000 0.000000
0.959970 0.280104 0.000000 23.904222 -0.280104 0.959970 0.000000 -3.316560 0.000000 0.000000 1.000000 0.000000
0.958923 0.283666 0.000000 24.387195 -0.283666 0.958923 0.000000 -3.471966 0.000000 0.000000 1.000000 0.000000
0.956032 0.293261 0.000000 25.037017 -0.293261 0.956032 0.000000 -3.684866 0.000000 0.000000 1.000000 0.000000
0.954140 0.299361 0.000000 25.550697 -0.299361 0.954140 0.000000 -3.858386 0.000000 0.000000 1.000000 0.000000
0.952836 0.303487 0.000000 26.059500 -0.303487 0.952836 0.000000 -4.034321 0.000000 0.000000 1.000000 0.000000
0.950992 0.309216 0.000000 26.542371 -0.309216 0.950992 0.000000 -4.228060 0.000000 0.000000 1.000000 0.000000
0.948945 0.315442 0.000000 27.064792 -0.315442 0.948945 0.000000 -4.412554 0.000000 0.000000 1.000000 0.000000
0.949478 0.313835 0.000000 27.572316 -0.313835 0.949478 0.000000 -4.575082 0.000000 0.000000 1.000000 0.000000
0.947169 0.320736 0.000000 28.043409 -0.320736 0.947169 0.000000 -4.723640 0.000000 0.000000 1.000000 0.000000
0.945790 0.324778 0.000000 28.539806 -0.324778 0.945790 0.000000 -4.905596 0.000000 0.000000 1.000000 0.000000
0.944125 0.329588 0.000000 29.021527 -0.329588 0.944125 0.000000 -5.065453 0.000000 0.000000 1.000000 0.000000
0.941767 0.336267 0.000000 29.523448 -0.336267 0.941767 0.000000 -5.251820 0.000000 0.000000 1.000000 0.000000
0.939629 0.342194 0.000000 29.992433 -0.342194 0.939629 0.000000 -5.407755 0.000000 0.000000 1.000000 0.000000
0.937003 0.349322 0.000000 30.488021 -0.349322 0.937003 0.000000 -5.605782 0.000000 0.000000 1.000000 0.000000
0.934286 0.356525 0.000000 30.944464 -0.356525 0.934286 0.000000 -5.783254 0.000000 0.000000 1.000000 0.000000
0.931856 0.362827 0.000000 31.459125 -0.362827 0.931856 0.000000 -5.987589 0.000000 0.000000 1.000000 0.000000
0.930572 0.366109 0.000000 31.913304 -0.366109 0.930572 0.000000 -6.170902 0.000000 0.000000 1.000000 0.000000
0.927406 0.374055 0.000000 32.573205 -0.374055 0.927406 0.000000 -6.452363 0.000000 0.000000 1.000000 0.000000
0.923088 0.384590 0.000000 33.265462 -0.384590 0.923088 0.000000 -6.747210 0.000000 0.000000 1.000000 0.000000
0.919810 0.392363 0.000000 33.754399 -0.392363 0.919810 0.000000 -6.962380 0.000000 0.000000 1.000000 0.000000
0.913840 0.406074 0.000000 34.602672 -0.406074 0.913840 0.000000 -7.331116 0.000000 0.000000 1.000000 0.000000
0.911101 0.412184 0.000000 35.091950 -0.412184 0.911101 0.000000 -7.549982 0.000000 0.000000 1.000000 0.000000
0.908943 0.416921 0.000000 35.556109 -0.416921 0.908943 0.000000 -7.768873 0.000000 0.000000 1.000000 0.000000
0.908119 0.418713 0.000000 36.044147 -0.418713 0.908119 0.000000 -8.011186 0.000000 0.000000 1.000000 0.000000
0.903738 0.428086 0.000000 36.520377 -0.428086 0.903738 0.000000 -8.214465 0.000000 0.000000 1.000000 0.000000
0.903050 0.429536 0.000000 37.007456 -0.429536 0.903050 0.000000 -8.462081 0.000000 0.000000 1.000000 0.000000
0.900824 0.434185 0.000000 37.457865 -0.434185 0.900824 0.000000 -8.691174 0.000000 0.000000 1.000000 0.000000
0.898108 0.439775 0.000000 37.916076 -0.439775 0.898108 0.000000 -8.920550 0.000000 0.000000 1.000000 0.000000
0.896478 0.443088 0.000000 38.382570 -0.443088 0.896478 0.000000 -9.158468 0.000000 0.000000 1.000000 0.000000
0.895961 0.444132 0.000000 38.835879 -0.444132 0.895961 0.000000 -9.389890 0.000000 0.000000 1.000000 0.000000
0.893625 0.448814 0.000000 39.267035 -0.448814 0.893625 0.000000 -9.626320 0.000000 0.000000 1.000000 0.000000
0.892031 0.451974 0.000000 39.695855 -0.451974 0.892031 0.000000 -9.850757 0.000000 0.000000 1.000000 0.000000
0.890444 0.455092 0.000000 40.103811 -0.455092 0.890444 0.000000 -10.063268 0.000000 0.000000 1.000000 0.000000
0.890865 0.454269 0.000000 40.539109 -0.454269 0.890865 0.000000 -10.289543 0.000000 0.000000 1.000000 0.000000
0.888353 0.459160 0.000000 40.933156 -0.459160 0.888353 0.000000 -10.494296 0.000000 0.000000 1.000000 0.000000
0.887193 0.461398 0.000000 41.347237 -0.461398 0.887193 0.000000 -10.703189 0.000000 0.000000 1.000000 0.000000
0.886763 0.462224 0.000000 41.761798 -0.462224 0.886763 0.000000 -10.901827 0.000000 0.000000 1.000000 0.000000
0.885380 0.464867 0.000000 42.163531 -0.464867 0.885380 0.000000 -11.105994 0.000000 0.000000 1.000000 0.000000
0.884983 0.465623 0.000000 42.571534 -0.465623 0.884983 0.000000 -11.299741 0.000000 0.000000 1.000000 0.000000
0.880541 0.473970 0.000000 42.985974 -0.473970 0.880541 0.000000 -11.504597 0.000000 0.000000 1.000000 0.000000
0.877690 0.479229 0.000000 43.375060 -0.479229 0.877690 0.000000 -11.694136 0.000000 0.000000 1.000000 0.000000
0.875504 0.483210 0.000000 43.744357 -0.483210 0.875504 0.000000 -11.917822 0.000000 0.000000 1.000000 0.000000
0.871038 0.491215 0.000000 44.112163 -0.491215 0.871038 0.000000 -12.143575 0.000000 0.000000 1.000000 0.000000
0.866741 0.498759 0.000000 44.676922 -0.498759 0.866741 0.000000 -12.474735 0.000000 0.000000 1.000000 0.000000
0.861835 0.507189 0.000000 45.075879 -0.507189 0.861835 0.000000 -12.704430 0.000000 0.000000 1.000000 0.000000
0.855948 0.517061 0.000000 45.444548 -0.517061 0.855948 0.000000 -12.918375 0.000000 0.000000 1.000000 0.000000
0.852339 0.522989 0.000000 45.807053 -0.522989 0.852339 0.000000 -13.134251 0.000000 0.000000 1.000000 0.000000
0.849197 0.528077 0.000000 46.173409 -0.528077 0.849197 0.000000 -13.359959 0.000000 0.000000 1.000000 0.000000
0.844820 0.535051 0.000000 46.530840 -0.535051 0.844820 0.000000 -13.592829 0.000000 0.000000 1.000000 0.000000
0.841831 0.539741 0.000000 46.870355 -0.539741 0.841831 0.000000 -13.811339 0.000000 0.000000 1.000000 0.000000
0.838325 0.545171 0.000000 47.205594 -0.545171 0.838325 0.000000 -14.006450 0.000000 0.000000 1.000000 0.000000
0.834818 0.550526 0.000000 47.536151 -0.550526 0.834818 0.000000 -14.202848 0.000000 0.000000 1.000000 0.000000
0.833299 0.552822 0.000000 47.867424 -0.552822 0.833299 0.000000 -14.414184 0.000000 0.000000 1.000000 0.000000
0.831108 0.556110 0.000000 48.200051 -0.556110 0.831108 0.000000 -14.635117 0.000000 0.000000 1.000000 0.000000
0.828788 0.559562 0.000000 48.801561 -0.559562 0.828788 0.000000 -15.061227 0.000000 0.000000 1.000000 0.000000
0.828962 0.559305 0.000000 49.120431 -0.559305 0.828962 0.000000 -15.270468 0.000000 0.000000 1.000000 0.000000
0.828670 0.559738 0.000000 49.413574 -0.559738 0.828670 0.000000 -15.455680 0.000000 0.000000 1.000000 0.000000
0.828549 0.559917 0.000000 49.691940 -0.559917 0.828549 0.000000 -15.657599 0.000000 0.000000 1.000000 0.000000
0.832048 0.554704 0.000000 49.997070 -0.554704 0.832048 0.000000 -15.846256 0.000000 0.000000 1.000000 0.000000
0.830676 0.556755 0.000000 50.285393 -0.556755 0.830676 0.000000 -16.019623 0.000000 0.000000 1.000000 0.000000
0.829526 0.558468 0.000000 50.552248 -0.558468 0.829526 0.000000 -16.199199 0.000000 0.000000 1.000000 0.000000
0.828393 0.560148 0.000000 50.794747 -0.560148 0.828393 0.000000 -16.384540 0.000000 0.000000 1.000000 0.000000
0.827506 0.561456 0.000000 51.075738 -0.561456 0.827506 0.000000 -16.563288 0.000000 0.000000 1.000000 0.000000
0.827525 0.561428 0.000000 51.331592 -0.561428 0.827525 0.000000 -16.744203 0.000000 0.000000 1.000000 0.000000
0.825143 0.564924 0.000000 51.599891 -0.564924 0.825143 0.000000 -16.889241 0.000000 0.000000 1.000000 0.000000
0.823503 0.567312 0.000000 51.871427 -0.567312 0.823503 0.000000 -17.060005 0.000000 0.000000 1.000000 0.000000
0.819736 0.572742 0.000000 52.226993 -0.572742 0.819736 0.000000 -17.305002 0.000000 0.000000 1.000000 0.000000
0.818211 0.574918 0.000000 52.491743 -0.574918 0.818211 0.000000 -17.475805 0.000000 0.000000 1.000000 0.000000
0.813820 0.581117 0.000000 52.713400 -0.581117 0.813820 0.000000 -17.607346 0.000000 0.000000 1.000000 0.000000
0.810549 0.585671 0.000000 52.939202 -0.585671 0.810549 0.000000 -17.758572 0.000000 0.000000 1.000000 0.000000
0.806445 0.591309 0.000000 53.188718 -0.591309 0.806445 0.000000 -17.913828 0.000000 0.000000 1.000000 0.000000
0.803179 0.595737 0.000000 53.418610 -0.595737 0.803179 0.000000 -18.082592 0.000000 0.000000 1.000000 0.000000
0.802381 0.596812 0.000000 53.636445 -0.596812 0.802381 0.000000 -18.253349 0.000000 0.000000 1.000000 0.000000
0.801603 0.597857 0.000000 53.844761 -0.597857 0.801603 0.000000 -18.407864 0.000000 0.000000 1.000000 0.000000
0.803014 0.595960 0.000000 54.060022 -0.595960 0.803014 0.000000 -18.569186 0.000000 0.000000 1.000000 0.000000
0.801414 0.598110 0.000000 54.257403 -0.598110 0.801414 0.000000 -18.721528 0.000000 0.000000 1.000000 0.000000
0.797283 0.603605 0.000000 54.649080 -0.603605 0.797283 0.000000 -19.017681 0.000000 0.000000 1.000000 0.000000
0.793322 0.608803 0.000000 54.836237 -0.608803 0.793322 0.000000 -19.160453 0.000000 0.000000 1.000000 0.000000
0.792416 0.609981 0.000000 54.990104 -0.609981 0.792416 0.000000 -19.316884 0.000000 0.000000 1.000000 0.000000
0.792759 0.609536 0.000000 55.147981 -0.609536 0.792759 0.000000 -19.475649 0.000000 0.000000 1.000000 0.000000
0.792625 0.609710 0.000000 55.282986 -0.609710 0.792625 0.000000 -19.603400 0.000000 0.000000 1.000000 0.000000
0.791113 0.611670 0.000000 55.403241 -0.611670 0.791113 0.000000 -19.722802 0.000000 0.000000 1.000000 0.000000
0.790602 0.612330 0.000000 55.566074 -0.612330 0.790602 0.000000 -19.863758 0.000000 0.000000 1.000000 0.000000
0.788269 0.615331 0.000000 55.713507 -0.615331 0.788269 0.000000 -19.986001 0.000000 0.000000 1.000000 0.000000
0.786491 0.617602 0.000000 55.899394 -0.617602 0.786491 0.000000 -20.105215 0.000000 0.000000 1.000000 0.000000
0.782279 0.622929 0.000000 56.231947 -0.622929 0.782279 0.000000 -20.354690 0.000000 0.000000 1.000000 0.000000
0.780561 0.625079 0.000000 56.393176 -0.625079 0.780561 0.000000 -20.476899 0.000000 0.000000 1.000000 0.000000
0.779598 0.626280 0.000000 56.550236 -0.626280 0.779598 0.000000 -20.612563 0.000000 0.000000 1.000000 0.000000
0.777779 0.628538 0.000000 56.809194 -0.628538 0.777779 0.000000 -20.813618 0.000000 0.000000 1.000000 0.000000
0.776560 0.630043 0.000000 56.968890 -0.630043 0.776560 0.000000 -20.941959 0.000000 0.000000 1.000000 0.000000
0.773918 0.633286 0.000000 57.117196 -0.633286 0.773918 0.000000 -21.080455 0.000000 0.000000 1.000000 0.000000
0.771368 0.636390 0.000000 57.268271 -0.636390 0.771368 0.000000 -21.198512 0.000000 0.000000 1.000000 0.000000
0.771174 0.636624 0.000000 57.434270 -0.636624 0.771174 0.000000 -21.326517 0.000000 0.000000 1.000000 0.000000
0.769354 0.638823 0.000000 57.578512 -0.638823 0.769354 0.000000 -21.449075 0.000000 0.000000 1.000000 0.000000
0.767522 0.641022 0.000000 57.729799 -0.641022 0.767522 0.000000 -21.597237 0.000000 0.000000 1.000000 0.000000
0.763701 0.645570 0.000000 58.038376 -0.645570 0.763701 0.000000 -21.877789 0.000000 0.000000 1.000000 0.000000
0.761315 0.648383 0.000000 58.199328 -0.648383 0.761315 0.000000 -22.010850 0.000000 0.000000 1.000000 0.000000
0.759221 0.650833 0.000000 58.366740 -0.650833 0.759221 0.000000 -22.149553 0.000000 0.000000 1.000000 0.000000
0.756559 0.653925 0.000000 58.532646 -0.653925 0.756559 0.000000 -22.281080 0.000000 0.000000 1.000000 0.000000
0.755130 0.655575 0.000000 58.700670 -0.655575 0.755130 0.000000 -22.411955 0.000000 0.000000 1.000000 0.000000
0.753952 0.656929 0.000000 58.874135 -0.656929 0.753952 0.000000 -22.536281 0.000000 0.000000 1.000000 0.000000
0.751537 0.659691 0.000000 59.045621 -0.659691 0.751537 0.000000 -22.666497 0.000000 0.000000 1.000000 0.000000
0.748825 0.662768 0.000000 59.225122 -0.662768 0.748825 0.000000 -22.823048 0.000000 0.000000 1.000000 0.000000
0.745175 0.666868 0.000000 59.408549 -0.666868 0.745175 0.000000 -22.976087 0.000000 0.000000 1.000000 0.000000
0.740387 0.672180 0.000000 59.587741 -0.672180 0.740387 0.000000 -23.115443 0.000000 0.000000 1.000000 0.000000
0.736409 0.676536 0.000000 59.768492 -0.676536 0.736409 0.000000 -23.267380 0.000000 0.000000 1.000000 0.000000
0.733798 0.679368 0.000000 59.940280 -0.679368 0.733798 0.000000 -23.441336 0.000000 0.000000 1.000000 0.000000
0.731381 0.681969 0.000000 60.136190 -0.681969 0.731381 0.000000 -23.619888 0.000000 0.000000 1.000000 0.000000
0.729392 0.684096 0.000000 60.296743 -0.684096 0.729392 0.000000 -23.780601 0.000000 0.000000 1.000000 0.000000
0.725108 0.688635 0.000000 60.482235 -0.688635 0.725108 0.000000 -23.966861 0.000000 0.000000 1.000000 0.000000
0.722545 0.691324 0.000000 60.653776 -0.691324 0.722545 0.000000 -24.137900 0.000000 0.000000 1.000000 0.000000
0.716684 0.697398 0.000000 60.930337 -0.697398 0.716684 0.000000 -24.400179 0.000000 0.000000 1.000000 0.000000
0.713644 0.700509 0.000000 61.129361 -0.700509 0.713644 0.000000 -24.568665 0.000000 0.000000 1.000000 0.000000
0.711724 0.702460 0.000000 61.329213 -0.702460 0.711724 0.000000 -24.764538 0.000000 0.000000 1.000000 0.000000
0.709611 0.704594 0.000000 61.521059 -0.704594 0.709611 0.000000 -24.948529 0.000000 0.000000 1.000000 0.000000
0.705375 0.708835 0.000000 61.878008 -0.708835 0.705375 0.000000 -25.329531 0.000000 0.000000 1.000000 0.000000
0.702815 0.711373 0.000000 62.059940 -0.711373 0.702815 0.000000 -25.510202 0.000000 0.000000 1.000000 0.000000
0.700640 0.713515 0.000000 62.259000 -0.713515 0.700640 0.000000 -25.693691 0.000000 0.000000 1.000000 0.000000
0.698286 0.715819 0.000000 62.457272 -0.715819 0.698286 0.000000 -25.910450 0.000000 0.000000 1.000000 0.000000
0.697118 0.716957 0.000000 62.715457 -0.716957 0.697118 0.000000 -26.192207 0.000000 0.000000 1.000000 0.000000
0.691689 0.722195 0.000000 62.910051 -0.722195 0.691689 0.000000 -26.383038 0.000000 0.000000 1.000000 0.000000
0.687817 0.725884 0.000000 63.103436 -0.725884 0.687817 0.000000 -26.558437 0.000000 0.000000 1.000000 0.000000
0.682697 0.730702 0.000000 63.286726 -0.730702 0.682697 0.000000 -26.743477 0.000000 0.000000 1.000000 0.000000
0.680943 0.732336 0.000000 63.453050 -0.732336 0.680943 0.000000 -26.928743 0.000000 0.000000 1.000000 0.000000
0.678536 0.734567 0.000000 63.623860 -0.734567 0.678536 0.000000 -27.124854 0.000000 0.000000 1.000000 0.000000
0.675351 0.737496 0.000000 63.815390 -0.737496 0.675351 0.000000 -27.330705 0.000000 0.000000 1.000000 0.000000
0.674805 0.737996 0.000000 64.002037 -0.737996 0.674805 0.000000 -27.534503 0.000000 0.000000 1.000000 0.000000
0.672364 0.740221 0.000000 64.182772 -0.740221 0.672364 0.000000 -27.742156 0.000000 0.000000 1.000000 0.000000
0.669621 0.742703 0.000000 64.355934 -0.742703 0.669621 0.000000 -27.939753 0.000000 0.000000 1.000000 0.000000
0.669640 0.742686 0.000000 64.527794 -0.742686 0.669640 0.000000 -28.116845 0.000000 0.000000 1.000000 0.000000
0.670211 0.742171 0.000000 64.745385 -0.742171 0.670211 0.000000 -28.379894 0.000000 0.000000 1.000000 0.000000
0.668792 0.743450 0.000000 64.931471 -0.743450 0.668792 0.000000 -28.592595 0.000000 0.000000 1.000000 0.000000
0.667805 0.744337 0.000000 65.111507 -0.744337 0.667805 0.000000 -28.798510 0.000000 0.000000 1.000000 0.000000
0.668482 0.743729 0.000000 65.280982 -0.743729 0.668482 0.000000 -29.006417 0.000000 0.000000 1.000000 0.000000
0.667371 0.744725 0.000000 65.449842 -0.744725 0.667371 0.000000 -29.221908 0.000000 0.000000 1.000000 0.000000
0.670791 0.741646 0.000000 65.616957 -0.741646 0.670791 0.000000 -29.421489 0.000000 0.000000 1.000000 0.000000
0.675504 0.737357 0.000000 65.772513 -0.737357 0.675504 0.000000 -29.620428 0.000000 0.000000 1.000000 0.000000
0.674983 0.737833 0.000000 65.937750 -0.737833 0.674983 0.000000 -29.793713 0.000000 0.000000 1.000000 0.000000
0.676937 0.736041 0.000000 66.114315 -0.736041 0.676937 0.000000 -29.974107 0.000000 0.000000 1.000000 0.000000
0.677822 0.735226 0.000000 66.276210 -0.735226 0.677822 0.000000 -30.140335 0.000000 0.000000 1.000000 0.000000
0.676306 0.736621 0.000000 66.587736 -0.736621 0.676306 0.000000 -30.489831 0.000000 0.000000 1.000000 0.000000
0.676470 0.736471 0.000000 66.741418 -0.736471 0.676470 0.000000 -30.683976 0.000000 0.000000 1.000000 0.000000
0.678388 0.734704 0.000000 66.897942 -0.734704 0.678388 0.000000 -30.854589 0.000000 0.000000 1.000000 0.000000
0.678784 0.734338 0.000000 67.027274 -0.734338 0.678784 0.000000 -31.014524 0.000000 0.000000 1.000000 0.000000
0.680426 0.732817 0.000000 67.172003 -0.732817 0.680426 0.000000 -31.171630 0.000000 0.000000 1.000000 0.000000
0.681620 0.731706 0.000000 67.306079 -0.731706 0.681620 0.000000 -31.330154 0.000000 0.000000 1.000000 0.000000
0.680973 0.732309 0.000000 67.459139 -0.732309 0.680973 0.000000 -31.486690 0.000000 0.000000 1.000000 0.000000
0.681974 0.731377 0.000000 67.710812 -0.731377 0.681974 0.000000 -31.742121 0.000000 0.000000 1.000000 0.000000
0.682972 0.730445 0.000000 67.853923 -0.730445 0.682972 0.000000 -31.897171 0.000000 0.000000 1.000000 0.000000
0.685148 0.728404 0.000000 68.006902 -0.728404 0.685148 0.000000 -32.062749 0.000000 0.000000 1.000000 0.000000
0.686286 0.727332 0.000000 68.159710 -0.727332 0.686286 0.000000 -32.226968 0.000000 0.000000 1.000000 0.000000
0.688691 0.725055 0.000000 68.301005 -0.725055 0.688691 0.000000 -32.396267 0.000000 0.000000 1.000000 0.000000
0.690822 0.723024 0.000000 68.435946 -0.723024 0.690822 0.000000 -32.559125 0.000000 0.000000 1.000000 0.000000
0.698024 0.716074 0.000000 68.697339 -0.716074 0.698024 0.000000 -32.872979 0.000000 0.000000 1.000000 0.000000
0.700401 0.713750 0.000000 68.814671 -0.713750 0.700401 0.000000 -33.004616 0.000000 0.000000 1.000000 0.000000
0.703202 0.710991 0.000000 68.925771 -0.710991 0.703202 0.000000 -33.121641 0.000000 0.000000 1.000000 0.000000
0.709577 0.704628 0.000000 69.134404 -0.704628 0.709577 0.000000 -33.342585 0.000000 0.000000 1.000000 0.000000
0.713251 0.700908 0.000000 69.431171 -0.700908 0.713251 0.000000 -33.647115 0.000000 0.000000 1.000000 0.000000
0.719876 0.694103 0.000000 69.605979 -0.694103 0.719876 0.000000 -33.848792 0.000000 0.000000 1.000000 0.000000
0.722305 0.691574 0.000000 69.706321 -0.691574 0.722305 0.000000 -33.972598 0.000000 0.000000 1.000000 0.000000
0.731218 0.682144 0.000000 69.908679 -0.682144 0.731218 0.000000 -34.173341 0.000000 0.000000 1.000000 0.000000
0.735095 0.677964 0.000000 70.009240 -0.677964 0.735095 0.000000 -34.281411 0.000000 0.000000 1.000000 0.000000
0.738221 0.674559 0.000000 70.099924 -0.674559 0.738221 0.000000 -34.370845 0.000000 0.000000 1.000000 0.000000
0.740820 0.671703 0.000000 70.200263 -0.671703 0.740820 0.000000 -34.464311 0.000000 0.000000 1.000000 0.000000
0.745958 0.665993 0.000000 70.337013 -0.665993 0.745958 0.000000 -34.609067 0.000000 0.000000 1.000000 0.000000
0.751495 0.659739 0.000000 70.524636 -0.659739 0.751495 0.000000 -34.785733 0.000000 0.000000 1.000000 0.000000
0.755324 0.655351 0.000000 70.616336 -0.655351 0.755324 0.000000 -34.869466 0.000000 0.000000 1.000000 0.000000
0.758864 0.651249 0.000000 70.706781 -0.651249 0.758864 0.000000 -34.956168 0.000000 0.000000 1.000000 0.000000
0.762597 0.646874 0.000000 70.802839 -0.646874 0.762597 0.000000 -35.047164 0.000000 0.000000 1.000000 0.000000
0.766371 0.642398 0.000000 70.903375 -0.642398 0.766371 0.000000 -35.131093 0.000000 0.000000 1.000000 0.000000
0.768777 0.639516 0.000000 70.991554 -0.639516 0.768777 0.000000 -35.209144 0.000000 0.000000 1.000000 0.000000
0.776424 0.630211 0.000000 71.152057 -0.630211 0.776424 0.000000 -35.339204 0.000000 0.000000 1.000000 0.000000
0.778811 0.627259 0.000000 71.224802 -0.627259 0.778811 0.000000 -35.383690 0.000000 0.000000 1.000000 0.000000
0.781981 0.623303 0.000000 71.298140 -0.623303 0.781981 0.000000 -35.439351 0.000000 0.000000 1.000000 0.000000
0.783477 0.621421 0.000000 71.372392 -0.621421 0.783477 0.000000 -35.480466 0.000000 0.000000 1.000000 0.000000
0.787019 0.616928 0.000000 71.435831 -0.616928 0.787019 0.000000 -35.522726 0.000000 0.000000 1.000000 0.000000
0.788136 0.615501 0.000000 71.486393 -0.615501 0.788136 0.000000 -35.564970 0.000000 0.000000 1.000000 0.000000
0.789303 0.614004 0.000000 71.529901 -0.614004 0.789303 0.000000 -35.615100 0.000000 0.000000 1.000000 0.000000
0.790252 0.612782 0.000000 71.591735 -0.612782 0.790252 0.000000 -35.674231 0.000000 0.000000 1.000000 0.000000
0.791519 0.611145 0.000000 71.617007 -0.611145 0.791519 0.000000 -35.699340 0.000000 0.000000 1.000000 0.000000
0.791916 0.610630 0.000000 71.632979 -0.610630 0.791916 0.000000 -35.725002 0.000000 0.000000 1.000000 0.000000
0.792222 0.610233 0.000000 71.650980 -0.610233 0.792222 0.000000 -35.738994 0.000000 0.000000 1.000000 0.000000
0.793196 0.608966 0.000000 71.658959 -0.608966 0.793196 0.000000 -35.752060 0.000000 0.000000 1.000000 0.000000
0.794559 0.607187 0.000000 71.667635 -0.607187 0.794559 0.000000 -35.756863 0.000000 0.000000 1.000000 0.000000
0.794249 0.607592 0.000000 71.672608 -0.607592 0.794249 0.000000 -35.754690 0.000000 0.000000 1.000000 0.000000
0.794722 0.606973 0.000000 71.683443 -0.606973 0.794722 0.000000 -35.756906 0.000000 0.000000 1.000000 0.000000
0.796599 0.604508 0.000000 71.694338 -0.604508 0.796599 0.000000 -35.765320 0.000000 0.000000 1.000000 0.000000
0.795993 0.605306 0.000000 71.699467 -0.605306 0.795993 0.000000 -35.755118 0.000000 0.000000 1.000000 0.000000
0.797122 0.603818 0.000000 71.695326 -0.603818 0.797122 0.000000 -35.749496 0.000000 0.000000 1.000000 0.000000
0.797190 0.603728 0.000000 71.690687 -0.603728 0.797190 0.000000 -35.741571 0.000000 0.000000 1.000000 0.000000
0.796458 0.604693 0.000000 71.684182 -0.604693 0.796458 0.000000 -35.734354 0.000000 0.000000 1.000000 0.000000
0.796411 0.604755 0.000000 71.672983 -0.604755 0.796411 0.000000 -35.726507 0.000000 0.000000 1.000000 0.000000
0.796307 0.604892 0.000000 71.670556 -0.604892 0.796307 0.000000 -35.720607 0.000000 0.000000 1.000000 0.000000
0.797456 0.603378 0.000000 71.665049 -0.603378 0.797456 0.000000 -35.714867 0.000000 0.000000 1.000000 0.000000
0.797571 0.603225 0.000000 71.660858 -0.603225 0.797571 0.000000 -35.710902 0.000000 0.000000 1.000000 0.000000
0.796724 0.604343 0.000000 71.655620 -0.604343 0.796724 0.000000 -35.708692 0.000000 0.000000 1.000000 0.000000
0.796490 0.604652 0.000000 71.649354 -0.604652 0.796490 0.000000 -35.707744 0.000000 0.000000 1.000000 0.000000
0.796610 0.604493 0.000000 71.638686 -0.604493 0.796610 0.000000 -35.709991 0.000000 0.000000 1.000000 0.000000
0.796604 0.604502 0.000000 71.625380 -0.604502 0.796604 0.000000 -35.706108 0.000000 0.000000 1.000000 0.000000
0.796674 0.604409 0.000000 71.611149 -0.604409 0.796674 0.000000 -35.704970 0.000000 0.000000 1.000000 0.000000
0.796578 0.604536 0.000000 71.601853 -0.604536 0.796578 0.000000 -35.696901 0.000000 0.000000 1.000000 0.000000
0.796679 0.604403 0.000000 71.594245 -0.604403 0.796679 0.000000 -35.691467 0.000000 0.000000 1.000000 0.000000
0.796795 0.604250 0.000000 71.589996 -0.604250 0.796795 0.000000 -35.692913 0.000000 0.000000 1.000000 0.000000
0.796923 0.604081 0.000000 71.586227 -0.604081 0.796923 0.000000 -35.695294 0.000000 0.000000 1.000000 0.000000
0.797033 0.603935 0.000000 71.582912 -0.603935 0.797033 0.000000 -35.697170 0.000000 0.000000 1.000000 0.000000
0.797043 0.603923 0.000000 71.584113 -0.603923 0.797043 0.000000 -35.700613 0.000000 0.000000 1.000000 0.000000
0.797060 0.603900 0.000000 71.582369 -0.603900 0.797060 0.000000 -35.702976 0.000000 0.000000 1.000000 0.000000
0.797047 0.603917 0.000000 71.576332 -0.603917 0.797047 0.000000 -35.702718 0.000000 0.000000 1.000000 0.000000
0.797078 0.603877 0.000000 71.570907 -0.603877 0.797078 0.000000 -35.701901 0.000000 0.000000 1.000000 0.000000
0.797105 0.603841 0.000000 71.568612 -0.603841 0.797105 0.000000 -35.703444 0.000000 0.000000 1.000000 0.000000
0.796949 0.604047 0.000000 71.563852 -0.604047 0.796949 0.000000 -35.704534 0.000000 0.000000 1.000000 0.000000
0.796826 0.604209 0.000000 71.561977 -0.604209 0.796826 0.000000 -35.708006 0.000000 0.000000 1.000000 0.000000
0.796775 0.604276 0.000000 71.560783 -0.604276 0.796775 0.000000 -35.709122 0.000000 0.000000 1.000000 0.000000
0.796836 0.604196 0.000000 71.558295 -0.604196 0.796836 0.000000 -35.708572 0.000000 0.000000 1.000000 0.000000
0.796909 0.604099 0.000000 71.559117 -0.604099 0.796909 0.000000 -35.709822 0.000000 0.000000 1.000000 0.000000
0.796908 0.604101 0.000000 71.559029 -0.604101 0.796908 0.000000 -35.710745 0.000000 0.000000 1.000000 0.000000
0.796906 0.604103 0.000000 71.559639 -0.604103 0.796906 0.000000 -35.711337 0.000000 0.000000 1.000000 0.000000
0.796890 0.604124 0.000000 71.560138 -0.604124 0.796890 0.000000 -35.713117 0.000000 0.000000 1.000000 0.000000
0.796907 0.604102 0.000000 71.560610 -0.604102 0.796907 0.000000 -35.714340 0.000000 0.000000 1.000000 0.000000
0.796842 0.604188 0.000000 71.559328 -0.604188 0.796842 0.000000 -35.715099 0.000000 0.000000 1.000000 0.000000
0.796864 0.604158 0.000000 71.555945 -0.604158 0.796864 0.000000 -35.715201 0.000000 0.000000 1.000000 0.000000
0.796901 0.604110 0.000000 71.551596 -0.604110 0.796901 0.000000 -35.713696 0.000000 0.000000 1.000000 0.000000
0.796943 0.604055 0.000000 71.548059 -0.604055 0.796943 0.000000 -35.712085 0.000000 0.000000 1.000000 0.000000
0.797000 0.603980 0.000000 71.541191 -0.603980 0.797000 0.000000 -35.708309 0.000000 0.000000 1.000000 0.000000
0.797075 0.603881 0.000000 71.534082 -0.603881 0.797075 0.000000 -35.704479 0.000000 0.000000 1.000000 0.000000
0.797530 0.603280 0.000000 71.522898 -0.603280 0.797530 0.000000 -35.702549 0.000000 0.000000 1.000000 0.000000
0.797454 0.603379 0.000000 71.513492 -0.603379 0.797454 0.000000 -35.702831 0.000000 0.000000 1.000000 0.000000
0.797417 0.603428 0.000000 71.506911 -0.603428 0.797417 0.000000 -35.702893 0.000000 0.000000 1.000000 0.000000
0.797356 0.603509 0.000000 71.498871 -0.603509 0.797356 0.000000 -35.704385 0.000000 0.000000 1.000000 0.000000
0.797346 0.603522 0.000000 71.492746 -0.603522 0.797346 0.000000 -35.709595 0.000000 0.000000 1.000000 0.000000
0.797483 0.603341 0.000000 71.487474 -0.603341 0.797483 0.000000 -35.712410 0.000000 0.000000 1.000000 0.000000
0.797469 0.603360 0.000000 71.484395 -0.603360 0.797469 0.000000 -35.715692 0.000000 0.000000 1.000000 0.000000
0.797263 0.603632 0.000000 71.486146 -0.603632 0.797263 0.000000 -35.722542 0.000000 0.000000 1.000000 0.000000
0.796666 0.604419 0.000000 71.490079 -0.604419 0.796666 0.000000 -35.733081 0.000000 0.000000 1.000000 0.000000
0.796175 0.605067 0.000000 71.490553 -0.605067 0.796175 0.000000 -35.744145 0.000000 0.000000 1.000000 0.000000
0.794652 0.607065 0.000000 71.488912 -0.607065 0.794652 0.000000 -35.754760 0.000000 0.000000 1.000000 0.000000
0.794609 0.607122 0.000000 71.481951 -0.607122 0.794609 0.000000 -35.766230 0.000000 0.000000 1.000000 0.000000
0.794782 0.606895 0.000000 71.485435 -0.606895 0.794782 0.000000 -35.779383 0.000000 0.000000 1.000000 0.000000
0.795049 0.606545 0.000000 71.490591 -0.606545 0.795049 0.000000 -35.793711 0.000000 0.000000 1.000000 0.000000
0.796707 0.604366 0.000000 71.497431 -0.604366 0.796707 0.000000 -35.813558 0.000000 0.000000 1.000000 0.000000
0.797393 0.603461 0.000000 71.498933 -0.603461 0.797393 0.000000 -35.819008 0.000000 0.000000 1.000000 0.000000
0.797934 0.602745 0.000000 71.501830 -0.602745 0.797934 0.000000 -35.823473 0.000000 0.000000 1.000000 0.000000
0.798121 0.602498 0.000000 71.502328 -0.602498 0.798121 0.000000 -35.825785 0.000000 0.000000 1.000000 0.000000
0.797989 0.602672 0.000000 71.503376 -0.602672 0.797989 0.000000 -35.828763 0.000000 0.000000 1.000000 0.000000
0.797968 0.602700 0.000000 71.504455 -0.602700 0.797968 0.000000 -35.831997 0.000000 0.000000 1.000000 0.000000
0.797854 0.602851 0.000000 71.504283 -0.602851 0.797854 0.000000 -35.833838 0.000000 0.000000 1.000000 0.000000
0.797749 0.602990 0.000000 71.504895 -0.602990 0.797749 0.000000 -35.837491 0.000000 0.000000 1.000000 0.000000
0.797916 0.602768 0.000000 71.497828 -0.602768 0.797916 0.000000 -35.838629 0.000000 0.000000 1.000000 0.000000
0.797770 0.602962 0.000000 71.491684 -0.602962 0.797770 0.000000 -35.841323 0.000000 0.000000 1.000000 0.000000
0.797727 0.603019 0.000000 71.484150 -0.603019 0.797727 0.000000 -35.843639 0.000000 0.000000 1.000000 0.000000
0.797579 0.603215 0.000000 71.477226 -0.603215 0.797579 0.000000 -35.845042 0.000000 0.000000 1.000000 0.000000
0.797450 0.603385 0.000000 71.472295 -0.603385 0.797450 0.000000 -35.843806 0.000000 0.000000 1.000000 0.000000
0.797836 0.602875 0.000000 71.464224 -0.602875 0.797836 0.000000 -35.842837 0.000000 0.000000 1.000000 0.000000
0.797993 0.602667 0.000000 71.456564 -0.602667 0.797993 0.000000 -35.841712 0.000000 0.000000 1.000000 0.000000
0.798546 0.601934 0.000000 71.449686 -0.601934 0.798546 0.000000 -35.842861 0.000000 0.000000 1.000000 0.000000
0.799085 0.601218 0.000000 71.445929 -0.601218 0.799085 0.000000 -35.844244 0.000000 0.000000 1.000000 0.000000
0.799048 0.601267 0.000000 71.443875 -0.601267 0.799048 0.000000 -35.845338 0.000000 0.000000 1.000000 0.000000
0.798569 0.601903 0.000000 71.444175 -0.601903 0.798569 0.000000 -35.846686 0.000000 0.000000 1.000000 0.000000
0.797223 0.603685 0.000000 71.450069 -0.603685 0.797223 0.000000 -35.842539 0.000000 0.000000 1.000000 0.000000
0.796283 0.604924 0.000000 71.458909 -0.604924 0.796283 0.000000 -35.843379 0.000000 0.000000 1.000000 0.000000
0.795338 0.606166 0.000000 71.464430 -0.606166 0.795338 0.000000 -35.842568 0.000000 0.000000 1.000000 0.000000
0.794317 0.607503 0.000000 71.473443 -0.607503 0.794317 0.000000 -35.848878 0.000000 0.000000 1.000000 0.000000
0.793357 0.608756 0.000000 71.483902 -0.608756 0.793357 0.000000 -35.856818 0.000000 0.000000 1.000000 0.000000
0.792163 0.610309 0.000000 71.495849 -0.610309 0.792163 0.000000 -35.865374 0.000000 0.000000 1.000000 0.000000
0.791238 0.611508 0.000000 71.509282 -0.611508 0.791238 0.000000 -35.880155 0.000000 0.000000 1.000000 0.000000
0.791128 0.611651 0.000000 71.524088 -0.611651 0.791128 0.000000 -35.894798 0.000000 0.000000 1.000000 0.000000
0.791550 0.611104 0.000000 71.532812 -0.611104 0.791550 0.000000 -35.921178 0.000000 0.000000 1.000000 0.000000
0.792345 0.610073 0.000000 71.537380 -0.610073 0.792345 0.000000 -35.950758 0.000000 0.000000 1.000000 0.000000
0.793564 0.608487 0.000000 71.543120 -0.608487 0.793564 0.000000 -35.973589 0.000000 0.000000 1.000000 0.000000
0.794969 0.606650 0.000000 71.557678 -0.606650 0.794969 0.000000 -35.997277 0.000000 0.000000 1.000000 0.000000
0.795845 0.605500 0.000000 71.572011 -0.605500 0.795845 0.000000 -36.011559 0.000000 0.000000 1.000000 0.000000
0.796098 0.605167 0.000000 71.587974 -0.605167 0.796098 0.000000 -36.026174 0.000000 0.000000 1.000000 0.000000
0.796107 0.605156 0.000000 71.601456 -0.605156 0.796107 0.000000 -36.041737 0.000000 0.000000 1.000000 0.000000
0.795859 0.605482 0.000000 71.619706 -0.605482 0.795859 0.000000 -36.051930 0.000000 0.000000 1.000000 0.000000
0.795640 0.605769 0.000000 71.644817 -0.605769 0.795640 0.000000 -36.061682 0.000000 0.000000 1.000000 0.000000
0.795420 0.606059 0.000000 71.691084 -0.606059 0.795420 0.000000 -36.080356 0.000000 0.000000 1.000000 0.000000
0.796577 0.604537 0.000000 71.716851 -0.604537 0.796577 0.000000 -36.088147 0.000000 0.000000 1.000000 0.000000
0.797059 0.603901 0.000000 71.742596 -0.603901 0.797059 0.000000 -36.099283 0.000000 0.000000 1.000000 0.000000
0.798127 0.602489 0.000000 71.765756 -0.602489 0.798127 0.000000 -36.114322 0.000000 0.000000 1.000000 0.000000
0.799134 0.601152 0.000000 71.785133 -0.601152 0.799134 0.000000 -36.125774 0.000000 0.000000 1.000000 0.000000
0.800974 0.598699 0.000000 71.798287 -0.598699 0.800974 0.000000 -36.141715 0.000000 0.000000 1.000000 0.000000
0.801997 0.597328 0.000000 71.814666 -0.597328 0.801997 0.000000 -36.153628 0.000000 0.000000 1.000000 0.000000
0.802669 0.596425 0.000000 71.835172 -0.596425 0.802669 0.000000 -36.161966 0.000000 0.000000 1.000000 0.000000
0.803083 0.595867 0.000000 71.858756 -0.595867 0.803083 0.000000 -36.171137 0.000000 0.000000 1.000000 0.000000
0.802633 0.596473 0.000000 71.882275 -0.596473 0.802633 0.000000 -36.184653 0.000000 0.000000 1.000000 0.000000
0.802169 0.597097 0.000000 71.906956 -0.597097 0.802169 0.000000 -36.202211 0.000000 0.000000 1.000000 0.000000
0.801557 0.597918 0.000000 71.923670 -0.597918 0.801557 0.000000 -36.223420 0.000000 0.000000 1.000000 0.000000
0.801539 0.597943 0.000000 71.935662 -0.597943 0.801539 0.000000 -36.238300 0.000000 0.000000 1.000000 0.000000
0.801398 0.598131 0.000000 71.938839 -0.598131 0.801398 0.000000 -36.252158 0.000000 0.000000 1.000000 0.000000
0.801506 0.597987 0.000000 71.941392 -0.597987 0.801506 0.000000 -36.266388 0.000000 0.000000 1.000000 0.000000
0.802193 0.597064 0.000000 71.945362 -0.597064 0.802193 0.000000 -36.279497 0.000000 0.000000 1.000000 0.000000
0.802718 0.596359 0.000000 71.952229 -0.596359 0.802718 0.000000 -36.290489 0.000000 0.000000 1.000000 0.000000
0.802958 0.596035 0.000000 71.956134 -0.596035 0.802958 0.000000 -36.300579 0.000000 0.000000 1.000000 0.000000
0.803020 0.595952 0.000000 71.964543 -0.595952 0.803020 0.000000 -36.305195 0.000000 0.000000 1.000000 0.000000
0.803566 0.595216 0.000000 71.967819 -0.595216 0.803566 0.000000 -36.311271 0.000000 0.000000 1.000000 0.000000
0.803813 0.594883 0.000000 71.973951 -0.594883 0.803813 0.000000 -36.318365 0.000000 0.000000 1.000000 0.000000
0.805161 0.593056 0.000000 71.969845 -0.593056 0.805161 0.000000 -36.334986 0.000000 0.000000 1.000000 0.000000
0.805509 0.592584 0.000000 71.963538 -0.592584 0.805509 0.000000 -36.342823 0.000000 0.000000 1.000000 0.000000
0.806077 0.591811 0.000000 71.955758 -0.591811 0.806077 0.000000 -36.348575 0.000000 0.000000 1.000000 0.000000
0.806886 0.590708 0.000000 71.951944 -0.590708 0.806886 0.000000 -36.355800 0.000000 0.000000 1.000000 0.000000
0.807018 0.590526 0.000000 71.946012 -0.590526 0.807018 0.000000 -36.358368 0.000000 0.000000 1.000000 0.000000
0.807263 0.590192 0.000000 71.943292 -0.590192 0.807263 0.000000 -36.367992 0.000000 0.000000 1.000000 0.000000
0.807334 0.590094 0.000000 71.938346 -0.590094 0.807334 0.000000 -36.379861 0.000000 0.000000 1.000000 0.000000
0.807240 0.590223 0.000000 71.939478 -0.590223 0.807240 0.000000 -36.392148 0.000000 0.000000 1.000000 0.000000
0.807502 0.589865 0.000000 71.937805 -0.589865 0.807502 0.000000 -36.402598 0.000000 0.000000 1.000000 0.000000
0.807311 0.590127 0.000000 71.940029 -0.590127 0.807311 0.000000 -36.412136 0.000000 0.000000 1.000000 0.000000
0.808088 0.589061 0.000000 71.943090 -0.589061 0.808088 0.000000 -36.419232 0.000000 0.000000 1.000000 0.000000
0.808172 0.588947 0.000000 71.953024 -0.588947 0.808172 0.000000 -36.426975 0.000000 0.000000 1.000000 0.000000
0.808398 0.588636 0.000000 71.964749 -0.588636 0.808398 0.000000 -36.426514 0.000000 0.000000 1.000000 0.000000
0.808718 0.588197 0.000000 71.974533 -0.588197 0.808718 0.000000 -36.428999 0.000000 0.000000 1.000000 0.000000
0.808876 0.587979 0.000000 71.988796 -0.587979 0.808876 0.000000 -36.428166 0.000000 0.000000 1.000000 0.000000
0.808813 0.588066 0.000000 72.000109 -0.588066 0.808813 0.000000 -36.427666 0.000000 0.000000 1.000000 0.000000
0.807588 0.589747 0.000000 72.015022 -0.589747 0.807588 0.000000 -36.427494 0.000000 0.000000 1.000000 0.000000
0.805793 0.592198 0.000000 72.037081 -0.592198 0.805793 0.000000 -36.436076 0.000000 0.000000 1.000000 0.000000
0.804636 0.593769 0.000000 72.060131 -0.593769 0.804636 0.000000 -36.448259 0.000000 0.000000 1.000000 0.000000
0.804518 0.593928 0.000000 72.088863 -0.593928 0.804518 0.000000 -36.464514 0.000000 0.000000 1.000000 0.000000
0.804601 0.593816 0.000000 72.120107 -0.593816 0.804601 0.000000 -36.479159 0.000000 0.000000 1.000000 0.000000
