0.999989 0.004775 0.000000 0.546102 -0.004775 0.999989 0.000000 -0.002564 0.000000 0.000000 1.000000 0.000000
0.999949 0.010105 0.000000 1.126997 -0.010105 0.999949 0.000000 -0.021118 0.000000 0.000000 1.000000 0.000000
0.999876 0.015746 0.000000 1.667451 -0.015746 0.999876 0.000000 -0.035589 0.000000 0.000000 1.000000 0.000000
0.999727 0.023379 0.000000 2.387525 -0.023379 0.999727 0.000000 -0.058261 0.000000 0.000000 1.000000 0.000000
0.999614 0.027780 0.000000 2.961223 -0.027780 0.999614 0.000000 -0.090335 0.000000 0.000000 1.000000 0.000000
0.999521 0.030964 0.000000 3.538363 -0.030964 0.999521 0.000000 -0.117860 0.000000 0.000000 1.000000 0.000000
0.999369 0.035515 0.000000 4.114892 -0.035515 0.999369 0.000000 -0.144179 0.000000 0.000000 1.000000 0.000000
0.998859 0.047753 0.000000 5.262428 -0.047753 0.998859 0.000000 -0.203355 0.000000 0.000000 1.000000 0.000000
0.998705 0.050872 0.000000 5.807316 -0.050872 0.998705 0.000000 -0.227715 0.000000 0.000000 1.000000 0.000000
0.998374 0.057006 0.000000 6.386401 -0.057006 0.998374 0.000000 -0.260028 0.000000 0.000000 1.000000 0.000000
0.997938 0.064192 0.000000 6.932435 -0.064192 0.997938 0.000000 -0.289793 0.000000 0.000000 1.000000 0.000000
0.997470 0.071089 0.000000 7.495631 -0.071089 0.997470 0.000000 -0.328816 0.000000 0.000000 1.000000 0.000000
0.997005 0.077332 0.000000 8.030375 -0.077332 0.997005 0.000000 -0.366621 0.000000 0.000000 1.000000 0.000000
0.996653 0.081749 0.000000 8.606920 -0.081749 0.996653 0.000000 -0.425255 0.000000 0.000000 1.000000 0.000000
0.996149 0.087677 0.000000 9.144821 -0.087677 0.996149 0.000000 -0.479763 0.000000 0.000000 1.000000 0.000000
0.995248 0.097374 0.000000 9.899996 -0.097374 0.995248 0.000000 -0.549977 0.000000 0.000000 1.000000 0.000000
0.994221 0.107351 0.000000 10.470712 -0.107351 0.994221 0.000000 -0.657686 0.000000 0.000000 1.000000 0.000000
0.993505 0.113793 0.000000 11.027372 -0.113793 0.993505 0.000000 -0.723186 0.000000 0.000000 1.000000 0.000000
0.992932 0.118688 0.000000 11.582472 -0.118688 0.992932 0.000000 -0.788916 0.000000 0.000000 1.000000 0.000000
0.992342 0.123520 0.000000 12.152382 -0.123520 0.992342 0.000000 -0.863541 0.000000 0.000000 1.000000 0.000000
0.991550 0.129724 0.000000 12.681232 -0.129724 0.991550 0.000000 -0.941936 0.000000 0.000000 1.000000 0.000000
0.990670 0.136285 0.000000 13.205708 -0.136285 0.990670 0.000000 -1.014222 0.000000 0.000000 1.000000 0.000000
0.989821 0.142320 0.000000 13.771525 -0.142320 0.989821 0.000000 -1.098281 0.000000 0.000000 1.000000 0.000000
0.988469 0.151424 0.000000 14.291228 -0.151424 0.988469 0.000000 -1.185090 0.000000 0.000000 1.000000 0.000000
0.986847 0.161657 0.000000 14.850052 -0.161657 0.986847 0.000000 -1.278276 0.000000 0.000000 1.000000 0.000000
0.985487 0.169749 0.000000 15.588852 -0.169749 0.985487 0.000000 -1.403266 0.000000 0.000000 1.000000 0.000000
0.984640 0.174599 0.000000 16.141803 -0.174599 0.984640 0.000000 -1.522580 0.000000 0.000000 1.000000 0.000000
0.983122 0.182951 0.000000 16.735659 -0.182951 0.983122 0.000000 -1.630987 0.000000 0.000000 1.000000 0.000000
0.981659 0.190647 0.000000 17.286080 -0.190647 0.981659 0.000000 -1.739197 0.000000 0.000000 1.000000 0.000000
0.980195 0.198032 0.000000 17.830885 -0.198032 0.980195 0.000000 -1.850360 0.000000 0.000000 1.000000 0.000000
0.978925 0.204219 0.000000 18.341157 -0.204219 0.978925 0.000000 -1.957585 0.000000 0.000000 1.000000 0.000000
0.977607 0.210438 0.000000 18.889498 -0.210438 0.977607 0.000000 -2.070778 0.000000 0.000000 1.000000 0.000000
0.977976 0.208719 0.000000 19.395346 -0.208719 0.977976 0.000000 -2.179928 0.000000 0.000000 1.000000 0.000000
0.976992 0.213276 0.000000 19.931614 -0.213276 0.976992 0.000000 -2.303458 0.000000 0.000000 1.000000 0.000000
0.974732 0.223378 0.000000 20.969616 -0.223378 0.974732 0.000000 -2.548619 0.000000 0.000000 1.000000 0.000000
0.973844 0.227219 0.000000 21.461120 -0.227219 0.973844 0.000000 -2.671693 0.000000 0.000000 1.000000 0.000000
0.972518 0.232828 0.000000 21.993540 -0.232828 0.972518 0.000000 -2.798086 0.000000 0.000000 1.000000 0.000000
0.971013 0.239028 0.000000 22.663864 -0.239028 0.971013 0.000000 -2.965787 0.000000 0.000000 1.000000 0.000000
0.969872 0.243617 0.000000 23.148880 -0.243617 0.969872 0.000000 -3.091378 0.000000 0.000000 1.000000 0.000000
0.968690 0.248272 0.000000 23.633118 -0.248272 0.968690 0.000000 -3.212602 0.000000 0.000000 1.000000 0.000000
0.966765 0.255665 0.000000 24.149708 -0.255665 0.966765 0.000000 -3.353007 0.000000 0.000000 1.000000 0.000000
0.966087 0.258215 0.000000 24.637166 -0.258215 0.966087 0.000000 -3.483284 0.000000 0.000000 1.000000 0.000000
0.963551 0.267525 0.000000 25.313132 -0.267525 0.963551 0.000000 -3.676058 0.000000 0.000000 1.000000 0.000000
0.962078 0.272773 0.000000 25.825852 -0.272773 0.962078 0.000000 -3.824139 0.000000 0.000000 1.000000 0.000000
0.961090 0.276234 0.000000 26.341779 -0.276234 0.961090 0.000000 -3.981971 0.000000 0.000000 1.000000 0.000000
0.959622 0.281293 0.000000 26.836438 -0.281293 0.959622 0.000000 -4.137618 0.000000 0.000000 1.000000 0.000000
0.957953 0.286925 0.000000 27.353966 -0.286925 0.957953 0.000000 -4.297804 0.000000 0.000000 1.000000 0.000000
0.958570 0.284857 0.000000 27.868970 -0.284857 0.958570 0.000000 -4.459232 0.000000 0.000000 1.000000 0.000000
0.956598 0.291412 0.000000 28.344416 -0.291412 0.956598 0.000000 -4.606372 0.000000 0.000000 1.000000 0.000000
0.955516 0.294941 0.000000 28.855225 -0.294941 0.955516 0.000000 -4.782035 0.000000 0.000000 1.000000 0.000000
0.954254 0.298998 0.000000 29.337634 -0.298998 0.954254 0.000000 -4.943234 0.000000 0.000000 1.000000 0.000000
0.952342 0.305033 0.000000 29.843251 -0.305033 0.952342 0.000000 -5.103949 0.000000 0.000000 1.000000 0.000000
0.950652 0.310258 0.000000 30.324982 -0.310258 0.950652 0.000000 -5.259230 0.000000 0.000000 1.000000 0.000000
0.948577 0.316547 0.000000 30.826490 -0.316547 0.948577 0.000000 -5.430173 0.000000 0.000000 1.000000 0.000000
0.946287 0.323327 0.000000 31.303384 -0.323327 0.946287 0.000000 -5.595318 0.000000 0.000000 1.000000 0.000000
0.944372 0.328879 0.000000 31.811054 -0.328879 0.944372 0.000000 -5.777824 0.000000 0.000000 1.000000 0.000000
0.943412 0.331624 0.000000 32.273977 -0.331624 0.943412 0.000000 -5.941791 0.000000 0.000000 1.000000 0.000000
0.940668 0.339328 0.000000 32.967218 -0.339328 0.940668 0.000000 -6.200002 0.000000 0.000000 1.000000 0.000000
0.936944 0.349479 0.000000 33.678256 -0.349479 0.936944 0.000000 -6.471237 0.000000 0.000000 1.000000 0.000000
0.934098 0.357018 0.000000 34.173279 -0.357018 0.934098 0.000000 -6.659016 0.000000 0.000000 1.000000 0.000000
0.928774 0.370645 0.000000 35.029707 -0.370645 0.928774 0.000000 -6.991785 0.000000 0.000000 1.000000 0.000000
0.926469 0.376372 0.000000 35.514143 -0.376372 0.926469 0.000000 -7.188755 0.000000 0.000000 1.000000 0.000000
0.924390 0.381450 0.000000 35.994625 -0.381450 0.924390 0.000000 -7.394563 0.000000 0.000000 1.000000 0.000000
0.923985 0.382429 0.000000 36.473305 -0.382429 0.923985 0.000000 -7.591332 0.000000 0.000000 1.000000 0.000000
0.919855 0.392257 0.000000 36.958226 -0.392257 0.919855 0.000000 -7.781252 0.000000 0.000000 1.000000 0.000000
0.919226 0.393729 0.000000 37.463614 -0.393729 0.919226 0.000000 -7.999866 0.000000 0.000000 1.000000 0.000000
0.917206 0.398413 0.000000 37.899774 -0.398413 0.917206 0.000000 -8.194868 0.000000 0.000000 1.000000 0.000000
0.914791 0.403928 0.000000 38.365546 -0.403928 0.914791 0.000000 -8.396695 0.000000 0.000000 1.000000 0.000000
0.913230 0.407444 0.000000 38.826935 -0.407444 0.913230 0.000000 -8.607554 0.000000 0.000000 1.000000 0.000000
0.912923 0.408133 0.000000 39.284500 -0.408133 0.912923 0.000000 -8.806391 0.000000 0.000000 1.000000 0.000000
0.910947 0.412524 0.000000 39.719031 -0.412524 0.910947 0.000000 -9.010342 0.000000 0.000000 1.000000 0.000000
0.909548 0.415600 0.000000 40.164861 -0.415600 0.909548 0.000000 -9.221104 0.000000 0.000000 1.000000 0.000000
0.907996 0.418979 0.000000 40.573102 -0.418979 0.907996 0.000000 -9.423922 0.000000 0.000000 1.000000 0.000000
0.908174 0.418593 0.000000 41.006209 -0.418593 0.908174 0.000000 -9.647241 0.000000 0.000000 1.000000 0.000000
0.905961 0.423362 0.000000 41.407099 -0.423362 0.905961 0.000000 -9.842128 0.000000 0.000000 1.000000 0.000000
0.905287 0.424800 0.000000 41.831541 -0.424800 0.905287 0.000000 -10.060464 0.000000 0.000000 1.000000 0.000000
0.905265 0.424847 0.000000 42.240660 -0.424847 0.905265 0.000000 -10.259778 0.000000 0.000000 1.000000 0.000000
0.904666 0.426122 0.000000 42.641131 -0.426122 0.904666 0.000000 -10.457989 0.000000 0.000000 1.000000 0.000000
0.904974 0.425468 0.000000 43.042765 -0.425468 0.904974 0.000000 -10.650994 0.000000 0.000000 1.000000 0.000000
0.901409 0.432968 0.000000 43.439999 -0.432968 0.901409 0.000000 -10.832563 0.000000 0.000000 1.000000 0.000000
0.899122 0.437697 0.000000 43.827022 -0.437697 0.899122 0.000000 -11.024677 0.000000 0.000000 1.000000 0.000000
0.897617 0.440776 0.000000 44.199340 -0.440776 0.897617 0.000000 -11.216199 0.000000 0.000000 1.000000 0.000000
0.893906 0.448255 0.000000 44.585101 -0.448255 0.893906 0.000000 -11.419444 0.000000 0.000000 1.000000 0.000000
0.890416 0.455149 0.000000 45.140260 -0.455149 0.890416 0.000000 -11.717963 0.000000 0.000000 1.000000 0.000000
0.886260 0.463189 0.000000 45.533015 -0.463189 0.886260 0.000000 -11.939992 0.000000 0.000000 1.000000 0.000000
0.881396 0.472378 0.000000 45.898505 -0.472378 0.881396 0.000000 -12.140756 0.000000 0.000000 1.000000 0.000000
0.878570 0.477614 0.000000 46.259112 -0.477614 0.878570 0.000000 -12.348355 0.000000 0.000000 1.000000 0.000000
0.876078 0.482170 0.000000 46.613319 -0.482170 0.876078 0.000000 -12.551320 0.000000 0.000000 1.000000 0.000000
0.871956 0.489585 0.000000 46.967035 -0.489585 0.871956 0.000000 -12.747123 0.000000 0.000000 1.000000 0.000000
0.869306 0.494275 0.000000 47.309406 -0.494275 0.869306 0.000000 -12.946418 0.000000 0.000000 1.000000 0.000000
0.866087 0.499894 0.000000 47.656907 -0.499894 0.866087 0.000000 -13.138510 0.000000 0.000000 1.000000 0.000000
0.862456 0.506131 0.000000 47.991316 -0.506131 0.862456 0.000000 -13.334657 0.000000 0.000000 1.000000 0.000000
0.860713 0.509091 0.000000 48.316839 -0.509091 0.860713 0.000000 -13.533906 0.000000 0.000000 1.000000 0.000000
0.858401 0.512979 0.000000 48.640159 -0.512979 0.858401 0.000000 -13.729048 0.000000 0.000000 1.000000 0.000000
0.855944 0.517069 0.000000 49.275021 -0.517069 0.855944 0.000000 -14.132714 0.000000 0.000000 1.000000 0.000000
0.855872 0.517188 0.000000 49.583176 -0.517188 0.855872 0.000000 -14.321832 0.000000 0.000000 1.000000 0.000000
0.855148 0.518384 0.000000 49.873787 -0.518384 0.855148 0.000000 -14.499055 0.000000 0.000000 1.000000 0.000000
0.855109 0.518448 0.000000 50.153947 -0.518448 0.855109 0.000000 -14.668362 0.000000 0.000000 1.000000 0.000000
0.858146 0.513405 0.000000 50.446764 -0.513405 0.858146 0.000000 -14.853956 0.000000 0.000000 1.000000 0.000000
0.856831 0.515598 0.000000 50.719055 -0.515598 0.856831 0.000000 -15.016664 0.000000 0.000000 1.000000 0.000000
0.856013 0.516954 0.000000 51.002530 -0.516954 0.856013 0.000000 -15.190964 0.000000 0.000000 1.000000 0.000000
0.855445 0.517894 0.000000 51.260399 -0.517894 0.855445 0.000000 -15.354682 0.000000 0.000000 1.000000 0.000000
0.854871 0.518840 0.000000 51.537763 -0.518840 0.854871 0.000000 -15.518248 0.000000 0.000000 1.000000 0.000000
0.855559 0.517705 0.000000 51.781976 -0.517705 0.855559 0.000000 -15.685140 0.000000 0.000000 1.000000 0.000000
0.853973 0.520318 0.000000 52.028182 -0.520318 0.853973 0.000000 -15.835944 0.000000 0.000000 1.000000 0.000000
0.853050 0.521829 0.000000 52.289094 -0.521829 0.853050 0.000000 -15.997053 0.000000 0.000000 1.000000 0.000000
0.850176 0.526499 0.000000 52.657063 -0.526499 0.850176 0.000000 -16.229107 0.000000 0.000000 1.000000 0.000000
0.849302 0.527907 0.000000 52.921696 -0.527907 0.849302 0.000000 -16.388802 0.000000 0.000000 1.000000 0.000000
0.845753 0.533575 0.000000 53.162998 -0.533575 0.845753 0.000000 -16.540981 0.000000 0.000000 1.000000 0.000000
0.843188 0.537619 0.000000 53.402956 -0.537619 0.843188 0.000000 -16.694995 0.000000 0.000000 1.000000 0.000000
0.839990 0.542602 0.000000 53.639860 -0.542602 0.839990 0.000000 -16.841068 0.000000 0.000000 1.000000 0.000000
0.837245 0.546828 0.000000 53.872227 -0.546828 0.837245 0.000000 -16.990145 0.000000 0.000000 1.000000 0.000000
0.836930 0.547310 0.000000 54.090953 -0.547310 0.836930 0.000000 -17.145651 0.000000 0.000000 1.000000 0.000000
0.836675 0.547700 0.000000 54.302430 -0.547700 0.836675 0.000000 -17.300093 0.000000 0.000000 1.000000 0.000000
0.838725 0.544555 0.000000 54.515436 -0.544555 0.838725 0.000000 -17.449147 0.000000 0.000000 1.000000 0.000000
0.837930 0.545778 0.000000 54.716908 -0.545778 0.837930 0.000000 -17.594102 0.000000 0.000000 1.000000 0.000000
0.834444 0.551093 0.000000 55.124798 -0.551093 0.834444 0.000000 -17.867819 0.000000 0.000000 1.000000 0.000000
0.831081 0.556151 0.000000 55.315108 -0.556151 0.831081 0.000000 -17.985331 0.000000 0.000000 1.000000 0.000000
0.830405 0.557160 0.000000 55.490092 -0.557160 0.830405 0.000000 -18.112773 0.000000 0.000000 1.000000 0.000000
0.831074 0.556162 0.000000 55.665608 -0.556162 0.831074 0.000000 -18.247931 0.000000 0.000000 1.000000 0.000000
0.831099 0.556125 0.000000 55.835969 -0.556125 0.831099 0.000000 -18.364705 0.000000 0.000000 1.000000 0.000000
0.830195 0.557473 0.000000 56.001496 -0.557473 0.830195 0.000000 -18.477171 0.000000 0.000000 1.000000 0.000000
0.830277 0.557352 0.000000 56.172718 -0.557352 0.830277 0.000000 -18.603945 0.000000 0.000000 1.000000 0.000000
0.828809 0.559531 0.000000 56.332116 -0.559531 0.828809 0.000000 -18.711664 0.000000 0.000000 1.000000 0.000000
0.828038 0.560672 0.000000 56.504730 -0.560672 0.828038 0.000000 -18.827000 0.000000 0.000000 1.000000 0.000000
0.824722 0.565539 0.000000 56.831942 -0.565539 0.824722 0.000000 -19.053260 0.000000 0.000000 1.000000 0.000000
0.823454 0.567383 0.000000 56.991753 -0.567383 0.823454 0.000000 -19.159665 0.000000 0.000000 1.000000 0.000000
0.822927 0.568147 0.000000 57.146014 -0.568147 0.822927 0.000000 -19.268192 0.000000 0.000000 1.000000 0.000000
0.821435 0.570302 0.000000 57.408999 -0.570302 0.821435 0.000000 -19.440522 0.000000 0.000000 1.000000 0.000000
0.820485 0.571667 0.000000 57.568940 -0.571667 0.820485 0.000000 -19.560256 0.000000 0.000000 1.000000 0.000000
0.818444 0.574586 0.000000 57.729050 -0.574586 0.818444 0.000000 -19.673620 0.000000 0.000000 1.000000 0.000000
0.816592 0.577216 0.000000 57.893230 -0.577216 0.816592 0.000000 -19.787591 0.000000 0.000000 1.000000 0.000000
0.817227 0.576315 0.000000 58.058639 -0.576315 0.817227 0.000000 -19.903491 0.000000 0.000000 1.000000 0.000000
0.816049 0.577983 0.000000 58.218457 -0.577983 0.816049 0.000000 -20.021551 0.000000 0.000000 1.000000 0.000000
0.815127 0.579283 0.000000 58.380064 -0.579283 0.815127 0.000000 -20.144956 0.000000 0.000000 1.000000 0.000000
0.812285 0.583260 0.000000 58.712560 -0.583260 0.812285 0.000000 -20.388401 0.000000 0.000000 1.000000 0.000000
0.810519 0.585712 0.000000 58.881918 -0.585712 0.810519 0.000000 -20.512769 0.000000 0.000000 1.000000 0.000000
0.809203 0.587529 0.000000 59.053090 -0.587529 0.809203 0.000000 -20.642349 0.000000 0.000000 1.000000 0.000000
0.807375 0.590039 0.000000 59.221189 -0.590039 0.807375 0.000000 -20.768959 0.000000 0.000000 1.000000 0.000000
0.806484 0.591256 0.000000 59.390377 -0.591256 0.806484 0.000000 -20.904437 0.000000 0.000000 1.000000 0.000000
0.805715 0.592304 0.000000 59.555043 -0.592304 0.805715 0.000000 -21.034386 0.000000 0.000000 1.000000 0.000000
0.804055 0.594556 0.000000 59.720536 -0.594556 0.804055 0.000000 -21.160875 0.000000 0.000000 1.000000 0.000000
0.802528 0.596614 0.000000 59.901090 -0.596614 0.802528 0.000000 -21.301967 0.000000 0.000000 1.000000 0.000000
0.799921 0.600106 0.000000 60.072905 -0.600106 0.799921 0.000000 -21.433134 0.000000 0.000000 1.000000 0.000000
0.796292 0.604913 0.000000 60.249118 -0.604913 0.796292 0.000000 -21.562135 0.000000 0.000000 1.000000 0.000000
0.792768 0.609523 0.000000 60.436042 -0.609523 0.792768 0.000000 -21.711912 0.000000 0.000000 1.000000 0.000000
0.790766 0.612119 0.000000 60.610217 -0.612119 0.790766 0.000000 -21.852781 0.000000 0.000000 1.000000 0.000000
0.788784 0.614671 0.000000 60.805648 -0.614671 0.788784 0.000000 -22.007731 0.000000 0.000000 1.000000 0.000000
0.787370 0.616480 0.000000 60.987720 -0.616480 0.787370 0.000000 -22.155404 0.000000 0.000000 1.000000 0.000000
0.784127 0.620600 0.000000 61.187443 -0.620600 0.784127 0.000000 -22.312070 0.000000 0.000000 1.000000 0.000000
0.782071 0.623190 0.000000 61.368503 -0.623190 0.782071 0.000000 -22.467809 0.000000 0.000000 1.000000 0.000000
0.777083 0.629399 0.000000 61.656285 -0.629399 0.777083 0.000000 -22.702509 0.000000 0.000000 1.000000 0.000000
0.774104 0.633058 0.000000 61.850758 -0.633058 0.774104 0.000000 -22.858300 0.000000 0.000000 1.000000 0.000000
0.772607 0.634885 0.000000 62.055671 -0.634885 0.772607 0.000000 -23.033621 0.000000 0.000000 1.000000 0.000000
0.771252 0.636530 0.000000 62.254659 -0.636530 0.771252 0.000000 -23.199202 0.000000 0.000000 1.000000 0.000000
0.767778 0.640716 0.000000 62.660838 -0.640716 0.767778 0.000000 -23.553697 0.000000 0.000000 1.000000 0.000000
0.766295 0.642489 0.000000 62.860078 -0.642489 0.766295 0.000000 -23.731591 0.000000 0.000000 1.000000 0.000000
0.764796 0.644273 0.000000 63.051149 -0.644273 0.764796 0.000000 -23.905033 0.000000 0.000000 1.000000 0.000000
0.763170 0.646198 0.000000 63.256388 -0.646198 0.763170 0.000000 -24.085696 0.000000 0.000000 1.000000 0.000000
0.762721 0.646727 0.000000 63.536263 -0.646727 0.762721 0.000000 -24.324460 0.000000 0.000000 1.000000 0.000000
0.758281 0.651928 0.000000 63.741875 -0.651928 0.758281 0.000000 -24.499749 0.000000 0.000000 1.000000 0.000000
0.754947 0.655786 0.000000 63.937904 -0.655786 0.754947 0.000000 -24.667408 0.000000 0.000000 1.000000 0.000000
0.750455 0.660921 0.000000 64.138300 -0.660921 0.750455 0.000000 -24.843434 0.000000 0.000000 1.000000 0.000000
0.749150 0.662400 0.000000 64.324491 -0.662400 0.749150 0.000000 -25.012508 0.000000 0.000000 1.000000 0.000000
0.747291 0.664497 0.000000 64.508746 -0.664497 0.747291 0.000000 -25.178938 0.000000 0.000000 1.000000 0.000000
0.744648 0.667457 0.000000 64.702645 -0.667457 0.744648 0.000000 -25.359688 0.000000 0.000000 1.000000 0.000000
0.744520 0.667600 0.000000 64.883639 -0.667600 0.744520 0.000000 -25.529418 0.000000 0.000000 1.000000 0.000000
0.742618 0.669715 0.000000 65.064861 -0.669715 0.742618 0.000000 -25.700990 0.000000 0.000000 1.000000 0.000000
0.740271 0.672309 0.000000 65.257632 -0.672309 0.740271 0.000000 -25.880175 0.000000 0.000000 1.000000 0.000000
0.740205 0.672382 0.000000 65.435786 -0.672382 0.740205 0.000000 -26.046342 0.000000 0.000000 1.000000 0.000000
0.741061 0.671438 0.000000 65.681756 -0.671438 0.741061 0.000000 -26.285877 0.000000 0.000000 1.000000 0.000000
0.740032 0.672572 0.000000 65.880764 -0.672572 0.740032 0.000000 -26.475542 0.000000 0.000000 1.000000 0.000000
0.739121 0.673573 0.000000 66.064529 -0.673573 0.739121 0.000000 -26.656614 0.000000 0.000000 1.000000 0.000000
0.739599 0.673047 0.000000 66.243227 -0.673047 0.739599 0.000000 -26.839617 0.000000 0.000000 1.000000 0.000000
0.738561 0.674187 0.000000 66.426355 -0.674187 0.738561 0.000000 -27.015194 0.000000 0.000000 1.000000 0.000000
0.741710 0.670721 0.000000 66.604786 -0.670721 0.741710 0.000000 -27.191499 0.000000 0.000000 1.000000 0.000000
0.746542 0.665339 0.000000 66.779788 -0.665339 0.746542 0.000000 -27.372563 0.000000 0.000000 1.000000 0.000000
0.746564 0.665314 0.000000 66.961602 -0.665314 0.746564 0.000000 -27.527879 0.000000 0.000000 1.000000 0.000000
0.748748 0.662855 0.000000 67.143869 -0.662855 0.748748 0.000000 -27.691374 0.000000 0.000000 1.000000 0.000000
0.750223 0.661185 0.000000 67.309239 -0.661185 0.750223 0.000000 -27.842578 0.000000 0.000000 1.000000 0.000000
0.749705 0.661772 0.000000 67.654886 -0.661772 0.749705 0.000000 -28.152703 0.000000 0.000000 1.000000 0.000000
0.750534 0.660832 0.000000 67.824078 -0.660832 0.750534 0.000000 -28.309004 0.000000 0.000000 1.000000 0.000000
0.752905 0.658130 0.000000 67.992775 -0.658130 0.752905 0.000000 -28.467935 0.000000 0.000000 1.000000 0.000000
0.753982 0.656895 0.000000 68.147120 -0.656895 0.753982 0.000000 -28.613592 0.000000 0.000000 1.000000 0.000000
0.756033 0.654534 0.000000 68.309913 -0.654534 0.756033 0.000000 -28.765603 0.000000 0.000000 1.000000 0.000000
0.757213 0.653168 0.000000 68.466722 -0.653168 0.757213 0.000000 -28.909721 0.000000 0.000000 1.000000 0.000000
0.756820 0.653624 0.000000 68.631977 -0.653624 0.756820 0.000000 -29.054018 0.000000 0.000000 1.000000 0.000000
0.758096 0.652143 0.000000 68.910373 -0.652143 0.758096 0.000000 -29.299454 0.000000 0.000000 1.000000 0.000000
0.759656 0.650325 0.000000 69.071138 -0.650325 0.759656 0.000000 -29.444867 0.000000 0.000000 1.000000 0.000000
0.762337 0.647181 0.000000 69.228237 -0.647181 0.762337 0.000000 -29.585256 0.000000 0.000000 1.000000 0.000000
0.763821 0.645428 0.000000 69.383757 -0.645428 0.763821 0.000000 -29.725603 0.000000 0.000000 1.000000 0.000000
0.766223 0.642575 0.000000 69.536108 -0.642575 0.766223 0.000000 -29.859884 0.000000 0.000000 1.000000 0.000000
0.768498 0.639853 0.000000 69.686837 -0.639853 0.768498 0.000000 -29.996288 0.000000 0.000000 1.000000 0.000000
0.775540 0.631299 0.000000 69.980885 -0.631299 0.775540 0.000000 -30.265009 0.000000 0.000000 1.000000 0.000000
0.778540 0.627595 0.000000 70.117751 -0.627595 0.778540 0.000000 -30.380939 0.000000 0.000000 1.000000 0.000000
0.781358 0.624083 0.000000 70.255038 -0.624083 0.781358 0.000000 -30.493827 0.000000 0.000000 1.000000 0.000000
0.787301 0.616569 0.000000 70.491222 -0.616569 0.787301 0.000000 -30.690159 0.000000 0.000000 1.000000 0.000000
0.790900 0.611945 0.000000 70.812182 -0.611945 0.790900 0.000000 -30.929467 0.000000 0.000000 1.000000 0.000000
0.796840 0.604191 0.000000 70.997911 -0.604191 0.796840 0.000000 -31.081496 0.000000 0.000000 1.000000 0.000000
0.799241 0.601011 0.000000 71.120628 -0.601011 0.799241 0.000000 -31.170677 0.000000 0.000000 1.000000 0.000000
0.807140 0.590361 0.000000 71.357140 -0.590361 0.807140 0.000000 -31.354487 0.000000 0.000000 1.000000 0.000000
0.810769 0.585366 0.000000 71.473147 -0.585366 0.810769 0.000000 -31.443856 0.000000 0.000000 1.000000 0.000000
0.813811 0.581130 0.000000 71.577175 -0.581130 0.813811 0.000000 -31.523242 0.000000 0.000000 1.000000 0.000000
0.816187 0.577788 0.000000 71.685407 -0.577788 0.816187 0.000000 -31.605875 0.000000 0.000000 1.000000 0.000000
0.821012 0.570911 0.000000 71.848451 -0.570911 0.821012 0.000000 -31.728108 0.000000 0.000000 1.000000 0.000000
0.826060 0.563582 0.000000 72.056503 -0.563582 0.826060 0.000000 -31.870022 0.000000 0.000000 1.000000 0.000000
0.829379 0.558687 0.000000 72.154145 -0.558687 0.829379 0.000000 -31.939029 0.000000 0.000000 1.000000 0.000000
0.832729 0.553681 0.000000 72.247613 -0.553681 0.832729 0.000000 -32.005394 0.000000 0.000000 1.000000 0.000000
0.836017 0.548704 0.000000 72.337031 -0.548704 0.836017 0.000000 -32.069830 0.000000 0.000000 1.000000 0.000000
0.839227 0.543782 0.000000 72.433833 -0.543782 0.839227 0.000000 -32.134583 0.000000 0.000000 1.000000 0.000000
0.841530 0.540210 0.000000 72.517232 -0.540210 0.841530 0.000000 -32.191543 0.000000 0.000000 1.000000 0.000000
0.848121 0.529802 0.000000 72.681276 -0.529802 0.848121 0.000000 -32.307879 0.000000 0.000000 1.000000 0.000000
0.850445 0.526064 0.000000 72.755093 -0.526064 0.850445 0.000000 -32.358623 0.000000 0.000000 1.000000 0.000000
0.853610 0.520912 0.000000 72.823474 -0.520912 0.853610 0.000000 -32.408130 0.000000 0.000000 1.000000 0.000000
0.855367 0.518023 0.000000 72.885902 -0.518023 0.855367 0.000000 -32.451352 0.000000 0.000000 1.000000 0.000000
0.858581 0.512679 0.000000 72.944521 -0.512679 0.858581 0.000000 -32.496861 0.000000 0.000000 1.000000 0.000000
0.859975 0.510336 0.000000 72.996372 -0.510336 0.859975 0.000000 -32.530305 0.000000 0.000000 1.000000 0.000000
0.861176 0.508308 0.000000 73.044750 -0.508308 0.861176 0.000000 -32.560050 0.000000 0.000000 1.000000 0.000000
0.862212 0.506548 0.000000 73.120370 -0.506548 0.862212 0.000000 -32.601420 0.000000 0.000000 1.000000 0.000000
0.863427 0.504474 0.000000 73.153848 -0.504474 0.863427 0.000000 -32.622932 0.000000 0.000000 1.000000 0.000000
0.863877 0.503702 0.000000 73.188940 -0.503702 0.863877 0.000000 -32.642395 0.000000 0.000000 1.000000 0.000000
0.864290 0.502993 0.000000 73.219878 -0.502993 0.864290 0.000000 -32.661848 0.000000 0.000000 1.000000 0.000000
0.865201 0.501425 0.000000 73.247678 -0.501425 0.865201 0.000000 -32.679394 0.000000 0.000000 1.000000 0.000000
0.866228 0.499649 0.000000 73.268773 -0.499649 0.866228 0.000000 -32.689195 0.000000 0.000000 1.000000 0.000000
0.866076 0.499912 0.000000 73.284876 -0.499912 0.866076 0.000000 -32.697480 0.000000 0.000000 1.000000 0.000000
0.866392 0.499364 0.000000 73.297964 -0.499364 0.866392 0.000000 -32.705104 0.000000 0.000000 1.000000 0.000000
0.867854 0.496819 0.000000 73.317087 -0.496819 0.867854 0.000000 -32.720281 0.000000 0.000000 1.000000 0.000000
0.867189 0.497980 0.000000 73.323133 -0.497980 0.867189 0.000000 -32.722463 0.000000 0.000000 1.000000 0.000000
0.868063 0.496453 0.000000 73.327507 -0.496453 0.868063 0.000000 -32.725091 0.000000 0.000000 1.000000 0.000000
0.868085 0.496415 0.000000 73.326600 -0.496415 0.868085 0.000000 -32.722749 0.000000 0.000000 1.000000 0.000000
0.867431 0.497557 0.000000 73.328125 -0.497557 0.867431 0.000000 -32.718251 0.000000 0.000000 1.000000 0.000000
0.867339 0.497718 0.000000 73.324582 -0.497718 0.867339 0.000000 -32.719134 0.000000 0.000000 1.000000 0.000000
0.867162 0.498026 0.000000 73.326644 -0.498026 0.867162 0.000000 -32.717927 0.000000 0.000000 1.000000 0.000000
0.868055 0.496467 0.000000 73.326824 -0.496467 0.868055 0.000000 -32.723542 0.000000 0.000000 1.000000 0.000000
0.868116 0.496361 0.000000 73.326710 -0.496361 0.868116 0.000000 -32.726154 0.000000 0.000000 1.000000 0.000000
0.867391 0.497628 0.000000 73.329839 -0.497628 0.867391 0.000000 -32.726101 0.000000 0.000000 1.000000 0.000000
0.867222 0.497921 0.000000 73.334821 -0.497921 0.867222 0.000000 -32.723427 0.000000 0.000000 1.000000 0.000000
0.867267 0.497843 0.000000 73.335248 -0.497843 0.867267 0.000000 -32.720782 0.000000 0.000000 1.000000 0.000000
0.867162 0.498027 0.000000 73.334486 -0.498027 0.867162 0.000000 -32.718668 0.000000 0.000000 1.000000 0.000000
0.867115 0.498108 0.000000 73.333547 -0.498108 0.867115 0.000000 -32.717375 0.000000 0.000000 1.000000 0.000000
0.866923 0.498441 0.000000 73.335246 -0.498441 0.866923 0.000000 -32.712035 0.000000 0.000000 1.000000 0.000000
0.866882 0.498514 0.000000 73.335182 -0.498514 0.866882 0.000000 -32.710759 0.000000 0.000000 1.000000 0.000000
0.866913 0.498459 0.000000 73.335210 -0.498459 0.866913 0.000000 -32.710767 0.000000 0.000000 1.000000 0.000000
0.866964 0.498371 0.000000 73.334322 -0.498371 0.866964 0.000000 -32.711022 0.000000 0.000000 1.000000 0.000000
0.867003 0.498303 0.000000 73.334142 -0.498303 0.867003 0.000000 -32.706852 0.000000 0.000000 1.000000 0.000000
0.866973 0.498355 0.000000 73.332131 -0.498355 0.866973 0.000000 -32.707748 0.000000 0.000000 1.000000 0.000000
0.866974 0.498354 0.000000 73.333441 -0.498354 0.866974 0.000000 -32.706624 0.000000 0.000000 1.000000 0.000000
0.866982 0.498340 0.000000 73.332415 -0.498340 0.866982 0.000000 -32.708006 0.000000 0.000000 1.000000 0.000000
0.866967 0.498365 0.000000 73.330470 -0.498365 0.866967 0.000000 -32.708694 0.000000 0.000000 1.000000 0.000000
0.866967 0.498366 0.000000 73.332143 -0.498366 0.866967 0.000000 -32.708371 0.000000 0.000000 1.000000 0.000000
0.866850 0.498569 0.000000 73.329908 -0.498569 0.866850 0.000000 -32.709835 0.000000 0.000000 1.000000 0.000000
0.866747 0.498748 0.000000 73.332561 -0.498748 0.866747 0.000000 -32.712114 0.000000 0.000000 1.000000 0.000000
0.866689 0.498849 0.000000 73.332541 -0.498849 0.866689 0.000000 -32.714263 0.000000 0.000000 1.000000 0.000000
0.866702 0.498825 0.000000 73.331645 -0.498825 0.866702 0.000000 -32.714925 0.000000 0.000000 1.000000 0.000000
0.866754 0.498737 0.000000 73.333276 -0.498737 0.866754 0.000000 -32.715330 0.000000 0.000000 1.000000 0.000000
0.866742 0.498756 0.000000 73.333052 -0.498756 0.866742 0.000000 -32.717669 0.000000 0.000000 1.000000 0.000000
0.866727 0.498783 0.000000 73.336483 -0.498783 0.866727 0.000000 -32.718114 0.000000 0.000000 1.000000 0.000000
0.866698 0.498834 0.000000 73.337916 -0.498834 0.866698 0.000000 -32.717449 0.000000 0.000000 1.000000 0.000000
0.866709 0.498815 0.000000 73.340139 -0.498815 0.866709 0.000000 -32.715793 0.000000 0.000000 1.000000 0.000000
0.866638 0.498938 0.000000 73.340305 -0.498938 0.866638 0.000000 -32.717531 0.000000 0.000000 1.000000 0.000000
0.866677 0.498869 0.000000 73.339979 -0.498869 0.866677 0.000000 -32.719998 0.000000 0.000000 1.000000 0.000000
0.866691 0.498846 0.000000 73.340016 -0.498846 0.866691 0.000000 -32.719501 0.000000 0.000000 1.000000 0.000000
0.866680 0.498865 0.000000 73.342396 -0.498865 0.866680 0.000000 -32.718205 0.000000 0.000000 1.000000 0.000000
0.866664 0.498892 0.000000 73.343904 -0.498892 0.866664 0.000000 -32.719247 0.000000 0.000000 1.000000 0.000000
0.866740 0.498761 0.000000 73.345258 -0.498761 0.866740 0.000000 -32.717389 0.000000 0.000000 1.000000 0.000000
0.867109 0.498118 0.000000 73.344950 -0.498118 0.867109 0.000000 -32.718071 0.000000 0.000000 1.000000 0.000000
0.867069 0.498188 0.000000 73.344415 -0.498188 0.867069 0.000000 -32.717156 0.000000 0.000000 1.000000 0.000000
0.867024 0.498267 0.000000 73.343109 -0.498267 0.867024 0.000000 -32.715503 0.000000 0.000000 1.000000 0.000000
0.866990 0.498326 0.000000 73.344851 -0.498326 0.866990 0.000000 -32.716052 0.000000 0.000000 1.000000 0.000000
0.866987 0.498331 0.000000 73.345821 -0.498331 0.866987 0.000000 -32.716923 0.000000 0.000000 1.000000 0.000000
0.867136 0.498071 0.000000 73.346992 -0.498071 0.867136 0.000000 -32.717674 0.000000 0.000000 1.000000 0.000000
0.867155 0.498038 0.000000 73.348241 -0.498038 0.867155 0.000000 -32.716551 0.000000 0.000000 1.000000 0.000000
0.867001 0.498306 0.000000 73.347053 -0.498306 0.867001 0.000000 -32.716067 0.000000 0.000000 1.000000 0.000000
0.866493 0.499189 0.000000 73.348075 -0.499189 0.866493 0.000000 -32.715356 0.000000 0.000000 1.000000 0.000000
0.866105 0.499863 0.000000 73.349161 -0.499863 0.866105 0.000000 -32.716478 0.000000 0.000000 1.000000 0.000000
0.864871 0.501995 0.000000 73.350477 -0.501995 0.864871 0.000000 -32.712988 0.000000 0.000000 1.000000 0.000000
0.864764 0.502178 0.000000 73.352919 -0.502178 0.864764 0.000000 -32.717450 0.000000 0.000000 1.000000 0.000000
0.864818 0.502086 0.000000 73.356243 -0.502086 0.864818 0.000000 -32.721886 0.000000 0.000000 1.000000 0.000000
0.864932 0.501890 0.000000 73.355728 -0.501890 0.864932 0.000000 -32.724276 0.000000 0.000000 1.000000 0.000000
0.866239 0.499630 0.000000 73.354406 -0.499630 0.866239 0.000000 -32.734475 0.000000 0.000000 1.000000 0.000000
0.866838 0.498590 0.000000 73.352930 -0.498590 0.866838 0.000000 -32.737200 0.000000 0.000000 1.000000 0.000000
0.867356 0.497689 0.000000 73.350517 -0.497689 0.867356 0.000000 -32.739791 0.000000 0.000000 1.000000 0.000000
0.867670 0.497141 0.000000 73.345420 -0.497141 0.867670 0.000000 -32.740269 0.000000 0.000000 1.000000 0.000000
0.867767 0.496971 0.000000 73.343578 -0.496971 0.867767 0.000000 -32.740996 0.000000 0.000000 1.000000 0.000000
0.867964 0.496628 0.000000 73.340278 -0.496628 0.867964 0.000000 -32.741852 0.000000 0.000000 1.000000 0.000000
0.867977 0.496604 0.000000 73.342322 -0.496604 0.867977 0.000000 -32.740774 0.000000 0.000000 1.000000 0.000000
0.868009 0.496549 0.000000 73.341247 -0.496549 0.868009 0.000000 -32.739238 0.000000 0.000000 1.000000 0.000000
0.868255 0.496118 0.000000 73.340325 -0.496118 0.868255 0.000000 -32.742730 0.000000 0.000000 1.000000 0.000000
0.868213 0.496192 0.000000 73.338475 -0.496192 0.868213 0.000000 -32.745715 0.000000 0.000000 1.000000 0.000000
0.868382 0.495896 0.000000 73.334689 -0.495896 0.868382 0.000000 -32.743896 0.000000 0.000000 1.000000 0.000000
0.868470 0.495741 0.000000 73.333324 -0.495741 0.868470 0.000000 -32.743019 0.000000 0.000000 1.000000 0.000000
0.868497 0.495694 0.000000 73.332509 -0.495694 0.868497 0.000000 -32.742718 0.000000 0.000000 1.000000 0.000000
0.868887 0.495010 0.000000 73.330400 -0.495010 0.868887 0.000000 -32.743672 0.000000 0.000000 1.000000 0.000000
0.869160 0.494530 0.000000 73.325978 -0.494530 0.869160 0.000000 -32.746621 0.000000 0.000000 1.000000 0.000000
0.869763 0.493469 0.000000 73.321566 -0.493469 0.869763 0.000000 -32.751464 0.000000 0.000000 1.000000 0.000000
0.870338 0.492456 0.000000 73.318540 -0.492456 0.870338 0.000000 -32.752792 0.000000 0.000000 1.000000 0.000000
0.870363 0.492411 0.000000 73.317742 -0.492411 0.870363 0.000000 -32.752056 0.000000 0.000000 1.000000 0.000000
0.870081 0.492910 0.000000 73.318067 -0.492910 0.870081 0.000000 -32.749508 0.000000 0.000000 1.000000 0.000000
0.868928 0.494939 0.000000 73.325448 -0.494939 0.868928 0.000000 -32.745899 0.000000 0.000000 1.000000 0.000000
0.868133 0.496331 0.000000 73.332772 -0.496331 0.868133 0.000000 -32.745267 0.000000 0.000000 1.000000 0.000000
0.867243 0.497885 0.000000 73.339759 -0.497885 0.867243 0.000000 -32.744585 0.000000 0.000000 1.000000 0.000000
0.866322 0.499485 0.000000 73.339957 -0.499485 0.866322 0.000000 -32.743152 0.000000 0.000000 1.000000 0.000000
0.865280 0.501290 0.000000 73.342329 -0.501290 0.865280 0.000000 -32.739103 0.000000 0.000000 1.000000 0.000000
0.864050 0.503406 0.000000 73.348174 -0.503406 0.864050 0.000000 -32.735018 0.000000 0.000000 1.000000 0.000000
0.863191 0.504877 0.000000 73.357540 -0.504877 0.863191 0.000000 -32.738149 0.000000 0.000000 1.000000 0.000000
0.862787 0.505567 0.000000 73.369340 -0.505567 0.862787 0.000000 -32.744374 0.000000 0.000000 1.000000 0.000000
0.862925 0.505332 0.000000 73.378406 -0.505332 0.862925 0.000000 -32.751013 0.000000 0.000000 1.000000 0.000000
0.863238 0.504797 0.000000 73.389388 -0.504797 0.863238 0.000000 -32.757973 0.000000 0.000000 1.000000 0.000000
0.863850 0.503750 0.000000 73.398868 -0.503750 0.863850 0.000000 -32.764211 0.000000 0.000000 1.000000 0.000000
0.864620 0.502427 0.000000 73.408938 -0.502427 0.864620 0.000000 -32.771809 0.000000 0.000000 1.000000 0.000000
0.865079 0.501636 0.000000 73.421459 -0.501636 0.865079 0.000000 -32.781439 0.000000 0.000000 1.000000 0.000000
0.865094 0.501609 0.000000 73.434833 -0.501609 0.865094 0.000000 -32.788993 0.000000 0.000000 1.000000 0.000000
0.864944 0.501869 0.000000 73.451419 -0.501869 0.864944 0.000000 -32.796478 0.000000 0.000000 1.000000 0.000000
0.864475 0.502676 0.000000 73.466997 -0.502676 0.864475 0.000000 -32.800811 0.000000 0.000000 1.000000 0.000000
0.864069 0.503374 0.000000 73.485135 -0.503374 0.864069 0.000000 -32.807466 0.000000 0.000000 1.000000 0.000000
0.863556 0.504252 0.000000 73.517854 -0.504252 0.863556 0.000000 -32.821362 0.000000 0.000000 1.000000 0.000000
0.864043 0.503419 0.000000 73.532408 -0.503419 0.864043 0.000000 -32.833801 0.000000 0.000000 1.000000 0.000000
0.863961 0.503558 0.000000 73.548290 -0.503558 0.863961 0.000000 -32.842713 0.000000 0.000000 1.000000 0.000000
0.864511 0.502614 0.000000 73.562218 -0.502614 0.864511 0.000000 -32.849151 0.000000 0.000000 1.000000 0.000000
0.865095 0.501608 0.000000 73.572484 -0.501608 0.865095 0.000000 -32.858052 0.000000 0.000000 1.000000 0.000000
0.866524 0.499135 0.000000 73.581341 -0.499135 0.866524 0.000000 -32.868526 0.000000 0.000000 1.000000 0.000000
0.867224 0.497918 0.000000 73.593073 -0.497918 0.867224 0.000000 -32.877879 0.000000 0.000000 1.000000 0.000000
0.867660 0.497158 0.000000 73.600396 -0.497158 0.867660 0.000000 -32.883233 0.000000 0.000000 1.000000 0.000000
0.867663 0.497153 0.000000 73.605651 -0.497153 0.867663 0.000000 -32.883209 0.000000 0.000000 1.000000 0.000000
0.867183 0.497989 0.000000 73.611461 -0.497989 0.867183 0.000000 -32.881592 0.000000 0.000000 1.000000 0.000000
0.866743 0.498756 0.000000 73.615987 -0.498756 0.866743 0.000000 -32.881552 0.000000 0.000000 1.000000 0.000000
0.866139 0.499803 0.000000 73.616634 -0.499803 0.866139 0.000000 -32.878363 0.000000 0.000000 1.000000 0.000000
0.866037 0.499980 0.000000 73.615758 -0.499980 0.866037 0.000000 -32.878823 0.000000 0.000000 1.000000 0.000000
0.865798 0.500394 0.000000 73.616472 -0.500394 0.865798 0.000000 -32.881376 0.000000 0.000000 1.000000 0.000000
0.865761 0.500457 0.000000 73.615157 -0.500457 0.865761 0.000000 -32.885188 0.000000 0.000000 1.000000 0.000000
0.866368 0.499406 0.000000 73.613562 -0.499406 0.866368 0.000000 -32.886601 0.000000 0.000000 1.000000 0.000000
0.866749 0.498744 0.000000 73.610223 -0.498744 0.866749 0.000000 -32.888879 0.000000 0.000000 1.000000 0.000000
0.866914 0.498459 0.000000 73.606253 -0.498459 0.866914 0.000000 -32.889036 0.000000 0.000000 1.000000 0.000000
0.866915 0.498456 0.000000 73.604076 -0.498456 0.866915 0.000000 -32.891432 0.000000 0.000000 1.000000 0.000000
0.867350 0.497699 0.000000 73.604600 -0.497699 0.867350 0.000000 -32.890180 0.000000 0.000000 1.000000 0.000000
0.867657 0.497163 0.000000 73.603236 -0.497163 0.867657 0.000000 -32.892853 0.000000 0.000000 1.000000 0.000000
0.868532 0.495634 0.000000 73.600981 -0.495634 0.868532 0.000000 -32.893515 0.000000 0.000000 1.000000 0.000000
0.868831 0.495109 0.000000 73.599670 -0.495109 0.868831 0.000000 -32.893879 0.000000 0.000000 1.000000 0.000000
0.869351 0.494195 0.000000 73.598390 -0.494195 0.869351 0.000000 -32.896773 0.000000 0.000000 1.000000 0.000000
0.870145 0.492796 0.000000 73.598746 -0.492796 0.870145 0.000000 -32.898891 0.000000 0.000000 1.000000 0.000000
0.870434 0.492285 0.000000 73.597453 -0.492285 0.870434 0.000000 -32.897593 0.000000 0.000000 1.000000 0.000000
0.870884 0.491489 0.000000 73.597163 -0.491489 0.870884 0.000000 -32.897352 0.000000 0.000000 1.000000 0.000000
0.871164 0.490992 0.000000 73.596823 -0.490992 0.871164 0.000000 -32.897260 0.000000 0.000000 1.000000 0.000000
0.871268 0.490808 0.000000 73.594732 -0.490808 0.871268 0.000000 -32.899038 0.000000 0.000000 1.000000 0.000000
0.871701 0.490038 0.000000 73.593606 -0.490038 0.871701 0.000000 -32.900721 0.000000 0.000000 1.000000 0.000000
0.871776 0.489905 0.000000 73.594755 -0.489905 0.871776 0.000000 -32.902652 0.000000 0.000000 1.000000 0.000000
0.872689 0.488276 0.000000 73.592605 -0.488276 0.872689 0.000000 -32.905376 0.000000 0.000000 1.000000 0.000000
0.873051 0.487630 0.000000 73.592885 -0.487630 0.873051 0.000000 -32.907427 0.000000 0.000000 1.000000 0.000000
0.873506 0.486814 0.000000 73.590355 -0.486814 0.873506 0.000000 -32.909486 0.000000 0.000000 1.000000 0.000000
0.874018 0.485893 0.000000 73.587706 -0.485893 0.874018 0.000000 -32.912774 0.000000 0.000000 1.000000 0.000000
0.874315 0.485358 0.000000 73.585625 -0.485358 0.874315 0.000000 -32.915207 0.000000 0.000000 1.000000 0.000000
0.874398 0.485208 0.000000 73.586266 -0.485208 0.874398 0.000000 -32.916962 0.000000 0.000000 1.000000 0.000000
0.873350 0.487092 0.000000 73.593178 -0.487092 0.873350 0.000000 -32.912149 0.000000 0.000000 1.000000 0.000000
0.871937 0.489618 0.000000 73.601736 -0.489618 0.871937 0.000000 -32.909332 0.000000 0.000000 1.000000 0.000000
0.871086 0.491130 0.000000 73.610911 -0.491130 0.871086 0.000000 -32.908099 0.000000 0.000000 1.000000 0.000000
0.871013 0.491261 0.000000 73.622959 -0.491261 0.871013 0.000000 -32.916039 0.000000 0.000000 1.000000 0.000000
0.871136 0.491041 0.000000 73.635829 -0.491041 0.871136 0.000000 -32.923027 0.000000 0.000000 1.000000 0.000000
