1.000000 0.000928 0.000000 0.585969 -0.000928 1.000000 0.000000 -0.011145 0.000000 0.000000 1.000000 0.000000
0.999998 0.001750 0.000000 1.170035 -0.001750 0.999998 0.000000 -0.010354 0.000000 0.000000 1.000000 0.000000
0.999996 0.002688 0.000000 1.717269 -0.002688 0.999996 0.000000 -0.020546 0.000000 0.000000 1.000000 0.000000
0.999994 0.003567 0.000000 2.300157 -0.003567 0.999994 0.000000 -0.040356 0.000000 0.000000 1.000000 0.000000
0.999989 0.004759 0.000000 2.846283 -0.004759 0.999989 0.000000 -0.045160 0.000000 0.000000 1.000000 0.000000
0.999988 0.004933 0.000000 3.424259 -0.004933 0.999988 0.000000 -0.047347 0.000000 0.000000 1.000000 0.000000
0.999978 0.006689 0.000000 3.983707 -0.006689 0.999978 0.000000 -0.049185 0.000000 0.000000 1.000000 0.000000
0.999980 0.006353 0.000000 4.552563 -0.006353 0.999980 0.000000 -0.063027 0.000000 0.000000 1.000000 0.000000
0.999968 0.007999 0.000000 5.134520 -0.007999 0.999968 0.000000 -0.068191 0.000000 0.000000 1.000000 0.000000
0.999947 0.010315 0.000000 5.885461 -0.010315 0.999947 0.000000 -0.078852 0.000000 0.000000 1.000000 0.000000
0.999931 0.011748 0.000000 6.502306 -0.011748 0.999931 0.000000 -0.090825 0.000000 0.000000 1.000000 0.000000
0.999923 0.012446 0.000000 7.043030 -0.012446 0.999923 0.000000 -0.098479 0.000000 0.000000 1.000000 0.000000
0.999891 0.014740 0.000000 7.660356 -0.014740 0.999891 0.000000 -0.107298 0.000000 0.000000 1.000000 0.000000
0.999863 0.016549 0.000000 8.236291 -0.016549 0.999863 0.000000 -0.112691 0.000000 0.000000 1.000000 0.000000
0.999849 0.017392 0.000000 8.813036 -0.017392 0.999849 0.000000 -0.134635 0.000000 0.000000 1.000000 0.000000
0.999774 0.021238 0.000000 9.389981 -0.021238 0.999774 0.000000 -0.142971 0.000000 0.000000 1.000000 0.000000
0.999740 0.022813 0.000000 9.964577 -0.022813 0.999740 0.000000 -0.161417 0.000000 0.000000 1.000000 0.000000
0.999668 0.025764 0.000000 10.539291 -0.025764 0.999668 0.000000 -0.177869 0.000000 0.000000 1.000000 0.000000
0.999640 0.026830 0.000000 11.116654 -0.026830 0.999640 0.000000 -0.200756 0.000000 0.000000 1.000000 0.000000
0.999554 0.029851 0.000000 11.690040 -0.029851 0.999554 0.000000 -0.227654 0.000000 0.000000 1.000000 0.000000
0.999469 0.032570 0.000000 12.263378 -0.032570 0.999469 0.000000 -0.250992 0.000000 0.000000 1.000000 0.000000
0.999453 0.033065 0.000000 12.813704 -0.033065 0.999453 0.000000 -0.277185 0.000000 0.000000 1.000000 0.000000
0.999302 0.037355 0.000000 13.385409 -0.037355 0.999302 0.000000 -0.298793 0.000000 0.000000 1.000000 0.000000
0.999235 0.039098 0.000000 14.483524 -0.039098 0.999235 0.000000 -0.346205 0.000000 0.000000 1.000000 0.000000
0.999265 0.038325 0.000000 15.414685 -0.038325 0.999265 0.000000 -0.393176 0.000000 0.000000 1.000000 0.000000
0.999340 0.036324 0.000000 15.979392 -0.036324 0.999340 0.000000 -0.431732 0.000000 0.000000 1.000000 0.000000
0.999290 0.037673 0.000000 16.545927 -0.037673 0.999290 0.000000 -0.466038 0.000000 0.000000 1.000000 0.000000
0.999225 0.039354 0.000000 17.110962 -0.039354 0.999225 0.000000 -0.495405 0.000000 0.000000 1.000000 0.000000
0.999402 0.034577 0.000000 17.673011 -0.034577 0.999402 0.000000 -0.534002 0.000000 0.000000 1.000000 0.000000
0.999482 0.032183 0.000000 18.273266 -0.032183 0.999482 0.000000 -0.571314 0.000000 0.000000 1.000000 0.000000
0.999138 0.041503 0.000000 18.833074 -0.041503 0.999138 0.000000 -0.601817 0.000000 0.000000 1.000000 0.000000
0.998484 0.055043 0.000000 19.956982 -0.055043 0.998484 0.000000 -0.664127 0.000000 0.000000 1.000000 0.000000
0.998604 0.052824 0.000000 20.516878 -0.052824 0.998604 0.000000 -0.718380 0.000000 0.000000 1.000000 0.000000
0.998506 0.054641 0.000000 21.077206 -0.054641 0.998506 0.000000 -0.767290 0.000000 0.000000 1.000000 0.000000
0.998547 0.053887 0.000000 21.600603 -0.053887 0.998547 0.000000 -0.816247 0.000000 0.000000 1.000000 0.000000
0.998659 0.051769 0.000000 22.160693 -0.051769 0.998659 0.000000 -0.862508 0.000000 0.000000 1.000000 0.000000
0.998331 0.057757 0.000000 23.054804 -0.057757 0.998331 0.000000 -0.930183 0.000000 0.000000 1.000000 0.000000
0.998344 0.057532 0.000000 23.651985 -0.057532 0.998344 0.000000 -0.974739 0.000000 0.000000 1.000000 0.000000
0.998296 0.058349 0.000000 24.206868 -0.058349 0.998296 0.000000 -1.017326 0.000000 0.000000 1.000000 0.000000
0.998357 0.057304 0.000000 24.768643 -0.057304 0.998357 0.000000 -1.060109 0.000000 0.000000 1.000000 0.000000
0.998286 0.058524 0.000000 25.326865 -0.058524 0.998286 0.000000 -1.099274 0.000000 0.000000 1.000000 0.000000
0.998304 0.058224 0.000000 25.886667 -0.058224 0.998304 0.000000 -1.147778 0.000000 0.000000 1.000000 0.000000
0.998175 0.060380 0.000000 26.440832 -0.060380 0.998175 0.000000 -1.191587 0.000000 0.000000 1.000000 0.000000
0.998343 0.057545 0.000000 27.008659 -0.057545 0.998343 0.000000 -1.241471 0.000000 0.000000 1.000000 0.000000
0.998219 0.059663 0.000000 27.566895 -0.059663 0.998219 0.000000 -1.274298 0.000000 0.000000 1.000000 0.000000
0.998171 0.060453 0.000000 28.090509 -0.060453 0.998171 0.000000 -1.316043 0.000000 0.000000 1.000000 0.000000
0.998015 0.062984 0.000000 29.034985 -0.062984 0.998015 0.000000 -1.381851 0.000000 0.000000 1.000000 0.000000
0.997732 0.067305 0.000000 29.593687 -0.067305 0.997732 0.000000 -1.430518 0.000000 0.000000 1.000000 0.000000
0.997613 0.069057 0.000000 30.153261 -0.069057 0.997613 0.000000 -1.472080 0.000000 0.000000 1.000000 0.000000
0.997562 0.069792 0.000000 30.714279 -0.069792 0.997562 0.000000 -1.515681 0.000000 0.000000 1.000000 0.000000
0.997383 0.072297 0.000000 31.274426 -0.072297 0.997383 0.000000 -1.556367 0.000000 0.000000 1.000000 0.000000
0.997322 0.073137 0.000000 31.835290 -0.073137 0.997322 0.000000 -1.607949 0.000000 0.000000 1.000000 0.000000
0.997236 0.074298 0.000000 32.427860 -0.074298 0.997236 0.000000 -1.658587 0.000000 0.000000 1.000000 0.000000
0.997233 0.074335 0.000000 32.952749 -0.074335 0.997233 0.000000 -1.703341 0.000000 0.000000 1.000000 0.000000
0.997275 0.073769 0.000000 33.506526 -0.073769 0.997275 0.000000 -1.747505 0.000000 0.000000 1.000000 0.000000
0.997358 0.072642 0.000000 34.062603 -0.072642 0.997358 0.000000 -1.795165 0.000000 0.000000 1.000000 0.000000
0.997092 0.076211 0.000000 34.617063 -0.076211 0.997092 0.000000 -1.834750 0.000000 0.000000 1.000000 0.000000
0.996975 0.077725 0.000000 35.135923 -0.077725 0.996975 0.000000 -1.876943 0.000000 0.000000 1.000000 0.000000
0.996887 0.078846 0.000000 35.690679 -0.078846 0.996887 0.000000 -1.931730 0.000000 0.000000 1.000000 0.000000
0.997004 0.077347 0.000000 36.210116 -0.077347 0.997004 0.000000 -1.972419 0.000000 0.000000 1.000000 0.000000
0.997140 0.075579 0.000000 37.167009 -0.075579 0.997140 0.000000 -2.059065 0.000000 0.000000 1.000000 0.000000
0.997139 0.075589 0.000000 37.715779 -0.075589 0.997139 0.000000 -2.114255 0.000000 0.000000 1.000000 0.000000
0.996981 0.077647 0.000000 38.262146 -0.077647 0.996981 0.000000 -2.162791 0.000000 0.000000 1.000000 0.000000
0.997258 0.074004 0.000000 39.348522 -0.074004 0.997258 0.000000 -2.244349 0.000000 0.000000 1.000000 0.000000
0.996819 0.079696 0.000000 39.926043 -0.079696 0.996819 0.000000 -2.301340 0.000000 0.000000 1.000000 0.000000
0.996808 0.079836 0.000000 40.421963 -0.079836 0.996808 0.000000 -2.346454 0.000000 0.000000 1.000000 0.000000
0.996887 0.078838 0.000000 41.453896 -0.078838 0.996887 0.000000 -2.440521 0.000000 0.000000 1.000000 0.000000
0.996866 0.079112 0.000000 41.981471 -0.079112 0.996866 0.000000 -2.488379 0.000000 0.000000 1.000000 0.000000
0.996972 0.077761 0.000000 42.495481 -0.077761 0.996972 0.000000 -2.536167 0.000000 0.000000 1.000000 0.000000
0.997027 0.077056 0.000000 42.991623 -0.077056 0.997027 0.000000 -2.568723 0.000000 0.000000 1.000000 0.000000
0.996885 0.078874 0.000000 43.893334 -0.078874 0.996885 0.000000 -2.644564 0.000000 0.000000 1.000000 0.000000
0.997032 0.076983 0.000000 44.402628 -0.076983 0.997032 0.000000 -2.699617 0.000000 0.000000 1.000000 0.000000
0.996723 0.080893 0.000000 44.904248 -0.080893 0.996723 0.000000 -2.729659 0.000000 0.000000 1.000000 0.000000
0.996259 0.086419 0.000000 45.399263 -0.086419 0.996259 0.000000 -2.769735 0.000000 0.000000 1.000000 0.000000
0.996258 0.086430 0.000000 45.890328 -0.086430 0.996258 0.000000 -2.816413 0.000000 0.000000 1.000000 0.000000
0.996158 0.087571 0.000000 46.369914 -0.087571 0.996158 0.000000 -2.856300 0.000000 0.000000 1.000000 0.000000
0.995899 0.090472 0.000000 46.847452 -0.090472 0.995899 0.000000 -2.892675 0.000000 0.000000 1.000000 0.000000
0.995484 0.094932 0.000000 47.563639 -0.094932 0.995484 0.000000 -2.960585 0.000000 0.000000 1.000000 0.000000
0.995516 0.094589 0.000000 47.996660 -0.094589 0.995516 0.000000 -3.008280 0.000000 0.000000 1.000000 0.000000
0.995579 0.093928 0.000000 48.449530 -0.093928 0.995579 0.000000 -3.054846 0.000000 0.000000 1.000000 0.000000
0.995682 0.092830 0.000000 48.896519 -0.092830 0.995682 0.000000 -3.101306 0.000000 0.000000 1.000000 0.000000
0.995629 0.093392 0.000000 49.321046 -0.093392 0.995629 0.000000 -3.143137 0.000000 0.000000 1.000000 0.000000
0.995951 0.089893 0.000000 49.749534 -0.089893 0.995951 0.000000 -3.188447 0.000000 0.000000 1.000000 0.000000
0.996194 0.087169 0.000000 50.489067 -0.087169 0.996194 0.000000 -3.257131 0.000000 0.000000 1.000000 0.000000
0.996088 0.088363 0.000000 50.875043 -0.088363 0.996088 0.000000 -3.294432 0.000000 0.000000 1.000000 0.000000
0.996021 0.089120 0.000000 51.310785 -0.089120 0.996021 0.000000 -3.330879 0.000000 0.000000 1.000000 0.000000
0.995990 0.089466 0.000000 51.715692 -0.089466 0.995990 0.000000 -3.371347 0.000000 0.000000 1.000000 0.000000
0.995933 0.090097 0.000000 52.112784 -0.090097 0.995933 0.000000 -3.409817 0.000000 0.000000 1.000000 0.000000
0.995862 0.090875 0.000000 52.499834 -0.090875 0.995862 0.000000 -3.447928 0.000000 0.000000 1.000000 0.000000
0.995729 0.092328 0.000000 52.881916 -0.092328 0.995729 0.000000 -3.490665 0.000000 0.000000 1.000000 0.000000
0.995896 0.090500 0.000000 53.252955 -0.090500 0.995896 0.000000 -3.536963 0.000000 0.000000 1.000000 0.000000
0.995772 0.091864 0.000000 53.617011 -0.091864 0.995772 0.000000 -3.565640 0.000000 0.000000 1.000000 0.000000
0.995596 0.093746 0.000000 53.980618 -0.093746 0.995596 0.000000 -3.597529 0.000000 0.000000 1.000000 0.000000
0.995097 0.098902 0.000000 54.663649 -0.098902 0.995097 0.000000 -3.672422 0.000000 0.000000 1.000000 0.000000
0.995183 0.098030 0.000000 55.008298 -0.098030 0.995183 0.000000 -3.706609 0.000000 0.000000 1.000000 0.000000
0.995186 0.098000 0.000000 55.324015 -0.098000 0.995186 0.000000 -3.741634 0.000000 0.000000 1.000000 0.000000
0.995259 0.097264 0.000000 55.657967 -0.097264 0.995259 0.000000 -3.784158 0.000000 0.000000 1.000000 0.000000
0.995107 0.098804 0.000000 55.990899 -0.098804 0.995107 0.000000 -3.822209 0.000000 0.000000 1.000000 0.000000
0.994935 0.100518 0.000000 56.295783 -0.100518 0.994935 0.000000 -3.846596 0.000000 0.000000 1.000000 0.000000
0.994156 0.107956 0.000000 56.624353 -0.107956 0.994156 0.000000 -3.861206 0.000000 0.000000 1.000000 0.000000
0.993971 0.109643 0.000000 56.946761 -0.109643 0.993971 0.000000 -3.896384 0.000000 0.000000 1.000000 0.000000
0.994163 0.107891 0.000000 57.463840 -0.107891 0.994163 0.000000 -3.963709 0.000000 0.000000 1.000000 0.000000
0.994220 0.107360 0.000000 57.773072 -0.107360 0.994220 0.000000 -4.004345 0.000000 0.000000 1.000000 0.000000
0.994035 0.109058 0.000000 58.077856 -0.109058 0.994035 0.000000 -4.039595 0.000000 0.000000 1.000000 0.000000
0.993734 0.111767 0.000000 58.396758 -0.111767 0.993734 0.000000 -4.073587 0.000000 0.000000 1.000000 0.000000
0.993714 0.111949 0.000000 58.691441 -0.111949 0.993714 0.000000 -4.112214 0.000000 0.000000 1.000000 0.000000
0.993506 0.113778 0.000000 58.963085 -0.113778 0.993506 0.000000 -4.147714 0.000000 0.000000 1.000000 0.000000
0.993485 0.113964 0.000000 59.265107 -0.113964 0.993485 0.000000 -4.188785 0.000000 0.000000 1.000000 0.000000
0.993278 0.115750 0.000000 59.548980 -0.115750 0.993278 0.000000 -4.221758 0.000000 0.000000 1.000000 0.000000
0.993225 0.116205 0.000000 59.819533 -0.116205 0.993225 0.000000 -4.256769 0.000000 0.000000 1.000000 0.000000
0.992831 0.119523 0.000000 60.284819 -0.119523 0.992831 0.000000 -4.322033 0.000000 0.000000 1.000000 0.000000
0.992850 0.119365 0.000000 60.531407 -0.119365 0.992850 0.000000 -4.355350 0.000000 0.000000 1.000000 0.000000
0.992676 0.120805 0.000000 60.810017 -0.120805 0.992676 0.000000 -4.390056 0.000000 0.000000 1.000000 0.000000
0.992675 0.120816 0.000000 61.072735 -0.120816 0.992675 0.000000 -4.421460 0.000000 0.000000 1.000000 0.000000
0.992598 0.121445 0.000000 61.337883 -0.121445 0.992598 0.000000 -4.458130 0.000000 0.000000 1.000000 0.000000
0.992548 0.121851 0.000000 61.600184 -0.121851 0.992548 0.000000 -4.496342 0.000000 0.000000 1.000000 0.000000
0.992449 0.122657 0.000000 61.857387 -0.122657 0.992449 0.000000 -4.532488 0.000000 0.000000 1.000000 0.000000
0.992483 0.122381 0.000000 62.121376 -0.122381 0.992483 0.000000 -4.568113 0.000000 0.000000 1.000000 0.000000
0.992131 0.125207 0.000000 62.369288 -0.125207 0.992131 0.000000 -4.598941 0.000000 0.000000 1.000000 0.000000
0.992030 0.125998 0.000000 62.635924 -0.125998 0.992030 0.000000 -4.635247 0.000000 0.000000 1.000000 0.000000
0.991897 0.127045 0.000000 62.884028 -0.127045 0.991897 0.000000 -4.668716 0.000000 0.000000 1.000000 0.000000
0.991858 0.127347 0.000000 63.140033 -0.127347 0.991858 0.000000 -4.704249 0.000000 0.000000 1.000000 0.000000
0.991538 0.129819 0.000000 63.578721 -0.129819 0.991538 0.000000 -4.765228 0.000000 0.000000 1.000000 0.000000
0.991432 0.130627 0.000000 63.850745 -0.130627 0.991432 0.000000 -4.803242 0.000000 0.000000 1.000000 0.000000
0.991426 0.130672 0.000000 64.126752 -0.130672 0.991426 0.000000 -4.843204 0.000000 0.000000 1.000000 0.000000
0.991275 0.131807 0.000000 64.400259 -0.131807 0.991275 0.000000 -4.882908 0.000000 0.000000 1.000000 0.000000
0.991204 0.132340 0.000000 64.677797 -0.132340 0.991204 0.000000 -4.924989 0.000000 0.000000 1.000000 0.000000
0.991076 0.133299 0.000000 64.971637 -0.133299 0.991076 0.000000 -4.971060 0.000000 0.000000 1.000000 0.000000
0.991000 0.133863 0.000000 65.228711 -0.133863 0.991000 0.000000 -5.010242 0.000000 0.000000 1.000000 0.000000
0.991029 0.133648 0.000000 65.520533 -0.133648 0.991029 0.000000 -5.058245 0.000000 0.000000 1.000000 0.000000
0.990668 0.136300 0.000000 65.798876 -0.136300 0.990668 0.000000 -5.096012 0.000000 0.000000 1.000000 0.000000
0.990562 0.137067 0.000000 66.061034 -0.137067 0.990562 0.000000 -5.137589 0.000000 0.000000 1.000000 0.000000
0.990504 0.137485 0.000000 66.342936 -0.137485 0.990504 0.000000 -5.181486 0.000000 0.000000 1.000000 0.000000
0.990101 0.140358 0.000000 66.611676 -0.140358 0.990101 0.000000 -5.219659 0.000000 0.000000 1.000000 0.000000
0.989970 0.141279 0.000000 67.388137 -0.141279 0.989970 0.000000 -5.346381 0.000000 0.000000 1.000000 0.000000
0.989456 0.144833 0.000000 67.676682 -0.144833 0.989456 0.000000 -5.384852 0.000000 0.000000 1.000000 0.000000
0.989047 0.147604 0.000000 67.967359 -0.147604 0.989047 0.000000 -5.427218 0.000000 0.000000 1.000000 0.000000
0.988829 0.149055 0.000000 68.257230 -0.149055 0.988829 0.000000 -5.471159 0.000000 0.000000 1.000000 0.000000
0.989112 0.147162 0.000000 68.549522 -0.147162 0.989112 0.000000 -5.516939 0.000000 0.000000 1.000000 0.000000
0.988731 0.149704 0.000000 69.131317 -0.149704 0.988731 0.000000 -5.609250 0.000000 0.000000 1.000000 0.000000
0.988423 0.151726 0.000000 69.429830 -0.151726 0.988423 0.000000 -5.658991 0.000000 0.000000 1.000000 0.000000
0.988422 0.151728 0.000000 69.714940 -0.151728 0.988422 0.000000 -5.708781 0.000000 0.000000 1.000000 0.000000
0.988224 0.153016 0.000000 70.181589 -0.153016 0.988224 0.000000 -5.788478 0.000000 0.000000 1.000000 0.000000
0.987621 0.156857 0.000000 70.499058 -0.156857 0.987621 0.000000 -5.838182 0.000000 0.000000 1.000000 0.000000
0.986051 0.166442 0.000000 71.028526 -0.166442 0.986051 0.000000 -5.921717 0.000000 0.000000 1.000000 0.000000
0.985928 0.167172 0.000000 71.358256 -0.167172 0.985928 0.000000 -5.980530 0.000000 0.000000 1.000000 0.000000
0.985824 0.167780 0.000000 71.693718 -0.167780 0.985824 0.000000 -6.039210 0.000000 0.000000 1.000000 0.000000
0.984709 0.174208 0.000000 72.014255 -0.174208 0.984709 0.000000 -6.080738 0.000000 0.000000 1.000000 0.000000
0.984716 0.174169 0.000000 72.363193 -0.174169 0.984716 0.000000 -6.142506 0.000000 0.000000 1.000000 0.000000
0.984199 0.177067 0.000000 72.929827 -0.177067 0.984199 0.000000 -6.251310 0.000000 0.000000 1.000000 0.000000
0.984800 0.173695 0.000000 73.274563 -0.173695 0.984800 0.000000 -6.312375 0.000000 0.000000 1.000000 0.000000
0.984779 0.173813 0.000000 73.651717 -0.173813 0.984779 0.000000 -6.386320 0.000000 0.000000 1.000000 0.000000
0.984699 0.174265 0.000000 74.007165 -0.174265 0.984699 0.000000 -6.449575 0.000000 0.000000 1.000000 0.000000
0.984694 0.174294 0.000000 74.654640 -0.174294 0.984694 0.000000 -6.572609 0.000000 0.000000 1.000000 0.000000
0.984685 0.174340 0.000000 75.313325 -0.174340 0.984685 0.000000 -6.680628 0.000000 0.000000 1.000000 0.000000
0.985199 0.171415 0.000000 75.697061 -0.171415 0.985199 0.000000 -6.759944 0.000000 0.000000 1.000000 0.000000
0.985514 0.169597 0.000000 76.118380 -0.169597 0.985514 0.000000 -6.827583 0.000000 0.000000 1.000000 0.000000
0.985094 0.172015 0.000000 76.516601 -0.172015 0.985094 0.000000 -6.894306 0.000000 0.000000 1.000000 0.000000
0.984983 0.172650 0.000000 76.946146 -0.172650 0.984983 0.000000 -6.980687 0.000000 0.000000 1.000000 0.000000
0.984709 0.174210 0.000000 77.349468 -0.174210 0.984709 0.000000 -7.057294 0.000000 0.000000 1.000000 0.000000
0.985002 0.172544 0.000000 77.795025 -0.172544 0.985002 0.000000 -7.136106 0.000000 0.000000 1.000000 0.000000
0.986098 0.166162 0.000000 78.484110 -0.166162 0.986098 0.000000 -7.250226 0.000000 0.000000 1.000000 0.000000
0.986040 0.166507 0.000000 79.293860 -0.166507 0.986040 0.000000 -7.385231 0.000000 0.000000 1.000000 0.000000
0.986276 0.165105 0.000000 79.768295 -0.165105 0.986276 0.000000 -7.472698 0.000000 0.000000 1.000000 0.000000
0.985808 0.167878 0.000000 80.244120 -0.167878 0.985808 0.000000 -7.563440 0.000000 0.000000 1.000000 0.000000
0.985285 0.170918 0.000000 80.706300 -0.170918 0.985285 0.000000 -7.649256 0.000000 0.000000 1.000000 0.000000
0.984286 0.176584 0.000000 81.215011 -0.176584 0.984286 0.000000 -7.726295 0.000000 0.000000 1.000000 0.000000
0.984421 0.175826 0.000000 81.663946 -0.175826 0.984421 0.000000 -7.813599 0.000000 0.000000 1.000000 0.000000
0.983252 0.182249 0.000000 82.168645 -0.182249 0.983252 0.000000 -7.905116 0.000000 0.000000 1.000000 0.000000
0.982614 0.185659 0.000000 82.679379 -0.185659 0.982614 0.000000 -8.000618 0.000000 0.000000 1.000000 0.000000
0.982012 0.188820 0.000000 83.196939 -0.188820 0.982012 0.000000 -8.105745 0.000000 0.000000 1.000000 0.000000
0.981509 0.191417 0.000000 83.684775 -0.191417 0.981509 0.000000 -8.204182 0.000000 0.000000 1.000000 0.000000
0.981128 0.193360 0.000000 84.214461 -0.193360 0.981128 0.000000 -8.313417 0.000000 0.000000 1.000000 0.000000
0.980052 0.198740 0.000000 85.164539 -0.198740 0.980052 0.000000 -8.511725 0.000000 0.000000 1.000000 0.000000
0.980051 0.198747 0.000000 85.706175 -0.198747 0.980051 0.000000 -8.632568 0.000000 0.000000 1.000000 0.000000
0.979988 0.199055 0.000000 86.250091 -0.199055 0.979988 0.000000 -8.752172 0.000000 0.000000 1.000000 0.000000
0.978978 0.203966 0.000000 86.800086 -0.203966 0.978978 0.000000 -8.864430 0.000000 0.000000 1.000000 0.000000
0.978021 0.208505 0.000000 87.353552 -0.208505 0.978021 0.000000 -8.986554 0.000000 0.000000 1.000000 0.000000
0.978170 0.207806 0.000000 88.199210 -0.207806 0.978170 0.000000 -9.182482 0.000000 0.000000 1.000000 0.000000
0.977767 0.209695 0.000000 88.725288 -0.209695 0.977767 0.000000 -9.292843 0.000000 0.000000 1.000000 0.000000
0.975358 0.220628 0.000000 89.831379 -0.220628 0.975358 0.000000 -9.545668 0.000000 0.000000 1.000000 0.000000
0.974346 0.225055 0.000000 90.564779 -0.225055 0.974346 0.000000 -9.710657 0.000000 0.000000 1.000000 0.000000
0.973478 0.228781 0.000000 91.146851 -0.228781 0.973478 0.000000 -9.842373 0.000000 0.000000 1.000000 0.000000
0.972277 0.233832 0.000000 91.728518 -0.233832 0.972277 0.000000 -9.989143 0.000000 0.000000 1.000000 0.000000
0.970972 0.239194 0.000000 92.310519 -0.239194 0.970972 0.000000 -10.142519 0.000000 0.000000 1.000000 0.000000
0.970559 0.240864 0.000000 92.899745 -0.240864 0.970559 0.000000 -10.283456 0.000000 0.000000 1.000000 0.000000
0.970225 0.242206 0.000000 93.519594 -0.242206 0.970225 0.000000 -10.440531 0.000000 0.000000 1.000000 0.000000
0.969589 0.244738 0.000000 94.083621 -0.244738 0.969589 0.000000 -10.587628 0.000000 0.000000 1.000000 0.000000
0.968660 0.248391 0.000000 94.670317 -0.248391 0.968660 0.000000 -10.743485 0.000000 0.000000 1.000000 0.000000
0.968216 0.250117 0.000000 95.266753 -0.250117 0.968216 0.000000 -10.900936 0.000000 0.000000 1.000000 0.000000
0.969194 0.246297 0.000000 95.827470 -0.246297 0.969194 0.000000 -11.047004 0.000000 0.000000 1.000000 0.000000
0.969903 0.243490 0.000000 96.430932 -0.243490 0.969903 0.000000 -11.206459 0.000000 0.000000 1.000000 0.000000
0.969859 0.243667 0.000000 97.039851 -0.243667 0.969859 0.000000 -11.364303 0.000000 0.000000 1.000000 0.000000
0.969616 0.244633 0.000000 97.603206 -0.244633 0.969616 0.000000 -11.512315 0.000000 0.000000 1.000000 0.000000
0.969563 0.244840 0.000000 98.685048 -0.244840 0.969563 0.000000 -11.786642 0.000000 0.000000 1.000000 0.000000
0.969366 0.245619 0.000000 99.346593 -0.245619 0.969366 0.000000 -11.960652 0.000000 0.000000 1.000000 0.000000
0.969284 0.245942 0.000000 99.961177 -0.245942 0.969284 0.000000 -12.130418 0.000000 0.000000 1.000000 0.000000
0.968648 0.248436 0.000000 100.582036 -0.248436 0.968648 0.000000 -12.296219 0.000000 0.000000 1.000000 0.000000
0.967853 0.251517 0.000000 101.186033 -0.251517 0.967853 0.000000 -12.458534 0.000000 0.000000 1.000000 0.000000
0.968398 0.249411 0.000000 101.807293 -0.249411 0.968398 0.000000 -12.631242 0.000000 0.000000 1.000000 0.000000
0.968305 0.249772 0.000000 102.389508 -0.249772 0.968305 0.000000 -12.784659 0.000000 0.000000 1.000000 0.000000
0.968303 0.249778 0.000000 103.015443 -0.249778 0.968303 0.000000 -12.951041 0.000000 0.000000 1.000000 0.000000
0.968260 0.249946 0.000000 103.603385 -0.249946 0.968260 0.000000 -13.103650 0.000000 0.000000 1.000000 0.000000
0.967702 0.252096 0.000000 104.237410 -0.252096 0.967702 0.000000 -13.289083 0.000000 0.000000 1.000000 0.000000
0.966940 0.255003 0.000000 104.860862 -0.255003 0.966940 0.000000 -13.471695 0.000000 0.000000 1.000000 0.000000
0.966656 0.256080 0.000000 105.496565 -0.256080 0.966656 0.000000 -13.647467 0.000000 0.000000 1.000000 0.000000
0.966988 0.254820 0.000000 106.289804 -0.254820 0.966988 0.000000 -13.875496 0.000000 0.000000 1.000000 0.000000
0.966951 0.254964 0.000000 106.887503 -0.254964 0.966951 0.000000 -14.037072 0.000000 0.000000 1.000000 0.000000
0.965344 0.260980 0.000000 107.528964 -0.260980 0.965344 0.000000 -14.223676 0.000000 0.000000 1.000000 0.000000
0.966380 0.257116 0.000000 108.543335 -0.257116 0.966380 0.000000 -14.511147 0.000000 0.000000 1.000000 0.000000
0.966344 0.257254 0.000000 109.187761 -0.257254 0.966344 0.000000 -14.694223 0.000000 0.000000 1.000000 0.000000
0.966266 0.257545 0.000000 109.834144 -0.257545 0.966266 0.000000 -14.881833 0.000000 0.000000 1.000000 0.000000
0.965541 0.260252 0.000000 110.487031 -0.260252 0.965541 0.000000 -15.074385 0.000000 0.000000 1.000000 0.000000
0.965364 0.260905 0.000000 111.116632 -0.260905 0.965364 0.000000 -15.267853 0.000000 0.000000 1.000000 0.000000
0.965262 0.261285 0.000000 111.768297 -0.261285 0.965262 0.000000 -15.458649 0.000000 0.000000 1.000000 0.000000
0.965654 0.259832 0.000000 112.373639 -0.259832 0.965654 0.000000 -15.641978 0.000000 0.000000 1.000000 0.000000
0.965780 0.259361 0.000000 113.518053 -0.259361 0.965780 0.000000 -15.971401 0.000000 0.000000 1.000000 0.000000
0.966633 0.256165 0.000000 114.164331 -0.256165 0.966633 0.000000 -16.160112 0.000000 0.000000 1.000000 0.000000
0.967055 0.254569 0.000000 114.813783 -0.254569 0.967055 0.000000 -16.348733 0.000000 0.000000 1.000000 0.000000
0.967283 0.253700 0.000000 115.458653 -0.253700 0.967283 0.000000 -16.534341 0.000000 0.000000 1.000000 0.000000
0.967109 0.254362 0.000000 116.783519 -0.254362 0.967109 0.000000 -16.906993 0.000000 0.000000 1.000000 0.000000
0.967619 0.252416 0.000000 117.382327 -0.252416 0.967619 0.000000 -17.078456 0.000000 0.000000 1.000000 0.000000
0.967161 0.254165 0.000000 118.031448 -0.254165 0.967161 0.000000 -17.266276 0.000000 0.000000 1.000000 0.000000
0.967949 0.251148 0.000000 118.636678 -0.251148 0.967949 0.000000 -17.442967 0.000000 0.000000 1.000000 0.000000
0.967668 0.252229 0.000000 119.242891 -0.252229 0.967668 0.000000 -17.604297 0.000000 0.000000 1.000000 0.000000
0.962652 0.270740 0.000000 123.942337 -0.270740 0.962652 0.000000 -18.977663 0.000000 0.000000 1.000000 0.000000
0.964202 0.265171 0.000000 124.581104 -0.265171 0.964202 0.000000 -19.155709 0.000000 0.000000 1.000000 0.000000
0.963686 0.267040 0.000000 125.187647 -0.267040 0.963686 0.000000 -19.323139 0.000000 0.000000 1.000000 0.000000
0.965130 0.261773 0.000000 125.813314 -0.261773 0.965130 0.000000 -19.512883 0.000000 0.000000 1.000000 0.000000
0.964985 0.262303 0.000000 126.409004 -0.262303 0.964985 0.000000 -19.692619 0.000000 0.000000 1.000000 0.000000
0.966326 0.257320 0.000000 127.027270 -0.257320 0.966326 0.000000 -19.870894 0.000000 0.000000 1.000000 0.000000
0.965662 0.259803 0.000000 127.661075 -0.259803 0.965662 0.000000 -20.060945 0.000000 0.000000 1.000000 0.000000
0.966319 0.257346 0.000000 128.469411 -0.257346 0.966319 0.000000 -20.299723 0.000000 0.000000 1.000000 0.000000
0.966181 0.257866 0.000000 129.100322 -0.257866 0.966181 0.000000 -20.485423 0.000000 0.000000 1.000000 0.000000
0.965331 0.261030 0.000000 129.734807 -0.261030 0.965331 0.000000 -20.653163 0.000000 0.000000 1.000000 0.000000
0.964915 0.262562 0.000000 130.652622 -0.262562 0.964915 0.000000 -20.906300 0.000000 0.000000 1.000000 0.000000
0.965240 0.261365 0.000000 131.277354 -0.261365 0.965240 0.000000 -21.089262 0.000000 0.000000 1.000000 0.000000
0.965326 0.261048 0.000000 131.902393 -0.261048 0.965326 0.000000 -21.266334 0.000000 0.000000 1.000000 0.000000
0.965585 0.260088 0.000000 132.524243 -0.260088 0.965585 0.000000 -21.445702 0.000000 0.000000 1.000000 0.000000
0.965817 0.259227 0.000000 133.144453 -0.259227 0.965817 0.000000 -21.626407 0.000000 0.000000 1.000000 0.000000
0.965525 0.260311 0.000000 134.062031 -0.260311 0.965525 0.000000 -21.886532 0.000000 0.000000 1.000000 0.000000
0.965376 0.260863 0.000000 134.654801 -0.260863 0.965376 0.000000 -22.068804 0.000000 0.000000 1.000000 0.000000
0.964963 0.262386 0.000000 135.266012 -0.262386 0.964963 0.000000 -22.246016 0.000000 0.000000 1.000000 0.000000
0.964474 0.264177 0.000000 135.834131 -0.264177 0.964474 0.000000 -22.419784 0.000000 0.000000 1.000000 0.000000
0.963329 0.268322 0.000000 136.626038 -0.268322 0.963329 0.000000 -22.653684 0.000000 0.000000 1.000000 0.000000
0.963135 0.269020 0.000000 137.228957 -0.269020 0.963135 0.000000 -22.845258 0.000000 0.000000 1.000000 0.000000
0.963181 0.268854 0.000000 137.834745 -0.268854 0.963181 0.000000 -23.024957 0.000000 0.000000 1.000000 0.000000
0.963474 0.267801 0.000000 138.436757 -0.267801 0.963474 0.000000 -23.206762 0.000000 0.000000 1.000000 0.000000
0.964301 0.264807 0.000000 139.038140 -0.264807 0.964301 0.000000 -23.382458 0.000000 0.000000 1.000000 0.000000
0.964305 0.264793 0.000000 140.196328 -0.264793 0.964305 0.000000 -23.724191 0.000000 0.000000 1.000000 0.000000
0.965085 0.261936 0.000000 140.753306 -0.261936 0.965085 0.000000 -23.889116 0.000000 0.000000 1.000000 0.000000
0.964096 0.265553 0.000000 141.340817 -0.265553 0.964096 0.000000 -24.045262 0.000000 0.000000 1.000000 0.000000
0.964679 0.263428 0.000000 141.925245 -0.263428 0.964679 0.000000 -24.216309 0.000000 0.000000 1.000000 0.000000
0.964375 0.264538 0.000000 142.475364 -0.264538 0.964375 0.000000 -24.377149 0.000000 0.000000 1.000000 0.000000
0.964671 0.263456 0.000000 143.060484 -0.263456 0.964671 0.000000 -24.550388 0.000000 0.000000 1.000000 0.000000
0.966150 0.257979 0.000000 143.777986 -0.257979 0.966150 0.000000 -24.764391 0.000000 0.000000 1.000000 0.000000
0.966360 0.257195 0.000000 144.358665 -0.257195 0.966360 0.000000 -24.933331 0.000000 0.000000 1.000000 0.000000
0.966642 0.256131 0.000000 144.895533 -0.256131 0.966642 0.000000 -25.090479 0.000000 0.000000 1.000000 0.000000
0.966675 0.256006 0.000000 145.476549 -0.256006 0.966675 0.000000 -25.257456 0.000000 0.000000 1.000000 0.000000
0.966182 0.257860 0.000000 146.052428 -0.257860 0.966182 0.000000 -25.423004 0.000000 0.000000 1.000000 0.000000
0.965944 0.258751 0.000000 146.586237 -0.258751 0.965944 0.000000 -25.577836 0.000000 0.000000 1.000000 0.000000
0.965817 0.259224 0.000000 147.156010 -0.259224 0.965817 0.000000 -25.744835 0.000000 0.000000 1.000000 0.000000
0.966751 0.255719 0.000000 147.690717 -0.255719 0.966751 0.000000 -25.899451 0.000000 0.000000 1.000000 0.000000
0.966288 0.257462 0.000000 148.257386 -0.257462 0.966288 0.000000 -26.060987 0.000000 0.000000 1.000000 0.000000
0.965787 0.259336 0.000000 148.820439 -0.259336 0.965787 0.000000 -26.229245 0.000000 0.000000 1.000000 0.000000
0.964853 0.262790 0.000000 149.548153 -0.262790 0.964853 0.000000 -26.433412 0.000000 0.000000 1.000000 0.000000
0.964109 0.265507 0.000000 150.080275 -0.265507 0.964109 0.000000 -26.585185 0.000000 0.000000 1.000000 0.000000
0.963677 0.267069 0.000000 150.646700 -0.267069 0.963677 0.000000 -26.746104 0.000000 0.000000 1.000000 0.000000
0.963211 0.268747 0.000000 151.178445 -0.268747 0.963211 0.000000 -26.901065 0.000000 0.000000 1.000000 0.000000
0.963029 0.269397 0.000000 151.737520 -0.269397 0.963029 0.000000 -27.063646 0.000000 0.000000 1.000000 0.000000
0.963633 0.267228 0.000000 152.262397 -0.267228 0.963633 0.000000 -27.215368 0.000000 0.000000 1.000000 0.000000
0.963431 0.267955 0.000000 152.984457 -0.267955 0.963431 0.000000 -27.424718 0.000000 0.000000 1.000000 0.000000
0.963471 0.267812 0.000000 153.499559 -0.267812 0.963471 0.000000 -27.574186 0.000000 0.000000 1.000000 0.000000
0.961572 0.274553 0.000000 154.050085 -0.274553 0.961572 0.000000 -27.749475 0.000000 0.000000 1.000000 0.000000
0.961534 0.274686 0.000000 154.562306 -0.274686 0.961534 0.000000 -27.900728 0.000000 0.000000 1.000000 0.000000
0.962404 0.271624 0.000000 155.120942 -0.271624 0.962404 0.000000 -28.049650 0.000000 0.000000 1.000000 0.000000
0.962379 0.271710 0.000000 155.636552 -0.271710 0.962379 0.000000 -28.203682 0.000000 0.000000 1.000000 0.000000
0.962239 0.272207 0.000000 156.382434 -0.272207 0.962239 0.000000 -28.428928 0.000000 0.000000 1.000000 0.000000
0.961681 0.274172 0.000000 156.935531 -0.274172 0.961681 0.000000 -28.590504 0.000000 0.000000 1.000000 0.000000
0.962998 0.269509 0.000000 157.485456 -0.269509 0.962998 0.000000 -28.762669 0.000000 0.000000 1.000000 0.000000
0.963870 0.266373 0.000000 158.034237 -0.266373 0.963870 0.000000 -28.926101 0.000000 0.000000 1.000000 0.000000
0.964752 0.263159 0.000000 158.580413 -0.263159 0.964752 0.000000 -29.091228 0.000000 0.000000 1.000000 0.000000
0.964179 0.265251 0.000000 159.125300 -0.265251 0.964179 0.000000 -29.262241 0.000000 0.000000 1.000000 0.000000
0.964449 0.264268 0.000000 159.671496 -0.264268 0.964449 0.000000 -29.432324 0.000000 0.000000 1.000000 0.000000
0.965524 0.260314 0.000000 160.188917 -0.260314 0.965524 0.000000 -29.587522 0.000000 0.000000 1.000000 0.000000
0.966760 0.255686 0.000000 160.733564 -0.255686 0.966760 0.000000 -29.749324 0.000000 0.000000 1.000000 0.000000
0.967081 0.254470 0.000000 161.288632 -0.254470 0.967081 0.000000 -29.920509 0.000000 0.000000 1.000000 0.000000
0.967632 0.252365 0.000000 161.804411 -0.252365 0.967632 0.000000 -30.068389 0.000000 0.000000 1.000000 0.000000
0.967954 0.251126 0.000000 162.358193 -0.251126 0.967954 0.000000 -30.234576 0.000000 0.000000 1.000000 0.000000
0.969044 0.246888 0.000000 162.879619 -0.246888 0.969044 0.000000 -30.375842 0.000000 0.000000 1.000000 0.000000
0.969241 0.246113 0.000000 163.433222 -0.246113 0.969241 0.000000 -30.535094 0.000000 0.000000 1.000000 0.000000
0.970743 0.240120 0.000000 163.980782 -0.240120 0.970743 0.000000 -30.690042 0.000000 0.000000 1.000000 0.000000
0.972188 0.234201 0.000000 164.541306 -0.234201 0.972188 0.000000 -30.846653 0.000000 0.000000 1.000000 0.000000
0.973295 0.229557 0.000000 165.058482 -0.229557 0.973295 0.000000 -30.986182 0.000000 0.000000 1.000000 0.000000
0.974409 0.224782 0.000000 165.613110 -0.224782 0.974409 0.000000 -31.129451 0.000000 0.000000 1.000000 0.000000
0.975622 0.219456 0.000000 166.121421 -0.219456 0.975622 0.000000 -31.262690 0.000000 0.000000 1.000000 0.000000
0.977175 0.212435 0.000000 166.681286 -0.212435 0.977175 0.000000 -31.402375 0.000000 0.000000 1.000000 0.000000
0.978394 0.206750 0.000000 167.403435 -0.206750 0.978394 0.000000 -31.581328 0.000000 0.000000 1.000000 0.000000
0.978933 0.204183 0.000000 167.959916 -0.204183 0.978933 0.000000 -31.703141 0.000000 0.000000 1.000000 0.000000
0.979646 0.200735 0.000000 168.468436 -0.200735 0.979646 0.000000 -31.823972 0.000000 0.000000 1.000000 0.000000
0.979548 0.201211 0.000000 169.024441 -0.201211 0.979548 0.000000 -31.957911 0.000000 0.000000 1.000000 0.000000
0.980018 0.198910 0.000000 169.724107 -0.198910 0.980018 0.000000 -32.119573 0.000000 0.000000 1.000000 0.000000
0.981082 0.193595 0.000000 170.825175 -0.193595 0.981082 0.000000 -32.370487 0.000000 0.000000 1.000000 0.000000
0.981728 0.190287 0.000000 171.375741 -0.190287 0.981728 0.000000 -32.491232 0.000000 0.000000 1.000000 0.000000
0.982501 0.186260 0.000000 171.924717 -0.186260 0.982501 0.000000 -32.598425 0.000000 0.000000 1.000000 0.000000
0.982470 0.186422 0.000000 172.472119 -0.186422 0.982470 0.000000 -32.709982 0.000000 0.000000 1.000000 0.000000
0.983070 0.183231 0.000000 173.014453 -0.183231 0.983070 0.000000 -32.822024 0.000000 0.000000 1.000000 0.000000
0.983552 0.180625 0.000000 173.559384 -0.180625 0.983552 0.000000 -32.928282 0.000000 0.000000 1.000000 0.000000
0.983387 0.181523 0.000000 174.126282 -0.181523 0.983387 0.000000 -33.047570 0.000000 0.000000 1.000000 0.000000
0.983488 0.180974 0.000000 174.669139 -0.180974 0.983488 0.000000 -33.161994 0.000000 0.000000 1.000000 0.000000
0.983370 0.181613 0.000000 175.173482 -0.181613 0.983370 0.000000 -33.258919 0.000000 0.000000 1.000000 0.000000
0.983033 0.183426 0.000000 175.678352 -0.183426 0.983033 0.000000 -33.366118 0.000000 0.000000 1.000000 0.000000
0.983039 0.183399 0.000000 176.215878 -0.183399 0.983039 0.000000 -33.474204 0.000000 0.000000 1.000000 0.000000
0.983320 0.181886 0.000000 176.716350 -0.181886 0.983320 0.000000 -33.574148 0.000000 0.000000 1.000000 0.000000
0.983719 0.179714 0.000000 177.252109 -0.179714 0.983719 0.000000 -33.677728 0.000000 0.000000 1.000000 0.000000
0.984054 0.177867 0.000000 177.754352 -0.177867 0.984054 0.000000 -33.772055 0.000000 0.000000 1.000000 0.000000
0.983972 0.178326 0.000000 178.286331 -0.178326 0.983972 0.000000 -33.880718 0.000000 0.000000 1.000000 0.000000
0.984108 0.177570 0.000000 178.782686 -0.177570 0.984108 0.000000 -33.978377 0.000000 0.000000 1.000000 0.000000
0.984846 0.173432 0.000000 179.314172 -0.173432 0.984846 0.000000 -34.080624 0.000000 0.000000 1.000000 0.000000
0.985271 0.171003 0.000000 179.806695 -0.171003 0.985271 0.000000 -34.170645 0.000000 0.000000 1.000000 0.000000
0.985399 0.170261 0.000000 180.335005 -0.170261 0.985399 0.000000 -34.263822 0.000000 0.000000 1.000000 0.000000
0.985335 0.170629 0.000000 180.826504 -0.170629 0.985335 0.000000 -34.352292 0.000000 0.000000 1.000000 0.000000
0.985153 0.171679 0.000000 181.351980 -0.171679 0.985153 0.000000 -34.437574 0.000000 0.000000 1.000000 0.000000
0.985315 0.170747 0.000000 182.002758 -0.170747 0.985315 0.000000 -34.559309 0.000000 0.000000 1.000000 0.000000
0.986086 0.166237 0.000000 182.525732 -0.166237 0.986086 0.000000 -34.657046 0.000000 0.000000 1.000000 0.000000
0.986850 0.161639 0.000000 183.040788 -0.161639 0.986850 0.000000 -34.754220 0.000000 0.000000 1.000000 0.000000
0.987009 0.160666 0.000000 183.527673 -0.160666 0.987009 0.000000 -34.839160 0.000000 0.000000 1.000000 0.000000
0.988174 0.153334 0.000000 184.246553 -0.153334 0.988174 0.000000 -34.967684 0.000000 0.000000 1.000000 0.000000
0.988647 0.150258 0.000000 184.762329 -0.150258 0.988647 0.000000 -35.055683 0.000000 0.000000 1.000000 0.000000
0.989092 0.147297 0.000000 185.278736 -0.147297 0.989092 0.000000 -35.140333 0.000000 0.000000 1.000000 0.000000
0.989086 0.147340 0.000000 185.791452 -0.147340 0.989086 0.000000 -35.230030 0.000000 0.000000 1.000000 0.000000
0.990081 0.140498 0.000000 186.304014 -0.140498 0.990081 0.000000 -35.308035 0.000000 0.000000 1.000000 0.000000
0.991692 0.128635 0.000000 187.323663 -0.128635 0.991692 0.000000 -35.463815 0.000000 0.000000 1.000000 0.000000
0.992307 0.123799 0.000000 187.818966 -0.123799 0.992307 0.000000 -35.557963 0.000000 0.000000 1.000000 0.000000
0.993281 0.115727 0.000000 188.321531 -0.115727 0.993281 0.000000 -35.624861 0.000000 0.000000 1.000000 0.000000
0.994244 0.107141 0.000000 188.787451 -0.107141 0.994244 0.000000 -35.681408 0.000000 0.000000 1.000000 0.000000
0.995006 0.099818 0.000000 189.285635 -0.099818 0.995006 0.000000 -35.731962 0.000000 0.000000 1.000000 0.000000
0.995876 0.090730 0.000000 189.755177 -0.090730 0.995876 0.000000 -35.780676 0.000000 0.000000 1.000000 0.000000
0.997502 0.070636 0.000000 190.706027 -0.070636 0.997502 0.000000 -35.868237 0.000000 0.000000 1.000000 0.000000
0.998105 0.061532 0.000000 191.191913 -0.061532 0.998105 0.000000 -35.910430 0.000000 0.000000 1.000000 0.000000
0.998757 0.049843 0.000000 191.647991 -0.049843 0.998757 0.000000 -35.941056 0.000000 0.000000 1.000000 0.000000
0.999286 0.037771 0.000000 192.330596 -0.037771 0.999286 0.000000 -35.976795 0.000000 0.000000 1.000000 0.000000
0.999665 0.025889 0.000000 192.806424 -0.025889 0.999665 0.000000 -35.997698 0.000000 0.000000 1.000000 0.000000
0.999896 0.014407 0.000000 193.282136 -0.014407 0.999896 0.000000 -36.015112 0.000000 0.000000 1.000000 0.000000
0.999994 0.003585 0.000000 193.723092 -0.003585 0.999994 0.000000 -36.028507 0.000000 0.000000 1.000000 0.000000
0.999983 -0.005782 0.000000 194.191759 0.005782 0.999983 0.000000 -36.041372 0.000000 0.000000 1.000000 0.000000
0.999747 -0.022514 0.000000 194.659682 0.022514 0.999747 0.000000 -36.051028 0.000000 0.000000 1.000000 0.000000
0.999467 -0.032639 0.000000 195.092411 0.032639 0.999467 0.000000 -36.051191 0.000000 0.000000 1.000000 0.000000
0.999007 -0.044558 0.000000 195.552979 0.044558 0.999007 0.000000 -36.046833 0.000000 0.000000 1.000000 0.000000
0.998606 -0.052774 0.000000 195.976211 0.052774 0.998606 0.000000 -36.034945 0.000000 0.000000 1.000000 0.000000
0.997953 -0.063952 0.000000 196.432247 0.063952 0.997953 0.000000 -36.022728 0.000000 0.000000 1.000000 0.000000
0.997245 -0.074185 0.000000 196.853305 0.074185 0.997245 0.000000 -36.003122 0.000000 0.000000 1.000000 0.000000
0.996007 -0.089276 0.000000 197.301869 0.089276 0.996007 0.000000 -35.983669 0.000000 0.000000 1.000000 0.000000
0.994874 -0.101121 0.000000 197.716633 0.101121 0.994874 0.000000 -35.956258 0.000000 0.000000 1.000000 0.000000
0.993622 -0.112762 0.000000 198.164161 0.112762 0.993622 0.000000 -35.921696 0.000000 0.000000 1.000000 0.000000
0.992053 -0.125822 0.000000 198.572411 0.125822 0.992053 0.000000 -35.888053 0.000000 0.000000 1.000000 0.000000
0.990491 -0.137577 0.000000 199.002887 0.137577 0.990491 0.000000 -35.847227 0.000000 0.000000 1.000000 0.000000
