1.000000 0.000689 0.000000 0.585312 -0.000689 1.000000 0.000000 -0.015055 0.000000 0.000000 1.000000 0.000000
0.999999 0.001433 0.000000 1.159790 -0.001433 0.999999 0.000000 -0.017394 0.000000 0.000000 1.000000 0.000000
0.999997 0.002323 0.000000 1.711157 -0.002323 0.999997 0.000000 -0.035683 0.000000 0.000000 1.000000 0.000000
0.999996 0.002825 0.000000 2.291344 -0.002825 0.999996 0.000000 -0.060062 0.000000 0.000000 1.000000 0.000000
0.999992 0.003991 0.000000 2.846274 -0.003991 0.999992 0.000000 -0.050269 0.000000 0.000000 1.000000 0.000000
0.999991 0.004199 0.000000 3.432338 -0.004199 0.999991 0.000000 -0.036621 0.000000 0.000000 1.000000 0.000000
0.999984 0.005681 0.000000 3.989833 -0.005681 0.999984 0.000000 -0.017190 0.000000 0.000000 1.000000 0.000000
0.999986 0.005198 0.000000 4.554820 -0.005198 0.999986 0.000000 -0.009108 0.000000 0.000000 1.000000 0.000000
0.999977 0.006788 0.000000 5.160052 -0.006788 0.999977 0.000000 -0.015858 0.000000 0.000000 1.000000 0.000000
0.999961 0.008870 0.000000 5.895983 -0.008870 0.999961 0.000000 -0.006295 0.000000 0.000000 1.000000 0.000000
0.999949 0.010062 0.000000 6.510065 -0.010062 0.999949 0.000000 0.009724 0.000000 0.000000 1.000000 0.000000
0.999943 0.010692 0.000000 7.059733 -0.010692 0.999943 0.000000 0.017018 0.000000 0.000000 1.000000 0.000000
0.999918 0.012826 0.000000 7.690697 -0.012826 0.999918 0.000000 0.021668 0.000000 0.000000 1.000000 0.000000
0.999892 0.014707 0.000000 8.272643 -0.014707 0.999892 0.000000 0.038662 0.000000 0.000000 1.000000 0.000000
0.999881 0.015449 0.000000 8.851735 -0.015449 0.999881 0.000000 0.047332 0.000000 0.000000 1.000000 0.000000
0.999821 0.018936 0.000000 9.446996 -0.018936 0.999821 0.000000 0.065490 0.000000 0.000000 1.000000 0.000000
0.999794 0.020317 0.000000 10.025076 -0.020317 0.999794 0.000000 0.065687 0.000000 0.000000 1.000000 0.000000
0.999744 0.022627 0.000000 10.600458 -0.022627 0.999744 0.000000 0.074398 0.000000 0.000000 1.000000 0.000000
0.999726 0.023426 0.000000 11.192304 -0.023426 0.999726 0.000000 0.079231 0.000000 0.000000 1.000000 0.000000
0.999670 0.025703 0.000000 11.779171 -0.025703 0.999670 0.000000 0.073114 0.000000 0.000000 1.000000 0.000000
0.999619 0.027589 0.000000 12.358213 -0.027589 0.999619 0.000000 0.026703 0.000000 0.000000 1.000000 0.000000
0.999630 0.027186 0.000000 12.911235 -0.027186 0.999630 0.000000 0.005339 0.000000 0.000000 1.000000 0.000000
0.999509 0.031319 0.000000 13.497483 -0.031319 0.999509 0.000000 -0.024681 0.000000 0.000000 1.000000 0.000000
0.999466 0.032689 0.000000 14.609677 -0.032689 0.999466 0.000000 -0.058551 0.000000 0.000000 1.000000 0.000000
0.999502 0.031555 0.000000 15.554768 -0.031555 0.999502 0.000000 -0.105931 0.000000 0.000000 1.000000 0.000000
0.999577 0.029072 0.000000 16.133852 -0.029072 0.999577 0.000000 -0.139734 0.000000 0.000000 1.000000 0.000000
0.999546 0.030139 0.000000 16.702425 -0.030139 0.999546 0.000000 -0.169098 0.000000 0.000000 1.000000 0.000000
0.999506 0.031439 0.000000 17.274943 -0.031439 0.999506 0.000000 -0.211768 0.000000 0.000000 1.000000 0.000000
0.999634 0.027063 0.000000 17.847792 -0.027063 0.999634 0.000000 -0.229368 0.000000 0.000000 1.000000 0.000000
0.999682 0.025208 0.000000 18.450595 -0.025208 0.999682 0.000000 -0.240053 0.000000 0.000000 1.000000 0.000000
0.999396 0.034751 0.000000 19.016369 -0.034751 0.999396 0.000000 -0.259051 0.000000 0.000000 1.000000 0.000000
0.998825 0.048467 0.000000 20.159314 -0.048467 0.998825 0.000000 -0.304242 0.000000 0.000000 1.000000 0.000000
0.998915 0.046564 0.000000 20.735193 -0.046564 0.998915 0.000000 -0.330601 0.000000 0.000000 1.000000 0.000000
0.998800 0.048976 0.000000 21.309361 -0.048976 0.998800 0.000000 -0.378590 0.000000 0.000000 1.000000 0.000000
0.998795 0.049084 0.000000 21.834699 -0.049084 0.998795 0.000000 -0.421267 0.000000 0.000000 1.000000 0.000000
0.998852 0.047903 0.000000 22.402080 -0.047903 0.998852 0.000000 -0.452153 0.000000 0.000000 1.000000 0.000000
0.998526 0.054268 0.000000 23.305213 -0.054268 0.998526 0.000000 -0.517349 0.000000 0.000000 1.000000 0.000000
0.998524 0.054312 0.000000 23.899942 -0.054312 0.998524 0.000000 -0.565255 0.000000 0.000000 1.000000 0.000000
0.998463 0.055417 0.000000 24.461602 -0.055417 0.998463 0.000000 -0.606533 0.000000 0.000000 1.000000 0.000000
0.998485 0.055028 0.000000 25.042850 -0.055028 0.998485 0.000000 -0.656979 0.000000 0.000000 1.000000 0.000000
0.998385 0.056802 0.000000 25.609797 -0.056802 0.998385 0.000000 -0.701196 0.000000 0.000000 1.000000 0.000000
0.998391 0.056711 0.000000 26.159613 -0.056711 0.998391 0.000000 -0.756222 0.000000 0.000000 1.000000 0.000000
0.998248 0.059162 0.000000 26.716969 -0.059162 0.998248 0.000000 -0.797481 0.000000 0.000000 1.000000 0.000000
0.998389 0.056734 0.000000 27.287972 -0.056734 0.998389 0.000000 -0.843870 0.000000 0.000000 1.000000 0.000000
0.998254 0.059072 0.000000 27.833106 -0.059072 0.998254 0.000000 -0.875978 0.000000 0.000000 1.000000 0.000000
0.998192 0.060106 0.000000 28.355667 -0.060106 0.998192 0.000000 -0.911282 0.000000 0.000000 1.000000 0.000000
0.997991 0.063359 0.000000 29.302038 -0.063359 0.997991 0.000000 -0.967370 0.000000 0.000000 1.000000 0.000000
0.997675 0.068145 0.000000 29.850318 -0.068145 0.997675 0.000000 -0.990124 0.000000 0.000000 1.000000 0.000000
0.997509 0.070545 0.000000 30.427727 -0.070545 0.997509 0.000000 -0.990120 0.000000 0.000000 1.000000 0.000000
0.997391 0.072194 0.000000 31.014822 -0.072194 0.997391 0.000000 -1.016529 0.000000 0.000000 1.000000 0.000000
0.997152 0.075419 0.000000 31.575875 -0.075419 0.997152 0.000000 -1.057694 0.000000 0.000000 1.000000 0.000000
0.997045 0.076821 0.000000 32.154523 -0.076821 0.997045 0.000000 -1.107122 0.000000 0.000000 1.000000 0.000000
0.996933 0.078266 0.000000 32.754630 -0.078266 0.996933 0.000000 -1.146227 0.000000 0.000000 1.000000 0.000000
0.996920 0.078425 0.000000 33.297603 -0.078425 0.996920 0.000000 -1.197071 0.000000 0.000000 1.000000 0.000000
0.996956 0.077971 0.000000 33.828098 -0.077971 0.996956 0.000000 -1.246172 0.000000 0.000000 1.000000 0.000000
0.997013 0.077236 0.000000 34.382717 -0.077236 0.997013 0.000000 -1.306327 0.000000 0.000000 1.000000 0.000000
0.996699 0.081186 0.000000 34.939143 -0.081186 0.996699 0.000000 -1.348015 0.000000 0.000000 1.000000 0.000000
0.996542 0.083086 0.000000 35.464391 -0.083086 0.996542 0.000000 -1.373832 0.000000 0.000000 1.000000 0.000000
0.996417 0.084579 0.000000 36.021983 -0.084579 0.996417 0.000000 -1.424847 0.000000 0.000000 1.000000 0.000000
0.996497 0.083634 0.000000 36.509629 -0.083634 0.996497 0.000000 -1.470207 0.000000 0.000000 1.000000 0.000000
0.996608 0.082290 0.000000 37.480190 -0.082290 0.996608 0.000000 -1.561184 0.000000 0.000000 1.000000 0.000000
0.996557 0.082913 0.000000 38.032734 -0.082913 0.996557 0.000000 -1.625971 0.000000 0.000000 1.000000 0.000000
0.996347 0.085395 0.000000 38.569049 -0.085395 0.996347 0.000000 -1.685304 0.000000 0.000000 1.000000 0.000000
0.996596 0.082439 0.000000 39.658124 -0.082439 0.996596 0.000000 -1.792080 0.000000 0.000000 1.000000 0.000000
0.996077 0.088495 0.000000 40.230916 -0.088495 0.996077 0.000000 -1.849821 0.000000 0.000000 1.000000 0.000000
0.996004 0.089311 0.000000 40.736899 -0.089311 0.996004 0.000000 -1.906790 0.000000 0.000000 1.000000 0.000000
0.996001 0.089343 0.000000 41.764113 -0.089343 0.996001 0.000000 -2.025575 0.000000 0.000000 1.000000 0.000000
0.995891 0.090558 0.000000 42.283252 -0.090558 0.995891 0.000000 -2.088081 0.000000 0.000000 1.000000 0.000000
0.995873 0.090754 0.000000 42.822858 -0.090754 0.995873 0.000000 -2.140820 0.000000 0.000000 1.000000 0.000000
0.995819 0.091349 0.000000 43.334006 -0.091349 0.995819 0.000000 -2.189567 0.000000 0.000000 1.000000 0.000000
0.995460 0.095184 0.000000 44.230991 -0.095184 0.995460 0.000000 -2.283671 0.000000 0.000000 1.000000 0.000000
0.995443 0.095357 0.000000 44.743439 -0.095357 0.995443 0.000000 -2.353977 0.000000 0.000000 1.000000 0.000000
0.994923 0.100643 0.000000 45.261000 -0.100643 0.994923 0.000000 -2.400425 0.000000 0.000000 1.000000 0.000000
0.994312 0.106504 0.000000 45.766667 -0.106504 0.994312 0.000000 -2.455299 0.000000 0.000000 1.000000 0.000000
0.994233 0.107242 0.000000 46.243688 -0.107242 0.994233 0.000000 -2.510106 0.000000 0.000000 1.000000 0.000000
0.994021 0.109187 0.000000 46.722619 -0.109187 0.994021 0.000000 -2.547134 0.000000 0.000000 1.000000 0.000000
0.993573 0.113191 0.000000 47.197481 -0.113191 0.993573 0.000000 -2.605162 0.000000 0.000000 1.000000 0.000000
0.992890 0.119036 0.000000 47.905625 -0.119036 0.992890 0.000000 -2.673008 0.000000 0.000000 1.000000 0.000000
0.992762 0.120100 0.000000 48.338631 -0.120100 0.992762 0.000000 -2.726285 0.000000 0.000000 1.000000 0.000000
0.992721 0.120433 0.000000 48.784535 -0.120433 0.992721 0.000000 -2.785212 0.000000 0.000000 1.000000 0.000000
0.992734 0.120331 0.000000 49.234680 -0.120331 0.992734 0.000000 -2.858527 0.000000 0.000000 1.000000 0.000000
0.992548 0.121851 0.000000 49.664930 -0.121851 0.992548 0.000000 -2.903321 0.000000 0.000000 1.000000 0.000000
0.992869 0.119214 0.000000 50.095828 -0.119214 0.992869 0.000000 -2.958550 0.000000 0.000000 1.000000 0.000000
0.993101 0.117262 0.000000 50.821205 -0.117262 0.993101 0.000000 -3.061740 0.000000 0.000000 1.000000 0.000000
0.992851 0.119358 0.000000 51.220917 -0.119358 0.992851 0.000000 -3.118310 0.000000 0.000000 1.000000 0.000000
0.992669 0.120868 0.000000 51.664464 -0.120868 0.992669 0.000000 -3.163867 0.000000 0.000000 1.000000 0.000000
0.992517 0.122105 0.000000 52.046382 -0.122105 0.992517 0.000000 -3.218577 0.000000 0.000000 1.000000 0.000000
0.992357 0.123398 0.000000 52.436892 -0.123398 0.992357 0.000000 -3.271286 0.000000 0.000000 1.000000 0.000000
0.992138 0.125149 0.000000 52.820278 -0.125149 0.992138 0.000000 -3.310551 0.000000 0.000000 1.000000 0.000000
0.991784 0.127924 0.000000 53.189440 -0.127924 0.991784 0.000000 -3.364125 0.000000 0.000000 1.000000 0.000000
0.991901 0.127015 0.000000 53.562958 -0.127015 0.991901 0.000000 -3.423856 0.000000 0.000000 1.000000 0.000000
0.991543 0.129778 0.000000 53.922368 -0.129778 0.991543 0.000000 -3.445149 0.000000 0.000000 1.000000 0.000000
0.991132 0.132878 0.000000 54.283315 -0.132878 0.991132 0.000000 -3.460096 0.000000 0.000000 1.000000 0.000000
0.990311 0.138868 0.000000 54.962252 -0.138868 0.990311 0.000000 -3.566202 0.000000 0.000000 1.000000 0.000000
0.990376 0.138406 0.000000 55.297791 -0.138406 0.990376 0.000000 -3.623934 0.000000 0.000000 1.000000 0.000000
0.990272 0.139143 0.000000 55.607492 -0.139143 0.990272 0.000000 -3.677822 0.000000 0.000000 1.000000 0.000000
0.990223 0.139490 0.000000 55.926602 -0.139490 0.990223 0.000000 -3.728933 0.000000 0.000000 1.000000 0.000000
0.989896 0.141793 0.000000 56.246845 -0.141793 0.989896 0.000000 -3.767101 0.000000 0.000000 1.000000 0.000000
0.989623 0.143689 0.000000 56.556594 -0.143689 0.989623 0.000000 -3.818911 0.000000 0.000000 1.000000 0.000000
0.988552 0.150880 0.000000 56.883232 -0.150880 0.988552 0.000000 -3.849309 0.000000 0.000000 1.000000 0.000000
0.988240 0.152913 0.000000 57.203897 -0.152913 0.988240 0.000000 -3.910739 0.000000 0.000000 1.000000 0.000000
0.988466 0.151446 0.000000 57.725124 -0.151446 0.988466 0.000000 -4.002982 0.000000 0.000000 1.000000 0.000000
0.988521 0.151085 0.000000 58.025940 -0.151085 0.988521 0.000000 -4.059803 0.000000 0.000000 1.000000 0.000000
0.988227 0.152992 0.000000 58.339701 -0.152992 0.988227 0.000000 -4.122544 0.000000 0.000000 1.000000 0.000000
0.987781 0.155850 0.000000 58.656602 -0.155850 0.987781 0.000000 -4.178194 0.000000 0.000000 1.000000 0.000000
0.987729 0.156178 0.000000 58.965417 -0.156178 0.987729 0.000000 -4.245251 0.000000 0.000000 1.000000 0.000000
0.987415 0.158153 0.000000 59.241835 -0.158153 0.987415 0.000000 -4.309314 0.000000 0.000000 1.000000 0.000000
0.987371 0.158426 0.000000 59.545719 -0.158426 0.987371 0.000000 -4.379068 0.000000 0.000000 1.000000 0.000000
0.987082 0.160218 0.000000 59.829063 -0.160218 0.987082 0.000000 -4.417268 0.000000 0.000000 1.000000 0.000000
0.986974 0.160881 0.000000 60.099468 -0.160881 0.986974 0.000000 -4.471900 0.000000 0.000000 1.000000 0.000000
0.986397 0.164380 0.000000 60.551015 -0.164380 0.986397 0.000000 -4.550534 0.000000 0.000000 1.000000 0.000000
0.986415 0.164275 0.000000 60.795697 -0.164275 0.986415 0.000000 -4.597109 0.000000 0.000000 1.000000 0.000000
0.986200 0.165560 0.000000 61.078208 -0.165560 0.986200 0.000000 -4.655198 0.000000 0.000000 1.000000 0.000000
0.986135 0.165945 0.000000 61.339154 -0.165945 0.986135 0.000000 -4.713939 0.000000 0.000000 1.000000 0.000000
0.985966 0.166945 0.000000 61.592831 -0.166945 0.985966 0.000000 -4.769866 0.000000 0.000000 1.000000 0.000000
0.985895 0.167363 0.000000 61.854432 -0.167363 0.985895 0.000000 -4.823517 0.000000 0.000000 1.000000 0.000000
0.985694 0.168546 0.000000 62.098694 -0.168546 0.985694 0.000000 -4.882278 0.000000 0.000000 1.000000 0.000000
0.985698 0.168521 0.000000 62.356612 -0.168521 0.985698 0.000000 -4.943205 0.000000 0.000000 1.000000 0.000000
0.985155 0.171666 0.000000 62.590196 -0.171666 0.985155 0.000000 -4.994045 0.000000 0.000000 1.000000 0.000000
0.985029 0.172387 0.000000 62.847182 -0.172387 0.985029 0.000000 -5.057015 0.000000 0.000000 1.000000 0.000000
0.984839 0.173470 0.000000 63.105945 -0.173470 0.984839 0.000000 -5.122572 0.000000 0.000000 1.000000 0.000000
0.984768 0.173874 0.000000 63.360313 -0.173874 0.984768 0.000000 -5.167792 0.000000 0.000000 1.000000 0.000000
0.984376 0.176077 0.000000 63.802425 -0.176077 0.984376 0.000000 -5.245306 0.000000 0.000000 1.000000 0.000000
0.984207 0.177023 0.000000 64.068702 -0.177023 0.984207 0.000000 -5.308307 0.000000 0.000000 1.000000 0.000000
0.984167 0.177244 0.000000 64.346787 -0.177244 0.984167 0.000000 -5.371081 0.000000 0.000000 1.000000 0.000000
0.983959 0.178397 0.000000 64.621975 -0.178397 0.983959 0.000000 -5.441876 0.000000 0.000000 1.000000 0.000000
0.983783 0.179363 0.000000 64.900364 -0.179363 0.983783 0.000000 -5.507496 0.000000 0.000000 1.000000 0.000000
0.983581 0.180470 0.000000 65.188289 -0.180470 0.983581 0.000000 -5.567649 0.000000 0.000000 1.000000 0.000000
0.983480 0.181019 0.000000 65.446753 -0.181019 0.983480 0.000000 -5.637747 0.000000 0.000000 1.000000 0.000000
0.983507 0.180871 0.000000 65.741460 -0.180871 0.983507 0.000000 -5.718224 0.000000 0.000000 1.000000 0.000000
0.983022 0.183487 0.000000 66.005763 -0.183487 0.983022 0.000000 -5.786368 0.000000 0.000000 1.000000 0.000000
0.982898 0.184150 0.000000 66.265437 -0.184150 0.982898 0.000000 -5.847815 0.000000 0.000000 1.000000 0.000000
0.982851 0.184403 0.000000 66.539313 -0.184403 0.982851 0.000000 -5.911618 0.000000 0.000000 1.000000 0.000000
0.982309 0.187267 0.000000 66.822506 -0.187267 0.982309 0.000000 -5.964168 0.000000 0.000000 1.000000 0.000000
0.982117 0.188273 0.000000 67.590853 -0.188273 0.982117 0.000000 -6.116139 0.000000 0.000000 1.000000 0.000000
0.981311 0.192428 0.000000 67.884224 -0.192428 0.981311 0.000000 -6.157448 0.000000 0.000000 1.000000 0.000000
0.980695 0.195542 0.000000 68.175540 -0.195542 0.980695 0.000000 -6.195529 0.000000 0.000000 1.000000 0.000000
0.980375 0.197140 0.000000 68.477161 -0.197140 0.980375 0.000000 -6.249504 0.000000 0.000000 1.000000 0.000000
0.980685 0.195594 0.000000 68.769775 -0.195594 0.980685 0.000000 -6.306699 0.000000 0.000000 1.000000 0.000000
0.980156 0.198230 0.000000 69.361548 -0.198230 0.980156 0.000000 -6.431515 0.000000 0.000000 1.000000 0.000000
0.979744 0.200254 0.000000 69.665435 -0.200254 0.979744 0.000000 -6.479071 0.000000 0.000000 1.000000 0.000000
0.979718 0.200381 0.000000 69.982686 -0.200381 0.979718 0.000000 -6.525246 0.000000 0.000000 1.000000 0.000000
0.979463 0.201624 0.000000 70.450294 -0.201624 0.979463 0.000000 -6.630407 0.000000 0.000000 1.000000 0.000000
0.978718 0.205212 0.000000 70.776716 -0.205212 0.978718 0.000000 -6.702421 0.000000 0.000000 1.000000 0.000000
0.976710 0.214562 0.000000 71.292097 -0.214562 0.976710 0.000000 -6.821516 0.000000 0.000000 1.000000 0.000000
0.976588 0.215120 0.000000 71.630714 -0.215120 0.976588 0.000000 -6.902919 0.000000 0.000000 1.000000 0.000000
0.976510 0.215470 0.000000 71.960763 -0.215470 0.976510 0.000000 -6.976600 0.000000 0.000000 1.000000 0.000000
0.975139 0.221594 0.000000 72.282828 -0.221594 0.975139 0.000000 -7.048811 0.000000 0.000000 1.000000 0.000000
0.975290 0.220930 0.000000 72.631743 -0.220930 0.975290 0.000000 -7.139521 0.000000 0.000000 1.000000 0.000000
0.974746 0.223314 0.000000 73.216121 -0.223314 0.974746 0.000000 -7.274837 0.000000 0.000000 1.000000 0.000000
0.975451 0.220216 0.000000 73.570540 -0.220216 0.975451 0.000000 -7.345303 0.000000 0.000000 1.000000 0.000000
0.975374 0.220559 0.000000 73.942415 -0.220559 0.975374 0.000000 -7.429649 0.000000 0.000000 1.000000 0.000000
0.975238 0.221159 0.000000 74.292143 -0.221159 0.975238 0.000000 -7.512353 0.000000 0.000000 1.000000 0.000000
0.975213 0.221270 0.000000 74.934796 -0.221270 0.975213 0.000000 -7.678279 0.000000 0.000000 1.000000 0.000000
0.975089 0.221814 0.000000 75.588464 -0.221814 0.975089 0.000000 -7.818440 0.000000 0.000000 1.000000 0.000000
0.975710 0.219066 0.000000 75.956346 -0.219066 0.975710 0.000000 -7.929101 0.000000 0.000000 1.000000 0.000000
0.976051 0.217542 0.000000 76.382139 -0.217542 0.976051 0.000000 -8.033050 0.000000 0.000000 1.000000 0.000000
0.975593 0.219587 0.000000 76.772657 -0.219587 0.975593 0.000000 -8.130064 0.000000 0.000000 1.000000 0.000000
0.975369 0.220580 0.000000 77.200989 -0.220580 0.975369 0.000000 -8.267643 0.000000 0.000000 1.000000 0.000000
0.974852 0.222854 0.000000 77.602898 -0.222854 0.974852 0.000000 -8.364811 0.000000 0.000000 1.000000 0.000000
0.975136 0.221607 0.000000 78.036315 -0.221607 0.975136 0.000000 -8.494346 0.000000 0.000000 1.000000 0.000000
0.976387 0.216030 0.000000 78.712995 -0.216030 0.976387 0.000000 -8.656668 0.000000 0.000000 1.000000 0.000000
0.976161 0.217046 0.000000 79.493876 -0.217046 0.976161 0.000000 -8.858451 0.000000 0.000000 1.000000 0.000000
0.976289 0.216471 0.000000 79.944230 -0.216471 0.976289 0.000000 -8.980619 0.000000 0.000000 1.000000 0.000000
0.975501 0.219994 0.000000 80.413298 -0.219994 0.975501 0.000000 -9.117387 0.000000 0.000000 1.000000 0.000000
0.974722 0.223419 0.000000 80.880330 -0.223419 0.974722 0.000000 -9.242929 0.000000 0.000000 1.000000 0.000000
0.973218 0.229884 0.000000 81.384613 -0.229884 0.973218 0.000000 -9.345899 0.000000 0.000000 1.000000 0.000000
0.973181 0.230039 0.000000 81.819988 -0.230039 0.973181 0.000000 -9.459744 0.000000 0.000000 1.000000 0.000000
0.971586 0.236687 0.000000 82.314029 -0.236687 0.971586 0.000000 -9.594633 0.000000 0.000000 1.000000 0.000000
0.970764 0.240034 0.000000 82.826421 -0.240034 0.970764 0.000000 -9.724836 0.000000 0.000000 1.000000 0.000000
0.970078 0.242794 0.000000 83.335918 -0.242794 0.970078 0.000000 -9.849182 0.000000 0.000000 1.000000 0.000000
0.969375 0.245584 0.000000 83.829955 -0.245584 0.969375 0.000000 -9.957010 0.000000 0.000000 1.000000 0.000000
0.968941 0.247293 0.000000 84.349821 -0.247293 0.968941 0.000000 -10.093010 0.000000 0.000000 1.000000 0.000000
0.967687 0.252153 0.000000 85.294917 -0.252153 0.967687 0.000000 -10.342323 0.000000 0.000000 1.000000 0.000000
0.967737 0.251964 0.000000 85.834528 -0.251964 0.967737 0.000000 -10.498517 0.000000 0.000000 1.000000 0.000000
0.967737 0.251961 0.000000 86.369877 -0.251961 0.967737 0.000000 -10.651002 0.000000 0.000000 1.000000 0.000000
0.966743 0.255750 0.000000 86.907028 -0.255750 0.966743 0.000000 -10.768931 0.000000 0.000000 1.000000 0.000000
0.965714 0.259608 0.000000 87.449491 -0.259608 0.965714 0.000000 -10.926601 0.000000 0.000000 1.000000 0.000000
0.966032 0.258421 0.000000 88.282943 -0.258421 0.966032 0.000000 -11.160187 0.000000 0.000000 1.000000 0.000000
0.965693 0.259686 0.000000 88.803272 -0.259686 0.965693 0.000000 -11.288553 0.000000 0.000000 1.000000 0.000000
0.963045 0.269339 0.000000 89.884061 -0.269339 0.963045 0.000000 -11.615587 0.000000 0.000000 1.000000 0.000000
0.962109 0.272665 0.000000 90.616786 -0.272665 0.962109 0.000000 -11.812480 0.000000 0.000000 1.000000 0.000000
0.961216 0.275796 0.000000 91.207293 -0.275796 0.961216 0.000000 -11.957701 0.000000 0.000000 1.000000 0.000000
0.959910 0.280307 0.000000 91.800861 -0.280307 0.959910 0.000000 -12.149695 0.000000 0.000000 1.000000 0.000000
0.958606 0.284736 0.000000 92.381539 -0.284736 0.958606 0.000000 -12.332212 0.000000 0.000000 1.000000 0.000000
0.958296 0.285778 0.000000 92.964729 -0.285778 0.958296 0.000000 -12.500657 0.000000 0.000000 1.000000 0.000000
0.958170 0.286201 0.000000 93.594097 -0.286201 0.958170 0.000000 -12.682058 0.000000 0.000000 1.000000 0.000000
0.957669 0.287871 0.000000 94.158578 -0.287871 0.957669 0.000000 -12.860836 0.000000 0.000000 1.000000 0.000000
0.956953 0.290243 0.000000 94.740563 -0.290243 0.956953 0.000000 -13.023492 0.000000 0.000000 1.000000 0.000000
0.956787 0.290790 0.000000 95.339353 -0.290790 0.956787 0.000000 -13.197882 0.000000 0.000000 1.000000 0.000000
0.958047 0.286610 0.000000 95.903555 -0.286610 0.958047 0.000000 -13.365521 0.000000 0.000000 1.000000 0.000000
0.958925 0.283661 0.000000 96.501306 -0.283661 0.958925 0.000000 -13.553078 0.000000 0.000000 1.000000 0.000000
0.958966 0.283522 0.000000 97.117535 -0.283522 0.958966 0.000000 -13.744154 0.000000 0.000000 1.000000 0.000000
0.958710 0.284385 0.000000 97.686605 -0.284385 0.958710 0.000000 -13.907215 0.000000 0.000000 1.000000 0.000000
0.958602 0.284748 0.000000 98.757605 -0.284748 0.958602 0.000000 -14.209303 0.000000 0.000000 1.000000 0.000000
0.958222 0.286027 0.000000 99.419733 -0.286027 0.958222 0.000000 -14.412752 0.000000 0.000000 1.000000 0.000000
0.958110 0.286400 0.000000 100.033656 -0.286400 0.958110 0.000000 -14.596339 0.000000 0.000000 1.000000 0.000000
0.957269 0.289198 0.000000 100.620424 -0.289198 0.957269 0.000000 -14.788272 0.000000 0.000000 1.000000 0.000000
0.956228 0.292621 0.000000 101.231705 -0.292621 0.956228 0.000000 -14.982292 0.000000 0.000000 1.000000 0.000000
0.956722 0.291002 0.000000 101.824084 -0.291002 0.956722 0.000000 -15.178406 0.000000 0.000000 1.000000 0.000000
0.956527 0.291645 0.000000 102.388270 -0.291645 0.956527 0.000000 -15.359840 0.000000 0.000000 1.000000 0.000000
0.956405 0.292045 0.000000 103.020861 -0.292045 0.956405 0.000000 -15.552785 0.000000 0.000000 1.000000 0.000000
0.956210 0.292680 0.000000 103.593318 -0.292680 0.956210 0.000000 -15.735895 0.000000 0.000000 1.000000 0.000000
0.955484 0.295042 0.000000 104.192735 -0.295042 0.955484 0.000000 -15.958686 0.000000 0.000000 1.000000 0.000000
0.954488 0.298250 0.000000 104.808865 -0.298250 0.954488 0.000000 -16.194812 0.000000 0.000000 1.000000 0.000000
0.954111 0.299454 0.000000 105.431748 -0.299454 0.954111 0.000000 -16.416066 0.000000 0.000000 1.000000 0.000000
0.954473 0.298296 0.000000 106.185174 -0.298296 0.954473 0.000000 -16.692421 0.000000 0.000000 1.000000 0.000000
0.954415 0.298481 0.000000 106.786532 -0.298481 0.954415 0.000000 -16.893679 0.000000 0.000000 1.000000 0.000000
0.952497 0.304549 0.000000 107.414408 -0.304549 0.952497 0.000000 -17.112967 0.000000 0.000000 1.000000 0.000000
0.953674 0.300843 0.000000 108.405007 -0.300843 0.953674 0.000000 -17.452739 0.000000 0.000000 1.000000 0.000000
0.953573 0.301161 0.000000 109.038555 -0.301161 0.953573 0.000000 -17.688413 0.000000 0.000000 1.000000 0.000000
0.953413 0.301670 0.000000 109.664298 -0.301670 0.953413 0.000000 -17.915632 0.000000 0.000000 1.000000 0.000000
0.952411 0.304818 0.000000 110.289123 -0.304818 0.952411 0.000000 -18.131263 0.000000 0.000000 1.000000 0.000000
0.952121 0.305720 0.000000 110.914165 -0.305720 0.952121 0.000000 -18.353724 0.000000 0.000000 1.000000 0.000000
0.951831 0.306623 0.000000 111.558415 -0.306623 0.951831 0.000000 -18.568192 0.000000 0.000000 1.000000 0.000000
0.952154 0.305619 0.000000 112.144048 -0.305619 0.952154 0.000000 -18.767558 0.000000 0.000000 1.000000 0.000000
0.952225 0.305396 0.000000 113.273163 -0.305396 0.952225 0.000000 -19.152730 0.000000 0.000000 1.000000 0.000000
0.952927 0.303198 0.000000 113.897095 -0.303198 0.952927 0.000000 -19.363737 0.000000 0.000000 1.000000 0.000000
0.953257 0.302161 0.000000 114.546767 -0.302161 0.953257 0.000000 -19.602666 0.000000 0.000000 1.000000 0.000000
0.953436 0.301595 0.000000 115.179170 -0.301595 0.953436 0.000000 -19.843419 0.000000 0.000000 1.000000 0.000000
0.953132 0.302555 0.000000 116.490169 -0.302555 0.953132 0.000000 -20.280620 0.000000 0.000000 1.000000 0.000000
0.953634 0.300968 0.000000 117.070035 -0.300968 0.953634 0.000000 -20.496749 0.000000 0.000000 1.000000 0.000000
0.952711 0.303878 0.000000 117.705158 -0.303878 0.952711 0.000000 -20.693285 0.000000 0.000000 1.000000 0.000000
0.953181 0.302402 0.000000 118.299856 -0.302402 0.953181 0.000000 -20.905517 0.000000 0.000000 1.000000 0.000000
0.952560 0.304349 0.000000 118.899291 -0.304349 0.952560 0.000000 -21.097887 0.000000 0.000000 1.000000 0.000000
0.946325 0.323216 0.000000 123.527105 -0.323216 0.946325 0.000000 -22.726495 0.000000 0.000000 1.000000 0.000000
0.947583 0.319510 0.000000 124.173451 -0.319510 0.947583 0.000000 -22.928598 0.000000 0.000000 1.000000 0.000000
0.946501 0.322700 0.000000 124.770642 -0.322700 0.946501 0.000000 -23.132531 0.000000 0.000000 1.000000 0.000000
0.947637 0.319350 0.000000 125.388038 -0.319350 0.947637 0.000000 -23.346831 0.000000 0.000000 1.000000 0.000000
0.946906 0.321512 0.000000 125.987606 -0.321512 0.946906 0.000000 -23.580447 0.000000 0.000000 1.000000 0.000000
0.948065 0.318076 0.000000 126.584866 -0.318076 0.948065 0.000000 -23.785599 0.000000 0.000000 1.000000 0.000000
0.946999 0.321236 0.000000 127.223789 -0.321236 0.946999 0.000000 -24.017418 0.000000 0.000000 1.000000 0.000000
0.947355 0.320187 0.000000 128.025853 -0.320187 0.947355 0.000000 -24.298690 0.000000 0.000000 1.000000 0.000000
0.946589 0.322444 0.000000 128.620069 -0.322444 0.946589 0.000000 -24.545950 0.000000 0.000000 1.000000 0.000000
0.945105 0.326766 0.000000 129.250267 -0.326766 0.945105 0.000000 -24.781939 0.000000 0.000000 1.000000 0.000000
0.944156 0.329498 0.000000 130.140952 -0.329498 0.944156 0.000000 -25.087266 0.000000 0.000000 1.000000 0.000000
0.944060 0.329774 0.000000 130.744778 -0.329774 0.944060 0.000000 -25.311121 0.000000 0.000000 1.000000 0.000000
0.943813 0.330479 0.000000 131.376447 -0.330479 0.943813 0.000000 -25.540173 0.000000 0.000000 1.000000 0.000000
0.943833 0.330423 0.000000 131.975523 -0.330423 0.943833 0.000000 -25.753083 0.000000 0.000000 1.000000 0.000000
0.943924 0.330164 0.000000 132.571201 -0.330164 0.943924 0.000000 -25.972411 0.000000 0.000000 1.000000 0.000000
0.943170 0.332309 0.000000 133.484912 -0.332309 0.943170 0.000000 -26.301085 0.000000 0.000000 1.000000 0.000000
0.942708 0.333620 0.000000 134.053750 -0.333620 0.942708 0.000000 -26.507099 0.000000 0.000000 1.000000 0.000000
0.941851 0.336031 0.000000 134.655313 -0.336031 0.941851 0.000000 -26.725825 0.000000 0.000000 1.000000 0.000000
0.940929 0.338603 0.000000 135.216436 -0.338603 0.940929 0.000000 -26.933878 0.000000 0.000000 1.000000 0.000000
0.939376 0.342889 0.000000 135.979959 -0.342889 0.939376 0.000000 -27.217186 0.000000 0.000000 1.000000 0.000000
0.939124 0.343579 0.000000 136.583708 -0.343579 0.939124 0.000000 -27.444815 0.000000 0.000000 1.000000 0.000000
0.939000 0.343917 0.000000 137.183663 -0.343917 0.939000 0.000000 -27.673692 0.000000 0.000000 1.000000 0.000000
0.939314 0.343060 0.000000 137.759667 -0.343060 0.939314 0.000000 -27.892315 0.000000 0.000000 1.000000 0.000000
0.940202 0.340616 0.000000 138.348965 -0.340616 0.940202 0.000000 -28.111001 0.000000 0.000000 1.000000 0.000000
0.939935 0.341353 0.000000 139.461331 -0.341353 0.939935 0.000000 -28.552352 0.000000 0.000000 1.000000 0.000000
0.940794 0.338980 0.000000 140.001540 -0.338980 0.940794 0.000000 -28.750233 0.000000 0.000000 1.000000 0.000000
0.939297 0.343105 0.000000 140.580966 -0.343105 0.939297 0.000000 -28.967188 0.000000 0.000000 1.000000 0.000000
0.939861 0.341557 0.000000 141.142918 -0.341557 0.939861 0.000000 -29.188422 0.000000 0.000000 1.000000 0.000000
0.939352 0.342954 0.000000 141.675759 -0.342954 0.939352 0.000000 -29.404523 0.000000 0.000000 1.000000 0.000000
0.939575 0.342344 0.000000 142.231722 -0.342344 0.939575 0.000000 -29.630679 0.000000 0.000000 1.000000 0.000000
0.941291 0.337598 0.000000 142.930073 -0.337598 0.941291 0.000000 -29.893953 0.000000 0.000000 1.000000 0.000000
0.941416 0.337248 0.000000 143.496763 -0.337248 0.941416 0.000000 -30.109934 0.000000 0.000000 1.000000 0.000000
0.941544 0.336890 0.000000 144.028917 -0.336890 0.941544 0.000000 -30.311659 0.000000 0.000000 1.000000 0.000000
0.941307 0.337551 0.000000 144.591132 -0.337551 0.941307 0.000000 -30.531864 0.000000 0.000000 1.000000 0.000000
0.940360 0.340182 0.000000 145.157381 -0.340182 0.940360 0.000000 -30.744180 0.000000 0.000000 1.000000 0.000000
0.939707 0.341981 0.000000 145.674660 -0.341981 0.939707 0.000000 -30.944681 0.000000 0.000000 1.000000 0.000000
0.939313 0.343061 0.000000 146.234081 -0.343061 0.939313 0.000000 -31.169267 0.000000 0.000000 1.000000 0.000000
0.940226 0.340551 0.000000 146.757289 -0.340551 0.940226 0.000000 -31.377312 0.000000 0.000000 1.000000 0.000000
0.939529 0.342468 0.000000 147.313611 -0.342468 0.939529 0.000000 -31.593584 0.000000 0.000000 1.000000 0.000000
0.938736 0.344636 0.000000 147.858712 -0.344636 0.938736 0.000000 -31.814111 0.000000 0.000000 1.000000 0.000000
0.937258 0.348637 0.000000 148.569674 -0.348637 0.937258 0.000000 -32.105136 0.000000 0.000000 1.000000 0.000000
0.936008 0.351980 0.000000 149.074997 -0.351980 0.936008 0.000000 -32.301287 0.000000 0.000000 1.000000 0.000000
0.935188 0.354151 0.000000 149.605986 -0.354151 0.935188 0.000000 -32.505022 0.000000 0.000000 1.000000 0.000000
0.934351 0.356355 0.000000 150.131902 -0.356355 0.934351 0.000000 -32.722337 0.000000 0.000000 1.000000 0.000000
0.933853 0.357656 0.000000 150.663371 -0.357656 0.933853 0.000000 -32.919817 0.000000 0.000000 1.000000 0.000000
0.934584 0.355743 0.000000 151.170467 -0.355743 0.934584 0.000000 -33.104061 0.000000 0.000000 1.000000 0.000000
0.934019 0.357223 0.000000 151.856924 -0.357223 0.934019 0.000000 -33.393769 0.000000 0.000000 1.000000 0.000000
0.933882 0.357581 0.000000 152.347411 -0.357581 0.933882 0.000000 -33.600847 0.000000 0.000000 1.000000 0.000000
0.931388 0.364027 0.000000 152.865772 -0.364027 0.931388 0.000000 -33.820894 0.000000 0.000000 1.000000 0.000000
0.931328 0.364182 0.000000 153.359231 -0.364182 0.931328 0.000000 -34.027522 0.000000 0.000000 1.000000 0.000000
0.932562 0.361011 0.000000 153.907372 -0.361011 0.932562 0.000000 -34.248649 0.000000 0.000000 1.000000 0.000000
0.932366 0.361515 0.000000 154.392840 -0.361515 0.932366 0.000000 -34.446603 0.000000 0.000000 1.000000 0.000000
0.932205 0.361930 0.000000 155.119568 -0.361930 0.932205 0.000000 -34.744599 0.000000 0.000000 1.000000 0.000000
0.931375 0.364061 0.000000 155.675412 -0.364061 0.931375 0.000000 -34.960432 0.000000 0.000000 1.000000 0.000000
0.932947 0.360015 0.000000 156.198881 -0.360015 0.932947 0.000000 -35.174582 0.000000 0.000000 1.000000 0.000000
0.933911 0.357505 0.000000 156.728128 -0.357505 0.933911 0.000000 -35.374739 0.000000 0.000000 1.000000 0.000000
0.934860 0.355016 0.000000 157.268498 -0.355016 0.934860 0.000000 -35.576942 0.000000 0.000000 1.000000 0.000000
0.933826 0.357728 0.000000 157.816654 -0.357728 0.933826 0.000000 -35.791630 0.000000 0.000000 1.000000 0.000000
0.933795 0.357808 0.000000 158.367222 -0.357808 0.933795 0.000000 -35.980446 0.000000 0.000000 1.000000 0.000000
0.935018 0.354599 0.000000 158.853292 -0.354599 0.935018 0.000000 -36.156974 0.000000 0.000000 1.000000 0.000000
0.936303 0.351192 0.000000 159.388964 -0.351192 0.936303 0.000000 -36.343963 0.000000 0.000000 1.000000 0.000000
0.936385 0.350974 0.000000 159.944409 -0.350974 0.936385 0.000000 -36.508133 0.000000 0.000000 1.000000 0.000000
0.936810 0.349837 0.000000 160.460661 -0.349837 0.936810 0.000000 -36.682628 0.000000 0.000000 1.000000 0.000000
0.936978 0.349389 0.000000 160.987860 -0.349389 0.936978 0.000000 -36.892017 0.000000 0.000000 1.000000 0.000000
0.938055 0.346486 0.000000 161.514462 -0.346486 0.938055 0.000000 -37.072190 0.000000 0.000000 1.000000 0.000000
0.937904 0.346895 0.000000 162.050515 -0.346895 0.937904 0.000000 -37.267866 0.000000 0.000000 1.000000 0.000000
0.939587 0.342310 0.000000 162.599917 -0.342310 0.939587 0.000000 -37.474234 0.000000 0.000000 1.000000 0.000000
0.940830 0.338879 0.000000 163.148550 -0.338879 0.940830 0.000000 -37.706712 0.000000 0.000000 1.000000 0.000000
0.941925 0.335824 0.000000 163.634887 -0.335824 0.941925 0.000000 -37.907949 0.000000 0.000000 1.000000 0.000000
0.943132 0.332417 0.000000 164.168540 -0.332417 0.943132 0.000000 -38.125243 0.000000 0.000000 1.000000 0.000000
0.944423 0.328733 0.000000 164.656401 -0.328733 0.944423 0.000000 -38.313266 0.000000 0.000000 1.000000 0.000000
0.946162 0.323693 0.000000 165.172268 -0.323693 0.946162 0.000000 -38.529930 0.000000 0.000000 1.000000 0.000000
0.947520 0.319697 0.000000 165.860376 -0.319697 0.947520 0.000000 -38.751154 0.000000 0.000000 1.000000 0.000000
0.947694 0.319179 0.000000 166.394387 -0.319179 0.947694 0.000000 -38.931107 0.000000 0.000000 1.000000 0.000000
0.948248 0.317530 0.000000 166.880318 -0.317530 0.948248 0.000000 -39.146173 0.000000 0.000000 1.000000 0.000000
0.947580 0.319520 0.000000 167.393615 -0.319520 0.947580 0.000000 -39.342280 0.000000 0.000000 1.000000 0.000000
0.948901 0.315575 0.000000 169.107169 -0.315575 0.948901 0.000000 -39.975379 0.000000 0.000000 1.000000 0.000000
0.949478 0.313834 0.000000 170.672957 -0.313834 0.949478 0.000000 -40.523671 0.000000 0.000000 1.000000 0.000000
0.949776 0.312931 0.000000 171.184919 -0.312931 0.949776 0.000000 -40.699140 0.000000 0.000000 1.000000 0.000000
0.950070 0.312037 0.000000 171.728253 -0.312037 0.950070 0.000000 -40.898142 0.000000 0.000000 1.000000 0.000000
0.949281 0.314430 0.000000 172.270955 -0.314430 0.949281 0.000000 -41.066824 0.000000 0.000000 1.000000 0.000000
0.948509 0.316750 0.000000 173.289879 -0.316750 0.948509 0.000000 -41.408427 0.000000 0.000000 1.000000 0.000000
0.947692 0.319186 0.000000 173.794950 -0.319186 0.947692 0.000000 -41.573857 0.000000 0.000000 1.000000 0.000000
0.947326 0.320272 0.000000 174.341093 -0.320272 0.947326 0.000000 -41.737873 0.000000 0.000000 1.000000 0.000000
0.947581 0.319517 0.000000 174.815569 -0.319517 0.947581 0.000000 -41.890977 0.000000 0.000000 1.000000 0.000000
0.948378 0.317141 0.000000 175.839590 -0.317141 0.948378 0.000000 -42.216255 0.000000 0.000000 1.000000 0.000000
0.948026 0.318193 0.000000 176.390651 -0.318193 0.948026 0.000000 -42.390626 0.000000 0.000000 1.000000 0.000000
0.947943 0.318439 0.000000 176.863891 -0.318439 0.947943 0.000000 -42.549667 0.000000 0.000000 1.000000 0.000000
0.949003 0.315267 0.000000 177.389071 -0.315267 0.949003 0.000000 -42.720916 0.000000 0.000000 1.000000 0.000000
0.949599 0.313467 0.000000 177.858924 -0.313467 0.949599 0.000000 -42.870736 0.000000 0.000000 1.000000 0.000000
0.949578 0.313530 0.000000 178.384405 -0.313530 0.949578 0.000000 -43.032127 0.000000 0.000000 1.000000 0.000000
0.949302 0.314365 0.000000 178.844950 -0.314365 0.949302 0.000000 -43.161787 0.000000 0.000000 1.000000 0.000000
0.948842 0.315751 0.000000 179.367125 -0.315751 0.948842 0.000000 -43.313049 0.000000 0.000000 1.000000 0.000000
0.950181 0.311697 0.000000 180.508941 -0.311697 0.950181 0.000000 -43.701179 0.000000 0.000000 1.000000 0.000000
0.951469 0.307744 0.000000 181.004937 -0.307744 0.951469 0.000000 -43.893063 0.000000 0.000000 1.000000 0.000000
0.951683 0.307083 0.000000 181.476848 -0.307083 0.951683 0.000000 -44.068146 0.000000 0.000000 1.000000 0.000000
0.953773 0.300526 0.000000 182.175305 -0.300526 0.953773 0.000000 -44.303523 0.000000 0.000000 1.000000 0.000000
0.954556 0.298032 0.000000 182.656847 -0.298032 0.954556 0.000000 -44.474414 0.000000 0.000000 1.000000 0.000000
0.955181 0.296023 0.000000 183.182164 -0.296023 0.955181 0.000000 -44.645620 0.000000 0.000000 1.000000 0.000000
0.955118 0.296225 0.000000 183.673564 -0.296225 0.955118 0.000000 -44.797582 0.000000 0.000000 1.000000 0.000000
0.960485 0.278331 0.000000 185.173267 -0.278331 0.960485 0.000000 -45.267166 0.000000 0.000000 1.000000 0.000000
0.961547 0.274641 0.000000 185.677363 -0.274641 0.961547 0.000000 -45.403670 0.000000 0.000000 1.000000 0.000000
0.963656 0.267146 0.000000 186.179471 -0.267146 0.963656 0.000000 -45.536156 0.000000 0.000000 1.000000 0.000000
0.967772 0.251826 0.000000 187.127840 -0.251826 0.967772 0.000000 -45.807707 0.000000 0.000000 1.000000 0.000000
0.970035 0.242965 0.000000 187.587209 -0.242965 0.970035 0.000000 -45.928403 0.000000 0.000000 1.000000 0.000000
0.974671 0.223644 0.000000 188.522293 -0.223644 0.974671 0.000000 -46.161687 0.000000 0.000000 1.000000 0.000000
0.976667 0.214760 0.000000 188.998309 -0.214760 0.976667 0.000000 -46.285504 0.000000 0.000000 1.000000 0.000000
0.979027 0.203731 0.000000 189.460561 -0.203731 0.979027 0.000000 -46.387682 0.000000 0.000000 1.000000 0.000000
0.981330 0.192330 0.000000 190.124209 -0.192330 0.981330 0.000000 -46.528241 0.000000 0.000000 1.000000 0.000000
0.983427 0.181303 0.000000 190.569623 -0.181303 0.983427 0.000000 -46.621083 0.000000 0.000000 1.000000 0.000000
0.985345 0.170574 0.000000 191.054935 -0.170574 0.985345 0.000000 -46.689492 0.000000 0.000000 1.000000 0.000000
0.986940 0.161091 0.000000 191.513415 -0.161091 0.986940 0.000000 -46.761620 0.000000 0.000000 1.000000 0.000000
0.988354 0.152172 0.000000 191.997522 -0.152172 0.988354 0.000000 -46.846749 0.000000 0.000000 1.000000 0.000000
0.990605 0.136752 0.000000 192.447634 -0.136752 0.990605 0.000000 -46.936599 0.000000 0.000000 1.000000 0.000000
0.993096 0.117305 0.000000 193.345726 -0.117305 0.993096 0.000000 -47.068216 0.000000 0.000000 1.000000 0.000000
0.993898 0.110305 0.000000 193.765306 -0.110305 0.993898 0.000000 -47.110941 0.000000 0.000000 1.000000 0.000000
0.994961 0.100263 0.000000 194.229789 -0.100263 0.994961 0.000000 -47.156349 0.000000 0.000000 1.000000 0.000000
0.995856 0.090948 0.000000 194.636838 -0.090948 0.995856 0.000000 -47.202650 0.000000 0.000000 1.000000 0.000000
0.997039 0.076900 0.000000 195.092857 -0.076900 0.997039 0.000000 -47.278703 0.000000 0.000000 1.000000 0.000000
0.997803 0.066247 0.000000 195.501004 -0.066247 0.997803 0.000000 -47.305297 0.000000 0.000000 1.000000 0.000000
0.998440 0.055830 0.000000 195.950678 -0.055830 0.998440 0.000000 -47.369026 0.000000 0.000000 1.000000 0.000000
0.999037 0.043883 0.000000 196.346288 -0.043883 0.999037 0.000000 -47.404431 0.000000 0.000000 1.000000 0.000000
0.999443 0.033368 0.000000 196.781895 -0.033368 0.999443 0.000000 -47.415854 0.000000 0.000000 1.000000 0.000000
0.999857 0.016930 0.000000 197.699313 -0.016930 0.999857 0.000000 -47.444127 0.000000 0.000000 1.000000 0.000000
0.999999 -0.001139 0.000000 198.531241 0.001139 0.999999 0.000000 -47.473220 0.000000 0.000000 1.000000 0.000000
0.999688 -0.024972 0.000000 199.561563 0.024972 0.999688 0.000000 -47.483322 0.000000 0.000000 1.000000 0.000000
0.999298 -0.037450 0.000000 200.342553 0.037450 0.999298 0.000000 -47.468988 0.000000 0.000000 1.000000 0.000000
0.997964 -0.063783 0.000000 202.241236 0.063783 0.997964 0.000000 -47.365003 0.000000 0.000000 1.000000 0.000000
0.997118 -0.075862 0.000000 202.930542 0.075862 0.997118 0.000000 -47.300424 0.000000 0.000000 1.000000 0.000000
0.996724 -0.080880 0.000000 203.267863 0.080880 0.996724 0.000000 -47.265412 0.000000 0.000000 1.000000 0.000000
0.996315 -0.085775 0.000000 203.619008 0.085775 0.996315 0.000000 -47.241433 0.000000 0.000000 1.000000 0.000000
0.995605 -0.093654 0.000000 204.271723 0.093654 0.995605 0.000000 -47.173700 0.000000 0.000000 1.000000 0.000000
