0.999988 0.004838 0.000000 0.537675 -0.004838 0.999988 0.000000 0.018916 0.000000 0.000000 1.000000 0.000000
0.999945 0.010517 0.000000 1.119888 -0.010517 0.999945 0.000000 0.004651 0.000000 0.000000 1.000000 0.000000
0.999871 0.016070 0.000000 1.659758 -0.016070 0.999871 0.000000 0.012908 0.000000 0.000000 1.000000 0.000000
0.999717 0.023785 0.000000 2.379818 -0.023785 0.999717 0.000000 0.002091 0.000000 0.000000 1.000000 0.000000
0.999608 0.028007 0.000000 2.946607 -0.028007 0.999608 0.000000 -0.009828 0.000000 0.000000 1.000000 0.000000
0.999502 0.031558 0.000000 3.518826 -0.031558 0.999502 0.000000 -0.018577 0.000000 0.000000 1.000000 0.000000
0.999333 0.036519 0.000000 4.091045 -0.036519 0.999333 0.000000 -0.011530 0.000000 0.000000 1.000000 0.000000
0.998829 0.048376 0.000000 5.229806 -0.048376 0.998829 0.000000 -0.045219 0.000000 0.000000 1.000000 0.000000
0.998633 0.052263 0.000000 5.775119 -0.052263 0.998633 0.000000 -0.049046 0.000000 0.000000 1.000000 0.000000
0.998242 0.059268 0.000000 6.352245 -0.059268 0.998242 0.000000 -0.060898 0.000000 0.000000 1.000000 0.000000
0.997772 0.066721 0.000000 6.892101 -0.066721 0.997772 0.000000 -0.081845 0.000000 0.000000 1.000000 0.000000
0.997269 0.073856 0.000000 7.454948 -0.073856 0.997269 0.000000 -0.108061 0.000000 0.000000 1.000000 0.000000
0.996771 0.080291 0.000000 7.988501 -0.080291 0.996771 0.000000 -0.132677 0.000000 0.000000 1.000000 0.000000
0.996389 0.084906 0.000000 8.561864 -0.084906 0.996389 0.000000 -0.182635 0.000000 0.000000 1.000000 0.000000
0.995838 0.091145 0.000000 9.099887 -0.091145 0.995838 0.000000 -0.231512 0.000000 0.000000 1.000000 0.000000
0.994865 0.101215 0.000000 9.854746 -0.101215 0.994865 0.000000 -0.299002 0.000000 0.000000 1.000000 0.000000
0.993685 0.112203 0.000000 10.425406 -0.112203 0.993685 0.000000 -0.352667 0.000000 0.000000 1.000000 0.000000
0.992937 0.118639 0.000000 10.977261 -0.118639 0.992937 0.000000 -0.397148 0.000000 0.000000 1.000000 0.000000
0.992333 0.123589 0.000000 11.525547 -0.123589 0.992333 0.000000 -0.443240 0.000000 0.000000 1.000000 0.000000
0.991678 0.128743 0.000000 12.094558 -0.128743 0.991678 0.000000 -0.507676 0.000000 0.000000 1.000000 0.000000
0.990798 0.135347 0.000000 12.618281 -0.135347 0.990798 0.000000 -0.573553 0.000000 0.000000 1.000000 0.000000
0.989818 0.142338 0.000000 13.144431 -0.142338 0.989818 0.000000 -0.644917 0.000000 0.000000 1.000000 0.000000
0.988866 0.148806 0.000000 13.711673 -0.148806 0.988866 0.000000 -0.723404 0.000000 0.000000 1.000000 0.000000
0.987432 0.158045 0.000000 14.229690 -0.158045 0.987432 0.000000 -0.808170 0.000000 0.000000 1.000000 0.000000
0.985754 0.168196 0.000000 14.787572 -0.168196 0.985754 0.000000 -0.899896 0.000000 0.000000 1.000000 0.000000
0.984323 0.176375 0.000000 15.527297 -0.176375 0.984323 0.000000 -1.025085 0.000000 0.000000 1.000000 0.000000
0.983420 0.181341 0.000000 16.075658 -0.181341 0.983420 0.000000 -1.129263 0.000000 0.000000 1.000000 0.000000
0.981848 0.189671 0.000000 16.668322 -0.189671 0.981848 0.000000 -1.231659 0.000000 0.000000 1.000000 0.000000
0.980303 0.197501 0.000000 17.217304 -0.197501 0.980303 0.000000 -1.341536 0.000000 0.000000 1.000000 0.000000
0.978784 0.204895 0.000000 17.761511 -0.204895 0.978784 0.000000 -1.450031 0.000000 0.000000 1.000000 0.000000
0.977454 0.211147 0.000000 18.268401 -0.211147 0.977454 0.000000 -1.552284 0.000000 0.000000 1.000000 0.000000
0.976083 0.217396 0.000000 18.814347 -0.217396 0.976083 0.000000 -1.662872 0.000000 0.000000 1.000000 0.000000
0.976319 0.216334 0.000000 19.317048 -0.216334 0.976319 0.000000 -1.768127 0.000000 0.000000 1.000000 0.000000
0.975198 0.221335 0.000000 19.853658 -0.221335 0.975198 0.000000 -1.888346 0.000000 0.000000 1.000000 0.000000
0.972785 0.231709 0.000000 20.886461 -0.231709 0.972785 0.000000 -2.134071 0.000000 0.000000 1.000000 0.000000
0.971791 0.235845 0.000000 21.375477 -0.235845 0.971791 0.000000 -2.256184 0.000000 0.000000 1.000000 0.000000
0.970381 0.241580 0.000000 21.906474 -0.241580 0.970381 0.000000 -2.380859 0.000000 0.000000 1.000000 0.000000
0.968806 0.247822 0.000000 22.575375 -0.247822 0.968806 0.000000 -2.540184 0.000000 0.000000 1.000000 0.000000
0.967562 0.252633 0.000000 23.058948 -0.252633 0.967562 0.000000 -2.669084 0.000000 0.000000 1.000000 0.000000
0.966184 0.257853 0.000000 23.543172 -0.257853 0.966184 0.000000 -2.792520 0.000000 0.000000 1.000000 0.000000
0.964157 0.265332 0.000000 24.058106 -0.265332 0.964157 0.000000 -2.931350 0.000000 0.000000 1.000000 0.000000
0.963351 0.268245 0.000000 24.539352 -0.268245 0.963351 0.000000 -3.060102 0.000000 0.000000 1.000000 0.000000
0.960673 0.277683 0.000000 25.214305 -0.277683 0.960673 0.000000 -3.257572 0.000000 0.000000 1.000000 0.000000
0.959084 0.283120 0.000000 25.725903 -0.283120 0.959084 0.000000 -3.405114 0.000000 0.000000 1.000000 0.000000
0.957948 0.286940 0.000000 26.238345 -0.286940 0.957948 0.000000 -3.558378 0.000000 0.000000 1.000000 0.000000
0.956274 0.292472 0.000000 26.731264 -0.292472 0.956274 0.000000 -3.720947 0.000000 0.000000 1.000000 0.000000
0.954475 0.298292 0.000000 27.245207 -0.298292 0.954475 0.000000 -3.880385 0.000000 0.000000 1.000000 0.000000
0.954864 0.297045 0.000000 27.757945 -0.297045 0.954864 0.000000 -4.051556 0.000000 0.000000 1.000000 0.000000
0.952745 0.303772 0.000000 28.230369 -0.303772 0.952745 0.000000 -4.197374 0.000000 0.000000 1.000000 0.000000
0.951521 0.307582 0.000000 28.739250 -0.307582 0.951521 0.000000 -4.375415 0.000000 0.000000 1.000000 0.000000
0.950063 0.312059 0.000000 29.221551 -0.312059 0.950063 0.000000 -4.542459 0.000000 0.000000 1.000000 0.000000
0.947955 0.318404 0.000000 29.721975 -0.318404 0.947955 0.000000 -4.713379 0.000000 0.000000 1.000000 0.000000
0.946132 0.323781 0.000000 30.203545 -0.323781 0.946132 0.000000 -4.859083 0.000000 0.000000 1.000000 0.000000
0.943873 0.330309 0.000000 30.703698 -0.330309 0.943873 0.000000 -5.038604 0.000000 0.000000 1.000000 0.000000
0.941419 0.337240 0.000000 31.181718 -0.337240 0.941419 0.000000 -5.199117 0.000000 0.000000 1.000000 0.000000
0.939353 0.342953 0.000000 31.688980 -0.342953 0.939353 0.000000 -5.375910 0.000000 0.000000 1.000000 0.000000
0.938191 0.346117 0.000000 32.150002 -0.346117 0.938191 0.000000 -5.539266 0.000000 0.000000 1.000000 0.000000
0.935155 0.354240 0.000000 32.837492 -0.354240 0.935155 0.000000 -5.804186 0.000000 0.000000 1.000000 0.000000
0.931164 0.364600 0.000000 33.548569 -0.364600 0.931164 0.000000 -6.074741 0.000000 0.000000 1.000000 0.000000
0.928082 0.372377 0.000000 34.041575 -0.372377 0.928082 0.000000 -6.260201 0.000000 0.000000 1.000000 0.000000
0.922513 0.385965 0.000000 34.893916 -0.385965 0.922513 0.000000 -6.604278 0.000000 0.000000 1.000000 0.000000
0.920046 0.391811 0.000000 35.377883 -0.391811 0.920046 0.000000 -6.810127 0.000000 0.000000 1.000000 0.000000
0.917958 0.396677 0.000000 35.856375 -0.396677 0.917958 0.000000 -7.015967 0.000000 0.000000 1.000000 0.000000
0.917283 0.398237 0.000000 36.336855 -0.398237 0.917283 0.000000 -7.225870 0.000000 0.000000 1.000000 0.000000
0.913041 0.407868 0.000000 36.820956 -0.407868 0.913041 0.000000 -7.426365 0.000000 0.000000 1.000000 0.000000
0.912249 0.409636 0.000000 37.328214 -0.409636 0.912249 0.000000 -7.657978 0.000000 0.000000 1.000000 0.000000
0.910092 0.414406 0.000000 37.764382 -0.414406 0.910092 0.000000 -7.866262 0.000000 0.000000 1.000000 0.000000
0.907637 0.419756 0.000000 38.228893 -0.419756 0.907637 0.000000 -8.075180 0.000000 0.000000 1.000000 0.000000
0.906110 0.423043 0.000000 38.679526 -0.423043 0.906110 0.000000 -8.296960 0.000000 0.000000 1.000000 0.000000
0.905653 0.424020 0.000000 39.137813 -0.424020 0.905653 0.000000 -8.512583 0.000000 0.000000 1.000000 0.000000
0.903630 0.428314 0.000000 39.570845 -0.428314 0.903630 0.000000 -8.721798 0.000000 0.000000 1.000000 0.000000
0.902228 0.431259 0.000000 40.014318 -0.431259 0.902228 0.000000 -8.934073 0.000000 0.000000 1.000000 0.000000
0.900555 0.434742 0.000000 40.423299 -0.434742 0.900555 0.000000 -9.153291 0.000000 0.000000 1.000000 0.000000
0.900619 0.434609 0.000000 40.851740 -0.434609 0.900619 0.000000 -9.379880 0.000000 0.000000 1.000000 0.000000
0.898356 0.439268 0.000000 41.256646 -0.439268 0.898356 0.000000 -9.576857 0.000000 0.000000 1.000000 0.000000
0.897545 0.440923 0.000000 41.683952 -0.440923 0.897545 0.000000 -9.791636 0.000000 0.000000 1.000000 0.000000
0.897228 0.441567 0.000000 42.093582 -0.441567 0.897228 0.000000 -9.994593 0.000000 0.000000 1.000000 0.000000
0.896529 0.442986 0.000000 42.491152 -0.442986 0.896529 0.000000 -10.195281 0.000000 0.000000 1.000000 0.000000
0.896641 0.442758 0.000000 42.893166 -0.442758 0.896641 0.000000 -10.379726 0.000000 0.000000 1.000000 0.000000
0.892871 0.450312 0.000000 43.287256 -0.450312 0.892871 0.000000 -10.561338 0.000000 0.000000 1.000000 0.000000
0.890438 0.455105 0.000000 43.672697 -0.455105 0.890438 0.000000 -10.754219 0.000000 0.000000 1.000000 0.000000
0.888648 0.458589 0.000000 44.045602 -0.458589 0.888648 0.000000 -10.947108 0.000000 0.000000 1.000000 0.000000
0.884733 0.466098 0.000000 44.430590 -0.466098 0.884733 0.000000 -11.152179 0.000000 0.000000 1.000000 0.000000
0.880884 0.473332 0.000000 44.982947 -0.473332 0.880884 0.000000 -11.444485 0.000000 0.000000 1.000000 0.000000
0.876449 0.481494 0.000000 45.377542 -0.481494 0.876449 0.000000 -11.663346 0.000000 0.000000 1.000000 0.000000
0.871364 0.490638 0.000000 45.744217 -0.490638 0.871364 0.000000 -11.860872 0.000000 0.000000 1.000000 0.000000
0.868302 0.496035 0.000000 46.099030 -0.496035 0.868302 0.000000 -12.063505 0.000000 0.000000 1.000000 0.000000
0.865507 0.500897 0.000000 46.448513 -0.500897 0.865507 0.000000 -12.270753 0.000000 0.000000 1.000000 0.000000
0.861170 0.508318 0.000000 46.801869 -0.508318 0.861170 0.000000 -12.473261 0.000000 0.000000 1.000000 0.000000
0.858244 0.513242 0.000000 47.146297 -0.513242 0.858244 0.000000 -12.675962 0.000000 0.000000 1.000000 0.000000
0.854668 0.519175 0.000000 47.484527 -0.519175 0.854668 0.000000 -12.879126 0.000000 0.000000 1.000000 0.000000
0.850932 0.525275 0.000000 47.815040 -0.525275 0.850932 0.000000 -13.088932 0.000000 0.000000 1.000000 0.000000
0.849178 0.528107 0.000000 48.140663 -0.528107 0.849178 0.000000 -13.299630 0.000000 0.000000 1.000000 0.000000
0.846780 0.531944 0.000000 48.463867 -0.531944 0.846780 0.000000 -13.502790 0.000000 0.000000 1.000000 0.000000
0.844376 0.535751 0.000000 49.080844 -0.535751 0.844376 0.000000 -13.927501 0.000000 0.000000 1.000000 0.000000
0.844345 0.535800 0.000000 49.384932 -0.535800 0.844345 0.000000 -14.122070 0.000000 0.000000 1.000000 0.000000
0.843657 0.536882 0.000000 49.668536 -0.536882 0.843657 0.000000 -14.300811 0.000000 0.000000 1.000000 0.000000
0.843778 0.536693 0.000000 49.947254 -0.536693 0.843778 0.000000 -14.469940 0.000000 0.000000 1.000000 0.000000
0.846562 0.532291 0.000000 50.238731 -0.532291 0.846562 0.000000 -14.656653 0.000000 0.000000 1.000000 0.000000
0.845101 0.534607 0.000000 50.506068 -0.534607 0.845101 0.000000 -14.819845 0.000000 0.000000 1.000000 0.000000
0.844097 0.536191 0.000000 50.788158 -0.536191 0.844097 0.000000 -14.998010 0.000000 0.000000 1.000000 0.000000
0.843389 0.537304 0.000000 51.041623 -0.537304 0.843389 0.000000 -15.159115 0.000000 0.000000 1.000000 0.000000
0.842709 0.538369 0.000000 51.318649 -0.538369 0.842709 0.000000 -15.327698 0.000000 0.000000 1.000000 0.000000
0.843144 0.537687 0.000000 51.558616 -0.537687 0.843144 0.000000 -15.499434 0.000000 0.000000 1.000000 0.000000
0.841188 0.540743 0.000000 51.801543 -0.540743 0.841188 0.000000 -15.650327 0.000000 0.000000 1.000000 0.000000
0.840085 0.542455 0.000000 52.059893 -0.542455 0.840085 0.000000 -15.809888 0.000000 0.000000 1.000000 0.000000
0.836866 0.547408 0.000000 52.426096 -0.547408 0.836866 0.000000 -16.039229 0.000000 0.000000 1.000000 0.000000
0.835607 0.549328 0.000000 52.697294 -0.549328 0.835607 0.000000 -16.198660 0.000000 0.000000 1.000000 0.000000
0.831812 0.555058 0.000000 52.938646 -0.555058 0.831812 0.000000 -16.345338 0.000000 0.000000 1.000000 0.000000
0.828864 0.559450 0.000000 53.178920 -0.559450 0.828864 0.000000 -16.497567 0.000000 0.000000 1.000000 0.000000
0.825408 0.564537 0.000000 53.415049 -0.564537 0.825408 0.000000 -16.645217 0.000000 0.000000 1.000000 0.000000
0.822455 0.568829 0.000000 53.646814 -0.568829 0.822455 0.000000 -16.795032 0.000000 0.000000 1.000000 0.000000
0.821941 0.569572 0.000000 53.864512 -0.569572 0.821941 0.000000 -16.948858 0.000000 0.000000 1.000000 0.000000
0.821580 0.570093 0.000000 54.084629 -0.570093 0.821580 0.000000 -17.097892 0.000000 0.000000 1.000000 0.000000
0.823360 0.567520 0.000000 54.298837 -0.567520 0.823360 0.000000 -17.245210 0.000000 0.000000 1.000000 0.000000
0.822196 0.569204 0.000000 54.501708 -0.569204 0.822196 0.000000 -17.387375 0.000000 0.000000 1.000000 0.000000
0.818302 0.574789 0.000000 54.903234 -0.574789 0.818302 0.000000 -17.666849 0.000000 0.000000 1.000000 0.000000
0.814781 0.579768 0.000000 55.087663 -0.579768 0.814781 0.000000 -17.788150 0.000000 0.000000 1.000000 0.000000
0.813999 0.580867 0.000000 55.260851 -0.580867 0.813999 0.000000 -17.916976 0.000000 0.000000 1.000000 0.000000
0.814543 0.580104 0.000000 55.443867 -0.580104 0.814543 0.000000 -18.051478 0.000000 0.000000 1.000000 0.000000
0.814483 0.580187 0.000000 55.607995 -0.580187 0.814483 0.000000 -18.175409 0.000000 0.000000 1.000000 0.000000
0.813336 0.581794 0.000000 55.760290 -0.581794 0.813336 0.000000 -18.301813 0.000000 0.000000 1.000000 0.000000
0.813336 0.581795 0.000000 55.927170 -0.581795 0.813336 0.000000 -18.426427 0.000000 0.000000 1.000000 0.000000
0.811696 0.584080 0.000000 56.078664 -0.584080 0.811696 0.000000 -18.539088 0.000000 0.000000 1.000000 0.000000
0.810769 0.585366 0.000000 56.246372 -0.585366 0.810769 0.000000 -18.658719 0.000000 0.000000 1.000000 0.000000
0.807068 0.590458 0.000000 56.567383 -0.590458 0.807068 0.000000 -18.889748 0.000000 0.000000 1.000000 0.000000
0.805546 0.592534 0.000000 56.726451 -0.592534 0.805546 0.000000 -18.990988 0.000000 0.000000 1.000000 0.000000
0.804715 0.593662 0.000000 56.885530 -0.593662 0.804715 0.000000 -19.094505 0.000000 0.000000 1.000000 0.000000
0.802993 0.595988 0.000000 57.135883 -0.595988 0.802993 0.000000 -19.275655 0.000000 0.000000 1.000000 0.000000
0.801789 0.597608 0.000000 57.294562 -0.597608 0.801789 0.000000 -19.397368 0.000000 0.000000 1.000000 0.000000
0.799556 0.600592 0.000000 57.451683 -0.600592 0.799556 0.000000 -19.512064 0.000000 0.000000 1.000000 0.000000
0.797519 0.603294 0.000000 57.612653 -0.603294 0.797519 0.000000 -19.631070 0.000000 0.000000 1.000000 0.000000
0.797842 0.602866 0.000000 57.776226 -0.602866 0.797842 0.000000 -19.750265 0.000000 0.000000 1.000000 0.000000
0.796411 0.604756 0.000000 57.933999 -0.604756 0.796411 0.000000 -19.868291 0.000000 0.000000 1.000000 0.000000
0.795253 0.606278 0.000000 58.097962 -0.606278 0.795253 0.000000 -19.986761 0.000000 0.000000 1.000000 0.000000
0.792135 0.610345 0.000000 58.416507 -0.610345 0.792135 0.000000 -20.237115 0.000000 0.000000 1.000000 0.000000
0.790180 0.612875 0.000000 58.577979 -0.612875 0.790180 0.000000 -20.359974 0.000000 0.000000 1.000000 0.000000
0.788584 0.614927 0.000000 58.749234 -0.614927 0.788584 0.000000 -20.489822 0.000000 0.000000 1.000000 0.000000
0.786510 0.617578 0.000000 58.918631 -0.617578 0.786510 0.000000 -20.611084 0.000000 0.000000 1.000000 0.000000
0.785428 0.618953 0.000000 59.091627 -0.618953 0.785428 0.000000 -20.744539 0.000000 0.000000 1.000000 0.000000
0.784391 0.620267 0.000000 59.261698 -0.620267 0.784391 0.000000 -20.878075 0.000000 0.000000 1.000000 0.000000
0.782477 0.622680 0.000000 59.427300 -0.622680 0.782477 0.000000 -21.006131 0.000000 0.000000 1.000000 0.000000
0.780592 0.625041 0.000000 59.600904 -0.625041 0.780592 0.000000 -21.152824 0.000000 0.000000 1.000000 0.000000
0.777549 0.628823 0.000000 59.774462 -0.628823 0.777549 0.000000 -21.278937 0.000000 0.000000 1.000000 0.000000
0.773539 0.633749 0.000000 59.951046 -0.633749 0.773539 0.000000 -21.409045 0.000000 0.000000 1.000000 0.000000
0.769681 0.638429 0.000000 60.131821 -0.638429 0.769681 0.000000 -21.559910 0.000000 0.000000 1.000000 0.000000
0.767309 0.641278 0.000000 60.304117 -0.641278 0.767309 0.000000 -21.702825 0.000000 0.000000 1.000000 0.000000
0.765039 0.643984 0.000000 60.495308 -0.643984 0.765039 0.000000 -21.859337 0.000000 0.000000 1.000000 0.000000
0.763246 0.646108 0.000000 60.672117 -0.646108 0.763246 0.000000 -22.009746 0.000000 0.000000 1.000000 0.000000
0.759699 0.650275 0.000000 60.868483 -0.650275 0.759699 0.000000 -22.169153 0.000000 0.000000 1.000000 0.000000
0.757292 0.653076 0.000000 61.048050 -0.653076 0.757292 0.000000 -22.334509 0.000000 0.000000 1.000000 0.000000
0.751833 0.659354 0.000000 61.332127 -0.659354 0.751833 0.000000 -22.581224 0.000000 0.000000 1.000000 0.000000
0.748776 0.662823 0.000000 61.516011 -0.662823 0.748776 0.000000 -22.741885 0.000000 0.000000 1.000000 0.000000
0.746996 0.664829 0.000000 61.716302 -0.664829 0.746996 0.000000 -22.921357 0.000000 0.000000 1.000000 0.000000
0.745428 0.666586 0.000000 61.901005 -0.666586 0.745428 0.000000 -23.094275 0.000000 0.000000 1.000000 0.000000
0.741614 0.670827 0.000000 62.290118 -0.670827 0.741614 0.000000 -23.462234 0.000000 0.000000 1.000000 0.000000
0.739847 0.672775 0.000000 62.484167 -0.672775 0.739847 0.000000 -23.641570 0.000000 0.000000 1.000000 0.000000
0.738071 0.674724 0.000000 62.669024 -0.674724 0.738071 0.000000 -23.817889 0.000000 0.000000 1.000000 0.000000
0.736377 0.676571 0.000000 62.865072 -0.676571 0.736377 0.000000 -24.004374 0.000000 0.000000 1.000000 0.000000
0.735636 0.677377 0.000000 63.137411 -0.677377 0.735636 0.000000 -24.249931 0.000000 0.000000 1.000000 0.000000
0.730721 0.682676 0.000000 63.332967 -0.682676 0.730721 0.000000 -24.429424 0.000000 0.000000 1.000000 0.000000
0.727332 0.686286 0.000000 63.518079 -0.686286 0.727332 0.000000 -24.604472 0.000000 0.000000 1.000000 0.000000
0.722656 0.691208 0.000000 63.708989 -0.691208 0.722656 0.000000 -24.789945 0.000000 0.000000 1.000000 0.000000
0.721211 0.692716 0.000000 63.884375 -0.692716 0.721211 0.000000 -24.963318 0.000000 0.000000 1.000000 0.000000
0.719240 0.694762 0.000000 64.060864 -0.694762 0.719240 0.000000 -25.140072 0.000000 0.000000 1.000000 0.000000
0.716391 0.697699 0.000000 64.248959 -0.697699 0.716391 0.000000 -25.326883 0.000000 0.000000 1.000000 0.000000
0.716017 0.698082 0.000000 64.425174 -0.698082 0.716017 0.000000 -25.506354 0.000000 0.000000 1.000000 0.000000
0.713811 0.700338 0.000000 64.598330 -0.700338 0.713811 0.000000 -25.678686 0.000000 0.000000 1.000000 0.000000
0.711270 0.702919 0.000000 64.777810 -0.702919 0.711270 0.000000 -25.867807 0.000000 0.000000 1.000000 0.000000
0.711101 0.703090 0.000000 64.954104 -0.703090 0.711101 0.000000 -26.040266 0.000000 0.000000 1.000000 0.000000
0.711890 0.702291 0.000000 65.187456 -0.702291 0.711890 0.000000 -26.288389 0.000000 0.000000 1.000000 0.000000
0.710666 0.703530 0.000000 65.374345 -0.703530 0.710666 0.000000 -26.484747 0.000000 0.000000 1.000000 0.000000
0.709671 0.704533 0.000000 65.551233 -0.704533 0.709671 0.000000 -26.672095 0.000000 0.000000 1.000000 0.000000
0.710139 0.704062 0.000000 65.722336 -0.704062 0.710139 0.000000 -26.860309 0.000000 0.000000 1.000000 0.000000
0.709126 0.705082 0.000000 65.897226 -0.705082 0.709126 0.000000 -27.041927 0.000000 0.000000 1.000000 0.000000
0.712278 0.701898 0.000000 66.071154 -0.701898 0.712278 0.000000 -27.223991 0.000000 0.000000 1.000000 0.000000
0.717103 0.696967 0.000000 66.238190 -0.696967 0.717103 0.000000 -27.409967 0.000000 0.000000 1.000000 0.000000
0.717022 0.697050 0.000000 66.420516 -0.697050 0.717022 0.000000 -27.571227 0.000000 0.000000 1.000000 0.000000
0.719123 0.694883 0.000000 66.597436 -0.694883 0.719123 0.000000 -27.737694 0.000000 0.000000 1.000000 0.000000
0.720385 0.693574 0.000000 66.760169 -0.693574 0.720385 0.000000 -27.890183 0.000000 0.000000 1.000000 0.000000
0.719673 0.694314 0.000000 67.091389 -0.694314 0.719673 0.000000 -28.212040 0.000000 0.000000 1.000000 0.000000
0.720425 0.693533 0.000000 67.254335 -0.693533 0.720425 0.000000 -28.372491 0.000000 0.000000 1.000000 0.000000
0.722714 0.691147 0.000000 67.420605 -0.691147 0.722714 0.000000 -28.536439 0.000000 0.000000 1.000000 0.000000
0.723589 0.690231 0.000000 67.572736 -0.690231 0.723589 0.000000 -28.682630 0.000000 0.000000 1.000000 0.000000
0.725333 0.688398 0.000000 67.728215 -0.688398 0.725333 0.000000 -28.841130 0.000000 0.000000 1.000000 0.000000
0.726412 0.687259 0.000000 67.880266 -0.687259 0.726412 0.000000 -28.988468 0.000000 0.000000 1.000000 0.000000
0.725719 0.687991 0.000000 68.041117 -0.687991 0.725719 0.000000 -29.134361 0.000000 0.000000 1.000000 0.000000
0.726873 0.686772 0.000000 68.308047 -0.686772 0.726873 0.000000 -29.391713 0.000000 0.000000 1.000000 0.000000
0.728298 0.685261 0.000000 68.462281 -0.685261 0.728298 0.000000 -29.539912 0.000000 0.000000 1.000000 0.000000
0.730711 0.682686 0.000000 68.614270 -0.682686 0.730711 0.000000 -29.685476 0.000000 0.000000 1.000000 0.000000
0.732060 0.681241 0.000000 68.764137 -0.681241 0.732060 0.000000 -29.828897 0.000000 0.000000 1.000000 0.000000
0.734363 0.678757 0.000000 68.917467 -0.678757 0.734363 0.000000 -29.970103 0.000000 0.000000 1.000000 0.000000
0.736492 0.676447 0.000000 69.068639 -0.676447 0.736492 0.000000 -30.110902 0.000000 0.000000 1.000000 0.000000
0.743771 0.668434 0.000000 69.348044 -0.668434 0.743771 0.000000 -30.384536 0.000000 0.000000 1.000000 0.000000
0.746775 0.665076 0.000000 69.477265 -0.665076 0.746775 0.000000 -30.501034 0.000000 0.000000 1.000000 0.000000
0.749601 0.661890 0.000000 69.611941 -0.661890 0.749601 0.000000 -30.615717 0.000000 0.000000 1.000000 0.000000
0.755746 0.654865 0.000000 69.840441 -0.654865 0.755746 0.000000 -30.819447 0.000000 0.000000 1.000000 0.000000
0.759600 0.650391 0.000000 70.148735 -0.650391 0.759600 0.000000 -31.073446 0.000000 0.000000 1.000000 0.000000
0.765762 0.643124 0.000000 70.325570 -0.643124 0.765762 0.000000 -31.226794 0.000000 0.000000 1.000000 0.000000
0.768296 0.640095 0.000000 70.438254 -0.640095 0.768296 0.000000 -31.319511 0.000000 0.000000 1.000000 0.000000
0.776655 0.629926 0.000000 70.663553 -0.629926 0.776655 0.000000 -31.509670 0.000000 0.000000 1.000000 0.000000
0.780382 0.625303 0.000000 70.776310 -0.625303 0.780382 0.000000 -31.606909 0.000000 0.000000 1.000000 0.000000
0.783476 0.621422 0.000000 70.879812 -0.621422 0.783476 0.000000 -31.688631 0.000000 0.000000 1.000000 0.000000
0.785989 0.618241 0.000000 70.984824 -0.618241 0.785989 0.000000 -31.771146 0.000000 0.000000 1.000000 0.000000
0.791083 0.611709 0.000000 71.140696 -0.611709 0.791083 0.000000 -31.895695 0.000000 0.000000 1.000000 0.000000
0.796453 0.604700 0.000000 71.336854 -0.604700 0.796453 0.000000 -32.046280 0.000000 0.000000 1.000000 0.000000
0.799925 0.600099 0.000000 71.433241 -0.600099 0.799925 0.000000 -32.116381 0.000000 0.000000 1.000000 0.000000
0.803464 0.595353 0.000000 71.526635 -0.595353 0.803464 0.000000 -32.182173 0.000000 0.000000 1.000000 0.000000
0.806921 0.590659 0.000000 71.612203 -0.590659 0.806921 0.000000 -32.249028 0.000000 0.000000 1.000000 0.000000
0.810264 0.586066 0.000000 71.701730 -0.586066 0.810264 0.000000 -32.315252 0.000000 0.000000 1.000000 0.000000
0.812724 0.582649 0.000000 71.782500 -0.582649 0.812724 0.000000 -32.370189 0.000000 0.000000 1.000000 0.000000
0.819632 0.572891 0.000000 71.942090 -0.572891 0.819632 0.000000 -32.489632 0.000000 0.000000 1.000000 0.000000
0.822015 0.569466 0.000000 72.013144 -0.569466 0.822015 0.000000 -32.532007 0.000000 0.000000 1.000000 0.000000
0.825311 0.564679 0.000000 72.077178 -0.564679 0.825311 0.000000 -32.577195 0.000000 0.000000 1.000000 0.000000
0.827014 0.562181 0.000000 72.136279 -0.562181 0.827014 0.000000 -32.618755 0.000000 0.000000 1.000000 0.000000
0.830264 0.557370 0.000000 72.190662 -0.557370 0.830264 0.000000 -32.663262 0.000000 0.000000 1.000000 0.000000
0.831610 0.555360 0.000000 72.244118 -0.555360 0.831610 0.000000 -32.694197 0.000000 0.000000 1.000000 0.000000
0.832736 0.553670 0.000000 72.296128 -0.553670 0.832736 0.000000 -32.724085 0.000000 0.000000 1.000000 0.000000
0.833700 0.552218 0.000000 72.369664 -0.552218 0.833700 0.000000 -32.765666 0.000000 0.000000 1.000000 0.000000
0.834918 0.550374 0.000000 72.405468 -0.550374 0.834918 0.000000 -32.782190 0.000000 0.000000 1.000000 0.000000
0.835313 0.549774 0.000000 72.443039 -0.549774 0.835313 0.000000 -32.792888 0.000000 0.000000 1.000000 0.000000
0.835687 0.549206 0.000000 72.475834 -0.549206 0.835687 0.000000 -32.807312 0.000000 0.000000 1.000000 0.000000
0.836612 0.547797 0.000000 72.505657 -0.547797 0.836612 0.000000 -32.821665 0.000000 0.000000 1.000000 0.000000
0.837587 0.546304 0.000000 72.528729 -0.546304 0.837587 0.000000 -32.828534 0.000000 0.000000 1.000000 0.000000
0.837234 0.546845 0.000000 72.545687 -0.546845 0.837234 0.000000 -32.832802 0.000000 0.000000 1.000000 0.000000
0.837552 0.546357 0.000000 72.559187 -0.546357 0.837552 0.000000 -32.841805 0.000000 0.000000 1.000000 0.000000
0.839033 0.544080 0.000000 72.571978 -0.544080 0.839033 0.000000 -32.857504 0.000000 0.000000 1.000000 0.000000
0.838283 0.545236 0.000000 72.580040 -0.545236 0.838283 0.000000 -32.858164 0.000000 0.000000 1.000000 0.000000
0.839142 0.543912 0.000000 72.580076 -0.543912 0.839142 0.000000 -32.864030 0.000000 0.000000 1.000000 0.000000
0.839157 0.543889 0.000000 72.580643 -0.543889 0.839157 0.000000 -32.860416 0.000000 0.000000 1.000000 0.000000
0.838468 0.544951 0.000000 72.581204 -0.544951 0.838468 0.000000 -32.856109 0.000000 0.000000 1.000000 0.000000
0.838447 0.544983 0.000000 72.578185 -0.544983 0.838447 0.000000 -32.853095 0.000000 0.000000 1.000000 0.000000
0.838346 0.545139 0.000000 72.577880 -0.545139 0.838346 0.000000 -32.852899 0.000000 0.000000 1.000000 0.000000
0.839319 0.543640 0.000000 72.575925 -0.543640 0.839319 0.000000 -32.855780 0.000000 0.000000 1.000000 0.000000
0.839377 0.543550 0.000000 72.573575 -0.543550 0.839377 0.000000 -32.855943 0.000000 0.000000 1.000000 0.000000
0.838602 0.544745 0.000000 72.573404 -0.544745 0.838602 0.000000 -32.854150 0.000000 0.000000 1.000000 0.000000
0.838393 0.545067 0.000000 72.574537 -0.545067 0.838393 0.000000 -32.852978 0.000000 0.000000 1.000000 0.000000
0.838480 0.544932 0.000000 72.574317 -0.544932 0.838480 0.000000 -32.851924 0.000000 0.000000 1.000000 0.000000
0.838387 0.545075 0.000000 72.572661 -0.545075 0.838387 0.000000 -32.849872 0.000000 0.000000 1.000000 0.000000
0.838337 0.545152 0.000000 72.571379 -0.545152 0.838337 0.000000 -32.846892 0.000000 0.000000 1.000000 0.000000
0.838135 0.545463 0.000000 72.570089 -0.545463 0.838135 0.000000 -32.841305 0.000000 0.000000 1.000000 0.000000
0.838148 0.545442 0.000000 72.568186 -0.545442 0.838148 0.000000 -32.837220 0.000000 0.000000 1.000000 0.000000
0.838186 0.545384 0.000000 72.566139 -0.545384 0.838186 0.000000 -32.836393 0.000000 0.000000 1.000000 0.000000
0.838305 0.545202 0.000000 72.563767 -0.545202 0.838305 0.000000 -32.837686 0.000000 0.000000 1.000000 0.000000
0.838367 0.545106 0.000000 72.564632 -0.545106 0.838367 0.000000 -32.837679 0.000000 0.000000 1.000000 0.000000
0.838379 0.545087 0.000000 72.564887 -0.545087 0.838379 0.000000 -32.837352 0.000000 0.000000 1.000000 0.000000
0.838393 0.545066 0.000000 72.565248 -0.545066 0.838393 0.000000 -32.839839 0.000000 0.000000 1.000000 0.000000
0.838395 0.545063 0.000000 72.565319 -0.545063 0.838395 0.000000 -32.841002 0.000000 0.000000 1.000000 0.000000
0.838406 0.545047 0.000000 72.565416 -0.545047 0.838406 0.000000 -32.842125 0.000000 0.000000 1.000000 0.000000
0.838422 0.545022 0.000000 72.566790 -0.545022 0.838422 0.000000 -32.842792 0.000000 0.000000 1.000000 0.000000
0.838289 0.545227 0.000000 72.566702 -0.545227 0.838289 0.000000 -32.845022 0.000000 0.000000 1.000000 0.000000
0.838193 0.545374 0.000000 72.567084 -0.545374 0.838193 0.000000 -32.846613 0.000000 0.000000 1.000000 0.000000
0.838152 0.545437 0.000000 72.566681 -0.545437 0.838152 0.000000 -32.845642 0.000000 0.000000 1.000000 0.000000
0.838196 0.545370 0.000000 72.565973 -0.545370 0.838196 0.000000 -32.846180 0.000000 0.000000 1.000000 0.000000
0.838268 0.545259 0.000000 72.564990 -0.545259 0.838268 0.000000 -32.846507 0.000000 0.000000 1.000000 0.000000
0.838292 0.545221 0.000000 72.564146 -0.545221 0.838292 0.000000 -32.847354 0.000000 0.000000 1.000000 0.000000
0.838290 0.545224 0.000000 72.563562 -0.545224 0.838290 0.000000 -32.847594 0.000000 0.000000 1.000000 0.000000
0.838281 0.545238 0.000000 72.563143 -0.545238 0.838281 0.000000 -32.847235 0.000000 0.000000 1.000000 0.000000
0.838306 0.545199 0.000000 72.562350 -0.545199 0.838306 0.000000 -32.846904 0.000000 0.000000 1.000000 0.000000
0.838252 0.545283 0.000000 72.562562 -0.545283 0.838252 0.000000 -32.846072 0.000000 0.000000 1.000000 0.000000
0.838317 0.545183 0.000000 72.562716 -0.545183 0.838317 0.000000 -32.845399 0.000000 0.000000 1.000000 0.000000
0.838345 0.545140 0.000000 72.561958 -0.545140 0.838345 0.000000 -32.844429 0.000000 0.000000 1.000000 0.000000
0.838378 0.545089 0.000000 72.562205 -0.545089 0.838378 0.000000 -32.843372 0.000000 0.000000 1.000000 0.000000
0.838402 0.545052 0.000000 72.561937 -0.545052 0.838402 0.000000 -32.842189 0.000000 0.000000 1.000000 0.000000
0.838487 0.544922 0.000000 72.561499 -0.544922 0.838487 0.000000 -32.840449 0.000000 0.000000 1.000000 0.000000
0.838887 0.544306 0.000000 72.559882 -0.544306 0.838887 0.000000 -32.839140 0.000000 0.000000 1.000000 0.000000
0.838809 0.544425 0.000000 72.559676 -0.544425 0.838809 0.000000 -32.837575 0.000000 0.000000 1.000000 0.000000
0.838755 0.544509 0.000000 72.559607 -0.544509 0.838755 0.000000 -32.836803 0.000000 0.000000 1.000000 0.000000
0.838711 0.544577 0.000000 72.559349 -0.544577 0.838711 0.000000 -32.836761 0.000000 0.000000 1.000000 0.000000
0.838705 0.544586 0.000000 72.560332 -0.544586 0.838705 0.000000 -32.838035 0.000000 0.000000 1.000000 0.000000
0.838841 0.544376 0.000000 72.559893 -0.544376 0.838841 0.000000 -32.838698 0.000000 0.000000 1.000000 0.000000
0.838825 0.544401 0.000000 72.560579 -0.544401 0.838825 0.000000 -32.838421 0.000000 0.000000 1.000000 0.000000
0.838691 0.544608 0.000000 72.560449 -0.544608 0.838691 0.000000 -32.839007 0.000000 0.000000 1.000000 0.000000
0.838154 0.545433 0.000000 72.563126 -0.545433 0.838154 0.000000 -32.840191 0.000000 0.000000 1.000000 0.000000
0.837775 0.546016 0.000000 72.564140 -0.546016 0.837775 0.000000 -32.841282 0.000000 0.000000 1.000000 0.000000
0.836486 0.547989 0.000000 72.566347 -0.547989 0.836486 0.000000 -32.844315 0.000000 0.000000 1.000000 0.000000
0.836449 0.548045 0.000000 72.568485 -0.548045 0.836449 0.000000 -32.844986 0.000000 0.000000 1.000000 0.000000
0.836593 0.547825 0.000000 72.572020 -0.547825 0.836593 0.000000 -32.849087 0.000000 0.000000 1.000000 0.000000
0.836790 0.547523 0.000000 72.570229 -0.547523 0.836790 0.000000 -32.855172 0.000000 0.000000 1.000000 0.000000
0.838280 0.545240 0.000000 72.569722 -0.545240 0.838280 0.000000 -32.864531 0.000000 0.000000 1.000000 0.000000
0.838994 0.544140 0.000000 72.568567 -0.544140 0.838994 0.000000 -32.868700 0.000000 0.000000 1.000000 0.000000
0.839557 0.543272 0.000000 72.567622 -0.543272 0.839557 0.000000 -32.872922 0.000000 0.000000 1.000000 0.000000
0.839874 0.542782 0.000000 72.563846 -0.542782 0.839874 0.000000 -32.876182 0.000000 0.000000 1.000000 0.000000
0.839957 0.542653 0.000000 72.562850 -0.542653 0.839957 0.000000 -32.878531 0.000000 0.000000 1.000000 0.000000
0.840210 0.542261 0.000000 72.560278 -0.542261 0.840210 0.000000 -32.878428 0.000000 0.000000 1.000000 0.000000
0.840281 0.542151 0.000000 72.559685 -0.542151 0.840281 0.000000 -32.879554 0.000000 0.000000 1.000000 0.000000
0.840327 0.542081 0.000000 72.560078 -0.542081 0.840327 0.000000 -32.879593 0.000000 0.000000 1.000000 0.000000
0.840594 0.541666 0.000000 72.557050 -0.541666 0.840594 0.000000 -32.880930 0.000000 0.000000 1.000000 0.000000
0.840578 0.541691 0.000000 72.555541 -0.541691 0.840578 0.000000 -32.880659 0.000000 0.000000 1.000000 0.000000
0.840708 0.541488 0.000000 72.552847 -0.541488 0.840708 0.000000 -32.881214 0.000000 0.000000 1.000000 0.000000
0.840767 0.541397 0.000000 72.552152 -0.541397 0.840767 0.000000 -32.880307 0.000000 0.000000 1.000000 0.000000
0.840748 0.541426 0.000000 72.551860 -0.541426 0.840748 0.000000 -32.878858 0.000000 0.000000 1.000000 0.000000
0.841103 0.540875 0.000000 72.551885 -0.540875 0.841103 0.000000 -32.877841 0.000000 0.000000 1.000000 0.000000
0.841319 0.540539 0.000000 72.552645 -0.540539 0.841319 0.000000 -32.876324 0.000000 0.000000 1.000000 0.000000
0.841896 0.539640 0.000000 72.552679 -0.539640 0.841896 0.000000 -32.877049 0.000000 0.000000 1.000000 0.000000
0.842445 0.538782 0.000000 72.552415 -0.538782 0.842445 0.000000 -32.877268 0.000000 0.000000 1.000000 0.000000
0.842443 0.538786 0.000000 72.552645 -0.538786 0.842443 0.000000 -32.875600 0.000000 0.000000 1.000000 0.000000
0.842127 0.539279 0.000000 72.554759 -0.539279 0.842127 0.000000 -32.872860 0.000000 0.000000 1.000000 0.000000
0.840891 0.541204 0.000000 72.561633 -0.541204 0.840891 0.000000 -32.870755 0.000000 0.000000 1.000000 0.000000
0.840063 0.542489 0.000000 72.571293 -0.542489 0.840063 0.000000 -32.874111 0.000000 0.000000 1.000000 0.000000
0.839175 0.543862 0.000000 72.578354 -0.543862 0.839175 0.000000 -32.876817 0.000000 0.000000 1.000000 0.000000
0.838253 0.545282 0.000000 72.580613 -0.545282 0.838253 0.000000 -32.876059 0.000000 0.000000 1.000000 0.000000
0.837253 0.546816 0.000000 72.585231 -0.546816 0.837253 0.000000 -32.877110 0.000000 0.000000 1.000000 0.000000
0.836046 0.548659 0.000000 72.591805 -0.548659 0.836046 0.000000 -32.879863 0.000000 0.000000 1.000000 0.000000
0.835148 0.550025 0.000000 72.599850 -0.550025 0.835148 0.000000 -32.882149 0.000000 0.000000 1.000000 0.000000
0.834918 0.550374 0.000000 72.606170 -0.550374 0.834918 0.000000 -32.889216 0.000000 0.000000 1.000000 0.000000
0.835127 0.550057 0.000000 72.611951 -0.550057 0.835127 0.000000 -32.902430 0.000000 0.000000 1.000000 0.000000
0.835564 0.549393 0.000000 72.619260 -0.549393 0.835564 0.000000 -32.914502 0.000000 0.000000 1.000000 0.000000
0.836432 0.548071 0.000000 72.623644 -0.548071 0.836432 0.000000 -32.927888 0.000000 0.000000 1.000000 0.000000
0.837459 0.546500 0.000000 72.632336 -0.546500 0.837459 0.000000 -32.940445 0.000000 0.000000 1.000000 0.000000
0.838080 0.545547 0.000000 72.639783 -0.545547 0.838080 0.000000 -32.960433 0.000000 0.000000 1.000000 0.000000
0.838251 0.545285 0.000000 72.648494 -0.545285 0.838251 0.000000 -32.978769 0.000000 0.000000 1.000000 0.000000
0.838214 0.545341 0.000000 72.659743 -0.545341 0.838214 0.000000 -32.992823 0.000000 0.000000 1.000000 0.000000
0.837936 0.545769 0.000000 72.671893 -0.545769 0.837936 0.000000 -33.001674 0.000000 0.000000 1.000000 0.000000
0.837762 0.546035 0.000000 72.687076 -0.546035 0.837762 0.000000 -33.017884 0.000000 0.000000 1.000000 0.000000
0.837481 0.546466 0.000000 72.715926 -0.546466 0.837481 0.000000 -33.040535 0.000000 0.000000 1.000000 0.000000
0.838301 0.545208 0.000000 72.728392 -0.545208 0.838301 0.000000 -33.050586 0.000000 0.000000 1.000000 0.000000
0.838442 0.544990 0.000000 72.740795 -0.544990 0.838442 0.000000 -33.059570 0.000000 0.000000 1.000000 0.000000
0.839151 0.543899 0.000000 72.753581 -0.543899 0.839151 0.000000 -33.070822 0.000000 0.000000 1.000000 0.000000
0.839948 0.542666 0.000000 72.766038 -0.542666 0.839948 0.000000 -33.080578 0.000000 0.000000 1.000000 0.000000
0.841577 0.540137 0.000000 72.773353 -0.540137 0.841577 0.000000 -33.096711 0.000000 0.000000 1.000000 0.000000
0.842464 0.538753 0.000000 72.783198 -0.538753 0.842464 0.000000 -33.114871 0.000000 0.000000 1.000000 0.000000
0.842988 0.537933 0.000000 72.792846 -0.537933 0.842988 0.000000 -33.124738 0.000000 0.000000 1.000000 0.000000
0.843264 0.537499 0.000000 72.800843 -0.537499 0.843264 0.000000 -33.134843 0.000000 0.000000 1.000000 0.000000
0.842873 0.538113 0.000000 72.804262 -0.538113 0.842873 0.000000 -33.139232 0.000000 0.000000 1.000000 0.000000
0.842579 0.538573 0.000000 72.808756 -0.538573 0.842579 0.000000 -33.140909 0.000000 0.000000 1.000000 0.000000
0.842046 0.539406 0.000000 72.811207 -0.539406 0.842046 0.000000 -33.144053 0.000000 0.000000 1.000000 0.000000
0.842074 0.539362 0.000000 72.814062 -0.539362 0.842074 0.000000 -33.147452 0.000000 0.000000 1.000000 0.000000
0.841933 0.539582 0.000000 72.814730 -0.539582 0.841933 0.000000 -33.151148 0.000000 0.000000 1.000000 0.000000
0.842015 0.539455 0.000000 72.816618 -0.539455 0.842015 0.000000 -33.153944 0.000000 0.000000 1.000000 0.000000
0.842666 0.538437 0.000000 72.817692 -0.538437 0.842666 0.000000 -33.154535 0.000000 0.000000 1.000000 0.000000
0.843076 0.537794 0.000000 72.816732 -0.537794 0.843076 0.000000 -33.156864 0.000000 0.000000 1.000000 0.000000
0.843247 0.537527 0.000000 72.815181 -0.537527 0.843247 0.000000 -33.156416 0.000000 0.000000 1.000000 0.000000
0.843223 0.537564 0.000000 72.815304 -0.537564 0.843223 0.000000 -33.157879 0.000000 0.000000 1.000000 0.000000
0.843648 0.536897 0.000000 72.816256 -0.536897 0.843648 0.000000 -33.161348 0.000000 0.000000 1.000000 0.000000
0.843875 0.536540 0.000000 72.815681 -0.536540 0.843875 0.000000 -33.165641 0.000000 0.000000 1.000000 0.000000
0.844996 0.534773 0.000000 72.812445 -0.534773 0.844996 0.000000 -33.172993 0.000000 0.000000 1.000000 0.000000
0.845205 0.534442 0.000000 72.812881 -0.534442 0.845205 0.000000 -33.175612 0.000000 0.000000 1.000000 0.000000
0.845628 0.533773 0.000000 72.812543 -0.533773 0.845628 0.000000 -33.178184 0.000000 0.000000 1.000000 0.000000
0.846358 0.532615 0.000000 72.812055 -0.532615 0.846358 0.000000 -33.182970 0.000000 0.000000 1.000000 0.000000
0.846511 0.532372 0.000000 72.812858 -0.532372 0.846511 0.000000 -33.184264 0.000000 0.000000 1.000000 0.000000
0.846825 0.531872 0.000000 72.814444 -0.531872 0.846825 0.000000 -33.187035 0.000000 0.000000 1.000000 0.000000
0.846966 0.531646 0.000000 72.816032 -0.531646 0.846966 0.000000 -33.189134 0.000000 0.000000 1.000000 0.000000
0.846947 0.531677 0.000000 72.818387 -0.531677 0.846947 0.000000 -33.188811 0.000000 0.000000 1.000000 0.000000
0.847269 0.531163 0.000000 72.820694 -0.531163 0.847269 0.000000 -33.187458 0.000000 0.000000 1.000000 0.000000
0.847174 0.531315 0.000000 72.824121 -0.531315 0.847174 0.000000 -33.185152 0.000000 0.000000 1.000000 0.000000
0.847952 0.530072 0.000000 72.824403 -0.530072 0.847952 0.000000 -33.187331 0.000000 0.000000 1.000000 0.000000
0.848160 0.529741 0.000000 72.823299 -0.529741 0.848160 0.000000 -33.186668 0.000000 0.000000 1.000000 0.000000
0.848457 0.529265 0.000000 72.825132 -0.529265 0.848457 0.000000 -33.185694 0.000000 0.000000 1.000000 0.000000
0.848871 0.528600 0.000000 72.826700 -0.528600 0.848871 0.000000 -33.185955 0.000000 0.000000 1.000000 0.000000
0.849038 0.528332 0.000000 72.829610 -0.528332 0.849038 0.000000 -33.188046 0.000000 0.000000 1.000000 0.000000
0.849026 0.528352 0.000000 72.833581 -0.528352 0.849026 0.000000 -33.187910 0.000000 0.000000 1.000000 0.000000
0.847815 0.530293 0.000000 72.841572 -0.530293 0.847815 0.000000 -33.183545 0.000000 0.000000 1.000000 0.000000
0.846226 0.532825 0.000000 72.850667 -0.532825 0.846226 0.000000 -33.179018 0.000000 0.000000 1.000000 0.000000
0.845289 0.534310 0.000000 72.860161 -0.534310 0.845289 0.000000 -33.179104 0.000000 0.000000 1.000000 0.000000
0.845208 0.534438 0.000000 72.871241 -0.534438 0.845208 0.000000 -33.187768 0.000000 0.000000 1.000000 0.000000
0.845324 0.534253 0.000000 72.882685 -0.534253 0.845324 0.000000 -33.195844 0.000000 0.000000 1.000000 0.000000
0.845749 0.533581 0.000000 72.895384 -0.533581 0.845749 0.000000 -33.206749 0.000000 0.000000 1.000000 0.000000
