1.000000 0.000819 0.000000 0.588686 -0.000819 1.000000 0.000000 -0.006101 0.000000 0.000000 1.000000 0.000000
0.999999 0.001471 0.000000 1.173678 -0.001471 0.999999 0.000000 -0.008885 0.000000 0.000000 1.000000 0.000000
0.999998 0.002123 0.000000 1.721109 -0.002123 0.999998 0.000000 -0.015525 0.000000 0.000000 1.000000 0.000000
0.999996 0.002942 0.000000 2.307872 -0.002942 0.999996 0.000000 -0.031824 0.000000 0.000000 1.000000 0.000000
0.999992 0.003876 0.000000 2.854733 -0.003876 0.999992 0.000000 -0.035883 0.000000 0.000000 1.000000 0.000000
0.999992 0.003884 0.000000 3.434199 -0.003884 0.999992 0.000000 -0.033209 0.000000 0.000000 1.000000 0.000000
0.999986 0.005382 0.000000 3.995155 -0.005382 0.999986 0.000000 -0.033180 0.000000 0.000000 1.000000 0.000000
0.999987 0.005012 0.000000 4.569759 -0.005012 0.999987 0.000000 -0.041733 0.000000 0.000000 1.000000 0.000000
0.999979 0.006434 0.000000 5.151027 -0.006434 0.999979 0.000000 -0.041489 0.000000 0.000000 1.000000 0.000000
0.999963 0.008574 0.000000 5.903863 -0.008574 0.999963 0.000000 -0.053053 0.000000 0.000000 1.000000 0.000000
0.999951 0.009924 0.000000 6.518617 -0.009924 0.999951 0.000000 -0.063965 0.000000 0.000000 1.000000 0.000000
0.999943 0.010641 0.000000 7.059136 -0.010641 0.999943 0.000000 -0.075521 0.000000 0.000000 1.000000 0.000000
0.999917 0.012881 0.000000 7.674027 -0.012881 0.999917 0.000000 -0.081541 0.000000 0.000000 1.000000 0.000000
0.999894 0.014533 0.000000 8.251097 -0.014533 0.999894 0.000000 -0.080853 0.000000 0.000000 1.000000 0.000000
0.999883 0.015315 0.000000 8.827746 -0.015315 0.999883 0.000000 -0.091179 0.000000 0.000000 1.000000 0.000000
0.999822 0.018873 0.000000 9.406434 -0.018873 0.999822 0.000000 -0.092167 0.000000 0.000000 1.000000 0.000000
0.999793 0.020346 0.000000 9.978651 -0.020346 0.999793 0.000000 -0.105397 0.000000 0.000000 1.000000 0.000000
0.999735 0.023033 0.000000 10.552902 -0.023033 0.999735 0.000000 -0.114346 0.000000 0.000000 1.000000 0.000000
0.999711 0.024022 0.000000 11.129521 -0.024022 0.999711 0.000000 -0.125627 0.000000 0.000000 1.000000 0.000000
0.999649 0.026510 0.000000 11.705288 -0.026510 0.999649 0.000000 -0.145173 0.000000 0.000000 1.000000 0.000000
0.999577 0.029070 0.000000 12.278109 -0.029070 0.999577 0.000000 -0.160726 0.000000 0.000000 1.000000 0.000000
0.999566 0.029462 0.000000 12.825855 -0.029462 0.999566 0.000000 -0.181132 0.000000 0.000000 1.000000 0.000000
0.999430 0.033756 0.000000 13.395866 -0.033756 0.999430 0.000000 -0.197968 0.000000 0.000000 1.000000 0.000000
0.999385 0.035059 0.000000 14.495761 -0.035059 0.999385 0.000000 -0.239144 0.000000 0.000000 1.000000 0.000000
0.999421 0.034034 0.000000 15.430166 -0.034034 0.999421 0.000000 -0.285847 0.000000 0.000000 1.000000 0.000000
0.999483 0.032166 0.000000 15.995390 -0.032166 0.999483 0.000000 -0.313547 0.000000 0.000000 1.000000 0.000000
0.999443 0.033370 0.000000 16.556177 -0.033370 0.999443 0.000000 -0.341786 0.000000 0.000000 1.000000 0.000000
0.999395 0.034775 0.000000 17.122736 -0.034775 0.999395 0.000000 -0.376417 0.000000 0.000000 1.000000 0.000000
0.999546 0.030120 0.000000 17.687964 -0.030120 0.999546 0.000000 -0.404483 0.000000 0.000000 1.000000 0.000000
0.999601 0.028242 0.000000 18.288534 -0.028242 0.999601 0.000000 -0.415795 0.000000 0.000000 1.000000 0.000000
0.999298 0.037473 0.000000 18.847687 -0.037473 0.999298 0.000000 -0.439517 0.000000 0.000000 1.000000 0.000000
0.998760 0.049790 0.000000 19.971166 -0.049790 0.998760 0.000000 -0.517275 0.000000 0.000000 1.000000 0.000000
0.998868 0.047577 0.000000 20.531153 -0.047577 0.998868 0.000000 -0.561110 0.000000 0.000000 1.000000 0.000000
0.998790 0.049180 0.000000 21.092224 -0.049180 0.998790 0.000000 -0.609370 0.000000 0.000000 1.000000 0.000000
0.998825 0.048472 0.000000 21.617506 -0.048472 0.998825 0.000000 -0.654420 0.000000 0.000000 1.000000 0.000000
0.998910 0.046681 0.000000 22.172954 -0.046681 0.998910 0.000000 -0.693586 0.000000 0.000000 1.000000 0.000000
0.998620 0.052519 0.000000 23.071190 -0.052519 0.998620 0.000000 -0.756495 0.000000 0.000000 1.000000 0.000000
0.998604 0.052821 0.000000 23.669428 -0.052821 0.998604 0.000000 -0.796508 0.000000 0.000000 1.000000 0.000000
0.998547 0.053881 0.000000 24.224941 -0.053881 0.998547 0.000000 -0.833792 0.000000 0.000000 1.000000 0.000000
0.998574 0.053394 0.000000 24.780158 -0.053394 0.998574 0.000000 -0.870624 0.000000 0.000000 1.000000 0.000000
0.998496 0.054817 0.000000 25.341625 -0.054817 0.998496 0.000000 -0.911655 0.000000 0.000000 1.000000 0.000000
0.998492 0.054903 0.000000 25.899582 -0.054903 0.998492 0.000000 -0.955274 0.000000 0.000000 1.000000 0.000000
0.998354 0.057353 0.000000 26.456507 -0.057353 0.998354 0.000000 -1.000631 0.000000 0.000000 1.000000 0.000000
0.998486 0.055006 0.000000 27.024406 -0.055006 0.998486 0.000000 -1.042636 0.000000 0.000000 1.000000 0.000000
0.998365 0.057163 0.000000 27.581211 -0.057163 0.998365 0.000000 -1.074597 0.000000 0.000000 1.000000 0.000000
0.998300 0.058291 0.000000 28.103973 -0.058291 0.998300 0.000000 -1.111752 0.000000 0.000000 1.000000 0.000000
0.998125 0.061201 0.000000 29.046614 -0.061201 0.998125 0.000000 -1.156822 0.000000 0.000000 1.000000 0.000000
0.997842 0.065664 0.000000 29.601989 -0.065664 0.997842 0.000000 -1.192350 0.000000 0.000000 1.000000 0.000000
0.997722 0.067459 0.000000 30.159385 -0.067459 0.997722 0.000000 -1.216955 0.000000 0.000000 1.000000 0.000000
0.997655 0.068440 0.000000 30.720230 -0.068440 0.997655 0.000000 -1.252248 0.000000 0.000000 1.000000 0.000000
0.997464 0.071176 0.000000 31.280066 -0.071176 0.997464 0.000000 -1.292674 0.000000 0.000000 1.000000 0.000000
0.997390 0.072201 0.000000 31.839467 -0.072201 0.997390 0.000000 -1.341751 0.000000 0.000000 1.000000 0.000000
0.997291 0.073563 0.000000 32.432303 -0.073563 0.997291 0.000000 -1.383898 0.000000 0.000000 1.000000 0.000000
0.997265 0.073913 0.000000 32.958775 -0.073913 0.997265 0.000000 -1.422732 0.000000 0.000000 1.000000 0.000000
0.997295 0.073497 0.000000 33.515875 -0.073497 0.997295 0.000000 -1.468569 0.000000 0.000000 1.000000 0.000000
0.997351 0.072735 0.000000 34.073619 -0.072735 0.997351 0.000000 -1.514096 0.000000 0.000000 1.000000 0.000000
0.997085 0.076302 0.000000 34.628165 -0.076302 0.997085 0.000000 -1.562197 0.000000 0.000000 1.000000 0.000000
0.996957 0.077950 0.000000 35.145155 -0.077950 0.996957 0.000000 -1.614218 0.000000 0.000000 1.000000 0.000000
0.996856 0.079230 0.000000 35.698920 -0.079230 0.996856 0.000000 -1.673929 0.000000 0.000000 1.000000 0.000000
0.996943 0.078136 0.000000 36.218779 -0.078136 0.996943 0.000000 -1.717907 0.000000 0.000000 1.000000 0.000000
0.997062 0.076600 0.000000 37.182795 -0.076600 0.997062 0.000000 -1.803348 0.000000 0.000000 1.000000 0.000000
0.997027 0.077056 0.000000 37.730067 -0.077056 0.997027 0.000000 -1.861460 0.000000 0.000000 1.000000 0.000000
0.996857 0.079221 0.000000 38.280704 -0.079221 0.996857 0.000000 -1.919953 0.000000 0.000000 1.000000 0.000000
0.997019 0.077159 0.000000 39.378907 -0.077159 0.997019 0.000000 -1.994540 0.000000 0.000000 1.000000 0.000000
0.996542 0.083094 0.000000 39.956750 -0.083094 0.996542 0.000000 -2.053221 0.000000 0.000000 1.000000 0.000000
0.996507 0.083511 0.000000 40.453349 -0.083511 0.996507 0.000000 -2.100656 0.000000 0.000000 1.000000 0.000000
0.996550 0.082995 0.000000 41.483771 -0.082995 0.996550 0.000000 -2.196028 0.000000 0.000000 1.000000 0.000000
0.996512 0.083455 0.000000 42.013725 -0.083455 0.996512 0.000000 -2.238440 0.000000 0.000000 1.000000 0.000000
0.996594 0.082465 0.000000 42.532931 -0.082465 0.996594 0.000000 -2.278898 0.000000 0.000000 1.000000 0.000000
0.996620 0.082150 0.000000 43.032534 -0.082150 0.996620 0.000000 -2.315250 0.000000 0.000000 1.000000 0.000000
0.996455 0.084130 0.000000 43.936360 -0.084130 0.996455 0.000000 -2.401119 0.000000 0.000000 1.000000 0.000000
0.996560 0.082880 0.000000 44.445665 -0.082880 0.996560 0.000000 -2.451694 0.000000 0.000000 1.000000 0.000000
0.996163 0.087519 0.000000 44.948997 -0.087519 0.996163 0.000000 -2.497150 0.000000 0.000000 1.000000 0.000000
0.995637 0.093314 0.000000 45.442595 -0.093314 0.995637 0.000000 -2.556188 0.000000 0.000000 1.000000 0.000000
0.995590 0.093812 0.000000 45.933430 -0.093812 0.995590 0.000000 -2.603287 0.000000 0.000000 1.000000 0.000000
0.995436 0.095430 0.000000 46.409464 -0.095430 0.995436 0.000000 -2.650700 0.000000 0.000000 1.000000 0.000000
0.995136 0.098510 0.000000 46.885166 -0.098510 0.995136 0.000000 -2.698933 0.000000 0.000000 1.000000 0.000000
0.994672 0.103091 0.000000 47.600371 -0.103091 0.994672 0.000000 -2.774880 0.000000 0.000000 1.000000 0.000000
0.994691 0.102910 0.000000 48.030844 -0.102910 0.994691 0.000000 -2.830243 0.000000 0.000000 1.000000 0.000000
0.994730 0.102525 0.000000 48.483845 -0.102525 0.994730 0.000000 -2.878816 0.000000 0.000000 1.000000 0.000000
0.994821 0.101643 0.000000 48.929441 -0.101643 0.994821 0.000000 -2.930689 0.000000 0.000000 1.000000 0.000000
0.994742 0.102410 0.000000 49.351546 -0.102410 0.994742 0.000000 -2.981850 0.000000 0.000000 1.000000 0.000000
0.995055 0.099330 0.000000 49.782747 -0.099330 0.995055 0.000000 -3.035317 0.000000 0.000000 1.000000 0.000000
0.995268 0.097169 0.000000 50.518316 -0.097169 0.995268 0.000000 -3.124141 0.000000 0.000000 1.000000 0.000000
0.995115 0.098718 0.000000 50.901054 -0.098718 0.995115 0.000000 -3.167253 0.000000 0.000000 1.000000 0.000000
0.995028 0.099599 0.000000 51.333960 -0.099599 0.995028 0.000000 -3.209777 0.000000 0.000000 1.000000 0.000000
0.994976 0.100114 0.000000 51.734421 -0.100114 0.994976 0.000000 -3.256905 0.000000 0.000000 1.000000 0.000000
0.994881 0.101052 0.000000 52.125471 -0.101052 0.994881 0.000000 -3.300018 0.000000 0.000000 1.000000 0.000000
0.994772 0.102119 0.000000 52.509136 -0.102119 0.994772 0.000000 -3.344346 0.000000 0.000000 1.000000 0.000000
0.994620 0.103593 0.000000 52.894661 -0.103593 0.994620 0.000000 -3.397223 0.000000 0.000000 1.000000 0.000000
0.994756 0.102280 0.000000 53.262689 -0.102280 0.994756 0.000000 -3.447315 0.000000 0.000000 1.000000 0.000000
0.994573 0.104038 0.000000 53.626993 -0.104038 0.994573 0.000000 -3.480385 0.000000 0.000000 1.000000 0.000000
0.994332 0.106317 0.000000 53.991038 -0.106317 0.994332 0.000000 -3.519303 0.000000 0.000000 1.000000 0.000000
0.993763 0.111513 0.000000 54.669706 -0.111513 0.993763 0.000000 -3.607621 0.000000 0.000000 1.000000 0.000000
0.993863 0.110619 0.000000 55.013047 -0.110619 0.993863 0.000000 -3.650230 0.000000 0.000000 1.000000 0.000000
0.993832 0.110896 0.000000 55.322976 -0.110896 0.993832 0.000000 -3.694147 0.000000 0.000000 1.000000 0.000000
0.993875 0.110506 0.000000 55.654539 -0.110506 0.993875 0.000000 -3.738825 0.000000 0.000000 1.000000 0.000000
0.993680 0.112249 0.000000 55.985532 -0.112249 0.993680 0.000000 -3.782421 0.000000 0.000000 1.000000 0.000000
0.993469 0.114099 0.000000 56.288779 -0.114099 0.993469 0.000000 -3.810426 0.000000 0.000000 1.000000 0.000000
0.992621 0.121259 0.000000 56.619245 -0.121259 0.992621 0.000000 -3.838459 0.000000 0.000000 1.000000 0.000000
0.992417 0.122918 0.000000 56.939149 -0.122918 0.992417 0.000000 -3.882433 0.000000 0.000000 1.000000 0.000000
0.992642 0.121083 0.000000 57.459634 -0.121083 0.992642 0.000000 -3.960473 0.000000 0.000000 1.000000 0.000000
0.992684 0.120742 0.000000 57.765746 -0.120742 0.992684 0.000000 -4.008410 0.000000 0.000000 1.000000 0.000000
0.992474 0.122459 0.000000 58.070315 -0.122459 0.992474 0.000000 -4.051664 0.000000 0.000000 1.000000 0.000000
0.992133 0.125191 0.000000 58.385125 -0.125191 0.992133 0.000000 -4.093579 0.000000 0.000000 1.000000 0.000000
0.992115 0.125334 0.000000 58.677204 -0.125334 0.992115 0.000000 -4.139579 0.000000 0.000000 1.000000 0.000000
0.991872 0.127240 0.000000 58.947104 -0.127240 0.991872 0.000000 -4.184430 0.000000 0.000000 1.000000 0.000000
0.991838 0.127507 0.000000 59.246305 -0.127507 0.991838 0.000000 -4.226513 0.000000 0.000000 1.000000 0.000000
0.991594 0.129391 0.000000 59.527296 -0.129391 0.991594 0.000000 -4.262812 0.000000 0.000000 1.000000 0.000000
0.991515 0.129994 0.000000 59.796255 -0.129994 0.991515 0.000000 -4.304610 0.000000 0.000000 1.000000 0.000000
0.991085 0.133233 0.000000 60.258212 -0.133233 0.991085 0.000000 -4.373538 0.000000 0.000000 1.000000 0.000000
0.991108 0.133059 0.000000 60.502341 -0.133059 0.991108 0.000000 -4.408675 0.000000 0.000000 1.000000 0.000000
0.990910 0.134526 0.000000 60.781753 -0.134526 0.990910 0.000000 -4.448570 0.000000 0.000000 1.000000 0.000000
0.990907 0.134548 0.000000 61.048622 -0.134548 0.990907 0.000000 -4.490562 0.000000 0.000000 1.000000 0.000000
0.990798 0.135349 0.000000 61.312579 -0.135349 0.990798 0.000000 -4.532197 0.000000 0.000000 1.000000 0.000000
0.990702 0.136053 0.000000 61.576336 -0.136053 0.990702 0.000000 -4.570167 0.000000 0.000000 1.000000 0.000000
0.990576 0.136962 0.000000 61.833659 -0.136962 0.990576 0.000000 -4.606942 0.000000 0.000000 1.000000 0.000000
0.990588 0.136880 0.000000 62.096901 -0.136880 0.990588 0.000000 -4.646252 0.000000 0.000000 1.000000 0.000000
0.990178 0.139814 0.000000 62.342287 -0.139814 0.990178 0.000000 -4.679729 0.000000 0.000000 1.000000 0.000000
0.990050 0.140719 0.000000 62.611277 -0.140719 0.990050 0.000000 -4.713076 0.000000 0.000000 1.000000 0.000000
0.989880 0.141907 0.000000 62.857724 -0.141907 0.989880 0.000000 -4.749742 0.000000 0.000000 1.000000 0.000000
0.989805 0.142432 0.000000 63.114407 -0.142432 0.989805 0.000000 -4.792772 0.000000 0.000000 1.000000 0.000000
0.989434 0.144985 0.000000 63.552779 -0.144985 0.989434 0.000000 -4.863603 0.000000 0.000000 1.000000 0.000000
0.989300 0.145899 0.000000 63.823474 -0.145899 0.989300 0.000000 -4.905549 0.000000 0.000000 1.000000 0.000000
0.989278 0.146043 0.000000 64.100158 -0.146043 0.989278 0.000000 -4.946308 0.000000 0.000000 1.000000 0.000000
0.989061 0.147505 0.000000 64.369651 -0.147505 0.989061 0.000000 -4.995878 0.000000 0.000000 1.000000 0.000000
0.988941 0.148307 0.000000 64.644397 -0.148307 0.988941 0.000000 -5.043591 0.000000 0.000000 1.000000 0.000000
0.988788 0.149327 0.000000 64.936858 -0.149327 0.988788 0.000000 -5.099803 0.000000 0.000000 1.000000 0.000000
0.988680 0.150040 0.000000 65.194952 -0.150040 0.988680 0.000000 -5.145042 0.000000 0.000000 1.000000 0.000000
0.988701 0.149900 0.000000 65.487267 -0.149900 0.988701 0.000000 -5.199342 0.000000 0.000000 1.000000 0.000000
0.988290 0.152590 0.000000 65.767702 -0.152590 0.988290 0.000000 -5.240866 0.000000 0.000000 1.000000 0.000000
0.988161 0.153422 0.000000 66.028105 -0.153422 0.988161 0.000000 -5.283069 0.000000 0.000000 1.000000 0.000000
0.988075 0.153974 0.000000 66.313222 -0.153974 0.988075 0.000000 -5.327179 0.000000 0.000000 1.000000 0.000000
0.987633 0.156781 0.000000 66.579584 -0.156781 0.987633 0.000000 -5.371694 0.000000 0.000000 1.000000 0.000000
0.987439 0.158001 0.000000 67.361030 -0.158001 0.987439 0.000000 -5.503826 0.000000 0.000000 1.000000 0.000000
0.986851 0.161632 0.000000 67.649388 -0.161632 0.986851 0.000000 -5.545739 0.000000 0.000000 1.000000 0.000000
0.986394 0.164401 0.000000 67.942447 -0.164401 0.986394 0.000000 -5.594337 0.000000 0.000000 1.000000 0.000000
0.986173 0.165716 0.000000 68.235706 -0.165716 0.986173 0.000000 -5.645515 0.000000 0.000000 1.000000 0.000000
0.986473 0.163924 0.000000 68.529827 -0.163924 0.986473 0.000000 -5.698839 0.000000 0.000000 1.000000 0.000000
0.986019 0.166634 0.000000 69.110593 -0.166634 0.986019 0.000000 -5.801843 0.000000 0.000000 1.000000 0.000000
0.985678 0.168636 0.000000 69.405834 -0.168636 0.985678 0.000000 -5.856022 0.000000 0.000000 1.000000 0.000000
0.985673 0.168668 0.000000 69.696364 -0.168668 0.985673 0.000000 -5.914361 0.000000 0.000000 1.000000 0.000000
0.985439 0.170031 0.000000 70.161007 -0.170031 0.985439 0.000000 -6.002908 0.000000 0.000000 1.000000 0.000000
0.984759 0.173924 0.000000 70.479995 -0.173924 0.984759 0.000000 -6.055174 0.000000 0.000000 1.000000 0.000000
0.983100 0.183071 0.000000 71.008689 -0.183071 0.983100 0.000000 -6.153519 0.000000 0.000000 1.000000 0.000000
0.982965 0.183791 0.000000 71.338958 -0.183791 0.982965 0.000000 -6.221093 0.000000 0.000000 1.000000 0.000000
0.982860 0.184351 0.000000 71.674228 -0.184351 0.982860 0.000000 -6.276585 0.000000 0.000000 1.000000 0.000000
0.981727 0.190294 0.000000 71.994536 -0.190294 0.981727 0.000000 -6.330996 0.000000 0.000000 1.000000 0.000000
0.981758 0.190137 0.000000 72.345112 -0.190137 0.981758 0.000000 -6.402291 0.000000 0.000000 1.000000 0.000000
0.981297 0.192502 0.000000 72.910472 -0.192502 0.981297 0.000000 -6.514857 0.000000 0.000000 1.000000 0.000000
0.981897 0.189415 0.000000 73.253656 -0.189415 0.981897 0.000000 -6.577875 0.000000 0.000000 1.000000 0.000000
0.981851 0.189652 0.000000 73.631640 -0.189652 0.981851 0.000000 -6.658316 0.000000 0.000000 1.000000 0.000000
0.981757 0.190139 0.000000 73.987180 -0.190139 0.981757 0.000000 -6.729286 0.000000 0.000000 1.000000 0.000000
0.981742 0.190215 0.000000 74.636397 -0.190215 0.981742 0.000000 -6.869080 0.000000 0.000000 1.000000 0.000000
0.981737 0.190243 0.000000 75.296792 -0.190243 0.981737 0.000000 -6.990714 0.000000 0.000000 1.000000 0.000000
0.982249 0.187580 0.000000 75.680155 -0.187580 0.982249 0.000000 -7.081236 0.000000 0.000000 1.000000 0.000000
0.982556 0.185964 0.000000 76.105625 -0.185964 0.982556 0.000000 -7.155395 0.000000 0.000000 1.000000 0.000000
0.982085 0.188441 0.000000 76.507527 -0.188441 0.982085 0.000000 -7.235225 0.000000 0.000000 1.000000 0.000000
0.981916 0.189319 0.000000 76.935287 -0.189319 0.981916 0.000000 -7.332079 0.000000 0.000000 1.000000 0.000000
0.981590 0.190998 0.000000 77.341251 -0.190998 0.981590 0.000000 -7.417835 0.000000 0.000000 1.000000 0.000000
0.981864 0.189588 0.000000 77.787079 -0.189588 0.981864 0.000000 -7.503932 0.000000 0.000000 1.000000 0.000000
0.982938 0.183938 0.000000 78.468321 -0.183938 0.982938 0.000000 -7.639759 0.000000 0.000000 1.000000 0.000000
0.982826 0.184534 0.000000 79.271812 -0.184534 0.982826 0.000000 -7.797715 0.000000 0.000000 1.000000 0.000000
0.983020 0.183501 0.000000 79.740567 -0.183501 0.983020 0.000000 -7.890698 0.000000 0.000000 1.000000 0.000000
0.982456 0.186496 0.000000 80.217894 -0.186496 0.982456 0.000000 -7.994641 0.000000 0.000000 1.000000 0.000000
0.981788 0.189981 0.000000 80.681807 -0.189981 0.981788 0.000000 -8.094038 0.000000 0.000000 1.000000 0.000000
0.980676 0.195641 0.000000 81.186494 -0.195641 0.980676 0.000000 -8.196390 0.000000 0.000000 1.000000 0.000000
0.980713 0.195453 0.000000 81.634442 -0.195453 0.980713 0.000000 -8.287848 0.000000 0.000000 1.000000 0.000000
0.979443 0.201720 0.000000 82.137250 -0.201720 0.979443 0.000000 -8.389127 0.000000 0.000000 1.000000 0.000000
0.978748 0.205068 0.000000 82.646747 -0.205068 0.978748 0.000000 -8.498618 0.000000 0.000000 1.000000 0.000000
0.978068 0.208288 0.000000 83.162961 -0.208288 0.978068 0.000000 -8.619030 0.000000 0.000000 1.000000 0.000000
0.977579 0.210567 0.000000 83.650987 -0.210567 0.977579 0.000000 -8.723606 0.000000 0.000000 1.000000 0.000000
0.977177 0.212425 0.000000 84.177008 -0.212425 0.977177 0.000000 -8.842490 0.000000 0.000000 1.000000 0.000000
0.976057 0.217515 0.000000 85.120724 -0.217515 0.976057 0.000000 -9.068716 0.000000 0.000000 1.000000 0.000000
0.976092 0.217358 0.000000 85.663292 -0.217358 0.976092 0.000000 -9.198512 0.000000 0.000000 1.000000 0.000000
0.975985 0.217838 0.000000 86.207155 -0.217838 0.975985 0.000000 -9.326747 0.000000 0.000000 1.000000 0.000000
0.974908 0.222608 0.000000 86.754797 -0.222608 0.974908 0.000000 -9.450358 0.000000 0.000000 1.000000 0.000000
0.973990 0.226591 0.000000 87.303556 -0.226591 0.973990 0.000000 -9.583581 0.000000 0.000000 1.000000 0.000000
0.974195 0.225706 0.000000 88.146252 -0.225706 0.974195 0.000000 -9.790732 0.000000 0.000000 1.000000 0.000000
0.973756 0.227594 0.000000 88.671901 -0.227594 0.973756 0.000000 -9.911573 0.000000 0.000000 1.000000 0.000000
0.971326 0.237752 0.000000 89.773762 -0.237752 0.971326 0.000000 -10.188997 0.000000 0.000000 1.000000 0.000000
0.970357 0.241675 0.000000 90.506868 -0.241675 0.970357 0.000000 -10.371896 0.000000 0.000000 1.000000 0.000000
0.969531 0.244970 0.000000 91.091398 -0.244970 0.969531 0.000000 -10.511418 0.000000 0.000000 1.000000 0.000000
0.968333 0.249662 0.000000 91.678258 -0.249662 0.968333 0.000000 -10.669214 0.000000 0.000000 1.000000 0.000000
0.967122 0.254314 0.000000 92.262519 -0.254314 0.967122 0.000000 -10.826813 0.000000 0.000000 1.000000 0.000000
0.966788 0.255581 0.000000 92.853685 -0.255581 0.966788 0.000000 -10.966944 0.000000 0.000000 1.000000 0.000000
0.966473 0.256768 0.000000 93.473973 -0.256768 0.966473 0.000000 -11.134254 0.000000 0.000000 1.000000 0.000000
0.965850 0.259103 0.000000 94.036313 -0.259103 0.965850 0.000000 -11.293601 0.000000 0.000000 1.000000 0.000000
0.964927 0.262519 0.000000 94.616359 -0.262519 0.964927 0.000000 -11.458600 0.000000 0.000000 1.000000 0.000000
0.964649 0.263538 0.000000 95.217358 -0.263538 0.964649 0.000000 -11.630515 0.000000 0.000000 1.000000 0.000000
0.965755 0.259456 0.000000 95.777430 -0.259456 0.965755 0.000000 -11.782072 0.000000 0.000000 1.000000 0.000000
0.966487 0.256715 0.000000 96.381083 -0.256715 0.966487 0.000000 -11.951192 0.000000 0.000000 1.000000 0.000000
0.966506 0.256643 0.000000 96.991096 -0.256643 0.966506 0.000000 -12.119104 0.000000 0.000000 1.000000 0.000000
0.966265 0.257548 0.000000 97.556113 -0.257548 0.966265 0.000000 -12.271522 0.000000 0.000000 1.000000 0.000000
0.966206 0.257771 0.000000 98.640818 -0.257771 0.966206 0.000000 -12.556291 0.000000 0.000000 1.000000 0.000000
0.965951 0.258727 0.000000 99.306471 -0.258727 0.965951 0.000000 -12.735224 0.000000 0.000000 1.000000 0.000000
0.965826 0.259192 0.000000 99.926038 -0.259192 0.965826 0.000000 -12.905894 0.000000 0.000000 1.000000 0.000000
0.965158 0.261669 0.000000 100.551383 -0.261669 0.965158 0.000000 -13.074663 0.000000 0.000000 1.000000 0.000000
0.964395 0.264465 0.000000 101.154864 -0.264465 0.964395 0.000000 -13.248191 0.000000 0.000000 1.000000 0.000000
0.964883 0.262680 0.000000 101.776391 -0.262680 0.964883 0.000000 -13.422105 0.000000 0.000000 1.000000 0.000000
0.964745 0.263187 0.000000 102.354120 -0.263187 0.964745 0.000000 -13.583937 0.000000 0.000000 1.000000 0.000000
0.964686 0.263401 0.000000 102.982125 -0.263401 0.964686 0.000000 -13.754687 0.000000 0.000000 1.000000 0.000000
0.964555 0.263883 0.000000 103.568402 -0.263883 0.964555 0.000000 -13.916118 0.000000 0.000000 1.000000 0.000000
0.963899 0.266270 0.000000 104.199732 -0.266270 0.963899 0.000000 -14.107522 0.000000 0.000000 1.000000 0.000000
0.963013 0.269455 0.000000 104.818172 -0.269455 0.963013 0.000000 -14.308114 0.000000 0.000000 1.000000 0.000000
0.962700 0.270569 0.000000 105.452681 -0.270569 0.962700 0.000000 -14.491928 0.000000 0.000000 1.000000 0.000000
0.962964 0.269630 0.000000 106.237133 -0.269630 0.962964 0.000000 -14.733650 0.000000 0.000000 1.000000 0.000000
0.962817 0.270156 0.000000 106.834452 -0.270156 0.962817 0.000000 -14.908346 0.000000 0.000000 1.000000 0.000000
0.961187 0.275898 0.000000 107.472802 -0.275898 0.961187 0.000000 -15.106235 0.000000 0.000000 1.000000 0.000000
0.962194 0.272364 0.000000 108.482128 -0.272364 0.962194 0.000000 -15.399319 0.000000 0.000000 1.000000 0.000000
0.962084 0.272753 0.000000 109.121183 -0.272753 0.962084 0.000000 -15.590782 0.000000 0.000000 1.000000 0.000000
0.961932 0.273289 0.000000 109.761585 -0.273289 0.961932 0.000000 -15.781638 0.000000 0.000000 1.000000 0.000000
0.961143 0.276053 0.000000 110.414301 -0.276053 0.961143 0.000000 -15.975228 0.000000 0.000000 1.000000 0.000000
0.960889 0.276933 0.000000 111.042992 -0.276933 0.960889 0.000000 -16.172705 0.000000 0.000000 1.000000 0.000000
0.960775 0.277327 0.000000 111.690332 -0.277327 0.960775 0.000000 -16.374002 0.000000 0.000000 1.000000 0.000000
0.961101 0.276198 0.000000 112.293195 -0.276198 0.961101 0.000000 -16.563837 0.000000 0.000000 1.000000 0.000000
0.961182 0.275915 0.000000 113.429701 -0.275915 0.961182 0.000000 -16.920082 0.000000 0.000000 1.000000 0.000000
0.961990 0.273084 0.000000 114.077662 -0.273084 0.961990 0.000000 -17.115742 0.000000 0.000000 1.000000 0.000000
0.962383 0.271697 0.000000 114.726523 -0.271697 0.962383 0.000000 -17.312932 0.000000 0.000000 1.000000 0.000000
0.962512 0.271239 0.000000 115.368592 -0.271239 0.962512 0.000000 -17.506873 0.000000 0.000000 1.000000 0.000000
0.962260 0.272133 0.000000 116.689116 -0.272133 0.962260 0.000000 -17.903386 0.000000 0.000000 1.000000 0.000000
0.962667 0.270687 0.000000 117.289845 -0.270687 0.962667 0.000000 -18.081304 0.000000 0.000000 1.000000 0.000000
0.962099 0.272701 0.000000 117.941401 -0.272701 0.962099 0.000000 -18.281245 0.000000 0.000000 1.000000 0.000000
0.962687 0.270617 0.000000 118.543401 -0.270617 0.962687 0.000000 -18.456025 0.000000 0.000000 1.000000 0.000000
0.962250 0.272167 0.000000 119.147965 -0.272167 0.962250 0.000000 -18.631528 0.000000 0.000000 1.000000 0.000000
0.962857 0.270013 0.000000 123.792618 -0.270013 0.962857 0.000000 -20.171992 0.000000 0.000000 1.000000 0.000000
0.964119 0.265471 0.000000 124.433021 -0.265471 0.964119 0.000000 -20.336926 0.000000 0.000000 1.000000 0.000000
0.963447 0.267900 0.000000 125.036989 -0.267900 0.963447 0.000000 -20.521754 0.000000 0.000000 1.000000 0.000000
0.964723 0.263268 0.000000 125.663682 -0.263268 0.964723 0.000000 -20.699716 0.000000 0.000000 1.000000 0.000000
0.964526 0.263989 0.000000 126.266456 -0.263989 0.964526 0.000000 -20.885014 0.000000 0.000000 1.000000 0.000000
0.965499 0.260406 0.000000 126.882076 -0.260406 0.965499 0.000000 -21.062342 0.000000 0.000000 1.000000 0.000000
0.964760 0.263130 0.000000 127.515785 -0.263130 0.964760 0.000000 -21.257703 0.000000 0.000000 1.000000 0.000000
0.965245 0.261345 0.000000 128.330178 -0.261345 0.965245 0.000000 -21.488455 0.000000 0.000000 1.000000 0.000000
0.964908 0.262588 0.000000 128.964012 -0.262588 0.964908 0.000000 -21.674899 0.000000 0.000000 1.000000 0.000000
0.963922 0.266186 0.000000 129.598006 -0.266186 0.963922 0.000000 -21.851737 0.000000 0.000000 1.000000 0.000000
0.963408 0.268040 0.000000 130.516481 -0.268040 0.963408 0.000000 -22.107764 0.000000 0.000000 1.000000 0.000000
0.963600 0.267350 0.000000 131.137527 -0.267350 0.963600 0.000000 -22.297563 0.000000 0.000000 1.000000 0.000000
0.963574 0.267440 0.000000 131.762277 -0.267440 0.963574 0.000000 -22.478227 0.000000 0.000000 1.000000 0.000000
0.963757 0.266781 0.000000 132.383536 -0.266781 0.963757 0.000000 -22.663382 0.000000 0.000000 1.000000 0.000000
0.963832 0.266511 0.000000 133.005018 -0.266511 0.963832 0.000000 -22.845739 0.000000 0.000000 1.000000 0.000000
0.963414 0.268019 0.000000 133.919948 -0.268019 0.963414 0.000000 -23.108191 0.000000 0.000000 1.000000 0.000000
0.963113 0.269097 0.000000 134.516796 -0.269097 0.963113 0.000000 -23.292168 0.000000 0.000000 1.000000 0.000000
0.962578 0.271006 0.000000 135.134725 -0.271006 0.962578 0.000000 -23.460924 0.000000 0.000000 1.000000 0.000000
0.961936 0.273276 0.000000 135.703782 -0.273276 0.961936 0.000000 -23.637360 0.000000 0.000000 1.000000 0.000000
0.960702 0.277582 0.000000 136.492441 -0.277582 0.960702 0.000000 -23.875608 0.000000 0.000000 1.000000 0.000000
0.960490 0.278313 0.000000 137.095230 -0.278313 0.960490 0.000000 -24.071183 0.000000 0.000000 1.000000 0.000000
0.960513 0.278236 0.000000 137.699681 -0.278236 0.960513 0.000000 -24.254397 0.000000 0.000000 1.000000 0.000000
0.960792 0.277270 0.000000 138.299313 -0.277270 0.960792 0.000000 -24.439882 0.000000 0.000000 1.000000 0.000000
0.961553 0.274621 0.000000 138.902625 -0.274621 0.961553 0.000000 -24.621419 0.000000 0.000000 1.000000 0.000000
0.961520 0.274733 0.000000 140.061909 -0.274733 0.961520 0.000000 -24.974378 0.000000 0.000000 1.000000 0.000000
0.962186 0.272392 0.000000 140.616859 -0.272392 0.962186 0.000000 -25.130876 0.000000 0.000000 1.000000 0.000000
0.961147 0.276037 0.000000 141.204054 -0.276037 0.961147 0.000000 -25.295369 0.000000 0.000000 1.000000 0.000000
0.961658 0.274251 0.000000 141.786850 -0.274251 0.961658 0.000000 -25.469218 0.000000 0.000000 1.000000 0.000000
0.961304 0.275489 0.000000 142.335124 -0.275489 0.961304 0.000000 -25.640278 0.000000 0.000000 1.000000 0.000000
0.961606 0.274434 0.000000 142.918040 -0.274434 0.961606 0.000000 -25.822416 0.000000 0.000000 1.000000 0.000000
0.963029 0.269399 0.000000 143.633059 -0.269399 0.963029 0.000000 -26.039333 0.000000 0.000000 1.000000 0.000000
0.963156 0.268945 0.000000 144.206722 -0.268945 0.963156 0.000000 -26.220006 0.000000 0.000000 1.000000 0.000000
0.963390 0.268103 0.000000 144.745265 -0.268103 0.963390 0.000000 -26.384627 0.000000 0.000000 1.000000 0.000000
0.963336 0.268299 0.000000 145.332519 -0.268299 0.963336 0.000000 -26.554104 0.000000 0.000000 1.000000 0.000000
0.962760 0.270356 0.000000 145.912635 -0.270356 0.962760 0.000000 -26.727467 0.000000 0.000000 1.000000 0.000000
0.962402 0.271630 0.000000 146.445221 -0.271630 0.962402 0.000000 -26.883408 0.000000 0.000000 1.000000 0.000000
0.962235 0.272220 0.000000 147.016867 -0.272220 0.962235 0.000000 -27.057121 0.000000 0.000000 1.000000 0.000000
0.963049 0.269327 0.000000 147.555474 -0.269327 0.963049 0.000000 -27.210110 0.000000 0.000000 1.000000 0.000000
0.962530 0.271175 0.000000 148.122294 -0.271175 0.962530 0.000000 -27.373903 0.000000 0.000000 1.000000 0.000000
0.961939 0.273266 0.000000 148.677338 -0.273266 0.961939 0.000000 -27.540113 0.000000 0.000000 1.000000 0.000000
0.960913 0.276850 0.000000 149.402234 -0.276850 0.960913 0.000000 -27.751310 0.000000 0.000000 1.000000 0.000000
0.960096 0.279671 0.000000 149.934376 -0.279671 0.960096 0.000000 -27.907398 0.000000 0.000000 1.000000 0.000000
0.959553 0.281529 0.000000 150.495288 -0.281529 0.959553 0.000000 -28.079329 0.000000 0.000000 1.000000 0.000000
0.959038 0.283279 0.000000 151.024508 -0.283279 0.959038 0.000000 -28.239917 0.000000 0.000000 1.000000 0.000000
0.958801 0.284078 0.000000 151.581063 -0.284078 0.958801 0.000000 -28.407920 0.000000 0.000000 1.000000 0.000000
0.959350 0.282220 0.000000 152.106937 -0.282220 0.959350 0.000000 -28.557056 0.000000 0.000000 1.000000 0.000000
0.959078 0.283143 0.000000 152.828756 -0.283143 0.959078 0.000000 -28.774809 0.000000 0.000000 1.000000 0.000000
0.959018 0.283345 0.000000 153.345642 -0.283345 0.959018 0.000000 -28.924853 0.000000 0.000000 1.000000 0.000000
0.957074 0.289842 0.000000 153.891816 -0.289842 0.957074 0.000000 -29.110649 0.000000 0.000000 1.000000 0.000000
0.957034 0.289977 0.000000 154.406085 -0.289977 0.957034 0.000000 -29.273224 0.000000 0.000000 1.000000 0.000000
0.958031 0.286663 0.000000 154.959632 -0.286663 0.958031 0.000000 -29.437089 0.000000 0.000000 1.000000 0.000000
0.957933 0.286991 0.000000 155.477402 -0.286991 0.957933 0.000000 -29.589354 0.000000 0.000000 1.000000 0.000000
0.957706 0.287748 0.000000 156.222273 -0.287748 0.957706 0.000000 -29.819354 0.000000 0.000000 1.000000 0.000000
0.957135 0.289642 0.000000 156.773432 -0.289642 0.957135 0.000000 -29.992368 0.000000 0.000000 1.000000 0.000000
0.958415 0.285378 0.000000 157.322689 -0.285378 0.958415 0.000000 -30.173145 0.000000 0.000000 1.000000 0.000000
0.959249 0.282562 0.000000 157.869571 -0.282562 0.959249 0.000000 -30.341728 0.000000 0.000000 1.000000 0.000000
0.960011 0.279961 0.000000 158.420823 -0.279961 0.960011 0.000000 -30.512278 0.000000 0.000000 1.000000 0.000000
0.959329 0.282291 0.000000 158.965873 -0.282291 0.959329 0.000000 -30.692129 0.000000 0.000000 1.000000 0.000000
0.959564 0.281489 0.000000 159.513667 -0.281489 0.959564 0.000000 -30.867483 0.000000 0.000000 1.000000 0.000000
0.960604 0.277920 0.000000 160.031858 -0.277920 0.960604 0.000000 -31.024691 0.000000 0.000000 1.000000 0.000000
0.961732 0.273991 0.000000 160.571738 -0.273991 0.961732 0.000000 -31.195652 0.000000 0.000000 1.000000 0.000000
0.962055 0.272855 0.000000 161.129607 -0.272855 0.962055 0.000000 -31.367777 0.000000 0.000000 1.000000 0.000000
0.962497 0.271291 0.000000 161.643964 -0.271291 0.962497 0.000000 -31.522850 0.000000 0.000000 1.000000 0.000000
0.962767 0.270332 0.000000 162.197434 -0.270332 0.962767 0.000000 -31.697045 0.000000 0.000000 1.000000 0.000000
0.963763 0.266761 0.000000 162.714947 -0.266761 0.963763 0.000000 -31.846554 0.000000 0.000000 1.000000 0.000000
0.963938 0.266126 0.000000 163.265374 -0.266126 0.963938 0.000000 -32.018937 0.000000 0.000000 1.000000 0.000000
0.965459 0.260554 0.000000 163.812533 -0.260554 0.965459 0.000000 -32.185310 0.000000 0.000000 1.000000 0.000000
0.966880 0.255231 0.000000 164.369895 -0.255231 0.966880 0.000000 -32.360333 0.000000 0.000000 1.000000 0.000000
0.967977 0.251037 0.000000 164.890229 -0.251037 0.967977 0.000000 -32.502453 0.000000 0.000000 1.000000 0.000000
0.969118 0.246596 0.000000 165.446502 -0.246596 0.969118 0.000000 -32.649927 0.000000 0.000000 1.000000 0.000000
0.970337 0.241757 0.000000 165.955363 -0.241757 0.970337 0.000000 -32.789119 0.000000 0.000000 1.000000 0.000000
0.971933 0.235259 0.000000 166.512578 -0.235259 0.971933 0.000000 -32.933084 0.000000 0.000000 1.000000 0.000000
0.973097 0.230397 0.000000 167.239523 -0.230397 0.973097 0.000000 -33.111234 0.000000 0.000000 1.000000 0.000000
0.973575 0.228366 0.000000 167.793815 -0.228366 0.973575 0.000000 -33.244221 0.000000 0.000000 1.000000 0.000000
0.974217 0.225612 0.000000 168.302589 -0.225612 0.974217 0.000000 -33.374555 0.000000 0.000000 1.000000 0.000000
0.974016 0.226481 0.000000 168.857953 -0.226481 0.974016 0.000000 -33.522957 0.000000 0.000000 1.000000 0.000000
0.974480 0.224473 0.000000 169.557686 -0.224473 0.974480 0.000000 -33.695811 0.000000 0.000000 1.000000 0.000000
0.975629 0.219428 0.000000 170.656294 -0.219428 0.975629 0.000000 -33.969409 0.000000 0.000000 1.000000 0.000000
0.976295 0.216443 0.000000 171.206202 -0.216443 0.976295 0.000000 -34.097808 0.000000 0.000000 1.000000 0.000000
0.976997 0.213253 0.000000 171.758627 -0.213253 0.976997 0.000000 -34.208704 0.000000 0.000000 1.000000 0.000000
0.976912 0.213643 0.000000 172.305472 -0.213643 0.976912 0.000000 -34.336843 0.000000 0.000000 1.000000 0.000000
0.977501 0.210929 0.000000 172.847654 -0.210929 0.977501 0.000000 -34.453590 0.000000 0.000000 1.000000 0.000000
0.977885 0.209145 0.000000 173.391710 -0.209145 0.977885 0.000000 -34.576590 0.000000 0.000000 1.000000 0.000000
0.977618 0.210388 0.000000 173.958184 -0.210388 0.977618 0.000000 -34.705057 0.000000 0.000000 1.000000 0.000000
0.977687 0.210068 0.000000 174.500116 -0.210068 0.977687 0.000000 -34.829219 0.000000 0.000000 1.000000 0.000000
0.977448 0.211175 0.000000 175.000072 -0.211175 0.977448 0.000000 -34.944901 0.000000 0.000000 1.000000 0.000000
0.977016 0.213167 0.000000 175.497596 -0.213167 0.977016 0.000000 -35.072696 0.000000 0.000000 1.000000 0.000000
0.977010 0.213195 0.000000 176.029436 -0.213195 0.977010 0.000000 -35.181711 0.000000 0.000000 1.000000 0.000000
0.977254 0.212074 0.000000 176.527932 -0.212074 0.977254 0.000000 -35.295442 0.000000 0.000000 1.000000 0.000000
0.977615 0.210400 0.000000 177.062075 -0.210400 0.977615 0.000000 -35.411727 0.000000 0.000000 1.000000 0.000000
0.977904 0.209055 0.000000 177.566042 -0.209055 0.977904 0.000000 -35.517698 0.000000 0.000000 1.000000 0.000000
0.977746 0.209790 0.000000 178.096877 -0.209790 0.977746 0.000000 -35.638204 0.000000 0.000000 1.000000 0.000000
0.977877 0.209180 0.000000 178.594065 -0.209180 0.977877 0.000000 -35.747797 0.000000 0.000000 1.000000 0.000000
0.978694 0.205323 0.000000 179.125140 -0.205323 0.978694 0.000000 -35.855621 0.000000 0.000000 1.000000 0.000000
0.979102 0.203369 0.000000 179.610637 -0.203369 0.979102 0.000000 -35.964099 0.000000 0.000000 1.000000 0.000000
0.979162 0.203081 0.000000 180.142093 -0.203081 0.979162 0.000000 -36.067384 0.000000 0.000000 1.000000 0.000000
0.979033 0.203703 0.000000 180.632451 -0.203703 0.979033 0.000000 -36.161517 0.000000 0.000000 1.000000 0.000000
0.978790 0.204867 0.000000 181.154322 -0.204867 0.978790 0.000000 -36.261384 0.000000 0.000000 1.000000 0.000000
0.978984 0.203937 0.000000 181.801376 -0.203937 0.978984 0.000000 -36.405562 0.000000 0.000000 1.000000 0.000000
0.979852 0.199724 0.000000 182.322445 -0.199724 0.979852 0.000000 -36.523690 0.000000 0.000000 1.000000 0.000000
0.980699 0.195521 0.000000 182.833092 -0.195521 0.980699 0.000000 -36.640594 0.000000 0.000000 1.000000 0.000000
0.980839 0.194821 0.000000 183.321063 -0.194821 0.980839 0.000000 -36.742324 0.000000 0.000000 1.000000 0.000000
0.982157 0.188065 0.000000 184.036456 -0.188065 0.982157 0.000000 -36.895410 0.000000 0.000000 1.000000 0.000000
0.982681 0.185307 0.000000 184.552124 -0.185307 0.982681 0.000000 -37.001099 0.000000 0.000000 1.000000 0.000000
0.983149 0.182807 0.000000 185.065271 -0.182807 0.983149 0.000000 -37.099481 0.000000 0.000000 1.000000 0.000000
0.983191 0.182578 0.000000 185.575478 -0.182578 0.983191 0.000000 -37.209282 0.000000 0.000000 1.000000 0.000000
0.984380 0.176057 0.000000 186.087642 -0.176057 0.984380 0.000000 -37.310038 0.000000 0.000000 1.000000 0.000000
0.986345 0.164695 0.000000 187.105447 -0.164695 0.986345 0.000000 -37.500568 0.000000 0.000000 1.000000 0.000000
0.986923 0.161193 0.000000 187.603324 -0.161193 0.986923 0.000000 -37.582184 0.000000 0.000000 1.000000 0.000000
0.988222 0.153027 0.000000 188.102658 -0.153027 0.988222 0.000000 -37.669381 0.000000 0.000000 1.000000 0.000000
0.989482 0.144654 0.000000 188.570832 -0.144654 0.989482 0.000000 -37.738611 0.000000 0.000000 1.000000 0.000000
0.990556 0.137105 0.000000 189.068019 -0.137105 0.990556 0.000000 -37.810849 0.000000 0.000000 1.000000 0.000000
0.991760 0.128112 0.000000 189.537808 -0.128112 0.991760 0.000000 -37.881428 0.000000 0.000000 1.000000 0.000000
0.994116 0.108318 0.000000 190.484881 -0.108318 0.994116 0.000000 -38.001093 0.000000 0.000000 1.000000 0.000000
0.995061 0.099269 0.000000 190.971442 -0.099269 0.995061 0.000000 -38.060674 0.000000 0.000000 1.000000 0.000000
0.996138 0.087800 0.000000 191.428658 -0.087800 0.996138 0.000000 -38.107470 0.000000 0.000000 1.000000 0.000000
0.997131 0.075693 0.000000 192.107093 -0.075693 0.997131 0.000000 -38.168597 0.000000 0.000000 1.000000 0.000000
0.997941 0.064139 0.000000 192.584059 -0.064139 0.997941 0.000000 -38.210224 0.000000 0.000000 1.000000 0.000000
0.998610 0.052713 0.000000 193.063305 -0.052713 0.998610 0.000000 -38.238591 0.000000 0.000000 1.000000 0.000000
0.999108 0.042222 0.000000 193.501899 -0.042222 0.999108 0.000000 -38.262276 0.000000 0.000000 1.000000 0.000000
0.999460 0.032854 0.000000 193.972094 -0.032854 0.999460 0.000000 -38.302218 0.000000 0.000000 1.000000 0.000000
0.999859 0.016770 0.000000 194.438458 -0.016770 0.999859 0.000000 -38.322241 0.000000 0.000000 1.000000 0.000000
0.999976 0.006976 0.000000 194.873374 -0.006976 0.999976 0.000000 -38.338220 0.000000 0.000000 1.000000 0.000000
0.999990 -0.004390 0.000000 195.337454 0.004390 0.999990 0.000000 -38.348375 0.000000 0.000000 1.000000 0.000000
0.999924 -0.012363 0.000000 195.759386 0.012363 0.999924 0.000000 -38.357836 0.000000 0.000000 1.000000 0.000000
0.999734 -0.023048 0.000000 196.212739 0.023048 0.999734 0.000000 -38.367287 0.000000 0.000000 1.000000 0.000000
0.999452 -0.033109 0.000000 196.633848 0.033109 0.999452 0.000000 -38.368464 0.000000 0.000000 1.000000 0.000000
0.998861 -0.047712 0.000000 197.085231 0.047712 0.998861 0.000000 -38.368009 0.000000 0.000000 1.000000 0.000000
0.998255 -0.059051 0.000000 197.501787 0.059051 0.998255 0.000000 -38.359669 0.000000 0.000000 1.000000 0.000000
0.997522 -0.070349 0.000000 197.946585 0.070349 0.997522 0.000000 -38.342882 0.000000 0.000000 1.000000 0.000000
0.996571 -0.082743 0.000000 198.352086 0.082743 0.996571 0.000000 -38.324235 0.000000 0.000000 1.000000 0.000000
0.995601 -0.093694 0.000000 198.787546 0.093694 0.995601 0.000000 -38.299007 0.000000 0.000000 1.000000 0.000000
