0.999993 0.003646 0.000808 0.605281 -0.003646 0.999993 0.000654 -0.007486 -0.000806 -0.000657 0.999999 0.011761
0.999957 0.009113 -0.001578 1.415056 -0.009111 0.999958 0.001137 -0.019928 0.001588 -0.001122 0.999998 0.027558
0.999900 0.013734 -0.003473 2.001748 -0.013733 0.999906 0.000148 -0.031985 0.003475 -0.000101 0.999994 0.039083
0.999834 0.017775 -0.004058 2.560782 -0.017772 0.999842 0.000800 -0.043785 0.004071 -0.000728 0.999991 0.050073
0.999733 0.022739 -0.004049 3.153969 -0.022732 0.999740 0.001879 -0.060459 0.004091 -0.001786 0.999990 0.061842
0.999609 0.027618 -0.004368 3.699123 -0.027611 0.999617 0.001653 -0.078252 0.004412 -0.001532 0.999989 0.072722
0.999403 0.034104 -0.005613 4.284106 -0.034102 0.999418 0.000409 -0.101367 0.005624 -0.000218 0.999984 0.084503
0.999174 0.040107 -0.006495 4.823041 -0.040103 0.999195 0.000733 -0.124745 0.006520 -0.000472 0.999979 0.095410
0.998813 0.048209 -0.006960 5.561812 -0.048206 0.998837 0.000585 -0.162963 0.006980 -0.000248 0.999976 0.110522
0.998507 0.054172 -0.007018 6.156313 -0.054180 0.998531 -0.000881 -0.195911 0.006960 0.001260 0.999975 0.122740
0.998124 0.060750 -0.007645 6.742983 -0.060768 0.998149 -0.002202 -0.234464 0.007497 0.002663 0.999968 0.134955
0.997667 0.067780 -0.008132 7.313147 -0.067795 0.997698 -0.001496 -0.275907 0.008012 0.002044 0.999966 0.146929
0.996599 0.081595 -0.011528 8.475535 -0.081603 0.996665 -0.000200 -0.369250 0.011473 0.001140 0.999934 0.171572
0.995934 0.089334 -0.011639 9.018362 -0.089354 0.995999 -0.001209 -0.419928 0.011485 0.002244 0.999932 0.183265
0.995187 0.097320 -0.011433 9.592592 -0.097328 0.995252 -0.000128 -0.478665 0.011366 0.001240 0.999935 0.195768
0.994322 0.105670 -0.012528 10.123871 -0.105672 0.994401 0.000500 -0.537304 0.012511 0.000827 0.999921 0.207447
0.993433 0.113580 -0.013798 10.683033 -0.113599 0.993526 -0.000652 -0.603509 0.013635 0.002215 0.999905 0.219857
0.992600 0.120444 -0.015449 11.210174 -0.120497 0.992710 -0.002552 -0.669058 0.015029 0.004394 0.999877 0.231637
0.991784 0.126735 -0.017381 11.785048 -0.126836 0.991912 -0.004836 -0.743171 0.016628 0.007001 0.999837 0.244553
0.990874 0.133670 -0.017356 12.316528 -0.133779 0.990997 -0.005220 -0.815786 0.016502 0.007494 0.999836 0.256600
0.989690 0.142399 -0.015383 13.062664 -0.142486 0.989785 -0.004744 -0.920366 0.014551 0.006887 0.999870 0.273582
0.988680 0.149364 -0.014199 13.645744 -0.149451 0.988755 -0.005267 -1.006667 0.013252 0.007330 0.999885 0.286972
0.987473 0.157126 -0.014468 14.200101 -0.157225 0.987545 -0.005954 -1.094508 0.013352 0.008154 0.999878 0.299854
0.986326 0.164028 -0.015967 14.759314 -0.164144 0.986416 -0.006257 -1.188244 0.014723 0.008792 0.999853 0.312981
0.985270 0.170079 -0.017769 15.325443 -0.170218 0.985384 -0.006626 -1.286251 0.016382 0.009553 0.999820 0.326352
0.984096 0.176620 -0.019014 15.852287 -0.176780 0.984225 -0.007124 -1.380111 0.017456 0.010372 0.999794 0.338865
0.982742 0.183910 -0.019867 16.392096 -0.184089 0.982880 -0.007589 -1.480258 0.018131 0.011116 0.999774 0.351788
0.981221 0.191880 -0.019683 16.962414 -0.192051 0.981359 -0.007191 -1.593477 0.017936 0.010837 0.999780 0.365636
0.979734 0.199327 -0.019742 17.501504 -0.199494 0.979875 -0.006843 -1.704856 0.017980 0.010643 0.999782 0.378839
0.978148 0.206830 -0.021172 18.082903 -0.207027 0.978306 -0.007554 -1.829201 0.019151 0.011772 0.999747 0.393188
0.975945 0.216900 -0.022023 18.846445 -0.217111 0.976117 -0.007647 -2.000394 0.019838 0.012245 0.999728 0.412238
0.974306 0.224007 -0.023401 19.412054 -0.224240 0.974503 -0.007780 -2.130820 0.021062 0.012828 0.999696 0.426443
0.972365 0.232128 -0.024963 20.008919 -0.232395 0.972586 -0.008339 -2.274448 0.022343 0.013910 0.999654 0.441590
0.970408 0.240169 -0.025053 20.553737 -0.240451 0.970621 -0.008869 -2.412605 0.022187 0.014631 0.999647 0.455600
0.968808 0.246481 -0.025662 21.091170 -0.246779 0.969029 -0.009142 -2.550556 0.022614 0.015189 0.999629 0.469463
0.966966 0.253495 -0.026783 21.594598 -0.253821 0.967204 -0.009539 -2.680894 0.023487 0.016022 0.999596 0.482479
0.964882 0.261152 -0.028338 22.162936 -0.261523 0.965143 -0.010210 -2.834630 0.024684 0.017263 0.999546 0.497344
0.962925 0.268207 -0.028977 22.668867 -0.268582 0.963206 -0.009862 -2.976161 0.025266 0.017279 0.999531 0.510698
0.960953 0.275173 -0.029132 23.194627 -0.275546 0.961240 -0.009604 -3.127760 0.025361 0.017256 0.999529 0.524694
0.956860 0.289122 -0.028768 24.230632 -0.289513 0.957117 -0.010415 -3.436424 0.024523 0.018294 0.999532 0.552532
0.955080 0.295070 -0.027501 24.714879 -0.295427 0.955314 -0.009874 -3.587694 0.023358 0.017555 0.999573 0.565726
0.953032 0.301695 -0.026631 25.229238 -0.302012 0.953264 -0.008722 -3.752328 0.022755 0.016356 0.999607 0.579844
0.950138 0.310746 -0.025963 25.879793 -0.311046 0.950358 -0.008352 -3.966853 0.022079 0.016011 0.999628 0.597863
0.948190 0.316573 -0.026784 26.354075 -0.316878 0.948433 -0.007932 -4.126120 0.022892 0.016008 0.999610 0.611075
0.946237 0.322131 -0.029430 26.821643 -0.322462 0.946555 -0.007152 -4.286679 0.025553 0.016258 0.999541 0.624193
0.943998 0.328487 -0.031039 27.315308 -0.328843 0.944359 -0.007017 -4.460624 0.027007 0.016831 0.999494 0.638157
0.942111 0.333880 -0.030825 27.776184 -0.334248 0.942455 -0.007532 -4.624824 0.026537 0.017399 0.999496 0.651242
0.939602 0.340902 -0.030555 28.440147 -0.341265 0.939938 -0.007416 -4.864462 0.026192 0.017396 0.999506 0.670172
0.937596 0.346513 -0.029037 28.949527 -0.346859 0.937886 -0.007713 -5.054126 0.024561 0.017304 0.999549 0.684847
0.935400 0.352453 -0.028337 29.474202 -0.352819 0.935649 -0.008963 -5.255051 0.023354 0.018382 0.999558 0.700107
0.933337 0.357908 -0.027982 29.962541 -0.358274 0.933571 -0.009207 -5.445193 0.022828 0.018619 0.999566 0.714392
0.931213 0.363386 -0.028161 30.464485 -0.363740 0.931462 -0.008510 -5.644377 0.023139 0.018168 0.999567 0.729172
0.928694 0.369696 -0.029194 30.963607 -0.370029 0.928996 -0.006763 -5.845113 0.024621 0.017084 0.999551 0.743939
0.926025 0.376391 -0.028406 31.420370 -0.376643 0.926350 -0.003912 -6.032392 0.024842 0.014322 0.999589 0.757546
0.923357 0.382837 -0.029123 31.908759 -0.383081 0.923710 -0.003115 -6.234440 0.025709 0.014032 0.999571 0.772142
0.920508 0.389514 -0.030711 32.367580 -0.389785 0.920900 -0.003162 -6.429109 0.027050 0.014881 0.999523 0.785981
0.917569 0.396352 -0.031197 32.851534 -0.396608 0.917985 -0.002252 -6.639939 0.027746 0.014440 0.999511 0.800721
0.914770 0.402763 -0.031277 33.314941 -0.403006 0.915196 -0.001630 -6.845923 0.027968 0.014096 0.999509 0.814943
0.911790 0.409491 -0.030911 33.813717 -0.409690 0.912225 -0.000101 -7.069072 0.028156 0.012756 0.999522 0.830287
0.908820 0.416025 -0.031129 34.288624 -0.416240 0.909255 -0.000474 -7.285835 0.028107 0.013388 0.999515 0.845009
0.905573 0.422997 -0.031803 34.771612 -0.423249 0.906013 -0.001321 -7.513863 0.028255 0.014657 0.999493 0.860178
0.903283 0.427806 -0.032576 35.218563 -0.428075 0.903742 -0.001434 -7.725631 0.028827 0.015240 0.999468 0.874236
0.899540 0.435573 -0.033238 35.891333 -0.435898 0.899992 -0.002869 -8.051834 0.028664 0.017069 0.999443 0.895590
0.895821 0.443172 -0.033212 36.588738 -0.443494 0.896274 -0.002631 -8.392308 0.028601 0.017086 0.999445 0.917786
0.893002 0.448886 -0.032391 37.068753 -0.449204 0.893425 -0.002900 -8.632436 0.027638 0.017140 0.999471 0.933214
0.888133 0.458676 -0.028906 37.889419 -0.458966 0.888445 -0.003975 -9.056720 0.023858 0.016797 0.999574 0.959949
0.885327 0.464039 -0.029393 38.351614 -0.464323 0.885660 -0.003297 -9.300892 0.024502 0.016566 0.999563 0.975142
0.882549 0.469251 -0.030174 38.804293 -0.469535 0.882910 -0.002681 -9.545447 0.025383 0.016534 0.999541 0.990163
0.879619 0.474720 -0.030195 39.265671 -0.474993 0.879987 -0.002200 -9.795665 0.025527 0.016277 0.999542 1.005498
0.876619 0.480220 -0.030464 39.725736 -0.480499 0.876993 -0.002142 -10.050642 0.025688 0.016515 0.999534 1.020932
0.873347 0.486117 -0.030904 40.207266 -0.486405 0.873731 -0.002092 -10.321622 0.025985 0.016859 0.999520 1.037193
0.870702 0.490874 -0.030345 40.632285 -0.491153 0.871071 -0.002055 -10.564117 0.025424 0.016693 0.999537 1.051632
0.868134 0.495399 -0.030392 41.067095 -0.495677 0.868505 -0.001922 -10.813428 0.025443 0.016734 0.999536 1.066436
0.865166 0.500512 -0.031224 41.507556 -0.500799 0.865562 -0.001591 -11.068652 0.026230 0.017014 0.999511 1.081501
0.862444 0.505161 -0.031672 41.940333 -0.505447 0.862857 -0.001184 -11.324338 0.026730 0.017030 0.999498 1.096432
0.859933 0.509414 -0.031822 42.359951 -0.509715 0.860342 -0.001597 -11.574185 0.026564 0.017593 0.999492 1.110959
0.857130 0.514076 -0.032462 42.784599 -0.514376 0.857564 -0.001026 -11.831338 0.027311 0.017577 0.999472 1.125773
0.854643 0.518133 -0.033524 43.175911 -0.518461 0.855100 -0.001307 -12.070359 0.027989 0.018497 0.999437 1.139477
0.852322 0.521970 -0.033086 43.584575 -0.522288 0.852769 -0.001126 -12.321420 0.027627 0.018240 0.999452 1.153827
0.849827 0.526085 -0.032070 43.959950 -0.526392 0.850241 -0.001330 -12.556039 0.026568 0.018011 0.999485 1.167112
0.847131 0.530344 -0.033229 44.372653 -0.530684 0.847568 -0.001674 -12.816638 0.027276 0.019052 0.999446 1.181787
0.844496 0.534429 -0.034830 44.755267 -0.534792 0.844983 -0.001334 -13.062615 0.028718 0.019753 0.999392 1.195507
0.841700 0.538754 -0.035853 45.133419 -0.539115 0.842232 -0.000465 -13.306612 0.029947 0.019720 0.999357 1.209089
0.839154 0.542710 -0.035850 45.502327 -0.543062 0.839692 -0.000093 -13.547375 0.030052 0.019547 0.999357 1.222411
0.836229 0.547238 -0.035381 45.872623 -0.547560 0.836766 0.000669 -13.792225 0.029972 0.018814 0.999374 1.235866
0.833408 0.551561 -0.034797 46.238458 -0.551875 0.833927 0.000709 -14.035096 0.029409 0.018613 0.999394 1.249183
0.830517 0.555956 -0.033968 46.594825 -0.556270 0.831001 0.000244 -14.273431 0.028363 0.018693 0.999423 1.262202
0.827330 0.560706 -0.033666 46.973127 -0.561033 0.827793 -0.000338 -14.532117 0.027679 0.019168 0.999433 1.276170
0.822773 0.567381 -0.033518 47.496946 -0.567776 0.823178 -0.002822 -14.896641 0.025990 0.021353 0.999434 1.295676
0.819311 0.572330 -0.034171 47.870540 -0.572751 0.819723 -0.003180 -15.161116 0.026190 0.022177 0.999411 1.309705
0.815996 0.576990 -0.035111 48.210624 -0.577421 0.816442 -0.002693 -15.404845 0.027112 0.022471 0.999380 1.322553
0.813288 0.580707 -0.036620 48.550212 -0.581148 0.813796 -0.001722 -15.646683 0.028802 0.022682 0.999328 1.335343
0.809939 0.585350 -0.036943 48.885117 -0.585787 0.810464 -0.001268 -15.891251 0.029199 0.022668 0.999317 1.348114
0.806947 0.589475 -0.036817 49.217120 -0.589930 0.807452 -0.001894 -16.134531 0.028611 0.023247 0.999320 1.360796
0.804262 0.593097 -0.037401 49.556536 -0.593561 0.804788 -0.001630 -16.385174 0.029133 0.023510 0.999299 1.373811
0.800940 0.597560 -0.037637 49.880659 -0.598034 0.801469 -0.001694 -16.628762 0.029153 0.023865 0.999290 1.386351
0.797480 0.602171 -0.037631 50.193381 -0.602672 0.797985 -0.002533 -16.866757 0.028504 0.024699 0.999288 1.398526
0.794643 0.605943 -0.037090 50.502806 -0.606486 0.795082 -0.004461 -17.105559 0.026786 0.026039 0.999302 1.410660
0.791802 0.609580 -0.038231 50.796617 -0.610166 0.792259 -0.004866 -17.335029 0.027322 0.027180 0.999257 1.422253
0.786051 0.616857 -0.040138 51.374449 -0.617507 0.786549 -0.005059 -17.794964 0.028450 0.028762 0.999181 1.445277
0.783588 0.619931 -0.040937 51.647588 -0.620601 0.784111 -0.004924 -18.013256 0.029046 0.029264 0.999150 1.456183
0.781318 0.622734 -0.041767 51.909872 -0.623405 0.781888 -0.004071 -18.224128 0.030122 0.029218 0.999119 1.466688
0.778940 0.625646 -0.042666 52.170222 -0.626333 0.779547 -0.003626 -18.434541 0.030991 0.029547 0.999083 1.477145
0.776574 0.628546 -0.043164 52.442917 -0.629262 0.777183 -0.004026 -18.659246 0.031016 0.030288 0.999060 1.488210
0.774581 0.630947 -0.043937 52.697640 -0.631707 0.775194 -0.004578 -18.868498 0.031172 0.031301 0.999024 1.498529
0.772371 0.633652 -0.043914 52.963940 -0.634433 0.772960 -0.005233 -19.088964 0.030628 0.031902 0.999022 1.509361
0.769916 0.636602 -0.044345 53.209965 -0.637410 0.770505 -0.005569 -19.295557 0.030623 0.032554 0.999001 1.519444
0.767313 0.639677 -0.045213 53.458122 -0.640514 0.767926 -0.005526 -19.505767 0.031185 0.033200 0.998962 1.529662
0.765297 0.642041 -0.045876 53.677205 -0.642918 0.765911 -0.006039 -19.691258 0.031259 0.034116 0.998929 1.538681
0.762729 0.645065 -0.046215 53.905681 -0.645956 0.763351 -0.006023 -19.885657 0.031393 0.034447 0.998913 1.548112
0.760235 0.648006 -0.046163 54.146972 -0.648908 0.760840 -0.006357 -20.092687 0.031003 0.034788 0.998914 1.558116
0.756818 0.651958 -0.046653 54.485772 -0.652877 0.757438 -0.006244 -20.384384 0.031266 0.035184 0.998892 1.572189
0.754281 0.654846 -0.047292 54.725402 -0.655795 0.754912 -0.006379 -20.594549 0.031524 0.035825 0.998861 1.582243
0.751902 0.657574 -0.047336 54.949170 -0.658512 0.752547 -0.005937 -20.791734 0.031719 0.035635 0.998861 1.591656
0.749071 0.660804 -0.047233 55.173781 -0.661737 0.749713 -0.005817 -20.993030 0.031567 0.035613 0.998867 1.601192
0.746533 0.663686 -0.047008 55.393732 -0.664613 0.747166 -0.005778 -21.190991 0.031287 0.035556 0.998878 1.610553
0.744244 0.666265 -0.046829 55.596804 -0.667175 0.744882 -0.005388 -21.375251 0.031293 0.035253 0.998888 1.619233
0.741933 0.668831 -0.046918 55.783022 -0.669724 0.742596 -0.004669 -21.546957 0.031718 0.034886 0.998888 1.627265
0.739780 0.671196 -0.047140 55.971371 -0.672114 0.740430 -0.005153 -21.721079 0.031445 0.035496 0.998875 1.635400
0.737781 0.673384 -0.047263 56.152657 -0.674305 0.738436 -0.005049 -21.888260 0.031501 0.035595 0.998870 1.643220
0.735511 0.675911 -0.046570 56.329456 -0.676773 0.736182 -0.003873 -22.053516 0.031666 0.034366 0.998908 1.650903
0.731023 0.680787 -0.046196 56.687739 -0.681620 0.731699 -0.003212 -22.389714 0.031615 0.033836 0.998927 1.666508
0.729044 0.682912 -0.046110 56.852318 -0.683742 0.729717 -0.003170 -22.545208 0.031482 0.033838 0.998931 1.673704
0.727221 0.684901 -0.045400 57.008496 -0.685718 0.727859 -0.003450 -22.694369 0.030682 0.033640 0.998963 1.680574
0.725334 0.686880 -0.045673 57.165517 -0.687736 0.725948 -0.004352 -22.845240 0.030166 0.034567 0.998947 1.687505
0.723750 0.688504 -0.046342 57.312126 -0.689383 0.724384 -0.004320 -22.986483 0.030595 0.035074 0.998916 1.693987
0.721789 0.690505 -0.047154 57.458538 -0.691401 0.722461 -0.003875 -23.129375 0.031391 0.035399 0.998880 1.700507
0.719850 0.692507 -0.047436 57.610626 -0.693401 0.720544 -0.003434 -23.278725 0.031802 0.035364 0.998868 1.707304
0.718029 0.694405 -0.047284 57.746926 -0.695286 0.718726 -0.003150 -23.413122 0.031797 0.035137 0.998877 1.713410
0.716436 0.696088 -0.046711 57.894032 -0.696935 0.717130 -0.002655 -23.556856 0.031650 0.034456 0.998905 1.719965
0.712896 0.699947 -0.043059 58.149553 -0.700621 0.713533 -0.000814 -23.811196 0.030154 0.030749 0.999072 1.731474
0.711038 0.701919 -0.041656 58.278540 -0.702539 0.711646 -0.000334 -23.941614 0.029409 0.029503 0.999132 1.737336
0.709518 0.703508 -0.040754 58.409164 -0.704092 0.710109 0.000027 -24.072558 0.028959 0.028675 0.999169 1.743244
0.706251 0.706733 -0.041702 58.616452 -0.707325 0.706888 0.000767 -24.283994 0.030021 0.028955 0.999130 1.752713
0.703989 0.708918 -0.042844 58.752429 -0.709524 0.704679 0.001463 -24.422722 0.031229 0.029369 0.999081 1.758926
0.701925 0.710891 -0.043994 58.885655 -0.711536 0.702649 0.001419 -24.558026 0.031921 0.030307 0.999031 1.764996
0.699235 0.713477 -0.044958 59.025598 -0.714187 0.699955 0.000382 -24.702253 0.031741 0.031841 0.998989 1.771428
0.696895 0.715792 -0.044490 59.161725 -0.716492 0.697595 0.000316 -24.844252 0.031262 0.031657 0.999010 1.777728
0.694342 0.718321 -0.043642 59.296166 -0.718965 0.695045 0.001333 -24.985236 0.031291 0.030451 0.999046 1.783970
0.691671 0.720874 -0.043952 59.436183 -0.721507 0.692404 0.002061 -25.132902 0.031918 0.030286 0.999032 1.790493
0.684941 0.727403 -0.041719 59.737809 -0.727868 0.685695 0.005513 -25.457176 0.032617 0.026590 0.999114 1.804705
0.681712 0.730435 -0.041632 59.882636 -0.730843 0.682507 0.007256 -25.614453 0.033715 0.025480 0.999107 1.811569
0.678473 0.733398 -0.042451 60.020251 -0.733769 0.679339 0.009019 -25.766928 0.035453 0.025030 0.999058 1.818171
0.675203 0.736408 -0.042468 60.159080 -0.736744 0.676096 0.010137 -25.922077 0.036177 0.024444 0.999046 1.824866
0.671789 0.739566 -0.041727 60.298999 -0.739900 0.672646 0.009815 -26.078979 0.035326 0.024280 0.999081 1.831627
0.668725 0.742367 -0.041213 60.438200 -0.742725 0.669539 0.008843 -26.235696 0.034158 0.024696 0.999111 1.838370
0.665376 0.745336 -0.041823 60.574154 -0.745743 0.666186 0.007963 -26.390705 0.033797 0.025891 0.999093 1.845006
0.661702 0.748566 -0.042422 60.718511 -0.749008 0.662519 0.007509 -26.556854 0.033726 0.026806 0.999072 1.852093
0.658314 0.751535 -0.042633 60.859199 -0.751979 0.659142 0.007741 -26.718637 0.033919 0.026963 0.999061 1.858996
0.654385 0.754983 -0.042205 61.005266 -0.755396 0.655214 0.008446 -26.889952 0.034030 0.026355 0.999073 1.866251
0.650653 0.758162 -0.042910 61.157704 -0.758667 0.651447 0.006364 -27.069769 0.032779 0.028414 0.999059 1.873848
0.647541 0.760828 -0.042780 61.290907 -0.761391 0.648277 0.004578 -27.228565 0.031216 0.029608 0.999074 1.880530
0.643829 0.764066 -0.041072 61.445105 -0.764581 0.644511 0.004608 -27.413436 0.029992 0.028436 0.999146 1.888293
0.640147 0.767111 -0.041872 61.592214 -0.767717 0.640784 0.002413 -27.592023 0.028682 0.030601 0.999120 1.895757
0.636094 0.770440 -0.042491 61.750576 -0.771097 0.636716 0.001451 -27.787355 0.028173 0.031841 0.999096 1.903872
0.632598 0.773315 -0.042468 61.905543 -0.773896 0.633300 0.004121 -27.978910 0.030082 0.030258 0.999089 1.911823
0.627285 0.777514 -0.044569 62.140644 -0.778020 0.628182 0.008511 -28.273195 0.034614 0.029337 0.998970 1.923982
0.623687 0.780417 -0.044307 62.301709 -0.780811 0.624660 0.011598 -28.477471 0.036728 0.027362 0.998951 1.932382
0.620077 0.783256 -0.044876 62.474300 -0.783641 0.621091 0.012386 -28.697278 0.037574 0.027487 0.998916 1.941406
0.617134 0.785587 -0.044715 62.635984 -0.786000 0.618118 0.011592 -28.903766 0.036745 0.027993 0.998933 1.949875
0.610818 0.790237 -0.049272 62.976827 -0.790942 0.611843 0.007705 -29.344125 0.036236 0.034265 0.998756 1.967861
0.607753 0.792459 -0.051432 63.141684 -0.793256 0.608843 0.007383 -29.558497 0.037165 0.036312 0.998649 1.976596
0.604850 0.794574 -0.053000 63.303444 -0.795465 0.605965 0.006549 -29.770827 0.037319 0.038199 0.998573 1.985218
0.601272 0.797340 -0.052159 63.475588 -0.798238 0.602316 0.005612 -30.001853 0.035891 0.038261 0.998623 1.994527
0.597195 0.800590 -0.049130 63.700406 -0.801407 0.598100 0.004805 -30.303057 0.033232 0.036504 0.998781 2.006669
0.594594 0.802676 -0.046570 63.859166 -0.803382 0.595438 0.005533 -30.517929 0.032171 0.034123 0.998900 2.015301
0.591199 0.805186 -0.046455 64.014977 -0.805885 0.592044 0.005762 -30.731023 0.032143 0.034031 0.998904 2.023830
0.588432 0.807181 -0.046970 64.168904 -0.807896 0.589295 0.005864 -30.942347 0.032412 0.034496 0.998879 2.032277
0.585134 0.809539 -0.047593 64.309248 -0.810286 0.586008 0.005669 -31.139765 0.032479 0.035247 0.998851 2.040102
0.582314 0.811508 -0.048633 64.458541 -0.812314 0.583198 0.005080 -31.349500 0.032485 0.036547 0.998804 2.048418
0.579497 0.813473 -0.049448 64.618938 -0.814325 0.580390 0.004715 -31.577516 0.032535 0.037534 0.998766 2.057424
0.577652 0.814783 -0.049466 64.765827 -0.815620 0.578565 0.005273 -31.786652 0.032915 0.037299 0.998762 2.065679
0.575635 0.816231 -0.049110 64.906741 -0.817028 0.576565 0.006115 -31.988195 0.033306 0.036605 0.998775 2.073622
0.573631 0.817669 -0.048625 65.058512 -0.818447 0.574548 0.006244 -32.204972 0.033043 0.036215 0.998798 2.082170
0.571325 0.819329 -0.047820 65.199254 -0.820086 0.572208 0.006078 -32.409310 0.032343 0.035745 0.998837 2.090183
0.568741 0.821119 -0.047925 65.392272 -0.821881 0.569626 0.006119 -32.691328 0.032324 0.035909 0.998832 2.101218
0.567257 0.822102 -0.048666 65.548679 -0.822883 0.568174 0.006395 -32.921713 0.032908 0.036419 0.998795 2.110209
0.566096 0.822860 -0.049361 65.695542 -0.823632 0.567075 0.007469 -33.138114 0.034138 0.036427 0.998753 2.118653
0.565002 0.823578 -0.049909 65.838441 -0.824328 0.566046 0.008728 -33.349018 0.035439 0.036210 0.998716 2.126878
0.564352 0.824002 -0.050284 65.979629 -0.824728 0.565445 0.009773 -33.557760 0.036486 0.035955 0.998687 2.135014
0.564444 0.823950 -0.050089 66.121585 -0.824651 0.565549 0.010270 -33.765974 0.036790 0.035509 0.998692 2.143151
0.564577 0.823894 -0.049512 66.265970 -0.824588 0.565647 0.009916 -33.977137 0.036177 0.035229 0.998724 2.151411
0.564632 0.823906 -0.048675 66.401308 -0.824594 0.565650 0.009252 -34.176205 0.035156 0.034913 0.998772 2.159184
0.564507 0.824021 -0.048174 66.535804 -0.824719 0.565479 0.008444 -34.377171 0.034200 0.034964 0.998803 2.166989
0.564841 0.823832 -0.047505 66.657137 -0.824521 0.565775 0.008012 -34.557271 0.033478 0.034643 0.998839 2.174000
0.565371 0.823555 -0.045954 66.904241 -0.824180 0.566266 0.008341 -34.926721 0.032892 0.033159 0.998909 2.188347
0.565413 0.823548 -0.045576 67.036852 -0.824149 0.566307 0.008690 -35.123511 0.032967 0.032648 0.998923 2.196007
0.566167 0.823033 -0.045516 67.165101 -0.823623 0.567067 0.008945 -35.313291 0.033173 0.032424 0.998924 2.203402
0.566209 0.823002 -0.045550 67.281527 -0.823600 0.567104 0.008758 -35.485807 0.033040 0.032556 0.998924 2.210121
0.566337 0.822890 -0.045984 67.406925 -0.823511 0.567237 0.008449 -35.671184 0.033036 0.033084 0.998906 2.217347
0.566716 0.822564 -0.047120 67.526300 -0.823228 0.567650 0.008328 -35.847278 0.033598 0.034071 0.998855 2.224216
0.567339 0.822046 -0.048654 67.655714 -0.822765 0.568322 0.008223 -36.038042 0.034411 0.035365 0.998782 2.231658
0.568979 0.820906 -0.048738 67.861572 -0.821584 0.570009 0.009435 -36.341650 0.035527 0.034674 0.998767 2.243502
0.570118 0.820116 -0.048734 67.980699 -0.820751 0.571188 0.010575 -36.515897 0.036509 0.033970 0.998756 2.250318
0.571311 0.819304 -0.048419 68.097422 -0.819882 0.572411 0.011803 -36.687143 0.037386 0.032955 0.998757 2.257009
0.573147 0.818112 -0.046863 68.211988 -0.818614 0.574210 0.012411 -36.853625 0.037063 0.031249 0.998824 2.263536
0.575299 0.816680 -0.045453 68.324695 -0.817161 0.576290 0.011726 -37.016477 0.035770 0.030396 0.998898 2.269932
0.577124 0.815388 -0.045496 68.439806 -0.815914 0.578079 0.010446 -37.182334 0.034817 0.031092 0.998910 2.276453
0.582470 0.811522 -0.046477 68.680489 -0.812111 0.583428 0.009344 -37.527768 0.034699 0.032301 0.998876 2.290051
0.585017 0.809669 -0.046803 68.782835 -0.810301 0.585955 0.008321 -37.673070 0.034161 0.033057 0.998869 2.295792
0.587965 0.807608 -0.045458 68.887263 -0.808220 0.588833 0.007479 -37.819697 0.032808 0.032343 0.998938 2.301608
0.593864 0.803368 -0.043872 69.072421 -0.803956 0.594653 0.006489 -38.074926 0.031302 0.031417 0.999016 2.311795
0.602704 0.796874 -0.041695 69.313797 -0.797346 0.603471 0.007842 -38.401372 0.031410 0.028519 0.999100 2.324912
0.608616 0.792385 -0.041379 69.460386 -0.792863 0.609357 0.007175 -38.594952 0.030900 0.028442 0.999118 2.332756
0.612853 0.789119 -0.041258 69.555816 -0.789604 0.613580 0.006693 -38.720960 0.030597 0.028476 0.999126 2.337862
0.621382 0.782434 -0.041006 69.738098 -0.782872 0.622135 0.007736 -38.955617 0.031564 0.027295 0.999129 2.347459
0.625622 0.779055 -0.040864 69.825298 -0.779455 0.626398 0.008666 -39.064687 0.032348 0.026430 0.999127 2.351967
0.629890 0.775635 -0.040362 69.910143 -0.775995 0.630669 0.009363 -39.170642 0.032717 0.025424 0.999141 2.356348
0.634239 0.772126 -0.039526 69.998359 -0.772449 0.635002 0.009734 -39.280429 0.032614 0.024358 0.999171 2.360894
0.639616 0.767731 -0.038470 70.124746 -0.768030 0.640343 0.009533 -39.436534 0.031953 0.023449 0.999214 2.367376
0.645991 0.762422 -0.037544 70.270021 -0.762714 0.646675 0.008867 -39.613239 0.031039 0.022907 0.999256 2.374756
0.649778 0.759227 -0.036918 70.345942 -0.759496 0.650448 0.009065 -39.703817 0.030896 0.022149 0.999277 2.378566
0.653368 0.756171 -0.036273 70.423004 -0.756418 0.654024 0.009224 -39.794834 0.030699 0.021411 0.999299 2.382410
0.656754 0.753260 -0.035672 70.499916 -0.753488 0.657395 0.009330 -39.885584 0.030479 0.020751 0.999320 2.386244
0.660491 0.750026 -0.034816 70.580150 -0.750235 0.661106 0.009280 -39.979678 0.029978 0.019991 0.999351 2.390228
0.664043 0.746929 -0.033817 70.653122 -0.747123 0.664625 0.009050 -40.064273 0.029235 0.019255 0.999387 2.393827
0.669789 0.741844 -0.032419 70.791357 -0.742025 0.670320 0.008417 -40.223165 0.027975 0.018418 0.999439 2.400607
0.671842 0.740010 -0.031837 70.850001 -0.740179 0.672357 0.008404 -40.290118 0.027624 0.017919 0.999458 2.403472
0.674197 0.737882 -0.031461 70.903367 -0.738055 0.674694 0.007951 -40.350923 0.027093 0.017859 0.999473 2.406076
0.676551 0.735745 -0.030962 70.950833 -0.735925 0.677024 0.007321 -40.404570 0.026349 0.017833 0.999494 2.408381
0.678730 0.733754 -0.030506 70.997630 -0.733937 0.679184 0.006845 -40.457318 0.025742 0.017743 0.999511 2.410649
0.680245 0.732350 -0.030500 71.038775 -0.732545 0.680689 0.006295 -40.504154 0.025372 0.018060 0.999515 2.412656
0.681383 0.731276 -0.030857 71.075682 -0.731495 0.681824 0.005596 -40.545504 0.025132 0.018759 0.999508 2.414438
0.683660 0.729125 -0.031415 71.131873 -0.729377 0.684096 0.004644 -40.607763 0.024877 0.019739 0.999496 2.417134
0.685143 0.727716 -0.031746 71.162361 -0.727978 0.685586 0.004506 -40.641923 0.025043 0.020023 0.999486 2.418606
0.686490 0.726446 -0.031733 71.192972 -0.726703 0.686936 0.004631 -40.675805 0.025162 0.019881 0.999486 2.420074
0.687558 0.725448 -0.031447 71.219345 -0.725696 0.687999 0.004766 -40.704801 0.025093 0.019544 0.999494 2.421333
0.688664 0.724402 -0.031361 71.245346 -0.724645 0.689105 0.004862 -40.733432 0.025133 0.019378 0.999496 2.422576
0.689646 0.723459 -0.031567 71.264357 -0.723702 0.690095 0.004983 -40.754354 0.025389 0.019408 0.999489 2.423484
0.690677 0.722469 -0.031675 71.282079 -0.722713 0.691130 0.005016 -40.773970 0.025516 0.019427 0.999486 2.424334
0.691455 0.721725 -0.031682 71.298364 -0.721970 0.691907 0.004944 -40.792013 0.025489 0.019455 0.999486 2.425115
0.691887 0.721308 -0.031723 71.315789 -0.721552 0.692342 0.005006 -40.811697 0.025574 0.019426 0.999484 2.425961
0.692130 0.721076 -0.031728 71.322977 -0.721317 0.692586 0.005112 -40.820162 0.025660 0.019348 0.999483 2.426319
0.692708 0.720520 -0.031740 71.337427 -0.720756 0.693169 0.005307 -40.836923 0.025825 0.019200 0.999482 2.427032
0.692732 0.720492 -0.031818 71.343005 -0.720723 0.693200 0.005568 -40.843605 0.026068 0.019075 0.999478 2.427312
0.692507 0.720695 -0.032121 71.345087 -0.720925 0.692988 0.005835 -40.846732 0.026464 0.019116 0.999467 2.427434
0.692401 0.720768 -0.032775 71.344467 -0.720998 0.692908 0.006326 -40.846924 0.027269 0.019251 0.999443 2.427427
0.692547 0.720593 -0.033531 71.342980 -0.720813 0.693092 0.007197 -40.846064 0.028426 0.019185 0.999412 2.427376
0.692786 0.720345 -0.033912 71.340724 -0.720545 0.693361 0.008121 -40.844529 0.029363 0.018809 0.999392 2.427293
0.692844 0.720287 -0.033958 71.338469 -0.720476 0.693427 0.008501 -40.842994 0.029671 0.018576 0.999387 2.427210
0.692788 0.720349 -0.033796 71.336585 -0.720540 0.693363 0.008354 -40.841824 0.029450 0.018564 0.999394 2.427143
0.692860 0.720287 -0.033634 71.334900 -0.720483 0.693426 0.008093 -40.840809 0.029152 0.018625 0.999401 2.427085
0.693066 0.720082 -0.033780 71.333586 -0.720288 0.693631 0.007813 -40.840160 0.029057 0.018917 0.999399 2.427043
0.693159 0.719978 -0.034097 71.332471 -0.720203 0.693724 0.007359 -40.839665 0.028952 0.019455 0.999391 2.427008
0.693231 0.719902 -0.034229 71.331529 -0.720136 0.693796 0.007146 -40.839380 0.028893 0.019696 0.999388 2.426983
0.693332 0.719798 -0.034383 71.330785 -0.720036 0.693901 0.007103 -40.839250 0.028972 0.019832 0.999383 2.426965
0.693416 0.719707 -0.034589 71.329720 -0.719944 0.693994 0.007272 -40.839245 0.029238 0.019860 0.999375 2.426945
0.693483 0.719665 -0.034118 71.329150 -0.719880 0.694056 0.007702 -40.839326 0.029223 0.019220 0.999388 2.426936
0.693555 0.719608 -0.033848 71.328803 -0.719810 0.694125 0.007969 -40.839506 0.029229 0.018837 0.999395 2.426934
0.693569 0.719598 -0.033775 71.328233 -0.719794 0.694140 0.008126 -40.839586 0.029292 0.018675 0.999396 2.426925
0.693607 0.719557 -0.033878 71.327861 -0.719756 0.694180 0.008087 -40.839822 0.029336 0.018775 0.999393 2.426924
0.693670 0.719486 -0.034090 71.327514 -0.719695 0.694245 0.007893 -40.840002 0.029345 0.019059 0.999388 2.426923
0.693721 0.719432 -0.034196 71.327167 -0.719647 0.694297 0.007751 -40.840182 0.029319 0.019231 0.999385 2.426921
0.693763 0.719393 -0.034142 71.327018 -0.719605 0.694339 0.007839 -40.840516 0.029345 0.019130 0.999386 2.426926
0.693793 0.719370 -0.034043 71.326671 -0.719576 0.694368 0.007969 -40.840696 0.029371 0.018968 0.999389 2.426925
0.693848 0.719324 -0.033884 71.326027 -0.719522 0.694422 0.008125 -40.840944 0.029374 0.018743 0.999393 2.426919
0.693855 0.719314 -0.033947 71.325928 -0.719513 0.694431 0.008141 -40.841168 0.029430 0.018776 0.999390 2.426923
0.693865 0.719299 -0.034081 71.325581 -0.719504 0.694442 0.008013 -40.841347 0.029431 0.018962 0.999387 2.426921
0.693924 0.719237 -0.034157 71.325234 -0.719447 0.694503 0.007917 -40.841527 0.029416 0.019080 0.999385 2.426919
0.693967 0.719200 -0.034082 71.325135 -0.719407 0.694543 0.007940 -40.841750 0.029382 0.019009 0.999387 2.426923
0.693939 0.719229 -0.034043 71.324813 -0.719433 0.694516 0.008024 -40.841874 0.029415 0.018923 0.999388 2.426920
0.693927 0.719246 -0.033915 71.324689 -0.719445 0.694502 0.008144 -40.842153 0.029411 0.018749 0.999392 2.426925
0.693968 0.719208 -0.033882 71.324367 -0.719404 0.694543 0.008196 -40.842277 0.029427 0.018687 0.999392 2.426922
0.693984 0.719192 -0.033900 71.324044 -0.719391 0.694558 0.008087 -40.842401 0.029362 0.018775 0.999393 2.426919
0.693994 0.719183 -0.033881 71.323970 -0.719384 0.694567 0.008029 -40.842569 0.029307 0.018801 0.999394 2.426922
0.694002 0.719172 -0.033950 71.323648 -0.719376 0.694575 0.007970 -40.842693 0.029313 0.018892 0.999392 2.426919
0.694009 0.719164 -0.033987 71.323549 -0.719368 0.694583 0.007998 -40.842916 0.029359 0.018898 0.999390 2.426923
0.694018 0.719158 -0.033921 71.323450 -0.719357 0.694593 0.008132 -40.843139 0.029409 0.018758 0.999391 2.426927
0.694024 0.719155 -0.033864 71.323152 -0.719352 0.694598 0.008151 -40.843207 0.029384 0.018703 0.999393 2.426923
0.694029 0.719153 -0.033822 71.323078 -0.719348 0.694601 0.008163 -40.843375 0.029364 0.018664 0.999395 2.426926
0.694007 0.719169 -0.033914 71.322731 -0.719365 0.694583 0.008204 -40.843555 0.029456 0.018703 0.999391 2.426924
0.693992 0.719176 -0.034083 71.322657 -0.719374 0.694574 0.008237 -40.843722 0.029597 0.018802 0.999385 2.426927
0.694009 0.719157 -0.034119 71.322557 -0.719356 0.694593 0.008259 -40.843945 0.029639 0.018812 0.999384 2.426931
0.694022 0.719145 -0.034105 71.322260 -0.719340 0.694608 0.008378 -40.844013 0.029715 0.018719 0.999383 2.426927
0.694102 0.719071 -0.034053 71.322186 -0.719262 0.694688 0.008468 -40.844181 0.029745 0.018615 0.999384 2.426930
0.694145 0.719033 -0.033975 71.321913 -0.719222 0.694728 0.008484 -40.844193 0.029704 0.018546 0.999387 2.426925
0.694225 0.718955 -0.033982 71.321839 -0.719143 0.694810 0.008530 -40.844360 0.029744 0.018517 0.999386 2.426928
0.694329 0.718854 -0.034013 71.321566 -0.719041 0.694915 0.008579 -40.844373 0.029803 0.018501 0.999385 2.426923
0.694530 0.718659 -0.034025 71.321269 -0.718844 0.695118 0.008642 -40.844441 0.029862 0.018457 0.999384 2.426919
0.694696 0.718503 -0.033930 71.320996 -0.718686 0.695281 0.008637 -40.844454 0.029796 0.018385 0.999387 2.426914
0.694776 0.718444 -0.033546 71.320476 -0.718628 0.695344 0.008340 -40.844423 0.029318 0.018312 0.999402 2.426903
0.694816 0.718408 -0.033484 71.320228 -0.718595 0.695381 0.008227 -40.844380 0.029195 0.018345 0.999405 2.426897
0.694890 0.718338 -0.033437 71.320178 -0.718527 0.695452 0.008137 -40.844491 0.029098 0.018371 0.999408 2.426899
0.694924 0.718307 -0.033420 71.319906 -0.718497 0.695483 0.008066 -40.844504 0.029037 0.018407 0.999409 2.426894
0.694782 0.718444 -0.033427 71.319583 -0.718635 0.695341 0.008044 -40.844628 0.029022 0.018434 0.999409 2.426892
0.694730 0.718489 -0.033529 71.319509 -0.718678 0.695294 0.008176 -40.844795 0.029187 0.018417 0.999404 2.426894
0.694712 0.718503 -0.033594 71.319459 -0.718692 0.695280 0.008235 -40.844907 0.029274 0.018422 0.999402 2.426896
0.694642 0.718569 -0.033626 71.319360 -0.718760 0.695210 0.008196 -40.845130 0.029267 0.018476 0.999401 2.426900
0.694528 0.718678 -0.033658 71.319286 -0.718869 0.695097 0.008203 -40.845297 0.029291 0.018498 0.999400 2.426903
0.694459 0.718742 -0.033701 71.319236 -0.718934 0.695030 0.008222 -40.845409 0.029333 0.018519 0.999398 2.426905
0.694453 0.718750 -0.033677 71.319385 -0.718940 0.695023 0.008255 -40.845675 0.029340 0.018479 0.999399 2.426915
0.694408 0.718794 -0.033650 71.319336 -0.718983 0.694979 0.008290 -40.845787 0.029345 0.018437 0.999399 2.426917
0.694318 0.718881 -0.033652 71.319261 -0.719068 0.694890 0.008338 -40.845954 0.029378 0.018409 0.999399 2.426920
0.694268 0.718927 -0.033685 71.319212 -0.719114 0.694841 0.008381 -40.846066 0.029431 0.018404 0.999397 2.426922
0.694246 0.718947 -0.033727 71.319137 -0.719134 0.694821 0.008384 -40.846233 0.029462 0.018434 0.999396 2.426925
0.694241 0.718951 -0.033758 71.319088 -0.719140 0.694815 0.008356 -40.846344 0.029463 0.018476 0.999395 2.426927
0.694241 0.718945 -0.033872 71.319038 -0.719134 0.694820 0.008433 -40.846456 0.029598 0.018503 0.999391 2.426929
0.694283 0.718895 -0.034066 71.318989 -0.719086 0.694869 0.008502 -40.846567 0.029784 0.018594 0.999383 2.426931
0.694306 0.718870 -0.034121 71.318964 -0.719057 0.694897 0.008633 -40.846623 0.029916 0.018541 0.999380 2.426932
0.694340 0.718838 -0.034127 71.318914 -0.719022 0.694932 0.008724 -40.846735 0.029988 0.018481 0.999379 2.426934
0.694376 0.718800 -0.034178 71.318667 -0.718984 0.694971 0.008781 -40.846692 0.030065 0.018476 0.999377 2.426928
0.694443 0.718733 -0.034239 71.318642 -0.718916 0.695041 0.008854 -40.846747 0.030161 0.018467 0.999374 2.426929
0.694690 0.718495 -0.034213 71.318369 -0.718675 0.695289 0.008902 -40.846760 0.030184 0.018404 0.999375 2.426924
0.694949 0.718257 -0.033945 71.317923 -0.718435 0.695538 0.008808 -40.846562 0.029936 0.018266 0.999385 2.426910
0.695053 0.718167 -0.033731 71.317898 -0.718345 0.695633 0.008677 -40.846618 0.029696 0.018200 0.999393 2.426911
0.695158 0.718068 -0.033675 71.317675 -0.718251 0.695733 0.008483 -40.846519 0.029520 0.018289 0.999397 2.426904
0.695261 0.717975 -0.033545 71.317452 -0.718159 0.695829 0.008361 -40.846420 0.029344 0.018277 0.999402 2.426897
0.695433 0.717802 -0.033659 71.317948 -0.717987 0.696006 0.008400 -40.847107 0.029457 0.018325 0.999398 2.426925
0.695651 0.717579 -0.033920 71.319385 -0.717763 0.696234 0.008558 -40.848680 0.029758 0.018393 0.999388 2.426993
0.696115 0.717124 -0.034034 71.319435 -0.717306 0.696704 0.008704 -40.848568 0.029953 0.018354 0.999383 2.426991
0.696560 0.716694 -0.033973 71.320228 -0.716872 0.697149 0.008788 -40.849187 0.029983 0.018233 0.999384 2.427023
0.696964 0.716294 -0.034113 71.321914 -0.716475 0.697558 0.008783 -40.850803 0.030087 0.018320 0.999379 2.427097
0.697503 0.715766 -0.034195 71.325607 -0.715945 0.698101 0.008868 -40.854512 0.030219 0.018296 0.999376 2.427264
0.698200 0.715087 -0.034166 71.331531 -0.715264 0.698798 0.008911 -40.860412 0.030247 0.018216 0.999376 2.427531
0.699013 0.714289 -0.034226 71.339809 -0.714466 0.699613 0.008908 -40.868827 0.030307 0.018227 0.999374 2.427908
0.699812 0.713508 -0.034195 71.350690 -0.713683 0.700412 0.008954 -40.879798 0.030339 0.018139 0.999375 2.428402
0.700531 0.712807 -0.034097 71.361596 -0.712977 0.701129 0.009024 -40.890714 0.030339 0.017988 0.999378 2.428895
0.701317 0.712037 -0.034020 71.373766 -0.712209 0.701911 0.008892 -40.902992 0.030210 0.017993 0.999382 2.429447
0.702007 0.711368 -0.033791 71.385961 -0.711543 0.702589 0.008636 -40.915214 0.029885 0.017981 0.999392 2.429999
0.702836 0.710556 -0.033637 71.398900 -0.710735 0.703410 0.008375 -40.928166 0.029611 0.018021 0.999399 2.430583
0.704499 0.708915 -0.033478 71.424801 -0.709104 0.705060 0.007897 -40.954016 0.029202 0.018176 0.999408 2.431752
0.705382 0.708039 -0.033442 71.439623 -0.708230 0.705939 0.007774 -40.968739 0.029112 0.018201 0.999410 2.432419
0.706167 0.707259 -0.033360 71.454049 -0.707450 0.706721 0.007695 -40.983153 0.029019 0.018166 0.999414 2.433070
0.706892 0.706542 -0.033193 71.469466 -0.706732 0.707440 0.007639 -40.998340 0.028879 0.018059 0.999420 2.433760
0.707441 0.706003 -0.032964 71.481165 -0.706194 0.707979 0.007419 -41.009875 0.028576 0.018031 0.999429 2.434284
0.708010 0.705441 -0.032782 71.493806 -0.705638 0.708537 0.007087 -41.022295 0.028227 0.018114 0.999437 2.434849
0.708520 0.704935 -0.032656 71.505505 -0.705138 0.709038 0.006772 -41.033830 0.027928 0.018228 0.999444 2.435373
0.708962 0.704491 -0.032644 71.517378 -0.704699 0.709476 0.006572 -41.045575 0.027790 0.018345 0.999445 2.435906
0.709284 0.704165 -0.032679 71.528556 -0.704375 0.709798 0.006525 -41.056478 0.027791 0.018390 0.999445 2.436404
0.709645 0.703799 -0.032719 71.538942 -0.704009 0.710161 0.006547 -41.066161 0.027844 0.018389 0.999443 2.436855
0.710118 0.703319 -0.032781 71.553912 -0.703530 0.710636 0.006538 -41.079949 0.027894 0.018420 0.999441 2.437500
0.710335 0.703097 -0.032834 71.561150 -0.703307 0.710856 0.006600 -41.086499 0.027981 0.018404 0.999439 2.437809
0.710460 0.702972 -0.032801 71.568040 -0.703182 0.710979 0.006580 -41.092628 0.027947 0.018390 0.999440 2.438100
0.710418 0.703016 -0.032781 71.571188 -0.703227 0.710935 0.006515 -41.095160 0.027885 0.018424 0.999441 2.438226
0.710341 0.703091 -0.032852 71.572155 -0.703304 0.710859 0.006477 -41.095389 0.027907 0.018504 0.999439 2.438251
0.710307 0.703120 -0.032945 71.571981 -0.703335 0.710829 0.006510 -41.094577 0.027996 0.018548 0.999436 2.438226
0.710340 0.703075 -0.033209 71.571411 -0.703292 0.710870 0.006571 -41.093456 0.028227 0.018688 0.999427 2.438186
0.710418 0.702986 -0.033411 71.570668 -0.703201 0.710958 0.006782 -41.092125 0.028522 0.018677 0.999419 2.438137
0.710475 0.702927 -0.033462 71.569899 -0.703136 0.711020 0.007013 -41.090849 0.028722 0.018545 0.999415 2.438089
0.710529 0.702874 -0.033420 71.569329 -0.703081 0.711075 0.007085 -41.089728 0.028744 0.018463 0.999416 2.438049
0.710600 0.702806 -0.033327 71.568932 -0.703012 0.711143 0.007067 -41.088818 0.028667 0.018407 0.999420 2.438018
0.710711 0.702693 -0.033365 71.568511 -0.702902 0.711253 0.006966 -41.087362 0.028626 0.018502 0.999419 2.437972
0.710790 0.702611 -0.033416 71.568263 -0.702822 0.711332 0.006916 -41.086718 0.028629 0.018569 0.999418 2.437950
0.710830 0.702566 -0.033487 71.568412 -0.702777 0.711376 0.006973 -41.086383 0.028721 0.018577 0.999415 2.437944
0.710868 0.702529 -0.033472 71.568362 -0.702737 0.711415 0.007050 -41.085894 0.028766 0.018511 0.999415 2.437931
0.710916 0.702483 -0.033397 71.568511 -0.702689 0.711462 0.007077 -41.085559 0.028732 0.018436 0.999417 2.437925
0.710953 0.702450 -0.033316 71.568635 -0.702657 0.711494 0.006986 -41.085280 0.028611 0.018443 0.999420 2.437920
0.710984 0.702414 -0.033417 71.568759 -0.702623 0.711528 0.007001 -41.085002 0.028695 0.018502 0.999417 2.437915
0.710993 0.702402 -0.033455 71.568883 -0.702612 0.711539 0.007011 -41.084723 0.028729 0.018521 0.999416 2.437910
0.711020 0.702376 -0.033433 71.569006 -0.702586 0.711565 0.006974 -41.084444 0.028689 0.018531 0.999417 2.437905
0.711048 0.702352 -0.033341 71.569329 -0.702562 0.711589 0.006926 -41.084320 0.028590 0.018499 0.999420 2.437908
0.711104 0.702298 -0.033309 71.569502 -0.702506 0.711644 0.006949 -41.083929 0.028585 0.018459 0.999421 2.437901
0.711129 0.702269 -0.033372 71.569601 -0.702479 0.711671 0.006944 -41.083706 0.028626 0.018505 0.999419 2.437897
