1.000000 0.000413 -0.000372 0.616492 -0.000413 1.000000 -0.000643 -0.004976 0.000372 0.000643 1.000000 0.001035
0.999998 0.001148 -0.001488 1.248243 -0.001149 0.999999 -0.000696 -0.011323 0.001487 0.000698 0.999999 0.002124
0.999985 0.002033 -0.005011 2.510829 -0.002029 0.999998 0.000811 -0.024500 0.005013 -0.000801 0.999987 0.004311
0.999981 0.002342 -0.005635 3.146598 -0.002335 0.999997 0.001193 -0.032463 0.005638 -0.001180 0.999983 0.005443
0.999988 0.002373 -0.004362 3.776199 -0.002364 0.999995 0.002045 -0.040626 0.004367 -0.002035 0.999988 0.006569
0.999987 0.003933 -0.003193 4.402913 -0.003924 0.999988 0.002827 -0.049063 0.003204 -0.002814 0.999991 0.007697
0.999990 0.003943 -0.001929 5.068811 -0.003938 0.999988 0.002908 -0.056393 0.001941 -0.002901 0.999994 0.008860
0.999993 0.003333 -0.001501 5.686013 -0.003329 0.999991 0.002712 -0.061410 0.001510 -0.002707 0.999995 0.009897
0.999986 0.004908 -0.001737 6.298709 -0.004904 0.999986 0.002006 -0.070580 0.001747 -0.001998 0.999996 0.011021
0.999983 0.005578 -0.001731 6.920451 -0.005575 0.999983 0.001517 -0.081759 0.001740 -0.001507 0.999997 0.012203
0.999981 0.005986 -0.001644 7.546073 -0.005981 0.999977 0.003131 -0.092974 0.001663 -0.003121 0.999994 0.013392
0.999985 0.005234 -0.001338 8.159960 -0.005227 0.999973 0.005144 -0.101657 0.001364 -0.005137 0.999986 0.014507
0.999988 0.004648 -0.001591 8.776914 -0.004639 0.999971 0.005983 -0.110800 0.001619 -0.005975 0.999981 0.015637
0.999992 0.004003 -0.000733 9.383675 -0.003998 0.999973 0.006196 -0.117982 0.000758 -0.006193 0.999981 0.016707
0.999992 0.003861 0.000342 10.024415 -0.003864 0.999966 0.007268 -0.126095 -0.000314 -0.007270 0.999974 0.017849
0.999989 0.004614 0.000822 10.603195 -0.004620 0.999963 0.007224 -0.134852 -0.000788 -0.007228 0.999974 0.018913
0.999986 0.005237 0.000515 11.225764 -0.005241 0.999958 0.007584 -0.143532 -0.000475 -0.007587 0.999971 0.020040
0.999981 0.005982 0.001193 11.844258 -0.005992 0.999944 0.008733 -0.153246 -0.001141 -0.008740 0.999961 0.021185
0.999985 0.005515 -0.000608 12.493438 -0.005510 0.999947 0.008742 -0.162999 0.000656 -0.008738 0.999962 0.022376
0.999986 0.004664 -0.002559 13.116962 -0.004644 0.999959 0.007744 -0.170214 0.002595 -0.007732 0.999967 0.023473
0.999986 0.004363 -0.002837 13.737403 -0.004344 0.999968 0.006781 -0.176151 0.002867 -0.006769 0.999973 0.024535
0.999987 0.004236 -0.002969 14.356022 -0.004217 0.999971 0.006398 -0.180977 0.002996 -0.006386 0.999975 0.025570
0.999989 0.004430 -0.001761 14.982708 -0.004418 0.999968 0.006668 -0.187913 0.001790 -0.006660 0.999976 0.026665
0.999990 0.004432 0.000462 15.612065 -0.004436 0.999963 0.007434 -0.194689 -0.000429 -0.007436 0.999972 0.027760
0.999990 0.004411 0.001111 16.217179 -0.004420 0.999961 0.007633 -0.201357 -0.001077 -0.007638 0.999970 0.028816
0.999989 0.004577 0.001431 16.849595 -0.004587 0.999964 0.007159 -0.208183 -0.001398 -0.007165 0.999973 0.029917
0.999993 0.003706 -0.000171 17.489842 -0.003705 0.999970 0.006855 -0.213385 0.000197 -0.006854 0.999976 0.030993
0.999991 0.004125 -0.000464 18.090324 -0.004122 0.999970 0.006511 -0.220552 0.000491 -0.006509 0.999979 0.032053
0.999992 0.003920 -0.001239 18.737688 -0.003912 0.999972 0.006342 -0.226709 0.001264 -0.006337 0.999979 0.033161
0.999994 0.003419 -0.000687 19.362267 -0.003414 0.999976 0.006020 -0.231993 0.000707 -0.006018 0.999982 0.034215
0.999992 0.003900 0.000463 19.964543 -0.003903 0.999978 0.005311 -0.238770 -0.000443 -0.005312 0.999986 0.035270
0.999993 0.003592 0.000874 20.584505 -0.003595 0.999985 0.004200 -0.245372 -0.000859 -0.004203 0.999991 0.036347
0.999992 0.003697 0.001661 21.213963 -0.003706 0.999979 0.005245 -0.251682 -0.001641 -0.005251 0.999985 0.037431
0.999991 0.004240 0.000619 21.836495 -0.004243 0.999974 0.005861 -0.258452 -0.000595 -0.005863 0.999983 0.038516
0.999989 0.004613 0.001168 22.416660 -0.004619 0.999975 0.005281 -0.265381 -0.001143 -0.005286 0.999985 0.039541
0.999988 0.004137 0.002533 23.051060 -0.004148 0.999980 0.004671 -0.273097 -0.002513 -0.004682 0.999986 0.040664
0.999993 0.003389 0.001812 23.634403 -0.003399 0.999980 0.005278 -0.277808 -0.001794 -0.005284 0.999984 0.041644
0.999992 0.003931 0.001079 24.242739 -0.003938 0.999976 0.005738 -0.284578 -0.001056 -0.005742 0.999983 0.042707
0.999989 0.004649 0.001010 24.869050 -0.004655 0.999975 0.005269 -0.291849 -0.000986 -0.005273 0.999986 0.043809
0.999991 0.003992 0.001565 25.680918 -0.004000 0.999978 0.005211 -0.300389 -0.001544 -0.005217 0.999985 0.045217
0.999992 0.003614 0.001701 26.301837 -0.003621 0.999984 0.004391 -0.305525 -0.001685 -0.004397 0.999989 0.046262
0.999991 0.003506 0.002435 26.926320 -0.003517 0.999983 0.004700 -0.311548 -0.002418 -0.004709 0.999986 0.047333
0.999983 0.003619 0.004653 27.558019 -0.003642 0.999981 0.005035 -0.317924 -0.004635 -0.005052 0.999977 0.048422
0.999986 0.004306 0.002948 28.191810 -0.004319 0.999980 0.004637 -0.325270 -0.002928 -0.004650 0.999985 0.049537
0.999987 0.005178 -0.000141 28.830979 -0.005178 0.999978 0.004228 -0.334068 0.000163 -0.004227 0.999991 0.050692
0.999978 0.006401 -0.001626 29.463894 -0.006393 0.999968 0.004724 -0.344078 0.001656 -0.004713 0.999988 0.051865
0.999973 0.006935 -0.002236 30.104771 -0.006924 0.999963 0.005187 -0.353635 0.002272 -0.005171 0.999984 0.053039
0.999966 0.008047 -0.001904 30.738262 -0.008038 0.999957 0.004692 -0.365272 0.001941 -0.004676 0.999987 0.054250
0.999972 0.007455 -0.000455 31.374194 -0.007453 0.999964 0.004129 -0.373149 0.000486 -0.004126 0.999991 0.055379
0.999970 0.007730 0.000813 32.000664 -0.007733 0.999961 0.004356 -0.383092 -0.000779 -0.004363 0.999990 0.056541
0.999964 0.008529 0.000233 32.635007 -0.008530 0.999947 0.005768 -0.393593 -0.000183 -0.005770 0.999983 0.057727
0.999966 0.008043 0.001909 33.279552 -0.008054 0.999952 0.005611 -0.400814 -0.001863 -0.005627 0.999982 0.058855
0.999962 0.008703 0.000948 33.933982 -0.008708 0.999949 0.005065 -0.410985 -0.000904 -0.005073 0.999987 0.060064
0.999961 0.008731 -0.001041 34.537877 -0.008725 0.999949 0.005045 -0.422425 0.001085 -0.005036 0.999987 0.061226
0.999958 0.009112 -0.000796 35.183875 -0.009108 0.999945 0.005118 -0.434258 0.000842 -0.005110 0.999987 0.062459
0.999960 0.008937 -0.000847 35.815440 -0.008932 0.999943 0.005782 -0.442220 0.000898 -0.005774 0.999983 0.063584
0.999944 0.009753 0.004184 36.471515 -0.009784 0.999925 0.007395 -0.452768 -0.004112 -0.007435 0.999964 0.064804
0.999848 0.010017 0.014257 37.116088 -0.010183 0.999881 0.011601 -0.464246 -0.014139 -0.011745 0.999831 0.066027
0.999599 0.009824 0.026544 37.748869 -0.010238 0.999827 0.015504 -0.475842 -0.026387 -0.015769 0.999527 0.067236
0.999134 0.010635 0.040220 38.388329 -0.011319 0.999795 0.016810 -0.488347 -0.040033 -0.017251 0.999049 0.068475
0.998888 0.010899 0.045872 39.025265 -0.011711 0.999779 0.017471 -0.500245 -0.045671 -0.017989 0.998795 0.069696
0.999068 0.011928 0.041481 39.670811 -0.012736 0.999733 0.019285 -0.514106 -0.041240 -0.019795 0.998953 0.070975
0.999437 0.013238 0.030839 40.324493 -0.013925 0.999657 0.022184 -0.527975 -0.030535 -0.022601 0.999278 0.072266
0.999670 0.014312 0.021322 40.984574 -0.014799 0.999629 0.022863 -0.542349 -0.020987 -0.023171 0.999511 0.073577
0.999728 0.015227 0.017650 41.601326 -0.015613 0.999637 0.021972 -0.555181 -0.017309 -0.022241 0.999603 0.074790
0.999694 0.014669 0.019934 42.251257 -0.015077 0.999677 0.020453 -0.569913 -0.019627 -0.020747 0.999592 0.076094
0.999634 0.014761 0.022692 42.895170 -0.015224 0.999677 0.020349 -0.586836 -0.022384 -0.020687 0.999535 0.077439
0.999636 0.014720 0.022614 43.541272 -0.015183 0.999675 0.020462 -0.601233 -0.022305 -0.020798 0.999535 0.078731
0.999654 0.015299 0.021409 44.187506 -0.015765 0.999639 0.021770 -0.616801 -0.021068 -0.022100 0.999534 0.080048
0.999679 0.015432 0.020077 44.829598 -0.015871 0.999634 0.021894 -0.632748 -0.019732 -0.022206 0.999559 0.081369
0.999696 0.015127 0.019476 45.452708 -0.015540 0.999654 0.021207 -0.646795 -0.019149 -0.021503 0.999585 0.082618
0.999677 0.014954 0.020570 46.107071 -0.015404 0.999642 0.021884 -0.661961 -0.020235 -0.022194 0.999549 0.083939
0.999649 0.015129 0.021734 46.766712 -0.015619 0.999624 0.022553 -0.676289 -0.021384 -0.022885 0.999509 0.085249
0.999634 0.015070 0.022449 47.438614 -0.015563 0.999638 0.021951 -0.692046 -0.022110 -0.022292 0.999507 0.086610
0.999616 0.014914 0.023376 48.105851 -0.015427 0.999641 0.021898 -0.706665 -0.023041 -0.022250 0.999487 0.087938
0.999645 0.013981 0.022686 48.773169 -0.014464 0.999669 0.021291 -0.719727 -0.022381 -0.021612 0.999516 0.089231
0.999716 0.013098 0.019930 49.824385 -0.013485 0.999721 0.019401 -0.741165 -0.019670 -0.019665 0.999613 0.091287
0.999782 0.012461 0.016750 50.539217 -0.012770 0.999748 0.018471 -0.754816 -0.016515 -0.018681 0.999689 0.092665
0.999806 0.012284 0.015387 51.204477 -0.012535 0.999789 0.016292 -0.765924 -0.015184 -0.016482 0.999749 0.093911
0.999832 0.011288 0.014424 51.883135 -0.011506 0.999819 0.015149 -0.775247 -0.014250 -0.015312 0.999781 0.095137
0.999805 0.010600 0.016637 52.559123 -0.010840 0.999838 0.014361 -0.785003 -0.016482 -0.014538 0.999758 0.096369
0.999761 0.009973 0.019459 53.234661 -0.010216 0.999871 0.012428 -0.793895 -0.019332 -0.012623 0.999733 0.097580
0.999776 0.009720 0.018801 53.903071 -0.009894 0.999909 0.009181 -0.804178 -0.018710 -0.009365 0.999781 0.098813
0.999866 0.009106 0.013619 54.549132 -0.009213 0.999927 0.007807 -0.810742 -0.013547 -0.007931 0.999877 0.099928
0.999930 0.010110 0.006149 55.906973 -0.010165 0.999908 0.008997 -0.831179 -0.006058 -0.009059 0.999941 0.102421
0.999862 0.011374 0.012096 56.579570 -0.011488 0.999890 0.009374 -0.843403 -0.011988 -0.009511 0.999883 0.103703
0.999690 0.011637 0.021992 57.235212 -0.011825 0.999894 0.008440 -0.854177 -0.021892 -0.008698 0.999723 0.104928
0.999434 0.012318 0.031315 57.889569 -0.012586 0.999886 0.008367 -0.866177 -0.031209 -0.008756 0.999475 0.106177
0.999259 0.013306 0.036109 58.538861 -0.013635 0.999868 0.008891 -0.878902 -0.035986 -0.009377 0.999308 0.107436
0.999259 0.013575 0.036015 59.216692 -0.013943 0.999853 0.009982 -0.890725 -0.035875 -0.010477 0.999301 0.108717
0.999332 0.014520 0.033547 59.851383 -0.014876 0.999835 0.010381 -0.902284 -0.033391 -0.010873 0.999383 0.109927
0.999419 0.014570 0.030828 60.453874 -0.014934 0.999821 0.011626 -0.914598 -0.030653 -0.012080 0.999457 0.111107
0.999458 0.014988 0.029308 61.089372 -0.015346 0.999810 0.012029 -0.928352 -0.029122 -0.012472 0.999498 0.112368
0.999461 0.015850 0.028741 61.677392 -0.016203 0.999796 0.012074 -0.943427 -0.028544 -0.012533 0.999514 0.113587
0.999468 0.016490 0.028142 62.300030 -0.016862 0.999773 0.013029 -0.958547 -0.027921 -0.013496 0.999519 0.114860
0.999504 0.016707 0.026700 62.914120 -0.017087 0.999755 0.014057 -0.972085 -0.026459 -0.014506 0.999545 0.116084
0.999526 0.017326 0.025432 63.494845 -0.017701 0.999736 0.014625 -0.985472 -0.025172 -0.015069 0.999570 0.117255
0.999534 0.017087 0.025284 64.116573 -0.017460 0.999741 0.014590 -0.998726 -0.025028 -0.015025 0.999574 0.118484
0.999530 0.016339 0.025939 64.727641 -0.016725 0.999751 0.014769 -1.011230 -0.025691 -0.015196 0.999554 0.119680
0.999489 0.016904 0.027143 65.294662 -0.017310 0.999740 0.014821 -1.024634 -0.026885 -0.015284 0.999522 0.120831
0.999476 0.016584 0.027800 65.914754 -0.017016 0.999737 0.015357 -1.038056 -0.027538 -0.015822 0.999496 0.122061
0.999456 0.016845 0.028349 66.496002 -0.017282 0.999734 0.015261 -1.052962 -0.028084 -0.015743 0.999482 0.123267
0.999447 0.017779 0.028113 67.113777 -0.018223 0.999712 0.015635 -1.068011 -0.027827 -0.016139 0.999482 0.124531
0.999479 0.017011 0.027429 67.741114 -0.017440 0.999728 0.015496 -1.080394 -0.027158 -0.015966 0.999504 0.125749
0.999493 0.016357 0.027310 68.609543 -0.016761 0.999752 0.014645 -1.099938 -0.027064 -0.015095 0.999520 0.127489
0.999460 0.017221 0.027983 69.208763 -0.017645 0.999732 0.014984 -1.115344 -0.027717 -0.015469 0.999496 0.128733
0.999437 0.017291 0.028746 69.822317 -0.017749 0.999718 0.015756 -1.129438 -0.028466 -0.016257 0.999463 0.129969
0.999441 0.016994 0.028802 70.424438 -0.017443 0.999729 0.015409 -1.142360 -0.028533 -0.015903 0.999466 0.131161
0.999440 0.017259 0.028665 71.023385 -0.017738 0.999705 0.016566 -1.157771 -0.028370 -0.017066 0.999452 0.132404
0.999477 0.017432 0.027228 71.628960 -0.017914 0.999686 0.017530 -1.174392 -0.026914 -0.018009 0.999476 0.133685
0.999509 0.017584 0.025938 72.266453 -0.018000 0.999712 0.015903 -1.192475 -0.025651 -0.016362 0.999537 0.135047
0.999513 0.017927 0.025541 72.857434 -0.018304 0.999726 0.014596 -1.208204 -0.025272 -0.015056 0.999567 0.136285
0.999510 0.018463 0.025262 73.444495 -0.018836 0.999715 0.014633 -1.224607 -0.024984 -0.015101 0.999574 0.137533
0.999456 0.019080 0.026909 74.621738 -0.019495 0.999694 0.015247 -1.254817 -0.026610 -0.015763 0.999522 0.139976
0.999481 0.019239 0.025849 75.219654 -0.019638 0.999690 0.015281 -1.270630 -0.025547 -0.015781 0.999549 0.141227
0.999516 0.018996 0.024651 75.805674 -0.019373 0.999698 0.015133 -1.286754 -0.024356 -0.015603 0.999582 0.142467
0.999523 0.019161 0.024204 76.376160 -0.019550 0.999682 0.015938 -1.301511 -0.023891 -0.016404 0.999580 0.143653
0.999517 0.019374 0.024304 76.947622 -0.019791 0.999658 0.017066 -1.315894 -0.023965 -0.017538 0.999559 0.144833
0.999494 0.020074 0.024664 77.522120 -0.020511 0.999634 0.017613 -1.331993 -0.024301 -0.018110 0.999541 0.146055
0.999452 0.020697 0.025821 78.094034 -0.021166 0.999613 0.018046 -1.347105 -0.025437 -0.018582 0.999504 0.147251
0.999471 0.019773 0.025840 78.667593 -0.020262 0.999618 0.018791 -1.356944 -0.025459 -0.019304 0.999489 0.148332
0.999451 0.019678 0.026650 79.223803 -0.020181 0.999621 0.018714 -1.370365 -0.026272 -0.019242 0.999470 0.149467
0.999436 0.020153 0.026872 79.763075 -0.020673 0.999602 0.019199 -1.386049 -0.026474 -0.019743 0.999455 0.150627
0.999427 0.020490 0.026927 80.312718 -0.021021 0.999588 0.019558 -1.401534 -0.026515 -0.020113 0.999446 0.151798
0.999406 0.021635 0.026834 80.858692 -0.022145 0.999577 0.018858 -1.419354 -0.026415 -0.019441 0.999462 0.153017
0.999398 0.022370 0.026533 81.413269 -0.022856 0.999574 0.018150 -1.435836 -0.026116 -0.018745 0.999483 0.154218
0.999397 0.023457 0.025618 81.930438 -0.023902 0.999566 0.017192 -1.452080 -0.025204 -0.017794 0.999524 0.155358
0.999394 0.024504 0.024739 82.476678 -0.024915 0.999554 0.016460 -1.469486 -0.024325 -0.017067 0.999558 0.156567
0.999399 0.025563 0.023432 83.004755 -0.025952 0.999527 0.016474 -1.485112 -0.023000 -0.017072 0.999590 0.157709
0.999420 0.026427 0.021488 83.527067 -0.026794 0.999497 0.016956 -1.501831 -0.021029 -0.017522 0.999625 0.158868
0.999431 0.026818 0.020437 84.071697 -0.027177 0.999477 0.017518 -1.517876 -0.019957 -0.018064 0.999638 0.160044
0.999413 0.027618 0.020270 84.586595 -0.027970 0.999459 0.017304 -1.535311 -0.019781 -0.017861 0.999645 0.161207
0.999396 0.028352 0.020073 85.074350 -0.028690 0.999447 0.016789 -1.552366 -0.019586 -0.017354 0.999658 0.162321
0.999390 0.028827 0.019709 85.600517 -0.029157 0.999436 0.016653 -1.570785 -0.019218 -0.017217 0.999667 0.163524
0.999360 0.029179 0.020680 86.121311 -0.029545 0.999409 0.017582 -1.588161 -0.020155 -0.018182 0.999632 0.164694
0.999303 0.030271 0.021823 86.615119 -0.030658 0.999374 0.017656 -1.604800 -0.021275 -0.018313 0.999606 0.165808
0.999225 0.032067 0.022816 87.165988 -0.032456 0.999331 0.016863 -1.627357 -0.022260 -0.017591 0.999597 0.167140
0.999170 0.033630 0.022997 87.708324 -0.034020 0.999281 0.016756 -1.649014 -0.022417 -0.017524 0.999595 0.168439
0.999155 0.034497 0.022344 88.199744 -0.034873 0.999253 0.016660 -1.669247 -0.021752 -0.017425 0.999612 0.169630
0.999101 0.036654 0.021313 88.717029 -0.037018 0.999171 0.016944 -1.691494 -0.020674 -0.017718 0.999629 0.170905
0.999044 0.038107 0.021423 89.198232 -0.038456 0.999130 0.016114 -1.711432 -0.020790 -0.016922 0.999641 0.172074
0.998947 0.039741 0.022934 89.702733 -0.040062 0.999103 0.013693 -1.733351 -0.022369 -0.014598 0.999643 0.173323
0.998820 0.041807 0.024730 90.381371 -0.042111 0.999042 0.011918 -1.764455 -0.024208 -0.012946 0.999623 0.175039
0.998755 0.043262 0.024827 90.890909 -0.043517 0.999004 0.009824 -1.787042 -0.024377 -0.010893 0.999643 0.176310
0.998707 0.045180 0.023298 91.384158 -0.045401 0.998928 0.009047 -1.811552 -0.022864 -0.010093 0.999688 0.177599
0.998618 0.047809 0.021805 91.882052 -0.048006 0.998810 0.008625 -1.839138 -0.021366 -0.009660 0.999725 0.178965
0.998504 0.049794 0.022581 92.381842 -0.050008 0.998708 0.009045 -1.866007 -0.022101 -0.010161 0.999704 0.180318
0.998367 0.051479 0.024751 92.869694 -0.051727 0.998616 0.009466 -1.893759 -0.024230 -0.010731 0.999649 0.181673
0.998188 0.053116 0.028272 93.345680 -0.053392 0.998532 0.009097 -1.920702 -0.027748 -0.010590 0.999559 0.182992
0.997879 0.056679 0.032003 94.296642 -0.056991 0.998335 0.008913 -1.978838 -0.031445 -0.010718 0.999448 0.185723
0.997804 0.057990 0.032007 94.765203 -0.058313 0.998256 0.009243 -2.008571 -0.031416 -0.011089 0.999445 0.187093
0.997636 0.060509 0.032580 95.232273 -0.060850 0.998101 0.009586 -2.040326 -0.031938 -0.011545 0.999423 0.188507
0.997445 0.063234 0.033236 95.701782 -0.063588 0.997929 0.009716 -2.071214 -0.032553 -0.011805 0.999400 0.189905
0.997212 0.066308 0.034219 96.175636 -0.066709 0.997715 0.010737 -2.103684 -0.033429 -0.012989 0.999357 0.191344
0.996938 0.069403 0.036030 96.649030 -0.069797 0.997513 0.009801 -2.137774 -0.035261 -0.012285 0.999303 0.192820
0.996673 0.072167 0.037885 97.131415 -0.072583 0.997315 0.009702 -2.173765 -0.037083 -0.012419 0.999235 0.194352
0.996368 0.075356 0.039644 97.602203 -0.075829 0.997065 0.010560 -2.211561 -0.038732 -0.013528 0.999158 0.195907
0.996022 0.078391 0.042363 98.072251 -0.078861 0.996840 0.009547 -2.250573 -0.041481 -0.012849 0.999057 0.197488
0.995671 0.081819 0.044102 98.521286 -0.082316 0.996560 0.009575 -2.289988 -0.043166 -0.013164 0.998981 0.199047
0.995433 0.084022 0.045317 98.952338 -0.084555 0.996369 0.009972 -2.328493 -0.044314 -0.013759 0.998923 0.200558
0.995108 0.086769 0.047234 99.407843 -0.087365 0.996119 0.010686 -2.369340 -0.046124 -0.014761 0.998827 0.202159
0.994637 0.089873 0.051191 99.863957 -0.090631 0.995804 0.012665 -2.413451 -0.049838 -0.017237 0.998609 0.203834
0.994117 0.092861 0.055758 100.314816 -0.093654 0.995535 0.011781 -2.456870 -0.054415 -0.016934 0.998375 0.205485
0.993552 0.096803 0.059015 100.746537 -0.097527 0.995187 0.009510 -2.501777 -0.057811 -0.015205 0.998212 0.207142
0.993034 0.100291 0.061857 101.180282 -0.101079 0.994831 0.009739 -2.546862 -0.060560 -0.015923 0.998038 0.208805
0.992510 0.104316 0.063572 101.622754 -0.105214 0.994389 0.010935 -2.594264 -0.062075 -0.017542 0.997917 0.210534
0.991854 0.109154 0.065665 102.051618 -0.110230 0.993821 0.012979 -2.641082 -0.063843 -0.020111 0.997757 0.212229
0.991168 0.115030 0.065978 102.477888 -0.116259 0.993104 0.015081 -2.689259 -0.063789 -0.022618 0.997707 0.213950
0.990532 0.121158 0.064560 102.900732 -0.122314 0.992389 0.014252 -2.741022 -0.062342 -0.022014 0.997812 0.215748
0.989897 0.125821 0.065371 103.298188 -0.126986 0.991806 0.013967 -2.792864 -0.063078 -0.022127 0.997763 0.217509
0.989338 0.130245 0.065171 103.713087 -0.131296 0.991270 0.012091 -2.848929 -0.063027 -0.020519 0.997801 0.219391
0.988881 0.134366 0.063714 104.106631 -0.135348 0.990733 0.011335 -2.904613 -0.061601 -0.019832 0.997904 0.221232
0.988434 0.138556 0.061641 104.517866 -0.139617 0.990117 0.013230 -2.966043 -0.059199 -0.021683 0.998011 0.223229
0.988265 0.141144 0.058406 104.911560 -0.142206 0.989732 0.014431 -3.023852 -0.055770 -0.022568 0.998189 0.225119
0.988128 0.144056 0.053395 105.277802 -0.145072 0.989297 0.015659 -3.079514 -0.050568 -0.023219 0.998451 0.226919
0.987948 0.147427 0.047169 105.671830 -0.148292 0.988824 0.015374 -3.143349 -0.044376 -0.022184 0.998769 0.228945
0.987705 0.150847 0.041044 106.069659 -0.151559 0.988337 0.014807 -3.206156 -0.038332 -0.020846 0.999048 0.230953
0.987315 0.154836 0.035151 106.613812 -0.155312 0.987802 0.011219 -3.294102 -0.032985 -0.016536 0.999319 0.233745
0.987015 0.157379 0.032153 107.027416 -0.157621 0.987487 0.005102 -3.362283 -0.030948 -0.010104 0.999470 0.235898
0.986580 0.160145 0.031843 107.435759 -0.160286 0.987069 0.001878 -3.432394 -0.031131 -0.006957 0.999491 0.238086
0.985981 0.163111 0.035151 107.836325 -0.163253 0.986584 0.001191 -3.501207 -0.034485 -0.006913 0.999381 0.240233
0.985472 0.165715 0.037193 108.237479 -0.165818 0.986156 -0.000313 -3.572193 -0.036729 -0.005859 0.999308 0.242430
0.985170 0.167103 0.038936 108.642085 -0.167235 0.985917 0.000139 -3.643849 -0.038364 -0.006649 0.999242 0.244647
0.984918 0.168698 0.038430 109.046248 -0.168859 0.985640 0.000964 -3.717943 -0.037715 -0.007438 0.999261 0.246919
0.984888 0.169280 0.036597 109.469536 -0.169394 0.985548 0.000012 -3.792898 -0.036066 -0.006211 0.999330 0.249238
0.984814 0.170271 0.033898 110.208387 -0.170294 0.985391 -0.002240 -3.928719 -0.033784 -0.003567 0.999423 0.253399
0.984728 0.171014 0.032620 110.637243 -0.171004 0.985265 -0.003135 -4.009298 -0.032676 -0.002491 0.999463 0.255853
0.984636 0.171682 0.031896 111.077617 -0.171689 0.985148 -0.002540 -4.089630 -0.031859 -0.002976 0.999488 0.258319
0.984365 0.173215 0.031961 111.511615 -0.173306 0.984868 0.000099 -4.170684 -0.031460 -0.005636 0.999489 0.260791
0.984145 0.174394 0.032321 111.943211 -0.174565 0.984642 0.002516 -4.251757 -0.031385 -0.008118 0.999474 0.263261
0.984054 0.175042 0.031589 112.379612 -0.175247 0.984517 0.003844 -4.332793 -0.030427 -0.009319 0.999494 0.265737
0.984082 0.175225 0.029637 112.821434 -0.175431 0.984481 0.004486 -4.414706 -0.028391 -0.009613 0.999551 0.268240
0.983958 0.176250 0.027623 113.266699 -0.176439 0.984301 0.004551 -4.496745 -0.026387 -0.009352 0.999608 0.270752
0.983749 0.177734 0.025472 113.707216 -0.177905 0.984037 0.004592 -4.578930 -0.024250 -0.009049 0.999665 0.273260
0.983492 0.179490 0.022954 114.154667 -0.179644 0.983720 0.004793 -4.663820 -0.021720 -0.008838 0.999725 0.275838
0.983247 0.181086 0.020801 114.605977 -0.181266 0.983408 0.007095 -4.747926 -0.019171 -0.010747 0.999758 0.278406
0.982975 0.183097 0.015386 115.434566 -0.183273 0.983001 0.010965 -4.905059 -0.013117 -0.013598 0.999822 0.283180
0.982640 0.185046 0.013326 115.882425 -0.185190 0.982646 0.010545 -4.994281 -0.011144 -0.012830 0.999856 0.285857
0.982347 0.186686 0.011979 116.328781 -0.186812 0.982340 0.010458 -5.081949 -0.009815 -0.012511 0.999874 0.288497
0.982017 0.188551 0.009518 116.786908 -0.188658 0.981970 0.011981 -5.174058 -0.007088 -0.013561 0.999883 0.291254
0.981630 0.190644 0.007574 117.244021 -0.190741 0.981523 0.015189 -5.267524 -0.004538 -0.016355 0.999856 0.294040
0.981168 0.193051 0.006341 117.702591 -0.193136 0.981005 0.018129 -5.359952 -0.002721 -0.019012 0.999816 0.296805
0.980975 0.194091 0.004023 118.159865 -0.194132 0.980768 0.020152 -5.456089 -0.000035 -0.020550 0.999789 0.299652
0.980749 0.195255 0.002622 118.621978 -0.195267 0.980540 0.020312 -5.553963 0.001395 -0.020433 0.999790 0.302545
0.980576 0.196120 0.002779 119.124327 -0.196135 0.980353 0.020948 -5.660098 0.001383 -0.021086 0.999777 0.305684
0.980254 0.197717 0.003062 119.561460 -0.197737 0.980029 0.021068 -5.753701 0.001164 -0.021257 0.999773 0.308443
0.979723 0.200326 0.003634 120.057121 -0.200358 0.979493 0.021226 -5.861275 0.000693 -0.021524 0.999768 0.311604
0.979464 0.201569 0.004478 120.521487 -0.201618 0.979210 0.022323 -5.962790 0.000114 -0.022767 0.999741 0.314583
0.979319 0.202278 0.004220 120.997048 -0.202320 0.979028 0.023894 -6.064362 0.000702 -0.024253 0.999706 0.317579
0.979040 0.203639 0.003320 121.471187 -0.203655 0.978688 0.026360 -6.168610 0.002119 -0.026483 0.999647 0.320633
0.979234 0.202716 0.002541 121.949207 -0.202709 0.978855 0.027409 -6.261729 0.003069 -0.027355 0.999621 0.323443
0.979067 0.203531 0.001911 122.421601 -0.203502 0.978660 0.028490 -6.363308 0.003929 -0.028283 0.999592 0.326434
0.978954 0.204072 0.002063 122.889717 -0.204048 0.978553 0.028254 -6.460929 0.003747 -0.028080 0.999599 0.329331
0.978741 0.205083 0.002471 123.363698 -0.205077 0.978401 0.025962 -6.562642 0.002907 -0.025916 0.999660 0.332328
0.978494 0.206246 0.003518 123.816732 -0.206271 0.978211 0.023558 -6.662654 0.001417 -0.023777 0.999716 0.335255
0.978209 0.207569 0.004773 124.286642 -0.207623 0.977990 0.020667 -6.765673 -0.000378 -0.021208 0.999775 0.338275
0.977778 0.209564 0.005778 124.767552 -0.209639 0.977568 0.020286 -6.872711 -0.001397 -0.021047 0.999778 0.341402
0.977384 0.211445 0.003451 125.564558 -0.211463 0.977050 0.025629 -7.051494 0.002047 -0.025779 0.999666 0.346616
0.977371 0.211529 0.001239 126.049011 -0.211486 0.977015 0.026764 -7.158328 0.004451 -0.026420 0.999641 0.349744
0.977345 0.211652 0.001014 127.033673 -0.211627 0.977131 0.020729 -7.376414 0.003396 -0.020474 0.999785 0.356122
0.977168 0.212455 0.002144 127.522920 -0.212460 0.977014 0.017427 -7.485557 0.001607 -0.017484 0.999846 0.359309
0.976842 0.213901 0.005140 128.024200 -0.213958 0.976698 0.016842 -7.598591 -0.001417 -0.017552 0.999845 0.362602
0.976496 0.215400 0.007695 128.523498 -0.215511 0.976312 0.019207 -7.710734 -0.003376 -0.020414 0.999786 0.365871
0.976339 0.216075 0.008546 129.019767 -0.216210 0.976124 0.020847 -7.821572 -0.003837 -0.022201 0.999746 0.369107
0.976311 0.216215 0.008282 129.512524 -0.216337 0.976135 0.018925 -7.931493 -0.003992 -0.020268 0.999787 0.372316
0.976197 0.216690 0.009247 130.053973 -0.216819 0.976072 0.016545 -8.055028 -0.005440 -0.018156 0.999820 0.375905
0.976058 0.217288 0.009873 130.539080 -0.217413 0.975977 0.014161 -8.167444 -0.006559 -0.015969 0.999851 0.379159
0.975483 0.219850 0.009967 131.053779 -0.219973 0.975412 0.013571 -8.288326 -0.006739 -0.015431 0.999858 0.382648
0.975167 0.221316 0.008282 131.575706 -0.221417 0.975073 0.014416 -8.413137 -0.004885 -0.015892 0.999862 0.386237
0.974816 0.222920 0.006359 132.050110 -0.222994 0.974697 0.015475 -8.531299 -0.002748 -0.016503 0.999860 0.389604
0.974734 0.223311 0.005051 132.562232 -0.223365 0.974595 0.016529 -8.654496 -0.001231 -0.017239 0.999851 0.393141
0.974555 0.224102 0.004604 133.083389 -0.224149 0.974403 0.017228 -8.779020 -0.000625 -0.017822 0.999841 0.396722
0.974629 0.223794 0.003825 133.565918 -0.223826 0.974477 0.017194 -8.890858 0.000121 -0.017614 0.999845 0.399959
0.974484 0.224433 0.003218 134.091870 -0.224455 0.974328 0.017475 -9.014800 0.000786 -0.017752 0.999842 0.403534
0.974334 0.225082 0.003401 134.624443 -0.225106 0.974168 0.017977 -9.142435 0.000733 -0.018281 0.999833 0.407202
0.973989 0.226571 0.003416 135.242335 -0.226595 0.973812 0.018553 -9.291632 0.000877 -0.018844 0.999822 0.411482
0.973840 0.227207 0.003698 135.804402 -0.227236 0.973660 0.018698 -9.425443 0.000648 -0.019049 0.999818 0.415333
0.973611 0.228182 0.003788 136.303250 -0.228213 0.973442 0.018144 -9.545401 0.000452 -0.018529 0.999828 0.418777
0.973061 0.230513 0.003956 136.833827 -0.230546 0.972906 0.017409 -9.677115 0.000164 -0.017852 0.999841 0.422533
0.972255 0.233892 0.003825 137.363446 -0.233923 0.972105 0.017063 -9.810156 0.000272 -0.017485 0.999847 0.426318
0.971433 0.237288 0.003365 137.898741 -0.237312 0.971306 0.015765 -9.945873 0.000473 -0.016113 0.999870 0.430172
0.968208 0.250136 -0.002189 141.761709 -0.250083 0.968124 0.013922 -10.966185 0.005602 -0.012932 0.999901 0.458900
0.968087 0.250596 -0.003030 142.283753 -0.250531 0.968005 0.014187 -11.105676 0.006488 -0.012975 0.999895 0.462818
0.967839 0.251547 -0.003397 143.446187 -0.251495 0.967792 0.011311 -11.420054 0.006133 -0.010093 0.999930 0.471628
0.967978 0.251006 -0.003858 144.567006 -0.250971 0.967963 0.007808 -11.719727 0.005694 -0.006590 0.999962 0.480045
0.967961 0.251065 -0.004190 145.133252 -0.251034 0.967954 0.006835 -11.872154 0.005771 -0.005564 0.999968 0.484321
0.968125 0.250417 -0.005063 145.695182 -0.250387 0.968128 0.005945 -12.021470 0.006391 -0.004488 0.999970 0.488520
0.968236 0.249959 -0.006241 146.260851 -0.249938 0.968254 0.003938 -12.172270 0.007027 -0.002253 0.999973 0.492758
0.968443 0.249165 -0.005865 146.818930 -0.249160 0.968461 0.001602 -12.323052 0.006079 -0.000090 0.999982 0.496984
0.968578 0.248648 -0.005502 147.379649 -0.248655 0.968592 -0.000554 -12.474794 0.005191 0.001905 0.999985 0.501236
0.968621 0.248485 -0.005333 147.951991 -0.248500 0.968629 -0.002258 -12.628987 0.004605 0.003513 0.999983 0.505561
0.968704 0.248168 -0.005076 148.519099 -0.248188 0.968705 -0.003726 -12.780823 0.003992 0.004869 0.999980 0.509824
0.968963 0.247157 -0.004882 149.087358 -0.247177 0.968962 -0.004056 -12.932748 0.003728 0.005137 0.999980 0.514091
0.969407 0.245389 -0.005779 149.997807 -0.245421 0.969401 -0.005522 -13.178843 0.004247 0.006772 0.999968 0.520989
0.969652 0.244440 -0.004880 150.585412 -0.244472 0.969628 -0.007372 -13.337438 0.002930 0.008341 0.999961 0.525435
0.969991 0.243092 -0.004929 151.156294 -0.243125 0.969963 -0.007894 -13.489503 0.002862 0.008855 0.999957 0.529709
0.970383 0.241519 -0.005085 151.742914 -0.241551 0.970363 -0.007003 -13.639518 0.003243 0.008024 0.999963 0.533961
0.970575 0.240709 -0.006597 152.369068 -0.240748 0.970570 -0.005816 -13.803814 0.005003 0.007234 0.999961 0.538593
0.970941 0.239164 -0.008647 152.896023 -0.239210 0.970957 -0.004651 -13.940182 0.007284 0.006584 0.999952 0.542449
0.971189 0.238149 -0.008743 153.506400 -0.238192 0.971209 -0.004271 -14.098967 0.007475 0.006230 0.999953 0.546933
0.971424 0.237227 -0.007621 154.077870 -0.237261 0.971438 -0.003885 -14.247554 0.006482 0.005582 0.999963 0.551130
0.971649 0.236350 -0.006137 154.646788 -0.236376 0.971653 -0.004053 -14.396927 0.005005 0.005389 0.999973 0.555341
0.971875 0.235425 -0.005859 155.213858 -0.235451 0.971877 -0.004241 -14.541068 0.004695 0.005501 0.999974 0.559431
0.971941 0.235113 -0.007212 155.781345 -0.235148 0.971950 -0.004371 -14.686921 0.005982 0.005944 0.999964 0.563561
0.972099 0.234393 -0.009150 156.346445 -0.234441 0.972120 -0.004567 -14.830854 0.007824 0.006584 0.999948 0.567644
0.972127 0.234175 -0.011486 156.919196 -0.234242 0.972167 -0.004782 -14.977942 0.010046 0.007339 0.999923 0.571809
0.972029 0.234459 -0.013741 157.486632 -0.234555 0.972085 -0.005847 -15.126853 0.011987 0.008907 0.999888 0.576007
0.972207 0.233625 -0.015227 158.052957 -0.233731 0.972285 -0.005587 -15.271936 0.013500 0.008991 0.999868 0.580118
0.972390 0.232857 -0.015325 158.604854 -0.232956 0.972474 -0.005013 -15.413557 0.013736 0.008445 0.999870 0.584129
0.972725 0.231417 -0.015899 159.697457 -0.231471 0.972841 -0.001573 -15.688334 0.015103 0.005210 0.999872 0.591944
0.972956 0.230448 -0.015824 160.265811 -0.230476 0.973078 0.000072 -15.828219 0.015415 0.003577 0.999875 0.595941
0.973020 0.230180 -0.015752 160.798154 -0.230189 0.973145 0.001308 -15.960800 0.015630 0.002353 0.999875 0.599719
0.973103 0.229891 -0.014872 161.382618 -0.229898 0.973214 0.001273 -16.106572 0.014766 0.002180 0.999889 0.603872
0.973098 0.230013 -0.013235 161.937918 -0.230016 0.973186 0.001289 -16.243378 0.013176 0.001790 0.999912 0.607780
0.973124 0.230124 -0.008554 163.035309 -0.230108 0.973161 0.002763 -16.508620 0.008960 -0.000721 0.999960 0.615388
0.973121 0.230121 -0.008902 163.593790 -0.230116 0.973162 0.001593 -16.643346 0.009029 0.000498 0.999959 0.619254
0.973262 0.229518 -0.009066 164.134179 -0.229511 0.973304 0.001909 -16.777081 0.009262 0.000223 0.999957 0.623070
0.973383 0.229028 -0.008474 164.701248 -0.229005 0.973419 0.003551 -16.915436 0.009063 -0.001516 0.999958 0.627030
0.973503 0.228494 -0.009110 165.269082 -0.228461 0.973542 0.004550 -17.053803 0.009909 -0.002348 0.999948 0.630992
0.973516 0.228439 -0.009115 165.799368 -0.228419 0.973558 0.003144 -17.178916 0.009592 -0.000978 0.999954 0.634600
0.973689 0.227719 -0.008562 166.565913 -0.227692 0.973725 0.003992 -17.360850 0.009246 -0.001937 0.999955 0.639839
0.973809 0.227213 -0.008395 167.135176 -0.227193 0.973844 0.003284 -17.496816 0.008922 -0.001291 0.999959 0.643749
0.973664 0.227838 -0.008292 167.708617 -0.227822 0.973699 0.002868 -17.637204 0.008727 -0.000903 0.999962 0.647764
0.973636 0.227959 -0.008253 168.320828 -0.227938 0.973670 0.003339 -17.789103 0.008797 -0.001370 0.999960 0.652097
0.973547 0.228343 -0.008091 168.856512 -0.228331 0.973581 0.002418 -17.922274 0.008429 -0.000507 0.999964 0.655893
0.973633 0.227939 -0.009048 169.469988 -0.227946 0.973674 0.000191 -18.074613 0.008853 0.001876 0.999959 0.660238
0.973726 0.227531 -0.009398 170.042056 -0.227546 0.973767 -0.000564 -18.214618 0.009023 0.002688 0.999956 0.664243
0.973837 0.227070 -0.009027 170.609148 -0.227085 0.973875 -0.000716 -18.354200 0.008629 0.002748 0.999959 0.668231
0.973790 0.227288 -0.008588 171.184211 -0.227303 0.973824 -0.000836 -18.496496 0.008173 0.002766 0.999963 0.672292
0.973822 0.227153 -0.008525 171.742837 -0.227164 0.973857 -0.000326 -18.635968 0.008229 0.002254 0.999964 0.676264
0.973872 0.226947 -0.008307 172.313409 -0.226949 0.973906 0.000762 -18.777585 0.008264 0.001143 0.999965 0.680303
0.974006 0.226410 -0.007165 172.882916 -0.226408 0.974032 0.001098 -18.914937 0.007228 0.000553 0.999974 0.684245
0.974067 0.226174 -0.006210 173.463081 -0.226173 0.974087 0.000882 -19.055661 0.006248 0.000546 0.999980 0.688278
0.974195 0.225649 -0.005184 174.039801 -0.225645 0.974209 0.001476 -19.193366 0.005383 -0.000268 0.999985 0.692238
0.974260 0.225383 -0.004392 174.616590 -0.225373 0.974269 0.002627 -19.334618 0.004871 -0.001569 0.999987 0.696278
0.974339 0.225041 -0.004565 175.194512 -0.225025 0.974346 0.003734 -19.475139 0.005288 -0.002611 0.999983 0.700303
0.974389 0.224808 -0.005259 175.770299 -0.224780 0.974395 0.005328 -19.615400 0.006322 -0.004009 0.999972 0.704320
0.974407 0.224716 -0.005748 176.319747 -0.224679 0.974412 0.006400 -19.748799 0.007039 -0.004945 0.999963 0.708142
0.974482 0.224393 -0.005650 176.946161 -0.224352 0.974483 0.007000 -19.898214 0.007077 -0.005554 0.999960 0.712440
0.974543 0.224142 -0.005098 177.479277 -0.224110 0.974544 0.006248 -20.025702 0.006369 -0.004947 0.999967 0.716105
0.974632 0.223763 -0.004728 178.050263 -0.223736 0.974634 0.005609 -20.166138 0.005863 -0.004409 0.999973 0.720118
0.974417 0.224707 -0.004185 178.643054 -0.224686 0.974418 0.004993 -20.313197 0.005200 -0.003925 0.999979 0.724313
0.974376 0.224889 -0.004001 179.222788 -0.224871 0.974379 0.004400 -20.457176 0.004888 -0.003387 0.999982 0.728419
0.974419 0.224695 -0.004453 179.807664 -0.224682 0.974427 0.003255 -20.598737 0.005071 -0.002171 0.999985 0.732478
0.974476 0.224442 -0.004656 180.390446 -0.224433 0.974487 0.002361 -20.742085 0.005067 -0.001256 0.999986 0.736574
0.974684 0.223538 -0.004782 180.970955 -0.223534 0.974695 0.001336 -20.880973 0.004960 -0.000233 0.999988 0.740566
0.974705 0.223443 -0.004821 181.544949 -0.223439 0.974717 0.001356 -21.018731 0.005002 -0.000244 0.999987 0.744523
0.974891 0.222633 -0.004741 182.131265 -0.222626 0.974902 0.001979 -21.155679 0.005062 -0.000874 0.999987 0.748481
0.974979 0.222254 -0.004412 182.710834 -0.222249 0.974989 0.001658 -21.291064 0.004670 -0.000636 0.999989 0.752393
0.975024 0.222066 -0.003964 183.279127 -0.222062 0.975032 0.001343 -21.427675 0.004163 -0.000430 0.999991 0.756316
0.975038 0.222025 -0.002594 183.851121 -0.222019 0.975039 0.002380 -21.566618 0.003057 -0.001744 0.999994 0.760297
0.975042 0.222020 -0.000966 184.425180 -0.222015 0.975036 0.003748 -21.705029 0.001774 -0.003440 0.999993 0.764269
0.974979 0.222296 0.000138 184.969840 -0.222295 0.974971 0.004049 -21.836527 0.000766 -0.003978 0.999992 0.768042
0.975176 0.221431 0.000198 185.534133 -0.221430 0.975168 0.003976 -21.969585 0.000688 -0.003921 0.999992 0.771879
0.975264 0.221043 -0.000508 186.107274 -0.221039 0.975255 0.004385 -22.105721 0.001465 -0.004165 0.999990 0.775798
0.975174 0.221432 -0.002008 186.663495 -0.221418 0.975164 0.005484 -22.239289 0.003172 -0.004904 0.999983 0.779635
0.975073 0.221855 -0.003485 187.227847 -0.221829 0.975063 0.006577 -22.378378 0.004857 -0.005640 0.999972 0.783608
0.975120 0.221630 -0.004549 187.803961 -0.221586 0.975103 0.008608 -22.515713 0.006344 -0.007386 0.999953 0.787559
0.975326 0.220711 -0.005113 188.349900 -0.220655 0.975304 0.009663 -22.642683 0.007119 -0.008296 0.999940 0.791231
0.975303 0.220819 -0.004793 188.918608 -0.220760 0.975270 0.010638 -22.778249 0.007023 -0.009317 0.999932 0.795131
0.975358 0.220594 -0.003901 189.499237 -0.220541 0.975317 0.010907 -22.914733 0.006210 -0.009778 0.999933 0.799070
0.975462 0.220144 -0.003141 190.040675 -0.220094 0.975408 0.011745 -23.043372 0.005649 -0.010765 0.999926 0.802773
0.975416 0.220333 -0.004035 190.603837 -0.220261 0.975347 0.013559 -23.177298 0.006923 -0.012337 0.999900 0.806628
0.975362 0.220491 -0.007283 191.174793 -0.220368 0.975305 0.014794 -23.313340 0.010365 -0.012825 0.999864 0.810542
0.975576 0.219433 -0.010052 192.006472 -0.219292 0.975567 0.013429 -23.506333 0.012753 -0.010896 0.999859 0.816128
0.975768 0.218600 -0.009586 192.565065 -0.218497 0.975779 0.010739 -23.635488 0.011701 -0.008384 0.999896 0.819868
0.975602 0.219477 -0.005516 193.134543 -0.219436 0.975600 0.007240 -23.771340 0.006970 -0.005853 0.999959 0.823776
0.975368 0.220582 -0.000756 193.699241 -0.220577 0.975362 0.003904 -23.905701 0.001598 -0.003641 0.999992 0.827643
0.975393 0.220470 0.001339 194.270547 -0.220472 0.975391 0.001981 -24.040044 -0.000869 -0.002228 0.999997 0.831519
0.975559 0.219738 -0.000822 194.852333 -0.219737 0.975559 0.000979 -24.177024 0.001018 -0.000775 0.999999 0.835471
0.975667 0.219200 -0.004994 195.422492 -0.219200 0.975680 0.000637 -24.311416 0.005012 0.000473 0.999987 0.839347
0.975782 0.218560 -0.008978 196.010413 -0.218560 0.975823 0.000909 -24.452345 0.008959 0.001075 0.999959 0.843396
0.975807 0.218401 -0.010079 196.510343 -0.218379 0.975859 0.003213 -24.568980 0.010537 -0.000934 0.999944 0.846768
0.975986 0.217642 -0.009113 197.492029 -0.217578 0.976015 0.007435 -24.797031 0.010512 -0.005274 0.999931 0.853366
0.976105 0.217118 -0.008874 198.049817 -0.217034 0.976118 0.009470 -24.926885 0.010718 -0.007318 0.999916 0.857121
0.976171 0.216805 -0.009307 198.778150 -0.216682 0.976160 0.012656 -25.095086 0.011829 -0.010338 0.999877 0.861994
0.976232 0.216441 -0.011126 199.518897 -0.216256 0.976209 0.015806 -25.267117 0.014283 -0.013024 0.999813 0.866972
0.976017 0.217372 -0.011864 200.514241 -0.217151 0.975981 0.017525 -25.498345 0.015388 -0.014529 0.999776 0.873662
0.976024 0.217375 -0.011215 201.081472 -0.217141 0.975955 0.019022 -25.628071 0.015080 -0.016131 0.999756 0.877428
0.975971 0.217703 -0.009226 201.661157 -0.217483 0.975851 0.020403 -25.763809 0.013445 -0.017906 0.999749 0.881349
0.975990 0.217669 -0.007991 202.211866 -0.217461 0.975837 0.021306 -25.891860 0.012436 -0.019057 0.999741 0.885053
0.976000 0.217664 -0.006772 202.736718 -0.217482 0.975839 0.020982 -26.012521 0.011175 -0.019006 0.999757 0.888552
0.976067 0.217381 -0.006161 203.309603 -0.217206 0.975890 0.021445 -26.143831 0.010674 -0.019594 0.999751 0.892363
0.976104 0.217245 -0.005127 203.868177 -0.217087 0.975907 0.021873 -26.272031 0.009755 -0.020237 0.999748 0.896082
0.975828 0.218517 -0.003211 204.661384 -0.218398 0.975615 0.021833 -26.457629 0.007903 -0.020604 0.999756 0.901443
0.975730 0.218974 -0.001460 205.220004 -0.218888 0.975495 0.022299 -26.591042 0.006307 -0.021438 0.999750 0.905280
0.975808 0.218627 -0.000675 205.781975 -0.218557 0.975568 0.022340 -26.719805 0.005543 -0.021653 0.999750 0.909017
0.975837 0.218497 -0.000959 206.350110 -0.218422 0.975598 0.022361 -26.851125 0.005821 -0.021612 0.999749 0.912821
0.975918 0.218134 -0.001199 206.956204 -0.218054 0.975684 0.022229 -26.991487 0.006019 -0.021432 0.999752 0.916885
0.975924 0.218105 -0.001557 207.482207 -0.218014 0.975677 0.022891 -27.112507 0.006512 -0.022000 0.999737 0.920394
0.975812 0.218600 -0.002168 208.074723 -0.218492 0.975562 0.023258 -27.248135 0.007199 -0.022221 0.999727 0.924331
