0.999996 0.002680 0.000210 0.590374 -0.002680 0.999996 -0.000613 -0.006214 -0.000211 0.000612 1.000000 0.016728
0.999982 0.005256 0.002845 1.732329 -0.005251 0.999985 -0.001488 -0.015863 -0.002852 0.001473 0.999995 0.049052
0.999966 0.007186 0.003943 2.335740 -0.007178 0.999972 -0.002028 -0.023733 -0.003957 0.001999 0.999990 0.066172
0.999948 0.009384 0.004088 3.171891 -0.009372 0.999951 -0.003037 -0.034547 -0.004116 0.002999 0.999987 0.089894
0.999920 0.011919 0.004280 3.760569 -0.011903 0.999922 -0.003743 -0.046372 -0.004325 0.003692 0.999984 0.106656
0.999894 0.013455 0.005475 4.353970 -0.013433 0.999902 -0.004042 -0.056718 -0.005529 0.003968 0.999977 0.123530
0.999878 0.013858 0.007154 4.947536 -0.013824 0.999893 -0.004785 -0.065760 -0.007219 0.004685 0.999963 0.140389
0.999850 0.015229 0.008306 5.497068 -0.015185 0.999871 -0.005260 -0.075400 -0.008385 0.005134 0.999952 0.156016
0.999796 0.018256 0.008688 6.103650 -0.018208 0.999818 -0.005674 -0.086986 -0.008790 0.005515 0.999946 0.173280
0.999771 0.019581 0.008593 6.664258 -0.019533 0.999793 -0.005732 -0.100684 -0.008704 0.005563 0.999947 0.189278
0.999763 0.019910 0.008771 7.251421 -0.019856 0.999784 -0.006137 -0.115173 -0.008891 0.005961 0.999943 0.206036
0.999743 0.020618 0.009446 7.812042 -0.020556 0.999767 -0.006560 -0.130380 -0.009579 0.006364 0.999934 0.222057
0.999722 0.021069 0.010552 8.381870 -0.021007 0.999762 -0.005967 -0.145843 -0.010676 0.005744 0.999927 0.238340
0.999677 0.022393 0.011992 8.961438 -0.022330 0.999736 -0.005410 -0.161675 -0.012110 0.005141 0.999913 0.254904
0.999608 0.024577 0.013439 9.726553 -0.024524 0.999691 -0.004074 -0.185149 -0.013535 0.003743 0.999901 0.276808
0.999572 0.025772 0.013878 10.359722 -0.025722 0.999662 -0.003746 -0.204705 -0.013970 0.003387 0.999897 0.294936
0.999534 0.027305 0.013613 10.908414 -0.027246 0.999619 -0.004502 -0.223013 -0.013731 0.004129 0.999897 0.310665
0.999526 0.027970 0.012892 11.521689 -0.027911 0.999599 -0.004731 -0.241938 -0.013019 0.004368 0.999906 0.328224
0.999491 0.029259 0.012681 12.105600 -0.029206 0.999564 -0.004349 -0.263577 -0.012803 0.003977 0.999910 0.344994
0.999413 0.030843 0.014926 12.696325 -0.030798 0.999520 -0.003207 -0.285967 -0.015018 0.002746 0.999883 0.361967
0.999269 0.033023 0.019250 13.272893 -0.032969 0.999452 -0.003099 -0.307244 -0.019342 0.002462 0.999810 0.378526
0.999153 0.033744 0.023545 13.842817 -0.033706 0.999430 -0.002019 -0.326969 -0.023600 0.001224 0.999721 0.394874
0.999086 0.034998 0.024554 14.413159 -0.034975 0.999387 -0.001398 -0.347090 -0.024588 0.000538 0.999698 0.411240
0.999139 0.035492 0.021461 14.999309 -0.035470 0.999370 -0.001408 -0.367390 -0.021497 0.000645 0.999769 0.428054
0.999207 0.036769 0.015254 15.580823 -0.036749 0.999323 -0.001629 -0.389022 -0.015304 0.001067 0.999882 0.444756
0.999204 0.039126 0.007840 16.154577 -0.039102 0.999230 -0.003254 -0.413552 -0.007961 0.002945 0.999964 0.461282
0.999189 0.039963 0.004874 16.702994 -0.039941 0.999192 -0.004525 -0.437605 -0.005050 0.004327 0.999978 0.477087
0.999116 0.041211 0.008289 17.270094 -0.041177 0.999143 -0.004264 -0.465882 -0.008458 0.003919 0.999957 0.493480
0.998850 0.043912 0.019247 18.374517 -0.043822 0.999026 -0.005094 -0.518700 -0.019452 0.004245 0.999802 0.525373
0.998609 0.047402 0.023078 19.313857 -0.047235 0.998854 -0.007728 -0.565241 -0.023418 0.006627 0.999704 0.552521
0.998515 0.050448 0.020561 19.866092 -0.050278 0.998697 -0.008710 -0.595995 -0.020973 0.007663 0.999751 0.568531
0.998507 0.051622 0.017881 20.414762 -0.051466 0.998634 -0.009071 -0.625152 -0.018325 0.008137 0.999799 0.584418
0.998352 0.054909 0.016710 20.970581 -0.054745 0.998449 -0.010166 -0.656361 -0.017242 0.009234 0.999809 0.600535
0.998131 0.058574 0.017422 21.533945 -0.058389 0.998234 -0.010978 -0.693806 -0.018034 0.009941 0.999788 0.616956
0.997980 0.060456 0.019505 22.129848 -0.060244 0.998120 -0.011276 -0.733008 -0.020150 0.010078 0.999746 0.634319
0.997732 0.063964 0.020978 22.689497 -0.063723 0.997896 -0.011942 -0.772174 -0.021698 0.010579 0.999709 0.650660
0.997288 0.070670 0.020538 23.804501 -0.070402 0.997428 -0.013472 -0.853640 -0.021437 0.011989 0.999698 0.683267
0.997121 0.073194 0.019799 24.364651 -0.072929 0.997242 -0.013763 -0.895955 -0.020752 0.012280 0.999709 0.699667
0.996955 0.075451 0.019692 24.933433 -0.075184 0.997072 -0.013950 -0.940440 -0.020686 0.012427 0.999709 0.716343
0.996698 0.078737 0.019814 25.459010 -0.078468 0.996818 -0.014031 -0.985560 -0.020856 0.012430 0.999705 0.731810
0.996497 0.081100 0.020390 26.029706 -0.080829 0.996633 -0.013757 -1.035727 -0.021437 0.012061 0.999697 0.748622
0.996060 0.086075 0.021366 26.925219 -0.085810 0.996226 -0.013017 -1.116229 -0.022405 0.011132 0.999687 0.775029
0.995788 0.089046 0.021846 27.522338 -0.088767 0.995962 -0.013448 -1.172264 -0.022955 0.011452 0.999671 0.792671
0.995509 0.091877 0.022795 28.087788 -0.091547 0.995686 -0.015101 -1.228208 -0.024084 0.012946 0.999626 0.809419
0.995343 0.093495 0.023481 28.659403 -0.093143 0.995529 -0.015677 -1.285322 -0.024842 0.013417 0.999601 0.826358
0.995168 0.095326 0.023512 29.233355 -0.094950 0.995343 -0.016618 -1.342208 -0.024986 0.014306 0.999585 0.843359
0.994935 0.097555 0.024221 29.793466 -0.097111 0.995094 -0.018882 -1.400169 -0.025944 0.016434 0.999528 0.859986
0.994708 0.099678 0.024904 30.360360 -0.099196 0.994869 -0.019871 -1.459015 -0.026757 0.017295 0.999492 0.876817
0.994449 0.102279 0.024693 30.932354 -0.101794 0.994601 -0.020173 -1.518554 -0.026623 0.017547 0.999492 0.893801
0.994254 0.104115 0.024892 31.495804 -0.103646 0.994424 -0.019438 -1.579429 -0.026777 0.016747 0.999501 0.910565
0.994037 0.106011 0.025547 32.024373 -0.105539 0.994230 -0.019192 -1.638274 -0.027434 0.016382 0.999489 0.926315
0.993500 0.110101 0.028896 32.985935 -0.109587 0.993799 -0.018804 -1.747889 -0.030787 0.015515 0.999406 0.955006
0.993136 0.112754 0.031093 33.555279 -0.112210 0.993508 -0.018720 -1.815934 -0.033002 0.015102 0.999341 0.972040
0.992886 0.114743 0.031815 34.131667 -0.114208 0.993291 -0.018151 -1.883914 -0.033685 0.014388 0.999329 0.989271
0.992671 0.116329 0.032731 34.700582 -0.115913 0.993156 -0.014356 -1.950305 -0.034177 0.010457 0.999361 1.006268
0.992435 0.118144 0.033376 35.259010 -0.117835 0.992971 -0.011102 -2.018791 -0.034453 0.007085 0.999381 1.023000
0.992188 0.120089 0.033783 35.817888 -0.119826 0.992747 -0.009724 -2.088043 -0.034705 0.005600 0.999382 1.039756
0.991859 0.122182 0.035883 36.412207 -0.121958 0.992500 -0.008367 -2.162207 -0.036636 0.003923 0.999321 1.057583
0.991616 0.123675 0.037457 36.947984 -0.123442 0.992316 -0.008474 -2.229644 -0.038218 0.003779 0.999262 1.073661
0.991428 0.124976 0.038109 37.511672 -0.124811 0.992158 -0.006707 -2.300672 -0.038649 0.001893 0.999251 1.090579
0.991330 0.125921 0.037541 38.075877 -0.125715 0.992036 -0.007826 -2.373205 -0.038228 0.003039 0.999264 1.107533
0.991207 0.127842 0.034145 38.636224 -0.127568 0.991779 -0.010079 -2.447876 -0.035153 0.005634 0.999366 1.124409
0.991116 0.129269 0.031277 39.158975 -0.128967 0.991582 -0.011500 -2.518319 -0.032501 0.007364 0.999445 1.140164
0.990989 0.130573 0.029841 39.725300 -0.130246 0.991401 -0.012650 -2.596354 -0.031236 0.008650 0.999475 1.157257
0.990744 0.132631 0.028890 40.252255 -0.132321 0.991129 -0.012419 -2.670119 -0.030281 0.008481 0.999505 1.173179
0.990263 0.135955 0.029917 41.222175 -0.135620 0.990676 -0.012988 -2.808077 -0.031404 0.008804 0.999468 1.202517
0.989960 0.137760 0.031647 41.766208 -0.137366 0.990417 -0.014321 -2.885474 -0.033317 0.009830 0.999397 1.218973
0.989483 0.140855 0.032926 42.294728 -0.140383 0.989964 -0.016244 -2.965516 -0.034883 0.011451 0.999326 1.235030
0.988879 0.143862 0.037711 43.368998 -0.143364 0.989547 -0.015615 -3.123012 -0.039563 0.010035 0.999167 1.267592
0.988447 0.146537 0.038723 43.947784 -0.146013 0.989152 -0.016055 -3.211175 -0.040656 0.010216 0.999121 1.285184
0.988198 0.148408 0.037951 44.453520 -0.147858 0.988864 -0.016917 -3.288688 -0.040039 0.011106 0.999136 1.300562
0.987908 0.151121 0.034648 45.519372 -0.150621 0.988452 -0.016632 -3.454803 -0.036761 0.011212 0.999261 1.333012
0.987616 0.153409 0.032865 46.056435 -0.152930 0.988097 -0.016642 -3.540316 -0.035027 0.011410 0.999321 1.349390
0.987344 0.155144 0.032903 46.571458 -0.154675 0.987830 -0.016376 -3.623739 -0.035043 0.011079 0.999324 1.365116
0.987080 0.156684 0.033514 47.064180 -0.156191 0.987583 -0.016865 -3.705265 -0.035740 0.011413 0.999296 1.380185
0.986440 0.160506 0.034277 47.977789 -0.159938 0.986949 -0.018734 -3.854579 -0.036836 0.012997 0.999237 1.408101
0.986225 0.161742 0.034627 48.499367 -0.161144 0.986740 -0.019426 -3.939451 -0.037309 0.013578 0.999212 1.424033
0.985905 0.163674 0.034664 49.012844 -0.163062 0.986417 -0.019830 -4.025419 -0.037439 0.013898 0.999202 1.439752
0.985717 0.164805 0.034670 49.511970 -0.164149 0.986212 -0.021012 -4.108307 -0.037655 0.015021 0.999178 1.455022
0.985380 0.166747 0.034962 50.014179 -0.166029 0.985864 -0.022523 -4.191907 -0.038224 0.016389 0.999135 1.470389
0.984976 0.168875 0.036109 50.497486 -0.168113 0.985495 -0.023206 -4.276259 -0.039504 0.016787 0.999078 1.485235
0.984485 0.171409 0.037522 50.969403 -0.170566 0.985038 -0.024638 -4.361427 -0.041184 0.017855 0.998992 1.499771
0.983814 0.174871 0.039121 51.659428 -0.173952 0.984416 -0.025803 -4.485242 -0.043023 0.018580 0.998901 1.521015
0.983516 0.176611 0.038791 52.060362 -0.175745 0.984125 -0.024715 -4.558720 -0.042540 0.017491 0.998942 1.533381
0.983409 0.177612 0.036902 52.507400 -0.176838 0.983964 -0.023287 -4.641778 -0.040447 0.016375 0.999047 1.547186
0.983195 0.179063 0.035543 52.946469 -0.178286 0.983687 -0.023975 -4.724007 -0.039257 0.017235 0.999081 1.560754
0.982699 0.181530 0.036726 53.360719 -0.180702 0.983226 -0.024760 -4.804112 -0.040605 0.017695 0.999019 1.573592
0.982335 0.182971 0.039243 53.772036 -0.182071 0.982957 -0.025422 -4.883844 -0.043226 0.017828 0.998906 1.586341
0.981729 0.185335 0.043130 54.496774 -0.184413 0.982544 -0.024490 -5.024110 -0.046916 0.016089 0.998769 1.608803
0.981306 0.187160 0.044817 54.887520 -0.186228 0.982209 -0.024187 -5.100361 -0.048547 0.015389 0.998702 1.620922
0.981082 0.188099 0.045787 55.314700 -0.187219 0.982053 -0.022844 -5.183410 -0.049262 0.013840 0.998690 1.634167
0.981114 0.188048 0.045323 55.708759 -0.187261 0.982085 -0.021046 -5.259305 -0.048468 0.012161 0.998751 1.646374
0.980988 0.189071 0.043751 56.101703 -0.188326 0.981890 -0.020614 -5.336498 -0.046857 0.011982 0.998830 1.658569
0.980873 0.190086 0.041895 56.493025 -0.189241 0.981654 -0.023317 -5.414239 -0.045558 0.014943 0.998850 1.670726
0.980601 0.191610 0.041317 56.873698 -0.190664 0.981317 -0.025766 -5.489324 -0.045482 0.017388 0.998814 1.682544
0.980293 0.193353 0.040497 57.228308 -0.192371 0.980953 -0.026911 -5.562105 -0.044929 0.018590 0.998817 1.693595
0.980078 0.194501 0.040218 57.582297 -0.193532 0.980729 -0.026766 -5.635172 -0.044649 0.018450 0.998832 1.704632
0.979733 0.196155 0.040581 57.935742 -0.195219 0.980417 -0.025903 -5.710272 -0.044868 0.017456 0.998840 1.715683
0.978917 0.199826 0.042315 58.595709 -0.198931 0.979709 -0.024433 -5.852113 -0.046339 0.015500 0.998805 1.736342
0.978496 0.201900 0.042204 58.941190 -0.200948 0.979263 -0.025752 -5.926887 -0.046528 0.016718 0.998777 1.747164
0.978230 0.203195 0.042156 59.266081 -0.202199 0.978980 -0.026729 -5.995916 -0.046702 0.017623 0.998753 1.757323
0.978109 0.203686 0.042605 59.608585 -0.202618 0.978855 -0.028084 -6.068689 -0.047425 0.018837 0.998697 1.768032
0.977804 0.204940 0.043581 59.946892 -0.203875 0.978606 -0.027673 -6.142049 -0.048320 0.018174 0.998667 1.778631
0.977429 0.206509 0.044579 60.251992 -0.205454 0.978291 -0.027111 -6.208656 -0.049210 0.017340 0.998638 1.788197
0.976846 0.209059 0.045462 60.590022 -0.208076 0.977782 -0.025434 -6.284357 -0.049770 0.015385 0.998642 1.798823
0.976457 0.210824 0.045659 60.910924 -0.209864 0.977412 -0.024952 -6.357448 -0.049888 0.014782 0.998645 1.808928
0.975862 0.213605 0.045454 61.416653 -0.212543 0.976776 -0.027103 -6.474306 -0.050188 0.016788 0.998599 1.824877
0.975730 0.214273 0.045137 61.727631 -0.213173 0.976614 -0.027976 -6.542915 -0.050076 0.017675 0.998589 1.834637
0.975382 0.216048 0.044202 62.028335 -0.214893 0.976193 -0.029449 -6.611042 -0.049512 0.019225 0.998588 1.844101
0.974991 0.218061 0.042912 62.334145 -0.216928 0.975740 -0.029547 -6.681120 -0.048314 0.019499 0.998642 1.853737
0.974599 0.220048 0.041650 62.631872 -0.218974 0.975304 -0.028867 -6.750651 -0.046973 0.019013 0.998715 1.863137
0.974256 0.221754 0.040628 62.895352 -0.220720 0.974922 -0.028442 -6.813067 -0.045916 0.018742 0.998769 1.871469
0.973788 0.223974 0.039643 63.187759 -0.222992 0.974426 -0.027725 -6.883476 -0.044839 0.018158 0.998829 1.880732
0.973459 0.225434 0.039447 63.460078 -0.224431 0.974079 -0.028305 -6.948135 -0.044805 0.018700 0.998821 1.889345
0.973104 0.226937 0.039601 63.719447 -0.225891 0.973715 -0.029198 -7.010737 -0.045186 0.019467 0.998789 1.897564
0.972432 0.229562 0.040967 64.161057 -0.228453 0.973092 -0.030019 -7.119290 -0.046756 0.019833 0.998709 1.911585
0.971870 0.231793 0.041729 64.407688 -0.230656 0.972563 -0.030324 -7.180663 -0.047613 0.019846 0.998669 1.919427
0.971447 0.233580 0.041602 64.687787 -0.232452 0.972138 -0.030219 -7.251497 -0.047501 0.019686 0.998677 1.928349
0.971102 0.235143 0.040857 64.945588 -0.234044 0.971765 -0.029929 -7.317533 -0.046741 0.019502 0.998717 1.936574
0.970838 0.236312 0.040370 65.196924 -0.235219 0.971479 -0.030019 -7.382222 -0.046313 0.019647 0.998734 1.944596
0.970482 0.237731 0.040598 65.447825 -0.236602 0.971121 -0.030717 -7.447907 -0.046728 0.020205 0.998703 1.952621
0.970041 0.239393 0.041364 65.695909 -0.238209 0.970700 -0.031584 -7.512938 -0.047713 0.020785 0.998645 1.960557
0.969651 0.240849 0.042062 65.939395 -0.239613 0.970329 -0.032373 -7.576767 -0.048611 0.021312 0.998590 1.968345
0.969351 0.241991 0.042409 66.186173 -0.240753 0.970049 -0.032290 -7.641381 -0.048953 0.021090 0.998578 1.976238
0.969015 0.243405 0.042009 66.457006 -0.242176 0.969695 -0.032299 -7.711974 -0.048597 0.021125 0.998595 1.984896
0.968998 0.243527 0.041691 66.697521 -0.242331 0.969674 -0.031740 -7.774558 -0.048156 0.020653 0.998626 1.992583
0.968684 0.244729 0.041937 66.944103 -0.243563 0.969388 -0.031036 -7.840357 -0.048248 0.019850 0.998638 2.000487
0.968135 0.246806 0.042452 67.370101 -0.245663 0.968878 -0.030403 -7.953850 -0.048634 0.019005 0.998636 2.014141
0.967834 0.247938 0.042720 67.637931 -0.246824 0.968605 -0.029707 -8.026233 -0.048744 0.018207 0.998645 2.022740
0.967578 0.249067 0.041924 67.910265 -0.247969 0.968312 -0.029718 -8.099210 -0.047997 0.018358 0.998679 2.031474
0.967307 0.250307 0.040775 68.164350 -0.249226 0.967986 -0.029822 -8.170121 -0.046934 0.018685 0.998723 2.039665
0.967104 0.251194 0.040139 68.424415 -0.250126 0.967754 -0.029809 -8.241243 -0.046333 0.018789 0.998749 2.048027
0.966901 0.252069 0.039555 68.705601 -0.250973 0.967508 -0.030674 -8.317972 -0.046001 0.019732 0.998746 2.057065
0.966587 0.253325 0.039190 68.960792 -0.252226 0.967175 -0.030899 -8.386830 -0.045731 0.019982 0.998754 2.065257
0.966401 0.254201 0.038093 69.258084 -0.253106 0.966932 -0.031309 -8.467570 -0.044792 0.020615 0.998784 2.074807
0.966176 0.255447 0.035380 69.541439 -0.254345 0.966556 -0.032839 -8.545123 -0.042586 0.022729 0.998834 2.083919
0.965809 0.257145 0.032995 69.790394 -0.256108 0.966099 -0.032586 -8.614971 -0.040255 0.023021 0.998924 2.091949
0.965356 0.258918 0.032392 70.062792 -0.257899 0.965625 -0.032493 -8.691841 -0.039691 0.023013 0.998947 2.100742
0.965011 0.260060 0.033513 70.322638 -0.258993 0.965313 -0.033056 -8.765037 -0.040947 0.023220 0.998891 2.109128
0.964329 0.263348 0.026806 71.076134 -0.262430 0.964372 -0.033435 -8.981432 -0.034656 0.025208 0.999081 2.133505
0.964025 0.264955 0.021321 71.359982 -0.264243 0.963949 -0.031269 -9.064532 -0.028837 0.024510 0.999284 2.142711
0.963818 0.266064 0.016289 71.645576 -0.265526 0.963660 -0.029229 -9.147807 -0.023474 0.023846 0.999440 2.151969
0.963508 0.267373 0.012799 71.933008 -0.266943 0.963303 -0.028076 -9.231362 -0.019836 0.023635 0.999524 2.161283
0.963354 0.267978 0.011658 72.219979 -0.267617 0.963179 -0.025812 -9.312893 -0.018145 0.021746 0.999599 2.170554
0.962637 0.270655 0.008731 72.778897 -0.270401 0.962474 -0.022967 -9.477337 -0.014619 0.019748 0.999698 2.188693
0.962260 0.271978 0.009138 73.062480 -0.271726 0.962118 -0.022247 -9.560632 -0.014843 0.018924 0.999711 2.197894
0.961831 0.273360 0.012472 73.347545 -0.273028 0.961725 -0.023261 -9.644297 -0.018353 0.018968 0.999652 2.207143
0.961057 0.275424 0.022626 73.802591 -0.274797 0.961114 -0.027316 -9.779622 -0.029270 0.020035 0.999371 2.221932
0.960370 0.277134 0.029786 74.111472 -0.276276 0.960613 -0.029909 -9.872230 -0.036902 0.020494 0.999109 2.231982
0.959241 0.279894 0.038945 74.634542 -0.278728 0.959809 -0.032818 -10.028968 -0.046566 0.020626 0.998702 2.248999
0.958367 0.282196 0.043578 74.948764 -0.280890 0.959146 -0.033773 -10.126619 -0.051328 0.020127 0.998479 2.259272
0.957439 0.284499 0.048694 75.278708 -0.283039 0.958478 -0.034773 -10.228255 -0.056565 0.019510 0.998208 2.270046
0.956541 0.286456 0.054527 75.600223 -0.284830 0.957912 -0.035718 -10.327289 -0.062464 0.018635 0.997873 2.280545
0.955557 0.288243 0.061861 75.951745 -0.286438 0.957403 -0.036496 -10.436554 -0.069746 0.017154 0.997417 2.292038
0.954063 0.290944 0.071528 76.518914 -0.288693 0.956576 -0.040238 -10.613106 -0.080129 0.017740 0.996627 2.310586
0.953218 0.292963 0.074483 76.851775 -0.290459 0.955933 -0.042718 -10.716757 -0.083716 0.019085 0.996307 2.321471
0.952430 0.295312 0.075291 77.246130 -0.292738 0.955205 -0.043451 -10.839735 -0.084749 0.019344 0.996215 2.334371
0.951877 0.297400 0.074048 77.598394 -0.294809 0.954542 -0.044005 -10.952088 -0.083769 0.020057 0.996283 2.345930
0.951519 0.300339 0.066396 78.227986 -0.298239 0.953662 -0.039785 -11.156675 -0.075268 0.018054 0.997000 2.366643
0.951479 0.302981 0.053754 78.878856 -0.301651 0.952897 -0.031526 -11.371116 -0.060774 0.013781 0.998056 2.388100
0.951408 0.304262 0.047395 79.260801 -0.303234 0.952513 -0.027724 -11.496311 -0.053580 0.012005 0.998491 2.400682
0.951180 0.305544 0.043582 79.674383 -0.304683 0.952116 -0.025354 -11.631693 -0.049242 0.010837 0.998728 2.414303
0.950953 0.306697 0.040302 80.063813 -0.305931 0.951748 -0.024130 -11.759986 -0.045758 0.010617 0.998896 2.427141
0.950485 0.308464 0.037807 80.495670 -0.307750 0.951175 -0.023573 -11.903607 -0.043232 0.010771 0.999007 2.441397
0.950119 0.309540 0.038208 80.898674 -0.308913 0.950848 -0.021485 -12.037577 -0.042981 0.008610 0.999039 2.454699
0.949673 0.310615 0.040498 81.332973 -0.310050 0.950516 -0.019724 -12.182833 -0.044621 0.006175 0.998985 2.469048
0.949362 0.311229 0.042988 81.991176 -0.310760 0.950330 -0.017372 -12.403187 -0.046259 0.003134 0.998925 2.490797
0.948722 0.313171 0.043008 82.786413 -0.312799 0.949696 -0.015290 -12.671152 -0.045633 0.001053 0.998958 2.517099
0.948251 0.314651 0.042599 83.242431 -0.314285 0.949207 -0.015212 -12.826022 -0.045222 0.001036 0.998976 2.532199
0.947845 0.315883 0.042524 83.709513 -0.315492 0.948797 -0.015785 -12.983691 -0.045333 0.001546 0.998971 2.547652
0.947538 0.316606 0.043958 84.162192 -0.316114 0.948552 -0.017922 -13.135898 -0.047370 0.003086 0.998873 2.562619
0.947137 0.317313 0.047370 84.662221 -0.316745 0.948315 -0.019248 -13.304423 -0.051030 0.003226 0.998692 2.579158
0.946604 0.318514 0.049899 85.099047 -0.317916 0.947914 -0.019702 -13.454319 -0.053576 0.002786 0.998560 2.593645
0.946070 0.320107 0.049824 85.590057 -0.319554 0.947379 -0.018914 -13.623801 -0.053257 0.001972 0.998579 2.609944
0.945964 0.320806 0.047270 86.086819 -0.320335 0.947144 -0.017432 -13.794311 -0.050364 0.001348 0.998730 2.626419
0.945678 0.322125 0.043916 86.590743 -0.321704 0.946696 -0.016523 -13.968381 -0.046898 0.001497 0.998899 2.643148
0.945086 0.324146 0.041745 87.064656 -0.323791 0.946007 -0.015182 -14.135372 -0.044412 0.000832 0.999013 2.658929
0.944869 0.324915 0.040664 87.565870 -0.324588 0.945743 -0.014582 -14.314056 -0.043196 0.000579 0.999066 2.675649
0.943701 0.327944 0.043366 88.505779 -0.327492 0.944695 -0.017337 -14.650093 -0.046653 0.002159 0.998909 2.707016
0.943106 0.329451 0.044873 89.037002 -0.328951 0.944169 -0.018318 -14.842162 -0.048402 0.002515 0.998825 2.724776
0.942472 0.331174 0.045504 89.560706 -0.330677 0.943567 -0.018274 -15.030512 -0.048988 0.002176 0.998797 2.742270
0.941784 0.333062 0.045961 90.101048 -0.332529 0.942901 -0.019018 -15.226390 -0.049671 0.002628 0.998762 2.760342
0.940992 0.335271 0.046128 90.649357 -0.334676 0.942115 -0.020295 -15.425999 -0.050263 0.003659 0.998729 2.778693
0.940282 0.337356 0.045392 91.492763 -0.336704 0.941364 -0.021555 -15.732893 -0.050002 0.004984 0.998737 2.806918
0.939806 0.338783 0.044618 92.003172 -0.338089 0.940845 -0.022505 -15.920537 -0.049603 0.006066 0.998751 2.824026
0.938075 0.343770 0.042858 93.085459 -0.343009 0.939020 -0.024226 -16.322595 -0.048572 0.008025 0.998787 2.860365
0.937267 0.345937 0.043111 93.798991 -0.345136 0.938218 -0.025043 -16.591744 -0.049111 0.008593 0.998756 2.884382
0.936493 0.347965 0.043593 94.356850 -0.347124 0.937464 -0.025813 -16.803876 -0.049849 0.009042 0.998716 2.903184
0.935544 0.350347 0.044873 94.946775 -0.349437 0.936571 -0.026984 -17.031003 -0.051481 0.009564 0.998628 2.923107
0.934463 0.353075 0.046011 95.515310 -0.352104 0.935542 -0.028002 -17.252214 -0.052932 0.009967 0.998548 2.942341
0.934005 0.354382 0.045249 96.088585 -0.353418 0.935045 -0.028041 -17.473958 -0.052247 0.010199 0.998582 2.961717
0.933422 0.356143 0.043421 96.683180 -0.355188 0.934367 -0.028275 -17.703780 -0.050641 0.010970 0.998657 2.981811
0.932738 0.358050 0.042425 97.234361 -0.357092 0.933631 -0.028594 -17.920547 -0.049848 0.011522 0.998690 3.000491
0.931948 0.360194 0.041626 97.800613 -0.359224 0.932798 -0.029069 -18.144622 -0.049299 0.012138 0.998710 3.019703
0.930946 0.362738 0.041951 98.387711 -0.361739 0.931809 -0.029614 -18.380049 -0.049833 0.012393 0.998681 3.039667
0.930095 0.364765 0.043236 98.929587 -0.363735 0.931021 -0.029952 -18.598605 -0.051179 0.012131 0.998616 3.058111
0.929527 0.366101 0.044143 99.509181 -0.365061 0.930501 -0.029983 -18.832325 -0.052052 0.011755 0.998575 3.077839
0.928963 0.367455 0.044762 100.106904 -0.366435 0.929976 -0.029495 -19.074449 -0.052466 0.010998 0.998562 3.098200
0.928749 0.367949 0.045148 100.667993 -0.366956 0.929789 -0.028915 -19.300494 -0.052617 0.010288 0.998562 3.117294
0.927362 0.371336 0.045920 101.731155 -0.370301 0.928440 -0.029612 -19.735516 -0.053629 0.010457 0.998506 3.153573
0.926672 0.373038 0.046055 102.365369 -0.372002 0.927758 -0.029652 -19.997789 -0.053789 0.010345 0.998499 3.175254
0.926051 0.374541 0.046362 102.952646 -0.373526 0.927159 -0.029223 -20.239979 -0.053931 0.009745 0.998497 3.195321
0.925364 0.376249 0.046236 103.552375 -0.375255 0.926471 -0.028891 -20.488138 -0.053707 0.009385 0.998513 3.215826
0.924758 0.377706 0.046478 104.123285 -0.376703 0.925878 -0.029064 -20.730169 -0.054011 0.009369 0.998496 3.235430
0.924123 0.379185 0.047069 104.722277 -0.378153 0.925272 -0.029527 -20.985455 -0.054748 0.009488 0.998455 3.256017
0.923522 0.380519 0.048088 105.277363 -0.379499 0.924732 -0.029178 -21.222139 -0.055571 0.008697 0.998417 3.275097
0.922792 0.382244 0.048418 105.885538 -0.381226 0.924023 -0.029128 -21.481470 -0.055874 0.008421 0.998402 3.296002
0.922569 0.382883 0.047610 106.449314 -0.381923 0.923764 -0.028211 -21.716906 -0.054782 0.007843 0.998468 3.315309
0.921942 0.384460 0.047043 107.062609 -0.383612 0.923121 -0.026260 -21.976293 -0.053523 0.006163 0.998548 3.336359
0.921802 0.384702 0.047800 107.665747 -0.383971 0.923033 -0.023992 -22.231762 -0.053351 0.003763 0.998569 3.357066
0.920993 0.386470 0.049113 108.280144 -0.385742 0.922297 -0.023903 -22.495402 -0.054534 0.003069 0.998507 3.378209
0.919992 0.388392 0.052592 109.046055 -0.387674 0.921493 -0.023648 -22.827480 -0.057648 0.001368 0.998336 3.404615
0.918985 0.390552 0.054189 109.628644 -0.389877 0.920581 -0.022952 -23.081984 -0.058849 -0.000034 0.998267 3.424729
0.918292 0.392069 0.054975 110.247751 -0.391460 0.919935 -0.021882 -23.352598 -0.059153 -0.001426 0.998248 3.446106
0.917017 0.394938 0.055721 111.228610 -0.394412 0.918703 -0.020604 -23.781392 -0.059328 -0.003083 0.998234 3.479974
0.916291 0.396615 0.055734 111.853470 -0.396095 0.917979 -0.020570 -24.056689 -0.059321 -0.003228 0.998234 3.501581
0.915623 0.398301 0.054688 112.468816 -0.397734 0.917252 -0.021355 -24.333953 -0.058668 -0.002199 0.998275 3.522949
0.915156 0.399534 0.053501 113.083647 -0.398951 0.916717 -0.021635 -24.609963 -0.057689 -0.001545 0.998333 3.544283
0.914395 0.401417 0.052404 113.695063 -0.400847 0.915894 -0.021437 -24.884466 -0.056602 -0.001404 0.998396 3.565500
0.913436 0.403730 0.051348 114.321428 -0.403135 0.914878 -0.021924 -25.169459 -0.055828 -0.000674 0.998440 3.587290
0.912909 0.404926 0.051307 114.902857 -0.404344 0.914349 -0.021739 -25.433343 -0.055715 -0.000900 0.998446 3.607507
0.911939 0.407060 0.051666 115.994005 -0.406425 0.913401 -0.022736 -25.930824 -0.056447 -0.000264 0.998406 3.645481
0.911406 0.408299 0.051291 116.617742 -0.407560 0.912847 -0.024611 -26.216375 -0.056869 0.001527 0.998380 3.667205
0.910569 0.410256 0.050541 117.238830 -0.409509 0.911968 -0.024829 -26.503872 -0.056278 0.001912 0.998413 3.688883
0.910156 0.411368 0.048905 117.850204 -0.410591 0.911464 -0.025459 -26.786961 -0.055048 0.003092 0.998479 3.710223
0.908332 0.415439 0.048407 119.100665 -0.414492 0.909601 -0.028668 -27.378341 -0.055941 0.005976 0.998416 3.754050
0.907800 0.416503 0.049235 119.669331 -0.415492 0.909111 -0.029717 -27.647940 -0.057138 0.006520 0.998345 3.773991
0.906795 0.418745 0.048739 120.300587 -0.417698 0.908075 -0.030467 -27.947172 -0.057017 0.007269 0.998347 3.796125
0.906051 0.420555 0.046966 120.874380 -0.419535 0.907234 -0.030273 -28.221237 -0.055341 0.007725 0.998438 3.816275
0.905171 0.422544 0.046073 121.437436 -0.421545 0.906309 -0.030057 -28.488889 -0.054457 0.007784 0.998486 3.836030
0.898715 0.436543 0.041729 125.869832 -0.435556 0.899633 -0.030844 -30.643274 -0.051005 0.009545 0.998653 3.992224
0.898375 0.437317 0.040949 126.478323 -0.436318 0.899249 -0.031258 -30.945395 -0.050493 0.010214 0.998672 4.013759
0.897344 0.439459 0.040613 127.046976 -0.438390 0.898188 -0.032759 -31.230255 -0.050875 0.011591 0.998638 4.033921
0.896742 0.440659 0.040913 127.631403 -0.439567 0.897598 -0.033165 -31.521985 -0.051338 0.011756 0.998612 4.054627
0.895861 0.442437 0.041006 128.188299 -0.441360 0.896727 -0.032888 -31.802837 -0.051322 0.011364 0.998617 4.074399
0.894605 0.445017 0.040517 128.759954 -0.443935 0.895446 -0.033136 -32.092465 -0.051027 0.011657 0.998629 4.094714
0.894072 0.446144 0.039897 129.344003 -0.445052 0.894878 -0.033485 -32.388329 -0.050642 0.012182 0.998643 4.115470
0.892211 0.449841 0.040026 130.082558 -0.448740 0.893026 -0.033706 -32.766354 -0.050906 0.012112 0.998630 4.141772
0.891251 0.451662 0.040900 130.661210 -0.450489 0.892099 -0.034925 -33.064250 -0.052261 0.012702 0.998553 4.162405
0.891260 0.451538 0.042074 131.264055 -0.450292 0.892155 -0.035990 -33.370612 -0.053788 0.013131 0.998466 4.183843
0.890601 0.452734 0.043158 132.145580 -0.451422 0.891545 -0.036971 -33.821565 -0.055216 0.013443 0.998384 4.215233
0.889532 0.454752 0.043984 132.735132 -0.453442 0.890527 -0.036765 -34.123817 -0.055888 0.012760 0.998356 4.236237
0.888478 0.456840 0.043633 133.315306 -0.455516 0.889452 -0.037159 -34.423209 -0.055785 0.013140 0.998356 4.256934
0.887956 0.457963 0.042474 133.894155 -0.456649 0.888865 -0.037283 -34.723324 -0.054828 0.013710 0.998402 4.277605
0.886958 0.460000 0.041305 134.473541 -0.458719 0.887810 -0.037018 -35.027209 -0.053699 0.013886 0.998461 4.298345
0.886479 0.460991 0.040527 135.311177 -0.459761 0.887302 -0.036275 -35.468383 -0.052682 0.013524 0.998520 4.328357
0.886346 0.461327 0.039592 135.861953 -0.460039 0.887101 -0.037634 -35.756502 -0.052483 0.015143 0.998507 4.348062
0.886134 0.461650 0.040561 136.434700 -0.460369 0.886947 -0.037229 -36.056184 -0.053162 0.014317 0.998483 4.368554
0.886220 0.461592 0.039341 136.968487 -0.460241 0.886941 -0.038898 -36.334216 -0.052848 0.016366 0.998468 4.387634
0.885939 0.462252 0.037876 137.726302 -0.460874 0.886568 -0.039902 -36.731573 -0.052024 0.017895 0.998486 4.414761
0.885748 0.462576 0.038404 138.300301 -0.461209 0.886411 -0.039521 -37.032191 -0.052323 0.017293 0.998480 4.435302
0.885314 0.463386 0.038636 138.861882 -0.462066 0.886007 -0.038554 -37.327463 -0.052098 0.016280 0.998509 4.455415
0.885089 0.463873 0.037948 139.423617 -0.462617 0.885764 -0.037525 -37.623325 -0.051020 0.015657 0.998575 4.475542
0.885021 0.464281 0.034359 139.984134 -0.463055 0.885508 -0.038145 -37.918872 -0.048135 0.017849 0.998681 4.495629
0.884053 0.466837 0.022651 141.052404 -0.465776 0.883992 -0.040139 -38.490013 -0.038762 0.024935 0.998937 4.534028
0.883787 0.467485 0.019451 141.562094 -0.466504 0.883605 -0.040189 -38.764092 -0.035975 0.026445 0.999003 4.552371
0.882768 0.469491 0.017313 142.088128 -0.468487 0.882448 -0.042488 -39.052336 -0.035226 0.029396 0.998947 4.571381
0.882418 0.470174 0.016614 142.616289 -0.469059 0.881958 -0.046203 -39.336873 -0.036376 0.032977 0.998794 4.590397
0.882146 0.470689 0.016471 143.126505 -0.469463 0.881573 -0.049329 -39.613464 -0.037739 0.035783 0.998647 4.608792
0.881735 0.471457 0.016504 143.662055 -0.470090 0.881030 -0.052925 -39.906800 -0.039493 0.038907 0.998462 4.628144
0.881383 0.472064 0.017869 144.314473 -0.470518 0.880614 -0.055964 -40.266732 -0.042154 0.040918 0.998273 4.651756
0.880684 0.473265 0.020399 144.846657 -0.471625 0.880036 -0.055734 -40.557539 -0.044329 0.039463 0.998237 4.670976
0.880461 0.473583 0.022508 145.341757 -0.471871 0.879917 -0.055538 -40.824944 -0.046107 0.038278 0.998203 4.688812
0.879870 0.474618 0.023783 145.875098 -0.472846 0.879379 -0.055764 -41.116331 -0.047381 0.037819 0.998161 4.708073
0.879007 0.476181 0.024470 146.399639 -0.474396 0.878562 -0.055469 -41.406350 -0.047911 0.037149 0.998161 4.727067
0.878335 0.477395 0.024926 146.895683 -0.475644 0.877954 -0.054395 -41.683472 -0.047852 0.035922 0.998208 4.745070
0.877428 0.479054 0.025046 147.420120 -0.477356 0.877099 -0.053186 -41.975282 -0.047447 0.034710 0.998270 4.764086
0.876694 0.480367 0.025591 147.900423 -0.478699 0.876428 -0.052165 -42.242750 -0.047487 0.033483 0.998311 4.781506
0.876281 0.481079 0.026360 148.405152 -0.479411 0.876072 -0.051611 -42.521523 -0.047922 0.032589 0.998319 4.799778
0.875473 0.482496 0.027275 148.920847 -0.480829 0.875331 -0.050981 -42.808544 -0.048473 0.031517 0.998327 4.818478
0.874308 0.484549 0.028236 149.589653 -0.482883 0.874236 -0.050361 -43.184267 -0.049087 0.030397 0.998332 4.842782
0.873389 0.486161 0.028972 150.082534 -0.484517 0.873382 -0.049459 -43.461833 -0.049348 0.029159 0.998356 4.860702
0.872898 0.487081 0.028299 150.609674 -0.485480 0.872874 -0.048987 -43.757985 -0.048562 0.029022 0.998398 4.879858
0.872260 0.488246 0.027909 151.105736 -0.486687 0.872238 -0.048344 -44.037120 -0.047947 0.028585 0.998441 4.897891
0.871912 0.488858 0.028059 151.625972 -0.487314 0.871910 -0.047939 -44.329013 -0.047900 0.028125 0.998456 4.916790
0.870728 0.490976 0.027852 152.103289 -0.489439 0.870720 -0.047928 -44.603687 -0.047782 0.028100 0.998462 4.934230
0.869609 0.492956 0.027818 152.764868 -0.491379 0.869579 -0.048777 -44.985325 -0.048234 0.028748 0.998422 4.958415
0.869136 0.493810 0.027477 153.233411 -0.492253 0.869097 -0.048558 -45.255092 -0.047858 0.028678 0.998442 4.975537
0.868170 0.495596 0.025804 153.734093 -0.494115 0.868073 -0.047960 -45.548157 -0.046169 0.028887 0.998516 4.993902
0.867741 0.496423 0.024301 154.196688 -0.495025 0.867602 -0.047077 -45.817832 -0.044454 0.028821 0.998596 5.010854
0.867168 0.497460 0.023511 154.690093 -0.496134 0.867029 -0.045958 -46.107871 -0.043247 0.028188 0.998667 5.028971
0.866288 0.499003 0.023260 155.153706 -0.497721 0.866164 -0.045095 -46.382199 -0.042649 0.027489 0.998712 5.046019
0.865914 0.499618 0.023984 155.800501 -0.498320 0.865825 -0.044986 -46.762255 -0.043242 0.027002 0.998700 5.069765
0.865516 0.500254 0.025077 156.278904 -0.498921 0.865472 -0.045121 -47.042574 -0.044275 0.026541 0.998667 5.087317
0.864620 0.501751 0.026056 156.761315 -0.500400 0.864626 -0.044965 -47.327652 -0.045090 0.025839 0.998649 5.105052
0.863661 0.503348 0.027032 157.243835 -0.501975 0.863716 -0.044903 -47.614847 -0.045950 0.025212 0.998626 5.122820
0.863125 0.504237 0.027577 157.720545 -0.502842 0.863202 -0.045071 -47.897875 -0.046532 0.025035 0.998603 5.140364
0.862614 0.505114 0.027509 158.200108 -0.503735 0.862698 -0.044762 -48.182180 -0.046342 0.024755 0.998619 5.158007
0.861845 0.506483 0.026422 158.678425 -0.505099 0.861862 -0.045483 -48.469458 -0.045809 0.025854 0.998616 5.175658
0.861457 0.507165 0.025969 159.130928 -0.505779 0.861447 -0.045784 -48.742762 -0.045591 0.026307 0.998614 5.192378
0.860415 0.508923 0.026138 159.614100 -0.507547 0.860423 -0.045468 -49.040252 -0.045629 0.025855 0.998624 5.210315
0.859136 0.511060 0.026516 160.115929 -0.509674 0.859165 -0.045461 -49.349161 -0.046015 0.025542 0.998614 5.228942
0.858138 0.512696 0.027224 160.572415 -0.511293 0.858203 -0.045469 -49.634168 -0.046675 0.025099 0.998595 5.245945
0.857340 0.514011 0.027582 161.068599 -0.512586 0.857418 -0.045718 -49.944163 -0.047149 0.025058 0.998574 5.264429
0.856236 0.515829 0.027922 161.530634 -0.514411 0.856341 -0.045406 -50.230881 -0.047332 0.024515 0.998578 5.281613
0.854710 0.518340 0.028192 162.021222 -0.516947 0.854847 -0.044741 -50.540440 -0.047291 0.023667 0.998601 5.299933
0.853580 0.520157 0.028961 162.502359 -0.518784 0.853774 -0.043960 -50.845395 -0.047592 0.022499 0.998613 5.317920
0.853138 0.520856 0.029397 162.990537 -0.519534 0.853382 -0.042713 -51.153437 -0.047334 0.021167 0.998655 5.336151
0.852886 0.521280 0.029202 163.447347 -0.519999 0.853138 -0.041917 -51.441889 -0.046764 0.020566 0.998694 5.353213
0.852063 0.522636 0.028968 163.938380 -0.521338 0.852297 -0.042390 -51.751460 -0.046844 0.021017 0.998681 5.371546
0.851334 0.523850 0.028488 164.379411 -0.522517 0.851526 -0.043362 -52.032789 -0.046973 0.022030 0.998653 5.388059
0.850026 0.526010 0.027741 164.867114 -0.524653 0.850165 -0.044252 -52.347261 -0.046861 0.023061 0.998635 5.406370
0.849074 0.527578 0.027108 165.511028 -0.526206 0.849172 -0.044877 -52.759716 -0.046696 0.023840 0.998625 5.430505
0.848269 0.528927 0.026009 165.989330 -0.527575 0.848314 -0.045040 -53.068812 -0.045887 0.024484 0.998647 5.448472
0.847739 0.529800 0.025500 166.437416 -0.528475 0.847771 -0.044692 -53.357892 -0.045296 0.024411 0.998675 5.465297
0.847240 0.530621 0.025025 166.930122 -0.529266 0.847228 -0.045624 -53.676106 -0.045411 0.025410 0.998645 5.483803
0.846557 0.531697 0.025293 167.540207 -0.530282 0.846530 -0.046782 -54.068225 -0.046285 0.026191 0.998585 5.506690
0.844986 0.534197 0.025143 168.487590 -0.532773 0.844949 -0.047057 -54.681246 -0.046382 0.026367 0.998576 5.542289
0.844417 0.535139 0.024201 168.953881 -0.533714 0.844322 -0.047637 -54.984133 -0.045926 0.027309 0.998571 5.559828
0.843608 0.536385 0.024839 169.416232 -0.534921 0.843533 -0.048081 -55.286656 -0.046743 0.027275 0.998535 5.577250
0.843342 0.536779 0.025355 169.880318 -0.535286 0.843282 -0.048418 -55.587845 -0.047371 0.027261 0.998505 5.594702
0.842743 0.537778 0.024062 170.358965 -0.536272 0.842595 -0.049463 -55.899246 -0.046874 0.028780 0.998486 5.612712
0.843047 0.537404 0.021651 170.824403 -0.535956 0.842779 -0.049749 -56.202732 -0.044983 0.030337 0.998527 5.630236
0.843704 0.536459 0.019382 171.319598 -0.535153 0.843387 -0.048066 -56.524462 -0.042132 0.030181 0.998656 5.648862
0.844381 0.535483 0.016727 171.785853 -0.534297 0.843983 -0.047112 -56.826726 -0.039345 0.030843 0.998750 5.666391
0.844225 0.535736 0.016448 172.222358 -0.534560 0.843818 -0.047081 -57.111503 -0.039102 0.030954 0.998756 5.682827
0.844528 0.535234 0.017217 172.654239 -0.534034 0.844150 -0.047111 -57.392059 -0.039750 0.030592 0.998741 5.699072
0.843712 0.536474 0.018598 173.103829 -0.535221 0.843383 -0.047361 -57.684026 -0.041093 0.030005 0.998705 5.715981
0.843942 0.536040 0.020588 173.521235 -0.534767 0.843722 -0.046451 -57.954222 -0.042270 0.028192 0.998708 5.731668
0.844393 0.535299 0.021327 173.977631 -0.534072 0.844246 -0.044896 -58.249339 -0.042038 0.026520 0.998764 5.748815
0.844578 0.534981 0.021990 174.403188 -0.533807 0.844501 -0.043223 -58.524225 -0.041694 0.024767 0.998823 5.764799
0.844857 0.534541 0.021960 174.862274 -0.533397 0.844796 -0.042521 -58.819022 -0.041281 0.024210 0.998854 5.782017
0.845151 0.534075 0.021998 175.287107 -0.532949 0.845102 -0.042038 -59.092331 -0.041042 0.023804 0.998874 5.797958
0.845119 0.534096 0.022713 175.741756 -0.533045 0.845149 -0.039829 -59.384119 -0.040469 0.021553 0.998948 5.815007
0.844858 0.534453 0.023959 176.158694 -0.533489 0.844995 -0.037044 -59.651536 -0.040043 0.018515 0.999026 5.830640
0.845098 0.534021 0.025113 176.617397 -0.533133 0.845322 -0.034646 -59.946557 -0.039730 0.015891 0.999084 5.847851
0.844774 0.534466 0.026526 177.040381 -0.533669 0.845094 -0.031830 -60.221734 -0.039429 0.012733 0.999141 5.863766
0.845142 0.533836 0.027464 177.491653 -0.533080 0.845514 -0.030525 -60.512888 -0.039517 0.011158 0.999157 5.880711
0.845757 0.532746 0.029626 178.064919 -0.532029 0.846230 -0.028980 -60.881411 -0.040509 0.008749 0.999141 5.902218
0.846622 0.531249 0.031706 178.518412 -0.530565 0.847189 -0.027767 -61.172869 -0.041612 0.006686 0.999111 5.919230
0.847674 0.529430 0.033967 178.972414 -0.528797 0.848343 -0.026219 -61.461673 -0.042697 0.004264 0.999079 5.936218
0.848992 0.527170 0.036113 179.393764 -0.526561 0.849756 -0.025455 -61.729331 -0.044106 0.002596 0.999023 5.951978
0.851004 0.523797 0.037795 180.013061 -0.523207 0.851842 -0.024893 -62.122459 -0.045235 0.001409 0.998975 5.975139
0.852261 0.521684 0.038689 180.470862 -0.521183 0.853138 -0.022875 -62.409141 -0.044941 -0.000668 0.998989 5.992203
0.854386 0.518261 0.037824 180.927365 -0.517801 0.855222 -0.021849 -62.692756 -0.043671 -0.000918 0.999046 6.009186
0.856199 0.515357 0.036464 181.383353 -0.514913 0.856975 -0.021404 -62.975118 -0.042279 -0.000449 0.999106 6.026137
0.858604 0.511516 0.033918 181.829336 -0.511113 0.859274 -0.020282 -63.247343 -0.039520 0.000078 0.999219 6.042658
0.864472 0.501778 0.030118 182.716461 -0.501493 0.864996 -0.016904 -63.779687 -0.034534 -0.000491 0.999403 6.075388
0.867598 0.496492 0.027731 183.144762 -0.496230 0.868042 -0.016119 -64.030153 -0.032074 0.000224 0.999485 6.091095
0.871212 0.490221 0.025931 183.586999 -0.489989 0.871598 -0.015077 -64.286960 -0.029992 0.000429 0.999550 6.107287
0.874713 0.483979 0.025321 184.020937 -0.483801 0.875079 -0.013153 -64.535584 -0.028524 -0.000745 0.999593 6.123126
0.878445 0.477184 0.025082 184.468011 -0.477065 0.878800 -0.010905 -64.787225 -0.027246 -0.002386 0.999626 6.139379
0.881956 0.470655 0.025271 184.890747 -0.470569 0.882311 -0.009600 -65.020853 -0.026815 -0.003425 0.999635 6.154684
0.889438 0.456231 0.027443 185.731279 -0.456213 0.889841 -0.007300 -65.468085 -0.027750 -0.006027 0.999597 6.184866
0.893620 0.447961 0.027828 186.171204 -0.447938 0.894034 -0.007387 -65.694346 -0.028188 -0.005864 0.999585 6.200549
0.897668 0.439807 0.027622 186.590407 -0.439793 0.898073 -0.006898 -65.903170 -0.027840 -0.005956 0.999595 6.215395
0.902879 0.428994 0.027828 187.218331 -0.429009 0.903282 -0.005711 -66.210706 -0.027586 -0.006783 0.999596 6.237556
0.906385 0.421447 0.029125 187.652358 -0.421506 0.906815 -0.004387 -66.419082 -0.028260 -0.008300 0.999566 6.252813
0.909925 0.413584 0.031388 188.077468 -0.413705 0.910407 -0.002841 -66.619813 -0.029751 -0.010400 0.999503 6.267708
0.913189 0.406114 0.034021 188.487323 -0.406321 0.913730 -0.000903 -66.809124 -0.031453 -0.012999 0.999421 6.282008
