0.999999 0.001239 0.000000 0.632729 -0.001239 0.999999 0.000000 -0.006167 0.000000 0.000000 1.000000 0.000000
1.000000 -0.000021 0.000000 1.300197 0.000021 1.000000 0.000000 -0.020623 0.000000 0.000000 1.000000 0.000000
1.000000 -0.000112 0.000000 1.925688 0.000112 1.000000 0.000000 -0.039339 0.000000 0.000000 1.000000 0.000000
1.000000 0.000086 0.000000 2.554338 -0.000086 1.000000 0.000000 -0.048294 0.000000 0.000000 1.000000 0.000000
1.000000 -0.000960 0.000000 3.180717 0.000960 1.000000 0.000000 -0.061780 0.000000 0.000000 1.000000 0.000000
0.999997 -0.002321 0.000000 3.806775 0.002321 0.999997 0.000000 -0.076456 0.000000 0.000000 1.000000 0.000000
0.999998 -0.002160 0.000000 4.427203 0.002160 0.999998 0.000000 -0.086614 0.000000 0.000000 1.000000 0.000000
1.000000 -0.000938 0.000000 5.054392 0.000938 1.000000 0.000000 -0.095795 0.000000 0.000000 1.000000 0.000000
0.999998 -0.001900 0.000000 5.672511 0.001900 0.999998 0.000000 -0.117155 0.000000 0.000000 1.000000 0.000000
0.999999 -0.001004 0.000000 6.325863 0.001004 0.999999 0.000000 -0.127922 0.000000 0.000000 1.000000 0.000000
0.999999 -0.001517 0.000000 6.912874 0.001517 0.999999 0.000000 -0.140613 0.000000 0.000000 1.000000 0.000000
0.999999 -0.001193 0.000000 7.534795 0.001193 0.999999 0.000000 -0.152699 0.000000 0.000000 1.000000 0.000000
1.000000 -0.000407 0.000000 8.157127 0.000407 1.000000 0.000000 -0.170124 0.000000 0.000000 1.000000 0.000000
0.999998 -0.001977 0.000000 8.808730 0.001977 0.999998 0.000000 -0.185251 0.000000 0.000000 1.000000 0.000000
0.999995 -0.003143 0.000000 9.431224 0.003143 0.999995 0.000000 -0.193357 0.000000 0.000000 1.000000 0.000000
0.999993 -0.003850 0.000000 10.052269 0.003850 0.999993 0.000000 -0.206709 0.000000 0.000000 1.000000 0.000000
0.999990 -0.004516 0.000000 10.673853 0.004516 0.999990 0.000000 -0.222218 0.000000 0.000000 1.000000 0.000000
0.999994 -0.003407 0.000000 11.301702 0.003407 0.999994 0.000000 -0.236854 0.000000 0.000000 1.000000 0.000000
0.999984 -0.005668 0.000000 11.921570 0.005668 0.999984 0.000000 -0.249505 0.000000 0.000000 1.000000 0.000000
0.999982 -0.006040 0.000000 12.524835 0.006040 0.999982 0.000000 -0.263849 0.000000 0.000000 1.000000 0.000000
0.999971 -0.007640 0.000000 13.156415 0.007640 0.999971 0.000000 -0.273653 0.000000 0.000000 1.000000 0.000000
0.999982 -0.006035 0.000000 13.782946 0.006035 0.999982 0.000000 -0.280560 0.000000 0.000000 1.000000 0.000000
0.999992 -0.004103 0.000000 14.369153 0.004103 0.999992 0.000000 -0.286543 0.000000 0.000000 1.000000 0.000000
0.999978 -0.006606 0.000000 14.995818 0.006606 0.999978 0.000000 -0.303874 0.000000 0.000000 1.000000 0.000000
0.999960 -0.008961 0.000000 15.606122 0.008961 0.999960 0.000000 -0.314247 0.000000 0.000000 1.000000 0.000000
0.999943 -0.010689 0.000000 16.202196 0.010689 0.999943 0.000000 -0.325175 0.000000 0.000000 1.000000 0.000000
0.999944 -0.010558 0.000000 16.823555 0.010558 0.999944 0.000000 -0.330446 0.000000 0.000000 1.000000 0.000000
0.999951 -0.009938 0.000000 17.454213 0.009938 0.999951 0.000000 -0.341923 0.000000 0.000000 1.000000 0.000000
0.999954 -0.009633 0.000000 18.077999 0.009633 0.999954 0.000000 -0.354310 0.000000 0.000000 1.000000 0.000000
0.999969 -0.007839 0.000000 18.670134 0.007839 0.999969 0.000000 -0.362443 0.000000 0.000000 1.000000 0.000000
0.999995 -0.003158 0.000000 19.306323 0.003158 0.999995 0.000000 -0.377759 0.000000 0.000000 1.000000 0.000000
0.999999 -0.001032 0.000000 19.899049 0.001032 0.999999 0.000000 -0.393314 0.000000 0.000000 1.000000 0.000000
1.000000 -0.000576 0.000000 20.528719 0.000576 1.000000 0.000000 -0.409639 0.000000 0.000000 1.000000 0.000000
0.999999 -0.001483 0.000000 21.167002 0.001483 0.999999 0.000000 -0.427098 0.000000 0.000000 1.000000 0.000000
0.999997 -0.002283 0.000000 21.993363 0.002283 0.999997 0.000000 -0.453881 0.000000 0.000000 1.000000 0.000000
0.999999 -0.001161 0.000000 22.625432 0.001161 0.999999 0.000000 -0.463149 0.000000 0.000000 1.000000 0.000000
1.000000 0.000089 0.000000 23.266969 -0.000089 1.000000 0.000000 -0.466836 0.000000 0.000000 1.000000 0.000000
0.999999 0.001447 0.000000 23.901472 -0.001447 0.999999 0.000000 -0.479193 0.000000 0.000000 1.000000 0.000000
0.999997 0.002501 0.000000 24.535217 -0.002501 0.999997 0.000000 -0.493578 0.000000 0.000000 1.000000 0.000000
0.999999 0.001109 0.000000 25.177610 -0.001109 0.999999 0.000000 -0.512050 0.000000 0.000000 1.000000 0.000000
0.999995 0.003018 0.000000 25.810476 -0.003018 0.999995 0.000000 -0.528762 0.000000 0.000000 1.000000 0.000000
0.999990 0.004547 0.000000 26.458903 -0.004547 0.999990 0.000000 -0.546696 0.000000 0.000000 1.000000 0.000000
0.999977 0.006825 0.000000 27.096622 -0.006825 0.999977 0.000000 -0.558714 0.000000 0.000000 1.000000 0.000000
0.999975 0.007031 0.000000 27.740556 -0.007031 0.999975 0.000000 -0.578559 0.000000 0.000000 1.000000 0.000000
0.999959 0.009032 0.000000 28.380221 -0.009032 0.999959 0.000000 -0.591858 0.000000 0.000000 1.000000 0.000000
0.999972 0.007486 0.000000 29.016068 -0.007486 0.999972 0.000000 -0.611421 0.000000 0.000000 1.000000 0.000000
0.999966 0.008285 0.000000 29.656723 -0.008285 0.999966 0.000000 -0.628798 0.000000 0.000000 1.000000 0.000000
0.999959 0.009061 0.000000 30.293621 -0.009061 0.999959 0.000000 -0.644750 0.000000 0.000000 1.000000 0.000000
0.999970 0.007801 0.000000 30.895465 -0.007801 0.999970 0.000000 -0.667117 0.000000 0.000000 1.000000 0.000000
0.999958 0.009169 0.000000 31.540668 -0.009169 0.999958 0.000000 -0.687432 0.000000 0.000000 1.000000 0.000000
0.999927 0.012075 0.000000 32.173956 -0.012075 0.999927 0.000000 -0.700769 0.000000 0.000000 1.000000 0.000000
0.999932 0.011693 0.000000 32.819884 -0.011693 0.999932 0.000000 -0.721466 0.000000 0.000000 1.000000 0.000000
0.999951 0.009898 0.000000 33.457634 -0.009898 0.999951 0.000000 -0.741691 0.000000 0.000000 1.000000 0.000000
0.999945 0.010486 0.000000 34.091549 -0.010486 0.999945 0.000000 -0.755961 0.000000 0.000000 1.000000 0.000000
0.999929 0.011937 0.000000 34.739008 -0.011937 0.999929 0.000000 -0.773181 0.000000 0.000000 1.000000 0.000000
0.999922 0.012529 0.000000 35.389089 -0.012529 0.999922 0.000000 -0.785102 0.000000 0.000000 1.000000 0.000000
0.999916 0.012950 0.000000 36.034587 -0.012950 0.999916 0.000000 -0.799932 0.000000 0.000000 1.000000 0.000000
0.999887 0.015056 0.000000 36.679128 -0.015056 0.999887 0.000000 -0.816321 0.000000 0.000000 1.000000 0.000000
0.999883 0.015279 0.000000 37.331306 -0.015279 0.999883 0.000000 -0.834825 0.000000 0.000000 1.000000 0.000000
0.999907 0.013614 0.000000 37.941552 -0.013614 0.999907 0.000000 -0.859348 0.000000 0.000000 1.000000 0.000000
0.999870 0.016151 0.000000 38.598882 -0.016151 0.999870 0.000000 -0.868319 0.000000 0.000000 1.000000 0.000000
0.999850 0.017301 0.000000 39.259383 -0.017301 0.999850 0.000000 -0.880555 0.000000 0.000000 1.000000 0.000000
0.999810 0.019485 0.000000 39.922610 -0.019485 0.999810 0.000000 -0.897080 0.000000 0.000000 1.000000 0.000000
0.999884 0.015258 0.000000 40.581477 -0.015258 0.999884 0.000000 -0.917149 0.000000 0.000000 1.000000 0.000000
0.999922 0.012528 0.000000 41.234244 -0.012528 0.999922 0.000000 -0.943141 0.000000 0.000000 1.000000 0.000000
0.999921 0.012533 0.000000 41.855667 -0.012533 0.999921 0.000000 -0.958273 0.000000 0.000000 1.000000 0.000000
0.999912 0.013230 0.000000 42.517476 -0.013230 0.999912 0.000000 -0.973717 0.000000 0.000000 1.000000 0.000000
0.999877 0.015704 0.000000 43.177534 -0.015704 0.999877 0.000000 -0.993186 0.000000 0.000000 1.000000 0.000000
0.999860 0.016725 0.000000 43.836156 -0.016725 0.999860 0.000000 -1.015323 0.000000 0.000000 1.000000 0.000000
0.999878 0.015594 0.000000 44.494674 -0.015594 0.999878 0.000000 -1.038753 0.000000 0.000000 1.000000 0.000000
0.999922 0.012475 0.000000 45.149662 -0.012475 0.999922 0.000000 -1.050805 0.000000 0.000000 1.000000 0.000000
0.999903 0.013921 0.000000 46.175021 -0.013921 0.999903 0.000000 -1.085389 0.000000 0.000000 1.000000 0.000000
0.999937 0.011197 0.000000 46.859370 -0.011197 0.999937 0.000000 -1.102803 0.000000 0.000000 1.000000 0.000000
0.999901 0.014105 0.000000 47.487407 -0.014105 0.999901 0.000000 -1.114447 0.000000 0.000000 1.000000 0.000000
0.999912 0.013273 0.000000 48.144601 -0.013273 0.999912 0.000000 -1.126934 0.000000 0.000000 1.000000 0.000000
0.999914 0.013103 0.000000 48.801589 -0.013103 0.999914 0.000000 -1.141898 0.000000 0.000000 1.000000 0.000000
0.999924 0.012308 0.000000 49.459100 -0.012308 0.999924 0.000000 -1.155693 0.000000 0.000000 1.000000 0.000000
0.999909 0.013477 0.000000 50.112624 -0.013477 0.999909 0.000000 -1.167356 0.000000 0.000000 1.000000 0.000000
0.999925 0.012242 0.000000 50.763093 -0.012242 0.999925 0.000000 -1.183286 0.000000 0.000000 1.000000 0.000000
0.999946 0.010410 0.000000 52.102162 -0.010410 0.999946 0.000000 -1.207175 0.000000 0.000000 1.000000 0.000000
0.999950 0.009991 0.000000 52.746210 -0.009991 0.999950 0.000000 -1.212906 0.000000 0.000000 1.000000 0.000000
0.999981 0.006143 0.000000 53.381342 -0.006143 0.999981 0.000000 -1.217469 0.000000 0.000000 1.000000 0.000000
0.999979 0.006435 0.000000 54.017456 -0.006435 0.999979 0.000000 -1.226512 0.000000 0.000000 1.000000 0.000000
0.999965 0.008385 0.000000 54.652183 -0.008385 0.999965 0.000000 -1.236503 0.000000 0.000000 1.000000 0.000000
0.999946 0.010386 0.000000 55.321241 -0.010386 0.999946 0.000000 -1.250807 0.000000 0.000000 1.000000 0.000000
0.999943 0.010669 0.000000 55.955895 -0.010669 0.999943 0.000000 -1.257476 0.000000 0.000000 1.000000 0.000000
0.999931 0.011736 0.000000 56.563205 -0.011736 0.999931 0.000000 -1.265212 0.000000 0.000000 1.000000 0.000000
0.999938 0.011169 0.000000 57.190666 -0.011169 0.999938 0.000000 -1.277171 0.000000 0.000000 1.000000 0.000000
0.999933 0.011581 0.000000 57.780505 -0.011581 0.999933 0.000000 -1.290209 0.000000 0.000000 1.000000 0.000000
0.999922 0.012502 0.000000 58.408160 -0.012502 0.999922 0.000000 -1.305935 0.000000 0.000000 1.000000 0.000000
0.999905 0.013763 0.000000 59.031281 -0.013763 0.999905 0.000000 -1.322207 0.000000 0.000000 1.000000 0.000000
0.999898 0.014293 0.000000 59.611155 -0.014293 0.999898 0.000000 -1.334833 0.000000 0.000000 1.000000 0.000000
0.999871 0.016049 0.000000 60.225255 -0.016049 0.999871 0.000000 -1.350938 0.000000 0.000000 1.000000 0.000000
0.999896 0.014442 0.000000 60.834666 -0.014442 0.999896 0.000000 -1.374511 0.000000 0.000000 1.000000 0.000000
0.999891 0.014765 0.000000 61.404450 -0.014765 0.999891 0.000000 -1.397010 0.000000 0.000000 1.000000 0.000000
0.999907 0.013666 0.000000 62.014292 -0.013666 0.999907 0.000000 -1.424300 0.000000 0.000000 1.000000 0.000000
0.999903 0.013943 0.000000 62.584916 -0.013943 0.999903 0.000000 -1.439884 0.000000 0.000000 1.000000 0.000000
0.999847 0.017465 0.000000 63.193572 -0.017465 0.999847 0.000000 -1.456221 0.000000 0.000000 1.000000 0.000000
0.999836 0.018125 0.000000 63.798373 -0.018125 0.999836 0.000000 -1.474781 0.000000 0.000000 1.000000 0.000000
0.999827 0.018598 0.000000 64.636027 -0.018598 0.999827 0.000000 -1.508321 0.000000 0.000000 1.000000 0.000000
0.999798 0.020106 0.000000 65.232284 -0.020106 0.999798 0.000000 -1.528910 0.000000 0.000000 1.000000 0.000000
0.999773 0.021323 0.000000 65.832348 -0.021323 0.999773 0.000000 -1.554861 0.000000 0.000000 1.000000 0.000000
0.999797 0.020137 0.000000 66.425966 -0.020137 0.999797 0.000000 -1.574718 0.000000 0.000000 1.000000 0.000000
0.999807 0.019664 0.000000 67.019147 -0.019664 0.999807 0.000000 -1.592239 0.000000 0.000000 1.000000 0.000000
0.999852 0.017205 0.000000 67.606154 -0.017205 0.999852 0.000000 -1.606949 0.000000 0.000000 1.000000 0.000000
0.999880 0.015471 0.000000 68.233381 -0.015471 0.999880 0.000000 -1.624676 0.000000 0.000000 1.000000 0.000000
0.999884 0.015217 0.000000 68.822538 -0.015217 0.999884 0.000000 -1.638378 0.000000 0.000000 1.000000 0.000000
0.999898 0.014279 0.000000 69.414290 -0.014279 0.999898 0.000000 -1.655727 0.000000 0.000000 1.000000 0.000000
0.999853 0.017138 0.000000 70.593586 -0.017138 0.999853 0.000000 -1.701261 0.000000 0.000000 1.000000 0.000000
0.999882 0.015383 0.000000 71.173562 -0.015383 0.999882 0.000000 -1.713770 0.000000 0.000000 1.000000 0.000000
0.999850 0.017317 0.000000 71.754548 -0.017317 0.999850 0.000000 -1.727314 0.000000 0.000000 1.000000 0.000000
0.999850 0.017308 0.000000 72.332033 -0.017308 0.999850 0.000000 -1.751140 0.000000 0.000000 1.000000 0.000000
0.999856 0.016992 0.000000 72.912071 -0.016992 0.999856 0.000000 -1.766622 0.000000 0.000000 1.000000 0.000000
0.999825 0.018697 0.000000 73.488911 -0.018697 0.999825 0.000000 -1.783162 0.000000 0.000000 1.000000 0.000000
0.999846 0.017538 0.000000 74.057525 -0.017538 0.999846 0.000000 -1.807173 0.000000 0.000000 1.000000 0.000000
0.999879 0.015562 0.000000 74.624817 -0.015562 0.999879 0.000000 -1.820219 0.000000 0.000000 1.000000 0.000000
0.999883 0.015267 0.000000 75.187339 -0.015267 0.999883 0.000000 -1.841006 0.000000 0.000000 1.000000 0.000000
0.999852 0.017188 0.000000 75.746270 -0.017188 0.999852 0.000000 -1.857952 0.000000 0.000000 1.000000 0.000000
0.999856 0.016997 0.000000 76.300532 -0.016997 0.999856 0.000000 -1.876768 0.000000 0.000000 1.000000 0.000000
0.999862 0.016601 0.000000 76.851114 -0.016601 0.999862 0.000000 -1.896698 0.000000 0.000000 1.000000 0.000000
0.999862 0.016618 0.000000 77.393602 -0.016618 0.999862 0.000000 -1.921118 0.000000 0.000000 1.000000 0.000000
0.999833 0.018275 0.000000 77.906480 -0.018275 0.999833 0.000000 -1.941374 0.000000 0.000000 1.000000 0.000000
0.999806 0.019706 0.000000 78.448855 -0.019706 0.999806 0.000000 -1.956568 0.000000 0.000000 1.000000 0.000000
0.999752 0.022263 0.000000 78.970446 -0.022263 0.999752 0.000000 -1.972484 0.000000 0.000000 1.000000 0.000000
0.999692 0.024829 0.000000 79.476884 -0.024829 0.999692 0.000000 -1.982166 0.000000 0.000000 1.000000 0.000000
0.999679 0.025327 0.000000 80.012456 -0.025327 0.999679 0.000000 -2.007695 0.000000 0.000000 1.000000 0.000000
0.999688 0.024991 0.000000 80.538535 -0.024991 0.999688 0.000000 -2.031753 0.000000 0.000000 1.000000 0.000000
0.999687 0.025005 0.000000 81.029264 -0.025005 0.999687 0.000000 -2.049899 0.000000 0.000000 1.000000 0.000000
0.999662 0.025996 0.000000 81.559382 -0.025996 0.999662 0.000000 -2.078359 0.000000 0.000000 1.000000 0.000000
0.999587 0.028745 0.000000 82.071429 -0.028745 0.999587 0.000000 -2.106054 0.000000 0.000000 1.000000 0.000000
0.999613 0.027822 0.000000 82.556426 -0.027822 0.999613 0.000000 -2.130084 0.000000 0.000000 1.000000 0.000000
0.999609 0.027975 0.000000 83.078089 -0.027975 0.999609 0.000000 -2.153332 0.000000 0.000000 1.000000 0.000000
0.999572 0.029254 0.000000 83.588073 -0.029254 0.999572 0.000000 -2.175979 0.000000 0.000000 1.000000 0.000000
0.999521 0.030943 0.000000 84.067377 -0.030943 0.999521 0.000000 -2.203176 0.000000 0.000000 1.000000 0.000000
0.999506 0.031442 0.000000 84.575452 -0.031442 0.999506 0.000000 -2.235348 0.000000 0.000000 1.000000 0.000000
0.999500 0.031632 0.000000 85.047407 -0.031632 0.999500 0.000000 -2.262773 0.000000 0.000000 1.000000 0.000000
0.999435 0.033607 0.000000 85.550305 -0.033607 0.999435 0.000000 -2.293454 0.000000 0.000000 1.000000 0.000000
0.999426 0.033874 0.000000 86.207282 -0.033874 0.999426 0.000000 -2.334184 0.000000 0.000000 1.000000 0.000000
0.999308 0.037201 0.000000 86.698994 -0.037201 0.999308 0.000000 -2.351199 0.000000 0.000000 1.000000 0.000000
0.999241 0.038952 0.000000 87.197592 -0.038952 0.999241 0.000000 -2.371885 0.000000 0.000000 1.000000 0.000000
0.999200 0.039999 0.000000 87.686781 -0.039999 0.999200 0.000000 -2.394347 0.000000 0.000000 1.000000 0.000000
0.999224 0.039394 0.000000 88.168450 -0.039394 0.999224 0.000000 -2.421925 0.000000 0.000000 1.000000 0.000000
0.999265 0.038346 0.000000 88.650823 -0.038346 0.999265 0.000000 -2.454372 0.000000 0.000000 1.000000 0.000000
0.999210 0.039736 0.000000 89.121899 -0.039736 0.999210 0.000000 -2.487458 0.000000 0.000000 1.000000 0.000000
0.999065 0.043244 0.000000 90.077294 -0.043244 0.999065 0.000000 -2.558812 0.000000 0.000000 1.000000 0.000000
0.998991 0.044922 0.000000 90.544387 -0.044922 0.998991 0.000000 -2.597715 0.000000 0.000000 1.000000 0.000000
0.998835 0.048266 0.000000 91.011683 -0.048266 0.998835 0.000000 -2.632263 0.000000 0.000000 1.000000 0.000000
0.998734 0.050302 0.000000 91.479631 -0.050302 0.998734 0.000000 -2.677510 0.000000 0.000000 1.000000 0.000000
0.998668 0.051589 0.000000 91.953023 -0.051589 0.998668 0.000000 -2.724051 0.000000 0.000000 1.000000 0.000000
0.998496 0.054819 0.000000 92.411282 -0.054819 0.998496 0.000000 -2.766837 0.000000 0.000000 1.000000 0.000000
0.998397 0.056606 0.000000 92.876103 -0.056606 0.998397 0.000000 -2.817833 0.000000 0.000000 1.000000 0.000000
0.998172 0.060433 0.000000 93.337729 -0.060433 0.998172 0.000000 -2.861042 0.000000 0.000000 1.000000 0.000000
0.997988 0.063401 0.000000 93.790652 -0.063401 0.997988 0.000000 -2.903695 0.000000 0.000000 1.000000 0.000000
0.997802 0.066265 0.000000 94.244546 -0.066265 0.997802 0.000000 -2.948819 0.000000 0.000000 1.000000 0.000000
0.997632 0.068774 0.000000 94.667589 -0.068774 0.997632 0.000000 -2.993636 0.000000 0.000000 1.000000 0.000000
0.997482 0.070926 0.000000 95.111803 -0.070926 0.997482 0.000000 -3.042651 0.000000 0.000000 1.000000 0.000000
0.997245 0.074177 0.000000 95.549351 -0.074177 0.997245 0.000000 -3.089782 0.000000 0.000000 1.000000 0.000000
0.997198 0.074808 0.000000 95.983628 -0.074808 0.997198 0.000000 -3.144517 0.000000 0.000000 1.000000 0.000000
0.996946 0.078097 0.000000 96.403861 -0.078097 0.996946 0.000000 -3.195528 0.000000 0.000000 1.000000 0.000000
0.996785 0.080128 0.000000 96.826325 -0.080128 0.996785 0.000000 -3.237748 0.000000 0.000000 1.000000 0.000000
0.996104 0.088184 0.000000 97.244544 -0.088184 0.996104 0.000000 -3.281792 0.000000 0.000000 1.000000 0.000000
0.995863 0.090869 0.000000 97.651780 -0.090869 0.995863 0.000000 -3.325607 0.000000 0.000000 1.000000 0.000000
0.995579 0.093925 0.000000 98.056743 -0.093925 0.995579 0.000000 -3.374804 0.000000 0.000000 1.000000 0.000000
0.995605 0.093655 0.000000 98.468911 -0.093655 0.995605 0.000000 -3.423108 0.000000 0.000000 1.000000 0.000000
0.995328 0.096550 0.000000 98.861047 -0.096550 0.995328 0.000000 -3.474492 0.000000 0.000000 1.000000 0.000000
0.995458 0.095203 0.000000 99.255518 -0.095203 0.995458 0.000000 -3.534977 0.000000 0.000000 1.000000 0.000000
0.994807 0.101776 0.000000 99.639602 -0.101776 0.994807 0.000000 -3.583100 0.000000 0.000000 1.000000 0.000000
0.994416 0.105528 0.000000 100.040831 -0.105528 0.994416 0.000000 -3.634533 0.000000 0.000000 1.000000 0.000000
0.994468 0.105043 0.000000 100.428555 -0.105043 0.994468 0.000000 -3.692205 0.000000 0.000000 1.000000 0.000000
0.994093 0.108534 0.000000 100.797359 -0.108534 0.994093 0.000000 -3.740591 0.000000 0.000000 1.000000 0.000000
0.993611 0.112863 0.000000 101.201571 -0.112863 0.993611 0.000000 -3.795633 0.000000 0.000000 1.000000 0.000000
0.993066 0.117557 0.000000 101.600578 -0.117557 0.993066 0.000000 -3.850982 0.000000 0.000000 1.000000 0.000000
0.992626 0.121215 0.000000 102.162093 -0.121215 0.992626 0.000000 -3.944660 0.000000 0.000000 1.000000 0.000000
0.992333 0.123596 0.000000 102.568310 -0.123596 0.992333 0.000000 -4.009193 0.000000 0.000000 1.000000 0.000000
0.992065 0.125727 0.000000 102.975949 -0.125727 0.992065 0.000000 -4.079133 0.000000 0.000000 1.000000 0.000000
0.991768 0.128047 0.000000 103.389106 -0.128047 0.991768 0.000000 -4.145485 0.000000 0.000000 1.000000 0.000000
0.991435 0.130598 0.000000 103.801067 -0.130598 0.991435 0.000000 -4.220318 0.000000 0.000000 1.000000 0.000000
0.991356 0.131199 0.000000 104.213094 -0.131199 0.991356 0.000000 -4.288959 0.000000 0.000000 1.000000 0.000000
0.991221 0.132218 0.000000 104.629685 -0.132218 0.991221 0.000000 -4.359946 0.000000 0.000000 1.000000 0.000000
0.990808 0.135274 0.000000 105.046235 -0.135274 0.990808 0.000000 -4.432028 0.000000 0.000000 1.000000 0.000000
0.989806 0.142424 0.000000 105.773699 -0.142424 0.989806 0.000000 -4.562594 0.000000 0.000000 1.000000 0.000000
0.989720 0.143018 0.000000 106.196929 -0.143018 0.989720 0.000000 -4.645477 0.000000 0.000000 1.000000 0.000000
0.989820 0.142325 0.000000 106.627163 -0.142325 0.989820 0.000000 -4.728917 0.000000 0.000000 1.000000 0.000000
0.989896 0.141798 0.000000 107.052337 -0.141798 0.989896 0.000000 -4.810187 0.000000 0.000000 1.000000 0.000000
0.990001 0.141062 0.000000 107.483105 -0.141062 0.990001 0.000000 -4.884432 0.000000 0.000000 1.000000 0.000000
0.989486 0.144631 0.000000 107.920020 -0.144631 0.989486 0.000000 -4.946386 0.000000 0.000000 1.000000 0.000000
0.989642 0.143559 0.000000 108.355175 -0.143559 0.989642 0.000000 -5.024820 0.000000 0.000000 1.000000 0.000000
0.989703 0.143138 0.000000 108.793019 -0.143138 0.989703 0.000000 -5.096967 0.000000 0.000000 1.000000 0.000000
0.989640 0.143569 0.000000 109.234827 -0.143569 0.989640 0.000000 -5.175355 0.000000 0.000000 1.000000 0.000000
0.989436 0.144968 0.000000 109.679633 -0.144968 0.989436 0.000000 -5.253646 0.000000 0.000000 1.000000 0.000000
0.988862 0.148837 0.000000 110.123972 -0.148837 0.988862 0.000000 -5.336935 0.000000 0.000000 1.000000 0.000000
0.988867 0.148803 0.000000 110.943851 -0.148803 0.988867 0.000000 -5.486479 0.000000 0.000000 1.000000 0.000000
0.988955 0.148214 0.000000 111.394779 -0.148214 0.988955 0.000000 -5.572709 0.000000 0.000000 1.000000 0.000000
0.988812 0.149167 0.000000 111.848669 -0.149167 0.988812 0.000000 -5.652499 0.000000 0.000000 1.000000 0.000000
0.988572 0.150748 0.000000 112.305825 -0.150748 0.988572 0.000000 -5.745460 0.000000 0.000000 1.000000 0.000000
0.988226 0.152999 0.000000 112.762724 -0.152999 0.988226 0.000000 -5.839871 0.000000 0.000000 1.000000 0.000000
0.988049 0.154138 0.000000 113.220804 -0.154138 0.988049 0.000000 -5.933974 0.000000 0.000000 1.000000 0.000000
0.987850 0.155412 0.000000 113.682041 -0.155412 0.987850 0.000000 -6.027016 0.000000 0.000000 1.000000 0.000000
0.987267 0.159070 0.000000 114.145907 -0.159070 0.987267 0.000000 -6.118628 0.000000 0.000000 1.000000 0.000000
0.986607 0.163114 0.000000 114.643675 -0.163114 0.986607 0.000000 -6.214708 0.000000 0.000000 1.000000 0.000000
0.986026 0.166593 0.000000 115.081933 -0.166593 0.986026 0.000000 -6.301239 0.000000 0.000000 1.000000 0.000000
0.986001 0.166739 0.000000 115.581395 -0.166739 0.986001 0.000000 -6.404933 0.000000 0.000000 1.000000 0.000000
0.985742 0.168266 0.000000 116.051513 -0.168266 0.985742 0.000000 -6.500750 0.000000 0.000000 1.000000 0.000000
0.985347 0.170559 0.000000 116.516954 -0.170559 0.985347 0.000000 -6.595159 0.000000 0.000000 1.000000 0.000000
0.985683 0.168608 0.000000 116.980867 -0.168608 0.985683 0.000000 -6.698960 0.000000 0.000000 1.000000 0.000000
0.985108 0.171937 0.000000 117.449515 -0.171937 0.985108 0.000000 -6.790315 0.000000 0.000000 1.000000 0.000000
0.984696 0.174279 0.000000 117.917712 -0.174279 0.984696 0.000000 -6.889911 0.000000 0.000000 1.000000 0.000000
0.984010 0.178112 0.000000 118.386845 -0.178112 0.984010 0.000000 -6.986133 0.000000 0.000000 1.000000 0.000000
0.982857 0.184369 0.000000 118.860672 -0.184369 0.982857 0.000000 -7.080877 0.000000 0.000000 1.000000 0.000000
0.982541 0.186044 0.000000 119.312200 -0.186044 0.982541 0.000000 -7.177397 0.000000 0.000000 1.000000 0.000000
0.982443 0.186561 0.000000 119.790283 -0.186561 0.982443 0.000000 -7.278271 0.000000 0.000000 1.000000 0.000000
0.982101 0.188355 0.000000 120.269037 -0.188355 0.982101 0.000000 -7.384643 0.000000 0.000000 1.000000 0.000000
0.981994 0.188913 0.000000 121.059444 -0.188913 0.981994 0.000000 -7.558836 0.000000 0.000000 1.000000 0.000000
0.981995 0.188908 0.000000 121.543836 -0.188908 0.981995 0.000000 -7.667806 0.000000 0.000000 1.000000 0.000000
0.984248 0.176791 0.000000 122.514282 -0.176791 0.984248 0.000000 -7.889241 0.000000 0.000000 1.000000 0.000000
0.984264 0.176705 0.000000 123.008107 -0.176705 0.984264 0.000000 -7.992678 0.000000 0.000000 1.000000 0.000000
0.984463 0.175592 0.000000 123.503055 -0.175592 0.984463 0.000000 -8.095720 0.000000 0.000000 1.000000 0.000000
0.984425 0.175805 0.000000 124.000697 -0.175805 0.984425 0.000000 -8.192011 0.000000 0.000000 1.000000 0.000000
0.984776 0.173825 0.000000 124.498899 -0.173825 0.984776 0.000000 -8.293000 0.000000 0.000000 1.000000 0.000000
0.984649 0.174544 0.000000 124.999840 -0.174544 0.984649 0.000000 -8.389463 0.000000 0.000000 1.000000 0.000000
0.984690 0.174312 0.000000 125.540310 -0.174312 0.984690 0.000000 -8.495465 0.000000 0.000000 1.000000 0.000000
0.984243 0.176819 0.000000 126.025463 -0.176819 0.984243 0.000000 -8.588854 0.000000 0.000000 1.000000 0.000000
0.983960 0.178391 0.000000 126.534744 -0.178391 0.983960 0.000000 -8.687787 0.000000 0.000000 1.000000 0.000000
0.984128 0.177460 0.000000 127.053581 -0.177460 0.984128 0.000000 -8.785108 0.000000 0.000000 1.000000 0.000000
0.984769 0.173867 0.000000 127.535396 -0.173867 0.984769 0.000000 -8.889968 0.000000 0.000000 1.000000 0.000000
0.984714 0.174182 0.000000 128.050907 -0.174182 0.984714 0.000000 -8.989581 0.000000 0.000000 1.000000 0.000000
0.984679 0.174377 0.000000 128.577544 -0.174377 0.984679 0.000000 -9.092863 0.000000 0.000000 1.000000 0.000000
0.984230 0.176891 0.000000 129.068874 -0.176891 0.984230 0.000000 -9.183420 0.000000 0.000000 1.000000 0.000000
0.984823 0.173560 0.000000 129.589703 -0.173560 0.984823 0.000000 -9.280254 0.000000 0.000000 1.000000 0.000000
0.984161 0.177278 0.000000 130.119333 -0.177278 0.984161 0.000000 -9.391030 0.000000 0.000000 1.000000 0.000000
0.983742 0.179588 0.000000 130.743771 -0.179588 0.983742 0.000000 -9.512120 0.000000 0.000000 1.000000 0.000000
0.983438 0.181244 0.000000 131.309325 -0.181244 0.983438 0.000000 -9.621800 0.000000 0.000000 1.000000 0.000000
0.982973 0.183749 0.000000 131.809442 -0.183749 0.982973 0.000000 -9.715893 0.000000 0.000000 1.000000 0.000000
0.982880 0.184249 0.000000 132.338124 -0.184249 0.982880 0.000000 -9.826621 0.000000 0.000000 1.000000 0.000000
0.981896 0.189419 0.000000 132.870712 -0.189419 0.981896 0.000000 -9.937737 0.000000 0.000000 1.000000 0.000000
0.981401 0.191968 0.000000 133.406400 -0.191968 0.981401 0.000000 -10.052563 0.000000 0.000000 1.000000 0.000000
0.980285 0.197590 0.000000 137.196386 -0.197590 0.980285 0.000000 -10.919808 0.000000 0.000000 1.000000 0.000000
0.980489 0.196575 0.000000 137.707323 -0.196575 0.980489 0.000000 -11.034447 0.000000 0.000000 1.000000 0.000000
0.981350 0.192230 0.000000 138.848309 -0.192230 0.981350 0.000000 -11.293933 0.000000 0.000000 1.000000 0.000000
0.980250 0.197762 0.000000 139.959785 -0.197762 0.980250 0.000000 -11.559886 0.000000 0.000000 1.000000 0.000000
0.980058 0.198713 0.000000 140.520493 -0.198713 0.980058 0.000000 -11.692182 0.000000 0.000000 1.000000 0.000000
0.979856 0.199704 0.000000 141.078859 -0.199704 0.979856 0.000000 -11.831471 0.000000 0.000000 1.000000 0.000000
0.979682 0.200559 0.000000 141.645843 -0.200559 0.979682 0.000000 -11.968020 0.000000 0.000000 1.000000 0.000000
0.979837 0.199797 0.000000 142.206195 -0.199797 0.979837 0.000000 -12.118427 0.000000 0.000000 1.000000 0.000000
0.980563 0.196204 0.000000 142.772836 -0.196204 0.980563 0.000000 -12.260637 0.000000 0.000000 1.000000 0.000000
0.979864 0.199665 0.000000 143.345246 -0.199665 0.979864 0.000000 -12.396677 0.000000 0.000000 1.000000 0.000000
0.979739 0.200278 0.000000 143.917740 -0.200278 0.979739 0.000000 -12.534329 0.000000 0.000000 1.000000 0.000000
0.979896 0.199510 0.000000 144.493097 -0.199510 0.979896 0.000000 -12.681191 0.000000 0.000000 1.000000 0.000000
0.979593 0.200991 0.000000 145.405089 -0.200991 0.979593 0.000000 -12.904391 0.000000 0.000000 1.000000 0.000000
0.978597 0.205786 0.000000 145.981576 -0.205786 0.978597 0.000000 -13.042017 0.000000 0.000000 1.000000 0.000000
0.978749 0.205061 0.000000 146.547492 -0.205061 0.978749 0.000000 -13.199131 0.000000 0.000000 1.000000 0.000000
0.978036 0.208436 0.000000 147.122573 -0.208436 0.978036 0.000000 -13.338573 0.000000 0.000000 1.000000 0.000000
0.977455 0.211145 0.000000 147.738112 -0.211145 0.977455 0.000000 -13.492085 0.000000 0.000000 1.000000 0.000000
0.976861 0.213874 0.000000 148.264433 -0.213874 0.976861 0.000000 -13.624568 0.000000 0.000000 1.000000 0.000000
0.976627 0.214939 0.000000 148.871362 -0.214939 0.976627 0.000000 -13.782964 0.000000 0.000000 1.000000 0.000000
0.976634 0.214910 0.000000 149.438328 -0.214910 0.976634 0.000000 -13.934085 0.000000 0.000000 1.000000 0.000000
0.976595 0.215088 0.000000 150.013375 -0.215088 0.976595 0.000000 -14.076733 0.000000 0.000000 1.000000 0.000000
0.976615 0.214996 0.000000 150.583228 -0.214996 0.976615 0.000000 -14.213833 0.000000 0.000000 1.000000 0.000000
0.976651 0.214832 0.000000 151.149180 -0.214832 0.976651 0.000000 -14.353400 0.000000 0.000000 1.000000 0.000000
0.977030 0.213103 0.000000 151.708648 -0.213103 0.977030 0.000000 -14.491639 0.000000 0.000000 1.000000 0.000000
0.977304 0.211844 0.000000 152.272783 -0.211844 0.977304 0.000000 -14.624915 0.000000 0.000000 1.000000 0.000000
0.977283 0.211940 0.000000 152.830210 -0.211940 0.977283 0.000000 -14.754483 0.000000 0.000000 1.000000 0.000000
0.977646 0.210255 0.000000 153.397529 -0.210255 0.977646 0.000000 -14.894853 0.000000 0.000000 1.000000 0.000000
0.976946 0.213485 0.000000 153.963290 -0.213485 0.976946 0.000000 -15.027431 0.000000 0.000000 1.000000 0.000000
0.976392 0.216008 0.000000 155.093400 -0.216008 0.976392 0.000000 -15.302425 0.000000 0.000000 1.000000 0.000000
0.976193 0.216906 0.000000 155.654134 -0.216906 0.976193 0.000000 -15.441012 0.000000 0.000000 1.000000 0.000000
0.976264 0.216583 0.000000 156.183069 -0.216583 0.976264 0.000000 -15.571731 0.000000 0.000000 1.000000 0.000000
0.975869 0.218357 0.000000 156.764181 -0.218357 0.975869 0.000000 -15.707995 0.000000 0.000000 1.000000 0.000000
0.975446 0.220239 0.000000 157.314523 -0.220239 0.975446 0.000000 -15.838371 0.000000 0.000000 1.000000 0.000000
0.975749 0.218893 0.000000 158.413830 -0.218893 0.975749 0.000000 -16.113327 0.000000 0.000000 1.000000 0.000000
0.975924 0.218109 0.000000 158.970832 -0.218109 0.975924 0.000000 -16.247302 0.000000 0.000000 1.000000 0.000000
0.975605 0.219535 0.000000 159.499872 -0.219535 0.975605 0.000000 -16.383461 0.000000 0.000000 1.000000 0.000000
0.975402 0.220432 0.000000 160.062126 -0.220432 0.975402 0.000000 -16.520925 0.000000 0.000000 1.000000 0.000000
0.975766 0.218817 0.000000 160.630258 -0.218817 0.975766 0.000000 -16.660059 0.000000 0.000000 1.000000 0.000000
0.975483 0.220076 0.000000 161.164691 -0.220076 0.975483 0.000000 -16.783366 0.000000 0.000000 1.000000 0.000000
0.974965 0.222360 0.000000 161.924206 -0.222360 0.974965 0.000000 -16.960011 0.000000 0.000000 1.000000 0.000000
0.973942 0.226799 0.000000 162.493448 -0.226799 0.973942 0.000000 -17.087433 0.000000 0.000000 1.000000 0.000000
0.973677 0.227931 0.000000 163.061782 -0.227931 0.973677 0.000000 -17.224656 0.000000 0.000000 1.000000 0.000000
0.972438 0.233160 0.000000 163.671159 -0.233160 0.972438 0.000000 -17.362268 0.000000 0.000000 1.000000 0.000000
0.972410 0.233278 0.000000 164.207232 -0.233278 0.972410 0.000000 -17.494095 0.000000 0.000000 1.000000 0.000000
0.972996 0.230823 0.000000 164.814449 -0.230823 0.972996 0.000000 -17.656084 0.000000 0.000000 1.000000 0.000000
0.972111 0.234523 0.000000 165.385746 -0.234523 0.972111 0.000000 -17.791974 0.000000 0.000000 1.000000 0.000000
0.972642 0.232310 0.000000 165.960425 -0.232310 0.972642 0.000000 -17.931145 0.000000 0.000000 1.000000 0.000000
0.971608 0.236598 0.000000 166.542943 -0.236598 0.971608 0.000000 -18.072540 0.000000 0.000000 1.000000 0.000000
0.972301 0.233733 0.000000 167.106309 -0.233733 0.972301 0.000000 -18.226558 0.000000 0.000000 1.000000 0.000000
0.972609 0.232447 0.000000 167.680353 -0.232447 0.972609 0.000000 -18.368423 0.000000 0.000000 1.000000 0.000000
0.972595 0.232508 0.000000 168.246305 -0.232508 0.972595 0.000000 -18.515284 0.000000 0.000000 1.000000 0.000000
0.973917 0.226903 0.000000 168.821245 -0.226903 0.973917 0.000000 -18.675618 0.000000 0.000000 1.000000 0.000000
0.975054 0.221968 0.000000 169.392789 -0.221968 0.975054 0.000000 -18.831832 0.000000 0.000000 1.000000 0.000000
0.975080 0.221854 0.000000 169.971613 -0.221854 0.975080 0.000000 -18.972546 0.000000 0.000000 1.000000 0.000000
0.974735 0.223366 0.000000 170.544221 -0.223366 0.974735 0.000000 -19.119529 0.000000 0.000000 1.000000 0.000000
0.974628 0.223830 0.000000 171.119913 -0.223830 0.974628 0.000000 -19.261940 0.000000 0.000000 1.000000 0.000000
0.974435 0.224668 0.000000 171.656892 -0.224668 0.974435 0.000000 -19.398179 0.000000 0.000000 1.000000 0.000000
0.974377 0.224919 0.000000 172.271047 -0.224919 0.974377 0.000000 -19.553348 0.000000 0.000000 1.000000 0.000000
0.974801 0.223077 0.000000 172.808584 -0.223077 0.974801 0.000000 -19.685252 0.000000 0.000000 1.000000 0.000000
0.974606 0.223929 0.000000 173.386169 -0.223929 0.974606 0.000000 -19.830892 0.000000 0.000000 1.000000 0.000000
0.974362 0.224987 0.000000 173.969092 -0.224987 0.974362 0.000000 -19.974057 0.000000 0.000000 1.000000 0.000000
0.973619 0.228181 0.000000 174.549151 -0.228181 0.973619 0.000000 -20.119993 0.000000 0.000000 1.000000 0.000000
0.971643 0.236454 0.000000 175.124291 -0.236454 0.971643 0.000000 -20.266689 0.000000 0.000000 1.000000 0.000000
0.971404 0.237434 0.000000 175.698891 -0.237434 0.971404 0.000000 -20.414496 0.000000 0.000000 1.000000 0.000000
0.971413 0.237394 0.000000 176.275999 -0.237394 0.971413 0.000000 -20.563747 0.000000 0.000000 1.000000 0.000000
0.971395 0.237471 0.000000 176.853194 -0.237471 0.971395 0.000000 -20.713120 0.000000 0.000000 1.000000 0.000000
0.971240 0.238103 0.000000 177.436193 -0.238103 0.971240 0.000000 -20.866226 0.000000 0.000000 1.000000 0.000000
0.970855 0.239668 0.000000 178.022971 -0.239668 0.970855 0.000000 -21.012213 0.000000 0.000000 1.000000 0.000000
0.971345 0.237675 0.000000 178.596194 -0.237675 0.971345 0.000000 -21.164601 0.000000 0.000000 1.000000 0.000000
0.971481 0.237118 0.000000 179.177034 -0.237118 0.971481 0.000000 -21.315580 0.000000 0.000000 1.000000 0.000000
0.970941 0.239320 0.000000 179.756336 -0.239320 0.970941 0.000000 -21.464323 0.000000 0.000000 1.000000 0.000000
0.970748 0.240103 0.000000 180.301289 -0.240103 0.970748 0.000000 -21.599419 0.000000 0.000000 1.000000 0.000000
0.970851 0.239682 0.000000 180.876684 -0.239682 0.970851 0.000000 -21.753263 0.000000 0.000000 1.000000 0.000000
0.970772 0.240004 0.000000 181.455401 -0.240004 0.970772 0.000000 -21.906332 0.000000 0.000000 1.000000 0.000000
0.970693 0.240323 0.000000 182.006783 -0.240323 0.970693 0.000000 -22.051660 0.000000 0.000000 1.000000 0.000000
0.971363 0.237600 0.000000 182.573306 -0.237600 0.971363 0.000000 -22.205917 0.000000 0.000000 1.000000 0.000000
0.971010 0.239039 0.000000 183.144968 -0.239039 0.971010 0.000000 -22.361882 0.000000 0.000000 1.000000 0.000000
0.971894 0.235418 0.000000 183.682675 -0.235418 0.971894 0.000000 -22.510909 0.000000 0.000000 1.000000 0.000000
0.971984 0.235045 0.000000 184.248695 -0.235045 0.971984 0.000000 -22.669168 0.000000 0.000000 1.000000 0.000000
0.971195 0.238287 0.000000 184.821293 -0.238287 0.971195 0.000000 -22.819968 0.000000 0.000000 1.000000 0.000000
0.971242 0.238094 0.000000 185.357755 -0.238094 0.971242 0.000000 -22.960332 0.000000 0.000000 1.000000 0.000000
0.970729 0.240178 0.000000 185.933119 -0.240178 0.970729 0.000000 -23.114298 0.000000 0.000000 1.000000 0.000000
0.970373 0.241610 0.000000 186.498020 -0.241610 0.970373 0.000000 -23.268984 0.000000 0.000000 1.000000 0.000000
0.970107 0.242676 0.000000 187.319288 -0.242676 0.970107 0.000000 -23.500366 0.000000 0.000000 1.000000 0.000000
0.969596 0.244711 0.000000 187.883555 -0.244711 0.969596 0.000000 -23.647777 0.000000 0.000000 1.000000 0.000000
0.969271 0.245996 0.000000 188.451230 -0.245996 0.969271 0.000000 -23.797115 0.000000 0.000000 1.000000 0.000000
0.969475 0.245192 0.000000 189.017490 -0.245192 0.969475 0.000000 -23.945420 0.000000 0.000000 1.000000 0.000000
0.969264 0.246024 0.000000 189.581389 -0.246024 0.969264 0.000000 -24.097110 0.000000 0.000000 1.000000 0.000000
0.969743 0.244130 0.000000 190.148983 -0.244130 0.969743 0.000000 -24.241164 0.000000 0.000000 1.000000 0.000000
0.970785 0.239950 0.000000 190.710980 -0.239950 0.970785 0.000000 -24.399153 0.000000 0.000000 1.000000 0.000000
0.970827 0.239782 0.000000 191.293137 -0.239782 0.970827 0.000000 -24.550974 0.000000 0.000000 1.000000 0.000000
0.970968 0.239208 0.000000 191.793957 -0.239208 0.970968 0.000000 -24.689566 0.000000 0.000000 1.000000 0.000000
0.970735 0.240154 0.000000 192.760314 -0.240154 0.970735 0.000000 -24.950988 0.000000 0.000000 1.000000 0.000000
0.970756 0.240067 0.000000 193.324219 -0.240067 0.970756 0.000000 -25.100555 0.000000 0.000000 1.000000 0.000000
0.970583 0.240767 0.000000 194.029330 -0.240767 0.970583 0.000000 -25.289877 0.000000 0.000000 1.000000 0.000000
0.970455 0.241282 0.000000 194.744125 -0.241282 0.970455 0.000000 -25.486839 0.000000 0.000000 1.000000 0.000000
0.969914 0.243447 0.000000 195.693101 -0.243447 0.969914 0.000000 -25.750771 0.000000 0.000000 1.000000 0.000000
0.970065 0.242846 0.000000 196.247203 -0.242846 0.970065 0.000000 -25.905501 0.000000 0.000000 1.000000 0.000000
0.970116 0.242643 0.000000 196.811556 -0.242643 0.970116 0.000000 -26.056707 0.000000 0.000000 1.000000 0.000000
0.970026 0.243001 0.000000 197.365731 -0.243001 0.970026 0.000000 -26.206879 0.000000 0.000000 1.000000 0.000000
0.969888 0.243553 0.000000 197.890635 -0.243553 0.969888 0.000000 -26.347218 0.000000 0.000000 1.000000 0.000000
0.970600 0.240697 0.000000 198.454499 -0.240697 0.970600 0.000000 -26.501662 0.000000 0.000000 1.000000 0.000000
0.969914 0.243446 0.000000 199.012823 -0.243446 0.969914 0.000000 -26.659367 0.000000 0.000000 1.000000 0.000000
0.969835 0.243761 0.000000 199.799171 -0.243761 0.969835 0.000000 -26.888853 0.000000 0.000000 1.000000 0.000000
0.970329 0.241788 0.000000 200.360580 -0.241788 0.970329 0.000000 -27.047409 0.000000 0.000000 1.000000 0.000000
0.970557 0.240870 0.000000 200.921593 -0.240870 0.970557 0.000000 -27.197536 0.000000 0.000000 1.000000 0.000000
0.970600 0.240699 0.000000 201.480856 -0.240699 0.970600 0.000000 -27.347576 0.000000 0.000000 1.000000 0.000000
0.971776 0.235907 0.000000 202.074512 -0.235907 0.971776 0.000000 -27.509642 0.000000 0.000000 1.000000 0.000000
0.971952 0.235181 0.000000 202.599973 -0.235181 0.971952 0.000000 -27.648338 0.000000 0.000000 1.000000 0.000000
0.971996 0.234999 0.000000 203.195846 -0.234999 0.971996 0.000000 -27.807637 0.000000 0.000000 1.000000 0.000000
0.972279 0.233825 0.000000 203.724530 -0.233825 0.972279 0.000000 -27.949521 0.000000 0.000000 1.000000 0.000000
0.972386 0.233376 0.000000 204.316786 -0.233376 0.972386 0.000000 -28.107807 0.000000 0.000000 1.000000 0.000000
0.972541 0.232733 0.000000 204.870178 -0.232733 0.972541 0.000000 -28.252187 0.000000 0.000000 1.000000 0.000000
0.972394 0.233345 0.000000 205.430135 -0.233345 0.972394 0.000000 -28.387093 0.000000 0.000000 1.000000 0.000000
0.973054 0.230578 0.000000 205.991190 -0.230578 0.973054 0.000000 -28.536925 0.000000 0.000000 1.000000 0.000000
0.972865 0.231372 0.000000 206.536701 -0.231372 0.972865 0.000000 -28.675896 0.000000 0.000000 1.000000 0.000000
0.972916 0.231158 0.000000 207.094244 -0.231158 0.972916 0.000000 -28.821024 0.000000 0.000000 1.000000 0.000000
0.973373 0.229226 0.000000 207.656909 -0.229226 0.973373 0.000000 -28.967731 0.000000 0.000000 1.000000 0.000000
0.973735 0.227683 0.000000 208.208746 -0.227683 0.973735 0.000000 -29.113091 0.000000 0.000000 1.000000 0.000000
0.971995 0.235003 0.000000 208.759087 -0.235003 0.971995 0.000000 -29.256251 0.000000 0.000000 1.000000 0.000000
0.972229 0.234031 0.000000 209.311203 -0.234031 0.972229 0.000000 -29.399272 0.000000 0.000000 1.000000 0.000000
