1.000000 0.000621 0.000000 0.588651 -0.000621 1.000000 0.000000 -0.002520 0.000000 0.000000 1.000000 0.000000
0.999999 0.001188 0.000000 1.178193 -0.001188 0.999999 0.000000 -0.004642 0.000000 0.000000 1.000000 0.000000
0.999998 0.002032 0.000000 1.728132 -0.002032 0.999998 0.000000 -0.007475 0.000000 0.000000 1.000000 0.000000
0.999989 0.004620 0.000000 2.311235 -0.004620 0.999989 0.000000 -0.015277 0.000000 0.000000 1.000000 0.000000
0.999985 0.005547 0.000000 2.858525 -0.005547 0.999985 0.000000 -0.016662 0.000000 0.000000 1.000000 0.000000
0.999983 0.005769 0.000000 3.433825 -0.005769 0.999983 0.000000 -0.012804 0.000000 0.000000 1.000000 0.000000
0.999974 0.007210 0.000000 3.993867 -0.007210 0.999974 0.000000 -0.010356 0.000000 0.000000 1.000000 0.000000
0.999977 0.006826 0.000000 4.562415 -0.006826 0.999977 0.000000 -0.021755 0.000000 0.000000 1.000000 0.000000
0.999965 0.008368 0.000000 5.140678 -0.008368 0.999965 0.000000 -0.026158 0.000000 0.000000 1.000000 0.000000
0.999945 0.010511 0.000000 5.892023 -0.010511 0.999945 0.000000 -0.035007 0.000000 0.000000 1.000000 0.000000
0.999929 0.011899 0.000000 6.508199 -0.011899 0.999929 0.000000 -0.044580 0.000000 0.000000 1.000000 0.000000
0.999919 0.012722 0.000000 7.050097 -0.012722 0.999919 0.000000 -0.047869 0.000000 0.000000 1.000000 0.000000
0.999887 0.015050 0.000000 7.663146 -0.015050 0.999887 0.000000 -0.047009 0.000000 0.000000 1.000000 0.000000
0.999830 0.018436 0.000000 8.243191 -0.018436 0.999830 0.000000 -0.046072 0.000000 0.000000 1.000000 0.000000
0.999817 0.019104 0.000000 8.822776 -0.019104 0.999817 0.000000 -0.061432 0.000000 0.000000 1.000000 0.000000
0.999745 0.022594 0.000000 9.403955 -0.022594 0.999745 0.000000 -0.066294 0.000000 0.000000 1.000000 0.000000
0.999720 0.023646 0.000000 9.982834 -0.023646 0.999720 0.000000 -0.080530 0.000000 0.000000 1.000000 0.000000
0.999693 0.024788 0.000000 10.558770 -0.024788 0.999693 0.000000 -0.091306 0.000000 0.000000 1.000000 0.000000
0.999670 0.025687 0.000000 11.134827 -0.025687 0.999670 0.000000 -0.109515 0.000000 0.000000 1.000000 0.000000
0.999607 0.028048 0.000000 11.709876 -0.028048 0.999607 0.000000 -0.128729 0.000000 0.000000 1.000000 0.000000
0.999539 0.030360 0.000000 12.280486 -0.030360 0.999539 0.000000 -0.157125 0.000000 0.000000 1.000000 0.000000
0.999535 0.030481 0.000000 12.829660 -0.030481 0.999535 0.000000 -0.183424 0.000000 0.000000 1.000000 0.000000
0.999461 0.032842 0.000000 13.398993 -0.032842 0.999461 0.000000 -0.208795 0.000000 0.000000 1.000000 0.000000
0.999417 0.034144 0.000000 14.500559 -0.034144 0.999417 0.000000 -0.246360 0.000000 0.000000 1.000000 0.000000
0.999468 0.032609 0.000000 15.430167 -0.032609 0.999468 0.000000 -0.288230 0.000000 0.000000 1.000000 0.000000
0.999523 0.030893 0.000000 15.995131 -0.030893 0.999523 0.000000 -0.321310 0.000000 0.000000 1.000000 0.000000
0.999477 0.032353 0.000000 16.556780 -0.032353 0.999477 0.000000 -0.353766 0.000000 0.000000 1.000000 0.000000
0.999415 0.034207 0.000000 17.119207 -0.034207 0.999415 0.000000 -0.385646 0.000000 0.000000 1.000000 0.000000
0.999418 0.034113 0.000000 17.681487 -0.034113 0.999418 0.000000 -0.418459 0.000000 0.000000 1.000000 0.000000
0.999413 0.034266 0.000000 18.280221 -0.034266 0.999413 0.000000 -0.457283 0.000000 0.000000 1.000000 0.000000
0.999040 0.043814 0.000000 18.841478 -0.043814 0.999040 0.000000 -0.488384 0.000000 0.000000 1.000000 0.000000
0.998354 0.057358 0.000000 19.964335 -0.057358 0.998354 0.000000 -0.551927 0.000000 0.000000 1.000000 0.000000
0.998402 0.056507 0.000000 20.523348 -0.056507 0.998402 0.000000 -0.603727 0.000000 0.000000 1.000000 0.000000
0.998292 0.058427 0.000000 21.086136 -0.058427 0.998292 0.000000 -0.650808 0.000000 0.000000 1.000000 0.000000
0.998325 0.057857 0.000000 21.611339 -0.057857 0.998325 0.000000 -0.701737 0.000000 0.000000 1.000000 0.000000
0.998379 0.056913 0.000000 22.171448 -0.056913 0.998379 0.000000 -0.746410 0.000000 0.000000 1.000000 0.000000
0.998007 0.063102 0.000000 23.074064 -0.063102 0.998007 0.000000 -0.815269 0.000000 0.000000 1.000000 0.000000
0.997985 0.063447 0.000000 23.672978 -0.063447 0.997985 0.000000 -0.861264 0.000000 0.000000 1.000000 0.000000
0.997818 0.066022 0.000000 24.231322 -0.066022 0.997818 0.000000 -0.898591 0.000000 0.000000 1.000000 0.000000
0.997763 0.066858 0.000000 24.796438 -0.066858 0.997763 0.000000 -0.940290 0.000000 0.000000 1.000000 0.000000
0.997673 0.068182 0.000000 25.359689 -0.068182 0.997673 0.000000 -0.986410 0.000000 0.000000 1.000000 0.000000
0.997583 0.069478 0.000000 25.923635 -0.069478 0.997583 0.000000 -1.033327 0.000000 0.000000 1.000000 0.000000
0.997422 0.071762 0.000000 26.485335 -0.071762 0.997422 0.000000 -1.078871 0.000000 0.000000 1.000000 0.000000
0.997450 0.071374 0.000000 27.051388 -0.071374 0.997450 0.000000 -1.129513 0.000000 0.000000 1.000000 0.000000
0.997371 0.072459 0.000000 27.612168 -0.072459 0.997371 0.000000 -1.173712 0.000000 0.000000 1.000000 0.000000
0.997269 0.073856 0.000000 28.139329 -0.073856 0.997269 0.000000 -1.220673 0.000000 0.000000 1.000000 0.000000
0.997027 0.077059 0.000000 29.081366 -0.077059 0.997027 0.000000 -1.303295 0.000000 0.000000 1.000000 0.000000
0.996663 0.081631 0.000000 29.643662 -0.081631 0.996663 0.000000 -1.359907 0.000000 0.000000 1.000000 0.000000
0.996506 0.083516 0.000000 30.202328 -0.083516 0.996506 0.000000 -1.406929 0.000000 0.000000 1.000000 0.000000
0.996413 0.084624 0.000000 30.766237 -0.084624 0.996413 0.000000 -1.458052 0.000000 0.000000 1.000000 0.000000
0.996184 0.087281 0.000000 31.327131 -0.087281 0.996184 0.000000 -1.509210 0.000000 0.000000 1.000000 0.000000
0.996080 0.088460 0.000000 31.893019 -0.088460 0.996080 0.000000 -1.568428 0.000000 0.000000 1.000000 0.000000
0.995952 0.089887 0.000000 32.489538 -0.089887 0.995952 0.000000 -1.626158 0.000000 0.000000 1.000000 0.000000
0.995933 0.090097 0.000000 33.013114 -0.090097 0.995933 0.000000 -1.677172 0.000000 0.000000 1.000000 0.000000
0.995960 0.089801 0.000000 33.567475 -0.089801 0.995960 0.000000 -1.731393 0.000000 0.000000 1.000000 0.000000
0.996022 0.089112 0.000000 34.121703 -0.089112 0.996022 0.000000 -1.785805 0.000000 0.000000 1.000000 0.000000
0.995678 0.092878 0.000000 34.673293 -0.092878 0.995678 0.000000 -1.835583 0.000000 0.000000 1.000000 0.000000
0.995514 0.094616 0.000000 35.191875 -0.094616 0.995514 0.000000 -1.886146 0.000000 0.000000 1.000000 0.000000
0.995389 0.095922 0.000000 35.742359 -0.095922 0.995389 0.000000 -1.946771 0.000000 0.000000 1.000000 0.000000
0.995331 0.096525 0.000000 36.261646 -0.096525 0.995331 0.000000 -2.001034 0.000000 0.000000 1.000000 0.000000
0.995412 0.095684 0.000000 37.220709 -0.095684 0.995412 0.000000 -2.099554 0.000000 0.000000 1.000000 0.000000
0.995350 0.096325 0.000000 37.770363 -0.096325 0.995350 0.000000 -2.159591 0.000000 0.000000 1.000000 0.000000
0.995098 0.098891 0.000000 38.325746 -0.098891 0.995098 0.000000 -2.217530 0.000000 0.000000 1.000000 0.000000
0.994703 0.102792 0.000000 39.423517 -0.102792 0.994703 0.000000 -2.326958 0.000000 0.000000 1.000000 0.000000
0.994351 0.106142 0.000000 39.999988 -0.106142 0.994351 0.000000 -2.394556 0.000000 0.000000 1.000000 0.000000
0.994181 0.107720 0.000000 40.494431 -0.107720 0.994181 0.000000 -2.447262 0.000000 0.000000 1.000000 0.000000
0.994056 0.108866 0.000000 41.519788 -0.108866 0.994056 0.000000 -2.562755 0.000000 0.000000 1.000000 0.000000
0.994010 0.109290 0.000000 42.044913 -0.109290 0.994010 0.000000 -2.624800 0.000000 0.000000 1.000000 0.000000
0.994103 0.108443 0.000000 42.556988 -0.108443 0.994103 0.000000 -2.684313 0.000000 0.000000 1.000000 0.000000
0.994102 0.108448 0.000000 43.048036 -0.108448 0.994102 0.000000 -2.735100 0.000000 0.000000 1.000000 0.000000
0.993839 0.110832 0.000000 43.945460 -0.110832 0.993839 0.000000 -2.840261 0.000000 0.000000 1.000000 0.000000
0.993984 0.109524 0.000000 44.445761 -0.109524 0.993984 0.000000 -2.913691 0.000000 0.000000 1.000000 0.000000
0.993481 0.114002 0.000000 44.939817 -0.114002 0.993481 0.000000 -2.958512 0.000000 0.000000 1.000000 0.000000
0.992801 0.119779 0.000000 45.433590 -0.119779 0.992801 0.000000 -3.017028 0.000000 0.000000 1.000000 0.000000
0.992685 0.120737 0.000000 45.926386 -0.120737 0.992685 0.000000 -3.072137 0.000000 0.000000 1.000000 0.000000
0.992495 0.122281 0.000000 46.400597 -0.122281 0.992495 0.000000 -3.120757 0.000000 0.000000 1.000000 0.000000
0.992121 0.125283 0.000000 46.873722 -0.125283 0.992121 0.000000 -3.177174 0.000000 0.000000 1.000000 0.000000
0.991539 0.129809 0.000000 47.586342 -0.129809 0.991539 0.000000 -3.267019 0.000000 0.000000 1.000000 0.000000
0.991540 0.129804 0.000000 48.010895 -0.129804 0.991540 0.000000 -3.325300 0.000000 0.000000 1.000000 0.000000
0.991319 0.131476 0.000000 48.464058 -0.131476 0.991319 0.000000 -3.389571 0.000000 0.000000 1.000000 0.000000
0.991362 0.131153 0.000000 48.905670 -0.131153 0.991362 0.000000 -3.449256 0.000000 0.000000 1.000000 0.000000
0.991246 0.132030 0.000000 49.325568 -0.132030 0.991246 0.000000 -3.505070 0.000000 0.000000 1.000000 0.000000
0.991606 0.129299 0.000000 49.751172 -0.129299 0.991606 0.000000 -3.562909 0.000000 0.000000 1.000000 0.000000
0.991640 0.129033 0.000000 50.486377 -0.129033 0.991640 0.000000 -3.662314 0.000000 0.000000 1.000000 0.000000
0.991372 0.131079 0.000000 50.867316 -0.131079 0.991372 0.000000 -3.708016 0.000000 0.000000 1.000000 0.000000
0.991218 0.132236 0.000000 51.298535 -0.132236 0.991218 0.000000 -3.759647 0.000000 0.000000 1.000000 0.000000
0.991129 0.132905 0.000000 51.694568 -0.132905 0.991129 0.000000 -3.817178 0.000000 0.000000 1.000000 0.000000
0.991067 0.133363 0.000000 52.087381 -0.133363 0.991067 0.000000 -3.873297 0.000000 0.000000 1.000000 0.000000
0.990997 0.133885 0.000000 52.473933 -0.133885 0.990997 0.000000 -3.925227 0.000000 0.000000 1.000000 0.000000
0.990761 0.135617 0.000000 52.852698 -0.135617 0.990761 0.000000 -3.984955 0.000000 0.000000 1.000000 0.000000
0.990661 0.136348 0.000000 53.222866 -0.136348 0.990661 0.000000 -4.042694 0.000000 0.000000 1.000000 0.000000
0.990420 0.138090 0.000000 53.587277 -0.138090 0.990420 0.000000 -4.090255 0.000000 0.000000 1.000000 0.000000
0.990196 0.139684 0.000000 53.950929 -0.139684 0.990196 0.000000 -4.136576 0.000000 0.000000 1.000000 0.000000
0.989695 0.143192 0.000000 54.628222 -0.143192 0.989695 0.000000 -4.240097 0.000000 0.000000 1.000000 0.000000
0.989788 0.142548 0.000000 54.971604 -0.142548 0.989788 0.000000 -4.297616 0.000000 0.000000 1.000000 0.000000
0.989810 0.142391 0.000000 55.285919 -0.142391 0.989810 0.000000 -4.352903 0.000000 0.000000 1.000000 0.000000
0.989723 0.142999 0.000000 55.614656 -0.142999 0.989723 0.000000 -4.410002 0.000000 0.000000 1.000000 0.000000
0.989553 0.144168 0.000000 55.939803 -0.144168 0.989553 0.000000 -4.465841 0.000000 0.000000 1.000000 0.000000
0.989384 0.145323 0.000000 56.240659 -0.145323 0.989384 0.000000 -4.509162 0.000000 0.000000 1.000000 0.000000
0.988485 0.151319 0.000000 56.564316 -0.151319 0.988485 0.000000 -4.546126 0.000000 0.000000 1.000000 0.000000
0.988389 0.151945 0.000000 56.882252 -0.151945 0.988389 0.000000 -4.603777 0.000000 0.000000 1.000000 0.000000
0.988768 0.149458 0.000000 57.398010 -0.149458 0.988768 0.000000 -4.696892 0.000000 0.000000 1.000000 0.000000
0.988801 0.149241 0.000000 57.701417 -0.149241 0.988801 0.000000 -4.748779 0.000000 0.000000 1.000000 0.000000
0.988577 0.150717 0.000000 58.003885 -0.150717 0.988577 0.000000 -4.796595 0.000000 0.000000 1.000000 0.000000
0.988294 0.152564 0.000000 58.318438 -0.152564 0.988294 0.000000 -4.845589 0.000000 0.000000 1.000000 0.000000
0.988219 0.153046 0.000000 58.612465 -0.153046 0.988219 0.000000 -4.892994 0.000000 0.000000 1.000000 0.000000
0.987900 0.155094 0.000000 58.884737 -0.155094 0.987900 0.000000 -4.939607 0.000000 0.000000 1.000000 0.000000
0.987923 0.154943 0.000000 59.183900 -0.154943 0.987923 0.000000 -4.991621 0.000000 0.000000 1.000000 0.000000
0.987948 0.154784 0.000000 59.462542 -0.154784 0.987948 0.000000 -5.042769 0.000000 0.000000 1.000000 0.000000
0.987801 0.155719 0.000000 59.733893 -0.155719 0.987801 0.000000 -5.087733 0.000000 0.000000 1.000000 0.000000
0.987218 0.159377 0.000000 60.196010 -0.159377 0.987218 0.000000 -5.167049 0.000000 0.000000 1.000000 0.000000
0.986945 0.161059 0.000000 60.440551 -0.161059 0.986945 0.000000 -5.199517 0.000000 0.000000 1.000000 0.000000
0.986901 0.161326 0.000000 60.719149 -0.161326 0.986901 0.000000 -5.239413 0.000000 0.000000 1.000000 0.000000
0.986756 0.162211 0.000000 60.980609 -0.162211 0.986756 0.000000 -5.281459 0.000000 0.000000 1.000000 0.000000
0.986566 0.163361 0.000000 61.242930 -0.163361 0.986566 0.000000 -5.328268 0.000000 0.000000 1.000000 0.000000
0.986397 0.164378 0.000000 61.506717 -0.164378 0.986397 0.000000 -5.374880 0.000000 0.000000 1.000000 0.000000
0.986140 0.165917 0.000000 61.764834 -0.165917 0.986140 0.000000 -5.417504 0.000000 0.000000 1.000000 0.000000
0.986020 0.166626 0.000000 62.028168 -0.166626 0.986020 0.000000 -5.464961 0.000000 0.000000 1.000000 0.000000
0.985862 0.167561 0.000000 62.271044 -0.167561 0.985862 0.000000 -5.504035 0.000000 0.000000 1.000000 0.000000
0.985832 0.167737 0.000000 62.537971 -0.167737 0.985832 0.000000 -5.551828 0.000000 0.000000 1.000000 0.000000
0.985657 0.168762 0.000000 62.787165 -0.168762 0.985657 0.000000 -5.596925 0.000000 0.000000 1.000000 0.000000
0.985475 0.169819 0.000000 63.043907 -0.169819 0.985475 0.000000 -5.642965 0.000000 0.000000 1.000000 0.000000
0.985152 0.171685 0.000000 63.477653 -0.171685 0.985152 0.000000 -5.725413 0.000000 0.000000 1.000000 0.000000
0.984884 0.173214 0.000000 63.742706 -0.173214 0.984884 0.000000 -5.773288 0.000000 0.000000 1.000000 0.000000
0.984776 0.173828 0.000000 64.018568 -0.173828 0.984776 0.000000 -5.826585 0.000000 0.000000 1.000000 0.000000
0.984578 0.174945 0.000000 64.288616 -0.174945 0.984578 0.000000 -5.882930 0.000000 0.000000 1.000000 0.000000
0.984504 0.175365 0.000000 64.565633 -0.175365 0.984504 0.000000 -5.941092 0.000000 0.000000 1.000000 0.000000
0.984175 0.177200 0.000000 64.853400 -0.177200 0.984175 0.000000 -5.999653 0.000000 0.000000 1.000000 0.000000
0.984020 0.178056 0.000000 65.105154 -0.178056 0.984020 0.000000 -6.054923 0.000000 0.000000 1.000000 0.000000
0.984007 0.178131 0.000000 65.394923 -0.178131 0.984007 0.000000 -6.118373 0.000000 0.000000 1.000000 0.000000
0.983485 0.180989 0.000000 65.674704 -0.180989 0.983485 0.000000 -6.173414 0.000000 0.000000 1.000000 0.000000
0.982950 0.183873 0.000000 65.937626 -0.183873 0.982950 0.000000 -6.229425 0.000000 0.000000 1.000000 0.000000
0.982854 0.184385 0.000000 66.218429 -0.184385 0.982854 0.000000 -6.289585 0.000000 0.000000 1.000000 0.000000
0.982971 0.183762 0.000000 66.485363 -0.183762 0.982971 0.000000 -6.353361 0.000000 0.000000 1.000000 0.000000
0.982421 0.186680 0.000000 67.260361 -0.186680 0.982421 0.000000 -6.514206 0.000000 0.000000 1.000000 0.000000
0.981750 0.190176 0.000000 67.548298 -0.190176 0.981750 0.000000 -6.568835 0.000000 0.000000 1.000000 0.000000
0.981228 0.192849 0.000000 67.839797 -0.192849 0.981228 0.000000 -6.625320 0.000000 0.000000 1.000000 0.000000
0.980823 0.194900 0.000000 68.129139 -0.194900 0.980823 0.000000 -6.686168 0.000000 0.000000 1.000000 0.000000
0.981210 0.192943 0.000000 68.419870 -0.192943 0.981210 0.000000 -6.748529 0.000000 0.000000 1.000000 0.000000
0.980754 0.195249 0.000000 69.001677 -0.195249 0.980754 0.000000 -6.873708 0.000000 0.000000 1.000000 0.000000
0.980740 0.195316 0.000000 69.298444 -0.195316 0.980740 0.000000 -6.936597 0.000000 0.000000 1.000000 0.000000
0.980471 0.196666 0.000000 69.584199 -0.196666 0.980471 0.000000 -6.996004 0.000000 0.000000 1.000000 0.000000
0.980220 0.197909 0.000000 70.046890 -0.197909 0.980220 0.000000 -7.097451 0.000000 0.000000 1.000000 0.000000
0.979558 0.201160 0.000000 70.367030 -0.201160 0.979558 0.000000 -7.168175 0.000000 0.000000 1.000000 0.000000
0.978469 0.206396 0.000000 70.897611 -0.206396 0.978469 0.000000 -7.281745 0.000000 0.000000 1.000000 0.000000
0.978318 0.207108 0.000000 71.228604 -0.207108 0.978318 0.000000 -7.349777 0.000000 0.000000 1.000000 0.000000
0.978352 0.206950 0.000000 71.563991 -0.206950 0.978352 0.000000 -7.422575 0.000000 0.000000 1.000000 0.000000
0.976759 0.214342 0.000000 71.885168 -0.214342 0.976759 0.000000 -7.476948 0.000000 0.000000 1.000000 0.000000
0.976723 0.214502 0.000000 72.235168 -0.214502 0.976723 0.000000 -7.555035 0.000000 0.000000 1.000000 0.000000
0.976189 0.216921 0.000000 72.795777 -0.216921 0.976189 0.000000 -7.684280 0.000000 0.000000 1.000000 0.000000
0.976819 0.214067 0.000000 73.138188 -0.214067 0.976819 0.000000 -7.761643 0.000000 0.000000 1.000000 0.000000
0.976556 0.215265 0.000000 73.511909 -0.215265 0.976556 0.000000 -7.846041 0.000000 0.000000 1.000000 0.000000
0.976555 0.215266 0.000000 73.866251 -0.215266 0.976555 0.000000 -7.919232 0.000000 0.000000 1.000000 0.000000
0.976531 0.215375 0.000000 74.510984 -0.215375 0.976531 0.000000 -8.071186 0.000000 0.000000 1.000000 0.000000
0.976731 0.214467 0.000000 75.166346 -0.214467 0.976731 0.000000 -8.208833 0.000000 0.000000 1.000000 0.000000
0.977086 0.212847 0.000000 75.549101 -0.212847 0.977086 0.000000 -8.303941 0.000000 0.000000 1.000000 0.000000
0.977312 0.211803 0.000000 75.967367 -0.211803 0.977312 0.000000 -8.389445 0.000000 0.000000 1.000000 0.000000
0.976951 0.213465 0.000000 76.364902 -0.213465 0.976951 0.000000 -8.479366 0.000000 0.000000 1.000000 0.000000
0.977357 0.211598 0.000000 76.791671 -0.211598 0.977357 0.000000 -8.581492 0.000000 0.000000 1.000000 0.000000
0.976836 0.213988 0.000000 77.193999 -0.213988 0.976836 0.000000 -8.675413 0.000000 0.000000 1.000000 0.000000
0.977020 0.213146 0.000000 77.637536 -0.213146 0.977020 0.000000 -8.770205 0.000000 0.000000 1.000000 0.000000
0.977860 0.209260 0.000000 78.319956 -0.209260 0.977860 0.000000 -8.914412 0.000000 0.000000 1.000000 0.000000
0.977853 0.209293 0.000000 79.122135 -0.209293 0.977853 0.000000 -9.089045 0.000000 0.000000 1.000000 0.000000
0.977951 0.208835 0.000000 79.591454 -0.208835 0.977951 0.000000 -9.192032 0.000000 0.000000 1.000000 0.000000
0.977152 0.212540 0.000000 80.065417 -0.212540 0.977152 0.000000 -9.300440 0.000000 0.000000 1.000000 0.000000
0.976997 0.213252 0.000000 80.524843 -0.213252 0.976997 0.000000 -9.403263 0.000000 0.000000 1.000000 0.000000
0.976797 0.214167 0.000000 81.028393 -0.214167 0.976797 0.000000 -9.516333 0.000000 0.000000 1.000000 0.000000
0.976663 0.214779 0.000000 81.474431 -0.214779 0.976663 0.000000 -9.614141 0.000000 0.000000 1.000000 0.000000
0.975153 0.221533 0.000000 81.973197 -0.221533 0.975153 0.000000 -9.723004 0.000000 0.000000 1.000000 0.000000
0.974548 0.224178 0.000000 82.475819 -0.224178 0.974548 0.000000 -9.841110 0.000000 0.000000 1.000000 0.000000
0.973664 0.227986 0.000000 82.984756 -0.227986 0.973664 0.000000 -9.958809 0.000000 0.000000 1.000000 0.000000
0.973134 0.230238 0.000000 83.468964 -0.230238 0.973134 0.000000 -10.076401 0.000000 0.000000 1.000000 0.000000
0.972700 0.232065 0.000000 83.989795 -0.232065 0.972700 0.000000 -10.206198 0.000000 0.000000 1.000000 0.000000
0.971486 0.237096 0.000000 84.931224 -0.237096 0.971486 0.000000 -10.438646 0.000000 0.000000 1.000000 0.000000
0.971496 0.237056 0.000000 85.465448 -0.237056 0.971496 0.000000 -10.579148 0.000000 0.000000 1.000000 0.000000
0.971345 0.237674 0.000000 86.008521 -0.237674 0.971345 0.000000 -10.715261 0.000000 0.000000 1.000000 0.000000
0.970210 0.242266 0.000000 86.554910 -0.242266 0.970210 0.000000 -10.849172 0.000000 0.000000 1.000000 0.000000
0.968930 0.247336 0.000000 87.103807 -0.247336 0.968930 0.000000 -10.987617 0.000000 0.000000 1.000000 0.000000
0.968873 0.247559 0.000000 87.943337 -0.247559 0.968873 0.000000 -11.215691 0.000000 0.000000 1.000000 0.000000
0.968420 0.249323 0.000000 88.466031 -0.249323 0.968420 0.000000 -11.348462 0.000000 0.000000 1.000000 0.000000
0.965817 0.259224 0.000000 89.558705 -0.259224 0.965817 0.000000 -11.646877 0.000000 0.000000 1.000000 0.000000
0.964835 0.262857 0.000000 90.287575 -0.262857 0.964835 0.000000 -11.839836 0.000000 0.000000 1.000000 0.000000
0.964051 0.265716 0.000000 90.864453 -0.265716 0.964051 0.000000 -11.986686 0.000000 0.000000 1.000000 0.000000
0.962847 0.270048 0.000000 91.442362 -0.270048 0.962847 0.000000 -12.153101 0.000000 0.000000 1.000000 0.000000
0.961424 0.275069 0.000000 92.022168 -0.275069 0.961424 0.000000 -12.317995 0.000000 0.000000 1.000000 0.000000
0.961224 0.275770 0.000000 92.605061 -0.275770 0.961224 0.000000 -12.479268 0.000000 0.000000 1.000000 0.000000
0.961042 0.276402 0.000000 93.222749 -0.276402 0.961042 0.000000 -12.654966 0.000000 0.000000 1.000000 0.000000
0.960533 0.278166 0.000000 93.782513 -0.278166 0.960533 0.000000 -12.820153 0.000000 0.000000 1.000000 0.000000
0.959740 0.280889 0.000000 94.364337 -0.280889 0.959740 0.000000 -12.994353 0.000000 0.000000 1.000000 0.000000
0.959423 0.281972 0.000000 94.958564 -0.281972 0.959423 0.000000 -13.170504 0.000000 0.000000 1.000000 0.000000
0.960469 0.278387 0.000000 95.518232 -0.278387 0.960469 0.000000 -13.332165 0.000000 0.000000 1.000000 0.000000
0.961225 0.275766 0.000000 96.118299 -0.275766 0.961225 0.000000 -13.512054 0.000000 0.000000 1.000000 0.000000
0.961173 0.275947 0.000000 96.720560 -0.275947 0.961173 0.000000 -13.692961 0.000000 0.000000 1.000000 0.000000
0.960803 0.277230 0.000000 97.283156 -0.277230 0.960803 0.000000 -13.858399 0.000000 0.000000 1.000000 0.000000
0.960729 0.277488 0.000000 98.355801 -0.277488 0.960729 0.000000 -14.167560 0.000000 0.000000 1.000000 0.000000
0.960464 0.278406 0.000000 99.014817 -0.278406 0.960464 0.000000 -14.364439 0.000000 0.000000 1.000000 0.000000
0.960354 0.278784 0.000000 99.623198 -0.278784 0.960354 0.000000 -14.553769 0.000000 0.000000 1.000000 0.000000
0.959587 0.281412 0.000000 100.240377 -0.281412 0.959587 0.000000 -14.740054 0.000000 0.000000 1.000000 0.000000
0.958685 0.284471 0.000000 100.839027 -0.284471 0.958685 0.000000 -14.922561 0.000000 0.000000 1.000000 0.000000
0.959173 0.282819 0.000000 101.451608 -0.282819 0.959173 0.000000 -15.117026 0.000000 0.000000 1.000000 0.000000
0.959014 0.283359 0.000000 102.030121 -0.283359 0.959014 0.000000 -15.289825 0.000000 0.000000 1.000000 0.000000
0.958959 0.283545 0.000000 102.650408 -0.283545 0.958959 0.000000 -15.473430 0.000000 0.000000 1.000000 0.000000
0.958759 0.284220 0.000000 103.232953 -0.284220 0.958759 0.000000 -15.646921 0.000000 0.000000 1.000000 0.000000
0.957932 0.286994 0.000000 103.862100 -0.286994 0.957932 0.000000 -15.849704 0.000000 0.000000 1.000000 0.000000
0.957214 0.289380 0.000000 104.482833 -0.289380 0.957214 0.000000 -16.049657 0.000000 0.000000 1.000000 0.000000
0.956837 0.290626 0.000000 105.114519 -0.290626 0.956837 0.000000 -16.244090 0.000000 0.000000 1.000000 0.000000
0.957131 0.289656 0.000000 105.897890 -0.289656 0.957131 0.000000 -16.492582 0.000000 0.000000 1.000000 0.000000
0.956946 0.290268 0.000000 106.493160 -0.290268 0.956946 0.000000 -16.671059 0.000000 0.000000 1.000000 0.000000
0.955132 0.296180 0.000000 107.125188 -0.296180 0.955132 0.000000 -16.872548 0.000000 0.000000 1.000000 0.000000
0.955777 0.294093 0.000000 108.128143 -0.294093 0.955777 0.000000 -17.187244 0.000000 0.000000 1.000000 0.000000
0.955677 0.294416 0.000000 108.763850 -0.294416 0.955677 0.000000 -17.388195 0.000000 0.000000 1.000000 0.000000
0.955503 0.294982 0.000000 109.403537 -0.294982 0.955503 0.000000 -17.594824 0.000000 0.000000 1.000000 0.000000
0.954642 0.297757 0.000000 110.048097 -0.297757 0.954642 0.000000 -17.803551 0.000000 0.000000 1.000000 0.000000
0.954593 0.297915 0.000000 110.673328 -0.297915 0.954593 0.000000 -18.015149 0.000000 0.000000 1.000000 0.000000
0.954376 0.298608 0.000000 111.316705 -0.298608 0.954376 0.000000 -18.226238 0.000000 0.000000 1.000000 0.000000
0.954662 0.297693 0.000000 111.914073 -0.297693 0.954662 0.000000 -18.426360 0.000000 0.000000 1.000000 0.000000
0.954649 0.297734 0.000000 113.046475 -0.297734 0.954649 0.000000 -18.796329 0.000000 0.000000 1.000000 0.000000
0.954756 0.297389 0.000000 113.692862 -0.297389 0.954756 0.000000 -19.002588 0.000000 0.000000 1.000000 0.000000
0.955019 0.296544 0.000000 114.336875 -0.296544 0.955019 0.000000 -19.212376 0.000000 0.000000 1.000000 0.000000
0.954948 0.296773 0.000000 114.977653 -0.296773 0.954948 0.000000 -19.421339 0.000000 0.000000 1.000000 0.000000
0.954470 0.298307 0.000000 116.289617 -0.298307 0.954470 0.000000 -19.843119 0.000000 0.000000 1.000000 0.000000
0.954664 0.297684 0.000000 116.884372 -0.297684 0.954664 0.000000 -20.029632 0.000000 0.000000 1.000000 0.000000
0.953843 0.300306 0.000000 117.527919 -0.300306 0.953843 0.000000 -20.237431 0.000000 0.000000 1.000000 0.000000
0.953857 0.300261 0.000000 118.126646 -0.300261 0.953857 0.000000 -20.438624 0.000000 0.000000 1.000000 0.000000
0.953637 0.300960 0.000000 118.725890 -0.300960 0.953637 0.000000 -20.630163 0.000000 0.000000 1.000000 0.000000
0.947658 0.319288 0.000000 123.355031 -0.319288 0.947658 0.000000 -22.241067 0.000000 0.000000 1.000000 0.000000
0.949126 0.314898 0.000000 123.989433 -0.314898 0.949126 0.000000 -22.452823 0.000000 0.000000 1.000000 0.000000
0.948806 0.315859 0.000000 124.588575 -0.315859 0.948806 0.000000 -22.662115 0.000000 0.000000 1.000000 0.000000
0.950051 0.312095 0.000000 125.209346 -0.312095 0.950051 0.000000 -22.887219 0.000000 0.000000 1.000000 0.000000
0.949497 0.313775 0.000000 125.799644 -0.313775 0.949497 0.000000 -23.102182 0.000000 0.000000 1.000000 0.000000
0.950666 0.310217 0.000000 126.408815 -0.310217 0.950666 0.000000 -23.317666 0.000000 0.000000 1.000000 0.000000
0.949204 0.314662 0.000000 127.032654 -0.314662 0.949204 0.000000 -23.545546 0.000000 0.000000 1.000000 0.000000
0.949627 0.313384 0.000000 127.830578 -0.313384 0.949627 0.000000 -23.838314 0.000000 0.000000 1.000000 0.000000
0.949034 0.315173 0.000000 128.451322 -0.315173 0.949034 0.000000 -24.064569 0.000000 0.000000 1.000000 0.000000
0.947775 0.318940 0.000000 129.072981 -0.318940 0.947775 0.000000 -24.267170 0.000000 0.000000 1.000000 0.000000
0.947706 0.319144 0.000000 129.972787 -0.319144 0.947706 0.000000 -24.582138 0.000000 0.000000 1.000000 0.000000
0.947834 0.318765 0.000000 130.584986 -0.318765 0.947834 0.000000 -24.805336 0.000000 0.000000 1.000000 0.000000
0.947669 0.319255 0.000000 131.197194 -0.319255 0.947669 0.000000 -25.022523 0.000000 0.000000 1.000000 0.000000
0.947741 0.319041 0.000000 131.802812 -0.319041 0.947741 0.000000 -25.237071 0.000000 0.000000 1.000000 0.000000
0.947678 0.319228 0.000000 132.407347 -0.319228 0.947678 0.000000 -25.455816 0.000000 0.000000 1.000000 0.000000
0.947134 0.320840 0.000000 133.301724 -0.320840 0.947134 0.000000 -25.771128 0.000000 0.000000 1.000000 0.000000
0.946793 0.321844 0.000000 133.882809 -0.321844 0.946793 0.000000 -25.982015 0.000000 0.000000 1.000000 0.000000
0.946274 0.323365 0.000000 134.481018 -0.323365 0.946274 0.000000 -26.195642 0.000000 0.000000 1.000000 0.000000
0.945559 0.325449 0.000000 135.038502 -0.325449 0.945559 0.000000 -26.400309 0.000000 0.000000 1.000000 0.000000
0.944647 0.328088 0.000000 135.810105 -0.328088 0.944647 0.000000 -26.684841 0.000000 0.000000 1.000000 0.000000
0.944004 0.329933 0.000000 136.402968 -0.329933 0.944004 0.000000 -26.905379 0.000000 0.000000 1.000000 0.000000
0.943610 0.331060 0.000000 136.996774 -0.331060 0.943610 0.000000 -27.120800 0.000000 0.000000 1.000000 0.000000
0.943927 0.330155 0.000000 137.583253 -0.330155 0.943927 0.000000 -27.339371 0.000000 0.000000 1.000000 0.000000
0.944779 0.327710 0.000000 138.174781 -0.327710 0.944779 0.000000 -27.552486 0.000000 0.000000 1.000000 0.000000
0.944604 0.328213 0.000000 139.309121 -0.328213 0.944604 0.000000 -27.970817 0.000000 0.000000 1.000000 0.000000
0.945378 0.325975 0.000000 139.854947 -0.325975 0.945378 0.000000 -28.168450 0.000000 0.000000 1.000000 0.000000
0.942949 0.332938 0.000000 140.431476 -0.332938 0.942949 0.000000 -28.365206 0.000000 0.000000 1.000000 0.000000
0.943509 0.331346 0.000000 141.003746 -0.331346 0.943509 0.000000 -28.576849 0.000000 0.000000 1.000000 0.000000
0.942406 0.334470 0.000000 141.543631 -0.334470 0.942406 0.000000 -28.779226 0.000000 0.000000 1.000000 0.000000
0.942693 0.333662 0.000000 142.115308 -0.333662 0.942693 0.000000 -28.999117 0.000000 0.000000 1.000000 0.000000
0.944506 0.328495 0.000000 142.815743 -0.328495 0.944506 0.000000 -29.258892 0.000000 0.000000 1.000000 0.000000
0.945278 0.326267 0.000000 143.380369 -0.326267 0.945278 0.000000 -29.473676 0.000000 0.000000 1.000000 0.000000
0.945306 0.326186 0.000000 143.907219 -0.326186 0.945306 0.000000 -29.668388 0.000000 0.000000 1.000000 0.000000
0.945229 0.326408 0.000000 144.476625 -0.326408 0.945229 0.000000 -29.877376 0.000000 0.000000 1.000000 0.000000
0.944961 0.327183 0.000000 145.039797 -0.327183 0.944961 0.000000 -30.086487 0.000000 0.000000 1.000000 0.000000
0.944709 0.327909 0.000000 145.563625 -0.327909 0.944709 0.000000 -30.277704 0.000000 0.000000 1.000000 0.000000
0.944195 0.329387 0.000000 146.118948 -0.329387 0.944195 0.000000 -30.483947 0.000000 0.000000 1.000000 0.000000
0.945104 0.326771 0.000000 146.641576 -0.326771 0.945104 0.000000 -30.676619 0.000000 0.000000 1.000000 0.000000
0.944690 0.327965 0.000000 147.193084 -0.327965 0.944690 0.000000 -30.878532 0.000000 0.000000 1.000000 0.000000
0.944037 0.329839 0.000000 147.743489 -0.329839 0.944037 0.000000 -31.085346 0.000000 0.000000 1.000000 0.000000
0.944024 0.329876 0.000000 148.451055 -0.329876 0.944024 0.000000 -31.346719 0.000000 0.000000 1.000000 0.000000
0.943261 0.332052 0.000000 148.970694 -0.332052 0.943261 0.000000 -31.534521 0.000000 0.000000 1.000000 0.000000
0.942588 0.333959 0.000000 149.522623 -0.333959 0.942588 0.000000 -31.735498 0.000000 0.000000 1.000000 0.000000
0.941900 0.335895 0.000000 150.038342 -0.335895 0.941900 0.000000 -31.926797 0.000000 0.000000 1.000000 0.000000
0.941521 0.336955 0.000000 150.583098 -0.336955 0.941521 0.000000 -32.128316 0.000000 0.000000 1.000000 0.000000
0.941311 0.337540 0.000000 151.096563 -0.337540 0.941311 0.000000 -32.315860 0.000000 0.000000 1.000000 0.000000
0.941087 0.338165 0.000000 151.801065 -0.338165 0.941087 0.000000 -32.576420 0.000000 0.000000 1.000000 0.000000
0.940914 0.338645 0.000000 152.306826 -0.338645 0.940914 0.000000 -32.764130 0.000000 0.000000 1.000000 0.000000
0.938463 0.345380 0.000000 152.843306 -0.345380 0.938463 0.000000 -32.975927 0.000000 0.000000 1.000000 0.000000
0.938274 0.345893 0.000000 153.347072 -0.345893 0.938274 0.000000 -33.165011 0.000000 0.000000 1.000000 0.000000
0.937632 0.347631 0.000000 153.888959 -0.347631 0.937632 0.000000 -33.371806 0.000000 0.000000 1.000000 0.000000
0.937515 0.347946 0.000000 154.395977 -0.347946 0.937515 0.000000 -33.563863 0.000000 0.000000 1.000000 0.000000
0.937245 0.348672 0.000000 155.125109 -0.348672 0.937245 0.000000 -33.845478 0.000000 0.000000 1.000000 0.000000
0.937115 0.349020 0.000000 155.666564 -0.349020 0.937115 0.000000 -34.055574 0.000000 0.000000 1.000000 0.000000
0.937977 0.346699 0.000000 156.205206 -0.346699 0.937977 0.000000 -34.271329 0.000000 0.000000 1.000000 0.000000
0.938916 0.344146 0.000000 156.746524 -0.344146 0.938916 0.000000 -34.480570 0.000000 0.000000 1.000000 0.000000
0.939810 0.341698 0.000000 157.282953 -0.341698 0.939810 0.000000 -34.687970 0.000000 0.000000 1.000000 0.000000
0.938874 0.344260 0.000000 157.818788 -0.344260 0.938874 0.000000 -34.902989 0.000000 0.000000 1.000000 0.000000
0.939725 0.341931 0.000000 158.357800 -0.341931 0.939725 0.000000 -35.111939 0.000000 0.000000 1.000000 0.000000
0.940919 0.338632 0.000000 158.863369 -0.338632 0.940919 0.000000 -35.309002 0.000000 0.000000 1.000000 0.000000
0.941997 0.335621 0.000000 159.394157 -0.335621 0.941997 0.000000 -35.514935 0.000000 0.000000 1.000000 0.000000
0.942158 0.335169 0.000000 159.938801 -0.335169 0.942158 0.000000 -35.729822 0.000000 0.000000 1.000000 0.000000
0.942423 0.334422 0.000000 160.439007 -0.334422 0.942423 0.000000 -35.923591 0.000000 0.000000 1.000000 0.000000
0.942813 0.333322 0.000000 160.982166 -0.333322 0.942813 0.000000 -36.130686 0.000000 0.000000 1.000000 0.000000
0.943868 0.330322 0.000000 161.490078 -0.330322 0.943868 0.000000 -36.312139 0.000000 0.000000 1.000000 0.000000
0.944358 0.328918 0.000000 162.030136 -0.328918 0.944358 0.000000 -36.512095 0.000000 0.000000 1.000000 0.000000
0.946021 0.324107 0.000000 162.561660 -0.324107 0.946021 0.000000 -36.717368 0.000000 0.000000 1.000000 0.000000
0.947567 0.319558 0.000000 163.107469 -0.319558 0.947567 0.000000 -36.921661 0.000000 0.000000 1.000000 0.000000
0.948534 0.316674 0.000000 163.613600 -0.316674 0.948534 0.000000 -37.109311 0.000000 0.000000 1.000000 0.000000
0.949890 0.312586 0.000000 164.151449 -0.312586 0.949890 0.000000 -37.302906 0.000000 0.000000 1.000000 0.000000
0.950987 0.309231 0.000000 164.644113 -0.309231 0.950987 0.000000 -37.485274 0.000000 0.000000 1.000000 0.000000
0.952898 0.303290 0.000000 165.187574 -0.303290 0.952898 0.000000 -37.682742 0.000000 0.000000 1.000000 0.000000
0.954293 0.298874 0.000000 165.892122 -0.298874 0.954293 0.000000 -37.933591 0.000000 0.000000 1.000000 0.000000
0.954746 0.297422 0.000000 166.432257 -0.297422 0.954746 0.000000 -38.112204 0.000000 0.000000 1.000000 0.000000
0.955364 0.295430 0.000000 166.925737 -0.295430 0.955364 0.000000 -38.287037 0.000000 0.000000 1.000000 0.000000
0.955023 0.296531 0.000000 167.469056 -0.296531 0.955023 0.000000 -38.474926 0.000000 0.000000 1.000000 0.000000
0.955523 0.294918 0.000000 168.152516 -0.294918 0.955523 0.000000 -38.700887 0.000000 0.000000 1.000000 0.000000
0.956831 0.290646 0.000000 169.231656 -0.290646 0.956831 0.000000 -39.057145 0.000000 0.000000 1.000000 0.000000
0.956736 0.290956 0.000000 169.769897 -0.290956 0.956736 0.000000 -39.239362 0.000000 0.000000 1.000000 0.000000
0.957364 0.288883 0.000000 170.312280 -0.288883 0.957364 0.000000 -39.405349 0.000000 0.000000 1.000000 0.000000
0.957265 0.289212 0.000000 170.848978 -0.289212 0.957265 0.000000 -39.578266 0.000000 0.000000 1.000000 0.000000
0.957698 0.287776 0.000000 171.383352 -0.287776 0.957698 0.000000 -39.740766 0.000000 0.000000 1.000000 0.000000
0.957969 0.286870 0.000000 171.918333 -0.286870 0.957969 0.000000 -39.904964 0.000000 0.000000 1.000000 0.000000
0.957599 0.288104 0.000000 172.472646 -0.288104 0.957599 0.000000 -40.083181 0.000000 0.000000 1.000000 0.000000
0.957739 0.287639 0.000000 173.001575 -0.287639 0.957739 0.000000 -40.248931 0.000000 0.000000 1.000000 0.000000
0.957129 0.289662 0.000000 173.496563 -0.289662 0.957129 0.000000 -40.405665 0.000000 0.000000 1.000000 0.000000
0.956598 0.291412 0.000000 173.985581 -0.291412 0.956598 0.000000 -40.575282 0.000000 0.000000 1.000000 0.000000
0.956615 0.291354 0.000000 174.508093 -0.291354 0.956615 0.000000 -40.741040 0.000000 0.000000 1.000000 0.000000
0.956993 0.290111 0.000000 174.995003 -0.290111 0.956993 0.000000 -40.892203 0.000000 0.000000 1.000000 0.000000
0.957690 0.287801 0.000000 175.518723 -0.287801 0.957690 0.000000 -41.049157 0.000000 0.000000 1.000000 0.000000
0.958092 0.286462 0.000000 176.009889 -0.286462 0.958092 0.000000 -41.191902 0.000000 0.000000 1.000000 0.000000
0.958126 0.286348 0.000000 176.528663 -0.286348 0.958126 0.000000 -41.355882 0.000000 0.000000 1.000000 0.000000
0.958234 0.285987 0.000000 177.016023 -0.285987 0.958234 0.000000 -41.506223 0.000000 0.000000 1.000000 0.000000
0.959225 0.282642 0.000000 177.536431 -0.282642 0.959225 0.000000 -41.662660 0.000000 0.000000 1.000000 0.000000
0.959710 0.280994 0.000000 178.012228 -0.280994 0.959710 0.000000 -41.806567 0.000000 0.000000 1.000000 0.000000
0.959769 0.280789 0.000000 178.530902 -0.280789 0.959769 0.000000 -41.956271 0.000000 0.000000 1.000000 0.000000
0.959783 0.280744 0.000000 179.013189 -0.280744 0.959783 0.000000 -42.096916 0.000000 0.000000 1.000000 0.000000
0.959399 0.282052 0.000000 179.528374 -0.282052 0.959399 0.000000 -42.241153 0.000000 0.000000 1.000000 0.000000
0.960450 0.278453 0.000000 180.161496 -0.278453 0.960450 0.000000 -42.442612 0.000000 0.000000 1.000000 0.000000
0.961592 0.274481 0.000000 180.671526 -0.274481 0.961592 0.000000 -42.590652 0.000000 0.000000 1.000000 0.000000
0.962734 0.270449 0.000000 181.171149 -0.270449 0.962734 0.000000 -42.736109 0.000000 0.000000 1.000000 0.000000
0.962890 0.269893 0.000000 181.648850 -0.269893 0.962890 0.000000 -42.866493 0.000000 0.000000 1.000000 0.000000
0.964693 0.263379 0.000000 182.348619 -0.263379 0.964693 0.000000 -43.067784 0.000000 0.000000 1.000000 0.000000
0.965259 0.261293 0.000000 182.853324 -0.261293 0.965259 0.000000 -43.208806 0.000000 0.000000 1.000000 0.000000
0.965832 0.259168 0.000000 183.362764 -0.259168 0.965832 0.000000 -43.347525 0.000000 0.000000 1.000000 0.000000
0.966516 0.256606 0.000000 183.866742 -0.256606 0.966516 0.000000 -43.482878 0.000000 0.000000 1.000000 0.000000
0.968184 0.250239 0.000000 184.371583 -0.250239 0.968184 0.000000 -43.614709 0.000000 0.000000 1.000000 0.000000
0.971040 0.238917 0.000000 185.369336 -0.238917 0.971040 0.000000 -43.880277 0.000000 0.000000 1.000000 0.000000
0.972558 0.232662 0.000000 185.860873 -0.232662 0.972558 0.000000 -43.995600 0.000000 0.000000 1.000000 0.000000
0.974268 0.225392 0.000000 186.354628 -0.225392 0.974268 0.000000 -44.119986 0.000000 0.000000 1.000000 0.000000
0.976102 0.217312 0.000000 186.810796 -0.217312 0.976102 0.000000 -44.230256 0.000000 0.000000 1.000000 0.000000
0.977638 0.210296 0.000000 187.300208 -0.210296 0.977638 0.000000 -44.334783 0.000000 0.000000 1.000000 0.000000
0.979474 0.201571 0.000000 187.762299 -0.201571 0.979474 0.000000 -44.434472 0.000000 0.000000 1.000000 0.000000
0.983254 0.182243 0.000000 188.700083 -0.182243 0.983254 0.000000 -44.627678 0.000000 0.000000 1.000000 0.000000
0.984905 0.173094 0.000000 189.182083 -0.173094 0.984905 0.000000 -44.718640 0.000000 0.000000 1.000000 0.000000
0.986774 0.162105 0.000000 189.633007 -0.162105 0.986774 0.000000 -44.800356 0.000000 0.000000 1.000000 0.000000
0.988607 0.150523 0.000000 190.308817 -0.150523 0.988607 0.000000 -44.910897 0.000000 0.000000 1.000000 0.000000
0.990211 0.139581 0.000000 190.780580 -0.139581 0.990211 0.000000 -44.986911 0.000000 0.000000 1.000000 0.000000
0.991680 0.128729 0.000000 191.249918 -0.128729 0.991680 0.000000 -45.060455 0.000000 0.000000 1.000000 0.000000
0.992927 0.118729 0.000000 191.687503 -0.118729 0.992927 0.000000 -45.123426 0.000000 0.000000 1.000000 0.000000
0.993918 0.110124 0.000000 192.154951 -0.110124 0.993918 0.000000 -45.179939 0.000000 0.000000 1.000000 0.000000
0.995553 0.094199 0.000000 192.619437 -0.094199 0.995553 0.000000 -45.242786 0.000000 0.000000 1.000000 0.000000
0.996349 0.085375 0.000000 193.051070 -0.085375 0.996349 0.000000 -45.300306 0.000000 0.000000 1.000000 0.000000
0.997206 0.074706 0.000000 193.509323 -0.074706 0.997206 0.000000 -45.351409 0.000000 0.000000 1.000000 0.000000
0.997720 0.067487 0.000000 193.926034 -0.067487 0.997720 0.000000 -45.393547 0.000000 0.000000 1.000000 0.000000
0.998361 0.057239 0.000000 194.374335 -0.057239 0.998361 0.000000 -45.435151 0.000000 0.000000 1.000000 0.000000
0.998867 0.047589 0.000000 194.789652 -0.047589 0.998867 0.000000 -45.473482 0.000000 0.000000 1.000000 0.000000
0.999405 0.034502 0.000000 195.236093 -0.034502 0.999405 0.000000 -45.508448 0.000000 0.000000 1.000000 0.000000
0.999726 0.023420 0.000000 195.648746 -0.023420 0.999726 0.000000 -45.531745 0.000000 0.000000 1.000000 0.000000
0.999914 0.013094 0.000000 196.095313 -0.013094 0.999914 0.000000 -45.545533 0.000000 0.000000 1.000000 0.000000
1.000000 0.000822 0.000000 196.500403 -0.000822 1.000000 0.000000 -45.561670 0.000000 0.000000 1.000000 0.000000
0.999959 -0.009067 0.000000 196.933877 0.009067 0.999959 0.000000 -45.573321 0.000000 0.000000 1.000000 0.000000
