0.999988 0.004881 -0.000314 0.545458 -0.004881 0.999988 -0.000233 -0.005411 0.000312 0.000234 1.000000 0.008639
0.999934 0.011375 -0.001530 1.130859 -0.011377 0.999934 -0.001505 -0.015240 0.001513 0.001522 0.999998 0.018007
0.999846 0.017381 -0.002419 1.670226 -0.017383 0.999848 -0.001201 -0.026376 0.002398 0.001243 0.999996 0.026688
0.999671 0.025490 -0.002881 2.409730 -0.025494 0.999674 -0.001360 -0.047811 0.002845 0.001433 0.999995 0.038737
0.999501 0.031464 -0.002906 3.004871 -0.031473 0.999501 -0.002826 -0.067254 0.002815 0.002916 0.999992 0.048486
0.999270 0.038054 -0.003502 3.592311 -0.038069 0.999266 -0.004161 -0.092478 0.003341 0.004292 0.999985 0.058252
0.998975 0.045091 -0.004005 4.163315 -0.045105 0.998976 -0.003466 -0.120967 0.003844 0.003643 0.999986 0.067840
0.998235 0.058922 -0.007430 5.327615 -0.058940 0.998259 -0.002248 -0.187898 0.007284 0.002682 0.999970 0.087601
0.997746 0.066679 -0.007518 5.871497 -0.066705 0.997767 -0.003259 -0.226240 0.007284 0.003753 0.999966 0.097000
0.997181 0.074675 -0.007336 6.446960 -0.074693 0.997204 -0.002174 -0.271927 0.007153 0.002716 0.999971 0.107067
0.996510 0.083041 -0.008445 6.979478 -0.083057 0.996544 -0.001571 -0.318490 0.008286 0.002267 0.999963 0.116485
0.995806 0.090974 -0.009689 7.540047 -0.091004 0.995847 -0.002752 -0.371985 0.009398 0.003622 0.999949 0.126505
0.995136 0.097864 -0.011296 8.068585 -0.097922 0.995183 -0.004688 -0.425551 0.010783 0.005772 0.999925 0.136028
0.994471 0.104182 -0.013176 8.645044 -0.104280 0.994523 -0.007016 -0.486596 0.012373 0.008351 0.999889 0.146477
0.993718 0.111138 -0.013143 9.178082 -0.111241 0.993766 -0.007399 -0.547128 0.012238 0.008814 0.999886 0.156235
0.992724 0.119889 -0.011181 9.926465 -0.119970 0.992754 -0.006878 -0.634745 0.010275 0.008170 0.999914 0.169999
0.991868 0.126877 -0.009985 10.511406 -0.126953 0.991881 -0.007375 -0.707788 0.008968 0.008582 0.999923 0.180866
0.990838 0.134669 -0.010238 11.067665 -0.134753 0.990846 -0.008067 -0.783024 0.009058 0.009373 0.999915 0.191337
0.989855 0.141597 -0.011730 11.628914 -0.141700 0.989874 -0.008404 -0.864043 0.010421 0.009981 0.999896 0.202024
0.988944 0.147673 -0.013523 12.197174 -0.147799 0.988978 -0.008814 -0.949175 0.012072 0.010716 0.999870 0.212918
0.987923 0.154242 -0.014757 12.726063 -0.154388 0.987966 -0.009340 -1.031052 0.013139 0.011505 0.999847 0.223121
0.986739 0.161564 -0.015599 13.268057 -0.161727 0.986787 -0.009825 -1.118921 0.013805 0.012217 0.999830 0.233671
0.985398 0.169565 -0.015424 13.840853 -0.169721 0.985447 -0.009423 -1.219167 0.013602 0.011903 0.999837 0.244996
0.984081 0.177043 -0.015491 14.382385 -0.177196 0.984134 -0.009076 -1.318282 0.013638 0.011676 0.999839 0.255806
0.982671 0.184584 -0.016905 14.966514 -0.184764 0.982734 -0.009819 -1.429401 0.014801 0.012772 0.999809 0.267567
0.980702 0.194703 -0.017753 15.733821 -0.194897 0.980773 -0.009932 -1.583220 0.015478 0.013200 0.999793 0.283204
0.979230 0.201848 -0.019128 16.302303 -0.202064 0.979320 -0.010096 -1.700776 0.016695 0.013751 0.999766 0.294874
0.977480 0.210015 -0.020678 16.902336 -0.210264 0.977586 -0.010690 -1.830821 0.017969 0.014797 0.999729 0.307334
0.975706 0.218101 -0.020756 17.450206 -0.218361 0.975803 -0.011222 -1.956579 0.017806 0.015481 0.999722 0.318878
0.974252 0.224449 -0.021358 17.990688 -0.224725 0.974354 -0.011508 -2.082297 0.018227 0.016012 0.999706 0.330306
0.972574 0.231506 -0.022470 18.496997 -0.231809 0.972688 -0.011930 -2.201177 0.019094 0.016812 0.999676 0.341037
0.970670 0.239214 -0.024009 19.068740 -0.239558 0.970800 -0.012637 -2.341976 0.020285 0.018018 0.999632 0.353312
0.968877 0.246311 -0.024656 19.577808 -0.246661 0.969024 -0.012303 -2.471990 0.020862 0.018002 0.999620 0.364352
0.967064 0.253319 -0.024817 20.106931 -0.253668 0.967216 -0.012049 -2.611619 0.020951 0.017947 0.999619 0.375934
0.963286 0.267363 -0.024435 21.149790 -0.267723 0.963410 -0.012852 -2.896695 0.020104 0.018921 0.999619 0.398996
0.961636 0.273347 -0.023180 21.637400 -0.273674 0.961744 -0.012283 -3.036938 0.018935 0.018155 0.999656 0.409945
0.959737 0.280012 -0.022336 22.155422 -0.280303 0.959847 -0.011111 -3.189857 0.018328 0.016925 0.999689 0.421671
0.957046 0.289126 -0.021677 22.810754 -0.289399 0.957148 -0.010725 -3.389565 0.017647 0.016538 0.999707 0.436653
0.955234 0.294994 -0.022507 23.288584 -0.295275 0.955356 -0.010324 -3.538030 0.018456 0.016508 0.999693 0.447645
0.953420 0.300595 -0.025170 23.759730 -0.300907 0.953605 -0.009605 -3.687939 0.021115 0.016732 0.999637 0.458567
0.951332 0.307001 -0.026782 24.257275 -0.307339 0.951552 -0.009507 -3.850637 0.022566 0.017275 0.999596 0.470206
0.949567 0.312439 -0.026557 24.721814 -0.312786 0.949771 -0.010016 -4.004338 0.022094 0.017817 0.999597 0.481116
0.947216 0.319516 -0.026289 25.391126 -0.319857 0.947414 -0.009895 -4.228849 0.021745 0.017781 0.999605 0.496907
0.945331 0.325172 -0.024765 25.904741 -0.325493 0.945490 -0.010157 -4.406908 0.020113 0.017662 0.999642 0.509162
0.943266 0.331166 -0.024036 26.433905 -0.331498 0.943387 -0.011390 -4.595877 0.018904 0.018712 0.999646 0.521920
0.941326 0.336667 -0.023676 26.926495 -0.336998 0.941434 -0.011626 -4.774891 0.018375 0.018923 0.999652 0.533870
0.939328 0.342189 -0.023871 27.432894 -0.342511 0.939450 -0.010933 -4.962635 0.018684 0.018446 0.999655 0.546244
0.936958 0.348550 -0.024943 27.936506 -0.348859 0.937130 -0.009211 -5.151995 0.020165 0.017332 0.999646 0.558613
0.934442 0.355291 -0.024221 28.397459 -0.355532 0.934643 -0.006342 -5.328863 0.020384 0.014538 0.999687 0.570018
0.931924 0.361794 -0.024955 28.890371 -0.362031 0.932150 -0.005561 -5.519780 0.021250 0.014217 0.999673 0.582257
0.929234 0.368537 -0.026542 29.353551 -0.368801 0.929491 -0.005645 -5.703989 0.022590 0.015034 0.999632 0.593872
0.926453 0.375438 -0.027048 29.842229 -0.375690 0.926733 -0.004746 -5.903786 0.023285 0.014559 0.999623 0.606256
0.923801 0.381909 -0.027143 30.310253 -0.382150 0.924091 -0.004126 -6.099204 0.023507 0.014184 0.999623 0.618214
0.920975 0.388698 -0.026811 30.814031 -0.388900 0.921276 -0.002589 -6.310981 0.023694 0.012811 0.999637 0.631119
0.918155 0.395300 -0.027021 31.293799 -0.395516 0.918454 -0.002967 -6.516915 0.023644 0.013411 0.999630 0.643510
0.915068 0.402349 -0.027676 31.781905 -0.402597 0.915369 -0.003829 -6.733928 0.023793 0.014646 0.999610 0.656296
0.912891 0.407211 -0.028446 32.233608 -0.407475 0.913208 -0.003960 -6.935502 0.024365 0.015206 0.999587 0.668145
0.909326 0.415068 -0.029075 32.913701 -0.415381 0.909632 -0.005409 -7.246360 0.024202 0.016995 0.999563 0.686162
0.905781 0.422750 -0.029054 33.618750 -0.423059 0.906087 -0.005170 -7.570927 0.024140 0.016975 0.999564 0.704894
0.903088 0.428527 -0.028228 34.104159 -0.428830 0.903369 -0.005421 -7.800105 0.023177 0.017000 0.999587 0.717928
0.898427 0.438426 -0.024719 34.934359 -0.438694 0.898614 -0.006417 -8.205665 0.019399 0.016609 0.999674 0.740542
0.895746 0.443850 -0.025221 35.402043 -0.444114 0.895952 -0.005750 -8.439290 0.020045 0.016351 0.999665 0.753405
0.893091 0.449123 -0.026016 35.860223 -0.449389 0.893321 -0.005151 -8.673515 0.020927 0.016292 0.999648 0.766133
0.890286 0.454656 -0.026048 36.327228 -0.454914 0.890523 -0.004671 -8.913204 0.021073 0.016008 0.999650 0.779130
0.887413 0.460224 -0.026318 36.793030 -0.460486 0.887655 -0.004619 -9.157681 0.021235 0.016218 0.999643 0.792221
0.884277 0.466195 -0.026760 37.280658 -0.466466 0.884527 -0.004579 -9.417669 0.021535 0.016532 0.999631 0.806023
0.881739 0.471010 -0.026201 37.711135 -0.471272 0.881977 -0.004530 -9.650463 0.020975 0.016342 0.999646 0.818285
0.879274 0.475592 -0.026251 38.151556 -0.475853 0.879514 -0.004398 -9.889848 0.020996 0.016359 0.999646 0.830860
0.876427 0.480772 -0.027090 38.597764 -0.481042 0.876688 -0.004086 -10.135017 0.021785 0.016613 0.999625 0.843662
0.873813 0.485482 -0.027548 39.036299 -0.485752 0.874089 -0.003689 -10.380822 0.022288 0.016605 0.999614 0.856360
0.871399 0.489793 -0.027688 39.461543 -0.490075 0.871670 -0.004105 -10.621088 0.022124 0.017146 0.999608 0.868719
0.868706 0.494517 -0.028341 39.891984 -0.494800 0.869000 -0.003549 -10.868544 0.022873 0.017106 0.999592 0.881329
0.866315 0.498632 -0.029396 40.288682 -0.498943 0.866626 -0.003854 -11.098629 0.023554 0.018005 0.999560 0.893000
0.864080 0.502521 -0.028963 40.703002 -0.502820 0.864383 -0.003663 -11.340358 0.023194 0.017728 0.999574 0.905223
0.861675 0.506691 -0.027942 41.083664 -0.506978 0.861951 -0.003844 -11.566404 0.022137 0.017478 0.999602 0.916547
0.859080 0.511014 -0.029093 41.502242 -0.511331 0.859373 -0.004214 -11.817577 0.022848 0.018497 0.999568 0.929062
0.856545 0.515159 -0.030702 41.890401 -0.515501 0.856880 -0.003910 -12.054814 0.024293 0.019176 0.999521 0.940769
0.853853 0.519546 -0.031745 42.274054 -0.519888 0.854229 -0.003065 -12.290173 0.025525 0.019121 0.999491 0.952362
0.851398 0.523558 -0.031750 42.648391 -0.523893 0.851780 -0.002694 -12.522508 0.025634 0.018927 0.999492 0.963737
0.848576 0.528147 -0.031299 43.024210 -0.528456 0.848958 -0.001920 -12.758899 0.025557 0.018170 0.999508 0.975233
0.845852 0.532533 -0.030715 43.395523 -0.532832 0.846219 -0.001868 -12.993411 0.024997 0.017946 0.999526 0.986613
0.843057 0.536994 -0.029876 43.757265 -0.537291 0.843394 -0.002314 -13.223604 0.023955 0.018003 0.999551 0.997740
0.839976 0.541817 -0.029561 44.141404 -0.542124 0.840294 -0.002889 -13.473645 0.023275 0.018452 0.999559 1.009690
0.835566 0.548605 -0.029357 44.673449 -0.548965 0.835828 -0.005368 -13.826198 0.021592 0.020601 0.999555 1.026390
0.832219 0.553635 -0.030001 45.053013 -0.554018 0.832485 -0.005742 -14.082134 0.021796 0.021399 0.999533 1.038409
0.829015 0.558369 -0.030952 45.398599 -0.558764 0.829310 -0.005276 -14.318089 0.022723 0.021668 0.999507 1.049422
0.826400 0.562146 -0.032483 45.743646 -0.562554 0.826749 -0.004339 -14.552165 0.024416 0.021859 0.999463 1.060382
0.823158 0.566863 -0.032816 46.084073 -0.567269 0.823523 -0.003893 -14.789077 0.024818 0.021820 0.999454 1.071338
0.820259 0.571058 -0.032675 46.421570 -0.571478 0.820605 -0.004515 -15.024767 0.024235 0.022377 0.999456 1.082218
0.817659 0.574741 -0.033265 46.766646 -0.575170 0.818023 -0.004265 -15.267649 0.024761 0.022620 0.999437 1.093388
0.814440 0.579280 -0.033500 47.096271 -0.579718 0.814806 -0.004334 -15.503826 0.024786 0.022951 0.999429 1.104157
0.811083 0.583972 -0.033476 47.414369 -0.584432 0.811426 -0.005173 -15.734670 0.024142 0.023760 0.999426 1.114620
0.808327 0.587814 -0.032890 47.729190 -0.588306 0.808607 -0.007088 -15.966396 0.022429 0.025079 0.999434 1.125052
0.805573 0.591519 -0.034022 48.028186 -0.592051 0.805865 -0.007519 -16.189145 0.022969 0.026200 0.999393 1.135023
0.799995 0.598931 -0.035925 48.616414 -0.599523 0.800320 -0.007755 -16.635862 0.024107 0.027742 0.999324 1.154843
0.797605 0.602061 -0.036726 48.894487 -0.602674 0.797951 -0.007638 -16.847906 0.024707 0.028226 0.999296 1.164233
0.795404 0.604913 -0.037576 49.161537 -0.605530 0.795793 -0.006804 -17.052777 0.025786 0.028165 0.999271 1.173280
0.793096 0.607879 -0.038484 49.426644 -0.608513 0.793519 -0.006380 -17.257234 0.026660 0.028478 0.999239 1.182287
0.790798 0.610835 -0.038974 49.704419 -0.611495 0.791219 -0.006791 -17.475700 0.026689 0.029203 0.999217 1.191826
0.788861 0.613285 -0.039735 49.963873 -0.613985 0.789284 -0.007360 -17.679124 0.026848 0.030202 0.999183 1.200720
0.786712 0.616042 -0.039696 50.235158 -0.616759 0.787111 -0.008015 -17.893496 0.026308 0.030788 0.999180 1.210059
0.784326 0.619051 -0.040120 50.485855 -0.619791 0.784722 -0.008360 -18.094459 0.026308 0.031423 0.999160 1.218758
0.781796 0.622186 -0.040989 50.738765 -0.622955 0.782213 -0.008337 -18.298990 0.026875 0.032052 0.999125 1.227577
0.779835 0.624599 -0.041640 50.962044 -0.625405 0.780250 -0.008865 -18.479466 0.026952 0.032955 0.999093 1.235360
0.777338 0.627681 -0.041979 51.194917 -0.628500 0.777759 -0.008856 -18.668636 0.027091 0.033268 0.999079 1.243499
0.774910 0.630680 -0.041919 51.440891 -0.631507 0.775315 -0.009189 -18.870144 0.026705 0.033593 0.999079 1.252138
0.771586 0.634710 -0.042412 51.786288 -0.635553 0.772003 -0.009088 -19.154086 0.026974 0.033967 0.999059 1.264291
0.769116 0.637658 -0.043048 52.030673 -0.638528 0.769543 -0.009237 -19.358766 0.027237 0.034591 0.999030 1.272980
0.766800 0.640437 -0.043102 52.258902 -0.641299 0.767240 -0.008796 -19.550827 0.027437 0.034386 0.999032 1.281116
0.764043 0.643731 -0.043002 52.488068 -0.644588 0.764481 -0.008673 -19.746981 0.027291 0.034345 0.999037 1.289365
0.761569 0.646670 -0.042777 52.712499 -0.647520 0.762000 -0.008630 -19.939905 0.027016 0.034271 0.999047 1.297462
0.759339 0.649299 -0.042608 52.919741 -0.650134 0.759775 -0.008235 -20.119515 0.027025 0.033954 0.999058 1.304974
0.757089 0.651914 -0.042713 53.109845 -0.652735 0.757549 -0.007519 -20.286956 0.027455 0.033573 0.999059 1.311929
0.754989 0.654331 -0.042924 53.302135 -0.655173 0.755436 -0.008008 -20.456764 0.027187 0.034169 0.999046 1.318975
0.753041 0.656564 -0.043050 53.487205 -0.657409 0.753492 -0.007906 -20.619793 0.027247 0.034255 0.999042 1.325746
0.750828 0.659136 -0.042383 53.667745 -0.659928 0.751299 -0.006715 -20.781000 0.027416 0.033012 0.999079 1.332403
0.746452 0.664111 -0.042024 54.033639 -0.664876 0.746929 -0.006046 -21.108991 0.027374 0.032454 0.999098 1.345925
0.744521 0.666280 -0.041939 54.201738 -0.667043 0.744995 -0.006002 -21.260715 0.027246 0.032443 0.999102 1.352163
0.742740 0.668310 -0.041222 54.361293 -0.669058 0.743184 -0.006265 -21.406299 0.026449 0.032234 0.999130 1.358120
0.740897 0.670337 -0.041475 54.521730 -0.671117 0.741316 -0.007174 -21.553572 0.025937 0.033149 0.999114 1.364132
0.739353 0.671997 -0.042145 54.671537 -0.672801 0.739789 -0.007157 -21.691457 0.026369 0.033647 0.999086 1.369754
0.737442 0.674042 -0.042966 54.821185 -0.674864 0.737912 -0.006730 -21.830993 0.027169 0.033959 0.999054 1.375413
0.735550 0.676088 -0.043259 54.976655 -0.676908 0.736040 -0.006296 -21.976858 0.027584 0.033913 0.999044 1.381313
0.733773 0.678026 -0.043113 55.115999 -0.678835 0.734266 -0.006008 -22.108132 0.027583 0.033675 0.999052 1.386615
0.732217 0.679741 -0.042551 55.266360 -0.680519 0.732710 -0.005500 -22.248495 0.027439 0.032985 0.999079 1.392305
0.728756 0.683666 -0.038942 55.527641 -0.684282 0.729209 -0.003578 -22.496979 0.025951 0.029255 0.999235 1.402301
0.726938 0.685675 -0.037550 55.659583 -0.686240 0.727369 -0.003066 -22.624441 0.025210 0.027997 0.999290 1.407396
0.725452 0.687296 -0.036656 55.793173 -0.687827 0.725870 -0.002684 -22.752391 0.024763 0.027160 0.999324 1.412528
0.722264 0.690594 -0.037621 56.005250 -0.691135 0.722723 -0.001966 -22.959075 0.025832 0.027421 0.999290 1.420761
0.720057 0.692830 -0.038778 56.144370 -0.693387 0.720564 -0.001296 -23.094686 0.027045 0.027821 0.999247 1.426162
0.718042 0.694853 -0.039927 56.280661 -0.695446 0.718577 -0.001366 -23.226936 0.027742 0.028748 0.999202 1.431439
0.715413 0.697506 -0.040868 56.423872 -0.698158 0.715940 -0.002425 -23.367955 0.027568 0.030267 0.999162 1.437033
0.713124 0.699873 -0.040398 56.563216 -0.700514 0.713634 -0.002480 -23.506833 0.027094 0.030068 0.999181 1.442515
0.710628 0.702454 -0.039573 56.700851 -0.703045 0.711144 -0.001444 -23.644734 0.027128 0.028848 0.999216 1.447948
0.708018 0.705066 -0.039900 56.844215 -0.705648 0.708562 -0.000724 -23.789189 0.027761 0.028668 0.999203 1.453626
0.701438 0.711730 -0.037746 57.153190 -0.712162 0.702010 0.002778 -24.106546 0.028475 0.024932 0.999284 1.466007
0.698282 0.714829 -0.037699 57.301581 -0.715211 0.698894 0.004523 -24.260501 0.029581 0.023804 0.999279 1.471990
0.695117 0.717862 -0.038557 57.442652 -0.718214 0.695795 0.006267 -24.409818 0.031327 0.023336 0.999237 1.477748
0.691918 0.720943 -0.038600 57.584998 -0.721264 0.692621 0.007384 -24.561783 0.032059 0.022732 0.999227 1.483589
0.688574 0.724178 -0.037851 57.728475 -0.724494 0.689245 0.007079 -24.715474 0.031215 0.022549 0.999258 1.489489
0.685570 0.727050 -0.037316 57.871229 -0.727386 0.686201 0.006119 -24.868997 0.030055 0.022948 0.999285 1.495373
0.682289 0.730100 -0.037906 58.010697 -0.730479 0.682915 0.005225 -25.020886 0.029701 0.024124 0.999268 1.501168
0.678690 0.733415 -0.038494 58.158821 -0.733826 0.679320 0.004758 -25.183722 0.029639 0.025019 0.999248 1.507358
0.675371 0.736462 -0.038711 58.303178 -0.736874 0.676011 0.004985 -25.342276 0.029840 0.025158 0.999238 1.513387
0.671521 0.739995 -0.038299 58.453130 -0.740380 0.672165 0.005699 -25.510238 0.029960 0.024528 0.999250 1.519728
0.667860 0.743267 -0.038956 58.609646 -0.743733 0.668467 0.003602 -25.686556 0.028719 0.026567 0.999234 1.526371
0.664804 0.746010 -0.038786 58.746450 -0.746524 0.665356 0.001819 -25.842293 0.027164 0.027745 0.999246 1.532215
0.661161 0.749328 -0.037078 58.904841 -0.749796 0.661667 0.001888 -26.023623 0.025949 0.026553 0.999311 1.539006
0.657545 0.752465 -0.037829 59.056001 -0.753012 0.658007 -0.000324 -26.198832 0.024648 0.028698 0.999284 1.545538
0.653568 0.755891 -0.038425 59.218794 -0.756482 0.654013 -0.001300 -26.390526 0.024148 0.029917 0.999261 1.552645
0.650145 0.758836 -0.038463 59.378107 -0.759363 0.650666 0.001370 -26.578523 0.026066 0.028316 0.999259 1.559609
0.644945 0.763146 -0.040663 59.619885 -0.763616 0.645646 0.005711 -26.867406 0.030612 0.027368 0.999157 1.570263
0.641421 0.766121 -0.040472 59.785585 -0.766491 0.642195 0.008803 -27.067982 0.032735 0.025375 0.999142 1.577627
0.637879 0.769041 -0.041059 59.963163 -0.769404 0.638691 0.009578 -27.283823 0.033590 0.025482 0.999111 1.585539
0.634987 0.771441 -0.040880 60.129532 -0.771828 0.635771 0.008788 -27.486596 0.032769 0.025972 0.999125 1.592966
0.628783 0.776258 -0.045348 60.480368 -0.776911 0.629592 0.004799 -27.919122 0.032276 0.032214 0.998960 1.608743
0.625775 0.778556 -0.047501 60.650090 -0.779296 0.626640 0.004428 -28.129705 0.033213 0.034246 0.998861 1.616408
0.622924 0.780743 -0.049049 60.816668 -0.781570 0.623807 0.003558 -28.338317 0.033375 0.036119 0.998790 1.623977
0.619404 0.783592 -0.048187 60.994057 -0.784422 0.620222 0.002641 -28.565385 0.031956 0.036163 0.998835 1.632154
0.615389 0.786930 -0.045140 61.225711 -0.787678 0.616084 0.001903 -28.861420 0.029308 0.034385 0.998979 1.642820
0.612829 0.789066 -0.042596 61.389349 -0.789710 0.613474 0.002689 -29.072641 0.028253 0.031991 0.999089 1.650405
0.609492 0.791653 -0.042487 61.549997 -0.792289 0.610139 0.002920 -29.282152 0.028235 0.031882 0.999093 1.657903
0.606773 0.793711 -0.043004 61.708721 -0.794364 0.607435 0.003011 -29.489937 0.028512 0.032334 0.999070 1.665329
0.603530 0.796146 -0.043623 61.853548 -0.796827 0.604201 0.002801 -29.684126 0.028587 0.033069 0.999044 1.672215
0.600757 0.798184 -0.044650 62.007602 -0.798920 0.601434 0.002189 -29.890426 0.028601 0.034357 0.999000 1.679533
0.597987 0.800216 -0.045456 62.173177 -0.800994 0.598670 0.001806 -30.114752 0.028658 0.035330 0.998965 1.687460
0.596173 0.801567 -0.045486 62.324814 -0.802331 0.596875 0.002363 -30.320507 0.029043 0.035087 0.998962 1.694728
0.594190 0.803056 -0.045150 62.470305 -0.803786 0.594910 0.003212 -30.518808 0.029440 0.034382 0.998975 1.701722
0.592218 0.804539 -0.044668 62.626998 -0.805249 0.592927 0.003353 -30.732092 0.029182 0.033983 0.998996 1.709247
0.589947 0.806250 -0.043860 62.772380 -0.806939 0.590626 0.003205 -30.933191 0.028488 0.033501 0.999033 1.716306
0.587404 0.808099 -0.043965 62.971802 -0.808792 0.588085 0.003244 -31.210767 0.028477 0.033654 0.999028 1.726030
0.585946 0.809116 -0.044712 63.133441 -0.809829 0.586656 0.003502 -31.437551 0.029064 0.034157 0.998994 1.733955
0.584807 0.809899 -0.045432 63.285220 -0.810606 0.585574 0.004561 -31.650572 0.030298 0.034160 0.998957 1.741398
0.583735 0.810640 -0.046008 63.432908 -0.811329 0.584561 0.005807 -31.858186 0.031602 0.033938 0.998924 1.748648
0.583098 0.811075 -0.046407 63.578836 -0.811745 0.583971 0.006844 -32.063677 0.032651 0.033680 0.998899 1.755820
0.583190 0.811020 -0.046224 63.725521 -0.811667 0.584074 0.007345 -32.268625 0.032955 0.033235 0.998904 1.762991
0.583318 0.810960 -0.045639 63.874701 -0.811600 0.584172 0.007004 -32.476464 0.032341 0.032955 0.998933 1.770270
0.583370 0.810971 -0.044787 64.014560 -0.811603 0.584175 0.006359 -32.672417 0.031320 0.032639 0.998976 1.777120
0.583244 0.811090 -0.044267 64.153620 -0.811729 0.584007 0.005563 -32.870285 0.030364 0.032689 0.999004 1.784003
0.583570 0.810892 -0.043589 64.279044 -0.811522 0.584299 0.005146 -33.047593 0.029642 0.032370 0.999036 1.790184
0.584090 0.810599 -0.042045 64.534539 -0.811169 0.584786 0.005510 -33.411352 0.029054 0.030888 0.999101 1.802836
0.584132 0.810588 -0.041675 64.671620 -0.811136 0.584828 0.005867 -33.605090 0.029129 0.030377 0.999114 1.809590
0.584874 0.810056 -0.041621 64.804179 -0.810594 0.585577 0.006124 -33.791918 0.029333 0.030156 0.999115 1.816109
0.584915 0.810025 -0.041651 64.924522 -0.810569 0.585613 0.005936 -33.961753 0.029200 0.030289 0.999115 1.822032
0.585041 0.809911 -0.042078 65.054131 -0.810478 0.585742 0.005617 -34.144243 0.029195 0.030817 0.999099 1.828402
0.585416 0.809581 -0.043210 65.177505 -0.810187 0.586146 0.005470 -34.317589 0.029756 0.031806 0.999051 1.834456
0.586031 0.809052 -0.044742 65.311251 -0.809712 0.586804 0.005331 -34.505374 0.030568 0.033104 0.998984 1.841017
0.587649 0.807872 -0.044854 65.524004 -0.808496 0.588466 0.006541 -34.804243 0.031679 0.032420 0.998972 1.851456
0.588773 0.807052 -0.044875 65.647088 -0.807639 0.589628 0.007680 -34.975749 0.032658 0.031722 0.998963 1.857462
0.589949 0.806208 -0.044589 65.767700 -0.806744 0.590834 0.008915 -35.144307 0.033532 0.030712 0.998966 1.863359
0.591754 0.804968 -0.043046 65.886047 -0.805434 0.592608 0.009558 -35.308152 0.033204 0.029015 0.999027 1.869109
0.593867 0.803486 -0.041621 66.002452 -0.803930 0.594657 0.008905 -35.468411 0.031905 0.028172 0.999094 1.874743
0.595660 0.802157 -0.041635 66.121329 -0.802640 0.596415 0.007624 -35.631618 0.030947 0.028876 0.999104 1.880485
0.600917 0.798176 -0.042590 66.369856 -0.798717 0.601672 0.006501 -35.971514 0.030814 0.030111 0.999071 1.892460
0.603421 0.796268 -0.042893 66.475501 -0.796848 0.604155 0.005470 -36.114462 0.030270 0.030879 0.999065 1.897514
0.606315 0.794139 -0.041530 66.583258 -0.794699 0.606986 0.004660 -36.258686 0.028908 0.030178 0.999126 1.902631
0.612109 0.789765 -0.039921 66.774211 -0.790299 0.612711 0.003706 -36.509656 0.027386 0.029281 0.999196 1.911589
0.620797 0.783061 -0.037775 67.022996 -0.783490 0.621384 0.005107 -36.830552 0.027472 0.026425 0.999273 1.923115
0.626603 0.778439 -0.037444 67.173979 -0.778873 0.627166 0.004447 -37.020762 0.026945 0.026377 0.999289 1.930002
0.630764 0.775077 -0.037312 67.272268 -0.775518 0.631314 0.003969 -37.144577 0.026632 0.026433 0.999296 1.934485
0.639142 0.768195 -0.037083 67.459875 -0.768595 0.639717 0.005017 -37.375045 0.027577 0.025295 0.999300 1.942902
0.643306 0.764717 -0.036963 67.549549 -0.765084 0.643903 0.005950 -37.482111 0.028350 0.024452 0.999299 1.946852
0.647495 0.761196 -0.036477 67.636798 -0.761529 0.648097 0.006658 -37.586117 0.028709 0.023467 0.999312 1.950691
0.651762 0.757585 -0.035649 67.727505 -0.757884 0.652351 0.007048 -37.693879 0.028595 0.022424 0.999340 1.954673
0.657035 0.753066 -0.034589 67.857434 -0.753343 0.657592 0.006871 -37.847080 0.027920 0.021543 0.999378 1.960350
0.663283 0.747612 -0.033647 68.006717 -0.747882 0.663803 0.006226 -38.020449 0.026990 0.021035 0.999414 1.966810
0.666995 0.744330 -0.033026 68.084692 -0.744578 0.667504 0.006438 -38.109284 0.026837 0.020296 0.999434 1.970142
0.670514 0.741190 -0.032385 68.163818 -0.741419 0.671010 0.006612 -38.198531 0.026632 0.019577 0.999454 1.973503
0.673832 0.738200 -0.031786 68.242789 -0.738413 0.674316 0.006732 -38.287516 0.026403 0.018936 0.999472 1.976855
0.677492 0.734880 -0.030930 68.325157 -0.735074 0.677954 0.006701 -38.379768 0.025893 0.018195 0.999499 1.980338
0.680969 0.731701 -0.029925 68.400047 -0.731881 0.681402 0.006494 -38.462688 0.025142 0.017479 0.999531 1.983482
0.686592 0.726484 -0.028513 68.541884 -0.726651 0.686981 0.005892 -38.618408 0.023868 0.016674 0.999576 1.989404
0.688601 0.724602 -0.027930 68.602047 -0.724759 0.688977 0.005892 -38.684015 0.023513 0.016185 0.999593 1.991906
0.690905 0.722421 -0.027544 68.656791 -0.722580 0.691265 0.005448 -38.743595 0.022976 0.016139 0.999606 1.994179
0.693207 0.720232 -0.027032 68.705473 -0.720396 0.693546 0.004830 -38.796153 0.022226 0.016125 0.999623 1.996191
0.695338 0.718192 -0.026564 68.753466 -0.718358 0.695660 0.004364 -38.847828 0.021614 0.016048 0.999638 1.998171
0.696820 0.716755 -0.026546 68.795674 -0.716932 0.697133 0.003815 -38.893719 0.021241 0.016374 0.999640 1.999922
0.697932 0.715659 -0.026887 68.833518 -0.715856 0.698241 0.003108 -38.934222 0.020998 0.017078 0.999634 2.001478
0.700159 0.713460 -0.027424 68.891120 -0.713686 0.700463 0.002143 -38.995192 0.020738 0.018071 0.999622 2.003829
0.701611 0.712019 -0.027751 68.922382 -0.712253 0.701920 0.001998 -39.028653 0.020901 0.018364 0.999613 2.005114
0.702930 0.710718 -0.027741 68.953761 -0.710949 0.703241 0.002123 -39.061832 0.021017 0.018230 0.999613 2.006394
0.703974 0.709695 -0.027458 68.980791 -0.709917 0.704282 0.002265 -39.090223 0.020946 0.017899 0.999620 2.007492
0.705056 0.708624 -0.027374 69.007441 -0.708842 0.705364 0.002362 -39.118258 0.020983 0.017739 0.999622 2.008576
0.706016 0.707658 -0.027583 69.026927 -0.707877 0.706331 0.002479 -39.138744 0.021237 0.017775 0.999616 2.009368
0.707026 0.706645 -0.027692 69.045094 -0.706865 0.707344 0.002510 -39.157953 0.021361 0.017800 0.999613 2.010109
0.707786 0.705884 -0.027697 69.061787 -0.706105 0.708103 0.002437 -39.175623 0.021333 0.017832 0.999613 2.010790
0.708210 0.705457 -0.027740 69.079658 -0.705677 0.708529 0.002498 -39.194907 0.021417 0.017806 0.999612 2.011528
0.708447 0.705219 -0.027747 69.087038 -0.705437 0.708768 0.002604 -39.203206 0.021502 0.017729 0.999612 2.011841
0.709013 0.704649 -0.027763 69.101869 -0.704863 0.709338 0.002799 -39.219636 0.021666 0.017585 0.999611 2.012464
0.709038 0.704621 -0.027847 69.107598 -0.704830 0.709369 0.003058 -39.226190 0.021908 0.017459 0.999608 2.012709
0.708819 0.704828 -0.028156 69.109751 -0.705038 0.709162 0.003318 -39.229269 0.022305 0.017499 0.999598 2.012816
0.708717 0.704904 -0.028821 69.109136 -0.705114 0.709084 0.003794 -39.229475 0.023111 0.017634 0.999577 2.012812
0.708864 0.704724 -0.029597 69.107629 -0.704928 0.709264 0.004647 -39.228649 0.024267 0.017569 0.999551 2.012769
0.709101 0.704468 -0.029999 69.105339 -0.704656 0.709527 0.005563 -39.227165 0.025204 0.017195 0.999534 2.012697
0.709159 0.704408 -0.030054 69.103049 -0.704587 0.709592 0.005941 -39.225682 0.025511 0.016962 0.999531 2.012626
0.709103 0.704471 -0.029888 69.101139 -0.704651 0.709530 0.005798 -39.224555 0.025291 0.016949 0.999536 2.012570
0.709172 0.704409 -0.029721 69.099431 -0.704592 0.709591 0.005541 -39.223579 0.024993 0.017011 0.999543 2.012520
0.709374 0.704200 -0.029860 69.098102 -0.704393 0.709791 0.005258 -39.222959 0.024897 0.017304 0.999540 2.012484
0.709464 0.704096 -0.030166 69.096976 -0.704305 0.709881 0.004797 -39.222489 0.024792 0.017843 0.999533 2.012456
0.709534 0.704019 -0.030294 69.096028 -0.704237 0.709950 0.004581 -39.222226 0.024732 0.018084 0.999531 2.012435
0.709633 0.703913 -0.030447 69.095282 -0.704134 0.710052 0.004535 -39.222114 0.024811 0.018221 0.999526 2.012420
0.709716 0.703820 -0.030657 69.094216 -0.704041 0.710144 0.004698 -39.222132 0.025078 0.018249 0.999519 2.012404
0.709782 0.703774 -0.030196 69.093648 -0.703976 0.710205 0.005139 -39.222226 0.025062 0.017610 0.999531 2.012397
0.709853 0.703714 -0.029931 69.093305 -0.703904 0.710274 0.005412 -39.222414 0.025068 0.017227 0.999537 2.012397
0.709866 0.703703 -0.029862 69.092737 -0.703888 0.710289 0.005570 -39.222508 0.025131 0.017065 0.999539 2.012390
0.709903 0.703662 -0.029964 69.092371 -0.703849 0.710328 0.005529 -39.222752 0.025175 0.017165 0.999536 2.012390
0.709965 0.703591 -0.030172 69.092028 -0.703787 0.710391 0.005330 -39.222939 0.025184 0.017450 0.999531 2.012389
0.710015 0.703536 -0.030274 69.091685 -0.703737 0.710441 0.005187 -39.223127 0.025157 0.017622 0.999528 2.012388
0.710056 0.703496 -0.030222 69.091544 -0.703695 0.710483 0.005276 -39.223465 0.025184 0.017521 0.999529 2.012394
0.710085 0.703471 -0.030126 69.091201 -0.703665 0.710512 0.005408 -39.223653 0.025209 0.017359 0.999531 2.012393
0.710139 0.703423 -0.029971 69.090563 -0.703609 0.710565 0.005567 -39.223915 0.025212 0.017134 0.999535 2.012390
0.710146 0.703413 -0.030035 69.090469 -0.703601 0.710574 0.005582 -39.224141 0.025268 0.017168 0.999533 2.012393
0.710155 0.703398 -0.030166 69.090126 -0.703591 0.710584 0.005450 -39.224328 0.025269 0.017354 0.999530 2.012393
0.710214 0.703336 -0.030239 69.089783 -0.703533 0.710643 0.005353 -39.224516 0.025254 0.017472 0.999528 2.012392
0.710255 0.703298 -0.030165 69.089689 -0.703492 0.710683 0.005378 -39.224741 0.025220 0.017401 0.999530 2.012396
0.710228 0.703327 -0.030128 69.089370 -0.703519 0.710656 0.005463 -39.224873 0.025253 0.017316 0.999531 2.012394
0.710216 0.703344 -0.030003 69.089252 -0.703531 0.710643 0.005585 -39.225154 0.025250 0.017141 0.999534 2.012399
0.710257 0.703305 -0.029971 69.088933 -0.703489 0.710683 0.005638 -39.225286 0.025265 0.017079 0.999535 2.012397
0.710272 0.703288 -0.029986 69.088614 -0.703476 0.710697 0.005529 -39.225417 0.025200 0.017167 0.999535 2.012395
0.710282 0.703279 -0.029966 69.088543 -0.703468 0.710706 0.005471 -39.225586 0.025145 0.017194 0.999536 2.012398
0.710290 0.703268 -0.030034 69.088224 -0.703460 0.710714 0.005411 -39.225717 0.025151 0.017285 0.999534 2.012396
0.710296 0.703260 -0.030071 69.088130 -0.703452 0.710722 0.005438 -39.225943 0.025197 0.017291 0.999533 2.012400
0.710305 0.703254 -0.030008 69.088036 -0.703441 0.710732 0.005573 -39.226168 0.025247 0.017150 0.999534 2.012404
0.710312 0.703250 -0.029951 69.087740 -0.703435 0.710737 0.005594 -39.226243 0.025222 0.017095 0.999536 2.012401
0.710316 0.703248 -0.029910 69.087670 -0.703432 0.710740 0.005607 -39.226412 0.025202 0.017057 0.999537 2.012404
0.710295 0.703265 -0.030003 69.087327 -0.703450 0.710723 0.005646 -39.226600 0.025294 0.017095 0.999534 2.012403
0.710280 0.703272 -0.030173 69.087256 -0.703459 0.710713 0.005675 -39.226769 0.025436 0.017195 0.999529 2.012406
0.710297 0.703253 -0.030209 69.087162 -0.703440 0.710731 0.005696 -39.226994 0.025477 0.017205 0.999527 2.012410
0.710311 0.703240 -0.030198 69.086867 -0.703424 0.710746 0.005815 -39.227069 0.025553 0.017111 0.999527 2.012407
0.710389 0.703163 -0.030148 69.086796 -0.703344 0.710825 0.005906 -39.227238 0.025583 0.017008 0.999528 2.012410
0.710430 0.703125 -0.030070 69.086524 -0.703304 0.710865 0.005925 -39.227257 0.025542 0.016940 0.999530 2.012406
0.710509 0.703045 -0.030079 69.086453 -0.703223 0.710944 0.005970 -39.227426 0.025581 0.016911 0.999530 2.012409
0.710610 0.702941 -0.030111 69.086181 -0.703118 0.711047 0.006018 -39.227444 0.025640 0.016895 0.999528 2.012405
0.710807 0.702741 -0.030124 69.085885 -0.702917 0.711246 0.006081 -39.227519 0.025699 0.016853 0.999528 2.012402
0.710970 0.702581 -0.030028 69.085613 -0.702755 0.711406 0.006078 -39.227538 0.025633 0.016781 0.999531 2.012399
0.711046 0.702520 -0.029638 69.085092 -0.702695 0.711467 0.005790 -39.227519 0.025154 0.016709 0.999544 2.012390
0.711085 0.702484 -0.029574 69.084843 -0.702660 0.711503 0.005679 -39.227482 0.025031 0.016742 0.999546 2.012385
0.711157 0.702413 -0.029524 69.084796 -0.702590 0.711573 0.005589 -39.227594 0.024934 0.016768 0.999548 2.012387
0.711190 0.702381 -0.029506 69.084524 -0.702560 0.711603 0.005519 -39.227613 0.024873 0.016805 0.999549 2.012383
0.711051 0.702521 -0.029513 69.084204 -0.702701 0.711464 0.005496 -39.227744 0.024859 0.016830 0.999549 2.012382
0.711001 0.702567 -0.029618 69.084134 -0.702746 0.711419 0.005626 -39.227913 0.025023 0.016813 0.999545 2.012384
0.710984 0.702582 -0.029684 69.084087 -0.702760 0.711404 0.005684 -39.228026 0.025111 0.016819 0.999543 2.012386
0.710915 0.702650 -0.029715 69.083993 -0.702830 0.711336 0.005644 -39.228251 0.025103 0.016872 0.999542 2.012390
0.710804 0.702761 -0.029747 69.083922 -0.702941 0.711225 0.005650 -39.228420 0.025128 0.016894 0.999541 2.012393
0.710737 0.702827 -0.029790 69.083875 -0.703008 0.711160 0.005668 -39.228533 0.025170 0.016914 0.999540 2.012395
0.710731 0.702834 -0.029767 69.084030 -0.703014 0.711153 0.005702 -39.228796 0.025177 0.016874 0.999541 2.012404
0.710687 0.702880 -0.029741 69.083983 -0.703058 0.711110 0.005738 -39.228908 0.025182 0.016832 0.999541 2.012406
0.710599 0.702968 -0.029744 69.083913 -0.703145 0.711023 0.005785 -39.229077 0.025216 0.016803 0.999541 2.012409
0.710550 0.703016 -0.029778 69.083866 -0.703192 0.710976 0.005828 -39.229190 0.025268 0.016798 0.999540 2.012411
0.710529 0.703036 -0.029820 69.083795 -0.703213 0.710955 0.005830 -39.229359 0.025299 0.016828 0.999538 2.012414
0.710523 0.703040 -0.029850 69.083748 -0.703218 0.710950 0.005801 -39.229472 0.025300 0.016869 0.999538 2.012416
0.710524 0.703035 -0.029966 69.083701 -0.703213 0.710955 0.005876 -39.229584 0.025435 0.016897 0.999534 2.012417
0.710566 0.702984 -0.030162 69.083654 -0.703164 0.711003 0.005940 -39.229697 0.025621 0.016988 0.999527 2.012419
0.710589 0.702958 -0.030220 69.083631 -0.703136 0.711030 0.006069 -39.229753 0.025754 0.016936 0.999525 2.012420
0.710622 0.702924 -0.030228 69.083584 -0.703100 0.711064 0.006161 -39.229866 0.025825 0.016875 0.999524 2.012422
0.710658 0.702886 -0.030280 69.083335 -0.703061 0.711102 0.006217 -39.229828 0.025902 0.016871 0.999522 2.012418
0.710723 0.702817 -0.030343 69.083311 -0.702991 0.711171 0.006288 -39.229885 0.025998 0.016862 0.999520 2.012419
0.710965 0.702573 -0.030318 69.083039 -0.702746 0.711413 0.006336 -39.229903 0.026020 0.016801 0.999520 2.012415
0.711218 0.702329 -0.030047 69.082589 -0.702499 0.711657 0.006249 -39.229716 0.025772 0.016664 0.999529 2.012403
0.711319 0.702236 -0.029831 69.082565 -0.702406 0.711750 0.006122 -39.229772 0.025532 0.016599 0.999536 2.012404
0.711421 0.702136 -0.029770 69.082340 -0.702309 0.711848 0.005930 -39.229678 0.025356 0.016689 0.999539 2.012398
0.711520 0.702040 -0.029637 69.082114 -0.702214 0.711942 0.005811 -39.229584 0.025180 0.016677 0.999544 2.012393
0.711689 0.701864 -0.029753 69.082626 -0.702039 0.712114 0.005848 -39.230260 0.025291 0.016726 0.999540 2.012417
0.711903 0.701636 -0.030017 69.084099 -0.701811 0.712338 0.006000 -39.231800 0.025592 0.016795 0.999531 2.012476
0.712357 0.701170 -0.030134 69.084146 -0.701343 0.712797 0.006142 -39.231687 0.025786 0.016759 0.999527 2.012475
0.712792 0.700730 -0.030075 69.084953 -0.700900 0.713232 0.006229 -39.232288 0.025815 0.016640 0.999528 2.012501
0.713188 0.700321 -0.030215 69.086675 -0.700494 0.713632 0.006220 -39.233865 0.025918 0.016730 0.999524 2.012566
0.713715 0.699781 -0.030299 69.090452 -0.699952 0.714162 0.006303 -39.237489 0.026049 0.016709 0.999521 2.012711
0.714396 0.699086 -0.030271 69.096510 -0.699255 0.714844 0.006347 -39.243254 0.026076 0.016633 0.999522 2.012943
0.715192 0.698270 -0.030331 69.104979 -0.698440 0.715641 0.006342 -39.251479 0.026134 0.016648 0.999520 2.013271
0.715973 0.697470 -0.030301 69.116109 -0.697638 0.716422 0.006389 -39.262201 0.026165 0.016565 0.999520 2.013700
0.716675 0.696752 -0.030204 69.127262 -0.696916 0.717124 0.006462 -39.272866 0.026163 0.016419 0.999523 2.014128
0.717443 0.695965 -0.030124 69.139710 -0.696130 0.717888 0.006331 -39.284865 0.026032 0.016428 0.999526 2.014608
0.718116 0.695281 -0.029890 69.152182 -0.695448 0.718550 0.006081 -39.296808 0.025705 0.016420 0.999535 2.015087
0.718926 0.694450 -0.029730 69.165414 -0.694621 0.719352 0.005822 -39.309464 0.025430 0.016465 0.999541 2.015595
0.720550 0.692773 -0.029560 69.191901 -0.692952 0.720964 0.005348 -39.334720 0.025017 0.016630 0.999549 2.016610
0.721412 0.691877 -0.029521 69.207056 -0.692058 0.721823 0.005227 -39.349103 0.024925 0.016659 0.999550 2.017189
0.722179 0.691080 -0.029437 69.221808 -0.691260 0.722587 0.005149 -39.363186 0.024830 0.016630 0.999553 2.017755
0.722887 0.690346 -0.029269 69.237569 -0.690525 0.723290 0.005097 -39.378021 0.024689 0.016527 0.999559 2.018354
0.723423 0.689795 -0.029035 69.249530 -0.689975 0.723817 0.004882 -39.389287 0.024384 0.016502 0.999566 2.018809
0.723978 0.689220 -0.028845 69.262452 -0.689405 0.724362 0.004555 -39.401418 0.024034 0.016588 0.999574 2.019300
0.724474 0.688704 -0.028712 69.274412 -0.688893 0.724850 0.004243 -39.412684 0.023734 0.016706 0.999579 2.019755
0.724905 0.688250 -0.028696 69.286551 -0.688444 0.725278 0.004043 -39.424157 0.023595 0.016825 0.999580 2.020218
0.725220 0.687917 -0.028730 69.297976 -0.688112 0.725593 0.003995 -39.434804 0.023595 0.016872 0.999579 2.020650
0.725573 0.687544 -0.028771 69.308581 -0.687739 0.725947 0.004016 -39.444249 0.023647 0.016873 0.999578 2.021040
0.726035 0.687053 -0.028832 69.323864 -0.687249 0.726411 0.004006 -39.457694 0.023696 0.016907 0.999576 2.021599
0.726248 0.686826 -0.028886 69.331249 -0.687022 0.726626 0.004067 -39.464079 0.023783 0.016892 0.999574 2.021866
0.726370 0.686698 -0.028853 69.338279 -0.686894 0.726747 0.004048 -39.470050 0.023748 0.016879 0.999575 2.022118
0.726328 0.686743 -0.028831 69.341484 -0.686940 0.726704 0.003982 -39.472510 0.023687 0.016913 0.999576 2.022227
0.726253 0.686820 -0.028902 69.342455 -0.687019 0.726629 0.003943 -39.472717 0.023709 0.016993 0.999574 2.022247
0.726220 0.686850 -0.028996 69.342263 -0.687050 0.726599 0.003974 -39.471910 0.023798 0.017036 0.999572 2.022224
0.726253 0.686804 -0.029261 69.341668 -0.687007 0.726639 0.004029 -39.470802 0.024029 0.017176 0.999564 2.022189
0.726331 0.686713 -0.029468 69.340894 -0.686915 0.726726 0.004236 -39.469487 0.024324 0.017165 0.999557 2.022145
0.726386 0.686652 -0.029523 69.340096 -0.686849 0.726786 0.004466 -39.468229 0.024524 0.017034 0.999554 2.022103
0.726439 0.686598 -0.029483 69.339501 -0.686792 0.726840 0.004538 -39.467122 0.024546 0.016952 0.999555 2.022067
0.726509 0.686529 -0.029390 69.339083 -0.686722 0.726906 0.004522 -39.466220 0.024468 0.016897 0.999558 2.022039
0.726616 0.686413 -0.029426 69.338629 -0.686609 0.727013 0.004421 -39.464775 0.024428 0.016992 0.999557 2.021998
0.726693 0.686329 -0.029475 69.338366 -0.686527 0.727091 0.004369 -39.464136 0.024430 0.017060 0.999556 2.021978
0.726734 0.686284 -0.029548 69.338507 -0.686482 0.727134 0.004425 -39.463798 0.024522 0.017069 0.999554 2.021973
0.726770 0.686245 -0.029535 69.338446 -0.686441 0.727171 0.004502 -39.463310 0.024567 0.017002 0.999554 2.021960
0.726818 0.686198 -0.029460 69.338587 -0.686392 0.727218 0.004531 -39.462972 0.024533 0.016928 0.999556 2.021954
0.726853 0.686164 -0.029377 69.338705 -0.686359 0.727249 0.004442 -39.462691 0.024412 0.016935 0.999559 2.021949
0.726883 0.686128 -0.029479 69.338822 -0.686324 0.727282 0.004454 -39.462409 0.024495 0.016994 0.999555 2.021944
0.726893 0.686116 -0.029517 69.338940 -0.686313 0.727293 0.004464 -39.462127 0.024530 0.017013 0.999554 2.021940
0.726919 0.686090 -0.029494 69.339057 -0.686286 0.727318 0.004427 -39.461846 0.024489 0.017023 0.999555 2.021935
0.726946 0.686065 -0.029401 69.339377 -0.686261 0.727342 0.004381 -39.461714 0.024390 0.016992 0.999558 2.021937
0.727000 0.686009 -0.029370 69.339541 -0.686204 0.727396 0.004405 -39.461320 0.024385 0.016952 0.999559 2.021930
0.727025 0.685980 -0.029432 69.339635 -0.686177 0.727422 0.004399 -39.461095 0.024427 0.016998 0.999557 2.021926
0.727113 0.685879 -0.029617 69.339729 -0.686076 0.727516 0.004478 -39.460870 0.024618 0.017063 0.999551 2.021922
0.727291 0.685683 -0.029772 69.339847 -0.685879 0.727700 0.004648 -39.460588 0.024852 0.017040 0.999546 2.021917
0.727404 0.685562 -0.029786 69.339964 -0.685756 0.727816 0.004757 -39.460306 0.024940 0.016965 0.999545 2.021912
0.727423 0.685542 -0.029807 69.340058 -0.685735 0.727836 0.004783 -39.460081 0.024974 0.016961 0.999544 2.021908
0.727470 0.685489 -0.029868 69.340176 -0.685682 0.727885 0.004821 -39.459800 0.025045 0.016972 0.999542 2.021903
