0.999983 0.005803 0.000000 0.537798 -0.005803 0.999983 0.000000 0.003225 0.000000 0.000000 1.000000 0.000000
0.999927 0.012071 0.000000 1.120865 -0.012071 0.999927 0.000000 -0.009480 0.000000 0.000000 1.000000 0.000000
0.999833 0.018294 0.000000 1.659790 -0.018294 0.999833 0.000000 -0.016901 0.000000 0.000000 1.000000 0.000000
0.999648 0.026549 0.000000 2.380601 -0.026549 0.999648 0.000000 -0.035775 0.000000 0.000000 1.000000 0.000000
0.999509 0.031348 0.000000 2.955126 -0.031348 0.999509 0.000000 -0.060961 0.000000 0.000000 1.000000 0.000000
0.999371 0.035471 0.000000 3.525614 -0.035471 0.999371 0.000000 -0.086458 0.000000 0.000000 1.000000 0.000000
0.999172 0.040692 0.000000 4.096316 -0.040692 0.999172 0.000000 -0.102816 0.000000 0.000000 1.000000 0.000000
0.998546 0.053912 0.000000 5.238030 -0.053912 0.998546 0.000000 -0.162784 0.000000 0.000000 1.000000 0.000000
0.998306 0.058180 0.000000 5.777497 -0.058180 0.998306 0.000000 -0.179766 0.000000 0.000000 1.000000 0.000000
0.997843 0.065642 0.000000 6.351399 -0.065642 0.997843 0.000000 -0.213511 0.000000 0.000000 1.000000 0.000000
0.997262 0.073949 0.000000 6.891618 -0.073949 0.997262 0.000000 -0.247441 0.000000 0.000000 1.000000 0.000000
0.996659 0.081674 0.000000 7.457280 -0.081674 0.996659 0.000000 -0.291662 0.000000 0.000000 1.000000 0.000000
0.996061 0.088666 0.000000 7.984141 -0.088666 0.996061 0.000000 -0.334804 0.000000 0.000000 1.000000 0.000000
0.995575 0.093976 0.000000 8.558435 -0.093976 0.995575 0.000000 -0.396523 0.000000 0.000000 1.000000 0.000000
0.994927 0.100596 0.000000 9.095869 -0.100596 0.994927 0.000000 -0.457539 0.000000 0.000000 1.000000 0.000000
0.993845 0.110783 0.000000 9.847335 -0.110783 0.993845 0.000000 -0.536763 0.000000 0.000000 1.000000 0.000000
0.992563 0.121735 0.000000 10.418455 -0.121735 0.992563 0.000000 -0.599578 0.000000 0.000000 1.000000 0.000000
0.991736 0.128296 0.000000 10.978592 -0.128296 0.991736 0.000000 -0.669976 0.000000 0.000000 1.000000 0.000000
0.991052 0.133476 0.000000 11.528162 -0.133476 0.991052 0.000000 -0.741362 0.000000 0.000000 1.000000 0.000000
0.990320 0.138806 0.000000 12.096164 -0.138806 0.990320 0.000000 -0.820587 0.000000 0.000000 1.000000 0.000000
0.989367 0.145441 0.000000 12.621450 -0.145441 0.989367 0.000000 -0.904804 0.000000 0.000000 1.000000 0.000000
0.988319 0.152400 0.000000 13.146301 -0.152400 0.988319 0.000000 -0.986630 0.000000 0.000000 1.000000 0.000000
0.987283 0.158975 0.000000 13.707396 -0.158975 0.987283 0.000000 -1.076753 0.000000 0.000000 1.000000 0.000000
0.985740 0.168275 0.000000 14.222999 -0.168275 0.985740 0.000000 -1.166064 0.000000 0.000000 1.000000 0.000000
0.984404 0.175924 0.000000 14.783428 -0.175924 0.984404 0.000000 -1.262595 0.000000 0.000000 1.000000 0.000000
0.982873 0.184284 0.000000 15.519939 -0.184284 0.982873 0.000000 -1.395407 0.000000 0.000000 1.000000 0.000000
0.981232 0.192831 0.000000 16.068878 -0.192831 0.981232 0.000000 -1.506513 0.000000 0.000000 1.000000 0.000000
0.979543 0.201236 0.000000 16.656798 -0.201236 0.979543 0.000000 -1.621840 0.000000 0.000000 1.000000 0.000000
0.978052 0.208359 0.000000 17.202448 -0.208359 0.978052 0.000000 -1.739181 0.000000 0.000000 1.000000 0.000000
0.976469 0.215657 0.000000 17.746519 -0.215657 0.976469 0.000000 -1.858134 0.000000 0.000000 1.000000 0.000000
0.975081 0.221851 0.000000 18.252366 -0.221851 0.975081 0.000000 -1.969643 0.000000 0.000000 1.000000 0.000000
0.973569 0.228395 0.000000 18.799974 -0.228395 0.973569 0.000000 -2.091656 0.000000 0.000000 1.000000 0.000000
0.973925 0.226871 0.000000 19.304550 -0.226871 0.973925 0.000000 -2.204400 0.000000 0.000000 1.000000 0.000000
0.972646 0.232294 0.000000 19.839451 -0.232294 0.972646 0.000000 -2.331905 0.000000 0.000000 1.000000 0.000000
0.969972 0.243218 0.000000 20.869125 -0.243218 0.969972 0.000000 -2.592331 0.000000 0.000000 1.000000 0.000000
0.968739 0.248084 0.000000 21.357055 -0.248084 0.968739 0.000000 -2.716818 0.000000 0.000000 1.000000 0.000000
0.967026 0.254677 0.000000 21.885721 -0.254677 0.967026 0.000000 -2.848612 0.000000 0.000000 1.000000 0.000000
0.965143 0.261724 0.000000 22.553756 -0.261724 0.965143 0.000000 -3.026583 0.000000 0.000000 1.000000 0.000000
0.963693 0.267014 0.000000 23.037932 -0.267014 0.963693 0.000000 -3.158907 0.000000 0.000000 1.000000 0.000000
0.962117 0.272639 0.000000 23.520146 -0.272639 0.962117 0.000000 -3.288289 0.000000 0.000000 1.000000 0.000000
0.959931 0.280237 0.000000 24.034388 -0.280237 0.959931 0.000000 -3.436422 0.000000 0.000000 1.000000 0.000000
0.958982 0.283468 0.000000 24.515358 -0.283468 0.958982 0.000000 -3.574573 0.000000 0.000000 1.000000 0.000000
0.956173 0.292804 0.000000 25.186251 -0.292804 0.956173 0.000000 -3.784915 0.000000 0.000000 1.000000 0.000000
0.954483 0.298265 0.000000 25.696101 -0.298265 0.954483 0.000000 -3.946069 0.000000 0.000000 1.000000 0.000000
0.953328 0.301935 0.000000 26.208571 -0.301935 0.953328 0.000000 -4.120099 0.000000 0.000000 1.000000 0.000000
0.951665 0.307136 0.000000 26.699436 -0.307136 0.951665 0.000000 -4.295409 0.000000 0.000000 1.000000 0.000000
0.950145 0.311808 0.000000 27.212037 -0.311808 0.950145 0.000000 -4.479446 0.000000 0.000000 1.000000 0.000000
0.948467 0.316877 0.000000 27.720334 -0.316877 0.948467 0.000000 -4.660488 0.000000 0.000000 1.000000 0.000000
0.946170 0.323671 0.000000 28.192191 -0.323671 0.946170 0.000000 -4.823397 0.000000 0.000000 1.000000 0.000000
0.944795 0.327661 0.000000 28.698641 -0.327661 0.944795 0.000000 -5.013403 0.000000 0.000000 1.000000 0.000000
0.943173 0.332301 0.000000 29.173021 -0.332301 0.943173 0.000000 -5.191018 0.000000 0.000000 1.000000 0.000000
0.940828 0.338885 0.000000 29.671120 -0.338885 0.940828 0.000000 -5.377208 0.000000 0.000000 1.000000 0.000000
0.938676 0.344800 0.000000 30.146816 -0.344800 0.938676 0.000000 -5.547650 0.000000 0.000000 1.000000 0.000000
0.936136 0.351639 0.000000 30.644478 -0.351639 0.936136 0.000000 -5.740645 0.000000 0.000000 1.000000 0.000000
0.933382 0.358884 0.000000 31.115438 -0.358884 0.933382 0.000000 -5.919843 0.000000 0.000000 1.000000 0.000000
0.931075 0.364829 0.000000 31.615107 -0.364829 0.931075 0.000000 -6.119568 0.000000 0.000000 1.000000 0.000000
0.929655 0.368431 0.000000 32.073629 -0.368431 0.929655 0.000000 -6.301772 0.000000 0.000000 1.000000 0.000000
0.926377 0.376598 0.000000 32.756411 -0.376598 0.926377 0.000000 -6.586123 0.000000 0.000000 1.000000 0.000000
0.922081 0.386997 0.000000 33.460904 -0.386997 0.922081 0.000000 -6.878956 0.000000 0.000000 1.000000 0.000000
0.918794 0.394738 0.000000 33.949882 -0.394738 0.918794 0.000000 -7.085103 0.000000 0.000000 1.000000 0.000000
0.912952 0.408066 0.000000 34.792911 -0.408066 0.912952 0.000000 -7.462821 0.000000 0.000000 1.000000 0.000000
0.910456 0.413607 0.000000 35.271190 -0.413607 0.910456 0.000000 -7.683375 0.000000 0.000000 1.000000 0.000000
0.908202 0.418533 0.000000 35.745620 -0.418533 0.908202 0.000000 -7.913485 0.000000 0.000000 1.000000 0.000000
0.906472 0.422266 0.000000 36.217342 -0.422266 0.906472 0.000000 -8.143866 0.000000 0.000000 1.000000 0.000000
0.902081 0.431566 0.000000 36.687315 -0.431566 0.902081 0.000000 -8.359346 0.000000 0.000000 1.000000 0.000000
0.901351 0.433089 0.000000 37.183193 -0.433089 0.901351 0.000000 -8.607718 0.000000 0.000000 1.000000 0.000000
0.900523 0.434808 0.000000 37.611841 -0.434808 0.900523 0.000000 -8.824948 0.000000 0.000000 1.000000 0.000000
0.897921 0.440156 0.000000 38.071035 -0.440156 0.897921 0.000000 -9.047430 0.000000 0.000000 1.000000 0.000000
0.896252 0.443546 0.000000 38.521350 -0.443546 0.896252 0.000000 -9.278043 0.000000 0.000000 1.000000 0.000000
0.895810 0.444437 0.000000 38.971379 -0.444437 0.895810 0.000000 -9.497518 0.000000 0.000000 1.000000 0.000000
0.893701 0.448664 0.000000 39.403250 -0.448664 0.893701 0.000000 -9.710743 0.000000 0.000000 1.000000 0.000000
0.892350 0.451344 0.000000 39.842277 -0.451344 0.892350 0.000000 -9.930442 0.000000 0.000000 1.000000 0.000000
0.890650 0.454690 0.000000 40.243269 -0.454690 0.890650 0.000000 -10.142250 0.000000 0.000000 1.000000 0.000000
0.890628 0.454732 0.000000 40.667107 -0.454732 0.890628 0.000000 -10.378319 0.000000 0.000000 1.000000 0.000000
0.888816 0.458265 0.000000 41.066232 -0.458265 0.888816 0.000000 -10.580413 0.000000 0.000000 1.000000 0.000000
0.887788 0.460252 0.000000 41.488300 -0.460252 0.887788 0.000000 -10.808222 0.000000 0.000000 1.000000 0.000000
0.887249 0.461291 0.000000 41.893387 -0.461291 0.887249 0.000000 -11.020600 0.000000 0.000000 1.000000 0.000000
0.884872 0.465834 0.000000 42.285743 -0.465834 0.884872 0.000000 -11.235876 0.000000 0.000000 1.000000 0.000000
0.884611 0.466329 0.000000 42.679869 -0.466329 0.884611 0.000000 -11.445038 0.000000 0.000000 1.000000 0.000000
0.879447 0.475996 0.000000 43.076981 -0.475996 0.879447 0.000000 -11.638022 0.000000 0.000000 1.000000 0.000000
0.876674 0.481084 0.000000 43.457580 -0.481084 0.876674 0.000000 -11.844609 0.000000 0.000000 1.000000 0.000000
0.874747 0.484580 0.000000 43.823677 -0.484580 0.874747 0.000000 -12.047681 0.000000 0.000000 1.000000 0.000000
0.872265 0.489034 0.000000 44.207067 -0.489034 0.872265 0.000000 -12.258880 0.000000 0.000000 1.000000 0.000000
0.868272 0.496089 0.000000 44.749601 -0.496089 0.868272 0.000000 -12.578444 0.000000 0.000000 1.000000 0.000000
0.863571 0.504227 0.000000 45.134994 -0.504227 0.863571 0.000000 -12.815369 0.000000 0.000000 1.000000 0.000000
0.858387 0.513002 0.000000 45.493086 -0.513002 0.858387 0.000000 -13.031098 0.000000 0.000000 1.000000 0.000000
0.855324 0.518094 0.000000 45.849414 -0.518094 0.855324 0.000000 -13.250631 0.000000 0.000000 1.000000 0.000000
0.852465 0.522784 0.000000 46.195189 -0.522784 0.852465 0.000000 -13.464635 0.000000 0.000000 1.000000 0.000000
0.848530 0.529147 0.000000 46.537529 -0.529147 0.848530 0.000000 -13.676817 0.000000 0.000000 1.000000 0.000000
0.845697 0.533663 0.000000 46.867896 -0.533663 0.845697 0.000000 -13.889390 0.000000 0.000000 1.000000 0.000000
0.842368 0.538903 0.000000 47.199639 -0.538903 0.842368 0.000000 -14.102160 0.000000 0.000000 1.000000 0.000000
0.840291 0.542136 0.000000 47.520244 -0.542136 0.840291 0.000000 -14.315980 0.000000 0.000000 1.000000 0.000000
0.838632 0.544699 0.000000 47.839157 -0.544699 0.838632 0.000000 -14.531477 0.000000 0.000000 1.000000 0.000000
0.836420 0.548089 0.000000 48.144526 -0.548089 0.836420 0.000000 -14.742190 0.000000 0.000000 1.000000 0.000000
0.833910 0.551900 0.000000 48.757242 -0.551900 0.833910 0.000000 -15.169466 0.000000 0.000000 1.000000 0.000000
0.832926 0.553384 0.000000 49.046793 -0.553384 0.832926 0.000000 -15.370839 0.000000 0.000000 1.000000 0.000000
0.832180 0.554505 0.000000 49.319166 -0.554505 0.832180 0.000000 -15.559419 0.000000 0.000000 1.000000 0.000000
0.832011 0.554759 0.000000 49.589522 -0.554759 0.832011 0.000000 -15.742540 0.000000 0.000000 1.000000 0.000000
0.832048 0.554703 0.000000 49.869511 -0.554703 0.832048 0.000000 -15.942858 0.000000 0.000000 1.000000 0.000000
0.830431 0.557121 0.000000 50.127849 -0.557121 0.830431 0.000000 -16.115340 0.000000 0.000000 1.000000 0.000000
0.829277 0.558837 0.000000 50.402813 -0.558837 0.829277 0.000000 -16.304328 0.000000 0.000000 1.000000 0.000000
0.828361 0.560195 0.000000 50.653165 -0.560195 0.828361 0.000000 -16.480400 0.000000 0.000000 1.000000 0.000000
0.828202 0.560429 0.000000 50.922922 -0.560429 0.828202 0.000000 -16.657934 0.000000 0.000000 1.000000 0.000000
0.828316 0.560261 0.000000 51.164898 -0.560261 0.828316 0.000000 -16.827114 0.000000 0.000000 1.000000 0.000000
0.826168 0.563424 0.000000 51.406897 -0.563424 0.826168 0.000000 -16.983157 0.000000 0.000000 1.000000 0.000000
0.824612 0.565698 0.000000 51.662193 -0.565698 0.824612 0.000000 -17.150303 0.000000 0.000000 1.000000 0.000000
0.821119 0.570756 0.000000 52.022448 -0.570756 0.821119 0.000000 -17.395636 0.000000 0.000000 1.000000 0.000000
0.819625 0.572900 0.000000 52.289337 -0.572900 0.819625 0.000000 -17.564511 0.000000 0.000000 1.000000 0.000000
0.815451 0.578826 0.000000 52.530561 -0.578826 0.815451 0.000000 -17.723930 0.000000 0.000000 1.000000 0.000000
0.812376 0.583134 0.000000 52.768735 -0.583134 0.812376 0.000000 -17.878937 0.000000 0.000000 1.000000 0.000000
0.808821 0.588054 0.000000 52.998550 -0.588054 0.808821 0.000000 -18.030291 0.000000 0.000000 1.000000 0.000000
0.805737 0.592274 0.000000 53.220496 -0.592274 0.805737 0.000000 -18.185493 0.000000 0.000000 1.000000 0.000000
0.805142 0.593081 0.000000 53.436736 -0.593081 0.805142 0.000000 -18.347646 0.000000 0.000000 1.000000 0.000000
0.804609 0.593805 0.000000 53.647893 -0.593805 0.804609 0.000000 -18.507682 0.000000 0.000000 1.000000 0.000000
0.806658 0.591018 0.000000 53.858968 -0.591018 0.806658 0.000000 -18.668122 0.000000 0.000000 1.000000 0.000000
0.805305 0.592861 0.000000 54.055709 -0.592861 0.805305 0.000000 -18.825576 0.000000 0.000000 1.000000 0.000000
0.801173 0.598433 0.000000 54.444988 -0.598433 0.801173 0.000000 -19.118163 0.000000 0.000000 1.000000 0.000000
0.797413 0.603434 0.000000 54.627860 -0.603434 0.797413 0.000000 -19.240407 0.000000 0.000000 1.000000 0.000000
0.796551 0.604572 0.000000 54.795852 -0.604572 0.796551 0.000000 -19.377724 0.000000 0.000000 1.000000 0.000000
0.796930 0.604072 0.000000 54.965213 -0.604072 0.796930 0.000000 -19.523416 0.000000 0.000000 1.000000 0.000000
0.796026 0.605263 0.000000 55.120822 -0.605263 0.796026 0.000000 -19.649160 0.000000 0.000000 1.000000 0.000000
0.794834 0.606827 0.000000 55.271924 -0.606827 0.794834 0.000000 -19.770520 0.000000 0.000000 1.000000 0.000000
0.794637 0.607085 0.000000 55.435632 -0.607085 0.794637 0.000000 -19.903908 0.000000 0.000000 1.000000 0.000000
0.793657 0.608366 0.000000 55.582792 -0.608366 0.793657 0.000000 -20.024619 0.000000 0.000000 1.000000 0.000000
0.791942 0.610597 0.000000 55.748381 -0.610597 0.791942 0.000000 -20.150246 0.000000 0.000000 1.000000 0.000000
0.788173 0.615453 0.000000 56.058815 -0.615453 0.788173 0.000000 -20.391420 0.000000 0.000000 1.000000 0.000000
0.786670 0.617374 0.000000 56.207678 -0.617374 0.786670 0.000000 -20.503207 0.000000 0.000000 1.000000 0.000000
0.785882 0.618377 0.000000 56.353687 -0.618377 0.785882 0.000000 -20.615617 0.000000 0.000000 1.000000 0.000000
0.784126 0.620602 0.000000 56.600859 -0.620602 0.784126 0.000000 -20.801576 0.000000 0.000000 1.000000 0.000000
0.782871 0.622184 0.000000 56.751664 -0.622184 0.782871 0.000000 -20.926083 0.000000 0.000000 1.000000 0.000000
0.780562 0.625079 0.000000 56.905101 -0.625079 0.780562 0.000000 -21.044814 0.000000 0.000000 1.000000 0.000000
0.778601 0.627519 0.000000 57.058965 -0.627519 0.778601 0.000000 -21.166678 0.000000 0.000000 1.000000 0.000000
0.779324 0.626622 0.000000 57.212775 -0.626622 0.779324 0.000000 -21.285963 0.000000 0.000000 1.000000 0.000000
0.777873 0.628421 0.000000 57.363646 -0.628421 0.777873 0.000000 -21.408687 0.000000 0.000000 1.000000 0.000000
0.776605 0.629988 0.000000 57.515158 -0.629988 0.776605 0.000000 -21.533775 0.000000 0.000000 1.000000 0.000000
0.773469 0.633834 0.000000 57.828874 -0.633834 0.773469 0.000000 -21.796727 0.000000 0.000000 1.000000 0.000000
0.771314 0.636454 0.000000 57.989440 -0.636454 0.771314 0.000000 -21.928685 0.000000 0.000000 1.000000 0.000000
0.769491 0.638657 0.000000 58.152989 -0.638657 0.769491 0.000000 -22.062629 0.000000 0.000000 1.000000 0.000000
0.767201 0.641406 0.000000 58.311302 -0.641406 0.767201 0.000000 -22.192836 0.000000 0.000000 1.000000 0.000000
0.764959 0.644079 0.000000 58.476700 -0.644079 0.764959 0.000000 -22.331458 0.000000 0.000000 1.000000 0.000000
0.763754 0.645507 0.000000 58.635141 -0.645507 0.763754 0.000000 -22.469336 0.000000 0.000000 1.000000 0.000000
0.761717 0.647910 0.000000 58.792430 -0.647910 0.761717 0.000000 -22.601753 0.000000 0.000000 1.000000 0.000000
0.759674 0.650304 0.000000 58.965687 -0.650304 0.759674 0.000000 -22.753901 0.000000 0.000000 1.000000 0.000000
0.756561 0.653923 0.000000 59.132793 -0.653923 0.756561 0.000000 -22.891549 0.000000 0.000000 1.000000 0.000000
0.752508 0.658583 0.000000 59.307493 -0.658583 0.752508 0.000000 -23.027961 0.000000 0.000000 1.000000 0.000000
0.748513 0.663121 0.000000 59.486547 -0.663121 0.748513 0.000000 -23.183816 0.000000 0.000000 1.000000 0.000000
0.746178 0.665747 0.000000 59.655617 -0.665747 0.746178 0.000000 -23.334166 0.000000 0.000000 1.000000 0.000000
0.743865 0.668330 0.000000 59.843295 -0.668330 0.743865 0.000000 -23.499085 0.000000 0.000000 1.000000 0.000000
0.741994 0.670406 0.000000 60.017692 -0.670406 0.741994 0.000000 -23.657115 0.000000 0.000000 1.000000 0.000000
0.738346 0.674422 0.000000 60.213361 -0.674422 0.738346 0.000000 -23.821863 0.000000 0.000000 1.000000 0.000000
0.735887 0.677105 0.000000 60.391209 -0.677105 0.735887 0.000000 -23.988413 0.000000 0.000000 1.000000 0.000000
0.730471 0.682944 0.000000 60.667163 -0.682944 0.730471 0.000000 -24.239101 0.000000 0.000000 1.000000 0.000000
0.728712 0.684821 0.000000 60.847021 -0.684821 0.728712 0.000000 -24.405461 0.000000 0.000000 1.000000 0.000000
0.727006 0.686631 0.000000 61.039946 -0.686631 0.727006 0.000000 -24.589299 0.000000 0.000000 1.000000 0.000000
0.725334 0.688398 0.000000 61.220652 -0.688398 0.725334 0.000000 -24.766513 0.000000 0.000000 1.000000 0.000000
0.721336 0.692586 0.000000 61.598733 -0.692586 0.721336 0.000000 -25.146225 0.000000 0.000000 1.000000 0.000000
0.719465 0.694529 0.000000 61.783071 -0.694529 0.719465 0.000000 -25.331859 0.000000 0.000000 1.000000 0.000000
0.717671 0.696382 0.000000 61.960845 -0.696382 0.717671 0.000000 -25.511707 0.000000 0.000000 1.000000 0.000000
0.716182 0.697914 0.000000 62.152301 -0.697914 0.716182 0.000000 -25.702126 0.000000 0.000000 1.000000 0.000000
0.713335 0.700823 0.000000 62.422705 -0.700823 0.713335 0.000000 -25.951624 0.000000 0.000000 1.000000 0.000000
0.708302 0.705910 0.000000 62.617412 -0.705910 0.708302 0.000000 -26.133152 0.000000 0.000000 1.000000 0.000000
0.704773 0.709433 0.000000 62.803122 -0.709433 0.704773 0.000000 -26.311173 0.000000 0.000000 1.000000 0.000000
0.700655 0.713501 0.000000 62.988795 -0.713501 0.700655 0.000000 -26.500246 0.000000 0.000000 1.000000 0.000000
0.697941 0.716155 0.000000 63.160640 -0.716155 0.697941 0.000000 -26.675577 0.000000 0.000000 1.000000 0.000000
0.695890 0.718148 0.000000 63.332429 -0.718148 0.695890 0.000000 -26.849942 0.000000 0.000000 1.000000 0.000000
0.693080 0.720861 0.000000 63.513378 -0.720861 0.693080 0.000000 -27.038414 0.000000 0.000000 1.000000 0.000000
0.691973 0.721923 0.000000 63.682019 -0.721923 0.691973 0.000000 -27.220307 0.000000 0.000000 1.000000 0.000000
0.690087 0.723726 0.000000 63.846364 -0.723726 0.690087 0.000000 -27.403507 0.000000 0.000000 1.000000 0.000000
0.687625 0.726066 0.000000 64.023309 -0.726066 0.687625 0.000000 -27.593510 0.000000 0.000000 1.000000 0.000000
0.687552 0.726135 0.000000 64.185509 -0.726135 0.687552 0.000000 -27.770837 0.000000 0.000000 1.000000 0.000000
0.688332 0.725396 0.000000 64.407241 -0.725396 0.688332 0.000000 -28.023796 0.000000 0.000000 1.000000 0.000000
0.687932 0.725775 0.000000 64.586440 -0.725775 0.687932 0.000000 -28.224078 0.000000 0.000000 1.000000 0.000000
0.687476 0.726207 0.000000 64.753743 -0.726207 0.687476 0.000000 -28.412863 0.000000 0.000000 1.000000 0.000000
0.688159 0.725560 0.000000 64.916102 -0.725560 0.688159 0.000000 -28.603831 0.000000 0.000000 1.000000 0.000000
0.686669 0.726970 0.000000 65.082349 -0.726970 0.686669 0.000000 -28.790407 0.000000 0.000000 1.000000 0.000000
0.686272 0.727345 0.000000 65.246630 -0.727345 0.686272 0.000000 -28.973637 0.000000 0.000000 1.000000 0.000000
0.689954 0.723854 0.000000 65.403237 -0.723854 0.689954 0.000000 -29.159017 0.000000 0.000000 1.000000 0.000000
0.690133 0.723682 0.000000 65.573282 -0.723682 0.690133 0.000000 -29.331414 0.000000 0.000000 1.000000 0.000000
0.692193 0.721712 0.000000 65.741260 -0.721712 0.692193 0.000000 -29.509058 0.000000 0.000000 1.000000 0.000000
0.692873 0.721059 0.000000 65.892260 -0.721059 0.692873 0.000000 -29.672913 0.000000 0.000000 1.000000 0.000000
0.693529 0.720428 0.000000 66.206420 -0.720428 0.693529 0.000000 -30.012965 0.000000 0.000000 1.000000 0.000000
0.693740 0.720225 0.000000 66.361483 -0.720225 0.693740 0.000000 -30.184802 0.000000 0.000000 1.000000 0.000000
0.696112 0.717933 0.000000 66.517547 -0.717933 0.696112 0.000000 -30.353826 0.000000 0.000000 1.000000 0.000000
0.698022 0.716077 0.000000 66.657136 -0.716077 0.698022 0.000000 -30.509297 0.000000 0.000000 1.000000 0.000000
0.699389 0.714741 0.000000 66.809897 -0.714741 0.699389 0.000000 -30.666670 0.000000 0.000000 1.000000 0.000000
0.700307 0.713842 0.000000 66.954780 -0.713842 0.700307 0.000000 -30.819357 0.000000 0.000000 1.000000 0.000000
0.700547 0.713606 0.000000 67.107825 -0.713606 0.700547 0.000000 -30.974527 0.000000 0.000000 1.000000 0.000000
0.701781 0.712393 0.000000 67.365508 -0.712393 0.701781 0.000000 -31.237620 0.000000 0.000000 1.000000 0.000000
0.703364 0.710830 0.000000 67.508782 -0.710830 0.703364 0.000000 -31.389483 0.000000 0.000000 1.000000 0.000000
0.705829 0.708383 0.000000 67.649001 -0.708383 0.705829 0.000000 -31.540185 0.000000 0.000000 1.000000 0.000000
0.706114 0.708098 0.000000 67.791208 -0.708098 0.706114 0.000000 -31.685037 0.000000 0.000000 1.000000 0.000000
0.708637 0.705574 0.000000 67.933344 -0.705574 0.708637 0.000000 -31.829190 0.000000 0.000000 1.000000 0.000000
0.711089 0.703102 0.000000 68.073230 -0.703102 0.711089 0.000000 -31.976620 0.000000 0.000000 1.000000 0.000000
0.716453 0.697636 0.000000 68.347483 -0.697636 0.716453 0.000000 -32.255542 0.000000 0.000000 1.000000 0.000000
0.719615 0.694373 0.000000 68.471215 -0.694373 0.719615 0.000000 -32.377246 0.000000 0.000000 1.000000 0.000000
0.722702 0.691159 0.000000 68.594959 -0.691159 0.722702 0.000000 -32.499233 0.000000 0.000000 1.000000 0.000000
0.728636 0.684901 0.000000 68.813021 -0.684901 0.728636 0.000000 -32.712909 0.000000 0.000000 1.000000 0.000000
0.732764 0.680483 0.000000 69.104436 -0.680483 0.732764 0.000000 -32.978034 0.000000 0.000000 1.000000 0.000000
0.739394 0.673273 0.000000 69.272963 -0.673273 0.739394 0.000000 -33.137141 0.000000 0.000000 1.000000 0.000000
0.742265 0.670107 0.000000 69.383124 -0.670107 0.742265 0.000000 -33.232080 0.000000 0.000000 1.000000 0.000000
0.751065 0.660228 0.000000 69.595610 -0.660228 0.751065 0.000000 -33.429272 0.000000 0.000000 1.000000 0.000000
0.755158 0.655542 0.000000 69.699911 -0.655542 0.755158 0.000000 -33.523881 0.000000 0.000000 1.000000 0.000000
0.758931 0.651171 0.000000 69.795647 -0.651171 0.758931 0.000000 -33.607227 0.000000 0.000000 1.000000 0.000000
0.761935 0.647653 0.000000 69.895423 -0.647653 0.761935 0.000000 -33.691059 0.000000 0.000000 1.000000 0.000000
0.766931 0.641730 0.000000 70.045752 -0.641730 0.766931 0.000000 -33.815759 0.000000 0.000000 1.000000 0.000000
0.773616 0.633654 0.000000 70.232322 -0.633654 0.773616 0.000000 -33.970980 0.000000 0.000000 1.000000 0.000000
0.777350 0.629068 0.000000 70.323243 -0.629068 0.777350 0.000000 -34.041260 0.000000 0.000000 1.000000 0.000000
0.781122 0.624378 0.000000 70.414149 -0.624378 0.781122 0.000000 -34.108756 0.000000 0.000000 1.000000 0.000000
0.784871 0.619659 0.000000 70.498234 -0.619659 0.784871 0.000000 -34.174272 0.000000 0.000000 1.000000 0.000000
0.788682 0.614801 0.000000 70.586031 -0.614801 0.788682 0.000000 -34.240706 0.000000 0.000000 1.000000 0.000000
0.791212 0.611541 0.000000 70.665688 -0.611541 0.791212 0.000000 -34.295148 0.000000 0.000000 1.000000 0.000000
0.798361 0.602179 0.000000 70.817559 -0.602179 0.798361 0.000000 -34.412054 0.000000 0.000000 1.000000 0.000000
0.800729 0.599027 0.000000 70.886025 -0.599027 0.800729 0.000000 -34.457192 0.000000 0.000000 1.000000 0.000000
0.803512 0.595288 0.000000 70.950928 -0.595288 0.803512 0.000000 -34.503450 0.000000 0.000000 1.000000 0.000000
0.805165 0.593051 0.000000 71.011201 -0.593051 0.805165 0.000000 -34.542717 0.000000 0.000000 1.000000 0.000000
0.808602 0.588356 0.000000 71.068120 -0.588356 0.808602 0.000000 -34.584311 0.000000 0.000000 1.000000 0.000000
0.810352 0.585944 0.000000 71.114647 -0.585944 0.810352 0.000000 -34.614772 0.000000 0.000000 1.000000 0.000000
0.812095 0.583525 0.000000 71.158620 -0.583525 0.812095 0.000000 -34.646497 0.000000 0.000000 1.000000 0.000000
0.813571 0.581466 0.000000 71.228220 -0.581466 0.813571 0.000000 -34.688962 0.000000 0.000000 1.000000 0.000000
0.814983 0.579485 0.000000 71.260721 -0.579485 0.814983 0.000000 -34.708825 0.000000 0.000000 1.000000 0.000000
0.815551 0.578685 0.000000 71.292340 -0.578685 0.815551 0.000000 -34.726141 0.000000 0.000000 1.000000 0.000000
0.816145 0.577848 0.000000 71.318862 -0.577848 0.816145 0.000000 -34.741191 0.000000 0.000000 1.000000 0.000000
0.817245 0.576291 0.000000 71.342795 -0.576291 0.817245 0.000000 -34.757593 0.000000 0.000000 1.000000 0.000000
0.818211 0.574919 0.000000 71.361463 -0.574919 0.818211 0.000000 -34.769070 0.000000 0.000000 1.000000 0.000000
0.818548 0.574439 0.000000 71.379010 -0.574439 0.818548 0.000000 -34.779408 0.000000 0.000000 1.000000 0.000000
0.818747 0.574155 0.000000 71.392002 -0.574155 0.818747 0.000000 -34.786923 0.000000 0.000000 1.000000 0.000000
0.820373 0.571828 0.000000 71.402484 -0.571828 0.820373 0.000000 -34.801977 0.000000 0.000000 1.000000 0.000000
0.819799 0.572651 0.000000 71.407659 -0.572651 0.819799 0.000000 -34.797290 0.000000 0.000000 1.000000 0.000000
0.820710 0.571345 0.000000 71.410107 -0.571345 0.820710 0.000000 -34.798195 0.000000 0.000000 1.000000 0.000000
0.820650 0.571431 0.000000 71.409701 -0.571431 0.820650 0.000000 -34.794421 0.000000 0.000000 1.000000 0.000000
0.819911 0.572491 0.000000 71.411762 -0.572491 0.819911 0.000000 -34.789183 0.000000 0.000000 1.000000 0.000000
0.819810 0.572636 0.000000 71.409935 -0.572636 0.819810 0.000000 -34.785989 0.000000 0.000000 1.000000 0.000000
0.819593 0.572946 0.000000 71.410450 -0.572946 0.819593 0.000000 -34.783872 0.000000 0.000000 1.000000 0.000000
0.820579 0.571532 0.000000 71.409486 -0.571532 0.820579 0.000000 -34.786345 0.000000 0.000000 1.000000 0.000000
0.820605 0.571496 0.000000 71.409307 -0.571496 0.820605 0.000000 -34.787018 0.000000 0.000000 1.000000 0.000000
0.819855 0.572571 0.000000 71.410837 -0.572571 0.819855 0.000000 -34.784215 0.000000 0.000000 1.000000 0.000000
0.819705 0.572787 0.000000 71.411838 -0.572787 0.819705 0.000000 -34.784186 0.000000 0.000000 1.000000 0.000000
0.819782 0.572676 0.000000 71.412293 -0.572676 0.819782 0.000000 -34.783776 0.000000 0.000000 1.000000 0.000000
0.819703 0.572789 0.000000 71.412831 -0.572789 0.819703 0.000000 -34.782995 0.000000 0.000000 1.000000 0.000000
0.819662 0.572847 0.000000 71.413143 -0.572847 0.819662 0.000000 -34.781676 0.000000 0.000000 1.000000 0.000000
0.819573 0.572974 0.000000 71.413741 -0.572974 0.819573 0.000000 -34.779687 0.000000 0.000000 1.000000 0.000000
0.819427 0.573184 0.000000 71.414657 -0.573184 0.819427 0.000000 -34.777009 0.000000 0.000000 1.000000 0.000000
0.819381 0.573250 0.000000 71.414917 -0.573250 0.819381 0.000000 -34.776125 0.000000 0.000000 1.000000 0.000000
0.819393 0.573232 0.000000 71.415169 -0.573232 0.819393 0.000000 -34.775870 0.000000 0.000000 1.000000 0.000000
0.819410 0.573207 0.000000 71.415582 -0.573207 0.819410 0.000000 -34.775509 0.000000 0.000000 1.000000 0.000000
0.819402 0.573219 0.000000 71.415943 -0.573219 0.819402 0.000000 -34.775351 0.000000 0.000000 1.000000 0.000000
0.819408 0.573211 0.000000 71.416273 -0.573211 0.819408 0.000000 -34.775728 0.000000 0.000000 1.000000 0.000000
0.819394 0.573231 0.000000 71.416387 -0.573231 0.819394 0.000000 -34.776247 0.000000 0.000000 1.000000 0.000000
0.819362 0.573277 0.000000 71.416774 -0.573277 0.819362 0.000000 -34.776651 0.000000 0.000000 1.000000 0.000000
0.819323 0.573332 0.000000 71.417022 -0.573332 0.819323 0.000000 -34.777231 0.000000 0.000000 1.000000 0.000000
0.819161 0.573564 0.000000 71.417625 -0.573564 0.819161 0.000000 -34.778048 0.000000 0.000000 1.000000 0.000000
0.819062 0.573705 0.000000 71.417904 -0.573705 0.819062 0.000000 -34.778540 0.000000 0.000000 1.000000 0.000000
0.819010 0.573779 0.000000 71.418265 -0.573779 0.819010 0.000000 -34.778458 0.000000 0.000000 1.000000 0.000000
0.818995 0.573800 0.000000 71.418907 -0.573800 0.818995 0.000000 -34.778814 0.000000 0.000000 1.000000 0.000000
0.819029 0.573752 0.000000 71.419084 -0.573752 0.819029 0.000000 -34.778866 0.000000 0.000000 1.000000 0.000000
0.819035 0.573744 0.000000 71.419561 -0.573744 0.819035 0.000000 -34.778683 0.000000 0.000000 1.000000 0.000000
0.819020 0.573765 0.000000 71.419751 -0.573765 0.819020 0.000000 -34.778426 0.000000 0.000000 1.000000 0.000000
0.819027 0.573755 0.000000 71.419717 -0.573755 0.819027 0.000000 -34.778215 0.000000 0.000000 1.000000 0.000000
0.819028 0.573754 0.000000 71.419765 -0.573754 0.819028 0.000000 -34.777848 0.000000 0.000000 1.000000 0.000000
0.818992 0.573804 0.000000 71.419989 -0.573804 0.818992 0.000000 -34.777427 0.000000 0.000000 1.000000 0.000000
0.819030 0.573751 0.000000 71.419947 -0.573751 0.819030 0.000000 -34.777142 0.000000 0.000000 1.000000 0.000000
0.819029 0.573752 0.000000 71.419852 -0.573752 0.819029 0.000000 -34.776876 0.000000 0.000000 1.000000 0.000000
0.819035 0.573743 0.000000 71.419795 -0.573743 0.819035 0.000000 -34.776333 0.000000 0.000000 1.000000 0.000000
0.819061 0.573706 0.000000 71.419389 -0.573706 0.819061 0.000000 -34.775666 0.000000 0.000000 1.000000 0.000000
0.819185 0.573530 0.000000 71.418726 -0.573530 0.819185 0.000000 -34.775154 0.000000 0.000000 1.000000 0.000000
0.819567 0.572983 0.000000 71.417125 -0.572983 0.819567 0.000000 -34.774468 0.000000 0.000000 1.000000 0.000000
0.819500 0.573079 0.000000 71.416868 -0.573079 0.819500 0.000000 -34.773858 0.000000 0.000000 1.000000 0.000000
0.819443 0.573161 0.000000 71.416661 -0.573161 0.819443 0.000000 -34.773185 0.000000 0.000000 1.000000 0.000000
0.819418 0.573196 0.000000 71.416525 -0.573196 0.819418 0.000000 -34.772884 0.000000 0.000000 1.000000 0.000000
0.819477 0.573112 0.000000 71.416097 -0.573112 0.819477 0.000000 -34.772995 0.000000 0.000000 1.000000 0.000000
0.819588 0.572953 0.000000 71.415534 -0.572953 0.819588 0.000000 -34.773049 0.000000 0.000000 1.000000 0.000000
0.819550 0.573007 0.000000 71.415268 -0.573007 0.819550 0.000000 -34.772699 0.000000 0.000000 1.000000 0.000000
0.819380 0.573250 0.000000 71.415124 -0.573250 0.819380 0.000000 -34.772559 0.000000 0.000000 1.000000 0.000000
0.818842 0.574019 0.000000 71.415357 -0.574019 0.818842 0.000000 -34.771700 0.000000 0.000000 1.000000 0.000000
0.818453 0.574573 0.000000 71.415118 -0.574573 0.818453 0.000000 -34.771787 0.000000 0.000000 1.000000 0.000000
0.817224 0.576321 0.000000 71.416667 -0.576321 0.817224 0.000000 -34.770421 0.000000 0.000000 1.000000 0.000000
0.817244 0.576292 0.000000 71.415871 -0.576292 0.817244 0.000000 -34.771972 0.000000 0.000000 1.000000 0.000000
0.817348 0.576145 0.000000 71.416902 -0.576145 0.817348 0.000000 -34.775512 0.000000 0.000000 1.000000 0.000000
0.817663 0.575697 0.000000 71.415072 -0.575697 0.817663 0.000000 -34.779158 0.000000 0.000000 1.000000 0.000000
0.818620 0.574335 0.000000 71.411441 -0.574335 0.818620 0.000000 -34.782832 0.000000 0.000000 1.000000 0.000000
0.819379 0.573252 0.000000 71.410453 -0.573252 0.819379 0.000000 -34.786559 0.000000 0.000000 1.000000 0.000000
0.819981 0.572391 0.000000 71.409904 -0.572391 0.819981 0.000000 -34.790176 0.000000 0.000000 1.000000 0.000000
0.820301 0.571932 0.000000 71.408500 -0.571932 0.820301 0.000000 -34.792508 0.000000 0.000000 1.000000 0.000000
0.820443 0.571728 0.000000 71.408399 -0.571728 0.820443 0.000000 -34.793468 0.000000 0.000000 1.000000 0.000000
0.820652 0.571428 0.000000 71.407193 -0.571428 0.820652 0.000000 -34.794088 0.000000 0.000000 1.000000 0.000000
0.820712 0.571342 0.000000 71.407128 -0.571342 0.820712 0.000000 -34.794308 0.000000 0.000000 1.000000 0.000000
0.820798 0.571218 0.000000 71.406833 -0.571218 0.820798 0.000000 -34.794076 0.000000 0.000000 1.000000 0.000000
0.820934 0.571023 0.000000 71.404901 -0.571023 0.820934 0.000000 -34.793931 0.000000 0.000000 1.000000 0.000000
0.821008 0.570917 0.000000 71.403134 -0.570917 0.821008 0.000000 -34.793888 0.000000 0.000000 1.000000 0.000000
0.821264 0.570549 0.000000 71.401127 -0.570549 0.821264 0.000000 -34.793966 0.000000 0.000000 1.000000 0.000000
0.821394 0.570361 0.000000 71.400135 -0.570361 0.821394 0.000000 -34.794103 0.000000 0.000000 1.000000 0.000000
0.821511 0.570193 0.000000 71.399224 -0.570193 0.821511 0.000000 -34.795008 0.000000 0.000000 1.000000 0.000000
0.821762 0.569831 0.000000 71.397825 -0.569831 0.821762 0.000000 -34.795935 0.000000 0.000000 1.000000 0.000000
0.822105 0.569336 0.000000 71.397544 -0.569336 0.822105 0.000000 -34.797162 0.000000 0.000000 1.000000 0.000000
0.822733 0.568429 0.000000 71.396401 -0.568429 0.822733 0.000000 -34.798772 0.000000 0.000000 1.000000 0.000000
0.823249 0.567681 0.000000 71.395974 -0.567681 0.823249 0.000000 -34.800183 0.000000 0.000000 1.000000 0.000000
0.822989 0.568057 0.000000 71.396502 -0.568057 0.822989 0.000000 -34.798519 0.000000 0.000000 1.000000 0.000000
0.821842 0.569716 0.000000 71.400235 -0.569716 0.821842 0.000000 -34.795477 0.000000 0.000000 1.000000 0.000000
0.819697 0.572797 0.000000 71.411260 -0.572797 0.819697 0.000000 -34.792340 0.000000 0.000000 1.000000 0.000000
0.818180 0.574962 0.000000 71.422202 -0.574962 0.818180 0.000000 -34.792120 0.000000 0.000000 1.000000 0.000000
0.816893 0.576789 0.000000 71.428903 -0.576789 0.816893 0.000000 -34.792080 0.000000 0.000000 1.000000 0.000000
0.815413 0.578880 0.000000 71.435575 -0.578880 0.815413 0.000000 -34.790437 0.000000 0.000000 1.000000 0.000000
0.814230 0.580543 0.000000 71.442293 -0.580543 0.814230 0.000000 -34.789807 0.000000 0.000000 1.000000 0.000000
0.813161 0.582039 0.000000 71.448747 -0.582039 0.813161 0.000000 -34.790170 0.000000 0.000000 1.000000 0.000000
0.812340 0.583184 0.000000 71.456119 -0.583184 0.812340 0.000000 -34.794122 0.000000 0.000000 1.000000 0.000000
0.812158 0.583437 0.000000 71.462922 -0.583437 0.812158 0.000000 -34.801619 0.000000 0.000000 1.000000 0.000000
0.812233 0.583334 0.000000 71.467311 -0.583334 0.812233 0.000000 -34.808621 0.000000 0.000000 1.000000 0.000000
0.812767 0.582589 0.000000 71.475867 -0.582589 0.812767 0.000000 -34.817863 0.000000 0.000000 1.000000 0.000000
0.813500 0.581566 0.000000 71.483226 -0.581566 0.813500 0.000000 -34.826503 0.000000 0.000000 1.000000 0.000000
0.814620 0.579995 0.000000 71.490893 -0.579995 0.814620 0.000000 -34.834936 0.000000 0.000000 1.000000 0.000000
0.815127 0.579282 0.000000 71.500954 -0.579282 0.815127 0.000000 -34.841648 0.000000 0.000000 1.000000 0.000000
0.815044 0.579399 0.000000 71.512817 -0.579399 0.815044 0.000000 -34.849186 0.000000 0.000000 1.000000 0.000000
0.814930 0.579559 0.000000 71.527186 -0.579559 0.814930 0.000000 -34.855307 0.000000 0.000000 1.000000 0.000000
0.814498 0.580166 0.000000 71.540846 -0.580166 0.814498 0.000000 -34.859654 0.000000 0.000000 1.000000 0.000000
0.814033 0.580818 0.000000 71.558405 -0.580818 0.814033 0.000000 -34.866167 0.000000 0.000000 1.000000 0.000000
0.813689 0.581301 0.000000 71.590086 -0.581301 0.813689 0.000000 -34.882933 0.000000 0.000000 1.000000 0.000000
0.814862 0.579656 0.000000 71.602233 -0.579656 0.814862 0.000000 -34.895120 0.000000 0.000000 1.000000 0.000000
0.815171 0.579221 0.000000 71.615031 -0.579221 0.815171 0.000000 -34.904007 0.000000 0.000000 1.000000 0.000000
0.816057 0.577971 0.000000 71.626831 -0.577971 0.816057 0.000000 -34.916523 0.000000 0.000000 1.000000 0.000000
0.816760 0.576978 0.000000 71.636731 -0.576978 0.816760 0.000000 -34.926713 0.000000 0.000000 1.000000 0.000000
0.818572 0.574404 0.000000 71.642905 -0.574404 0.818572 0.000000 -34.937995 0.000000 0.000000 1.000000 0.000000
0.819520 0.573051 0.000000 71.650985 -0.573051 0.819520 0.000000 -34.948915 0.000000 0.000000 1.000000 0.000000
0.819980 0.572392 0.000000 71.657743 -0.572392 0.819980 0.000000 -34.954003 0.000000 0.000000 1.000000 0.000000
0.820272 0.571974 0.000000 71.665235 -0.571974 0.820272 0.000000 -34.956752 0.000000 0.000000 1.000000 0.000000
0.819781 0.572677 0.000000 71.672332 -0.572677 0.819781 0.000000 -34.956720 0.000000 0.000000 1.000000 0.000000
0.819447 0.573154 0.000000 71.679931 -0.573154 0.819447 0.000000 -34.956038 0.000000 0.000000 1.000000 0.000000
0.818774 0.574115 0.000000 71.684113 -0.574115 0.818774 0.000000 -34.956083 0.000000 0.000000 1.000000 0.000000
0.818725 0.574186 0.000000 71.686832 -0.574186 0.818725 0.000000 -34.956182 0.000000 0.000000 1.000000 0.000000
0.818572 0.574404 0.000000 71.689390 -0.574404 0.818572 0.000000 -34.956200 0.000000 0.000000 1.000000 0.000000
0.818802 0.574076 0.000000 71.689487 -0.574076 0.818802 0.000000 -34.958852 0.000000 0.000000 1.000000 0.000000
0.819384 0.573245 0.000000 71.687787 -0.573245 0.819384 0.000000 -34.959683 0.000000 0.000000 1.000000 0.000000
0.819762 0.572705 0.000000 71.685834 -0.572705 0.819762 0.000000 -34.960008 0.000000 0.000000 1.000000 0.000000
0.819820 0.572621 0.000000 71.684730 -0.572621 0.819820 0.000000 -34.959264 0.000000 0.000000 1.000000 0.000000
0.819816 0.572627 0.000000 71.685441 -0.572627 0.819816 0.000000 -34.958279 0.000000 0.000000 1.000000 0.000000
0.820218 0.572050 0.000000 71.685721 -0.572050 0.820218 0.000000 -34.957165 0.000000 0.000000 1.000000 0.000000
0.820427 0.571751 0.000000 71.685238 -0.571751 0.820427 0.000000 -34.957431 0.000000 0.000000 1.000000 0.000000
0.821520 0.570180 0.000000 71.683406 -0.570180 0.821520 0.000000 -34.960681 0.000000 0.000000 1.000000 0.000000
0.821724 0.569885 0.000000 71.683243 -0.569885 0.821724 0.000000 -34.958773 0.000000 0.000000 1.000000 0.000000
0.822142 0.569283 0.000000 71.682220 -0.569283 0.822142 0.000000 -34.957558 0.000000 0.000000 1.000000 0.000000
0.822919 0.568159 0.000000 71.680101 -0.568159 0.822919 0.000000 -34.958225 0.000000 0.000000 1.000000 0.000000
0.823082 0.567923 0.000000 71.679526 -0.567923 0.823082 0.000000 -34.956284 0.000000 0.000000 1.000000 0.000000
0.823373 0.567501 0.000000 71.678936 -0.567501 0.823373 0.000000 -34.955188 0.000000 0.000000 1.000000 0.000000
0.823495 0.567324 0.000000 71.678776 -0.567324 0.823495 0.000000 -34.954102 0.000000 0.000000 1.000000 0.000000
0.823510 0.567302 0.000000 71.679032 -0.567302 0.823510 0.000000 -34.953217 0.000000 0.000000 1.000000 0.000000
0.823748 0.566956 0.000000 71.677682 -0.566956 0.823748 0.000000 -34.952163 0.000000 0.000000 1.000000 0.000000
0.823683 0.567051 0.000000 71.677112 -0.567051 0.823683 0.000000 -34.950736 0.000000 0.000000 1.000000 0.000000
0.824530 0.565819 0.000000 71.674939 -0.565819 0.824530 0.000000 -34.952677 0.000000 0.000000 1.000000 0.000000
0.824818 0.565398 0.000000 71.673049 -0.565398 0.824818 0.000000 -34.953470 0.000000 0.000000 1.000000 0.000000
0.825216 0.564818 0.000000 71.671370 -0.564818 0.825216 0.000000 -34.953849 0.000000 0.000000 1.000000 0.000000
0.825621 0.564226 0.000000 71.669184 -0.564226 0.825621 0.000000 -34.954449 0.000000 0.000000 1.000000 0.000000
0.825719 0.564081 0.000000 71.668863 -0.564081 0.825719 0.000000 -34.955033 0.000000 0.000000 1.000000 0.000000
0.825622 0.564224 0.000000 71.669715 -0.564224 0.825622 0.000000 -34.955315 0.000000 0.000000 1.000000 0.000000
0.824271 0.566196 0.000000 71.675680 -0.566196 0.824271 0.000000 -34.951966 0.000000 0.000000 1.000000 0.000000
0.822423 0.568877 0.000000 71.684503 -0.568877 0.822423 0.000000 -34.947617 0.000000 0.000000 1.000000 0.000000
0.821491 0.570222 0.000000 71.694265 -0.570222 0.821491 0.000000 -34.947827 0.000000 0.000000 1.000000 0.000000
0.821449 0.570282 0.000000 71.704851 -0.570282 0.821449 0.000000 -34.953717 0.000000 0.000000 1.000000 0.000000
0.821698 0.569923 0.000000 71.717170 -0.569923 0.821698 0.000000 -34.960118 0.000000 0.000000 1.000000 0.000000
