0.999998 0.001535 0.001198 0.593403 -0.001534 0.999999 -0.000285 -0.003210 -0.001199 0.000283 0.999999 0.019452
0.999994 0.001935 0.002886 1.186956 -0.001932 0.999998 -0.001007 -0.005114 -0.002888 0.001002 0.999995 0.038886
0.999986 0.003304 0.004043 1.736492 -0.003298 0.999993 -0.001469 -0.008146 -0.004048 0.001456 0.999991 0.056901
0.999970 0.006330 0.004430 2.343088 -0.006322 0.999978 -0.001879 -0.012438 -0.004442 0.001851 0.999988 0.076804
0.999961 0.007655 0.004336 2.903745 -0.007647 0.999969 -0.001937 -0.019393 -0.004351 0.001904 0.999989 0.095253
0.999958 0.007982 0.004519 3.490961 -0.007971 0.999965 -0.002340 -0.026821 -0.004538 0.002304 0.999987 0.114578
0.999949 0.008688 0.005199 4.051649 -0.008674 0.999959 -0.002755 -0.035286 -0.005222 0.002710 0.999983 0.133055
0.999938 0.009143 0.006298 4.621545 -0.009129 0.999956 -0.002149 -0.043896 -0.006318 0.002091 0.999978 0.151835
0.999915 0.010469 0.007731 5.201184 -0.010457 0.999944 -0.001576 -0.052757 -0.007747 0.001495 0.999969 0.170938
0.999878 0.012660 0.009162 5.966421 -0.012658 0.999920 -0.000222 -0.067029 -0.009164 0.000106 0.999958 0.196204
0.999858 0.013856 0.009598 6.599694 -0.013858 0.999904 0.000112 -0.078970 -0.009595 -0.000244 0.999954 0.217116
0.999838 0.015386 0.009342 7.148492 -0.015381 0.999881 -0.000648 -0.090678 -0.009351 0.000504 0.999956 0.235262
0.999834 0.016051 0.008623 7.761867 -0.016044 0.999871 -0.000885 -0.102227 -0.008636 0.000746 0.999962 0.255516
0.999814 0.017341 0.008408 8.345917 -0.017338 0.999850 -0.000506 -0.116843 -0.008415 0.000360 0.999965 0.274866
0.999764 0.018931 0.010639 8.936788 -0.018939 0.999820 0.000662 -0.132127 -0.010624 -0.000864 0.999943 0.294451
0.999665 0.021113 0.014962 9.513491 -0.021128 0.999776 0.000821 -0.146470 -0.014941 -0.001137 0.999888 0.313557
0.999576 0.021840 0.019244 10.083533 -0.021881 0.999759 0.001952 -0.159340 -0.019196 -0.002373 0.999813 0.332418
0.999528 0.023098 0.020246 10.653998 -0.023155 0.999729 0.002585 -0.172601 -0.020180 -0.003053 0.999792 0.351300
0.999575 0.023591 0.017152 11.240270 -0.023638 0.999717 0.002539 -0.185851 -0.017088 -0.002943 0.999850 0.370699
0.999631 0.024867 0.010948 11.821922 -0.024893 0.999688 0.002245 -0.200488 -0.010889 -0.002517 0.999938 0.389971
0.999623 0.027216 0.003553 12.395852 -0.027219 0.999629 0.000532 -0.218117 -0.003538 -0.000628 0.999994 0.409044
0.999606 0.028048 0.000603 12.944442 -0.028048 0.999606 -0.000775 -0.235573 -0.000624 0.000758 1.000000 0.427287
0.999563 0.029298 0.004015 13.511762 -0.029297 0.999571 -0.000473 -0.257029 -0.004027 0.000355 0.999992 0.446212
0.999376 0.031999 0.014982 14.616588 -0.031985 0.999488 -0.001174 -0.296561 -0.015012 0.000694 0.999887 0.483029
0.999193 0.035480 0.018845 15.556289 -0.035415 0.999366 -0.003762 -0.331802 -0.018967 0.003091 0.999815 0.514372
0.999124 0.038523 0.016339 16.108776 -0.038450 0.999249 -0.004773 -0.355912 -0.016511 0.004141 0.999855 0.532861
0.999118 0.039696 0.013664 16.657680 -0.039629 0.999201 -0.005166 -0.378469 -0.013858 0.004620 0.999893 0.551204
0.998998 0.042981 0.012506 17.213757 -0.042905 0.999059 -0.006275 -0.402991 -0.012764 0.005732 0.999902 0.569817
0.998824 0.046644 0.013227 17.777450 -0.046554 0.998891 -0.007079 -0.433657 -0.013543 0.006455 0.999887 0.588789
0.998704 0.048527 0.015315 18.373697 -0.048419 0.998800 -0.007352 -0.465689 -0.015653 0.006601 0.999856 0.608850
0.998504 0.052035 0.016795 18.933697 -0.051906 0.998620 -0.008001 -0.498122 -0.017188 0.007117 0.999827 0.627732
0.998139 0.058740 0.016374 20.049440 -0.058589 0.998237 -0.009535 -0.566172 -0.016905 0.008558 0.999820 0.665416
0.997999 0.061264 0.015638 20.609978 -0.061115 0.998082 -0.009835 -0.601746 -0.016210 0.008860 0.999829 0.684372
0.997860 0.063523 0.015533 21.179172 -0.063372 0.997940 -0.010023 -0.639387 -0.016138 0.009018 0.999829 0.703649
0.997643 0.066812 0.015656 21.705177 -0.066659 0.997725 -0.010103 -0.678182 -0.016296 0.009036 0.999826 0.721534
0.997472 0.069178 0.016229 22.276352 -0.069025 0.997567 -0.009822 -0.721480 -0.016869 0.008677 0.999820 0.740976
0.997098 0.074162 0.017196 23.172637 -0.074014 0.997216 -0.009070 -0.791205 -0.017821 0.007771 0.999811 0.771517
0.996864 0.077134 0.017681 23.770298 -0.076976 0.996988 -0.009496 -0.840054 -0.018361 0.008105 0.999799 0.791924
0.996623 0.079962 0.018650 24.336296 -0.079764 0.996752 -0.011137 -0.889191 -0.019480 0.009612 0.999764 0.811302
0.996479 0.081580 0.019343 24.908472 -0.081363 0.996616 -0.011705 -0.939426 -0.020233 0.010090 0.999744 0.830900
0.996327 0.083409 0.019385 25.482982 -0.083173 0.996455 -0.012647 -0.989404 -0.020371 0.010988 0.999732 0.850571
0.996124 0.085631 0.020121 26.043666 -0.085340 0.996240 -0.014901 -1.040623 -0.021322 0.013126 0.999686 0.869812
0.995925 0.087753 0.020816 26.611142 -0.087432 0.996044 -0.015882 -1.092645 -0.022128 0.013998 0.999657 0.889289
0.995696 0.090357 0.020609 27.183725 -0.090032 0.995807 -0.016187 -1.145299 -0.021985 0.014262 0.999657 0.908945
0.995524 0.092197 0.020799 27.747783 -0.091886 0.995650 -0.015450 -1.199392 -0.022133 0.013470 0.999664 0.928348
0.995332 0.094098 0.021451 28.276942 -0.093784 0.995477 -0.015196 -1.251874 -0.022784 0.013114 0.999654 0.946581
0.994858 0.098196 0.024795 29.239607 -0.097851 0.995092 -0.014768 -1.349914 -0.026124 0.012266 0.999583 0.979797
0.994535 0.100854 0.026992 29.809642 -0.100486 0.994830 -0.014658 -1.411104 -0.028331 0.011866 0.999528 0.999522
0.994311 0.102848 0.027707 30.386718 -0.102490 0.994634 -0.014081 -1.472145 -0.029007 0.011161 0.999517 1.019474
0.994119 0.104453 0.028577 30.956304 -0.104198 0.994503 -0.010275 -1.531687 -0.029494 0.007237 0.999539 1.039155
0.993907 0.106285 0.029184 31.515430 -0.106124 0.994328 -0.007013 -1.593451 -0.029764 0.003874 0.999549 1.058533
0.993685 0.108239 0.029574 32.075015 -0.108119 0.994122 -0.005631 -1.655974 -0.030009 0.002398 0.999547 1.077941
0.993389 0.110341 0.031658 32.670092 -0.110262 0.993894 -0.004250 -1.722983 -0.031934 0.000731 0.999490 1.098588
0.993171 0.111837 0.033234 33.206559 -0.111754 0.993726 -0.004338 -1.783969 -0.033511 0.000594 0.999438 1.117212
0.993001 0.113149 0.033865 33.770974 -0.113127 0.993577 -0.002563 -1.848211 -0.033937 -0.001286 0.999423 1.136808
0.992912 0.114090 0.033310 34.335924 -0.114030 0.993470 -0.003689 -1.913950 -0.033514 -0.000135 0.999438 1.156448
0.992798 0.116002 0.029941 34.897042 -0.115874 0.993246 -0.005982 -1.981874 -0.030432 0.002469 0.999534 1.176001
0.992712 0.117424 0.027090 35.420522 -0.117264 0.993073 -0.007437 -2.046023 -0.027775 0.004206 0.999605 1.194258
0.992595 0.118725 0.025667 35.987656 -0.118540 0.992912 -0.008604 -2.117239 -0.026506 0.005498 0.999634 1.214067
0.992371 0.120787 0.024713 36.515378 -0.120614 0.992664 -0.008383 -2.184659 -0.025544 0.005338 0.999659 1.232520
0.991934 0.124114 0.025747 37.486735 -0.123922 0.992252 -0.008941 -2.310938 -0.026658 0.005678 0.999628 1.266525
0.991660 0.125917 0.027493 38.031575 -0.125679 0.992018 -0.010253 -2.381783 -0.028565 0.006713 0.999569 1.285599
0.991225 0.129010 0.028795 38.560936 -0.128707 0.991608 -0.012161 -2.455460 -0.030122 0.008348 0.999511 1.304218
0.990677 0.132029 0.033573 39.636853 -0.131712 0.991222 -0.011475 -2.600019 -0.034793 0.006946 0.999370 1.341967
0.990281 0.134707 0.034591 40.216567 -0.134370 0.990860 -0.011904 -2.681212 -0.035878 0.007140 0.999331 1.362366
0.990052 0.136577 0.033828 40.723118 -0.136216 0.990597 -0.012774 -2.752634 -0.035255 0.008039 0.999346 1.380199
0.989780 0.139295 0.030522 41.790721 -0.138970 0.990217 -0.012528 -2.905912 -0.031968 0.008159 0.999456 1.417832
0.989509 0.141586 0.028739 42.328688 -0.141276 0.989891 -0.012560 -2.984958 -0.030227 0.008368 0.999508 1.436828
0.989257 0.143326 0.028774 42.844595 -0.143024 0.989643 -0.012293 -3.062177 -0.030238 0.008046 0.999510 1.455071
0.989015 0.144866 0.029390 43.338182 -0.144546 0.989416 -0.012775 -3.137769 -0.030930 0.008387 0.999486 1.472554
0.988423 0.148689 0.030176 44.253375 -0.148304 0.988834 -0.014635 -3.276078 -0.032015 0.009990 0.999437 1.504939
0.988226 0.149925 0.030534 44.775853 -0.149515 0.988641 -0.015323 -3.354668 -0.032484 0.010577 0.999416 1.523420
0.987929 0.151860 0.030577 45.290243 -0.151436 0.988342 -0.015727 -3.434451 -0.032608 0.010907 0.999409 1.541659
0.987754 0.152988 0.030596 45.790250 -0.152526 0.988155 -0.016908 -3.511328 -0.032821 0.012034 0.999389 1.559375
0.987442 0.154927 0.030907 46.293348 -0.154413 0.987835 -0.018416 -3.588878 -0.033384 0.013412 0.999353 1.577205
0.987069 0.157058 0.032062 46.777556 -0.156506 0.987493 -0.019086 -3.667408 -0.034658 0.013821 0.999304 1.594435
0.986615 0.159593 0.033492 47.250386 -0.158971 0.987070 -0.020500 -3.746891 -0.036331 0.014902 0.999229 1.611309
0.985992 0.163059 0.035105 47.941737 -0.162372 0.986492 -0.021647 -3.862394 -0.038160 0.015643 0.999149 1.635970
0.985713 0.164807 0.034762 48.343460 -0.164166 0.986218 -0.020563 -3.931042 -0.037672 0.014563 0.999184 1.650327
0.985609 0.165814 0.032856 48.791391 -0.165252 0.986065 -0.019157 -4.008714 -0.035575 0.013452 0.999276 1.666356
0.985408 0.167266 0.031505 49.231346 -0.166699 0.985808 -0.019861 -4.085653 -0.034380 0.014319 0.999306 1.682111
0.984947 0.169736 0.032697 49.646460 -0.169125 0.985379 -0.020632 -4.160767 -0.035721 0.014792 0.999252 1.697021
0.984610 0.171179 0.035223 50.058639 -0.170508 0.985127 -0.021265 -4.235543 -0.038339 0.014932 0.999153 1.711829
0.984048 0.173555 0.039099 50.784890 -0.172870 0.984736 -0.020286 -4.367077 -0.042023 0.013204 0.999029 1.737918
0.983654 0.175388 0.040783 51.176461 -0.174696 0.984420 -0.019964 -4.438620 -0.043649 0.012513 0.998969 1.751995
0.983445 0.176335 0.041736 51.604537 -0.175693 0.984269 -0.018610 -4.516523 -0.044361 0.010969 0.998955 1.767378
0.983474 0.176290 0.041250 51.999415 -0.175732 0.984294 -0.016817 -4.587670 -0.043567 0.009290 0.999007 1.781556
0.983354 0.177317 0.039674 52.393194 -0.176792 0.984112 -0.016403 -4.660128 -0.041952 0.009116 0.999078 1.795722
0.983244 0.178321 0.037850 52.785357 -0.177704 0.983898 -0.019128 -4.733153 -0.040651 0.012081 0.999100 1.809845
0.982989 0.179839 0.037301 53.166843 -0.179130 0.983589 -0.021584 -4.803652 -0.040570 0.014535 0.999071 1.823574
0.982699 0.181581 0.036494 53.522242 -0.180838 0.983250 -0.022738 -4.872160 -0.040012 0.015745 0.999075 1.836414
0.982496 0.182732 0.036214 53.877025 -0.182000 0.983039 -0.022597 -4.940961 -0.039729 0.015611 0.999089 1.849240
0.982172 0.184394 0.036567 54.231288 -0.183692 0.982744 -0.021730 -5.011802 -0.039943 0.014626 0.999095 1.862085
0.981407 0.188081 0.038283 54.892801 -0.187419 0.982072 -0.020240 -5.145690 -0.041404 0.012688 0.999062 1.886099
0.981011 0.190156 0.038188 55.239098 -0.189441 0.981655 -0.021560 -5.216300 -0.041587 0.013916 0.999038 1.898680
0.980761 0.191450 0.038152 55.564741 -0.190696 0.981390 -0.022537 -5.281413 -0.041757 0.014828 0.999018 1.910487
0.980647 0.191936 0.038617 55.908037 -0.191119 0.981276 -0.023887 -5.350059 -0.042479 0.016044 0.998969 1.922934
0.980361 0.193197 0.039588 56.247144 -0.192383 0.981039 -0.023465 -5.419342 -0.043371 0.015388 0.998941 1.935256
0.980009 0.194772 0.040579 56.552971 -0.193970 0.980740 -0.022891 -5.482271 -0.044256 0.014562 0.998914 1.946377
0.979459 0.197337 0.041443 56.891829 -0.196600 0.980254 -0.021203 -5.553899 -0.044809 0.012620 0.998916 1.958732
0.979092 0.199109 0.041634 57.213532 -0.198393 0.979903 -0.020719 -5.623122 -0.044922 0.012026 0.998918 1.970484
0.978531 0.201889 0.041454 57.720542 -0.201080 0.979308 -0.022873 -5.733884 -0.045214 0.014046 0.998879 1.989035
0.978406 0.202555 0.041148 58.032269 -0.201712 0.979157 -0.023749 -5.798746 -0.045101 0.014937 0.998871 2.000383
0.978076 0.204328 0.040230 58.333719 -0.203434 0.978764 -0.025233 -5.863248 -0.044532 0.016496 0.998872 2.011389
0.977704 0.206345 0.038942 58.640298 -0.205468 0.978335 -0.025346 -5.929640 -0.043328 0.016780 0.998920 2.022596
0.977331 0.208340 0.037671 58.938787 -0.207514 0.977921 -0.024681 -5.995582 -0.041981 0.016304 0.998985 2.033531
0.977004 0.210051 0.036644 59.202953 -0.209260 0.977559 -0.024268 -6.054822 -0.040919 0.016042 0.999034 2.043224
0.976559 0.212279 0.035651 59.496135 -0.211534 0.977087 -0.023563 -6.121706 -0.039836 0.015469 0.999086 2.054002
0.976247 0.213741 0.035461 59.769164 -0.212976 0.976759 -0.024145 -6.183082 -0.039798 0.016019 0.999079 2.064023
0.975910 0.215244 0.035626 60.029222 -0.214442 0.976416 -0.025036 -6.242558 -0.040174 0.016793 0.999052 2.073585
0.975275 0.217875 0.037002 60.472028 -0.217017 0.975826 -0.025842 -6.345788 -0.041738 0.017173 0.998981 2.089903
0.974743 0.220112 0.037768 60.719336 -0.219230 0.975323 -0.026138 -6.404187 -0.042589 0.017198 0.998945 2.099030
0.974342 0.221905 0.037639 61.000217 -0.221031 0.974919 -0.026034 -6.471644 -0.042472 0.017047 0.998952 2.109417
0.974012 0.223473 0.036891 61.258748 -0.222624 0.974564 -0.025752 -6.534571 -0.041707 0.016870 0.998987 2.118991
0.973761 0.224644 0.036405 61.510799 -0.223800 0.974292 -0.025848 -6.596230 -0.041276 0.017022 0.999003 2.128332
0.973423 0.226065 0.036642 61.762427 -0.225189 0.973953 -0.026544 -6.658891 -0.041688 0.017587 0.998976 2.137676
0.973005 0.227729 0.037418 62.011231 -0.226804 0.973555 -0.027402 -6.720930 -0.042668 0.018175 0.998924 2.146917
0.972635 0.229188 0.038126 62.255424 -0.228217 0.973202 -0.028182 -6.781823 -0.043563 0.018710 0.998875 2.155987
0.972351 0.230334 0.038472 62.502917 -0.229361 0.972936 -0.028095 -6.843461 -0.043902 0.018495 0.998865 2.165177
0.972030 0.231752 0.038071 62.774531 -0.230786 0.972598 -0.028109 -6.910789 -0.043542 0.018537 0.998880 2.175258
0.972013 0.231876 0.037747 63.015739 -0.230941 0.972578 -0.027554 -6.970472 -0.043101 0.018065 0.998907 2.184209
0.971714 0.233085 0.037984 63.263049 -0.232176 0.972303 -0.026847 -7.033298 -0.043190 0.017268 0.998918 2.193415
0.971191 0.235172 0.038491 63.690305 -0.234284 0.971815 -0.026207 -7.141655 -0.043570 0.016434 0.998915 2.209317
0.970905 0.236310 0.038752 63.958938 -0.235449 0.971552 -0.025509 -7.210808 -0.043677 0.015643 0.998923 2.219333
0.970660 0.237442 0.037956 64.232081 -0.236594 0.971273 -0.025529 -7.280501 -0.042927 0.015800 0.998953 2.229506
0.970399 0.238684 0.036808 64.486954 -0.237850 0.970963 -0.025647 -7.348348 -0.041860 0.016133 0.998993 2.239049
0.970204 0.239573 0.036172 64.747809 -0.238750 0.970742 -0.025641 -7.416334 -0.041256 0.016241 0.999017 2.248790
0.970009 0.240447 0.035598 65.029846 -0.239598 0.970510 -0.026513 -7.489672 -0.040923 0.017189 0.999014 2.259319
0.969710 0.241706 0.035235 65.285801 -0.240855 0.970193 -0.026742 -7.555453 -0.040649 0.017446 0.999021 2.268861
0.969530 0.242582 0.034143 65.583989 -0.241733 0.969962 -0.027165 -7.632608 -0.039708 0.018084 0.999048 2.279986
0.969310 0.243823 0.031449 65.868205 -0.242966 0.969609 -0.028727 -7.706744 -0.037497 0.020204 0.999092 2.290601
0.968955 0.245525 0.029060 66.117937 -0.244726 0.969173 -0.028502 -7.773590 -0.035162 0.020505 0.999171 2.299958
0.968520 0.247303 0.028456 66.391190 -0.246520 0.968721 -0.028416 -7.847174 -0.034593 0.020507 0.999191 2.310204
0.968193 0.248448 0.029584 66.651851 -0.247622 0.968424 -0.028966 -7.917237 -0.035847 0.020719 0.999142 2.319976
0.967525 0.251738 0.022881 67.407756 -0.251044 0.967528 -0.029424 -8.124544 -0.029545 0.022725 0.999305 2.348388
0.967218 0.253354 0.017370 67.692530 -0.252839 0.967123 -0.027324 -8.204220 -0.023722 0.022036 0.999476 2.359120
0.967003 0.254469 0.012314 67.979053 -0.254105 0.966845 -0.025343 -8.284051 -0.018355 0.021378 0.999603 2.369912
0.966694 0.255783 0.008810 68.267417 -0.255511 0.966502 -0.024232 -8.364139 -0.014713 0.021174 0.999668 2.380768
0.966541 0.256398 0.007641 68.555295 -0.256181 0.966379 -0.021980 -8.442209 -0.013020 0.019287 0.999729 2.391573
0.965841 0.259091 0.004680 69.116047 -0.258960 0.965698 -0.019170 -8.599911 -0.009486 0.017304 0.999805 2.412719
0.965482 0.260422 0.005079 69.400558 -0.260290 0.965354 -0.018445 -8.679785 -0.009707 0.016486 0.999817 2.423446
0.965083 0.261808 0.008424 69.686557 -0.261610 0.964978 -0.019420 -8.760012 -0.013214 0.016538 0.999776 2.434228
0.964377 0.263875 0.018628 70.143113 -0.263429 0.964396 -0.023355 -8.889848 -0.024127 0.017616 0.999554 2.451471
0.963741 0.265589 0.025819 70.453028 -0.264944 0.963917 -0.025863 -8.978731 -0.031756 0.018084 0.999332 2.463189
0.962683 0.268358 0.035014 70.977848 -0.267445 0.963147 -0.028665 -9.129159 -0.041416 0.018231 0.998976 2.483031
0.961855 0.270669 0.039659 71.293163 -0.269634 0.962509 -0.029565 -9.223019 -0.046174 0.017744 0.998776 2.495015
0.960976 0.272983 0.044787 71.624243 -0.271814 0.961866 -0.030504 -9.320674 -0.051406 0.017140 0.998531 2.507582
0.960124 0.274950 0.050633 71.946866 -0.273638 0.961321 -0.031382 -9.415830 -0.057303 0.016275 0.998224 2.519827
0.959191 0.276750 0.057977 72.299611 -0.275284 0.960828 -0.032073 -9.520854 -0.064582 0.014804 0.997803 2.533234
0.957769 0.279457 0.067691 72.868755 -0.277595 0.960034 -0.035703 -9.690564 -0.074963 0.015404 0.997067 2.554870
0.956961 0.281478 0.070677 73.202776 -0.279384 0.959421 -0.038149 -9.790199 -0.078547 0.016761 0.996769 2.567568
0.956204 0.283835 0.071494 73.598508 -0.281676 0.958722 -0.038872 -9.908420 -0.079576 0.017032 0.996683 2.582615
0.955672 0.285927 0.070258 73.952031 -0.283750 0.958087 -0.039441 -10.016523 -0.078590 0.017757 0.996749 2.596102
0.955318 0.288885 0.062553 74.583918 -0.287153 0.957234 -0.035310 -10.213513 -0.070078 0.015770 0.997417 2.620276
0.955256 0.291555 0.049809 75.237196 -0.290511 0.956485 -0.027198 -10.420101 -0.055571 0.011511 0.998388 2.645321
0.955173 0.292848 0.043403 75.620546 -0.292069 0.956109 -0.023470 -10.540687 -0.048372 0.009741 0.998782 2.660006
0.954943 0.294140 0.039561 76.035648 -0.293504 0.955724 -0.021145 -10.671078 -0.044029 0.008581 0.998993 2.675904
0.954717 0.295298 0.036266 76.426518 -0.294742 0.955368 -0.019960 -10.794672 -0.040542 0.008367 0.999143 2.690889
0.954258 0.297070 0.033764 76.859988 -0.296557 0.954817 -0.019432 -10.933082 -0.038012 0.008530 0.999241 2.707531
0.953905 0.298160 0.034141 77.264497 -0.297723 0.954495 -0.017339 -11.062189 -0.037757 0.006376 0.999267 2.723059
0.953480 0.299249 0.036410 77.700428 -0.298871 0.954167 -0.015551 -11.202205 -0.039395 0.003946 0.999216 2.739810
0.953185 0.299879 0.038871 78.361107 -0.299591 0.953977 -0.013171 -11.414616 -0.041032 0.000909 0.999157 2.765201
0.952567 0.301837 0.038866 79.159356 -0.301635 0.953359 -0.011088 -11.672985 -0.040400 -0.001161 0.999183 2.795910
0.952112 0.303323 0.038457 79.617115 -0.303125 0.952887 -0.011015 -11.822352 -0.039986 -0.001170 0.999200 2.813541
0.951720 0.304557 0.038388 80.085970 -0.304338 0.952494 -0.011589 -11.974384 -0.040094 -0.000654 0.999196 2.831583
0.951430 0.305277 0.039848 80.540360 -0.304970 0.952263 -0.013709 -12.121128 -0.042131 0.000891 0.999112 2.849057
0.951052 0.305986 0.043277 81.042283 -0.305620 0.952035 -0.014995 -12.283620 -0.045789 0.001035 0.998951 2.868367
0.950544 0.307193 0.045812 81.480796 -0.306806 0.951647 -0.015419 -12.428244 -0.048333 0.000601 0.998831 2.885285
0.950028 0.308796 0.045727 81.973713 -0.308450 0.951128 -0.014632 -12.591801 -0.048010 -0.000204 0.998847 2.904319
0.949919 0.309501 0.043155 82.472394 -0.309221 0.950899 -0.013180 -12.756316 -0.045115 -0.000824 0.998981 2.923559
0.949634 0.310824 0.039790 82.978277 -0.310581 0.950467 -0.012310 -12.924304 -0.041645 -0.000668 0.999132 2.943096
0.949056 0.312856 0.037602 83.454071 -0.312666 0.949800 -0.010995 -13.085575 -0.039154 -0.001322 0.999232 2.961530
0.948843 0.313629 0.036514 83.957299 -0.313460 0.949544 -0.010408 -13.258209 -0.037936 -0.001570 0.999279 2.981063
0.947726 0.316663 0.039249 84.900997 -0.316391 0.948538 -0.013131 -13.582902 -0.041387 0.000027 0.999143 3.017711
0.947155 0.318175 0.040768 85.434387 -0.317863 0.948032 -0.014095 -13.768558 -0.043133 0.000391 0.999069 3.038464
0.946544 0.319907 0.041398 85.960215 -0.319599 0.947449 -0.014043 -13.950587 -0.043715 0.000061 0.999044 3.058904
0.945881 0.321801 0.041865 86.502768 -0.321462 0.946807 -0.014782 -14.139942 -0.044395 0.000524 0.999014 3.080021
0.945117 0.324014 0.042047 87.053329 -0.323620 0.946051 -0.016056 -14.332933 -0.044981 0.001568 0.998987 3.101466
0.944431 0.326102 0.041326 87.900199 -0.325655 0.945330 -0.017325 -14.629647 -0.044717 0.002904 0.998995 3.134449
0.943969 0.327531 0.040563 88.412726 -0.327044 0.944832 -0.018285 -14.811129 -0.044314 0.003994 0.999010 3.154445
0.942293 0.332530 0.038823 89.499554 -0.331981 0.943074 -0.020026 -15.200122 -0.043273 0.005981 0.999045 3.196920
0.941512 0.334704 0.039087 90.216129 -0.334119 0.942300 -0.020840 -15.460656 -0.043807 0.006562 0.999018 3.224998
0.940766 0.336740 0.039578 90.776388 -0.336119 0.941572 -0.021605 -15.666053 -0.044541 0.007022 0.998983 3.246981
0.939851 0.339130 0.040872 91.368882 -0.338449 0.940709 -0.022760 -15.886057 -0.046168 0.007558 0.998905 3.270279
0.938808 0.341868 0.042022 91.939922 -0.341134 0.939714 -0.023765 -16.100404 -0.047613 0.007976 0.998834 3.292775
0.938363 0.343179 0.041261 92.515707 -0.342451 0.939234 -0.023813 -16.315227 -0.046926 0.008216 0.998865 3.315434
0.937794 0.344945 0.039435 93.112903 -0.344222 0.938580 -0.024069 -16.537869 -0.045315 0.008997 0.998932 3.338933
0.937129 0.346858 0.038443 93.666539 -0.346131 0.937869 -0.024400 -16.747981 -0.044518 0.009559 0.998963 3.360784
0.936363 0.349009 0.037649 94.235329 -0.348270 0.937064 -0.024884 -16.965218 -0.043965 0.010188 0.998981 3.383258
0.935393 0.351564 0.037982 94.825096 -0.350799 0.936105 -0.025424 -17.193556 -0.044493 0.010458 0.998955 3.406615
0.934572 0.353601 0.039271 95.369450 -0.352810 0.935341 -0.025747 -17.405568 -0.045836 0.010208 0.998897 3.428197
0.934023 0.354945 0.040178 95.951695 -0.354145 0.934835 -0.025768 -17.632289 -0.046706 0.009839 0.998860 3.451280
0.933477 0.356309 0.040791 96.552164 -0.355528 0.934324 -0.025273 -17.867194 -0.047117 0.009089 0.998848 3.475105
0.933270 0.356808 0.041170 97.115815 -0.356051 0.934140 -0.024688 -18.086464 -0.047267 0.008382 0.998847 3.497447
0.931928 0.360210 0.041950 98.183914 -0.359417 0.932832 -0.025376 -18.508646 -0.048273 0.008571 0.998797 3.539904
0.931259 0.361920 0.042086 98.821105 -0.361126 0.932171 -0.025414 -18.763259 -0.048429 0.008469 0.998791 3.565281
0.930656 0.363432 0.042388 99.411131 -0.362658 0.931587 -0.024982 -18.998357 -0.048568 0.007877 0.998789 3.588768
0.929989 0.365150 0.042259 100.013677 -0.364395 0.930918 -0.024652 -19.239272 -0.048341 0.007527 0.998803 3.612768
0.929402 0.366615 0.042502 100.587337 -0.365851 0.930343 -0.024821 -19.474408 -0.048642 0.007520 0.998788 3.635721
0.928787 0.368100 0.043099 101.189231 -0.367311 0.929755 -0.025278 -19.722458 -0.049376 0.007647 0.998751 3.659828
0.928205 0.369444 0.044114 101.747007 -0.368667 0.929228 -0.024916 -19.952438 -0.050197 0.006864 0.998716 3.682169
0.927497 0.371179 0.044443 102.358130 -0.370404 0.928538 -0.024863 -20.204422 -0.050496 0.006598 0.998702 3.706648
0.927278 0.371823 0.043624 102.924580 -0.371099 0.928284 -0.023955 -20.433048 -0.049402 0.006024 0.998761 3.729248
0.926666 0.373415 0.043034 103.540821 -0.372791 0.927654 -0.022010 -20.685027 -0.048140 0.004354 0.998831 3.753894
0.926530 0.373668 0.043763 104.146863 -0.373151 0.927561 -0.019734 -20.933212 -0.047967 0.001954 0.998847 3.778139
0.925747 0.375448 0.045075 104.764257 -0.374936 0.926843 -0.019629 -21.189430 -0.049147 0.001271 0.998791 3.802898
0.924782 0.377387 0.048552 105.533945 -0.376892 0.926056 -0.019334 -21.512256 -0.052258 -0.000419 0.998634 3.833825
0.923806 0.379563 0.050141 106.119430 -0.379110 0.925164 -0.018619 -21.759722 -0.053456 -0.001808 0.998569 3.857385
0.923133 0.381094 0.050914 106.741616 -0.380703 0.924531 -0.017540 -22.022856 -0.053756 -0.003191 0.998549 3.882424
0.921894 0.383984 0.051644 107.727353 -0.383670 0.923327 -0.016252 -22.439802 -0.053925 -0.004831 0.998533 3.922095
0.921189 0.385671 0.051657 108.355347 -0.385362 0.922623 -0.016218 -22.707550 -0.053915 -0.004966 0.998533 3.947407
0.920538 0.387360 0.050621 108.973852 -0.387006 0.921920 -0.017016 -22.977379 -0.053259 -0.003927 0.998573 3.972446
0.920081 0.388597 0.049436 109.591827 -0.388225 0.921402 -0.017310 -23.245960 -0.052277 -0.003266 0.998627 3.997445
0.919338 0.390489 0.048337 110.206369 -0.390126 0.920602 -0.017125 -23.513076 -0.051187 -0.003114 0.998684 4.022306
0.918403 0.392810 0.047287 110.835981 -0.392422 0.919616 -0.017624 -23.790500 -0.050409 -0.002371 0.998726 4.047843
0.917889 0.394014 0.047244 111.420418 -0.393637 0.919101 -0.017440 -24.047360 -0.050293 -0.002589 0.998731 4.071537
0.916948 0.396156 0.047615 112.517236 -0.395732 0.918181 -0.018433 -24.531656 -0.051021 -0.001941 0.998696 4.116042
0.916430 0.397394 0.047262 113.144228 -0.396875 0.917648 -0.020312 -24.809670 -0.051442 -0.000143 0.998676 4.141505
0.915613 0.399360 0.046514 113.768594 -0.398832 0.916794 -0.020539 -25.089662 -0.050846 0.000254 0.998706 4.166917
0.915209 0.400473 0.044886 114.383196 -0.399915 0.916308 -0.021188 -25.365363 -0.049615 0.001441 0.998767 4.191933
0.913435 0.404553 0.044427 115.640407 -0.403840 0.914504 -0.024403 -25.941631 -0.050501 0.004349 0.998715 4.243325
0.912920 0.405620 0.045268 116.212151 -0.404851 0.914029 -0.025442 -26.204358 -0.051696 0.004900 0.998651 4.266708
0.911941 0.407871 0.044780 116.846821 -0.407068 0.913022 -0.026198 -26.495960 -0.051571 0.005663 0.998653 4.292665
0.911211 0.409689 0.043005 117.423744 -0.408908 0.912205 -0.026025 -26.763090 -0.049891 0.006129 0.998736 4.316296
0.910351 0.411689 0.042109 117.989855 -0.410925 0.911304 -0.025819 -27.023938 -0.049003 0.006200 0.998779 4.339462
0.904048 0.425758 0.037774 122.446864 -0.424999 0.904801 -0.026658 -29.124749 -0.045527 0.008046 0.998931 4.522689
0.903715 0.426534 0.036999 123.058809 -0.425763 0.904430 -0.027081 -29.419514 -0.045014 0.008720 0.998948 4.547959
0.902710 0.428683 0.036681 123.630720 -0.427848 0.903398 -0.028585 -29.697500 -0.045392 0.010110 0.998918 4.571621
0.902124 0.429889 0.036986 124.218483 -0.429034 0.902823 -0.028988 -29.982164 -0.045853 0.010283 0.998895 4.595920
0.901265 0.431679 0.037076 124.778592 -0.430837 0.901973 -0.028710 -30.256284 -0.045835 0.009901 0.998900 4.619127
0.900038 0.434272 0.036590 125.353560 -0.433426 0.900724 -0.028964 -30.539001 -0.045535 0.010210 0.998911 4.642973
0.899516 0.435403 0.035974 125.940995 -0.434548 0.900171 -0.029320 -30.827803 -0.045149 0.010742 0.998923 4.667336
0.897701 0.439123 0.036105 126.683877 -0.438259 0.898363 -0.029540 -31.196899 -0.045407 0.010694 0.998911 4.698214
0.896768 0.440952 0.036994 127.265938 -0.440024 0.897460 -0.030749 -31.487799 -0.046760 0.011296 0.998842 4.722438
0.896781 0.440825 0.038181 127.872289 -0.439833 0.897516 -0.031800 -31.786872 -0.048287 0.011724 0.998765 4.747603
0.896141 0.442027 0.039277 128.758975 -0.440975 0.896921 -0.032767 -32.227168 -0.049713 0.012044 0.998691 4.784454
0.895099 0.444060 0.040101 129.351987 -0.443011 0.895925 -0.032552 -32.522292 -0.050383 0.011372 0.998665 4.809111
0.894070 0.446160 0.039754 129.935589 -0.445097 0.894876 -0.032951 -32.814669 -0.050276 0.011766 0.998666 4.833413
0.893557 0.447287 0.038597 130.517874 -0.446232 0.894305 -0.033088 -33.107785 -0.049317 0.012343 0.998707 4.857684
0.892579 0.449336 0.037424 131.100741 -0.448309 0.893275 -0.032837 -33.404664 -0.048185 0.012532 0.998760 4.882041
0.892108 0.450334 0.036637 131.943431 -0.449353 0.892777 -0.032103 -33.835709 -0.047166 0.012176 0.998813 4.917289
0.891978 0.450665 0.035718 132.497507 -0.449632 0.892586 -0.033473 -34.117168 -0.046967 0.013797 0.998801 4.940430
0.891773 0.450994 0.036683 133.073687 -0.449968 0.892433 -0.033056 -34.409925 -0.047645 0.012973 0.998780 4.964495
0.891855 0.450927 0.035483 133.610658 -0.449837 0.892435 -0.034740 -34.681502 -0.047331 0.015021 0.998766 4.986900
0.891579 0.451585 0.034029 134.373025 -0.450471 0.892075 -0.035761 -35.069696 -0.046506 0.016554 0.998781 5.018757
0.891393 0.451913 0.034554 134.950467 -0.450809 0.891919 -0.035374 -35.363373 -0.046805 0.015955 0.998777 5.042880
0.890968 0.452732 0.034774 135.515431 -0.451671 0.891521 -0.034405 -35.651854 -0.046578 0.014947 0.998803 5.066502
0.890745 0.453224 0.034073 136.080556 -0.452220 0.891281 -0.033383 -35.940924 -0.045499 0.014327 0.998862 5.090140
0.890670 0.453626 0.030492 136.644459 -0.452648 0.891039 -0.034045 -36.229693 -0.042613 0.016521 0.998955 5.113733
0.889694 0.456170 0.018807 137.719275 -0.455346 0.889579 -0.036178 -36.787915 -0.033234 0.023624 0.999168 5.158841
0.889425 0.456815 0.015608 138.232107 -0.456067 0.889206 -0.036266 -37.055830 -0.030446 0.025138 0.999220 5.180392
0.888426 0.458822 0.013498 138.761448 -0.458059 0.888084 -0.038591 -37.337711 -0.029693 0.028102 0.999164 5.202732
0.888087 0.459495 0.012844 139.292872 -0.458639 0.887615 -0.042314 -37.615860 -0.030843 0.031688 0.999022 5.225073
0.887826 0.460003 0.012738 139.806259 -0.459051 0.887247 -0.045442 -37.886281 -0.032205 0.034497 0.998886 5.246687
0.887430 0.460764 0.012815 140.345174 -0.459690 0.886725 -0.049038 -38.173140 -0.033959 0.037627 0.998715 5.269429
0.887095 0.461367 0.014217 141.001722 -0.460131 0.886323 -0.052062 -38.525180 -0.036620 0.039642 0.998543 5.297180
0.886419 0.462581 0.016744 141.537242 -0.461255 0.885754 -0.051801 -38.809550 -0.038794 0.038194 0.998517 5.319767
0.886207 0.462906 0.018851 142.035408 -0.461510 0.885634 -0.051580 -39.070968 -0.040572 0.037011 0.998491 5.340722
0.885633 0.463950 0.020128 142.572091 -0.462497 0.885107 -0.051791 -39.355904 -0.041844 0.036558 0.998455 5.363356
0.884790 0.465525 0.020812 143.099960 -0.464059 0.884307 -0.051488 -39.639578 -0.042373 0.035898 0.998457 5.385680
0.884133 0.466751 0.021255 143.599185 -0.465315 0.883709 -0.050409 -39.910699 -0.042311 0.034678 0.998502 5.406844
0.883245 0.468425 0.021360 144.126971 -0.467036 0.882869 -0.049197 -40.196165 -0.041904 0.033477 0.998561 5.429197
0.882527 0.469752 0.021892 144.610344 -0.468388 0.882209 -0.048170 -40.457824 -0.041942 0.032258 0.998599 5.449673
0.882125 0.470471 0.022655 145.118272 -0.469106 0.881858 -0.047607 -40.730492 -0.042376 0.031368 0.998609 5.471148
0.881336 0.471902 0.023563 145.637261 -0.470536 0.881130 -0.046966 -41.011275 -0.042925 0.030306 0.998619 5.493130
0.880198 0.473973 0.024516 146.310381 -0.472605 0.880055 -0.046335 -41.378908 -0.043537 0.029198 0.998625 5.521702
0.879299 0.475600 0.025241 146.806448 -0.474252 0.879217 -0.045424 -41.650511 -0.043796 0.027970 0.998649 5.542771
0.878817 0.476527 0.024563 147.336988 -0.475217 0.878719 -0.044960 -41.940286 -0.043008 0.027839 0.998687 5.565291
0.878190 0.477701 0.024165 147.836255 -0.476429 0.878095 -0.044321 -42.213420 -0.042391 0.027410 0.998725 5.586492
0.877850 0.478319 0.024309 148.359842 -0.477061 0.877772 -0.043915 -42.499020 -0.042343 0.026954 0.998739 5.608710
0.876690 0.480451 0.024102 148.840314 -0.479199 0.876608 -0.043906 -42.767920 -0.042223 0.026942 0.998745 5.629221
0.875597 0.482442 0.024078 149.506278 -0.481153 0.875493 -0.044755 -43.141553 -0.042672 0.027602 0.998708 5.657666
0.875132 0.483301 0.023735 149.977921 -0.482032 0.875021 -0.044541 -43.405651 -0.042295 0.027538 0.998726 5.677803
0.874181 0.485099 0.022055 150.481972 -0.483900 0.874019 -0.043962 -43.692658 -0.040602 0.027758 0.998790 5.699408
0.873756 0.485931 0.020541 150.947667 -0.484808 0.873558 -0.043097 -43.956735 -0.038886 0.027698 0.998860 5.719349
0.873191 0.486978 0.019737 151.444406 -0.485919 0.872995 -0.041987 -44.240804 -0.037677 0.027072 0.998923 5.740663
0.872327 0.488535 0.019476 151.911173 -0.487515 0.872146 -0.041128 -44.509522 -0.037078 0.026382 0.998964 5.760722
0.871963 0.489155 0.020199 152.562338 -0.488120 0.871812 -0.041010 -44.881752 -0.037670 0.025900 0.998955 5.788659
0.871576 0.489797 0.021293 153.043963 -0.488730 0.871465 -0.041131 -45.156282 -0.038702 0.025442 0.998927 5.809308
0.870702 0.491307 0.022271 153.529652 -0.490222 0.870635 -0.040964 -45.435522 -0.039515 0.024750 0.998912 5.830174
0.869765 0.492918 0.023245 154.015475 -0.491812 0.869741 -0.040891 -45.716878 -0.040373 0.024133 0.998893 5.851082
0.869242 0.493814 0.023793 154.495440 -0.492687 0.869238 -0.041052 -45.994138 -0.040954 0.023962 0.998874 5.871726
0.868741 0.494698 0.023721 154.978272 -0.493586 0.868742 -0.040744 -46.272639 -0.040763 0.023687 0.998888 5.892485
0.867986 0.496072 0.022643 155.459894 -0.494956 0.867927 -0.041478 -46.554128 -0.040228 0.024795 0.998883 5.913258
0.867606 0.496757 0.022193 155.915542 -0.495640 0.867522 -0.041784 -46.821956 -0.040010 0.025252 0.998880 5.932938
0.866585 0.498529 0.022358 156.402139 -0.497421 0.866518 -0.041466 -47.113598 -0.040046 0.024812 0.998890 5.954056
0.865333 0.500682 0.022737 156.907524 -0.499565 0.865284 -0.041454 -47.416432 -0.040429 0.024513 0.998882 5.975987
0.864357 0.502331 0.023444 157.367291 -0.501197 0.864340 -0.041454 -47.695913 -0.041088 0.024081 0.998865 5.996011
0.863577 0.503655 0.023806 157.867046 -0.502502 0.863570 -0.041699 -47.999903 -0.041560 0.024048 0.998847 6.017779
0.862495 0.505489 0.024141 158.332382 -0.504340 0.862513 -0.041383 -48.281027 -0.041741 0.023517 0.998852 6.038013
0.860999 0.508021 0.024404 158.826537 -0.506894 0.861046 -0.040715 -48.584647 -0.041697 0.022685 0.998873 6.059592
0.859892 0.509855 0.025163 159.311187 -0.508745 0.859991 -0.039924 -48.883777 -0.041996 0.021529 0.998886 6.080779
0.859458 0.510565 0.025584 159.802914 -0.509499 0.859602 -0.038672 -49.185910 -0.041737 0.020202 0.998924 6.102252
0.859209 0.510994 0.025380 160.263047 -0.509965 0.859361 -0.037879 -49.468832 -0.041167 0.019603 0.998960 6.122348
0.858403 0.512359 0.025151 160.757646 -0.511315 0.858537 -0.038355 -49.772458 -0.041245 0.020064 0.998948 6.143942
0.857688 0.513577 0.024683 161.201919 -0.512503 0.857784 -0.039332 -50.048448 -0.041372 0.021085 0.998921 6.163396
0.856405 0.515749 0.023947 161.693247 -0.514653 0.856454 -0.040231 -50.357014 -0.041258 0.022130 0.998903 6.184970
0.855471 0.517325 0.023322 162.341914 -0.516217 0.855482 -0.040864 -50.761674 -0.041091 0.022919 0.998893 6.213405
0.854679 0.518681 0.022224 162.823779 -0.517592 0.854643 -0.041040 -51.064978 -0.040280 0.023573 0.998910 6.234577
0.854158 0.519561 0.021712 163.275197 -0.518497 0.854110 -0.040698 -51.348633 -0.039689 0.023505 0.998936 6.254401
0.853668 0.520384 0.021247 163.771572 -0.519294 0.853581 -0.041635 -51.660881 -0.039802 0.024509 0.998907 6.276207
0.853001 0.521465 0.021530 164.386177 -0.520321 0.852898 -0.042790 -52.045614 -0.040676 0.025297 0.998852 6.303172
0.851461 0.523982 0.021383 165.340626 -0.522831 0.851348 -0.043067 -52.647164 -0.040771 0.025490 0.998843 6.345121
0.850901 0.524928 0.020448 165.810409 -0.523777 0.850736 -0.043658 -52.944404 -0.040313 0.026438 0.998837 6.365789
0.850110 0.526183 0.021091 166.276249 -0.524997 0.849961 -0.044095 -53.241328 -0.041129 0.026413 0.998805 6.386322
0.849850 0.526581 0.021611 166.743807 -0.525367 0.849715 -0.044426 -53.536898 -0.041757 0.026401 0.998779 6.406887
0.849261 0.527581 0.020331 167.226045 -0.526358 0.849045 -0.045486 -53.842504 -0.041259 0.027928 0.998758 6.428112
0.849553 0.527198 0.017924 167.694981 -0.526032 0.849231 -0.045801 -54.140354 -0.039367 0.029482 0.998790 6.448763
0.850188 0.526246 0.015634 168.193886 -0.525211 0.849827 -0.044145 -54.456087 -0.036517 0.029320 0.998903 6.470713
0.850843 0.525260 0.012967 168.663626 -0.524337 0.850413 -0.043221 -54.752706 -0.033730 0.029975 0.998981 6.491369
0.850690 0.525515 0.012688 169.103415 -0.524600 0.850252 -0.043194 -55.032197 -0.033487 0.030088 0.998986 6.510739
0.850989 0.525011 0.013458 169.538530 -0.524073 0.850576 -0.043215 -55.307524 -0.034135 0.029723 0.998975 6.529882
0.850193 0.526263 0.014842 169.991486 -0.525275 0.849822 -0.043448 -55.594048 -0.035478 0.029144 0.998945 6.549808
0.850422 0.525832 0.016821 170.412007 -0.524822 0.850149 -0.042514 -55.859189 -0.036656 0.027327 0.998954 6.568293
0.850864 0.525093 0.017541 170.871805 -0.524121 0.850659 -0.040951 -56.148780 -0.036424 0.025650 0.999007 6.588497
0.851044 0.524779 0.018183 171.300530 -0.523853 0.850903 -0.039270 -56.418514 -0.036080 0.023895 0.999063 6.607332
0.851317 0.524338 0.018145 171.763014 -0.523438 0.851191 -0.038568 -56.707752 -0.035668 0.023336 0.999091 6.627618
0.851605 0.523869 0.018177 172.190997 -0.522986 0.851490 -0.038084 -56.975918 -0.035429 0.022927 0.999109 6.646400
0.851571 0.523900 0.018865 172.649009 -0.523080 0.851529 -0.035868 -57.262200 -0.034856 0.020676 0.999178 6.666487
0.851314 0.524272 0.020077 173.069030 -0.523526 0.851368 -0.033067 -57.524570 -0.034429 0.017640 0.999251 6.684905
0.851548 0.523848 0.021203 173.531133 -0.523166 0.851679 -0.030655 -57.814037 -0.034117 0.015012 0.999305 6.705183
0.851229 0.524309 0.022582 173.957290 -0.523704 0.851446 -0.027823 -58.084092 -0.033815 0.011858 0.999358 6.723939
0.851590 0.523681 0.023504 174.411918 -0.523111 0.851852 -0.026507 -58.369782 -0.033903 0.010277 0.999372 6.743906
0.852197 0.522592 0.025647 174.989431 -0.522056 0.852546 -0.024936 -58.731364 -0.034897 0.007861 0.999360 6.769245
0.853050 0.521093 0.027713 175.446284 -0.520586 0.853480 -0.023698 -59.017332 -0.036002 0.005788 0.999335 6.789289
0.854085 0.519271 0.029956 175.903613 -0.518810 0.854603 -0.022124 -59.300639 -0.037089 0.003354 0.999306 6.809300
0.855383 0.517001 0.032093 176.328047 -0.516564 0.855983 -0.021334 -59.563196 -0.038501 0.001671 0.999257 6.827866
0.857359 0.513610 0.033769 176.951874 -0.513190 0.858024 -0.020752 -59.948826 -0.039633 0.000463 0.999214 6.855149
0.858591 0.511490 0.034638 177.412977 -0.511150 0.859288 -0.018724 -60.229966 -0.039341 -0.001629 0.999225 6.875245
0.860669 0.508044 0.033760 177.872745 -0.507739 0.861329 -0.017708 -60.508056 -0.038075 -0.001901 0.999273 6.895243
0.862443 0.505117 0.032395 178.331985 -0.504823 0.863050 -0.017279 -60.784898 -0.036687 -0.001451 0.999326 6.915202
0.864790 0.501246 0.029836 178.781101 -0.500986 0.865304 -0.016187 -61.051725 -0.033931 -0.000949 0.999424 6.934651
0.870521 0.491444 0.025995 179.674350 -0.491278 0.870908 -0.012854 -61.573333 -0.028956 -0.001581 0.999579 6.973170
0.873574 0.486118 0.023598 180.105530 -0.485969 0.873892 -0.012098 -61.818617 -0.026503 -0.000900 0.999648 6.991648
0.877104 0.479805 0.021785 180.550718 -0.479678 0.877375 -0.011076 -62.070073 -0.024428 -0.000735 0.999701 7.010693
0.880525 0.473528 0.021153 180.987512 -0.473443 0.880777 -0.009160 -62.313447 -0.022968 -0.001949 0.999734 7.029320
0.884171 0.466696 0.020887 181.437476 -0.466659 0.884410 -0.006915 -62.559679 -0.021699 -0.003633 0.999758 7.048428
0.887602 0.460130 0.021060 181.862892 -0.460120 0.887839 -0.005608 -62.788195 -0.021279 -0.004713 0.999762 7.066418
0.894917 0.445629 0.023205 182.708549 -0.445678 0.895187 -0.003282 -63.225262 -0.022235 -0.007405 0.999725 7.101870
0.899002 0.437309 0.023591 183.151065 -0.437356 0.899282 -0.003365 -63.446204 -0.022686 -0.007293 0.999716 7.120283
0.902951 0.429107 0.023379 183.572655 -0.429162 0.903223 -0.002878 -63.649960 -0.022352 -0.007435 0.999723 7.137705
0.908032 0.418237 0.023571 184.204094 -0.418316 0.908300 -0.001688 -63.949906 -0.022116 -0.008327 0.999721 7.163705
0.911452 0.410655 0.024852 184.640500 -0.410774 0.911737 -0.000350 -64.153036 -0.022802 -0.009890 0.999691 7.181599
0.914905 0.402759 0.027097 185.067901 -0.402937 0.915227 0.001223 -64.348630 -0.024307 -0.012037 0.999632 7.199065
0.918088 0.395262 0.029707 185.479915 -0.395521 0.918451 0.003192 -64.532989 -0.026023 -0.014681 0.999554 7.215827
0.921270 0.387681 0.031048 185.898149 -0.387987 0.921655 0.004275 -64.714640 -0.026958 -0.015985 0.999509 7.232744
0.924855 0.379269 0.028242 186.312400 -0.379476 0.925199 0.002169 -64.889788 -0.025306 -0.012723 0.999599 7.249414
0.927940 0.371999 0.023319 186.702154 -0.372080 0.928200 -0.000962 -65.052517 -0.022003 -0.007783 0.999728 7.265062
0.931561 0.363136 0.018065 187.137137 -0.363147 0.931728 -0.002804 -65.229726 -0.017850 -0.003948 0.999833 7.282446
0.934478 0.355760 0.013648 187.538434 -0.355766 0.934573 -0.002089 -65.389560 -0.013499 -0.002903 0.999905 7.298420
