0.999999 -0.000379 0.001247 0.613787 0.000378 0.999999 0.000970 -0.003392 -0.001247 -0.000970 0.999999 -0.005726
0.999997 0.000978 0.002380 1.224815 -0.000982 0.999998 0.001826 -0.011389 -0.002378 -0.001828 0.999996 -0.011310
0.999988 0.001303 0.004639 1.848331 -0.001312 0.999997 0.001936 -0.018378 -0.004637 -0.001942 0.999987 -0.017038
0.999974 0.001120 0.007145 2.464868 -0.001140 0.999995 0.002843 -0.022950 -0.007142 -0.002852 0.999970 -0.022761
0.999951 0.002043 0.009635 3.289357 -0.002072 0.999993 0.003020 -0.030114 -0.009629 -0.003040 0.999949 -0.030387
0.999946 0.002077 0.010178 3.872437 -0.002112 0.999992 0.003459 -0.035211 -0.010171 -0.003480 0.999942 -0.035780
0.999950 0.001652 0.009911 4.498509 -0.001691 0.999991 0.003970 -0.041693 -0.009905 -0.003986 0.999943 -0.041545
0.999943 0.001588 0.010549 5.420818 -0.001626 0.999992 0.003590 -0.047789 -0.010543 -0.003607 0.999938 -0.050124
0.999939 0.001846 0.010923 6.036727 -0.001875 0.999995 0.002653 -0.053791 -0.010918 -0.002673 0.999937 -0.055805
0.999942 0.002266 0.010550 6.653183 -0.002287 0.999995 0.002011 -0.059920 -0.010545 -0.002035 0.999942 -0.061487
0.999951 0.003002 0.009434 7.284895 -0.003021 0.999994 0.001959 -0.067450 -0.009428 -0.001988 0.999954 -0.067279
0.999975 0.003871 0.005914 8.547403 -0.003891 0.999986 0.003474 -0.082989 -0.005900 -0.003497 0.999976 -0.078842
0.999977 0.004175 0.005291 9.183131 -0.004195 0.999984 0.003856 -0.092141 -0.005275 -0.003879 0.999979 -0.084631
0.999970 0.004197 0.006565 9.812691 -0.004228 0.999980 0.004707 -0.101481 -0.006545 -0.004734 0.999967 -0.090357
0.999954 0.005748 0.007736 10.439363 -0.005791 0.999968 0.005486 -0.111090 -0.007704 -0.005530 0.999955 -0.096049
0.999943 0.005758 0.008999 11.105220 -0.005808 0.999968 0.005565 -0.119666 -0.008967 -0.005617 0.999944 -0.102138
0.999942 0.005149 0.009427 11.722386 -0.005200 0.999972 0.005368 -0.125837 -0.009400 -0.005417 0.999941 -0.107826
0.999935 0.006732 0.009190 12.335040 -0.006775 0.999966 0.004663 -0.136153 -0.009158 -0.004725 0.999947 -0.113367
0.999930 0.007407 0.009195 12.956736 -0.007446 0.999964 0.004173 -0.148496 -0.009164 -0.004241 0.999949 -0.118944
0.999926 0.007798 0.009285 13.582311 -0.007852 0.999952 0.005787 -0.160880 -0.009239 -0.005859 0.999940 -0.124555
0.999929 0.007023 0.009595 14.196157 -0.007098 0.999944 0.007800 -0.170712 -0.009540 -0.007867 0.999924 -0.130120
0.999936 0.006429 0.009343 14.813068 -0.006510 0.999941 0.008639 -0.181009 -0.009287 -0.008699 0.999919 -0.135702
0.999931 0.005781 0.010202 15.419791 -0.005871 0.999944 0.008850 -0.189326 -0.010150 -0.008909 0.999909 -0.141238
0.999921 0.005628 0.011278 16.060488 -0.005740 0.999934 0.009921 -0.198637 -0.011222 -0.009985 0.999887 -0.147070
0.999911 0.006381 0.011758 16.639229 -0.006498 0.999930 0.009876 -0.208477 -0.011694 -0.009951 0.999882 -0.152302
0.999910 0.007000 0.011452 17.261755 -0.007118 0.999922 0.010236 -0.218321 -0.011379 -0.010317 0.999882 -0.157949
0.999897 0.007732 0.012132 17.880206 -0.007870 0.999904 0.011383 -0.229192 -0.012043 -0.011478 0.999862 -0.163531
0.999920 0.007266 0.010331 18.529342 -0.007383 0.999908 0.011396 -0.240159 -0.010247 -0.011471 0.999882 -0.169401
0.999944 0.006426 0.008378 19.152826 -0.006513 0.999925 0.010402 -0.248540 -0.008311 -0.010456 0.999911 -0.175094
0.999948 0.006135 0.008098 19.773230 -0.006212 0.999936 0.009440 -0.255638 -0.008040 -0.009490 0.999923 -0.180790
0.999950 0.006012 0.007966 20.391813 -0.006084 0.999940 0.009057 -0.261621 -0.007911 -0.009105 0.999927 -0.186496
0.999939 0.006203 0.009175 21.018459 -0.006288 0.999937 0.009324 -0.269730 -0.009116 -0.009381 0.999914 -0.192225
0.999916 0.006197 0.011399 21.647778 -0.006312 0.999929 0.010086 -0.277683 -0.011335 -0.010157 0.999884 -0.197984
0.999908 0.006174 0.012048 22.252854 -0.006298 0.999927 0.010284 -0.285483 -0.011984 -0.010359 0.999875 -0.203517
0.999903 0.006345 0.012367 22.885231 -0.006466 0.999931 0.009809 -0.293492 -0.012304 -0.009888 0.999875 -0.209303
0.999927 0.005477 0.010764 23.525440 -0.005580 0.999939 0.009508 -0.299892 -0.010712 -0.009568 0.999897 -0.215204
0.999928 0.005900 0.010471 24.125883 -0.005996 0.999940 0.009165 -0.308182 -0.010416 -0.009227 0.999903 -0.220680
0.999937 0.005697 0.009696 24.773208 -0.005784 0.999943 0.008998 -0.315550 -0.009644 -0.009053 0.999913 -0.226624
0.999934 0.005199 0.010247 25.397750 -0.005288 0.999948 0.008675 -0.322003 -0.010202 -0.008728 0.999910 -0.232375
0.999919 0.005688 0.011396 25.999989 -0.005779 0.999952 0.007963 -0.329907 -0.011351 -0.008028 0.999903 -0.237879
0.999916 0.005392 0.011805 26.619912 -0.005473 0.999962 0.006852 -0.337668 -0.011768 -0.006916 0.999907 -0.243553
0.999906 0.005486 0.012594 27.249332 -0.005585 0.999953 0.007895 -0.345155 -0.012550 -0.007965 0.999890 -0.249324
0.999915 0.006022 0.011553 27.871826 -0.006120 0.999945 0.008513 -0.353090 -0.011501 -0.008583 0.999897 -0.255019
0.999906 0.006401 0.012100 28.451953 -0.006497 0.999947 0.007931 -0.361104 -0.012049 -0.008009 0.999895 -0.260310
0.999892 0.005931 0.013464 29.086312 -0.006030 0.999955 0.007320 -0.370007 -0.013420 -0.007400 0.999883 -0.266092
0.999905 0.005178 0.012745 29.669621 -0.005279 0.999955 0.007928 -0.375810 -0.012703 -0.007994 0.999887 -0.271469
0.999912 0.005715 0.012012 30.277919 -0.005816 0.999948 0.008389 -0.383718 -0.011964 -0.008458 0.999893 -0.277030
0.999908 0.006438 0.011943 30.904190 -0.006533 0.999947 0.007920 -0.392160 -0.011892 -0.007997 0.999897 -0.282747
0.999905 0.005781 0.012498 31.716008 -0.005879 0.999952 0.007861 -0.402218 -0.012452 -0.007934 0.999891 -0.290181
0.999906 0.005412 0.012632 32.336891 -0.005501 0.999960 0.007040 -0.408516 -0.012594 -0.007109 0.999895 -0.295901
0.999897 0.005300 0.013366 32.961336 -0.005399 0.999958 0.007349 -0.415708 -0.013327 -0.007420 0.999884 -0.301633
0.999864 0.005410 0.015585 33.592996 -0.005530 0.999955 0.007679 -0.423265 -0.015543 -0.007764 0.999849 -0.307423
0.999885 0.006101 0.013880 34.226748 -0.006202 0.999954 0.007285 -0.431797 -0.013835 -0.007370 0.999877 -0.313209
0.999917 0.006978 0.010790 34.865874 -0.007053 0.999951 0.006881 -0.441790 -0.010742 -0.006957 0.999918 -0.319010
0.999923 0.008195 0.009306 35.498744 -0.008264 0.999939 0.007380 -0.452984 -0.009245 -0.007456 0.999929 -0.324720
0.999924 0.008725 0.008697 36.139576 -0.008793 0.999931 0.007844 -0.463740 -0.008628 -0.007920 0.999931 -0.330517
0.999911 0.009842 0.009028 36.773021 -0.009908 0.999924 0.007348 -0.476561 -0.008955 -0.007437 0.999932 -0.336193
0.999902 0.009256 0.010475 37.408911 -0.009327 0.999933 0.006783 -0.485628 -0.010412 -0.006880 0.999922 -0.341985
0.999886 0.009528 0.011744 38.035337 -0.009611 0.999929 0.007008 -0.496743 -0.011676 -0.007120 0.999906 -0.347637
0.999884 0.010312 0.011166 38.669635 -0.010406 0.999910 0.008421 -0.508430 -0.011079 -0.008536 0.999902 -0.353349
0.999869 0.009827 0.012842 39.314140 -0.009934 0.999917 0.008261 -0.516857 -0.012760 -0.008387 0.999883 -0.359239
0.999874 0.010493 0.011880 39.968524 -0.010585 0.999914 0.007716 -0.528251 -0.011798 -0.007841 0.999900 -0.365149
0.999896 0.010521 0.009891 40.572373 -0.010598 0.999914 0.007700 -0.540821 -0.009809 -0.007804 0.999921 -0.370550
0.999889 0.010902 0.010137 41.218323 -0.010981 0.999910 0.007772 -0.553863 -0.010051 -0.007883 0.999918 -0.376338
0.999892 0.010719 0.010087 41.849847 -0.010804 0.999906 0.008436 -0.563006 -0.009996 -0.008544 0.999914 -0.382087
0.999819 0.011517 0.015120 42.505876 -0.011670 0.999881 0.010040 -0.574780 -0.015003 -0.010215 0.999835 -0.388003
0.999614 0.011734 0.025199 43.150402 -0.012096 0.999826 0.014227 -0.587464 -0.025027 -0.014527 0.999581 -0.393786
0.999231 0.011497 0.037489 43.783135 -0.012183 0.999762 0.018106 -0.600243 -0.037272 -0.018548 0.999133 -0.399456
0.998615 0.012292 0.051161 44.422546 -0.013298 0.999724 0.019385 -0.613944 -0.050909 -0.020039 0.998502 -0.405166
0.998306 0.012548 0.056812 45.059435 -0.013706 0.999705 0.020035 -0.627033 -0.056543 -0.020780 0.998184 -0.410867
0.998533 0.013556 0.052426 45.704929 -0.014719 0.999653 0.021857 -0.642102 -0.052112 -0.022597 0.998386 -0.416599
0.999016 0.014836 0.041794 46.358560 -0.015880 0.999567 0.024777 -0.657193 -0.041408 -0.025416 0.998819 -0.422409
0.999352 0.015904 0.032281 47.018588 -0.016729 0.999535 0.025475 -0.672802 -0.031861 -0.025998 0.999154 -0.428266
0.999449 0.016828 0.028608 47.635292 -0.017534 0.999544 0.024591 -0.686786 -0.028181 -0.025079 0.999288 -0.433753
0.999390 0.016287 0.030889 48.285170 -0.017003 0.999589 0.023067 -0.702734 -0.030501 -0.023578 0.999257 -0.439505
0.999300 0.016380 0.033647 48.929027 -0.017158 0.999589 0.022959 -0.720861 -0.033257 -0.023520 0.999170 -0.445146
0.999303 0.016337 0.033568 49.575076 -0.017117 0.999587 0.023072 -0.736466 -0.033178 -0.023630 0.999170 -0.450870
0.999333 0.016902 0.032366 50.221257 -0.017696 0.999546 0.024382 -0.753242 -0.031940 -0.024938 0.999179 -0.456567
0.999373 0.017034 0.031035 50.863295 -0.017798 0.999541 0.024508 -0.770390 -0.030603 -0.025045 0.999218 -0.462214
0.999397 0.016737 0.030433 51.486354 -0.017465 0.999564 0.023823 -0.785602 -0.030021 -0.024340 0.999253 -0.467731
0.999366 0.016557 0.031528 52.140663 -0.017333 0.999550 0.024497 -0.801992 -0.031108 -0.025028 0.999203 -0.473514
0.999326 0.016724 0.032692 52.800252 -0.017550 0.999529 0.025164 -0.817553 -0.032256 -0.025721 0.999149 -0.479368
0.999303 0.016671 0.033406 53.472098 -0.017496 0.999545 0.024560 -0.834567 -0.032981 -0.025128 0.999140 -0.485301
0.999274 0.016516 0.034332 54.139282 -0.017362 0.999549 0.024506 -0.850433 -0.033912 -0.025084 0.999110 -0.491219
0.999312 0.015589 0.033642 54.806548 -0.016398 0.999580 0.023900 -0.864743 -0.033255 -0.024436 0.999148 -0.497178
0.999414 0.014728 0.030883 55.857683 -0.015412 0.999639 0.022016 -0.888147 -0.030548 -0.022479 0.999280 -0.506541
0.999517 0.014102 0.027703 56.572461 -0.014689 0.999670 0.021092 -0.903134 -0.027396 -0.021489 0.999394 -0.512932
0.999556 0.013949 0.026337 57.237673 -0.014450 0.999717 0.018915 -0.915487 -0.026065 -0.019287 0.999474 -0.518920
0.999594 0.012966 0.025372 57.916285 -0.013419 0.999752 0.017774 -0.926079 -0.025135 -0.018107 0.999520 -0.525079
0.999544 0.012287 0.027583 58.592227 -0.012758 0.999774 0.016982 -0.937100 -0.027368 -0.017326 0.999475 -0.531202
0.999470 0.011680 0.030401 59.267721 -0.012142 0.999813 0.015043 -0.947255 -0.030219 -0.015405 0.999425 -0.537342
0.999492 0.011463 0.029738 59.936084 -0.011819 0.999861 0.011798 -0.958789 -0.029598 -0.012144 0.999488 -0.543380
0.999639 0.010865 0.024555 60.582106 -0.011124 0.999884 0.010434 -0.966561 -0.024439 -0.010703 0.999644 -0.549302
0.999784 0.011856 0.017088 61.939854 -0.012056 0.999860 0.011638 -0.989538 -0.016948 -0.011842 0.999786 -0.561579
0.999649 0.013115 0.023034 62.612400 -0.013394 0.999838 0.012004 -1.003019 -0.022873 -0.012308 0.999663 -0.567608
0.999368 0.013387 0.032927 63.267996 -0.013757 0.999844 0.011051 -1.015020 -0.032774 -0.011497 0.999397 -0.573514
0.999008 0.014068 0.042246 63.922304 -0.014543 0.999834 0.010960 -1.028244 -0.042085 -0.011563 0.999047 -0.579376
0.998780 0.015048 0.047039 64.571546 -0.015604 0.999812 0.011475 -1.042183 -0.046857 -0.012195 0.998827 -0.585173
0.998780 0.015306 0.046947 65.249328 -0.015912 0.999794 0.012566 -1.055273 -0.046745 -0.013297 0.998818 -0.591261
0.998878 0.016247 0.044481 65.883972 -0.016839 0.999774 0.012970 -1.068019 -0.044260 -0.013704 0.998926 -0.596950
0.998995 0.016283 0.041765 66.486416 -0.016890 0.999756 0.014220 -1.081459 -0.041523 -0.014911 0.999026 -0.602316
0.999050 0.016697 0.040247 67.121863 -0.017298 0.999743 0.014625 -1.096402 -0.039992 -0.015308 0.999083 -0.607957
0.999058 0.017558 0.039679 67.709833 -0.018153 0.999728 0.014672 -1.112577 -0.039411 -0.015379 0.999105 -0.613117
0.999070 0.018188 0.039083 68.332418 -0.018810 0.999701 0.015628 -1.128861 -0.038787 -0.016348 0.999114 -0.618602
0.999122 0.018393 0.037643 68.946460 -0.019031 0.999680 0.016659 -1.143547 -0.037325 -0.017361 0.999152 -0.624047
0.999157 0.019006 0.036376 69.527137 -0.019643 0.999659 0.017230 -1.158020 -0.036036 -0.017930 0.999190 -0.629181
0.999167 0.018768 0.036228 70.148816 -0.019401 0.999664 0.017195 -1.172437 -0.035893 -0.017883 0.999196 -0.634705
0.999157 0.018017 0.036883 70.759836 -0.018668 0.999675 0.017373 -1.186083 -0.036558 -0.018047 0.999169 -0.640147
0.999102 0.018581 0.038086 71.326810 -0.019256 0.999663 0.017422 -1.200548 -0.037750 -0.018140 0.999123 -0.645152
0.999082 0.018256 0.038745 71.946853 -0.018963 0.999659 0.017957 -1.215130 -0.038404 -0.018675 0.999088 -0.650656
0.999056 0.018518 0.039293 72.528050 -0.019231 0.999656 0.017860 -1.231122 -0.038949 -0.018598 0.999068 -0.655756
0.999048 0.019447 0.039058 73.145774 -0.020171 0.999630 0.018234 -1.247326 -0.038689 -0.019004 0.999071 -0.661198
0.999089 0.018681 0.038374 73.773062 -0.019387 0.999648 0.018096 -1.260882 -0.038022 -0.018823 0.999100 -0.666796
0.999105 0.018036 0.038254 74.641421 -0.018707 0.999676 0.017246 -1.282050 -0.037930 -0.017946 0.999119 -0.674486
0.999063 0.018897 0.038927 75.240590 -0.019593 0.999653 0.017583 -1.298577 -0.038581 -0.018329 0.999087 -0.679743
0.999032 0.018958 0.039691 75.854094 -0.019699 0.999637 0.018353 -1.313818 -0.039329 -0.019118 0.999043 -0.685169
0.999035 0.018665 0.039746 76.456167 -0.019393 0.999650 0.018006 -1.327865 -0.039396 -0.018760 0.999048 -0.690516
0.999036 0.018917 0.039611 77.055062 -0.019688 0.999622 0.019164 -1.344396 -0.039233 -0.019926 0.999031 -0.695771
0.999089 0.019080 0.038176 77.660583 -0.019859 0.999600 0.020131 -1.362150 -0.037777 -0.020870 0.999068 -0.701058
0.999134 0.019250 0.036884 78.298018 -0.019942 0.999630 0.018506 -1.381425 -0.036514 -0.019225 0.999148 -0.706608
0.999142 0.019607 0.036485 78.888948 -0.020245 0.999647 0.017200 -1.398258 -0.036134 -0.017924 0.999186 -0.711780
0.999141 0.020142 0.036206 79.475956 -0.020777 0.999636 0.017237 -1.415759 -0.035845 -0.017975 0.999196 -0.716898
0.999068 0.020753 0.037854 80.653098 -0.021440 0.999611 0.017848 -1.448170 -0.037468 -0.018643 0.999124 -0.727229
0.999104 0.020911 0.036794 81.250961 -0.021580 0.999607 0.017885 -1.465101 -0.036405 -0.018663 0.999163 -0.732464
0.999152 0.020670 0.035596 81.836929 -0.021312 0.999616 0.017739 -1.482320 -0.035216 -0.018482 0.999209 -0.737579
0.999165 0.020826 0.035151 82.407366 -0.021488 0.999597 0.018545 -1.498144 -0.034751 -0.019285 0.999210 -0.742582
0.999157 0.021027 0.035253 82.978780 -0.021729 0.999570 0.019672 -1.513595 -0.034824 -0.020421 0.999185 -0.747604
0.999130 0.021720 0.035613 83.553226 -0.022450 0.999544 0.020218 -1.530769 -0.035157 -0.021000 0.999161 -0.752611
0.999074 0.022338 0.036770 84.125089 -0.023108 0.999520 0.020649 -1.546950 -0.036291 -0.021480 0.999110 -0.757618
0.999094 0.021406 0.036791 84.698608 -0.022203 0.999525 0.021394 -1.557862 -0.036316 -0.022192 0.999094 -0.762774
0.999066 0.021312 0.037601 85.254770 -0.022125 0.999528 0.021316 -1.572323 -0.037129 -0.022128 0.999065 -0.767677
0.999047 0.021782 0.037823 85.793994 -0.022617 0.999506 0.021800 -1.589014 -0.037330 -0.022635 0.999047 -0.772362
0.999038 0.022115 0.037879 86.343587 -0.022965 0.999491 0.022159 -1.605527 -0.037369 -0.023008 0.999037 -0.777151
0.999015 0.023267 0.037785 86.889507 -0.024089 0.999479 0.021460 -1.624368 -0.037266 -0.022349 0.999055 -0.781846
0.999009 0.024010 0.037483 87.444033 -0.024800 0.999477 0.020751 -1.641886 -0.036965 -0.021660 0.999082 -0.786656
0.999016 0.025107 0.036567 87.961153 -0.025843 0.999470 0.019796 -1.659098 -0.036050 -0.020722 0.999135 -0.791119
0.999021 0.026161 0.035686 88.507341 -0.026854 0.999458 0.019066 -1.677525 -0.035168 -0.020005 0.999181 -0.795827
0.999038 0.027220 0.034380 89.035369 -0.027887 0.999429 0.019082 -1.694138 -0.033841 -0.020023 0.999227 -0.800409
0.999079 0.028079 0.032437 89.557630 -0.028724 0.999396 0.019568 -1.711833 -0.031868 -0.020481 0.999282 -0.804909
0.999102 0.028464 0.031388 90.102211 -0.029104 0.999374 0.020132 -1.728896 -0.030795 -0.021028 0.999305 -0.809636
0.999084 0.029266 0.031220 90.617058 -0.029897 0.999355 0.019919 -1.747293 -0.030617 -0.020834 0.999314 -0.814048
0.999068 0.030005 0.031023 91.104763 -0.030616 0.999343 0.019403 -1.765260 -0.030420 -0.020335 0.999330 -0.818214
0.999065 0.030483 0.030658 91.630877 -0.031082 0.999331 0.019268 -1.784663 -0.030050 -0.020203 0.999344 -0.822708
0.999024 0.030824 0.031630 92.151619 -0.031472 0.999301 0.020196 -1.803012 -0.030986 -0.021171 0.999296 -0.827177
0.998953 0.031914 0.032774 92.645379 -0.032589 0.999263 0.020267 -1.820574 -0.032103 -0.021314 0.999257 -0.831410
0.998861 0.033718 0.033765 93.196187 -0.034388 0.999219 0.019472 -1.844161 -0.033082 -0.020611 0.999240 -0.836033
0.998801 0.035282 0.033945 93.738464 -0.035953 0.999166 0.019365 -1.866831 -0.033234 -0.020562 0.999236 -0.840597
0.998792 0.036149 0.033292 94.229829 -0.036804 0.999137 0.019270 -1.887982 -0.032567 -0.020472 0.999260 -0.844717
0.998745 0.038303 0.032262 94.747055 -0.038946 0.999050 0.019556 -1.911196 -0.031482 -0.020788 0.999288 -0.849031
0.998685 0.039765 0.032371 95.228205 -0.040385 0.999009 0.018725 -1.932032 -0.031594 -0.020008 0.999300 -0.853063
0.998567 0.041424 0.033877 95.732648 -0.041994 0.998985 0.016302 -1.954895 -0.033168 -0.017702 0.999293 -0.857264
0.998416 0.043507 0.035669 96.411205 -0.044048 0.998924 0.014524 -1.987266 -0.034999 -0.016072 0.999258 -0.862875
0.998347 0.044985 0.035763 96.920685 -0.045454 0.998889 0.012430 -2.010805 -0.035164 -0.014035 0.999283 -0.867107
0.998312 0.046911 0.034233 97.413872 -0.047334 0.998811 0.011656 -2.036237 -0.033646 -0.013256 0.999346 -0.871137
0.998235 0.049545 0.032739 97.911700 -0.049936 0.998689 0.011236 -2.064753 -0.032140 -0.012851 0.999401 -0.875133
0.998109 0.051523 0.033516 98.411424 -0.051939 0.998582 0.011655 -2.092555 -0.032868 -0.013374 0.999370 -0.879166
0.997946 0.053203 0.035687 98.899210 -0.053663 0.998486 0.012072 -2.121219 -0.034990 -0.013962 0.999290 -0.883064
0.997725 0.054840 0.039206 99.375132 -0.055337 0.998399 0.011696 -2.149051 -0.038502 -0.013839 0.999163 -0.886870
0.997369 0.058402 0.042935 100.325958 -0.058945 0.998195 0.011505 -2.208963 -0.042186 -0.014005 0.999012 -0.894366
0.997292 0.059708 0.042940 100.794450 -0.060267 0.998112 0.011834 -2.239571 -0.042152 -0.014390 0.999008 -0.898032
0.997113 0.062222 0.043513 101.261448 -0.062805 0.997952 0.012176 -2.272197 -0.042666 -0.014874 0.998979 -0.901634
0.996911 0.064943 0.044169 101.730886 -0.065545 0.997774 0.012305 -2.303962 -0.043272 -0.015162 0.998948 -0.905280
0.996663 0.068004 0.045153 102.204667 -0.068668 0.997551 0.013324 -2.337317 -0.044136 -0.016380 0.998891 -0.908927
0.996363 0.071106 0.046962 102.677985 -0.071760 0.997345 0.012384 -2.372290 -0.045957 -0.015709 0.998820 -0.912529
0.996073 0.073869 0.048816 103.160290 -0.074550 0.997142 0.012282 -2.409181 -0.047769 -0.015873 0.998732 -0.916168
0.995744 0.077044 0.050576 103.630997 -0.077800 0.996882 0.013136 -2.447856 -0.049406 -0.017015 0.998634 -0.919652
0.995362 0.080086 0.053291 104.100962 -0.080839 0.996654 0.012118 -2.487745 -0.052142 -0.016369 0.998506 -0.923099
0.994986 0.083510 0.055029 104.549913 -0.084298 0.996367 0.012143 -2.527998 -0.053815 -0.016720 0.998411 -0.926337
0.994732 0.085706 0.056244 104.980885 -0.086539 0.996170 0.012538 -2.567308 -0.054954 -0.017339 0.998338 -0.929430
0.994382 0.088442 0.058161 105.436304 -0.089353 0.995912 0.013248 -2.609004 -0.056752 -0.018370 0.998219 -0.932693
0.993864 0.091518 0.062119 105.892326 -0.092628 0.995585 0.015219 -2.653965 -0.060452 -0.020879 0.997953 -0.935880
0.993288 0.094508 0.066682 106.343095 -0.095662 0.995311 0.014325 -2.698226 -0.065015 -0.020608 0.997671 -0.939035
0.992680 0.098468 0.069933 106.774725 -0.099543 0.994960 0.012048 -2.743937 -0.068394 -0.018921 0.997479 -0.941973
0.992124 0.101947 0.072773 107.208378 -0.103101 0.994595 0.012271 -2.789832 -0.071128 -0.019677 0.997273 -0.944925
0.991577 0.105954 0.074489 107.650754 -0.107239 0.994142 0.013464 -2.838059 -0.072626 -0.021338 0.997131 -0.947901
0.990892 0.110762 0.076584 108.079525 -0.112259 0.993558 0.015503 -2.885675 -0.074373 -0.023959 0.996943 -0.950763
0.990196 0.116610 0.076901 108.505698 -0.118286 0.992823 0.017604 -2.934647 -0.074296 -0.026528 0.996883 -0.953567
0.989564 0.122742 0.075482 108.928440 -0.124337 0.992098 0.016779 -2.987199 -0.072826 -0.025989 0.997006 -0.956248
0.988913 0.127403 0.076291 109.325795 -0.129009 0.991506 0.016491 -3.039781 -0.073542 -0.026150 0.996949 -0.958688
0.988346 0.131843 0.076089 109.740586 -0.133318 0.990966 0.014616 -3.096618 -0.073474 -0.024590 0.996994 -0.961186
0.987898 0.135971 0.074631 110.134023 -0.137365 0.990423 0.013863 -3.153035 -0.072032 -0.023947 0.997115 -0.963493
0.987469 0.140139 0.072563 110.545141 -0.141627 0.989795 0.015762 -3.215231 -0.069614 -0.025841 0.997239 -0.965822
0.987332 0.142716 0.069333 110.938725 -0.144207 0.989402 0.016970 -3.273773 -0.066176 -0.026753 0.997449 -0.968076
0.987247 0.145620 0.064327 111.304862 -0.147059 0.988960 0.018207 -3.330117 -0.060965 -0.027435 0.997763 -0.970126
0.987128 0.149001 0.058105 111.698769 -0.150262 0.988484 0.017936 -3.394685 -0.054763 -0.026436 0.998149 -0.972232
0.986946 0.152434 0.051982 112.096480 -0.153512 0.987994 0.017381 -3.458232 -0.048708 -0.025133 0.998497 -0.974400
0.986607 0.156470 0.046086 112.640468 -0.157250 0.987462 0.013805 -3.547191 -0.043348 -0.020867 0.998842 -0.977314
0.986325 0.159082 0.043078 113.053944 -0.159553 0.987159 0.007693 -3.616141 -0.041301 -0.014461 0.999042 -0.979495
0.985883 0.161882 0.042763 113.462157 -0.162217 0.986745 0.004470 -3.687012 -0.041472 -0.011344 0.999075 -0.981578
0.985243 0.164847 0.046067 113.862595 -0.165193 0.986254 0.003777 -3.756570 -0.044811 -0.011331 0.998931 -0.983620
0.984704 0.167461 0.048105 114.263616 -0.167763 0.985825 0.002269 -3.828302 -0.047044 -0.010304 0.998840 -0.985614
0.984382 0.168840 0.049849 114.668090 -0.169183 0.985581 0.002717 -3.900711 -0.048671 -0.011109 0.998753 -0.987623
0.984134 0.170426 0.049344 115.072116 -0.170805 0.985298 0.003543 -3.975557 -0.048015 -0.011915 0.998776 -0.989566
0.984121 0.171022 0.047511 115.495265 -0.171336 0.985209 0.002595 -4.051299 -0.046364 -0.010694 0.998867 -0.991668
0.984070 0.172041 0.044809 116.233866 -0.172229 0.985057 0.000348 -4.188493 -0.044079 -0.008060 0.998996 -0.995212
0.983995 0.172796 0.043530 116.662573 -0.172936 0.984933 -0.000544 -4.269870 -0.042968 -0.006992 0.999052 -0.997225
0.983910 0.173458 0.042807 117.102799 -0.173619 0.984813 0.000052 -4.351020 -0.042148 -0.007484 0.999083 -0.999352
0.983641 0.174961 0.042877 117.536648 -0.175235 0.984523 0.002690 -4.432881 -0.041743 -0.010160 0.999077 -1.001402
0.983420 0.176113 0.043241 117.968095 -0.176493 0.984289 0.005107 -4.514757 -0.041662 -0.012654 0.999052 -1.003428
0.983338 0.176747 0.042512 118.404346 -0.177173 0.984159 0.006437 -4.596604 -0.040701 -0.013861 0.999075 -1.005501
0.983388 0.176927 0.040562 118.846017 -0.177351 0.984122 0.007082 -4.679339 -0.038665 -0.014158 0.999152 -1.007602
0.983283 0.177954 0.038549 119.291131 -0.178353 0.983941 0.007151 -4.762206 -0.036657 -0.013907 0.999231 -1.009733
0.983095 0.179441 0.036399 119.731497 -0.179813 0.983675 0.007196 -4.845209 -0.034513 -0.013619 0.999311 -1.011815
0.982863 0.181199 0.033882 120.178791 -0.181545 0.983355 0.007402 -4.930931 -0.031977 -0.013427 0.999398 -1.013895
0.982643 0.182773 0.031733 120.629946 -0.183160 0.983035 0.009709 -5.015876 -0.029420 -0.015352 0.999449 -1.016031
0.982433 0.184752 0.026327 121.458246 -0.185150 0.982616 0.013588 -5.174550 -0.023359 -0.018224 0.999561 -1.019883
0.982116 0.186709 0.024267 121.905942 -0.187061 0.982260 0.013173 -5.264604 -0.021377 -0.017477 0.999619 -1.021858
0.981834 0.188352 0.022919 122.352138 -0.188680 0.981951 0.013088 -5.353102 -0.020040 -0.017175 0.999652 -1.023857
0.981531 0.190204 0.020462 122.810097 -0.190518 0.981575 0.014616 -5.446062 -0.017305 -0.018244 0.999684 -1.025856
0.981168 0.192266 0.018523 123.267040 -0.192593 0.981117 0.017828 -5.540377 -0.014746 -0.021059 0.999669 -1.027811
0.980722 0.194642 0.017296 123.725441 -0.194982 0.980587 0.020769 -5.633657 -0.012917 -0.023741 0.999635 -1.029806
0.980556 0.195665 0.014981 124.182541 -0.195971 0.980345 0.022797 -5.730644 -0.010226 -0.025290 0.999628 -1.031695
0.980344 0.196830 0.013580 124.644476 -0.197102 0.980114 0.022959 -5.829376 -0.008791 -0.025185 0.999644 -1.033586
0.980169 0.197688 0.013739 125.146633 -0.197969 0.979924 0.023595 -5.936444 -0.008799 -0.025847 0.999627 -1.035648
0.979842 0.199282 0.014022 125.583596 -0.199571 0.979596 0.023715 -6.030860 -0.009010 -0.026035 0.999620 -1.037412
0.979300 0.201887 0.014594 126.079063 -0.202192 0.979055 0.023871 -6.139354 -0.009469 -0.026328 0.999609 -1.039375
0.979033 0.203116 0.015440 126.543246 -0.203454 0.978766 0.024967 -6.241731 -0.010041 -0.027585 0.999569 -1.041196
0.978893 0.203808 0.015184 127.018623 -0.204154 0.978579 0.026538 -6.344187 -0.009450 -0.029078 0.999532 -1.043120
0.978628 0.205144 0.014287 127.492573 -0.205484 0.978231 0.029005 -6.449315 -0.008026 -0.031321 0.999477 -1.044965
0.978833 0.204212 0.013511 127.970423 -0.204536 0.978397 0.030056 -6.543322 -0.007081 -0.032183 0.999457 -1.047125
0.978674 0.205017 0.012882 128.442633 -0.205327 0.978198 0.031139 -6.645779 -0.006217 -0.033120 0.999432 -1.049020
0.978558 0.205559 0.013034 128.910572 -0.205873 0.978091 0.030902 -6.744270 -0.006396 -0.032923 0.999437 -1.050974
0.978335 0.206594 0.013438 129.384368 -0.206904 0.977943 0.028609 -6.846863 -0.007231 -0.030770 0.999500 -1.052880
0.978069 0.207779 0.014482 129.837222 -0.208101 0.977756 0.026204 -6.947717 -0.008715 -0.028643 0.999552 -1.054632
0.977761 0.209130 0.015732 130.306946 -0.209458 0.977540 0.023310 -7.051608 -0.010504 -0.026087 0.999604 -1.056467
0.977316 0.211126 0.016736 130.787663 -0.211475 0.977114 0.022928 -7.159539 -0.011512 -0.025947 0.999597 -1.058305
0.976956 0.212954 0.014418 131.584347 -0.213289 0.976580 0.028275 -7.339803 -0.008059 -0.030698 0.999496 -1.061316
0.976969 0.213031 0.012208 132.068607 -0.213306 0.976543 0.029414 -7.447535 -0.005656 -0.031340 0.999493 -1.063192
0.976931 0.213219 0.011974 133.052876 -0.213450 0.976674 0.023379 -7.667450 -0.006709 -0.025396 0.999655 -1.066981
0.976734 0.214055 0.013098 133.541926 -0.214287 0.976564 0.020075 -7.777502 -0.008494 -0.022415 0.999713 -1.068845
0.976371 0.215499 0.016092 134.043003 -0.215793 0.976245 0.019485 -7.891466 -0.011511 -0.022497 0.999681 -1.070723
0.976001 0.216966 0.018651 134.542098 -0.217350 0.975849 0.021845 -8.004537 -0.013461 -0.025375 0.999587 -1.072606
0.975838 0.217622 0.019504 135.038168 -0.218050 0.975655 0.023483 -8.116296 -0.013919 -0.027169 0.999534 -1.074493
0.975808 0.217783 0.019237 135.530726 -0.218177 0.975671 0.021562 -8.227132 -0.014074 -0.025237 0.999582 -1.076369
0.975677 0.218280 0.020198 136.071953 -0.218663 0.975612 0.019180 -8.351672 -0.015519 -0.023130 0.999612 -1.078362
0.975525 0.218902 0.020820 136.556859 -0.219260 0.975522 0.016795 -8.464989 -0.016634 -0.020949 0.999642 -1.080104
0.974943 0.221469 0.020914 137.071341 -0.221819 0.974953 0.016205 -8.586827 -0.016801 -0.020438 0.999650 -1.081912
0.974645 0.222929 0.019230 137.593045 -0.223258 0.974610 0.017053 -8.712605 -0.014940 -0.020914 0.999670 -1.083689
0.974314 0.224526 0.017309 138.067238 -0.224828 0.974230 0.018116 -8.831648 -0.012795 -0.021542 0.999686 -1.085185
0.974248 0.224908 0.016003 138.579140 -0.225195 0.974125 0.019172 -8.955795 -0.011277 -0.022282 0.999688 -1.086911
0.974074 0.225693 0.015557 139.100074 -0.225977 0.973930 0.019872 -9.081287 -0.010667 -0.022873 0.999681 -1.088688
0.974157 0.225387 0.014778 139.582403 -0.225653 0.974006 0.019840 -9.194021 -0.009922 -0.022662 0.999694 -1.090420
0.974019 0.226024 0.014172 140.108132 -0.226279 0.973855 0.020122 -9.318938 -0.009253 -0.022806 0.999697 -1.092256
0.973867 0.226667 0.014356 140.640478 -0.226930 0.973693 0.020623 -9.447562 -0.009303 -0.023342 0.999684 -1.094063
0.973520 0.228149 0.014372 141.258103 -0.228418 0.973332 0.021199 -9.597905 -0.009152 -0.023920 0.999672 -1.096130
0.973367 0.228782 0.014653 141.819931 -0.229059 0.973178 0.021344 -9.732759 -0.009377 -0.024132 0.999665 -1.098059
0.973135 0.229762 0.014743 142.318564 -0.230036 0.972960 0.020789 -9.853643 -0.009568 -0.023622 0.999675 -1.099741
0.972578 0.232100 0.014909 142.848906 -0.232370 0.972421 0.020054 -9.986341 -0.009843 -0.022968 0.999688 -1.101425
0.971766 0.235481 0.014778 143.378289 -0.235744 0.971615 0.019709 -10.120365 -0.009718 -0.022636 0.999697 -1.103068
0.970941 0.238891 0.014316 143.913342 -0.239131 0.970813 0.018412 -10.257075 -0.009499 -0.021300 0.999728 -1.104696
0.967748 0.251767 0.008759 147.774503 -0.251883 0.967616 0.016579 -11.284549 -0.004301 -0.018251 0.999824 -1.115419
0.967636 0.252226 0.007919 148.296300 -0.252328 0.967495 0.016845 -11.425009 -0.003412 -0.018298 0.999827 -1.116828
0.967382 0.253208 0.007546 149.458179 -0.253293 0.967289 0.013970 -11.741541 -0.003762 -0.015426 0.999874 -1.119870
0.967517 0.252706 0.007080 150.578468 -0.252770 0.967470 0.010469 -12.043292 -0.004204 -0.011918 0.999920 -1.122890
0.967501 0.252776 0.006746 151.144444 -0.252832 0.967464 0.009496 -12.196769 -0.004126 -0.010893 0.999932 -1.124389
0.967673 0.252140 0.005871 151.706110 -0.252184 0.967641 0.008608 -12.347127 -0.003510 -0.009810 0.999946 -1.125927
0.967792 0.251707 0.004690 152.271512 -0.251734 0.967774 0.006603 -12.498976 -0.002877 -0.007571 0.999967 -1.127462
0.967990 0.250937 0.005062 152.829325 -0.250959 0.967988 0.004266 -12.650793 -0.003829 -0.005399 0.999978 -1.128926
0.968116 0.250442 0.005420 153.389775 -0.250456 0.968126 0.002109 -12.803573 -0.004719 -0.003400 0.999983 -1.130391
0.968153 0.250297 0.005586 153.961845 -0.250303 0.968168 0.000405 -12.958828 -0.005307 -0.001790 0.999984 -1.131904
0.968230 0.249995 0.005841 154.528685 -0.249993 0.968247 -0.001064 -13.111716 -0.005921 -0.000430 0.999982 -1.133426
0.968488 0.248987 0.006034 155.096674 -0.248983 0.968507 -0.001393 -13.264694 -0.006191 -0.000153 0.999981 -1.134958
0.968941 0.247238 0.005134 156.006689 -0.247226 0.968954 -0.002859 -13.512477 -0.005681 0.001500 0.999983 -1.137344
0.969173 0.246307 0.006030 156.594014 -0.246281 0.969187 -0.004710 -13.672161 -0.007004 0.003080 0.999971 -1.138889
0.969514 0.244965 0.005980 157.164626 -0.244935 0.969525 -0.005232 -13.825284 -0.007079 0.003608 0.999968 -1.140442
0.969913 0.243383 0.005825 157.750980 -0.243361 0.969926 -0.004340 -13.976387 -0.006706 0.002792 0.999974 -1.142194
0.970125 0.242565 0.004315 158.376843 -0.242553 0.970133 -0.003151 -14.141844 -0.004951 0.002010 0.999986 -1.143960
0.970519 0.241014 0.002268 158.903555 -0.241010 0.970521 -0.001982 -14.279190 -0.002678 0.001377 0.999995 -1.145493
0.970772 0.239995 0.002172 159.513651 -0.239992 0.970774 -0.001601 -14.439107 -0.002493 0.001033 0.999996 -1.147249
0.970998 0.239067 0.003295 160.084857 -0.239064 0.971003 -0.001218 -14.588754 -0.003490 0.000395 0.999994 -1.148894
0.971207 0.238188 0.004779 160.653510 -0.238184 0.971219 -0.001389 -14.739182 -0.004972 0.000210 0.999988 -1.150496
0.971432 0.237265 0.005057 161.220325 -0.237260 0.971445 -0.001577 -14.884374 -0.005287 0.000332 0.999986 -1.152212
0.971513 0.236958 0.003703 161.787552 -0.236953 0.971520 -0.001704 -15.031279 -0.004002 0.000778 0.999992 -1.153889
0.971692 0.236245 0.001765 162.352397 -0.236242 0.971693 -0.001897 -15.176260 -0.002163 0.001426 0.999997 -1.155591
0.971744 0.236036 -0.000571 162.924886 -0.236037 0.971742 -0.002107 -15.324411 0.000058 0.002183 0.999998 -1.157287
0.971667 0.236337 -0.002829 163.492058 -0.236345 0.971664 -0.003168 -15.474374 0.002000 0.003747 0.999991 -1.158886
0.971864 0.235504 -0.004314 164.058126 -0.235518 0.971866 -0.002906 -15.620507 0.003509 0.003840 0.999986 -1.160571
0.972050 0.234731 -0.004411 164.609771 -0.234742 0.972055 -0.002331 -15.763152 0.003741 0.003302 0.999988 -1.162208
0.972403 0.233256 -0.004979 165.701886 -0.233253 0.972415 0.001110 -16.039956 0.005101 0.000082 0.999987 -1.165588
0.972639 0.232270 -0.004901 166.269990 -0.232259 0.972650 0.002755 -16.180896 0.005407 -0.001541 0.999984 -1.167423
0.972707 0.231989 -0.004826 166.802096 -0.231971 0.972715 0.003991 -16.314464 0.005620 -0.002762 0.999980 -1.169103
0.972780 0.231698 -0.003947 167.386302 -0.231682 0.972783 0.003954 -16.461320 0.004755 -0.002932 0.999984 -1.170941
0.972757 0.231815 -0.002309 167.941357 -0.231805 0.972754 0.003966 -16.599157 0.003166 -0.003323 0.999989 -1.172731
0.972737 0.231898 0.002375 169.038274 -0.231908 0.972722 0.005432 -16.866435 -0.001050 -0.005835 0.999982 -1.176396
0.972735 0.231909 0.002025 169.596515 -0.231916 0.972726 0.004263 -17.002197 -0.000981 -0.004616 0.999989 -1.178268
0.972880 0.231304 0.001861 170.136665 -0.231310 0.972869 0.004579 -17.136935 -0.000751 -0.004886 0.999988 -1.179994
0.972999 0.230795 0.002455 170.703487 -0.230806 0.972980 0.006220 -17.276342 -0.000954 -0.006619 0.999978 -1.181856
0.973129 0.230252 0.001822 171.271074 -0.230259 0.973103 0.007220 -17.415763 -0.000110 -0.007446 0.999972 -1.183724
0.973139 0.230211 0.001814 171.801136 -0.230218 0.973122 0.005814 -17.541860 -0.000427 -0.006075 0.999981 -1.185572
0.973310 0.229481 0.002369 172.567355 -0.229492 0.973288 0.006661 -17.725217 -0.000777 -0.007027 0.999975 -1.188217
0.973427 0.228983 0.002534 173.136375 -0.228994 0.973410 0.005953 -17.862239 -0.001104 -0.006375 0.999979 -1.190159
0.973279 0.229612 0.002637 173.709565 -0.229623 0.973264 0.005537 -18.003691 -0.001295 -0.005994 0.999981 -1.192029
0.973251 0.229727 0.002677 174.321506 -0.229740 0.973234 0.006008 -18.156726 -0.001225 -0.006462 0.999978 -1.193975
0.973158 0.230121 0.002837 174.856953 -0.230133 0.973146 0.005087 -18.290891 -0.001590 -0.005603 0.999983 -1.195672
0.973250 0.229743 0.001876 175.470157 -0.229748 0.973246 0.002861 -18.444368 -0.001168 -0.003216 0.999994 -1.197618
0.973344 0.229344 0.001525 176.041975 -0.229347 0.973342 0.002106 -18.585434 -0.001001 -0.002400 0.999997 -1.199486
0.973452 0.228884 0.001895 176.608818 -0.228887 0.973451 0.001954 -18.726069 -0.001397 -0.002335 0.999996 -1.201316
0.973400 0.229102 0.002334 177.183628 -0.229106 0.973400 0.001834 -18.869431 -0.001852 -0.002320 0.999996 -1.203154
0.973433 0.228961 0.002397 177.742006 -0.228967 0.973431 0.002343 -19.009939 -0.001797 -0.002830 0.999994 -1.204908
0.973483 0.228744 0.002617 178.312325 -0.228752 0.973479 0.003431 -19.152615 -0.001763 -0.003938 0.999991 -1.206720
0.973607 0.228200 0.003761 178.881587 -0.228214 0.973604 0.003765 -19.291024 -0.002802 -0.004524 0.999986 -1.208630
0.973658 0.227964 0.004715 179.461500 -0.227982 0.973659 0.003546 -19.432824 -0.003783 -0.004528 0.999983 -1.210555
0.973777 0.227431 0.005743 180.037974 -0.227456 0.973780 0.004138 -19.571600 -0.004651 -0.005336 0.999975 -1.212524
0.973838 0.227150 0.006536 180.614511 -0.227186 0.973837 0.005288 -19.713922 -0.005164 -0.006635 0.999965 -1.214404
0.973921 0.226797 0.006365 181.192182 -0.226837 0.973912 0.006395 -19.855515 -0.004749 -0.007672 0.999959 -1.216313
0.973983 0.226549 0.005674 181.767719 -0.226590 0.973958 0.007991 -19.996845 -0.003716 -0.009069 0.999952 -1.218209
0.974010 0.226447 0.005187 182.316928 -0.226487 0.973972 0.009064 -20.131263 -0.003000 -0.010003 0.999945 -1.220029
0.974086 0.226118 0.005286 182.943075 -0.226160 0.974042 0.009664 -20.281841 -0.002963 -0.010609 0.999939 -1.222172
0.974139 0.225874 0.005837 183.475963 -0.225919 0.974105 0.008911 -20.410319 -0.003673 -0.009999 0.999943 -1.223987
0.974223 0.225500 0.006206 184.046698 -0.225547 0.974197 0.008271 -20.551813 -0.004181 -0.009458 0.999947 -1.225833
0.974000 0.226449 0.006747 184.639227 -0.226498 0.973982 0.007654 -20.699972 -0.004839 -0.008983 0.999948 -1.227717
0.973955 0.226637 0.006930 185.218705 -0.226684 0.973943 0.007061 -20.845027 -0.005149 -0.008448 0.999951 -1.229557
0.974000 0.226457 0.006476 185.803328 -0.226495 0.973994 0.005917 -20.987674 -0.004968 -0.007230 0.999962 -1.231505
0.974057 0.226214 0.006271 186.385854 -0.226246 0.974057 0.005023 -21.132103 -0.004972 -0.006312 0.999968 -1.233389
0.974265 0.225321 0.006144 186.966115 -0.225347 0.974270 0.003998 -21.272068 -0.005085 -0.005280 0.999973 -1.235364
0.974287 0.225227 0.006105 187.539862 -0.225253 0.974292 0.004018 -21.410891 -0.005043 -0.005290 0.999973 -1.237306
0.974475 0.224410 0.006186 188.125932 -0.224440 0.974477 0.004641 -21.548927 -0.004987 -0.005911 0.999970 -1.239384
0.974560 0.224033 0.006515 188.705259 -0.224064 0.974565 0.004320 -21.685388 -0.005381 -0.005670 0.999969 -1.241438
0.974599 0.223848 0.006962 189.273307 -0.223879 0.974609 0.004004 -21.823054 -0.005889 -0.005461 0.999968 -1.243355
0.974601 0.223792 0.008334 189.845053 -0.223838 0.974613 0.005038 -21.963058 -0.006995 -0.006775 0.999953 -1.245248
0.974591 0.223769 0.009964 190.418865 -0.223838 0.974605 0.006403 -22.102535 -0.008279 -0.008470 0.999930 -1.247174
0.974517 0.224039 0.011068 190.963290 -0.224120 0.974538 0.006701 -22.235043 -0.009285 -0.009011 0.999916 -1.248997
0.974715 0.223175 0.011128 191.527345 -0.223256 0.974737 0.006628 -22.369149 -0.009368 -0.008945 0.999916 -1.250965
0.974812 0.222784 0.010423 192.100242 -0.222863 0.974824 0.007039 -22.506349 -0.008592 -0.009185 0.999921 -1.252940
0.974740 0.223165 0.008926 192.656224 -0.223237 0.974730 0.008141 -22.640949 -0.006883 -0.009928 0.999927 -1.254819
0.974657 0.223580 0.007451 193.220328 -0.223644 0.974627 0.009236 -22.781085 -0.005197 -0.010668 0.999930 -1.256637
0.974721 0.223336 0.006390 193.796197 -0.223397 0.974662 0.011269 -22.919489 -0.003711 -0.012412 0.999916 -1.258609
0.974936 0.222408 0.005828 194.341907 -0.222464 0.974863 0.012325 -23.047472 -0.002940 -0.013313 0.999907 -1.260558
0.974912 0.222505 0.006150 194.910373 -0.222569 0.974826 0.013300 -23.184094 -0.003036 -0.014335 0.999893 -1.262505
0.974959 0.222274 0.007042 195.490757 -0.222352 0.974872 0.013568 -23.321655 -0.003850 -0.014794 0.999883 -1.264541
0.975058 0.221814 0.007804 196.031966 -0.221907 0.974961 0.014403 -23.451299 -0.004413 -0.015776 0.999866 -1.266406
0.975026 0.221985 0.006913 196.594888 -0.222070 0.974896 0.016219 -23.586270 -0.003139 -0.017349 0.999845 -1.268342
0.975008 0.222138 0.003667 197.165600 -0.222168 0.974852 0.017461 -23.723372 0.000304 -0.017839 0.999841 -1.270298
0.975250 0.221101 0.000895 197.996933 -0.221087 0.975121 0.016100 -23.917909 0.002687 -0.015900 0.999870 -1.273278
0.975432 0.220296 0.001357 198.555294 -0.220294 0.975341 0.013410 -24.048101 0.001631 -0.013379 0.999909 -1.275291
0.975213 0.221201 0.005421 199.124529 -0.221246 0.975168 0.009904 -24.185010 -0.003095 -0.010857 0.999936 -1.277238
0.974919 0.222329 0.010175 199.688987 -0.222401 0.974933 0.006559 -24.320418 -0.008462 -0.008657 0.999927 -1.279178
0.974916 0.222233 0.012265 200.260052 -0.222303 0.974967 0.004632 -24.455821 -0.010929 -0.007242 0.999914 -1.281180
0.975104 0.221517 0.010103 200.841592 -0.221563 0.975139 0.003634 -24.593882 -0.009047 -0.005782 0.999942 -1.283215
0.975257 0.220993 0.005931 201.411510 -0.221015 0.975265 0.003299 -24.729332 -0.005055 -0.004529 0.999977 -1.285205
0.975417 0.220360 0.001948 201.999180 -0.220365 0.975411 0.003579 -24.871352 -0.001111 -0.003920 0.999992 -1.287198
0.975459 0.220179 0.000850 202.498900 -0.220180 0.975441 0.005884 -24.988915 0.000466 -0.005927 0.999982 -1.288974
0.975639 0.219373 0.001824 203.480177 -0.219380 0.975587 0.010105 -25.218789 0.000437 -0.010259 0.999947 -1.292485
0.975762 0.218826 0.002066 204.037732 -0.218835 0.975686 0.012139 -25.349677 0.000640 -0.012297 0.999924 -1.294473
0.975840 0.218481 0.001639 204.765763 -0.218480 0.975721 0.015326 -25.519231 0.001750 -0.015314 0.999881 -1.297103
0.975929 0.218088 -0.000175 205.506201 -0.218047 0.975763 0.018479 -25.692636 0.004201 -0.017996 0.999829 -1.299753
0.975724 0.219002 -0.000910 206.501130 -0.218939 0.975529 0.020200 -25.925712 0.005311 -0.019511 0.999796 -1.303313
0.975728 0.218987 -0.000258 207.068128 -0.218930 0.975499 0.021695 -26.056492 0.005003 -0.021112 0.999765 -1.305393
