1.000000 0.000373 -0.000204 0.577612 -0.000373 0.999999 -0.001280 -0.000035 0.000203 0.001280 0.999999 0.018825
0.999996 0.002699 -0.000269 1.133877 -0.002700 0.999994 -0.001976 -0.004727 0.000264 0.001976 0.999998 0.036990
0.999993 0.003705 -0.000660 1.727135 -0.003707 0.999988 -0.003049 -0.007299 0.000648 0.003051 0.999995 0.056344
0.999987 0.004759 -0.001897 2.309859 -0.004768 0.999979 -0.004417 -0.009966 0.001876 0.004426 0.999988 0.075356
0.999983 0.005259 -0.002572 2.888263 -0.005272 0.999972 -0.005394 -0.012948 0.002544 0.005407 0.999982 0.094230
0.999971 0.007138 -0.002698 3.437213 -0.007155 0.999954 -0.006342 -0.019578 0.002653 0.006361 0.999976 0.112171
0.999964 0.007899 -0.003152 4.023866 -0.007918 0.999949 -0.006303 -0.025421 0.003102 0.006327 0.999975 0.131336
0.999947 0.009447 -0.004108 4.613143 -0.009474 0.999932 -0.006748 -0.034260 0.004044 0.006787 0.999969 0.150609
0.999926 0.011289 -0.004572 5.148332 -0.011321 0.999911 -0.007069 -0.041910 0.004491 0.007120 0.999965 0.168111
0.999893 0.013966 -0.004369 5.738515 -0.014000 0.999872 -0.007684 -0.054926 0.004261 0.007744 0.999961 0.187446
0.999862 0.016537 -0.001744 6.880129 -0.016552 0.999826 -0.008589 -0.077730 0.001602 0.008616 0.999962 0.224828
0.999829 0.018465 -0.000652 7.483329 -0.018471 0.999788 -0.009141 -0.092552 0.000483 0.009151 0.999958 0.244602
0.999786 0.020658 -0.000519 8.319186 -0.020662 0.999735 -0.010152 -0.112999 0.000309 0.010160 0.999948 0.272001
0.999731 0.023189 -0.000334 8.907611 -0.023192 0.999672 -0.010860 -0.131606 0.000082 0.010865 0.999941 0.291323
0.999694 0.024724 0.000857 9.500774 -0.024712 0.999632 -0.011172 -0.148788 -0.001133 0.011148 0.999937 0.310788
0.999681 0.025123 0.002528 10.094117 -0.025091 0.999614 -0.011934 -0.164668 -0.002827 0.011867 0.999926 0.330248
0.999642 0.026492 0.003674 10.643428 -0.026444 0.999573 -0.012422 -0.180640 -0.004002 0.012321 0.999916 0.348274
0.999556 0.029517 0.004052 11.249755 -0.029463 0.999483 -0.012841 -0.199214 -0.004429 0.012716 0.999909 0.368179
0.999516 0.030841 0.003956 11.810094 -0.030788 0.999443 -0.012897 -0.219370 -0.004352 0.012769 0.999909 0.386597
0.999506 0.031168 0.004130 12.396973 -0.031110 0.999427 -0.013304 -0.240624 -0.004542 0.013169 0.999903 0.405889
0.999480 0.031873 0.004800 12.957308 -0.031805 0.999400 -0.013734 -0.262290 -0.005234 0.013574 0.999894 0.424318
0.999460 0.032328 0.005913 13.526844 -0.032248 0.999393 -0.013154 -0.284318 -0.006335 0.012956 0.999896 0.443051
0.999406 0.033654 0.007358 14.106115 -0.033559 0.999357 -0.012614 -0.306827 -0.007778 0.012359 0.999893 0.462104
0.999318 0.035844 0.008821 14.870807 -0.035743 0.999297 -0.011294 -0.339116 -0.009219 0.010971 0.999897 0.487276
0.999271 0.037040 0.009264 15.503626 -0.036938 0.999257 -0.010971 -0.365966 -0.009663 0.010620 0.999897 0.508109
0.999216 0.038569 0.008990 16.051998 -0.038462 0.999191 -0.011724 -0.390595 -0.009435 0.011369 0.999891 0.526171
0.999196 0.039233 0.008266 16.664934 -0.039133 0.999163 -0.011944 -0.416586 -0.008728 0.011611 0.999894 0.546349
0.999146 0.040523 0.008060 17.248482 -0.040428 0.999116 -0.011561 -0.444952 -0.008521 0.011225 0.999901 0.565587
0.999060 0.042112 0.010317 17.838832 -0.042004 0.999063 -0.010444 -0.474147 -0.010748 0.010001 0.999892 0.585054
0.998911 0.044292 0.014643 18.415042 -0.044143 0.998971 -0.010384 -0.502067 -0.015088 0.009727 0.999839 0.604049
0.998806 0.045018 0.018950 18.984625 -0.044848 0.998950 -0.009353 -0.528358 -0.019351 0.008491 0.999777 0.622816
0.998729 0.046276 0.019966 19.554624 -0.046109 0.998898 -0.008743 -0.555050 -0.020349 0.007811 0.999762 0.641600
0.998763 0.046769 0.016873 20.140424 -0.046627 0.998874 -0.008718 -0.582104 -0.017261 0.007920 0.999820 0.660902
0.998788 0.048043 0.010663 20.721574 -0.047949 0.998810 -0.008869 -0.610434 -0.011077 0.008347 0.999904 0.680061
0.998724 0.050390 0.003231 21.294934 -0.050354 0.998677 -0.010411 -0.641575 -0.003751 0.010235 0.999941 0.698989
0.998687 0.051221 0.000251 21.842966 -0.051214 0.998620 -0.011649 -0.671946 -0.000847 0.011621 0.999932 0.717086
0.998616 0.052470 0.003669 22.409629 -0.052425 0.998560 -0.011426 -0.706757 -0.004263 0.011218 0.999928 0.735824
0.998370 0.055168 0.014617 23.513229 -0.054989 0.998410 -0.012379 -0.772299 -0.015277 0.011555 0.999817 0.772299
0.998109 0.058644 0.018419 24.451850 -0.058370 0.998181 -0.015056 -0.829663 -0.019268 0.013952 0.999717 0.803335
0.997969 0.061683 0.015890 25.003623 -0.061429 0.997983 -0.016009 -0.866778 -0.016846 0.015000 0.999746 0.821605
0.997935 0.062855 0.013207 25.551850 -0.062636 0.997903 -0.016340 -0.902257 -0.014206 0.015479 0.999779 0.839748
0.997738 0.066135 0.012023 26.107202 -0.065920 0.997673 -0.017422 -0.939870 -0.013148 0.016590 0.999776 0.858139
0.997480 0.069794 0.012726 26.670027 -0.069556 0.997411 -0.018242 -0.983805 -0.013966 0.017311 0.999753 0.876823
0.997318 0.071673 0.014806 27.265364 -0.071395 0.997275 -0.018563 -1.029872 -0.016096 0.017456 0.999718 0.896583
0.997038 0.075176 0.016271 27.824454 -0.074860 0.997008 -0.019246 -1.075487 -0.017669 0.017971 0.999682 0.915158
0.996518 0.081870 0.015814 28.938307 -0.081535 0.996454 -0.020770 -1.169799 -0.017459 0.019408 0.999659 0.952191
0.996319 0.084390 0.015072 29.497863 -0.084065 0.996238 -0.021053 -1.218568 -0.016792 0.019708 0.999665 0.970806
0.996127 0.086644 0.014962 30.066024 -0.086318 0.996041 -0.021238 -1.269606 -0.016743 0.019865 0.999662 0.989719
0.995834 0.089928 0.015084 30.590982 -0.089597 0.995750 -0.021321 -1.320782 -0.016937 0.019881 0.999659 1.007225
0.995609 0.092290 0.015663 31.160993 -0.091952 0.995541 -0.021053 -1.377523 -0.017536 0.019521 0.999656 1.026242
0.995119 0.097264 0.016647 32.055410 -0.096921 0.995085 -0.020324 -1.468343 -0.018542 0.018611 0.999655 1.056097
0.994817 0.100231 0.017123 32.651771 -0.099870 0.994784 -0.020760 -1.531259 -0.019114 0.018943 0.999638 1.076021
0.994512 0.103051 0.018053 33.216471 -0.102639 0.994466 -0.022424 -1.593717 -0.020264 0.020448 0.999586 1.094910
0.994331 0.104665 0.018733 33.787321 -0.104227 0.994287 -0.023007 -1.657417 -0.021034 0.020924 0.999560 1.114009
0.994137 0.106490 0.018753 34.360511 -0.106031 0.994074 -0.023949 -1.720916 -0.021192 0.021820 0.999537 1.133182
0.993884 0.108706 0.019437 34.919850 -0.108183 0.993785 -0.026220 -1.785331 -0.022166 0.023957 0.999467 1.151912
0.993637 0.110822 0.020109 35.485961 -0.110260 0.993530 -0.027216 -1.850708 -0.022995 0.024826 0.999427 1.170869
0.993348 0.113420 0.019894 36.057162 -0.112855 0.993230 -0.027516 -1.916837 -0.022880 0.025088 0.999423 1.189998
0.993132 0.115256 0.020101 36.619807 -0.114703 0.993039 -0.026784 -1.984205 -0.023048 0.024294 0.999439 1.208858
0.992897 0.117152 0.020759 37.147601 -0.116589 0.992825 -0.026545 -2.049139 -0.023720 0.023936 0.999432 1.226564
0.992330 0.121241 0.024112 38.107722 -0.120607 0.992355 -0.026194 -2.169834 -0.027104 0.023085 0.999366 1.258792
0.991947 0.123893 0.026311 38.676178 -0.123211 0.992036 -0.026134 -2.244439 -0.029339 0.022682 0.999312 1.277897
0.991677 0.125882 0.027040 39.251677 -0.125201 0.991802 -0.025573 -2.319060 -0.030037 0.021975 0.999307 1.297233
0.991445 0.127485 0.027998 39.819723 -0.126899 0.991676 -0.021789 -2.392006 -0.030542 0.018050 0.999370 1.316312
0.991189 0.129313 0.028679 40.377260 -0.128816 0.991495 -0.018543 -2.466926 -0.030833 0.014685 0.999417 1.335064
0.990921 0.131262 0.029101 40.935238 -0.130802 0.991260 -0.017170 -2.542617 -0.031101 0.013208 0.999429 1.353837
0.990576 0.133359 0.031217 41.528594 -0.132917 0.991001 -0.015837 -2.623630 -0.033049 0.011538 0.999387 1.373803
0.990323 0.134851 0.032791 42.063497 -0.134387 0.990800 -0.015961 -2.697240 -0.034641 0.011400 0.999335 1.391808
0.990122 0.136159 0.033463 42.626263 -0.135751 0.990641 -0.014202 -2.774763 -0.035083 0.009519 0.999339 1.410751
0.990012 0.137097 0.032882 43.189530 -0.136656 0.990500 -0.015314 -2.853796 -0.034669 0.010668 0.999342 1.429721
0.989854 0.139003 0.029460 43.748916 -0.138530 0.990203 -0.017529 -2.934924 -0.031608 0.013270 0.999412 1.448582
0.989735 0.140420 0.026576 44.270761 -0.139946 0.989978 -0.018918 -3.011390 -0.028966 0.015005 0.999468 1.466183
0.989588 0.141716 0.025126 44.836084 -0.141233 0.989773 -0.020052 -3.095950 -0.027711 0.016295 0.999483 1.485264
0.989315 0.143772 0.024178 45.362095 -0.143311 0.989479 -0.019810 -3.175787 -0.026772 0.016133 0.999511 1.503027
0.988802 0.147089 0.025199 46.330251 -0.146596 0.988986 -0.020391 -3.324921 -0.027921 0.016468 0.999474 1.535738
0.988488 0.148886 0.026914 46.873295 -0.148325 0.988700 -0.021743 -3.408587 -0.029847 0.017501 0.999401 1.554085
0.987984 0.151968 0.028172 47.400799 -0.151326 0.988200 -0.023679 -3.494718 -0.031438 0.019131 0.999323 1.571946
0.987368 0.154977 0.032964 48.473062 -0.154267 0.987759 -0.023103 -3.664592 -0.036141 0.017726 0.999189 1.608211
0.986911 0.157646 0.033972 49.050730 -0.156903 0.987333 -0.023555 -3.759424 -0.037255 0.017916 0.999145 1.627773
0.986638 0.159509 0.033189 49.555483 -0.158749 0.987017 -0.024408 -3.842765 -0.036651 0.018813 0.999151 1.644871
0.986302 0.162217 0.029889 50.619232 -0.161532 0.986573 -0.024086 -4.021161 -0.033395 0.018928 0.999263 1.680924
0.985976 0.164501 0.028106 51.155215 -0.163850 0.986191 -0.024077 -4.112863 -0.031679 0.019134 0.999315 1.699104
0.985685 0.166234 0.028147 51.669186 -0.165591 0.985907 -0.023811 -4.202220 -0.031709 0.018809 0.999320 1.716549
0.985407 0.167769 0.028753 52.160882 -0.167099 0.985640 -0.024307 -4.289424 -0.032418 0.019148 0.999291 1.733251
0.984729 0.171576 0.029495 53.072610 -0.170831 0.984952 -0.026183 -4.449264 -0.033543 0.020745 0.999222 1.764206
0.984504 0.172807 0.029837 53.593119 -0.172032 0.984725 -0.026879 -4.540146 -0.034026 0.021330 0.999193 1.781875
0.984162 0.174734 0.029870 54.105515 -0.173944 0.984377 -0.027284 -4.632031 -0.034171 0.021656 0.999181 1.799288
0.983963 0.175858 0.029862 54.603599 -0.175028 0.984152 -0.028465 -4.720671 -0.034395 0.022782 0.999149 1.816209
0.983607 0.177789 0.030138 55.104757 -0.176900 0.983772 -0.029980 -4.810057 -0.034979 0.024157 0.999096 1.833236
0.983186 0.179911 0.031277 55.587007 -0.178970 0.983376 -0.030675 -4.899978 -0.036276 0.024562 0.999040 1.849651
0.982675 0.182435 0.032674 56.057862 -0.181405 0.982884 -0.032122 -4.990584 -0.037975 0.025638 0.998950 1.865700
0.981974 0.185887 0.034260 56.746340 -0.184771 0.982217 -0.033304 -5.122350 -0.039841 0.026374 0.998858 1.889161
0.981654 0.187628 0.033942 57.146358 -0.186564 0.981915 -0.032214 -5.200448 -0.039372 0.025290 0.998905 1.902805
0.981524 0.188632 0.032070 57.592363 -0.187670 0.981750 -0.030765 -5.288658 -0.037288 0.024178 0.999012 1.918025
0.981289 0.190076 0.030703 58.030409 -0.189124 0.981450 -0.031438 -5.375946 -0.036109 0.025043 0.999034 1.932979
0.980772 0.192536 0.031877 58.443665 -0.191524 0.980958 -0.032236 -5.460824 -0.037476 0.025511 0.998972 1.947107
0.980404 0.193972 0.034387 58.853994 -0.192870 0.980672 -0.032925 -5.545296 -0.040109 0.025648 0.998866 1.961135
0.979788 0.196339 0.038284 59.576991 -0.195179 0.980244 -0.032036 -5.693913 -0.043818 0.023916 0.998753 1.985852
0.979353 0.198164 0.039975 59.966793 -0.196978 0.979894 -0.031752 -5.774666 -0.045463 0.023222 0.998696 1.999183
0.979121 0.199108 0.040960 60.392943 -0.197961 0.979738 -0.030420 -5.862638 -0.046187 0.021676 0.998698 2.013755
0.979148 0.199065 0.040516 60.786060 -0.198010 0.979782 -0.028617 -5.943074 -0.045393 0.019998 0.998769 2.027192
0.979004 0.200087 0.038949 61.178048 -0.199084 0.979578 -0.028168 -6.024794 -0.043790 0.019822 0.998844 2.040601
0.978872 0.201085 0.037062 61.568407 -0.200007 0.979309 -0.030850 -6.107044 -0.042499 0.022785 0.998837 2.053962
0.978584 0.202595 0.036457 61.948150 -0.201428 0.978937 -0.033292 -6.186516 -0.042434 0.025235 0.998781 2.066955
0.978254 0.204328 0.035624 62.301862 -0.203135 0.978545 -0.034427 -6.263383 -0.041894 0.026442 0.998772 2.079080
0.978024 0.205473 0.035346 62.654949 -0.204294 0.978309 -0.034280 -6.340529 -0.041623 0.026306 0.998787 2.091186
0.977661 0.207129 0.035720 63.007470 -0.205977 0.977986 -0.033421 -6.419702 -0.041856 0.025317 0.998803 2.103290
0.976811 0.210800 0.037470 63.665692 -0.209669 0.977250 -0.031971 -6.569149 -0.043357 0.023373 0.998786 2.125902
0.976368 0.212864 0.037344 64.010254 -0.211679 0.976772 -0.033288 -6.647904 -0.043562 0.024596 0.998748 2.137743
0.976089 0.214151 0.037286 64.334295 -0.212925 0.976467 -0.034264 -6.720676 -0.043746 0.025506 0.998717 2.148869
0.975966 0.214635 0.037719 64.675903 -0.213338 0.976329 -0.035624 -6.797397 -0.044473 0.026721 0.998653 2.160598
0.975651 0.215890 0.038700 65.013308 -0.214585 0.976070 -0.035224 -6.874655 -0.045378 0.026062 0.998630 2.172194
0.975262 0.217458 0.039704 65.317590 -0.216154 0.975743 -0.034673 -6.944777 -0.046281 0.025233 0.998610 2.182656
0.974652 0.220012 0.040607 65.654692 -0.218765 0.975219 -0.033005 -7.024373 -0.046862 0.023286 0.998630 2.194260
0.974244 0.221775 0.040809 65.974699 -0.220547 0.974834 -0.032526 -7.101163 -0.046995 0.022688 0.998637 2.205286
0.973620 0.224540 0.040579 66.478999 -0.223217 0.974152 -0.034674 -7.223848 -0.047316 0.024702 0.998574 2.222674
0.973480 0.225202 0.040253 66.789134 -0.223847 0.973976 -0.035544 -7.296041 -0.047209 0.025591 0.998557 2.233342
0.973110 0.226964 0.039301 67.089003 -0.225566 0.973525 -0.037006 -7.367633 -0.046659 0.027146 0.998542 2.243671
0.972691 0.228971 0.038010 67.393956 -0.227605 0.973047 -0.037089 -7.441235 -0.045478 0.027425 0.998589 2.254181
0.972270 0.230955 0.036755 67.690832 -0.229656 0.972591 -0.036395 -7.514197 -0.044153 0.026945 0.998661 2.264423
0.971902 0.232658 0.035738 67.953550 -0.231405 0.972193 -0.035960 -7.579649 -0.043110 0.026679 0.998714 2.273493
0.971404 0.234875 0.034761 68.245098 -0.233680 0.971675 -0.035232 -7.653428 -0.042052 0.026102 0.998774 2.283568
0.971058 0.236329 0.034558 68.516628 -0.235115 0.971308 -0.035809 -7.721224 -0.042029 0.026648 0.998761 2.292944
0.970688 0.237823 0.034702 68.775233 -0.236568 0.970921 -0.036704 -7.786816 -0.042422 0.027418 0.998723 2.301881
0.969994 0.240439 0.036060 69.215521 -0.239111 0.970266 -0.037540 -7.900458 -0.044014 0.027792 0.998644 2.317113
0.969412 0.242664 0.036818 69.461405 -0.241301 0.969712 -0.037853 -7.964673 -0.044888 0.027811 0.998605 2.325625
0.968968 0.244447 0.036692 69.740643 -0.243094 0.969268 -0.037747 -8.038734 -0.044791 0.027656 0.998613 2.335301
0.968601 0.246006 0.035950 69.997641 -0.244687 0.968879 -0.037449 -8.107741 -0.044044 0.027476 0.998652 2.344213
0.968323 0.247171 0.035463 70.248192 -0.245862 0.968578 -0.037533 -8.175327 -0.043625 0.027625 0.998666 2.352903
0.967953 0.248584 0.035683 70.498296 -0.247238 0.968200 -0.038234 -8.243904 -0.044052 0.028187 0.998632 2.361587
0.967498 0.250238 0.036439 70.745591 -0.248832 0.967757 -0.039109 -8.311793 -0.045050 0.028770 0.998570 2.370174
0.967096 0.251688 0.037128 70.988303 -0.250226 0.967365 -0.039905 -8.378428 -0.045960 0.029301 0.998513 2.378601
0.966785 0.252828 0.037476 71.234298 -0.251360 0.967074 -0.039826 -8.445885 -0.046312 0.029083 0.998504 2.387142
0.966431 0.254237 0.037076 71.504274 -0.252781 0.966703 -0.039831 -8.519600 -0.045968 0.029122 0.998518 2.396513
0.966410 0.254361 0.036764 71.744030 -0.252940 0.966685 -0.039268 -8.584955 -0.045528 0.028650 0.998552 2.404835
0.966083 0.255563 0.037018 71.989814 -0.254167 0.966391 -0.038567 -8.653596 -0.045630 0.027850 0.998570 2.413378
0.965512 0.257639 0.037540 72.414436 -0.256257 0.965864 -0.037940 -8.771999 -0.046033 0.027011 0.998575 2.428136
0.965198 0.258771 0.037816 72.681391 -0.257415 0.965583 -0.037247 -8.847468 -0.046153 0.026217 0.998590 2.437422
0.964927 0.259896 0.037020 72.952841 -0.258561 0.965276 -0.037249 -8.923584 -0.045415 0.026371 0.998620 2.446860
0.964637 0.261131 0.035870 73.206068 -0.259823 0.964934 -0.037341 -8.997422 -0.044363 0.026701 0.998659 2.455687
0.964421 0.262015 0.035234 73.465273 -0.260725 0.964692 -0.037321 -9.071541 -0.043768 0.026807 0.998682 2.464710
0.964206 0.262882 0.034640 73.745530 -0.261571 0.964429 -0.038179 -9.151511 -0.043444 0.027752 0.998670 2.474465
0.963877 0.264133 0.034272 73.999888 -0.262823 0.964080 -0.038400 -9.223310 -0.043184 0.028005 0.998675 2.483312
0.963677 0.265004 0.033171 74.296203 -0.263708 0.963822 -0.038798 -9.307476 -0.042252 0.028641 0.998696 2.493623
0.963427 0.266235 0.030441 74.578620 -0.264959 0.963417 -0.040297 -9.388294 -0.040056 0.030758 0.998724 2.503454
0.963031 0.267927 0.028058 74.826731 -0.266735 0.962939 -0.040017 -9.461011 -0.037740 0.031054 0.998805 2.512105
0.962555 0.269694 0.027455 75.098201 -0.268525 0.962445 -0.039918 -9.541020 -0.037190 0.031051 0.998826 2.521574
0.962203 0.270832 0.028571 75.357163 -0.269606 0.962119 -0.040494 -9.617211 -0.038456 0.031260 0.998771 2.530605
0.961453 0.274100 0.021859 76.108049 -0.273079 0.961126 -0.040798 -9.842289 -0.032192 0.033256 0.998928 2.556825
0.961102 0.275706 0.016398 76.390895 -0.274930 0.960690 -0.038572 -9.928660 -0.026388 0.032563 0.999121 2.566714
0.960856 0.276814 0.011389 76.675486 -0.276248 0.960394 -0.036476 -10.015227 -0.021035 0.031902 0.999270 2.576661
0.960514 0.278120 0.007912 76.961911 -0.277687 0.960023 -0.035284 -10.102094 -0.017409 0.031694 0.999346 2.586671
0.960345 0.278732 0.006796 77.247898 -0.278372 0.959906 -0.033007 -10.186932 -0.015723 0.029807 0.999432 2.596650
0.959580 0.281410 0.003900 77.804835 -0.281172 0.959184 -0.030130 -10.357818 -0.012220 0.027816 0.999538 2.616128
0.959189 0.282732 0.004316 78.087414 -0.282491 0.958819 -0.029415 -10.444380 -0.012455 0.026995 0.999558 2.626010
0.958761 0.284110 0.007638 78.371472 -0.283763 0.958410 -0.030466 -10.531331 -0.015976 0.027042 0.999507 2.635943
0.958017 0.286162 0.017748 78.824889 -0.285446 0.957769 -0.034634 -10.671900 -0.026909 0.028114 0.999242 2.651811
0.957348 0.287864 0.024879 79.132655 -0.286863 0.957245 -0.037306 -10.768068 -0.034554 0.028578 0.998994 2.662589
0.956236 0.290614 0.034006 79.653839 -0.289233 0.956409 -0.040316 -10.930834 -0.044240 0.028716 0.998608 2.680838
0.955359 0.292911 0.038629 79.966889 -0.291352 0.955723 -0.041322 -11.032106 -0.049022 0.028223 0.998399 2.691827
0.954431 0.295209 0.043734 80.295611 -0.293453 0.955034 -0.042377 -11.137544 -0.054278 0.027612 0.998144 2.703359
0.953540 0.297163 0.049558 80.615936 -0.295192 0.954452 -0.043386 -11.240284 -0.060193 0.026741 0.997828 2.714597
0.952571 0.298952 0.056885 80.966146 -0.296737 0.953934 -0.044243 -11.353600 -0.067491 0.025265 0.997400 2.726891
0.951099 0.301640 0.066512 81.531195 -0.298902 0.953071 -0.048089 -11.536688 -0.077896 0.025857 0.996626 2.746728
0.950251 0.303645 0.069441 81.862811 -0.300633 0.952397 -0.050600 -11.644175 -0.081500 0.027206 0.996302 2.758370
0.949442 0.305985 0.070240 82.255691 -0.302895 0.951640 -0.051341 -11.771698 -0.082553 0.027470 0.996208 2.772165
0.948861 0.308062 0.068991 82.606607 -0.304967 0.950949 -0.051882 -11.888111 -0.081590 0.028188 0.996267 2.784505
0.948426 0.311000 0.061384 83.233748 -0.308453 0.950049 -0.047581 -12.099954 -0.073115 0.026193 0.996979 2.806589
0.948281 0.313653 0.048832 83.882051 -0.311967 0.949285 -0.039187 -12.321896 -0.058646 0.021926 0.998038 2.829442
0.948160 0.314938 0.042514 84.262496 -0.313600 0.948898 -0.035316 -12.451493 -0.051464 0.020153 0.998472 2.842847
0.947895 0.316220 0.038727 84.674458 -0.315076 0.948496 -0.032905 -12.591641 -0.047137 0.018988 0.998708 2.857362
0.947638 0.317370 0.035460 85.062352 -0.316346 0.948116 -0.031645 -12.724422 -0.043663 0.018770 0.998870 2.871034
0.947137 0.319129 0.032971 85.492490 -0.318178 0.947522 -0.031061 -12.873020 -0.041153 0.018928 0.998974 2.886207
0.946757 0.320212 0.033396 85.893891 -0.319338 0.947198 -0.028977 -13.011635 -0.040911 0.016770 0.999022 2.900365
0.946306 0.321294 0.035706 86.326452 -0.320458 0.946871 -0.027242 -13.161897 -0.042562 0.014337 0.998991 2.915630
0.945995 0.321920 0.038222 86.982020 -0.321153 0.946699 -0.024918 -13.389836 -0.044206 0.011298 0.998959 2.938765
0.945330 0.323864 0.038265 87.774052 -0.323189 0.946059 -0.022837 -13.666967 -0.043597 0.009222 0.999007 2.966731
0.944840 0.325338 0.037857 88.228219 -0.324672 0.945553 -0.022754 -13.827092 -0.043199 0.009208 0.999024 2.982776
0.944420 0.326564 0.037775 88.693415 -0.325874 0.945125 -0.023327 -13.990144 -0.043320 0.009720 0.999014 2.999203
0.944116 0.327277 0.039186 89.144274 -0.326478 0.944861 -0.025479 -14.147568 -0.045364 0.011262 0.998907 3.015119
0.943724 0.327981 0.042584 89.642289 -0.327079 0.944616 -0.026842 -14.321857 -0.049029 0.011403 0.998732 3.032704
0.943190 0.329178 0.045108 90.077323 -0.328226 0.944204 -0.027324 -14.476787 -0.051586 0.010966 0.998608 3.048085
0.942636 0.330769 0.045042 90.566309 -0.329860 0.943657 -0.026535 -14.651928 -0.051281 0.010155 0.998633 3.065381
0.942508 0.331469 0.042504 91.061034 -0.330660 0.943418 -0.025026 -14.828163 -0.048394 0.009533 0.998783 3.082873
0.942191 0.332782 0.039160 91.562879 -0.332050 0.942954 -0.024080 -15.008041 -0.044939 0.009685 0.998943 3.100626
0.941563 0.334798 0.037003 92.034799 -0.334148 0.942247 -0.022715 -15.180493 -0.042471 0.009023 0.999057 3.117345
0.941332 0.335565 0.035929 92.533883 -0.334951 0.941976 -0.022104 -15.364954 -0.041262 0.008772 0.999110 3.135043
0.940148 0.338574 0.038600 93.469785 -0.337817 0.940883 -0.024888 -15.711824 -0.044745 0.010358 0.998945 3.168239
0.939544 0.340074 0.040096 93.998719 -0.339256 0.940338 -0.025885 -15.910015 -0.046507 0.010717 0.998860 3.187016
0.938893 0.341792 0.040728 94.520178 -0.340971 0.939718 -0.025848 -16.104401 -0.047107 0.010381 0.998836 3.205521
0.938187 0.343670 0.041177 95.058186 -0.342811 0.939028 -0.026597 -16.306506 -0.047807 0.010837 0.998798 3.224624
0.937374 0.345865 0.041330 95.604117 -0.344944 0.938209 -0.027875 -16.512435 -0.048417 0.011873 0.998757 3.244016
0.936640 0.347935 0.040580 96.443867 -0.346965 0.937426 -0.029127 -16.829050 -0.048175 0.013202 0.998752 3.273843
0.936146 0.349351 0.039794 96.952042 -0.348348 0.936883 -0.030068 -17.022576 -0.047787 0.014286 0.998755 3.291908
0.934356 0.354308 0.038015 98.029543 -0.353255 0.934987 -0.031769 -17.437108 -0.046800 0.016255 0.998772 3.330243
0.933526 0.356464 0.038259 98.739874 -0.355369 0.934158 -0.032589 -17.714481 -0.047357 0.016827 0.998736 3.355548
0.932733 0.358481 0.038733 99.295212 -0.357343 0.933377 -0.033364 -17.933043 -0.048113 0.017279 0.998692 3.375344
0.931766 0.360850 0.040000 99.882437 -0.359634 0.932454 -0.034549 -18.166968 -0.049765 0.017806 0.998602 3.396299
0.930661 0.363564 0.041126 100.448345 -0.362277 0.931391 -0.035579 -18.394732 -0.051240 0.018213 0.998520 3.416511
0.930185 0.364865 0.040364 101.018986 -0.363591 0.930878 -0.035610 -18.623084 -0.050567 0.018448 0.998550 3.436882
0.929575 0.366614 0.038533 101.610850 -0.365366 0.930174 -0.035824 -18.859759 -0.048976 0.019222 0.998615 3.458009
0.928866 0.368511 0.037533 102.159458 -0.367268 0.929413 -0.036132 -19.082879 -0.048199 0.019777 0.998642 3.477622
0.928049 0.370642 0.036729 102.723050 -0.369394 0.928552 -0.036597 -19.313480 -0.047669 0.020397 0.998655 3.497780
0.927022 0.373174 0.037048 103.307356 -0.371894 0.927532 -0.037145 -19.555674 -0.048225 0.020656 0.998623 3.518704
0.926154 0.375193 0.038330 103.846640 -0.373871 0.926722 -0.037498 -19.780476 -0.049590 0.020398 0.998561 3.538026
0.925575 0.376525 0.039236 104.423463 -0.375184 0.926190 -0.037538 -20.020876 -0.050474 0.020024 0.998525 3.558692
0.924998 0.377876 0.039860 105.018315 -0.376548 0.925655 -0.037058 -20.269889 -0.050900 0.019269 0.998518 3.580012
0.924778 0.378371 0.040253 105.576723 -0.377065 0.925468 -0.036482 -20.502401 -0.051056 0.018560 0.998523 3.600017
0.923358 0.381742 0.041017 106.634729 -0.380388 0.924079 -0.037187 -20.949677 -0.052099 0.018735 0.998466 3.637972
0.922650 0.383437 0.041152 107.265837 -0.382079 0.923379 -0.037229 -21.219260 -0.052274 0.018626 0.998459 3.660634
0.922012 0.384935 0.041464 107.850244 -0.383595 0.922768 -0.036804 -21.468219 -0.052429 0.018028 0.998462 3.681614
0.921305 0.386637 0.041342 108.447033 -0.385318 0.922063 -0.036471 -21.723291 -0.052221 0.017671 0.998479 3.703044
0.920684 0.388088 0.041582 109.015079 -0.386757 0.921453 -0.036646 -21.971902 -0.052537 0.017657 0.998463 3.723488
0.920036 0.389559 0.042168 109.611051 -0.388194 0.920830 -0.037116 -22.234092 -0.053288 0.017778 0.998421 3.744948
0.919423 0.390891 0.043191 110.163336 -0.389528 0.920280 -0.036777 -22.477174 -0.054123 0.016990 0.998390 3.764835
0.918675 0.392609 0.043521 110.768443 -0.391244 0.919554 -0.036731 -22.743515 -0.054441 0.016716 0.998377 3.786624
0.918440 0.393247 0.042723 111.329431 -0.391946 0.919291 -0.035805 -22.985449 -0.053355 0.016140 0.998445 3.806786
0.917788 0.394825 0.042179 111.939655 -0.393637 0.918643 -0.033848 -23.251905 -0.052111 0.014463 0.998537 3.828743
0.917643 0.395076 0.042960 112.539771 -0.393996 0.918569 -0.031590 -23.514326 -0.051942 0.012062 0.998577 3.850339
0.916820 0.396839 0.044274 113.151049 -0.395749 0.917818 -0.031515 -23.785048 -0.053142 0.011372 0.998522 3.872364
0.915811 0.398760 0.047757 113.913033 -0.397648 0.917004 -0.031299 -24.125954 -0.056274 0.009673 0.998369 3.899845
0.914784 0.400916 0.049362 114.492614 -0.399830 0.916078 -0.030620 -24.387173 -0.057496 0.008275 0.998311 3.920763
0.914075 0.402432 0.050160 115.108523 -0.401404 0.915424 -0.029559 -24.664923 -0.057813 0.006885 0.998304 3.942993
0.912767 0.405294 0.050920 116.084313 -0.404339 0.914172 -0.028289 -25.105023 -0.058015 0.005232 0.998302 3.978212
0.912023 0.406964 0.050934 116.705921 -0.406014 0.913430 -0.028255 -25.387522 -0.058023 0.005089 0.998302 4.000665
0.911333 0.408636 0.049879 117.317993 -0.407650 0.912677 -0.029028 -25.671879 -0.057386 0.006121 0.998333 4.022821
0.910848 0.409860 0.048688 117.929566 -0.408868 0.912123 -0.029295 -25.954976 -0.056417 0.006777 0.998384 4.044951
0.910061 0.411734 0.047594 118.537740 -0.410763 0.911278 -0.029086 -26.236526 -0.055347 0.006920 0.998443 4.066959
0.909073 0.414031 0.046532 119.160741 -0.413045 0.910231 -0.029561 -26.528738 -0.054594 0.007653 0.998479 4.089532
0.908531 0.415223 0.046493 119.739056 -0.414249 0.909689 -0.029376 -26.799325 -0.054492 0.007429 0.998487 4.110482
0.907541 0.417342 0.046841 120.824334 -0.416314 0.908714 -0.030377 -27.309383 -0.055242 0.008068 0.998440 4.149813
0.906997 0.418567 0.046445 121.444702 -0.417440 0.908132 -0.032247 -27.602123 -0.055675 0.009860 0.998400 4.172305
0.906135 0.420513 0.045692 122.062399 -0.419383 0.907229 -0.032457 -27.896780 -0.055102 0.010247 0.998428 4.194724
0.905705 0.421613 0.044049 122.670434 -0.420470 0.906704 -0.033068 -28.186916 -0.053882 0.011429 0.998482 4.216794
0.903841 0.425650 0.043515 123.913925 -0.424343 0.904775 -0.036271 -28.792710 -0.054810 0.014318 0.998394 4.262025
0.903304 0.426705 0.044332 124.479415 -0.425329 0.904269 -0.037329 -29.068864 -0.056017 0.014864 0.998319 4.282599
0.902273 0.428932 0.043827 125.107144 -0.427524 0.903202 -0.038074 -29.375372 -0.055916 0.015615 0.998313 4.305438
0.901500 0.430730 0.042056 125.677710 -0.429364 0.902338 -0.037860 -29.656051 -0.054256 0.016073 0.998398 4.326213
0.900594 0.432708 0.041165 126.237611 -0.431371 0.901390 -0.037634 -29.930193 -0.053390 0.016135 0.998443 4.346590
0.893965 0.446623 0.036812 130.644644 -0.445331 0.894543 -0.038373 -32.135671 -0.050068 0.017911 0.998585 4.507347
0.893613 0.447389 0.036028 131.249581 -0.446093 0.894146 -0.038778 -32.444805 -0.049563 0.018581 0.998598 4.529463
0.892561 0.449514 0.035675 131.814884 -0.448150 0.893050 -0.040275 -32.736221 -0.049964 0.019960 0.998552 4.550150
0.891948 0.450706 0.035970 132.395879 -0.449317 0.892446 -0.040684 -33.034687 -0.050438 0.020126 0.998524 4.571403
0.891047 0.452476 0.036067 132.949473 -0.451100 0.891558 -0.040408 -33.321959 -0.050439 0.019736 0.998532 4.591676
0.889760 0.455040 0.035575 133.517723 -0.453663 0.890246 -0.040651 -33.618177 -0.050168 0.020031 0.998540 4.612496
0.889213 0.456157 0.034951 134.098294 -0.454776 0.889662 -0.040993 -33.920772 -0.049793 0.020557 0.998548 4.633768
0.887312 0.459834 0.035077 134.832406 -0.458441 0.887768 -0.041215 -34.307311 -0.050092 0.020490 0.998534 4.660695
0.886338 0.461641 0.035938 135.407558 -0.460169 0.886816 -0.042444 -34.611878 -0.051464 0.021082 0.998452 4.681805
0.886356 0.461516 0.037100 136.006802 -0.459962 0.886871 -0.043521 -34.925188 -0.052989 0.021511 0.998363 4.703768
0.885691 0.462703 0.038174 136.883027 -0.461074 0.886245 -0.044513 -35.386303 -0.054428 0.021824 0.998279 4.735906
0.884602 0.464713 0.039002 137.469027 -0.463078 0.885209 -0.044317 -35.695351 -0.055119 0.021142 0.998256 4.757405
0.883525 0.466787 0.038646 138.045684 -0.465140 0.884108 -0.044707 -36.001431 -0.055036 0.021524 0.998252 4.778575
0.882986 0.467901 0.037486 138.621007 -0.466273 0.883505 -0.044818 -36.308219 -0.054089 0.022095 0.998292 4.799708
0.881959 0.469925 0.036319 139.196825 -0.468339 0.882425 -0.044540 -36.618783 -0.052980 0.022273 0.998347 4.820887
0.881464 0.470912 0.035549 140.029281 -0.469383 0.881908 -0.043789 -37.069613 -0.051972 0.021912 0.998408 4.851518
0.881327 0.471238 0.034599 140.576673 -0.469661 0.881692 -0.045137 -37.364081 -0.051776 0.023531 0.998381 4.871645
0.881114 0.471563 0.035573 141.145901 -0.469985 0.881540 -0.044743 -37.670366 -0.052458 0.022705 0.998365 4.892576
0.881200 0.471495 0.034334 141.676423 -0.469859 0.881521 -0.046398 -37.954550 -0.052142 0.024754 0.998333 4.912073
0.880909 0.472145 0.032858 142.429572 -0.470495 0.881129 -0.047385 -38.360643 -0.051324 0.026283 0.998336 4.939772
0.880715 0.472469 0.033391 143.000040 -0.470825 0.880973 -0.047010 -38.667878 -0.051627 0.025682 0.998336 4.960750
0.880270 0.473279 0.033633 143.558155 -0.471680 0.880567 -0.046047 -38.969623 -0.051409 0.024669 0.998373 4.981283
0.880034 0.473766 0.032957 144.116416 -0.472236 0.880322 -0.045010 -39.271961 -0.050337 0.024047 0.998443 5.001826
0.879948 0.474161 0.029361 144.673463 -0.472693 0.880047 -0.045590 -39.573969 -0.047456 0.026238 0.998529 5.022326
0.878907 0.476668 0.017629 145.735031 -0.475469 0.878452 -0.047453 -40.157425 -0.038106 0.033325 0.998718 5.061454
0.878620 0.477304 0.014429 146.241505 -0.476214 0.878047 -0.047468 -40.437380 -0.035326 0.034835 0.998769 5.080135
0.877574 0.479284 0.012266 146.764159 -0.478191 0.876846 -0.049742 -40.731687 -0.034596 0.037787 0.998687 5.099454
0.877223 0.479944 0.011525 147.288982 -0.478750 0.876323 -0.053447 -41.022313 -0.035751 0.041367 0.998504 5.118816
0.876953 0.480442 0.011347 147.795953 -0.479141 0.875913 -0.056570 -41.304786 -0.037118 0.044172 0.998334 5.137532
0.876543 0.481190 0.011341 148.328064 -0.479751 0.875339 -0.060165 -41.604296 -0.038878 0.047296 0.998124 5.157200
0.876199 0.481783 0.012672 148.976262 -0.480156 0.874902 -0.063218 -41.971749 -0.041544 0.049307 0.997919 5.181179
0.875497 0.482984 0.015205 149.505036 -0.481240 0.874321 -0.063017 -42.268690 -0.043730 0.047854 0.997897 5.200719
0.875280 0.483307 0.017316 149.996999 -0.481471 0.874206 -0.062844 -42.541803 -0.045511 0.046669 0.997873 5.218873
0.874684 0.484338 0.018588 150.526923 -0.482430 0.873660 -0.063084 -42.839338 -0.046794 0.046211 0.997835 5.238455
0.873805 0.485894 0.019279 151.048064 -0.483967 0.872830 -0.062797 -43.135403 -0.047339 0.045542 0.997840 5.257739
0.873119 0.487107 0.019747 151.540860 -0.485208 0.872217 -0.061729 -43.418244 -0.047292 0.044315 0.997898 5.275996
0.872191 0.488761 0.019880 152.061877 -0.486912 0.871352 -0.060521 -43.716099 -0.046903 0.043106 0.997969 5.295290
0.871442 0.490073 0.020436 152.539045 -0.488246 0.870675 -0.059507 -43.989104 -0.046956 0.041879 0.998019 5.312961
0.871023 0.490784 0.021211 153.040507 -0.488950 0.870317 -0.058962 -44.273696 -0.047398 0.040986 0.998035 5.331514
0.870202 0.492198 0.022134 153.552837 -0.490355 0.869568 -0.058342 -44.566662 -0.047962 0.039916 0.998051 5.350487
0.869017 0.494244 0.023101 154.217241 -0.492391 0.868457 -0.057733 -44.950095 -0.048597 0.038796 0.998065 5.375118
0.868080 0.495852 0.023847 154.706870 -0.494013 0.867595 -0.056839 -45.233343 -0.048874 0.037560 0.998098 5.393276
0.867575 0.496766 0.023180 155.230540 -0.494975 0.867077 -0.056360 -45.535571 -0.048097 0.037423 0.998141 5.412690
0.866920 0.497926 0.022797 155.723332 -0.496179 0.866431 -0.055713 -45.820425 -0.047493 0.036988 0.998187 5.430962
0.866565 0.498536 0.022951 156.240148 -0.496803 0.866099 -0.055311 -46.118316 -0.047452 0.036528 0.998205 5.450119
0.865356 0.500641 0.022744 156.714248 -0.498915 0.864885 -0.055297 -46.398493 -0.047355 0.036504 0.998211 5.467747
0.864218 0.502605 0.022700 157.371359 -0.500839 0.863718 -0.056145 -46.787757 -0.047826 0.037152 0.998165 5.492186
0.863733 0.503453 0.022362 157.836745 -0.501710 0.863226 -0.055923 -47.062926 -0.047458 0.037083 0.998185 5.509490
0.862738 0.505227 0.020696 158.333997 -0.503574 0.862180 -0.055306 -47.361763 -0.045786 0.037292 0.998255 5.528017
0.862291 0.506049 0.019202 158.793436 -0.504491 0.861701 -0.054407 -47.636771 -0.044079 0.037227 0.998334 5.545126
0.861701 0.507082 0.018425 159.283447 -0.505602 0.861120 -0.053279 -47.932498 -0.042883 0.036595 0.998410 5.563393
0.860800 0.508619 0.018183 159.743851 -0.507183 0.860243 -0.052414 -48.212171 -0.042301 0.035896 0.998460 5.580570
0.860422 0.509231 0.018909 160.386199 -0.507773 0.859901 -0.052313 -48.599683 -0.042899 0.035410 0.998452 5.604514
0.860022 0.509866 0.020000 160.861322 -0.508362 0.859544 -0.052460 -48.885517 -0.043939 0.034949 0.998423 5.622219
0.859113 0.511356 0.020981 161.340398 -0.509825 0.858686 -0.052315 -49.176157 -0.044768 0.034248 0.998410 5.640089
0.858140 0.512946 0.021957 161.819558 -0.511383 0.857762 -0.052264 -49.468914 -0.045643 0.033621 0.998392 5.657979
0.857597 0.513830 0.022501 162.292958 -0.512240 0.857240 -0.052438 -49.757438 -0.046233 0.033445 0.998371 5.675648
0.857075 0.514702 0.022436 162.769194 -0.513129 0.856727 -0.052128 -50.047272 -0.046052 0.033165 0.998388 5.693420
0.856288 0.516057 0.021341 163.244153 -0.514487 0.855869 -0.052837 -50.340064 -0.045532 0.034264 0.998375 5.711174
0.855892 0.516732 0.020885 163.693461 -0.515164 0.855443 -0.053133 -50.618585 -0.045322 0.034717 0.998369 5.727980
0.854830 0.518481 0.021057 164.173156 -0.516920 0.854402 -0.052819 -50.921646 -0.045377 0.034266 0.998382 5.745968
0.853529 0.520604 0.021436 164.671376 -0.519030 0.853123 -0.052816 -51.236339 -0.045783 0.033954 0.998374 5.764649
0.852516 0.522232 0.022143 165.124532 -0.520632 0.852145 -0.052832 -51.526609 -0.046460 0.033512 0.998358 5.781672
0.851706 0.523537 0.022499 165.617096 -0.521913 0.851345 -0.053085 -51.842325 -0.046947 0.033470 0.998336 5.800177
0.850582 0.525346 0.022842 166.075781 -0.523724 0.850251 -0.052777 -52.134369 -0.047147 0.032928 0.998345 5.817394
0.849027 0.527844 0.023120 166.562754 -0.526243 0.848736 -0.052115 -52.449584 -0.047131 0.032080 0.998373 5.835713
0.847877 0.529654 0.023897 167.040331 -0.528065 0.847650 -0.051343 -52.760086 -0.047450 0.030913 0.998395 5.853689
0.847426 0.530355 0.024347 167.524911 -0.528811 0.847259 -0.050101 -53.073757 -0.047199 0.029582 0.998447 5.871918
0.847166 0.530778 0.024161 167.978354 -0.529277 0.847015 -0.049304 -53.367476 -0.046634 0.028981 0.998492 5.888978
0.846329 0.532123 0.023921 168.465771 -0.530607 0.846155 -0.049774 -53.682707 -0.046727 0.029432 0.998474 5.907311
0.845587 0.533323 0.023430 168.903519 -0.531777 0.845363 -0.050740 -53.969121 -0.046868 0.030445 0.998437 5.923802
0.844254 0.535464 0.022674 169.387551 -0.533898 0.843972 -0.051621 -54.289216 -0.046777 0.031476 0.998409 5.942063
0.843284 0.537016 0.022034 170.026651 -0.535441 0.842955 -0.052239 -54.709095 -0.046627 0.032254 0.998391 5.966153
0.842460 0.538353 0.020933 170.501346 -0.536807 0.842077 -0.052390 -55.023704 -0.045831 0.032899 0.998407 5.984067
0.841918 0.539219 0.020428 170.946058 -0.537706 0.841525 -0.052036 -55.317951 -0.045250 0.032826 0.998436 6.000846
0.841410 0.540030 0.019942 171.435051 -0.538490 0.840966 -0.052962 -55.641846 -0.045372 0.033824 0.998397 6.019298
0.840719 0.541094 0.020198 172.040560 -0.539492 0.840250 -0.054122 -56.040998 -0.046257 0.034605 0.998330 6.042132
0.839121 0.543575 0.020045 172.980789 -0.541964 0.838639 -0.054396 -56.664942 -0.046379 0.034781 0.998318 6.077621
0.838539 0.544506 0.019097 173.443546 -0.542901 0.837996 -0.054965 -56.973204 -0.045932 0.035723 0.998306 6.095097
0.837720 0.545743 0.019729 173.902368 -0.544094 0.837192 -0.055417 -57.281058 -0.046761 0.035689 0.998268 6.112441
0.837453 0.546135 0.020242 174.362939 -0.544451 0.836937 -0.055759 -57.587598 -0.047393 0.035675 0.998239 6.129832
0.836841 0.547119 0.018937 174.837953 -0.545433 0.836228 -0.056789 -57.904518 -0.046906 0.037194 0.998207 6.147775
0.837140 0.546740 0.016523 175.299850 -0.545134 0.836406 -0.057048 -58.213369 -0.045011 0.038750 0.998235 6.165227
0.837793 0.545802 0.014273 175.791291 -0.544359 0.837025 -0.055341 -58.540808 -0.042152 0.038594 0.998366 6.183787
0.838466 0.544830 0.011628 176.254020 -0.543531 0.837627 -0.054357 -58.848448 -0.039355 0.039256 0.998454 6.201257
0.838307 0.545081 0.011350 176.687202 -0.543794 0.837459 -0.054323 -59.138257 -0.039115 0.039367 0.998459 6.217625
0.838619 0.544584 0.012118 177.115810 -0.543266 0.837799 -0.054362 -59.423793 -0.039757 0.039005 0.998448 6.233811
0.837795 0.545818 0.013497 177.561993 -0.544435 0.837022 -0.054627 -59.720944 -0.041113 0.038418 0.998416 6.250661
0.838035 0.545396 0.015497 177.976246 -0.543975 0.837379 -0.053739 -59.995952 -0.042286 0.036605 0.998435 6.266298
0.838494 0.544669 0.016253 178.429198 -0.543287 0.837923 -0.052193 -60.296331 -0.042047 0.034934 0.998505 6.283393
0.838680 0.544362 0.016934 178.851547 -0.543026 0.838194 -0.050529 -60.576123 -0.041700 0.033182 0.998579 6.299330
0.838962 0.543928 0.016912 179.307192 -0.542622 0.838498 -0.049826 -60.876212 -0.041283 0.032625 0.998615 6.316511
0.839260 0.543466 0.016955 179.728836 -0.542180 0.838812 -0.049344 -61.154420 -0.041039 0.032219 0.998638 6.332413
0.839223 0.543499 0.017695 180.180079 -0.542279 0.838875 -0.047144 -61.451449 -0.040467 0.029969 0.998731 6.349426
0.838956 0.543868 0.018971 180.593896 -0.542724 0.838738 -0.044374 -61.723673 -0.040046 0.026931 0.998835 6.365027
0.839198 0.543452 0.020152 181.049156 -0.542372 0.839088 -0.041989 -62.023983 -0.039729 0.024307 0.998915 6.382197
0.838867 0.543908 0.021597 181.468929 -0.542907 0.838878 -0.039190 -62.304036 -0.039433 0.021151 0.998998 6.398053
0.839242 0.543291 0.022549 181.916803 -0.542321 0.839316 -0.037896 -62.600393 -0.039515 0.019575 0.999027 6.414951
0.839873 0.542219 0.024729 182.485768 -0.541270 0.840062 -0.036376 -62.975525 -0.040497 0.017166 0.999032 6.436408
0.840760 0.540743 0.026823 182.935860 -0.539808 0.841052 -0.035186 -63.272212 -0.041586 0.015103 0.999021 6.453381
0.841836 0.538948 0.029101 183.386489 -0.538045 0.842244 -0.033664 -63.566250 -0.042653 0.012682 0.999009 6.470351
0.843187 0.536712 0.031256 183.804715 -0.535814 0.843694 -0.032924 -63.838765 -0.044041 0.011013 0.998969 6.486098
0.845241 0.533368 0.032945 184.419422 -0.532475 0.845826 -0.032380 -64.239033 -0.045136 0.009827 0.998933 6.509240
0.846520 0.531280 0.033861 184.873875 -0.530467 0.847161 -0.030373 -64.530993 -0.044822 0.007749 0.998965 6.526319
0.848676 0.527881 0.033007 185.327064 -0.527119 0.849285 -0.029337 -64.819871 -0.043519 0.007499 0.999024 6.543332
0.850516 0.524995 0.031652 185.779754 -0.524261 0.851068 -0.028878 -65.107490 -0.042099 0.007967 0.999082 6.560319
0.852951 0.521178 0.029119 186.222555 -0.520509 0.853406 -0.027727 -65.384857 -0.039301 0.008493 0.999191 6.576905
0.858904 0.511508 0.025356 187.103455 -0.510991 0.859242 -0.024308 -65.927428 -0.034220 0.007922 0.999383 6.609828
0.862079 0.506253 0.022977 187.528824 -0.505781 0.862342 -0.023497 -66.182832 -0.031710 0.008635 0.999460 6.625674
0.865753 0.500022 0.021189 187.968056 -0.499597 0.865967 -0.022434 -66.444737 -0.029567 0.008837 0.999524 6.642023
0.869317 0.493826 0.020601 188.399082 -0.493459 0.869527 -0.020505 -66.698364 -0.028039 0.007659 0.999577 6.658041
