0.999997 0.002492 0.000487 0.773233 -0.002492 0.999997 0.000619 -0.005559 -0.000485 -0.000620 1.000000 0.014846
0.999990 0.004301 -0.000931 1.364097 -0.004301 0.999991 0.000402 -0.010611 0.000932 -0.000398 0.999999 0.026213
0.999972 0.007018 -0.002749 1.960456 -0.007016 0.999975 0.000874 -0.017748 0.002755 -0.000855 0.999996 0.037745
0.999950 0.009131 -0.004119 2.531371 -0.009127 0.999958 0.001045 -0.026049 0.004128 -0.001008 0.999991 0.048826
0.999906 0.012816 -0.004791 3.718567 -0.012812 0.999918 0.000849 -0.044514 0.004802 -0.000788 0.999988 0.071903
0.999871 0.015222 -0.005044 4.295138 -0.015220 0.999884 0.000397 -0.057954 0.005050 -0.000320 0.999987 0.083238
0.999754 0.021899 -0.003554 5.491479 -0.021895 0.999759 0.001356 -0.090664 0.003582 -0.001277 0.999993 0.106895
0.999689 0.024868 -0.001804 6.102000 -0.024864 0.999688 0.002236 -0.110047 0.001859 -0.002191 0.999996 0.119045
0.999603 0.028161 -0.000627 6.658033 -0.028160 0.999602 0.001937 -0.129092 0.000681 -0.001918 0.999998 0.130150
0.999494 0.031805 0.000200 7.262856 -0.031806 0.999491 0.002567 -0.153597 -0.000118 -0.002572 0.999997 0.142337
0.999303 0.037269 -0.002172 8.071948 -0.037263 0.999301 0.003117 -0.188806 0.002287 -0.003034 0.999993 0.158710
0.999114 0.041887 -0.004094 8.658061 -0.041878 0.999120 0.002183 -0.217357 0.004182 -0.002009 0.999989 0.170657
0.998934 0.045924 -0.004660 9.216535 -0.045911 0.998941 0.002851 -0.244873 0.004786 -0.002634 0.999985 0.182050
0.998694 0.050885 -0.004621 9.809009 -0.050867 0.998698 0.003928 -0.278222 0.004815 -0.003688 0.999982 0.194255
0.998432 0.055758 -0.004946 10.353439 -0.055740 0.998438 0.003712 -0.311338 0.005146 -0.003430 0.999981 0.205541
0.998042 0.062235 -0.006226 10.937532 -0.062220 0.998059 0.002504 -0.350894 0.006370 -0.002111 0.999977 0.217763
0.997644 0.068229 -0.007099 11.475587 -0.068211 0.997667 0.002852 -0.389418 0.007277 -0.002361 0.999971 0.229082
0.997055 0.076318 -0.007568 12.212980 -0.076300 0.997081 0.002717 -0.448394 0.007753 -0.002131 0.999968 0.244771
0.996581 0.082269 -0.007667 12.806309 -0.082262 0.996610 0.001254 -0.498046 0.007744 -0.000619 0.999970 0.257457
0.996012 0.088832 -0.008331 13.391653 -0.088836 0.996046 -0.000050 -0.553081 0.008294 0.000789 0.999965 0.270145
0.995357 0.095848 -0.008797 13.960417 -0.095846 0.995396 0.000670 -0.610540 0.008821 0.000176 0.999961 0.282587
0.993898 0.109629 -0.012156 15.119699 -0.109612 0.993972 0.002061 -0.736531 0.012308 -0.000716 0.999924 0.308201
0.993015 0.117346 -0.012295 15.660876 -0.117342 0.993091 0.001056 -0.802451 0.012334 0.000394 0.999924 0.320360
0.992045 0.125308 -0.012058 16.233216 -0.125291 0.992118 0.002131 -0.877311 0.012230 -0.000603 0.999925 0.333367
0.990944 0.133631 -0.013135 16.762626 -0.133606 0.991031 0.002789 -0.950864 0.013390 -0.001009 0.999910 0.345520
0.989831 0.141512 -0.014437 17.319694 -0.141502 0.989936 0.001673 -1.032765 0.014529 0.000387 0.999894 0.358437
0.988803 0.148349 -0.016141 17.844772 -0.148371 0.988932 -0.000179 -1.113108 0.015936 0.002572 0.999870 0.370703
0.987809 0.154613 -0.018137 18.417323 -0.154682 0.987961 -0.002409 -1.203355 0.017546 0.005185 0.999833 0.384152
0.986703 0.161520 -0.018123 18.946540 -0.161596 0.986853 -0.002793 -1.290884 0.017434 0.005684 0.999832 0.396700
0.985275 0.170211 -0.016137 19.689424 -0.170271 0.985395 -0.002372 -1.416401 0.015498 0.005085 0.999867 0.414391
0.984071 0.177144 -0.014968 20.269834 -0.177206 0.984169 -0.002929 -1.519060 0.014212 0.005535 0.999884 0.428343
0.982645 0.184869 -0.015257 20.821489 -0.184943 0.982743 -0.003608 -1.622452 0.014326 0.006367 0.999877 0.441770
0.981303 0.191736 -0.016763 21.377833 -0.191825 0.981422 -0.003869 -1.731873 0.015710 0.007012 0.999852 0.455459
0.980076 0.197755 -0.018575 21.940969 -0.197863 0.980221 -0.004187 -1.845756 0.017379 0.007779 0.999819 0.469403
0.978716 0.204260 -0.019833 22.464953 -0.204388 0.978879 -0.004649 -1.954390 0.018465 0.008604 0.999792 0.482454
0.977157 0.211509 -0.020699 23.001719 -0.211655 0.977331 -0.005091 -2.069673 0.019153 0.009356 0.999773 0.495938
0.975412 0.219433 -0.020504 23.568614 -0.219571 0.975585 -0.004698 -2.198881 0.018973 0.009085 0.999779 0.510390
0.973716 0.226836 -0.020553 24.104345 -0.226969 0.973892 -0.004348 -2.325370 0.019030 0.008899 0.999779 0.524174
0.971918 0.234290 -0.022003 24.682002 -0.234451 0.972115 -0.005018 -2.466010 0.020214 0.010036 0.999745 0.539157
0.969432 0.244294 -0.022856 25.440408 -0.244468 0.969644 -0.005088 -2.658599 0.020919 0.010520 0.999726 0.559055
0.967592 0.251353 -0.024238 26.002112 -0.251545 0.967832 -0.005182 -2.804872 0.022155 0.011111 0.999693 0.573896
0.965421 0.259416 -0.025815 26.594686 -0.259641 0.965689 -0.005697 -2.965221 0.023451 0.012202 0.999651 0.589725
0.963238 0.267398 -0.025920 27.135388 -0.267638 0.963499 -0.006224 -3.118638 0.023309 0.012932 0.999645 0.604371
0.961460 0.273662 -0.026536 27.668714 -0.273918 0.961731 -0.006480 -3.271641 0.023747 0.013499 0.999627 0.618865
0.959420 0.280621 -0.027668 28.168263 -0.280904 0.959711 -0.006845 -3.416078 0.024632 0.014339 0.999594 0.632473
0.957119 0.288217 -0.029240 28.732038 -0.288542 0.957438 -0.007472 -3.585728 0.025842 0.015589 0.999544 0.648020
0.954964 0.295214 -0.029869 29.233774 -0.295541 0.955303 -0.007106 -3.741424 0.026436 0.015614 0.999529 0.661990
0.952796 0.302122 -0.030018 29.755048 -0.302447 0.953142 -0.006844 -3.907740 0.026543 0.015600 0.999526 0.676635
0.948312 0.315949 -0.029676 30.781932 -0.316295 0.948630 -0.007665 -4.245402 0.025730 0.016655 0.999530 0.705770
0.946367 0.321844 -0.028394 31.261718 -0.322158 0.946659 -0.007160 -4.410222 0.024575 0.015924 0.999571 0.719584
0.944135 0.328410 -0.027492 31.771228 -0.328685 0.944420 -0.006033 -4.589247 0.023983 0.014732 0.999604 0.734367
0.940988 0.337376 -0.026814 32.415472 -0.337635 0.941260 -0.005681 -4.821970 0.023323 0.014400 0.999624 0.753242
0.938876 0.343146 -0.027623 32.885073 -0.343408 0.939172 -0.005239 -4.994504 0.024145 0.014404 0.999605 0.767082
0.936765 0.348649 -0.030246 33.347926 -0.348930 0.937139 -0.004385 -5.168141 0.026815 0.014662 0.999533 0.780826
0.934347 0.354940 -0.031851 33.836488 -0.355242 0.934765 -0.004205 -5.355890 0.028280 0.015244 0.999484 0.795460
0.932308 0.360277 -0.031651 34.292549 -0.360593 0.932711 -0.004725 -5.532978 0.027819 0.015818 0.999488 0.809173
0.929603 0.367225 -0.031378 34.949488 -0.367537 0.929997 -0.004617 -5.791180 0.027486 0.015825 0.999497 0.829015
0.927440 0.372776 -0.029869 35.453316 -0.373076 0.927788 -0.004957 -5.995085 0.025865 0.015741 0.999542 0.844400
0.925079 0.378651 -0.029204 35.972114 -0.378973 0.925387 -0.006226 -6.210675 0.024668 0.016827 0.999554 0.860403
0.922863 0.384045 -0.028856 36.454896 -0.384369 0.923157 -0.006480 -6.414464 0.024150 0.017071 0.999563 0.875385
0.920586 0.389461 -0.029016 36.951023 -0.389773 0.920893 -0.005778 -6.627675 0.024470 0.016628 0.999562 0.890890
0.917890 0.395700 -0.029999 37.444284 -0.395986 0.918248 -0.004003 -6.842357 0.025963 0.015553 0.999542 0.906381
0.915036 0.402319 -0.029132 37.895583 -0.402521 0.915410 -0.001175 -7.042397 0.026195 0.012801 0.999575 0.920659
0.912187 0.408688 -0.029825 38.378080 -0.408880 0.912588 -0.000357 -7.258090 0.027072 0.012521 0.999555 0.935975
0.909150 0.415283 -0.031414 38.831228 -0.415499 0.909594 -0.000360 -7.465574 0.028424 0.013380 0.999506 0.950499
0.906018 0.422037 -0.031874 39.309044 -0.422235 0.906486 0.000563 -7.689920 0.029131 0.012948 0.999492 0.965973
0.903040 0.428367 -0.031937 39.766457 -0.428551 0.903517 0.001187 -7.908843 0.029364 0.012615 0.999489 0.980905
0.899874 0.435010 -0.031528 40.258742 -0.435148 0.900355 0.002705 -8.145920 0.029563 0.011285 0.999499 0.997017
0.896720 0.441457 -0.031756 40.727347 -0.441612 0.897203 0.002338 -8.375941 0.029524 0.011927 0.999493 1.012478
0.893277 0.448334 -0.032454 41.203713 -0.448526 0.893769 0.001510 -8.617449 0.029683 0.013207 0.999472 1.028414
0.890852 0.453077 -0.033230 41.644514 -0.453285 0.891365 0.001419 -8.841691 0.030263 0.013798 0.999447 1.043182
0.886890 0.460734 -0.033931 42.307818 -0.460999 0.887401 0.000004 -9.186668 0.030113 0.015639 0.999424 1.065620
0.882959 0.468225 -0.033899 42.995344 -0.468488 0.883470 0.000241 -9.546602 0.030061 0.015668 0.999425 1.088944
0.879980 0.473857 -0.033086 43.468396 -0.474118 0.880462 -0.000051 -9.800121 0.029107 0.015731 0.999452 1.105159
0.874841 0.483503 -0.029633 44.276771 -0.483747 0.875207 -0.001224 -10.247295 0.025343 0.015405 0.999560 1.133267
0.871885 0.488785 -0.030100 44.731897 -0.489021 0.872272 -0.000532 -10.504355 0.025996 0.015184 0.999547 1.149243
0.868960 0.493918 -0.030864 45.177501 -0.494151 0.869376 0.000106 -10.761531 0.026884 0.015159 0.999524 1.165041
0.865878 0.499302 -0.030871 45.631639 -0.499524 0.866300 0.000587 -11.024612 0.027037 0.014913 0.999523 1.181170
0.862724 0.504716 -0.031138 46.084332 -0.504943 0.863152 0.000653 -11.292413 0.027206 0.015160 0.999515 1.197406
0.859286 0.510519 -0.031577 46.558030 -0.510754 0.859727 0.000715 -11.576812 0.027513 0.015514 0.999501 1.214515
0.856509 0.515199 -0.031017 46.976042 -0.515427 0.856933 0.000736 -11.831151 0.026959 0.015357 0.999519 1.229708
0.853815 0.519649 -0.031060 47.403649 -0.519877 0.854241 0.000870 -12.092578 0.026985 0.015405 0.999517 1.245286
0.850704 0.524678 -0.031882 47.836739 -0.524911 0.851156 0.001224 -12.360074 0.027779 0.015694 0.999491 1.261141
0.847851 0.529249 -0.032319 48.262135 -0.529480 0.848321 0.001644 -12.627817 0.028287 0.015719 0.999476 1.276857
0.845221 0.533428 -0.032481 48.674541 -0.533676 0.845688 0.001236 -12.889352 0.028128 0.016290 0.999472 1.292149
0.842288 0.538011 -0.033104 49.091770 -0.538254 0.842781 0.001824 -13.158332 0.028881 0.016282 0.999450 1.307745
0.839686 0.541996 -0.034173 49.476187 -0.542267 0.840205 0.001573 -13.408250 0.029565 0.017210 0.999415 1.322175
0.837258 0.545766 -0.033731 49.877609 -0.546027 0.837766 0.001742 -13.670691 0.029209 0.016960 0.999429 1.337284
0.834650 0.549809 -0.032721 50.246220 -0.550061 0.835123 0.001509 -13.915761 0.028156 0.016739 0.999463 1.351275
0.831833 0.553990 -0.033889 50.651412 -0.554274 0.832333 0.001198 -14.187850 0.028871 0.017787 0.999425 1.366731
0.829082 0.558000 -0.035480 51.026938 -0.558304 0.829635 0.001583 -14.444476 0.030319 0.018496 0.999369 1.381183
0.826165 0.562246 -0.036478 51.398061 -0.562544 0.826764 0.002481 -14.698998 0.031554 0.018471 0.999331 1.395491
0.823510 0.566129 -0.036465 51.760034 -0.566418 0.824113 0.002851 -14.950028 0.031665 0.018306 0.999331 1.409525
0.820459 0.570573 -0.035975 52.123279 -0.570832 0.821059 0.003601 -15.205182 0.031592 0.017581 0.999346 1.423702
0.817518 0.574815 -0.035389 52.482122 -0.575066 0.818099 0.003624 -15.458232 0.031035 0.017389 0.999367 1.437734
0.814505 0.579125 -0.034574 52.831627 -0.579381 0.815051 0.003136 -15.706482 0.029996 0.017478 0.999397 1.451453
0.811186 0.583783 -0.034288 53.202485 -0.584053 0.811711 0.002545 -15.975690 0.029318 0.017961 0.999409 1.466175
0.806441 0.590324 -0.034211 53.715819 -0.590668 0.806914 0.000059 -16.354783 0.027640 0.020160 0.999415 1.486736
0.802840 0.595173 -0.034873 54.081808 -0.595543 0.803323 -0.000281 -16.629645 0.027847 0.020994 0.999392 1.501527
0.799395 0.599739 -0.035799 54.414886 -0.600117 0.799912 0.000232 -16.882828 0.028775 0.021298 0.999359 1.515074
0.796582 0.603380 -0.037280 54.747520 -0.603762 0.797164 0.001245 -17.134108 0.030470 0.021517 0.999304 1.528559
0.793103 0.607927 -0.037591 55.075397 -0.608305 0.793702 0.001708 -17.387985 0.030874 0.021512 0.999292 1.542027
0.789996 0.611965 -0.037481 55.400410 -0.612363 0.790576 0.001079 -17.640493 0.030292 0.022100 0.999297 1.555401
0.787209 0.615511 -0.038058 55.732624 -0.615915 0.787811 0.001359 -17.900568 0.030819 0.022370 0.999275 1.569129
0.783763 0.619878 -0.038296 56.049751 -0.620294 0.784369 0.001302 -18.153162 0.030845 0.022734 0.999266 1.582356
0.780174 0.624389 -0.038314 56.355639 -0.624833 0.780758 0.000463 -18.399845 0.030203 0.023579 0.999266 1.595201
0.777232 0.628077 -0.037827 56.658209 -0.628569 0.777752 -0.001479 -18.647242 0.028491 0.024926 0.999283 1.608004
0.774288 0.631632 -0.038979 56.945434 -0.632167 0.774830 -0.001853 -18.884870 0.029032 0.026076 0.999238 1.620237
0.768332 0.638744 -0.040891 57.510070 -0.639341 0.768921 -0.001992 -19.360849 0.030170 0.027673 0.999162 1.644536
0.765782 0.641748 -0.041685 57.776947 -0.642363 0.766398 -0.001834 -19.586725 0.030770 0.028182 0.999129 1.656047
0.763434 0.644487 -0.042491 58.033182 -0.645100 0.764097 -0.000958 -19.804878 0.031849 0.028142 0.999096 1.667135
0.760973 0.647332 -0.043377 58.287497 -0.647958 0.761676 -0.000488 -20.022519 0.032723 0.028478 0.999059 1.678173
0.758526 0.650163 -0.043887 58.553748 -0.650819 0.759232 -0.000874 -20.254792 0.032752 0.029225 0.999036 1.689854
0.756464 0.652507 -0.044675 58.802472 -0.653206 0.757179 -0.001404 -20.471113 0.032911 0.030244 0.999001 1.700748
0.754179 0.655148 -0.044670 59.062451 -0.655870 0.754871 -0.002060 -20.698969 0.032371 0.030851 0.999000 1.712184
0.751642 0.658027 -0.045111 59.302554 -0.658777 0.752335 -0.002383 -20.912388 0.032370 0.031509 0.998979 1.722832
0.748951 0.661028 -0.045977 59.544686 -0.661806 0.749672 -0.002316 -21.129483 0.032936 0.032163 0.998940 1.733622
0.746868 0.663334 -0.046653 59.758453 -0.664152 0.747592 -0.002811 -21.321051 0.033013 0.033084 0.998907 1.743146
0.744216 0.666284 -0.046992 59.981358 -0.667116 0.744949 -0.002785 -21.521789 0.033151 0.033421 0.998891 1.753104
0.741640 0.669153 -0.046949 60.216717 -0.669997 0.742357 -0.003120 -21.735511 0.032765 0.033770 0.998892 1.763670
0.738113 0.673007 -0.047436 60.547159 -0.673868 0.738846 -0.002994 -22.036606 0.033033 0.034175 0.998870 1.778534
0.735494 0.675823 -0.048078 60.780769 -0.676712 0.736241 -0.003111 -22.253416 0.033295 0.034823 0.998839 1.789154
0.733039 0.678483 -0.048111 60.998890 -0.679361 0.733799 -0.002667 -22.456804 0.033494 0.034639 0.998838 1.799098
0.730119 0.681632 -0.048004 61.217737 -0.682506 0.730875 -0.002550 -22.664327 0.033347 0.034625 0.998844 1.809173
0.727501 0.684441 -0.047778 61.432020 -0.685309 0.728248 -0.002518 -22.868384 0.033070 0.034574 0.998855 1.819062
0.725140 0.686955 -0.047589 61.629818 -0.687806 0.725891 -0.002133 -23.058273 0.033079 0.034278 0.998865 1.828235
0.722759 0.689455 -0.047657 61.811121 -0.690288 0.723534 -0.001412 -23.235139 0.033508 0.033917 0.998863 1.836723
0.720539 0.691758 -0.047893 61.994487 -0.692617 0.721303 -0.001889 -23.414479 0.033238 0.034533 0.998851 1.845320
0.718479 0.693889 -0.048013 62.170988 -0.694751 0.719248 -0.001781 -23.586683 0.033297 0.034637 0.998845 1.853584
0.716140 0.696353 -0.047286 62.343058 -0.697154 0.716922 -0.000626 -23.756838 0.033465 0.033414 0.998881 1.861705
0.711518 0.701101 -0.046894 62.691722 -0.701873 0.712303 0.000025 -24.102960 0.033420 0.032896 0.998900 1.878198
0.709480 0.703169 -0.046807 62.851852 -0.703939 0.710261 0.000064 -24.263013 0.033290 0.032903 0.998904 1.885805
0.707602 0.705105 -0.046105 63.003763 -0.705863 0.708348 -0.000235 -24.416499 0.032492 0.032710 0.998937 1.893067
0.705660 0.707030 -0.046403 63.156468 -0.707829 0.706383 -0.001130 -24.571719 0.031979 0.033642 0.998922 1.900395
0.704030 0.708608 -0.047072 63.299038 -0.709430 0.704775 -0.001079 -24.717021 0.032410 0.034154 0.998891 1.907246
0.702013 0.710554 -0.047870 63.441364 -0.711390 0.702798 -0.000611 -24.863966 0.033209 0.034483 0.998853 1.914141
0.700018 0.712501 -0.048140 63.589182 -0.713334 0.700825 -0.000162 -25.017526 0.033622 0.034453 0.998841 1.921328
0.698144 0.714347 -0.047979 63.721639 -0.715167 0.698953 0.000118 -25.155696 0.033619 0.034231 0.998848 1.927784
0.696505 0.715985 -0.047393 63.864635 -0.716770 0.697309 0.000596 -25.303502 0.033474 0.033555 0.998876 1.934715
0.692864 0.719743 -0.043691 64.112885 -0.720359 0.693598 0.002333 -25.564914 0.031984 0.029857 0.999042 1.946886
0.690953 0.721663 -0.042275 64.238145 -0.722224 0.691653 0.002774 -25.698901 0.031241 0.028615 0.999102 1.953086
0.689390 0.723208 -0.041363 64.365025 -0.723735 0.690071 0.003110 -25.833460 0.030793 0.027792 0.999139 1.959334
0.686033 0.726341 -0.042290 64.566270 -0.726873 0.686761 0.003876 -26.050630 0.031858 0.028080 0.999098 1.969350
0.683709 0.728462 -0.043412 64.698283 -0.729005 0.684493 0.004604 -26.193120 0.033069 0.028499 0.999047 1.975921
0.681589 0.730377 -0.044562 64.827643 -0.730956 0.682409 0.004592 -26.332110 0.033764 0.029443 0.998996 1.982342
0.678825 0.732885 -0.045555 64.963465 -0.733531 0.679646 0.003583 -26.480208 0.033587 0.030984 0.998955 1.989145
0.676422 0.735133 -0.045090 65.095534 -0.735770 0.677222 0.003503 -26.625972 0.033111 0.030806 0.998977 1.995811
0.673800 0.737590 -0.044213 65.225948 -0.738170 0.674599 0.004497 -26.770673 0.033142 0.029607 0.999012 2.002415
0.671058 0.740068 -0.044503 65.361747 -0.740635 0.671887 0.005232 -26.922210 0.033773 0.029449 0.998996 2.009316
0.664152 0.746407 -0.042173 65.654113 -0.746802 0.664990 0.008620 -27.254821 0.034479 0.025770 0.999073 2.024355
0.660840 0.749349 -0.042037 65.794449 -0.749683 0.661716 0.010361 -27.416101 0.035581 0.024668 0.999062 2.031620
0.657518 0.752222 -0.042806 65.927711 -0.752514 0.658465 0.012145 -27.572377 0.037322 0.024226 0.999010 2.038608
0.654165 0.755140 -0.042792 66.062112 -0.755394 0.655137 0.013263 -27.731361 0.038050 0.023648 0.998996 2.045695
0.650664 0.758200 -0.042060 66.197553 -0.758454 0.651599 0.012921 -27.892128 0.037203 0.023493 0.999032 2.052852
0.647523 0.760911 -0.041574 66.332281 -0.761194 0.648415 0.011935 -28.052689 0.036038 0.023918 0.999064 2.059991
0.644090 0.763785 -0.042209 66.463812 -0.764117 0.644982 0.011072 -28.211451 0.035680 0.025121 0.999047 2.067017
0.640326 0.766909 -0.042820 66.603428 -0.767277 0.641227 0.010635 -28.381586 0.035613 0.026044 0.999026 2.074521
0.636855 0.769782 -0.043024 66.739500 -0.770151 0.637768 0.010873 -28.547253 0.035810 0.026210 0.999015 2.081830
0.632831 0.773118 -0.042577 66.880680 -0.773456 0.633744 0.011566 -28.722598 0.035924 0.025612 0.999026 2.089512
0.629010 0.776188 -0.043340 67.027989 -0.776624 0.629893 0.009505 -28.906622 0.034677 0.027680 0.999015 2.097558
0.625824 0.778764 -0.043261 67.156663 -0.779261 0.626652 0.007715 -29.069092 0.033118 0.028883 0.999034 2.104636
0.622024 0.781895 -0.041552 67.305589 -0.782348 0.622794 0.007698 -29.258217 0.031897 0.027720 0.999107 2.112858
0.618255 0.784832 -0.042414 67.447605 -0.785382 0.618987 0.005526 -29.440860 0.030591 0.029894 0.999085 2.120765
0.614110 0.788045 -0.043059 67.600399 -0.788647 0.614829 0.004582 -29.640558 0.030085 0.031144 0.999062 2.129362
0.610535 0.790823 -0.042961 67.749905 -0.791343 0.611330 0.007250 -29.836386 0.031997 0.029570 0.999050 2.137786
0.605105 0.794877 -0.044937 67.976618 -0.795307 0.606094 0.011697 -30.137150 0.036534 0.028661 0.998921 2.150670
0.601429 0.797681 -0.044589 68.131861 -0.797991 0.602488 0.014776 -30.345864 0.038650 0.026695 0.998896 2.159571
0.597740 0.800419 -0.045136 68.298188 -0.800717 0.598841 0.015579 -30.570426 0.039499 0.026829 0.998859 2.169135
0.594732 0.802664 -0.044997 68.453988 -0.802994 0.595804 0.014781 -30.781368 0.038673 0.027342 0.998878 2.178110
0.588279 0.807132 -0.049662 68.782284 -0.807757 0.589413 0.011023 -31.231115 0.038169 0.033630 0.998705 2.197172
0.585149 0.809267 -0.051830 68.941033 -0.809982 0.586356 0.010763 -31.450027 0.039100 0.035683 0.998598 2.206430
0.582186 0.811299 -0.053420 69.096743 -0.812108 0.583422 0.009972 -31.666810 0.039257 0.037577 0.998522 2.215570
0.578532 0.813962 -0.052606 69.262308 -0.814782 0.579697 0.009013 -31.902574 0.037831 0.037648 0.998575 2.225439
0.574369 0.817092 -0.049601 69.478546 -0.817840 0.575388 0.008121 -32.209965 0.035176 0.035902 0.998736 2.238313
0.571714 0.819104 -0.047021 69.631188 -0.819743 0.572664 0.008777 -32.429205 0.034116 0.033528 0.998855 2.247464
0.568250 0.821518 -0.046900 69.780930 -0.822149 0.569201 0.009003 -32.646586 0.034092 0.033443 0.998859 2.256508
0.565428 0.823434 -0.047412 69.928840 -0.824082 0.566397 0.009119 -32.862144 0.034363 0.033915 0.998834 2.265465
0.562064 0.825698 -0.048040 70.063564 -0.826377 0.563046 0.008941 -33.063420 0.034432 0.034674 0.998805 2.273764
0.559188 0.827586 -0.049097 70.206886 -0.828326 0.560184 0.008382 -33.277259 0.034440 0.035981 0.998759 2.282585
0.556315 0.829471 -0.049921 70.360793 -0.830256 0.557325 0.008040 -33.509684 0.034491 0.036975 0.998721 2.292137
0.554433 0.830729 -0.049923 70.501728 -0.831497 0.555462 0.008598 -33.722856 0.034873 0.036744 0.998716 2.300893
0.552377 0.832121 -0.049545 70.636906 -0.832848 0.553422 0.009429 -33.928272 0.035265 0.036055 0.998727 2.309319
0.550334 0.833502 -0.049056 70.782507 -0.834210 0.551364 0.009545 -34.149220 0.035003 0.035670 0.998750 2.318386
0.547984 0.835096 -0.048256 70.917434 -0.835785 0.548977 0.009356 -34.357424 0.034305 0.035205 0.998791 2.326886
0.545350 0.836812 -0.048360 71.102426 -0.837507 0.546346 0.009400 -34.644744 0.034288 0.035375 0.998786 2.338594
0.543838 0.837753 -0.049092 71.252278 -0.838465 0.544869 0.009697 -34.879424 0.034872 0.035888 0.998747 2.348133
0.542656 0.838480 -0.049757 71.392984 -0.839179 0.543748 0.010790 -35.099858 0.036103 0.035900 0.998703 2.357092
0.541542 0.839169 -0.050269 71.529881 -0.839841 0.542699 0.012064 -35.314686 0.037405 0.035685 0.998663 2.365819
0.540880 0.839576 -0.050615 71.665129 -0.840220 0.542086 0.013119 -35.527304 0.038452 0.035432 0.998632 2.374452
0.540974 0.839527 -0.050406 71.801160 -0.840146 0.542190 0.013611 -35.739418 0.038756 0.034985 0.998636 2.383085
0.541109 0.839474 -0.049839 71.939537 -0.840087 0.542290 0.013241 -35.954546 0.038143 0.034705 0.998669 2.391849
0.541165 0.839487 -0.049021 72.069210 -0.840097 0.542291 0.012554 -36.157331 0.037122 0.034389 0.998719 2.400095
0.541037 0.839596 -0.048543 72.197988 -0.840221 0.542118 0.011732 -36.361989 0.036166 0.034440 0.998752 2.408377
0.541376 0.839416 -0.047887 72.314197 -0.840033 0.542418 0.011281 -36.545421 0.035444 0.034119 0.998789 2.415816
0.541917 0.839154 -0.046327 72.550790 -0.839709 0.542913 0.011566 -36.921654 0.034857 0.032633 0.998859 2.431040
0.541960 0.839148 -0.045939 72.677802 -0.839678 0.542954 0.011905 -37.122085 0.034933 0.032122 0.998873 2.439168
0.542727 0.838655 -0.045872 72.800651 -0.839174 0.543728 0.012158 -37.315387 0.035138 0.031896 0.998873 2.447014
0.542770 0.838626 -0.045912 72.912168 -0.839152 0.543766 0.011972 -37.491099 0.035005 0.032029 0.998874 2.454144
0.542901 0.838516 -0.046354 73.032292 -0.839067 0.543903 0.011674 -37.679919 0.035001 0.032556 0.998857 2.461810
0.543288 0.838202 -0.047492 73.146657 -0.838793 0.544327 0.011586 -37.859291 0.035563 0.033542 0.998804 2.469098
0.543923 0.837702 -0.049029 73.270642 -0.838347 0.545016 0.011524 -38.053610 0.036375 0.034835 0.998731 2.476995
0.545595 0.836611 -0.049079 73.467861 -0.837210 0.546733 0.012738 -38.362870 0.037490 0.034140 0.998714 2.489561
0.546756 0.835854 -0.049043 73.582030 -0.836408 0.547932 0.013877 -38.540390 0.038471 0.033432 0.998700 2.496792
0.547972 0.835078 -0.048693 73.693880 -0.835570 0.549176 0.015096 -38.714841 0.039347 0.032415 0.998700 2.503891
0.549843 0.833938 -0.047121 73.803708 -0.834356 0.551004 0.015660 -38.884470 0.039023 0.030705 0.998766 2.510815
0.552036 0.832565 -0.045730 73.911780 -0.832966 0.553122 0.014936 -39.050419 0.037729 0.029847 0.998842 2.517601
0.553897 0.831324 -0.045809 74.022171 -0.831773 0.554948 0.013657 -39.219438 0.036775 0.030538 0.998857 2.524518
0.559347 0.827610 -0.046821 74.253022 -0.828123 0.560406 0.012583 -39.571486 0.036653 0.031735 0.998824 2.538942
0.561945 0.825828 -0.047176 74.351232 -0.826386 0.562986 0.011570 -39.719601 0.036114 0.032484 0.998820 2.545032
0.564951 0.823849 -0.045856 74.451486 -0.824392 0.565919 0.010691 -39.869099 0.034758 0.031763 0.998891 2.551200
0.570969 0.819776 -0.044298 74.629377 -0.820298 0.571855 0.009657 -40.129420 0.033248 0.030824 0.998972 2.562003
0.579992 0.813535 -0.042083 74.861455 -0.813939 0.580847 0.010948 -40.462508 0.033350 0.027904 0.999054 2.575910
0.586027 0.809213 -0.041787 75.002531 -0.809626 0.586856 0.010272 -40.660123 0.032835 0.027812 0.999074 2.584226
0.590355 0.806067 -0.041679 75.094370 -0.806488 0.591169 0.009787 -40.788759 0.032529 0.027836 0.999083 2.589639
0.599069 0.799626 -0.041397 75.269966 -0.799996 0.599907 0.010822 -41.028437 0.033489 0.026634 0.999084 2.599809
0.603403 0.796370 -0.041230 75.354057 -0.796700 0.604261 0.011748 -41.139910 0.034270 0.025759 0.999081 2.604585
0.607767 0.793072 -0.040709 75.435882 -0.793360 0.608626 0.012430 -41.248203 0.034635 0.024742 0.999094 2.609228
0.612214 0.789687 -0.039862 75.520968 -0.789938 0.613054 0.012778 -41.360422 0.034528 0.023666 0.999123 2.614045
0.617714 0.785445 -0.038813 75.642905 -0.785674 0.618514 0.012547 -41.520011 0.033861 0.022743 0.999168 2.620912
0.624236 0.780316 -0.037905 75.783141 -0.780541 0.624992 0.011855 -41.700723 0.032941 0.022186 0.999211 2.628729
0.628112 0.777229 -0.037274 75.856480 -0.777431 0.628853 0.012036 -41.793395 0.032795 0.021418 0.999233 2.632765
0.631788 0.774275 -0.036625 75.930945 -0.774455 0.632511 0.012177 -41.886538 0.032594 0.020671 0.999255 2.636836
0.635256 0.771461 -0.036021 76.005269 -0.771623 0.635962 0.012266 -41.979410 0.032371 0.020003 0.999276 2.640896
0.639083 0.768333 -0.035167 76.082819 -0.768477 0.639761 0.012192 -42.075719 0.031866 0.019233 0.999307 2.645116
0.642721 0.765337 -0.034174 76.153377 -0.765468 0.643364 0.011934 -42.162328 0.031120 0.018489 0.999345 2.648926
0.648609 0.760415 -0.032795 76.287078 -0.760536 0.649198 0.011262 -42.325036 0.029854 0.017638 0.999399 2.656106
0.650714 0.758639 -0.032214 76.343813 -0.758750 0.651285 0.011232 -42.393608 0.029501 0.017133 0.999418 2.659139
0.653128 0.756577 -0.031850 76.395443 -0.756693 0.653681 0.010769 -42.455887 0.028968 0.017067 0.999435 2.661896
0.655541 0.754507 -0.031370 76.441378 -0.754632 0.656070 0.010126 -42.510844 0.028221 0.017035 0.999457 2.664336
0.657776 0.752578 -0.030927 76.486669 -0.752707 0.658285 0.009637 -42.564885 0.027612 0.016940 0.999475 2.666737
0.659331 0.751216 -0.030937 76.526479 -0.751360 0.659830 0.009087 -42.612857 0.027240 0.017253 0.999480 2.668862
0.660498 0.750175 -0.031314 76.562205 -0.750343 0.660996 0.008399 -42.655226 0.026999 0.017949 0.999474 2.670749
0.662833 0.748088 -0.031898 76.616619 -0.748290 0.663330 0.007462 -42.719037 0.026742 0.018923 0.999463 2.673602
0.664355 0.746721 -0.032232 76.646131 -0.746932 0.664860 0.007334 -42.754040 0.026906 0.019203 0.999453 2.675161
0.665738 0.745490 -0.032216 76.675775 -0.745696 0.666244 0.007458 -42.788767 0.027024 0.019058 0.999453 2.676714
0.666833 0.744523 -0.031927 76.701320 -0.744719 0.667335 0.007586 -42.818492 0.026953 0.018718 0.999461 2.678047
0.667968 0.743508 -0.031838 76.726504 -0.743700 0.668469 0.007678 -42.847841 0.026992 0.018549 0.999464 2.679363
0.668976 0.742593 -0.032040 76.744918 -0.742785 0.669485 0.007806 -42.869289 0.027247 0.018577 0.999456 2.680324
0.670035 0.741633 -0.032148 76.762080 -0.741825 0.670548 0.007842 -42.889394 0.027372 0.018594 0.999452 2.681223
0.670833 0.740911 -0.032156 76.777850 -0.741104 0.671345 0.007770 -42.907887 0.027345 0.018619 0.999453 2.682050
0.671277 0.740507 -0.032196 76.794713 -0.740699 0.671792 0.007833 -42.928052 0.027429 0.018589 0.999451 2.682946
0.671526 0.740281 -0.032198 76.801660 -0.740470 0.672043 0.007939 -42.936715 0.027515 0.018510 0.999450 2.683325
0.672120 0.739742 -0.032204 76.815632 -0.739925 0.672640 0.008134 -42.953876 0.027679 0.018361 0.999448 2.684079
0.672145 0.739716 -0.032275 76.821019 -0.739893 0.672672 0.008397 -42.960711 0.027922 0.018236 0.999444 2.684377
0.671914 0.739913 -0.032570 76.823012 -0.740087 0.672455 0.008673 -42.963895 0.028319 0.018277 0.999432 2.684505
0.671805 0.739983 -0.033210 76.822387 -0.740155 0.672373 0.009181 -42.964070 0.029124 0.018412 0.999406 2.684498
0.671955 0.739814 -0.033941 76.820925 -0.739972 0.672562 0.010074 -42.963169 0.030280 0.018346 0.999373 2.684445
0.672202 0.739573 -0.034296 76.818713 -0.739709 0.672836 0.011008 -42.961571 0.031217 0.017970 0.999351 2.684357
0.672262 0.739517 -0.034332 76.816502 -0.739642 0.672904 0.011389 -42.959973 0.031524 0.017737 0.999346 2.684270
0.672204 0.739577 -0.034173 76.814652 -0.739704 0.672838 0.011237 -42.958751 0.031304 0.017724 0.999353 2.684200
0.672277 0.739517 -0.034019 76.812996 -0.739650 0.672902 0.010973 -42.957689 0.031006 0.017786 0.999361 2.684138
0.672489 0.739317 -0.034173 76.811701 -0.739461 0.673114 0.010696 -42.957002 0.030911 0.018077 0.999359 2.684094
0.672584 0.739216 -0.034502 76.810600 -0.739379 0.673211 0.010252 -42.956476 0.030805 0.018615 0.999352 2.684058
0.672658 0.739142 -0.034640 76.809667 -0.739314 0.673286 0.010043 -42.956165 0.030746 0.018855 0.999349 2.684031
0.672762 0.739040 -0.034796 76.808927 -0.739217 0.673393 0.010004 -42.956015 0.030825 0.018991 0.999344 2.684013
0.672848 0.738952 -0.034997 76.807862 -0.739127 0.673489 0.010178 -42.955979 0.031091 0.019019 0.999336 2.683992
0.672917 0.738912 -0.034514 76.807290 -0.739065 0.673551 0.010595 -42.956044 0.031076 0.018379 0.999348 2.683983
0.672991 0.738858 -0.034236 76.806938 -0.738997 0.673621 0.010854 -42.956214 0.031082 0.017996 0.999355 2.683981
0.673006 0.738848 -0.034159 76.806366 -0.738981 0.673636 0.011009 -42.956279 0.031145 0.017834 0.999356 2.683972
0.673044 0.738808 -0.034263 76.805988 -0.738944 0.673677 0.010973 -42.956504 0.031189 0.017933 0.999353 2.683971
0.673109 0.738739 -0.034480 76.805636 -0.738885 0.673745 0.010785 -42.956674 0.031198 0.018218 0.999347 2.683969
0.673162 0.738686 -0.034590 76.805284 -0.738838 0.673799 0.010647 -42.956844 0.031171 0.018389 0.999345 2.683968
0.673205 0.738649 -0.034533 76.805126 -0.738798 0.673842 0.010733 -42.957174 0.031198 0.018288 0.999346 2.683974
0.673235 0.738627 -0.034431 76.804774 -0.738769 0.673871 0.010860 -42.957344 0.031223 0.018126 0.999348 2.683972
0.673292 0.738582 -0.034267 76.804123 -0.738717 0.673926 0.011011 -42.957574 0.031226 0.017900 0.999352 2.683966
0.673299 0.738573 -0.034330 76.804018 -0.738708 0.673935 0.011029 -42.957795 0.031282 0.017934 0.999350 2.683971
0.673309 0.738557 -0.034468 76.803666 -0.738699 0.673947 0.010904 -42.957965 0.031283 0.018119 0.999346 2.683969
0.673370 0.738498 -0.034546 76.803314 -0.738644 0.674009 0.010811 -42.958135 0.031268 0.018238 0.999345 2.683967
0.673414 0.738462 -0.034471 76.803208 -0.738606 0.674051 0.010832 -42.958355 0.031234 0.018166 0.999347 2.683971
0.673385 0.738490 -0.034430 76.802883 -0.738630 0.674022 0.010915 -42.958470 0.031267 0.018081 0.999348 2.683968
0.673373 0.738507 -0.034298 76.802751 -0.738642 0.674008 0.011031 -42.958745 0.031264 0.017906 0.999351 2.683974
0.673415 0.738470 -0.034264 76.802426 -0.738602 0.674050 0.011082 -42.958860 0.031279 0.017844 0.999351 2.683971
0.673432 0.738454 -0.034285 76.802100 -0.738590 0.674065 0.010974 -42.958975 0.031214 0.017932 0.999352 2.683968
0.673442 0.738445 -0.034267 76.802021 -0.738583 0.674074 0.010915 -42.959140 0.031159 0.017959 0.999353 2.683971
0.673450 0.738435 -0.034339 76.801695 -0.738575 0.674084 0.010858 -42.959255 0.031165 0.018049 0.999351 2.683968
0.673457 0.738427 -0.034374 76.801590 -0.738567 0.674092 0.010887 -42.959475 0.031211 0.018056 0.999350 2.683972
0.673466 0.738421 -0.034305 76.801485 -0.738557 0.674102 0.011019 -42.959695 0.031262 0.017915 0.999351 2.683977
0.673473 0.738418 -0.034247 76.801186 -0.738551 0.674107 0.011037 -42.959755 0.031236 0.017860 0.999352 2.683973
0.673477 0.738416 -0.034205 76.801107 -0.738548 0.674110 0.011048 -42.959921 0.031216 0.017822 0.999354 2.683976
0.673455 0.738432 -0.034296 76.800755 -0.738565 0.674091 0.011091 -42.960091 0.031309 0.017860 0.999350 2.683974
0.673440 0.738438 -0.034464 76.800676 -0.738573 0.674082 0.011129 -42.960256 0.031450 0.017960 0.999344 2.683977
0.673457 0.738421 -0.034499 76.800570 -0.738555 0.674101 0.011152 -42.960476 0.031491 0.017969 0.999342 2.683982
0.673471 0.738409 -0.034482 76.800271 -0.738539 0.674116 0.011270 -42.960536 0.031567 0.017876 0.999342 2.683978
0.673553 0.738337 -0.034427 76.800192 -0.738463 0.674198 0.011359 -42.960701 0.031597 0.017772 0.999343 2.683981
0.673597 0.738300 -0.034349 76.799919 -0.738425 0.674240 0.011373 -42.960706 0.031556 0.017703 0.999345 2.683976
0.673679 0.738225 -0.034355 76.799840 -0.738348 0.674323 0.011419 -42.960871 0.031596 0.017673 0.999344 2.683979
0.673786 0.738126 -0.034384 76.799567 -0.738248 0.674431 0.011468 -42.960876 0.031655 0.017657 0.999343 2.683974
0.673992 0.737937 -0.034395 76.799268 -0.738057 0.674639 0.011532 -42.960936 0.031714 0.017613 0.999342 2.683970
0.674163 0.737786 -0.034299 76.798995 -0.737904 0.674807 0.011524 -42.960941 0.031648 0.017540 0.999345 2.683965
0.674245 0.737728 -0.033924 76.798476 -0.737850 0.674872 0.011217 -42.960895 0.031170 0.017468 0.999361 2.683954
0.674286 0.737693 -0.033865 76.798229 -0.737818 0.674909 0.011102 -42.960845 0.031046 0.017500 0.999365 2.683948
0.674362 0.737626 -0.033820 76.798177 -0.737752 0.674982 0.011010 -42.960955 0.030950 0.017526 0.999367 2.683950
0.674396 0.737595 -0.033806 76.797904 -0.737723 0.675015 0.010939 -42.960960 0.030888 0.017562 0.999369 2.683945
0.674250 0.737728 -0.033814 76.797578 -0.737857 0.674869 0.010917 -42.961075 0.030874 0.017589 0.999369 2.683942
0.674197 0.737772 -0.033912 76.797499 -0.737899 0.674821 0.011052 -42.961240 0.031038 0.017572 0.999364 2.683945
0.674179 0.737786 -0.033975 76.797446 -0.737912 0.674806 0.011113 -42.961350 0.031126 0.017578 0.999361 2.683947
0.674107 0.737850 -0.034008 76.797341 -0.737978 0.674734 0.011075 -42.961571 0.031118 0.017632 0.999360 2.683951
0.673990 0.737956 -0.034040 76.797262 -0.738084 0.674618 0.011083 -42.961736 0.031143 0.017654 0.999359 2.683955
0.673920 0.738018 -0.034082 76.797209 -0.738146 0.674550 0.011103 -42.961846 0.031184 0.017675 0.999357 2.683957
0.673913 0.738025 -0.034058 76.797351 -0.738152 0.674543 0.011135 -42.962116 0.031191 0.017635 0.999358 2.683967
0.673867 0.738068 -0.034030 76.797298 -0.738194 0.674496 0.011170 -42.962226 0.031197 0.017594 0.999358 2.683969
0.673775 0.738153 -0.034030 76.797219 -0.738276 0.674405 0.011217 -42.962391 0.031230 0.017566 0.999358 2.683973
0.673724 0.738198 -0.034062 76.797166 -0.738321 0.674356 0.011262 -42.962502 0.031283 0.017561 0.999356 2.683975
0.673701 0.738217 -0.034104 76.797087 -0.738340 0.674334 0.011266 -42.962667 0.031314 0.017591 0.999355 2.683978
0.673695 0.738220 -0.034135 76.797034 -0.738345 0.674329 0.011239 -42.962777 0.031315 0.017632 0.999354 2.683980
0.673695 0.738215 -0.034247 76.796982 -0.738340 0.674334 0.011319 -42.962887 0.031450 0.017660 0.999349 2.683982
0.673739 0.738167 -0.034440 76.796929 -0.738292 0.674385 0.011393 -42.962997 0.031636 0.017751 0.999342 2.683984
0.673763 0.738142 -0.034491 76.796903 -0.738264 0.674413 0.011525 -42.963052 0.031768 0.017698 0.999339 2.683985
0.673797 0.738111 -0.034494 76.796850 -0.738230 0.674449 0.011617 -42.963162 0.031840 0.017637 0.999337 2.683988
0.673835 0.738074 -0.034543 76.796604 -0.738193 0.674489 0.011675 -42.963112 0.031916 0.017632 0.999335 2.683981
0.673903 0.738009 -0.034603 76.796577 -0.738126 0.674561 0.011750 -42.963167 0.032013 0.017623 0.999332 2.683982
0.674157 0.737778 -0.034575 76.796304 -0.737893 0.674815 0.011797 -42.963172 0.032035 0.017560 0.999332 2.683977
0.674423 0.737547 -0.034309 76.795864 -0.737660 0.675071 0.011696 -42.962961 0.031788 0.017421 0.999343 2.683963
0.674530 0.737460 -0.034100 76.795838 -0.737573 0.675168 0.011558 -42.963016 0.031547 0.017355 0.999352 2.683964
0.674637 0.737364 -0.034048 76.795617 -0.737483 0.675271 0.011364 -42.962911 0.031371 0.017444 0.999356 2.683957
0.674742 0.737273 -0.033922 76.795397 -0.737394 0.675370 0.011238 -42.962806 0.031195 0.017431 0.999361 2.683950
0.674919 0.737106 -0.034035 76.795873 -0.737227 0.675551 0.011280 -42.963507 0.031307 0.017479 0.999357 2.683979
0.675143 0.736889 -0.034292 76.797266 -0.737009 0.675786 0.011446 -42.965119 0.031608 0.017546 0.999346 2.684051
0.675620 0.736447 -0.034402 76.797319 -0.736564 0.676268 0.011594 -42.965009 0.031803 0.017506 0.999341 2.684049
0.676077 0.736031 -0.034338 76.798094 -0.736143 0.676725 0.011677 -42.965650 0.031832 0.017383 0.999342 2.684082
0.676492 0.735642 -0.034479 76.799733 -0.735757 0.677145 0.011675 -42.967313 0.031936 0.017470 0.999337 2.684161
0.677045 0.735129 -0.034558 76.803321 -0.735242 0.677702 0.011763 -42.971124 0.032067 0.017444 0.999333 2.684337
0.677761 0.734471 -0.034528 76.809076 -0.734581 0.678418 0.011805 -42.977188 0.032095 0.017363 0.999334 2.684620
0.678597 0.733696 -0.034587 76.817114 -0.733807 0.679255 0.011803 -42.985832 0.032154 0.017371 0.999332 2.685019
0.679417 0.732938 -0.034556 76.827681 -0.733046 0.680076 0.011848 -42.997104 0.032185 0.017281 0.999333 2.685541
0.680156 0.732257 -0.034455 76.838275 -0.732361 0.680813 0.011916 -43.008322 0.032184 0.017129 0.999335 2.686062
0.680963 0.731510 -0.034382 76.850095 -0.731616 0.681616 0.011782 -43.020936 0.032054 0.017131 0.999339 2.686647
0.681672 0.730860 -0.034161 76.861940 -0.730970 0.682312 0.011520 -43.033496 0.031728 0.017118 0.999350 2.687230
0.682524 0.730071 -0.034014 76.874508 -0.730186 0.683156 0.011254 -43.046806 0.031453 0.017156 0.999358 2.687848
0.684232 0.728477 -0.033869 76.899671 -0.728603 0.684852 0.010772 -43.073373 0.031042 0.017307 0.999368 2.689084
0.685139 0.727626 -0.033836 76.914072 -0.727754 0.685755 0.010648 -43.088506 0.030951 0.017328 0.999371 2.689789
0.685946 0.726869 -0.033756 76.928086 -0.726998 0.686559 0.010567 -43.103319 0.030856 0.017292 0.999374 2.690477
0.686691 0.726173 -0.033591 76.943068 -0.726300 0.687297 0.010506 -43.118933 0.030716 0.017183 0.999380 2.691207
0.687256 0.725649 -0.033368 76.954438 -0.725779 0.687852 0.010280 -43.130792 0.030412 0.017153 0.999390 2.691761
0.687841 0.725102 -0.033195 76.966723 -0.725239 0.688425 0.009943 -43.143562 0.030062 0.017235 0.999399 2.692359
0.688364 0.724611 -0.033078 76.978093 -0.724755 0.688940 0.009625 -43.155420 0.029763 0.017348 0.999406 2.692913
0.688818 0.724179 -0.033073 76.989630 -0.724329 0.689390 0.009424 -43.167494 0.029625 0.017464 0.999409 2.693477
0.689149 0.723862 -0.033109 77.000496 -0.724013 0.689722 0.009378 -43.178707 0.029625 0.017508 0.999408 2.694003
0.689520 0.723507 -0.033148 77.010605 -0.723658 0.690095 0.009401 -43.188678 0.029677 0.017506 0.999406 2.694479
0.690007 0.723041 -0.033210 77.025181 -0.723192 0.690583 0.009394 -43.202880 0.029726 0.017535 0.999404 2.695161
0.690230 0.722825 -0.033261 77.032231 -0.722975 0.690809 0.009458 -43.209631 0.029813 0.017519 0.999402 2.695487
0.690359 0.722704 -0.033229 77.038946 -0.722854 0.690936 0.009437 -43.215951 0.029779 0.017505 0.999403 2.695795
0.690315 0.722746 -0.033210 77.042021 -0.722898 0.690891 0.009371 -43.218570 0.029717 0.017539 0.999404 2.695928
0.690236 0.722819 -0.033283 77.042981 -0.722973 0.690813 0.009335 -43.218826 0.029740 0.017619 0.999402 2.695954
0.690201 0.722847 -0.033375 77.042830 -0.723002 0.690782 0.009370 -43.218010 0.029828 0.017663 0.999399 2.695928
0.690235 0.722803 -0.033637 77.042292 -0.722960 0.690825 0.009439 -43.216874 0.030060 0.017803 0.999390 2.695885
0.690316 0.722717 -0.033833 77.041586 -0.722871 0.690916 0.009656 -43.215522 0.030355 0.017791 0.999381 2.695833
0.690374 0.722659 -0.033877 77.040854 -0.722807 0.690979 0.009888 -43.214225 0.030554 0.017660 0.999377 2.695782
0.690430 0.722608 -0.033833 77.040315 -0.722753 0.691035 0.009959 -43.213089 0.030576 0.017577 0.999378 2.695740
0.690503 0.722542 -0.033741 77.039945 -0.722686 0.691105 0.009938 -43.212167 0.030499 0.017522 0.999381 2.695706
0.690616 0.722432 -0.033782 77.039564 -0.722580 0.691218 0.009839 -43.210701 0.030458 0.017616 0.999381 2.695657
0.690698 0.722352 -0.033834 77.039335 -0.722502 0.691300 0.009790 -43.210050 0.030461 0.017683 0.999380 2.695634
0.690739 0.722309 -0.033904 77.039493 -0.722458 0.691345 0.009849 -43.209719 0.030553 0.017691 0.999377 2.695628
