1.000000 0.000501 -0.000670 0.578446 -0.000502 0.999999 -0.000980 -0.000146 0.000670 0.000980 0.999999 0.017789
0.999997 0.002382 -0.000792 1.127454 -0.002384 0.999995 -0.001929 -0.004084 0.000787 0.001931 0.999998 0.034718
0.999994 0.003143 -0.001246 1.714163 -0.003145 0.999993 -0.001892 -0.007050 0.001240 0.001896 0.999997 0.052795
0.999987 0.004692 -0.002200 2.303510 -0.004697 0.999986 -0.002342 -0.012999 0.002189 0.002352 0.999995 0.070990
0.999975 0.006535 -0.002662 2.838762 -0.006542 0.999975 -0.002665 -0.018024 0.002644 0.002682 0.999993 0.087509
0.999955 0.009214 -0.002456 3.429035 -0.009222 0.999952 -0.003279 -0.028145 0.002426 0.003301 0.999992 0.105782
0.999931 0.011787 0.000173 4.570813 -0.011786 0.999922 -0.004171 -0.045350 -0.000222 0.004169 0.999991 0.141099
0.999905 0.013716 0.001268 5.174113 -0.013709 0.999895 -0.004718 -0.057214 -0.001332 0.004700 0.999988 0.159793
0.999872 0.015911 0.001406 6.010108 -0.015902 0.999857 -0.005728 -0.073561 -0.001497 0.005705 0.999983 0.185697
0.999829 0.018443 0.001594 6.598650 -0.018433 0.999809 -0.006436 -0.089281 -0.001712 0.006405 0.999978 0.203984
0.999797 0.019978 0.002787 7.191924 -0.019959 0.999778 -0.006742 -0.103554 -0.002921 0.006685 0.999973 0.222399
0.999782 0.020379 0.004461 7.785371 -0.020345 0.999765 -0.007496 -0.116524 -0.004612 0.007404 0.999962 0.240803
0.999748 0.021749 0.005609 8.334785 -0.021704 0.999733 -0.007979 -0.129801 -0.005781 0.007855 0.999952 0.257858
0.999675 0.024775 0.005989 8.941230 -0.024724 0.999659 -0.008396 -0.145401 -0.006195 0.008245 0.999947 0.276694
0.999642 0.026100 0.005894 9.501692 -0.026049 0.999625 -0.008452 -0.162808 -0.006112 0.008296 0.999947 0.294138
0.999632 0.026427 0.006069 10.088701 -0.026373 0.999613 -0.008859 -0.181183 -0.006301 0.008695 0.999942 0.312409
0.999609 0.027134 0.006741 10.649166 -0.027071 0.999590 -0.009286 -0.200100 -0.006990 0.009100 0.999934 0.329871
0.999589 0.027587 0.007852 11.218836 -0.027518 0.999583 -0.008700 -0.219334 -0.008088 0.008481 0.999931 0.347620
0.999539 0.028912 0.009295 11.798242 -0.028837 0.999551 -0.008153 -0.239001 -0.009526 0.007881 0.999924 0.365674
0.999458 0.031099 0.010751 12.563125 -0.031027 0.999495 -0.006826 -0.267538 -0.010957 0.006489 0.999919 0.389538
0.999416 0.032295 0.011192 13.196103 -0.032224 0.999460 -0.006501 -0.291284 -0.011396 0.006136 0.999916 0.409288
0.999368 0.033826 0.010922 13.744619 -0.033748 0.999404 -0.007255 -0.313223 -0.011161 0.006882 0.999914 0.426419
0.999353 0.034490 0.010199 14.357709 -0.034415 0.999380 -0.007479 -0.336207 -0.010451 0.007123 0.999920 0.445548
0.999310 0.035780 0.009991 14.941420 -0.035710 0.999337 -0.007097 -0.361710 -0.010238 0.006735 0.999925 0.463804
0.999227 0.037367 0.012243 15.531939 -0.037296 0.999286 -0.005969 -0.388009 -0.012457 0.005508 0.999907 0.482279
0.999080 0.039547 0.016568 16.108309 -0.039454 0.999204 -0.005889 -0.413101 -0.016788 0.005230 0.999845 0.500305
0.998971 0.040271 0.020870 16.678046 -0.040179 0.999181 -0.004837 -0.436598 -0.021048 0.003994 0.999770 0.518107
0.998898 0.041527 0.021884 17.248199 -0.041444 0.999132 -0.004223 -0.460493 -0.022040 0.003311 0.999752 0.535927
0.998940 0.042021 0.018790 17.834157 -0.041949 0.999111 -0.004212 -0.484673 -0.018950 0.003420 0.999815 0.554236
0.998983 0.043296 0.012582 18.415470 -0.043244 0.999055 -0.004393 -0.510153 -0.012760 0.003844 0.999911 0.572418
0.998944 0.045647 0.005157 18.989007 -0.045616 0.998941 -0.005970 -0.538480 -0.005424 0.005728 0.999969 0.590396
0.998917 0.046481 0.002182 19.537211 -0.046464 0.998894 -0.007222 -0.566162 -0.002515 0.007113 0.999972 0.607586
0.998845 0.047729 0.005599 20.104067 -0.047690 0.998838 -0.006982 -0.598193 -0.005926 0.006707 0.999960 0.625403
0.998591 0.050428 0.016552 21.208033 -0.050303 0.998703 -0.007884 -0.658319 -0.016928 0.007041 0.999832 0.660073
0.998338 0.053910 0.020366 22.146974 -0.053704 0.998501 -0.010543 -0.711077 -0.020904 0.009432 0.999737 0.689581
0.998217 0.056953 0.017842 22.698951 -0.056753 0.998322 -0.011508 -0.745485 -0.018468 0.010475 0.999775 0.706969
0.998194 0.058125 0.015160 23.247374 -0.057948 0.998249 -0.011852 -0.778274 -0.015823 0.010952 0.999815 0.724227
0.998015 0.061408 0.013982 23.802933 -0.061229 0.998040 -0.012939 -0.813161 -0.014749 0.012057 0.999819 0.741731
0.997773 0.065070 0.014688 24.365994 -0.064869 0.997799 -0.013756 -0.854334 -0.015551 0.012773 0.999797 0.759541
0.997615 0.066950 0.016770 24.961580 -0.066718 0.997673 -0.014068 -0.897479 -0.017673 0.012915 0.999760 0.778374
0.997348 0.070455 0.018238 25.520916 -0.070191 0.997425 -0.014743 -0.940350 -0.019230 0.013424 0.999725 0.796090
0.996860 0.077154 0.017789 26.635273 -0.076868 0.996909 -0.016270 -1.029195 -0.018989 0.014851 0.999709 0.831426
0.996675 0.079676 0.017047 27.195089 -0.079395 0.996706 -0.016556 -1.075217 -0.018310 0.015148 0.999718 0.849194
0.996494 0.081931 0.016939 27.763522 -0.081649 0.996521 -0.016742 -1.123467 -0.018252 0.015301 0.999716 0.867255
0.996216 0.085216 0.017061 28.288750 -0.084931 0.996245 -0.016824 -1.172066 -0.018431 0.015312 0.999713 0.883990
0.996001 0.087579 0.017639 28.859059 -0.087289 0.996045 -0.016554 -1.226009 -0.019019 0.014948 0.999707 0.902177
0.995534 0.092554 0.018619 29.753953 -0.092265 0.995609 -0.015820 -1.312438 -0.020002 0.014031 0.999701 0.930735
0.995244 0.095522 0.019097 30.350644 -0.095218 0.995324 -0.016254 -1.372426 -0.020560 0.014359 0.999686 0.949806
0.994951 0.098347 0.020035 30.915669 -0.097994 0.995026 -0.017913 -1.432111 -0.021697 0.015859 0.999639 0.967899
0.994775 0.099963 0.020718 31.486852 -0.099586 0.994857 -0.018494 -1.493009 -0.022460 0.016334 0.999614 0.986196
0.994590 0.101790 0.020742 32.060373 -0.101392 0.994657 -0.019435 -1.553694 -0.022609 0.017227 0.999596 1.004562
0.994345 0.104012 0.021437 32.620047 -0.103548 0.994388 -0.021703 -1.615362 -0.023574 0.019361 0.999535 1.022514
0.994106 0.106131 0.022113 33.186498 -0.105630 0.994146 -0.022697 -1.677960 -0.024393 0.020227 0.999498 1.040686
0.993830 0.108730 0.021900 33.758043 -0.108226 0.993860 -0.022997 -1.741284 -0.024266 0.020485 0.999496 1.059024
0.993623 0.110566 0.022104 34.321037 -0.110076 0.993674 -0.022264 -1.805889 -0.024426 0.019689 0.999508 1.077114
0.993395 0.112462 0.022761 34.849166 -0.111966 0.993468 -0.022022 -1.868232 -0.025089 0.019329 0.999498 1.094104
0.992841 0.116551 0.026112 35.809911 -0.116002 0.993013 -0.021655 -1.984212 -0.028454 0.018471 0.999424 1.125043
0.992466 0.119204 0.028310 36.378751 -0.118617 0.992705 -0.021586 -2.056025 -0.030677 0.018065 0.999366 1.143400
0.992204 0.121193 0.029036 36.954634 -0.120611 0.992477 -0.021021 -2.127820 -0.031365 0.017355 0.999357 1.161972
0.991980 0.122789 0.029976 37.523056 -0.122313 0.992342 -0.017233 -2.197976 -0.031863 0.013428 0.999402 1.180296
0.991732 0.124612 0.030643 38.080978 -0.124233 0.992155 -0.013983 -2.270159 -0.032145 0.010060 0.999433 1.198321
0.991473 0.126559 0.031058 38.639345 -0.126221 0.991922 -0.012608 -2.343110 -0.032403 0.008580 0.999438 1.216369
0.991135 0.128654 0.033168 39.233117 -0.128346 0.991665 -0.011265 -2.421208 -0.034340 0.006908 0.999386 1.235568
0.990886 0.130146 0.034741 39.768397 -0.129824 0.991472 -0.011382 -2.492191 -0.035926 0.006768 0.999332 1.252882
0.990690 0.131452 0.035405 40.331562 -0.131191 0.991310 -0.009619 -2.566950 -0.036362 0.004885 0.999327 1.271099
0.990585 0.132393 0.034829 40.895234 -0.132095 0.991179 -0.010735 -2.643217 -0.035943 0.006033 0.999336 1.289350
0.990442 0.134305 0.031418 41.455034 -0.133956 0.990902 -0.012965 -2.721597 -0.032874 0.008632 0.999422 1.307508
0.990335 0.135726 0.028541 41.977270 -0.135361 0.990692 -0.014368 -2.795501 -0.030226 0.010365 0.999489 1.324456
0.990197 0.137026 0.027097 42.543025 -0.136643 0.990499 -0.015509 -2.877284 -0.028965 0.011654 0.999512 1.342838
0.989936 0.139083 0.026148 43.069443 -0.138718 0.990214 -0.015271 -2.954537 -0.028016 0.011490 0.999541 1.359955
0.989436 0.142403 0.027172 44.038359 -0.142011 0.989738 -0.015847 -3.098916 -0.029149 0.011821 0.999505 1.391487
0.989126 0.144203 0.028892 44.581829 -0.143750 0.989465 -0.017191 -3.179913 -0.031067 0.012851 0.999435 1.409174
0.988633 0.147290 0.030159 45.109770 -0.146760 0.988987 -0.019122 -3.263453 -0.032643 0.014478 0.999362 1.426414
0.988023 0.150299 0.034948 46.182897 -0.149724 0.988554 -0.018524 -3.428060 -0.037332 0.013069 0.999217 1.461394
0.987576 0.152971 0.035958 46.761046 -0.152367 0.988142 -0.018971 -3.520054 -0.038434 0.013256 0.999173 1.480280
0.987314 0.154837 0.035180 47.266222 -0.154213 0.987839 -0.019827 -3.600915 -0.037822 0.014150 0.999184 1.496787
0.986997 0.157547 0.031878 48.330875 -0.156982 0.987408 -0.019521 -3.774085 -0.034552 0.014263 0.999301 1.531610
0.986685 0.159833 0.030095 48.867322 -0.159294 0.987038 -0.019520 -3.863154 -0.032825 0.014466 0.999356 1.549178
0.986402 0.161566 0.030135 49.381745 -0.161037 0.986761 -0.019254 -3.949986 -0.032847 0.014139 0.999360 1.566042
0.986130 0.163103 0.030743 49.873882 -0.162549 0.986503 -0.019747 -4.034774 -0.033549 0.014476 0.999332 1.582196
0.985468 0.166917 0.031494 50.786418 -0.166289 0.985840 -0.021620 -4.190135 -0.034657 0.016069 0.999270 1.612127
0.985247 0.168150 0.031839 51.307386 -0.167493 0.985621 -0.022314 -4.278459 -0.035133 0.016652 0.999244 1.629210
0.984915 0.170080 0.031874 51.820247 -0.169408 0.985284 -0.022719 -4.367826 -0.035269 0.016977 0.999234 1.646056
0.984720 0.171206 0.031872 52.318778 -0.170493 0.985069 -0.023901 -4.454019 -0.035488 0.018101 0.999206 1.662423
0.984372 0.173141 0.032155 52.820388 -0.172370 0.984704 -0.025414 -4.540943 -0.036063 0.019474 0.999160 1.678894
0.983958 0.175266 0.033297 53.303091 -0.174447 0.984320 -0.026104 -4.628494 -0.037350 0.019877 0.999105 1.694791
0.983456 0.177794 0.034701 53.774402 -0.176893 0.983845 -0.027544 -4.716786 -0.039038 0.020950 0.999018 1.710347
0.982767 0.181251 0.036292 54.463544 -0.180270 0.983198 -0.028720 -4.845169 -0.040888 0.021683 0.998928 1.733084
0.982456 0.182991 0.035969 54.863954 -0.182062 0.982899 -0.027631 -4.921301 -0.040410 0.020597 0.998971 1.746313
0.982336 0.183994 0.034090 55.310402 -0.183160 0.982734 -0.026190 -5.007319 -0.038320 0.019484 0.999076 1.761077
0.982110 0.185442 0.032727 55.748887 -0.184609 0.982445 -0.026869 -5.092454 -0.037135 0.020347 0.999103 1.775585
0.981602 0.187904 0.033904 56.162568 -0.187018 0.981967 -0.027662 -5.175301 -0.038491 0.020812 0.999042 1.789303
0.981236 0.189342 0.036417 56.573321 -0.188378 0.981688 -0.028340 -5.257756 -0.041116 0.020948 0.998935 1.802926
0.980624 0.191708 0.040310 57.297064 -0.190706 0.981264 -0.027433 -5.402820 -0.044814 0.019214 0.998811 1.826928
0.980194 0.193534 0.042000 57.687270 -0.192514 0.980919 -0.027141 -5.481657 -0.046451 0.018518 0.998749 1.839875
0.979965 0.194475 0.042978 58.113861 -0.193501 0.980761 -0.025804 -5.567534 -0.047170 0.016971 0.998743 1.854027
0.979994 0.194428 0.042525 58.507382 -0.193546 0.980797 -0.024003 -5.646038 -0.046376 0.015293 0.998807 1.867073
0.979858 0.195451 0.040957 58.899780 -0.194614 0.980597 -0.023561 -5.725832 -0.044767 0.015116 0.998883 1.880100
0.979733 0.196456 0.039083 59.290551 -0.195532 0.980346 -0.026252 -5.806163 -0.043472 0.018078 0.998891 1.893083
0.979452 0.197972 0.038489 59.670693 -0.196954 0.979993 -0.028697 -5.883769 -0.043400 0.020527 0.998847 1.905706
0.979131 0.199709 0.037661 60.024788 -0.198660 0.979614 -0.029836 -5.958897 -0.042852 0.021732 0.998845 1.917499
0.978907 0.200856 0.037383 60.378261 -0.199820 0.979383 -0.029691 -6.034307 -0.042576 0.021594 0.998860 1.929276
0.978552 0.202511 0.037753 60.731178 -0.201504 0.979063 -0.028830 -6.111747 -0.042800 0.020604 0.998871 1.941061
0.977716 0.206182 0.039496 61.390147 -0.205207 0.978336 -0.027371 -6.257958 -0.044284 0.018656 0.998845 1.963084
0.977283 0.208250 0.039376 61.735102 -0.207220 0.977874 -0.028689 -6.335019 -0.044479 0.019878 0.998813 1.974619
0.977009 0.209541 0.039322 62.059507 -0.208469 0.977579 -0.029666 -6.406198 -0.044657 0.020786 0.998786 1.985452
0.976887 0.210027 0.039763 62.401498 -0.208885 0.977448 -0.031024 -6.481239 -0.045382 0.022001 0.998727 1.996871
0.976576 0.211282 0.040741 62.739288 -0.210138 0.977192 -0.030619 -6.556839 -0.046281 0.021340 0.998700 2.008168
0.976193 0.212850 0.041742 63.043920 -0.211712 0.976869 -0.030063 -6.625465 -0.047176 0.020510 0.998676 2.018362
0.975594 0.215403 0.042637 63.381419 -0.214329 0.976349 -0.028392 -6.703404 -0.047744 0.018560 0.998687 2.029678
0.975194 0.217167 0.042837 63.701809 -0.216114 0.975969 -0.027911 -6.778620 -0.047869 0.017961 0.998692 2.040436
0.974582 0.219939 0.042618 64.206719 -0.218788 0.975309 -0.030061 -6.898826 -0.048177 0.019973 0.998639 2.057409
0.974446 0.220603 0.042295 64.517214 -0.219418 0.975141 -0.030932 -6.969494 -0.048067 0.020861 0.998626 2.067807
0.974085 0.222371 0.041350 64.817440 -0.221137 0.974704 -0.032398 -7.039611 -0.047509 0.022415 0.998619 2.077883
0.973678 0.224380 0.040060 65.122760 -0.223172 0.974238 -0.032488 -7.111714 -0.046318 0.022693 0.998669 2.088140
0.973269 0.226366 0.038802 65.420000 -0.225219 0.973789 -0.031800 -7.183216 -0.044983 0.022211 0.998741 2.098141
0.972911 0.228070 0.037783 65.683043 -0.226966 0.973397 -0.031369 -7.247376 -0.043932 0.021944 0.998794 2.107002
0.972426 0.230288 0.036803 65.974958 -0.229238 0.972888 -0.030645 -7.319721 -0.042862 0.021364 0.998853 2.116849
0.972088 0.231745 0.036602 66.246825 -0.230674 0.972530 -0.031224 -7.386183 -0.042833 0.021909 0.998842 2.126009
0.971724 0.233242 0.036750 66.505756 -0.232131 0.972154 -0.032118 -7.450502 -0.043218 0.022678 0.998808 2.134745
0.971039 0.235862 0.038112 66.946608 -0.234684 0.971513 -0.032948 -7.561979 -0.044797 0.023050 0.998730 2.149644
0.970465 0.238090 0.038871 67.192812 -0.236881 0.970969 -0.033258 -7.624985 -0.045661 0.023067 0.998691 2.157973
0.970030 0.239875 0.038745 67.472417 -0.238675 0.970533 -0.033152 -7.697673 -0.045555 0.022911 0.998699 2.167446
0.969673 0.241435 0.038002 67.729758 -0.240267 0.970151 -0.032857 -7.765416 -0.044800 0.022730 0.998737 2.176174
0.969400 0.242602 0.037515 67.980643 -0.241441 0.969856 -0.032943 -7.831769 -0.044376 0.022878 0.998753 2.184688
0.969036 0.244018 0.037738 68.231088 -0.242821 0.969488 -0.033644 -7.899116 -0.044796 0.023438 0.998721 2.193200
0.968587 0.245675 0.038498 68.478720 -0.244422 0.969055 -0.034515 -7.965789 -0.045786 0.024021 0.998662 2.201617
0.968190 0.247128 0.039191 68.721762 -0.245821 0.968672 -0.035308 -8.031230 -0.046689 0.024551 0.998608 2.209878
0.967884 0.248269 0.039539 68.968090 -0.246958 0.968386 -0.035227 -8.097477 -0.047035 0.024332 0.998597 2.218250
0.967537 0.249680 0.039139 69.238432 -0.248379 0.968022 -0.035234 -8.169864 -0.046684 0.024369 0.998612 2.227435
0.967518 0.249803 0.038825 69.478512 -0.248536 0.968002 -0.034673 -8.234040 -0.046244 0.023897 0.998644 2.235590
0.967197 0.251005 0.039075 69.724636 -0.249766 0.967710 -0.033970 -8.301472 -0.046340 0.023097 0.998659 2.243970
0.966635 0.253081 0.039594 70.149846 -0.251861 0.967189 -0.033341 -8.417786 -0.046733 0.022256 0.998659 2.258445
0.966326 0.254213 0.039867 70.417173 -0.253020 0.966910 -0.032647 -8.491941 -0.046847 0.021461 0.998672 2.267558
0.966062 0.255340 0.039071 70.689000 -0.254165 0.966610 -0.032652 -8.566722 -0.046104 0.021614 0.998703 2.276817
0.965780 0.256577 0.037921 70.942593 -0.255423 0.966275 -0.032749 -8.639315 -0.045045 0.021943 0.998744 2.285489
0.965569 0.257462 0.037285 71.202165 -0.256323 0.966037 -0.032732 -8.712159 -0.044446 0.022048 0.998768 2.294348
0.965359 0.258333 0.036695 71.482818 -0.257169 0.965782 -0.033594 -8.790750 -0.044118 0.022993 0.998762 2.303924
0.965036 0.259586 0.036329 71.737532 -0.258422 0.965440 -0.033816 -8.861297 -0.043851 0.023246 0.998768 2.312606
0.964842 0.260459 0.035229 72.034263 -0.259303 0.965190 -0.034219 -8.944006 -0.042915 0.023881 0.998793 2.322726
0.964603 0.261696 0.032506 72.317080 -0.260546 0.964800 -0.035731 -9.023435 -0.040713 0.025997 0.998833 2.332379
0.964219 0.263391 0.030122 72.565551 -0.262313 0.964331 -0.035462 -9.094931 -0.038388 0.026292 0.998917 2.340880
0.963752 0.265160 0.029519 72.837417 -0.264103 0.963846 -0.035366 -9.173604 -0.037830 0.026288 0.998938 2.350187
0.963403 0.266300 0.030638 73.096756 -0.265191 0.963526 -0.035936 -9.248521 -0.039090 0.026496 0.998884 2.359063
0.962682 0.269576 0.023927 73.848754 -0.268640 0.962558 -0.036272 -9.469905 -0.032809 0.028490 0.999055 2.384852
0.962351 0.271183 0.018456 74.132027 -0.270466 0.962126 -0.034071 -9.554884 -0.026997 0.027796 0.999249 2.394586
0.962121 0.272291 0.013438 74.417045 -0.271763 0.961832 -0.031998 -9.640051 -0.021638 0.027134 0.999398 2.404376
0.961792 0.273598 0.009955 74.703899 -0.273187 0.961467 -0.030823 -9.725508 -0.018004 0.026926 0.999475 2.414225
0.961630 0.274208 0.008828 74.990306 -0.273865 0.961344 -0.028551 -9.808940 -0.016316 0.025038 0.999553 2.424036
0.960885 0.276885 0.005919 75.548087 -0.276653 0.960627 -0.025687 -9.977085 -0.012799 0.023045 0.999652 2.443212
0.960500 0.278208 0.006332 75.831093 -0.277975 0.960264 -0.024970 -10.062257 -0.013027 0.022223 0.999668 2.452940
0.960072 0.279587 0.009658 76.115580 -0.279265 0.959862 -0.026005 -10.147810 -0.016542 0.022270 0.999615 2.462718
0.959315 0.281645 0.019787 76.569692 -0.281000 0.959235 -0.030126 -10.286148 -0.027466 0.023341 0.999350 2.478347
0.958638 0.283350 0.026931 76.877933 -0.282454 0.958721 -0.032765 -10.380801 -0.035103 0.023803 0.999100 2.488965
0.957519 0.286105 0.036072 77.399919 -0.284872 0.957899 -0.035734 -10.541002 -0.044776 0.023940 0.998710 2.506945
0.956644 0.288403 0.040698 77.713469 -0.287015 0.957222 -0.036718 -10.640734 -0.049547 0.023445 0.998497 2.517787
0.955716 0.290704 0.045808 78.042711 -0.289145 0.956541 -0.037750 -10.744554 -0.054792 0.022833 0.998237 2.529161
0.954822 0.292659 0.051636 78.363543 -0.290914 0.955965 -0.038733 -10.845717 -0.060698 0.021962 0.997915 2.540244
0.953847 0.294447 0.058966 78.714312 -0.292496 0.955448 -0.039557 -10.957310 -0.067987 0.020484 0.997476 2.552374
0.952366 0.297140 0.068610 79.280263 -0.294714 0.954601 -0.043361 -11.137617 -0.078380 0.021075 0.996701 2.571947
0.951519 0.299152 0.071550 79.612410 -0.296465 0.953942 -0.045859 -11.243472 -0.081974 0.022424 0.996382 2.583435
0.950718 0.301495 0.072353 80.005918 -0.298735 0.953198 -0.046597 -11.369062 -0.083016 0.022686 0.996290 2.597047
0.950150 0.303577 0.071107 80.357408 -0.300806 0.952519 -0.047143 -11.483747 -0.082042 0.023403 0.996354 2.609236
0.949747 0.306516 0.063481 80.985592 -0.304256 0.951625 -0.042875 -11.692503 -0.073552 0.021406 0.997062 2.631066
0.949646 0.309164 0.050890 81.634987 -0.307706 0.950854 -0.034536 -11.911254 -0.059067 0.017138 0.998107 2.653668
0.949546 0.310448 0.044555 82.016071 -0.309308 0.950466 -0.030694 -12.038978 -0.051877 0.015364 0.998535 2.666924
0.949296 0.311730 0.040757 82.428722 -0.310767 0.950065 -0.028300 -12.177098 -0.047544 0.014199 0.998768 2.681276
0.949052 0.312881 0.037484 82.817269 -0.312023 0.949689 -0.027055 -12.307970 -0.044063 0.013980 0.998931 2.694799
0.948565 0.314643 0.034993 83.248139 -0.313845 0.949105 -0.026482 -12.454451 -0.041544 0.014137 0.999037 2.709812
0.948191 0.315723 0.035408 83.650223 -0.315007 0.948776 -0.024396 -12.591089 -0.041297 0.011979 0.999075 2.723821
0.947742 0.316803 0.037710 84.083523 -0.316136 0.948443 -0.022650 -12.739222 -0.042941 0.009545 0.999032 2.738928
0.947431 0.317424 0.040214 84.740212 -0.316840 0.948262 -0.020315 -12.963934 -0.044582 0.006505 0.998985 2.761826
0.946776 0.319367 0.040248 85.533607 -0.318876 0.947621 -0.018233 -13.237165 -0.043963 0.004429 0.999023 2.789512
0.946294 0.320843 0.039840 85.988562 -0.320360 0.947122 -0.018152 -13.395055 -0.043557 0.004414 0.999041 2.805403
0.945880 0.322071 0.039761 86.454561 -0.321564 0.946703 -0.018725 -13.555817 -0.043672 0.004926 0.999034 2.821668
0.945575 0.322789 0.041181 86.906194 -0.322178 0.946449 -0.020871 -13.711021 -0.045712 0.006467 0.998934 2.837424
0.945179 0.323494 0.044585 87.405066 -0.322798 0.946207 -0.022219 -13.882858 -0.049374 0.006609 0.998758 2.854833
0.944645 0.324693 0.047112 87.840862 -0.323958 0.945799 -0.022689 -14.035646 -0.051925 0.006171 0.998632 2.870073
0.944100 0.326285 0.047041 88.330709 -0.325593 0.945256 -0.021900 -14.208380 -0.051612 0.005360 0.998653 2.887215
0.943982 0.326984 0.044497 88.826301 -0.326382 0.945018 -0.020403 -14.382179 -0.048722 0.004737 0.998801 2.904546
0.943677 0.328300 0.041148 89.329030 -0.327758 0.944561 -0.019472 -14.559586 -0.045260 0.004888 0.998963 2.922141
0.943064 0.330318 0.038985 89.801797 -0.329848 0.943860 -0.018117 -14.729715 -0.042781 0.004226 0.999076 2.938727
0.942839 0.331086 0.037909 90.301787 -0.330646 0.943592 -0.017510 -14.911718 -0.041568 0.003975 0.999128 2.956292
0.941662 0.334103 0.040593 91.239393 -0.333534 0.942520 -0.020282 -15.253980 -0.045036 0.005560 0.998970 2.989244
0.941062 0.335606 0.042093 91.769301 -0.334983 0.941984 -0.021273 -15.449567 -0.046790 0.005919 0.998887 3.007893
0.940418 0.337327 0.042725 92.291714 -0.336704 0.941371 -0.021233 -15.641384 -0.047382 0.005582 0.998861 3.026266
0.939720 0.339209 0.043177 92.830714 -0.338550 0.940692 -0.021980 -15.840840 -0.048072 0.006037 0.998826 3.045242
0.938915 0.341410 0.043336 93.377656 -0.340690 0.939888 -0.023258 -16.044081 -0.048672 0.007073 0.998790 3.064507
0.938191 0.343486 0.042592 94.218961 -0.342714 0.939120 -0.024513 -16.356560 -0.048419 0.008401 0.998792 3.094139
0.937705 0.344907 0.041811 94.728086 -0.344097 0.938589 -0.025458 -16.547584 -0.048024 0.009485 0.998801 3.112094
0.935940 0.349876 0.040040 95.807621 -0.349008 0.936726 -0.027167 -16.956810 -0.047012 0.011452 0.998829 3.150216
0.935119 0.352037 0.040288 96.519312 -0.351129 0.935909 -0.027986 -17.230683 -0.047558 0.012024 0.998796 3.175397
0.934334 0.354059 0.040765 97.075722 -0.353109 0.935140 -0.028759 -17.446510 -0.048304 0.012476 0.998755 3.195105
0.933375 0.356433 0.042038 97.664094 -0.355412 0.934230 -0.029938 -17.677543 -0.049944 0.013003 0.998667 3.215978
0.932280 0.359153 0.043169 98.231119 -0.358067 0.933182 -0.030964 -17.902520 -0.051405 0.013409 0.998588 3.236123
0.931812 0.360456 0.042407 98.802879 -0.359380 0.932676 -0.030998 -18.128061 -0.050725 0.013644 0.998619 3.256419
0.931213 0.362211 0.040577 99.395903 -0.361151 0.931985 -0.031220 -18.361820 -0.049125 0.014418 0.998689 3.277469
0.930514 0.364112 0.039579 99.945604 -0.363053 0.931235 -0.031533 -18.582238 -0.048339 0.014972 0.998719 3.297026
0.929709 0.366249 0.038776 100.510327 -0.365181 0.930386 -0.032002 -18.810062 -0.047798 0.015592 0.998735 3.317133
0.928692 0.368785 0.039098 101.095819 -0.367688 0.929379 -0.032548 -19.049378 -0.048341 0.015851 0.998705 3.338018
0.927831 0.370808 0.040382 101.636203 -0.369675 0.928579 -0.032895 -19.271522 -0.049695 0.015593 0.998643 3.357309
0.927257 0.372142 0.041288 102.214204 -0.370994 0.928051 -0.032932 -19.509081 -0.050573 0.015218 0.998604 3.377943
0.926685 0.373494 0.041910 102.810275 -0.372363 0.927520 -0.032448 -19.755163 -0.050992 0.014464 0.998594 3.399234
0.926468 0.373989 0.042300 103.369822 -0.372882 0.927331 -0.031870 -19.984924 -0.051145 0.013754 0.998597 3.419206
0.925062 0.377366 0.043067 104.430018 -0.376216 0.925959 -0.032572 -20.426988 -0.052170 0.013929 0.998541 3.457129
0.924361 0.379064 0.043202 105.062445 -0.377911 0.925267 -0.032613 -20.693461 -0.052336 0.013820 0.998534 3.479784
0.923730 0.380564 0.043512 105.648070 -0.379431 0.924660 -0.032187 -20.939540 -0.052483 0.013222 0.998534 3.500754
0.923032 0.382269 0.043389 106.246108 -0.381157 0.923962 -0.031854 -21.191671 -0.052266 0.012864 0.998550 3.522179
0.922417 0.383722 0.043629 106.815370 -0.382599 0.923359 -0.032028 -21.437484 -0.052575 0.012851 0.998534 3.542643
0.921774 0.385197 0.044218 107.412625 -0.384043 0.922743 -0.032495 -21.696736 -0.053319 0.012972 0.998493 3.564129
0.921167 0.386530 0.045239 107.966099 -0.385383 0.922196 -0.032152 -21.937097 -0.054147 0.012183 0.998459 3.584042
0.920426 0.388251 0.045569 108.572508 -0.387105 0.921477 -0.032105 -22.200456 -0.054456 0.011910 0.998445 3.605859
0.920196 0.388889 0.044767 109.134681 -0.387803 0.921215 -0.031182 -22.439625 -0.053366 0.011333 0.998511 3.626025
0.919555 0.390467 0.044213 109.746209 -0.389491 0.920566 -0.029228 -22.703074 -0.052113 0.009656 0.998594 3.648001
0.919412 0.390714 0.044984 110.347608 -0.389850 0.920483 -0.026965 -22.962539 -0.051943 0.007255 0.998624 3.669618
0.918595 0.392479 0.046298 110.960210 -0.391613 0.919737 -0.026884 -23.230247 -0.053133 0.006565 0.998566 3.691678
0.917589 0.394401 0.049778 111.723861 -0.393530 0.918925 -0.026652 -23.567398 -0.056254 0.004866 0.998405 3.719219
0.916571 0.396558 0.051380 112.304719 -0.395722 0.918003 -0.025966 -23.825761 -0.057465 0.003468 0.998342 3.740190
0.915868 0.398075 0.052173 112.921986 -0.397301 0.917351 -0.024902 -24.100475 -0.057774 0.002078 0.998328 3.762478
0.914574 0.400940 0.052928 113.899928 -0.400243 0.916104 -0.023628 -24.535766 -0.057960 0.000425 0.998319 3.797790
0.913838 0.402613 0.052941 114.522916 -0.401921 0.915370 -0.023594 -24.815201 -0.057960 0.000283 0.998319 3.820311
0.913157 0.404291 0.051890 115.136378 -0.403558 0.914629 -0.024372 -25.096541 -0.057313 0.001315 0.998355 3.842562
0.912680 0.405519 0.050701 115.749333 -0.404774 0.914085 -0.024644 -25.376624 -0.056338 0.001970 0.998410 3.864782
0.911903 0.407397 0.049605 116.358883 -0.406668 0.913249 -0.024440 -25.655176 -0.055259 0.002114 0.998470 3.886878
0.910928 0.409700 0.048546 116.983312 -0.408952 0.912216 -0.024920 -25.944317 -0.054494 0.002847 0.998510 3.909560
0.910392 0.410894 0.048506 117.562948 -0.410157 0.911679 -0.024735 -26.212053 -0.054385 0.002623 0.998517 3.930607
0.909411 0.413020 0.048858 118.650718 -0.412230 0.910716 -0.025734 -26.716761 -0.055125 0.003262 0.998474 3.970132
0.908871 0.414251 0.048471 119.272515 -0.413361 0.910149 -0.027606 -27.006443 -0.055552 0.005055 0.998443 3.992739
0.908020 0.416201 0.047720 119.891651 -0.415306 0.909256 -0.027820 -27.298054 -0.054968 0.005442 0.998473 4.015288
0.907597 0.417306 0.046080 120.501103 -0.416389 0.908742 -0.028439 -27.585193 -0.053742 0.006624 0.998533 4.037485
0.905749 0.421357 0.045561 121.747551 -0.420275 0.906845 -0.031645 -28.184856 -0.054650 0.009514 0.998460 4.083032
0.905215 0.422416 0.046383 122.314389 -0.421269 0.906346 -0.032699 -28.458221 -0.055851 0.010060 0.998388 4.103753
0.904195 0.424649 0.045881 122.943614 -0.423468 0.905293 -0.033446 -28.761634 -0.055739 0.010812 0.998387 4.126755
0.903434 0.426453 0.044109 123.515549 -0.425305 0.904440 -0.033240 -29.039500 -0.054070 0.011271 0.998474 4.147687
0.902538 0.428435 0.043218 124.076788 -0.427312 0.903501 -0.033018 -29.310881 -0.053193 0.011332 0.998520 4.168212
0.895982 0.442386 0.038868 128.494579 -0.441289 0.896729 -0.033778 -31.494626 -0.049797 0.013112 0.998673 4.330347
0.895635 0.443155 0.038086 129.101024 -0.442050 0.896339 -0.034186 -31.800778 -0.049288 0.013783 0.998690 4.352680
0.894592 0.445287 0.037740 129.667748 -0.444114 0.895259 -0.035685 -32.089405 -0.049677 0.015162 0.998650 4.373582
0.893983 0.446483 0.038037 130.250198 -0.445285 0.894661 -0.036093 -32.385005 -0.050145 0.015329 0.998624 4.395050
0.893091 0.448256 0.038132 130.805192 -0.447073 0.893780 -0.035816 -32.669547 -0.050137 0.014939 0.998631 4.415542
0.891817 0.450827 0.037641 131.374886 -0.449640 0.892481 -0.036061 -32.962962 -0.049852 0.015235 0.998640 4.436592
0.891276 0.451948 0.037019 131.956932 -0.450755 0.891905 -0.036407 -33.262694 -0.049471 0.015762 0.998651 4.458098
0.889392 0.455634 0.037146 132.692928 -0.454430 0.890029 -0.036628 -33.645611 -0.049750 0.015696 0.998638 4.485339
0.888424 0.457447 0.038013 133.269564 -0.456169 0.889088 -0.037853 -33.947341 -0.051113 0.016289 0.998560 4.506703
0.888438 0.457322 0.039180 133.870335 -0.455969 0.889144 -0.038925 -34.257696 -0.052638 0.016718 0.998474 4.528913
0.887776 0.458513 0.040258 134.748807 -0.457090 0.888525 -0.039913 -34.714489 -0.054071 0.017032 0.998392 4.561425
0.886695 0.460526 0.041085 135.336314 -0.459102 0.887496 -0.039712 -35.020646 -0.054752 0.016350 0.998366 4.583176
0.885627 0.462607 0.040732 135.914462 -0.461169 0.886406 -0.040104 -35.323881 -0.054657 0.016733 0.998365 4.604605
0.885096 0.463724 0.039572 136.491280 -0.462300 0.885811 -0.040221 -35.627830 -0.053705 0.017305 0.998407 4.626001
0.884081 0.465754 0.038404 137.068610 -0.464367 0.884742 -0.039948 -35.935554 -0.052584 0.017484 0.998463 4.647458
0.883592 0.466742 0.037631 137.903262 -0.465408 0.884228 -0.039200 -36.382277 -0.051571 0.017123 0.998523 4.678501
0.883458 0.467072 0.036687 138.452089 -0.465686 0.884020 -0.040553 -36.674044 -0.051373 0.018742 0.998504 4.698890
0.883245 0.467397 0.037659 139.022809 -0.466013 0.883866 -0.040154 -36.977521 -0.052054 0.017916 0.998484 4.720093
0.883331 0.467333 0.036428 139.554715 -0.465886 0.883856 -0.041815 -37.259088 -0.051738 0.019965 0.998461 4.739839
0.883044 0.467987 0.034956 140.309843 -0.466520 0.883474 -0.042809 -37.661466 -0.050917 0.021495 0.998472 4.767903
0.882851 0.468311 0.035487 140.881808 -0.466852 0.883317 -0.042432 -37.965886 -0.051218 0.020894 0.998469 4.789155
0.882411 0.469121 0.035726 141.441392 -0.467708 0.882910 -0.041467 -38.264878 -0.050996 0.019882 0.998501 4.809962
0.882179 0.469608 0.035044 142.001126 -0.468260 0.882665 -0.040433 -38.564461 -0.049920 0.019259 0.998568 4.830780
0.882101 0.470008 0.031451 142.559644 -0.468705 0.882401 -0.041030 -38.863721 -0.047037 0.021451 0.998663 4.851557
0.881090 0.472536 0.019729 143.624053 -0.471445 0.880849 -0.042948 -39.441939 -0.037673 0.028540 0.998882 4.891248
0.880812 0.473177 0.016529 144.131890 -0.472179 0.880455 -0.042978 -39.719395 -0.034889 0.030051 0.998939 4.910204
0.879778 0.475168 0.014376 144.655977 -0.474157 0.879276 -0.045262 -40.011123 -0.034148 0.033004 0.998872 4.929831
0.879427 0.475838 0.013653 145.182215 -0.474723 0.878772 -0.048972 -40.299159 -0.035301 0.036586 0.998707 4.949481
0.879156 0.476343 0.013490 145.690561 -0.475121 0.878377 -0.052096 -40.579130 -0.036665 0.039391 0.998551 4.968483
0.878746 0.477099 0.013501 146.224130 -0.475741 0.877820 -0.055692 -40.876014 -0.038422 0.042517 0.998357 4.988464
0.878399 0.477698 0.014846 146.874116 -0.476160 0.877395 -0.058740 -41.240269 -0.041085 0.044528 0.998163 5.012836
0.877698 0.478899 0.017378 147.404336 -0.477257 0.876813 -0.058526 -41.534601 -0.043265 0.043075 0.998135 5.032683
0.877478 0.479220 0.019488 147.897628 -0.477496 0.876695 -0.058344 -41.805286 -0.045044 0.041890 0.998106 5.051110
0.876884 0.480253 0.020761 148.429000 -0.478464 0.876151 -0.058578 -42.100206 -0.046322 0.041433 0.998067 5.071000
0.876012 0.481812 0.021450 148.951582 -0.480007 0.875326 -0.058287 -42.393700 -0.046859 0.040764 0.998069 5.090603
0.875332 0.483025 0.021913 149.445755 -0.481251 0.874713 -0.057217 -42.674108 -0.046805 0.039538 0.998121 5.109174
0.874413 0.484682 0.022041 149.968222 -0.482958 0.873850 -0.056008 -42.969392 -0.046407 0.038329 0.998187 5.128795
0.873670 0.485994 0.022592 150.446718 -0.484296 0.873174 -0.054991 -43.240042 -0.046452 0.037103 0.998231 5.146766
0.873254 0.486705 0.023364 150.949565 -0.485004 0.872816 -0.054443 -43.522159 -0.046890 0.036210 0.998244 5.165625
0.872438 0.488120 0.024284 151.463321 -0.486415 0.872069 -0.053818 -43.812597 -0.047447 0.035141 0.998255 5.184919
0.871261 0.490169 0.025249 152.129590 -0.488460 0.870963 -0.053205 -44.192751 -0.048070 0.034022 0.998264 5.209984
0.870332 0.491779 0.025990 152.620598 -0.490088 0.870102 -0.052307 -44.473581 -0.048338 0.032787 0.998293 5.228463
0.869833 0.492696 0.025321 153.145738 -0.491049 0.869589 -0.051831 -44.773225 -0.047556 0.032651 0.998335 5.248218
0.869185 0.493858 0.024935 153.639915 -0.492253 0.868946 -0.051186 -45.055647 -0.046946 0.032215 0.998378 5.266814
0.868833 0.494469 0.025087 154.158181 -0.492879 0.868615 -0.050782 -45.350987 -0.046901 0.031756 0.998395 5.286306
0.867635 0.496579 0.024880 154.633644 -0.494995 0.867411 -0.050770 -45.628824 -0.046792 0.031734 0.998400 5.304271
0.866505 0.498550 0.024841 155.292648 -0.496927 0.866256 -0.051618 -46.014844 -0.047253 0.032383 0.998358 5.329182
0.866025 0.499401 0.024501 155.759372 -0.497799 0.865768 -0.051397 -46.287716 -0.046880 0.032315 0.998378 5.346819
0.865042 0.501180 0.022833 156.258077 -0.499660 0.864732 -0.050788 -46.584098 -0.045198 0.032525 0.998448 5.365722
0.864602 0.502004 0.021335 156.718853 -0.500571 0.864256 -0.049896 -46.856837 -0.043486 0.032461 0.998527 5.383174
0.864019 0.503039 0.020552 157.210302 -0.501680 0.863678 -0.048771 -47.150145 -0.042284 0.031829 0.998598 5.401817
0.863127 0.504578 0.020306 157.672065 -0.503263 0.862805 -0.047908 -47.427545 -0.041693 0.031131 0.998645 5.419355
0.862751 0.505191 0.021031 158.316298 -0.503857 0.862463 -0.047803 -47.811886 -0.042289 0.030646 0.998635 5.443792
0.862351 0.505827 0.022123 158.792810 -0.504453 0.862107 -0.047945 -48.095375 -0.043324 0.030185 0.998605 5.461857
0.861448 0.507320 0.023103 159.273299 -0.505924 0.861253 -0.047795 -48.383649 -0.044145 0.029484 0.998590 5.480103
0.860481 0.508913 0.024080 159.753882 -0.507490 0.860334 -0.047740 -48.674040 -0.045012 0.028859 0.998570 5.498376
0.859941 0.509799 0.024624 160.228685 -0.508352 0.859815 -0.047912 -48.960227 -0.045598 0.028683 0.998548 5.516422
0.859424 0.510673 0.024558 160.706330 -0.509243 0.859306 -0.047602 -49.247709 -0.045411 0.028404 0.998564 5.534570
0.858645 0.512034 0.023466 161.182712 -0.510602 0.858458 -0.048316 -49.538156 -0.044884 0.029505 0.998556 5.552715
0.858252 0.512712 0.023011 161.633373 -0.511281 0.858038 -0.048614 -49.814458 -0.044670 0.029958 0.998553 5.569899
0.857198 0.514465 0.023182 162.114541 -0.513042 0.857004 -0.048299 -50.115150 -0.044715 0.029508 0.998564 5.588315
0.855906 0.516594 0.023560 162.614289 -0.515160 0.855733 -0.048294 -50.427383 -0.045110 0.029198 0.998555 5.607441
0.854900 0.518225 0.024268 163.068855 -0.516769 0.854761 -0.048307 -50.715415 -0.045777 0.028757 0.998538 5.624886
0.854095 0.519534 0.024625 163.562953 -0.518057 0.853967 -0.048558 -51.028698 -0.046257 0.028716 0.998517 5.643851
0.852979 0.521347 0.024966 164.023056 -0.519874 0.852879 -0.048249 -51.318477 -0.046447 0.028176 0.998523 5.661487
0.851436 0.523850 0.025241 164.511561 -0.522400 0.851372 -0.047585 -51.631287 -0.046417 0.027330 0.998548 5.680274
0.850295 0.525663 0.026015 164.990645 -0.524228 0.850290 -0.046809 -51.939429 -0.046726 0.026164 0.998565 5.698716
0.849848 0.526364 0.026459 165.476749 -0.524976 0.849897 -0.045565 -52.250706 -0.046471 0.024833 0.998611 5.717410
0.849591 0.526787 0.026269 165.931617 -0.525441 0.849652 -0.044769 -52.542185 -0.045903 0.024232 0.998652 5.734906
0.848760 0.528137 0.026032 166.420566 -0.526775 0.848800 -0.045240 -52.855009 -0.045989 0.024685 0.998637 5.753707
0.848023 0.529343 0.025545 166.859704 -0.527948 0.848018 -0.046208 -53.139261 -0.046123 0.025699 0.998605 5.770633
0.846701 0.531492 0.024793 167.345291 -0.530076 0.846642 -0.047094 -53.456964 -0.046020 0.026732 0.998583 5.789389
0.845739 0.533050 0.024156 167.986429 -0.531623 0.845636 -0.047714 -53.873686 -0.045861 0.027512 0.998569 5.814120
0.844922 0.534393 0.023056 168.462651 -0.532989 0.844767 -0.047870 -54.185951 -0.045058 0.028158 0.998587 5.832523
0.844385 0.535262 0.022550 168.908792 -0.533888 0.844219 -0.047519 -54.478001 -0.044472 0.028085 0.998616 5.849758
0.843881 0.536077 0.022068 169.399357 -0.534675 0.843668 -0.048447 -54.799479 -0.044589 0.029085 0.998582 5.868713
0.843194 0.537146 0.022329 170.006804 -0.535684 0.842960 -0.049607 -55.195641 -0.045469 0.029867 0.998519 5.892161
0.841607 0.539635 0.022177 170.950062 -0.538164 0.841363 -0.049881 -55.814939 -0.045577 0.030045 0.998509 5.928621
0.841031 0.540571 0.021232 171.414316 -0.539102 0.840728 -0.050455 -56.120915 -0.045124 0.030988 0.998501 5.946580
0.840216 0.541811 0.021866 171.874632 -0.540302 0.839930 -0.050904 -56.426502 -0.045946 0.030956 0.998464 5.964413
0.839949 0.542204 0.022380 172.336691 -0.540663 0.839677 -0.051244 -56.730766 -0.046577 0.030942 0.998435 5.982285
0.839342 0.543195 0.021081 172.813244 -0.541647 0.838979 -0.052279 -57.045339 -0.046084 0.032462 0.998410 6.000725
0.839643 0.542817 0.018668 173.276639 -0.541338 0.839161 -0.052550 -57.351909 -0.044191 0.034018 0.998444 6.018665
0.840298 0.541877 0.016409 173.769670 -0.540547 0.839776 -0.050853 -57.676920 -0.041336 0.033862 0.998571 6.037738
0.840973 0.540903 0.013760 174.233892 -0.539703 0.840376 -0.049881 -57.982274 -0.038545 0.034522 0.998660 6.055689
0.840815 0.541155 0.013482 174.668481 -0.539966 0.840210 -0.049849 -58.269943 -0.038304 0.034634 0.998666 6.072516
0.841123 0.540656 0.014251 175.098475 -0.539439 0.840545 -0.049884 -58.553361 -0.038948 0.034271 0.998653 6.089150
0.840302 0.541893 0.015630 175.546100 -0.540618 0.839772 -0.050143 -58.848307 -0.040298 0.033685 0.998620 6.106465
0.840539 0.541465 0.017626 175.961689 -0.540162 0.840119 -0.049245 -59.121269 -0.041473 0.031872 0.998631 6.122530
0.840994 0.540732 0.018375 176.416099 -0.539471 0.840652 -0.047696 -59.419410 -0.041237 0.030199 0.998693 6.140092
0.841179 0.540421 0.019048 176.839806 -0.539208 0.840914 -0.046028 -59.697116 -0.040892 0.028447 0.998759 6.156464
0.841460 0.539984 0.019023 177.296908 -0.538801 0.841213 -0.045325 -59.994954 -0.040477 0.027889 0.998791 6.174106
0.841757 0.539521 0.019064 177.719903 -0.538356 0.841524 -0.044842 -60.271079 -0.040236 0.027483 0.998812 6.190437
0.841722 0.539548 0.019793 178.172588 -0.538453 0.841576 -0.042639 -60.565878 -0.039663 0.025232 0.998894 6.207905
0.841457 0.539913 0.021057 178.587727 -0.538897 0.841428 -0.039862 -60.836058 -0.039240 0.022195 0.998983 6.223923
0.841699 0.539490 0.022226 179.044444 -0.538543 0.841765 -0.037471 -61.134119 -0.038925 0.019570 0.999050 6.241556
0.841370 0.539941 0.023658 179.465577 -0.539077 0.841543 -0.034665 -61.412098 -0.038626 0.016413 0.999119 6.257852
0.841742 0.539319 0.024604 179.914890 -0.538490 0.841971 -0.033366 -61.706242 -0.038711 0.014837 0.999140 6.275209
0.842367 0.538239 0.026776 180.485676 -0.537441 0.842700 -0.031836 -62.078564 -0.039700 0.012427 0.999134 6.297243
0.843245 0.536754 0.028865 180.937208 -0.535980 0.843675 -0.030636 -62.373027 -0.040796 0.010363 0.999114 6.314672
0.844310 0.534949 0.031136 181.389266 -0.534216 0.844847 -0.029103 -62.664839 -0.041873 0.007939 0.999091 6.332086
0.845648 0.532703 0.033287 181.808815 -0.531985 0.846279 -0.028353 -62.935289 -0.043273 0.006269 0.999044 6.348242
0.847684 0.529347 0.034973 182.425465 -0.528641 0.848390 -0.027802 -63.332520 -0.044387 0.005079 0.999001 6.371986
0.848954 0.527248 0.035879 182.881337 -0.526626 0.849706 -0.025790 -63.622236 -0.044085 0.002999 0.999023 6.389492
0.851097 0.523839 0.035021 183.335929 -0.523261 0.851813 -0.024758 -63.908876 -0.042800 0.002746 0.999080 6.406921
0.852926 0.520946 0.033664 183.790015 -0.520388 0.853584 -0.024305 -64.194259 -0.041396 0.003212 0.999138 6.424320
0.855348 0.517118 0.031125 184.234164 -0.516612 0.855906 -0.023166 -64.469439 -0.038620 0.003735 0.999247 6.441290
0.861265 0.507419 0.027346 185.117701 -0.507044 0.861693 -0.019764 -65.007660 -0.033593 0.003156 0.999431 6.474938
0.864419 0.502151 0.024964 185.544313 -0.501808 0.864771 -0.018964 -65.260964 -0.031111 0.003865 0.999508 6.491105
0.868068 0.495904 0.023171 185.984818 -0.495597 0.868368 -0.017909 -65.520701 -0.029002 0.004063 0.999571 6.507778
0.871605 0.489688 0.022574 186.417078 -0.489436 0.871893 -0.015982 -65.772200 -0.027508 0.002882 0.999617 6.524097
0.875378 0.482922 0.022349 186.862454 -0.482728 0.875663 -0.013733 -66.026802 -0.026202 0.001233 0.999656 6.540857
0.878930 0.476418 0.022547 187.283611 -0.476256 0.879219 -0.012429 -66.263231 -0.025745 0.000186 0.999669 6.556654
0.886508 0.462051 0.024734 188.121119 -0.461946 0.886850 -0.010143 -66.716031 -0.026622 -0.002434 0.999643 6.587858
0.890746 0.453808 0.025118 188.559513 -0.453698 0.891097 -0.010233 -66.945207 -0.027026 -0.002281 0.999632 6.604098
