0.999993 0.003686 -0.000671 1.187400 -0.003686 0.999993 -0.000202 -0.007648 0.000670 0.000205 1.000000 0.018168
0.999981 0.006094 -0.000920 1.764112 -0.006095 0.999981 -0.000657 -0.015834 0.000916 0.000663 0.999999 0.027114
0.999918 0.012769 0.000562 2.960790 -0.012769 0.999918 0.000315 -0.037643 -0.000558 -0.000322 1.000000 0.045810
0.999874 0.015734 0.002304 3.571506 -0.015737 0.999875 0.001212 -0.051462 -0.002284 -0.001248 0.999997 0.055424
0.999813 0.019029 0.003484 4.127731 -0.019032 0.999818 0.000923 -0.065441 -0.003466 -0.000989 0.999994 0.064219
0.999734 0.022671 0.004304 4.732797 -0.022678 0.999742 0.001561 -0.084435 -0.004268 -0.001658 0.999990 0.073890
0.999602 0.028135 0.001928 5.542239 -0.028139 0.999602 0.002089 -0.112271 -0.001868 -0.002143 0.999996 0.086893
0.999463 0.032758 0.000014 6.128632 -0.032758 0.999463 0.001137 -0.135481 0.000023 -0.001137 0.999999 0.096396
0.999323 0.036794 -0.000558 6.687376 -0.036793 0.999321 0.001801 -0.157908 0.000624 -0.001779 0.999998 0.105460
0.999128 0.041752 -0.000529 7.280175 -0.041751 0.999124 0.002878 -0.185858 0.000649 -0.002854 0.999996 0.115190
0.998912 0.046628 -0.000852 7.824927 -0.046626 0.998909 0.002659 -0.214012 0.000975 -0.002616 0.999996 0.124199
0.998586 0.053114 -0.002121 8.409401 -0.053111 0.998588 0.001439 -0.248247 0.002194 -0.001324 0.999997 0.133974
0.998247 0.059111 -0.002997 8.947828 -0.059106 0.998250 0.001780 -0.281867 0.003096 -0.001599 0.999994 0.143037
0.997733 0.067206 -0.003464 9.685787 -0.067201 0.997738 0.001640 -0.334124 0.003567 -0.001403 0.999993 0.155627
0.997313 0.073167 -0.003550 10.279592 -0.073167 0.997320 0.000176 -0.378369 0.003553 0.000084 0.999994 0.165817
0.996807 0.079741 -0.004202 10.865461 -0.079746 0.996815 -0.001133 -0.428069 0.004098 0.001465 0.999991 0.176036
0.996218 0.086759 -0.004675 11.434772 -0.086762 0.996229 -0.000418 -0.480345 0.004621 0.000822 0.999989 0.186076
0.994900 0.100549 -0.008046 12.595251 -0.100545 0.994932 0.000942 -0.595771 0.008100 -0.000128 0.999967 0.206783
0.994087 0.108278 -0.008176 13.137054 -0.108282 0.994120 -0.000064 -0.656760 0.008121 0.000949 0.999967 0.216644
0.993189 0.116244 -0.007950 13.710102 -0.116240 0.993221 0.001013 -0.726404 0.008013 -0.000082 0.999968 0.227215
0.992169 0.124575 -0.009033 14.240206 -0.124565 0.992210 0.001661 -0.795132 0.009169 -0.000523 0.999958 0.237111
0.991133 0.132472 -0.010324 14.798048 -0.132473 0.991186 0.000533 -0.871956 0.010304 0.000839 0.999947 0.247648
0.990174 0.139327 -0.012011 15.323883 -0.139353 0.990242 -0.001334 -0.947514 0.011708 0.002995 0.999927 0.257667
0.989243 0.145610 -0.013987 15.897285 -0.145673 0.989326 -0.003582 -1.032542 0.013316 0.005581 0.999896 0.268663
0.988200 0.152529 -0.013969 16.427325 -0.152597 0.988281 -0.003966 -1.115248 0.013201 0.006050 0.999895 0.278940
0.986844 0.161230 -0.011987 17.171390 -0.161283 0.986902 -0.003527 -1.233994 0.011262 0.005414 0.999922 0.293440
0.985698 0.168176 -0.010813 17.752766 -0.168228 0.985740 -0.004073 -1.331364 0.009974 0.005834 0.999933 0.304894
0.984343 0.175917 -0.011095 18.305392 -0.175977 0.984383 -0.004755 -1.429728 0.010086 0.006633 0.999927 0.315941
0.983070 0.182798 -0.012599 18.862763 -0.182873 0.983124 -0.005029 -1.534078 0.011468 0.007248 0.999908 0.327224
0.981904 0.188831 -0.014408 19.426968 -0.188924 0.981977 -0.005364 -1.642829 0.013136 0.007989 0.999882 0.338729
0.980608 0.195351 -0.015663 19.951971 -0.195461 0.980694 -0.005838 -1.746687 0.014220 0.008786 0.999860 0.349509
0.979119 0.202617 -0.016524 20.489819 -0.202743 0.979212 -0.006287 -1.857077 0.014907 0.009506 0.999844 0.360661
0.977445 0.210556 -0.016333 21.057924 -0.210674 0.977539 -0.005893 -1.981117 0.014725 0.009201 0.999849 0.372644
0.975817 0.217973 -0.016385 21.594839 -0.218087 0.975913 -0.005543 -2.102724 0.014782 0.008983 0.999850 0.384088
0.974092 0.225448 -0.017829 22.173813 -0.225587 0.974203 -0.006227 -2.238099 0.015965 0.010087 0.999822 0.396545
0.971701 0.235476 -0.018681 22.934021 -0.235627 0.971823 -0.006304 -2.423774 0.016670 0.010527 0.999806 0.413118
0.969931 0.242554 -0.020062 23.497092 -0.242722 0.970075 -0.006411 -2.564928 0.017907 0.011087 0.999778 0.425493
0.967839 0.250640 -0.021635 24.091165 -0.250838 0.968004 -0.006939 -2.719875 0.019203 0.012143 0.999742 0.438713
0.965728 0.258644 -0.021735 24.633301 -0.258855 0.965887 -0.007468 -2.868363 0.019062 0.012838 0.999736 0.450971
0.964010 0.264927 -0.022349 25.168056 -0.265151 0.964176 -0.007729 -3.016504 0.019500 0.013377 0.999720 0.463108
0.962037 0.271908 -0.023477 25.668955 -0.272157 0.962219 -0.008104 -3.156388 0.020387 0.014186 0.999692 0.474508
0.959811 0.279529 -0.025045 26.234314 -0.279816 0.960014 -0.008746 -3.320899 0.021598 0.015403 0.999648 0.487555
0.957723 0.286545 -0.025677 26.737504 -0.286836 0.957943 -0.008386 -3.472020 0.022194 0.015396 0.999635 0.499297
0.955619 0.293472 -0.025828 27.260329 -0.293761 0.955844 -0.008125 -3.633585 0.022303 0.015351 0.999633 0.511620
0.951257 0.307345 -0.025479 28.290364 -0.307649 0.951458 -0.008943 -3.961885 0.021493 0.016346 0.999635 0.536173
0.949361 0.313254 -0.024201 28.771688 -0.313529 0.949541 -0.008427 -4.122332 0.020340 0.015588 0.999672 0.547838
0.947187 0.319835 -0.023310 29.282867 -0.320074 0.947364 -0.007291 -4.296711 0.019751 0.014367 0.999702 0.560336
0.944119 0.328828 -0.022635 29.929280 -0.329052 0.944286 -0.006933 -4.523562 0.019094 0.013994 0.999720 0.576313
0.942063 0.334617 -0.023447 30.400490 -0.334845 0.942251 -0.006498 -4.691814 0.019919 0.013973 0.999704 0.588039
0.940013 0.340139 -0.026078 30.864960 -0.340389 0.940268 -0.005668 -4.861232 0.022592 0.014205 0.999644 0.599695
0.937659 0.346454 -0.027685 31.355272 -0.346724 0.937951 -0.005503 -5.044527 0.024060 0.014759 0.999602 0.612120
0.935667 0.351812 -0.027481 31.812983 -0.352093 0.935946 -0.006021 -5.217456 0.023602 0.015309 0.999604 0.623770
0.933024 0.358784 -0.027208 32.472328 -0.359061 0.933295 -0.005911 -5.469669 0.023273 0.015285 0.999612 0.640636
0.930905 0.364355 -0.025697 32.978055 -0.364618 0.931136 -0.006237 -5.668981 0.021655 0.015175 0.999650 0.653733
0.928593 0.370256 -0.025020 33.498860 -0.370535 0.928788 -0.007499 -5.879841 0.020461 0.016235 0.999659 0.667373
0.926425 0.375671 -0.024669 33.983540 -0.375951 0.926607 -0.007750 -6.079229 0.019947 0.016455 0.999666 0.680154
0.924198 0.381105 -0.024835 34.481652 -0.381375 0.924393 -0.007050 -6.287916 0.020271 0.015987 0.999667 0.693392
0.921565 0.387364 -0.025835 34.976912 -0.387614 0.921807 -0.005284 -6.498101 0.021768 0.014884 0.999652 0.706627
0.918772 0.393997 -0.024993 35.430073 -0.394175 0.919032 -0.002448 -6.694026 0.022005 0.012101 0.999685 0.718837
0.915984 0.400391 -0.025694 35.914577 -0.400561 0.916269 -0.001637 -6.905319 0.022887 0.011792 0.999669 0.731940
0.913013 0.407016 -0.027283 36.369656 -0.407209 0.913334 -0.001654 -7.108672 0.024245 0.012620 0.999626 0.744381
0.909947 0.413796 -0.027752 36.849559 -0.413974 0.910289 -0.000735 -7.328660 0.024958 0.012158 0.999615 0.757653
0.907027 0.420152 -0.027820 37.309009 -0.420317 0.907377 -0.000112 -7.543414 0.025196 0.011795 0.999613 0.770471
0.903922 0.426817 -0.027425 37.803499 -0.426943 0.904278 0.001410 -7.776001 0.025401 0.010434 0.999623 0.784308
0.900828 0.433295 -0.027650 38.274244 -0.433435 0.901184 0.001041 -8.001749 0.025369 0.011047 0.999617 0.797598
0.897448 0.440209 -0.028340 38.752856 -0.440381 0.897811 0.000207 -8.238914 0.025535 0.012295 0.999598 0.811320
0.895069 0.444976 -0.029116 39.195743 -0.445162 0.895450 0.000109 -8.459137 0.026120 0.012864 0.999576 0.824037
0.891177 0.452676 -0.029804 39.862254 -0.452912 0.891554 -0.001313 -8.798065 0.025978 0.014669 0.999555 0.843382
0.887314 0.460204 -0.029774 40.553127 -0.460436 0.887692 -0.001076 -9.151729 0.025935 0.014663 0.999556 0.863498
0.884383 0.465862 -0.028958 41.028536 -0.466092 0.884735 -0.001360 -9.400935 0.024987 0.014700 0.999580 0.877500
0.879317 0.475554 -0.025494 41.841068 -0.475764 0.879570 -0.002501 -9.840737 0.021234 0.014329 0.999672 0.901811
0.876411 0.480862 -0.025968 42.298583 -0.481065 0.876683 -0.001814 -10.093646 0.021893 0.014082 0.999661 0.915643
0.873538 0.486021 -0.026737 42.746577 -0.486223 0.873834 -0.001183 -10.346759 0.022789 0.014034 0.999642 0.929338
0.870505 0.491432 -0.026749 43.203160 -0.491624 0.870807 -0.000702 -10.605698 0.022948 0.013762 0.999642 0.943321
0.867401 0.496876 -0.027016 43.658341 -0.497072 0.867709 -0.000639 -10.869371 0.023125 0.013983 0.999635 0.957412
0.864018 0.502711 -0.027456 44.134682 -0.502914 0.864336 -0.000581 -11.149450 0.023440 0.014310 0.999623 0.972272
0.861282 0.507415 -0.026896 44.555057 -0.507612 0.861586 -0.000555 -11.399977 0.022892 0.014130 0.999638 0.985478
0.858628 0.511891 -0.026941 44.985093 -0.512086 0.858934 -0.000421 -11.657504 0.022925 0.014158 0.999637 0.999021
0.855566 0.516948 -0.027766 45.420668 -0.517149 0.855895 -0.000074 -11.921051 0.023726 0.014423 0.999614 1.012813
0.852757 0.521545 -0.028207 45.848551 -0.521744 0.853102 0.000341 -12.184913 0.024241 0.014426 0.999602 1.026497
0.850166 0.525751 -0.028364 46.263386 -0.525964 0.850507 -0.000068 -12.442687 0.024088 0.014977 0.999598 1.039817
0.847277 0.530359 -0.028993 46.683113 -0.530570 0.847641 0.000514 -12.707862 0.024849 0.014947 0.999579 1.053413
0.844715 0.534372 -0.030060 47.069852 -0.534607 0.845101 0.000254 -12.954274 0.025540 0.015856 0.999548 1.065998
0.842320 0.538163 -0.029619 47.473711 -0.538389 0.842697 0.000427 -13.213054 0.025190 0.015587 0.999561 1.079179
0.839744 0.542228 -0.028607 47.844598 -0.542445 0.840091 0.000203 -13.454762 0.024143 0.015347 0.999591 1.091395
0.836969 0.546439 -0.029773 48.252317 -0.546685 0.837339 -0.000119 -13.723155 0.024865 0.016376 0.999557 1.104898
0.834261 0.550476 -0.031367 48.630226 -0.550741 0.834676 0.000252 -13.976356 0.026320 0.017065 0.999508 1.117535
0.831388 0.554749 -0.032374 49.003712 -0.555008 0.831844 0.001140 -14.227494 0.027563 0.017020 0.999475 1.130048
0.828768 0.558655 -0.032363 49.368015 -0.558907 0.829229 0.001511 -14.475221 0.027681 0.016836 0.999475 1.142329
0.825758 0.563123 -0.031880 49.733630 -0.563348 0.826216 0.002265 -14.727062 0.027616 0.016089 0.999489 1.154743
0.822854 0.567391 -0.031295 50.094822 -0.567609 0.823295 0.002293 -14.976840 0.027066 0.015876 0.999508 1.167033
0.819876 0.571730 -0.030476 50.446632 -0.571949 0.820287 0.001813 -15.221902 0.026035 0.015944 0.999534 1.179052
0.816596 0.576419 -0.030184 50.819989 -0.576652 0.816989 0.001225 -15.487727 0.025366 0.016405 0.999544 1.191965
0.811905 0.583013 -0.030084 51.336842 -0.583308 0.812250 -0.001261 -15.862137 0.023700 0.018572 0.999547 1.210016
0.808350 0.587899 -0.030743 51.705382 -0.588216 0.808702 -0.001607 -16.133661 0.023917 0.019383 0.999526 1.223012
0.804950 0.592496 -0.031674 52.040810 -0.592821 0.805333 -0.001102 -16.383805 0.024855 0.019664 0.999498 1.234922
0.802178 0.596163 -0.033165 52.375777 -0.596494 0.802618 -0.000102 -16.632051 0.026558 0.019865 0.999450 1.246774
0.798742 0.600741 -0.033479 52.706010 -0.601068 0.799198 0.000357 -16.882937 0.026971 0.019838 0.999439 1.258626
0.795671 0.604810 -0.033364 53.033366 -0.605154 0.796108 -0.000270 -17.132480 0.026398 0.020406 0.999443 1.270398
0.792918 0.608382 -0.033943 53.367994 -0.608733 0.793375 0.000005 -17.389524 0.026932 0.020659 0.999424 1.282485
0.789512 0.612782 -0.034181 53.687465 -0.613142 0.789973 -0.000055 -17.639226 0.026968 0.021001 0.999416 1.294142
0.785962 0.617329 -0.034191 53.995642 -0.617714 0.786402 -0.000894 -17.883118 0.026336 0.021823 0.999415 1.305470
0.783047 0.621050 -0.033686 54.300507 -0.621475 0.783429 -0.002832 -18.127755 0.024632 0.023152 0.999428 1.316767
0.780139 0.624636 -0.034835 54.589937 -0.625100 0.780538 -0.003216 -18.362763 0.025181 0.024284 0.999388 1.327568
0.774253 0.631809 -0.036746 55.158990 -0.632328 0.774693 -0.003372 -18.833591 0.026337 0.025846 0.999319 1.349045
0.771733 0.634837 -0.037542 55.427962 -0.635375 0.772197 -0.003222 -19.057032 0.026945 0.026339 0.999290 1.359220
0.769415 0.637597 -0.038356 55.686221 -0.638134 0.769921 -0.002353 -19.272847 0.028030 0.026287 0.999261 1.369025
0.766984 0.640465 -0.039246 55.942555 -0.641015 0.767526 -0.001891 -19.488168 0.028911 0.026608 0.999228 1.378787
0.764563 0.643322 -0.039752 56.210961 -0.643899 0.765107 -0.002282 -19.718012 0.028947 0.027341 0.999207 1.389129
0.762524 0.645689 -0.040536 56.461691 -0.646305 0.763074 -0.002818 -19.932064 0.029112 0.028348 0.999174 1.398772
0.760261 0.648353 -0.040525 56.723784 -0.648989 0.760790 -0.003474 -20.157547 0.028578 0.028942 0.999172 1.408900
0.757750 0.651258 -0.040963 56.965866 -0.651919 0.758279 -0.003801 -20.368776 0.028586 0.029585 0.999153 1.418335
0.755090 0.654286 -0.041830 57.210012 -0.654973 0.755643 -0.003743 -20.583662 0.029160 0.030224 0.999118 1.427901
0.753028 0.656614 -0.042502 57.425556 -0.657338 0.753584 -0.004243 -20.773280 0.029243 0.031133 0.999087 1.436344
0.750404 0.659590 -0.042841 57.650324 -0.660326 0.750967 -0.004220 -20.971984 0.029388 0.031456 0.999073 1.445175
0.747853 0.662484 -0.042795 57.887665 -0.663230 0.748402 -0.004555 -21.183559 0.029010 0.031790 0.999073 1.454547
0.744362 0.666372 -0.043283 58.220899 -0.667133 0.744925 -0.004433 -21.481638 0.029289 0.032176 0.999053 1.467735
0.741771 0.669213 -0.043924 58.456521 -0.670002 0.742346 -0.004556 -21.696317 0.029558 0.032809 0.999024 1.477166
0.739341 0.671895 -0.043961 58.676528 -0.672673 0.739929 -0.004113 -21.897715 0.029764 0.032612 0.999025 1.485999
0.736449 0.675070 -0.043855 58.897300 -0.675844 0.737034 -0.003995 -22.103241 0.029626 0.032581 0.999030 1.494956
0.733855 0.677903 -0.043629 59.113475 -0.678671 0.734432 -0.003961 -22.305343 0.029357 0.032516 0.999040 1.503749
0.731518 0.680437 -0.043443 59.313033 -0.681189 0.732099 -0.003574 -22.493427 0.029373 0.032207 0.999050 1.511909
0.729161 0.682957 -0.043518 59.495977 -0.683693 0.729764 -0.002854 -22.668638 0.029809 0.031834 0.999049 1.519465
0.726962 0.685283 -0.043750 59.681006 -0.686042 0.727554 -0.003333 -22.846305 0.029546 0.032437 0.999037 1.527119
0.724922 0.687433 -0.043871 59.859104 -0.688195 0.725519 -0.003226 -23.016899 0.029611 0.032530 0.999032 1.534476
0.722605 0.689913 -0.043155 60.032752 -0.690619 0.723216 -0.002064 -23.185483 0.029786 0.031295 0.999066 1.541710
0.718026 0.694701 -0.042769 60.384625 -0.695380 0.718641 -0.001410 -23.528424 0.029756 0.030753 0.999084 1.556406
0.716007 0.696788 -0.042682 60.546240 -0.697464 0.716618 -0.001370 -23.687016 0.029632 0.030750 0.999088 1.563185
0.714143 0.698740 -0.041977 60.699574 -0.699405 0.714723 -0.001663 -23.839116 0.028840 0.030546 0.999117 1.569662
0.712217 0.700686 -0.042267 60.853718 -0.701388 0.712775 -0.002560 -23.992942 0.028333 0.031469 0.999103 1.576198
0.710604 0.702281 -0.042936 60.997635 -0.703004 0.711181 -0.002515 -24.136943 0.028769 0.031972 0.999075 1.582310
0.708607 0.704246 -0.043739 61.141324 -0.704983 0.709221 -0.002055 -24.282589 0.029573 0.032291 0.999041 1.588465
0.706632 0.706211 -0.044012 61.290565 -0.706946 0.707266 -0.001608 -24.434800 0.029993 0.032251 0.999030 1.594882
0.704775 0.708074 -0.043855 61.424303 -0.708796 0.705412 -0.001327 -24.571762 0.029996 0.032019 0.999037 1.600649
0.703150 0.709723 -0.043273 61.568669 -0.710414 0.703783 -0.000843 -24.718263 0.029856 0.031334 0.999063 1.606837
0.699536 0.713500 -0.039586 61.819343 -0.714034 0.700111 0.000928 -24.977409 0.028377 0.027617 0.999216 1.617711
0.697639 0.715432 -0.038173 61.945845 -0.715916 0.698185 0.001381 -25.110253 0.027640 0.026366 0.999270 1.623256
0.696088 0.716989 -0.037265 62.073973 -0.717441 0.696617 0.001725 -25.243654 0.027197 0.025535 0.999304 1.628840
0.692764 0.720152 -0.038199 62.277231 -0.720610 0.693336 0.002483 -25.458988 0.028272 0.025807 0.999267 1.637800
0.690465 0.722296 -0.039327 62.410565 -0.722765 0.691087 0.003201 -25.600273 0.029490 0.026215 0.999221 1.643678
0.688365 0.724234 -0.040478 62.541213 -0.724736 0.689019 0.003178 -25.738082 0.030192 0.027148 0.999175 1.649421
0.685625 0.726774 -0.041462 62.678408 -0.727336 0.686278 0.002160 -25.884941 0.030024 0.028676 0.999138 1.655510
0.683239 0.729043 -0.040995 62.811829 -0.729596 0.683875 0.002085 -26.029499 0.029556 0.028486 0.999157 1.661479
0.680640 0.731518 -0.040128 62.943584 -0.732020 0.681276 0.003086 -26.173010 0.029595 0.027274 0.999190 1.667395
0.677923 0.734020 -0.040424 63.080788 -0.734511 0.678587 0.003819 -26.323307 0.030234 0.027103 0.999175 1.673578
0.671077 0.740407 -0.038126 63.376237 -0.740741 0.671752 0.007228 -26.653250 0.030963 0.023391 0.999247 1.687065
0.667795 0.743374 -0.038006 63.518068 -0.743653 0.668505 0.008970 -26.813249 0.032075 0.022273 0.999237 1.693584
0.664507 0.746274 -0.038791 63.652778 -0.746516 0.665281 0.010747 -26.968309 0.033827 0.021816 0.999190 1.699859
0.661184 0.749221 -0.038787 63.788652 -0.749427 0.661980 0.011865 -27.126066 0.034566 0.021223 0.999177 1.706226
0.657707 0.752312 -0.038051 63.925583 -0.752518 0.658471 0.011529 -27.285597 0.033729 0.021051 0.999209 1.712658
0.654586 0.755054 -0.037556 64.061800 -0.755285 0.655311 0.010548 -27.444928 0.032575 0.021461 0.999239 1.719073
0.651178 0.757963 -0.038183 64.194802 -0.758240 0.651904 0.009679 -27.602490 0.032228 0.022649 0.999224 1.725391
0.647444 0.761126 -0.038790 64.335995 -0.761434 0.648177 0.009237 -27.771350 0.032174 0.023556 0.999205 1.732143
0.644000 0.764031 -0.038997 64.473602 -0.764340 0.644744 0.009473 -27.935775 0.032381 0.023706 0.999194 1.738718
0.640007 0.767401 -0.038556 64.616407 -0.767681 0.640751 0.010170 -28.109832 0.032509 0.023090 0.999205 1.745635
0.636209 0.770515 -0.039301 64.765422 -0.770882 0.636926 0.008102 -28.292510 0.031274 0.025142 0.999195 1.752883
0.633041 0.773125 -0.039205 64.895601 -0.773547 0.633707 0.006313 -28.453806 0.029725 0.026330 0.999211 1.759260
0.629265 0.776286 -0.037496 65.046280 -0.776668 0.629879 0.006311 -28.641571 0.028517 0.025151 0.999277 1.766671
0.625518 0.779267 -0.038338 65.189988 -0.779734 0.626097 0.004132 -28.822918 0.027223 0.027309 0.999256 1.773802
0.621401 0.782523 -0.038974 65.344632 -0.783037 0.621967 0.003182 -29.021221 0.026731 0.028541 0.999235 1.781561
0.617859 0.785326 -0.038901 65.495953 -0.785767 0.618495 0.005851 -29.215684 0.028655 0.026952 0.999226 1.789165
0.612483 0.789424 -0.040918 65.725453 -0.789785 0.613297 0.010279 -29.514378 0.033210 0.026021 0.999110 1.800800
0.608841 0.792253 -0.040598 65.882630 -0.792505 0.609719 0.013361 -29.721675 0.035339 0.024039 0.999086 1.808844
0.605180 0.795024 -0.041152 66.051037 -0.795265 0.606097 0.014160 -29.944719 0.036200 0.024158 0.999053 1.817487
0.602190 0.797299 -0.041006 66.208791 -0.797568 0.603081 0.013362 -30.154238 0.035384 0.024658 0.999070 1.825600
0.595779 0.801851 -0.045637 66.541254 -0.802390 0.596724 0.009563 -30.600988 0.034901 0.030921 0.998912 1.842840
0.592674 0.804023 -0.047803 66.702031 -0.804645 0.593684 0.009283 -30.818450 0.035843 0.032963 0.998814 1.851216
0.589730 0.806089 -0.049387 66.859750 -0.806797 0.590768 0.008478 -31.033812 0.036010 0.034845 0.998744 1.859488
0.586095 0.808786 -0.048563 67.027499 -0.809503 0.587067 0.007526 -31.268063 0.034597 0.034902 0.998792 1.868428
0.581950 0.811948 -0.045550 67.246585 -0.812597 0.582788 0.006661 -31.573481 0.031955 0.033137 0.998940 1.880089
0.579308 0.813975 -0.042976 67.401257 -0.814523 0.580085 0.007340 -31.791327 0.030904 0.030752 0.999049 1.888383
0.575866 0.816420 -0.042857 67.553014 -0.816960 0.576644 0.007567 -32.007340 0.030891 0.030655 0.999053 1.896583
0.573062 0.818363 -0.043369 67.702920 -0.818919 0.573858 0.007679 -32.221548 0.031172 0.031115 0.999030 1.904705
0.569720 0.820661 -0.043996 67.839509 -0.821245 0.570527 0.007496 -32.421594 0.031252 0.031861 0.999004 1.912239
0.566861 0.822581 -0.045048 67.984812 -0.823219 0.567681 0.006926 -32.634124 0.031270 0.033158 0.998961 1.920246
0.564007 0.824495 -0.045869 68.140872 -0.825176 0.564838 0.006577 -32.865143 0.031332 0.034141 0.998926 1.928920
0.562138 0.825770 -0.045877 68.283782 -0.826435 0.562987 0.007135 -33.077028 0.031720 0.033903 0.998922 1.936873
0.560096 0.827177 -0.045505 68.420862 -0.827805 0.560960 0.007970 -33.281210 0.032119 0.033206 0.998932 1.944528
0.558065 0.828575 -0.045017 68.568510 -0.829185 0.558915 0.008090 -33.500828 0.031864 0.032813 0.998953 1.952764
0.555726 0.830189 -0.044216 68.705365 -0.830781 0.556543 0.007909 -33.707800 0.031174 0.032339 0.998991 1.960491
0.553108 0.831930 -0.044320 68.893019 -0.832526 0.553928 0.007952 -33.993430 0.031166 0.032500 0.998986 1.971136
0.551607 0.832886 -0.045055 69.045044 -0.833499 0.552459 0.008242 -34.226742 0.031755 0.033007 0.998951 1.979813
0.550436 0.833624 -0.045730 69.187792 -0.834225 0.551345 0.009329 -34.445891 0.032990 0.033014 0.998910 1.987962
0.549334 0.834321 -0.046254 69.326679 -0.834898 0.550302 0.010598 -34.659468 0.034296 0.032796 0.998873 1.995900
0.548680 0.834732 -0.046610 69.463896 -0.835285 0.549694 0.011650 -34.870852 0.035346 0.032540 0.998845 2.003754
0.548775 0.834681 -0.046405 69.601892 -0.835210 0.549798 0.012144 -35.081723 0.035649 0.032094 0.998849 2.011605
0.548906 0.834626 -0.045835 69.742261 -0.835149 0.549897 0.011779 -35.295588 0.035035 0.031814 0.998880 2.019573
0.548958 0.834637 -0.045011 69.873813 -0.835158 0.549899 0.011099 -35.497188 0.034015 0.031498 0.998925 2.027073
0.548828 0.834749 -0.044525 70.004487 -0.835282 0.549726 0.010281 -35.700670 0.033059 0.031548 0.998955 2.034612
0.549162 0.834564 -0.043864 70.122394 -0.835090 0.550025 0.009837 -35.883040 0.032336 0.031228 0.998989 2.041380
0.549697 0.834292 -0.042307 70.362472 -0.834761 0.550520 0.010136 -36.257112 0.031747 0.029744 0.999053 2.055235
0.549740 0.834283 -0.041922 70.491341 -0.834729 0.550561 0.010478 -36.456384 0.031822 0.029234 0.999066 2.062631
0.550504 0.833783 -0.041857 70.615980 -0.834218 0.551330 0.010732 -36.648563 0.032025 0.029010 0.999066 2.069769
0.550546 0.833753 -0.041895 70.729125 -0.834196 0.551368 0.010546 -36.823257 0.031892 0.029143 0.999066 2.076256
0.550676 0.833645 -0.042335 70.850997 -0.834110 0.551503 0.010244 -37.010980 0.031888 0.029671 0.999051 2.083230
0.551063 0.833331 -0.043472 70.967023 -0.833833 0.551924 0.010145 -37.189308 0.032448 0.030658 0.999003 2.089859
0.551697 0.832829 -0.045009 71.092809 -0.833381 0.552607 0.010070 -37.382494 0.033258 0.031954 0.998936 2.097042
0.553363 0.831720 -0.045070 71.292892 -0.832231 0.554314 0.011283 -37.689953 0.034368 0.031265 0.998920 2.108472
0.554521 0.830950 -0.045044 71.408705 -0.831419 0.555508 0.012422 -37.866430 0.035344 0.030562 0.998908 2.115047
0.555733 0.830158 -0.044706 71.522171 -0.830571 0.556745 0.013644 -38.039860 0.036217 0.029549 0.998907 2.121504
0.557592 0.828994 -0.043138 71.633570 -0.829339 0.558564 0.014223 -38.208486 0.035886 0.027846 0.998968 2.127798
0.559766 0.827599 -0.041741 71.743179 -0.827929 0.560671 0.013511 -38.373448 0.034585 0.026996 0.999037 2.133965
0.561612 0.826344 -0.041808 71.855136 -0.826717 0.562485 0.012232 -38.541459 0.033624 0.027694 0.999051 2.140250
0.567029 0.822585 -0.042810 72.089248 -0.823017 0.567907 0.011149 -38.891399 0.033483 0.028912 0.999021 2.153356
0.569608 0.820783 -0.043156 72.188830 -0.821256 0.570470 0.010132 -39.038617 0.032935 0.029671 0.999017 2.158886
0.572590 0.818774 -0.041827 72.290468 -0.819233 0.573385 0.009265 -39.187199 0.031569 0.028961 0.999082 2.164485
0.578564 0.814643 -0.040260 72.470771 -0.815083 0.579285 0.008245 -39.445897 0.030039 0.028045 0.999155 2.174283
0.587529 0.808308 -0.038057 72.705935 -0.808643 0.588222 0.009556 -39.776865 0.030110 0.025160 0.999230 2.186886
0.593522 0.803931 -0.037754 72.848841 -0.804274 0.594192 0.008883 -39.973192 0.029575 0.025093 0.999248 2.194414
0.597820 0.800746 -0.037642 72.941873 -0.801096 0.598477 0.008400 -40.100989 0.029254 0.025134 0.999256 2.199314
0.606479 0.794221 -0.037370 73.119689 -0.794526 0.607156 0.009437 -40.339064 0.030185 0.023968 0.999257 2.208511
0.610786 0.790921 -0.037211 73.204813 -0.791191 0.611481 0.010365 -40.449769 0.030951 0.023110 0.999254 2.212824
0.615120 0.787579 -0.036696 73.287641 -0.787812 0.615816 0.011051 -40.557315 0.031302 0.022111 0.999265 2.217017
0.619535 0.784150 -0.035852 73.373767 -0.784349 0.620214 0.011406 -40.668758 0.031180 0.021054 0.999292 2.221365
0.624993 0.779854 -0.034801 73.497183 -0.780034 0.625637 0.011186 -40.827234 0.030496 0.020155 0.999332 2.227564
0.631464 0.774664 -0.033887 73.639094 -0.774841 0.632068 0.010502 -41.006665 0.029554 0.019625 0.999371 2.234614
0.635311 0.771540 -0.033257 73.713291 -0.771696 0.635901 0.010688 -41.098667 0.029395 0.018874 0.999390 2.238251
0.638959 0.768549 -0.032610 73.788620 -0.768687 0.639534 0.010835 -41.191131 0.029182 0.018143 0.999409 2.241918
0.642400 0.765701 -0.032006 73.863804 -0.765823 0.642959 0.010930 -41.283325 0.028948 0.017490 0.999428 2.245575
0.646196 0.762535 -0.031152 73.942247 -0.762641 0.646730 0.010864 -41.378925 0.028431 0.016737 0.999456 2.249375
0.649804 0.759504 -0.030156 74.013608 -0.759598 0.650306 0.010615 -41.464890 0.027673 0.016009 0.999489 2.252804
0.655641 0.754524 -0.028771 74.148817 -0.754612 0.656096 0.009955 -41.626378 0.026388 0.015184 0.999536 2.259263
0.657728 0.752728 -0.028189 74.206186 -0.752806 0.658168 0.009930 -41.694433 0.026028 0.014689 0.999553 2.261991
0.660121 0.750644 -0.027821 74.258394 -0.750727 0.660545 0.009471 -41.756240 0.025486 0.014634 0.999568 2.264470
0.662512 0.748552 -0.027335 74.304838 -0.748643 0.662915 0.008832 -41.810778 0.024732 0.014613 0.999587 2.266663
0.664727 0.746602 -0.026888 74.350630 -0.746697 0.665112 0.008347 -41.864405 0.024115 0.014529 0.999604 2.268821
0.666267 0.745228 -0.026893 74.390884 -0.745335 0.666644 0.007797 -41.912014 0.023739 0.014849 0.999608 2.270731
0.667424 0.744179 -0.027263 74.427004 -0.744307 0.667800 0.007105 -41.954057 0.023494 0.015550 0.999603 2.272427
0.669739 0.742074 -0.027839 74.482009 -0.742233 0.670114 0.006164 -42.017371 0.023229 0.016535 0.999593 2.274989
0.671250 0.740695 -0.028172 74.511845 -0.740862 0.671630 0.006032 -42.052104 0.023389 0.016823 0.999585 2.276390
0.672622 0.739451 -0.028157 74.541811 -0.739613 0.673004 0.006156 -42.086561 0.023502 0.016684 0.999585 2.277785
0.673708 0.738472 -0.027869 74.567632 -0.738626 0.674086 0.006287 -42.116053 0.023428 0.016349 0.999592 2.278982
0.674834 0.737447 -0.027781 74.593087 -0.737597 0.675211 0.006380 -42.145173 0.023463 0.016185 0.999594 2.280163
0.675834 0.736522 -0.027984 74.611700 -0.736672 0.676219 0.006505 -42.166452 0.023715 0.016218 0.999587 2.281026
0.676885 0.735553 -0.028092 74.629049 -0.735703 0.677273 0.006541 -42.186401 0.023837 0.016240 0.999584 2.281833
0.677676 0.734824 -0.028100 74.644990 -0.734975 0.678063 0.006469 -42.204750 0.023807 0.016269 0.999584 2.282576
0.678117 0.734415 -0.028140 74.662040 -0.734566 0.678506 0.006532 -42.224761 0.023890 0.016241 0.999583 2.283381
0.678364 0.734187 -0.028143 74.669067 -0.734335 0.678755 0.006637 -42.233360 0.023975 0.016164 0.999582 2.283722
0.678953 0.733642 -0.028151 74.683198 -0.733785 0.679348 0.006833 -42.250393 0.024137 0.016018 0.999580 2.284401
0.678979 0.733615 -0.028224 74.688649 -0.733752 0.679380 0.007095 -42.257180 0.024380 0.015892 0.999576 2.284669
0.678752 0.733814 -0.028522 74.690671 -0.733950 0.679164 0.007368 -42.260346 0.024777 0.015933 0.999566 2.284787
0.678646 0.733886 -0.029167 74.690048 -0.734019 0.679083 0.007871 -42.260526 0.025583 0.016067 0.999544 2.284782
0.678800 0.733714 -0.029906 74.688577 -0.733836 0.679270 0.008756 -42.259638 0.026738 0.016002 0.999514 2.284735
0.679048 0.733469 -0.030270 74.686351 -0.733572 0.679543 0.009687 -42.258060 0.027675 0.015627 0.999495 2.284659
0.679108 0.733412 -0.030308 74.684125 -0.733504 0.679610 0.010068 -42.256483 0.027982 0.015394 0.999490 2.284582
0.679050 0.733473 -0.030149 74.682263 -0.733567 0.679545 0.009918 -42.255277 0.027762 0.015381 0.999496 2.284521
0.679122 0.733412 -0.029992 74.680597 -0.733511 0.679609 0.009655 -42.254230 0.027464 0.015443 0.999504 2.284467
0.679332 0.733212 -0.030144 74.679296 -0.733321 0.679818 0.009377 -42.253556 0.027367 0.015735 0.999502 2.284429
0.679426 0.733111 -0.030468 74.678190 -0.733238 0.679914 0.008929 -42.253040 0.027262 0.016274 0.999496 2.284398
0.679499 0.733038 -0.030605 74.677254 -0.733172 0.679987 0.008719 -42.252737 0.027202 0.016514 0.999494 2.284376
0.679602 0.732936 -0.030760 74.676513 -0.733074 0.680094 0.008679 -42.252594 0.027281 0.016651 0.999489 2.284360
0.679689 0.732847 -0.030963 74.675448 -0.732983 0.680189 0.008851 -42.252568 0.027547 0.016679 0.999481 2.284344
0.679757 0.732804 -0.030484 74.674876 -0.732921 0.680251 0.009272 -42.252638 0.027531 0.016039 0.999492 2.284337
0.679830 0.732747 -0.030208 74.674526 -0.732852 0.680321 0.009534 -42.252811 0.027537 0.015657 0.999498 2.284336
0.679845 0.732736 -0.030132 74.673954 -0.732836 0.680336 0.009689 -42.252881 0.027600 0.015495 0.999499 2.284330
0.679883 0.732697 -0.030236 74.673578 -0.732799 0.680377 0.009653 -42.253110 0.027644 0.015594 0.999496 2.284330
0.679947 0.732628 -0.030452 74.673228 -0.732739 0.680444 0.009463 -42.253283 0.027653 0.015879 0.999491 2.284330
0.680000 0.732575 -0.030560 74.672877 -0.732692 0.680497 0.009323 -42.253456 0.027626 0.016051 0.999489 2.284329
0.680043 0.732538 -0.030504 74.672722 -0.732651 0.680540 0.009410 -42.253788 0.027653 0.015950 0.999490 2.284336
0.680073 0.732514 -0.030403 74.672372 -0.732622 0.680569 0.009538 -42.253961 0.027678 0.015788 0.999492 2.284335
0.680129 0.732468 -0.030241 74.671723 -0.732569 0.680623 0.009690 -42.254197 0.027681 0.015563 0.999496 2.284332
0.680136 0.732459 -0.030304 74.671620 -0.732561 0.680632 0.009708 -42.254418 0.027737 0.015597 0.999494 2.284336
0.680146 0.732444 -0.030441 74.671269 -0.732552 0.680644 0.009582 -42.254591 0.027738 0.015782 0.999491 2.284336
0.680207 0.732384 -0.030518 74.670919 -0.732496 0.680706 0.009488 -42.254764 0.027722 0.015901 0.999489 2.284335
0.680250 0.732348 -0.030443 74.670816 -0.732457 0.680747 0.009509 -42.254986 0.027688 0.015829 0.999491 2.284340
0.680222 0.732376 -0.030403 74.670491 -0.732482 0.680719 0.009593 -42.255104 0.027721 0.015744 0.999492 2.284338
0.680209 0.732392 -0.030272 74.670362 -0.732494 0.680705 0.009710 -42.255380 0.027718 0.015569 0.999495 2.284344
0.680251 0.732355 -0.030238 74.670038 -0.732454 0.680747 0.009762 -42.255498 0.027733 0.015507 0.999495 2.284342
0.680267 0.732339 -0.030258 74.669713 -0.732442 0.680761 0.009653 -42.255616 0.027668 0.015595 0.999496 2.284340
0.680278 0.732330 -0.030240 74.669636 -0.732434 0.680770 0.009594 -42.255782 0.027613 0.015622 0.999497 2.284344
0.680286 0.732320 -0.030311 74.669311 -0.732426 0.680779 0.009537 -42.255900 0.027619 0.015713 0.999495 2.284342
0.680292 0.732312 -0.030347 74.669208 -0.732419 0.680787 0.009566 -42.256121 0.027665 0.015719 0.999494 2.284346
0.680302 0.732306 -0.030278 74.669104 -0.732408 0.680797 0.009698 -42.256342 0.027716 0.015578 0.999494 2.284351
0.680309 0.732302 -0.030221 74.668806 -0.732402 0.680803 0.009717 -42.256405 0.027690 0.015523 0.999496 2.284348
0.680313 0.732300 -0.030179 74.668728 -0.732399 0.680806 0.009728 -42.256570 0.027670 0.015485 0.999497 2.284351
0.680291 0.732317 -0.030270 74.668378 -0.732416 0.680787 0.009771 -42.256744 0.027763 0.015523 0.999494 2.284351
0.680276 0.732323 -0.030439 74.668300 -0.732424 0.680778 0.009807 -42.256910 0.027904 0.015623 0.999489 2.284354
0.680294 0.732305 -0.030474 74.668197 -0.732406 0.680797 0.009829 -42.257131 0.027945 0.015633 0.999487 2.284359
0.680308 0.732293 -0.030458 74.667898 -0.732390 0.680812 0.009948 -42.257193 0.028021 0.015539 0.999487 2.284356
0.680390 0.732220 -0.030403 74.667821 -0.732314 0.680894 0.010037 -42.257359 0.028051 0.015436 0.999487 2.284359
0.680433 0.732183 -0.030326 74.667548 -0.732275 0.680935 0.010052 -42.257367 0.028010 0.015367 0.999490 2.284355
0.680515 0.732106 -0.030332 74.667471 -0.732198 0.681018 0.010097 -42.257532 0.028049 0.015338 0.999489 2.284359
0.680620 0.732007 -0.030362 74.667198 -0.732097 0.681125 0.010147 -42.257540 0.028108 0.015322 0.999487 2.284355
0.680825 0.731816 -0.030373 74.666899 -0.731904 0.681331 0.010210 -42.257602 0.028166 0.015279 0.999486 2.284352
0.680995 0.731662 -0.030277 74.666626 -0.731749 0.681498 0.010203 -42.257610 0.028099 0.015207 0.999489 2.284348
0.681074 0.731604 -0.029899 74.666106 -0.731694 0.681562 0.009900 -42.257569 0.027621 0.015135 0.999504 2.284339
0.681114 0.731569 -0.029840 74.665859 -0.731661 0.681599 0.009786 -42.257521 0.027497 0.015167 0.999507 2.284334
0.681189 0.731501 -0.029794 74.665808 -0.731594 0.681671 0.009694 -42.257632 0.027401 0.015193 0.999509 2.284336
0.681223 0.731470 -0.029779 74.665535 -0.731566 0.681703 0.009623 -42.257639 0.027339 0.015230 0.999510 2.284332
0.681078 0.731605 -0.029786 74.665211 -0.731701 0.681558 0.009601 -42.257757 0.027325 0.015256 0.999510 2.284331
0.681026 0.731649 -0.029886 74.665133 -0.731743 0.681511 0.009735 -42.257923 0.027490 0.015239 0.999506 2.284334
0.681008 0.731663 -0.029949 74.665081 -0.731756 0.681496 0.009796 -42.258034 0.027577 0.015245 0.999503 2.284336
0.680937 0.731728 -0.029982 74.664978 -0.731823 0.681425 0.009757 -42.258255 0.027570 0.015298 0.999503 2.284341
0.680821 0.731834 -0.030014 74.664901 -0.731930 0.681310 0.009765 -42.258421 0.027595 0.015320 0.999502 2.284344
0.680751 0.731898 -0.030056 74.664849 -0.731993 0.681242 0.009784 -42.258531 0.027637 0.015340 0.999500 2.284346
0.680745 0.731905 -0.030032 74.664993 -0.731999 0.681235 0.009817 -42.258800 0.027644 0.015301 0.999501 2.284356
0.680699 0.731948 -0.030004 74.664941 -0.732041 0.681189 0.009851 -42.258911 0.027649 0.015259 0.999501 2.284358
0.680608 0.732033 -0.030005 74.664863 -0.732125 0.681099 0.009899 -42.259077 0.027683 0.015230 0.999501 2.284361
0.680557 0.732079 -0.030037 74.664812 -0.732170 0.681050 0.009943 -42.259187 0.027736 0.015225 0.999499 2.284364
0.680535 0.732098 -0.030080 74.664734 -0.732189 0.681029 0.009947 -42.259353 0.027767 0.015255 0.999498 2.284367
0.680529 0.732102 -0.030111 74.664683 -0.732194 0.681023 0.009919 -42.259464 0.027768 0.015297 0.999497 2.284369
0.680530 0.732097 -0.030223 74.664631 -0.732189 0.681028 0.009999 -42.259574 0.027903 0.015324 0.999493 2.284372
0.680574 0.732048 -0.030417 74.664579 -0.732141 0.681079 0.010071 -42.259685 0.028089 0.015415 0.999487 2.284374
0.680598 0.732023 -0.030469 74.664553 -0.732113 0.681107 0.010203 -42.259740 0.028221 0.015363 0.999484 2.284375
0.680632 0.731991 -0.030473 74.664502 -0.732079 0.681142 0.010295 -42.259851 0.028292 0.015302 0.999483 2.284377
0.680670 0.731954 -0.030523 74.664255 -0.732041 0.681182 0.010352 -42.259803 0.028369 0.015297 0.999480 2.284372
0.680738 0.731888 -0.030583 74.664229 -0.731974 0.681253 0.010426 -42.259858 0.028465 0.015288 0.999478 2.284373
0.680990 0.731655 -0.030556 74.663956 -0.731738 0.681505 0.010474 -42.259865 0.028487 0.015226 0.999478 2.284369
0.681253 0.731421 -0.030289 74.663514 -0.731503 0.681759 0.010375 -42.259659 0.028238 0.015088 0.999487 2.284357
0.681358 0.731332 -0.030078 74.663488 -0.731415 0.681856 0.010239 -42.259714 0.027997 0.015023 0.999495 2.284358
0.681464 0.731236 -0.030025 74.663267 -0.731323 0.681957 0.010045 -42.259611 0.027821 0.015113 0.999499 2.284352
0.681567 0.731145 -0.029898 74.663046 -0.731233 0.682055 0.009920 -42.259508 0.027645 0.015101 0.999504 2.284346
0.681743 0.730976 -0.030011 74.663528 -0.731065 0.682235 0.009962 -42.260205 0.027757 0.015149 0.999500 2.284372
0.681966 0.730757 -0.030269 74.664936 -0.730845 0.682468 0.010125 -42.261804 0.028057 0.015217 0.999490 2.284437
0.682439 0.730311 -0.030380 74.664988 -0.730396 0.682947 0.010272 -42.261694 0.028250 0.015180 0.999486 2.284435
0.682893 0.729889 -0.030318 74.665769 -0.729971 0.683400 0.010356 -42.262328 0.028278 0.015059 0.999487 2.284464
0.683305 0.729498 -0.030458 74.667423 -0.729581 0.683816 0.010353 -42.263975 0.028380 0.015148 0.999482 2.284534
0.683854 0.728979 -0.030538 74.671046 -0.729062 0.684368 0.010440 -42.267754 0.028510 0.015125 0.999479 2.284692
0.684564 0.728314 -0.030509 74.676857 -0.728394 0.685078 0.010482 -42.273765 0.028535 0.015047 0.999480 2.284944
0.685393 0.727532 -0.030568 74.684976 -0.727612 0.685909 0.010480 -42.282335 0.028591 0.015059 0.999478 2.285301
0.686206 0.726766 -0.030537 74.695648 -0.726844 0.686722 0.010525 -42.293511 0.028620 0.014973 0.999478 2.285768
0.686939 0.726078 -0.030437 74.706346 -0.726152 0.687453 0.010594 -42.304632 0.028616 0.014824 0.999481 2.286234
0.687739 0.725323 -0.030362 74.718282 -0.725399 0.688249 0.010460 -42.317139 0.028484 0.014831 0.999484 2.286756
0.688440 0.724667 -0.030139 74.730244 -0.724747 0.688940 0.010200 -42.329590 0.028156 0.014821 0.999494 2.287278
0.689284 0.723870 -0.029990 74.742935 -0.723955 0.689776 0.009936 -42.342786 0.027878 0.014863 0.999501 2.287830
0.690976 0.722262 -0.029840 74.768344 -0.722356 0.691457 0.009455 -42.369123 0.027462 0.015022 0.999510 2.288935
0.691874 0.721402 -0.029806 74.782886 -0.721499 0.692353 0.009332 -42.384125 0.027368 0.015048 0.999512 2.289565
0.692674 0.720638 -0.029725 74.797037 -0.720735 0.693149 0.009251 -42.398810 0.027271 0.015016 0.999515 2.290180
0.693412 0.719935 -0.029560 74.812164 -0.720030 0.693882 0.009191 -42.414288 0.027128 0.014910 0.999521 2.290832
0.693971 0.719405 -0.029335 74.823643 -0.719503 0.694431 0.008968 -42.426042 0.026822 0.014883 0.999529 2.291327
0.694549 0.718854 -0.029159 74.836048 -0.718958 0.695000 0.008633 -42.438700 0.026471 0.014968 0.999538 2.291860
0.695067 0.718358 -0.029039 74.847527 -0.718469 0.695510 0.008315 -42.450455 0.026170 0.015084 0.999544 2.292355
0.695517 0.717923 -0.029031 74.859176 -0.718038 0.695956 0.008115 -42.462424 0.026030 0.015202 0.999546 2.292859
0.695845 0.717604 -0.029067 74.870146 -0.717720 0.696285 0.008069 -42.473537 0.026029 0.015248 0.999545 2.293328
0.696213 0.717245 -0.029107 74.880347 -0.717361 0.696654 0.008091 -42.483415 0.026081 0.015247 0.999544 2.293753
0.696695 0.716774 -0.029169 74.895055 -0.716891 0.697138 0.008083 -42.497485 0.026128 0.015279 0.999542 2.294360
0.696917 0.716556 -0.029220 74.902167 -0.716673 0.697362 0.008147 -42.504172 0.026215 0.015264 0.999540 2.294650
0.697044 0.716434 -0.029188 74.908941 -0.716550 0.697489 0.008126 -42.510430 0.026180 0.015250 0.999541 2.294923
0.697001 0.716477 -0.029169 74.912041 -0.716594 0.697444 0.008060 -42.513022 0.026118 0.015284 0.999542 2.295041
0.696922 0.716550 -0.029241 74.913003 -0.716670 0.697366 0.008024 -42.513269 0.026141 0.015364 0.999540 2.295062
0.696888 0.716579 -0.029333 74.912845 -0.716700 0.697335 0.008058 -42.512454 0.026229 0.015408 0.999537 2.295038
0.696923 0.716535 -0.029596 74.912296 -0.716658 0.697378 0.008125 -42.511323 0.026461 0.015548 0.999529 2.294999
0.697004 0.716448 -0.029794 74.911577 -0.716568 0.697467 0.008340 -42.509977 0.026755 0.015537 0.999521 2.294951
0.697062 0.716390 -0.029840 74.910833 -0.716504 0.697530 0.008571 -42.508687 0.026955 0.015406 0.999518 2.294904
0.697117 0.716338 -0.029797 74.910284 -0.716449 0.697586 0.008643 -42.507555 0.026977 0.015323 0.999519 2.294865
0.697190 0.716271 -0.029704 74.909905 -0.716382 0.697655 0.008622 -42.506638 0.026899 0.015268 0.999522 2.294834
0.697302 0.716160 -0.029745 74.909511 -0.716274 0.697767 0.008523 -42.505174 0.026858 0.015363 0.999521 2.294788
0.697383 0.716079 -0.029796 74.909276 -0.716196 0.697848 0.008473 -42.504526 0.026861 0.015431 0.999520 2.294767
0.697424 0.716036 -0.029866 74.909431 -0.716151 0.697893 0.008532 -42.504194 0.026952 0.015439 0.999517 2.294760
0.697463 0.715999 -0.029850 74.909390 -0.716112 0.697932 0.008608 -42.503704 0.026997 0.015372 0.999517 2.294746
0.697512 0.715954 -0.029774 74.909545 -0.716065 0.697980 0.008634 -42.503372 0.026963 0.015298 0.999519 2.294740
0.697549 0.715921 -0.029695 74.909674 -0.716034 0.698013 0.008541 -42.503096 0.026842 0.015305 0.999523 2.294734
0.697581 0.715886 -0.029796 74.909804 -0.716000 0.698048 0.008558 -42.502819 0.026925 0.015364 0.999519 2.294728
