0.999970 0.007791 0.000000 1.165665 -0.007791 0.999970 0.000000 -0.003196 0.000000 0.000000 1.000000 0.000000
0.999958 0.009207 0.000000 1.721732 -0.009207 0.999958 0.000000 -0.013900 0.000000 0.000000 1.000000 0.000000
0.999893 0.014629 0.000000 2.868732 -0.014629 0.999893 0.000000 -0.066109 0.000000 0.000000 1.000000 0.000000
0.999879 0.015537 0.000000 3.465890 -0.015537 0.999879 0.000000 -0.076473 0.000000 0.000000 1.000000 0.000000
0.999830 0.018422 0.000000 4.016603 -0.018422 0.999830 0.000000 -0.099258 0.000000 0.000000 1.000000 0.000000
0.999806 0.019672 0.000000 4.618672 -0.019672 0.999806 0.000000 -0.116305 0.000000 0.000000 1.000000 0.000000
0.999769 0.021489 0.000000 5.438339 -0.021489 0.999769 0.000000 -0.149497 0.000000 0.000000 1.000000 0.000000
0.999722 0.023569 0.000000 6.030955 -0.023569 0.999722 0.000000 -0.170892 0.000000 0.000000 1.000000 0.000000
0.999720 0.023677 0.000000 6.596650 -0.023677 0.999720 0.000000 -0.213128 0.000000 0.000000 1.000000 0.000000
0.999589 0.028674 0.000000 7.180206 -0.028674 0.999589 0.000000 -0.216113 0.000000 0.000000 1.000000 0.000000
0.999430 0.033752 0.000000 7.732720 -0.033752 0.999430 0.000000 -0.221060 0.000000 0.000000 1.000000 0.000000
0.999221 0.039471 0.000000 8.313423 -0.039471 0.999221 0.000000 -0.256551 0.000000 0.000000 1.000000 0.000000
0.998977 0.045212 0.000000 8.852207 -0.045212 0.998977 0.000000 -0.285022 0.000000 0.000000 1.000000 0.000000
0.998608 0.052746 0.000000 9.561810 -0.052746 0.998608 0.000000 -0.328767 0.000000 0.000000 1.000000 0.000000
0.998370 0.057078 0.000000 10.144973 -0.057078 0.998370 0.000000 -0.366585 0.000000 0.000000 1.000000 0.000000
0.998184 0.060245 0.000000 10.720996 -0.060245 0.998184 0.000000 -0.409218 0.000000 0.000000 1.000000 0.000000
0.997894 0.064862 0.000000 11.301122 -0.064862 0.997894 0.000000 -0.448028 0.000000 0.000000 1.000000 0.000000
0.997011 0.077266 0.000000 12.445815 -0.077266 0.997011 0.000000 -0.542445 0.000000 0.000000 1.000000 0.000000
0.996758 0.080460 0.000000 12.976435 -0.080460 0.996758 0.000000 -0.569767 0.000000 0.000000 1.000000 0.000000
0.996218 0.086894 0.000000 13.550281 -0.086894 0.996218 0.000000 -0.619191 0.000000 0.000000 1.000000 0.000000
0.995573 0.093996 0.000000 14.083839 -0.093996 0.995573 0.000000 -0.673799 0.000000 0.000000 1.000000 0.000000
0.994861 0.101251 0.000000 14.640185 -0.101251 0.994861 0.000000 -0.730970 0.000000 0.000000 1.000000 0.000000
0.994177 0.107758 0.000000 15.164792 -0.107758 0.994177 0.000000 -0.796266 0.000000 0.000000 1.000000 0.000000
0.993674 0.112302 0.000000 15.740671 -0.112302 0.993674 0.000000 -0.884820 0.000000 0.000000 1.000000 0.000000
0.992995 0.118154 0.000000 16.268080 -0.118154 0.992995 0.000000 -0.945096 0.000000 0.000000 1.000000 0.000000
0.991798 0.127813 0.000000 17.023967 -0.127813 0.991798 0.000000 -1.035119 0.000000 0.000000 1.000000 0.000000
0.990359 0.138524 0.000000 17.590327 -0.138524 0.990359 0.000000 -1.112790 0.000000 0.000000 1.000000 0.000000
0.989450 0.144876 0.000000 18.144973 -0.144876 0.989450 0.000000 -1.200989 0.000000 0.000000 1.000000 0.000000
0.988740 0.149645 0.000000 18.702714 -0.149645 0.988740 0.000000 -1.296776 0.000000 0.000000 1.000000 0.000000
0.988029 0.154271 0.000000 19.271186 -0.154271 0.988029 0.000000 -1.389958 0.000000 0.000000 1.000000 0.000000
0.987031 0.160531 0.000000 19.793404 -0.160531 0.987031 0.000000 -1.485228 0.000000 0.000000 1.000000 0.000000
0.985942 0.167087 0.000000 20.313668 -0.167087 0.985942 0.000000 -1.568471 0.000000 0.000000 1.000000 0.000000
0.984917 0.173029 0.000000 20.873396 -0.173029 0.984917 0.000000 -1.663293 0.000000 0.000000 1.000000 0.000000
0.983271 0.182150 0.000000 21.380077 -0.182150 0.983271 0.000000 -1.761733 0.000000 0.000000 1.000000 0.000000
0.981893 0.189438 0.000000 21.939028 -0.189438 0.981893 0.000000 -1.859149 0.000000 0.000000 1.000000 0.000000
0.980293 0.197548 0.000000 22.681228 -0.197548 0.980293 0.000000 -2.003215 0.000000 0.000000 1.000000 0.000000
0.978569 0.205919 0.000000 23.228386 -0.205919 0.978569 0.000000 -2.121130 0.000000 0.000000 1.000000 0.000000
0.976795 0.214178 0.000000 23.815795 -0.214178 0.976795 0.000000 -2.250745 0.000000 0.000000 1.000000 0.000000
0.975219 0.221241 0.000000 24.355671 -0.221241 0.975219 0.000000 -2.378712 0.000000 0.000000 1.000000 0.000000
0.973549 0.228480 0.000000 24.897336 -0.228480 0.973549 0.000000 -2.504742 0.000000 0.000000 1.000000 0.000000
0.972104 0.234551 0.000000 25.402426 -0.234551 0.972104 0.000000 -2.627268 0.000000 0.000000 1.000000 0.000000
0.970594 0.240724 0.000000 25.952805 -0.240724 0.970594 0.000000 -2.770919 0.000000 0.000000 1.000000 0.000000
0.971178 0.238356 0.000000 26.451904 -0.238356 0.971178 0.000000 -2.886670 0.000000 0.000000 1.000000 0.000000
0.970018 0.243034 0.000000 26.983676 -0.243034 0.970018 0.000000 -3.027377 0.000000 0.000000 1.000000 0.000000
0.967375 0.253349 0.000000 28.017310 -0.253349 0.967375 0.000000 -3.314056 0.000000 0.000000 1.000000 0.000000
0.966254 0.257592 0.000000 28.506283 -0.257592 0.966254 0.000000 -3.436136 0.000000 0.000000 1.000000 0.000000
0.964622 0.263636 0.000000 29.034241 -0.263636 0.964622 0.000000 -3.591052 0.000000 0.000000 1.000000 0.000000
0.962855 0.270018 0.000000 29.696365 -0.270018 0.962855 0.000000 -3.779472 0.000000 0.000000 1.000000 0.000000
0.961476 0.274888 0.000000 30.176438 -0.274888 0.961476 0.000000 -3.930669 0.000000 0.000000 1.000000 0.000000
0.960086 0.279705 0.000000 30.660313 -0.279705 0.960086 0.000000 -4.064639 0.000000 0.000000 1.000000 0.000000
0.958064 0.286554 0.000000 31.175760 -0.286554 0.958064 0.000000 -4.206265 0.000000 0.000000 1.000000 0.000000
0.957266 0.289210 0.000000 31.660905 -0.289210 0.957266 0.000000 -4.352112 0.000000 0.000000 1.000000 0.000000
0.954478 0.298280 0.000000 32.337735 -0.298280 0.954478 0.000000 -4.555605 0.000000 0.000000 1.000000 0.000000
0.952903 0.303274 0.000000 32.839854 -0.303274 0.952903 0.000000 -4.708294 0.000000 0.000000 1.000000 0.000000
0.951823 0.306648 0.000000 33.350387 -0.306648 0.951823 0.000000 -4.882259 0.000000 0.000000 1.000000 0.000000
0.950152 0.311787 0.000000 33.842091 -0.311787 0.950152 0.000000 -5.075554 0.000000 0.000000 1.000000 0.000000
0.948814 0.315835 0.000000 34.364658 -0.315835 0.948814 0.000000 -5.255623 0.000000 0.000000 1.000000 0.000000
0.947228 0.320561 0.000000 34.865710 -0.320561 0.947228 0.000000 -5.441471 0.000000 0.000000 1.000000 0.000000
0.944974 0.327144 0.000000 35.330670 -0.327144 0.944974 0.000000 -5.600959 0.000000 0.000000 1.000000 0.000000
0.943754 0.330650 0.000000 35.839965 -0.330650 0.943754 0.000000 -5.787451 0.000000 0.000000 1.000000 0.000000
0.942286 0.334809 0.000000 36.325924 -0.334809 0.942286 0.000000 -5.953593 0.000000 0.000000 1.000000 0.000000
0.940030 0.341091 0.000000 36.815378 -0.341091 0.940030 0.000000 -6.140582 0.000000 0.000000 1.000000 0.000000
0.938048 0.346505 0.000000 37.283643 -0.346505 0.938048 0.000000 -6.304674 0.000000 0.000000 1.000000 0.000000
0.935654 0.352918 0.000000 37.777812 -0.352918 0.935654 0.000000 -6.504260 0.000000 0.000000 1.000000 0.000000
0.932970 0.359955 0.000000 38.254782 -0.359955 0.932970 0.000000 -6.689148 0.000000 0.000000 1.000000 0.000000
0.930855 0.365389 0.000000 38.757006 -0.365389 0.930855 0.000000 -6.881935 0.000000 0.000000 1.000000 0.000000
0.929744 0.368208 0.000000 39.226312 -0.368208 0.929744 0.000000 -7.051556 0.000000 0.000000 1.000000 0.000000
0.926647 0.375932 0.000000 39.916569 -0.375932 0.926647 0.000000 -7.339397 0.000000 0.000000 1.000000 0.000000
0.922624 0.385701 0.000000 40.619444 -0.385701 0.922624 0.000000 -7.637938 0.000000 0.000000 1.000000 0.000000
0.919562 0.392946 0.000000 41.106411 -0.392946 0.919562 0.000000 -7.833016 0.000000 0.000000 1.000000 0.000000
0.913774 0.406223 0.000000 41.943048 -0.406223 0.913774 0.000000 -8.202067 0.000000 0.000000 1.000000 0.000000
0.911512 0.411273 0.000000 42.418247 -0.411273 0.911512 0.000000 -8.412795 0.000000 0.000000 1.000000 0.000000
0.909397 0.415929 0.000000 42.888209 -0.415929 0.909397 0.000000 -8.638400 0.000000 0.000000 1.000000 0.000000
0.908006 0.418958 0.000000 43.360657 -0.418958 0.908006 0.000000 -8.860414 0.000000 0.000000 1.000000 0.000000
0.903571 0.428439 0.000000 43.824653 -0.428439 0.903571 0.000000 -9.077568 0.000000 0.000000 1.000000 0.000000
0.902890 0.429871 0.000000 44.316770 -0.429871 0.902890 0.000000 -9.312565 0.000000 0.000000 1.000000 0.000000
0.902146 0.431431 0.000000 44.743120 -0.431431 0.902146 0.000000 -9.525696 0.000000 0.000000 1.000000 0.000000
0.899562 0.436793 0.000000 45.186767 -0.436793 0.899562 0.000000 -9.739073 0.000000 0.000000 1.000000 0.000000
0.897901 0.440197 0.000000 45.637158 -0.440197 0.897901 0.000000 -9.965767 0.000000 0.000000 1.000000 0.000000
0.897296 0.441429 0.000000 46.074526 -0.441429 0.897296 0.000000 -10.195199 0.000000 0.000000 1.000000 0.000000
0.895176 0.445713 0.000000 46.511339 -0.445713 0.895176 0.000000 -10.402186 0.000000 0.000000 1.000000 0.000000
0.893896 0.448273 0.000000 46.952567 -0.448273 0.893896 0.000000 -10.621830 0.000000 0.000000 1.000000 0.000000
0.892162 0.451716 0.000000 47.341360 -0.451716 0.892162 0.000000 -10.836417 0.000000 0.000000 1.000000 0.000000
0.892168 0.451704 0.000000 47.763919 -0.451704 0.892168 0.000000 -11.066653 0.000000 0.000000 1.000000 0.000000
0.890368 0.455241 0.000000 48.154973 -0.455241 0.890368 0.000000 -11.268827 0.000000 0.000000 1.000000 0.000000
0.889576 0.456787 0.000000 48.566779 -0.456787 0.889576 0.000000 -11.484526 0.000000 0.000000 1.000000 0.000000
0.889495 0.456945 0.000000 48.981070 -0.456945 0.889495 0.000000 -11.701235 0.000000 0.000000 1.000000 0.000000
0.887423 0.460957 0.000000 49.370759 -0.460957 0.887423 0.000000 -11.925062 0.000000 0.000000 1.000000 0.000000
0.887564 0.460684 0.000000 49.761179 -0.460684 0.887564 0.000000 -12.131415 0.000000 0.000000 1.000000 0.000000
0.882771 0.469803 0.000000 50.151384 -0.469803 0.882771 0.000000 -12.323751 0.000000 0.000000 1.000000 0.000000
0.880187 0.474628 0.000000 50.529079 -0.474628 0.880187 0.000000 -12.530966 0.000000 0.000000 1.000000 0.000000
0.878624 0.477514 0.000000 50.908389 -0.477514 0.878624 0.000000 -12.737460 0.000000 0.000000 1.000000 0.000000
0.876323 0.481725 0.000000 51.294931 -0.481725 0.876323 0.000000 -12.949411 0.000000 0.000000 1.000000 0.000000
0.872818 0.488046 0.000000 51.846215 -0.488046 0.872818 0.000000 -13.261563 0.000000 0.000000 1.000000 0.000000
0.868275 0.496083 0.000000 52.229199 -0.496083 0.868275 0.000000 -13.498972 0.000000 0.000000 1.000000 0.000000
0.863122 0.504995 0.000000 52.586058 -0.504995 0.863122 0.000000 -13.729038 0.000000 0.000000 1.000000 0.000000
0.860106 0.510116 0.000000 52.950073 -0.510116 0.860106 0.000000 -13.942457 0.000000 0.000000 1.000000 0.000000
0.857693 0.514162 0.000000 53.304049 -0.514162 0.857693 0.000000 -14.159904 0.000000 0.000000 1.000000 0.000000
0.853960 0.520338 0.000000 53.639510 -0.520338 0.853960 0.000000 -14.380523 0.000000 0.000000 1.000000 0.000000
0.851401 0.524516 0.000000 53.984252 -0.524516 0.851401 0.000000 -14.595201 0.000000 0.000000 1.000000 0.000000
0.848122 0.529801 0.000000 54.308233 -0.529801 0.848122 0.000000 -14.793790 0.000000 0.000000 1.000000 0.000000
0.845939 0.533280 0.000000 54.636926 -0.533280 0.845939 0.000000 -15.003827 0.000000 0.000000 1.000000 0.000000
0.844244 0.535959 0.000000 54.964500 -0.535959 0.844244 0.000000 -15.208319 0.000000 0.000000 1.000000 0.000000
0.841813 0.539769 0.000000 55.282350 -0.539769 0.841813 0.000000 -15.423680 0.000000 0.000000 1.000000 0.000000
0.839102 0.543974 0.000000 55.900680 -0.543974 0.839102 0.000000 -15.854068 0.000000 0.000000 1.000000 0.000000
0.837955 0.545739 0.000000 56.198044 -0.545739 0.837955 0.000000 -16.049848 0.000000 0.000000 1.000000 0.000000
0.837129 0.547006 0.000000 56.487644 -0.547006 0.837129 0.000000 -16.235688 0.000000 0.000000 1.000000 0.000000
0.836987 0.547222 0.000000 56.762513 -0.547222 0.836987 0.000000 -16.403014 0.000000 0.000000 1.000000 0.000000
0.837195 0.546905 0.000000 57.046819 -0.546905 0.837195 0.000000 -16.598059 0.000000 0.000000 1.000000 0.000000
0.835645 0.549270 0.000000 57.315931 -0.549270 0.835645 0.000000 -16.778252 0.000000 0.000000 1.000000 0.000000
0.834710 0.550689 0.000000 57.593258 -0.550689 0.834710 0.000000 -16.959734 0.000000 0.000000 1.000000 0.000000
0.833823 0.552032 0.000000 57.848974 -0.552032 0.833823 0.000000 -17.135548 0.000000 0.000000 1.000000 0.000000
0.833803 0.552062 0.000000 58.120625 -0.552062 0.833803 0.000000 -17.318930 0.000000 0.000000 1.000000 0.000000
0.834369 0.551206 0.000000 58.353707 -0.551206 0.834369 0.000000 -17.507445 0.000000 0.000000 1.000000 0.000000
0.832523 0.553990 0.000000 58.599780 -0.553990 0.832523 0.000000 -17.671839 0.000000 0.000000 1.000000 0.000000
0.831348 0.555753 0.000000 58.855635 -0.555753 0.831348 0.000000 -17.837819 0.000000 0.000000 1.000000 0.000000
0.828065 0.560632 0.000000 59.209220 -0.560632 0.828065 0.000000 -18.079792 0.000000 0.000000 1.000000 0.000000
0.827103 0.562051 0.000000 59.464991 -0.562051 0.827103 0.000000 -18.269894 0.000000 0.000000 1.000000 0.000000
0.823323 0.567573 0.000000 59.701270 -0.567573 0.823323 0.000000 -18.433928 0.000000 0.000000 1.000000 0.000000
0.820785 0.571237 0.000000 59.935342 -0.571237 0.820785 0.000000 -18.588582 0.000000 0.000000 1.000000 0.000000
0.817263 0.576265 0.000000 60.164773 -0.576265 0.817263 0.000000 -18.741015 0.000000 0.000000 1.000000 0.000000
0.814544 0.580101 0.000000 60.399729 -0.580101 0.814544 0.000000 -18.895788 0.000000 0.000000 1.000000 0.000000
0.814298 0.580447 0.000000 60.619411 -0.580447 0.814298 0.000000 -19.062918 0.000000 0.000000 1.000000 0.000000
0.814024 0.580831 0.000000 60.827847 -0.580831 0.814024 0.000000 -19.204905 0.000000 0.000000 1.000000 0.000000
0.816553 0.577270 0.000000 61.026271 -0.577270 0.816553 0.000000 -19.362729 0.000000 0.000000 1.000000 0.000000
0.815632 0.578571 0.000000 61.221001 -0.578571 0.815632 0.000000 -19.526965 0.000000 0.000000 1.000000 0.000000
0.811840 0.583880 0.000000 61.619827 -0.583880 0.811840 0.000000 -19.813120 0.000000 0.000000 1.000000 0.000000
0.808164 0.588958 0.000000 61.811573 -0.588958 0.808164 0.000000 -19.937868 0.000000 0.000000 1.000000 0.000000
0.807360 0.590060 0.000000 61.991807 -0.590060 0.807360 0.000000 -20.079856 0.000000 0.000000 1.000000 0.000000
0.807991 0.589195 0.000000 62.166615 -0.589195 0.807991 0.000000 -20.226929 0.000000 0.000000 1.000000 0.000000
0.807377 0.590036 0.000000 62.330821 -0.590036 0.807377 0.000000 -20.352630 0.000000 0.000000 1.000000 0.000000
0.806341 0.591451 0.000000 62.483709 -0.591451 0.806341 0.000000 -20.470155 0.000000 0.000000 1.000000 0.000000
0.806270 0.591548 0.000000 62.644336 -0.591548 0.806270 0.000000 -20.611044 0.000000 0.000000 1.000000 0.000000
0.805617 0.592436 0.000000 62.784576 -0.592436 0.805617 0.000000 -20.734722 0.000000 0.000000 1.000000 0.000000
0.804081 0.594520 0.000000 62.949520 -0.594520 0.804081 0.000000 -20.861116 0.000000 0.000000 1.000000 0.000000
0.800574 0.599234 0.000000 63.272041 -0.599234 0.800574 0.000000 -21.101137 0.000000 0.000000 1.000000 0.000000
0.799185 0.601085 0.000000 63.428260 -0.601085 0.799185 0.000000 -21.216893 0.000000 0.000000 1.000000 0.000000
0.798685 0.601750 0.000000 63.568136 -0.601750 0.798685 0.000000 -21.329878 0.000000 0.000000 1.000000 0.000000
0.797277 0.603614 0.000000 63.824990 -0.603614 0.797277 0.000000 -21.521033 0.000000 0.000000 1.000000 0.000000
0.796304 0.604897 0.000000 63.986210 -0.604897 0.796304 0.000000 -21.638441 0.000000 0.000000 1.000000 0.000000
0.794121 0.607760 0.000000 64.145926 -0.607760 0.794121 0.000000 -21.762132 0.000000 0.000000 1.000000 0.000000
0.792199 0.610263 0.000000 64.312494 -0.610263 0.792199 0.000000 -21.889579 0.000000 0.000000 1.000000 0.000000
0.793125 0.609059 0.000000 64.469334 -0.609059 0.793125 0.000000 -22.018185 0.000000 0.000000 1.000000 0.000000
0.791687 0.610927 0.000000 64.638843 -0.610927 0.791687 0.000000 -22.135983 0.000000 0.000000 1.000000 0.000000
0.790684 0.612224 0.000000 64.801904 -0.612224 0.790684 0.000000 -22.255523 0.000000 0.000000 1.000000 0.000000
0.787890 0.615816 0.000000 65.125951 -0.615816 0.787890 0.000000 -22.518879 0.000000 0.000000 1.000000 0.000000
0.785943 0.618298 0.000000 65.279019 -0.618298 0.785943 0.000000 -22.650839 0.000000 0.000000 1.000000 0.000000
0.784391 0.620267 0.000000 65.453990 -0.620267 0.784391 0.000000 -22.787641 0.000000 0.000000 1.000000 0.000000
0.782320 0.622877 0.000000 65.629218 -0.622877 0.782320 0.000000 -22.914010 0.000000 0.000000 1.000000 0.000000
0.780359 0.625332 0.000000 65.792378 -0.625332 0.780359 0.000000 -23.041578 0.000000 0.000000 1.000000 0.000000
0.779662 0.626200 0.000000 65.938856 -0.626200 0.779662 0.000000 -23.167019 0.000000 0.000000 1.000000 0.000000
0.777852 0.628447 0.000000 66.091434 -0.628447 0.777852 0.000000 -23.311675 0.000000 0.000000 1.000000 0.000000
0.776077 0.630638 0.000000 66.255818 -0.630638 0.776077 0.000000 -23.465961 0.000000 0.000000 1.000000 0.000000
0.773286 0.634057 0.000000 66.425480 -0.634057 0.773286 0.000000 -23.613472 0.000000 0.000000 1.000000 0.000000
0.769376 0.638797 0.000000 66.607479 -0.638797 0.769376 0.000000 -23.752162 0.000000 0.000000 1.000000 0.000000
0.765711 0.643185 0.000000 66.791172 -0.643185 0.765711 0.000000 -23.902991 0.000000 0.000000 1.000000 0.000000
0.763546 0.645753 0.000000 66.950988 -0.645753 0.763546 0.000000 -24.057950 0.000000 0.000000 1.000000 0.000000
0.761530 0.648130 0.000000 67.133108 -0.648130 0.761530 0.000000 -24.228172 0.000000 0.000000 1.000000 0.000000
0.759915 0.650023 0.000000 67.302659 -0.650023 0.759915 0.000000 -24.392316 0.000000 0.000000 1.000000 0.000000
0.756384 0.654128 0.000000 67.501170 -0.654128 0.756384 0.000000 -24.554078 0.000000 0.000000 1.000000 0.000000
0.754031 0.656839 0.000000 67.671503 -0.656839 0.754031 0.000000 -24.724020 0.000000 0.000000 1.000000 0.000000
0.748868 0.662719 0.000000 67.950737 -0.662719 0.748868 0.000000 -24.978292 0.000000 0.000000 1.000000 0.000000
0.747160 0.664645 0.000000 68.129664 -0.664645 0.747160 0.000000 -25.155843 0.000000 0.000000 1.000000 0.000000
0.745500 0.666505 0.000000 68.325847 -0.666505 0.745500 0.000000 -25.333527 0.000000 0.000000 1.000000 0.000000
0.744109 0.668058 0.000000 68.497288 -0.668058 0.744109 0.000000 -25.514148 0.000000 0.000000 1.000000 0.000000
0.740514 0.672041 0.000000 68.877867 -0.672041 0.740514 0.000000 -25.896332 0.000000 0.000000 1.000000 0.000000
0.738901 0.673814 0.000000 69.061104 -0.673814 0.738901 0.000000 -26.089600 0.000000 0.000000 1.000000 0.000000
0.737242 0.675628 0.000000 69.245547 -0.675628 0.737242 0.000000 -26.275218 0.000000 0.000000 1.000000 0.000000
0.735866 0.677127 0.000000 69.435820 -0.677127 0.735866 0.000000 -26.472010 0.000000 0.000000 1.000000 0.000000
0.733383 0.679816 0.000000 69.723359 -0.679816 0.733383 0.000000 -26.716401 0.000000 0.000000 1.000000 0.000000
0.728710 0.684823 0.000000 69.920576 -0.684823 0.728710 0.000000 -26.895984 0.000000 0.000000 1.000000 0.000000
0.725451 0.688274 0.000000 70.108928 -0.688274 0.725451 0.000000 -27.083584 0.000000 0.000000 1.000000 0.000000
0.721637 0.692271 0.000000 70.293952 -0.692271 0.721637 0.000000 -27.278098 0.000000 0.000000 1.000000 0.000000
0.719098 0.694909 0.000000 70.481127 -0.694909 0.719098 0.000000 -27.474378 0.000000 0.000000 1.000000 0.000000
0.717285 0.696780 0.000000 70.660200 -0.696780 0.717285 0.000000 -27.664872 0.000000 0.000000 1.000000 0.000000
0.714580 0.699554 0.000000 70.842412 -0.699554 0.714580 0.000000 -27.849134 0.000000 0.000000 1.000000 0.000000
0.713707 0.700444 0.000000 71.019807 -0.700444 0.713707 0.000000 -28.035219 0.000000 0.000000 1.000000 0.000000
0.712131 0.702047 0.000000 71.190922 -0.702047 0.712131 0.000000 -28.213570 0.000000 0.000000 1.000000 0.000000
0.709676 0.704528 0.000000 71.374581 -0.704528 0.709676 0.000000 -28.403799 0.000000 0.000000 1.000000 0.000000
0.709577 0.704628 0.000000 71.544546 -0.704628 0.709577 0.000000 -28.584203 0.000000 0.000000 1.000000 0.000000
0.710470 0.703727 0.000000 71.776145 -0.703727 0.710470 0.000000 -28.830273 0.000000 0.000000 1.000000 0.000000
0.710119 0.704082 0.000000 71.961299 -0.704082 0.710119 0.000000 -29.032213 0.000000 0.000000 1.000000 0.000000
0.709560 0.704645 0.000000 72.145218 -0.704645 0.709560 0.000000 -29.218029 0.000000 0.000000 1.000000 0.000000
0.710161 0.704040 0.000000 72.312648 -0.704040 0.710161 0.000000 -29.408848 0.000000 0.000000 1.000000 0.000000
0.708602 0.705609 0.000000 72.481722 -0.705609 0.708602 0.000000 -29.592230 0.000000 0.000000 1.000000 0.000000
0.708033 0.706179 0.000000 72.650837 -0.706179 0.708033 0.000000 -29.779802 0.000000 0.000000 1.000000 0.000000
0.711826 0.702356 0.000000 72.819636 -0.702356 0.711826 0.000000 -29.971170 0.000000 0.000000 1.000000 0.000000
0.712119 0.702059 0.000000 72.995018 -0.702059 0.712119 0.000000 -30.134904 0.000000 0.000000 1.000000 0.000000
0.714442 0.699695 0.000000 73.162837 -0.699695 0.714442 0.000000 -30.306287 0.000000 0.000000 1.000000 0.000000
0.715304 0.698813 0.000000 73.331705 -0.698813 0.715304 0.000000 -30.459362 0.000000 0.000000 1.000000 0.000000
0.716163 0.697933 0.000000 73.655579 -0.697933 0.716163 0.000000 -30.793860 0.000000 0.000000 1.000000 0.000000
0.716510 0.697576 0.000000 73.812144 -0.697576 0.716510 0.000000 -30.954270 0.000000 0.000000 1.000000 0.000000
0.719048 0.694961 0.000000 73.969434 -0.694961 0.719048 0.000000 -31.117981 0.000000 0.000000 1.000000 0.000000
0.721334 0.692587 0.000000 74.115064 -0.692587 0.721334 0.000000 -31.276533 0.000000 0.000000 1.000000 0.000000
0.722973 0.690876 0.000000 74.269780 -0.690876 0.722973 0.000000 -31.437124 0.000000 0.000000 1.000000 0.000000
0.723842 0.689966 0.000000 74.415640 -0.689966 0.723842 0.000000 -31.583306 0.000000 0.000000 1.000000 0.000000
0.724034 0.689764 0.000000 74.564183 -0.689764 0.724034 0.000000 -31.729216 0.000000 0.000000 1.000000 0.000000
0.725259 0.688476 0.000000 74.835813 -0.688476 0.725259 0.000000 -31.978585 0.000000 0.000000 1.000000 0.000000
0.726916 0.686726 0.000000 74.989202 -0.686726 0.726916 0.000000 -32.131557 0.000000 0.000000 1.000000 0.000000
0.729526 0.683953 0.000000 75.135319 -0.683953 0.729526 0.000000 -32.288448 0.000000 0.000000 1.000000 0.000000
0.729862 0.683595 0.000000 75.292217 -0.683595 0.729862 0.000000 -32.434491 0.000000 0.000000 1.000000 0.000000
0.732360 0.680918 0.000000 75.432063 -0.680918 0.732360 0.000000 -32.586234 0.000000 0.000000 1.000000 0.000000
0.734724 0.678366 0.000000 75.572307 -0.678366 0.734724 0.000000 -32.730738 0.000000 0.000000 1.000000 0.000000
0.740026 0.672578 0.000000 75.847628 -0.672578 0.740026 0.000000 -33.011614 0.000000 0.000000 1.000000 0.000000
0.743227 0.669039 0.000000 75.990312 -0.669039 0.743227 0.000000 -33.124922 0.000000 0.000000 1.000000 0.000000
0.746144 0.665784 0.000000 76.126428 -0.665784 0.746144 0.000000 -33.239340 0.000000 0.000000 1.000000 0.000000
0.751913 0.659262 0.000000 76.357632 -0.659262 0.751913 0.000000 -33.443464 0.000000 0.000000 1.000000 0.000000
0.755678 0.654944 0.000000 76.654939 -0.654944 0.755678 0.000000 -33.705976 0.000000 0.000000 1.000000 0.000000
0.761949 0.647637 0.000000 76.844728 -0.647637 0.761949 0.000000 -33.861397 0.000000 0.000000 1.000000 0.000000
0.764603 0.644502 0.000000 76.967057 -0.644502 0.764603 0.000000 -33.957433 0.000000 0.000000 1.000000 0.000000
0.773080 0.634309 0.000000 77.186900 -0.634309 0.773080 0.000000 -34.160426 0.000000 0.000000 1.000000 0.000000
0.777016 0.629481 0.000000 77.309591 -0.629481 0.777016 0.000000 -34.269953 0.000000 0.000000 1.000000 0.000000
0.780557 0.625085 0.000000 77.412707 -0.625085 0.780557 0.000000 -34.355732 0.000000 0.000000 1.000000 0.000000
0.783210 0.621757 0.000000 77.519134 -0.621757 0.783210 0.000000 -34.437445 0.000000 0.000000 1.000000 0.000000
0.787773 0.615965 0.000000 77.675796 -0.615965 0.787773 0.000000 -34.564147 0.000000 0.000000 1.000000 0.000000
0.794119 0.607763 0.000000 77.863512 -0.607763 0.794119 0.000000 -34.721261 0.000000 0.000000 1.000000 0.000000
0.797797 0.602927 0.000000 77.947573 -0.602927 0.797797 0.000000 -34.786483 0.000000 0.000000 1.000000 0.000000
0.801502 0.597992 0.000000 78.043413 -0.597992 0.801502 0.000000 -34.850208 0.000000 0.000000 1.000000 0.000000
0.805088 0.593155 0.000000 78.125526 -0.593155 0.805088 0.000000 -34.930014 0.000000 0.000000 1.000000 0.000000
0.808737 0.588170 0.000000 78.209316 -0.588170 0.808737 0.000000 -35.004890 0.000000 0.000000 1.000000 0.000000
0.811032 0.585002 0.000000 78.295782 -0.585002 0.811032 0.000000 -35.070023 0.000000 0.000000 1.000000 0.000000
0.817945 0.575296 0.000000 78.456998 -0.575296 0.817945 0.000000 -35.201939 0.000000 0.000000 1.000000 0.000000
0.820256 0.571997 0.000000 78.527210 -0.571997 0.820256 0.000000 -35.264033 0.000000 0.000000 1.000000 0.000000
0.823192 0.567763 0.000000 78.588855 -0.567763 0.823192 0.000000 -35.310278 0.000000 0.000000 1.000000 0.000000
0.824751 0.565496 0.000000 78.644281 -0.565496 0.824751 0.000000 -35.350092 0.000000 0.000000 1.000000 0.000000
0.828108 0.560569 0.000000 78.692741 -0.560569 0.828108 0.000000 -35.387637 0.000000 0.000000 1.000000 0.000000
0.829841 0.558000 0.000000 78.743164 -0.558000 0.829841 0.000000 -35.406130 0.000000 0.000000 1.000000 0.000000
0.831614 0.555354 0.000000 78.782514 -0.555354 0.831614 0.000000 -35.442003 0.000000 0.000000 1.000000 0.000000
0.832992 0.553285 0.000000 78.855014 -0.553285 0.832992 0.000000 -35.487747 0.000000 0.000000 1.000000 0.000000
0.834407 0.551149 0.000000 78.885907 -0.551149 0.834407 0.000000 -35.507584 0.000000 0.000000 1.000000 0.000000
0.835074 0.550138 0.000000 78.922720 -0.550138 0.835074 0.000000 -35.519033 0.000000 0.000000 1.000000 0.000000
0.835578 0.549372 0.000000 78.954471 -0.549372 0.835578 0.000000 -35.540988 0.000000 0.000000 1.000000 0.000000
0.836590 0.547829 0.000000 78.983304 -0.547829 0.836590 0.000000 -35.552916 0.000000 0.000000 1.000000 0.000000
0.837506 0.546429 0.000000 79.009669 -0.546429 0.837506 0.000000 -35.572050 0.000000 0.000000 1.000000 0.000000
0.837814 0.545955 0.000000 79.030487 -0.545955 0.837814 0.000000 -35.580130 0.000000 0.000000 1.000000 0.000000
0.837927 0.545782 0.000000 79.045734 -0.545782 0.837927 0.000000 -35.596721 0.000000 0.000000 1.000000 0.000000
0.839524 0.543323 0.000000 79.065874 -0.543323 0.839524 0.000000 -35.616985 0.000000 0.000000 1.000000 0.000000
0.838868 0.544334 0.000000 79.072243 -0.544334 0.838868 0.000000 -35.616037 0.000000 0.000000 1.000000 0.000000
0.839590 0.543221 0.000000 79.073238 -0.543221 0.839590 0.000000 -35.615597 0.000000 0.000000 1.000000 0.000000
0.839565 0.543259 0.000000 79.069825 -0.543259 0.839565 0.000000 -35.622722 0.000000 0.000000 1.000000 0.000000
0.838722 0.544560 0.000000 79.069489 -0.544560 0.838722 0.000000 -35.611478 0.000000 0.000000 1.000000 0.000000
0.838652 0.544667 0.000000 79.063576 -0.544667 0.838652 0.000000 -35.615284 0.000000 0.000000 1.000000 0.000000
0.838306 0.545200 0.000000 79.062126 -0.545200 0.838306 0.000000 -35.618009 0.000000 0.000000 1.000000 0.000000
0.839265 0.543722 0.000000 79.063684 -0.543722 0.839265 0.000000 -35.620711 0.000000 0.000000 1.000000 0.000000
0.839395 0.543522 0.000000 79.060483 -0.543522 0.839395 0.000000 -35.613639 0.000000 0.000000 1.000000 0.000000
0.838544 0.544834 0.000000 79.061317 -0.544834 0.838544 0.000000 -35.613347 0.000000 0.000000 1.000000 0.000000
0.838372 0.545099 0.000000 79.064701 -0.545099 0.838372 0.000000 -35.609603 0.000000 0.000000 1.000000 0.000000
0.838314 0.545188 0.000000 79.064645 -0.545188 0.838314 0.000000 -35.605192 0.000000 0.000000 1.000000 0.000000
0.838266 0.545261 0.000000 79.066178 -0.545261 0.838266 0.000000 -35.605663 0.000000 0.000000 1.000000 0.000000
0.838275 0.545248 0.000000 79.071266 -0.545248 0.838275 0.000000 -35.605844 0.000000 0.000000 1.000000 0.000000
0.838219 0.545334 0.000000 79.066801 -0.545334 0.838219 0.000000 -35.604641 0.000000 0.000000 1.000000 0.000000
0.838057 0.545582 0.000000 79.072562 -0.545582 0.838057 0.000000 -35.605190 0.000000 0.000000 1.000000 0.000000
0.837982 0.545697 0.000000 79.070862 -0.545697 0.837982 0.000000 -35.605773 0.000000 0.000000 1.000000 0.000000
0.837960 0.545731 0.000000 79.066622 -0.545731 0.837960 0.000000 -35.602781 0.000000 0.000000 1.000000 0.000000
0.837999 0.545671 0.000000 79.069880 -0.545671 0.837999 0.000000 -35.599831 0.000000 0.000000 1.000000 0.000000
0.837975 0.545708 0.000000 79.068013 -0.545708 0.837975 0.000000 -35.605980 0.000000 0.000000 1.000000 0.000000
0.837918 0.545796 0.000000 79.072304 -0.545796 0.837918 0.000000 -35.610046 0.000000 0.000000 1.000000 0.000000
0.838014 0.545648 0.000000 79.077526 -0.545648 0.838014 0.000000 -35.611426 0.000000 0.000000 1.000000 0.000000
0.838019 0.545641 0.000000 79.084119 -0.545641 0.838019 0.000000 -35.612076 0.000000 0.000000 1.000000 0.000000
0.838018 0.545643 0.000000 79.084700 -0.545643 0.838018 0.000000 -35.621123 0.000000 0.000000 1.000000 0.000000
0.837862 0.545882 0.000000 79.083335 -0.545882 0.837862 0.000000 -35.629449 0.000000 0.000000 1.000000 0.000000
0.837764 0.546033 0.000000 79.083954 -0.546033 0.837764 0.000000 -35.629021 0.000000 0.000000 1.000000 0.000000
0.837644 0.546217 0.000000 79.095262 -0.546217 0.837644 0.000000 -35.629667 0.000000 0.000000 1.000000 0.000000
0.837609 0.546270 0.000000 79.096893 -0.546270 0.837609 0.000000 -35.633007 0.000000 0.000000 1.000000 0.000000
0.837697 0.546136 0.000000 79.098387 -0.546136 0.837697 0.000000 -35.625567 0.000000 0.000000 1.000000 0.000000
0.837683 0.546157 0.000000 79.105596 -0.546157 0.837683 0.000000 -35.625926 0.000000 0.000000 1.000000 0.000000
0.837750 0.546054 0.000000 79.099016 -0.546054 0.837750 0.000000 -35.622212 0.000000 0.000000 1.000000 0.000000
0.837716 0.546106 0.000000 79.093519 -0.546106 0.837716 0.000000 -35.616829 0.000000 0.000000 1.000000 0.000000
0.837683 0.546157 0.000000 79.092345 -0.546157 0.837683 0.000000 -35.612845 0.000000 0.000000 1.000000 0.000000
0.837550 0.546361 0.000000 79.097280 -0.546361 0.837550 0.000000 -35.613145 0.000000 0.000000 1.000000 0.000000
0.837586 0.546306 0.000000 79.105350 -0.546306 0.837586 0.000000 -35.611823 0.000000 0.000000 1.000000 0.000000
0.837547 0.546365 0.000000 79.111617 -0.546365 0.837547 0.000000 -35.616823 0.000000 0.000000 1.000000 0.000000
0.837510 0.546422 0.000000 79.110096 -0.546422 0.837510 0.000000 -35.619103 0.000000 0.000000 1.000000 0.000000
0.837426 0.546550 0.000000 79.106401 -0.546550 0.837426 0.000000 -35.627512 0.000000 0.000000 1.000000 0.000000
0.837541 0.546375 0.000000 79.105341 -0.546375 0.837541 0.000000 -35.627114 0.000000 0.000000 1.000000 0.000000
0.837901 0.545823 0.000000 79.102018 -0.545823 0.837901 0.000000 -35.624205 0.000000 0.000000 1.000000 0.000000
0.837827 0.545936 0.000000 79.100678 -0.545936 0.837827 0.000000 -35.633888 0.000000 0.000000 1.000000 0.000000
0.837792 0.545990 0.000000 79.107337 -0.545990 0.837792 0.000000 -35.631246 0.000000 0.000000 1.000000 0.000000
0.837753 0.546049 0.000000 79.105636 -0.546049 0.837753 0.000000 -35.634764 0.000000 0.000000 1.000000 0.000000
0.837800 0.545978 0.000000 79.105477 -0.545978 0.837800 0.000000 -35.639935 0.000000 0.000000 1.000000 0.000000
0.837970 0.545716 0.000000 79.102833 -0.545716 0.837970 0.000000 -35.638768 0.000000 0.000000 1.000000 0.000000
0.837972 0.545714 0.000000 79.100592 -0.545714 0.837972 0.000000 -35.633478 0.000000 0.000000 1.000000 0.000000
0.837865 0.545878 0.000000 79.095006 -0.545878 0.837865 0.000000 -35.631754 0.000000 0.000000 1.000000 0.000000
0.837357 0.546656 0.000000 79.092687 -0.546656 0.837357 0.000000 -35.631392 0.000000 0.000000 1.000000 0.000000
0.836898 0.547359 0.000000 79.085580 -0.547359 0.836898 0.000000 -35.632755 0.000000 0.000000 1.000000 0.000000
0.835555 0.549407 0.000000 79.095496 -0.549407 0.835555 0.000000 -35.627471 0.000000 0.000000 1.000000 0.000000
0.835464 0.549545 0.000000 79.097897 -0.549545 0.835464 0.000000 -35.636305 0.000000 0.000000 1.000000 0.000000
0.835568 0.549387 0.000000 79.094694 -0.549387 0.835568 0.000000 -35.642527 0.000000 0.000000 1.000000 0.000000
0.835718 0.549160 0.000000 79.095494 -0.549160 0.835718 0.000000 -35.652340 0.000000 0.000000 1.000000 0.000000
0.836497 0.547971 0.000000 79.094400 -0.547971 0.836497 0.000000 -35.652532 0.000000 0.000000 1.000000 0.000000
0.837104 0.547044 0.000000 79.093443 -0.547044 0.837104 0.000000 -35.658366 0.000000 0.000000 1.000000 0.000000
0.837604 0.546278 0.000000 79.087589 -0.546278 0.837604 0.000000 -35.666549 0.000000 0.000000 1.000000 0.000000
0.837830 0.545931 0.000000 79.092584 -0.545931 0.837830 0.000000 -35.662587 0.000000 0.000000 1.000000 0.000000
0.837858 0.545888 0.000000 79.083934 -0.545888 0.837858 0.000000 -35.661743 0.000000 0.000000 1.000000 0.000000
0.837957 0.545737 0.000000 79.077528 -0.545737 0.837957 0.000000 -35.670407 0.000000 0.000000 1.000000 0.000000
0.837930 0.545778 0.000000 79.068882 -0.545778 0.837930 0.000000 -35.661621 0.000000 0.000000 1.000000 0.000000
0.837854 0.545895 0.000000 79.064417 -0.545895 0.837854 0.000000 -35.663663 0.000000 0.000000 1.000000 0.000000
0.837959 0.545732 0.000000 79.063003 -0.545732 0.837959 0.000000 -35.659640 0.000000 0.000000 1.000000 0.000000
0.837923 0.545788 0.000000 79.060273 -0.545788 0.837923 0.000000 -35.657606 0.000000 0.000000 1.000000 0.000000
0.838179 0.545395 0.000000 79.060906 -0.545395 0.838179 0.000000 -35.655432 0.000000 0.000000 1.000000 0.000000
0.838238 0.545304 0.000000 79.060938 -0.545304 0.838238 0.000000 -35.657537 0.000000 0.000000 1.000000 0.000000
0.838372 0.545098 0.000000 79.050774 -0.545098 0.838372 0.000000 -35.656752 0.000000 0.000000 1.000000 0.000000
0.838606 0.544739 0.000000 79.044508 -0.544739 0.838606 0.000000 -35.663475 0.000000 0.000000 1.000000 0.000000
0.838931 0.544238 0.000000 79.038024 -0.544238 0.838931 0.000000 -35.663896 0.000000 0.000000 1.000000 0.000000
0.839642 0.543140 0.000000 79.035437 -0.543140 0.839642 0.000000 -35.670122 0.000000 0.000000 1.000000 0.000000
0.840311 0.542105 0.000000 79.032015 -0.542105 0.840311 0.000000 -35.687208 0.000000 0.000000 1.000000 0.000000
0.840261 0.542182 0.000000 79.025876 -0.542182 0.840261 0.000000 -35.689641 0.000000 0.000000 1.000000 0.000000
0.839178 0.543857 0.000000 79.033002 -0.543857 0.839178 0.000000 -35.690637 0.000000 0.000000 1.000000 0.000000
0.837141 0.546987 0.000000 79.044937 -0.546987 0.837141 0.000000 -35.682801 0.000000 0.000000 1.000000 0.000000
0.835532 0.549442 0.000000 79.051276 -0.549442 0.835532 0.000000 -35.680504 0.000000 0.000000 1.000000 0.000000
0.834242 0.551398 0.000000 79.065077 -0.551398 0.834242 0.000000 -35.678461 0.000000 0.000000 1.000000 0.000000
0.832781 0.553603 0.000000 79.075498 -0.553603 0.832781 0.000000 -35.675578 0.000000 0.000000 1.000000 0.000000
0.831507 0.555515 0.000000 79.085996 -0.555515 0.831507 0.000000 -35.682574 0.000000 0.000000 1.000000 0.000000
0.830328 0.557275 0.000000 79.099587 -0.557275 0.830328 0.000000 -35.686113 0.000000 0.000000 1.000000 0.000000
0.829347 0.558733 0.000000 79.109622 -0.558733 0.829347 0.000000 -35.687610 0.000000 0.000000 1.000000 0.000000
0.829204 0.558946 0.000000 79.118620 -0.558946 0.829204 0.000000 -35.691155 0.000000 0.000000 1.000000 0.000000
0.829235 0.558901 0.000000 79.124588 -0.558901 0.829235 0.000000 -35.708220 0.000000 0.000000 1.000000 0.000000
0.829745 0.558143 0.000000 79.134854 -0.558143 0.829745 0.000000 -35.733030 0.000000 0.000000 1.000000 0.000000
0.830428 0.557126 0.000000 79.143422 -0.557126 0.830428 0.000000 -35.731540 0.000000 0.000000 1.000000 0.000000
0.831464 0.555579 0.000000 79.154188 -0.555579 0.831464 0.000000 -35.746910 0.000000 0.000000 1.000000 0.000000
0.831993 0.554786 0.000000 79.160668 -0.554786 0.831993 0.000000 -35.766245 0.000000 0.000000 1.000000 0.000000
0.831946 0.554857 0.000000 79.170931 -0.554857 0.831946 0.000000 -35.776969 0.000000 0.000000 1.000000 0.000000
0.831834 0.555024 0.000000 79.189156 -0.555024 0.831834 0.000000 -35.784666 0.000000 0.000000 1.000000 0.000000
0.831234 0.555922 0.000000 79.195850 -0.555922 0.831234 0.000000 -35.802136 0.000000 0.000000 1.000000 0.000000
0.830734 0.556669 0.000000 79.213134 -0.556669 0.830734 0.000000 -35.803508 0.000000 0.000000 1.000000 0.000000
0.830076 0.557651 0.000000 79.237837 -0.557651 0.830076 0.000000 -35.829680 0.000000 0.000000 1.000000 0.000000
0.831112 0.556105 0.000000 79.254246 -0.556105 0.831112 0.000000 -35.845292 0.000000 0.000000 1.000000 0.000000
0.831317 0.555798 0.000000 79.258800 -0.555798 0.831317 0.000000 -35.860766 0.000000 0.000000 1.000000 0.000000
0.831939 0.554867 0.000000 79.269321 -0.554867 0.831939 0.000000 -35.886766 0.000000 0.000000 1.000000 0.000000
0.832436 0.554121 0.000000 79.275295 -0.554121 0.832436 0.000000 -35.912546 0.000000 0.000000 1.000000 0.000000
0.834158 0.551526 0.000000 79.285977 -0.551526 0.834158 0.000000 -35.924920 0.000000 0.000000 1.000000 0.000000
0.834962 0.550308 0.000000 79.290898 -0.550308 0.834962 0.000000 -35.936903 0.000000 0.000000 1.000000 0.000000
0.835379 0.549675 0.000000 79.287159 -0.549675 0.835379 0.000000 -35.943469 0.000000 0.000000 1.000000 0.000000
0.835559 0.549401 0.000000 79.287573 -0.549401 0.835559 0.000000 -35.954969 0.000000 0.000000 1.000000 0.000000
0.834915 0.550379 0.000000 79.297944 -0.550379 0.834915 0.000000 -35.959671 0.000000 0.000000 1.000000 0.000000
0.834511 0.550991 0.000000 79.305461 -0.550991 0.834511 0.000000 -35.963582 0.000000 0.000000 1.000000 0.000000
0.833766 0.552118 0.000000 79.309367 -0.552118 0.833766 0.000000 -35.963626 0.000000 0.000000 1.000000 0.000000
0.833758 0.552130 0.000000 79.308324 -0.552130 0.833758 0.000000 -35.956851 0.000000 0.000000 1.000000 0.000000
0.833702 0.552215 0.000000 79.304477 -0.552215 0.833702 0.000000 -35.959019 0.000000 0.000000 1.000000 0.000000
0.834009 0.551751 0.000000 79.304360 -0.551751 0.834009 0.000000 -35.955699 0.000000 0.000000 1.000000 0.000000
0.834690 0.550720 0.000000 79.296508 -0.550720 0.834690 0.000000 -35.959206 0.000000 0.000000 1.000000 0.000000
0.835189 0.549964 0.000000 79.295609 -0.549964 0.835189 0.000000 -35.963146 0.000000 0.000000 1.000000 0.000000
0.835337 0.549739 0.000000 79.291546 -0.549739 0.835337 0.000000 -35.962823 0.000000 0.000000 1.000000 0.000000
0.835356 0.549710 0.000000 79.285715 -0.549710 0.835356 0.000000 -35.963690 0.000000 0.000000 1.000000 0.000000
0.835736 0.549131 0.000000 79.276374 -0.549131 0.835736 0.000000 -35.972983 0.000000 0.000000 1.000000 0.000000
0.835939 0.548822 0.000000 79.270497 -0.548822 0.835939 0.000000 -35.972384 0.000000 0.000000 1.000000 0.000000
0.837050 0.547127 0.000000 79.266945 -0.547127 0.837050 0.000000 -35.980319 0.000000 0.000000 1.000000 0.000000
0.837278 0.546777 0.000000 79.261856 -0.546777 0.837278 0.000000 -35.982108 0.000000 0.000000 1.000000 0.000000
0.837753 0.546049 0.000000 79.257269 -0.546049 0.837753 0.000000 -35.992763 0.000000 0.000000 1.000000 0.000000
0.838558 0.544813 0.000000 79.248864 -0.544813 0.838558 0.000000 -36.002827 0.000000 0.000000 1.000000 0.000000
0.838799 0.544441 0.000000 79.245385 -0.544441 0.838799 0.000000 -36.002431 0.000000 0.000000 1.000000 0.000000
0.839187 0.543844 0.000000 79.239735 -0.543844 0.839187 0.000000 -36.002026 0.000000 0.000000 1.000000 0.000000
0.839331 0.543621 0.000000 79.240945 -0.543621 0.839331 0.000000 -35.997287 0.000000 0.000000 1.000000 0.000000
0.839401 0.543513 0.000000 79.237147 -0.543513 0.839401 0.000000 -35.999458 0.000000 0.000000 1.000000 0.000000
0.839721 0.543018 0.000000 79.234521 -0.543018 0.839721 0.000000 -35.996369 0.000000 0.000000 1.000000 0.000000
0.839668 0.543101 0.000000 79.231338 -0.543101 0.839668 0.000000 -36.000432 0.000000 0.000000 1.000000 0.000000
0.840667 0.541553 0.000000 79.228296 -0.541553 0.840667 0.000000 -36.008508 0.000000 0.000000 1.000000 0.000000
