1.000000 -0.000223 0.000000 0.625140 0.000223 1.000000 0.000000 -0.012268 0.000000 0.000000 1.000000 0.000000
0.999999 -0.001006 0.000000 1.292130 0.001006 0.999999 0.000000 -0.033839 0.000000 0.000000 1.000000 0.000000
1.000000 -0.000906 0.000000 1.914208 0.000906 1.000000 0.000000 -0.049911 0.000000 0.000000 1.000000 0.000000
1.000000 -0.000893 0.000000 2.537335 0.000893 1.000000 0.000000 -0.058227 0.000000 0.000000 1.000000 0.000000
0.999999 -0.001668 0.000000 3.162899 0.001668 0.999999 0.000000 -0.067433 0.000000 0.000000 1.000000 0.000000
0.999993 -0.003611 0.000000 3.793017 0.003611 0.999993 0.000000 -0.079076 0.000000 0.000000 1.000000 0.000000
0.999992 -0.004068 0.000000 4.418968 0.004068 0.999992 0.000000 -0.087339 0.000000 0.000000 1.000000 0.000000
0.999993 -0.003866 0.000000 5.046955 0.003866 0.999993 0.000000 -0.097408 0.000000 0.000000 1.000000 0.000000
0.999992 -0.003972 0.000000 5.667161 0.003972 0.999992 0.000000 -0.109276 0.000000 0.000000 1.000000 0.000000
0.999993 -0.003810 0.000000 6.326204 0.003810 0.999993 0.000000 -0.117649 0.000000 0.000000 1.000000 0.000000
0.999991 -0.004305 0.000000 6.914007 0.004305 0.999991 0.000000 -0.125340 0.000000 0.000000 1.000000 0.000000
0.999992 -0.003950 0.000000 7.537476 0.003950 0.999992 0.000000 -0.134565 0.000000 0.000000 1.000000 0.000000
0.999986 -0.005280 0.000000 8.160573 0.005280 0.999986 0.000000 -0.151044 0.000000 0.000000 1.000000 0.000000
0.999965 -0.008371 0.000000 8.811023 0.008371 0.999965 0.000000 -0.165026 0.000000 0.000000 1.000000 0.000000
0.999928 -0.012040 0.000000 9.439025 0.012040 0.999928 0.000000 -0.174155 0.000000 0.000000 1.000000 0.000000
0.999872 -0.016026 0.000000 10.057245 0.016026 0.999872 0.000000 -0.182436 0.000000 0.000000 1.000000 0.000000
0.999893 -0.014645 0.000000 10.674308 0.014645 0.999893 0.000000 -0.184667 0.000000 0.000000 1.000000 0.000000
0.999903 -0.013910 0.000000 11.301401 0.013910 0.999903 0.000000 -0.187507 0.000000 0.000000 1.000000 0.000000
0.999890 -0.014863 0.000000 11.917907 0.014863 0.999890 0.000000 -0.189124 0.000000 0.000000 1.000000 0.000000
0.999892 -0.014707 0.000000 12.515384 0.014707 0.999892 0.000000 -0.193686 0.000000 0.000000 1.000000 0.000000
0.999892 -0.014730 0.000000 13.140996 0.014730 0.999892 0.000000 -0.196632 0.000000 0.000000 1.000000 0.000000
0.999904 -0.013870 0.000000 13.767841 0.013870 0.999904 0.000000 -0.198799 0.000000 0.000000 1.000000 0.000000
0.999898 -0.014249 0.000000 14.354169 0.014249 0.999898 0.000000 -0.199093 0.000000 0.000000 1.000000 0.000000
0.999863 -0.016548 0.000000 14.982333 0.016548 0.999863 0.000000 -0.202842 0.000000 0.000000 1.000000 0.000000
0.999828 -0.018530 0.000000 15.593342 0.018530 0.999828 0.000000 -0.202240 0.000000 0.000000 1.000000 0.000000
0.999809 -0.019560 0.000000 16.189299 0.019560 0.999809 0.000000 -0.204993 0.000000 0.000000 1.000000 0.000000
0.999811 -0.019457 0.000000 16.813432 0.019457 0.999811 0.000000 -0.208785 0.000000 0.000000 1.000000 0.000000
0.999823 -0.018829 0.000000 17.444875 0.018829 0.999823 0.000000 -0.211549 0.000000 0.000000 1.000000 0.000000
0.999849 -0.017353 0.000000 18.069760 0.017353 0.999849 0.000000 -0.212216 0.000000 0.000000 1.000000 0.000000
0.999901 -0.014077 0.000000 18.661492 0.014077 0.999901 0.000000 -0.211456 0.000000 0.000000 1.000000 0.000000
0.999946 -0.010418 0.000000 19.298432 0.010418 0.999946 0.000000 -0.214041 0.000000 0.000000 1.000000 0.000000
0.999963 -0.008571 0.000000 19.888453 0.008571 0.999963 0.000000 -0.218238 0.000000 0.000000 1.000000 0.000000
0.999967 -0.008127 0.000000 20.518428 0.008127 0.999967 0.000000 -0.224251 0.000000 0.000000 1.000000 0.000000
0.999961 -0.008814 0.000000 21.162196 0.008814 0.999961 0.000000 -0.232790 0.000000 0.000000 1.000000 0.000000
0.999971 -0.007637 0.000000 21.983133 0.007637 0.999971 0.000000 -0.247501 0.000000 0.000000 1.000000 0.000000
0.999984 -0.005683 0.000000 22.619286 0.005683 0.999984 0.000000 -0.252315 0.000000 0.000000 1.000000 0.000000
0.999991 -0.004200 0.000000 23.257283 0.004200 0.999991 0.000000 -0.254538 0.000000 0.000000 1.000000 0.000000
0.999997 -0.002297 0.000000 23.894977 0.002297 0.999997 0.000000 -0.260913 0.000000 0.000000 1.000000 0.000000
0.999999 -0.001548 0.000000 24.525444 0.001548 0.999999 0.000000 -0.271308 0.000000 0.000000 1.000000 0.000000
1.000000 -0.000500 0.000000 25.164516 0.000500 1.000000 0.000000 -0.285388 0.000000 0.000000 1.000000 0.000000
0.999997 0.002272 0.000000 25.801562 -0.002272 0.999997 0.000000 -0.292641 0.000000 0.000000 1.000000 0.000000
0.999987 0.005030 0.000000 26.442533 -0.005030 0.999987 0.000000 -0.302557 0.000000 0.000000 1.000000 0.000000
0.999979 0.006498 0.000000 27.075416 -0.006498 0.999979 0.000000 -0.317784 0.000000 0.000000 1.000000 0.000000
0.999972 0.007478 0.000000 27.715547 -0.007478 0.999972 0.000000 -0.337294 0.000000 0.000000 1.000000 0.000000
0.999961 0.008885 0.000000 28.355442 -0.008885 0.999961 0.000000 -0.350799 0.000000 0.000000 1.000000 0.000000
0.999962 0.008675 0.000000 28.990536 -0.008675 0.999962 0.000000 -0.371249 0.000000 0.000000 1.000000 0.000000
0.999950 0.010013 0.000000 29.630631 -0.010013 0.999950 0.000000 -0.389803 0.000000 0.000000 1.000000 0.000000
0.999949 0.010086 0.000000 30.268910 -0.010086 0.999949 0.000000 -0.411051 0.000000 0.000000 1.000000 0.000000
0.999949 0.010095 0.000000 30.864948 -0.010095 0.999949 0.000000 -0.435710 0.000000 0.000000 1.000000 0.000000
0.999918 0.012784 0.000000 31.509373 -0.012784 0.999918 0.000000 -0.459140 0.000000 0.000000 1.000000 0.000000
0.999889 0.014927 0.000000 32.137692 -0.014927 0.999889 0.000000 -0.480395 0.000000 0.000000 1.000000 0.000000
0.999895 0.014512 0.000000 32.786611 -0.014512 0.999895 0.000000 -0.507582 0.000000 0.000000 1.000000 0.000000
0.999895 0.014481 0.000000 33.426439 -0.014481 0.999895 0.000000 -0.532126 0.000000 0.000000 1.000000 0.000000
0.999885 0.015194 0.000000 34.058018 -0.015194 0.999885 0.000000 -0.555931 0.000000 0.000000 1.000000 0.000000
0.999884 0.015216 0.000000 34.702165 -0.015216 0.999884 0.000000 -0.579710 0.000000 0.000000 1.000000 0.000000
0.999885 0.015144 0.000000 35.350293 -0.015144 0.999885 0.000000 -0.597905 0.000000 0.000000 1.000000 0.000000
0.999863 0.016573 0.000000 35.999207 -0.016573 0.999863 0.000000 -0.620587 0.000000 0.000000 1.000000 0.000000
0.999833 0.018250 0.000000 36.638162 -0.018250 0.999833 0.000000 -0.643926 0.000000 0.000000 1.000000 0.000000
0.999839 0.017959 0.000000 37.293676 -0.017959 0.999839 0.000000 -0.673406 0.000000 0.000000 1.000000 0.000000
0.999844 0.017659 0.000000 37.905426 -0.017659 0.999844 0.000000 -0.700889 0.000000 0.000000 1.000000 0.000000
0.999855 0.017022 0.000000 38.558110 -0.017022 0.999855 0.000000 -0.726254 0.000000 0.000000 1.000000 0.000000
0.999869 0.016205 0.000000 39.208836 -0.016205 0.999869 0.000000 -0.753818 0.000000 0.000000 1.000000 0.000000
0.999865 0.016424 0.000000 39.867643 -0.016424 0.999865 0.000000 -0.779710 0.000000 0.000000 1.000000 0.000000
0.999910 0.013445 0.000000 40.519911 -0.013445 0.999910 0.000000 -0.809530 0.000000 0.000000 1.000000 0.000000
0.999923 0.012378 0.000000 41.163965 -0.012378 0.999923 0.000000 -0.834562 0.000000 0.000000 1.000000 0.000000
0.999914 0.013098 0.000000 41.779029 -0.013098 0.999914 0.000000 -0.853495 0.000000 0.000000 1.000000 0.000000
0.999887 0.015052 0.000000 42.435149 -0.015052 0.999887 0.000000 -0.871704 0.000000 0.000000 1.000000 0.000000
0.999849 0.017380 0.000000 43.087844 -0.017380 0.999849 0.000000 -0.896614 0.000000 0.000000 1.000000 0.000000
0.999824 0.018757 0.000000 43.746245 -0.018757 0.999824 0.000000 -0.922417 0.000000 0.000000 1.000000 0.000000
0.999846 0.017545 0.000000 44.404856 -0.017545 0.999846 0.000000 -0.948330 0.000000 0.000000 1.000000 0.000000
0.999881 0.015415 0.000000 45.061148 -0.015415 0.999881 0.000000 -0.970562 0.000000 0.000000 1.000000 0.000000
0.999859 0.016807 0.000000 46.078591 -0.016807 0.999859 0.000000 -1.017809 0.000000 0.000000 1.000000 0.000000
0.999876 0.015758 0.000000 46.763252 -0.015758 0.999876 0.000000 -1.044611 0.000000 0.000000 1.000000 0.000000
0.999885 0.015135 0.000000 47.393531 -0.015135 0.999885 0.000000 -1.068385 0.000000 0.000000 1.000000 0.000000
0.999885 0.015160 0.000000 48.047813 -0.015160 0.999885 0.000000 -1.096422 0.000000 0.000000 1.000000 0.000000
0.999878 0.015621 0.000000 48.700351 -0.015621 0.999878 0.000000 -1.125741 0.000000 0.000000 1.000000 0.000000
0.999889 0.014889 0.000000 49.355054 -0.014889 0.999889 0.000000 -1.151200 0.000000 0.000000 1.000000 0.000000
0.999907 0.013627 0.000000 50.005394 -0.013627 0.999907 0.000000 -1.177371 0.000000 0.000000 1.000000 0.000000
0.999913 0.013217 0.000000 50.651302 -0.013217 0.999913 0.000000 -1.202880 0.000000 0.000000 1.000000 0.000000
0.999938 0.011155 0.000000 51.978968 -0.011155 0.999938 0.000000 -1.246687 0.000000 0.000000 1.000000 0.000000
0.999964 0.008501 0.000000 52.625675 -0.008501 0.999964 0.000000 -1.265051 0.000000 0.000000 1.000000 0.000000
0.999982 0.005937 0.000000 53.257013 -0.005937 0.999982 0.000000 -1.282978 0.000000 0.000000 1.000000 0.000000
0.999982 0.006032 0.000000 53.893829 -0.006032 0.999982 0.000000 -1.304413 0.000000 0.000000 1.000000 0.000000
0.999974 0.007176 0.000000 54.529023 -0.007176 0.999974 0.000000 -1.327382 0.000000 0.000000 1.000000 0.000000
0.999974 0.007151 0.000000 55.202581 -0.007151 0.999974 0.000000 -1.352052 0.000000 0.000000 1.000000 0.000000
0.999974 0.007160 0.000000 55.834834 -0.007160 0.999974 0.000000 -1.370041 0.000000 0.000000 1.000000 0.000000
0.999963 0.008605 0.000000 56.436198 -0.008605 0.999963 0.000000 -1.386944 0.000000 0.000000 1.000000 0.000000
0.999953 0.009646 0.000000 57.063298 -0.009646 0.999953 0.000000 -1.409063 0.000000 0.000000 1.000000 0.000000
0.999944 0.010567 0.000000 57.651001 -0.010567 0.999944 0.000000 -1.433151 0.000000 0.000000 1.000000 0.000000
0.999935 0.011403 0.000000 58.282738 -0.011403 0.999935 0.000000 -1.460956 0.000000 0.000000 1.000000 0.000000
0.999934 0.011525 0.000000 58.908758 -0.011525 0.999934 0.000000 -1.489961 0.000000 0.000000 1.000000 0.000000
0.999934 0.011453 0.000000 59.488043 -0.011453 0.999934 0.000000 -1.517469 0.000000 0.000000 1.000000 0.000000
0.999940 0.010918 0.000000 60.110003 -0.010918 0.999940 0.000000 -1.546658 0.000000 0.000000 1.000000 0.000000
0.999945 0.010453 0.000000 60.724165 -0.010453 0.999945 0.000000 -1.577038 0.000000 0.000000 1.000000 0.000000
0.999944 0.010577 0.000000 61.295156 -0.010577 0.999944 0.000000 -1.605687 0.000000 0.000000 1.000000 0.000000
0.999945 0.010469 0.000000 61.906520 -0.010469 0.999945 0.000000 -1.636114 0.000000 0.000000 1.000000 0.000000
0.999923 0.012391 0.000000 62.477801 -0.012391 0.999923 0.000000 -1.657586 0.000000 0.000000 1.000000 0.000000
0.999889 0.014918 0.000000 63.083555 -0.014918 0.999889 0.000000 -1.681548 0.000000 0.000000 1.000000 0.000000
0.999881 0.015401 0.000000 63.686725 -0.015401 0.999881 0.000000 -1.709652 0.000000 0.000000 1.000000 0.000000
0.999866 0.016359 0.000000 64.523542 -0.016359 0.999866 0.000000 -1.750312 0.000000 0.000000 1.000000 0.000000
0.999846 0.017522 0.000000 65.118427 -0.017522 0.999846 0.000000 -1.780713 0.000000 0.000000 1.000000 0.000000
0.999855 0.017016 0.000000 65.713649 -0.017016 0.999855 0.000000 -1.810603 0.000000 0.000000 1.000000 0.000000
0.999888 0.014953 0.000000 66.310324 -0.014953 0.999888 0.000000 -1.835778 0.000000 0.000000 1.000000 0.000000
0.999903 0.013902 0.000000 66.901610 -0.013902 0.999903 0.000000 -1.857270 0.000000 0.000000 1.000000 0.000000
0.999935 0.011376 0.000000 67.489619 -0.011376 0.999935 0.000000 -1.878633 0.000000 0.000000 1.000000 0.000000
0.999942 0.010732 0.000000 68.112461 -0.010732 0.999942 0.000000 -1.899543 0.000000 0.000000 1.000000 0.000000
0.999945 0.010473 0.000000 68.703603 -0.010473 0.999945 0.000000 -1.918652 0.000000 0.000000 1.000000 0.000000
0.999942 0.010743 0.000000 69.290214 -0.010743 0.999942 0.000000 -1.941573 0.000000 0.000000 1.000000 0.000000
0.999934 0.011491 0.000000 70.460405 -0.011491 0.999934 0.000000 -1.987145 0.000000 0.000000 1.000000 0.000000
0.999936 0.011316 0.000000 71.043367 -0.011316 0.999936 0.000000 -2.008756 0.000000 0.000000 1.000000 0.000000
0.999916 0.012964 0.000000 71.622040 -0.012964 0.999916 0.000000 -2.034789 0.000000 0.000000 1.000000 0.000000
0.999903 0.013918 0.000000 72.196555 -0.013918 0.999903 0.000000 -2.066171 0.000000 0.000000 1.000000 0.000000
0.999890 0.014850 0.000000 72.775414 -0.014850 0.999890 0.000000 -2.094861 0.000000 0.000000 1.000000 0.000000
0.999874 0.015896 0.000000 73.348225 -0.015896 0.999874 0.000000 -2.124179 0.000000 0.000000 1.000000 0.000000
0.999893 0.014619 0.000000 73.912807 -0.014619 0.999893 0.000000 -2.154135 0.000000 0.000000 1.000000 0.000000
0.999911 0.013321 0.000000 74.476716 -0.013321 0.999911 0.000000 -2.182348 0.000000 0.000000 1.000000 0.000000
0.999908 0.013540 0.000000 75.040278 -0.013540 0.999908 0.000000 -2.212214 0.000000 0.000000 1.000000 0.000000
0.999899 0.014227 0.000000 75.595869 -0.014227 0.999899 0.000000 -2.241567 0.000000 0.000000 1.000000 0.000000
0.999898 0.014271 0.000000 76.147511 -0.014271 0.999898 0.000000 -2.270843 0.000000 0.000000 1.000000 0.000000
0.999898 0.014262 0.000000 76.694481 -0.014262 0.999898 0.000000 -2.299679 0.000000 0.000000 1.000000 0.000000
0.999883 0.015310 0.000000 77.240438 -0.015310 0.999883 0.000000 -2.330789 0.000000 0.000000 1.000000 0.000000
0.999854 0.017099 0.000000 77.754792 -0.017099 0.999854 0.000000 -2.356386 0.000000 0.000000 1.000000 0.000000
0.999816 0.019184 0.000000 78.298460 -0.019184 0.999816 0.000000 -2.380941 0.000000 0.000000 1.000000 0.000000
0.999759 0.021967 0.000000 78.818778 -0.021967 0.999759 0.000000 -2.402475 0.000000 0.000000 1.000000 0.000000
0.999729 0.023263 0.000000 79.326846 -0.023263 0.999729 0.000000 -2.423576 0.000000 0.000000 1.000000 0.000000
0.999740 0.022823 0.000000 79.862104 -0.022823 0.999740 0.000000 -2.456304 0.000000 0.000000 1.000000 0.000000
0.999742 0.022710 0.000000 80.390406 -0.022710 0.999742 0.000000 -2.485072 0.000000 0.000000 1.000000 0.000000
0.999732 0.023142 0.000000 80.876525 -0.023142 0.999732 0.000000 -2.512732 0.000000 0.000000 1.000000 0.000000
0.999696 0.024654 0.000000 81.403459 -0.024654 0.999696 0.000000 -2.544442 0.000000 0.000000 1.000000 0.000000
0.999675 0.025509 0.000000 81.916621 -0.025509 0.999675 0.000000 -2.573789 0.000000 0.000000 1.000000 0.000000
0.999683 0.025195 0.000000 82.401166 -0.025195 0.999683 0.000000 -2.601505 0.000000 0.000000 1.000000 0.000000
0.999660 0.026068 0.000000 82.922574 -0.026068 0.999660 0.000000 -2.628961 0.000000 0.000000 1.000000 0.000000
0.999618 0.027641 0.000000 83.433510 -0.027641 0.999618 0.000000 -2.656223 0.000000 0.000000 1.000000 0.000000
0.999582 0.028902 0.000000 83.909333 -0.028902 0.999582 0.000000 -2.687154 0.000000 0.000000 1.000000 0.000000
0.999575 0.029167 0.000000 84.417122 -0.029167 0.999575 0.000000 -2.722140 0.000000 0.000000 1.000000 0.000000
0.999548 0.030052 0.000000 84.891708 -0.030052 0.999548 0.000000 -2.755559 0.000000 0.000000 1.000000 0.000000
0.999512 0.031249 0.000000 85.392954 -0.031249 0.999512 0.000000 -2.789894 0.000000 0.000000 1.000000 0.000000
0.999523 0.030884 0.000000 86.049309 -0.030884 0.999523 0.000000 -2.833380 0.000000 0.000000 1.000000 0.000000
0.999528 0.030711 0.000000 86.541803 -0.030711 0.999528 0.000000 -2.863886 0.000000 0.000000 1.000000 0.000000
0.999511 0.031277 0.000000 87.036963 -0.031277 0.999511 0.000000 -2.889476 0.000000 0.000000 1.000000 0.000000
0.999505 0.031456 0.000000 87.524958 -0.031456 0.999505 0.000000 -2.914677 0.000000 0.000000 1.000000 0.000000
0.999542 0.030269 0.000000 88.007813 -0.030269 0.999542 0.000000 -2.946102 0.000000 0.000000 1.000000 0.000000
0.999573 0.029215 0.000000 88.489208 -0.029215 0.999573 0.000000 -2.979984 0.000000 0.000000 1.000000 0.000000
0.999536 0.030459 0.000000 88.959540 -0.030459 0.999536 0.000000 -3.011506 0.000000 0.000000 1.000000 0.000000
0.999355 0.035905 0.000000 89.909475 -0.035905 0.999355 0.000000 -3.077091 0.000000 0.000000 1.000000 0.000000
0.999269 0.038223 0.000000 90.377727 -0.038223 0.999269 0.000000 -3.112805 0.000000 0.000000 1.000000 0.000000
0.999157 0.041045 0.000000 90.847037 -0.041045 0.999157 0.000000 -3.150517 0.000000 0.000000 1.000000 0.000000
0.999049 0.043608 0.000000 91.311036 -0.043608 0.999049 0.000000 -3.191637 0.000000 0.000000 1.000000 0.000000
0.998955 0.045703 0.000000 91.785305 -0.045703 0.998955 0.000000 -3.234183 0.000000 0.000000 1.000000 0.000000
0.998854 0.047868 0.000000 92.247700 -0.047868 0.998854 0.000000 -3.277638 0.000000 0.000000 1.000000 0.000000
0.998743 0.050134 0.000000 92.712755 -0.050134 0.998743 0.000000 -3.321418 0.000000 0.000000 1.000000 0.000000
0.998517 0.054441 0.000000 93.168089 -0.054441 0.998517 0.000000 -3.359489 0.000000 0.000000 1.000000 0.000000
0.998271 0.058777 0.000000 93.622477 -0.058777 0.998271 0.000000 -3.399637 0.000000 0.000000 1.000000 0.000000
0.998116 0.061356 0.000000 94.071891 -0.061356 0.998116 0.000000 -3.442966 0.000000 0.000000 1.000000 0.000000
0.997983 0.063478 0.000000 94.492031 -0.063478 0.997983 0.000000 -3.486595 0.000000 0.000000 1.000000 0.000000
0.997880 0.065077 0.000000 94.932054 -0.065077 0.997880 0.000000 -3.532911 0.000000 0.000000 1.000000 0.000000
0.997833 0.065798 0.000000 95.369758 -0.065798 0.997833 0.000000 -3.581200 0.000000 0.000000 1.000000 0.000000
0.997729 0.067353 0.000000 95.803348 -0.067353 0.997729 0.000000 -3.631590 0.000000 0.000000 1.000000 0.000000
0.997564 0.069754 0.000000 96.231333 -0.069754 0.997564 0.000000 -3.674783 0.000000 0.000000 1.000000 0.000000
0.997285 0.073635 0.000000 96.652010 -0.073635 0.997285 0.000000 -3.718184 0.000000 0.000000 1.000000 0.000000
0.996840 0.079433 0.000000 97.068128 -0.079433 0.996840 0.000000 -3.760974 0.000000 0.000000 1.000000 0.000000
0.996625 0.082095 0.000000 97.473683 -0.082095 0.996625 0.000000 -3.804768 0.000000 0.000000 1.000000 0.000000
0.996696 0.081222 0.000000 97.879212 -0.081222 0.996696 0.000000 -3.853921 0.000000 0.000000 1.000000 0.000000
0.996675 0.081477 0.000000 98.283813 -0.081477 0.996675 0.000000 -3.905071 0.000000 0.000000 1.000000 0.000000
0.996599 0.082408 0.000000 98.673650 -0.082408 0.996599 0.000000 -3.957311 0.000000 0.000000 1.000000 0.000000
0.996416 0.084593 0.000000 99.071494 -0.084593 0.996416 0.000000 -4.013900 0.000000 0.000000 1.000000 0.000000
0.995926 0.090178 0.000000 99.453341 -0.090178 0.995926 0.000000 -4.057991 0.000000 0.000000 1.000000 0.000000
0.995711 0.092517 0.000000 99.851041 -0.092517 0.995711 0.000000 -4.108153 0.000000 0.000000 1.000000 0.000000
0.995631 0.093379 0.000000 100.242510 -0.093379 0.995631 0.000000 -4.162934 0.000000 0.000000 1.000000 0.000000
0.995320 0.096632 0.000000 100.615948 -0.096632 0.995320 0.000000 -4.209412 0.000000 0.000000 1.000000 0.000000
0.994908 0.100788 0.000000 101.020947 -0.100788 0.994908 0.000000 -4.260532 0.000000 0.000000 1.000000 0.000000
0.994485 0.104879 0.000000 101.418271 -0.104879 0.994485 0.000000 -4.311734 0.000000 0.000000 1.000000 0.000000
0.994074 0.108709 0.000000 101.982667 -0.108709 0.994074 0.000000 -4.393597 0.000000 0.000000 1.000000 0.000000
0.993848 0.110753 0.000000 102.393096 -0.110753 0.993848 0.000000 -4.458015 0.000000 0.000000 1.000000 0.000000
0.993622 0.112760 0.000000 102.805549 -0.112760 0.993622 0.000000 -4.519710 0.000000 0.000000 1.000000 0.000000
0.993367 0.114985 0.000000 103.223073 -0.114985 0.993367 0.000000 -4.581344 0.000000 0.000000 1.000000 0.000000
0.993140 0.116935 0.000000 103.639171 -0.116935 0.993140 0.000000 -4.642000 0.000000 0.000000 1.000000 0.000000
0.993042 0.117764 0.000000 104.054135 -0.117764 0.993042 0.000000 -4.703948 0.000000 0.000000 1.000000 0.000000
0.992902 0.118939 0.000000 104.472453 -0.118939 0.992902 0.000000 -4.768907 0.000000 0.000000 1.000000 0.000000
0.992401 0.123045 0.000000 104.889045 -0.123045 0.992401 0.000000 -4.832588 0.000000 0.000000 1.000000 0.000000
0.991725 0.128382 0.000000 105.620303 -0.128382 0.991725 0.000000 -4.954538 0.000000 0.000000 1.000000 0.000000
0.991811 0.127713 0.000000 106.044717 -0.127713 0.991811 0.000000 -5.028113 0.000000 0.000000 1.000000 0.000000
0.991820 0.127643 0.000000 106.478945 -0.127643 0.991820 0.000000 -5.097812 0.000000 0.000000 1.000000 0.000000
0.991804 0.127766 0.000000 106.911665 -0.127766 0.991804 0.000000 -5.165759 0.000000 0.000000 1.000000 0.000000
0.991687 0.128671 0.000000 107.344844 -0.128671 0.991687 0.000000 -5.227461 0.000000 0.000000 1.000000 0.000000
0.991412 0.130774 0.000000 107.778480 -0.130774 0.991412 0.000000 -5.285082 0.000000 0.000000 1.000000 0.000000
0.991445 0.130527 0.000000 108.218173 -0.130527 0.991445 0.000000 -5.350751 0.000000 0.000000 1.000000 0.000000
0.991496 0.130140 0.000000 108.656729 -0.130140 0.991496 0.000000 -5.416565 0.000000 0.000000 1.000000 0.000000
0.991487 0.130203 0.000000 109.103658 -0.130203 0.991487 0.000000 -5.488366 0.000000 0.000000 1.000000 0.000000
0.991264 0.131895 0.000000 109.552829 -0.131895 0.991264 0.000000 -5.562356 0.000000 0.000000 1.000000 0.000000
0.990986 0.133962 0.000000 109.997230 -0.133962 0.990986 0.000000 -5.636519 0.000000 0.000000 1.000000 0.000000
0.991037 0.133585 0.000000 110.817164 -0.133585 0.991037 0.000000 -5.774034 0.000000 0.000000 1.000000 0.000000
0.990908 0.134539 0.000000 111.272186 -0.134539 0.990908 0.000000 -5.846255 0.000000 0.000000 1.000000 0.000000
0.990689 0.136146 0.000000 111.729593 -0.136146 0.990689 0.000000 -5.921968 0.000000 0.000000 1.000000 0.000000
0.990545 0.137189 0.000000 112.189279 -0.137189 0.990545 0.000000 -6.008825 0.000000 0.000000 1.000000 0.000000
0.990295 0.138982 0.000000 112.646512 -0.138982 0.990295 0.000000 -6.094126 0.000000 0.000000 1.000000 0.000000
0.990133 0.140129 0.000000 113.106036 -0.140129 0.990133 0.000000 -6.179820 0.000000 0.000000 1.000000 0.000000
0.989786 0.142562 0.000000 113.569662 -0.142562 0.989786 0.000000 -6.264935 0.000000 0.000000 1.000000 0.000000
0.989155 0.146878 0.000000 114.038577 -0.146878 0.989155 0.000000 -6.348838 0.000000 0.000000 1.000000 0.000000
0.988454 0.151519 0.000000 114.539179 -0.151519 0.988454 0.000000 -6.439313 0.000000 0.000000 1.000000 0.000000
0.988118 0.153694 0.000000 114.976688 -0.153694 0.988118 0.000000 -6.519618 0.000000 0.000000 1.000000 0.000000
0.987956 0.154736 0.000000 115.477513 -0.154736 0.987956 0.000000 -6.614309 0.000000 0.000000 1.000000 0.000000
0.987737 0.156126 0.000000 115.946493 -0.156126 0.987737 0.000000 -6.700855 0.000000 0.000000 1.000000 0.000000
0.987924 0.154938 0.000000 116.414666 -0.154938 0.987924 0.000000 -6.787342 0.000000 0.000000 1.000000 0.000000
0.988034 0.154237 0.000000 116.878559 -0.154237 0.988034 0.000000 -6.879501 0.000000 0.000000 1.000000 0.000000
0.987711 0.156288 0.000000 117.348319 -0.156288 0.987711 0.000000 -6.966650 0.000000 0.000000 1.000000 0.000000
0.987287 0.158949 0.000000 117.818007 -0.158949 0.987287 0.000000 -7.055924 0.000000 0.000000 1.000000 0.000000
0.986404 0.164336 0.000000 118.290792 -0.164336 0.986404 0.000000 -7.142412 0.000000 0.000000 1.000000 0.000000
0.985513 0.169602 0.000000 118.764414 -0.169602 0.985513 0.000000 -7.229031 0.000000 0.000000 1.000000 0.000000
0.985156 0.171664 0.000000 119.217708 -0.171664 0.985156 0.000000 -7.315961 0.000000 0.000000 1.000000 0.000000
0.984783 0.173789 0.000000 119.703145 -0.173789 0.984783 0.000000 -7.408256 0.000000 0.000000 1.000000 0.000000
0.984401 0.175941 0.000000 120.184801 -0.175941 0.984401 0.000000 -7.504471 0.000000 0.000000 1.000000 0.000000
0.984224 0.176926 0.000000 120.976372 -0.176926 0.984224 0.000000 -7.669153 0.000000 0.000000 1.000000 0.000000
0.984676 0.174395 0.000000 121.457534 -0.174395 0.984676 0.000000 -7.773087 0.000000 0.000000 1.000000 0.000000
0.986456 0.164028 0.000000 122.436254 -0.164028 0.986456 0.000000 -7.987512 0.000000 0.000000 1.000000 0.000000
0.987173 0.159656 0.000000 122.928108 -0.159656 0.987173 0.000000 -8.092789 0.000000 0.000000 1.000000 0.000000
0.987580 0.157117 0.000000 123.422371 -0.157117 0.987580 0.000000 -8.190269 0.000000 0.000000 1.000000 0.000000
0.987899 0.155100 0.000000 123.918070 -0.155100 0.987899 0.000000 -8.282525 0.000000 0.000000 1.000000 0.000000
0.987878 0.155230 0.000000 124.423699 -0.155230 0.987878 0.000000 -8.373246 0.000000 0.000000 1.000000 0.000000
0.987966 0.154671 0.000000 124.925844 -0.154671 0.987966 0.000000 -8.455440 0.000000 0.000000 1.000000 0.000000
0.988359 0.152137 0.000000 125.466316 -0.152137 0.988359 0.000000 -8.552116 0.000000 0.000000 1.000000 0.000000
0.988006 0.154414 0.000000 125.953331 -0.154414 0.988006 0.000000 -8.634884 0.000000 0.000000 1.000000 0.000000
0.987796 0.155754 0.000000 126.463856 -0.155754 0.987796 0.000000 -8.720608 0.000000 0.000000 1.000000 0.000000
0.987726 0.156196 0.000000 126.984135 -0.156196 0.987726 0.000000 -8.808160 0.000000 0.000000 1.000000 0.000000
0.987737 0.156129 0.000000 127.467755 -0.156129 0.987737 0.000000 -8.895415 0.000000 0.000000 1.000000 0.000000
0.987783 0.155837 0.000000 127.981930 -0.155837 0.987783 0.000000 -8.990950 0.000000 0.000000 1.000000 0.000000
0.987639 0.156747 0.000000 128.507610 -0.156747 0.987639 0.000000 -9.084997 0.000000 0.000000 1.000000 0.000000
0.987673 0.156531 0.000000 128.997164 -0.156531 0.987673 0.000000 -9.166014 0.000000 0.000000 1.000000 0.000000
0.987834 0.155510 0.000000 129.522732 -0.155510 0.987834 0.000000 -9.256207 0.000000 0.000000 1.000000 0.000000
0.987378 0.158379 0.000000 130.056117 -0.158379 0.987378 0.000000 -9.353279 0.000000 0.000000 1.000000 0.000000
0.986894 0.161371 0.000000 130.682638 -0.161371 0.986894 0.000000 -9.460731 0.000000 0.000000 1.000000 0.000000
0.986113 0.166075 0.000000 131.251025 -0.166075 0.986113 0.000000 -9.555139 0.000000 0.000000 1.000000 0.000000
0.985177 0.171539 0.000000 131.751112 -0.171539 0.985177 0.000000 -9.650775 0.000000 0.000000 1.000000 0.000000
0.984711 0.174199 0.000000 132.284248 -0.174199 0.984711 0.000000 -9.755202 0.000000 0.000000 1.000000 0.000000
0.983926 0.178575 0.000000 132.820008 -0.178575 0.983926 0.000000 -9.859691 0.000000 0.000000 1.000000 0.000000
0.983678 0.179938 0.000000 133.358896 -0.179938 0.983678 0.000000 -9.968704 0.000000 0.000000 1.000000 0.000000
0.982926 0.184000 0.000000 137.189780 -0.184000 0.982926 0.000000 -10.773605 0.000000 0.000000 1.000000 0.000000
0.983464 0.181105 0.000000 137.696335 -0.181105 0.983464 0.000000 -10.878652 0.000000 0.000000 1.000000 0.000000
0.984492 0.175430 0.000000 138.842879 -0.175430 0.984492 0.000000 -11.135159 0.000000 0.000000 1.000000 0.000000
0.983837 0.179069 0.000000 139.963720 -0.179069 0.983837 0.000000 -11.379502 0.000000 0.000000 1.000000 0.000000
0.983672 0.179973 0.000000 140.528072 -0.179973 0.983672 0.000000 -11.501621 0.000000 0.000000 1.000000 0.000000
0.983599 0.180370 0.000000 141.089122 -0.180370 0.983599 0.000000 -11.626096 0.000000 0.000000 1.000000 0.000000
0.983692 0.179861 0.000000 141.653976 -0.179861 0.983692 0.000000 -11.753441 0.000000 0.000000 1.000000 0.000000
0.984043 0.177932 0.000000 142.217045 -0.177932 0.984043 0.000000 -11.886973 0.000000 0.000000 1.000000 0.000000
0.984083 0.177711 0.000000 142.787413 -0.177711 0.984083 0.000000 -12.009193 0.000000 0.000000 1.000000 0.000000
0.983598 0.180377 0.000000 143.360146 -0.180377 0.983598 0.000000 -12.130686 0.000000 0.000000 1.000000 0.000000
0.983577 0.180489 0.000000 143.940018 -0.180489 0.983577 0.000000 -12.254955 0.000000 0.000000 1.000000 0.000000
0.983651 0.180085 0.000000 144.511119 -0.180085 0.983651 0.000000 -12.386068 0.000000 0.000000 1.000000 0.000000
0.982783 0.184764 0.000000 145.424702 -0.184764 0.982783 0.000000 -12.583317 0.000000 0.000000 1.000000 0.000000
0.982260 0.187526 0.000000 146.003567 -0.187526 0.982260 0.000000 -12.715675 0.000000 0.000000 1.000000 0.000000
0.981917 0.189311 0.000000 146.579217 -0.189311 0.981917 0.000000 -12.849825 0.000000 0.000000 1.000000 0.000000
0.981053 0.193738 0.000000 147.158246 -0.193738 0.981053 0.000000 -12.973628 0.000000 0.000000 1.000000 0.000000
0.980105 0.198482 0.000000 147.774512 -0.198482 0.980105 0.000000 -13.109198 0.000000 0.000000 1.000000 0.000000
0.979615 0.200886 0.000000 148.310358 -0.200886 0.979615 0.000000 -13.233278 0.000000 0.000000 1.000000 0.000000
0.979400 0.201927 0.000000 148.921106 -0.201927 0.979400 0.000000 -13.380930 0.000000 0.000000 1.000000 0.000000
0.979281 0.202507 0.000000 149.492699 -0.202507 0.979281 0.000000 -13.518605 0.000000 0.000000 1.000000 0.000000
0.979003 0.203846 0.000000 150.069671 -0.203846 0.979003 0.000000 -13.647275 0.000000 0.000000 1.000000 0.000000
0.978582 0.205858 0.000000 150.645718 -0.205858 0.978582 0.000000 -13.772606 0.000000 0.000000 1.000000 0.000000
0.978538 0.206069 0.000000 151.219436 -0.206069 0.978538 0.000000 -13.905451 0.000000 0.000000 1.000000 0.000000
0.978675 0.205416 0.000000 151.789957 -0.205416 0.978675 0.000000 -14.037341 0.000000 0.000000 1.000000 0.000000
0.978520 0.206152 0.000000 152.354179 -0.206152 0.978520 0.000000 -14.163616 0.000000 0.000000 1.000000 0.000000
0.978481 0.206337 0.000000 152.914489 -0.206337 0.978481 0.000000 -14.293235 0.000000 0.000000 1.000000 0.000000
0.978245 0.207454 0.000000 153.487498 -0.207454 0.978245 0.000000 -14.422601 0.000000 0.000000 1.000000 0.000000
0.977729 0.209871 0.000000 154.059033 -0.209871 0.977729 0.000000 -14.551671 0.000000 0.000000 1.000000 0.000000
0.977056 0.212982 0.000000 155.191035 -0.212982 0.977056 0.000000 -14.817413 0.000000 0.000000 1.000000 0.000000
0.977183 0.212400 0.000000 155.756318 -0.212400 0.977183 0.000000 -14.957969 0.000000 0.000000 1.000000 0.000000
0.976858 0.213890 0.000000 156.290513 -0.213890 0.976858 0.000000 -15.081660 0.000000 0.000000 1.000000 0.000000
0.975922 0.218120 0.000000 156.873482 -0.218120 0.975922 0.000000 -15.209703 0.000000 0.000000 1.000000 0.000000
0.975769 0.218803 0.000000 157.425153 -0.218803 0.975769 0.000000 -15.336317 0.000000 0.000000 1.000000 0.000000
0.975994 0.217795 0.000000 158.530300 -0.217795 0.975994 0.000000 -15.607637 0.000000 0.000000 1.000000 0.000000
0.976019 0.217684 0.000000 159.098177 -0.217684 0.976019 0.000000 -15.741515 0.000000 0.000000 1.000000 0.000000
0.975843 0.218473 0.000000 159.634862 -0.218473 0.975843 0.000000 -15.870141 0.000000 0.000000 1.000000 0.000000
0.975860 0.218397 0.000000 160.200545 -0.218397 0.975860 0.000000 -16.003325 0.000000 0.000000 1.000000 0.000000
0.975705 0.219088 0.000000 160.771165 -0.219088 0.975705 0.000000 -16.137972 0.000000 0.000000 1.000000 0.000000
0.975044 0.222013 0.000000 161.310976 -0.222013 0.975044 0.000000 -16.257428 0.000000 0.000000 1.000000 0.000000
0.974142 0.225938 0.000000 162.072473 -0.225938 0.974142 0.000000 -16.430606 0.000000 0.000000 1.000000 0.000000
0.973634 0.228117 0.000000 162.641395 -0.228117 0.973634 0.000000 -16.560696 0.000000 0.000000 1.000000 0.000000
0.972717 0.231997 0.000000 163.211574 -0.231997 0.972717 0.000000 -16.694992 0.000000 0.000000 1.000000 0.000000
0.972023 0.234884 0.000000 163.822804 -0.234884 0.972023 0.000000 -16.841693 0.000000 0.000000 1.000000 0.000000
0.972318 0.233663 0.000000 164.356369 -0.233663 0.972318 0.000000 -16.981752 0.000000 0.000000 1.000000 0.000000
0.972148 0.234368 0.000000 164.966823 -0.234368 0.972148 0.000000 -17.138942 0.000000 0.000000 1.000000 0.000000
0.971789 0.235850 0.000000 165.541325 -0.235850 0.971789 0.000000 -17.281287 0.000000 0.000000 1.000000 0.000000
0.971341 0.237692 0.000000 166.115981 -0.237692 0.971341 0.000000 -17.420562 0.000000 0.000000 1.000000 0.000000
0.971022 0.238991 0.000000 166.695604 -0.238991 0.971022 0.000000 -17.573686 0.000000 0.000000 1.000000 0.000000
0.971705 0.236199 0.000000 167.260721 -0.236199 0.971705 0.000000 -17.731007 0.000000 0.000000 1.000000 0.000000
0.971805 0.235785 0.000000 167.832837 -0.235785 0.971805 0.000000 -17.881959 0.000000 0.000000 1.000000 0.000000
0.972138 0.234407 0.000000 168.398754 -0.234407 0.972138 0.000000 -18.035494 0.000000 0.000000 1.000000 0.000000
0.973273 0.229652 0.000000 168.967099 -0.229652 0.973273 0.000000 -18.197545 0.000000 0.000000 1.000000 0.000000
0.974391 0.224862 0.000000 169.536804 -0.224862 0.974391 0.000000 -18.354839 0.000000 0.000000 1.000000 0.000000
0.974641 0.223772 0.000000 170.113082 -0.223772 0.974641 0.000000 -18.501054 0.000000 0.000000 1.000000 0.000000
0.974777 0.223180 0.000000 170.682164 -0.223180 0.974777 0.000000 -18.651965 0.000000 0.000000 1.000000 0.000000
0.974779 0.223172 0.000000 171.255519 -0.223172 0.974779 0.000000 -18.793186 0.000000 0.000000 1.000000 0.000000
0.974428 0.224700 0.000000 171.792464 -0.224700 0.974428 0.000000 -18.927907 0.000000 0.000000 1.000000 0.000000
0.974411 0.224774 0.000000 172.407691 -0.224774 0.974411 0.000000 -19.079037 0.000000 0.000000 1.000000 0.000000
0.974436 0.224664 0.000000 172.945655 -0.224664 0.974436 0.000000 -19.210270 0.000000 0.000000 1.000000 0.000000
0.974172 0.225805 0.000000 173.522546 -0.225805 0.974172 0.000000 -19.349130 0.000000 0.000000 1.000000 0.000000
0.973523 0.228590 0.000000 174.104566 -0.228590 0.973523 0.000000 -19.490081 0.000000 0.000000 1.000000 0.000000
0.972209 0.234115 0.000000 174.685169 -0.234115 0.972209 0.000000 -19.629528 0.000000 0.000000 1.000000 0.000000
0.970947 0.239295 0.000000 175.263622 -0.239295 0.970947 0.000000 -19.775950 0.000000 0.000000 1.000000 0.000000
0.970739 0.240136 0.000000 175.836207 -0.240136 0.970739 0.000000 -19.918753 0.000000 0.000000 1.000000 0.000000
0.970667 0.240429 0.000000 176.411106 -0.240429 0.970667 0.000000 -20.067277 0.000000 0.000000 1.000000 0.000000
0.970415 0.241444 0.000000 176.986262 -0.241444 0.970415 0.000000 -20.214195 0.000000 0.000000 1.000000 0.000000
0.969882 0.243577 0.000000 177.567407 -0.243577 0.969882 0.000000 -20.362538 0.000000 0.000000 1.000000 0.000000
0.969766 0.244038 0.000000 178.148885 -0.244038 0.969766 0.000000 -20.513347 0.000000 0.000000 1.000000 0.000000
0.970082 0.242779 0.000000 178.715008 -0.242779 0.970082 0.000000 -20.665859 0.000000 0.000000 1.000000 0.000000
0.969889 0.243547 0.000000 179.294641 -0.243547 0.969889 0.000000 -20.820415 0.000000 0.000000 1.000000 0.000000
0.969344 0.245708 0.000000 179.869506 -0.245708 0.969344 0.000000 -20.969436 0.000000 0.000000 1.000000 0.000000
0.969222 0.246190 0.000000 180.413988 -0.246190 0.969222 0.000000 -21.111627 0.000000 0.000000 1.000000 0.000000
0.968686 0.248290 0.000000 180.987711 -0.248290 0.968686 0.000000 -21.267518 0.000000 0.000000 1.000000 0.000000
0.967975 0.251048 0.000000 181.567980 -0.251048 0.967975 0.000000 -21.424810 0.000000 0.000000 1.000000 0.000000
0.968223 0.250090 0.000000 182.122950 -0.250090 0.968223 0.000000 -21.573864 0.000000 0.000000 1.000000 0.000000
0.968176 0.250269 0.000000 182.691488 -0.250269 0.968176 0.000000 -21.728389 0.000000 0.000000 1.000000 0.000000
0.968113 0.250515 0.000000 183.263126 -0.250515 0.968113 0.000000 -21.885115 0.000000 0.000000 1.000000 0.000000
0.968538 0.248864 0.000000 183.803073 -0.248864 0.968538 0.000000 -22.031859 0.000000 0.000000 1.000000 0.000000
0.968041 0.250792 0.000000 184.372976 -0.250792 0.968041 0.000000 -22.184934 0.000000 0.000000 1.000000 0.000000
0.967469 0.252989 0.000000 184.945029 -0.252989 0.967469 0.000000 -22.338774 0.000000 0.000000 1.000000 0.000000
0.967242 0.253857 0.000000 185.484511 -0.253857 0.967242 0.000000 -22.481553 0.000000 0.000000 1.000000 0.000000
0.966815 0.255478 0.000000 186.055537 -0.255478 0.966815 0.000000 -22.635744 0.000000 0.000000 1.000000 0.000000
0.966338 0.257277 0.000000 186.622441 -0.257277 0.966338 0.000000 -22.792737 0.000000 0.000000 1.000000 0.000000
0.965474 0.260501 0.000000 187.439579 -0.260501 0.965474 0.000000 -23.026205 0.000000 0.000000 1.000000 0.000000
0.964808 0.262954 0.000000 188.006440 -0.262954 0.964808 0.000000 -23.183202 0.000000 0.000000 1.000000 0.000000
0.964550 0.263901 0.000000 188.576557 -0.263901 0.964550 0.000000 -23.337473 0.000000 0.000000 1.000000 0.000000
0.964540 0.263937 0.000000 189.139497 -0.263937 0.964540 0.000000 -23.493110 0.000000 0.000000 1.000000 0.000000
0.964657 0.263507 0.000000 189.704822 -0.263507 0.964657 0.000000 -23.649435 0.000000 0.000000 1.000000 0.000000
0.965369 0.260889 0.000000 190.270812 -0.260889 0.965369 0.000000 -23.809167 0.000000 0.000000 1.000000 0.000000
0.965850 0.259102 0.000000 190.832134 -0.259102 0.965850 0.000000 -23.965782 0.000000 0.000000 1.000000 0.000000
0.965901 0.258913 0.000000 191.412706 -0.258913 0.965901 0.000000 -24.130510 0.000000 0.000000 1.000000 0.000000
0.965920 0.258841 0.000000 191.910799 -0.258841 0.965920 0.000000 -24.273962 0.000000 0.000000 1.000000 0.000000
0.965671 0.259769 0.000000 192.880570 -0.259769 0.965671 0.000000 -24.550922 0.000000 0.000000 1.000000 0.000000
0.965522 0.260321 0.000000 193.441479 -0.260321 0.965522 0.000000 -24.710979 0.000000 0.000000 1.000000 0.000000
0.965154 0.261683 0.000000 194.145039 -0.261683 0.965154 0.000000 -24.918374 0.000000 0.000000 1.000000 0.000000
0.964704 0.263338 0.000000 194.856109 -0.263338 0.964704 0.000000 -25.126981 0.000000 0.000000 1.000000 0.000000
0.964335 0.264683 0.000000 195.807631 -0.264683 0.964335 0.000000 -25.409650 0.000000 0.000000 1.000000 0.000000
0.964518 0.264019 0.000000 196.357375 -0.264019 0.964518 0.000000 -25.571207 0.000000 0.000000 1.000000 0.000000
0.964600 0.263716 0.000000 196.915770 -0.263716 0.964600 0.000000 -25.729734 0.000000 0.000000 1.000000 0.000000
0.964416 0.264389 0.000000 197.469107 -0.264389 0.964416 0.000000 -25.885055 0.000000 0.000000 1.000000 0.000000
0.964737 0.263216 0.000000 197.988342 -0.263216 0.964737 0.000000 -26.036799 0.000000 0.000000 1.000000 0.000000
0.965034 0.262125 0.000000 198.557605 -0.262125 0.965034 0.000000 -26.202498 0.000000 0.000000 1.000000 0.000000
0.964685 0.263406 0.000000 199.108960 -0.263406 0.964685 0.000000 -26.370034 0.000000 0.000000 1.000000 0.000000
0.964919 0.262549 0.000000 199.893939 -0.262549 0.964919 0.000000 -26.608537 0.000000 0.000000 1.000000 0.000000
0.965278 0.261224 0.000000 200.453738 -0.261224 0.965278 0.000000 -26.770992 0.000000 0.000000 1.000000 0.000000
0.965366 0.260898 0.000000 201.016272 -0.260898 0.965366 0.000000 -26.930984 0.000000 0.000000 1.000000 0.000000
0.965870 0.259029 0.000000 201.569385 -0.259029 0.965870 0.000000 -27.093772 0.000000 0.000000 1.000000 0.000000
0.966623 0.256204 0.000000 202.161750 -0.256204 0.966623 0.000000 -27.265095 0.000000 0.000000 1.000000 0.000000
0.966691 0.255947 0.000000 202.684745 -0.255947 0.966691 0.000000 -27.417915 0.000000 0.000000 1.000000 0.000000
0.966983 0.254841 0.000000 203.275993 -0.254841 0.966983 0.000000 -27.591211 0.000000 0.000000 1.000000 0.000000
0.967343 0.253469 0.000000 203.801960 -0.253469 0.967343 0.000000 -27.745236 0.000000 0.000000 1.000000 0.000000
0.967586 0.252543 0.000000 204.395830 -0.252543 0.967586 0.000000 -27.918931 0.000000 0.000000 1.000000 0.000000
0.967678 0.252190 0.000000 204.948825 -0.252190 0.967678 0.000000 -28.075105 0.000000 0.000000 1.000000 0.000000
0.967723 0.252015 0.000000 205.504184 -0.252015 0.967723 0.000000 -28.229029 0.000000 0.000000 1.000000 0.000000
0.967883 0.251400 0.000000 206.059464 -0.251400 0.967883 0.000000 -28.384115 0.000000 0.000000 1.000000 0.000000
0.967776 0.251811 0.000000 206.599473 -0.251811 0.967776 0.000000 -28.536023 0.000000 0.000000 1.000000 0.000000
0.968043 0.250784 0.000000 207.148205 -0.250784 0.968043 0.000000 -28.695562 0.000000 0.000000 1.000000 0.000000
0.968555 0.248798 0.000000 207.703984 -0.248798 0.968555 0.000000 -28.858412 0.000000 0.000000 1.000000 0.000000
0.968171 0.250289 0.000000 208.252143 -0.250289 0.968171 0.000000 -29.013231 0.000000 0.000000 1.000000 0.000000
0.967460 0.253023 0.000000 208.791386 -0.253023 0.967460 0.000000 -29.172784 0.000000 0.000000 1.000000 0.000000
0.968067 0.250692 0.000000 209.330989 -0.250692 0.968067 0.000000 -29.328763 0.000000 0.000000 1.000000 0.000000
