0.999999 -0.001657 0.000000 1.337137 0.001657 0.999999 0.000000 -0.015021 0.000000 0.000000 1.000000 0.000000
0.999997 -0.002633 0.000000 1.848204 0.002633 0.999997 0.000000 -0.016056 0.000000 0.000000 1.000000 0.000000
0.999986 -0.005224 0.000000 1.992004 0.005224 0.999986 0.000000 -0.010973 0.000000 0.000000 1.000000 0.000000
0.999990 -0.004490 0.000000 2.712165 0.004490 0.999990 0.000000 -0.030721 0.000000 0.000000 1.000000 0.000000
0.999994 -0.003522 0.000000 3.588597 0.003522 0.999994 0.000000 -0.059485 0.000000 0.000000 1.000000 0.000000
0.999983 -0.005767 0.000000 4.298188 0.005767 0.999983 0.000000 -0.063330 0.000000 0.000000 1.000000 0.000000
0.999984 -0.005711 0.000000 4.940462 0.005711 0.999984 0.000000 -0.071409 0.000000 0.000000 1.000000 0.000000
0.999998 0.001798 0.000000 5.896023 -0.001798 0.999998 0.000000 -0.099228 0.000000 0.000000 1.000000 0.000000
1.000000 0.000766 0.000000 6.452578 -0.000766 1.000000 0.000000 -0.119659 0.000000 0.000000 1.000000 0.000000
1.000000 -0.000740 0.000000 6.805926 0.000740 1.000000 0.000000 -0.039754 0.000000 0.000000 1.000000 0.000000
1.000000 0.000597 0.000000 7.536837 -0.000597 1.000000 0.000000 -0.145942 0.000000 0.000000 1.000000 0.000000
0.999999 0.001542 0.000000 8.790148 -0.001542 0.999999 0.000000 -0.175506 0.000000 0.000000 1.000000 0.000000
0.999995 0.003140 0.000000 9.460048 -0.003140 0.999995 0.000000 -0.271057 0.000000 0.000000 1.000000 0.000000
0.999997 0.002394 0.000000 10.158224 -0.002394 0.999997 0.000000 -0.320686 0.000000 0.000000 1.000000 0.000000
0.999999 0.001582 0.000000 11.118434 -0.001582 0.999999 0.000000 -0.340955 0.000000 0.000000 1.000000 0.000000
1.000000 0.000938 0.000000 11.867350 -0.000938 1.000000 0.000000 -0.401066 0.000000 0.000000 1.000000 0.000000
1.000000 0.000445 0.000000 12.619184 -0.000445 1.000000 0.000000 -0.425211 0.000000 0.000000 1.000000 0.000000
1.000000 0.000390 0.000000 13.243323 -0.000390 1.000000 0.000000 -0.432371 0.000000 0.000000 1.000000 0.000000
0.999999 0.001486 0.000000 13.603296 -0.001486 0.999999 0.000000 -0.460623 0.000000 0.000000 1.000000 0.000000
0.999999 0.001686 0.000000 14.082584 -0.001686 0.999999 0.000000 -0.487111 0.000000 0.000000 1.000000 0.000000
0.999999 0.001371 0.000000 14.629323 -0.001371 0.999999 0.000000 -0.503965 0.000000 0.000000 1.000000 0.000000
1.000000 0.000667 0.000000 15.184902 -0.000667 1.000000 0.000000 -0.517127 0.000000 0.000000 1.000000 0.000000
1.000000 0.000325 0.000000 15.612016 -0.000325 1.000000 0.000000 -0.531001 0.000000 0.000000 1.000000 0.000000
1.000000 -0.000330 0.000000 16.274663 0.000330 1.000000 0.000000 -0.542094 0.000000 0.000000 1.000000 0.000000
1.000000 -0.000325 0.000000 16.789868 0.000325 1.000000 0.000000 -0.537293 0.000000 0.000000 1.000000 0.000000
1.000000 -0.000669 0.000000 17.377996 0.000669 1.000000 0.000000 -0.553475 0.000000 0.000000 1.000000 0.000000
1.000000 0.000619 0.000000 17.945671 -0.000619 1.000000 0.000000 -0.578728 0.000000 0.000000 1.000000 0.000000
0.999998 -0.002216 0.000000 18.513518 0.002216 0.999998 0.000000 -0.595332 0.000000 0.000000 1.000000 0.000000
0.999990 -0.004509 0.000000 19.095655 0.004509 0.999990 0.000000 -0.576274 0.000000 0.000000 1.000000 0.000000
0.999984 -0.005711 0.000000 19.696990 0.005711 0.999984 0.000000 -0.609972 0.000000 0.000000 1.000000 0.000000
0.999990 -0.004476 0.000000 20.251641 0.004476 0.999990 0.000000 -0.617931 0.000000 0.000000 1.000000 0.000000
0.999992 -0.003975 0.000000 21.129017 0.003975 0.999992 0.000000 -0.618118 0.000000 0.000000 1.000000 0.000000
0.999988 -0.004840 0.000000 21.674931 0.004840 0.999988 0.000000 -0.643490 0.000000 0.000000 1.000000 0.000000
0.999993 -0.003848 0.000000 22.302937 0.003848 0.999993 0.000000 -0.615972 0.000000 0.000000 1.000000 0.000000
0.999991 -0.004201 0.000000 22.817054 0.004201 0.999991 0.000000 -0.633636 0.000000 0.000000 1.000000 0.000000
0.999990 -0.004505 0.000000 23.340448 0.004505 0.999990 0.000000 -0.653696 0.000000 0.000000 1.000000 0.000000
0.999990 -0.004460 0.000000 24.068784 0.004460 0.999990 0.000000 -0.654934 0.000000 0.000000 1.000000 0.000000
0.999980 -0.006369 0.000000 24.697396 0.006369 0.999980 0.000000 -0.675537 0.000000 0.000000 1.000000 0.000000
0.999967 -0.008062 0.000000 25.255960 0.008062 0.999967 0.000000 -0.713206 0.000000 0.000000 1.000000 0.000000
0.999957 -0.009258 0.000000 25.926487 0.009258 0.999957 0.000000 -0.735423 0.000000 0.000000 1.000000 0.000000
0.999954 -0.009561 0.000000 26.489649 0.009561 0.999954 0.000000 -0.734305 0.000000 0.000000 1.000000 0.000000
0.999960 -0.008934 0.000000 27.177484 0.008934 0.999960 0.000000 -0.702293 0.000000 0.000000 1.000000 0.000000
0.999957 -0.009282 0.000000 27.799149 0.009282 0.999957 0.000000 -0.702133 0.000000 0.000000 1.000000 0.000000
0.999954 -0.009573 0.000000 28.403028 0.009573 0.999954 0.000000 -0.673566 0.000000 0.000000 1.000000 0.000000
0.999957 -0.009268 0.000000 29.031513 0.009268 0.999957 0.000000 -0.680881 0.000000 0.000000 1.000000 0.000000
0.999957 -0.009269 0.000000 29.590346 0.009269 0.999957 0.000000 -0.684214 0.000000 0.000000 1.000000 0.000000
0.999958 -0.009128 0.000000 30.179872 0.009128 0.999958 0.000000 -0.678076 0.000000 0.000000 1.000000 0.000000
0.999956 -0.009430 0.000000 30.778032 0.009430 0.999956 0.000000 -0.682172 0.000000 0.000000 1.000000 0.000000
0.999954 -0.009637 0.000000 31.604652 0.009637 0.999954 0.000000 -0.694430 0.000000 0.000000 1.000000 0.000000
0.999954 -0.009633 0.000000 32.244156 0.009633 0.999954 0.000000 -0.699597 0.000000 0.000000 1.000000 0.000000
0.999955 -0.009475 0.000000 32.850294 0.009475 0.999955 0.000000 -0.696423 0.000000 0.000000 1.000000 0.000000
0.999951 -0.009886 0.000000 33.465089 0.009886 0.999951 0.000000 -0.703028 0.000000 0.000000 1.000000 0.000000
0.999962 -0.008680 0.000000 34.092244 0.008680 0.999962 0.000000 -0.677679 0.000000 0.000000 1.000000 0.000000
0.999949 -0.010079 0.000000 34.875001 0.010079 0.999949 0.000000 -0.674228 0.000000 0.000000 1.000000 0.000000
0.999966 -0.008254 0.000000 35.505536 0.008254 0.999966 0.000000 -0.673049 0.000000 0.000000 1.000000 0.000000
0.999981 -0.006159 0.000000 36.190513 0.006159 0.999981 0.000000 -0.730008 0.000000 0.000000 1.000000 0.000000
0.999988 -0.004952 0.000000 36.766744 0.004952 0.999988 0.000000 -0.731481 0.000000 0.000000 1.000000 0.000000
0.999995 -0.003049 0.000000 37.554145 0.003049 0.999995 0.000000 -0.766563 0.000000 0.000000 1.000000 0.000000
1.000000 -0.000410 0.000000 38.156584 0.000410 1.000000 0.000000 -0.764744 0.000000 0.000000 1.000000 0.000000
0.999999 0.001489 0.000000 38.699187 -0.001489 0.999999 0.000000 -0.774149 0.000000 0.000000 1.000000 0.000000
1.000000 0.000926 0.000000 39.356876 -0.000926 1.000000 0.000000 -0.779173 0.000000 0.000000 1.000000 0.000000
0.999998 0.002104 0.000000 40.182708 -0.002104 0.999998 0.000000 -0.752774 0.000000 0.000000 1.000000 0.000000
0.999997 0.002425 0.000000 40.803407 -0.002425 0.999997 0.000000 -0.736750 0.000000 0.000000 1.000000 0.000000
0.999998 0.001800 0.000000 41.374665 -0.001800 0.999998 0.000000 -0.755774 0.000000 0.000000 1.000000 0.000000
0.999997 0.002327 0.000000 41.833705 -0.002327 0.999997 0.000000 -0.759921 0.000000 0.000000 1.000000 0.000000
0.999996 0.002936 0.000000 42.557661 -0.002936 0.999996 0.000000 -0.736838 0.000000 0.000000 1.000000 0.000000
0.999998 0.001874 0.000000 43.203903 -0.001874 0.999998 0.000000 -0.731929 0.000000 0.000000 1.000000 0.000000
0.999999 0.001243 0.000000 43.864325 -0.001243 0.999999 0.000000 -0.756634 0.000000 0.000000 1.000000 0.000000
0.999999 0.001717 0.000000 44.532585 -0.001717 0.999999 0.000000 -0.752933 0.000000 0.000000 1.000000 0.000000
0.999993 0.003855 0.000000 45.110172 -0.003855 0.999993 0.000000 -0.755921 0.000000 0.000000 1.000000 0.000000
0.999991 0.004139 0.000000 45.938204 -0.004139 0.999991 0.000000 -0.730409 0.000000 0.000000 1.000000 0.000000
0.999991 0.004345 0.000000 46.473565 -0.004345 0.999991 0.000000 -0.741558 0.000000 0.000000 1.000000 0.000000
0.999992 0.003997 0.000000 47.196308 -0.003997 0.999992 0.000000 -0.761119 0.000000 0.000000 1.000000 0.000000
0.999998 0.002152 0.000000 47.897801 -0.002152 0.999998 0.000000 -0.767517 0.000000 0.000000 1.000000 0.000000
0.999996 0.002693 0.000000 48.232414 -0.002693 0.999996 0.000000 -0.758860 0.000000 0.000000 1.000000 0.000000
1.000000 -0.000139 0.000000 48.860704 0.000139 1.000000 0.000000 -0.775581 0.000000 0.000000 1.000000 0.000000
0.999998 0.001966 0.000000 49.626379 -0.001966 0.999998 0.000000 -0.800389 0.000000 0.000000 1.000000 0.000000
1.000000 0.000794 0.000000 50.212350 -0.000794 1.000000 0.000000 -0.805676 0.000000 0.000000 1.000000 0.000000
1.000000 -0.000508 0.000000 50.593120 0.000508 1.000000 0.000000 -0.819860 0.000000 0.000000 1.000000 0.000000
1.000000 -0.000487 0.000000 51.100837 0.000487 1.000000 0.000000 -0.819243 0.000000 0.000000 1.000000 0.000000
1.000000 0.000483 0.000000 51.781003 -0.000483 1.000000 0.000000 -0.802406 0.000000 0.000000 1.000000 0.000000
1.000000 0.000759 0.000000 52.473355 -0.000759 1.000000 0.000000 -0.815939 0.000000 0.000000 1.000000 0.000000
1.000000 -0.000991 0.000000 53.087523 0.000991 1.000000 0.000000 -0.856776 0.000000 0.000000 1.000000 0.000000
1.000000 -0.000528 0.000000 53.860513 0.000528 1.000000 0.000000 -0.890297 0.000000 0.000000 1.000000 0.000000
0.999996 -0.002882 0.000000 54.562030 0.002882 0.999996 0.000000 -0.905172 0.000000 0.000000 1.000000 0.000000
0.999997 0.002536 0.000000 55.522056 -0.002536 0.999997 0.000000 -0.949283 0.000000 0.000000 1.000000 0.000000
0.999998 0.001887 0.000000 55.973491 -0.001887 0.999998 0.000000 -0.955822 0.000000 0.000000 1.000000 0.000000
0.999999 0.001265 0.000000 56.497443 -0.001265 0.999999 0.000000 -0.973133 0.000000 0.000000 1.000000 0.000000
0.999999 0.001673 0.000000 57.070035 -0.001673 0.999999 0.000000 -0.984224 0.000000 0.000000 1.000000 0.000000
0.999987 0.005033 0.000000 56.785371 -0.005033 0.999987 0.000000 -0.934460 0.000000 0.000000 1.000000 0.000000
0.999989 0.004635 0.000000 57.454174 -0.004635 0.999989 0.000000 -0.979507 0.000000 0.000000 1.000000 0.000000
0.999995 0.003040 0.000000 58.043499 -0.003040 0.999995 0.000000 -0.990794 0.000000 0.000000 1.000000 0.000000
1.000000 0.000924 0.000000 58.907106 -0.000924 1.000000 0.000000 -0.989059 0.000000 0.000000 1.000000 0.000000
1.000000 0.000034 0.000000 60.251291 -0.000034 1.000000 0.000000 -1.003338 0.000000 0.000000 1.000000 0.000000
1.000000 0.000125 0.000000 60.838316 -0.000125 1.000000 0.000000 -0.985327 0.000000 0.000000 1.000000 0.000000
1.000000 -0.000324 0.000000 61.466195 0.000324 1.000000 0.000000 -1.002603 0.000000 0.000000 1.000000 0.000000
1.000000 -0.000445 0.000000 61.853872 0.000445 1.000000 0.000000 -1.012303 0.000000 0.000000 1.000000 0.000000
1.000000 0.000351 0.000000 62.418181 -0.000351 1.000000 0.000000 -1.012195 0.000000 0.000000 1.000000 0.000000
1.000000 -0.000724 0.000000 63.136462 0.000724 1.000000 0.000000 -1.028345 0.000000 0.000000 1.000000 0.000000
0.999999 -0.001432 0.000000 63.887936 0.001432 0.999999 0.000000 -1.042023 0.000000 0.000000 1.000000 0.000000
0.999999 -0.001500 0.000000 64.450401 0.001500 0.999999 0.000000 -1.056483 0.000000 0.000000 1.000000 0.000000
1.000000 -0.000616 0.000000 65.087311 0.000616 1.000000 0.000000 -1.063571 0.000000 0.000000 1.000000 0.000000
0.999999 -0.001140 0.000000 65.542532 0.001140 0.999999 0.000000 -1.072479 0.000000 0.000000 1.000000 0.000000
1.000000 -0.000476 0.000000 66.287803 0.000476 1.000000 0.000000 -1.089834 0.000000 0.000000 1.000000 0.000000
1.000000 -0.000520 0.000000 66.855776 0.000520 1.000000 0.000000 -1.094377 0.000000 0.000000 1.000000 0.000000
1.000000 -0.000792 0.000000 67.565430 0.000792 1.000000 0.000000 -1.112435 0.000000 0.000000 1.000000 0.000000
0.999997 -0.002518 0.000000 68.130939 0.002518 0.999997 0.000000 -1.130729 0.000000 0.000000 1.000000 0.000000
0.999996 -0.002809 0.000000 68.659563 0.002809 0.999996 0.000000 -1.138489 0.000000 0.000000 1.000000 0.000000
0.999994 -0.003388 0.000000 69.153932 0.003388 0.999994 0.000000 -1.160537 0.000000 0.000000 1.000000 0.000000
0.999994 -0.003555 0.000000 69.864038 0.003555 0.999994 0.000000 -1.170764 0.000000 0.000000 1.000000 0.000000
0.999996 -0.002846 0.000000 70.443386 0.002846 0.999996 0.000000 -1.162601 0.000000 0.000000 1.000000 0.000000
0.999998 -0.002002 0.000000 71.043955 0.002002 0.999998 0.000000 -1.167028 0.000000 0.000000 1.000000 0.000000
0.999999 -0.001700 0.000000 71.553777 0.001700 0.999999 0.000000 -1.178334 0.000000 0.000000 1.000000 0.000000
0.999995 -0.003256 0.000000 72.486630 0.003256 0.999995 0.000000 -1.201536 0.000000 0.000000 1.000000 0.000000
0.999993 -0.003833 0.000000 72.876878 0.003833 0.999993 0.000000 -1.215038 0.000000 0.000000 1.000000 0.000000
0.999993 -0.003616 0.000000 73.339796 0.003616 0.999993 0.000000 -1.213591 0.000000 0.000000 1.000000 0.000000
0.999989 -0.004690 0.000000 73.994288 0.004690 0.999989 0.000000 -1.221302 0.000000 0.000000 1.000000 0.000000
0.999990 -0.004537 0.000000 74.647308 0.004537 0.999990 0.000000 -1.223678 0.000000 0.000000 1.000000 0.000000
0.999985 -0.005420 0.000000 75.280131 0.005420 0.999985 0.000000 -1.247400 0.000000 0.000000 1.000000 0.000000
0.999979 -0.006456 0.000000 75.754212 0.006456 0.999979 0.000000 -1.261279 0.000000 0.000000 1.000000 0.000000
0.999973 -0.007293 0.000000 76.358961 0.007293 0.999973 0.000000 -1.280367 0.000000 0.000000 1.000000 0.000000
0.999970 -0.007750 0.000000 76.911547 0.007750 0.999970 0.000000 -1.277044 0.000000 0.000000 1.000000 0.000000
0.999972 -0.007527 0.000000 77.751484 0.007527 0.999972 0.000000 -1.302186 0.000000 0.000000 1.000000 0.000000
0.999964 -0.008482 0.000000 78.306768 0.008482 0.999964 0.000000 -1.301822 0.000000 0.000000 1.000000 0.000000
0.999966 -0.008187 0.000000 79.021038 0.008187 0.999966 0.000000 -1.316784 0.000000 0.000000 1.000000 0.000000
0.999963 -0.008582 0.000000 79.532028 0.008582 0.999963 0.000000 -1.327210 0.000000 0.000000 1.000000 0.000000
0.999955 -0.009537 0.000000 80.149099 0.009537 0.999955 0.000000 -1.310623 0.000000 0.000000 1.000000 0.000000
0.999955 -0.009498 0.000000 80.758666 0.009498 0.999955 0.000000 -1.314244 0.000000 0.000000 1.000000 0.000000
0.999943 -0.010653 0.000000 81.356940 0.010653 0.999943 0.000000 -1.323441 0.000000 0.000000 1.000000 0.000000
0.999944 -0.010623 0.000000 81.907672 0.010623 0.999944 0.000000 -1.317648 0.000000 0.000000 1.000000 0.000000
0.999947 -0.010254 0.000000 82.577869 0.010254 0.999947 0.000000 -1.320443 0.000000 0.000000 1.000000 0.000000
0.999944 -0.010593 0.000000 83.148746 0.010593 0.999944 0.000000 -1.329069 0.000000 0.000000 1.000000 0.000000
0.999914 -0.013132 0.000000 83.778189 0.013132 0.999914 0.000000 -1.336752 0.000000 0.000000 1.000000 0.000000
0.999918 -0.012813 0.000000 84.385065 0.012813 0.999918 0.000000 -1.350149 0.000000 0.000000 1.000000 0.000000
0.999922 -0.012504 0.000000 84.920278 0.012504 0.999922 0.000000 -1.344086 0.000000 0.000000 1.000000 0.000000
0.999941 -0.010821 0.000000 85.415805 0.010821 0.999941 0.000000 -1.363714 0.000000 0.000000 1.000000 0.000000
0.999949 -0.010082 0.000000 85.818438 0.010082 0.999949 0.000000 -1.353516 0.000000 0.000000 1.000000 0.000000
0.999981 -0.006214 0.000000 86.387852 0.006214 0.999981 0.000000 -1.401130 0.000000 0.000000 1.000000 0.000000
0.999984 -0.005653 0.000000 86.903813 0.005653 0.999984 0.000000 -1.409701 0.000000 0.000000 1.000000 0.000000
0.999988 -0.004967 0.000000 87.483072 0.004967 0.999988 0.000000 -1.418631 0.000000 0.000000 1.000000 0.000000
0.999992 -0.003952 0.000000 87.879865 0.003952 0.999992 0.000000 -1.432284 0.000000 0.000000 1.000000 0.000000
0.999996 -0.002949 0.000000 88.396200 0.002949 0.999996 0.000000 -1.450652 0.000000 0.000000 1.000000 0.000000
1.000000 -0.000715 0.000000 88.926726 0.000715 1.000000 0.000000 -1.458633 0.000000 0.000000 1.000000 0.000000
1.000000 -0.000274 0.000000 89.471680 0.000274 1.000000 0.000000 -1.484587 0.000000 0.000000 1.000000 0.000000
1.000000 0.000362 0.000000 89.964651 -0.000362 1.000000 0.000000 -1.489446 0.000000 0.000000 1.000000 0.000000
0.999999 0.001435 0.000000 90.472762 -0.001435 0.999999 0.000000 -1.498394 0.000000 0.000000 1.000000 0.000000
0.999995 0.003296 0.000000 90.942152 -0.003296 0.999995 0.000000 -1.515028 0.000000 0.000000 1.000000 0.000000
0.999992 0.004010 0.000000 91.442394 -0.004010 0.999992 0.000000 -1.509474 0.000000 0.000000 1.000000 0.000000
0.999993 0.003806 0.000000 91.925187 -0.003806 0.999993 0.000000 -1.469244 0.000000 0.000000 1.000000 0.000000
0.999986 0.005220 0.000000 92.421015 -0.005220 0.999986 0.000000 -1.483417 0.000000 0.000000 1.000000 0.000000
0.999977 0.006744 0.000000 92.963768 -0.006744 0.999977 0.000000 -1.509393 0.000000 0.000000 1.000000 0.000000
0.999977 0.006765 0.000000 93.670115 -0.006765 0.999977 0.000000 -1.517520 0.000000 0.000000 1.000000 0.000000
0.999931 0.011712 0.000000 94.193043 -0.011712 0.999931 0.000000 -1.591686 0.000000 0.000000 1.000000 0.000000
0.999919 0.012755 0.000000 94.855178 -0.012755 0.999919 0.000000 -1.558335 0.000000 0.000000 1.000000 0.000000
0.999902 0.013982 0.000000 95.463611 -0.013982 0.999902 0.000000 -1.608772 0.000000 0.000000 1.000000 0.000000
0.999863 0.016549 0.000000 95.802419 -0.016549 0.999863 0.000000 -1.651829 0.000000 0.000000 1.000000 0.000000
0.999811 0.019460 0.000000 96.053773 -0.019460 0.999811 0.000000 -1.738424 0.000000 0.000000 1.000000 0.000000
0.999807 0.019647 0.000000 96.588248 -0.019647 0.999807 0.000000 -1.769972 0.000000 0.000000 1.000000 0.000000
0.999681 0.025251 0.000000 97.564307 -0.025251 0.999681 0.000000 -1.833209 0.000000 0.000000 1.000000 0.000000
0.999600 0.028287 0.000000 97.891113 -0.028287 0.999600 0.000000 -1.853872 0.000000 0.000000 1.000000 0.000000
0.999494 0.031793 0.000000 98.361879 -0.031793 0.999494 0.000000 -1.917011 0.000000 0.000000 1.000000 0.000000
0.999375 0.035343 0.000000 98.980127 -0.035343 0.999375 0.000000 -1.949311 0.000000 0.000000 1.000000 0.000000
0.999193 0.040176 0.000000 99.267963 -0.040176 0.999193 0.000000 -2.009222 0.000000 0.000000 1.000000 0.000000
0.998993 0.044861 0.000000 99.704359 -0.044861 0.998993 0.000000 -2.037327 0.000000 0.000000 1.000000 0.000000
0.998954 0.045731 0.000000 100.245041 -0.045731 0.998954 0.000000 -2.076955 0.000000 0.000000 1.000000 0.000000
0.998850 0.047937 0.000000 100.855257 -0.047937 0.998850 0.000000 -2.077041 0.000000 0.000000 1.000000 0.000000
0.998620 0.052523 0.000000 101.213270 -0.052523 0.998620 0.000000 -2.171319 0.000000 0.000000 1.000000 0.000000
0.998136 0.061024 0.000000 101.685692 -0.061024 0.998136 0.000000 -2.325735 0.000000 0.000000 1.000000 0.000000
0.997866 0.065295 0.000000 102.167204 -0.065295 0.997866 0.000000 -2.414913 0.000000 0.000000 1.000000 0.000000
0.997689 0.067944 0.000000 102.451260 -0.067944 0.997689 0.000000 -2.437833 0.000000 0.000000 1.000000 0.000000
0.997417 0.071835 0.000000 102.829592 -0.071835 0.997417 0.000000 -2.455668 0.000000 0.000000 1.000000 0.000000
0.997101 0.076093 0.000000 103.383772 -0.076093 0.997101 0.000000 -2.501968 0.000000 0.000000 1.000000 0.000000
0.996505 0.083533 0.000000 103.889705 -0.083533 0.996505 0.000000 -2.618749 0.000000 0.000000 1.000000 0.000000
0.996357 0.085283 0.000000 104.284079 -0.085283 0.996357 0.000000 -2.711793 0.000000 0.000000 1.000000 0.000000
0.995758 0.092006 0.000000 104.703584 -0.092006 0.995758 0.000000 -2.776977 0.000000 0.000000 1.000000 0.000000
0.994631 0.103486 0.000000 105.241053 -0.103486 0.994631 0.000000 -2.942299 0.000000 0.000000 1.000000 0.000000
0.994020 0.109200 0.000000 105.558209 -0.109200 0.994020 0.000000 -3.008425 0.000000 0.000000 1.000000 0.000000
0.993784 0.111327 0.000000 105.935300 -0.111327 0.993784 0.000000 -3.057825 0.000000 0.000000 1.000000 0.000000
0.992618 0.121284 0.000000 106.271507 -0.121284 0.992618 0.000000 -3.260790 0.000000 0.000000 1.000000 0.000000
0.992084 0.125578 0.000000 106.680119 -0.125578 0.992084 0.000000 -3.326397 0.000000 0.000000 1.000000 0.000000
0.991755 0.128147 0.000000 106.988008 -0.128147 0.991755 0.000000 -3.353889 0.000000 0.000000 1.000000 0.000000
0.991622 0.129172 0.000000 107.423018 -0.129172 0.991622 0.000000 -3.387227 0.000000 0.000000 1.000000 0.000000
0.991467 0.130355 0.000000 107.810209 -0.130355 0.991467 0.000000 -3.425488 0.000000 0.000000 1.000000 0.000000
0.991230 0.132145 0.000000 108.215889 -0.132145 0.991230 0.000000 -3.468092 0.000000 0.000000 1.000000 0.000000
0.990731 0.135837 0.000000 108.680791 -0.135837 0.990731 0.000000 -3.515751 0.000000 0.000000 1.000000 0.000000
0.990337 0.138684 0.000000 109.113890 -0.138684 0.990337 0.000000 -3.587615 0.000000 0.000000 1.000000 0.000000
0.989913 0.141676 0.000000 109.695555 -0.141676 0.989913 0.000000 -3.693951 0.000000 0.000000 1.000000 0.000000
0.989576 0.144013 0.000000 110.118068 -0.144013 0.989576 0.000000 -3.753419 0.000000 0.000000 1.000000 0.000000
0.989183 0.146684 0.000000 110.449662 -0.146684 0.989183 0.000000 -3.870797 0.000000 0.000000 1.000000 0.000000
0.988842 0.148968 0.000000 110.894328 -0.148968 0.988842 0.000000 -3.945190 0.000000 0.000000 1.000000 0.000000
0.988407 0.151827 0.000000 111.320957 -0.151827 0.988407 0.000000 -4.042507 0.000000 0.000000 1.000000 0.000000
0.988077 0.153961 0.000000 111.765660 -0.153961 0.988077 0.000000 -4.145002 0.000000 0.000000 1.000000 0.000000
0.988376 0.152031 0.000000 111.981239 -0.152031 0.988376 0.000000 -4.175922 0.000000 0.000000 1.000000 0.000000
0.988051 0.154127 0.000000 112.373310 -0.154127 0.988051 0.000000 -4.241618 0.000000 0.000000 1.000000 0.000000
0.987598 0.157002 0.000000 113.112209 -0.157002 0.987598 0.000000 -4.365307 0.000000 0.000000 1.000000 0.000000
0.987610 0.156926 0.000000 113.518693 -0.156926 0.987610 0.000000 -4.448939 0.000000 0.000000 1.000000 0.000000
0.987775 0.155884 0.000000 113.954730 -0.155884 0.987775 0.000000 -4.494385 0.000000 0.000000 1.000000 0.000000
0.987781 0.155846 0.000000 114.355940 -0.155846 0.987781 0.000000 -4.591227 0.000000 0.000000 1.000000 0.000000
0.988141 0.153550 0.000000 114.941834 -0.153550 0.988141 0.000000 -4.699222 0.000000 0.000000 1.000000 0.000000
0.987906 0.155056 0.000000 115.367303 -0.155056 0.987906 0.000000 -4.802583 0.000000 0.000000 1.000000 0.000000
0.987702 0.156346 0.000000 115.778971 -0.156346 0.987702 0.000000 -4.867283 0.000000 0.000000 1.000000 0.000000
0.987737 0.156126 0.000000 116.311848 -0.156126 0.987737 0.000000 -4.956324 0.000000 0.000000 1.000000 0.000000
0.987814 0.155639 0.000000 116.752834 -0.155639 0.987814 0.000000 -4.988899 0.000000 0.000000 1.000000 0.000000
0.987663 0.156596 0.000000 117.212462 -0.156596 0.987663 0.000000 -5.134563 0.000000 0.000000 1.000000 0.000000
0.985689 0.168575 0.000000 117.861595 -0.168575 0.985689 0.000000 -5.071668 0.000000 0.000000 1.000000 0.000000
0.985737 0.168291 0.000000 118.658869 -0.168291 0.985737 0.000000 -5.182863 0.000000 0.000000 1.000000 0.000000
0.985439 0.170030 0.000000 119.052477 -0.170030 0.985439 0.000000 -5.309449 0.000000 0.000000 1.000000 0.000000
0.985450 0.169965 0.000000 119.483501 -0.169965 0.985450 0.000000 -5.384726 0.000000 0.000000 1.000000 0.000000
0.984701 0.174253 0.000000 119.799399 -0.174253 0.984701 0.000000 -5.438758 0.000000 0.000000 1.000000 0.000000
0.984374 0.176089 0.000000 120.318403 -0.176089 0.984374 0.000000 -5.538736 0.000000 0.000000 1.000000 0.000000
0.984052 0.177881 0.000000 120.818595 -0.177881 0.984052 0.000000 -5.653168 0.000000 0.000000 1.000000 0.000000
0.984183 0.177154 0.000000 121.419410 -0.177154 0.984183 0.000000 -5.763431 0.000000 0.000000 1.000000 0.000000
0.983897 0.178738 0.000000 121.976236 -0.178738 0.983897 0.000000 -5.896727 0.000000 0.000000 1.000000 0.000000
0.983093 0.183105 0.000000 122.494263 -0.183105 0.983093 0.000000 -6.067331 0.000000 0.000000 1.000000 0.000000
0.982694 0.185234 0.000000 122.903212 -0.185234 0.982694 0.000000 -6.144083 0.000000 0.000000 1.000000 0.000000
0.982599 0.185741 0.000000 123.443569 -0.185741 0.982599 0.000000 -6.341752 0.000000 0.000000 1.000000 0.000000
0.982576 0.185863 0.000000 123.974499 -0.185863 0.982576 0.000000 -6.434334 0.000000 0.000000 1.000000 0.000000
0.982777 0.184794 0.000000 124.425588 -0.184794 0.982777 0.000000 -6.490427 0.000000 0.000000 1.000000 0.000000
0.982820 0.184565 0.000000 124.873152 -0.184565 0.982820 0.000000 -6.600317 0.000000 0.000000 1.000000 0.000000
0.982704 0.185184 0.000000 125.371363 -0.185184 0.982704 0.000000 -6.678011 0.000000 0.000000 1.000000 0.000000
0.983101 0.183063 0.000000 125.486697 -0.183063 0.983101 0.000000 -6.710704 0.000000 0.000000 1.000000 0.000000
0.982701 0.185197 0.000000 125.985654 -0.185197 0.982701 0.000000 -6.822605 0.000000 0.000000 1.000000 0.000000
0.982539 0.186059 0.000000 126.469937 -0.186059 0.982539 0.000000 -6.907434 0.000000 0.000000 1.000000 0.000000
0.982392 0.186832 0.000000 126.786423 -0.186832 0.982392 0.000000 -6.976861 0.000000 0.000000 1.000000 0.000000
0.981791 0.189963 0.000000 127.429708 -0.189963 0.981791 0.000000 -7.229400 0.000000 0.000000 1.000000 0.000000
0.981787 0.189986 0.000000 127.824078 -0.189986 0.981787 0.000000 -7.325923 0.000000 0.000000 1.000000 0.000000
0.981883 0.189489 0.000000 128.563477 -0.189489 0.981883 0.000000 -7.441896 0.000000 0.000000 1.000000 0.000000
0.981524 0.191340 0.000000 129.092487 -0.191340 0.981524 0.000000 -7.643954 0.000000 0.000000 1.000000 0.000000
0.981605 0.190921 0.000000 130.088723 -0.190921 0.981605 0.000000 -7.881959 0.000000 0.000000 1.000000 0.000000
0.981022 0.193898 0.000000 130.597989 -0.193898 0.981022 0.000000 -8.025581 0.000000 0.000000 1.000000 0.000000
0.981141 0.193295 0.000000 131.081681 -0.193295 0.981141 0.000000 -8.113765 0.000000 0.000000 1.000000 0.000000
0.981524 0.191338 0.000000 131.445760 -0.191338 0.981524 0.000000 -8.218002 0.000000 0.000000 1.000000 0.000000
0.996588 0.082539 0.000000 131.999974 -0.082539 0.996588 0.000000 -5.442784 0.000000 0.000000 1.000000 0.000000
0.985755 0.168186 0.000000 132.661855 -0.168186 0.985755 0.000000 -5.221079 0.000000 0.000000 1.000000 0.000000
0.986651 0.162846 0.000000 133.174826 -0.162846 0.986651 0.000000 -5.321431 0.000000 0.000000 1.000000 0.000000
0.986394 0.164396 0.000000 133.662494 -0.164396 0.986394 0.000000 -5.412282 0.000000 0.000000 1.000000 0.000000
0.986671 0.162725 0.000000 134.101114 -0.162725 0.986671 0.000000 -5.611794 0.000000 0.000000 1.000000 0.000000
0.986705 0.162521 0.000000 134.495597 -0.162521 0.986705 0.000000 -5.679772 0.000000 0.000000 1.000000 0.000000
0.987341 0.158609 0.000000 135.032614 -0.158609 0.987341 0.000000 -5.769775 0.000000 0.000000 1.000000 0.000000
0.987085 0.160198 0.000000 135.621788 -0.160198 0.987085 0.000000 -5.806848 0.000000 0.000000 1.000000 0.000000
0.987341 0.158613 0.000000 136.116248 -0.158613 0.987341 0.000000 -5.761027 0.000000 0.000000 1.000000 0.000000
0.986893 0.161377 0.000000 136.583945 -0.161377 0.986893 0.000000 -5.867542 0.000000 0.000000 1.000000 0.000000
0.987160 0.159736 0.000000 137.216822 -0.159736 0.987160 0.000000 -5.871011 0.000000 0.000000 1.000000 0.000000
0.986945 0.161059 0.000000 137.719483 -0.161059 0.986945 0.000000 -5.930127 0.000000 0.000000 1.000000 0.000000
0.986650 0.162853 0.000000 138.351823 -0.162853 0.986650 0.000000 -6.026875 0.000000 0.000000 1.000000 0.000000
0.987022 0.160586 0.000000 138.825798 -0.160586 0.987022 0.000000 -6.223027 0.000000 0.000000 1.000000 0.000000
0.986859 0.161586 0.000000 139.239663 -0.161586 0.986859 0.000000 -6.360837 0.000000 0.000000 1.000000 0.000000
0.986684 0.162648 0.000000 139.746758 -0.162648 0.986684 0.000000 -6.454063 0.000000 0.000000 1.000000 0.000000
0.986215 0.165471 0.000000 140.317338 -0.165471 0.986215 0.000000 -6.560481 0.000000 0.000000 1.000000 0.000000
0.985969 0.166927 0.000000 140.920064 -0.166927 0.985969 0.000000 -6.657705 0.000000 0.000000 1.000000 0.000000
0.984383 0.176041 0.000000 144.634235 -0.176041 0.984383 0.000000 -7.461050 0.000000 0.000000 1.000000 0.000000
0.984341 0.176277 0.000000 145.188031 -0.176277 0.984341 0.000000 -7.522072 0.000000 0.000000 1.000000 0.000000
0.984711 0.174193 0.000000 146.438442 -0.174193 0.984711 0.000000 -7.750399 0.000000 0.000000 1.000000 0.000000
0.984299 0.176507 0.000000 147.589808 -0.176507 0.984299 0.000000 -7.992580 0.000000 0.000000 1.000000 0.000000
0.984385 0.176026 0.000000 148.182001 -0.176026 0.984385 0.000000 -8.113089 0.000000 0.000000 1.000000 0.000000
0.984288 0.176573 0.000000 148.750939 -0.176573 0.984288 0.000000 -8.268041 0.000000 0.000000 1.000000 0.000000
0.984386 0.176025 0.000000 149.303833 -0.176025 0.984386 0.000000 -8.406652 0.000000 0.000000 1.000000 0.000000
0.984052 0.177883 0.000000 149.909370 -0.177883 0.984052 0.000000 -8.562859 0.000000 0.000000 1.000000 0.000000
0.984228 0.176906 0.000000 150.545080 -0.176906 0.984228 0.000000 -8.639137 0.000000 0.000000 1.000000 0.000000
0.984121 0.177499 0.000000 151.112094 -0.177499 0.984121 0.000000 -8.804123 0.000000 0.000000 1.000000 0.000000
0.984469 0.175558 0.000000 151.693528 -0.175558 0.984469 0.000000 -8.933062 0.000000 0.000000 1.000000 0.000000
0.984536 0.175185 0.000000 152.297981 -0.175185 0.984536 0.000000 -9.016343 0.000000 0.000000 1.000000 0.000000
0.983852 0.178981 0.000000 153.216638 -0.178981 0.983852 0.000000 -9.320099 0.000000 0.000000 1.000000 0.000000
0.983763 0.179473 0.000000 153.839629 -0.179473 0.983763 0.000000 -9.454620 0.000000 0.000000 1.000000 0.000000
0.984718 0.174159 0.000000 154.232073 -0.174159 0.984718 0.000000 -9.312320 0.000000 0.000000 1.000000 0.000000
0.985016 0.172465 0.000000 154.792563 -0.172465 0.985016 0.000000 -9.392399 0.000000 0.000000 1.000000 0.000000
0.984833 0.173503 0.000000 155.350670 -0.173503 0.984833 0.000000 -9.425907 0.000000 0.000000 1.000000 0.000000
0.984567 0.175010 0.000000 155.870934 -0.175010 0.984567 0.000000 -9.542285 0.000000 0.000000 1.000000 0.000000
0.984424 0.175808 0.000000 156.532136 -0.175808 0.984424 0.000000 -9.694152 0.000000 0.000000 1.000000 0.000000
0.985030 0.172383 0.000000 157.194715 -0.172383 0.985030 0.000000 -9.783475 0.000000 0.000000 1.000000 0.000000
0.984673 0.174413 0.000000 157.810451 -0.174413 0.984673 0.000000 -9.964693 0.000000 0.000000 1.000000 0.000000
0.984958 0.172793 0.000000 158.363870 -0.172793 0.984958 0.000000 -10.179521 0.000000 0.000000 1.000000 0.000000
0.985122 0.171854 0.000000 158.930248 -0.171854 0.985122 0.000000 -10.317382 0.000000 0.000000 1.000000 0.000000
0.985373 0.170413 0.000000 159.509869 -0.170413 0.985373 0.000000 -10.464314 0.000000 0.000000 1.000000 0.000000
0.985168 0.171591 0.000000 160.140872 -0.171591 0.985168 0.000000 -10.569863 0.000000 0.000000 1.000000 0.000000
0.985174 0.171557 0.000000 160.708041 -0.171557 0.985174 0.000000 -10.706682 0.000000 0.000000 1.000000 0.000000
0.985631 0.168914 0.000000 161.279527 -0.168914 0.985631 0.000000 -10.793651 0.000000 0.000000 1.000000 0.000000
0.985508 0.169626 0.000000 161.863810 -0.169626 0.985508 0.000000 -10.937132 0.000000 0.000000 1.000000 0.000000
0.985393 0.170295 0.000000 163.068452 -0.170295 0.985393 0.000000 -11.105023 0.000000 0.000000 1.000000 0.000000
0.985659 0.168748 0.000000 163.594595 -0.168748 0.985659 0.000000 -11.241445 0.000000 0.000000 1.000000 0.000000
0.985150 0.171697 0.000000 164.330171 -0.171697 0.985150 0.000000 -11.399011 0.000000 0.000000 1.000000 0.000000
0.984516 0.175294 0.000000 164.967102 -0.175294 0.984516 0.000000 -11.538781 0.000000 0.000000 1.000000 0.000000
0.984502 0.175371 0.000000 165.525599 -0.175371 0.984502 0.000000 -11.644408 0.000000 0.000000 1.000000 0.000000
0.984081 0.177723 0.000000 166.614639 -0.177723 0.984081 0.000000 -11.867010 0.000000 0.000000 1.000000 0.000000
0.984168 0.177241 0.000000 167.180137 -0.177241 0.984168 0.000000 -12.008581 0.000000 0.000000 1.000000 0.000000
0.983758 0.179502 0.000000 167.594638 -0.179502 0.983758 0.000000 -12.092239 0.000000 0.000000 1.000000 0.000000
0.984305 0.176477 0.000000 168.209805 -0.176477 0.984305 0.000000 -12.193351 0.000000 0.000000 1.000000 0.000000
0.984191 0.177109 0.000000 168.865685 -0.177109 0.984191 0.000000 -12.347286 0.000000 0.000000 1.000000 0.000000
0.983684 0.179905 0.000000 169.438846 -0.179905 0.983684 0.000000 -12.441964 0.000000 0.000000 1.000000 0.000000
0.983095 0.183095 0.000000 170.208518 -0.183095 0.983095 0.000000 -12.640010 0.000000 0.000000 1.000000 0.000000
0.982882 0.184238 0.000000 170.691281 -0.184238 0.982882 0.000000 -12.705392 0.000000 0.000000 1.000000 0.000000
0.982686 0.185280 0.000000 171.258457 -0.185280 0.982686 0.000000 -12.804618 0.000000 0.000000 1.000000 0.000000
0.982602 0.185726 0.000000 171.939347 -0.185726 0.982602 0.000000 -12.909855 0.000000 0.000000 1.000000 0.000000
0.982759 0.184894 0.000000 172.441509 -0.184894 0.982759 0.000000 -13.034467 0.000000 0.000000 1.000000 0.000000
0.983245 0.182291 0.000000 173.048220 -0.182291 0.983245 0.000000 -13.167431 0.000000 0.000000 1.000000 0.000000
0.983269 0.182161 0.000000 173.666127 -0.182161 0.983269 0.000000 -13.290050 0.000000 0.000000 1.000000 0.000000
0.982618 0.185637 0.000000 174.158739 -0.185637 0.982618 0.000000 -13.402064 0.000000 0.000000 1.000000 0.000000
0.982133 0.188186 0.000000 174.836044 -0.188186 0.982133 0.000000 -13.501540 0.000000 0.000000 1.000000 0.000000
0.982303 0.187300 0.000000 175.438484 -0.187300 0.982303 0.000000 -13.652364 0.000000 0.000000 1.000000 0.000000
0.982385 0.186868 0.000000 176.020349 -0.186868 0.982385 0.000000 -13.773279 0.000000 0.000000 1.000000 0.000000
0.983055 0.183309 0.000000 176.597615 -0.183309 0.983055 0.000000 -13.865356 0.000000 0.000000 1.000000 0.000000
0.983212 0.182469 0.000000 177.182920 -0.182469 0.983212 0.000000 -13.989607 0.000000 0.000000 1.000000 0.000000
0.983603 0.180346 0.000000 177.768677 -0.180346 0.983603 0.000000 -14.154288 0.000000 0.000000 1.000000 0.000000
0.983623 0.180237 0.000000 178.392498 -0.180237 0.983623 0.000000 -14.277041 0.000000 0.000000 1.000000 0.000000
0.984001 0.178163 0.000000 178.933357 -0.178163 0.984001 0.000000 -14.373031 0.000000 0.000000 1.000000 0.000000
0.984064 0.177812 0.000000 179.525663 -0.177812 0.984064 0.000000 -14.463919 0.000000 0.000000 1.000000 0.000000
0.983980 0.178279 0.000000 180.227484 -0.178279 0.983980 0.000000 -14.522982 0.000000 0.000000 1.000000 0.000000
0.984073 0.177766 0.000000 180.850385 -0.177766 0.984073 0.000000 -14.609975 0.000000 0.000000 1.000000 0.000000
0.984101 0.177612 0.000000 181.542851 -0.177612 0.984101 0.000000 -14.687694 0.000000 0.000000 1.000000 0.000000
0.984337 0.176298 0.000000 182.149541 -0.176298 0.984337 0.000000 -14.822086 0.000000 0.000000 1.000000 0.000000
0.984408 0.175899 0.000000 182.832158 -0.175899 0.984408 0.000000 -14.996186 0.000000 0.000000 1.000000 0.000000
0.984516 0.175293 0.000000 183.391570 -0.175293 0.984516 0.000000 -15.279644 0.000000 0.000000 1.000000 0.000000
0.984039 0.177953 0.000000 184.115403 -0.177953 0.984039 0.000000 -15.404144 0.000000 0.000000 1.000000 0.000000
0.984212 0.176992 0.000000 184.691729 -0.176992 0.984212 0.000000 -15.528027 0.000000 0.000000 1.000000 0.000000
0.984361 0.176164 0.000000 185.274609 -0.176164 0.984361 0.000000 -15.629013 0.000000 0.000000 1.000000 0.000000
0.984392 0.175992 0.000000 185.900006 -0.175992 0.984392 0.000000 -15.800509 0.000000 0.000000 1.000000 0.000000
0.983963 0.178375 0.000000 186.532406 -0.178375 0.983963 0.000000 -15.956935 0.000000 0.000000 1.000000 0.000000
0.983776 0.179401 0.000000 187.151268 -0.179401 0.983776 0.000000 -16.055058 0.000000 0.000000 1.000000 0.000000
0.983532 0.180735 0.000000 187.765181 -0.180735 0.983532 0.000000 -16.188522 0.000000 0.000000 1.000000 0.000000
0.983567 0.180541 0.000000 188.350640 -0.180541 0.983567 0.000000 -16.262192 0.000000 0.000000 1.000000 0.000000
0.983158 0.182756 0.000000 188.965640 -0.182756 0.983158 0.000000 -16.361279 0.000000 0.000000 1.000000 0.000000
0.983239 0.182323 0.000000 189.543525 -0.182323 0.983239 0.000000 -16.451671 0.000000 0.000000 1.000000 0.000000
0.982767 0.184847 0.000000 190.221416 -0.184847 0.982767 0.000000 -16.573254 0.000000 0.000000 1.000000 0.000000
0.982932 0.183972 0.000000 190.767862 -0.183972 0.982932 0.000000 -16.737871 0.000000 0.000000 1.000000 0.000000
0.982699 0.185211 0.000000 191.349771 -0.185211 0.982699 0.000000 -16.734614 0.000000 0.000000 1.000000 0.000000
0.983373 0.181597 0.000000 192.029092 -0.181597 0.983373 0.000000 -16.853549 0.000000 0.000000 1.000000 0.000000
0.983630 0.180202 0.000000 192.631692 -0.180202 0.983630 0.000000 -16.982527 0.000000 0.000000 1.000000 0.000000
0.983652 0.180078 0.000000 193.198460 -0.180078 0.983652 0.000000 -17.067973 0.000000 0.000000 1.000000 0.000000
0.983486 0.180984 0.000000 193.733347 -0.180984 0.983486 0.000000 -17.114145 0.000000 0.000000 1.000000 0.000000
0.983339 0.181780 0.000000 194.245292 -0.181780 0.983339 0.000000 -17.214821 0.000000 0.000000 1.000000 0.000000
0.983049 0.183342 0.000000 194.799612 -0.183342 0.983049 0.000000 -17.308959 0.000000 0.000000 1.000000 0.000000
0.982922 0.184021 0.000000 195.456410 -0.184021 0.982922 0.000000 -17.399608 0.000000 0.000000 1.000000 0.000000
0.982492 0.186304 0.000000 196.053800 -0.186304 0.982492 0.000000 -17.573676 0.000000 0.000000 1.000000 0.000000
0.982834 0.184490 0.000000 196.716910 -0.184490 0.982834 0.000000 -17.728538 0.000000 0.000000 1.000000 0.000000
0.982171 0.187991 0.000000 197.322716 -0.187991 0.982171 0.000000 -17.783059 0.000000 0.000000 1.000000 0.000000
0.981705 0.190407 0.000000 197.990122 -0.190407 0.981705 0.000000 -17.951400 0.000000 0.000000 1.000000 0.000000
0.981708 0.190393 0.000000 198.573008 -0.190393 0.981708 0.000000 -18.047857 0.000000 0.000000 1.000000 0.000000
0.981220 0.192893 0.000000 199.205447 -0.192893 0.981220 0.000000 -18.171047 0.000000 0.000000 1.000000 0.000000
0.981454 0.191698 0.000000 199.926406 -0.191698 0.981454 0.000000 -18.321536 0.000000 0.000000 1.000000 0.000000
0.981782 0.190012 0.000000 200.580220 -0.190012 0.981782 0.000000 -18.427311 0.000000 0.000000 1.000000 0.000000
0.982554 0.185977 0.000000 201.095872 -0.185977 0.982554 0.000000 -18.471885 0.000000 0.000000 1.000000 0.000000
0.982407 0.186753 0.000000 201.678847 -0.186753 0.982407 0.000000 -18.642913 0.000000 0.000000 1.000000 0.000000
0.982453 0.186510 0.000000 202.616384 -0.186510 0.982453 0.000000 -18.868530 0.000000 0.000000 1.000000 0.000000
0.982343 0.187091 0.000000 203.088158 -0.187091 0.982343 0.000000 -18.914138 0.000000 0.000000 1.000000 0.000000
0.982211 0.187782 0.000000 203.844750 -0.187782 0.982211 0.000000 -19.119371 0.000000 0.000000 1.000000 0.000000
0.982025 0.188752 0.000000 204.437793 -0.188752 0.982025 0.000000 -19.203130 0.000000 0.000000 1.000000 0.000000
0.982270 0.187469 0.000000 205.277102 -0.187469 0.982270 0.000000 -19.379464 0.000000 0.000000 1.000000 0.000000
0.982292 0.187356 0.000000 205.937963 -0.187356 0.982292 0.000000 -19.587551 0.000000 0.000000 1.000000 0.000000
0.982325 0.187183 0.000000 206.596794 -0.187183 0.982325 0.000000 -19.702053 0.000000 0.000000 1.000000 0.000000
0.982250 0.187577 0.000000 207.216713 -0.187577 0.982250 0.000000 -19.845015 0.000000 0.000000 1.000000 0.000000
0.982120 0.188256 0.000000 207.653475 -0.188256 0.982120 0.000000 -19.928289 0.000000 0.000000 1.000000 0.000000
0.982584 0.185819 0.000000 208.245380 -0.185819 0.982584 0.000000 -20.042560 0.000000 0.000000 1.000000 0.000000
0.982454 0.186505 0.000000 208.842969 -0.186505 0.982454 0.000000 -20.170677 0.000000 0.000000 1.000000 0.000000
0.982899 0.184145 0.000000 209.790363 -0.184145 0.982899 0.000000 -20.310898 0.000000 0.000000 1.000000 0.000000
0.983067 0.183247 0.000000 210.376064 -0.183247 0.983067 0.000000 -20.472207 0.000000 0.000000 1.000000 0.000000
0.983080 0.183178 0.000000 210.899159 -0.183178 0.983080 0.000000 -20.572330 0.000000 0.000000 1.000000 0.000000
0.983366 0.181636 0.000000 211.446443 -0.181636 0.983366 0.000000 -20.649987 0.000000 0.000000 1.000000 0.000000
