0.999999 -0.001705 0.000000 0.625530 0.001705 0.999999 0.000000 -0.021427 0.000000 0.000000 1.000000 0.000000
0.999998 -0.002121 0.000000 1.250807 0.002121 0.999998 0.000000 -0.036678 0.000000 0.000000 1.000000 0.000000
1.000000 0.000919 0.000000 2.504935 -0.000919 1.000000 0.000000 -0.072109 0.000000 0.000000 1.000000 0.000000
0.999997 -0.002339 0.000000 3.128391 0.002339 0.999997 0.000000 -0.085706 0.000000 0.000000 1.000000 0.000000
0.999986 -0.005303 0.000000 3.755242 0.005303 0.999986 0.000000 -0.093671 0.000000 0.000000 1.000000 0.000000
0.999985 -0.005501 0.000000 4.382070 0.005501 0.999985 0.000000 -0.100868 0.000000 0.000000 1.000000 0.000000
0.999980 -0.006255 0.000000 5.054112 0.006255 0.999980 0.000000 -0.121366 0.000000 0.000000 1.000000 0.000000
0.999982 -0.005968 0.000000 5.682980 0.005968 0.999982 0.000000 -0.136811 0.000000 0.000000 1.000000 0.000000
0.999983 -0.005863 0.000000 6.308454 0.005863 0.999983 0.000000 -0.145173 0.000000 0.000000 1.000000 0.000000
0.999978 -0.006596 0.000000 6.934466 0.006596 0.999978 0.000000 -0.151323 0.000000 0.000000 1.000000 0.000000
0.999963 -0.008596 0.000000 7.562376 0.008596 0.999963 0.000000 -0.161576 0.000000 0.000000 1.000000 0.000000
0.999957 -0.009236 0.000000 8.185538 0.009236 0.999957 0.000000 -0.167136 0.000000 0.000000 1.000000 0.000000
0.999960 -0.008925 0.000000 8.811587 0.008925 0.999960 0.000000 -0.175625 0.000000 0.000000 1.000000 0.000000
0.999959 -0.009024 0.000000 9.430233 0.009024 0.999959 0.000000 -0.186934 0.000000 0.000000 1.000000 0.000000
0.999961 -0.008875 0.000000 10.086721 0.008875 0.999961 0.000000 -0.194442 0.000000 0.000000 1.000000 0.000000
0.999956 -0.009396 0.000000 10.672212 0.009396 0.999956 0.000000 -0.200958 0.000000 0.000000 1.000000 0.000000
0.999959 -0.009065 0.000000 11.292376 0.009065 0.999959 0.000000 -0.208622 0.000000 0.000000 1.000000 0.000000
0.999946 -0.010394 0.000000 11.916175 0.010394 0.999946 0.000000 -0.222857 0.000000 0.000000 1.000000 0.000000
0.999908 -0.013580 0.000000 12.564339 0.013580 0.999908 0.000000 -0.235486 0.000000 0.000000 1.000000 0.000000
0.999856 -0.016947 0.000000 13.190353 0.016947 0.999856 0.000000 -0.244396 0.000000 0.000000 1.000000 0.000000
0.999780 -0.020966 0.000000 13.814060 0.020966 0.999780 0.000000 -0.251901 0.000000 0.000000 1.000000 0.000000
0.999808 -0.019597 0.000000 14.434405 0.019597 0.999808 0.000000 -0.253560 0.000000 0.000000 1.000000 0.000000
0.999825 -0.018724 0.000000 15.064689 0.018724 0.999825 0.000000 -0.254919 0.000000 0.000000 1.000000 0.000000
0.999805 -0.019728 0.000000 15.684244 0.019728 0.999805 0.000000 -0.253576 0.000000 0.000000 1.000000 0.000000
0.999809 -0.019546 0.000000 16.287539 0.019546 0.999809 0.000000 -0.253998 0.000000 0.000000 1.000000 0.000000
0.999808 -0.019596 0.000000 16.911277 0.019596 0.999808 0.000000 -0.251211 0.000000 0.000000 1.000000 0.000000
0.999825 -0.018733 0.000000 17.538350 0.018733 0.999825 0.000000 -0.248954 0.000000 0.000000 1.000000 0.000000
0.999821 -0.018942 0.000000 18.124347 0.018942 0.999821 0.000000 -0.249683 0.000000 0.000000 1.000000 0.000000
0.999776 -0.021185 0.000000 18.752043 0.021185 0.999776 0.000000 -0.255118 0.000000 0.000000 1.000000 0.000000
0.999731 -0.023188 0.000000 19.362062 0.023188 0.999731 0.000000 -0.255826 0.000000 0.000000 1.000000 0.000000
0.999701 -0.024441 0.000000 19.960738 0.024441 0.999701 0.000000 -0.257057 0.000000 0.000000 1.000000 0.000000
0.999698 -0.024565 0.000000 20.584923 0.024565 0.999698 0.000000 -0.261691 0.000000 0.000000 1.000000 0.000000
0.999712 -0.024016 0.000000 21.217295 0.024016 0.999712 0.000000 -0.265531 0.000000 0.000000 1.000000 0.000000
0.999741 -0.022745 0.000000 21.841012 0.022745 0.999741 0.000000 -0.267774 0.000000 0.000000 1.000000 0.000000
0.999806 -0.019680 0.000000 22.434337 0.019680 0.999806 0.000000 -0.267298 0.000000 0.000000 1.000000 0.000000
0.999871 -0.016069 0.000000 23.070726 0.016069 0.999871 0.000000 -0.270188 0.000000 0.000000 1.000000 0.000000
0.999898 -0.014248 0.000000 23.660571 0.014248 0.999898 0.000000 -0.273260 0.000000 0.000000 1.000000 0.000000
0.999904 -0.013868 0.000000 24.292224 0.013868 0.999904 0.000000 -0.277935 0.000000 0.000000 1.000000 0.000000
0.999892 -0.014676 0.000000 24.933650 0.014676 0.999892 0.000000 -0.284353 0.000000 0.000000 1.000000 0.000000
0.999906 -0.013738 0.000000 25.756241 0.013738 0.999906 0.000000 -0.293237 0.000000 0.000000 1.000000 0.000000
0.999927 -0.012090 0.000000 26.390803 0.012090 0.999927 0.000000 -0.293441 0.000000 0.000000 1.000000 0.000000
0.999940 -0.010960 0.000000 27.027947 0.010960 0.999940 0.000000 -0.291259 0.000000 0.000000 1.000000 0.000000
0.999956 -0.009414 0.000000 27.668043 0.009414 0.999956 0.000000 -0.292834 0.000000 0.000000 1.000000 0.000000
0.999960 -0.008920 0.000000 28.299176 0.008920 0.999960 0.000000 -0.301487 0.000000 0.000000 1.000000 0.000000
0.999966 -0.008269 0.000000 28.941950 0.008269 0.999966 0.000000 -0.309027 0.000000 0.000000 1.000000 0.000000
0.999985 -0.005548 0.000000 29.578324 0.005548 0.999985 0.000000 -0.313660 0.000000 0.000000 1.000000 0.000000
0.999996 -0.002869 0.000000 30.219546 0.002869 0.999996 0.000000 -0.322794 0.000000 0.000000 1.000000 0.000000
0.999999 -0.001231 0.000000 30.854124 0.001231 0.999999 0.000000 -0.334583 0.000000 0.000000 1.000000 0.000000
1.000000 -0.000412 0.000000 31.495211 0.000412 1.000000 0.000000 -0.351902 0.000000 0.000000 1.000000 0.000000
0.999999 0.001236 0.000000 32.138302 -0.001236 0.999999 0.000000 -0.362248 0.000000 0.000000 1.000000 0.000000
0.999999 0.001126 0.000000 32.772842 -0.001126 0.999999 0.000000 -0.381156 0.000000 0.000000 1.000000 0.000000
0.999997 0.002540 0.000000 33.413157 -0.002540 0.999997 0.000000 -0.395532 0.000000 0.000000 1.000000 0.000000
0.999996 0.002796 0.000000 34.051142 -0.002796 0.999996 0.000000 -0.413886 0.000000 0.000000 1.000000 0.000000
0.999996 0.002934 0.000000 34.647142 -0.002934 0.999996 0.000000 -0.437094 0.000000 0.000000 1.000000 0.000000
0.999984 0.005578 0.000000 35.293360 -0.005578 0.999984 0.000000 -0.457360 0.000000 0.000000 1.000000 0.000000
0.999969 0.007833 0.000000 35.922713 -0.007833 0.999969 0.000000 -0.470134 0.000000 0.000000 1.000000 0.000000
0.999972 0.007474 0.000000 36.571301 -0.007474 0.999972 0.000000 -0.491695 0.000000 0.000000 1.000000 0.000000
0.999972 0.007429 0.000000 37.211676 -0.007429 0.999972 0.000000 -0.510580 0.000000 0.000000 1.000000 0.000000
0.999966 0.008215 0.000000 37.842198 -0.008215 0.999966 0.000000 -0.528691 0.000000 0.000000 1.000000 0.000000
0.999965 0.008380 0.000000 38.484605 -0.008380 0.999965 0.000000 -0.547784 0.000000 0.000000 1.000000 0.000000
0.999965 0.008366 0.000000 39.132668 -0.008366 0.999965 0.000000 -0.562683 0.000000 0.000000 1.000000 0.000000
0.999951 0.009875 0.000000 39.782512 -0.009875 0.999951 0.000000 -0.579043 0.000000 0.000000 1.000000 0.000000
0.999931 0.011718 0.000000 40.416493 -0.011718 0.999931 0.000000 -0.597386 0.000000 0.000000 1.000000 0.000000
0.999934 0.011501 0.000000 41.070378 -0.011501 0.999934 0.000000 -0.622637 0.000000 0.000000 1.000000 0.000000
0.999938 0.011169 0.000000 41.683324 -0.011169 0.999938 0.000000 -0.645589 0.000000 0.000000 1.000000 0.000000
0.999942 0.010783 0.000000 42.335723 -0.010783 0.999942 0.000000 -0.664239 0.000000 0.000000 1.000000 0.000000
0.999950 0.009974 0.000000 42.983968 -0.009974 0.999950 0.000000 -0.682840 0.000000 0.000000 1.000000 0.000000
0.999946 0.010366 0.000000 43.639052 -0.010366 0.999946 0.000000 -0.701922 0.000000 0.000000 1.000000 0.000000
0.999972 0.007460 0.000000 44.291859 -0.007460 0.999972 0.000000 -0.723263 0.000000 0.000000 1.000000 0.000000
0.999979 0.006434 0.000000 44.936557 -0.006434 0.999979 0.000000 -0.740450 0.000000 0.000000 1.000000 0.000000
0.999975 0.007098 0.000000 45.549522 -0.007098 0.999975 0.000000 -0.750407 0.000000 0.000000 1.000000 0.000000
0.999960 0.008922 0.000000 46.202062 -0.008922 0.999960 0.000000 -0.760580 0.000000 0.000000 1.000000 0.000000
0.999937 0.011254 0.000000 46.852259 -0.011254 0.999937 0.000000 -0.778374 0.000000 0.000000 1.000000 0.000000
0.999920 0.012638 0.000000 47.505756 -0.012638 0.999920 0.000000 -0.798944 0.000000 0.000000 1.000000 0.000000
0.999933 0.011552 0.000000 48.163094 -0.011552 0.999933 0.000000 -0.818297 0.000000 0.000000 1.000000 0.000000
0.999957 0.009220 0.000000 48.820861 -0.009220 0.999957 0.000000 -0.838556 0.000000 0.000000 1.000000 0.000000
0.999944 0.010613 0.000000 49.839219 -0.010613 0.999944 0.000000 -0.879802 0.000000 0.000000 1.000000 0.000000
0.999955 0.009499 0.000000 50.526520 -0.009499 0.999955 0.000000 -0.900881 0.000000 0.000000 1.000000 0.000000
0.999963 0.008647 0.000000 51.157248 -0.008647 0.999963 0.000000 -0.919209 0.000000 0.000000 1.000000 0.000000
0.999964 0.008472 0.000000 51.814435 -0.008472 0.999964 0.000000 -0.941287 0.000000 0.000000 1.000000 0.000000
0.999962 0.008773 0.000000 52.471330 -0.008773 0.999962 0.000000 -0.966248 0.000000 0.000000 1.000000 0.000000
0.999968 0.008003 0.000000 53.128785 -0.008003 0.999968 0.000000 -0.988091 0.000000 0.000000 1.000000 0.000000
0.999978 0.006687 0.000000 53.784426 -0.006687 0.999978 0.000000 -1.012009 0.000000 0.000000 1.000000 0.000000
0.999980 0.006372 0.000000 54.433568 -0.006372 0.999980 0.000000 -1.035004 0.000000 0.000000 1.000000 0.000000
0.999990 0.004456 0.000000 55.766638 -0.004456 0.999990 0.000000 -1.072282 0.000000 0.000000 1.000000 0.000000
0.999998 0.001976 0.000000 56.416644 -0.001976 0.999998 0.000000 -1.086093 0.000000 0.000000 1.000000 0.000000
1.000000 -0.000342 0.000000 57.053684 0.000342 1.000000 0.000000 -1.101554 0.000000 0.000000 1.000000 0.000000
1.000000 -0.000093 0.000000 57.694570 0.000093 1.000000 0.000000 -1.121453 0.000000 0.000000 1.000000 0.000000
0.999999 0.001174 0.000000 58.333490 -0.001174 0.999999 0.000000 -1.142003 0.000000 0.000000 1.000000 0.000000
0.999999 0.001223 0.000000 59.006670 -0.001223 0.999999 0.000000 -1.162705 0.000000 0.000000 1.000000 0.000000
0.999999 0.001506 0.000000 59.639367 -0.001506 0.999999 0.000000 -1.177665 0.000000 0.000000 1.000000 0.000000
0.999995 0.003062 0.000000 60.241223 -0.003062 0.999995 0.000000 -1.191339 0.000000 0.000000 1.000000 0.000000
0.999991 0.004173 0.000000 60.864818 -0.004173 0.999991 0.000000 -1.209929 0.000000 0.000000 1.000000 0.000000
0.999987 0.005174 0.000000 61.450231 -0.005174 0.999987 0.000000 -1.232417 0.000000 0.000000 1.000000 0.000000
0.999982 0.006015 0.000000 62.078647 -0.006015 0.999982 0.000000 -1.257452 0.000000 0.000000 1.000000 0.000000
0.999982 0.006042 0.000000 62.704714 -0.006042 0.999982 0.000000 -1.285129 0.000000 0.000000 1.000000 0.000000
0.999983 0.005761 0.000000 63.286586 -0.005761 0.999983 0.000000 -1.311448 0.000000 0.000000 1.000000 0.000000
0.999987 0.005034 0.000000 63.908886 -0.005034 0.999987 0.000000 -1.338542 0.000000 0.000000 1.000000 0.000000
0.999991 0.004317 0.000000 64.520899 -0.004317 0.999991 0.000000 -1.366896 0.000000 0.000000 1.000000 0.000000
0.999991 0.004302 0.000000 65.092218 -0.004302 0.999991 0.000000 -1.393462 0.000000 0.000000 1.000000 0.000000
0.999992 0.003961 0.000000 65.701476 -0.003961 0.999992 0.000000 -1.417920 0.000000 0.000000 1.000000 0.000000
0.999983 0.005765 0.000000 66.270689 -0.005765 0.999983 0.000000 -1.434428 0.000000 0.000000 1.000000 0.000000
0.999966 0.008269 0.000000 66.876188 -0.008269 0.999966 0.000000 -1.453922 0.000000 0.000000 1.000000 0.000000
0.999962 0.008735 0.000000 67.479236 -0.008735 0.999962 0.000000 -1.477437 0.000000 0.000000 1.000000 0.000000
0.999954 0.009622 0.000000 68.315131 -0.009622 0.999954 0.000000 -1.511853 0.000000 0.000000 1.000000 0.000000
0.999942 0.010774 0.000000 68.904611 -0.010774 0.999942 0.000000 -1.539009 0.000000 0.000000 1.000000 0.000000
0.999948 0.010194 0.000000 69.502283 -0.010194 0.999948 0.000000 -1.565582 0.000000 0.000000 1.000000 0.000000
0.999968 0.008036 0.000000 70.099917 -0.008036 0.999968 0.000000 -1.585763 0.000000 0.000000 1.000000 0.000000
0.999976 0.006994 0.000000 70.694506 -0.006994 0.999976 0.000000 -1.604338 0.000000 0.000000 1.000000 0.000000
0.999990 0.004447 0.000000 71.288067 -0.004447 0.999990 0.000000 -1.622893 0.000000 0.000000 1.000000 0.000000
0.999993 0.003784 0.000000 71.918297 -0.003784 0.999993 0.000000 -1.639406 0.000000 0.000000 1.000000 0.000000
0.999994 0.003548 0.000000 72.511518 -0.003548 0.999994 0.000000 -1.654349 0.000000 0.000000 1.000000 0.000000
0.999992 0.003880 0.000000 73.100058 -0.003880 0.999992 0.000000 -1.673063 0.000000 0.000000 1.000000 0.000000
0.999988 0.004876 0.000000 74.277202 -0.004876 0.999988 0.000000 -1.712290 0.000000 0.000000 1.000000 0.000000
0.999988 0.004900 0.000000 74.864526 -0.004900 0.999988 0.000000 -1.734577 0.000000 0.000000 1.000000 0.000000
0.999977 0.006799 0.000000 75.448570 -0.006799 0.999977 0.000000 -1.760383 0.000000 0.000000 1.000000 0.000000
0.999968 0.008044 0.000000 76.029708 -0.008044 0.999968 0.000000 -1.793392 0.000000 0.000000 1.000000 0.000000
0.999959 0.009064 0.000000 76.612553 -0.009064 0.999959 0.000000 -1.821115 0.000000 0.000000 1.000000 0.000000
0.999948 0.010188 0.000000 77.188454 -0.010188 0.999948 0.000000 -1.850667 0.000000 0.000000 1.000000 0.000000
0.999961 0.008804 0.000000 77.758799 -0.008804 0.999961 0.000000 -1.878930 0.000000 0.000000 1.000000 0.000000
0.999973 0.007353 0.000000 78.322949 -0.007353 0.999973 0.000000 -1.903787 0.000000 0.000000 1.000000 0.000000
0.999972 0.007427 0.000000 78.885055 -0.007427 0.999972 0.000000 -1.927556 0.000000 0.000000 1.000000 0.000000
0.999968 0.007998 0.000000 79.439604 -0.007998 0.999968 0.000000 -1.952816 0.000000 0.000000 1.000000 0.000000
0.999968 0.007993 0.000000 79.989072 -0.007993 0.999968 0.000000 -1.976975 0.000000 0.000000 1.000000 0.000000
0.999968 0.008036 0.000000 80.532643 -0.008036 0.999968 0.000000 -2.003790 0.000000 0.000000 1.000000 0.000000
0.999959 0.009090 0.000000 81.070152 -0.009090 0.999959 0.000000 -2.030843 0.000000 0.000000 1.000000 0.000000
0.999940 0.010931 0.000000 81.581972 -0.010931 0.999940 0.000000 -2.051923 0.000000 0.000000 1.000000 0.000000
0.999915 0.013038 0.000000 82.122827 -0.013038 0.999915 0.000000 -2.071571 0.000000 0.000000 1.000000 0.000000
0.999875 0.015829 0.000000 82.643538 -0.015829 0.999875 0.000000 -2.090988 0.000000 0.000000 1.000000 0.000000
0.999853 0.017172 0.000000 83.150028 -0.017172 0.999853 0.000000 -2.110346 0.000000 0.000000 1.000000 0.000000
0.999860 0.016719 0.000000 83.685199 -0.016719 0.999860 0.000000 -2.141193 0.000000 0.000000 1.000000 0.000000
0.999865 0.016440 0.000000 84.214556 -0.016440 0.999865 0.000000 -2.168097 0.000000 0.000000 1.000000 0.000000
0.999859 0.016803 0.000000 84.702344 -0.016803 0.999859 0.000000 -2.195900 0.000000 0.000000 1.000000 0.000000
0.999835 0.018178 0.000000 85.228170 -0.018178 0.999835 0.000000 -2.227487 0.000000 0.000000 1.000000 0.000000
0.999820 0.018981 0.000000 85.741233 -0.018981 0.999820 0.000000 -2.257079 0.000000 0.000000 1.000000 0.000000
0.999827 0.018614 0.000000 86.223834 -0.018614 0.999827 0.000000 -2.282469 0.000000 0.000000 1.000000 0.000000
0.999809 0.019534 0.000000 86.742581 -0.019534 0.999809 0.000000 -2.307116 0.000000 0.000000 1.000000 0.000000
0.999776 0.021151 0.000000 87.251647 -0.021151 0.999776 0.000000 -2.331777 0.000000 0.000000 1.000000 0.000000
0.999747 0.022498 0.000000 87.727959 -0.022498 0.999747 0.000000 -2.359453 0.000000 0.000000 1.000000 0.000000
0.999737 0.022939 0.000000 88.237262 -0.022939 0.999737 0.000000 -2.390512 0.000000 0.000000 1.000000 0.000000
0.999712 0.023996 0.000000 88.715722 -0.023996 0.999712 0.000000 -2.421250 0.000000 0.000000 1.000000 0.000000
0.999679 0.025329 0.000000 89.224151 -0.025329 0.999679 0.000000 -2.454059 0.000000 0.000000 1.000000 0.000000
0.999686 0.025068 0.000000 89.889582 -0.025068 0.999686 0.000000 -2.492772 0.000000 0.000000 1.000000 0.000000
0.999687 0.025033 0.000000 90.386858 -0.025033 0.999687 0.000000 -2.520567 0.000000 0.000000 1.000000 0.000000
0.999671 0.025668 0.000000 90.879482 -0.025668 0.999671 0.000000 -2.544254 0.000000 0.000000 1.000000 0.000000
0.999664 0.025915 0.000000 91.369655 -0.025915 0.999664 0.000000 -2.568312 0.000000 0.000000 1.000000 0.000000
0.999692 0.024810 0.000000 91.853793 -0.024810 0.999692 0.000000 -2.596760 0.000000 0.000000 1.000000 0.000000
0.999713 0.023960 0.000000 92.333402 -0.023960 0.999713 0.000000 -2.629822 0.000000 0.000000 1.000000 0.000000
0.999681 0.025257 0.000000 92.806347 -0.025257 0.999681 0.000000 -2.657828 0.000000 0.000000 1.000000 0.000000
0.999526 0.030776 0.000000 93.757357 -0.030776 0.999526 0.000000 -2.718262 0.000000 0.000000 1.000000 0.000000
0.999451 0.033141 0.000000 94.226888 -0.033141 0.999451 0.000000 -2.751554 0.000000 0.000000 1.000000 0.000000
0.999356 0.035873 0.000000 94.693133 -0.035873 0.999356 0.000000 -2.785482 0.000000 0.000000 1.000000 0.000000
0.999258 0.038511 0.000000 95.158876 -0.038511 0.999258 0.000000 -2.825316 0.000000 0.000000 1.000000 0.000000
0.999178 0.040550 0.000000 95.630965 -0.040550 0.999178 0.000000 -2.864796 0.000000 0.000000 1.000000 0.000000
0.999085 0.042777 0.000000 96.094108 -0.042777 0.999085 0.000000 -2.901761 0.000000 0.000000 1.000000 0.000000
0.998987 0.045004 0.000000 96.561766 -0.045004 0.998987 0.000000 -2.942868 0.000000 0.000000 1.000000 0.000000
0.998787 0.049230 0.000000 97.022229 -0.049230 0.998787 0.000000 -2.977331 0.000000 0.000000 1.000000 0.000000
0.998566 0.053543 0.000000 97.482503 -0.053543 0.998566 0.000000 -3.014542 0.000000 0.000000 1.000000 0.000000
0.998430 0.056010 0.000000 97.937838 -0.056010 0.998430 0.000000 -3.056090 0.000000 0.000000 1.000000 0.000000
0.998310 0.058106 0.000000 98.359924 -0.058106 0.998310 0.000000 -3.098757 0.000000 0.000000 1.000000 0.000000
0.998221 0.059627 0.000000 98.801346 -0.059627 0.998221 0.000000 -3.143489 0.000000 0.000000 1.000000 0.000000
0.998174 0.060403 0.000000 99.238915 -0.060403 0.998174 0.000000 -3.191927 0.000000 0.000000 1.000000 0.000000
0.998077 0.061992 0.000000 99.673302 -0.061992 0.998077 0.000000 -3.240822 0.000000 0.000000 1.000000 0.000000
0.997913 0.064578 0.000000 100.100920 -0.064578 0.997913 0.000000 -3.285587 0.000000 0.000000 1.000000 0.000000
0.997661 0.068349 0.000000 100.523045 -0.068349 0.997661 0.000000 -3.326101 0.000000 0.000000 1.000000 0.000000
0.997249 0.074124 0.000000 100.940347 -0.074124 0.997249 0.000000 -3.367019 0.000000 0.000000 1.000000 0.000000
0.997039 0.076898 0.000000 101.347480 -0.076898 0.997039 0.000000 -3.409773 0.000000 0.000000 1.000000 0.000000
0.997094 0.076182 0.000000 101.754013 -0.076182 0.997094 0.000000 -3.456148 0.000000 0.000000 1.000000 0.000000
0.997056 0.076676 0.000000 102.160748 -0.076676 0.997056 0.000000 -3.503886 0.000000 0.000000 1.000000 0.000000
0.996950 0.078047 0.000000 102.549789 -0.078047 0.996950 0.000000 -3.557072 0.000000 0.000000 1.000000 0.000000
0.996754 0.080507 0.000000 102.951896 -0.080507 0.996754 0.000000 -3.611701 0.000000 0.000000 1.000000 0.000000
0.996275 0.086229 0.000000 103.334752 -0.086229 0.996275 0.000000 -3.654418 0.000000 0.000000 1.000000 0.000000
0.996058 0.088706 0.000000 103.734211 -0.088706 0.996058 0.000000 -3.699568 0.000000 0.000000 1.000000 0.000000
0.996005 0.089298 0.000000 104.125894 -0.089298 0.996005 0.000000 -3.744335 0.000000 0.000000 1.000000 0.000000
0.995718 0.092441 0.000000 104.503524 -0.092441 0.995718 0.000000 -3.784313 0.000000 0.000000 1.000000 0.000000
0.995335 0.096478 0.000000 104.911605 -0.096478 0.995335 0.000000 -3.831378 0.000000 0.000000 1.000000 0.000000
0.994925 0.100614 0.000000 105.310640 -0.100614 0.994925 0.000000 -3.877816 0.000000 0.000000 1.000000 0.000000
0.994519 0.104555 0.000000 105.875692 -0.104555 0.994519 0.000000 -3.957608 0.000000 0.000000 1.000000 0.000000
0.994298 0.106639 0.000000 106.287663 -0.106639 0.994298 0.000000 -4.016643 0.000000 0.000000 1.000000 0.000000
0.994073 0.108717 0.000000 106.698938 -0.108717 0.994073 0.000000 -4.075491 0.000000 0.000000 1.000000 0.000000
0.993839 0.110835 0.000000 107.117183 -0.110835 0.993839 0.000000 -4.135467 0.000000 0.000000 1.000000 0.000000
0.993620 0.112781 0.000000 107.534915 -0.112781 0.993620 0.000000 -4.196942 0.000000 0.000000 1.000000 0.000000
0.993526 0.113604 0.000000 107.954768 -0.113604 0.993526 0.000000 -4.258681 0.000000 0.000000 1.000000 0.000000
0.993416 0.114566 0.000000 108.377588 -0.114566 0.993416 0.000000 -4.321666 0.000000 0.000000 1.000000 0.000000
0.992958 0.118470 0.000000 108.796983 -0.118470 0.992958 0.000000 -4.383372 0.000000 0.000000 1.000000 0.000000
0.992306 0.123809 0.000000 109.528531 -0.123809 0.992306 0.000000 -4.499526 0.000000 0.000000 1.000000 0.000000
0.992404 0.123025 0.000000 109.952350 -0.123025 0.992404 0.000000 -4.570832 0.000000 0.000000 1.000000 0.000000
0.992432 0.122794 0.000000 110.385966 -0.122794 0.992432 0.000000 -4.636161 0.000000 0.000000 1.000000 0.000000
0.992420 0.122893 0.000000 110.815073 -0.122893 0.992420 0.000000 -4.701635 0.000000 0.000000 1.000000 0.000000
0.992325 0.123659 0.000000 111.250909 -0.123659 0.992325 0.000000 -4.756850 0.000000 0.000000 1.000000 0.000000
0.992056 0.125801 0.000000 111.681793 -0.125801 0.992056 0.000000 -4.815698 0.000000 0.000000 1.000000 0.000000
0.992085 0.125565 0.000000 112.118972 -0.125565 0.992085 0.000000 -4.880012 0.000000 0.000000 1.000000 0.000000
0.992139 0.125139 0.000000 112.559790 -0.125139 0.992139 0.000000 -4.946675 0.000000 0.000000 1.000000 0.000000
0.992130 0.125211 0.000000 113.005480 -0.125211 0.992130 0.000000 -5.015901 0.000000 0.000000 1.000000 0.000000
0.991923 0.126844 0.000000 113.453876 -0.126844 0.991923 0.000000 -5.088551 0.000000 0.000000 1.000000 0.000000
0.991617 0.129214 0.000000 113.897840 -0.129214 0.991617 0.000000 -5.161840 0.000000 0.000000 1.000000 0.000000
0.991637 0.129059 0.000000 114.723767 -0.129059 0.991637 0.000000 -5.295460 0.000000 0.000000 1.000000 0.000000
0.991493 0.130159 0.000000 115.178750 -0.130159 0.991493 0.000000 -5.366091 0.000000 0.000000 1.000000 0.000000
0.991255 0.131957 0.000000 115.638995 -0.131957 0.991255 0.000000 -5.440728 0.000000 0.000000 1.000000 0.000000
0.991098 0.133135 0.000000 116.098331 -0.133135 0.991098 0.000000 -5.526452 0.000000 0.000000 1.000000 0.000000
0.990847 0.134991 0.000000 116.556020 -0.134991 0.990847 0.000000 -5.608592 0.000000 0.000000 1.000000 0.000000
0.990684 0.136181 0.000000 117.018852 -0.136181 0.990684 0.000000 -5.691751 0.000000 0.000000 1.000000 0.000000
0.990361 0.138512 0.000000 117.482823 -0.138512 0.990361 0.000000 -5.772116 0.000000 0.000000 1.000000 0.000000
0.989759 0.142746 0.000000 117.948671 -0.142746 0.989759 0.000000 -5.849868 0.000000 0.000000 1.000000 0.000000
0.989091 0.147307 0.000000 118.447878 -0.147307 0.989091 0.000000 -5.936254 0.000000 0.000000 1.000000 0.000000
0.988770 0.149442 0.000000 118.886734 -0.149442 0.988770 0.000000 -6.016752 0.000000 0.000000 1.000000 0.000000
0.988643 0.150282 0.000000 119.386012 -0.150282 0.988643 0.000000 -6.110358 0.000000 0.000000 1.000000 0.000000
0.988442 0.151599 0.000000 119.858392 -0.151599 0.988442 0.000000 -6.195035 0.000000 0.000000 1.000000 0.000000
0.988612 0.150488 0.000000 120.328546 -0.150488 0.988612 0.000000 -6.279725 0.000000 0.000000 1.000000 0.000000
0.988745 0.149612 0.000000 120.794436 -0.149612 0.988745 0.000000 -6.370961 0.000000 0.000000 1.000000 0.000000
0.988446 0.151571 0.000000 121.265732 -0.151571 0.988446 0.000000 -6.455516 0.000000 0.000000 1.000000 0.000000
0.988073 0.153988 0.000000 121.740635 -0.153988 0.988073 0.000000 -6.544469 0.000000 0.000000 1.000000 0.000000
0.987252 0.159163 0.000000 122.215672 -0.159163 0.987252 0.000000 -6.633008 0.000000 0.000000 1.000000 0.000000
0.986400 0.164360 0.000000 122.689663 -0.164360 0.986400 0.000000 -6.721974 0.000000 0.000000 1.000000 0.000000
0.986054 0.166424 0.000000 123.141780 -0.166424 0.986054 0.000000 -6.809720 0.000000 0.000000 1.000000 0.000000
0.985694 0.168544 0.000000 123.627938 -0.168544 0.985694 0.000000 -6.902220 0.000000 0.000000 1.000000 0.000000
0.985295 0.170862 0.000000 124.113912 -0.170862 0.985295 0.000000 -6.997749 0.000000 0.000000 1.000000 0.000000
0.985090 0.172040 0.000000 124.904882 -0.172040 0.985090 0.000000 -7.159714 0.000000 0.000000 1.000000 0.000000
0.985525 0.169530 0.000000 125.389714 -0.169530 0.985525 0.000000 -7.263188 0.000000 0.000000 1.000000 0.000000
0.987258 0.159128 0.000000 126.369835 -0.159128 0.987258 0.000000 -7.468870 0.000000 0.000000 1.000000 0.000000
0.987947 0.154795 0.000000 126.863531 -0.154795 0.987947 0.000000 -7.570076 0.000000 0.000000 1.000000 0.000000
0.988323 0.152376 0.000000 127.358664 -0.152376 0.988323 0.000000 -7.665633 0.000000 0.000000 1.000000 0.000000
0.988595 0.150599 0.000000 127.855767 -0.150599 0.988595 0.000000 -7.755283 0.000000 0.000000 1.000000 0.000000
0.988553 0.150874 0.000000 128.363512 -0.150874 0.988553 0.000000 -7.846674 0.000000 0.000000 1.000000 0.000000
0.988457 0.151503 0.000000 128.865647 -0.151503 0.988457 0.000000 -7.929575 0.000000 0.000000 1.000000 0.000000
0.988846 0.148939 0.000000 129.402186 -0.148939 0.988846 0.000000 -8.024892 0.000000 0.000000 1.000000 0.000000
0.988471 0.151409 0.000000 129.888155 -0.151409 0.988471 0.000000 -8.107958 0.000000 0.000000 1.000000 0.000000
0.988236 0.152939 0.000000 130.398573 -0.152939 0.988236 0.000000 -8.193350 0.000000 0.000000 1.000000 0.000000
0.988134 0.153594 0.000000 130.918236 -0.153594 0.988134 0.000000 -8.281036 0.000000 0.000000 1.000000 0.000000
0.988121 0.153676 0.000000 131.402792 -0.153676 0.988121 0.000000 -8.366537 0.000000 0.000000 1.000000 0.000000
0.988136 0.153584 0.000000 131.920219 -0.153584 0.988136 0.000000 -8.460070 0.000000 0.000000 1.000000 0.000000
0.988007 0.154408 0.000000 132.449868 -0.154408 0.988007 0.000000 -8.551153 0.000000 0.000000 1.000000 0.000000
0.988003 0.154435 0.000000 132.940689 -0.154435 0.988003 0.000000 -8.630309 0.000000 0.000000 1.000000 0.000000
0.988216 0.153068 0.000000 133.467058 -0.153068 0.988216 0.000000 -8.720458 0.000000 0.000000 1.000000 0.000000
0.987787 0.155812 0.000000 134.001604 -0.155812 0.987787 0.000000 -8.815510 0.000000 0.000000 1.000000 0.000000
0.987347 0.158575 0.000000 134.626561 -0.158575 0.987347 0.000000 -8.922622 0.000000 0.000000 1.000000 0.000000
0.986676 0.162697 0.000000 135.189570 -0.162697 0.986676 0.000000 -9.015502 0.000000 0.000000 1.000000 0.000000
0.985745 0.168244 0.000000 135.682584 -0.168244 0.985745 0.000000 -9.114252 0.000000 0.000000 1.000000 0.000000
0.985342 0.170593 0.000000 136.212893 -0.170593 0.985342 0.000000 -9.214577 0.000000 0.000000 1.000000 0.000000
0.984584 0.174913 0.000000 136.746067 -0.174913 0.984584 0.000000 -9.325068 0.000000 0.000000 1.000000 0.000000
0.984330 0.176337 0.000000 137.283838 -0.176337 0.984330 0.000000 -9.433291 0.000000 0.000000 1.000000 0.000000
0.983575 0.180499 0.000000 141.121925 -0.180499 0.983575 0.000000 -10.223549 0.000000 0.000000 1.000000 0.000000
0.984046 0.177916 0.000000 141.633476 -0.177916 0.984046 0.000000 -10.329875 0.000000 0.000000 1.000000 0.000000
0.985113 0.171909 0.000000 142.787151 -0.171909 0.985113 0.000000 -10.579643 0.000000 0.000000 1.000000 0.000000
0.984448 0.175674 0.000000 143.906184 -0.175674 0.984448 0.000000 -10.821263 0.000000 0.000000 1.000000 0.000000
0.984270 0.176671 0.000000 144.467783 -0.176671 0.984270 0.000000 -10.941298 0.000000 0.000000 1.000000 0.000000
0.984173 0.177211 0.000000 145.031249 -0.177211 0.984173 0.000000 -11.064440 0.000000 0.000000 1.000000 0.000000
0.984236 0.176861 0.000000 145.593198 -0.176861 0.984236 0.000000 -11.191406 0.000000 0.000000 1.000000 0.000000
0.984540 0.175159 0.000000 146.160555 -0.175159 0.984540 0.000000 -11.321776 0.000000 0.000000 1.000000 0.000000
0.984548 0.175116 0.000000 146.732151 -0.175116 0.984548 0.000000 -11.440066 0.000000 0.000000 1.000000 0.000000
0.984022 0.178045 0.000000 147.309294 -0.178045 0.984022 0.000000 -11.562241 0.000000 0.000000 1.000000 0.000000
0.983970 0.178335 0.000000 147.892679 -0.178335 0.983970 0.000000 -11.686625 0.000000 0.000000 1.000000 0.000000
0.984050 0.177894 0.000000 148.464620 -0.177894 0.984050 0.000000 -11.816018 0.000000 0.000000 1.000000 0.000000
0.983311 0.181934 0.000000 149.378493 -0.181934 0.983311 0.000000 -12.011641 0.000000 0.000000 1.000000 0.000000
0.982855 0.184382 0.000000 149.960132 -0.184382 0.982855 0.000000 -12.145695 0.000000 0.000000 1.000000 0.000000
0.982617 0.185645 0.000000 150.531884 -0.185645 0.982617 0.000000 -12.277035 0.000000 0.000000 1.000000 0.000000
0.981852 0.189646 0.000000 151.111014 -0.189646 0.981852 0.000000 -12.399829 0.000000 0.000000 1.000000 0.000000
0.980995 0.194034 0.000000 151.726772 -0.194034 0.980995 0.000000 -12.534356 0.000000 0.000000 1.000000 0.000000
0.980546 0.196288 0.000000 152.261223 -0.196288 0.980546 0.000000 -12.658337 0.000000 0.000000 1.000000 0.000000
0.980410 0.196969 0.000000 152.872793 -0.196969 0.980410 0.000000 -12.806122 0.000000 0.000000 1.000000 0.000000
0.980356 0.197235 0.000000 153.442387 -0.197235 0.980356 0.000000 -12.944046 0.000000 0.000000 1.000000 0.000000
0.980127 0.198372 0.000000 154.017988 -0.198372 0.980127 0.000000 -13.071225 0.000000 0.000000 1.000000 0.000000
0.979754 0.200206 0.000000 154.589744 -0.200206 0.979754 0.000000 -13.194564 0.000000 0.000000 1.000000 0.000000
0.979693 0.200505 0.000000 155.160154 -0.200505 0.979693 0.000000 -13.325243 0.000000 0.000000 1.000000 0.000000
0.979845 0.199759 0.000000 155.726941 -0.199759 0.979845 0.000000 -13.452575 0.000000 0.000000 1.000000 0.000000
0.979739 0.200278 0.000000 156.295877 -0.200278 0.979739 0.000000 -13.574424 0.000000 0.000000 1.000000 0.000000
0.979734 0.200304 0.000000 156.858497 -0.200304 0.979734 0.000000 -13.698774 0.000000 0.000000 1.000000 0.000000
0.979604 0.200935 0.000000 157.431646 -0.200935 0.979604 0.000000 -13.822739 0.000000 0.000000 1.000000 0.000000
0.979140 0.203188 0.000000 158.003443 -0.203188 0.979140 0.000000 -13.945579 0.000000 0.000000 1.000000 0.000000
0.978550 0.206011 0.000000 159.135225 -0.206011 0.978550 0.000000 -14.203682 0.000000 0.000000 1.000000 0.000000
0.978669 0.205445 0.000000 159.698062 -0.205445 0.978669 0.000000 -14.337932 0.000000 0.000000 1.000000 0.000000
0.978483 0.206326 0.000000 160.231973 -0.206326 0.978483 0.000000 -14.460253 0.000000 0.000000 1.000000 0.000000
0.977587 0.210532 0.000000 160.814900 -0.210532 0.977587 0.000000 -14.585008 0.000000 0.000000 1.000000 0.000000
0.977431 0.211254 0.000000 161.373375 -0.211254 0.977431 0.000000 -14.711768 0.000000 0.000000 1.000000 0.000000
0.977687 0.210065 0.000000 162.480234 -0.210065 0.977687 0.000000 -14.974574 0.000000 0.000000 1.000000 0.000000
0.977736 0.209838 0.000000 163.051201 -0.209838 0.977736 0.000000 -15.106069 0.000000 0.000000 1.000000 0.000000
0.977594 0.210500 0.000000 163.592777 -0.210500 0.977594 0.000000 -15.234038 0.000000 0.000000 1.000000 0.000000
0.977630 0.210330 0.000000 164.164259 -0.210330 0.977630 0.000000 -15.367673 0.000000 0.000000 1.000000 0.000000
0.977566 0.210628 0.000000 164.737686 -0.210628 0.977566 0.000000 -15.499082 0.000000 0.000000 1.000000 0.000000
0.976963 0.213408 0.000000 165.280771 -0.213408 0.976963 0.000000 -15.614870 0.000000 0.000000 1.000000 0.000000
0.976095 0.217343 0.000000 166.042060 -0.217343 0.976095 0.000000 -15.779604 0.000000 0.000000 1.000000 0.000000
0.975638 0.219386 0.000000 166.611472 -0.219386 0.975638 0.000000 -15.905949 0.000000 0.000000 1.000000 0.000000
0.974781 0.223163 0.000000 167.180014 -0.223163 0.974781 0.000000 -16.032074 0.000000 0.000000 1.000000 0.000000
0.974060 0.226291 0.000000 167.783246 -0.226291 0.974060 0.000000 -16.178006 0.000000 0.000000 1.000000 0.000000
0.974346 0.225054 0.000000 168.315607 -0.225054 0.974346 0.000000 -16.316427 0.000000 0.000000 1.000000 0.000000
0.974232 0.225550 0.000000 168.927102 -0.225550 0.974232 0.000000 -16.473660 0.000000 0.000000 1.000000 0.000000
0.973850 0.227193 0.000000 169.499316 -0.227193 0.973850 0.000000 -16.611068 0.000000 0.000000 1.000000 0.000000
0.973471 0.228811 0.000000 170.072386 -0.228811 0.973471 0.000000 -16.748561 0.000000 0.000000 1.000000 0.000000
0.973124 0.230280 0.000000 170.655252 -0.230280 0.973124 0.000000 -16.893301 0.000000 0.000000 1.000000 0.000000
0.973837 0.227247 0.000000 171.220021 -0.227247 0.973837 0.000000 -17.045041 0.000000 0.000000 1.000000 0.000000
0.973985 0.226611 0.000000 171.792307 -0.226611 0.973985 0.000000 -17.191755 0.000000 0.000000 1.000000 0.000000
0.974298 0.225264 0.000000 172.358596 -0.225264 0.974298 0.000000 -17.341590 0.000000 0.000000 1.000000 0.000000
0.975368 0.220583 0.000000 172.929393 -0.220583 0.975368 0.000000 -17.499728 0.000000 0.000000 1.000000 0.000000
0.976433 0.215821 0.000000 173.501453 -0.215821 0.976433 0.000000 -17.651210 0.000000 0.000000 1.000000 0.000000
0.976652 0.214828 0.000000 174.076139 -0.214828 0.976652 0.000000 -17.790970 0.000000 0.000000 1.000000 0.000000
0.976714 0.214545 0.000000 174.647535 -0.214545 0.976714 0.000000 -17.934479 0.000000 0.000000 1.000000 0.000000
0.976669 0.214751 0.000000 175.222574 -0.214751 0.976669 0.000000 -18.070379 0.000000 0.000000 1.000000 0.000000
0.976266 0.216577 0.000000 175.763414 -0.216577 0.976266 0.000000 -18.197058 0.000000 0.000000 1.000000 0.000000
0.976180 0.216960 0.000000 176.377550 -0.216960 0.976180 0.000000 -18.342126 0.000000 0.000000 1.000000 0.000000
0.976159 0.217055 0.000000 176.917305 -0.217055 0.976159 0.000000 -18.468495 0.000000 0.000000 1.000000 0.000000
0.975882 0.218300 0.000000 177.496096 -0.218300 0.975882 0.000000 -18.604118 0.000000 0.000000 1.000000 0.000000
0.975249 0.221111 0.000000 178.076149 -0.221111 0.975249 0.000000 -18.741551 0.000000 0.000000 1.000000 0.000000
0.974030 0.226420 0.000000 178.658996 -0.226420 0.974030 0.000000 -18.880769 0.000000 0.000000 1.000000 0.000000
0.972885 0.231290 0.000000 179.239041 -0.231290 0.972885 0.000000 -19.026807 0.000000 0.000000 1.000000 0.000000
0.972809 0.231610 0.000000 179.814802 -0.231610 0.972809 0.000000 -19.167709 0.000000 0.000000 1.000000 0.000000
0.972854 0.231420 0.000000 180.394231 -0.231420 0.972854 0.000000 -19.311903 0.000000 0.000000 1.000000 0.000000
0.972724 0.231967 0.000000 180.974777 -0.231967 0.972724 0.000000 -19.454656 0.000000 0.000000 1.000000 0.000000
0.972285 0.233797 0.000000 181.563828 -0.233797 0.972285 0.000000 -19.595953 0.000000 0.000000 1.000000 0.000000
0.972179 0.234239 0.000000 182.148077 -0.234239 0.972179 0.000000 -19.740604 0.000000 0.000000 1.000000 0.000000
0.972471 0.233024 0.000000 182.719940 -0.233024 0.972471 0.000000 -19.889981 0.000000 0.000000 1.000000 0.000000
0.972304 0.233721 0.000000 183.303399 -0.233721 0.972304 0.000000 -20.038498 0.000000 0.000000 1.000000 0.000000
0.971766 0.235947 0.000000 183.880101 -0.235947 0.971766 0.000000 -20.184379 0.000000 0.000000 1.000000 0.000000
0.971646 0.236441 0.000000 184.423271 -0.236441 0.971646 0.000000 -20.323180 0.000000 0.000000 1.000000 0.000000
0.971247 0.238076 0.000000 184.997561 -0.238076 0.971247 0.000000 -20.470338 0.000000 0.000000 1.000000 0.000000
0.970556 0.240876 0.000000 185.578688 -0.240876 0.970556 0.000000 -20.623432 0.000000 0.000000 1.000000 0.000000
0.970778 0.239979 0.000000 186.131666 -0.239979 0.970778 0.000000 -20.767247 0.000000 0.000000 1.000000 0.000000
0.970800 0.239889 0.000000 186.700689 -0.239889 0.970800 0.000000 -20.910771 0.000000 0.000000 1.000000 0.000000
0.970662 0.240448 0.000000 187.273667 -0.240448 0.970662 0.000000 -21.062668 0.000000 0.000000 1.000000 0.000000
0.971075 0.238776 0.000000 187.812118 -0.238776 0.971075 0.000000 -21.205143 0.000000 0.000000 1.000000 0.000000
0.970634 0.240559 0.000000 188.380679 -0.240559 0.970634 0.000000 -21.351874 0.000000 0.000000 1.000000 0.000000
0.970102 0.242699 0.000000 188.953002 -0.242699 0.970102 0.000000 -21.499990 0.000000 0.000000 1.000000 0.000000
0.969932 0.243375 0.000000 189.497499 -0.243375 0.969932 0.000000 -21.637486 0.000000 0.000000 1.000000 0.000000
0.969551 0.244889 0.000000 190.070822 -0.244889 0.969551 0.000000 -21.788056 0.000000 0.000000 1.000000 0.000000
0.969127 0.246563 0.000000 190.637067 -0.246563 0.969127 0.000000 -21.936657 0.000000 0.000000 1.000000 0.000000
0.968298 0.249800 0.000000 191.457412 -0.249800 0.968298 0.000000 -22.162886 0.000000 0.000000 1.000000 0.000000
0.967679 0.252184 0.000000 192.024173 -0.252184 0.967679 0.000000 -22.314956 0.000000 0.000000 1.000000 0.000000
0.967449 0.253065 0.000000 192.595268 -0.253065 0.967449 0.000000 -22.464466 0.000000 0.000000 1.000000 0.000000
0.967462 0.253017 0.000000 193.156180 -0.253017 0.967462 0.000000 -22.614553 0.000000 0.000000 1.000000 0.000000
0.967552 0.252674 0.000000 193.718503 -0.252674 0.967552 0.000000 -22.769021 0.000000 0.000000 1.000000 0.000000
0.968240 0.250021 0.000000 194.280369 -0.250021 0.968240 0.000000 -22.924563 0.000000 0.000000 1.000000 0.000000
0.968707 0.248209 0.000000 194.840016 -0.248209 0.968707 0.000000 -23.075995 0.000000 0.000000 1.000000 0.000000
0.968756 0.248014 0.000000 195.419057 -0.248014 0.968756 0.000000 -23.239587 0.000000 0.000000 1.000000 0.000000
0.968786 0.247897 0.000000 195.913487 -0.247897 0.968786 0.000000 -23.377002 0.000000 0.000000 1.000000 0.000000
0.968560 0.248782 0.000000 196.886120 -0.248782 0.968560 0.000000 -23.644471 0.000000 0.000000 1.000000 0.000000
0.968427 0.249296 0.000000 197.444018 -0.249296 0.968427 0.000000 -23.795545 0.000000 0.000000 1.000000 0.000000
0.968046 0.250772 0.000000 198.150178 -0.250772 0.968046 0.000000 -23.994732 0.000000 0.000000 1.000000 0.000000
0.967556 0.252656 0.000000 198.859355 -0.252656 0.967556 0.000000 -24.196552 0.000000 0.000000 1.000000 0.000000
0.967145 0.254226 0.000000 199.812275 -0.254226 0.967145 0.000000 -24.471981 0.000000 0.000000 1.000000 0.000000
0.967293 0.253661 0.000000 200.366186 -0.253661 0.967293 0.000000 -24.629495 0.000000 0.000000 1.000000 0.000000
0.967356 0.253423 0.000000 200.929425 -0.253423 0.967356 0.000000 -24.786646 0.000000 0.000000 1.000000 0.000000
0.967205 0.253997 0.000000 201.483713 -0.253997 0.967205 0.000000 -24.937621 0.000000 0.000000 1.000000 0.000000
0.967513 0.252823 0.000000 202.008237 -0.252823 0.967513 0.000000 -25.085084 0.000000 0.000000 1.000000 0.000000
0.967880 0.251413 0.000000 202.575480 -0.251413 0.967880 0.000000 -25.240868 0.000000 0.000000 1.000000 0.000000
0.967525 0.252775 0.000000 203.127615 -0.252775 0.967525 0.000000 -25.402794 0.000000 0.000000 1.000000 0.000000
0.967732 0.251983 0.000000 203.915458 -0.251983 0.967732 0.000000 -25.638208 0.000000 0.000000 1.000000 0.000000
0.968058 0.250726 0.000000 204.477833 -0.250726 0.968058 0.000000 -25.798582 0.000000 0.000000 1.000000 0.000000
0.968123 0.250475 0.000000 205.042150 -0.250475 0.968123 0.000000 -25.955726 0.000000 0.000000 1.000000 0.000000
0.968498 0.249020 0.000000 205.597284 -0.249020 0.968498 0.000000 -26.118776 0.000000 0.000000 1.000000 0.000000
0.969170 0.246394 0.000000 206.189578 -0.246394 0.969170 0.000000 -26.285513 0.000000 0.000000 1.000000 0.000000
0.969185 0.246332 0.000000 206.711938 -0.246332 0.969185 0.000000 -26.431639 0.000000 0.000000 1.000000 0.000000
0.969415 0.245429 0.000000 207.304967 -0.245429 0.969415 0.000000 -26.597962 0.000000 0.000000 1.000000 0.000000
0.969727 0.244190 0.000000 207.826529 -0.244190 0.969727 0.000000 -26.747170 0.000000 0.000000 1.000000 0.000000
0.969957 0.243278 0.000000 208.417412 -0.243278 0.969957 0.000000 -26.915014 0.000000 0.000000 1.000000 0.000000
0.970029 0.242990 0.000000 208.967349 -0.242990 0.970029 0.000000 -27.068328 0.000000 0.000000 1.000000 0.000000
0.970042 0.242935 0.000000 209.522068 -0.242935 0.970042 0.000000 -27.217227 0.000000 0.000000 1.000000 0.000000
0.970165 0.242446 0.000000 210.080927 -0.242446 0.970165 0.000000 -27.371708 0.000000 0.000000 1.000000 0.000000
0.970044 0.242929 0.000000 210.621078 -0.242929 0.970044 0.000000 -27.520490 0.000000 0.000000 1.000000 0.000000
