1.000000 0.000702 0.000000 0.822854 -0.000702 1.000000 0.000000 -0.021855 0.000000 0.000000 1.000000 0.000000
1.000000 0.000726 0.000000 1.407067 -0.000726 1.000000 0.000000 -0.033740 0.000000 0.000000 1.000000 0.000000
0.999999 0.001115 0.000000 2.028873 -0.001115 0.999999 0.000000 -0.046087 0.000000 0.000000 1.000000 0.000000
0.999996 -0.002836 0.000000 2.953311 0.002836 0.999996 0.000000 -0.078064 0.000000 0.000000 1.000000 0.000000
0.999986 -0.005210 0.000000 3.571783 0.005210 0.999986 0.000000 -0.096015 0.000000 0.000000 1.000000 0.000000
0.999977 -0.006776 0.000000 4.207315 0.006776 0.999977 0.000000 -0.108077 0.000000 0.000000 1.000000 0.000000
0.999974 -0.007173 0.000000 4.837988 0.007173 0.999974 0.000000 -0.120305 0.000000 0.000000 1.000000 0.000000
0.999994 -0.003465 0.000000 6.096879 0.003465 0.999994 0.000000 -0.153221 0.000000 0.000000 1.000000 0.000000
0.999979 -0.006458 0.000000 6.712513 0.006458 0.999979 0.000000 -0.165074 0.000000 0.000000 1.000000 0.000000
0.999952 -0.009822 0.000000 7.344419 0.009822 0.999952 0.000000 -0.175684 0.000000 0.000000 1.000000 0.000000
0.999949 -0.010098 0.000000 7.972172 0.010098 0.999949 0.000000 -0.186155 0.000000 0.000000 1.000000 0.000000
0.999938 -0.011160 0.000000 8.639437 0.011160 0.999938 0.000000 -0.202512 0.000000 0.000000 1.000000 0.000000
0.999942 -0.010764 0.000000 9.263631 0.010764 0.999942 0.000000 -0.220844 0.000000 0.000000 1.000000 0.000000
0.999944 -0.010625 0.000000 9.889688 0.010625 0.999944 0.000000 -0.228929 0.000000 0.000000 1.000000 0.000000
0.999934 -0.011449 0.000000 10.516902 0.011449 0.999934 0.000000 -0.232525 0.000000 0.000000 1.000000 0.000000
0.999910 -0.013417 0.000000 11.142036 0.013417 0.999910 0.000000 -0.241316 0.000000 0.000000 1.000000 0.000000
0.999902 -0.013986 0.000000 11.764182 0.013986 0.999902 0.000000 -0.244405 0.000000 0.000000 1.000000 0.000000
0.999905 -0.013779 0.000000 12.386834 0.013779 0.999905 0.000000 -0.251950 0.000000 0.000000 1.000000 0.000000
0.999901 -0.014082 0.000000 13.000449 0.014082 0.999901 0.000000 -0.261668 0.000000 0.000000 1.000000 0.000000
0.999903 -0.013893 0.000000 13.650107 0.013893 0.999903 0.000000 -0.270416 0.000000 0.000000 1.000000 0.000000
0.999895 -0.014483 0.000000 14.233741 0.014483 0.999895 0.000000 -0.275339 0.000000 0.000000 1.000000 0.000000
0.999897 -0.014350 0.000000 14.852582 0.014350 0.999897 0.000000 -0.284523 0.000000 0.000000 1.000000 0.000000
0.999879 -0.015576 0.000000 15.471130 0.015576 0.999879 0.000000 -0.295971 0.000000 0.000000 1.000000 0.000000
0.999822 -0.018893 0.000000 16.118536 0.018893 0.999822 0.000000 -0.303320 0.000000 0.000000 1.000000 0.000000
0.999762 -0.021800 0.000000 16.744962 0.021800 0.999762 0.000000 -0.306997 0.000000 0.000000 1.000000 0.000000
0.999673 -0.025557 0.000000 17.370341 0.025557 0.999673 0.000000 -0.309345 0.000000 0.000000 1.000000 0.000000
0.999716 -0.023836 0.000000 17.990048 0.023836 0.999716 0.000000 -0.304691 0.000000 0.000000 1.000000 0.000000
0.999745 -0.022576 0.000000 18.615831 0.022576 0.999745 0.000000 -0.304696 0.000000 0.000000 1.000000 0.000000
0.999722 -0.023587 0.000000 19.235617 0.023587 0.999722 0.000000 -0.299603 0.000000 0.000000 1.000000 0.000000
0.999724 -0.023480 0.000000 19.838005 0.023480 0.999724 0.000000 -0.302032 0.000000 0.000000 1.000000 0.000000
0.999713 -0.023940 0.000000 20.461708 0.023940 0.999713 0.000000 -0.298261 0.000000 0.000000 1.000000 0.000000
0.999724 -0.023503 0.000000 21.089788 0.023503 0.999724 0.000000 -0.298038 0.000000 0.000000 1.000000 0.000000
0.999718 -0.023764 0.000000 21.672521 0.023764 0.999718 0.000000 -0.299459 0.000000 0.000000 1.000000 0.000000
0.999654 -0.026294 0.000000 22.299468 0.026294 0.999654 0.000000 -0.304874 0.000000 0.000000 1.000000 0.000000
0.999595 -0.028459 0.000000 22.909672 0.028459 0.999595 0.000000 -0.306219 0.000000 0.000000 1.000000 0.000000
0.999564 -0.029540 0.000000 23.504927 0.029540 0.999564 0.000000 -0.309294 0.000000 0.000000 1.000000 0.000000
0.999567 -0.029426 0.000000 24.128920 0.029426 0.999567 0.000000 -0.314913 0.000000 0.000000 1.000000 0.000000
0.999587 -0.028734 0.000000 24.759386 0.028734 0.999587 0.000000 -0.316589 0.000000 0.000000 1.000000 0.000000
0.999622 -0.027495 0.000000 25.379475 0.027495 0.999622 0.000000 -0.314918 0.000000 0.000000 1.000000 0.000000
0.999695 -0.024694 0.000000 25.970816 0.024694 0.999695 0.000000 -0.306076 0.000000 0.000000 1.000000 0.000000
0.999767 -0.021604 0.000000 26.607658 0.021604 0.999767 0.000000 -0.303395 0.000000 0.000000 1.000000 0.000000
0.999789 -0.020519 0.000000 27.197949 0.020519 0.999789 0.000000 -0.301626 0.000000 0.000000 1.000000 0.000000
0.999782 -0.020869 0.000000 27.819983 0.020869 0.999782 0.000000 -0.304144 0.000000 0.000000 1.000000 0.000000
0.999757 -0.022064 0.000000 28.458621 0.022064 0.999757 0.000000 -0.309561 0.000000 0.000000 1.000000 0.000000
0.999766 -0.021655 0.000000 29.280763 0.021655 0.999766 0.000000 -0.316777 0.000000 0.000000 1.000000 0.000000
0.999799 -0.020068 0.000000 29.917484 0.020068 0.999799 0.000000 -0.310740 0.000000 0.000000 1.000000 0.000000
0.999822 -0.018857 0.000000 30.560529 0.018857 0.999822 0.000000 -0.305027 0.000000 0.000000 1.000000 0.000000
0.999852 -0.017227 0.000000 31.195083 0.017227 0.999852 0.000000 -0.303317 0.000000 0.000000 1.000000 0.000000
0.999863 -0.016541 0.000000 31.821762 0.016541 0.999863 0.000000 -0.308997 0.000000 0.000000 1.000000 0.000000
0.999872 -0.016025 0.000000 32.463728 0.016025 0.999872 0.000000 -0.306626 0.000000 0.000000 1.000000 0.000000
0.999913 -0.013165 0.000000 33.099127 0.013165 0.999913 0.000000 -0.307913 0.000000 0.000000 1.000000 0.000000
0.999944 -0.010606 0.000000 33.738551 0.010606 0.999944 0.000000 -0.311185 0.000000 0.000000 1.000000 0.000000
0.999960 -0.008918 0.000000 34.374405 0.008918 0.999960 0.000000 -0.318387 0.000000 0.000000 1.000000 0.000000
0.999966 -0.008285 0.000000 35.013684 0.008285 0.999966 0.000000 -0.332545 0.000000 0.000000 1.000000 0.000000
0.999979 -0.006465 0.000000 35.657937 0.006465 0.999979 0.000000 -0.339289 0.000000 0.000000 1.000000 0.000000
0.999978 -0.006636 0.000000 36.281733 0.006636 0.999978 0.000000 -0.351227 0.000000 0.000000 1.000000 0.000000
0.999987 -0.005143 0.000000 36.916580 0.005143 0.999987 0.000000 -0.361378 0.000000 0.000000 1.000000 0.000000
0.999989 -0.004735 0.000000 37.551075 0.004735 0.999989 0.000000 -0.372225 0.000000 0.000000 1.000000 0.000000
0.999989 -0.004589 0.000000 38.148221 0.004589 0.999989 0.000000 -0.386171 0.000000 0.000000 1.000000 0.000000
0.999998 -0.001816 0.000000 38.790058 0.001816 0.999998 0.000000 -0.398438 0.000000 0.000000 1.000000 0.000000
1.000000 0.000436 0.000000 39.416694 -0.000436 1.000000 0.000000 -0.406068 0.000000 0.000000 1.000000 0.000000
1.000000 0.000130 0.000000 40.065180 -0.000130 1.000000 0.000000 -0.419754 0.000000 0.000000 1.000000 0.000000
1.000000 0.000236 0.000000 40.697427 -0.000236 1.000000 0.000000 -0.434006 0.000000 0.000000 1.000000 0.000000
0.999999 0.001010 0.000000 41.327239 -0.001010 0.999999 0.000000 -0.449528 0.000000 0.000000 1.000000 0.000000
0.999999 0.001209 0.000000 41.969058 -0.001209 0.999999 0.000000 -0.468471 0.000000 0.000000 1.000000 0.000000
0.999999 0.001546 0.000000 42.621519 -0.001546 0.999999 0.000000 -0.484566 0.000000 0.000000 1.000000 0.000000
0.999995 0.003218 0.000000 43.264495 -0.003218 0.999995 0.000000 -0.494127 0.000000 0.000000 1.000000 0.000000
0.999987 0.005093 0.000000 43.901031 -0.005093 0.999987 0.000000 -0.504328 0.000000 0.000000 1.000000 0.000000
0.999987 0.005007 0.000000 44.555525 -0.005007 0.999987 0.000000 -0.520303 0.000000 0.000000 1.000000 0.000000
0.999989 0.004653 0.000000 45.167514 -0.004653 0.999989 0.000000 -0.537811 0.000000 0.000000 1.000000 0.000000
0.999991 0.004264 0.000000 45.816235 -0.004264 0.999991 0.000000 -0.543017 0.000000 0.000000 1.000000 0.000000
0.999996 0.002942 0.000000 46.468110 -0.002942 0.999996 0.000000 -0.551257 0.000000 0.000000 1.000000 0.000000
0.999992 0.003926 0.000000 47.126349 -0.003926 0.999992 0.000000 -0.566260 0.000000 0.000000 1.000000 0.000000
0.999999 0.001140 0.000000 47.784587 -0.001140 0.999999 0.000000 -0.582282 0.000000 0.000000 1.000000 0.000000
1.000000 0.000103 0.000000 48.427379 -0.000103 1.000000 0.000000 -0.593882 0.000000 0.000000 1.000000 0.000000
1.000000 0.000780 0.000000 49.035460 -0.000780 1.000000 0.000000 -0.600545 0.000000 0.000000 1.000000 0.000000
0.999997 0.002540 0.000000 49.687288 -0.002540 0.999997 0.000000 -0.606113 0.000000 0.000000 1.000000 0.000000
0.999989 0.004789 0.000000 50.340105 -0.004789 0.999989 0.000000 -0.615746 0.000000 0.000000 1.000000 0.000000
0.999984 0.005727 0.000000 50.999376 -0.005727 0.999984 0.000000 -0.629844 0.000000 0.000000 1.000000 0.000000
0.999990 0.004364 0.000000 51.668730 -0.004364 0.999990 0.000000 -0.641005 0.000000 0.000000 1.000000 0.000000
0.999999 0.001221 0.000000 52.326942 -0.001221 0.999999 0.000000 -0.651669 0.000000 0.000000 1.000000 0.000000
0.999997 0.002372 0.000000 53.361117 -0.002372 0.999997 0.000000 -0.682805 0.000000 0.000000 1.000000 0.000000
0.999999 0.001179 0.000000 54.063413 -0.001179 0.999999 0.000000 -0.700322 0.000000 0.000000 1.000000 0.000000
1.000000 0.000478 0.000000 54.704534 -0.000478 1.000000 0.000000 -0.716313 0.000000 0.000000 1.000000 0.000000
1.000000 0.000476 0.000000 55.366161 -0.000476 1.000000 0.000000 -0.736211 0.000000 0.000000 1.000000 0.000000
1.000000 0.000929 0.000000 56.021738 -0.000929 1.000000 0.000000 -0.756268 0.000000 0.000000 1.000000 0.000000
1.000000 0.000565 0.000000 56.679455 -0.000565 1.000000 0.000000 -0.774667 0.000000 0.000000 1.000000 0.000000
1.000000 -0.000652 0.000000 57.334540 0.000652 1.000000 0.000000 -0.794501 0.000000 0.000000 1.000000 0.000000
0.999999 -0.001062 0.000000 57.981176 0.001062 0.999999 0.000000 -0.812658 0.000000 0.000000 1.000000 0.000000
0.999996 -0.002977 0.000000 59.319599 0.002977 0.999996 0.000000 -0.839337 0.000000 0.000000 1.000000 0.000000
0.999988 -0.004923 0.000000 59.967581 0.004923 0.999988 0.000000 -0.848623 0.000000 0.000000 1.000000 0.000000
0.999977 -0.006805 0.000000 60.610973 0.006805 0.999977 0.000000 -0.854503 0.000000 0.000000 1.000000 0.000000
0.999980 -0.006283 0.000000 61.251741 0.006283 0.999980 0.000000 -0.863398 0.000000 0.000000 1.000000 0.000000
0.999990 -0.004560 0.000000 61.886818 0.004560 0.999990 0.000000 -0.873482 0.000000 0.000000 1.000000 0.000000
0.999991 -0.004228 0.000000 62.558851 0.004228 0.999991 0.000000 -0.885679 0.000000 0.000000 1.000000 0.000000
0.999991 -0.004135 0.000000 63.192402 0.004135 0.999991 0.000000 -0.897885 0.000000 0.000000 1.000000 0.000000
0.999996 -0.002930 0.000000 63.793130 0.002930 0.999996 0.000000 -0.911133 0.000000 0.000000 1.000000 0.000000
0.999997 -0.002322 0.000000 64.420901 0.002322 0.999997 0.000000 -0.927773 0.000000 0.000000 1.000000 0.000000
0.999998 -0.001804 0.000000 65.009484 0.001804 0.999998 0.000000 -0.950105 0.000000 0.000000 1.000000 0.000000
0.999999 -0.001290 0.000000 65.636836 0.001290 0.999999 0.000000 -0.971754 0.000000 0.000000 1.000000 0.000000
0.999999 -0.001613 0.000000 66.260157 0.001613 0.999999 0.000000 -0.993974 0.000000 0.000000 1.000000 0.000000
0.999998 -0.001913 0.000000 66.841888 0.001913 0.999998 0.000000 -1.013995 0.000000 0.000000 1.000000 0.000000
0.999997 -0.002625 0.000000 67.462249 0.002625 0.999997 0.000000 -1.035525 0.000000 0.000000 1.000000 0.000000
0.999995 -0.003280 0.000000 68.070418 0.003280 0.999995 0.000000 -1.057090 0.000000 0.000000 1.000000 0.000000
0.999995 -0.003228 0.000000 68.631835 0.003228 0.999995 0.000000 -1.076229 0.000000 0.000000 1.000000 0.000000
0.999994 -0.003496 0.000000 69.235441 0.003496 0.999994 0.000000 -1.094061 0.000000 0.000000 1.000000 0.000000
0.999998 -0.001872 0.000000 69.807432 0.001872 0.999998 0.000000 -1.105969 0.000000 0.000000 1.000000 0.000000
1.000000 0.000612 0.000000 70.414081 -0.000612 1.000000 0.000000 -1.121172 0.000000 0.000000 1.000000 0.000000
1.000000 0.000866 0.000000 71.018531 -0.000866 1.000000 0.000000 -1.139495 0.000000 0.000000 1.000000 0.000000
0.999999 0.001437 0.000000 71.862736 -0.001437 0.999999 0.000000 -1.167831 0.000000 0.000000 1.000000 0.000000
0.999997 0.002265 0.000000 72.464807 -0.002265 0.999997 0.000000 -1.191896 0.000000 0.000000 1.000000 0.000000
0.999999 0.001718 0.000000 73.063283 -0.001718 0.999999 0.000000 -1.214555 0.000000 0.000000 1.000000 0.000000
1.000000 -0.000652 0.000000 73.661109 0.000652 1.000000 0.000000 -1.229525 0.000000 0.000000 1.000000 0.000000
0.999999 -0.001398 0.000000 74.255119 0.001398 0.999999 0.000000 -1.241036 0.000000 0.000000 1.000000 0.000000
0.999993 -0.003629 0.000000 74.847143 0.003629 0.999993 0.000000 -1.253581 0.000000 0.000000 1.000000 0.000000
0.999993 -0.003857 0.000000 75.478889 0.003857 0.999993 0.000000 -1.262793 0.000000 0.000000 1.000000 0.000000
0.999994 -0.003584 0.000000 76.075735 0.003584 0.999994 0.000000 -1.276253 0.000000 0.000000 1.000000 0.000000
0.999995 -0.003163 0.000000 76.669942 0.003163 0.999995 0.000000 -1.289195 0.000000 0.000000 1.000000 0.000000
0.999998 -0.001895 0.000000 77.856503 0.001895 0.999998 0.000000 -1.322762 0.000000 0.000000 1.000000 0.000000
0.999998 -0.002195 0.000000 78.445842 0.002195 0.999998 0.000000 -1.342078 0.000000 0.000000 1.000000 0.000000
1.000000 -0.000627 0.000000 79.034338 0.000627 1.000000 0.000000 -1.366202 0.000000 0.000000 1.000000 0.000000
1.000000 0.000198 0.000000 79.613265 -0.000198 1.000000 0.000000 -1.392313 0.000000 0.000000 1.000000 0.000000
1.000000 0.000764 0.000000 80.195455 -0.000764 1.000000 0.000000 -1.414999 0.000000 0.000000 1.000000 0.000000
0.999999 0.001691 0.000000 80.769906 -0.001691 0.999999 0.000000 -1.439116 0.000000 0.000000 1.000000 0.000000
1.000000 0.000293 0.000000 81.338424 -0.000293 1.000000 0.000000 -1.461819 0.000000 0.000000 1.000000 0.000000
0.999999 -0.001041 0.000000 81.899998 0.001041 0.999999 0.000000 -1.478696 0.000000 0.000000 1.000000 0.000000
1.000000 -0.000734 0.000000 82.464966 0.000734 1.000000 0.000000 -1.492659 0.000000 0.000000 1.000000 0.000000
1.000000 -0.000012 0.000000 83.016924 0.000012 1.000000 0.000000 -1.508786 0.000000 0.000000 1.000000 0.000000
1.000000 0.000138 0.000000 83.568945 -0.000138 1.000000 0.000000 -1.520930 0.000000 0.000000 1.000000 0.000000
1.000000 0.000336 0.000000 84.110698 -0.000336 1.000000 0.000000 -1.538910 0.000000 0.000000 1.000000 0.000000
0.999999 0.001187 0.000000 84.647776 -0.001187 0.999999 0.000000 -1.554796 0.000000 0.000000 1.000000 0.000000
0.999996 0.002827 0.000000 85.163561 -0.002827 0.999996 0.000000 -1.573189 0.000000 0.000000 1.000000 0.000000
0.999989 0.004747 0.000000 85.709380 -0.004747 0.999989 0.000000 -1.588465 0.000000 0.000000 1.000000 0.000000
0.999973 0.007333 0.000000 86.236085 -0.007333 0.999973 0.000000 -1.605848 0.000000 0.000000 1.000000 0.000000
0.999965 0.008425 0.000000 86.745184 -0.008425 0.999965 0.000000 -1.624075 0.000000 0.000000 1.000000 0.000000
0.999971 0.007678 0.000000 87.279735 -0.007678 0.999971 0.000000 -1.651786 0.000000 0.000000 1.000000 0.000000
0.999973 0.007405 0.000000 87.800177 -0.007405 0.999973 0.000000 -1.673368 0.000000 0.000000 1.000000 0.000000
0.999969 0.007900 0.000000 88.283265 -0.007900 0.999969 0.000000 -1.696988 0.000000 0.000000 1.000000 0.000000
0.999955 0.009456 0.000000 88.809526 -0.009456 0.999955 0.000000 -1.725381 0.000000 0.000000 1.000000 0.000000
0.999943 0.010677 0.000000 89.327518 -0.010677 0.999943 0.000000 -1.750605 0.000000 0.000000 1.000000 0.000000
0.999944 0.010610 0.000000 89.812505 -0.010610 0.999944 0.000000 -1.771232 0.000000 0.000000 1.000000 0.000000
0.999933 0.011609 0.000000 90.338613 -0.011609 0.999933 0.000000 -1.789601 0.000000 0.000000 1.000000 0.000000
0.999913 0.013199 0.000000 90.856138 -0.013199 0.999913 0.000000 -1.805537 0.000000 0.000000 1.000000 0.000000
0.999892 0.014688 0.000000 91.339282 -0.014688 0.999892 0.000000 -1.827517 0.000000 0.000000 1.000000 0.000000
0.999886 0.015098 0.000000 91.846160 -0.015098 0.999886 0.000000 -1.852234 0.000000 0.000000 1.000000 0.000000
0.999872 0.015998 0.000000 92.325710 -0.015998 0.999872 0.000000 -1.877094 0.000000 0.000000 1.000000 0.000000
0.999852 0.017195 0.000000 92.839483 -0.017195 0.999852 0.000000 -1.904822 0.000000 0.000000 1.000000 0.000000
0.999854 0.017065 0.000000 93.501920 -0.017065 0.999854 0.000000 -1.934363 0.000000 0.000000 1.000000 0.000000
0.999853 0.017154 0.000000 94.000473 -0.017154 0.999853 0.000000 -1.953896 0.000000 0.000000 1.000000 0.000000
0.999840 0.017895 0.000000 94.496241 -0.017895 0.999840 0.000000 -1.971792 0.000000 0.000000 1.000000 0.000000
0.999831 0.018410 0.000000 94.989329 -0.018410 0.999831 0.000000 -1.988745 0.000000 0.000000 1.000000 0.000000
0.999843 0.017704 0.000000 95.470411 -0.017704 0.999843 0.000000 -2.013479 0.000000 0.000000 1.000000 0.000000
0.999856 0.016956 0.000000 95.945059 -0.016956 0.999856 0.000000 -2.041885 0.000000 0.000000 1.000000 0.000000
0.999838 0.017992 0.000000 96.419993 -0.017992 0.999838 0.000000 -2.064487 0.000000 0.000000 1.000000 0.000000
0.999726 0.023389 0.000000 97.373427 -0.023389 0.999726 0.000000 -2.117295 0.000000 0.000000 1.000000 0.000000
0.999667 0.025815 0.000000 97.842622 -0.025815 0.999667 0.000000 -2.148149 0.000000 0.000000 1.000000 0.000000
0.999596 0.028427 0.000000 98.317560 -0.028427 0.999596 0.000000 -2.177498 0.000000 0.000000 1.000000 0.000000
0.999519 0.031020 0.000000 98.786018 -0.031020 0.999519 0.000000 -2.211851 0.000000 0.000000 1.000000 0.000000
0.999461 0.032841 0.000000 99.264487 -0.032841 0.999461 0.000000 -2.244640 0.000000 0.000000 1.000000 0.000000
0.999381 0.035170 0.000000 99.729401 -0.035170 0.999381 0.000000 -2.275170 0.000000 0.000000 1.000000 0.000000
0.999295 0.037545 0.000000 100.197716 -0.037545 0.999295 0.000000 -2.311913 0.000000 0.000000 1.000000 0.000000
0.999129 0.041724 0.000000 100.657951 -0.041724 0.999129 0.000000 -2.341151 0.000000 0.000000 1.000000 0.000000
0.998932 0.046208 0.000000 101.116001 -0.046208 0.998932 0.000000 -2.378504 0.000000 0.000000 1.000000 0.000000
0.998820 0.048564 0.000000 101.571852 -0.048564 0.998820 0.000000 -2.415633 0.000000 0.000000 1.000000 0.000000
0.998722 0.050541 0.000000 101.996226 -0.050541 0.998722 0.000000 -2.455271 0.000000 0.000000 1.000000 0.000000
0.998658 0.051798 0.000000 102.443791 -0.051798 0.998658 0.000000 -2.494236 0.000000 0.000000 1.000000 0.000000
0.998613 0.052645 0.000000 102.885714 -0.052645 0.998613 0.000000 -2.539712 0.000000 0.000000 1.000000 0.000000
0.998517 0.054433 0.000000 103.317770 -0.054433 0.998517 0.000000 -2.583827 0.000000 0.000000 1.000000 0.000000
0.998344 0.057523 0.000000 103.738854 -0.057523 0.998344 0.000000 -2.622476 0.000000 0.000000 1.000000 0.000000
0.998110 0.061448 0.000000 104.157607 -0.061448 0.998110 0.000000 -2.658348 0.000000 0.000000 1.000000 0.000000
0.997722 0.067462 0.000000 104.575601 -0.067462 0.997722 0.000000 -2.693049 0.000000 0.000000 1.000000 0.000000
0.997496 0.070720 0.000000 104.985189 -0.070720 0.997496 0.000000 -2.732871 0.000000 0.000000 1.000000 0.000000
0.997523 0.070346 0.000000 105.394800 -0.070346 0.997523 0.000000 -2.777291 0.000000 0.000000 1.000000 0.000000
0.997465 0.071165 0.000000 105.804225 -0.071165 0.997465 0.000000 -2.820894 0.000000 0.000000 1.000000 0.000000
0.997318 0.073193 0.000000 106.200626 -0.073193 0.997318 0.000000 -2.871825 0.000000 0.000000 1.000000 0.000000
0.997145 0.075505 0.000000 106.597749 -0.075505 0.997145 0.000000 -2.916205 0.000000 0.000000 1.000000 0.000000
0.996706 0.081094 0.000000 106.984405 -0.081094 0.996706 0.000000 -2.947464 0.000000 0.000000 1.000000 0.000000
0.996456 0.084113 0.000000 107.389466 -0.084113 0.996456 0.000000 -2.990393 0.000000 0.000000 1.000000 0.000000
0.996431 0.084407 0.000000 107.778778 -0.084407 0.996431 0.000000 -3.030863 0.000000 0.000000 1.000000 0.000000
0.996159 0.087564 0.000000 108.155795 -0.087564 0.996159 0.000000 -3.065712 0.000000 0.000000 1.000000 0.000000
0.995830 0.091234 0.000000 108.570264 -0.091234 0.995830 0.000000 -3.110441 0.000000 0.000000 1.000000 0.000000
0.995453 0.095257 0.000000 108.970050 -0.095257 0.995453 0.000000 -3.157113 0.000000 0.000000 1.000000 0.000000
0.995082 0.099054 0.000000 109.542180 -0.099054 0.995082 0.000000 -3.232426 0.000000 0.000000 1.000000 0.000000
0.994903 0.100838 0.000000 109.958679 -0.100838 0.994903 0.000000 -3.289579 0.000000 0.000000 1.000000 0.000000
0.994708 0.102740 0.000000 110.371176 -0.102740 0.994708 0.000000 -3.349137 0.000000 0.000000 1.000000 0.000000
0.994490 0.104831 0.000000 110.789615 -0.104831 0.994490 0.000000 -3.404154 0.000000 0.000000 1.000000 0.000000
0.994297 0.106643 0.000000 111.210391 -0.106643 0.994297 0.000000 -3.460139 0.000000 0.000000 1.000000 0.000000
0.994210 0.107450 0.000000 111.632490 -0.107450 0.994210 0.000000 -3.516227 0.000000 0.000000 1.000000 0.000000
0.994117 0.108310 0.000000 112.050046 -0.108310 0.994117 0.000000 -3.576587 0.000000 0.000000 1.000000 0.000000
0.993707 0.112013 0.000000 112.472667 -0.112013 0.993707 0.000000 -3.632152 0.000000 0.000000 1.000000 0.000000
0.993097 0.117299 0.000000 113.204859 -0.117299 0.993097 0.000000 -3.745927 0.000000 0.000000 1.000000 0.000000
0.993207 0.116358 0.000000 113.629912 -0.116358 0.993207 0.000000 -3.814639 0.000000 0.000000 1.000000 0.000000
0.993248 0.116006 0.000000 114.066772 -0.116006 0.993248 0.000000 -3.879360 0.000000 0.000000 1.000000 0.000000
0.993243 0.116053 0.000000 114.495636 -0.116053 0.993243 0.000000 -3.939200 0.000000 0.000000 1.000000 0.000000
0.993188 0.116521 0.000000 114.932506 -0.116521 0.993188 0.000000 -3.993031 0.000000 0.000000 1.000000 0.000000
0.992884 0.119083 0.000000 115.370668 -0.119083 0.992884 0.000000 -4.047863 0.000000 0.000000 1.000000 0.000000
0.992889 0.119042 0.000000 115.813767 -0.119042 0.992889 0.000000 -4.109438 0.000000 0.000000 1.000000 0.000000
0.992927 0.118729 0.000000 116.258260 -0.118729 0.992927 0.000000 -4.172273 0.000000 0.000000 1.000000 0.000000
0.992898 0.118969 0.000000 116.705144 -0.118969 0.992898 0.000000 -4.238037 0.000000 0.000000 1.000000 0.000000
0.992696 0.120644 0.000000 117.153310 -0.120644 0.992696 0.000000 -4.309222 0.000000 0.000000 1.000000 0.000000
0.992360 0.123378 0.000000 117.597694 -0.123378 0.992360 0.000000 -4.378327 0.000000 0.000000 1.000000 0.000000
0.992358 0.123388 0.000000 118.421953 -0.123388 0.992358 0.000000 -4.509062 0.000000 0.000000 1.000000 0.000000
0.992236 0.124365 0.000000 118.877798 -0.124365 0.992236 0.000000 -4.578663 0.000000 0.000000 1.000000 0.000000
0.992009 0.126168 0.000000 119.335178 -0.126168 0.992009 0.000000 -4.650421 0.000000 0.000000 1.000000 0.000000
0.991874 0.127222 0.000000 119.794824 -0.127222 0.991874 0.000000 -4.729896 0.000000 0.000000 1.000000 0.000000
0.991642 0.129024 0.000000 120.254556 -0.129024 0.991642 0.000000 -4.809431 0.000000 0.000000 1.000000 0.000000
0.991503 0.130086 0.000000 120.716506 -0.130086 0.991503 0.000000 -4.887341 0.000000 0.000000 1.000000 0.000000
0.991223 0.132201 0.000000 121.185412 -0.132201 0.991223 0.000000 -4.964372 0.000000 0.000000 1.000000 0.000000
0.990656 0.136386 0.000000 121.655165 -0.136386 0.990656 0.000000 -5.038864 0.000000 0.000000 1.000000 0.000000
0.990056 0.140674 0.000000 122.158375 -0.140674 0.990056 0.000000 -5.122368 0.000000 0.000000 1.000000 0.000000
0.989797 0.142484 0.000000 122.600843 -0.142484 0.989797 0.000000 -5.199506 0.000000 0.000000 1.000000 0.000000
0.989718 0.143032 0.000000 123.108252 -0.143032 0.989718 0.000000 -5.294437 0.000000 0.000000 1.000000 0.000000
0.989561 0.144116 0.000000 123.582258 -0.144116 0.989561 0.000000 -5.371978 0.000000 0.000000 1.000000 0.000000
0.989699 0.143161 0.000000 124.049856 -0.143161 0.989699 0.000000 -5.453411 0.000000 0.000000 1.000000 0.000000
0.989822 0.142311 0.000000 124.518752 -0.142311 0.989822 0.000000 -5.541077 0.000000 0.000000 1.000000 0.000000
0.989491 0.144596 0.000000 124.992762 -0.144596 0.989491 0.000000 -5.623984 0.000000 0.000000 1.000000 0.000000
0.989112 0.147162 0.000000 125.467055 -0.147162 0.989112 0.000000 -5.707402 0.000000 0.000000 1.000000 0.000000
0.988302 0.152509 0.000000 125.940002 -0.152509 0.988302 0.000000 -5.791601 0.000000 0.000000 1.000000 0.000000
0.987505 0.157587 0.000000 126.414193 -0.157587 0.987505 0.000000 -5.878967 0.000000 0.000000 1.000000 0.000000
0.987245 0.159210 0.000000 126.864389 -0.159210 0.987245 0.000000 -5.964349 0.000000 0.000000 1.000000 0.000000
0.986971 0.160898 0.000000 127.354292 -0.160898 0.986971 0.000000 -6.052040 0.000000 0.000000 1.000000 0.000000
0.986638 0.162926 0.000000 127.840565 -0.162926 0.986638 0.000000 -6.144894 0.000000 0.000000 1.000000 0.000000
0.986511 0.163698 0.000000 128.630602 -0.163698 0.986511 0.000000 -6.294139 0.000000 0.000000 1.000000 0.000000
0.986824 0.161796 0.000000 129.121771 -0.161796 0.986824 0.000000 -6.393725 0.000000 0.000000 1.000000 0.000000
0.988352 0.152186 0.000000 130.107323 -0.152186 0.988352 0.000000 -6.598535 0.000000 0.000000 1.000000 0.000000
0.988897 0.148606 0.000000 130.598600 -0.148606 0.988897 0.000000 -6.698595 0.000000 0.000000 1.000000 0.000000
0.989111 0.147173 0.000000 131.093962 -0.147173 0.989111 0.000000 -6.791223 0.000000 0.000000 1.000000 0.000000
0.989252 0.146218 0.000000 131.591818 -0.146218 0.989252 0.000000 -6.880485 0.000000 0.000000 1.000000 0.000000
0.989232 0.146355 0.000000 132.094355 -0.146355 0.989232 0.000000 -6.963643 0.000000 0.000000 1.000000 0.000000
0.988075 0.153974 0.000000 132.596228 -0.153974 0.988075 0.000000 -7.048019 0.000000 0.000000 1.000000 0.000000
0.988547 0.150914 0.000000 133.135978 -0.150914 0.988547 0.000000 -7.138548 0.000000 0.000000 1.000000 0.000000
0.988155 0.153461 0.000000 133.623597 -0.153461 0.988155 0.000000 -7.218430 0.000000 0.000000 1.000000 0.000000
0.987924 0.154939 0.000000 134.138514 -0.154939 0.987924 0.000000 -7.304754 0.000000 0.000000 1.000000 0.000000
0.987861 0.155338 0.000000 134.659282 -0.155338 0.987861 0.000000 -7.395684 0.000000 0.000000 1.000000 0.000000
0.987866 0.155306 0.000000 135.145613 -0.155306 0.987866 0.000000 -7.481512 0.000000 0.000000 1.000000 0.000000
0.987938 0.154851 0.000000 135.659803 -0.154851 0.987938 0.000000 -7.575208 0.000000 0.000000 1.000000 0.000000
0.987841 0.155465 0.000000 136.185383 -0.155465 0.987841 0.000000 -7.663676 0.000000 0.000000 1.000000 0.000000
0.987767 0.155938 0.000000 136.670480 -0.155938 0.987767 0.000000 -7.744839 0.000000 0.000000 1.000000 0.000000
0.988030 0.154261 0.000000 137.195552 -0.154261 0.988030 0.000000 -7.825264 0.000000 0.000000 1.000000 0.000000
0.987600 0.156991 0.000000 137.732020 -0.156991 0.987600 0.000000 -7.921313 0.000000 0.000000 1.000000 0.000000
0.987128 0.159934 0.000000 138.355272 -0.159934 0.987128 0.000000 -8.023819 0.000000 0.000000 1.000000 0.000000
0.986585 0.163248 0.000000 138.922755 -0.163248 0.986585 0.000000 -8.120861 0.000000 0.000000 1.000000 0.000000
0.985647 0.168819 0.000000 139.412106 -0.168819 0.985647 0.000000 -8.223544 0.000000 0.000000 1.000000 0.000000
0.985378 0.170382 0.000000 139.941207 -0.170382 0.985378 0.000000 -8.326081 0.000000 0.000000 1.000000 0.000000
0.984635 0.174623 0.000000 140.472722 -0.174623 0.984635 0.000000 -8.441144 0.000000 0.000000 1.000000 0.000000
0.984396 0.175969 0.000000 141.008218 -0.175969 0.984396 0.000000 -8.553049 0.000000 0.000000 1.000000 0.000000
0.983590 0.180419 0.000000 144.849338 -0.180419 0.983590 0.000000 -9.342979 0.000000 0.000000 1.000000 0.000000
0.983913 0.178651 0.000000 145.364185 -0.178651 0.983913 0.000000 -9.445690 0.000000 0.000000 1.000000 0.000000
0.984849 0.173414 0.000000 146.530350 -0.173414 0.984849 0.000000 -9.685014 0.000000 0.000000 1.000000 0.000000
0.983992 0.178214 0.000000 147.649679 -0.178214 0.983992 0.000000 -9.923877 0.000000 0.000000 1.000000 0.000000
0.983715 0.179738 0.000000 148.209771 -0.179738 0.983715 0.000000 -10.044041 0.000000 0.000000 1.000000 0.000000
0.983564 0.180559 0.000000 148.771423 -0.180559 0.983564 0.000000 -10.165892 0.000000 0.000000 1.000000 0.000000
0.983622 0.180245 0.000000 149.336380 -0.180245 0.983622 0.000000 -10.294670 0.000000 0.000000 1.000000 0.000000
0.984035 0.177975 0.000000 149.905155 -0.177975 0.984035 0.000000 -10.429325 0.000000 0.000000 1.000000 0.000000
0.984200 0.177061 0.000000 150.481311 -0.177061 0.984200 0.000000 -10.551126 0.000000 0.000000 1.000000 0.000000
0.983721 0.179700 0.000000 151.055059 -0.179700 0.983721 0.000000 -10.674242 0.000000 0.000000 1.000000 0.000000
0.983710 0.179761 0.000000 151.638961 -0.179761 0.983710 0.000000 -10.801320 0.000000 0.000000 1.000000 0.000000
0.983850 0.178997 0.000000 152.213318 -0.178997 0.983850 0.000000 -10.932257 0.000000 0.000000 1.000000 0.000000
0.983193 0.182569 0.000000 153.126762 -0.182569 0.983193 0.000000 -11.130318 0.000000 0.000000 1.000000 0.000000
0.982829 0.184519 0.000000 153.707090 -0.184519 0.982829 0.000000 -11.265813 0.000000 0.000000 1.000000 0.000000
0.982767 0.184851 0.000000 154.277497 -0.184851 0.982767 0.000000 -11.398953 0.000000 0.000000 1.000000 0.000000
0.982124 0.188233 0.000000 154.853984 -0.188233 0.982124 0.000000 -11.524703 0.000000 0.000000 1.000000 0.000000
0.981415 0.191895 0.000000 155.463395 -0.191895 0.981415 0.000000 -11.659847 0.000000 0.000000 1.000000 0.000000
0.981060 0.193703 0.000000 155.995889 -0.193703 0.981060 0.000000 -11.783136 0.000000 0.000000 1.000000 0.000000
0.980961 0.194204 0.000000 156.607987 -0.194204 0.980961 0.000000 -11.931854 0.000000 0.000000 1.000000 0.000000
0.980953 0.194247 0.000000 157.176444 -0.194247 0.980953 0.000000 -12.068547 0.000000 0.000000 1.000000 0.000000
0.980798 0.195024 0.000000 157.754849 -0.195024 0.980798 0.000000 -12.194894 0.000000 0.000000 1.000000 0.000000
0.980489 0.196574 0.000000 158.327039 -0.196574 0.980489 0.000000 -12.312112 0.000000 0.000000 1.000000 0.000000
0.980453 0.196754 0.000000 158.897699 -0.196754 0.980453 0.000000 -12.439389 0.000000 0.000000 1.000000 0.000000
0.980635 0.195847 0.000000 159.468206 -0.195847 0.980635 0.000000 -12.564223 0.000000 0.000000 1.000000 0.000000
0.980536 0.196337 0.000000 160.041084 -0.196337 0.980536 0.000000 -12.681431 0.000000 0.000000 1.000000 0.000000
0.980520 0.196419 0.000000 160.607861 -0.196419 0.980520 0.000000 -12.800985 0.000000 0.000000 1.000000 0.000000
0.980429 0.196874 0.000000 161.183402 -0.196874 0.980429 0.000000 -12.927668 0.000000 0.000000 1.000000 0.000000
0.979935 0.199319 0.000000 161.759512 -0.199319 0.979935 0.000000 -13.048622 0.000000 0.000000 1.000000 0.000000
0.979424 0.201811 0.000000 162.894725 -0.201811 0.979424 0.000000 -13.304031 0.000000 0.000000 1.000000 0.000000
0.979550 0.201203 0.000000 163.464725 -0.201203 0.979550 0.000000 -13.435518 0.000000 0.000000 1.000000 0.000000
0.979531 0.201296 0.000000 163.998414 -0.201296 0.979531 0.000000 -13.559525 0.000000 0.000000 1.000000 0.000000
0.978719 0.205203 0.000000 164.582301 -0.205203 0.978719 0.000000 -13.686840 0.000000 0.000000 1.000000 0.000000
0.978635 0.205607 0.000000 165.147434 -0.205607 0.978635 0.000000 -13.813929 0.000000 0.000000 1.000000 0.000000
0.978881 0.204433 0.000000 166.255597 -0.204433 0.978881 0.000000 -14.072051 0.000000 0.000000 1.000000 0.000000
0.978936 0.204166 0.000000 166.824608 -0.204166 0.978936 0.000000 -14.201376 0.000000 0.000000 1.000000 0.000000
0.978806 0.204792 0.000000 167.363407 -0.204792 0.978806 0.000000 -14.326573 0.000000 0.000000 1.000000 0.000000
0.978767 0.204978 0.000000 167.929748 -0.204978 0.978767 0.000000 -14.455054 0.000000 0.000000 1.000000 0.000000
0.978661 0.205484 0.000000 168.502278 -0.205484 0.978661 0.000000 -14.582070 0.000000 0.000000 1.000000 0.000000
0.978043 0.208405 0.000000 169.044208 -0.208405 0.978043 0.000000 -14.691781 0.000000 0.000000 1.000000 0.000000
0.977218 0.212238 0.000000 169.802432 -0.212238 0.977218 0.000000 -14.856712 0.000000 0.000000 1.000000 0.000000
0.976807 0.214121 0.000000 170.370307 -0.214121 0.976807 0.000000 -14.980922 0.000000 0.000000 1.000000 0.000000
0.976056 0.217522 0.000000 170.938360 -0.217522 0.976056 0.000000 -15.105669 0.000000 0.000000 1.000000 0.000000
0.975422 0.220345 0.000000 171.544139 -0.220345 0.975422 0.000000 -15.244497 0.000000 0.000000 1.000000 0.000000
0.975748 0.218896 0.000000 172.079357 -0.218896 0.975748 0.000000 -15.379374 0.000000 0.000000 1.000000 0.000000
0.975788 0.218720 0.000000 172.688139 -0.218720 0.975788 0.000000 -15.532200 0.000000 0.000000 1.000000 0.000000
0.975415 0.220377 0.000000 173.260047 -0.220377 0.975415 0.000000 -15.664863 0.000000 0.000000 1.000000 0.000000
0.975283 0.220960 0.000000 173.837270 -0.220960 0.975283 0.000000 -15.796904 0.000000 0.000000 1.000000 0.000000
0.974751 0.223296 0.000000 174.419104 -0.223296 0.974751 0.000000 -15.937951 0.000000 0.000000 1.000000 0.000000
0.975441 0.220262 0.000000 174.985301 -0.220262 0.975441 0.000000 -16.083853 0.000000 0.000000 1.000000 0.000000
0.975564 0.219714 0.000000 175.560433 -0.219714 0.975564 0.000000 -16.226929 0.000000 0.000000 1.000000 0.000000
0.975769 0.218802 0.000000 176.128897 -0.218802 0.975769 0.000000 -16.374553 0.000000 0.000000 1.000000 0.000000
0.976682 0.214690 0.000000 176.706220 -0.214690 0.976682 0.000000 -16.525926 0.000000 0.000000 1.000000 0.000000
0.977539 0.210757 0.000000 177.270675 -0.210757 0.977539 0.000000 -16.671510 0.000000 0.000000 1.000000 0.000000
0.977615 0.210402 0.000000 177.843891 -0.210402 0.977615 0.000000 -16.804954 0.000000 0.000000 1.000000 0.000000
0.977552 0.210694 0.000000 178.415763 -0.210694 0.977552 0.000000 -16.944814 0.000000 0.000000 1.000000 0.000000
0.977522 0.210833 0.000000 178.984058 -0.210833 0.977522 0.000000 -17.080909 0.000000 0.000000 1.000000 0.000000
0.977091 0.212823 0.000000 179.521071 -0.212823 0.977091 0.000000 -17.208014 0.000000 0.000000 1.000000 0.000000
0.977088 0.212837 0.000000 180.135087 -0.212837 0.977088 0.000000 -17.353571 0.000000 0.000000 1.000000 0.000000
0.977184 0.212394 0.000000 180.671210 -0.212394 0.977184 0.000000 -17.477174 0.000000 0.000000 1.000000 0.000000
0.977023 0.213134 0.000000 181.249009 -0.213134 0.977023 0.000000 -17.612410 0.000000 0.000000 1.000000 0.000000
0.976541 0.215330 0.000000 181.831524 -0.215330 0.976541 0.000000 -17.744762 0.000000 0.000000 1.000000 0.000000
0.975558 0.219742 0.000000 182.416969 -0.219742 0.975558 0.000000 -17.881094 0.000000 0.000000 1.000000 0.000000
0.974563 0.224115 0.000000 182.998466 -0.224115 0.974563 0.000000 -18.024936 0.000000 0.000000 1.000000 0.000000
0.974612 0.223900 0.000000 183.576660 -0.223900 0.974612 0.000000 -18.158478 0.000000 0.000000 1.000000 0.000000
0.974676 0.223622 0.000000 184.153027 -0.223622 0.974676 0.000000 -18.299784 0.000000 0.000000 1.000000 0.000000
0.974553 0.224158 0.000000 184.735030 -0.224158 0.974553 0.000000 -18.441699 0.000000 0.000000 1.000000 0.000000
0.974127 0.225999 0.000000 185.320811 -0.225999 0.974127 0.000000 -18.583194 0.000000 0.000000 1.000000 0.000000
0.973980 0.226634 0.000000 185.901526 -0.226634 0.973980 0.000000 -18.732977 0.000000 0.000000 1.000000 0.000000
0.974264 0.225408 0.000000 186.475146 -0.225408 0.974264 0.000000 -18.878747 0.000000 0.000000 1.000000 0.000000
0.974173 0.225804 0.000000 187.060469 -0.225804 0.974173 0.000000 -19.022223 0.000000 0.000000 1.000000 0.000000
0.973643 0.228077 0.000000 187.639832 -0.228077 0.973643 0.000000 -19.159362 0.000000 0.000000 1.000000 0.000000
0.973487 0.228744 0.000000 188.181693 -0.228744 0.973487 0.000000 -19.292582 0.000000 0.000000 1.000000 0.000000
0.973157 0.230140 0.000000 188.754083 -0.230140 0.973157 0.000000 -19.436712 0.000000 0.000000 1.000000 0.000000
0.972519 0.232825 0.000000 189.331177 -0.232825 0.972519 0.000000 -19.584922 0.000000 0.000000 1.000000 0.000000
0.972778 0.231741 0.000000 189.881854 -0.231741 0.972778 0.000000 -19.730323 0.000000 0.000000 1.000000 0.000000
0.972966 0.230949 0.000000 190.450056 -0.230949 0.972966 0.000000 -19.874685 0.000000 0.000000 1.000000 0.000000
0.972764 0.231799 0.000000 191.029182 -0.231799 0.972764 0.000000 -20.029074 0.000000 0.000000 1.000000 0.000000
0.973216 0.229893 0.000000 191.571166 -0.229893 0.973216 0.000000 -20.162371 0.000000 0.000000 1.000000 0.000000
0.972781 0.231725 0.000000 192.136325 -0.231725 0.972781 0.000000 -20.310590 0.000000 0.000000 1.000000 0.000000
0.972210 0.234109 0.000000 192.704552 -0.234109 0.972210 0.000000 -20.454094 0.000000 0.000000 1.000000 0.000000
0.972048 0.234783 0.000000 193.243943 -0.234783 0.972048 0.000000 -20.586321 0.000000 0.000000 1.000000 0.000000
0.971680 0.236300 0.000000 193.817872 -0.236300 0.971680 0.000000 -20.732345 0.000000 0.000000 1.000000 0.000000
0.971297 0.237870 0.000000 194.382735 -0.237870 0.971297 0.000000 -20.878395 0.000000 0.000000 1.000000 0.000000
0.970587 0.240749 0.000000 195.200842 -0.240749 0.970587 0.000000 -21.102714 0.000000 0.000000 1.000000 0.000000
0.970059 0.242871 0.000000 195.762673 -0.242871 0.970059 0.000000 -21.248576 0.000000 0.000000 1.000000 0.000000
0.969866 0.243641 0.000000 196.327099 -0.243641 0.969866 0.000000 -21.393742 0.000000 0.000000 1.000000 0.000000
0.969948 0.243312 0.000000 196.884525 -0.243312 0.969948 0.000000 -21.545810 0.000000 0.000000 1.000000 0.000000
0.969998 0.243112 0.000000 197.446570 -0.243112 0.969998 0.000000 -21.702511 0.000000 0.000000 1.000000 0.000000
0.970593 0.240726 0.000000 198.010535 -0.240726 0.970593 0.000000 -21.851291 0.000000 0.000000 1.000000 0.000000
0.970958 0.239248 0.000000 198.569999 -0.239248 0.970958 0.000000 -21.997813 0.000000 0.000000 1.000000 0.000000
0.970853 0.239677 0.000000 199.144638 -0.239677 0.970853 0.000000 -22.154527 0.000000 0.000000 1.000000 0.000000
0.970755 0.240073 0.000000 199.642407 -0.240073 0.970755 0.000000 -22.289778 0.000000 0.000000 1.000000 0.000000
0.970485 0.241162 0.000000 200.627465 -0.241162 0.970485 0.000000 -22.554738 0.000000 0.000000 1.000000 0.000000
0.970332 0.241776 0.000000 201.198020 -0.241776 0.970332 0.000000 -22.707842 0.000000 0.000000 1.000000 0.000000
0.970021 0.243020 0.000000 201.906427 -0.243020 0.970021 0.000000 -22.903986 0.000000 0.000000 1.000000 0.000000
0.969616 0.244633 0.000000 202.619118 -0.244633 0.969616 0.000000 -23.096387 0.000000 0.000000 1.000000 0.000000
0.969286 0.245935 0.000000 203.573513 -0.245935 0.969286 0.000000 -23.363776 0.000000 0.000000 1.000000 0.000000
0.969460 0.245250 0.000000 204.125805 -0.245250 0.969460 0.000000 -23.516410 0.000000 0.000000 1.000000 0.000000
0.969560 0.244853 0.000000 204.697655 -0.244853 0.969560 0.000000 -23.676236 0.000000 0.000000 1.000000 0.000000
0.969391 0.245524 0.000000 205.251351 -0.245524 0.969391 0.000000 -23.831276 0.000000 0.000000 1.000000 0.000000
0.969591 0.244731 0.000000 205.775327 -0.244731 0.969591 0.000000 -23.980389 0.000000 0.000000 1.000000 0.000000
0.969924 0.243409 0.000000 206.342976 -0.243409 0.969924 0.000000 -24.136670 0.000000 0.000000 1.000000 0.000000
0.969489 0.245134 0.000000 206.895211 -0.245134 0.969489 0.000000 -24.294488 0.000000 0.000000 1.000000 0.000000
0.969624 0.244602 0.000000 207.688836 -0.244602 0.969624 0.000000 -24.522873 0.000000 0.000000 1.000000 0.000000
0.969899 0.243509 0.000000 208.250004 -0.243509 0.969899 0.000000 -24.676481 0.000000 0.000000 1.000000 0.000000
0.969911 0.243459 0.000000 208.811753 -0.243459 0.969911 0.000000 -24.828807 0.000000 0.000000 1.000000 0.000000
0.970210 0.242267 0.000000 209.363510 -0.242267 0.970210 0.000000 -24.990229 0.000000 0.000000 1.000000 0.000000
0.970818 0.239816 0.000000 209.954206 -0.239816 0.970818 0.000000 -25.150588 0.000000 0.000000 1.000000 0.000000
0.970763 0.240039 0.000000 210.478095 -0.240039 0.970763 0.000000 -25.293789 0.000000 0.000000 1.000000 0.000000
0.970933 0.239352 0.000000 211.071920 -0.239352 0.970933 0.000000 -25.455685 0.000000 0.000000 1.000000 0.000000
0.971226 0.238159 0.000000 211.593279 -0.238159 0.971226 0.000000 -25.599726 0.000000 0.000000 1.000000 0.000000
