0.999999 0.001631 0.000000 0.581831 -0.001631 0.999999 0.000000 -0.004949 0.000000 0.000000 1.000000 0.000000
0.999996 0.002813 0.000000 1.127189 -0.002813 0.999996 0.000000 -0.008899 0.000000 0.000000 1.000000 0.000000
0.999996 0.002786 0.000000 1.711753 -0.002786 0.999996 0.000000 -0.017005 0.000000 0.000000 1.000000 0.000000
0.999993 0.003760 0.000000 2.296327 -0.003760 0.999993 0.000000 -0.017691 0.000000 0.000000 1.000000 0.000000
0.999964 0.008443 0.000000 2.839002 -0.008443 0.999964 0.000000 -0.019346 0.000000 0.000000 1.000000 0.000000
0.999913 0.013176 0.000000 3.422397 -0.013176 0.999913 0.000000 -0.027364 0.000000 0.000000 1.000000 0.000000
0.999862 0.016612 0.000000 4.567702 -0.016612 0.999862 0.000000 -0.059899 0.000000 0.000000 1.000000 0.000000
0.999842 0.017766 0.000000 5.158681 -0.017766 0.999842 0.000000 -0.073235 0.000000 0.000000 1.000000 0.000000
0.999818 0.019096 0.000000 5.963645 -0.019096 0.999818 0.000000 -0.097097 0.000000 0.000000 1.000000 0.000000
0.999809 0.019547 0.000000 6.539884 -0.019547 0.999809 0.000000 -0.107480 0.000000 0.000000 1.000000 0.000000
0.999794 0.020288 0.000000 7.125630 -0.020288 0.999794 0.000000 -0.128003 0.000000 0.000000 1.000000 0.000000
0.999777 0.021126 0.000000 7.711759 -0.021126 0.999777 0.000000 -0.145318 0.000000 0.000000 1.000000 0.000000
0.999755 0.022114 0.000000 8.257865 -0.022114 0.999755 0.000000 -0.164761 0.000000 0.000000 1.000000 0.000000
0.999730 0.023222 0.000000 8.842441 -0.023222 0.999730 0.000000 -0.190143 0.000000 0.000000 1.000000 0.000000
0.999703 0.024353 0.000000 9.386396 -0.024353 0.999703 0.000000 -0.202306 0.000000 0.000000 1.000000 0.000000
0.999678 0.025364 0.000000 9.966252 -0.025364 0.999678 0.000000 -0.212133 0.000000 0.000000 1.000000 0.000000
0.999649 0.026480 0.000000 10.527951 -0.026480 0.999649 0.000000 -0.221651 0.000000 0.000000 1.000000 0.000000
0.999632 0.027139 0.000000 11.094890 -0.027139 0.999632 0.000000 -0.238869 0.000000 0.000000 1.000000 0.000000
0.999582 0.028918 0.000000 11.675137 -0.028918 0.999582 0.000000 -0.255084 0.000000 0.000000 1.000000 0.000000
0.999522 0.030915 0.000000 12.430430 -0.030915 0.999522 0.000000 -0.279495 0.000000 0.000000 1.000000 0.000000
0.999486 0.032071 0.000000 13.049667 -0.032071 0.999486 0.000000 -0.300538 0.000000 0.000000 1.000000 0.000000
0.999444 0.033336 0.000000 13.592660 -0.033336 0.999444 0.000000 -0.313279 0.000000 0.000000 1.000000 0.000000
0.999372 0.035447 0.000000 14.209060 -0.035447 0.999372 0.000000 -0.313367 0.000000 0.000000 1.000000 0.000000
0.999330 0.036601 0.000000 14.784566 -0.036601 0.999330 0.000000 -0.328405 0.000000 0.000000 1.000000 0.000000
0.999263 0.038378 0.000000 15.364561 -0.038378 0.999263 0.000000 -0.349301 0.000000 0.000000 1.000000 0.000000
0.999160 0.040982 0.000000 15.942974 -0.040982 0.999160 0.000000 -0.376941 0.000000 0.000000 1.000000 0.000000
0.999086 0.042752 0.000000 16.521961 -0.042752 0.999086 0.000000 -0.407832 0.000000 0.000000 1.000000 0.000000
0.999008 0.044536 0.000000 17.097185 -0.044536 0.999008 0.000000 -0.438903 0.000000 0.000000 1.000000 0.000000
0.998941 0.046001 0.000000 17.676941 -0.046001 0.998941 0.000000 -0.471547 0.000000 0.000000 1.000000 0.000000
0.998820 0.048561 0.000000 18.248505 -0.048561 0.998820 0.000000 -0.503305 0.000000 0.000000 1.000000 0.000000
0.998742 0.050142 0.000000 18.820497 -0.050142 0.998742 0.000000 -0.541945 0.000000 0.000000 1.000000 0.000000
0.998653 0.051883 0.000000 19.367821 -0.051883 0.998653 0.000000 -0.579132 0.000000 0.000000 1.000000 0.000000
0.998494 0.054857 0.000000 19.942139 -0.054857 0.998494 0.000000 -0.621006 0.000000 0.000000 1.000000 0.000000
0.998469 0.055320 0.000000 21.035108 -0.055320 0.998469 0.000000 -0.689215 0.000000 0.000000 1.000000 0.000000
0.998555 0.053745 0.000000 21.966701 -0.053745 0.998555 0.000000 -0.762904 0.000000 0.000000 1.000000 0.000000
0.998565 0.053546 0.000000 22.528544 -0.053546 0.998565 0.000000 -0.803293 0.000000 0.000000 1.000000 0.000000
0.998460 0.055484 0.000000 23.093901 -0.055484 0.998460 0.000000 -0.844526 0.000000 0.000000 1.000000 0.000000
0.998444 0.055761 0.000000 23.653648 -0.055761 0.998444 0.000000 -0.895915 0.000000 0.000000 1.000000 0.000000
0.998588 0.053130 0.000000 24.212902 -0.053130 0.998588 0.000000 -0.942763 0.000000 0.000000 1.000000 0.000000
0.998439 0.055860 0.000000 24.805294 -0.055860 0.998439 0.000000 -0.980554 0.000000 0.000000 1.000000 0.000000
0.997929 0.064331 0.000000 25.367309 -0.064331 0.997929 0.000000 -1.019081 0.000000 0.000000 1.000000 0.000000
0.997334 0.072970 0.000000 26.491327 -0.072970 0.997334 0.000000 -1.120189 0.000000 0.000000 1.000000 0.000000
0.997362 0.072590 0.000000 27.049508 -0.072590 0.997362 0.000000 -1.180715 0.000000 0.000000 1.000000 0.000000
0.997324 0.073111 0.000000 27.607972 -0.073111 0.997324 0.000000 -1.240531 0.000000 0.000000 1.000000 0.000000
0.997416 0.071837 0.000000 28.132520 -0.071837 0.997416 0.000000 -1.298443 0.000000 0.000000 1.000000 0.000000
0.997397 0.072111 0.000000 28.696371 -0.072111 0.997397 0.000000 -1.341920 0.000000 0.000000 1.000000 0.000000
0.997086 0.076285 0.000000 29.596200 -0.076285 0.997086 0.000000 -1.413579 0.000000 0.000000 1.000000 0.000000
0.997047 0.076791 0.000000 30.195849 -0.076791 0.997047 0.000000 -1.466394 0.000000 0.000000 1.000000 0.000000
0.997013 0.077230 0.000000 30.756409 -0.077230 0.997013 0.000000 -1.513256 0.000000 0.000000 1.000000 0.000000
0.996995 0.077470 0.000000 31.320240 -0.077470 0.996995 0.000000 -1.561048 0.000000 0.000000 1.000000 0.000000
0.996931 0.078290 0.000000 31.885870 -0.078290 0.996931 0.000000 -1.612859 0.000000 0.000000 1.000000 0.000000
0.996847 0.079347 0.000000 32.450204 -0.079347 0.996847 0.000000 -1.667046 0.000000 0.000000 1.000000 0.000000
0.996770 0.080305 0.000000 33.011357 -0.080305 0.996770 0.000000 -1.720255 0.000000 0.000000 1.000000 0.000000
0.996803 0.079894 0.000000 33.579045 -0.079894 0.996803 0.000000 -1.769623 0.000000 0.000000 1.000000 0.000000
0.996639 0.081919 0.000000 34.136768 -0.081919 0.996639 0.000000 -1.817995 0.000000 0.000000 1.000000 0.000000
0.996521 0.083339 0.000000 34.652280 -0.083339 0.996521 0.000000 -1.869703 0.000000 0.000000 1.000000 0.000000
0.996119 0.088013 0.000000 35.587069 -0.088013 0.996119 0.000000 -1.960708 0.000000 0.000000 1.000000 0.000000
0.995815 0.091388 0.000000 36.145305 -0.091388 0.995815 0.000000 -2.019597 0.000000 0.000000 1.000000 0.000000
0.995703 0.092607 0.000000 36.700718 -0.092607 0.995703 0.000000 -2.070548 0.000000 0.000000 1.000000 0.000000
0.995552 0.094215 0.000000 37.253195 -0.094215 0.995552 0.000000 -2.117214 0.000000 0.000000 1.000000 0.000000
0.995387 0.095943 0.000000 37.811040 -0.095943 0.995387 0.000000 -2.171218 0.000000 0.000000 1.000000 0.000000
0.995293 0.096911 0.000000 38.375571 -0.096911 0.995293 0.000000 -2.230801 0.000000 0.000000 1.000000 0.000000
0.995206 0.097800 0.000000 38.969196 -0.097800 0.995206 0.000000 -2.289762 0.000000 0.000000 1.000000 0.000000
0.995218 0.097683 0.000000 39.499851 -0.097683 0.995218 0.000000 -2.338599 0.000000 0.000000 1.000000 0.000000
0.995275 0.097098 0.000000 40.047126 -0.097098 0.995275 0.000000 -2.393936 0.000000 0.000000 1.000000 0.000000
0.995192 0.097939 0.000000 40.602061 -0.097939 0.995192 0.000000 -2.446658 0.000000 0.000000 1.000000 0.000000
0.994919 0.100675 0.000000 41.157707 -0.100675 0.994919 0.000000 -2.500897 0.000000 0.000000 1.000000 0.000000
0.994777 0.102068 0.000000 41.676378 -0.102068 0.994777 0.000000 -2.553644 0.000000 0.000000 1.000000 0.000000
0.994729 0.102535 0.000000 42.224732 -0.102535 0.994729 0.000000 -2.616178 0.000000 0.000000 1.000000 0.000000
0.994821 0.101640 0.000000 42.744641 -0.101640 0.994821 0.000000 -2.671255 0.000000 0.000000 1.000000 0.000000
0.994857 0.101293 0.000000 43.696927 -0.101293 0.994857 0.000000 -2.786776 0.000000 0.000000 1.000000 0.000000
0.994688 0.102932 0.000000 44.242385 -0.102932 0.994688 0.000000 -2.843627 0.000000 0.000000 1.000000 0.000000
0.994540 0.104354 0.000000 44.800694 -0.104354 0.994540 0.000000 -2.898121 0.000000 0.000000 1.000000 0.000000
0.994249 0.107098 0.000000 45.888668 -0.107098 0.994249 0.000000 -3.000033 0.000000 0.000000 1.000000 0.000000
0.993782 0.111346 0.000000 46.463911 -0.111346 0.993782 0.000000 -3.074607 0.000000 0.000000 1.000000 0.000000
0.993749 0.111640 0.000000 46.956317 -0.111640 0.993749 0.000000 -3.128273 0.000000 0.000000 1.000000 0.000000
0.993714 0.111946 0.000000 47.977074 -0.111946 0.993714 0.000000 -3.250532 0.000000 0.000000 1.000000 0.000000
0.993643 0.112579 0.000000 48.493308 -0.112579 0.993643 0.000000 -3.309342 0.000000 0.000000 1.000000 0.000000
0.993714 0.111950 0.000000 49.005797 -0.111950 0.993714 0.000000 -3.367160 0.000000 0.000000 1.000000 0.000000
0.993615 0.112826 0.000000 49.488539 -0.112826 0.993615 0.000000 -3.428625 0.000000 0.000000 1.000000 0.000000
0.993528 0.113586 0.000000 50.376335 -0.113586 0.993528 0.000000 -3.540877 0.000000 0.000000 1.000000 0.000000
0.993385 0.114834 0.000000 50.880898 -0.114834 0.993385 0.000000 -3.595818 0.000000 0.000000 1.000000 0.000000
0.992805 0.119741 0.000000 51.383700 -0.119741 0.992805 0.000000 -3.644190 0.000000 0.000000 1.000000 0.000000
0.992367 0.123323 0.000000 51.875960 -0.123323 0.992367 0.000000 -3.701794 0.000000 0.000000 1.000000 0.000000
0.992285 0.123980 0.000000 52.360716 -0.123980 0.992285 0.000000 -3.758216 0.000000 0.000000 1.000000 0.000000
0.992088 0.125543 0.000000 52.832215 -0.125543 0.992088 0.000000 -3.812283 0.000000 0.000000 1.000000 0.000000
0.991777 0.127978 0.000000 53.302510 -0.127978 0.991777 0.000000 -3.873287 0.000000 0.000000 1.000000 0.000000
0.991488 0.130201 0.000000 54.007814 -0.130201 0.991488 0.000000 -3.979920 0.000000 0.000000 1.000000 0.000000
0.991560 0.129648 0.000000 54.433619 -0.129648 0.991560 0.000000 -4.040033 0.000000 0.000000 1.000000 0.000000
0.991670 0.128803 0.000000 54.888386 -0.128803 0.991670 0.000000 -4.097794 0.000000 0.000000 1.000000 0.000000
0.991693 0.128628 0.000000 55.331156 -0.128628 0.991693 0.000000 -4.153045 0.000000 0.000000 1.000000 0.000000
0.991759 0.128116 0.000000 55.753167 -0.128116 0.991759 0.000000 -4.213059 0.000000 0.000000 1.000000 0.000000
0.992008 0.126175 0.000000 56.177599 -0.126175 0.992008 0.000000 -4.271607 0.000000 0.000000 1.000000 0.000000
0.991984 0.126362 0.000000 56.902762 -0.126362 0.991984 0.000000 -4.364741 0.000000 0.000000 1.000000 0.000000
0.991757 0.128131 0.000000 57.283973 -0.128131 0.991757 0.000000 -4.414768 0.000000 0.000000 1.000000 0.000000
0.991627 0.129133 0.000000 57.717911 -0.129133 0.991627 0.000000 -4.468368 0.000000 0.000000 1.000000 0.000000
0.991509 0.130039 0.000000 58.108777 -0.130039 0.991509 0.000000 -4.521305 0.000000 0.000000 1.000000 0.000000
0.991372 0.131077 0.000000 58.501394 -0.131077 0.991372 0.000000 -4.578127 0.000000 0.000000 1.000000 0.000000
0.991213 0.132275 0.000000 58.883682 -0.132275 0.991213 0.000000 -4.639239 0.000000 0.000000 1.000000 0.000000
0.991166 0.132624 0.000000 59.255157 -0.132624 0.991166 0.000000 -4.708966 0.000000 0.000000 1.000000 0.000000
0.991234 0.132114 0.000000 59.622241 -0.132114 0.991234 0.000000 -4.769813 0.000000 0.000000 1.000000 0.000000
0.991020 0.133715 0.000000 59.980259 -0.133715 0.991020 0.000000 -4.811637 0.000000 0.000000 1.000000 0.000000
0.990710 0.135992 0.000000 60.339566 -0.135992 0.990710 0.000000 -4.855699 0.000000 0.000000 1.000000 0.000000
0.990374 0.138415 0.000000 61.017662 -0.138415 0.990374 0.000000 -4.960973 0.000000 0.000000 1.000000 0.000000
0.990458 0.137815 0.000000 61.356580 -0.137815 0.990458 0.000000 -5.012853 0.000000 0.000000 1.000000 0.000000
0.990508 0.137456 0.000000 61.669691 -0.137456 0.990508 0.000000 -5.061441 0.000000 0.000000 1.000000 0.000000
0.990483 0.137637 0.000000 62.004228 -0.137637 0.990483 0.000000 -5.110367 0.000000 0.000000 1.000000 0.000000
0.990245 0.139337 0.000000 62.328276 -0.139337 0.990245 0.000000 -5.153033 0.000000 0.000000 1.000000 0.000000
0.989789 0.142539 0.000000 62.628533 -0.142539 0.989789 0.000000 -5.187915 0.000000 0.000000 1.000000 0.000000
0.989023 0.147762 0.000000 62.952585 -0.147762 0.989023 0.000000 -5.226453 0.000000 0.000000 1.000000 0.000000
0.988962 0.148168 0.000000 63.269339 -0.148168 0.988962 0.000000 -5.282760 0.000000 0.000000 1.000000 0.000000
0.989173 0.146752 0.000000 63.778005 -0.146752 0.989173 0.000000 -5.367997 0.000000 0.000000 1.000000 0.000000
0.989102 0.147233 0.000000 64.082704 -0.147233 0.989102 0.000000 -5.408807 0.000000 0.000000 1.000000 0.000000
0.988760 0.149513 0.000000 64.380720 -0.149513 0.988760 0.000000 -5.451547 0.000000 0.000000 1.000000 0.000000
0.988495 0.151251 0.000000 64.696736 -0.151251 0.988495 0.000000 -5.503895 0.000000 0.000000 1.000000 0.000000
0.988331 0.152324 0.000000 64.986226 -0.152324 0.988331 0.000000 -5.551404 0.000000 0.000000 1.000000 0.000000
0.988147 0.153509 0.000000 65.256633 -0.153509 0.988147 0.000000 -5.597682 0.000000 0.000000 1.000000 0.000000
0.988010 0.154389 0.000000 65.558164 -0.154389 0.988010 0.000000 -5.645547 0.000000 0.000000 1.000000 0.000000
0.987821 0.155592 0.000000 65.834087 -0.155592 0.987821 0.000000 -5.689270 0.000000 0.000000 1.000000 0.000000
0.987624 0.156838 0.000000 66.105405 -0.156838 0.987624 0.000000 -5.733917 0.000000 0.000000 1.000000 0.000000
0.987318 0.158756 0.000000 66.562435 -0.158756 0.987318 0.000000 -5.814012 0.000000 0.000000 1.000000 0.000000
0.987234 0.159277 0.000000 66.804570 -0.159277 0.987234 0.000000 -5.854419 0.000000 0.000000 1.000000 0.000000
0.987060 0.160354 0.000000 67.082495 -0.160354 0.987060 0.000000 -5.900562 0.000000 0.000000 1.000000 0.000000
0.986992 0.160772 0.000000 67.343823 -0.160772 0.986992 0.000000 -5.944199 0.000000 0.000000 1.000000 0.000000
0.986893 0.161375 0.000000 67.608714 -0.161375 0.986893 0.000000 -5.992209 0.000000 0.000000 1.000000 0.000000
0.986778 0.162075 0.000000 67.871723 -0.162075 0.986778 0.000000 -6.041157 0.000000 0.000000 1.000000 0.000000
0.986699 0.162560 0.000000 68.131158 -0.162560 0.986699 0.000000 -6.085184 0.000000 0.000000 1.000000 0.000000
0.986534 0.163555 0.000000 68.396718 -0.163555 0.986534 0.000000 -6.129650 0.000000 0.000000 1.000000 0.000000
0.986178 0.165687 0.000000 68.639676 -0.165687 0.986178 0.000000 -6.174623 0.000000 0.000000 1.000000 0.000000
0.986006 0.166710 0.000000 68.910077 -0.166710 0.986006 0.000000 -6.219047 0.000000 0.000000 1.000000 0.000000
0.985868 0.167521 0.000000 69.156001 -0.167521 0.985868 0.000000 -6.262312 0.000000 0.000000 1.000000 0.000000
0.985740 0.168275 0.000000 69.413169 -0.168275 0.985740 0.000000 -6.307002 0.000000 0.000000 1.000000 0.000000
0.985390 0.170313 0.000000 69.846783 -0.170313 0.985390 0.000000 -6.384929 0.000000 0.000000 1.000000 0.000000
0.985278 0.170958 0.000000 70.117395 -0.170958 0.985278 0.000000 -6.433076 0.000000 0.000000 1.000000 0.000000
0.985161 0.171631 0.000000 70.391612 -0.171631 0.985161 0.000000 -6.483050 0.000000 0.000000 1.000000 0.000000
0.984994 0.172590 0.000000 70.661029 -0.172590 0.984994 0.000000 -6.530779 0.000000 0.000000 1.000000 0.000000
0.984869 0.173301 0.000000 70.937399 -0.173301 0.984869 0.000000 -6.581019 0.000000 0.000000 1.000000 0.000000
0.984736 0.174055 0.000000 71.229494 -0.174055 0.984736 0.000000 -6.636897 0.000000 0.000000 1.000000 0.000000
0.984689 0.174320 0.000000 71.484667 -0.174320 0.984689 0.000000 -6.690555 0.000000 0.000000 1.000000 0.000000
0.984521 0.175265 0.000000 71.767344 -0.175265 0.984521 0.000000 -6.744276 0.000000 0.000000 1.000000 0.000000
0.984160 0.177280 0.000000 72.045149 -0.177280 0.984160 0.000000 -6.798231 0.000000 0.000000 1.000000 0.000000
0.984066 0.177805 0.000000 72.305816 -0.177805 0.984066 0.000000 -6.852791 0.000000 0.000000 1.000000 0.000000
0.983817 0.179177 0.000000 72.587254 -0.179177 0.983817 0.000000 -6.904641 0.000000 0.000000 1.000000 0.000000
0.983465 0.181101 0.000000 72.849900 -0.181101 0.983465 0.000000 -6.957782 0.000000 0.000000 1.000000 0.000000
0.982868 0.184309 0.000000 73.629483 -0.184309 0.982868 0.000000 -7.093644 0.000000 0.000000 1.000000 0.000000
0.982277 0.187436 0.000000 73.920951 -0.187436 0.982277 0.000000 -7.142227 0.000000 0.000000 1.000000 0.000000
0.981890 0.189454 0.000000 74.209395 -0.189454 0.981890 0.000000 -7.190860 0.000000 0.000000 1.000000 0.000000
0.981904 0.189380 0.000000 74.497394 -0.189380 0.981904 0.000000 -7.247814 0.000000 0.000000 1.000000 0.000000
0.982038 0.188683 0.000000 74.785977 -0.188683 0.982038 0.000000 -7.301247 0.000000 0.000000 1.000000 0.000000
0.981439 0.191774 0.000000 75.370447 -0.191774 0.981439 0.000000 -7.423797 0.000000 0.000000 1.000000 0.000000
0.981197 0.193009 0.000000 75.664864 -0.193009 0.981197 0.000000 -7.485145 0.000000 0.000000 1.000000 0.000000
0.981117 0.193415 0.000000 75.950262 -0.193415 0.981117 0.000000 -7.544047 0.000000 0.000000 1.000000 0.000000
0.980552 0.196258 0.000000 76.416871 -0.196258 0.980552 0.000000 -7.638885 0.000000 0.000000 1.000000 0.000000
0.979672 0.200605 0.000000 76.735853 -0.200605 0.979672 0.000000 -7.700801 0.000000 0.000000 1.000000 0.000000
0.978379 0.206822 0.000000 77.263785 -0.206822 0.978379 0.000000 -7.813903 0.000000 0.000000 1.000000 0.000000
0.978283 0.207274 0.000000 77.593244 -0.207274 0.978283 0.000000 -7.885531 0.000000 0.000000 1.000000 0.000000
0.977846 0.209325 0.000000 77.926401 -0.209325 0.977846 0.000000 -7.942622 0.000000 0.000000 1.000000 0.000000
0.977125 0.212667 0.000000 78.249970 -0.212667 0.977125 0.000000 -8.009853 0.000000 0.000000 1.000000 0.000000
0.977043 0.213041 0.000000 78.599661 -0.213041 0.977043 0.000000 -8.083731 0.000000 0.000000 1.000000 0.000000
0.977001 0.213233 0.000000 79.163757 -0.213233 0.977001 0.000000 -8.215212 0.000000 0.000000 1.000000 0.000000
0.977375 0.211514 0.000000 79.511151 -0.211514 0.977375 0.000000 -8.289731 0.000000 0.000000 1.000000 0.000000
0.977227 0.212195 0.000000 79.891381 -0.212195 0.977227 0.000000 -8.377648 0.000000 0.000000 1.000000 0.000000
0.977063 0.212949 0.000000 80.246172 -0.212949 0.977063 0.000000 -8.457490 0.000000 0.000000 1.000000 0.000000
0.976923 0.213592 0.000000 80.895017 -0.213592 0.976923 0.000000 -8.607291 0.000000 0.000000 1.000000 0.000000
0.977181 0.212410 0.000000 81.546261 -0.212410 0.977181 0.000000 -8.762694 0.000000 0.000000 1.000000 0.000000
0.977527 0.210810 0.000000 81.931754 -0.210810 0.977527 0.000000 -8.855353 0.000000 0.000000 1.000000 0.000000
0.977376 0.211510 0.000000 82.348922 -0.211510 0.977376 0.000000 -8.938241 0.000000 0.000000 1.000000 0.000000
0.976878 0.213799 0.000000 82.745314 -0.213799 0.976878 0.000000 -9.031252 0.000000 0.000000 1.000000 0.000000
0.976562 0.215236 0.000000 83.171997 -0.215236 0.976562 0.000000 -9.132302 0.000000 0.000000 1.000000 0.000000
0.976444 0.215773 0.000000 83.575163 -0.215773 0.976444 0.000000 -9.227542 0.000000 0.000000 1.000000 0.000000
0.976997 0.213254 0.000000 84.019105 -0.213254 0.976997 0.000000 -9.331649 0.000000 0.000000 1.000000 0.000000
0.977669 0.210152 0.000000 84.704923 -0.210152 0.977669 0.000000 -9.470127 0.000000 0.000000 1.000000 0.000000
0.977740 0.209820 0.000000 85.512835 -0.209820 0.977740 0.000000 -9.654440 0.000000 0.000000 1.000000 0.000000
0.977514 0.210868 0.000000 85.981254 -0.210868 0.977514 0.000000 -9.756718 0.000000 0.000000 1.000000 0.000000
0.976818 0.214071 0.000000 86.453954 -0.214071 0.976818 0.000000 -9.868106 0.000000 0.000000 1.000000 0.000000
0.975939 0.218045 0.000000 86.916314 -0.218045 0.975939 0.000000 -9.964262 0.000000 0.000000 1.000000 0.000000
0.975245 0.221126 0.000000 87.425833 -0.221126 0.975245 0.000000 -10.070871 0.000000 0.000000 1.000000 0.000000
0.974950 0.222426 0.000000 87.874650 -0.222426 0.974950 0.000000 -10.161277 0.000000 0.000000 1.000000 0.000000
0.973966 0.226696 0.000000 88.376605 -0.226696 0.973966 0.000000 -10.271336 0.000000 0.000000 1.000000 0.000000
0.973403 0.229099 0.000000 88.886106 -0.229099 0.973403 0.000000 -10.382882 0.000000 0.000000 1.000000 0.000000
0.972843 0.231466 0.000000 89.405914 -0.231466 0.972843 0.000000 -10.502365 0.000000 0.000000 1.000000 0.000000
0.972467 0.233039 0.000000 89.890786 -0.233039 0.972467 0.000000 -10.622632 0.000000 0.000000 1.000000 0.000000
0.972031 0.234852 0.000000 90.414675 -0.234852 0.972031 0.000000 -10.752831 0.000000 0.000000 1.000000 0.000000
0.971432 0.237316 0.000000 91.359448 -0.237316 0.971432 0.000000 -10.997443 0.000000 0.000000 1.000000 0.000000
0.971465 0.237183 0.000000 91.894118 -0.237183 0.971465 0.000000 -11.136099 0.000000 0.000000 1.000000 0.000000
0.971012 0.239031 0.000000 92.436347 -0.239031 0.971012 0.000000 -11.264034 0.000000 0.000000 1.000000 0.000000
0.969874 0.243607 0.000000 92.982891 -0.243607 0.969874 0.000000 -11.396338 0.000000 0.000000 1.000000 0.000000
0.969279 0.245963 0.000000 93.532370 -0.245963 0.969279 0.000000 -11.545851 0.000000 0.000000 1.000000 0.000000
0.969037 0.246914 0.000000 94.374963 -0.246914 0.969037 0.000000 -11.767419 0.000000 0.000000 1.000000 0.000000
0.968231 0.250058 0.000000 94.904510 -0.250058 0.968231 0.000000 -11.898214 0.000000 0.000000 1.000000 0.000000
0.966017 0.258479 0.000000 96.001332 -0.258479 0.966017 0.000000 -12.195643 0.000000 0.000000 1.000000 0.000000
0.964942 0.262465 0.000000 96.725483 -0.262465 0.964942 0.000000 -12.388762 0.000000 0.000000 1.000000 0.000000
0.963961 0.266045 0.000000 97.307167 -0.266045 0.963961 0.000000 -12.536747 0.000000 0.000000 1.000000 0.000000
0.962741 0.270425 0.000000 97.886565 -0.270425 0.962741 0.000000 -12.701745 0.000000 0.000000 1.000000 0.000000
0.961879 0.273474 0.000000 98.463830 -0.273474 0.961879 0.000000 -12.869269 0.000000 0.000000 1.000000 0.000000
0.961627 0.274359 0.000000 99.052251 -0.274359 0.961627 0.000000 -13.033165 0.000000 0.000000 1.000000 0.000000
0.961261 0.275639 0.000000 99.667323 -0.275639 0.961261 0.000000 -13.209339 0.000000 0.000000 1.000000 0.000000
0.960510 0.278244 0.000000 100.230795 -0.278244 0.960510 0.000000 -13.373083 0.000000 0.000000 1.000000 0.000000
0.959810 0.280650 0.000000 100.810643 -0.280650 0.959810 0.000000 -13.548048 0.000000 0.000000 1.000000 0.000000
0.959887 0.280389 0.000000 101.402203 -0.280389 0.959887 0.000000 -13.731782 0.000000 0.000000 1.000000 0.000000
0.960702 0.277581 0.000000 101.957430 -0.277581 0.960702 0.000000 -13.902304 0.000000 0.000000 1.000000 0.000000
0.961001 0.276544 0.000000 102.555760 -0.276544 0.961001 0.000000 -14.081259 0.000000 0.000000 1.000000 0.000000
0.960726 0.277497 0.000000 103.154448 -0.277497 0.960726 0.000000 -14.263212 0.000000 0.000000 1.000000 0.000000
0.960395 0.278643 0.000000 103.710656 -0.278643 0.960395 0.000000 -14.429346 0.000000 0.000000 1.000000 0.000000
0.960010 0.279965 0.000000 104.779259 -0.279965 0.960010 0.000000 -14.746826 0.000000 0.000000 1.000000 0.000000
0.959670 0.281128 0.000000 105.427409 -0.281128 0.959670 0.000000 -14.948558 0.000000 0.000000 1.000000 0.000000
0.959210 0.282693 0.000000 106.036010 -0.282693 0.959210 0.000000 -15.135298 0.000000 0.000000 1.000000 0.000000
0.958365 0.285546 0.000000 106.648901 -0.285546 0.958365 0.000000 -15.319342 0.000000 0.000000 1.000000 0.000000
0.957967 0.286880 0.000000 107.246491 -0.286880 0.957967 0.000000 -15.506722 0.000000 0.000000 1.000000 0.000000
0.958202 0.286093 0.000000 107.858225 -0.286093 0.958202 0.000000 -15.700980 0.000000 0.000000 1.000000 0.000000
0.958119 0.286370 0.000000 108.433152 -0.286370 0.958119 0.000000 -15.875601 0.000000 0.000000 1.000000 0.000000
0.958064 0.286556 0.000000 109.051751 -0.286556 0.958064 0.000000 -16.062677 0.000000 0.000000 1.000000 0.000000
0.957707 0.287744 0.000000 109.634419 -0.287744 0.957707 0.000000 -16.240384 0.000000 0.000000 1.000000 0.000000
0.956995 0.290105 0.000000 110.260775 -0.290105 0.956995 0.000000 -16.443090 0.000000 0.000000 1.000000 0.000000
0.956398 0.292066 0.000000 110.875731 -0.292066 0.956398 0.000000 -16.641219 0.000000 0.000000 1.000000 0.000000
0.956311 0.292352 0.000000 111.508915 -0.292352 0.956311 0.000000 -16.842110 0.000000 0.000000 1.000000 0.000000
0.956462 0.291855 0.000000 112.296880 -0.291855 0.956462 0.000000 -17.091734 0.000000 0.000000 1.000000 0.000000
0.955818 0.293961 0.000000 112.893394 -0.293961 0.955818 0.000000 -17.267082 0.000000 0.000000 1.000000 0.000000
0.954879 0.296996 0.000000 113.529219 -0.296996 0.954879 0.000000 -17.484958 0.000000 0.000000 1.000000 0.000000
0.955387 0.295358 0.000000 114.533434 -0.295358 0.955387 0.000000 -17.805242 0.000000 0.000000 1.000000 0.000000
0.955198 0.295966 0.000000 115.173860 -0.295966 0.955198 0.000000 -18.009288 0.000000 0.000000 1.000000 0.000000
0.954676 0.297647 0.000000 115.816061 -0.297647 0.954676 0.000000 -18.210295 0.000000 0.000000 1.000000 0.000000
0.954020 0.299743 0.000000 116.459015 -0.299743 0.954020 0.000000 -18.427695 0.000000 0.000000 1.000000 0.000000
0.953714 0.300716 0.000000 117.086430 -0.300716 0.953714 0.000000 -18.642341 0.000000 0.000000 1.000000 0.000000
0.953817 0.300388 0.000000 117.730644 -0.300388 0.953817 0.000000 -18.863011 0.000000 0.000000 1.000000 0.000000
0.954035 0.299695 0.000000 118.332631 -0.299695 0.954035 0.000000 -19.065500 0.000000 0.000000 1.000000 0.000000
0.954620 0.297826 0.000000 119.459598 -0.297826 0.954620 0.000000 -19.445462 0.000000 0.000000 1.000000 0.000000
0.955132 0.296179 0.000000 120.102288 -0.296179 0.955132 0.000000 -19.660115 0.000000 0.000000 1.000000 0.000000
0.955273 0.295724 0.000000 120.741219 -0.295724 0.955273 0.000000 -19.875332 0.000000 0.000000 1.000000 0.000000
0.955087 0.296326 0.000000 121.381593 -0.296326 0.955087 0.000000 -20.084919 0.000000 0.000000 1.000000 0.000000
0.955223 0.295886 0.000000 122.687949 -0.295886 0.955223 0.000000 -20.514602 0.000000 0.000000 1.000000 0.000000
0.955015 0.296559 0.000000 123.280505 -0.296559 0.955015 0.000000 -20.703550 0.000000 0.000000 1.000000 0.000000
0.954767 0.297356 0.000000 123.929991 -0.297356 0.954767 0.000000 -20.919414 0.000000 0.000000 1.000000 0.000000
0.954853 0.297079 0.000000 124.530562 -0.297079 0.954853 0.000000 -21.112993 0.000000 0.000000 1.000000 0.000000
0.954081 0.299550 0.000000 125.132890 -0.299550 0.954081 0.000000 -21.299602 0.000000 0.000000 1.000000 0.000000
0.952562 0.304345 0.000000 129.781420 -0.304345 0.952562 0.000000 -22.901362 0.000000 0.000000 1.000000 0.000000
0.953044 0.302832 0.000000 130.423701 -0.302832 0.953044 0.000000 -23.110071 0.000000 0.000000 1.000000 0.000000
0.953264 0.302138 0.000000 131.026037 -0.302138 0.953264 0.000000 -23.308826 0.000000 0.000000 1.000000 0.000000
0.953895 0.300139 0.000000 131.639200 -0.300139 0.953895 0.000000 -23.522601 0.000000 0.000000 1.000000 0.000000
0.954160 0.299298 0.000000 132.230393 -0.299298 0.954160 0.000000 -23.726284 0.000000 0.000000 1.000000 0.000000
0.954404 0.298519 0.000000 132.838909 -0.298519 0.954404 0.000000 -23.925810 0.000000 0.000000 1.000000 0.000000
0.953920 0.300061 0.000000 133.461571 -0.300061 0.953920 0.000000 -24.141792 0.000000 0.000000 1.000000 0.000000
0.953979 0.299875 0.000000 134.259076 -0.299875 0.953979 0.000000 -24.404509 0.000000 0.000000 1.000000 0.000000
0.953227 0.302255 0.000000 134.872654 -0.302255 0.953227 0.000000 -24.600929 0.000000 0.000000 1.000000 0.000000
0.952360 0.304976 0.000000 135.492141 -0.304976 0.952360 0.000000 -24.794382 0.000000 0.000000 1.000000 0.000000
0.952173 0.305559 0.000000 136.389155 -0.305559 0.952173 0.000000 -25.092060 0.000000 0.000000 1.000000 0.000000
0.952338 0.305044 0.000000 137.000876 -0.305044 0.952338 0.000000 -25.299574 0.000000 0.000000 1.000000 0.000000
0.952402 0.304846 0.000000 137.620274 -0.304846 0.952402 0.000000 -25.506201 0.000000 0.000000 1.000000 0.000000
0.952578 0.304294 0.000000 138.227309 -0.304294 0.952578 0.000000 -25.712508 0.000000 0.000000 1.000000 0.000000
0.952511 0.304505 0.000000 138.836272 -0.304505 0.952511 0.000000 -25.917219 0.000000 0.000000 1.000000 0.000000
0.952115 0.305739 0.000000 139.738287 -0.305739 0.952115 0.000000 -26.221280 0.000000 0.000000 1.000000 0.000000
0.951730 0.306935 0.000000 140.326587 -0.306935 0.951730 0.000000 -26.421446 0.000000 0.000000 1.000000 0.000000
0.951152 0.308721 0.000000 140.929982 -0.308721 0.951152 0.000000 -26.624301 0.000000 0.000000 1.000000 0.000000
0.950443 0.310900 0.000000 141.489880 -0.310900 0.950443 0.000000 -26.819034 0.000000 0.000000 1.000000 0.000000
0.949613 0.313425 0.000000 142.266643 -0.313425 0.949613 0.000000 -27.094972 0.000000 0.000000 1.000000 0.000000
0.949580 0.313524 0.000000 142.861511 -0.313524 0.949580 0.000000 -27.307113 0.000000 0.000000 1.000000 0.000000
0.949812 0.312821 0.000000 143.458449 -0.312821 0.949812 0.000000 -27.519366 0.000000 0.000000 1.000000 0.000000
0.950387 0.311071 0.000000 144.054574 -0.311071 0.950387 0.000000 -27.726178 0.000000 0.000000 1.000000 0.000000
0.950856 0.309633 0.000000 144.647457 -0.309633 0.950856 0.000000 -27.927008 0.000000 0.000000 1.000000 0.000000
0.951363 0.308073 0.000000 145.787036 -0.308073 0.951363 0.000000 -28.324447 0.000000 0.000000 1.000000 0.000000
0.951236 0.308463 0.000000 146.334838 -0.308463 0.951236 0.000000 -28.498845 0.000000 0.000000 1.000000 0.000000
0.950640 0.310296 0.000000 146.908539 -0.310296 0.950640 0.000000 -28.685692 0.000000 0.000000 1.000000 0.000000
0.950701 0.310109 0.000000 147.480779 -0.310109 0.950701 0.000000 -28.885575 0.000000 0.000000 1.000000 0.000000
0.950548 0.310577 0.000000 148.024314 -0.310577 0.950548 0.000000 -29.077843 0.000000 0.000000 1.000000 0.000000
0.951261 0.308387 0.000000 148.603133 -0.308387 0.951261 0.000000 -29.284479 0.000000 0.000000 1.000000 0.000000
0.952238 0.305357 0.000000 149.307479 -0.305357 0.952238 0.000000 -29.526701 0.000000 0.000000 1.000000 0.000000
0.952271 0.305255 0.000000 149.876002 -0.305255 0.952271 0.000000 -29.728188 0.000000 0.000000 1.000000 0.000000
0.952296 0.305175 0.000000 150.405988 -0.305175 0.952296 0.000000 -29.908346 0.000000 0.000000 1.000000 0.000000
0.951897 0.306417 0.000000 150.980379 -0.306417 0.951897 0.000000 -30.101404 0.000000 0.000000 1.000000 0.000000
0.951343 0.308134 0.000000 151.544837 -0.308134 0.951343 0.000000 -30.295192 0.000000 0.000000 1.000000 0.000000
0.951031 0.309096 0.000000 152.070675 -0.309096 0.951031 0.000000 -30.477146 0.000000 0.000000 1.000000 0.000000
0.951288 0.308302 0.000000 152.632957 -0.308302 0.951288 0.000000 -30.673436 0.000000 0.000000 1.000000 0.000000
0.951722 0.306961 0.000000 153.163746 -0.306961 0.951722 0.000000 -30.850092 0.000000 0.000000 1.000000 0.000000
0.951126 0.308803 0.000000 153.722226 -0.308803 0.951126 0.000000 -31.037593 0.000000 0.000000 1.000000 0.000000
0.950364 0.311141 0.000000 154.279630 -0.311141 0.950364 0.000000 -31.226178 0.000000 0.000000 1.000000 0.000000
0.949194 0.314692 0.000000 154.997271 -0.314692 0.949194 0.000000 -31.467925 0.000000 0.000000 1.000000 0.000000
0.948520 0.316718 0.000000 155.522067 -0.316718 0.948520 0.000000 -31.642718 0.000000 0.000000 1.000000 0.000000
0.948030 0.318181 0.000000 156.077303 -0.318181 0.948030 0.000000 -31.833994 0.000000 0.000000 1.000000 0.000000
0.947722 0.319096 0.000000 156.596012 -0.319096 0.947722 0.000000 -32.016692 0.000000 0.000000 1.000000 0.000000
0.947874 0.318644 0.000000 157.146091 -0.318644 0.947874 0.000000 -32.207720 0.000000 0.000000 1.000000 0.000000
0.948168 0.317770 0.000000 157.674134 -0.317770 0.948168 0.000000 -32.377246 0.000000 0.000000 1.000000 0.000000
0.947966 0.318371 0.000000 158.391817 -0.318371 0.947966 0.000000 -32.619936 0.000000 0.000000 1.000000 0.000000
0.947263 0.320457 0.000000 158.908313 -0.320457 0.947263 0.000000 -32.792262 0.000000 0.000000 1.000000 0.000000
0.945705 0.325028 0.000000 159.457401 -0.325028 0.945705 0.000000 -32.990486 0.000000 0.000000 1.000000 0.000000
0.946111 0.323842 0.000000 159.967244 -0.323842 0.946111 0.000000 -33.173170 0.000000 0.000000 1.000000 0.000000
0.946753 0.321960 0.000000 160.515851 -0.321960 0.946753 0.000000 -33.362496 0.000000 0.000000 1.000000 0.000000
0.946592 0.322435 0.000000 161.029537 -0.322435 0.946592 0.000000 -33.539185 0.000000 0.000000 1.000000 0.000000
0.946027 0.324087 0.000000 161.772397 -0.324087 0.946027 0.000000 -33.791813 0.000000 0.000000 1.000000 0.000000
0.945884 0.324506 0.000000 162.325579 -0.324506 0.945884 0.000000 -33.974628 0.000000 0.000000 1.000000 0.000000
0.947019 0.321178 0.000000 162.869284 -0.321178 0.947019 0.000000 -34.171885 0.000000 0.000000 1.000000 0.000000
0.947786 0.318906 0.000000 163.409805 -0.318906 0.947786 0.000000 -34.362431 0.000000 0.000000 1.000000 0.000000
0.947860 0.318687 0.000000 163.947015 -0.318687 0.947860 0.000000 -34.542584 0.000000 0.000000 1.000000 0.000000
0.947360 0.320169 0.000000 164.480914 -0.320169 0.947360 0.000000 -34.740149 0.000000 0.000000 1.000000 0.000000
0.947842 0.318740 0.000000 165.024619 -0.318740 0.947842 0.000000 -34.936575 0.000000 0.000000 1.000000 0.000000
0.948971 0.315363 0.000000 165.539881 -0.315363 0.948971 0.000000 -35.122704 0.000000 0.000000 1.000000 0.000000
0.949671 0.313249 0.000000 166.074428 -0.313249 0.949671 0.000000 -35.309291 0.000000 0.000000 1.000000 0.000000
0.949910 0.312523 0.000000 166.623079 -0.312523 0.949910 0.000000 -35.501996 0.000000 0.000000 1.000000 0.000000
0.950118 0.311891 0.000000 167.130871 -0.311891 0.950118 0.000000 -35.675617 0.000000 0.000000 1.000000 0.000000
0.950592 0.310443 0.000000 167.681510 -0.310443 0.950592 0.000000 -35.875054 0.000000 0.000000 1.000000 0.000000
0.951183 0.308627 0.000000 168.193929 -0.308627 0.951183 0.000000 -36.049482 0.000000 0.000000 1.000000 0.000000
0.951591 0.307366 0.000000 168.733674 -0.307366 0.951591 0.000000 -36.242246 0.000000 0.000000 1.000000 0.000000
0.953078 0.302725 0.000000 169.269403 -0.302725 0.953078 0.000000 -36.434321 0.000000 0.000000 1.000000 0.000000
0.954403 0.298523 0.000000 169.818464 -0.298523 0.954403 0.000000 -36.628831 0.000000 0.000000 1.000000 0.000000
0.955394 0.295334 0.000000 170.325293 -0.295334 0.955394 0.000000 -36.801499 0.000000 0.000000 1.000000 0.000000
0.956618 0.291345 0.000000 170.866764 -0.291345 0.956618 0.000000 -36.986145 0.000000 0.000000 1.000000 0.000000
0.958032 0.286662 0.000000 171.364755 -0.286662 0.958032 0.000000 -37.156217 0.000000 0.000000 1.000000 0.000000
0.959391 0.282079 0.000000 171.915110 -0.282079 0.959391 0.000000 -37.337420 0.000000 0.000000 1.000000 0.000000
0.960422 0.278550 0.000000 172.630158 -0.278550 0.960422 0.000000 -37.560428 0.000000 0.000000 1.000000 0.000000
0.961006 0.276529 0.000000 173.174813 -0.276529 0.961006 0.000000 -37.722529 0.000000 0.000000 1.000000 0.000000
0.961290 0.275539 0.000000 173.675044 -0.275539 0.961290 0.000000 -37.879550 0.000000 0.000000 1.000000 0.000000
0.961226 0.275763 0.000000 174.224450 -0.275763 0.961226 0.000000 -38.053811 0.000000 0.000000 1.000000 0.000000
0.961842 0.273605 0.000000 174.907686 -0.273605 0.961842 0.000000 -38.258889 0.000000 0.000000 1.000000 0.000000
0.963222 0.268708 0.000000 175.987038 -0.268708 0.963222 0.000000 -38.583603 0.000000 0.000000 1.000000 0.000000
0.963947 0.266094 0.000000 176.521138 -0.266094 0.963947 0.000000 -38.744060 0.000000 0.000000 1.000000 0.000000
0.964288 0.264854 0.000000 177.064947 -0.264854 0.964288 0.000000 -38.893531 0.000000 0.000000 1.000000 0.000000
0.964489 0.264123 0.000000 177.603940 -0.264123 0.964489 0.000000 -39.052600 0.000000 0.000000 1.000000 0.000000
0.965078 0.261962 0.000000 178.143799 -0.261962 0.965078 0.000000 -39.206970 0.000000 0.000000 1.000000 0.000000
0.965263 0.261281 0.000000 178.676165 -0.261281 0.965263 0.000000 -39.345879 0.000000 0.000000 1.000000 0.000000
0.965094 0.261904 0.000000 179.235736 -0.261904 0.965094 0.000000 -39.502298 0.000000 0.000000 1.000000 0.000000
0.965066 0.262006 0.000000 179.772524 -0.262006 0.965066 0.000000 -39.649608 0.000000 0.000000 1.000000 0.000000
0.964715 0.263297 0.000000 180.261134 -0.263297 0.964715 0.000000 -39.787805 0.000000 0.000000 1.000000 0.000000
0.964513 0.264034 0.000000 180.755937 -0.264034 0.964513 0.000000 -39.928663 0.000000 0.000000 1.000000 0.000000
0.964766 0.263109 0.000000 181.291799 -0.263109 0.964766 0.000000 -40.074392 0.000000 0.000000 1.000000 0.000000
0.965157 0.261673 0.000000 181.783786 -0.261673 0.965157 0.000000 -40.214074 0.000000 0.000000 1.000000 0.000000
0.965686 0.259711 0.000000 182.307348 -0.259711 0.965686 0.000000 -40.353431 0.000000 0.000000 1.000000 0.000000
0.965806 0.259264 0.000000 182.806126 -0.259264 0.965806 0.000000 -40.489337 0.000000 0.000000 1.000000 0.000000
0.965727 0.259561 0.000000 183.331607 -0.259561 0.965727 0.000000 -40.633236 0.000000 0.000000 1.000000 0.000000
0.966124 0.258079 0.000000 183.817203 -0.258079 0.966124 0.000000 -40.766372 0.000000 0.000000 1.000000 0.000000
0.966934 0.255028 0.000000 184.337014 -0.255028 0.966934 0.000000 -40.907970 0.000000 0.000000 1.000000 0.000000
0.967201 0.254013 0.000000 184.815812 -0.254013 0.967201 0.000000 -41.033909 0.000000 0.000000 1.000000 0.000000
0.967192 0.254048 0.000000 185.341201 -0.254048 0.967192 0.000000 -41.168602 0.000000 0.000000 1.000000 0.000000
0.966944 0.254987 0.000000 185.828554 -0.254987 0.966944 0.000000 -41.289344 0.000000 0.000000 1.000000 0.000000
0.966816 0.255475 0.000000 186.344281 -0.255475 0.966816 0.000000 -41.426912 0.000000 0.000000 1.000000 0.000000
0.967560 0.252642 0.000000 186.982088 -0.252642 0.967560 0.000000 -41.610671 0.000000 0.000000 1.000000 0.000000
0.968747 0.248053 0.000000 187.490738 -0.248053 0.968747 0.000000 -41.751282 0.000000 0.000000 1.000000 0.000000
0.969489 0.245137 0.000000 187.992320 -0.245137 0.969489 0.000000 -41.889408 0.000000 0.000000 1.000000 0.000000
0.970128 0.242595 0.000000 188.476077 -0.242595 0.970128 0.000000 -42.016397 0.000000 0.000000 1.000000 0.000000
0.971563 0.236782 0.000000 189.180379 -0.236782 0.971563 0.000000 -42.200914 0.000000 0.000000 1.000000 0.000000
0.972229 0.234030 0.000000 189.691879 -0.234030 0.972229 0.000000 -42.333900 0.000000 0.000000 1.000000 0.000000
0.972618 0.232410 0.000000 190.203529 -0.232410 0.972618 0.000000 -42.465819 0.000000 0.000000 1.000000 0.000000
0.973279 0.229627 0.000000 190.709439 -0.229627 0.973279 0.000000 -42.599273 0.000000 0.000000 1.000000 0.000000
0.974753 0.223285 0.000000 191.211946 -0.223285 0.974753 0.000000 -42.725781 0.000000 0.000000 1.000000 0.000000
0.976959 0.213426 0.000000 192.215197 -0.213426 0.976959 0.000000 -42.947156 0.000000 0.000000 1.000000 0.000000
0.978191 0.207707 0.000000 192.699392 -0.207707 0.978191 0.000000 -43.043089 0.000000 0.000000 1.000000 0.000000
0.979989 0.199052 0.000000 193.185868 -0.199052 0.979989 0.000000 -43.149400 0.000000 0.000000 1.000000 0.000000
0.981479 0.191569 0.000000 193.643717 -0.191569 0.981479 0.000000 -43.243224 0.000000 0.000000 1.000000 0.000000
0.983053 0.183319 0.000000 194.135540 -0.183319 0.983053 0.000000 -43.336094 0.000000 0.000000 1.000000 0.000000
0.984745 0.174002 0.000000 194.596571 -0.174002 0.984745 0.000000 -43.423210 0.000000 0.000000 1.000000 0.000000
0.987820 0.155604 0.000000 195.531820 -0.155604 0.987820 0.000000 -43.592901 0.000000 0.000000 1.000000 0.000000
0.989340 0.145627 0.000000 196.014465 -0.145627 0.989340 0.000000 -43.673783 0.000000 0.000000 1.000000 0.000000
0.990708 0.136005 0.000000 196.464642 -0.136005 0.990708 0.000000 -43.741060 0.000000 0.000000 1.000000 0.000000
0.992476 0.122441 0.000000 197.138833 -0.122441 0.992476 0.000000 -43.838332 0.000000 0.000000 1.000000 0.000000
0.993764 0.111504 0.000000 197.609517 -0.111504 0.993764 0.000000 -43.904226 0.000000 0.000000 1.000000 0.000000
0.994924 0.100630 0.000000 198.077627 -0.100630 0.994924 0.000000 -43.968709 0.000000 0.000000 1.000000 0.000000
0.995822 0.091316 0.000000 198.519044 -0.091316 0.995822 0.000000 -44.021409 0.000000 0.000000 1.000000 0.000000
0.996782 0.080159 0.000000 198.983724 -0.080159 0.996782 0.000000 -44.076719 0.000000 0.000000 1.000000 0.000000
0.997742 0.067166 0.000000 199.453703 -0.067166 0.997742 0.000000 -44.127137 0.000000 0.000000 1.000000 0.000000
