1.000000 0.000062 0.000000 0.591970 -0.000062 1.000000 0.000000 -0.022022 0.000000 0.000000 1.000000 0.000000
0.999999 0.001290 0.000000 1.137628 -0.001290 0.999999 0.000000 0.034453 0.000000 0.000000 1.000000 0.000000
0.999999 0.001577 0.000000 1.742725 -0.001577 0.999999 0.000000 0.040573 0.000000 0.000000 1.000000 0.000000
0.999990 0.004449 0.000000 2.283235 -0.004449 0.999990 0.000000 -0.013574 0.000000 0.000000 1.000000 0.000000
0.999989 0.004702 0.000000 3.079500 -0.004702 0.999989 0.000000 0.218530 0.000000 0.000000 1.000000 0.000000
0.999974 0.007182 0.000000 3.557269 -0.007182 0.999974 0.000000 0.193373 0.000000 0.000000 1.000000 0.000000
0.999971 0.007617 0.000000 4.075829 -0.007617 0.999971 0.000000 0.193894 0.000000 0.000000 1.000000 0.000000
0.999947 0.010262 0.000000 4.866922 -0.010262 0.999947 0.000000 0.167330 0.000000 0.000000 1.000000 0.000000
0.999884 0.015249 0.000000 5.415951 -0.015249 0.999884 0.000000 0.100306 0.000000 0.000000 1.000000 0.000000
0.999823 0.018819 0.000000 6.003675 -0.018819 0.999823 0.000000 0.062934 0.000000 0.000000 1.000000 0.000000
0.999766 0.021628 0.000000 7.119177 -0.021628 0.999766 0.000000 -0.010007 0.000000 0.000000 1.000000 0.000000
0.999761 0.021860 0.000000 7.761087 -0.021860 0.999761 0.000000 -0.026895 0.000000 0.000000 1.000000 0.000000
0.999751 0.022298 0.000000 8.673045 -0.022298 0.999751 0.000000 -0.074115 0.000000 0.000000 1.000000 0.000000
0.999707 0.024222 0.000000 9.211117 -0.024222 0.999707 0.000000 -0.036983 0.000000 0.000000 1.000000 0.000000
0.999719 0.023714 0.000000 9.794492 -0.023714 0.999719 0.000000 -0.067907 0.000000 0.000000 1.000000 0.000000
0.999683 0.025194 0.000000 10.371277 -0.025194 0.999683 0.000000 -0.088492 0.000000 0.000000 1.000000 0.000000
0.999656 0.026219 0.000000 10.932837 -0.026219 0.999656 0.000000 -0.101953 0.000000 0.000000 1.000000 0.000000
0.999675 0.025501 0.000000 11.485173 -0.025501 0.999675 0.000000 -0.125479 0.000000 0.000000 1.000000 0.000000
0.999593 0.028513 0.000000 12.039328 -0.028513 0.999593 0.000000 -0.124373 0.000000 0.000000 1.000000 0.000000
0.999566 0.029475 0.000000 12.698323 -0.029475 0.999566 0.000000 -0.158050 0.000000 0.000000 1.000000 0.000000
0.999410 0.034351 0.000000 13.447861 -0.034351 0.999410 0.000000 -0.237269 0.000000 0.000000 1.000000 0.000000
0.999436 0.033571 0.000000 14.076041 -0.033571 0.999436 0.000000 -0.262538 0.000000 0.000000 1.000000 0.000000
0.999302 0.037363 0.000000 14.701143 -0.037363 0.999302 0.000000 -0.159123 0.000000 0.000000 1.000000 0.000000
0.999358 0.035824 0.000000 15.427383 -0.035824 0.999358 0.000000 -0.066389 0.000000 0.000000 1.000000 0.000000
0.999315 0.037014 0.000000 15.998580 -0.037014 0.999315 0.000000 -0.043700 0.000000 0.000000 1.000000 0.000000
0.999327 0.036673 0.000000 16.468715 -0.036673 0.999327 0.000000 -0.010796 0.000000 0.000000 1.000000 0.000000
0.999317 0.036961 0.000000 16.946508 -0.036961 0.999317 0.000000 -0.165856 0.000000 0.000000 1.000000 0.000000
0.999287 0.037764 0.000000 17.461244 -0.037764 0.999287 0.000000 -0.203814 0.000000 0.000000 1.000000 0.000000
0.999327 0.036689 0.000000 18.190198 -0.036689 0.999327 0.000000 -0.257839 0.000000 0.000000 1.000000 0.000000
0.999310 0.037132 0.000000 18.739277 -0.037132 0.999310 0.000000 -0.275229 0.000000 0.000000 1.000000 0.000000
0.999224 0.039378 0.000000 19.385026 -0.039378 0.999224 0.000000 -0.546497 0.000000 0.000000 1.000000 0.000000
0.999121 0.041913 0.000000 19.926262 -0.041913 0.999121 0.000000 -0.510916 0.000000 0.000000 1.000000 0.000000
0.999132 0.041666 0.000000 20.527702 -0.041666 0.999132 0.000000 -0.543776 0.000000 0.000000 1.000000 0.000000
0.998958 0.045644 0.000000 21.066012 -0.045644 0.998958 0.000000 -0.519508 0.000000 0.000000 1.000000 0.000000
0.998748 0.050023 0.000000 21.666287 -0.050023 0.998748 0.000000 -0.567113 0.000000 0.000000 1.000000 0.000000
0.998682 0.051326 0.000000 22.355851 -0.051326 0.998682 0.000000 -0.596129 0.000000 0.000000 1.000000 0.000000
0.998608 0.052749 0.000000 22.926481 -0.052749 0.998608 0.000000 -0.649590 0.000000 0.000000 1.000000 0.000000
0.998595 0.052982 0.000000 23.988685 -0.052982 0.998595 0.000000 -0.708753 0.000000 0.000000 1.000000 0.000000
0.998278 0.058653 0.000000 24.949875 -0.058653 0.998278 0.000000 -0.787947 0.000000 0.000000 1.000000 0.000000
0.998237 0.059356 0.000000 25.423008 -0.059356 0.998237 0.000000 -0.818344 0.000000 0.000000 1.000000 0.000000
0.998217 0.059690 0.000000 26.012381 -0.059690 0.998217 0.000000 -0.864734 0.000000 0.000000 1.000000 0.000000
0.998314 0.058036 0.000000 26.365002 -0.058036 0.998314 0.000000 -0.715974 0.000000 0.000000 1.000000 0.000000
0.997025 0.077077 0.000000 22.227575 -0.077077 0.997025 0.000000 -0.561166 0.000000 0.000000 1.000000 0.000000
0.996548 0.083016 0.000000 22.699730 -0.083016 0.996548 0.000000 -0.513548 0.000000 0.000000 1.000000 0.000000
0.996041 0.088898 0.000000 23.201968 -0.088898 0.996041 0.000000 -0.578025 0.000000 0.000000 1.000000 0.000000
0.995696 0.092677 0.000000 24.208145 -0.092677 0.995696 0.000000 -0.862487 0.000000 0.000000 1.000000 0.000000
0.995527 0.094474 0.000000 24.764386 -0.094474 0.995527 0.000000 -0.932955 0.000000 0.000000 1.000000 0.000000
0.995183 0.098030 0.000000 25.253265 -0.098030 0.995183 0.000000 -0.821078 0.000000 0.000000 1.000000 0.000000
0.995381 0.096002 0.000000 25.771935 -0.096002 0.995381 0.000000 -0.889296 0.000000 0.000000 1.000000 0.000000
0.995399 0.095819 0.000000 26.223568 -0.095819 0.995399 0.000000 -1.019969 0.000000 0.000000 1.000000 0.000000
0.994897 0.100896 0.000000 27.204792 -0.100896 0.994897 0.000000 -1.033466 0.000000 0.000000 1.000000 0.000000
0.994666 0.103144 0.000000 27.863572 -0.103144 0.994666 0.000000 -1.123214 0.000000 0.000000 1.000000 0.000000
0.994714 0.102686 0.000000 28.502090 -0.102686 0.994714 0.000000 -1.173296 0.000000 0.000000 1.000000 0.000000
0.994591 0.103872 0.000000 29.037978 -0.103872 0.994591 0.000000 -1.248265 0.000000 0.000000 1.000000 0.000000
0.994132 0.108176 0.000000 29.670630 -0.108176 0.994132 0.000000 -1.156430 0.000000 0.000000 1.000000 0.000000
0.993925 0.110057 0.000000 30.272836 -0.110057 0.993925 0.000000 -1.237350 0.000000 0.000000 1.000000 0.000000
0.992184 0.124784 0.000000 30.698318 -0.124784 0.992184 0.000000 -1.319304 0.000000 0.000000 1.000000 0.000000
0.992038 0.125937 0.000000 31.318649 -0.125937 0.992038 0.000000 -1.423323 0.000000 0.000000 1.000000 0.000000
0.992025 0.126042 0.000000 31.981349 -0.126042 0.992025 0.000000 -1.492266 0.000000 0.000000 1.000000 0.000000
0.991457 0.130436 0.000000 32.472931 -0.130436 0.991457 0.000000 -1.576997 0.000000 0.000000 1.000000 0.000000
0.991408 0.130810 0.000000 33.458104 -0.130810 0.991408 0.000000 -1.678599 0.000000 0.000000 1.000000 0.000000
0.990421 0.138082 0.000000 34.091777 -0.138082 0.990421 0.000000 -1.781188 0.000000 0.000000 1.000000 0.000000
0.990146 0.140040 0.000000 34.739295 -0.140040 0.990146 0.000000 -1.825498 0.000000 0.000000 1.000000 0.000000
0.990220 0.139512 0.000000 35.323036 -0.139512 0.990220 0.000000 -1.910937 0.000000 0.000000 1.000000 0.000000
0.990141 0.140071 0.000000 35.851746 -0.140071 0.990141 0.000000 -1.996436 0.000000 0.000000 1.000000 0.000000
0.989806 0.142420 0.000000 36.491423 -0.142420 0.989806 0.000000 -2.250643 0.000000 0.000000 1.000000 0.000000
0.989556 0.144149 0.000000 37.088964 -0.144149 0.989556 0.000000 -2.305683 0.000000 0.000000 1.000000 0.000000
0.989296 0.145920 0.000000 37.473931 -0.145920 0.989296 0.000000 -2.376898 0.000000 0.000000 1.000000 0.000000
0.988716 0.149800 0.000000 37.974156 -0.149800 0.988716 0.000000 -2.386404 0.000000 0.000000 1.000000 0.000000
0.989072 0.147434 0.000000 38.645976 -0.147434 0.989072 0.000000 -2.451469 0.000000 0.000000 1.000000 0.000000
0.988825 0.149079 0.000000 39.036714 -0.149079 0.988825 0.000000 -2.455545 0.000000 0.000000 1.000000 0.000000
0.988809 0.149189 0.000000 39.662672 -0.149189 0.988809 0.000000 -2.498807 0.000000 0.000000 1.000000 0.000000
0.988596 0.150595 0.000000 40.193766 -0.150595 0.988596 0.000000 -2.561721 0.000000 0.000000 1.000000 0.000000
0.988397 0.151891 0.000000 40.672645 -0.151891 0.988397 0.000000 -2.715524 0.000000 0.000000 1.000000 0.000000
0.987974 0.154623 0.000000 41.654583 -0.154623 0.987974 0.000000 -2.893206 0.000000 0.000000 1.000000 0.000000
0.987482 0.157731 0.000000 42.118265 -0.157731 0.987482 0.000000 -2.956974 0.000000 0.000000 1.000000 0.000000
0.986980 0.160842 0.000000 42.682373 -0.160842 0.986980 0.000000 -3.004399 0.000000 0.000000 1.000000 0.000000
0.985492 0.169723 0.000000 43.630039 -0.169723 0.985492 0.000000 -3.177483 0.000000 0.000000 1.000000 0.000000
0.985648 0.168815 0.000000 44.149185 -0.168815 0.985648 0.000000 -3.184574 0.000000 0.000000 1.000000 0.000000
0.985941 0.167096 0.000000 44.553154 -0.167096 0.985941 0.000000 -3.275779 0.000000 0.000000 1.000000 0.000000
0.985324 0.170694 0.000000 45.563744 -0.170694 0.985324 0.000000 -3.499630 0.000000 0.000000 1.000000 0.000000
0.985467 0.169866 0.000000 46.192195 -0.169866 0.985467 0.000000 -3.613498 0.000000 0.000000 1.000000 0.000000
0.985007 0.172513 0.000000 46.548809 -0.172513 0.985007 0.000000 -3.711957 0.000000 0.000000 1.000000 0.000000
0.984917 0.173025 0.000000 47.007653 -0.173025 0.984917 0.000000 -3.829523 0.000000 0.000000 1.000000 0.000000
0.984912 0.173057 0.000000 48.037721 -0.173057 0.984912 0.000000 -4.063442 0.000000 0.000000 1.000000 0.000000
0.985071 0.172149 0.000000 48.602520 -0.172149 0.985071 0.000000 -4.090810 0.000000 0.000000 1.000000 0.000000
0.985070 0.172157 0.000000 49.460128 -0.172157 0.985070 0.000000 -4.195534 0.000000 0.000000 1.000000 0.000000
0.984777 0.173822 0.000000 49.852694 -0.173822 0.984777 0.000000 -4.276151 0.000000 0.000000 1.000000 0.000000
0.984193 0.177101 0.000000 50.245403 -0.177101 0.984193 0.000000 -4.422449 0.000000 0.000000 1.000000 0.000000
0.983998 0.178182 0.000000 50.667950 -0.178182 0.983998 0.000000 -4.553934 0.000000 0.000000 1.000000 0.000000
0.983698 0.179831 0.000000 51.108648 -0.179831 0.983698 0.000000 -4.595705 0.000000 0.000000 1.000000 0.000000
0.983871 0.178880 0.000000 51.829100 -0.178880 0.983871 0.000000 -4.662977 0.000000 0.000000 1.000000 0.000000
0.983633 0.180185 0.000000 52.213601 -0.180185 0.983633 0.000000 -4.672948 0.000000 0.000000 1.000000 0.000000
0.983659 0.180040 0.000000 52.753597 -0.180040 0.983659 0.000000 -4.707491 0.000000 0.000000 1.000000 0.000000
0.983620 0.180257 0.000000 53.184348 -0.180257 0.983620 0.000000 -4.781445 0.000000 0.000000 1.000000 0.000000
0.983705 0.179789 0.000000 53.691464 -0.179789 0.983705 0.000000 -4.831689 0.000000 0.000000 1.000000 0.000000
0.983574 0.180508 0.000000 54.143474 -0.180508 0.983574 0.000000 -4.848079 0.000000 0.000000 1.000000 0.000000
0.984209 0.177008 0.000000 54.794871 -0.177008 0.984209 0.000000 -4.703958 0.000000 0.000000 1.000000 0.000000
0.983347 0.181739 0.000000 55.125747 -0.181739 0.983347 0.000000 -4.671550 0.000000 0.000000 1.000000 0.000000
0.983027 0.183459 0.000000 55.542303 -0.183459 0.983027 0.000000 -4.763041 0.000000 0.000000 1.000000 0.000000
0.982856 0.184373 0.000000 56.081535 -0.184373 0.982856 0.000000 -4.719307 0.000000 0.000000 1.000000 0.000000
0.983327 0.181845 0.000000 56.520372 -0.181845 0.983327 0.000000 -4.782339 0.000000 0.000000 1.000000 0.000000
0.982983 0.183699 0.000000 56.921399 -0.183699 0.982983 0.000000 -4.895489 0.000000 0.000000 1.000000 0.000000
0.983456 0.181145 0.000000 57.270932 -0.181145 0.983456 0.000000 -4.949475 0.000000 0.000000 1.000000 0.000000
0.982970 0.183763 0.000000 57.712101 -0.183763 0.982970 0.000000 -4.971310 0.000000 0.000000 1.000000 0.000000
0.983351 0.181718 0.000000 58.237937 -0.181718 0.983351 0.000000 -4.998502 0.000000 0.000000 1.000000 0.000000
0.982964 0.183801 0.000000 58.507361 -0.183801 0.982964 0.000000 -5.098997 0.000000 0.000000 1.000000 0.000000
0.980718 0.195427 0.000000 59.115910 -0.195427 0.980718 0.000000 -5.247958 0.000000 0.000000 1.000000 0.000000
0.981574 0.191082 0.000000 59.387855 -0.191082 0.981574 0.000000 -5.254700 0.000000 0.000000 1.000000 0.000000
0.981361 0.192174 0.000000 59.622628 -0.192174 0.981361 0.000000 -5.382696 0.000000 0.000000 1.000000 0.000000
0.980757 0.195230 0.000000 59.882926 -0.195230 0.980757 0.000000 -5.446604 0.000000 0.000000 1.000000 0.000000
0.980880 0.194612 0.000000 60.175035 -0.194612 0.980880 0.000000 -5.509674 0.000000 0.000000 1.000000 0.000000
0.980545 0.196294 0.000000 60.384169 -0.196294 0.980545 0.000000 -5.560426 0.000000 0.000000 1.000000 0.000000
0.979578 0.201063 0.000000 60.673503 -0.201063 0.979578 0.000000 -5.663880 0.000000 0.000000 1.000000 0.000000
0.979411 0.201875 0.000000 61.003752 -0.201875 0.979411 0.000000 -5.730553 0.000000 0.000000 1.000000 0.000000
0.979223 0.202787 0.000000 61.639420 -0.202787 0.979223 0.000000 -5.878552 0.000000 0.000000 1.000000 0.000000
0.978515 0.206176 0.000000 61.837613 -0.206176 0.978515 0.000000 -5.952891 0.000000 0.000000 1.000000 0.000000
0.978310 0.207145 0.000000 62.182126 -0.207145 0.978310 0.000000 -6.027221 0.000000 0.000000 1.000000 0.000000
0.977990 0.208650 0.000000 62.498232 -0.208650 0.977990 0.000000 -5.966158 0.000000 0.000000 1.000000 0.000000
0.977657 0.210206 0.000000 62.792584 -0.210206 0.977657 0.000000 -6.010900 0.000000 0.000000 1.000000 0.000000
0.977421 0.211301 0.000000 63.033127 -0.211301 0.977421 0.000000 -6.139800 0.000000 0.000000 1.000000 0.000000
0.977586 0.210538 0.000000 63.217424 -0.210538 0.977586 0.000000 -6.092882 0.000000 0.000000 1.000000 0.000000
0.976671 0.214741 0.000000 63.318118 -0.214741 0.976671 0.000000 -6.116774 0.000000 0.000000 1.000000 0.000000
0.976498 0.215524 0.000000 63.641019 -0.215524 0.976498 0.000000 -6.123156 0.000000 0.000000 1.000000 0.000000
0.975790 0.218709 0.000000 64.108324 -0.218709 0.975790 0.000000 -6.207498 0.000000 0.000000 1.000000 0.000000
0.976318 0.216341 0.000000 64.300824 -0.216341 0.976318 0.000000 -6.241648 0.000000 0.000000 1.000000 0.000000
0.976799 0.214158 0.000000 64.570870 -0.214158 0.976799 0.000000 -6.352888 0.000000 0.000000 1.000000 0.000000
0.976682 0.214692 0.000000 64.775516 -0.214692 0.976682 0.000000 -6.353860 0.000000 0.000000 1.000000 0.000000
0.977383 0.211476 0.000000 65.094296 -0.211476 0.977383 0.000000 -6.404056 0.000000 0.000000 1.000000 0.000000
0.977286 0.211925 0.000000 65.325902 -0.211925 0.977286 0.000000 -6.383522 0.000000 0.000000 1.000000 0.000000
0.977421 0.211300 0.000000 65.506658 -0.211300 0.977421 0.000000 -6.456797 0.000000 0.000000 1.000000 0.000000
0.977745 0.209798 0.000000 65.722424 -0.209798 0.977745 0.000000 -6.489131 0.000000 0.000000 1.000000 0.000000
0.977331 0.211716 0.000000 65.945556 -0.211716 0.977331 0.000000 -6.524656 0.000000 0.000000 1.000000 0.000000
0.978282 0.207281 0.000000 66.133464 -0.207281 0.978282 0.000000 -6.479482 0.000000 0.000000 1.000000 0.000000
0.977033 0.213086 0.000000 66.711595 -0.213086 0.977033 0.000000 -6.722638 0.000000 0.000000 1.000000 0.000000
0.976651 0.214832 0.000000 67.076517 -0.214832 0.976651 0.000000 -6.767786 0.000000 0.000000 1.000000 0.000000
0.976129 0.217193 0.000000 67.369623 -0.217193 0.976129 0.000000 -6.809403 0.000000 0.000000 1.000000 0.000000
0.975174 0.221438 0.000000 67.652075 -0.221438 0.975174 0.000000 -6.895021 0.000000 0.000000 1.000000 0.000000
0.975694 0.219138 0.000000 67.757336 -0.219138 0.975694 0.000000 -6.935731 0.000000 0.000000 1.000000 0.000000
0.974643 0.223764 0.000000 68.706477 -0.223764 0.974643 0.000000 -7.000424 0.000000 0.000000 1.000000 0.000000
0.974571 0.224080 0.000000 68.729543 -0.224080 0.974571 0.000000 -7.108374 0.000000 0.000000 1.000000 0.000000
0.974270 0.225382 0.000000 68.925562 -0.225382 0.974270 0.000000 -7.150880 0.000000 0.000000 1.000000 0.000000
0.974437 0.224659 0.000000 69.099781 -0.224659 0.974437 0.000000 -7.161158 0.000000 0.000000 1.000000 0.000000
0.974247 0.225481 0.000000 69.274451 -0.225481 0.974247 0.000000 -7.199028 0.000000 0.000000 1.000000 0.000000
0.973302 0.229527 0.000000 69.537347 -0.229527 0.973302 0.000000 -7.277440 0.000000 0.000000 1.000000 0.000000
0.973408 0.229077 0.000000 69.817949 -0.229077 0.973408 0.000000 -7.351273 0.000000 0.000000 1.000000 0.000000
0.973172 0.230080 0.000000 70.065197 -0.230080 0.973172 0.000000 -7.519681 0.000000 0.000000 1.000000 0.000000
0.972367 0.233457 0.000000 70.450996 -0.233457 0.972367 0.000000 -7.573437 0.000000 0.000000 1.000000 0.000000
0.970758 0.240059 0.000000 71.201476 -0.240059 0.970758 0.000000 -7.760716 0.000000 0.000000 1.000000 0.000000
0.970805 0.239870 0.000000 71.442918 -0.239870 0.970805 0.000000 -7.823438 0.000000 0.000000 1.000000 0.000000
0.970290 0.241944 0.000000 71.689445 -0.241944 0.970290 0.000000 -7.840193 0.000000 0.000000 1.000000 0.000000
0.969870 0.243622 0.000000 72.028527 -0.243622 0.969870 0.000000 -7.869140 0.000000 0.000000 1.000000 0.000000
0.969925 0.243404 0.000000 72.310648 -0.243404 0.969925 0.000000 -7.970687 0.000000 0.000000 1.000000 0.000000
0.970197 0.242319 0.000000 72.760272 -0.242319 0.970197 0.000000 -8.078832 0.000000 0.000000 1.000000 0.000000
0.970753 0.240081 0.000000 72.990999 -0.240081 0.970753 0.000000 -8.082097 0.000000 0.000000 1.000000 0.000000
0.970438 0.241351 0.000000 73.154327 -0.241351 0.970438 0.000000 -8.147823 0.000000 0.000000 1.000000 0.000000
0.970330 0.241782 0.000000 73.406582 -0.241782 0.970330 0.000000 -8.186061 0.000000 0.000000 1.000000 0.000000
0.969515 0.245031 0.000000 73.781478 -0.245031 0.969515 0.000000 -8.296699 0.000000 0.000000 1.000000 0.000000
0.968744 0.248064 0.000000 74.241441 -0.248064 0.968744 0.000000 -8.397605 0.000000 0.000000 1.000000 0.000000
0.968541 0.248854 0.000000 74.536921 -0.248854 0.968541 0.000000 -8.560358 0.000000 0.000000 1.000000 0.000000
0.967966 0.251082 0.000000 74.769949 -0.251082 0.967966 0.000000 -8.583696 0.000000 0.000000 1.000000 0.000000
0.967832 0.251597 0.000000 75.059483 -0.251597 0.967832 0.000000 -8.633032 0.000000 0.000000 1.000000 0.000000
0.966930 0.255044 0.000000 75.342320 -0.255044 0.966930 0.000000 -8.734744 0.000000 0.000000 1.000000 0.000000
0.959486 0.281756 0.000000 75.821920 -0.281756 0.959486 0.000000 -9.056455 0.000000 0.000000 1.000000 0.000000
0.958702 0.284412 0.000000 76.167717 -0.284412 0.958702 0.000000 -9.197454 0.000000 0.000000 1.000000 0.000000
0.958502 0.285087 0.000000 76.558580 -0.285087 0.958502 0.000000 -9.306032 0.000000 0.000000 1.000000 0.000000
0.958443 0.285283 0.000000 76.909549 -0.285283 0.958443 0.000000 -9.415042 0.000000 0.000000 1.000000 0.000000
0.957619 0.288038 0.000000 77.427718 -0.288038 0.957619 0.000000 -9.451658 0.000000 0.000000 1.000000 0.000000
0.956488 0.291772 0.000000 78.112861 -0.291772 0.956488 0.000000 -9.679441 0.000000 0.000000 1.000000 0.000000
0.956688 0.291117 0.000000 78.454690 -0.291117 0.956688 0.000000 -9.800708 0.000000 0.000000 1.000000 0.000000
0.956653 0.291230 0.000000 78.910029 -0.291230 0.956653 0.000000 -9.946738 0.000000 0.000000 1.000000 0.000000
0.956815 0.290697 0.000000 79.241795 -0.290697 0.956815 0.000000 -10.053570 0.000000 0.000000 1.000000 0.000000
0.956720 0.291011 0.000000 79.542678 -0.291011 0.956720 0.000000 -10.251486 0.000000 0.000000 1.000000 0.000000
0.957284 0.289149 0.000000 79.982796 -0.289149 0.957284 0.000000 -10.340453 0.000000 0.000000 1.000000 0.000000
0.958278 0.285839 0.000000 80.464537 -0.285839 0.958278 0.000000 -10.431390 0.000000 0.000000 1.000000 0.000000
0.958275 0.285847 0.000000 81.104509 -0.285847 0.958275 0.000000 -10.559698 0.000000 0.000000 1.000000 0.000000
0.958549 0.284928 0.000000 82.007130 -0.284928 0.958549 0.000000 -10.816733 0.000000 0.000000 1.000000 0.000000
0.957763 0.287560 0.000000 82.510020 -0.287560 0.957763 0.000000 -10.974614 0.000000 0.000000 1.000000 0.000000
0.957585 0.288152 0.000000 83.051445 -0.288152 0.957585 0.000000 -11.084804 0.000000 0.000000 1.000000 0.000000
0.955646 0.294519 0.000000 83.469468 -0.294519 0.955646 0.000000 -11.215095 0.000000 0.000000 1.000000 0.000000
0.954246 0.299024 0.000000 83.978488 -0.299024 0.954246 0.000000 -11.277486 0.000000 0.000000 1.000000 0.000000
0.954144 0.299347 0.000000 84.276106 -0.299347 0.954144 0.000000 -11.406738 0.000000 0.000000 1.000000 0.000000
0.953044 0.302833 0.000000 84.966825 -0.302833 0.953044 0.000000 -11.544060 0.000000 0.000000 1.000000 0.000000
0.951699 0.307032 0.000000 85.581931 -0.307032 0.951699 0.000000 -11.775339 0.000000 0.000000 1.000000 0.000000
0.951514 0.307606 0.000000 86.080675 -0.307606 0.951514 0.000000 -11.883027 0.000000 0.000000 1.000000 0.000000
0.950984 0.309239 0.000000 86.550293 -0.309239 0.950984 0.000000 -12.071278 0.000000 0.000000 1.000000 0.000000
0.950900 0.309498 0.000000 87.025501 -0.309498 0.950900 0.000000 -12.203487 0.000000 0.000000 1.000000 0.000000
0.950417 0.310978 0.000000 88.000181 -0.310978 0.950417 0.000000 -12.475854 0.000000 0.000000 1.000000 0.000000
0.950369 0.311126 0.000000 88.485192 -0.311126 0.950369 0.000000 -12.623677 0.000000 0.000000 1.000000 0.000000
0.951364 0.308068 0.000000 89.122621 -0.308068 0.951364 0.000000 -12.684770 0.000000 0.000000 1.000000 0.000000
0.950726 0.310032 0.000000 89.653724 -0.310032 0.950726 0.000000 -12.789077 0.000000 0.000000 1.000000 0.000000
0.950467 0.310827 0.000000 90.103941 -0.310827 0.950467 0.000000 -12.929901 0.000000 0.000000 1.000000 0.000000
0.950004 0.312236 0.000000 90.989145 -0.312236 0.950004 0.000000 -13.183766 0.000000 0.000000 1.000000 0.000000
0.949184 0.314721 0.000000 91.479501 -0.314721 0.949184 0.000000 -13.397284 0.000000 0.000000 1.000000 0.000000
0.946782 0.321876 0.000000 92.551379 -0.321876 0.946782 0.000000 -13.709180 0.000000 0.000000 1.000000 0.000000
0.945643 0.325205 0.000000 93.263432 -0.325205 0.945643 0.000000 -13.976277 0.000000 0.000000 1.000000 0.000000
0.945221 0.326430 0.000000 93.888417 -0.326430 0.945221 0.000000 -14.049531 0.000000 0.000000 1.000000 0.000000
0.944597 0.328233 0.000000 94.455193 -0.328233 0.944597 0.000000 -14.291014 0.000000 0.000000 1.000000 0.000000
0.942473 0.334281 0.000000 94.965612 -0.334281 0.942473 0.000000 -14.390819 0.000000 0.000000 1.000000 0.000000
0.941729 0.336371 0.000000 95.541596 -0.336371 0.941729 0.000000 -14.629413 0.000000 0.000000 1.000000 0.000000
0.940604 0.339506 0.000000 96.093727 -0.339506 0.940604 0.000000 -14.898786 0.000000 0.000000 1.000000 0.000000
0.939852 0.341581 0.000000 96.622200 -0.341581 0.939852 0.000000 -15.123890 0.000000 0.000000 1.000000 0.000000
0.939127 0.343570 0.000000 97.246042 -0.343570 0.939127 0.000000 -15.373581 0.000000 0.000000 1.000000 0.000000
0.936010 0.351974 0.000000 97.867894 -0.351974 0.936010 0.000000 -15.679013 0.000000 0.000000 1.000000 0.000000
0.935248 0.353994 0.000000 98.354983 -0.353994 0.935248 0.000000 -15.911081 0.000000 0.000000 1.000000 0.000000
0.935378 0.353650 0.000000 98.838385 -0.353650 0.935378 0.000000 -16.109280 0.000000 0.000000 1.000000 0.000000
0.934346 0.356367 0.000000 99.499061 -0.356367 0.934346 0.000000 -16.543080 0.000000 0.000000 1.000000 0.000000
0.934630 0.355622 0.000000 100.037546 -0.355622 0.934630 0.000000 -16.737480 0.000000 0.000000 1.000000 0.000000
0.933951 0.357400 0.000000 101.063999 -0.357400 0.933951 0.000000 -17.004453 0.000000 0.000000 1.000000 0.000000
0.932740 0.360549 0.000000 101.663287 -0.360549 0.932740 0.000000 -17.293686 0.000000 0.000000 1.000000 0.000000
0.931993 0.362478 0.000000 102.190256 -0.362478 0.931993 0.000000 -17.497679 0.000000 0.000000 1.000000 0.000000
0.931559 0.363591 0.000000 102.791878 -0.363591 0.931559 0.000000 -17.737479 0.000000 0.000000 1.000000 0.000000
0.931297 0.364260 0.000000 103.323849 -0.364260 0.931297 0.000000 -18.002852 0.000000 0.000000 1.000000 0.000000
0.931123 0.364706 0.000000 103.897490 -0.364706 0.931123 0.000000 -18.266205 0.000000 0.000000 1.000000 0.000000
0.932056 0.362315 0.000000 104.355922 -0.362315 0.932056 0.000000 -18.519186 0.000000 0.000000 1.000000 0.000000
0.931208 0.364488 0.000000 104.985910 -0.364488 0.931208 0.000000 -18.754814 0.000000 0.000000 1.000000 0.000000
0.931783 0.363015 0.000000 105.561480 -0.363015 0.931783 0.000000 -18.977029 0.000000 0.000000 1.000000 0.000000
0.931840 0.362869 0.000000 106.176489 -0.362869 0.931840 0.000000 -19.116113 0.000000 0.000000 1.000000 0.000000
0.931666 0.363316 0.000000 106.738283 -0.363316 0.931666 0.000000 -19.322067 0.000000 0.000000 1.000000 0.000000
0.930572 0.366108 0.000000 107.263690 -0.366108 0.930572 0.000000 -19.591401 0.000000 0.000000 1.000000 0.000000
0.929510 0.368796 0.000000 108.038920 -0.368796 0.929510 0.000000 -19.944580 0.000000 0.000000 1.000000 0.000000
0.928930 0.370256 0.000000 108.650985 -0.370256 0.928930 0.000000 -20.276241 0.000000 0.000000 1.000000 0.000000
0.929108 0.369809 0.000000 109.296827 -0.369809 0.929108 0.000000 -20.408880 0.000000 0.000000 1.000000 0.000000
0.928801 0.370579 0.000000 110.370325 -0.370579 0.928801 0.000000 -20.751056 0.000000 0.000000 1.000000 0.000000
0.928680 0.370883 0.000000 110.965613 -0.370883 0.928680 0.000000 -21.002318 0.000000 0.000000 1.000000 0.000000
0.928510 0.371308 0.000000 111.589182 -0.371308 0.928510 0.000000 -21.268038 0.000000 0.000000 1.000000 0.000000
0.928059 0.372434 0.000000 112.229858 -0.372434 0.928059 0.000000 -21.535286 0.000000 0.000000 1.000000 0.000000
0.927161 0.374664 0.000000 112.852364 -0.374664 0.927161 0.000000 -21.910835 0.000000 0.000000 1.000000 0.000000
0.927609 0.373552 0.000000 113.436969 -0.373552 0.927609 0.000000 -22.210820 0.000000 0.000000 1.000000 0.000000
0.927606 0.373561 0.000000 114.028567 -0.373561 0.927606 0.000000 -22.510337 0.000000 0.000000 1.000000 0.000000
0.927830 0.373004 0.000000 115.155050 -0.373004 0.927830 0.000000 -22.990276 0.000000 0.000000 1.000000 0.000000
0.928225 0.372020 0.000000 115.713545 -0.372020 0.928225 0.000000 -23.281671 0.000000 0.000000 1.000000 0.000000
0.928186 0.372116 0.000000 116.238891 -0.372116 0.928186 0.000000 -23.461365 0.000000 0.000000 1.000000 0.000000
0.927838 0.372983 0.000000 116.769812 -0.372983 0.927838 0.000000 -23.767396 0.000000 0.000000 1.000000 0.000000
0.927545 0.373712 0.000000 118.085223 -0.373712 0.927545 0.000000 -24.237059 0.000000 0.000000 1.000000 0.000000
0.927369 0.374147 0.000000 118.601232 -0.374147 0.927369 0.000000 -24.288560 0.000000 0.000000 1.000000 0.000000
0.927342 0.374214 0.000000 119.342153 -0.374214 0.927342 0.000000 -24.666654 0.000000 0.000000 1.000000 0.000000
0.927451 0.373946 0.000000 119.843305 -0.373946 0.927451 0.000000 -24.854981 0.000000 0.000000 1.000000 0.000000
0.927232 0.374488 0.000000 120.466392 -0.374488 0.927232 0.000000 -25.099257 0.000000 0.000000 1.000000 0.000000
0.942050 0.335473 0.000000 124.876230 -0.335473 0.942050 0.000000 -27.035964 0.000000 0.000000 1.000000 0.000000
0.941675 0.336523 0.000000 125.596257 -0.336523 0.941675 0.000000 -27.231050 0.000000 0.000000 1.000000 0.000000
0.943454 0.331505 0.000000 126.161329 -0.331505 0.943454 0.000000 -27.259471 0.000000 0.000000 1.000000 0.000000
0.942934 0.332979 0.000000 126.740151 -0.332979 0.942934 0.000000 -27.481682 0.000000 0.000000 1.000000 0.000000
0.942655 0.333768 0.000000 127.295285 -0.333768 0.942655 0.000000 -27.612836 0.000000 0.000000 1.000000 0.000000
0.943243 0.332105 0.000000 127.901010 -0.332105 0.943243 0.000000 -27.841049 0.000000 0.000000 1.000000 0.000000
0.942506 0.334190 0.000000 128.742324 -0.334190 0.942506 0.000000 -28.129021 0.000000 0.000000 1.000000 0.000000
0.941388 0.337326 0.000000 129.463750 -0.337326 0.941388 0.000000 -28.486319 0.000000 0.000000 1.000000 0.000000
0.940502 0.339790 0.000000 130.163412 -0.339790 0.940502 0.000000 -28.739792 0.000000 0.000000 1.000000 0.000000
0.939937 0.341349 0.000000 130.772643 -0.341349 0.939937 0.000000 -28.907362 0.000000 0.000000 1.000000 0.000000
0.939294 0.343115 0.000000 131.739048 -0.343115 0.939294 0.000000 -29.199153 0.000000 0.000000 1.000000 0.000000
0.940262 0.340450 0.000000 132.386662 -0.340450 0.940262 0.000000 -29.457886 0.000000 0.000000 1.000000 0.000000
0.940581 0.339570 0.000000 133.031711 -0.339570 0.940581 0.000000 -29.716317 0.000000 0.000000 1.000000 0.000000
0.940904 0.338674 0.000000 133.599550 -0.338674 0.940904 0.000000 -29.911535 0.000000 0.000000 1.000000 0.000000
0.941102 0.338124 0.000000 134.222086 -0.338124 0.941102 0.000000 -30.170109 0.000000 0.000000 1.000000 0.000000
0.938305 0.345808 0.000000 135.073966 -0.345808 0.938305 0.000000 -30.527398 0.000000 0.000000 1.000000 0.000000
0.937906 0.346891 0.000000 135.589996 -0.346891 0.937906 0.000000 -30.682998 0.000000 0.000000 1.000000 0.000000
0.936381 0.350985 0.000000 136.108316 -0.350985 0.936381 0.000000 -31.037226 0.000000 0.000000 1.000000 0.000000
0.936809 0.349841 0.000000 136.651609 -0.349841 0.936809 0.000000 -31.211997 0.000000 0.000000 1.000000 0.000000
0.935338 0.353754 0.000000 137.417873 -0.353754 0.935338 0.000000 -31.528643 0.000000 0.000000 1.000000 0.000000
0.935434 0.353502 0.000000 137.991461 -0.353502 0.935434 0.000000 -31.766470 0.000000 0.000000 1.000000 0.000000
0.934663 0.355536 0.000000 138.605311 -0.355536 0.934663 0.000000 -32.066859 0.000000 0.000000 1.000000 0.000000
0.935222 0.354062 0.000000 139.106631 -0.354062 0.935222 0.000000 -32.191174 0.000000 0.000000 1.000000 0.000000
0.934692 0.355458 0.000000 139.614230 -0.355458 0.934692 0.000000 -32.458071 0.000000 0.000000 1.000000 0.000000
0.932143 0.362090 0.000000 140.687517 -0.362090 0.932143 0.000000 -32.919840 0.000000 0.000000 1.000000 0.000000
0.933722 0.357999 0.000000 141.170648 -0.357999 0.933722 0.000000 -33.146011 0.000000 0.000000 1.000000 0.000000
0.933669 0.358136 0.000000 141.789712 -0.358136 0.933669 0.000000 -33.391642 0.000000 0.000000 1.000000 0.000000
0.933846 0.357676 0.000000 142.349034 -0.357676 0.933846 0.000000 -33.643427 0.000000 0.000000 1.000000 0.000000
0.933585 0.358357 0.000000 142.879600 -0.358357 0.933585 0.000000 -33.902469 0.000000 0.000000 1.000000 0.000000
0.933712 0.358024 0.000000 143.417989 -0.358024 0.933712 0.000000 -34.159914 0.000000 0.000000 1.000000 0.000000
0.934354 0.356346 0.000000 144.108543 -0.356346 0.934354 0.000000 -34.382522 0.000000 0.000000 1.000000 0.000000
0.934473 0.356033 0.000000 144.761198 -0.356033 0.934473 0.000000 -34.599572 0.000000 0.000000 1.000000 0.000000
0.934210 0.356724 0.000000 145.231005 -0.356724 0.934210 0.000000 -34.819965 0.000000 0.000000 1.000000 0.000000
0.933649 0.358189 0.000000 145.792927 -0.358189 0.933649 0.000000 -35.067059 0.000000 0.000000 1.000000 0.000000
0.932561 0.361013 0.000000 146.287719 -0.361013 0.932561 0.000000 -35.357894 0.000000 0.000000 1.000000 0.000000
0.932416 0.361386 0.000000 146.815805 -0.361386 0.932416 0.000000 -35.591146 0.000000 0.000000 1.000000 0.000000
0.932935 0.360046 0.000000 147.401125 -0.360046 0.932935 0.000000 -35.765917 0.000000 0.000000 1.000000 0.000000
0.933304 0.359087 0.000000 147.916379 -0.359087 0.933304 0.000000 -36.018163 0.000000 0.000000 1.000000 0.000000
0.932018 0.362411 0.000000 148.418548 -0.362411 0.932018 0.000000 -36.298586 0.000000 0.000000 1.000000 0.000000
0.930753 0.365648 0.000000 148.982693 -0.365648 0.930753 0.000000 -36.508574 0.000000 0.000000 1.000000 0.000000
0.929481 0.368869 0.000000 149.622069 -0.368869 0.929481 0.000000 -36.783616 0.000000 0.000000 1.000000 0.000000
0.929646 0.368454 0.000000 150.192093 -0.368454 0.929646 0.000000 -36.938037 0.000000 0.000000 1.000000 0.000000
0.929311 0.369297 0.000000 150.742649 -0.369297 0.929311 0.000000 -37.165840 0.000000 0.000000 1.000000 0.000000
0.929330 0.369249 0.000000 151.316734 -0.369249 0.929330 0.000000 -37.418171 0.000000 0.000000 1.000000 0.000000
0.928631 0.371004 0.000000 151.921257 -0.371004 0.928631 0.000000 -37.698089 0.000000 0.000000 1.000000 0.000000
0.928384 0.371621 0.000000 152.334865 -0.371621 0.928384 0.000000 -37.916560 0.000000 0.000000 1.000000 0.000000
0.927616 0.373535 0.000000 152.998365 -0.373535 0.927616 0.000000 -38.260110 0.000000 0.000000 1.000000 0.000000
0.926113 0.377247 0.000000 153.413583 -0.377247 0.926113 0.000000 -38.430783 0.000000 0.000000 1.000000 0.000000
0.924252 0.381783 0.000000 153.944867 -0.381783 0.924252 0.000000 -38.679671 0.000000 0.000000 1.000000 0.000000
0.924784 0.380491 0.000000 154.433608 -0.380491 0.924784 0.000000 -38.843964 0.000000 0.000000 1.000000 0.000000
0.924661 0.380790 0.000000 155.065997 -0.380790 0.924661 0.000000 -38.975261 0.000000 0.000000 1.000000 0.000000
0.924202 0.381905 0.000000 155.553897 -0.381905 0.924202 0.000000 -39.160309 0.000000 0.000000 1.000000 0.000000
0.922555 0.385865 0.000000 156.216019 -0.385865 0.922555 0.000000 -39.431241 0.000000 0.000000 1.000000 0.000000
0.922769 0.385353 0.000000 156.778932 -0.385353 0.922769 0.000000 -39.679194 0.000000 0.000000 1.000000 0.000000
0.923281 0.384126 0.000000 157.277725 -0.384126 0.923281 0.000000 -39.873369 0.000000 0.000000 1.000000 0.000000
0.924402 0.381420 0.000000 157.971678 -0.381420 0.924402 0.000000 -40.167146 0.000000 0.000000 1.000000 0.000000
0.923524 0.383540 0.000000 158.523774 -0.383540 0.923524 0.000000 -40.442210 0.000000 0.000000 1.000000 0.000000
0.921588 0.388171 0.000000 159.032012 -0.388171 0.921588 0.000000 -40.750595 0.000000 0.000000 1.000000 0.000000
0.919951 0.392033 0.000000 159.391581 -0.392033 0.919951 0.000000 -40.910785 0.000000 0.000000 1.000000 0.000000
0.921438 0.388526 0.000000 159.943502 -0.388526 0.921438 0.000000 -41.156327 0.000000 0.000000 1.000000 0.000000
0.921272 0.388919 0.000000 160.506839 -0.388919 0.921272 0.000000 -41.342857 0.000000 0.000000 1.000000 0.000000
0.922189 0.386739 0.000000 161.035282 -0.386739 0.922189 0.000000 -41.582882 0.000000 0.000000 1.000000 0.000000
0.921949 0.387312 0.000000 161.623011 -0.387312 0.921949 0.000000 -41.810997 0.000000 0.000000 1.000000 0.000000
0.921066 0.389407 0.000000 162.186809 -0.389407 0.921066 0.000000 -42.082791 0.000000 0.000000 1.000000 0.000000
0.921907 0.387411 0.000000 162.660432 -0.387411 0.921907 0.000000 -42.162702 0.000000 0.000000 1.000000 0.000000
0.923120 0.384512 0.000000 163.248144 -0.384512 0.923120 0.000000 -42.335735 0.000000 0.000000 1.000000 0.000000
0.923067 0.384640 0.000000 163.818794 -0.384640 0.923067 0.000000 -42.665113 0.000000 0.000000 1.000000 0.000000
0.922414 0.386203 0.000000 164.511195 -0.386203 0.922414 0.000000 -42.885030 0.000000 0.000000 1.000000 0.000000
0.923218 0.384278 0.000000 165.112455 -0.384278 0.923218 0.000000 -42.994207 0.000000 0.000000 1.000000 0.000000
0.922061 0.387046 0.000000 165.768786 -0.387046 0.922061 0.000000 -43.272902 0.000000 0.000000 1.000000 0.000000
0.922871 0.385108 0.000000 166.316316 -0.385108 0.922871 0.000000 -43.504216 0.000000 0.000000 1.000000 0.000000
0.924173 0.381975 0.000000 166.923676 -0.381975 0.924173 0.000000 -43.775124 0.000000 0.000000 1.000000 0.000000
0.924623 0.380885 0.000000 167.703080 -0.380885 0.924623 0.000000 -43.986500 0.000000 0.000000 1.000000 0.000000
0.922910 0.385015 0.000000 168.252856 -0.385015 0.922910 0.000000 -44.271806 0.000000 0.000000 1.000000 0.000000
0.922265 0.386559 0.000000 168.676493 -0.386559 0.922265 0.000000 -44.516022 0.000000 0.000000 1.000000 0.000000
0.921885 0.387463 0.000000 169.308037 -0.387463 0.921885 0.000000 -44.775223 0.000000 0.000000 1.000000 0.000000
0.921289 0.388879 0.000000 169.867929 -0.388879 0.921289 0.000000 -45.110604 0.000000 0.000000 1.000000 0.000000
0.921568 0.388217 0.000000 170.943127 -0.388217 0.921568 0.000000 -45.530998 0.000000 0.000000 1.000000 0.000000
0.921119 0.389280 0.000000 171.126416 -0.389280 0.921119 0.000000 -45.724155 0.000000 0.000000 1.000000 0.000000
0.920103 0.391677 0.000000 171.698068 -0.391677 0.920103 0.000000 -46.045506 0.000000 0.000000 1.000000 0.000000
0.920471 0.390811 0.000000 172.324260 -0.390811 0.920471 0.000000 -46.238033 0.000000 0.000000 1.000000 0.000000
0.920699 0.390274 0.000000 172.925383 -0.390274 0.920699 0.000000 -46.522781 0.000000 0.000000 1.000000 0.000000
0.920403 0.390971 0.000000 173.439127 -0.390971 0.920403 0.000000 -46.712460 0.000000 0.000000 1.000000 0.000000
0.920428 0.390913 0.000000 173.993467 -0.390913 0.920428 0.000000 -46.947691 0.000000 0.000000 1.000000 0.000000
0.919407 0.393307 0.000000 174.486975 -0.393307 0.919407 0.000000 -47.213040 0.000000 0.000000 1.000000 0.000000
0.918342 0.395788 0.000000 174.916545 -0.395788 0.918342 0.000000 -47.463294 0.000000 0.000000 1.000000 0.000000
0.918662 0.395044 0.000000 175.311950 -0.395044 0.918662 0.000000 -47.660805 0.000000 0.000000 1.000000 0.000000
0.919319 0.393514 0.000000 175.851425 -0.393514 0.919319 0.000000 -47.932246 0.000000 0.000000 1.000000 0.000000
0.918864 0.394573 0.000000 176.288105 -0.394573 0.918864 0.000000 -47.980926 0.000000 0.000000 1.000000 0.000000
0.919654 0.392730 0.000000 176.732937 -0.392730 0.919654 0.000000 -48.199662 0.000000 0.000000 1.000000 0.000000
0.918820 0.394678 0.000000 177.284588 -0.394678 0.918820 0.000000 -48.382754 0.000000 0.000000 1.000000 0.000000
0.918864 0.394575 0.000000 177.750952 -0.394575 0.918864 0.000000 -48.568854 0.000000 0.000000 1.000000 0.000000
0.920427 0.390914 0.000000 178.152905 -0.390914 0.920427 0.000000 -48.750237 0.000000 0.000000 1.000000 0.000000
0.919644 0.392753 0.000000 178.628036 -0.392753 0.919644 0.000000 -48.924707 0.000000 0.000000 1.000000 0.000000
0.920327 0.391151 0.000000 179.072465 -0.391151 0.920327 0.000000 -49.182396 0.000000 0.000000 1.000000 0.000000
0.920428 0.390912 0.000000 179.723514 -0.390912 0.920428 0.000000 -49.478364 0.000000 0.000000 1.000000 0.000000
0.920201 0.391446 0.000000 180.208648 -0.391446 0.920201 0.000000 -49.646752 0.000000 0.000000 1.000000 0.000000
0.920153 0.391559 0.000000 180.685716 -0.391559 0.920153 0.000000 -50.000546 0.000000 0.000000 1.000000 0.000000
0.922018 0.387148 0.000000 181.416571 -0.387148 0.922018 0.000000 -50.208687 0.000000 0.000000 1.000000 0.000000
0.924127 0.382086 0.000000 181.896623 -0.382086 0.924127 0.000000 -50.356058 0.000000 0.000000 1.000000 0.000000
0.924728 0.380628 0.000000 182.342299 -0.380628 0.924728 0.000000 -50.508126 0.000000 0.000000 1.000000 0.000000
0.926076 0.377338 0.000000 182.813317 -0.377338 0.926076 0.000000 -50.690309 0.000000 0.000000 1.000000 0.000000
0.928457 0.371440 0.000000 183.577824 -0.371440 0.928457 0.000000 -51.011905 0.000000 0.000000 1.000000 0.000000
0.929086 0.369864 0.000000 184.129728 -0.369864 0.929086 0.000000 -51.236575 0.000000 0.000000 1.000000 0.000000
0.930031 0.367482 0.000000 184.671604 -0.367482 0.930031 0.000000 -51.425314 0.000000 0.000000 1.000000 0.000000
0.932374 0.361495 0.000000 185.168206 -0.361495 0.932374 0.000000 -51.613535 0.000000 0.000000 1.000000 0.000000
0.931564 0.363576 0.000000 185.446417 -0.363576 0.931564 0.000000 -52.062010 0.000000 0.000000 1.000000 0.000000
0.934474 0.356030 0.000000 186.215691 -0.356030 0.934474 0.000000 -52.334561 0.000000 0.000000 1.000000 0.000000
0.937303 0.348516 0.000000 186.648225 -0.348516 0.937303 0.000000 -52.497600 0.000000 0.000000 1.000000 0.000000
0.939317 0.343051 0.000000 187.063954 -0.343051 0.939317 0.000000 -52.705093 0.000000 0.000000 1.000000 0.000000
0.942175 0.335120 0.000000 187.477304 -0.335120 0.942175 0.000000 -52.867994 0.000000 0.000000 1.000000 0.000000
0.945292 0.326224 0.000000 187.972304 -0.326224 0.945292 0.000000 -53.049910 0.000000 0.000000 1.000000 0.000000
0.948559 0.316601 0.000000 188.406934 -0.316601 0.948559 0.000000 -53.198667 0.000000 0.000000 1.000000 0.000000
0.953959 0.299937 0.000000 189.300083 -0.299937 0.953959 0.000000 -53.517261 0.000000 0.000000 1.000000 0.000000
0.957392 0.288791 0.000000 189.782309 -0.288791 0.957392 0.000000 -53.661261 0.000000 0.000000 1.000000 0.000000
0.959363 0.282173 0.000000 190.155506 -0.282173 0.959363 0.000000 -53.884847 0.000000 0.000000 1.000000 0.000000
0.963499 0.267714 0.000000 190.828575 -0.267714 0.963499 0.000000 -54.002368 0.000000 0.000000 1.000000 0.000000
0.966499 0.256669 0.000000 191.326944 -0.256669 0.966499 0.000000 -54.145115 0.000000 0.000000 1.000000 0.000000
