1.000000 0.000648 0.000000 0.589858 -0.000648 1.000000 0.000000 -0.006015 0.000000 0.000000 1.000000 0.000000
0.999999 0.001327 0.000000 1.182700 -0.001327 0.999999 0.000000 -0.011968 0.000000 0.000000 1.000000 0.000000
0.999998 0.002056 0.000000 1.732039 -0.002056 0.999998 0.000000 -0.023693 0.000000 0.000000 1.000000 0.000000
0.999995 0.003070 0.000000 2.317674 -0.003070 0.999995 0.000000 -0.033930 0.000000 0.000000 1.000000 0.000000
0.999993 0.003785 0.000000 2.866549 -0.003785 0.999993 0.000000 -0.036765 0.000000 0.000000 1.000000 0.000000
0.999989 0.004655 0.000000 3.447002 -0.004655 0.999989 0.000000 -0.033816 0.000000 0.000000 1.000000 0.000000
0.999986 0.005373 0.000000 4.011927 -0.005373 0.999986 0.000000 -0.040085 0.000000 0.000000 1.000000 0.000000
0.999982 0.006051 0.000000 4.581965 -0.006051 0.999982 0.000000 -0.047976 0.000000 0.000000 1.000000 0.000000
0.999970 0.007730 0.000000 5.161061 -0.007730 0.999970 0.000000 -0.054782 0.000000 0.000000 1.000000 0.000000
0.999953 0.009742 0.000000 5.914900 -0.009742 0.999953 0.000000 -0.067018 0.000000 0.000000 1.000000 0.000000
0.999940 0.010934 0.000000 6.532875 -0.010934 0.999940 0.000000 -0.083079 0.000000 0.000000 1.000000 0.000000
0.999924 0.012353 0.000000 7.073242 -0.012353 0.999924 0.000000 -0.088588 0.000000 0.000000 1.000000 0.000000
0.999895 0.014516 0.000000 7.687768 -0.014516 0.999895 0.000000 -0.089677 0.000000 0.000000 1.000000 0.000000
0.999874 0.015871 0.000000 8.265567 -0.015871 0.999874 0.000000 -0.096134 0.000000 0.000000 1.000000 0.000000
0.999836 0.018092 0.000000 8.846065 -0.018092 0.999836 0.000000 -0.107753 0.000000 0.000000 1.000000 0.000000
0.999783 0.020813 0.000000 9.427097 -0.020813 0.999783 0.000000 -0.119132 0.000000 0.000000 1.000000 0.000000
0.999736 0.022975 0.000000 10.003852 -0.022975 0.999736 0.000000 -0.132555 0.000000 0.000000 1.000000 0.000000
0.999690 0.024883 0.000000 10.579247 -0.024883 0.999690 0.000000 -0.147562 0.000000 0.000000 1.000000 0.000000
0.999644 0.026680 0.000000 11.157237 -0.026680 0.999644 0.000000 -0.166900 0.000000 0.000000 1.000000 0.000000
0.999571 0.029295 0.000000 11.732375 -0.029295 0.999571 0.000000 -0.192209 0.000000 0.000000 1.000000 0.000000
0.999527 0.030768 0.000000 12.304712 -0.030768 0.999527 0.000000 -0.217705 0.000000 0.000000 1.000000 0.000000
0.999457 0.032937 0.000000 12.848832 -0.032937 0.999457 0.000000 -0.242544 0.000000 0.000000 1.000000 0.000000
0.999365 0.035628 0.000000 13.415101 -0.035628 0.999365 0.000000 -0.272091 0.000000 0.000000 1.000000 0.000000
0.999358 0.035820 0.000000 14.510196 -0.035820 0.999358 0.000000 -0.321448 0.000000 0.000000 1.000000 0.000000
0.999429 0.033792 0.000000 15.440425 -0.033792 0.999429 0.000000 -0.374623 0.000000 0.000000 1.000000 0.000000
0.999446 0.033286 0.000000 16.000105 -0.033286 0.999446 0.000000 -0.407918 0.000000 0.000000 1.000000 0.000000
0.999396 0.034738 0.000000 16.559104 -0.034738 0.999396 0.000000 -0.441148 0.000000 0.000000 1.000000 0.000000
0.999440 0.033455 0.000000 17.122701 -0.033455 0.999440 0.000000 -0.481558 0.000000 0.000000 1.000000 0.000000
0.999545 0.030154 0.000000 17.685416 -0.030154 0.999545 0.000000 -0.520029 0.000000 0.000000 1.000000 0.000000
0.999435 0.033613 0.000000 18.284833 -0.033613 0.999435 0.000000 -0.543946 0.000000 0.000000 1.000000 0.000000
0.999123 0.041865 0.000000 18.846309 -0.041865 0.999123 0.000000 -0.572417 0.000000 0.000000 1.000000 0.000000
0.998870 0.047523 0.000000 19.977606 -0.047523 0.998870 0.000000 -0.662252 0.000000 0.000000 1.000000 0.000000
0.998867 0.047591 0.000000 20.540009 -0.047591 0.998867 0.000000 -0.710678 0.000000 0.000000 1.000000 0.000000
0.998837 0.048213 0.000000 21.104091 -0.048213 0.998837 0.000000 -0.759336 0.000000 0.000000 1.000000 0.000000
0.998892 0.047063 0.000000 21.629802 -0.047063 0.998892 0.000000 -0.806181 0.000000 0.000000 1.000000 0.000000
0.998836 0.048233 0.000000 22.189909 -0.048233 0.998836 0.000000 -0.836510 0.000000 0.000000 1.000000 0.000000
0.998685 0.051267 0.000000 23.090576 -0.051267 0.998685 0.000000 -0.901258 0.000000 0.000000 1.000000 0.000000
0.998648 0.051973 0.000000 23.688839 -0.051973 0.998648 0.000000 -0.940424 0.000000 0.000000 1.000000 0.000000
0.998637 0.052201 0.000000 24.247834 -0.052201 0.998637 0.000000 -0.975774 0.000000 0.000000 1.000000 0.000000
0.998609 0.052721 0.000000 24.811126 -0.052721 0.998609 0.000000 -1.013374 0.000000 0.000000 1.000000 0.000000
0.998569 0.053474 0.000000 25.376631 -0.053474 0.998569 0.000000 -1.051004 0.000000 0.000000 1.000000 0.000000
0.998504 0.054670 0.000000 25.940110 -0.054670 0.998504 0.000000 -1.090997 0.000000 0.000000 1.000000 0.000000
0.998493 0.054876 0.000000 26.499841 -0.054876 0.998493 0.000000 -1.135527 0.000000 0.000000 1.000000 0.000000
0.998492 0.054888 0.000000 27.068289 -0.054888 0.998492 0.000000 -1.174532 0.000000 0.000000 1.000000 0.000000
0.998388 0.056755 0.000000 27.629224 -0.056755 0.998388 0.000000 -1.211290 0.000000 0.000000 1.000000 0.000000
0.998302 0.058259 0.000000 28.155845 -0.058259 0.998302 0.000000 -1.251241 0.000000 0.000000 1.000000 0.000000
0.997980 0.063530 0.000000 29.101675 -0.063530 0.997980 0.000000 -1.316984 0.000000 0.000000 1.000000 0.000000
0.997760 0.066890 0.000000 29.661886 -0.066890 0.997760 0.000000 -1.358962 0.000000 0.000000 1.000000 0.000000
0.997655 0.068438 0.000000 30.224291 -0.068438 0.997655 0.000000 -1.396342 0.000000 0.000000 1.000000 0.000000
0.997527 0.070280 0.000000 30.785885 -0.070280 0.997527 0.000000 -1.429358 0.000000 0.000000 1.000000 0.000000
0.997392 0.072172 0.000000 31.348223 -0.072172 0.997392 0.000000 -1.469130 0.000000 0.000000 1.000000 0.000000
0.997304 0.073379 0.000000 31.909813 -0.073379 0.997304 0.000000 -1.514012 0.000000 0.000000 1.000000 0.000000
0.997241 0.074238 0.000000 32.504814 -0.074238 0.997241 0.000000 -1.559074 0.000000 0.000000 1.000000 0.000000
0.997247 0.074157 0.000000 33.028350 -0.074157 0.997247 0.000000 -1.598063 0.000000 0.000000 1.000000 0.000000
0.997299 0.073452 0.000000 33.580878 -0.073452 0.997299 0.000000 -1.638752 0.000000 0.000000 1.000000 0.000000
0.997209 0.074658 0.000000 34.138609 -0.074658 0.997209 0.000000 -1.674221 0.000000 0.000000 1.000000 0.000000
0.996998 0.077427 0.000000 34.694842 -0.077427 0.996998 0.000000 -1.713931 0.000000 0.000000 1.000000 0.000000
0.996880 0.078937 0.000000 35.214700 -0.078937 0.996880 0.000000 -1.752564 0.000000 0.000000 1.000000 0.000000
0.996878 0.078959 0.000000 35.766232 -0.078959 0.996878 0.000000 -1.795498 0.000000 0.000000 1.000000 0.000000
0.996957 0.077959 0.000000 36.288375 -0.077959 0.996957 0.000000 -1.834051 0.000000 0.000000 1.000000 0.000000
0.997005 0.077341 0.000000 37.245893 -0.077341 0.997005 0.000000 -1.920179 0.000000 0.000000 1.000000 0.000000
0.996894 0.078753 0.000000 37.795337 -0.078753 0.996894 0.000000 -1.964926 0.000000 0.000000 1.000000 0.000000
0.996848 0.079333 0.000000 38.345036 -0.079333 0.996848 0.000000 -2.007339 0.000000 0.000000 1.000000 0.000000
0.996539 0.083125 0.000000 39.439223 -0.083125 0.996539 0.000000 -2.087316 0.000000 0.000000 1.000000 0.000000
0.996255 0.086460 0.000000 40.012771 -0.086460 0.996255 0.000000 -2.144644 0.000000 0.000000 1.000000 0.000000
0.996227 0.086783 0.000000 40.503665 -0.086783 0.996227 0.000000 -2.187604 0.000000 0.000000 1.000000 0.000000
0.996207 0.087015 0.000000 41.533797 -0.087015 0.996207 0.000000 -2.285975 0.000000 0.000000 1.000000 0.000000
0.996208 0.087004 0.000000 42.063317 -0.087004 0.996208 0.000000 -2.337080 0.000000 0.000000 1.000000 0.000000
0.996243 0.086596 0.000000 42.576115 -0.086596 0.996243 0.000000 -2.377724 0.000000 0.000000 1.000000 0.000000
0.996164 0.087502 0.000000 43.062775 -0.087502 0.996164 0.000000 -2.415460 0.000000 0.000000 1.000000 0.000000
0.996199 0.087101 0.000000 43.957377 -0.087101 0.996199 0.000000 -2.506278 0.000000 0.000000 1.000000 0.000000
0.996042 0.088879 0.000000 44.464199 -0.088879 0.996042 0.000000 -2.549278 0.000000 0.000000 1.000000 0.000000
0.995568 0.094046 0.000000 44.963773 -0.094046 0.995568 0.000000 -2.586129 0.000000 0.000000 1.000000 0.000000
0.995272 0.097122 0.000000 45.453197 -0.097122 0.995272 0.000000 -2.627632 0.000000 0.000000 1.000000 0.000000
0.995179 0.098075 0.000000 45.940702 -0.098075 0.995179 0.000000 -2.671668 0.000000 0.000000 1.000000 0.000000
0.994964 0.100232 0.000000 46.419150 -0.100232 0.994964 0.000000 -2.709318 0.000000 0.000000 1.000000 0.000000
0.994663 0.103174 0.000000 46.893569 -0.103174 0.994663 0.000000 -2.753082 0.000000 0.000000 1.000000 0.000000
0.994445 0.105260 0.000000 47.598681 -0.105260 0.994445 0.000000 -2.834508 0.000000 0.000000 1.000000 0.000000
0.994500 0.104739 0.000000 48.022089 -0.104739 0.994500 0.000000 -2.878936 0.000000 0.000000 1.000000 0.000000
0.994583 0.103944 0.000000 48.471440 -0.103944 0.994583 0.000000 -2.924800 0.000000 0.000000 1.000000 0.000000
0.994590 0.103882 0.000000 48.909937 -0.103882 0.994590 0.000000 -2.967441 0.000000 0.000000 1.000000 0.000000
0.994697 0.102844 0.000000 49.331901 -0.102844 0.994697 0.000000 -3.013858 0.000000 0.000000 1.000000 0.000000
0.994918 0.100684 0.000000 49.759413 -0.100684 0.994918 0.000000 -3.059134 0.000000 0.000000 1.000000 0.000000
0.994920 0.100666 0.000000 50.486710 -0.100666 0.994920 0.000000 -3.126434 0.000000 0.000000 1.000000 0.000000
0.994770 0.102143 0.000000 50.867569 -0.102143 0.994770 0.000000 -3.160228 0.000000 0.000000 1.000000 0.000000
0.994672 0.103090 0.000000 51.298205 -0.103090 0.994672 0.000000 -3.201579 0.000000 0.000000 1.000000 0.000000
0.994583 0.103950 0.000000 51.695508 -0.103950 0.994583 0.000000 -3.244067 0.000000 0.000000 1.000000 0.000000
0.994463 0.105092 0.000000 52.089108 -0.105092 0.994463 0.000000 -3.286896 0.000000 0.000000 1.000000 0.000000
0.994297 0.106648 0.000000 52.474620 -0.106648 0.994297 0.000000 -3.332065 0.000000 0.000000 1.000000 0.000000
0.994288 0.106729 0.000000 52.850997 -0.106729 0.994288 0.000000 -3.383365 0.000000 0.000000 1.000000 0.000000
0.994289 0.106721 0.000000 53.219289 -0.106721 0.994289 0.000000 -3.427877 0.000000 0.000000 1.000000 0.000000
0.994085 0.108606 0.000000 53.579875 -0.108606 0.994085 0.000000 -3.461307 0.000000 0.000000 1.000000 0.000000
0.993808 0.111111 0.000000 53.941248 -0.111111 0.993808 0.000000 -3.494080 0.000000 0.000000 1.000000 0.000000
0.993583 0.113109 0.000000 54.617413 -0.113109 0.993583 0.000000 -3.579046 0.000000 0.000000 1.000000 0.000000
0.993616 0.112811 0.000000 54.957001 -0.112811 0.993616 0.000000 -3.618133 0.000000 0.000000 1.000000 0.000000
0.993631 0.112686 0.000000 55.268559 -0.112686 0.993631 0.000000 -3.658160 0.000000 0.000000 1.000000 0.000000
0.993567 0.113243 0.000000 55.598153 -0.113243 0.993567 0.000000 -3.699223 0.000000 0.000000 1.000000 0.000000
0.993351 0.115124 0.000000 55.922814 -0.115124 0.993351 0.000000 -3.736287 0.000000 0.000000 1.000000 0.000000
0.992860 0.119283 0.000000 56.217942 -0.119283 0.992860 0.000000 -3.757130 0.000000 0.000000 1.000000 0.000000
0.992261 0.124167 0.000000 56.538398 -0.124167 0.992261 0.000000 -3.784394 0.000000 0.000000 1.000000 0.000000
0.992200 0.124655 0.000000 56.854460 -0.124655 0.992200 0.000000 -3.828979 0.000000 0.000000 1.000000 0.000000
0.992353 0.123433 0.000000 57.367622 -0.123433 0.992353 0.000000 -3.904844 0.000000 0.000000 1.000000 0.000000
0.992267 0.124126 0.000000 57.669952 -0.124126 0.992267 0.000000 -3.944865 0.000000 0.000000 1.000000 0.000000
0.991989 0.126322 0.000000 57.969616 -0.126322 0.991989 0.000000 -3.984272 0.000000 0.000000 1.000000 0.000000
0.991786 0.127907 0.000000 58.286337 -0.127907 0.991786 0.000000 -4.028207 0.000000 0.000000 1.000000 0.000000
0.991653 0.128934 0.000000 58.578912 -0.128934 0.991653 0.000000 -4.069263 0.000000 0.000000 1.000000 0.000000
0.991509 0.130035 0.000000 58.848962 -0.130035 0.991509 0.000000 -4.108297 0.000000 0.000000 1.000000 0.000000
0.991372 0.131082 0.000000 59.149357 -0.131082 0.991372 0.000000 -4.147445 0.000000 0.000000 1.000000 0.000000
0.991211 0.132287 0.000000 59.428910 -0.132287 0.991211 0.000000 -4.187327 0.000000 0.000000 1.000000 0.000000
0.991048 0.133510 0.000000 59.699887 -0.133510 0.991048 0.000000 -4.228161 0.000000 0.000000 1.000000 0.000000
0.990809 0.135266 0.000000 60.154963 -0.135266 0.990809 0.000000 -4.297641 0.000000 0.000000 1.000000 0.000000
0.990732 0.135833 0.000000 60.398058 -0.135833 0.990732 0.000000 -4.328503 0.000000 0.000000 1.000000 0.000000
0.990618 0.136660 0.000000 60.677510 -0.136660 0.990618 0.000000 -4.366950 0.000000 0.000000 1.000000 0.000000
0.990566 0.137040 0.000000 60.939491 -0.137040 0.990566 0.000000 -4.402979 0.000000 0.000000 1.000000 0.000000
0.990474 0.137698 0.000000 61.202286 -0.137698 0.990474 0.000000 -4.442902 0.000000 0.000000 1.000000 0.000000
0.990365 0.138482 0.000000 61.466142 -0.138482 0.990365 0.000000 -4.482422 0.000000 0.000000 1.000000 0.000000
0.990304 0.138918 0.000000 61.724306 -0.138918 0.990304 0.000000 -4.516738 0.000000 0.000000 1.000000 0.000000
0.990123 0.140205 0.000000 61.989214 -0.140205 0.990123 0.000000 -4.553864 0.000000 0.000000 1.000000 0.000000
0.989846 0.142143 0.000000 62.236750 -0.142143 0.989846 0.000000 -4.587612 0.000000 0.000000 1.000000 0.000000
0.989697 0.143177 0.000000 62.505503 -0.143177 0.989697 0.000000 -4.624434 0.000000 0.000000 1.000000 0.000000
0.989591 0.143909 0.000000 62.754013 -0.143909 0.989591 0.000000 -4.660993 0.000000 0.000000 1.000000 0.000000
0.989458 0.144819 0.000000 63.009365 -0.144819 0.989458 0.000000 -4.700801 0.000000 0.000000 1.000000 0.000000
0.989168 0.146788 0.000000 63.446418 -0.146788 0.989168 0.000000 -4.769362 0.000000 0.000000 1.000000 0.000000
0.989087 0.147336 0.000000 63.718274 -0.147336 0.989087 0.000000 -4.812549 0.000000 0.000000 1.000000 0.000000
0.988979 0.148053 0.000000 63.995484 -0.148053 0.988979 0.000000 -4.857077 0.000000 0.000000 1.000000 0.000000
0.988853 0.148893 0.000000 64.268914 -0.148893 0.988853 0.000000 -4.901722 0.000000 0.000000 1.000000 0.000000
0.988725 0.149744 0.000000 64.547231 -0.149744 0.988725 0.000000 -4.948643 0.000000 0.000000 1.000000 0.000000
0.988583 0.150680 0.000000 64.841223 -0.150680 0.988583 0.000000 -5.000546 0.000000 0.000000 1.000000 0.000000
0.988534 0.150999 0.000000 65.098570 -0.150999 0.988534 0.000000 -5.048275 0.000000 0.000000 1.000000 0.000000
0.988350 0.152196 0.000000 65.389792 -0.152196 0.988350 0.000000 -5.098085 0.000000 0.000000 1.000000 0.000000
0.988063 0.154048 0.000000 65.669297 -0.154048 0.988063 0.000000 -5.146743 0.000000 0.000000 1.000000 0.000000
0.987961 0.154704 0.000000 65.932811 -0.154704 0.987961 0.000000 -5.194743 0.000000 0.000000 1.000000 0.000000
0.987706 0.156326 0.000000 66.215577 -0.156326 0.987706 0.000000 -5.243090 0.000000 0.000000 1.000000 0.000000
0.987434 0.158034 0.000000 66.483020 -0.158034 0.987434 0.000000 -5.290485 0.000000 0.000000 1.000000 0.000000
0.986697 0.162572 0.000000 67.261203 -0.162572 0.986697 0.000000 -5.417957 0.000000 0.000000 1.000000 0.000000
0.986160 0.165796 0.000000 67.549058 -0.165796 0.986160 0.000000 -5.461645 0.000000 0.000000 1.000000 0.000000
0.985817 0.167826 0.000000 67.841656 -0.167826 0.985817 0.000000 -5.511527 0.000000 0.000000 1.000000 0.000000
0.985817 0.167822 0.000000 68.131298 -0.167822 0.985817 0.000000 -5.563730 0.000000 0.000000 1.000000 0.000000
0.985896 0.167361 0.000000 68.421824 -0.167361 0.985896 0.000000 -5.614268 0.000000 0.000000 1.000000 0.000000
0.985335 0.170633 0.000000 69.006949 -0.170633 0.985335 0.000000 -5.718687 0.000000 0.000000 1.000000 0.000000
0.985154 0.171675 0.000000 69.306863 -0.171675 0.985154 0.000000 -5.774808 0.000000 0.000000 1.000000 0.000000
0.985094 0.172015 0.000000 69.595312 -0.172015 0.985094 0.000000 -5.829254 0.000000 0.000000 1.000000 0.000000
0.984542 0.175150 0.000000 70.061753 -0.175150 0.984542 0.000000 -5.914213 0.000000 0.000000 1.000000 0.000000
0.983711 0.179757 0.000000 70.379435 -0.179757 0.983711 0.000000 -5.970680 0.000000 0.000000 1.000000 0.000000
0.982646 0.185489 0.000000 70.908640 -0.185489 0.982646 0.000000 -6.077993 0.000000 0.000000 1.000000 0.000000
0.982557 0.185963 0.000000 71.240091 -0.185963 0.982557 0.000000 -6.143244 0.000000 0.000000 1.000000 0.000000
0.981975 0.189012 0.000000 71.577583 -0.189012 0.981975 0.000000 -6.199370 0.000000 0.000000 1.000000 0.000000
0.981364 0.192159 0.000000 71.898083 -0.192159 0.981364 0.000000 -6.255131 0.000000 0.000000 1.000000 0.000000
0.981239 0.192796 0.000000 72.248686 -0.192796 0.981239 0.000000 -6.324176 0.000000 0.000000 1.000000 0.000000
0.981459 0.191673 0.000000 72.818652 -0.191673 0.981459 0.000000 -6.444090 0.000000 0.000000 1.000000 0.000000
0.981801 0.189912 0.000000 73.163567 -0.189912 0.981801 0.000000 -6.509896 0.000000 0.000000 1.000000 0.000000
0.981720 0.190331 0.000000 73.541709 -0.190331 0.981720 0.000000 -6.584938 0.000000 0.000000 1.000000 0.000000
0.981653 0.190678 0.000000 73.897823 -0.190678 0.981653 0.000000 -6.653257 0.000000 0.000000 1.000000 0.000000
0.981630 0.190795 0.000000 74.548892 -0.190795 0.981630 0.000000 -6.784749 0.000000 0.000000 1.000000 0.000000
0.982074 0.188494 0.000000 75.211379 -0.188494 0.982074 0.000000 -6.922567 0.000000 0.000000 1.000000 0.000000
0.982465 0.186449 0.000000 75.597557 -0.186449 0.982465 0.000000 -7.004825 0.000000 0.000000 1.000000 0.000000
0.982352 0.187044 0.000000 76.021202 -0.187044 0.982352 0.000000 -7.077769 0.000000 0.000000 1.000000 0.000000
0.982001 0.188874 0.000000 76.417724 -0.188874 0.982001 0.000000 -7.160164 0.000000 0.000000 1.000000 0.000000
0.981723 0.190316 0.000000 76.845453 -0.190316 0.981723 0.000000 -7.255528 0.000000 0.000000 1.000000 0.000000
0.981659 0.190647 0.000000 77.249524 -0.190647 0.981659 0.000000 -7.339144 0.000000 0.000000 1.000000 0.000000
0.982160 0.188049 0.000000 77.697083 -0.188049 0.982160 0.000000 -7.425114 0.000000 0.000000 1.000000 0.000000
0.982656 0.185436 0.000000 78.390777 -0.185436 0.982656 0.000000 -7.547155 0.000000 0.000000 1.000000 0.000000
0.982795 0.184699 0.000000 79.202186 -0.184699 0.982795 0.000000 -7.707344 0.000000 0.000000 1.000000 0.000000
0.982583 0.185823 0.000000 79.676037 -0.185823 0.982583 0.000000 -7.799335 0.000000 0.000000 1.000000 0.000000
0.981950 0.189140 0.000000 80.153080 -0.189140 0.981950 0.000000 -7.895325 0.000000 0.000000 1.000000 0.000000
0.981064 0.193686 0.000000 80.616764 -0.193686 0.981064 0.000000 -7.979982 0.000000 0.000000 1.000000 0.000000
0.980519 0.196424 0.000000 81.123588 -0.196424 0.980519 0.000000 -8.077000 0.000000 0.000000 1.000000 0.000000
0.979965 0.199168 0.000000 81.575352 -0.199168 0.979965 0.000000 -8.161407 0.000000 0.000000 1.000000 0.000000
0.978940 0.204150 0.000000 82.075309 -0.204150 0.978940 0.000000 -8.260564 0.000000 0.000000 1.000000 0.000000
0.978244 0.207458 0.000000 82.582369 -0.207458 0.978244 0.000000 -8.364190 0.000000 0.000000 1.000000 0.000000
0.977634 0.210312 0.000000 83.096117 -0.210312 0.977634 0.000000 -8.470385 0.000000 0.000000 1.000000 0.000000
0.977203 0.212307 0.000000 83.581350 -0.212307 0.977203 0.000000 -8.576290 0.000000 0.000000 1.000000 0.000000
0.976698 0.214619 0.000000 84.106517 -0.214619 0.976698 0.000000 -8.689319 0.000000 0.000000 1.000000 0.000000
0.976167 0.217021 0.000000 85.051449 -0.217021 0.976167 0.000000 -8.910535 0.000000 0.000000 1.000000 0.000000
0.976157 0.217067 0.000000 85.586552 -0.217067 0.976157 0.000000 -9.037556 0.000000 0.000000 1.000000 0.000000
0.975604 0.219537 0.000000 86.128377 -0.219537 0.975604 0.000000 -9.158201 0.000000 0.000000 1.000000 0.000000
0.974600 0.223952 0.000000 86.675141 -0.223952 0.974600 0.000000 -9.280604 0.000000 0.000000 1.000000 0.000000
0.974186 0.225747 0.000000 87.224310 -0.225747 0.974186 0.000000 -9.411195 0.000000 0.000000 1.000000 0.000000
0.973955 0.226740 0.000000 88.069370 -0.226740 0.973955 0.000000 -9.614909 0.000000 0.000000 1.000000 0.000000
0.973160 0.230129 0.000000 88.596048 -0.230129 0.973160 0.000000 -9.733901 0.000000 0.000000 1.000000 0.000000
0.971129 0.238557 0.000000 89.697677 -0.238557 0.971129 0.000000 -10.005786 0.000000 0.000000 1.000000 0.000000
0.970111 0.242661 0.000000 90.428901 -0.242661 0.970111 0.000000 -10.178280 0.000000 0.000000 1.000000 0.000000
0.969154 0.246455 0.000000 91.009543 -0.246455 0.969154 0.000000 -10.316200 0.000000 0.000000 1.000000 0.000000
0.967971 0.251062 0.000000 91.588264 -0.251062 0.967971 0.000000 -10.470685 0.000000 0.000000 1.000000 0.000000
0.967239 0.253866 0.000000 92.167237 -0.253866 0.967239 0.000000 -10.622109 0.000000 0.000000 1.000000 0.000000
0.967029 0.254666 0.000000 92.755779 -0.254666 0.967029 0.000000 -10.768350 0.000000 0.000000 1.000000 0.000000
0.966606 0.256267 0.000000 93.376816 -0.256267 0.966606 0.000000 -10.928735 0.000000 0.000000 1.000000 0.000000
0.965933 0.258792 0.000000 93.946272 -0.258792 0.965933 0.000000 -11.078431 0.000000 0.000000 1.000000 0.000000
0.965357 0.260934 0.000000 94.530079 -0.260934 0.965357 0.000000 -11.235781 0.000000 0.000000 1.000000 0.000000
0.965818 0.259221 0.000000 95.126582 -0.259221 0.965818 0.000000 -11.397668 0.000000 0.000000 1.000000 0.000000
0.966725 0.255819 0.000000 95.691335 -0.255819 0.966725 0.000000 -11.550931 0.000000 0.000000 1.000000 0.000000
0.967095 0.254417 0.000000 96.295933 -0.254417 0.967095 0.000000 -11.716683 0.000000 0.000000 1.000000 0.000000
0.966972 0.254882 0.000000 96.901689 -0.254882 0.966972 0.000000 -11.880838 0.000000 0.000000 1.000000 0.000000
0.966841 0.255378 0.000000 97.463979 -0.255378 0.966841 0.000000 -12.031837 0.000000 0.000000 1.000000 0.000000
0.966640 0.256138 0.000000 98.549155 -0.256138 0.966640 0.000000 -12.321054 0.000000 0.000000 1.000000 0.000000
0.966484 0.256726 0.000000 99.206803 -0.256726 0.966484 0.000000 -12.506407 0.000000 0.000000 1.000000 0.000000
0.966088 0.258212 0.000000 99.822967 -0.258212 0.966088 0.000000 -12.679452 0.000000 0.000000 1.000000 0.000000
0.965311 0.261104 0.000000 100.442503 -0.261104 0.965311 0.000000 -12.851666 0.000000 0.000000 1.000000 0.000000
0.965142 0.261726 0.000000 101.044024 -0.261726 0.965142 0.000000 -13.024234 0.000000 0.000000 1.000000 0.000000
0.965309 0.261108 0.000000 101.665065 -0.261108 0.965309 0.000000 -13.199091 0.000000 0.000000 1.000000 0.000000
0.965205 0.261494 0.000000 102.244380 -0.261494 0.965205 0.000000 -13.359427 0.000000 0.000000 1.000000 0.000000
0.965139 0.261738 0.000000 102.870508 -0.261738 0.965139 0.000000 -13.530871 0.000000 0.000000 1.000000 0.000000
0.964806 0.262964 0.000000 103.454725 -0.262964 0.964806 0.000000 -13.697162 0.000000 0.000000 1.000000 0.000000
0.964081 0.265609 0.000000 104.087584 -0.265609 0.964081 0.000000 -13.883175 0.000000 0.000000 1.000000 0.000000
0.963471 0.267813 0.000000 104.710638 -0.267813 0.963471 0.000000 -14.067449 0.000000 0.000000 1.000000 0.000000
0.963377 0.268151 0.000000 105.346182 -0.268151 0.963377 0.000000 -14.253164 0.000000 0.000000 1.000000 0.000000
0.963506 0.267686 0.000000 106.135618 -0.267686 0.963506 0.000000 -14.482002 0.000000 0.000000 1.000000 0.000000
0.962756 0.270373 0.000000 106.734111 -0.270373 0.962756 0.000000 -14.650311 0.000000 0.000000 1.000000 0.000000
0.962078 0.272774 0.000000 107.370165 -0.272774 0.962078 0.000000 -14.842413 0.000000 0.000000 1.000000 0.000000
0.962573 0.271021 0.000000 108.376282 -0.271021 0.962573 0.000000 -15.141051 0.000000 0.000000 1.000000 0.000000
0.962474 0.271374 0.000000 109.016165 -0.271374 0.962474 0.000000 -15.331125 0.000000 0.000000 1.000000 0.000000
0.962009 0.273019 0.000000 109.659101 -0.273019 0.962009 0.000000 -15.522593 0.000000 0.000000 1.000000 0.000000
0.961463 0.274936 0.000000 110.308132 -0.274936 0.961463 0.000000 -15.723467 0.000000 0.000000 1.000000 0.000000
0.961276 0.275588 0.000000 110.938716 -0.275588 0.961276 0.000000 -15.920710 0.000000 0.000000 1.000000 0.000000
0.961381 0.275222 0.000000 111.583543 -0.275222 0.961381 0.000000 -16.122005 0.000000 0.000000 1.000000 0.000000
0.961547 0.274640 0.000000 112.189442 -0.274640 0.961547 0.000000 -16.304125 0.000000 0.000000 1.000000 0.000000
0.962250 0.272167 0.000000 113.328793 -0.272167 0.962250 0.000000 -16.651205 0.000000 0.000000 1.000000 0.000000
0.962819 0.270147 0.000000 113.975764 -0.270147 0.962819 0.000000 -16.845243 0.000000 0.000000 1.000000 0.000000
0.963047 0.269332 0.000000 114.625691 -0.269332 0.963047 0.000000 -17.038959 0.000000 0.000000 1.000000 0.000000
0.962956 0.269658 0.000000 115.274073 -0.269658 0.962956 0.000000 -17.228584 0.000000 0.000000 1.000000 0.000000
0.963324 0.268342 0.000000 116.594032 -0.268342 0.963324 0.000000 -17.621648 0.000000 0.000000 1.000000 0.000000
0.963177 0.268869 0.000000 117.192104 -0.268869 0.963177 0.000000 -17.794997 0.000000 0.000000 1.000000 0.000000
0.963231 0.268673 0.000000 117.842329 -0.268673 0.963231 0.000000 -17.988306 0.000000 0.000000 1.000000 0.000000
0.963261 0.268568 0.000000 118.452178 -0.268568 0.963261 0.000000 -18.162594 0.000000 0.000000 1.000000 0.000000
0.962576 0.271012 0.000000 119.059732 -0.271012 0.962576 0.000000 -18.331768 0.000000 0.000000 1.000000 0.000000
0.965089 0.261923 0.000000 123.734676 -0.261923 0.965089 0.000000 -19.729143 0.000000 0.000000 1.000000 0.000000
0.965279 0.261223 0.000000 124.375480 -0.261223 0.965279 0.000000 -19.907733 0.000000 0.000000 1.000000 0.000000
0.965672 0.259763 0.000000 124.985955 -0.259763 0.965672 0.000000 -20.074181 0.000000 0.000000 1.000000 0.000000
0.966084 0.258229 0.000000 125.615866 -0.258229 0.966084 0.000000 -20.263044 0.000000 0.000000 1.000000 0.000000
0.966531 0.256550 0.000000 126.217324 -0.256550 0.966531 0.000000 -20.437722 0.000000 0.000000 1.000000 0.000000
0.966601 0.256287 0.000000 126.836641 -0.256287 0.966601 0.000000 -20.621477 0.000000 0.000000 1.000000 0.000000
0.966400 0.257044 0.000000 127.473766 -0.257044 0.966400 0.000000 -20.807691 0.000000 0.000000 1.000000 0.000000
0.966418 0.256977 0.000000 128.283597 -0.256977 0.966418 0.000000 -21.047613 0.000000 0.000000 1.000000 0.000000
0.965708 0.259629 0.000000 128.916872 -0.259629 0.965708 0.000000 -21.229489 0.000000 0.000000 1.000000 0.000000
0.964998 0.262258 0.000000 129.550493 -0.262258 0.964998 0.000000 -21.397613 0.000000 0.000000 1.000000 0.000000
0.964921 0.262539 0.000000 130.465288 -0.262539 0.964921 0.000000 -21.655260 0.000000 0.000000 1.000000 0.000000
0.964992 0.262278 0.000000 131.089041 -0.262278 0.964992 0.000000 -21.839216 0.000000 0.000000 1.000000 0.000000
0.965017 0.262189 0.000000 131.709814 -0.262189 0.965017 0.000000 -22.020689 0.000000 0.000000 1.000000 0.000000
0.965163 0.261651 0.000000 132.325439 -0.261651 0.965163 0.000000 -22.201557 0.000000 0.000000 1.000000 0.000000
0.965079 0.261960 0.000000 132.942027 -0.261960 0.965079 0.000000 -22.380638 0.000000 0.000000 1.000000 0.000000
0.964734 0.263228 0.000000 133.850356 -0.263228 0.964734 0.000000 -22.646951 0.000000 0.000000 1.000000 0.000000
0.964375 0.264538 0.000000 134.442903 -0.264538 0.964375 0.000000 -22.822415 0.000000 0.000000 1.000000 0.000000
0.963830 0.266519 0.000000 135.051989 -0.266519 0.963830 0.000000 -23.000414 0.000000 0.000000 1.000000 0.000000
0.963089 0.269182 0.000000 135.618739 -0.269182 0.963089 0.000000 -23.168386 0.000000 0.000000 1.000000 0.000000
0.962334 0.271872 0.000000 136.405789 -0.271872 0.962334 0.000000 -23.404371 0.000000 0.000000 1.000000 0.000000
0.962212 0.272301 0.000000 137.008923 -0.272301 0.962212 0.000000 -23.588655 0.000000 0.000000 1.000000 0.000000
0.962337 0.271859 0.000000 137.613054 -0.271859 0.962337 0.000000 -23.769343 0.000000 0.000000 1.000000 0.000000
0.962859 0.270006 0.000000 138.214909 -0.270006 0.962859 0.000000 -23.948168 0.000000 0.000000 1.000000 0.000000
0.963231 0.268674 0.000000 138.813857 -0.268674 0.963231 0.000000 -24.124075 0.000000 0.000000 1.000000 0.000000
0.963902 0.266259 0.000000 139.970484 -0.266259 0.963902 0.000000 -24.468338 0.000000 0.000000 1.000000 0.000000
0.963771 0.266730 0.000000 140.527507 -0.266730 0.963771 0.000000 -24.625248 0.000000 0.000000 1.000000 0.000000
0.963450 0.267890 0.000000 141.115965 -0.267890 0.963450 0.000000 -24.783999 0.000000 0.000000 1.000000 0.000000
0.963485 0.267762 0.000000 141.698415 -0.267762 0.963485 0.000000 -24.954771 0.000000 0.000000 1.000000 0.000000
0.963366 0.268189 0.000000 142.253204 -0.268189 0.963366 0.000000 -25.118974 0.000000 0.000000 1.000000 0.000000
0.964026 0.265807 0.000000 142.839832 -0.265807 0.964026 0.000000 -25.299102 0.000000 0.000000 1.000000 0.000000
0.964787 0.263032 0.000000 143.553059 -0.263032 0.964787 0.000000 -25.512377 0.000000 0.000000 1.000000 0.000000
0.964918 0.262551 0.000000 144.132110 -0.262551 0.964918 0.000000 -25.686274 0.000000 0.000000 1.000000 0.000000
0.964942 0.262463 0.000000 144.669356 -0.262463 0.964942 0.000000 -25.843898 0.000000 0.000000 1.000000 0.000000
0.964577 0.263802 0.000000 145.251268 -0.263802 0.964577 0.000000 -26.011295 0.000000 0.000000 1.000000 0.000000
0.964091 0.265573 0.000000 145.823713 -0.265573 0.964091 0.000000 -26.178211 0.000000 0.000000 1.000000 0.000000
0.963801 0.266624 0.000000 146.354449 -0.266624 0.963801 0.000000 -26.334877 0.000000 0.000000 1.000000 0.000000
0.964139 0.265398 0.000000 146.924055 -0.265398 0.964139 0.000000 -26.503290 0.000000 0.000000 1.000000 0.000000
0.964279 0.264888 0.000000 147.457723 -0.264888 0.964279 0.000000 -26.659737 0.000000 0.000000 1.000000 0.000000
0.963707 0.266963 0.000000 148.020023 -0.266963 0.963707 0.000000 -26.822726 0.000000 0.000000 1.000000 0.000000
0.963007 0.269475 0.000000 148.582494 -0.269475 0.963007 0.000000 -26.986334 0.000000 0.000000 1.000000 0.000000
0.961957 0.273200 0.000000 149.310970 -0.273200 0.961957 0.000000 -27.196338 0.000000 0.000000 1.000000 0.000000
0.961306 0.275484 0.000000 149.839479 -0.275484 0.961306 0.000000 -27.349681 0.000000 0.000000 1.000000 0.000000
0.960803 0.277231 0.000000 150.403652 -0.277231 0.960803 0.000000 -27.516126 0.000000 0.000000 1.000000 0.000000
0.960438 0.278495 0.000000 150.930502 -0.278495 0.960438 0.000000 -27.674892 0.000000 0.000000 1.000000 0.000000
0.960586 0.277985 0.000000 151.487300 -0.277985 0.960586 0.000000 -27.842022 0.000000 0.000000 1.000000 0.000000
0.960791 0.277273 0.000000 152.012973 -0.277273 0.960791 0.000000 -27.997512 0.000000 0.000000 1.000000 0.000000
0.960641 0.277793 0.000000 152.733963 -0.277793 0.960641 0.000000 -28.211863 0.000000 0.000000 1.000000 0.000000
0.959805 0.280667 0.000000 153.250137 -0.280667 0.959805 0.000000 -28.367862 0.000000 0.000000 1.000000 0.000000
0.958637 0.284630 0.000000 153.801489 -0.284630 0.958637 0.000000 -28.545301 0.000000 0.000000 1.000000 0.000000
0.959048 0.283242 0.000000 154.315841 -0.283242 0.959048 0.000000 -28.704104 0.000000 0.000000 1.000000 0.000000
0.959567 0.281479 0.000000 154.872061 -0.281479 0.959567 0.000000 -28.873144 0.000000 0.000000 1.000000 0.000000
0.959437 0.281924 0.000000 155.388601 -0.281924 0.959437 0.000000 -29.031519 0.000000 0.000000 1.000000 0.000000
0.958914 0.283696 0.000000 156.137900 -0.283696 0.958914 0.000000 -29.258741 0.000000 0.000000 1.000000 0.000000
0.959144 0.282918 0.000000 156.691949 -0.282918 0.959144 0.000000 -29.433523 0.000000 0.000000 1.000000 0.000000
0.960214 0.279265 0.000000 157.243657 -0.279265 0.960214 0.000000 -29.611995 0.000000 0.000000 1.000000 0.000000
0.961008 0.276520 0.000000 157.794001 -0.276520 0.961008 0.000000 -29.784462 0.000000 0.000000 1.000000 0.000000
0.961065 0.276323 0.000000 158.342684 -0.276323 0.961065 0.000000 -29.955993 0.000000 0.000000 1.000000 0.000000
0.960750 0.277417 0.000000 158.892225 -0.277417 0.960750 0.000000 -30.133248 0.000000 0.000000 1.000000 0.000000
0.961301 0.275501 0.000000 159.441633 -0.275501 0.961301 0.000000 -30.307439 0.000000 0.000000 1.000000 0.000000
0.962327 0.271895 0.000000 159.959397 -0.271895 0.962327 0.000000 -30.470157 0.000000 0.000000 1.000000 0.000000
0.962938 0.269724 0.000000 160.499325 -0.269724 0.962938 0.000000 -30.639293 0.000000 0.000000 1.000000 0.000000
0.963239 0.268647 0.000000 161.056825 -0.268647 0.963239 0.000000 -30.811120 0.000000 0.000000 1.000000 0.000000
0.963475 0.267797 0.000000 161.574830 -0.267797 0.963475 0.000000 -30.965325 0.000000 0.000000 1.000000 0.000000
0.964061 0.265682 0.000000 162.130238 -0.265682 0.964061 0.000000 -31.133053 0.000000 0.000000 1.000000 0.000000
0.964453 0.264253 0.000000 162.647297 -0.264253 0.964453 0.000000 -31.284699 0.000000 0.000000 1.000000 0.000000
0.965144 0.261721 0.000000 163.195428 -0.261721 0.965144 0.000000 -31.457046 0.000000 0.000000 1.000000 0.000000
0.966491 0.256701 0.000000 163.739612 -0.256701 0.966491 0.000000 -31.623653 0.000000 0.000000 1.000000 0.000000
0.967711 0.252063 0.000000 164.292950 -0.252063 0.967711 0.000000 -31.788759 0.000000 0.000000 1.000000 0.000000
0.968652 0.248421 0.000000 164.801415 -0.248421 0.968652 0.000000 -31.938990 0.000000 0.000000 1.000000 0.000000
0.969761 0.244058 0.000000 165.348113 -0.244058 0.969761 0.000000 -32.096099 0.000000 0.000000 1.000000 0.000000
0.970976 0.239177 0.000000 165.854289 -0.239177 0.970976 0.000000 -32.242447 0.000000 0.000000 1.000000 0.000000
0.972094 0.234590 0.000000 166.405370 -0.234590 0.972094 0.000000 -32.396597 0.000000 0.000000 1.000000 0.000000
0.972926 0.231116 0.000000 167.122979 -0.231116 0.972926 0.000000 -32.587291 0.000000 0.000000 1.000000 0.000000
0.973470 0.228816 0.000000 167.670394 -0.228816 0.973470 0.000000 -32.730313 0.000000 0.000000 1.000000 0.000000
0.973569 0.228395 0.000000 168.175441 -0.228395 0.973569 0.000000 -32.869388 0.000000 0.000000 1.000000 0.000000
0.973587 0.228317 0.000000 168.726372 -0.228317 0.973587 0.000000 -33.018251 0.000000 0.000000 1.000000 0.000000
0.974139 0.225949 0.000000 169.422947 -0.225949 0.974139 0.000000 -33.197561 0.000000 0.000000 1.000000 0.000000
0.975427 0.220324 0.000000 170.517241 -0.220324 0.975427 0.000000 -33.478964 0.000000 0.000000 1.000000 0.000000
0.976143 0.217130 0.000000 171.063730 -0.217130 0.976143 0.000000 -33.614902 0.000000 0.000000 1.000000 0.000000
0.976421 0.215875 0.000000 171.609862 -0.215875 0.976421 0.000000 -33.735595 0.000000 0.000000 1.000000 0.000000
0.976771 0.214288 0.000000 172.155776 -0.214288 0.976771 0.000000 -33.867638 0.000000 0.000000 1.000000 0.000000
0.977294 0.211887 0.000000 172.702392 -0.211887 0.977294 0.000000 -33.996601 0.000000 0.000000 1.000000 0.000000
0.977376 0.211511 0.000000 173.245958 -0.211511 0.977376 0.000000 -34.121864 0.000000 0.000000 1.000000 0.000000
0.977323 0.211754 0.000000 173.813074 -0.211754 0.977323 0.000000 -34.255078 0.000000 0.000000 1.000000 0.000000
0.977273 0.211983 0.000000 174.354451 -0.211983 0.977273 0.000000 -34.380227 0.000000 0.000000 1.000000 0.000000
0.976974 0.213359 0.000000 174.855506 -0.213359 0.976974 0.000000 -34.503815 0.000000 0.000000 1.000000 0.000000
0.976793 0.214184 0.000000 175.359026 -0.214184 0.976793 0.000000 -34.625722 0.000000 0.000000 1.000000 0.000000
0.976965 0.213399 0.000000 175.895126 -0.213399 0.976965 0.000000 -34.747964 0.000000 0.000000 1.000000 0.000000
0.977323 0.211754 0.000000 176.394698 -0.211754 0.977323 0.000000 -34.859463 0.000000 0.000000 1.000000 0.000000
0.977756 0.209745 0.000000 176.929495 -0.209745 0.977756 0.000000 -34.974986 0.000000 0.000000 1.000000 0.000000
0.977852 0.209298 0.000000 177.431374 -0.209298 0.977852 0.000000 -35.085879 0.000000 0.000000 1.000000 0.000000
0.977838 0.209364 0.000000 177.963529 -0.209364 0.977838 0.000000 -35.206654 0.000000 0.000000 1.000000 0.000000
0.978267 0.207348 0.000000 178.456278 -0.207348 0.978267 0.000000 -35.315688 0.000000 0.000000 1.000000 0.000000
0.978915 0.204267 0.000000 178.986294 -0.204267 0.978915 0.000000 -35.428986 0.000000 0.000000 1.000000 0.000000
0.979178 0.203001 0.000000 179.474301 -0.203001 0.979178 0.000000 -35.529558 0.000000 0.000000 1.000000 0.000000
0.979162 0.203080 0.000000 180.002418 -0.203080 0.979162 0.000000 -35.638131 0.000000 0.000000 1.000000 0.000000
0.978977 0.203971 0.000000 180.493454 -0.203971 0.978977 0.000000 -35.733868 0.000000 0.000000 1.000000 0.000000
0.978912 0.204284 0.000000 181.014099 -0.204284 0.978912 0.000000 -35.840109 0.000000 0.000000 1.000000 0.000000
0.979543 0.201237 0.000000 181.662399 -0.201237 0.979543 0.000000 -35.980870 0.000000 0.000000 1.000000 0.000000
0.980461 0.196715 0.000000 182.181671 -0.196715 0.980461 0.000000 -36.089015 0.000000 0.000000 1.000000 0.000000
0.981007 0.193971 0.000000 182.690385 -0.193971 0.981007 0.000000 -36.192112 0.000000 0.000000 1.000000 0.000000
0.981528 0.191319 0.000000 183.175839 -0.191319 0.981528 0.000000 -36.289820 0.000000 0.000000 1.000000 0.000000
0.982616 0.185649 0.000000 183.889283 -0.185649 0.982616 0.000000 -36.435048 0.000000 0.000000 1.000000 0.000000
0.983136 0.182876 0.000000 184.401215 -0.182876 0.983136 0.000000 -36.536260 0.000000 0.000000 1.000000 0.000000
0.983393 0.181490 0.000000 184.914778 -0.181490 0.983393 0.000000 -36.635486 0.000000 0.000000 1.000000 0.000000
0.983945 0.178473 0.000000 185.429757 -0.178473 0.983945 0.000000 -36.738457 0.000000 0.000000 1.000000 0.000000
0.985060 0.172214 0.000000 185.940916 -0.172214 0.985060 0.000000 -36.834853 0.000000 0.000000 1.000000 0.000000
0.986639 0.162920 0.000000 186.957034 -0.162920 0.986639 0.000000 -37.007422 0.000000 0.000000 1.000000 0.000000
0.987565 0.157214 0.000000 187.452739 -0.157214 0.987565 0.000000 -37.081530 0.000000 0.000000 1.000000 0.000000
0.988909 0.148521 0.000000 187.952902 -0.148521 0.988909 0.000000 -37.164690 0.000000 0.000000 1.000000 0.000000
0.990028 0.140872 0.000000 188.418326 -0.140872 0.990028 0.000000 -37.232342 0.000000 0.000000 1.000000 0.000000
0.991191 0.132443 0.000000 188.916705 -0.132443 0.991191 0.000000 -37.302226 0.000000 0.000000 1.000000 0.000000
0.992402 0.123035 0.000000 189.381008 -0.123035 0.992402 0.000000 -37.366741 0.000000 0.000000 1.000000 0.000000
0.994543 0.104329 0.000000 190.323486 -0.104329 0.994543 0.000000 -37.490977 0.000000 0.000000 1.000000 0.000000
0.995605 0.093653 0.000000 190.808336 -0.093653 0.995605 0.000000 -37.551266 0.000000 0.000000 1.000000 0.000000
0.996464 0.084015 0.000000 191.261361 -0.084015 0.996464 0.000000 -37.596405 0.000000 0.000000 1.000000 0.000000
0.997567 0.069717 0.000000 191.940055 -0.069717 0.997567 0.000000 -37.655618 0.000000 0.000000 1.000000 0.000000
0.998304 0.058218 0.000000 192.415118 -0.058218 0.998304 0.000000 -37.693810 0.000000 0.000000 1.000000 0.000000
0.998899 0.046905 0.000000 192.889654 -0.046905 0.998899 0.000000 -37.725814 0.000000 0.000000 1.000000 0.000000
0.999300 0.037409 0.000000 193.330020 -0.037409 0.999300 0.000000 -37.753947 0.000000 0.000000 1.000000 0.000000
0.999691 0.024857 0.000000 193.798357 -0.024857 0.999691 0.000000 -37.782580 0.000000 0.000000 1.000000 0.000000
0.999933 0.011611 0.000000 194.261631 -0.011611 0.999933 0.000000 -37.805492 0.000000 0.000000 1.000000 0.000000
0.999999 0.001537 0.000000 194.694891 -0.001537 0.999999 0.000000 -37.820667 0.000000 0.000000 1.000000 0.000000
0.999967 -0.008179 0.000000 195.152790 0.008179 0.999967 0.000000 -37.831774 0.000000 0.000000 1.000000 0.000000
0.999856 -0.016996 0.000000 195.572437 0.016996 0.999856 0.000000 -37.839676 0.000000 0.000000 1.000000 0.000000
0.999619 -0.027611 0.000000 196.023137 0.027611 0.999619 0.000000 -37.845416 0.000000 0.000000 1.000000 0.000000
0.999221 -0.039462 0.000000 196.441182 0.039462 0.999221 0.000000 -37.849327 0.000000 0.000000 1.000000 0.000000
0.998601 -0.052874 0.000000 196.888650 0.052874 0.998601 0.000000 -37.846345 0.000000 0.000000 1.000000 0.000000
0.997968 -0.063720 0.000000 197.301637 0.063720 0.997968 0.000000 -37.832306 0.000000 0.000000 1.000000 0.000000
0.997089 -0.076241 0.000000 197.746566 0.076241 0.997089 0.000000 -37.814286 0.000000 0.000000 1.000000 0.000000
0.996141 -0.087767 0.000000 198.153666 0.087767 0.996141 0.000000 -37.794692 0.000000 0.000000 1.000000 0.000000
0.995249 -0.097361 0.000000 198.585953 0.097361 0.995249 0.000000 -37.763701 0.000000 0.000000 1.000000 0.000000
