0.999984 0.005693 0.000000 0.545426 -0.005693 0.999984 0.000000 0.001629 0.000000 0.000000 1.000000 0.000000
0.999927 0.012111 0.000000 1.119977 -0.012111 0.999927 0.000000 -0.003258 0.000000 0.000000 1.000000 0.000000
0.999831 0.018391 0.000000 1.656394 -0.018391 0.999831 0.000000 -0.010602 0.000000 0.000000 1.000000 0.000000
0.999677 0.025396 0.000000 2.370528 -0.025396 0.999677 0.000000 -0.032171 0.000000 0.000000 1.000000 0.000000
0.999562 0.029607 0.000000 2.940391 -0.029607 0.999562 0.000000 -0.056604 0.000000 0.000000 1.000000 0.000000
0.999422 0.034009 0.000000 3.512560 -0.034009 0.999422 0.000000 -0.078639 0.000000 0.000000 1.000000 0.000000
0.999210 0.039745 0.000000 4.079638 -0.039745 0.999210 0.000000 -0.096140 0.000000 0.000000 1.000000 0.000000
0.998769 0.049610 0.000000 5.215874 -0.049610 0.998769 0.000000 -0.149944 0.000000 0.000000 1.000000 0.000000
0.998507 0.054630 0.000000 5.754539 -0.054630 0.998507 0.000000 -0.169083 0.000000 0.000000 1.000000 0.000000
0.998067 0.062147 0.000000 6.323544 -0.062147 0.998067 0.000000 -0.201084 0.000000 0.000000 1.000000 0.000000
0.997564 0.069752 0.000000 6.861360 -0.069752 0.997564 0.000000 -0.231646 0.000000 0.000000 1.000000 0.000000
0.997022 0.077121 0.000000 7.423226 -0.077121 0.997022 0.000000 -0.267944 0.000000 0.000000 1.000000 0.000000
0.996555 0.082933 0.000000 7.952755 -0.082933 0.996555 0.000000 -0.310609 0.000000 0.000000 1.000000 0.000000
0.996040 0.088901 0.000000 8.527439 -0.088901 0.996040 0.000000 -0.365633 0.000000 0.000000 1.000000 0.000000
0.995414 0.095657 0.000000 9.057570 -0.095657 0.995414 0.000000 -0.415109 0.000000 0.000000 1.000000 0.000000
0.994175 0.107776 0.000000 9.810167 -0.107776 0.994175 0.000000 -0.488077 0.000000 0.000000 1.000000 0.000000
0.993164 0.116724 0.000000 10.375099 -0.116724 0.993164 0.000000 -0.548915 0.000000 0.000000 1.000000 0.000000
0.992465 0.122529 0.000000 10.930480 -0.122529 0.992465 0.000000 -0.614249 0.000000 0.000000 1.000000 0.000000
0.991842 0.127474 0.000000 11.480444 -0.127474 0.991842 0.000000 -0.683971 0.000000 0.000000 1.000000 0.000000
0.991065 0.133382 0.000000 12.043239 -0.133382 0.991065 0.000000 -0.765275 0.000000 0.000000 1.000000 0.000000
0.990153 0.139992 0.000000 12.568868 -0.139992 0.990153 0.000000 -0.842442 0.000000 0.000000 1.000000 0.000000
0.989231 0.146364 0.000000 13.092114 -0.146364 0.989231 0.000000 -0.916503 0.000000 0.000000 1.000000 0.000000
0.988020 0.154329 0.000000 13.656487 -0.154329 0.988020 0.000000 -1.005364 0.000000 0.000000 1.000000 0.000000
0.986499 0.163767 0.000000 14.175150 -0.163767 0.986499 0.000000 -1.092412 0.000000 0.000000 1.000000 0.000000
0.985043 0.172309 0.000000 14.731619 -0.172309 0.985043 0.000000 -1.184130 0.000000 0.000000 1.000000 0.000000
0.983709 0.179769 0.000000 15.467575 -0.179769 0.983709 0.000000 -1.321563 0.000000 0.000000 1.000000 0.000000
0.982536 0.186073 0.000000 16.024027 -0.186073 0.982536 0.000000 -1.433942 0.000000 0.000000 1.000000 0.000000
0.980898 0.194524 0.000000 16.608570 -0.194524 0.980898 0.000000 -1.547766 0.000000 0.000000 1.000000 0.000000
0.979358 0.202132 0.000000 17.144917 -0.202132 0.979358 0.000000 -1.655706 0.000000 0.000000 1.000000 0.000000
0.977868 0.209225 0.000000 17.688817 -0.209225 0.977868 0.000000 -1.767534 0.000000 0.000000 1.000000 0.000000
0.976549 0.215297 0.000000 18.197744 -0.215297 0.976549 0.000000 -1.875536 0.000000 0.000000 1.000000 0.000000
0.975709 0.219069 0.000000 18.740344 -0.219069 0.975709 0.000000 -1.989848 0.000000 0.000000 1.000000 0.000000
0.975422 0.220345 0.000000 19.250270 -0.220345 0.975422 0.000000 -2.096163 0.000000 0.000000 1.000000 0.000000
0.974191 0.225725 0.000000 19.785637 -0.225725 0.974191 0.000000 -2.215321 0.000000 0.000000 1.000000 0.000000
0.971883 0.235463 0.000000 20.814100 -0.235463 0.971883 0.000000 -2.463897 0.000000 0.000000 1.000000 0.000000
0.970640 0.240536 0.000000 21.299563 -0.240536 0.970640 0.000000 -2.578853 0.000000 0.000000 1.000000 0.000000
0.969164 0.246415 0.000000 21.828222 -0.246415 0.969164 0.000000 -2.703214 0.000000 0.000000 1.000000 0.000000
0.967374 0.253354 0.000000 22.493022 -0.253354 0.967374 0.000000 -2.871730 0.000000 0.000000 1.000000 0.000000
0.965975 0.258635 0.000000 22.975014 -0.258635 0.965975 0.000000 -2.995551 0.000000 0.000000 1.000000 0.000000
0.964259 0.264963 0.000000 23.456133 -0.264963 0.964259 0.000000 -3.122356 0.000000 0.000000 1.000000 0.000000
0.962685 0.270623 0.000000 23.970343 -0.270623 0.962685 0.000000 -3.262971 0.000000 0.000000 1.000000 0.000000
0.961332 0.275392 0.000000 24.453831 -0.275392 0.961332 0.000000 -3.394957 0.000000 0.000000 1.000000 0.000000
0.958924 0.283664 0.000000 25.128771 -0.283664 0.958924 0.000000 -3.590897 0.000000 0.000000 1.000000 0.000000
0.957593 0.288126 0.000000 25.644465 -0.288126 0.957593 0.000000 -3.742746 0.000000 0.000000 1.000000 0.000000
0.956289 0.292423 0.000000 26.159220 -0.292423 0.956289 0.000000 -3.906747 0.000000 0.000000 1.000000 0.000000
0.954660 0.297699 0.000000 26.654713 -0.297699 0.954660 0.000000 -4.066641 0.000000 0.000000 1.000000 0.000000
0.953737 0.300642 0.000000 27.178338 -0.300642 0.953737 0.000000 -4.232076 0.000000 0.000000 1.000000 0.000000
0.953115 0.302608 0.000000 27.696812 -0.302608 0.953115 0.000000 -4.400448 0.000000 0.000000 1.000000 0.000000
0.951361 0.308078 0.000000 28.169718 -0.308078 0.951361 0.000000 -4.555509 0.000000 0.000000 1.000000 0.000000
0.949943 0.312422 0.000000 28.680906 -0.312422 0.949943 0.000000 -4.734476 0.000000 0.000000 1.000000 0.000000
0.948153 0.317815 0.000000 29.165047 -0.317815 0.948153 0.000000 -4.898477 0.000000 0.000000 1.000000 0.000000
0.946005 0.324153 0.000000 29.667116 -0.324153 0.946005 0.000000 -5.064244 0.000000 0.000000 1.000000 0.000000
0.943890 0.330259 0.000000 30.144727 -0.330259 0.943890 0.000000 -5.222721 0.000000 0.000000 1.000000 0.000000
0.941361 0.337400 0.000000 30.650725 -0.337400 0.941361 0.000000 -5.398513 0.000000 0.000000 1.000000 0.000000
0.939047 0.343790 0.000000 31.128441 -0.343790 0.939047 0.000000 -5.563406 0.000000 0.000000 1.000000 0.000000
0.937314 0.348485 0.000000 31.632288 -0.348485 0.937314 0.000000 -5.748356 0.000000 0.000000 1.000000 0.000000
0.935724 0.352734 0.000000 32.090742 -0.352734 0.935724 0.000000 -5.918390 0.000000 0.000000 1.000000 0.000000
0.932333 0.361600 0.000000 32.777131 -0.361600 0.932333 0.000000 -6.183220 0.000000 0.000000 1.000000 0.000000
0.928173 0.372150 0.000000 33.487688 -0.372150 0.928173 0.000000 -6.460350 0.000000 0.000000 1.000000 0.000000
0.925057 0.379828 0.000000 33.975067 -0.379828 0.925057 0.000000 -6.654067 0.000000 0.000000 1.000000 0.000000
0.920110 0.391660 0.000000 34.819913 -0.391660 0.920110 0.000000 -7.009448 0.000000 0.000000 1.000000 0.000000
0.917788 0.397072 0.000000 35.297818 -0.397072 0.917788 0.000000 -7.221123 0.000000 0.000000 1.000000 0.000000
0.916402 0.400260 0.000000 35.769811 -0.400260 0.916402 0.000000 -7.431122 0.000000 0.000000 1.000000 0.000000
0.914308 0.405019 0.000000 36.256708 -0.405019 0.914308 0.000000 -7.646103 0.000000 0.000000 1.000000 0.000000
0.911513 0.411272 0.000000 36.729770 -0.411272 0.911513 0.000000 -7.845741 0.000000 0.000000 1.000000 0.000000
0.909998 0.414612 0.000000 37.236726 -0.414612 0.909998 0.000000 -8.084570 0.000000 0.000000 1.000000 0.000000
0.907733 0.419549 0.000000 37.670514 -0.419549 0.907733 0.000000 -8.288071 0.000000 0.000000 1.000000 0.000000
0.905605 0.424121 0.000000 38.127415 -0.424121 0.905605 0.000000 -8.504719 0.000000 0.000000 1.000000 0.000000
0.904559 0.426349 0.000000 38.580285 -0.426349 0.904559 0.000000 -8.725372 0.000000 0.000000 1.000000 0.000000
0.903430 0.428735 0.000000 39.033092 -0.428735 0.903430 0.000000 -8.939331 0.000000 0.000000 1.000000 0.000000
0.901651 0.432465 0.000000 39.463126 -0.432465 0.901651 0.000000 -9.148696 0.000000 0.000000 1.000000 0.000000
0.900061 0.435763 0.000000 39.900577 -0.435763 0.900061 0.000000 -9.364294 0.000000 0.000000 1.000000 0.000000
0.899223 0.437490 0.000000 40.304486 -0.437490 0.899223 0.000000 -9.571043 0.000000 0.000000 1.000000 0.000000
0.898137 0.439716 0.000000 40.732872 -0.439716 0.898137 0.000000 -9.796180 0.000000 0.000000 1.000000 0.000000
0.896503 0.443038 0.000000 41.127072 -0.443038 0.896503 0.000000 -9.994812 0.000000 0.000000 1.000000 0.000000
0.895997 0.444060 0.000000 41.549780 -0.444060 0.895997 0.000000 -10.211442 0.000000 0.000000 1.000000 0.000000
0.895494 0.445074 0.000000 41.956699 -0.445074 0.895494 0.000000 -10.411607 0.000000 0.000000 1.000000 0.000000
0.895087 0.445892 0.000000 42.356023 -0.445892 0.895087 0.000000 -10.608123 0.000000 0.000000 1.000000 0.000000
0.893254 0.449553 0.000000 42.761389 -0.449553 0.893254 0.000000 -10.790764 0.000000 0.000000 1.000000 0.000000
0.889942 0.456073 0.000000 43.158558 -0.456073 0.889942 0.000000 -10.975709 0.000000 0.000000 1.000000 0.000000
0.887741 0.460344 0.000000 43.543387 -0.460344 0.887741 0.000000 -11.169639 0.000000 0.000000 1.000000 0.000000
0.885014 0.465564 0.000000 43.913832 -0.465564 0.885014 0.000000 -11.359991 0.000000 0.000000 1.000000 0.000000
0.881707 0.471798 0.000000 44.299566 -0.471798 0.881707 0.000000 -11.564098 0.000000 0.000000 1.000000 0.000000
0.876846 0.480771 0.000000 44.849581 -0.480771 0.876846 0.000000 -11.864447 0.000000 0.000000 1.000000 0.000000
0.871859 0.489757 0.000000 45.244288 -0.489757 0.871859 0.000000 -12.087856 0.000000 0.000000 1.000000 0.000000
0.867781 0.496948 0.000000 45.611516 -0.496948 0.867781 0.000000 -12.292384 0.000000 0.000000 1.000000 0.000000
0.864954 0.501851 0.000000 45.974614 -0.501851 0.864954 0.000000 -12.498776 0.000000 0.000000 1.000000 0.000000
0.861545 0.507682 0.000000 46.330312 -0.507682 0.861545 0.000000 -12.700099 0.000000 0.000000 1.000000 0.000000
0.858019 0.513619 0.000000 46.677849 -0.513619 0.858019 0.000000 -12.897609 0.000000 0.000000 1.000000 0.000000
0.855023 0.518590 0.000000 47.012166 -0.518590 0.855023 0.000000 -13.098933 0.000000 0.000000 1.000000 0.000000
0.851551 0.524271 0.000000 47.342499 -0.524271 0.851551 0.000000 -13.302538 0.000000 0.000000 1.000000 0.000000
0.848935 0.528497 0.000000 47.662891 -0.528497 0.848935 0.000000 -13.511686 0.000000 0.000000 1.000000 0.000000
0.847064 0.531491 0.000000 47.980784 -0.531491 0.847064 0.000000 -13.724748 0.000000 0.000000 1.000000 0.000000
0.845498 0.533979 0.000000 48.293213 -0.533979 0.845498 0.000000 -13.932028 0.000000 0.000000 1.000000 0.000000
0.844272 0.535915 0.000000 48.913349 -0.535915 0.844272 0.000000 -14.336339 0.000000 0.000000 1.000000 0.000000
0.843895 0.536508 0.000000 49.210792 -0.536508 0.843895 0.000000 -14.528294 0.000000 0.000000 1.000000 0.000000
0.843470 0.537177 0.000000 49.485206 -0.537177 0.843470 0.000000 -14.706280 0.000000 0.000000 1.000000 0.000000
0.844702 0.535237 0.000000 49.752749 -0.535237 0.844702 0.000000 -14.879717 0.000000 0.000000 1.000000 0.000000
0.845460 0.534039 0.000000 50.039131 -0.534039 0.845460 0.000000 -15.065839 0.000000 0.000000 1.000000 0.000000
0.844145 0.536116 0.000000 50.303233 -0.536116 0.844145 0.000000 -15.230804 0.000000 0.000000 1.000000 0.000000
0.843099 0.537758 0.000000 50.581212 -0.537758 0.843099 0.000000 -15.408791 0.000000 0.000000 1.000000 0.000000
0.842188 0.539183 0.000000 50.836018 -0.539183 0.842188 0.000000 -15.571030 0.000000 0.000000 1.000000 0.000000
0.841895 0.539642 0.000000 51.112344 -0.539642 0.841895 0.000000 -15.738356 0.000000 0.000000 1.000000 0.000000
0.841025 0.540996 0.000000 51.361365 -0.540996 0.841025 0.000000 -15.895340 0.000000 0.000000 1.000000 0.000000
0.839410 0.543499 0.000000 51.609393 -0.543499 0.839410 0.000000 -16.041923 0.000000 0.000000 1.000000 0.000000
0.837538 0.546379 0.000000 51.864840 -0.546379 0.837538 0.000000 -16.198047 0.000000 0.000000 1.000000 0.000000
0.835052 0.550171 0.000000 52.229744 -0.550171 0.835052 0.000000 -16.426517 0.000000 0.000000 1.000000 0.000000
0.832354 0.554245 0.000000 52.497811 -0.554245 0.832354 0.000000 -16.585848 0.000000 0.000000 1.000000 0.000000
0.829014 0.559228 0.000000 52.742478 -0.559228 0.829014 0.000000 -16.736326 0.000000 0.000000 1.000000 0.000000
0.825914 0.563796 0.000000 52.979749 -0.563796 0.825914 0.000000 -16.884840 0.000000 0.000000 1.000000 0.000000
0.822769 0.568376 0.000000 53.214259 -0.568376 0.822769 0.000000 -17.029543 0.000000 0.000000 1.000000 0.000000
0.821075 0.570820 0.000000 53.443625 -0.570820 0.821075 0.000000 -17.180816 0.000000 0.000000 1.000000 0.000000
0.820615 0.571482 0.000000 53.661940 -0.571482 0.820615 0.000000 -17.335619 0.000000 0.000000 1.000000 0.000000
0.821264 0.570549 0.000000 53.876838 -0.570549 0.821264 0.000000 -17.489394 0.000000 0.000000 1.000000 0.000000
0.821769 0.569821 0.000000 54.085807 -0.569821 0.821769 0.000000 -17.642162 0.000000 0.000000 1.000000 0.000000
0.820225 0.572042 0.000000 54.287176 -0.572042 0.820225 0.000000 -17.790264 0.000000 0.000000 1.000000 0.000000
0.814709 0.579870 0.000000 54.686290 -0.579870 0.814709 0.000000 -18.064466 0.000000 0.000000 1.000000 0.000000
0.812357 0.583161 0.000000 54.866657 -0.583161 0.812357 0.000000 -18.188586 0.000000 0.000000 1.000000 0.000000
0.812143 0.583459 0.000000 55.036784 -0.583459 0.812143 0.000000 -18.322569 0.000000 0.000000 1.000000 0.000000
0.812464 0.583011 0.000000 55.211755 -0.583011 0.812464 0.000000 -18.459514 0.000000 0.000000 1.000000 0.000000
0.811926 0.583761 0.000000 55.374452 -0.583761 0.811926 0.000000 -18.579752 0.000000 0.000000 1.000000 0.000000
0.811304 0.584625 0.000000 55.529804 -0.584625 0.811304 0.000000 -18.699296 0.000000 0.000000 1.000000 0.000000
0.810480 0.585767 0.000000 55.695710 -0.585767 0.810480 0.000000 -18.825874 0.000000 0.000000 1.000000 0.000000
0.809219 0.587508 0.000000 55.851835 -0.587508 0.809219 0.000000 -18.938354 0.000000 0.000000 1.000000 0.000000
0.807819 0.589431 0.000000 56.019079 -0.589431 0.807819 0.000000 -19.056767 0.000000 0.000000 1.000000 0.000000
0.804559 0.593872 0.000000 56.337850 -0.593872 0.804559 0.000000 -19.286172 0.000000 0.000000 1.000000 0.000000
0.803466 0.595350 0.000000 56.487050 -0.595350 0.803466 0.000000 -19.393404 0.000000 0.000000 1.000000 0.000000
0.802599 0.596520 0.000000 56.632312 -0.596520 0.802599 0.000000 -19.500993 0.000000 0.000000 1.000000 0.000000
0.800900 0.598798 0.000000 56.877338 -0.598798 0.800900 0.000000 -19.689151 0.000000 0.000000 1.000000 0.000000
0.799301 0.600932 0.000000 57.031421 -0.600932 0.799301 0.000000 -19.811017 0.000000 0.000000 1.000000 0.000000
0.797166 0.603760 0.000000 57.187402 -0.603760 0.797166 0.000000 -19.929503 0.000000 0.000000 1.000000 0.000000
0.796282 0.604926 0.000000 57.342607 -0.604926 0.796282 0.000000 -20.048371 0.000000 0.000000 1.000000 0.000000
0.795998 0.605299 0.000000 57.497873 -0.605299 0.795998 0.000000 -20.165956 0.000000 0.000000 1.000000 0.000000
0.794785 0.606891 0.000000 57.650534 -0.606891 0.794785 0.000000 -20.286386 0.000000 0.000000 1.000000 0.000000
0.793448 0.608638 0.000000 57.805286 -0.608638 0.793448 0.000000 -20.408502 0.000000 0.000000 1.000000 0.000000
0.790004 0.613102 0.000000 58.127117 -0.613102 0.790004 0.000000 -20.661427 0.000000 0.000000 1.000000 0.000000
0.788171 0.615456 0.000000 58.289572 -0.615456 0.788171 0.000000 -20.788314 0.000000 0.000000 1.000000 0.000000
0.786222 0.617945 0.000000 58.457485 -0.617945 0.786222 0.000000 -20.918292 0.000000 0.000000 1.000000 0.000000
0.784560 0.620052 0.000000 58.618182 -0.620052 0.784560 0.000000 -21.045711 0.000000 0.000000 1.000000 0.000000
0.783446 0.621460 0.000000 58.785634 -0.621460 0.783446 0.000000 -21.182800 0.000000 0.000000 1.000000 0.000000
0.781988 0.623293 0.000000 58.946897 -0.623293 0.781988 0.000000 -21.312366 0.000000 0.000000 1.000000 0.000000
0.780189 0.625544 0.000000 59.108976 -0.625544 0.780189 0.000000 -21.442026 0.000000 0.000000 1.000000 0.000000
0.777836 0.628468 0.000000 59.286548 -0.628468 0.777836 0.000000 -21.587331 0.000000 0.000000 1.000000 0.000000
0.774520 0.632549 0.000000 59.458121 -0.632549 0.774520 0.000000 -21.717746 0.000000 0.000000 1.000000 0.000000
0.770811 0.637064 0.000000 59.632433 -0.637064 0.770811 0.000000 -21.849024 0.000000 0.000000 1.000000 0.000000
0.767710 0.640797 0.000000 59.814513 -0.640797 0.767710 0.000000 -21.996906 0.000000 0.000000 1.000000 0.000000
0.765507 0.643428 0.000000 59.989974 -0.643428 0.765507 0.000000 -22.136214 0.000000 0.000000 1.000000 0.000000
0.763524 0.645779 0.000000 60.183955 -0.645779 0.763524 0.000000 -22.293248 0.000000 0.000000 1.000000 0.000000
0.761161 0.648563 0.000000 60.365720 -0.648563 0.761161 0.000000 -22.442526 0.000000 0.000000 1.000000 0.000000
0.758118 0.652118 0.000000 60.562457 -0.652118 0.758118 0.000000 -22.603088 0.000000 0.000000 1.000000 0.000000
0.755293 0.655387 0.000000 60.742740 -0.655387 0.755293 0.000000 -22.757762 0.000000 0.000000 1.000000 0.000000
0.750288 0.661112 0.000000 61.026072 -0.661112 0.750288 0.000000 -22.992378 0.000000 0.000000 1.000000 0.000000
0.747923 0.663785 0.000000 61.211822 -0.663785 0.747923 0.000000 -23.149805 0.000000 0.000000 1.000000 0.000000
0.746360 0.665543 0.000000 61.411465 -0.665543 0.746360 0.000000 -23.328217 0.000000 0.000000 1.000000 0.000000
0.744712 0.667385 0.000000 61.596416 -0.667385 0.744712 0.000000 -23.495566 0.000000 0.000000 1.000000 0.000000
0.741175 0.671312 0.000000 61.986657 -0.671312 0.741175 0.000000 -23.859664 0.000000 0.000000 1.000000 0.000000
0.739438 0.673225 0.000000 62.176200 -0.673225 0.739438 0.000000 -24.036790 0.000000 0.000000 1.000000 0.000000
0.737797 0.675023 0.000000 62.357726 -0.675023 0.737797 0.000000 -24.207634 0.000000 0.000000 1.000000 0.000000
0.736603 0.676325 0.000000 62.554626 -0.676325 0.736603 0.000000 -24.388514 0.000000 0.000000 1.000000 0.000000
0.733432 0.679763 0.000000 62.822540 -0.679763 0.733432 0.000000 -24.635769 0.000000 0.000000 1.000000 0.000000
0.729211 0.684289 0.000000 63.022046 -0.684289 0.729211 0.000000 -24.811148 0.000000 0.000000 1.000000 0.000000
0.725265 0.688470 0.000000 63.210585 -0.688470 0.725265 0.000000 -24.984347 0.000000 0.000000 1.000000 0.000000
0.721858 0.692041 0.000000 63.399873 -0.692041 0.721858 0.000000 -25.162973 0.000000 0.000000 1.000000 0.000000
0.720139 0.693829 0.000000 63.575009 -0.693829 0.720139 0.000000 -25.333889 0.000000 0.000000 1.000000 0.000000
0.717874 0.696173 0.000000 63.748897 -0.696173 0.717874 0.000000 -25.502517 0.000000 0.000000 1.000000 0.000000
0.716134 0.697963 0.000000 63.935024 -0.697963 0.716134 0.000000 -25.685322 0.000000 0.000000 1.000000 0.000000
0.715003 0.699121 0.000000 64.104927 -0.699121 0.715003 0.000000 -25.861902 0.000000 0.000000 1.000000 0.000000
0.712840 0.701327 0.000000 64.276858 -0.701327 0.712840 0.000000 -26.032301 0.000000 0.000000 1.000000 0.000000
0.711350 0.702838 0.000000 64.459176 -0.702838 0.711350 0.000000 -26.215345 0.000000 0.000000 1.000000 0.000000
0.711513 0.702673 0.000000 64.626533 -0.702673 0.711513 0.000000 -26.386918 0.000000 0.000000 1.000000 0.000000
0.711309 0.702880 0.000000 64.857489 -0.702880 0.711309 0.000000 -26.631084 0.000000 0.000000 1.000000 0.000000
0.710156 0.704044 0.000000 65.042912 -0.704044 0.710156 0.000000 -26.823698 0.000000 0.000000 1.000000 0.000000
0.709832 0.704371 0.000000 65.214551 -0.704371 0.709832 0.000000 -27.006645 0.000000 0.000000 1.000000 0.000000
0.709646 0.704559 0.000000 65.380647 -0.704559 0.709646 0.000000 -27.190311 0.000000 0.000000 1.000000 0.000000
0.710333 0.703866 0.000000 65.550189 -0.703866 0.710333 0.000000 -27.370303 0.000000 0.000000 1.000000 0.000000
0.714283 0.699857 0.000000 65.715890 -0.699857 0.714283 0.000000 -27.551013 0.000000 0.000000 1.000000 0.000000
0.716880 0.697197 0.000000 65.885926 -0.697197 0.716880 0.000000 -27.729451 0.000000 0.000000 1.000000 0.000000
0.717605 0.696450 0.000000 66.060499 -0.696450 0.717605 0.000000 -27.894019 0.000000 0.000000 1.000000 0.000000
0.719335 0.694664 0.000000 66.230986 -0.694664 0.719335 0.000000 -28.061891 0.000000 0.000000 1.000000 0.000000
0.719771 0.694211 0.000000 66.385705 -0.694211 0.719771 0.000000 -28.217644 0.000000 0.000000 1.000000 0.000000
0.719903 0.694075 0.000000 66.705469 -0.694075 0.719903 0.000000 -28.535266 0.000000 0.000000 1.000000 0.000000
0.721231 0.692695 0.000000 66.864020 -0.692695 0.721231 0.000000 -28.699324 0.000000 0.000000 1.000000 0.000000
0.722882 0.690971 0.000000 67.019860 -0.690971 0.722882 0.000000 -28.860744 0.000000 0.000000 1.000000 0.000000
0.724121 0.689673 0.000000 67.164567 -0.689673 0.724121 0.000000 -29.004756 0.000000 0.000000 1.000000 0.000000
0.725639 0.688075 0.000000 67.319077 -0.688075 0.725639 0.000000 -29.157191 0.000000 0.000000 1.000000 0.000000
0.725931 0.687767 0.000000 67.464422 -0.687767 0.725931 0.000000 -29.297969 0.000000 0.000000 1.000000 0.000000
0.725898 0.687802 0.000000 67.621618 -0.687802 0.725898 0.000000 -29.445483 0.000000 0.000000 1.000000 0.000000
0.727819 0.685769 0.000000 67.881630 -0.685769 0.727819 0.000000 -29.698016 0.000000 0.000000 1.000000 0.000000
0.729904 0.683550 0.000000 68.027629 -0.683550 0.729904 0.000000 -29.842712 0.000000 0.000000 1.000000 0.000000
0.731966 0.681341 0.000000 68.172684 -0.681341 0.731966 0.000000 -29.986490 0.000000 0.000000 1.000000 0.000000
0.733819 0.679345 0.000000 68.319196 -0.679345 0.733819 0.000000 -30.128658 0.000000 0.000000 1.000000 0.000000
0.736214 0.676749 0.000000 68.461973 -0.676749 0.736214 0.000000 -30.264546 0.000000 0.000000 1.000000 0.000000
0.739134 0.673558 0.000000 68.602288 -0.673558 0.739134 0.000000 -30.403293 0.000000 0.000000 1.000000 0.000000
0.746162 0.665764 0.000000 68.876123 -0.665764 0.746162 0.000000 -30.671485 0.000000 0.000000 1.000000 0.000000
0.749120 0.662435 0.000000 69.002002 -0.662435 0.749120 0.000000 -30.785554 0.000000 0.000000 1.000000 0.000000
0.752173 0.658966 0.000000 69.131600 -0.658966 0.752173 0.000000 -30.899266 0.000000 0.000000 1.000000 0.000000
0.756706 0.653755 0.000000 69.358871 -0.653755 0.756706 0.000000 -31.099540 0.000000 0.000000 1.000000 0.000000
0.762850 0.646575 0.000000 69.650908 -0.646575 0.762850 0.000000 -31.342660 0.000000 0.000000 1.000000 0.000000
0.768097 0.640333 0.000000 69.827248 -0.640333 0.768097 0.000000 -31.486073 0.000000 0.000000 1.000000 0.000000
0.771445 0.636296 0.000000 69.938936 -0.636296 0.771445 0.000000 -31.576239 0.000000 0.000000 1.000000 0.000000
0.779413 0.626510 0.000000 70.157681 -0.626510 0.779413 0.000000 -31.762237 0.000000 0.000000 1.000000 0.000000
0.783076 0.621926 0.000000 70.267343 -0.621926 0.783076 0.000000 -31.851414 0.000000 0.000000 1.000000 0.000000
0.785966 0.618269 0.000000 70.369403 -0.618269 0.785966 0.000000 -31.927548 0.000000 0.000000 1.000000 0.000000
0.788932 0.614481 0.000000 70.472923 -0.614481 0.788932 0.000000 -32.004583 0.000000 0.000000 1.000000 0.000000
0.793672 0.608346 0.000000 70.625873 -0.608346 0.793672 0.000000 -32.120781 0.000000 0.000000 1.000000 0.000000
0.799859 0.600188 0.000000 70.818772 -0.600188 0.799859 0.000000 -32.261250 0.000000 0.000000 1.000000 0.000000
0.803426 0.595405 0.000000 70.914177 -0.595405 0.803426 0.000000 -32.324916 0.000000 0.000000 1.000000 0.000000
0.806971 0.590592 0.000000 71.005946 -0.590592 0.806971 0.000000 -32.386869 0.000000 0.000000 1.000000 0.000000
0.810335 0.585967 0.000000 71.092006 -0.585967 0.810335 0.000000 -32.447069 0.000000 0.000000 1.000000 0.000000
0.813422 0.581673 0.000000 71.181994 -0.581673 0.813422 0.000000 -32.505172 0.000000 0.000000 1.000000 0.000000
0.816371 0.577528 0.000000 71.261244 -0.577528 0.816371 0.000000 -32.556444 0.000000 0.000000 1.000000 0.000000
0.822530 0.568721 0.000000 71.410253 -0.568721 0.822530 0.000000 -32.664277 0.000000 0.000000 1.000000 0.000000
0.825336 0.564642 0.000000 71.476178 -0.564642 0.825336 0.000000 -32.707937 0.000000 0.000000 1.000000 0.000000
0.828043 0.560665 0.000000 71.540027 -0.560665 0.828043 0.000000 -32.750915 0.000000 0.000000 1.000000 0.000000
0.830362 0.557225 0.000000 71.598707 -0.557225 0.830362 0.000000 -32.786762 0.000000 0.000000 1.000000 0.000000
0.832880 0.553454 0.000000 71.657740 -0.553454 0.832880 0.000000 -32.823328 0.000000 0.000000 1.000000 0.000000
0.834181 0.551491 0.000000 71.706927 -0.551491 0.834181 0.000000 -32.850451 0.000000 0.000000 1.000000 0.000000
0.835124 0.550062 0.000000 71.754891 -0.550062 0.835124 0.000000 -32.876110 0.000000 0.000000 1.000000 0.000000
0.836699 0.547662 0.000000 71.823393 -0.547662 0.836699 0.000000 -32.915392 0.000000 0.000000 1.000000 0.000000
0.837661 0.546190 0.000000 71.855702 -0.546190 0.837661 0.000000 -32.933691 0.000000 0.000000 1.000000 0.000000
0.838145 0.545447 0.000000 71.885732 -0.545447 0.838145 0.000000 -32.947434 0.000000 0.000000 1.000000 0.000000
0.838812 0.544421 0.000000 71.911527 -0.544421 0.838812 0.000000 -32.961508 0.000000 0.000000 1.000000 0.000000
0.839975 0.542625 0.000000 71.934655 -0.542625 0.839975 0.000000 -32.976756 0.000000 0.000000 1.000000 0.000000
0.840585 0.541680 0.000000 71.949399 -0.541680 0.840585 0.000000 -32.987595 0.000000 0.000000 1.000000 0.000000
0.840642 0.541591 0.000000 71.962932 -0.541591 0.840642 0.000000 -32.997521 0.000000 0.000000 1.000000 0.000000
0.841280 0.540599 0.000000 71.974474 -0.540599 0.841280 0.000000 -33.008046 0.000000 0.000000 1.000000 0.000000
0.841886 0.539656 0.000000 71.984999 -0.539656 0.841886 0.000000 -33.021475 0.000000 0.000000 1.000000 0.000000
0.841668 0.539996 0.000000 71.988292 -0.539996 0.841668 0.000000 -33.019558 0.000000 0.000000 1.000000 0.000000
0.842232 0.539116 0.000000 71.989652 -0.539116 0.842232 0.000000 -33.021472 0.000000 0.000000 1.000000 0.000000
0.841956 0.539545 0.000000 71.989928 -0.539545 0.841956 0.000000 -33.018506 0.000000 0.000000 1.000000 0.000000
0.841561 0.540162 0.000000 71.991263 -0.540162 0.841561 0.000000 -33.015802 0.000000 0.000000 1.000000 0.000000
0.841511 0.540241 0.000000 71.989288 -0.540241 0.841511 0.000000 -33.014150 0.000000 0.000000 1.000000 0.000000
0.841844 0.539720 0.000000 71.988103 -0.539720 0.841844 0.000000 -33.015033 0.000000 0.000000 1.000000 0.000000
0.842512 0.538677 0.000000 71.986287 -0.538677 0.842512 0.000000 -33.016880 0.000000 0.000000 1.000000 0.000000
0.842324 0.538971 0.000000 71.985490 -0.538971 0.842324 0.000000 -33.016780 0.000000 0.000000 1.000000 0.000000
0.841829 0.539744 0.000000 71.986541 -0.539744 0.841829 0.000000 -33.016399 0.000000 0.000000 1.000000 0.000000
0.841754 0.539861 0.000000 71.987619 -0.539861 0.841754 0.000000 -33.016562 0.000000 0.000000 1.000000 0.000000
0.841775 0.539829 0.000000 71.988253 -0.539829 0.841775 0.000000 -33.016952 0.000000 0.000000 1.000000 0.000000
0.841711 0.539928 0.000000 71.988487 -0.539928 0.841711 0.000000 -33.016675 0.000000 0.000000 1.000000 0.000000
0.841626 0.540061 0.000000 71.988242 -0.540061 0.841626 0.000000 -33.014770 0.000000 0.000000 1.000000 0.000000
0.841501 0.540256 0.000000 71.988595 -0.540256 0.841501 0.000000 -33.011456 0.000000 0.000000 1.000000 0.000000
0.841520 0.540226 0.000000 71.988306 -0.540226 0.841520 0.000000 -33.008883 0.000000 0.000000 1.000000 0.000000
0.841571 0.540146 0.000000 71.987479 -0.540146 0.841571 0.000000 -33.008145 0.000000 0.000000 1.000000 0.000000
0.841628 0.540057 0.000000 71.986690 -0.540057 0.841628 0.000000 -33.007906 0.000000 0.000000 1.000000 0.000000
0.841619 0.540071 0.000000 71.986539 -0.540071 0.841619 0.000000 -33.007491 0.000000 0.000000 1.000000 0.000000
0.841617 0.540074 0.000000 71.986412 -0.540074 0.841617 0.000000 -33.007358 0.000000 0.000000 1.000000 0.000000
0.841628 0.540058 0.000000 71.986237 -0.540058 0.841628 0.000000 -33.007927 0.000000 0.000000 1.000000 0.000000
0.841596 0.540108 0.000000 71.986051 -0.540108 0.841596 0.000000 -33.008485 0.000000 0.000000 1.000000 0.000000
0.841577 0.540137 0.000000 71.985894 -0.540137 0.841577 0.000000 -33.008951 0.000000 0.000000 1.000000 0.000000
0.841536 0.540201 0.000000 71.986322 -0.540201 0.841536 0.000000 -33.009847 0.000000 0.000000 1.000000 0.000000
0.841366 0.540466 0.000000 71.986670 -0.540466 0.841366 0.000000 -33.010884 0.000000 0.000000 1.000000 0.000000
0.841286 0.540590 0.000000 71.987044 -0.540590 0.841286 0.000000 -33.011349 0.000000 0.000000 1.000000 0.000000
0.841300 0.540568 0.000000 71.987281 -0.540568 0.841300 0.000000 -33.011480 0.000000 0.000000 1.000000 0.000000
0.841339 0.540507 0.000000 71.987157 -0.540507 0.841339 0.000000 -33.011675 0.000000 0.000000 1.000000 0.000000
0.841336 0.540512 0.000000 71.987215 -0.540512 0.841336 0.000000 -33.011603 0.000000 0.000000 1.000000 0.000000
0.841322 0.540535 0.000000 71.987429 -0.540535 0.841322 0.000000 -33.011556 0.000000 0.000000 1.000000 0.000000
0.841287 0.540588 0.000000 71.987549 -0.540588 0.841287 0.000000 -33.011489 0.000000 0.000000 1.000000 0.000000
0.841294 0.540577 0.000000 71.987507 -0.540577 0.841294 0.000000 -33.011285 0.000000 0.000000 1.000000 0.000000
0.841198 0.540727 0.000000 71.987726 -0.540727 0.841198 0.000000 -33.011336 0.000000 0.000000 1.000000 0.000000
0.841228 0.540681 0.000000 71.987626 -0.540681 0.841228 0.000000 -33.011338 0.000000 0.000000 1.000000 0.000000
0.841229 0.540680 0.000000 71.987627 -0.540680 0.841229 0.000000 -33.011339 0.000000 0.000000 1.000000 0.000000
0.841217 0.540698 0.000000 71.987586 -0.540698 0.841217 0.000000 -33.011155 0.000000 0.000000 1.000000 0.000000
0.841198 0.540728 0.000000 71.987615 -0.540728 0.841198 0.000000 -33.011012 0.000000 0.000000 1.000000 0.000000
0.841256 0.540637 0.000000 71.987437 -0.540637 0.841256 0.000000 -33.010942 0.000000 0.000000 1.000000 0.000000
0.841477 0.540293 0.000000 71.986767 -0.540293 0.841477 0.000000 -33.010935 0.000000 0.000000 1.000000 0.000000
0.841719 0.539916 0.000000 71.986001 -0.539916 0.841719 0.000000 -33.010240 0.000000 0.000000 1.000000 0.000000
0.841678 0.539979 0.000000 71.985894 -0.539979 0.841678 0.000000 -33.009870 0.000000 0.000000 1.000000 0.000000
0.841640 0.540039 0.000000 71.985726 -0.540039 0.841640 0.000000 -33.009765 0.000000 0.000000 1.000000 0.000000
0.841642 0.540036 0.000000 71.985498 -0.540036 0.841642 0.000000 -33.009644 0.000000 0.000000 1.000000 0.000000
0.841766 0.539843 0.000000 71.984863 -0.539843 0.841766 0.000000 -33.009746 0.000000 0.000000 1.000000 0.000000
0.841813 0.539769 0.000000 71.984521 -0.539769 0.841813 0.000000 -33.009704 0.000000 0.000000 1.000000 0.000000
0.841753 0.539862 0.000000 71.983989 -0.539862 0.841753 0.000000 -33.009274 0.000000 0.000000 1.000000 0.000000
0.841543 0.540191 0.000000 71.984047 -0.540191 0.841543 0.000000 -33.009017 0.000000 0.000000 1.000000 0.000000
0.840995 0.541043 0.000000 71.984849 -0.541043 0.840995 0.000000 -33.007952 0.000000 0.000000 1.000000 0.000000
0.840530 0.541764 0.000000 71.985358 -0.541764 0.840530 0.000000 -33.007671 0.000000 0.000000 1.000000 0.000000
0.839684 0.543075 0.000000 71.986221 -0.543075 0.839684 0.000000 -33.007629 0.000000 0.000000 1.000000 0.000000
0.839740 0.542988 0.000000 71.985348 -0.542988 0.839740 0.000000 -33.009687 0.000000 0.000000 1.000000 0.000000
0.839936 0.542685 0.000000 71.984626 -0.542685 0.839936 0.000000 -33.012403 0.000000 0.000000 1.000000 0.000000
0.840416 0.541941 0.000000 71.983367 -0.541941 0.840416 0.000000 -33.016682 0.000000 0.000000 1.000000 0.000000
0.841871 0.539679 0.000000 71.980862 -0.539679 0.841871 0.000000 -33.023523 0.000000 0.000000 1.000000 0.000000
0.842513 0.538676 0.000000 71.980004 -0.538676 0.842513 0.000000 -33.026694 0.000000 0.000000 1.000000 0.000000
0.842947 0.537996 0.000000 71.978984 -0.537996 0.842947 0.000000 -33.030258 0.000000 0.000000 1.000000 0.000000
0.843206 0.537591 0.000000 71.976313 -0.537591 0.843206 0.000000 -33.033408 0.000000 0.000000 1.000000 0.000000
0.843341 0.537379 0.000000 71.975417 -0.537379 0.843341 0.000000 -33.035670 0.000000 0.000000 1.000000 0.000000
0.843473 0.537172 0.000000 71.974314 -0.537172 0.843473 0.000000 -33.037306 0.000000 0.000000 1.000000 0.000000
0.843524 0.537091 0.000000 71.973987 -0.537091 0.843524 0.000000 -33.038548 0.000000 0.000000 1.000000 0.000000
0.843670 0.536863 0.000000 71.973280 -0.536863 0.843670 0.000000 -33.039826 0.000000 0.000000 1.000000 0.000000
0.843865 0.536555 0.000000 71.970879 -0.536555 0.843865 0.000000 -33.041217 0.000000 0.000000 1.000000 0.000000
0.843984 0.536368 0.000000 71.968168 -0.536368 0.843984 0.000000 -33.042248 0.000000 0.000000 1.000000 0.000000
0.844191 0.536042 0.000000 71.966010 -0.536042 0.844191 0.000000 -33.043244 0.000000 0.000000 1.000000 0.000000
0.844300 0.535870 0.000000 71.965140 -0.535870 0.844300 0.000000 -33.044322 0.000000 0.000000 1.000000 0.000000
0.844551 0.535475 0.000000 71.964337 -0.535475 0.844551 0.000000 -33.045676 0.000000 0.000000 1.000000 0.000000
0.844884 0.534950 0.000000 71.963880 -0.534950 0.844884 0.000000 -33.047257 0.000000 0.000000 1.000000 0.000000
0.845318 0.534264 0.000000 71.963169 -0.534264 0.845318 0.000000 -33.048912 0.000000 0.000000 1.000000 0.000000
0.845890 0.533358 0.000000 71.962754 -0.533358 0.845890 0.000000 -33.050795 0.000000 0.000000 1.000000 0.000000
0.846234 0.532812 0.000000 71.962813 -0.532812 0.846234 0.000000 -33.052056 0.000000 0.000000 1.000000 0.000000
0.846139 0.532962 0.000000 71.963082 -0.532962 0.846139 0.000000 -33.050526 0.000000 0.000000 1.000000 0.000000
0.845483 0.534002 0.000000 71.966485 -0.534002 0.845483 0.000000 -33.048119 0.000000 0.000000 1.000000 0.000000
0.844065 0.536241 0.000000 71.976430 -0.536241 0.844065 0.000000 -33.045224 0.000000 0.000000 1.000000 0.000000
0.843180 0.537631 0.000000 71.983489 -0.537631 0.843180 0.000000 -33.044492 0.000000 0.000000 1.000000 0.000000
0.842322 0.538975 0.000000 71.989755 -0.538975 0.842322 0.000000 -33.043968 0.000000 0.000000 1.000000 0.000000
0.841430 0.540366 0.000000 71.994401 -0.540366 0.841430 0.000000 -33.042680 0.000000 0.000000 1.000000 0.000000
0.840302 0.542118 0.000000 72.000571 -0.542118 0.840302 0.000000 -33.042754 0.000000 0.000000 1.000000 0.000000
0.839313 0.543648 0.000000 72.007458 -0.543648 0.839313 0.000000 -33.043082 0.000000 0.000000 1.000000 0.000000
0.838736 0.544538 0.000000 72.015494 -0.544538 0.838736 0.000000 -33.047690 0.000000 0.000000 1.000000 0.000000
0.838791 0.544454 0.000000 72.022109 -0.544454 0.838791 0.000000 -33.056044 0.000000 0.000000 1.000000 0.000000
0.839198 0.543826 0.000000 72.027602 -0.543826 0.839198 0.000000 -33.067823 0.000000 0.000000 1.000000 0.000000
0.839920 0.542710 0.000000 72.034715 -0.542710 0.839920 0.000000 -33.078712 0.000000 0.000000 1.000000 0.000000
0.840815 0.541323 0.000000 72.040691 -0.541323 0.840815 0.000000 -33.088732 0.000000 0.000000 1.000000 0.000000
0.841642 0.540035 0.000000 72.049274 -0.540035 0.841642 0.000000 -33.098233 0.000000 0.000000 1.000000 0.000000
0.841995 0.539485 0.000000 72.059716 -0.539485 0.841995 0.000000 -33.106375 0.000000 0.000000 1.000000 0.000000
0.841988 0.539496 0.000000 72.072507 -0.539496 0.841988 0.000000 -33.115322 0.000000 0.000000 1.000000 0.000000
0.841737 0.539889 0.000000 72.088315 -0.539889 0.841737 0.000000 -33.123356 0.000000 0.000000 1.000000 0.000000
0.841369 0.540461 0.000000 72.102399 -0.540461 0.841369 0.000000 -33.130951 0.000000 0.000000 1.000000 0.000000
0.841146 0.540808 0.000000 72.117908 -0.540808 0.841146 0.000000 -33.138618 0.000000 0.000000 1.000000 0.000000
0.841415 0.540390 0.000000 72.147101 -0.540390 0.841415 0.000000 -33.154488 0.000000 0.000000 1.000000 0.000000
0.841849 0.539713 0.000000 72.159136 -0.539713 0.841849 0.000000 -33.163434 0.000000 0.000000 1.000000 0.000000
0.842199 0.539168 0.000000 72.169545 -0.539168 0.842199 0.000000 -33.170707 0.000000 0.000000 1.000000 0.000000
0.842980 0.537944 0.000000 72.179952 -0.537944 0.842980 0.000000 -33.181002 0.000000 0.000000 1.000000 0.000000
0.844082 0.536214 0.000000 72.188027 -0.536214 0.844082 0.000000 -33.192119 0.000000 0.000000 1.000000 0.000000
0.845362 0.534195 0.000000 72.195962 -0.534195 0.845362 0.000000 -33.205483 0.000000 0.000000 1.000000 0.000000
0.846040 0.533119 0.000000 72.200762 -0.533119 0.846040 0.000000 -33.214936 0.000000 0.000000 1.000000 0.000000
0.846433 0.532495 0.000000 72.206005 -0.532495 0.846433 0.000000 -33.221927 0.000000 0.000000 1.000000 0.000000
0.846357 0.532616 0.000000 72.211263 -0.532616 0.846357 0.000000 -33.225102 0.000000 0.000000 1.000000 0.000000
0.846013 0.533162 0.000000 72.215338 -0.533162 0.846013 0.000000 -33.226626 0.000000 0.000000 1.000000 0.000000
0.845371 0.534179 0.000000 72.220533 -0.534179 0.845371 0.000000 -33.226212 0.000000 0.000000 1.000000 0.000000
0.844991 0.534780 0.000000 72.221946 -0.534780 0.844991 0.000000 -33.227318 0.000000 0.000000 1.000000 0.000000
0.844891 0.534938 0.000000 72.222576 -0.534938 0.844891 0.000000 -33.228020 0.000000 0.000000 1.000000 0.000000
0.844773 0.535126 0.000000 72.222952 -0.535126 0.844773 0.000000 -33.229545 0.000000 0.000000 1.000000 0.000000
0.845055 0.534680 0.000000 72.221379 -0.534680 0.845055 0.000000 -33.232268 0.000000 0.000000 1.000000 0.000000
0.845616 0.533791 0.000000 72.219058 -0.533791 0.845616 0.000000 -33.233669 0.000000 0.000000 1.000000 0.000000
0.845920 0.533310 0.000000 72.217069 -0.533310 0.845920 0.000000 -33.234066 0.000000 0.000000 1.000000 0.000000
0.845947 0.533267 0.000000 72.216059 -0.533267 0.845947 0.000000 -33.233491 0.000000 0.000000 1.000000 0.000000
0.846079 0.533057 0.000000 72.216537 -0.533057 0.846079 0.000000 -33.233037 0.000000 0.000000 1.000000 0.000000
0.846389 0.532566 0.000000 72.216360 -0.532566 0.846389 0.000000 -33.232464 0.000000 0.000000 1.000000 0.000000
0.846709 0.532057 0.000000 72.215430 -0.532057 0.846709 0.000000 -33.233488 0.000000 0.000000 1.000000 0.000000
0.847521 0.530761 0.000000 72.213835 -0.530761 0.847521 0.000000 -33.235524 0.000000 0.000000 1.000000 0.000000
0.847806 0.530307 0.000000 72.213430 -0.530307 0.847806 0.000000 -33.234320 0.000000 0.000000 1.000000 0.000000
0.848327 0.529472 0.000000 72.212207 -0.529472 0.848327 0.000000 -33.234282 0.000000 0.000000 1.000000 0.000000
0.848809 0.528700 0.000000 72.211700 -0.528700 0.848809 0.000000 -33.233467 0.000000 0.000000 1.000000 0.000000
0.849083 0.528259 0.000000 72.212106 -0.528259 0.849083 0.000000 -33.231100 0.000000 0.000000 1.000000 0.000000
0.849366 0.527805 0.000000 72.212378 -0.527805 0.849366 0.000000 -33.229730 0.000000 0.000000 1.000000 0.000000
0.849474 0.527631 0.000000 72.213255 -0.527631 0.849474 0.000000 -33.228222 0.000000 0.000000 1.000000 0.000000
0.849633 0.527374 0.000000 72.213618 -0.527374 0.849633 0.000000 -33.227468 0.000000 0.000000 1.000000 0.000000
0.849780 0.527137 0.000000 72.213555 -0.527137 0.849780 0.000000 -33.226782 0.000000 0.000000 1.000000 0.000000
0.849950 0.526863 0.000000 72.213473 -0.526863 0.849950 0.000000 -33.227064 0.000000 0.000000 1.000000 0.000000
0.850644 0.525742 0.000000 72.212727 -0.525742 0.850644 0.000000 -33.229189 0.000000 0.000000 1.000000 0.000000
0.850964 0.525223 0.000000 72.212413 -0.525223 0.850964 0.000000 -33.230062 0.000000 0.000000 1.000000 0.000000
0.851403 0.524512 0.000000 72.212040 -0.524512 0.851403 0.000000 -33.230227 0.000000 0.000000 1.000000 0.000000
0.851741 0.523963 0.000000 72.211482 -0.523963 0.851741 0.000000 -33.230535 0.000000 0.000000 1.000000 0.000000
0.851858 0.523773 0.000000 72.212419 -0.523773 0.851858 0.000000 -33.230663 0.000000 0.000000 1.000000 0.000000
0.851400 0.524517 0.000000 72.215263 -0.524517 0.851400 0.000000 -33.229632 0.000000 0.000000 1.000000 0.000000
0.850048 0.526706 0.000000 72.222154 -0.526706 0.850048 0.000000 -33.226639 0.000000 0.000000 1.000000 0.000000
0.848710 0.528858 0.000000 72.230981 -0.528858 0.848710 0.000000 -33.225222 0.000000 0.000000 1.000000 0.000000
0.848108 0.529823 0.000000 72.240350 -0.529823 0.848108 0.000000 -33.226551 0.000000 0.000000 1.000000 0.000000
0.848125 0.529797 0.000000 72.251244 -0.529797 0.848125 0.000000 -33.232530 0.000000 0.000000 1.000000 0.000000
0.848380 0.529388 0.000000 72.262747 -0.529388 0.848380 0.000000 -33.239810 0.000000 0.000000 1.000000 0.000000
