0.999999 0.001100 0.000000 0.595976 -0.001100 0.999999 0.000000 -0.001547 0.000000 0.000000 1.000000 0.000000
0.999996 0.002690 0.000000 1.412990 -0.002690 0.999996 0.000000 -0.011628 0.000000 0.000000 1.000000 0.000000
0.999991 0.004220 0.000000 1.996503 -0.004220 0.999991 0.000000 -0.017069 0.000000 0.000000 1.000000 0.000000
0.999985 0.005527 0.000000 2.558723 -0.005527 0.999985 0.000000 -0.024111 0.000000 0.000000 1.000000 0.000000
0.999955 0.009490 0.000000 3.141696 -0.009490 0.999955 0.000000 -0.022481 0.000000 0.000000 1.000000 0.000000
0.999883 0.015290 0.000000 3.682405 -0.015290 0.999883 0.000000 -0.027227 0.000000 0.000000 1.000000 0.000000
0.999764 0.021745 0.000000 4.253150 -0.021745 0.999764 0.000000 -0.038474 0.000000 0.000000 1.000000 0.000000
0.999608 0.027992 0.000000 4.787493 -0.027992 0.999608 0.000000 -0.053418 0.000000 0.000000 1.000000 0.000000
0.999385 0.035053 0.000000 5.503352 -0.035053 0.999385 0.000000 -0.089777 0.000000 0.000000 1.000000 0.000000
0.999227 0.039316 0.000000 6.072221 -0.039316 0.999227 0.000000 -0.124357 0.000000 0.000000 1.000000 0.000000
0.999043 0.043740 0.000000 6.645642 -0.043740 0.999043 0.000000 -0.151766 0.000000 0.000000 1.000000 0.000000
0.998770 0.049584 0.000000 7.216885 -0.049584 0.998770 0.000000 -0.173952 0.000000 0.000000 1.000000 0.000000
0.998184 0.060233 0.000000 8.349290 -0.060233 0.998184 0.000000 -0.235686 0.000000 0.000000 1.000000 0.000000
0.997866 0.065290 0.000000 8.888080 -0.065290 0.997866 0.000000 -0.257790 0.000000 0.000000 1.000000 0.000000
0.997344 0.072833 0.000000 9.458976 -0.072833 0.997344 0.000000 -0.293607 0.000000 0.000000 1.000000 0.000000
0.996759 0.080446 0.000000 9.992586 -0.080446 0.996759 0.000000 -0.330799 0.000000 0.000000 1.000000 0.000000
0.996140 0.087783 0.000000 10.549373 -0.087783 0.996140 0.000000 -0.375466 0.000000 0.000000 1.000000 0.000000
0.995616 0.093540 0.000000 11.080589 -0.093540 0.995616 0.000000 -0.423361 0.000000 0.000000 1.000000 0.000000
0.995048 0.099398 0.000000 11.652899 -0.099398 0.995048 0.000000 -0.488542 0.000000 0.000000 1.000000 0.000000
0.994355 0.106108 0.000000 12.180514 -0.106108 0.994355 0.000000 -0.547159 0.000000 0.000000 1.000000 0.000000
0.993021 0.117941 0.000000 12.933526 -0.117941 0.993021 0.000000 -0.629446 0.000000 0.000000 1.000000 0.000000
0.991884 0.127149 0.000000 13.500930 -0.127149 0.991884 0.000000 -0.697042 0.000000 0.000000 1.000000 0.000000
0.991108 0.133057 0.000000 14.051402 -0.133057 0.991108 0.000000 -0.772273 0.000000 0.000000 1.000000 0.000000
0.990449 0.137882 0.000000 14.603160 -0.137882 0.990449 0.000000 -0.846862 0.000000 0.000000 1.000000 0.000000
0.989635 0.143607 0.000000 15.168998 -0.143607 0.989635 0.000000 -0.931418 0.000000 0.000000 1.000000 0.000000
0.988683 0.150022 0.000000 15.696058 -0.150022 0.988683 0.000000 -1.011889 0.000000 0.000000 1.000000 0.000000
0.987714 0.156273 0.000000 16.218178 -0.156273 0.987714 0.000000 -1.094172 0.000000 0.000000 1.000000 0.000000
0.986470 0.163945 0.000000 16.780066 -0.163945 0.986470 0.000000 -1.184428 0.000000 0.000000 1.000000 0.000000
0.984880 0.173236 0.000000 17.296300 -0.173236 0.984880 0.000000 -1.277730 0.000000 0.000000 1.000000 0.000000
0.983354 0.181698 0.000000 17.855495 -0.181698 0.983354 0.000000 -1.376001 0.000000 0.000000 1.000000 0.000000
0.981949 0.189146 0.000000 18.591083 -0.189146 0.981949 0.000000 -1.520687 0.000000 0.000000 1.000000 0.000000
0.980711 0.195465 0.000000 19.140406 -0.195465 0.980711 0.000000 -1.637455 0.000000 0.000000 1.000000 0.000000
0.978987 0.203922 0.000000 19.724247 -0.203922 0.978987 0.000000 -1.755561 0.000000 0.000000 1.000000 0.000000
0.977362 0.211573 0.000000 20.265701 -0.211573 0.977362 0.000000 -1.867476 0.000000 0.000000 1.000000 0.000000
0.975818 0.218586 0.000000 20.808762 -0.218586 0.975818 0.000000 -1.986853 0.000000 0.000000 1.000000 0.000000
0.974455 0.224582 0.000000 21.316954 -0.224582 0.974455 0.000000 -2.102032 0.000000 0.000000 1.000000 0.000000
0.973568 0.228399 0.000000 21.863457 -0.228399 0.973568 0.000000 -2.221981 0.000000 0.000000 1.000000 0.000000
0.973288 0.229587 0.000000 22.373097 -0.229587 0.973288 0.000000 -2.330398 0.000000 0.000000 1.000000 0.000000
0.971976 0.235080 0.000000 22.903930 -0.235080 0.971976 0.000000 -2.454339 0.000000 0.000000 1.000000 0.000000
0.969492 0.245123 0.000000 23.929059 -0.245123 0.969492 0.000000 -2.713751 0.000000 0.000000 1.000000 0.000000
0.968146 0.250385 0.000000 24.414607 -0.250385 0.968146 0.000000 -2.836607 0.000000 0.000000 1.000000 0.000000
0.966589 0.256333 0.000000 24.939437 -0.256333 0.966589 0.000000 -2.968693 0.000000 0.000000 1.000000 0.000000
0.964715 0.263298 0.000000 25.604640 -0.263298 0.964715 0.000000 -3.144278 0.000000 0.000000 1.000000 0.000000
0.963302 0.268421 0.000000 26.086710 -0.268421 0.963302 0.000000 -3.269824 0.000000 0.000000 1.000000 0.000000
0.961605 0.274438 0.000000 26.567177 -0.274438 0.961605 0.000000 -3.403033 0.000000 0.000000 1.000000 0.000000
0.959948 0.280179 0.000000 27.078715 -0.280179 0.959948 0.000000 -3.550373 0.000000 0.000000 1.000000 0.000000
0.958610 0.284723 0.000000 27.559562 -0.284723 0.958610 0.000000 -3.691361 0.000000 0.000000 1.000000 0.000000
0.956075 0.293123 0.000000 28.233830 -0.293123 0.956075 0.000000 -3.898368 0.000000 0.000000 1.000000 0.000000
0.954646 0.297743 0.000000 28.747530 -0.297743 0.954646 0.000000 -4.062437 0.000000 0.000000 1.000000 0.000000
0.953318 0.301968 0.000000 29.261718 -0.301968 0.953318 0.000000 -4.236267 0.000000 0.000000 1.000000 0.000000
0.951673 0.307113 0.000000 29.755625 -0.307113 0.951673 0.000000 -4.405318 0.000000 0.000000 1.000000 0.000000
0.950602 0.310413 0.000000 30.271287 -0.310413 0.950602 0.000000 -4.584384 0.000000 0.000000 1.000000 0.000000
0.950087 0.311984 0.000000 30.786031 -0.311984 0.950087 0.000000 -4.756828 0.000000 0.000000 1.000000 0.000000
0.948303 0.317368 0.000000 31.258108 -0.317368 0.948303 0.000000 -4.916171 0.000000 0.000000 1.000000 0.000000
0.946836 0.321717 0.000000 31.764469 -0.321717 0.946836 0.000000 -5.095468 0.000000 0.000000 1.000000 0.000000
0.944952 0.327208 0.000000 32.241214 -0.327208 0.944952 0.000000 -5.263337 0.000000 0.000000 1.000000 0.000000
0.942714 0.333603 0.000000 32.744374 -0.333603 0.942714 0.000000 -5.433936 0.000000 0.000000 1.000000 0.000000
0.940502 0.339787 0.000000 33.222121 -0.339787 0.940502 0.000000 -5.603303 0.000000 0.000000 1.000000 0.000000
0.937885 0.346947 0.000000 33.725349 -0.346947 0.937885 0.000000 -5.784596 0.000000 0.000000 1.000000 0.000000
0.935528 0.353253 0.000000 34.202360 -0.353253 0.935528 0.000000 -5.953038 0.000000 0.000000 1.000000 0.000000
0.933735 0.357964 0.000000 34.703908 -0.357964 0.933735 0.000000 -6.146443 0.000000 0.000000 1.000000 0.000000
0.932119 0.362151 0.000000 35.157619 -0.362151 0.932119 0.000000 -6.321092 0.000000 0.000000 1.000000 0.000000
0.928644 0.370972 0.000000 35.840659 -0.370972 0.928644 0.000000 -6.594410 0.000000 0.000000 1.000000 0.000000
0.924368 0.381503 0.000000 36.546453 -0.381503 0.924368 0.000000 -6.878527 0.000000 0.000000 1.000000 0.000000
0.921180 0.389136 0.000000 37.032107 -0.389136 0.921180 0.000000 -7.077398 0.000000 0.000000 1.000000 0.000000
0.916118 0.400908 0.000000 37.869521 -0.400908 0.916118 0.000000 -7.446766 0.000000 0.000000 1.000000 0.000000
0.913841 0.406072 0.000000 38.346034 -0.406072 0.913841 0.000000 -7.667185 0.000000 0.000000 1.000000 0.000000
0.912509 0.409058 0.000000 38.819057 -0.409058 0.912509 0.000000 -7.884997 0.000000 0.000000 1.000000 0.000000
0.910672 0.413131 0.000000 39.299847 -0.413131 0.910672 0.000000 -8.101704 0.000000 0.000000 1.000000 0.000000
0.907905 0.419176 0.000000 39.774786 -0.419176 0.907905 0.000000 -8.311225 0.000000 0.000000 1.000000 0.000000
0.906507 0.422192 0.000000 40.276358 -0.422192 0.906507 0.000000 -8.547924 0.000000 0.000000 1.000000 0.000000
0.904329 0.426836 0.000000 40.708037 -0.426836 0.904329 0.000000 -8.754623 0.000000 0.000000 1.000000 0.000000
0.902232 0.431252 0.000000 41.164033 -0.431252 0.902232 0.000000 -8.976194 0.000000 0.000000 1.000000 0.000000
0.901209 0.433384 0.000000 41.612793 -0.433384 0.901209 0.000000 -9.198249 0.000000 0.000000 1.000000 0.000000
0.900047 0.435792 0.000000 42.064117 -0.435792 0.900047 0.000000 -9.417801 0.000000 0.000000 1.000000 0.000000
0.898123 0.439745 0.000000 42.494955 -0.439745 0.898123 0.000000 -9.630705 0.000000 0.000000 1.000000 0.000000
0.896360 0.443326 0.000000 42.929039 -0.443326 0.896360 0.000000 -9.850624 0.000000 0.000000 1.000000 0.000000
0.895356 0.445350 0.000000 43.329924 -0.445350 0.895356 0.000000 -10.062299 0.000000 0.000000 1.000000 0.000000
0.894215 0.447637 0.000000 43.760021 -0.447637 0.894215 0.000000 -10.288737 0.000000 0.000000 1.000000 0.000000
0.892411 0.451224 0.000000 44.152342 -0.451224 0.892411 0.000000 -10.487902 0.000000 0.000000 1.000000 0.000000
0.891859 0.452313 0.000000 44.575615 -0.452313 0.891859 0.000000 -10.708105 0.000000 0.000000 1.000000 0.000000
0.891325 0.453364 0.000000 44.984248 -0.453364 0.891325 0.000000 -10.911420 0.000000 0.000000 1.000000 0.000000
0.890845 0.454307 0.000000 45.385189 -0.454307 0.890845 0.000000 -11.107789 0.000000 0.000000 1.000000 0.000000
0.888891 0.458118 0.000000 45.785857 -0.458118 0.888891 0.000000 -11.295721 0.000000 0.000000 1.000000 0.000000
0.885433 0.464767 0.000000 46.182308 -0.464767 0.885433 0.000000 -11.488276 0.000000 0.000000 1.000000 0.000000
0.883166 0.469060 0.000000 46.564910 -0.469060 0.883166 0.000000 -11.682121 0.000000 0.000000 1.000000 0.000000
0.880501 0.474045 0.000000 46.937201 -0.474045 0.880501 0.000000 -11.875176 0.000000 0.000000 1.000000 0.000000
0.877121 0.480270 0.000000 47.323821 -0.480270 0.877121 0.000000 -12.082958 0.000000 0.000000 1.000000 0.000000
0.872327 0.488922 0.000000 47.866623 -0.488922 0.872327 0.000000 -12.392193 0.000000 0.000000 1.000000 0.000000
0.867329 0.497735 0.000000 48.254990 -0.497735 0.867329 0.000000 -12.618542 0.000000 0.000000 1.000000 0.000000
0.863129 0.504983 0.000000 48.614811 -0.504983 0.863129 0.000000 -12.830412 0.000000 0.000000 1.000000 0.000000
0.860386 0.509644 0.000000 48.973561 -0.509644 0.860386 0.000000 -13.046298 0.000000 0.000000 1.000000 0.000000
0.857195 0.514993 0.000000 49.325271 -0.514993 0.857195 0.000000 -13.253945 0.000000 0.000000 1.000000 0.000000
0.853862 0.520500 0.000000 49.672816 -0.520500 0.853862 0.000000 -13.458027 0.000000 0.000000 1.000000 0.000000
0.851121 0.524969 0.000000 50.003602 -0.524969 0.851121 0.000000 -13.667153 0.000000 0.000000 1.000000 0.000000
0.847836 0.530259 0.000000 50.329762 -0.530259 0.847836 0.000000 -13.876630 0.000000 0.000000 1.000000 0.000000
0.845240 0.534386 0.000000 50.647601 -0.534386 0.845240 0.000000 -14.089580 0.000000 0.000000 1.000000 0.000000
0.843398 0.537290 0.000000 50.962708 -0.537290 0.843398 0.000000 -14.309018 0.000000 0.000000 1.000000 0.000000
0.841748 0.539871 0.000000 51.271209 -0.539871 0.841748 0.000000 -14.518709 0.000000 0.000000 1.000000 0.000000
0.840368 0.542016 0.000000 51.885797 -0.542016 0.840368 0.000000 -14.924822 0.000000 0.000000 1.000000 0.000000
0.839878 0.542776 0.000000 52.181620 -0.542776 0.839878 0.000000 -15.114141 0.000000 0.000000 1.000000 0.000000
0.839374 0.543554 0.000000 52.460229 -0.543554 0.839374 0.000000 -15.293252 0.000000 0.000000 1.000000 0.000000
0.840294 0.542130 0.000000 52.731019 -0.542130 0.840294 0.000000 -15.470503 0.000000 0.000000 1.000000 0.000000
0.840958 0.541100 0.000000 53.019120 -0.541100 0.840958 0.000000 -15.656723 0.000000 0.000000 1.000000 0.000000
0.839409 0.543500 0.000000 53.283373 -0.543500 0.839409 0.000000 -15.825043 0.000000 0.000000 1.000000 0.000000
0.838181 0.545393 0.000000 53.562966 -0.545393 0.838181 0.000000 -16.007139 0.000000 0.000000 1.000000 0.000000
0.837041 0.547140 0.000000 53.820360 -0.547140 0.837041 0.000000 -16.174709 0.000000 0.000000 1.000000 0.000000
0.836551 0.547888 0.000000 54.097928 -0.547888 0.836551 0.000000 -16.345397 0.000000 0.000000 1.000000 0.000000
0.835617 0.549313 0.000000 54.346699 -0.549313 0.835617 0.000000 -16.503538 0.000000 0.000000 1.000000 0.000000
0.833914 0.551894 0.000000 54.590536 -0.551894 0.833914 0.000000 -16.650639 0.000000 0.000000 1.000000 0.000000
0.831999 0.554778 0.000000 54.843641 -0.554778 0.831999 0.000000 -16.807530 0.000000 0.000000 1.000000 0.000000
0.829384 0.558679 0.000000 55.212236 -0.558679 0.829384 0.000000 -17.041258 0.000000 0.000000 1.000000 0.000000
0.826772 0.562538 0.000000 55.481916 -0.562538 0.826772 0.000000 -17.206955 0.000000 0.000000 1.000000 0.000000
0.823313 0.567587 0.000000 55.723236 -0.567587 0.823313 0.000000 -17.363181 0.000000 0.000000 1.000000 0.000000
0.820198 0.572079 0.000000 55.956049 -0.572079 0.820198 0.000000 -17.516052 0.000000 0.000000 1.000000 0.000000
0.816999 0.576638 0.000000 56.184501 -0.576638 0.816999 0.000000 -17.667234 0.000000 0.000000 1.000000 0.000000
0.815187 0.579198 0.000000 56.406584 -0.579198 0.815187 0.000000 -17.824957 0.000000 0.000000 1.000000 0.000000
0.814871 0.579643 0.000000 56.622275 -0.579643 0.814871 0.000000 -17.983458 0.000000 0.000000 1.000000 0.000000
0.815541 0.578699 0.000000 56.835489 -0.578699 0.815541 0.000000 -18.144275 0.000000 0.000000 1.000000 0.000000
0.816303 0.577624 0.000000 57.043637 -0.577624 0.816303 0.000000 -18.298982 0.000000 0.000000 1.000000 0.000000
0.814916 0.579578 0.000000 57.238542 -0.579578 0.814916 0.000000 -18.450437 0.000000 0.000000 1.000000 0.000000
0.809570 0.587023 0.000000 57.629586 -0.587023 0.809570 0.000000 -18.728719 0.000000 0.000000 1.000000 0.000000
0.807254 0.590204 0.000000 57.807697 -0.590204 0.807254 0.000000 -18.856724 0.000000 0.000000 1.000000 0.000000
0.807062 0.590467 0.000000 57.972478 -0.590467 0.807062 0.000000 -18.993241 0.000000 0.000000 1.000000 0.000000
0.807326 0.590106 0.000000 58.146560 -0.590106 0.807326 0.000000 -19.134193 0.000000 0.000000 1.000000 0.000000
0.806733 0.590915 0.000000 58.306471 -0.590915 0.806733 0.000000 -19.257791 0.000000 0.000000 1.000000 0.000000
0.806014 0.591897 0.000000 58.457362 -0.591897 0.806014 0.000000 -19.376611 0.000000 0.000000 1.000000 0.000000
0.805179 0.593032 0.000000 58.621909 -0.593032 0.805179 0.000000 -19.502905 0.000000 0.000000 1.000000 0.000000
0.803833 0.594854 0.000000 58.774352 -0.594854 0.803833 0.000000 -19.615994 0.000000 0.000000 1.000000 0.000000
0.802447 0.596723 0.000000 58.938831 -0.596723 0.802447 0.000000 -19.735484 0.000000 0.000000 1.000000 0.000000
0.799154 0.601127 0.000000 59.255145 -0.601127 0.799154 0.000000 -19.967435 0.000000 0.000000 1.000000 0.000000
0.798065 0.602572 0.000000 59.405133 -0.602572 0.798065 0.000000 -20.077807 0.000000 0.000000 1.000000 0.000000
0.797185 0.603735 0.000000 59.552606 -0.603735 0.797185 0.000000 -20.185356 0.000000 0.000000 1.000000 0.000000
0.795450 0.606020 0.000000 59.800600 -0.606020 0.795450 0.000000 -20.372466 0.000000 0.000000 1.000000 0.000000
0.793815 0.608160 0.000000 59.953305 -0.608160 0.793815 0.000000 -20.493491 0.000000 0.000000 1.000000 0.000000
0.791635 0.610995 0.000000 60.107935 -0.610995 0.791635 0.000000 -20.612879 0.000000 0.000000 1.000000 0.000000
0.790655 0.612262 0.000000 60.262794 -0.612262 0.790655 0.000000 -20.734731 0.000000 0.000000 1.000000 0.000000
0.790512 0.612446 0.000000 60.418657 -0.612446 0.790512 0.000000 -20.852438 0.000000 0.000000 1.000000 0.000000
0.789339 0.613957 0.000000 60.570188 -0.613957 0.789339 0.000000 -20.973874 0.000000 0.000000 1.000000 0.000000
0.788103 0.615544 0.000000 60.723527 -0.615544 0.788103 0.000000 -21.095482 0.000000 0.000000 1.000000 0.000000
0.784667 0.619918 0.000000 61.043398 -0.619918 0.784667 0.000000 -21.351614 0.000000 0.000000 1.000000 0.000000
0.782848 0.622213 0.000000 61.204092 -0.622213 0.782848 0.000000 -21.481062 0.000000 0.000000 1.000000 0.000000
0.780898 0.624659 0.000000 61.370446 -0.624659 0.780898 0.000000 -21.614304 0.000000 0.000000 1.000000 0.000000
0.779145 0.626843 0.000000 61.527896 -0.626843 0.779145 0.000000 -21.744315 0.000000 0.000000 1.000000 0.000000
0.777953 0.628322 0.000000 61.692860 -0.628322 0.777953 0.000000 -21.882278 0.000000 0.000000 1.000000 0.000000
0.776477 0.630145 0.000000 61.855733 -0.630145 0.776477 0.000000 -22.015979 0.000000 0.000000 1.000000 0.000000
0.774630 0.632414 0.000000 62.016642 -0.632414 0.774630 0.000000 -22.149327 0.000000 0.000000 1.000000 0.000000
0.772288 0.635272 0.000000 62.191344 -0.635272 0.772288 0.000000 -22.294234 0.000000 0.000000 1.000000 0.000000
0.768985 0.639267 0.000000 62.364197 -0.639267 0.768985 0.000000 -22.427535 0.000000 0.000000 1.000000 0.000000
0.765288 0.643688 0.000000 62.538942 -0.643688 0.765288 0.000000 -22.563718 0.000000 0.000000 1.000000 0.000000
0.762125 0.647430 0.000000 62.723584 -0.647430 0.762125 0.000000 -22.717016 0.000000 0.000000 1.000000 0.000000
0.759992 0.649933 0.000000 62.898527 -0.649933 0.759992 0.000000 -22.862329 0.000000 0.000000 1.000000 0.000000
0.757981 0.652276 0.000000 63.091397 -0.652276 0.757981 0.000000 -23.020853 0.000000 0.000000 1.000000 0.000000
0.755646 0.654980 0.000000 63.270066 -0.654980 0.755646 0.000000 -23.173074 0.000000 0.000000 1.000000 0.000000
0.752462 0.658635 0.000000 63.463842 -0.658635 0.752462 0.000000 -23.339250 0.000000 0.000000 1.000000 0.000000
0.749666 0.661816 0.000000 63.644122 -0.661816 0.749666 0.000000 -23.497208 0.000000 0.000000 1.000000 0.000000
0.744695 0.667405 0.000000 63.922924 -0.667405 0.744695 0.000000 -23.735046 0.000000 0.000000 1.000000 0.000000
0.742407 0.669949 0.000000 64.102218 -0.669949 0.742407 0.000000 -23.899778 0.000000 0.000000 1.000000 0.000000
0.740969 0.671540 0.000000 64.295704 -0.671540 0.740969 0.000000 -24.080488 0.000000 0.000000 1.000000 0.000000
0.739402 0.673264 0.000000 64.475841 -0.673264 0.739402 0.000000 -24.250003 0.000000 0.000000 1.000000 0.000000
0.735808 0.677190 0.000000 64.860558 -0.677190 0.735808 0.000000 -24.621370 0.000000 0.000000 1.000000 0.000000
0.734050 0.679096 0.000000 65.049035 -0.679096 0.734050 0.000000 -24.802421 0.000000 0.000000 1.000000 0.000000
0.732323 0.680958 0.000000 65.231176 -0.680958 0.732323 0.000000 -24.974854 0.000000 0.000000 1.000000 0.000000
0.730953 0.682428 0.000000 65.428467 -0.682428 0.730953 0.000000 -25.158861 0.000000 0.000000 1.000000 0.000000
0.727902 0.685681 0.000000 65.695228 -0.685681 0.727902 0.000000 -25.405804 0.000000 0.000000 1.000000 0.000000
0.723608 0.690211 0.000000 65.894449 -0.690211 0.723608 0.000000 -25.581451 0.000000 0.000000 1.000000 0.000000
0.719580 0.694409 0.000000 66.080332 -0.694409 0.719580 0.000000 -25.759818 0.000000 0.000000 1.000000 0.000000
0.715881 0.698222 0.000000 66.269520 -0.698222 0.715881 0.000000 -25.946030 0.000000 0.000000 1.000000 0.000000
0.714086 0.700058 0.000000 66.439969 -0.700058 0.714086 0.000000 -26.122684 0.000000 0.000000 1.000000 0.000000
0.711800 0.702382 0.000000 66.614125 -0.702382 0.711800 0.000000 -26.296002 0.000000 0.000000 1.000000 0.000000
0.709975 0.704227 0.000000 66.796829 -0.704227 0.709975 0.000000 -26.481143 0.000000 0.000000 1.000000 0.000000
0.708907 0.705302 0.000000 66.965705 -0.705302 0.708907 0.000000 -26.661587 0.000000 0.000000 1.000000 0.000000
0.706837 0.707376 0.000000 67.135114 -0.707376 0.706837 0.000000 -26.837475 0.000000 0.000000 1.000000 0.000000
0.705464 0.708746 0.000000 67.314676 -0.708746 0.705464 0.000000 -27.025961 0.000000 0.000000 1.000000 0.000000
0.705723 0.708487 0.000000 67.476748 -0.708487 0.705723 0.000000 -27.202914 0.000000 0.000000 1.000000 0.000000
0.705706 0.708505 0.000000 67.704032 -0.708505 0.705706 0.000000 -27.447693 0.000000 0.000000 1.000000 0.000000
0.704599 0.709605 0.000000 67.888441 -0.709605 0.704599 0.000000 -27.643360 0.000000 0.000000 1.000000 0.000000
0.704204 0.709998 0.000000 68.057411 -0.709998 0.704204 0.000000 -27.827902 0.000000 0.000000 1.000000 0.000000
0.703964 0.710236 0.000000 68.224810 -0.710236 0.703964 0.000000 -28.013908 0.000000 0.000000 1.000000 0.000000
0.704428 0.709775 0.000000 68.392493 -0.709775 0.704428 0.000000 -28.196991 0.000000 0.000000 1.000000 0.000000
0.708273 0.705939 0.000000 68.557248 -0.705939 0.708273 0.000000 -28.380757 0.000000 0.000000 1.000000 0.000000
0.710976 0.703216 0.000000 68.727932 -0.703216 0.710976 0.000000 -28.560779 0.000000 0.000000 1.000000 0.000000
0.711537 0.702649 0.000000 68.900499 -0.702649 0.711537 0.000000 -28.728164 0.000000 0.000000 1.000000 0.000000
0.713198 0.700963 0.000000 69.068413 -0.700963 0.713198 0.000000 -28.897438 0.000000 0.000000 1.000000 0.000000
0.713688 0.700464 0.000000 69.223991 -0.700464 0.713688 0.000000 -29.053500 0.000000 0.000000 1.000000 0.000000
0.713783 0.700366 0.000000 69.542255 -0.700366 0.713783 0.000000 -29.374161 0.000000 0.000000 1.000000 0.000000
0.715095 0.699027 0.000000 69.701631 -0.699027 0.715095 0.000000 -29.540042 0.000000 0.000000 1.000000 0.000000
0.716829 0.697249 0.000000 69.860015 -0.697249 0.716829 0.000000 -29.703489 0.000000 0.000000 1.000000 0.000000
0.718078 0.695963 0.000000 70.003202 -0.695963 0.718078 0.000000 -29.849345 0.000000 0.000000 1.000000 0.000000
0.719585 0.694404 0.000000 70.155737 -0.694404 0.719585 0.000000 -30.000468 0.000000 0.000000 1.000000 0.000000
0.719909 0.694068 0.000000 70.298852 -0.694068 0.719909 0.000000 -30.140854 0.000000 0.000000 1.000000 0.000000
0.719848 0.694132 0.000000 70.451893 -0.694132 0.719848 0.000000 -30.288695 0.000000 0.000000 1.000000 0.000000
0.721706 0.692200 0.000000 70.708755 -0.692200 0.721706 0.000000 -30.543322 0.000000 0.000000 1.000000 0.000000
0.723830 0.689978 0.000000 70.854094 -0.689978 0.723830 0.000000 -30.689878 0.000000 0.000000 1.000000 0.000000
0.726044 0.687648 0.000000 70.998764 -0.687648 0.726044 0.000000 -30.838049 0.000000 0.000000 1.000000 0.000000
0.727925 0.685657 0.000000 71.143222 -0.685657 0.727925 0.000000 -30.984980 0.000000 0.000000 1.000000 0.000000
0.730347 0.683076 0.000000 71.284699 -0.683076 0.730347 0.000000 -31.125683 0.000000 0.000000 1.000000 0.000000
0.733273 0.679935 0.000000 71.423538 -0.679935 0.733273 0.000000 -31.268977 0.000000 0.000000 1.000000 0.000000
0.740335 0.672239 0.000000 71.697099 -0.672239 0.740335 0.000000 -31.540908 0.000000 0.000000 1.000000 0.000000
0.743357 0.668895 0.000000 71.820331 -0.668895 0.743357 0.000000 -31.656318 0.000000 0.000000 1.000000 0.000000
0.746525 0.665358 0.000000 71.948234 -0.665358 0.746525 0.000000 -31.772257 0.000000 0.000000 1.000000 0.000000
0.751339 0.659916 0.000000 72.176730 -0.659916 0.751339 0.000000 -31.976989 0.000000 0.000000 1.000000 0.000000
0.757279 0.653091 0.000000 72.468942 -0.653091 0.757279 0.000000 -32.228340 0.000000 0.000000 1.000000 0.000000
0.762703 0.646749 0.000000 72.645061 -0.646749 0.762703 0.000000 -32.372873 0.000000 0.000000 1.000000 0.000000
0.766130 0.642685 0.000000 72.758651 -0.642685 0.766130 0.000000 -32.463977 0.000000 0.000000 1.000000 0.000000
0.774217 0.632920 0.000000 72.973243 -0.632920 0.774217 0.000000 -32.649054 0.000000 0.000000 1.000000 0.000000
0.777964 0.628308 0.000000 73.082129 -0.628308 0.777964 0.000000 -32.738999 0.000000 0.000000 1.000000 0.000000
0.780930 0.624618 0.000000 73.185583 -0.624618 0.780930 0.000000 -32.818398 0.000000 0.000000 1.000000 0.000000
0.783951 0.620823 0.000000 73.288050 -0.620823 0.783951 0.000000 -32.894953 0.000000 0.000000 1.000000 0.000000
0.788846 0.614591 0.000000 73.442821 -0.614591 0.788846 0.000000 -33.014905 0.000000 0.000000 1.000000 0.000000
0.795115 0.606459 0.000000 73.633450 -0.606459 0.795115 0.000000 -33.160116 0.000000 0.000000 1.000000 0.000000
0.798799 0.601599 0.000000 73.726807 -0.601599 0.798799 0.000000 -33.225066 0.000000 0.000000 1.000000 0.000000
0.802325 0.596887 0.000000 73.815181 -0.596887 0.802325 0.000000 -33.291488 0.000000 0.000000 1.000000 0.000000
0.805611 0.592445 0.000000 73.899702 -0.592445 0.805611 0.000000 -33.357118 0.000000 0.000000 1.000000 0.000000
0.808628 0.588320 0.000000 73.990719 -0.588320 0.808628 0.000000 -33.418769 0.000000 0.000000 1.000000 0.000000
0.811557 0.584273 0.000000 74.072284 -0.584273 0.811557 0.000000 -33.474022 0.000000 0.000000 1.000000 0.000000
0.817752 0.575571 0.000000 74.222564 -0.575571 0.817752 0.000000 -33.587889 0.000000 0.000000 1.000000 0.000000
0.820547 0.571580 0.000000 74.288831 -0.571580 0.820547 0.000000 -33.636669 0.000000 0.000000 1.000000 0.000000
0.823239 0.567695 0.000000 74.354234 -0.567695 0.823239 0.000000 -33.683263 0.000000 0.000000 1.000000 0.000000
0.825530 0.564358 0.000000 74.412655 -0.564358 0.825530 0.000000 -33.723679 0.000000 0.000000 1.000000 0.000000
0.828042 0.560665 0.000000 74.471024 -0.560665 0.828042 0.000000 -33.759113 0.000000 0.000000 1.000000 0.000000
0.829310 0.558788 0.000000 74.516165 -0.558788 0.829310 0.000000 -33.786247 0.000000 0.000000 1.000000 0.000000
0.830253 0.557386 0.000000 74.563687 -0.557386 0.830253 0.000000 -33.812852 0.000000 0.000000 1.000000 0.000000
0.831850 0.555001 0.000000 74.629538 -0.555001 0.831850 0.000000 -33.853540 0.000000 0.000000 1.000000 0.000000
0.832859 0.553486 0.000000 74.660868 -0.553486 0.832859 0.000000 -33.873693 0.000000 0.000000 1.000000 0.000000
0.833339 0.552762 0.000000 74.691351 -0.552762 0.833339 0.000000 -33.891456 0.000000 0.000000 1.000000 0.000000
0.834011 0.551748 0.000000 74.714924 -0.551748 0.834011 0.000000 -33.906531 0.000000 0.000000 1.000000 0.000000
0.835134 0.550047 0.000000 74.736158 -0.550047 0.835134 0.000000 -33.921488 0.000000 0.000000 1.000000 0.000000
0.835725 0.549148 0.000000 74.751821 -0.549148 0.835725 0.000000 -33.933681 0.000000 0.000000 1.000000 0.000000
0.835778 0.549067 0.000000 74.768224 -0.549067 0.835778 0.000000 -33.945252 0.000000 0.000000 1.000000 0.000000
0.836481 0.547995 0.000000 74.780481 -0.547995 0.836481 0.000000 -33.957204 0.000000 0.000000 1.000000 0.000000
0.837289 0.546760 0.000000 74.795797 -0.546760 0.837289 0.000000 -33.971188 0.000000 0.000000 1.000000 0.000000
0.837113 0.547030 0.000000 74.799696 -0.547030 0.837113 0.000000 -33.968801 0.000000 0.000000 1.000000 0.000000
0.837724 0.546094 0.000000 74.800870 -0.546094 0.837724 0.000000 -33.970142 0.000000 0.000000 1.000000 0.000000
0.837470 0.546483 0.000000 74.799853 -0.546483 0.837470 0.000000 -33.967960 0.000000 0.000000 1.000000 0.000000
0.837014 0.547181 0.000000 74.799149 -0.547181 0.837014 0.000000 -33.967371 0.000000 0.000000 1.000000 0.000000
0.836911 0.547339 0.000000 74.798116 -0.547339 0.836911 0.000000 -33.966849 0.000000 0.000000 1.000000 0.000000
0.837160 0.546958 0.000000 74.797307 -0.546958 0.837160 0.000000 -33.968865 0.000000 0.000000 1.000000 0.000000
0.837829 0.545933 0.000000 74.796468 -0.545933 0.837829 0.000000 -33.971027 0.000000 0.000000 1.000000 0.000000
0.837629 0.546239 0.000000 74.796310 -0.546239 0.837629 0.000000 -33.971343 0.000000 0.000000 1.000000 0.000000
0.837066 0.547102 0.000000 74.797527 -0.547102 0.837066 0.000000 -33.969975 0.000000 0.000000 1.000000 0.000000
0.836978 0.547237 0.000000 74.797387 -0.547237 0.836978 0.000000 -33.969725 0.000000 0.000000 1.000000 0.000000
0.836971 0.547247 0.000000 74.797146 -0.547247 0.836971 0.000000 -33.969415 0.000000 0.000000 1.000000 0.000000
0.836928 0.547314 0.000000 74.796765 -0.547314 0.836928 0.000000 -33.969020 0.000000 0.000000 1.000000 0.000000
0.836866 0.547407 0.000000 74.796855 -0.547407 0.836866 0.000000 -33.966560 0.000000 0.000000 1.000000 0.000000
0.836770 0.547554 0.000000 74.797477 -0.547554 0.836770 0.000000 -33.962908 0.000000 0.000000 1.000000 0.000000
0.836803 0.547504 0.000000 74.797794 -0.547504 0.836803 0.000000 -33.960055 0.000000 0.000000 1.000000 0.000000
0.836853 0.547427 0.000000 74.797570 -0.547427 0.836853 0.000000 -33.959443 0.000000 0.000000 1.000000 0.000000
0.836883 0.547382 0.000000 74.797759 -0.547382 0.836883 0.000000 -33.959183 0.000000 0.000000 1.000000 0.000000
0.836853 0.547427 0.000000 74.797865 -0.547427 0.836853 0.000000 -33.958978 0.000000 0.000000 1.000000 0.000000
0.836847 0.547437 0.000000 74.797849 -0.547437 0.836847 0.000000 -33.959113 0.000000 0.000000 1.000000 0.000000
0.836869 0.547403 0.000000 74.797577 -0.547403 0.836869 0.000000 -33.960661 0.000000 0.000000 1.000000 0.000000
0.836849 0.547434 0.000000 74.797320 -0.547434 0.836849 0.000000 -33.961370 0.000000 0.000000 1.000000 0.000000
0.836830 0.547462 0.000000 74.797157 -0.547462 0.836830 0.000000 -33.961839 0.000000 0.000000 1.000000 0.000000
0.836772 0.547551 0.000000 74.797392 -0.547551 0.836772 0.000000 -33.962342 0.000000 0.000000 1.000000 0.000000
0.836592 0.547827 0.000000 74.797703 -0.547827 0.836592 0.000000 -33.962914 0.000000 0.000000 1.000000 0.000000
0.836531 0.547920 0.000000 74.797873 -0.547920 0.836531 0.000000 -33.962586 0.000000 0.000000 1.000000 0.000000
0.836526 0.547927 0.000000 74.798619 -0.547927 0.836526 0.000000 -33.962032 0.000000 0.000000 1.000000 0.000000
0.836580 0.547844 0.000000 74.799545 -0.547844 0.836580 0.000000 -33.961890 0.000000 0.000000 1.000000 0.000000
0.836585 0.547837 0.000000 74.799623 -0.547837 0.836585 0.000000 -33.961859 0.000000 0.000000 1.000000 0.000000
0.836566 0.547867 0.000000 74.799696 -0.547867 0.836566 0.000000 -33.961812 0.000000 0.000000 1.000000 0.000000
0.836525 0.547929 0.000000 74.799701 -0.547929 0.836525 0.000000 -33.961731 0.000000 0.000000 1.000000 0.000000
0.836532 0.547919 0.000000 74.799661 -0.547919 0.836532 0.000000 -33.961523 0.000000 0.000000 1.000000 0.000000
0.836477 0.548002 0.000000 74.799672 -0.548002 0.836477 0.000000 -33.961602 0.000000 0.000000 1.000000 0.000000
0.836479 0.547999 0.000000 74.799777 -0.547999 0.836479 0.000000 -33.961088 0.000000 0.000000 1.000000 0.000000
0.836515 0.547944 0.000000 74.799988 -0.547944 0.836515 0.000000 -33.960509 0.000000 0.000000 1.000000 0.000000
0.836512 0.547949 0.000000 74.800022 -0.547949 0.836512 0.000000 -33.960146 0.000000 0.000000 1.000000 0.000000
0.836493 0.547978 0.000000 74.800051 -0.547978 0.836493 0.000000 -33.959998 0.000000 0.000000 1.000000 0.000000
0.836549 0.547892 0.000000 74.799866 -0.547892 0.836549 0.000000 -33.959891 0.000000 0.000000 1.000000 0.000000
0.836762 0.547567 0.000000 74.799021 -0.547567 0.836762 0.000000 -33.959906 0.000000 0.000000 1.000000 0.000000
0.837001 0.547201 0.000000 74.797976 -0.547201 0.837001 0.000000 -33.959530 0.000000 0.000000 1.000000 0.000000
0.836960 0.547264 0.000000 74.797870 -0.547264 0.836960 0.000000 -33.959158 0.000000 0.000000 1.000000 0.000000
0.836921 0.547324 0.000000 74.797885 -0.547324 0.836921 0.000000 -33.958444 0.000000 0.000000 1.000000 0.000000
0.836931 0.547308 0.000000 74.797796 -0.547308 0.836931 0.000000 -33.958428 0.000000 0.000000 1.000000 0.000000
0.837052 0.547123 0.000000 74.797225 -0.547123 0.837052 0.000000 -33.958596 0.000000 0.000000 1.000000 0.000000
0.837128 0.547006 0.000000 74.796614 -0.547006 0.837128 0.000000 -33.958457 0.000000 0.000000 1.000000 0.000000
0.837075 0.547088 0.000000 74.795714 -0.547088 0.837075 0.000000 -33.958362 0.000000 0.000000 1.000000 0.000000
0.836877 0.547391 0.000000 74.794537 -0.547391 0.836877 0.000000 -33.957731 0.000000 0.000000 1.000000 0.000000
0.836358 0.548184 0.000000 74.794019 -0.548184 0.836358 0.000000 -33.956661 0.000000 0.000000 1.000000 0.000000
0.835935 0.548829 0.000000 74.793384 -0.548829 0.835935 0.000000 -33.955994 0.000000 0.000000 1.000000 0.000000
0.835124 0.550062 0.000000 74.793893 -0.550062 0.835124 0.000000 -33.956759 0.000000 0.000000 1.000000 0.000000
0.835251 0.549869 0.000000 74.793290 -0.549869 0.835251 0.000000 -33.959374 0.000000 0.000000 1.000000 0.000000
0.835507 0.549480 0.000000 74.793174 -0.549480 0.835507 0.000000 -33.963154 0.000000 0.000000 1.000000 0.000000
0.835964 0.548784 0.000000 74.793051 -0.548784 0.835964 0.000000 -33.969078 0.000000 0.000000 1.000000 0.000000
0.837420 0.546561 0.000000 74.790033 -0.546561 0.837420 0.000000 -33.976775 0.000000 0.000000 1.000000 0.000000
0.838034 0.545617 0.000000 74.789214 -0.545617 0.838034 0.000000 -33.980836 0.000000 0.000000 1.000000 0.000000
0.838440 0.544994 0.000000 74.788523 -0.544994 0.838440 0.000000 -33.984819 0.000000 0.000000 1.000000 0.000000
0.838670 0.544639 0.000000 74.786235 -0.544639 0.838670 0.000000 -33.987311 0.000000 0.000000 1.000000 0.000000
0.838803 0.544436 0.000000 74.785064 -0.544436 0.838803 0.000000 -33.988288 0.000000 0.000000 1.000000 0.000000
0.838924 0.544249 0.000000 74.783646 -0.544249 0.838924 0.000000 -33.988883 0.000000 0.000000 1.000000 0.000000
0.838939 0.544225 0.000000 74.783222 -0.544225 0.838939 0.000000 -33.988797 0.000000 0.000000 1.000000 0.000000
0.839051 0.544053 0.000000 74.783094 -0.544053 0.839051 0.000000 -33.989131 0.000000 0.000000 1.000000 0.000000
0.839198 0.543826 0.000000 74.781307 -0.543826 0.839198 0.000000 -33.989800 0.000000 0.000000 1.000000 0.000000
0.839290 0.543684 0.000000 74.779248 -0.543684 0.839290 0.000000 -33.989944 0.000000 0.000000 1.000000 0.000000
0.839408 0.543501 0.000000 74.778060 -0.543501 0.839408 0.000000 -33.989783 0.000000 0.000000 1.000000 0.000000
0.839445 0.543445 0.000000 74.777231 -0.543445 0.839445 0.000000 -33.989395 0.000000 0.000000 1.000000 0.000000
0.839618 0.543177 0.000000 74.775924 -0.543177 0.839618 0.000000 -33.989289 0.000000 0.000000 1.000000 0.000000
0.839995 0.542594 0.000000 74.774801 -0.542594 0.839995 0.000000 -33.989979 0.000000 0.000000 1.000000 0.000000
0.840445 0.541897 0.000000 74.773793 -0.541897 0.840445 0.000000 -33.990023 0.000000 0.000000 1.000000 0.000000
0.841031 0.540987 0.000000 74.773170 -0.540987 0.841031 0.000000 -33.990789 0.000000 0.000000 1.000000 0.000000
0.841369 0.540462 0.000000 74.772906 -0.540462 0.841369 0.000000 -33.991878 0.000000 0.000000 1.000000 0.000000
0.841260 0.540631 0.000000 74.772601 -0.540631 0.841260 0.000000 -33.990713 0.000000 0.000000 1.000000 0.000000
0.840606 0.541646 0.000000 74.775929 -0.541646 0.840606 0.000000 -33.989331 0.000000 0.000000 1.000000 0.000000
0.839196 0.543829 0.000000 74.785287 -0.543829 0.839196 0.000000 -33.987237 0.000000 0.000000 1.000000 0.000000
0.838360 0.545117 0.000000 74.791425 -0.545117 0.838360 0.000000 -33.989638 0.000000 0.000000 1.000000 0.000000
0.837583 0.546310 0.000000 74.796945 -0.546310 0.837583 0.000000 -33.991070 0.000000 0.000000 1.000000 0.000000
0.836755 0.547578 0.000000 74.801528 -0.547578 0.836755 0.000000 -33.992959 0.000000 0.000000 1.000000 0.000000
0.835702 0.549184 0.000000 74.804901 -0.549184 0.835702 0.000000 -33.994713 0.000000 0.000000 1.000000 0.000000
0.834737 0.550649 0.000000 74.811751 -0.550649 0.834737 0.000000 -33.997562 0.000000 0.000000 1.000000 0.000000
0.834177 0.551497 0.000000 74.818014 -0.551497 0.834177 0.000000 -34.002192 0.000000 0.000000 1.000000 0.000000
0.834214 0.551441 0.000000 74.823818 -0.551441 0.834214 0.000000 -34.010640 0.000000 0.000000 1.000000 0.000000
0.834608 0.550845 0.000000 74.828493 -0.550845 0.834608 0.000000 -34.020685 0.000000 0.000000 1.000000 0.000000
0.835314 0.549773 0.000000 74.836118 -0.549773 0.835314 0.000000 -34.030953 0.000000 0.000000 1.000000 0.000000
0.836212 0.548407 0.000000 74.841072 -0.548407 0.836212 0.000000 -34.041074 0.000000 0.000000 1.000000 0.000000
0.837070 0.547096 0.000000 74.849708 -0.547096 0.837070 0.000000 -34.050472 0.000000 0.000000 1.000000 0.000000
0.837475 0.546476 0.000000 74.860164 -0.546476 0.837475 0.000000 -34.059295 0.000000 0.000000 1.000000 0.000000
0.837503 0.546433 0.000000 74.873029 -0.546433 0.837503 0.000000 -34.068845 0.000000 0.000000 1.000000 0.000000
0.837255 0.546812 0.000000 74.888902 -0.546812 0.837255 0.000000 -34.077698 0.000000 0.000000 1.000000 0.000000
0.836901 0.547355 0.000000 74.903933 -0.547355 0.836901 0.000000 -34.083339 0.000000 0.000000 1.000000 0.000000
0.836592 0.547826 0.000000 74.921495 -0.547826 0.836592 0.000000 -34.091825 0.000000 0.000000 1.000000 0.000000
0.836795 0.547516 0.000000 74.951868 -0.547516 0.836795 0.000000 -34.108917 0.000000 0.000000 1.000000 0.000000
0.837227 0.546856 0.000000 74.963742 -0.546856 0.837227 0.000000 -34.116915 0.000000 0.000000 1.000000 0.000000
0.837548 0.546364 0.000000 74.974694 -0.546364 0.837548 0.000000 -34.123204 0.000000 0.000000 1.000000 0.000000
0.838294 0.545219 0.000000 74.985379 -0.545219 0.838294 0.000000 -34.133228 0.000000 0.000000 1.000000 0.000000
0.839388 0.543533 0.000000 74.994155 -0.543533 0.839388 0.000000 -34.144296 0.000000 0.000000 1.000000 0.000000
0.840696 0.541508 0.000000 75.002299 -0.541508 0.840696 0.000000 -34.157788 0.000000 0.000000 1.000000 0.000000
0.841356 0.540481 0.000000 75.007670 -0.540481 0.841356 0.000000 -34.169122 0.000000 0.000000 1.000000 0.000000
0.841739 0.539885 0.000000 75.011731 -0.539885 0.841739 0.000000 -34.174999 0.000000 0.000000 1.000000 0.000000
0.841648 0.540027 0.000000 75.017701 -0.540027 0.841648 0.000000 -34.176517 0.000000 0.000000 1.000000 0.000000
0.841266 0.540621 0.000000 75.022774 -0.540621 0.841266 0.000000 -34.177051 0.000000 0.000000 1.000000 0.000000
0.840598 0.541659 0.000000 75.029897 -0.541659 0.840598 0.000000 -34.175119 0.000000 0.000000 1.000000 0.000000
0.840180 0.542307 0.000000 75.033628 -0.542307 0.840180 0.000000 -34.175516 0.000000 0.000000 1.000000 0.000000
0.840041 0.542524 0.000000 75.035871 -0.542524 0.840041 0.000000 -34.176202 0.000000 0.000000 1.000000 0.000000
0.839883 0.542768 0.000000 75.037196 -0.542768 0.839883 0.000000 -34.176482 0.000000 0.000000 1.000000 0.000000
0.840127 0.542390 0.000000 75.036776 -0.542390 0.840127 0.000000 -34.177985 0.000000 0.000000 1.000000 0.000000
0.840677 0.541536 0.000000 75.034620 -0.541536 0.840677 0.000000 -34.179114 0.000000 0.000000 1.000000 0.000000
0.840991 0.541049 0.000000 75.032502 -0.541049 0.840991 0.000000 -34.179035 0.000000 0.000000 1.000000 0.000000
0.841088 0.540899 0.000000 75.031476 -0.540899 0.841088 0.000000 -34.177398 0.000000 0.000000 1.000000 0.000000
0.841251 0.540645 0.000000 75.031271 -0.540645 0.841251 0.000000 -34.175771 0.000000 0.000000 1.000000 0.000000
0.841590 0.540117 0.000000 75.031115 -0.540117 0.841590 0.000000 -34.175247 0.000000 0.000000 1.000000 0.000000
0.841898 0.539637 0.000000 75.030371 -0.539637 0.841898 0.000000 -34.175442 0.000000 0.000000 1.000000 0.000000
0.842668 0.538433 0.000000 75.029049 -0.538433 0.842668 0.000000 -34.177017 0.000000 0.000000 1.000000 0.000000
0.842883 0.538097 0.000000 75.028765 -0.538097 0.842883 0.000000 -34.175757 0.000000 0.000000 1.000000 0.000000
0.843340 0.537381 0.000000 75.027717 -0.537381 0.843340 0.000000 -34.175351 0.000000 0.000000 1.000000 0.000000
0.843711 0.536798 0.000000 75.027267 -0.536798 0.843711 0.000000 -34.174806 0.000000 0.000000 1.000000 0.000000
0.843934 0.536447 0.000000 75.027740 -0.536447 0.843934 0.000000 -34.173865 0.000000 0.000000 1.000000 0.000000
0.844229 0.535982 0.000000 75.027446 -0.535982 0.844229 0.000000 -34.173735 0.000000 0.000000 1.000000 0.000000
0.844366 0.535767 0.000000 75.027644 -0.535767 0.844366 0.000000 -34.173416 0.000000 0.000000 1.000000 0.000000
0.844519 0.535525 0.000000 75.027311 -0.535525 0.844519 0.000000 -34.173756 0.000000 0.000000 1.000000 0.000000
0.844710 0.535224 0.000000 75.026686 -0.535224 0.844710 0.000000 -34.174118 0.000000 0.000000 1.000000 0.000000
0.844869 0.534974 0.000000 75.026496 -0.534974 0.844869 0.000000 -34.174699 0.000000 0.000000 1.000000 0.000000
0.845528 0.533931 0.000000 75.025922 -0.533931 0.845528 0.000000 -34.177365 0.000000 0.000000 1.000000 0.000000
0.845869 0.533390 0.000000 75.025551 -0.533390 0.845869 0.000000 -34.178681 0.000000 0.000000 1.000000 0.000000
0.846274 0.532747 0.000000 75.024918 -0.532747 0.846274 0.000000 -34.179234 0.000000 0.000000 1.000000 0.000000
0.846621 0.532197 0.000000 75.024143 -0.532197 0.846621 0.000000 -34.180014 0.000000 0.000000 1.000000 0.000000
0.846762 0.531972 0.000000 75.024358 -0.531972 0.846762 0.000000 -34.180577 0.000000 0.000000 1.000000 0.000000
0.846370 0.532596 0.000000 75.027216 -0.532596 0.846370 0.000000 -34.180679 0.000000 0.000000 1.000000 0.000000
