0.999989 0.004756 0.000000 0.585680 -0.004756 0.999989 0.000000 -0.004956 0.000000 0.000000 1.000000 0.000000
0.999964 0.008459 0.000000 1.729932 -0.008459 0.999964 0.000000 -0.024914 0.000000 0.000000 1.000000 0.000000
0.999951 0.009860 0.000000 2.319079 -0.009860 0.999951 0.000000 -0.033775 0.000000 0.000000 1.000000 0.000000
0.999935 0.011430 0.000000 3.125527 -0.011430 0.999935 0.000000 -0.050628 0.000000 0.000000 1.000000 0.000000
0.999928 0.011992 0.000000 3.705371 -0.011992 0.999928 0.000000 -0.061312 0.000000 0.000000 1.000000 0.000000
0.999921 0.012540 0.000000 4.293878 -0.012540 0.999921 0.000000 -0.071396 0.000000 0.000000 1.000000 0.000000
0.999913 0.013182 0.000000 4.886200 -0.013182 0.999913 0.000000 -0.085049 0.000000 0.000000 1.000000 0.000000
0.999903 0.013943 0.000000 5.436200 -0.013943 0.999903 0.000000 -0.102707 0.000000 0.000000 1.000000 0.000000
0.999890 0.014800 0.000000 6.020919 -0.014800 0.999890 0.000000 -0.121810 0.000000 0.000000 1.000000 0.000000
0.999879 0.015575 0.000000 6.565628 -0.015575 0.999879 0.000000 -0.130358 0.000000 0.000000 1.000000 0.000000
0.999864 0.016505 0.000000 7.143281 -0.016505 0.999864 0.000000 -0.135489 0.000000 0.000000 1.000000 0.000000
0.999848 0.017421 0.000000 7.704394 -0.017421 0.999848 0.000000 -0.145115 0.000000 0.000000 1.000000 0.000000
0.999835 0.018154 0.000000 8.271051 -0.018154 0.999835 0.000000 -0.158997 0.000000 0.000000 1.000000 0.000000
0.999799 0.020034 0.000000 8.849917 -0.020034 0.999799 0.000000 -0.172460 0.000000 0.000000 1.000000 0.000000
0.999753 0.022228 0.000000 9.603759 -0.022228 0.999753 0.000000 -0.193589 0.000000 0.000000 1.000000 0.000000
0.999723 0.023541 0.000000 10.223506 -0.023541 0.999723 0.000000 -0.214323 0.000000 0.000000 1.000000 0.000000
0.999688 0.024981 0.000000 10.765973 -0.024981 0.999688 0.000000 -0.219246 0.000000 0.000000 1.000000 0.000000
0.999631 0.027163 0.000000 11.379975 -0.027163 0.999631 0.000000 -0.223058 0.000000 0.000000 1.000000 0.000000
0.999595 0.028474 0.000000 11.955326 -0.028474 0.999595 0.000000 -0.237286 0.000000 0.000000 1.000000 0.000000
0.999537 0.030417 0.000000 12.533151 -0.030417 0.999537 0.000000 -0.256206 0.000000 0.000000 1.000000 0.000000
0.999455 0.033020 0.000000 13.110758 -0.033020 0.999455 0.000000 -0.276111 0.000000 0.000000 1.000000 0.000000
0.999387 0.035009 0.000000 13.688861 -0.035009 0.999387 0.000000 -0.299232 0.000000 0.000000 1.000000 0.000000
0.999323 0.036801 0.000000 14.265270 -0.036801 0.999323 0.000000 -0.320706 0.000000 0.000000 1.000000 0.000000
0.999264 0.038351 0.000000 14.842319 -0.038351 0.999264 0.000000 -0.344943 0.000000 0.000000 1.000000 0.000000
0.999164 0.040880 0.000000 15.413257 -0.040880 0.999164 0.000000 -0.372191 0.000000 0.000000 1.000000 0.000000
0.999103 0.042336 0.000000 15.984148 -0.042336 0.999103 0.000000 -0.405371 0.000000 0.000000 1.000000 0.000000
0.999016 0.044346 0.000000 16.526209 -0.044346 0.999016 0.000000 -0.439932 0.000000 0.000000 1.000000 0.000000
0.998891 0.047084 0.000000 17.092196 -0.047084 0.998891 0.000000 -0.476708 0.000000 0.000000 1.000000 0.000000
0.998881 0.047285 0.000000 18.183614 -0.047285 0.998881 0.000000 -0.541056 0.000000 0.000000 1.000000 0.000000
0.998973 0.045310 0.000000 19.115664 -0.045310 0.998973 0.000000 -0.606434 0.000000 0.000000 1.000000 0.000000
0.998991 0.044909 0.000000 19.678134 -0.044909 0.998991 0.000000 -0.645773 0.000000 0.000000 1.000000 0.000000
0.998916 0.046555 0.000000 20.242897 -0.046555 0.998916 0.000000 -0.682903 0.000000 0.000000 1.000000 0.000000
0.998952 0.045764 0.000000 20.808461 -0.045764 0.998952 0.000000 -0.727652 0.000000 0.000000 1.000000 0.000000
0.999090 0.042646 0.000000 21.371873 -0.042646 0.999090 0.000000 -0.770066 0.000000 0.000000 1.000000 0.000000
0.998934 0.046162 0.000000 21.971490 -0.046162 0.998934 0.000000 -0.799623 0.000000 0.000000 1.000000 0.000000
0.998509 0.054591 0.000000 22.531781 -0.054591 0.998509 0.000000 -0.834922 0.000000 0.000000 1.000000 0.000000
0.998136 0.061026 0.000000 23.661937 -0.061026 0.998136 0.000000 -0.938540 0.000000 0.000000 1.000000 0.000000
0.998127 0.061175 0.000000 24.222800 -0.061175 0.998127 0.000000 -0.993819 0.000000 0.000000 1.000000 0.000000
0.998072 0.062059 0.000000 24.786788 -0.062059 0.998072 0.000000 -1.051998 0.000000 0.000000 1.000000 0.000000
0.998133 0.061076 0.000000 25.312544 -0.061076 0.998133 0.000000 -1.104415 0.000000 0.000000 1.000000 0.000000
0.998079 0.061960 0.000000 25.875306 -0.061960 0.998079 0.000000 -1.148554 0.000000 0.000000 1.000000 0.000000
0.997862 0.065349 0.000000 26.772522 -0.065349 0.997862 0.000000 -1.224283 0.000000 0.000000 1.000000 0.000000
0.997831 0.065835 0.000000 27.372670 -0.065835 0.997831 0.000000 -1.271575 0.000000 0.000000 1.000000 0.000000
0.997822 0.065959 0.000000 27.929528 -0.065959 0.997822 0.000000 -1.311707 0.000000 0.000000 1.000000 0.000000
0.997812 0.066114 0.000000 28.492823 -0.066114 0.997812 0.000000 -1.356513 0.000000 0.000000 1.000000 0.000000
0.997764 0.066838 0.000000 29.057627 -0.066838 0.997764 0.000000 -1.399976 0.000000 0.000000 1.000000 0.000000
0.997682 0.068045 0.000000 29.622131 -0.068045 0.997682 0.000000 -1.444512 0.000000 0.000000 1.000000 0.000000
0.997647 0.068555 0.000000 30.182752 -0.068555 0.997647 0.000000 -1.496314 0.000000 0.000000 1.000000 0.000000
0.997647 0.068566 0.000000 30.752570 -0.068566 0.997647 0.000000 -1.544770 0.000000 0.000000 1.000000 0.000000
0.997499 0.070675 0.000000 31.313141 -0.070675 0.997499 0.000000 -1.587659 0.000000 0.000000 1.000000 0.000000
0.997389 0.072210 0.000000 31.838797 -0.072210 0.997389 0.000000 -1.634375 0.000000 0.000000 1.000000 0.000000
0.997013 0.077237 0.000000 32.782343 -0.077237 0.997013 0.000000 -1.711652 0.000000 0.000000 1.000000 0.000000
0.996742 0.080652 0.000000 33.342966 -0.080652 0.996742 0.000000 -1.761791 0.000000 0.000000 1.000000 0.000000
0.996616 0.082201 0.000000 33.904062 -0.082201 0.996616 0.000000 -1.808582 0.000000 0.000000 1.000000 0.000000
0.996471 0.083943 0.000000 34.461720 -0.083943 0.996471 0.000000 -1.853026 0.000000 0.000000 1.000000 0.000000
0.996317 0.085748 0.000000 35.020834 -0.085748 0.996317 0.000000 -1.900880 0.000000 0.000000 1.000000 0.000000
0.996225 0.086811 0.000000 35.580856 -0.086811 0.996225 0.000000 -1.956523 0.000000 0.000000 1.000000 0.000000
0.996153 0.087630 0.000000 36.175245 -0.087630 0.996153 0.000000 -2.012715 0.000000 0.000000 1.000000 0.000000
0.996171 0.087429 0.000000 36.697235 -0.087429 0.996171 0.000000 -2.059165 0.000000 0.000000 1.000000 0.000000
0.996235 0.086690 0.000000 37.247937 -0.086690 0.996235 0.000000 -2.106862 0.000000 0.000000 1.000000 0.000000
0.996149 0.087672 0.000000 37.804742 -0.087672 0.996149 0.000000 -2.145722 0.000000 0.000000 1.000000 0.000000
0.995901 0.090448 0.000000 38.357840 -0.090448 0.995901 0.000000 -2.190869 0.000000 0.000000 1.000000 0.000000
0.995769 0.091894 0.000000 38.876075 -0.091894 0.995769 0.000000 -2.237474 0.000000 0.000000 1.000000 0.000000
0.995756 0.092036 0.000000 39.428576 -0.092036 0.995756 0.000000 -2.289093 0.000000 0.000000 1.000000 0.000000
0.995845 0.091069 0.000000 39.948035 -0.091069 0.995845 0.000000 -2.338248 0.000000 0.000000 1.000000 0.000000
0.995887 0.090607 0.000000 40.902525 -0.090607 0.995887 0.000000 -2.440178 0.000000 0.000000 1.000000 0.000000
0.995753 0.092062 0.000000 41.450685 -0.092062 0.995753 0.000000 -2.493042 0.000000 0.000000 1.000000 0.000000
0.995679 0.092860 0.000000 42.001445 -0.092860 0.995679 0.000000 -2.544037 0.000000 0.000000 1.000000 0.000000
0.995353 0.096288 0.000000 43.093055 -0.096288 0.995353 0.000000 -2.632371 0.000000 0.000000 1.000000 0.000000
0.994994 0.099934 0.000000 43.665561 -0.099934 0.994994 0.000000 -2.700360 0.000000 0.000000 1.000000 0.000000
0.994961 0.100264 0.000000 44.155338 -0.100264 0.994961 0.000000 -2.752437 0.000000 0.000000 1.000000 0.000000
0.994923 0.100641 0.000000 45.178444 -0.100641 0.994923 0.000000 -2.863696 0.000000 0.000000 1.000000 0.000000
0.994898 0.100883 0.000000 45.706639 -0.100883 0.994898 0.000000 -2.920989 0.000000 0.000000 1.000000 0.000000
0.994938 0.100494 0.000000 46.219685 -0.100494 0.994938 0.000000 -2.968892 0.000000 0.000000 1.000000 0.000000
0.994843 0.101430 0.000000 46.708233 -0.101430 0.994843 0.000000 -3.016471 0.000000 0.000000 1.000000 0.000000
0.994845 0.101402 0.000000 47.601903 -0.101402 0.994845 0.000000 -3.122410 0.000000 0.000000 1.000000 0.000000
0.994699 0.102831 0.000000 48.105033 -0.102831 0.994699 0.000000 -3.175898 0.000000 0.000000 1.000000 0.000000
0.994156 0.107951 0.000000 48.603193 -0.107951 0.994156 0.000000 -3.220431 0.000000 0.000000 1.000000 0.000000
0.993804 0.111149 0.000000 49.092571 -0.111149 0.993804 0.000000 -3.271888 0.000000 0.000000 1.000000 0.000000
0.993710 0.111987 0.000000 49.573652 -0.111987 0.993710 0.000000 -3.324312 0.000000 0.000000 1.000000 0.000000
0.993465 0.114141 0.000000 50.046924 -0.114141 0.993465 0.000000 -3.370601 0.000000 0.000000 1.000000 0.000000
0.993128 0.117037 0.000000 50.520640 -0.117037 0.993128 0.000000 -3.423896 0.000000 0.000000 1.000000 0.000000
0.992857 0.119309 0.000000 51.228219 -0.119309 0.992857 0.000000 -3.519841 0.000000 0.000000 1.000000 0.000000
0.992910 0.118865 0.000000 51.652863 -0.118865 0.992910 0.000000 -3.572166 0.000000 0.000000 1.000000 0.000000
0.993006 0.118067 0.000000 52.102865 -0.118067 0.993006 0.000000 -3.624958 0.000000 0.000000 1.000000 0.000000
0.993036 0.117808 0.000000 52.541236 -0.117808 0.993036 0.000000 -3.673788 0.000000 0.000000 1.000000 0.000000
0.993162 0.116742 0.000000 52.960790 -0.116742 0.993162 0.000000 -3.726600 0.000000 0.000000 1.000000 0.000000
0.993420 0.114529 0.000000 53.386714 -0.114529 0.993420 0.000000 -3.782035 0.000000 0.000000 1.000000 0.000000
0.993422 0.114510 0.000000 54.114739 -0.114510 0.993422 0.000000 -3.861780 0.000000 0.000000 1.000000 0.000000
0.993249 0.116002 0.000000 54.498352 -0.116002 0.993249 0.000000 -3.900980 0.000000 0.000000 1.000000 0.000000
0.993122 0.117083 0.000000 54.930800 -0.117083 0.993122 0.000000 -3.948584 0.000000 0.000000 1.000000 0.000000
0.993007 0.118059 0.000000 55.328816 -0.118059 0.993007 0.000000 -3.995044 0.000000 0.000000 1.000000 0.000000
0.992865 0.119241 0.000000 55.723847 -0.119241 0.992865 0.000000 -4.042449 0.000000 0.000000 1.000000 0.000000
0.992696 0.120647 0.000000 56.110111 -0.120647 0.992696 0.000000 -4.092580 0.000000 0.000000 1.000000 0.000000
0.992669 0.120865 0.000000 56.486397 -0.120865 0.992669 0.000000 -4.153601 0.000000 0.000000 1.000000 0.000000
0.992693 0.120668 0.000000 56.853157 -0.120668 0.992693 0.000000 -4.205193 0.000000 0.000000 1.000000 0.000000
0.992464 0.122538 0.000000 57.210622 -0.122538 0.992464 0.000000 -4.245790 0.000000 0.000000 1.000000 0.000000
0.992155 0.125015 0.000000 57.569220 -0.125015 0.992155 0.000000 -4.288463 0.000000 0.000000 1.000000 0.000000
0.991867 0.127278 0.000000 58.243605 -0.127278 0.991867 0.000000 -4.393167 0.000000 0.000000 1.000000 0.000000
0.991930 0.126789 0.000000 58.578568 -0.126789 0.991930 0.000000 -4.438356 0.000000 0.000000 1.000000 0.000000
0.991966 0.126507 0.000000 58.890223 -0.126507 0.991966 0.000000 -4.483524 0.000000 0.000000 1.000000 0.000000
0.991920 0.126869 0.000000 59.225851 -0.126869 0.991920 0.000000 -4.531531 0.000000 0.000000 1.000000 0.000000
0.991689 0.128659 0.000000 59.550004 -0.128659 0.991689 0.000000 -4.572699 0.000000 0.000000 1.000000 0.000000
0.991184 0.132496 0.000000 59.848293 -0.132496 0.991184 0.000000 -4.598587 0.000000 0.000000 1.000000 0.000000
0.990503 0.137494 0.000000 60.170292 -0.137494 0.990503 0.000000 -4.630158 0.000000 0.000000 1.000000 0.000000
0.990442 0.137931 0.000000 60.487296 -0.137931 0.990442 0.000000 -4.680785 0.000000 0.000000 1.000000 0.000000
0.990614 0.136692 0.000000 60.998430 -0.136692 0.990614 0.000000 -4.763597 0.000000 0.000000 1.000000 0.000000
0.990530 0.137298 0.000000 61.299016 -0.137298 0.990530 0.000000 -4.806086 0.000000 0.000000 1.000000 0.000000
0.990217 0.139539 0.000000 61.598259 -0.139539 0.990217 0.000000 -4.850132 0.000000 0.000000 1.000000 0.000000
0.989981 0.141198 0.000000 61.913255 -0.141198 0.989981 0.000000 -4.897949 0.000000 0.000000 1.000000 0.000000
0.989830 0.142256 0.000000 62.204785 -0.142256 0.989830 0.000000 -4.942656 0.000000 0.000000 1.000000 0.000000
0.989673 0.143345 0.000000 62.473865 -0.143345 0.989673 0.000000 -4.983463 0.000000 0.000000 1.000000 0.000000
0.989534 0.144300 0.000000 62.776145 -0.144300 0.989534 0.000000 -5.026412 0.000000 0.000000 1.000000 0.000000
0.989361 0.145479 0.000000 63.057488 -0.145479 0.989361 0.000000 -5.069572 0.000000 0.000000 1.000000 0.000000
0.989174 0.146747 0.000000 63.327490 -0.146747 0.989174 0.000000 -5.114091 0.000000 0.000000 1.000000 0.000000
0.988875 0.148747 0.000000 63.781491 -0.148747 0.988875 0.000000 -5.189818 0.000000 0.000000 1.000000 0.000000
0.988789 0.149320 0.000000 64.025651 -0.149320 0.988789 0.000000 -5.227193 0.000000 0.000000 1.000000 0.000000
0.988654 0.150209 0.000000 64.305348 -0.150209 0.988654 0.000000 -5.271452 0.000000 0.000000 1.000000 0.000000
0.988602 0.150550 0.000000 64.568625 -0.150550 0.988602 0.000000 -5.310840 0.000000 0.000000 1.000000 0.000000
0.988507 0.151173 0.000000 64.833116 -0.151173 0.988507 0.000000 -5.355064 0.000000 0.000000 1.000000 0.000000
0.988398 0.151884 0.000000 65.099225 -0.151884 0.988398 0.000000 -5.398336 0.000000 0.000000 1.000000 0.000000
0.988330 0.152325 0.000000 65.356972 -0.152325 0.988330 0.000000 -5.437290 0.000000 0.000000 1.000000 0.000000
0.988136 0.153578 0.000000 65.622484 -0.153578 0.988136 0.000000 -5.479760 0.000000 0.000000 1.000000 0.000000
0.987815 0.155633 0.000000 65.866627 -0.155633 0.987815 0.000000 -5.519394 0.000000 0.000000 1.000000 0.000000
0.987652 0.156662 0.000000 66.134833 -0.156662 0.987652 0.000000 -5.559835 0.000000 0.000000 1.000000 0.000000
0.987531 0.157425 0.000000 66.381267 -0.157425 0.987531 0.000000 -5.601880 0.000000 0.000000 1.000000 0.000000
0.987386 0.158334 0.000000 66.637092 -0.158334 0.987386 0.000000 -5.646696 0.000000 0.000000 1.000000 0.000000
0.987053 0.160395 0.000000 67.071772 -0.160395 0.987053 0.000000 -5.720831 0.000000 0.000000 1.000000 0.000000
0.986955 0.160998 0.000000 67.339936 -0.160998 0.986955 0.000000 -5.768746 0.000000 0.000000 1.000000 0.000000
0.986855 0.161611 0.000000 67.614494 -0.161611 0.986855 0.000000 -5.818192 0.000000 0.000000 1.000000 0.000000
0.986695 0.162584 0.000000 67.887593 -0.162584 0.986695 0.000000 -5.867394 0.000000 0.000000 1.000000 0.000000
0.986559 0.163406 0.000000 68.166665 -0.163406 0.986559 0.000000 -5.915750 0.000000 0.000000 1.000000 0.000000
0.986409 0.164309 0.000000 68.461156 -0.164309 0.986409 0.000000 -5.971730 0.000000 0.000000 1.000000 0.000000
0.986353 0.164647 0.000000 68.720275 -0.164647 0.986353 0.000000 -6.023562 0.000000 0.000000 1.000000 0.000000
0.986157 0.165811 0.000000 69.009709 -0.165811 0.986157 0.000000 -6.074800 0.000000 0.000000 1.000000 0.000000
0.985831 0.167743 0.000000 69.288184 -0.167743 0.985831 0.000000 -6.126329 0.000000 0.000000 1.000000 0.000000
0.985725 0.168364 0.000000 69.551267 -0.168364 0.985725 0.000000 -6.177501 0.000000 0.000000 1.000000 0.000000
0.985444 0.170002 0.000000 69.832997 -0.170002 0.985444 0.000000 -6.228488 0.000000 0.000000 1.000000 0.000000
0.985138 0.171764 0.000000 70.099198 -0.171764 0.985138 0.000000 -6.278438 0.000000 0.000000 1.000000 0.000000
0.984395 0.175976 0.000000 70.871273 -0.175976 0.984395 0.000000 -6.412716 0.000000 0.000000 1.000000 0.000000
0.983819 0.179166 0.000000 71.158124 -0.179166 0.983819 0.000000 -6.460791 0.000000 0.000000 1.000000 0.000000
0.983442 0.181222 0.000000 71.449561 -0.181222 0.983442 0.000000 -6.513205 0.000000 0.000000 1.000000 0.000000
0.983444 0.181214 0.000000 71.740277 -0.181214 0.983444 0.000000 -6.568593 0.000000 0.000000 1.000000 0.000000
0.983540 0.180688 0.000000 72.028840 -0.180688 0.983540 0.000000 -6.623440 0.000000 0.000000 1.000000 0.000000
0.982954 0.183852 0.000000 72.614141 -0.183852 0.982954 0.000000 -6.736057 0.000000 0.000000 1.000000 0.000000
0.982759 0.184891 0.000000 72.914173 -0.184891 0.982759 0.000000 -6.796044 0.000000 0.000000 1.000000 0.000000
0.982708 0.185160 0.000000 73.201149 -0.185160 0.982708 0.000000 -6.851859 0.000000 0.000000 1.000000 0.000000
0.982142 0.188143 0.000000 73.665479 -0.188143 0.982142 0.000000 -6.939798 0.000000 0.000000 1.000000 0.000000
0.981256 0.192706 0.000000 73.981596 -0.192706 0.981256 0.000000 -6.997642 0.000000 0.000000 1.000000 0.000000
0.980084 0.198585 0.000000 74.508692 -0.198585 0.980084 0.000000 -7.108152 0.000000 0.000000 1.000000 0.000000
0.979988 0.199057 0.000000 74.834993 -0.199057 0.979988 0.000000 -7.176034 0.000000 0.000000 1.000000 0.000000
0.979397 0.201943 0.000000 75.167582 -0.201943 0.979397 0.000000 -7.233901 0.000000 0.000000 1.000000 0.000000
0.978695 0.205320 0.000000 75.487631 -0.205320 0.978695 0.000000 -7.293273 0.000000 0.000000 1.000000 0.000000
0.978581 0.205864 0.000000 75.837235 -0.205864 0.978581 0.000000 -7.365823 0.000000 0.000000 1.000000 0.000000
0.978756 0.205029 0.000000 76.407958 -0.205029 0.978756 0.000000 -7.493822 0.000000 0.000000 1.000000 0.000000
0.979113 0.203314 0.000000 76.756550 -0.203314 0.979113 0.000000 -7.563974 0.000000 0.000000 1.000000 0.000000
0.979046 0.203640 0.000000 77.133538 -0.203640 0.979046 0.000000 -7.644057 0.000000 0.000000 1.000000 0.000000
0.978987 0.203924 0.000000 77.487244 -0.203924 0.978987 0.000000 -7.719449 0.000000 0.000000 1.000000 0.000000
0.978940 0.204148 0.000000 78.137329 -0.204148 0.978940 0.000000 -7.861031 0.000000 0.000000 1.000000 0.000000
0.979319 0.202324 0.000000 78.796204 -0.202324 0.979319 0.000000 -8.006002 0.000000 0.000000 1.000000 0.000000
0.979684 0.200545 0.000000 79.182102 -0.200545 0.979684 0.000000 -8.093069 0.000000 0.000000 1.000000 0.000000
0.979500 0.201443 0.000000 79.605075 -0.201443 0.979500 0.000000 -8.171994 0.000000 0.000000 1.000000 0.000000
0.979056 0.203590 0.000000 80.001899 -0.203590 0.979056 0.000000 -8.260794 0.000000 0.000000 1.000000 0.000000
0.978726 0.205171 0.000000 80.428277 -0.205171 0.978726 0.000000 -8.361613 0.000000 0.000000 1.000000 0.000000
0.978618 0.205685 0.000000 80.830867 -0.205685 0.978618 0.000000 -8.453044 0.000000 0.000000 1.000000 0.000000
0.979132 0.203225 0.000000 81.276134 -0.203225 0.979132 0.000000 -8.547906 0.000000 0.000000 1.000000 0.000000
0.979697 0.200485 0.000000 81.964812 -0.200485 0.979697 0.000000 -8.681692 0.000000 0.000000 1.000000 0.000000
0.979802 0.199972 0.000000 82.774916 -0.199972 0.979802 0.000000 -8.853025 0.000000 0.000000 1.000000 0.000000
0.979584 0.201036 0.000000 83.246055 -0.201036 0.979584 0.000000 -8.950075 0.000000 0.000000 1.000000 0.000000
0.978894 0.204368 0.000000 83.720707 -0.204368 0.978894 0.000000 -9.051310 0.000000 0.000000 1.000000 0.000000
0.977985 0.208676 0.000000 84.180484 -0.208676 0.977985 0.000000 -9.143500 0.000000 0.000000 1.000000 0.000000
0.977368 0.211548 0.000000 84.684352 -0.211548 0.977368 0.000000 -9.249621 0.000000 0.000000 1.000000 0.000000
0.976859 0.213883 0.000000 85.134736 -0.213883 0.976859 0.000000 -9.340930 0.000000 0.000000 1.000000 0.000000
0.975772 0.218790 0.000000 85.633561 -0.218790 0.975772 0.000000 -9.449136 0.000000 0.000000 1.000000 0.000000
0.975079 0.221856 0.000000 86.140326 -0.221856 0.975079 0.000000 -9.560261 0.000000 0.000000 1.000000 0.000000
0.974462 0.224554 0.000000 86.654088 -0.224554 0.974462 0.000000 -9.674124 0.000000 0.000000 1.000000 0.000000
0.974070 0.226248 0.000000 87.139895 -0.226248 0.974070 0.000000 -9.786340 0.000000 0.000000 1.000000 0.000000
0.973607 0.228231 0.000000 87.663760 -0.228231 0.973607 0.000000 -9.908053 0.000000 0.000000 1.000000 0.000000
0.973122 0.230291 0.000000 88.611806 -0.230291 0.973122 0.000000 -10.141209 0.000000 0.000000 1.000000 0.000000
0.973199 0.229967 0.000000 89.148080 -0.229967 0.973199 0.000000 -10.274862 0.000000 0.000000 1.000000 0.000000
0.972714 0.232005 0.000000 89.691419 -0.232005 0.972714 0.000000 -10.401773 0.000000 0.000000 1.000000 0.000000
0.971666 0.236359 0.000000 90.239187 -0.236359 0.971666 0.000000 -10.531114 0.000000 0.000000 1.000000 0.000000
0.971221 0.238180 0.000000 90.791240 -0.238180 0.971221 0.000000 -10.671835 0.000000 0.000000 1.000000 0.000000
0.971008 0.239046 0.000000 91.634798 -0.239046 0.971008 0.000000 -10.886400 0.000000 0.000000 1.000000 0.000000
0.970190 0.242346 0.000000 92.161984 -0.242346 0.970190 0.000000 -11.010682 0.000000 0.000000 1.000000 0.000000
0.968016 0.250889 0.000000 93.263934 -0.250889 0.968016 0.000000 -11.296493 0.000000 0.000000 1.000000 0.000000
0.966931 0.255038 0.000000 93.994292 -0.255038 0.966931 0.000000 -11.476837 0.000000 0.000000 1.000000 0.000000
0.965941 0.258762 0.000000 94.577220 -0.258762 0.965941 0.000000 -11.621085 0.000000 0.000000 1.000000 0.000000
0.964701 0.263349 0.000000 95.157298 -0.263349 0.964701 0.000000 -11.781549 0.000000 0.000000 1.000000 0.000000
0.963915 0.266211 0.000000 95.735549 -0.266211 0.963915 0.000000 -11.942507 0.000000 0.000000 1.000000 0.000000
0.963688 0.267031 0.000000 96.322474 -0.267031 0.963688 0.000000 -12.099157 0.000000 0.000000 1.000000 0.000000
0.963281 0.268494 0.000000 96.937317 -0.268494 0.963281 0.000000 -12.272448 0.000000 0.000000 1.000000 0.000000
0.962552 0.271098 0.000000 97.505647 -0.271098 0.962552 0.000000 -12.430746 0.000000 0.000000 1.000000 0.000000
0.961934 0.273283 0.000000 98.088078 -0.273283 0.961934 0.000000 -12.598983 0.000000 0.000000 1.000000 0.000000
0.962334 0.271870 0.000000 98.681268 -0.271870 0.962334 0.000000 -12.771250 0.000000 0.000000 1.000000 0.000000
0.963275 0.268516 0.000000 99.241437 -0.268516 0.963275 0.000000 -12.933914 0.000000 0.000000 1.000000 0.000000
0.963682 0.267051 0.000000 99.848953 -0.267051 0.963682 0.000000 -13.106456 0.000000 0.000000 1.000000 0.000000
0.963519 0.267638 0.000000 100.452574 -0.267638 0.963519 0.000000 -13.281526 0.000000 0.000000 1.000000 0.000000
0.963317 0.268367 0.000000 101.013260 -0.268367 0.963317 0.000000 -13.443123 0.000000 0.000000 1.000000 0.000000
0.963005 0.269483 0.000000 102.088948 -0.269483 0.963005 0.000000 -13.751733 0.000000 0.000000 1.000000 0.000000
0.962732 0.270459 0.000000 102.740406 -0.270459 0.962732 0.000000 -13.948870 0.000000 0.000000 1.000000 0.000000
0.962240 0.272203 0.000000 103.353025 -0.272203 0.962240 0.000000 -14.129892 0.000000 0.000000 1.000000 0.000000
0.961361 0.275290 0.000000 103.970530 -0.275290 0.961361 0.000000 -14.311563 0.000000 0.000000 1.000000 0.000000
0.961061 0.276338 0.000000 104.568168 -0.276338 0.961061 0.000000 -14.494650 0.000000 0.000000 1.000000 0.000000
0.961212 0.275810 0.000000 105.185772 -0.275810 0.961212 0.000000 -14.679008 0.000000 0.000000 1.000000 0.000000
0.961087 0.276247 0.000000 105.763411 -0.276247 0.961087 0.000000 -14.848043 0.000000 0.000000 1.000000 0.000000
0.961021 0.276474 0.000000 106.386696 -0.276474 0.961021 0.000000 -15.027652 0.000000 0.000000 1.000000 0.000000
0.960695 0.277604 0.000000 106.968101 -0.277604 0.960695 0.000000 -15.200073 0.000000 0.000000 1.000000 0.000000
0.959954 0.280158 0.000000 107.597579 -0.280158 0.959954 0.000000 -15.393648 0.000000 0.000000 1.000000 0.000000
0.959342 0.282246 0.000000 108.215927 -0.282246 0.959342 0.000000 -15.586394 0.000000 0.000000 1.000000 0.000000
0.959274 0.282476 0.000000 108.847756 -0.282476 0.959274 0.000000 -15.779328 0.000000 0.000000 1.000000 0.000000
0.959437 0.281921 0.000000 109.633447 -0.281921 0.959437 0.000000 -16.021634 0.000000 0.000000 1.000000 0.000000
0.958687 0.284462 0.000000 110.227527 -0.284462 0.958687 0.000000 -16.199009 0.000000 0.000000 1.000000 0.000000
0.957928 0.287009 0.000000 110.862400 -0.287009 0.957928 0.000000 -16.402462 0.000000 0.000000 1.000000 0.000000
0.958468 0.285200 0.000000 111.866748 -0.285200 0.958468 0.000000 -16.713340 0.000000 0.000000 1.000000 0.000000
0.958346 0.285609 0.000000 112.508179 -0.285609 0.958346 0.000000 -16.912247 0.000000 0.000000 1.000000 0.000000
0.957852 0.287262 0.000000 113.153206 -0.287262 0.957852 0.000000 -17.111094 0.000000 0.000000 1.000000 0.000000
0.957268 0.289203 0.000000 113.800737 -0.289203 0.957268 0.000000 -17.318062 0.000000 0.000000 1.000000 0.000000
0.957048 0.289930 0.000000 114.430249 -0.289930 0.957048 0.000000 -17.526511 0.000000 0.000000 1.000000 0.000000
0.957103 0.289749 0.000000 115.072811 -0.289749 0.957103 0.000000 -17.739780 0.000000 0.000000 1.000000 0.000000
0.957255 0.289245 0.000000 115.674809 -0.289245 0.957255 0.000000 -17.929739 0.000000 0.000000 1.000000 0.000000
0.957920 0.287034 0.000000 116.807438 -0.287034 0.957920 0.000000 -18.293470 0.000000 0.000000 1.000000 0.000000
0.958483 0.285151 0.000000 117.450347 -0.285151 0.958483 0.000000 -18.498805 0.000000 0.000000 1.000000 0.000000
0.958649 0.284590 0.000000 118.096065 -0.284590 0.958649 0.000000 -18.702313 0.000000 0.000000 1.000000 0.000000
0.958537 0.284969 0.000000 118.741086 -0.284969 0.958537 0.000000 -18.900188 0.000000 0.000000 1.000000 0.000000
0.958854 0.283900 0.000000 120.054859 -0.283900 0.958854 0.000000 -19.314446 0.000000 0.000000 1.000000 0.000000
0.958698 0.284425 0.000000 120.648204 -0.284425 0.958698 0.000000 -19.496908 0.000000 0.000000 1.000000 0.000000
0.958644 0.284607 0.000000 121.294884 -0.284607 0.958644 0.000000 -19.700035 0.000000 0.000000 1.000000 0.000000
0.958703 0.284408 0.000000 121.900942 -0.284408 0.958703 0.000000 -19.885902 0.000000 0.000000 1.000000 0.000000
0.957943 0.286959 0.000000 122.505237 -0.286959 0.957943 0.000000 -20.066911 0.000000 0.000000 1.000000 0.000000
0.958594 0.284775 0.000000 127.166007 -0.284775 0.958594 0.000000 -21.579280 0.000000 0.000000 1.000000 0.000000
0.958854 0.283901 0.000000 127.806610 -0.283901 0.958854 0.000000 -21.776075 0.000000 0.000000 1.000000 0.000000
0.959140 0.282932 0.000000 128.412694 -0.282932 0.959140 0.000000 -21.961151 0.000000 0.000000 1.000000 0.000000
0.959648 0.281204 0.000000 129.039094 -0.281204 0.959648 0.000000 -22.164313 0.000000 0.000000 1.000000 0.000000
0.960016 0.279946 0.000000 129.637338 -0.279946 0.960016 0.000000 -22.354577 0.000000 0.000000 1.000000 0.000000
0.960194 0.279334 0.000000 130.252427 -0.279334 0.960194 0.000000 -22.550258 0.000000 0.000000 1.000000 0.000000
0.959932 0.280233 0.000000 130.884380 -0.280233 0.959932 0.000000 -22.752654 0.000000 0.000000 1.000000 0.000000
0.959976 0.280084 0.000000 131.685597 -0.280084 0.959976 0.000000 -23.011974 0.000000 0.000000 1.000000 0.000000
0.959251 0.282556 0.000000 132.310841 -0.282556 0.959251 0.000000 -23.208007 0.000000 0.000000 1.000000 0.000000
0.958496 0.285105 0.000000 132.936829 -0.285105 0.958496 0.000000 -23.390762 0.000000 0.000000 1.000000 0.000000
0.958377 0.285504 0.000000 133.840394 -0.285504 0.958377 0.000000 -23.671379 0.000000 0.000000 1.000000 0.000000
0.958471 0.285189 0.000000 134.457418 -0.285189 0.958471 0.000000 -23.866751 0.000000 0.000000 1.000000 0.000000
0.958481 0.285155 0.000000 135.074474 -0.285155 0.958481 0.000000 -24.062336 0.000000 0.000000 1.000000 0.000000
0.958584 0.284809 0.000000 135.684853 -0.284809 0.958584 0.000000 -24.256423 0.000000 0.000000 1.000000 0.000000
0.958461 0.285222 0.000000 136.296899 -0.285222 0.958461 0.000000 -24.450129 0.000000 0.000000 1.000000 0.000000
0.958084 0.286487 0.000000 137.201378 -0.286487 0.958084 0.000000 -24.736988 0.000000 0.000000 1.000000 0.000000
0.957702 0.287760 0.000000 137.791907 -0.287760 0.957702 0.000000 -24.924743 0.000000 0.000000 1.000000 0.000000
0.957146 0.289607 0.000000 138.398986 -0.289607 0.957146 0.000000 -25.115318 0.000000 0.000000 1.000000 0.000000
0.956412 0.292021 0.000000 138.965738 -0.292021 0.956412 0.000000 -25.297615 0.000000 0.000000 1.000000 0.000000
0.955584 0.294720 0.000000 139.749336 -0.294720 0.955584 0.000000 -25.553480 0.000000 0.000000 1.000000 0.000000
0.955468 0.295093 0.000000 140.348621 -0.295093 0.955468 0.000000 -25.753257 0.000000 0.000000 1.000000 0.000000
0.955624 0.294591 0.000000 140.952822 -0.294591 0.955624 0.000000 -25.950038 0.000000 0.000000 1.000000 0.000000
0.956178 0.292787 0.000000 141.552114 -0.292787 0.956178 0.000000 -26.145421 0.000000 0.000000 1.000000 0.000000
0.956622 0.291333 0.000000 142.147506 -0.291333 0.956622 0.000000 -26.335091 0.000000 0.000000 1.000000 0.000000
0.957305 0.289079 0.000000 143.295593 -0.289079 0.957305 0.000000 -26.711128 0.000000 0.000000 1.000000 0.000000
0.957234 0.289315 0.000000 143.846247 -0.289315 0.957234 0.000000 -26.877629 0.000000 0.000000 1.000000 0.000000
0.956862 0.290542 0.000000 144.428284 -0.290542 0.956862 0.000000 -27.055024 0.000000 0.000000 1.000000 0.000000
0.956929 0.290323 0.000000 145.007082 -0.290323 0.956929 0.000000 -27.239494 0.000000 0.000000 1.000000 0.000000
0.956780 0.290813 0.000000 145.556120 -0.290813 0.956780 0.000000 -27.419091 0.000000 0.000000 1.000000 0.000000
0.957450 0.288598 0.000000 146.137152 -0.288598 0.957450 0.000000 -27.615342 0.000000 0.000000 1.000000 0.000000
0.958249 0.285934 0.000000 146.844874 -0.285934 0.958249 0.000000 -27.843971 0.000000 0.000000 1.000000 0.000000
0.958328 0.285669 0.000000 147.418725 -0.285669 0.958328 0.000000 -28.032848 0.000000 0.000000 1.000000 0.000000
0.958309 0.285733 0.000000 147.950284 -0.285733 0.958309 0.000000 -28.204026 0.000000 0.000000 1.000000 0.000000
0.957923 0.287026 0.000000 148.529257 -0.287026 0.957923 0.000000 -28.385128 0.000000 0.000000 1.000000 0.000000
0.957408 0.288738 0.000000 149.098461 -0.288738 0.957408 0.000000 -28.565595 0.000000 0.000000 1.000000 0.000000
0.957128 0.289665 0.000000 149.628035 -0.289665 0.957128 0.000000 -28.736009 0.000000 0.000000 1.000000 0.000000
0.957448 0.288607 0.000000 150.194147 -0.288607 0.957448 0.000000 -28.920043 0.000000 0.000000 1.000000 0.000000
0.957692 0.287796 0.000000 150.725339 -0.287796 0.957692 0.000000 -29.087836 0.000000 0.000000 1.000000 0.000000
0.957064 0.289875 0.000000 151.283651 -0.289875 0.957064 0.000000 -29.266190 0.000000 0.000000 1.000000 0.000000
0.956296 0.292399 0.000000 151.842314 -0.292399 0.956296 0.000000 -29.444907 0.000000 0.000000 1.000000 0.000000
0.955140 0.296154 0.000000 152.566247 -0.296154 0.955140 0.000000 -29.671723 0.000000 0.000000 1.000000 0.000000
0.954454 0.298359 0.000000 153.092172 -0.298359 0.954454 0.000000 -29.836838 0.000000 0.000000 1.000000 0.000000
0.953955 0.299950 0.000000 153.653576 -0.299950 0.953955 0.000000 -30.016819 0.000000 0.000000 1.000000 0.000000
0.953599 0.301080 0.000000 154.179213 -0.301080 0.953599 0.000000 -30.188685 0.000000 0.000000 1.000000 0.000000
0.953758 0.300576 0.000000 154.734264 -0.300576 0.953758 0.000000 -30.368415 0.000000 0.000000 1.000000 0.000000
0.954038 0.299685 0.000000 155.258499 -0.299685 0.954038 0.000000 -30.533427 0.000000 0.000000 1.000000 0.000000
0.953880 0.300189 0.000000 155.976098 -0.300189 0.953880 0.000000 -30.764371 0.000000 0.000000 1.000000 0.000000
0.953105 0.302640 0.000000 156.489471 -0.302640 0.953105 0.000000 -30.927366 0.000000 0.000000 1.000000 0.000000
0.951834 0.306615 0.000000 157.035172 -0.306615 0.951834 0.000000 -31.120565 0.000000 0.000000 1.000000 0.000000
0.952271 0.305255 0.000000 157.545314 -0.305255 0.952271 0.000000 -31.294648 0.000000 0.000000 1.000000 0.000000
0.952842 0.303466 0.000000 158.101168 -0.303466 0.952842 0.000000 -31.477678 0.000000 0.000000 1.000000 0.000000
0.952692 0.303937 0.000000 158.616867 -0.303937 0.952692 0.000000 -31.649772 0.000000 0.000000 1.000000 0.000000
0.952108 0.305761 0.000000 159.365580 -0.305761 0.952108 0.000000 -31.891808 0.000000 0.000000 1.000000 0.000000
0.952172 0.305562 0.000000 159.919386 -0.305562 0.952172 0.000000 -32.077159 0.000000 0.000000 1.000000 0.000000
0.953292 0.302052 0.000000 160.467344 -0.302052 0.953292 0.000000 -32.264473 0.000000 0.000000 1.000000 0.000000
0.954121 0.299422 0.000000 161.010881 -0.299422 0.954121 0.000000 -32.446176 0.000000 0.000000 1.000000 0.000000
0.954211 0.299135 0.000000 161.556888 -0.299135 0.954211 0.000000 -32.623338 0.000000 0.000000 1.000000 0.000000
0.953840 0.300315 0.000000 162.100505 -0.300315 0.953840 0.000000 -32.806361 0.000000 0.000000 1.000000 0.000000
0.954356 0.298670 0.000000 162.647126 -0.298670 0.954356 0.000000 -32.987338 0.000000 0.000000 1.000000 0.000000
0.955385 0.295364 0.000000 163.159852 -0.295364 0.955385 0.000000 -33.159579 0.000000 0.000000 1.000000 0.000000
0.956054 0.293192 0.000000 163.696777 -0.293192 0.956054 0.000000 -33.340931 0.000000 0.000000 1.000000 0.000000
0.956330 0.292290 0.000000 164.250279 -0.292290 0.956330 0.000000 -33.524399 0.000000 0.000000 1.000000 0.000000
0.956552 0.291561 0.000000 164.763664 -0.291561 0.956552 0.000000 -33.691726 0.000000 0.000000 1.000000 0.000000
0.957112 0.289718 0.000000 165.314736 -0.289718 0.957112 0.000000 -33.874919 0.000000 0.000000 1.000000 0.000000
0.957573 0.288192 0.000000 165.831476 -0.288192 0.957573 0.000000 -34.037822 0.000000 0.000000 1.000000 0.000000
0.958200 0.286099 0.000000 166.375916 -0.286099 0.958200 0.000000 -34.222193 0.000000 0.000000 1.000000 0.000000
0.959658 0.281169 0.000000 166.916911 -0.281169 0.959658 0.000000 -34.402865 0.000000 0.000000 1.000000 0.000000
0.960947 0.276734 0.000000 167.465924 -0.276734 0.960947 0.000000 -34.582343 0.000000 0.000000 1.000000 0.000000
0.961909 0.273370 0.000000 167.972598 -0.273370 0.961909 0.000000 -34.744136 0.000000 0.000000 1.000000 0.000000
0.963075 0.269234 0.000000 168.517488 -0.269234 0.963075 0.000000 -34.915151 0.000000 0.000000 1.000000 0.000000
0.964376 0.264535 0.000000 169.018025 -0.264535 0.964376 0.000000 -35.073893 0.000000 0.000000 1.000000 0.000000
0.965598 0.260041 0.000000 169.567456 -0.260041 0.965598 0.000000 -35.243118 0.000000 0.000000 1.000000 0.000000
0.966516 0.256607 0.000000 170.282896 -0.256607 0.966516 0.000000 -35.456212 0.000000 0.000000 1.000000 0.000000
0.967133 0.254273 0.000000 170.829889 -0.254273 0.967133 0.000000 -35.611453 0.000000 0.000000 1.000000 0.000000
0.967307 0.253608 0.000000 171.332395 -0.253608 0.967307 0.000000 -35.758649 0.000000 0.000000 1.000000 0.000000
0.967297 0.253647 0.000000 171.882564 -0.253647 0.967297 0.000000 -35.922668 0.000000 0.000000 1.000000 0.000000
0.967897 0.251348 0.000000 172.573923 -0.251348 0.967897 0.000000 -36.118544 0.000000 0.000000 1.000000 0.000000
0.969252 0.246072 0.000000 173.659277 -0.246072 0.969252 0.000000 -36.428996 0.000000 0.000000 1.000000 0.000000
0.969992 0.243138 0.000000 174.201485 -0.243138 0.969992 0.000000 -36.576876 0.000000 0.000000 1.000000 0.000000
0.970290 0.241944 0.000000 174.745577 -0.241944 0.970290 0.000000 -36.713657 0.000000 0.000000 1.000000 0.000000
0.970566 0.240835 0.000000 175.287112 -0.240835 0.970566 0.000000 -36.860760 0.000000 0.000000 1.000000 0.000000
0.971107 0.238646 0.000000 175.830266 -0.238646 0.971107 0.000000 -37.000697 0.000000 0.000000 1.000000 0.000000
0.971202 0.238256 0.000000 176.370091 -0.238256 0.971202 0.000000 -37.132989 0.000000 0.000000 1.000000 0.000000
0.971080 0.238756 0.000000 176.932248 -0.238756 0.971080 0.000000 -37.281841 0.000000 0.000000 1.000000 0.000000
0.971023 0.238984 0.000000 177.469708 -0.238984 0.971023 0.000000 -37.418220 0.000000 0.000000 1.000000 0.000000
0.970667 0.240427 0.000000 177.965225 -0.240427 0.970667 0.000000 -37.549746 0.000000 0.000000 1.000000 0.000000
0.970408 0.241472 0.000000 178.462300 -0.241472 0.970408 0.000000 -37.684301 0.000000 0.000000 1.000000 0.000000
0.970570 0.240821 0.000000 178.993354 -0.240821 0.970570 0.000000 -37.819696 0.000000 0.000000 1.000000 0.000000
0.970927 0.239374 0.000000 179.490142 -0.239374 0.970927 0.000000 -37.941568 0.000000 0.000000 1.000000 0.000000
0.971407 0.237421 0.000000 180.021354 -0.237421 0.971407 0.000000 -38.069270 0.000000 0.000000 1.000000 0.000000
0.971518 0.236965 0.000000 180.521712 -0.236965 0.971518 0.000000 -38.193823 0.000000 0.000000 1.000000 0.000000
0.971510 0.236997 0.000000 181.051949 -0.236997 0.971510 0.000000 -38.329534 0.000000 0.000000 1.000000 0.000000
0.971983 0.235053 0.000000 181.544748 -0.235053 0.971983 0.000000 -38.453990 0.000000 0.000000 1.000000 0.000000
0.972735 0.231921 0.000000 182.071497 -0.231921 0.972735 0.000000 -38.586766 0.000000 0.000000 1.000000 0.000000
0.973045 0.230615 0.000000 182.556407 -0.230615 0.973045 0.000000 -38.699901 0.000000 0.000000 1.000000 0.000000
0.973037 0.230649 0.000000 183.081841 -0.230649 0.973037 0.000000 -38.819058 0.000000 0.000000 1.000000 0.000000
0.972799 0.231651 0.000000 183.569767 -0.231651 0.972799 0.000000 -38.924945 0.000000 0.000000 1.000000 0.000000
0.972699 0.232070 0.000000 184.085265 -0.232070 0.972699 0.000000 -39.045295 0.000000 0.000000 1.000000 0.000000
0.973373 0.229227 0.000000 184.726073 -0.229227 0.973373 0.000000 -39.205018 0.000000 0.000000 1.000000 0.000000
0.974408 0.224789 0.000000 185.241531 -0.224789 0.974408 0.000000 -39.328171 0.000000 0.000000 1.000000 0.000000
0.975054 0.221968 0.000000 185.746557 -0.221968 0.975054 0.000000 -39.447982 0.000000 0.000000 1.000000 0.000000
0.975625 0.219444 0.000000 186.231347 -0.219444 0.975625 0.000000 -39.564005 0.000000 0.000000 1.000000 0.000000
0.976876 0.213807 0.000000 186.943720 -0.213807 0.976876 0.000000 -39.734093 0.000000 0.000000 1.000000 0.000000
0.977496 0.210952 0.000000 187.455399 -0.210952 0.977496 0.000000 -39.851710 0.000000 0.000000 1.000000 0.000000
0.977845 0.209329 0.000000 187.967494 -0.209329 0.977845 0.000000 -39.965129 0.000000 0.000000 1.000000 0.000000
0.978471 0.206382 0.000000 188.478910 -0.206382 0.978471 0.000000 -40.085770 0.000000 0.000000 1.000000 0.000000
0.979783 0.200063 0.000000 188.985754 -0.200063 0.979783 0.000000 -40.198151 0.000000 0.000000 1.000000 0.000000
0.981673 0.190571 0.000000 189.993309 -0.190571 0.981673 0.000000 -40.400696 0.000000 0.000000 1.000000 0.000000
0.982735 0.185019 0.000000 190.488270 -0.185019 0.982735 0.000000 -40.493697 0.000000 0.000000 1.000000 0.000000
0.984313 0.176430 0.000000 190.983482 -0.176430 0.984313 0.000000 -40.596809 0.000000 0.000000 1.000000 0.000000
0.985654 0.168779 0.000000 191.445594 -0.168779 0.985654 0.000000 -40.680869 0.000000 0.000000 1.000000 0.000000
0.987054 0.160390 0.000000 191.938660 -0.160390 0.987054 0.000000 -40.765112 0.000000 0.000000 1.000000 0.000000
0.988540 0.150958 0.000000 192.401265 -0.150958 0.988540 0.000000 -40.842498 0.000000 0.000000 1.000000 0.000000
0.991225 0.132187 0.000000 193.340676 -0.132187 0.991225 0.000000 -40.984529 0.000000 0.000000 1.000000 0.000000
0.992580 0.121591 0.000000 193.823778 -0.121591 0.992580 0.000000 -41.054014 0.000000 0.000000 1.000000 0.000000
0.993701 0.112064 0.000000 194.275106 -0.112064 0.993701 0.000000 -41.109346 0.000000 0.000000 1.000000 0.000000
0.995182 0.098045 0.000000 194.951372 -0.098045 0.995182 0.000000 -41.184604 0.000000 0.000000 1.000000 0.000000
0.996233 0.086719 0.000000 195.424212 -0.086719 0.996233 0.000000 -41.235710 0.000000 0.000000 1.000000 0.000000
0.997134 0.075659 0.000000 195.899578 -0.075659 0.997134 0.000000 -41.283923 0.000000 0.000000 1.000000 0.000000
0.997793 0.066394 0.000000 196.340740 -0.066394 0.997793 0.000000 -41.324489 0.000000 0.000000 1.000000 0.000000
0.998527 0.054248 0.000000 196.808741 -0.054248 0.998527 0.000000 -41.367360 0.000000 0.000000 1.000000 0.000000
0.999158 0.041038 0.000000 197.273869 -0.041038 0.999158 0.000000 -41.404212 0.000000 0.000000 1.000000 0.000000
0.999511 0.031258 0.000000 197.704401 -0.031258 0.999511 0.000000 -41.434914 0.000000 0.000000 1.000000 0.000000
0.999767 0.021569 0.000000 198.162182 -0.021569 0.999767 0.000000 -41.460466 0.000000 0.000000 1.000000 0.000000
0.999916 0.012941 0.000000 198.583952 -0.012941 0.999916 0.000000 -41.480227 0.000000 0.000000 1.000000 0.000000
0.999997 0.002292 0.000000 199.037562 -0.002292 0.999997 0.000000 -41.499052 0.000000 0.000000 1.000000 0.000000
0.999956 -0.009334 0.000000 199.459945 0.009334 0.999956 0.000000 -41.515719 0.000000 0.000000 1.000000 0.000000
