1.000000 -0.000736 0.000000 0.782550 0.000736 1.000000 0.000000 0.041109 0.000000 0.000000 1.000000 0.000000
0.999998 0.001834 0.000000 1.389041 -0.001834 0.999998 0.000000 0.038204 0.000000 0.000000 1.000000 0.000000
0.999983 0.005892 0.000000 1.966176 -0.005892 0.999983 0.000000 -0.065069 0.000000 0.000000 1.000000 0.000000
0.999939 0.011051 0.000000 2.498280 -0.011051 0.999939 0.000000 -0.165799 0.000000 0.000000 1.000000 0.000000
0.999860 0.016727 0.000000 3.612838 -0.016727 0.999860 0.000000 -0.246734 0.000000 0.000000 1.000000 0.000000
0.999798 0.020121 0.000000 3.932319 -0.020121 0.999798 0.000000 -0.263411 0.000000 0.000000 1.000000 0.000000
0.999631 0.027171 0.000000 5.286619 -0.027171 0.999631 0.000000 -0.355035 0.000000 0.000000 1.000000 0.000000
0.999562 0.029587 0.000000 5.946673 -0.029587 0.999562 0.000000 -0.357051 0.000000 0.000000 1.000000 0.000000
0.999515 0.031126 0.000000 6.407870 -0.031126 0.999515 0.000000 -0.329778 0.000000 0.000000 1.000000 0.000000
0.999446 0.033270 0.000000 6.543189 -0.033270 0.999446 0.000000 -0.286594 0.000000 0.000000 1.000000 0.000000
0.999374 0.035379 0.000000 7.613154 -0.035379 0.999374 0.000000 -0.239582 0.000000 0.000000 1.000000 0.000000
0.999166 0.040833 0.000000 8.068424 -0.040833 0.999166 0.000000 -0.230628 0.000000 0.000000 1.000000 0.000000
0.999113 0.042107 0.000000 8.628261 -0.042107 0.999113 0.000000 -0.180523 0.000000 0.000000 1.000000 0.000000
0.998966 0.045466 0.000000 9.188220 -0.045466 0.998966 0.000000 -0.206370 0.000000 0.000000 1.000000 0.000000
0.998742 0.050145 0.000000 9.611938 -0.050145 0.998742 0.000000 -0.197747 0.000000 0.000000 1.000000 0.000000
0.998453 0.055594 0.000000 10.211682 -0.055594 0.998453 0.000000 -0.231656 0.000000 0.000000 1.000000 0.000000
0.998008 0.063088 0.000000 10.759111 -0.063088 0.998008 0.000000 -0.374958 0.000000 0.000000 1.000000 0.000000
0.997383 0.072305 0.000000 11.672022 -0.072305 0.997383 0.000000 -0.468502 0.000000 0.000000 1.000000 0.000000
0.996762 0.080410 0.000000 12.401489 -0.080410 0.996762 0.000000 -0.554893 0.000000 0.000000 1.000000 0.000000
0.996374 0.085085 0.000000 12.922206 -0.085085 0.996374 0.000000 -0.580941 0.000000 0.000000 1.000000 0.000000
0.995903 0.090423 0.000000 13.344073 -0.090423 0.995903 0.000000 -0.574494 0.000000 0.000000 1.000000 0.000000
0.994683 0.102983 0.000000 14.377575 -0.102983 0.994683 0.000000 -0.523462 0.000000 0.000000 1.000000 0.000000
0.993797 0.111210 0.000000 14.893150 -0.111210 0.993797 0.000000 -0.645962 0.000000 0.000000 1.000000 0.000000
0.992930 0.118702 0.000000 15.482634 -0.118702 0.992930 0.000000 -0.715770 0.000000 0.000000 1.000000 0.000000
0.992031 0.125994 0.000000 16.016874 -0.125994 0.992031 0.000000 -0.765569 0.000000 0.000000 1.000000 0.000000
0.991219 0.132230 0.000000 16.644268 -0.132230 0.991219 0.000000 -0.856184 0.000000 0.000000 1.000000 0.000000
0.990452 0.137855 0.000000 17.208946 -0.137855 0.990452 0.000000 -0.897477 0.000000 0.000000 1.000000 0.000000
0.989875 0.141939 0.000000 17.641393 -0.141939 0.989875 0.000000 -0.912042 0.000000 0.000000 1.000000 0.000000
0.988993 0.147961 0.000000 18.147024 -0.147961 0.988993 0.000000 -1.013602 0.000000 0.000000 1.000000 0.000000
0.987243 0.159223 0.000000 18.883022 -0.159223 0.987243 0.000000 -1.158691 0.000000 0.000000 1.000000 0.000000
0.985629 0.168925 0.000000 19.541752 -0.168925 0.985629 0.000000 -1.328753 0.000000 0.000000 1.000000 0.000000
0.984640 0.174596 0.000000 20.071379 -0.174596 0.984640 0.000000 -1.389875 0.000000 0.000000 1.000000 0.000000
0.983355 0.181693 0.000000 20.667223 -0.181693 0.983355 0.000000 -1.575404 0.000000 0.000000 1.000000 0.000000
0.982352 0.187040 0.000000 20.917098 -0.187040 0.982352 0.000000 -1.581639 0.000000 0.000000 1.000000 0.000000
0.980958 0.194221 0.000000 21.443342 -0.194221 0.980958 0.000000 -1.777720 0.000000 0.000000 1.000000 0.000000
0.979492 0.201484 0.000000 21.993263 -0.201484 0.979492 0.000000 -1.900357 0.000000 0.000000 1.000000 0.000000
0.977829 0.209407 0.000000 22.473992 -0.209407 0.977829 0.000000 -2.027650 0.000000 0.000000 1.000000 0.000000
0.975833 0.218516 0.000000 23.215932 -0.218516 0.975833 0.000000 -2.270210 0.000000 0.000000 1.000000 0.000000
0.974143 0.225931 0.000000 23.789031 -0.225931 0.974143 0.000000 -2.332425 0.000000 0.000000 1.000000 0.000000
0.972176 0.234253 0.000000 24.307557 -0.234253 0.972176 0.000000 -2.424139 0.000000 0.000000 1.000000 0.000000
0.970571 0.240813 0.000000 24.835337 -0.240813 0.970571 0.000000 -2.532367 0.000000 0.000000 1.000000 0.000000
0.969084 0.246732 0.000000 25.178754 -0.246732 0.969084 0.000000 -2.528932 0.000000 0.000000 1.000000 0.000000
0.967451 0.253059 0.000000 25.633425 -0.253059 0.967451 0.000000 -2.637143 0.000000 0.000000 1.000000 0.000000
0.965874 0.259013 0.000000 26.242353 -0.259013 0.965874 0.000000 -2.731693 0.000000 0.000000 1.000000 0.000000
0.964036 0.265773 0.000000 26.777451 -0.265773 0.964036 0.000000 -2.906058 0.000000 0.000000 1.000000 0.000000
0.961023 0.276470 0.000000 27.391173 -0.276470 0.961023 0.000000 -3.099191 0.000000 0.000000 1.000000 0.000000
0.959739 0.280893 0.000000 27.807849 -0.280893 0.959739 0.000000 -3.230203 0.000000 0.000000 1.000000 0.000000
0.958341 0.285628 0.000000 28.437257 -0.285628 0.958341 0.000000 -3.387690 0.000000 0.000000 1.000000 0.000000
0.954956 0.296747 0.000000 29.440416 -0.296747 0.954956 0.000000 -3.684794 0.000000 0.000000 1.000000 0.000000
0.954105 0.299474 0.000000 30.055768 -0.299474 0.954105 0.000000 -3.840386 0.000000 0.000000 1.000000 0.000000
0.952737 0.303795 0.000000 30.420442 -0.303795 0.952737 0.000000 -3.801071 0.000000 0.000000 1.000000 0.000000
0.950194 0.311660 0.000000 31.131142 -0.311660 0.950194 0.000000 -4.060709 0.000000 0.000000 1.000000 0.000000
0.947739 0.319047 0.000000 31.645862 -0.319047 0.947739 0.000000 -4.287316 0.000000 0.000000 1.000000 0.000000
0.947747 0.319023 0.000000 31.755373 -0.319023 0.947747 0.000000 -4.310248 0.000000 0.000000 1.000000 0.000000
0.945787 0.324787 0.000000 32.456380 -0.324787 0.945787 0.000000 -4.488971 0.000000 0.000000 1.000000 0.000000
0.944887 0.327396 0.000000 32.688385 -0.327396 0.944887 0.000000 -4.595152 0.000000 0.000000 1.000000 0.000000
0.941816 0.336130 0.000000 33.480771 -0.336130 0.941816 0.000000 -4.900559 0.000000 0.000000 1.000000 0.000000
0.940861 0.338793 0.000000 33.789654 -0.338793 0.940861 0.000000 -4.999926 0.000000 0.000000 1.000000 0.000000
0.939486 0.342588 0.000000 34.416677 -0.342588 0.939486 0.000000 -5.262429 0.000000 0.000000 1.000000 0.000000
0.937294 0.348539 0.000000 34.985358 -0.348539 0.937294 0.000000 -5.501041 0.000000 0.000000 1.000000 0.000000
0.936651 0.350265 0.000000 35.316628 -0.350265 0.936651 0.000000 -5.601158 0.000000 0.000000 1.000000 0.000000
0.933766 0.357884 0.000000 35.931405 -0.357884 0.933766 0.000000 -5.793108 0.000000 0.000000 1.000000 0.000000
0.931928 0.362643 0.000000 36.422890 -0.362643 0.931928 0.000000 -6.006867 0.000000 0.000000 1.000000 0.000000
0.929202 0.369572 0.000000 36.884045 -0.369572 0.929202 0.000000 -6.273843 0.000000 0.000000 1.000000 0.000000
0.927237 0.374474 0.000000 37.373236 -0.374474 0.927237 0.000000 -6.492286 0.000000 0.000000 1.000000 0.000000
0.924962 0.380060 0.000000 37.740801 -0.380060 0.924962 0.000000 -6.658944 0.000000 0.000000 1.000000 0.000000
0.921776 0.387722 0.000000 38.015580 -0.387722 0.921776 0.000000 -6.951626 0.000000 0.000000 1.000000 0.000000
0.920115 0.391648 0.000000 38.526501 -0.391648 0.920115 0.000000 -7.039325 0.000000 0.000000 1.000000 0.000000
0.918301 0.395882 0.000000 38.986456 -0.395882 0.918301 0.000000 -7.138014 0.000000 0.000000 1.000000 0.000000
0.916080 0.400996 0.000000 39.603735 -0.400996 0.916080 0.000000 -7.364440 0.000000 0.000000 1.000000 0.000000
0.913084 0.407771 0.000000 40.075873 -0.407771 0.913084 0.000000 -7.477484 0.000000 0.000000 1.000000 0.000000
0.909732 0.415195 0.000000 40.740177 -0.415195 0.909732 0.000000 -7.782706 0.000000 0.000000 1.000000 0.000000
0.905259 0.424860 0.000000 41.476637 -0.424860 0.905259 0.000000 -8.092687 0.000000 0.000000 1.000000 0.000000
0.901774 0.432208 0.000000 42.116559 -0.432208 0.901774 0.000000 -8.375667 0.000000 0.000000 1.000000 0.000000
0.896771 0.442495 0.000000 42.934973 -0.442495 0.896771 0.000000 -8.845935 0.000000 0.000000 1.000000 0.000000
0.893229 0.449603 0.000000 43.582190 -0.449603 0.893229 0.000000 -9.111077 0.000000 0.000000 1.000000 0.000000
0.892483 0.451081 0.000000 44.095335 -0.451081 0.892483 0.000000 -9.362411 0.000000 0.000000 1.000000 0.000000
0.893170 0.449719 0.000000 44.255972 -0.449719 0.893170 0.000000 -9.470703 0.000000 0.000000 1.000000 0.000000
0.891569 0.452885 0.000000 44.798000 -0.452885 0.891569 0.000000 -9.605542 0.000000 0.000000 1.000000 0.000000
0.889386 0.457158 0.000000 45.320769 -0.457158 0.889386 0.000000 -9.869127 0.000000 0.000000 1.000000 0.000000
0.887047 0.461679 0.000000 45.829878 -0.461679 0.887047 0.000000 -10.241994 0.000000 0.000000 1.000000 0.000000
0.885624 0.464404 0.000000 46.241136 -0.464404 0.885624 0.000000 -10.407931 0.000000 0.000000 1.000000 0.000000
0.885507 0.464626 0.000000 46.541904 -0.464626 0.885507 0.000000 -10.530156 0.000000 0.000000 1.000000 0.000000
0.883910 0.467656 0.000000 46.906561 -0.467656 0.883910 0.000000 -10.706085 0.000000 0.000000 1.000000 0.000000
0.881890 0.471456 0.000000 47.390661 -0.471456 0.881890 0.000000 -10.980695 0.000000 0.000000 1.000000 0.000000
0.880420 0.474194 0.000000 47.792310 -0.474194 0.880420 0.000000 -11.125271 0.000000 0.000000 1.000000 0.000000
0.878564 0.477626 0.000000 48.222980 -0.477626 0.878564 0.000000 -11.342257 0.000000 0.000000 1.000000 0.000000
0.876762 0.480924 0.000000 48.766647 -0.480924 0.876762 0.000000 -11.727567 0.000000 0.000000 1.000000 0.000000
0.875043 0.484044 0.000000 49.143013 -0.484044 0.875043 0.000000 -11.918005 0.000000 0.000000 1.000000 0.000000
0.875623 0.482995 0.000000 49.312810 -0.482995 0.875623 0.000000 -12.028487 0.000000 0.000000 1.000000 0.000000
0.871343 0.490675 0.000000 49.717287 -0.490675 0.871343 0.000000 -12.321186 0.000000 0.000000 1.000000 0.000000
0.870735 0.491752 0.000000 50.143811 -0.491752 0.870735 0.000000 -12.496778 0.000000 0.000000 1.000000 0.000000
0.868514 0.495664 0.000000 50.514609 -0.495664 0.868514 0.000000 -12.841802 0.000000 0.000000 1.000000 0.000000
0.866129 0.499821 0.000000 50.829332 -0.499821 0.866129 0.000000 -12.943548 0.000000 0.000000 1.000000 0.000000
0.863975 0.503535 0.000000 51.210350 -0.503535 0.863975 0.000000 -13.159665 0.000000 0.000000 1.000000 0.000000
0.861960 0.506977 0.000000 51.513624 -0.506977 0.861960 0.000000 -13.311496 0.000000 0.000000 1.000000 0.000000
0.858510 0.512797 0.000000 51.758436 -0.512797 0.858510 0.000000 -13.456369 0.000000 0.000000 1.000000 0.000000
0.855232 0.518245 0.000000 52.637542 -0.518245 0.855232 0.000000 -13.797225 0.000000 0.000000 1.000000 0.000000
0.851789 0.523884 0.000000 53.058333 -0.523884 0.851789 0.000000 -13.959172 0.000000 0.000000 1.000000 0.000000
0.847030 0.531546 0.000000 53.567885 -0.531546 0.847030 0.000000 -14.297491 0.000000 0.000000 1.000000 0.000000
0.843795 0.536665 0.000000 53.810495 -0.536665 0.843795 0.000000 -14.418851 0.000000 0.000000 1.000000 0.000000
0.842048 0.539403 0.000000 54.160426 -0.539403 0.842048 0.000000 -14.693428 0.000000 0.000000 1.000000 0.000000
0.839798 0.542899 0.000000 54.350470 -0.542899 0.839798 0.000000 -14.798857 0.000000 0.000000 1.000000 0.000000
0.836222 0.548391 0.000000 54.846269 -0.548391 0.836222 0.000000 -15.083041 0.000000 0.000000 1.000000 0.000000
0.833717 0.552191 0.000000 55.289663 -0.552191 0.833717 0.000000 -15.231033 0.000000 0.000000 1.000000 0.000000
0.832994 0.553283 0.000000 55.437538 -0.553283 0.832994 0.000000 -15.353301 0.000000 0.000000 1.000000 0.000000
0.832092 0.554637 0.000000 55.719751 -0.554637 0.832092 0.000000 -15.597796 0.000000 0.000000 1.000000 0.000000
0.829540 0.558448 0.000000 56.045640 -0.558448 0.829540 0.000000 -15.756671 0.000000 0.000000 1.000000 0.000000
0.818625 0.574328 0.000000 56.406064 -0.574328 0.818625 0.000000 -16.494214 0.000000 0.000000 1.000000 0.000000
0.814946 0.579537 0.000000 56.822043 -0.579537 0.814946 0.000000 -16.875245 0.000000 0.000000 1.000000 0.000000
0.814686 0.579902 0.000000 57.063922 -0.579902 0.814686 0.000000 -17.042299 0.000000 0.000000 1.000000 0.000000
0.814504 0.580158 0.000000 57.380144 -0.580158 0.814504 0.000000 -17.193844 0.000000 0.000000 1.000000 0.000000
0.811524 0.584319 0.000000 57.583454 -0.584319 0.811524 0.000000 -17.395086 0.000000 0.000000 1.000000 0.000000
0.810029 0.586390 0.000000 57.837592 -0.586390 0.810029 0.000000 -17.590791 0.000000 0.000000 1.000000 0.000000
0.809641 0.586925 0.000000 58.076815 -0.586925 0.809641 0.000000 -17.788323 0.000000 0.000000 1.000000 0.000000
0.808532 0.588453 0.000000 58.228542 -0.588453 0.808532 0.000000 -17.942283 0.000000 0.000000 1.000000 0.000000
0.824546 0.565796 0.000000 58.374979 -0.565796 0.824546 0.000000 -17.832174 0.000000 0.000000 1.000000 0.000000
0.823689 0.567041 0.000000 58.591600 -0.567041 0.823689 0.000000 -18.000830 0.000000 0.000000 1.000000 0.000000
0.821270 0.570540 0.000000 58.793467 -0.570540 0.821270 0.000000 -18.137855 0.000000 0.000000 1.000000 0.000000
0.818445 0.574584 0.000000 59.103949 -0.574584 0.818445 0.000000 -18.341132 0.000000 0.000000 1.000000 0.000000
0.817002 0.576635 0.000000 59.485256 -0.576635 0.817002 0.000000 -18.598164 0.000000 0.000000 1.000000 0.000000
0.814790 0.579756 0.000000 59.654211 -0.579756 0.814790 0.000000 -18.713478 0.000000 0.000000 1.000000 0.000000
0.813634 0.581378 0.000000 59.858210 -0.581378 0.813634 0.000000 -18.909264 0.000000 0.000000 1.000000 0.000000
0.810726 0.585426 0.000000 60.205434 -0.585426 0.810726 0.000000 -19.147916 0.000000 0.000000 1.000000 0.000000
0.808147 0.588980 0.000000 60.398921 -0.588980 0.808147 0.000000 -19.242090 0.000000 0.000000 1.000000 0.000000
0.807604 0.589725 0.000000 60.689605 -0.589725 0.807604 0.000000 -19.457859 0.000000 0.000000 1.000000 0.000000
0.808439 0.588580 0.000000 60.859197 -0.588580 0.808439 0.000000 -19.589580 0.000000 0.000000 1.000000 0.000000
0.805937 0.592002 0.000000 61.107494 -0.592002 0.805937 0.000000 -19.733195 0.000000 0.000000 1.000000 0.000000
0.805659 0.592379 0.000000 61.261601 -0.592379 0.805659 0.000000 -19.855002 0.000000 0.000000 1.000000 0.000000
0.803437 0.595390 0.000000 61.427930 -0.595390 0.803437 0.000000 -20.014732 0.000000 0.000000 1.000000 0.000000
0.800857 0.598856 0.000000 61.580980 -0.598856 0.800857 0.000000 -20.266750 0.000000 0.000000 1.000000 0.000000
0.802143 0.597131 0.000000 61.743077 -0.597131 0.802143 0.000000 -20.312860 0.000000 0.000000 1.000000 0.000000
0.800877 0.598829 0.000000 62.201832 -0.598829 0.800877 0.000000 -20.599876 0.000000 0.000000 1.000000 0.000000
0.795085 0.606497 0.000000 62.524721 -0.606497 0.795085 0.000000 -20.829207 0.000000 0.000000 1.000000 0.000000
0.790263 0.612768 0.000000 62.934210 -0.612768 0.790263 0.000000 -21.146507 0.000000 0.000000 1.000000 0.000000
0.789967 0.613149 0.000000 63.042580 -0.613149 0.789967 0.000000 -21.243863 0.000000 0.000000 1.000000 0.000000
0.789394 0.613887 0.000000 63.303686 -0.613887 0.789394 0.000000 -21.403565 0.000000 0.000000 1.000000 0.000000
0.788250 0.615355 0.000000 63.437015 -0.615355 0.788250 0.000000 -21.542242 0.000000 0.000000 1.000000 0.000000
0.786420 0.617692 0.000000 63.624948 -0.617692 0.786420 0.000000 -21.669648 0.000000 0.000000 1.000000 0.000000
0.783085 0.621915 0.000000 63.839084 -0.621915 0.783085 0.000000 -21.881117 0.000000 0.000000 1.000000 0.000000
0.782736 0.622354 0.000000 64.005495 -0.622354 0.782736 0.000000 -22.014528 0.000000 0.000000 1.000000 0.000000
0.782440 0.622726 0.000000 64.126133 -0.622726 0.782440 0.000000 -22.092417 0.000000 0.000000 1.000000 0.000000
0.780635 0.624987 0.000000 64.278189 -0.624987 0.780635 0.000000 -22.247681 0.000000 0.000000 1.000000 0.000000
0.779939 0.625855 0.000000 64.493640 -0.625855 0.779939 0.000000 -22.377432 0.000000 0.000000 1.000000 0.000000
0.777308 0.629120 0.000000 64.581064 -0.629120 0.777308 0.000000 -22.494002 0.000000 0.000000 1.000000 0.000000
0.776340 0.630315 0.000000 64.754059 -0.630315 0.776340 0.000000 -22.615229 0.000000 0.000000 1.000000 0.000000
0.774838 0.632160 0.000000 64.963948 -0.632160 0.774838 0.000000 -22.691492 0.000000 0.000000 1.000000 0.000000
0.771862 0.635790 0.000000 65.105454 -0.635790 0.771862 0.000000 -22.869602 0.000000 0.000000 1.000000 0.000000
0.769243 0.638957 0.000000 65.442398 -0.638957 0.769243 0.000000 -23.052154 0.000000 0.000000 1.000000 0.000000
0.762182 0.647363 0.000000 65.753859 -0.647363 0.762182 0.000000 -23.286989 0.000000 0.000000 1.000000 0.000000
0.758356 0.651840 0.000000 65.980496 -0.651840 0.758356 0.000000 -23.477193 0.000000 0.000000 1.000000 0.000000
0.758349 0.651848 0.000000 66.062300 -0.651848 0.758349 0.000000 -23.476172 0.000000 0.000000 1.000000 0.000000
0.757745 0.652551 0.000000 66.087916 -0.652551 0.757745 0.000000 -23.494361 0.000000 0.000000 1.000000 0.000000
0.757209 0.653173 0.000000 66.251864 -0.653173 0.757209 0.000000 -23.620785 0.000000 0.000000 1.000000 0.000000
0.753921 0.656965 0.000000 66.492128 -0.656965 0.753921 0.000000 -23.798558 0.000000 0.000000 1.000000 0.000000
0.750568 0.660794 0.000000 66.648106 -0.660794 0.750568 0.000000 -24.068882 0.000000 0.000000 1.000000 0.000000
0.746361 0.665541 0.000000 66.802523 -0.665541 0.746361 0.000000 -24.255987 0.000000 0.000000 1.000000 0.000000
0.743854 0.668343 0.000000 66.951145 -0.668343 0.743854 0.000000 -24.349522 0.000000 0.000000 1.000000 0.000000
0.741013 0.671490 0.000000 67.010237 -0.671490 0.741013 0.000000 -24.365766 0.000000 0.000000 1.000000 0.000000
0.739293 0.673384 0.000000 67.032803 -0.673384 0.739293 0.000000 -24.452442 0.000000 0.000000 1.000000 0.000000
0.738819 0.673904 0.000000 67.191321 -0.673904 0.738819 0.000000 -24.588338 0.000000 0.000000 1.000000 0.000000
0.735222 0.677826 0.000000 67.326788 -0.677826 0.735222 0.000000 -24.697261 0.000000 0.000000 1.000000 0.000000
0.735594 0.677422 0.000000 67.380022 -0.677422 0.735594 0.000000 -24.871715 0.000000 0.000000 1.000000 0.000000
0.732163 0.681129 0.000000 67.813371 -0.681129 0.732163 0.000000 -25.112663 0.000000 0.000000 1.000000 0.000000
0.729445 0.684040 0.000000 67.906563 -0.684040 0.729445 0.000000 -25.221084 0.000000 0.000000 1.000000 0.000000
0.725924 0.687775 0.000000 68.087011 -0.687775 0.725924 0.000000 -25.446438 0.000000 0.000000 1.000000 0.000000
0.722932 0.690920 0.000000 68.335205 -0.690920 0.722932 0.000000 -25.604513 0.000000 0.000000 1.000000 0.000000
0.719714 0.694271 0.000000 68.429845 -0.694271 0.719714 0.000000 -25.766327 0.000000 0.000000 1.000000 0.000000
0.718498 0.695529 0.000000 68.656913 -0.695529 0.718498 0.000000 -25.967257 0.000000 0.000000 1.000000 0.000000
0.713169 0.700992 0.000000 68.940467 -0.700992 0.713169 0.000000 -26.283027 0.000000 0.000000 1.000000 0.000000
0.709396 0.704810 0.000000 69.172980 -0.704810 0.709396 0.000000 -26.474031 0.000000 0.000000 1.000000 0.000000
0.706443 0.707770 0.000000 69.349029 -0.707770 0.706443 0.000000 -26.658284 0.000000 0.000000 1.000000 0.000000
0.702377 0.711805 0.000000 69.440738 -0.711805 0.702377 0.000000 -26.916271 0.000000 0.000000 1.000000 0.000000
0.699161 0.714965 0.000000 69.741657 -0.714965 0.699161 0.000000 -27.089063 0.000000 0.000000 1.000000 0.000000
0.692237 0.721670 0.000000 69.732570 -0.721670 0.692237 0.000000 -27.407363 0.000000 0.000000 1.000000 0.000000
0.687676 0.726018 0.000000 69.693296 -0.726018 0.687676 0.000000 -27.626913 0.000000 0.000000 1.000000 0.000000
0.679461 0.733711 0.000000 70.005398 -0.733711 0.679461 0.000000 -27.963028 0.000000 0.000000 1.000000 0.000000
0.678469 0.734629 0.000000 70.178315 -0.734629 0.678469 0.000000 -28.115125 0.000000 0.000000 1.000000 0.000000
0.674934 0.737878 0.000000 70.356471 -0.737878 0.674934 0.000000 -28.284565 0.000000 0.000000 1.000000 0.000000
0.671180 0.741294 0.000000 70.493009 -0.741294 0.671180 0.000000 -28.607343 0.000000 0.000000 1.000000 0.000000
0.669231 0.743055 0.000000 70.678361 -0.743055 0.669231 0.000000 -28.822768 0.000000 0.000000 1.000000 0.000000
0.668956 0.743302 0.000000 70.884283 -0.743302 0.668956 0.000000 -28.907511 0.000000 0.000000 1.000000 0.000000
0.668391 0.743810 0.000000 71.042278 -0.743810 0.668391 0.000000 -29.101236 0.000000 0.000000 1.000000 0.000000
0.667906 0.744246 0.000000 71.274862 -0.744246 0.667906 0.000000 -29.231632 0.000000 0.000000 1.000000 0.000000
0.666999 0.745058 0.000000 71.450460 -0.745058 0.666999 0.000000 -29.507783 0.000000 0.000000 1.000000 0.000000
0.662992 0.748626 0.000000 71.604099 -0.748626 0.662992 0.000000 -29.858235 0.000000 0.000000 1.000000 0.000000
0.660892 0.750481 0.000000 71.770123 -0.750481 0.660892 0.000000 -30.098885 0.000000 0.000000 1.000000 0.000000
0.662907 0.748701 0.000000 71.876926 -0.748701 0.662907 0.000000 -30.252697 0.000000 0.000000 1.000000 0.000000
0.665304 0.746572 0.000000 71.913856 -0.746572 0.665304 0.000000 -30.418799 0.000000 0.000000 1.000000 0.000000
0.669159 0.743120 0.000000 72.050530 -0.743120 0.669159 0.000000 -30.543464 0.000000 0.000000 1.000000 0.000000
0.668799 0.743443 0.000000 72.226091 -0.743443 0.668799 0.000000 -30.753516 0.000000 0.000000 1.000000 0.000000
0.668129 0.744046 0.000000 72.359564 -0.744046 0.668129 0.000000 -31.009323 0.000000 0.000000 1.000000 0.000000
0.668250 0.743937 0.000000 72.465648 -0.743937 0.668250 0.000000 -31.176523 0.000000 0.000000 1.000000 0.000000
0.667616 0.744506 0.000000 72.561383 -0.744506 0.667616 0.000000 -31.346676 0.000000 0.000000 1.000000 0.000000
0.668207 0.743976 0.000000 72.888836 -0.743976 0.668207 0.000000 -31.613387 0.000000 0.000000 1.000000 0.000000
0.669494 0.742817 0.000000 73.045745 -0.742817 0.669494 0.000000 -31.832399 0.000000 0.000000 1.000000 0.000000
0.669932 0.742422 0.000000 73.266361 -0.742422 0.669932 0.000000 -32.082233 0.000000 0.000000 1.000000 0.000000
0.672373 0.740212 0.000000 73.441610 -0.740212 0.672373 0.000000 -32.222020 0.000000 0.000000 1.000000 0.000000
0.673901 0.738822 0.000000 73.606152 -0.738822 0.673901 0.000000 -32.373196 0.000000 0.000000 1.000000 0.000000
0.674134 0.738609 0.000000 73.797648 -0.738609 0.674134 0.000000 -32.525947 0.000000 0.000000 1.000000 0.000000
0.675660 0.737213 0.000000 74.052547 -0.737213 0.675660 0.000000 -32.697484 0.000000 0.000000 1.000000 0.000000
0.678517 0.734584 0.000000 74.364087 -0.734584 0.678517 0.000000 -32.865461 0.000000 0.000000 1.000000 0.000000
0.677975 0.735085 0.000000 74.613992 -0.735085 0.677975 0.000000 -33.060569 0.000000 0.000000 1.000000 0.000000
0.678379 0.734713 0.000000 74.833974 -0.734713 0.678379 0.000000 -33.351301 0.000000 0.000000 1.000000 0.000000
0.684893 0.728643 0.000000 75.190791 -0.728643 0.684893 0.000000 -33.168127 0.000000 0.000000 1.000000 0.000000
0.688618 0.725124 0.000000 75.349988 -0.725124 0.688618 0.000000 -33.287653 0.000000 0.000000 1.000000 0.000000
0.691761 0.722126 0.000000 75.444351 -0.722126 0.691761 0.000000 -33.381736 0.000000 0.000000 1.000000 0.000000
0.699395 0.714735 0.000000 75.726748 -0.714735 0.699395 0.000000 -33.570371 0.000000 0.000000 1.000000 0.000000
0.702919 0.711270 0.000000 75.799508 -0.711270 0.702919 0.000000 -33.714920 0.000000 0.000000 1.000000 0.000000
0.706262 0.707951 0.000000 75.970254 -0.707951 0.706262 0.000000 -33.861632 0.000000 0.000000 1.000000 0.000000
0.713243 0.700917 0.000000 76.194736 -0.700917 0.713243 0.000000 -34.099570 0.000000 0.000000 1.000000 0.000000
0.721695 0.692212 0.000000 76.329759 -0.692212 0.721695 0.000000 -34.350294 0.000000 0.000000 1.000000 0.000000
0.728770 0.684759 0.000000 76.498251 -0.684759 0.728770 0.000000 -34.487451 0.000000 0.000000 1.000000 0.000000
0.737293 0.675573 0.000000 76.421136 -0.675573 0.737293 0.000000 -34.446786 0.000000 0.000000 1.000000 0.000000
0.743046 0.669241 0.000000 76.569741 -0.669241 0.743046 0.000000 -34.732261 0.000000 0.000000 1.000000 0.000000
0.747806 0.663917 0.000000 76.619300 -0.663917 0.747806 0.000000 -34.837979 0.000000 0.000000 1.000000 0.000000
0.750682 0.660663 0.000000 76.726079 -0.660663 0.750682 0.000000 -34.918049 0.000000 0.000000 1.000000 0.000000
0.754203 0.656642 0.000000 76.775200 -0.656642 0.754203 0.000000 -34.904399 0.000000 0.000000 1.000000 0.000000
0.759596 0.650395 0.000000 76.903820 -0.650395 0.759596 0.000000 -35.023038 0.000000 0.000000 1.000000 0.000000
0.767169 0.641445 0.000000 77.067555 -0.641445 0.767169 0.000000 -35.091971 0.000000 0.000000 1.000000 0.000000
0.770979 0.636861 0.000000 77.066524 -0.636861 0.770979 0.000000 -35.099012 0.000000 0.000000 1.000000 0.000000
0.776477 0.630146 0.000000 77.129783 -0.630146 0.776477 0.000000 -35.042141 0.000000 0.000000 1.000000 0.000000
0.779408 0.626516 0.000000 77.255853 -0.626516 0.779408 0.000000 -35.125195 0.000000 0.000000 1.000000 0.000000
0.784197 0.620513 0.000000 77.386145 -0.620513 0.784197 0.000000 -35.183481 0.000000 0.000000 1.000000 0.000000
0.786650 0.617399 0.000000 77.489442 -0.617399 0.786650 0.000000 -35.259069 0.000000 0.000000 1.000000 0.000000
0.791207 0.611548 0.000000 77.545418 -0.611548 0.791207 0.000000 -35.355402 0.000000 0.000000 1.000000 0.000000
0.792444 0.609945 0.000000 77.528834 -0.609945 0.792444 0.000000 -35.473999 0.000000 0.000000 1.000000 0.000000
0.796600 0.604506 0.000000 77.590667 -0.604506 0.796600 0.000000 -35.481802 0.000000 0.000000 1.000000 0.000000
0.796067 0.605208 0.000000 77.630615 -0.605208 0.796067 0.000000 -35.642637 0.000000 0.000000 1.000000 0.000000
0.796589 0.604521 0.000000 77.610627 -0.604521 0.796589 0.000000 -35.661907 0.000000 0.000000 1.000000 0.000000
0.801441 0.598074 0.000000 77.749382 -0.598074 0.801441 0.000000 -35.526657 0.000000 0.000000 1.000000 0.000000
0.802478 0.596682 0.000000 77.802225 -0.596682 0.802478 0.000000 -35.598030 0.000000 0.000000 1.000000 0.000000
0.805013 0.593257 0.000000 77.878990 -0.593257 0.805013 0.000000 -35.584970 0.000000 0.000000 1.000000 0.000000
0.804389 0.594103 0.000000 77.997928 -0.594103 0.804389 0.000000 -35.732857 0.000000 0.000000 1.000000 0.000000
0.806894 0.590696 0.000000 77.925788 -0.590696 0.806894 0.000000 -35.622492 0.000000 0.000000 1.000000 0.000000
0.809224 0.587500 0.000000 77.911086 -0.587500 0.809224 0.000000 -35.552661 0.000000 0.000000 1.000000 0.000000
0.810176 0.586187 0.000000 78.023862 -0.586187 0.810176 0.000000 -35.582247 0.000000 0.000000 1.000000 0.000000
0.811928 0.583758 0.000000 78.094159 -0.583758 0.811928 0.000000 -35.585277 0.000000 0.000000 1.000000 0.000000
0.811423 0.584460 0.000000 78.138465 -0.584460 0.811423 0.000000 -35.657245 0.000000 0.000000 1.000000 0.000000
0.812234 0.583332 0.000000 78.094966 -0.583332 0.812234 0.000000 -35.645565 0.000000 0.000000 1.000000 0.000000
0.814356 0.580365 0.000000 78.075382 -0.580365 0.814356 0.000000 -35.535949 0.000000 0.000000 1.000000 0.000000
0.813997 0.580869 0.000000 78.051020 -0.580869 0.813997 0.000000 -35.516644 0.000000 0.000000 1.000000 0.000000
0.812881 0.582430 0.000000 77.961036 -0.582430 0.812881 0.000000 -35.667638 0.000000 0.000000 1.000000 0.000000
0.814242 0.580525 0.000000 77.962850 -0.580525 0.814242 0.000000 -35.609539 0.000000 0.000000 1.000000 0.000000
0.813954 0.580929 0.000000 77.970491 -0.580929 0.813954 0.000000 -35.598882 0.000000 0.000000 1.000000 0.000000
0.814250 0.580514 0.000000 77.944727 -0.580514 0.814250 0.000000 -35.598178 0.000000 0.000000 1.000000 0.000000
0.814066 0.580773 0.000000 77.956259 -0.580773 0.814066 0.000000 -35.607736 0.000000 0.000000 1.000000 0.000000
0.814279 0.580473 0.000000 77.942598 -0.580473 0.814279 0.000000 -35.610583 0.000000 0.000000 1.000000 0.000000
0.814768 0.579787 0.000000 77.932906 -0.579787 0.814768 0.000000 -35.606567 0.000000 0.000000 1.000000 0.000000
0.814718 0.579858 0.000000 77.952198 -0.579858 0.814718 0.000000 -35.610495 0.000000 0.000000 1.000000 0.000000
0.813963 0.580917 0.000000 77.957555 -0.580917 0.813963 0.000000 -35.633247 0.000000 0.000000 1.000000 0.000000
0.813858 0.581064 0.000000 77.934593 -0.581064 0.813858 0.000000 -35.649261 0.000000 0.000000 1.000000 0.000000
0.812260 0.583296 0.000000 77.928054 -0.583296 0.812260 0.000000 -35.691821 0.000000 0.000000 1.000000 0.000000
0.811834 0.583889 0.000000 77.882589 -0.583889 0.811834 0.000000 -35.698571 0.000000 0.000000 1.000000 0.000000
0.811828 0.583897 0.000000 77.875692 -0.583897 0.811828 0.000000 -35.683862 0.000000 0.000000 1.000000 0.000000
0.812572 0.582861 0.000000 77.866300 -0.582861 0.812572 0.000000 -35.666755 0.000000 0.000000 1.000000 0.000000
0.812854 0.582467 0.000000 77.891726 -0.582467 0.812854 0.000000 -35.664286 0.000000 0.000000 1.000000 0.000000
0.812394 0.583109 0.000000 77.897854 -0.583109 0.812394 0.000000 -35.677550 0.000000 0.000000 1.000000 0.000000
0.812248 0.583312 0.000000 77.902077 -0.583312 0.812248 0.000000 -35.680881 0.000000 0.000000 1.000000 0.000000
0.811656 0.584135 0.000000 77.871921 -0.584135 0.811656 0.000000 -35.716549 0.000000 0.000000 1.000000 0.000000
0.811236 0.584719 0.000000 77.869789 -0.584719 0.811236 0.000000 -35.740518 0.000000 0.000000 1.000000 0.000000
0.811308 0.584619 0.000000 77.872957 -0.584619 0.811308 0.000000 -35.741077 0.000000 0.000000 1.000000 0.000000
0.811098 0.584910 0.000000 77.864251 -0.584910 0.811098 0.000000 -35.752277 0.000000 0.000000 1.000000 0.000000
0.811519 0.584326 0.000000 77.867571 -0.584326 0.811519 0.000000 -35.744550 0.000000 0.000000 1.000000 0.000000
0.811387 0.584510 0.000000 77.867280 -0.584510 0.811387 0.000000 -35.740649 0.000000 0.000000 1.000000 0.000000
0.811671 0.584115 0.000000 77.887898 -0.584115 0.811671 0.000000 -35.732901 0.000000 0.000000 1.000000 0.000000
0.811393 0.584501 0.000000 77.892204 -0.584501 0.811393 0.000000 -35.752625 0.000000 0.000000 1.000000 0.000000
0.811580 0.584242 0.000000 77.900590 -0.584242 0.811580 0.000000 -35.742334 0.000000 0.000000 1.000000 0.000000
0.811622 0.584183 0.000000 77.868441 -0.584183 0.811622 0.000000 -35.737719 0.000000 0.000000 1.000000 0.000000
0.812021 0.583628 0.000000 77.925652 -0.583628 0.812021 0.000000 -35.742089 0.000000 0.000000 1.000000 0.000000
0.812395 0.583108 0.000000 77.919047 -0.583108 0.812395 0.000000 -35.729653 0.000000 0.000000 1.000000 0.000000
0.813210 0.581971 0.000000 77.918507 -0.581971 0.813210 0.000000 -35.701001 0.000000 0.000000 1.000000 0.000000
0.812950 0.582334 0.000000 77.902604 -0.582334 0.812950 0.000000 -35.717175 0.000000 0.000000 1.000000 0.000000
0.813466 0.581612 0.000000 77.859697 -0.581612 0.813466 0.000000 -35.692953 0.000000 0.000000 1.000000 0.000000
0.814975 0.579496 0.000000 77.896368 -0.579496 0.814975 0.000000 -35.629776 0.000000 0.000000 1.000000 0.000000
0.814891 0.579615 0.000000 77.891239 -0.579615 0.814891 0.000000 -35.635275 0.000000 0.000000 1.000000 0.000000
0.816180 0.577797 0.000000 77.934003 -0.577797 0.816180 0.000000 -35.588384 0.000000 0.000000 1.000000 0.000000
0.816332 0.577582 0.000000 77.930390 -0.577582 0.816332 0.000000 -35.584455 0.000000 0.000000 1.000000 0.000000
0.815913 0.578175 0.000000 77.867197 -0.578175 0.815913 0.000000 -35.599901 0.000000 0.000000 1.000000 0.000000
0.816421 0.577456 0.000000 77.866533 -0.577456 0.816421 0.000000 -35.587398 0.000000 0.000000 1.000000 0.000000
0.816078 0.577942 0.000000 77.870173 -0.577942 0.816078 0.000000 -35.617869 0.000000 0.000000 1.000000 0.000000
0.815674 0.578512 0.000000 77.855079 -0.578512 0.815674 0.000000 -35.654726 0.000000 0.000000 1.000000 0.000000
0.815406 0.578890 0.000000 77.864548 -0.578890 0.815406 0.000000 -35.678500 0.000000 0.000000 1.000000 0.000000
0.813357 0.581765 0.000000 77.866080 -0.581765 0.813357 0.000000 -35.788665 0.000000 0.000000 1.000000 0.000000
0.813888 0.581021 0.000000 77.851451 -0.581021 0.813888 0.000000 -35.746114 0.000000 0.000000 1.000000 0.000000
0.816343 0.577567 0.000000 77.828718 -0.577567 0.816343 0.000000 -35.600355 0.000000 0.000000 1.000000 0.000000
0.817371 0.576112 0.000000 77.832288 -0.576112 0.817371 0.000000 -35.548756 0.000000 0.000000 1.000000 0.000000
0.816599 0.577205 0.000000 77.831515 -0.577205 0.816599 0.000000 -35.584289 0.000000 0.000000 1.000000 0.000000
0.816190 0.577783 0.000000 77.822770 -0.577783 0.816190 0.000000 -35.625055 0.000000 0.000000 1.000000 0.000000
0.815833 0.578288 0.000000 77.822361 -0.578288 0.815833 0.000000 -35.629530 0.000000 0.000000 1.000000 0.000000
0.817485 0.575950 0.000000 77.840133 -0.575950 0.817485 0.000000 -35.559357 0.000000 0.000000 1.000000 0.000000
0.817132 0.576450 0.000000 77.835192 -0.576450 0.817132 0.000000 -35.584612 0.000000 0.000000 1.000000 0.000000
0.752948 0.658080 0.000000 77.384007 -0.658080 0.752948 0.000000 -36.708172 0.000000 0.000000 1.000000 0.000000
0.753147 0.657853 0.000000 77.362352 -0.657853 0.753147 0.000000 -36.700453 0.000000 0.000000 1.000000 0.000000
0.753308 0.657668 0.000000 77.356096 -0.657668 0.753308 0.000000 -36.701228 0.000000 0.000000 1.000000 0.000000
0.753532 0.657411 0.000000 77.353871 -0.657411 0.753532 0.000000 -36.702572 0.000000 0.000000 1.000000 0.000000
0.754040 0.656828 0.000000 77.358738 -0.656828 0.754040 0.000000 -36.691092 0.000000 0.000000 1.000000 0.000000
0.754615 0.656168 0.000000 77.378818 -0.656168 0.754615 0.000000 -36.668552 0.000000 0.000000 1.000000 0.000000
0.754835 0.655915 0.000000 77.382566 -0.655915 0.754835 0.000000 -36.659051 0.000000 0.000000 1.000000 0.000000
0.754626 0.656155 0.000000 77.370289 -0.656155 0.754626 0.000000 -36.658897 0.000000 0.000000 1.000000 0.000000
0.754384 0.656433 0.000000 77.375784 -0.656433 0.754384 0.000000 -36.676957 0.000000 0.000000 1.000000 0.000000
0.754453 0.656354 0.000000 77.369384 -0.656354 0.754453 0.000000 -36.665836 0.000000 0.000000 1.000000 0.000000
0.756470 0.654028 0.000000 77.342215 -0.654028 0.756470 0.000000 -36.540830 0.000000 0.000000 1.000000 0.000000
0.757527 0.652804 0.000000 77.340650 -0.652804 0.757527 0.000000 -36.490849 0.000000 0.000000 1.000000 0.000000
0.759535 0.650467 0.000000 77.296608 -0.650467 0.759535 0.000000 -36.376442 0.000000 0.000000 1.000000 0.000000
0.759780 0.650181 0.000000 77.298102 -0.650181 0.759780 0.000000 -36.375397 0.000000 0.000000 1.000000 0.000000
0.759776 0.650185 0.000000 77.286064 -0.650185 0.759776 0.000000 -36.377022 0.000000 0.000000 1.000000 0.000000
0.760399 0.649456 0.000000 77.322720 -0.649456 0.760399 0.000000 -36.369247 0.000000 0.000000 1.000000 0.000000
0.760600 0.649220 0.000000 77.326572 -0.649220 0.760600 0.000000 -36.370092 0.000000 0.000000 1.000000 0.000000
0.760562 0.649265 0.000000 77.316269 -0.649265 0.760562 0.000000 -36.369989 0.000000 0.000000 1.000000 0.000000
0.762064 0.647502 0.000000 77.313919 -0.647502 0.762064 0.000000 -36.289780 0.000000 0.000000 1.000000 0.000000
0.766818 0.641864 0.000000 77.371681 -0.641864 0.766818 0.000000 -36.039052 0.000000 0.000000 1.000000 0.000000
0.768434 0.639929 0.000000 77.485173 -0.639929 0.768434 0.000000 -35.947312 0.000000 0.000000 1.000000 0.000000
0.769405 0.638762 0.000000 77.425219 -0.638762 0.769405 0.000000 -35.882332 0.000000 0.000000 1.000000 0.000000
0.769307 0.638879 0.000000 77.435472 -0.638879 0.769307 0.000000 -35.834204 0.000000 0.000000 1.000000 0.000000
0.770524 0.637411 0.000000 77.396874 -0.637411 0.770524 0.000000 -35.758986 0.000000 0.000000 1.000000 0.000000
0.770302 0.637679 0.000000 77.398677 -0.637679 0.770302 0.000000 -35.754648 0.000000 0.000000 1.000000 0.000000
0.770896 0.636961 0.000000 77.363431 -0.636961 0.770896 0.000000 -35.719735 0.000000 0.000000 1.000000 0.000000
0.771800 0.635865 0.000000 77.398940 -0.635865 0.771800 0.000000 -35.695654 0.000000 0.000000 1.000000 0.000000
0.772387 0.635152 0.000000 77.366384 -0.635152 0.772387 0.000000 -35.661546 0.000000 0.000000 1.000000 0.000000
0.774972 0.631995 0.000000 77.231184 -0.631995 0.774972 0.000000 -35.487710 0.000000 0.000000 1.000000 0.000000
0.779565 0.626321 0.000000 77.217106 -0.626321 0.779565 0.000000 -35.284443 0.000000 0.000000 1.000000 0.000000
0.781561 0.623829 0.000000 77.262885 -0.623829 0.781561 0.000000 -35.283632 0.000000 0.000000 1.000000 0.000000
0.783776 0.621044 0.000000 77.301862 -0.621044 0.783776 0.000000 -35.252190 0.000000 0.000000 1.000000 0.000000
0.781990 0.623291 0.000000 77.326845 -0.623291 0.781990 0.000000 -35.326201 0.000000 0.000000 1.000000 0.000000
0.781818 0.623507 0.000000 77.317526 -0.623507 0.781818 0.000000 -35.335647 0.000000 0.000000 1.000000 0.000000
0.781095 0.624412 0.000000 77.385820 -0.624412 0.781095 0.000000 -35.443492 0.000000 0.000000 1.000000 0.000000
0.781540 0.623855 0.000000 77.389551 -0.623855 0.781540 0.000000 -35.377238 0.000000 0.000000 1.000000 0.000000
0.782036 0.623234 0.000000 77.419297 -0.623234 0.782036 0.000000 -35.382970 0.000000 0.000000 1.000000 0.000000
0.782320 0.622877 0.000000 77.417327 -0.622877 0.782320 0.000000 -35.356857 0.000000 0.000000 1.000000 0.000000
0.782973 0.622056 0.000000 77.426228 -0.622056 0.782973 0.000000 -35.366217 0.000000 0.000000 1.000000 0.000000
0.782919 0.622124 0.000000 77.440630 -0.622124 0.782919 0.000000 -35.389568 0.000000 0.000000 1.000000 0.000000
0.784867 0.619664 0.000000 77.396408 -0.619664 0.784867 0.000000 -35.331870 0.000000 0.000000 1.000000 0.000000
0.785761 0.618531 0.000000 77.458876 -0.618531 0.785761 0.000000 -35.340362 0.000000 0.000000 1.000000 0.000000
0.786410 0.617704 0.000000 77.469136 -0.617704 0.786410 0.000000 -35.343394 0.000000 0.000000 1.000000 0.000000
0.787241 0.616645 0.000000 77.490515 -0.616645 0.787241 0.000000 -35.330470 0.000000 0.000000 1.000000 0.000000
0.787617 0.616166 0.000000 77.532352 -0.616166 0.787617 0.000000 -35.311354 0.000000 0.000000 1.000000 0.000000
0.787876 0.615834 0.000000 77.534482 -0.615834 0.787876 0.000000 -35.306777 0.000000 0.000000 1.000000 0.000000
0.787203 0.616695 0.000000 77.535598 -0.616695 0.787203 0.000000 -35.334306 0.000000 0.000000 1.000000 0.000000
0.788846 0.614591 0.000000 77.569840 -0.614591 0.788846 0.000000 -35.369240 0.000000 0.000000 1.000000 0.000000
0.788719 0.614754 0.000000 77.570915 -0.614754 0.788719 0.000000 -35.372270 0.000000 0.000000 1.000000 0.000000
0.788159 0.615472 0.000000 77.560641 -0.615472 0.788159 0.000000 -35.387691 0.000000 0.000000 1.000000 0.000000
0.788439 0.615113 0.000000 77.565462 -0.615113 0.788439 0.000000 -35.363433 0.000000 0.000000 1.000000 0.000000
0.787988 0.615691 0.000000 77.589065 -0.615691 0.787988 0.000000 -35.393797 0.000000 0.000000 1.000000 0.000000
0.787987 0.615692 0.000000 77.579625 -0.615692 0.787987 0.000000 -35.401157 0.000000 0.000000 1.000000 0.000000
0.787707 0.616050 0.000000 77.574402 -0.616050 0.787707 0.000000 -35.420080 0.000000 0.000000 1.000000 0.000000
0.787634 0.616144 0.000000 77.566322 -0.616144 0.787634 0.000000 -35.431626 0.000000 0.000000 1.000000 0.000000
0.788035 0.615631 0.000000 77.595034 -0.615631 0.788035 0.000000 -35.405506 0.000000 0.000000 1.000000 0.000000
0.787978 0.615704 0.000000 77.574205 -0.615704 0.787978 0.000000 -35.420419 0.000000 0.000000 1.000000 0.000000
0.787479 0.616341 0.000000 77.573134 -0.616341 0.787479 0.000000 -35.427552 0.000000 0.000000 1.000000 0.000000
0.787866 0.615847 0.000000 77.571981 -0.615847 0.787866 0.000000 -35.406146 0.000000 0.000000 1.000000 0.000000
0.788457 0.615089 0.000000 77.577815 -0.615089 0.788457 0.000000 -35.387735 0.000000 0.000000 1.000000 0.000000
0.788765 0.614695 0.000000 77.598255 -0.614695 0.788765 0.000000 -35.343505 0.000000 0.000000 1.000000 0.000000
0.789510 0.613738 0.000000 77.598232 -0.613738 0.789510 0.000000 -35.319050 0.000000 0.000000 1.000000 0.000000
0.789472 0.613787 0.000000 77.636695 -0.613787 0.789472 0.000000 -35.304256 0.000000 0.000000 1.000000 0.000000
0.788970 0.614432 0.000000 77.619355 -0.614432 0.788970 0.000000 -35.286834 0.000000 0.000000 1.000000 0.000000
0.788765 0.614695 0.000000 77.622727 -0.614695 0.788765 0.000000 -35.284481 0.000000 0.000000 1.000000 0.000000
0.789104 0.614260 0.000000 77.614779 -0.614260 0.789104 0.000000 -35.262200 0.000000 0.000000 1.000000 0.000000
