0.999983 0.005900 0.000000 1.177605 -0.005900 0.999983 0.000000 -0.015115 0.000000 0.000000 1.000000 0.000000
0.999970 0.007746 0.000000 1.728543 -0.007746 0.999970 0.000000 -0.029998 0.000000 0.000000 1.000000 0.000000
0.999931 0.011723 0.000000 2.885892 -0.011723 0.999931 0.000000 -0.071499 0.000000 0.000000 1.000000 0.000000
0.999908 0.013579 0.000000 3.483820 -0.013579 0.999908 0.000000 -0.078630 0.000000 0.000000 1.000000 0.000000
0.999872 0.015970 0.000000 4.040820 -0.015970 0.999872 0.000000 -0.088349 0.000000 0.000000 1.000000 0.000000
0.999847 0.017472 0.000000 4.637285 -0.017472 0.999847 0.000000 -0.103392 0.000000 0.000000 1.000000 0.000000
0.999809 0.019533 0.000000 5.443311 -0.019533 0.999809 0.000000 -0.116541 0.000000 0.000000 1.000000 0.000000
0.999763 0.021763 0.000000 6.016079 -0.021763 0.999763 0.000000 -0.123329 0.000000 0.000000 1.000000 0.000000
0.999720 0.023669 0.000000 6.577883 -0.023669 0.999720 0.000000 -0.135699 0.000000 0.000000 1.000000 0.000000
0.999609 0.027972 0.000000 7.168565 -0.027972 0.999609 0.000000 -0.145484 0.000000 0.000000 1.000000 0.000000
0.999429 0.033790 0.000000 7.714828 -0.033790 0.999429 0.000000 -0.159765 0.000000 0.000000 1.000000 0.000000
0.999193 0.040168 0.000000 8.293058 -0.040168 0.999193 0.000000 -0.187600 0.000000 0.000000 1.000000 0.000000
0.998925 0.046352 0.000000 8.833000 -0.046352 0.998925 0.000000 -0.211290 0.000000 0.000000 1.000000 0.000000
0.998567 0.053513 0.000000 9.552115 -0.053513 0.998567 0.000000 -0.257757 0.000000 0.000000 1.000000 0.000000
0.998329 0.057790 0.000000 10.120107 -0.057790 0.998329 0.000000 -0.296785 0.000000 0.000000 1.000000 0.000000
0.998065 0.062173 0.000000 10.695731 -0.062173 0.998065 0.000000 -0.335016 0.000000 0.000000 1.000000 0.000000
0.997695 0.067852 0.000000 11.264694 -0.067852 0.997695 0.000000 -0.367122 0.000000 0.000000 1.000000 0.000000
0.996879 0.078943 0.000000 12.405130 -0.078943 0.996879 0.000000 -0.448385 0.000000 0.000000 1.000000 0.000000
0.996434 0.084370 0.000000 12.941108 -0.084370 0.996434 0.000000 -0.481586 0.000000 0.000000 1.000000 0.000000
0.995732 0.092289 0.000000 13.515769 -0.092289 0.995732 0.000000 -0.530880 0.000000 0.000000 1.000000 0.000000
0.994994 0.099934 0.000000 14.058756 -0.099934 0.994994 0.000000 -0.580208 0.000000 0.000000 1.000000 0.000000
0.994238 0.107191 0.000000 14.622512 -0.107191 0.994238 0.000000 -0.631498 0.000000 0.000000 1.000000 0.000000
0.993591 0.113032 0.000000 15.153946 -0.113032 0.993591 0.000000 -0.692678 0.000000 0.000000 1.000000 0.000000
0.992960 0.118452 0.000000 15.723053 -0.118452 0.992960 0.000000 -0.764304 0.000000 0.000000 1.000000 0.000000
0.992191 0.124732 0.000000 16.249034 -0.124732 0.992191 0.000000 -0.830432 0.000000 0.000000 1.000000 0.000000
0.990735 0.135813 0.000000 16.993694 -0.135813 0.990735 0.000000 -0.924551 0.000000 0.000000 1.000000 0.000000
0.989477 0.144688 0.000000 17.554695 -0.144688 0.989477 0.000000 -1.008793 0.000000 0.000000 1.000000 0.000000
0.988660 0.150171 0.000000 18.109251 -0.150171 0.988660 0.000000 -1.091930 0.000000 0.000000 1.000000 0.000000
0.987945 0.154804 0.000000 18.657563 -0.154804 0.987945 0.000000 -1.181633 0.000000 0.000000 1.000000 0.000000
0.987052 0.160401 0.000000 19.231024 -0.160401 0.987052 0.000000 -1.269170 0.000000 0.000000 1.000000 0.000000
0.985973 0.166906 0.000000 19.764133 -0.166906 0.985973 0.000000 -1.355178 0.000000 0.000000 1.000000 0.000000
0.984855 0.173380 0.000000 20.285494 -0.173380 0.984855 0.000000 -1.443204 0.000000 0.000000 1.000000 0.000000
0.983457 0.181143 0.000000 20.847641 -0.181143 0.983457 0.000000 -1.537828 0.000000 0.000000 1.000000 0.000000
0.981692 0.190478 0.000000 21.369046 -0.190478 0.981692 0.000000 -1.642641 0.000000 0.000000 1.000000 0.000000
0.980022 0.198887 0.000000 21.926723 -0.198887 0.980022 0.000000 -1.760058 0.000000 0.000000 1.000000 0.000000
0.978482 0.206334 0.000000 22.656730 -0.206334 0.978482 0.000000 -1.922534 0.000000 0.000000 1.000000 0.000000
0.977198 0.212330 0.000000 23.200342 -0.212330 0.977198 0.000000 -2.051288 0.000000 0.000000 1.000000 0.000000
0.975383 0.220518 0.000000 23.780780 -0.220518 0.975383 0.000000 -2.181709 0.000000 0.000000 1.000000 0.000000
0.973637 0.228102 0.000000 24.322610 -0.228102 0.973637 0.000000 -2.304064 0.000000 0.000000 1.000000 0.000000
0.971940 0.235229 0.000000 24.867633 -0.235229 0.971940 0.000000 -2.430380 0.000000 0.000000 1.000000 0.000000
0.970477 0.241193 0.000000 25.370914 -0.241193 0.970477 0.000000 -2.556646 0.000000 0.000000 1.000000 0.000000
0.969130 0.246550 0.000000 25.916175 -0.246550 0.969130 0.000000 -2.687444 0.000000 0.000000 1.000000 0.000000
0.968749 0.248043 0.000000 26.421826 -0.248043 0.968749 0.000000 -2.801764 0.000000 0.000000 1.000000 0.000000
0.967242 0.253855 0.000000 26.955815 -0.253855 0.967242 0.000000 -2.925476 0.000000 0.000000 1.000000 0.000000
0.964436 0.264317 0.000000 27.974597 -0.264317 0.964436 0.000000 -3.203319 0.000000 0.000000 1.000000 0.000000
0.962935 0.269733 0.000000 28.454507 -0.269733 0.962935 0.000000 -3.338857 0.000000 0.000000 1.000000 0.000000
0.961284 0.275560 0.000000 28.974713 -0.275560 0.961284 0.000000 -3.486531 0.000000 0.000000 1.000000 0.000000
0.959302 0.282383 0.000000 29.644002 -0.282383 0.959302 0.000000 -3.683172 0.000000 0.000000 1.000000 0.000000
0.957802 0.287429 0.000000 30.123121 -0.287429 0.957802 0.000000 -3.827082 0.000000 0.000000 1.000000 0.000000
0.956080 0.293105 0.000000 30.600388 -0.293105 0.956080 0.000000 -3.974410 0.000000 0.000000 1.000000 0.000000
0.954256 0.298990 0.000000 31.109424 -0.298990 0.954256 0.000000 -4.137113 0.000000 0.000000 1.000000 0.000000
0.952984 0.303020 0.000000 31.584923 -0.303020 0.952984 0.000000 -4.290619 0.000000 0.000000 1.000000 0.000000
0.950355 0.311167 0.000000 32.252931 -0.311167 0.950355 0.000000 -4.511481 0.000000 0.000000 1.000000 0.000000
0.948928 0.315493 0.000000 32.765981 -0.315493 0.948928 0.000000 -4.688881 0.000000 0.000000 1.000000 0.000000
0.947585 0.319504 0.000000 33.274955 -0.319504 0.947585 0.000000 -4.871118 0.000000 0.000000 1.000000 0.000000
0.945836 0.324645 0.000000 33.763902 -0.324645 0.945836 0.000000 -5.049610 0.000000 0.000000 1.000000 0.000000
0.944485 0.328553 0.000000 34.275032 -0.328553 0.944485 0.000000 -5.241223 0.000000 0.000000 1.000000 0.000000
0.943904 0.330219 0.000000 34.782678 -0.330219 0.943904 0.000000 -5.421852 0.000000 0.000000 1.000000 0.000000
0.941815 0.336132 0.000000 35.253258 -0.336132 0.941815 0.000000 -5.583176 0.000000 0.000000 1.000000 0.000000
0.940191 0.340648 0.000000 35.751830 -0.340648 0.940191 0.000000 -5.772526 0.000000 0.000000 1.000000 0.000000
0.938201 0.346090 0.000000 36.225903 -0.346090 0.938201 0.000000 -5.946171 0.000000 0.000000 1.000000 0.000000
0.935835 0.352437 0.000000 36.720336 -0.352437 0.935835 0.000000 -6.125951 0.000000 0.000000 1.000000 0.000000
0.933569 0.358397 0.000000 37.190903 -0.358397 0.933569 0.000000 -6.311793 0.000000 0.000000 1.000000 0.000000
0.930779 0.365583 0.000000 37.692499 -0.365583 0.930779 0.000000 -6.500657 0.000000 0.000000 1.000000 0.000000
0.928294 0.371848 0.000000 38.163403 -0.371848 0.928294 0.000000 -6.680394 0.000000 0.000000 1.000000 0.000000
0.926444 0.376432 0.000000 38.665013 -0.376432 0.926444 0.000000 -6.884891 0.000000 0.000000 1.000000 0.000000
0.924876 0.380269 0.000000 39.114933 -0.380269 0.924876 0.000000 -7.070346 0.000000 0.000000 1.000000 0.000000
0.921351 0.388731 0.000000 39.797752 -0.388731 0.921351 0.000000 -7.355349 0.000000 0.000000 1.000000 0.000000
0.917026 0.398828 0.000000 40.497290 -0.398828 0.917026 0.000000 -7.654992 0.000000 0.000000 1.000000 0.000000
0.913801 0.406162 0.000000 40.983114 -0.406162 0.913801 0.000000 -7.862604 0.000000 0.000000 1.000000 0.000000
0.908594 0.417679 0.000000 41.820345 -0.417679 0.908594 0.000000 -8.248093 0.000000 0.000000 1.000000 0.000000
0.906437 0.422342 0.000000 42.293206 -0.422342 0.906437 0.000000 -8.476112 0.000000 0.000000 1.000000 0.000000
0.905180 0.425029 0.000000 42.762434 -0.425029 0.905180 0.000000 -8.697892 0.000000 0.000000 1.000000 0.000000
0.903699 0.428168 0.000000 43.239656 -0.428168 0.903699 0.000000 -8.907841 0.000000 0.000000 1.000000 0.000000
0.900739 0.434362 0.000000 43.707163 -0.434362 0.900739 0.000000 -9.130247 0.000000 0.000000 1.000000 0.000000
0.899172 0.437595 0.000000 44.207684 -0.437595 0.899172 0.000000 -9.370278 0.000000 0.000000 1.000000 0.000000
0.896658 0.442723 0.000000 44.633876 -0.442723 0.896658 0.000000 -9.589744 0.000000 0.000000 1.000000 0.000000
0.894316 0.447437 0.000000 45.082297 -0.447437 0.894316 0.000000 -9.823112 0.000000 0.000000 1.000000 0.000000
0.893083 0.449892 0.000000 45.529931 -0.449892 0.893083 0.000000 -10.053090 0.000000 0.000000 1.000000 0.000000
0.891814 0.452402 0.000000 45.980644 -0.452402 0.891814 0.000000 -10.275077 0.000000 0.000000 1.000000 0.000000
0.889793 0.456365 0.000000 46.409359 -0.456365 0.889793 0.000000 -10.496824 0.000000 0.000000 1.000000 0.000000
0.887955 0.459930 0.000000 46.840776 -0.459930 0.887955 0.000000 -10.722922 0.000000 0.000000 1.000000 0.000000
0.886791 0.462170 0.000000 47.239620 -0.462170 0.886791 0.000000 -10.932841 0.000000 0.000000 1.000000 0.000000
0.885547 0.464551 0.000000 47.666591 -0.464551 0.885547 0.000000 -11.155436 0.000000 0.000000 1.000000 0.000000
0.883601 0.468241 0.000000 48.060389 -0.468241 0.883601 0.000000 -11.364717 0.000000 0.000000 1.000000 0.000000
0.882902 0.469557 0.000000 48.488407 -0.469557 0.882902 0.000000 -11.590989 0.000000 0.000000 1.000000 0.000000
0.882204 0.470867 0.000000 48.888199 -0.470867 0.882204 0.000000 -11.803046 0.000000 0.000000 1.000000 0.000000
0.881508 0.472168 0.000000 49.287476 -0.472168 0.881508 0.000000 -12.015829 0.000000 0.000000 1.000000 0.000000
0.879739 0.475457 0.000000 49.691585 -0.475457 0.879739 0.000000 -12.218881 0.000000 0.000000 1.000000 0.000000
0.876125 0.482084 0.000000 50.082383 -0.482084 0.876125 0.000000 -12.415410 0.000000 0.000000 1.000000 0.000000
0.873708 0.486451 0.000000 50.452288 -0.486451 0.873708 0.000000 -12.619822 0.000000 0.000000 1.000000 0.000000
0.871265 0.490813 0.000000 50.815666 -0.490813 0.871265 0.000000 -12.822569 0.000000 0.000000 1.000000 0.000000
0.867809 0.496898 0.000000 51.190433 -0.496898 0.867809 0.000000 -13.045251 0.000000 0.000000 1.000000 0.000000
0.863222 0.504824 0.000000 51.728763 -0.504824 0.863222 0.000000 -13.373366 0.000000 0.000000 1.000000 0.000000
0.858419 0.512948 0.000000 52.108952 -0.512948 0.858419 0.000000 -13.608862 0.000000 0.000000 1.000000 0.000000
0.854391 0.519630 0.000000 52.467711 -0.519630 0.854391 0.000000 -13.830480 0.000000 0.000000 1.000000 0.000000
0.851814 0.523845 0.000000 52.819877 -0.523845 0.851814 0.000000 -14.056001 0.000000 0.000000 1.000000 0.000000
0.848643 0.528966 0.000000 53.159140 -0.528966 0.848643 0.000000 -14.272670 0.000000 0.000000 1.000000 0.000000
0.845102 0.534606 0.000000 53.492905 -0.534606 0.845102 0.000000 -14.485911 0.000000 0.000000 1.000000 0.000000
0.842362 0.538912 0.000000 53.817338 -0.538912 0.842362 0.000000 -14.698762 0.000000 0.000000 1.000000 0.000000
0.838913 0.544265 0.000000 54.149109 -0.544265 0.838913 0.000000 -14.909720 0.000000 0.000000 1.000000 0.000000
0.836189 0.548441 0.000000 54.468058 -0.548441 0.836189 0.000000 -15.127330 0.000000 0.000000 1.000000 0.000000
0.834330 0.551265 0.000000 54.788039 -0.551265 0.834330 0.000000 -15.348658 0.000000 0.000000 1.000000 0.000000
0.832531 0.553978 0.000000 55.103514 -0.553978 0.832531 0.000000 -15.563635 0.000000 0.000000 1.000000 0.000000
0.830843 0.556507 0.000000 55.716760 -0.556507 0.830843 0.000000 -15.983704 0.000000 0.000000 1.000000 0.000000
0.830074 0.557653 0.000000 56.009157 -0.557653 0.830074 0.000000 -16.179839 0.000000 0.000000 1.000000 0.000000
0.829227 0.558912 0.000000 56.286280 -0.558912 0.829227 0.000000 -16.364973 0.000000 0.000000 1.000000 0.000000
0.829467 0.558556 0.000000 56.551201 -0.558556 0.829467 0.000000 -16.543092 0.000000 0.000000 1.000000 0.000000
0.829868 0.557960 0.000000 56.847245 -0.557960 0.829868 0.000000 -16.732065 0.000000 0.000000 1.000000 0.000000
0.828083 0.560605 0.000000 57.109046 -0.560605 0.828083 0.000000 -16.903047 0.000000 0.000000 1.000000 0.000000
0.826802 0.562493 0.000000 57.391014 -0.562493 0.826802 0.000000 -17.085739 0.000000 0.000000 1.000000 0.000000
0.825689 0.564125 0.000000 57.657655 -0.564125 0.825689 0.000000 -17.253993 0.000000 0.000000 1.000000 0.000000
0.825073 0.565026 0.000000 57.926870 -0.565026 0.825073 0.000000 -17.433734 0.000000 0.000000 1.000000 0.000000
0.824346 0.566086 0.000000 58.170113 -0.566086 0.824346 0.000000 -17.600355 0.000000 0.000000 1.000000 0.000000
0.822578 0.568652 0.000000 58.405780 -0.568652 0.822578 0.000000 -17.758869 0.000000 0.000000 1.000000 0.000000
0.820651 0.571429 0.000000 58.656674 -0.571429 0.820651 0.000000 -17.927037 0.000000 0.000000 1.000000 0.000000
0.817875 0.575396 0.000000 59.012310 -0.575396 0.817875 0.000000 -18.175954 0.000000 0.000000 1.000000 0.000000
0.815533 0.578710 0.000000 59.276160 -0.578710 0.815533 0.000000 -18.352819 0.000000 0.000000 1.000000 0.000000
0.812173 0.583417 0.000000 59.510433 -0.583417 0.812173 0.000000 -18.523196 0.000000 0.000000 1.000000 0.000000
0.809323 0.587364 0.000000 59.738007 -0.587364 0.809323 0.000000 -18.687165 0.000000 0.000000 1.000000 0.000000
0.806388 0.591387 0.000000 59.957666 -0.591387 0.806388 0.000000 -18.848846 0.000000 0.000000 1.000000 0.000000
0.804690 0.593696 0.000000 60.169448 -0.593696 0.804690 0.000000 -19.009058 0.000000 0.000000 1.000000 0.000000
0.804583 0.593840 0.000000 60.381189 -0.593840 0.804583 0.000000 -19.176886 0.000000 0.000000 1.000000 0.000000
0.805116 0.593117 0.000000 60.592524 -0.593117 0.805116 0.000000 -19.341020 0.000000 0.000000 1.000000 0.000000
0.805795 0.592194 0.000000 60.801561 -0.592194 0.805795 0.000000 -19.493667 0.000000 0.000000 1.000000 0.000000
0.804144 0.594435 0.000000 60.991344 -0.594435 0.804144 0.000000 -19.646259 0.000000 0.000000 1.000000 0.000000
0.798568 0.601905 0.000000 61.366183 -0.601905 0.798568 0.000000 -19.935357 0.000000 0.000000 1.000000 0.000000
0.795893 0.605437 0.000000 61.535934 -0.605437 0.795893 0.000000 -20.058780 0.000000 0.000000 1.000000 0.000000
0.795714 0.605673 0.000000 61.692645 -0.605673 0.795714 0.000000 -20.200017 0.000000 0.000000 1.000000 0.000000
0.796104 0.605160 0.000000 61.861549 -0.605160 0.796104 0.000000 -20.346435 0.000000 0.000000 1.000000 0.000000
0.795570 0.605862 0.000000 62.020348 -0.605862 0.795570 0.000000 -20.475209 0.000000 0.000000 1.000000 0.000000
0.794798 0.606874 0.000000 62.170925 -0.606874 0.794798 0.000000 -20.599020 0.000000 0.000000 1.000000 0.000000
0.794141 0.607734 0.000000 62.329325 -0.607734 0.794141 0.000000 -20.727845 0.000000 0.000000 1.000000 0.000000
0.792688 0.609628 0.000000 62.480921 -0.609628 0.792688 0.000000 -20.844068 0.000000 0.000000 1.000000 0.000000
0.791165 0.611603 0.000000 62.644020 -0.611603 0.791165 0.000000 -20.966744 0.000000 0.000000 1.000000 0.000000
0.787729 0.616022 0.000000 62.957340 -0.616022 0.787729 0.000000 -21.202616 0.000000 0.000000 1.000000 0.000000
0.786508 0.617580 0.000000 63.108474 -0.617580 0.786508 0.000000 -21.320117 0.000000 0.000000 1.000000 0.000000
0.785658 0.618661 0.000000 63.258430 -0.618661 0.785658 0.000000 -21.435432 0.000000 0.000000 1.000000 0.000000
0.783934 0.620844 0.000000 63.508181 -0.620844 0.783934 0.000000 -21.636410 0.000000 0.000000 1.000000 0.000000
0.782463 0.622697 0.000000 63.664813 -0.622697 0.782463 0.000000 -21.766336 0.000000 0.000000 1.000000 0.000000
0.780273 0.625439 0.000000 63.818523 -0.625439 0.780273 0.000000 -21.892797 0.000000 0.000000 1.000000 0.000000
0.779176 0.626805 0.000000 63.975406 -0.626805 0.779176 0.000000 -22.024307 0.000000 0.000000 1.000000 0.000000
0.779195 0.626781 0.000000 64.134842 -0.626781 0.779195 0.000000 -22.148950 0.000000 0.000000 1.000000 0.000000
0.777981 0.628287 0.000000 64.289234 -0.628287 0.777981 0.000000 -22.273669 0.000000 0.000000 1.000000 0.000000
0.776548 0.630058 0.000000 64.445417 -0.630058 0.776548 0.000000 -22.399403 0.000000 0.000000 1.000000 0.000000
0.772949 0.634469 0.000000 64.761422 -0.634469 0.772949 0.000000 -22.663549 0.000000 0.000000 1.000000 0.000000
0.770952 0.636893 0.000000 64.917710 -0.636893 0.770952 0.000000 -22.798639 0.000000 0.000000 1.000000 0.000000
0.769087 0.639144 0.000000 65.079147 -0.639144 0.769087 0.000000 -22.929933 0.000000 0.000000 1.000000 0.000000
0.767362 0.641214 0.000000 65.235898 -0.641214 0.767362 0.000000 -23.068653 0.000000 0.000000 1.000000 0.000000
0.766292 0.642493 0.000000 65.401623 -0.642493 0.766292 0.000000 -23.216816 0.000000 0.000000 1.000000 0.000000
0.764959 0.644079 0.000000 65.564672 -0.644079 0.764959 0.000000 -23.357783 0.000000 0.000000 1.000000 0.000000
0.763164 0.646204 0.000000 65.722869 -0.646204 0.763164 0.000000 -23.496075 0.000000 0.000000 1.000000 0.000000
0.760818 0.648965 0.000000 65.896798 -0.648965 0.760818 0.000000 -23.647067 0.000000 0.000000 1.000000 0.000000
0.757414 0.652934 0.000000 66.068236 -0.652934 0.757414 0.000000 -23.780799 0.000000 0.000000 1.000000 0.000000
0.753579 0.657357 0.000000 66.238146 -0.657357 0.753579 0.000000 -23.922165 0.000000 0.000000 1.000000 0.000000
0.750279 0.661121 0.000000 66.418150 -0.661121 0.750279 0.000000 -24.077206 0.000000 0.000000 1.000000 0.000000
0.748139 0.663542 0.000000 66.591653 -0.663542 0.748139 0.000000 -24.218184 0.000000 0.000000 1.000000 0.000000
0.746089 0.665846 0.000000 66.778939 -0.665846 0.746089 0.000000 -24.380072 0.000000 0.000000 1.000000 0.000000
0.743833 0.668365 0.000000 66.949957 -0.668365 0.743833 0.000000 -24.538434 0.000000 0.000000 1.000000 0.000000
0.740712 0.671823 0.000000 67.139549 -0.671823 0.740712 0.000000 -24.714588 0.000000 0.000000 1.000000 0.000000
0.737903 0.674907 0.000000 67.311297 -0.674907 0.737903 0.000000 -24.878596 0.000000 0.000000 1.000000 0.000000
0.732838 0.680403 0.000000 67.585891 -0.680403 0.732838 0.000000 -25.129148 0.000000 0.000000 1.000000 0.000000
0.730366 0.683056 0.000000 67.760369 -0.683056 0.730366 0.000000 -25.297485 0.000000 0.000000 1.000000 0.000000
0.728913 0.684606 0.000000 67.950852 -0.684606 0.728913 0.000000 -25.477414 0.000000 0.000000 1.000000 0.000000
0.727262 0.686360 0.000000 68.128844 -0.686360 0.727262 0.000000 -25.656468 0.000000 0.000000 1.000000 0.000000
0.723460 0.690366 0.000000 68.508708 -0.690366 0.723460 0.000000 -26.036095 0.000000 0.000000 1.000000 0.000000
0.721387 0.692532 0.000000 68.691908 -0.692532 0.721387 0.000000 -26.221701 0.000000 0.000000 1.000000 0.000000
0.719465 0.694529 0.000000 68.873827 -0.694529 0.719465 0.000000 -26.394654 0.000000 0.000000 1.000000 0.000000
0.717893 0.696153 0.000000 69.064787 -0.696153 0.717893 0.000000 -26.588071 0.000000 0.000000 1.000000 0.000000
0.714986 0.699139 0.000000 69.330925 -0.699139 0.714986 0.000000 -26.837105 0.000000 0.000000 1.000000 0.000000
0.710547 0.703650 0.000000 69.524444 -0.703650 0.710547 0.000000 -27.018313 0.000000 0.000000 1.000000 0.000000
0.706562 0.707651 0.000000 69.702086 -0.707651 0.706562 0.000000 -27.198835 0.000000 0.000000 1.000000 0.000000
0.702810 0.711378 0.000000 69.887560 -0.711378 0.702810 0.000000 -27.391390 0.000000 0.000000 1.000000 0.000000
0.701229 0.712936 0.000000 70.053552 -0.712936 0.701229 0.000000 -27.573491 0.000000 0.000000 1.000000 0.000000
0.699097 0.715027 0.000000 70.223282 -0.715027 0.699097 0.000000 -27.755044 0.000000 0.000000 1.000000 0.000000
0.697241 0.716837 0.000000 70.401457 -0.716837 0.697241 0.000000 -27.945759 0.000000 0.000000 1.000000 0.000000
0.696300 0.717751 0.000000 70.569778 -0.717751 0.696300 0.000000 -28.131484 0.000000 0.000000 1.000000 0.000000
0.694166 0.719815 0.000000 70.738420 -0.719815 0.694166 0.000000 -28.308458 0.000000 0.000000 1.000000 0.000000
0.692566 0.721354 0.000000 70.912941 -0.721354 0.692566 0.000000 -28.504614 0.000000 0.000000 1.000000 0.000000
0.692758 0.721170 0.000000 71.073295 -0.721170 0.692758 0.000000 -28.684887 0.000000 0.000000 1.000000 0.000000
0.692701 0.721225 0.000000 71.297028 -0.721225 0.692701 0.000000 -28.934961 0.000000 0.000000 1.000000 0.000000
0.691609 0.722272 0.000000 71.478117 -0.722272 0.691609 0.000000 -29.134766 0.000000 0.000000 1.000000 0.000000
0.691016 0.722840 0.000000 71.643252 -0.722840 0.691016 0.000000 -29.323813 0.000000 0.000000 1.000000 0.000000
0.690764 0.723080 0.000000 71.806671 -0.723080 0.690764 0.000000 -29.511027 0.000000 0.000000 1.000000 0.000000
0.700132 0.714013 0.000000 74.192939 -0.714013 0.700132 0.000000 -29.644055 0.000000 0.000000 1.000000 0.000000
0.703949 0.710251 0.000000 74.350652 -0.710251 0.703949 0.000000 -29.827457 0.000000 0.000000 1.000000 0.000000
0.706983 0.707230 0.000000 74.519466 -0.707230 0.706983 0.000000 -30.002618 0.000000 0.000000 1.000000 0.000000
0.707372 0.706842 0.000000 74.695859 -0.706842 0.707372 0.000000 -30.175231 0.000000 0.000000 1.000000 0.000000
0.709042 0.705166 0.000000 74.864552 -0.705166 0.709042 0.000000 -30.347736 0.000000 0.000000 1.000000 0.000000
0.709543 0.704662 0.000000 75.018341 -0.704662 0.709543 0.000000 -30.500817 0.000000 0.000000 1.000000 0.000000
0.709490 0.704715 0.000000 75.337411 -0.704715 0.709490 0.000000 -30.823850 0.000000 0.000000 1.000000 0.000000
0.710905 0.703288 0.000000 75.498302 -0.703288 0.710905 0.000000 -30.991060 0.000000 0.000000 1.000000 0.000000
0.712672 0.701497 0.000000 75.657508 -0.701497 0.712672 0.000000 -31.157381 0.000000 0.000000 1.000000 0.000000
0.713989 0.700157 0.000000 75.797614 -0.700157 0.713989 0.000000 -31.300797 0.000000 0.000000 1.000000 0.000000
0.715715 0.698392 0.000000 75.950751 -0.698392 0.715715 0.000000 -31.454676 0.000000 0.000000 1.000000 0.000000
0.716269 0.697825 0.000000 76.097863 -0.697825 0.716269 0.000000 -31.601391 0.000000 0.000000 1.000000 0.000000
0.716230 0.697865 0.000000 76.249944 -0.697865 0.716230 0.000000 -31.753843 0.000000 0.000000 1.000000 0.000000
0.718213 0.695824 0.000000 76.504516 -0.695824 0.718213 0.000000 -32.011177 0.000000 0.000000 1.000000 0.000000
0.720299 0.693664 0.000000 76.648483 -0.693664 0.720299 0.000000 -32.163699 0.000000 0.000000 1.000000 0.000000
0.722626 0.691239 0.000000 76.791113 -0.691239 0.722626 0.000000 -32.313504 0.000000 0.000000 1.000000 0.000000
0.724644 0.689124 0.000000 76.935863 -0.689124 0.724644 0.000000 -32.462619 0.000000 0.000000 1.000000 0.000000
0.727184 0.686443 0.000000 77.078696 -0.686443 0.727184 0.000000 -32.605098 0.000000 0.000000 1.000000 0.000000
0.730047 0.683397 0.000000 77.216874 -0.683397 0.730047 0.000000 -32.749653 0.000000 0.000000 1.000000 0.000000
0.737168 0.675710 0.000000 77.492846 -0.675710 0.737168 0.000000 -33.021689 0.000000 0.000000 1.000000 0.000000
0.740169 0.672421 0.000000 77.618956 -0.672421 0.740169 0.000000 -33.136031 0.000000 0.000000 1.000000 0.000000
0.743272 0.668990 0.000000 77.748780 -0.668990 0.743272 0.000000 -33.252980 0.000000 0.000000 1.000000 0.000000
0.748446 0.663195 0.000000 77.975666 -0.663195 0.748446 0.000000 -33.456517 0.000000 0.000000 1.000000 0.000000
0.753911 0.656977 0.000000 78.274055 -0.656977 0.753911 0.000000 -33.721233 0.000000 0.000000 1.000000 0.000000
0.759576 0.650419 0.000000 78.452627 -0.650419 0.759576 0.000000 -33.872168 0.000000 0.000000 1.000000 0.000000
0.763106 0.646274 0.000000 78.566024 -0.646274 0.763106 0.000000 -33.971455 0.000000 0.000000 1.000000 0.000000
0.771341 0.636422 0.000000 78.777972 -0.636422 0.771341 0.000000 -34.160798 0.000000 0.000000 1.000000 0.000000
0.775202 0.631713 0.000000 78.879865 -0.631713 0.775202 0.000000 -34.251296 0.000000 0.000000 1.000000 0.000000
0.778211 0.628003 0.000000 78.980388 -0.628003 0.778211 0.000000 -34.327371 0.000000 0.000000 1.000000 0.000000
0.781176 0.624311 0.000000 79.078611 -0.624311 0.781176 0.000000 -34.410381 0.000000 0.000000 1.000000 0.000000
0.786032 0.618186 0.000000 79.232933 -0.618186 0.786032 0.000000 -34.534211 0.000000 0.000000 1.000000 0.000000
0.792217 0.610240 0.000000 79.422065 -0.610240 0.792217 0.000000 -34.686279 0.000000 0.000000 1.000000 0.000000
0.795802 0.605557 0.000000 79.516541 -0.605557 0.795802 0.000000 -34.753067 0.000000 0.000000 1.000000 0.000000
0.799333 0.600889 0.000000 79.608679 -0.600889 0.799333 0.000000 -34.826864 0.000000 0.000000 1.000000 0.000000
0.802636 0.596470 0.000000 79.697048 -0.596470 0.802636 0.000000 -34.896486 0.000000 0.000000 1.000000 0.000000
0.805777 0.592219 0.000000 79.786234 -0.592219 0.805777 0.000000 -34.962628 0.000000 0.000000 1.000000 0.000000
0.808619 0.588333 0.000000 79.867358 -0.588333 0.808619 0.000000 -35.017934 0.000000 0.000000 1.000000 0.000000
0.814774 0.579778 0.000000 80.014833 -0.579778 0.814774 0.000000 -35.129516 0.000000 0.000000 1.000000 0.000000
0.817514 0.575909 0.000000 80.083509 -0.575909 0.817514 0.000000 -35.179688 0.000000 0.000000 1.000000 0.000000
0.820339 0.571877 0.000000 80.155588 -0.571877 0.820339 0.000000 -35.231934 0.000000 0.000000 1.000000 0.000000
0.822563 0.568674 0.000000 80.214893 -0.568674 0.822563 0.000000 -35.274619 0.000000 0.000000 1.000000 0.000000
0.825136 0.564934 0.000000 80.271157 -0.564934 0.825136 0.000000 -35.312863 0.000000 0.000000 1.000000 0.000000
0.826400 0.563083 0.000000 80.312904 -0.563083 0.826400 0.000000 -35.340650 0.000000 0.000000 1.000000 0.000000
0.827355 0.561679 0.000000 80.356618 -0.561679 0.827355 0.000000 -35.367660 0.000000 0.000000 1.000000 0.000000
0.828904 0.559391 0.000000 80.423272 -0.559391 0.828904 0.000000 -35.408747 0.000000 0.000000 1.000000 0.000000
0.829971 0.557806 0.000000 80.455962 -0.557806 0.829971 0.000000 -35.431819 0.000000 0.000000 1.000000 0.000000
0.830531 0.556973 0.000000 80.488769 -0.556973 0.830531 0.000000 -35.452380 0.000000 0.000000 1.000000 0.000000
0.831300 0.555825 0.000000 80.515893 -0.555825 0.831300 0.000000 -35.466630 0.000000 0.000000 1.000000 0.000000
0.832508 0.554014 0.000000 80.538325 -0.554014 0.832508 0.000000 -35.482564 0.000000 0.000000 1.000000 0.000000
0.833225 0.552934 0.000000 80.556310 -0.552934 0.833225 0.000000 -35.496718 0.000000 0.000000 1.000000 0.000000
0.833276 0.552857 0.000000 80.569219 -0.552857 0.833276 0.000000 -35.509995 0.000000 0.000000 1.000000 0.000000
0.833919 0.551887 0.000000 80.577315 -0.551887 0.833919 0.000000 -35.522043 0.000000 0.000000 1.000000 0.000000
0.834998 0.550253 0.000000 80.598344 -0.550253 0.834998 0.000000 -35.530591 0.000000 0.000000 1.000000 0.000000
0.834711 0.550688 0.000000 80.602283 -0.550688 0.834711 0.000000 -35.527802 0.000000 0.000000 1.000000 0.000000
0.835322 0.549761 0.000000 80.603055 -0.549761 0.835322 0.000000 -35.527329 0.000000 0.000000 1.000000 0.000000
0.835027 0.550209 0.000000 80.601766 -0.550209 0.835027 0.000000 -35.525251 0.000000 0.000000 1.000000 0.000000
0.834528 0.550966 0.000000 80.601826 -0.550966 0.834528 0.000000 -35.522849 0.000000 0.000000 1.000000 0.000000
0.834430 0.551114 0.000000 80.598984 -0.551114 0.834430 0.000000 -35.522696 0.000000 0.000000 1.000000 0.000000
0.834263 0.551367 0.000000 80.599436 -0.551367 0.834263 0.000000 -35.517233 0.000000 0.000000 1.000000 0.000000
0.835002 0.550246 0.000000 80.596167 -0.550246 0.835002 0.000000 -35.521086 0.000000 0.000000 1.000000 0.000000
0.834842 0.550489 0.000000 80.594979 -0.550489 0.834842 0.000000 -35.521593 0.000000 0.000000 1.000000 0.000000
0.834273 0.551351 0.000000 80.596518 -0.551351 0.834273 0.000000 -35.519881 0.000000 0.000000 1.000000 0.000000
0.834224 0.551425 0.000000 80.597087 -0.551425 0.834224 0.000000 -35.518880 0.000000 0.000000 1.000000 0.000000
0.834203 0.551457 0.000000 80.597271 -0.551457 0.834203 0.000000 -35.518806 0.000000 0.000000 1.000000 0.000000
0.834165 0.551515 0.000000 80.597578 -0.551515 0.834165 0.000000 -35.517796 0.000000 0.000000 1.000000 0.000000
0.834115 0.551591 0.000000 80.598131 -0.551591 0.834115 0.000000 -35.515555 0.000000 0.000000 1.000000 0.000000
0.834016 0.551740 0.000000 80.599322 -0.551740 0.834016 0.000000 -35.512810 0.000000 0.000000 1.000000 0.000000
0.834026 0.551726 0.000000 80.599849 -0.551726 0.834026 0.000000 -35.511490 0.000000 0.000000 1.000000 0.000000
0.834082 0.551640 0.000000 80.599627 -0.551640 0.834082 0.000000 -35.512221 0.000000 0.000000 1.000000 0.000000
0.834115 0.551591 0.000000 80.599690 -0.551591 0.834115 0.000000 -35.512883 0.000000 0.000000 1.000000 0.000000
0.834111 0.551597 0.000000 80.599708 -0.551597 0.834111 0.000000 -35.512925 0.000000 0.000000 1.000000 0.000000
0.834104 0.551608 0.000000 80.599692 -0.551608 0.834104 0.000000 -35.513057 0.000000 0.000000 1.000000 0.000000
0.834114 0.551592 0.000000 80.599513 -0.551592 0.834114 0.000000 -35.513627 0.000000 0.000000 1.000000 0.000000
0.834081 0.551642 0.000000 80.599323 -0.551642 0.834081 0.000000 -35.514183 0.000000 0.000000 1.000000 0.000000
0.834062 0.551670 0.000000 80.599160 -0.551670 0.834062 0.000000 -35.514644 0.000000 0.000000 1.000000 0.000000
0.834008 0.551752 0.000000 80.599249 -0.551752 0.834008 0.000000 -35.515304 0.000000 0.000000 1.000000 0.000000
0.833816 0.552043 0.000000 80.599247 -0.552043 0.833816 0.000000 -35.515739 0.000000 0.000000 1.000000 0.000000
0.833755 0.552135 0.000000 80.599413 -0.552135 0.833755 0.000000 -35.515407 0.000000 0.000000 1.000000 0.000000
0.833763 0.552123 0.000000 80.599459 -0.552123 0.833763 0.000000 -35.515041 0.000000 0.000000 1.000000 0.000000
0.833803 0.552062 0.000000 80.599303 -0.552062 0.833803 0.000000 -35.515211 0.000000 0.000000 1.000000 0.000000
0.833796 0.552073 0.000000 80.599328 -0.552073 0.833796 0.000000 -35.515107 0.000000 0.000000 1.000000 0.000000
0.833776 0.552102 0.000000 80.599402 -0.552102 0.833776 0.000000 -35.515059 0.000000 0.000000 1.000000 0.000000
0.833734 0.552166 0.000000 80.599409 -0.552166 0.833734 0.000000 -35.514976 0.000000 0.000000 1.000000 0.000000
0.833741 0.552155 0.000000 80.599369 -0.552155 0.833741 0.000000 -35.514770 0.000000 0.000000 1.000000 0.000000
0.833680 0.552248 0.000000 80.599337 -0.552248 0.833680 0.000000 -35.514732 0.000000 0.000000 1.000000 0.000000
0.833686 0.552239 0.000000 80.599257 -0.552239 0.833686 0.000000 -35.514431 0.000000 0.000000 1.000000 0.000000
0.833705 0.552209 0.000000 80.599256 -0.552209 0.833705 0.000000 -35.514226 0.000000 0.000000 1.000000 0.000000
0.833693 0.552228 0.000000 80.599219 -0.552228 0.833693 0.000000 -35.514039 0.000000 0.000000 1.000000 0.000000
0.833673 0.552258 0.000000 80.599253 -0.552258 0.833673 0.000000 -35.513893 0.000000 0.000000 1.000000 0.000000
0.833733 0.552168 0.000000 80.599080 -0.552168 0.833733 0.000000 -35.513818 0.000000 0.000000 1.000000 0.000000
0.833924 0.551879 0.000000 80.598538 -0.551879 0.833924 0.000000 -35.513821 0.000000 0.000000 1.000000 0.000000
0.834128 0.551571 0.000000 80.597083 -0.551571 0.834128 0.000000 -35.513556 0.000000 0.000000 1.000000 0.000000
0.834086 0.551634 0.000000 80.596978 -0.551634 0.834086 0.000000 -35.513188 0.000000 0.000000 1.000000 0.000000
0.834047 0.551693 0.000000 80.596790 -0.551693 0.834047 0.000000 -35.513136 0.000000 0.000000 1.000000 0.000000
0.834051 0.551688 0.000000 80.596689 -0.551688 0.834051 0.000000 -35.512858 0.000000 0.000000 1.000000 0.000000
0.834178 0.551495 0.000000 80.595863 -0.551495 0.834178 0.000000 -35.512629 0.000000 0.000000 1.000000 0.000000
0.834306 0.551302 0.000000 80.594929 -0.551302 0.834306 0.000000 -35.511994 0.000000 0.000000 1.000000 0.000000
0.834265 0.551364 0.000000 80.593605 -0.551364 0.834265 0.000000 -35.512780 0.000000 0.000000 1.000000 0.000000
0.834075 0.551651 0.000000 80.590661 -0.551651 0.834075 0.000000 -35.514061 0.000000 0.000000 1.000000 0.000000
0.833564 0.552423 0.000000 80.590317 -0.552423 0.833564 0.000000 -35.514692 0.000000 0.000000 1.000000 0.000000
0.833252 0.552893 0.000000 80.590350 -0.552893 0.833252 0.000000 -35.514690 0.000000 0.000000 1.000000 0.000000
0.832571 0.553918 0.000000 80.592494 -0.553918 0.832571 0.000000 -35.516043 0.000000 0.000000 1.000000 0.000000
0.832755 0.553642 0.000000 80.593625 -0.553642 0.832755 0.000000 -35.519112 0.000000 0.000000 1.000000 0.000000
0.832958 0.553337 0.000000 80.595158 -0.553337 0.832958 0.000000 -35.524241 0.000000 0.000000 1.000000 0.000000
0.833340 0.552761 0.000000 80.594582 -0.552761 0.833340 0.000000 -35.530036 0.000000 0.000000 1.000000 0.000000
0.834694 0.550715 0.000000 80.588870 -0.550715 0.834694 0.000000 -35.535937 0.000000 0.000000 1.000000 0.000000
0.835122 0.550065 0.000000 80.587080 -0.550065 0.835122 0.000000 -35.535958 0.000000 0.000000 1.000000 0.000000
0.835422 0.549609 0.000000 80.586391 -0.549609 0.835422 0.000000 -35.535777 0.000000 0.000000 1.000000 0.000000
0.835554 0.549408 0.000000 80.585072 -0.549408 0.835554 0.000000 -35.536347 0.000000 0.000000 1.000000 0.000000
0.835584 0.549363 0.000000 80.585788 -0.549363 0.835584 0.000000 -35.537598 0.000000 0.000000 1.000000 0.000000
0.835593 0.549350 0.000000 80.585446 -0.549350 0.835593 0.000000 -35.537661 0.000000 0.000000 1.000000 0.000000
0.835612 0.549321 0.000000 80.585118 -0.549321 0.835612 0.000000 -35.537286 0.000000 0.000000 1.000000 0.000000
0.835646 0.549268 0.000000 80.584548 -0.549268 0.835646 0.000000 -35.536783 0.000000 0.000000 1.000000 0.000000
0.835712 0.549169 0.000000 80.582706 -0.549169 0.835712 0.000000 -35.536678 0.000000 0.000000 1.000000 0.000000
0.835762 0.549092 0.000000 80.580531 -0.549092 0.835762 0.000000 -35.536341 0.000000 0.000000 1.000000 0.000000
0.835882 0.548910 0.000000 80.579343 -0.548910 0.835882 0.000000 -35.536171 0.000000 0.000000 1.000000 0.000000
0.835919 0.548853 0.000000 80.578512 -0.548853 0.835919 0.000000 -35.535781 0.000000 0.000000 1.000000 0.000000
0.836087 0.548597 0.000000 80.577321 -0.548597 0.836087 0.000000 -35.536208 0.000000 0.000000 1.000000 0.000000
0.836471 0.548011 0.000000 80.576567 -0.548011 0.836471 0.000000 -35.537084 0.000000 0.000000 1.000000 0.000000
0.836915 0.547333 0.000000 80.574943 -0.547333 0.836915 0.000000 -35.536169 0.000000 0.000000 1.000000 0.000000
0.837474 0.546478 0.000000 80.574218 -0.546478 0.837474 0.000000 -35.537295 0.000000 0.000000 1.000000 0.000000
0.837820 0.545947 0.000000 80.573536 -0.545947 0.837820 0.000000 -35.538223 0.000000 0.000000 1.000000 0.000000
0.837748 0.546056 0.000000 80.573178 -0.546056 0.837748 0.000000 -35.536164 0.000000 0.000000 1.000000 0.000000
0.837150 0.546973 0.000000 80.575653 -0.546973 0.837150 0.000000 -35.534840 0.000000 0.000000 1.000000 0.000000
0.835869 0.548929 0.000000 80.584298 -0.548929 0.835869 0.000000 -35.536630 0.000000 0.000000 1.000000 0.000000
0.835244 0.549880 0.000000 80.589055 -0.549880 0.835244 0.000000 -35.538979 0.000000 0.000000 1.000000 0.000000
0.834613 0.550837 0.000000 80.593100 -0.550837 0.834613 0.000000 -35.542707 0.000000 0.000000 1.000000 0.000000
0.833854 0.551986 0.000000 80.597102 -0.551986 0.833854 0.000000 -35.544902 0.000000 0.000000 1.000000 0.000000
0.832844 0.553508 0.000000 80.599359 -0.553508 0.832844 0.000000 -35.546220 0.000000 0.000000 1.000000 0.000000
0.831915 0.554903 0.000000 80.603034 -0.554903 0.831915 0.000000 -35.550542 0.000000 0.000000 1.000000 0.000000
0.831441 0.555612 0.000000 80.608255 -0.555612 0.831441 0.000000 -35.556491 0.000000 0.000000 1.000000 0.000000
0.831511 0.555508 0.000000 80.613947 -0.555508 0.831511 0.000000 -35.564578 0.000000 0.000000 1.000000 0.000000
0.831926 0.554887 0.000000 80.619440 -0.554887 0.831926 0.000000 -35.573895 0.000000 0.000000 1.000000 0.000000
0.832540 0.553966 0.000000 80.626487 -0.553966 0.832540 0.000000 -35.582672 0.000000 0.000000 1.000000 0.000000
0.833416 0.552646 0.000000 80.630290 -0.552646 0.833416 0.000000 -35.587361 0.000000 0.000000 1.000000 0.000000
0.834183 0.551488 0.000000 80.636558 -0.551488 0.834183 0.000000 -35.596138 0.000000 0.000000 1.000000 0.000000
0.834516 0.550984 0.000000 80.645966 -0.550984 0.834516 0.000000 -35.604674 0.000000 0.000000 1.000000 0.000000
0.834481 0.551037 0.000000 80.658822 -0.551037 0.834481 0.000000 -35.613041 0.000000 0.000000 1.000000 0.000000
0.834177 0.551497 0.000000 80.675461 -0.551497 0.834177 0.000000 -35.620779 0.000000 0.000000 1.000000 0.000000
0.833756 0.552133 0.000000 80.687425 -0.552133 0.833756 0.000000 -35.626336 0.000000 0.000000 1.000000 0.000000
0.833478 0.552553 0.000000 80.702900 -0.552553 0.833478 0.000000 -35.634011 0.000000 0.000000 1.000000 0.000000
0.833771 0.552111 0.000000 80.731470 -0.552111 0.833771 0.000000 -35.651807 0.000000 0.000000 1.000000 0.000000
0.834248 0.551389 0.000000 80.740912 -0.551389 0.834248 0.000000 -35.661728 0.000000 0.000000 1.000000 0.000000
0.834527 0.550967 0.000000 80.748215 -0.550967 0.834527 0.000000 -35.668224 0.000000 0.000000 1.000000 0.000000
0.835255 0.549863 0.000000 80.758172 -0.549863 0.835255 0.000000 -35.677950 0.000000 0.000000 1.000000 0.000000
0.836285 0.548295 0.000000 80.764896 -0.548295 0.836285 0.000000 -35.689539 0.000000 0.000000 1.000000 0.000000
0.837519 0.546408 0.000000 80.771863 -0.546408 0.837519 0.000000 -35.699742 0.000000 0.000000 1.000000 0.000000
0.838121 0.545484 0.000000 80.780372 -0.545484 0.838121 0.000000 -35.707908 0.000000 0.000000 1.000000 0.000000
0.838440 0.544993 0.000000 80.786709 -0.544993 0.838440 0.000000 -35.714110 0.000000 0.000000 1.000000 0.000000
0.838328 0.545166 0.000000 80.795314 -0.545166 0.838328 0.000000 -35.712340 0.000000 0.000000 1.000000 0.000000
0.837927 0.545783 0.000000 80.801270 -0.545783 0.837927 0.000000 -35.712725 0.000000 0.000000 1.000000 0.000000
0.837342 0.546679 0.000000 80.807694 -0.546679 0.837342 0.000000 -35.712184 0.000000 0.000000 1.000000 0.000000
0.837034 0.547151 0.000000 80.809939 -0.547151 0.837034 0.000000 -35.711211 0.000000 0.000000 1.000000 0.000000
0.836976 0.547239 0.000000 80.810812 -0.547239 0.836976 0.000000 -35.710682 0.000000 0.000000 1.000000 0.000000
0.836894 0.547364 0.000000 80.810440 -0.547364 0.836894 0.000000 -35.711326 0.000000 0.000000 1.000000 0.000000
0.837139 0.546990 0.000000 80.808635 -0.546990 0.837139 0.000000 -35.713709 0.000000 0.000000 1.000000 0.000000
0.837667 0.546181 0.000000 80.805217 -0.546181 0.837667 0.000000 -35.714032 0.000000 0.000000 1.000000 0.000000
0.837917 0.545798 0.000000 80.802880 -0.545798 0.837917 0.000000 -35.713159 0.000000 0.000000 1.000000 0.000000
0.837920 0.545793 0.000000 80.802055 -0.545793 0.837920 0.000000 -35.712634 0.000000 0.000000 1.000000 0.000000
0.837999 0.545672 0.000000 80.801759 -0.545672 0.837999 0.000000 -35.710697 0.000000 0.000000 1.000000 0.000000
0.838271 0.545254 0.000000 80.801420 -0.545254 0.838271 0.000000 -35.709524 0.000000 0.000000 1.000000 0.000000
0.838523 0.544867 0.000000 80.801573 -0.544867 0.838523 0.000000 -35.709435 0.000000 0.000000 1.000000 0.000000
0.839232 0.543774 0.000000 80.800099 -0.543774 0.839232 0.000000 -35.713020 0.000000 0.000000 1.000000 0.000000
0.839384 0.543539 0.000000 80.799511 -0.543539 0.839384 0.000000 -35.713460 0.000000 0.000000 1.000000 0.000000
0.839779 0.542929 0.000000 80.797496 -0.542929 0.839779 0.000000 -35.713553 0.000000 0.000000 1.000000 0.000000
0.840196 0.542283 0.000000 80.796619 -0.542283 0.840196 0.000000 -35.713807 0.000000 0.000000 1.000000 0.000000
0.840393 0.541977 0.000000 80.796891 -0.541977 0.840393 0.000000 -35.713504 0.000000 0.000000 1.000000 0.000000
0.840692 0.541514 0.000000 80.796599 -0.541514 0.840692 0.000000 -35.713373 0.000000 0.000000 1.000000 0.000000
0.840800 0.541346 0.000000 80.797357 -0.541346 0.840800 0.000000 -35.712943 0.000000 0.000000 1.000000 0.000000
0.840942 0.541125 0.000000 80.797293 -0.541125 0.840942 0.000000 -35.713755 0.000000 0.000000 1.000000 0.000000
0.841140 0.540817 0.000000 80.797620 -0.540817 0.841140 0.000000 -35.713964 0.000000 0.000000 1.000000 0.000000
0.841243 0.540657 0.000000 80.797832 -0.540657 0.841243 0.000000 -35.714332 0.000000 0.000000 1.000000 0.000000
0.841886 0.539655 0.000000 80.797330 -0.539655 0.841886 0.000000 -35.716879 0.000000 0.000000 1.000000 0.000000
