0.999998 -0.002039 0.000000 0.625724 0.002039 0.999998 0.000000 0.002085 0.000000 0.000000 1.000000 0.000000
0.999999 0.001064 0.000000 1.263634 -0.001064 0.999999 0.000000 -0.021767 0.000000 0.000000 1.000000 0.000000
0.999997 0.002588 0.000000 2.083565 -0.002588 0.999997 0.000000 -0.045406 0.000000 0.000000 1.000000 0.000000
1.000000 0.000788 0.000000 2.674125 -0.000788 1.000000 0.000000 -0.060640 0.000000 0.000000 1.000000 0.000000
0.999997 0.002545 0.000000 3.297323 -0.002545 0.999997 0.000000 -0.066893 0.000000 0.000000 1.000000 0.000000
1.000000 0.000346 0.000000 4.231461 -0.000346 1.000000 0.000000 -0.093653 0.000000 0.000000 1.000000 0.000000
0.999997 -0.002372 0.000000 4.859404 0.002372 0.999997 0.000000 -0.116358 0.000000 0.000000 1.000000 0.000000
0.999997 -0.002259 0.000000 5.493466 0.002259 0.999997 0.000000 -0.123545 0.000000 0.000000 1.000000 0.000000
0.999987 -0.005044 0.000000 6.112296 0.005044 0.999987 0.000000 -0.143194 0.000000 0.000000 1.000000 0.000000
1.000000 0.000527 0.000000 7.386235 -0.000527 1.000000 0.000000 -0.166132 0.000000 0.000000 1.000000 0.000000
0.999999 -0.001199 0.000000 8.027001 0.001199 0.999999 0.000000 -0.179624 0.000000 0.000000 1.000000 0.000000
0.999976 -0.006875 0.000000 8.648543 0.006875 0.999976 0.000000 -0.180339 0.000000 0.000000 1.000000 0.000000
0.999985 -0.005401 0.000000 9.264471 0.005401 0.999985 0.000000 -0.187864 0.000000 0.000000 1.000000 0.000000
0.999977 -0.006778 0.000000 9.923249 0.006778 0.999977 0.000000 -0.201148 0.000000 0.000000 1.000000 0.000000
0.999979 -0.006423 0.000000 10.550969 0.006423 0.999979 0.000000 -0.224640 0.000000 0.000000 1.000000 0.000000
0.999975 -0.007058 0.000000 11.177159 0.007058 0.999975 0.000000 -0.235915 0.000000 0.000000 1.000000 0.000000
0.999976 -0.006986 0.000000 11.795102 0.006986 0.999976 0.000000 -0.227069 0.000000 0.000000 1.000000 0.000000
0.999960 -0.008913 0.000000 12.428857 0.008913 0.999960 0.000000 -0.237530 0.000000 0.000000 1.000000 0.000000
0.999949 -0.010060 0.000000 13.048183 0.010060 0.999949 0.000000 -0.249496 0.000000 0.000000 1.000000 0.000000
0.999960 -0.008924 0.000000 13.677433 0.008924 0.999960 0.000000 -0.248044 0.000000 0.000000 1.000000 0.000000
0.999945 -0.010497 0.000000 14.293245 0.010497 0.999945 0.000000 -0.261974 0.000000 0.000000 1.000000 0.000000
0.999947 -0.010269 0.000000 14.949793 0.010269 0.999947 0.000000 -0.257317 0.000000 0.000000 1.000000 0.000000
0.999939 -0.011035 0.000000 15.529088 0.011035 0.999939 0.000000 -0.266297 0.000000 0.000000 1.000000 0.000000
0.999934 -0.011488 0.000000 16.163954 0.011488 0.999934 0.000000 -0.259611 0.000000 0.000000 1.000000 0.000000
0.999940 -0.010972 0.000000 16.781288 0.010972 0.999940 0.000000 -0.269612 0.000000 0.000000 1.000000 0.000000
0.999880 -0.015503 0.000000 17.430138 0.015503 0.999880 0.000000 -0.286839 0.000000 0.000000 1.000000 0.000000
0.999872 -0.016030 0.000000 18.054525 0.016030 0.999872 0.000000 -0.276180 0.000000 0.000000 1.000000 0.000000
0.999767 -0.021585 0.000000 18.682170 0.021585 0.999767 0.000000 -0.278668 0.000000 0.000000 1.000000 0.000000
0.999789 -0.020537 0.000000 19.299044 0.020537 0.999789 0.000000 -0.266315 0.000000 0.000000 1.000000 0.000000
0.999853 -0.017163 0.000000 19.920674 0.017163 0.999853 0.000000 -0.271955 0.000000 0.000000 1.000000 0.000000
0.999795 -0.020254 0.000000 20.553247 0.020254 0.999795 0.000000 -0.269757 0.000000 0.000000 1.000000 0.000000
0.999798 -0.020100 0.000000 21.167190 0.020100 0.999798 0.000000 -0.266482 0.000000 0.000000 1.000000 0.000000
0.999792 -0.020391 0.000000 21.793387 0.020391 0.999792 0.000000 -0.267051 0.000000 0.000000 1.000000 0.000000
0.999794 -0.020285 0.000000 22.426673 0.020285 0.999794 0.000000 -0.262578 0.000000 0.000000 1.000000 0.000000
0.999812 -0.019405 0.000000 23.000560 0.019405 0.999812 0.000000 -0.255309 0.000000 0.000000 1.000000 0.000000
0.999765 -0.021666 0.000000 23.628369 0.021666 0.999765 0.000000 -0.263813 0.000000 0.000000 1.000000 0.000000
0.999731 -0.023215 0.000000 24.235391 0.023215 0.999731 0.000000 -0.274884 0.000000 0.000000 1.000000 0.000000
0.999709 -0.024139 0.000000 24.822459 0.024139 0.999709 0.000000 -0.275216 0.000000 0.000000 1.000000 0.000000
0.999711 -0.024056 0.000000 25.432024 0.024056 0.999711 0.000000 -0.274735 0.000000 0.000000 1.000000 0.000000
0.999715 -0.023875 0.000000 26.064443 0.023875 0.999715 0.000000 -0.273807 0.000000 0.000000 1.000000 0.000000
0.999722 -0.023595 0.000000 26.687377 0.023595 0.999722 0.000000 -0.277694 0.000000 0.000000 1.000000 0.000000
0.999744 -0.022627 0.000000 27.271857 0.022627 0.999744 0.000000 -0.282925 0.000000 0.000000 1.000000 0.000000
0.999810 -0.019484 0.000000 27.905888 0.019484 0.999810 0.000000 -0.290118 0.000000 0.000000 1.000000 0.000000
0.999823 -0.018826 0.000000 28.489386 0.018826 0.999823 0.000000 -0.289041 0.000000 0.000000 1.000000 0.000000
0.999833 -0.018276 0.000000 29.114708 0.018276 0.999833 0.000000 -0.289947 0.000000 0.000000 1.000000 0.000000
0.999804 -0.019780 0.000000 29.769660 0.019780 0.999804 0.000000 -0.289457 0.000000 0.000000 1.000000 0.000000
0.999794 -0.020319 0.000000 30.599017 0.020319 0.999794 0.000000 -0.305160 0.000000 0.000000 1.000000 0.000000
0.999829 -0.018471 0.000000 31.237933 0.018471 0.999829 0.000000 -0.301940 0.000000 0.000000 1.000000 0.000000
0.999841 -0.017834 0.000000 31.873932 0.017834 0.999841 0.000000 -0.285565 0.000000 0.000000 1.000000 0.000000
0.999855 -0.017016 0.000000 32.502048 0.017016 0.999855 0.000000 -0.274408 0.000000 0.000000 1.000000 0.000000
0.999885 -0.015186 0.000000 33.139341 0.015186 0.999885 0.000000 -0.268761 0.000000 0.000000 1.000000 0.000000
0.999860 -0.016712 0.000000 33.772590 0.016712 0.999860 0.000000 -0.273819 0.000000 0.000000 1.000000 0.000000
0.999914 -0.013149 0.000000 34.423658 0.013149 0.999914 0.000000 -0.276691 0.000000 0.000000 1.000000 0.000000
0.999926 -0.012177 0.000000 35.057943 0.012177 0.999926 0.000000 -0.289572 0.000000 0.000000 1.000000 0.000000
0.999957 -0.009251 0.000000 35.679609 0.009251 0.999957 0.000000 -0.288605 0.000000 0.000000 1.000000 0.000000
0.999946 -0.010440 0.000000 36.318843 0.010440 0.999946 0.000000 -0.300337 0.000000 0.000000 1.000000 0.000000
0.999977 -0.006772 0.000000 36.960131 0.006772 0.999977 0.000000 -0.294169 0.000000 0.000000 1.000000 0.000000
0.999966 -0.008187 0.000000 37.607436 0.008187 0.999966 0.000000 -0.302562 0.000000 0.000000 1.000000 0.000000
0.999976 -0.006879 0.000000 38.252537 0.006879 0.999976 0.000000 -0.303622 0.000000 0.000000 1.000000 0.000000
0.999985 -0.005498 0.000000 38.885191 0.005498 0.999985 0.000000 -0.304015 0.000000 0.000000 1.000000 0.000000
0.999980 -0.006361 0.000000 39.469654 0.006361 0.999980 0.000000 -0.319104 0.000000 0.000000 1.000000 0.000000
0.999989 -0.004709 0.000000 40.098865 0.004709 0.999989 0.000000 -0.334335 0.000000 0.000000 1.000000 0.000000
0.999999 -0.001440 0.000000 40.718815 0.001440 0.999999 0.000000 -0.334602 0.000000 0.000000 1.000000 0.000000
0.999998 -0.002065 0.000000 41.352383 0.002065 0.999998 0.000000 -0.345773 0.000000 0.000000 1.000000 0.000000
0.999996 -0.002926 0.000000 41.994181 0.002926 0.999996 0.000000 -0.355167 0.000000 0.000000 1.000000 0.000000
0.999998 -0.002158 0.000000 42.639628 0.002158 0.999998 0.000000 -0.359952 0.000000 0.000000 1.000000 0.000000
0.999999 -0.001625 0.000000 43.284179 0.001625 0.999999 0.000000 -0.370885 0.000000 0.000000 1.000000 0.000000
0.999998 -0.001804 0.000000 43.914343 0.001804 0.999998 0.000000 -0.382144 0.000000 0.000000 1.000000 0.000000
0.999999 -0.001096 0.000000 44.550187 0.001096 0.999999 0.000000 -0.388923 0.000000 0.000000 1.000000 0.000000
0.999999 0.001224 0.000000 45.204907 -0.001224 0.999999 0.000000 -0.388620 0.000000 0.000000 1.000000 0.000000
0.999999 0.001219 0.000000 45.867521 -0.001219 0.999999 0.000000 -0.400609 0.000000 0.000000 1.000000 0.000000
1.000000 -0.000630 0.000000 46.473376 0.000630 1.000000 0.000000 -0.411820 0.000000 0.000000 1.000000 0.000000
1.000000 0.000817 0.000000 47.122408 -0.000817 1.000000 0.000000 -0.405684 0.000000 0.000000 1.000000 0.000000
0.999998 -0.002071 0.000000 47.779778 0.002071 0.999998 0.000000 -0.420288 0.000000 0.000000 1.000000 0.000000
0.999999 0.001004 0.000000 48.435952 -0.001004 0.999999 0.000000 -0.435276 0.000000 0.000000 1.000000 0.000000
0.999998 -0.001878 0.000000 49.087764 0.001878 0.999998 0.000000 -0.455273 0.000000 0.000000 1.000000 0.000000
0.999993 -0.003722 0.000000 49.733266 0.003722 0.999993 0.000000 -0.467031 0.000000 0.000000 1.000000 0.000000
0.999995 -0.003254 0.000000 50.354320 0.003254 0.999995 0.000000 -0.470233 0.000000 0.000000 1.000000 0.000000
0.999997 -0.002421 0.000000 51.013365 0.002421 0.999997 0.000000 -0.469500 0.000000 0.000000 1.000000 0.000000
1.000000 -0.000457 0.000000 51.673313 0.000457 1.000000 0.000000 -0.478160 0.000000 0.000000 1.000000 0.000000
1.000000 -0.000033 0.000000 52.333877 0.000033 1.000000 0.000000 -0.494069 0.000000 0.000000 1.000000 0.000000
1.000000 0.000396 0.000000 52.984080 -0.000396 1.000000 0.000000 -0.506820 0.000000 0.000000 1.000000 0.000000
0.999990 -0.004568 0.000000 53.646738 0.004568 0.999990 0.000000 -0.518834 0.000000 0.000000 1.000000 0.000000
0.999999 -0.001164 0.000000 54.672330 0.001164 0.999999 0.000000 -0.557430 0.000000 0.000000 1.000000 0.000000
0.999998 -0.002114 0.000000 55.359009 0.002114 0.999998 0.000000 -0.565269 0.000000 0.000000 1.000000 0.000000
0.999995 -0.003202 0.000000 55.989887 0.003202 0.999995 0.000000 -0.559758 0.000000 0.000000 1.000000 0.000000
0.999994 -0.003480 0.000000 56.652788 0.003480 0.999994 0.000000 -0.573772 0.000000 0.000000 1.000000 0.000000
0.999994 -0.003410 0.000000 57.318850 0.003410 0.999994 0.000000 -0.597750 0.000000 0.000000 1.000000 0.000000
0.999995 -0.003084 0.000000 57.961605 0.003084 0.999995 0.000000 -0.615667 0.000000 0.000000 1.000000 0.000000
0.999984 -0.005636 0.000000 58.616679 0.005636 0.999984 0.000000 -0.628512 0.000000 0.000000 1.000000 0.000000
0.999988 -0.004929 0.000000 59.269158 0.004929 0.999988 0.000000 -0.642814 0.000000 0.000000 1.000000 0.000000
0.999983 -0.005783 0.000000 60.620007 0.005783 0.999983 0.000000 -0.652799 0.000000 0.000000 1.000000 0.000000
0.999977 -0.006742 0.000000 61.280291 0.006742 0.999977 0.000000 -0.641974 0.000000 0.000000 1.000000 0.000000
0.999962 -0.008716 0.000000 61.937675 0.008716 0.999962 0.000000 -0.636268 0.000000 0.000000 1.000000 0.000000
0.999969 -0.007929 0.000000 62.561435 0.007929 0.999969 0.000000 -0.643287 0.000000 0.000000 1.000000 0.000000
0.999982 -0.005984 0.000000 63.189183 0.005984 0.999982 0.000000 -0.654322 0.000000 0.000000 1.000000 0.000000
0.999989 -0.004769 0.000000 63.856103 0.004769 0.999989 0.000000 -0.662601 0.000000 0.000000 1.000000 0.000000
0.999978 -0.006576 0.000000 64.496255 0.006576 0.999978 0.000000 -0.667058 0.000000 0.000000 1.000000 0.000000
0.999986 -0.005342 0.000000 65.108477 0.005342 0.999986 0.000000 -0.674676 0.000000 0.000000 1.000000 0.000000
0.999989 -0.004713 0.000000 65.744336 0.004713 0.999989 0.000000 -0.678903 0.000000 0.000000 1.000000 0.000000
0.999989 -0.004587 0.000000 66.314597 0.004587 0.999989 0.000000 -0.687722 0.000000 0.000000 1.000000 0.000000
0.999992 -0.004032 0.000000 66.948354 0.004032 0.999992 0.000000 -0.702686 0.000000 0.000000 1.000000 0.000000
0.999991 -0.004317 0.000000 67.576482 0.004317 0.999991 0.000000 -0.718336 0.000000 0.000000 1.000000 0.000000
0.999988 -0.004856 0.000000 68.163763 0.004856 0.999988 0.000000 -0.736315 0.000000 0.000000 1.000000 0.000000
0.999988 -0.004941 0.000000 68.788885 0.004941 0.999988 0.000000 -0.750416 0.000000 0.000000 1.000000 0.000000
0.999980 -0.006304 0.000000 69.392870 0.006304 0.999980 0.000000 -0.761894 0.000000 0.000000 1.000000 0.000000
0.999984 -0.005727 0.000000 69.976495 0.005727 0.999984 0.000000 -0.771653 0.000000 0.000000 1.000000 0.000000
0.999979 -0.006439 0.000000 70.577225 0.006439 0.999979 0.000000 -0.785975 0.000000 0.000000 1.000000 0.000000
0.999982 -0.005974 0.000000 71.152385 0.005974 0.999982 0.000000 -0.795337 0.000000 0.000000 1.000000 0.000000
0.999997 -0.002608 0.000000 71.764523 0.002608 0.999997 0.000000 -0.798705 0.000000 0.000000 1.000000 0.000000
0.999995 -0.003203 0.000000 72.369878 0.003203 0.999995 0.000000 -0.802343 0.000000 0.000000 1.000000 0.000000
0.999995 -0.003274 0.000000 73.210294 0.003274 0.999995 0.000000 -0.826761 0.000000 0.000000 1.000000 0.000000
0.999995 -0.003217 0.000000 73.802535 0.003217 0.999995 0.000000 -0.840913 0.000000 0.000000 1.000000 0.000000
0.999997 -0.002318 0.000000 74.403734 0.002318 0.999997 0.000000 -0.852761 0.000000 0.000000 1.000000 0.000000
0.999983 -0.005913 0.000000 74.996743 0.005913 0.999983 0.000000 -0.855426 0.000000 0.000000 1.000000 0.000000
0.999990 -0.004561 0.000000 75.581034 0.004561 0.999990 0.000000 -0.843960 0.000000 0.000000 1.000000 0.000000
0.999977 -0.006780 0.000000 76.163678 0.006780 0.999977 0.000000 -0.852774 0.000000 0.000000 1.000000 0.000000
0.999972 -0.007507 0.000000 76.798926 0.007507 0.999972 0.000000 -0.860524 0.000000 0.000000 1.000000 0.000000
0.999978 -0.006640 0.000000 77.404004 0.006640 0.999978 0.000000 -0.857384 0.000000 0.000000 1.000000 0.000000
0.999974 -0.007163 0.000000 78.018090 0.007163 0.999974 0.000000 -0.873955 0.000000 0.000000 1.000000 0.000000
0.999992 -0.004026 0.000000 79.205483 0.004026 0.999992 0.000000 -0.904212 0.000000 0.000000 1.000000 0.000000
0.999984 -0.005744 0.000000 79.801840 0.005744 0.999984 0.000000 -0.907113 0.000000 0.000000 1.000000 0.000000
0.999988 -0.004895 0.000000 80.392322 0.004895 0.999988 0.000000 -0.921322 0.000000 0.000000 1.000000 0.000000
0.999994 -0.003451 0.000000 80.969606 0.003451 0.999994 0.000000 -0.930897 0.000000 0.000000 1.000000 0.000000
0.999993 -0.003809 0.000000 81.554366 0.003809 0.999993 0.000000 -0.944494 0.000000 0.000000 1.000000 0.000000
0.999997 -0.002389 0.000000 82.131096 0.002389 0.999997 0.000000 -0.947927 0.000000 0.000000 1.000000 0.000000
0.999995 -0.003211 0.000000 82.704026 0.003211 0.999995 0.000000 -0.947950 0.000000 0.000000 1.000000 0.000000
0.999989 -0.004593 0.000000 83.278603 0.004593 0.999989 0.000000 -0.950136 0.000000 0.000000 1.000000 0.000000
0.999989 -0.004714 0.000000 83.846805 0.004714 0.999989 0.000000 -0.961300 0.000000 0.000000 1.000000 0.000000
0.999994 -0.003356 0.000000 84.400325 0.003356 0.999994 0.000000 -0.973324 0.000000 0.000000 1.000000 0.000000
0.999995 -0.003234 0.000000 84.964318 0.003234 0.999995 0.000000 -0.979781 0.000000 0.000000 1.000000 0.000000
0.999995 -0.003194 0.000000 85.514794 0.003194 0.999995 0.000000 -0.994214 0.000000 0.000000 1.000000 0.000000
0.999996 -0.002780 0.000000 86.067589 0.002780 0.999996 0.000000 -1.001228 0.000000 0.000000 1.000000 0.000000
1.000000 -0.000850 0.000000 86.593743 0.000850 1.000000 0.000000 -1.005238 0.000000 0.000000 1.000000 0.000000
1.000000 0.000611 0.000000 87.126758 -0.000611 1.000000 0.000000 -1.013500 0.000000 0.000000 1.000000 0.000000
0.999996 0.002706 0.000000 87.646468 -0.002706 0.999996 0.000000 -1.029073 0.000000 0.000000 1.000000 0.000000
0.999988 0.004951 0.000000 88.147561 -0.004951 0.999988 0.000000 -1.041141 0.000000 0.000000 1.000000 0.000000
0.999991 0.004266 0.000000 88.686778 -0.004266 0.999991 0.000000 -1.055522 0.000000 0.000000 1.000000 0.000000
0.999992 0.003969 0.000000 89.209077 -0.003969 0.999992 0.000000 -1.075205 0.000000 0.000000 1.000000 0.000000
0.999988 0.004883 0.000000 89.696082 -0.004883 0.999988 0.000000 -1.082434 0.000000 0.000000 1.000000 0.000000
0.999983 0.005782 0.000000 90.214821 -0.005782 0.999983 0.000000 -1.107727 0.000000 0.000000 1.000000 0.000000
0.999968 0.008017 0.000000 90.718385 -0.008017 0.999968 0.000000 -1.126903 0.000000 0.000000 1.000000 0.000000
0.999970 0.007738 0.000000 91.196776 -0.007738 0.999970 0.000000 -1.146329 0.000000 0.000000 1.000000 0.000000
0.999960 0.008901 0.000000 91.715768 -0.008901 0.999960 0.000000 -1.163541 0.000000 0.000000 1.000000 0.000000
0.999947 0.010271 0.000000 92.235381 -0.010271 0.999947 0.000000 -1.178730 0.000000 0.000000 1.000000 0.000000
0.999923 0.012380 0.000000 92.716514 -0.012380 0.999923 0.000000 -1.185011 0.000000 0.000000 1.000000 0.000000
0.999917 0.012900 0.000000 93.221583 -0.012900 0.999917 0.000000 -1.202315 0.000000 0.000000 1.000000 0.000000
0.999911 0.013336 0.000000 93.715070 -0.013336 0.999911 0.000000 -1.226289 0.000000 0.000000 1.000000 0.000000
0.999882 0.015356 0.000000 94.237158 -0.015356 0.999882 0.000000 -1.243358 0.000000 0.000000 1.000000 0.000000
0.999874 0.015847 0.000000 94.900179 -0.015847 0.999874 0.000000 -1.266333 0.000000 0.000000 1.000000 0.000000
0.999879 0.015564 0.000000 95.409751 -0.015564 0.999879 0.000000 -1.272239 0.000000 0.000000 1.000000 0.000000
0.999858 0.016862 0.000000 95.899983 -0.016862 0.999858 0.000000 -1.288849 0.000000 0.000000 1.000000 0.000000
0.999833 0.018267 0.000000 96.390566 -0.018267 0.999833 0.000000 -1.297670 0.000000 0.000000 1.000000 0.000000
0.999841 0.017848 0.000000 96.881164 -0.017848 0.999841 0.000000 -1.306618 0.000000 0.000000 1.000000 0.000000
0.999856 0.016950 0.000000 97.367022 -0.016950 0.999856 0.000000 -1.333906 0.000000 0.000000 1.000000 0.000000
0.999858 0.016846 0.000000 97.841818 -0.016846 0.999858 0.000000 -1.365014 0.000000 0.000000 1.000000 0.000000
0.999759 0.021950 0.000000 98.812038 -0.021950 0.999759 0.000000 -1.425407 0.000000 0.000000 1.000000 0.000000
0.999702 0.024404 0.000000 99.274906 -0.024404 0.999702 0.000000 -1.448675 0.000000 0.000000 1.000000 0.000000
0.999674 0.025538 0.000000 99.754543 -0.025538 0.999674 0.000000 -1.473300 0.000000 0.000000 1.000000 0.000000
0.999564 0.029510 0.000000 100.202861 -0.029510 0.999564 0.000000 -1.507765 0.000000 0.000000 1.000000 0.000000
0.999511 0.031282 0.000000 100.671387 -0.031282 0.999511 0.000000 -1.544960 0.000000 0.000000 1.000000 0.000000
0.999421 0.034011 0.000000 101.133426 -0.034011 0.999421 0.000000 -1.572403 0.000000 0.000000 1.000000 0.000000
0.999346 0.036162 0.000000 101.600314 -0.036162 0.999346 0.000000 -1.604136 0.000000 0.000000 1.000000 0.000000
0.999232 0.039184 0.000000 102.074240 -0.039184 0.999232 0.000000 -1.626658 0.000000 0.000000 1.000000 0.000000
0.999035 0.043926 0.000000 102.534850 -0.043926 0.999035 0.000000 -1.658572 0.000000 0.000000 1.000000 0.000000
0.998941 0.046000 0.000000 103.006347 -0.046000 0.998941 0.000000 -1.684110 0.000000 0.000000 1.000000 0.000000
0.998841 0.048139 0.000000 103.441033 -0.048139 0.998841 0.000000 -1.730434 0.000000 0.000000 1.000000 0.000000
0.998735 0.050277 0.000000 103.886204 -0.050277 0.998735 0.000000 -1.772374 0.000000 0.000000 1.000000 0.000000
0.998616 0.052594 0.000000 104.333061 -0.052594 0.998616 0.000000 -1.804729 0.000000 0.000000 1.000000 0.000000
0.998530 0.054202 0.000000 104.764616 -0.054202 0.998530 0.000000 -1.836627 0.000000 0.000000 1.000000 0.000000
0.998303 0.058232 0.000000 105.196705 -0.058232 0.998303 0.000000 -1.864869 0.000000 0.000000 1.000000 0.000000
0.998182 0.060278 0.000000 105.629680 -0.060278 0.998182 0.000000 -1.893354 0.000000 0.000000 1.000000 0.000000
0.997777 0.066638 0.000000 106.060560 -0.066638 0.997777 0.000000 -1.923170 0.000000 0.000000 1.000000 0.000000
0.997415 0.071852 0.000000 106.492374 -0.071852 0.997415 0.000000 -1.959298 0.000000 0.000000 1.000000 0.000000
0.997303 0.073399 0.000000 106.914323 -0.073399 0.997303 0.000000 -2.013441 0.000000 0.000000 1.000000 0.000000
0.997348 0.072777 0.000000 107.332197 -0.072777 0.997348 0.000000 -2.060132 0.000000 0.000000 1.000000 0.000000
0.997068 0.076525 0.000000 107.736213 -0.076525 0.997068 0.000000 -2.088485 0.000000 0.000000 1.000000 0.000000
0.997057 0.076659 0.000000 108.134071 -0.076659 0.997057 0.000000 -2.124701 0.000000 0.000000 1.000000 0.000000
0.996602 0.082370 0.000000 108.517511 -0.082370 0.996602 0.000000 -2.160389 0.000000 0.000000 1.000000 0.000000
0.996171 0.087421 0.000000 108.911465 -0.087421 0.996171 0.000000 -2.193561 0.000000 0.000000 1.000000 0.000000
0.996350 0.085358 0.000000 109.302965 -0.085358 0.996350 0.000000 -2.252206 0.000000 0.000000 1.000000 0.000000
0.996066 0.088611 0.000000 109.675921 -0.088611 0.996066 0.000000 -2.289258 0.000000 0.000000 1.000000 0.000000
0.995776 0.091816 0.000000 110.087539 -0.091816 0.995776 0.000000 -2.322865 0.000000 0.000000 1.000000 0.000000
0.995385 0.095965 0.000000 110.485263 -0.095965 0.995385 0.000000 -2.355350 0.000000 0.000000 1.000000 0.000000
0.994954 0.100328 0.000000 111.052340 -0.100328 0.994954 0.000000 -2.429087 0.000000 0.000000 1.000000 0.000000
0.994763 0.102206 0.000000 111.464528 -0.102206 0.994763 0.000000 -2.482651 0.000000 0.000000 1.000000 0.000000
0.994538 0.104377 0.000000 111.875102 -0.104377 0.994538 0.000000 -2.546966 0.000000 0.000000 1.000000 0.000000
0.994306 0.106563 0.000000 112.286729 -0.106563 0.994306 0.000000 -2.600852 0.000000 0.000000 1.000000 0.000000
0.994093 0.108532 0.000000 112.709696 -0.108532 0.994093 0.000000 -2.663170 0.000000 0.000000 1.000000 0.000000
0.993973 0.109625 0.000000 113.127890 -0.109625 0.993973 0.000000 -2.704657 0.000000 0.000000 1.000000 0.000000
0.994020 0.109202 0.000000 113.541499 -0.109202 0.994020 0.000000 -2.775731 0.000000 0.000000 1.000000 0.000000
0.993714 0.111952 0.000000 113.960464 -0.111952 0.993714 0.000000 -2.839241 0.000000 0.000000 1.000000 0.000000
0.992779 0.119954 0.000000 114.695602 -0.119954 0.992779 0.000000 -2.945804 0.000000 0.000000 1.000000 0.000000
0.992951 0.118523 0.000000 115.115235 -0.118523 0.992951 0.000000 -3.021753 0.000000 0.000000 1.000000 0.000000
0.993122 0.117088 0.000000 115.551099 -0.117088 0.993122 0.000000 -3.089188 0.000000 0.000000 1.000000 0.000000
0.992940 0.118615 0.000000 115.981695 -0.118615 0.992940 0.000000 -3.151835 0.000000 0.000000 1.000000 0.000000
0.992997 0.118143 0.000000 116.430066 -0.118143 0.992997 0.000000 -3.206090 0.000000 0.000000 1.000000 0.000000
0.992584 0.121561 0.000000 116.863758 -0.121561 0.992584 0.000000 -3.267631 0.000000 0.000000 1.000000 0.000000
0.992583 0.121568 0.000000 117.289530 -0.121568 0.992583 0.000000 -3.326767 0.000000 0.000000 1.000000 0.000000
0.992649 0.121026 0.000000 117.727194 -0.121026 0.992649 0.000000 -3.392761 0.000000 0.000000 1.000000 0.000000
0.992568 0.121688 0.000000 118.162790 -0.121688 0.992568 0.000000 -3.441612 0.000000 0.000000 1.000000 0.000000
0.992518 0.122097 0.000000 118.616949 -0.122097 0.992518 0.000000 -3.510026 0.000000 0.000000 1.000000 0.000000
0.992017 0.126100 0.000000 119.064828 -0.126100 0.992017 0.000000 -3.585264 0.000000 0.000000 1.000000 0.000000
0.991977 0.126422 0.000000 119.881493 -0.126422 0.991977 0.000000 -3.698089 0.000000 0.000000 1.000000 0.000000
0.992012 0.126146 0.000000 120.328439 -0.126146 0.992012 0.000000 -3.766103 0.000000 0.000000 1.000000 0.000000
0.991624 0.129157 0.000000 120.782825 -0.129157 0.991624 0.000000 -3.825215 0.000000 0.000000 1.000000 0.000000
0.991585 0.129455 0.000000 121.242604 -0.129455 0.991585 0.000000 -3.902265 0.000000 0.000000 1.000000 0.000000
0.991289 0.131706 0.000000 121.699056 -0.131706 0.991289 0.000000 -3.980258 0.000000 0.000000 1.000000 0.000000
0.991097 0.133140 0.000000 122.159808 -0.133140 0.991097 0.000000 -4.062231 0.000000 0.000000 1.000000 0.000000
0.990972 0.134069 0.000000 122.629174 -0.134069 0.990972 0.000000 -4.132923 0.000000 0.000000 1.000000 0.000000
0.990519 0.137375 0.000000 123.098607 -0.137375 0.990519 0.000000 -4.201582 0.000000 0.000000 1.000000 0.000000
0.990000 0.141066 0.000000 123.605014 -0.141066 0.990000 0.000000 -4.292593 0.000000 0.000000 1.000000 0.000000
0.989565 0.144088 0.000000 124.055207 -0.144088 0.989565 0.000000 -4.389197 0.000000 0.000000 1.000000 0.000000
0.989611 0.143771 0.000000 124.562866 -0.143771 0.989611 0.000000 -4.500880 0.000000 0.000000 1.000000 0.000000
0.989348 0.145567 0.000000 125.035146 -0.145567 0.989348 0.000000 -4.596649 0.000000 0.000000 1.000000 0.000000
0.989101 0.147236 0.000000 125.497480 -0.147236 0.989101 0.000000 -4.687789 0.000000 0.000000 1.000000 0.000000
0.989452 0.144860 0.000000 125.958450 -0.144860 0.989452 0.000000 -4.780007 0.000000 0.000000 1.000000 0.000000
0.988994 0.147955 0.000000 126.436598 -0.147955 0.988994 0.000000 -4.873612 0.000000 0.000000 1.000000 0.000000
0.988782 0.149365 0.000000 126.898833 -0.149365 0.988782 0.000000 -4.962763 0.000000 0.000000 1.000000 0.000000
0.988316 0.152416 0.000000 127.377499 -0.152416 0.988316 0.000000 -5.059292 0.000000 0.000000 1.000000 0.000000
0.987489 0.157685 0.000000 127.847314 -0.157685 0.987489 0.000000 -5.148666 0.000000 0.000000 1.000000 0.000000
0.987240 0.159240 0.000000 128.303520 -0.159240 0.987240 0.000000 -5.230037 0.000000 0.000000 1.000000 0.000000
0.987258 0.159128 0.000000 128.781683 -0.159128 0.987258 0.000000 -5.313673 0.000000 0.000000 1.000000 0.000000
0.986681 0.162668 0.000000 129.251796 -0.162668 0.986681 0.000000 -5.400187 0.000000 0.000000 1.000000 0.000000
0.986491 0.163818 0.000000 130.039412 -0.163818 0.986491 0.000000 -5.537243 0.000000 0.000000 1.000000 0.000000
0.986456 0.164025 0.000000 130.520651 -0.164025 0.986456 0.000000 -5.624512 0.000000 0.000000 1.000000 0.000000
0.987910 0.155031 0.000000 131.503960 -0.155031 0.987910 0.000000 -5.818151 0.000000 0.000000 1.000000 0.000000
0.988243 0.152891 0.000000 131.988860 -0.152891 0.988243 0.000000 -5.915519 0.000000 0.000000 1.000000 0.000000
0.988360 0.152135 0.000000 132.479923 -0.152135 0.988360 0.000000 -6.001367 0.000000 0.000000 1.000000 0.000000
0.988226 0.153002 0.000000 132.976341 -0.153002 0.988226 0.000000 -6.089268 0.000000 0.000000 1.000000 0.000000
0.988542 0.150948 0.000000 133.487127 -0.150948 0.988542 0.000000 -6.177577 0.000000 0.000000 1.000000 0.000000
0.987826 0.155561 0.000000 133.971141 -0.155561 0.987826 0.000000 -6.254485 0.000000 0.000000 1.000000 0.000000
0.988764 0.149482 0.000000 134.520040 -0.149482 0.988764 0.000000 -6.346169 0.000000 0.000000 1.000000 0.000000
0.988295 0.152554 0.000000 135.004870 -0.152554 0.988295 0.000000 -6.438502 0.000000 0.000000 1.000000 0.000000
0.988052 0.154120 0.000000 135.534683 -0.154120 0.988052 0.000000 -6.530390 0.000000 0.000000 1.000000 0.000000
0.987956 0.154736 0.000000 136.053789 -0.154736 0.987956 0.000000 -6.610200 0.000000 0.000000 1.000000 0.000000
0.988056 0.154096 0.000000 136.539910 -0.154096 0.988056 0.000000 -6.699138 0.000000 0.000000 1.000000 0.000000
0.987989 0.154525 0.000000 137.058780 -0.154525 0.987989 0.000000 -6.788739 0.000000 0.000000 1.000000 0.000000
0.988082 0.153925 0.000000 137.587563 -0.153925 0.988082 0.000000 -6.880641 0.000000 0.000000 1.000000 0.000000
0.987685 0.156456 0.000000 138.075886 -0.156456 0.987685 0.000000 -6.963415 0.000000 0.000000 1.000000 0.000000
0.988258 0.152792 0.000000 138.588597 -0.152792 0.988258 0.000000 -7.045895 0.000000 0.000000 1.000000 0.000000
0.987942 0.154828 0.000000 139.115959 -0.154828 0.987942 0.000000 -7.162493 0.000000 0.000000 1.000000 0.000000
0.987317 0.158761 0.000000 139.735112 -0.158761 0.987317 0.000000 -7.250585 0.000000 0.000000 1.000000 0.000000
0.987303 0.158847 0.000000 140.292900 -0.158847 0.987303 0.000000 -7.364457 0.000000 0.000000 1.000000 0.000000
0.985953 0.167020 0.000000 140.779413 -0.167020 0.985953 0.000000 -7.472516 0.000000 0.000000 1.000000 0.000000
0.986062 0.166377 0.000000 141.304572 -0.166377 0.986062 0.000000 -7.577235 0.000000 0.000000 1.000000 0.000000
0.985218 0.171302 0.000000 141.841494 -0.171302 0.985218 0.000000 -7.684845 0.000000 0.000000 1.000000 0.000000
0.984840 0.173465 0.000000 142.371116 -0.173465 0.984840 0.000000 -7.785891 0.000000 0.000000 1.000000 0.000000
0.983838 0.179058 0.000000 146.187133 -0.179058 0.983838 0.000000 -8.579841 0.000000 0.000000 1.000000 0.000000
0.983539 0.180698 0.000000 146.711899 -0.180698 0.983539 0.000000 -8.693322 0.000000 0.000000 1.000000 0.000000
0.985698 0.168520 0.000000 147.857978 -0.168520 0.985698 0.000000 -8.950355 0.000000 0.000000 1.000000 0.000000
0.984561 0.175041 0.000000 148.981302 -0.175041 0.984561 0.000000 -9.189937 0.000000 0.000000 1.000000 0.000000
0.984320 0.176392 0.000000 149.527527 -0.176392 0.984320 0.000000 -9.295163 0.000000 0.000000 1.000000 0.000000
0.984364 0.176148 0.000000 150.097643 -0.176148 0.984364 0.000000 -9.413620 0.000000 0.000000 1.000000 0.000000
0.984470 0.175553 0.000000 150.651725 -0.175553 0.984470 0.000000 -9.519126 0.000000 0.000000 1.000000 0.000000
0.984644 0.174576 0.000000 151.224310 -0.174576 0.984644 0.000000 -9.655777 0.000000 0.000000 1.000000 0.000000
0.985191 0.171462 0.000000 151.785155 -0.171462 0.985191 0.000000 -9.782590 0.000000 0.000000 1.000000 0.000000
0.984598 0.174836 0.000000 152.358565 -0.174836 0.984598 0.000000 -9.910115 0.000000 0.000000 1.000000 0.000000
0.984366 0.176133 0.000000 152.927497 -0.176133 0.984366 0.000000 -10.036140 0.000000 0.000000 1.000000 0.000000
0.984901 0.173117 0.000000 153.505025 -0.173117 0.984901 0.000000 -10.167519 0.000000 0.000000 1.000000 0.000000
0.984886 0.173206 0.000000 154.412310 -0.173206 0.984886 0.000000 -10.369148 0.000000 0.000000 1.000000 0.000000
0.984292 0.176546 0.000000 154.996272 -0.176546 0.984292 0.000000 -10.476822 0.000000 0.000000 1.000000 0.000000
0.984671 0.174422 0.000000 155.569549 -0.174422 0.984671 0.000000 -10.610947 0.000000 0.000000 1.000000 0.000000
0.984281 0.176607 0.000000 156.148485 -0.176607 0.984281 0.000000 -10.729984 0.000000 0.000000 1.000000 0.000000
0.983728 0.179661 0.000000 156.767297 -0.179661 0.983728 0.000000 -10.846059 0.000000 0.000000 1.000000 0.000000
0.983505 0.180880 0.000000 157.286636 -0.180880 0.983505 0.000000 -10.963832 0.000000 0.000000 1.000000 0.000000
0.983488 0.180973 0.000000 157.880988 -0.180973 0.983488 0.000000 -11.124247 0.000000 0.000000 1.000000 0.000000
0.983538 0.180702 0.000000 158.449712 -0.180702 0.983538 0.000000 -11.248792 0.000000 0.000000 1.000000 0.000000
0.983538 0.180704 0.000000 159.040281 -0.180704 0.983538 0.000000 -11.356033 0.000000 0.000000 1.000000 0.000000
0.983320 0.181886 0.000000 159.619420 -0.181886 0.983320 0.000000 -11.468402 0.000000 0.000000 1.000000 0.000000
0.983049 0.183344 0.000000 160.177280 -0.183344 0.983049 0.000000 -11.583872 0.000000 0.000000 1.000000 0.000000
0.983503 0.180892 0.000000 160.732265 -0.180892 0.983503 0.000000 -11.707231 0.000000 0.000000 1.000000 0.000000
0.983528 0.180754 0.000000 161.292118 -0.180754 0.983528 0.000000 -11.829544 0.000000 0.000000 1.000000 0.000000
0.983373 0.181598 0.000000 161.867915 -0.181598 0.983373 0.000000 -11.932543 0.000000 0.000000 1.000000 0.000000
0.983613 0.180293 0.000000 162.431803 -0.180293 0.983613 0.000000 -12.054481 0.000000 0.000000 1.000000 0.000000
0.983182 0.182631 0.000000 163.009383 -0.182631 0.983182 0.000000 -12.170720 0.000000 0.000000 1.000000 0.000000
0.982857 0.184371 0.000000 164.149937 -0.184371 0.982857 0.000000 -12.410016 0.000000 0.000000 1.000000 0.000000
0.982705 0.185179 0.000000 164.713562 -0.185179 0.982705 0.000000 -12.533190 0.000000 0.000000 1.000000 0.000000
0.983291 0.182043 0.000000 165.244571 -0.182043 0.983291 0.000000 -12.656930 0.000000 0.000000 1.000000 0.000000
0.982369 0.186952 0.000000 165.828824 -0.186952 0.982369 0.000000 -12.765546 0.000000 0.000000 1.000000 0.000000
0.982135 0.188178 0.000000 166.388753 -0.188178 0.982135 0.000000 -12.867264 0.000000 0.000000 1.000000 0.000000
0.982512 0.186200 0.000000 167.484961 -0.186200 0.982512 0.000000 -13.096263 0.000000 0.000000 1.000000 0.000000
0.982574 0.185870 0.000000 168.051957 -0.185870 0.982574 0.000000 -13.208776 0.000000 0.000000 1.000000 0.000000
0.982384 0.186875 0.000000 168.585256 -0.186875 0.982384 0.000000 -13.325147 0.000000 0.000000 1.000000 0.000000
0.982220 0.187732 0.000000 169.144373 -0.187732 0.982220 0.000000 -13.429790 0.000000 0.000000 1.000000 0.000000
0.982598 0.185746 0.000000 169.719074 -0.185746 0.982598 0.000000 -13.559880 0.000000 0.000000 1.000000 0.000000
0.982155 0.188072 0.000000 170.245848 -0.188072 0.982155 0.000000 -13.676522 0.000000 0.000000 1.000000 0.000000
0.981456 0.191685 0.000000 171.015003 -0.191685 0.981456 0.000000 -13.804599 0.000000 0.000000 1.000000 0.000000
0.981108 0.193459 0.000000 171.585099 -0.193459 0.981108 0.000000 -13.912997 0.000000 0.000000 1.000000 0.000000
0.980887 0.194579 0.000000 172.150134 -0.194579 0.980887 0.000000 -14.027012 0.000000 0.000000 1.000000 0.000000
0.979974 0.199127 0.000000 172.755057 -0.199127 0.979974 0.000000 -14.127827 0.000000 0.000000 1.000000 0.000000
0.980320 0.197417 0.000000 173.300262 -0.197417 0.980320 0.000000 -14.250220 0.000000 0.000000 1.000000 0.000000
0.980779 0.195121 0.000000 173.905825 -0.195121 0.980779 0.000000 -14.394928 0.000000 0.000000 1.000000 0.000000
0.979933 0.199326 0.000000 174.481598 -0.199326 0.979933 0.000000 -14.514048 0.000000 0.000000 1.000000 0.000000
0.980273 0.197650 0.000000 175.046266 -0.197650 0.980273 0.000000 -14.652350 0.000000 0.000000 1.000000 0.000000
0.979258 0.202619 0.000000 175.632572 -0.202619 0.979258 0.000000 -14.771196 0.000000 0.000000 1.000000 0.000000
0.980053 0.198736 0.000000 176.219673 -0.198736 0.980053 0.000000 -14.906719 0.000000 0.000000 1.000000 0.000000
0.980147 0.198274 0.000000 176.812880 -0.198274 0.980147 0.000000 -15.016001 0.000000 0.000000 1.000000 0.000000
0.980011 0.198941 0.000000 177.364484 -0.198941 0.980011 0.000000 -15.123225 0.000000 0.000000 1.000000 0.000000
0.980516 0.196437 0.000000 177.931708 -0.196437 0.980516 0.000000 -15.247772 0.000000 0.000000 1.000000 0.000000
0.981446 0.191738 0.000000 178.503378 -0.191738 0.981446 0.000000 -15.385924 0.000000 0.000000 1.000000 0.000000
0.981745 0.190201 0.000000 179.085503 -0.190201 0.981745 0.000000 -15.502062 0.000000 0.000000 1.000000 0.000000
0.981317 0.192399 0.000000 179.670383 -0.192399 0.981317 0.000000 -15.631779 0.000000 0.000000 1.000000 0.000000
0.981707 0.190399 0.000000 180.248316 -0.190399 0.981707 0.000000 -15.761581 0.000000 0.000000 1.000000 0.000000
0.981262 0.192679 0.000000 180.786099 -0.192679 0.981262 0.000000 -15.873394 0.000000 0.000000 1.000000 0.000000
0.981174 0.193128 0.000000 181.407061 -0.193128 0.981174 0.000000 -16.011987 0.000000 0.000000 1.000000 0.000000
0.981377 0.192093 0.000000 181.953298 -0.192093 0.981377 0.000000 -16.125723 0.000000 0.000000 1.000000 0.000000
0.981421 0.191867 0.000000 182.522824 -0.191867 0.981421 0.000000 -16.251473 0.000000 0.000000 1.000000 0.000000
0.981129 0.193353 0.000000 183.109877 -0.193353 0.981129 0.000000 -16.357317 0.000000 0.000000 1.000000 0.000000
0.980688 0.195579 0.000000 183.698888 -0.195579 0.980688 0.000000 -16.496097 0.000000 0.000000 1.000000 0.000000
0.979349 0.202179 0.000000 184.282172 -0.202179 0.979349 0.000000 -16.627190 0.000000 0.000000 1.000000 0.000000
0.979490 0.201493 0.000000 184.860972 -0.201493 0.979490 0.000000 -16.744504 0.000000 0.000000 1.000000 0.000000
0.979630 0.200809 0.000000 185.434832 -0.200809 0.979630 0.000000 -16.878916 0.000000 0.000000 1.000000 0.000000
0.979725 0.200348 0.000000 186.010337 -0.200348 0.979725 0.000000 -17.005402 0.000000 0.000000 1.000000 0.000000
0.979496 0.201462 0.000000 186.599729 -0.201462 0.979496 0.000000 -17.144917 0.000000 0.000000 1.000000 0.000000
0.979143 0.203174 0.000000 187.179314 -0.203174 0.979143 0.000000 -17.272926 0.000000 0.000000 1.000000 0.000000
0.979374 0.202058 0.000000 187.742096 -0.202058 0.979374 0.000000 -17.419390 0.000000 0.000000 1.000000 0.000000
0.979596 0.200975 0.000000 188.322791 -0.200975 0.979596 0.000000 -17.544994 0.000000 0.000000 1.000000 0.000000
0.978999 0.203865 0.000000 188.900943 -0.203865 0.978999 0.000000 -17.671799 0.000000 0.000000 1.000000 0.000000
0.978876 0.204455 0.000000 189.447240 -0.204455 0.978876 0.000000 -17.786742 0.000000 0.000000 1.000000 0.000000
0.978976 0.203977 0.000000 190.031414 -0.203977 0.978976 0.000000 -17.918764 0.000000 0.000000 1.000000 0.000000
0.978171 0.207801 0.000000 190.614425 -0.207801 0.978171 0.000000 -18.049093 0.000000 0.000000 1.000000 0.000000
0.978241 0.207470 0.000000 191.173983 -0.207470 0.978241 0.000000 -18.163319 0.000000 0.000000 1.000000 0.000000
0.978961 0.204047 0.000000 191.749353 -0.204047 0.978961 0.000000 -18.302397 0.000000 0.000000 1.000000 0.000000
0.978170 0.207808 0.000000 192.330643 -0.207808 0.978170 0.000000 -18.433568 0.000000 0.000000 1.000000 0.000000
0.978870 0.204483 0.000000 192.875033 -0.204483 0.978870 0.000000 -18.574998 0.000000 0.000000 1.000000 0.000000
0.978739 0.205111 0.000000 193.435617 -0.205111 0.978739 0.000000 -18.707205 0.000000 0.000000 1.000000 0.000000
0.978101 0.208132 0.000000 193.996379 -0.208132 0.978101 0.000000 -18.835081 0.000000 0.000000 1.000000 0.000000
0.978066 0.208293 0.000000 194.537987 -0.208293 0.978066 0.000000 -18.948323 0.000000 0.000000 1.000000 0.000000
0.977932 0.208923 0.000000 195.105550 -0.208923 0.977932 0.000000 -19.102216 0.000000 0.000000 1.000000 0.000000
0.977669 0.210150 0.000000 195.669267 -0.210150 0.977669 0.000000 -19.241884 0.000000 0.000000 1.000000 0.000000
0.977221 0.212226 0.000000 196.487429 -0.212226 0.977221 0.000000 -19.447591 0.000000 0.000000 1.000000 0.000000
0.976911 0.213647 0.000000 197.038109 -0.213647 0.976911 0.000000 -19.581017 0.000000 0.000000 1.000000 0.000000
0.976496 0.215537 0.000000 197.621804 -0.215537 0.976496 0.000000 -19.716822 0.000000 0.000000 1.000000 0.000000
0.976640 0.214882 0.000000 198.193303 -0.214882 0.976640 0.000000 -19.844332 0.000000 0.000000 1.000000 0.000000
0.976414 0.215904 0.000000 198.756971 -0.215904 0.976414 0.000000 -19.963457 0.000000 0.000000 1.000000 0.000000
0.976678 0.214708 0.000000 199.328669 -0.214708 0.976678 0.000000 -20.092801 0.000000 0.000000 1.000000 0.000000
0.977164 0.212487 0.000000 199.889888 -0.212487 0.977164 0.000000 -20.238991 0.000000 0.000000 1.000000 0.000000
0.976974 0.213357 0.000000 200.469334 -0.213357 0.976974 0.000000 -20.386534 0.000000 0.000000 1.000000 0.000000
0.976933 0.213547 0.000000 200.974355 -0.213547 0.976933 0.000000 -20.509527 0.000000 0.000000 1.000000 0.000000
0.976755 0.214359 0.000000 201.948397 -0.214359 0.976755 0.000000 -20.738872 0.000000 0.000000 1.000000 0.000000
0.976751 0.214376 0.000000 202.521550 -0.214376 0.976751 0.000000 -20.869591 0.000000 0.000000 1.000000 0.000000
0.976578 0.215162 0.000000 203.235253 -0.215162 0.976578 0.000000 -21.042430 0.000000 0.000000 1.000000 0.000000
0.976268 0.216565 0.000000 203.953439 -0.216565 0.976268 0.000000 -21.210974 0.000000 0.000000 1.000000 0.000000
0.975714 0.219048 0.000000 204.923843 -0.219048 0.975714 0.000000 -21.452998 0.000000 0.000000 1.000000 0.000000
0.975892 0.218256 0.000000 205.491445 -0.218256 0.975892 0.000000 -21.595593 0.000000 0.000000 1.000000 0.000000
0.976216 0.216801 0.000000 206.062122 -0.216801 0.976216 0.000000 -21.740987 0.000000 0.000000 1.000000 0.000000
0.976046 0.217565 0.000000 206.617011 -0.217565 0.976046 0.000000 -21.883372 0.000000 0.000000 1.000000 0.000000
0.975750 0.218886 0.000000 207.139923 -0.218886 0.975750 0.000000 -22.011486 0.000000 0.000000 1.000000 0.000000
0.976403 0.215959 0.000000 207.703118 -0.215959 0.976403 0.000000 -22.143389 0.000000 0.000000 1.000000 0.000000
0.975897 0.218232 0.000000 208.264529 -0.218232 0.975897 0.000000 -22.285930 0.000000 0.000000 1.000000 0.000000
0.975852 0.218431 0.000000 209.060828 -0.218431 0.975852 0.000000 -22.492542 0.000000 0.000000 1.000000 0.000000
0.976241 0.216688 0.000000 209.627484 -0.216688 0.976241 0.000000 -22.637139 0.000000 0.000000 1.000000 0.000000
0.976248 0.216657 0.000000 210.190014 -0.216657 0.976248 0.000000 -22.780724 0.000000 0.000000 1.000000 0.000000
0.976071 0.217451 0.000000 210.748540 -0.217451 0.976071 0.000000 -22.918044 0.000000 0.000000 1.000000 0.000000
0.976856 0.213897 0.000000 211.326832 -0.213897 0.976856 0.000000 -23.063662 0.000000 0.000000 1.000000 0.000000
0.976755 0.214358 0.000000 211.843426 -0.214358 0.976755 0.000000 -23.188232 0.000000 0.000000 1.000000 0.000000
