0.999997 0.002612 0.000000 0.831409 -0.002612 0.999997 0.000000 -0.022145 0.000000 0.000000 1.000000 0.000000
0.999999 0.001590 0.000000 1.424290 -0.001590 0.999999 0.000000 -0.032860 0.000000 0.000000 1.000000 0.000000
0.999994 0.003435 0.000000 2.052223 -0.003435 0.999994 0.000000 -0.041293 0.000000 0.000000 1.000000 0.000000
1.000000 0.000736 0.000000 2.983055 -0.000736 1.000000 0.000000 -0.069598 0.000000 0.000000 1.000000 0.000000
0.999997 -0.002535 0.000000 3.608795 0.002535 0.999997 0.000000 -0.097344 0.000000 0.000000 1.000000 0.000000
0.999995 -0.003098 0.000000 4.247934 0.003098 0.999995 0.000000 -0.115440 0.000000 0.000000 1.000000 0.000000
0.999981 -0.006139 0.000000 4.874175 0.006139 0.999981 0.000000 -0.129390 0.000000 0.000000 1.000000 0.000000
0.999999 0.001122 0.000000 6.134805 -0.001122 0.999999 0.000000 -0.157506 0.000000 0.000000 1.000000 0.000000
1.000000 0.000058 0.000000 6.759502 -0.000058 1.000000 0.000000 -0.173478 0.000000 0.000000 1.000000 0.000000
0.999985 -0.005400 0.000000 7.385246 0.005400 0.999985 0.000000 -0.173237 0.000000 0.000000 1.000000 0.000000
0.999988 -0.004939 0.000000 8.021138 0.004939 0.999988 0.000000 -0.178084 0.000000 0.000000 1.000000 0.000000
0.999978 -0.006625 0.000000 8.691083 0.006625 0.999978 0.000000 -0.189336 0.000000 0.000000 1.000000 0.000000
0.999984 -0.005605 0.000000 9.313016 0.005605 0.999984 0.000000 -0.212983 0.000000 0.000000 1.000000 0.000000
0.999984 -0.005613 0.000000 9.934871 0.005613 0.999984 0.000000 -0.224314 0.000000 0.000000 1.000000 0.000000
0.999985 -0.005422 0.000000 10.559000 0.005422 0.999985 0.000000 -0.222596 0.000000 0.000000 1.000000 0.000000
0.999971 -0.007679 0.000000 11.183265 0.007679 0.999971 0.000000 -0.232409 0.000000 0.000000 1.000000 0.000000
0.999957 -0.009259 0.000000 11.805280 0.009259 0.999957 0.000000 -0.237419 0.000000 0.000000 1.000000 0.000000
0.999968 -0.008004 0.000000 12.426899 0.008004 0.999968 0.000000 -0.241879 0.000000 0.000000 1.000000 0.000000
0.999958 -0.009182 0.000000 13.039677 0.009182 0.999958 0.000000 -0.256136 0.000000 0.000000 1.000000 0.000000
0.999968 -0.008033 0.000000 13.695625 0.008033 0.999968 0.000000 -0.262630 0.000000 0.000000 1.000000 0.000000
0.999961 -0.008880 0.000000 14.268451 0.008880 0.999961 0.000000 -0.270418 0.000000 0.000000 1.000000 0.000000
0.999958 -0.009166 0.000000 14.899082 0.009166 0.999958 0.000000 -0.274704 0.000000 0.000000 1.000000 0.000000
0.999963 -0.008625 0.000000 15.522984 0.008625 0.999963 0.000000 -0.289245 0.000000 0.000000 1.000000 0.000000
0.999912 -0.013298 0.000000 16.168206 0.013298 0.999912 0.000000 -0.302414 0.000000 0.000000 1.000000 0.000000
0.999900 -0.014172 0.000000 16.796862 0.014172 0.999900 0.000000 -0.293514 0.000000 0.000000 1.000000 0.000000
0.999781 -0.020936 0.000000 17.426857 0.020936 0.999781 0.000000 -0.295273 0.000000 0.000000 1.000000 0.000000
0.999790 -0.020498 0.000000 18.048429 0.020498 0.999790 0.000000 -0.282564 0.000000 0.000000 1.000000 0.000000
0.999862 -0.016603 0.000000 18.674510 0.016603 0.999862 0.000000 -0.286687 0.000000 0.000000 1.000000 0.000000
0.999824 -0.018764 0.000000 19.294020 0.018764 0.999824 0.000000 -0.282013 0.000000 0.000000 1.000000 0.000000
0.999835 -0.018159 0.000000 19.907880 0.018159 0.999835 0.000000 -0.272805 0.000000 0.000000 1.000000 0.000000
0.999818 -0.019087 0.000000 20.536744 0.019087 0.999818 0.000000 -0.270298 0.000000 0.000000 1.000000 0.000000
0.999817 -0.019109 0.000000 21.180520 0.019109 0.999817 0.000000 -0.267140 0.000000 0.000000 1.000000 0.000000
0.999837 -0.018076 0.000000 21.773006 0.018076 0.999837 0.000000 -0.262782 0.000000 0.000000 1.000000 0.000000
0.999795 -0.020260 0.000000 22.416064 0.020260 0.999795 0.000000 -0.274548 0.000000 0.000000 1.000000 0.000000
0.999752 -0.022289 0.000000 23.035380 0.022289 0.999752 0.000000 -0.271464 0.000000 0.000000 1.000000 0.000000
0.999713 -0.023949 0.000000 23.620734 0.023949 0.999713 0.000000 -0.273871 0.000000 0.000000 1.000000 0.000000
0.999714 -0.023919 0.000000 24.242097 0.023919 0.999714 0.000000 -0.283753 0.000000 0.000000 1.000000 0.000000
0.999729 -0.023291 0.000000 24.867606 0.023291 0.999729 0.000000 -0.285040 0.000000 0.000000 1.000000 0.000000
0.999745 -0.022598 0.000000 25.484763 0.022598 0.999745 0.000000 -0.285705 0.000000 0.000000 1.000000 0.000000
0.999784 -0.020786 0.000000 26.076199 0.020786 0.999784 0.000000 -0.291687 0.000000 0.000000 1.000000 0.000000
0.999857 -0.016916 0.000000 26.704931 0.016916 0.999857 0.000000 -0.295282 0.000000 0.000000 1.000000 0.000000
0.999881 -0.015395 0.000000 27.294114 0.015395 0.999881 0.000000 -0.303678 0.000000 0.000000 1.000000 0.000000
0.999891 -0.014789 0.000000 27.936052 0.014789 0.999891 0.000000 -0.296082 0.000000 0.000000 1.000000 0.000000
0.999867 -0.016303 0.000000 28.584745 0.016303 0.999867 0.000000 -0.298924 0.000000 0.000000 1.000000 0.000000
0.999848 -0.017425 0.000000 29.405196 0.017425 0.999848 0.000000 -0.310021 0.000000 0.000000 1.000000 0.000000
0.999884 -0.015234 0.000000 30.047909 0.015234 0.999884 0.000000 -0.314636 0.000000 0.000000 1.000000 0.000000
0.999899 -0.014191 0.000000 30.688489 0.014191 0.999899 0.000000 -0.312752 0.000000 0.000000 1.000000 0.000000
0.999918 -0.012805 0.000000 31.319697 0.012805 0.999918 0.000000 -0.310365 0.000000 0.000000 1.000000 0.000000
0.999940 -0.010954 0.000000 31.956685 0.010954 0.999940 0.000000 -0.317084 0.000000 0.000000 1.000000 0.000000
0.999924 -0.012321 0.000000 32.597542 0.012321 0.999924 0.000000 -0.327728 0.000000 0.000000 1.000000 0.000000
0.999961 -0.008781 0.000000 33.235567 0.008781 0.999961 0.000000 -0.334449 0.000000 0.000000 1.000000 0.000000
0.999971 -0.007610 0.000000 33.874099 0.007610 0.999971 0.000000 -0.340517 0.000000 0.000000 1.000000 0.000000
0.999992 -0.004058 0.000000 34.500591 0.004058 0.999992 0.000000 -0.349384 0.000000 0.000000 1.000000 0.000000
0.999987 -0.005170 0.000000 35.142213 0.005170 0.999987 0.000000 -0.375318 0.000000 0.000000 1.000000 0.000000
0.999999 -0.001376 0.000000 35.774089 0.001376 0.999999 0.000000 -0.380525 0.000000 0.000000 1.000000 0.000000
0.999996 -0.002860 0.000000 36.411261 0.002860 0.999996 0.000000 -0.390400 0.000000 0.000000 1.000000 0.000000
0.999999 -0.001483 0.000000 37.048913 0.001483 0.999999 0.000000 -0.394527 0.000000 0.000000 1.000000 0.000000
1.000000 -0.000052 0.000000 37.692523 0.000052 1.000000 0.000000 -0.399416 0.000000 0.000000 1.000000 0.000000
0.999999 -0.001141 0.000000 38.286603 0.001141 0.999999 0.000000 -0.410896 0.000000 0.000000 1.000000 0.000000
1.000000 0.000631 0.000000 38.921820 -0.000631 1.000000 0.000000 -0.433568 0.000000 0.000000 1.000000 0.000000
0.999990 0.004494 0.000000 39.543990 -0.004494 0.999990 0.000000 -0.446543 0.000000 0.000000 1.000000 0.000000
0.999990 0.004361 0.000000 40.189473 -0.004361 0.999990 0.000000 -0.464847 0.000000 0.000000 1.000000 0.000000
0.999994 0.003562 0.000000 40.825033 -0.003562 0.999994 0.000000 -0.484510 0.000000 0.000000 1.000000 0.000000
0.999991 0.004152 0.000000 41.457082 -0.004152 0.999991 0.000000 -0.496631 0.000000 0.000000 1.000000 0.000000
0.999989 0.004672 0.000000 42.097853 -0.004672 0.999989 0.000000 -0.516002 0.000000 0.000000 1.000000 0.000000
0.999989 0.004595 0.000000 42.736000 -0.004595 0.999989 0.000000 -0.530120 0.000000 0.000000 1.000000 0.000000
0.999986 0.005327 0.000000 43.389550 -0.005327 0.999986 0.000000 -0.541094 0.000000 0.000000 1.000000 0.000000
0.999969 0.007848 0.000000 44.031260 -0.007848 0.999969 0.000000 -0.554540 0.000000 0.000000 1.000000 0.000000
0.999964 0.008453 0.000000 44.680804 -0.008453 0.999964 0.000000 -0.573344 0.000000 0.000000 1.000000 0.000000
0.999976 0.006932 0.000000 45.294972 -0.006932 0.999976 0.000000 -0.594966 0.000000 0.000000 1.000000 0.000000
0.999966 0.008232 0.000000 45.945916 -0.008232 0.999966 0.000000 -0.599412 0.000000 0.000000 1.000000 0.000000
0.999987 0.005040 0.000000 46.600099 -0.005040 0.999987 0.000000 -0.625482 0.000000 0.000000 1.000000 0.000000
0.999968 0.008040 0.000000 47.263641 -0.008040 0.999968 0.000000 -0.644091 0.000000 0.000000 1.000000 0.000000
0.999988 0.004949 0.000000 47.925693 -0.004949 0.999988 0.000000 -0.658688 0.000000 0.000000 1.000000 0.000000
0.999995 0.003120 0.000000 48.565101 -0.003120 0.999995 0.000000 -0.681551 0.000000 0.000000 1.000000 0.000000
0.999993 0.003691 0.000000 49.189148 -0.003691 0.999993 0.000000 -0.701510 0.000000 0.000000 1.000000 0.000000
0.999989 0.004661 0.000000 49.838323 -0.004661 0.999989 0.000000 -0.712673 0.000000 0.000000 1.000000 0.000000
0.999971 0.007550 0.000000 50.496654 -0.007550 0.999971 0.000000 -0.724009 0.000000 0.000000 1.000000 0.000000
0.999965 0.008338 0.000000 51.158487 -0.008338 0.999965 0.000000 -0.743812 0.000000 0.000000 1.000000 0.000000
0.999962 0.008772 0.000000 51.810335 -0.008772 0.999962 0.000000 -0.759429 0.000000 0.000000 1.000000 0.000000
0.999994 0.003592 0.000000 52.467064 -0.003592 0.999994 0.000000 -0.774489 0.000000 0.000000 1.000000 0.000000
0.999976 0.006919 0.000000 53.499846 -0.006919 0.999976 0.000000 -0.807393 0.000000 0.000000 1.000000 0.000000
0.999983 0.005821 0.000000 54.179747 -0.005821 0.999983 0.000000 -0.821534 0.000000 0.000000 1.000000 0.000000
0.999989 0.004754 0.000000 54.814543 -0.004754 0.999989 0.000000 -0.835435 0.000000 0.000000 1.000000 0.000000
0.999990 0.004411 0.000000 55.466181 -0.004411 0.999990 0.000000 -0.851174 0.000000 0.000000 1.000000 0.000000
0.999989 0.004729 0.000000 56.120267 -0.004729 0.999989 0.000000 -0.870240 0.000000 0.000000 1.000000 0.000000
0.999986 0.005312 0.000000 56.770091 -0.005312 0.999986 0.000000 -0.885755 0.000000 0.000000 1.000000 0.000000
0.999995 0.003096 0.000000 57.427325 -0.003096 0.999995 0.000000 -0.903839 0.000000 0.000000 1.000000 0.000000
0.999995 0.003108 0.000000 58.076981 -0.003108 0.999995 0.000000 -0.918753 0.000000 0.000000 1.000000 0.000000
0.999998 0.001796 0.000000 59.418062 -0.001796 0.999998 0.000000 -0.942805 0.000000 0.000000 1.000000 0.000000
0.999999 0.001276 0.000000 60.071002 -0.001276 0.999999 0.000000 -0.946933 0.000000 0.000000 1.000000 0.000000
0.999999 -0.001379 0.000000 60.724733 0.001379 0.999999 0.000000 -0.951888 0.000000 0.000000 1.000000 0.000000
0.999999 -0.001516 0.000000 61.356677 0.001516 0.999999 0.000000 -0.961918 0.000000 0.000000 1.000000 0.000000
1.000000 0.000347 0.000000 61.994127 -0.000347 1.000000 0.000000 -0.971583 0.000000 0.000000 1.000000 0.000000
0.999997 0.002247 0.000000 62.665994 -0.002247 0.999997 0.000000 -0.978670 0.000000 0.000000 1.000000 0.000000
0.999999 0.001327 0.000000 63.298831 -0.001327 0.999999 0.000000 -0.996396 0.000000 0.000000 1.000000 0.000000
0.999996 0.002850 0.000000 63.902189 -0.002850 0.999996 0.000000 -1.007940 0.000000 0.000000 1.000000 0.000000
0.999993 0.003808 0.000000 64.540329 -0.003808 0.999993 0.000000 -1.015137 0.000000 0.000000 1.000000 0.000000
0.999991 0.004293 0.000000 65.123697 -0.004293 0.999991 0.000000 -1.025329 0.000000 0.000000 1.000000 0.000000
0.999987 0.005138 0.000000 65.752844 -0.005138 0.999987 0.000000 -1.046052 0.000000 0.000000 1.000000 0.000000
0.999988 0.004974 0.000000 66.375338 -0.004974 0.999988 0.000000 -1.061665 0.000000 0.000000 1.000000 0.000000
0.999991 0.004232 0.000000 66.955326 -0.004232 0.999991 0.000000 -1.080706 0.000000 0.000000 1.000000 0.000000
0.999992 0.004009 0.000000 67.579224 -0.004009 0.999992 0.000000 -1.097432 0.000000 0.000000 1.000000 0.000000
0.999997 0.002285 0.000000 68.198823 -0.002285 0.999997 0.000000 -1.114045 0.000000 0.000000 1.000000 0.000000
0.999996 0.002954 0.000000 68.771263 -0.002954 0.999996 0.000000 -1.127264 0.000000 0.000000 1.000000 0.000000
0.999998 0.002198 0.000000 69.383609 -0.002198 0.999998 0.000000 -1.148080 0.000000 0.000000 1.000000 0.000000
0.999997 0.002630 0.000000 69.954653 -0.002630 0.999997 0.000000 -1.153483 0.000000 0.000000 1.000000 0.000000
0.999979 0.006496 0.000000 70.565690 -0.006496 0.999979 0.000000 -1.161822 0.000000 0.000000 1.000000 0.000000
0.999979 0.006413 0.000000 71.177584 -0.006413 0.999979 0.000000 -1.179748 0.000000 0.000000 1.000000 0.000000
0.999979 0.006432 0.000000 72.018796 -0.006432 0.999979 0.000000 -1.198967 0.000000 0.000000 1.000000 0.000000
0.999979 0.006555 0.000000 72.622416 -0.006555 0.999979 0.000000 -1.216657 0.000000 0.000000 1.000000 0.000000
0.999971 0.007649 0.000000 73.220277 -0.007649 0.999971 0.000000 -1.231673 0.000000 0.000000 1.000000 0.000000
0.999994 0.003537 0.000000 73.817664 -0.003537 0.999994 0.000000 -1.245240 0.000000 0.000000 1.000000 0.000000
0.999991 0.004324 0.000000 74.415576 -0.004324 0.999991 0.000000 -1.253052 0.000000 0.000000 1.000000 0.000000
0.999999 0.001270 0.000000 75.002759 -0.001270 0.999999 0.000000 -1.258119 0.000000 0.000000 1.000000 0.000000
1.000000 0.000516 0.000000 75.632744 -0.000516 1.000000 0.000000 -1.264568 0.000000 0.000000 1.000000 0.000000
0.999999 0.001308 0.000000 76.229781 -0.001308 0.999999 0.000000 -1.273531 0.000000 0.000000 1.000000 0.000000
1.000000 0.000812 0.000000 76.843478 -0.000812 1.000000 0.000000 -1.289633 0.000000 0.000000 1.000000 0.000000
0.999989 0.004767 0.000000 78.034613 -0.004767 0.999989 0.000000 -1.326726 0.000000 0.000000 1.000000 0.000000
0.999994 0.003377 0.000000 78.624699 -0.003377 0.999994 0.000000 -1.345324 0.000000 0.000000 1.000000 0.000000
0.999989 0.004623 0.000000 79.205705 -0.004623 0.999989 0.000000 -1.363357 0.000000 0.000000 1.000000 0.000000
0.999980 0.006383 0.000000 79.781238 -0.006383 0.999980 0.000000 -1.389374 0.000000 0.000000 1.000000 0.000000
0.999983 0.005903 0.000000 80.360192 -0.005903 0.999983 0.000000 -1.412574 0.000000 0.000000 1.000000 0.000000
0.999972 0.007526 0.000000 80.930849 -0.007526 0.999972 0.000000 -1.419876 0.000000 0.000000 1.000000 0.000000
0.999978 0.006649 0.000000 81.503800 -0.006649 0.999978 0.000000 -1.444358 0.000000 0.000000 1.000000 0.000000
0.999989 0.004680 0.000000 82.079256 -0.004680 0.999989 0.000000 -1.449361 0.000000 0.000000 1.000000 0.000000
0.999991 0.004285 0.000000 82.654006 -0.004285 0.999991 0.000000 -1.456738 0.000000 0.000000 1.000000 0.000000
0.999985 0.005412 0.000000 83.207927 -0.005412 0.999985 0.000000 -1.468122 0.000000 0.000000 1.000000 0.000000
0.999983 0.005838 0.000000 83.769029 -0.005838 0.999983 0.000000 -1.482935 0.000000 0.000000 1.000000 0.000000
0.999982 0.006081 0.000000 84.306777 -0.006081 0.999982 0.000000 -1.493858 0.000000 0.000000 1.000000 0.000000
0.999977 0.006727 0.000000 84.845877 -0.006727 0.999977 0.000000 -1.513476 0.000000 0.000000 1.000000 0.000000
0.999962 0.008702 0.000000 85.358075 -0.008702 0.999962 0.000000 -1.536874 0.000000 0.000000 1.000000 0.000000
0.999946 0.010375 0.000000 85.896160 -0.010375 0.999946 0.000000 -1.553229 0.000000 0.000000 1.000000 0.000000
0.999919 0.012748 0.000000 86.427469 -0.012748 0.999919 0.000000 -1.567202 0.000000 0.000000 1.000000 0.000000
0.999886 0.015083 0.000000 86.933618 -0.015083 0.999886 0.000000 -1.582859 0.000000 0.000000 1.000000 0.000000
0.999901 0.014105 0.000000 87.468310 -0.014105 0.999901 0.000000 -1.605235 0.000000 0.000000 1.000000 0.000000
0.999907 0.013647 0.000000 87.989142 -0.013647 0.999907 0.000000 -1.629966 0.000000 0.000000 1.000000 0.000000
0.999906 0.013700 0.000000 88.476068 -0.013700 0.999906 0.000000 -1.644993 0.000000 0.000000 1.000000 0.000000
0.999894 0.014584 0.000000 89.001095 -0.014584 0.999894 0.000000 -1.671293 0.000000 0.000000 1.000000 0.000000
0.999852 0.017208 0.000000 89.517278 -0.017208 0.999852 0.000000 -1.686622 0.000000 0.000000 1.000000 0.000000
0.999862 0.016629 0.000000 89.997028 -0.016629 0.999862 0.000000 -1.709763 0.000000 0.000000 1.000000 0.000000
0.999851 0.017285 0.000000 90.511206 -0.017285 0.999851 0.000000 -1.732636 0.000000 0.000000 1.000000 0.000000
0.999826 0.018627 0.000000 91.032614 -0.018627 0.999826 0.000000 -1.750052 0.000000 0.000000 1.000000 0.000000
0.999782 0.020888 0.000000 91.510129 -0.020888 0.999782 0.000000 -1.774337 0.000000 0.000000 1.000000 0.000000
0.999765 0.021657 0.000000 92.019101 -0.021657 0.999765 0.000000 -1.808175 0.000000 0.000000 1.000000 0.000000
0.999763 0.021767 0.000000 92.500691 -0.021767 0.999763 0.000000 -1.838887 0.000000 0.000000 1.000000 0.000000
0.999712 0.023994 0.000000 93.010894 -0.023994 0.999712 0.000000 -1.866146 0.000000 0.000000 1.000000 0.000000
0.999709 0.024115 0.000000 93.666404 -0.024115 0.999709 0.000000 -1.889948 0.000000 0.000000 1.000000 0.000000
0.999715 0.023889 0.000000 94.167894 -0.023889 0.999715 0.000000 -1.901625 0.000000 0.000000 1.000000 0.000000
0.999700 0.024481 0.000000 94.665956 -0.024481 0.999700 0.000000 -1.912780 0.000000 0.000000 1.000000 0.000000
0.999673 0.025583 0.000000 95.162401 -0.025583 0.999673 0.000000 -1.940043 0.000000 0.000000 1.000000 0.000000
0.999686 0.025055 0.000000 95.636684 -0.025055 0.999686 0.000000 -1.961696 0.000000 0.000000 1.000000 0.000000
0.999719 0.023714 0.000000 96.129847 -0.023714 0.999719 0.000000 -1.981744 0.000000 0.000000 1.000000 0.000000
0.999725 0.023452 0.000000 96.620790 -0.023452 0.999725 0.000000 -2.015551 0.000000 0.000000 1.000000 0.000000
0.999582 0.028897 0.000000 97.585750 -0.028897 0.999582 0.000000 -2.077172 0.000000 0.000000 1.000000 0.000000
0.999489 0.031970 0.000000 98.053586 -0.031970 0.999489 0.000000 -2.115492 0.000000 0.000000 1.000000 0.000000
0.999428 0.033811 0.000000 98.532587 -0.033811 0.999428 0.000000 -2.140526 0.000000 0.000000 1.000000 0.000000
0.999301 0.037378 0.000000 99.006014 -0.037378 0.999301 0.000000 -2.162157 0.000000 0.000000 1.000000 0.000000
0.999268 0.038261 0.000000 99.494240 -0.038261 0.999268 0.000000 -2.188116 0.000000 0.000000 1.000000 0.000000
0.999151 0.041193 0.000000 99.957473 -0.041193 0.999151 0.000000 -2.220326 0.000000 0.000000 1.000000 0.000000
0.999092 0.042615 0.000000 100.419147 -0.042615 0.999092 0.000000 -2.262446 0.000000 0.000000 1.000000 0.000000
0.998959 0.045616 0.000000 100.880714 -0.045616 0.998959 0.000000 -2.297195 0.000000 0.000000 1.000000 0.000000
0.998682 0.051318 0.000000 101.329894 -0.051318 0.998682 0.000000 -2.333199 0.000000 0.000000 1.000000 0.000000
0.998550 0.053831 0.000000 101.788442 -0.053831 0.998550 0.000000 -2.363455 0.000000 0.000000 1.000000 0.000000
0.998422 0.056150 0.000000 102.213286 -0.056150 0.998422 0.000000 -2.402596 0.000000 0.000000 1.000000 0.000000
0.998325 0.057862 0.000000 102.662704 -0.057862 0.998325 0.000000 -2.438368 0.000000 0.000000 1.000000 0.000000
0.998243 0.059261 0.000000 103.098876 -0.059261 0.998243 0.000000 -2.476705 0.000000 0.000000 1.000000 0.000000
0.998176 0.060369 0.000000 103.538005 -0.060369 0.998176 0.000000 -2.517672 0.000000 0.000000 1.000000 0.000000
0.997941 0.064137 0.000000 103.964660 -0.064137 0.997941 0.000000 -2.557270 0.000000 0.000000 1.000000 0.000000
0.997795 0.066366 0.000000 104.383127 -0.066366 0.997795 0.000000 -2.578050 0.000000 0.000000 1.000000 0.000000
0.997316 0.073214 0.000000 104.807342 -0.073214 0.997316 0.000000 -2.612567 0.000000 0.000000 1.000000 0.000000
0.996952 0.078013 0.000000 105.221956 -0.078013 0.996952 0.000000 -2.652533 0.000000 0.000000 1.000000 0.000000
0.996943 0.078132 0.000000 105.638571 -0.078132 0.996943 0.000000 -2.684068 0.000000 0.000000 1.000000 0.000000
0.997083 0.076321 0.000000 106.057267 -0.076321 0.997083 0.000000 -2.719055 0.000000 0.000000 1.000000 0.000000
0.996823 0.079653 0.000000 106.455495 -0.079653 0.996823 0.000000 -2.761574 0.000000 0.000000 1.000000 0.000000
0.996876 0.078987 0.000000 106.851821 -0.078987 0.996876 0.000000 -2.803828 0.000000 0.000000 1.000000 0.000000
0.996355 0.085309 0.000000 107.231539 -0.085309 0.996355 0.000000 -2.834354 0.000000 0.000000 1.000000 0.000000
0.995870 0.090793 0.000000 107.627147 -0.090793 0.995870 0.000000 -2.871817 0.000000 0.000000 1.000000 0.000000
0.996003 0.089319 0.000000 108.018861 -0.089319 0.996003 0.000000 -2.917731 0.000000 0.000000 1.000000 0.000000
0.995697 0.092666 0.000000 108.390395 -0.092666 0.995697 0.000000 -2.948117 0.000000 0.000000 1.000000 0.000000
0.995399 0.095818 0.000000 108.811697 -0.095818 0.995399 0.000000 -2.995475 0.000000 0.000000 1.000000 0.000000
0.994970 0.100170 0.000000 109.216471 -0.100170 0.994970 0.000000 -3.034769 0.000000 0.000000 1.000000 0.000000
0.994505 0.104689 0.000000 109.782150 -0.104689 0.994505 0.000000 -3.106951 0.000000 0.000000 1.000000 0.000000
0.994303 0.106587 0.000000 110.191285 -0.106587 0.994303 0.000000 -3.161259 0.000000 0.000000 1.000000 0.000000
0.994093 0.108536 0.000000 110.602094 -0.108536 0.994093 0.000000 -3.220661 0.000000 0.000000 1.000000 0.000000
0.993881 0.110457 0.000000 111.021619 -0.110457 0.993881 0.000000 -3.271995 0.000000 0.000000 1.000000 0.000000
0.993643 0.112578 0.000000 111.446846 -0.112578 0.993643 0.000000 -3.340002 0.000000 0.000000 1.000000 0.000000
0.993483 0.113979 0.000000 111.865157 -0.113979 0.993483 0.000000 -3.394969 0.000000 0.000000 1.000000 0.000000
0.993521 0.113645 0.000000 112.290868 -0.113645 0.993521 0.000000 -3.459826 0.000000 0.000000 1.000000 0.000000
0.993221 0.116245 0.000000 112.713469 -0.116245 0.993221 0.000000 -3.524232 0.000000 0.000000 1.000000 0.000000
0.992163 0.124954 0.000000 113.448412 -0.124954 0.992163 0.000000 -3.639513 0.000000 0.000000 1.000000 0.000000
0.992258 0.124194 0.000000 113.869384 -0.124194 0.992258 0.000000 -3.715851 0.000000 0.000000 1.000000 0.000000
0.992404 0.123019 0.000000 114.305586 -0.123019 0.992404 0.000000 -3.791687 0.000000 0.000000 1.000000 0.000000
0.992346 0.123487 0.000000 114.733288 -0.123487 0.992346 0.000000 -3.854385 0.000000 0.000000 1.000000 0.000000
0.992471 0.122481 0.000000 115.174721 -0.122481 0.992471 0.000000 -3.906489 0.000000 0.000000 1.000000 0.000000
0.992001 0.126227 0.000000 115.614003 -0.126227 0.992001 0.000000 -3.953417 0.000000 0.000000 1.000000 0.000000
0.991953 0.126609 0.000000 116.058659 -0.126609 0.991953 0.000000 -4.010660 0.000000 0.000000 1.000000 0.000000
0.992006 0.126191 0.000000 116.506802 -0.126191 0.992006 0.000000 -4.059165 0.000000 0.000000 1.000000 0.000000
0.991968 0.126487 0.000000 116.936270 -0.126487 0.991968 0.000000 -4.115939 0.000000 0.000000 1.000000 0.000000
0.991923 0.126843 0.000000 117.379785 -0.126843 0.991923 0.000000 -4.184797 0.000000 0.000000 1.000000 0.000000
0.991360 0.131172 0.000000 117.823101 -0.131172 0.991360 0.000000 -4.260480 0.000000 0.000000 1.000000 0.000000
0.991297 0.131646 0.000000 118.645080 -0.131646 0.991297 0.000000 -4.380428 0.000000 0.000000 1.000000 0.000000
0.991321 0.131464 0.000000 119.093882 -0.131464 0.991321 0.000000 -4.448629 0.000000 0.000000 1.000000 0.000000
0.990914 0.134496 0.000000 119.547399 -0.134496 0.990914 0.000000 -4.505279 0.000000 0.000000 1.000000 0.000000
0.990880 0.134749 0.000000 120.006563 -0.134749 0.990880 0.000000 -4.586228 0.000000 0.000000 1.000000 0.000000
0.990577 0.136959 0.000000 120.462897 -0.136959 0.990577 0.000000 -4.661115 0.000000 0.000000 1.000000 0.000000
0.990425 0.138050 0.000000 120.925973 -0.138050 0.990425 0.000000 -4.743883 0.000000 0.000000 1.000000 0.000000
0.990328 0.138748 0.000000 121.399461 -0.138748 0.990328 0.000000 -4.823270 0.000000 0.000000 1.000000 0.000000
0.989736 0.142911 0.000000 121.864374 -0.142911 0.989736 0.000000 -4.895841 0.000000 0.000000 1.000000 0.000000
0.989127 0.147067 0.000000 122.370626 -0.147067 0.989127 0.000000 -4.968978 0.000000 0.000000 1.000000 0.000000
0.988605 0.150536 0.000000 122.813821 -0.150536 0.988605 0.000000 -5.054324 0.000000 0.000000 1.000000 0.000000
0.988669 0.150110 0.000000 123.325213 -0.150110 0.988669 0.000000 -5.173405 0.000000 0.000000 1.000000 0.000000
0.988385 0.151971 0.000000 123.815243 -0.151971 0.988385 0.000000 -5.277001 0.000000 0.000000 1.000000 0.000000
0.988233 0.152954 0.000000 124.281416 -0.152954 0.988233 0.000000 -5.378303 0.000000 0.000000 1.000000 0.000000
0.988697 0.149927 0.000000 124.745536 -0.149927 0.988697 0.000000 -5.478140 0.000000 0.000000 1.000000 0.000000
0.988278 0.152663 0.000000 125.211798 -0.152663 0.988278 0.000000 -5.574575 0.000000 0.000000 1.000000 0.000000
0.988030 0.154263 0.000000 125.679727 -0.154263 0.988030 0.000000 -5.657781 0.000000 0.000000 1.000000 0.000000
0.987315 0.158773 0.000000 126.150457 -0.158773 0.987315 0.000000 -5.750312 0.000000 0.000000 1.000000 0.000000
0.986301 0.164956 0.000000 126.627141 -0.164956 0.986301 0.000000 -5.845046 0.000000 0.000000 1.000000 0.000000
0.985945 0.167069 0.000000 127.082181 -0.167069 0.985945 0.000000 -5.933710 0.000000 0.000000 1.000000 0.000000
0.985879 0.167459 0.000000 127.562099 -0.167459 0.985879 0.000000 -6.023274 0.000000 0.000000 1.000000 0.000000
0.985348 0.170557 0.000000 128.044472 -0.170557 0.985348 0.000000 -6.116607 0.000000 0.000000 1.000000 0.000000
0.985230 0.171234 0.000000 128.835813 -0.171234 0.985230 0.000000 -6.264609 0.000000 0.000000 1.000000 0.000000
0.985191 0.171462 0.000000 129.321042 -0.171462 0.985191 0.000000 -6.362375 0.000000 0.000000 1.000000 0.000000
0.986890 0.161396 0.000000 130.290898 -0.161396 0.986890 0.000000 -6.568653 0.000000 0.000000 1.000000 0.000000
0.987591 0.157048 0.000000 130.772642 -0.157048 0.987591 0.000000 -6.651182 0.000000 0.000000 1.000000 0.000000
0.988056 0.154094 0.000000 131.271266 -0.154094 0.988056 0.000000 -6.750277 0.000000 0.000000 1.000000 0.000000
0.987986 0.154544 0.000000 131.763656 -0.154544 0.987986 0.000000 -6.842212 0.000000 0.000000 1.000000 0.000000
0.988256 0.152807 0.000000 132.266025 -0.152807 0.988256 0.000000 -6.928007 0.000000 0.000000 1.000000 0.000000
0.987465 0.157835 0.000000 132.760375 -0.157835 0.987465 0.000000 -7.010740 0.000000 0.000000 1.000000 0.000000
0.988393 0.151919 0.000000 133.303347 -0.151919 0.988393 0.000000 -7.111152 0.000000 0.000000 1.000000 0.000000
0.987821 0.155597 0.000000 133.791949 -0.155597 0.987821 0.000000 -7.197231 0.000000 0.000000 1.000000 0.000000
0.987488 0.157693 0.000000 134.306891 -0.157693 0.987488 0.000000 -7.289278 0.000000 0.000000 1.000000 0.000000
0.987303 0.158848 0.000000 134.819775 -0.158848 0.987303 0.000000 -7.388893 0.000000 0.000000 1.000000 0.000000
0.987318 0.158752 0.000000 135.303729 -0.158752 0.987318 0.000000 -7.474810 0.000000 0.000000 1.000000 0.000000
0.987343 0.158600 0.000000 135.822441 -0.158600 0.987343 0.000000 -7.563987 0.000000 0.000000 1.000000 0.000000
0.987466 0.157832 0.000000 136.346158 -0.157832 0.987466 0.000000 -7.667270 0.000000 0.000000 1.000000 0.000000
0.987053 0.160393 0.000000 136.837223 -0.160393 0.987053 0.000000 -7.752450 0.000000 0.000000 1.000000 0.000000
0.987641 0.156732 0.000000 137.359655 -0.156732 0.987641 0.000000 -7.846312 0.000000 0.000000 1.000000 0.000000
0.987275 0.159025 0.000000 137.888031 -0.159025 0.987275 0.000000 -7.947106 0.000000 0.000000 1.000000 0.000000
0.986659 0.162801 0.000000 138.517164 -0.162801 0.986659 0.000000 -8.051363 0.000000 0.000000 1.000000 0.000000
0.986519 0.163646 0.000000 139.079855 -0.163646 0.986519 0.000000 -8.161943 0.000000 0.000000 1.000000 0.000000
0.985117 0.171885 0.000000 139.567599 -0.171885 0.985117 0.000000 -8.248523 0.000000 0.000000 1.000000 0.000000
0.985232 0.171224 0.000000 140.095454 -0.171224 0.985232 0.000000 -8.355692 0.000000 0.000000 1.000000 0.000000
0.984267 0.176686 0.000000 140.629540 -0.176686 0.984267 0.000000 -8.456665 0.000000 0.000000 1.000000 0.000000
0.983951 0.178440 0.000000 141.164779 -0.178440 0.983951 0.000000 -8.569256 0.000000 0.000000 1.000000 0.000000
0.983009 0.183558 0.000000 144.977109 -0.183558 0.983009 0.000000 -9.399200 0.000000 0.000000 1.000000 0.000000
0.982809 0.184628 0.000000 145.497114 -0.184628 0.982809 0.000000 -9.523404 0.000000 0.000000 1.000000 0.000000
0.985393 0.170296 0.000000 146.646878 -0.170296 0.985393 0.000000 -9.774713 0.000000 0.000000 1.000000 0.000000
0.984247 0.176797 0.000000 147.772191 -0.176797 0.984247 0.000000 -10.016685 0.000000 0.000000 1.000000 0.000000
0.983937 0.178517 0.000000 148.330749 -0.178517 0.983937 0.000000 -10.128247 0.000000 0.000000 1.000000 0.000000
0.983648 0.180101 0.000000 148.894342 -0.180101 0.983648 0.000000 -10.248943 0.000000 0.000000 1.000000 0.000000
0.983563 0.180564 0.000000 149.452929 -0.180564 0.983563 0.000000 -10.366944 0.000000 0.000000 1.000000 0.000000
0.983825 0.179134 0.000000 150.027127 -0.179134 0.983825 0.000000 -10.502475 0.000000 0.000000 1.000000 0.000000
0.984491 0.175436 0.000000 150.606211 -0.175436 0.984491 0.000000 -10.624407 0.000000 0.000000 1.000000 0.000000
0.983924 0.178586 0.000000 151.181709 -0.178586 0.983924 0.000000 -10.742132 0.000000 0.000000 1.000000 0.000000
0.983662 0.180025 0.000000 151.757649 -0.180025 0.983662 0.000000 -10.866771 0.000000 0.000000 1.000000 0.000000
0.984002 0.178157 0.000000 152.333674 -0.178157 0.984002 0.000000 -11.002139 0.000000 0.000000 1.000000 0.000000
0.983779 0.179386 0.000000 153.252969 -0.179386 0.983779 0.000000 -11.200142 0.000000 0.000000 1.000000 0.000000
0.983075 0.183202 0.000000 153.834478 -0.183202 0.983075 0.000000 -11.327311 0.000000 0.000000 1.000000 0.000000
0.983339 0.181780 0.000000 154.399888 -0.181780 0.983339 0.000000 -11.479393 0.000000 0.000000 1.000000 0.000000
0.982746 0.184958 0.000000 154.975249 -0.184958 0.982746 0.000000 -11.613660 0.000000 0.000000 1.000000 0.000000
0.982106 0.188331 0.000000 155.593419 -0.188331 0.982106 0.000000 -11.762172 0.000000 0.000000 1.000000 0.000000
0.981635 0.190769 0.000000 156.111446 -0.190769 0.981635 0.000000 -11.877699 0.000000 0.000000 1.000000 0.000000
0.981480 0.191564 0.000000 156.712387 -0.191564 0.981480 0.000000 -12.024633 0.000000 0.000000 1.000000 0.000000
0.981565 0.191126 0.000000 157.273214 -0.191126 0.981565 0.000000 -12.162245 0.000000 0.000000 1.000000 0.000000
0.981527 0.191322 0.000000 157.843880 -0.191322 0.981527 0.000000 -12.309074 0.000000 0.000000 1.000000 0.000000
0.981321 0.192379 0.000000 158.411452 -0.192379 0.981321 0.000000 -12.417318 0.000000 0.000000 1.000000 0.000000
0.981004 0.193987 0.000000 158.979376 -0.193987 0.981004 0.000000 -12.532978 0.000000 0.000000 1.000000 0.000000
0.981410 0.191922 0.000000 159.546104 -0.191922 0.981410 0.000000 -12.659915 0.000000 0.000000 1.000000 0.000000
0.981431 0.191815 0.000000 160.108355 -0.191815 0.981431 0.000000 -12.784060 0.000000 0.000000 1.000000 0.000000
0.981365 0.192151 0.000000 160.673433 -0.192151 0.981365 0.000000 -12.898879 0.000000 0.000000 1.000000 0.000000
0.981619 0.190851 0.000000 161.242993 -0.190851 0.981619 0.000000 -13.036069 0.000000 0.000000 1.000000 0.000000
0.980956 0.194231 0.000000 161.822744 -0.194231 0.980956 0.000000 -13.156238 0.000000 0.000000 1.000000 0.000000
0.980509 0.196475 0.000000 162.958398 -0.196475 0.980509 0.000000 -13.414368 0.000000 0.000000 1.000000 0.000000
0.980280 0.197613 0.000000 163.530326 -0.197613 0.980280 0.000000 -13.538097 0.000000 0.000000 1.000000 0.000000
0.980726 0.195389 0.000000 164.067477 -0.195389 0.980726 0.000000 -13.664709 0.000000 0.000000 1.000000 0.000000
0.979584 0.201037 0.000000 164.656652 -0.201037 0.979584 0.000000 -13.787923 0.000000 0.000000 1.000000 0.000000
0.979256 0.202626 0.000000 165.203401 -0.202626 0.979256 0.000000 -13.900443 0.000000 0.000000 1.000000 0.000000
0.979589 0.201012 0.000000 166.303303 -0.201012 0.979589 0.000000 -14.149252 0.000000 0.000000 1.000000 0.000000
0.979811 0.199927 0.000000 166.860468 -0.199927 0.979811 0.000000 -14.261971 0.000000 0.000000 1.000000 0.000000
0.979784 0.200059 0.000000 167.388100 -0.200059 0.979784 0.000000 -14.388500 0.000000 0.000000 1.000000 0.000000
0.979532 0.201287 0.000000 167.952622 -0.201287 0.979532 0.000000 -14.510544 0.000000 0.000000 1.000000 0.000000
0.979771 0.200124 0.000000 168.520270 -0.200124 0.979771 0.000000 -14.642039 0.000000 0.000000 1.000000 0.000000
0.979255 0.202634 0.000000 169.047176 -0.202634 0.979255 0.000000 -14.743487 0.000000 0.000000 1.000000 0.000000
0.978385 0.206789 0.000000 169.810663 -0.206789 0.978385 0.000000 -14.882707 0.000000 0.000000 1.000000 0.000000
0.978004 0.208584 0.000000 170.388011 -0.208584 0.978004 0.000000 -15.005560 0.000000 0.000000 1.000000 0.000000
0.977608 0.210435 0.000000 170.953025 -0.210435 0.977608 0.000000 -15.123864 0.000000 0.000000 1.000000 0.000000
0.976373 0.216094 0.000000 171.555530 -0.216094 0.976373 0.000000 -15.254929 0.000000 0.000000 1.000000 0.000000
0.976627 0.214940 0.000000 172.101498 -0.214940 0.976627 0.000000 -15.376635 0.000000 0.000000 1.000000 0.000000
0.977204 0.212305 0.000000 172.708286 -0.212305 0.977204 0.000000 -15.522003 0.000000 0.000000 1.000000 0.000000
0.976271 0.216553 0.000000 173.280467 -0.216553 0.976271 0.000000 -15.646306 0.000000 0.000000 1.000000 0.000000
0.976722 0.214508 0.000000 173.847827 -0.214508 0.976722 0.000000 -15.791530 0.000000 0.000000 1.000000 0.000000
0.975360 0.220617 0.000000 174.427205 -0.220617 0.975360 0.000000 -15.919946 0.000000 0.000000 1.000000 0.000000
0.976255 0.216623 0.000000 174.995076 -0.216623 0.976255 0.000000 -16.067403 0.000000 0.000000 1.000000 0.000000
0.976524 0.215409 0.000000 175.581758 -0.215409 0.976524 0.000000 -16.209857 0.000000 0.000000 1.000000 0.000000
0.976504 0.215499 0.000000 176.151483 -0.215499 0.976504 0.000000 -16.345851 0.000000 0.000000 1.000000 0.000000
0.977110 0.212735 0.000000 176.729454 -0.212735 0.977110 0.000000 -16.474922 0.000000 0.000000 1.000000 0.000000
0.978225 0.207547 0.000000 177.291701 -0.207547 0.978225 0.000000 -16.613546 0.000000 0.000000 1.000000 0.000000
0.978733 0.205138 0.000000 177.855196 -0.205138 0.978733 0.000000 -16.737758 0.000000 0.000000 1.000000 0.000000
0.978279 0.207293 0.000000 178.423326 -0.207293 0.978279 0.000000 -16.864352 0.000000 0.000000 1.000000 0.000000
0.978538 0.206068 0.000000 178.993212 -0.206068 0.978538 0.000000 -17.007792 0.000000 0.000000 1.000000 0.000000
0.977834 0.209380 0.000000 179.537752 -0.209380 0.977834 0.000000 -17.137178 0.000000 0.000000 1.000000 0.000000
0.977722 0.209905 0.000000 180.155592 -0.209905 0.977722 0.000000 -17.284360 0.000000 0.000000 1.000000 0.000000
0.977842 0.209346 0.000000 180.690205 -0.209346 0.977842 0.000000 -17.413659 0.000000 0.000000 1.000000 0.000000
0.977868 0.209221 0.000000 181.270508 -0.209221 0.977868 0.000000 -17.553848 0.000000 0.000000 1.000000 0.000000
0.977565 0.210632 0.000000 181.847569 -0.210632 0.977565 0.000000 -17.688507 0.000000 0.000000 1.000000 0.000000
0.977003 0.213226 0.000000 182.421107 -0.213226 0.977003 0.000000 -17.827815 0.000000 0.000000 1.000000 0.000000
0.975436 0.220282 0.000000 182.997694 -0.220282 0.975436 0.000000 -17.969801 0.000000 0.000000 1.000000 0.000000
0.975447 0.220236 0.000000 183.575978 -0.220236 0.975447 0.000000 -18.105773 0.000000 0.000000 1.000000 0.000000
0.975527 0.219879 0.000000 184.154951 -0.219879 0.975527 0.000000 -18.247880 0.000000 0.000000 1.000000 0.000000
0.975664 0.219272 0.000000 184.734056 -0.219272 0.975664 0.000000 -18.384201 0.000000 0.000000 1.000000 0.000000
0.975475 0.220112 0.000000 185.319956 -0.220112 0.975475 0.000000 -18.538055 0.000000 0.000000 1.000000 0.000000
0.975038 0.222038 0.000000 185.903408 -0.222038 0.975038 0.000000 -18.689044 0.000000 0.000000 1.000000 0.000000
0.975430 0.220307 0.000000 186.471363 -0.220307 0.975430 0.000000 -18.844344 0.000000 0.000000 1.000000 0.000000
0.975663 0.219274 0.000000 187.044366 -0.219274 0.975663 0.000000 -18.991066 0.000000 0.000000 1.000000 0.000000
0.975027 0.222088 0.000000 187.617423 -0.222088 0.975027 0.000000 -19.127291 0.000000 0.000000 1.000000 0.000000
0.974835 0.222929 0.000000 188.166222 -0.222929 0.974835 0.000000 -19.256064 0.000000 0.000000 1.000000 0.000000
0.974932 0.222505 0.000000 188.739214 -0.222505 0.974932 0.000000 -19.405664 0.000000 0.000000 1.000000 0.000000
0.973987 0.226603 0.000000 189.317588 -0.226603 0.973987 0.000000 -19.550748 0.000000 0.000000 1.000000 0.000000
0.974010 0.226503 0.000000 189.872008 -0.226503 0.974010 0.000000 -19.689894 0.000000 0.000000 1.000000 0.000000
0.974674 0.223629 0.000000 190.439267 -0.223629 0.974674 0.000000 -19.836737 0.000000 0.000000 1.000000 0.000000
0.973912 0.226926 0.000000 191.018337 -0.226926 0.973912 0.000000 -19.988331 0.000000 0.000000 1.000000 0.000000
0.974713 0.223458 0.000000 191.555649 -0.223458 0.974713 0.000000 -20.140526 0.000000 0.000000 1.000000 0.000000
0.974565 0.224107 0.000000 192.115641 -0.224107 0.974565 0.000000 -20.291425 0.000000 0.000000 1.000000 0.000000
0.973807 0.227378 0.000000 192.689109 -0.227378 0.973807 0.000000 -20.439893 0.000000 0.000000 1.000000 0.000000
0.973714 0.227776 0.000000 193.230154 -0.227776 0.973714 0.000000 -20.565946 0.000000 0.000000 1.000000 0.000000
0.973500 0.228687 0.000000 193.798659 -0.228687 0.973500 0.000000 -20.715203 0.000000 0.000000 1.000000 0.000000
0.973183 0.230031 0.000000 194.358763 -0.230031 0.973183 0.000000 -20.862540 0.000000 0.000000 1.000000 0.000000
0.972646 0.232293 0.000000 195.183519 -0.232293 0.972646 0.000000 -21.094336 0.000000 0.000000 1.000000 0.000000
0.972196 0.234170 0.000000 195.743877 -0.234170 0.972196 0.000000 -21.238319 0.000000 0.000000 1.000000 0.000000
0.971647 0.236435 0.000000 196.320749 -0.236435 0.971647 0.000000 -21.381392 0.000000 0.000000 1.000000 0.000000
0.971914 0.235338 0.000000 196.882799 -0.235338 0.971914 0.000000 -21.525868 0.000000 0.000000 1.000000 0.000000
0.971791 0.235846 0.000000 197.438383 -0.235846 0.971791 0.000000 -21.671854 0.000000 0.000000 1.000000 0.000000
0.972184 0.234220 0.000000 198.006168 -0.234220 0.972184 0.000000 -21.808651 0.000000 0.000000 1.000000 0.000000
0.972879 0.231313 0.000000 198.563963 -0.231313 0.972879 0.000000 -21.955826 0.000000 0.000000 1.000000 0.000000
0.972708 0.232031 0.000000 199.143138 -0.232031 0.972708 0.000000 -22.107160 0.000000 0.000000 1.000000 0.000000
0.972675 0.232170 0.000000 199.643285 -0.232170 0.972675 0.000000 -22.245628 0.000000 0.000000 1.000000 0.000000
0.972352 0.233519 0.000000 200.626365 -0.233519 0.972352 0.000000 -22.507876 0.000000 0.000000 1.000000 0.000000
0.972292 0.233771 0.000000 201.191597 -0.233771 0.972292 0.000000 -22.643358 0.000000 0.000000 1.000000 0.000000
0.972071 0.234688 0.000000 201.901327 -0.234688 0.972071 0.000000 -22.832510 0.000000 0.000000 1.000000 0.000000
0.971798 0.235815 0.000000 202.609991 -0.235815 0.971798 0.000000 -23.016277 0.000000 0.000000 1.000000 0.000000
0.971257 0.238032 0.000000 203.569457 -0.238032 0.971257 0.000000 -23.282910 0.000000 0.000000 1.000000 0.000000
0.971322 0.237769 0.000000 204.127087 -0.237769 0.971322 0.000000 -23.432754 0.000000 0.000000 1.000000 0.000000
0.971625 0.236528 0.000000 204.697347 -0.236528 0.971625 0.000000 -23.585623 0.000000 0.000000 1.000000 0.000000
0.971490 0.237080 0.000000 205.255085 -0.237080 0.971490 0.000000 -23.740602 0.000000 0.000000 1.000000 0.000000
0.971328 0.237745 0.000000 205.785809 -0.237745 0.971328 0.000000 -23.883111 0.000000 0.000000 1.000000 0.000000
0.972140 0.234400 0.000000 206.351613 -0.234400 0.972140 0.000000 -24.040271 0.000000 0.000000 1.000000 0.000000
0.971613 0.236578 0.000000 206.910667 -0.236578 0.971613 0.000000 -24.195327 0.000000 0.000000 1.000000 0.000000
0.971513 0.236987 0.000000 207.703450 -0.236987 0.971513 0.000000 -24.418055 0.000000 0.000000 1.000000 0.000000
0.971849 0.235603 0.000000 208.265142 -0.235603 0.971849 0.000000 -24.566595 0.000000 0.000000 1.000000 0.000000
0.971904 0.235377 0.000000 208.827560 -0.235377 0.971904 0.000000 -24.717374 0.000000 0.000000 1.000000 0.000000
0.971868 0.235526 0.000000 209.380742 -0.235526 0.971868 0.000000 -24.869980 0.000000 0.000000 1.000000 0.000000
0.972764 0.231797 0.000000 209.972769 -0.231797 0.972764 0.000000 -25.027826 0.000000 0.000000 1.000000 0.000000
0.972717 0.231994 0.000000 210.486484 -0.231994 0.972717 0.000000 -25.161926 0.000000 0.000000 1.000000 0.000000
0.972575 0.232588 0.000000 211.081104 -0.232588 0.972575 0.000000 -25.312597 0.000000 0.000000 1.000000 0.000000
0.973017 0.230734 0.000000 211.601724 -0.230734 0.973017 0.000000 -25.441789 0.000000 0.000000 1.000000 0.000000
