1.000000 -0.000203 0.000000 0.623890 0.000203 1.000000 0.000000 -0.015038 0.000000 0.000000 1.000000 0.000000
0.999994 -0.003487 0.000000 1.254272 0.003487 0.999994 0.000000 -0.032984 0.000000 0.000000 1.000000 0.000000
0.999996 0.002957 0.000000 2.512631 -0.002957 0.999996 0.000000 -0.051388 0.000000 0.000000 1.000000 0.000000
0.999999 0.001380 0.000000 3.141593 -0.001380 0.999999 0.000000 -0.063695 0.000000 0.000000 1.000000 0.000000
0.999992 -0.004097 0.000000 3.768065 0.004097 0.999992 0.000000 -0.069701 0.000000 0.000000 1.000000 0.000000
0.999994 -0.003414 0.000000 4.401675 0.003414 0.999994 0.000000 -0.072242 0.000000 0.000000 1.000000 0.000000
0.999987 -0.005023 0.000000 5.076614 0.005023 0.999987 0.000000 -0.088902 0.000000 0.000000 1.000000 0.000000
0.999991 -0.004173 0.000000 5.706715 0.004173 0.999991 0.000000 -0.108279 0.000000 0.000000 1.000000 0.000000
0.999991 -0.004330 0.000000 6.340790 0.004330 0.999991 0.000000 -0.112474 0.000000 0.000000 1.000000 0.000000
0.999992 -0.003991 0.000000 6.961450 0.003991 0.999992 0.000000 -0.109882 0.000000 0.000000 1.000000 0.000000
0.999982 -0.005971 0.000000 7.592772 0.005971 0.999982 0.000000 -0.119533 0.000000 0.000000 1.000000 0.000000
0.999969 -0.007849 0.000000 8.214965 0.007849 0.999969 0.000000 -0.121525 0.000000 0.000000 1.000000 0.000000
0.999978 -0.006631 0.000000 8.841780 0.006631 0.999978 0.000000 -0.127133 0.000000 0.000000 1.000000 0.000000
0.999970 -0.007782 0.000000 9.461809 0.007782 0.999970 0.000000 -0.143329 0.000000 0.000000 1.000000 0.000000
0.999977 -0.006791 0.000000 10.127672 0.006791 0.999977 0.000000 -0.146288 0.000000 0.000000 1.000000 0.000000
0.999971 -0.007643 0.000000 10.706804 0.007643 0.999971 0.000000 -0.154380 0.000000 0.000000 1.000000 0.000000
0.999971 -0.007568 0.000000 11.331391 0.007568 0.999971 0.000000 -0.159629 0.000000 0.000000 1.000000 0.000000
0.999977 -0.006756 0.000000 11.960381 0.006756 0.999977 0.000000 -0.175099 0.000000 0.000000 1.000000 0.000000
0.999936 -0.011355 0.000000 12.613238 0.011355 0.999936 0.000000 -0.193685 0.000000 0.000000 1.000000 0.000000
0.999923 -0.012384 0.000000 13.240260 0.012384 0.999923 0.000000 -0.195796 0.000000 0.000000 1.000000 0.000000
0.999809 -0.019526 0.000000 13.868950 0.019526 0.999809 0.000000 -0.207910 0.000000 0.000000 1.000000 0.000000
0.999806 -0.019673 0.000000 14.491016 0.019673 0.999806 0.000000 -0.206157 0.000000 0.000000 1.000000 0.000000
0.999864 -0.016507 0.000000 15.123127 0.016507 0.999864 0.000000 -0.212974 0.000000 0.000000 1.000000 0.000000
0.999822 -0.018846 0.000000 15.740648 0.018846 0.999822 0.000000 -0.233485 0.000000 0.000000 1.000000 0.000000
0.999835 -0.018148 0.000000 16.355974 0.018148 0.999835 0.000000 -0.236278 0.000000 0.000000 1.000000 0.000000
0.999829 -0.018468 0.000000 16.990154 0.018468 0.999829 0.000000 -0.236637 0.000000 0.000000 1.000000 0.000000
0.999838 -0.017999 0.000000 17.623730 0.017999 0.999838 0.000000 -0.235636 0.000000 0.000000 1.000000 0.000000
0.999862 -0.016629 0.000000 18.216992 0.016629 0.999862 0.000000 -0.234193 0.000000 0.000000 1.000000 0.000000
0.999825 -0.018685 0.000000 18.848154 0.018685 0.999825 0.000000 -0.236881 0.000000 0.000000 1.000000 0.000000
0.999790 -0.020475 0.000000 19.470912 0.020475 0.999790 0.000000 -0.235925 0.000000 0.000000 1.000000 0.000000
0.999753 -0.022215 0.000000 20.065062 0.022215 0.999753 0.000000 -0.236368 0.000000 0.000000 1.000000 0.000000
0.999744 -0.022625 0.000000 20.697386 0.022625 0.999744 0.000000 -0.243198 0.000000 0.000000 1.000000 0.000000
0.999757 -0.022056 0.000000 21.331064 0.022056 0.999757 0.000000 -0.243785 0.000000 0.000000 1.000000 0.000000
0.999767 -0.021592 0.000000 21.958608 0.021592 0.999767 0.000000 -0.241488 0.000000 0.000000 1.000000 0.000000
0.999807 -0.019637 0.000000 22.561289 0.019637 0.999807 0.000000 -0.240050 0.000000 0.000000 1.000000 0.000000
0.999888 -0.014947 0.000000 23.191904 0.014947 0.999888 0.000000 -0.245603 0.000000 0.000000 1.000000 0.000000
0.999919 -0.012702 0.000000 23.783707 0.012702 0.999919 0.000000 -0.250396 0.000000 0.000000 1.000000 0.000000
0.999940 -0.010970 0.000000 24.419373 0.010970 0.999940 0.000000 -0.259217 0.000000 0.000000 1.000000 0.000000
0.999933 -0.011596 0.000000 25.063550 0.011596 0.999933 0.000000 -0.269672 0.000000 0.000000 1.000000 0.000000
0.999927 -0.012067 0.000000 25.886338 0.012067 0.999927 0.000000 -0.287562 0.000000 0.000000 1.000000 0.000000
0.999951 -0.009861 0.000000 26.527412 0.009861 0.999951 0.000000 -0.288660 0.000000 0.000000 1.000000 0.000000
0.999963 -0.008574 0.000000 27.166795 0.008574 0.999963 0.000000 -0.291997 0.000000 0.000000 1.000000 0.000000
0.999972 -0.007505 0.000000 27.797718 0.007505 0.999972 0.000000 -0.294049 0.000000 0.000000 1.000000 0.000000
0.999984 -0.005579 0.000000 28.427623 0.005579 0.999984 0.000000 -0.297008 0.000000 0.000000 1.000000 0.000000
0.999975 -0.007034 0.000000 29.073567 0.007034 0.999975 0.000000 -0.308483 0.000000 0.000000 1.000000 0.000000
0.999994 -0.003358 0.000000 29.710121 0.003358 0.999994 0.000000 -0.310198 0.000000 0.000000 1.000000 0.000000
0.999999 -0.001521 0.000000 30.359568 0.001521 0.999999 0.000000 -0.323068 0.000000 0.000000 1.000000 0.000000
0.999998 0.002134 0.000000 30.993381 -0.002134 0.999998 0.000000 -0.331685 0.000000 0.000000 1.000000 0.000000
0.999999 0.001057 0.000000 31.632052 -0.001057 0.999999 0.000000 -0.352167 0.000000 0.000000 1.000000 0.000000
0.999987 0.005196 0.000000 32.268505 -0.005196 0.999987 0.000000 -0.363075 0.000000 0.000000 1.000000 0.000000
0.999993 0.003816 0.000000 32.906471 -0.003816 0.999993 0.000000 -0.381488 0.000000 0.000000 1.000000 0.000000
0.999988 0.004840 0.000000 33.541170 -0.004840 0.999988 0.000000 -0.394444 0.000000 0.000000 1.000000 0.000000
0.999982 0.005962 0.000000 34.174585 -0.005962 0.999982 0.000000 -0.407782 0.000000 0.000000 1.000000 0.000000
0.999989 0.004770 0.000000 34.769078 -0.004770 0.999989 0.000000 -0.424864 0.000000 0.000000 1.000000 0.000000
0.999980 0.006284 0.000000 35.404195 -0.006284 0.999980 0.000000 -0.452756 0.000000 0.000000 1.000000 0.000000
0.999949 0.010115 0.000000 36.035731 -0.010115 0.999949 0.000000 -0.468675 0.000000 0.000000 1.000000 0.000000
0.999949 0.010112 0.000000 36.678649 -0.010112 0.999949 0.000000 -0.493581 0.000000 0.000000 1.000000 0.000000
0.999956 0.009369 0.000000 37.322221 -0.009369 0.999956 0.000000 -0.517178 0.000000 0.000000 1.000000 0.000000
0.999948 0.010197 0.000000 37.954347 -0.010197 0.999948 0.000000 -0.535671 0.000000 0.000000 1.000000 0.000000
0.999942 0.010728 0.000000 38.593702 -0.010728 0.999942 0.000000 -0.558589 0.000000 0.000000 1.000000 0.000000
0.999949 0.010141 0.000000 39.231856 -0.010141 0.999949 0.000000 -0.575858 0.000000 0.000000 1.000000 0.000000
0.999944 0.010571 0.000000 39.888294 -0.010571 0.999944 0.000000 -0.587767 0.000000 0.000000 1.000000 0.000000
0.999914 0.013080 0.000000 40.531403 -0.013080 0.999914 0.000000 -0.602560 0.000000 0.000000 1.000000 0.000000
0.999908 0.013585 0.000000 41.185451 -0.013585 0.999908 0.000000 -0.622784 0.000000 0.000000 1.000000 0.000000
0.999928 0.012007 0.000000 41.800690 -0.012007 0.999928 0.000000 -0.648414 0.000000 0.000000 1.000000 0.000000
0.999910 0.013395 0.000000 42.450495 -0.013395 0.999910 0.000000 -0.662091 0.000000 0.000000 1.000000 0.000000
0.999951 0.009905 0.000000 43.110993 -0.009905 0.999951 0.000000 -0.683960 0.000000 0.000000 1.000000 0.000000
0.999919 0.012729 0.000000 43.771304 -0.012729 0.999919 0.000000 -0.701771 0.000000 0.000000 1.000000 0.000000
0.999958 0.009206 0.000000 44.429698 -0.009206 0.999958 0.000000 -0.723297 0.000000 0.000000 1.000000 0.000000
0.999975 0.007057 0.000000 45.086545 -0.007057 0.999975 0.000000 -0.743138 0.000000 0.000000 1.000000 0.000000
0.999972 0.007422 0.000000 45.709508 -0.007422 0.999972 0.000000 -0.753968 0.000000 0.000000 1.000000 0.000000
0.999965 0.008382 0.000000 46.363811 -0.008382 0.999965 0.000000 -0.768140 0.000000 0.000000 1.000000 0.000000
0.999937 0.011213 0.000000 47.020891 -0.011213 0.999937 0.000000 -0.787091 0.000000 0.000000 1.000000 0.000000
0.999919 0.012735 0.000000 47.686902 -0.012735 0.999919 0.000000 -0.813041 0.000000 0.000000 1.000000 0.000000
0.999901 0.014048 0.000000 48.343512 -0.014048 0.999901 0.000000 -0.831196 0.000000 0.000000 1.000000 0.000000
0.999957 0.009296 0.000000 49.000762 -0.009296 0.999957 0.000000 -0.854554 0.000000 0.000000 1.000000 0.000000
0.999918 0.012770 0.000000 50.032570 -0.012770 0.999918 0.000000 -0.895889 0.000000 0.000000 1.000000 0.000000
0.999933 0.011604 0.000000 50.718474 -0.011604 0.999933 0.000000 -0.915315 0.000000 0.000000 1.000000 0.000000
0.999946 0.010388 0.000000 51.354597 -0.010388 0.999946 0.000000 -0.931640 0.000000 0.000000 1.000000 0.000000
0.999954 0.009570 0.000000 52.011594 -0.009570 0.999954 0.000000 -0.947837 0.000000 0.000000 1.000000 0.000000
0.999953 0.009717 0.000000 52.670679 -0.009717 0.999953 0.000000 -0.972241 0.000000 0.000000 1.000000 0.000000
0.999949 0.010099 0.000000 53.317758 -0.010099 0.999949 0.000000 -0.990144 0.000000 0.000000 1.000000 0.000000
0.999970 0.007726 0.000000 53.970247 -0.007726 0.999970 0.000000 -1.010604 0.000000 0.000000 1.000000 0.000000
0.999970 0.007683 0.000000 54.624449 -0.007683 0.999970 0.000000 -1.033198 0.000000 0.000000 1.000000 0.000000
0.999980 0.006291 0.000000 55.962153 -0.006291 0.999980 0.000000 -1.063376 0.000000 0.000000 1.000000 0.000000
0.999988 0.004962 0.000000 56.613954 -0.004962 0.999988 0.000000 -1.074046 0.000000 0.000000 1.000000 0.000000
0.999999 0.001516 0.000000 57.252169 -0.001516 0.999999 0.000000 -1.087452 0.000000 0.000000 1.000000 0.000000
1.000000 0.000779 0.000000 57.891329 -0.000779 1.000000 0.000000 -1.105483 0.000000 0.000000 1.000000 0.000000
0.999998 0.002078 0.000000 58.529693 -0.002078 0.999998 0.000000 -1.120584 0.000000 0.000000 1.000000 0.000000
0.999995 0.003302 0.000000 59.206029 -0.003302 0.999995 0.000000 -1.136803 0.000000 0.000000 1.000000 0.000000
0.999998 0.002208 0.000000 59.841360 -0.002208 0.999998 0.000000 -1.150816 0.000000 0.000000 1.000000 0.000000
0.999991 0.004183 0.000000 60.449391 -0.004183 0.999991 0.000000 -1.165576 0.000000 0.000000 1.000000 0.000000
0.999985 0.005558 0.000000 61.089344 -0.005558 0.999985 0.000000 -1.176191 0.000000 0.000000 1.000000 0.000000
0.999977 0.006711 0.000000 61.671100 -0.006711 0.999977 0.000000 -1.189009 0.000000 0.000000 1.000000 0.000000
0.999968 0.008035 0.000000 62.301906 -0.008035 0.999968 0.000000 -1.206160 0.000000 0.000000 1.000000 0.000000
0.999965 0.008311 0.000000 62.924728 -0.008311 0.999965 0.000000 -1.225030 0.000000 0.000000 1.000000 0.000000
0.999970 0.007802 0.000000 63.504857 -0.007802 0.999970 0.000000 -1.242432 0.000000 0.000000 1.000000 0.000000
0.999970 0.007746 0.000000 64.131268 -0.007746 0.999970 0.000000 -1.255955 0.000000 0.000000 1.000000 0.000000
0.999981 0.006130 0.000000 64.746282 -0.006130 0.999981 0.000000 -1.273273 0.000000 0.000000 1.000000 0.000000
0.999978 0.006573 0.000000 65.321557 -0.006573 0.999978 0.000000 -1.290336 0.000000 0.000000 1.000000 0.000000
0.999985 0.005524 0.000000 65.932756 -0.005524 0.999985 0.000000 -1.308792 0.000000 0.000000 1.000000 0.000000
0.999982 0.006014 0.000000 66.506304 -0.006014 0.999982 0.000000 -1.321251 0.000000 0.000000 1.000000 0.000000
0.999951 0.009878 0.000000 67.126358 -0.009878 0.999951 0.000000 -1.332118 0.000000 0.000000 1.000000 0.000000
0.999949 0.010122 0.000000 67.742377 -0.010122 0.999949 0.000000 -1.353025 0.000000 0.000000 1.000000 0.000000
0.999943 0.010720 0.000000 68.591590 -0.010720 0.999943 0.000000 -1.380138 0.000000 0.000000 1.000000 0.000000
0.999935 0.011368 0.000000 69.192514 -0.011368 0.999935 0.000000 -1.398664 0.000000 0.000000 1.000000 0.000000
0.999914 0.013134 0.000000 69.800455 -0.013134 0.999914 0.000000 -1.415745 0.000000 0.000000 1.000000 0.000000
0.999958 0.009157 0.000000 70.402952 -0.009157 0.999958 0.000000 -1.429276 0.000000 0.000000 1.000000 0.000000
0.999950 0.009953 0.000000 71.003881 -0.009953 0.999950 0.000000 -1.448382 0.000000 0.000000 1.000000 0.000000
0.999980 0.006372 0.000000 71.593889 -0.006372 0.999980 0.000000 -1.464503 0.000000 0.000000 1.000000 0.000000
0.999988 0.004892 0.000000 72.229947 -0.004892 0.999988 0.000000 -1.483537 0.000000 0.000000 1.000000 0.000000
0.999988 0.004929 0.000000 72.819503 -0.004929 0.999988 0.000000 -1.495216 0.000000 0.000000 1.000000 0.000000
0.999991 0.004182 0.000000 73.422493 -0.004182 0.999991 0.000000 -1.513618 0.000000 0.000000 1.000000 0.000000
0.999969 0.007924 0.000000 74.611905 -0.007924 0.999969 0.000000 -1.554289 0.000000 0.000000 1.000000 0.000000
0.999978 0.006625 0.000000 75.204302 -0.006625 0.999978 0.000000 -1.569021 0.000000 0.000000 1.000000 0.000000
0.999964 0.008453 0.000000 75.784328 -0.008453 0.999964 0.000000 -1.582411 0.000000 0.000000 1.000000 0.000000
0.999944 0.010626 0.000000 76.367931 -0.010626 0.999944 0.000000 -1.612549 0.000000 0.000000 1.000000 0.000000
0.999942 0.010737 0.000000 76.950813 -0.010737 0.999942 0.000000 -1.633126 0.000000 0.000000 1.000000 0.000000
0.999915 0.013014 0.000000 77.527845 -0.013014 0.999915 0.000000 -1.653841 0.000000 0.000000 1.000000 0.000000
0.999923 0.012375 0.000000 78.100303 -0.012375 0.999923 0.000000 -1.690183 0.000000 0.000000 1.000000 0.000000
0.999946 0.010399 0.000000 78.668455 -0.010399 0.999946 0.000000 -1.712192 0.000000 0.000000 1.000000 0.000000
0.999953 0.009710 0.000000 79.241053 -0.009710 0.999953 0.000000 -1.735394 0.000000 0.000000 1.000000 0.000000
0.999948 0.010239 0.000000 79.804885 -0.010239 0.999948 0.000000 -1.751654 0.000000 0.000000 1.000000 0.000000
0.999947 0.010249 0.000000 80.352166 -0.010249 0.999947 0.000000 -1.767410 0.000000 0.000000 1.000000 0.000000
0.999949 0.010052 0.000000 80.902940 -0.010052 0.999949 0.000000 -1.785203 0.000000 0.000000 1.000000 0.000000
0.999946 0.010345 0.000000 81.453209 -0.010345 0.999946 0.000000 -1.801937 0.000000 0.000000 1.000000 0.000000
0.999923 0.012440 0.000000 81.970378 -0.012440 0.999923 0.000000 -1.816060 0.000000 0.000000 1.000000 0.000000
0.999900 0.014144 0.000000 82.507506 -0.014144 0.999900 0.000000 -1.826933 0.000000 0.000000 1.000000 0.000000
0.999858 0.016873 0.000000 83.026306 -0.016873 0.999858 0.000000 -1.838456 0.000000 0.000000 1.000000 0.000000
0.999801 0.019956 0.000000 83.530633 -0.019956 0.999801 0.000000 -1.851730 0.000000 0.000000 1.000000 0.000000
0.999812 0.019373 0.000000 84.066926 -0.019373 0.999812 0.000000 -1.878923 0.000000 0.000000 1.000000 0.000000
0.999817 0.019106 0.000000 84.593899 -0.019106 0.999817 0.000000 -1.904742 0.000000 0.000000 1.000000 0.000000
0.999816 0.019195 0.000000 85.091566 -0.019195 0.999816 0.000000 -1.929617 0.000000 0.000000 1.000000 0.000000
0.999797 0.020145 0.000000 85.618289 -0.020145 0.999797 0.000000 -1.962338 0.000000 0.000000 1.000000 0.000000
0.999752 0.022252 0.000000 86.126666 -0.022252 0.999752 0.000000 -1.986186 0.000000 0.000000 1.000000 0.000000
0.999777 0.021140 0.000000 86.613771 -0.021140 0.999777 0.000000 -2.006984 0.000000 0.000000 1.000000 0.000000
0.999766 0.021644 0.000000 87.138376 -0.021644 0.999766 0.000000 -2.034682 0.000000 0.000000 1.000000 0.000000
0.999740 0.022816 0.000000 87.660619 -0.022816 0.999740 0.000000 -2.050702 0.000000 0.000000 1.000000 0.000000
0.999698 0.024570 0.000000 88.144464 -0.024570 0.999698 0.000000 -2.072508 0.000000 0.000000 1.000000 0.000000
0.999683 0.025194 0.000000 88.649895 -0.025194 0.999683 0.000000 -2.098752 0.000000 0.000000 1.000000 0.000000
0.999677 0.025426 0.000000 89.135929 -0.025426 0.999677 0.000000 -2.123422 0.000000 0.000000 1.000000 0.000000
0.999615 0.027736 0.000000 89.639683 -0.027736 0.999615 0.000000 -2.150694 0.000000 0.000000 1.000000 0.000000
0.999612 0.027853 0.000000 90.303305 -0.027853 0.999612 0.000000 -2.183002 0.000000 0.000000 1.000000 0.000000
0.999621 0.027513 0.000000 90.809693 -0.027513 0.999621 0.000000 -2.208508 0.000000 0.000000 1.000000 0.000000
0.999609 0.027954 0.000000 91.309545 -0.027954 0.999609 0.000000 -2.233442 0.000000 0.000000 1.000000 0.000000
0.999580 0.028993 0.000000 91.799517 -0.028993 0.999580 0.000000 -2.264226 0.000000 0.000000 1.000000 0.000000
0.999601 0.028241 0.000000 92.290193 -0.028241 0.999601 0.000000 -2.291927 0.000000 0.000000 1.000000 0.000000
0.999630 0.027194 0.000000 92.789595 -0.027194 0.999630 0.000000 -2.333876 0.000000 0.000000 1.000000 0.000000
0.999640 0.026846 0.000000 93.298424 -0.026846 0.999640 0.000000 -2.358951 0.000000 0.000000 1.000000 0.000000
0.999481 0.032205 0.000000 94.271980 -0.032205 0.999481 0.000000 -2.417099 0.000000 0.000000 1.000000 0.000000
0.999384 0.035084 0.000000 94.746454 -0.035084 0.999384 0.000000 -2.444065 0.000000 0.000000 1.000000 0.000000
0.999314 0.037038 0.000000 95.231986 -0.037038 0.999314 0.000000 -2.480164 0.000000 0.000000 1.000000 0.000000
0.999168 0.040774 0.000000 95.694043 -0.040774 0.999168 0.000000 -2.508053 0.000000 0.000000 1.000000 0.000000
0.999121 0.041927 0.000000 96.168619 -0.041927 0.999121 0.000000 -2.543751 0.000000 0.000000 1.000000 0.000000
0.998999 0.044736 0.000000 96.635817 -0.044736 0.998999 0.000000 -2.571919 0.000000 0.000000 1.000000 0.000000
0.998940 0.046022 0.000000 97.113198 -0.046022 0.998940 0.000000 -2.605308 0.000000 0.000000 1.000000 0.000000
0.998786 0.049252 0.000000 97.588158 -0.049252 0.998786 0.000000 -2.629180 0.000000 0.000000 1.000000 0.000000
0.998515 0.054472 0.000000 98.053850 -0.054472 0.998515 0.000000 -2.656665 0.000000 0.000000 1.000000 0.000000
0.998385 0.056810 0.000000 98.527917 -0.056810 0.998385 0.000000 -2.692452 0.000000 0.000000 1.000000 0.000000
0.998250 0.059132 0.000000 98.966117 -0.059132 0.998250 0.000000 -2.734774 0.000000 0.000000 1.000000 0.000000
0.998134 0.061061 0.000000 99.413868 -0.061061 0.998134 0.000000 -2.771134 0.000000 0.000000 1.000000 0.000000
0.998055 0.062336 0.000000 99.853311 -0.062336 0.998055 0.000000 -2.806812 0.000000 0.000000 1.000000 0.000000
0.998037 0.062625 0.000000 100.293268 -0.062625 0.998037 0.000000 -2.852242 0.000000 0.000000 1.000000 0.000000
0.997822 0.065970 0.000000 100.711437 -0.065970 0.997822 0.000000 -2.889354 0.000000 0.000000 1.000000 0.000000
0.997735 0.067264 0.000000 101.134877 -0.067264 0.997735 0.000000 -2.921676 0.000000 0.000000 1.000000 0.000000
0.997278 0.073732 0.000000 101.560545 -0.073732 0.997278 0.000000 -2.962466 0.000000 0.000000 1.000000 0.000000
0.996924 0.078373 0.000000 101.967042 -0.078373 0.996924 0.000000 -2.992589 0.000000 0.000000 1.000000 0.000000
0.996897 0.078719 0.000000 102.379008 -0.078719 0.996897 0.000000 -3.028226 0.000000 0.000000 1.000000 0.000000
0.997048 0.076776 0.000000 102.790837 -0.076776 0.997048 0.000000 -3.069931 0.000000 0.000000 1.000000 0.000000
0.996834 0.079506 0.000000 103.183631 -0.079506 0.996834 0.000000 -3.102492 0.000000 0.000000 1.000000 0.000000
0.996905 0.078618 0.000000 103.584054 -0.078618 0.996905 0.000000 -3.151248 0.000000 0.000000 1.000000 0.000000
0.996397 0.084813 0.000000 103.969748 -0.084813 0.996397 0.000000 -3.175636 0.000000 0.000000 1.000000 0.000000
0.995945 0.089966 0.000000 104.372152 -0.089966 0.995945 0.000000 -3.211064 0.000000 0.000000 1.000000 0.000000
0.996070 0.088573 0.000000 104.765468 -0.088573 0.996070 0.000000 -3.268643 0.000000 0.000000 1.000000 0.000000
0.995746 0.092137 0.000000 105.140882 -0.092137 0.995746 0.000000 -3.309686 0.000000 0.000000 1.000000 0.000000
0.995387 0.095940 0.000000 105.547251 -0.095940 0.995387 0.000000 -3.355180 0.000000 0.000000 1.000000 0.000000
0.994913 0.100734 0.000000 105.944898 -0.100734 0.994913 0.000000 -3.394250 0.000000 0.000000 1.000000 0.000000
0.994417 0.105523 0.000000 106.511038 -0.105523 0.994417 0.000000 -3.462898 0.000000 0.000000 1.000000 0.000000
0.994175 0.107781 0.000000 106.924468 -0.107781 0.994175 0.000000 -3.518994 0.000000 0.000000 1.000000 0.000000
0.993941 0.109911 0.000000 107.330960 -0.109911 0.993941 0.000000 -3.572806 0.000000 0.000000 1.000000 0.000000
0.993705 0.112025 0.000000 107.752231 -0.112025 0.993705 0.000000 -3.630956 0.000000 0.000000 1.000000 0.000000
0.993443 0.114332 0.000000 108.174330 -0.114332 0.993443 0.000000 -3.696467 0.000000 0.000000 1.000000 0.000000
0.993266 0.115855 0.000000 108.597841 -0.115855 0.993266 0.000000 -3.751379 0.000000 0.000000 1.000000 0.000000
0.993304 0.115532 0.000000 109.021017 -0.115532 0.993304 0.000000 -3.814479 0.000000 0.000000 1.000000 0.000000
0.992967 0.118390 0.000000 109.443365 -0.118390 0.992967 0.000000 -3.871355 0.000000 0.000000 1.000000 0.000000
0.991840 0.127487 0.000000 110.177529 -0.127487 0.991840 0.000000 -3.981826 0.000000 0.000000 1.000000 0.000000
0.991898 0.127035 0.000000 110.602723 -0.127035 0.991898 0.000000 -4.055082 0.000000 0.000000 1.000000 0.000000
0.992001 0.126230 0.000000 111.036054 -0.126230 0.992001 0.000000 -4.125054 0.000000 0.000000 1.000000 0.000000
0.991877 0.127203 0.000000 111.469784 -0.127203 0.991877 0.000000 -4.190897 0.000000 0.000000 1.000000 0.000000
0.992008 0.126173 0.000000 111.917448 -0.126173 0.992008 0.000000 -4.242110 0.000000 0.000000 1.000000 0.000000
0.991541 0.129793 0.000000 112.356665 -0.129793 0.991541 0.000000 -4.295402 0.000000 0.000000 1.000000 0.000000
0.991520 0.129956 0.000000 112.798738 -0.129956 0.991520 0.000000 -4.354900 0.000000 0.000000 1.000000 0.000000
0.991636 0.129063 0.000000 113.242574 -0.129063 0.991636 0.000000 -4.415148 0.000000 0.000000 1.000000 0.000000
0.991657 0.128901 0.000000 113.686149 -0.128901 0.991657 0.000000 -4.476780 0.000000 0.000000 1.000000 0.000000
0.991675 0.128770 0.000000 114.135576 -0.128770 0.991675 0.000000 -4.546357 0.000000 0.000000 1.000000 0.000000
0.991120 0.132967 0.000000 114.577352 -0.132967 0.991120 0.000000 -4.612372 0.000000 0.000000 1.000000 0.000000
0.991089 0.133203 0.000000 115.405249 -0.133203 0.991089 0.000000 -4.733243 0.000000 0.000000 1.000000 0.000000
0.991122 0.132958 0.000000 115.860126 -0.132958 0.991122 0.000000 -4.807741 0.000000 0.000000 1.000000 0.000000
0.990705 0.136025 0.000000 116.318089 -0.136025 0.990705 0.000000 -4.866881 0.000000 0.000000 1.000000 0.000000
0.990640 0.136500 0.000000 116.775614 -0.136500 0.990640 0.000000 -4.961000 0.000000 0.000000 1.000000 0.000000
0.990297 0.138964 0.000000 117.230157 -0.138964 0.990297 0.000000 -5.048222 0.000000 0.000000 1.000000 0.000000
0.990078 0.140516 0.000000 117.696151 -0.140516 0.990078 0.000000 -5.132702 0.000000 0.000000 1.000000 0.000000
0.989915 0.141663 0.000000 118.164157 -0.141663 0.989915 0.000000 -5.213446 0.000000 0.000000 1.000000 0.000000
0.989311 0.145823 0.000000 118.639171 -0.145823 0.989311 0.000000 -5.285440 0.000000 0.000000 1.000000 0.000000
0.988592 0.150619 0.000000 119.141103 -0.150619 0.988592 0.000000 -5.363926 0.000000 0.000000 1.000000 0.000000
0.987976 0.154605 0.000000 119.578522 -0.154605 0.987976 0.000000 -5.446164 0.000000 0.000000 1.000000 0.000000
0.987996 0.154478 0.000000 120.075723 -0.154478 0.987996 0.000000 -5.540557 0.000000 0.000000 1.000000 0.000000
0.987679 0.156493 0.000000 120.553234 -0.156493 0.987679 0.000000 -5.630276 0.000000 0.000000 1.000000 0.000000
0.987537 0.157385 0.000000 121.029320 -0.157385 0.987537 0.000000 -5.715746 0.000000 0.000000 1.000000 0.000000
0.988062 0.154057 0.000000 121.502808 -0.154057 0.988062 0.000000 -5.818775 0.000000 0.000000 1.000000 0.000000
0.987692 0.156408 0.000000 121.980532 -0.156408 0.987692 0.000000 -5.897297 0.000000 0.000000 1.000000 0.000000
0.987449 0.157939 0.000000 122.463832 -0.157939 0.987449 0.000000 -5.991955 0.000000 0.000000 1.000000 0.000000
0.986755 0.162220 0.000000 122.947529 -0.162220 0.986755 0.000000 -6.083257 0.000000 0.000000 1.000000 0.000000
0.985588 0.169164 0.000000 123.424441 -0.169164 0.985588 0.000000 -6.176030 0.000000 0.000000 1.000000 0.000000
0.985056 0.172234 0.000000 123.876507 -0.172234 0.985056 0.000000 -6.268151 0.000000 0.000000 1.000000 0.000000
0.984859 0.173360 0.000000 124.356397 -0.173360 0.984859 0.000000 -6.359176 0.000000 0.000000 1.000000 0.000000
0.984165 0.177258 0.000000 124.836362 -0.177258 0.984165 0.000000 -6.461136 0.000000 0.000000 1.000000 0.000000
0.983867 0.178901 0.000000 125.628308 -0.178901 0.983867 0.000000 -6.627701 0.000000 0.000000 1.000000 0.000000
0.983806 0.179237 0.000000 126.122371 -0.179237 0.983806 0.000000 -6.729991 0.000000 0.000000 1.000000 0.000000
0.985750 0.168215 0.000000 127.094516 -0.168215 0.985750 0.000000 -6.949107 0.000000 0.000000 1.000000 0.000000
0.986572 0.163325 0.000000 127.585209 -0.163325 0.986572 0.000000 -7.051060 0.000000 0.000000 1.000000 0.000000
0.987224 0.159340 0.000000 128.079339 -0.159340 0.987224 0.000000 -7.162049 0.000000 0.000000 1.000000 0.000000
0.987408 0.158194 0.000000 128.572956 -0.158194 0.987408 0.000000 -7.249704 0.000000 0.000000 1.000000 0.000000
0.987876 0.155248 0.000000 129.069348 -0.155248 0.987876 0.000000 -7.344078 0.000000 0.000000 1.000000 0.000000
0.987225 0.159329 0.000000 129.564365 -0.159329 0.987225 0.000000 -7.422384 0.000000 0.000000 1.000000 0.000000
0.988325 0.152360 0.000000 130.099629 -0.152360 0.988325 0.000000 -7.510327 0.000000 0.000000 1.000000 0.000000
0.987839 0.155481 0.000000 130.587579 -0.155481 0.987839 0.000000 -7.600044 0.000000 0.000000 1.000000 0.000000
0.987452 0.157920 0.000000 131.097986 -0.157920 0.987452 0.000000 -7.697905 0.000000 0.000000 1.000000 0.000000
0.987204 0.159461 0.000000 131.613554 -0.159461 0.987204 0.000000 -7.781706 0.000000 0.000000 1.000000 0.000000
0.987150 0.159795 0.000000 132.092672 -0.159795 0.987150 0.000000 -7.870977 0.000000 0.000000 1.000000 0.000000
0.987111 0.160035 0.000000 132.603898 -0.160035 0.987111 0.000000 -7.967465 0.000000 0.000000 1.000000 0.000000
0.987198 0.159500 0.000000 133.132327 -0.159500 0.987198 0.000000 -8.066696 0.000000 0.000000 1.000000 0.000000
0.986801 0.161938 0.000000 133.623540 -0.161938 0.986801 0.000000 -8.149809 0.000000 0.000000 1.000000 0.000000
0.987429 0.158064 0.000000 134.142478 -0.158064 0.987429 0.000000 -8.246232 0.000000 0.000000 1.000000 0.000000
0.987060 0.160351 0.000000 134.676139 -0.160351 0.987060 0.000000 -8.341502 0.000000 0.000000 1.000000 0.000000
0.986432 0.164172 0.000000 135.306149 -0.164172 0.986432 0.000000 -8.451452 0.000000 0.000000 1.000000 0.000000
0.986241 0.165316 0.000000 135.871936 -0.165316 0.986241 0.000000 -8.555733 0.000000 0.000000 1.000000 0.000000
0.984729 0.174094 0.000000 136.372075 -0.174094 0.984729 0.000000 -8.648686 0.000000 0.000000 1.000000 0.000000
0.984749 0.173981 0.000000 136.909742 -0.173981 0.984749 0.000000 -8.743817 0.000000 0.000000 1.000000 0.000000
0.983652 0.180081 0.000000 137.446953 -0.180081 0.983652 0.000000 -8.849842 0.000000 0.000000 1.000000 0.000000
0.983232 0.182359 0.000000 137.985195 -0.182359 0.983232 0.000000 -8.958221 0.000000 0.000000 1.000000 0.000000
0.982257 0.187542 0.000000 141.790021 -0.187542 0.982257 0.000000 -9.791357 0.000000 0.000000 1.000000 0.000000
0.982253 0.187561 0.000000 142.299429 -0.187561 0.982253 0.000000 -9.891181 0.000000 0.000000 1.000000 0.000000
0.984908 0.173076 0.000000 143.439135 -0.173076 0.984908 0.000000 -10.164278 0.000000 0.000000 1.000000 0.000000
0.983993 0.178205 0.000000 144.559681 -0.178205 0.983993 0.000000 -10.406333 0.000000 0.000000 1.000000 0.000000
0.983886 0.178800 0.000000 145.116090 -0.178800 0.983886 0.000000 -10.525059 0.000000 0.000000 1.000000 0.000000
0.983718 0.179718 0.000000 145.687531 -0.179718 0.983718 0.000000 -10.650354 0.000000 0.000000 1.000000 0.000000
0.983741 0.179590 0.000000 146.248513 -0.179590 0.983741 0.000000 -10.778976 0.000000 0.000000 1.000000 0.000000
0.983891 0.178768 0.000000 146.820299 -0.178768 0.983891 0.000000 -10.909933 0.000000 0.000000 1.000000 0.000000
0.984482 0.175483 0.000000 147.396568 -0.175483 0.984482 0.000000 -11.038665 0.000000 0.000000 1.000000 0.000000
0.983826 0.179129 0.000000 147.967763 -0.179129 0.983826 0.000000 -11.149346 0.000000 0.000000 1.000000 0.000000
0.983473 0.181055 0.000000 148.527903 -0.181055 0.983473 0.000000 -11.262741 0.000000 0.000000 1.000000 0.000000
0.983754 0.179521 0.000000 149.085354 -0.179521 0.983754 0.000000 -11.394799 0.000000 0.000000 1.000000 0.000000
0.983561 0.180574 0.000000 150.001832 -0.180574 0.983561 0.000000 -11.600552 0.000000 0.000000 1.000000 0.000000
0.982686 0.185277 0.000000 150.566457 -0.185277 0.982686 0.000000 -11.725398 0.000000 0.000000 1.000000 0.000000
0.982812 0.184610 0.000000 151.132493 -0.184610 0.982812 0.000000 -11.867949 0.000000 0.000000 1.000000 0.000000
0.982041 0.188666 0.000000 151.708771 -0.188666 0.982041 0.000000 -12.000022 0.000000 0.000000 1.000000 0.000000
0.981019 0.193913 0.000000 152.323059 -0.193913 0.981019 0.000000 -12.136941 0.000000 0.000000 1.000000 0.000000
0.980234 0.197842 0.000000 152.847439 -0.197842 0.980234 0.000000 -12.261183 0.000000 0.000000 1.000000 0.000000
0.979958 0.199202 0.000000 153.450333 -0.199202 0.979958 0.000000 -12.403471 0.000000 0.000000 1.000000 0.000000
0.979866 0.199657 0.000000 154.009301 -0.199657 0.979866 0.000000 -12.545862 0.000000 0.000000 1.000000 0.000000
0.979845 0.199760 0.000000 154.573281 -0.199760 0.979845 0.000000 -12.685490 0.000000 0.000000 1.000000 0.000000
0.979588 0.201016 0.000000 155.143755 -0.201016 0.979588 0.000000 -12.824247 0.000000 0.000000 1.000000 0.000000
0.979279 0.202516 0.000000 155.720501 -0.202516 0.979279 0.000000 -12.938903 0.000000 0.000000 1.000000 0.000000
0.979690 0.200518 0.000000 156.283236 -0.200518 0.979690 0.000000 -13.063210 0.000000 0.000000 1.000000 0.000000
0.979807 0.199944 0.000000 156.840386 -0.199944 0.979807 0.000000 -13.192127 0.000000 0.000000 1.000000 0.000000
0.979751 0.200222 0.000000 157.402485 -0.200222 0.979751 0.000000 -13.314650 0.000000 0.000000 1.000000 0.000000
0.980044 0.198783 0.000000 157.972641 -0.198783 0.980044 0.000000 -13.446901 0.000000 0.000000 1.000000 0.000000
0.979369 0.202080 0.000000 158.539422 -0.202080 0.979369 0.000000 -13.573575 0.000000 0.000000 1.000000 0.000000
0.978857 0.204548 0.000000 159.672686 -0.204548 0.978857 0.000000 -13.835255 0.000000 0.000000 1.000000 0.000000
0.978684 0.205370 0.000000 160.236421 -0.205370 0.978684 0.000000 -13.956009 0.000000 0.000000 1.000000 0.000000
0.979230 0.202753 0.000000 160.756806 -0.202753 0.979230 0.000000 -14.078141 0.000000 0.000000 1.000000 0.000000
0.977953 0.208827 0.000000 161.345304 -0.208827 0.977953 0.000000 -14.200273 0.000000 0.000000 1.000000 0.000000
0.977459 0.211127 0.000000 161.899542 -0.211127 0.977459 0.000000 -14.314960 0.000000 0.000000 1.000000 0.000000
0.977775 0.209656 0.000000 162.997231 -0.209656 0.977775 0.000000 -14.575991 0.000000 0.000000 1.000000 0.000000
0.977966 0.208763 0.000000 163.557266 -0.208763 0.977966 0.000000 -14.697030 0.000000 0.000000 1.000000 0.000000
0.977893 0.209108 0.000000 164.086912 -0.209108 0.977893 0.000000 -14.829039 0.000000 0.000000 1.000000 0.000000
0.977788 0.209597 0.000000 164.648856 -0.209597 0.977788 0.000000 -14.946073 0.000000 0.000000 1.000000 0.000000
0.978232 0.207513 0.000000 165.200864 -0.207513 0.978232 0.000000 -15.079289 0.000000 0.000000 1.000000 0.000000
0.977775 0.209656 0.000000 165.711012 -0.209656 0.977775 0.000000 -15.182968 0.000000 0.000000 1.000000 0.000000
0.976875 0.213813 0.000000 166.469484 -0.213813 0.976875 0.000000 -15.342286 0.000000 0.000000 1.000000 0.000000
0.976520 0.215426 0.000000 167.046311 -0.215426 0.976520 0.000000 -15.467671 0.000000 0.000000 1.000000 0.000000
0.975992 0.217807 0.000000 167.616025 -0.217807 0.975992 0.000000 -15.582732 0.000000 0.000000 1.000000 0.000000
0.974497 0.224402 0.000000 168.219423 -0.224402 0.974497 0.000000 -15.701098 0.000000 0.000000 1.000000 0.000000
0.974600 0.223953 0.000000 168.754003 -0.223953 0.974600 0.000000 -15.825403 0.000000 0.000000 1.000000 0.000000
0.975127 0.221645 0.000000 169.363993 -0.221645 0.975127 0.000000 -15.980887 0.000000 0.000000 1.000000 0.000000
0.974088 0.226171 0.000000 169.937744 -0.226171 0.974088 0.000000 -16.109852 0.000000 0.000000 1.000000 0.000000
0.974440 0.224648 0.000000 170.506990 -0.224648 0.974440 0.000000 -16.242574 0.000000 0.000000 1.000000 0.000000
0.973038 0.230645 0.000000 171.089400 -0.230645 0.973038 0.000000 -16.369514 0.000000 0.000000 1.000000 0.000000
0.974092 0.226150 0.000000 171.656181 -0.226150 0.974092 0.000000 -16.523496 0.000000 0.000000 1.000000 0.000000
0.974414 0.224759 0.000000 172.223364 -0.224759 0.974414 0.000000 -16.669023 0.000000 0.000000 1.000000 0.000000
0.974444 0.224629 0.000000 172.782916 -0.224629 0.974444 0.000000 -16.816604 0.000000 0.000000 1.000000 0.000000
0.975167 0.221469 0.000000 173.358719 -0.221469 0.975167 0.000000 -16.971999 0.000000 0.000000 1.000000 0.000000
0.976581 0.215149 0.000000 173.926942 -0.215149 0.976581 0.000000 -17.130424 0.000000 0.000000 1.000000 0.000000
0.977232 0.212173 0.000000 174.497890 -0.212173 0.977232 0.000000 -17.268045 0.000000 0.000000 1.000000 0.000000
0.976940 0.213515 0.000000 175.081997 -0.213515 0.976940 0.000000 -17.405236 0.000000 0.000000 1.000000 0.000000
0.977399 0.211403 0.000000 175.657768 -0.211403 0.977399 0.000000 -17.553178 0.000000 0.000000 1.000000 0.000000
0.976790 0.214201 0.000000 176.196825 -0.214201 0.976790 0.000000 -17.661813 0.000000 0.000000 1.000000 0.000000
0.976522 0.215416 0.000000 176.810930 -0.215416 0.976522 0.000000 -17.801131 0.000000 0.000000 1.000000 0.000000
0.976535 0.215359 0.000000 177.343848 -0.215359 0.976535 0.000000 -17.921004 0.000000 0.000000 1.000000 0.000000
0.976411 0.215922 0.000000 177.909559 -0.215922 0.976411 0.000000 -18.062971 0.000000 0.000000 1.000000 0.000000
0.975857 0.218410 0.000000 178.479983 -0.218410 0.975857 0.000000 -18.200257 0.000000 0.000000 1.000000 0.000000
0.975057 0.221957 0.000000 179.062028 -0.221957 0.975057 0.000000 -18.348161 0.000000 0.000000 1.000000 0.000000
0.973189 0.230007 0.000000 179.638768 -0.230007 0.973189 0.000000 -18.491089 0.000000 0.000000 1.000000 0.000000
0.972936 0.231074 0.000000 180.214538 -0.231074 0.972936 0.000000 -18.633948 0.000000 0.000000 1.000000 0.000000
0.972898 0.231233 0.000000 180.793289 -0.231233 0.972898 0.000000 -18.780269 0.000000 0.000000 1.000000 0.000000
0.972961 0.230970 0.000000 181.371294 -0.230970 0.972961 0.000000 -18.916318 0.000000 0.000000 1.000000 0.000000
0.972706 0.232041 0.000000 181.957261 -0.232041 0.972706 0.000000 -19.064422 0.000000 0.000000 1.000000 0.000000
0.972195 0.234174 0.000000 182.542622 -0.234174 0.972195 0.000000 -19.210837 0.000000 0.000000 1.000000 0.000000
0.972630 0.232359 0.000000 183.111507 -0.232359 0.972630 0.000000 -19.373672 0.000000 0.000000 1.000000 0.000000
0.972943 0.231046 0.000000 183.689289 -0.231046 0.972943 0.000000 -19.528448 0.000000 0.000000 1.000000 0.000000
0.972404 0.233305 0.000000 184.267263 -0.233305 0.972404 0.000000 -19.672163 0.000000 0.000000 1.000000 0.000000
0.972238 0.233994 0.000000 184.810703 -0.233994 0.972238 0.000000 -19.805899 0.000000 0.000000 1.000000 0.000000
0.972393 0.233350 0.000000 185.386426 -0.233350 0.972393 0.000000 -19.962107 0.000000 0.000000 1.000000 0.000000
0.971268 0.237990 0.000000 185.968390 -0.237990 0.971268 0.000000 -20.119292 0.000000 0.000000 1.000000 0.000000
0.971248 0.238072 0.000000 186.521927 -0.238072 0.971248 0.000000 -20.268216 0.000000 0.000000 1.000000 0.000000
0.971853 0.235586 0.000000 187.087765 -0.235586 0.971853 0.000000 -20.426053 0.000000 0.000000 1.000000 0.000000
0.970969 0.239207 0.000000 187.664279 -0.239207 0.970969 0.000000 -20.578308 0.000000 0.000000 1.000000 0.000000
0.971819 0.235730 0.000000 188.204971 -0.235730 0.971819 0.000000 -20.735847 0.000000 0.000000 1.000000 0.000000
0.971734 0.236078 0.000000 188.766301 -0.236078 0.971734 0.000000 -20.888263 0.000000 0.000000 1.000000 0.000000
0.970944 0.239305 0.000000 189.335072 -0.239305 0.970944 0.000000 -21.038552 0.000000 0.000000 1.000000 0.000000
0.970834 0.239751 0.000000 189.871195 -0.239751 0.970834 0.000000 -21.177091 0.000000 0.000000 1.000000 0.000000
0.970583 0.240769 0.000000 190.442535 -0.240769 0.970583 0.000000 -21.336614 0.000000 0.000000 1.000000 0.000000
0.970192 0.242336 0.000000 191.009812 -0.242336 0.970192 0.000000 -21.492382 0.000000 0.000000 1.000000 0.000000
0.969494 0.245114 0.000000 191.830994 -0.245114 0.969494 0.000000 -21.731998 0.000000 0.000000 1.000000 0.000000
0.968888 0.247501 0.000000 192.397721 -0.247501 0.968888 0.000000 -21.883593 0.000000 0.000000 1.000000 0.000000
0.968161 0.250328 0.000000 192.973781 -0.250328 0.968161 0.000000 -22.036602 0.000000 0.000000 1.000000 0.000000
0.968353 0.249586 0.000000 193.533322 -0.249586 0.968353 0.000000 -22.183760 0.000000 0.000000 1.000000 0.000000
0.968139 0.250414 0.000000 194.096372 -0.250414 0.968139 0.000000 -22.326967 0.000000 0.000000 1.000000 0.000000
0.968580 0.248704 0.000000 194.660216 -0.248704 0.968580 0.000000 -22.475275 0.000000 0.000000 1.000000 0.000000
0.969463 0.245238 0.000000 195.213225 -0.245238 0.969463 0.000000 -22.636120 0.000000 0.000000 1.000000 0.000000
0.969453 0.245275 0.000000 195.794348 -0.245275 0.969453 0.000000 -22.794274 0.000000 0.000000 1.000000 0.000000
0.969625 0.244596 0.000000 196.294449 -0.244596 0.969625 0.000000 -22.931455 0.000000 0.000000 1.000000 0.000000
0.969364 0.245627 0.000000 197.264417 -0.245627 0.969364 0.000000 -23.199891 0.000000 0.000000 1.000000 0.000000
0.969326 0.245779 0.000000 197.827971 -0.245779 0.969326 0.000000 -23.342666 0.000000 0.000000 1.000000 0.000000
0.968986 0.247116 0.000000 198.534895 -0.247116 0.968986 0.000000 -23.530820 0.000000 0.000000 1.000000 0.000000
0.968539 0.248861 0.000000 199.243045 -0.248861 0.968539 0.000000 -23.729501 0.000000 0.000000 1.000000 0.000000
0.967837 0.251578 0.000000 200.197761 -0.251578 0.967837 0.000000 -24.003330 0.000000 0.000000 1.000000 0.000000
0.967841 0.251563 0.000000 200.755301 -0.251563 0.967841 0.000000 -24.165166 0.000000 0.000000 1.000000 0.000000
0.968082 0.250632 0.000000 201.318366 -0.250632 0.968082 0.000000 -24.326569 0.000000 0.000000 1.000000 0.000000
0.967960 0.251103 0.000000 201.871503 -0.251103 0.967960 0.000000 -24.479362 0.000000 0.000000 1.000000 0.000000
0.967803 0.251710 0.000000 202.396464 -0.251710 0.967803 0.000000 -24.625995 0.000000 0.000000 1.000000 0.000000
0.968789 0.247887 0.000000 202.962326 -0.247887 0.968789 0.000000 -24.789639 0.000000 0.000000 1.000000 0.000000
0.968244 0.250008 0.000000 203.521855 -0.250008 0.968244 0.000000 -24.949731 0.000000 0.000000 1.000000 0.000000
0.968167 0.250305 0.000000 204.311888 -0.250305 0.968167 0.000000 -25.184838 0.000000 0.000000 1.000000 0.000000
0.968575 0.248723 0.000000 204.875243 -0.248723 0.968575 0.000000 -25.346183 0.000000 0.000000 1.000000 0.000000
0.968719 0.248162 0.000000 205.441139 -0.248162 0.968719 0.000000 -25.499964 0.000000 0.000000 1.000000 0.000000
0.968648 0.248436 0.000000 205.999390 -0.248436 0.968648 0.000000 -25.660662 0.000000 0.000000 1.000000 0.000000
0.969713 0.244247 0.000000 206.591650 -0.244247 0.969713 0.000000 -25.825900 0.000000 0.000000 1.000000 0.000000
0.969790 0.243942 0.000000 207.111499 -0.243942 0.969790 0.000000 -25.964215 0.000000 0.000000 1.000000 0.000000
0.969712 0.244253 0.000000 207.703563 -0.244253 0.969712 0.000000 -26.125551 0.000000 0.000000 1.000000 0.000000
0.970249 0.242107 0.000000 208.225002 -0.242107 0.970249 0.000000 -26.265969 0.000000 0.000000 1.000000 0.000000
0.970293 0.241934 0.000000 208.814937 -0.241934 0.970293 0.000000 -26.424417 0.000000 0.000000 1.000000 0.000000
0.970667 0.240428 0.000000 209.371984 -0.240428 0.970667 0.000000 -26.574308 0.000000 0.000000 1.000000 0.000000
0.970399 0.241507 0.000000 209.924178 -0.241507 0.970399 0.000000 -26.711484 0.000000 0.000000 1.000000 0.000000
0.970756 0.240066 0.000000 210.483981 -0.240066 0.970756 0.000000 -26.860308 0.000000 0.000000 1.000000 0.000000
0.970547 0.240911 0.000000 211.029065 -0.240911 0.970547 0.000000 -26.997571 0.000000 0.000000 1.000000 0.000000
