0.999976 0.006884 0.000000 0.590216 -0.006884 0.999976 0.000000 -0.006122 0.000000 0.000000 1.000000 0.000000
0.999940 0.010918 0.000000 1.731729 -0.010918 0.999940 0.000000 -0.036364 0.000000 0.000000 1.000000 0.000000
0.999922 0.012474 0.000000 2.318496 -0.012474 0.999922 0.000000 -0.037948 0.000000 0.000000 1.000000 0.000000
0.999892 0.014664 0.000000 3.120744 -0.014664 0.999892 0.000000 -0.048499 0.000000 0.000000 1.000000 0.000000
0.999887 0.015041 0.000000 3.701188 -0.015041 0.999887 0.000000 -0.063294 0.000000 0.000000 1.000000 0.000000
0.999880 0.015469 0.000000 4.286828 -0.015469 0.999880 0.000000 -0.076444 0.000000 0.000000 1.000000 0.000000
0.999874 0.015848 0.000000 4.874552 -0.015848 0.999874 0.000000 -0.083300 0.000000 0.000000 1.000000 0.000000
0.999864 0.016506 0.000000 5.430000 -0.016506 0.999864 0.000000 -0.094512 0.000000 0.000000 1.000000 0.000000
0.999860 0.016728 0.000000 6.023601 -0.016728 0.999860 0.000000 -0.115152 0.000000 0.000000 1.000000 0.000000
0.999845 0.017620 0.000000 6.570843 -0.017620 0.999845 0.000000 -0.116758 0.000000 0.000000 1.000000 0.000000
0.999842 0.017801 0.000000 7.144001 -0.017801 0.999842 0.000000 -0.115822 0.000000 0.000000 1.000000 0.000000
0.999807 0.019635 0.000000 7.703306 -0.019635 0.999807 0.000000 -0.118273 0.000000 0.000000 1.000000 0.000000
0.999810 0.019473 0.000000 8.271095 -0.019473 0.999810 0.000000 -0.137883 0.000000 0.000000 1.000000 0.000000
0.999778 0.021077 0.000000 8.856733 -0.021077 0.999778 0.000000 -0.153607 0.000000 0.000000 1.000000 0.000000
0.999725 0.023443 0.000000 9.606084 -0.023443 0.999725 0.000000 -0.172785 0.000000 0.000000 1.000000 0.000000
0.999689 0.024922 0.000000 10.227761 -0.024922 0.999689 0.000000 -0.196057 0.000000 0.000000 1.000000 0.000000
0.999675 0.025500 0.000000 10.767192 -0.025500 0.999675 0.000000 -0.205545 0.000000 0.000000 1.000000 0.000000
0.999618 0.027636 0.000000 11.383116 -0.027636 0.999618 0.000000 -0.211841 0.000000 0.000000 1.000000 0.000000
0.999572 0.029260 0.000000 11.963688 -0.029260 0.999572 0.000000 -0.216054 0.000000 0.000000 1.000000 0.000000
0.999558 0.029736 0.000000 12.540920 -0.029736 0.999558 0.000000 -0.239377 0.000000 0.000000 1.000000 0.000000
0.999449 0.033186 0.000000 13.115937 -0.033186 0.999449 0.000000 -0.246438 0.000000 0.000000 1.000000 0.000000
0.999409 0.034388 0.000000 13.695821 -0.034388 0.999409 0.000000 -0.266454 0.000000 0.000000 1.000000 0.000000
0.999322 0.036807 0.000000 14.269957 -0.036807 0.999322 0.000000 -0.281358 0.000000 0.000000 1.000000 0.000000
0.999299 0.037436 0.000000 14.851198 -0.037436 0.999299 0.000000 -0.300874 0.000000 0.000000 1.000000 0.000000
0.999203 0.039906 0.000000 15.418844 -0.039906 0.999203 0.000000 -0.330621 0.000000 0.000000 1.000000 0.000000
0.999104 0.042328 0.000000 15.987460 -0.042328 0.999104 0.000000 -0.363701 0.000000 0.000000 1.000000 0.000000
0.999106 0.042276 0.000000 16.527887 -0.042276 0.999106 0.000000 -0.395913 0.000000 0.000000 1.000000 0.000000
0.998912 0.046633 0.000000 17.091685 -0.046633 0.998912 0.000000 -0.432181 0.000000 0.000000 1.000000 0.000000
0.998843 0.048084 0.000000 18.190756 -0.048084 0.998843 0.000000 -0.485481 0.000000 0.000000 1.000000 0.000000
0.998888 0.047150 0.000000 19.121624 -0.047150 0.998888 0.000000 -0.538794 0.000000 0.000000 1.000000 0.000000
0.998982 0.045112 0.000000 19.685711 -0.045112 0.998982 0.000000 -0.576668 0.000000 0.000000 1.000000 0.000000
0.998925 0.046354 0.000000 20.253361 -0.046354 0.998925 0.000000 -0.612762 0.000000 0.000000 1.000000 0.000000
0.998835 0.048263 0.000000 20.817847 -0.048263 0.998835 0.000000 -0.647419 0.000000 0.000000 1.000000 0.000000
0.999036 0.043895 0.000000 21.376035 -0.043895 0.999036 0.000000 -0.699022 0.000000 0.000000 1.000000 0.000000
0.999113 0.042109 0.000000 21.976708 -0.042109 0.999113 0.000000 -0.743972 0.000000 0.000000 1.000000 0.000000
0.998670 0.051550 0.000000 22.541326 -0.051550 0.998670 0.000000 -0.781550 0.000000 0.000000 1.000000 0.000000
0.997855 0.065462 0.000000 23.665288 -0.065462 0.997855 0.000000 -0.859605 0.000000 0.000000 1.000000 0.000000
0.997962 0.063805 0.000000 24.223743 -0.063805 0.997962 0.000000 -0.924915 0.000000 0.000000 1.000000 0.000000
0.997812 0.066119 0.000000 24.783843 -0.066119 0.997812 0.000000 -0.971322 0.000000 0.000000 1.000000 0.000000
0.997812 0.066113 0.000000 25.299979 -0.066113 0.997812 0.000000 -1.035317 0.000000 0.000000 1.000000 0.000000
0.997927 0.064363 0.000000 25.857414 -0.064363 0.997927 0.000000 -1.088038 0.000000 0.000000 1.000000 0.000000
0.997506 0.070584 0.000000 26.752353 -0.070584 0.997506 0.000000 -1.164991 0.000000 0.000000 1.000000 0.000000
0.997499 0.070680 0.000000 27.342474 -0.070680 0.997499 0.000000 -1.212327 0.000000 0.000000 1.000000 0.000000
0.997432 0.071619 0.000000 27.903811 -0.071619 0.997432 0.000000 -1.249562 0.000000 0.000000 1.000000 0.000000
0.997509 0.070532 0.000000 28.459724 -0.070532 0.997509 0.000000 -1.299712 0.000000 0.000000 1.000000 0.000000
0.997419 0.071796 0.000000 29.020577 -0.071796 0.997419 0.000000 -1.342512 0.000000 0.000000 1.000000 0.000000
0.997423 0.071743 0.000000 29.580442 -0.071743 0.997423 0.000000 -1.378653 0.000000 0.000000 1.000000 0.000000
0.997220 0.074518 0.000000 30.135761 -0.074518 0.997220 0.000000 -1.414761 0.000000 0.000000 1.000000 0.000000
0.997388 0.072234 0.000000 30.704693 -0.072234 0.997388 0.000000 -1.463840 0.000000 0.000000 1.000000 0.000000
0.997197 0.074820 0.000000 31.262988 -0.074820 0.997197 0.000000 -1.488889 0.000000 0.000000 1.000000 0.000000
0.997103 0.076063 0.000000 31.792579 -0.076063 0.997103 0.000000 -1.543945 0.000000 0.000000 1.000000 0.000000
0.996873 0.079019 0.000000 32.740532 -0.079019 0.996873 0.000000 -1.623087 0.000000 0.000000 1.000000 0.000000
0.996494 0.083662 0.000000 33.300728 -0.083662 0.996494 0.000000 -1.671512 0.000000 0.000000 1.000000 0.000000
0.996328 0.085614 0.000000 33.868813 -0.085614 0.996328 0.000000 -1.717300 0.000000 0.000000 1.000000 0.000000
0.996229 0.086761 0.000000 34.427392 -0.086761 0.996229 0.000000 -1.775389 0.000000 0.000000 1.000000 0.000000
0.995994 0.089425 0.000000 34.983546 -0.089425 0.995994 0.000000 -1.822429 0.000000 0.000000 1.000000 0.000000
0.995907 0.090383 0.000000 35.539074 -0.090383 0.995907 0.000000 -1.884555 0.000000 0.000000 1.000000 0.000000
0.995773 0.091852 0.000000 36.129488 -0.091852 0.995773 0.000000 -1.952838 0.000000 0.000000 1.000000 0.000000
0.995763 0.091960 0.000000 36.649647 -0.091960 0.995763 0.000000 -2.010132 0.000000 0.000000 1.000000 0.000000
0.995760 0.091991 0.000000 37.201134 -0.091991 0.995760 0.000000 -2.071390 0.000000 0.000000 1.000000 0.000000
0.995870 0.090791 0.000000 37.758879 -0.090791 0.995870 0.000000 -2.125951 0.000000 0.000000 1.000000 0.000000
0.995530 0.094442 0.000000 38.308481 -0.094442 0.995530 0.000000 -2.184408 0.000000 0.000000 1.000000 0.000000
0.995361 0.096216 0.000000 38.824788 -0.096216 0.995361 0.000000 -2.235154 0.000000 0.000000 1.000000 0.000000
0.995231 0.097544 0.000000 39.378276 -0.097544 0.995231 0.000000 -2.305584 0.000000 0.000000 1.000000 0.000000
0.995349 0.096333 0.000000 39.898530 -0.096333 0.995349 0.000000 -2.370929 0.000000 0.000000 1.000000 0.000000
0.995486 0.094904 0.000000 40.866086 -0.094904 0.995486 0.000000 -2.487458 0.000000 0.000000 1.000000 0.000000
0.995419 0.095611 0.000000 41.415819 -0.095611 0.995419 0.000000 -2.547777 0.000000 0.000000 1.000000 0.000000
0.995161 0.098262 0.000000 41.969101 -0.098262 0.995161 0.000000 -2.614657 0.000000 0.000000 1.000000 0.000000
0.995457 0.095207 0.000000 43.056574 -0.095207 0.995457 0.000000 -2.714949 0.000000 0.000000 1.000000 0.000000
0.994852 0.101341 0.000000 43.645245 -0.101341 0.994852 0.000000 -2.789053 0.000000 0.000000 1.000000 0.000000
0.994780 0.102039 0.000000 44.134388 -0.102039 0.994780 0.000000 -2.849473 0.000000 0.000000 1.000000 0.000000
0.994794 0.101902 0.000000 45.163661 -0.101902 0.994794 0.000000 -2.973214 0.000000 0.000000 1.000000 0.000000
0.994688 0.102931 0.000000 45.693098 -0.102931 0.994688 0.000000 -3.033752 0.000000 0.000000 1.000000 0.000000
0.994736 0.102470 0.000000 46.206009 -0.102470 0.994736 0.000000 -3.093669 0.000000 0.000000 1.000000 0.000000
0.994732 0.102505 0.000000 46.703743 -0.102505 0.994732 0.000000 -3.139622 0.000000 0.000000 1.000000 0.000000
0.994487 0.104863 0.000000 47.603308 -0.104863 0.994487 0.000000 -3.234865 0.000000 0.000000 1.000000 0.000000
0.994615 0.103634 0.000000 48.109728 -0.103634 0.994615 0.000000 -3.302904 0.000000 0.000000 1.000000 0.000000
0.994127 0.108222 0.000000 48.604481 -0.108222 0.994127 0.000000 -3.348177 0.000000 0.000000 1.000000 0.000000
0.993504 0.113796 0.000000 49.096374 -0.113796 0.993504 0.000000 -3.405055 0.000000 0.000000 1.000000 0.000000
0.993414 0.114579 0.000000 49.574779 -0.114579 0.993414 0.000000 -3.479276 0.000000 0.000000 1.000000 0.000000
0.993234 0.116127 0.000000 50.053601 -0.116127 0.993234 0.000000 -3.547444 0.000000 0.000000 1.000000 0.000000
0.992859 0.119295 0.000000 50.525818 -0.119295 0.992859 0.000000 -3.605022 0.000000 0.000000 1.000000 0.000000
0.992282 0.124001 0.000000 51.237731 -0.124001 0.992282 0.000000 -3.695022 0.000000 0.000000 1.000000 0.000000
0.992287 0.123958 0.000000 51.661061 -0.123958 0.992287 0.000000 -3.767881 0.000000 0.000000 1.000000 0.000000
0.992348 0.123473 0.000000 52.108647 -0.123473 0.992348 0.000000 -3.827075 0.000000 0.000000 1.000000 0.000000
0.992483 0.122380 0.000000 52.546167 -0.122380 0.992483 0.000000 -3.886682 0.000000 0.000000 1.000000 0.000000
0.992406 0.123008 0.000000 52.968522 -0.123008 0.992406 0.000000 -3.943046 0.000000 0.000000 1.000000 0.000000
0.992771 0.120022 0.000000 53.385244 -0.120022 0.992771 0.000000 -4.002635 0.000000 0.000000 1.000000 0.000000
0.993058 0.117622 0.000000 54.112918 -0.117622 0.993058 0.000000 -4.092738 0.000000 0.000000 1.000000 0.000000
0.992832 0.119516 0.000000 54.492580 -0.119516 0.992832 0.000000 -4.151996 0.000000 0.000000 1.000000 0.000000
0.992685 0.120732 0.000000 54.925166 -0.120732 0.992685 0.000000 -4.204766 0.000000 0.000000 1.000000 0.000000
0.992552 0.121820 0.000000 55.323156 -0.121820 0.992552 0.000000 -4.267933 0.000000 0.000000 1.000000 0.000000
0.992429 0.122817 0.000000 55.716851 -0.122817 0.992429 0.000000 -4.316623 0.000000 0.000000 1.000000 0.000000
0.992289 0.123944 0.000000 56.101503 -0.123944 0.992289 0.000000 -4.368327 0.000000 0.000000 1.000000 0.000000
0.992047 0.125866 0.000000 56.483596 -0.125866 0.992047 0.000000 -4.439077 0.000000 0.000000 1.000000 0.000000
0.992234 0.124387 0.000000 56.851491 -0.124387 0.992234 0.000000 -4.497336 0.000000 0.000000 1.000000 0.000000
0.992003 0.126213 0.000000 57.209723 -0.126213 0.992003 0.000000 -4.538942 0.000000 0.000000 1.000000 0.000000
0.991727 0.128364 0.000000 57.573168 -0.128364 0.991727 0.000000 -4.589475 0.000000 0.000000 1.000000 0.000000
0.991050 0.133488 0.000000 58.254726 -0.133488 0.991050 0.000000 -4.684848 0.000000 0.000000 1.000000 0.000000
0.991188 0.132460 0.000000 58.597225 -0.132460 0.991188 0.000000 -4.737053 0.000000 0.000000 1.000000 0.000000
0.991202 0.132357 0.000000 58.911076 -0.132357 0.991202 0.000000 -4.789591 0.000000 0.000000 1.000000 0.000000
0.991260 0.131923 0.000000 59.239478 -0.131923 0.991260 0.000000 -4.841964 0.000000 0.000000 1.000000 0.000000
0.991049 0.133502 0.000000 59.568389 -0.133502 0.991049 0.000000 -4.894525 0.000000 0.000000 1.000000 0.000000
0.990820 0.135189 0.000000 59.873937 -0.135189 0.990820 0.000000 -4.932358 0.000000 0.000000 1.000000 0.000000
0.989812 0.142378 0.000000 60.198773 -0.142378 0.989812 0.000000 -4.955755 0.000000 0.000000 1.000000 0.000000
0.989623 0.143686 0.000000 60.517986 -0.143686 0.989623 0.000000 -5.013719 0.000000 0.000000 1.000000 0.000000
0.989913 0.141675 0.000000 61.031929 -0.141675 0.989913 0.000000 -5.102289 0.000000 0.000000 1.000000 0.000000
0.989988 0.141152 0.000000 61.335664 -0.141152 0.989988 0.000000 -5.152514 0.000000 0.000000 1.000000 0.000000
0.989724 0.142993 0.000000 61.636037 -0.142993 0.989724 0.000000 -5.202739 0.000000 0.000000 1.000000 0.000000
0.989303 0.145874 0.000000 61.950579 -0.145874 0.989303 0.000000 -5.249948 0.000000 0.000000 1.000000 0.000000
0.989273 0.146079 0.000000 62.243707 -0.146079 0.989273 0.000000 -5.296732 0.000000 0.000000 1.000000 0.000000
0.989000 0.147914 0.000000 62.508880 -0.147914 0.989000 0.000000 -5.337730 0.000000 0.000000 1.000000 0.000000
0.988986 0.148010 0.000000 62.807643 -0.148010 0.988986 0.000000 -5.392189 0.000000 0.000000 1.000000 0.000000
0.988725 0.149745 0.000000 63.088246 -0.149745 0.988725 0.000000 -5.440561 0.000000 0.000000 1.000000 0.000000
0.988635 0.150335 0.000000 63.356352 -0.150335 0.988635 0.000000 -5.485057 0.000000 0.000000 1.000000 0.000000
0.988097 0.153835 0.000000 63.815528 -0.153835 0.988097 0.000000 -5.564799 0.000000 0.000000 1.000000 0.000000
0.988072 0.153995 0.000000 64.059087 -0.153995 0.988072 0.000000 -5.609226 0.000000 0.000000 1.000000 0.000000
0.987833 0.155520 0.000000 64.336731 -0.155520 0.987833 0.000000 -5.653245 0.000000 0.000000 1.000000 0.000000
0.987808 0.155677 0.000000 64.596961 -0.155677 0.987808 0.000000 -5.693009 0.000000 0.000000 1.000000 0.000000
0.987673 0.156532 0.000000 64.857169 -0.156532 0.987673 0.000000 -5.737967 0.000000 0.000000 1.000000 0.000000
0.987576 0.157144 0.000000 65.120280 -0.157144 0.987576 0.000000 -5.785463 0.000000 0.000000 1.000000 0.000000
0.987409 0.158191 0.000000 65.368916 -0.158191 0.987409 0.000000 -5.829202 0.000000 0.000000 1.000000 0.000000
0.987408 0.158196 0.000000 65.634973 -0.158196 0.987408 0.000000 -5.875273 0.000000 0.000000 1.000000 0.000000
0.986889 0.161398 0.000000 65.880560 -0.161398 0.986889 0.000000 -5.921881 0.000000 0.000000 1.000000 0.000000
0.986754 0.162223 0.000000 66.149777 -0.162223 0.986754 0.000000 -5.961208 0.000000 0.000000 1.000000 0.000000
0.986561 0.163391 0.000000 66.395647 -0.163391 0.986561 0.000000 -6.005950 0.000000 0.000000 1.000000 0.000000
0.986464 0.163978 0.000000 66.654754 -0.163978 0.986464 0.000000 -6.044689 0.000000 0.000000 1.000000 0.000000
0.986030 0.166568 0.000000 67.085791 -0.166568 0.986030 0.000000 -6.125179 0.000000 0.000000 1.000000 0.000000
0.985856 0.167596 0.000000 67.356665 -0.167596 0.985856 0.000000 -6.175411 0.000000 0.000000 1.000000 0.000000
0.985833 0.167728 0.000000 67.631815 -0.167728 0.985833 0.000000 -6.220622 0.000000 0.000000 1.000000 0.000000
0.985595 0.169124 0.000000 67.903381 -0.169124 0.985595 0.000000 -6.272474 0.000000 0.000000 1.000000 0.000000
0.985484 0.169770 0.000000 68.177669 -0.169770 0.985484 0.000000 -6.324228 0.000000 0.000000 1.000000 0.000000
0.985296 0.170856 0.000000 68.469485 -0.170856 0.985296 0.000000 -6.380547 0.000000 0.000000 1.000000 0.000000
0.985176 0.171548 0.000000 68.724910 -0.171548 0.985176 0.000000 -6.431410 0.000000 0.000000 1.000000 0.000000
0.985218 0.171308 0.000000 69.015472 -0.171308 0.985218 0.000000 -6.490978 0.000000 0.000000 1.000000 0.000000
0.984708 0.174211 0.000000 69.292908 -0.174211 0.984708 0.000000 -6.537340 0.000000 0.000000 1.000000 0.000000
0.984548 0.175118 0.000000 69.555855 -0.175118 0.984548 0.000000 -6.591639 0.000000 0.000000 1.000000 0.000000
0.984440 0.175722 0.000000 69.831088 -0.175722 0.984440 0.000000 -6.641906 0.000000 0.000000 1.000000 0.000000
0.983918 0.178618 0.000000 70.099305 -0.178618 0.983918 0.000000 -6.693257 0.000000 0.000000 1.000000 0.000000
0.983722 0.179699 0.000000 70.875593 -0.179699 0.983722 0.000000 -6.848944 0.000000 0.000000 1.000000 0.000000
0.983043 0.183376 0.000000 71.164071 -0.183376 0.983043 0.000000 -6.899684 0.000000 0.000000 1.000000 0.000000
0.982531 0.186101 0.000000 71.454699 -0.186101 0.982531 0.000000 -6.957551 0.000000 0.000000 1.000000 0.000000
0.982251 0.187571 0.000000 71.750124 -0.187571 0.982251 0.000000 -7.015798 0.000000 0.000000 1.000000 0.000000
0.982593 0.185771 0.000000 72.038709 -0.185771 0.982593 0.000000 -7.074012 0.000000 0.000000 1.000000 0.000000
0.982125 0.188232 0.000000 72.613058 -0.188232 0.982125 0.000000 -7.189995 0.000000 0.000000 1.000000 0.000000
0.981731 0.190272 0.000000 72.908898 -0.190272 0.981731 0.000000 -7.247942 0.000000 0.000000 1.000000 0.000000
0.981746 0.190196 0.000000 73.194049 -0.190196 0.981746 0.000000 -7.305154 0.000000 0.000000 1.000000 0.000000
0.981507 0.191425 0.000000 73.658026 -0.191425 0.981507 0.000000 -7.405288 0.000000 0.000000 1.000000 0.000000
0.980747 0.195283 0.000000 73.973204 -0.195283 0.980747 0.000000 -7.468953 0.000000 0.000000 1.000000 0.000000
0.978904 0.204319 0.000000 74.499615 -0.204319 0.978904 0.000000 -7.575802 0.000000 0.000000 1.000000 0.000000
0.978795 0.204843 0.000000 74.827715 -0.204843 0.978795 0.000000 -7.649534 0.000000 0.000000 1.000000 0.000000
0.978707 0.205264 0.000000 75.162167 -0.205264 0.978707 0.000000 -7.716216 0.000000 0.000000 1.000000 0.000000
0.977448 0.211176 0.000000 75.484123 -0.211176 0.977448 0.000000 -7.773277 0.000000 0.000000 1.000000 0.000000
0.977507 0.210904 0.000000 75.831179 -0.210904 0.977507 0.000000 -7.858066 0.000000 0.000000 1.000000 0.000000
0.976903 0.213685 0.000000 76.396671 -0.213685 0.976903 0.000000 -7.987058 0.000000 0.000000 1.000000 0.000000
0.977575 0.210587 0.000000 76.742543 -0.210587 0.977575 0.000000 -8.056865 0.000000 0.000000 1.000000 0.000000
0.977526 0.210813 0.000000 77.119447 -0.210813 0.977526 0.000000 -8.146225 0.000000 0.000000 1.000000 0.000000
0.977409 0.211357 0.000000 77.476864 -0.211357 0.977409 0.000000 -8.224295 0.000000 0.000000 1.000000 0.000000
0.977389 0.211448 0.000000 78.120987 -0.211448 0.977389 0.000000 -8.378212 0.000000 0.000000 1.000000 0.000000
0.977282 0.211943 0.000000 78.773467 -0.211943 0.977282 0.000000 -8.511243 0.000000 0.000000 1.000000 0.000000
0.977821 0.209444 0.000000 79.157431 -0.209444 0.977821 0.000000 -8.611666 0.000000 0.000000 1.000000 0.000000
0.978081 0.208223 0.000000 79.581586 -0.208223 0.978081 0.000000 -8.699919 0.000000 0.000000 1.000000 0.000000
0.977466 0.211095 0.000000 79.981425 -0.211095 0.977466 0.000000 -8.779734 0.000000 0.000000 1.000000 0.000000
0.977197 0.212334 0.000000 80.407808 -0.212334 0.977197 0.000000 -8.893439 0.000000 0.000000 1.000000 0.000000
0.976709 0.214566 0.000000 80.811335 -0.214566 0.976709 0.000000 -8.993801 0.000000 0.000000 1.000000 0.000000
0.976925 0.213582 0.000000 81.256674 -0.213582 0.976925 0.000000 -9.097047 0.000000 0.000000 1.000000 0.000000
0.978141 0.207941 0.000000 81.935843 -0.207941 0.978141 0.000000 -9.242246 0.000000 0.000000 1.000000 0.000000
0.977963 0.208778 0.000000 82.736765 -0.208778 0.977963 0.000000 -9.422398 0.000000 0.000000 1.000000 0.000000
0.978182 0.207750 0.000000 83.202091 -0.207750 0.978182 0.000000 -9.533368 0.000000 0.000000 1.000000 0.000000
0.977502 0.210928 0.000000 83.670353 -0.210928 0.977502 0.000000 -9.640334 0.000000 0.000000 1.000000 0.000000
0.976824 0.214043 0.000000 84.129312 -0.214043 0.976824 0.000000 -9.760485 0.000000 0.000000 1.000000 0.000000
0.975548 0.219785 0.000000 84.627270 -0.219785 0.975548 0.000000 -9.866996 0.000000 0.000000 1.000000 0.000000
0.975685 0.219180 0.000000 85.072106 -0.219180 0.975685 0.000000 -9.972757 0.000000 0.000000 1.000000 0.000000
0.974243 0.225500 0.000000 85.569815 -0.225500 0.974243 0.000000 -10.081008 0.000000 0.000000 1.000000 0.000000
0.973516 0.228617 0.000000 86.075815 -0.228617 0.973516 0.000000 -10.203240 0.000000 0.000000 1.000000 0.000000
0.972844 0.231462 0.000000 86.581051 -0.231462 0.972844 0.000000 -10.328473 0.000000 0.000000 1.000000 0.000000
0.972411 0.233275 0.000000 87.065406 -0.233275 0.972411 0.000000 -10.445682 0.000000 0.000000 1.000000 0.000000
0.972066 0.234708 0.000000 87.585592 -0.234708 0.972066 0.000000 -10.574441 0.000000 0.000000 1.000000 0.000000
0.970886 0.239544 0.000000 88.527079 -0.239544 0.970886 0.000000 -10.813475 0.000000 0.000000 1.000000 0.000000
0.971057 0.238850 0.000000 89.062281 -0.238850 0.971057 0.000000 -10.949880 0.000000 0.000000 1.000000 0.000000
0.971124 0.238574 0.000000 89.604212 -0.238574 0.971124 0.000000 -11.086288 0.000000 0.000000 1.000000 0.000000
0.970067 0.242836 0.000000 90.151781 -0.242836 0.970067 0.000000 -11.216739 0.000000 0.000000 1.000000 0.000000
0.969017 0.246996 0.000000 90.702362 -0.246996 0.969017 0.000000 -11.362360 0.000000 0.000000 1.000000 0.000000
0.969274 0.245984 0.000000 91.540195 -0.245984 0.969274 0.000000 -11.590562 0.000000 0.000000 1.000000 0.000000
0.968833 0.247716 0.000000 92.063623 -0.247716 0.968833 0.000000 -11.724383 0.000000 0.000000 1.000000 0.000000
0.966160 0.257942 0.000000 93.157930 -0.257942 0.966160 0.000000 -12.012890 0.000000 0.000000 1.000000 0.000000
0.965053 0.262057 0.000000 93.891018 -0.262057 0.965053 0.000000 -12.208423 0.000000 0.000000 1.000000 0.000000
0.964202 0.265170 0.000000 94.473168 -0.265170 0.964202 0.000000 -12.357692 0.000000 0.000000 1.000000 0.000000
0.962913 0.269813 0.000000 95.047944 -0.269813 0.962913 0.000000 -12.527366 0.000000 0.000000 1.000000 0.000000
0.961573 0.274548 0.000000 95.630979 -0.274548 0.961573 0.000000 -12.699375 0.000000 0.000000 1.000000 0.000000
0.961245 0.275695 0.000000 96.222703 -0.275695 0.961245 0.000000 -12.866960 0.000000 0.000000 1.000000 0.000000
0.961034 0.276430 0.000000 96.836941 -0.276430 0.961034 0.000000 -13.061353 0.000000 0.000000 1.000000 0.000000
0.960428 0.278530 0.000000 97.402262 -0.278530 0.960428 0.000000 -13.229567 0.000000 0.000000 1.000000 0.000000
0.959531 0.281604 0.000000 97.985477 -0.281604 0.959531 0.000000 -13.409544 0.000000 0.000000 1.000000 0.000000
0.959177 0.282808 0.000000 98.586709 -0.282808 0.959177 0.000000 -13.586032 0.000000 0.000000 1.000000 0.000000
0.960268 0.279080 0.000000 99.148786 -0.279080 0.960268 0.000000 -13.751250 0.000000 0.000000 1.000000 0.000000
0.961068 0.276312 0.000000 99.750104 -0.276312 0.961068 0.000000 -13.926273 0.000000 0.000000 1.000000 0.000000
0.961069 0.276308 0.000000 100.354985 -0.276308 0.961069 0.000000 -14.105578 0.000000 0.000000 1.000000 0.000000
0.960718 0.277526 0.000000 100.915447 -0.277526 0.960718 0.000000 -14.267090 0.000000 0.000000 1.000000 0.000000
0.960563 0.278062 0.000000 101.986079 -0.278062 0.960563 0.000000 -14.577980 0.000000 0.000000 1.000000 0.000000
0.960226 0.279224 0.000000 102.638717 -0.279224 0.960226 0.000000 -14.774999 0.000000 0.000000 1.000000 0.000000
0.960012 0.279957 0.000000 103.247163 -0.279957 0.960012 0.000000 -14.969936 0.000000 0.000000 1.000000 0.000000
0.959146 0.282913 0.000000 103.861095 -0.282913 0.959146 0.000000 -15.152615 0.000000 0.000000 1.000000 0.000000
0.958091 0.286463 0.000000 104.462016 -0.286463 0.958091 0.000000 -15.327808 0.000000 0.000000 1.000000 0.000000
0.958545 0.284940 0.000000 105.066751 -0.284940 0.958545 0.000000 -15.526859 0.000000 0.000000 1.000000 0.000000
0.958323 0.285687 0.000000 105.635845 -0.285687 0.958323 0.000000 -15.701806 0.000000 0.000000 1.000000 0.000000
0.958272 0.285858 0.000000 106.254992 -0.285858 0.958272 0.000000 -15.889027 0.000000 0.000000 1.000000 0.000000
0.958076 0.286514 0.000000 106.830300 -0.286514 0.958076 0.000000 -16.067528 0.000000 0.000000 1.000000 0.000000
0.957438 0.288639 0.000000 107.453177 -0.288639 0.957438 0.000000 -16.270335 0.000000 0.000000 1.000000 0.000000
0.956513 0.291690 0.000000 108.071455 -0.291690 0.956513 0.000000 -16.476911 0.000000 0.000000 1.000000 0.000000
0.956124 0.292962 0.000000 108.698382 -0.292962 0.956124 0.000000 -16.671136 0.000000 0.000000 1.000000 0.000000
0.956446 0.291910 0.000000 109.481833 -0.291910 0.956446 0.000000 -16.923975 0.000000 0.000000 1.000000 0.000000
0.956358 0.292198 0.000000 110.074874 -0.292198 0.956358 0.000000 -17.101322 0.000000 0.000000 1.000000 0.000000
0.954531 0.298111 0.000000 110.709487 -0.298111 0.954531 0.000000 -17.307708 0.000000 0.000000 1.000000 0.000000
0.955656 0.294487 0.000000 111.709359 -0.294487 0.955656 0.000000 -17.631165 0.000000 0.000000 1.000000 0.000000
0.955561 0.294792 0.000000 112.350974 -0.294792 0.955561 0.000000 -17.829910 0.000000 0.000000 1.000000 0.000000
0.955370 0.295413 0.000000 112.992367 -0.295413 0.955370 0.000000 -18.040364 0.000000 0.000000 1.000000 0.000000
0.954522 0.298139 0.000000 113.638236 -0.298139 0.954522 0.000000 -18.247354 0.000000 0.000000 1.000000 0.000000
0.954240 0.299042 0.000000 114.264127 -0.299042 0.954240 0.000000 -18.464581 0.000000 0.000000 1.000000 0.000000
0.954070 0.299584 0.000000 114.911384 -0.299584 0.954070 0.000000 -18.677257 0.000000 0.000000 1.000000 0.000000
0.954409 0.298503 0.000000 115.507984 -0.298503 0.954409 0.000000 -18.882702 0.000000 0.000000 1.000000 0.000000
0.954370 0.298625 0.000000 116.639670 -0.298625 0.954370 0.000000 -19.256880 0.000000 0.000000 1.000000 0.000000
0.955095 0.296299 0.000000 117.280140 -0.296299 0.955095 0.000000 -19.460803 0.000000 0.000000 1.000000 0.000000
0.955358 0.295450 0.000000 117.928041 -0.295450 0.955358 0.000000 -19.665989 0.000000 0.000000 1.000000 0.000000
0.955428 0.295223 0.000000 118.567562 -0.295223 0.955428 0.000000 -19.881646 0.000000 0.000000 1.000000 0.000000
0.955035 0.296494 0.000000 119.879629 -0.296494 0.955035 0.000000 -20.300662 0.000000 0.000000 1.000000 0.000000
0.955457 0.295131 0.000000 120.476733 -0.295131 0.955457 0.000000 -20.497378 0.000000 0.000000 1.000000 0.000000
0.954581 0.297951 0.000000 121.130101 -0.297951 0.954581 0.000000 -20.700381 0.000000 0.000000 1.000000 0.000000
0.955139 0.296157 0.000000 121.724313 -0.296157 0.955139 0.000000 -20.913692 0.000000 0.000000 1.000000 0.000000
0.954440 0.298402 0.000000 122.330951 -0.298402 0.954440 0.000000 -21.095299 0.000000 0.000000 1.000000 0.000000
0.948868 0.315674 0.000000 126.953137 -0.315674 0.948868 0.000000 -22.708814 0.000000 0.000000 1.000000 0.000000
0.950435 0.310923 0.000000 127.581657 -0.310923 0.950435 0.000000 -22.908522 0.000000 0.000000 1.000000 0.000000
0.949575 0.313540 0.000000 128.182710 -0.313540 0.949575 0.000000 -23.102964 0.000000 0.000000 1.000000 0.000000
0.951032 0.309092 0.000000 128.799987 -0.309092 0.951032 0.000000 -23.317519 0.000000 0.000000 1.000000 0.000000
0.950664 0.310223 0.000000 129.398586 -0.310223 0.950664 0.000000 -23.525128 0.000000 0.000000 1.000000 0.000000
0.951975 0.306175 0.000000 130.010540 -0.306175 0.951975 0.000000 -23.733896 0.000000 0.000000 1.000000 0.000000
0.950953 0.309334 0.000000 130.634006 -0.309334 0.950953 0.000000 -23.955560 0.000000 0.000000 1.000000 0.000000
0.951520 0.307588 0.000000 131.425419 -0.307588 0.951520 0.000000 -24.239352 0.000000 0.000000 1.000000 0.000000
0.951181 0.308634 0.000000 132.050800 -0.308634 0.951181 0.000000 -24.455939 0.000000 0.000000 1.000000 0.000000
0.950028 0.312165 0.000000 132.676037 -0.312165 0.950028 0.000000 -24.657706 0.000000 0.000000 1.000000 0.000000
0.949336 0.314261 0.000000 133.580001 -0.314261 0.949336 0.000000 -24.961167 0.000000 0.000000 1.000000 0.000000
0.949525 0.313693 0.000000 134.195741 -0.313693 0.949525 0.000000 -25.172964 0.000000 0.000000 1.000000 0.000000
0.949430 0.313978 0.000000 134.811072 -0.313978 0.949430 0.000000 -25.382174 0.000000 0.000000 1.000000 0.000000
0.949464 0.313876 0.000000 135.419379 -0.313876 0.949464 0.000000 -25.593231 0.000000 0.000000 1.000000 0.000000
0.949478 0.313834 0.000000 136.023294 -0.313834 0.949478 0.000000 -25.801268 0.000000 0.000000 1.000000 0.000000
0.948883 0.315629 0.000000 136.916811 -0.315629 0.948883 0.000000 -26.125124 0.000000 0.000000 1.000000 0.000000
0.948550 0.316629 0.000000 137.501151 -0.316629 0.948550 0.000000 -26.339729 0.000000 0.000000 1.000000 0.000000
0.947999 0.318272 0.000000 138.104356 -0.318272 0.947999 0.000000 -26.551056 0.000000 0.000000 1.000000 0.000000
0.947306 0.320329 0.000000 138.664940 -0.320329 0.947306 0.000000 -26.751872 0.000000 0.000000 1.000000 0.000000
0.945846 0.324616 0.000000 139.439783 -0.324616 0.945846 0.000000 -27.031552 0.000000 0.000000 1.000000 0.000000
0.945586 0.325373 0.000000 140.031063 -0.325373 0.945586 0.000000 -27.253074 0.000000 0.000000 1.000000 0.000000
0.945640 0.325216 0.000000 140.630588 -0.325216 0.945640 0.000000 -27.471181 0.000000 0.000000 1.000000 0.000000
0.945920 0.324400 0.000000 141.225392 -0.324400 0.945920 0.000000 -27.685785 0.000000 0.000000 1.000000 0.000000
0.946855 0.321659 0.000000 141.820450 -0.321659 0.946855 0.000000 -27.902422 0.000000 0.000000 1.000000 0.000000
0.946778 0.321889 0.000000 142.964805 -0.321889 0.946778 0.000000 -28.310648 0.000000 0.000000 1.000000 0.000000
0.947719 0.319106 0.000000 143.511238 -0.319106 0.947719 0.000000 -28.502966 0.000000 0.000000 1.000000 0.000000
0.946440 0.322881 0.000000 144.088480 -0.322881 0.946440 0.000000 -28.688957 0.000000 0.000000 1.000000 0.000000
0.947085 0.320984 0.000000 144.656768 -0.320984 0.947085 0.000000 -28.899923 0.000000 0.000000 1.000000 0.000000
0.946564 0.322516 0.000000 145.203617 -0.322516 0.946564 0.000000 -29.098271 0.000000 0.000000 1.000000 0.000000
0.946796 0.321834 0.000000 145.777997 -0.321834 0.946796 0.000000 -29.310784 0.000000 0.000000 1.000000 0.000000
0.948383 0.317127 0.000000 146.478266 -0.317127 0.948383 0.000000 -29.565125 0.000000 0.000000 1.000000 0.000000
0.948382 0.317132 0.000000 147.045041 -0.317132 0.948382 0.000000 -29.771975 0.000000 0.000000 1.000000 0.000000
0.948496 0.316790 0.000000 147.577049 -0.316790 0.948496 0.000000 -29.956041 0.000000 0.000000 1.000000 0.000000
0.948373 0.317158 0.000000 148.150272 -0.317158 0.948373 0.000000 -30.163255 0.000000 0.000000 1.000000 0.000000
0.947652 0.319304 0.000000 148.717133 -0.319304 0.947652 0.000000 -30.360494 0.000000 0.000000 1.000000 0.000000
0.947213 0.320606 0.000000 149.239792 -0.320606 0.947213 0.000000 -30.549641 0.000000 0.000000 1.000000 0.000000
0.946876 0.321598 0.000000 149.793706 -0.321598 0.946876 0.000000 -30.737811 0.000000 0.000000 1.000000 0.000000
0.947899 0.318572 0.000000 150.312097 -0.318572 0.947899 0.000000 -30.915840 0.000000 0.000000 1.000000 0.000000
0.947176 0.320715 0.000000 150.862138 -0.320715 0.947176 0.000000 -31.106353 0.000000 0.000000 1.000000 0.000000
0.946455 0.322837 0.000000 151.406287 -0.322837 0.946455 0.000000 -31.299624 0.000000 0.000000 1.000000 0.000000
0.945241 0.326374 0.000000 152.131839 -0.326374 0.945241 0.000000 -31.536050 0.000000 0.000000 1.000000 0.000000
0.944302 0.329081 0.000000 152.663251 -0.329081 0.944302 0.000000 -31.713729 0.000000 0.000000 1.000000 0.000000
0.943786 0.330558 0.000000 153.217944 -0.330558 0.943786 0.000000 -31.916309 0.000000 0.000000 1.000000 0.000000
0.943244 0.332099 0.000000 153.741763 -0.332099 0.943244 0.000000 -32.110122 0.000000 0.000000 1.000000 0.000000
0.942963 0.332899 0.000000 154.290938 -0.332899 0.942963 0.000000 -32.302633 0.000000 0.000000 1.000000 0.000000
0.943693 0.330822 0.000000 154.804235 -0.330822 0.943693 0.000000 -32.484129 0.000000 0.000000 1.000000 0.000000
0.943344 0.331816 0.000000 155.511462 -0.331816 0.943344 0.000000 -32.742440 0.000000 0.000000 1.000000 0.000000
0.943378 0.331720 0.000000 156.017867 -0.331720 0.943378 0.000000 -32.927914 0.000000 0.000000 1.000000 0.000000
0.941015 0.338366 0.000000 156.556310 -0.338366 0.941015 0.000000 -33.139379 0.000000 0.000000 1.000000 0.000000
0.941013 0.338370 0.000000 157.061060 -0.338370 0.941013 0.000000 -33.323458 0.000000 0.000000 1.000000 0.000000
0.942220 0.334994 0.000000 157.606824 -0.334994 0.942220 0.000000 -33.515376 0.000000 0.000000 1.000000 0.000000
0.942075 0.335403 0.000000 158.114621 -0.335403 0.942075 0.000000 -33.702173 0.000000 0.000000 1.000000 0.000000
0.941697 0.336463 0.000000 158.855713 -0.336463 0.941697 0.000000 -33.962674 0.000000 0.000000 1.000000 0.000000
0.940783 0.339008 0.000000 159.402332 -0.339008 0.940783 0.000000 -34.158236 0.000000 0.000000 1.000000 0.000000
0.942301 0.334768 0.000000 159.940387 -0.334768 0.942301 0.000000 -34.357541 0.000000 0.000000 1.000000 0.000000
0.943199 0.332229 0.000000 160.483982 -0.332229 0.943199 0.000000 -34.553268 0.000000 0.000000 1.000000 0.000000
0.944141 0.329541 0.000000 161.019973 -0.329541 0.944141 0.000000 -34.742183 0.000000 0.000000 1.000000 0.000000
0.943268 0.332033 0.000000 161.550829 -0.332033 0.943268 0.000000 -34.943982 0.000000 0.000000 1.000000 0.000000
0.943368 0.331749 0.000000 162.089209 -0.331749 0.943368 0.000000 -35.134711 0.000000 0.000000 1.000000 0.000000
0.944420 0.328743 0.000000 162.602938 -0.328743 0.944420 0.000000 -35.322993 0.000000 0.000000 1.000000 0.000000
0.945795 0.324763 0.000000 163.134171 -0.324763 0.945795 0.000000 -35.525787 0.000000 0.000000 1.000000 0.000000
0.946023 0.324098 0.000000 163.679745 -0.324098 0.946023 0.000000 -35.731953 0.000000 0.000000 1.000000 0.000000
0.946429 0.322913 0.000000 164.187864 -0.322913 0.946429 0.000000 -35.909933 0.000000 0.000000 1.000000 0.000000
0.946600 0.322409 0.000000 164.731806 -0.322409 0.946600 0.000000 -36.117159 0.000000 0.000000 1.000000 0.000000
0.947750 0.319013 0.000000 165.251822 -0.319013 0.947750 0.000000 -36.285637 0.000000 0.000000 1.000000 0.000000
0.947768 0.318961 0.000000 165.799354 -0.318961 0.947768 0.000000 -36.461416 0.000000 0.000000 1.000000 0.000000
0.949411 0.314037 0.000000 166.339790 -0.314037 0.949411 0.000000 -36.649037 0.000000 0.000000 1.000000 0.000000
0.951042 0.309062 0.000000 166.893465 -0.309062 0.951042 0.000000 -36.840992 0.000000 0.000000 1.000000 0.000000
0.952189 0.305510 0.000000 167.402425 -0.305510 0.952189 0.000000 -37.009418 0.000000 0.000000 1.000000 0.000000
0.953359 0.301838 0.000000 167.945049 -0.301838 0.953359 0.000000 -37.192416 0.000000 0.000000 1.000000 0.000000
0.954662 0.297690 0.000000 168.436959 -0.297690 0.954662 0.000000 -37.369181 0.000000 0.000000 1.000000 0.000000
0.956533 0.291623 0.000000 168.987496 -0.291623 0.956533 0.000000 -37.560862 0.000000 0.000000 1.000000 0.000000
0.957953 0.286926 0.000000 169.700463 -0.286926 0.957953 0.000000 -37.799157 0.000000 0.000000 1.000000 0.000000
0.958478 0.285165 0.000000 170.248758 -0.285165 0.958478 0.000000 -37.950877 0.000000 0.000000 1.000000 0.000000
0.959253 0.282547 0.000000 170.748277 -0.282547 0.959253 0.000000 -38.114167 0.000000 0.000000 1.000000 0.000000
0.958917 0.283688 0.000000 171.305485 -0.283688 0.958917 0.000000 -38.287169 0.000000 0.000000 1.000000 0.000000
0.959397 0.282059 0.000000 171.991188 -0.282059 0.959397 0.000000 -38.503180 0.000000 0.000000 1.000000 0.000000
0.960629 0.277836 0.000000 173.069939 -0.277836 0.960629 0.000000 -38.835204 0.000000 0.000000 1.000000 0.000000
0.961253 0.275668 0.000000 173.608848 -0.275668 0.961253 0.000000 -39.000013 0.000000 0.000000 1.000000 0.000000
0.962164 0.272470 0.000000 174.146821 -0.272470 0.962164 0.000000 -39.152866 0.000000 0.000000 1.000000 0.000000
0.961840 0.273613 0.000000 174.686965 -0.273613 0.961840 0.000000 -39.318569 0.000000 0.000000 1.000000 0.000000
0.962515 0.271230 0.000000 175.219956 -0.271230 0.962515 0.000000 -39.474919 0.000000 0.000000 1.000000 0.000000
0.963035 0.269376 0.000000 175.756657 -0.269376 0.963035 0.000000 -39.625915 0.000000 0.000000 1.000000 0.000000
0.962569 0.271037 0.000000 176.314471 -0.271037 0.962569 0.000000 -39.795930 0.000000 0.000000 1.000000 0.000000
0.962547 0.271115 0.000000 176.843486 -0.271115 0.962547 0.000000 -39.959783 0.000000 0.000000 1.000000 0.000000
0.962274 0.272081 0.000000 177.340564 -0.272081 0.962274 0.000000 -40.094658 0.000000 0.000000 1.000000 0.000000
0.961664 0.274232 0.000000 177.831890 -0.274232 0.961664 0.000000 -40.240575 0.000000 0.000000 1.000000 0.000000
0.961623 0.274375 0.000000 178.355714 -0.274375 0.961623 0.000000 -40.390816 0.000000 0.000000 1.000000 0.000000
0.961943 0.273249 0.000000 178.850650 -0.273249 0.961943 0.000000 -40.524385 0.000000 0.000000 1.000000 0.000000
0.962456 0.271439 0.000000 179.378997 -0.271439 0.962456 0.000000 -40.673944 0.000000 0.000000 1.000000 0.000000
0.962854 0.270021 0.000000 179.878177 -0.270021 0.962854 0.000000 -40.809553 0.000000 0.000000 1.000000 0.000000
0.962703 0.270561 0.000000 180.400508 -0.270561 0.962703 0.000000 -40.953113 0.000000 0.000000 1.000000 0.000000
0.962882 0.269924 0.000000 180.888576 -0.269924 0.962882 0.000000 -41.092270 0.000000 0.000000 1.000000 0.000000
0.963869 0.266376 0.000000 181.409843 -0.266376 0.963869 0.000000 -41.243119 0.000000 0.000000 1.000000 0.000000
0.964413 0.264399 0.000000 181.890768 -0.264399 0.964413 0.000000 -41.378500 0.000000 0.000000 1.000000 0.000000
0.964445 0.264284 0.000000 182.413712 -0.264284 0.964445 0.000000 -41.527157 0.000000 0.000000 1.000000 0.000000
0.964162 0.265315 0.000000 182.904514 -0.265315 0.964162 0.000000 -41.658242 0.000000 0.000000 1.000000 0.000000
0.963781 0.266694 0.000000 183.425091 -0.266694 0.963781 0.000000 -41.797072 0.000000 0.000000 1.000000 0.000000
0.963939 0.266125 0.000000 184.063992 -0.266125 0.963939 0.000000 -41.979549 0.000000 0.000000 1.000000 0.000000
0.965038 0.262111 0.000000 184.577663 -0.262111 0.965038 0.000000 -42.124520 0.000000 0.000000 1.000000 0.000000
0.966173 0.257894 0.000000 185.083736 -0.257894 0.966173 0.000000 -42.265947 0.000000 0.000000 1.000000 0.000000
0.966316 0.257357 0.000000 185.564672 -0.257357 0.966316 0.000000 -42.400295 0.000000 0.000000 1.000000 0.000000
0.968089 0.250605 0.000000 186.271054 -0.250605 0.968089 0.000000 -42.590645 0.000000 0.000000 1.000000 0.000000
0.968824 0.247748 0.000000 186.781668 -0.247748 0.968824 0.000000 -42.731554 0.000000 0.000000 1.000000 0.000000
0.969554 0.244876 0.000000 187.288717 -0.244876 0.969554 0.000000 -42.867548 0.000000 0.000000 1.000000 0.000000
0.969598 0.244705 0.000000 187.796911 -0.244705 0.969598 0.000000 -43.010094 0.000000 0.000000 1.000000 0.000000
0.971265 0.238001 0.000000 188.312181 -0.238001 0.971265 0.000000 -43.143511 0.000000 0.000000 1.000000 0.000000
0.973993 0.226579 0.000000 189.314954 -0.226579 0.973993 0.000000 -43.396910 0.000000 0.000000 1.000000 0.000000
0.974772 0.223201 0.000000 189.807982 -0.223201 0.974772 0.000000 -43.504397 0.000000 0.000000 1.000000 0.000000
0.976538 0.215346 0.000000 190.303621 -0.215346 0.976538 0.000000 -43.623456 0.000000 0.000000 1.000000 0.000000
0.978370 0.206862 0.000000 190.765309 -0.206862 0.978370 0.000000 -43.724998 0.000000 0.000000 1.000000 0.000000
0.979880 0.199586 0.000000 191.256284 -0.199586 0.979880 0.000000 -43.829304 0.000000 0.000000 1.000000 0.000000
0.981690 0.190488 0.000000 191.726093 -0.190488 0.981690 0.000000 -43.924224 0.000000 0.000000 1.000000 0.000000
0.985312 0.170763 0.000000 192.670153 -0.170763 0.985312 0.000000 -44.100307 0.000000 0.000000 1.000000 0.000000
0.986824 0.161796 0.000000 193.157153 -0.161796 0.986824 0.000000 -44.176318 0.000000 0.000000 1.000000 0.000000
0.988569 0.150769 0.000000 193.609250 -0.150769 0.988569 0.000000 -44.250949 0.000000 0.000000 1.000000 0.000000
0.990269 0.139166 0.000000 194.285954 -0.139166 0.990269 0.000000 -44.352624 0.000000 0.000000 1.000000 0.000000
0.991815 0.127685 0.000000 194.764132 -0.127685 0.991815 0.000000 -44.430545 0.000000 0.000000 1.000000 0.000000
0.993148 0.116859 0.000000 195.237256 -0.116859 0.993148 0.000000 -44.489366 0.000000 0.000000 1.000000 0.000000
0.994282 0.106786 0.000000 195.675239 -0.106786 0.994282 0.000000 -44.541331 0.000000 0.000000 1.000000 0.000000
0.995173 0.098140 0.000000 196.143788 -0.098140 0.995173 0.000000 -44.594285 0.000000 0.000000 1.000000 0.000000
0.996612 0.082248 0.000000 196.610610 -0.082248 0.996612 0.000000 -44.651596 0.000000 0.000000 1.000000 0.000000
0.997351 0.072735 0.000000 197.039941 -0.072735 0.997351 0.000000 -44.708243 0.000000 0.000000 1.000000 0.000000
0.998093 0.061726 0.000000 197.503069 -0.061726 0.998093 0.000000 -44.755866 0.000000 0.000000 1.000000 0.000000
0.998536 0.054085 0.000000 197.924192 -0.054085 0.998536 0.000000 -44.802739 0.000000 0.000000 1.000000 0.000000
0.999055 0.043471 0.000000 198.379723 -0.043471 0.999055 0.000000 -44.834327 0.000000 0.000000 1.000000 0.000000
0.999421 0.034037 0.000000 198.804841 -0.034037 0.999421 0.000000 -44.852397 0.000000 0.000000 1.000000 0.000000
