0.999998 0.001772 0.000000 0.584640 -0.001772 0.999998 0.000000 -0.021120 0.000000 0.000000 1.000000 0.000000
0.999999 0.001092 0.000000 1.173120 -0.001092 0.999999 0.000000 -0.033602 0.000000 0.000000 1.000000 0.000000
0.999995 0.003073 0.000000 1.751115 -0.003073 0.999995 0.000000 -0.037161 0.000000 0.000000 1.000000 0.000000
0.999988 0.004818 0.000000 2.315714 -0.004818 0.999988 0.000000 -0.062309 0.000000 0.000000 1.000000 0.000000
0.999985 0.005399 0.000000 2.885715 -0.005399 0.999985 0.000000 -0.081123 0.000000 0.000000 1.000000 0.000000
0.999990 0.004490 0.000000 3.472046 -0.004490 0.999990 0.000000 -0.098630 0.000000 0.000000 1.000000 0.000000
0.999972 0.007518 0.000000 3.997937 -0.007518 0.999972 0.000000 -0.095101 0.000000 0.000000 1.000000 0.000000
0.999903 0.013957 0.000000 4.597951 -0.013957 0.999903 0.000000 -0.076354 0.000000 0.000000 1.000000 0.000000
0.999860 0.016716 0.000000 5.755346 -0.016716 0.999860 0.000000 -0.112176 0.000000 0.000000 1.000000 0.000000
0.999840 0.017865 0.000000 6.353381 -0.017865 0.999840 0.000000 -0.098762 0.000000 0.000000 1.000000 0.000000
0.999811 0.019446 0.000000 7.151651 -0.019446 0.999811 0.000000 -0.119955 0.000000 0.000000 1.000000 0.000000
0.999804 0.019780 0.000000 7.711418 -0.019780 0.999804 0.000000 -0.129038 0.000000 0.000000 1.000000 0.000000
0.999781 0.020906 0.000000 8.298583 -0.020906 0.999781 0.000000 -0.174054 0.000000 0.000000 1.000000 0.000000
0.999762 0.021805 0.000000 8.882236 -0.021805 0.999762 0.000000 -0.196880 0.000000 0.000000 1.000000 0.000000
0.999739 0.022849 0.000000 9.431868 -0.022849 0.999739 0.000000 -0.220638 0.000000 0.000000 1.000000 0.000000
0.999731 0.023174 0.000000 10.031254 -0.023174 0.999731 0.000000 -0.238981 0.000000 0.000000 1.000000 0.000000
0.999694 0.024719 0.000000 10.573410 -0.024719 0.999694 0.000000 -0.243308 0.000000 0.000000 1.000000 0.000000
0.999682 0.025227 0.000000 11.146492 -0.025227 0.999682 0.000000 -0.260161 0.000000 0.000000 1.000000 0.000000
0.999635 0.027018 0.000000 11.698200 -0.027018 0.999635 0.000000 -0.265473 0.000000 0.000000 1.000000 0.000000
0.999645 0.026648 0.000000 12.268402 -0.026648 0.999645 0.000000 -0.285932 0.000000 0.000000 1.000000 0.000000
0.999603 0.028190 0.000000 12.855226 -0.028190 0.999603 0.000000 -0.309736 0.000000 0.000000 1.000000 0.000000
0.999557 0.029770 0.000000 13.619934 -0.029770 0.999557 0.000000 -0.325484 0.000000 0.000000 1.000000 0.000000
0.999531 0.030637 0.000000 14.243213 -0.030637 0.999531 0.000000 -0.342957 0.000000 0.000000 1.000000 0.000000
0.999523 0.030869 0.000000 14.791129 -0.030869 0.999523 0.000000 -0.356575 0.000000 0.000000 1.000000 0.000000
0.999462 0.032812 0.000000 15.395546 -0.032812 0.999462 0.000000 -0.355619 0.000000 0.000000 1.000000 0.000000
0.999418 0.034104 0.000000 15.977685 -0.034104 0.999418 0.000000 -0.367877 0.000000 0.000000 1.000000 0.000000
0.999411 0.034330 0.000000 16.557999 -0.034330 0.999411 0.000000 -0.373471 0.000000 0.000000 1.000000 0.000000
0.999301 0.037385 0.000000 17.128413 -0.037385 0.999301 0.000000 -0.384042 0.000000 0.000000 1.000000 0.000000
0.999270 0.038198 0.000000 17.711983 -0.038198 0.999270 0.000000 -0.415379 0.000000 0.000000 1.000000 0.000000
0.999192 0.040182 0.000000 18.292839 -0.040182 0.999192 0.000000 -0.415070 0.000000 0.000000 1.000000 0.000000
0.999180 0.040491 0.000000 18.869796 -0.040491 0.999180 0.000000 -0.441990 0.000000 0.000000 1.000000 0.000000
0.999078 0.042929 0.000000 19.439482 -0.042929 0.999078 0.000000 -0.477909 0.000000 0.000000 1.000000 0.000000
0.998976 0.045242 0.000000 20.010011 -0.045242 0.998976 0.000000 -0.516054 0.000000 0.000000 1.000000 0.000000
0.998974 0.045285 0.000000 20.556043 -0.045285 0.998974 0.000000 -0.553490 0.000000 0.000000 1.000000 0.000000
0.998765 0.049691 0.000000 21.125824 -0.049691 0.998765 0.000000 -0.607710 0.000000 0.000000 1.000000 0.000000
0.998679 0.051378 0.000000 22.219813 -0.051378 0.998679 0.000000 -0.645860 0.000000 0.000000 1.000000 0.000000
0.998712 0.050745 0.000000 23.145680 -0.050745 0.998712 0.000000 -0.702337 0.000000 0.000000 1.000000 0.000000
0.998748 0.050021 0.000000 23.711076 -0.050021 0.998748 0.000000 -0.756763 0.000000 0.000000 1.000000 0.000000
0.998617 0.052573 0.000000 24.272237 -0.052573 0.998617 0.000000 -0.791605 0.000000 0.000000 1.000000 0.000000
0.998442 0.055792 0.000000 24.831081 -0.055792 0.998442 0.000000 -0.866983 0.000000 0.000000 1.000000 0.000000
0.998638 0.052173 0.000000 25.388649 -0.052173 0.998638 0.000000 -0.915432 0.000000 0.000000 1.000000 0.000000
0.998694 0.051087 0.000000 25.986436 -0.051087 0.998694 0.000000 -0.940802 0.000000 0.000000 1.000000 0.000000
0.998172 0.060437 0.000000 26.532047 -0.060437 0.998172 0.000000 -0.984611 0.000000 0.000000 1.000000 0.000000
0.997345 0.072824 0.000000 27.632801 -0.072824 0.997345 0.000000 -1.053528 0.000000 0.000000 1.000000 0.000000
0.997554 0.069905 0.000000 28.189621 -0.069905 0.997554 0.000000 -1.127480 0.000000 0.000000 1.000000 0.000000
0.997437 0.071556 0.000000 28.745830 -0.071556 0.997437 0.000000 -1.166527 0.000000 0.000000 1.000000 0.000000
0.997410 0.071926 0.000000 29.274724 -0.071926 0.997410 0.000000 -1.211699 0.000000 0.000000 1.000000 0.000000
0.997498 0.070688 0.000000 29.831852 -0.070688 0.997498 0.000000 -1.255812 0.000000 0.000000 1.000000 0.000000
0.997027 0.077052 0.000000 30.735127 -0.077052 0.997027 0.000000 -1.316738 0.000000 0.000000 1.000000 0.000000
0.997010 0.077272 0.000000 31.322308 -0.077272 0.997010 0.000000 -1.379099 0.000000 0.000000 1.000000 0.000000
0.996931 0.078287 0.000000 31.886481 -0.078287 0.996931 0.000000 -1.439444 0.000000 0.000000 1.000000 0.000000
0.996954 0.077997 0.000000 32.442042 -0.077997 0.996954 0.000000 -1.511756 0.000000 0.000000 1.000000 0.000000
0.996814 0.079761 0.000000 33.008189 -0.079761 0.996814 0.000000 -1.571363 0.000000 0.000000 1.000000 0.000000
0.996830 0.079558 0.000000 33.576365 -0.079558 0.996830 0.000000 -1.634332 0.000000 0.000000 1.000000 0.000000
0.996617 0.082183 0.000000 34.145862 -0.082183 0.996617 0.000000 -1.671560 0.000000 0.000000 1.000000 0.000000
0.996795 0.080004 0.000000 34.722780 -0.080004 0.996795 0.000000 -1.731904 0.000000 0.000000 1.000000 0.000000
0.996600 0.082392 0.000000 35.279375 -0.082392 0.996600 0.000000 -1.781157 0.000000 0.000000 1.000000 0.000000
0.996461 0.084059 0.000000 35.802984 -0.084059 0.996461 0.000000 -1.841527 0.000000 0.000000 1.000000 0.000000
0.996253 0.086481 0.000000 36.739803 -0.086481 0.996253 0.000000 -1.941743 0.000000 0.000000 1.000000 0.000000
0.995845 0.091070 0.000000 37.289819 -0.091070 0.995845 0.000000 -2.016045 0.000000 0.000000 1.000000 0.000000
0.995698 0.092653 0.000000 37.853724 -0.092653 0.995698 0.000000 -2.065619 0.000000 0.000000 1.000000 0.000000
0.995607 0.093635 0.000000 38.424103 -0.093635 0.995607 0.000000 -2.124151 0.000000 0.000000 1.000000 0.000000
0.995336 0.096471 0.000000 38.975981 -0.096471 0.995336 0.000000 -2.174255 0.000000 0.000000 1.000000 0.000000
0.995259 0.097258 0.000000 39.529117 -0.097258 0.995259 0.000000 -2.251785 0.000000 0.000000 1.000000 0.000000
0.995127 0.098599 0.000000 40.121439 -0.098599 0.995127 0.000000 -2.310139 0.000000 0.000000 1.000000 0.000000
0.995115 0.098721 0.000000 40.652115 -0.098721 0.995115 0.000000 -2.387467 0.000000 0.000000 1.000000 0.000000
0.995091 0.098959 0.000000 41.194738 -0.098959 0.995091 0.000000 -2.442732 0.000000 0.000000 1.000000 0.000000
0.995163 0.098240 0.000000 41.761474 -0.098240 0.995163 0.000000 -2.496800 0.000000 0.000000 1.000000 0.000000
0.994786 0.101984 0.000000 42.306735 -0.101984 0.994786 0.000000 -2.554419 0.000000 0.000000 1.000000 0.000000
0.994638 0.103420 0.000000 42.845335 -0.103420 0.994638 0.000000 -2.600561 0.000000 0.000000 1.000000 0.000000
0.994462 0.105095 0.000000 43.397694 -0.105095 0.994462 0.000000 -2.675888 0.000000 0.000000 1.000000 0.000000
0.994551 0.104247 0.000000 43.911805 -0.104247 0.994551 0.000000 -2.729695 0.000000 0.000000 1.000000 0.000000
0.994594 0.103840 0.000000 44.874432 -0.103840 0.994594 0.000000 -2.839204 0.000000 0.000000 1.000000 0.000000
0.994476 0.104969 0.000000 45.417152 -0.104969 0.994476 0.000000 -2.911992 0.000000 0.000000 1.000000 0.000000
0.994153 0.107979 0.000000 45.984083 -0.107979 0.994153 0.000000 -2.989939 0.000000 0.000000 1.000000 0.000000
0.994441 0.105292 0.000000 47.067867 -0.105292 0.994441 0.000000 -3.102786 0.000000 0.000000 1.000000 0.000000
0.993802 0.111162 0.000000 47.639112 -0.111162 0.993802 0.000000 -3.174601 0.000000 0.000000 1.000000 0.000000
0.993746 0.111661 0.000000 48.120873 -0.111661 0.993746 0.000000 -3.248138 0.000000 0.000000 1.000000 0.000000
0.993802 0.111163 0.000000 49.139831 -0.111163 0.993802 0.000000 -3.368768 0.000000 0.000000 1.000000 0.000000
0.993652 0.112493 0.000000 49.659662 -0.112493 0.993652 0.000000 -3.431104 0.000000 0.000000 1.000000 0.000000
0.993642 0.112586 0.000000 50.166132 -0.112586 0.993642 0.000000 -3.500800 0.000000 0.000000 1.000000 0.000000
0.993600 0.112953 0.000000 50.650600 -0.112953 0.993600 0.000000 -3.545481 0.000000 0.000000 1.000000 0.000000
0.993272 0.115805 0.000000 51.544586 -0.115805 0.993272 0.000000 -3.675584 0.000000 0.000000 1.000000 0.000000
0.993487 0.113946 0.000000 52.041334 -0.113946 0.993487 0.000000 -3.753151 0.000000 0.000000 1.000000 0.000000
0.993036 0.117814 0.000000 52.546509 -0.117814 0.993036 0.000000 -3.792017 0.000000 0.000000 1.000000 0.000000
0.992449 0.122660 0.000000 53.030589 -0.122660 0.992449 0.000000 -3.847784 0.000000 0.000000 1.000000 0.000000
0.992467 0.122515 0.000000 53.506755 -0.122515 0.992467 0.000000 -3.910347 0.000000 0.000000 1.000000 0.000000
0.992368 0.123309 0.000000 53.975989 -0.123309 0.992368 0.000000 -3.967905 0.000000 0.000000 1.000000 0.000000
0.992031 0.125991 0.000000 54.445695 -0.125991 0.992031 0.000000 -4.029909 0.000000 0.000000 1.000000 0.000000
0.991498 0.130122 0.000000 55.154507 -0.130122 0.991498 0.000000 -4.129989 0.000000 0.000000 1.000000 0.000000
0.991532 0.129861 0.000000 55.579502 -0.129861 0.991532 0.000000 -4.190535 0.000000 0.000000 1.000000 0.000000
0.991553 0.129703 0.000000 56.029712 -0.129703 0.991553 0.000000 -4.263123 0.000000 0.000000 1.000000 0.000000
0.991575 0.129530 0.000000 56.476225 -0.129530 0.991575 0.000000 -4.335749 0.000000 0.000000 1.000000 0.000000
0.991414 0.130759 0.000000 56.899436 -0.130759 0.991414 0.000000 -4.400539 0.000000 0.000000 1.000000 0.000000
0.991540 0.129801 0.000000 57.313083 -0.129801 0.991540 0.000000 -4.471970 0.000000 0.000000 1.000000 0.000000
0.991665 0.128844 0.000000 58.032472 -0.128844 0.991665 0.000000 -4.572003 0.000000 0.000000 1.000000 0.000000
0.991373 0.131067 0.000000 58.393759 -0.131067 0.991373 0.000000 -4.620729 0.000000 0.000000 1.000000 0.000000
0.991203 0.132352 0.000000 58.837838 -0.132352 0.991203 0.000000 -4.689802 0.000000 0.000000 1.000000 0.000000
0.991098 0.133132 0.000000 59.233111 -0.133132 0.991098 0.000000 -4.754118 0.000000 0.000000 1.000000 0.000000
0.990956 0.134185 0.000000 59.624811 -0.134185 0.990956 0.000000 -4.806068 0.000000 0.000000 1.000000 0.000000
0.990795 0.135374 0.000000 60.010075 -0.135374 0.990795 0.000000 -4.857492 0.000000 0.000000 1.000000 0.000000
0.990609 0.136726 0.000000 60.395614 -0.136726 0.990609 0.000000 -4.922748 0.000000 0.000000 1.000000 0.000000
0.990831 0.135110 0.000000 60.762130 -0.135110 0.990831 0.000000 -4.995242 0.000000 0.000000 1.000000 0.000000
0.990623 0.136623 0.000000 61.118368 -0.136623 0.990623 0.000000 -5.076258 0.000000 0.000000 1.000000 0.000000
0.990352 0.138572 0.000000 61.489977 -0.138572 0.990352 0.000000 -5.131164 0.000000 0.000000 1.000000 0.000000
0.989642 0.143558 0.000000 62.150602 -0.143558 0.989642 0.000000 -5.234477 0.000000 0.000000 1.000000 0.000000
0.989811 0.142385 0.000000 62.477465 -0.142385 0.989811 0.000000 -5.296828 0.000000 0.000000 1.000000 0.000000
0.989833 0.142234 0.000000 62.779529 -0.142234 0.989833 0.000000 -5.344431 0.000000 0.000000 1.000000 0.000000
0.989834 0.142228 0.000000 63.102784 -0.142228 0.989834 0.000000 -5.398678 0.000000 0.000000 1.000000 0.000000
0.989536 0.144284 0.000000 63.421117 -0.144284 0.989536 0.000000 -5.467219 0.000000 0.000000 1.000000 0.000000
0.989314 0.145802 0.000000 63.724789 -0.145802 0.989314 0.000000 -5.519679 0.000000 0.000000 1.000000 0.000000
0.988393 0.151916 0.000000 64.043696 -0.151916 0.988393 0.000000 -5.559141 0.000000 0.000000 1.000000 0.000000
0.988276 0.152681 0.000000 64.360984 -0.152681 0.988276 0.000000 -5.609216 0.000000 0.000000 1.000000 0.000000
0.988586 0.150657 0.000000 64.876421 -0.150657 0.988586 0.000000 -5.712703 0.000000 0.000000 1.000000 0.000000
0.988596 0.150590 0.000000 65.169931 -0.150590 0.988596 0.000000 -5.757711 0.000000 0.000000 1.000000 0.000000
0.988245 0.152879 0.000000 65.470128 -0.152879 0.988245 0.000000 -5.814294 0.000000 0.000000 1.000000 0.000000
0.987860 0.155348 0.000000 65.774891 -0.155348 0.987860 0.000000 -5.860560 0.000000 0.000000 1.000000 0.000000
0.987838 0.155487 0.000000 66.066494 -0.155487 0.987838 0.000000 -5.904542 0.000000 0.000000 1.000000 0.000000
0.987513 0.157538 0.000000 66.334556 -0.157538 0.987513 0.000000 -5.946320 0.000000 0.000000 1.000000 0.000000
0.987390 0.158307 0.000000 66.629521 -0.158307 0.987390 0.000000 -6.013310 0.000000 0.000000 1.000000 0.000000
0.987085 0.160195 0.000000 66.905232 -0.160195 0.987085 0.000000 -6.067152 0.000000 0.000000 1.000000 0.000000
0.986936 0.161112 0.000000 67.169633 -0.161112 0.986936 0.000000 -6.124332 0.000000 0.000000 1.000000 0.000000
0.986365 0.164570 0.000000 67.637244 -0.164570 0.986365 0.000000 -6.207081 0.000000 0.000000 1.000000 0.000000
0.986348 0.164674 0.000000 67.876867 -0.164674 0.986348 0.000000 -6.250396 0.000000 0.000000 1.000000 0.000000
0.986092 0.166199 0.000000 68.154583 -0.166199 0.986092 0.000000 -6.303194 0.000000 0.000000 1.000000 0.000000
0.986121 0.166028 0.000000 68.421815 -0.166028 0.986121 0.000000 -6.354981 0.000000 0.000000 1.000000 0.000000
0.985908 0.167288 0.000000 68.676037 -0.167288 0.985908 0.000000 -6.401394 0.000000 0.000000 1.000000 0.000000
0.985788 0.167995 0.000000 68.934608 -0.167995 0.985788 0.000000 -6.452074 0.000000 0.000000 1.000000 0.000000
0.985608 0.169046 0.000000 69.191507 -0.169046 0.985608 0.000000 -6.498347 0.000000 0.000000 1.000000 0.000000
0.985673 0.168669 0.000000 69.456856 -0.168669 0.985673 0.000000 -6.542632 0.000000 0.000000 1.000000 0.000000
0.985189 0.171473 0.000000 69.691861 -0.171473 0.985189 0.000000 -6.591696 0.000000 0.000000 1.000000 0.000000
0.985068 0.172165 0.000000 69.941235 -0.172165 0.985068 0.000000 -6.623195 0.000000 0.000000 1.000000 0.000000
0.984906 0.173090 0.000000 70.186352 -0.173090 0.984906 0.000000 -6.673374 0.000000 0.000000 1.000000 0.000000
0.984876 0.173261 0.000000 70.443408 -0.173261 0.984876 0.000000 -6.713630 0.000000 0.000000 1.000000 0.000000
0.984433 0.175758 0.000000 70.871982 -0.175758 0.984433 0.000000 -6.805521 0.000000 0.000000 1.000000 0.000000
0.984272 0.176658 0.000000 71.140273 -0.176658 0.984272 0.000000 -6.862617 0.000000 0.000000 1.000000 0.000000
0.984255 0.176755 0.000000 71.406471 -0.176755 0.984255 0.000000 -6.914818 0.000000 0.000000 1.000000 0.000000
0.984010 0.178113 0.000000 71.668316 -0.178113 0.984010 0.000000 -6.954522 0.000000 0.000000 1.000000 0.000000
0.983910 0.178665 0.000000 71.941125 -0.178665 0.983910 0.000000 -7.005761 0.000000 0.000000 1.000000 0.000000
0.983752 0.179533 0.000000 72.219993 -0.179533 0.983752 0.000000 -7.068046 0.000000 0.000000 1.000000 0.000000
0.983580 0.180474 0.000000 72.470088 -0.180474 0.983580 0.000000 -7.125853 0.000000 0.000000 1.000000 0.000000
0.983551 0.180630 0.000000 72.753928 -0.180630 0.983551 0.000000 -7.185430 0.000000 0.000000 1.000000 0.000000
0.983061 0.183281 0.000000 73.029515 -0.183281 0.983061 0.000000 -7.242830 0.000000 0.000000 1.000000 0.000000
0.982906 0.184107 0.000000 73.280575 -0.184107 0.982906 0.000000 -7.314482 0.000000 0.000000 1.000000 0.000000
0.982892 0.184185 0.000000 73.562586 -0.184185 0.982892 0.000000 -7.352339 0.000000 0.000000 1.000000 0.000000
0.982385 0.186869 0.000000 73.816975 -0.186869 0.982385 0.000000 -7.398750 0.000000 0.000000 1.000000 0.000000
0.982162 0.188038 0.000000 74.592995 -0.188038 0.982162 0.000000 -7.561080 0.000000 0.000000 1.000000 0.000000
0.981520 0.191359 0.000000 74.876338 -0.191359 0.981520 0.000000 -7.608126 0.000000 0.000000 1.000000 0.000000
0.980959 0.194217 0.000000 75.167155 -0.194217 0.980959 0.000000 -7.647534 0.000000 0.000000 1.000000 0.000000
0.980716 0.195437 0.000000 75.448500 -0.195437 0.980716 0.000000 -7.694966 0.000000 0.000000 1.000000 0.000000
0.981061 0.193699 0.000000 75.745453 -0.193699 0.981061 0.000000 -7.766218 0.000000 0.000000 1.000000 0.000000
0.980545 0.196296 0.000000 76.326901 -0.196296 0.980545 0.000000 -7.886846 0.000000 0.000000 1.000000 0.000000
0.980124 0.198385 0.000000 76.622541 -0.198385 0.980124 0.000000 -7.955595 0.000000 0.000000 1.000000 0.000000
0.980169 0.198162 0.000000 76.900914 -0.198162 0.980169 0.000000 -8.018282 0.000000 0.000000 1.000000 0.000000
0.979930 0.199342 0.000000 77.367891 -0.199342 0.979930 0.000000 -8.119516 0.000000 0.000000 1.000000 0.000000
0.979209 0.202854 0.000000 77.687026 -0.202854 0.979209 0.000000 -8.175524 0.000000 0.000000 1.000000 0.000000
0.977401 0.211395 0.000000 78.216376 -0.211395 0.977401 0.000000 -8.306968 0.000000 0.000000 1.000000 0.000000
0.977309 0.211820 0.000000 78.543083 -0.211820 0.977309 0.000000 -8.392755 0.000000 0.000000 1.000000 0.000000
0.977325 0.211747 0.000000 78.876097 -0.211747 0.977325 0.000000 -8.439235 0.000000 0.000000 1.000000 0.000000
0.975995 0.217793 0.000000 79.189194 -0.217793 0.975995 0.000000 -8.510030 0.000000 0.000000 1.000000 0.000000
0.976137 0.217155 0.000000 79.532250 -0.217155 0.976137 0.000000 -8.582388 0.000000 0.000000 1.000000 0.000000
0.975517 0.219925 0.000000 80.098497 -0.219925 0.975517 0.000000 -8.717175 0.000000 0.000000 1.000000 0.000000
0.976130 0.217187 0.000000 80.459899 -0.217187 0.976130 0.000000 -8.795193 0.000000 0.000000 1.000000 0.000000
0.975918 0.218138 0.000000 80.842329 -0.218138 0.975918 0.000000 -8.888073 0.000000 0.000000 1.000000 0.000000
0.975683 0.219188 0.000000 81.205935 -0.219188 0.975683 0.000000 -8.976150 0.000000 0.000000 1.000000 0.000000
0.975553 0.219766 0.000000 81.850706 -0.219766 0.975553 0.000000 -9.139154 0.000000 0.000000 1.000000 0.000000
0.975248 0.221114 0.000000 82.508641 -0.221114 0.975248 0.000000 -9.293570 0.000000 0.000000 1.000000 0.000000
0.975738 0.218943 0.000000 82.897360 -0.218943 0.975738 0.000000 -9.390323 0.000000 0.000000 1.000000 0.000000
0.975891 0.218257 0.000000 83.318899 -0.218257 0.975891 0.000000 -9.475908 0.000000 0.000000 1.000000 0.000000
0.975135 0.221614 0.000000 83.707852 -0.221614 0.975135 0.000000 -9.581644 0.000000 0.000000 1.000000 0.000000
0.974964 0.222361 0.000000 84.118133 -0.222361 0.974964 0.000000 -9.709307 0.000000 0.000000 1.000000 0.000000
0.974597 0.223965 0.000000 84.520571 -0.223965 0.974597 0.000000 -9.808653 0.000000 0.000000 1.000000 0.000000
0.974875 0.222752 0.000000 84.962117 -0.222752 0.974875 0.000000 -9.922923 0.000000 0.000000 1.000000 0.000000
0.976027 0.217650 0.000000 85.644976 -0.217650 0.976027 0.000000 -10.073181 0.000000 0.000000 1.000000 0.000000
0.975721 0.219019 0.000000 86.442864 -0.219019 0.975721 0.000000 -10.274732 0.000000 0.000000 1.000000 0.000000
0.975897 0.218234 0.000000 86.906141 -0.218234 0.975897 0.000000 -10.394308 0.000000 0.000000 1.000000 0.000000
0.975261 0.221055 0.000000 87.385342 -0.221055 0.975261 0.000000 -10.507016 0.000000 0.000000 1.000000 0.000000
0.974735 0.223365 0.000000 87.845112 -0.223365 0.974735 0.000000 -10.624222 0.000000 0.000000 1.000000 0.000000
0.973735 0.227686 0.000000 88.342271 -0.227686 0.973735 0.000000 -10.727086 0.000000 0.000000 1.000000 0.000000
0.974088 0.226171 0.000000 88.784367 -0.226171 0.974088 0.000000 -10.832187 0.000000 0.000000 1.000000 0.000000
0.972885 0.231291 0.000000 89.273581 -0.231291 0.972885 0.000000 -10.938765 0.000000 0.000000 1.000000 0.000000
0.972317 0.233666 0.000000 89.779482 -0.233666 0.972317 0.000000 -11.059741 0.000000 0.000000 1.000000 0.000000
0.971815 0.235746 0.000000 90.292185 -0.235746 0.971815 0.000000 -11.170320 0.000000 0.000000 1.000000 0.000000
0.971369 0.237577 0.000000 90.776148 -0.237577 0.971369 0.000000 -11.295296 0.000000 0.000000 1.000000 0.000000
0.971041 0.238912 0.000000 91.298124 -0.238912 0.971041 0.000000 -11.429992 0.000000 0.000000 1.000000 0.000000
0.969905 0.243483 0.000000 92.235006 -0.243483 0.969905 0.000000 -11.673459 0.000000 0.000000 1.000000 0.000000
0.969916 0.243442 0.000000 92.748122 -0.243442 0.969916 0.000000 -11.819207 0.000000 0.000000 1.000000 0.000000
0.969960 0.243264 0.000000 93.295155 -0.243264 0.969960 0.000000 -11.955479 0.000000 0.000000 1.000000 0.000000
0.968771 0.247955 0.000000 93.842687 -0.247955 0.968771 0.000000 -12.088730 0.000000 0.000000 1.000000 0.000000
0.967731 0.251984 0.000000 94.393872 -0.251984 0.967731 0.000000 -12.232430 0.000000 0.000000 1.000000 0.000000
0.968021 0.250871 0.000000 95.223553 -0.250871 0.968021 0.000000 -12.464940 0.000000 0.000000 1.000000 0.000000
0.967419 0.253182 0.000000 95.741928 -0.253182 0.967419 0.000000 -12.618949 0.000000 0.000000 1.000000 0.000000
0.964806 0.262962 0.000000 96.834498 -0.262962 0.964806 0.000000 -12.919398 0.000000 0.000000 1.000000 0.000000
0.963959 0.266050 0.000000 97.560040 -0.266050 0.963959 0.000000 -13.145353 0.000000 0.000000 1.000000 0.000000
0.963322 0.268348 0.000000 98.145011 -0.268348 0.963322 0.000000 -13.288324 0.000000 0.000000 1.000000 0.000000
0.962018 0.272985 0.000000 98.725130 -0.272985 0.962018 0.000000 -13.473748 0.000000 0.000000 1.000000 0.000000
0.960844 0.277091 0.000000 99.314813 -0.277091 0.960844 0.000000 -13.624955 0.000000 0.000000 1.000000 0.000000
0.960519 0.278213 0.000000 99.901965 -0.278213 0.960519 0.000000 -13.805918 0.000000 0.000000 1.000000 0.000000
0.960217 0.279254 0.000000 100.522647 -0.279254 0.960217 0.000000 -13.991317 0.000000 0.000000 1.000000 0.000000
0.959499 0.281713 0.000000 101.076839 -0.281713 0.959499 0.000000 -14.179223 0.000000 0.000000 1.000000 0.000000
0.958516 0.285040 0.000000 101.654674 -0.285040 0.958516 0.000000 -14.363387 0.000000 0.000000 1.000000 0.000000
0.958055 0.286584 0.000000 102.257843 -0.286584 0.958055 0.000000 -14.511734 0.000000 0.000000 1.000000 0.000000
0.958971 0.283505 0.000000 102.805613 -0.283505 0.958971 0.000000 -14.685272 0.000000 0.000000 1.000000 0.000000
0.959490 0.281743 0.000000 103.395808 -0.281743 0.959490 0.000000 -14.854287 0.000000 0.000000 1.000000 0.000000
0.959136 0.282944 0.000000 103.991163 -0.282944 0.959136 0.000000 -15.039795 0.000000 0.000000 1.000000 0.000000
0.958650 0.284587 0.000000 104.554479 -0.284587 0.958650 0.000000 -15.207415 0.000000 0.000000 1.000000 0.000000
0.958515 0.285042 0.000000 105.619195 -0.285042 0.958515 0.000000 -15.532383 0.000000 0.000000 1.000000 0.000000
0.958116 0.286380 0.000000 106.260221 -0.286380 0.958116 0.000000 -15.724246 0.000000 0.000000 1.000000 0.000000
0.957910 0.287068 0.000000 106.865338 -0.287068 0.957910 0.000000 -15.892390 0.000000 0.000000 1.000000 0.000000
0.957109 0.289730 0.000000 107.468748 -0.289730 0.957109 0.000000 -16.092565 0.000000 0.000000 1.000000 0.000000
0.956323 0.292312 0.000000 108.064805 -0.292312 0.956323 0.000000 -16.278401 0.000000 0.000000 1.000000 0.000000
0.956808 0.290721 0.000000 108.679571 -0.290721 0.956808 0.000000 -16.478182 0.000000 0.000000 1.000000 0.000000
0.956588 0.291442 0.000000 109.239567 -0.291442 0.956588 0.000000 -16.673549 0.000000 0.000000 1.000000 0.000000
0.956409 0.292030 0.000000 109.864921 -0.292030 0.956409 0.000000 -16.841083 0.000000 0.000000 1.000000 0.000000
0.956324 0.292310 0.000000 110.442417 -0.292310 0.956324 0.000000 -17.023886 0.000000 0.000000 1.000000 0.000000
0.955801 0.294015 0.000000 111.059654 -0.294015 0.955801 0.000000 -17.232935 0.000000 0.000000 1.000000 0.000000
0.955010 0.296574 0.000000 111.678076 -0.296574 0.955010 0.000000 -17.453194 0.000000 0.000000 1.000000 0.000000
0.954778 0.297321 0.000000 112.317510 -0.297321 0.954778 0.000000 -17.636815 0.000000 0.000000 1.000000 0.000000
0.954993 0.296629 0.000000 113.100439 -0.296629 0.954993 0.000000 -17.893970 0.000000 0.000000 1.000000 0.000000
0.954739 0.297445 0.000000 113.691384 -0.297445 0.954739 0.000000 -18.063378 0.000000 0.000000 1.000000 0.000000
0.952869 0.303383 0.000000 114.329051 -0.303383 0.952869 0.000000 -18.268540 0.000000 0.000000 1.000000 0.000000
0.953837 0.300324 0.000000 115.331225 -0.300324 0.953837 0.000000 -18.586661 0.000000 0.000000 1.000000 0.000000
0.953632 0.300975 0.000000 115.970986 -0.300975 0.953632 0.000000 -18.797621 0.000000 0.000000 1.000000 0.000000
0.953321 0.301959 0.000000 116.623751 -0.301959 0.953321 0.000000 -18.988175 0.000000 0.000000 1.000000 0.000000
0.952386 0.304894 0.000000 117.263217 -0.304894 0.952386 0.000000 -19.206102 0.000000 0.000000 1.000000 0.000000
0.952184 0.305525 0.000000 117.887101 -0.305525 0.952184 0.000000 -19.428139 0.000000 0.000000 1.000000 0.000000
0.952018 0.306041 0.000000 118.534482 -0.306041 0.952018 0.000000 -19.641726 0.000000 0.000000 1.000000 0.000000
0.952102 0.305780 0.000000 119.144418 -0.305780 0.952102 0.000000 -19.846405 0.000000 0.000000 1.000000 0.000000
0.951842 0.306589 0.000000 120.271881 -0.306589 0.951842 0.000000 -20.233060 0.000000 0.000000 1.000000 0.000000
0.952345 0.305024 0.000000 120.912432 -0.305024 0.952345 0.000000 -20.457068 0.000000 0.000000 1.000000 0.000000
0.952318 0.305109 0.000000 121.545709 -0.305109 0.952318 0.000000 -20.703067 0.000000 0.000000 1.000000 0.000000
0.952023 0.306027 0.000000 122.191228 -0.306027 0.952023 0.000000 -20.921787 0.000000 0.000000 1.000000 0.000000
0.951362 0.308076 0.000000 123.485414 -0.308076 0.951362 0.000000 -21.361311 0.000000 0.000000 1.000000 0.000000
0.951597 0.307347 0.000000 124.076448 -0.307347 0.951597 0.000000 -21.556973 0.000000 0.000000 1.000000 0.000000
0.950518 0.310668 0.000000 124.735328 -0.310668 0.950518 0.000000 -21.770712 0.000000 0.000000 1.000000 0.000000
0.951019 0.309134 0.000000 125.328552 -0.309134 0.951019 0.000000 -21.956576 0.000000 0.000000 1.000000 0.000000
0.950368 0.311129 0.000000 125.924990 -0.311129 0.950368 0.000000 -22.139559 0.000000 0.000000 1.000000 0.000000
0.944206 0.329356 0.000000 130.536563 -0.329356 0.944206 0.000000 -23.787934 0.000000 0.000000 1.000000 0.000000
0.945883 0.324509 0.000000 131.167268 -0.324509 0.945883 0.000000 -23.986778 0.000000 0.000000 1.000000 0.000000
0.945108 0.326759 0.000000 131.755378 -0.326759 0.945108 0.000000 -24.187136 0.000000 0.000000 1.000000 0.000000
0.946192 0.323605 0.000000 132.357848 -0.323605 0.946192 0.000000 -24.437078 0.000000 0.000000 1.000000 0.000000
0.945427 0.325834 0.000000 132.950640 -0.325834 0.945427 0.000000 -24.693534 0.000000 0.000000 1.000000 0.000000
0.946653 0.322253 0.000000 133.549582 -0.322253 0.946653 0.000000 -24.924667 0.000000 0.000000 1.000000 0.000000
0.945360 0.326027 0.000000 134.164198 -0.326027 0.945360 0.000000 -25.168821 0.000000 0.000000 1.000000 0.000000
0.945682 0.325092 0.000000 134.948338 -0.325092 0.945682 0.000000 -25.450955 0.000000 0.000000 1.000000 0.000000
0.945158 0.326614 0.000000 135.554269 -0.326614 0.945158 0.000000 -25.696959 0.000000 0.000000 1.000000 0.000000
0.943945 0.330103 0.000000 136.166949 -0.330103 0.943945 0.000000 -25.911253 0.000000 0.000000 1.000000 0.000000
0.943337 0.331837 0.000000 137.070277 -0.331837 0.943337 0.000000 -26.224350 0.000000 0.000000 1.000000 0.000000
0.943499 0.331375 0.000000 137.673745 -0.331375 0.943499 0.000000 -26.437497 0.000000 0.000000 1.000000 0.000000
0.943251 0.332080 0.000000 138.290275 -0.332080 0.943251 0.000000 -26.656185 0.000000 0.000000 1.000000 0.000000
0.943320 0.331885 0.000000 138.890317 -0.331885 0.943320 0.000000 -26.879290 0.000000 0.000000 1.000000 0.000000
0.943394 0.331674 0.000000 139.497016 -0.331674 0.943394 0.000000 -27.107166 0.000000 0.000000 1.000000 0.000000
0.942876 0.333144 0.000000 140.402475 -0.333144 0.942876 0.000000 -27.438120 0.000000 0.000000 1.000000 0.000000
0.942586 0.333963 0.000000 140.986414 -0.333963 0.942586 0.000000 -27.663222 0.000000 0.000000 1.000000 0.000000
0.942199 0.335052 0.000000 141.591545 -0.335052 0.942199 0.000000 -27.878715 0.000000 0.000000 1.000000 0.000000
0.941708 0.336432 0.000000 142.158823 -0.336432 0.941708 0.000000 -28.083147 0.000000 0.000000 1.000000 0.000000
0.940340 0.340235 0.000000 142.923730 -0.340235 0.940340 0.000000 -28.387133 0.000000 0.000000 1.000000 0.000000
0.940268 0.340436 0.000000 143.501866 -0.340436 0.940268 0.000000 -28.630616 0.000000 0.000000 1.000000 0.000000
0.940406 0.340055 0.000000 144.099628 -0.340055 0.940406 0.000000 -28.850485 0.000000 0.000000 1.000000 0.000000
0.940521 0.339737 0.000000 144.687752 -0.339737 0.940521 0.000000 -29.069984 0.000000 0.000000 1.000000 0.000000
0.941295 0.337584 0.000000 145.281016 -0.337584 0.941295 0.000000 -29.283254 0.000000 0.000000 1.000000 0.000000
0.940928 0.338607 0.000000 146.411957 -0.338607 0.940928 0.000000 -29.727166 0.000000 0.000000 1.000000 0.000000
0.941586 0.336772 0.000000 146.958879 -0.336772 0.941586 0.000000 -29.904065 0.000000 0.000000 1.000000 0.000000
0.940252 0.340481 0.000000 147.539541 -0.340481 0.940252 0.000000 -30.114142 0.000000 0.000000 1.000000 0.000000
0.940923 0.338622 0.000000 148.105782 -0.338622 0.940923 0.000000 -30.339454 0.000000 0.000000 1.000000 0.000000
0.940525 0.339726 0.000000 148.630557 -0.339726 0.940525 0.000000 -30.552667 0.000000 0.000000 1.000000 0.000000
0.940618 0.339468 0.000000 149.206034 -0.339468 0.940618 0.000000 -30.781588 0.000000 0.000000 1.000000 0.000000
0.942050 0.335472 0.000000 149.877771 -0.335472 0.942050 0.000000 -31.057266 0.000000 0.000000 1.000000 0.000000
0.941765 0.336272 0.000000 150.451740 -0.336272 0.941765 0.000000 -31.268296 0.000000 0.000000 1.000000 0.000000
0.941626 0.336660 0.000000 150.969816 -0.336660 0.941626 0.000000 -31.467854 0.000000 0.000000 1.000000 0.000000
0.941488 0.337047 0.000000 151.545090 -0.337047 0.941488 0.000000 -31.686321 0.000000 0.000000 1.000000 0.000000
0.940761 0.339070 0.000000 152.112470 -0.339070 0.940761 0.000000 -31.892073 0.000000 0.000000 1.000000 0.000000
0.940519 0.339742 0.000000 152.641469 -0.339742 0.940519 0.000000 -32.092000 0.000000 0.000000 1.000000 0.000000
0.940167 0.340713 0.000000 153.203959 -0.340713 0.940167 0.000000 -32.313922 0.000000 0.000000 1.000000 0.000000
0.941155 0.337976 0.000000 153.719545 -0.337976 0.941155 0.000000 -32.503495 0.000000 0.000000 1.000000 0.000000
0.940490 0.339822 0.000000 154.279044 -0.339822 0.940490 0.000000 -32.706252 0.000000 0.000000 1.000000 0.000000
0.939912 0.341417 0.000000 154.834141 -0.341417 0.939912 0.000000 -32.900010 0.000000 0.000000 1.000000 0.000000
0.938769 0.344548 0.000000 155.536644 -0.344548 0.938769 0.000000 -33.164290 0.000000 0.000000 1.000000 0.000000
0.937878 0.346966 0.000000 156.058044 -0.346966 0.937878 0.000000 -33.350101 0.000000 0.000000 1.000000 0.000000
0.937406 0.348238 0.000000 156.582843 -0.348238 0.937406 0.000000 -33.578854 0.000000 0.000000 1.000000 0.000000
0.936942 0.349484 0.000000 157.094348 -0.349484 0.936942 0.000000 -33.784491 0.000000 0.000000 1.000000 0.000000
0.936524 0.350603 0.000000 157.629299 -0.350603 0.936524 0.000000 -34.000323 0.000000 0.000000 1.000000 0.000000
0.937084 0.349103 0.000000 158.147373 -0.349103 0.937084 0.000000 -34.187994 0.000000 0.000000 1.000000 0.000000
0.936469 0.350749 0.000000 158.837129 -0.350749 0.936469 0.000000 -34.457307 0.000000 0.000000 1.000000 0.000000
0.936507 0.350648 0.000000 159.354139 -0.350648 0.936507 0.000000 -34.649246 0.000000 0.000000 1.000000 0.000000
0.934106 0.356996 0.000000 159.882534 -0.356996 0.934106 0.000000 -34.877580 0.000000 0.000000 1.000000 0.000000
0.934125 0.356946 0.000000 160.385349 -0.356946 0.934125 0.000000 -35.065006 0.000000 0.000000 1.000000 0.000000
0.935217 0.354074 0.000000 160.929649 -0.354074 0.935217 0.000000 -35.265819 0.000000 0.000000 1.000000 0.000000
0.934894 0.354928 0.000000 161.446782 -0.354928 0.934894 0.000000 -35.450547 0.000000 0.000000 1.000000 0.000000
0.934426 0.356157 0.000000 162.177505 -0.356157 0.934426 0.000000 -35.727515 0.000000 0.000000 1.000000 0.000000
0.933491 0.358600 0.000000 162.716623 -0.358600 0.933491 0.000000 -35.938403 0.000000 0.000000 1.000000 0.000000
0.934976 0.354711 0.000000 163.250954 -0.354711 0.934976 0.000000 -36.154935 0.000000 0.000000 1.000000 0.000000
0.935408 0.353570 0.000000 163.780375 -0.353570 0.935408 0.000000 -36.364063 0.000000 0.000000 1.000000 0.000000
0.935950 0.352133 0.000000 164.320276 -0.352133 0.935950 0.000000 -36.561604 0.000000 0.000000 1.000000 0.000000
0.934965 0.354739 0.000000 164.848962 -0.354739 0.934965 0.000000 -36.762229 0.000000 0.000000 1.000000 0.000000
0.935031 0.354567 0.000000 165.385449 -0.354567 0.935031 0.000000 -36.960933 0.000000 0.000000 1.000000 0.000000
0.936050 0.351866 0.000000 165.900118 -0.351866 0.936050 0.000000 -37.148587 0.000000 0.000000 1.000000 0.000000
0.937303 0.348517 0.000000 166.423960 -0.348517 0.937303 0.000000 -37.354806 0.000000 0.000000 1.000000 0.000000
0.937095 0.349075 0.000000 166.965897 -0.349075 0.937095 0.000000 -37.570122 0.000000 0.000000 1.000000 0.000000
0.937432 0.348169 0.000000 167.468961 -0.348169 0.937432 0.000000 -37.777185 0.000000 0.000000 1.000000 0.000000
0.937429 0.348177 0.000000 168.016677 -0.348177 0.937429 0.000000 -38.002935 0.000000 0.000000 1.000000 0.000000
0.938534 0.345186 0.000000 168.528173 -0.345186 0.938534 0.000000 -38.210845 0.000000 0.000000 1.000000 0.000000
0.938271 0.345902 0.000000 169.070249 -0.345902 0.938271 0.000000 -38.410984 0.000000 0.000000 1.000000 0.000000
0.939792 0.341748 0.000000 169.604354 -0.341748 0.939792 0.000000 -38.605956 0.000000 0.000000 1.000000 0.000000
0.941144 0.338007 0.000000 170.149874 -0.338007 0.941144 0.000000 -38.819268 0.000000 0.000000 1.000000 0.000000
0.942229 0.334970 0.000000 170.652977 -0.334970 0.942229 0.000000 -39.022283 0.000000 0.000000 1.000000 0.000000
0.943226 0.332153 0.000000 171.172706 -0.332153 0.943226 0.000000 -39.225925 0.000000 0.000000 1.000000 0.000000
0.944525 0.328441 0.000000 171.655373 -0.328441 0.944525 0.000000 -39.401333 0.000000 0.000000 1.000000 0.000000
0.946320 0.323232 0.000000 172.221786 -0.323232 0.946320 0.000000 -39.594458 0.000000 0.000000 1.000000 0.000000
0.947701 0.319160 0.000000 172.936665 -0.319160 0.947701 0.000000 -39.854795 0.000000 0.000000 1.000000 0.000000
0.947934 0.318467 0.000000 173.503585 -0.318467 0.947934 0.000000 -40.029519 0.000000 0.000000 1.000000 0.000000
0.948625 0.316403 0.000000 173.975830 -0.316403 0.948625 0.000000 -40.226379 0.000000 0.000000 1.000000 0.000000
0.948125 0.317897 0.000000 174.524773 -0.317897 0.948125 0.000000 -40.429730 0.000000 0.000000 1.000000 0.000000
0.948462 0.316891 0.000000 175.199480 -0.316891 0.948462 0.000000 -40.677810 0.000000 0.000000 1.000000 0.000000
0.949680 0.313221 0.000000 176.270591 -0.313221 0.949680 0.000000 -41.044577 0.000000 0.000000 1.000000 0.000000
0.950322 0.311267 0.000000 176.804915 -0.311267 0.950322 0.000000 -41.236356 0.000000 0.000000 1.000000 0.000000
0.950995 0.309206 0.000000 177.343800 -0.309206 0.950995 0.000000 -41.423398 0.000000 0.000000 1.000000 0.000000
0.950746 0.309970 0.000000 177.876614 -0.309970 0.950746 0.000000 -41.615606 0.000000 0.000000 1.000000 0.000000
0.951443 0.307824 0.000000 178.402816 -0.307824 0.951443 0.000000 -41.808362 0.000000 0.000000 1.000000 0.000000
0.951957 0.306233 0.000000 178.933804 -0.306233 0.951957 0.000000 -41.980976 0.000000 0.000000 1.000000 0.000000
0.951578 0.307407 0.000000 179.488001 -0.307407 0.951578 0.000000 -42.155677 0.000000 0.000000 1.000000 0.000000
0.951798 0.306725 0.000000 180.015734 -0.306725 0.951798 0.000000 -42.316338 0.000000 0.000000 1.000000 0.000000
0.951664 0.307140 0.000000 180.497519 -0.307140 0.951664 0.000000 -42.488668 0.000000 0.000000 1.000000 0.000000
0.951141 0.308756 0.000000 180.980508 -0.308756 0.951141 0.000000 -42.658944 0.000000 0.000000 1.000000 0.000000
0.951202 0.308568 0.000000 181.504635 -0.308568 0.951202 0.000000 -42.822927 0.000000 0.000000 1.000000 0.000000
0.951631 0.307243 0.000000 181.997667 -0.307243 0.951631 0.000000 -42.975124 0.000000 0.000000 1.000000 0.000000
0.952221 0.305408 0.000000 182.527172 -0.305408 0.952221 0.000000 -43.134748 0.000000 0.000000 1.000000 0.000000
0.952497 0.304548 0.000000 183.024201 -0.304548 0.952497 0.000000 -43.268822 0.000000 0.000000 1.000000 0.000000
0.952268 0.305263 0.000000 183.548498 -0.305263 0.952268 0.000000 -43.444093 0.000000 0.000000 1.000000 0.000000
0.952432 0.304752 0.000000 184.040469 -0.304752 0.952432 0.000000 -43.598443 0.000000 0.000000 1.000000 0.000000
0.953363 0.301826 0.000000 184.564585 -0.301826 0.953363 0.000000 -43.777548 0.000000 0.000000 1.000000 0.000000
0.953787 0.300485 0.000000 185.034451 -0.300485 0.953787 0.000000 -43.935487 0.000000 0.000000 1.000000 0.000000
0.953664 0.300874 0.000000 185.548704 -0.300874 0.953664 0.000000 -44.099923 0.000000 0.000000 1.000000 0.000000
0.953476 0.301468 0.000000 186.039350 -0.301468 0.953476 0.000000 -44.260768 0.000000 0.000000 1.000000 0.000000
0.953337 0.301907 0.000000 186.561185 -0.301907 0.953337 0.000000 -44.418759 0.000000 0.000000 1.000000 0.000000
0.953836 0.300329 0.000000 187.201475 -0.300329 0.953836 0.000000 -44.600383 0.000000 0.000000 1.000000 0.000000
0.955248 0.295807 0.000000 187.709839 -0.295807 0.955248 0.000000 -44.788054 0.000000 0.000000 1.000000 0.000000
0.956477 0.291808 0.000000 188.204865 -0.291808 0.956477 0.000000 -44.940393 0.000000 0.000000 1.000000 0.000000
0.956603 0.291395 0.000000 188.697963 -0.291395 0.956603 0.000000 -45.083166 0.000000 0.000000 1.000000 0.000000
0.958737 0.284294 0.000000 189.405678 -0.284294 0.958737 0.000000 -45.297482 0.000000 0.000000 1.000000 0.000000
0.959496 0.281723 0.000000 189.906837 -0.281723 0.959496 0.000000 -45.460489 0.000000 0.000000 1.000000 0.000000
0.960346 0.278812 0.000000 190.406957 -0.278812 0.960346 0.000000 -45.611024 0.000000 0.000000 1.000000 0.000000
0.960579 0.278006 0.000000 190.891578 -0.278006 0.960579 0.000000 -45.765263 0.000000 0.000000 1.000000 0.000000
0.962626 0.270835 0.000000 191.411020 -0.270835 0.962626 0.000000 -45.907456 0.000000 0.000000 1.000000 0.000000
0.965833 0.259167 0.000000 192.394048 -0.259167 0.965833 0.000000 -46.181700 0.000000 0.000000 1.000000 0.000000
0.966742 0.255754 0.000000 192.874717 -0.255754 0.966742 0.000000 -46.299525 0.000000 0.000000 1.000000 0.000000
0.968839 0.247692 0.000000 193.350937 -0.247692 0.968839 0.000000 -46.438700 0.000000 0.000000 1.000000 0.000000
0.970879 0.239570 0.000000 193.795232 -0.239570 0.970879 0.000000 -46.551522 0.000000 0.000000 1.000000 0.000000
0.972530 0.232778 0.000000 194.291514 -0.232778 0.972530 0.000000 -46.663241 0.000000 0.000000 1.000000 0.000000
0.974541 0.224210 0.000000 194.751931 -0.224210 0.974541 0.000000 -46.781114 0.000000 0.000000 1.000000 0.000000
0.978714 0.205231 0.000000 195.684913 -0.205231 0.978714 0.000000 -47.001255 0.000000 0.000000 1.000000 0.000000
0.980419 0.196924 0.000000 196.172086 -0.196924 0.980419 0.000000 -47.102128 0.000000 0.000000 1.000000 0.000000
0.982481 0.186364 0.000000 196.612508 -0.186364 0.982481 0.000000 -47.184870 0.000000 0.000000 1.000000 0.000000
0.984574 0.174968 0.000000 197.284489 -0.174968 0.984574 0.000000 -47.309055 0.000000 0.000000 1.000000 0.000000
0.986367 0.164563 0.000000 197.754828 -0.164563 0.986367 0.000000 -47.397733 0.000000 0.000000 1.000000 0.000000
0.988008 0.154400 0.000000 198.219656 -0.154400 0.988008 0.000000 -47.490776 0.000000 0.000000 1.000000 0.000000
0.989438 0.144956 0.000000 198.669815 -0.144956 0.989438 0.000000 -47.568799 0.000000 0.000000 1.000000 0.000000
