0.999998 0.001794 0.000000 0.581689 -0.001794 0.999998 0.000000 -0.001524 0.000000 0.000000 1.000000 0.000000
0.999994 0.003328 0.000000 1.133964 -0.003328 0.999994 0.000000 -0.014085 0.000000 0.000000 1.000000 0.000000
0.999993 0.003854 0.000000 1.713249 -0.003854 0.999993 0.000000 -0.012961 0.000000 0.000000 1.000000 0.000000
0.999995 0.003284 0.000000 2.297476 -0.003284 0.999995 0.000000 -0.032735 0.000000 0.000000 1.000000 0.000000
0.999975 0.007092 0.000000 2.837564 -0.007092 0.999975 0.000000 -0.055391 0.000000 0.000000 1.000000 0.000000
0.999909 0.013508 0.000000 3.424314 -0.013508 0.999909 0.000000 -0.040082 0.000000 0.000000 1.000000 0.000000
0.999855 0.017050 0.000000 4.578512 -0.017050 0.999855 0.000000 -0.061921 0.000000 0.000000 1.000000 0.000000
0.999832 0.018330 0.000000 5.172306 -0.018330 0.999832 0.000000 -0.052163 0.000000 0.000000 1.000000 0.000000
0.999812 0.019386 0.000000 5.973560 -0.019386 0.999812 0.000000 -0.072707 0.000000 0.000000 1.000000 0.000000
0.999808 0.019584 0.000000 6.553562 -0.019584 0.999808 0.000000 -0.078668 0.000000 0.000000 1.000000 0.000000
0.999795 0.020234 0.000000 7.142164 -0.020234 0.999795 0.000000 -0.115017 0.000000 0.000000 1.000000 0.000000
0.999780 0.020987 0.000000 7.727322 -0.020987 0.999780 0.000000 -0.129998 0.000000 0.000000 1.000000 0.000000
0.999760 0.021893 0.000000 8.271824 -0.021893 0.999760 0.000000 -0.144702 0.000000 0.000000 1.000000 0.000000
0.999745 0.022572 0.000000 8.864876 -0.022572 0.999745 0.000000 -0.158049 0.000000 0.000000 1.000000 0.000000
0.999710 0.024074 0.000000 9.410452 -0.024074 0.999710 0.000000 -0.170603 0.000000 0.000000 1.000000 0.000000
0.999707 0.024202 0.000000 9.986545 -0.024202 0.999707 0.000000 -0.180589 0.000000 0.000000 1.000000 0.000000
0.999662 0.025987 0.000000 10.542010 -0.025987 0.999662 0.000000 -0.176510 0.000000 0.000000 1.000000 0.000000
0.999666 0.025838 0.000000 11.110630 -0.025838 0.999666 0.000000 -0.190273 0.000000 0.000000 1.000000 0.000000
0.999624 0.027427 0.000000 11.693790 -0.027427 0.999624 0.000000 -0.215425 0.000000 0.000000 1.000000 0.000000
0.999572 0.029265 0.000000 12.450939 -0.029265 0.999572 0.000000 -0.239204 0.000000 0.000000 1.000000 0.000000
0.999537 0.030427 0.000000 13.074836 -0.030427 0.999537 0.000000 -0.250177 0.000000 0.000000 1.000000 0.000000
0.999524 0.030835 0.000000 13.620866 -0.030835 0.999524 0.000000 -0.271128 0.000000 0.000000 1.000000 0.000000
0.999473 0.032474 0.000000 14.235306 -0.032474 0.999473 0.000000 -0.261745 0.000000 0.000000 1.000000 0.000000
0.999425 0.033910 0.000000 14.814611 -0.033910 0.999425 0.000000 -0.262534 0.000000 0.000000 1.000000 0.000000
0.999402 0.034567 0.000000 15.387855 -0.034567 0.999402 0.000000 -0.287475 0.000000 0.000000 1.000000 0.000000
0.999284 0.037826 0.000000 15.965446 -0.037826 0.999284 0.000000 -0.298385 0.000000 0.000000 1.000000 0.000000
0.999253 0.038656 0.000000 16.543055 -0.038656 0.999253 0.000000 -0.316988 0.000000 0.000000 1.000000 0.000000
0.999161 0.040949 0.000000 17.114157 -0.040949 0.999161 0.000000 -0.336374 0.000000 0.000000 1.000000 0.000000
0.999134 0.041601 0.000000 17.695428 -0.041601 0.999134 0.000000 -0.372310 0.000000 0.000000 1.000000 0.000000
0.999038 0.043842 0.000000 18.266555 -0.043842 0.999038 0.000000 -0.395862 0.000000 0.000000 1.000000 0.000000
0.998933 0.046193 0.000000 18.837055 -0.046193 0.998933 0.000000 -0.430440 0.000000 0.000000 1.000000 0.000000
0.998928 0.046288 0.000000 19.385326 -0.046288 0.998928 0.000000 -0.468638 0.000000 0.000000 1.000000 0.000000
0.998730 0.050376 0.000000 19.952026 -0.050376 0.998730 0.000000 -0.511182 0.000000 0.000000 1.000000 0.000000
0.998645 0.052038 0.000000 21.044247 -0.052038 0.998645 0.000000 -0.561551 0.000000 0.000000 1.000000 0.000000
0.998680 0.051355 0.000000 21.974001 -0.051355 0.998680 0.000000 -0.620573 0.000000 0.000000 1.000000 0.000000
0.998769 0.049594 0.000000 22.533403 -0.049594 0.998769 0.000000 -0.657768 0.000000 0.000000 1.000000 0.000000
0.998682 0.051317 0.000000 23.104453 -0.051317 0.998682 0.000000 -0.696345 0.000000 0.000000 1.000000 0.000000
0.998541 0.053991 0.000000 23.671599 -0.053991 0.998541 0.000000 -0.755121 0.000000 0.000000 1.000000 0.000000
0.998725 0.050482 0.000000 24.227206 -0.050482 0.998725 0.000000 -0.793922 0.000000 0.000000 1.000000 0.000000
0.998778 0.049432 0.000000 24.822980 -0.049432 0.998778 0.000000 -0.825067 0.000000 0.000000 1.000000 0.000000
0.998253 0.059088 0.000000 25.378135 -0.059088 0.998253 0.000000 -0.866521 0.000000 0.000000 1.000000 0.000000
0.997351 0.072746 0.000000 26.490640 -0.072746 0.997351 0.000000 -0.948467 0.000000 0.000000 1.000000 0.000000
0.997484 0.070897 0.000000 27.046657 -0.070897 0.997484 0.000000 -1.007053 0.000000 0.000000 1.000000 0.000000
0.997381 0.072330 0.000000 27.606393 -0.072330 0.997381 0.000000 -1.044136 0.000000 0.000000 1.000000 0.000000
0.997448 0.071391 0.000000 28.129164 -0.071391 0.997448 0.000000 -1.106440 0.000000 0.000000 1.000000 0.000000
0.997579 0.069543 0.000000 28.686196 -0.069543 0.997579 0.000000 -1.156235 0.000000 0.000000 1.000000 0.000000
0.997110 0.075972 0.000000 29.589802 -0.075972 0.997110 0.000000 -1.225084 0.000000 0.000000 1.000000 0.000000
0.997104 0.076046 0.000000 30.184153 -0.076046 0.997104 0.000000 -1.280154 0.000000 0.000000 1.000000 0.000000
0.997006 0.077325 0.000000 30.740201 -0.077325 0.997006 0.000000 -1.303374 0.000000 0.000000 1.000000 0.000000
0.997054 0.076697 0.000000 31.296770 -0.076697 0.997054 0.000000 -1.346912 0.000000 0.000000 1.000000 0.000000
0.996929 0.078308 0.000000 31.854701 -0.078308 0.996929 0.000000 -1.405370 0.000000 0.000000 1.000000 0.000000
0.996908 0.078577 0.000000 32.408328 -0.078577 0.996908 0.000000 -1.466653 0.000000 0.000000 1.000000 0.000000
0.996677 0.081454 0.000000 32.971152 -0.081454 0.996677 0.000000 -1.508382 0.000000 0.000000 1.000000 0.000000
0.996853 0.079270 0.000000 33.549855 -0.079270 0.996853 0.000000 -1.557032 0.000000 0.000000 1.000000 0.000000
0.996652 0.081758 0.000000 34.111776 -0.081758 0.996652 0.000000 -1.600436 0.000000 0.000000 1.000000 0.000000
0.996523 0.083313 0.000000 34.635914 -0.083313 0.996523 0.000000 -1.657354 0.000000 0.000000 1.000000 0.000000
0.996283 0.086136 0.000000 35.571214 -0.086136 0.996283 0.000000 -1.746800 0.000000 0.000000 1.000000 0.000000
0.995868 0.090809 0.000000 36.121711 -0.090809 0.995868 0.000000 -1.791381 0.000000 0.000000 1.000000 0.000000
0.995706 0.092576 0.000000 36.678849 -0.092576 0.995706 0.000000 -1.836354 0.000000 0.000000 1.000000 0.000000
0.995600 0.093701 0.000000 37.233065 -0.093701 0.995600 0.000000 -1.895935 0.000000 0.000000 1.000000 0.000000
0.995388 0.095934 0.000000 37.781019 -0.095934 0.995388 0.000000 -1.931003 0.000000 0.000000 1.000000 0.000000
0.995321 0.096620 0.000000 38.338711 -0.096620 0.995321 0.000000 -1.999682 0.000000 0.000000 1.000000 0.000000
0.995158 0.098286 0.000000 38.934219 -0.098286 0.995158 0.000000 -2.074036 0.000000 0.000000 1.000000 0.000000
0.995146 0.098408 0.000000 39.460167 -0.098408 0.995146 0.000000 -2.136616 0.000000 0.000000 1.000000 0.000000
0.995150 0.098374 0.000000 40.001773 -0.098374 0.995150 0.000000 -2.204814 0.000000 0.000000 1.000000 0.000000
0.995230 0.097555 0.000000 40.556112 -0.097555 0.995230 0.000000 -2.270876 0.000000 0.000000 1.000000 0.000000
0.994847 0.101383 0.000000 41.107819 -0.101383 0.994847 0.000000 -2.340386 0.000000 0.000000 1.000000 0.000000
0.994690 0.102916 0.000000 41.629043 -0.102916 0.994690 0.000000 -2.400972 0.000000 0.000000 1.000000 0.000000
0.994543 0.104332 0.000000 42.183409 -0.104332 0.994543 0.000000 -2.459575 0.000000 0.000000 1.000000 0.000000
0.994657 0.103239 0.000000 42.707203 -0.103239 0.994657 0.000000 -2.518968 0.000000 0.000000 1.000000 0.000000
0.994772 0.102123 0.000000 43.666140 -0.102123 0.994772 0.000000 -2.622724 0.000000 0.000000 1.000000 0.000000
0.994679 0.103018 0.000000 44.217430 -0.103018 0.994679 0.000000 -2.678305 0.000000 0.000000 1.000000 0.000000
0.994339 0.106253 0.000000 44.776649 -0.106253 0.994339 0.000000 -2.742880 0.000000 0.000000 1.000000 0.000000
0.994597 0.103810 0.000000 45.858451 -0.103810 0.994597 0.000000 -2.881170 0.000000 0.000000 1.000000 0.000000
0.993904 0.110250 0.000000 46.445284 -0.110250 0.993904 0.000000 -2.961781 0.000000 0.000000 1.000000 0.000000
0.993841 0.110819 0.000000 46.937142 -0.110819 0.993841 0.000000 -3.016965 0.000000 0.000000 1.000000 0.000000
0.993863 0.110618 0.000000 47.962394 -0.110618 0.993863 0.000000 -3.144069 0.000000 0.000000 1.000000 0.000000
0.993752 0.111614 0.000000 48.485360 -0.111614 0.993752 0.000000 -3.195984 0.000000 0.000000 1.000000 0.000000
0.993846 0.110771 0.000000 48.998641 -0.110771 0.993846 0.000000 -3.243337 0.000000 0.000000 1.000000 0.000000
0.993790 0.111272 0.000000 49.483268 -0.111272 0.993790 0.000000 -3.298572 0.000000 0.000000 1.000000 0.000000
0.993492 0.113906 0.000000 50.378179 -0.113906 0.993492 0.000000 -3.399898 0.000000 0.000000 1.000000 0.000000
0.993597 0.112982 0.000000 50.878541 -0.112982 0.993597 0.000000 -3.483027 0.000000 0.000000 1.000000 0.000000
0.993077 0.117461 0.000000 51.380820 -0.117461 0.993077 0.000000 -3.556450 0.000000 0.000000 1.000000 0.000000
0.992427 0.122838 0.000000 51.872907 -0.122838 0.992427 0.000000 -3.624145 0.000000 0.000000 1.000000 0.000000
0.992366 0.123324 0.000000 52.351884 -0.123324 0.992366 0.000000 -3.675749 0.000000 0.000000 1.000000 0.000000
0.992240 0.124334 0.000000 52.824882 -0.124334 0.992240 0.000000 -3.730151 0.000000 0.000000 1.000000 0.000000
0.991911 0.126934 0.000000 53.297922 -0.126934 0.991911 0.000000 -3.784577 0.000000 0.000000 1.000000 0.000000
0.991388 0.130959 0.000000 54.002723 -0.130959 0.991388 0.000000 -3.881681 0.000000 0.000000 1.000000 0.000000
0.991409 0.130801 0.000000 54.418453 -0.130801 0.991409 0.000000 -3.961175 0.000000 0.000000 1.000000 0.000000
0.991521 0.129943 0.000000 54.879043 -0.129943 0.991521 0.000000 -4.020232 0.000000 0.000000 1.000000 0.000000
0.991596 0.129374 0.000000 55.317810 -0.129374 0.991596 0.000000 -4.092326 0.000000 0.000000 1.000000 0.000000
0.991427 0.130659 0.000000 55.731682 -0.130659 0.991427 0.000000 -4.144171 0.000000 0.000000 1.000000 0.000000
0.991717 0.128441 0.000000 56.149464 -0.128441 0.991717 0.000000 -4.205417 0.000000 0.000000 1.000000 0.000000
0.991972 0.126454 0.000000 56.879650 -0.126454 0.991972 0.000000 -4.315158 0.000000 0.000000 1.000000 0.000000
0.991661 0.128874 0.000000 57.250788 -0.128874 0.991661 0.000000 -4.385571 0.000000 0.000000 1.000000 0.000000
0.991451 0.130482 0.000000 57.688175 -0.130482 0.991451 0.000000 -4.440473 0.000000 0.000000 1.000000 0.000000
0.991307 0.131570 0.000000 58.083603 -0.131570 0.991307 0.000000 -4.504598 0.000000 0.000000 1.000000 0.000000
0.991171 0.132589 0.000000 58.477143 -0.132589 0.991171 0.000000 -4.555627 0.000000 0.000000 1.000000 0.000000
0.991055 0.133457 0.000000 58.862959 -0.133457 0.991055 0.000000 -4.601318 0.000000 0.000000 1.000000 0.000000
0.990864 0.134862 0.000000 59.248928 -0.134862 0.990864 0.000000 -4.665558 0.000000 0.000000 1.000000 0.000000
0.991067 0.133364 0.000000 59.613711 -0.133364 0.991067 0.000000 -4.723090 0.000000 0.000000 1.000000 0.000000
0.990853 0.134944 0.000000 59.969150 -0.134944 0.990853 0.000000 -4.770619 0.000000 0.000000 1.000000 0.000000
0.990574 0.136978 0.000000 60.336224 -0.136978 0.990574 0.000000 -4.829505 0.000000 0.000000 1.000000 0.000000
0.989827 0.142275 0.000000 61.015813 -0.142275 0.989827 0.000000 -4.945592 0.000000 0.000000 1.000000 0.000000
0.989954 0.141392 0.000000 61.355463 -0.141392 0.989954 0.000000 -4.997808 0.000000 0.000000 1.000000 0.000000
0.989964 0.141321 0.000000 61.661698 -0.141321 0.989964 0.000000 -5.058093 0.000000 0.000000 1.000000 0.000000
0.989985 0.141173 0.000000 61.985734 -0.141173 0.989985 0.000000 -5.119139 0.000000 0.000000 1.000000 0.000000
0.989741 0.142871 0.000000 62.307129 -0.142871 0.989741 0.000000 -5.174458 0.000000 0.000000 1.000000 0.000000
0.989457 0.144829 0.000000 62.601532 -0.144829 0.989457 0.000000 -5.217633 0.000000 0.000000 1.000000 0.000000
0.988404 0.151845 0.000000 62.924330 -0.151845 0.988404 0.000000 -5.255469 0.000000 0.000000 1.000000 0.000000
0.988173 0.153341 0.000000 63.245100 -0.153341 0.988173 0.000000 -5.309450 0.000000 0.000000 1.000000 0.000000
0.988496 0.151246 0.000000 63.758224 -0.151246 0.988496 0.000000 -5.396345 0.000000 0.000000 1.000000 0.000000
0.988558 0.150841 0.000000 64.061320 -0.150841 0.988558 0.000000 -5.453365 0.000000 0.000000 1.000000 0.000000
0.988297 0.152544 0.000000 64.360368 -0.152544 0.988297 0.000000 -5.514657 0.000000 0.000000 1.000000 0.000000
0.987891 0.155149 0.000000 64.666366 -0.155149 0.987891 0.000000 -5.564551 0.000000 0.000000 1.000000 0.000000
0.987798 0.155740 0.000000 64.954210 -0.155740 0.987798 0.000000 -5.611365 0.000000 0.000000 1.000000 0.000000
0.987459 0.157876 0.000000 65.218934 -0.157876 0.987459 0.000000 -5.654764 0.000000 0.000000 1.000000 0.000000
0.987456 0.157896 0.000000 65.516900 -0.157896 0.987456 0.000000 -5.711256 0.000000 0.000000 1.000000 0.000000
0.987156 0.159756 0.000000 65.792851 -0.159756 0.987156 0.000000 -5.754564 0.000000 0.000000 1.000000 0.000000
0.987030 0.160535 0.000000 66.068233 -0.160535 0.987030 0.000000 -5.802309 0.000000 0.000000 1.000000 0.000000
0.986475 0.163914 0.000000 66.529452 -0.163914 0.986475 0.000000 -5.885273 0.000000 0.000000 1.000000 0.000000
0.986457 0.164019 0.000000 66.770547 -0.164019 0.986457 0.000000 -5.940912 0.000000 0.000000 1.000000 0.000000
0.986180 0.165677 0.000000 67.051995 -0.165677 0.986180 0.000000 -5.999643 0.000000 0.000000 1.000000 0.000000
0.986148 0.165866 0.000000 67.312604 -0.165866 0.986148 0.000000 -6.049416 0.000000 0.000000 1.000000 0.000000
0.986022 0.166616 0.000000 67.572806 -0.166616 0.986022 0.000000 -6.093545 0.000000 0.000000 1.000000 0.000000
0.985898 0.167349 0.000000 67.831677 -0.167349 0.985898 0.000000 -6.152010 0.000000 0.000000 1.000000 0.000000
0.985684 0.168601 0.000000 68.086922 -0.168601 0.985684 0.000000 -6.190165 0.000000 0.000000 1.000000 0.000000
0.985696 0.168535 0.000000 68.349111 -0.168535 0.985696 0.000000 -6.236651 0.000000 0.000000 1.000000 0.000000
0.985140 0.171751 0.000000 68.592142 -0.171751 0.985140 0.000000 -6.293014 0.000000 0.000000 1.000000 0.000000
0.984993 0.172596 0.000000 68.855551 -0.172596 0.984993 0.000000 -6.339484 0.000000 0.000000 1.000000 0.000000
0.984790 0.173747 0.000000 69.104573 -0.173747 0.984790 0.000000 -6.388236 0.000000 0.000000 1.000000 0.000000
0.984742 0.174021 0.000000 69.358758 -0.174021 0.984742 0.000000 -6.443073 0.000000 0.000000 1.000000 0.000000
0.984283 0.176597 0.000000 69.790722 -0.176597 0.984283 0.000000 -6.532586 0.000000 0.000000 1.000000 0.000000
0.984115 0.177530 0.000000 70.066078 -0.177530 0.984115 0.000000 -6.584837 0.000000 0.000000 1.000000 0.000000
0.984086 0.177695 0.000000 70.334958 -0.177695 0.984086 0.000000 -6.638576 0.000000 0.000000 1.000000 0.000000
0.983841 0.179047 0.000000 70.598037 -0.179047 0.983841 0.000000 -6.681025 0.000000 0.000000 1.000000 0.000000
0.983736 0.179619 0.000000 70.873442 -0.179619 0.983736 0.000000 -6.741354 0.000000 0.000000 1.000000 0.000000
0.983531 0.180737 0.000000 71.159696 -0.180737 0.983531 0.000000 -6.799782 0.000000 0.000000 1.000000 0.000000
0.983398 0.181463 0.000000 71.409182 -0.181463 0.983398 0.000000 -6.855553 0.000000 0.000000 1.000000 0.000000
0.983410 0.181398 0.000000 71.698779 -0.181398 0.983410 0.000000 -6.914676 0.000000 0.000000 1.000000 0.000000
0.982871 0.184296 0.000000 71.973460 -0.184296 0.982871 0.000000 -6.966353 0.000000 0.000000 1.000000 0.000000
0.982688 0.185267 0.000000 72.229105 -0.185267 0.982688 0.000000 -7.030366 0.000000 0.000000 1.000000 0.000000
0.982613 0.185663 0.000000 72.509422 -0.185663 0.982613 0.000000 -7.079590 0.000000 0.000000 1.000000 0.000000
0.982051 0.188615 0.000000 72.771170 -0.188615 0.982051 0.000000 -7.139355 0.000000 0.000000 1.000000 0.000000
0.981855 0.189634 0.000000 73.548847 -0.189634 0.981855 0.000000 -7.301369 0.000000 0.000000 1.000000 0.000000
0.981202 0.192984 0.000000 73.833542 -0.192984 0.981202 0.000000 -7.350219 0.000000 0.000000 1.000000 0.000000
0.980705 0.195495 0.000000 74.116421 -0.195495 0.980705 0.000000 -7.404133 0.000000 0.000000 1.000000 0.000000
0.980456 0.196738 0.000000 74.404907 -0.196738 0.980456 0.000000 -7.462274 0.000000 0.000000 1.000000 0.000000
0.980828 0.194874 0.000000 74.699138 -0.194874 0.980828 0.000000 -7.518742 0.000000 0.000000 1.000000 0.000000
0.980373 0.197153 0.000000 75.269010 -0.197153 0.980373 0.000000 -7.643740 0.000000 0.000000 1.000000 0.000000
0.979952 0.199234 0.000000 75.565610 -0.199234 0.979952 0.000000 -7.708946 0.000000 0.000000 1.000000 0.000000
0.979913 0.199425 0.000000 75.850051 -0.199425 0.979913 0.000000 -7.769519 0.000000 0.000000 1.000000 0.000000
0.979614 0.200889 0.000000 76.313097 -0.200889 0.979614 0.000000 -7.866548 0.000000 0.000000 1.000000 0.000000
0.978874 0.204463 0.000000 76.631358 -0.204463 0.978874 0.000000 -7.932985 0.000000 0.000000 1.000000 0.000000
0.976996 0.213258 0.000000 77.162653 -0.213258 0.976996 0.000000 -8.051676 0.000000 0.000000 1.000000 0.000000
0.976841 0.213968 0.000000 77.488319 -0.213968 0.976841 0.000000 -8.122497 0.000000 0.000000 1.000000 0.000000
0.976806 0.214125 0.000000 77.828237 -0.214125 0.976806 0.000000 -8.186810 0.000000 0.000000 1.000000 0.000000
0.975612 0.219501 0.000000 78.152273 -0.219501 0.975612 0.000000 -8.243514 0.000000 0.000000 1.000000 0.000000
0.975726 0.218996 0.000000 78.503804 -0.218996 0.975726 0.000000 -8.320969 0.000000 0.000000 1.000000 0.000000
0.975061 0.221935 0.000000 79.065939 -0.221935 0.975061 0.000000 -8.455147 0.000000 0.000000 1.000000 0.000000
0.975760 0.218842 0.000000 79.414480 -0.218842 0.975760 0.000000 -8.520712 0.000000 0.000000 1.000000 0.000000
0.975630 0.219420 0.000000 79.793611 -0.219420 0.975630 0.000000 -8.612215 0.000000 0.000000 1.000000 0.000000
0.975349 0.220670 0.000000 80.154497 -0.220670 0.975349 0.000000 -8.693913 0.000000 0.000000 1.000000 0.000000
0.975233 0.221181 0.000000 80.801764 -0.221181 0.975233 0.000000 -8.840219 0.000000 0.000000 1.000000 0.000000
0.975072 0.221889 0.000000 81.457127 -0.221889 0.975072 0.000000 -8.994723 0.000000 0.000000 1.000000 0.000000
0.975559 0.219739 0.000000 81.843958 -0.219739 0.975559 0.000000 -9.119127 0.000000 0.000000 1.000000 0.000000
0.975751 0.218885 0.000000 82.262997 -0.218885 0.975751 0.000000 -9.218179 0.000000 0.000000 1.000000 0.000000
0.975094 0.221794 0.000000 82.657863 -0.221794 0.975094 0.000000 -9.301418 0.000000 0.000000 1.000000 0.000000
0.974813 0.223024 0.000000 83.087035 -0.223024 0.974813 0.000000 -9.415438 0.000000 0.000000 1.000000 0.000000
0.974389 0.224870 0.000000 83.487170 -0.224870 0.974389 0.000000 -9.508384 0.000000 0.000000 1.000000 0.000000
0.974692 0.223550 0.000000 83.935817 -0.223550 0.974692 0.000000 -9.619863 0.000000 0.000000 1.000000 0.000000
0.975958 0.217957 0.000000 84.605784 -0.217957 0.975958 0.000000 -9.766233 0.000000 0.000000 1.000000 0.000000
0.975785 0.218730 0.000000 85.397377 -0.218730 0.975785 0.000000 -9.954939 0.000000 0.000000 1.000000 0.000000
0.975965 0.217929 0.000000 85.860154 -0.217929 0.975965 0.000000 -10.069431 0.000000 0.000000 1.000000 0.000000
0.975254 0.221085 0.000000 86.333242 -0.221085 0.975254 0.000000 -10.189808 0.000000 0.000000 1.000000 0.000000
0.974564 0.224108 0.000000 86.790079 -0.224108 0.974564 0.000000 -10.311075 0.000000 0.000000 1.000000 0.000000
0.973355 0.229302 0.000000 87.290103 -0.229302 0.973355 0.000000 -10.418304 0.000000 0.000000 1.000000 0.000000
0.973649 0.228053 0.000000 87.728584 -0.228053 0.973649 0.000000 -10.517941 0.000000 0.000000 1.000000 0.000000
0.972422 0.233227 0.000000 88.226290 -0.233227 0.972422 0.000000 -10.628557 0.000000 0.000000 1.000000 0.000000
0.971944 0.235213 0.000000 88.734895 -0.235213 0.971944 0.000000 -10.744806 0.000000 0.000000 1.000000 0.000000
0.971445 0.237264 0.000000 89.247041 -0.237264 0.971445 0.000000 -10.855520 0.000000 0.000000 1.000000 0.000000
0.971073 0.238784 0.000000 89.726249 -0.238784 0.971073 0.000000 -10.981346 0.000000 0.000000 1.000000 0.000000
0.970776 0.239988 0.000000 90.246766 -0.239988 0.970776 0.000000 -11.107110 0.000000 0.000000 1.000000 0.000000
0.969578 0.244782 0.000000 91.187896 -0.244782 0.969578 0.000000 -11.356781 0.000000 0.000000 1.000000 0.000000
0.969693 0.244326 0.000000 91.721116 -0.244326 0.969693 0.000000 -11.501851 0.000000 0.000000 1.000000 0.000000
0.969712 0.244249 0.000000 92.265287 -0.244249 0.969712 0.000000 -11.629580 0.000000 0.000000 1.000000 0.000000
0.968492 0.249043 0.000000 92.806365 -0.249043 0.968492 0.000000 -11.758938 0.000000 0.000000 1.000000 0.000000
0.967389 0.253295 0.000000 93.355315 -0.253295 0.967389 0.000000 -11.907252 0.000000 0.000000 1.000000 0.000000
0.967548 0.252687 0.000000 94.185278 -0.252687 0.967548 0.000000 -12.146595 0.000000 0.000000 1.000000 0.000000
0.967090 0.254433 0.000000 94.704359 -0.254433 0.967090 0.000000 -12.289576 0.000000 0.000000 1.000000 0.000000
0.964417 0.264388 0.000000 95.787620 -0.264388 0.964417 0.000000 -12.605176 0.000000 0.000000 1.000000 0.000000
0.963417 0.268008 0.000000 96.513262 -0.268008 0.963417 0.000000 -12.816911 0.000000 0.000000 1.000000 0.000000
0.962554 0.271091 0.000000 97.101542 -0.271091 0.962554 0.000000 -12.974455 0.000000 0.000000 1.000000 0.000000
0.961402 0.275147 0.000000 97.683300 -0.275147 0.961402 0.000000 -13.157058 0.000000 0.000000 1.000000 0.000000
0.960174 0.279402 0.000000 98.273672 -0.279402 0.960174 0.000000 -13.322503 0.000000 0.000000 1.000000 0.000000
0.959820 0.280617 0.000000 98.861243 -0.280617 0.959820 0.000000 -13.492615 0.000000 0.000000 1.000000 0.000000
0.959619 0.281302 0.000000 99.474470 -0.281302 0.959619 0.000000 -13.674153 0.000000 0.000000 1.000000 0.000000
0.959062 0.283196 0.000000 100.035550 -0.283196 0.959062 0.000000 -13.849817 0.000000 0.000000 1.000000 0.000000
0.958151 0.286263 0.000000 100.617064 -0.286263 0.958151 0.000000 -14.021696 0.000000 0.000000 1.000000 0.000000
0.957601 0.288098 0.000000 101.213152 -0.288098 0.957601 0.000000 -14.202740 0.000000 0.000000 1.000000 0.000000
0.958647 0.284598 0.000000 101.765239 -0.284598 0.958647 0.000000 -14.373515 0.000000 0.000000 1.000000 0.000000
0.959371 0.282146 0.000000 102.362055 -0.282146 0.959371 0.000000 -14.545861 0.000000 0.000000 1.000000 0.000000
0.959252 0.282551 0.000000 102.961454 -0.282551 0.959252 0.000000 -14.721024 0.000000 0.000000 1.000000 0.000000
0.958749 0.284254 0.000000 103.522359 -0.284254 0.958749 0.000000 -14.893949 0.000000 0.000000 1.000000 0.000000
0.958460 0.285226 0.000000 104.590467 -0.285226 0.958460 0.000000 -15.213705 0.000000 0.000000 1.000000 0.000000
0.958011 0.286730 0.000000 105.235752 -0.286730 0.958011 0.000000 -15.412887 0.000000 0.000000 1.000000 0.000000
0.957814 0.287390 0.000000 105.836526 -0.287390 0.957814 0.000000 -15.618635 0.000000 0.000000 1.000000 0.000000
0.957044 0.289944 0.000000 106.449654 -0.289944 0.957044 0.000000 -15.798446 0.000000 0.000000 1.000000 0.000000
0.956053 0.293195 0.000000 107.042135 -0.293195 0.956053 0.000000 -15.979703 0.000000 0.000000 1.000000 0.000000
0.956654 0.291226 0.000000 107.651110 -0.291226 0.956654 0.000000 -16.178981 0.000000 0.000000 1.000000 0.000000
0.956528 0.291641 0.000000 108.219952 -0.291641 0.956528 0.000000 -16.360125 0.000000 0.000000 1.000000 0.000000
0.956487 0.291776 0.000000 108.838223 -0.291776 0.956487 0.000000 -16.546049 0.000000 0.000000 1.000000 0.000000
0.956273 0.292477 0.000000 109.414125 -0.292477 0.956273 0.000000 -16.728914 0.000000 0.000000 1.000000 0.000000
0.955710 0.294310 0.000000 110.038756 -0.294310 0.955710 0.000000 -16.937015 0.000000 0.000000 1.000000 0.000000
0.954816 0.297198 0.000000 110.649131 -0.297198 0.954816 0.000000 -17.149649 0.000000 0.000000 1.000000 0.000000
0.954506 0.298193 0.000000 111.284512 -0.298193 0.954506 0.000000 -17.334820 0.000000 0.000000 1.000000 0.000000
0.954839 0.297124 0.000000 112.069813 -0.297124 0.954839 0.000000 -17.597919 0.000000 0.000000 1.000000 0.000000
0.954808 0.297224 0.000000 112.666823 -0.297224 0.954808 0.000000 -17.773257 0.000000 0.000000 1.000000 0.000000
0.952990 0.303002 0.000000 113.304546 -0.303002 0.952990 0.000000 -17.977343 0.000000 0.000000 1.000000 0.000000
0.954099 0.299490 0.000000 114.307691 -0.299490 0.954099 0.000000 -18.291141 0.000000 0.000000 1.000000 0.000000
0.953901 0.300121 0.000000 114.945209 -0.300121 0.953901 0.000000 -18.500694 0.000000 0.000000 1.000000 0.000000
0.953686 0.300803 0.000000 115.584933 -0.300803 0.953686 0.000000 -18.710407 0.000000 0.000000 1.000000 0.000000
0.952746 0.303768 0.000000 116.229976 -0.303768 0.952746 0.000000 -18.929808 0.000000 0.000000 1.000000 0.000000
0.952375 0.304929 0.000000 116.860823 -0.304929 0.952375 0.000000 -19.148243 0.000000 0.000000 1.000000 0.000000
0.952226 0.305395 0.000000 117.514319 -0.305395 0.952226 0.000000 -19.363432 0.000000 0.000000 1.000000 0.000000
0.952568 0.304326 0.000000 118.112935 -0.304326 0.952568 0.000000 -19.560407 0.000000 0.000000 1.000000 0.000000
0.952475 0.304616 0.000000 119.244772 -0.304616 0.952475 0.000000 -19.944877 0.000000 0.000000 1.000000 0.000000
0.953172 0.302427 0.000000 119.894911 -0.302427 0.953172 0.000000 -20.159307 0.000000 0.000000 1.000000 0.000000
0.953382 0.301765 0.000000 120.538235 -0.301765 0.953382 0.000000 -20.387909 0.000000 0.000000 1.000000 0.000000
0.953198 0.302347 0.000000 121.177915 -0.302347 0.953198 0.000000 -20.614196 0.000000 0.000000 1.000000 0.000000
0.952508 0.304512 0.000000 122.478116 -0.304512 0.952508 0.000000 -21.046906 0.000000 0.000000 1.000000 0.000000
0.952563 0.304343 0.000000 123.072678 -0.304343 0.952563 0.000000 -21.242580 0.000000 0.000000 1.000000 0.000000
0.951592 0.307364 0.000000 123.715400 -0.307364 0.951592 0.000000 -21.461216 0.000000 0.000000 1.000000 0.000000
0.952128 0.305701 0.000000 124.301209 -0.305701 0.952128 0.000000 -21.673087 0.000000 0.000000 1.000000 0.000000
0.951368 0.308057 0.000000 124.900738 -0.308057 0.951368 0.000000 -21.865168 0.000000 0.000000 1.000000 0.000000
0.945201 0.326490 0.000000 129.514063 -0.326490 0.945201 0.000000 -23.496261 0.000000 0.000000 1.000000 0.000000
0.946812 0.321787 0.000000 130.137892 -0.321787 0.946812 0.000000 -23.701257 0.000000 0.000000 1.000000 0.000000
0.945996 0.324179 0.000000 130.730014 -0.324179 0.945996 0.000000 -23.916528 0.000000 0.000000 1.000000 0.000000
0.947575 0.319535 0.000000 131.349663 -0.319535 0.947575 0.000000 -24.130480 0.000000 0.000000 1.000000 0.000000
0.947138 0.320825 0.000000 131.947216 -0.320825 0.947138 0.000000 -24.344133 0.000000 0.000000 1.000000 0.000000
0.948317 0.317325 0.000000 132.554194 -0.317325 0.948317 0.000000 -24.554032 0.000000 0.000000 1.000000 0.000000
0.947159 0.320765 0.000000 133.176679 -0.320765 0.947159 0.000000 -24.800315 0.000000 0.000000 1.000000 0.000000
0.947475 0.319830 0.000000 133.969212 -0.319830 0.947475 0.000000 -25.090070 0.000000 0.000000 1.000000 0.000000
0.946884 0.321577 0.000000 134.583755 -0.321577 0.946884 0.000000 -25.315067 0.000000 0.000000 1.000000 0.000000
0.945571 0.325415 0.000000 135.202792 -0.325415 0.945571 0.000000 -25.512805 0.000000 0.000000 1.000000 0.000000
0.944853 0.327495 0.000000 136.094596 -0.327495 0.944853 0.000000 -25.824991 0.000000 0.000000 1.000000 0.000000
0.945060 0.326897 0.000000 136.700151 -0.326897 0.945060 0.000000 -26.042505 0.000000 0.000000 1.000000 0.000000
0.945008 0.327047 0.000000 137.316698 -0.327047 0.945008 0.000000 -26.265022 0.000000 0.000000 1.000000 0.000000
0.945141 0.326664 0.000000 137.922166 -0.326664 0.945141 0.000000 -26.496053 0.000000 0.000000 1.000000 0.000000
0.945199 0.326496 0.000000 138.523425 -0.326496 0.945199 0.000000 -26.719747 0.000000 0.000000 1.000000 0.000000
0.944660 0.328052 0.000000 139.421428 -0.328052 0.944660 0.000000 -27.043230 0.000000 0.000000 1.000000 0.000000
0.944297 0.329095 0.000000 140.015381 -0.329095 0.944297 0.000000 -27.259679 0.000000 0.000000 1.000000 0.000000
0.943751 0.330658 0.000000 140.618444 -0.330658 0.943751 0.000000 -27.479912 0.000000 0.000000 1.000000 0.000000
0.943110 0.332480 0.000000 141.179744 -0.332480 0.943110 0.000000 -27.691635 0.000000 0.000000 1.000000 0.000000
0.941765 0.336272 0.000000 141.952473 -0.336272 0.941765 0.000000 -27.976356 0.000000 0.000000 1.000000 0.000000
0.941705 0.336439 0.000000 142.536295 -0.336439 0.941705 0.000000 -28.212733 0.000000 0.000000 1.000000 0.000000
0.941871 0.335974 0.000000 143.122947 -0.335974 0.941871 0.000000 -28.439715 0.000000 0.000000 1.000000 0.000000
0.942181 0.335104 0.000000 143.714407 -0.335104 0.942181 0.000000 -28.662073 0.000000 0.000000 1.000000 0.000000
0.943112 0.332474 0.000000 144.307443 -0.332474 0.943112 0.000000 -28.882790 0.000000 0.000000 1.000000 0.000000
0.942894 0.333094 0.000000 145.451065 -0.333094 0.942894 0.000000 -29.302437 0.000000 0.000000 1.000000 0.000000
0.943600 0.331088 0.000000 145.993555 -0.331088 0.943600 0.000000 -29.491513 0.000000 0.000000 1.000000 0.000000
0.942164 0.335152 0.000000 146.571310 -0.335152 0.942164 0.000000 -29.676319 0.000000 0.000000 1.000000 0.000000
0.942680 0.333697 0.000000 147.135490 -0.333697 0.942680 0.000000 -29.899874 0.000000 0.000000 1.000000 0.000000
0.942120 0.335275 0.000000 147.672722 -0.335275 0.942120 0.000000 -30.102206 0.000000 0.000000 1.000000 0.000000
0.942365 0.334588 0.000000 148.244242 -0.334588 0.942365 0.000000 -30.319694 0.000000 0.000000 1.000000 0.000000
0.944016 0.329899 0.000000 148.929219 -0.329899 0.944016 0.000000 -30.587647 0.000000 0.000000 1.000000 0.000000
0.943953 0.330081 0.000000 149.493005 -0.330081 0.943953 0.000000 -30.799504 0.000000 0.000000 1.000000 0.000000
0.943946 0.330099 0.000000 150.015833 -0.330099 0.943946 0.000000 -30.994771 0.000000 0.000000 1.000000 0.000000
0.943721 0.330742 0.000000 150.587455 -0.330742 0.943721 0.000000 -31.210497 0.000000 0.000000 1.000000 0.000000
0.942844 0.333235 0.000000 151.151777 -0.333235 0.942844 0.000000 -31.415964 0.000000 0.000000 1.000000 0.000000
0.942436 0.334386 0.000000 151.683948 -0.334386 0.942436 0.000000 -31.600177 0.000000 0.000000 1.000000 0.000000
0.942166 0.335147 0.000000 152.239852 -0.335147 0.942166 0.000000 -31.810111 0.000000 0.000000 1.000000 0.000000
0.943282 0.331993 0.000000 152.754604 -0.331993 0.943282 0.000000 -31.998412 0.000000 0.000000 1.000000 0.000000
0.942585 0.333966 0.000000 153.315627 -0.333966 0.942585 0.000000 -32.199288 0.000000 0.000000 1.000000 0.000000
0.941882 0.335945 0.000000 153.863297 -0.335945 0.941882 0.000000 -32.408417 0.000000 0.000000 1.000000 0.000000
0.940659 0.339354 0.000000 154.567111 -0.339354 0.940659 0.000000 -32.668941 0.000000 0.000000 1.000000 0.000000
0.939722 0.341941 0.000000 155.096605 -0.341941 0.939722 0.000000 -32.840857 0.000000 0.000000 1.000000 0.000000
0.939203 0.343363 0.000000 155.633499 -0.343363 0.939203 0.000000 -33.053321 0.000000 0.000000 1.000000 0.000000
0.938687 0.344769 0.000000 156.142083 -0.344769 0.938687 0.000000 -33.258674 0.000000 0.000000 1.000000 0.000000
0.938469 0.345363 0.000000 156.685591 -0.345363 0.938469 0.000000 -33.463827 0.000000 0.000000 1.000000 0.000000
0.939192 0.343393 0.000000 157.194899 -0.343393 0.939192 0.000000 -33.656334 0.000000 0.000000 1.000000 0.000000
0.938719 0.344685 0.000000 157.892297 -0.344685 0.938719 0.000000 -33.927939 0.000000 0.000000 1.000000 0.000000
0.938675 0.344804 0.000000 158.408614 -0.344804 0.938675 0.000000 -34.121547 0.000000 0.000000 1.000000 0.000000
0.936139 0.351631 0.000000 158.941584 -0.351631 0.936139 0.000000 -34.328948 0.000000 0.000000 1.000000 0.000000
0.936086 0.351771 0.000000 159.444065 -0.351771 0.936086 0.000000 -34.513643 0.000000 0.000000 1.000000 0.000000
0.937291 0.348548 0.000000 159.985073 -0.348548 0.937291 0.000000 -34.713353 0.000000 0.000000 1.000000 0.000000
0.937126 0.348993 0.000000 160.495552 -0.348993 0.937126 0.000000 -34.901333 0.000000 0.000000 1.000000 0.000000
0.936747 0.350007 0.000000 161.219817 -0.350007 0.936747 0.000000 -35.174111 0.000000 0.000000 1.000000 0.000000
0.935730 0.352718 0.000000 161.760754 -0.352718 0.935730 0.000000 -35.373439 0.000000 0.000000 1.000000 0.000000
0.937092 0.349084 0.000000 162.299776 -0.349084 0.937092 0.000000 -35.574913 0.000000 0.000000 1.000000 0.000000
0.937888 0.346938 0.000000 162.831423 -0.346938 0.937888 0.000000 -35.778052 0.000000 0.000000 1.000000 0.000000
0.938601 0.345006 0.000000 163.362844 -0.345006 0.938601 0.000000 -35.968474 0.000000 0.000000 1.000000 0.000000
0.937475 0.348054 0.000000 163.889294 -0.348054 0.937475 0.000000 -36.174424 0.000000 0.000000 1.000000 0.000000
0.937509 0.347962 0.000000 164.429318 -0.347962 0.937509 0.000000 -36.375326 0.000000 0.000000 1.000000 0.000000
0.938559 0.345119 0.000000 164.947514 -0.345119 0.938559 0.000000 -36.557615 0.000000 0.000000 1.000000 0.000000
0.939954 0.341302 0.000000 165.479598 -0.341302 0.939954 0.000000 -36.747367 0.000000 0.000000 1.000000 0.000000
0.940075 0.340967 0.000000 166.020095 -0.340967 0.940075 0.000000 -36.961048 0.000000 0.000000 1.000000 0.000000
0.940365 0.340166 0.000000 166.525624 -0.340166 0.940365 0.000000 -37.153174 0.000000 0.000000 1.000000 0.000000
0.940613 0.339480 0.000000 167.072362 -0.339480 0.940613 0.000000 -37.348386 0.000000 0.000000 1.000000 0.000000
0.941615 0.336691 0.000000 167.580601 -0.336691 0.941615 0.000000 -37.535683 0.000000 0.000000 1.000000 0.000000
0.941520 0.336957 0.000000 168.116016 -0.336957 0.941520 0.000000 -37.744863 0.000000 0.000000 1.000000 0.000000
0.943068 0.332599 0.000000 168.649982 -0.332599 0.943068 0.000000 -37.950316 0.000000 0.000000 1.000000 0.000000
0.944574 0.328298 0.000000 169.205508 -0.328298 0.944574 0.000000 -38.158997 0.000000 0.000000 1.000000 0.000000
0.945777 0.324817 0.000000 169.707033 -0.324817 0.945777 0.000000 -38.337841 0.000000 0.000000 1.000000 0.000000
0.946908 0.321504 0.000000 170.231806 -0.321504 0.946908 0.000000 -38.531435 0.000000 0.000000 1.000000 0.000000
0.948146 0.317834 0.000000 170.730454 -0.317834 0.948146 0.000000 -38.710281 0.000000 0.000000 1.000000 0.000000
0.950044 0.312117 0.000000 171.275327 -0.312117 0.950044 0.000000 -38.902488 0.000000 0.000000 1.000000 0.000000
0.951497 0.307657 0.000000 171.984797 -0.307657 0.951497 0.000000 -39.143913 0.000000 0.000000 1.000000 0.000000
0.951891 0.306438 0.000000 172.538105 -0.306438 0.951891 0.000000 -39.308528 0.000000 0.000000 1.000000 0.000000
0.952613 0.304184 0.000000 173.029813 -0.304184 0.952613 0.000000 -39.488656 0.000000 0.000000 1.000000 0.000000
0.952163 0.305590 0.000000 173.581671 -0.305590 0.952163 0.000000 -39.695035 0.000000 0.000000 1.000000 0.000000
0.952506 0.304518 0.000000 174.263226 -0.304518 0.952506 0.000000 -39.925571 0.000000 0.000000 1.000000 0.000000
0.953718 0.300702 0.000000 175.333795 -0.300702 0.953718 0.000000 -40.281685 0.000000 0.000000 1.000000 0.000000
0.954252 0.299002 0.000000 175.865812 -0.299002 0.954252 0.000000 -40.461518 0.000000 0.000000 1.000000 0.000000
0.955085 0.296333 0.000000 176.401739 -0.296333 0.955085 0.000000 -40.631459 0.000000 0.000000 1.000000 0.000000
0.954713 0.297527 0.000000 176.922126 -0.297527 0.954713 0.000000 -40.814789 0.000000 0.000000 1.000000 0.000000
0.955333 0.295532 0.000000 177.462297 -0.295532 0.955333 0.000000 -40.974900 0.000000 0.000000 1.000000 0.000000
0.955890 0.293724 0.000000 178.002458 -0.293724 0.955890 0.000000 -41.135857 0.000000 0.000000 1.000000 0.000000
0.955388 0.295353 0.000000 178.552695 -0.295353 0.955388 0.000000 -41.310663 0.000000 0.000000 1.000000 0.000000
0.955490 0.295024 0.000000 179.084037 -0.295024 0.955490 0.000000 -41.478560 0.000000 0.000000 1.000000 0.000000
0.955243 0.295823 0.000000 179.576904 -0.295823 0.955243 0.000000 -41.630916 0.000000 0.000000 1.000000 0.000000
0.954739 0.297444 0.000000 180.059315 -0.297444 0.954739 0.000000 -41.788691 0.000000 0.000000 1.000000 0.000000
0.954769 0.297349 0.000000 180.582400 -0.297349 0.954769 0.000000 -41.965137 0.000000 0.000000 1.000000 0.000000
0.955145 0.296137 0.000000 181.078364 -0.296137 0.955145 0.000000 -42.113909 0.000000 0.000000 1.000000 0.000000
0.955706 0.294322 0.000000 181.607593 -0.294322 0.955706 0.000000 -42.274134 0.000000 0.000000 1.000000 0.000000
0.956049 0.293206 0.000000 182.113852 -0.293206 0.956049 0.000000 -42.417364 0.000000 0.000000 1.000000 0.000000
0.955734 0.294231 0.000000 182.646501 -0.294231 0.955734 0.000000 -42.571071 0.000000 0.000000 1.000000 0.000000
0.955834 0.293907 0.000000 183.134057 -0.293907 0.955834 0.000000 -42.716899 0.000000 0.000000 1.000000 0.000000
0.956781 0.290809 0.000000 183.655354 -0.290809 0.956781 0.000000 -42.885367 0.000000 0.000000 1.000000 0.000000
0.957228 0.289335 0.000000 184.131933 -0.289335 0.957228 0.000000 -43.049679 0.000000 0.000000 1.000000 0.000000
0.957293 0.289119 0.000000 184.654125 -0.289119 0.957293 0.000000 -43.208768 0.000000 0.000000 1.000000 0.000000
0.957043 0.289944 0.000000 185.136450 -0.289944 0.957043 0.000000 -43.352037 0.000000 0.000000 1.000000 0.000000
0.956621 0.291334 0.000000 185.657285 -0.291334 0.956621 0.000000 -43.494080 0.000000 0.000000 1.000000 0.000000
0.956973 0.290176 0.000000 186.302124 -0.290176 0.956973 0.000000 -43.691900 0.000000 0.000000 1.000000 0.000000
0.958308 0.285738 0.000000 186.811815 -0.285738 0.958308 0.000000 -43.857096 0.000000 0.000000 1.000000 0.000000
0.959569 0.281472 0.000000 187.314886 -0.281472 0.959569 0.000000 -44.006273 0.000000 0.000000 1.000000 0.000000
0.959866 0.280459 0.000000 187.798397 -0.280459 0.959866 0.000000 -44.149888 0.000000 0.000000 1.000000 0.000000
0.961890 0.273437 0.000000 188.501129 -0.273437 0.961890 0.000000 -44.355559 0.000000 0.000000 1.000000 0.000000
0.962599 0.270930 0.000000 189.010167 -0.270930 0.962599 0.000000 -44.496318 0.000000 0.000000 1.000000 0.000000
0.963346 0.268263 0.000000 189.519180 -0.268263 0.963346 0.000000 -44.641138 0.000000 0.000000 1.000000 0.000000
0.963455 0.267872 0.000000 190.018288 -0.267872 0.963455 0.000000 -44.808123 0.000000 0.000000 1.000000 0.000000
0.965340 0.260996 0.000000 190.535096 -0.260996 0.965340 0.000000 -44.951106 0.000000 0.000000 1.000000 0.000000
0.968421 0.249321 0.000000 191.530893 -0.249321 0.968421 0.000000 -45.230070 0.000000 0.000000 1.000000 0.000000
0.969412 0.245439 0.000000 192.015388 -0.245439 0.969412 0.000000 -45.333984 0.000000 0.000000 1.000000 0.000000
0.971440 0.237284 0.000000 192.495300 -0.237284 0.971440 0.000000 -45.469034 0.000000 0.000000 1.000000 0.000000
0.973418 0.229038 0.000000 192.941893 -0.229038 0.973418 0.000000 -45.586686 0.000000 0.000000 1.000000 0.000000
0.975054 0.221970 0.000000 193.429872 -0.221970 0.975054 0.000000 -45.688889 0.000000 0.000000 1.000000 0.000000
0.977048 0.213018 0.000000 193.892850 -0.213018 0.977048 0.000000 -45.793287 0.000000 0.000000 1.000000 0.000000
0.981030 0.193857 0.000000 194.832385 -0.193857 0.981030 0.000000 -45.989674 0.000000 0.000000 1.000000 0.000000
0.982663 0.185401 0.000000 195.310595 -0.185401 0.982663 0.000000 -46.093357 0.000000 0.000000 1.000000 0.000000
0.984663 0.174468 0.000000 195.762138 -0.174468 0.984663 0.000000 -46.180427 0.000000 0.000000 1.000000 0.000000
0.986586 0.163240 0.000000 196.446870 -0.163240 0.986586 0.000000 -46.300830 0.000000 0.000000 1.000000 0.000000
0.988348 0.152214 0.000000 196.921988 -0.152214 0.988348 0.000000 -46.395445 0.000000 0.000000 1.000000 0.000000
0.989864 0.142019 0.000000 197.391583 -0.142019 0.989864 0.000000 -46.462276 0.000000 0.000000 1.000000 0.000000
0.991248 0.132015 0.000000 197.829572 -0.132015 0.991248 0.000000 -46.525171 0.000000 0.000000 1.000000 0.000000
0.992360 0.123377 0.000000 198.294216 -0.123377 0.992360 0.000000 -46.590028 0.000000 0.000000 1.000000 0.000000
0.994125 0.108240 0.000000 198.762666 -0.108240 0.994125 0.000000 -46.663088 0.000000 0.000000 1.000000 0.000000
