0.999995 0.003168 0.000000 0.600531 -0.003168 0.999995 0.000000 0.000590 0.000000 0.000000 1.000000 0.000000
0.999979 0.006484 0.000000 1.184287 -0.006484 0.999979 0.000000 0.002411 0.000000 0.000000 1.000000 0.000000
0.999915 0.013013 0.000000 2.352950 -0.013013 0.999915 0.000000 -0.028478 0.000000 0.000000 1.000000 0.000000
0.999904 0.013840 0.000000 2.899301 -0.013840 0.999904 0.000000 -0.026839 0.000000 0.000000 1.000000 0.000000
0.999811 0.019465 0.000000 4.056512 -0.019465 0.999811 0.000000 -0.104438 0.000000 0.000000 1.000000 0.000000
0.999775 0.021196 0.000000 4.639788 -0.021196 0.999775 0.000000 -0.117639 0.000000 0.000000 1.000000 0.000000
0.999707 0.024221 0.000000 5.192461 -0.024221 0.999707 0.000000 -0.115975 0.000000 0.000000 1.000000 0.000000
0.999644 0.026696 0.000000 5.783036 -0.026696 0.999644 0.000000 -0.186730 0.000000 0.000000 1.000000 0.000000
0.999599 0.028308 0.000000 6.603552 -0.028308 0.999599 0.000000 -0.203683 0.000000 0.000000 1.000000 0.000000
0.999469 0.032569 0.000000 7.191688 -0.032569 0.999469 0.000000 -0.226090 0.000000 0.000000 1.000000 0.000000
0.999411 0.034326 0.000000 7.750924 -0.034326 0.999411 0.000000 -0.187088 0.000000 0.000000 1.000000 0.000000
0.999317 0.036959 0.000000 8.334427 -0.036959 0.999317 0.000000 -0.184414 0.000000 0.000000 1.000000 0.000000
0.999099 0.042439 0.000000 8.865170 -0.042439 0.999099 0.000000 -0.154172 0.000000 0.000000 1.000000 0.000000
0.998849 0.047961 0.000000 9.436223 -0.047961 0.998849 0.000000 -0.169691 0.000000 0.000000 1.000000 0.000000
0.998554 0.053766 0.000000 9.987332 -0.053766 0.998554 0.000000 -0.203015 0.000000 0.000000 1.000000 0.000000
0.998081 0.061928 0.000000 10.701292 -0.061928 0.998081 0.000000 -0.265069 0.000000 0.000000 1.000000 0.000000
0.997730 0.067337 0.000000 11.279101 -0.067337 0.997730 0.000000 -0.313434 0.000000 0.000000 1.000000 0.000000
0.997441 0.071498 0.000000 11.851756 -0.071498 0.997441 0.000000 -0.336139 0.000000 0.000000 1.000000 0.000000
0.997025 0.077077 0.000000 12.411449 -0.077077 0.997025 0.000000 -0.363511 0.000000 0.000000 1.000000 0.000000
0.995900 0.090466 0.000000 13.551465 -0.090466 0.995900 0.000000 -0.449485 0.000000 0.000000 1.000000 0.000000
0.995506 0.094701 0.000000 14.091986 -0.094701 0.995506 0.000000 -0.488189 0.000000 0.000000 1.000000 0.000000
0.994757 0.102266 0.000000 14.662403 -0.102266 0.994757 0.000000 -0.528886 0.000000 0.000000 1.000000 0.000000
0.993867 0.110586 0.000000 15.192576 -0.110586 0.993867 0.000000 -0.597165 0.000000 0.000000 1.000000 0.000000
0.993038 0.117798 0.000000 15.765090 -0.117798 0.993038 0.000000 -0.659375 0.000000 0.000000 1.000000 0.000000
0.992269 0.124103 0.000000 16.295168 -0.124103 0.992269 0.000000 -0.723957 0.000000 0.000000 1.000000 0.000000
0.991686 0.128680 0.000000 16.864715 -0.128680 0.991686 0.000000 -0.793286 0.000000 0.000000 1.000000 0.000000
0.990904 0.134573 0.000000 17.392633 -0.134573 0.990904 0.000000 -0.878196 0.000000 0.000000 1.000000 0.000000
0.989587 0.143933 0.000000 18.151735 -0.143933 0.989587 0.000000 -0.967224 0.000000 0.000000 1.000000 0.000000
0.988014 0.154366 0.000000 18.720663 -0.154366 0.988014 0.000000 -1.092054 0.000000 0.000000 1.000000 0.000000
0.987036 0.160498 0.000000 19.274483 -0.160498 0.987036 0.000000 -1.190274 0.000000 0.000000 1.000000 0.000000
0.986214 0.165476 0.000000 19.814433 -0.165476 0.986214 0.000000 -1.296630 0.000000 0.000000 1.000000 0.000000
0.985259 0.171069 0.000000 20.374936 -0.171069 0.985259 0.000000 -1.382400 0.000000 0.000000 1.000000 0.000000
0.984003 0.178149 0.000000 20.897310 -0.178149 0.984003 0.000000 -1.462178 0.000000 0.000000 1.000000 0.000000
0.982688 0.185269 0.000000 21.421460 -0.185269 0.982688 0.000000 -1.562342 0.000000 0.000000 1.000000 0.000000
0.981475 0.191589 0.000000 21.982241 -0.191589 0.981475 0.000000 -1.668277 0.000000 0.000000 1.000000 0.000000
0.979692 0.200509 0.000000 22.505622 -0.200509 0.979692 0.000000 -1.783395 0.000000 0.000000 1.000000 0.000000
0.977713 0.209947 0.000000 23.056135 -0.209947 0.977713 0.000000 -1.911848 0.000000 0.000000 1.000000 0.000000
0.976075 0.217434 0.000000 23.795394 -0.217434 0.976075 0.000000 -2.074601 0.000000 0.000000 1.000000 0.000000
0.974927 0.222525 0.000000 24.333612 -0.222525 0.974927 0.000000 -2.226963 0.000000 0.000000 1.000000 0.000000
0.972884 0.231292 0.000000 24.929497 -0.231292 0.972884 0.000000 -2.339473 0.000000 0.000000 1.000000 0.000000
0.971049 0.238879 0.000000 25.469085 -0.238879 0.971049 0.000000 -2.462531 0.000000 0.000000 1.000000 0.000000
0.969410 0.245447 0.000000 26.010507 -0.245447 0.969410 0.000000 -2.603792 0.000000 0.000000 1.000000 0.000000
0.967870 0.251450 0.000000 26.512305 -0.251450 0.967870 0.000000 -2.735310 0.000000 0.000000 1.000000 0.000000
0.966127 0.258067 0.000000 27.052127 -0.258067 0.966127 0.000000 -2.849182 0.000000 0.000000 1.000000 0.000000
0.966082 0.258236 0.000000 27.541093 -0.258236 0.966082 0.000000 -2.975208 0.000000 0.000000 1.000000 0.000000
0.964179 0.265253 0.000000 28.078451 -0.265253 0.964179 0.000000 -3.122174 0.000000 0.000000 1.000000 0.000000
0.960773 0.277335 0.000000 29.098706 -0.277335 0.960773 0.000000 -3.408674 0.000000 0.000000 1.000000 0.000000
0.959417 0.281992 0.000000 29.586726 -0.281992 0.959417 0.000000 -3.526710 0.000000 0.000000 1.000000 0.000000
0.957448 0.288605 0.000000 30.109507 -0.288605 0.957448 0.000000 -3.698792 0.000000 0.000000 1.000000 0.000000
0.955412 0.295276 0.000000 30.774972 -0.295276 0.955412 0.000000 -3.910246 0.000000 0.000000 1.000000 0.000000
0.953859 0.300254 0.000000 31.260436 -0.300254 0.953859 0.000000 -4.043437 0.000000 0.000000 1.000000 0.000000
0.952222 0.305408 0.000000 31.741043 -0.305408 0.952222 0.000000 -4.198044 0.000000 0.000000 1.000000 0.000000
0.949901 0.312552 0.000000 32.253571 -0.312552 0.949901 0.000000 -4.337635 0.000000 0.000000 1.000000 0.000000
0.949112 0.314939 0.000000 32.719496 -0.314939 0.949112 0.000000 -4.492302 0.000000 0.000000 1.000000 0.000000
0.946206 0.323566 0.000000 33.383316 -0.323566 0.946206 0.000000 -4.710942 0.000000 0.000000 1.000000 0.000000
0.944458 0.328633 0.000000 33.888209 -0.328633 0.944458 0.000000 -4.910792 0.000000 0.000000 1.000000 0.000000
0.943420 0.331601 0.000000 34.389796 -0.331601 0.943420 0.000000 -5.072307 0.000000 0.000000 1.000000 0.000000
0.941571 0.336815 0.000000 34.869439 -0.336815 0.941571 0.000000 -5.238005 0.000000 0.000000 1.000000 0.000000
0.939441 0.342711 0.000000 35.375726 -0.342711 0.939441 0.000000 -5.404838 0.000000 0.000000 1.000000 0.000000
0.939694 0.342017 0.000000 35.883635 -0.342017 0.939694 0.000000 -5.572060 0.000000 0.000000 1.000000 0.000000
0.936696 0.350144 0.000000 36.346614 -0.350144 0.936696 0.000000 -5.747452 0.000000 0.000000 1.000000 0.000000
0.934749 0.355308 0.000000 36.850749 -0.355308 0.934749 0.000000 -5.941158 0.000000 0.000000 1.000000 0.000000
0.932978 0.359933 0.000000 37.326342 -0.359933 0.932978 0.000000 -6.136685 0.000000 0.000000 1.000000 0.000000
0.930071 0.367380 0.000000 37.825359 -0.367380 0.930071 0.000000 -6.323932 0.000000 0.000000 1.000000 0.000000
0.927658 0.373432 0.000000 38.298269 -0.373432 0.927658 0.000000 -6.514989 0.000000 0.000000 1.000000 0.000000
0.924968 0.380046 0.000000 38.785565 -0.380046 0.924968 0.000000 -6.709465 0.000000 0.000000 1.000000 0.000000
0.921983 0.387229 0.000000 39.257758 -0.387229 0.921983 0.000000 -6.909983 0.000000 0.000000 1.000000 0.000000
0.919890 0.392177 0.000000 39.754694 -0.392177 0.919890 0.000000 -7.105901 0.000000 0.000000 1.000000 0.000000
0.918791 0.394744 0.000000 40.217818 -0.394744 0.918791 0.000000 -7.271013 0.000000 0.000000 1.000000 0.000000
0.915540 0.402226 0.000000 40.892251 -0.402226 0.915540 0.000000 -7.567905 0.000000 0.000000 1.000000 0.000000
0.911038 0.412322 0.000000 41.593114 -0.412322 0.911038 0.000000 -7.896105 0.000000 0.000000 1.000000 0.000000
0.908146 0.418653 0.000000 42.072268 -0.418653 0.908146 0.000000 -8.086316 0.000000 0.000000 1.000000 0.000000
0.902454 0.430786 0.000000 42.898316 -0.430786 0.902454 0.000000 -8.491550 0.000000 0.000000 1.000000 0.000000
0.900388 0.435088 0.000000 43.382880 -0.435088 0.900388 0.000000 -8.711879 0.000000 0.000000 1.000000 0.000000
0.898418 0.439140 0.000000 43.871111 -0.439140 0.898418 0.000000 -8.910853 0.000000 0.000000 1.000000 0.000000
0.897652 0.440705 0.000000 44.330312 -0.440705 0.897652 0.000000 -9.118456 0.000000 0.000000 1.000000 0.000000
0.893096 0.449866 0.000000 44.799309 -0.449866 0.893096 0.000000 -9.301527 0.000000 0.000000 1.000000 0.000000
0.892232 0.451578 0.000000 45.278335 -0.451578 0.892232 0.000000 -9.550743 0.000000 0.000000 1.000000 0.000000
0.889895 0.456165 0.000000 45.706849 -0.456165 0.889895 0.000000 -9.756533 0.000000 0.000000 1.000000 0.000000
0.886993 0.461783 0.000000 46.160769 -0.461783 0.886993 0.000000 -9.985986 0.000000 0.000000 1.000000 0.000000
0.885430 0.464772 0.000000 46.605495 -0.464772 0.885430 0.000000 -10.213386 0.000000 0.000000 1.000000 0.000000
0.884890 0.465801 0.000000 47.031956 -0.465801 0.884890 0.000000 -10.454631 0.000000 0.000000 1.000000 0.000000
0.882422 0.470459 0.000000 47.438981 -0.470459 0.882422 0.000000 -10.678417 0.000000 0.000000 1.000000 0.000000
0.880271 0.474471 0.000000 47.865203 -0.474471 0.880271 0.000000 -10.923842 0.000000 0.000000 1.000000 0.000000
0.878004 0.478653 0.000000 48.252821 -0.478653 0.878004 0.000000 -11.159034 0.000000 0.000000 1.000000 0.000000
0.877822 0.478987 0.000000 48.667285 -0.478987 0.877822 0.000000 -11.404678 0.000000 0.000000 1.000000 0.000000
0.874871 0.484357 0.000000 49.044084 -0.484357 0.874871 0.000000 -11.616268 0.000000 0.000000 1.000000 0.000000
0.873569 0.486701 0.000000 49.459410 -0.486701 0.873569 0.000000 -11.859990 0.000000 0.000000 1.000000 0.000000
0.872746 0.488174 0.000000 49.851063 -0.488174 0.872746 0.000000 -12.089462 0.000000 0.000000 1.000000 0.000000
0.870998 0.491286 0.000000 50.231486 -0.491286 0.870998 0.000000 -12.324949 0.000000 0.000000 1.000000 0.000000
0.870397 0.492351 0.000000 50.630613 -0.492351 0.870397 0.000000 -12.526780 0.000000 0.000000 1.000000 0.000000
0.865790 0.500408 0.000000 51.010619 -0.500408 0.865790 0.000000 -12.738615 0.000000 0.000000 1.000000 0.000000
0.862948 0.505292 0.000000 51.381133 -0.505292 0.862948 0.000000 -12.969073 0.000000 0.000000 1.000000 0.000000
0.861099 0.508437 0.000000 51.744446 -0.508437 0.861099 0.000000 -13.197814 0.000000 0.000000 1.000000 0.000000
0.857000 0.515317 0.000000 52.116544 -0.515317 0.857000 0.000000 -13.428528 0.000000 0.000000 1.000000 0.000000
0.853318 0.521391 0.000000 52.671365 -0.521391 0.853318 0.000000 -13.768910 0.000000 0.000000 1.000000 0.000000
0.849095 0.528240 0.000000 53.073053 -0.528240 0.849095 0.000000 -13.999688 0.000000 0.000000 1.000000 0.000000
0.844362 0.535772 0.000000 53.446939 -0.535772 0.844362 0.000000 -14.197577 0.000000 0.000000 1.000000 0.000000
0.841855 0.539703 0.000000 53.773083 -0.539703 0.841855 0.000000 -14.436796 0.000000 0.000000 1.000000 0.000000
0.839451 0.543435 0.000000 54.109010 -0.543435 0.839451 0.000000 -14.655993 0.000000 0.000000 1.000000 0.000000
0.835025 0.550212 0.000000 54.456324 -0.550212 0.835025 0.000000 -14.881321 0.000000 0.000000 1.000000 0.000000
0.832368 0.554224 0.000000 54.803713 -0.554224 0.832368 0.000000 -15.135535 0.000000 0.000000 1.000000 0.000000
0.828910 0.559382 0.000000 55.113031 -0.559382 0.828910 0.000000 -15.385520 0.000000 0.000000 1.000000 0.000000
0.825232 0.564794 0.000000 55.420162 -0.564794 0.825232 0.000000 -15.601137 0.000000 0.000000 1.000000 0.000000
0.823539 0.567260 0.000000 55.737320 -0.567260 0.823539 0.000000 -15.843189 0.000000 0.000000 1.000000 0.000000
0.821259 0.570555 0.000000 56.041574 -0.570555 0.821259 0.000000 -16.061924 0.000000 0.000000 1.000000 0.000000
0.818585 0.574386 0.000000 56.645573 -0.574386 0.818585 0.000000 -16.483080 0.000000 0.000000 1.000000 0.000000
0.818067 0.575123 0.000000 56.926654 -0.575123 0.818067 0.000000 -16.677882 0.000000 0.000000 1.000000 0.000000
0.816694 0.577072 0.000000 57.194207 -0.577072 0.816694 0.000000 -16.836608 0.000000 0.000000 1.000000 0.000000
0.815599 0.578618 0.000000 57.473872 -0.578618 0.815599 0.000000 -17.020561 0.000000 0.000000 1.000000 0.000000
0.817713 0.575626 0.000000 57.759862 -0.575626 0.817713 0.000000 -17.232395 0.000000 0.000000 1.000000 0.000000
0.814821 0.579712 0.000000 58.021498 -0.579712 0.814821 0.000000 -17.413925 0.000000 0.000000 1.000000 0.000000
0.812986 0.582283 0.000000 58.279278 -0.582283 0.812986 0.000000 -17.622045 0.000000 0.000000 1.000000 0.000000
0.811782 0.583960 0.000000 58.516226 -0.583960 0.811782 0.000000 -17.819747 0.000000 0.000000 1.000000 0.000000
0.810002 0.586428 0.000000 58.777243 -0.586428 0.810002 0.000000 -18.002213 0.000000 0.000000 1.000000 0.000000
0.810111 0.586277 0.000000 59.008522 -0.586277 0.810111 0.000000 -18.168010 0.000000 0.000000 1.000000 0.000000
0.807664 0.589643 0.000000 59.248064 -0.589643 0.807664 0.000000 -18.324524 0.000000 0.000000 1.000000 0.000000
0.806369 0.591413 0.000000 59.507998 -0.591413 0.806369 0.000000 -18.488422 0.000000 0.000000 1.000000 0.000000
0.803194 0.595717 0.000000 59.857993 -0.595717 0.803194 0.000000 -18.759415 0.000000 0.000000 1.000000 0.000000
0.801706 0.597719 0.000000 60.134144 -0.597719 0.801706 0.000000 -18.931003 0.000000 0.000000 1.000000 0.000000
0.798107 0.602516 0.000000 60.379629 -0.602516 0.798107 0.000000 -19.084330 0.000000 0.000000 1.000000 0.000000
0.795207 0.606337 0.000000 60.593709 -0.606337 0.795207 0.000000 -19.266355 0.000000 0.000000 1.000000 0.000000
0.792462 0.609921 0.000000 60.804049 -0.609921 0.792462 0.000000 -19.435364 0.000000 0.000000 1.000000 0.000000
0.790136 0.612932 0.000000 61.000599 -0.612932 0.790136 0.000000 -19.596228 0.000000 0.000000 1.000000 0.000000
0.790185 0.612869 0.000000 61.209470 -0.612869 0.790185 0.000000 -19.774771 0.000000 0.000000 1.000000 0.000000
0.789428 0.613844 0.000000 61.414035 -0.613844 0.789428 0.000000 -19.932343 0.000000 0.000000 1.000000 0.000000
0.791277 0.611458 0.000000 61.636598 -0.611458 0.791277 0.000000 -20.047798 0.000000 0.000000 1.000000 0.000000
0.789445 0.613821 0.000000 61.829086 -0.613821 0.789445 0.000000 -20.193149 0.000000 0.000000 1.000000 0.000000
0.784634 0.619959 0.000000 62.197609 -0.619959 0.784634 0.000000 -20.495131 0.000000 0.000000 1.000000 0.000000
0.781036 0.624486 0.000000 62.373502 -0.624486 0.781036 0.000000 -20.627631 0.000000 0.000000 1.000000 0.000000
0.780503 0.625152 0.000000 62.522310 -0.625152 0.780503 0.000000 -20.778413 0.000000 0.000000 1.000000 0.000000
0.780677 0.624934 0.000000 62.691526 -0.624934 0.780677 0.000000 -20.950365 0.000000 0.000000 1.000000 0.000000
0.780119 0.625631 0.000000 62.850316 -0.625631 0.780119 0.000000 -21.066347 0.000000 0.000000 1.000000 0.000000
0.778175 0.628048 0.000000 63.010811 -0.628048 0.778175 0.000000 -21.178531 0.000000 0.000000 1.000000 0.000000
0.778132 0.628100 0.000000 63.173276 -0.628100 0.778132 0.000000 -21.303967 0.000000 0.000000 1.000000 0.000000
0.776171 0.630522 0.000000 63.297702 -0.630522 0.776171 0.000000 -21.438943 0.000000 0.000000 1.000000 0.000000
0.775223 0.631687 0.000000 63.449558 -0.631687 0.775223 0.000000 -21.579266 0.000000 0.000000 1.000000 0.000000
0.771691 0.635997 0.000000 63.755834 -0.635997 0.771691 0.000000 -21.817067 0.000000 0.000000 1.000000 0.000000
0.770081 0.637946 0.000000 63.908565 -0.637946 0.770081 0.000000 -21.933636 0.000000 0.000000 1.000000 0.000000
0.769450 0.638707 0.000000 64.060746 -0.638707 0.769450 0.000000 -22.047170 0.000000 0.000000 1.000000 0.000000
0.767575 0.640959 0.000000 64.312662 -0.640959 0.767575 0.000000 -22.242550 0.000000 0.000000 1.000000 0.000000
0.766318 0.642461 0.000000 64.463698 -0.642461 0.766318 0.000000 -22.384750 0.000000 0.000000 1.000000 0.000000
0.763622 0.645663 0.000000 64.604987 -0.645663 0.763622 0.000000 -22.504140 0.000000 0.000000 1.000000 0.000000
0.761639 0.648002 0.000000 64.766117 -0.648002 0.761639 0.000000 -22.626496 0.000000 0.000000 1.000000 0.000000
0.761859 0.647742 0.000000 64.925330 -0.647742 0.761859 0.000000 -22.732831 0.000000 0.000000 1.000000 0.000000
0.760027 0.649892 0.000000 65.089638 -0.649892 0.760027 0.000000 -22.858370 0.000000 0.000000 1.000000 0.000000
0.758530 0.651638 0.000000 65.232897 -0.651638 0.758530 0.000000 -22.973256 0.000000 0.000000 1.000000 0.000000
0.754991 0.655735 0.000000 65.561932 -0.655735 0.754991 0.000000 -23.214265 0.000000 0.000000 1.000000 0.000000
0.752647 0.658424 0.000000 65.729560 -0.658424 0.752647 0.000000 -23.340934 0.000000 0.000000 1.000000 0.000000
0.750992 0.660312 0.000000 65.903378 -0.660312 0.750992 0.000000 -23.481235 0.000000 0.000000 1.000000 0.000000
0.748935 0.662643 0.000000 66.057678 -0.662643 0.748935 0.000000 -23.623965 0.000000 0.000000 1.000000 0.000000
0.748108 0.663577 0.000000 66.221901 -0.663577 0.748108 0.000000 -23.764843 0.000000 0.000000 1.000000 0.000000
0.747396 0.664379 0.000000 66.372543 -0.664379 0.747396 0.000000 -23.901248 0.000000 0.000000 1.000000 0.000000
0.745224 0.666814 0.000000 66.533915 -0.666814 0.745224 0.000000 -24.022274 0.000000 0.000000 1.000000 0.000000
0.742954 0.669343 0.000000 66.699406 -0.669343 0.742954 0.000000 -24.181121 0.000000 0.000000 1.000000 0.000000
0.740063 0.672537 0.000000 66.871041 -0.672537 0.740063 0.000000 -24.313712 0.000000 0.000000 1.000000 0.000000
0.736021 0.676959 0.000000 67.037503 -0.676959 0.736021 0.000000 -24.460477 0.000000 0.000000 1.000000 0.000000
0.732154 0.681139 0.000000 67.214955 -0.681139 0.732154 0.000000 -24.620371 0.000000 0.000000 1.000000 0.000000
0.729661 0.683809 0.000000 67.381985 -0.683809 0.729661 0.000000 -24.773780 0.000000 0.000000 1.000000 0.000000
0.727100 0.686531 0.000000 67.561052 -0.686531 0.727100 0.000000 -24.946605 0.000000 0.000000 1.000000 0.000000
0.725321 0.688410 0.000000 67.720968 -0.688410 0.725321 0.000000 -25.099727 0.000000 0.000000 1.000000 0.000000
0.721774 0.692128 0.000000 67.900042 -0.692128 0.721774 0.000000 -25.272247 0.000000 0.000000 1.000000 0.000000
0.719699 0.694287 0.000000 68.045378 -0.694287 0.719699 0.000000 -25.449671 0.000000 0.000000 1.000000 0.000000
0.714473 0.699663 0.000000 68.316647 -0.699663 0.714473 0.000000 -25.713413 0.000000 0.000000 1.000000 0.000000
0.711658 0.702526 0.000000 68.481444 -0.702526 0.711658 0.000000 -25.899023 0.000000 0.000000 1.000000 0.000000
0.709740 0.704463 0.000000 68.668120 -0.704463 0.709740 0.000000 -26.095945 0.000000 0.000000 1.000000 0.000000
0.707992 0.706220 0.000000 68.843881 -0.706220 0.707992 0.000000 -26.268416 0.000000 0.000000 1.000000 0.000000
0.703204 0.710989 0.000000 69.204539 -0.710989 0.703204 0.000000 -26.679964 0.000000 0.000000 1.000000 0.000000
0.701389 0.712779 0.000000 69.406645 -0.712779 0.701389 0.000000 -26.843811 0.000000 0.000000 1.000000 0.000000
0.698933 0.715188 0.000000 69.582248 -0.715188 0.698933 0.000000 -27.040526 0.000000 0.000000 1.000000 0.000000
0.696486 0.717571 0.000000 69.772729 -0.717571 0.696486 0.000000 -27.229627 0.000000 0.000000 1.000000 0.000000
0.695477 0.718548 0.000000 70.019911 -0.718548 0.695477 0.000000 -27.479749 0.000000 0.000000 1.000000 0.000000
0.690418 0.723410 0.000000 70.215993 -0.723410 0.690418 0.000000 -27.664065 0.000000 0.000000 1.000000 0.000000
0.687379 0.726299 0.000000 70.395608 -0.726299 0.687379 0.000000 -27.847743 0.000000 0.000000 1.000000 0.000000
0.682572 0.730819 0.000000 70.587072 -0.730819 0.682572 0.000000 -28.048117 0.000000 0.000000 1.000000 0.000000
0.681550 0.731771 0.000000 70.754741 -0.731771 0.681550 0.000000 -28.227087 0.000000 0.000000 1.000000 0.000000
0.679806 0.733392 0.000000 70.923533 -0.733392 0.679806 0.000000 -28.403388 0.000000 0.000000 1.000000 0.000000
0.677053 0.735934 0.000000 71.111456 -0.735934 0.677053 0.000000 -28.581081 0.000000 0.000000 1.000000 0.000000
0.676868 0.736105 0.000000 71.269585 -0.736105 0.676868 0.000000 -28.761971 0.000000 0.000000 1.000000 0.000000
0.675133 0.737696 0.000000 71.421719 -0.737696 0.675133 0.000000 -28.940722 0.000000 0.000000 1.000000 0.000000
0.672821 0.739806 0.000000 71.596892 -0.739806 0.672821 0.000000 -29.123584 0.000000 0.000000 1.000000 0.000000
0.672490 0.740107 0.000000 71.763978 -0.740107 0.672490 0.000000 -29.295315 0.000000 0.000000 1.000000 0.000000
0.672583 0.740022 0.000000 71.983584 -0.740022 0.672583 0.000000 -29.553973 0.000000 0.000000 1.000000 0.000000
0.670950 0.741503 0.000000 72.169142 -0.741503 0.670950 0.000000 -29.755326 0.000000 0.000000 1.000000 0.000000
0.669439 0.742867 0.000000 72.338399 -0.742867 0.669439 0.000000 -29.946394 0.000000 0.000000 1.000000 0.000000
0.669874 0.742475 0.000000 72.502666 -0.742475 0.669874 0.000000 -30.147742 0.000000 0.000000 1.000000 0.000000
0.668833 0.743413 0.000000 72.669575 -0.743413 0.668833 0.000000 -30.324209 0.000000 0.000000 1.000000 0.000000
0.672029 0.740525 0.000000 72.835264 -0.740525 0.672029 0.000000 -30.521497 0.000000 0.000000 1.000000 0.000000
0.676021 0.736883 0.000000 72.984217 -0.736883 0.676021 0.000000 -30.709804 0.000000 0.000000 1.000000 0.000000
0.674782 0.738017 0.000000 73.156679 -0.738017 0.674782 0.000000 -30.884106 0.000000 0.000000 1.000000 0.000000
0.676297 0.736629 0.000000 73.317909 -0.736629 0.676297 0.000000 -31.044371 0.000000 0.000000 1.000000 0.000000
0.677116 0.735877 0.000000 73.476266 -0.735877 0.677116 0.000000 -31.216234 0.000000 0.000000 1.000000 0.000000
0.676258 0.736665 0.000000 73.787228 -0.736665 0.676258 0.000000 -31.555054 0.000000 0.000000 1.000000 0.000000
0.677555 0.735472 0.000000 73.935878 -0.735472 0.677555 0.000000 -31.727478 0.000000 0.000000 1.000000 0.000000
0.680110 0.733110 0.000000 74.088779 -0.733110 0.680110 0.000000 -31.909362 0.000000 0.000000 1.000000 0.000000
0.680397 0.732844 0.000000 74.228341 -0.732844 0.680397 0.000000 -32.062492 0.000000 0.000000 1.000000 0.000000
0.681942 0.731407 0.000000 74.377378 -0.731407 0.681942 0.000000 -32.221619 0.000000 0.000000 1.000000 0.000000
0.683140 0.730288 0.000000 74.526629 -0.730288 0.683140 0.000000 -32.361469 0.000000 0.000000 1.000000 0.000000
0.683048 0.730373 0.000000 74.673022 -0.730373 0.683048 0.000000 -32.509516 0.000000 0.000000 1.000000 0.000000
0.684773 0.728756 0.000000 74.916668 -0.728756 0.684773 0.000000 -32.777020 0.000000 0.000000 1.000000 0.000000
0.686459 0.727169 0.000000 75.050024 -0.727169 0.686459 0.000000 -32.944155 0.000000 0.000000 1.000000 0.000000
0.688818 0.724935 0.000000 75.189783 -0.724935 0.688818 0.000000 -33.108783 0.000000 0.000000 1.000000 0.000000
0.690451 0.723379 0.000000 75.335393 -0.723379 0.690451 0.000000 -33.254479 0.000000 0.000000 1.000000 0.000000
0.693094 0.720847 0.000000 75.482570 -0.720847 0.693094 0.000000 -33.404403 0.000000 0.000000 1.000000 0.000000
0.695523 0.718504 0.000000 75.621914 -0.718504 0.695523 0.000000 -33.553740 0.000000 0.000000 1.000000 0.000000
0.703120 0.711071 0.000000 75.879335 -0.711071 0.703120 0.000000 -33.837217 0.000000 0.000000 1.000000 0.000000
0.705859 0.708352 0.000000 76.001289 -0.708352 0.705859 0.000000 -33.957905 0.000000 0.000000 1.000000 0.000000
0.708491 0.705720 0.000000 76.125988 -0.705720 0.708491 0.000000 -34.094564 0.000000 0.000000 1.000000 0.000000
0.714949 0.699176 0.000000 76.323960 -0.699176 0.714949 0.000000 -34.318659 0.000000 0.000000 1.000000 0.000000
0.719360 0.694638 0.000000 76.610338 -0.694638 0.719360 0.000000 -34.595933 0.000000 0.000000 1.000000 0.000000
0.726377 0.687297 0.000000 76.751009 -0.687297 0.726377 0.000000 -34.758095 0.000000 0.000000 1.000000 0.000000
0.729535 0.683943 0.000000 76.858481 -0.683943 0.729535 0.000000 -34.855388 0.000000 0.000000 1.000000 0.000000
0.738274 0.674501 0.000000 77.063790 -0.674501 0.738274 0.000000 -35.050954 0.000000 0.000000 1.000000 0.000000
0.742188 0.670192 0.000000 77.159202 -0.670192 0.742188 0.000000 -35.152345 0.000000 0.000000 1.000000 0.000000
0.745496 0.666510 0.000000 77.257046 -0.666510 0.745496 0.000000 -35.242782 0.000000 0.000000 1.000000 0.000000
0.748442 0.663200 0.000000 77.359725 -0.663200 0.748442 0.000000 -35.331643 0.000000 0.000000 1.000000 0.000000
0.754081 0.656781 0.000000 77.503800 -0.656781 0.754081 0.000000 -35.470116 0.000000 0.000000 1.000000 0.000000
0.760102 0.649804 0.000000 77.667382 -0.649804 0.760102 0.000000 -35.639087 0.000000 0.000000 1.000000 0.000000
0.763833 0.645414 0.000000 77.752108 -0.645414 0.763833 0.000000 -35.710792 0.000000 0.000000 1.000000 0.000000
0.767597 0.640933 0.000000 77.838332 -0.640933 0.767597 0.000000 -35.779804 0.000000 0.000000 1.000000 0.000000
0.770766 0.637118 0.000000 77.927220 -0.637118 0.770766 0.000000 -35.837484 0.000000 0.000000 1.000000 0.000000
0.774282 0.632841 0.000000 78.006304 -0.632841 0.774282 0.000000 -35.907156 0.000000 0.000000 1.000000 0.000000
0.776946 0.629567 0.000000 78.089714 -0.629567 0.776946 0.000000 -35.950836 0.000000 0.000000 1.000000 0.000000
0.784004 0.620756 0.000000 78.222915 -0.620756 0.784004 0.000000 -36.083738 0.000000 0.000000 1.000000 0.000000
0.786364 0.617763 0.000000 78.287943 -0.617763 0.786364 0.000000 -36.128853 0.000000 0.000000 1.000000 0.000000
0.789826 0.613331 0.000000 78.356899 -0.613331 0.789826 0.000000 -36.177601 0.000000 0.000000 1.000000 0.000000
0.791687 0.610927 0.000000 78.401127 -0.610927 0.791687 0.000000 -36.220116 0.000000 0.000000 1.000000 0.000000
0.794769 0.606912 0.000000 78.453140 -0.606912 0.794769 0.000000 -36.255483 0.000000 0.000000 1.000000 0.000000
0.795998 0.605299 0.000000 78.497512 -0.605299 0.795998 0.000000 -36.289467 0.000000 0.000000 1.000000 0.000000
0.797260 0.603637 0.000000 78.542734 -0.603637 0.797260 0.000000 -36.331645 0.000000 0.000000 1.000000 0.000000
0.798679 0.601757 0.000000 78.613445 -0.601757 0.798679 0.000000 -36.390532 0.000000 0.000000 1.000000 0.000000
0.800389 0.599481 0.000000 78.640886 -0.599481 0.800389 0.000000 -36.419742 0.000000 0.000000 1.000000 0.000000
0.801144 0.598472 0.000000 78.671958 -0.598472 0.801144 0.000000 -36.434581 0.000000 0.000000 1.000000 0.000000
0.801725 0.597693 0.000000 78.707173 -0.597693 0.801725 0.000000 -36.455014 0.000000 0.000000 1.000000 0.000000
0.802775 0.596282 0.000000 78.719988 -0.596282 0.802775 0.000000 -36.470525 0.000000 0.000000 1.000000 0.000000
0.803918 0.594740 0.000000 78.734326 -0.594740 0.803918 0.000000 -36.487816 0.000000 0.000000 1.000000 0.000000
0.803611 0.595155 0.000000 78.736877 -0.595155 0.803611 0.000000 -36.507610 0.000000 0.000000 1.000000 0.000000
0.804003 0.594625 0.000000 78.749952 -0.594625 0.804003 0.000000 -36.520393 0.000000 0.000000 1.000000 0.000000
0.805756 0.592248 0.000000 78.757456 -0.592248 0.805756 0.000000 -36.526706 0.000000 0.000000 1.000000 0.000000
0.805118 0.593115 0.000000 78.763065 -0.593115 0.805118 0.000000 -36.514170 0.000000 0.000000 1.000000 0.000000
0.805944 0.591992 0.000000 78.764514 -0.591992 0.805944 0.000000 -36.510461 0.000000 0.000000 1.000000 0.000000
0.805898 0.592054 0.000000 78.757676 -0.592054 0.805898 0.000000 -36.509669 0.000000 0.000000 1.000000 0.000000
0.804942 0.593354 0.000000 78.752595 -0.593354 0.804942 0.000000 -36.505460 0.000000 0.000000 1.000000 0.000000
0.804995 0.593281 0.000000 78.741499 -0.593281 0.804995 0.000000 -36.516940 0.000000 0.000000 1.000000 0.000000
0.805054 0.593202 0.000000 78.742144 -0.593202 0.805054 0.000000 -36.519393 0.000000 0.000000 1.000000 0.000000
0.805899 0.592053 0.000000 78.742400 -0.592053 0.805899 0.000000 -36.521749 0.000000 0.000000 1.000000 0.000000
0.805801 0.592186 0.000000 78.742598 -0.592186 0.805801 0.000000 -36.524043 0.000000 0.000000 1.000000 0.000000
0.804920 0.593384 0.000000 78.745450 -0.593384 0.804920 0.000000 -36.521517 0.000000 0.000000 1.000000 0.000000
0.804901 0.593409 0.000000 78.741573 -0.593409 0.804901 0.000000 -36.519766 0.000000 0.000000 1.000000 0.000000
0.805201 0.593002 0.000000 78.740369 -0.593002 0.805201 0.000000 -36.519767 0.000000 0.000000 1.000000 0.000000
0.805136 0.593090 0.000000 78.737864 -0.593090 0.805136 0.000000 -36.518796 0.000000 0.000000 1.000000 0.000000
0.805107 0.593129 0.000000 78.738012 -0.593129 0.805107 0.000000 -36.519195 0.000000 0.000000 1.000000 0.000000
0.804947 0.593346 0.000000 78.740032 -0.593346 0.804947 0.000000 -36.516605 0.000000 0.000000 1.000000 0.000000
0.804927 0.593374 0.000000 78.737677 -0.593374 0.804927 0.000000 -36.516655 0.000000 0.000000 1.000000 0.000000
0.805054 0.593201 0.000000 78.735638 -0.593201 0.805054 0.000000 -36.518535 0.000000 0.000000 1.000000 0.000000
0.805150 0.593071 0.000000 78.735310 -0.593071 0.805150 0.000000 -36.521719 0.000000 0.000000 1.000000 0.000000
0.805259 0.592924 0.000000 78.736803 -0.592924 0.805259 0.000000 -36.521307 0.000000 0.000000 1.000000 0.000000
0.805242 0.592946 0.000000 78.738716 -0.592946 0.805242 0.000000 -36.522227 0.000000 0.000000 1.000000 0.000000
0.805169 0.593045 0.000000 78.738274 -0.593045 0.805169 0.000000 -36.524673 0.000000 0.000000 1.000000 0.000000
0.805172 0.593042 0.000000 78.735161 -0.593042 0.805172 0.000000 -36.524467 0.000000 0.000000 1.000000 0.000000
0.805083 0.593162 0.000000 78.732944 -0.593162 0.805083 0.000000 -36.525168 0.000000 0.000000 1.000000 0.000000
0.805163 0.593053 0.000000 78.733894 -0.593053 0.805163 0.000000 -36.528339 0.000000 0.000000 1.000000 0.000000
0.805087 0.593157 0.000000 78.733676 -0.593157 0.805087 0.000000 -36.531631 0.000000 0.000000 1.000000 0.000000
0.805041 0.593220 0.000000 78.734913 -0.593220 0.805041 0.000000 -36.532353 0.000000 0.000000 1.000000 0.000000
0.805019 0.593249 0.000000 78.733381 -0.593249 0.805019 0.000000 -36.529426 0.000000 0.000000 1.000000 0.000000
0.805068 0.593183 0.000000 78.731835 -0.593183 0.805068 0.000000 -36.525973 0.000000 0.000000 1.000000 0.000000
0.805115 0.593118 0.000000 78.730327 -0.593118 0.805115 0.000000 -36.523887 0.000000 0.000000 1.000000 0.000000
0.805127 0.593103 0.000000 78.729663 -0.593103 0.805127 0.000000 -36.524120 0.000000 0.000000 1.000000 0.000000
0.805087 0.593157 0.000000 78.728861 -0.593157 0.805087 0.000000 -36.524588 0.000000 0.000000 1.000000 0.000000
0.805027 0.593238 0.000000 78.728157 -0.593238 0.805027 0.000000 -36.525867 0.000000 0.000000 1.000000 0.000000
0.805044 0.593215 0.000000 78.728036 -0.593215 0.805044 0.000000 -36.527492 0.000000 0.000000 1.000000 0.000000
0.805009 0.593263 0.000000 78.729441 -0.593263 0.805009 0.000000 -36.525924 0.000000 0.000000 1.000000 0.000000
0.805100 0.593139 0.000000 78.730474 -0.593139 0.805100 0.000000 -36.526643 0.000000 0.000000 1.000000 0.000000
0.805112 0.593123 0.000000 78.729888 -0.593123 0.805112 0.000000 -36.525725 0.000000 0.000000 1.000000 0.000000
0.805119 0.593113 0.000000 78.729226 -0.593113 0.805119 0.000000 -36.524277 0.000000 0.000000 1.000000 0.000000
0.805095 0.593146 0.000000 78.727140 -0.593146 0.805095 0.000000 -36.524382 0.000000 0.000000 1.000000 0.000000
0.805064 0.593187 0.000000 78.724031 -0.593187 0.805064 0.000000 -36.526269 0.000000 0.000000 1.000000 0.000000
0.805407 0.592723 0.000000 78.723051 -0.592723 0.805407 0.000000 -36.524756 0.000000 0.000000 1.000000 0.000000
0.805249 0.592937 0.000000 78.720579 -0.592937 0.805249 0.000000 -36.522263 0.000000 0.000000 1.000000 0.000000
0.805201 0.593002 0.000000 78.720639 -0.593002 0.805201 0.000000 -36.522366 0.000000 0.000000 1.000000 0.000000
0.805278 0.592897 0.000000 78.722235 -0.592897 0.805278 0.000000 -36.522876 0.000000 0.000000 1.000000 0.000000
0.805446 0.592669 0.000000 78.721070 -0.592669 0.805446 0.000000 -36.525893 0.000000 0.000000 1.000000 0.000000
0.805588 0.592476 0.000000 78.719207 -0.592476 0.805588 0.000000 -36.530432 0.000000 0.000000 1.000000 0.000000
0.805510 0.592582 0.000000 78.718733 -0.592582 0.805510 0.000000 -36.536666 0.000000 0.000000 1.000000 0.000000
0.805597 0.592464 0.000000 78.710924 -0.592464 0.805597 0.000000 -36.543450 0.000000 0.000000 1.000000 0.000000
0.805211 0.592989 0.000000 78.712453 -0.592989 0.805211 0.000000 -36.544345 0.000000 0.000000 1.000000 0.000000
0.805127 0.593102 0.000000 78.719085 -0.593102 0.805127 0.000000 -36.547306 0.000000 0.000000 1.000000 0.000000
0.804339 0.594170 0.000000 78.722906 -0.594170 0.804339 0.000000 -36.553924 0.000000 0.000000 1.000000 0.000000
0.804654 0.593744 0.000000 78.723663 -0.593744 0.804654 0.000000 -36.562947 0.000000 0.000000 1.000000 0.000000
0.804963 0.593325 0.000000 78.732115 -0.593325 0.804963 0.000000 -36.569929 0.000000 0.000000 1.000000 0.000000
0.805080 0.593167 0.000000 78.726865 -0.593167 0.805080 0.000000 -36.581165 0.000000 0.000000 1.000000 0.000000
0.806199 0.591645 0.000000 78.722255 -0.591645 0.806199 0.000000 -36.584175 0.000000 0.000000 1.000000 0.000000
0.806462 0.591285 0.000000 78.724844 -0.591285 0.806462 0.000000 -36.575426 0.000000 0.000000 1.000000 0.000000
0.806580 0.591125 0.000000 78.724999 -0.591125 0.806580 0.000000 -36.575992 0.000000 0.000000 1.000000 0.000000
0.806652 0.591027 0.000000 78.722235 -0.591027 0.806652 0.000000 -36.579156 0.000000 0.000000 1.000000 0.000000
0.806439 0.591317 0.000000 78.721045 -0.591317 0.806439 0.000000 -36.585780 0.000000 0.000000 1.000000 0.000000
0.806486 0.591253 0.000000 78.720554 -0.591253 0.806486 0.000000 -36.583751 0.000000 0.000000 1.000000 0.000000
0.806587 0.591115 0.000000 78.722790 -0.591115 0.806587 0.000000 -36.580519 0.000000 0.000000 1.000000 0.000000
0.806521 0.591205 0.000000 78.725725 -0.591205 0.806521 0.000000 -36.581580 0.000000 0.000000 1.000000 0.000000
0.806639 0.591044 0.000000 78.726386 -0.591044 0.806639 0.000000 -36.584786 0.000000 0.000000 1.000000 0.000000
0.806581 0.591124 0.000000 78.725170 -0.591124 0.806581 0.000000 -36.584813 0.000000 0.000000 1.000000 0.000000
0.806789 0.590840 0.000000 78.724430 -0.590840 0.806789 0.000000 -36.585363 0.000000 0.000000 1.000000 0.000000
0.807140 0.590360 0.000000 78.722227 -0.590360 0.807140 0.000000 -36.585198 0.000000 0.000000 1.000000 0.000000
0.807310 0.590128 0.000000 78.721364 -0.590128 0.807310 0.000000 -36.585456 0.000000 0.000000 1.000000 0.000000
0.807886 0.589338 0.000000 78.715854 -0.589338 0.807886 0.000000 -36.589246 0.000000 0.000000 1.000000 0.000000
0.808248 0.588842 0.000000 78.717686 -0.588842 0.808248 0.000000 -36.583618 0.000000 0.000000 1.000000 0.000000
0.808680 0.588248 0.000000 78.723225 -0.588248 0.808680 0.000000 -36.578067 0.000000 0.000000 1.000000 0.000000
0.809249 0.587466 0.000000 78.723135 -0.587466 0.809249 0.000000 -36.580094 0.000000 0.000000 1.000000 0.000000
0.809353 0.587322 0.000000 78.725873 -0.587322 0.809353 0.000000 -36.577345 0.000000 0.000000 1.000000 0.000000
0.809197 0.587538 0.000000 78.733009 -0.587538 0.809197 0.000000 -36.583080 0.000000 0.000000 1.000000 0.000000
0.808376 0.588666 0.000000 78.735784 -0.588666 0.808376 0.000000 -36.590054 0.000000 0.000000 1.000000 0.000000
0.807995 0.589189 0.000000 78.736082 -0.589189 0.807995 0.000000 -36.608542 0.000000 0.000000 1.000000 0.000000
0.807787 0.589475 0.000000 78.737624 -0.589475 0.807787 0.000000 -36.616986 0.000000 0.000000 1.000000 0.000000
0.807637 0.589680 0.000000 78.732539 -0.589680 0.807637 0.000000 -36.618656 0.000000 0.000000 1.000000 0.000000
0.807317 0.590118 0.000000 78.728105 -0.590118 0.807317 0.000000 -36.626742 0.000000 0.000000 1.000000 0.000000
0.806555 0.591159 0.000000 78.723745 -0.591159 0.806555 0.000000 -36.643576 0.000000 0.000000 1.000000 0.000000
0.806351 0.591438 0.000000 78.724479 -0.591438 0.806351 0.000000 -36.644631 0.000000 0.000000 1.000000 0.000000
0.806224 0.591610 0.000000 78.730086 -0.591610 0.806224 0.000000 -36.654441 0.000000 0.000000 1.000000 0.000000
0.806703 0.590957 0.000000 78.731383 -0.590957 0.806703 0.000000 -36.665866 0.000000 0.000000 1.000000 0.000000
0.807098 0.590418 0.000000 78.724372 -0.590418 0.807098 0.000000 -36.681128 0.000000 0.000000 1.000000 0.000000
0.807959 0.589239 0.000000 78.732320 -0.589239 0.807959 0.000000 -36.690343 0.000000 0.000000 1.000000 0.000000
0.809272 0.587434 0.000000 78.741236 -0.587434 0.809272 0.000000 -36.698811 0.000000 0.000000 1.000000 0.000000
0.809783 0.586730 0.000000 78.751771 -0.586730 0.809783 0.000000 -36.702702 0.000000 0.000000 1.000000 0.000000
0.810002 0.586427 0.000000 78.754028 -0.586427 0.810002 0.000000 -36.706412 0.000000 0.000000 1.000000 0.000000
0.809922 0.586537 0.000000 78.760210 -0.586537 0.809922 0.000000 -36.719043 0.000000 0.000000 1.000000 0.000000
0.810025 0.586396 0.000000 78.763470 -0.586396 0.810025 0.000000 -36.734382 0.000000 0.000000 1.000000 0.000000
0.809970 0.586471 0.000000 78.764706 -0.586471 0.809970 0.000000 -36.763133 0.000000 0.000000 1.000000 0.000000
0.810300 0.586015 0.000000 78.796221 -0.586015 0.810300 0.000000 -36.789422 0.000000 0.000000 1.000000 0.000000
0.811467 0.584398 0.000000 78.808105 -0.584398 0.811467 0.000000 -36.801464 0.000000 0.000000 1.000000 0.000000
0.811761 0.583989 0.000000 78.815118 -0.583989 0.811761 0.000000 -36.811191 0.000000 0.000000 1.000000 0.000000
0.812510 0.582948 0.000000 78.818485 -0.582948 0.812510 0.000000 -36.817075 0.000000 0.000000 1.000000 0.000000
0.813220 0.581956 0.000000 78.825009 -0.581956 0.813220 0.000000 -36.825045 0.000000 0.000000 1.000000 0.000000
0.814808 0.579731 0.000000 78.831392 -0.579731 0.814808 0.000000 -36.818094 0.000000 0.000000 1.000000 0.000000
0.815609 0.578603 0.000000 78.823884 -0.578603 0.815609 0.000000 -36.821508 0.000000 0.000000 1.000000 0.000000
0.816062 0.577965 0.000000 78.821487 -0.577965 0.816062 0.000000 -36.824566 0.000000 0.000000 1.000000 0.000000
0.816396 0.577493 0.000000 78.826765 -0.577493 0.816396 0.000000 -36.825605 0.000000 0.000000 1.000000 0.000000
0.816108 0.577899 0.000000 78.831038 -0.577899 0.816108 0.000000 -36.821229 0.000000 0.000000 1.000000 0.000000
0.816069 0.577954 0.000000 78.835724 -0.577954 0.816069 0.000000 -36.824508 0.000000 0.000000 1.000000 0.000000
0.815571 0.578657 0.000000 78.833880 -0.578657 0.815571 0.000000 -36.824938 0.000000 0.000000 1.000000 0.000000
0.815679 0.578505 0.000000 78.831419 -0.578505 0.815679 0.000000 -36.827842 0.000000 0.000000 1.000000 0.000000
0.815500 0.578757 0.000000 78.829133 -0.578757 0.815500 0.000000 -36.830526 0.000000 0.000000 1.000000 0.000000
0.815661 0.578530 0.000000 78.832229 -0.578530 0.815661 0.000000 -36.837417 0.000000 0.000000 1.000000 0.000000
0.816259 0.577687 0.000000 78.833313 -0.577687 0.816259 0.000000 -36.839672 0.000000 0.000000 1.000000 0.000000
0.816443 0.577426 0.000000 78.830263 -0.577426 0.816443 0.000000 -36.840397 0.000000 0.000000 1.000000 0.000000
0.816375 0.577522 0.000000 78.829281 -0.577522 0.816375 0.000000 -36.841818 0.000000 0.000000 1.000000 0.000000
0.816239 0.577715 0.000000 78.834580 -0.577715 0.816239 0.000000 -36.836737 0.000000 0.000000 1.000000 0.000000
0.816574 0.577241 0.000000 78.836750 -0.577241 0.816574 0.000000 -36.838551 0.000000 0.000000 1.000000 0.000000
0.816622 0.577173 0.000000 78.833240 -0.577173 0.816622 0.000000 -36.837745 0.000000 0.000000 1.000000 0.000000
0.817338 0.576159 0.000000 78.831252 -0.576159 0.817338 0.000000 -36.840828 0.000000 0.000000 1.000000 0.000000
0.817077 0.576528 0.000000 78.834147 -0.576528 0.817077 0.000000 -36.839024 0.000000 0.000000 1.000000 0.000000
0.817185 0.576375 0.000000 78.835048 -0.576375 0.817185 0.000000 -36.836912 0.000000 0.000000 1.000000 0.000000
0.817736 0.575593 0.000000 78.834417 -0.575593 0.817736 0.000000 -36.839990 0.000000 0.000000 1.000000 0.000000
0.817731 0.575601 0.000000 78.834332 -0.575601 0.817731 0.000000 -36.841410 0.000000 0.000000 1.000000 0.000000
0.817948 0.575292 0.000000 78.832177 -0.575292 0.817948 0.000000 -36.841155 0.000000 0.000000 1.000000 0.000000
0.818039 0.575162 0.000000 78.830947 -0.575162 0.818039 0.000000 -36.839689 0.000000 0.000000 1.000000 0.000000
0.817942 0.575300 0.000000 78.833152 -0.575300 0.817942 0.000000 -36.839468 0.000000 0.000000 1.000000 0.000000
0.818261 0.574847 0.000000 78.831131 -0.574847 0.818261 0.000000 -36.836340 0.000000 0.000000 1.000000 0.000000
0.818017 0.575194 0.000000 78.833523 -0.575194 0.818017 0.000000 -36.834693 0.000000 0.000000 1.000000 0.000000
