0.999999 0.001199 0.000000 0.590410 -0.001199 0.999999 0.000000 0.026118 0.000000 0.000000 1.000000 0.000000
0.999999 0.001393 0.000000 1.413431 -0.001393 0.999999 0.000000 0.035446 0.000000 0.000000 1.000000 0.000000
0.999993 0.003659 0.000000 1.998675 -0.003659 0.999993 0.000000 0.027463 0.000000 0.000000 1.000000 0.000000
0.999994 0.003425 0.000000 2.556110 -0.003425 0.999994 0.000000 0.044442 0.000000 0.000000 1.000000 0.000000
0.999989 0.004794 0.000000 3.140837 -0.004794 0.999989 0.000000 0.065717 0.000000 0.000000 1.000000 0.000000
0.999953 0.009657 0.000000 3.675620 -0.009657 0.999953 0.000000 0.083890 0.000000 0.000000 1.000000 0.000000
0.999879 0.015526 0.000000 4.254459 -0.015526 0.999879 0.000000 0.078404 0.000000 0.000000 1.000000 0.000000
0.999774 0.021272 0.000000 4.784010 -0.021272 0.999774 0.000000 0.097022 0.000000 0.000000 1.000000 0.000000
0.999566 0.029467 0.000000 5.501369 -0.029467 0.999566 0.000000 0.102303 0.000000 0.000000 1.000000 0.000000
0.999391 0.034882 0.000000 6.080338 -0.034882 0.999391 0.000000 0.089575 0.000000 0.000000 1.000000 0.000000
0.999252 0.038674 0.000000 6.653918 -0.038674 0.999252 0.000000 0.090621 0.000000 0.000000 1.000000 0.000000
0.999036 0.043896 0.000000 7.228712 -0.043896 0.999036 0.000000 0.088093 0.000000 0.000000 1.000000 0.000000
0.998391 0.056706 0.000000 8.375863 -0.056706 0.998391 0.000000 0.028457 0.000000 0.000000 1.000000 0.000000
0.998180 0.060302 0.000000 8.908992 -0.060302 0.998180 0.000000 0.018271 0.000000 0.000000 1.000000 0.000000
0.997763 0.066856 0.000000 9.487872 -0.066856 0.997763 0.000000 -0.010033 0.000000 0.000000 1.000000 0.000000
0.997225 0.074448 0.000000 10.028232 -0.074448 0.997225 0.000000 -0.043750 0.000000 0.000000 1.000000 0.000000
0.996658 0.081683 0.000000 10.593114 -0.081683 0.996658 0.000000 -0.078419 0.000000 0.000000 1.000000 0.000000
0.996093 0.088315 0.000000 11.121581 -0.088315 0.996093 0.000000 -0.086279 0.000000 0.000000 1.000000 0.000000
0.995640 0.093281 0.000000 11.696262 -0.093281 0.995640 0.000000 -0.145703 0.000000 0.000000 1.000000 0.000000
0.994994 0.099940 0.000000 12.232274 -0.099940 0.994994 0.000000 -0.193888 0.000000 0.000000 1.000000 0.000000
0.993924 0.110065 0.000000 12.985659 -0.110065 0.993924 0.000000 -0.263805 0.000000 0.000000 1.000000 0.000000
0.992633 0.121163 0.000000 13.551199 -0.121163 0.992633 0.000000 -0.317984 0.000000 0.000000 1.000000 0.000000
0.991784 0.127923 0.000000 14.106646 -0.127923 0.991784 0.000000 -0.392923 0.000000 0.000000 1.000000 0.000000
0.991131 0.132886 0.000000 14.654815 -0.132886 0.991131 0.000000 -0.460610 0.000000 0.000000 1.000000 0.000000
0.990459 0.137806 0.000000 15.221562 -0.137806 0.990459 0.000000 -0.543060 0.000000 0.000000 1.000000 0.000000
0.989551 0.144181 0.000000 15.740443 -0.144181 0.989551 0.000000 -0.620931 0.000000 0.000000 1.000000 0.000000
0.988558 0.150843 0.000000 16.262326 -0.150843 0.988558 0.000000 -0.699337 0.000000 0.000000 1.000000 0.000000
0.987618 0.156877 0.000000 16.825391 -0.156877 0.987618 0.000000 -0.774219 0.000000 0.000000 1.000000 0.000000
0.986132 0.165961 0.000000 17.339759 -0.165961 0.986132 0.000000 -0.863716 0.000000 0.000000 1.000000 0.000000
0.984392 0.175990 0.000000 17.889583 -0.175990 0.984392 0.000000 -0.962381 0.000000 0.000000 1.000000 0.000000
0.982896 0.184162 0.000000 18.631196 -0.184162 0.982896 0.000000 -1.087192 0.000000 0.000000 1.000000 0.000000
0.981922 0.189285 0.000000 19.177314 -0.189285 0.981922 0.000000 -1.206045 0.000000 0.000000 1.000000 0.000000
0.980221 0.197907 0.000000 19.765582 -0.197907 0.980221 0.000000 -1.312497 0.000000 0.000000 1.000000 0.000000
0.978622 0.205668 0.000000 20.312894 -0.205668 0.978622 0.000000 -1.420154 0.000000 0.000000 1.000000 0.000000
0.977057 0.212978 0.000000 20.859777 -0.212978 0.977057 0.000000 -1.536093 0.000000 0.000000 1.000000 0.000000
0.975704 0.219093 0.000000 21.364621 -0.219093 0.975704 0.000000 -1.645980 0.000000 0.000000 1.000000 0.000000
0.974287 0.225311 0.000000 21.914694 -0.225311 0.974287 0.000000 -1.748811 0.000000 0.000000 1.000000 0.000000
0.974570 0.224082 0.000000 22.414803 -0.224082 0.974570 0.000000 -1.861197 0.000000 0.000000 1.000000 0.000000
0.973369 0.229244 0.000000 22.948856 -0.229244 0.973369 0.000000 -1.983389 0.000000 0.000000 1.000000 0.000000
0.970776 0.239989 0.000000 23.976144 -0.239989 0.970776 0.000000 -2.223825 0.000000 0.000000 1.000000 0.000000
0.969682 0.244369 0.000000 24.462095 -0.244369 0.969682 0.000000 -2.350185 0.000000 0.000000 1.000000 0.000000
0.968193 0.250206 0.000000 24.987686 -0.250206 0.968193 0.000000 -2.481032 0.000000 0.000000 1.000000 0.000000
0.966463 0.256804 0.000000 25.657491 -0.256804 0.966463 0.000000 -2.651919 0.000000 0.000000 1.000000 0.000000
0.965084 0.261942 0.000000 26.140387 -0.261942 0.965084 0.000000 -2.768738 0.000000 0.000000 1.000000 0.000000
0.963603 0.267336 0.000000 26.623762 -0.267336 0.963603 0.000000 -2.888678 0.000000 0.000000 1.000000 0.000000
0.961347 0.275341 0.000000 27.137916 -0.275341 0.961347 0.000000 -3.019134 0.000000 0.000000 1.000000 0.000000
0.960407 0.278600 0.000000 27.616917 -0.278600 0.960407 0.000000 -3.154935 0.000000 0.000000 1.000000 0.000000
0.957593 0.288123 0.000000 28.290141 -0.288123 0.957593 0.000000 -3.358848 0.000000 0.000000 1.000000 0.000000
0.955930 0.293594 0.000000 28.803099 -0.293594 0.955930 0.000000 -3.510710 0.000000 0.000000 1.000000 0.000000
0.954828 0.297160 0.000000 29.319097 -0.297160 0.954828 0.000000 -3.679318 0.000000 0.000000 1.000000 0.000000
0.953209 0.302313 0.000000 29.808192 -0.302313 0.953209 0.000000 -3.848139 0.000000 0.000000 1.000000 0.000000
0.951369 0.308053 0.000000 30.321196 -0.308053 0.951369 0.000000 -4.012105 0.000000 0.000000 1.000000 0.000000
0.951938 0.306292 0.000000 30.833724 -0.306292 0.951938 0.000000 -4.179183 0.000000 0.000000 1.000000 0.000000
0.949823 0.312788 0.000000 31.302964 -0.312788 0.949823 0.000000 -4.312019 0.000000 0.000000 1.000000 0.000000
0.948532 0.316683 0.000000 31.804487 -0.316683 0.948532 0.000000 -4.483598 0.000000 0.000000 1.000000 0.000000
0.947017 0.321183 0.000000 32.280374 -0.321183 0.947017 0.000000 -4.649826 0.000000 0.000000 1.000000 0.000000
0.944918 0.327309 0.000000 32.780295 -0.327309 0.944918 0.000000 -4.816191 0.000000 0.000000 1.000000 0.000000
0.942886 0.333115 0.000000 33.256093 -0.333115 0.942886 0.000000 -4.976047 0.000000 0.000000 1.000000 0.000000
0.940455 0.339917 0.000000 33.756218 -0.339917 0.940455 0.000000 -5.150923 0.000000 0.000000 1.000000 0.000000
0.937859 0.347017 0.000000 34.228827 -0.347017 0.937859 0.000000 -5.304449 0.000000 0.000000 1.000000 0.000000
0.935520 0.353273 0.000000 34.737704 -0.353273 0.935520 0.000000 -5.481955 0.000000 0.000000 1.000000 0.000000
0.934050 0.357141 0.000000 35.198495 -0.357141 0.934050 0.000000 -5.658413 0.000000 0.000000 1.000000 0.000000
0.930955 0.365135 0.000000 35.880561 -0.365135 0.930955 0.000000 -5.932677 0.000000 0.000000 1.000000 0.000000
0.926748 0.375683 0.000000 36.591280 -0.375683 0.926748 0.000000 -6.220477 0.000000 0.000000 1.000000 0.000000
0.923620 0.383310 0.000000 37.088506 -0.383310 0.923620 0.000000 -6.419949 0.000000 0.000000 1.000000 0.000000
0.917967 0.396656 0.000000 37.934628 -0.396656 0.917967 0.000000 -6.790479 0.000000 0.000000 1.000000 0.000000
0.915563 0.402174 0.000000 38.417754 -0.402174 0.915563 0.000000 -7.012743 0.000000 0.000000 1.000000 0.000000
0.913393 0.407078 0.000000 38.908031 -0.407078 0.913393 0.000000 -7.229835 0.000000 0.000000 1.000000 0.000000
0.913039 0.407871 0.000000 39.388480 -0.407871 0.913039 0.000000 -7.434081 0.000000 0.000000 1.000000 0.000000
0.908675 0.417504 0.000000 39.875415 -0.417504 0.908675 0.000000 -7.633005 0.000000 0.000000 1.000000 0.000000
0.907953 0.419071 0.000000 40.377954 -0.419071 0.907953 0.000000 -7.874746 0.000000 0.000000 1.000000 0.000000
0.906010 0.423257 0.000000 40.815923 -0.423257 0.906010 0.000000 -8.080824 0.000000 0.000000 1.000000 0.000000
0.903558 0.428465 0.000000 41.282922 -0.428465 0.903558 0.000000 -8.296771 0.000000 0.000000 1.000000 0.000000
0.902001 0.431735 0.000000 41.741657 -0.431735 0.902001 0.000000 -8.518804 0.000000 0.000000 1.000000 0.000000
0.901626 0.432516 0.000000 42.195479 -0.432516 0.901626 0.000000 -8.745801 0.000000 0.000000 1.000000 0.000000
0.899366 0.437197 0.000000 42.627458 -0.437197 0.899366 0.000000 -8.954028 0.000000 0.000000 1.000000 0.000000
0.897736 0.440534 0.000000 43.069293 -0.440534 0.897736 0.000000 -9.154058 0.000000 0.000000 1.000000 0.000000
0.895940 0.444175 0.000000 43.475370 -0.444175 0.895940 0.000000 -9.361691 0.000000 0.000000 1.000000 0.000000
0.895935 0.444185 0.000000 43.904402 -0.444185 0.895935 0.000000 -9.580761 0.000000 0.000000 1.000000 0.000000
0.893303 0.449456 0.000000 44.305460 -0.449456 0.893303 0.000000 -9.775898 0.000000 0.000000 1.000000 0.000000
0.892519 0.451010 0.000000 44.735067 -0.451010 0.892519 0.000000 -9.990698 0.000000 0.000000 1.000000 0.000000
0.892064 0.451909 0.000000 45.143491 -0.451909 0.892064 0.000000 -10.190148 0.000000 0.000000 1.000000 0.000000
0.891075 0.453855 0.000000 45.546263 -0.453855 0.891075 0.000000 -10.389884 0.000000 0.000000 1.000000 0.000000
0.891080 0.453846 0.000000 45.947243 -0.453846 0.891080 0.000000 -10.564653 0.000000 0.000000 1.000000 0.000000
0.887061 0.461653 0.000000 46.339564 -0.461653 0.887061 0.000000 -10.751482 0.000000 0.000000 1.000000 0.000000
0.884340 0.466843 0.000000 46.728482 -0.466843 0.884340 0.000000 -10.941866 0.000000 0.000000 1.000000 0.000000
0.882520 0.470275 0.000000 47.104367 -0.470275 0.882520 0.000000 -11.131121 0.000000 0.000000 1.000000 0.000000
0.878414 0.477901 0.000000 47.488141 -0.477901 0.878414 0.000000 -11.331695 0.000000 0.000000 1.000000 0.000000
0.874628 0.484794 0.000000 48.040136 -0.484794 0.874628 0.000000 -11.633688 0.000000 0.000000 1.000000 0.000000
0.870030 0.492998 0.000000 48.441048 -0.492998 0.870030 0.000000 -11.855413 0.000000 0.000000 1.000000 0.000000
0.864688 0.502310 0.000000 48.811895 -0.502310 0.864688 0.000000 -12.067711 0.000000 0.000000 1.000000 0.000000
0.861729 0.507369 0.000000 49.169179 -0.507369 0.861729 0.000000 -12.282128 0.000000 0.000000 1.000000 0.000000
0.859077 0.511846 0.000000 49.526743 -0.511846 0.859077 0.000000 -12.493351 0.000000 0.000000 1.000000 0.000000
0.854818 0.518928 0.000000 49.880480 -0.518928 0.854818 0.000000 -12.707757 0.000000 0.000000 1.000000 0.000000
0.852231 0.523165 0.000000 50.218176 -0.523165 0.852231 0.000000 -12.935035 0.000000 0.000000 1.000000 0.000000
0.848937 0.528493 0.000000 50.568609 -0.528493 0.848937 0.000000 -13.147758 0.000000 0.000000 1.000000 0.000000
0.845508 0.533963 0.000000 50.888149 -0.533963 0.845508 0.000000 -13.369619 0.000000 0.000000 1.000000 0.000000
0.843980 0.536375 0.000000 51.203940 -0.536375 0.843980 0.000000 -13.596632 0.000000 0.000000 1.000000 0.000000
0.841659 0.540009 0.000000 51.511475 -0.540009 0.841659 0.000000 -13.811690 0.000000 0.000000 1.000000 0.000000
0.839166 0.543876 0.000000 52.131622 -0.543876 0.839166 0.000000 -14.224202 0.000000 0.000000 1.000000 0.000000
0.838923 0.544249 0.000000 52.423889 -0.544249 0.838923 0.000000 -14.410146 0.000000 0.000000 1.000000 0.000000
0.838138 0.545459 0.000000 52.699459 -0.545459 0.838138 0.000000 -14.593520 0.000000 0.000000 1.000000 0.000000
0.837863 0.545880 0.000000 52.978885 -0.545880 0.837863 0.000000 -14.762734 0.000000 0.000000 1.000000 0.000000
0.840700 0.541501 0.000000 53.260149 -0.541501 0.840700 0.000000 -14.949552 0.000000 0.000000 1.000000 0.000000
0.839151 0.543899 0.000000 53.520415 -0.543899 0.839151 0.000000 -15.113871 0.000000 0.000000 1.000000 0.000000
0.837874 0.545863 0.000000 53.800399 -0.545863 0.837874 0.000000 -15.295163 0.000000 0.000000 1.000000 0.000000
0.836837 0.547452 0.000000 54.057899 -0.547452 0.836837 0.000000 -15.452996 0.000000 0.000000 1.000000 0.000000
0.835756 0.549101 0.000000 54.328030 -0.549101 0.835756 0.000000 -15.618661 0.000000 0.000000 1.000000 0.000000
0.835892 0.548894 0.000000 54.572881 -0.548894 0.835892 0.000000 -15.783882 0.000000 0.000000 1.000000 0.000000
0.833642 0.552305 0.000000 54.820527 -0.552305 0.833642 0.000000 -15.928365 0.000000 0.000000 1.000000 0.000000
0.832354 0.554244 0.000000 55.075282 -0.554244 0.832354 0.000000 -16.082914 0.000000 0.000000 1.000000 0.000000
0.828919 0.559368 0.000000 55.442657 -0.559368 0.828919 0.000000 -16.319555 0.000000 0.000000 1.000000 0.000000
0.827477 0.561500 0.000000 55.713216 -0.561500 0.827477 0.000000 -16.481344 0.000000 0.000000 1.000000 0.000000
0.823724 0.566991 0.000000 55.949460 -0.566991 0.823724 0.000000 -16.640543 0.000000 0.000000 1.000000 0.000000
0.820754 0.571281 0.000000 56.188530 -0.571281 0.820754 0.000000 -16.794737 0.000000 0.000000 1.000000 0.000000
0.817142 0.576437 0.000000 56.428621 -0.576437 0.817142 0.000000 -16.949983 0.000000 0.000000 1.000000 0.000000
0.814241 0.580527 0.000000 56.655853 -0.580527 0.814241 0.000000 -17.104781 0.000000 0.000000 1.000000 0.000000
0.813865 0.581054 0.000000 56.873878 -0.581054 0.813865 0.000000 -17.270977 0.000000 0.000000 1.000000 0.000000
0.813351 0.581774 0.000000 57.104622 -0.581774 0.813351 0.000000 -17.422917 0.000000 0.000000 1.000000 0.000000
0.815425 0.578863 0.000000 57.323873 -0.578863 0.815425 0.000000 -17.571433 0.000000 0.000000 1.000000 0.000000
0.814548 0.580096 0.000000 57.518722 -0.580096 0.814548 0.000000 -17.726656 0.000000 0.000000 1.000000 0.000000
0.810675 0.585497 0.000000 57.911929 -0.585497 0.810675 0.000000 -18.027680 0.000000 0.000000 1.000000 0.000000
0.807052 0.590481 0.000000 58.096655 -0.590481 0.807052 0.000000 -18.152562 0.000000 0.000000 1.000000 0.000000
0.806254 0.591570 0.000000 58.258009 -0.591570 0.806254 0.000000 -18.283656 0.000000 0.000000 1.000000 0.000000
0.806599 0.591099 0.000000 58.427031 -0.591099 0.806599 0.000000 -18.429430 0.000000 0.000000 1.000000 0.000000
0.806433 0.591326 0.000000 58.587464 -0.591326 0.806433 0.000000 -18.557574 0.000000 0.000000 1.000000 0.000000
0.804889 0.593425 0.000000 58.762615 -0.593425 0.804889 0.000000 -18.667735 0.000000 0.000000 1.000000 0.000000
0.804488 0.593969 0.000000 58.939755 -0.593969 0.804488 0.000000 -18.788994 0.000000 0.000000 1.000000 0.000000
0.802549 0.596586 0.000000 59.096525 -0.596586 0.802549 0.000000 -18.895070 0.000000 0.000000 1.000000 0.000000
0.801572 0.597898 0.000000 59.263898 -0.597898 0.801572 0.000000 -19.011415 0.000000 0.000000 1.000000 0.000000
0.797883 0.602813 0.000000 59.583794 -0.602813 0.797883 0.000000 -19.237772 0.000000 0.000000 1.000000 0.000000
0.796343 0.604845 0.000000 59.736197 -0.604845 0.796343 0.000000 -19.345775 0.000000 0.000000 1.000000 0.000000
0.795404 0.606080 0.000000 59.887097 -0.606080 0.795404 0.000000 -19.452424 0.000000 0.000000 1.000000 0.000000
0.793649 0.608376 0.000000 60.143229 -0.608376 0.793649 0.000000 -19.630866 0.000000 0.000000 1.000000 0.000000
0.792417 0.609980 0.000000 60.305742 -0.609980 0.792417 0.000000 -19.749794 0.000000 0.000000 1.000000 0.000000
0.790020 0.613081 0.000000 60.463057 -0.613081 0.790020 0.000000 -19.870808 0.000000 0.000000 1.000000 0.000000
0.788040 0.615625 0.000000 60.627196 -0.615625 0.788040 0.000000 -19.991716 0.000000 0.000000 1.000000 0.000000
0.788617 0.614884 0.000000 60.789429 -0.614884 0.788617 0.000000 -20.104220 0.000000 0.000000 1.000000 0.000000
0.787181 0.616722 0.000000 60.953187 -0.616722 0.787181 0.000000 -20.223395 0.000000 0.000000 1.000000 0.000000
0.786012 0.618212 0.000000 61.116851 -0.618212 0.786012 0.000000 -20.343380 0.000000 0.000000 1.000000 0.000000
0.782714 0.622381 0.000000 61.444113 -0.622381 0.782714 0.000000 -20.586044 0.000000 0.000000 1.000000 0.000000
0.780544 0.625101 0.000000 61.617295 -0.625101 0.780544 0.000000 -20.708565 0.000000 0.000000 1.000000 0.000000
0.778849 0.627211 0.000000 61.789262 -0.627211 0.778849 0.000000 -20.840057 0.000000 0.000000 1.000000 0.000000
0.776634 0.629952 0.000000 61.960507 -0.629952 0.776634 0.000000 -20.951883 0.000000 0.000000 1.000000 0.000000
0.775484 0.631367 0.000000 62.128294 -0.631367 0.775484 0.000000 -21.086660 0.000000 0.000000 1.000000 0.000000
0.774433 0.632656 0.000000 62.292180 -0.632656 0.774433 0.000000 -21.218956 0.000000 0.000000 1.000000 0.000000
0.772382 0.635158 0.000000 62.455335 -0.635158 0.772382 0.000000 -21.345918 0.000000 0.000000 1.000000 0.000000
0.770458 0.637491 0.000000 62.628553 -0.637491 0.770458 0.000000 -21.493414 0.000000 0.000000 1.000000 0.000000
0.767342 0.641238 0.000000 62.799142 -0.641238 0.767342 0.000000 -21.624463 0.000000 0.000000 1.000000 0.000000
0.763243 0.646112 0.000000 62.979361 -0.646112 0.763243 0.000000 -21.757743 0.000000 0.000000 1.000000 0.000000
0.759398 0.650626 0.000000 63.155917 -0.650626 0.759398 0.000000 -21.912888 0.000000 0.000000 1.000000 0.000000
0.757072 0.653331 0.000000 63.326732 -0.653331 0.757072 0.000000 -22.063311 0.000000 0.000000 1.000000 0.000000
0.754722 0.656044 0.000000 63.515899 -0.656044 0.754722 0.000000 -22.223780 0.000000 0.000000 1.000000 0.000000
0.753028 0.657988 0.000000 63.701205 -0.657988 0.753028 0.000000 -22.371850 0.000000 0.000000 1.000000 0.000000
0.749358 0.662165 0.000000 63.887804 -0.662165 0.749358 0.000000 -22.537325 0.000000 0.000000 1.000000 0.000000
0.747165 0.664638 0.000000 64.058962 -0.664638 0.747165 0.000000 -22.701264 0.000000 0.000000 1.000000 0.000000
0.741837 0.670580 0.000000 64.337311 -0.670580 0.741837 0.000000 -22.945194 0.000000 0.000000 1.000000 0.000000
0.738730 0.674002 0.000000 64.524058 -0.674002 0.738730 0.000000 -23.112551 0.000000 0.000000 1.000000 0.000000
0.737191 0.675684 0.000000 64.717895 -0.675684 0.737191 0.000000 -23.291564 0.000000 0.000000 1.000000 0.000000
0.735621 0.677394 0.000000 64.894418 -0.677394 0.735621 0.000000 -23.473406 0.000000 0.000000 1.000000 0.000000
0.731635 0.681696 0.000000 65.269323 -0.681696 0.731635 0.000000 -23.849275 0.000000 0.000000 1.000000 0.000000
0.729801 0.683659 0.000000 65.455851 -0.683659 0.729801 0.000000 -24.024173 0.000000 0.000000 1.000000 0.000000
0.728021 0.685555 0.000000 65.634722 -0.685555 0.728021 0.000000 -24.200945 0.000000 0.000000 1.000000 0.000000
0.726086 0.687604 0.000000 65.824479 -0.687604 0.726086 0.000000 -24.385082 0.000000 0.000000 1.000000 0.000000
0.725422 0.688305 0.000000 66.091684 -0.688305 0.725422 0.000000 -24.627388 0.000000 0.000000 1.000000 0.000000
0.720494 0.693461 0.000000 66.301544 -0.693461 0.720494 0.000000 -24.798688 0.000000 0.000000 1.000000 0.000000
0.717109 0.696961 0.000000 66.491204 -0.696961 0.717109 0.000000 -24.976741 0.000000 0.000000 1.000000 0.000000
0.712106 0.702072 0.000000 66.680195 -0.702072 0.712106 0.000000 -25.154537 0.000000 0.000000 1.000000 0.000000
0.710572 0.703624 0.000000 66.855699 -0.703624 0.710572 0.000000 -25.328866 0.000000 0.000000 1.000000 0.000000
0.708451 0.705760 0.000000 67.034771 -0.705760 0.708451 0.000000 -25.505315 0.000000 0.000000 1.000000 0.000000
0.705524 0.708686 0.000000 67.216889 -0.708686 0.705524 0.000000 -25.696907 0.000000 0.000000 1.000000 0.000000
0.705113 0.709095 0.000000 67.385996 -0.709095 0.705113 0.000000 -25.879845 0.000000 0.000000 1.000000 0.000000
0.703118 0.711073 0.000000 67.551055 -0.711073 0.703118 0.000000 -26.064329 0.000000 0.000000 1.000000 0.000000
0.700684 0.713472 0.000000 67.741747 -0.713472 0.700684 0.000000 -26.248893 0.000000 0.000000 1.000000 0.000000
0.700576 0.713578 0.000000 67.904157 -0.713578 0.700576 0.000000 -26.430749 0.000000 0.000000 1.000000 0.000000
0.701401 0.712767 0.000000 68.135530 -0.712767 0.701401 0.000000 -26.682329 0.000000 0.000000 1.000000 0.000000
0.700216 0.713931 0.000000 68.316338 -0.713931 0.700216 0.000000 -26.882863 0.000000 0.000000 1.000000 0.000000
0.699167 0.714958 0.000000 68.486602 -0.714958 0.699167 0.000000 -27.066828 0.000000 0.000000 1.000000 0.000000
0.699606 0.714529 0.000000 68.649570 -0.714529 0.699606 0.000000 -27.253917 0.000000 0.000000 1.000000 0.000000
0.698398 0.715710 0.000000 68.817536 -0.715710 0.698398 0.000000 -27.435738 0.000000 0.000000 1.000000 0.000000
0.701517 0.712653 0.000000 68.987907 -0.712653 0.701517 0.000000 -27.619552 0.000000 0.000000 1.000000 0.000000
0.706299 0.707914 0.000000 69.160343 -0.707914 0.706299 0.000000 -27.795270 0.000000 0.000000 1.000000 0.000000
0.705959 0.708253 0.000000 69.331044 -0.708253 0.705959 0.000000 -27.961830 0.000000 0.000000 1.000000 0.000000
0.708000 0.706213 0.000000 69.510477 -0.706213 0.708000 0.000000 -28.122297 0.000000 0.000000 1.000000 0.000000
0.709119 0.705089 0.000000 69.670829 -0.705089 0.709119 0.000000 -28.275616 0.000000 0.000000 1.000000 0.000000
0.708356 0.705856 0.000000 69.996801 -0.705856 0.708356 0.000000 -28.605857 0.000000 0.000000 1.000000 0.000000
0.708856 0.705353 0.000000 70.158638 -0.705353 0.708856 0.000000 -28.771543 0.000000 0.000000 1.000000 0.000000
0.711044 0.703147 0.000000 70.323557 -0.703147 0.711044 0.000000 -28.937903 0.000000 0.000000 1.000000 0.000000
0.711926 0.702255 0.000000 70.472023 -0.702255 0.711926 0.000000 -29.085697 0.000000 0.000000 1.000000 0.000000
0.713561 0.700593 0.000000 70.635508 -0.700593 0.713561 0.000000 -29.233154 0.000000 0.000000 1.000000 0.000000
0.714460 0.699676 0.000000 70.789450 -0.699676 0.714460 0.000000 -29.376031 0.000000 0.000000 1.000000 0.000000
0.713792 0.700358 0.000000 70.951239 -0.700358 0.713792 0.000000 -29.522716 0.000000 0.000000 1.000000 0.000000
0.714866 0.699261 0.000000 71.210142 -0.699261 0.714866 0.000000 -29.784317 0.000000 0.000000 1.000000 0.000000
0.716503 0.697584 0.000000 71.356598 -0.697584 0.716503 0.000000 -29.932540 0.000000 0.000000 1.000000 0.000000
0.719144 0.694861 0.000000 71.499206 -0.694861 0.719144 0.000000 -30.087047 0.000000 0.000000 1.000000 0.000000
0.720605 0.693346 0.000000 71.642459 -0.693346 0.720605 0.000000 -30.233127 0.000000 0.000000 1.000000 0.000000
0.723055 0.690791 0.000000 71.786374 -0.690791 0.723055 0.000000 -30.376078 0.000000 0.000000 1.000000 0.000000
0.725485 0.688238 0.000000 71.930862 -0.688238 0.725485 0.000000 -30.517824 0.000000 0.000000 1.000000 0.000000
0.732891 0.680347 0.000000 72.205382 -0.680347 0.732891 0.000000 -30.801017 0.000000 0.000000 1.000000 0.000000
0.736005 0.676977 0.000000 72.328755 -0.676977 0.736005 0.000000 -30.917589 0.000000 0.000000 1.000000 0.000000
0.738973 0.673735 0.000000 72.452206 -0.673735 0.738973 0.000000 -31.037200 0.000000 0.000000 1.000000 0.000000
0.745295 0.666734 0.000000 72.677332 -0.666734 0.745295 0.000000 -31.245687 0.000000 0.000000 1.000000 0.000000
0.749125 0.662428 0.000000 72.981179 -0.662428 0.749125 0.000000 -31.505431 0.000000 0.000000 1.000000 0.000000
0.755482 0.655170 0.000000 73.156498 -0.655170 0.755482 0.000000 -31.656968 0.000000 0.000000 1.000000 0.000000
0.758120 0.652115 0.000000 73.274020 -0.652115 0.758120 0.000000 -31.743184 0.000000 0.000000 1.000000 0.000000
0.766658 0.642055 0.000000 73.493056 -0.642055 0.766658 0.000000 -31.932085 0.000000 0.000000 1.000000 0.000000
0.770412 0.637546 0.000000 73.597613 -0.637546 0.770412 0.000000 -32.024782 0.000000 0.000000 1.000000 0.000000
0.773676 0.633581 0.000000 73.695499 -0.633581 0.773676 0.000000 -32.108250 0.000000 0.000000 1.000000 0.000000
0.776328 0.630330 0.000000 73.794891 -0.630330 0.776328 0.000000 -32.191957 0.000000 0.000000 1.000000 0.000000
0.781620 0.623755 0.000000 73.943417 -0.623755 0.781620 0.000000 -32.323627 0.000000 0.000000 1.000000 0.000000
0.787252 0.616631 0.000000 74.132161 -0.616631 0.787252 0.000000 -32.480362 0.000000 0.000000 1.000000 0.000000
0.790964 0.611862 0.000000 74.226090 -0.611862 0.790964 0.000000 -32.552740 0.000000 0.000000 1.000000 0.000000
0.794564 0.607180 0.000000 74.316302 -0.607180 0.794564 0.000000 -32.616304 0.000000 0.000000 1.000000 0.000000
0.798038 0.602607 0.000000 74.406166 -0.602607 0.798038 0.000000 -32.680059 0.000000 0.000000 1.000000 0.000000
0.801367 0.598173 0.000000 74.498056 -0.598173 0.801367 0.000000 -32.743821 0.000000 0.000000 1.000000 0.000000
0.803783 0.594923 0.000000 74.579928 -0.594923 0.803783 0.000000 -32.801716 0.000000 0.000000 1.000000 0.000000
0.810850 0.585254 0.000000 74.729181 -0.585254 0.810850 0.000000 -32.916563 0.000000 0.000000 1.000000 0.000000
0.813243 0.581924 0.000000 74.798094 -0.581924 0.813243 0.000000 -32.962683 0.000000 0.000000 1.000000 0.000000
0.816537 0.577293 0.000000 74.863275 -0.577293 0.816537 0.000000 -33.003716 0.000000 0.000000 1.000000 0.000000
0.818251 0.574861 0.000000 74.922145 -0.574861 0.818251 0.000000 -33.040436 0.000000 0.000000 1.000000 0.000000
0.821542 0.570149 0.000000 74.982737 -0.570149 0.821542 0.000000 -33.071707 0.000000 0.000000 1.000000 0.000000
0.822798 0.568334 0.000000 75.038211 -0.568334 0.822798 0.000000 -33.098761 0.000000 0.000000 1.000000 0.000000
0.823944 0.566671 0.000000 75.094299 -0.566671 0.823944 0.000000 -33.129935 0.000000 0.000000 1.000000 0.000000
0.824878 0.565311 0.000000 75.170121 -0.565311 0.824878 0.000000 -33.176234 0.000000 0.000000 1.000000 0.000000
0.826021 0.563639 0.000000 75.205837 -0.563639 0.826021 0.000000 -33.199667 0.000000 0.000000 1.000000 0.000000
0.826410 0.563070 0.000000 75.236963 -0.563070 0.826410 0.000000 -33.221309 0.000000 0.000000 1.000000 0.000000
0.826846 0.562428 0.000000 75.265910 -0.562428 0.826846 0.000000 -33.239659 0.000000 0.000000 1.000000 0.000000
0.827815 0.561001 0.000000 75.289251 -0.561001 0.827815 0.000000 -33.257577 0.000000 0.000000 1.000000 0.000000
0.828909 0.559383 0.000000 75.306289 -0.559383 0.828909 0.000000 -33.266877 0.000000 0.000000 1.000000 0.000000
0.828646 0.559773 0.000000 75.323511 -0.559773 0.828646 0.000000 -33.275569 0.000000 0.000000 1.000000 0.000000
0.829093 0.559111 0.000000 75.340297 -0.559111 0.829093 0.000000 -33.291770 0.000000 0.000000 1.000000 0.000000
0.830769 0.556618 0.000000 75.354447 -0.556618 0.830769 0.000000 -33.312174 0.000000 0.000000 1.000000 0.000000
0.830149 0.557542 0.000000 75.364910 -0.557542 0.830149 0.000000 -33.316444 0.000000 0.000000 1.000000 0.000000
0.831111 0.556106 0.000000 75.368595 -0.556106 0.831111 0.000000 -33.324659 0.000000 0.000000 1.000000 0.000000
0.831133 0.556074 0.000000 75.365692 -0.556074 0.831133 0.000000 -33.324349 0.000000 0.000000 1.000000 0.000000
0.830369 0.557213 0.000000 75.364773 -0.557213 0.830369 0.000000 -33.322448 0.000000 0.000000 1.000000 0.000000
0.830259 0.557378 0.000000 75.365870 -0.557378 0.830259 0.000000 -33.324080 0.000000 0.000000 1.000000 0.000000
0.830128 0.557573 0.000000 75.366442 -0.557573 0.830128 0.000000 -33.325321 0.000000 0.000000 1.000000 0.000000
0.831106 0.556114 0.000000 75.364474 -0.556114 0.831106 0.000000 -33.329956 0.000000 0.000000 1.000000 0.000000
0.831168 0.556021 0.000000 75.363962 -0.556021 0.831168 0.000000 -33.331717 0.000000 0.000000 1.000000 0.000000
0.830397 0.557172 0.000000 75.365902 -0.557172 0.830397 0.000000 -33.329456 0.000000 0.000000 1.000000 0.000000
0.830248 0.557394 0.000000 75.366095 -0.557394 0.830248 0.000000 -33.328113 0.000000 0.000000 1.000000 0.000000
0.830316 0.557293 0.000000 75.366756 -0.557293 0.830316 0.000000 -33.329543 0.000000 0.000000 1.000000 0.000000
0.830306 0.557307 0.000000 75.364952 -0.557307 0.830306 0.000000 -33.333291 0.000000 0.000000 1.000000 0.000000
0.830320 0.557287 0.000000 75.362600 -0.557287 0.830320 0.000000 -33.333006 0.000000 0.000000 1.000000 0.000000
0.830180 0.557495 0.000000 75.363449 -0.557495 0.830180 0.000000 -33.329664 0.000000 0.000000 1.000000 0.000000
0.830172 0.557507 0.000000 75.362655 -0.557507 0.830172 0.000000 -33.328099 0.000000 0.000000 1.000000 0.000000
0.830210 0.557451 0.000000 75.360970 -0.557451 0.830210 0.000000 -33.328125 0.000000 0.000000 1.000000 0.000000
0.830314 0.557296 0.000000 75.360433 -0.557296 0.830314 0.000000 -33.327918 0.000000 0.000000 1.000000 0.000000
0.830409 0.557155 0.000000 75.361009 -0.557155 0.830409 0.000000 -33.328464 0.000000 0.000000 1.000000 0.000000
0.830434 0.557118 0.000000 75.361591 -0.557118 0.830434 0.000000 -33.330182 0.000000 0.000000 1.000000 0.000000
0.830461 0.557076 0.000000 75.359795 -0.557076 0.830461 0.000000 -33.333298 0.000000 0.000000 1.000000 0.000000
0.830482 0.557045 0.000000 75.357530 -0.557045 0.830482 0.000000 -33.335108 0.000000 0.000000 1.000000 0.000000
0.830455 0.557086 0.000000 75.357603 -0.557086 0.830455 0.000000 -33.335898 0.000000 0.000000 1.000000 0.000000
0.830457 0.557082 0.000000 75.359033 -0.557082 0.830457 0.000000 -33.338010 0.000000 0.000000 1.000000 0.000000
0.830350 0.557242 0.000000 75.358008 -0.557242 0.830350 0.000000 -33.341477 0.000000 0.000000 1.000000 0.000000
0.830259 0.557377 0.000000 75.357321 -0.557377 0.830259 0.000000 -33.342362 0.000000 0.000000 1.000000 0.000000
0.830224 0.557431 0.000000 75.355871 -0.557431 0.830224 0.000000 -33.341986 0.000000 0.000000 1.000000 0.000000
0.830278 0.557349 0.000000 75.355275 -0.557349 0.830278 0.000000 -33.341994 0.000000 0.000000 1.000000 0.000000
0.830337 0.557261 0.000000 75.353510 -0.557261 0.830337 0.000000 -33.344406 0.000000 0.000000 1.000000 0.000000
0.830344 0.557252 0.000000 75.351741 -0.557252 0.830344 0.000000 -33.346135 0.000000 0.000000 1.000000 0.000000
0.830364 0.557221 0.000000 75.350282 -0.557221 0.830364 0.000000 -33.345965 0.000000 0.000000 1.000000 0.000000
0.830359 0.557229 0.000000 75.349108 -0.557229 0.830359 0.000000 -33.345564 0.000000 0.000000 1.000000 0.000000
0.830403 0.557163 0.000000 75.347710 -0.557163 0.830403 0.000000 -33.345138 0.000000 0.000000 1.000000 0.000000
0.830335 0.557264 0.000000 75.345896 -0.557264 0.830335 0.000000 -33.344816 0.000000 0.000000 1.000000 0.000000
0.830387 0.557188 0.000000 75.346419 -0.557188 0.830387 0.000000 -33.340769 0.000000 0.000000 1.000000 0.000000
0.830405 0.557160 0.000000 75.345971 -0.557160 0.830405 0.000000 -33.337037 0.000000 0.000000 1.000000 0.000000
0.830392 0.557179 0.000000 75.344742 -0.557179 0.830392 0.000000 -33.337312 0.000000 0.000000 1.000000 0.000000
0.830395 0.557175 0.000000 75.344072 -0.557175 0.830395 0.000000 -33.334649 0.000000 0.000000 1.000000 0.000000
0.830440 0.557109 0.000000 75.342417 -0.557109 0.830440 0.000000 -33.333470 0.000000 0.000000 1.000000 0.000000
0.830829 0.556528 0.000000 75.339428 -0.556528 0.830829 0.000000 -33.332606 0.000000 0.000000 1.000000 0.000000
0.830749 0.556647 0.000000 75.338633 -0.556647 0.830749 0.000000 -33.332606 0.000000 0.000000 1.000000 0.000000
0.830678 0.556753 0.000000 75.338362 -0.556753 0.830678 0.000000 -33.333020 0.000000 0.000000 1.000000 0.000000
0.830635 0.556818 0.000000 75.340964 -0.556818 0.830635 0.000000 -33.333959 0.000000 0.000000 1.000000 0.000000
0.830621 0.556838 0.000000 75.342300 -0.556838 0.830621 0.000000 -33.337155 0.000000 0.000000 1.000000 0.000000
0.830722 0.556688 0.000000 75.339281 -0.556688 0.830722 0.000000 -33.340092 0.000000 0.000000 1.000000 0.000000
0.830706 0.556711 0.000000 75.339571 -0.556711 0.830706 0.000000 -33.341255 0.000000 0.000000 1.000000 0.000000
0.830550 0.556944 0.000000 75.339134 -0.556944 0.830550 0.000000 -33.342494 0.000000 0.000000 1.000000 0.000000
0.830004 0.557757 0.000000 75.341767 -0.557757 0.830004 0.000000 -33.340831 0.000000 0.000000 1.000000 0.000000
0.829662 0.558267 0.000000 75.345371 -0.558267 0.829662 0.000000 -33.339831 0.000000 0.000000 1.000000 0.000000
0.828463 0.560043 0.000000 75.350411 -0.560043 0.828463 0.000000 -33.343721 0.000000 0.000000 1.000000 0.000000
0.828486 0.560010 0.000000 75.353626 -0.560010 0.828486 0.000000 -33.344748 0.000000 0.000000 1.000000 0.000000
0.828752 0.559616 0.000000 75.356687 -0.559616 0.828752 0.000000 -33.353119 0.000000 0.000000 1.000000 0.000000
0.828990 0.559263 0.000000 75.357441 -0.559263 0.828990 0.000000 -33.360317 0.000000 0.000000 1.000000 0.000000
0.830467 0.557068 0.000000 75.357533 -0.557068 0.830467 0.000000 -33.375151 0.000000 0.000000 1.000000 0.000000
0.831158 0.556036 0.000000 75.356724 -0.556036 0.831158 0.000000 -33.383293 0.000000 0.000000 1.000000 0.000000
0.831689 0.555242 0.000000 75.358225 -0.555242 0.831689 0.000000 -33.389511 0.000000 0.000000 1.000000 0.000000
0.832031 0.554729 0.000000 75.353492 -0.554729 0.832031 0.000000 -33.392982 0.000000 0.000000 1.000000 0.000000
0.832100 0.554626 0.000000 75.356548 -0.554626 0.832100 0.000000 -33.395789 0.000000 0.000000 1.000000 0.000000
0.832260 0.554386 0.000000 75.356302 -0.554386 0.832260 0.000000 -33.394641 0.000000 0.000000 1.000000 0.000000
0.832202 0.554473 0.000000 75.357318 -0.554473 0.832202 0.000000 -33.394512 0.000000 0.000000 1.000000 0.000000
0.832095 0.554633 0.000000 75.358938 -0.554633 0.832095 0.000000 -33.393419 0.000000 0.000000 1.000000 0.000000
0.832230 0.554431 0.000000 75.357420 -0.554431 0.832230 0.000000 -33.391682 0.000000 0.000000 1.000000 0.000000
0.832079 0.554658 0.000000 75.355522 -0.554658 0.832079 0.000000 -33.390882 0.000000 0.000000 1.000000 0.000000
0.832165 0.554528 0.000000 75.355208 -0.554528 0.832165 0.000000 -33.390980 0.000000 0.000000 1.000000 0.000000
0.832208 0.554463 0.000000 75.355050 -0.554463 0.832208 0.000000 -33.393188 0.000000 0.000000 1.000000 0.000000
0.832203 0.554470 0.000000 75.355798 -0.554470 0.832203 0.000000 -33.394968 0.000000 0.000000 1.000000 0.000000
0.832663 0.553781 0.000000 75.357473 -0.553781 0.832663 0.000000 -33.395971 0.000000 0.000000 1.000000 0.000000
0.833007 0.553262 0.000000 75.357932 -0.553262 0.833007 0.000000 -33.391812 0.000000 0.000000 1.000000 0.000000
0.833625 0.552330 0.000000 75.360222 -0.552330 0.833625 0.000000 -33.394578 0.000000 0.000000 1.000000 0.000000
0.834203 0.551458 0.000000 75.362588 -0.551458 0.834203 0.000000 -33.397866 0.000000 0.000000 1.000000 0.000000
0.834282 0.551338 0.000000 75.363378 -0.551338 0.834282 0.000000 -33.399762 0.000000 0.000000 1.000000 0.000000
0.834024 0.551728 0.000000 75.365835 -0.551728 0.834024 0.000000 -33.401238 0.000000 0.000000 1.000000 0.000000
0.832863 0.553480 0.000000 75.371981 -0.553480 0.832863 0.000000 -33.401841 0.000000 0.000000 1.000000 0.000000
0.832052 0.554698 0.000000 75.378277 -0.554698 0.832052 0.000000 -33.406667 0.000000 0.000000 1.000000 0.000000
0.831267 0.555873 0.000000 75.381484 -0.555873 0.831267 0.000000 -33.411308 0.000000 0.000000 1.000000 0.000000
0.830371 0.557211 0.000000 75.383538 -0.557211 0.830371 0.000000 -33.416859 0.000000 0.000000 1.000000 0.000000
0.829385 0.558677 0.000000 75.386474 -0.558677 0.829385 0.000000 -33.418796 0.000000 0.000000 1.000000 0.000000
0.828218 0.560406 0.000000 75.390693 -0.560406 0.828218 0.000000 -33.426538 0.000000 0.000000 1.000000 0.000000
0.827460 0.561525 0.000000 75.392927 -0.561525 0.827460 0.000000 -33.434402 0.000000 0.000000 1.000000 0.000000
0.827387 0.561632 0.000000 75.399924 -0.561632 0.827387 0.000000 -33.447344 0.000000 0.000000 1.000000 0.000000
0.827810 0.561009 0.000000 75.402022 -0.561009 0.827810 0.000000 -33.468100 0.000000 0.000000 1.000000 0.000000
0.828441 0.560076 0.000000 75.408217 -0.560076 0.828441 0.000000 -33.484729 0.000000 0.000000 1.000000 0.000000
0.829417 0.558630 0.000000 75.406579 -0.558630 0.829417 0.000000 -33.502554 0.000000 0.000000 1.000000 0.000000
0.830583 0.556894 0.000000 75.413913 -0.556894 0.830583 0.000000 -33.516452 0.000000 0.000000 1.000000 0.000000
0.831182 0.556001 0.000000 75.422030 -0.556001 0.831182 0.000000 -33.532433 0.000000 0.000000 1.000000 0.000000
0.831378 0.555708 0.000000 75.430403 -0.555708 0.831378 0.000000 -33.542772 0.000000 0.000000 1.000000 0.000000
0.831304 0.555818 0.000000 75.445269 -0.555818 0.831304 0.000000 -33.557358 0.000000 0.000000 1.000000 0.000000
0.830920 0.556392 0.000000 75.455225 -0.556392 0.830920 0.000000 -33.567339 0.000000 0.000000 1.000000 0.000000
0.830541 0.556958 0.000000 75.469501 -0.556958 0.830541 0.000000 -33.584066 0.000000 0.000000 1.000000 0.000000
0.830241 0.557404 0.000000 75.497989 -0.557404 0.830241 0.000000 -33.599866 0.000000 0.000000 1.000000 0.000000
0.830938 0.556365 0.000000 75.509786 -0.556365 0.830938 0.000000 -33.610170 0.000000 0.000000 1.000000 0.000000
0.831033 0.556223 0.000000 75.519912 -0.556223 0.831033 0.000000 -33.624288 0.000000 0.000000 1.000000 0.000000
0.831734 0.555175 0.000000 75.530129 -0.555175 0.831734 0.000000 -33.638567 0.000000 0.000000 1.000000 0.000000
0.832547 0.553955 0.000000 75.541781 -0.553955 0.832547 0.000000 -33.650924 0.000000 0.000000 1.000000 0.000000
0.834266 0.551362 0.000000 75.545750 -0.551362 0.834266 0.000000 -33.665112 0.000000 0.000000 1.000000 0.000000
0.835134 0.550047 0.000000 75.551438 -0.550047 0.835134 0.000000 -33.682401 0.000000 0.000000 1.000000 0.000000
0.835751 0.549109 0.000000 75.561154 -0.549109 0.835751 0.000000 -33.691941 0.000000 0.000000 1.000000 0.000000
0.836047 0.548657 0.000000 75.572170 -0.548657 0.836047 0.000000 -33.698616 0.000000 0.000000 1.000000 0.000000
0.835592 0.549350 0.000000 75.579241 -0.549350 0.835592 0.000000 -33.701626 0.000000 0.000000 1.000000 0.000000
0.835238 0.549888 0.000000 75.592567 -0.549888 0.835238 0.000000 -33.701245 0.000000 0.000000 1.000000 0.000000
0.834616 0.550832 0.000000 75.598271 -0.550832 0.834616 0.000000 -33.701198 0.000000 0.000000 1.000000 0.000000
0.834529 0.550964 0.000000 75.598851 -0.550964 0.834529 0.000000 -33.699519 0.000000 0.000000 1.000000 0.000000
0.834311 0.551294 0.000000 75.596122 -0.551294 0.834311 0.000000 -33.702447 0.000000 0.000000 1.000000 0.000000
0.834313 0.551292 0.000000 75.591928 -0.551292 0.834313 0.000000 -33.703870 0.000000 0.000000 1.000000 0.000000
0.835017 0.550225 0.000000 75.587800 -0.550225 0.835017 0.000000 -33.709177 0.000000 0.000000 1.000000 0.000000
0.835469 0.549537 0.000000 75.586525 -0.549537 0.835469 0.000000 -33.711550 0.000000 0.000000 1.000000 0.000000
0.835695 0.549194 0.000000 75.585761 -0.549194 0.835695 0.000000 -33.712720 0.000000 0.000000 1.000000 0.000000
0.835730 0.549140 0.000000 75.586379 -0.549140 0.835730 0.000000 -33.713035 0.000000 0.000000 1.000000 0.000000
0.836171 0.548468 0.000000 75.589690 -0.548468 0.836171 0.000000 -33.717429 0.000000 0.000000 1.000000 0.000000
0.836328 0.548230 0.000000 75.588570 -0.548230 0.836328 0.000000 -33.720972 0.000000 0.000000 1.000000 0.000000
0.837340 0.546682 0.000000 75.588967 -0.546682 0.837340 0.000000 -33.726931 0.000000 0.000000 1.000000 0.000000
0.837395 0.546598 0.000000 75.590784 -0.546598 0.837395 0.000000 -33.729876 0.000000 0.000000 1.000000 0.000000
0.837698 0.546133 0.000000 75.592819 -0.546133 0.837698 0.000000 -33.727975 0.000000 0.000000 1.000000 0.000000
0.838312 0.545191 0.000000 75.593400 -0.545191 0.838312 0.000000 -33.731526 0.000000 0.000000 1.000000 0.000000
0.838469 0.544949 0.000000 75.595694 -0.544949 0.838469 0.000000 -33.732447 0.000000 0.000000 1.000000 0.000000
0.838767 0.544490 0.000000 75.597910 -0.544490 0.838767 0.000000 -33.734409 0.000000 0.000000 1.000000 0.000000
0.838819 0.544410 0.000000 75.598832 -0.544410 0.838819 0.000000 -33.734783 0.000000 0.000000 1.000000 0.000000
0.838755 0.544510 0.000000 75.600701 -0.544510 0.838755 0.000000 -33.734211 0.000000 0.000000 1.000000 0.000000
0.839057 0.544044 0.000000 75.600541 -0.544044 0.839057 0.000000 -33.730483 0.000000 0.000000 1.000000 0.000000
0.838911 0.544268 0.000000 75.602678 -0.544268 0.838911 0.000000 -33.728312 0.000000 0.000000 1.000000 0.000000
0.839684 0.543075 0.000000 75.601820 -0.543075 0.839684 0.000000 -33.729126 0.000000 0.000000 1.000000 0.000000
0.839856 0.542809 0.000000 75.601389 -0.542809 0.839856 0.000000 -33.727913 0.000000 0.000000 1.000000 0.000000
0.840184 0.542302 0.000000 75.600950 -0.542302 0.840184 0.000000 -33.725968 0.000000 0.000000 1.000000 0.000000
0.840586 0.541679 0.000000 75.602198 -0.541679 0.840586 0.000000 -33.727729 0.000000 0.000000 1.000000 0.000000
0.840785 0.541369 0.000000 75.604432 -0.541369 0.840785 0.000000 -33.728201 0.000000 0.000000 1.000000 0.000000
0.840788 0.541365 0.000000 75.607487 -0.541365 0.840788 0.000000 -33.727847 0.000000 0.000000 1.000000 0.000000
0.839577 0.543241 0.000000 75.616864 -0.543241 0.839577 0.000000 -33.724605 0.000000 0.000000 1.000000 0.000000
