0.999969 0.007867 0.000000 1.174512 -0.007867 0.999969 0.000000 -0.012975 0.000000 0.000000 1.000000 0.000000
0.999961 0.008878 0.000000 1.716798 -0.008878 0.999961 0.000000 -0.016821 0.000000 0.000000 1.000000 0.000000
0.999904 0.013860 0.000000 2.866725 -0.013860 0.999904 0.000000 -0.053012 0.000000 0.000000 1.000000 0.000000
0.999893 0.014614 0.000000 3.463482 -0.014614 0.999893 0.000000 -0.051381 0.000000 0.000000 1.000000 0.000000
0.999846 0.017529 0.000000 4.025902 -0.017529 0.999846 0.000000 -0.066307 0.000000 0.000000 1.000000 0.000000
0.999815 0.019235 0.000000 4.608404 -0.019235 0.999815 0.000000 -0.076863 0.000000 0.000000 1.000000 0.000000
0.999802 0.019896 0.000000 5.421106 -0.019896 0.999802 0.000000 -0.081717 0.000000 0.000000 1.000000 0.000000
0.999734 0.023048 0.000000 5.996148 -0.023048 0.999734 0.000000 -0.098698 0.000000 0.000000 1.000000 0.000000
0.999720 0.023682 0.000000 6.558315 -0.023682 0.999720 0.000000 -0.099391 0.000000 0.000000 1.000000 0.000000
0.999652 0.026376 0.000000 7.139644 -0.026376 0.999652 0.000000 -0.095390 0.000000 0.000000 1.000000 0.000000
0.999476 0.032363 0.000000 7.683549 -0.032363 0.999476 0.000000 -0.072122 0.000000 0.000000 1.000000 0.000000
0.999255 0.038603 0.000000 8.260674 -0.038603 0.999255 0.000000 -0.080757 0.000000 0.000000 1.000000 0.000000
0.998999 0.044728 0.000000 8.803239 -0.044728 0.998999 0.000000 -0.083895 0.000000 0.000000 1.000000 0.000000
0.998619 0.052529 0.000000 9.512476 -0.052529 0.998619 0.000000 -0.116377 0.000000 0.000000 1.000000 0.000000
0.998349 0.057435 0.000000 10.088407 -0.057435 0.998349 0.000000 -0.150391 0.000000 0.000000 1.000000 0.000000
0.998120 0.061285 0.000000 10.662026 -0.061285 0.998120 0.000000 -0.180339 0.000000 0.000000 1.000000 0.000000
0.997796 0.066358 0.000000 11.233655 -0.066358 0.997796 0.000000 -0.201728 0.000000 0.000000 1.000000 0.000000
0.996871 0.079045 0.000000 12.364047 -0.079045 0.996871 0.000000 -0.271159 0.000000 0.000000 1.000000 0.000000
0.996540 0.083113 0.000000 12.896096 -0.083113 0.996540 0.000000 -0.287728 0.000000 0.000000 1.000000 0.000000
0.995918 0.090261 0.000000 13.476918 -0.090261 0.995918 0.000000 -0.309411 0.000000 0.000000 1.000000 0.000000
0.995174 0.098121 0.000000 14.008527 -0.098121 0.995174 0.000000 -0.349418 0.000000 0.000000 1.000000 0.000000
0.994367 0.105990 0.000000 14.574830 -0.105990 0.994367 0.000000 -0.402062 0.000000 0.000000 1.000000 0.000000
0.993621 0.112767 0.000000 15.101523 -0.112767 0.993621 0.000000 -0.448648 0.000000 0.000000 1.000000 0.000000
0.993086 0.117389 0.000000 15.680017 -0.117389 0.993086 0.000000 -0.515446 0.000000 0.000000 1.000000 0.000000
0.992345 0.123497 0.000000 16.214474 -0.123497 0.992345 0.000000 -0.590413 0.000000 0.000000 1.000000 0.000000
0.991099 0.133126 0.000000 16.966784 -0.133126 0.991099 0.000000 -0.684521 0.000000 0.000000 1.000000 0.000000
0.989627 0.143658 0.000000 17.528844 -0.143658 0.989627 0.000000 -0.781797 0.000000 0.000000 1.000000 0.000000
0.988715 0.149810 0.000000 18.086833 -0.149810 0.988715 0.000000 -0.870211 0.000000 0.000000 1.000000 0.000000
0.988008 0.154404 0.000000 18.629386 -0.154404 0.988008 0.000000 -0.951036 0.000000 0.000000 1.000000 0.000000
0.987280 0.158989 0.000000 19.195590 -0.158989 0.987280 0.000000 -1.022288 0.000000 0.000000 1.000000 0.000000
0.986216 0.165461 0.000000 19.721304 -0.165461 0.986216 0.000000 -1.110710 0.000000 0.000000 1.000000 0.000000
0.985010 0.172499 0.000000 20.243459 -0.172499 0.985010 0.000000 -1.202239 0.000000 0.000000 1.000000 0.000000
0.983823 0.179145 0.000000 20.800644 -0.179145 0.983823 0.000000 -1.304912 0.000000 0.000000 1.000000 0.000000
0.982105 0.188336 0.000000 21.321793 -0.188336 0.982105 0.000000 -1.405214 0.000000 0.000000 1.000000 0.000000
0.980141 0.198304 0.000000 21.873329 -0.198304 0.980141 0.000000 -1.540619 0.000000 0.000000 1.000000 0.000000
0.978504 0.206227 0.000000 22.616516 -0.206227 0.978504 0.000000 -1.685931 0.000000 0.000000 1.000000 0.000000
0.977458 0.211131 0.000000 23.158409 -0.211131 0.977458 0.000000 -1.821309 0.000000 0.000000 1.000000 0.000000
0.975697 0.219124 0.000000 23.745566 -0.219124 0.975697 0.000000 -1.942052 0.000000 0.000000 1.000000 0.000000
0.973971 0.226674 0.000000 24.289654 -0.226674 0.973971 0.000000 -2.055637 0.000000 0.000000 1.000000 0.000000
0.972225 0.234049 0.000000 24.838258 -0.234049 0.972225 0.000000 -2.174276 0.000000 0.000000 1.000000 0.000000
0.970752 0.240082 0.000000 25.337135 -0.240082 0.970752 0.000000 -2.300187 0.000000 0.000000 1.000000 0.000000
0.969243 0.246106 0.000000 25.880001 -0.246106 0.969243 0.000000 -2.414331 0.000000 0.000000 1.000000 0.000000
0.969444 0.245312 0.000000 26.378750 -0.245312 0.969444 0.000000 -2.534098 0.000000 0.000000 1.000000 0.000000
0.967976 0.251042 0.000000 26.908246 -0.251042 0.967976 0.000000 -2.670269 0.000000 0.000000 1.000000 0.000000
0.964856 0.262777 0.000000 27.931174 -0.262777 0.964856 0.000000 -2.941176 0.000000 0.000000 1.000000 0.000000
0.963381 0.268136 0.000000 28.418221 -0.268136 0.963381 0.000000 -3.071486 0.000000 0.000000 1.000000 0.000000
0.961427 0.275059 0.000000 28.945824 -0.275059 0.961427 0.000000 -3.220433 0.000000 0.000000 1.000000 0.000000
0.959431 0.281942 0.000000 29.613904 -0.281942 0.959431 0.000000 -3.405549 0.000000 0.000000 1.000000 0.000000
0.957868 0.287210 0.000000 30.097421 -0.287210 0.957868 0.000000 -3.536893 0.000000 0.000000 1.000000 0.000000
0.956320 0.292322 0.000000 30.578887 -0.292322 0.956320 0.000000 -3.683604 0.000000 0.000000 1.000000 0.000000
0.953992 0.299833 0.000000 31.091946 -0.299833 0.953992 0.000000 -3.835005 0.000000 0.000000 1.000000 0.000000
0.953083 0.302708 0.000000 31.566260 -0.302708 0.953083 0.000000 -3.993658 0.000000 0.000000 1.000000 0.000000
0.950171 0.311730 0.000000 32.238491 -0.311730 0.950171 0.000000 -4.211221 0.000000 0.000000 1.000000 0.000000
0.948493 0.316799 0.000000 32.743865 -0.316799 0.948493 0.000000 -4.395647 0.000000 0.000000 1.000000 0.000000
0.947292 0.320370 0.000000 33.248476 -0.320370 0.947292 0.000000 -4.576988 0.000000 0.000000 1.000000 0.000000
0.945559 0.325452 0.000000 33.731116 -0.325452 0.945559 0.000000 -4.758571 0.000000 0.000000 1.000000 0.000000
0.943637 0.330983 0.000000 34.242355 -0.330983 0.943637 0.000000 -4.934496 0.000000 0.000000 1.000000 0.000000
0.943995 0.329960 0.000000 34.746333 -0.329960 0.943995 0.000000 -5.124010 0.000000 0.000000 1.000000 0.000000
0.941536 0.336912 0.000000 35.211983 -0.336912 0.941536 0.000000 -5.269926 0.000000 0.000000 1.000000 0.000000
0.940049 0.341039 0.000000 35.710576 -0.341039 0.940049 0.000000 -5.450523 0.000000 0.000000 1.000000 0.000000
0.938197 0.346101 0.000000 36.187011 -0.346101 0.938197 0.000000 -5.625895 0.000000 0.000000 1.000000 0.000000
0.935498 0.353333 0.000000 36.684709 -0.353333 0.935498 0.000000 -5.796116 0.000000 0.000000 1.000000 0.000000
0.933343 0.358987 0.000000 37.155700 -0.358987 0.933343 0.000000 -5.982273 0.000000 0.000000 1.000000 0.000000
0.930612 0.366006 0.000000 37.650514 -0.366006 0.930612 0.000000 -6.189169 0.000000 0.000000 1.000000 0.000000
0.927815 0.373041 0.000000 38.126861 -0.373041 0.927815 0.000000 -6.367210 0.000000 0.000000 1.000000 0.000000
0.925486 0.378783 0.000000 38.622093 -0.378783 0.925486 0.000000 -6.565334 0.000000 0.000000 1.000000 0.000000
0.924309 0.381644 0.000000 39.085442 -0.381644 0.924309 0.000000 -6.718279 0.000000 0.000000 1.000000 0.000000
0.921152 0.389202 0.000000 39.768121 -0.389202 0.921152 0.000000 -7.000932 0.000000 0.000000 1.000000 0.000000
0.916865 0.399198 0.000000 40.472894 -0.399198 0.916865 0.000000 -7.320885 0.000000 0.000000 1.000000 0.000000
0.913758 0.406260 0.000000 40.961617 -0.406260 0.913758 0.000000 -7.523621 0.000000 0.000000 1.000000 0.000000
0.907924 0.419134 0.000000 41.805960 -0.419134 0.907924 0.000000 -7.920857 0.000000 0.000000 1.000000 0.000000
0.905611 0.424109 0.000000 42.285876 -0.424109 0.905611 0.000000 -8.153841 0.000000 0.000000 1.000000 0.000000
0.903419 0.428759 0.000000 42.770880 -0.428759 0.903419 0.000000 -8.390837 0.000000 0.000000 1.000000 0.000000
0.903132 0.429364 0.000000 43.242840 -0.429364 0.903132 0.000000 -8.581105 0.000000 0.000000 1.000000 0.000000
0.898831 0.438295 0.000000 43.722740 -0.438295 0.898831 0.000000 -8.781314 0.000000 0.000000 1.000000 0.000000
0.897877 0.440247 0.000000 44.215569 -0.440247 0.897877 0.000000 -9.030021 0.000000 0.000000 1.000000 0.000000
0.895453 0.445155 0.000000 44.648676 -0.445155 0.895453 0.000000 -9.244367 0.000000 0.000000 1.000000 0.000000
0.892689 0.450673 0.000000 45.100670 -0.450673 0.892689 0.000000 -9.468020 0.000000 0.000000 1.000000 0.000000
0.890987 0.454029 0.000000 45.555234 -0.454029 0.890987 0.000000 -9.691798 0.000000 0.000000 1.000000 0.000000
0.890442 0.455096 0.000000 46.002479 -0.455096 0.890442 0.000000 -9.914342 0.000000 0.000000 1.000000 0.000000
0.888090 0.459670 0.000000 46.432278 -0.459670 0.888090 0.000000 -10.138593 0.000000 0.000000 1.000000 0.000000
0.886254 0.463200 0.000000 46.857867 -0.463200 0.886254 0.000000 -10.374646 0.000000 0.000000 1.000000 0.000000
0.884127 0.467247 0.000000 47.258499 -0.467247 0.884127 0.000000 -10.597490 0.000000 0.000000 1.000000 0.000000
0.883801 0.467863 0.000000 47.667934 -0.467863 0.883801 0.000000 -10.835302 0.000000 0.000000 1.000000 0.000000
0.880990 0.473135 0.000000 48.056184 -0.473135 0.880990 0.000000 -11.050289 0.000000 0.000000 1.000000 0.000000
0.879974 0.475022 0.000000 48.475566 -0.475022 0.879974 0.000000 -11.271678 0.000000 0.000000 1.000000 0.000000
0.879384 0.476114 0.000000 48.876335 -0.476114 0.879384 0.000000 -11.458845 0.000000 0.000000 1.000000 0.000000
0.878143 0.478399 0.000000 49.265072 -0.478399 0.878143 0.000000 -11.671597 0.000000 0.000000 1.000000 0.000000
0.877946 0.478760 0.000000 49.668188 -0.478760 0.877946 0.000000 -11.871410 0.000000 0.000000 1.000000 0.000000
0.873460 0.486897 0.000000 50.077982 -0.486897 0.873460 0.000000 -12.060856 0.000000 0.000000 1.000000 0.000000
0.870512 0.492147 0.000000 50.464504 -0.492147 0.870512 0.000000 -12.260014 0.000000 0.000000 1.000000 0.000000
0.868535 0.495628 0.000000 50.839638 -0.495628 0.868535 0.000000 -12.490495 0.000000 0.000000 1.000000 0.000000
0.864400 0.502804 0.000000 51.216499 -0.502804 0.864400 0.000000 -12.715524 0.000000 0.000000 1.000000 0.000000
0.860819 0.508911 0.000000 51.748121 -0.508911 0.860819 0.000000 -13.053070 0.000000 0.000000 1.000000 0.000000
0.856480 0.516181 0.000000 52.134938 -0.516181 0.856480 0.000000 -13.310392 0.000000 0.000000 1.000000 0.000000
0.851306 0.524669 0.000000 52.507116 -0.524669 0.851306 0.000000 -13.542684 0.000000 0.000000 1.000000 0.000000
0.848792 0.528727 0.000000 52.857879 -0.528727 0.848792 0.000000 -13.774708 0.000000 0.000000 1.000000 0.000000
0.846556 0.532299 0.000000 53.205750 -0.532299 0.846556 0.000000 -13.992148 0.000000 0.000000 1.000000 0.000000
0.842346 0.538937 0.000000 53.553402 -0.538937 0.842346 0.000000 -14.209321 0.000000 0.000000 1.000000 0.000000
0.839502 0.543357 0.000000 53.889899 -0.543357 0.839502 0.000000 -14.451102 0.000000 0.000000 1.000000 0.000000
0.835988 0.548747 0.000000 54.221745 -0.548747 0.835988 0.000000 -14.679374 0.000000 0.000000 1.000000 0.000000
0.832293 0.554336 0.000000 54.549373 -0.554336 0.832293 0.000000 -14.890263 0.000000 0.000000 1.000000 0.000000
0.830560 0.556930 0.000000 54.868897 -0.556930 0.830560 0.000000 -15.119204 0.000000 0.000000 1.000000 0.000000
0.828078 0.560613 0.000000 55.183493 -0.560613 0.828078 0.000000 -15.341311 0.000000 0.000000 1.000000 0.000000
0.825256 0.564759 0.000000 55.790567 -0.564759 0.825256 0.000000 -15.775362 0.000000 0.000000 1.000000 0.000000
0.825048 0.565063 0.000000 56.075500 -0.565063 0.825048 0.000000 -15.968639 0.000000 0.000000 1.000000 0.000000
0.824038 0.566534 0.000000 56.340056 -0.566534 0.824038 0.000000 -16.144865 0.000000 0.000000 1.000000 0.000000
0.823451 0.567387 0.000000 56.608711 -0.567387 0.823451 0.000000 -16.314329 0.000000 0.000000 1.000000 0.000000
0.826082 0.563551 0.000000 56.887474 -0.563551 0.826082 0.000000 -16.506871 0.000000 0.000000 1.000000 0.000000
0.823688 0.567044 0.000000 57.150383 -0.567044 0.823688 0.000000 -16.688483 0.000000 0.000000 1.000000 0.000000
0.821935 0.569581 0.000000 57.426129 -0.569581 0.821935 0.000000 -16.880232 0.000000 0.000000 1.000000 0.000000
0.820546 0.571580 0.000000 57.686600 -0.571580 0.820546 0.000000 -17.046529 0.000000 0.000000 1.000000 0.000000
0.818992 0.573805 0.000000 57.956849 -0.573805 0.818992 0.000000 -17.215138 0.000000 0.000000 1.000000 0.000000
0.819320 0.573337 0.000000 58.189865 -0.573337 0.819320 0.000000 -17.386516 0.000000 0.000000 1.000000 0.000000
0.817085 0.576517 0.000000 58.426963 -0.576517 0.817085 0.000000 -17.535264 0.000000 0.000000 1.000000 0.000000
0.815624 0.578582 0.000000 58.683891 -0.578582 0.815624 0.000000 -17.690002 0.000000 0.000000 1.000000 0.000000
0.811996 0.583663 0.000000 59.039200 -0.583663 0.811996 0.000000 -17.942836 0.000000 0.000000 1.000000 0.000000
0.810818 0.585298 0.000000 59.303471 -0.585298 0.810818 0.000000 -18.118609 0.000000 0.000000 1.000000 0.000000
0.807092 0.590426 0.000000 59.554548 -0.590426 0.807092 0.000000 -18.276948 0.000000 0.000000 1.000000 0.000000
0.804368 0.594132 0.000000 59.778739 -0.594132 0.804368 0.000000 -18.449043 0.000000 0.000000 1.000000 0.000000
0.801219 0.598371 0.000000 59.999962 -0.598371 0.801219 0.000000 -18.622388 0.000000 0.000000 1.000000 0.000000
0.798696 0.601734 0.000000 60.206230 -0.601734 0.798696 0.000000 -18.784945 0.000000 0.000000 1.000000 0.000000
0.798733 0.601686 0.000000 60.404870 -0.601686 0.798733 0.000000 -18.961360 0.000000 0.000000 1.000000 0.000000
0.798246 0.602331 0.000000 60.621153 -0.602331 0.798246 0.000000 -19.129893 0.000000 0.000000 1.000000 0.000000
0.800163 0.599783 0.000000 60.835255 -0.599783 0.800163 0.000000 -19.278825 0.000000 0.000000 1.000000 0.000000
0.799164 0.601113 0.000000 61.020016 -0.601113 0.799164 0.000000 -19.432532 0.000000 0.000000 1.000000 0.000000
0.794870 0.606780 0.000000 61.433015 -0.606780 0.794870 0.000000 -19.720574 0.000000 0.000000 1.000000 0.000000
0.790592 0.612343 0.000000 61.610718 -0.612343 0.790592 0.000000 -19.837772 0.000000 0.000000 1.000000 0.000000
0.789571 0.613659 0.000000 61.764916 -0.613659 0.789571 0.000000 -19.967017 0.000000 0.000000 1.000000 0.000000
0.789944 0.613179 0.000000 61.941318 -0.613179 0.789944 0.000000 -20.098153 0.000000 0.000000 1.000000 0.000000
0.789729 0.613456 0.000000 62.093421 -0.613456 0.789729 0.000000 -20.225151 0.000000 0.000000 1.000000 0.000000
0.788286 0.615309 0.000000 62.255990 -0.615309 0.788286 0.000000 -20.343283 0.000000 0.000000 1.000000 0.000000
0.788012 0.615659 0.000000 62.414315 -0.615659 0.788012 0.000000 -20.473370 0.000000 0.000000 1.000000 0.000000
0.785975 0.618259 0.000000 62.573064 -0.618259 0.785975 0.000000 -20.573875 0.000000 0.000000 1.000000 0.000000
0.784800 0.619749 0.000000 62.742408 -0.619749 0.784800 0.000000 -20.692118 0.000000 0.000000 1.000000 0.000000
0.781084 0.624426 0.000000 63.053462 -0.624426 0.781084 0.000000 -20.924748 0.000000 0.000000 1.000000 0.000000
0.779555 0.626334 0.000000 63.210962 -0.626334 0.779555 0.000000 -21.028636 0.000000 0.000000 1.000000 0.000000
0.778800 0.627272 0.000000 63.359429 -0.627272 0.778800 0.000000 -21.143205 0.000000 0.000000 1.000000 0.000000
0.777100 0.629377 0.000000 63.608974 -0.629377 0.777100 0.000000 -21.336173 0.000000 0.000000 1.000000 0.000000
0.775926 0.630823 0.000000 63.769764 -0.630823 0.775926 0.000000 -21.464203 0.000000 0.000000 1.000000 0.000000
0.773351 0.633978 0.000000 63.930721 -0.633978 0.773351 0.000000 -21.587428 0.000000 0.000000 1.000000 0.000000
0.771256 0.636525 0.000000 64.090060 -0.636525 0.771256 0.000000 -21.712029 0.000000 0.000000 1.000000 0.000000
0.771613 0.636092 0.000000 64.252381 -0.636092 0.771613 0.000000 -21.835816 0.000000 0.000000 1.000000 0.000000
0.770060 0.637972 0.000000 64.411045 -0.637972 0.770060 0.000000 -21.954690 0.000000 0.000000 1.000000 0.000000
0.768740 0.639561 0.000000 64.564506 -0.639561 0.768740 0.000000 -22.068045 0.000000 0.000000 1.000000 0.000000
0.765339 0.643628 0.000000 64.886866 -0.643628 0.765339 0.000000 -22.316041 0.000000 0.000000 1.000000 0.000000
0.762991 0.646410 0.000000 65.051827 -0.646410 0.762991 0.000000 -22.444858 0.000000 0.000000 1.000000 0.000000
0.761134 0.648594 0.000000 65.224764 -0.648594 0.761134 0.000000 -22.575008 0.000000 0.000000 1.000000 0.000000
0.758772 0.651356 0.000000 65.384422 -0.651356 0.758772 0.000000 -22.700895 0.000000 0.000000 1.000000 0.000000
0.757562 0.652763 0.000000 65.550785 -0.652763 0.757562 0.000000 -22.847420 0.000000 0.000000 1.000000 0.000000
0.756661 0.653808 0.000000 65.712527 -0.653808 0.756661 0.000000 -22.985211 0.000000 0.000000 1.000000 0.000000
0.754655 0.656122 0.000000 65.865225 -0.656122 0.754655 0.000000 -23.126423 0.000000 0.000000 1.000000 0.000000
0.752713 0.658349 0.000000 66.020650 -0.658349 0.752713 0.000000 -23.280336 0.000000 0.000000 1.000000 0.000000
0.749632 0.661854 0.000000 66.189653 -0.661854 0.749632 0.000000 -23.408933 0.000000 0.000000 1.000000 0.000000
0.745483 0.666524 0.000000 66.358372 -0.666524 0.745483 0.000000 -23.553469 0.000000 0.000000 1.000000 0.000000
0.741477 0.670978 0.000000 66.534714 -0.670978 0.741477 0.000000 -23.699606 0.000000 0.000000 1.000000 0.000000
0.739096 0.673600 0.000000 66.708147 -0.673600 0.739096 0.000000 -23.849694 0.000000 0.000000 1.000000 0.000000
0.736848 0.676059 0.000000 66.900535 -0.676059 0.736848 0.000000 -24.000122 0.000000 0.000000 1.000000 0.000000
0.735331 0.677708 0.000000 67.062249 -0.677708 0.735331 0.000000 -24.165209 0.000000 0.000000 1.000000 0.000000
0.731793 0.681527 0.000000 67.246971 -0.681527 0.731793 0.000000 -24.331438 0.000000 0.000000 1.000000 0.000000
0.729493 0.683989 0.000000 67.409208 -0.683989 0.729493 0.000000 -24.502935 0.000000 0.000000 1.000000 0.000000
0.723974 0.689827 0.000000 67.678493 -0.689827 0.723974 0.000000 -24.755263 0.000000 0.000000 1.000000 0.000000
0.720739 0.693206 0.000000 67.846372 -0.693206 0.720739 0.000000 -24.942071 0.000000 0.000000 1.000000 0.000000
0.719177 0.694827 0.000000 68.032251 -0.694827 0.719177 0.000000 -25.128329 0.000000 0.000000 1.000000 0.000000
0.717629 0.696426 0.000000 68.204463 -0.696426 0.717629 0.000000 -25.317586 0.000000 0.000000 1.000000 0.000000
0.713691 0.700461 0.000000 68.574148 -0.700461 0.713691 0.000000 -25.704533 0.000000 0.000000 1.000000 0.000000
0.711526 0.702660 0.000000 68.761978 -0.702660 0.711526 0.000000 -25.877666 0.000000 0.000000 1.000000 0.000000
0.709404 0.704802 0.000000 68.936527 -0.704802 0.709404 0.000000 -26.040283 0.000000 0.000000 1.000000 0.000000
0.707306 0.706908 0.000000 69.130523 -0.706908 0.707306 0.000000 -26.221312 0.000000 0.000000 1.000000 0.000000
0.706248 0.707965 0.000000 69.391791 -0.707965 0.706248 0.000000 -26.483908 0.000000 0.000000 1.000000 0.000000
0.701089 0.713074 0.000000 69.583157 -0.713074 0.701089 0.000000 -26.668007 0.000000 0.000000 1.000000 0.000000
0.697553 0.716534 0.000000 69.760102 -0.716534 0.697553 0.000000 -26.857955 0.000000 0.000000 1.000000 0.000000
0.692547 0.721373 0.000000 69.942540 -0.721373 0.692547 0.000000 -27.062292 0.000000 0.000000 1.000000 0.000000
0.691351 0.722519 0.000000 70.105480 -0.722519 0.691351 0.000000 -27.249591 0.000000 0.000000 1.000000 0.000000
0.689392 0.724389 0.000000 70.273729 -0.724389 0.689392 0.000000 -27.436797 0.000000 0.000000 1.000000 0.000000
0.686217 0.727397 0.000000 70.466871 -0.727397 0.686217 0.000000 -27.629812 0.000000 0.000000 1.000000 0.000000
0.686074 0.727532 0.000000 70.626321 -0.727532 0.686074 0.000000 -27.818962 0.000000 0.000000 1.000000 0.000000
0.684162 0.729330 0.000000 70.790203 -0.729330 0.684162 0.000000 -28.001381 0.000000 0.000000 1.000000 0.000000
0.681713 0.731620 0.000000 70.969633 -0.731620 0.681713 0.000000 -28.195455 0.000000 0.000000 1.000000 0.000000
0.681464 0.731852 0.000000 71.135222 -0.731852 0.681464 0.000000 -28.377107 0.000000 0.000000 1.000000 0.000000
0.682010 0.731343 0.000000 71.360975 -0.731343 0.682010 0.000000 -28.622515 0.000000 0.000000 1.000000 0.000000
0.680917 0.732361 0.000000 71.535042 -0.732361 0.680917 0.000000 -28.823045 0.000000 0.000000 1.000000 0.000000
0.679510 0.733666 0.000000 71.702899 -0.733666 0.679510 0.000000 -29.016496 0.000000 0.000000 1.000000 0.000000
0.679885 0.733319 0.000000 71.868921 -0.733319 0.679885 0.000000 -29.206980 0.000000 0.000000 1.000000 0.000000
0.678576 0.734530 0.000000 72.034621 -0.734530 0.678576 0.000000 -29.395308 0.000000 0.000000 1.000000 0.000000
0.681864 0.731479 0.000000 72.205391 -0.731479 0.681864 0.000000 -29.580672 0.000000 0.000000 1.000000 0.000000
0.686431 0.727194 0.000000 72.370806 -0.727194 0.686431 0.000000 -29.769193 0.000000 0.000000 1.000000 0.000000
0.685736 0.727851 0.000000 72.544646 -0.727851 0.685736 0.000000 -29.940247 0.000000 0.000000 1.000000 0.000000
0.687781 0.725918 0.000000 72.720552 -0.725918 0.687781 0.000000 -30.102118 0.000000 0.000000 1.000000 0.000000
0.688475 0.725260 0.000000 72.876017 -0.725260 0.688475 0.000000 -30.261075 0.000000 0.000000 1.000000 0.000000
0.687607 0.726083 0.000000 73.195208 -0.726083 0.687607 0.000000 -30.586305 0.000000 0.000000 1.000000 0.000000
0.688249 0.725474 0.000000 73.361399 -0.725474 0.688249 0.000000 -30.759461 0.000000 0.000000 1.000000 0.000000
0.690557 0.723278 0.000000 73.526281 -0.723278 0.690557 0.000000 -30.931393 0.000000 0.000000 1.000000 0.000000
0.691343 0.722527 0.000000 73.661651 -0.722527 0.691343 0.000000 -31.091330 0.000000 0.000000 1.000000 0.000000
0.693238 0.720709 0.000000 73.818149 -0.720709 0.693238 0.000000 -31.257081 0.000000 0.000000 1.000000 0.000000
0.694201 0.719781 0.000000 73.970450 -0.719781 0.694201 0.000000 -31.408065 0.000000 0.000000 1.000000 0.000000
0.693402 0.720551 0.000000 74.123496 -0.720551 0.693402 0.000000 -31.556118 0.000000 0.000000 1.000000 0.000000
0.694763 0.719238 0.000000 74.371958 -0.719238 0.694763 0.000000 -31.822610 0.000000 0.000000 1.000000 0.000000
0.696381 0.717673 0.000000 74.510471 -0.717673 0.696381 0.000000 -31.982905 0.000000 0.000000 1.000000 0.000000
0.699144 0.714981 0.000000 74.645058 -0.714981 0.699144 0.000000 -32.141675 0.000000 0.000000 1.000000 0.000000
0.700842 0.713316 0.000000 74.786093 -0.713316 0.700842 0.000000 -32.295482 0.000000 0.000000 1.000000 0.000000
0.703423 0.710771 0.000000 74.928407 -0.710771 0.703423 0.000000 -32.446576 0.000000 0.000000 1.000000 0.000000
0.705705 0.708506 0.000000 75.068218 -0.708506 0.705705 0.000000 -32.594212 0.000000 0.000000 1.000000 0.000000
0.713385 0.700772 0.000000 75.338293 -0.700772 0.713385 0.000000 -32.877019 0.000000 0.000000 1.000000 0.000000
0.716462 0.697626 0.000000 75.474284 -0.697626 0.716462 0.000000 -32.988562 0.000000 0.000000 1.000000 0.000000
0.719419 0.694576 0.000000 75.591956 -0.694576 0.719419 0.000000 -33.104686 0.000000 0.000000 1.000000 0.000000
0.725850 0.687853 0.000000 75.801582 -0.687853 0.725850 0.000000 -33.311479 0.000000 0.000000 1.000000 0.000000
0.729866 0.683590 0.000000 76.096829 -0.683590 0.729866 0.000000 -33.578714 0.000000 0.000000 1.000000 0.000000
0.736483 0.676456 0.000000 76.254254 -0.676456 0.736483 0.000000 -33.742974 0.000000 0.000000 1.000000 0.000000
0.739447 0.673215 0.000000 76.359856 -0.673215 0.739447 0.000000 -33.836802 0.000000 0.000000 1.000000 0.000000
0.748341 0.663315 0.000000 76.562184 -0.663315 0.748341 0.000000 -34.031091 0.000000 0.000000 1.000000 0.000000
0.752407 0.658698 0.000000 76.668473 -0.658698 0.752407 0.000000 -34.127280 0.000000 0.000000 1.000000 0.000000
0.755760 0.654849 0.000000 76.766523 -0.654849 0.755760 0.000000 -34.212580 0.000000 0.000000 1.000000 0.000000
0.758596 0.651561 0.000000 76.865698 -0.651561 0.758596 0.000000 -34.293128 0.000000 0.000000 1.000000 0.000000
0.764004 0.645211 0.000000 77.012305 -0.645211 0.764004 0.000000 -34.422607 0.000000 0.000000 1.000000 0.000000
0.769657 0.638458 0.000000 77.193911 -0.638458 0.769657 0.000000 -34.589887 0.000000 0.000000 1.000000 0.000000
0.773430 0.633881 0.000000 77.287415 -0.633881 0.773430 0.000000 -34.667080 0.000000 0.000000 1.000000 0.000000
0.777149 0.629316 0.000000 77.374617 -0.629316 0.777149 0.000000 -34.736586 0.000000 0.000000 1.000000 0.000000
0.780411 0.625267 0.000000 77.453686 -0.625267 0.780411 0.000000 -34.807124 0.000000 0.000000 1.000000 0.000000
0.783956 0.620817 0.000000 77.543281 -0.620817 0.783956 0.000000 -34.871486 0.000000 0.000000 1.000000 0.000000
0.786333 0.617803 0.000000 77.629241 -0.617803 0.786333 0.000000 -34.925284 0.000000 0.000000 1.000000 0.000000
0.793467 0.608614 0.000000 77.775961 -0.608614 0.793467 0.000000 -35.045452 0.000000 0.000000 1.000000 0.000000
0.795818 0.605536 0.000000 77.843807 -0.605536 0.795818 0.000000 -35.094364 0.000000 0.000000 1.000000 0.000000
0.799312 0.600916 0.000000 77.909795 -0.600916 0.799312 0.000000 -35.141488 0.000000 0.000000 1.000000 0.000000
0.801002 0.598662 0.000000 77.960258 -0.598662 0.801002 0.000000 -35.181232 0.000000 0.000000 1.000000 0.000000
0.804195 0.594366 0.000000 78.014768 -0.594366 0.804195 0.000000 -35.223099 0.000000 0.000000 1.000000 0.000000
0.805428 0.592693 0.000000 78.059489 -0.592693 0.805428 0.000000 -35.253731 0.000000 0.000000 1.000000 0.000000
0.806518 0.591210 0.000000 78.108471 -0.591210 0.806518 0.000000 -35.288771 0.000000 0.000000 1.000000 0.000000
0.807557 0.589790 0.000000 78.176964 -0.589790 0.807557 0.000000 -35.337231 0.000000 0.000000 1.000000 0.000000
0.809016 0.587787 0.000000 78.215360 -0.587787 0.809016 0.000000 -35.360301 0.000000 0.000000 1.000000 0.000000
0.809686 0.586863 0.000000 78.247892 -0.586863 0.809686 0.000000 -35.382281 0.000000 0.000000 1.000000 0.000000
0.810475 0.585773 0.000000 78.278116 -0.585773 0.810475 0.000000 -35.401384 0.000000 0.000000 1.000000 0.000000
0.811698 0.584077 0.000000 78.301395 -0.584077 0.811698 0.000000 -35.414810 0.000000 0.000000 1.000000 0.000000
0.812895 0.582411 0.000000 78.324920 -0.582411 0.812895 0.000000 -35.429885 0.000000 0.000000 1.000000 0.000000
0.812701 0.582681 0.000000 78.343357 -0.582681 0.812701 0.000000 -35.445195 0.000000 0.000000 1.000000 0.000000
0.813100 0.582124 0.000000 78.357112 -0.582124 0.813100 0.000000 -35.466229 0.000000 0.000000 1.000000 0.000000
0.814784 0.579765 0.000000 78.366834 -0.579765 0.814784 0.000000 -35.482724 0.000000 0.000000 1.000000 0.000000
0.814112 0.580707 0.000000 78.369800 -0.580707 0.814112 0.000000 -35.475977 0.000000 0.000000 1.000000 0.000000
0.815029 0.579420 0.000000 78.366510 -0.579420 0.815029 0.000000 -35.479785 0.000000 0.000000 1.000000 0.000000
0.815010 0.579446 0.000000 78.361992 -0.579446 0.815010 0.000000 -35.477134 0.000000 0.000000 1.000000 0.000000
0.814216 0.580562 0.000000 78.362551 -0.580562 0.814216 0.000000 -35.467874 0.000000 0.000000 1.000000 0.000000
0.814160 0.580641 0.000000 78.358132 -0.580641 0.814160 0.000000 -35.467632 0.000000 0.000000 1.000000 0.000000
0.814010 0.580851 0.000000 78.357569 -0.580851 0.814010 0.000000 -35.466326 0.000000 0.000000 1.000000 0.000000
0.815131 0.579276 0.000000 78.355326 -0.579276 0.815131 0.000000 -35.470631 0.000000 0.000000 1.000000 0.000000
0.815195 0.579186 0.000000 78.352370 -0.579186 0.815195 0.000000 -35.471845 0.000000 0.000000 1.000000 0.000000
0.814406 0.580295 0.000000 78.352660 -0.580295 0.814406 0.000000 -35.469825 0.000000 0.000000 1.000000 0.000000
0.814158 0.580643 0.000000 78.352920 -0.580643 0.814158 0.000000 -35.470685 0.000000 0.000000 1.000000 0.000000
0.814217 0.580561 0.000000 78.351284 -0.580561 0.814217 0.000000 -35.471530 0.000000 0.000000 1.000000 0.000000
0.814201 0.580583 0.000000 78.347884 -0.580583 0.814201 0.000000 -35.474856 0.000000 0.000000 1.000000 0.000000
0.814261 0.580499 0.000000 78.346908 -0.580499 0.814261 0.000000 -35.472491 0.000000 0.000000 1.000000 0.000000
0.814078 0.580755 0.000000 78.348641 -0.580755 0.814078 0.000000 -35.469844 0.000000 0.000000 1.000000 0.000000
0.814069 0.580768 0.000000 78.346998 -0.580768 0.814069 0.000000 -35.467635 0.000000 0.000000 1.000000 0.000000
0.814108 0.580713 0.000000 78.345220 -0.580713 0.814108 0.000000 -35.467957 0.000000 0.000000 1.000000 0.000000
0.814150 0.580655 0.000000 78.345603 -0.580655 0.814150 0.000000 -35.467689 0.000000 0.000000 1.000000 0.000000
0.814225 0.580549 0.000000 78.344885 -0.580549 0.814225 0.000000 -35.467904 0.000000 0.000000 1.000000 0.000000
0.814287 0.580463 0.000000 78.345182 -0.580463 0.814287 0.000000 -35.469873 0.000000 0.000000 1.000000 0.000000
0.814291 0.580457 0.000000 78.345789 -0.580457 0.814291 0.000000 -35.470361 0.000000 0.000000 1.000000 0.000000
0.814289 0.580460 0.000000 78.343397 -0.580460 0.814289 0.000000 -35.468783 0.000000 0.000000 1.000000 0.000000
0.814240 0.580528 0.000000 78.341835 -0.580528 0.814240 0.000000 -35.467978 0.000000 0.000000 1.000000 0.000000
0.814217 0.580560 0.000000 78.342655 -0.580560 0.814217 0.000000 -35.471484 0.000000 0.000000 1.000000 0.000000
0.814055 0.580788 0.000000 78.342685 -0.580788 0.814055 0.000000 -35.474354 0.000000 0.000000 1.000000 0.000000
0.813999 0.580867 0.000000 78.343764 -0.580867 0.813999 0.000000 -35.475731 0.000000 0.000000 1.000000 0.000000
0.813961 0.580920 0.000000 78.344019 -0.580920 0.813961 0.000000 -35.476134 0.000000 0.000000 1.000000 0.000000
0.814070 0.580766 0.000000 78.344478 -0.580766 0.814070 0.000000 -35.474040 0.000000 0.000000 1.000000 0.000000
0.814140 0.580669 0.000000 78.342499 -0.580669 0.814140 0.000000 -35.471337 0.000000 0.000000 1.000000 0.000000
0.814147 0.580659 0.000000 78.342219 -0.580659 0.814147 0.000000 -35.469649 0.000000 0.000000 1.000000 0.000000
0.814139 0.580671 0.000000 78.342277 -0.580671 0.814139 0.000000 -35.467040 0.000000 0.000000 1.000000 0.000000
0.814109 0.580712 0.000000 78.342201 -0.580712 0.814109 0.000000 -35.466787 0.000000 0.000000 1.000000 0.000000
0.814083 0.580748 0.000000 78.340232 -0.580748 0.814083 0.000000 -35.465778 0.000000 0.000000 1.000000 0.000000
0.814039 0.580810 0.000000 78.340080 -0.580810 0.814039 0.000000 -35.465959 0.000000 0.000000 1.000000 0.000000
0.814124 0.580691 0.000000 78.341451 -0.580691 0.814124 0.000000 -35.465651 0.000000 0.000000 1.000000 0.000000
0.814184 0.580606 0.000000 78.342382 -0.580606 0.814184 0.000000 -35.463675 0.000000 0.000000 1.000000 0.000000
0.814251 0.580513 0.000000 78.343886 -0.580513 0.814251 0.000000 -35.463409 0.000000 0.000000 1.000000 0.000000
0.814284 0.580467 0.000000 78.344044 -0.580467 0.814284 0.000000 -35.462156 0.000000 0.000000 1.000000 0.000000
0.814282 0.580469 0.000000 78.342057 -0.580469 0.814282 0.000000 -35.462372 0.000000 0.000000 1.000000 0.000000
0.814615 0.580002 0.000000 78.337817 -0.580002 0.814615 0.000000 -35.464622 0.000000 0.000000 1.000000 0.000000
0.814477 0.580196 0.000000 78.337450 -0.580196 0.814477 0.000000 -35.464393 0.000000 0.000000 1.000000 0.000000
0.814352 0.580371 0.000000 78.336658 -0.580371 0.814352 0.000000 -35.465967 0.000000 0.000000 1.000000 0.000000
0.814327 0.580406 0.000000 78.336036 -0.580406 0.814327 0.000000 -35.466442 0.000000 0.000000 1.000000 0.000000
0.814376 0.580337 0.000000 78.334535 -0.580337 0.814376 0.000000 -35.470635 0.000000 0.000000 1.000000 0.000000
0.814619 0.579997 0.000000 78.333779 -0.579997 0.814619 0.000000 -35.472171 0.000000 0.000000 1.000000 0.000000
0.814671 0.579923 0.000000 78.335045 -0.579923 0.814671 0.000000 -35.475235 0.000000 0.000000 1.000000 0.000000
0.814646 0.579958 0.000000 78.333016 -0.579958 0.814646 0.000000 -35.479970 0.000000 0.000000 1.000000 0.000000
0.814109 0.580713 0.000000 78.334904 -0.580713 0.814109 0.000000 -35.481896 0.000000 0.000000 1.000000 0.000000
0.813951 0.580934 0.000000 78.335819 -0.580934 0.813951 0.000000 -35.478816 0.000000 0.000000 1.000000 0.000000
0.813007 0.582254 0.000000 78.339635 -0.582254 0.813007 0.000000 -35.481479 0.000000 0.000000 1.000000 0.000000
0.813449 0.581636 0.000000 78.342652 -0.581636 0.813449 0.000000 -35.487075 0.000000 0.000000 1.000000 0.000000
0.813723 0.581253 0.000000 78.341862 -0.581253 0.813723 0.000000 -35.503159 0.000000 0.000000 1.000000 0.000000
0.814053 0.580791 0.000000 78.343025 -0.580791 0.814053 0.000000 -35.516553 0.000000 0.000000 1.000000 0.000000
0.815547 0.578691 0.000000 78.339009 -0.578691 0.815547 0.000000 -35.523074 0.000000 0.000000 1.000000 0.000000
0.816004 0.578046 0.000000 78.339361 -0.578046 0.816004 0.000000 -35.525543 0.000000 0.000000 1.000000 0.000000
0.816327 0.577590 0.000000 78.335420 -0.577590 0.816327 0.000000 -35.525204 0.000000 0.000000 1.000000 0.000000
0.816517 0.577322 0.000000 78.333037 -0.577322 0.816517 0.000000 -35.517375 0.000000 0.000000 1.000000 0.000000
0.816381 0.577513 0.000000 78.336010 -0.577513 0.816381 0.000000 -35.512119 0.000000 0.000000 1.000000 0.000000
0.816453 0.577412 0.000000 78.336779 -0.577412 0.816453 0.000000 -35.509864 0.000000 0.000000 1.000000 0.000000
0.816365 0.577536 0.000000 78.337979 -0.577536 0.816365 0.000000 -35.511790 0.000000 0.000000 1.000000 0.000000
0.816272 0.577668 0.000000 78.340486 -0.577668 0.816272 0.000000 -35.508426 0.000000 0.000000 1.000000 0.000000
0.816484 0.577368 0.000000 78.338187 -0.577368 0.816484 0.000000 -35.507245 0.000000 0.000000 1.000000 0.000000
0.816426 0.577451 0.000000 78.336246 -0.577451 0.816426 0.000000 -35.505035 0.000000 0.000000 1.000000 0.000000
0.816581 0.577231 0.000000 78.336010 -0.577231 0.816581 0.000000 -35.506063 0.000000 0.000000 1.000000 0.000000
0.816714 0.577043 0.000000 78.337160 -0.577043 0.816714 0.000000 -35.505511 0.000000 0.000000 1.000000 0.000000
0.816789 0.576936 0.000000 78.335975 -0.576936 0.816789 0.000000 -35.505911 0.000000 0.000000 1.000000 0.000000
0.817415 0.576049 0.000000 78.333820 -0.576049 0.817415 0.000000 -35.506528 0.000000 0.000000 1.000000 0.000000
0.817821 0.575473 0.000000 78.332225 -0.575473 0.817821 0.000000 -35.502954 0.000000 0.000000 1.000000 0.000000
0.818465 0.574556 0.000000 78.329251 -0.574556 0.818465 0.000000 -35.505192 0.000000 0.000000 1.000000 0.000000
0.819066 0.573699 0.000000 78.332624 -0.573699 0.819066 0.000000 -35.505213 0.000000 0.000000 1.000000 0.000000
0.819082 0.573676 0.000000 78.333887 -0.573676 0.819082 0.000000 -35.503352 0.000000 0.000000 1.000000 0.000000
0.818797 0.574083 0.000000 78.338396 -0.574083 0.818797 0.000000 -35.511268 0.000000 0.000000 1.000000 0.000000
0.817641 0.575728 0.000000 78.344686 -0.575728 0.817641 0.000000 -35.521014 0.000000 0.000000 1.000000 0.000000
0.816955 0.576702 0.000000 78.348546 -0.576702 0.816955 0.000000 -35.534123 0.000000 0.000000 1.000000 0.000000
0.816468 0.577391 0.000000 78.346126 -0.577391 0.816468 0.000000 -35.543311 0.000000 0.000000 1.000000 0.000000
0.815867 0.578240 0.000000 78.342398 -0.578240 0.815867 0.000000 -35.554070 0.000000 0.000000 1.000000 0.000000
0.815283 0.579062 0.000000 78.342625 -0.579062 0.815283 0.000000 -35.563032 0.000000 0.000000 1.000000 0.000000
0.814180 0.580613 0.000000 78.343735 -0.580613 0.814180 0.000000 -35.574872 0.000000 0.000000 1.000000 0.000000
0.813577 0.581457 0.000000 78.345999 -0.581457 0.813577 0.000000 -35.584346 0.000000 0.000000 1.000000 0.000000
0.813702 0.581283 0.000000 78.346447 -0.581283 0.813702 0.000000 -35.604794 0.000000 0.000000 1.000000 0.000000
0.814111 0.580710 0.000000 78.348118 -0.580710 0.814111 0.000000 -35.622266 0.000000 0.000000 1.000000 0.000000
0.814748 0.579815 0.000000 78.351585 -0.579815 0.814748 0.000000 -35.635615 0.000000 0.000000 1.000000 0.000000
0.815709 0.578462 0.000000 78.358077 -0.578462 0.815709 0.000000 -35.636390 0.000000 0.000000 1.000000 0.000000
0.816779 0.576951 0.000000 78.360692 -0.576951 0.816779 0.000000 -35.649620 0.000000 0.000000 1.000000 0.000000
0.817325 0.576177 0.000000 78.368247 -0.576177 0.817325 0.000000 -35.659791 0.000000 0.000000 1.000000 0.000000
0.817467 0.575975 0.000000 78.378725 -0.575975 0.817467 0.000000 -35.668453 0.000000 0.000000 1.000000 0.000000
0.817247 0.576288 0.000000 78.396219 -0.576288 0.817247 0.000000 -35.683667 0.000000 0.000000 1.000000 0.000000
0.816865 0.576829 0.000000 78.399370 -0.576829 0.816865 0.000000 -35.702082 0.000000 0.000000 1.000000 0.000000
0.816684 0.577085 0.000000 78.416985 -0.577085 0.816684 0.000000 -35.717491 0.000000 0.000000 1.000000 0.000000
0.816614 0.577184 0.000000 78.445714 -0.577184 0.816614 0.000000 -35.746422 0.000000 0.000000 1.000000 0.000000
0.817466 0.575977 0.000000 78.452276 -0.575977 0.817466 0.000000 -35.774471 0.000000 0.000000 1.000000 0.000000
0.817819 0.575476 0.000000 78.463625 -0.575476 0.817819 0.000000 -35.792967 0.000000 0.000000 1.000000 0.000000
0.818669 0.574265 0.000000 78.473479 -0.574265 0.818669 0.000000 -35.811487 0.000000 0.000000 1.000000 0.000000
0.819479 0.573109 0.000000 78.483911 -0.573109 0.819479 0.000000 -35.825912 0.000000 0.000000 1.000000 0.000000
0.821109 0.570772 0.000000 78.489393 -0.570772 0.821109 0.000000 -35.836967 0.000000 0.000000 1.000000 0.000000
0.821845 0.569711 0.000000 78.493104 -0.569711 0.821845 0.000000 -35.840187 0.000000 0.000000 1.000000 0.000000
0.822320 0.569025 0.000000 78.497190 -0.569025 0.822320 0.000000 -35.839391 0.000000 0.000000 1.000000 0.000000
0.822564 0.568672 0.000000 78.506774 -0.568672 0.822564 0.000000 -35.840184 0.000000 0.000000 1.000000 0.000000
0.822099 0.569345 0.000000 78.513814 -0.569345 0.822099 0.000000 -35.835218 0.000000 0.000000 1.000000 0.000000
0.821819 0.569749 0.000000 78.516373 -0.569749 0.821819 0.000000 -35.840951 0.000000 0.000000 1.000000 0.000000
0.821337 0.570443 0.000000 78.516597 -0.570443 0.821337 0.000000 -35.843347 0.000000 0.000000 1.000000 0.000000
0.821382 0.570379 0.000000 78.516354 -0.570379 0.821382 0.000000 -35.845430 0.000000 0.000000 1.000000 0.000000
0.821283 0.570521 0.000000 78.513990 -0.570521 0.821283 0.000000 -35.851741 0.000000 0.000000 1.000000 0.000000
0.821391 0.570366 0.000000 78.509529 -0.570366 0.821391 0.000000 -35.860345 0.000000 0.000000 1.000000 0.000000
0.822037 0.569435 0.000000 78.506436 -0.569435 0.822037 0.000000 -35.859392 0.000000 0.000000 1.000000 0.000000
0.822465 0.568815 0.000000 78.502187 -0.568815 0.822465 0.000000 -35.864956 0.000000 0.000000 1.000000 0.000000
0.822575 0.568656 0.000000 78.501439 -0.568656 0.822575 0.000000 -35.867917 0.000000 0.000000 1.000000 0.000000
0.822468 0.568811 0.000000 78.505380 -0.568811 0.822468 0.000000 -35.865755 0.000000 0.000000 1.000000 0.000000
0.822751 0.568403 0.000000 78.507991 -0.568403 0.822751 0.000000 -35.868162 0.000000 0.000000 1.000000 0.000000
0.822869 0.568231 0.000000 78.505490 -0.568231 0.822869 0.000000 -35.869035 0.000000 0.000000 1.000000 0.000000
0.823821 0.566850 0.000000 78.503429 -0.566850 0.823821 0.000000 -35.874324 0.000000 0.000000 1.000000 0.000000
0.823780 0.566910 0.000000 78.504883 -0.566910 0.823780 0.000000 -35.872313 0.000000 0.000000 1.000000 0.000000
0.823972 0.566630 0.000000 78.503659 -0.566630 0.823972 0.000000 -35.870478 0.000000 0.000000 1.000000 0.000000
0.824519 0.565835 0.000000 78.504862 -0.565835 0.824519 0.000000 -35.872428 0.000000 0.000000 1.000000 0.000000
0.824588 0.565734 0.000000 78.510334 -0.565734 0.824588 0.000000 -35.871954 0.000000 0.000000 1.000000 0.000000
0.824841 0.565365 0.000000 78.509459 -0.565365 0.824841 0.000000 -35.874096 0.000000 0.000000 1.000000 0.000000
0.824964 0.565186 0.000000 78.508573 -0.565186 0.824964 0.000000 -35.871477 0.000000 0.000000 1.000000 0.000000
0.824977 0.565166 0.000000 78.512401 -0.565166 0.824977 0.000000 -35.870364 0.000000 0.000000 1.000000 0.000000
0.825303 0.564690 0.000000 78.510020 -0.564690 0.825303 0.000000 -35.868219 0.000000 0.000000 1.000000 0.000000
0.825106 0.564979 0.000000 78.511697 -0.564979 0.825106 0.000000 -35.865428 0.000000 0.000000 1.000000 0.000000
0.825827 0.563923 0.000000 78.511633 -0.563923 0.825827 0.000000 -35.868330 0.000000 0.000000 1.000000 0.000000
