0.999999 0.000736 0.000000 0.631754 -0.000736 1.000000 0.000000 -0.006086 0.000000 0.000000 1.000000 0.000000
0.999988 0.001620 0.000000 1.894346 -0.001613 0.999998 0.000000 -0.018741 0.000000 0.000000 1.000000 0.000000
0.999984 0.001928 0.000000 2.530119 -0.001919 0.999996 0.000000 -0.026441 0.000000 0.000000 1.000000 0.000000
0.999990 0.001959 0.000000 3.159723 -0.001948 0.999994 0.000000 -0.034343 0.000000 0.000000 1.000000 0.000000
0.999990 0.003519 0.000000 3.786441 -0.003510 0.999988 0.000000 -0.042521 0.000000 0.000000 1.000000 0.000000
0.999993 0.003529 0.000000 4.452343 -0.003524 0.999987 0.000000 -0.049575 0.000000 0.000000 1.000000 0.000000
0.999995 0.002919 0.000000 5.069547 -0.002915 0.999990 0.000000 -0.054336 0.000000 0.000000 1.000000 0.000000
0.999989 0.004494 0.000000 5.682247 -0.004490 0.999986 0.000000 -0.063253 0.000000 0.000000 1.000000 0.000000
0.999986 0.005164 0.000000 6.303994 -0.005161 0.999984 0.000000 -0.074175 0.000000 0.000000 1.000000 0.000000
0.999984 0.005572 0.000000 6.929621 -0.005567 0.999977 0.000000 -0.085131 0.000000 0.000000 1.000000 0.000000
0.999988 0.004819 0.000000 7.543512 -0.004813 0.999972 0.000000 -0.093560 0.000000 0.000000 1.000000 0.000000
0.999990 0.004233 0.000000 8.160470 -0.004225 0.999969 0.000000 -0.102447 0.000000 0.000000 1.000000 0.000000
0.999993 0.003588 0.000000 8.767234 -0.003585 0.999970 0.000000 -0.109379 0.000000 0.000000 1.000000 0.000000
0.999994 0.003446 0.000000 9.407977 -0.003451 0.999963 0.000000 -0.117227 0.000000 0.000000 1.000000 0.000000
0.999990 0.004199 0.000000 9.986762 -0.004208 0.999960 0.000000 -0.125744 0.000000 0.000000 1.000000 0.000000
0.999988 0.004822 0.000000 10.609334 -0.004829 0.999954 0.000000 -0.134166 0.000000 0.000000 1.000000 0.000000
0.999983 0.005566 0.000000 11.227833 -0.005580 0.999940 0.000000 -0.143624 0.000000 0.000000 1.000000 0.000000
0.999987 0.005099 0.000000 11.877018 -0.005097 0.999943 0.000000 -0.153108 0.000000 0.000000 1.000000 0.000000
0.999989 0.004249 0.000000 12.500545 -0.004230 0.999956 0.000000 -0.160065 0.000000 0.000000 1.000000 0.000000
0.999989 0.003948 0.000000 13.120989 -0.003929 0.999965 0.000000 -0.165746 0.000000 0.000000 1.000000 0.000000
0.999989 0.003820 0.000000 13.739610 -0.003802 0.999968 0.000000 -0.170315 0.000000 0.000000 1.000000 0.000000
0.999991 0.004014 0.000000 14.366299 -0.004004 0.999965 0.000000 -0.176992 0.000000 0.000000 1.000000 0.000000
0.999992 0.004017 0.000000 14.995660 -0.004023 0.999959 0.000000 -0.183508 0.000000 0.000000 1.000000 0.000000
0.999991 0.003996 0.000000 15.600776 -0.004008 0.999958 0.000000 -0.189925 0.000000 0.000000 1.000000 0.000000
0.999990 0.004161 0.000000 16.233196 -0.004175 0.999961 0.000000 -0.196490 0.000000 0.000000 1.000000 0.000000
0.999995 0.003291 0.000000 16.873445 -0.003292 0.999966 0.000000 -0.201427 0.000000 0.000000 1.000000 0.000000
0.999993 0.003710 0.000000 17.473930 -0.003709 0.999968 0.000000 -0.208345 0.000000 0.000000 1.000000 0.000000
0.999993 0.003505 0.000000 18.121296 -0.003499 0.999969 0.000000 -0.214234 0.000000 0.000000 1.000000 0.000000
0.999995 0.003004 0.000000 18.745878 -0.003001 0.999973 0.000000 -0.219260 0.000000 0.000000 1.000000 0.000000
0.999994 0.003485 0.000000 19.348157 -0.003490 0.999976 0.000000 -0.225788 0.000000 0.000000 1.000000 0.000000
0.999994 0.003177 0.000000 19.968122 -0.003183 0.999983 0.000000 -0.232133 0.000000 0.000000 1.000000 0.000000
0.999993 0.003282 0.000000 20.597583 -0.003294 0.999977 0.000000 -0.238183 0.000000 0.000000 1.000000 0.000000
0.999992 0.003825 0.000000 21.220119 -0.003831 0.999972 0.000000 -0.244695 0.000000 0.000000 1.000000 0.000000
0.999990 0.004198 0.000000 21.800286 -0.004207 0.999974 0.000000 -0.251384 0.000000 0.000000 1.000000 0.000000
0.999989 0.003722 0.000000 22.434690 -0.003737 0.999979 0.000000 -0.258838 0.000000 0.000000 1.000000 0.000000
0.999993 0.002975 0.000000 23.018035 -0.002987 0.999978 0.000000 -0.263308 0.000000 0.000000 1.000000 0.000000
0.999993 0.003516 0.000000 23.626374 -0.003526 0.999973 0.000000 -0.269826 0.000000 0.000000 1.000000 0.000000
0.999990 0.004235 0.000000 24.252688 -0.004243 0.999974 0.000000 -0.276838 0.000000 0.000000 1.000000 0.000000
0.999992 0.003577 0.000000 25.064561 -0.003588 0.999976 0.000000 -0.285041 0.000000 0.000000 1.000000 0.000000
0.999993 0.003200 0.000000 25.685482 -0.003210 0.999982 0.000000 -0.289921 0.000000 0.000000 1.000000 0.000000
0.999991 0.003091 0.000000 26.309967 -0.003106 0.999981 0.000000 -0.295686 0.000000 0.000000 1.000000 0.000000
0.999982 0.003204 0.000000 26.941669 -0.003233 0.999979 0.000000 -0.301800 0.000000 0.000000 1.000000 0.000000
0.999987 0.003891 0.000000 27.575464 -0.003909 0.999978 0.000000 -0.308884 0.000000 0.000000 1.000000 0.000000
0.999989 0.004764 0.000000 28.214637 -0.004765 0.999977 0.000000 -0.317417 0.000000 0.000000 1.000000 0.000000
0.999981 0.005986 0.000000 28.847557 -0.005979 0.999968 0.000000 -0.327165 0.000000 0.000000 1.000000 0.000000
0.999977 0.006521 0.000000 29.488437 -0.006510 0.999962 0.000000 -0.336457 0.000000 0.000000 1.000000 0.000000
0.999970 0.007632 0.000000 30.121934 -0.007624 0.999957 0.000000 -0.347832 0.000000 0.000000 1.000000 0.000000
0.999975 0.007041 0.000000 30.757869 -0.007040 0.999964 0.000000 -0.355446 0.000000 0.000000 1.000000 0.000000
0.999973 0.007315 0.000000 31.384344 -0.007321 0.999961 0.000000 -0.365130 0.000000 0.000000 1.000000 0.000000
0.999967 0.008114 0.000000 32.018691 -0.008118 0.999946 0.000000 -0.375368 0.000000 0.000000 1.000000 0.000000
0.999968 0.007628 0.000000 32.663240 -0.007642 0.999951 0.000000 -0.382323 0.000000 0.000000 1.000000 0.000000
0.999965 0.008288 0.000000 33.317674 -0.008296 0.999949 0.000000 -0.392222 0.000000 0.000000 1.000000 0.000000
0.999965 0.008316 0.000000 33.921575 -0.008312 0.999949 0.000000 -0.403413 0.000000 0.000000 1.000000 0.000000
0.999962 0.008698 0.000000 34.567577 -0.008695 0.999946 0.000000 -0.414978 0.000000 0.000000 1.000000 0.000000
0.999964 0.008522 0.000000 35.199146 -0.008518 0.999943 0.000000 -0.422679 0.000000 0.000000 1.000000 0.000000
0.999946 0.009337 0.000000 35.855227 -0.009374 0.999924 0.000000 -0.432955 0.000000 0.000000 1.000000 0.000000
0.999847 0.009600 0.000000 36.499805 -0.009780 0.999877 0.000000 -0.444167 0.000000 0.000000 1.000000 0.000000
0.999594 0.009405 0.000000 37.132591 -0.009843 0.999821 0.000000 -0.455500 0.000000 0.000000 1.000000 0.000000
0.999124 0.010216 0.000000 37.772056 -0.010932 0.999788 0.000000 -0.467740 0.000000 0.000000 1.000000 0.000000
0.998876 0.010480 0.000000 38.408997 -0.011329 0.999771 0.000000 -0.479375 0.000000 0.000000 1.000000 0.000000
0.999058 0.011507 0.000000 39.054549 -0.012350 0.999725 0.000000 -0.492969 0.000000 0.000000 1.000000 0.000000
0.999431 0.012817 0.000000 39.708237 -0.013532 0.999648 0.000000 -0.506568 0.000000 0.000000 1.000000 0.000000
0.999668 0.013891 0.000000 40.368325 -0.014400 0.999620 0.000000 -0.520668 0.000000 0.000000 1.000000 0.000000
0.999728 0.014806 0.000000 40.985082 -0.015212 0.999628 0.000000 -0.533245 0.000000 0.000000 1.000000 0.000000
0.999692 0.014249 0.000000 41.635020 -0.014677 0.999670 0.000000 -0.547708 0.000000 0.000000 1.000000 0.000000
0.999631 0.014341 0.000000 42.278940 -0.014826 0.999670 0.000000 -0.564364 0.000000 0.000000 1.000000 0.000000
0.999634 0.014299 0.000000 42.925048 -0.014785 0.999668 0.000000 -0.578493 0.000000 0.000000 1.000000 0.000000
0.999652 0.014878 0.000000 43.571290 -0.015366 0.999631 0.000000 -0.593794 0.000000 0.000000 1.000000 0.000000
0.999678 0.015011 0.000000 44.213389 -0.015471 0.999626 0.000000 -0.609476 0.000000 0.000000 1.000000 0.000000
0.999695 0.014706 0.000000 44.836504 -0.015139 0.999646 0.000000 -0.623264 0.000000 0.000000 1.000000 0.000000
0.999675 0.014533 0.000000 45.490874 -0.015005 0.999633 0.000000 -0.638160 0.000000 0.000000 1.000000 0.000000
0.999648 0.014708 0.000000 46.150522 -0.015220 0.999615 0.000000 -0.652215 0.000000 0.000000 1.000000 0.000000
0.999632 0.014649 0.000000 46.822430 -0.015165 0.999630 0.000000 -0.667694 0.000000 0.000000 1.000000 0.000000
0.999613 0.014493 0.000000 47.489674 -0.015029 0.999633 0.000000 -0.682036 0.000000 0.000000 1.000000 0.000000
0.999642 0.013560 0.000000 48.156997 -0.014066 0.999660 0.000000 -0.694822 0.000000 0.000000 1.000000 0.000000
0.999714 0.012678 0.000000 49.208223 -0.013085 0.999713 0.000000 -0.715825 0.000000 0.000000 1.000000 0.000000
0.999781 0.012041 0.000000 49.923061 -0.012368 0.999741 0.000000 -0.729180 0.000000 0.000000 1.000000 0.000000
0.999806 0.011865 0.000000 50.588326 -0.012132 0.999783 0.000000 -0.740013 0.000000 0.000000 1.000000 0.000000
0.999832 0.010869 0.000000 51.266988 -0.011103 0.999814 0.000000 -0.749055 0.000000 0.000000 1.000000 0.000000
0.999804 0.010182 0.000000 51.942980 -0.010438 0.999833 0.000000 -0.758531 0.000000 0.000000 1.000000 0.000000
0.999758 0.009555 0.000000 52.618522 -0.009816 0.999866 0.000000 -0.767143 0.000000 0.000000 1.000000 0.000000
0.999773 0.009304 0.000000 53.286937 -0.009494 0.999907 0.000000 -0.777150 0.000000 0.000000 1.000000 0.000000
0.999864 0.008690 0.000000 53.933001 -0.008809 0.999925 0.000000 -0.783447 0.000000 0.000000 1.000000 0.000000
0.999932 0.009694 0.000000 55.290852 -0.009756 0.999906 0.000000 -0.803322 0.000000 0.000000 1.000000 0.000000
0.999862 0.010957 0.000000 55.963454 -0.011083 0.999888 0.000000 -0.815267 0.000000 0.000000 1.000000 0.000000
0.999687 0.011220 0.000000 56.619101 -0.011426 0.999893 0.000000 -0.825770 0.000000 0.000000 1.000000 0.000000
0.999427 0.011902 0.000000 57.273463 -0.012194 0.999885 0.000000 -0.837499 0.000000 0.000000 1.000000 0.000000
0.999251 0.012889 0.000000 57.922761 -0.013246 0.999867 0.000000 -0.849956 0.000000 0.000000 1.000000 0.000000
0.999251 0.013158 0.000000 58.600597 -0.013553 0.999852 0.000000 -0.861498 0.000000 0.000000 1.000000 0.000000
0.999325 0.014103 0.000000 59.235293 -0.014485 0.999834 0.000000 -0.872794 0.000000 0.000000 1.000000 0.000000
0.999413 0.014152 0.000000 59.837790 -0.014541 0.999819 0.000000 -0.884858 0.000000 0.000000 1.000000 0.000000
0.999453 0.014571 0.000000 60.473293 -0.014953 0.999808 0.000000 -0.898349 0.000000 0.000000 1.000000 0.000000
0.999457 0.015433 0.000000 61.061320 -0.015809 0.999794 0.000000 -0.913181 0.000000 0.000000 1.000000 0.000000
0.999464 0.016072 0.000000 61.683964 -0.016468 0.999771 0.000000 -0.928044 0.000000 0.000000 1.000000 0.000000
0.999501 0.016289 0.000000 62.298061 -0.016691 0.999752 0.000000 -0.941327 0.000000 0.000000 1.000000 0.000000
0.999524 0.016907 0.000000 62.878791 -0.017305 0.999734 0.000000 -0.954473 0.000000 0.000000 1.000000 0.000000
0.999532 0.016669 0.000000 63.500526 -0.017064 0.999738 0.000000 -0.967471 0.000000 0.000000 1.000000 0.000000
0.999527 0.015920 0.000000 64.111598 -0.016329 0.999748 0.000000 -0.979722 0.000000 0.000000 1.000000 0.000000
0.999486 0.016485 0.000000 64.678626 -0.016915 0.999737 0.000000 -0.992891 0.000000 0.000000 1.000000 0.000000
0.999473 0.016166 0.000000 65.298724 -0.016621 0.999734 0.000000 -1.006057 0.000000 0.000000 1.000000 0.000000
0.999453 0.016426 0.000000 65.879978 -0.016888 0.999731 0.000000 -1.020721 0.000000 0.000000 1.000000 0.000000
0.999444 0.017360 0.000000 66.497760 -0.017829 0.999708 0.000000 -1.035515 0.000000 0.000000 1.000000 0.000000
0.999476 0.016592 0.000000 67.125102 -0.017045 0.999724 0.000000 -1.047638 0.000000 0.000000 1.000000 0.000000
0.999490 0.015938 0.000000 67.993540 -0.016366 0.999749 0.000000 -1.066823 0.000000 0.000000 1.000000 0.000000
0.999457 0.016803 0.000000 68.592766 -0.017251 0.999729 0.000000 -1.081981 0.000000 0.000000 1.000000 0.000000
0.999434 0.016872 0.000000 69.206327 -0.017355 0.999715 0.000000 -1.095821 0.000000 0.000000 1.000000 0.000000
0.999437 0.016575 0.000000 69.808453 -0.017049 0.999726 0.000000 -1.108493 0.000000 0.000000 1.000000 0.000000
0.999437 0.016840 0.000000 70.407407 -0.017344 0.999701 0.000000 -1.123656 0.000000 0.000000 1.000000 0.000000
0.999474 0.017013 0.000000 71.012989 -0.017518 0.999681 0.000000 -1.140027 0.000000 0.000000 1.000000 0.000000
0.999507 0.017165 0.000000 71.650490 -0.017604 0.999708 0.000000 -1.157846 0.000000 0.000000 1.000000 0.000000
0.999511 0.017509 0.000000 72.241478 -0.017908 0.999723 0.000000 -1.173329 0.000000 0.000000 1.000000 0.000000
0.999509 0.018044 0.000000 72.828546 -0.018440 0.999713 0.000000 -1.189490 0.000000 0.000000 1.000000 0.000000
0.999454 0.018662 0.000000 74.005803 -0.019100 0.999691 0.000000 -1.219213 0.000000 0.000000 1.000000 0.000000
0.999479 0.018820 0.000000 74.603725 -0.019242 0.999688 0.000000 -1.234778 0.000000 0.000000 1.000000 0.000000
0.999514 0.018577 0.000000 75.189752 -0.018976 0.999695 0.000000 -1.250659 0.000000 0.000000 1.000000 0.000000
0.999522 0.018742 0.000000 75.760244 -0.019153 0.999679 0.000000 -1.265180 0.000000 0.000000 1.000000 0.000000
0.999516 0.018954 0.000000 76.331713 -0.019394 0.999655 0.000000 -1.279326 0.000000 0.000000 1.000000 0.000000
0.999494 0.019654 0.000000 76.906218 -0.020114 0.999631 0.000000 -1.295188 0.000000 0.000000 1.000000 0.000000
0.999451 0.020277 0.000000 77.478138 -0.020770 0.999609 0.000000 -1.310063 0.000000 0.000000 1.000000 0.000000
0.999469 0.019353 0.000000 78.051702 -0.019866 0.999614 0.000000 -1.319665 0.000000 0.000000 1.000000 0.000000
0.999450 0.019258 0.000000 78.607917 -0.019785 0.999617 0.000000 -1.332855 0.000000 0.000000 1.000000 0.000000
0.999434 0.019733 0.000000 79.147197 -0.020278 0.999597 0.000000 -1.348316 0.000000 0.000000 1.000000 0.000000
0.999426 0.020070 0.000000 79.696847 -0.020625 0.999583 0.000000 -1.363573 0.000000 0.000000 1.000000 0.000000
0.999405 0.021215 0.000000 80.242828 -0.021749 0.999573 0.000000 -1.381167 0.000000 0.000000 1.000000 0.000000
0.999397 0.021951 0.000000 80.797412 -0.022461 0.999571 0.000000 -1.397419 0.000000 0.000000 1.000000 0.000000
0.999397 0.023038 0.000000 81.314588 -0.023506 0.999564 0.000000 -1.413450 0.000000 0.000000 1.000000 0.000000
0.999395 0.024085 0.000000 81.860836 -0.024519 0.999553 0.000000 -1.430630 0.000000 0.000000 1.000000 0.000000
0.999401 0.025143 0.000000 82.388920 -0.025554 0.999527 0.000000 -1.446037 0.000000 0.000000 1.000000 0.000000
0.999423 0.026008 0.000000 82.911239 -0.026395 0.999497 0.000000 -1.462540 0.000000 0.000000 1.000000 0.000000
0.999435 0.026398 0.000000 83.455876 -0.026778 0.999476 0.000000 -1.478359 0.000000 0.000000 1.000000 0.000000
0.999417 0.027198 0.000000 83.970782 -0.027570 0.999459 0.000000 -1.495580 0.000000 0.000000 1.000000 0.000000
0.999401 0.027932 0.000000 84.458544 -0.028290 0.999448 0.000000 -1.512434 0.000000 0.000000 1.000000 0.000000
0.999395 0.028408 0.000000 84.984719 -0.028757 0.999437 0.000000 -1.530635 0.000000 0.000000 1.000000 0.000000
0.999365 0.028760 0.000000 85.505520 -0.029145 0.999409 0.000000 -1.547795 0.000000 0.000000 1.000000 0.000000
0.999308 0.029851 0.000000 85.999336 -0.030260 0.999374 0.000000 -1.564229 0.000000 0.000000 1.000000 0.000000
0.999230 0.031648 0.000000 86.550215 -0.032058 0.999333 0.000000 -1.586559 0.000000 0.000000 1.000000 0.000000
0.999175 0.033211 0.000000 87.092560 -0.033622 0.999283 0.000000 -1.607991 0.000000 0.000000 1.000000 0.000000
0.999161 0.034078 0.000000 87.583988 -0.034474 0.999256 0.000000 -1.628020 0.000000 0.000000 1.000000 0.000000
0.999108 0.036234 0.000000 88.101283 -0.036619 0.999174 0.000000 -1.650053 0.000000 0.000000 1.000000 0.000000
0.999052 0.037688 0.000000 88.582494 -0.038057 0.999135 0.000000 -1.669791 0.000000 0.000000 1.000000 0.000000
0.998955 0.039323 0.000000 89.087005 -0.039664 0.999110 0.000000 -1.691502 0.000000 0.000000 1.000000 0.000000
0.998828 0.041389 0.000000 89.765656 -0.041714 0.999050 0.000000 -1.722324 0.000000 0.000000 1.000000 0.000000
0.998764 0.042845 0.000000 90.275204 -0.043120 0.999015 0.000000 -1.744700 0.000000 0.000000 1.000000 0.000000
0.998717 0.044763 0.000000 90.768463 -0.045003 0.998940 0.000000 -1.769005 0.000000 0.000000 1.000000 0.000000
0.998630 0.047393 0.000000 91.266369 -0.047608 0.998823 0.000000 -1.796386 0.000000 0.000000 1.000000 0.000000
0.998517 0.049377 0.000000 91.766171 -0.049610 0.998722 0.000000 -1.823047 0.000000 0.000000 1.000000 0.000000
0.998379 0.051063 0.000000 92.254035 -0.051330 0.998630 0.000000 -1.850597 0.000000 0.000000 1.000000 0.000000
0.998200 0.052699 0.000000 92.730033 -0.052998 0.998547 0.000000 -1.877343 0.000000 0.000000 1.000000 0.000000
0.997891 0.056263 0.000000 93.681020 -0.056599 0.998351 0.000000 -1.935085 0.000000 0.000000 1.000000 0.000000
0.997816 0.057574 0.000000 94.149593 -0.057921 0.998272 0.000000 -1.964624 0.000000 0.000000 1.000000 0.000000
0.997649 0.060092 0.000000 94.616676 -0.060459 0.998118 0.000000 -1.996185 0.000000 0.000000 1.000000 0.000000
0.997459 0.062817 0.000000 95.086199 -0.063197 0.997947 0.000000 -2.026878 0.000000 0.000000 1.000000 0.000000
0.997227 0.065891 0.000000 95.560066 -0.066319 0.997733 0.000000 -2.059152 0.000000 0.000000 1.000000 0.000000
0.996953 0.068986 0.000000 96.033475 -0.069408 0.997534 0.000000 -2.093045 0.000000 0.000000 1.000000 0.000000
0.996689 0.071751 0.000000 96.515875 -0.072195 0.997337 0.000000 -2.128836 0.000000 0.000000 1.000000 0.000000
0.996385 0.074939 0.000000 96.986680 -0.075442 0.997087 0.000000 -2.166437 0.000000 0.000000 1.000000 0.000000
0.996039 0.077975 0.000000 97.456745 -0.078477 0.996864 0.000000 -2.205254 0.000000 0.000000 1.000000 0.000000
0.995689 0.081403 0.000000 97.905796 -0.081933 0.996585 0.000000 -2.244483 0.000000 0.000000 1.000000 0.000000
0.995451 0.083605 0.000000 98.336865 -0.084173 0.996394 0.000000 -2.282809 0.000000 0.000000 1.000000 0.000000
0.995127 0.086353 0.000000 98.792387 -0.086984 0.996145 0.000000 -2.323467 0.000000 0.000000 1.000000 0.000000
0.994656 0.089456 0.000000 99.248520 -0.090252 0.995830 0.000000 -2.367388 0.000000 0.000000 1.000000 0.000000
0.994135 0.092443 0.000000 99.699397 -0.093279 0.995562 0.000000 -2.410621 0.000000 0.000000 1.000000 0.000000
0.993571 0.096387 0.000000 100.131137 -0.097154 0.995217 0.000000 -2.455348 0.000000 0.000000 1.000000 0.000000
0.993053 0.099874 0.000000 100.564901 -0.100708 0.994862 0.000000 -2.500254 0.000000 0.000000 1.000000 0.000000
0.992531 0.103899 0.000000 101.007393 -0.104844 0.994421 0.000000 -2.547472 0.000000 0.000000 1.000000 0.000000
0.991875 0.108736 0.000000 101.436277 -0.109862 0.993853 0.000000 -2.594111 0.000000 0.000000 1.000000 0.000000
0.991193 0.114612 0.000000 101.862568 -0.115891 0.993137 0.000000 -2.642111 0.000000 0.000000 1.000000 0.000000
0.990559 0.120740 0.000000 102.285434 -0.121946 0.992425 0.000000 -2.693699 0.000000 0.000000 1.000000 0.000000
0.989926 0.125403 0.000000 102.682912 -0.126618 0.991844 0.000000 -2.745376 0.000000 0.000000 1.000000 0.000000
0.989368 0.129828 0.000000 103.097835 -0.130928 0.991310 0.000000 -2.801268 0.000000 0.000000 1.000000 0.000000
0.988914 0.133950 0.000000 103.491403 -0.134980 0.990776 0.000000 -2.856788 0.000000 0.000000 1.000000 0.000000
0.988470 0.138139 0.000000 103.902663 -0.139247 0.990160 0.000000 -2.918047 0.000000 0.000000 1.000000 0.000000
0.988303 0.140727 0.000000 104.296382 -0.141834 0.989775 0.000000 -2.975693 0.000000 0.000000 1.000000 0.000000
0.988169 0.143639 0.000000 104.662648 -0.144697 0.989341 0.000000 -3.031203 0.000000 0.000000 1.000000 0.000000
0.987992 0.147011 0.000000 105.056702 -0.147913 0.988870 0.000000 -3.094874 0.000000 0.000000 1.000000 0.000000
0.987753 0.150431 0.000000 105.454558 -0.151176 0.988386 0.000000 -3.157515 0.000000 0.000000 1.000000 0.000000
0.987366 0.154422 0.000000 105.998748 -0.154926 0.987855 0.000000 -3.245235 0.000000 0.000000 1.000000 0.000000
0.987068 0.156968 0.000000 106.412381 -0.157233 0.987545 0.000000 -3.313244 0.000000 0.000000 1.000000 0.000000
0.986634 0.159735 0.000000 106.820754 -0.159898 0.987130 0.000000 -3.383184 0.000000 0.000000 1.000000 0.000000
0.986036 0.162701 0.000000 107.221349 -0.162868 0.986646 0.000000 -3.451831 0.000000 0.000000 1.000000 0.000000
0.985527 0.165305 0.000000 107.622533 -0.165435 0.986221 0.000000 -3.522650 0.000000 0.000000 1.000000 0.000000
0.985225 0.166693 0.000000 108.027169 -0.166853 0.985981 0.000000 -3.594138 0.000000 0.000000 1.000000 0.000000
0.984974 0.168288 0.000000 108.431363 -0.168477 0.985704 0.000000 -3.668064 0.000000 0.000000 1.000000 0.000000
0.984945 0.168871 0.000000 108.854684 -0.169011 0.985614 0.000000 -3.742842 0.000000 0.000000 1.000000 0.000000
0.984872 0.169863 0.000000 109.593592 -0.169909 0.985458 0.000000 -3.878355 0.000000 0.000000 1.000000 0.000000
0.984787 0.170607 0.000000 110.022483 -0.170619 0.985334 0.000000 -3.958756 0.000000 0.000000 1.000000 0.000000
0.984695 0.171274 0.000000 110.462890 -0.171303 0.985217 0.000000 -4.038905 0.000000 0.000000 1.000000 0.000000
0.984425 0.172806 0.000000 110.896923 -0.172920 0.984936 0.000000 -4.119778 0.000000 0.000000 1.000000 0.000000
0.984206 0.173985 0.000000 111.328553 -0.174179 0.984709 0.000000 -4.200671 0.000000 0.000000 1.000000 0.000000
0.984115 0.174632 0.000000 111.764988 -0.174861 0.984583 0.000000 -4.281525 0.000000 0.000000 1.000000 0.000000
0.984144 0.174815 0.000000 112.206845 -0.175043 0.984547 0.000000 -4.363255 0.000000 0.000000 1.000000 0.000000
0.984021 0.175840 0.000000 112.652145 -0.176050 0.984367 0.000000 -4.445108 0.000000 0.000000 1.000000 0.000000
0.983813 0.177324 0.000000 113.092697 -0.177514 0.984104 0.000000 -4.527109 0.000000 0.000000 1.000000 0.000000
0.983558 0.179081 0.000000 113.540183 -0.179252 0.983788 0.000000 -4.611813 0.000000 0.000000 1.000000 0.000000
0.983315 0.180676 0.000000 113.991529 -0.180873 0.983476 0.000000 -4.695731 0.000000 0.000000 1.000000 0.000000
0.983045 0.182686 0.000000 114.820184 -0.182876 0.983067 0.000000 -4.852520 0.000000 0.000000 1.000000 0.000000
0.982712 0.184635 0.000000 115.268081 -0.184792 0.982714 0.000000 -4.941555 0.000000 0.000000 1.000000 0.000000
0.982420 0.186276 0.000000 115.714474 -0.186413 0.982409 0.000000 -5.029037 0.000000 0.000000 1.000000 0.000000
0.982092 0.188141 0.000000 116.172640 -0.188258 0.982039 0.000000 -5.120955 0.000000 0.000000 1.000000 0.000000
0.981707 0.190233 0.000000 116.629793 -0.190339 0.981591 0.000000 -5.214230 0.000000 0.000000 1.000000 0.000000
0.981247 0.192639 0.000000 117.088402 -0.192733 0.981072 0.000000 -5.306468 0.000000 0.000000 1.000000 0.000000
0.981055 0.193678 0.000000 117.545717 -0.193728 0.980835 0.000000 -5.402414 0.000000 0.000000 1.000000 0.000000
0.980830 0.194842 0.000000 118.007871 -0.194862 0.980607 0.000000 -5.500095 0.000000 0.000000 1.000000 0.000000
0.980657 0.195707 0.000000 118.510265 -0.195729 0.980420 0.000000 -5.606021 0.000000 0.000000 1.000000 0.000000
0.980336 0.197304 0.000000 118.947438 -0.197332 0.980096 0.000000 -5.699442 0.000000 0.000000 1.000000 0.000000
0.979805 0.199913 0.000000 119.443144 -0.199953 0.979561 0.000000 -5.806809 0.000000 0.000000 1.000000 0.000000
0.979547 0.201156 0.000000 119.907553 -0.201214 0.979278 0.000000 -5.908130 0.000000 0.000000 1.000000 0.000000
0.979403 0.201864 0.000000 120.383157 -0.201916 0.979095 0.000000 -6.009505 0.000000 0.000000 1.000000 0.000000
0.979125 0.203225 0.000000 120.857340 -0.203249 0.978755 0.000000 -6.113555 0.000000 0.000000 1.000000 0.000000
0.979319 0.202302 0.000000 121.335400 -0.202303 0.978921 0.000000 -6.206474 0.000000 0.000000 1.000000 0.000000
0.979152 0.203117 0.000000 121.807837 -0.203096 0.978725 0.000000 -6.307857 0.000000 0.000000 1.000000 0.000000
0.979039 0.203657 0.000000 122.275994 -0.203641 0.978619 0.000000 -6.405283 0.000000 0.000000 1.000000 0.000000
0.978827 0.204669 0.000000 122.750018 -0.204672 0.978469 0.000000 -6.506798 0.000000 0.000000 1.000000 0.000000
0.978579 0.205833 0.000000 123.203094 -0.205866 0.978281 0.000000 -6.606622 0.000000 0.000000 1.000000 0.000000
0.978294 0.207157 0.000000 123.673048 -0.207220 0.978062 0.000000 -6.709444 0.000000 0.000000 1.000000 0.000000
0.977864 0.209153 0.000000 124.154003 -0.209237 0.977641 0.000000 -6.816282 0.000000 0.000000 1.000000 0.000000
0.977472 0.211032 0.000000 124.951085 -0.211058 0.977120 0.000000 -6.994733 0.000000 0.000000 1.000000 0.000000
0.977460 0.211116 0.000000 125.435583 -0.211079 0.977085 0.000000 -7.101364 0.000000 0.000000 1.000000 0.000000
0.977433 0.211241 0.000000 126.420337 -0.211221 0.977205 0.000000 -7.319040 0.000000 0.000000 1.000000 0.000000
0.977257 0.212046 0.000000 126.909630 -0.212056 0.977090 0.000000 -7.427979 0.000000 0.000000 1.000000 0.000000
0.976930 0.213491 0.000000 127.410959 -0.213556 0.976774 0.000000 -7.540804 0.000000 0.000000 1.000000 0.000000
0.976583 0.214989 0.000000 127.910304 -0.215110 0.976388 0.000000 -7.652740 0.000000 0.000000 1.000000 0.000000
0.976427 0.215664 0.000000 128.406620 -0.215810 0.976199 0.000000 -7.763370 0.000000 0.000000 1.000000 0.000000
0.976398 0.215805 0.000000 128.899423 -0.215937 0.976211 0.000000 -7.873086 0.000000 0.000000 1.000000 0.000000
0.976284 0.216280 0.000000 129.440924 -0.216419 0.976149 0.000000 -7.996395 0.000000 0.000000 1.000000 0.000000
0.976145 0.216879 0.000000 129.926079 -0.217015 0.976056 0.000000 -8.108609 0.000000 0.000000 1.000000 0.000000
0.975571 0.219442 0.000000 130.440829 -0.219575 0.975492 0.000000 -8.229277 0.000000 0.000000 1.000000 0.000000
0.975256 0.220908 0.000000 130.962809 -0.221018 0.975153 0.000000 -8.353869 0.000000 0.000000 1.000000 0.000000
0.974907 0.222511 0.000000 131.437263 -0.222593 0.974778 0.000000 -8.471833 0.000000 0.000000 1.000000 0.000000
0.974826 0.222902 0.000000 131.949437 -0.222963 0.974676 0.000000 -8.594817 0.000000 0.000000 1.000000 0.000000
0.974647 0.223693 0.000000 132.470646 -0.223747 0.974483 0.000000 -8.719124 0.000000 0.000000 1.000000 0.000000
0.974721 0.223385 0.000000 132.953223 -0.223424 0.974558 0.000000 -8.830761 0.000000 0.000000 1.000000 0.000000
0.974577 0.224024 0.000000 133.479227 -0.224052 0.974409 0.000000 -8.954483 0.000000 0.000000 1.000000 0.000000
0.974427 0.224673 0.000000 134.011855 -0.224703 0.974249 0.000000 -9.081896 0.000000 0.000000 1.000000 0.000000
0.974082 0.226162 0.000000 134.629809 -0.226193 0.973893 0.000000 -9.230835 0.000000 0.000000 1.000000 0.000000
0.973933 0.226797 0.000000 135.191933 -0.226833 0.973741 0.000000 -9.364411 0.000000 0.000000 1.000000 0.000000
0.973705 0.227773 0.000000 135.690832 -0.227810 0.973524 0.000000 -9.484162 0.000000 0.000000 1.000000 0.000000
0.973156 0.230104 0.000000 136.221464 -0.230145 0.972989 0.000000 -9.615653 0.000000 0.000000 1.000000 0.000000
0.972352 0.233484 0.000000 136.751140 -0.233522 0.972190 0.000000 -9.748474 0.000000 0.000000 1.000000 0.000000
0.971531 0.236881 0.000000 137.286492 -0.236910 0.971393 0.000000 -9.883967 0.000000 0.000000 1.000000 0.000000
0.968313 0.249732 0.000000 141.149891 -0.249680 0.968219 0.000000 -10.902666 0.000000 0.000000 1.000000 0.000000
0.968193 0.250192 0.000000 141.671994 -0.250127 0.968099 0.000000 -11.041940 0.000000 0.000000 1.000000 0.000000
0.967945 0.251144 0.000000 142.834561 -0.251092 0.967890 0.000000 -11.355832 0.000000 0.000000 1.000000 0.000000
0.968083 0.250604 0.000000 143.955507 -0.250568 0.968062 0.000000 -11.655037 0.000000 0.000000 1.000000 0.000000
0.968067 0.250663 0.000000 144.521818 -0.250630 0.968054 0.000000 -11.807227 0.000000 0.000000 1.000000 0.000000
0.968230 0.250016 0.000000 145.083810 -0.249983 0.968228 0.000000 -11.956309 0.000000 0.000000 1.000000 0.000000
0.968342 0.249559 0.000000 145.649543 -0.249534 0.968355 0.000000 -12.106873 0.000000 0.000000 1.000000 0.000000
0.968548 0.248765 0.000000 146.207687 -0.248756 0.968564 0.000000 -12.257422 0.000000 0.000000 1.000000 0.000000
0.968683 0.248249 0.000000 146.768469 -0.248252 0.968696 0.000000 -12.408929 0.000000 0.000000 1.000000 0.000000
0.968725 0.248086 0.000000 147.340877 -0.248097 0.968734 0.000000 -12.562883 0.000000 0.000000 1.000000 0.000000
0.968807 0.247770 0.000000 147.908049 -0.247786 0.968810 0.000000 -12.714483 0.000000 0.000000 1.000000 0.000000
0.969066 0.246759 0.000000 148.476372 -0.246775 0.969067 0.000000 -12.866170 0.000000 0.000000 1.000000 0.000000
0.969510 0.244992 0.000000 149.386925 -0.245018 0.969506 0.000000 -13.111886 0.000000 0.000000 1.000000 0.000000
0.969754 0.244043 0.000000 149.974597 -0.244070 0.969734 0.000000 -13.270235 0.000000 0.000000 1.000000 0.000000
0.970092 0.242695 0.000000 150.545543 -0.242723 0.970069 0.000000 -13.422061 0.000000 0.000000 1.000000 0.000000
0.970484 0.241121 0.000000 151.132226 -0.241148 0.970467 0.000000 -13.571832 0.000000 0.000000 1.000000 0.000000
0.970676 0.240311 0.000000 151.758450 -0.240344 0.970674 0.000000 -13.735866 0.000000 0.000000 1.000000 0.000000
0.971042 0.238766 0.000000 152.285462 -0.238804 0.971059 0.000000 -13.872014 0.000000 0.000000 1.000000 0.000000
0.971290 0.237750 0.000000 152.895907 -0.237786 0.971311 0.000000 -14.030545 0.000000 0.000000 1.000000 0.000000
0.971525 0.236828 0.000000 153.467440 -0.236856 0.971539 0.000000 -14.178893 0.000000 0.000000 1.000000 0.000000
0.971748 0.235951 0.000000 154.036420 -0.235972 0.971754 0.000000 -14.328029 0.000000 0.000000 1.000000 0.000000
0.971974 0.235026 0.000000 154.603552 -0.235047 0.971977 0.000000 -14.471933 0.000000 0.000000 1.000000 0.000000
0.972040 0.234714 0.000000 155.171100 -0.234743 0.972050 0.000000 -14.617549 0.000000 0.000000 1.000000 0.000000
0.972199 0.233994 0.000000 155.736262 -0.234034 0.972220 0.000000 -14.761246 0.000000 0.000000 1.000000 0.000000
0.972227 0.233777 0.000000 156.309074 -0.233834 0.972268 0.000000 -14.908095 0.000000 0.000000 1.000000 0.000000
0.972130 0.234061 0.000000 156.876573 -0.234147 0.972187 0.000000 -15.056769 0.000000 0.000000 1.000000 0.000000
0.972309 0.233227 0.000000 157.442960 -0.233322 0.972387 0.000000 -15.201615 0.000000 0.000000 1.000000 0.000000
0.972491 0.232459 0.000000 157.994917 -0.232546 0.972575 0.000000 -15.343006 0.000000 0.000000 1.000000 0.000000
0.972826 0.231017 0.000000 159.087636 -0.231059 0.972939 0.000000 -15.617327 0.000000 0.000000 1.000000 0.000000
0.973057 0.230048 0.000000 159.656049 -0.230065 0.973175 0.000000 -15.756976 0.000000 0.000000 1.000000 0.000000
0.973121 0.229779 0.000000 160.188448 -0.229777 0.973241 0.000000 -15.889334 0.000000 0.000000 1.000000 0.000000
0.973203 0.229490 0.000000 160.772974 -0.229487 0.973310 0.000000 -16.034862 0.000000 0.000000 1.000000 0.000000
0.973197 0.229612 0.000000 161.328332 -0.229606 0.973282 0.000000 -16.171436 0.000000 0.000000 1.000000 0.000000
0.973222 0.229722 0.000000 162.425834 -0.229701 0.973255 0.000000 -16.436221 0.000000 0.000000 1.000000 0.000000
0.973219 0.229720 0.000000 162.984373 -0.229709 0.973257 0.000000 -16.570713 0.000000 0.000000 1.000000 0.000000
0.973360 0.229117 0.000000 163.524818 -0.229103 0.973399 0.000000 -16.704223 0.000000 0.000000 1.000000 0.000000
0.973481 0.228625 0.000000 164.091946 -0.228598 0.973512 0.000000 -16.842341 0.000000 0.000000 1.000000 0.000000
0.973601 0.228091 0.000000 164.659838 -0.228053 0.973635 0.000000 -16.980472 0.000000 0.000000 1.000000 0.000000
0.973613 0.228036 0.000000 165.190177 -0.228011 0.973651 0.000000 -17.105364 0.000000 0.000000 1.000000 0.000000
0.973787 0.227316 0.000000 165.956799 -0.227284 0.973817 0.000000 -17.286978 0.000000 0.000000 1.000000 0.000000
0.973906 0.226810 0.000000 166.526120 -0.226785 0.973937 0.000000 -17.422706 0.000000 0.000000 1.000000 0.000000
0.973761 0.227436 0.000000 167.099620 -0.227414 0.973792 0.000000 -17.562855 0.000000 0.000000 1.000000 0.000000
0.973733 0.227556 0.000000 167.711896 -0.227531 0.973763 0.000000 -17.714499 0.000000 0.000000 1.000000 0.000000
0.973644 0.227941 0.000000 168.247636 -0.227924 0.973674 0.000000 -17.847446 0.000000 0.000000 1.000000 0.000000
0.973731 0.227537 0.000000 168.861176 -0.227539 0.973769 0.000000 -17.999529 0.000000 0.000000 1.000000 0.000000
0.973823 0.227130 0.000000 169.433303 -0.227138 0.973862 0.000000 -18.139295 0.000000 0.000000 1.000000 0.000000
0.973934 0.226669 0.000000 170.000454 -0.226678 0.973970 0.000000 -18.278641 0.000000 0.000000 1.000000 0.000000
0.973887 0.226887 0.000000 170.575578 -0.226896 0.973919 0.000000 -18.420696 0.000000 0.000000 1.000000 0.000000
0.973919 0.226751 0.000000 171.134263 -0.226756 0.973951 0.000000 -18.559935 0.000000 0.000000 1.000000 0.000000
0.973968 0.226546 0.000000 171.704895 -0.226542 0.974000 0.000000 -18.701314 0.000000 0.000000 1.000000 0.000000
0.974102 0.226008 0.000000 172.274460 -0.226001 0.974126 0.000000 -18.838429 0.000000 0.000000 1.000000 0.000000
0.974163 0.225772 0.000000 172.854684 -0.225767 0.974180 0.000000 -18.978910 0.000000 0.000000 1.000000 0.000000
0.974290 0.225247 0.000000 173.431462 -0.225239 0.974301 0.000000 -19.116375 0.000000 0.000000 1.000000 0.000000
0.974355 0.224980 0.000000 174.008311 -0.224968 0.974361 0.000000 -19.257387 0.000000 0.000000 1.000000 0.000000
0.974433 0.224637 0.000000 174.586293 -0.224619 0.974437 0.000000 -19.397666 0.000000 0.000000 1.000000 0.000000
0.974484 0.224404 0.000000 175.162139 -0.224374 0.974485 0.000000 -19.537688 0.000000 0.000000 1.000000 0.000000
0.974503 0.224312 0.000000 175.711644 -0.224273 0.974501 0.000000 -19.670857 0.000000 0.000000 1.000000 0.000000
0.974577 0.223988 0.000000 176.338120 -0.223946 0.974572 0.000000 -19.820011 0.000000 0.000000 1.000000 0.000000
0.974638 0.223738 0.000000 176.871291 -0.223704 0.974633 0.000000 -19.947277 0.000000 0.000000 1.000000 0.000000
0.974727 0.223359 0.000000 177.442335 -0.223330 0.974723 0.000000 -20.087474 0.000000 0.000000 1.000000 0.000000
0.974512 0.224303 0.000000 178.035188 -0.224280 0.974508 0.000000 -20.234286 0.000000 0.000000 1.000000 0.000000
0.974471 0.224485 0.000000 178.614984 -0.224466 0.974469 0.000000 -20.378023 0.000000 0.000000 1.000000 0.000000
0.974513 0.224292 0.000000 179.199920 -0.224277 0.974518 0.000000 -20.519340 0.000000 0.000000 1.000000 0.000000
0.974571 0.224039 0.000000 179.782762 -0.224028 0.974578 0.000000 -20.662445 0.000000 0.000000 1.000000 0.000000
0.974778 0.223135 0.000000 180.363330 -0.223128 0.974787 0.000000 -20.801090 0.000000 0.000000 1.000000 0.000000
0.974799 0.223041 0.000000 180.937382 -0.223034 0.974809 0.000000 -20.938609 0.000000 0.000000 1.000000 0.000000
0.974984 0.222230 0.000000 181.523756 -0.222221 0.974993 0.000000 -21.075312 0.000000 0.000000 1.000000 0.000000
0.975072 0.221851 0.000000 182.103383 -0.221843 0.975080 0.000000 -21.210455 0.000000 0.000000 1.000000 0.000000
0.975117 0.221663 0.000000 182.671733 -0.221657 0.975123 0.000000 -21.346830 0.000000 0.000000 1.000000 0.000000
0.975130 0.221622 0.000000 183.243786 -0.221615 0.975130 0.000000 -21.485534 0.000000 0.000000 1.000000 0.000000
0.975134 0.221616 0.000000 183.817904 -0.221611 0.975125 0.000000 -21.623706 0.000000 0.000000 1.000000 0.000000
0.975071 0.221892 0.000000 184.362619 -0.221892 0.975060 0.000000 -21.754976 0.000000 0.000000 1.000000 0.000000
0.975268 0.221027 0.000000 184.926968 -0.221027 0.975257 0.000000 -21.887799 0.000000 0.000000 1.000000 0.000000
0.975356 0.220639 0.000000 185.500167 -0.220635 0.975343 0.000000 -22.023696 0.000000 0.000000 1.000000 0.000000
0.975266 0.221027 0.000000 186.056444 -0.221014 0.975251 0.000000 -22.157032 0.000000 0.000000 1.000000 0.000000
0.975167 0.221451 0.000000 186.620855 -0.221424 0.975151 0.000000 -22.295886 0.000000 0.000000 1.000000 0.000000
0.975214 0.221225 0.000000 187.197028 -0.221179 0.975189 0.000000 -22.432980 0.000000 0.000000 1.000000 0.000000
0.975419 0.220305 0.000000 187.743020 -0.220248 0.975389 0.000000 -22.559722 0.000000 0.000000 1.000000 0.000000
0.975397 0.220413 0.000000 188.311786 -0.220353 0.975355 0.000000 -22.695051 0.000000 0.000000 1.000000 0.000000
0.975451 0.220187 0.000000 188.892472 -0.220134 0.975401 0.000000 -22.831293 0.000000 0.000000 1.000000 0.000000
0.975555 0.219737 0.000000 189.433965 -0.219688 0.975492 0.000000 -22.959706 0.000000 0.000000 1.000000 0.000000
0.975510 0.219925 0.000000 189.997183 -0.219854 0.975430 0.000000 -23.093397 0.000000 0.000000 1.000000 0.000000
0.975456 0.220084 0.000000 190.568196 -0.219959 0.975387 0.000000 -23.229201 0.000000 0.000000 1.000000 0.000000
0.975671 0.219026 0.000000 191.399958 -0.218881 0.975650 0.000000 -23.421847 0.000000 0.000000 1.000000 0.000000
0.975862 0.218194 0.000000 191.958605 -0.218086 0.975863 0.000000 -23.550770 0.000000 0.000000 1.000000 0.000000
0.975695 0.219072 0.000000 192.528141 -0.219029 0.975687 0.000000 -23.686384 0.000000 0.000000 1.000000 0.000000
0.975460 0.220178 0.000000 193.092896 -0.220174 0.975450 0.000000 -23.820509 0.000000 0.000000 1.000000 0.000000
0.975483 0.220066 0.000000 193.664258 -0.220070 0.975481 0.000000 -23.954613 0.000000 0.000000 1.000000 0.000000
0.975649 0.219335 0.000000 194.246102 -0.219334 0.975648 0.000000 -24.091351 0.000000 0.000000 1.000000 0.000000
0.975759 0.218797 0.000000 194.816318 -0.218794 0.975770 0.000000 -24.225505 0.000000 0.000000 1.000000 0.000000
0.975876 0.218157 0.000000 195.404299 -0.218152 0.975914 0.000000 -24.366189 0.000000 0.000000 1.000000 0.000000
0.975901 0.217998 0.000000 195.904278 -0.217970 0.975948 0.000000 -24.482616 0.000000 0.000000 1.000000 0.000000
0.976080 0.217237 0.000000 196.886060 -0.217169 0.976101 0.000000 -24.710258 0.000000 0.000000 1.000000 0.000000
0.976199 0.216712 0.000000 197.443903 -0.216625 0.976203 0.000000 -24.839878 0.000000 0.000000 1.000000 0.000000
0.976264 0.216398 0.000000 198.172307 -0.216271 0.976243 0.000000 -25.007776 0.000000 0.000000 1.000000 0.000000
0.976327 0.216033 0.000000 198.913127 -0.215843 0.976290 0.000000 -25.179498 0.000000 0.000000 1.000000 0.000000
0.976112 0.216963 0.000000 199.908569 -0.216738 0.976061 0.000000 -25.410311 0.000000 0.000000 1.000000 0.000000
0.976119 0.216966 0.000000 200.475855 -0.216729 0.976034 0.000000 -25.539801 0.000000 0.000000 1.000000 0.000000
0.976066 0.217293 0.000000 201.055597 -0.217072 0.975929 0.000000 -25.675296 0.000000 0.000000 1.000000 0.000000
0.976084 0.217259 0.000000 201.606361 -0.217050 0.975914 0.000000 -25.803118 0.000000 0.000000 1.000000 0.000000
0.976094 0.217254 0.000000 202.131263 -0.217072 0.975916 0.000000 -25.923560 0.000000 0.000000 1.000000 0.000000
0.976161 0.216971 0.000000 202.704204 -0.216797 0.975967 0.000000 -26.054631 0.000000 0.000000 1.000000 0.000000
0.976197 0.216835 0.000000 203.262832 -0.216678 0.975984 0.000000 -26.182598 0.000000 0.000000 1.000000 0.000000
0.975921 0.218107 0.000000 204.056118 -0.217990 0.975692 0.000000 -26.367866 0.000000 0.000000 1.000000 0.000000
0.975822 0.218563 0.000000 204.614794 -0.218481 0.975571 0.000000 -26.501045 0.000000 0.000000 1.000000 0.000000
0.975901 0.218216 0.000000 205.176820 -0.218151 0.975644 0.000000 -26.629574 0.000000 0.000000 1.000000 0.000000
0.975929 0.218086 0.000000 205.745010 -0.218015 0.975674 0.000000 -26.760657 0.000000 0.000000 1.000000 0.000000
0.976010 0.217723 0.000000 206.351164 -0.217647 0.975759 0.000000 -26.900766 0.000000 0.000000 1.000000 0.000000
0.976016 0.217694 0.000000 206.877218 -0.217607 0.975753 0.000000 -27.021567 0.000000 0.000000 1.000000 0.000000
0.975905 0.218189 0.000000 207.469791 -0.218085 0.975637 0.000000 -27.156947 0.000000 0.000000 1.000000 0.000000
0.975921 0.218109 0.000000 208.006157 -0.217996 0.975670 0.000000 -27.280057 0.000000 0.000000 1.000000 0.000000
0.975868 0.218339 0.000000 208.620228 -0.218213 0.975622 0.000000 -27.420284 0.000000 0.000000 1.000000 0.000000
0.975976 0.217854 0.000000 209.198828 -0.217721 0.975724 0.000000 -27.550316 0.000000 0.000000 1.000000 0.000000
0.975962 0.217915 0.000000 209.776385 -0.217780 0.975709 0.000000 -27.682962 0.000000 0.000000 1.000000 0.000000
0.975819 0.218543 0.000000 210.346700 -0.218396 0.975580 0.000000 -27.816514 0.000000 0.000000 1.000000 0.000000
0.975876 0.218259 0.000000 210.897228 -0.218082 0.975657 0.000000 -27.946251 0.000000 0.000000 1.000000 0.000000
0.975761 0.218748 0.000000 211.457253 -0.218557 0.975561 0.000000 -28.075829 0.000000 0.000000 1.000000 0.000000
