0.999990 0.004544 0.000000 0.584421 -0.004544 0.999990 0.000000 -0.005755 0.000000 0.000000 1.000000 0.000000
0.999941 0.010858 0.000000 1.715871 -0.010858 0.999941 0.000000 -0.022465 0.000000 0.000000 1.000000 0.000000
0.999943 0.010645 0.000000 2.300527 -0.010645 0.999943 0.000000 -0.043050 0.000000 0.000000 1.000000 0.000000
0.999913 0.013219 0.000000 3.105747 -0.013219 0.999913 0.000000 -0.061361 0.000000 0.000000 1.000000 0.000000
0.999901 0.014092 0.000000 3.680455 -0.014092 0.999901 0.000000 -0.071365 0.000000 0.000000 1.000000 0.000000
0.999888 0.014959 0.000000 4.266694 -0.014959 0.999888 0.000000 -0.088254 0.000000 0.000000 1.000000 0.000000
0.999876 0.015729 0.000000 4.849546 -0.015729 0.999876 0.000000 -0.100067 0.000000 0.000000 1.000000 0.000000
0.999862 0.016621 0.000000 5.395782 -0.016621 0.999862 0.000000 -0.115066 0.000000 0.000000 1.000000 0.000000
0.999810 0.019503 0.000000 5.981522 -0.019503 0.999810 0.000000 -0.133473 0.000000 0.000000 1.000000 0.000000
0.999786 0.020700 0.000000 6.526762 -0.020700 0.999786 0.000000 -0.146281 0.000000 0.000000 1.000000 0.000000
0.999782 0.020885 0.000000 7.104259 -0.020885 0.999782 0.000000 -0.154401 0.000000 0.000000 1.000000 0.000000
0.999743 0.022668 0.000000 7.662420 -0.022668 0.999743 0.000000 -0.162456 0.000000 0.000000 1.000000 0.000000
0.999749 0.022409 0.000000 8.227727 -0.022409 0.999749 0.000000 -0.188928 0.000000 0.000000 1.000000 0.000000
0.999708 0.024160 0.000000 8.806250 -0.024160 0.999708 0.000000 -0.205739 0.000000 0.000000 1.000000 0.000000
0.999647 0.026552 0.000000 9.554818 -0.026552 0.999647 0.000000 -0.236821 0.000000 0.000000 1.000000 0.000000
0.999608 0.027987 0.000000 10.173074 -0.027987 0.999608 0.000000 -0.259493 0.000000 0.000000 1.000000 0.000000
0.999591 0.028604 0.000000 10.709555 -0.028604 0.999591 0.000000 -0.275263 0.000000 0.000000 1.000000 0.000000
0.999523 0.030881 0.000000 11.325627 -0.030881 0.999523 0.000000 -0.292210 0.000000 0.000000 1.000000 0.000000
0.999404 0.034514 0.000000 11.903202 -0.034514 0.999404 0.000000 -0.311751 0.000000 0.000000 1.000000 0.000000
0.999375 0.035358 0.000000 12.477491 -0.035358 0.999375 0.000000 -0.345285 0.000000 0.000000 1.000000 0.000000
0.999231 0.039200 0.000000 13.051001 -0.039200 0.999231 0.000000 -0.361556 0.000000 0.000000 1.000000 0.000000
0.999179 0.040518 0.000000 13.629180 -0.040518 0.999179 0.000000 -0.391640 0.000000 0.000000 1.000000 0.000000
0.999124 0.041856 0.000000 14.206256 -0.041856 0.999124 0.000000 -0.414865 0.000000 0.000000 1.000000 0.000000
0.999082 0.042844 0.000000 14.780590 -0.042844 0.999082 0.000000 -0.448199 0.000000 0.000000 1.000000 0.000000
0.998960 0.045590 0.000000 15.350512 -0.045590 0.998960 0.000000 -0.474836 0.000000 0.000000 1.000000 0.000000
0.998839 0.048166 0.000000 15.922485 -0.048166 0.998839 0.000000 -0.508697 0.000000 0.000000 1.000000 0.000000
0.998818 0.048615 0.000000 16.473712 -0.048615 0.998818 0.000000 -0.543073 0.000000 0.000000 1.000000 0.000000
0.998680 0.051366 0.000000 17.045468 -0.051366 0.998680 0.000000 -0.572724 0.000000 0.000000 1.000000 0.000000
0.998601 0.052874 0.000000 18.141339 -0.052874 0.998601 0.000000 -0.637470 0.000000 0.000000 1.000000 0.000000
0.998681 0.051344 0.000000 19.076450 -0.051344 0.998681 0.000000 -0.694438 0.000000 0.000000 1.000000 0.000000
0.998773 0.049531 0.000000 19.639510 -0.049531 0.998773 0.000000 -0.738343 0.000000 0.000000 1.000000 0.000000
0.998703 0.050913 0.000000 20.205084 -0.050913 0.998703 0.000000 -0.783194 0.000000 0.000000 1.000000 0.000000
0.998614 0.052624 0.000000 20.769443 -0.052624 0.998614 0.000000 -0.820124 0.000000 0.000000 1.000000 0.000000
0.998633 0.052275 0.000000 21.332151 -0.052275 0.998633 0.000000 -0.864271 0.000000 0.000000 1.000000 0.000000
0.998652 0.051912 0.000000 21.932139 -0.051912 0.998652 0.000000 -0.915223 0.000000 0.000000 1.000000 0.000000
0.998116 0.061359 0.000000 22.493797 -0.061359 0.998116 0.000000 -0.955493 0.000000 0.000000 1.000000 0.000000
0.997183 0.075006 0.000000 23.615134 -0.075006 0.997183 0.000000 -1.037748 0.000000 0.000000 1.000000 0.000000
0.997256 0.074037 0.000000 24.172530 -0.074037 0.997256 0.000000 -1.104809 0.000000 0.000000 1.000000 0.000000
0.997112 0.075950 0.000000 24.729268 -0.075950 0.997112 0.000000 -1.165715 0.000000 0.000000 1.000000 0.000000
0.997162 0.075283 0.000000 25.251476 -0.075283 0.997162 0.000000 -1.225039 0.000000 0.000000 1.000000 0.000000
0.997280 0.073711 0.000000 25.810835 -0.073711 0.997280 0.000000 -1.283113 0.000000 0.000000 1.000000 0.000000
0.996822 0.079663 0.000000 26.702033 -0.079663 0.996822 0.000000 -1.372943 0.000000 0.000000 1.000000 0.000000
0.996852 0.079282 0.000000 27.295455 -0.079282 0.996852 0.000000 -1.431329 0.000000 0.000000 1.000000 0.000000
0.996692 0.081277 0.000000 27.855416 -0.081277 0.996692 0.000000 -1.478770 0.000000 0.000000 1.000000 0.000000
0.996674 0.081496 0.000000 28.416087 -0.081496 0.996674 0.000000 -1.531344 0.000000 0.000000 1.000000 0.000000
0.996599 0.082406 0.000000 28.976066 -0.082406 0.996599 0.000000 -1.584367 0.000000 0.000000 1.000000 0.000000
0.996512 0.083444 0.000000 29.537634 -0.083444 0.996512 0.000000 -1.632706 0.000000 0.000000 1.000000 0.000000
0.996339 0.085493 0.000000 30.091570 -0.085493 0.996339 0.000000 -1.688444 0.000000 0.000000 1.000000 0.000000
0.996414 0.084608 0.000000 30.657245 -0.084608 0.996414 0.000000 -1.752953 0.000000 0.000000 1.000000 0.000000
0.996352 0.085344 0.000000 31.216774 -0.085344 0.996352 0.000000 -1.803444 0.000000 0.000000 1.000000 0.000000
0.996277 0.086212 0.000000 31.745275 -0.086212 0.996277 0.000000 -1.860773 0.000000 0.000000 1.000000 0.000000
0.996053 0.088764 0.000000 32.686908 -0.088764 0.996053 0.000000 -1.957496 0.000000 0.000000 1.000000 0.000000
0.995658 0.093090 0.000000 33.243889 -0.093090 0.995658 0.000000 -2.019432 0.000000 0.000000 1.000000 0.000000
0.995502 0.094744 0.000000 33.803754 -0.094744 0.995502 0.000000 -2.073005 0.000000 0.000000 1.000000 0.000000
0.995428 0.095517 0.000000 34.364074 -0.095517 0.995428 0.000000 -2.130359 0.000000 0.000000 1.000000 0.000000
0.995182 0.098048 0.000000 34.920239 -0.098048 0.995182 0.000000 -2.184797 0.000000 0.000000 1.000000 0.000000
0.995105 0.098819 0.000000 35.477166 -0.098819 0.995105 0.000000 -2.248521 0.000000 0.000000 1.000000 0.000000
0.994985 0.100027 0.000000 36.070150 -0.100027 0.994985 0.000000 -2.313447 0.000000 0.000000 1.000000 0.000000
0.994982 0.100056 0.000000 36.592229 -0.100056 0.994982 0.000000 -2.374334 0.000000 0.000000 1.000000 0.000000
0.995042 0.099458 0.000000 37.143978 -0.099458 0.995042 0.000000 -2.434018 0.000000 0.000000 1.000000 0.000000
0.995160 0.098271 0.000000 37.696308 -0.098271 0.995160 0.000000 -2.496327 0.000000 0.000000 1.000000 0.000000
0.994803 0.101822 0.000000 38.249460 -0.101822 0.994803 0.000000 -2.551851 0.000000 0.000000 1.000000 0.000000
0.994652 0.103279 0.000000 38.762294 -0.103279 0.994652 0.000000 -2.605097 0.000000 0.000000 1.000000 0.000000
0.994541 0.104349 0.000000 39.311923 -0.104349 0.994541 0.000000 -2.673700 0.000000 0.000000 1.000000 0.000000
0.994503 0.104708 0.000000 39.828057 -0.104708 0.994503 0.000000 -2.736596 0.000000 0.000000 1.000000 0.000000
0.994625 0.103547 0.000000 40.785684 -0.103547 0.994625 0.000000 -2.851416 0.000000 0.000000 1.000000 0.000000
0.994616 0.103628 0.000000 41.334366 -0.103628 0.994616 0.000000 -2.921162 0.000000 0.000000 1.000000 0.000000
0.994382 0.105850 0.000000 41.881921 -0.105850 0.994382 0.000000 -2.990974 0.000000 0.000000 1.000000 0.000000
0.994006 0.109324 0.000000 42.968036 -0.109324 0.994006 0.000000 -3.116284 0.000000 0.000000 1.000000 0.000000
0.993651 0.112502 0.000000 43.547857 -0.112502 0.993651 0.000000 -3.181925 0.000000 0.000000 1.000000 0.000000
0.993494 0.113883 0.000000 44.041376 -0.113883 0.993494 0.000000 -3.242286 0.000000 0.000000 1.000000 0.000000
0.993371 0.114950 0.000000 45.070201 -0.114950 0.993371 0.000000 -3.368299 0.000000 0.000000 1.000000 0.000000
0.993335 0.115260 0.000000 45.598884 -0.115260 0.993335 0.000000 -3.436107 0.000000 0.000000 1.000000 0.000000
0.993486 0.113954 0.000000 46.113690 -0.113954 0.993486 0.000000 -3.498792 0.000000 0.000000 1.000000 0.000000
0.993559 0.113313 0.000000 46.609724 -0.113313 0.993559 0.000000 -3.551322 0.000000 0.000000 1.000000 0.000000
0.993339 0.115230 0.000000 47.511390 -0.115230 0.993339 0.000000 -3.654144 0.000000 0.000000 1.000000 0.000000
0.993560 0.113305 0.000000 48.017986 -0.113305 0.993560 0.000000 -3.729494 0.000000 0.000000 1.000000 0.000000
0.993102 0.117254 0.000000 48.514882 -0.117254 0.993102 0.000000 -3.778558 0.000000 0.000000 1.000000 0.000000
0.992440 0.122727 0.000000 49.010001 -0.122727 0.992440 0.000000 -3.841574 0.000000 0.000000 1.000000 0.000000
0.992373 0.123272 0.000000 49.498410 -0.123272 0.992373 0.000000 -3.909893 0.000000 0.000000 1.000000 0.000000
0.992233 0.124393 0.000000 49.974125 -0.124393 0.992233 0.000000 -3.966410 0.000000 0.000000 1.000000 0.000000
0.991863 0.127312 0.000000 50.450354 -0.127312 0.991863 0.000000 -4.024549 0.000000 0.000000 1.000000 0.000000
0.991287 0.131722 0.000000 51.162332 -0.131722 0.991287 0.000000 -4.116943 0.000000 0.000000 1.000000 0.000000
0.991323 0.131452 0.000000 51.588538 -0.131452 0.991323 0.000000 -4.182446 0.000000 0.000000 1.000000 0.000000
0.991102 0.133105 0.000000 52.041443 -0.133105 0.991102 0.000000 -4.251421 0.000000 0.000000 1.000000 0.000000
0.991205 0.132336 0.000000 52.486377 -0.132336 0.991205 0.000000 -4.316691 0.000000 0.000000 1.000000 0.000000
0.991153 0.132726 0.000000 52.911566 -0.132726 0.991153 0.000000 -4.373130 0.000000 0.000000 1.000000 0.000000
0.991636 0.129066 0.000000 53.344284 -0.129066 0.991636 0.000000 -4.434537 0.000000 0.000000 1.000000 0.000000
0.991756 0.128144 0.000000 54.080454 -0.128144 0.991756 0.000000 -4.535105 0.000000 0.000000 1.000000 0.000000
0.991563 0.129624 0.000000 54.468363 -0.129624 0.991563 0.000000 -4.585670 0.000000 0.000000 1.000000 0.000000
0.991456 0.130441 0.000000 54.900595 -0.130441 0.991456 0.000000 -4.642637 0.000000 0.000000 1.000000 0.000000
0.991408 0.130809 0.000000 55.297812 -0.130809 0.991408 0.000000 -4.700596 0.000000 0.000000 1.000000 0.000000
0.991390 0.130943 0.000000 55.692761 -0.130943 0.991390 0.000000 -4.760627 0.000000 0.000000 1.000000 0.000000
0.991398 0.130883 0.000000 56.080419 -0.130883 0.991398 0.000000 -4.817020 0.000000 0.000000 1.000000 0.000000
0.991174 0.132566 0.000000 56.462936 -0.132566 0.991174 0.000000 -4.876258 0.000000 0.000000 1.000000 0.000000
0.991119 0.132975 0.000000 56.829113 -0.132975 0.991119 0.000000 -4.931234 0.000000 0.000000 1.000000 0.000000
0.990920 0.134452 0.000000 57.187189 -0.134452 0.990920 0.000000 -4.978445 0.000000 0.000000 1.000000 0.000000
0.990754 0.135673 0.000000 57.549704 -0.135673 0.990754 0.000000 -5.027820 0.000000 0.000000 1.000000 0.000000
0.990306 0.138902 0.000000 58.229938 -0.138902 0.990306 0.000000 -5.124856 0.000000 0.000000 1.000000 0.000000
0.990437 0.137966 0.000000 58.577313 -0.137966 0.990437 0.000000 -5.174495 0.000000 0.000000 1.000000 0.000000
0.990502 0.137498 0.000000 58.895441 -0.137498 0.990502 0.000000 -5.223193 0.000000 0.000000 1.000000 0.000000
0.990489 0.137595 0.000000 59.225827 -0.137595 0.990489 0.000000 -5.275810 0.000000 0.000000 1.000000 0.000000
0.990359 0.138526 0.000000 59.559445 -0.138526 0.990359 0.000000 -5.328317 0.000000 0.000000 1.000000 0.000000
0.990223 0.139490 0.000000 59.862418 -0.139490 0.990223 0.000000 -5.368438 0.000000 0.000000 1.000000 0.000000
0.989360 0.145489 0.000000 60.190253 -0.145489 0.989360 0.000000 -5.399852 0.000000 0.000000 1.000000 0.000000
0.989274 0.146073 0.000000 60.509754 -0.146073 0.989274 0.000000 -5.449160 0.000000 0.000000 1.000000 0.000000
0.989667 0.143382 0.000000 61.027362 -0.143382 0.989667 0.000000 -5.541672 0.000000 0.000000 1.000000 0.000000
0.989728 0.142961 0.000000 61.330787 -0.142961 0.989728 0.000000 -5.594322 0.000000 0.000000 1.000000 0.000000
0.989529 0.144331 0.000000 61.637016 -0.144331 0.989529 0.000000 -5.645573 0.000000 0.000000 1.000000 0.000000
0.989278 0.146044 0.000000 61.949046 -0.146044 0.989278 0.000000 -5.695466 0.000000 0.000000 1.000000 0.000000
0.989240 0.146301 0.000000 62.246254 -0.146301 0.989240 0.000000 -5.743920 0.000000 0.000000 1.000000 0.000000
0.988974 0.148088 0.000000 62.513271 -0.148088 0.988974 0.000000 -5.790035 0.000000 0.000000 1.000000 0.000000
0.989045 0.147614 0.000000 62.814052 -0.147614 0.989045 0.000000 -5.846133 0.000000 0.000000 1.000000 0.000000
0.989141 0.146967 0.000000 63.093476 -0.146967 0.989141 0.000000 -5.895469 0.000000 0.000000 1.000000 0.000000
0.989057 0.147537 0.000000 63.368211 -0.147537 0.989057 0.000000 -5.942843 0.000000 0.000000 1.000000 0.000000
0.988534 0.150995 0.000000 63.827914 -0.150995 0.988534 0.000000 -6.023659 0.000000 0.000000 1.000000 0.000000
0.988303 0.152502 0.000000 64.069210 -0.152502 0.988303 0.000000 -6.060475 0.000000 0.000000 1.000000 0.000000
0.988311 0.152448 0.000000 64.347582 -0.152448 0.988311 0.000000 -6.104250 0.000000 0.000000 1.000000 0.000000
0.988230 0.152976 0.000000 64.611704 -0.152976 0.988230 0.000000 -6.141619 0.000000 0.000000 1.000000 0.000000
0.988105 0.153783 0.000000 64.873823 -0.153783 0.988105 0.000000 -6.192427 0.000000 0.000000 1.000000 0.000000
0.987998 0.154470 0.000000 65.138374 -0.154470 0.987998 0.000000 -6.240714 0.000000 0.000000 1.000000 0.000000
0.987773 0.155899 0.000000 65.396749 -0.155899 0.987773 0.000000 -6.285294 0.000000 0.000000 1.000000 0.000000
0.987691 0.156420 0.000000 65.663208 -0.156420 0.987691 0.000000 -6.330085 0.000000 0.000000 1.000000 0.000000
0.987568 0.157191 0.000000 65.905620 -0.157191 0.987568 0.000000 -6.372812 0.000000 0.000000 1.000000 0.000000
0.987590 0.157052 0.000000 66.171071 -0.157052 0.987590 0.000000 -6.419785 0.000000 0.000000 1.000000 0.000000
0.987454 0.157907 0.000000 66.420642 -0.157907 0.987454 0.000000 -6.462844 0.000000 0.000000 1.000000 0.000000
0.987307 0.158825 0.000000 66.678035 -0.158825 0.987307 0.000000 -6.506387 0.000000 0.000000 1.000000 0.000000
0.987023 0.160579 0.000000 67.111366 -0.160579 0.987023 0.000000 -6.584933 0.000000 0.000000 1.000000 0.000000
0.986790 0.162007 0.000000 67.378689 -0.162007 0.986790 0.000000 -6.627973 0.000000 0.000000 1.000000 0.000000
0.986699 0.162558 0.000000 67.653696 -0.162558 0.986699 0.000000 -6.675292 0.000000 0.000000 1.000000 0.000000
0.986503 0.163744 0.000000 67.924298 -0.163744 0.986503 0.000000 -6.722204 0.000000 0.000000 1.000000 0.000000
0.986484 0.163859 0.000000 68.201078 -0.163859 0.986484 0.000000 -6.774505 0.000000 0.000000 1.000000 0.000000
0.986182 0.165668 0.000000 68.489263 -0.165668 0.986182 0.000000 -6.826541 0.000000 0.000000 1.000000 0.000000
0.986061 0.166382 0.000000 68.747984 -0.166382 0.986061 0.000000 -6.879204 0.000000 0.000000 1.000000 0.000000
0.986117 0.166054 0.000000 69.036845 -0.166054 0.986117 0.000000 -6.936278 0.000000 0.000000 1.000000 0.000000
0.985669 0.168692 0.000000 69.316672 -0.168692 0.985669 0.000000 -6.983226 0.000000 0.000000 1.000000 0.000000
0.985194 0.171443 0.000000 69.576298 -0.171443 0.985194 0.000000 -7.035215 0.000000 0.000000 1.000000 0.000000
0.985132 0.171801 0.000000 69.854693 -0.171801 0.985132 0.000000 -7.087780 0.000000 0.000000 1.000000 0.000000
0.985273 0.170990 0.000000 70.122241 -0.170990 0.985273 0.000000 -7.140849 0.000000 0.000000 1.000000 0.000000
0.984795 0.173718 0.000000 70.894636 -0.173718 0.984795 0.000000 -7.293054 0.000000 0.000000 1.000000 0.000000
0.984158 0.177292 0.000000 71.179643 -0.177292 0.984158 0.000000 -7.339650 0.000000 0.000000 1.000000 0.000000
0.983626 0.180222 0.000000 71.468917 -0.180222 0.983626 0.000000 -7.392594 0.000000 0.000000 1.000000 0.000000
0.983222 0.182413 0.000000 71.760203 -0.182413 0.983222 0.000000 -7.443352 0.000000 0.000000 1.000000 0.000000
0.983568 0.180535 0.000000 72.050232 -0.180535 0.983568 0.000000 -7.500418 0.000000 0.000000 1.000000 0.000000
0.983111 0.183012 0.000000 72.630008 -0.183012 0.983111 0.000000 -7.610845 0.000000 0.000000 1.000000 0.000000
0.983119 0.182968 0.000000 72.932273 -0.182968 0.983119 0.000000 -7.668678 0.000000 0.000000 1.000000 0.000000
0.982858 0.184362 0.000000 73.216955 -0.184362 0.982858 0.000000 -7.721815 0.000000 0.000000 1.000000 0.000000
0.982621 0.185625 0.000000 73.680149 -0.185625 0.982621 0.000000 -7.818285 0.000000 0.000000 1.000000 0.000000
0.981998 0.188893 0.000000 73.994401 -0.188893 0.981998 0.000000 -7.879402 0.000000 0.000000 1.000000 0.000000
0.980919 0.194418 0.000000 74.520929 -0.194418 0.980919 0.000000 -7.991855 0.000000 0.000000 1.000000 0.000000
0.980746 0.195289 0.000000 74.846825 -0.195289 0.980746 0.000000 -8.058429 0.000000 0.000000 1.000000 0.000000
0.980757 0.195233 0.000000 75.181334 -0.195233 0.980757 0.000000 -8.131209 0.000000 0.000000 1.000000 0.000000
0.979153 0.203123 0.000000 75.500083 -0.203123 0.979153 0.000000 -8.180893 0.000000 0.000000 1.000000 0.000000
0.979041 0.203665 0.000000 75.846634 -0.203665 0.979041 0.000000 -8.252095 0.000000 0.000000 1.000000 0.000000
0.978442 0.206524 0.000000 76.408629 -0.206524 0.978442 0.000000 -8.375465 0.000000 0.000000 1.000000 0.000000
0.979026 0.203734 0.000000 76.750005 -0.203734 0.979026 0.000000 -8.449576 0.000000 0.000000 1.000000 0.000000
0.978787 0.204882 0.000000 77.124504 -0.204882 0.978787 0.000000 -8.531357 0.000000 0.000000 1.000000 0.000000
0.978813 0.204756 0.000000 77.478071 -0.204756 0.978813 0.000000 -8.603871 0.000000 0.000000 1.000000 0.000000
0.978800 0.204818 0.000000 78.124262 -0.204818 0.978800 0.000000 -8.747745 0.000000 0.000000 1.000000 0.000000
0.979028 0.203727 0.000000 78.778058 -0.203727 0.979028 0.000000 -8.878025 0.000000 0.000000 1.000000 0.000000
0.979475 0.201567 0.000000 79.160383 -0.201567 0.979475 0.000000 -8.965125 0.000000 0.000000 1.000000 0.000000
0.979796 0.199998 0.000000 79.578468 -0.199998 0.979796 0.000000 -9.047475 0.000000 0.000000 1.000000 0.000000
0.979498 0.201456 0.000000 79.977980 -0.201456 0.979498 0.000000 -9.127816 0.000000 0.000000 1.000000 0.000000
0.979985 0.199073 0.000000 80.408491 -0.199073 0.979985 0.000000 -9.228393 0.000000 0.000000 1.000000 0.000000
0.979571 0.201100 0.000000 80.809014 -0.201100 0.979571 0.000000 -9.323432 0.000000 0.000000 1.000000 0.000000
0.979795 0.200003 0.000000 81.251283 -0.200003 0.979795 0.000000 -9.413914 0.000000 0.000000 1.000000 0.000000
0.980731 0.195363 0.000000 81.935020 -0.195363 0.980731 0.000000 -9.558152 0.000000 0.000000 1.000000 0.000000
0.980862 0.194703 0.000000 82.739444 -0.194703 0.980862 0.000000 -9.722768 0.000000 0.000000 1.000000 0.000000
0.981118 0.193412 0.000000 83.209813 -0.193412 0.981118 0.000000 -9.822281 0.000000 0.000000 1.000000 0.000000
0.980498 0.196528 0.000000 83.684685 -0.196528 0.980498 0.000000 -9.923943 0.000000 0.000000 1.000000 0.000000
0.980425 0.196894 0.000000 84.149390 -0.196894 0.980425 0.000000 -10.025199 0.000000 0.000000 1.000000 0.000000
0.980321 0.197409 0.000000 84.653288 -0.197409 0.980321 0.000000 -10.135043 0.000000 0.000000 1.000000 0.000000
0.980280 0.197612 0.000000 85.101438 -0.197612 0.980280 0.000000 -10.226536 0.000000 0.000000 1.000000 0.000000
0.978890 0.204386 0.000000 85.601247 -0.204386 0.978890 0.000000 -10.329007 0.000000 0.000000 1.000000 0.000000
0.978356 0.206927 0.000000 86.110748 -0.206927 0.978356 0.000000 -10.443281 0.000000 0.000000 1.000000 0.000000
0.977479 0.211031 0.000000 86.625307 -0.211031 0.977479 0.000000 -10.561053 0.000000 0.000000 1.000000 0.000000
0.976921 0.213601 0.000000 87.113204 -0.213601 0.976921 0.000000 -10.671191 0.000000 0.000000 1.000000 0.000000
0.976511 0.215470 0.000000 87.638703 -0.215470 0.976511 0.000000 -10.791452 0.000000 0.000000 1.000000 0.000000
0.975340 0.220709 0.000000 88.589283 -0.220709 0.975340 0.000000 -11.004988 0.000000 0.000000 1.000000 0.000000
0.975359 0.220626 0.000000 89.126675 -0.220626 0.975359 0.000000 -11.134089 0.000000 0.000000 1.000000 0.000000
0.975213 0.221266 0.000000 89.671276 -0.221266 0.975213 0.000000 -11.261719 0.000000 0.000000 1.000000 0.000000
0.974117 0.226045 0.000000 90.219773 -0.226045 0.974117 0.000000 -11.378249 0.000000 0.000000 1.000000 0.000000
0.972810 0.231604 0.000000 90.772288 -0.231604 0.972810 0.000000 -11.508961 0.000000 0.000000 1.000000 0.000000
0.972647 0.232289 0.000000 91.613060 -0.232289 0.972647 0.000000 -11.721010 0.000000 0.000000 1.000000 0.000000
0.972200 0.234151 0.000000 92.138582 -0.234151 0.972200 0.000000 -11.843185 0.000000 0.000000 1.000000 0.000000
0.969514 0.245034 0.000000 93.237023 -0.245034 0.969514 0.000000 -12.120171 0.000000 0.000000 1.000000 0.000000
0.968379 0.249482 0.000000 93.961908 -0.249482 0.968379 0.000000 -12.307404 0.000000 0.000000 1.000000 0.000000
0.967419 0.253181 0.000000 94.538391 -0.253181 0.967419 0.000000 -12.454592 0.000000 0.000000 1.000000 0.000000
0.966102 0.258161 0.000000 95.116961 -0.258161 0.966102 0.000000 -12.615516 0.000000 0.000000 1.000000 0.000000
0.964418 0.264381 0.000000 95.693283 -0.264381 0.964418 0.000000 -12.781649 0.000000 0.000000 1.000000 0.000000
0.963975 0.265992 0.000000 96.279249 -0.265992 0.963975 0.000000 -12.938720 0.000000 0.000000 1.000000 0.000000
0.963639 0.267209 0.000000 96.899779 -0.267209 0.963639 0.000000 -13.111691 0.000000 0.000000 1.000000 0.000000
0.962906 0.269837 0.000000 97.464223 -0.269837 0.962906 0.000000 -13.274420 0.000000 0.000000 1.000000 0.000000
0.961932 0.273289 0.000000 98.046913 -0.273289 0.961932 0.000000 -13.446792 0.000000 0.000000 1.000000 0.000000
0.961473 0.274900 0.000000 98.641368 -0.274900 0.961473 0.000000 -13.619341 0.000000 0.000000 1.000000 0.000000
0.962459 0.271426 0.000000 99.202994 -0.271426 0.962459 0.000000 -13.777281 0.000000 0.000000 1.000000 0.000000
0.963255 0.268589 0.000000 99.806538 -0.268589 0.963255 0.000000 -13.948556 0.000000 0.000000 1.000000 0.000000
0.963247 0.268616 0.000000 100.409094 -0.268616 0.963247 0.000000 -14.125381 0.000000 0.000000 1.000000 0.000000
0.962844 0.270059 0.000000 100.967404 -0.270059 0.962844 0.000000 -14.290344 0.000000 0.000000 1.000000 0.000000
0.962751 0.270390 0.000000 102.041980 -0.270390 0.962751 0.000000 -14.597442 0.000000 0.000000 1.000000 0.000000
0.962501 0.271278 0.000000 102.693815 -0.271278 0.962501 0.000000 -14.791141 0.000000 0.000000 1.000000 0.000000
0.962381 0.271702 0.000000 103.303057 -0.271702 0.962381 0.000000 -14.980522 0.000000 0.000000 1.000000 0.000000
0.961647 0.274291 0.000000 103.917617 -0.274291 0.961647 0.000000 -15.160764 0.000000 0.000000 1.000000 0.000000
0.960716 0.277532 0.000000 104.517504 -0.277532 0.960716 0.000000 -15.341880 0.000000 0.000000 1.000000 0.000000
0.961275 0.275590 0.000000 105.135698 -0.275590 0.961275 0.000000 -15.531855 0.000000 0.000000 1.000000 0.000000
0.961145 0.276042 0.000000 105.712597 -0.276042 0.961145 0.000000 -15.706023 0.000000 0.000000 1.000000 0.000000
0.961138 0.276068 0.000000 106.338228 -0.276068 0.961138 0.000000 -15.892019 0.000000 0.000000 1.000000 0.000000
0.961082 0.276262 0.000000 106.921822 -0.276262 0.961082 0.000000 -16.064191 0.000000 0.000000 1.000000 0.000000
0.960317 0.278912 0.000000 107.548272 -0.278912 0.960317 0.000000 -16.263288 0.000000 0.000000 1.000000 0.000000
0.959681 0.281091 0.000000 108.170965 -0.281091 0.959681 0.000000 -16.459719 0.000000 0.000000 1.000000 0.000000
0.959378 0.282125 0.000000 108.806430 -0.282125 0.959378 0.000000 -16.650176 0.000000 0.000000 1.000000 0.000000
0.959741 0.280887 0.000000 109.591024 -0.280887 0.959741 0.000000 -16.898032 0.000000 0.000000 1.000000 0.000000
0.959699 0.281031 0.000000 110.183241 -0.281031 0.959699 0.000000 -17.075505 0.000000 0.000000 1.000000 0.000000
0.957938 0.286974 0.000000 110.819328 -0.286974 0.957938 0.000000 -17.277887 0.000000 0.000000 1.000000 0.000000
0.958653 0.284577 0.000000 111.826547 -0.284577 0.958653 0.000000 -17.585309 0.000000 0.000000 1.000000 0.000000
0.958608 0.284730 0.000000 112.467498 -0.284730 0.958608 0.000000 -17.784354 0.000000 0.000000 1.000000 0.000000
0.958532 0.284984 0.000000 113.109291 -0.284984 0.958532 0.000000 -17.991804 0.000000 0.000000 1.000000 0.000000
0.957760 0.287569 0.000000 113.756348 -0.287569 0.957760 0.000000 -18.198152 0.000000 0.000000 1.000000 0.000000
0.957807 0.287411 0.000000 114.380961 -0.287411 0.957807 0.000000 -18.407904 0.000000 0.000000 1.000000 0.000000
0.957702 0.287763 0.000000 115.023107 -0.287763 0.957702 0.000000 -18.612070 0.000000 0.000000 1.000000 0.000000
0.958112 0.286394 0.000000 115.618864 -0.286394 0.958112 0.000000 -18.818503 0.000000 0.000000 1.000000 0.000000
0.958241 0.285962 0.000000 116.753463 -0.285962 0.958241 0.000000 -19.178621 0.000000 0.000000 1.000000 0.000000
0.958495 0.285109 0.000000 117.393026 -0.285109 0.958495 0.000000 -19.383731 0.000000 0.000000 1.000000 0.000000
0.958957 0.283551 0.000000 118.037309 -0.283551 0.958957 0.000000 -19.594133 0.000000 0.000000 1.000000 0.000000
0.959187 0.282772 0.000000 118.677376 -0.282772 0.959187 0.000000 -19.800412 0.000000 0.000000 1.000000 0.000000
0.958984 0.283460 0.000000 119.987837 -0.283460 0.958984 0.000000 -20.207858 0.000000 0.000000 1.000000 0.000000
0.959516 0.281654 0.000000 120.578515 -0.281654 0.959516 0.000000 -20.398159 0.000000 0.000000 1.000000 0.000000
0.959003 0.283397 0.000000 121.221966 -0.283397 0.959003 0.000000 -20.603852 0.000000 0.000000 1.000000 0.000000
0.959314 0.282342 0.000000 121.824010 -0.282342 0.959314 0.000000 -20.806033 0.000000 0.000000 1.000000 0.000000
0.959444 0.281900 0.000000 122.422631 -0.281900 0.959444 0.000000 -20.994605 0.000000 0.000000 1.000000 0.000000
0.953832 0.300342 0.000000 127.081831 -0.300342 0.953832 0.000000 -22.512218 0.000000 0.000000 1.000000 0.000000
0.955527 0.294904 0.000000 127.715191 -0.294904 0.955527 0.000000 -22.714885 0.000000 0.000000 1.000000 0.000000
0.955524 0.294914 0.000000 128.314507 -0.294914 0.955524 0.000000 -22.910120 0.000000 0.000000 1.000000 0.000000
0.957102 0.289751 0.000000 128.934729 -0.289751 0.957102 0.000000 -23.114980 0.000000 0.000000 1.000000 0.000000
0.956950 0.290251 0.000000 129.527341 -0.290251 0.956950 0.000000 -23.308216 0.000000 0.000000 1.000000 0.000000
0.958372 0.285522 0.000000 130.140582 -0.285522 0.958372 0.000000 -23.505691 0.000000 0.000000 1.000000 0.000000
0.957376 0.288845 0.000000 130.766309 -0.288845 0.957376 0.000000 -23.709775 0.000000 0.000000 1.000000 0.000000
0.958171 0.286197 0.000000 131.566153 -0.286197 0.958171 0.000000 -23.971260 0.000000 0.000000 1.000000 0.000000
0.958024 0.286690 0.000000 132.195605 -0.286690 0.958024 0.000000 -24.175604 0.000000 0.000000 1.000000 0.000000
0.957089 0.289795 0.000000 132.827589 -0.289795 0.957089 0.000000 -24.360931 0.000000 0.000000 1.000000 0.000000
0.957258 0.289236 0.000000 133.741794 -0.289236 0.957258 0.000000 -24.649033 0.000000 0.000000 1.000000 0.000000
0.957568 0.288209 0.000000 134.356880 -0.288209 0.957568 0.000000 -24.854653 0.000000 0.000000 1.000000 0.000000
0.957653 0.287925 0.000000 134.973490 -0.287925 0.957653 0.000000 -25.052901 0.000000 0.000000 1.000000 0.000000
0.957881 0.287164 0.000000 135.587481 -0.287164 0.957881 0.000000 -25.254185 0.000000 0.000000 1.000000 0.000000
0.957953 0.286926 0.000000 136.200612 -0.286926 0.957953 0.000000 -25.457039 0.000000 0.000000 1.000000 0.000000
0.957617 0.288044 0.000000 137.105862 -0.288044 0.957617 0.000000 -25.747593 0.000000 0.000000 1.000000 0.000000
0.957449 0.288604 0.000000 137.697642 -0.288604 0.957449 0.000000 -25.942126 0.000000 0.000000 1.000000 0.000000
0.957169 0.289530 0.000000 138.307054 -0.289530 0.957169 0.000000 -26.138559 0.000000 0.000000 1.000000 0.000000
0.956649 0.291244 0.000000 138.870047 -0.291244 0.956649 0.000000 -26.324093 0.000000 0.000000 1.000000 0.000000
0.955914 0.293648 0.000000 139.653792 -0.293648 0.955914 0.000000 -26.581380 0.000000 0.000000 1.000000 0.000000
0.955352 0.295470 0.000000 140.256717 -0.295470 0.955352 0.000000 -26.783329 0.000000 0.000000 1.000000 0.000000
0.955034 0.296495 0.000000 140.856565 -0.296495 0.955034 0.000000 -26.978634 0.000000 0.000000 1.000000 0.000000
0.955355 0.295460 0.000000 141.452839 -0.295460 0.955355 0.000000 -27.174277 0.000000 0.000000 1.000000 0.000000
0.956267 0.292495 0.000000 142.049229 -0.292495 0.956267 0.000000 -27.371918 0.000000 0.000000 1.000000 0.000000
0.956271 0.292483 0.000000 143.196905 -0.292483 0.956271 0.000000 -27.749148 0.000000 0.000000 1.000000 0.000000
0.957132 0.289654 0.000000 143.748012 -0.289654 0.957132 0.000000 -27.927723 0.000000 0.000000 1.000000 0.000000
0.955042 0.296469 0.000000 144.329698 -0.296469 0.955042 0.000000 -28.106582 0.000000 0.000000 1.000000 0.000000
0.955706 0.294325 0.000000 144.906535 -0.294325 0.955706 0.000000 -28.297606 0.000000 0.000000 1.000000 0.000000
0.954768 0.297352 0.000000 145.452655 -0.297352 0.954768 0.000000 -28.478409 0.000000 0.000000 1.000000 0.000000
0.955075 0.296365 0.000000 146.033245 -0.296365 0.955075 0.000000 -28.677539 0.000000 0.000000 1.000000 0.000000
0.956890 0.290452 0.000000 146.742159 -0.290452 0.956890 0.000000 -28.912627 0.000000 0.000000 1.000000 0.000000
0.957739 0.287640 0.000000 147.316168 -0.287640 0.957739 0.000000 -29.102736 0.000000 0.000000 1.000000 0.000000
0.957918 0.287042 0.000000 147.842949 -0.287042 0.957918 0.000000 -29.280907 0.000000 0.000000 1.000000 0.000000
0.958088 0.286474 0.000000 148.419466 -0.286474 0.958088 0.000000 -29.468247 0.000000 0.000000 1.000000 0.000000
0.957998 0.286777 0.000000 148.985570 -0.286777 0.957998 0.000000 -29.654290 0.000000 0.000000 1.000000 0.000000
0.957987 0.286813 0.000000 149.514191 -0.286813 0.957987 0.000000 -29.828408 0.000000 0.000000 1.000000 0.000000
0.957698 0.287776 0.000000 150.080300 -0.287776 0.957698 0.000000 -30.014772 0.000000 0.000000 1.000000 0.000000
0.958713 0.284377 0.000000 150.611129 -0.284377 0.958713 0.000000 -30.184841 0.000000 0.000000 1.000000 0.000000
0.958498 0.285100 0.000000 151.174182 -0.285100 0.958498 0.000000 -30.366267 0.000000 0.000000 1.000000 0.000000
0.957954 0.286921 0.000000 151.736034 -0.286921 0.957954 0.000000 -30.551213 0.000000 0.000000 1.000000 0.000000
0.958120 0.286368 0.000000 152.458090 -0.286368 0.958120 0.000000 -30.777258 0.000000 0.000000 1.000000 0.000000
0.957598 0.288108 0.000000 152.983757 -0.288108 0.957598 0.000000 -30.941097 0.000000 0.000000 1.000000 0.000000
0.957150 0.289594 0.000000 153.547298 -0.289594 0.957150 0.000000 -31.111068 0.000000 0.000000 1.000000 0.000000
0.956678 0.291148 0.000000 154.077566 -0.291148 0.956678 0.000000 -31.276679 0.000000 0.000000 1.000000 0.000000
0.956494 0.291753 0.000000 154.633798 -0.291753 0.956494 0.000000 -31.449584 0.000000 0.000000 1.000000 0.000000
0.956439 0.291933 0.000000 155.158108 -0.291933 0.956439 0.000000 -31.615489 0.000000 0.000000 1.000000 0.000000
0.956373 0.292149 0.000000 155.873999 -0.292149 0.956373 0.000000 -31.840911 0.000000 0.000000 1.000000 0.000000
0.956406 0.292040 0.000000 156.382908 -0.292040 0.956406 0.000000 -32.005307 0.000000 0.000000 1.000000 0.000000
0.954296 0.298864 0.000000 156.925940 -0.298864 0.954296 0.000000 -32.200642 0.000000 0.000000 1.000000 0.000000
0.954261 0.298975 0.000000 157.433179 -0.298975 0.954261 0.000000 -32.366947 0.000000 0.000000 1.000000 0.000000
0.953736 0.300645 0.000000 157.980843 -0.300645 0.953736 0.000000 -32.545778 0.000000 0.000000 1.000000 0.000000
0.953714 0.300715 0.000000 158.490750 -0.300715 0.953714 0.000000 -32.713285 0.000000 0.000000 1.000000 0.000000
0.953564 0.301190 0.000000 159.229140 -0.301190 0.953564 0.000000 -32.958788 0.000000 0.000000 1.000000 0.000000
0.953491 0.301423 0.000000 159.776192 -0.301423 0.953491 0.000000 -33.142168 0.000000 0.000000 1.000000 0.000000
0.954363 0.298649 0.000000 160.321463 -0.298649 0.954363 0.000000 -33.329067 0.000000 0.000000 1.000000 0.000000
0.955318 0.295580 0.000000 160.866684 -0.295580 0.955318 0.000000 -33.507081 0.000000 0.000000 1.000000 0.000000
0.956316 0.292334 0.000000 161.411147 -0.292334 0.956316 0.000000 -33.687229 0.000000 0.000000 1.000000 0.000000
0.955692 0.294368 0.000000 161.950141 -0.294368 0.955692 0.000000 -33.874190 0.000000 0.000000 1.000000 0.000000
0.956611 0.291370 0.000000 162.494701 -0.291370 0.956611 0.000000 -34.052094 0.000000 0.000000 1.000000 0.000000
0.957834 0.287321 0.000000 163.006754 -0.287321 0.957834 0.000000 -34.220907 0.000000 0.000000 1.000000 0.000000
0.959034 0.283291 0.000000 163.546743 -0.283291 0.959034 0.000000 -34.396808 0.000000 0.000000 1.000000 0.000000
0.959371 0.282149 0.000000 164.094610 -0.282149 0.959371 0.000000 -34.581093 0.000000 0.000000 1.000000 0.000000
0.959842 0.280542 0.000000 164.598995 -0.280542 0.959842 0.000000 -34.752022 0.000000 0.000000 1.000000 0.000000
0.960312 0.278928 0.000000 165.143717 -0.278928 0.960312 0.000000 -34.933809 0.000000 0.000000 1.000000 0.000000
0.961476 0.274889 0.000000 165.662382 -0.274889 0.961476 0.000000 -35.087206 0.000000 0.000000 1.000000 0.000000
0.962116 0.272642 0.000000 166.212118 -0.272642 0.962116 0.000000 -35.261159 0.000000 0.000000 1.000000 0.000000
0.963763 0.266759 0.000000 166.756747 -0.266759 0.963763 0.000000 -35.429844 0.000000 0.000000 1.000000 0.000000
0.965302 0.261137 0.000000 167.313242 -0.261137 0.965302 0.000000 -35.601116 0.000000 0.000000 1.000000 0.000000
0.966295 0.257437 0.000000 167.834167 -0.257437 0.966295 0.000000 -35.756002 0.000000 0.000000 1.000000 0.000000
0.967684 0.252165 0.000000 168.382841 -0.252165 0.967684 0.000000 -35.918151 0.000000 0.000000 1.000000 0.000000
0.968792 0.247874 0.000000 168.886371 -0.247874 0.968792 0.000000 -36.063590 0.000000 0.000000 1.000000 0.000000
0.970511 0.241058 0.000000 169.438804 -0.241058 0.970511 0.000000 -36.223285 0.000000 0.000000 1.000000 0.000000
0.971875 0.235497 0.000000 170.153184 -0.235497 0.971875 0.000000 -36.426427 0.000000 0.000000 1.000000 0.000000
0.972457 0.233083 0.000000 170.704728 -0.233083 0.972457 0.000000 -36.562920 0.000000 0.000000 1.000000 0.000000
0.973253 0.229738 0.000000 171.209385 -0.229738 0.973253 0.000000 -36.695523 0.000000 0.000000 1.000000 0.000000
0.973092 0.230416 0.000000 171.762387 -0.230416 0.973092 0.000000 -36.846538 0.000000 0.000000 1.000000 0.000000
0.973597 0.228273 0.000000 172.450989 -0.228273 0.973597 0.000000 -37.026061 0.000000 0.000000 1.000000 0.000000
0.974820 0.222992 0.000000 173.543288 -0.222992 0.974820 0.000000 -37.304644 0.000000 0.000000 1.000000 0.000000
0.974867 0.222789 0.000000 174.085889 -0.222789 0.974867 0.000000 -37.445442 0.000000 0.000000 1.000000 0.000000
0.975537 0.219835 0.000000 174.629201 -0.219835 0.975537 0.000000 -37.580891 0.000000 0.000000 1.000000 0.000000
0.975504 0.219984 0.000000 175.171806 -0.219984 0.975504 0.000000 -37.712532 0.000000 0.000000 1.000000 0.000000
0.975930 0.218085 0.000000 175.716676 -0.218085 0.975930 0.000000 -37.829753 0.000000 0.000000 1.000000 0.000000
0.976213 0.216813 0.000000 176.259502 -0.216813 0.976213 0.000000 -37.949815 0.000000 0.000000 1.000000 0.000000
0.975970 0.217905 0.000000 176.820408 -0.217905 0.975970 0.000000 -38.093882 0.000000 0.000000 1.000000 0.000000
0.976080 0.217412 0.000000 177.357856 -0.217412 0.976080 0.000000 -38.225323 0.000000 0.000000 1.000000 0.000000
0.975639 0.219381 0.000000 177.851593 -0.219381 0.975639 0.000000 -38.343678 0.000000 0.000000 1.000000 0.000000
0.975161 0.221496 0.000000 178.349252 -0.221496 0.975161 0.000000 -38.477411 0.000000 0.000000 1.000000 0.000000
0.975179 0.221416 0.000000 178.881675 -0.221416 0.975179 0.000000 -38.604703 0.000000 0.000000 1.000000 0.000000
0.975519 0.219916 0.000000 179.379188 -0.219916 0.975519 0.000000 -38.722549 0.000000 0.000000 1.000000 0.000000
0.976146 0.217114 0.000000 179.912975 -0.217114 0.976146 0.000000 -38.843805 0.000000 0.000000 1.000000 0.000000
0.976553 0.215275 0.000000 180.407434 -0.215275 0.976553 0.000000 -38.955158 0.000000 0.000000 1.000000 0.000000
0.976688 0.214666 0.000000 180.934288 -0.214666 0.976688 0.000000 -39.080275 0.000000 0.000000 1.000000 0.000000
0.976864 0.213863 0.000000 181.426873 -0.213863 0.976864 0.000000 -39.191974 0.000000 0.000000 1.000000 0.000000
0.977777 0.209648 0.000000 181.954060 -0.209648 0.977777 0.000000 -39.311745 0.000000 0.000000 1.000000 0.000000
0.978307 0.207162 0.000000 182.440773 -0.207162 0.978307 0.000000 -39.419835 0.000000 0.000000 1.000000 0.000000
0.978460 0.206435 0.000000 182.969712 -0.206435 0.978460 0.000000 -39.531488 0.000000 0.000000 1.000000 0.000000
0.978557 0.205976 0.000000 183.460332 -0.205976 0.978557 0.000000 -39.637949 0.000000 0.000000 1.000000 0.000000
0.978313 0.207131 0.000000 183.983796 -0.207131 0.978313 0.000000 -39.750107 0.000000 0.000000 1.000000 0.000000
0.979112 0.203322 0.000000 184.629799 -0.203322 0.979112 0.000000 -39.903088 0.000000 0.000000 1.000000 0.000000
0.980013 0.198935 0.000000 185.150401 -0.198935 0.980013 0.000000 -40.019496 0.000000 0.000000 1.000000 0.000000
0.980921 0.194407 0.000000 185.662042 -0.194407 0.980921 0.000000 -40.135244 0.000000 0.000000 1.000000 0.000000
0.981093 0.193539 0.000000 186.141965 -0.193539 0.981093 0.000000 -40.237869 0.000000 0.000000 1.000000 0.000000
0.982492 0.186305 0.000000 186.857772 -0.186305 0.982492 0.000000 -40.385216 0.000000 0.000000 1.000000 0.000000
0.982963 0.183805 0.000000 187.375344 -0.183805 0.982963 0.000000 -40.484353 0.000000 0.000000 1.000000 0.000000
0.983416 0.181365 0.000000 187.889764 -0.181365 0.983416 0.000000 -40.582992 0.000000 0.000000 1.000000 0.000000
0.983920 0.178609 0.000000 188.402538 -0.178609 0.983920 0.000000 -40.683534 0.000000 0.000000 1.000000 0.000000
0.985142 0.171744 0.000000 188.910067 -0.171744 0.985142 0.000000 -40.772254 0.000000 0.000000 1.000000 0.000000
0.987121 0.159974 0.000000 189.923582 -0.159974 0.987121 0.000000 -40.960636 0.000000 0.000000 1.000000 0.000000
0.988162 0.153412 0.000000 190.419613 -0.153412 0.988162 0.000000 -41.035438 0.000000 0.000000 1.000000 0.000000
0.989295 0.145931 0.000000 190.919947 -0.145931 0.989295 0.000000 -41.116623 0.000000 0.000000 1.000000 0.000000
0.990514 0.137410 0.000000 191.382938 -0.137410 0.990514 0.000000 -41.188197 0.000000 0.000000 1.000000 0.000000
0.991493 0.130159 0.000000 191.880298 -0.130159 0.991493 0.000000 -41.255132 0.000000 0.000000 1.000000 0.000000
0.992640 0.121099 0.000000 192.349122 -0.121099 0.992640 0.000000 -41.314901 0.000000 0.000000 1.000000 0.000000
0.994881 0.101053 0.000000 193.295527 -0.101053 0.994881 0.000000 -41.430648 0.000000 0.000000 1.000000 0.000000
0.995800 0.091557 0.000000 193.782269 -0.091557 0.995800 0.000000 -41.485180 0.000000 0.000000 1.000000 0.000000
0.996797 0.079973 0.000000 194.238399 -0.079973 0.996797 0.000000 -41.534104 0.000000 0.000000 1.000000 0.000000
0.997685 0.068006 0.000000 194.917873 -0.068006 0.997685 0.000000 -41.595002 0.000000 0.000000 1.000000 0.000000
0.998401 0.056520 0.000000 195.390640 -0.056520 0.998401 0.000000 -41.633595 0.000000 0.000000 1.000000 0.000000
0.998980 0.045145 0.000000 195.863834 -0.045145 0.998980 0.000000 -41.669886 0.000000 0.000000 1.000000 0.000000
0.999417 0.034149 0.000000 196.303375 -0.034149 0.999417 0.000000 -41.694618 0.000000 0.000000 1.000000 0.000000
0.999694 0.024725 0.000000 196.774940 -0.024725 0.999694 0.000000 -41.715099 0.000000 0.000000 1.000000 0.000000
0.999970 0.007715 0.000000 197.244037 -0.007715 0.999970 0.000000 -41.733222 0.000000 0.000000 1.000000 0.000000
0.999998 -0.001993 0.000000 197.678787 0.001993 0.999998 0.000000 -41.747092 0.000000 0.000000 1.000000 0.000000
0.999905 -0.013782 0.000000 198.142219 0.013782 0.999905 0.000000 -41.758570 0.000000 0.000000 1.000000 0.000000
0.999765 -0.021669 0.000000 198.566848 0.021669 0.999765 0.000000 -41.763355 0.000000 0.000000 1.000000 0.000000
0.999473 -0.032458 0.000000 199.021037 0.032458 0.999473 0.000000 -41.764030 0.000000 0.000000 1.000000 0.000000
0.999091 -0.042632 0.000000 199.442131 0.042632 0.999091 0.000000 -41.763489 0.000000 0.000000 1.000000 0.000000
