0.999992 -0.004037 0.000000 0.627163 0.004037 0.999992 0.000000 -0.023504 0.000000 0.000000 1.000000 0.000000
0.999954 -0.009579 0.000000 1.887342 0.009579 0.999954 0.000000 -0.048516 0.000000 0.000000 1.000000 0.000000
0.999934 -0.011468 0.000000 2.516879 0.011468 0.999934 0.000000 -0.060735 0.000000 0.000000 1.000000 0.000000
0.999926 -0.012166 0.000000 3.144546 0.012166 0.999926 0.000000 -0.078873 0.000000 0.000000 1.000000 0.000000
0.999928 -0.012000 0.000000 3.773101 0.012000 0.999928 0.000000 -0.084896 0.000000 0.000000 1.000000 0.000000
0.999898 -0.014317 0.000000 4.438246 0.014317 0.999898 0.000000 -0.093817 0.000000 0.000000 1.000000 0.000000
0.999887 -0.015051 0.000000 5.062093 0.015051 0.999887 0.000000 -0.110156 0.000000 0.000000 1.000000 0.000000
0.999881 -0.015429 0.000000 5.685845 0.015429 0.999881 0.000000 -0.116001 0.000000 0.000000 1.000000 0.000000
0.999854 -0.017114 0.000000 6.305083 0.017114 0.999854 0.000000 -0.121521 0.000000 0.000000 1.000000 0.000000
0.999818 -0.019087 0.000000 6.925632 0.019087 0.999818 0.000000 -0.130785 0.000000 0.000000 1.000000 0.000000
0.999810 -0.019494 0.000000 7.543548 0.019494 0.999810 0.000000 -0.132381 0.000000 0.000000 1.000000 0.000000
0.999822 -0.018854 0.000000 8.170889 0.018854 0.999822 0.000000 -0.134103 0.000000 0.000000 1.000000 0.000000
0.999805 -0.019771 0.000000 8.786885 0.019771 0.999805 0.000000 -0.139700 0.000000 0.000000 1.000000 0.000000
0.999815 -0.019227 0.000000 9.439787 0.019227 0.999815 0.000000 -0.148290 0.000000 0.000000 1.000000 0.000000
0.999793 -0.020363 0.000000 10.021496 0.020363 0.999793 0.000000 -0.152876 0.000000 0.000000 1.000000 0.000000
0.999788 -0.020596 0.000000 10.642864 0.020596 0.999788 0.000000 -0.151381 0.000000 0.000000 1.000000 0.000000
0.999801 -0.019964 0.000000 11.265428 0.019964 0.999801 0.000000 -0.155653 0.000000 0.000000 1.000000 0.000000
0.999762 -0.021801 0.000000 11.917783 0.021801 0.999762 0.000000 -0.161472 0.000000 0.000000 1.000000 0.000000
0.999728 -0.023313 0.000000 12.544128 0.023313 0.999728 0.000000 -0.160700 0.000000 0.000000 1.000000 0.000000
0.999703 -0.024381 0.000000 13.166743 0.024381 0.999703 0.000000 -0.160224 0.000000 0.000000 1.000000 0.000000
0.999674 -0.025550 0.000000 13.786872 0.025550 0.999674 0.000000 -0.162118 0.000000 0.000000 1.000000 0.000000
0.999696 -0.024653 0.000000 14.410563 0.024653 0.999696 0.000000 -0.165436 0.000000 0.000000 1.000000 0.000000
0.999622 -0.027483 0.000000 15.030207 0.027483 0.999622 0.000000 -0.164313 0.000000 0.000000 1.000000 0.000000
0.999598 -0.028355 0.000000 15.632038 0.028355 0.999598 0.000000 -0.166468 0.000000 0.000000 1.000000 0.000000
0.999534 -0.030528 0.000000 16.256782 0.030528 0.999534 0.000000 -0.164188 0.000000 0.000000 1.000000 0.000000
0.999577 -0.029069 0.000000 16.879838 0.029069 0.999577 0.000000 -0.160266 0.000000 0.000000 1.000000 0.000000
0.999630 -0.027197 0.000000 17.459933 0.027197 0.999630 0.000000 -0.159044 0.000000 0.000000 1.000000 0.000000
0.999556 -0.029802 0.000000 18.089332 0.029802 0.999556 0.000000 -0.164293 0.000000 0.000000 1.000000 0.000000
0.999470 -0.032564 0.000000 18.699054 0.032564 0.999470 0.000000 -0.163075 0.000000 0.000000 1.000000 0.000000
0.999388 -0.034972 0.000000 19.289793 0.034972 0.999388 0.000000 -0.164722 0.000000 0.000000 1.000000 0.000000
0.999372 -0.035427 0.000000 19.912832 0.035427 0.999372 0.000000 -0.158265 0.000000 0.000000 1.000000 0.000000
0.999379 -0.035244 0.000000 20.539071 0.035244 0.999379 0.000000 -0.159649 0.000000 0.000000 1.000000 0.000000
0.999375 -0.035353 0.000000 21.160405 0.035353 0.999375 0.000000 -0.158489 0.000000 0.000000 1.000000 0.000000
0.999423 -0.033970 0.000000 21.743899 0.033970 0.999423 0.000000 -0.155177 0.000000 0.000000 1.000000 0.000000
0.999575 -0.029138 0.000000 22.372984 0.029138 0.999575 0.000000 -0.155850 0.000000 0.000000 1.000000 0.000000
0.999642 -0.026753 0.000000 22.958296 0.026753 0.999642 0.000000 -0.154831 0.000000 0.000000 1.000000 0.000000
0.999662 -0.026010 0.000000 23.579752 0.026010 0.999662 0.000000 -0.155005 0.000000 0.000000 1.000000 0.000000
0.999646 -0.026618 0.000000 24.214825 0.026618 0.999646 0.000000 -0.152518 0.000000 0.000000 1.000000 0.000000
0.999635 -0.027033 0.000000 25.035858 0.027033 0.999635 0.000000 -0.153740 0.000000 0.000000 1.000000 0.000000
0.999676 -0.025458 0.000000 25.668280 0.025458 0.999676 0.000000 -0.147797 0.000000 0.000000 1.000000 0.000000
0.999719 -0.023724 0.000000 26.303492 0.023724 0.999719 0.000000 -0.137429 0.000000 0.000000 1.000000 0.000000
0.999759 -0.021949 0.000000 26.935002 0.021949 0.999759 0.000000 -0.134263 0.000000 0.000000 1.000000 0.000000
0.999794 -0.020311 0.000000 27.566527 0.020311 0.999794 0.000000 -0.134966 0.000000 0.000000 1.000000 0.000000
0.999777 -0.021117 0.000000 28.205058 0.021117 0.999777 0.000000 -0.137128 0.000000 0.000000 1.000000 0.000000
0.999830 -0.018461 0.000000 28.835909 0.018461 0.999830 0.000000 -0.134042 0.000000 0.000000 1.000000 0.000000
0.999872 -0.016011 0.000000 29.478584 0.016011 0.999872 0.000000 -0.140794 0.000000 0.000000 1.000000 0.000000
0.999920 -0.012654 0.000000 30.109842 0.012654 0.999920 0.000000 -0.141000 0.000000 0.000000 1.000000 0.000000
0.999935 -0.011408 0.000000 30.743883 0.011408 0.999935 0.000000 -0.150270 0.000000 0.000000 1.000000 0.000000
0.999966 -0.008219 0.000000 31.380804 0.008219 0.999966 0.000000 -0.154270 0.000000 0.000000 1.000000 0.000000
0.999961 -0.008815 0.000000 32.018081 0.008815 0.999961 0.000000 -0.169305 0.000000 0.000000 1.000000 0.000000
0.999974 -0.007173 0.000000 32.655519 0.007173 0.999974 0.000000 -0.180635 0.000000 0.000000 1.000000 0.000000
0.999986 -0.005313 0.000000 33.286535 0.005313 0.999986 0.000000 -0.189788 0.000000 0.000000 1.000000 0.000000
0.999983 -0.005829 0.000000 33.877429 0.005829 0.999983 0.000000 -0.209789 0.000000 0.000000 1.000000 0.000000
0.999993 -0.003804 0.000000 34.519963 0.003804 0.999993 0.000000 -0.230014 0.000000 0.000000 1.000000 0.000000
1.000000 -0.000182 0.000000 35.148481 0.000182 1.000000 0.000000 -0.239538 0.000000 0.000000 1.000000 0.000000
1.000000 0.000139 0.000000 35.795166 -0.000139 1.000000 0.000000 -0.255236 0.000000 0.000000 1.000000 0.000000
0.999999 -0.001237 0.000000 36.434025 0.001237 0.999999 0.000000 -0.272133 0.000000 0.000000 1.000000 0.000000
1.000000 0.000020 0.000000 37.066578 -0.000020 1.000000 0.000000 -0.284200 0.000000 0.000000 1.000000 0.000000
0.999997 0.002275 0.000000 37.710379 -0.002275 0.999997 0.000000 -0.304661 0.000000 0.000000 1.000000 0.000000
0.999994 0.003435 0.000000 38.348436 -0.003435 0.999994 0.000000 -0.320900 0.000000 0.000000 1.000000 0.000000
0.999991 0.004205 0.000000 38.989096 -0.004205 0.999991 0.000000 -0.331565 0.000000 0.000000 1.000000 0.000000
0.999975 0.007025 0.000000 39.629489 -0.007025 0.999975 0.000000 -0.350007 0.000000 0.000000 1.000000 0.000000
0.999969 0.007893 0.000000 40.281662 -0.007893 0.999969 0.000000 -0.371221 0.000000 0.000000 1.000000 0.000000
0.999977 0.006713 0.000000 40.889687 -0.006713 0.999977 0.000000 -0.393265 0.000000 0.000000 1.000000 0.000000
0.999951 0.009942 0.000000 41.541035 -0.009942 0.999951 0.000000 -0.405577 0.000000 0.000000 1.000000 0.000000
0.999931 0.011757 0.000000 42.193108 -0.011757 0.999931 0.000000 -0.422885 0.000000 0.000000 1.000000 0.000000
0.999892 0.014705 0.000000 42.853960 -0.014705 0.999892 0.000000 -0.444459 0.000000 0.000000 1.000000 0.000000
0.999938 0.011111 0.000000 43.514214 -0.011111 0.999938 0.000000 -0.468834 0.000000 0.000000 1.000000 0.000000
0.999961 0.008809 0.000000 44.166949 -0.008809 0.999961 0.000000 -0.493486 0.000000 0.000000 1.000000 0.000000
0.999959 0.009086 0.000000 44.789606 -0.009086 0.999959 0.000000 -0.509759 0.000000 0.000000 1.000000 0.000000
0.999948 0.010175 0.000000 45.445707 -0.010175 0.999948 0.000000 -0.525587 0.000000 0.000000 1.000000 0.000000
0.999914 0.013143 0.000000 46.104525 -0.013143 0.999914 0.000000 -0.545752 0.000000 0.000000 1.000000 0.000000
0.999893 0.014612 0.000000 46.764306 -0.014612 0.999893 0.000000 -0.574731 0.000000 0.000000 1.000000 0.000000
0.999902 0.014011 0.000000 47.422934 -0.014011 0.999902 0.000000 -0.599792 0.000000 0.000000 1.000000 0.000000
0.999936 0.011285 0.000000 48.087351 -0.011285 0.999936 0.000000 -0.616074 0.000000 0.000000 1.000000 0.000000
0.999909 0.013482 0.000000 49.117006 -0.013482 0.999909 0.000000 -0.661437 0.000000 0.000000 1.000000 0.000000
0.999938 0.011172 0.000000 49.807817 -0.011172 0.999938 0.000000 -0.689026 0.000000 0.000000 1.000000 0.000000
0.999890 0.014842 0.000000 50.440627 -0.014842 0.999890 0.000000 -0.711736 0.000000 0.000000 1.000000 0.000000
0.999892 0.014690 0.000000 51.097747 -0.014690 0.999892 0.000000 -0.739010 0.000000 0.000000 1.000000 0.000000
0.999885 0.015149 0.000000 51.759326 -0.015149 0.999885 0.000000 -0.767835 0.000000 0.000000 1.000000 0.000000
0.999892 0.014708 0.000000 52.415817 -0.014708 0.999892 0.000000 -0.795498 0.000000 0.000000 1.000000 0.000000
0.999865 0.016411 0.000000 53.072984 -0.016411 0.999865 0.000000 -0.823463 0.000000 0.000000 1.000000 0.000000
0.999876 0.015765 0.000000 53.722769 -0.015765 0.999876 0.000000 -0.855733 0.000000 0.000000 1.000000 0.000000
0.999896 0.014418 0.000000 55.062723 -0.014418 0.999896 0.000000 -0.903571 0.000000 0.000000 1.000000 0.000000
0.999896 0.014438 0.000000 55.715713 -0.014438 0.999896 0.000000 -0.922580 0.000000 0.000000 1.000000 0.000000
0.999944 0.010570 0.000000 56.353297 -0.010570 0.999944 0.000000 -0.943727 0.000000 0.000000 1.000000 0.000000
0.999943 0.010677 0.000000 56.994025 -0.010677 0.999943 0.000000 -0.966986 0.000000 0.000000 1.000000 0.000000
0.999921 0.012608 0.000000 57.633391 -0.012608 0.999921 0.000000 -0.993682 0.000000 0.000000 1.000000 0.000000
0.999892 0.014709 0.000000 58.309505 -0.014709 0.999892 0.000000 -1.026302 0.000000 0.000000 1.000000 0.000000
0.999886 0.015108 0.000000 58.944795 -0.015108 0.999886 0.000000 -1.050926 0.000000 0.000000 1.000000 0.000000
0.999866 0.016362 0.000000 59.548730 -0.016362 0.999866 0.000000 -1.075621 0.000000 0.000000 1.000000 0.000000
0.999873 0.015968 0.000000 60.184615 -0.015968 0.999873 0.000000 -1.105781 0.000000 0.000000 1.000000 0.000000
0.999864 0.016508 0.000000 60.775863 -0.016508 0.999864 0.000000 -1.138649 0.000000 0.000000 1.000000 0.000000
0.999845 0.017592 0.000000 61.404774 -0.017592 0.999845 0.000000 -1.172554 0.000000 0.000000 1.000000 0.000000
0.999820 0.018953 0.000000 62.032552 -0.018953 0.999820 0.000000 -1.205996 0.000000 0.000000 1.000000 0.000000
0.999810 0.019495 0.000000 62.617107 -0.019495 0.999810 0.000000 -1.235278 0.000000 0.000000 1.000000 0.000000
0.999773 0.021312 0.000000 63.242076 -0.021312 0.999773 0.000000 -1.262375 0.000000 0.000000 1.000000 0.000000
0.999806 0.019714 0.000000 63.860675 -0.019714 0.999806 0.000000 -1.299505 0.000000 0.000000 1.000000 0.000000
0.999796 0.020214 0.000000 64.439731 -0.020214 0.999796 0.000000 -1.333523 0.000000 0.000000 1.000000 0.000000
0.999815 0.019243 0.000000 65.060666 -0.019243 0.999815 0.000000 -1.371134 0.000000 0.000000 1.000000 0.000000
0.999806 0.019679 0.000000 65.634479 -0.019679 0.999806 0.000000 -1.396605 0.000000 0.000000 1.000000 0.000000
0.999720 0.023675 0.000000 66.249403 -0.023675 0.999720 0.000000 -1.422460 0.000000 0.000000 1.000000 0.000000
0.999690 0.024892 0.000000 66.864107 -0.024892 0.999690 0.000000 -1.452824 0.000000 0.000000 1.000000 0.000000
0.999670 0.025685 0.000000 67.708576 -0.025685 0.999670 0.000000 -1.495701 0.000000 0.000000 1.000000 0.000000
0.999611 0.027872 0.000000 68.310705 -0.027872 0.999611 0.000000 -1.529876 0.000000 0.000000 1.000000 0.000000
0.999552 0.029936 0.000000 68.912257 -0.029936 0.999552 0.000000 -1.570120 0.000000 0.000000 1.000000 0.000000
0.999563 0.029564 0.000000 69.512518 -0.029564 0.999563 0.000000 -1.606622 0.000000 0.000000 1.000000 0.000000
0.999554 0.029862 0.000000 70.114227 -0.029862 0.999554 0.000000 -1.642610 0.000000 0.000000 1.000000 0.000000
0.999613 0.027814 0.000000 70.711309 -0.027814 0.999613 0.000000 -1.675011 0.000000 0.000000 1.000000 0.000000
0.999653 0.026325 0.000000 71.347761 -0.026325 0.999653 0.000000 -1.710238 0.000000 0.000000 1.000000 0.000000
0.999650 0.026455 0.000000 71.944142 -0.026455 0.999650 0.000000 -1.735667 0.000000 0.000000 1.000000 0.000000
0.999671 0.025656 0.000000 72.538707 -0.025656 0.999671 0.000000 -1.771482 0.000000 0.000000 1.000000 0.000000
0.999575 0.029150 0.000000 73.720868 -0.029150 0.999575 0.000000 -1.844083 0.000000 0.000000 1.000000 0.000000
0.999613 0.027828 0.000000 74.304740 -0.027828 0.999613 0.000000 -1.876088 0.000000 0.000000 1.000000 0.000000
0.999535 0.030503 0.000000 74.885006 -0.030503 0.999535 0.000000 -1.906732 0.000000 0.000000 1.000000 0.000000
0.999514 0.031178 0.000000 75.465766 -0.031178 0.999514 0.000000 -1.950394 0.000000 0.000000 1.000000 0.000000
0.999506 0.031414 0.000000 76.047815 -0.031414 0.999506 0.000000 -1.989968 0.000000 0.000000 1.000000 0.000000
0.999428 0.033823 0.000000 76.623951 -0.033823 0.999428 0.000000 -2.029005 0.000000 0.000000 1.000000 0.000000
0.999448 0.033236 0.000000 77.195016 -0.033236 0.999448 0.000000 -2.078274 0.000000 0.000000 1.000000 0.000000
0.999506 0.031440 0.000000 77.762493 -0.031440 0.999506 0.000000 -2.112972 0.000000 0.000000 1.000000 0.000000
0.999517 0.031066 0.000000 78.324693 -0.031066 0.999517 0.000000 -2.149811 0.000000 0.000000 1.000000 0.000000
0.999454 0.033026 0.000000 78.884846 -0.033026 0.999454 0.000000 -2.186263 0.000000 0.000000 1.000000 0.000000
0.999451 0.033126 0.000000 79.440771 -0.033126 0.999451 0.000000 -2.224911 0.000000 0.000000 1.000000 0.000000
0.999461 0.032814 0.000000 79.988680 -0.032814 0.999461 0.000000 -2.259680 0.000000 0.000000 1.000000 0.000000
0.999460 0.032859 0.000000 80.534448 -0.032859 0.999460 0.000000 -2.300922 0.000000 0.000000 1.000000 0.000000
0.999393 0.034831 0.000000 81.048751 -0.034831 0.999393 0.000000 -2.336163 0.000000 0.000000 1.000000 0.000000
0.999335 0.036454 0.000000 81.594298 -0.036454 0.999335 0.000000 -2.371024 0.000000 0.000000 1.000000 0.000000
0.999231 0.039197 0.000000 82.118998 -0.039197 0.999231 0.000000 -2.403637 0.000000 0.000000 1.000000 0.000000
0.999109 0.042215 0.000000 82.632218 -0.042215 0.999109 0.000000 -2.435372 0.000000 0.000000 1.000000 0.000000
0.999079 0.042920 0.000000 83.169977 -0.042920 0.999079 0.000000 -2.476048 0.000000 0.000000 1.000000 0.000000
0.999092 0.042604 0.000000 83.695629 -0.042604 0.999092 0.000000 -2.515577 0.000000 0.000000 1.000000 0.000000
0.999087 0.042726 0.000000 84.184535 -0.042726 0.999087 0.000000 -2.550764 0.000000 0.000000 1.000000 0.000000
0.999043 0.043750 0.000000 84.711471 -0.043750 0.999043 0.000000 -2.594949 0.000000 0.000000 1.000000 0.000000
0.998919 0.046486 0.000000 85.225027 -0.046486 0.998919 0.000000 -2.635930 0.000000 0.000000 1.000000 0.000000
0.998969 0.045405 0.000000 85.713236 -0.045405 0.998969 0.000000 -2.671756 0.000000 0.000000 1.000000 0.000000
0.998966 0.045456 0.000000 86.235223 -0.045456 0.998966 0.000000 -2.708708 0.000000 0.000000 1.000000 0.000000
0.998913 0.046617 0.000000 86.749894 -0.046617 0.998913 0.000000 -2.746419 0.000000 0.000000 1.000000 0.000000
0.998834 0.048271 0.000000 87.230164 -0.048271 0.998834 0.000000 -2.784514 0.000000 0.000000 1.000000 0.000000
0.998811 0.048755 0.000000 87.738787 -0.048755 0.998811 0.000000 -2.829980 0.000000 0.000000 1.000000 0.000000
0.998811 0.048750 0.000000 88.215449 -0.048750 0.998811 0.000000 -2.870553 0.000000 0.000000 1.000000 0.000000
0.998708 0.050822 0.000000 88.717968 -0.050822 0.998708 0.000000 -2.917233 0.000000 0.000000 1.000000 0.000000
0.998714 0.050690 0.000000 89.378459 -0.050690 0.998714 0.000000 -2.973035 0.000000 0.000000 1.000000 0.000000
0.998570 0.053461 0.000000 89.870332 -0.053461 0.998570 0.000000 -3.007479 0.000000 0.000000 1.000000 0.000000
0.998486 0.055004 0.000000 90.371857 -0.055004 0.998486 0.000000 -3.044296 0.000000 0.000000 1.000000 0.000000
0.998458 0.055504 0.000000 90.861713 -0.055504 0.998458 0.000000 -3.080209 0.000000 0.000000 1.000000 0.000000
0.998526 0.054273 0.000000 91.350592 -0.054273 0.998526 0.000000 -3.123174 0.000000 0.000000 1.000000 0.000000
0.998626 0.052399 0.000000 91.836277 -0.052399 0.998626 0.000000 -3.166851 0.000000 0.000000 1.000000 0.000000
0.998594 0.053002 0.000000 92.312742 -0.053002 0.998594 0.000000 -3.210640 0.000000 0.000000 1.000000 0.000000
0.998444 0.055759 0.000000 93.269670 -0.055759 0.998444 0.000000 -3.299663 0.000000 0.000000 1.000000 0.000000
0.998400 0.056538 0.000000 93.746981 -0.056538 0.998400 0.000000 -3.348270 0.000000 0.000000 1.000000 0.000000
0.998241 0.059289 0.000000 94.220679 -0.059289 0.998241 0.000000 -3.389695 0.000000 0.000000 1.000000 0.000000
0.998156 0.060708 0.000000 94.685899 -0.060708 0.998156 0.000000 -3.435613 0.000000 0.000000 1.000000 0.000000
0.998140 0.060970 0.000000 95.162354 -0.060970 0.998140 0.000000 -3.486225 0.000000 0.000000 1.000000 0.000000
0.997981 0.063518 0.000000 95.625658 -0.063518 0.997981 0.000000 -3.533496 0.000000 0.000000 1.000000 0.000000
0.997906 0.064680 0.000000 96.090684 -0.064680 0.997906 0.000000 -3.590229 0.000000 0.000000 1.000000 0.000000
0.997676 0.068133 0.000000 96.554730 -0.068133 0.997676 0.000000 -3.644112 0.000000 0.000000 1.000000 0.000000
0.997505 0.070594 0.000000 97.017769 -0.070594 0.997505 0.000000 -3.694811 0.000000 0.000000 1.000000 0.000000
0.997330 0.073026 0.000000 97.479065 -0.073026 0.997330 0.000000 -3.744169 0.000000 0.000000 1.000000 0.000000
0.997172 0.075159 0.000000 97.909554 -0.075159 0.997172 0.000000 -3.793927 0.000000 0.000000 1.000000 0.000000
0.997041 0.076875 0.000000 98.354851 -0.076875 0.997041 0.000000 -3.846542 0.000000 0.000000 1.000000 0.000000
0.996820 0.079686 0.000000 98.797067 -0.079686 0.996820 0.000000 -3.900145 0.000000 0.000000 1.000000 0.000000
0.996818 0.079708 0.000000 99.236541 -0.079708 0.996818 0.000000 -3.962224 0.000000 0.000000 1.000000 0.000000
0.996600 0.082394 0.000000 99.660617 -0.082394 0.996600 0.000000 -4.017514 0.000000 0.000000 1.000000 0.000000
0.996504 0.083544 0.000000 100.093114 -0.083544 0.996504 0.000000 -4.062857 0.000000 0.000000 1.000000 0.000000
0.995847 0.091046 0.000000 100.517128 -0.091046 0.995847 0.000000 -4.111089 0.000000 0.000000 1.000000 0.000000
0.995660 0.093061 0.000000 100.928062 -0.093061 0.995660 0.000000 -4.155147 0.000000 0.000000 1.000000 0.000000
0.995438 0.095413 0.000000 101.337549 -0.095413 0.995438 0.000000 -4.204596 0.000000 0.000000 1.000000 0.000000
0.995564 0.094082 0.000000 101.754898 -0.094082 0.995564 0.000000 -4.259313 0.000000 0.000000 1.000000 0.000000
0.995370 0.096121 0.000000 102.147072 -0.096121 0.995370 0.000000 -4.312931 0.000000 0.000000 1.000000 0.000000
0.995596 0.093748 0.000000 102.548700 -0.093748 0.995596 0.000000 -4.377408 0.000000 0.000000 1.000000 0.000000
0.995047 0.099402 0.000000 102.932107 -0.099402 0.995047 0.000000 -4.425135 0.000000 0.000000 1.000000 0.000000
0.994753 0.102310 0.000000 103.333904 -0.102310 0.994753 0.000000 -4.486820 0.000000 0.000000 1.000000 0.000000
0.994907 0.100799 0.000000 103.726523 -0.100799 0.994907 0.000000 -4.546804 0.000000 0.000000 1.000000 0.000000
0.994633 0.103463 0.000000 104.100648 -0.103463 0.994633 0.000000 -4.597196 0.000000 0.000000 1.000000 0.000000
0.994224 0.107322 0.000000 104.502929 -0.107322 0.994224 0.000000 -4.659124 0.000000 0.000000 1.000000 0.000000
0.993715 0.111942 0.000000 104.900421 -0.111942 0.993715 0.000000 -4.714880 0.000000 0.000000 1.000000 0.000000
0.993344 0.115182 0.000000 105.465008 -0.115182 0.993344 0.000000 -4.800300 0.000000 0.000000 1.000000 0.000000
0.993090 0.117357 0.000000 105.873528 -0.117357 0.993090 0.000000 -4.865872 0.000000 0.000000 1.000000 0.000000
0.992862 0.119268 0.000000 106.281809 -0.119268 0.992862 0.000000 -4.931431 0.000000 0.000000 1.000000 0.000000
0.992620 0.121268 0.000000 106.696481 -0.121268 0.992620 0.000000 -4.996089 0.000000 0.000000 1.000000 0.000000
0.992335 0.123578 0.000000 107.112634 -0.123578 0.992335 0.000000 -5.071032 0.000000 0.000000 1.000000 0.000000
0.992310 0.123774 0.000000 107.529824 -0.123774 0.992310 0.000000 -5.135958 0.000000 0.000000 1.000000 0.000000
0.992237 0.124359 0.000000 107.950401 -0.124359 0.992237 0.000000 -5.202027 0.000000 0.000000 1.000000 0.000000
0.991850 0.127414 0.000000 108.373697 -0.127414 0.991850 0.000000 -5.267117 0.000000 0.000000 1.000000 0.000000
0.990872 0.134806 0.000000 109.103629 -0.134806 0.990872 0.000000 -5.386501 0.000000 0.000000 1.000000 0.000000
0.990780 0.135478 0.000000 109.526981 -0.135478 0.990780 0.000000 -5.465062 0.000000 0.000000 1.000000 0.000000
0.990880 0.134747 0.000000 109.964286 -0.134747 0.990880 0.000000 -5.542088 0.000000 0.000000 1.000000 0.000000
0.990964 0.134128 0.000000 110.395718 -0.134128 0.990964 0.000000 -5.617022 0.000000 0.000000 1.000000 0.000000
0.991093 0.133172 0.000000 110.833250 -0.133172 0.991093 0.000000 -5.682230 0.000000 0.000000 1.000000 0.000000
0.990584 0.136903 0.000000 111.270059 -0.136903 0.990584 0.000000 -5.736124 0.000000 0.000000 1.000000 0.000000
0.990756 0.135656 0.000000 111.709482 -0.135656 0.990756 0.000000 -5.806779 0.000000 0.000000 1.000000 0.000000
0.990867 0.134843 0.000000 112.150918 -0.134843 0.990867 0.000000 -5.872277 0.000000 0.000000 1.000000 0.000000
0.990854 0.134938 0.000000 112.592740 -0.134938 0.990854 0.000000 -5.942434 0.000000 0.000000 1.000000 0.000000
0.990686 0.136167 0.000000 113.041182 -0.136167 0.990686 0.000000 -6.019533 0.000000 0.000000 1.000000 0.000000
0.990116 0.140253 0.000000 113.485251 -0.140253 0.990116 0.000000 -6.096640 0.000000 0.000000 1.000000 0.000000
0.990115 0.140259 0.000000 114.311569 -0.140259 0.990115 0.000000 -6.236702 0.000000 0.000000 1.000000 0.000000
0.990191 0.139722 0.000000 114.768493 -0.139722 0.990191 0.000000 -6.318554 0.000000 0.000000 1.000000 0.000000
0.990063 0.140624 0.000000 115.226627 -0.140624 0.990063 0.000000 -6.394791 0.000000 0.000000 1.000000 0.000000
0.989850 0.142114 0.000000 115.684476 -0.142114 0.989850 0.000000 -6.480883 0.000000 0.000000 1.000000 0.000000
0.989557 0.144145 0.000000 116.142841 -0.144145 0.989557 0.000000 -6.569649 0.000000 0.000000 1.000000 0.000000
0.989422 0.145069 0.000000 116.601266 -0.145069 0.989422 0.000000 -6.660628 0.000000 0.000000 1.000000 0.000000
0.989262 0.146154 0.000000 117.060107 -0.146154 0.989262 0.000000 -6.750503 0.000000 0.000000 1.000000 0.000000
0.988704 0.149884 0.000000 117.525595 -0.149884 0.988704 0.000000 -6.836612 0.000000 0.000000 1.000000 0.000000
0.988076 0.153967 0.000000 118.027427 -0.153967 0.988076 0.000000 -6.932621 0.000000 0.000000 1.000000 0.000000
0.987469 0.157814 0.000000 118.472556 -0.157814 0.987469 0.000000 -7.015144 0.000000 0.000000 1.000000 0.000000
0.987436 0.158020 0.000000 118.971654 -0.158020 0.987436 0.000000 -7.117057 0.000000 0.000000 1.000000 0.000000
0.987150 0.159795 0.000000 119.444122 -0.159795 0.987150 0.000000 -7.208314 0.000000 0.000000 1.000000 0.000000
0.986724 0.162403 0.000000 119.918598 -0.162403 0.986724 0.000000 -7.299510 0.000000 0.000000 1.000000 0.000000
0.987030 0.160537 0.000000 120.387192 -0.160537 0.987030 0.000000 -7.400042 0.000000 0.000000 1.000000 0.000000
0.986425 0.164210 0.000000 120.856004 -0.164210 0.986425 0.000000 -7.484423 0.000000 0.000000 1.000000 0.000000
0.985985 0.166833 0.000000 121.330319 -0.166833 0.985985 0.000000 -7.576655 0.000000 0.000000 1.000000 0.000000
0.985241 0.171173 0.000000 121.808321 -0.171173 0.985241 0.000000 -7.665186 0.000000 0.000000 1.000000 0.000000
0.983980 0.178278 0.000000 122.288609 -0.178278 0.983980 0.000000 -7.753109 0.000000 0.000000 1.000000 0.000000
0.983489 0.180966 0.000000 122.742220 -0.180966 0.983489 0.000000 -7.848432 0.000000 0.000000 1.000000 0.000000
0.983210 0.182478 0.000000 123.221992 -0.182478 0.983210 0.000000 -7.948476 0.000000 0.000000 1.000000 0.000000
0.982705 0.185179 0.000000 123.702365 -0.185179 0.982705 0.000000 -8.052529 0.000000 0.000000 1.000000 0.000000
0.982442 0.186570 0.000000 124.492105 -0.186570 0.982442 0.000000 -8.227875 0.000000 0.000000 1.000000 0.000000
0.982297 0.187329 0.000000 124.974915 -0.187329 0.982297 0.000000 -8.336856 0.000000 0.000000 1.000000 0.000000
0.984549 0.175110 0.000000 125.945026 -0.175110 0.984549 0.000000 -8.558312 0.000000 0.000000 1.000000 0.000000
0.984547 0.175122 0.000000 126.439150 -0.175122 0.984547 0.000000 -8.661606 0.000000 0.000000 1.000000 0.000000
0.984790 0.173751 0.000000 126.932218 -0.173751 0.984790 0.000000 -8.768598 0.000000 0.000000 1.000000 0.000000
0.984782 0.173795 0.000000 127.428604 -0.173795 0.984782 0.000000 -8.866145 0.000000 0.000000 1.000000 0.000000
0.985160 0.171637 0.000000 127.924267 -0.171637 0.985160 0.000000 -8.974362 0.000000 0.000000 1.000000 0.000000
0.985022 0.172426 0.000000 128.424043 -0.172426 0.985022 0.000000 -9.070590 0.000000 0.000000 1.000000 0.000000
0.985081 0.172094 0.000000 128.960619 -0.172094 0.985081 0.000000 -9.175824 0.000000 0.000000 1.000000 0.000000
0.984635 0.174625 0.000000 129.445497 -0.174625 0.984635 0.000000 -9.270510 0.000000 0.000000 1.000000 0.000000
0.984317 0.176409 0.000000 129.950009 -0.176409 0.984317 0.000000 -9.374472 0.000000 0.000000 1.000000 0.000000
0.984460 0.175607 0.000000 130.465477 -0.175607 0.984460 0.000000 -9.470823 0.000000 0.000000 1.000000 0.000000
0.985156 0.171659 0.000000 130.942004 -0.171659 0.985156 0.000000 -9.578117 0.000000 0.000000 1.000000 0.000000
0.985166 0.171603 0.000000 131.455153 -0.171603 0.985166 0.000000 -9.680327 0.000000 0.000000 1.000000 0.000000
0.985183 0.171506 0.000000 131.979051 -0.171506 0.985183 0.000000 -9.786625 0.000000 0.000000 1.000000 0.000000
0.984802 0.173678 0.000000 132.467633 -0.173678 0.984802 0.000000 -9.878119 0.000000 0.000000 1.000000 0.000000
0.985470 0.169849 0.000000 132.986809 -0.169849 0.985470 0.000000 -9.979515 0.000000 0.000000 1.000000 0.000000
0.984860 0.173353 0.000000 133.515687 -0.173353 0.984860 0.000000 -10.091815 0.000000 0.000000 1.000000 0.000000
0.984452 0.175654 0.000000 134.141625 -0.175654 0.984452 0.000000 -10.213517 0.000000 0.000000 1.000000 0.000000
0.984176 0.177194 0.000000 134.709459 -0.177194 0.984176 0.000000 -10.328422 0.000000 0.000000 1.000000 0.000000
0.983745 0.179569 0.000000 135.209669 -0.179569 0.983745 0.000000 -10.422776 0.000000 0.000000 1.000000 0.000000
0.983700 0.179816 0.000000 135.741053 -0.179816 0.983700 0.000000 -10.533402 0.000000 0.000000 1.000000 0.000000
0.982760 0.184887 0.000000 136.277316 -0.184887 0.982760 0.000000 -10.646260 0.000000 0.000000 1.000000 0.000000
0.982296 0.187336 0.000000 136.817466 -0.187336 0.982296 0.000000 -10.762648 0.000000 0.000000 1.000000 0.000000
0.981299 0.192491 0.000000 140.614590 -0.192491 0.981299 0.000000 -11.617782 0.000000 0.000000 1.000000 0.000000
0.981608 0.190908 0.000000 141.128147 -0.190908 0.981608 0.000000 -11.728172 0.000000 0.000000 1.000000 0.000000
0.982615 0.185657 0.000000 142.270177 -0.185657 0.982615 0.000000 -11.983259 0.000000 0.000000 1.000000 0.000000
0.981616 0.190866 0.000000 143.383767 -0.190866 0.981616 0.000000 -12.246701 0.000000 0.000000 1.000000 0.000000
0.981457 0.191683 0.000000 143.944647 -0.191683 0.981457 0.000000 -12.377327 0.000000 0.000000 1.000000 0.000000
0.981249 0.192742 0.000000 144.505853 -0.192742 0.981249 0.000000 -12.510915 0.000000 0.000000 1.000000 0.000000
0.981069 0.193661 0.000000 145.071929 -0.193661 0.981069 0.000000 -12.643063 0.000000 0.000000 1.000000 0.000000
0.981258 0.192699 0.000000 145.637928 -0.192699 0.981258 0.000000 -12.789490 0.000000 0.000000 1.000000 0.000000
0.982048 0.188633 0.000000 146.202844 -0.188633 0.982048 0.000000 -12.925368 0.000000 0.000000 1.000000 0.000000
0.981357 0.192194 0.000000 146.771475 -0.192194 0.981357 0.000000 -13.054221 0.000000 0.000000 1.000000 0.000000
0.981237 0.192808 0.000000 147.340121 -0.192808 0.981237 0.000000 -13.187086 0.000000 0.000000 1.000000 0.000000
0.981373 0.192113 0.000000 147.911099 -0.192113 0.981373 0.000000 -13.328004 0.000000 0.000000 1.000000 0.000000
0.981079 0.193609 0.000000 148.823640 -0.193609 0.981079 0.000000 -13.545024 0.000000 0.000000 1.000000 0.000000
0.980026 0.198870 0.000000 149.393287 -0.198870 0.980026 0.000000 -13.679704 0.000000 0.000000 1.000000 0.000000
0.980065 0.198677 0.000000 149.957581 -0.198677 0.980065 0.000000 -13.828135 0.000000 0.000000 1.000000 0.000000
0.979147 0.203155 0.000000 150.531790 -0.203155 0.979147 0.000000 -13.961648 0.000000 0.000000 1.000000 0.000000
0.978301 0.207190 0.000000 151.146407 -0.207190 0.978301 0.000000 -14.110260 0.000000 0.000000 1.000000 0.000000
0.977396 0.211417 0.000000 151.672224 -0.211417 0.977396 0.000000 -14.239347 0.000000 0.000000 1.000000 0.000000
0.976912 0.213642 0.000000 152.278453 -0.213642 0.976912 0.000000 -14.392752 0.000000 0.000000 1.000000 0.000000
0.976679 0.214703 0.000000 152.842714 -0.214703 0.976679 0.000000 -14.543976 0.000000 0.000000 1.000000 0.000000
0.976453 0.215728 0.000000 153.417025 -0.215728 0.976453 0.000000 -14.682233 0.000000 0.000000 1.000000 0.000000
0.976395 0.215994 0.000000 153.989512 -0.215994 0.976395 0.000000 -14.819380 0.000000 0.000000 1.000000 0.000000
0.976274 0.216541 0.000000 154.561857 -0.216541 0.976274 0.000000 -14.954649 0.000000 0.000000 1.000000 0.000000
0.976531 0.215377 0.000000 155.124976 -0.215377 0.976531 0.000000 -15.091494 0.000000 0.000000 1.000000 0.000000
0.976814 0.214090 0.000000 155.689829 -0.214090 0.976814 0.000000 -15.223989 0.000000 0.000000 1.000000 0.000000
0.976754 0.214363 0.000000 156.247207 -0.214363 0.976754 0.000000 -15.345319 0.000000 0.000000 1.000000 0.000000
0.977107 0.212751 0.000000 156.810136 -0.212751 0.977107 0.000000 -15.484815 0.000000 0.000000 1.000000 0.000000
0.976282 0.216505 0.000000 157.376095 -0.216505 0.976282 0.000000 -15.613823 0.000000 0.000000 1.000000 0.000000
0.975559 0.219736 0.000000 158.497899 -0.219736 0.975559 0.000000 -15.885119 0.000000 0.000000 1.000000 0.000000
0.975148 0.221555 0.000000 159.057057 -0.221555 0.975148 0.000000 -16.021575 0.000000 0.000000 1.000000 0.000000
0.974980 0.222293 0.000000 159.583221 -0.222293 0.974980 0.000000 -16.155270 0.000000 0.000000 1.000000 0.000000
0.974397 0.224836 0.000000 160.160091 -0.224836 0.974397 0.000000 -16.295992 0.000000 0.000000 1.000000 0.000000
0.973733 0.227693 0.000000 160.708728 -0.227693 0.973733 0.000000 -16.430539 0.000000 0.000000 1.000000 0.000000
0.973905 0.226958 0.000000 161.806427 -0.226958 0.973905 0.000000 -16.715110 0.000000 0.000000 1.000000 0.000000
0.973986 0.226607 0.000000 162.362342 -0.226607 0.973986 0.000000 -16.855737 0.000000 0.000000 1.000000 0.000000
0.973543 0.228503 0.000000 162.886310 -0.228503 0.973543 0.000000 -16.993271 0.000000 0.000000 1.000000 0.000000
0.973234 0.229815 0.000000 163.439191 -0.229815 0.973234 0.000000 -17.133712 0.000000 0.000000 1.000000 0.000000
0.973573 0.228374 0.000000 164.002717 -0.228374 0.973573 0.000000 -17.273855 0.000000 0.000000 1.000000 0.000000
0.973186 0.230019 0.000000 164.528313 -0.230019 0.973186 0.000000 -17.400205 0.000000 0.000000 1.000000 0.000000
0.972520 0.232818 0.000000 165.279777 -0.232818 0.972520 0.000000 -17.580188 0.000000 0.000000 1.000000 0.000000
0.971219 0.238189 0.000000 165.843531 -0.238189 0.971219 0.000000 -17.718396 0.000000 0.000000 1.000000 0.000000
0.970699 0.240301 0.000000 166.403822 -0.240301 0.970699 0.000000 -17.859710 0.000000 0.000000 1.000000 0.000000
0.968993 0.247088 0.000000 167.002136 -0.247088 0.968993 0.000000 -18.012974 0.000000 0.000000 1.000000 0.000000
0.968640 0.248469 0.000000 167.531971 -0.248469 0.968640 0.000000 -18.152336 0.000000 0.000000 1.000000 0.000000
0.969049 0.246867 0.000000 168.130236 -0.246867 0.969049 0.000000 -18.325056 0.000000 0.000000 1.000000 0.000000
0.967751 0.251910 0.000000 168.693209 -0.251910 0.967751 0.000000 -18.474813 0.000000 0.000000 1.000000 0.000000
0.968118 0.250496 0.000000 169.258130 -0.250496 0.968118 0.000000 -18.633400 0.000000 0.000000 1.000000 0.000000
0.966738 0.255769 0.000000 169.830451 -0.255769 0.966738 0.000000 -18.786981 0.000000 0.000000 1.000000 0.000000
0.967353 0.253433 0.000000 170.386635 -0.253433 0.967353 0.000000 -18.957854 0.000000 0.000000 1.000000 0.000000
0.967578 0.252571 0.000000 170.953877 -0.252571 0.967578 0.000000 -19.118026 0.000000 0.000000 1.000000 0.000000
0.967430 0.253139 0.000000 171.512766 -0.253139 0.967430 0.000000 -19.284525 0.000000 0.000000 1.000000 0.000000
0.968898 0.247462 0.000000 172.074827 -0.247462 0.968898 0.000000 -19.458047 0.000000 0.000000 1.000000 0.000000
0.970214 0.242251 0.000000 172.640319 -0.242251 0.970214 0.000000 -19.624559 0.000000 0.000000 1.000000 0.000000
0.970204 0.242291 0.000000 173.207656 -0.242291 0.970204 0.000000 -19.780862 0.000000 0.000000 1.000000 0.000000
0.969712 0.244251 0.000000 173.776788 -0.244251 0.969712 0.000000 -19.935927 0.000000 0.000000 1.000000 0.000000
0.969535 0.244952 0.000000 174.348543 -0.244952 0.969535 0.000000 -20.092109 0.000000 0.000000 1.000000 0.000000
0.969190 0.246313 0.000000 174.880842 -0.246313 0.969190 0.000000 -20.240366 0.000000 0.000000 1.000000 0.000000
0.968973 0.247166 0.000000 175.490141 -0.247166 0.968973 0.000000 -20.411754 0.000000 0.000000 1.000000 0.000000
0.969378 0.245572 0.000000 176.017999 -0.245572 0.969378 0.000000 -20.559465 0.000000 0.000000 1.000000 0.000000
0.969053 0.246855 0.000000 176.588453 -0.246855 0.969053 0.000000 -20.722880 0.000000 0.000000 1.000000 0.000000
0.968688 0.248282 0.000000 177.158218 -0.248282 0.968688 0.000000 -20.879722 0.000000 0.000000 1.000000 0.000000
0.967787 0.251771 0.000000 177.727955 -0.251771 0.967787 0.000000 -21.040160 0.000000 0.000000 1.000000 0.000000
0.965481 0.260473 0.000000 178.302257 -0.260473 0.965481 0.000000 -21.201360 0.000000 0.000000 1.000000 0.000000
0.965107 0.261855 0.000000 178.870679 -0.261855 0.965107 0.000000 -21.365003 0.000000 0.000000 1.000000 0.000000
0.964928 0.262516 0.000000 179.442607 -0.262516 0.964928 0.000000 -21.534218 0.000000 0.000000 1.000000 0.000000
0.964733 0.263229 0.000000 180.009092 -0.263229 0.964733 0.000000 -21.700710 0.000000 0.000000 1.000000 0.000000
0.964376 0.264535 0.000000 180.584936 -0.264535 0.964376 0.000000 -21.864020 0.000000 0.000000 1.000000 0.000000
0.963569 0.267461 0.000000 181.160254 -0.267461 0.963569 0.000000 -22.030446 0.000000 0.000000 1.000000 0.000000
0.963870 0.266372 0.000000 181.720356 -0.266372 0.963870 0.000000 -22.199616 0.000000 0.000000 1.000000 0.000000
0.963801 0.266622 0.000000 182.289942 -0.266622 0.963801 0.000000 -22.375642 0.000000 0.000000 1.000000 0.000000
0.963054 0.269307 0.000000 182.853975 -0.269307 0.963054 0.000000 -22.546683 0.000000 0.000000 1.000000 0.000000
0.962696 0.270585 0.000000 183.389827 -0.270585 0.962696 0.000000 -22.699120 0.000000 0.000000 1.000000 0.000000
0.962703 0.270560 0.000000 183.950541 -0.270560 0.962703 0.000000 -22.871402 0.000000 0.000000 1.000000 0.000000
0.962480 0.271354 0.000000 184.517122 -0.271354 0.962480 0.000000 -23.043065 0.000000 0.000000 1.000000 0.000000
0.962265 0.272116 0.000000 185.063391 -0.272116 0.962265 0.000000 -23.207759 0.000000 0.000000 1.000000 0.000000
0.962914 0.269809 0.000000 185.623121 -0.269809 0.962914 0.000000 -23.378918 0.000000 0.000000 1.000000 0.000000
0.962317 0.271931 0.000000 186.183430 -0.271931 0.962317 0.000000 -23.553971 0.000000 0.000000 1.000000 0.000000
0.963222 0.268705 0.000000 186.712611 -0.268705 0.963222 0.000000 -23.717728 0.000000 0.000000 1.000000 0.000000
0.963239 0.268646 0.000000 187.266551 -0.268646 0.963239 0.000000 -23.889477 0.000000 0.000000 1.000000 0.000000
0.962157 0.272494 0.000000 187.830733 -0.272494 0.962157 0.000000 -24.061852 0.000000 0.000000 1.000000 0.000000
0.962128 0.272598 0.000000 188.358560 -0.272598 0.962128 0.000000 -24.222552 0.000000 0.000000 1.000000 0.000000
0.961357 0.275304 0.000000 188.920113 -0.275304 0.961357 0.000000 -24.392803 0.000000 0.000000 1.000000 0.000000
0.960772 0.277341 0.000000 189.477028 -0.277341 0.960772 0.000000 -24.567031 0.000000 0.000000 1.000000 0.000000
0.960232 0.279204 0.000000 190.281969 -0.279204 0.960232 0.000000 -24.827299 0.000000 0.000000 1.000000 0.000000
0.959333 0.282276 0.000000 190.838045 -0.282276 0.959333 0.000000 -24.999256 0.000000 0.000000 1.000000 0.000000
0.958638 0.284629 0.000000 191.392861 -0.284629 0.958638 0.000000 -25.177248 0.000000 0.000000 1.000000 0.000000
0.958604 0.284744 0.000000 191.947446 -0.284744 0.958604 0.000000 -25.351919 0.000000 0.000000 1.000000 0.000000
0.958113 0.286391 0.000000 192.499323 -0.286391 0.958113 0.000000 -25.526176 0.000000 0.000000 1.000000 0.000000
0.958445 0.285276 0.000000 193.055691 -0.285276 0.958445 0.000000 -25.695048 0.000000 0.000000 1.000000 0.000000
0.959506 0.281689 0.000000 193.607126 -0.281689 0.959506 0.000000 -25.875677 0.000000 0.000000 1.000000 0.000000
0.959400 0.282050 0.000000 194.180656 -0.282050 0.959400 0.000000 -26.054335 0.000000 0.000000 1.000000 0.000000
0.959459 0.281849 0.000000 194.675624 -0.281849 0.959459 0.000000 -26.210294 0.000000 0.000000 1.000000 0.000000
0.958986 0.283455 0.000000 195.636792 -0.283455 0.958986 0.000000 -26.512162 0.000000 0.000000 1.000000 0.000000
0.958835 0.283963 0.000000 196.193735 -0.283963 0.958835 0.000000 -26.679503 0.000000 0.000000 1.000000 0.000000
0.958405 0.285413 0.000000 196.892632 -0.285413 0.958405 0.000000 -26.900569 0.000000 0.000000 1.000000 0.000000
0.958044 0.286621 0.000000 197.596773 -0.286621 0.958044 0.000000 -27.133645 0.000000 0.000000 1.000000 0.000000
0.957094 0.289778 0.000000 198.539337 -0.289778 0.957094 0.000000 -27.444722 0.000000 0.000000 1.000000 0.000000
0.957023 0.290013 0.000000 199.087224 -0.290013 0.957023 0.000000 -27.624231 0.000000 0.000000 1.000000 0.000000
0.956878 0.290491 0.000000 199.642036 -0.290491 0.956878 0.000000 -27.808561 0.000000 0.000000 1.000000 0.000000
0.956613 0.291362 0.000000 200.186052 -0.291362 0.956613 0.000000 -27.986430 0.000000 0.000000 1.000000 0.000000
0.956312 0.292348 0.000000 200.702512 -0.292348 0.956312 0.000000 -28.152350 0.000000 0.000000 1.000000 0.000000
0.957104 0.289746 0.000000 201.253250 -0.289746 0.957104 0.000000 -28.332587 0.000000 0.000000 1.000000 0.000000
0.956124 0.292961 0.000000 201.794276 -0.292961 0.956124 0.000000 -28.511866 0.000000 0.000000 1.000000 0.000000
0.955850 0.293856 0.000000 202.561420 -0.293856 0.955850 0.000000 -28.780476 0.000000 0.000000 1.000000 0.000000
0.956352 0.292218 0.000000 203.110659 -0.292218 0.956352 0.000000 -28.961886 0.000000 0.000000 1.000000 0.000000
0.956515 0.291685 0.000000 203.659743 -0.291685 0.956515 0.000000 -29.141525 0.000000 0.000000 1.000000 0.000000
0.956419 0.291997 0.000000 204.207054 -0.291997 0.956419 0.000000 -29.323429 0.000000 0.000000 1.000000 0.000000
0.957821 0.287366 0.000000 204.791696 -0.287366 0.957821 0.000000 -29.515907 0.000000 0.000000 1.000000 0.000000
0.957969 0.286871 0.000000 205.303789 -0.286871 0.957969 0.000000 -29.684386 0.000000 0.000000 1.000000 0.000000
0.957978 0.286840 0.000000 205.882329 -0.286840 0.957978 0.000000 -29.875761 0.000000 0.000000 1.000000 0.000000
0.958282 0.285823 0.000000 206.394579 -0.285823 0.958282 0.000000 -30.046441 0.000000 0.000000 1.000000 0.000000
0.958442 0.285287 0.000000 206.977465 -0.285287 0.958442 0.000000 -30.238468 0.000000 0.000000 1.000000 0.000000
0.958698 0.284427 0.000000 207.521228 -0.284427 0.958698 0.000000 -30.417242 0.000000 0.000000 1.000000 0.000000
0.958532 0.284985 0.000000 208.068337 -0.284985 0.958532 0.000000 -30.589008 0.000000 0.000000 1.000000 0.000000
0.959389 0.282086 0.000000 208.613317 -0.282086 0.959389 0.000000 -30.774279 0.000000 0.000000 1.000000 0.000000
0.959250 0.282559 0.000000 209.148081 -0.282559 0.959250 0.000000 -30.941683 0.000000 0.000000 1.000000 0.000000
0.959357 0.282194 0.000000 209.694345 -0.282194 0.959357 0.000000 -31.117068 0.000000 0.000000 1.000000 0.000000
