0.999999 0.001289 0.000000 0.599235 -0.001289 0.999999 0.000000 -0.007588 0.000000 0.000000 1.000000 0.000000
0.999996 0.002816 0.000000 1.417499 -0.002816 0.999996 0.000000 -0.019479 0.000000 0.000000 1.000000 0.000000
0.999989 0.004754 0.000000 2.004657 -0.004754 0.999989 0.000000 -0.037610 0.000000 0.000000 1.000000 0.000000
0.999989 0.004618 0.000000 2.565863 -0.004618 0.999989 0.000000 -0.059598 0.000000 0.000000 1.000000 0.000000
0.999956 0.009414 0.000000 3.146816 -0.009414 0.999956 0.000000 -0.066305 0.000000 0.000000 1.000000 0.000000
0.999898 0.014261 0.000000 3.693900 -0.014261 0.999898 0.000000 -0.075423 0.000000 0.000000 1.000000 0.000000
0.999804 0.019786 0.000000 4.277753 -0.019786 0.999804 0.000000 -0.101164 0.000000 0.000000 1.000000 0.000000
0.999675 0.025482 0.000000 4.817412 -0.025482 0.999675 0.000000 -0.114569 0.000000 0.000000 1.000000 0.000000
0.999448 0.033207 0.000000 5.539906 -0.033207 0.999448 0.000000 -0.147116 0.000000 0.000000 1.000000 0.000000
0.999289 0.037714 0.000000 6.115766 -0.037714 0.999289 0.000000 -0.178280 0.000000 0.000000 1.000000 0.000000
0.999160 0.040986 0.000000 6.693947 -0.040986 0.999160 0.000000 -0.204506 0.000000 0.000000 1.000000 0.000000
0.998959 0.045618 0.000000 7.266125 -0.045618 0.998959 0.000000 -0.234340 0.000000 0.000000 1.000000 0.000000
0.998329 0.057779 0.000000 8.411785 -0.057779 0.998329 0.000000 -0.301574 0.000000 0.000000 1.000000 0.000000
0.998157 0.060684 0.000000 8.951312 -0.060684 0.998157 0.000000 -0.327216 0.000000 0.000000 1.000000 0.000000
0.997771 0.066725 0.000000 9.530624 -0.066725 0.997771 0.000000 -0.363862 0.000000 0.000000 1.000000 0.000000
0.997268 0.073874 0.000000 10.071788 -0.073874 0.997268 0.000000 -0.404612 0.000000 0.000000 1.000000 0.000000
0.996735 0.080745 0.000000 10.637433 -0.080745 0.996735 0.000000 -0.452515 0.000000 0.000000 1.000000 0.000000
0.996201 0.087084 0.000000 11.170776 -0.087084 0.996201 0.000000 -0.498449 0.000000 0.000000 1.000000 0.000000
0.995797 0.091591 0.000000 11.742802 -0.091591 0.995797 0.000000 -0.562850 0.000000 0.000000 1.000000 0.000000
0.995217 0.097689 0.000000 12.278602 -0.097689 0.995217 0.000000 -0.625594 0.000000 0.000000 1.000000 0.000000
0.994226 0.107304 0.000000 13.030339 -0.107304 0.994226 0.000000 -0.705355 0.000000 0.000000 1.000000 0.000000
0.992986 0.118236 0.000000 13.597243 -0.118236 0.992986 0.000000 -0.764262 0.000000 0.000000 1.000000 0.000000
0.992192 0.124722 0.000000 14.152563 -0.124722 0.992192 0.000000 -0.839647 0.000000 0.000000 1.000000 0.000000
0.991574 0.129542 0.000000 14.709938 -0.129542 0.991574 0.000000 -0.915987 0.000000 0.000000 1.000000 0.000000
0.990947 0.134250 0.000000 15.276738 -0.134250 0.990947 0.000000 -0.996705 0.000000 0.000000 1.000000 0.000000
0.990086 0.140465 0.000000 15.804405 -0.140465 0.990086 0.000000 -1.079573 0.000000 0.000000 1.000000 0.000000
0.989152 0.146898 0.000000 16.330598 -0.146898 0.989152 0.000000 -1.162038 0.000000 0.000000 1.000000 0.000000
0.988256 0.152806 0.000000 16.897692 -0.152806 0.988256 0.000000 -1.248311 0.000000 0.000000 1.000000 0.000000
0.986811 0.161879 0.000000 17.416200 -0.161879 0.986811 0.000000 -1.343165 0.000000 0.000000 1.000000 0.000000
0.985568 0.169281 0.000000 17.972277 -0.169281 0.985568 0.000000 -1.438674 0.000000 0.000000 1.000000 0.000000
0.984141 0.177388 0.000000 18.709745 -0.177388 0.984141 0.000000 -1.572334 0.000000 0.000000 1.000000 0.000000
0.982592 0.185778 0.000000 19.262887 -0.185778 0.982592 0.000000 -1.677059 0.000000 0.000000 1.000000 0.000000
0.980981 0.194106 0.000000 19.852054 -0.194106 0.980981 0.000000 -1.792995 0.000000 0.000000 1.000000 0.000000
0.979561 0.201147 0.000000 20.397330 -0.201147 0.979561 0.000000 -1.907972 0.000000 0.000000 1.000000 0.000000
0.978034 0.208448 0.000000 20.946036 -0.208448 0.978034 0.000000 -2.021242 0.000000 0.000000 1.000000 0.000000
0.976688 0.214666 0.000000 21.456995 -0.214666 0.976688 0.000000 -2.135364 0.000000 0.000000 1.000000 0.000000
0.975294 0.220911 0.000000 22.006279 -0.220911 0.975294 0.000000 -2.258635 0.000000 0.000000 1.000000 0.000000
0.975845 0.218464 0.000000 22.510699 -0.218464 0.975845 0.000000 -2.372339 0.000000 0.000000 1.000000 0.000000
0.974813 0.223022 0.000000 23.042951 -0.223022 0.974813 0.000000 -2.500549 0.000000 0.000000 1.000000 0.000000
0.972458 0.233078 0.000000 24.076155 -0.233078 0.972458 0.000000 -2.755796 0.000000 0.000000 1.000000 0.000000
0.971542 0.236866 0.000000 24.560217 -0.236866 0.971542 0.000000 -2.884415 0.000000 0.000000 1.000000 0.000000
0.970164 0.242449 0.000000 25.092668 -0.242449 0.970164 0.000000 -3.018646 0.000000 0.000000 1.000000 0.000000
0.968588 0.248671 0.000000 25.760276 -0.248671 0.968588 0.000000 -3.189505 0.000000 0.000000 1.000000 0.000000
0.967395 0.253271 0.000000 26.242134 -0.253271 0.967395 0.000000 -3.318502 0.000000 0.000000 1.000000 0.000000
0.966137 0.258030 0.000000 26.729558 -0.258030 0.966137 0.000000 -3.447240 0.000000 0.000000 1.000000 0.000000
0.964205 0.265158 0.000000 27.245781 -0.265158 0.964205 0.000000 -3.581028 0.000000 0.000000 1.000000 0.000000
0.963427 0.267972 0.000000 27.729452 -0.267972 0.963427 0.000000 -3.723594 0.000000 0.000000 1.000000 0.000000
0.960771 0.277342 0.000000 28.406459 -0.277342 0.960771 0.000000 -3.924026 0.000000 0.000000 1.000000 0.000000
0.959200 0.282729 0.000000 28.921640 -0.282729 0.959200 0.000000 -4.080315 0.000000 0.000000 1.000000 0.000000
0.958181 0.286161 0.000000 29.434720 -0.286161 0.958181 0.000000 -4.244058 0.000000 0.000000 1.000000 0.000000
0.956684 0.291127 0.000000 29.928605 -0.291127 0.956684 0.000000 -4.408895 0.000000 0.000000 1.000000 0.000000
0.955439 0.295190 0.000000 30.443602 -0.295190 0.955439 0.000000 -4.574805 0.000000 0.000000 1.000000 0.000000
0.954067 0.299594 0.000000 30.954813 -0.299594 0.954067 0.000000 -4.747051 0.000000 0.000000 1.000000 0.000000
0.952064 0.305897 0.000000 31.427088 -0.305897 0.952064 0.000000 -4.893146 0.000000 0.000000 1.000000 0.000000
0.950931 0.309404 0.000000 31.934507 -0.309404 0.950931 0.000000 -5.075380 0.000000 0.000000 1.000000 0.000000
0.949572 0.313550 0.000000 32.414488 -0.313550 0.949572 0.000000 -5.252416 0.000000 0.000000 1.000000 0.000000
0.947554 0.319594 0.000000 32.921765 -0.319594 0.947554 0.000000 -5.423817 0.000000 0.000000 1.000000 0.000000
0.945750 0.324896 0.000000 33.403484 -0.324896 0.945750 0.000000 -5.584043 0.000000 0.000000 1.000000 0.000000
0.943507 0.331352 0.000000 33.900455 -0.331352 0.943507 0.000000 -5.766455 0.000000 0.000000 1.000000 0.000000
0.941095 0.338143 0.000000 34.377919 -0.338143 0.941095 0.000000 -5.936635 0.000000 0.000000 1.000000 0.000000
0.939063 0.343744 0.000000 34.884715 -0.343744 0.939063 0.000000 -6.119014 0.000000 0.000000 1.000000 0.000000
0.938019 0.346583 0.000000 35.341767 -0.346583 0.938019 0.000000 -6.290860 0.000000 0.000000 1.000000 0.000000
0.935126 0.354314 0.000000 36.028686 -0.354314 0.935126 0.000000 -6.557350 0.000000 0.000000 1.000000 0.000000
0.931260 0.364356 0.000000 36.738840 -0.364356 0.931260 0.000000 -6.836276 0.000000 0.000000 1.000000 0.000000
0.928243 0.371973 0.000000 37.231590 -0.371973 0.928243 0.000000 -7.034995 0.000000 0.000000 1.000000 0.000000
0.922734 0.385437 0.000000 38.079349 -0.385437 0.922734 0.000000 -7.381288 0.000000 0.000000 1.000000 0.000000
0.920406 0.390963 0.000000 38.561843 -0.390963 0.920406 0.000000 -7.584153 0.000000 0.000000 1.000000 0.000000
0.918270 0.395955 0.000000 39.041177 -0.395955 0.918270 0.000000 -7.800801 0.000000 0.000000 1.000000 0.000000
0.916768 0.399420 0.000000 39.518063 -0.399420 0.916768 0.000000 -8.011532 0.000000 0.000000 1.000000 0.000000
0.912511 0.409052 0.000000 39.989931 -0.409052 0.912511 0.000000 -8.206160 0.000000 0.000000 1.000000 0.000000
0.911895 0.410424 0.000000 40.487969 -0.410424 0.911895 0.000000 -8.435384 0.000000 0.000000 1.000000 0.000000
0.911236 0.411885 0.000000 40.924728 -0.411885 0.911236 0.000000 -8.635998 0.000000 0.000000 1.000000 0.000000
0.908798 0.417236 0.000000 41.388399 -0.417236 0.908798 0.000000 -8.845838 0.000000 0.000000 1.000000 0.000000
0.907253 0.420586 0.000000 41.847177 -0.420586 0.907253 0.000000 -9.061747 0.000000 0.000000 1.000000 0.000000
0.906944 0.421252 0.000000 42.300600 -0.421252 0.906944 0.000000 -9.275582 0.000000 0.000000 1.000000 0.000000
0.904977 0.425459 0.000000 42.728398 -0.425459 0.904977 0.000000 -9.480599 0.000000 0.000000 1.000000 0.000000
0.903748 0.428064 0.000000 43.168261 -0.428064 0.903748 0.000000 -9.698539 0.000000 0.000000 1.000000 0.000000
0.902111 0.431504 0.000000 43.570821 -0.431504 0.902111 0.000000 -9.910238 0.000000 0.000000 1.000000 0.000000
0.902256 0.431201 0.000000 43.998458 -0.431201 0.902256 0.000000 -10.138283 0.000000 0.000000 1.000000 0.000000
0.900578 0.434694 0.000000 44.392855 -0.434694 0.900578 0.000000 -10.338663 0.000000 0.000000 1.000000 0.000000
0.899879 0.436141 0.000000 44.817322 -0.436141 0.899879 0.000000 -10.557483 0.000000 0.000000 1.000000 0.000000
0.899805 0.436291 0.000000 45.225820 -0.436291 0.899805 0.000000 -10.761866 0.000000 0.000000 1.000000 0.000000
0.897871 0.440258 0.000000 45.619423 -0.440258 0.897871 0.000000 -10.967244 0.000000 0.000000 1.000000 0.000000
0.898161 0.439667 0.000000 46.018507 -0.439667 0.898161 0.000000 -11.160783 0.000000 0.000000 1.000000 0.000000
0.893641 0.448782 0.000000 46.413157 -0.448782 0.893641 0.000000 -11.339783 0.000000 0.000000 1.000000 0.000000
0.891191 0.453628 0.000000 46.795913 -0.453628 0.891191 0.000000 -11.538798 0.000000 0.000000 1.000000 0.000000
0.889598 0.456743 0.000000 47.165926 -0.456743 0.889598 0.000000 -11.738020 0.000000 0.000000 1.000000 0.000000
0.887485 0.460836 0.000000 47.549180 -0.460836 0.887485 0.000000 -11.949226 0.000000 0.000000 1.000000 0.000000
0.883825 0.467818 0.000000 48.095929 -0.467818 0.883825 0.000000 -12.255845 0.000000 0.000000 1.000000 0.000000
0.879543 0.475820 0.000000 48.483253 -0.475820 0.879543 0.000000 -12.484776 0.000000 0.000000 1.000000 0.000000
0.874538 0.484956 0.000000 48.846460 -0.484956 0.874538 0.000000 -12.696121 0.000000 0.000000 1.000000 0.000000
0.871677 0.490081 0.000000 49.208959 -0.490081 0.871677 0.000000 -12.905536 0.000000 0.000000 1.000000 0.000000
0.869105 0.494628 0.000000 49.560095 -0.494628 0.869105 0.000000 -13.106596 0.000000 0.000000 1.000000 0.000000
0.865427 0.501036 0.000000 49.910716 -0.501036 0.865427 0.000000 -13.315277 0.000000 0.000000 1.000000 0.000000
0.862781 0.505578 0.000000 50.251190 -0.505578 0.862781 0.000000 -13.518723 0.000000 0.000000 1.000000 0.000000
0.859542 0.511065 0.000000 50.589059 -0.511065 0.859542 0.000000 -13.720827 0.000000 0.000000 1.000000 0.000000
0.857254 0.514894 0.000000 50.927693 -0.514894 0.857254 0.000000 -13.917188 0.000000 0.000000 1.000000 0.000000
0.855554 0.517713 0.000000 51.255002 -0.517713 0.855554 0.000000 -14.121046 0.000000 0.000000 1.000000 0.000000
0.853202 0.521580 0.000000 51.573400 -0.521580 0.853202 0.000000 -14.319083 0.000000 0.000000 1.000000 0.000000
0.850754 0.525564 0.000000 52.207976 -0.525564 0.850754 0.000000 -14.728501 0.000000 0.000000 1.000000 0.000000
0.849858 0.527012 0.000000 52.509149 -0.527012 0.849858 0.000000 -14.915761 0.000000 0.000000 1.000000 0.000000
0.849216 0.528046 0.000000 52.788768 -0.528046 0.849216 0.000000 -15.093638 0.000000 0.000000 1.000000 0.000000
0.849194 0.528081 0.000000 53.069967 -0.528081 0.849194 0.000000 -15.265292 0.000000 0.000000 1.000000 0.000000
0.849634 0.527373 0.000000 53.354972 -0.527373 0.849634 0.000000 -15.459925 0.000000 0.000000 1.000000 0.000000
0.848198 0.529680 0.000000 53.623415 -0.529680 0.848198 0.000000 -15.629871 0.000000 0.000000 1.000000 0.000000
0.847301 0.531112 0.000000 53.906726 -0.531112 0.847301 0.000000 -15.810151 0.000000 0.000000 1.000000 0.000000
0.846695 0.532079 0.000000 54.163799 -0.532079 0.846695 0.000000 -15.981913 0.000000 0.000000 1.000000 0.000000
0.846793 0.531923 0.000000 54.432204 -0.531923 0.846793 0.000000 -16.151849 0.000000 0.000000 1.000000 0.000000
0.847384 0.530981 0.000000 54.672252 -0.530981 0.847384 0.000000 -16.320212 0.000000 0.000000 1.000000 0.000000
0.845685 0.533682 0.000000 54.919926 -0.533682 0.845685 0.000000 -16.478967 0.000000 0.000000 1.000000 0.000000
0.844745 0.535168 0.000000 55.181971 -0.535168 0.844745 0.000000 -16.641499 0.000000 0.000000 1.000000 0.000000
0.841691 0.539960 0.000000 55.550754 -0.539960 0.841691 0.000000 -16.882244 0.000000 0.000000 1.000000 0.000000
0.840699 0.541503 0.000000 55.817251 -0.541503 0.840699 0.000000 -17.053381 0.000000 0.000000 1.000000 0.000000
0.837108 0.547038 0.000000 56.052873 -0.547038 0.837108 0.000000 -17.213298 0.000000 0.000000 1.000000 0.000000
0.834468 0.551056 0.000000 56.289710 -0.551056 0.834468 0.000000 -17.369090 0.000000 0.000000 1.000000 0.000000
0.831187 0.555993 0.000000 56.524633 -0.555993 0.831187 0.000000 -17.517569 0.000000 0.000000 1.000000 0.000000
0.828410 0.560122 0.000000 56.748866 -0.560122 0.828410 0.000000 -17.667335 0.000000 0.000000 1.000000 0.000000
0.828149 0.560508 0.000000 56.966011 -0.560508 0.828149 0.000000 -17.824666 0.000000 0.000000 1.000000 0.000000
0.827828 0.560982 0.000000 57.177735 -0.560982 0.827828 0.000000 -17.979993 0.000000 0.000000 1.000000 0.000000
0.830213 0.557446 0.000000 57.386263 -0.557446 0.830213 0.000000 -18.135791 0.000000 0.000000 1.000000 0.000000
0.829417 0.558630 0.000000 57.586547 -0.558630 0.829417 0.000000 -18.285733 0.000000 0.000000 1.000000 0.000000
0.825894 0.563825 0.000000 57.993425 -0.563825 0.825894 0.000000 -18.561394 0.000000 0.000000 1.000000 0.000000
0.822517 0.568740 0.000000 58.183310 -0.568740 0.822517 0.000000 -18.681956 0.000000 0.000000 1.000000 0.000000
0.821825 0.569740 0.000000 58.354465 -0.569740 0.821825 0.000000 -18.804565 0.000000 0.000000 1.000000 0.000000
0.822501 0.568764 0.000000 58.533375 -0.568764 0.822501 0.000000 -18.941872 0.000000 0.000000 1.000000 0.000000
0.821865 0.569682 0.000000 58.700404 -0.569682 0.821865 0.000000 -19.062904 0.000000 0.000000 1.000000 0.000000
0.820913 0.571054 0.000000 58.865918 -0.571054 0.820913 0.000000 -19.180222 0.000000 0.000000 1.000000 0.000000
0.820920 0.571043 0.000000 59.031312 -0.571043 0.820920 0.000000 -19.308598 0.000000 0.000000 1.000000 0.000000
0.820253 0.572001 0.000000 59.188669 -0.572001 0.820253 0.000000 -19.428223 0.000000 0.000000 1.000000 0.000000
0.818849 0.574009 0.000000 59.355828 -0.574009 0.818849 0.000000 -19.550135 0.000000 0.000000 1.000000 0.000000
0.815502 0.578754 0.000000 59.674291 -0.578754 0.815502 0.000000 -19.779402 0.000000 0.000000 1.000000 0.000000
0.814196 0.580591 0.000000 59.830187 -0.580591 0.814196 0.000000 -19.881665 0.000000 0.000000 1.000000 0.000000
0.813598 0.581427 0.000000 59.981039 -0.581427 0.813598 0.000000 -19.990882 0.000000 0.000000 1.000000 0.000000
0.812173 0.583417 0.000000 60.233273 -0.583417 0.812173 0.000000 -20.166981 0.000000 0.000000 1.000000 0.000000
0.811201 0.584768 0.000000 60.392236 -0.584768 0.811201 0.000000 -20.289465 0.000000 0.000000 1.000000 0.000000
0.809092 0.587682 0.000000 60.555126 -0.587682 0.809092 0.000000 -20.403993 0.000000 0.000000 1.000000 0.000000
0.807170 0.590319 0.000000 60.718501 -0.590319 0.807170 0.000000 -20.522371 0.000000 0.000000 1.000000 0.000000
0.808087 0.589064 0.000000 60.883052 -0.589064 0.808087 0.000000 -20.640646 0.000000 0.000000 1.000000 0.000000
0.806874 0.590723 0.000000 61.045135 -0.590723 0.806874 0.000000 -20.765532 0.000000 0.000000 1.000000 0.000000
0.805914 0.592033 0.000000 61.205040 -0.592033 0.805914 0.000000 -20.888444 0.000000 0.000000 1.000000 0.000000
0.803253 0.595638 0.000000 61.532233 -0.595638 0.803253 0.000000 -21.139119 0.000000 0.000000 1.000000 0.000000
0.801419 0.598104 0.000000 61.703469 -0.598104 0.801419 0.000000 -21.265287 0.000000 0.000000 1.000000 0.000000
0.800039 0.599947 0.000000 61.873154 -0.599947 0.800039 0.000000 -21.394242 0.000000 0.000000 1.000000 0.000000
0.798124 0.602493 0.000000 62.040606 -0.602493 0.798124 0.000000 -21.516876 0.000000 0.000000 1.000000 0.000000
0.796301 0.604900 0.000000 62.210884 -0.604900 0.796301 0.000000 -21.647993 0.000000 0.000000 1.000000 0.000000
0.795495 0.605960 0.000000 62.377932 -0.605960 0.795495 0.000000 -21.783323 0.000000 0.000000 1.000000 0.000000
0.793786 0.608198 0.000000 62.534586 -0.608198 0.793786 0.000000 -21.913834 0.000000 0.000000 1.000000 0.000000
0.792181 0.610286 0.000000 62.714410 -0.610286 0.792181 0.000000 -22.058514 0.000000 0.000000 1.000000 0.000000
0.789481 0.613774 0.000000 62.887051 -0.613774 0.789481 0.000000 -22.191962 0.000000 0.000000 1.000000 0.000000
0.785734 0.618565 0.000000 63.059284 -0.618565 0.785734 0.000000 -22.327149 0.000000 0.000000 1.000000 0.000000
0.782214 0.623010 0.000000 63.238604 -0.623010 0.782214 0.000000 -22.476035 0.000000 0.000000 1.000000 0.000000
0.780150 0.625592 0.000000 63.411838 -0.625592 0.780150 0.000000 -22.627380 0.000000 0.000000 1.000000 0.000000
0.778069 0.628179 0.000000 63.596893 -0.628179 0.778069 0.000000 -22.789724 0.000000 0.000000 1.000000 0.000000
0.776443 0.630188 0.000000 63.776562 -0.630188 0.776443 0.000000 -22.946513 0.000000 0.000000 1.000000 0.000000
0.772988 0.634421 0.000000 63.981351 -0.634421 0.772988 0.000000 -23.102887 0.000000 0.000000 1.000000 0.000000
0.770850 0.637017 0.000000 64.166916 -0.637017 0.770850 0.000000 -23.261760 0.000000 0.000000 1.000000 0.000000
0.765787 0.643094 0.000000 64.448846 -0.643094 0.765787 0.000000 -23.497920 0.000000 0.000000 1.000000 0.000000
0.764205 0.644973 0.000000 64.633776 -0.644973 0.764205 0.000000 -23.662437 0.000000 0.000000 1.000000 0.000000
0.762682 0.646774 0.000000 64.832065 -0.646774 0.762682 0.000000 -23.844044 0.000000 0.000000 1.000000 0.000000
0.761325 0.648371 0.000000 65.021930 -0.648371 0.761325 0.000000 -24.014242 0.000000 0.000000 1.000000 0.000000
0.757773 0.652519 0.000000 65.417926 -0.652519 0.757773 0.000000 -24.378185 0.000000 0.000000 1.000000 0.000000
0.756255 0.654277 0.000000 65.612318 -0.654277 0.756255 0.000000 -24.559365 0.000000 0.000000 1.000000 0.000000
0.754697 0.656074 0.000000 65.797740 -0.656074 0.754697 0.000000 -24.733712 0.000000 0.000000 1.000000 0.000000
0.753532 0.657411 0.000000 66.000883 -0.657411 0.753532 0.000000 -24.917040 0.000000 0.000000 1.000000 0.000000
0.751246 0.660022 0.000000 66.279494 -0.660022 0.751246 0.000000 -25.157642 0.000000 0.000000 1.000000 0.000000
0.746653 0.665213 0.000000 66.481713 -0.665213 0.746653 0.000000 -25.333824 0.000000 0.000000 1.000000 0.000000
0.743482 0.668756 0.000000 66.672745 -0.668756 0.743482 0.000000 -25.511614 0.000000 0.000000 1.000000 0.000000
0.739536 0.673117 0.000000 66.871760 -0.673117 0.739536 0.000000 -25.693901 0.000000 0.000000 1.000000 0.000000
0.736856 0.676050 0.000000 67.051789 -0.676050 0.736856 0.000000 -25.868605 0.000000 0.000000 1.000000 0.000000
0.734934 0.678138 0.000000 67.239484 -0.678138 0.734934 0.000000 -26.041616 0.000000 0.000000 1.000000 0.000000
0.732210 0.681079 0.000000 67.429169 -0.681079 0.732210 0.000000 -26.228063 0.000000 0.000000 1.000000 0.000000
0.731405 0.681943 0.000000 67.606188 -0.681943 0.731405 0.000000 -26.403359 0.000000 0.000000 1.000000 0.000000
0.729852 0.683605 0.000000 67.780428 -0.683605 0.729852 0.000000 -26.579195 0.000000 0.000000 1.000000 0.000000
0.727628 0.685972 0.000000 67.975072 -0.685972 0.727628 0.000000 -26.764668 0.000000 0.000000 1.000000 0.000000
0.727643 0.685956 0.000000 68.150072 -0.685956 0.727643 0.000000 -26.939282 0.000000 0.000000 1.000000 0.000000
0.728595 0.684944 0.000000 68.388992 -0.684944 0.728595 0.000000 -27.182531 0.000000 0.000000 1.000000 0.000000
0.728281 0.685279 0.000000 68.585387 -0.685279 0.728281 0.000000 -27.379269 0.000000 0.000000 1.000000 0.000000
0.727874 0.685711 0.000000 68.767198 -0.685711 0.727874 0.000000 -27.556801 0.000000 0.000000 1.000000 0.000000
0.728539 0.685005 0.000000 68.945363 -0.685005 0.728539 0.000000 -27.739119 0.000000 0.000000 1.000000 0.000000
0.727051 0.686583 0.000000 69.122966 -0.686583 0.727051 0.000000 -27.920036 0.000000 0.000000 1.000000 0.000000
0.726569 0.687093 0.000000 69.299862 -0.687093 0.726569 0.000000 -28.094999 0.000000 0.000000 1.000000 0.000000
0.730272 0.683157 0.000000 69.467617 -0.683157 0.730272 0.000000 -28.276072 0.000000 0.000000 1.000000 0.000000
0.730342 0.683082 0.000000 69.645246 -0.683082 0.730342 0.000000 -28.439030 0.000000 0.000000 1.000000 0.000000
0.732524 0.680741 0.000000 69.821125 -0.680741 0.732524 0.000000 -28.607775 0.000000 0.000000 1.000000 0.000000
0.733449 0.679744 0.000000 69.978684 -0.679744 0.733449 0.000000 -28.764701 0.000000 0.000000 1.000000 0.000000
0.734377 0.678742 0.000000 70.308534 -0.678742 0.734377 0.000000 -29.089880 0.000000 0.000000 1.000000 0.000000
0.734748 0.678341 0.000000 70.480007 -0.678341 0.734748 0.000000 -29.247256 0.000000 0.000000 1.000000 0.000000
0.737300 0.675566 0.000000 70.650208 -0.675566 0.737300 0.000000 -29.415437 0.000000 0.000000 1.000000 0.000000
0.739496 0.673161 0.000000 70.801964 -0.673161 0.739496 0.000000 -29.568036 0.000000 0.000000 1.000000 0.000000
0.741126 0.671365 0.000000 70.968091 -0.671365 0.741126 0.000000 -29.719895 0.000000 0.000000 1.000000 0.000000
0.742356 0.670006 0.000000 71.116193 -0.670006 0.742356 0.000000 -29.866995 0.000000 0.000000 1.000000 0.000000
0.742802 0.669511 0.000000 71.277825 -0.669511 0.742802 0.000000 -30.010577 0.000000 0.000000 1.000000 0.000000
0.744042 0.668132 0.000000 71.547290 -0.668132 0.744042 0.000000 -30.260214 0.000000 0.000000 1.000000 0.000000
0.745677 0.666308 0.000000 71.704804 -0.666308 0.745677 0.000000 -30.406391 0.000000 0.000000 1.000000 0.000000
0.748272 0.663392 0.000000 71.856874 -0.663392 0.748272 0.000000 -30.553803 0.000000 0.000000 1.000000 0.000000
0.748570 0.663056 0.000000 72.012033 -0.663056 0.748570 0.000000 -30.693196 0.000000 0.000000 1.000000 0.000000
0.750928 0.660384 0.000000 72.158179 -0.660384 0.750928 0.000000 -30.834036 0.000000 0.000000 1.000000 0.000000
0.753244 0.657741 0.000000 72.310802 -0.657741 0.753244 0.000000 -30.973820 0.000000 0.000000 1.000000 0.000000
0.758318 0.651885 0.000000 72.607218 -0.651885 0.758318 0.000000 -31.243339 0.000000 0.000000 1.000000 0.000000
0.761406 0.648275 0.000000 72.739554 -0.648275 0.761406 0.000000 -31.366831 0.000000 0.000000 1.000000 0.000000
0.764340 0.644814 0.000000 72.873341 -0.644814 0.764340 0.000000 -31.485786 0.000000 0.000000 1.000000 0.000000
0.770078 0.637950 0.000000 73.105246 -0.637950 0.770078 0.000000 -31.684877 0.000000 0.000000 1.000000 0.000000
0.773798 0.633433 0.000000 73.415082 -0.633433 0.773798 0.000000 -31.931293 0.000000 0.000000 1.000000 0.000000
0.779978 0.625807 0.000000 73.591569 -0.625807 0.779978 0.000000 -32.087569 0.000000 0.000000 1.000000 0.000000
0.782483 0.622672 0.000000 73.713348 -0.622672 0.782483 0.000000 -32.178183 0.000000 0.000000 1.000000 0.000000
0.790657 0.612259 0.000000 73.948183 -0.612259 0.790657 0.000000 -32.365169 0.000000 0.000000 1.000000 0.000000
0.794374 0.607429 0.000000 74.063848 -0.607429 0.794374 0.000000 -32.460481 0.000000 0.000000 1.000000 0.000000
0.797773 0.602958 0.000000 74.165275 -0.602958 0.797773 0.000000 -32.545305 0.000000 0.000000 1.000000 0.000000
0.800403 0.599462 0.000000 74.275651 -0.599462 0.800403 0.000000 -32.626803 0.000000 0.000000 1.000000 0.000000
0.804869 0.593453 0.000000 74.439998 -0.593453 0.804869 0.000000 -32.752729 0.000000 0.000000 1.000000 0.000000
0.810988 0.585063 0.000000 74.637297 -0.585063 0.810988 0.000000 -32.906057 0.000000 0.000000 1.000000 0.000000
0.814504 0.580158 0.000000 74.736943 -0.580158 0.814504 0.000000 -32.980347 0.000000 0.000000 1.000000 0.000000
0.818000 0.575218 0.000000 74.830161 -0.575218 0.818000 0.000000 -33.049174 0.000000 0.000000 1.000000 0.000000
0.821537 0.570156 0.000000 74.918051 -0.570156 0.821537 0.000000 -33.116571 0.000000 0.000000 1.000000 0.000000
0.825131 0.564942 0.000000 75.008256 -0.564942 0.825131 0.000000 -33.185951 0.000000 0.000000 1.000000 0.000000
0.827381 0.561641 0.000000 75.087697 -0.561641 0.827381 0.000000 -33.246109 0.000000 0.000000 1.000000 0.000000
0.834084 0.551638 0.000000 75.243247 -0.551638 0.834084 0.000000 -33.360240 0.000000 0.000000 1.000000 0.000000
0.836407 0.548108 0.000000 75.313303 -0.548108 0.836407 0.000000 -33.410495 0.000000 0.000000 1.000000 0.000000
0.839111 0.543960 0.000000 75.381462 -0.543960 0.839111 0.000000 -33.463711 0.000000 0.000000 1.000000 0.000000
0.840676 0.541539 0.000000 75.443497 -0.541539 0.840676 0.000000 -33.506318 0.000000 0.000000 1.000000 0.000000
0.844010 0.536327 0.000000 75.504316 -0.536327 0.844010 0.000000 -33.552275 0.000000 0.000000 1.000000 0.000000
0.845683 0.533686 0.000000 75.556627 -0.533686 0.845683 0.000000 -33.591878 0.000000 0.000000 1.000000 0.000000
0.847405 0.530947 0.000000 75.604939 -0.530947 0.847405 0.000000 -33.629448 0.000000 0.000000 1.000000 0.000000
0.848908 0.528541 0.000000 75.678415 -0.528541 0.848908 0.000000 -33.670725 0.000000 0.000000 1.000000 0.000000
0.850325 0.526257 0.000000 75.709983 -0.526257 0.850325 0.000000 -33.689553 0.000000 0.000000 1.000000 0.000000
0.850802 0.525486 0.000000 75.737137 -0.525486 0.850802 0.000000 -33.705878 0.000000 0.000000 1.000000 0.000000
0.851342 0.524612 0.000000 75.772505 -0.524612 0.851342 0.000000 -33.717456 0.000000 0.000000 1.000000 0.000000
0.852289 0.523071 0.000000 75.798883 -0.523071 0.852289 0.000000 -33.735845 0.000000 0.000000 1.000000 0.000000
0.853175 0.521625 0.000000 75.819506 -0.521625 0.853175 0.000000 -33.745067 0.000000 0.000000 1.000000 0.000000
0.853447 0.521179 0.000000 75.838368 -0.521179 0.853447 0.000000 -33.754876 0.000000 0.000000 1.000000 0.000000
0.853640 0.520863 0.000000 75.855519 -0.520863 0.853640 0.000000 -33.760502 0.000000 0.000000 1.000000 0.000000
0.855160 0.518364 0.000000 75.868713 -0.518364 0.855160 0.000000 -33.781281 0.000000 0.000000 1.000000 0.000000
0.854568 0.519339 0.000000 75.878626 -0.519339 0.854568 0.000000 -33.779581 0.000000 0.000000 1.000000 0.000000
0.855468 0.517856 0.000000 75.885108 -0.517856 0.855468 0.000000 -33.788475 0.000000 0.000000 1.000000 0.000000
0.855481 0.517834 0.000000 75.882480 -0.517834 0.855481 0.000000 -33.790603 0.000000 0.000000 1.000000 0.000000
0.854766 0.519014 0.000000 75.884147 -0.519014 0.854766 0.000000 -33.792772 0.000000 0.000000 1.000000 0.000000
0.854661 0.519186 0.000000 75.885940 -0.519186 0.854661 0.000000 -33.792446 0.000000 0.000000 1.000000 0.000000
0.854360 0.519681 0.000000 75.883521 -0.519681 0.854360 0.000000 -33.792695 0.000000 0.000000 1.000000 0.000000
0.855288 0.518152 0.000000 75.878336 -0.518152 0.855288 0.000000 -33.794405 0.000000 0.000000 1.000000 0.000000
0.855338 0.518071 0.000000 75.877636 -0.518071 0.855338 0.000000 -33.794400 0.000000 0.000000 1.000000 0.000000
0.854563 0.519347 0.000000 75.879411 -0.519347 0.854563 0.000000 -33.789585 0.000000 0.000000 1.000000 0.000000
0.854396 0.519623 0.000000 75.877417 -0.519623 0.854396 0.000000 -33.791411 0.000000 0.000000 1.000000 0.000000
0.854445 0.519542 0.000000 75.877650 -0.519542 0.854445 0.000000 -33.792696 0.000000 0.000000 1.000000 0.000000
0.854332 0.519727 0.000000 75.877761 -0.519727 0.854332 0.000000 -33.791005 0.000000 0.000000 1.000000 0.000000
0.854335 0.519723 0.000000 75.876250 -0.519723 0.854335 0.000000 -33.782596 0.000000 0.000000 1.000000 0.000000
0.854257 0.519850 0.000000 75.876029 -0.519850 0.854257 0.000000 -33.781589 0.000000 0.000000 1.000000 0.000000
0.854089 0.520128 0.000000 75.879345 -0.520128 0.854089 0.000000 -33.777024 0.000000 0.000000 1.000000 0.000000
0.853985 0.520298 0.000000 75.880062 -0.520298 0.853985 0.000000 -33.774741 0.000000 0.000000 1.000000 0.000000
0.853995 0.520282 0.000000 75.880770 -0.520282 0.853995 0.000000 -33.774358 0.000000 0.000000 1.000000 0.000000
0.854035 0.520216 0.000000 75.881133 -0.520216 0.854035 0.000000 -33.773778 0.000000 0.000000 1.000000 0.000000
0.854018 0.520243 0.000000 75.880421 -0.520243 0.854018 0.000000 -33.773469 0.000000 0.000000 1.000000 0.000000
0.854044 0.520200 0.000000 75.885083 -0.520200 0.854044 0.000000 -33.776353 0.000000 0.000000 1.000000 0.000000
0.854071 0.520156 0.000000 75.883974 -0.520156 0.854071 0.000000 -33.780623 0.000000 0.000000 1.000000 0.000000
0.854040 0.520207 0.000000 75.882444 -0.520207 0.854040 0.000000 -33.781163 0.000000 0.000000 1.000000 0.000000
0.854046 0.520197 0.000000 75.882512 -0.520197 0.854046 0.000000 -33.780619 0.000000 0.000000 1.000000 0.000000
0.853896 0.520444 0.000000 75.882308 -0.520444 0.853896 0.000000 -33.783863 0.000000 0.000000 1.000000 0.000000
0.853778 0.520637 0.000000 75.886678 -0.520637 0.853778 0.000000 -33.785834 0.000000 0.000000 1.000000 0.000000
0.853730 0.520716 0.000000 75.889252 -0.520716 0.853730 0.000000 -33.785277 0.000000 0.000000 1.000000 0.000000
0.853710 0.520749 0.000000 75.894002 -0.520749 0.853710 0.000000 -33.782575 0.000000 0.000000 1.000000 0.000000
0.853774 0.520643 0.000000 75.893289 -0.520643 0.853774 0.000000 -33.785329 0.000000 0.000000 1.000000 0.000000
0.853775 0.520642 0.000000 75.892910 -0.520642 0.853775 0.000000 -33.789789 0.000000 0.000000 1.000000 0.000000
0.853783 0.520628 0.000000 75.893369 -0.520628 0.853783 0.000000 -33.788547 0.000000 0.000000 1.000000 0.000000
0.853734 0.520710 0.000000 75.896656 -0.520710 0.853734 0.000000 -33.787457 0.000000 0.000000 1.000000 0.000000
0.853740 0.520700 0.000000 75.896338 -0.520700 0.853740 0.000000 -33.787982 0.000000 0.000000 1.000000 0.000000
0.853678 0.520801 0.000000 75.896469 -0.520801 0.853678 0.000000 -33.785412 0.000000 0.000000 1.000000 0.000000
0.853706 0.520755 0.000000 75.899117 -0.520755 0.853706 0.000000 -33.786454 0.000000 0.000000 1.000000 0.000000
0.853731 0.520715 0.000000 75.897779 -0.520715 0.853731 0.000000 -33.785656 0.000000 0.000000 1.000000 0.000000
0.853716 0.520739 0.000000 75.895215 -0.520739 0.853716 0.000000 -33.783760 0.000000 0.000000 1.000000 0.000000
0.853704 0.520759 0.000000 75.899140 -0.520759 0.853704 0.000000 -33.783134 0.000000 0.000000 1.000000 0.000000
0.853750 0.520683 0.000000 75.902129 -0.520683 0.853750 0.000000 -33.783025 0.000000 0.000000 1.000000 0.000000
0.854138 0.520046 0.000000 75.904894 -0.520046 0.854138 0.000000 -33.782878 0.000000 0.000000 1.000000 0.000000
0.854083 0.520137 0.000000 75.908522 -0.520137 0.854083 0.000000 -33.783403 0.000000 0.000000 1.000000 0.000000
0.854047 0.520195 0.000000 75.908484 -0.520195 0.854047 0.000000 -33.782596 0.000000 0.000000 1.000000 0.000000
0.854008 0.520259 0.000000 75.906659 -0.520259 0.854008 0.000000 -33.785676 0.000000 0.000000 1.000000 0.000000
0.854053 0.520186 0.000000 75.905485 -0.520186 0.854053 0.000000 -33.786499 0.000000 0.000000 1.000000 0.000000
0.854203 0.519939 0.000000 75.903211 -0.519939 0.854203 0.000000 -33.788277 0.000000 0.000000 1.000000 0.000000
0.854220 0.519911 0.000000 75.903655 -0.519911 0.854220 0.000000 -33.791555 0.000000 0.000000 1.000000 0.000000
0.854057 0.520179 0.000000 75.907528 -0.520179 0.854057 0.000000 -33.794827 0.000000 0.000000 1.000000 0.000000
0.853521 0.521058 0.000000 75.908510 -0.521058 0.853521 0.000000 -33.794516 0.000000 0.000000 1.000000 0.000000
0.853131 0.521696 0.000000 75.908077 -0.521696 0.853131 0.000000 -33.798189 0.000000 0.000000 1.000000 0.000000
0.851810 0.523851 0.000000 75.911644 -0.523851 0.851810 0.000000 -33.798450 0.000000 0.000000 1.000000 0.000000
0.851715 0.524005 0.000000 75.910193 -0.524005 0.851715 0.000000 -33.796373 0.000000 0.000000 1.000000 0.000000
0.851711 0.524011 0.000000 75.908726 -0.524011 0.851711 0.000000 -33.796715 0.000000 0.000000 1.000000 0.000000
0.851861 0.523769 0.000000 75.905459 -0.523769 0.851861 0.000000 -33.799089 0.000000 0.000000 1.000000 0.000000
0.852558 0.522633 0.000000 75.899510 -0.522633 0.852558 0.000000 -33.802478 0.000000 0.000000 1.000000 0.000000
0.853207 0.521572 0.000000 75.899200 -0.521572 0.853207 0.000000 -33.802989 0.000000 0.000000 1.000000 0.000000
0.853729 0.520718 0.000000 75.900118 -0.520718 0.853729 0.000000 -33.807333 0.000000 0.000000 1.000000 0.000000
0.854058 0.520178 0.000000 75.898852 -0.520178 0.854058 0.000000 -33.810702 0.000000 0.000000 1.000000 0.000000
0.854128 0.520064 0.000000 75.898583 -0.520064 0.854128 0.000000 -33.815373 0.000000 0.000000 1.000000 0.000000
0.854337 0.519719 0.000000 75.896503 -0.519719 0.854337 0.000000 -33.815213 0.000000 0.000000 1.000000 0.000000
0.854319 0.519749 0.000000 75.896485 -0.519749 0.854319 0.000000 -33.815777 0.000000 0.000000 1.000000 0.000000
0.854325 0.519739 0.000000 75.894572 -0.519739 0.854325 0.000000 -33.817546 0.000000 0.000000 1.000000 0.000000
0.854367 0.519670 0.000000 75.895722 -0.519670 0.854367 0.000000 -33.814952 0.000000 0.000000 1.000000 0.000000
0.854250 0.519862 0.000000 75.887807 -0.519862 0.854250 0.000000 -33.816618 0.000000 0.000000 1.000000 0.000000
0.854389 0.519633 0.000000 75.880549 -0.519633 0.854389 0.000000 -33.821326 0.000000 0.000000 1.000000 0.000000
0.854497 0.519456 0.000000 75.877678 -0.519456 0.854497 0.000000 -33.817496 0.000000 0.000000 1.000000 0.000000
0.854509 0.519436 0.000000 75.877908 -0.519436 0.854509 0.000000 -33.816691 0.000000 0.000000 1.000000 0.000000
0.854721 0.519087 0.000000 75.875941 -0.519087 0.854721 0.000000 -33.815266 0.000000 0.000000 1.000000 0.000000
0.855095 0.518471 0.000000 75.875428 -0.518471 0.855095 0.000000 -33.816232 0.000000 0.000000 1.000000 0.000000
0.855752 0.517386 0.000000 75.877491 -0.517386 0.855752 0.000000 -33.819559 0.000000 0.000000 1.000000 0.000000
0.856336 0.516418 0.000000 75.875689 -0.516418 0.856336 0.000000 -33.823375 0.000000 0.000000 1.000000 0.000000
0.856239 0.516579 0.000000 75.868798 -0.516579 0.856239 0.000000 -33.823236 0.000000 0.000000 1.000000 0.000000
0.855210 0.518282 0.000000 75.870110 -0.518282 0.855210 0.000000 -33.819005 0.000000 0.000000 1.000000 0.000000
0.853174 0.521627 0.000000 75.876402 -0.521627 0.853174 0.000000 -33.812030 0.000000 0.000000 1.000000 0.000000
0.851617 0.524164 0.000000 75.882760 -0.524164 0.851617 0.000000 -33.809754 0.000000 0.000000 1.000000 0.000000
0.850283 0.526325 0.000000 75.887683 -0.526325 0.850283 0.000000 -33.809809 0.000000 0.000000 1.000000 0.000000
0.848671 0.528922 0.000000 75.892897 -0.528922 0.848671 0.000000 -33.806589 0.000000 0.000000 1.000000 0.000000
0.847278 0.531149 0.000000 75.901208 -0.531149 0.847278 0.000000 -33.800359 0.000000 0.000000 1.000000 0.000000
0.845997 0.533188 0.000000 75.908639 -0.533188 0.845997 0.000000 -33.797093 0.000000 0.000000 1.000000 0.000000
0.844950 0.534845 0.000000 75.918621 -0.534845 0.844950 0.000000 -33.801660 0.000000 0.000000 1.000000 0.000000
0.844543 0.535487 0.000000 75.931558 -0.535487 0.844543 0.000000 -33.805262 0.000000 0.000000 1.000000 0.000000
0.844458 0.535622 0.000000 75.942359 -0.535622 0.844458 0.000000 -33.809492 0.000000 0.000000 1.000000 0.000000
0.844861 0.534986 0.000000 75.956315 -0.534986 0.844861 0.000000 -33.818013 0.000000 0.000000 1.000000 0.000000
0.845394 0.534143 0.000000 75.969764 -0.534143 0.845394 0.000000 -33.826736 0.000000 0.000000 1.000000 0.000000
0.846531 0.532339 0.000000 75.978882 -0.532339 0.846531 0.000000 -33.836252 0.000000 0.000000 1.000000 0.000000
0.847086 0.531456 0.000000 75.990951 -0.531456 0.847086 0.000000 -33.843232 0.000000 0.000000 1.000000 0.000000
0.847078 0.531469 0.000000 75.997426 -0.531469 0.847078 0.000000 -33.856208 0.000000 0.000000 1.000000 0.000000
0.847059 0.531499 0.000000 76.013297 -0.531499 0.847059 0.000000 -33.868258 0.000000 0.000000 1.000000 0.000000
0.846616 0.532204 0.000000 76.028932 -0.532204 0.846616 0.000000 -33.870712 0.000000 0.000000 1.000000 0.000000
0.845960 0.533246 0.000000 76.046419 -0.533246 0.845960 0.000000 -33.881153 0.000000 0.000000 1.000000 0.000000
0.845306 0.534283 0.000000 76.075272 -0.534283 0.845306 0.000000 -33.896806 0.000000 0.000000 1.000000 0.000000
0.846155 0.532936 0.000000 76.090428 -0.532936 0.846155 0.000000 -33.908075 0.000000 0.000000 1.000000 0.000000
0.846112 0.533005 0.000000 76.104066 -0.533005 0.846112 0.000000 -33.914454 0.000000 0.000000 1.000000 0.000000
0.846701 0.532069 0.000000 76.112593 -0.532069 0.846701 0.000000 -33.925450 0.000000 0.000000 1.000000 0.000000
0.847486 0.530817 0.000000 76.120752 -0.530817 0.847486 0.000000 -33.933640 0.000000 0.000000 1.000000 0.000000
0.849135 0.528176 0.000000 76.126578 -0.528176 0.849135 0.000000 -33.946156 0.000000 0.000000 1.000000 0.000000
0.850008 0.526770 0.000000 76.133184 -0.526770 0.850008 0.000000 -33.957600 0.000000 0.000000 1.000000 0.000000
0.850513 0.525953 0.000000 76.131965 -0.525953 0.850513 0.000000 -33.968201 0.000000 0.000000 1.000000 0.000000
0.850770 0.525539 0.000000 76.137515 -0.525539 0.850770 0.000000 -33.979479 0.000000 0.000000 1.000000 0.000000
0.850228 0.526415 0.000000 76.141166 -0.526415 0.850228 0.000000 -33.984132 0.000000 0.000000 1.000000 0.000000
0.849880 0.526977 0.000000 76.149740 -0.526977 0.849880 0.000000 -33.982814 0.000000 0.000000 1.000000 0.000000
0.849100 0.528232 0.000000 76.151395 -0.528232 0.849100 0.000000 -33.983454 0.000000 0.000000 1.000000 0.000000
0.848979 0.528427 0.000000 76.149119 -0.528427 0.848979 0.000000 -33.983536 0.000000 0.000000 1.000000 0.000000
0.848745 0.528802 0.000000 76.147715 -0.528802 0.848745 0.000000 -33.985289 0.000000 0.000000 1.000000 0.000000
0.848872 0.528599 0.000000 76.148743 -0.528599 0.848872 0.000000 -33.985800 0.000000 0.000000 1.000000 0.000000
0.849445 0.527677 0.000000 76.144307 -0.527677 0.849445 0.000000 -33.990218 0.000000 0.000000 1.000000 0.000000
0.849851 0.527023 0.000000 76.143176 -0.527023 0.849851 0.000000 -33.989829 0.000000 0.000000 1.000000 0.000000
0.850027 0.526738 0.000000 76.140962 -0.526738 0.850027 0.000000 -33.985829 0.000000 0.000000 1.000000 0.000000
0.850085 0.526646 0.000000 76.137616 -0.526646 0.850085 0.000000 -33.983868 0.000000 0.000000 1.000000 0.000000
0.850566 0.525868 0.000000 76.141746 -0.525868 0.850566 0.000000 -33.981538 0.000000 0.000000 1.000000 0.000000
0.850794 0.525499 0.000000 76.140146 -0.525499 0.850794 0.000000 -33.981082 0.000000 0.000000 1.000000 0.000000
0.851929 0.523658 0.000000 76.137184 -0.523658 0.851929 0.000000 -33.985706 0.000000 0.000000 1.000000 0.000000
0.852191 0.523230 0.000000 76.134836 -0.523230 0.852191 0.000000 -33.985171 0.000000 0.000000 1.000000 0.000000
0.852627 0.522521 0.000000 76.130773 -0.522521 0.852627 0.000000 -33.988126 0.000000 0.000000 1.000000 0.000000
0.853465 0.521149 0.000000 76.126865 -0.521149 0.853465 0.000000 -33.993993 0.000000 0.000000 1.000000 0.000000
0.853745 0.520692 0.000000 76.124869 -0.520692 0.853745 0.000000 -33.992196 0.000000 0.000000 1.000000 0.000000
0.854202 0.519941 0.000000 76.125738 -0.519941 0.854202 0.000000 -33.994314 0.000000 0.000000 1.000000 0.000000
0.854485 0.519476 0.000000 76.124572 -0.519476 0.854485 0.000000 -33.995269 0.000000 0.000000 1.000000 0.000000
0.854612 0.519267 0.000000 76.121407 -0.519267 0.854612 0.000000 -33.997386 0.000000 0.000000 1.000000 0.000000
0.854975 0.518670 0.000000 76.118969 -0.518670 0.854975 0.000000 -33.998612 0.000000 0.000000 1.000000 0.000000
0.854999 0.518629 0.000000 76.116562 -0.518629 0.854999 0.000000 -33.998151 0.000000 0.000000 1.000000 0.000000
0.855941 0.517073 0.000000 76.113168 -0.517073 0.855941 0.000000 -34.003053 0.000000 0.000000 1.000000 0.000000
0.856261 0.516544 0.000000 76.114389 -0.516544 0.856261 0.000000 -34.000946 0.000000 0.000000 1.000000 0.000000
0.856717 0.515786 0.000000 76.113366 -0.515786 0.856717 0.000000 -34.003320 0.000000 0.000000 1.000000 0.000000
0.857228 0.514937 0.000000 76.110218 -0.514937 0.857228 0.000000 -34.002439 0.000000 0.000000 1.000000 0.000000
0.857445 0.514575 0.000000 76.109510 -0.514575 0.857445 0.000000 -34.006076 0.000000 0.000000 1.000000 0.000000
0.857554 0.514394 0.000000 76.109676 -0.514394 0.857554 0.000000 -34.009306 0.000000 0.000000 1.000000 0.000000
