0.999988 0.004881 0.000000 0.545458 -0.004881 0.999988 0.000000 -0.005411 0.000000 0.000000 1.000000 0.000000
0.999934 0.011375 0.000000 1.130859 -0.011377 0.999934 0.000000 -0.015240 0.000000 0.000000 1.000000 0.000000
0.999846 0.017381 0.000000 1.670226 -0.017383 0.999848 0.000000 -0.026376 0.000000 0.000000 1.000000 0.000000
0.999671 0.025490 0.000000 2.409730 -0.025494 0.999674 0.000000 -0.047811 0.000000 0.000000 1.000000 0.000000
0.999501 0.031464 0.000000 3.004871 -0.031473 0.999501 0.000000 -0.067254 0.000000 0.000000 1.000000 0.000000
0.999270 0.038054 0.000000 3.592311 -0.038069 0.999266 0.000000 -0.092478 0.000000 0.000000 1.000000 0.000000
0.998975 0.045091 0.000000 4.163315 -0.045105 0.998976 0.000000 -0.120967 0.000000 0.000000 1.000000 0.000000
0.998235 0.058922 0.000000 5.327615 -0.058940 0.998259 0.000000 -0.187898 0.000000 0.000000 1.000000 0.000000
0.997746 0.066679 0.000000 5.871497 -0.066705 0.997767 0.000000 -0.226240 0.000000 0.000000 1.000000 0.000000
0.997181 0.074675 0.000000 6.446960 -0.074693 0.997204 0.000000 -0.271927 0.000000 0.000000 1.000000 0.000000
0.996510 0.083041 0.000000 6.979478 -0.083057 0.996544 0.000000 -0.318490 0.000000 0.000000 1.000000 0.000000
0.995806 0.090974 0.000000 7.540047 -0.091004 0.995847 0.000000 -0.371985 0.000000 0.000000 1.000000 0.000000
0.995136 0.097864 0.000000 8.068585 -0.097922 0.995183 0.000000 -0.425551 0.000000 0.000000 1.000000 0.000000
0.994471 0.104182 0.000000 8.645044 -0.104280 0.994523 0.000000 -0.486596 0.000000 0.000000 1.000000 0.000000
0.993718 0.111138 0.000000 9.178082 -0.111241 0.993766 0.000000 -0.547128 0.000000 0.000000 1.000000 0.000000
0.992724 0.119889 0.000000 9.926465 -0.119970 0.992754 0.000000 -0.634745 0.000000 0.000000 1.000000 0.000000
0.991868 0.126877 0.000000 10.511406 -0.126953 0.991881 0.000000 -0.707788 0.000000 0.000000 1.000000 0.000000
0.990838 0.134669 0.000000 11.067665 -0.134753 0.990846 0.000000 -0.783024 0.000000 0.000000 1.000000 0.000000
0.989855 0.141597 0.000000 11.628914 -0.141700 0.989874 0.000000 -0.864043 0.000000 0.000000 1.000000 0.000000
0.988944 0.147673 0.000000 12.197174 -0.147799 0.988978 0.000000 -0.949175 0.000000 0.000000 1.000000 0.000000
0.987923 0.154242 0.000000 12.726063 -0.154388 0.987966 0.000000 -1.031052 0.000000 0.000000 1.000000 0.000000
0.986739 0.161564 0.000000 13.268057 -0.161727 0.986787 0.000000 -1.118921 0.000000 0.000000 1.000000 0.000000
0.985398 0.169565 0.000000 13.840853 -0.169721 0.985447 0.000000 -1.219167 0.000000 0.000000 1.000000 0.000000
0.984081 0.177043 0.000000 14.382385 -0.177196 0.984134 0.000000 -1.318282 0.000000 0.000000 1.000000 0.000000
0.982671 0.184584 0.000000 14.966514 -0.184764 0.982734 0.000000 -1.429401 0.000000 0.000000 1.000000 0.000000
0.980702 0.194703 0.000000 15.733821 -0.194897 0.980773 0.000000 -1.583220 0.000000 0.000000 1.000000 0.000000
0.979230 0.201848 0.000000 16.302303 -0.202064 0.979320 0.000000 -1.700776 0.000000 0.000000 1.000000 0.000000
0.977480 0.210015 0.000000 16.902336 -0.210264 0.977586 0.000000 -1.830821 0.000000 0.000000 1.000000 0.000000
0.975706 0.218101 0.000000 17.450206 -0.218361 0.975803 0.000000 -1.956579 0.000000 0.000000 1.000000 0.000000
0.974252 0.224449 0.000000 17.990688 -0.224725 0.974354 0.000000 -2.082297 0.000000 0.000000 1.000000 0.000000
0.972574 0.231506 0.000000 18.496997 -0.231809 0.972688 0.000000 -2.201177 0.000000 0.000000 1.000000 0.000000
0.970670 0.239214 0.000000 19.068740 -0.239558 0.970800 0.000000 -2.341976 0.000000 0.000000 1.000000 0.000000
0.968877 0.246311 0.000000 19.577808 -0.246661 0.969024 0.000000 -2.471990 0.000000 0.000000 1.000000 0.000000
0.967064 0.253319 0.000000 20.106931 -0.253668 0.967216 0.000000 -2.611619 0.000000 0.000000 1.000000 0.000000
0.963286 0.267363 0.000000 21.149790 -0.267723 0.963410 0.000000 -2.896695 0.000000 0.000000 1.000000 0.000000
0.961636 0.273347 0.000000 21.637400 -0.273674 0.961744 0.000000 -3.036938 0.000000 0.000000 1.000000 0.000000
0.959737 0.280012 0.000000 22.155422 -0.280303 0.959847 0.000000 -3.189857 0.000000 0.000000 1.000000 0.000000
0.957046 0.289126 0.000000 22.810754 -0.289399 0.957148 0.000000 -3.389565 0.000000 0.000000 1.000000 0.000000
0.955234 0.294994 0.000000 23.288584 -0.295275 0.955356 0.000000 -3.538030 0.000000 0.000000 1.000000 0.000000
0.953420 0.300595 0.000000 23.759730 -0.300907 0.953605 0.000000 -3.687939 0.000000 0.000000 1.000000 0.000000
0.951332 0.307001 0.000000 24.257275 -0.307339 0.951552 0.000000 -3.850637 0.000000 0.000000 1.000000 0.000000
0.949567 0.312439 0.000000 24.721814 -0.312786 0.949771 0.000000 -4.004338 0.000000 0.000000 1.000000 0.000000
0.947216 0.319516 0.000000 25.391126 -0.319857 0.947414 0.000000 -4.228849 0.000000 0.000000 1.000000 0.000000
0.945331 0.325172 0.000000 25.904741 -0.325493 0.945490 0.000000 -4.406908 0.000000 0.000000 1.000000 0.000000
0.943266 0.331166 0.000000 26.433905 -0.331498 0.943387 0.000000 -4.595877 0.000000 0.000000 1.000000 0.000000
0.941326 0.336667 0.000000 26.926495 -0.336998 0.941434 0.000000 -4.774891 0.000000 0.000000 1.000000 0.000000
0.939328 0.342189 0.000000 27.432894 -0.342511 0.939450 0.000000 -4.962635 0.000000 0.000000 1.000000 0.000000
0.936958 0.348550 0.000000 27.936506 -0.348859 0.937130 0.000000 -5.151995 0.000000 0.000000 1.000000 0.000000
0.934442 0.355291 0.000000 28.397459 -0.355532 0.934643 0.000000 -5.328863 0.000000 0.000000 1.000000 0.000000
0.931924 0.361794 0.000000 28.890371 -0.362031 0.932150 0.000000 -5.519780 0.000000 0.000000 1.000000 0.000000
0.929234 0.368537 0.000000 29.353551 -0.368801 0.929491 0.000000 -5.703989 0.000000 0.000000 1.000000 0.000000
0.926453 0.375438 0.000000 29.842229 -0.375690 0.926733 0.000000 -5.903786 0.000000 0.000000 1.000000 0.000000
0.923801 0.381909 0.000000 30.310253 -0.382150 0.924091 0.000000 -6.099204 0.000000 0.000000 1.000000 0.000000
0.920975 0.388698 0.000000 30.814031 -0.388900 0.921276 0.000000 -6.310981 0.000000 0.000000 1.000000 0.000000
0.918155 0.395300 0.000000 31.293799 -0.395516 0.918454 0.000000 -6.516915 0.000000 0.000000 1.000000 0.000000
0.915068 0.402349 0.000000 31.781905 -0.402597 0.915369 0.000000 -6.733928 0.000000 0.000000 1.000000 0.000000
0.912891 0.407211 0.000000 32.233608 -0.407475 0.913208 0.000000 -6.935502 0.000000 0.000000 1.000000 0.000000
0.909326 0.415068 0.000000 32.913701 -0.415381 0.909632 0.000000 -7.246360 0.000000 0.000000 1.000000 0.000000
0.905781 0.422750 0.000000 33.618750 -0.423059 0.906087 0.000000 -7.570927 0.000000 0.000000 1.000000 0.000000
0.903088 0.428527 0.000000 34.104159 -0.428830 0.903369 0.000000 -7.800105 0.000000 0.000000 1.000000 0.000000
0.898427 0.438426 0.000000 34.934359 -0.438694 0.898614 0.000000 -8.205665 0.000000 0.000000 1.000000 0.000000
0.895746 0.443850 0.000000 35.402043 -0.444114 0.895952 0.000000 -8.439290 0.000000 0.000000 1.000000 0.000000
0.893091 0.449123 0.000000 35.860223 -0.449389 0.893321 0.000000 -8.673515 0.000000 0.000000 1.000000 0.000000
0.890286 0.454656 0.000000 36.327228 -0.454914 0.890523 0.000000 -8.913204 0.000000 0.000000 1.000000 0.000000
0.887413 0.460224 0.000000 36.793030 -0.460486 0.887655 0.000000 -9.157681 0.000000 0.000000 1.000000 0.000000
0.884277 0.466195 0.000000 37.280658 -0.466466 0.884527 0.000000 -9.417669 0.000000 0.000000 1.000000 0.000000
0.881739 0.471010 0.000000 37.711135 -0.471272 0.881977 0.000000 -9.650463 0.000000 0.000000 1.000000 0.000000
0.879274 0.475592 0.000000 38.151556 -0.475853 0.879514 0.000000 -9.889848 0.000000 0.000000 1.000000 0.000000
0.876427 0.480772 0.000000 38.597764 -0.481042 0.876688 0.000000 -10.135017 0.000000 0.000000 1.000000 0.000000
0.873813 0.485482 0.000000 39.036299 -0.485752 0.874089 0.000000 -10.380822 0.000000 0.000000 1.000000 0.000000
0.871399 0.489793 0.000000 39.461543 -0.490075 0.871670 0.000000 -10.621088 0.000000 0.000000 1.000000 0.000000
0.868706 0.494517 0.000000 39.891984 -0.494800 0.869000 0.000000 -10.868544 0.000000 0.000000 1.000000 0.000000
0.866315 0.498632 0.000000 40.288682 -0.498943 0.866626 0.000000 -11.098629 0.000000 0.000000 1.000000 0.000000
0.864080 0.502521 0.000000 40.703002 -0.502820 0.864383 0.000000 -11.340358 0.000000 0.000000 1.000000 0.000000
0.861675 0.506691 0.000000 41.083664 -0.506978 0.861951 0.000000 -11.566404 0.000000 0.000000 1.000000 0.000000
0.859080 0.511014 0.000000 41.502242 -0.511331 0.859373 0.000000 -11.817577 0.000000 0.000000 1.000000 0.000000
0.856545 0.515159 0.000000 41.890401 -0.515501 0.856880 0.000000 -12.054814 0.000000 0.000000 1.000000 0.000000
0.853853 0.519546 0.000000 42.274054 -0.519888 0.854229 0.000000 -12.290173 0.000000 0.000000 1.000000 0.000000
0.851398 0.523558 0.000000 42.648391 -0.523893 0.851780 0.000000 -12.522508 0.000000 0.000000 1.000000 0.000000
0.848576 0.528147 0.000000 43.024210 -0.528456 0.848958 0.000000 -12.758899 0.000000 0.000000 1.000000 0.000000
0.845852 0.532533 0.000000 43.395523 -0.532832 0.846219 0.000000 -12.993411 0.000000 0.000000 1.000000 0.000000
0.843057 0.536994 0.000000 43.757265 -0.537291 0.843394 0.000000 -13.223604 0.000000 0.000000 1.000000 0.000000
0.839976 0.541817 0.000000 44.141404 -0.542124 0.840294 0.000000 -13.473645 0.000000 0.000000 1.000000 0.000000
0.835566 0.548605 0.000000 44.673449 -0.548965 0.835828 0.000000 -13.826198 0.000000 0.000000 1.000000 0.000000
0.832219 0.553635 0.000000 45.053013 -0.554018 0.832485 0.000000 -14.082134 0.000000 0.000000 1.000000 0.000000
0.829015 0.558369 0.000000 45.398599 -0.558764 0.829310 0.000000 -14.318089 0.000000 0.000000 1.000000 0.000000
0.826400 0.562146 0.000000 45.743646 -0.562554 0.826749 0.000000 -14.552165 0.000000 0.000000 1.000000 0.000000
0.823158 0.566863 0.000000 46.084073 -0.567269 0.823523 0.000000 -14.789077 0.000000 0.000000 1.000000 0.000000
0.820259 0.571058 0.000000 46.421570 -0.571478 0.820605 0.000000 -15.024767 0.000000 0.000000 1.000000 0.000000
0.817659 0.574741 0.000000 46.766646 -0.575170 0.818023 0.000000 -15.267649 0.000000 0.000000 1.000000 0.000000
0.814440 0.579280 0.000000 47.096271 -0.579718 0.814806 0.000000 -15.503826 0.000000 0.000000 1.000000 0.000000
0.811083 0.583972 0.000000 47.414369 -0.584432 0.811426 0.000000 -15.734670 0.000000 0.000000 1.000000 0.000000
0.808327 0.587814 0.000000 47.729190 -0.588306 0.808607 0.000000 -15.966396 0.000000 0.000000 1.000000 0.000000
0.805573 0.591519 0.000000 48.028186 -0.592051 0.805865 0.000000 -16.189145 0.000000 0.000000 1.000000 0.000000
0.799995 0.598931 0.000000 48.616414 -0.599523 0.800320 0.000000 -16.635862 0.000000 0.000000 1.000000 0.000000
0.797605 0.602061 0.000000 48.894487 -0.602674 0.797951 0.000000 -16.847906 0.000000 0.000000 1.000000 0.000000
0.795404 0.604913 0.000000 49.161537 -0.605530 0.795793 0.000000 -17.052777 0.000000 0.000000 1.000000 0.000000
0.793096 0.607879 0.000000 49.426644 -0.608513 0.793519 0.000000 -17.257234 0.000000 0.000000 1.000000 0.000000
0.790798 0.610835 0.000000 49.704419 -0.611495 0.791219 0.000000 -17.475700 0.000000 0.000000 1.000000 0.000000
0.788861 0.613285 0.000000 49.963873 -0.613985 0.789284 0.000000 -17.679124 0.000000 0.000000 1.000000 0.000000
0.786712 0.616042 0.000000 50.235158 -0.616759 0.787111 0.000000 -17.893496 0.000000 0.000000 1.000000 0.000000
0.784326 0.619051 0.000000 50.485855 -0.619791 0.784722 0.000000 -18.094459 0.000000 0.000000 1.000000 0.000000
0.781796 0.622186 0.000000 50.738765 -0.622955 0.782213 0.000000 -18.298990 0.000000 0.000000 1.000000 0.000000
0.779835 0.624599 0.000000 50.962044 -0.625405 0.780250 0.000000 -18.479466 0.000000 0.000000 1.000000 0.000000
0.777338 0.627681 0.000000 51.194917 -0.628500 0.777759 0.000000 -18.668636 0.000000 0.000000 1.000000 0.000000
0.774910 0.630680 0.000000 51.440891 -0.631507 0.775315 0.000000 -18.870144 0.000000 0.000000 1.000000 0.000000
0.771586 0.634710 0.000000 51.786288 -0.635553 0.772003 0.000000 -19.154086 0.000000 0.000000 1.000000 0.000000
0.769116 0.637658 0.000000 52.030673 -0.638528 0.769543 0.000000 -19.358766 0.000000 0.000000 1.000000 0.000000
0.766800 0.640437 0.000000 52.258902 -0.641299 0.767240 0.000000 -19.550827 0.000000 0.000000 1.000000 0.000000
0.764043 0.643731 0.000000 52.488068 -0.644588 0.764481 0.000000 -19.746981 0.000000 0.000000 1.000000 0.000000
0.761569 0.646670 0.000000 52.712499 -0.647520 0.762000 0.000000 -19.939905 0.000000 0.000000 1.000000 0.000000
0.759339 0.649299 0.000000 52.919741 -0.650134 0.759775 0.000000 -20.119515 0.000000 0.000000 1.000000 0.000000
0.757089 0.651914 0.000000 53.109845 -0.652735 0.757549 0.000000 -20.286956 0.000000 0.000000 1.000000 0.000000
0.754989 0.654331 0.000000 53.302135 -0.655173 0.755436 0.000000 -20.456764 0.000000 0.000000 1.000000 0.000000
0.753041 0.656564 0.000000 53.487205 -0.657409 0.753492 0.000000 -20.619793 0.000000 0.000000 1.000000 0.000000
0.750828 0.659136 0.000000 53.667745 -0.659928 0.751299 0.000000 -20.781000 0.000000 0.000000 1.000000 0.000000
0.746452 0.664111 0.000000 54.033639 -0.664876 0.746929 0.000000 -21.108991 0.000000 0.000000 1.000000 0.000000
0.744521 0.666280 0.000000 54.201738 -0.667043 0.744995 0.000000 -21.260715 0.000000 0.000000 1.000000 0.000000
0.742740 0.668310 0.000000 54.361293 -0.669058 0.743184 0.000000 -21.406299 0.000000 0.000000 1.000000 0.000000
0.740897 0.670337 0.000000 54.521730 -0.671117 0.741316 0.000000 -21.553572 0.000000 0.000000 1.000000 0.000000
0.739353 0.671997 0.000000 54.671537 -0.672801 0.739789 0.000000 -21.691457 0.000000 0.000000 1.000000 0.000000
0.737442 0.674042 0.000000 54.821185 -0.674864 0.737912 0.000000 -21.830993 0.000000 0.000000 1.000000 0.000000
0.735550 0.676088 0.000000 54.976655 -0.676908 0.736040 0.000000 -21.976858 0.000000 0.000000 1.000000 0.000000
0.733773 0.678026 0.000000 55.115999 -0.678835 0.734266 0.000000 -22.108132 0.000000 0.000000 1.000000 0.000000
0.732217 0.679741 0.000000 55.266360 -0.680519 0.732710 0.000000 -22.248495 0.000000 0.000000 1.000000 0.000000
0.728756 0.683666 0.000000 55.527641 -0.684282 0.729209 0.000000 -22.496979 0.000000 0.000000 1.000000 0.000000
0.726938 0.685675 0.000000 55.659583 -0.686240 0.727369 0.000000 -22.624441 0.000000 0.000000 1.000000 0.000000
0.725452 0.687296 0.000000 55.793173 -0.687827 0.725870 0.000000 -22.752391 0.000000 0.000000 1.000000 0.000000
0.722264 0.690594 0.000000 56.005250 -0.691135 0.722723 0.000000 -22.959075 0.000000 0.000000 1.000000 0.000000
0.720057 0.692830 0.000000 56.144370 -0.693387 0.720564 0.000000 -23.094686 0.000000 0.000000 1.000000 0.000000
0.718042 0.694853 0.000000 56.280661 -0.695446 0.718577 0.000000 -23.226936 0.000000 0.000000 1.000000 0.000000
0.715413 0.697506 0.000000 56.423872 -0.698158 0.715940 0.000000 -23.367955 0.000000 0.000000 1.000000 0.000000
0.713124 0.699873 0.000000 56.563216 -0.700514 0.713634 0.000000 -23.506833 0.000000 0.000000 1.000000 0.000000
0.710628 0.702454 0.000000 56.700851 -0.703045 0.711144 0.000000 -23.644734 0.000000 0.000000 1.000000 0.000000
0.708018 0.705066 0.000000 56.844215 -0.705648 0.708562 0.000000 -23.789189 0.000000 0.000000 1.000000 0.000000
0.701438 0.711730 0.000000 57.153190 -0.712162 0.702010 0.000000 -24.106546 0.000000 0.000000 1.000000 0.000000
0.698282 0.714829 0.000000 57.301581 -0.715211 0.698894 0.000000 -24.260501 0.000000 0.000000 1.000000 0.000000
0.695117 0.717862 0.000000 57.442652 -0.718214 0.695795 0.000000 -24.409818 0.000000 0.000000 1.000000 0.000000
0.691918 0.720943 0.000000 57.584998 -0.721264 0.692621 0.000000 -24.561783 0.000000 0.000000 1.000000 0.000000
0.688574 0.724178 0.000000 57.728475 -0.724494 0.689245 0.000000 -24.715474 0.000000 0.000000 1.000000 0.000000
0.685570 0.727050 0.000000 57.871229 -0.727386 0.686201 0.000000 -24.868997 0.000000 0.000000 1.000000 0.000000
0.682289 0.730100 0.000000 58.010697 -0.730479 0.682915 0.000000 -25.020886 0.000000 0.000000 1.000000 0.000000
0.678690 0.733415 0.000000 58.158821 -0.733826 0.679320 0.000000 -25.183722 0.000000 0.000000 1.000000 0.000000
0.675371 0.736462 0.000000 58.303178 -0.736874 0.676011 0.000000 -25.342276 0.000000 0.000000 1.000000 0.000000
0.671521 0.739995 0.000000 58.453130 -0.740380 0.672165 0.000000 -25.510238 0.000000 0.000000 1.000000 0.000000
0.667860 0.743267 0.000000 58.609646 -0.743733 0.668467 0.000000 -25.686556 0.000000 0.000000 1.000000 0.000000
0.664804 0.746010 0.000000 58.746450 -0.746524 0.665356 0.000000 -25.842293 0.000000 0.000000 1.000000 0.000000
0.661161 0.749328 0.000000 58.904841 -0.749796 0.661667 0.000000 -26.023623 0.000000 0.000000 1.000000 0.000000
0.657545 0.752465 0.000000 59.056001 -0.753012 0.658007 0.000000 -26.198832 0.000000 0.000000 1.000000 0.000000
0.653568 0.755891 0.000000 59.218794 -0.756482 0.654013 0.000000 -26.390526 0.000000 0.000000 1.000000 0.000000
0.650145 0.758836 0.000000 59.378107 -0.759363 0.650666 0.000000 -26.578523 0.000000 0.000000 1.000000 0.000000
0.644945 0.763146 0.000000 59.619885 -0.763616 0.645646 0.000000 -26.867406 0.000000 0.000000 1.000000 0.000000
0.641421 0.766121 0.000000 59.785585 -0.766491 0.642195 0.000000 -27.067982 0.000000 0.000000 1.000000 0.000000
0.637879 0.769041 0.000000 59.963163 -0.769404 0.638691 0.000000 -27.283823 0.000000 0.000000 1.000000 0.000000
0.634987 0.771441 0.000000 60.129532 -0.771828 0.635771 0.000000 -27.486596 0.000000 0.000000 1.000000 0.000000
0.628783 0.776258 0.000000 60.480368 -0.776911 0.629592 0.000000 -27.919122 0.000000 0.000000 1.000000 0.000000
0.625775 0.778556 0.000000 60.650090 -0.779296 0.626640 0.000000 -28.129705 0.000000 0.000000 1.000000 0.000000
0.622924 0.780743 0.000000 60.816668 -0.781570 0.623807 0.000000 -28.338317 0.000000 0.000000 1.000000 0.000000
0.619404 0.783592 0.000000 60.994057 -0.784422 0.620222 0.000000 -28.565385 0.000000 0.000000 1.000000 0.000000
0.615389 0.786930 0.000000 61.225711 -0.787678 0.616084 0.000000 -28.861420 0.000000 0.000000 1.000000 0.000000
0.612829 0.789066 0.000000 61.389349 -0.789710 0.613474 0.000000 -29.072641 0.000000 0.000000 1.000000 0.000000
0.609492 0.791653 0.000000 61.549997 -0.792289 0.610139 0.000000 -29.282152 0.000000 0.000000 1.000000 0.000000
0.606773 0.793711 0.000000 61.708721 -0.794364 0.607435 0.000000 -29.489937 0.000000 0.000000 1.000000 0.000000
0.603530 0.796146 0.000000 61.853548 -0.796827 0.604201 0.000000 -29.684126 0.000000 0.000000 1.000000 0.000000
0.600757 0.798184 0.000000 62.007602 -0.798920 0.601434 0.000000 -29.890426 0.000000 0.000000 1.000000 0.000000
0.597987 0.800216 0.000000 62.173177 -0.800994 0.598670 0.000000 -30.114752 0.000000 0.000000 1.000000 0.000000
0.596173 0.801567 0.000000 62.324814 -0.802331 0.596875 0.000000 -30.320507 0.000000 0.000000 1.000000 0.000000
0.594190 0.803056 0.000000 62.470305 -0.803786 0.594910 0.000000 -30.518808 0.000000 0.000000 1.000000 0.000000
0.592218 0.804539 0.000000 62.626998 -0.805249 0.592927 0.000000 -30.732092 0.000000 0.000000 1.000000 0.000000
0.589947 0.806250 0.000000 62.772380 -0.806939 0.590626 0.000000 -30.933191 0.000000 0.000000 1.000000 0.000000
0.587404 0.808099 0.000000 62.971802 -0.808792 0.588085 0.000000 -31.210767 0.000000 0.000000 1.000000 0.000000
0.585946 0.809116 0.000000 63.133441 -0.809829 0.586656 0.000000 -31.437551 0.000000 0.000000 1.000000 0.000000
0.584807 0.809899 0.000000 63.285220 -0.810606 0.585574 0.000000 -31.650572 0.000000 0.000000 1.000000 0.000000
0.583735 0.810640 0.000000 63.432908 -0.811329 0.584561 0.000000 -31.858186 0.000000 0.000000 1.000000 0.000000
0.583098 0.811075 0.000000 63.578836 -0.811745 0.583971 0.000000 -32.063677 0.000000 0.000000 1.000000 0.000000
0.583190 0.811020 0.000000 63.725521 -0.811667 0.584074 0.000000 -32.268625 0.000000 0.000000 1.000000 0.000000
0.583318 0.810960 0.000000 63.874701 -0.811600 0.584172 0.000000 -32.476464 0.000000 0.000000 1.000000 0.000000
0.583370 0.810971 0.000000 64.014560 -0.811603 0.584175 0.000000 -32.672417 0.000000 0.000000 1.000000 0.000000
0.583244 0.811090 0.000000 64.153620 -0.811729 0.584007 0.000000 -32.870285 0.000000 0.000000 1.000000 0.000000
0.583570 0.810892 0.000000 64.279044 -0.811522 0.584299 0.000000 -33.047593 0.000000 0.000000 1.000000 0.000000
0.584090 0.810599 0.000000 64.534539 -0.811169 0.584786 0.000000 -33.411352 0.000000 0.000000 1.000000 0.000000
0.584132 0.810588 0.000000 64.671620 -0.811136 0.584828 0.000000 -33.605090 0.000000 0.000000 1.000000 0.000000
0.584874 0.810056 0.000000 64.804179 -0.810594 0.585577 0.000000 -33.791918 0.000000 0.000000 1.000000 0.000000
0.584915 0.810025 0.000000 64.924522 -0.810569 0.585613 0.000000 -33.961753 0.000000 0.000000 1.000000 0.000000
0.585041 0.809911 0.000000 65.054131 -0.810478 0.585742 0.000000 -34.144243 0.000000 0.000000 1.000000 0.000000
0.585416 0.809581 0.000000 65.177505 -0.810187 0.586146 0.000000 -34.317589 0.000000 0.000000 1.000000 0.000000
0.586031 0.809052 0.000000 65.311251 -0.809712 0.586804 0.000000 -34.505374 0.000000 0.000000 1.000000 0.000000
0.587649 0.807872 0.000000 65.524004 -0.808496 0.588466 0.000000 -34.804243 0.000000 0.000000 1.000000 0.000000
0.588773 0.807052 0.000000 65.647088 -0.807639 0.589628 0.000000 -34.975749 0.000000 0.000000 1.000000 0.000000
0.589949 0.806208 0.000000 65.767700 -0.806744 0.590834 0.000000 -35.144307 0.000000 0.000000 1.000000 0.000000
0.591754 0.804968 0.000000 65.886047 -0.805434 0.592608 0.000000 -35.308152 0.000000 0.000000 1.000000 0.000000
0.593867 0.803486 0.000000 66.002452 -0.803930 0.594657 0.000000 -35.468411 0.000000 0.000000 1.000000 0.000000
0.595660 0.802157 0.000000 66.121329 -0.802640 0.596415 0.000000 -35.631618 0.000000 0.000000 1.000000 0.000000
0.600917 0.798176 0.000000 66.369856 -0.798717 0.601672 0.000000 -35.971514 0.000000 0.000000 1.000000 0.000000
0.603421 0.796268 0.000000 66.475501 -0.796848 0.604155 0.000000 -36.114462 0.000000 0.000000 1.000000 0.000000
0.606315 0.794139 0.000000 66.583258 -0.794699 0.606986 0.000000 -36.258686 0.000000 0.000000 1.000000 0.000000
0.612109 0.789765 0.000000 66.774211 -0.790299 0.612711 0.000000 -36.509656 0.000000 0.000000 1.000000 0.000000
0.620797 0.783061 0.000000 67.022996 -0.783490 0.621384 0.000000 -36.830552 0.000000 0.000000 1.000000 0.000000
0.626603 0.778439 0.000000 67.173979 -0.778873 0.627166 0.000000 -37.020762 0.000000 0.000000 1.000000 0.000000
0.630764 0.775077 0.000000 67.272268 -0.775518 0.631314 0.000000 -37.144577 0.000000 0.000000 1.000000 0.000000
0.639142 0.768195 0.000000 67.459875 -0.768595 0.639717 0.000000 -37.375045 0.000000 0.000000 1.000000 0.000000
0.643306 0.764717 0.000000 67.549549 -0.765084 0.643903 0.000000 -37.482111 0.000000 0.000000 1.000000 0.000000
0.647495 0.761196 0.000000 67.636798 -0.761529 0.648097 0.000000 -37.586117 0.000000 0.000000 1.000000 0.000000
0.651762 0.757585 0.000000 67.727505 -0.757884 0.652351 0.000000 -37.693879 0.000000 0.000000 1.000000 0.000000
0.657035 0.753066 0.000000 67.857434 -0.753343 0.657592 0.000000 -37.847080 0.000000 0.000000 1.000000 0.000000
0.663283 0.747612 0.000000 68.006717 -0.747882 0.663803 0.000000 -38.020449 0.000000 0.000000 1.000000 0.000000
0.666995 0.744330 0.000000 68.084692 -0.744578 0.667504 0.000000 -38.109284 0.000000 0.000000 1.000000 0.000000
0.670514 0.741190 0.000000 68.163818 -0.741419 0.671010 0.000000 -38.198531 0.000000 0.000000 1.000000 0.000000
0.673832 0.738200 0.000000 68.242789 -0.738413 0.674316 0.000000 -38.287516 0.000000 0.000000 1.000000 0.000000
0.677492 0.734880 0.000000 68.325157 -0.735074 0.677954 0.000000 -38.379768 0.000000 0.000000 1.000000 0.000000
0.680969 0.731701 0.000000 68.400047 -0.731881 0.681402 0.000000 -38.462688 0.000000 0.000000 1.000000 0.000000
0.686592 0.726484 0.000000 68.541884 -0.726651 0.686981 0.000000 -38.618408 0.000000 0.000000 1.000000 0.000000
0.688601 0.724602 0.000000 68.602047 -0.724759 0.688977 0.000000 -38.684015 0.000000 0.000000 1.000000 0.000000
0.690905 0.722421 0.000000 68.656791 -0.722580 0.691265 0.000000 -38.743595 0.000000 0.000000 1.000000 0.000000
0.693207 0.720232 0.000000 68.705473 -0.720396 0.693546 0.000000 -38.796153 0.000000 0.000000 1.000000 0.000000
0.695338 0.718192 0.000000 68.753466 -0.718358 0.695660 0.000000 -38.847828 0.000000 0.000000 1.000000 0.000000
0.696820 0.716755 0.000000 68.795674 -0.716932 0.697133 0.000000 -38.893719 0.000000 0.000000 1.000000 0.000000
0.697932 0.715659 0.000000 68.833518 -0.715856 0.698241 0.000000 -38.934222 0.000000 0.000000 1.000000 0.000000
0.700159 0.713460 0.000000 68.891120 -0.713686 0.700463 0.000000 -38.995192 0.000000 0.000000 1.000000 0.000000
0.701611 0.712019 0.000000 68.922382 -0.712253 0.701920 0.000000 -39.028653 0.000000 0.000000 1.000000 0.000000
0.702930 0.710718 0.000000 68.953761 -0.710949 0.703241 0.000000 -39.061832 0.000000 0.000000 1.000000 0.000000
0.703974 0.709695 0.000000 68.980791 -0.709917 0.704282 0.000000 -39.090223 0.000000 0.000000 1.000000 0.000000
0.705056 0.708624 0.000000 69.007441 -0.708842 0.705364 0.000000 -39.118258 0.000000 0.000000 1.000000 0.000000
0.706016 0.707658 0.000000 69.026927 -0.707877 0.706331 0.000000 -39.138744 0.000000 0.000000 1.000000 0.000000
0.707026 0.706645 0.000000 69.045094 -0.706865 0.707344 0.000000 -39.157953 0.000000 0.000000 1.000000 0.000000
0.707786 0.705884 0.000000 69.061787 -0.706105 0.708103 0.000000 -39.175623 0.000000 0.000000 1.000000 0.000000
0.708210 0.705457 0.000000 69.079658 -0.705677 0.708529 0.000000 -39.194907 0.000000 0.000000 1.000000 0.000000
0.708447 0.705219 0.000000 69.087038 -0.705437 0.708768 0.000000 -39.203206 0.000000 0.000000 1.000000 0.000000
0.709013 0.704649 0.000000 69.101869 -0.704863 0.709338 0.000000 -39.219636 0.000000 0.000000 1.000000 0.000000
0.709038 0.704621 0.000000 69.107598 -0.704830 0.709369 0.000000 -39.226190 0.000000 0.000000 1.000000 0.000000
0.708819 0.704828 0.000000 69.109751 -0.705038 0.709162 0.000000 -39.229269 0.000000 0.000000 1.000000 0.000000
0.708717 0.704904 0.000000 69.109136 -0.705114 0.709084 0.000000 -39.229475 0.000000 0.000000 1.000000 0.000000
0.708864 0.704724 0.000000 69.107629 -0.704928 0.709264 0.000000 -39.228649 0.000000 0.000000 1.000000 0.000000
0.709101 0.704468 0.000000 69.105339 -0.704656 0.709527 0.000000 -39.227165 0.000000 0.000000 1.000000 0.000000
0.709159 0.704408 0.000000 69.103049 -0.704587 0.709592 0.000000 -39.225682 0.000000 0.000000 1.000000 0.000000
0.709103 0.704471 0.000000 69.101139 -0.704651 0.709530 0.000000 -39.224555 0.000000 0.000000 1.000000 0.000000
0.709172 0.704409 0.000000 69.099431 -0.704592 0.709591 0.000000 -39.223579 0.000000 0.000000 1.000000 0.000000
0.709374 0.704200 0.000000 69.098102 -0.704393 0.709791 0.000000 -39.222959 0.000000 0.000000 1.000000 0.000000
0.709464 0.704096 0.000000 69.096976 -0.704305 0.709881 0.000000 -39.222489 0.000000 0.000000 1.000000 0.000000
0.709534 0.704019 0.000000 69.096028 -0.704237 0.709950 0.000000 -39.222226 0.000000 0.000000 1.000000 0.000000
0.709633 0.703913 0.000000 69.095282 -0.704134 0.710052 0.000000 -39.222114 0.000000 0.000000 1.000000 0.000000
0.709716 0.703820 0.000000 69.094216 -0.704041 0.710144 0.000000 -39.222132 0.000000 0.000000 1.000000 0.000000
0.709782 0.703774 0.000000 69.093648 -0.703976 0.710205 0.000000 -39.222226 0.000000 0.000000 1.000000 0.000000
0.709853 0.703714 0.000000 69.093305 -0.703904 0.710274 0.000000 -39.222414 0.000000 0.000000 1.000000 0.000000
0.709866 0.703703 0.000000 69.092737 -0.703888 0.710289 0.000000 -39.222508 0.000000 0.000000 1.000000 0.000000
0.709903 0.703662 0.000000 69.092371 -0.703849 0.710328 0.000000 -39.222752 0.000000 0.000000 1.000000 0.000000
0.709965 0.703591 0.000000 69.092028 -0.703787 0.710391 0.000000 -39.222939 0.000000 0.000000 1.000000 0.000000
0.710015 0.703536 0.000000 69.091685 -0.703737 0.710441 0.000000 -39.223127 0.000000 0.000000 1.000000 0.000000
0.710056 0.703496 0.000000 69.091544 -0.703695 0.710483 0.000000 -39.223465 0.000000 0.000000 1.000000 0.000000
0.710085 0.703471 0.000000 69.091201 -0.703665 0.710512 0.000000 -39.223653 0.000000 0.000000 1.000000 0.000000
0.710139 0.703423 0.000000 69.090563 -0.703609 0.710565 0.000000 -39.223915 0.000000 0.000000 1.000000 0.000000
0.710146 0.703413 0.000000 69.090469 -0.703601 0.710574 0.000000 -39.224141 0.000000 0.000000 1.000000 0.000000
0.710155 0.703398 0.000000 69.090126 -0.703591 0.710584 0.000000 -39.224328 0.000000 0.000000 1.000000 0.000000
0.710214 0.703336 0.000000 69.089783 -0.703533 0.710643 0.000000 -39.224516 0.000000 0.000000 1.000000 0.000000
0.710255 0.703298 0.000000 69.089689 -0.703492 0.710683 0.000000 -39.224741 0.000000 0.000000 1.000000 0.000000
0.710228 0.703327 0.000000 69.089370 -0.703519 0.710656 0.000000 -39.224873 0.000000 0.000000 1.000000 0.000000
0.710216 0.703344 0.000000 69.089252 -0.703531 0.710643 0.000000 -39.225154 0.000000 0.000000 1.000000 0.000000
0.710257 0.703305 0.000000 69.088933 -0.703489 0.710683 0.000000 -39.225286 0.000000 0.000000 1.000000 0.000000
0.710272 0.703288 0.000000 69.088614 -0.703476 0.710697 0.000000 -39.225417 0.000000 0.000000 1.000000 0.000000
0.710282 0.703279 0.000000 69.088543 -0.703468 0.710706 0.000000 -39.225586 0.000000 0.000000 1.000000 0.000000
0.710290 0.703268 0.000000 69.088224 -0.703460 0.710714 0.000000 -39.225717 0.000000 0.000000 1.000000 0.000000
0.710296 0.703260 0.000000 69.088130 -0.703452 0.710722 0.000000 -39.225943 0.000000 0.000000 1.000000 0.000000
0.710305 0.703254 0.000000 69.088036 -0.703441 0.710732 0.000000 -39.226168 0.000000 0.000000 1.000000 0.000000
0.710312 0.703250 0.000000 69.087740 -0.703435 0.710737 0.000000 -39.226243 0.000000 0.000000 1.000000 0.000000
0.710316 0.703248 0.000000 69.087670 -0.703432 0.710740 0.000000 -39.226412 0.000000 0.000000 1.000000 0.000000
0.710295 0.703265 0.000000 69.087327 -0.703450 0.710723 0.000000 -39.226600 0.000000 0.000000 1.000000 0.000000
0.710280 0.703272 0.000000 69.087256 -0.703459 0.710713 0.000000 -39.226769 0.000000 0.000000 1.000000 0.000000
0.710297 0.703253 0.000000 69.087162 -0.703440 0.710731 0.000000 -39.226994 0.000000 0.000000 1.000000 0.000000
0.710311 0.703240 0.000000 69.086867 -0.703424 0.710746 0.000000 -39.227069 0.000000 0.000000 1.000000 0.000000
0.710389 0.703163 0.000000 69.086796 -0.703344 0.710825 0.000000 -39.227238 0.000000 0.000000 1.000000 0.000000
0.710430 0.703125 0.000000 69.086524 -0.703304 0.710865 0.000000 -39.227257 0.000000 0.000000 1.000000 0.000000
0.710509 0.703045 0.000000 69.086453 -0.703223 0.710944 0.000000 -39.227426 0.000000 0.000000 1.000000 0.000000
0.710610 0.702941 0.000000 69.086181 -0.703118 0.711047 0.000000 -39.227444 0.000000 0.000000 1.000000 0.000000
0.710807 0.702741 0.000000 69.085885 -0.702917 0.711246 0.000000 -39.227519 0.000000 0.000000 1.000000 0.000000
0.710970 0.702581 0.000000 69.085613 -0.702755 0.711406 0.000000 -39.227538 0.000000 0.000000 1.000000 0.000000
0.711046 0.702520 0.000000 69.085092 -0.702695 0.711467 0.000000 -39.227519 0.000000 0.000000 1.000000 0.000000
0.711085 0.702484 0.000000 69.084843 -0.702660 0.711503 0.000000 -39.227482 0.000000 0.000000 1.000000 0.000000
0.711157 0.702413 0.000000 69.084796 -0.702590 0.711573 0.000000 -39.227594 0.000000 0.000000 1.000000 0.000000
0.711190 0.702381 0.000000 69.084524 -0.702560 0.711603 0.000000 -39.227613 0.000000 0.000000 1.000000 0.000000
0.711051 0.702521 0.000000 69.084204 -0.702701 0.711464 0.000000 -39.227744 0.000000 0.000000 1.000000 0.000000
0.711001 0.702567 0.000000 69.084134 -0.702746 0.711419 0.000000 -39.227913 0.000000 0.000000 1.000000 0.000000
0.710984 0.702582 0.000000 69.084087 -0.702760 0.711404 0.000000 -39.228026 0.000000 0.000000 1.000000 0.000000
0.710915 0.702650 0.000000 69.083993 -0.702830 0.711336 0.000000 -39.228251 0.000000 0.000000 1.000000 0.000000
0.710804 0.702761 0.000000 69.083922 -0.702941 0.711225 0.000000 -39.228420 0.000000 0.000000 1.000000 0.000000
0.710737 0.702827 0.000000 69.083875 -0.703008 0.711160 0.000000 -39.228533 0.000000 0.000000 1.000000 0.000000
0.710731 0.702834 0.000000 69.084030 -0.703014 0.711153 0.000000 -39.228796 0.000000 0.000000 1.000000 0.000000
0.710687 0.702880 0.000000 69.083983 -0.703058 0.711110 0.000000 -39.228908 0.000000 0.000000 1.000000 0.000000
0.710599 0.702968 0.000000 69.083913 -0.703145 0.711023 0.000000 -39.229077 0.000000 0.000000 1.000000 0.000000
0.710550 0.703016 0.000000 69.083866 -0.703192 0.710976 0.000000 -39.229190 0.000000 0.000000 1.000000 0.000000
0.710529 0.703036 0.000000 69.083795 -0.703213 0.710955 0.000000 -39.229359 0.000000 0.000000 1.000000 0.000000
0.710523 0.703040 0.000000 69.083748 -0.703218 0.710950 0.000000 -39.229472 0.000000 0.000000 1.000000 0.000000
0.710524 0.703035 0.000000 69.083701 -0.703213 0.710955 0.000000 -39.229584 0.000000 0.000000 1.000000 0.000000
0.710566 0.702984 0.000000 69.083654 -0.703164 0.711003 0.000000 -39.229697 0.000000 0.000000 1.000000 0.000000
0.710589 0.702958 0.000000 69.083631 -0.703136 0.711030 0.000000 -39.229753 0.000000 0.000000 1.000000 0.000000
0.710622 0.702924 0.000000 69.083584 -0.703100 0.711064 0.000000 -39.229866 0.000000 0.000000 1.000000 0.000000
0.710658 0.702886 0.000000 69.083335 -0.703061 0.711102 0.000000 -39.229828 0.000000 0.000000 1.000000 0.000000
0.710723 0.702817 0.000000 69.083311 -0.702991 0.711171 0.000000 -39.229885 0.000000 0.000000 1.000000 0.000000
0.710965 0.702573 0.000000 69.083039 -0.702746 0.711413 0.000000 -39.229903 0.000000 0.000000 1.000000 0.000000
0.711218 0.702329 0.000000 69.082589 -0.702499 0.711657 0.000000 -39.229716 0.000000 0.000000 1.000000 0.000000
0.711319 0.702236 0.000000 69.082565 -0.702406 0.711750 0.000000 -39.229772 0.000000 0.000000 1.000000 0.000000
0.711421 0.702136 0.000000 69.082340 -0.702309 0.711848 0.000000 -39.229678 0.000000 0.000000 1.000000 0.000000
0.711520 0.702040 0.000000 69.082114 -0.702214 0.711942 0.000000 -39.229584 0.000000 0.000000 1.000000 0.000000
0.711689 0.701864 0.000000 69.082626 -0.702039 0.712114 0.000000 -39.230260 0.000000 0.000000 1.000000 0.000000
0.711903 0.701636 0.000000 69.084099 -0.701811 0.712338 0.000000 -39.231800 0.000000 0.000000 1.000000 0.000000
0.712357 0.701170 0.000000 69.084146 -0.701343 0.712797 0.000000 -39.231687 0.000000 0.000000 1.000000 0.000000
0.712792 0.700730 0.000000 69.084953 -0.700900 0.713232 0.000000 -39.232288 0.000000 0.000000 1.000000 0.000000
0.713188 0.700321 0.000000 69.086675 -0.700494 0.713632 0.000000 -39.233865 0.000000 0.000000 1.000000 0.000000
0.713715 0.699781 0.000000 69.090452 -0.699952 0.714162 0.000000 -39.237489 0.000000 0.000000 1.000000 0.000000
0.714396 0.699086 0.000000 69.096510 -0.699255 0.714844 0.000000 -39.243254 0.000000 0.000000 1.000000 0.000000
0.715192 0.698270 0.000000 69.104979 -0.698440 0.715641 0.000000 -39.251479 0.000000 0.000000 1.000000 0.000000
0.715973 0.697470 0.000000 69.116109 -0.697638 0.716422 0.000000 -39.262201 0.000000 0.000000 1.000000 0.000000
0.716675 0.696752 0.000000 69.127262 -0.696916 0.717124 0.000000 -39.272866 0.000000 0.000000 1.000000 0.000000
0.717443 0.695965 0.000000 69.139710 -0.696130 0.717888 0.000000 -39.284865 0.000000 0.000000 1.000000 0.000000
0.718116 0.695281 0.000000 69.152182 -0.695448 0.718550 0.000000 -39.296808 0.000000 0.000000 1.000000 0.000000
0.718926 0.694450 0.000000 69.165414 -0.694621 0.719352 0.000000 -39.309464 0.000000 0.000000 1.000000 0.000000
0.720550 0.692773 0.000000 69.191901 -0.692952 0.720964 0.000000 -39.334720 0.000000 0.000000 1.000000 0.000000
0.721412 0.691877 0.000000 69.207056 -0.692058 0.721823 0.000000 -39.349103 0.000000 0.000000 1.000000 0.000000
0.722179 0.691080 0.000000 69.221808 -0.691260 0.722587 0.000000 -39.363186 0.000000 0.000000 1.000000 0.000000
0.722887 0.690346 0.000000 69.237569 -0.690525 0.723290 0.000000 -39.378021 0.000000 0.000000 1.000000 0.000000
0.723423 0.689795 0.000000 69.249530 -0.689975 0.723817 0.000000 -39.389287 0.000000 0.000000 1.000000 0.000000
0.723978 0.689220 0.000000 69.262452 -0.689405 0.724362 0.000000 -39.401418 0.000000 0.000000 1.000000 0.000000
0.724474 0.688704 0.000000 69.274412 -0.688893 0.724850 0.000000 -39.412684 0.000000 0.000000 1.000000 0.000000
0.724905 0.688250 0.000000 69.286551 -0.688444 0.725278 0.000000 -39.424157 0.000000 0.000000 1.000000 0.000000
0.725220 0.687917 0.000000 69.297976 -0.688112 0.725593 0.000000 -39.434804 0.000000 0.000000 1.000000 0.000000
0.725573 0.687544 0.000000 69.308581 -0.687739 0.725947 0.000000 -39.444249 0.000000 0.000000 1.000000 0.000000
0.726035 0.687053 0.000000 69.323864 -0.687249 0.726411 0.000000 -39.457694 0.000000 0.000000 1.000000 0.000000
0.726248 0.686826 0.000000 69.331249 -0.687022 0.726626 0.000000 -39.464079 0.000000 0.000000 1.000000 0.000000
0.726370 0.686698 0.000000 69.338279 -0.686894 0.726747 0.000000 -39.470050 0.000000 0.000000 1.000000 0.000000
0.726328 0.686743 0.000000 69.341484 -0.686940 0.726704 0.000000 -39.472510 0.000000 0.000000 1.000000 0.000000
0.726253 0.686820 0.000000 69.342455 -0.687019 0.726629 0.000000 -39.472717 0.000000 0.000000 1.000000 0.000000
0.726220 0.686850 0.000000 69.342263 -0.687050 0.726599 0.000000 -39.471910 0.000000 0.000000 1.000000 0.000000
0.726253 0.686804 0.000000 69.341668 -0.687007 0.726639 0.000000 -39.470802 0.000000 0.000000 1.000000 0.000000
0.726331 0.686713 0.000000 69.340894 -0.686915 0.726726 0.000000 -39.469487 0.000000 0.000000 1.000000 0.000000
0.726386 0.686652 0.000000 69.340096 -0.686849 0.726786 0.000000 -39.468229 0.000000 0.000000 1.000000 0.000000
0.726439 0.686598 0.000000 69.339501 -0.686792 0.726840 0.000000 -39.467122 0.000000 0.000000 1.000000 0.000000
0.726509 0.686529 0.000000 69.339083 -0.686722 0.726906 0.000000 -39.466220 0.000000 0.000000 1.000000 0.000000
0.726616 0.686413 0.000000 69.338629 -0.686609 0.727013 0.000000 -39.464775 0.000000 0.000000 1.000000 0.000000
0.726693 0.686329 0.000000 69.338366 -0.686527 0.727091 0.000000 -39.464136 0.000000 0.000000 1.000000 0.000000
0.726734 0.686284 0.000000 69.338507 -0.686482 0.727134 0.000000 -39.463798 0.000000 0.000000 1.000000 0.000000
0.726770 0.686245 0.000000 69.338446 -0.686441 0.727171 0.000000 -39.463310 0.000000 0.000000 1.000000 0.000000
0.726818 0.686198 0.000000 69.338587 -0.686392 0.727218 0.000000 -39.462972 0.000000 0.000000 1.000000 0.000000
0.726853 0.686164 0.000000 69.338705 -0.686359 0.727249 0.000000 -39.462691 0.000000 0.000000 1.000000 0.000000
0.726883 0.686128 0.000000 69.338822 -0.686324 0.727282 0.000000 -39.462409 0.000000 0.000000 1.000000 0.000000
0.726893 0.686116 0.000000 69.338940 -0.686313 0.727293 0.000000 -39.462127 0.000000 0.000000 1.000000 0.000000
0.726919 0.686090 0.000000 69.339057 -0.686286 0.727318 0.000000 -39.461846 0.000000 0.000000 1.000000 0.000000
0.726946 0.686065 0.000000 69.339377 -0.686261 0.727342 0.000000 -39.461714 0.000000 0.000000 1.000000 0.000000
0.727000 0.686009 0.000000 69.339541 -0.686204 0.727396 0.000000 -39.461320 0.000000 0.000000 1.000000 0.000000
0.727025 0.685980 0.000000 69.339635 -0.686177 0.727422 0.000000 -39.461095 0.000000 0.000000 1.000000 0.000000
0.727113 0.685879 0.000000 69.339729 -0.686076 0.727516 0.000000 -39.460870 0.000000 0.000000 1.000000 0.000000
0.727291 0.685683 0.000000 69.339847 -0.685879 0.727700 0.000000 -39.460588 0.000000 0.000000 1.000000 0.000000
0.727404 0.685562 0.000000 69.339964 -0.685756 0.727816 0.000000 -39.460306 0.000000 0.000000 1.000000 0.000000
0.727423 0.685542 0.000000 69.340058 -0.685735 0.727836 0.000000 -39.460081 0.000000 0.000000 1.000000 0.000000
0.727470 0.685489 0.000000 69.340176 -0.685682 0.727885 0.000000 -39.459800 0.000000 0.000000 1.000000 0.000000
0.727652 0.685292 0.000000 69.340044 -0.685487 0.728069 0.000000 -39.459480 0.000000 0.000000 1.000000 0.000000
0.727872 0.685056 0.000000 69.340162 -0.685252 0.728290 0.000000 -39.459199 0.000000 0.000000 1.000000 0.000000
0.728092 0.684810 0.000000 69.340054 -0.685007 0.728520 0.000000 -39.458823 0.000000 0.000000 1.000000 0.000000
0.728321 0.684547 0.000000 69.340505 -0.684744 0.728765 0.000000 -39.459011 0.000000 0.000000 1.000000 0.000000
