1.000000 0.000940 0.000000 0.586610 -0.000940 1.000000 0.000000 -0.011151 0.000000 0.000000 1.000000 0.000000
0.999998 0.001766 0.000000 1.170084 -0.001766 0.999998 0.000000 -0.010532 0.000000 0.000000 1.000000 0.000000
0.999996 0.002702 0.000000 1.717282 -0.002702 0.999996 0.000000 -0.019188 0.000000 0.000000 1.000000 0.000000
0.999984 0.005732 0.000000 2.300292 -0.005732 0.999984 0.000000 -0.032065 0.000000 0.000000 1.000000 0.000000
0.999976 0.006954 0.000000 2.846130 -0.006954 0.999976 0.000000 -0.038352 0.000000 0.000000 1.000000 0.000000
0.999974 0.007159 0.000000 3.423932 -0.007159 0.999974 0.000000 -0.043845 0.000000 0.000000 1.000000 0.000000
0.999960 0.008896 0.000000 3.982097 -0.008896 0.999960 0.000000 -0.046631 0.000000 0.000000 1.000000 0.000000
0.999963 0.008544 0.000000 4.550569 -0.008544 0.999963 0.000000 -0.061680 0.000000 0.000000 1.000000 0.000000
0.999948 0.010198 0.000000 5.132174 -0.010198 0.999948 0.000000 -0.068891 0.000000 0.000000 1.000000 0.000000
0.999922 0.012508 0.000000 5.883279 -0.012508 0.999922 0.000000 -0.080809 0.000000 0.000000 1.000000 0.000000
0.999903 0.013905 0.000000 6.499872 -0.013905 0.999903 0.000000 -0.092968 0.000000 0.000000 1.000000 0.000000
0.999894 0.014592 0.000000 7.039234 -0.014592 0.999894 0.000000 -0.101775 0.000000 0.000000 1.000000 0.000000
0.999858 0.016868 0.000000 7.655616 -0.016868 0.999858 0.000000 -0.111181 0.000000 0.000000 1.000000 0.000000
0.999790 0.020484 0.000000 8.232219 -0.020484 0.999790 0.000000 -0.119400 0.000000 0.000000 1.000000 0.000000
0.999773 0.021297 0.000000 8.808884 -0.021297 0.999773 0.000000 -0.142687 0.000000 0.000000 1.000000 0.000000
0.999684 0.025144 0.000000 9.386258 -0.025144 0.999684 0.000000 -0.154306 0.000000 0.000000 1.000000 0.000000
0.999650 0.026469 0.000000 9.960925 -0.026469 0.999650 0.000000 -0.173232 0.000000 0.000000 1.000000 0.000000
0.999612 0.027843 0.000000 10.536349 -0.027843 0.999612 0.000000 -0.188911 0.000000 0.000000 1.000000 0.000000
0.999582 0.028910 0.000000 11.113065 -0.028910 0.999582 0.000000 -0.213125 0.000000 0.000000 1.000000 0.000000
0.999497 0.031715 0.000000 11.686874 -0.031715 0.999497 0.000000 -0.234939 0.000000 0.000000 1.000000 0.000000
0.999407 0.034423 0.000000 12.260180 -0.034423 0.999407 0.000000 -0.259603 0.000000 0.000000 1.000000 0.000000
0.999390 0.034921 0.000000 12.810333 -0.034921 0.999390 0.000000 -0.286026 0.000000 0.000000 1.000000 0.000000
0.999285 0.037799 0.000000 13.382424 -0.037799 0.999285 0.000000 -0.310209 0.000000 0.000000 1.000000 0.000000
0.999218 0.039540 0.000000 14.481522 -0.039540 0.999218 0.000000 -0.357743 0.000000 0.000000 1.000000 0.000000
0.999275 0.038073 0.000000 15.411912 -0.038073 0.999275 0.000000 -0.403204 0.000000 0.000000 1.000000 0.000000
0.999346 0.036168 0.000000 15.976584 -0.036168 0.999346 0.000000 -0.443794 0.000000 0.000000 1.000000 0.000000
0.999297 0.037483 0.000000 16.543163 -0.037483 0.999297 0.000000 -0.479187 0.000000 0.000000 1.000000 0.000000
0.999233 0.039154 0.000000 17.108561 -0.039154 0.999233 0.000000 -0.509472 0.000000 0.000000 1.000000 0.000000
0.999249 0.038753 0.000000 17.671594 -0.038753 0.999249 0.000000 -0.545944 0.000000 0.000000 1.000000 0.000000
0.999266 0.038320 0.000000 18.272954 -0.038320 0.999266 0.000000 -0.588030 0.000000 0.000000 1.000000 0.000000
0.998863 0.047680 0.000000 18.831971 -0.047680 0.998863 0.000000 -0.620930 0.000000 0.000000 1.000000 0.000000
0.998124 0.061232 0.000000 19.956571 -0.061232 0.998124 0.000000 -0.690547 0.000000 0.000000 1.000000 0.000000
0.998181 0.060290 0.000000 20.515003 -0.060290 0.998181 0.000000 -0.745446 0.000000 0.000000 1.000000 0.000000
0.998077 0.061992 0.000000 21.076034 -0.061992 0.998077 0.000000 -0.799325 0.000000 0.000000 1.000000 0.000000
0.998122 0.061258 0.000000 21.599166 -0.061258 0.998122 0.000000 -0.851331 0.000000 0.000000 1.000000 0.000000
0.998211 0.059789 0.000000 22.158887 -0.059789 0.998211 0.000000 -0.901698 0.000000 0.000000 1.000000 0.000000
0.997834 0.065785 0.000000 23.052677 -0.065785 0.997834 0.000000 -0.976486 0.000000 0.000000 1.000000 0.000000
0.997850 0.065534 0.000000 23.650756 -0.065534 0.997850 0.000000 -1.025640 0.000000 0.000000 1.000000 0.000000
0.997712 0.067600 0.000000 24.206236 -0.067600 0.997712 0.000000 -1.067625 0.000000 0.000000 1.000000 0.000000
0.997685 0.067999 0.000000 24.767398 -0.067999 0.997685 0.000000 -1.112196 0.000000 0.000000 1.000000 0.000000
0.997617 0.069001 0.000000 25.326356 -0.069001 0.997617 0.000000 -1.155919 0.000000 0.000000 1.000000 0.000000
0.997553 0.069914 0.000000 25.884236 -0.069914 0.997553 0.000000 -1.203756 0.000000 0.000000 1.000000 0.000000
0.997414 0.071873 0.000000 26.437460 -0.071873 0.997414 0.000000 -1.253705 0.000000 0.000000 1.000000 0.000000
0.997496 0.070717 0.000000 27.004472 -0.070717 0.997496 0.000000 -1.306708 0.000000 0.000000 1.000000 0.000000
0.997449 0.071383 0.000000 27.562921 -0.071383 0.997449 0.000000 -1.351843 0.000000 0.000000 1.000000 0.000000
0.997395 0.072136 0.000000 28.086471 -0.072136 0.997395 0.000000 -1.400338 0.000000 0.000000 1.000000 0.000000
0.997208 0.074668 0.000000 29.030154 -0.074668 0.997208 0.000000 -1.478121 0.000000 0.000000 1.000000 0.000000
0.996878 0.078962 0.000000 29.588342 -0.078962 0.996878 0.000000 -1.533140 0.000000 0.000000 1.000000 0.000000
0.996741 0.080670 0.000000 30.148064 -0.080670 0.996741 0.000000 -1.581030 0.000000 0.000000 1.000000 0.000000
0.996683 0.081377 0.000000 30.710849 -0.081377 0.996683 0.000000 -1.630559 0.000000 0.000000 1.000000 0.000000
0.996477 0.083865 0.000000 31.270281 -0.083865 0.996477 0.000000 -1.676902 0.000000 0.000000 1.000000 0.000000
0.996411 0.084644 0.000000 31.830554 -0.084644 0.996411 0.000000 -1.733381 0.000000 0.000000 1.000000 0.000000
0.996312 0.085805 0.000000 32.423005 -0.085805 0.996312 0.000000 -1.788772 0.000000 0.000000 1.000000 0.000000
0.996316 0.085757 0.000000 32.946240 -0.085757 0.996316 0.000000 -1.837218 0.000000 0.000000 1.000000 0.000000
0.996367 0.085161 0.000000 33.499297 -0.085161 0.996367 0.000000 -1.887681 0.000000 0.000000 1.000000 0.000000
0.996464 0.084025 0.000000 34.055065 -0.084025 0.996464 0.000000 -1.941281 0.000000 0.000000 1.000000 0.000000
0.996157 0.087586 0.000000 34.608506 -0.087586 0.996157 0.000000 -1.987429 0.000000 0.000000 1.000000 0.000000
0.996023 0.089099 0.000000 35.126370 -0.089099 0.996023 0.000000 -2.034611 0.000000 0.000000 1.000000 0.000000
0.995921 0.090226 0.000000 35.681164 -0.090226 0.995921 0.000000 -2.095695 0.000000 0.000000 1.000000 0.000000
0.995890 0.090574 0.000000 36.200751 -0.090574 0.995890 0.000000 -2.145683 0.000000 0.000000 1.000000 0.000000
0.996000 0.089357 0.000000 37.157084 -0.089357 0.996000 0.000000 -2.245271 0.000000 0.000000 1.000000 0.000000
0.995999 0.089363 0.000000 37.705231 -0.089363 0.995999 0.000000 -2.307962 0.000000 0.000000 1.000000 0.000000
0.995813 0.091417 0.000000 38.250214 -0.091417 0.995813 0.000000 -2.364179 0.000000 0.000000 1.000000 0.000000
0.995500 0.094766 0.000000 39.339498 -0.094766 0.995500 0.000000 -2.469248 0.000000 0.000000 1.000000 0.000000
0.995199 0.097870 0.000000 39.916482 -0.097870 0.995199 0.000000 -2.532886 0.000000 0.000000 1.000000 0.000000
0.995051 0.099368 0.000000 40.411213 -0.099368 0.995051 0.000000 -2.585205 0.000000 0.000000 1.000000 0.000000
0.994946 0.100412 0.000000 41.443227 -0.100412 0.994946 0.000000 -2.690264 0.000000 0.000000 1.000000 0.000000
0.994919 0.100677 0.000000 41.968901 -0.100677 0.994919 0.000000 -2.749342 0.000000 0.000000 1.000000 0.000000
0.995058 0.099297 0.000000 42.481037 -0.099297 0.995058 0.000000 -2.807097 0.000000 0.000000 1.000000 0.000000
0.995127 0.098602 0.000000 42.976384 -0.098602 0.995127 0.000000 -2.848690 0.000000 0.000000 1.000000 0.000000
0.994947 0.100404 0.000000 43.877234 -0.100404 0.994947 0.000000 -2.943539 0.000000 0.000000 1.000000 0.000000
0.995142 0.098447 0.000000 44.385245 -0.098447 0.995142 0.000000 -3.011358 0.000000 0.000000 1.000000 0.000000
0.994750 0.102336 0.000000 44.886694 -0.102336 0.994750 0.000000 -3.052715 0.000000 0.000000 1.000000 0.000000
0.994174 0.107785 0.000000 45.382772 -0.107785 0.994174 0.000000 -3.104403 0.000000 0.000000 1.000000 0.000000
0.994124 0.108245 0.000000 45.873933 -0.108245 0.994124 0.000000 -3.159959 0.000000 0.000000 1.000000 0.000000
0.994008 0.109306 0.000000 46.352816 -0.109306 0.994008 0.000000 -3.206281 0.000000 0.000000 1.000000 0.000000
0.993690 0.112158 0.000000 46.827808 -0.112158 0.993690 0.000000 -3.256535 0.000000 0.000000 1.000000 0.000000
0.993192 0.116486 0.000000 47.541124 -0.116486 0.993192 0.000000 -3.340371 0.000000 0.000000 1.000000 0.000000
0.993230 0.116168 0.000000 47.972287 -0.116168 0.993230 0.000000 -3.397568 0.000000 0.000000 1.000000 0.000000
0.993029 0.117871 0.000000 48.426748 -0.117871 0.993029 0.000000 -3.460577 0.000000 0.000000 1.000000 0.000000
0.993117 0.117127 0.000000 48.871748 -0.117127 0.993117 0.000000 -3.516679 0.000000 0.000000 1.000000 0.000000
0.993052 0.117674 0.000000 49.294698 -0.117674 0.993052 0.000000 -3.568245 0.000000 0.000000 1.000000 0.000000
0.993469 0.114105 0.000000 49.722476 -0.114105 0.993469 0.000000 -3.623069 0.000000 0.000000 1.000000 0.000000
0.993573 0.113195 0.000000 50.460771 -0.113195 0.993573 0.000000 -3.714017 0.000000 0.000000 1.000000 0.000000
0.993402 0.114683 0.000000 50.845092 -0.114683 0.993402 0.000000 -3.761131 0.000000 0.000000 1.000000 0.000000
0.993317 0.115418 0.000000 51.280101 -0.115418 0.993317 0.000000 -3.810313 0.000000 0.000000 1.000000 0.000000
0.993281 0.115729 0.000000 51.683095 -0.115729 0.993281 0.000000 -3.862240 0.000000 0.000000 1.000000 0.000000
0.993278 0.115756 0.000000 52.080030 -0.115756 0.993278 0.000000 -3.912079 0.000000 0.000000 1.000000 0.000000
0.993293 0.115622 0.000000 52.466445 -0.115622 0.993293 0.000000 -3.958155 0.000000 0.000000 1.000000 0.000000
0.993126 0.117051 0.000000 52.848280 -0.117051 0.993126 0.000000 -4.009994 0.000000 0.000000 1.000000 0.000000
0.993076 0.117472 0.000000 53.217173 -0.117472 0.993076 0.000000 -4.060288 0.000000 0.000000 1.000000 0.000000
0.992911 0.118864 0.000000 53.580296 -0.118864 0.992911 0.000000 -4.099376 0.000000 0.000000 1.000000 0.000000
0.992753 0.120174 0.000000 53.943561 -0.120174 0.992753 0.000000 -4.144055 0.000000 0.000000 1.000000 0.000000
0.992358 0.123393 0.000000 54.623954 -0.123393 0.992358 0.000000 -4.233121 0.000000 0.000000 1.000000 0.000000
0.992456 0.122602 0.000000 54.966829 -0.122602 0.992456 0.000000 -4.277344 0.000000 0.000000 1.000000 0.000000
0.992511 0.122156 0.000000 55.280913 -0.122156 0.992511 0.000000 -4.320951 0.000000 0.000000 1.000000 0.000000
0.992492 0.122307 0.000000 55.614796 -0.122307 0.992492 0.000000 -4.371303 0.000000 0.000000 1.000000 0.000000
0.992384 0.123181 0.000000 55.946404 -0.123181 0.992384 0.000000 -4.417177 0.000000 0.000000 1.000000 0.000000
0.992259 0.124185 0.000000 56.251782 -0.124185 0.992259 0.000000 -4.451140 0.000000 0.000000 1.000000 0.000000
0.991490 0.130185 0.000000 56.579382 -0.130185 0.991490 0.000000 -4.478561 0.000000 0.000000 1.000000 0.000000
0.991409 0.130800 0.000000 56.901107 -0.130800 0.991409 0.000000 -4.524637 0.000000 0.000000 1.000000 0.000000
0.991769 0.128038 0.000000 57.417028 -0.128038 0.991769 0.000000 -4.606598 0.000000 0.000000 1.000000 0.000000
0.991830 0.127563 0.000000 57.725105 -0.127563 0.991830 0.000000 -4.652486 0.000000 0.000000 1.000000 0.000000
0.991671 0.128800 0.000000 58.029036 -0.128800 0.991671 0.000000 -4.694409 0.000000 0.000000 1.000000 0.000000
0.991443 0.130537 0.000000 58.346380 -0.130537 0.991443 0.000000 -4.736725 0.000000 0.000000 1.000000 0.000000
0.991422 0.130700 0.000000 58.640131 -0.130700 0.991422 0.000000 -4.780094 0.000000 0.000000 1.000000 0.000000
0.991182 0.132504 0.000000 58.911578 -0.132504 0.991182 0.000000 -4.822704 0.000000 0.000000 1.000000 0.000000
0.991240 0.132075 0.000000 59.213889 -0.132075 0.991240 0.000000 -4.872798 0.000000 0.000000 1.000000 0.000000
0.991314 0.131516 0.000000 59.496459 -0.131516 0.991314 0.000000 -4.918855 0.000000 0.000000 1.000000 0.000000
0.991217 0.132246 0.000000 59.764256 -0.132246 0.991217 0.000000 -4.958536 0.000000 0.000000 1.000000 0.000000
0.990759 0.135637 0.000000 60.228293 -0.135637 0.990759 0.000000 -5.028575 0.000000 0.000000 1.000000 0.000000
0.990560 0.137083 0.000000 60.473736 -0.137083 0.990560 0.000000 -5.061126 0.000000 0.000000 1.000000 0.000000
0.990576 0.136961 0.000000 60.750821 -0.136961 0.990576 0.000000 -5.100271 0.000000 0.000000 1.000000 0.000000
0.990505 0.137479 0.000000 61.014014 -0.137479 0.990505 0.000000 -5.136578 0.000000 0.000000 1.000000 0.000000
0.990374 0.138420 0.000000 61.280626 -0.138420 0.990374 0.000000 -5.178432 0.000000 0.000000 1.000000 0.000000
0.990270 0.139162 0.000000 61.544123 -0.139162 0.990270 0.000000 -5.222907 0.000000 0.000000 1.000000 0.000000
0.990075 0.140537 0.000000 61.798528 -0.140537 0.990075 0.000000 -5.260487 0.000000 0.000000 1.000000 0.000000
0.989990 0.141140 0.000000 62.062090 -0.141140 0.989990 0.000000 -5.302301 0.000000 0.000000 1.000000 0.000000
0.989883 0.141887 0.000000 62.308558 -0.141887 0.989883 0.000000 -5.336017 0.000000 0.000000 1.000000 0.000000
0.989904 0.141740 0.000000 62.575261 -0.141740 0.989904 0.000000 -5.379698 0.000000 0.000000 1.000000 0.000000
0.989777 0.142624 0.000000 62.824194 -0.142624 0.989777 0.000000 -5.419466 0.000000 0.000000 1.000000 0.000000
0.989638 0.143582 0.000000 63.081368 -0.143582 0.989638 0.000000 -5.459000 0.000000 0.000000 1.000000 0.000000
0.989385 0.145320 0.000000 63.518576 -0.145320 0.989385 0.000000 -5.529164 0.000000 0.000000 1.000000 0.000000
0.989175 0.146743 0.000000 63.789680 -0.146743 0.989175 0.000000 -5.571568 0.000000 0.000000 1.000000 0.000000
0.989104 0.147220 0.000000 64.065144 -0.147220 0.989104 0.000000 -5.617177 0.000000 0.000000 1.000000 0.000000
0.988928 0.148393 0.000000 64.337936 -0.148393 0.988928 0.000000 -5.660855 0.000000 0.000000 1.000000 0.000000
0.988903 0.148561 0.000000 64.615758 -0.148561 0.988903 0.000000 -5.709138 0.000000 0.000000 1.000000 0.000000
0.988632 0.150357 0.000000 64.909131 -0.150357 0.988632 0.000000 -5.757503 0.000000 0.000000 1.000000 0.000000
0.988532 0.151011 0.000000 65.165103 -0.151011 0.988532 0.000000 -5.800417 0.000000 0.000000 1.000000 0.000000
0.988565 0.150796 0.000000 65.456267 -0.150796 0.988565 0.000000 -5.853518 0.000000 0.000000 1.000000 0.000000
0.988156 0.153450 0.000000 65.734803 -0.153450 0.988156 0.000000 -5.895634 0.000000 0.000000 1.000000 0.000000
0.987719 0.156241 0.000000 65.995829 -0.156241 0.987719 0.000000 -5.940030 0.000000 0.000000 1.000000 0.000000
0.987655 0.156646 0.000000 66.277404 -0.156646 0.987655 0.000000 -5.988810 0.000000 0.000000 1.000000 0.000000
0.987771 0.155914 0.000000 66.545126 -0.155914 0.987771 0.000000 -6.041485 0.000000 0.000000 1.000000 0.000000
0.987326 0.158706 0.000000 67.320498 -0.158706 0.987326 0.000000 -6.181987 0.000000 0.000000 1.000000 0.000000
0.986744 0.162285 0.000000 67.607909 -0.162285 0.986744 0.000000 -6.224570 0.000000 0.000000 1.000000 0.000000
0.986264 0.165176 0.000000 67.897080 -0.165176 0.986264 0.000000 -6.271443 0.000000 0.000000 1.000000 0.000000
0.985887 0.167413 0.000000 68.185644 -0.167413 0.985887 0.000000 -6.317337 0.000000 0.000000 1.000000 0.000000
0.986219 0.165446 0.000000 68.478737 -0.165446 0.986219 0.000000 -6.368190 0.000000 0.000000 1.000000 0.000000
0.985789 0.167989 0.000000 69.059817 -0.167989 0.985789 0.000000 -6.472787 0.000000 0.000000 1.000000 0.000000
0.985799 0.167930 0.000000 69.358508 -0.167930 0.985799 0.000000 -6.525858 0.000000 0.000000 1.000000 0.000000
0.985553 0.169365 0.000000 69.644809 -0.169365 0.985553 0.000000 -6.577137 0.000000 0.000000 1.000000 0.000000
0.985351 0.170541 0.000000 70.110985 -0.170541 0.985351 0.000000 -6.665150 0.000000 0.000000 1.000000 0.000000
0.984765 0.173889 0.000000 70.428074 -0.173889 0.984765 0.000000 -6.721606 0.000000 0.000000 1.000000 0.000000
0.983773 0.179420 0.000000 70.958407 -0.179420 0.983773 0.000000 -6.824272 0.000000 0.000000 1.000000 0.000000
0.983612 0.180298 0.000000 71.287355 -0.180298 0.983612 0.000000 -6.885067 0.000000 0.000000 1.000000 0.000000
0.983631 0.180194 0.000000 71.623250 -0.180194 0.983631 0.000000 -6.949984 0.000000 0.000000 1.000000 0.000000
0.982146 0.188121 0.000000 71.944265 -0.188121 0.982146 0.000000 -6.989443 0.000000 0.000000 1.000000 0.000000
0.982051 0.188614 0.000000 72.292654 -0.188614 0.982051 0.000000 -7.056401 0.000000 0.000000 1.000000 0.000000
0.981491 0.191508 0.000000 72.856964 -0.191508 0.981491 0.000000 -7.173820 0.000000 0.000000 1.000000 0.000000
0.981903 0.189382 0.000000 73.201305 -0.189382 0.981903 0.000000 -7.246049 0.000000 0.000000 1.000000 0.000000
0.981675 0.190565 0.000000 73.578762 -0.190565 0.981675 0.000000 -7.325955 0.000000 0.000000 1.000000 0.000000
0.981692 0.190474 0.000000 73.933849 -0.190474 0.981692 0.000000 -7.396721 0.000000 0.000000 1.000000 0.000000
0.981678 0.190545 0.000000 74.579391 -0.190545 0.981678 0.000000 -7.530749 0.000000 0.000000 1.000000 0.000000
0.981899 0.189407 0.000000 75.236197 -0.189407 0.981899 0.000000 -7.653600 0.000000 0.000000 1.000000 0.000000
0.982312 0.187253 0.000000 75.619802 -0.187253 0.982312 0.000000 -7.737148 0.000000 0.000000 1.000000 0.000000
0.982618 0.185639 0.000000 76.040095 -0.185639 0.982618 0.000000 -7.810460 0.000000 0.000000 1.000000 0.000000
0.982383 0.186880 0.000000 76.438491 -0.186880 0.982383 0.000000 -7.887323 0.000000 0.000000 1.000000 0.000000
0.982872 0.184291 0.000000 76.868068 -0.184291 0.982872 0.000000 -7.979249 0.000000 0.000000 1.000000 0.000000
0.982516 0.186177 0.000000 77.271678 -0.186177 0.982516 0.000000 -8.060493 0.000000 0.000000 1.000000 0.000000
0.982752 0.184926 0.000000 77.716813 -0.184926 0.982752 0.000000 -8.145008 0.000000 0.000000 1.000000 0.000000
0.983648 0.180101 0.000000 78.403211 -0.180101 0.983648 0.000000 -8.274475 0.000000 0.000000 1.000000 0.000000
0.983774 0.179412 0.000000 79.211473 -0.179412 0.983774 0.000000 -8.424082 0.000000 0.000000 1.000000 0.000000
0.984028 0.178011 0.000000 79.684541 -0.178011 0.984028 0.000000 -8.517849 0.000000 0.000000 1.000000 0.000000
0.983458 0.181135 0.000000 80.158704 -0.181135 0.983458 0.000000 -8.614578 0.000000 0.000000 1.000000 0.000000
0.983403 0.181436 0.000000 80.619175 -0.181436 0.983403 0.000000 -8.702717 0.000000 0.000000 1.000000 0.000000
0.983324 0.181860 0.000000 81.127701 -0.181860 0.983324 0.000000 -8.804536 0.000000 0.000000 1.000000 0.000000
0.983304 0.181973 0.000000 81.575472 -0.181973 0.983304 0.000000 -8.891401 0.000000 0.000000 1.000000 0.000000
0.982022 0.188765 0.000000 82.079989 -0.188765 0.982022 0.000000 -8.987718 0.000000 0.000000 1.000000 0.000000
0.981551 0.191199 0.000000 82.591062 -0.191199 0.981551 0.000000 -9.090000 0.000000 0.000000 1.000000 0.000000
0.980738 0.195328 0.000000 83.108711 -0.195328 0.980738 0.000000 -9.194828 0.000000 0.000000 1.000000 0.000000
0.980213 0.197948 0.000000 83.598147 -0.197948 0.980213 0.000000 -9.296828 0.000000 0.000000 1.000000 0.000000
0.979810 0.199930 0.000000 84.126118 -0.199930 0.979810 0.000000 -9.411161 0.000000 0.000000 1.000000 0.000000
0.978691 0.205337 0.000000 85.074308 -0.205337 0.978691 0.000000 -9.615772 0.000000 0.000000 1.000000 0.000000
0.978685 0.205369 0.000000 85.614529 -0.205369 0.978685 0.000000 -9.739578 0.000000 0.000000 1.000000 0.000000
0.978527 0.206117 0.000000 86.158000 -0.206117 0.978527 0.000000 -9.863985 0.000000 0.000000 1.000000 0.000000
0.977472 0.211067 0.000000 86.708260 -0.211067 0.977472 0.000000 -9.978786 0.000000 0.000000 1.000000 0.000000
0.976223 0.216769 0.000000 87.260300 -0.216769 0.976223 0.000000 -10.099408 0.000000 0.000000 1.000000 0.000000
0.976067 0.217470 0.000000 88.104791 -0.217470 0.976067 0.000000 -10.298558 0.000000 0.000000 1.000000 0.000000
0.975617 0.219479 0.000000 88.629623 -0.219479 0.975617 0.000000 -10.414543 0.000000 0.000000 1.000000 0.000000
0.973090 0.230426 0.000000 89.732740 -0.230426 0.973090 0.000000 -10.680697 0.000000 0.000000 1.000000 0.000000
0.972038 0.234825 0.000000 90.464294 -0.234825 0.972038 0.000000 -10.853257 0.000000 0.000000 1.000000 0.000000
0.971137 0.238522 0.000000 91.045358 -0.238522 0.971137 0.000000 -10.991008 0.000000 0.000000 1.000000 0.000000
0.969890 0.243545 0.000000 91.625333 -0.243545 0.969890 0.000000 -11.143216 0.000000 0.000000 1.000000 0.000000
0.968289 0.249835 0.000000 92.207574 -0.249835 0.968289 0.000000 -11.298090 0.000000 0.000000 1.000000 0.000000
0.967855 0.251508 0.000000 92.795615 -0.251508 0.967855 0.000000 -11.444952 0.000000 0.000000 1.000000 0.000000
0.967516 0.252812 0.000000 93.413737 -0.252812 0.967516 0.000000 -11.608942 0.000000 0.000000 1.000000 0.000000
0.966857 0.255319 0.000000 93.975758 -0.255319 0.966857 0.000000 -11.763376 0.000000 0.000000 1.000000 0.000000
0.965902 0.258910 0.000000 94.561107 -0.258910 0.965902 0.000000 -11.924774 0.000000 0.000000 1.000000 0.000000
0.965437 0.260636 0.000000 95.156258 -0.260636 0.965437 0.000000 -12.089274 0.000000 0.000000 1.000000 0.000000
0.966342 0.257260 0.000000 95.717983 -0.257260 0.966342 0.000000 -12.236028 0.000000 0.000000 1.000000 0.000000
0.967088 0.254443 0.000000 96.319919 -0.254443 0.967088 0.000000 -12.401531 0.000000 0.000000 1.000000 0.000000
0.967085 0.254452 0.000000 96.926497 -0.254452 0.967085 0.000000 -12.567267 0.000000 0.000000 1.000000 0.000000
0.966722 0.255829 0.000000 97.489155 -0.255829 0.966722 0.000000 -12.721339 0.000000 0.000000 1.000000 0.000000
0.966670 0.256024 0.000000 98.568214 -0.256024 0.966670 0.000000 -13.007167 0.000000 0.000000 1.000000 0.000000
0.966465 0.256798 0.000000 99.227503 -0.256798 0.966465 0.000000 -13.188885 0.000000 0.000000 1.000000 0.000000
0.966377 0.257129 0.000000 99.841190 -0.257129 0.966377 0.000000 -13.366585 0.000000 0.000000 1.000000 0.000000
0.965714 0.259609 0.000000 100.460471 -0.259609 0.965714 0.000000 -13.540048 0.000000 0.000000 1.000000 0.000000
0.964883 0.262678 0.000000 101.063910 -0.262678 0.964883 0.000000 -13.710207 0.000000 0.000000 1.000000 0.000000
0.965452 0.260579 0.000000 101.682940 -0.260579 0.965452 0.000000 -13.889847 0.000000 0.000000 1.000000 0.000000
0.965358 0.260929 0.000000 102.263163 -0.260929 0.965358 0.000000 -14.049740 0.000000 0.000000 1.000000 0.000000
0.965355 0.260940 0.000000 102.887217 -0.260940 0.965355 0.000000 -14.223742 0.000000 0.000000 1.000000 0.000000
0.965308 0.261114 0.000000 103.473600 -0.261114 0.965308 0.000000 -14.383107 0.000000 0.000000 1.000000 0.000000
0.964558 0.263872 0.000000 104.105982 -0.263872 0.964558 0.000000 -14.575248 0.000000 0.000000 1.000000 0.000000
0.963950 0.266083 0.000000 104.728124 -0.266083 0.963950 0.000000 -14.762701 0.000000 0.000000 1.000000 0.000000
0.963646 0.267184 0.000000 105.362174 -0.267184 0.963646 0.000000 -14.946810 0.000000 0.000000 1.000000 0.000000
0.963994 0.265924 0.000000 106.152902 -0.265924 0.963994 0.000000 -15.183485 0.000000 0.000000 1.000000 0.000000
0.963956 0.266060 0.000000 106.749082 -0.266060 0.963956 0.000000 -15.352018 0.000000 0.000000 1.000000 0.000000
0.962281 0.272057 0.000000 107.388360 -0.272057 0.962281 0.000000 -15.545773 0.000000 0.000000 1.000000 0.000000
0.962960 0.269645 0.000000 108.399949 -0.269645 0.962960 0.000000 -15.839483 0.000000 0.000000 1.000000 0.000000
0.962920 0.269786 0.000000 109.041786 -0.269786 0.962920 0.000000 -16.030644 0.000000 0.000000 1.000000 0.000000
0.962840 0.270074 0.000000 109.685460 -0.270074 0.962840 0.000000 -16.227403 0.000000 0.000000 1.000000 0.000000
0.962080 0.272766 0.000000 110.335906 -0.272766 0.962080 0.000000 -16.428559 0.000000 0.000000 1.000000 0.000000
0.962140 0.272555 0.000000 110.962160 -0.272555 0.962140 0.000000 -16.629102 0.000000 0.000000 1.000000 0.000000
0.962037 0.272918 0.000000 111.611730 -0.272918 0.962037 0.000000 -16.827984 0.000000 0.000000 1.000000 0.000000
0.962444 0.271480 0.000000 112.214840 -0.271480 0.962444 0.000000 -17.018274 0.000000 0.000000 1.000000 0.000000
0.962580 0.270997 0.000000 113.355207 -0.270997 0.962580 0.000000 -17.361236 0.000000 0.000000 1.000000 0.000000
0.962834 0.270093 0.000000 114.000151 -0.270093 0.962834 0.000000 -17.554085 0.000000 0.000000 1.000000 0.000000
0.963280 0.268500 0.000000 114.646810 -0.268500 0.963280 0.000000 -17.752944 0.000000 0.000000 1.000000 0.000000
0.963519 0.267642 0.000000 115.288963 -0.267642 0.963519 0.000000 -17.948056 0.000000 0.000000 1.000000 0.000000
0.963340 0.268285 0.000000 116.608930 -0.268285 0.963340 0.000000 -18.338526 0.000000 0.000000 1.000000 0.000000
0.963877 0.266346 0.000000 117.204504 -0.266346 0.963877 0.000000 -18.517821 0.000000 0.000000 1.000000 0.000000
0.963403 0.268058 0.000000 117.851311 -0.268058 0.963403 0.000000 -18.714311 0.000000 0.000000 1.000000 0.000000
0.963726 0.266892 0.000000 118.454302 -0.266892 0.963726 0.000000 -18.903245 0.000000 0.000000 1.000000 0.000000
0.963889 0.266305 0.000000 119.055323 -0.266305 0.963889 0.000000 -19.080963 0.000000 0.000000 1.000000 0.000000
0.958600 0.284755 0.000000 123.734404 -0.284755 0.958600 0.000000 -20.522435 0.000000 0.000000 1.000000 0.000000
0.960226 0.279224 0.000000 124.370563 -0.279224 0.960226 0.000000 -20.709055 0.000000 0.000000 1.000000 0.000000
0.960262 0.279101 0.000000 124.973132 -0.279101 0.960262 0.000000 -20.892120 0.000000 0.000000 1.000000 0.000000
0.961768 0.273867 0.000000 125.595858 -0.273867 0.961768 0.000000 -21.090010 0.000000 0.000000 1.000000 0.000000
0.961625 0.274368 0.000000 126.190069 -0.274368 0.961625 0.000000 -21.277087 0.000000 0.000000 1.000000 0.000000
0.962988 0.269545 0.000000 126.807523 -0.269545 0.962988 0.000000 -21.462419 0.000000 0.000000 1.000000 0.000000
0.962046 0.272886 0.000000 127.438183 -0.272886 0.962046 0.000000 -21.659136 0.000000 0.000000 1.000000 0.000000
0.962806 0.270194 0.000000 128.242794 -0.270194 0.962806 0.000000 -21.908766 0.000000 0.000000 1.000000 0.000000
0.962660 0.270713 0.000000 128.870769 -0.270713 0.962660 0.000000 -22.102948 0.000000 0.000000 1.000000 0.000000
0.961770 0.273858 0.000000 129.502856 -0.273858 0.961770 0.000000 -22.279119 0.000000 0.000000 1.000000 0.000000
0.961962 0.273182 0.000000 130.416341 -0.273182 0.961962 0.000000 -22.550816 0.000000 0.000000 1.000000 0.000000
0.962302 0.271984 0.000000 131.038696 -0.271984 0.962302 0.000000 -22.740823 0.000000 0.000000 1.000000 0.000000
0.962392 0.271666 0.000000 131.661790 -0.271666 0.962392 0.000000 -22.925859 0.000000 0.000000 1.000000 0.000000
0.962657 0.270726 0.000000 132.281808 -0.270726 0.962657 0.000000 -23.112559 0.000000 0.000000 1.000000 0.000000
0.962772 0.270315 0.000000 132.902403 -0.270315 0.962772 0.000000 -23.301740 0.000000 0.000000 1.000000 0.000000
0.962469 0.271393 0.000000 133.817614 -0.271393 0.962469 0.000000 -23.572919 0.000000 0.000000 1.000000 0.000000
0.962306 0.271969 0.000000 134.407168 -0.271969 0.962306 0.000000 -23.760684 0.000000 0.000000 1.000000 0.000000
0.962040 0.272908 0.000000 135.015766 -0.272908 0.962040 0.000000 -23.946209 0.000000 0.000000 1.000000 0.000000
0.961528 0.274707 0.000000 135.582029 -0.274707 0.961528 0.000000 -24.126541 0.000000 0.000000 1.000000 0.000000
0.960834 0.277125 0.000000 136.370306 -0.277125 0.960834 0.000000 -24.373265 0.000000 0.000000 1.000000 0.000000
0.960304 0.278954 0.000000 136.971963 -0.278954 0.960304 0.000000 -24.567683 0.000000 0.000000 1.000000 0.000000
0.959988 0.280041 0.000000 137.576992 -0.280041 0.959988 0.000000 -24.751448 0.000000 0.000000 1.000000 0.000000
0.960285 0.279023 0.000000 138.177015 -0.279023 0.960285 0.000000 -24.940796 0.000000 0.000000 1.000000 0.000000
0.961138 0.276069 0.000000 138.774853 -0.276069 0.961138 0.000000 -25.124925 0.000000 0.000000 1.000000 0.000000
0.961131 0.276093 0.000000 139.928742 -0.276093 0.961131 0.000000 -25.480103 0.000000 0.000000 1.000000 0.000000
0.961950 0.273226 0.000000 140.484737 -0.273226 0.961950 0.000000 -25.650874 0.000000 0.000000 1.000000 0.000000
0.959985 0.280051 0.000000 141.071503 -0.280051 0.959985 0.000000 -25.815887 0.000000 0.000000 1.000000 0.000000
0.960601 0.277931 0.000000 141.652619 -0.277931 0.960601 0.000000 -25.995561 0.000000 0.000000 1.000000 0.000000
0.959724 0.280946 0.000000 142.201504 -0.280946 0.959724 0.000000 -26.166745 0.000000 0.000000 1.000000 0.000000
0.960034 0.279882 0.000000 142.784080 -0.279882 0.960034 0.000000 -26.350886 0.000000 0.000000 1.000000 0.000000
0.961758 0.273902 0.000000 143.498472 -0.273902 0.961758 0.000000 -26.572520 0.000000 0.000000 1.000000 0.000000
0.962587 0.270972 0.000000 144.075984 -0.270972 0.962587 0.000000 -26.752585 0.000000 0.000000 1.000000 0.000000
0.962792 0.270242 0.000000 144.610638 -0.270242 0.962792 0.000000 -26.917766 0.000000 0.000000 1.000000 0.000000
0.962961 0.269639 0.000000 145.190170 -0.269639 0.962961 0.000000 -27.093733 0.000000 0.000000 1.000000 0.000000
0.962882 0.269922 0.000000 145.763488 -0.269922 0.962882 0.000000 -27.272476 0.000000 0.000000 1.000000 0.000000
0.962877 0.269939 0.000000 146.293924 -0.269939 0.962877 0.000000 -27.435768 0.000000 0.000000 1.000000 0.000000
0.962624 0.270840 0.000000 146.863499 -0.270840 0.962624 0.000000 -27.609406 0.000000 0.000000 1.000000 0.000000
0.963607 0.267323 0.000000 147.396022 -0.267323 0.963607 0.000000 -27.770325 0.000000 0.000000 1.000000 0.000000
0.963436 0.267938 0.000000 147.959056 -0.267938 0.963436 0.000000 -27.941452 0.000000 0.000000 1.000000 0.000000
0.962970 0.269608 0.000000 148.520223 -0.269608 0.962970 0.000000 -28.115346 0.000000 0.000000 1.000000 0.000000
0.963139 0.269003 0.000000 149.244344 -0.269003 0.963139 0.000000 -28.332688 0.000000 0.000000 1.000000 0.000000
0.962650 0.270749 0.000000 149.775400 -0.270749 0.962650 0.000000 -28.489201 0.000000 0.000000 1.000000 0.000000
0.962210 0.272307 0.000000 150.341163 -0.272307 0.962210 0.000000 -28.652958 0.000000 0.000000 1.000000 0.000000
0.961729 0.274003 0.000000 150.869992 -0.274003 0.961729 0.000000 -28.813196 0.000000 0.000000 1.000000 0.000000
0.961532 0.274694 0.000000 151.429346 -0.274694 0.961532 0.000000 -28.979074 0.000000 0.000000 1.000000 0.000000
0.961471 0.274906 0.000000 151.953812 -0.274906 0.961471 0.000000 -29.133580 0.000000 0.000000 1.000000 0.000000
0.961426 0.275064 0.000000 152.673793 -0.275064 0.961426 0.000000 -29.351316 0.000000 0.000000 1.000000 0.000000
0.961469 0.274912 0.000000 153.187840 -0.274912 0.961469 0.000000 -29.504343 0.000000 0.000000 1.000000 0.000000
0.959516 0.281655 0.000000 153.738186 -0.281655 0.959516 0.000000 -29.681817 0.000000 0.000000 1.000000 0.000000
0.959474 0.281797 0.000000 154.249887 -0.281797 0.959474 0.000000 -29.837138 0.000000 0.000000 1.000000 0.000000
0.958978 0.283480 0.000000 154.805710 -0.283480 0.958978 0.000000 -30.008855 0.000000 0.000000 1.000000 0.000000
0.958949 0.283579 0.000000 155.319272 -0.283579 0.958949 0.000000 -30.167541 0.000000 0.000000 1.000000 0.000000
0.958794 0.284103 0.000000 156.062061 -0.284103 0.958794 0.000000 -30.400265 0.000000 0.000000 1.000000 0.000000
0.958732 0.284312 0.000000 156.611945 -0.284312 0.958732 0.000000 -30.575497 0.000000 0.000000 1.000000 0.000000
0.959539 0.281577 0.000000 157.159286 -0.281577 0.959539 0.000000 -30.756041 0.000000 0.000000 1.000000 0.000000
0.960450 0.278452 0.000000 157.706259 -0.278452 0.960450 0.000000 -30.926111 0.000000 0.000000 1.000000 0.000000
0.961389 0.275194 0.000000 158.250432 -0.275194 0.961389 0.000000 -31.097145 0.000000 0.000000 1.000000 0.000000
0.960798 0.277248 0.000000 158.792253 -0.277248 0.960798 0.000000 -31.275701 0.000000 0.000000 1.000000 0.000000
0.961662 0.274236 0.000000 159.340285 -0.274236 0.961662 0.000000 -31.447189 0.000000 0.000000 1.000000 0.000000
0.962839 0.270076 0.000000 159.857891 -0.270076 0.962839 0.000000 -31.607442 0.000000 0.000000 1.000000 0.000000
0.963977 0.265987 0.000000 160.401072 -0.265987 0.963977 0.000000 -31.773151 0.000000 0.000000 1.000000 0.000000
0.964320 0.264738 0.000000 160.954472 -0.264738 0.964320 0.000000 -31.947251 0.000000 0.000000 1.000000 0.000000
0.964816 0.262925 0.000000 161.466576 -0.262925 0.964816 0.000000 -32.105749 0.000000 0.000000 1.000000 0.000000
0.965342 0.260987 0.000000 162.018972 -0.260987 0.965342 0.000000 -32.273983 0.000000 0.000000 1.000000 0.000000
0.966473 0.256769 0.000000 162.537508 -0.256769 0.966473 0.000000 -32.421071 0.000000 0.000000 1.000000 0.000000
0.967116 0.254335 0.000000 163.090239 -0.254335 0.967116 0.000000 -32.584257 0.000000 0.000000 1.000000 0.000000
0.968667 0.248362 0.000000 163.636848 -0.248362 0.968667 0.000000 -32.744083 0.000000 0.000000 1.000000 0.000000
0.970157 0.242476 0.000000 164.196214 -0.242476 0.970157 0.000000 -32.905447 0.000000 0.000000 1.000000 0.000000
0.971088 0.238721 0.000000 164.712970 -0.238721 0.971088 0.000000 -33.049437 0.000000 0.000000 1.000000 0.000000
0.972394 0.233343 0.000000 165.266055 -0.233343 0.972394 0.000000 -33.199957 0.000000 0.000000 1.000000 0.000000
0.973423 0.229013 0.000000 165.774104 -0.229013 0.973423 0.000000 -33.338800 0.000000 0.000000 1.000000 0.000000
0.975045 0.222009 0.000000 166.333295 -0.222009 0.975045 0.000000 -33.482373 0.000000 0.000000 1.000000 0.000000
0.976327 0.216299 0.000000 167.054621 -0.216299 0.976327 0.000000 -33.668718 0.000000 0.000000 1.000000 0.000000
0.976891 0.213736 0.000000 167.610392 -0.213736 0.976891 0.000000 -33.795849 0.000000 0.000000 1.000000 0.000000
0.977638 0.210297 0.000000 168.117598 -0.210297 0.977638 0.000000 -33.921958 0.000000 0.000000 1.000000 0.000000
0.977527 0.210811 0.000000 168.671949 -0.210811 0.977527 0.000000 -34.061791 0.000000 0.000000 1.000000 0.000000
0.978014 0.208538 0.000000 169.370774 -0.208538 0.978014 0.000000 -34.231902 0.000000 0.000000 1.000000 0.000000
0.979129 0.203242 0.000000 170.469377 -0.203242 0.979129 0.000000 -34.492752 0.000000 0.000000 1.000000 0.000000
0.979204 0.202876 0.000000 171.017803 -0.202876 0.979204 0.000000 -34.618554 0.000000 0.000000 1.000000 0.000000
0.979856 0.199706 0.000000 171.566345 -0.199706 0.979856 0.000000 -34.734262 0.000000 0.000000 1.000000 0.000000
0.979819 0.199885 0.000000 172.111615 -0.199885 0.979819 0.000000 -34.854799 0.000000 0.000000 1.000000 0.000000
0.980208 0.197973 0.000000 172.653829 -0.197973 0.980208 0.000000 -34.969590 0.000000 0.000000 1.000000 0.000000
0.980476 0.196639 0.000000 173.198127 -0.196639 0.980476 0.000000 -35.080836 0.000000 0.000000 1.000000 0.000000
0.980261 0.197706 0.000000 173.763559 -0.197706 0.980261 0.000000 -35.210389 0.000000 0.000000 1.000000 0.000000
0.980372 0.197156 0.000000 174.304464 -0.197156 0.980372 0.000000 -35.333326 0.000000 0.000000 1.000000 0.000000
0.979976 0.199115 0.000000 174.806855 -0.199115 0.979976 0.000000 -35.440209 0.000000 0.000000 1.000000 0.000000
0.979566 0.201122 0.000000 175.309143 -0.201122 0.979566 0.000000 -35.559404 0.000000 0.000000 1.000000 0.000000
0.979578 0.201064 0.000000 175.843880 -0.201064 0.979578 0.000000 -35.676159 0.000000 0.000000 1.000000 0.000000
0.979885 0.199565 0.000000 176.341983 -0.199565 0.979885 0.000000 -35.785393 0.000000 0.000000 1.000000 0.000000
0.980439 0.196824 0.000000 176.876018 -0.196824 0.980439 0.000000 -35.896120 0.000000 0.000000 1.000000 0.000000
0.980813 0.194949 0.000000 177.376607 -0.194949 0.980813 0.000000 -35.997398 0.000000 0.000000 1.000000 0.000000
0.980912 0.194454 0.000000 177.906184 -0.194454 0.980912 0.000000 -36.113833 0.000000 0.000000 1.000000 0.000000
0.981067 0.193666 0.000000 178.402280 -0.193666 0.981067 0.000000 -36.216760 0.000000 0.000000 1.000000 0.000000
0.981886 0.189471 0.000000 178.933318 -0.189471 0.981886 0.000000 -36.326852 0.000000 0.000000 1.000000 0.000000
0.982357 0.187017 0.000000 179.422839 -0.187017 0.982357 0.000000 -36.426674 0.000000 0.000000 1.000000 0.000000
0.982497 0.186276 0.000000 179.951609 -0.186276 0.982497 0.000000 -36.528144 0.000000 0.000000 1.000000 0.000000
0.982529 0.186108 0.000000 180.442518 -0.186108 0.982529 0.000000 -36.616618 0.000000 0.000000 1.000000 0.000000
0.982332 0.187144 0.000000 180.966241 -0.187144 0.982332 0.000000 -36.710518 0.000000 0.000000 1.000000 0.000000
0.983071 0.183227 0.000000 181.613565 -0.183227 0.983071 0.000000 -36.850358 0.000000 0.000000 1.000000 0.000000
0.983899 0.178726 0.000000 182.134475 -0.178726 0.983899 0.000000 -36.955291 0.000000 0.000000 1.000000 0.000000
0.984725 0.174116 0.000000 182.648430 -0.174116 0.984725 0.000000 -37.057562 0.000000 0.000000 1.000000 0.000000
0.985044 0.172301 0.000000 183.130589 -0.172301 0.985044 0.000000 -37.169087 0.000000 0.000000 1.000000 0.000000
0.986291 0.165013 0.000000 183.847985 -0.165013 0.986291 0.000000 -37.305737 0.000000 0.000000 1.000000 0.000000
0.986706 0.162515 0.000000 184.365133 -0.162515 0.986706 0.000000 -37.392756 0.000000 0.000000 1.000000 0.000000
0.987096 0.160128 0.000000 184.880473 -0.160128 0.987096 0.000000 -37.483912 0.000000 0.000000 1.000000 0.000000
0.987535 0.157400 0.000000 185.393337 -0.157400 0.987535 0.000000 -37.574379 0.000000 0.000000 1.000000 0.000000
0.988597 0.150586 0.000000 185.905851 -0.150586 0.988597 0.000000 -37.657918 0.000000 0.000000 1.000000 0.000000
0.990329 0.138741 0.000000 186.924681 -0.138741 0.990329 0.000000 -37.824722 0.000000 0.000000 1.000000 0.000000
0.991231 0.132143 0.000000 187.422659 -0.132143 0.991231 0.000000 -37.890602 0.000000 0.000000 1.000000 0.000000
0.992208 0.124594 0.000000 187.925195 -0.124594 0.992208 0.000000 -37.960634 0.000000 0.000000 1.000000 0.000000
0.993241 0.116071 0.000000 188.390465 -0.116071 0.993241 0.000000 -38.021865 0.000000 0.000000 1.000000 0.000000
0.994068 0.108761 0.000000 188.887142 -0.108761 0.994068 0.000000 -38.076019 0.000000 0.000000 1.000000 0.000000
0.995017 0.099709 0.000000 189.355501 -0.099709 0.995017 0.000000 -38.128004 0.000000 0.000000 1.000000 0.000000
0.996823 0.079646 0.000000 190.305435 -0.079646 0.996823 0.000000 -38.224205 0.000000 0.000000 1.000000 0.000000
0.997538 0.070131 0.000000 190.791903 -0.070131 0.997538 0.000000 -38.266979 0.000000 0.000000 1.000000 0.000000
0.998291 0.058440 0.000000 191.247708 -0.058440 0.998291 0.000000 -38.300408 0.000000 0.000000 1.000000 0.000000
0.998923 0.046398 0.000000 191.929415 -0.046398 0.998923 0.000000 -38.341472 0.000000 0.000000 1.000000 0.000000
0.999391 0.034902 0.000000 192.404622 -0.034902 0.999391 0.000000 -38.366735 0.000000 0.000000 1.000000 0.000000
0.999726 0.023424 0.000000 192.879194 -0.023424 0.999726 0.000000 -38.390151 0.000000 0.000000 1.000000 0.000000
0.999924 0.012349 0.000000 193.320160 -0.012349 0.999924 0.000000 -38.406908 0.000000 0.000000 1.000000 0.000000
0.999996 0.002902 0.000000 193.790712 -0.002902 0.999996 0.000000 -38.421118 0.000000 0.000000 1.000000 0.000000
0.999899 -0.014200 0.000000 194.259500 0.014200 0.999899 0.000000 -38.434996 0.000000 0.000000 1.000000 0.000000
0.999711 -0.024028 0.000000 194.692288 0.024028 0.999711 0.000000 -38.439644 0.000000 0.000000 1.000000 0.000000
0.999353 -0.035963 0.000000 195.153036 0.035963 0.999353 0.000000 -38.438792 0.000000 0.000000 1.000000 0.000000
0.999036 -0.043898 0.000000 195.575997 0.043898 0.999036 0.000000 -38.430980 0.000000 0.000000 1.000000 0.000000
0.998500 -0.054745 0.000000 196.031673 0.054745 0.998500 0.000000 -38.419276 0.000000 0.000000 1.000000 0.000000
0.997886 -0.064992 0.000000 196.452869 0.064992 0.997886 0.000000 -38.404395 0.000000 0.000000 1.000000 0.000000
0.996883 -0.078896 0.000000 196.902603 0.078896 0.996883 0.000000 -38.385606 0.000000 0.000000 1.000000 0.000000
0.995875 -0.090741 0.000000 197.317805 0.090741 0.995875 0.000000 -38.362933 0.000000 0.000000 1.000000 0.000000
0.994827 -0.101580 0.000000 197.765438 0.101580 0.994827 0.000000 -38.328219 0.000000 0.000000 1.000000 0.000000
0.993425 -0.114481 0.000000 198.173660 0.114481 0.993425 0.000000 -38.300103 0.000000 0.000000 1.000000 0.000000
0.992155 -0.125013 0.000000 198.604365 0.125013 0.992155 0.000000 -38.261573 0.000000 0.000000 1.000000 0.000000
