1.000000 0.000142 0.000000 0.628520 -0.000142 1.000000 0.000000 -0.014686 0.000000 0.000000 1.000000 0.000000
0.999998 -0.002219 0.000000 1.293870 0.002219 0.999998 0.000000 -0.033144 0.000000 0.000000 1.000000 0.000000
0.999995 -0.003147 0.000000 1.919230 0.003147 0.999995 0.000000 -0.059534 0.000000 0.000000 1.000000 0.000000
0.999993 -0.003760 0.000000 2.541966 0.003760 0.999993 0.000000 -0.072704 0.000000 0.000000 1.000000 0.000000
0.999984 -0.005642 0.000000 3.162727 0.005642 0.999984 0.000000 -0.088850 0.000000 0.000000 1.000000 0.000000
0.999969 -0.007889 0.000000 3.782651 0.007889 0.999969 0.000000 -0.101515 0.000000 0.000000 1.000000 0.000000
0.999964 -0.008535 0.000000 4.398289 0.008535 0.999964 0.000000 -0.108562 0.000000 0.000000 1.000000 0.000000
0.999969 -0.007897 0.000000 5.024568 0.007897 0.999969 0.000000 -0.119696 0.000000 0.000000 1.000000 0.000000
0.999956 -0.009364 0.000000 5.643241 0.009364 0.999956 0.000000 -0.136231 0.000000 0.000000 1.000000 0.000000
0.999962 -0.008738 0.000000 6.294111 0.008738 0.999962 0.000000 -0.147003 0.000000 0.000000 1.000000 0.000000
0.999952 -0.009779 0.000000 6.879317 0.009779 0.999952 0.000000 -0.160654 0.000000 0.000000 1.000000 0.000000
0.999951 -0.009895 0.000000 7.501133 0.009895 0.999951 0.000000 -0.169398 0.000000 0.000000 1.000000 0.000000
0.999957 -0.009296 0.000000 8.124650 0.009296 0.999957 0.000000 -0.182492 0.000000 0.000000 1.000000 0.000000
0.999938 -0.011156 0.000000 8.776688 0.011156 0.999938 0.000000 -0.194737 0.000000 0.000000 1.000000 0.000000
0.999919 -0.012716 0.000000 9.401061 0.012716 0.999919 0.000000 -0.200520 0.000000 0.000000 1.000000 0.000000
0.999906 -0.013739 0.000000 10.022258 0.013739 0.999906 0.000000 -0.206848 0.000000 0.000000 1.000000 0.000000
0.999889 -0.014902 0.000000 10.641795 0.014902 0.999889 0.000000 -0.216865 0.000000 0.000000 1.000000 0.000000
0.999902 -0.013981 0.000000 11.265502 0.013981 0.999902 0.000000 -0.226724 0.000000 0.000000 1.000000 0.000000
0.999860 -0.016759 0.000000 11.883494 0.016759 0.999860 0.000000 -0.235791 0.000000 0.000000 1.000000 0.000000
0.999849 -0.017391 0.000000 12.484727 0.017391 0.999849 0.000000 -0.246304 0.000000 0.000000 1.000000 0.000000
0.999808 -0.019603 0.000000 13.107971 0.019603 0.999808 0.000000 -0.252037 0.000000 0.000000 1.000000 0.000000
0.999833 -0.018253 0.000000 13.730659 0.018253 0.999833 0.000000 -0.253969 0.000000 0.000000 1.000000 0.000000
0.999864 -0.016466 0.000000 14.312451 0.016466 0.999864 0.000000 -0.256613 0.000000 0.000000 1.000000 0.000000
0.999817 -0.019140 0.000000 14.939816 0.019140 0.999817 0.000000 -0.268167 0.000000 0.000000 1.000000 0.000000
0.999759 -0.021949 0.000000 15.550221 0.021949 0.999759 0.000000 -0.271659 0.000000 0.000000 1.000000 0.000000
0.999704 -0.024317 0.000000 16.143703 0.024317 0.999704 0.000000 -0.277418 0.000000 0.000000 1.000000 0.000000
0.999696 -0.024666 0.000000 16.765051 0.024666 0.999696 0.000000 -0.278581 0.000000 0.000000 1.000000 0.000000
0.999699 -0.024531 0.000000 17.394465 0.024531 0.999699 0.000000 -0.284230 0.000000 0.000000 1.000000 0.000000
0.999694 -0.024728 0.000000 18.016557 0.024728 0.999694 0.000000 -0.288962 0.000000 0.000000 1.000000 0.000000
0.999728 -0.023337 0.000000 18.603585 0.023337 0.999728 0.000000 -0.290560 0.000000 0.000000 1.000000 0.000000
0.999829 -0.018509 0.000000 19.231732 0.018509 0.999829 0.000000 -0.295299 0.000000 0.000000 1.000000 0.000000
0.999871 -0.016056 0.000000 19.820398 0.016056 0.999871 0.000000 -0.303089 0.000000 0.000000 1.000000 0.000000
0.999882 -0.015357 0.000000 20.440951 0.015357 0.999882 0.000000 -0.306648 0.000000 0.000000 1.000000 0.000000
0.999873 -0.015953 0.000000 21.079521 0.015953 0.999873 0.000000 -0.314376 0.000000 0.000000 1.000000 0.000000
0.999866 -0.016393 0.000000 21.898993 0.016393 0.999866 0.000000 -0.326937 0.000000 0.000000 1.000000 0.000000
0.999891 -0.014769 0.000000 22.533562 0.014769 0.999891 0.000000 -0.328341 0.000000 0.000000 1.000000 0.000000
0.999916 -0.012965 0.000000 23.168695 0.012965 0.999916 0.000000 -0.328170 0.000000 0.000000 1.000000 0.000000
0.999939 -0.011070 0.000000 23.800560 0.011070 0.999939 0.000000 -0.333289 0.000000 0.000000 1.000000 0.000000
0.999958 -0.009219 0.000000 24.430577 0.009219 0.999958 0.000000 -0.341349 0.000000 0.000000 1.000000 0.000000
0.999951 -0.009874 0.000000 25.072044 0.009874 0.999951 0.000000 -0.353444 0.000000 0.000000 1.000000 0.000000
0.999974 -0.007184 0.000000 25.702635 0.007184 0.999974 0.000000 -0.360759 0.000000 0.000000 1.000000 0.000000
0.999989 -0.004718 0.000000 26.343726 0.004718 0.999989 0.000000 -0.370901 0.000000 0.000000 1.000000 0.000000
0.999999 -0.001386 0.000000 26.979199 0.001386 0.999999 0.000000 -0.380857 0.000000 0.000000 1.000000 0.000000
1.000000 -0.000133 0.000000 27.616847 0.000133 1.000000 0.000000 -0.396790 0.000000 0.000000 1.000000 0.000000
0.999995 0.003063 0.000000 28.252719 -0.003063 0.999995 0.000000 -0.407209 0.000000 0.000000 1.000000 0.000000
0.999997 0.002492 0.000000 28.889681 -0.002492 0.999997 0.000000 -0.427903 0.000000 0.000000 1.000000 0.000000
0.999991 0.004168 0.000000 29.529230 -0.004168 0.999991 0.000000 -0.446299 0.000000 0.000000 1.000000 0.000000
0.999982 0.006081 0.000000 30.159128 -0.006081 0.999982 0.000000 -0.462030 0.000000 0.000000 1.000000 0.000000
0.999984 0.005597 0.000000 30.751974 -0.005597 0.999984 0.000000 -0.485896 0.000000 0.000000 1.000000 0.000000
0.999971 0.007660 0.000000 31.396690 -0.007660 0.999971 0.000000 -0.510104 0.000000 0.000000 1.000000 0.000000
0.999935 0.011439 0.000000 32.025104 -0.011439 0.999935 0.000000 -0.528728 0.000000 0.000000 1.000000 0.000000
0.999930 0.011832 0.000000 32.671403 -0.011832 0.999930 0.000000 -0.555197 0.000000 0.000000 1.000000 0.000000
0.999945 0.010481 0.000000 33.308861 -0.010481 0.999945 0.000000 -0.583030 0.000000 0.000000 1.000000 0.000000
0.999931 0.011706 0.000000 33.940051 -0.011706 0.999931 0.000000 -0.606110 0.000000 0.000000 1.000000 0.000000
0.999903 0.013930 0.000000 34.580967 -0.013930 0.999903 0.000000 -0.634047 0.000000 0.000000 1.000000 0.000000
0.999887 0.015061 0.000000 35.223604 -0.015061 0.999887 0.000000 -0.655508 0.000000 0.000000 1.000000 0.000000
0.999875 0.015824 0.000000 35.868859 -0.015824 0.999875 0.000000 -0.676195 0.000000 0.000000 1.000000 0.000000
0.999826 0.018633 0.000000 36.509432 -0.018633 0.999826 0.000000 -0.698463 0.000000 0.000000 1.000000 0.000000
0.999808 0.019618 0.000000 37.161791 -0.019618 0.999808 0.000000 -0.727161 0.000000 0.000000 1.000000 0.000000
0.999829 0.018511 0.000000 37.770057 -0.018511 0.999829 0.000000 -0.762264 0.000000 0.000000 1.000000 0.000000
0.999764 0.021732 0.000000 38.418310 -0.021732 0.999764 0.000000 -0.783972 0.000000 0.000000 1.000000 0.000000
0.999723 0.023520 0.000000 39.070191 -0.023520 0.999723 0.000000 -0.809133 0.000000 0.000000 1.000000 0.000000
0.999645 0.026642 0.000000 39.730458 -0.026642 0.999645 0.000000 -0.839443 0.000000 0.000000 1.000000 0.000000
0.999735 0.023037 0.000000 40.389303 -0.023037 0.999735 0.000000 -0.871855 0.000000 0.000000 1.000000 0.000000
0.999784 0.020783 0.000000 41.040176 -0.020783 0.999784 0.000000 -0.905597 0.000000 0.000000 1.000000 0.000000
0.999778 0.021059 0.000000 41.664620 -0.021059 0.999778 0.000000 -0.930629 0.000000 0.000000 1.000000 0.000000
0.999754 0.022166 0.000000 42.322183 -0.022166 0.999754 0.000000 -0.955731 0.000000 0.000000 1.000000 0.000000
0.999685 0.025085 0.000000 42.982920 -0.025085 0.999685 0.000000 -0.981136 0.000000 0.000000 1.000000 0.000000
0.999646 0.026602 0.000000 43.647063 -0.026602 0.999646 0.000000 -1.014948 0.000000 0.000000 1.000000 0.000000
0.999662 0.025997 0.000000 44.310435 -0.025997 0.999662 0.000000 -1.048917 0.000000 0.000000 1.000000 0.000000
0.999730 0.023251 0.000000 44.973860 -0.023251 0.999730 0.000000 -1.075299 0.000000 0.000000 1.000000 0.000000
0.999677 0.025397 0.000000 46.002569 -0.025397 0.999677 0.000000 -1.130414 0.000000 0.000000 1.000000 0.000000
0.999733 0.023117 0.000000 46.691173 -0.023117 0.999733 0.000000 -1.169996 0.000000 0.000000 1.000000 0.000000
0.999642 0.026742 0.000000 47.323681 -0.026742 0.999642 0.000000 -1.203054 0.000000 0.000000 1.000000 0.000000
0.999646 0.026616 0.000000 47.983494 -0.026616 0.999646 0.000000 -1.238655 0.000000 0.000000 1.000000 0.000000
0.999630 0.027210 0.000000 48.642981 -0.027210 0.999630 0.000000 -1.274088 0.000000 0.000000 1.000000 0.000000
0.999638 0.026887 0.000000 49.297076 -0.026887 0.999638 0.000000 -1.311988 0.000000 0.000000 1.000000 0.000000
0.999589 0.028670 0.000000 49.953645 -0.028670 0.999589 0.000000 -1.346962 0.000000 0.000000 1.000000 0.000000
0.999606 0.028054 0.000000 50.604002 -0.028054 0.999606 0.000000 -1.384857 0.000000 0.000000 1.000000 0.000000
0.999645 0.026655 0.000000 51.943183 -0.026655 0.999645 0.000000 -1.445539 0.000000 0.000000 1.000000 0.000000
0.999647 0.026586 0.000000 52.594348 -0.026586 0.999647 0.000000 -1.474814 0.000000 0.000000 1.000000 0.000000
0.999742 0.022696 0.000000 53.231112 -0.022696 0.999742 0.000000 -1.505063 0.000000 0.000000 1.000000 0.000000
0.999739 0.022856 0.000000 53.871337 -0.022856 0.999739 0.000000 -1.537658 0.000000 0.000000 1.000000 0.000000
0.999693 0.024776 0.000000 54.510578 -0.024776 0.999693 0.000000 -1.572837 0.000000 0.000000 1.000000 0.000000
0.999637 0.026948 0.000000 55.184879 -0.026948 0.999637 0.000000 -1.614526 0.000000 0.000000 1.000000 0.000000
0.999627 0.027304 0.000000 55.821598 -0.027304 0.999627 0.000000 -1.646119 0.000000 0.000000 1.000000 0.000000
0.999593 0.028522 0.000000 56.427278 -0.028522 0.999593 0.000000 -1.676634 0.000000 0.000000 1.000000 0.000000
0.999609 0.027960 0.000000 57.061468 -0.027960 0.999609 0.000000 -1.712694 0.000000 0.000000 1.000000 0.000000
0.999598 0.028364 0.000000 57.650957 -0.028364 0.999598 0.000000 -1.747594 0.000000 0.000000 1.000000 0.000000
0.999568 0.029378 0.000000 58.282156 -0.029378 0.999568 0.000000 -1.789432 0.000000 0.000000 1.000000 0.000000
0.999529 0.030683 0.000000 58.908168 -0.030683 0.999529 0.000000 -1.829266 0.000000 0.000000 1.000000 0.000000
0.999509 0.031348 0.000000 59.490992 -0.031348 0.999509 0.000000 -1.867152 0.000000 0.000000 1.000000 0.000000
0.999445 0.033311 0.000000 60.117512 -0.033311 0.999445 0.000000 -1.905714 0.000000 0.000000 1.000000 0.000000
0.999494 0.031818 0.000000 60.736978 -0.031818 0.999494 0.000000 -1.953153 0.000000 0.000000 1.000000 0.000000
0.999477 0.032350 0.000000 61.313072 -0.032350 0.999477 0.000000 -1.993327 0.000000 0.000000 1.000000 0.000000
0.999506 0.031425 0.000000 61.932378 -0.031425 0.999506 0.000000 -2.038807 0.000000 0.000000 1.000000 0.000000
0.999493 0.031838 0.000000 62.507904 -0.031838 0.999493 0.000000 -2.072537 0.000000 0.000000 1.000000 0.000000
0.999357 0.035862 0.000000 63.123221 -0.035862 0.999357 0.000000 -2.105407 0.000000 0.000000 1.000000 0.000000
0.999309 0.037172 0.000000 63.734790 -0.037172 0.999309 0.000000 -2.143280 0.000000 0.000000 1.000000 0.000000
0.999273 0.038121 0.000000 64.580250 -0.038121 0.999273 0.000000 -2.200109 0.000000 0.000000 1.000000 0.000000
0.999184 0.040397 0.000000 65.184684 -0.040397 0.999184 0.000000 -2.240979 0.000000 0.000000 1.000000 0.000000
0.999094 0.042548 0.000000 65.787412 -0.042548 0.999094 0.000000 -2.287504 0.000000 0.000000 1.000000 0.000000
0.999113 0.042098 0.000000 66.388346 -0.042098 0.999113 0.000000 -2.329226 0.000000 0.000000 1.000000 0.000000
0.999102 0.042361 0.000000 66.990531 -0.042361 0.999102 0.000000 -2.372996 0.000000 0.000000 1.000000 0.000000
0.999190 0.040246 0.000000 67.588806 -0.040246 0.999190 0.000000 -2.409730 0.000000 0.000000 1.000000 0.000000
0.999245 0.038859 0.000000 68.223753 -0.038859 0.999245 0.000000 -2.455610 0.000000 0.000000 1.000000 0.000000
0.999237 0.039068 0.000000 68.817778 -0.039068 0.999237 0.000000 -2.492895 0.000000 0.000000 1.000000 0.000000
0.999266 0.038301 0.000000 69.409478 -0.038301 0.999266 0.000000 -2.536785 0.000000 0.000000 1.000000 0.000000
0.999123 0.041873 0.000000 70.589076 -0.041873 0.999123 0.000000 -2.623676 0.000000 0.000000 1.000000 0.000000
0.999176 0.040579 0.000000 71.170924 -0.040579 0.999176 0.000000 -2.665009 0.000000 0.000000 1.000000 0.000000
0.999069 0.043151 0.000000 71.751855 -0.043151 0.999069 0.000000 -2.706903 0.000000 0.000000 1.000000 0.000000
0.999044 0.043712 0.000000 72.330378 -0.043712 0.999044 0.000000 -2.758657 0.000000 0.000000 1.000000 0.000000
0.999039 0.043824 0.000000 72.911458 -0.043824 0.999039 0.000000 -2.802062 0.000000 0.000000 1.000000 0.000000
0.998936 0.046114 0.000000 73.487401 -0.046114 0.998936 0.000000 -2.847270 0.000000 0.000000 1.000000 0.000000
0.998965 0.045478 0.000000 74.055929 -0.045478 0.998965 0.000000 -2.900320 0.000000 0.000000 1.000000 0.000000
0.999046 0.043666 0.000000 74.622869 -0.043666 0.999046 0.000000 -2.941035 0.000000 0.000000 1.000000 0.000000
0.999061 0.043328 0.000000 75.185700 -0.043328 0.999061 0.000000 -2.986718 0.000000 0.000000 1.000000 0.000000
0.998965 0.045487 0.000000 75.745982 -0.045487 0.998965 0.000000 -3.031661 0.000000 0.000000 1.000000 0.000000
0.998960 0.045590 0.000000 76.299411 -0.045590 0.998960 0.000000 -3.080018 0.000000 0.000000 1.000000 0.000000
0.998971 0.045361 0.000000 76.849230 -0.045361 0.998971 0.000000 -3.126667 0.000000 0.000000 1.000000 0.000000
0.998967 0.045442 0.000000 77.394573 -0.045442 0.998967 0.000000 -3.177627 0.000000 0.000000 1.000000 0.000000
0.998877 0.047377 0.000000 77.908681 -0.047377 0.998877 0.000000 -3.223845 0.000000 0.000000 1.000000 0.000000
0.998801 0.048964 0.000000 78.450375 -0.048964 0.998801 0.000000 -3.267707 0.000000 0.000000 1.000000 0.000000
0.998662 0.051710 0.000000 78.974708 -0.051710 0.998662 0.000000 -3.309013 0.000000 0.000000 1.000000 0.000000
0.998508 0.054607 0.000000 79.483716 -0.054607 0.998508 0.000000 -3.342191 0.000000 0.000000 1.000000 0.000000
0.998470 0.055296 0.000000 80.021125 -0.055296 0.998470 0.000000 -3.390451 0.000000 0.000000 1.000000 0.000000
0.998484 0.055048 0.000000 80.547235 -0.055048 0.998484 0.000000 -3.435743 0.000000 0.000000 1.000000 0.000000
0.998480 0.055121 0.000000 81.039916 -0.055121 0.998480 0.000000 -3.475018 0.000000 0.000000 1.000000 0.000000
0.998422 0.056162 0.000000 81.568783 -0.056162 0.998422 0.000000 -3.524488 0.000000 0.000000 1.000000 0.000000
0.998257 0.059022 0.000000 82.086229 -0.059022 0.998257 0.000000 -3.574498 0.000000 0.000000 1.000000 0.000000
0.998314 0.058039 0.000000 82.571784 -0.058039 0.998314 0.000000 -3.617371 0.000000 0.000000 1.000000 0.000000
0.998313 0.058064 0.000000 83.090707 -0.058064 0.998313 0.000000 -3.657845 0.000000 0.000000 1.000000 0.000000
0.998241 0.059287 0.000000 83.601212 -0.059287 0.998241 0.000000 -3.699050 0.000000 0.000000 1.000000 0.000000
0.998139 0.060976 0.000000 84.078604 -0.060976 0.998139 0.000000 -3.744593 0.000000 0.000000 1.000000 0.000000
0.998115 0.061364 0.000000 84.586609 -0.061364 0.998115 0.000000 -3.795125 0.000000 0.000000 1.000000 0.000000
0.998120 0.061291 0.000000 85.060976 -0.061291 0.998120 0.000000 -3.840969 0.000000 0.000000 1.000000 0.000000
0.997995 0.063287 0.000000 85.563706 -0.063287 0.997995 0.000000 -3.890732 0.000000 0.000000 1.000000 0.000000
0.998002 0.063180 0.000000 86.224974 -0.063180 0.998002 0.000000 -3.957832 0.000000 0.000000 1.000000 0.000000
0.997797 0.066348 0.000000 86.721104 -0.066348 0.997797 0.000000 -3.998795 0.000000 0.000000 1.000000 0.000000
0.997697 0.067831 0.000000 87.218623 -0.067831 0.997697 0.000000 -4.041301 0.000000 0.000000 1.000000 0.000000
0.997691 0.067917 0.000000 87.702400 -0.067917 0.997691 0.000000 -4.089556 0.000000 0.000000 1.000000 0.000000
0.997768 0.066773 0.000000 88.186133 -0.066773 0.997768 0.000000 -4.138203 0.000000 0.000000 1.000000 0.000000
0.997897 0.064815 0.000000 88.669684 -0.064815 0.997897 0.000000 -4.189415 0.000000 0.000000 1.000000 0.000000
0.997862 0.065360 0.000000 89.145326 -0.065360 0.997862 0.000000 -4.238977 0.000000 0.000000 1.000000 0.000000
0.997678 0.068109 0.000000 90.101355 -0.068109 0.997678 0.000000 -4.337782 0.000000 0.000000 1.000000 0.000000
0.997624 0.068892 0.000000 90.572258 -0.068892 0.997624 0.000000 -4.391331 0.000000 0.000000 1.000000 0.000000
0.997437 0.071553 0.000000 91.047227 -0.071553 0.997437 0.000000 -4.442683 0.000000 0.000000 1.000000 0.000000
0.997334 0.072977 0.000000 91.513213 -0.072977 0.997334 0.000000 -4.498352 0.000000 0.000000 1.000000 0.000000
0.997314 0.073244 0.000000 91.987623 -0.073244 0.997314 0.000000 -4.556084 0.000000 0.000000 1.000000 0.000000
0.997127 0.075749 0.000000 92.453787 -0.075749 0.997127 0.000000 -4.612313 0.000000 0.000000 1.000000 0.000000
0.997058 0.076650 0.000000 92.924041 -0.076650 0.997058 0.000000 -4.672756 0.000000 0.000000 1.000000 0.000000
0.996798 0.079956 0.000000 93.386213 -0.079956 0.996798 0.000000 -4.726896 0.000000 0.000000 1.000000 0.000000
0.996602 0.082366 0.000000 93.844875 -0.082366 0.996602 0.000000 -4.776330 0.000000 0.000000 1.000000 0.000000
0.996400 0.084780 0.000000 94.302254 -0.084780 0.996400 0.000000 -4.830723 0.000000 0.000000 1.000000 0.000000
0.996214 0.086939 0.000000 94.724258 -0.086939 0.996214 0.000000 -4.885375 0.000000 0.000000 1.000000 0.000000
0.996057 0.088713 0.000000 95.166633 -0.088713 0.996057 0.000000 -4.945206 0.000000 0.000000 1.000000 0.000000
0.995798 0.091577 0.000000 95.606376 -0.091577 0.995798 0.000000 -5.003157 0.000000 0.000000 1.000000 0.000000
0.995809 0.091453 0.000000 96.046279 -0.091453 0.995809 0.000000 -5.070372 0.000000 0.000000 1.000000 0.000000
0.995570 0.094018 0.000000 96.474946 -0.094018 0.995570 0.000000 -5.130973 0.000000 0.000000 1.000000 0.000000
0.995466 0.095120 0.000000 96.910840 -0.095120 0.995466 0.000000 -5.182412 0.000000 0.000000 1.000000 0.000000
0.994721 0.102617 0.000000 97.330582 -0.102617 0.994721 0.000000 -5.237809 0.000000 0.000000 1.000000 0.000000
0.994514 0.104602 0.000000 97.744053 -0.104602 0.994514 0.000000 -5.291680 0.000000 0.000000 1.000000 0.000000
0.994257 0.107017 0.000000 98.152521 -0.107017 0.994257 0.000000 -5.349154 0.000000 0.000000 1.000000 0.000000
0.994362 0.106035 0.000000 98.566408 -0.106035 0.994362 0.000000 -5.404299 0.000000 0.000000 1.000000 0.000000
0.994151 0.107997 0.000000 98.959705 -0.107997 0.994151 0.000000 -5.458657 0.000000 0.000000 1.000000 0.000000
0.994428 0.105416 0.000000 99.360982 -0.105416 0.994428 0.000000 -5.525869 0.000000 0.000000 1.000000 0.000000
0.993838 0.110843 0.000000 99.742098 -0.110843 0.993838 0.000000 -5.579365 0.000000 0.000000 1.000000 0.000000
0.993522 0.113637 0.000000 100.140841 -0.113637 0.993522 0.000000 -5.638371 0.000000 0.000000 1.000000 0.000000
0.993701 0.112068 0.000000 100.536325 -0.112068 0.993701 0.000000 -5.703291 0.000000 0.000000 1.000000 0.000000
0.993397 0.114730 0.000000 100.909530 -0.114730 0.993397 0.000000 -5.758162 0.000000 0.000000 1.000000 0.000000
0.992961 0.118439 0.000000 101.315390 -0.118439 0.992961 0.000000 -5.820670 0.000000 0.000000 1.000000 0.000000
0.992415 0.122935 0.000000 101.715784 -0.122935 0.992415 0.000000 -5.877820 0.000000 0.000000 1.000000 0.000000
0.992022 0.126067 0.000000 102.279982 -0.126067 0.992022 0.000000 -5.972350 0.000000 0.000000 1.000000 0.000000
0.991763 0.128090 0.000000 102.688019 -0.128090 0.991763 0.000000 -6.042500 0.000000 0.000000 1.000000 0.000000
0.991529 0.129886 0.000000 103.097590 -0.129886 0.991529 0.000000 -6.113618 0.000000 0.000000 1.000000 0.000000
0.991239 0.132080 0.000000 103.507215 -0.132080 0.991239 0.000000 -6.184080 0.000000 0.000000 1.000000 0.000000
0.990905 0.134561 0.000000 103.918935 -0.134561 0.990905 0.000000 -6.263299 0.000000 0.000000 1.000000 0.000000
0.990874 0.134791 0.000000 104.337493 -0.134791 0.990874 0.000000 -6.331877 0.000000 0.000000 1.000000 0.000000
0.990778 0.135493 0.000000 104.754925 -0.135493 0.990778 0.000000 -6.406093 0.000000 0.000000 1.000000 0.000000
0.990389 0.138307 0.000000 105.173331 -0.138307 0.990389 0.000000 -6.478406 0.000000 0.000000 1.000000 0.000000
0.989329 0.145700 0.000000 105.904508 -0.145700 0.989329 0.000000 -6.606945 0.000000 0.000000 1.000000 0.000000
0.989234 0.146344 0.000000 106.328332 -0.146344 0.989234 0.000000 -6.691210 0.000000 0.000000 1.000000 0.000000
0.989338 0.145638 0.000000 106.760552 -0.145638 0.989338 0.000000 -6.772749 0.000000 0.000000 1.000000 0.000000
0.989428 0.145022 0.000000 107.191078 -0.145022 0.989428 0.000000 -6.851305 0.000000 0.000000 1.000000 0.000000
0.989559 0.144128 0.000000 107.625294 -0.144128 0.989559 0.000000 -6.923885 0.000000 0.000000 1.000000 0.000000
0.989010 0.147852 0.000000 108.061449 -0.147852 0.989010 0.000000 -6.984806 0.000000 0.000000 1.000000 0.000000
0.989184 0.146677 0.000000 108.497151 -0.146677 0.989184 0.000000 -7.063511 0.000000 0.000000 1.000000 0.000000
0.989297 0.145919 0.000000 108.940888 -0.145919 0.989297 0.000000 -7.137505 0.000000 0.000000 1.000000 0.000000
0.989273 0.146078 0.000000 109.380416 -0.146078 0.989273 0.000000 -7.213076 0.000000 0.000000 1.000000 0.000000
0.989092 0.147300 0.000000 109.825607 -0.147300 0.989092 0.000000 -7.291721 0.000000 0.000000 1.000000 0.000000
0.988490 0.151284 0.000000 110.269441 -0.151284 0.988490 0.000000 -7.373693 0.000000 0.000000 1.000000 0.000000
0.988508 0.151169 0.000000 111.090476 -0.151169 0.988508 0.000000 -7.521262 0.000000 0.000000 1.000000 0.000000
0.988612 0.150485 0.000000 111.544009 -0.150485 0.988612 0.000000 -7.605051 0.000000 0.000000 1.000000 0.000000
0.988488 0.151300 0.000000 112.001902 -0.151300 0.988488 0.000000 -7.684485 0.000000 0.000000 1.000000 0.000000
0.988269 0.152722 0.000000 112.457861 -0.152722 0.988269 0.000000 -7.779211 0.000000 0.000000 1.000000 0.000000
0.987939 0.154846 0.000000 112.915230 -0.154846 0.987939 0.000000 -7.869387 0.000000 0.000000 1.000000 0.000000
0.987790 0.155789 0.000000 113.375901 -0.155789 0.987790 0.000000 -7.965829 0.000000 0.000000 1.000000 0.000000
0.987626 0.156829 0.000000 113.838732 -0.156829 0.987626 0.000000 -8.061370 0.000000 0.000000 1.000000 0.000000
0.987026 0.160560 0.000000 114.302084 -0.160560 0.987026 0.000000 -8.152610 0.000000 0.000000 1.000000 0.000000
0.986343 0.164706 0.000000 114.799853 -0.164706 0.986343 0.000000 -8.249074 0.000000 0.000000 1.000000 0.000000
0.985699 0.168517 0.000000 115.236102 -0.168517 0.985699 0.000000 -8.336990 0.000000 0.000000 1.000000 0.000000
0.985659 0.168747 0.000000 115.733476 -0.168747 0.985659 0.000000 -8.441990 0.000000 0.000000 1.000000 0.000000
0.985336 0.170624 0.000000 116.201204 -0.170624 0.985336 0.000000 -8.540242 0.000000 0.000000 1.000000 0.000000
0.984876 0.173259 0.000000 116.669344 -0.173259 0.984876 0.000000 -8.634329 0.000000 0.000000 1.000000 0.000000
0.985204 0.171386 0.000000 117.135946 -0.171386 0.985204 0.000000 -8.741892 0.000000 0.000000 1.000000 0.000000
0.984532 0.175205 0.000000 117.606546 -0.175205 0.984532 0.000000 -8.832905 0.000000 0.000000 1.000000 0.000000
0.984037 0.177963 0.000000 118.075163 -0.177963 0.984037 0.000000 -8.932982 0.000000 0.000000 1.000000 0.000000
0.983235 0.182343 0.000000 118.546519 -0.182343 0.983235 0.000000 -9.030783 0.000000 0.000000 1.000000 0.000000
0.981875 0.189527 0.000000 119.022429 -0.189527 0.981875 0.000000 -9.128640 0.000000 0.000000 1.000000 0.000000
0.981341 0.192275 0.000000 119.472537 -0.192275 0.981341 0.000000 -9.228661 0.000000 0.000000 1.000000 0.000000
0.981059 0.193707 0.000000 119.951090 -0.193707 0.981059 0.000000 -9.332183 0.000000 0.000000 1.000000 0.000000
0.980527 0.196386 0.000000 120.432289 -0.196386 0.980527 0.000000 -9.442151 0.000000 0.000000 1.000000 0.000000
0.980248 0.197770 0.000000 121.222980 -0.197770 0.980248 0.000000 -9.622550 0.000000 0.000000 1.000000 0.000000
0.980094 0.198535 0.000000 121.708520 -0.198535 0.980094 0.000000 -9.733643 0.000000 0.000000 1.000000 0.000000
0.982469 0.186424 0.000000 122.679227 -0.186424 0.982469 0.000000 -9.965709 0.000000 0.000000 1.000000 0.000000
0.982441 0.186572 0.000000 123.170120 -0.186572 0.982441 0.000000 -10.077881 0.000000 0.000000 1.000000 0.000000
0.982687 0.185274 0.000000 123.662376 -0.185274 0.982687 0.000000 -10.187979 0.000000 0.000000 1.000000 0.000000
0.982652 0.185457 0.000000 124.157928 -0.185457 0.982652 0.000000 -10.293111 0.000000 0.000000 1.000000 0.000000
0.983072 0.183219 0.000000 124.653266 -0.183219 0.983072 0.000000 -10.404279 0.000000 0.000000 1.000000 0.000000
0.982938 0.183939 0.000000 125.151146 -0.183939 0.982938 0.000000 -10.508264 0.000000 0.000000 1.000000 0.000000
0.983012 0.183540 0.000000 125.688360 -0.183540 0.983012 0.000000 -10.622633 0.000000 0.000000 1.000000 0.000000
0.982555 0.185972 0.000000 126.168933 -0.185972 0.982555 0.000000 -10.724397 0.000000 0.000000 1.000000 0.000000
0.982267 0.187488 0.000000 126.674346 -0.187488 0.982267 0.000000 -10.832068 0.000000 0.000000 1.000000 0.000000
0.982490 0.186317 0.000000 127.186583 -0.186317 0.982490 0.000000 -10.936527 0.000000 0.000000 1.000000 0.000000
0.983245 0.182291 0.000000 127.662859 -0.182291 0.983245 0.000000 -11.048246 0.000000 0.000000 1.000000 0.000000
0.983254 0.182240 0.000000 128.171849 -0.182240 0.983254 0.000000 -11.153516 0.000000 0.000000 1.000000 0.000000
0.983283 0.182083 0.000000 128.693881 -0.182083 0.983283 0.000000 -11.261208 0.000000 0.000000 1.000000 0.000000
0.982846 0.184428 0.000000 129.177758 -0.184428 0.982846 0.000000 -11.361928 0.000000 0.000000 1.000000 0.000000
0.983536 0.180710 0.000000 129.695875 -0.180710 0.983536 0.000000 -11.470271 0.000000 0.000000 1.000000 0.000000
0.982879 0.184253 0.000000 130.222114 -0.184253 0.982879 0.000000 -11.588090 0.000000 0.000000 1.000000 0.000000
0.982462 0.186464 0.000000 130.846405 -0.186464 0.982462 0.000000 -11.717767 0.000000 0.000000 1.000000 0.000000
0.982196 0.187857 0.000000 131.412364 -0.187857 0.982196 0.000000 -11.836042 0.000000 0.000000 1.000000 0.000000
0.981759 0.190129 0.000000 131.911232 -0.190129 0.981759 0.000000 -11.936282 0.000000 0.000000 1.000000 0.000000
0.981713 0.190369 0.000000 132.444601 -0.190369 0.981713 0.000000 -12.052737 0.000000 0.000000 1.000000 0.000000
0.980740 0.195317 0.000000 132.980357 -0.195317 0.980740 0.000000 -12.171337 0.000000 0.000000 1.000000 0.000000
0.980331 0.197361 0.000000 133.517317 -0.197361 0.980331 0.000000 -12.294485 0.000000 0.000000 1.000000 0.000000
0.979245 0.202679 0.000000 137.306682 -0.202679 0.979245 0.000000 -13.188894 0.000000 0.000000 1.000000 0.000000
0.979562 0.201143 0.000000 137.820482 -0.201143 0.979562 0.000000 -13.307777 0.000000 0.000000 1.000000 0.000000
0.980615 0.195946 0.000000 138.958158 -0.195946 0.980615 0.000000 -13.575204 0.000000 0.000000 1.000000 0.000000
0.979542 0.201238 0.000000 140.068542 -0.201238 0.979542 0.000000 -13.853164 0.000000 0.000000 1.000000 0.000000
0.979369 0.202081 0.000000 140.627415 -0.202081 0.979369 0.000000 -13.991058 0.000000 0.000000 1.000000 0.000000
0.979159 0.203094 0.000000 141.186576 -0.203094 0.979159 0.000000 -14.131489 0.000000 0.000000 1.000000 0.000000
0.978954 0.204082 0.000000 141.747504 -0.204082 0.978954 0.000000 -14.271955 0.000000 0.000000 1.000000 0.000000
0.979153 0.203126 0.000000 142.307450 -0.203126 0.979153 0.000000 -14.422983 0.000000 0.000000 1.000000 0.000000
0.979993 0.199032 0.000000 142.870548 -0.199032 0.979993 0.000000 -14.562600 0.000000 0.000000 1.000000 0.000000
0.979282 0.202500 0.000000 143.436793 -0.202500 0.979282 0.000000 -14.697713 0.000000 0.000000 1.000000 0.000000
0.979151 0.203135 0.000000 144.004830 -0.203135 0.979151 0.000000 -14.834547 0.000000 0.000000 1.000000 0.000000
0.979282 0.202499 0.000000 144.572359 -0.202499 0.979282 0.000000 -14.982987 0.000000 0.000000 1.000000 0.000000
0.978947 0.204116 0.000000 145.485555 -0.204116 0.978947 0.000000 -15.211948 0.000000 0.000000 1.000000 0.000000
0.977816 0.209464 0.000000 146.054480 -0.209464 0.977816 0.000000 -15.355523 0.000000 0.000000 1.000000 0.000000
0.977836 0.209371 0.000000 146.616687 -0.209371 0.977836 0.000000 -15.514223 0.000000 0.000000 1.000000 0.000000
0.976859 0.213884 0.000000 147.188470 -0.213884 0.976859 0.000000 -15.656667 0.000000 0.000000 1.000000 0.000000
0.975979 0.217864 0.000000 147.800241 -0.217864 0.975979 0.000000 -15.808981 0.000000 0.000000 1.000000 0.000000
0.975037 0.222044 0.000000 148.324749 -0.222044 0.975037 0.000000 -15.942437 0.000000 0.000000 1.000000 0.000000
0.974489 0.224435 0.000000 148.928000 -0.224435 0.974489 0.000000 -16.104068 0.000000 0.000000 1.000000 0.000000
0.974210 0.225644 0.000000 149.491398 -0.225644 0.974210 0.000000 -16.258882 0.000000 0.000000 1.000000 0.000000
0.973915 0.226915 0.000000 150.061857 -0.226915 0.973915 0.000000 -16.405179 0.000000 0.000000 1.000000 0.000000
0.973753 0.227608 0.000000 150.628916 -0.227608 0.973753 0.000000 -16.548638 0.000000 0.000000 1.000000 0.000000
0.973559 0.228435 0.000000 151.195062 -0.228435 0.973559 0.000000 -16.693317 0.000000 0.000000 1.000000 0.000000
0.973801 0.227403 0.000000 151.756867 -0.227403 0.973801 0.000000 -16.838307 0.000000 0.000000 1.000000 0.000000
0.974015 0.226483 0.000000 152.322162 -0.226483 0.974015 0.000000 -16.982287 0.000000 0.000000 1.000000 0.000000
0.973861 0.227145 0.000000 152.884697 -0.227145 0.973861 0.000000 -17.119177 0.000000 0.000000 1.000000 0.000000
0.974184 0.225754 0.000000 153.451689 -0.225754 0.974184 0.000000 -17.270916 0.000000 0.000000 1.000000 0.000000
0.973281 0.229618 0.000000 154.021218 -0.229618 0.973281 0.000000 -17.410176 0.000000 0.000000 1.000000 0.000000
0.972498 0.232911 0.000000 155.142169 -0.232911 0.972498 0.000000 -17.701016 0.000000 0.000000 1.000000 0.000000
0.972101 0.234564 0.000000 155.699801 -0.234564 0.972101 0.000000 -17.844123 0.000000 0.000000 1.000000 0.000000
0.971999 0.234984 0.000000 156.218703 -0.234984 0.971999 0.000000 -17.977960 0.000000 0.000000 1.000000 0.000000
0.971422 0.237361 0.000000 156.788360 -0.237361 0.971422 0.000000 -18.126516 0.000000 0.000000 1.000000 0.000000
0.970764 0.240038 0.000000 157.331343 -0.240038 0.970764 0.000000 -18.266501 0.000000 0.000000 1.000000 0.000000
0.970947 0.239294 0.000000 158.419448 -0.239294 0.970947 0.000000 -18.561680 0.000000 0.000000 1.000000 0.000000
0.971017 0.239011 0.000000 158.970074 -0.239011 0.971017 0.000000 -18.710041 0.000000 0.000000 1.000000 0.000000
0.970491 0.241138 0.000000 159.494367 -0.241138 0.970491 0.000000 -18.857922 0.000000 0.000000 1.000000 0.000000
0.970125 0.242604 0.000000 160.048392 -0.242604 0.970125 0.000000 -19.006758 0.000000 0.000000 1.000000 0.000000
0.970409 0.241468 0.000000 160.606413 -0.241468 0.970409 0.000000 -19.159409 0.000000 0.000000 1.000000 0.000000
0.969947 0.243318 0.000000 161.132143 -0.243318 0.969947 0.000000 -19.296398 0.000000 0.000000 1.000000 0.000000
0.969220 0.246196 0.000000 161.879932 -0.246196 0.969220 0.000000 -19.488714 0.000000 0.000000 1.000000 0.000000
0.967854 0.251515 0.000000 162.439853 -0.251515 0.967854 0.000000 -19.629341 0.000000 0.000000 1.000000 0.000000
0.967340 0.253481 0.000000 162.998806 -0.253481 0.967340 0.000000 -19.777220 0.000000 0.000000 1.000000 0.000000
0.965603 0.260019 0.000000 163.597859 -0.260019 0.965603 0.000000 -19.932476 0.000000 0.000000 1.000000 0.000000
0.965240 0.261365 0.000000 164.118548 -0.261365 0.965240 0.000000 -20.082206 0.000000 0.000000 1.000000 0.000000
0.965690 0.259699 0.000000 164.715109 -0.259699 0.965690 0.000000 -20.264643 0.000000 0.000000 1.000000 0.000000
0.964331 0.264699 0.000000 165.277750 -0.264699 0.964331 0.000000 -20.424065 0.000000 0.000000 1.000000 0.000000
0.964698 0.263358 0.000000 165.838147 -0.263358 0.964698 0.000000 -20.587563 0.000000 0.000000 1.000000 0.000000
0.963187 0.268833 0.000000 166.411169 -0.268833 0.963187 0.000000 -20.753220 0.000000 0.000000 1.000000 0.000000
0.963790 0.266661 0.000000 166.970007 -0.266661 0.963790 0.000000 -20.929962 0.000000 0.000000 1.000000 0.000000
0.963975 0.265991 0.000000 167.535418 -0.265991 0.963975 0.000000 -21.099420 0.000000 0.000000 1.000000 0.000000
0.963813 0.266579 0.000000 168.090435 -0.266579 0.963813 0.000000 -21.271095 0.000000 0.000000 1.000000 0.000000
0.965317 0.261081 0.000000 168.650734 -0.261081 0.965317 0.000000 -21.456090 0.000000 0.000000 1.000000 0.000000
0.966711 0.255869 0.000000 169.212756 -0.255869 0.966711 0.000000 -21.633216 0.000000 0.000000 1.000000 0.000000
0.966741 0.255758 0.000000 169.778760 -0.255758 0.966741 0.000000 -21.795778 0.000000 0.000000 1.000000 0.000000
0.966243 0.257634 0.000000 170.347377 -0.257634 0.966243 0.000000 -21.962969 0.000000 0.000000 1.000000 0.000000
0.966061 0.258313 0.000000 170.916608 -0.258313 0.966061 0.000000 -22.129711 0.000000 0.000000 1.000000 0.000000
0.965725 0.259566 0.000000 171.445108 -0.259566 0.965725 0.000000 -22.283483 0.000000 0.000000 1.000000 0.000000
0.965541 0.260251 0.000000 172.051224 -0.260251 0.965541 0.000000 -22.459888 0.000000 0.000000 1.000000 0.000000
0.965999 0.258545 0.000000 172.577023 -0.258545 0.965999 0.000000 -22.612842 0.000000 0.000000 1.000000 0.000000
0.965681 0.259732 0.000000 173.142386 -0.259732 0.965681 0.000000 -22.779409 0.000000 0.000000 1.000000 0.000000
0.965330 0.261032 0.000000 173.710991 -0.261032 0.965330 0.000000 -22.941561 0.000000 0.000000 1.000000 0.000000
0.964395 0.264467 0.000000 174.280101 -0.264467 0.964395 0.000000 -23.107494 0.000000 0.000000 1.000000 0.000000
0.961914 0.273351 0.000000 174.847012 -0.273351 0.961914 0.000000 -23.280129 0.000000 0.000000 1.000000 0.000000
0.961455 0.274961 0.000000 175.412218 -0.274961 0.961455 0.000000 -23.452647 0.000000 0.000000 1.000000 0.000000
0.961258 0.275651 0.000000 175.979157 -0.275651 0.961258 0.000000 -23.629514 0.000000 0.000000 1.000000 0.000000
0.961015 0.276496 0.000000 176.540440 -0.276496 0.961015 0.000000 -23.805252 0.000000 0.000000 1.000000 0.000000
0.960505 0.278264 0.000000 177.110344 -0.278264 0.960505 0.000000 -23.975033 0.000000 0.000000 1.000000 0.000000
0.959666 0.281142 0.000000 177.685735 -0.281142 0.959666 0.000000 -24.146721 0.000000 0.000000 1.000000 0.000000
0.959939 0.280209 0.000000 178.242038 -0.280209 0.959939 0.000000 -24.323786 0.000000 0.000000 1.000000 0.000000
0.959820 0.280616 0.000000 178.808465 -0.280616 0.959820 0.000000 -24.506985 0.000000 0.000000 1.000000 0.000000
0.958951 0.283572 0.000000 179.370817 -0.283572 0.958951 0.000000 -24.682747 0.000000 0.000000 1.000000 0.000000
0.958506 0.285072 0.000000 179.905516 -0.285072 0.958506 0.000000 -24.847472 0.000000 0.000000 1.000000 0.000000
0.958451 0.285257 0.000000 180.465804 -0.285257 0.958451 0.000000 -25.028654 0.000000 0.000000 1.000000 0.000000
0.958232 0.285993 0.000000 181.029641 -0.285993 0.958232 0.000000 -25.210273 0.000000 0.000000 1.000000 0.000000
0.958010 0.286734 0.000000 181.573127 -0.286734 0.958010 0.000000 -25.384551 0.000000 0.000000 1.000000 0.000000
0.958715 0.284368 0.000000 182.129972 -0.284368 0.958715 0.000000 -25.567582 0.000000 0.000000 1.000000 0.000000
0.958110 0.286400 0.000000 182.689150 -0.286400 0.958110 0.000000 -25.746724 0.000000 0.000000 1.000000 0.000000
0.959083 0.283126 0.000000 183.212268 -0.283126 0.959083 0.000000 -25.920662 0.000000 0.000000 1.000000 0.000000
0.959095 0.283083 0.000000 183.764389 -0.283083 0.959095 0.000000 -26.103417 0.000000 0.000000 1.000000 0.000000
0.957948 0.286943 0.000000 184.326349 -0.286943 0.957948 0.000000 -26.282571 0.000000 0.000000 1.000000 0.000000
0.957905 0.287084 0.000000 184.851712 -0.287084 0.957905 0.000000 -26.450437 0.000000 0.000000 1.000000 0.000000
0.957130 0.289659 0.000000 185.410332 -0.289659 0.957130 0.000000 -26.633005 0.000000 0.000000 1.000000 0.000000
0.956509 0.291704 0.000000 185.964257 -0.291704 0.956509 0.000000 -26.815540 0.000000 0.000000 1.000000 0.000000
0.955952 0.293523 0.000000 186.764493 -0.293523 0.955952 0.000000 -27.087552 0.000000 0.000000 1.000000 0.000000
0.955029 0.296511 0.000000 187.316883 -0.296511 0.955029 0.000000 -27.265683 0.000000 0.000000 1.000000 0.000000
0.954305 0.298833 0.000000 187.871360 -0.298833 0.954305 0.000000 -27.453318 0.000000 0.000000 1.000000 0.000000
0.954244 0.299028 0.000000 188.423713 -0.299028 0.954244 0.000000 -27.634074 0.000000 0.000000 1.000000 0.000000
0.953695 0.300777 0.000000 188.973103 -0.300777 0.953695 0.000000 -27.820024 0.000000 0.000000 1.000000 0.000000
0.954009 0.299779 0.000000 189.525028 -0.299779 0.954009 0.000000 -27.998653 0.000000 0.000000 1.000000 0.000000
0.955080 0.296349 0.000000 190.071367 -0.296349 0.955080 0.000000 -28.187976 0.000000 0.000000 1.000000 0.000000
0.954935 0.296815 0.000000 190.643234 -0.296815 0.954935 0.000000 -28.373841 0.000000 0.000000 1.000000 0.000000
0.954961 0.296731 0.000000 191.133512 -0.296731 0.954961 0.000000 -28.539876 0.000000 0.000000 1.000000 0.000000
0.954474 0.298294 0.000000 192.089001 -0.298294 0.954474 0.000000 -28.855014 0.000000 0.000000 1.000000 0.000000
0.954313 0.298810 0.000000 192.643860 -0.298810 0.954313 0.000000 -29.031785 0.000000 0.000000 1.000000 0.000000
0.953881 0.300185 0.000000 193.340883 -0.300185 0.953881 0.000000 -29.264773 0.000000 0.000000 1.000000 0.000000
0.953541 0.301262 0.000000 194.039436 -0.301262 0.953541 0.000000 -29.503446 0.000000 0.000000 1.000000 0.000000
0.952563 0.304342 0.000000 194.976559 -0.304342 0.952563 0.000000 -29.827854 0.000000 0.000000 1.000000 0.000000
0.952520 0.304477 0.000000 195.517763 -0.304477 0.952520 0.000000 -30.012321 0.000000 0.000000 1.000000 0.000000
0.952401 0.304848 0.000000 196.070093 -0.304848 0.952401 0.000000 -30.201197 0.000000 0.000000 1.000000 0.000000
0.952098 0.305794 0.000000 196.611324 -0.305794 0.952098 0.000000 -30.382618 0.000000 0.000000 1.000000 0.000000
0.951712 0.306991 0.000000 197.123283 -0.306991 0.951712 0.000000 -30.561612 0.000000 0.000000 1.000000 0.000000
0.952492 0.304563 0.000000 197.669211 -0.304563 0.952492 0.000000 -30.753489 0.000000 0.000000 1.000000 0.000000
0.951416 0.307909 0.000000 198.212057 -0.307909 0.951416 0.000000 -30.943797 0.000000 0.000000 1.000000 0.000000
0.951091 0.308910 0.000000 198.975962 -0.308910 0.951091 0.000000 -31.225769 0.000000 0.000000 1.000000 0.000000
0.951605 0.307324 0.000000 199.521579 -0.307324 0.951605 0.000000 -31.418751 0.000000 0.000000 1.000000 0.000000
0.951811 0.306686 0.000000 200.066880 -0.306686 0.951811 0.000000 -31.605068 0.000000 0.000000 1.000000 0.000000
0.951721 0.306966 0.000000 200.610759 -0.306966 0.951721 0.000000 -31.793522 0.000000 0.000000 1.000000 0.000000
0.953220 0.302276 0.000000 201.188979 -0.302276 0.953220 0.000000 -31.994354 0.000000 0.000000 1.000000 0.000000
0.953391 0.301738 0.000000 201.695916 -0.301738 0.953391 0.000000 -32.170448 0.000000 0.000000 1.000000 0.000000
0.953422 0.301641 0.000000 202.273770 -0.301641 0.953422 0.000000 -32.370896 0.000000 0.000000 1.000000 0.000000
0.953803 0.300432 0.000000 202.786096 -0.300432 0.953803 0.000000 -32.550197 0.000000 0.000000 1.000000 0.000000
0.953974 0.299888 0.000000 203.364447 -0.299888 0.953974 0.000000 -32.750369 0.000000 0.000000 1.000000 0.000000
0.954266 0.298960 0.000000 203.910366 -0.298960 0.954266 0.000000 -32.938488 0.000000 0.000000 1.000000 0.000000
0.954104 0.299476 0.000000 204.454534 -0.299476 0.954104 0.000000 -33.115555 0.000000 0.000000 1.000000 0.000000
0.955073 0.296369 0.000000 204.998262 -0.296369 0.955073 0.000000 -33.305897 0.000000 0.000000 1.000000 0.000000
0.954943 0.296790 0.000000 205.532397 -0.296790 0.954943 0.000000 -33.484759 0.000000 0.000000 1.000000 0.000000
0.955099 0.296287 0.000000 206.074347 -0.296287 0.955099 0.000000 -33.668969 0.000000 0.000000 1.000000 0.000000
0.955816 0.293967 0.000000 206.619606 -0.293967 0.955816 0.000000 -33.854007 0.000000 0.000000 1.000000 0.000000
0.956504 0.291720 0.000000 207.156843 -0.291720 0.956504 0.000000 -34.038165 0.000000 0.000000 1.000000 0.000000
0.954288 0.298889 0.000000 207.688788 -0.298889 0.954288 0.000000 -34.224670 0.000000 0.000000 1.000000 0.000000
0.954653 0.297721 0.000000 208.224903 -0.297721 0.954653 0.000000 -34.406691 0.000000 0.000000 1.000000 0.000000
