0.999989 0.004767 0.000000 0.545840 -0.004767 0.999989 0.000000 -0.001550 0.000000 0.000000 1.000000 0.000000
0.999949 0.010091 0.000000 1.126616 -0.010091 0.999949 0.000000 -0.018963 0.000000 0.000000 1.000000 0.000000
0.999876 0.015723 0.000000 1.666578 -0.015723 0.999876 0.000000 -0.033216 0.000000 0.000000 1.000000 0.000000
0.999727 0.023382 0.000000 2.387300 -0.023382 0.999727 0.000000 -0.055983 0.000000 0.000000 1.000000 0.000000
0.999613 0.027808 0.000000 2.960085 -0.027808 0.999613 0.000000 -0.087270 0.000000 0.000000 1.000000 0.000000
0.999519 0.031003 0.000000 3.537121 -0.031003 0.999519 0.000000 -0.114696 0.000000 0.000000 1.000000 0.000000
0.999367 0.035569 0.000000 4.113544 -0.035569 0.999367 0.000000 -0.139796 0.000000 0.000000 1.000000 0.000000
0.998857 0.047798 0.000000 5.260765 -0.047798 0.998857 0.000000 -0.199401 0.000000 0.000000 1.000000 0.000000
0.998709 0.050799 0.000000 5.805309 -0.050799 0.998709 0.000000 -0.223688 0.000000 0.000000 1.000000 0.000000
0.998378 0.056931 0.000000 6.383588 -0.056931 0.998378 0.000000 -0.253851 0.000000 0.000000 1.000000 0.000000
0.997949 0.064014 0.000000 6.927445 -0.064014 0.997949 0.000000 -0.286136 0.000000 0.000000 1.000000 0.000000
0.997484 0.070896 0.000000 7.491312 -0.070896 0.997484 0.000000 -0.324493 0.000000 0.000000 1.000000 0.000000
0.997026 0.077064 0.000000 8.024627 -0.077064 0.997026 0.000000 -0.362242 0.000000 0.000000 1.000000 0.000000
0.996677 0.081460 0.000000 8.601487 -0.081460 0.996677 0.000000 -0.421460 0.000000 0.000000 1.000000 0.000000
0.996175 0.087384 0.000000 9.139368 -0.087384 0.996175 0.000000 -0.476001 0.000000 0.000000 1.000000 0.000000
0.995276 0.097083 0.000000 9.894674 -0.097083 0.995276 0.000000 -0.546127 0.000000 0.000000 1.000000 0.000000
0.994252 0.107067 0.000000 10.465304 -0.107067 0.994252 0.000000 -0.653766 0.000000 0.000000 1.000000 0.000000
0.993537 0.113511 0.000000 11.021981 -0.113511 0.993537 0.000000 -0.719062 0.000000 0.000000 1.000000 0.000000
0.992965 0.118409 0.000000 11.577058 -0.118409 0.992965 0.000000 -0.784728 0.000000 0.000000 1.000000 0.000000
0.992377 0.123242 0.000000 12.146755 -0.123242 0.992377 0.000000 -0.859286 0.000000 0.000000 1.000000 0.000000
0.991587 0.129441 0.000000 12.675026 -0.129441 0.991587 0.000000 -0.937919 0.000000 0.000000 1.000000 0.000000
0.990710 0.135991 0.000000 13.199781 -0.135991 0.990710 0.000000 -1.008871 0.000000 0.000000 1.000000 0.000000
0.989862 0.142032 0.000000 13.765614 -0.142032 0.989862 0.000000 -1.092845 0.000000 0.000000 1.000000 0.000000
0.988513 0.151137 0.000000 14.285345 -0.151137 0.988513 0.000000 -1.179551 0.000000 0.000000 1.000000 0.000000
0.987348 0.158567 0.000000 14.845776 -0.158567 0.987348 0.000000 -1.269853 0.000000 0.000000 1.000000 0.000000
0.986013 0.166669 0.000000 15.585756 -0.166669 0.986013 0.000000 -1.392559 0.000000 0.000000 1.000000 0.000000
0.984554 0.175081 0.000000 16.140090 -0.175081 0.984554 0.000000 -1.498690 0.000000 0.000000 1.000000 0.000000
0.983036 0.183412 0.000000 16.733466 -0.183412 0.983036 0.000000 -1.606030 0.000000 0.000000 1.000000 0.000000
0.981691 0.190480 0.000000 17.284090 -0.190480 0.981691 0.000000 -1.719008 0.000000 0.000000 1.000000 0.000000
0.980230 0.197861 0.000000 17.829822 -0.197861 0.980230 0.000000 -1.829577 0.000000 0.000000 1.000000 0.000000
0.978961 0.204050 0.000000 18.340661 -0.204050 0.978961 0.000000 -1.936687 0.000000 0.000000 1.000000 0.000000
0.977643 0.210271 0.000000 18.889788 -0.210271 0.977643 0.000000 -2.050666 0.000000 0.000000 1.000000 0.000000
0.978174 0.207788 0.000000 19.396300 -0.207788 0.978174 0.000000 -2.158686 0.000000 0.000000 1.000000 0.000000
0.977171 0.212454 0.000000 19.931762 -0.212454 0.977171 0.000000 -2.276501 0.000000 0.000000 1.000000 0.000000
0.974924 0.222537 0.000000 20.970122 -0.222537 0.974924 0.000000 -2.519601 0.000000 0.000000 1.000000 0.000000
0.974037 0.226391 0.000000 21.461170 -0.226391 0.974037 0.000000 -2.642937 0.000000 0.000000 1.000000 0.000000
0.972716 0.231998 0.000000 21.992742 -0.231998 0.972716 0.000000 -2.768769 0.000000 0.000000 1.000000 0.000000
0.971208 0.238231 0.000000 22.663532 -0.238231 0.971208 0.000000 -2.936833 0.000000 0.000000 1.000000 0.000000
0.970067 0.242839 0.000000 23.149117 -0.242839 0.970067 0.000000 -3.063561 0.000000 0.000000 1.000000 0.000000
0.968892 0.247484 0.000000 23.633989 -0.247484 0.968892 0.000000 -3.186426 0.000000 0.000000 1.000000 0.000000
0.967079 0.254475 0.000000 24.150217 -0.254475 0.967079 0.000000 -3.325039 0.000000 0.000000 1.000000 0.000000
0.966400 0.257044 0.000000 24.637635 -0.257044 0.966400 0.000000 -3.454236 0.000000 0.000000 1.000000 0.000000
0.963874 0.266358 0.000000 25.314075 -0.266358 0.963874 0.000000 -3.645222 0.000000 0.000000 1.000000 0.000000
0.962404 0.271624 0.000000 25.826711 -0.271624 0.962404 0.000000 -3.793441 0.000000 0.000000 1.000000 0.000000
0.961429 0.275054 0.000000 26.342579 -0.275054 0.961429 0.000000 -3.950066 0.000000 0.000000 1.000000 0.000000
0.959959 0.280142 0.000000 26.837133 -0.280142 0.959959 0.000000 -4.105193 0.000000 0.000000 1.000000 0.000000
0.958734 0.284305 0.000000 27.353599 -0.284305 0.958734 0.000000 -4.270916 0.000000 0.000000 1.000000 0.000000
0.957397 0.288775 0.000000 27.865168 -0.288775 0.957397 0.000000 -4.435997 0.000000 0.000000 1.000000 0.000000
0.955399 0.295318 0.000000 28.340179 -0.295318 0.955399 0.000000 -4.585429 0.000000 0.000000 1.000000 0.000000
0.954301 0.298846 0.000000 28.850320 -0.298846 0.954301 0.000000 -4.762655 0.000000 0.000000 1.000000 0.000000
0.953024 0.302895 0.000000 29.331826 -0.302895 0.953024 0.000000 -4.925391 0.000000 0.000000 1.000000 0.000000
0.951082 0.308938 0.000000 29.836521 -0.308938 0.951082 0.000000 -5.088854 0.000000 0.000000 1.000000 0.000000
0.949369 0.314163 0.000000 30.317086 -0.314163 0.949369 0.000000 -5.245503 0.000000 0.000000 1.000000 0.000000
0.947269 0.320439 0.000000 30.818288 -0.320439 0.947269 0.000000 -5.417963 0.000000 0.000000 1.000000 0.000000
0.944952 0.327209 0.000000 31.295095 -0.327209 0.944952 0.000000 -5.583634 0.000000 0.000000 1.000000 0.000000
0.943020 0.332735 0.000000 31.802108 -0.332735 0.943020 0.000000 -5.764957 0.000000 0.000000 1.000000 0.000000
0.942052 0.335467 0.000000 32.264825 -0.335467 0.942052 0.000000 -5.931783 0.000000 0.000000 1.000000 0.000000
0.939267 0.343187 0.000000 32.958340 -0.343187 0.939267 0.000000 -6.191419 0.000000 0.000000 1.000000 0.000000
0.935496 0.353338 0.000000 33.668743 -0.353338 0.935496 0.000000 -6.462716 0.000000 0.000000 1.000000 0.000000
0.932618 0.360865 0.000000 34.163024 -0.360865 0.932618 0.000000 -6.654035 0.000000 0.000000 1.000000 0.000000
0.927247 0.374449 0.000000 35.017944 -0.374449 0.927247 0.000000 -6.992867 0.000000 0.000000 1.000000 0.000000
0.924966 0.380050 0.000000 35.502017 -0.380050 0.924966 0.000000 -7.196167 0.000000 0.000000 1.000000 0.000000
0.922867 0.385119 0.000000 35.981808 -0.385119 0.922867 0.000000 -7.403682 0.000000 0.000000 1.000000 0.000000
0.921369 0.388688 0.000000 36.458436 -0.388688 0.921369 0.000000 -7.612313 0.000000 0.000000 1.000000 0.000000
0.917180 0.398473 0.000000 36.937806 -0.398473 0.917180 0.000000 -7.809452 0.000000 0.000000 1.000000 0.000000
0.916538 0.399947 0.000000 37.441792 -0.399947 0.916538 0.000000 -8.031165 0.000000 0.000000 1.000000 0.000000
0.915836 0.401553 0.000000 37.878975 -0.401553 0.915836 0.000000 -8.225097 0.000000 0.000000 1.000000 0.000000
0.913403 0.407057 0.000000 38.344415 -0.407057 0.913403 0.000000 -8.428837 0.000000 0.000000 1.000000 0.000000
0.911836 0.410556 0.000000 38.804491 -0.410556 0.911836 0.000000 -8.640543 0.000000 0.000000 1.000000 0.000000
0.911526 0.411242 0.000000 39.262054 -0.411242 0.911526 0.000000 -8.842187 0.000000 0.000000 1.000000 0.000000
0.909627 0.415425 0.000000 39.696183 -0.415425 0.909627 0.000000 -9.046078 0.000000 0.000000 1.000000 0.000000
0.908468 0.417955 0.000000 40.141407 -0.417955 0.908468 0.000000 -9.254576 0.000000 0.000000 1.000000 0.000000
0.906903 0.421339 0.000000 40.549147 -0.421339 0.906903 0.000000 -9.458963 0.000000 0.000000 1.000000 0.000000
0.907080 0.420958 0.000000 40.981514 -0.420958 0.907080 0.000000 -9.682911 0.000000 0.000000 1.000000 0.000000
0.905544 0.424252 0.000000 41.382878 -0.424252 0.905544 0.000000 -9.878195 0.000000 0.000000 1.000000 0.000000
0.904867 0.425694 0.000000 41.807931 -0.425694 0.904867 0.000000 -10.095298 0.000000 0.000000 1.000000 0.000000
0.904851 0.425729 0.000000 42.216449 -0.425729 0.904851 0.000000 -10.294574 0.000000 0.000000 1.000000 0.000000
0.902969 0.429706 0.000000 42.614857 -0.429706 0.902969 0.000000 -10.497640 0.000000 0.000000 1.000000 0.000000
0.903278 0.429055 0.000000 43.014229 -0.429055 0.903278 0.000000 -10.691138 0.000000 0.000000 1.000000 0.000000
0.898834 0.438290 0.000000 43.410534 -0.438290 0.898834 0.000000 -10.870934 0.000000 0.000000 1.000000 0.000000
0.896509 0.443026 0.000000 43.796269 -0.443026 0.896509 0.000000 -11.064213 0.000000 0.000000 1.000000 0.000000
0.894994 0.446079 0.000000 44.167770 -0.446079 0.894994 0.000000 -11.257119 0.000000 0.000000 1.000000 0.000000
0.892879 0.450296 0.000000 44.555064 -0.450296 0.892879 0.000000 -11.459934 0.000000 0.000000 1.000000 0.000000
0.889379 0.457171 0.000000 45.109023 -0.457171 0.889379 0.000000 -11.759253 0.000000 0.000000 1.000000 0.000000
0.885195 0.465219 0.000000 45.501512 -0.465219 0.885195 0.000000 -11.982169 0.000000 0.000000 1.000000 0.000000
0.880293 0.474431 0.000000 45.865428 -0.474431 0.880293 0.000000 -12.185387 0.000000 0.000000 1.000000 0.000000
0.877450 0.479669 0.000000 46.226882 -0.479669 0.877450 0.000000 -12.394258 0.000000 0.000000 1.000000 0.000000
0.874949 0.484216 0.000000 46.579423 -0.484216 0.874949 0.000000 -12.598970 0.000000 0.000000 1.000000 0.000000
0.871202 0.490925 0.000000 46.930104 -0.490925 0.871202 0.000000 -12.801426 0.000000 0.000000 1.000000 0.000000
0.868578 0.495552 0.000000 47.270176 -0.495552 0.868578 0.000000 -13.001554 0.000000 0.000000 1.000000 0.000000
0.865358 0.501155 0.000000 47.615563 -0.501155 0.865358 0.000000 -13.195979 0.000000 0.000000 1.000000 0.000000
0.863090 0.505051 0.000000 47.952036 -0.505051 0.863090 0.000000 -13.390564 0.000000 0.000000 1.000000 0.000000
0.861340 0.508030 0.000000 48.278137 -0.508030 0.861340 0.000000 -13.589929 0.000000 0.000000 1.000000 0.000000
0.859032 0.511921 0.000000 48.600119 -0.511921 0.859032 0.000000 -13.785687 0.000000 0.000000 1.000000 0.000000
0.856563 0.516043 0.000000 49.235600 -0.516043 0.856563 0.000000 -14.189135 0.000000 0.000000 1.000000 0.000000
0.855626 0.517595 0.000000 49.540679 -0.517595 0.855626 0.000000 -14.376667 0.000000 0.000000 1.000000 0.000000
0.854883 0.518820 0.000000 49.830582 -0.518820 0.854883 0.000000 -14.554523 0.000000 0.000000 1.000000 0.000000
0.854835 0.518900 0.000000 50.109778 -0.518900 0.854835 0.000000 -14.724620 0.000000 0.000000 1.000000 0.000000
0.855263 0.518195 0.000000 50.398790 -0.518195 0.855263 0.000000 -14.912073 0.000000 0.000000 1.000000 0.000000
0.853936 0.520379 0.000000 50.668522 -0.520379 0.853936 0.000000 -15.076934 0.000000 0.000000 1.000000 0.000000
0.853125 0.521706 0.000000 50.951218 -0.521706 0.853125 0.000000 -15.253526 0.000000 0.000000 1.000000 0.000000
0.852586 0.522587 0.000000 51.206186 -0.522587 0.852586 0.000000 -15.420107 0.000000 0.000000 1.000000 0.000000
0.852759 0.522305 0.000000 51.481555 -0.522305 0.852759 0.000000 -15.591160 0.000000 0.000000 1.000000 0.000000
0.853457 0.521164 0.000000 51.726162 -0.521164 0.853457 0.000000 -15.759202 0.000000 0.000000 1.000000 0.000000
0.851855 0.523778 0.000000 51.972087 -0.523778 0.851855 0.000000 -15.912301 0.000000 0.000000 1.000000 0.000000
0.850946 0.525252 0.000000 52.233439 -0.525252 0.850946 0.000000 -16.073284 0.000000 0.000000 1.000000 0.000000
0.848049 0.529918 0.000000 52.599132 -0.529918 0.848049 0.000000 -16.307097 0.000000 0.000000 1.000000 0.000000
0.847148 0.531356 0.000000 52.864686 -0.531356 0.847148 0.000000 -16.469298 0.000000 0.000000 1.000000 0.000000
0.843580 0.537004 0.000000 53.104253 -0.537004 0.843580 0.000000 -16.621184 0.000000 0.000000 1.000000 0.000000
0.841015 0.541012 0.000000 53.344256 -0.541012 0.841015 0.000000 -16.773658 0.000000 0.000000 1.000000 0.000000
0.837825 0.545939 0.000000 53.580077 -0.545939 0.837825 0.000000 -16.920460 0.000000 0.000000 1.000000 0.000000
0.835079 0.550130 0.000000 53.809727 -0.550130 0.835079 0.000000 -17.072814 0.000000 0.000000 1.000000 0.000000
0.834759 0.550615 0.000000 54.029927 -0.550615 0.834759 0.000000 -17.227581 0.000000 0.000000 1.000000 0.000000
0.834439 0.551101 0.000000 54.240813 -0.551101 0.834439 0.000000 -17.382625 0.000000 0.000000 1.000000 0.000000
0.836738 0.547604 0.000000 54.452652 -0.547604 0.836738 0.000000 -17.532963 0.000000 0.000000 1.000000 0.000000
0.835931 0.548835 0.000000 54.654715 -0.548835 0.835931 0.000000 -17.678853 0.000000 0.000000 1.000000 0.000000
0.832433 0.554126 0.000000 55.060994 -0.554126 0.832433 0.000000 -17.952379 0.000000 0.000000 1.000000 0.000000
0.829051 0.559173 0.000000 55.251039 -0.559173 0.829051 0.000000 -18.070549 0.000000 0.000000 1.000000 0.000000
0.828370 0.560182 0.000000 55.425533 -0.560182 0.828370 0.000000 -18.198682 0.000000 0.000000 1.000000 0.000000
0.829046 0.559180 0.000000 55.600996 -0.559180 0.829046 0.000000 -18.334288 0.000000 0.000000 1.000000 0.000000
0.828457 0.560052 0.000000 55.770834 -0.560052 0.828457 0.000000 -18.451849 0.000000 0.000000 1.000000 0.000000
0.827539 0.561408 0.000000 55.935246 -0.561408 0.827539 0.000000 -18.565639 0.000000 0.000000 1.000000 0.000000
0.827604 0.561312 0.000000 56.105581 -0.561312 0.827604 0.000000 -18.692718 0.000000 0.000000 1.000000 0.000000
0.826965 0.562253 0.000000 56.261975 -0.562253 0.826965 0.000000 -18.805349 0.000000 0.000000 1.000000 0.000000
0.825591 0.564269 0.000000 56.433631 -0.564269 0.825591 0.000000 -18.922138 0.000000 0.000000 1.000000 0.000000
0.822242 0.569138 0.000000 56.759311 -0.569138 0.822242 0.000000 -19.148905 0.000000 0.000000 1.000000 0.000000
0.820966 0.570977 0.000000 56.918846 -0.570977 0.820966 0.000000 -19.255892 0.000000 0.000000 1.000000 0.000000
0.820437 0.571736 0.000000 57.072910 -0.571736 0.820437 0.000000 -19.364808 0.000000 0.000000 1.000000 0.000000
0.819016 0.573771 0.000000 57.336147 -0.573771 0.819016 0.000000 -19.536472 0.000000 0.000000 1.000000 0.000000
0.818065 0.575126 0.000000 57.495773 -0.575126 0.818065 0.000000 -19.656588 0.000000 0.000000 1.000000 0.000000
0.816021 0.578022 0.000000 57.655278 -0.578022 0.816021 0.000000 -19.770597 0.000000 0.000000 1.000000 0.000000
0.814147 0.580658 0.000000 57.818467 -0.580658 0.814147 0.000000 -19.885068 0.000000 0.000000 1.000000 0.000000
0.815008 0.579450 0.000000 57.983696 -0.579450 0.815008 0.000000 -20.000366 0.000000 0.000000 1.000000 0.000000
0.813820 0.581117 0.000000 58.142743 -0.581117 0.813820 0.000000 -20.120297 0.000000 0.000000 1.000000 0.000000
0.812880 0.582431 0.000000 58.305043 -0.582431 0.812880 0.000000 -20.242062 0.000000 0.000000 1.000000 0.000000
0.810252 0.586081 0.000000 58.636899 -0.586081 0.810252 0.000000 -20.486704 0.000000 0.000000 1.000000 0.000000
0.808483 0.588520 0.000000 58.806129 -0.588520 0.808483 0.000000 -20.611469 0.000000 0.000000 1.000000 0.000000
0.807150 0.590347 0.000000 58.977549 -0.590347 0.807150 0.000000 -20.741411 0.000000 0.000000 1.000000 0.000000
0.805324 0.592834 0.000000 59.144999 -0.592834 0.805324 0.000000 -20.868177 0.000000 0.000000 1.000000 0.000000
0.803497 0.595308 0.000000 59.315996 -0.595308 0.803497 0.000000 -21.000237 0.000000 0.000000 1.000000 0.000000
0.802734 0.596337 0.000000 59.481184 -0.596337 0.802734 0.000000 -21.130467 0.000000 0.000000 1.000000 0.000000
0.801052 0.598595 0.000000 59.645688 -0.598595 0.801052 0.000000 -21.257990 0.000000 0.000000 1.000000 0.000000
0.799474 0.600701 0.000000 59.825320 -0.600701 0.799474 0.000000 -21.400781 0.000000 0.000000 1.000000 0.000000
0.796843 0.604186 0.000000 59.996661 -0.604186 0.796843 0.000000 -21.532503 0.000000 0.000000 1.000000 0.000000
0.793225 0.608929 0.000000 60.173213 -0.608929 0.793225 0.000000 -21.661148 0.000000 0.000000 1.000000 0.000000
0.789688 0.613509 0.000000 60.358768 -0.613509 0.789688 0.000000 -21.811589 0.000000 0.000000 1.000000 0.000000
0.787670 0.616097 0.000000 60.532265 -0.616097 0.787670 0.000000 -21.953845 0.000000 0.000000 1.000000 0.000000
0.785674 0.618641 0.000000 60.726885 -0.618641 0.785674 0.000000 -22.111132 0.000000 0.000000 1.000000 0.000000
0.784081 0.620658 0.000000 60.908441 -0.620658 0.784081 0.000000 -22.259050 0.000000 0.000000 1.000000 0.000000
0.780742 0.624854 0.000000 61.107519 -0.624854 0.780742 0.000000 -22.416049 0.000000 0.000000 1.000000 0.000000
0.778688 0.627411 0.000000 61.287439 -0.627411 0.778688 0.000000 -22.572976 0.000000 0.000000 1.000000 0.000000
0.773686 0.633569 0.000000 61.574215 -0.633569 0.773686 0.000000 -22.809458 0.000000 0.000000 1.000000 0.000000
0.772067 0.635541 0.000000 61.764041 -0.635541 0.772067 0.000000 -22.970676 0.000000 0.000000 1.000000 0.000000
0.770575 0.637349 0.000000 61.969230 -0.637349 0.770575 0.000000 -23.147970 0.000000 0.000000 1.000000 0.000000
0.769222 0.638982 0.000000 62.166749 -0.638982 0.769222 0.000000 -23.315215 0.000000 0.000000 1.000000 0.000000
0.765731 0.643161 0.000000 62.572049 -0.643161 0.765731 0.000000 -23.670562 0.000000 0.000000 1.000000 0.000000
0.764255 0.644914 0.000000 62.771910 -0.644914 0.764255 0.000000 -23.848077 0.000000 0.000000 1.000000 0.000000
0.762762 0.646679 0.000000 62.961829 -0.646679 0.762762 0.000000 -24.023040 0.000000 0.000000 1.000000 0.000000
0.761651 0.647987 0.000000 63.166560 -0.647987 0.761651 0.000000 -24.206516 0.000000 0.000000 1.000000 0.000000
0.759397 0.650628 0.000000 63.452104 -0.650628 0.759397 0.000000 -24.442029 0.000000 0.000000 1.000000 0.000000
0.754922 0.655814 0.000000 63.656463 -0.655814 0.754922 0.000000 -24.618362 0.000000 0.000000 1.000000 0.000000
0.751747 0.659451 0.000000 63.852204 -0.659451 0.751747 0.000000 -24.788686 0.000000 0.000000 1.000000 0.000000
0.747909 0.663801 0.000000 64.051749 -0.663801 0.747909 0.000000 -24.967689 0.000000 0.000000 1.000000 0.000000
0.745361 0.666661 0.000000 64.237153 -0.666661 0.745361 0.000000 -25.137297 0.000000 0.000000 1.000000 0.000000
0.743539 0.668692 0.000000 64.421991 -0.668692 0.743539 0.000000 -25.305407 0.000000 0.000000 1.000000 0.000000
0.740864 0.671655 0.000000 64.615279 -0.671655 0.740864 0.000000 -25.487457 0.000000 0.000000 1.000000 0.000000
0.739961 0.672650 0.000000 64.794695 -0.672650 0.739961 0.000000 -25.658389 0.000000 0.000000 1.000000 0.000000
0.738311 0.674461 0.000000 64.973692 -0.674461 0.738311 0.000000 -25.832173 0.000000 0.000000 1.000000 0.000000
0.735954 0.677032 0.000000 65.164168 -0.677032 0.735954 0.000000 -26.012905 0.000000 0.000000 1.000000 0.000000
0.735878 0.677114 0.000000 65.342736 -0.677114 0.735878 0.000000 -26.181218 0.000000 0.000000 1.000000 0.000000
0.736756 0.676159 0.000000 65.587322 -0.676159 0.736756 0.000000 -26.422126 0.000000 0.000000 1.000000 0.000000
0.736435 0.676509 0.000000 65.784448 -0.676509 0.736435 0.000000 -26.614089 0.000000 0.000000 1.000000 0.000000
0.736005 0.676976 0.000000 65.967225 -0.676976 0.736005 0.000000 -26.793666 0.000000 0.000000 1.000000 0.000000
0.736729 0.676188 0.000000 66.147448 -0.676188 0.736729 0.000000 -26.975180 0.000000 0.000000 1.000000 0.000000
0.735293 0.677750 0.000000 66.330332 -0.677750 0.735293 0.000000 -27.150882 0.000000 0.000000 1.000000 0.000000
0.734836 0.678245 0.000000 66.510644 -0.678245 0.734836 0.000000 -27.323897 0.000000 0.000000 1.000000 0.000000
0.738490 0.674265 0.000000 66.684960 -0.674265 0.738490 0.000000 -27.504110 0.000000 0.000000 1.000000 0.000000
0.738674 0.674063 0.000000 66.866343 -0.674063 0.738674 0.000000 -27.662029 0.000000 0.000000 1.000000 0.000000
0.740895 0.671621 0.000000 67.046272 -0.671621 0.740895 0.000000 -27.827680 0.000000 0.000000 1.000000 0.000000
0.741791 0.670631 0.000000 67.206755 -0.670631 0.741791 0.000000 -27.983673 0.000000 0.000000 1.000000 0.000000
0.742684 0.669643 0.000000 67.543532 -0.669643 0.742684 0.000000 -28.303645 0.000000 0.000000 1.000000 0.000000
0.743050 0.669236 0.000000 67.711793 -0.669236 0.743050 0.000000 -28.461323 0.000000 0.000000 1.000000 0.000000
0.745571 0.666426 0.000000 67.878682 -0.666426 0.745571 0.000000 -28.620604 0.000000 0.000000 1.000000 0.000000
0.747739 0.663993 0.000000 68.027527 -0.663993 0.747739 0.000000 -28.772557 0.000000 0.000000 1.000000 0.000000
0.749419 0.662096 0.000000 68.188417 -0.662096 0.749419 0.000000 -28.924796 0.000000 0.000000 1.000000 0.000000
0.750683 0.660663 0.000000 68.342358 -0.660663 0.750683 0.000000 -29.071113 0.000000 0.000000 1.000000 0.000000
0.751158 0.660123 0.000000 68.505115 -0.660123 0.751158 0.000000 -29.217005 0.000000 0.000000 1.000000 0.000000
0.752448 0.658652 0.000000 68.784241 -0.658652 0.752448 0.000000 -29.465696 0.000000 0.000000 1.000000 0.000000
0.754047 0.656821 0.000000 68.944554 -0.656821 0.754047 0.000000 -29.612361 0.000000 0.000000 1.000000 0.000000
0.756621 0.653854 0.000000 69.099453 -0.653854 0.756621 0.000000 -29.755472 0.000000 0.000000 1.000000 0.000000
0.757008 0.653406 0.000000 69.253103 -0.653406 0.757008 0.000000 -29.894773 0.000000 0.000000 1.000000 0.000000
0.759405 0.650619 0.000000 69.404223 -0.650619 0.759405 0.000000 -30.030971 0.000000 0.000000 1.000000 0.000000
0.761711 0.647917 0.000000 69.554366 -0.647917 0.761711 0.000000 -30.167834 0.000000 0.000000 1.000000 0.000000
0.766687 0.642021 0.000000 69.850396 -0.642021 0.766687 0.000000 -30.431966 0.000000 0.000000 1.000000 0.000000
0.769729 0.638371 0.000000 69.983172 -0.638371 0.769729 0.000000 -30.550067 0.000000 0.000000 1.000000 0.000000
0.772608 0.634884 0.000000 70.117847 -0.634884 0.772608 0.000000 -30.664685 0.000000 0.000000 1.000000 0.000000
0.778191 0.628028 0.000000 70.350506 -0.628028 0.778191 0.000000 -30.863668 0.000000 0.000000 1.000000 0.000000
0.781836 0.623485 0.000000 70.669225 -0.623485 0.781836 0.000000 -31.107695 0.000000 0.000000 1.000000 0.000000
0.787853 0.615863 0.000000 70.853021 -0.615863 0.787853 0.000000 -31.261503 0.000000 0.000000 1.000000 0.000000
0.790297 0.612724 0.000000 70.973911 -0.612724 0.790297 0.000000 -31.353899 0.000000 0.000000 1.000000 0.000000
0.798372 0.602164 0.000000 71.207198 -0.602164 0.798372 0.000000 -31.540614 0.000000 0.000000 1.000000 0.000000
0.802073 0.597226 0.000000 71.322819 -0.597226 0.802073 0.000000 -31.630759 0.000000 0.000000 1.000000 0.000000
0.805432 0.592688 0.000000 71.426528 -0.592688 0.805432 0.000000 -31.710124 0.000000 0.000000 1.000000 0.000000
0.808038 0.589131 0.000000 71.534186 -0.589131 0.808038 0.000000 -31.793335 0.000000 0.000000 1.000000 0.000000
0.812395 0.583108 0.000000 71.697249 -0.583108 0.812395 0.000000 -31.914482 0.000000 0.000000 1.000000 0.000000
0.818382 0.574675 0.000000 71.902203 -0.574675 0.818382 0.000000 -32.061919 0.000000 0.000000 1.000000 0.000000
0.821783 0.569800 0.000000 71.999310 -0.569800 0.821783 0.000000 -32.131528 0.000000 0.000000 1.000000 0.000000
0.825211 0.564824 0.000000 72.090955 -0.564824 0.825211 0.000000 -32.199104 0.000000 0.000000 1.000000 0.000000
0.828717 0.559668 0.000000 72.179780 -0.559668 0.828717 0.000000 -32.264079 0.000000 0.000000 1.000000 0.000000
0.832258 0.554389 0.000000 72.274438 -0.554389 0.832258 0.000000 -32.332105 0.000000 0.000000 1.000000 0.000000
0.834462 0.551065 0.000000 72.356616 -0.551065 0.834462 0.000000 -32.390550 0.000000 0.000000 1.000000 0.000000
0.841056 0.540948 0.000000 72.520229 -0.540948 0.841056 0.000000 -32.506839 0.000000 0.000000 1.000000 0.000000
0.843340 0.537381 0.000000 72.593262 -0.537381 0.843340 0.000000 -32.558912 0.000000 0.000000 1.000000 0.000000
0.846034 0.533128 0.000000 72.661657 -0.533128 0.846034 0.000000 -32.609731 0.000000 0.000000 1.000000 0.000000
0.847605 0.530628 0.000000 72.723924 -0.530628 0.847605 0.000000 -32.652472 0.000000 0.000000 1.000000 0.000000
0.850908 0.525315 0.000000 72.782402 -0.525315 0.850908 0.000000 -32.697431 0.000000 0.000000 1.000000 0.000000
0.852566 0.522620 0.000000 72.832326 -0.522620 0.852566 0.000000 -32.732659 0.000000 0.000000 1.000000 0.000000
0.854292 0.519794 0.000000 72.880111 -0.519794 0.854292 0.000000 -32.765292 0.000000 0.000000 1.000000 0.000000
0.855724 0.517433 0.000000 72.953828 -0.517433 0.855724 0.000000 -32.809474 0.000000 0.000000 1.000000 0.000000
0.857118 0.515121 0.000000 72.985789 -0.515121 0.857118 0.000000 -32.832092 0.000000 0.000000 1.000000 0.000000
0.857633 0.514262 0.000000 73.021028 -0.514262 0.857633 0.000000 -32.851935 0.000000 0.000000 1.000000 0.000000
0.858133 0.513427 0.000000 73.051601 -0.513427 0.858133 0.000000 -32.871817 0.000000 0.000000 1.000000 0.000000
0.859072 0.511855 0.000000 73.079814 -0.511855 0.859072 0.000000 -32.889847 0.000000 0.000000 1.000000 0.000000
0.860000 0.510295 0.000000 73.100229 -0.510295 0.860000 0.000000 -32.899778 0.000000 0.000000 1.000000 0.000000
0.860276 0.509828 0.000000 73.121235 -0.509828 0.860276 0.000000 -32.906658 0.000000 0.000000 1.000000 0.000000
0.860371 0.509668 0.000000 73.134286 -0.509668 0.860371 0.000000 -32.912954 0.000000 0.000000 1.000000 0.000000
0.861868 0.507133 0.000000 73.154432 -0.507133 0.861868 0.000000 -32.929186 0.000000 0.000000 1.000000 0.000000
0.861288 0.508117 0.000000 73.160899 -0.508117 0.861288 0.000000 -32.931229 0.000000 0.000000 1.000000 0.000000
0.862164 0.506629 0.000000 73.164629 -0.506629 0.862164 0.000000 -32.934149 0.000000 0.000000 1.000000 0.000000
0.862183 0.506597 0.000000 73.163497 -0.506597 0.862183 0.000000 -32.931509 0.000000 0.000000 1.000000 0.000000
0.861505 0.507750 0.000000 73.164821 -0.507750 0.861505 0.000000 -32.926416 0.000000 0.000000 1.000000 0.000000
0.861403 0.507923 0.000000 73.161159 -0.507923 0.861403 0.000000 -32.926870 0.000000 0.000000 1.000000 0.000000
0.861115 0.508411 0.000000 73.162632 -0.508411 0.861115 0.000000 -32.925556 0.000000 0.000000 1.000000 0.000000
0.862016 0.506881 0.000000 73.163074 -0.506881 0.862016 0.000000 -32.930705 0.000000 0.000000 1.000000 0.000000
0.862081 0.506771 0.000000 73.163409 -0.506771 0.862081 0.000000 -32.932962 0.000000 0.000000 1.000000 0.000000
0.861353 0.508007 0.000000 73.168654 -0.508007 0.861353 0.000000 -32.934109 0.000000 0.000000 1.000000 0.000000
0.861174 0.508310 0.000000 73.172702 -0.508310 0.861174 0.000000 -32.931390 0.000000 0.000000 1.000000 0.000000
0.861216 0.508239 0.000000 73.172135 -0.508239 0.861216 0.000000 -32.930220 0.000000 0.000000 1.000000 0.000000
0.861104 0.508428 0.000000 73.170713 -0.508428 0.861104 0.000000 -32.927430 0.000000 0.000000 1.000000 0.000000
0.861059 0.508504 0.000000 73.170123 -0.508504 0.861059 0.000000 -32.926316 0.000000 0.000000 1.000000 0.000000
0.860975 0.508648 0.000000 73.171427 -0.508648 0.860975 0.000000 -32.923520 0.000000 0.000000 1.000000 0.000000
0.860820 0.508909 0.000000 73.171219 -0.508909 0.860820 0.000000 -32.922218 0.000000 0.000000 1.000000 0.000000
0.860737 0.509051 0.000000 73.171523 -0.509051 0.860737 0.000000 -32.922358 0.000000 0.000000 1.000000 0.000000
0.860717 0.509083 0.000000 73.171129 -0.509083 0.860717 0.000000 -32.922369 0.000000 0.000000 1.000000 0.000000
0.860755 0.509019 0.000000 73.170523 -0.509019 0.860755 0.000000 -32.919265 0.000000 0.000000 1.000000 0.000000
0.860718 0.509082 0.000000 73.169128 -0.509082 0.860718 0.000000 -32.920225 0.000000 0.000000 1.000000 0.000000
0.860725 0.509069 0.000000 73.169819 -0.509069 0.860725 0.000000 -32.919516 0.000000 0.000000 1.000000 0.000000
0.860737 0.509051 0.000000 73.169082 -0.509051 0.860737 0.000000 -32.920576 0.000000 0.000000 1.000000 0.000000
0.860724 0.509072 0.000000 73.167160 -0.509072 0.860724 0.000000 -32.921361 0.000000 0.000000 1.000000 0.000000
0.860725 0.509070 0.000000 73.168530 -0.509070 0.860725 0.000000 -32.921031 0.000000 0.000000 1.000000 0.000000
0.860605 0.509273 0.000000 73.166582 -0.509273 0.860605 0.000000 -32.922174 0.000000 0.000000 1.000000 0.000000
0.860501 0.509448 0.000000 73.170061 -0.509448 0.860501 0.000000 -32.924340 0.000000 0.000000 1.000000 0.000000
0.860441 0.509550 0.000000 73.170039 -0.509550 0.860441 0.000000 -32.926098 0.000000 0.000000 1.000000 0.000000
0.860403 0.509614 0.000000 73.169922 -0.509614 0.860403 0.000000 -32.925771 0.000000 0.000000 1.000000 0.000000
0.860449 0.509537 0.000000 73.170183 -0.509537 0.860449 0.000000 -32.925526 0.000000 0.000000 1.000000 0.000000
0.860440 0.509552 0.000000 73.170616 -0.509552 0.860440 0.000000 -32.926835 0.000000 0.000000 1.000000 0.000000
0.860418 0.509589 0.000000 73.173930 -0.509589 0.860418 0.000000 -32.927369 0.000000 0.000000 1.000000 0.000000
0.860393 0.509632 0.000000 73.175195 -0.509632 0.860393 0.000000 -32.927045 0.000000 0.000000 1.000000 0.000000
0.860405 0.509611 0.000000 73.177483 -0.509611 0.860405 0.000000 -32.925440 0.000000 0.000000 1.000000 0.000000
0.860334 0.509731 0.000000 73.177633 -0.509731 0.860334 0.000000 -32.927192 0.000000 0.000000 1.000000 0.000000
0.860375 0.509661 0.000000 73.177293 -0.509661 0.860375 0.000000 -32.929667 0.000000 0.000000 1.000000 0.000000
0.860390 0.509636 0.000000 73.177315 -0.509636 0.860390 0.000000 -32.929144 0.000000 0.000000 1.000000 0.000000
0.860379 0.509654 0.000000 73.179485 -0.509654 0.860379 0.000000 -32.928259 0.000000 0.000000 1.000000 0.000000
0.860361 0.509685 0.000000 73.180682 -0.509685 0.860361 0.000000 -32.929242 0.000000 0.000000 1.000000 0.000000
0.860439 0.509553 0.000000 73.182083 -0.509553 0.860439 0.000000 -32.927358 0.000000 0.000000 1.000000 0.000000
0.860820 0.508910 0.000000 73.181786 -0.508910 0.860820 0.000000 -32.928062 0.000000 0.000000 1.000000 0.000000
0.860773 0.508988 0.000000 73.181457 -0.508988 0.860773 0.000000 -32.926350 0.000000 0.000000 1.000000 0.000000
0.860728 0.509065 0.000000 73.180188 -0.509065 0.860728 0.000000 -32.924865 0.000000 0.000000 1.000000 0.000000
0.860693 0.509124 0.000000 73.181933 -0.509124 0.860693 0.000000 -32.925441 0.000000 0.000000 1.000000 0.000000
0.860690 0.509129 0.000000 73.182883 -0.509129 0.860690 0.000000 -32.926319 0.000000 0.000000 1.000000 0.000000
0.860843 0.508871 0.000000 73.184050 -0.508871 0.860843 0.000000 -32.927091 0.000000 0.000000 1.000000 0.000000
0.860862 0.508838 0.000000 73.185271 -0.508838 0.860862 0.000000 -32.925951 0.000000 0.000000 1.000000 0.000000
0.860705 0.509104 0.000000 73.184133 -0.509104 0.860705 0.000000 -32.925489 0.000000 0.000000 1.000000 0.000000
0.860184 0.509984 0.000000 73.185247 -0.509984 0.860184 0.000000 -32.924610 0.000000 0.000000 1.000000 0.000000
0.859787 0.510653 0.000000 73.186320 -0.510653 0.859787 0.000000 -32.925744 0.000000 0.000000 1.000000 0.000000
0.858527 0.512769 0.000000 73.187560 -0.512769 0.858527 0.000000 -32.922268 0.000000 0.000000 1.000000 0.000000
0.858415 0.512955 0.000000 73.189500 -0.512955 0.858415 0.000000 -32.926035 0.000000 0.000000 1.000000 0.000000
0.858359 0.513049 0.000000 73.193260 -0.513049 0.858359 0.000000 -32.930266 0.000000 0.000000 1.000000 0.000000
0.858481 0.512845 0.000000 73.192642 -0.512845 0.858481 0.000000 -32.932597 0.000000 0.000000 1.000000 0.000000
0.859157 0.511712 0.000000 73.188262 -0.511712 0.859157 0.000000 -32.938570 0.000000 0.000000 1.000000 0.000000
0.859770 0.510681 0.000000 73.186582 -0.510681 0.859770 0.000000 -32.941180 0.000000 0.000000 1.000000 0.000000
0.860299 0.509790 0.000000 73.184231 -0.509790 0.860299 0.000000 -32.943018 0.000000 0.000000 1.000000 0.000000
0.860608 0.509267 0.000000 73.179393 -0.509267 0.860608 0.000000 -32.943033 0.000000 0.000000 1.000000 0.000000
0.860718 0.509082 0.000000 73.177460 -0.509082 0.860718 0.000000 -32.943858 0.000000 0.000000 1.000000 0.000000
0.860926 0.508730 0.000000 73.173578 -0.508730 0.860926 0.000000 -32.944378 0.000000 0.000000 1.000000 0.000000
0.860945 0.508698 0.000000 73.175059 -0.508698 0.860945 0.000000 -32.943182 0.000000 0.000000 1.000000 0.000000
0.860976 0.508645 0.000000 73.174381 -0.508645 0.860976 0.000000 -32.943284 0.000000 0.000000 1.000000 0.000000
0.861079 0.508471 0.000000 73.173879 -0.508471 0.861079 0.000000 -32.944942 0.000000 0.000000 1.000000 0.000000
0.860972 0.508652 0.000000 73.171732 -0.508652 0.860972 0.000000 -32.947167 0.000000 0.000000 1.000000 0.000000
0.861159 0.508336 0.000000 73.168064 -0.508336 0.861159 0.000000 -32.945836 0.000000 0.000000 1.000000 0.000000
0.861247 0.508187 0.000000 73.166327 -0.508187 0.861247 0.000000 -32.944755 0.000000 0.000000 1.000000 0.000000
0.861307 0.508085 0.000000 73.165489 -0.508085 0.861307 0.000000 -32.945719 0.000000 0.000000 1.000000 0.000000
0.861496 0.507765 0.000000 73.164923 -0.507765 0.861496 0.000000 -32.944754 0.000000 0.000000 1.000000 0.000000
0.861801 0.507247 0.000000 73.161301 -0.507247 0.861801 0.000000 -32.948155 0.000000 0.000000 1.000000 0.000000
0.862419 0.506195 0.000000 73.156701 -0.506195 0.862419 0.000000 -32.952869 0.000000 0.000000 1.000000 0.000000
0.863024 0.505163 0.000000 73.154108 -0.505163 0.863024 0.000000 -32.954551 0.000000 0.000000 1.000000 0.000000
0.862892 0.505388 0.000000 73.155286 -0.505388 0.862892 0.000000 -32.953597 0.000000 0.000000 1.000000 0.000000
0.861901 0.507077 0.000000 73.158775 -0.507077 0.861901 0.000000 -32.949297 0.000000 0.000000 1.000000 0.000000
0.859936 0.510402 0.000000 73.169226 -0.510402 0.859936 0.000000 -32.943849 0.000000 0.000000 1.000000 0.000000
0.858418 0.512950 0.000000 73.179538 -0.512950 0.858418 0.000000 -32.941259 0.000000 0.000000 1.000000 0.000000
0.857054 0.515226 0.000000 73.187359 -0.515226 0.857054 0.000000 -32.939731 0.000000 0.000000 1.000000 0.000000
0.855435 0.517909 0.000000 73.190907 -0.517909 0.855435 0.000000 -32.935368 0.000000 0.000000 1.000000 0.000000
0.854039 0.520208 0.000000 73.195808 -0.520208 0.854039 0.000000 -32.930800 0.000000 0.000000 1.000000 0.000000
0.852752 0.522316 0.000000 73.201984 -0.522316 0.852752 0.000000 -32.926118 0.000000 0.000000 1.000000 0.000000
0.851623 0.524155 0.000000 73.210644 -0.524155 0.851623 0.000000 -32.926811 0.000000 0.000000 1.000000 0.000000
0.851191 0.524855 0.000000 73.222149 -0.524855 0.851191 0.000000 -32.933322 0.000000 0.000000 1.000000 0.000000
0.851015 0.525141 0.000000 73.229386 -0.525141 0.851015 0.000000 -32.937759 0.000000 0.000000 1.000000 0.000000
0.851307 0.524668 0.000000 73.239637 -0.524668 0.851307 0.000000 -32.942589 0.000000 0.000000 1.000000 0.000000
0.851781 0.523899 0.000000 73.249483 -0.523899 0.851781 0.000000 -32.949485 0.000000 0.000000 1.000000 0.000000
0.852720 0.522368 0.000000 73.259970 -0.522368 0.852720 0.000000 -32.957240 0.000000 0.000000 1.000000 0.000000
0.853197 0.521589 0.000000 73.272392 -0.521589 0.853197 0.000000 -32.965695 0.000000 0.000000 1.000000 0.000000
0.853154 0.521659 0.000000 73.287627 -0.521659 0.853154 0.000000 -32.974118 0.000000 0.000000 1.000000 0.000000
0.853104 0.521741 0.000000 73.302832 -0.521741 0.853104 0.000000 -32.984874 0.000000 0.000000 1.000000 0.000000
0.852625 0.522524 0.000000 73.320022 -0.522524 0.852625 0.000000 -32.989504 0.000000 0.000000 1.000000 0.000000
0.852069 0.523430 0.000000 73.338998 -0.523430 0.852069 0.000000 -32.995812 0.000000 0.000000 1.000000 0.000000
0.851445 0.524443 0.000000 73.373010 -0.524443 0.851445 0.000000 -33.010456 0.000000 0.000000 1.000000 0.000000
0.852313 0.523032 0.000000 73.384953 -0.523032 0.852313 0.000000 -33.024979 0.000000 0.000000 1.000000 0.000000
0.852311 0.523035 0.000000 73.401164 -0.523035 0.852311 0.000000 -33.034028 0.000000 0.000000 1.000000 0.000000
0.852955 0.521985 0.000000 73.414839 -0.521985 0.852955 0.000000 -33.041060 0.000000 0.000000 1.000000 0.000000
0.853369 0.521308 0.000000 73.424669 -0.521308 0.853369 0.000000 -33.049291 0.000000 0.000000 1.000000 0.000000
0.854976 0.518668 0.000000 73.432595 -0.518668 0.854976 0.000000 -33.058763 0.000000 0.000000 1.000000 0.000000
0.855794 0.517318 0.000000 73.444265 -0.517318 0.855794 0.000000 -33.068727 0.000000 0.000000 1.000000 0.000000
0.856249 0.516564 0.000000 73.452014 -0.516564 0.856249 0.000000 -33.073625 0.000000 0.000000 1.000000 0.000000
0.856276 0.516519 0.000000 73.456593 -0.516519 0.856276 0.000000 -33.073032 0.000000 0.000000 1.000000 0.000000
0.855759 0.517375 0.000000 73.461742 -0.517375 0.855759 0.000000 -33.071503 0.000000 0.000000 1.000000 0.000000
0.855421 0.517934 0.000000 73.466620 -0.517934 0.855421 0.000000 -33.070799 0.000000 0.000000 1.000000 0.000000
0.854853 0.518870 0.000000 73.467620 -0.518870 0.854853 0.000000 -33.071403 0.000000 0.000000 1.000000 0.000000
0.854771 0.519005 0.000000 73.465847 -0.519005 0.854771 0.000000 -33.072248 0.000000 0.000000 1.000000 0.000000
0.854562 0.519350 0.000000 73.467736 -0.519350 0.854562 0.000000 -33.073663 0.000000 0.000000 1.000000 0.000000
0.854693 0.519135 0.000000 73.465752 -0.519135 0.854693 0.000000 -33.079066 0.000000 0.000000 1.000000 0.000000
0.855270 0.518183 0.000000 73.463587 -0.518183 0.855270 0.000000 -33.080907 0.000000 0.000000 1.000000 0.000000
0.855663 0.517533 0.000000 73.459784 -0.517533 0.855663 0.000000 -33.083089 0.000000 0.000000 1.000000 0.000000
0.855787 0.517328 0.000000 73.455431 -0.517328 0.855787 0.000000 -33.083044 0.000000 0.000000 1.000000 0.000000
0.855795 0.517316 0.000000 73.453093 -0.517316 0.855795 0.000000 -33.085702 0.000000 0.000000 1.000000 0.000000
0.856252 0.516559 0.000000 73.453583 -0.516559 0.856252 0.000000 -33.083572 0.000000 0.000000 1.000000 0.000000
0.856545 0.516073 0.000000 73.452065 -0.516073 0.856545 0.000000 -33.086483 0.000000 0.000000 1.000000 0.000000
0.857667 0.514206 0.000000 73.449452 -0.514206 0.857667 0.000000 -33.091408 0.000000 0.000000 1.000000 0.000000
0.857937 0.513755 0.000000 73.448847 -0.513755 0.857937 0.000000 -33.090107 0.000000 0.000000 1.000000 0.000000
0.858494 0.512823 0.000000 73.447557 -0.512823 0.858494 0.000000 -33.092606 0.000000 0.000000 1.000000 0.000000
0.859392 0.511318 0.000000 73.447930 -0.511318 0.859392 0.000000 -33.095113 0.000000 0.000000 1.000000 0.000000
0.859687 0.510822 0.000000 73.446571 -0.510822 0.859687 0.000000 -33.094242 0.000000 0.000000 1.000000 0.000000
0.860156 0.510031 0.000000 73.446680 -0.510031 0.860156 0.000000 -33.093395 0.000000 0.000000 1.000000 0.000000
0.860458 0.509521 0.000000 73.445659 -0.509521 0.860458 0.000000 -33.094566 0.000000 0.000000 1.000000 0.000000
0.860569 0.509334 0.000000 73.443702 -0.509334 0.860569 0.000000 -33.096122 0.000000 0.000000 1.000000 0.000000
0.860953 0.508685 0.000000 73.442677 -0.508685 0.860953 0.000000 -33.097504 0.000000 0.000000 1.000000 0.000000
0.861031 0.508552 0.000000 73.443826 -0.508552 0.861031 0.000000 -33.099340 0.000000 0.000000 1.000000 0.000000
0.861981 0.506940 0.000000 73.441568 -0.506940 0.861981 0.000000 -33.102195 0.000000 0.000000 1.000000 0.000000
0.862358 0.506299 0.000000 73.441509 -0.506299 0.862358 0.000000 -33.104227 0.000000 0.000000 1.000000 0.000000
0.862830 0.505494 0.000000 73.439349 -0.505494 0.862830 0.000000 -33.106800 0.000000 0.000000 1.000000 0.000000
0.863346 0.504612 0.000000 73.436519 -0.504612 0.863346 0.000000 -33.109822 0.000000 0.000000 1.000000 0.000000
0.863580 0.504211 0.000000 73.434199 -0.504211 0.863580 0.000000 -33.111942 0.000000 0.000000 1.000000 0.000000
0.863667 0.504063 0.000000 73.434600 -0.504063 0.863667 0.000000 -33.113773 0.000000 0.000000 1.000000 0.000000
0.862577 0.505926 0.000000 73.441828 -0.505926 0.862577 0.000000 -33.108719 0.000000 0.000000 1.000000 0.000000
0.860947 0.508694 0.000000 73.450209 -0.508694 0.860947 0.000000 -33.105322 0.000000 0.000000 1.000000 0.000000
0.860106 0.510115 0.000000 73.459256 -0.510115 0.860106 0.000000 -33.104656 0.000000 0.000000 1.000000 0.000000
0.860030 0.510244 0.000000 73.470985 -0.510244 0.860030 0.000000 -33.112562 0.000000 0.000000 1.000000 0.000000
0.860210 0.509940 0.000000 73.483540 -0.509940 0.860210 0.000000 -33.120318 0.000000 0.000000 1.000000 0.000000
