1.000000 -0.000855 0.000000 0.630534 0.000855 1.000000 0.000000 0.011413 0.000000 0.000000 1.000000 0.000000
1.000000 0.000524 0.000000 1.256581 -0.000524 1.000000 0.000000 -0.078185 0.000000 0.000000 1.000000 0.000000
0.999996 -0.002711 0.000000 1.957264 0.002711 0.999996 0.000000 -0.023476 0.000000 0.000000 1.000000 0.000000
0.999999 -0.001344 0.000000 2.501875 0.001344 0.999999 0.000000 0.002646 0.000000 0.000000 1.000000 0.000000
1.000000 0.000539 0.000000 3.248638 -0.000539 1.000000 0.000000 -0.036793 0.000000 0.000000 1.000000 0.000000
0.999999 -0.001655 0.000000 3.928932 0.001655 0.999999 0.000000 -0.003676 0.000000 0.000000 1.000000 0.000000
0.999996 -0.002687 0.000000 4.479255 0.002687 0.999996 0.000000 -0.075869 0.000000 0.000000 1.000000 0.000000
1.000000 -0.000816 0.000000 5.366228 0.000816 1.000000 0.000000 -0.025665 0.000000 0.000000 1.000000 0.000000
0.999999 -0.001150 0.000000 6.013438 0.001150 0.999999 0.000000 -0.064088 0.000000 0.000000 1.000000 0.000000
0.999999 -0.001722 0.000000 6.539300 0.001722 0.999999 0.000000 -0.018687 0.000000 0.000000 1.000000 0.000000
0.999998 -0.001952 0.000000 7.125765 0.001952 0.999998 0.000000 -0.054923 0.000000 0.000000 1.000000 0.000000
0.999997 -0.002246 0.000000 8.394530 0.002246 0.999997 0.000000 -0.014681 0.000000 0.000000 1.000000 0.000000
0.999998 -0.002032 0.000000 9.015467 0.002032 0.999998 0.000000 -0.026895 0.000000 0.000000 1.000000 0.000000
0.999998 -0.001811 0.000000 9.666214 0.001811 0.999998 0.000000 -0.027957 0.000000 0.000000 1.000000 0.000000
0.999999 -0.001185 0.000000 10.387385 0.001185 0.999999 0.000000 -0.006834 0.000000 0.000000 1.000000 0.000000
0.999999 -0.001368 0.000000 10.961448 0.001368 0.999999 0.000000 -0.079578 0.000000 0.000000 1.000000 0.000000
0.999999 -0.001536 0.000000 11.593651 0.001536 0.999999 0.000000 -0.070568 0.000000 0.000000 1.000000 0.000000
0.999999 -0.001147 0.000000 12.301654 0.001147 0.999999 0.000000 -0.045917 0.000000 0.000000 1.000000 0.000000
1.000000 -0.000422 0.000000 12.911213 0.000422 1.000000 0.000000 0.012057 0.000000 0.000000 1.000000 0.000000
1.000000 -0.000600 0.000000 13.602747 0.000600 1.000000 0.000000 -0.073748 0.000000 0.000000 1.000000 0.000000
1.000000 -0.000836 0.000000 14.266580 0.000836 1.000000 0.000000 -0.040031 0.000000 0.000000 1.000000 0.000000
0.999998 0.002042 0.000000 14.844664 -0.002042 0.999998 0.000000 -0.023147 0.000000 0.000000 1.000000 0.000000
0.999999 -0.001105 0.000000 15.565631 0.001105 0.999999 0.000000 0.000838 0.000000 0.000000 1.000000 0.000000
1.000000 0.000514 0.000000 16.194363 -0.000514 1.000000 0.000000 0.012154 0.000000 0.000000 1.000000 0.000000
0.999994 0.003348 0.000000 16.781621 -0.003348 0.999994 0.000000 0.007916 0.000000 0.000000 1.000000 0.000000
0.999989 0.004683 0.000000 17.366512 -0.004683 0.999989 0.000000 -0.019569 0.000000 0.000000 1.000000 0.000000
0.999995 0.003019 0.000000 18.011926 -0.003019 0.999995 0.000000 -0.032050 0.000000 0.000000 1.000000 0.000000
0.999996 0.002821 0.000000 18.687190 -0.002821 0.999996 0.000000 -0.029948 0.000000 0.000000 1.000000 0.000000
0.999995 0.003284 0.000000 19.367027 -0.003284 0.999995 0.000000 -0.004535 0.000000 0.000000 1.000000 0.000000
0.999990 0.004378 0.000000 19.891327 -0.004378 0.999990 0.000000 0.009924 0.000000 0.000000 1.000000 0.000000
0.999991 0.004125 0.000000 20.581842 -0.004125 0.999991 0.000000 0.027983 0.000000 0.000000 1.000000 0.000000
0.999995 0.003181 0.000000 21.211040 -0.003181 0.999995 0.000000 0.005238 0.000000 0.000000 1.000000 0.000000
0.999995 0.003164 0.000000 21.779377 -0.003164 0.999995 0.000000 -0.044522 0.000000 0.000000 1.000000 0.000000
0.999996 0.002941 0.000000 22.367794 -0.002941 0.999996 0.000000 -0.041454 0.000000 0.000000 1.000000 0.000000
0.999999 0.001278 0.000000 22.892395 -0.001278 0.999999 0.000000 -0.073610 0.000000 0.000000 1.000000 0.000000
1.000000 0.000123 0.000000 23.545528 -0.000123 1.000000 0.000000 -0.092513 0.000000 0.000000 1.000000 0.000000
1.000000 0.000539 0.000000 24.251029 -0.000539 1.000000 0.000000 -0.101495 0.000000 0.000000 1.000000 0.000000
0.999995 -0.003275 0.000000 24.848623 0.003275 0.999995 0.000000 -0.113016 0.000000 0.000000 1.000000 0.000000
0.999995 -0.003056 0.000000 25.402294 0.003056 0.999995 0.000000 -0.128348 0.000000 0.000000 1.000000 0.000000
0.999998 -0.002106 0.000000 26.027962 0.002106 0.999998 0.000000 -0.138624 0.000000 0.000000 1.000000 0.000000
0.999996 -0.002730 0.000000 26.555703 0.002730 0.999996 0.000000 -0.170290 0.000000 0.000000 1.000000 0.000000
0.999990 -0.004431 0.000000 27.210552 0.004431 0.999990 0.000000 -0.154768 0.000000 0.000000 1.000000 0.000000
0.999988 -0.004834 0.000000 27.874251 0.004834 0.999988 0.000000 -0.176907 0.000000 0.000000 1.000000 0.000000
0.999967 -0.008064 0.000000 28.595612 0.008064 0.999967 0.000000 -0.147209 0.000000 0.000000 1.000000 0.000000
0.999963 -0.008586 0.000000 29.200610 0.008586 0.999963 0.000000 -0.204088 0.000000 0.000000 1.000000 0.000000
0.999976 -0.006884 0.000000 29.902574 0.006884 0.999976 0.000000 -0.164494 0.000000 0.000000 1.000000 0.000000
0.999961 -0.008821 0.000000 30.552964 0.008821 0.999961 0.000000 -0.186491 0.000000 0.000000 1.000000 0.000000
0.999952 -0.009839 0.000000 31.042910 0.009839 0.999952 0.000000 -0.188689 0.000000 0.000000 1.000000 0.000000
0.999951 -0.009884 0.000000 31.956014 0.009884 0.999951 0.000000 -0.204441 0.000000 0.000000 1.000000 0.000000
0.999947 -0.010313 0.000000 32.614295 0.010313 0.999947 0.000000 -0.143127 0.000000 0.000000 1.000000 0.000000
0.999974 -0.007257 0.000000 33.165305 0.007257 0.999974 0.000000 -0.132316 0.000000 0.000000 1.000000 0.000000
0.999976 -0.006923 0.000000 33.709220 0.006923 0.999976 0.000000 -0.150265 0.000000 0.000000 1.000000 0.000000
0.999981 -0.006194 0.000000 34.282356 0.006194 0.999981 0.000000 -0.147334 0.000000 0.000000 1.000000 0.000000
0.999988 -0.004864 0.000000 34.826422 0.004864 0.999988 0.000000 -0.187609 0.000000 0.000000 1.000000 0.000000
0.999987 -0.005158 0.000000 35.536909 0.005158 0.999987 0.000000 -0.243376 0.000000 0.000000 1.000000 0.000000
0.999994 -0.003467 0.000000 36.199869 0.003467 0.999994 0.000000 -0.210055 0.000000 0.000000 1.000000 0.000000
0.999999 -0.001673 0.000000 36.716519 0.001673 0.999999 0.000000 -0.237614 0.000000 0.000000 1.000000 0.000000
0.999994 -0.003400 0.000000 37.189637 0.003400 0.999994 0.000000 -0.150495 0.000000 0.000000 1.000000 0.000000
1.000000 -0.000865 0.000000 37.828190 0.000865 1.000000 0.000000 -0.122896 0.000000 0.000000 1.000000 0.000000
0.999998 -0.001789 0.000000 38.560097 0.001789 0.999998 0.000000 -0.117568 0.000000 0.000000 1.000000 0.000000
0.999994 -0.003514 0.000000 39.157689 0.003514 0.999994 0.000000 -0.123482 0.000000 0.000000 1.000000 0.000000
0.999996 -0.002706 0.000000 39.798691 0.002706 0.999996 0.000000 -0.020042 0.000000 0.000000 1.000000 0.000000
1.000000 0.000474 0.000000 40.317195 -0.000474 1.000000 0.000000 -0.032865 0.000000 0.000000 1.000000 0.000000
0.999995 0.003222 0.000000 40.824261 -0.003222 0.999995 0.000000 -0.059680 0.000000 0.000000 1.000000 0.000000
0.999985 0.005454 0.000000 41.442546 -0.005454 0.999985 0.000000 -0.061105 0.000000 0.000000 1.000000 0.000000
0.999990 0.004512 0.000000 42.106236 -0.004512 0.999990 0.000000 -0.104885 0.000000 0.000000 1.000000 0.000000
0.999980 0.006264 0.000000 42.763866 -0.006264 0.999980 0.000000 -0.096391 0.000000 0.000000 1.000000 0.000000
0.999970 0.007723 0.000000 43.386873 -0.007723 0.999970 0.000000 -0.096502 0.000000 0.000000 1.000000 0.000000
0.999988 0.004995 0.000000 44.170614 -0.004995 0.999988 0.000000 -0.072634 0.000000 0.000000 1.000000 0.000000
0.999981 0.006128 0.000000 44.857521 -0.006128 0.999981 0.000000 -0.093539 0.000000 0.000000 1.000000 0.000000
0.999991 0.004141 0.000000 45.482840 -0.004141 0.999991 0.000000 -0.035807 0.000000 0.000000 1.000000 0.000000
0.999980 0.006381 0.000000 45.995291 -0.006381 0.999980 0.000000 0.016323 0.000000 0.000000 1.000000 0.000000
0.999977 0.006809 0.000000 46.650877 -0.006809 0.999977 0.000000 -0.054681 0.000000 0.000000 1.000000 0.000000
0.999988 0.004962 0.000000 47.235032 -0.004962 0.999988 0.000000 -0.093977 0.000000 0.000000 1.000000 0.000000
0.999968 0.008030 0.000000 47.865147 -0.008030 0.999968 0.000000 -0.067380 0.000000 0.000000 1.000000 0.000000
0.999972 0.007499 0.000000 48.402363 -0.007499 0.999972 0.000000 -0.055252 0.000000 0.000000 1.000000 0.000000
0.999951 0.009904 0.000000 49.078566 -0.009904 0.999951 0.000000 -0.088866 0.000000 0.000000 1.000000 0.000000
0.999962 0.008711 0.000000 49.650188 -0.008711 0.999962 0.000000 -0.079307 0.000000 0.000000 1.000000 0.000000
0.999971 0.007564 0.000000 50.176781 -0.007564 0.999971 0.000000 -0.110270 0.000000 0.000000 1.000000 0.000000
0.999972 0.007464 0.000000 50.759961 -0.007464 0.999972 0.000000 -0.119806 0.000000 0.000000 1.000000 0.000000
0.999976 0.006973 0.000000 51.486684 -0.006973 0.999976 0.000000 -0.091981 0.000000 0.000000 1.000000 0.000000
0.999967 0.008103 0.000000 52.129723 -0.008103 0.999967 0.000000 -0.101085 0.000000 0.000000 1.000000 0.000000
0.999957 0.009257 0.000000 52.790613 -0.009257 0.999957 0.000000 -0.153946 0.000000 0.000000 1.000000 0.000000
0.999970 0.007713 0.000000 53.424270 -0.007713 0.999970 0.000000 -0.127165 0.000000 0.000000 1.000000 0.000000
0.999980 0.006255 0.000000 54.007188 -0.006255 0.999980 0.000000 -0.192206 0.000000 0.000000 1.000000 0.000000
0.999959 0.009020 0.000000 55.181558 -0.009020 0.999959 0.000000 -0.182883 0.000000 0.000000 1.000000 0.000000
0.999974 0.007155 0.000000 55.868610 -0.007155 0.999974 0.000000 -0.238994 0.000000 0.000000 1.000000 0.000000
0.999974 0.007194 0.000000 56.503315 -0.007194 0.999974 0.000000 -0.260982 0.000000 0.000000 1.000000 0.000000
0.999979 0.006503 0.000000 57.136267 -0.006503 0.999979 0.000000 -0.249352 0.000000 0.000000 1.000000 0.000000
0.999986 0.005318 0.000000 57.890545 -0.005318 0.999986 0.000000 -0.308667 0.000000 0.000000 1.000000 0.000000
0.999969 0.007874 0.000000 58.417351 -0.007874 0.999969 0.000000 -0.295888 0.000000 0.000000 1.000000 0.000000
0.999961 0.008798 0.000000 59.068647 -0.008798 0.999961 0.000000 -0.295973 0.000000 0.000000 1.000000 0.000000
0.999960 0.008984 0.000000 59.685224 -0.008984 0.999960 0.000000 -0.321075 0.000000 0.000000 1.000000 0.000000
0.999968 0.008010 0.000000 61.062907 -0.008010 0.999968 0.000000 -0.370660 0.000000 0.000000 1.000000 0.000000
0.999951 0.009857 0.000000 61.687662 -0.009857 0.999951 0.000000 -0.342245 0.000000 0.000000 1.000000 0.000000
0.999950 0.010002 0.000000 62.458935 -0.010002 0.999950 0.000000 -0.413627 0.000000 0.000000 1.000000 0.000000
0.999950 0.009972 0.000000 63.042993 -0.009972 0.999950 0.000000 -0.395931 0.000000 0.000000 1.000000 0.000000
0.999944 0.010600 0.000000 63.708549 -0.010600 0.999944 0.000000 -0.417731 0.000000 0.000000 1.000000 0.000000
0.999928 0.012001 0.000000 64.440827 -0.012001 0.999928 0.000000 -0.398492 0.000000 0.000000 1.000000 0.000000
0.999900 0.014135 0.000000 64.939921 -0.014135 0.999900 0.000000 -0.430051 0.000000 0.000000 1.000000 0.000000
0.999888 0.014952 0.000000 65.530938 -0.014952 0.999888 0.000000 -0.447338 0.000000 0.000000 1.000000 0.000000
0.999873 0.015932 0.000000 66.078677 -0.015932 0.999873 0.000000 -0.442794 0.000000 0.000000 1.000000 0.000000
0.999880 0.015521 0.000000 66.670086 -0.015521 0.999880 0.000000 -0.399124 0.000000 0.000000 1.000000 0.000000
0.999865 0.016454 0.000000 67.340455 -0.016454 0.999865 0.000000 -0.438718 0.000000 0.000000 1.000000 0.000000
0.999843 0.017697 0.000000 68.007879 -0.017697 0.999843 0.000000 -0.462760 0.000000 0.000000 1.000000 0.000000
0.999872 0.015988 0.000000 68.600679 -0.015988 0.999872 0.000000 -0.515967 0.000000 0.000000 1.000000 0.000000
0.999855 0.017032 0.000000 69.172352 -0.017032 0.999855 0.000000 -0.508603 0.000000 0.000000 1.000000 0.000000
0.999839 0.017950 0.000000 69.757885 -0.017950 0.999839 0.000000 -0.550122 0.000000 0.000000 1.000000 0.000000
0.999836 0.018102 0.000000 70.244367 -0.018102 0.999836 0.000000 -0.546152 0.000000 0.000000 1.000000 0.000000
0.999821 0.018944 0.000000 70.807044 -0.018944 0.999821 0.000000 -0.566395 0.000000 0.000000 1.000000 0.000000
0.999862 0.016620 0.000000 71.344736 -0.016620 0.999862 0.000000 -0.561469 0.000000 0.000000 1.000000 0.000000
0.999837 0.018060 0.000000 71.972445 -0.018060 0.999837 0.000000 -0.562338 0.000000 0.000000 1.000000 0.000000
0.999863 0.016569 0.000000 72.571295 -0.016569 0.999863 0.000000 -0.566831 0.000000 0.000000 1.000000 0.000000
0.999850 0.017321 0.000000 73.384556 -0.017321 0.999850 0.000000 -0.604439 0.000000 0.000000 1.000000 0.000000
0.999832 0.018315 0.000000 74.014320 -0.018315 0.999832 0.000000 -0.570538 0.000000 0.000000 1.000000 0.000000
0.999843 0.017719 0.000000 74.618849 -0.017719 0.999843 0.000000 -0.539058 0.000000 0.000000 1.000000 0.000000
0.999865 0.016414 0.000000 75.288771 -0.016414 0.999865 0.000000 -0.515520 0.000000 0.000000 1.000000 0.000000
0.999845 0.017606 0.000000 75.905433 -0.017606 0.999845 0.000000 -0.518699 0.000000 0.000000 1.000000 0.000000
0.999825 0.018693 0.000000 76.469456 -0.018693 0.999825 0.000000 -0.520001 0.000000 0.000000 1.000000 0.000000
0.999847 0.017488 0.000000 77.034273 -0.017488 0.999847 0.000000 -0.583838 0.000000 0.000000 1.000000 0.000000
0.999807 0.019625 0.000000 77.549774 -0.019625 0.999807 0.000000 -0.597652 0.000000 0.000000 1.000000 0.000000
0.999785 0.020733 0.000000 78.161426 -0.020733 0.999785 0.000000 -0.664598 0.000000 0.000000 1.000000 0.000000
0.999749 0.022393 0.000000 79.346101 -0.022393 0.999749 0.000000 -0.795836 0.000000 0.000000 1.000000 0.000000
0.999745 0.022589 0.000000 79.881499 -0.022589 0.999745 0.000000 -0.847443 0.000000 0.000000 1.000000 0.000000
0.999735 0.023006 0.000000 80.459973 -0.023006 0.999735 0.000000 -0.882106 0.000000 0.000000 1.000000 0.000000
0.999733 0.023096 0.000000 80.960377 -0.023096 0.999733 0.000000 -0.880393 0.000000 0.000000 1.000000 0.000000
0.999700 0.024493 0.000000 81.566986 -0.024493 0.999700 0.000000 -0.847515 0.000000 0.000000 1.000000 0.000000
0.999709 0.024134 0.000000 82.047917 -0.024134 0.999709 0.000000 -0.811249 0.000000 0.000000 1.000000 0.000000
0.999725 0.023442 0.000000 82.662602 -0.023442 0.999725 0.000000 -0.861267 0.000000 0.000000 1.000000 0.000000
0.999721 0.023631 0.000000 83.311174 -0.023631 0.999721 0.000000 -0.854812 0.000000 0.000000 1.000000 0.000000
0.999722 0.023595 0.000000 83.986162 -0.023595 0.999722 0.000000 -0.911148 0.000000 0.000000 1.000000 0.000000
0.999692 0.024822 0.000000 84.531811 -0.024822 0.999692 0.000000 -1.003019 0.000000 0.000000 1.000000 0.000000
0.999686 0.025054 0.000000 85.117723 -0.025054 0.999686 0.000000 -0.996995 0.000000 0.000000 1.000000 0.000000
0.999641 0.026781 0.000000 85.584996 -0.026781 0.999641 0.000000 -1.070013 0.000000 0.000000 1.000000 0.000000
0.999653 0.026324 0.000000 86.112588 -0.026324 0.999653 0.000000 -1.068593 0.000000 0.000000 1.000000 0.000000
0.999662 0.025981 0.000000 86.589847 -0.025981 0.999662 0.000000 -1.081796 0.000000 0.000000 1.000000 0.000000
0.999605 0.028087 0.000000 87.137326 -0.028087 0.999605 0.000000 -1.095496 0.000000 0.000000 1.000000 0.000000
0.999542 0.030246 0.000000 87.689008 -0.030246 0.999542 0.000000 -1.088241 0.000000 0.000000 1.000000 0.000000
0.999560 0.029673 0.000000 88.096521 -0.029673 0.999560 0.000000 -1.092003 0.000000 0.000000 1.000000 0.000000
0.999523 0.030869 0.000000 88.556016 -0.030869 0.999523 0.000000 -1.082418 0.000000 0.000000 1.000000 0.000000
0.999563 0.029549 0.000000 89.151486 -0.029549 0.999563 0.000000 -1.017746 0.000000 0.000000 1.000000 0.000000
0.999498 0.031672 0.000000 89.632106 -0.031672 0.999498 0.000000 -1.063755 0.000000 0.000000 1.000000 0.000000
0.999504 0.031479 0.000000 90.136541 -0.031479 0.999504 0.000000 -1.078395 0.000000 0.000000 1.000000 0.000000
0.999464 0.032729 0.000000 90.731822 -0.032729 0.999464 0.000000 -1.033408 0.000000 0.000000 1.000000 0.000000
0.999469 0.032591 0.000000 91.306181 -0.032591 0.999469 0.000000 -1.028817 0.000000 0.000000 1.000000 0.000000
0.999489 0.031964 0.000000 91.842026 -0.031964 0.999489 0.000000 -1.073964 0.000000 0.000000 1.000000 0.000000
0.999464 0.032739 0.000000 92.330920 -0.032739 0.999464 0.000000 -1.129257 0.000000 0.000000 1.000000 0.000000
0.999405 0.034499 0.000000 92.761044 -0.034499 0.999405 0.000000 -1.241732 0.000000 0.000000 1.000000 0.000000
0.999341 0.036309 0.000000 93.281834 -0.036309 0.999341 0.000000 -1.287823 0.000000 0.000000 1.000000 0.000000
0.999351 0.036034 0.000000 93.808948 -0.036034 0.999351 0.000000 -1.426408 0.000000 0.000000 1.000000 0.000000
0.999326 0.036700 0.000000 94.486743 -0.036700 0.999326 0.000000 -1.472785 0.000000 0.000000 1.000000 0.000000
0.999347 0.036125 0.000000 95.125111 -0.036125 0.999347 0.000000 -1.480337 0.000000 0.000000 1.000000 0.000000
0.999311 0.037123 0.000000 95.773481 -0.037123 0.999311 0.000000 -1.475044 0.000000 0.000000 1.000000 0.000000
0.999292 0.037627 0.000000 96.290739 -0.037627 0.999292 0.000000 -1.471361 0.000000 0.000000 1.000000 0.000000
0.999295 0.037554 0.000000 96.822212 -0.037554 0.999295 0.000000 -1.476607 0.000000 0.000000 1.000000 0.000000
0.999164 0.040890 0.000000 97.226317 -0.040890 0.999164 0.000000 -1.470800 0.000000 0.000000 1.000000 0.000000
0.999089 0.042665 0.000000 97.676219 -0.042665 0.999089 0.000000 -1.418378 0.000000 0.000000 1.000000 0.000000
0.999054 0.043494 0.000000 98.229840 -0.043494 0.999054 0.000000 -1.499891 0.000000 0.000000 1.000000 0.000000
0.998889 0.047116 0.000000 99.298672 -0.047116 0.998889 0.000000 -1.534039 0.000000 0.000000 1.000000 0.000000
0.998878 0.047366 0.000000 99.859663 -0.047366 0.998878 0.000000 -1.578376 0.000000 0.000000 1.000000 0.000000
0.998802 0.048942 0.000000 100.450249 -0.048942 0.998802 0.000000 -1.682802 0.000000 0.000000 1.000000 0.000000
0.998665 0.051653 0.000000 101.007943 -0.051653 0.998665 0.000000 -1.698244 0.000000 0.000000 1.000000 0.000000
0.998528 0.054232 0.000000 101.560115 -0.054232 0.998528 0.000000 -1.717058 0.000000 0.000000 1.000000 0.000000
0.998277 0.058676 0.000000 101.959536 -0.058676 0.998277 0.000000 -1.725209 0.000000 0.000000 1.000000 0.000000
0.998151 0.060786 0.000000 102.479217 -0.060786 0.998151 0.000000 -1.762821 0.000000 0.000000 1.000000 0.000000
0.997977 0.063571 0.000000 103.000980 -0.063571 0.997977 0.000000 -1.788346 0.000000 0.000000 1.000000 0.000000
0.997817 0.066047 0.000000 103.578797 -0.066047 0.997817 0.000000 -1.792808 0.000000 0.000000 1.000000 0.000000
0.997669 0.068237 0.000000 104.070539 -0.068237 0.997669 0.000000 -1.827972 0.000000 0.000000 1.000000 0.000000
0.997538 0.070131 0.000000 104.471381 -0.070131 0.997538 0.000000 -1.933798 0.000000 0.000000 1.000000 0.000000
0.997531 0.070225 0.000000 104.980310 -0.070225 0.997531 0.000000 -2.001160 0.000000 0.000000 1.000000 0.000000
0.997139 0.075587 0.000000 105.397550 -0.075587 0.997139 0.000000 -2.046820 0.000000 0.000000 1.000000 0.000000
0.996838 0.079462 0.000000 105.818125 -0.079462 0.996838 0.000000 -2.086161 0.000000 0.000000 1.000000 0.000000
0.996500 0.083596 0.000000 106.288372 -0.083596 0.996500 0.000000 -2.165853 0.000000 0.000000 1.000000 0.000000
0.996167 0.087467 0.000000 106.722811 -0.087467 0.996167 0.000000 -2.172894 0.000000 0.000000 1.000000 0.000000
0.995573 0.093991 0.000000 107.130193 -0.093991 0.995573 0.000000 -2.212266 0.000000 0.000000 1.000000 0.000000
0.994974 0.100135 0.000000 107.536143 -0.100135 0.994974 0.000000 -2.277073 0.000000 0.000000 1.000000 0.000000
0.994272 0.106884 0.000000 107.890320 -0.106884 0.994272 0.000000 -2.384580 0.000000 0.000000 1.000000 0.000000
0.994153 0.107982 0.000000 108.324271 -0.107982 0.994153 0.000000 -2.430013 0.000000 0.000000 1.000000 0.000000
0.993538 0.113500 0.000000 108.748841 -0.113500 0.993538 0.000000 -2.633862 0.000000 0.000000 1.000000 0.000000
0.993318 0.115409 0.000000 109.049820 -0.115409 0.993318 0.000000 -2.599016 0.000000 0.000000 1.000000 0.000000
0.993006 0.118062 0.000000 109.531510 -0.118062 0.993006 0.000000 -2.729334 0.000000 0.000000 1.000000 0.000000
0.992540 0.121920 0.000000 109.928951 -0.121920 0.992540 0.000000 -2.765439 0.000000 0.000000 1.000000 0.000000
0.992491 0.122317 0.000000 110.285764 -0.122317 0.992491 0.000000 -2.705654 0.000000 0.000000 1.000000 0.000000
0.992374 0.123263 0.000000 110.659258 -0.123263 0.992374 0.000000 -2.776560 0.000000 0.000000 1.000000 0.000000
0.991943 0.126684 0.000000 111.129378 -0.126684 0.991943 0.000000 -2.876637 0.000000 0.000000 1.000000 0.000000
0.991608 0.129285 0.000000 111.581405 -0.129285 0.991608 0.000000 -2.895164 0.000000 0.000000 1.000000 0.000000
0.991032 0.133626 0.000000 112.150855 -0.133626 0.991032 0.000000 -3.035848 0.000000 0.000000 1.000000 0.000000
0.990827 0.135139 0.000000 112.596953 -0.135139 0.990827 0.000000 -3.137635 0.000000 0.000000 1.000000 0.000000
0.990419 0.138094 0.000000 112.985601 -0.138094 0.990419 0.000000 -3.222288 0.000000 0.000000 1.000000 0.000000
0.990415 0.138122 0.000000 113.511679 -0.138122 0.990415 0.000000 -3.292464 0.000000 0.000000 1.000000 0.000000
0.990266 0.139187 0.000000 113.923778 -0.139187 0.990266 0.000000 -3.344358 0.000000 0.000000 1.000000 0.000000
0.990085 0.140472 0.000000 114.326958 -0.140472 0.990085 0.000000 -3.357771 0.000000 0.000000 1.000000 0.000000
0.990127 0.140175 0.000000 114.833948 -0.140175 0.990127 0.000000 -3.473037 0.000000 0.000000 1.000000 0.000000
0.989971 0.141272 0.000000 115.291111 -0.141272 0.989971 0.000000 -3.517614 0.000000 0.000000 1.000000 0.000000
0.989631 0.143632 0.000000 116.096202 -0.143632 0.989631 0.000000 -3.608915 0.000000 0.000000 1.000000 0.000000
0.989288 0.145975 0.000000 116.513962 -0.145975 0.989288 0.000000 -3.716386 0.000000 0.000000 1.000000 0.000000
0.989162 0.146827 0.000000 116.975256 -0.146827 0.989162 0.000000 -3.695795 0.000000 0.000000 1.000000 0.000000
0.988717 0.149793 0.000000 117.555607 -0.149793 0.988717 0.000000 -3.819316 0.000000 0.000000 1.000000 0.000000
0.988937 0.148334 0.000000 117.963375 -0.148334 0.988937 0.000000 -3.777450 0.000000 0.000000 1.000000 0.000000
0.988511 0.151152 0.000000 118.371099 -0.151152 0.988511 0.000000 -3.882157 0.000000 0.000000 1.000000 0.000000
0.988239 0.152914 0.000000 118.821494 -0.152914 0.988239 0.000000 -3.965545 0.000000 0.000000 1.000000 0.000000
0.988124 0.153657 0.000000 119.210538 -0.153657 0.988124 0.000000 -3.991520 0.000000 0.000000 1.000000 0.000000
0.987917 0.154986 0.000000 119.547990 -0.154986 0.987917 0.000000 -4.056865 0.000000 0.000000 1.000000 0.000000
0.987687 0.156441 0.000000 119.922976 -0.156441 0.987687 0.000000 -4.085187 0.000000 0.000000 1.000000 0.000000
0.987370 0.158431 0.000000 120.325552 -0.158431 0.987370 0.000000 -4.221302 0.000000 0.000000 1.000000 0.000000
0.987107 0.160059 0.000000 121.304887 -0.160059 0.987107 0.000000 -4.374630 0.000000 0.000000 1.000000 0.000000
0.986952 0.161017 0.000000 121.759650 -0.161017 0.986952 0.000000 -4.506432 0.000000 0.000000 1.000000 0.000000
0.986864 0.161551 0.000000 122.220647 -0.161551 0.986864 0.000000 -4.605612 0.000000 0.000000 1.000000 0.000000
0.986527 0.163596 0.000000 122.762984 -0.163596 0.986527 0.000000 -4.712570 0.000000 0.000000 1.000000 0.000000
0.986351 0.164655 0.000000 123.236346 -0.164655 0.986351 0.000000 -4.824034 0.000000 0.000000 1.000000 0.000000
0.986063 0.166371 0.000000 123.742756 -0.166371 0.986063 0.000000 -4.872366 0.000000 0.000000 1.000000 0.000000
0.986239 0.165324 0.000000 124.279024 -0.165324 0.986239 0.000000 -4.942433 0.000000 0.000000 1.000000 0.000000
0.985991 0.166796 0.000000 124.867762 -0.166796 0.985991 0.000000 -5.077098 0.000000 0.000000 1.000000 0.000000
0.985534 0.169477 0.000000 125.350486 -0.169477 0.985534 0.000000 -5.110140 0.000000 0.000000 1.000000 0.000000
0.985209 0.171359 0.000000 125.895418 -0.171359 0.985209 0.000000 -5.257784 0.000000 0.000000 1.000000 0.000000
0.984950 0.172838 0.000000 126.412282 -0.172838 0.984950 0.000000 -5.403111 0.000000 0.000000 1.000000 0.000000
0.984925 0.172982 0.000000 126.944367 -0.172982 0.984925 0.000000 -5.452948 0.000000 0.000000 1.000000 0.000000
0.984419 0.175837 0.000000 127.377889 -0.175837 0.984419 0.000000 -5.546505 0.000000 0.000000 1.000000 0.000000
0.984351 0.176218 0.000000 127.949411 -0.176218 0.984351 0.000000 -5.655965 0.000000 0.000000 1.000000 0.000000
0.984346 0.176249 0.000000 128.452668 -0.176249 0.984346 0.000000 -5.757503 0.000000 0.000000 1.000000 0.000000
0.984141 0.177385 0.000000 128.891233 -0.177385 0.984141 0.000000 -5.794517 0.000000 0.000000 1.000000 0.000000
0.984011 0.178107 0.000000 129.346418 -0.178107 0.984011 0.000000 -6.012213 0.000000 0.000000 1.000000 0.000000
0.983868 0.178897 0.000000 129.838123 -0.178897 0.983868 0.000000 -6.094975 0.000000 0.000000 1.000000 0.000000
0.983708 0.179775 0.000000 130.335835 -0.179775 0.983708 0.000000 -6.120216 0.000000 0.000000 1.000000 0.000000
0.983382 0.181549 0.000000 130.875436 -0.181549 0.983382 0.000000 -6.193024 0.000000 0.000000 1.000000 0.000000
0.983050 0.183340 0.000000 131.324142 -0.183340 0.983050 0.000000 -6.239884 0.000000 0.000000 1.000000 0.000000
0.982993 0.183641 0.000000 132.206806 -0.183641 0.982993 0.000000 -6.357907 0.000000 0.000000 1.000000 0.000000
0.982877 0.184262 0.000000 132.678415 -0.184262 0.982877 0.000000 -6.499976 0.000000 0.000000 1.000000 0.000000
0.982985 0.183684 0.000000 133.763871 -0.183684 0.982985 0.000000 -6.659237 0.000000 0.000000 1.000000 0.000000
0.982623 0.185613 0.000000 134.185538 -0.185613 0.982623 0.000000 -6.784270 0.000000 0.000000 1.000000 0.000000
0.982564 0.185925 0.000000 134.742558 -0.185925 0.982564 0.000000 -6.929174 0.000000 0.000000 1.000000 0.000000
0.981979 0.188988 0.000000 135.267116 -0.188988 0.981979 0.000000 -7.068510 0.000000 0.000000 1.000000 0.000000
0.982348 0.187061 0.000000 135.907209 -0.187061 0.982348 0.000000 -7.154423 0.000000 0.000000 1.000000 0.000000
0.982051 0.188616 0.000000 136.333494 -0.188616 0.982051 0.000000 -7.219052 0.000000 0.000000 1.000000 0.000000
0.981901 0.189393 0.000000 136.863080 -0.189393 0.981901 0.000000 -7.325406 0.000000 0.000000 1.000000 0.000000
0.981878 0.189516 0.000000 137.355213 -0.189516 0.981878 0.000000 -7.427827 0.000000 0.000000 1.000000 0.000000
0.981510 0.191411 0.000000 137.870311 -0.191411 0.981510 0.000000 -7.609354 0.000000 0.000000 1.000000 0.000000
0.981682 0.190525 0.000000 138.370013 -0.190525 0.981682 0.000000 -7.798256 0.000000 0.000000 1.000000 0.000000
0.982346 0.187071 0.000000 138.827638 -0.187071 0.982346 0.000000 -7.952551 0.000000 0.000000 1.000000 0.000000
0.982202 0.187830 0.000000 139.348272 -0.187830 0.982202 0.000000 -8.074918 0.000000 0.000000 1.000000 0.000000
0.982405 0.186764 0.000000 139.910253 -0.186764 0.982405 0.000000 -8.135036 0.000000 0.000000 1.000000 0.000000
0.981892 0.189442 0.000000 140.426241 -0.189442 0.981892 0.000000 -8.353591 0.000000 0.000000 1.000000 0.000000
0.982056 0.188592 0.000000 141.037835 -0.188592 0.982056 0.000000 -8.289424 0.000000 0.000000 1.000000 0.000000
0.981692 0.190477 0.000000 141.582399 -0.190477 0.981692 0.000000 -8.433204 0.000000 0.000000 1.000000 0.000000
0.981592 0.190988 0.000000 142.203358 -0.190988 0.981592 0.000000 -8.607093 0.000000 0.000000 1.000000 0.000000
0.981516 0.191380 0.000000 142.735831 -0.191380 0.981516 0.000000 -8.732430 0.000000 0.000000 1.000000 0.000000
0.980938 0.194323 0.000000 143.291421 -0.194323 0.980938 0.000000 -8.900674 0.000000 0.000000 1.000000 0.000000
0.980810 0.194964 0.000000 143.878153 -0.194964 0.980810 0.000000 -8.990442 0.000000 0.000000 1.000000 0.000000
0.980152 0.198247 0.000000 144.436722 -0.198247 0.980152 0.000000 -9.075045 0.000000 0.000000 1.000000 0.000000
0.979588 0.201016 0.000000 144.953381 -0.201016 0.979588 0.000000 -9.222226 0.000000 0.000000 1.000000 0.000000
0.977062 0.212955 0.000000 148.882576 -0.212955 0.977062 0.000000 -10.151325 0.000000 0.000000 1.000000 0.000000
0.977193 0.212355 0.000000 149.435580 -0.212355 0.977193 0.000000 -10.372978 0.000000 0.000000 1.000000 0.000000
0.977873 0.209198 0.000000 150.552003 -0.209198 0.977873 0.000000 -10.604283 0.000000 0.000000 1.000000 0.000000
0.977673 0.210131 0.000000 151.652696 -0.210131 0.977673 0.000000 -10.914322 0.000000 0.000000 1.000000 0.000000
0.977762 0.209716 0.000000 152.221204 -0.209716 0.977762 0.000000 -11.027020 0.000000 0.000000 1.000000 0.000000
0.978168 0.207816 0.000000 152.792281 -0.207816 0.978168 0.000000 -11.035711 0.000000 0.000000 1.000000 0.000000
0.978281 0.207281 0.000000 153.373490 -0.207281 0.978281 0.000000 -11.239151 0.000000 0.000000 1.000000 0.000000
0.978225 0.207547 0.000000 154.046674 -0.207547 0.978225 0.000000 -11.431234 0.000000 0.000000 1.000000 0.000000
0.978647 0.205546 0.000000 154.737394 -0.205546 0.978647 0.000000 -11.538792 0.000000 0.000000 1.000000 0.000000
0.978753 0.205043 0.000000 155.353324 -0.205043 0.978753 0.000000 -11.743810 0.000000 0.000000 1.000000 0.000000
0.979268 0.202569 0.000000 155.956710 -0.202569 0.979268 0.000000 -11.873261 0.000000 0.000000 1.000000 0.000000
0.979632 0.200801 0.000000 156.629817 -0.200801 0.979632 0.000000 -11.980762 0.000000 0.000000 1.000000 0.000000
0.980685 0.195594 0.000000 157.509756 -0.195594 0.980685 0.000000 -12.244084 0.000000 0.000000 1.000000 0.000000
0.980480 0.196619 0.000000 158.076247 -0.196619 0.980480 0.000000 -12.447337 0.000000 0.000000 1.000000 0.000000
0.981122 0.193391 0.000000 158.733240 -0.193391 0.981122 0.000000 -12.562187 0.000000 0.000000 1.000000 0.000000
0.981161 0.193193 0.000000 159.328109 -0.193193 0.981161 0.000000 -12.730895 0.000000 0.000000 1.000000 0.000000
0.981735 0.190253 0.000000 160.000644 -0.190253 0.981735 0.000000 -12.800295 0.000000 0.000000 1.000000 0.000000
0.981810 0.189865 0.000000 160.482333 -0.189865 0.981810 0.000000 -12.928016 0.000000 0.000000 1.000000 0.000000
0.981980 0.188984 0.000000 161.118878 -0.188984 0.981980 0.000000 -13.066014 0.000000 0.000000 1.000000 0.000000
0.982505 0.186238 0.000000 161.745262 -0.186238 0.982505 0.000000 -13.122573 0.000000 0.000000 1.000000 0.000000
0.982383 0.186880 0.000000 162.367028 -0.186880 0.982383 0.000000 -13.203876 0.000000 0.000000 1.000000 0.000000
0.982668 0.185375 0.000000 162.815714 -0.185375 0.982668 0.000000 -13.343232 0.000000 0.000000 1.000000 0.000000
0.983036 0.183411 0.000000 163.463466 -0.183411 0.983036 0.000000 -13.365996 0.000000 0.000000 1.000000 0.000000
0.983398 0.181463 0.000000 163.970576 -0.181463 0.983398 0.000000 -13.387663 0.000000 0.000000 1.000000 0.000000
0.983767 0.179452 0.000000 164.593718 -0.179452 0.983767 0.000000 -13.495501 0.000000 0.000000 1.000000 0.000000
0.983671 0.179978 0.000000 165.289503 -0.179978 0.983671 0.000000 -13.589622 0.000000 0.000000 1.000000 0.000000
0.984336 0.176302 0.000000 165.844943 -0.176302 0.984336 0.000000 -13.782630 0.000000 0.000000 1.000000 0.000000
0.984090 0.177673 0.000000 166.378848 -0.177673 0.984090 0.000000 -13.824584 0.000000 0.000000 1.000000 0.000000
0.984294 0.176539 0.000000 167.486434 -0.176539 0.984294 0.000000 -14.069202 0.000000 0.000000 1.000000 0.000000
0.984385 0.176030 0.000000 168.038554 -0.176030 0.984385 0.000000 -14.148504 0.000000 0.000000 1.000000 0.000000
0.984703 0.174239 0.000000 168.518214 -0.174239 0.984703 0.000000 -14.198323 0.000000 0.000000 1.000000 0.000000
0.984910 0.173070 0.000000 169.069301 -0.173070 0.984910 0.000000 -14.348875 0.000000 0.000000 1.000000 0.000000
0.984839 0.173472 0.000000 169.530856 -0.173472 0.984839 0.000000 -14.321678 0.000000 0.000000 1.000000 0.000000
0.984848 0.173418 0.000000 170.582529 -0.173418 0.984848 0.000000 -14.600844 0.000000 0.000000 1.000000 0.000000
0.984810 0.173638 0.000000 171.283511 -0.173638 0.984810 0.000000 -14.658368 0.000000 0.000000 1.000000 0.000000
0.984804 0.173672 0.000000 171.842738 -0.173672 0.984804 0.000000 -14.778074 0.000000 0.000000 1.000000 0.000000
0.984866 0.173317 0.000000 172.489824 -0.173317 0.984866 0.000000 -14.899779 0.000000 0.000000 1.000000 0.000000
0.985260 0.171062 0.000000 173.096421 -0.171062 0.985260 0.000000 -14.982704 0.000000 0.000000 1.000000 0.000000
0.985500 0.169678 0.000000 173.513019 -0.169678 0.985500 0.000000 -15.061496 0.000000 0.000000 1.000000 0.000000
0.985571 0.169262 0.000000 174.351908 -0.169262 0.985571 0.000000 -15.217444 0.000000 0.000000 1.000000 0.000000
0.985486 0.169755 0.000000 174.878023 -0.169755 0.985486 0.000000 -15.262092 0.000000 0.000000 1.000000 0.000000
0.985661 0.168740 0.000000 175.460716 -0.168740 0.985661 0.000000 -15.381888 0.000000 0.000000 1.000000 0.000000
0.985300 0.170834 0.000000 176.070035 -0.170834 0.985300 0.000000 -15.390836 0.000000 0.000000 1.000000 0.000000
0.985442 0.170011 0.000000 176.602286 -0.170011 0.985442 0.000000 -15.445624 0.000000 0.000000 1.000000 0.000000
0.985623 0.168961 0.000000 177.123725 -0.168961 0.985623 0.000000 -15.653792 0.000000 0.000000 1.000000 0.000000
0.985558 0.169339 0.000000 177.641024 -0.169339 0.985558 0.000000 -15.592239 0.000000 0.000000 1.000000 0.000000
0.986087 0.166233 0.000000 178.151015 -0.166233 0.986087 0.000000 -15.744901 0.000000 0.000000 1.000000 0.000000
0.986391 0.164419 0.000000 178.704186 -0.164419 0.986391 0.000000 -15.817295 0.000000 0.000000 1.000000 0.000000
0.986801 0.161937 0.000000 179.259130 -0.161937 0.986801 0.000000 -15.898372 0.000000 0.000000 1.000000 0.000000
0.986931 0.161143 0.000000 179.863173 -0.161143 0.986931 0.000000 -15.994579 0.000000 0.000000 1.000000 0.000000
0.986631 0.162968 0.000000 180.470911 -0.162968 0.986631 0.000000 -16.108442 0.000000 0.000000 1.000000 0.000000
0.987052 0.160404 0.000000 181.055163 -0.160404 0.987052 0.000000 -16.297016 0.000000 0.000000 1.000000 0.000000
0.987019 0.160603 0.000000 181.696068 -0.160603 0.987019 0.000000 -16.386676 0.000000 0.000000 1.000000 0.000000
0.987200 0.159488 0.000000 182.332054 -0.159488 0.987200 0.000000 -16.487145 0.000000 0.000000 1.000000 0.000000
0.986961 0.160958 0.000000 182.863368 -0.160958 0.986961 0.000000 -16.585143 0.000000 0.000000 1.000000 0.000000
0.986794 0.161983 0.000000 183.450970 -0.161983 0.986794 0.000000 -16.695144 0.000000 0.000000 1.000000 0.000000
0.987067 0.160305 0.000000 183.954390 -0.160305 0.987067 0.000000 -16.767762 0.000000 0.000000 1.000000 0.000000
0.987232 0.159286 0.000000 184.543992 -0.159286 0.987232 0.000000 -16.908182 0.000000 0.000000 1.000000 0.000000
0.987297 0.158886 0.000000 185.185005 -0.158886 0.987297 0.000000 -17.054244 0.000000 0.000000 1.000000 0.000000
0.987281 0.158983 0.000000 185.826919 -0.158983 0.987281 0.000000 -17.187516 0.000000 0.000000 1.000000 0.000000
0.987282 0.158979 0.000000 186.375992 -0.158979 0.987282 0.000000 -17.283451 0.000000 0.000000 1.000000 0.000000
0.987678 0.156501 0.000000 186.976197 -0.156501 0.987678 0.000000 -17.443082 0.000000 0.000000 1.000000 0.000000
0.987437 0.158013 0.000000 187.485273 -0.158013 0.987437 0.000000 -17.503297 0.000000 0.000000 1.000000 0.000000
0.987540 0.157371 0.000000 188.068634 -0.157371 0.987540 0.000000 -17.606083 0.000000 0.000000 1.000000 0.000000
0.987470 0.157809 0.000000 188.642435 -0.157809 0.987470 0.000000 -17.740647 0.000000 0.000000 1.000000 0.000000
0.987577 0.157136 0.000000 189.199880 -0.157136 0.987577 0.000000 -17.814970 0.000000 0.000000 1.000000 0.000000
0.987631 0.156798 0.000000 189.694788 -0.156798 0.987631 0.000000 -17.917773 0.000000 0.000000 1.000000 0.000000
0.987628 0.156812 0.000000 190.262817 -0.156812 0.987628 0.000000 -18.038784 0.000000 0.000000 1.000000 0.000000
0.987611 0.156920 0.000000 190.870020 -0.156920 0.987611 0.000000 -18.122150 0.000000 0.000000 1.000000 0.000000
0.987932 0.154889 0.000000 191.465587 -0.154889 0.987932 0.000000 -18.109641 0.000000 0.000000 1.000000 0.000000
0.987707 0.156320 0.000000 191.985541 -0.156320 0.987707 0.000000 -18.183209 0.000000 0.000000 1.000000 0.000000
0.987779 0.155863 0.000000 192.546056 -0.155863 0.987779 0.000000 -18.369911 0.000000 0.000000 1.000000 0.000000
0.987432 0.158045 0.000000 193.109644 -0.158045 0.987432 0.000000 -18.457428 0.000000 0.000000 1.000000 0.000000
0.987355 0.158527 0.000000 193.616372 -0.158527 0.987355 0.000000 -18.558783 0.000000 0.000000 1.000000 0.000000
0.987000 0.160722 0.000000 194.158762 -0.160722 0.987000 0.000000 -18.535597 0.000000 0.000000 1.000000 0.000000
0.987402 0.158233 0.000000 194.796837 -0.158233 0.987402 0.000000 -18.687808 0.000000 0.000000 1.000000 0.000000
0.987250 0.159177 0.000000 195.352013 -0.159177 0.987250 0.000000 -18.710492 0.000000 0.000000 1.000000 0.000000
0.987852 0.155396 0.000000 195.833524 -0.155396 0.987852 0.000000 -18.741770 0.000000 0.000000 1.000000 0.000000
0.987998 0.154465 0.000000 196.292444 -0.154465 0.987998 0.000000 -18.738635 0.000000 0.000000 1.000000 0.000000
0.987461 0.157861 0.000000 196.853852 -0.157861 0.987461 0.000000 -18.807648 0.000000 0.000000 1.000000 0.000000
0.987529 0.157437 0.000000 197.409707 -0.157437 0.987529 0.000000 -18.917634 0.000000 0.000000 1.000000 0.000000
0.987442 0.157980 0.000000 197.967191 -0.157980 0.987442 0.000000 -19.040799 0.000000 0.000000 1.000000 0.000000
0.987632 0.156787 0.000000 198.554190 -0.156787 0.987632 0.000000 -19.124230 0.000000 0.000000 1.000000 0.000000
0.987916 0.154988 0.000000 199.332758 -0.154988 0.987916 0.000000 -19.272747 0.000000 0.000000 1.000000 0.000000
0.987896 0.155117 0.000000 199.795896 -0.155117 0.987896 0.000000 -19.307536 0.000000 0.000000 1.000000 0.000000
0.988273 0.152699 0.000000 200.402251 -0.152699 0.988273 0.000000 -19.341825 0.000000 0.000000 1.000000 0.000000
0.988136 0.153582 0.000000 200.985008 -0.153582 0.988136 0.000000 -19.494631 0.000000 0.000000 1.000000 0.000000
0.988098 0.153828 0.000000 201.548383 -0.153828 0.988098 0.000000 -19.556933 0.000000 0.000000 1.000000 0.000000
0.988559 0.150835 0.000000 202.154085 -0.150835 0.988559 0.000000 -19.661823 0.000000 0.000000 1.000000 0.000000
0.988656 0.150199 0.000000 202.781228 -0.150199 0.988656 0.000000 -19.759078 0.000000 0.000000 1.000000 0.000000
0.988962 0.148170 0.000000 203.373005 -0.148170 0.988962 0.000000 -19.849287 0.000000 0.000000 1.000000 0.000000
0.988932 0.148370 0.000000 203.838809 -0.148370 0.988932 0.000000 -19.861745 0.000000 0.000000 1.000000 0.000000
0.989353 0.145539 0.000000 204.745141 -0.145539 0.989353 0.000000 -19.994223 0.000000 0.000000 1.000000 0.000000
0.989266 0.146129 0.000000 205.314767 -0.146129 0.989266 0.000000 -20.001283 0.000000 0.000000 1.000000 0.000000
0.989259 0.146172 0.000000 206.000689 -0.146172 0.989259 0.000000 -20.082181 0.000000 0.000000 1.000000 0.000000
0.989046 0.147606 0.000000 206.732241 -0.147606 0.989046 0.000000 -20.132283 0.000000 0.000000 1.000000 0.000000
0.989052 0.147569 0.000000 207.754993 -0.147569 0.989052 0.000000 -20.208970 0.000000 0.000000 1.000000 0.000000
0.989239 0.146308 0.000000 208.284454 -0.146308 0.989239 0.000000 -20.386839 0.000000 0.000000 1.000000 0.000000
0.989208 0.146516 0.000000 208.852896 -0.146516 0.989208 0.000000 -20.464264 0.000000 0.000000 1.000000 0.000000
0.989297 0.145918 0.000000 209.351432 -0.145918 0.989297 0.000000 -20.635906 0.000000 0.000000 1.000000 0.000000
0.989397 0.145236 0.000000 209.888876 -0.145236 0.989397 0.000000 -20.700145 0.000000 0.000000 1.000000 0.000000
0.989818 0.142336 0.000000 210.466231 -0.142336 0.989818 0.000000 -20.760952 0.000000 0.000000 1.000000 0.000000
0.989746 0.142837 0.000000 211.027679 -0.142837 0.989746 0.000000 -20.862512 0.000000 0.000000 1.000000 0.000000
0.989549 0.144199 0.000000 211.983703 -0.144199 0.989549 0.000000 -20.962037 0.000000 0.000000 1.000000 0.000000
0.989609 0.143784 0.000000 212.556121 -0.143784 0.989609 0.000000 -21.056314 0.000000 0.000000 1.000000 0.000000
0.989732 0.142937 0.000000 213.126791 -0.142937 0.989732 0.000000 -21.175141 0.000000 0.000000 1.000000 0.000000
0.989583 0.143967 0.000000 213.694851 -0.143967 0.989583 0.000000 -21.250658 0.000000 0.000000 1.000000 0.000000
