1.000000 0.000208 0.000000 0.734602 -0.000208 1.000000 0.000000 -0.005741 0.000000 0.000000 1.000000 0.000000
0.999996 0.002890 0.000000 1.334108 -0.002890 0.999996 0.000000 0.077920 0.000000 0.000000 1.000000 0.000000
0.999976 0.006930 0.000000 1.913996 -0.006930 0.999976 0.000000 -0.095781 0.000000 0.000000 1.000000 0.000000
0.999931 0.011770 0.000000 2.378910 -0.011770 0.999931 0.000000 -0.148903 0.000000 0.000000 1.000000 0.000000
0.999842 0.017762 0.000000 3.598529 -0.017762 0.999842 0.000000 -0.313374 0.000000 0.000000 1.000000 0.000000
0.999811 0.019451 0.000000 4.145387 -0.019451 0.999811 0.000000 -0.246081 0.000000 0.000000 1.000000 0.000000
0.999651 0.026406 0.000000 5.365865 -0.026406 0.999651 0.000000 -0.340864 0.000000 0.000000 1.000000 0.000000
0.999613 0.027826 0.000000 5.960303 -0.027826 0.999613 0.000000 -0.347259 0.000000 0.000000 1.000000 0.000000
0.999468 0.032613 0.000000 6.501908 -0.032613 0.999468 0.000000 -0.359722 0.000000 0.000000 1.000000 0.000000
0.999223 0.039426 0.000000 7.153877 -0.039426 0.999223 0.000000 -0.535919 0.000000 0.000000 1.000000 0.000000
0.999007 0.044552 0.000000 7.921826 -0.044552 0.999007 0.000000 -0.557256 0.000000 0.000000 1.000000 0.000000
0.998581 0.053259 0.000000 8.435970 -0.053259 0.998581 0.000000 -0.731844 0.000000 0.000000 1.000000 0.000000
0.998496 0.054818 0.000000 9.093500 -0.054818 0.998496 0.000000 -0.848515 0.000000 0.000000 1.000000 0.000000
0.998224 0.059579 0.000000 9.592554 -0.059579 0.998224 0.000000 -0.888994 0.000000 0.000000 1.000000 0.000000
0.997853 0.065501 0.000000 10.304948 -0.065501 0.997853 0.000000 -1.016366 0.000000 0.000000 1.000000 0.000000
0.997647 0.068554 0.000000 10.806361 -0.068554 0.997647 0.000000 -0.869100 0.000000 0.000000 1.000000 0.000000
0.997243 0.074207 0.000000 11.395814 -0.074207 0.997243 0.000000 -0.894303 0.000000 0.000000 1.000000 0.000000
0.996519 0.083370 0.000000 12.163747 -0.083370 0.996519 0.000000 -0.967013 0.000000 0.000000 1.000000 0.000000
0.995869 0.090805 0.000000 12.683058 -0.090805 0.995869 0.000000 -1.063843 0.000000 0.000000 1.000000 0.000000
0.995252 0.097329 0.000000 13.232089 -0.097329 0.995252 0.000000 -1.204685 0.000000 0.000000 1.000000 0.000000
0.994857 0.101289 0.000000 13.690642 -0.101289 0.994857 0.000000 -1.235909 0.000000 0.000000 1.000000 0.000000
0.993157 0.116786 0.000000 14.862260 -0.116786 0.993157 0.000000 -1.321584 0.000000 0.000000 1.000000 0.000000
0.992302 0.123840 0.000000 15.391604 -0.123840 0.992302 0.000000 -1.437302 0.000000 0.000000 1.000000 0.000000
0.991091 0.133188 0.000000 15.959367 -0.133188 0.991091 0.000000 -1.622826 0.000000 0.000000 1.000000 0.000000
0.989913 0.141674 0.000000 16.486363 -0.141674 0.989913 0.000000 -1.775821 0.000000 0.000000 1.000000 0.000000
0.988912 0.148505 0.000000 17.063470 -0.148505 0.988912 0.000000 -1.824480 0.000000 0.000000 1.000000 0.000000
0.987899 0.155099 0.000000 17.519615 -0.155099 0.987899 0.000000 -1.885933 0.000000 0.000000 1.000000 0.000000
0.987115 0.160012 0.000000 18.051165 -0.160012 0.987115 0.000000 -1.999534 0.000000 0.000000 1.000000 0.000000
0.986144 0.165892 0.000000 18.543517 -0.165892 0.986144 0.000000 -2.139562 0.000000 0.000000 1.000000 0.000000
0.984582 0.174922 0.000000 19.296833 -0.174922 0.984582 0.000000 -2.370489 0.000000 0.000000 1.000000 0.000000
0.983199 0.182539 0.000000 19.899949 -0.182539 0.983199 0.000000 -2.494619 0.000000 0.000000 1.000000 0.000000
0.981802 0.189908 0.000000 20.467345 -0.189908 0.981802 0.000000 -2.621622 0.000000 0.000000 1.000000 0.000000
0.980841 0.194812 0.000000 20.989853 -0.194812 0.980841 0.000000 -2.706891 0.000000 0.000000 1.000000 0.000000
0.979339 0.202226 0.000000 21.612863 -0.202226 0.979339 0.000000 -2.844628 0.000000 0.000000 1.000000 0.000000
0.977874 0.209196 0.000000 22.129138 -0.209196 0.977874 0.000000 -2.936364 0.000000 0.000000 1.000000 0.000000
0.975996 0.217788 0.000000 22.661058 -0.217788 0.975996 0.000000 -3.091667 0.000000 0.000000 1.000000 0.000000
0.974439 0.224653 0.000000 23.187088 -0.224653 0.974439 0.000000 -3.167772 0.000000 0.000000 1.000000 0.000000
0.972740 0.231898 0.000000 23.681794 -0.231898 0.972740 0.000000 -3.290168 0.000000 0.000000 1.000000 0.000000
0.970629 0.240579 0.000000 24.260753 -0.240579 0.970629 0.000000 -3.502896 0.000000 0.000000 1.000000 0.000000
0.968297 0.249803 0.000000 24.982143 -0.249803 0.968297 0.000000 -3.755480 0.000000 0.000000 1.000000 0.000000
0.966653 0.256090 0.000000 25.453443 -0.256090 0.966653 0.000000 -3.878426 0.000000 0.000000 1.000000 0.000000
0.964251 0.264990 0.000000 26.013767 -0.264990 0.964251 0.000000 -4.150249 0.000000 0.000000 1.000000 0.000000
0.962264 0.272117 0.000000 26.528863 -0.272117 0.962264 0.000000 -4.271826 0.000000 0.000000 1.000000 0.000000
0.960926 0.276805 0.000000 27.067713 -0.276805 0.960926 0.000000 -4.352765 0.000000 0.000000 1.000000 0.000000
0.958990 0.283441 0.000000 27.541148 -0.283441 0.958990 0.000000 -4.426350 0.000000 0.000000 1.000000 0.000000
0.955452 0.295145 0.000000 28.126806 -0.295145 0.955452 0.000000 -4.660740 0.000000 0.000000 1.000000 0.000000
0.954270 0.298946 0.000000 28.547999 -0.298946 0.954270 0.000000 -4.874261 0.000000 0.000000 1.000000 0.000000
0.952376 0.304926 0.000000 29.097450 -0.304926 0.952376 0.000000 -5.065672 0.000000 0.000000 1.000000 0.000000
0.948852 0.315722 0.000000 30.023945 -0.315722 0.948852 0.000000 -5.356256 0.000000 0.000000 1.000000 0.000000
0.946957 0.321360 0.000000 30.662477 -0.321360 0.946957 0.000000 -5.540095 0.000000 0.000000 1.000000 0.000000
0.945004 0.327059 0.000000 31.187239 -0.327059 0.945004 0.000000 -5.684718 0.000000 0.000000 1.000000 0.000000
0.942528 0.334128 0.000000 31.887041 -0.334128 0.942528 0.000000 -5.958856 0.000000 0.000000 1.000000 0.000000
0.940285 0.340388 0.000000 32.419720 -0.340388 0.940285 0.000000 -6.110874 0.000000 0.000000 1.000000 0.000000
0.938305 0.345808 0.000000 32.861605 -0.345808 0.938305 0.000000 -6.259404 0.000000 0.000000 1.000000 0.000000
0.935765 0.352624 0.000000 33.319893 -0.352624 0.935765 0.000000 -6.398404 0.000000 0.000000 1.000000 0.000000
0.934136 0.356916 0.000000 33.802330 -0.356916 0.934136 0.000000 -6.668158 0.000000 0.000000 1.000000 0.000000
0.931511 0.363713 0.000000 34.473343 -0.363713 0.931511 0.000000 -6.912733 0.000000 0.000000 1.000000 0.000000
0.928861 0.370428 0.000000 34.977857 -0.370428 0.928861 0.000000 -7.082567 0.000000 0.000000 1.000000 0.000000
0.926966 0.375145 0.000000 35.498530 -0.375145 0.926966 0.000000 -7.278475 0.000000 0.000000 1.000000 0.000000
0.925273 0.379301 0.000000 35.959008 -0.379301 0.925273 0.000000 -7.334534 0.000000 0.000000 1.000000 0.000000
0.922423 0.386180 0.000000 36.530830 -0.386180 0.922423 0.000000 -7.695924 0.000000 0.000000 1.000000 0.000000
0.920032 0.391842 0.000000 36.994865 -0.391842 0.920032 0.000000 -7.793214 0.000000 0.000000 1.000000 0.000000
0.916291 0.400513 0.000000 37.426523 -0.400513 0.916291 0.000000 -8.020811 0.000000 0.000000 1.000000 0.000000
0.914137 0.405406 0.000000 37.895099 -0.405406 0.914137 0.000000 -8.292926 0.000000 0.000000 1.000000 0.000000
0.911563 0.411160 0.000000 38.369140 -0.411160 0.911563 0.000000 -8.519743 0.000000 0.000000 1.000000 0.000000
0.908953 0.416899 0.000000 38.858578 -0.416899 0.908953 0.000000 -8.696724 0.000000 0.000000 1.000000 0.000000
0.906288 0.422660 0.000000 39.325287 -0.422660 0.906288 0.000000 -8.874948 0.000000 0.000000 1.000000 0.000000
0.902745 0.430176 0.000000 39.816715 -0.430176 0.902745 0.000000 -9.095616 0.000000 0.000000 1.000000 0.000000
0.900146 0.435589 0.000000 40.268070 -0.435589 0.900146 0.000000 -9.351409 0.000000 0.000000 1.000000 0.000000
0.898558 0.438854 0.000000 40.706914 -0.438854 0.898558 0.000000 -9.505960 0.000000 0.000000 1.000000 0.000000
0.896459 0.443126 0.000000 41.178803 -0.443126 0.896459 0.000000 -9.668098 0.000000 0.000000 1.000000 0.000000
0.894047 0.447974 0.000000 41.697666 -0.447974 0.894047 0.000000 -9.887693 0.000000 0.000000 1.000000 0.000000
0.889082 0.457748 0.000000 42.263822 -0.457748 0.889082 0.000000 -10.253580 0.000000 0.000000 1.000000 0.000000
0.886622 0.462496 0.000000 42.767570 -0.462496 0.886622 0.000000 -10.448162 0.000000 0.000000 1.000000 0.000000
0.881587 0.472022 0.000000 43.608920 -0.472022 0.881587 0.000000 -10.973344 0.000000 0.000000 1.000000 0.000000
0.879381 0.476119 0.000000 44.003876 -0.476119 0.879381 0.000000 -11.138328 0.000000 0.000000 1.000000 0.000000
0.877779 0.479066 0.000000 44.396068 -0.479066 0.877779 0.000000 -11.319340 0.000000 0.000000 1.000000 0.000000
0.875400 0.483399 0.000000 44.968359 -0.483399 0.875400 0.000000 -11.528371 0.000000 0.000000 1.000000 0.000000
0.873149 0.487453 0.000000 45.370504 -0.487453 0.873149 0.000000 -11.633806 0.000000 0.000000 1.000000 0.000000
0.870103 0.492870 0.000000 45.942100 -0.492870 0.870103 0.000000 -11.876296 0.000000 0.000000 1.000000 0.000000
0.867557 0.497338 0.000000 46.302164 -0.497338 0.867557 0.000000 -12.093674 0.000000 0.000000 1.000000 0.000000
0.863851 0.503748 0.000000 46.648721 -0.503748 0.863851 0.000000 -12.406576 0.000000 0.000000 1.000000 0.000000
0.861952 0.506990 0.000000 47.078948 -0.506990 0.861952 0.000000 -12.747079 0.000000 0.000000 1.000000 0.000000
0.859876 0.510503 0.000000 47.428091 -0.510503 0.859876 0.000000 -12.921003 0.000000 0.000000 1.000000 0.000000
0.856608 0.515968 0.000000 47.793960 -0.515968 0.856608 0.000000 -13.164186 0.000000 0.000000 1.000000 0.000000
0.854056 0.520182 0.000000 48.112316 -0.520182 0.854056 0.000000 -13.272737 0.000000 0.000000 1.000000 0.000000
0.853192 0.521597 0.000000 48.367247 -0.521597 0.853192 0.000000 -13.440549 0.000000 0.000000 1.000000 0.000000
0.851097 0.525009 0.000000 48.783022 -0.525009 0.851097 0.000000 -13.809218 0.000000 0.000000 1.000000 0.000000
0.849654 0.527341 0.000000 49.135451 -0.527341 0.849654 0.000000 -14.011962 0.000000 0.000000 1.000000 0.000000
0.847718 0.530447 0.000000 49.608312 -0.530447 0.847718 0.000000 -14.252382 0.000000 0.000000 1.000000 0.000000
0.846417 0.532521 0.000000 49.977539 -0.532521 0.846417 0.000000 -14.496808 0.000000 0.000000 1.000000 0.000000
0.844181 0.536058 0.000000 50.456254 -0.536058 0.844181 0.000000 -14.615692 0.000000 0.000000 1.000000 0.000000
0.840668 0.541552 0.000000 50.899357 -0.541552 0.840668 0.000000 -15.002765 0.000000 0.000000 1.000000 0.000000
0.838422 0.545021 0.000000 51.291467 -0.545021 0.838422 0.000000 -15.232493 0.000000 0.000000 1.000000 0.000000
0.835411 0.549625 0.000000 51.516554 -0.549625 0.835411 0.000000 -15.476831 0.000000 0.000000 1.000000 0.000000
0.833678 0.552250 0.000000 51.885528 -0.552250 0.833678 0.000000 -15.927143 0.000000 0.000000 1.000000 0.000000
0.829537 0.558451 0.000000 52.305658 -0.558451 0.829537 0.000000 -16.134478 0.000000 0.000000 1.000000 0.000000
0.828522 0.559956 0.000000 52.775398 -0.559956 0.828522 0.000000 -16.553851 0.000000 0.000000 1.000000 0.000000
0.824769 0.565470 0.000000 53.064685 -0.565470 0.824769 0.000000 -16.814789 0.000000 0.000000 1.000000 0.000000
0.820747 0.571292 0.000000 53.465690 -0.571292 0.820747 0.000000 -17.109313 0.000000 0.000000 1.000000 0.000000
0.818738 0.574168 0.000000 53.688526 -0.574168 0.818738 0.000000 -17.311794 0.000000 0.000000 1.000000 0.000000
0.815303 0.579035 0.000000 54.143036 -0.579035 0.815303 0.000000 -17.601526 0.000000 0.000000 1.000000 0.000000
0.812095 0.583526 0.000000 54.439904 -0.583526 0.812095 0.000000 -17.839492 0.000000 0.000000 1.000000 0.000000
0.809551 0.587049 0.000000 54.643694 -0.587049 0.809551 0.000000 -18.197746 0.000000 0.000000 1.000000 0.000000
0.807239 0.590225 0.000000 54.893172 -0.590225 0.807239 0.000000 -18.397450 0.000000 0.000000 1.000000 0.000000
0.805057 0.593198 0.000000 55.166306 -0.593198 0.805057 0.000000 -18.556391 0.000000 0.000000 1.000000 0.000000
0.801951 0.597389 0.000000 55.473221 -0.597389 0.801951 0.000000 -18.829691 0.000000 0.000000 1.000000 0.000000
0.801112 0.598514 0.000000 55.613985 -0.598514 0.801112 0.000000 -18.965866 0.000000 0.000000 1.000000 0.000000
0.797836 0.602874 0.000000 56.092547 -0.602874 0.797836 0.000000 -19.358343 0.000000 0.000000 1.000000 0.000000
0.795037 0.606561 0.000000 56.456965 -0.606561 0.795037 0.000000 -19.688567 0.000000 0.000000 1.000000 0.000000
0.796689 0.604389 0.000000 56.546634 -0.604389 0.796689 0.000000 -19.816708 0.000000 0.000000 1.000000 0.000000
0.792578 0.609771 0.000000 56.848624 -0.609771 0.792578 0.000000 -20.062990 0.000000 0.000000 1.000000 0.000000
0.790234 0.612806 0.000000 57.113257 -0.612806 0.790234 0.000000 -20.226241 0.000000 0.000000 1.000000 0.000000
0.788580 0.614932 0.000000 57.345674 -0.614932 0.788580 0.000000 -20.451737 0.000000 0.000000 1.000000 0.000000
0.787845 0.615873 0.000000 57.585466 -0.615873 0.787845 0.000000 -20.578150 0.000000 0.000000 1.000000 0.000000
0.784440 0.620204 0.000000 57.814279 -0.620204 0.784440 0.000000 -20.689520 0.000000 0.000000 1.000000 0.000000
0.781929 0.623367 0.000000 58.081834 -0.623367 0.781929 0.000000 -20.799215 0.000000 0.000000 1.000000 0.000000
0.781938 0.623356 0.000000 58.078430 -0.623356 0.781938 0.000000 -20.979664 0.000000 0.000000 1.000000 0.000000
0.779640 0.626228 0.000000 58.054819 -0.626228 0.779640 0.000000 -21.244668 0.000000 0.000000 1.000000 0.000000
0.778618 0.627498 0.000000 58.342589 -0.627498 0.778618 0.000000 -21.394478 0.000000 0.000000 1.000000 0.000000
0.772517 0.634994 0.000000 58.584668 -0.634994 0.772517 0.000000 -21.732770 0.000000 0.000000 1.000000 0.000000
0.771439 0.636303 0.000000 58.871500 -0.636303 0.771439 0.000000 -21.967243 0.000000 0.000000 1.000000 0.000000
0.770174 0.637834 0.000000 59.116675 -0.637834 0.770174 0.000000 -22.167169 0.000000 0.000000 1.000000 0.000000
0.765607 0.643308 0.000000 59.224830 -0.643308 0.765607 0.000000 -22.380940 0.000000 0.000000 1.000000 0.000000
0.764032 0.645178 0.000000 59.381394 -0.645178 0.764032 0.000000 -22.556952 0.000000 0.000000 1.000000 0.000000
0.761198 0.648519 0.000000 59.500754 -0.648519 0.761198 0.000000 -22.792695 0.000000 0.000000 1.000000 0.000000
0.760691 0.649114 0.000000 59.709161 -0.649114 0.760691 0.000000 -22.816869 0.000000 0.000000 1.000000 0.000000
0.756897 0.653534 0.000000 60.014111 -0.653534 0.756897 0.000000 -23.046117 0.000000 0.000000 1.000000 0.000000
0.758305 0.651900 0.000000 60.294232 -0.651900 0.758305 0.000000 -23.265248 0.000000 0.000000 1.000000 0.000000
0.756751 0.653703 0.000000 60.432755 -0.653703 0.756751 0.000000 -23.389816 0.000000 0.000000 1.000000 0.000000
0.752053 0.659103 0.000000 60.533851 -0.659103 0.752053 0.000000 -23.564119 0.000000 0.000000 1.000000 0.000000
0.747449 0.664319 0.000000 60.484098 -0.664319 0.747449 0.000000 -23.715369 0.000000 0.000000 1.000000 0.000000
0.745197 0.666844 0.000000 60.604890 -0.666844 0.745197 0.000000 -24.057775 0.000000 0.000000 1.000000 0.000000
0.740629 0.671914 0.000000 60.802128 -0.671914 0.740629 0.000000 -24.169329 0.000000 0.000000 1.000000 0.000000
0.739819 0.672806 0.000000 60.951345 -0.672806 0.739819 0.000000 -24.361273 0.000000 0.000000 1.000000 0.000000
0.737567 0.675274 0.000000 61.231164 -0.675274 0.737567 0.000000 -24.409829 0.000000 0.000000 1.000000 0.000000
0.736498 0.676440 0.000000 61.380612 -0.676440 0.736498 0.000000 -24.549711 0.000000 0.000000 1.000000 0.000000
0.735295 0.677747 0.000000 61.395059 -0.677747 0.735295 0.000000 -24.764650 0.000000 0.000000 1.000000 0.000000
0.734039 0.679107 0.000000 61.484915 -0.679107 0.734039 0.000000 -24.869757 0.000000 0.000000 1.000000 0.000000
0.730384 0.683037 0.000000 61.703894 -0.683037 0.730384 0.000000 -25.112386 0.000000 0.000000 1.000000 0.000000
0.727650 0.685948 0.000000 61.907465 -0.685948 0.727650 0.000000 -25.231678 0.000000 0.000000 1.000000 0.000000
0.726407 0.687264 0.000000 61.918060 -0.687264 0.726407 0.000000 -25.408689 0.000000 0.000000 1.000000 0.000000
0.726497 0.687170 0.000000 62.132957 -0.687170 0.726497 0.000000 -25.577949 0.000000 0.000000 1.000000 0.000000
0.724122 0.689671 0.000000 62.334115 -0.689671 0.724122 0.000000 -25.674919 0.000000 0.000000 1.000000 0.000000
0.723369 0.690462 0.000000 62.534970 -0.690462 0.723369 0.000000 -25.836043 0.000000 0.000000 1.000000 0.000000
0.719867 0.694112 0.000000 62.827236 -0.694112 0.719867 0.000000 -25.910563 0.000000 0.000000 1.000000 0.000000
0.717540 0.696517 0.000000 62.957761 -0.696517 0.717540 0.000000 -26.038665 0.000000 0.000000 1.000000 0.000000
0.713376 0.700781 0.000000 63.070463 -0.700781 0.713376 0.000000 -26.170298 0.000000 0.000000 1.000000 0.000000
0.711200 0.702990 0.000000 63.342149 -0.702990 0.711200 0.000000 -26.294012 0.000000 0.000000 1.000000 0.000000
0.706911 0.707302 0.000000 63.572389 -0.707302 0.706911 0.000000 -26.445060 0.000000 0.000000 1.000000 0.000000
0.705095 0.709113 0.000000 63.668065 -0.709113 0.705095 0.000000 -26.479674 0.000000 0.000000 1.000000 0.000000
0.703384 0.710810 0.000000 63.777732 -0.710810 0.703384 0.000000 -26.726945 0.000000 0.000000 1.000000 0.000000
0.701715 0.712458 0.000000 63.797793 -0.712458 0.701715 0.000000 -26.857571 0.000000 0.000000 1.000000 0.000000
0.698295 0.715810 0.000000 63.939261 -0.715810 0.698295 0.000000 -27.056319 0.000000 0.000000 1.000000 0.000000
0.693856 0.720114 0.000000 64.080057 -0.720114 0.693856 0.000000 -27.388686 0.000000 0.000000 1.000000 0.000000
0.692044 0.721855 0.000000 64.124833 -0.721855 0.692044 0.000000 -27.528493 0.000000 0.000000 1.000000 0.000000
0.684209 0.729286 0.000000 64.251621 -0.729286 0.684209 0.000000 -27.770165 0.000000 0.000000 1.000000 0.000000
0.680956 0.732324 0.000000 64.480604 -0.732324 0.680956 0.000000 -27.960782 0.000000 0.000000 1.000000 0.000000
0.678126 0.734946 0.000000 64.709961 -0.734946 0.678126 0.000000 -28.140384 0.000000 0.000000 1.000000 0.000000
0.673550 0.739142 0.000000 64.955595 -0.739142 0.673550 0.000000 -28.355152 0.000000 0.000000 1.000000 0.000000
0.671686 0.740836 0.000000 65.083414 -0.740836 0.671686 0.000000 -28.536176 0.000000 0.000000 1.000000 0.000000
0.668648 0.743579 0.000000 65.354804 -0.743579 0.668648 0.000000 -28.790199 0.000000 0.000000 1.000000 0.000000
0.664697 0.747113 0.000000 65.393297 -0.747113 0.664697 0.000000 -28.965843 0.000000 0.000000 1.000000 0.000000
0.661013 0.750375 0.000000 65.652079 -0.750375 0.661013 0.000000 -29.149480 0.000000 0.000000 1.000000 0.000000
0.656843 0.754027 0.000000 65.699506 -0.754027 0.656843 0.000000 -29.430993 0.000000 0.000000 1.000000 0.000000
0.649808 0.760099 0.000000 65.887997 -0.760099 0.649808 0.000000 -29.804431 0.000000 0.000000 1.000000 0.000000
0.648734 0.761015 0.000000 65.957361 -0.761015 0.648734 0.000000 -30.016254 0.000000 0.000000 1.000000 0.000000
0.647949 0.761683 0.000000 66.147794 -0.761683 0.647949 0.000000 -30.253621 0.000000 0.000000 1.000000 0.000000
0.641072 0.767481 0.000000 66.187437 -0.767481 0.641072 0.000000 -30.527210 0.000000 0.000000 1.000000 0.000000
0.636703 0.771109 0.000000 66.582017 -0.771109 0.636703 0.000000 -31.015386 0.000000 0.000000 1.000000 0.000000
0.637334 0.770588 0.000000 66.787188 -0.770588 0.637334 0.000000 -31.239253 0.000000 0.000000 1.000000 0.000000
0.632802 0.774314 0.000000 66.937429 -0.774314 0.632802 0.000000 -31.494097 0.000000 0.000000 1.000000 0.000000
0.629729 0.776815 0.000000 67.149959 -0.776815 0.629729 0.000000 -31.758633 0.000000 0.000000 1.000000 0.000000
0.628000 0.778213 0.000000 67.184158 -0.778213 0.628000 0.000000 -32.060157 0.000000 0.000000 1.000000 0.000000
0.623514 0.781812 0.000000 67.422771 -0.781812 0.623514 0.000000 -32.338703 0.000000 0.000000 1.000000 0.000000
0.620971 0.783833 0.000000 67.628938 -0.783833 0.620971 0.000000 -32.579608 0.000000 0.000000 1.000000 0.000000
0.612970 0.790106 0.000000 67.759595 -0.790106 0.612970 0.000000 -32.969653 0.000000 0.000000 1.000000 0.000000
0.611830 0.790989 0.000000 67.954161 -0.790989 0.611830 0.000000 -33.150226 0.000000 0.000000 1.000000 0.000000
0.608558 0.793509 0.000000 68.089953 -0.793509 0.608558 0.000000 -33.459186 0.000000 0.000000 1.000000 0.000000
0.606767 0.794880 0.000000 68.289968 -0.794880 0.606767 0.000000 -33.638404 0.000000 0.000000 1.000000 0.000000
0.605101 0.796149 0.000000 68.274710 -0.796149 0.605101 0.000000 -33.819687 0.000000 0.000000 1.000000 0.000000
0.605993 0.795470 0.000000 68.382999 -0.795470 0.605993 0.000000 -33.911597 0.000000 0.000000 1.000000 0.000000
0.601944 0.798538 0.000000 68.580777 -0.798538 0.601944 0.000000 -34.122644 0.000000 0.000000 1.000000 0.000000
0.600104 0.799922 0.000000 68.752802 -0.799922 0.600104 0.000000 -34.330008 0.000000 0.000000 1.000000 0.000000
0.599964 0.800027 0.000000 68.924646 -0.800027 0.599964 0.000000 -34.563931 0.000000 0.000000 1.000000 0.000000
0.599835 0.800124 0.000000 69.030853 -0.800124 0.599835 0.000000 -34.820595 0.000000 0.000000 1.000000 0.000000
0.596924 0.802298 0.000000 69.053689 -0.802298 0.596924 0.000000 -35.111078 0.000000 0.000000 1.000000 0.000000
0.594732 0.803924 0.000000 69.269195 -0.803924 0.594732 0.000000 -35.322137 0.000000 0.000000 1.000000 0.000000
0.590922 0.806729 0.000000 69.380683 -0.806729 0.590922 0.000000 -35.545254 0.000000 0.000000 1.000000 0.000000
0.588899 0.808207 0.000000 69.735789 -0.808207 0.588899 0.000000 -35.780361 0.000000 0.000000 1.000000 0.000000
0.589945 0.807444 0.000000 69.985453 -0.807444 0.589945 0.000000 -36.037650 0.000000 0.000000 1.000000 0.000000
0.591130 0.806577 0.000000 70.150189 -0.806577 0.591130 0.000000 -36.201290 0.000000 0.000000 1.000000 0.000000
0.589290 0.807921 0.000000 70.249007 -0.807921 0.589290 0.000000 -36.397759 0.000000 0.000000 1.000000 0.000000
0.591821 0.806069 0.000000 70.534722 -0.806069 0.591821 0.000000 -36.582309 0.000000 0.000000 1.000000 0.000000
0.594783 0.803886 0.000000 70.761783 -0.803886 0.594783 0.000000 -37.155173 0.000000 0.000000 1.000000 0.000000
0.597350 0.801981 0.000000 71.039824 -0.801981 0.597350 0.000000 -37.259103 0.000000 0.000000 1.000000 0.000000
0.598977 0.800766 0.000000 71.259216 -0.800766 0.598977 0.000000 -37.356293 0.000000 0.000000 1.000000 0.000000
0.600574 0.799569 0.000000 71.380734 -0.799569 0.600574 0.000000 -37.417313 0.000000 0.000000 1.000000 0.000000
0.602273 0.798290 0.000000 71.553351 -0.798290 0.602273 0.000000 -37.609020 0.000000 0.000000 1.000000 0.000000
0.604119 0.796894 0.000000 71.794239 -0.796894 0.604119 0.000000 -37.778353 0.000000 0.000000 1.000000 0.000000
0.604043 0.796952 0.000000 72.036013 -0.796952 0.604043 0.000000 -37.992450 0.000000 0.000000 1.000000 0.000000
0.605966 0.795490 0.000000 72.250509 -0.795490 0.605966 0.000000 -38.343321 0.000000 0.000000 1.000000 0.000000
0.607737 0.794138 0.000000 72.379236 -0.794138 0.607737 0.000000 -38.499839 0.000000 0.000000 1.000000 0.000000
0.607596 0.794247 0.000000 72.468014 -0.794247 0.607596 0.000000 -38.821435 0.000000 0.000000 1.000000 0.000000
0.607999 0.793938 0.000000 72.689185 -0.793938 0.607999 0.000000 -38.953141 0.000000 0.000000 1.000000 0.000000
0.610070 0.792347 0.000000 72.831513 -0.792347 0.610070 0.000000 -39.094985 0.000000 0.000000 1.000000 0.000000
0.610515 0.792005 0.000000 72.939667 -0.792005 0.610515 0.000000 -39.232748 0.000000 0.000000 1.000000 0.000000
0.616317 0.787498 0.000000 73.240005 -0.787498 0.616317 0.000000 -39.496204 0.000000 0.000000 1.000000 0.000000
0.618066 0.786126 0.000000 73.396551 -0.786126 0.618066 0.000000 -39.689320 0.000000 0.000000 1.000000 0.000000
0.618921 0.785453 0.000000 73.526166 -0.785453 0.618921 0.000000 -39.979650 0.000000 0.000000 1.000000 0.000000
0.625130 0.780520 0.000000 73.650821 -0.780520 0.625130 0.000000 -40.309370 0.000000 0.000000 1.000000 0.000000
0.637018 0.770849 0.000000 73.911383 -0.770849 0.637018 0.000000 -40.734002 0.000000 0.000000 1.000000 0.000000
0.642829 0.766010 0.000000 73.997389 -0.766010 0.642829 0.000000 -40.960813 0.000000 0.000000 1.000000 0.000000
0.643508 0.765440 0.000000 74.069384 -0.765440 0.643508 0.000000 -41.017094 0.000000 0.000000 1.000000 0.000000
0.651654 0.758517 0.000000 74.338893 -0.758517 0.651654 0.000000 -41.270479 0.000000 0.000000 1.000000 0.000000
0.655239 0.755421 0.000000 74.424211 -0.755421 0.655239 0.000000 -41.301745 0.000000 0.000000 1.000000 0.000000
0.657746 0.753240 0.000000 74.475372 -0.753240 0.657746 0.000000 -41.445500 0.000000 0.000000 1.000000 0.000000
0.662130 0.749389 0.000000 74.643394 -0.749389 0.662130 0.000000 -41.505215 0.000000 0.000000 1.000000 0.000000
0.665895 0.746045 0.000000 74.667811 -0.746045 0.665895 0.000000 -41.734805 0.000000 0.000000 1.000000 0.000000
0.671449 0.741051 0.000000 74.809016 -0.741051 0.671449 0.000000 -41.885547 0.000000 0.000000 1.000000 0.000000
0.675785 0.737099 0.000000 74.993828 -0.737099 0.675785 0.000000 -41.906333 0.000000 0.000000 1.000000 0.000000
0.679188 0.733965 0.000000 75.028069 -0.733965 0.679188 0.000000 -42.086748 0.000000 0.000000 1.000000 0.000000
0.680609 0.732647 0.000000 75.097725 -0.732647 0.680609 0.000000 -42.170670 0.000000 0.000000 1.000000 0.000000
0.685972 0.727628 0.000000 75.239707 -0.727628 0.685972 0.000000 -42.177192 0.000000 0.000000 1.000000 0.000000
0.689023 0.724740 0.000000 75.234845 -0.724740 0.689023 0.000000 -42.138649 0.000000 0.000000 1.000000 0.000000
0.694109 0.719869 0.000000 75.424730 -0.719869 0.694109 0.000000 -42.211500 0.000000 0.000000 1.000000 0.000000
0.696407 0.717647 0.000000 75.525844 -0.717647 0.696407 0.000000 -42.155356 0.000000 0.000000 1.000000 0.000000
0.700396 0.713755 0.000000 75.615523 -0.713755 0.700396 0.000000 -42.235030 0.000000 0.000000 1.000000 0.000000
0.700757 0.713400 0.000000 75.598755 -0.713400 0.700757 0.000000 -42.308911 0.000000 0.000000 1.000000 0.000000
0.703578 0.710618 0.000000 75.609078 -0.710618 0.703578 0.000000 -42.323471 0.000000 0.000000 1.000000 0.000000
0.706437 0.707775 0.000000 75.622352 -0.707775 0.706437 0.000000 -42.369298 0.000000 0.000000 1.000000 0.000000
0.706900 0.707314 0.000000 75.648961 -0.707314 0.706900 0.000000 -42.461058 0.000000 0.000000 1.000000 0.000000
0.708297 0.705915 0.000000 75.715971 -0.705915 0.708297 0.000000 -42.571706 0.000000 0.000000 1.000000 0.000000
0.708961 0.705248 0.000000 75.728135 -0.705248 0.708961 0.000000 -42.690898 0.000000 0.000000 1.000000 0.000000
0.710363 0.703836 0.000000 75.796226 -0.703836 0.710363 0.000000 -42.713514 0.000000 0.000000 1.000000 0.000000
0.710539 0.703658 0.000000 75.811924 -0.703658 0.710539 0.000000 -42.752817 0.000000 0.000000 1.000000 0.000000
0.711230 0.702960 0.000000 75.906326 -0.702960 0.711230 0.000000 -42.738593 0.000000 0.000000 1.000000 0.000000
0.711053 0.703138 0.000000 75.875567 -0.703138 0.711053 0.000000 -42.770522 0.000000 0.000000 1.000000 0.000000
0.712598 0.701573 0.000000 75.938608 -0.701573 0.712598 0.000000 -42.794370 0.000000 0.000000 1.000000 0.000000
0.712390 0.701783 0.000000 75.916354 -0.701783 0.712390 0.000000 -42.819120 0.000000 0.000000 1.000000 0.000000
0.713285 0.700874 0.000000 75.949826 -0.700874 0.713285 0.000000 -42.776334 0.000000 0.000000 1.000000 0.000000
0.713352 0.700805 0.000000 75.951040 -0.700805 0.713352 0.000000 -42.738671 0.000000 0.000000 1.000000 0.000000
0.713350 0.700808 0.000000 75.950148 -0.700808 0.713350 0.000000 -42.721354 0.000000 0.000000 1.000000 0.000000
0.713724 0.700427 0.000000 76.004169 -0.700427 0.713724 0.000000 -42.759403 0.000000 0.000000 1.000000 0.000000
0.713009 0.701155 0.000000 76.020856 -0.701155 0.713009 0.000000 -42.657743 0.000000 0.000000 1.000000 0.000000
0.712864 0.701302 0.000000 76.001109 -0.701302 0.712864 0.000000 -42.653623 0.000000 0.000000 1.000000 0.000000
0.712733 0.701436 0.000000 76.079348 -0.701436 0.712733 0.000000 -42.703407 0.000000 0.000000 1.000000 0.000000
0.712193 0.701984 0.000000 76.060841 -0.701984 0.712193 0.000000 -42.665299 0.000000 0.000000 1.000000 0.000000
0.712461 0.701712 0.000000 76.054383 -0.701712 0.712461 0.000000 -42.694603 0.000000 0.000000 1.000000 0.000000
0.712434 0.701739 0.000000 76.081451 -0.701739 0.712434 0.000000 -42.759644 0.000000 0.000000 1.000000 0.000000
0.712158 0.702019 0.000000 76.035565 -0.702019 0.712158 0.000000 -42.718545 0.000000 0.000000 1.000000 0.000000
0.712272 0.701903 0.000000 76.036860 -0.701903 0.712272 0.000000 -42.716854 0.000000 0.000000 1.000000 0.000000
0.712511 0.701661 0.000000 76.005638 -0.701661 0.712511 0.000000 -42.742808 0.000000 0.000000 1.000000 0.000000
0.711904 0.702277 0.000000 76.017618 -0.702277 0.711904 0.000000 -42.696367 0.000000 0.000000 1.000000 0.000000
0.712357 0.701817 0.000000 75.982478 -0.701817 0.712357 0.000000 -42.693967 0.000000 0.000000 1.000000 0.000000
0.712900 0.701266 0.000000 75.981153 -0.701266 0.712900 0.000000 -42.770675 0.000000 0.000000 1.000000 0.000000
0.712435 0.701738 0.000000 75.978052 -0.701738 0.712435 0.000000 -42.777859 0.000000 0.000000 1.000000 0.000000
0.712720 0.701448 0.000000 75.978557 -0.701448 0.712720 0.000000 -42.798843 0.000000 0.000000 1.000000 0.000000
0.713112 0.701050 0.000000 76.000030 -0.701050 0.713112 0.000000 -42.814359 0.000000 0.000000 1.000000 0.000000
0.713621 0.700532 0.000000 75.979795 -0.700532 0.713621 0.000000 -42.813184 0.000000 0.000000 1.000000 0.000000
0.713084 0.701079 0.000000 75.954219 -0.701079 0.713084 0.000000 -42.857363 0.000000 0.000000 1.000000 0.000000
0.713311 0.700848 0.000000 75.977001 -0.700848 0.713311 0.000000 -42.865908 0.000000 0.000000 1.000000 0.000000
0.713024 0.701139 0.000000 75.988700 -0.701139 0.713024 0.000000 -42.882569 0.000000 0.000000 1.000000 0.000000
0.712899 0.701267 0.000000 76.000316 -0.701267 0.712899 0.000000 -42.914880 0.000000 0.000000 1.000000 0.000000
0.712794 0.701374 0.000000 75.996488 -0.701374 0.712794 0.000000 -42.922937 0.000000 0.000000 1.000000 0.000000
0.712049 0.702130 0.000000 76.022947 -0.702130 0.712049 0.000000 -42.912001 0.000000 0.000000 1.000000 0.000000
0.712207 0.701970 0.000000 75.984497 -0.701970 0.712207 0.000000 -42.889773 0.000000 0.000000 1.000000 0.000000
0.712100 0.702078 0.000000 76.033372 -0.702078 0.712100 0.000000 -42.860860 0.000000 0.000000 1.000000 0.000000
0.712125 0.702052 0.000000 76.040846 -0.702052 0.712125 0.000000 -42.877892 0.000000 0.000000 1.000000 0.000000
0.711222 0.702967 0.000000 76.068154 -0.702967 0.711222 0.000000 -42.951633 0.000000 0.000000 1.000000 0.000000
0.710971 0.703221 0.000000 76.049745 -0.703221 0.710971 0.000000 -42.940262 0.000000 0.000000 1.000000 0.000000
0.711565 0.702620 0.000000 76.082440 -0.702620 0.711565 0.000000 -42.937720 0.000000 0.000000 1.000000 0.000000
0.710853 0.703341 0.000000 76.072693 -0.703341 0.710853 0.000000 -42.980262 0.000000 0.000000 1.000000 0.000000
0.710676 0.703519 0.000000 76.060824 -0.703519 0.710676 0.000000 -43.001999 0.000000 0.000000 1.000000 0.000000
0.711197 0.702993 0.000000 76.050300 -0.702993 0.711197 0.000000 -43.010461 0.000000 0.000000 1.000000 0.000000
0.711062 0.703130 0.000000 76.059918 -0.703130 0.711062 0.000000 -43.017412 0.000000 0.000000 1.000000 0.000000
0.710840 0.703354 0.000000 76.019324 -0.703354 0.710840 0.000000 -43.053008 0.000000 0.000000 1.000000 0.000000
0.710152 0.704048 0.000000 76.064015 -0.704048 0.710152 0.000000 -43.079584 0.000000 0.000000 1.000000 0.000000
0.710419 0.703779 0.000000 76.078120 -0.703779 0.710419 0.000000 -43.071228 0.000000 0.000000 1.000000 0.000000
0.710805 0.703389 0.000000 76.065384 -0.703389 0.710805 0.000000 -43.035220 0.000000 0.000000 1.000000 0.000000
0.711046 0.703145 0.000000 76.101205 -0.703145 0.711046 0.000000 -43.044754 0.000000 0.000000 1.000000 0.000000
0.711290 0.702899 0.000000 76.059823 -0.702899 0.711290 0.000000 -43.023473 0.000000 0.000000 1.000000 0.000000
0.711225 0.702965 0.000000 76.042197 -0.702965 0.711225 0.000000 -43.021437 0.000000 0.000000 1.000000 0.000000
0.710745 0.703449 0.000000 76.039511 -0.703449 0.710745 0.000000 -43.102945 0.000000 0.000000 1.000000 0.000000
0.710854 0.703340 0.000000 75.967544 -0.703340 0.710854 0.000000 -43.119328 0.000000 0.000000 1.000000 0.000000
0.710311 0.703887 0.000000 76.029369 -0.703887 0.710311 0.000000 -43.151134 0.000000 0.000000 1.000000 0.000000
0.710198 0.704002 0.000000 76.051760 -0.704002 0.710198 0.000000 -43.192809 0.000000 0.000000 1.000000 0.000000
0.710694 0.703501 0.000000 76.021860 -0.703501 0.710694 0.000000 -43.228215 0.000000 0.000000 1.000000 0.000000
0.711244 0.702946 0.000000 75.981912 -0.702946 0.711244 0.000000 -43.225015 0.000000 0.000000 1.000000 0.000000
0.711629 0.702556 0.000000 76.061738 -0.702556 0.711629 0.000000 -43.147070 0.000000 0.000000 1.000000 0.000000
0.711492 0.702694 0.000000 76.084550 -0.702694 0.711492 0.000000 -43.155817 0.000000 0.000000 1.000000 0.000000
0.710843 0.703351 0.000000 76.021117 -0.703351 0.710843 0.000000 -43.176220 0.000000 0.000000 1.000000 0.000000
0.710652 0.703544 0.000000 76.063893 -0.703544 0.710652 0.000000 -43.169981 0.000000 0.000000 1.000000 0.000000
0.711326 0.702862 0.000000 75.982351 -0.702862 0.711326 0.000000 -43.129401 0.000000 0.000000 1.000000 0.000000
0.711562 0.702623 0.000000 75.925547 -0.702623 0.711562 0.000000 -43.155583 0.000000 0.000000 1.000000 0.000000
0.711603 0.702582 0.000000 75.882910 -0.702582 0.711603 0.000000 -43.135604 0.000000 0.000000 1.000000 0.000000
0.710361 0.703837 0.000000 75.911917 -0.703837 0.710361 0.000000 -43.157569 0.000000 0.000000 1.000000 0.000000
0.710595 0.703601 0.000000 75.900136 -0.703601 0.710595 0.000000 -43.142881 0.000000 0.000000 1.000000 0.000000
0.710892 0.703301 0.000000 75.876136 -0.703301 0.710892 0.000000 -43.136485 0.000000 0.000000 1.000000 0.000000
0.711246 0.702943 0.000000 75.925331 -0.702943 0.711246 0.000000 -43.118323 0.000000 0.000000 1.000000 0.000000
0.710562 0.703634 0.000000 75.952370 -0.703634 0.710562 0.000000 -43.182085 0.000000 0.000000 1.000000 0.000000
0.710972 0.703221 0.000000 75.946858 -0.703221 0.710972 0.000000 -43.164829 0.000000 0.000000 1.000000 0.000000
0.711394 0.702793 0.000000 75.927900 -0.702793 0.711394 0.000000 -43.176251 0.000000 0.000000 1.000000 0.000000
0.710859 0.703335 0.000000 75.921557 -0.703335 0.710859 0.000000 -43.164539 0.000000 0.000000 1.000000 0.000000
0.711890 0.702291 0.000000 75.840907 -0.702291 0.711890 0.000000 -43.161726 0.000000 0.000000 1.000000 0.000000
0.712009 0.702170 0.000000 75.825909 -0.702170 0.712009 0.000000 -43.240779 0.000000 0.000000 1.000000 0.000000
0.712920 0.701245 0.000000 75.844250 -0.701245 0.712920 0.000000 -43.268219 0.000000 0.000000 1.000000 0.000000
0.713576 0.700578 0.000000 75.728239 -0.700578 0.713576 0.000000 -43.263985 0.000000 0.000000 1.000000 0.000000
0.715296 0.698821 0.000000 75.763164 -0.698821 0.715296 0.000000 -43.274587 0.000000 0.000000 1.000000 0.000000
0.715642 0.698467 0.000000 75.735707 -0.698467 0.715642 0.000000 -43.345952 0.000000 0.000000 1.000000 0.000000
0.716694 0.697387 0.000000 75.668294 -0.697387 0.716694 0.000000 -43.370582 0.000000 0.000000 1.000000 0.000000
0.718543 0.695482 0.000000 75.663414 -0.695482 0.718543 0.000000 -43.319710 0.000000 0.000000 1.000000 0.000000
0.719843 0.694137 0.000000 75.670978 -0.694137 0.719843 0.000000 -43.417207 0.000000 0.000000 1.000000 0.000000
0.720186 0.693781 0.000000 75.638722 -0.693781 0.720186 0.000000 -43.428139 0.000000 0.000000 1.000000 0.000000
0.720853 0.693088 0.000000 75.674236 -0.693088 0.720853 0.000000 -43.424113 0.000000 0.000000 1.000000 0.000000
0.721507 0.692407 0.000000 75.661318 -0.692407 0.721507 0.000000 -43.447273 0.000000 0.000000 1.000000 0.000000
0.722825 0.691031 0.000000 75.577164 -0.691031 0.722825 0.000000 -43.483737 0.000000 0.000000 1.000000 0.000000
0.723759 0.690053 0.000000 75.571494 -0.690053 0.723759 0.000000 -43.551473 0.000000 0.000000 1.000000 0.000000
0.724384 0.689396 0.000000 75.566404 -0.689396 0.724384 0.000000 -43.485754 0.000000 0.000000 1.000000 0.000000
0.725480 0.688243 0.000000 75.582811 -0.688243 0.725480 0.000000 -43.591741 0.000000 0.000000 1.000000 0.000000
0.725803 0.687902 0.000000 75.555593 -0.687902 0.725803 0.000000 -43.610384 0.000000 0.000000 1.000000 0.000000
0.727145 0.686484 0.000000 75.496185 -0.686484 0.727145 0.000000 -43.662661 0.000000 0.000000 1.000000 0.000000
0.728854 0.684669 0.000000 75.556962 -0.684669 0.728854 0.000000 -43.636814 0.000000 0.000000 1.000000 0.000000
0.728041 0.685534 0.000000 75.487975 -0.685534 0.728041 0.000000 -43.767208 0.000000 0.000000 1.000000 0.000000
0.729560 0.683917 0.000000 75.586384 -0.683917 0.729560 0.000000 -43.677504 0.000000 0.000000 1.000000 0.000000
0.729850 0.683607 0.000000 75.565364 -0.683607 0.729850 0.000000 -43.730913 0.000000 0.000000 1.000000 0.000000
0.731101 0.682269 0.000000 75.551641 -0.682269 0.731101 0.000000 -43.802831 0.000000 0.000000 1.000000 0.000000
0.731991 0.681315 0.000000 75.504675 -0.681315 0.731991 0.000000 -43.775469 0.000000 0.000000 1.000000 0.000000
0.730043 0.683401 0.000000 75.487179 -0.683401 0.730043 0.000000 -43.919419 0.000000 0.000000 1.000000 0.000000
0.731707 0.681619 0.000000 75.521467 -0.681619 0.731707 0.000000 -43.982440 0.000000 0.000000 1.000000 0.000000
0.734001 0.679148 0.000000 75.497423 -0.679148 0.734001 0.000000 -43.975608 0.000000 0.000000 1.000000 0.000000
0.733853 0.679309 0.000000 75.507505 -0.679309 0.733853 0.000000 -44.062427 0.000000 0.000000 1.000000 0.000000
0.734543 0.678562 0.000000 75.513101 -0.678562 0.734543 0.000000 -44.058910 0.000000 0.000000 1.000000 0.000000
0.734749 0.678339 0.000000 75.598520 -0.678339 0.734749 0.000000 -44.018378 0.000000 0.000000 1.000000 0.000000
0.735176 0.677876 0.000000 75.530697 -0.677876 0.735176 0.000000 -44.107204 0.000000 0.000000 1.000000 0.000000
0.736853 0.676053 0.000000 75.464094 -0.676053 0.736853 0.000000 -44.093961 0.000000 0.000000 1.000000 0.000000
0.737097 0.675787 0.000000 75.454474 -0.675787 0.737097 0.000000 -44.067408 0.000000 0.000000 1.000000 0.000000
0.738100 0.674692 0.000000 75.417024 -0.674692 0.738100 0.000000 -44.060234 0.000000 0.000000 1.000000 0.000000
0.737974 0.674829 0.000000 75.424901 -0.674829 0.737974 0.000000 -44.118044 0.000000 0.000000 1.000000 0.000000
0.739091 0.673606 0.000000 75.414449 -0.673606 0.739091 0.000000 -44.125712 0.000000 0.000000 1.000000 0.000000
0.738222 0.674557 0.000000 75.340400 -0.674557 0.738222 0.000000 -44.126302 0.000000 0.000000 1.000000 0.000000
0.738874 0.673844 0.000000 75.364172 -0.673844 0.738874 0.000000 -44.132587 0.000000 0.000000 1.000000 0.000000
0.738892 0.673824 0.000000 75.375394 -0.673824 0.738892 0.000000 -44.136835 0.000000 0.000000 1.000000 0.000000
0.739323 0.673350 0.000000 75.401736 -0.673350 0.739323 0.000000 -44.116405 0.000000 0.000000 1.000000 0.000000
0.739480 0.673178 0.000000 75.370596 -0.673178 0.739480 0.000000 -44.184668 0.000000 0.000000 1.000000 0.000000
0.739717 0.672918 0.000000 75.387520 -0.672918 0.739717 0.000000 -44.213379 0.000000 0.000000 1.000000 0.000000
0.739885 0.672733 0.000000 75.379827 -0.672733 0.739885 0.000000 -44.190054 0.000000 0.000000 1.000000 0.000000
0.739921 0.672694 0.000000 75.339039 -0.672694 0.739921 0.000000 -44.175566 0.000000 0.000000 1.000000 0.000000
0.739863 0.672757 0.000000 75.318739 -0.672757 0.739863 0.000000 -44.218504 0.000000 0.000000 1.000000 0.000000
0.739565 0.673085 0.000000 75.277108 -0.673085 0.739565 0.000000 -44.241334 0.000000 0.000000 1.000000 0.000000
0.740198 0.672388 0.000000 75.326521 -0.672388 0.740198 0.000000 -44.239682 0.000000 0.000000 1.000000 0.000000
0.739887 0.672731 0.000000 75.260801 -0.672731 0.739887 0.000000 -44.214712 0.000000 0.000000 1.000000 0.000000
0.739481 0.673177 0.000000 75.243372 -0.673177 0.739481 0.000000 -44.183090 0.000000 0.000000 1.000000 0.000000
0.740016 0.672590 0.000000 75.247481 -0.672590 0.740016 0.000000 -44.205342 0.000000 0.000000 1.000000 0.000000
0.740197 0.672390 0.000000 75.259578 -0.672390 0.740197 0.000000 -44.157468 0.000000 0.000000 1.000000 0.000000
0.740217 0.672368 0.000000 75.201611 -0.672368 0.740217 0.000000 -44.187901 0.000000 0.000000 1.000000 0.000000
0.740481 0.672077 0.000000 75.170812 -0.672077 0.740481 0.000000 -44.227791 0.000000 0.000000 1.000000 0.000000
