0.999999 -0.000379 0.000000 0.613787 0.000378 0.999999 0.000000 -0.003392 0.000000 0.000000 1.000000 0.000000
0.999997 0.000978 0.000000 1.224815 -0.000982 0.999998 0.000000 -0.011389 0.000000 0.000000 1.000000 0.000000
0.999988 0.001303 0.000000 1.848331 -0.001312 0.999997 0.000000 -0.018378 0.000000 0.000000 1.000000 0.000000
0.999974 0.001120 0.000000 2.464868 -0.001140 0.999995 0.000000 -0.022950 0.000000 0.000000 1.000000 0.000000
0.999951 0.002043 0.000000 3.289357 -0.002072 0.999993 0.000000 -0.030114 0.000000 0.000000 1.000000 0.000000
0.999946 0.002077 0.000000 3.872437 -0.002112 0.999992 0.000000 -0.035211 0.000000 0.000000 1.000000 0.000000
0.999950 0.001652 0.000000 4.498509 -0.001691 0.999991 0.000000 -0.041693 0.000000 0.000000 1.000000 0.000000
0.999943 0.001588 0.000000 5.420818 -0.001626 0.999992 0.000000 -0.047789 0.000000 0.000000 1.000000 0.000000
0.999939 0.001846 0.000000 6.036727 -0.001875 0.999995 0.000000 -0.053791 0.000000 0.000000 1.000000 0.000000
0.999942 0.002266 0.000000 6.653183 -0.002287 0.999995 0.000000 -0.059920 0.000000 0.000000 1.000000 0.000000
0.999951 0.003002 0.000000 7.284895 -0.003021 0.999994 0.000000 -0.067450 0.000000 0.000000 1.000000 0.000000
0.999975 0.003871 0.000000 8.547403 -0.003891 0.999986 0.000000 -0.082989 0.000000 0.000000 1.000000 0.000000
0.999977 0.004175 0.000000 9.183131 -0.004195 0.999984 0.000000 -0.092141 0.000000 0.000000 1.000000 0.000000
0.999970 0.004197 0.000000 9.812691 -0.004228 0.999980 0.000000 -0.101481 0.000000 0.000000 1.000000 0.000000
0.999954 0.005748 0.000000 10.439363 -0.005791 0.999968 0.000000 -0.111090 0.000000 0.000000 1.000000 0.000000
0.999943 0.005758 0.000000 11.105220 -0.005808 0.999968 0.000000 -0.119666 0.000000 0.000000 1.000000 0.000000
0.999942 0.005149 0.000000 11.722386 -0.005200 0.999972 0.000000 -0.125837 0.000000 0.000000 1.000000 0.000000
0.999935 0.006732 0.000000 12.335040 -0.006775 0.999966 0.000000 -0.136153 0.000000 0.000000 1.000000 0.000000
0.999930 0.007407 0.000000 12.956736 -0.007446 0.999964 0.000000 -0.148496 0.000000 0.000000 1.000000 0.000000
0.999926 0.007798 0.000000 13.582311 -0.007852 0.999952 0.000000 -0.160880 0.000000 0.000000 1.000000 0.000000
0.999929 0.007023 0.000000 14.196157 -0.007098 0.999944 0.000000 -0.170712 0.000000 0.000000 1.000000 0.000000
0.999936 0.006429 0.000000 14.813068 -0.006510 0.999941 0.000000 -0.181009 0.000000 0.000000 1.000000 0.000000
0.999931 0.005781 0.000000 15.419791 -0.005871 0.999944 0.000000 -0.189326 0.000000 0.000000 1.000000 0.000000
0.999921 0.005628 0.000000 16.060488 -0.005740 0.999934 0.000000 -0.198637 0.000000 0.000000 1.000000 0.000000
0.999911 0.006381 0.000000 16.639229 -0.006498 0.999930 0.000000 -0.208477 0.000000 0.000000 1.000000 0.000000
0.999910 0.007000 0.000000 17.261755 -0.007118 0.999922 0.000000 -0.218321 0.000000 0.000000 1.000000 0.000000
0.999897 0.007732 0.000000 17.880206 -0.007870 0.999904 0.000000 -0.229192 0.000000 0.000000 1.000000 0.000000
0.999920 0.007266 0.000000 18.529342 -0.007383 0.999908 0.000000 -0.240159 0.000000 0.000000 1.000000 0.000000
0.999944 0.006426 0.000000 19.152826 -0.006513 0.999925 0.000000 -0.248540 0.000000 0.000000 1.000000 0.000000
0.999948 0.006135 0.000000 19.773230 -0.006212 0.999936 0.000000 -0.255638 0.000000 0.000000 1.000000 0.000000
0.999950 0.006012 0.000000 20.391813 -0.006084 0.999940 0.000000 -0.261621 0.000000 0.000000 1.000000 0.000000
0.999939 0.006203 0.000000 21.018459 -0.006288 0.999937 0.000000 -0.269730 0.000000 0.000000 1.000000 0.000000
0.999916 0.006197 0.000000 21.647778 -0.006312 0.999929 0.000000 -0.277683 0.000000 0.000000 1.000000 0.000000
0.999908 0.006174 0.000000 22.252854 -0.006298 0.999927 0.000000 -0.285483 0.000000 0.000000 1.000000 0.000000
0.999903 0.006345 0.000000 22.885231 -0.006466 0.999931 0.000000 -0.293492 0.000000 0.000000 1.000000 0.000000
0.999927 0.005477 0.000000 23.525440 -0.005580 0.999939 0.000000 -0.299892 0.000000 0.000000 1.000000 0.000000
0.999928 0.005900 0.000000 24.125883 -0.005996 0.999940 0.000000 -0.308182 0.000000 0.000000 1.000000 0.000000
0.999937 0.005697 0.000000 24.773208 -0.005784 0.999943 0.000000 -0.315550 0.000000 0.000000 1.000000 0.000000
0.999934 0.005199 0.000000 25.397750 -0.005288 0.999948 0.000000 -0.322003 0.000000 0.000000 1.000000 0.000000
0.999919 0.005688 0.000000 25.999989 -0.005779 0.999952 0.000000 -0.329907 0.000000 0.000000 1.000000 0.000000
0.999916 0.005392 0.000000 26.619912 -0.005473 0.999962 0.000000 -0.337668 0.000000 0.000000 1.000000 0.000000
0.999906 0.005486 0.000000 27.249332 -0.005585 0.999953 0.000000 -0.345155 0.000000 0.000000 1.000000 0.000000
0.999915 0.006022 0.000000 27.871826 -0.006120 0.999945 0.000000 -0.353090 0.000000 0.000000 1.000000 0.000000
0.999906 0.006401 0.000000 28.451953 -0.006497 0.999947 0.000000 -0.361104 0.000000 0.000000 1.000000 0.000000
0.999892 0.005931 0.000000 29.086312 -0.006030 0.999955 0.000000 -0.370007 0.000000 0.000000 1.000000 0.000000
0.999905 0.005178 0.000000 29.669621 -0.005279 0.999955 0.000000 -0.375810 0.000000 0.000000 1.000000 0.000000
0.999912 0.005715 0.000000 30.277919 -0.005816 0.999948 0.000000 -0.383718 0.000000 0.000000 1.000000 0.000000
0.999908 0.006438 0.000000 30.904190 -0.006533 0.999947 0.000000 -0.392160 0.000000 0.000000 1.000000 0.000000
0.999905 0.005781 0.000000 31.716008 -0.005879 0.999952 0.000000 -0.402218 0.000000 0.000000 1.000000 0.000000
0.999906 0.005412 0.000000 32.336891 -0.005501 0.999960 0.000000 -0.408516 0.000000 0.000000 1.000000 0.000000
0.999897 0.005300 0.000000 32.961336 -0.005399 0.999958 0.000000 -0.415708 0.000000 0.000000 1.000000 0.000000
0.999864 0.005410 0.000000 33.592996 -0.005530 0.999955 0.000000 -0.423265 0.000000 0.000000 1.000000 0.000000
0.999885 0.006101 0.000000 34.226748 -0.006202 0.999954 0.000000 -0.431797 0.000000 0.000000 1.000000 0.000000
0.999917 0.006978 0.000000 34.865874 -0.007053 0.999951 0.000000 -0.441790 0.000000 0.000000 1.000000 0.000000
0.999923 0.008195 0.000000 35.498744 -0.008264 0.999939 0.000000 -0.452984 0.000000 0.000000 1.000000 0.000000
0.999924 0.008725 0.000000 36.139576 -0.008793 0.999931 0.000000 -0.463740 0.000000 0.000000 1.000000 0.000000
0.999911 0.009842 0.000000 36.773021 -0.009908 0.999924 0.000000 -0.476561 0.000000 0.000000 1.000000 0.000000
0.999902 0.009256 0.000000 37.408911 -0.009327 0.999933 0.000000 -0.485628 0.000000 0.000000 1.000000 0.000000
0.999886 0.009528 0.000000 38.035337 -0.009611 0.999929 0.000000 -0.496743 0.000000 0.000000 1.000000 0.000000
0.999884 0.010312 0.000000 38.669635 -0.010406 0.999910 0.000000 -0.508430 0.000000 0.000000 1.000000 0.000000
0.999869 0.009827 0.000000 39.314140 -0.009934 0.999917 0.000000 -0.516857 0.000000 0.000000 1.000000 0.000000
0.999874 0.010493 0.000000 39.968524 -0.010585 0.999914 0.000000 -0.528251 0.000000 0.000000 1.000000 0.000000
0.999896 0.010521 0.000000 40.572373 -0.010598 0.999914 0.000000 -0.540821 0.000000 0.000000 1.000000 0.000000
0.999889 0.010902 0.000000 41.218323 -0.010981 0.999910 0.000000 -0.553863 0.000000 0.000000 1.000000 0.000000
0.999892 0.010719 0.000000 41.849847 -0.010804 0.999906 0.000000 -0.563006 0.000000 0.000000 1.000000 0.000000
0.999819 0.011517 0.000000 42.505876 -0.011670 0.999881 0.000000 -0.574780 0.000000 0.000000 1.000000 0.000000
0.999614 0.011734 0.000000 43.150402 -0.012096 0.999826 0.000000 -0.587464 0.000000 0.000000 1.000000 0.000000
0.999231 0.011497 0.000000 43.783135 -0.012183 0.999762 0.000000 -0.600243 0.000000 0.000000 1.000000 0.000000
0.998615 0.012292 0.000000 44.422546 -0.013298 0.999724 0.000000 -0.613944 0.000000 0.000000 1.000000 0.000000
0.998306 0.012548 0.000000 45.059435 -0.013706 0.999705 0.000000 -0.627033 0.000000 0.000000 1.000000 0.000000
0.998533 0.013556 0.000000 45.704929 -0.014719 0.999653 0.000000 -0.642102 0.000000 0.000000 1.000000 0.000000
0.999016 0.014836 0.000000 46.358560 -0.015880 0.999567 0.000000 -0.657193 0.000000 0.000000 1.000000 0.000000
0.999352 0.015904 0.000000 47.018588 -0.016729 0.999535 0.000000 -0.672802 0.000000 0.000000 1.000000 0.000000
0.999449 0.016828 0.000000 47.635292 -0.017534 0.999544 0.000000 -0.686786 0.000000 0.000000 1.000000 0.000000
0.999390 0.016287 0.000000 48.285170 -0.017003 0.999589 0.000000 -0.702734 0.000000 0.000000 1.000000 0.000000
0.999300 0.016380 0.000000 48.929027 -0.017158 0.999589 0.000000 -0.720861 0.000000 0.000000 1.000000 0.000000
0.999303 0.016337 0.000000 49.575076 -0.017117 0.999587 0.000000 -0.736466 0.000000 0.000000 1.000000 0.000000
0.999333 0.016902 0.000000 50.221257 -0.017696 0.999546 0.000000 -0.753242 0.000000 0.000000 1.000000 0.000000
0.999373 0.017034 0.000000 50.863295 -0.017798 0.999541 0.000000 -0.770390 0.000000 0.000000 1.000000 0.000000
0.999397 0.016737 0.000000 51.486354 -0.017465 0.999564 0.000000 -0.785602 0.000000 0.000000 1.000000 0.000000
0.999366 0.016557 0.000000 52.140663 -0.017333 0.999550 0.000000 -0.801992 0.000000 0.000000 1.000000 0.000000
0.999326 0.016724 0.000000 52.800252 -0.017550 0.999529 0.000000 -0.817553 0.000000 0.000000 1.000000 0.000000
0.999303 0.016671 0.000000 53.472098 -0.017496 0.999545 0.000000 -0.834567 0.000000 0.000000 1.000000 0.000000
0.999274 0.016516 0.000000 54.139282 -0.017362 0.999549 0.000000 -0.850433 0.000000 0.000000 1.000000 0.000000
0.999312 0.015589 0.000000 54.806548 -0.016398 0.999580 0.000000 -0.864743 0.000000 0.000000 1.000000 0.000000
0.999414 0.014728 0.000000 55.857683 -0.015412 0.999639 0.000000 -0.888147 0.000000 0.000000 1.000000 0.000000
0.999517 0.014102 0.000000 56.572461 -0.014689 0.999670 0.000000 -0.903134 0.000000 0.000000 1.000000 0.000000
0.999556 0.013949 0.000000 57.237673 -0.014450 0.999717 0.000000 -0.915487 0.000000 0.000000 1.000000 0.000000
0.999594 0.012966 0.000000 57.916285 -0.013419 0.999752 0.000000 -0.926079 0.000000 0.000000 1.000000 0.000000
0.999544 0.012287 0.000000 58.592227 -0.012758 0.999774 0.000000 -0.937100 0.000000 0.000000 1.000000 0.000000
0.999470 0.011680 0.000000 59.267721 -0.012142 0.999813 0.000000 -0.947255 0.000000 0.000000 1.000000 0.000000
0.999492 0.011463 0.000000 59.936084 -0.011819 0.999861 0.000000 -0.958789 0.000000 0.000000 1.000000 0.000000
0.999639 0.010865 0.000000 60.582106 -0.011124 0.999884 0.000000 -0.966561 0.000000 0.000000 1.000000 0.000000
0.999784 0.011856 0.000000 61.939854 -0.012056 0.999860 0.000000 -0.989538 0.000000 0.000000 1.000000 0.000000
0.999649 0.013115 0.000000 62.612400 -0.013394 0.999838 0.000000 -1.003019 0.000000 0.000000 1.000000 0.000000
0.999368 0.013387 0.000000 63.267996 -0.013757 0.999844 0.000000 -1.015020 0.000000 0.000000 1.000000 0.000000
0.999008 0.014068 0.000000 63.922304 -0.014543 0.999834 0.000000 -1.028244 0.000000 0.000000 1.000000 0.000000
0.998780 0.015048 0.000000 64.571546 -0.015604 0.999812 0.000000 -1.042183 0.000000 0.000000 1.000000 0.000000
0.998780 0.015306 0.000000 65.249328 -0.015912 0.999794 0.000000 -1.055273 0.000000 0.000000 1.000000 0.000000
0.998878 0.016247 0.000000 65.883972 -0.016839 0.999774 0.000000 -1.068019 0.000000 0.000000 1.000000 0.000000
0.998995 0.016283 0.000000 66.486416 -0.016890 0.999756 0.000000 -1.081459 0.000000 0.000000 1.000000 0.000000
0.999050 0.016697 0.000000 67.121863 -0.017298 0.999743 0.000000 -1.096402 0.000000 0.000000 1.000000 0.000000
0.999058 0.017558 0.000000 67.709833 -0.018153 0.999728 0.000000 -1.112577 0.000000 0.000000 1.000000 0.000000
0.999070 0.018188 0.000000 68.332418 -0.018810 0.999701 0.000000 -1.128861 0.000000 0.000000 1.000000 0.000000
0.999122 0.018393 0.000000 68.946460 -0.019031 0.999680 0.000000 -1.143547 0.000000 0.000000 1.000000 0.000000
0.999157 0.019006 0.000000 69.527137 -0.019643 0.999659 0.000000 -1.158020 0.000000 0.000000 1.000000 0.000000
0.999167 0.018768 0.000000 70.148816 -0.019401 0.999664 0.000000 -1.172437 0.000000 0.000000 1.000000 0.000000
0.999157 0.018017 0.000000 70.759836 -0.018668 0.999675 0.000000 -1.186083 0.000000 0.000000 1.000000 0.000000
0.999102 0.018581 0.000000 71.326810 -0.019256 0.999663 0.000000 -1.200548 0.000000 0.000000 1.000000 0.000000
0.999082 0.018256 0.000000 71.946853 -0.018963 0.999659 0.000000 -1.215130 0.000000 0.000000 1.000000 0.000000
0.999056 0.018518 0.000000 72.528050 -0.019231 0.999656 0.000000 -1.231122 0.000000 0.000000 1.000000 0.000000
0.999048 0.019447 0.000000 73.145774 -0.020171 0.999630 0.000000 -1.247326 0.000000 0.000000 1.000000 0.000000
0.999089 0.018681 0.000000 73.773062 -0.019387 0.999648 0.000000 -1.260882 0.000000 0.000000 1.000000 0.000000
0.999105 0.018036 0.000000 74.641421 -0.018707 0.999676 0.000000 -1.282050 0.000000 0.000000 1.000000 0.000000
0.999063 0.018897 0.000000 75.240590 -0.019593 0.999653 0.000000 -1.298577 0.000000 0.000000 1.000000 0.000000
0.999032 0.018958 0.000000 75.854094 -0.019699 0.999637 0.000000 -1.313818 0.000000 0.000000 1.000000 0.000000
0.999035 0.018665 0.000000 76.456167 -0.019393 0.999650 0.000000 -1.327865 0.000000 0.000000 1.000000 0.000000
0.999036 0.018917 0.000000 77.055062 -0.019688 0.999622 0.000000 -1.344396 0.000000 0.000000 1.000000 0.000000
0.999089 0.019080 0.000000 77.660583 -0.019859 0.999600 0.000000 -1.362150 0.000000 0.000000 1.000000 0.000000
0.999134 0.019250 0.000000 78.298018 -0.019942 0.999630 0.000000 -1.381425 0.000000 0.000000 1.000000 0.000000
0.999142 0.019607 0.000000 78.888948 -0.020245 0.999647 0.000000 -1.398258 0.000000 0.000000 1.000000 0.000000
0.999141 0.020142 0.000000 79.475956 -0.020777 0.999636 0.000000 -1.415759 0.000000 0.000000 1.000000 0.000000
0.999068 0.020753 0.000000 80.653098 -0.021440 0.999611 0.000000 -1.448170 0.000000 0.000000 1.000000 0.000000
0.999104 0.020911 0.000000 81.250961 -0.021580 0.999607 0.000000 -1.465101 0.000000 0.000000 1.000000 0.000000
0.999152 0.020670 0.000000 81.836929 -0.021312 0.999616 0.000000 -1.482320 0.000000 0.000000 1.000000 0.000000
0.999165 0.020826 0.000000 82.407366 -0.021488 0.999597 0.000000 -1.498144 0.000000 0.000000 1.000000 0.000000
0.999157 0.021027 0.000000 82.978780 -0.021729 0.999570 0.000000 -1.513595 0.000000 0.000000 1.000000 0.000000
0.999130 0.021720 0.000000 83.553226 -0.022450 0.999544 0.000000 -1.530769 0.000000 0.000000 1.000000 0.000000
0.999074 0.022338 0.000000 84.125089 -0.023108 0.999520 0.000000 -1.546950 0.000000 0.000000 1.000000 0.000000
0.999094 0.021406 0.000000 84.698608 -0.022203 0.999525 0.000000 -1.557862 0.000000 0.000000 1.000000 0.000000
0.999066 0.021312 0.000000 85.254770 -0.022125 0.999528 0.000000 -1.572323 0.000000 0.000000 1.000000 0.000000
0.999047 0.021782 0.000000 85.793994 -0.022617 0.999506 0.000000 -1.589014 0.000000 0.000000 1.000000 0.000000
0.999038 0.022115 0.000000 86.343587 -0.022965 0.999491 0.000000 -1.605527 0.000000 0.000000 1.000000 0.000000
0.999015 0.023267 0.000000 86.889507 -0.024089 0.999479 0.000000 -1.624368 0.000000 0.000000 1.000000 0.000000
0.999009 0.024010 0.000000 87.444033 -0.024800 0.999477 0.000000 -1.641886 0.000000 0.000000 1.000000 0.000000
0.999016 0.025107 0.000000 87.961153 -0.025843 0.999470 0.000000 -1.659098 0.000000 0.000000 1.000000 0.000000
0.999021 0.026161 0.000000 88.507341 -0.026854 0.999458 0.000000 -1.677525 0.000000 0.000000 1.000000 0.000000
0.999038 0.027220 0.000000 89.035369 -0.027887 0.999429 0.000000 -1.694138 0.000000 0.000000 1.000000 0.000000
0.999079 0.028079 0.000000 89.557630 -0.028724 0.999396 0.000000 -1.711833 0.000000 0.000000 1.000000 0.000000
0.999102 0.028464 0.000000 90.102211 -0.029104 0.999374 0.000000 -1.728896 0.000000 0.000000 1.000000 0.000000
0.999084 0.029266 0.000000 90.617058 -0.029897 0.999355 0.000000 -1.747293 0.000000 0.000000 1.000000 0.000000
0.999068 0.030005 0.000000 91.104763 -0.030616 0.999343 0.000000 -1.765260 0.000000 0.000000 1.000000 0.000000
0.999065 0.030483 0.000000 91.630877 -0.031082 0.999331 0.000000 -1.784663 0.000000 0.000000 1.000000 0.000000
0.999024 0.030824 0.000000 92.151619 -0.031472 0.999301 0.000000 -1.803012 0.000000 0.000000 1.000000 0.000000
0.998953 0.031914 0.000000 92.645379 -0.032589 0.999263 0.000000 -1.820574 0.000000 0.000000 1.000000 0.000000
0.998861 0.033718 0.000000 93.196187 -0.034388 0.999219 0.000000 -1.844161 0.000000 0.000000 1.000000 0.000000
0.998801 0.035282 0.000000 93.738464 -0.035953 0.999166 0.000000 -1.866831 0.000000 0.000000 1.000000 0.000000
0.998792 0.036149 0.000000 94.229829 -0.036804 0.999137 0.000000 -1.887982 0.000000 0.000000 1.000000 0.000000
0.998745 0.038303 0.000000 94.747055 -0.038946 0.999050 0.000000 -1.911196 0.000000 0.000000 1.000000 0.000000
0.998685 0.039765 0.000000 95.228205 -0.040385 0.999009 0.000000 -1.932032 0.000000 0.000000 1.000000 0.000000
0.998567 0.041424 0.000000 95.732648 -0.041994 0.998985 0.000000 -1.954895 0.000000 0.000000 1.000000 0.000000
0.998416 0.043507 0.000000 96.411205 -0.044048 0.998924 0.000000 -1.987266 0.000000 0.000000 1.000000 0.000000
0.998347 0.044985 0.000000 96.920685 -0.045454 0.998889 0.000000 -2.010805 0.000000 0.000000 1.000000 0.000000
0.998312 0.046911 0.000000 97.413872 -0.047334 0.998811 0.000000 -2.036237 0.000000 0.000000 1.000000 0.000000
0.998235 0.049545 0.000000 97.911700 -0.049936 0.998689 0.000000 -2.064753 0.000000 0.000000 1.000000 0.000000
0.998109 0.051523 0.000000 98.411424 -0.051939 0.998582 0.000000 -2.092555 0.000000 0.000000 1.000000 0.000000
0.997946 0.053203 0.000000 98.899210 -0.053663 0.998486 0.000000 -2.121219 0.000000 0.000000 1.000000 0.000000
0.997725 0.054840 0.000000 99.375132 -0.055337 0.998399 0.000000 -2.149051 0.000000 0.000000 1.000000 0.000000
0.997369 0.058402 0.000000 100.325958 -0.058945 0.998195 0.000000 -2.208963 0.000000 0.000000 1.000000 0.000000
0.997292 0.059708 0.000000 100.794450 -0.060267 0.998112 0.000000 -2.239571 0.000000 0.000000 1.000000 0.000000
0.997113 0.062222 0.000000 101.261448 -0.062805 0.997952 0.000000 -2.272197 0.000000 0.000000 1.000000 0.000000
0.996911 0.064943 0.000000 101.730886 -0.065545 0.997774 0.000000 -2.303962 0.000000 0.000000 1.000000 0.000000
0.996663 0.068004 0.000000 102.204667 -0.068668 0.997551 0.000000 -2.337317 0.000000 0.000000 1.000000 0.000000
0.996363 0.071106 0.000000 102.677985 -0.071760 0.997345 0.000000 -2.372290 0.000000 0.000000 1.000000 0.000000
0.996073 0.073869 0.000000 103.160290 -0.074550 0.997142 0.000000 -2.409181 0.000000 0.000000 1.000000 0.000000
0.995744 0.077044 0.000000 103.630997 -0.077800 0.996882 0.000000 -2.447856 0.000000 0.000000 1.000000 0.000000
0.995362 0.080086 0.000000 104.100962 -0.080839 0.996654 0.000000 -2.487745 0.000000 0.000000 1.000000 0.000000
0.994986 0.083510 0.000000 104.549913 -0.084298 0.996367 0.000000 -2.527998 0.000000 0.000000 1.000000 0.000000
0.994732 0.085706 0.000000 104.980885 -0.086539 0.996170 0.000000 -2.567308 0.000000 0.000000 1.000000 0.000000
0.994382 0.088442 0.000000 105.436304 -0.089353 0.995912 0.000000 -2.609004 0.000000 0.000000 1.000000 0.000000
0.993864 0.091518 0.000000 105.892326 -0.092628 0.995585 0.000000 -2.653965 0.000000 0.000000 1.000000 0.000000
0.993288 0.094508 0.000000 106.343095 -0.095662 0.995311 0.000000 -2.698226 0.000000 0.000000 1.000000 0.000000
0.992680 0.098468 0.000000 106.774725 -0.099543 0.994960 0.000000 -2.743937 0.000000 0.000000 1.000000 0.000000
0.992124 0.101947 0.000000 107.208378 -0.103101 0.994595 0.000000 -2.789832 0.000000 0.000000 1.000000 0.000000
0.991577 0.105954 0.000000 107.650754 -0.107239 0.994142 0.000000 -2.838059 0.000000 0.000000 1.000000 0.000000
0.990892 0.110762 0.000000 108.079525 -0.112259 0.993558 0.000000 -2.885675 0.000000 0.000000 1.000000 0.000000
0.990196 0.116610 0.000000 108.505698 -0.118286 0.992823 0.000000 -2.934647 0.000000 0.000000 1.000000 0.000000
0.989564 0.122742 0.000000 108.928440 -0.124337 0.992098 0.000000 -2.987199 0.000000 0.000000 1.000000 0.000000
0.988913 0.127403 0.000000 109.325795 -0.129009 0.991506 0.000000 -3.039781 0.000000 0.000000 1.000000 0.000000
0.988346 0.131843 0.000000 109.740586 -0.133318 0.990966 0.000000 -3.096618 0.000000 0.000000 1.000000 0.000000
0.987898 0.135971 0.000000 110.134023 -0.137365 0.990423 0.000000 -3.153035 0.000000 0.000000 1.000000 0.000000
0.987469 0.140139 0.000000 110.545141 -0.141627 0.989795 0.000000 -3.215231 0.000000 0.000000 1.000000 0.000000
0.987332 0.142716 0.000000 110.938725 -0.144207 0.989402 0.000000 -3.273773 0.000000 0.000000 1.000000 0.000000
0.987247 0.145620 0.000000 111.304862 -0.147059 0.988960 0.000000 -3.330117 0.000000 0.000000 1.000000 0.000000
0.987128 0.149001 0.000000 111.698769 -0.150262 0.988484 0.000000 -3.394685 0.000000 0.000000 1.000000 0.000000
0.986946 0.152434 0.000000 112.096480 -0.153512 0.987994 0.000000 -3.458232 0.000000 0.000000 1.000000 0.000000
0.986607 0.156470 0.000000 112.640468 -0.157250 0.987462 0.000000 -3.547191 0.000000 0.000000 1.000000 0.000000
0.986325 0.159082 0.000000 113.053944 -0.159553 0.987159 0.000000 -3.616141 0.000000 0.000000 1.000000 0.000000
0.985883 0.161882 0.000000 113.462157 -0.162217 0.986745 0.000000 -3.687012 0.000000 0.000000 1.000000 0.000000
0.985243 0.164847 0.000000 113.862595 -0.165193 0.986254 0.000000 -3.756570 0.000000 0.000000 1.000000 0.000000
0.984704 0.167461 0.000000 114.263616 -0.167763 0.985825 0.000000 -3.828302 0.000000 0.000000 1.000000 0.000000
0.984382 0.168840 0.000000 114.668090 -0.169183 0.985581 0.000000 -3.900711 0.000000 0.000000 1.000000 0.000000
0.984134 0.170426 0.000000 115.072116 -0.170805 0.985298 0.000000 -3.975557 0.000000 0.000000 1.000000 0.000000
0.984121 0.171022 0.000000 115.495265 -0.171336 0.985209 0.000000 -4.051299 0.000000 0.000000 1.000000 0.000000
0.984070 0.172041 0.000000 116.233866 -0.172229 0.985057 0.000000 -4.188493 0.000000 0.000000 1.000000 0.000000
0.983995 0.172796 0.000000 116.662573 -0.172936 0.984933 0.000000 -4.269870 0.000000 0.000000 1.000000 0.000000
0.983910 0.173458 0.000000 117.102799 -0.173619 0.984813 0.000000 -4.351020 0.000000 0.000000 1.000000 0.000000
0.983641 0.174961 0.000000 117.536648 -0.175235 0.984523 0.000000 -4.432881 0.000000 0.000000 1.000000 0.000000
0.983420 0.176113 0.000000 117.968095 -0.176493 0.984289 0.000000 -4.514757 0.000000 0.000000 1.000000 0.000000
0.983338 0.176747 0.000000 118.404346 -0.177173 0.984159 0.000000 -4.596604 0.000000 0.000000 1.000000 0.000000
0.983388 0.176927 0.000000 118.846017 -0.177351 0.984122 0.000000 -4.679339 0.000000 0.000000 1.000000 0.000000
0.983283 0.177954 0.000000 119.291131 -0.178353 0.983941 0.000000 -4.762206 0.000000 0.000000 1.000000 0.000000
0.983095 0.179441 0.000000 119.731497 -0.179813 0.983675 0.000000 -4.845209 0.000000 0.000000 1.000000 0.000000
0.982863 0.181199 0.000000 120.178791 -0.181545 0.983355 0.000000 -4.930931 0.000000 0.000000 1.000000 0.000000
0.982643 0.182773 0.000000 120.629946 -0.183160 0.983035 0.000000 -5.015876 0.000000 0.000000 1.000000 0.000000
0.982433 0.184752 0.000000 121.458246 -0.185150 0.982616 0.000000 -5.174550 0.000000 0.000000 1.000000 0.000000
0.982116 0.186709 0.000000 121.905942 -0.187061 0.982260 0.000000 -5.264604 0.000000 0.000000 1.000000 0.000000
0.981834 0.188352 0.000000 122.352138 -0.188680 0.981951 0.000000 -5.353102 0.000000 0.000000 1.000000 0.000000
0.981531 0.190204 0.000000 122.810097 -0.190518 0.981575 0.000000 -5.446062 0.000000 0.000000 1.000000 0.000000
0.981168 0.192266 0.000000 123.267040 -0.192593 0.981117 0.000000 -5.540377 0.000000 0.000000 1.000000 0.000000
0.980722 0.194642 0.000000 123.725441 -0.194982 0.980587 0.000000 -5.633657 0.000000 0.000000 1.000000 0.000000
0.980556 0.195665 0.000000 124.182541 -0.195971 0.980345 0.000000 -5.730644 0.000000 0.000000 1.000000 0.000000
0.980344 0.196830 0.000000 124.644476 -0.197102 0.980114 0.000000 -5.829376 0.000000 0.000000 1.000000 0.000000
0.980169 0.197688 0.000000 125.146633 -0.197969 0.979924 0.000000 -5.936444 0.000000 0.000000 1.000000 0.000000
0.979842 0.199282 0.000000 125.583596 -0.199571 0.979596 0.000000 -6.030860 0.000000 0.000000 1.000000 0.000000
0.979300 0.201887 0.000000 126.079063 -0.202192 0.979055 0.000000 -6.139354 0.000000 0.000000 1.000000 0.000000
0.979033 0.203116 0.000000 126.543246 -0.203454 0.978766 0.000000 -6.241731 0.000000 0.000000 1.000000 0.000000
0.978893 0.203808 0.000000 127.018623 -0.204154 0.978579 0.000000 -6.344187 0.000000 0.000000 1.000000 0.000000
0.978628 0.205144 0.000000 127.492573 -0.205484 0.978231 0.000000 -6.449315 0.000000 0.000000 1.000000 0.000000
0.978833 0.204212 0.000000 127.970423 -0.204536 0.978397 0.000000 -6.543322 0.000000 0.000000 1.000000 0.000000
0.978674 0.205017 0.000000 128.442633 -0.205327 0.978198 0.000000 -6.645779 0.000000 0.000000 1.000000 0.000000
0.978558 0.205559 0.000000 128.910572 -0.205873 0.978091 0.000000 -6.744270 0.000000 0.000000 1.000000 0.000000
0.978335 0.206594 0.000000 129.384368 -0.206904 0.977943 0.000000 -6.846863 0.000000 0.000000 1.000000 0.000000
0.978069 0.207779 0.000000 129.837222 -0.208101 0.977756 0.000000 -6.947717 0.000000 0.000000 1.000000 0.000000
0.977761 0.209130 0.000000 130.306946 -0.209458 0.977540 0.000000 -7.051608 0.000000 0.000000 1.000000 0.000000
0.977316 0.211126 0.000000 130.787663 -0.211475 0.977114 0.000000 -7.159539 0.000000 0.000000 1.000000 0.000000
0.976956 0.212954 0.000000 131.584347 -0.213289 0.976580 0.000000 -7.339803 0.000000 0.000000 1.000000 0.000000
0.976969 0.213031 0.000000 132.068607 -0.213306 0.976543 0.000000 -7.447535 0.000000 0.000000 1.000000 0.000000
0.976931 0.213219 0.000000 133.052876 -0.213450 0.976674 0.000000 -7.667450 0.000000 0.000000 1.000000 0.000000
0.976734 0.214055 0.000000 133.541926 -0.214287 0.976564 0.000000 -7.777502 0.000000 0.000000 1.000000 0.000000
0.976371 0.215499 0.000000 134.043003 -0.215793 0.976245 0.000000 -7.891466 0.000000 0.000000 1.000000 0.000000
0.976001 0.216966 0.000000 134.542098 -0.217350 0.975849 0.000000 -8.004537 0.000000 0.000000 1.000000 0.000000
0.975838 0.217622 0.000000 135.038168 -0.218050 0.975655 0.000000 -8.116296 0.000000 0.000000 1.000000 0.000000
0.975808 0.217783 0.000000 135.530726 -0.218177 0.975671 0.000000 -8.227132 0.000000 0.000000 1.000000 0.000000
0.975677 0.218280 0.000000 136.071953 -0.218663 0.975612 0.000000 -8.351672 0.000000 0.000000 1.000000 0.000000
0.975525 0.218902 0.000000 136.556859 -0.219260 0.975522 0.000000 -8.464989 0.000000 0.000000 1.000000 0.000000
0.974943 0.221469 0.000000 137.071341 -0.221819 0.974953 0.000000 -8.586827 0.000000 0.000000 1.000000 0.000000
0.974645 0.222929 0.000000 137.593045 -0.223258 0.974610 0.000000 -8.712605 0.000000 0.000000 1.000000 0.000000
0.974314 0.224526 0.000000 138.067238 -0.224828 0.974230 0.000000 -8.831648 0.000000 0.000000 1.000000 0.000000
0.974248 0.224908 0.000000 138.579140 -0.225195 0.974125 0.000000 -8.955795 0.000000 0.000000 1.000000 0.000000
0.974074 0.225693 0.000000 139.100074 -0.225977 0.973930 0.000000 -9.081287 0.000000 0.000000 1.000000 0.000000
0.974157 0.225387 0.000000 139.582403 -0.225653 0.974006 0.000000 -9.194021 0.000000 0.000000 1.000000 0.000000
0.974019 0.226024 0.000000 140.108132 -0.226279 0.973855 0.000000 -9.318938 0.000000 0.000000 1.000000 0.000000
0.973867 0.226667 0.000000 140.640478 -0.226930 0.973693 0.000000 -9.447562 0.000000 0.000000 1.000000 0.000000
0.973520 0.228149 0.000000 141.258103 -0.228418 0.973332 0.000000 -9.597905 0.000000 0.000000 1.000000 0.000000
0.973367 0.228782 0.000000 141.819931 -0.229059 0.973178 0.000000 -9.732759 0.000000 0.000000 1.000000 0.000000
0.973135 0.229762 0.000000 142.318564 -0.230036 0.972960 0.000000 -9.853643 0.000000 0.000000 1.000000 0.000000
0.972578 0.232100 0.000000 142.848906 -0.232370 0.972421 0.000000 -9.986341 0.000000 0.000000 1.000000 0.000000
0.971766 0.235481 0.000000 143.378289 -0.235744 0.971615 0.000000 -10.120365 0.000000 0.000000 1.000000 0.000000
0.970941 0.238891 0.000000 143.913342 -0.239131 0.970813 0.000000 -10.257075 0.000000 0.000000 1.000000 0.000000
0.967748 0.251767 0.000000 147.774503 -0.251883 0.967616 0.000000 -11.284549 0.000000 0.000000 1.000000 0.000000
0.967636 0.252226 0.000000 148.296300 -0.252328 0.967495 0.000000 -11.425009 0.000000 0.000000 1.000000 0.000000
0.967382 0.253208 0.000000 149.458179 -0.253293 0.967289 0.000000 -11.741541 0.000000 0.000000 1.000000 0.000000
0.967517 0.252706 0.000000 150.578468 -0.252770 0.967470 0.000000 -12.043292 0.000000 0.000000 1.000000 0.000000
0.967501 0.252776 0.000000 151.144444 -0.252832 0.967464 0.000000 -12.196769 0.000000 0.000000 1.000000 0.000000
0.967673 0.252140 0.000000 151.706110 -0.252184 0.967641 0.000000 -12.347127 0.000000 0.000000 1.000000 0.000000
0.967792 0.251707 0.000000 152.271512 -0.251734 0.967774 0.000000 -12.498976 0.000000 0.000000 1.000000 0.000000
0.967990 0.250937 0.000000 152.829325 -0.250959 0.967988 0.000000 -12.650793 0.000000 0.000000 1.000000 0.000000
0.968116 0.250442 0.000000 153.389775 -0.250456 0.968126 0.000000 -12.803573 0.000000 0.000000 1.000000 0.000000
0.968153 0.250297 0.000000 153.961845 -0.250303 0.968168 0.000000 -12.958828 0.000000 0.000000 1.000000 0.000000
0.968230 0.249995 0.000000 154.528685 -0.249993 0.968247 0.000000 -13.111716 0.000000 0.000000 1.000000 0.000000
0.968488 0.248987 0.000000 155.096674 -0.248983 0.968507 0.000000 -13.264694 0.000000 0.000000 1.000000 0.000000
0.968941 0.247238 0.000000 156.006689 -0.247226 0.968954 0.000000 -13.512477 0.000000 0.000000 1.000000 0.000000
0.969173 0.246307 0.000000 156.594014 -0.246281 0.969187 0.000000 -13.672161 0.000000 0.000000 1.000000 0.000000
0.969514 0.244965 0.000000 157.164626 -0.244935 0.969525 0.000000 -13.825284 0.000000 0.000000 1.000000 0.000000
0.969913 0.243383 0.000000 157.750980 -0.243361 0.969926 0.000000 -13.976387 0.000000 0.000000 1.000000 0.000000
0.970125 0.242565 0.000000 158.376843 -0.242553 0.970133 0.000000 -14.141844 0.000000 0.000000 1.000000 0.000000
0.970519 0.241014 0.000000 158.903555 -0.241010 0.970521 0.000000 -14.279190 0.000000 0.000000 1.000000 0.000000
0.970772 0.239995 0.000000 159.513651 -0.239992 0.970774 0.000000 -14.439107 0.000000 0.000000 1.000000 0.000000
0.970998 0.239067 0.000000 160.084857 -0.239064 0.971003 0.000000 -14.588754 0.000000 0.000000 1.000000 0.000000
0.971207 0.238188 0.000000 160.653510 -0.238184 0.971219 0.000000 -14.739182 0.000000 0.000000 1.000000 0.000000
0.971432 0.237265 0.000000 161.220325 -0.237260 0.971445 0.000000 -14.884374 0.000000 0.000000 1.000000 0.000000
0.971513 0.236958 0.000000 161.787552 -0.236953 0.971520 0.000000 -15.031279 0.000000 0.000000 1.000000 0.000000
0.971692 0.236245 0.000000 162.352397 -0.236242 0.971693 0.000000 -15.176260 0.000000 0.000000 1.000000 0.000000
0.971744 0.236036 0.000000 162.924886 -0.236037 0.971742 0.000000 -15.324411 0.000000 0.000000 1.000000 0.000000
0.971667 0.236337 0.000000 163.492058 -0.236345 0.971664 0.000000 -15.474374 0.000000 0.000000 1.000000 0.000000
0.971864 0.235504 0.000000 164.058126 -0.235518 0.971866 0.000000 -15.620507 0.000000 0.000000 1.000000 0.000000
0.972050 0.234731 0.000000 164.609771 -0.234742 0.972055 0.000000 -15.763152 0.000000 0.000000 1.000000 0.000000
0.972403 0.233256 0.000000 165.701886 -0.233253 0.972415 0.000000 -16.039956 0.000000 0.000000 1.000000 0.000000
0.972639 0.232270 0.000000 166.269990 -0.232259 0.972650 0.000000 -16.180896 0.000000 0.000000 1.000000 0.000000
0.972707 0.231989 0.000000 166.802096 -0.231971 0.972715 0.000000 -16.314464 0.000000 0.000000 1.000000 0.000000
0.972780 0.231698 0.000000 167.386302 -0.231682 0.972783 0.000000 -16.461320 0.000000 0.000000 1.000000 0.000000
0.972757 0.231815 0.000000 167.941357 -0.231805 0.972754 0.000000 -16.599157 0.000000 0.000000 1.000000 0.000000
0.972737 0.231898 0.000000 169.038274 -0.231908 0.972722 0.000000 -16.866435 0.000000 0.000000 1.000000 0.000000
0.972735 0.231909 0.000000 169.596515 -0.231916 0.972726 0.000000 -17.002197 0.000000 0.000000 1.000000 0.000000
0.972880 0.231304 0.000000 170.136665 -0.231310 0.972869 0.000000 -17.136935 0.000000 0.000000 1.000000 0.000000
0.972999 0.230795 0.000000 170.703487 -0.230806 0.972980 0.000000 -17.276342 0.000000 0.000000 1.000000 0.000000
0.973129 0.230252 0.000000 171.271074 -0.230259 0.973103 0.000000 -17.415763 0.000000 0.000000 1.000000 0.000000
0.973139 0.230211 0.000000 171.801136 -0.230218 0.973122 0.000000 -17.541860 0.000000 0.000000 1.000000 0.000000
0.973310 0.229481 0.000000 172.567355 -0.229492 0.973288 0.000000 -17.725217 0.000000 0.000000 1.000000 0.000000
0.973427 0.228983 0.000000 173.136375 -0.228994 0.973410 0.000000 -17.862239 0.000000 0.000000 1.000000 0.000000
0.973279 0.229612 0.000000 173.709565 -0.229623 0.973264 0.000000 -18.003691 0.000000 0.000000 1.000000 0.000000
0.973251 0.229727 0.000000 174.321506 -0.229740 0.973234 0.000000 -18.156726 0.000000 0.000000 1.000000 0.000000
0.973158 0.230121 0.000000 174.856953 -0.230133 0.973146 0.000000 -18.290891 0.000000 0.000000 1.000000 0.000000
0.973250 0.229743 0.000000 175.470157 -0.229748 0.973246 0.000000 -18.444368 0.000000 0.000000 1.000000 0.000000
0.973344 0.229344 0.000000 176.041975 -0.229347 0.973342 0.000000 -18.585434 0.000000 0.000000 1.000000 0.000000
0.973452 0.228884 0.000000 176.608818 -0.228887 0.973451 0.000000 -18.726069 0.000000 0.000000 1.000000 0.000000
0.973400 0.229102 0.000000 177.183628 -0.229106 0.973400 0.000000 -18.869431 0.000000 0.000000 1.000000 0.000000
0.973433 0.228961 0.000000 177.742006 -0.228967 0.973431 0.000000 -19.009939 0.000000 0.000000 1.000000 0.000000
0.973483 0.228744 0.000000 178.312325 -0.228752 0.973479 0.000000 -19.152615 0.000000 0.000000 1.000000 0.000000
0.973607 0.228200 0.000000 178.881587 -0.228214 0.973604 0.000000 -19.291024 0.000000 0.000000 1.000000 0.000000
0.973658 0.227964 0.000000 179.461500 -0.227982 0.973659 0.000000 -19.432824 0.000000 0.000000 1.000000 0.000000
0.973777 0.227431 0.000000 180.037974 -0.227456 0.973780 0.000000 -19.571600 0.000000 0.000000 1.000000 0.000000
0.973838 0.227150 0.000000 180.614511 -0.227186 0.973837 0.000000 -19.713922 0.000000 0.000000 1.000000 0.000000
0.973921 0.226797 0.000000 181.192182 -0.226837 0.973912 0.000000 -19.855515 0.000000 0.000000 1.000000 0.000000
0.973983 0.226549 0.000000 181.767719 -0.226590 0.973958 0.000000 -19.996845 0.000000 0.000000 1.000000 0.000000
0.974010 0.226447 0.000000 182.316928 -0.226487 0.973972 0.000000 -20.131263 0.000000 0.000000 1.000000 0.000000
0.974086 0.226118 0.000000 182.943075 -0.226160 0.974042 0.000000 -20.281841 0.000000 0.000000 1.000000 0.000000
0.974139 0.225874 0.000000 183.475963 -0.225919 0.974105 0.000000 -20.410319 0.000000 0.000000 1.000000 0.000000
0.974223 0.225500 0.000000 184.046698 -0.225547 0.974197 0.000000 -20.551813 0.000000 0.000000 1.000000 0.000000
0.974000 0.226449 0.000000 184.639227 -0.226498 0.973982 0.000000 -20.699972 0.000000 0.000000 1.000000 0.000000
0.973955 0.226637 0.000000 185.218705 -0.226684 0.973943 0.000000 -20.845027 0.000000 0.000000 1.000000 0.000000
0.974000 0.226457 0.000000 185.803328 -0.226495 0.973994 0.000000 -20.987674 0.000000 0.000000 1.000000 0.000000
0.974057 0.226214 0.000000 186.385854 -0.226246 0.974057 0.000000 -21.132103 0.000000 0.000000 1.000000 0.000000
0.974265 0.225321 0.000000 186.966115 -0.225347 0.974270 0.000000 -21.272068 0.000000 0.000000 1.000000 0.000000
0.974287 0.225227 0.000000 187.539862 -0.225253 0.974292 0.000000 -21.410891 0.000000 0.000000 1.000000 0.000000
0.974475 0.224410 0.000000 188.125932 -0.224440 0.974477 0.000000 -21.548927 0.000000 0.000000 1.000000 0.000000
0.974560 0.224033 0.000000 188.705259 -0.224064 0.974565 0.000000 -21.685388 0.000000 0.000000 1.000000 0.000000
0.974599 0.223848 0.000000 189.273307 -0.223879 0.974609 0.000000 -21.823054 0.000000 0.000000 1.000000 0.000000
0.974601 0.223792 0.000000 189.845053 -0.223838 0.974613 0.000000 -21.963058 0.000000 0.000000 1.000000 0.000000
0.974591 0.223769 0.000000 190.418865 -0.223838 0.974605 0.000000 -22.102535 0.000000 0.000000 1.000000 0.000000
0.974517 0.224039 0.000000 190.963290 -0.224120 0.974538 0.000000 -22.235043 0.000000 0.000000 1.000000 0.000000
0.974715 0.223175 0.000000 191.527345 -0.223256 0.974737 0.000000 -22.369149 0.000000 0.000000 1.000000 0.000000
0.974812 0.222784 0.000000 192.100242 -0.222863 0.974824 0.000000 -22.506349 0.000000 0.000000 1.000000 0.000000
0.974740 0.223165 0.000000 192.656224 -0.223237 0.974730 0.000000 -22.640949 0.000000 0.000000 1.000000 0.000000
0.974657 0.223580 0.000000 193.220328 -0.223644 0.974627 0.000000 -22.781085 0.000000 0.000000 1.000000 0.000000
0.974721 0.223336 0.000000 193.796197 -0.223397 0.974662 0.000000 -22.919489 0.000000 0.000000 1.000000 0.000000
0.974936 0.222408 0.000000 194.341907 -0.222464 0.974863 0.000000 -23.047472 0.000000 0.000000 1.000000 0.000000
0.974912 0.222505 0.000000 194.910373 -0.222569 0.974826 0.000000 -23.184094 0.000000 0.000000 1.000000 0.000000
0.974959 0.222274 0.000000 195.490757 -0.222352 0.974872 0.000000 -23.321655 0.000000 0.000000 1.000000 0.000000
0.975058 0.221814 0.000000 196.031966 -0.221907 0.974961 0.000000 -23.451299 0.000000 0.000000 1.000000 0.000000
0.975026 0.221985 0.000000 196.594888 -0.222070 0.974896 0.000000 -23.586270 0.000000 0.000000 1.000000 0.000000
0.975008 0.222138 0.000000 197.165600 -0.222168 0.974852 0.000000 -23.723372 0.000000 0.000000 1.000000 0.000000
0.975250 0.221101 0.000000 197.996933 -0.221087 0.975121 0.000000 -23.917909 0.000000 0.000000 1.000000 0.000000
0.975432 0.220296 0.000000 198.555294 -0.220294 0.975341 0.000000 -24.048101 0.000000 0.000000 1.000000 0.000000
0.975213 0.221201 0.000000 199.124529 -0.221246 0.975168 0.000000 -24.185010 0.000000 0.000000 1.000000 0.000000
0.974919 0.222329 0.000000 199.688987 -0.222401 0.974933 0.000000 -24.320418 0.000000 0.000000 1.000000 0.000000
0.974916 0.222233 0.000000 200.260052 -0.222303 0.974967 0.000000 -24.455821 0.000000 0.000000 1.000000 0.000000
0.975104 0.221517 0.000000 200.841592 -0.221563 0.975139 0.000000 -24.593882 0.000000 0.000000 1.000000 0.000000
0.975257 0.220993 0.000000 201.411510 -0.221015 0.975265 0.000000 -24.729332 0.000000 0.000000 1.000000 0.000000
0.975417 0.220360 0.000000 201.999180 -0.220365 0.975411 0.000000 -24.871352 0.000000 0.000000 1.000000 0.000000
0.975459 0.220179 0.000000 202.498900 -0.220180 0.975441 0.000000 -24.988915 0.000000 0.000000 1.000000 0.000000
0.975639 0.219373 0.000000 203.480177 -0.219380 0.975587 0.000000 -25.218789 0.000000 0.000000 1.000000 0.000000
0.975762 0.218826 0.000000 204.037732 -0.218835 0.975686 0.000000 -25.349677 0.000000 0.000000 1.000000 0.000000
0.975840 0.218481 0.000000 204.765763 -0.218480 0.975721 0.000000 -25.519231 0.000000 0.000000 1.000000 0.000000
0.975929 0.218088 0.000000 205.506201 -0.218047 0.975763 0.000000 -25.692636 0.000000 0.000000 1.000000 0.000000
0.975724 0.219002 0.000000 206.501130 -0.218939 0.975529 0.000000 -25.925712 0.000000 0.000000 1.000000 0.000000
0.975728 0.218987 0.000000 207.068128 -0.218930 0.975499 0.000000 -26.056492 0.000000 0.000000 1.000000 0.000000
0.975657 0.219296 0.000000 207.647570 -0.219277 0.975390 0.000000 -26.193305 0.000000 0.000000 1.000000 0.000000
0.975664 0.219249 0.000000 208.198050 -0.219257 0.975373 0.000000 -26.322379 0.000000 0.000000 1.000000 0.000000
0.975661 0.219244 0.000000 208.722684 -0.219282 0.975375 0.000000 -26.444014 0.000000 0.000000 1.000000 0.000000
0.975723 0.218956 0.000000 209.295334 -0.219007 0.975425 0.000000 -26.576387 0.000000 0.000000 1.000000 0.000000
0.975749 0.218813 0.000000 209.853677 -0.218890 0.975441 0.000000 -26.705625 0.000000 0.000000 1.000000 0.000000
0.975451 0.220080 0.000000 210.646552 -0.220206 0.975146 0.000000 -26.892695 0.000000 0.000000 1.000000 0.000000
0.975334 0.220528 0.000000 211.204933 -0.220700 0.975022 0.000000 -27.027145 0.000000 0.000000 1.000000 0.000000
0.975406 0.220178 0.000000 211.766672 -0.220371 0.975096 0.000000 -27.156951 0.000000 0.000000 1.000000 0.000000
0.975438 0.220049 0.000000 212.334572 -0.220235 0.975126 0.000000 -27.289325 0.000000 0.000000 1.000000 0.000000
