1.000000 0.000373 0.000000 0.577612 -0.000373 0.999999 0.000000 -0.000035 0.000000 0.000000 1.000000 0.000000
0.999996 0.002699 0.000000 1.133877 -0.002700 0.999994 0.000000 -0.004727 0.000000 0.000000 1.000000 0.000000
0.999993 0.003705 0.000000 1.727135 -0.003707 0.999988 0.000000 -0.007299 0.000000 0.000000 1.000000 0.000000
0.999987 0.004759 0.000000 2.309859 -0.004768 0.999979 0.000000 -0.009966 0.000000 0.000000 1.000000 0.000000
0.999983 0.005259 0.000000 2.888263 -0.005272 0.999972 0.000000 -0.012948 0.000000 0.000000 1.000000 0.000000
0.999971 0.007138 0.000000 3.437213 -0.007155 0.999954 0.000000 -0.019578 0.000000 0.000000 1.000000 0.000000
0.999964 0.007899 0.000000 4.023866 -0.007918 0.999949 0.000000 -0.025421 0.000000 0.000000 1.000000 0.000000
0.999947 0.009447 0.000000 4.613143 -0.009474 0.999932 0.000000 -0.034260 0.000000 0.000000 1.000000 0.000000
0.999926 0.011289 0.000000 5.148332 -0.011321 0.999911 0.000000 -0.041910 0.000000 0.000000 1.000000 0.000000
0.999893 0.013966 0.000000 5.738515 -0.014000 0.999872 0.000000 -0.054926 0.000000 0.000000 1.000000 0.000000
0.999862 0.016537 0.000000 6.880129 -0.016552 0.999826 0.000000 -0.077730 0.000000 0.000000 1.000000 0.000000
0.999829 0.018465 0.000000 7.483329 -0.018471 0.999788 0.000000 -0.092552 0.000000 0.000000 1.000000 0.000000
0.999786 0.020658 0.000000 8.319186 -0.020662 0.999735 0.000000 -0.112999 0.000000 0.000000 1.000000 0.000000
0.999731 0.023189 0.000000 8.907611 -0.023192 0.999672 0.000000 -0.131606 0.000000 0.000000 1.000000 0.000000
0.999694 0.024724 0.000000 9.500774 -0.024712 0.999632 0.000000 -0.148788 0.000000 0.000000 1.000000 0.000000
0.999681 0.025123 0.000000 10.094117 -0.025091 0.999614 0.000000 -0.164668 0.000000 0.000000 1.000000 0.000000
0.999642 0.026492 0.000000 10.643428 -0.026444 0.999573 0.000000 -0.180640 0.000000 0.000000 1.000000 0.000000
0.999556 0.029517 0.000000 11.249755 -0.029463 0.999483 0.000000 -0.199214 0.000000 0.000000 1.000000 0.000000
0.999516 0.030841 0.000000 11.810094 -0.030788 0.999443 0.000000 -0.219370 0.000000 0.000000 1.000000 0.000000
0.999506 0.031168 0.000000 12.396973 -0.031110 0.999427 0.000000 -0.240624 0.000000 0.000000 1.000000 0.000000
0.999480 0.031873 0.000000 12.957308 -0.031805 0.999400 0.000000 -0.262290 0.000000 0.000000 1.000000 0.000000
0.999460 0.032328 0.000000 13.526844 -0.032248 0.999393 0.000000 -0.284318 0.000000 0.000000 1.000000 0.000000
0.999406 0.033654 0.000000 14.106115 -0.033559 0.999357 0.000000 -0.306827 0.000000 0.000000 1.000000 0.000000
0.999318 0.035844 0.000000 14.870807 -0.035743 0.999297 0.000000 -0.339116 0.000000 0.000000 1.000000 0.000000
0.999271 0.037040 0.000000 15.503626 -0.036938 0.999257 0.000000 -0.365966 0.000000 0.000000 1.000000 0.000000
0.999216 0.038569 0.000000 16.051998 -0.038462 0.999191 0.000000 -0.390595 0.000000 0.000000 1.000000 0.000000
0.999196 0.039233 0.000000 16.664934 -0.039133 0.999163 0.000000 -0.416586 0.000000 0.000000 1.000000 0.000000
0.999146 0.040523 0.000000 17.248482 -0.040428 0.999116 0.000000 -0.444952 0.000000 0.000000 1.000000 0.000000
0.999060 0.042112 0.000000 17.838832 -0.042004 0.999063 0.000000 -0.474147 0.000000 0.000000 1.000000 0.000000
0.998911 0.044292 0.000000 18.415042 -0.044143 0.998971 0.000000 -0.502067 0.000000 0.000000 1.000000 0.000000
0.998806 0.045018 0.000000 18.984625 -0.044848 0.998950 0.000000 -0.528358 0.000000 0.000000 1.000000 0.000000
0.998729 0.046276 0.000000 19.554624 -0.046109 0.998898 0.000000 -0.555050 0.000000 0.000000 1.000000 0.000000
0.998763 0.046769 0.000000 20.140424 -0.046627 0.998874 0.000000 -0.582104 0.000000 0.000000 1.000000 0.000000
0.998788 0.048043 0.000000 20.721574 -0.047949 0.998810 0.000000 -0.610434 0.000000 0.000000 1.000000 0.000000
0.998724 0.050390 0.000000 21.294934 -0.050354 0.998677 0.000000 -0.641575 0.000000 0.000000 1.000000 0.000000
0.998687 0.051221 0.000000 21.842966 -0.051214 0.998620 0.000000 -0.671946 0.000000 0.000000 1.000000 0.000000
0.998616 0.052470 0.000000 22.409629 -0.052425 0.998560 0.000000 -0.706757 0.000000 0.000000 1.000000 0.000000
0.998370 0.055168 0.000000 23.513229 -0.054989 0.998410 0.000000 -0.772299 0.000000 0.000000 1.000000 0.000000
0.998109 0.058644 0.000000 24.451850 -0.058370 0.998181 0.000000 -0.829663 0.000000 0.000000 1.000000 0.000000
0.997969 0.061683 0.000000 25.003623 -0.061429 0.997983 0.000000 -0.866778 0.000000 0.000000 1.000000 0.000000
0.997935 0.062855 0.000000 25.551850 -0.062636 0.997903 0.000000 -0.902257 0.000000 0.000000 1.000000 0.000000
0.997738 0.066135 0.000000 26.107202 -0.065920 0.997673 0.000000 -0.939870 0.000000 0.000000 1.000000 0.000000
0.997480 0.069794 0.000000 26.670027 -0.069556 0.997411 0.000000 -0.983805 0.000000 0.000000 1.000000 0.000000
0.997318 0.071673 0.000000 27.265364 -0.071395 0.997275 0.000000 -1.029872 0.000000 0.000000 1.000000 0.000000
0.997038 0.075176 0.000000 27.824454 -0.074860 0.997008 0.000000 -1.075487 0.000000 0.000000 1.000000 0.000000
0.996518 0.081870 0.000000 28.938307 -0.081535 0.996454 0.000000 -1.169799 0.000000 0.000000 1.000000 0.000000
0.996319 0.084390 0.000000 29.497863 -0.084065 0.996238 0.000000 -1.218568 0.000000 0.000000 1.000000 0.000000
0.996127 0.086644 0.000000 30.066024 -0.086318 0.996041 0.000000 -1.269606 0.000000 0.000000 1.000000 0.000000
0.995834 0.089928 0.000000 30.590982 -0.089597 0.995750 0.000000 -1.320782 0.000000 0.000000 1.000000 0.000000
0.995609 0.092290 0.000000 31.160993 -0.091952 0.995541 0.000000 -1.377523 0.000000 0.000000 1.000000 0.000000
0.995119 0.097264 0.000000 32.055410 -0.096921 0.995085 0.000000 -1.468343 0.000000 0.000000 1.000000 0.000000
0.994817 0.100231 0.000000 32.651771 -0.099870 0.994784 0.000000 -1.531259 0.000000 0.000000 1.000000 0.000000
0.994512 0.103051 0.000000 33.216471 -0.102639 0.994466 0.000000 -1.593717 0.000000 0.000000 1.000000 0.000000
0.994331 0.104665 0.000000 33.787321 -0.104227 0.994287 0.000000 -1.657417 0.000000 0.000000 1.000000 0.000000
0.994137 0.106490 0.000000 34.360511 -0.106031 0.994074 0.000000 -1.720916 0.000000 0.000000 1.000000 0.000000
0.993884 0.108706 0.000000 34.919850 -0.108183 0.993785 0.000000 -1.785331 0.000000 0.000000 1.000000 0.000000
0.993637 0.110822 0.000000 35.485961 -0.110260 0.993530 0.000000 -1.850708 0.000000 0.000000 1.000000 0.000000
0.993348 0.113420 0.000000 36.057162 -0.112855 0.993230 0.000000 -1.916837 0.000000 0.000000 1.000000 0.000000
0.993132 0.115256 0.000000 36.619807 -0.114703 0.993039 0.000000 -1.984205 0.000000 0.000000 1.000000 0.000000
0.992897 0.117152 0.000000 37.147601 -0.116589 0.992825 0.000000 -2.049139 0.000000 0.000000 1.000000 0.000000
0.992330 0.121241 0.000000 38.107722 -0.120607 0.992355 0.000000 -2.169834 0.000000 0.000000 1.000000 0.000000
0.991947 0.123893 0.000000 38.676178 -0.123211 0.992036 0.000000 -2.244439 0.000000 0.000000 1.000000 0.000000
0.991677 0.125882 0.000000 39.251677 -0.125201 0.991802 0.000000 -2.319060 0.000000 0.000000 1.000000 0.000000
0.991445 0.127485 0.000000 39.819723 -0.126899 0.991676 0.000000 -2.392006 0.000000 0.000000 1.000000 0.000000
0.991189 0.129313 0.000000 40.377260 -0.128816 0.991495 0.000000 -2.466926 0.000000 0.000000 1.000000 0.000000
0.990921 0.131262 0.000000 40.935238 -0.130802 0.991260 0.000000 -2.542617 0.000000 0.000000 1.000000 0.000000
0.990576 0.133359 0.000000 41.528594 -0.132917 0.991001 0.000000 -2.623630 0.000000 0.000000 1.000000 0.000000
0.990323 0.134851 0.000000 42.063497 -0.134387 0.990800 0.000000 -2.697240 0.000000 0.000000 1.000000 0.000000
0.990122 0.136159 0.000000 42.626263 -0.135751 0.990641 0.000000 -2.774763 0.000000 0.000000 1.000000 0.000000
0.990012 0.137097 0.000000 43.189530 -0.136656 0.990500 0.000000 -2.853796 0.000000 0.000000 1.000000 0.000000
0.989854 0.139003 0.000000 43.748916 -0.138530 0.990203 0.000000 -2.934924 0.000000 0.000000 1.000000 0.000000
0.989735 0.140420 0.000000 44.270761 -0.139946 0.989978 0.000000 -3.011390 0.000000 0.000000 1.000000 0.000000
0.989588 0.141716 0.000000 44.836084 -0.141233 0.989773 0.000000 -3.095950 0.000000 0.000000 1.000000 0.000000
0.989315 0.143772 0.000000 45.362095 -0.143311 0.989479 0.000000 -3.175787 0.000000 0.000000 1.000000 0.000000
0.988802 0.147089 0.000000 46.330251 -0.146596 0.988986 0.000000 -3.324921 0.000000 0.000000 1.000000 0.000000
0.988488 0.148886 0.000000 46.873295 -0.148325 0.988700 0.000000 -3.408587 0.000000 0.000000 1.000000 0.000000
0.987984 0.151968 0.000000 47.400799 -0.151326 0.988200 0.000000 -3.494718 0.000000 0.000000 1.000000 0.000000
0.987368 0.154977 0.000000 48.473062 -0.154267 0.987759 0.000000 -3.664592 0.000000 0.000000 1.000000 0.000000
0.986911 0.157646 0.000000 49.050730 -0.156903 0.987333 0.000000 -3.759424 0.000000 0.000000 1.000000 0.000000
0.986638 0.159509 0.000000 49.555483 -0.158749 0.987017 0.000000 -3.842765 0.000000 0.000000 1.000000 0.000000
0.986302 0.162217 0.000000 50.619232 -0.161532 0.986573 0.000000 -4.021161 0.000000 0.000000 1.000000 0.000000
0.985976 0.164501 0.000000 51.155215 -0.163850 0.986191 0.000000 -4.112863 0.000000 0.000000 1.000000 0.000000
0.985685 0.166234 0.000000 51.669186 -0.165591 0.985907 0.000000 -4.202220 0.000000 0.000000 1.000000 0.000000
0.985407 0.167769 0.000000 52.160882 -0.167099 0.985640 0.000000 -4.289424 0.000000 0.000000 1.000000 0.000000
0.984729 0.171576 0.000000 53.072610 -0.170831 0.984952 0.000000 -4.449264 0.000000 0.000000 1.000000 0.000000
0.984504 0.172807 0.000000 53.593119 -0.172032 0.984725 0.000000 -4.540146 0.000000 0.000000 1.000000 0.000000
0.984162 0.174734 0.000000 54.105515 -0.173944 0.984377 0.000000 -4.632031 0.000000 0.000000 1.000000 0.000000
0.983963 0.175858 0.000000 54.603599 -0.175028 0.984152 0.000000 -4.720671 0.000000 0.000000 1.000000 0.000000
0.983607 0.177789 0.000000 55.104757 -0.176900 0.983772 0.000000 -4.810057 0.000000 0.000000 1.000000 0.000000
0.983186 0.179911 0.000000 55.587007 -0.178970 0.983376 0.000000 -4.899978 0.000000 0.000000 1.000000 0.000000
0.982675 0.182435 0.000000 56.057862 -0.181405 0.982884 0.000000 -4.990584 0.000000 0.000000 1.000000 0.000000
0.981974 0.185887 0.000000 56.746340 -0.184771 0.982217 0.000000 -5.122350 0.000000 0.000000 1.000000 0.000000
0.981654 0.187628 0.000000 57.146358 -0.186564 0.981915 0.000000 -5.200448 0.000000 0.000000 1.000000 0.000000
0.981524 0.188632 0.000000 57.592363 -0.187670 0.981750 0.000000 -5.288658 0.000000 0.000000 1.000000 0.000000
0.981289 0.190076 0.000000 58.030409 -0.189124 0.981450 0.000000 -5.375946 0.000000 0.000000 1.000000 0.000000
0.980772 0.192536 0.000000 58.443665 -0.191524 0.980958 0.000000 -5.460824 0.000000 0.000000 1.000000 0.000000
0.980404 0.193972 0.000000 58.853994 -0.192870 0.980672 0.000000 -5.545296 0.000000 0.000000 1.000000 0.000000
0.979788 0.196339 0.000000 59.576991 -0.195179 0.980244 0.000000 -5.693913 0.000000 0.000000 1.000000 0.000000
0.979353 0.198164 0.000000 59.966793 -0.196978 0.979894 0.000000 -5.774666 0.000000 0.000000 1.000000 0.000000
0.979121 0.199108 0.000000 60.392943 -0.197961 0.979738 0.000000 -5.862638 0.000000 0.000000 1.000000 0.000000
0.979148 0.199065 0.000000 60.786060 -0.198010 0.979782 0.000000 -5.943074 0.000000 0.000000 1.000000 0.000000
0.979004 0.200087 0.000000 61.178048 -0.199084 0.979578 0.000000 -6.024794 0.000000 0.000000 1.000000 0.000000
0.978872 0.201085 0.000000 61.568407 -0.200007 0.979309 0.000000 -6.107044 0.000000 0.000000 1.000000 0.000000
0.978584 0.202595 0.000000 61.948150 -0.201428 0.978937 0.000000 -6.186516 0.000000 0.000000 1.000000 0.000000
0.978254 0.204328 0.000000 62.301862 -0.203135 0.978545 0.000000 -6.263383 0.000000 0.000000 1.000000 0.000000
0.978024 0.205473 0.000000 62.654949 -0.204294 0.978309 0.000000 -6.340529 0.000000 0.000000 1.000000 0.000000
0.977661 0.207129 0.000000 63.007470 -0.205977 0.977986 0.000000 -6.419702 0.000000 0.000000 1.000000 0.000000
0.976811 0.210800 0.000000 63.665692 -0.209669 0.977250 0.000000 -6.569149 0.000000 0.000000 1.000000 0.000000
0.976368 0.212864 0.000000 64.010254 -0.211679 0.976772 0.000000 -6.647904 0.000000 0.000000 1.000000 0.000000
0.976089 0.214151 0.000000 64.334295 -0.212925 0.976467 0.000000 -6.720676 0.000000 0.000000 1.000000 0.000000
0.975966 0.214635 0.000000 64.675903 -0.213338 0.976329 0.000000 -6.797397 0.000000 0.000000 1.000000 0.000000
0.975651 0.215890 0.000000 65.013308 -0.214585 0.976070 0.000000 -6.874655 0.000000 0.000000 1.000000 0.000000
0.975262 0.217458 0.000000 65.317590 -0.216154 0.975743 0.000000 -6.944777 0.000000 0.000000 1.000000 0.000000
0.974652 0.220012 0.000000 65.654692 -0.218765 0.975219 0.000000 -7.024373 0.000000 0.000000 1.000000 0.000000
0.974244 0.221775 0.000000 65.974699 -0.220547 0.974834 0.000000 -7.101163 0.000000 0.000000 1.000000 0.000000
0.973620 0.224540 0.000000 66.478999 -0.223217 0.974152 0.000000 -7.223848 0.000000 0.000000 1.000000 0.000000
0.973480 0.225202 0.000000 66.789134 -0.223847 0.973976 0.000000 -7.296041 0.000000 0.000000 1.000000 0.000000
0.973110 0.226964 0.000000 67.089003 -0.225566 0.973525 0.000000 -7.367633 0.000000 0.000000 1.000000 0.000000
0.972691 0.228971 0.000000 67.393956 -0.227605 0.973047 0.000000 -7.441235 0.000000 0.000000 1.000000 0.000000
0.972270 0.230955 0.000000 67.690832 -0.229656 0.972591 0.000000 -7.514197 0.000000 0.000000 1.000000 0.000000
0.971902 0.232658 0.000000 67.953550 -0.231405 0.972193 0.000000 -7.579649 0.000000 0.000000 1.000000 0.000000
0.971404 0.234875 0.000000 68.245098 -0.233680 0.971675 0.000000 -7.653428 0.000000 0.000000 1.000000 0.000000
0.971058 0.236329 0.000000 68.516628 -0.235115 0.971308 0.000000 -7.721224 0.000000 0.000000 1.000000 0.000000
0.970688 0.237823 0.000000 68.775233 -0.236568 0.970921 0.000000 -7.786816 0.000000 0.000000 1.000000 0.000000
0.969994 0.240439 0.000000 69.215521 -0.239111 0.970266 0.000000 -7.900458 0.000000 0.000000 1.000000 0.000000
0.969412 0.242664 0.000000 69.461405 -0.241301 0.969712 0.000000 -7.964673 0.000000 0.000000 1.000000 0.000000
0.968968 0.244447 0.000000 69.740643 -0.243094 0.969268 0.000000 -8.038734 0.000000 0.000000 1.000000 0.000000
0.968601 0.246006 0.000000 69.997641 -0.244687 0.968879 0.000000 -8.107741 0.000000 0.000000 1.000000 0.000000
0.968323 0.247171 0.000000 70.248192 -0.245862 0.968578 0.000000 -8.175327 0.000000 0.000000 1.000000 0.000000
0.967953 0.248584 0.000000 70.498296 -0.247238 0.968200 0.000000 -8.243904 0.000000 0.000000 1.000000 0.000000
0.967498 0.250238 0.000000 70.745591 -0.248832 0.967757 0.000000 -8.311793 0.000000 0.000000 1.000000 0.000000
0.967096 0.251688 0.000000 70.988303 -0.250226 0.967365 0.000000 -8.378428 0.000000 0.000000 1.000000 0.000000
0.966785 0.252828 0.000000 71.234298 -0.251360 0.967074 0.000000 -8.445885 0.000000 0.000000 1.000000 0.000000
0.966431 0.254237 0.000000 71.504274 -0.252781 0.966703 0.000000 -8.519600 0.000000 0.000000 1.000000 0.000000
0.966410 0.254361 0.000000 71.744030 -0.252940 0.966685 0.000000 -8.584955 0.000000 0.000000 1.000000 0.000000
0.966083 0.255563 0.000000 71.989814 -0.254167 0.966391 0.000000 -8.653596 0.000000 0.000000 1.000000 0.000000
0.965512 0.257639 0.000000 72.414436 -0.256257 0.965864 0.000000 -8.771999 0.000000 0.000000 1.000000 0.000000
0.965198 0.258771 0.000000 72.681391 -0.257415 0.965583 0.000000 -8.847468 0.000000 0.000000 1.000000 0.000000
0.964927 0.259896 0.000000 72.952841 -0.258561 0.965276 0.000000 -8.923584 0.000000 0.000000 1.000000 0.000000
0.964637 0.261131 0.000000 73.206068 -0.259823 0.964934 0.000000 -8.997422 0.000000 0.000000 1.000000 0.000000
0.964421 0.262015 0.000000 73.465273 -0.260725 0.964692 0.000000 -9.071541 0.000000 0.000000 1.000000 0.000000
0.964206 0.262882 0.000000 73.745530 -0.261571 0.964429 0.000000 -9.151511 0.000000 0.000000 1.000000 0.000000
0.963877 0.264133 0.000000 73.999888 -0.262823 0.964080 0.000000 -9.223310 0.000000 0.000000 1.000000 0.000000
0.963677 0.265004 0.000000 74.296203 -0.263708 0.963822 0.000000 -9.307476 0.000000 0.000000 1.000000 0.000000
0.963427 0.266235 0.000000 74.578620 -0.264959 0.963417 0.000000 -9.388294 0.000000 0.000000 1.000000 0.000000
0.963031 0.267927 0.000000 74.826731 -0.266735 0.962939 0.000000 -9.461011 0.000000 0.000000 1.000000 0.000000
0.962555 0.269694 0.000000 75.098201 -0.268525 0.962445 0.000000 -9.541020 0.000000 0.000000 1.000000 0.000000
0.962203 0.270832 0.000000 75.357163 -0.269606 0.962119 0.000000 -9.617211 0.000000 0.000000 1.000000 0.000000
0.961453 0.274100 0.000000 76.108049 -0.273079 0.961126 0.000000 -9.842289 0.000000 0.000000 1.000000 0.000000
0.961102 0.275706 0.000000 76.390895 -0.274930 0.960690 0.000000 -9.928660 0.000000 0.000000 1.000000 0.000000
0.960856 0.276814 0.000000 76.675486 -0.276248 0.960394 0.000000 -10.015227 0.000000 0.000000 1.000000 0.000000
0.960514 0.278120 0.000000 76.961911 -0.277687 0.960023 0.000000 -10.102094 0.000000 0.000000 1.000000 0.000000
0.960345 0.278732 0.000000 77.247898 -0.278372 0.959906 0.000000 -10.186932 0.000000 0.000000 1.000000 0.000000
0.959580 0.281410 0.000000 77.804835 -0.281172 0.959184 0.000000 -10.357818 0.000000 0.000000 1.000000 0.000000
0.959189 0.282732 0.000000 78.087414 -0.282491 0.958819 0.000000 -10.444380 0.000000 0.000000 1.000000 0.000000
0.958761 0.284110 0.000000 78.371472 -0.283763 0.958410 0.000000 -10.531331 0.000000 0.000000 1.000000 0.000000
0.958017 0.286162 0.000000 78.824889 -0.285446 0.957769 0.000000 -10.671900 0.000000 0.000000 1.000000 0.000000
0.957348 0.287864 0.000000 79.132655 -0.286863 0.957245 0.000000 -10.768068 0.000000 0.000000 1.000000 0.000000
0.956236 0.290614 0.000000 79.653839 -0.289233 0.956409 0.000000 -10.930834 0.000000 0.000000 1.000000 0.000000
0.955359 0.292911 0.000000 79.966889 -0.291352 0.955723 0.000000 -11.032106 0.000000 0.000000 1.000000 0.000000
0.954431 0.295209 0.000000 80.295611 -0.293453 0.955034 0.000000 -11.137544 0.000000 0.000000 1.000000 0.000000
0.953540 0.297163 0.000000 80.615936 -0.295192 0.954452 0.000000 -11.240284 0.000000 0.000000 1.000000 0.000000
0.952571 0.298952 0.000000 80.966146 -0.296737 0.953934 0.000000 -11.353600 0.000000 0.000000 1.000000 0.000000
0.951099 0.301640 0.000000 81.531195 -0.298902 0.953071 0.000000 -11.536688 0.000000 0.000000 1.000000 0.000000
0.950251 0.303645 0.000000 81.862811 -0.300633 0.952397 0.000000 -11.644175 0.000000 0.000000 1.000000 0.000000
0.949442 0.305985 0.000000 82.255691 -0.302895 0.951640 0.000000 -11.771698 0.000000 0.000000 1.000000 0.000000
0.948861 0.308062 0.000000 82.606607 -0.304967 0.950949 0.000000 -11.888111 0.000000 0.000000 1.000000 0.000000
0.948426 0.311000 0.000000 83.233748 -0.308453 0.950049 0.000000 -12.099954 0.000000 0.000000 1.000000 0.000000
0.948281 0.313653 0.000000 83.882051 -0.311967 0.949285 0.000000 -12.321896 0.000000 0.000000 1.000000 0.000000
0.948160 0.314938 0.000000 84.262496 -0.313600 0.948898 0.000000 -12.451493 0.000000 0.000000 1.000000 0.000000
0.947895 0.316220 0.000000 84.674458 -0.315076 0.948496 0.000000 -12.591641 0.000000 0.000000 1.000000 0.000000
0.947638 0.317370 0.000000 85.062352 -0.316346 0.948116 0.000000 -12.724422 0.000000 0.000000 1.000000 0.000000
0.947137 0.319129 0.000000 85.492490 -0.318178 0.947522 0.000000 -12.873020 0.000000 0.000000 1.000000 0.000000
0.946757 0.320212 0.000000 85.893891 -0.319338 0.947198 0.000000 -13.011635 0.000000 0.000000 1.000000 0.000000
0.946306 0.321294 0.000000 86.326452 -0.320458 0.946871 0.000000 -13.161897 0.000000 0.000000 1.000000 0.000000
0.945995 0.321920 0.000000 86.982020 -0.321153 0.946699 0.000000 -13.389836 0.000000 0.000000 1.000000 0.000000
0.945330 0.323864 0.000000 87.774052 -0.323189 0.946059 0.000000 -13.666967 0.000000 0.000000 1.000000 0.000000
0.944840 0.325338 0.000000 88.228219 -0.324672 0.945553 0.000000 -13.827092 0.000000 0.000000 1.000000 0.000000
0.944420 0.326564 0.000000 88.693415 -0.325874 0.945125 0.000000 -13.990144 0.000000 0.000000 1.000000 0.000000
0.944116 0.327277 0.000000 89.144274 -0.326478 0.944861 0.000000 -14.147568 0.000000 0.000000 1.000000 0.000000
0.943724 0.327981 0.000000 89.642289 -0.327079 0.944616 0.000000 -14.321857 0.000000 0.000000 1.000000 0.000000
0.943190 0.329178 0.000000 90.077323 -0.328226 0.944204 0.000000 -14.476787 0.000000 0.000000 1.000000 0.000000
0.942636 0.330769 0.000000 90.566309 -0.329860 0.943657 0.000000 -14.651928 0.000000 0.000000 1.000000 0.000000
0.942508 0.331469 0.000000 91.061034 -0.330660 0.943418 0.000000 -14.828163 0.000000 0.000000 1.000000 0.000000
0.942191 0.332782 0.000000 91.562879 -0.332050 0.942954 0.000000 -15.008041 0.000000 0.000000 1.000000 0.000000
0.941563 0.334798 0.000000 92.034799 -0.334148 0.942247 0.000000 -15.180493 0.000000 0.000000 1.000000 0.000000
0.941332 0.335565 0.000000 92.533883 -0.334951 0.941976 0.000000 -15.364954 0.000000 0.000000 1.000000 0.000000
0.940148 0.338574 0.000000 93.469785 -0.337817 0.940883 0.000000 -15.711824 0.000000 0.000000 1.000000 0.000000
0.939544 0.340074 0.000000 93.998719 -0.339256 0.940338 0.000000 -15.910015 0.000000 0.000000 1.000000 0.000000
0.938893 0.341792 0.000000 94.520178 -0.340971 0.939718 0.000000 -16.104401 0.000000 0.000000 1.000000 0.000000
0.938187 0.343670 0.000000 95.058186 -0.342811 0.939028 0.000000 -16.306506 0.000000 0.000000 1.000000 0.000000
0.937374 0.345865 0.000000 95.604117 -0.344944 0.938209 0.000000 -16.512435 0.000000 0.000000 1.000000 0.000000
0.936640 0.347935 0.000000 96.443867 -0.346965 0.937426 0.000000 -16.829050 0.000000 0.000000 1.000000 0.000000
0.936146 0.349351 0.000000 96.952042 -0.348348 0.936883 0.000000 -17.022576 0.000000 0.000000 1.000000 0.000000
0.934356 0.354308 0.000000 98.029543 -0.353255 0.934987 0.000000 -17.437108 0.000000 0.000000 1.000000 0.000000
0.933526 0.356464 0.000000 98.739874 -0.355369 0.934158 0.000000 -17.714481 0.000000 0.000000 1.000000 0.000000
0.932733 0.358481 0.000000 99.295212 -0.357343 0.933377 0.000000 -17.933043 0.000000 0.000000 1.000000 0.000000
0.931766 0.360850 0.000000 99.882437 -0.359634 0.932454 0.000000 -18.166968 0.000000 0.000000 1.000000 0.000000
0.930661 0.363564 0.000000 100.448345 -0.362277 0.931391 0.000000 -18.394732 0.000000 0.000000 1.000000 0.000000
0.930185 0.364865 0.000000 101.018986 -0.363591 0.930878 0.000000 -18.623084 0.000000 0.000000 1.000000 0.000000
0.929575 0.366614 0.000000 101.610850 -0.365366 0.930174 0.000000 -18.859759 0.000000 0.000000 1.000000 0.000000
0.928866 0.368511 0.000000 102.159458 -0.367268 0.929413 0.000000 -19.082879 0.000000 0.000000 1.000000 0.000000
0.928049 0.370642 0.000000 102.723050 -0.369394 0.928552 0.000000 -19.313480 0.000000 0.000000 1.000000 0.000000
0.927022 0.373174 0.000000 103.307356 -0.371894 0.927532 0.000000 -19.555674 0.000000 0.000000 1.000000 0.000000
0.926154 0.375193 0.000000 103.846640 -0.373871 0.926722 0.000000 -19.780476 0.000000 0.000000 1.000000 0.000000
0.925575 0.376525 0.000000 104.423463 -0.375184 0.926190 0.000000 -20.020876 0.000000 0.000000 1.000000 0.000000
0.924998 0.377876 0.000000 105.018315 -0.376548 0.925655 0.000000 -20.269889 0.000000 0.000000 1.000000 0.000000
0.924778 0.378371 0.000000 105.576723 -0.377065 0.925468 0.000000 -20.502401 0.000000 0.000000 1.000000 0.000000
0.923358 0.381742 0.000000 106.634729 -0.380388 0.924079 0.000000 -20.949677 0.000000 0.000000 1.000000 0.000000
0.922650 0.383437 0.000000 107.265837 -0.382079 0.923379 0.000000 -21.219260 0.000000 0.000000 1.000000 0.000000
0.922012 0.384935 0.000000 107.850244 -0.383595 0.922768 0.000000 -21.468219 0.000000 0.000000 1.000000 0.000000
0.921305 0.386637 0.000000 108.447033 -0.385318 0.922063 0.000000 -21.723291 0.000000 0.000000 1.000000 0.000000
0.920684 0.388088 0.000000 109.015079 -0.386757 0.921453 0.000000 -21.971902 0.000000 0.000000 1.000000 0.000000
0.920036 0.389559 0.000000 109.611051 -0.388194 0.920830 0.000000 -22.234092 0.000000 0.000000 1.000000 0.000000
0.919423 0.390891 0.000000 110.163336 -0.389528 0.920280 0.000000 -22.477174 0.000000 0.000000 1.000000 0.000000
0.918675 0.392609 0.000000 110.768443 -0.391244 0.919554 0.000000 -22.743515 0.000000 0.000000 1.000000 0.000000
0.918440 0.393247 0.000000 111.329431 -0.391946 0.919291 0.000000 -22.985449 0.000000 0.000000 1.000000 0.000000
0.917788 0.394825 0.000000 111.939655 -0.393637 0.918643 0.000000 -23.251905 0.000000 0.000000 1.000000 0.000000
0.917643 0.395076 0.000000 112.539771 -0.393996 0.918569 0.000000 -23.514326 0.000000 0.000000 1.000000 0.000000
0.916820 0.396839 0.000000 113.151049 -0.395749 0.917818 0.000000 -23.785048 0.000000 0.000000 1.000000 0.000000
0.915811 0.398760 0.000000 113.913033 -0.397648 0.917004 0.000000 -24.125954 0.000000 0.000000 1.000000 0.000000
0.914784 0.400916 0.000000 114.492614 -0.399830 0.916078 0.000000 -24.387173 0.000000 0.000000 1.000000 0.000000
0.914075 0.402432 0.000000 115.108523 -0.401404 0.915424 0.000000 -24.664923 0.000000 0.000000 1.000000 0.000000
0.912767 0.405294 0.000000 116.084313 -0.404339 0.914172 0.000000 -25.105023 0.000000 0.000000 1.000000 0.000000
0.912023 0.406964 0.000000 116.705921 -0.406014 0.913430 0.000000 -25.387522 0.000000 0.000000 1.000000 0.000000
0.911333 0.408636 0.000000 117.317993 -0.407650 0.912677 0.000000 -25.671879 0.000000 0.000000 1.000000 0.000000
0.910848 0.409860 0.000000 117.929566 -0.408868 0.912123 0.000000 -25.954976 0.000000 0.000000 1.000000 0.000000
0.910061 0.411734 0.000000 118.537740 -0.410763 0.911278 0.000000 -26.236526 0.000000 0.000000 1.000000 0.000000
0.909073 0.414031 0.000000 119.160741 -0.413045 0.910231 0.000000 -26.528738 0.000000 0.000000 1.000000 0.000000
0.908531 0.415223 0.000000 119.739056 -0.414249 0.909689 0.000000 -26.799325 0.000000 0.000000 1.000000 0.000000
0.907541 0.417342 0.000000 120.824334 -0.416314 0.908714 0.000000 -27.309383 0.000000 0.000000 1.000000 0.000000
0.906997 0.418567 0.000000 121.444702 -0.417440 0.908132 0.000000 -27.602123 0.000000 0.000000 1.000000 0.000000
0.906135 0.420513 0.000000 122.062399 -0.419383 0.907229 0.000000 -27.896780 0.000000 0.000000 1.000000 0.000000
0.905705 0.421613 0.000000 122.670434 -0.420470 0.906704 0.000000 -28.186916 0.000000 0.000000 1.000000 0.000000
0.903841 0.425650 0.000000 123.913925 -0.424343 0.904775 0.000000 -28.792710 0.000000 0.000000 1.000000 0.000000
0.903304 0.426705 0.000000 124.479415 -0.425329 0.904269 0.000000 -29.068864 0.000000 0.000000 1.000000 0.000000
0.902273 0.428932 0.000000 125.107144 -0.427524 0.903202 0.000000 -29.375372 0.000000 0.000000 1.000000 0.000000
0.901500 0.430730 0.000000 125.677710 -0.429364 0.902338 0.000000 -29.656051 0.000000 0.000000 1.000000 0.000000
0.900594 0.432708 0.000000 126.237611 -0.431371 0.901390 0.000000 -29.930193 0.000000 0.000000 1.000000 0.000000
0.893965 0.446623 0.000000 130.644644 -0.445331 0.894543 0.000000 -32.135671 0.000000 0.000000 1.000000 0.000000
0.893613 0.447389 0.000000 131.249581 -0.446093 0.894146 0.000000 -32.444805 0.000000 0.000000 1.000000 0.000000
0.892561 0.449514 0.000000 131.814884 -0.448150 0.893050 0.000000 -32.736221 0.000000 0.000000 1.000000 0.000000
0.891948 0.450706 0.000000 132.395879 -0.449317 0.892446 0.000000 -33.034687 0.000000 0.000000 1.000000 0.000000
0.891047 0.452476 0.000000 132.949473 -0.451100 0.891558 0.000000 -33.321959 0.000000 0.000000 1.000000 0.000000
0.889760 0.455040 0.000000 133.517723 -0.453663 0.890246 0.000000 -33.618177 0.000000 0.000000 1.000000 0.000000
0.889213 0.456157 0.000000 134.098294 -0.454776 0.889662 0.000000 -33.920772 0.000000 0.000000 1.000000 0.000000
0.887312 0.459834 0.000000 134.832406 -0.458441 0.887768 0.000000 -34.307311 0.000000 0.000000 1.000000 0.000000
0.886338 0.461641 0.000000 135.407558 -0.460169 0.886816 0.000000 -34.611878 0.000000 0.000000 1.000000 0.000000
0.886356 0.461516 0.000000 136.006802 -0.459962 0.886871 0.000000 -34.925188 0.000000 0.000000 1.000000 0.000000
0.885691 0.462703 0.000000 136.883027 -0.461074 0.886245 0.000000 -35.386303 0.000000 0.000000 1.000000 0.000000
0.884602 0.464713 0.000000 137.469027 -0.463078 0.885209 0.000000 -35.695351 0.000000 0.000000 1.000000 0.000000
0.883525 0.466787 0.000000 138.045684 -0.465140 0.884108 0.000000 -36.001431 0.000000 0.000000 1.000000 0.000000
0.882986 0.467901 0.000000 138.621007 -0.466273 0.883505 0.000000 -36.308219 0.000000 0.000000 1.000000 0.000000
0.881959 0.469925 0.000000 139.196825 -0.468339 0.882425 0.000000 -36.618783 0.000000 0.000000 1.000000 0.000000
0.881464 0.470912 0.000000 140.029281 -0.469383 0.881908 0.000000 -37.069613 0.000000 0.000000 1.000000 0.000000
0.881327 0.471238 0.000000 140.576673 -0.469661 0.881692 0.000000 -37.364081 0.000000 0.000000 1.000000 0.000000
0.881114 0.471563 0.000000 141.145901 -0.469985 0.881540 0.000000 -37.670366 0.000000 0.000000 1.000000 0.000000
0.881200 0.471495 0.000000 141.676423 -0.469859 0.881521 0.000000 -37.954550 0.000000 0.000000 1.000000 0.000000
0.880909 0.472145 0.000000 142.429572 -0.470495 0.881129 0.000000 -38.360643 0.000000 0.000000 1.000000 0.000000
0.880715 0.472469 0.000000 143.000040 -0.470825 0.880973 0.000000 -38.667878 0.000000 0.000000 1.000000 0.000000
0.880270 0.473279 0.000000 143.558155 -0.471680 0.880567 0.000000 -38.969623 0.000000 0.000000 1.000000 0.000000
0.880034 0.473766 0.000000 144.116416 -0.472236 0.880322 0.000000 -39.271961 0.000000 0.000000 1.000000 0.000000
0.879948 0.474161 0.000000 144.673463 -0.472693 0.880047 0.000000 -39.573969 0.000000 0.000000 1.000000 0.000000
0.878907 0.476668 0.000000 145.735031 -0.475469 0.878452 0.000000 -40.157425 0.000000 0.000000 1.000000 0.000000
0.878620 0.477304 0.000000 146.241505 -0.476214 0.878047 0.000000 -40.437380 0.000000 0.000000 1.000000 0.000000
0.877574 0.479284 0.000000 146.764159 -0.478191 0.876846 0.000000 -40.731687 0.000000 0.000000 1.000000 0.000000
0.877223 0.479944 0.000000 147.288982 -0.478750 0.876323 0.000000 -41.022313 0.000000 0.000000 1.000000 0.000000
0.876953 0.480442 0.000000 147.795953 -0.479141 0.875913 0.000000 -41.304786 0.000000 0.000000 1.000000 0.000000
0.876543 0.481190 0.000000 148.328064 -0.479751 0.875339 0.000000 -41.604296 0.000000 0.000000 1.000000 0.000000
0.876199 0.481783 0.000000 148.976262 -0.480156 0.874902 0.000000 -41.971749 0.000000 0.000000 1.000000 0.000000
0.875497 0.482984 0.000000 149.505036 -0.481240 0.874321 0.000000 -42.268690 0.000000 0.000000 1.000000 0.000000
0.875280 0.483307 0.000000 149.996999 -0.481471 0.874206 0.000000 -42.541803 0.000000 0.000000 1.000000 0.000000
0.874684 0.484338 0.000000 150.526923 -0.482430 0.873660 0.000000 -42.839338 0.000000 0.000000 1.000000 0.000000
0.873805 0.485894 0.000000 151.048064 -0.483967 0.872830 0.000000 -43.135403 0.000000 0.000000 1.000000 0.000000
0.873119 0.487107 0.000000 151.540860 -0.485208 0.872217 0.000000 -43.418244 0.000000 0.000000 1.000000 0.000000
0.872191 0.488761 0.000000 152.061877 -0.486912 0.871352 0.000000 -43.716099 0.000000 0.000000 1.000000 0.000000
0.871442 0.490073 0.000000 152.539045 -0.488246 0.870675 0.000000 -43.989104 0.000000 0.000000 1.000000 0.000000
0.871023 0.490784 0.000000 153.040507 -0.488950 0.870317 0.000000 -44.273696 0.000000 0.000000 1.000000 0.000000
0.870202 0.492198 0.000000 153.552837 -0.490355 0.869568 0.000000 -44.566662 0.000000 0.000000 1.000000 0.000000
0.869017 0.494244 0.000000 154.217241 -0.492391 0.868457 0.000000 -44.950095 0.000000 0.000000 1.000000 0.000000
0.868080 0.495852 0.000000 154.706870 -0.494013 0.867595 0.000000 -45.233343 0.000000 0.000000 1.000000 0.000000
0.867575 0.496766 0.000000 155.230540 -0.494975 0.867077 0.000000 -45.535571 0.000000 0.000000 1.000000 0.000000
0.866920 0.497926 0.000000 155.723332 -0.496179 0.866431 0.000000 -45.820425 0.000000 0.000000 1.000000 0.000000
0.866565 0.498536 0.000000 156.240148 -0.496803 0.866099 0.000000 -46.118316 0.000000 0.000000 1.000000 0.000000
0.865356 0.500641 0.000000 156.714248 -0.498915 0.864885 0.000000 -46.398493 0.000000 0.000000 1.000000 0.000000
0.864218 0.502605 0.000000 157.371359 -0.500839 0.863718 0.000000 -46.787757 0.000000 0.000000 1.000000 0.000000
0.863733 0.503453 0.000000 157.836745 -0.501710 0.863226 0.000000 -47.062926 0.000000 0.000000 1.000000 0.000000
0.862738 0.505227 0.000000 158.333997 -0.503574 0.862180 0.000000 -47.361763 0.000000 0.000000 1.000000 0.000000
0.862291 0.506049 0.000000 158.793436 -0.504491 0.861701 0.000000 -47.636771 0.000000 0.000000 1.000000 0.000000
0.861701 0.507082 0.000000 159.283447 -0.505602 0.861120 0.000000 -47.932498 0.000000 0.000000 1.000000 0.000000
0.860800 0.508619 0.000000 159.743851 -0.507183 0.860243 0.000000 -48.212171 0.000000 0.000000 1.000000 0.000000
0.860422 0.509231 0.000000 160.386199 -0.507773 0.859901 0.000000 -48.599683 0.000000 0.000000 1.000000 0.000000
0.860022 0.509866 0.000000 160.861322 -0.508362 0.859544 0.000000 -48.885517 0.000000 0.000000 1.000000 0.000000
0.859113 0.511356 0.000000 161.340398 -0.509825 0.858686 0.000000 -49.176157 0.000000 0.000000 1.000000 0.000000
0.858140 0.512946 0.000000 161.819558 -0.511383 0.857762 0.000000 -49.468914 0.000000 0.000000 1.000000 0.000000
0.857597 0.513830 0.000000 162.292958 -0.512240 0.857240 0.000000 -49.757438 0.000000 0.000000 1.000000 0.000000
0.857075 0.514702 0.000000 162.769194 -0.513129 0.856727 0.000000 -50.047272 0.000000 0.000000 1.000000 0.000000
0.856288 0.516057 0.000000 163.244153 -0.514487 0.855869 0.000000 -50.340064 0.000000 0.000000 1.000000 0.000000
0.855892 0.516732 0.000000 163.693461 -0.515164 0.855443 0.000000 -50.618585 0.000000 0.000000 1.000000 0.000000
0.854830 0.518481 0.000000 164.173156 -0.516920 0.854402 0.000000 -50.921646 0.000000 0.000000 1.000000 0.000000
0.853529 0.520604 0.000000 164.671376 -0.519030 0.853123 0.000000 -51.236339 0.000000 0.000000 1.000000 0.000000
0.852516 0.522232 0.000000 165.124532 -0.520632 0.852145 0.000000 -51.526609 0.000000 0.000000 1.000000 0.000000
0.851706 0.523537 0.000000 165.617096 -0.521913 0.851345 0.000000 -51.842325 0.000000 0.000000 1.000000 0.000000
0.850582 0.525346 0.000000 166.075781 -0.523724 0.850251 0.000000 -52.134369 0.000000 0.000000 1.000000 0.000000
0.849027 0.527844 0.000000 166.562754 -0.526243 0.848736 0.000000 -52.449584 0.000000 0.000000 1.000000 0.000000
0.847877 0.529654 0.000000 167.040331 -0.528065 0.847650 0.000000 -52.760086 0.000000 0.000000 1.000000 0.000000
0.847426 0.530355 0.000000 167.524911 -0.528811 0.847259 0.000000 -53.073757 0.000000 0.000000 1.000000 0.000000
0.847166 0.530778 0.000000 167.978354 -0.529277 0.847015 0.000000 -53.367476 0.000000 0.000000 1.000000 0.000000
0.846329 0.532123 0.000000 168.465771 -0.530607 0.846155 0.000000 -53.682707 0.000000 0.000000 1.000000 0.000000
0.845587 0.533323 0.000000 168.903519 -0.531777 0.845363 0.000000 -53.969121 0.000000 0.000000 1.000000 0.000000
0.844254 0.535464 0.000000 169.387551 -0.533898 0.843972 0.000000 -54.289216 0.000000 0.000000 1.000000 0.000000
0.843284 0.537016 0.000000 170.026651 -0.535441 0.842955 0.000000 -54.709095 0.000000 0.000000 1.000000 0.000000
0.842460 0.538353 0.000000 170.501346 -0.536807 0.842077 0.000000 -55.023704 0.000000 0.000000 1.000000 0.000000
0.841918 0.539219 0.000000 170.946058 -0.537706 0.841525 0.000000 -55.317951 0.000000 0.000000 1.000000 0.000000
0.841410 0.540030 0.000000 171.435051 -0.538490 0.840966 0.000000 -55.641846 0.000000 0.000000 1.000000 0.000000
0.840719 0.541094 0.000000 172.040560 -0.539492 0.840250 0.000000 -56.040998 0.000000 0.000000 1.000000 0.000000
0.839121 0.543575 0.000000 172.980789 -0.541964 0.838639 0.000000 -56.664942 0.000000 0.000000 1.000000 0.000000
0.838539 0.544506 0.000000 173.443546 -0.542901 0.837996 0.000000 -56.973204 0.000000 0.000000 1.000000 0.000000
0.837720 0.545743 0.000000 173.902368 -0.544094 0.837192 0.000000 -57.281058 0.000000 0.000000 1.000000 0.000000
0.837453 0.546135 0.000000 174.362939 -0.544451 0.836937 0.000000 -57.587598 0.000000 0.000000 1.000000 0.000000
0.836841 0.547119 0.000000 174.837953 -0.545433 0.836228 0.000000 -57.904518 0.000000 0.000000 1.000000 0.000000
0.837140 0.546740 0.000000 175.299850 -0.545134 0.836406 0.000000 -58.213369 0.000000 0.000000 1.000000 0.000000
0.837793 0.545802 0.000000 175.791291 -0.544359 0.837025 0.000000 -58.540808 0.000000 0.000000 1.000000 0.000000
0.838466 0.544830 0.000000 176.254020 -0.543531 0.837627 0.000000 -58.848448 0.000000 0.000000 1.000000 0.000000
0.838307 0.545081 0.000000 176.687202 -0.543794 0.837459 0.000000 -59.138257 0.000000 0.000000 1.000000 0.000000
0.838619 0.544584 0.000000 177.115810 -0.543266 0.837799 0.000000 -59.423793 0.000000 0.000000 1.000000 0.000000
0.837795 0.545818 0.000000 177.561993 -0.544435 0.837022 0.000000 -59.720944 0.000000 0.000000 1.000000 0.000000
0.838035 0.545396 0.000000 177.976246 -0.543975 0.837379 0.000000 -59.995952 0.000000 0.000000 1.000000 0.000000
0.838494 0.544669 0.000000 178.429198 -0.543287 0.837923 0.000000 -60.296331 0.000000 0.000000 1.000000 0.000000
0.838680 0.544362 0.000000 178.851547 -0.543026 0.838194 0.000000 -60.576123 0.000000 0.000000 1.000000 0.000000
0.838962 0.543928 0.000000 179.307192 -0.542622 0.838498 0.000000 -60.876212 0.000000 0.000000 1.000000 0.000000
0.839260 0.543466 0.000000 179.728836 -0.542180 0.838812 0.000000 -61.154420 0.000000 0.000000 1.000000 0.000000
0.839223 0.543499 0.000000 180.180079 -0.542279 0.838875 0.000000 -61.451449 0.000000 0.000000 1.000000 0.000000
0.838956 0.543868 0.000000 180.593896 -0.542724 0.838738 0.000000 -61.723673 0.000000 0.000000 1.000000 0.000000
0.839198 0.543452 0.000000 181.049156 -0.542372 0.839088 0.000000 -62.023983 0.000000 0.000000 1.000000 0.000000
0.838867 0.543908 0.000000 181.468929 -0.542907 0.838878 0.000000 -62.304036 0.000000 0.000000 1.000000 0.000000
0.839242 0.543291 0.000000 181.916803 -0.542321 0.839316 0.000000 -62.600393 0.000000 0.000000 1.000000 0.000000
0.839873 0.542219 0.000000 182.485768 -0.541270 0.840062 0.000000 -62.975525 0.000000 0.000000 1.000000 0.000000
0.840760 0.540743 0.000000 182.935860 -0.539808 0.841052 0.000000 -63.272212 0.000000 0.000000 1.000000 0.000000
0.841836 0.538948 0.000000 183.386489 -0.538045 0.842244 0.000000 -63.566250 0.000000 0.000000 1.000000 0.000000
0.843187 0.536712 0.000000 183.804715 -0.535814 0.843694 0.000000 -63.838765 0.000000 0.000000 1.000000 0.000000
0.845241 0.533368 0.000000 184.419422 -0.532475 0.845826 0.000000 -64.239033 0.000000 0.000000 1.000000 0.000000
0.846520 0.531280 0.000000 184.873875 -0.530467 0.847161 0.000000 -64.530993 0.000000 0.000000 1.000000 0.000000
0.848676 0.527881 0.000000 185.327064 -0.527119 0.849285 0.000000 -64.819871 0.000000 0.000000 1.000000 0.000000
0.850516 0.524995 0.000000 185.779754 -0.524261 0.851068 0.000000 -65.107490 0.000000 0.000000 1.000000 0.000000
0.852951 0.521178 0.000000 186.222555 -0.520509 0.853406 0.000000 -65.384857 0.000000 0.000000 1.000000 0.000000
0.858904 0.511508 0.000000 187.103455 -0.510991 0.859242 0.000000 -65.927428 0.000000 0.000000 1.000000 0.000000
0.862079 0.506253 0.000000 187.528824 -0.505781 0.862342 0.000000 -66.182832 0.000000 0.000000 1.000000 0.000000
0.865753 0.500022 0.000000 187.968056 -0.499597 0.865967 0.000000 -66.444737 0.000000 0.000000 1.000000 0.000000
0.869317 0.493826 0.000000 188.399082 -0.493459 0.869527 0.000000 -66.698364 0.000000 0.000000 1.000000 0.000000
0.873119 0.487080 0.000000 188.843209 -0.486775 0.873336 0.000000 -66.955158 0.000000 0.000000 1.000000 0.000000
0.876700 0.480596 0.000000 189.263205 -0.480323 0.876928 0.000000 -67.193660 0.000000 0.000000 1.000000 0.000000
0.884349 0.466270 0.000000 190.098488 -0.466045 0.884639 0.000000 -67.650581 0.000000 0.000000 1.000000 0.000000
0.888626 0.458047 0.000000 190.535755 -0.457816 0.888924 0.000000 -67.881914 0.000000 0.000000 1.000000 0.000000
0.892764 0.449939 0.000000 190.952501 -0.449719 0.893056 0.000000 -68.095569 0.000000 0.000000 1.000000 0.000000
0.898095 0.439190 0.000000 191.576805 -0.438998 0.898393 0.000000 -68.410343 0.000000 0.000000 1.000000 0.000000
0.901689 0.431691 0.000000 192.008378 -0.431530 0.902022 0.000000 -68.623722 0.000000 0.000000 1.000000 0.000000
