0.999998 0.002065 0.000000 0.608942 -0.002065 0.999998 0.000000 -0.039115 0.000000 0.000000 1.000000 0.000000
0.999988 0.004805 0.000000 1.235494 -0.004805 0.999988 0.000000 -0.007395 0.000000 0.000000 1.000000 0.000000
0.999984 0.005576 0.000000 1.937041 -0.005576 0.999984 0.000000 -0.110930 0.000000 0.000000 1.000000 0.000000
0.999982 0.006041 0.000000 2.381135 -0.006041 0.999982 0.000000 -0.065447 0.000000 0.000000 1.000000 0.000000
0.999974 0.007154 0.000000 2.908739 -0.007154 0.999974 0.000000 -0.068839 0.000000 0.000000 1.000000 0.000000
0.999976 0.006970 0.000000 3.437606 -0.006970 0.999976 0.000000 -0.054221 0.000000 0.000000 1.000000 0.000000
0.999983 0.005842 0.000000 4.066943 -0.005842 0.999983 0.000000 -0.106267 0.000000 0.000000 1.000000 0.000000
0.999967 0.008069 0.000000 4.588522 -0.008069 0.999967 0.000000 -0.153139 0.000000 0.000000 1.000000 0.000000
0.999934 0.011467 0.000000 5.032156 -0.011467 0.999934 0.000000 -0.171857 0.000000 0.000000 1.000000 0.000000
0.999905 0.013804 0.000000 5.776810 -0.013804 0.999905 0.000000 -0.219142 0.000000 0.000000 1.000000 0.000000
0.999872 0.015981 0.000000 6.963647 -0.015981 0.999872 0.000000 -0.248423 0.000000 0.000000 1.000000 0.000000
0.999876 0.015745 0.000000 7.597804 -0.015745 0.999876 0.000000 -0.283200 0.000000 0.000000 1.000000 0.000000
0.999807 0.019659 0.000000 8.274259 -0.019659 0.999807 0.000000 -0.399587 0.000000 0.000000 1.000000 0.000000
0.999815 0.019217 0.000000 8.918997 -0.019217 0.999815 0.000000 -0.410786 0.000000 0.000000 1.000000 0.000000
0.999769 0.021512 0.000000 9.476905 -0.021512 0.999769 0.000000 -0.529362 0.000000 0.000000 1.000000 0.000000
0.999787 0.020634 0.000000 10.109037 -0.020634 0.999787 0.000000 -0.650744 0.000000 0.000000 1.000000 0.000000
0.999762 0.021815 0.000000 10.625669 -0.021815 0.999762 0.000000 -0.697610 0.000000 0.000000 1.000000 0.000000
0.999737 0.022927 0.000000 11.170381 -0.022927 0.999737 0.000000 -0.813535 0.000000 0.000000 1.000000 0.000000
0.999599 0.028313 0.000000 11.584063 -0.028313 0.999599 0.000000 -0.681254 0.000000 0.000000 1.000000 0.000000
0.999570 0.029328 0.000000 12.249887 -0.029328 0.999570 0.000000 -0.739858 0.000000 0.000000 1.000000 0.000000
0.999534 0.030533 0.000000 12.677440 -0.030533 0.999534 0.000000 -0.742466 0.000000 0.000000 1.000000 0.000000
0.999528 0.030734 0.000000 13.251727 -0.030734 0.999528 0.000000 -0.865565 0.000000 0.000000 1.000000 0.000000
0.999507 0.031404 0.000000 13.857635 -0.031404 0.999507 0.000000 -0.945293 0.000000 0.000000 1.000000 0.000000
0.999498 0.031693 0.000000 14.678518 -0.031693 0.999498 0.000000 -0.963603 0.000000 0.000000 1.000000 0.000000
0.999460 0.032861 0.000000 15.243328 -0.032861 0.999460 0.000000 -1.020273 0.000000 0.000000 1.000000 0.000000
0.999452 0.033090 0.000000 15.858506 -0.033090 0.999452 0.000000 -1.056541 0.000000 0.000000 1.000000 0.000000
0.999423 0.033956 0.000000 16.526480 -0.033956 0.999423 0.000000 -0.934575 0.000000 0.000000 1.000000 0.000000
0.999376 0.035309 0.000000 17.161225 -0.035309 0.999376 0.000000 -0.986271 0.000000 0.000000 1.000000 0.000000
0.999302 0.037365 0.000000 17.773393 -0.037365 0.999302 0.000000 -0.985459 0.000000 0.000000 1.000000 0.000000
0.999272 0.038153 0.000000 18.321001 -0.038153 0.999272 0.000000 -0.921704 0.000000 0.000000 1.000000 0.000000
0.999180 0.040498 0.000000 18.806855 -0.040498 0.999180 0.000000 -0.967617 0.000000 0.000000 1.000000 0.000000
0.999093 0.042572 0.000000 19.392446 -0.042572 0.999093 0.000000 -0.995651 0.000000 0.000000 1.000000 0.000000
0.999037 0.043867 0.000000 19.984276 -0.043867 0.999037 0.000000 -0.972015 0.000000 0.000000 1.000000 0.000000
0.998962 0.045558 0.000000 20.578485 -0.045558 0.998962 0.000000 -1.014309 0.000000 0.000000 1.000000 0.000000
0.998894 0.047026 0.000000 21.197925 -0.047026 0.998894 0.000000 -1.192111 0.000000 0.000000 1.000000 0.000000
0.998827 0.048428 0.000000 21.747160 -0.048428 0.998827 0.000000 -1.420241 0.000000 0.000000 1.000000 0.000000
0.998769 0.049594 0.000000 22.320464 -0.049594 0.998769 0.000000 -1.471866 0.000000 0.000000 1.000000 0.000000
0.998615 0.052608 0.000000 23.380201 -0.052608 0.998615 0.000000 -1.563092 0.000000 0.000000 1.000000 0.000000
0.998447 0.055707 0.000000 24.265461 -0.055707 0.998447 0.000000 -1.669366 0.000000 0.000000 1.000000 0.000000
0.998290 0.058463 0.000000 24.873141 -0.058463 0.998290 0.000000 -1.689130 0.000000 0.000000 1.000000 0.000000
0.998068 0.062137 0.000000 25.534833 -0.062137 0.998068 0.000000 -1.790323 0.000000 0.000000 1.000000 0.000000
0.998010 0.063053 0.000000 26.044945 -0.063053 0.998010 0.000000 -1.966431 0.000000 0.000000 1.000000 0.000000
0.998017 0.062945 0.000000 26.607775 -0.062945 0.998017 0.000000 -2.103235 0.000000 0.000000 1.000000 0.000000
0.997852 0.065506 0.000000 27.155662 -0.065506 0.997852 0.000000 -1.823236 0.000000 0.000000 1.000000 0.000000
0.997564 0.069764 0.000000 27.566350 -0.069764 0.997564 0.000000 -1.935031 0.000000 0.000000 1.000000 0.000000
0.997180 0.075050 0.000000 28.708237 -0.075050 0.997180 0.000000 -2.219304 0.000000 0.000000 1.000000 0.000000
0.997039 0.076901 0.000000 29.267029 -0.076901 0.997039 0.000000 -2.244536 0.000000 0.000000 1.000000 0.000000
0.996987 0.077571 0.000000 29.770459 -0.077571 0.996987 0.000000 -2.191209 0.000000 0.000000 1.000000 0.000000
0.996606 0.082317 0.000000 30.339830 -0.082317 0.996606 0.000000 -2.368262 0.000000 0.000000 1.000000 0.000000
0.996646 0.081831 0.000000 30.968291 -0.081831 0.996646 0.000000 -2.283668 0.000000 0.000000 1.000000 0.000000
0.996209 0.086994 0.000000 31.887746 -0.086994 0.996209 0.000000 -2.535030 0.000000 0.000000 1.000000 0.000000
0.996006 0.089283 0.000000 32.546803 -0.089283 0.996006 0.000000 -2.731911 0.000000 0.000000 1.000000 0.000000
0.995668 0.092976 0.000000 33.040235 -0.092976 0.995668 0.000000 -2.618705 0.000000 0.000000 1.000000 0.000000
0.995539 0.094346 0.000000 33.705581 -0.094346 0.995539 0.000000 -2.553275 0.000000 0.000000 1.000000 0.000000
0.995257 0.097279 0.000000 34.441268 -0.097279 0.995257 0.000000 -2.717413 0.000000 0.000000 1.000000 0.000000
0.995106 0.098818 0.000000 34.791048 -0.098818 0.995106 0.000000 -2.867728 0.000000 0.000000 1.000000 0.000000
0.994884 0.101025 0.000000 35.373122 -0.101025 0.994884 0.000000 -2.871106 0.000000 0.000000 1.000000 0.000000
0.994649 0.103310 0.000000 35.871560 -0.103310 0.994649 0.000000 -2.895851 0.000000 0.000000 1.000000 0.000000
0.994571 0.104058 0.000000 36.394457 -0.104058 0.994571 0.000000 -3.033539 0.000000 0.000000 1.000000 0.000000
0.994411 0.105580 0.000000 36.764643 -0.105580 0.994411 0.000000 -3.131152 0.000000 0.000000 1.000000 0.000000
0.994527 0.104481 0.000000 37.706301 -0.104481 0.994527 0.000000 -3.265473 0.000000 0.000000 1.000000 0.000000
0.994278 0.106826 0.000000 38.253248 -0.106826 0.994278 0.000000 -3.290223 0.000000 0.000000 1.000000 0.000000
0.994151 0.107999 0.000000 38.810622 -0.107999 0.994151 0.000000 -3.394760 0.000000 0.000000 1.000000 0.000000
0.994106 0.108413 0.000000 39.286562 -0.108413 0.994106 0.000000 -3.597776 0.000000 0.000000 1.000000 0.000000
0.993885 0.110419 0.000000 39.812299 -0.110419 0.993885 0.000000 -3.588105 0.000000 0.000000 1.000000 0.000000
0.993920 0.110102 0.000000 40.282558 -0.110102 0.993920 0.000000 -3.629183 0.000000 0.000000 1.000000 0.000000
0.993875 0.110508 0.000000 40.851031 -0.110508 0.993875 0.000000 -3.629767 0.000000 0.000000 1.000000 0.000000
0.993572 0.113199 0.000000 41.384713 -0.113199 0.993572 0.000000 -3.748854 0.000000 0.000000 1.000000 0.000000
0.993407 0.114639 0.000000 41.827005 -0.114639 0.993407 0.000000 -3.863602 0.000000 0.000000 1.000000 0.000000
0.993202 0.116402 0.000000 42.515189 -0.116402 0.993202 0.000000 -3.926363 0.000000 0.000000 1.000000 0.000000
0.993109 0.117194 0.000000 42.907152 -0.117194 0.993109 0.000000 -4.174751 0.000000 0.000000 1.000000 0.000000
0.993190 0.116503 0.000000 43.489332 -0.116503 0.993190 0.000000 -4.319977 0.000000 0.000000 1.000000 0.000000
0.992870 0.119206 0.000000 44.124191 -0.119206 0.992870 0.000000 -4.433812 0.000000 0.000000 1.000000 0.000000
0.992653 0.120997 0.000000 44.604407 -0.120997 0.992653 0.000000 -4.635290 0.000000 0.000000 1.000000 0.000000
0.992327 0.123639 0.000000 45.528503 -0.123639 0.992327 0.000000 -4.757818 0.000000 0.000000 1.000000 0.000000
0.992188 0.124754 0.000000 45.960690 -0.124754 0.992188 0.000000 -4.900992 0.000000 0.000000 1.000000 0.000000
0.991843 0.127469 0.000000 46.601620 -0.127469 0.991843 0.000000 -4.981675 0.000000 0.000000 1.000000 0.000000
0.991318 0.131489 0.000000 47.444056 -0.131489 0.991318 0.000000 -5.210807 0.000000 0.000000 1.000000 0.000000
0.991093 0.133171 0.000000 48.077991 -0.133171 0.991093 0.000000 -5.429614 0.000000 0.000000 1.000000 0.000000
0.990911 0.134519 0.000000 48.498952 -0.134519 0.990911 0.000000 -5.559811 0.000000 0.000000 1.000000 0.000000
0.990503 0.137488 0.000000 49.589069 -0.137488 0.990503 0.000000 -5.772421 0.000000 0.000000 1.000000 0.000000
0.990278 0.139103 0.000000 50.205437 -0.139103 0.990278 0.000000 -5.899585 0.000000 0.000000 1.000000 0.000000
0.990227 0.139463 0.000000 50.710529 -0.139463 0.990227 0.000000 -5.945848 0.000000 0.000000 1.000000 0.000000
0.989903 0.141746 0.000000 51.269070 -0.141746 0.989903 0.000000 -6.103565 0.000000 0.000000 1.000000 0.000000
0.989146 0.146937 0.000000 52.180160 -0.146937 0.989146 0.000000 -6.302511 0.000000 0.000000 1.000000 0.000000
0.989224 0.146411 0.000000 52.632293 -0.146411 0.989224 0.000000 -6.306926 0.000000 0.000000 1.000000 0.000000
0.988722 0.149764 0.000000 53.172411 -0.149764 0.988722 0.000000 -6.359909 0.000000 0.000000 1.000000 0.000000
0.988502 0.151207 0.000000 53.693611 -0.151207 0.988502 0.000000 -6.457730 0.000000 0.000000 1.000000 0.000000
0.988176 0.153323 0.000000 54.072802 -0.153323 0.988176 0.000000 -6.570828 0.000000 0.000000 1.000000 0.000000
0.988432 0.151667 0.000000 54.659355 -0.151667 0.988432 0.000000 -6.774083 0.000000 0.000000 1.000000 0.000000
0.988295 0.152554 0.000000 55.060832 -0.152554 0.988295 0.000000 -6.877970 0.000000 0.000000 1.000000 0.000000
0.987757 0.155999 0.000000 55.619129 -0.155999 0.987757 0.000000 -6.935857 0.000000 0.000000 1.000000 0.000000
0.987316 0.158765 0.000000 56.072268 -0.158765 0.987316 0.000000 -7.048854 0.000000 0.000000 1.000000 0.000000
0.987571 0.157177 0.000000 56.578907 -0.157177 0.987571 0.000000 -7.135196 0.000000 0.000000 1.000000 0.000000
0.987456 0.157896 0.000000 56.998814 -0.157896 0.987456 0.000000 -7.214290 0.000000 0.000000 1.000000 0.000000
0.987081 0.160220 0.000000 57.355503 -0.160220 0.987081 0.000000 -7.232504 0.000000 0.000000 1.000000 0.000000
0.987264 0.159088 0.000000 57.741343 -0.159088 0.987264 0.000000 -7.274347 0.000000 0.000000 1.000000 0.000000
0.987433 0.158040 0.000000 58.545808 -0.158040 0.987433 0.000000 -7.413460 0.000000 0.000000 1.000000 0.000000
0.986850 0.161640 0.000000 58.805515 -0.161640 0.986850 0.000000 -7.429114 0.000000 0.000000 1.000000 0.000000
0.986500 0.163761 0.000000 59.309599 -0.163761 0.986500 0.000000 -7.471157 0.000000 0.000000 1.000000 0.000000
0.986511 0.163694 0.000000 59.710299 -0.163694 0.986511 0.000000 -7.595690 0.000000 0.000000 1.000000 0.000000
0.986241 0.165317 0.000000 60.172344 -0.165317 0.986241 0.000000 -7.661603 0.000000 0.000000 1.000000 0.000000
0.986056 0.166412 0.000000 60.602941 -0.166412 0.986056 0.000000 -7.597355 0.000000 0.000000 1.000000 0.000000
0.985940 0.167099 0.000000 60.999787 -0.167099 0.985940 0.000000 -7.732488 0.000000 0.000000 1.000000 0.000000
0.985805 0.167895 0.000000 61.357719 -0.167895 0.985805 0.000000 -7.812864 0.000000 0.000000 1.000000 0.000000
0.985566 0.169290 0.000000 61.843895 -0.169290 0.985566 0.000000 -7.934270 0.000000 0.000000 1.000000 0.000000
0.985561 0.169318 0.000000 62.134581 -0.169318 0.985561 0.000000 -7.960037 0.000000 0.000000 1.000000 0.000000
0.984582 0.174922 0.000000 62.776820 -0.174922 0.984582 0.000000 -8.019427 0.000000 0.000000 1.000000 0.000000
0.984658 0.174496 0.000000 63.154435 -0.174496 0.984658 0.000000 -8.114542 0.000000 0.000000 1.000000 0.000000
0.984530 0.175215 0.000000 63.591215 -0.175215 0.984530 0.000000 -8.342076 0.000000 0.000000 1.000000 0.000000
0.984528 0.175228 0.000000 64.076237 -0.175228 0.984528 0.000000 -8.230575 0.000000 0.000000 1.000000 0.000000
0.984254 0.176758 0.000000 64.311384 -0.176758 0.984254 0.000000 -8.268643 0.000000 0.000000 1.000000 0.000000
0.984020 0.178058 0.000000 64.685299 -0.178058 0.984020 0.000000 -8.196115 0.000000 0.000000 1.000000 0.000000
0.983229 0.182373 0.000000 64.825838 -0.182373 0.983229 0.000000 -8.230945 0.000000 0.000000 1.000000 0.000000
0.983189 0.182591 0.000000 65.165342 -0.182591 0.983189 0.000000 -8.273367 0.000000 0.000000 1.000000 0.000000
0.982869 0.184306 0.000000 65.667742 -0.184306 0.982869 0.000000 -8.443409 0.000000 0.000000 1.000000 0.000000
0.982477 0.186386 0.000000 65.950513 -0.186386 0.982477 0.000000 -8.593989 0.000000 0.000000 1.000000 0.000000
0.982114 0.188285 0.000000 66.197610 -0.188285 0.982114 0.000000 -8.634162 0.000000 0.000000 1.000000 0.000000
0.981839 0.189718 0.000000 66.463244 -0.189718 0.981839 0.000000 -8.674535 0.000000 0.000000 1.000000 0.000000
0.981289 0.192543 0.000000 66.613373 -0.192543 0.981289 0.000000 -8.719732 0.000000 0.000000 1.000000 0.000000
0.981174 0.193127 0.000000 67.040816 -0.193127 0.981174 0.000000 -8.809007 0.000000 0.000000 1.000000 0.000000
0.980618 0.195930 0.000000 67.294172 -0.195930 0.980618 0.000000 -8.839296 0.000000 0.000000 1.000000 0.000000
0.980335 0.197339 0.000000 67.625679 -0.197339 0.980335 0.000000 -8.933455 0.000000 0.000000 1.000000 0.000000
0.980369 0.197173 0.000000 67.975800 -0.197173 0.980369 0.000000 -9.063895 0.000000 0.000000 1.000000 0.000000
0.979397 0.201946 0.000000 68.406587 -0.201946 0.979397 0.000000 -9.063512 0.000000 0.000000 1.000000 0.000000
0.979377 0.202042 0.000000 68.708293 -0.202042 0.979377 0.000000 -9.137928 0.000000 0.000000 1.000000 0.000000
0.979024 0.203746 0.000000 68.986245 -0.203746 0.979024 0.000000 -9.236712 0.000000 0.000000 1.000000 0.000000
0.978887 0.204403 0.000000 69.313581 -0.204403 0.978887 0.000000 -9.433241 0.000000 0.000000 1.000000 0.000000
0.978123 0.208025 0.000000 69.527277 -0.208025 0.978123 0.000000 -9.469997 0.000000 0.000000 1.000000 0.000000
0.977823 0.209434 0.000000 69.828304 -0.209434 0.977823 0.000000 -9.544022 0.000000 0.000000 1.000000 0.000000
0.977356 0.211601 0.000000 70.034242 -0.211601 0.977356 0.000000 -9.639797 0.000000 0.000000 1.000000 0.000000
0.977738 0.209832 0.000000 70.355010 -0.209832 0.977738 0.000000 -9.801072 0.000000 0.000000 1.000000 0.000000
0.976767 0.214306 0.000000 70.637353 -0.214306 0.976767 0.000000 -9.742044 0.000000 0.000000 1.000000 0.000000
0.976585 0.215132 0.000000 70.997957 -0.215132 0.976585 0.000000 -9.830010 0.000000 0.000000 1.000000 0.000000
0.976339 0.216245 0.000000 71.325056 -0.216245 0.976339 0.000000 -9.948424 0.000000 0.000000 1.000000 0.000000
0.976039 0.217595 0.000000 71.569175 -0.217595 0.976039 0.000000 -9.942113 0.000000 0.000000 1.000000 0.000000
0.976174 0.216988 0.000000 71.919579 -0.216988 0.976174 0.000000 -10.115746 0.000000 0.000000 1.000000 0.000000
0.976372 0.216095 0.000000 72.134123 -0.216095 0.976372 0.000000 -10.122642 0.000000 0.000000 1.000000 0.000000
0.976292 0.216456 0.000000 72.416167 -0.216456 0.976292 0.000000 -10.179773 0.000000 0.000000 1.000000 0.000000
0.976170 0.217006 0.000000 72.692587 -0.217006 0.976170 0.000000 -10.266531 0.000000 0.000000 1.000000 0.000000
0.975958 0.217960 0.000000 72.992887 -0.217960 0.975958 0.000000 -10.407388 0.000000 0.000000 1.000000 0.000000
0.976088 0.217378 0.000000 73.258148 -0.217378 0.976088 0.000000 -10.507386 0.000000 0.000000 1.000000 0.000000
0.976134 0.217167 0.000000 73.489902 -0.217167 0.976134 0.000000 -10.547739 0.000000 0.000000 1.000000 0.000000
0.976089 0.217372 0.000000 73.910671 -0.217372 0.976089 0.000000 -10.671340 0.000000 0.000000 1.000000 0.000000
0.975747 0.218901 0.000000 74.105889 -0.218901 0.975747 0.000000 -10.706899 0.000000 0.000000 1.000000 0.000000
0.975409 0.220405 0.000000 74.470076 -0.220405 0.975409 0.000000 -10.763807 0.000000 0.000000 1.000000 0.000000
0.975475 0.220109 0.000000 74.644081 -0.220109 0.975475 0.000000 -10.729281 0.000000 0.000000 1.000000 0.000000
0.975436 0.220282 0.000000 74.909930 -0.220282 0.975436 0.000000 -10.804295 0.000000 0.000000 1.000000 0.000000
0.975029 0.222080 0.000000 75.729840 -0.222080 0.975029 0.000000 -10.975723 0.000000 0.000000 1.000000 0.000000
0.974955 0.222403 0.000000 76.029182 -0.222403 0.974955 0.000000 -11.209908 0.000000 0.000000 1.000000 0.000000
0.974367 0.224966 0.000000 76.346255 -0.224966 0.974367 0.000000 -11.219390 0.000000 0.000000 1.000000 0.000000
0.973756 0.227594 0.000000 76.696435 -0.227594 0.973756 0.000000 -11.329474 0.000000 0.000000 1.000000 0.000000
0.973853 0.227179 0.000000 76.898695 -0.227179 0.973853 0.000000 -11.457170 0.000000 0.000000 1.000000 0.000000
0.973609 0.228222 0.000000 77.373075 -0.228222 0.973609 0.000000 -11.663421 0.000000 0.000000 1.000000 0.000000
0.973827 0.227290 0.000000 77.743339 -0.227290 0.973827 0.000000 -11.642365 0.000000 0.000000 1.000000 0.000000
0.973152 0.230164 0.000000 77.965983 -0.230164 0.973152 0.000000 -11.700017 0.000000 0.000000 1.000000 0.000000
0.972642 0.232309 0.000000 78.351059 -0.232309 0.972642 0.000000 -11.811343 0.000000 0.000000 1.000000 0.000000
0.972183 0.234222 0.000000 78.706526 -0.234222 0.972183 0.000000 -11.898354 0.000000 0.000000 1.000000 0.000000
0.971438 0.237295 0.000000 79.188844 -0.237295 0.971438 0.000000 -11.972508 0.000000 0.000000 1.000000 0.000000
0.971145 0.238490 0.000000 79.496551 -0.238490 0.971145 0.000000 -12.165751 0.000000 0.000000 1.000000 0.000000
0.971053 0.238864 0.000000 79.987504 -0.238864 0.971053 0.000000 -12.140315 0.000000 0.000000 1.000000 0.000000
0.970548 0.240908 0.000000 80.274327 -0.240908 0.970548 0.000000 -12.332811 0.000000 0.000000 1.000000 0.000000
0.970078 0.242794 0.000000 80.523929 -0.242794 0.970078 0.000000 -12.320506 0.000000 0.000000 1.000000 0.000000
0.969115 0.246611 0.000000 81.218258 -0.246611 0.969115 0.000000 -12.473888 0.000000 0.000000 1.000000 0.000000
0.969495 0.245111 0.000000 81.598948 -0.245111 0.969495 0.000000 -12.648401 0.000000 0.000000 1.000000 0.000000
0.969269 0.246003 0.000000 81.877510 -0.246003 0.969269 0.000000 -12.847338 0.000000 0.000000 1.000000 0.000000
0.968044 0.250779 0.000000 82.334682 -0.250779 0.968044 0.000000 -12.969843 0.000000 0.000000 1.000000 0.000000
0.967479 0.252951 0.000000 83.030140 -0.252951 0.967479 0.000000 -13.093620 0.000000 0.000000 1.000000 0.000000
0.966963 0.254918 0.000000 83.580542 -0.254918 0.966963 0.000000 -13.269341 0.000000 0.000000 1.000000 0.000000
0.966309 0.257384 0.000000 83.938227 -0.257384 0.966309 0.000000 -13.247138 0.000000 0.000000 1.000000 0.000000
0.965927 0.258815 0.000000 84.296873 -0.258815 0.965927 0.000000 -13.423188 0.000000 0.000000 1.000000 0.000000
0.964489 0.264124 0.000000 84.758391 -0.264124 0.964489 0.000000 -13.450281 0.000000 0.000000 1.000000 0.000000
0.964527 0.263985 0.000000 85.197401 -0.263985 0.964527 0.000000 -13.659488 0.000000 0.000000 1.000000 0.000000
0.963532 0.267592 0.000000 85.593117 -0.267592 0.963532 0.000000 -13.679739 0.000000 0.000000 1.000000 0.000000
0.963725 0.266897 0.000000 86.121455 -0.266897 0.963725 0.000000 -13.859017 0.000000 0.000000 1.000000 0.000000
0.963838 0.266487 0.000000 86.709959 -0.266487 0.963838 0.000000 -14.088533 0.000000 0.000000 1.000000 0.000000
0.963426 0.267974 0.000000 87.572732 -0.267974 0.963426 0.000000 -14.410402 0.000000 0.000000 1.000000 0.000000
0.963460 0.267854 0.000000 87.975630 -0.267854 0.963460 0.000000 -14.606120 0.000000 0.000000 1.000000 0.000000
0.963381 0.268137 0.000000 88.674535 -0.268137 0.963381 0.000000 -14.820844 0.000000 0.000000 1.000000 0.000000
0.963275 0.268517 0.000000 89.091193 -0.268517 0.963275 0.000000 -14.883669 0.000000 0.000000 1.000000 0.000000
0.962654 0.270733 0.000000 89.614583 -0.270733 0.962654 0.000000 -15.062556 0.000000 0.000000 1.000000 0.000000
0.962909 0.269828 0.000000 90.113533 -0.269828 0.962909 0.000000 -15.176075 0.000000 0.000000 1.000000 0.000000
0.962732 0.270456 0.000000 90.677814 -0.270456 0.962732 0.000000 -15.453555 0.000000 0.000000 1.000000 0.000000
0.961110 0.276167 0.000000 91.139830 -0.276167 0.961110 0.000000 -15.634722 0.000000 0.000000 1.000000 0.000000
0.961002 0.276542 0.000000 91.579844 -0.276542 0.961002 0.000000 -15.674753 0.000000 0.000000 1.000000 0.000000
0.960584 0.277989 0.000000 92.146226 -0.277989 0.960584 0.000000 -15.677947 0.000000 0.000000 1.000000 0.000000
0.960439 0.278489 0.000000 92.546312 -0.278489 0.960439 0.000000 -15.952976 0.000000 0.000000 1.000000 0.000000
0.960690 0.277622 0.000000 93.496271 -0.277622 0.960690 0.000000 -16.454176 0.000000 0.000000 1.000000 0.000000
0.960386 0.278675 0.000000 93.933344 -0.278675 0.960386 0.000000 -16.604811 0.000000 0.000000 1.000000 0.000000
0.960558 0.278078 0.000000 94.543837 -0.278078 0.960558 0.000000 -16.799718 0.000000 0.000000 1.000000 0.000000
0.959331 0.282283 0.000000 95.166072 -0.282283 0.959331 0.000000 -16.827611 0.000000 0.000000 1.000000 0.000000
0.957777 0.287512 0.000000 95.691248 -0.287512 0.957777 0.000000 -17.070005 0.000000 0.000000 1.000000 0.000000
0.957458 0.288571 0.000000 96.580181 -0.288571 0.957458 0.000000 -17.224126 0.000000 0.000000 1.000000 0.000000
0.956166 0.292824 0.000000 97.222194 -0.292824 0.956166 0.000000 -17.449970 0.000000 0.000000 1.000000 0.000000
0.955423 0.295239 0.000000 98.130771 -0.295239 0.955423 0.000000 -17.654426 0.000000 0.000000 1.000000 0.000000
0.954238 0.299049 0.000000 98.805749 -0.299049 0.954238 0.000000 -18.016818 0.000000 0.000000 1.000000 0.000000
0.955055 0.296427 0.000000 99.400345 -0.296427 0.955055 0.000000 -18.099198 0.000000 0.000000 1.000000 0.000000
0.953897 0.300135 0.000000 99.984623 -0.300135 0.953897 0.000000 -18.298612 0.000000 0.000000 1.000000 0.000000
0.953063 0.302774 0.000000 100.603023 -0.302774 0.953063 0.000000 -18.408745 0.000000 0.000000 1.000000 0.000000
0.952493 0.304560 0.000000 101.160139 -0.304560 0.952493 0.000000 -18.690913 0.000000 0.000000 1.000000 0.000000
0.951093 0.308906 0.000000 101.745656 -0.308906 0.951093 0.000000 -18.953530 0.000000 0.000000 1.000000 0.000000
0.950068 0.312044 0.000000 102.303524 -0.312044 0.950068 0.000000 -19.166697 0.000000 0.000000 1.000000 0.000000
0.949121 0.314911 0.000000 102.865369 -0.314911 0.949121 0.000000 -19.307693 0.000000 0.000000 1.000000 0.000000
0.947877 0.318636 0.000000 103.483217 -0.318636 0.947877 0.000000 -19.361027 0.000000 0.000000 1.000000 0.000000
0.947648 0.319316 0.000000 103.996486 -0.319316 0.947648 0.000000 -19.627131 0.000000 0.000000 1.000000 0.000000
0.947401 0.320048 0.000000 104.572764 -0.320048 0.947401 0.000000 -19.823551 0.000000 0.000000 1.000000 0.000000
0.947981 0.318327 0.000000 105.178454 -0.318327 0.947981 0.000000 -20.118627 0.000000 0.000000 1.000000 0.000000
0.947475 0.319829 0.000000 105.746689 -0.319829 0.947475 0.000000 -20.240251 0.000000 0.000000 1.000000 0.000000
0.946096 0.323887 0.000000 106.857264 -0.323887 0.946096 0.000000 -20.481472 0.000000 0.000000 1.000000 0.000000
0.945687 0.325080 0.000000 107.500316 -0.325080 0.945687 0.000000 -20.747118 0.000000 0.000000 1.000000 0.000000
0.945684 0.325088 0.000000 108.119970 -0.325088 0.945684 0.000000 -20.889201 0.000000 0.000000 1.000000 0.000000
0.945091 0.326807 0.000000 108.695185 -0.326807 0.945091 0.000000 -21.052907 0.000000 0.000000 1.000000 0.000000
0.943931 0.330144 0.000000 109.265381 -0.330144 0.943931 0.000000 -21.312256 0.000000 0.000000 1.000000 0.000000
0.943865 0.330333 0.000000 109.808817 -0.330333 0.943865 0.000000 -21.456841 0.000000 0.000000 1.000000 0.000000
0.943950 0.330088 0.000000 110.355870 -0.330088 0.943950 0.000000 -21.731826 0.000000 0.000000 1.000000 0.000000
0.943429 0.331575 0.000000 110.918399 -0.331575 0.943429 0.000000 -21.812035 0.000000 0.000000 1.000000 0.000000
0.942444 0.334364 0.000000 111.480961 -0.334364 0.942444 0.000000 -22.076269 0.000000 0.000000 1.000000 0.000000
0.942190 0.335078 0.000000 112.021646 -0.335078 0.942190 0.000000 -22.397317 0.000000 0.000000 1.000000 0.000000
0.941817 0.336127 0.000000 112.658804 -0.336127 0.941817 0.000000 -22.777641 0.000000 0.000000 1.000000 0.000000
0.941886 0.335932 0.000000 113.177816 -0.335932 0.941886 0.000000 -22.927885 0.000000 0.000000 1.000000 0.000000
0.941639 0.336626 0.000000 113.892802 -0.336626 0.941639 0.000000 -23.287275 0.000000 0.000000 1.000000 0.000000
0.941694 0.336471 0.000000 114.508793 -0.336471 0.941694 0.000000 -23.394095 0.000000 0.000000 1.000000 0.000000
0.940584 0.339561 0.000000 115.138028 -0.339561 0.940584 0.000000 -23.734222 0.000000 0.000000 1.000000 0.000000
0.939704 0.341989 0.000000 116.118982 -0.341989 0.939704 0.000000 -23.845044 0.000000 0.000000 1.000000 0.000000
0.939323 0.343033 0.000000 116.864333 -0.343033 0.939323 0.000000 -23.971952 0.000000 0.000000 1.000000 0.000000
0.939055 0.343767 0.000000 117.387806 -0.343767 0.939055 0.000000 -24.188968 0.000000 0.000000 1.000000 0.000000
0.938555 0.345129 0.000000 118.103652 -0.345129 0.938555 0.000000 -24.492109 0.000000 0.000000 1.000000 0.000000
0.938821 0.344406 0.000000 118.789000 -0.344406 0.938821 0.000000 -24.737608 0.000000 0.000000 1.000000 0.000000
0.938125 0.346297 0.000000 119.450983 -0.346297 0.938125 0.000000 -24.956545 0.000000 0.000000 1.000000 0.000000
0.937606 0.347701 0.000000 120.086483 -0.347701 0.937606 0.000000 -25.177427 0.000000 0.000000 1.000000 0.000000
0.936856 0.349714 0.000000 121.182966 -0.349714 0.936856 0.000000 -25.568684 0.000000 0.000000 1.000000 0.000000
0.936880 0.349650 0.000000 121.784596 -0.349650 0.936880 0.000000 -25.841493 0.000000 0.000000 1.000000 0.000000
0.936376 0.350998 0.000000 122.430625 -0.350998 0.936376 0.000000 -26.044334 0.000000 0.000000 1.000000 0.000000
0.935505 0.353315 0.000000 122.982395 -0.353315 0.935505 0.000000 -26.297961 0.000000 0.000000 1.000000 0.000000
0.935362 0.353691 0.000000 124.267629 -0.353691 0.935362 0.000000 -26.875051 0.000000 0.000000 1.000000 0.000000
0.934368 0.356311 0.000000 124.860769 -0.356311 0.934368 0.000000 -27.064104 0.000000 0.000000 1.000000 0.000000
0.933624 0.358254 0.000000 125.566034 -0.358254 0.933624 0.000000 -27.337753 0.000000 0.000000 1.000000 0.000000
0.932767 0.360479 0.000000 126.192052 -0.360479 0.932767 0.000000 -27.387171 0.000000 0.000000 1.000000 0.000000
0.932520 0.361118 0.000000 126.828112 -0.361118 0.932520 0.000000 -27.677425 0.000000 0.000000 1.000000 0.000000
0.927284 0.374357 0.000000 131.336730 -0.374357 0.927284 0.000000 -29.581102 0.000000 0.000000 1.000000 0.000000
0.926920 0.375260 0.000000 131.997102 -0.375260 0.926920 0.000000 -29.829068 0.000000 0.000000 1.000000 0.000000
0.926153 0.377149 0.000000 132.504188 -0.377149 0.926153 0.000000 -30.165367 0.000000 0.000000 1.000000 0.000000
0.925758 0.378116 0.000000 133.102306 -0.378116 0.925758 0.000000 -30.430907 0.000000 0.000000 1.000000 0.000000
0.924011 0.382366 0.000000 133.638696 -0.382366 0.924011 0.000000 -30.631102 0.000000 0.000000 1.000000 0.000000
0.924536 0.381095 0.000000 134.190317 -0.381095 0.924536 0.000000 -30.773372 0.000000 0.000000 1.000000 0.000000
0.921443 0.388514 0.000000 134.685248 -0.388514 0.921443 0.000000 -31.144859 0.000000 0.000000 1.000000 0.000000
0.920716 0.390233 0.000000 135.435528 -0.390233 0.920716 0.000000 -31.501772 0.000000 0.000000 1.000000 0.000000
0.920010 0.391895 0.000000 135.983117 -0.391895 0.920010 0.000000 -31.736097 0.000000 0.000000 1.000000 0.000000
0.919432 0.393248 0.000000 136.516122 -0.393248 0.919432 0.000000 -31.954417 0.000000 0.000000 1.000000 0.000000
0.918713 0.394926 0.000000 137.424103 -0.394926 0.918713 0.000000 -32.276907 0.000000 0.000000 1.000000 0.000000
0.918675 0.395014 0.000000 138.048389 -0.395014 0.918675 0.000000 -32.437920 0.000000 0.000000 1.000000 0.000000
0.918393 0.395670 0.000000 138.762219 -0.395670 0.918393 0.000000 -32.792681 0.000000 0.000000 1.000000 0.000000
0.918115 0.396314 0.000000 139.446036 -0.396314 0.918115 0.000000 -33.037004 0.000000 0.000000 1.000000 0.000000
0.918497 0.395429 0.000000 139.960459 -0.395429 0.918497 0.000000 -33.509086 0.000000 0.000000 1.000000 0.000000
0.918348 0.395774 0.000000 140.849745 -0.395774 0.918348 0.000000 -33.976409 0.000000 0.000000 1.000000 0.000000
0.918381 0.395698 0.000000 141.380904 -0.395698 0.918381 0.000000 -34.147559 0.000000 0.000000 1.000000 0.000000
0.918615 0.395153 0.000000 142.097744 -0.395153 0.918615 0.000000 -34.475953 0.000000 0.000000 1.000000 0.000000
0.918333 0.395808 0.000000 142.627931 -0.395808 0.918333 0.000000 -34.769440 0.000000 0.000000 1.000000 0.000000
0.916991 0.398909 0.000000 143.383641 -0.398909 0.916991 0.000000 -35.014213 0.000000 0.000000 1.000000 0.000000
0.917704 0.397264 0.000000 143.900484 -0.397264 0.917704 0.000000 -35.256726 0.000000 0.000000 1.000000 0.000000
0.917032 0.398815 0.000000 144.485705 -0.398815 0.917032 0.000000 -35.492767 0.000000 0.000000 1.000000 0.000000
0.917139 0.398567 0.000000 145.090745 -0.398567 0.917139 0.000000 -35.802816 0.000000 0.000000 1.000000 0.000000
0.916795 0.399357 0.000000 145.538011 -0.399357 0.916795 0.000000 -36.049378 0.000000 0.000000 1.000000 0.000000
0.915546 0.402213 0.000000 146.515281 -0.402213 0.915546 0.000000 -36.586469 0.000000 0.000000 1.000000 0.000000
0.916844 0.399245 0.000000 146.967284 -0.399245 0.916844 0.000000 -36.840269 0.000000 0.000000 1.000000 0.000000
0.915290 0.402795 0.000000 147.550204 -0.402795 0.915290 0.000000 -37.253347 0.000000 0.000000 1.000000 0.000000
0.914925 0.403624 0.000000 148.030550 -0.403624 0.914925 0.000000 -37.539679 0.000000 0.000000 1.000000 0.000000
0.913576 0.406669 0.000000 148.666407 -0.406669 0.913576 0.000000 -37.917285 0.000000 0.000000 1.000000 0.000000
0.911880 0.410457 0.000000 149.094978 -0.410457 0.911880 0.000000 -38.244968 0.000000 0.000000 1.000000 0.000000
0.912017 0.410152 0.000000 149.664954 -0.410152 0.912017 0.000000 -38.661644 0.000000 0.000000 1.000000 0.000000
0.911401 0.411520 0.000000 150.189955 -0.411520 0.911401 0.000000 -38.906804 0.000000 0.000000 1.000000 0.000000
0.911349 0.411635 0.000000 150.759705 -0.411635 0.911349 0.000000 -39.044117 0.000000 0.000000 1.000000 0.000000
0.910429 0.413665 0.000000 151.343669 -0.413665 0.910429 0.000000 -39.313255 0.000000 0.000000 1.000000 0.000000
0.910120 0.414345 0.000000 151.924948 -0.414345 0.910120 0.000000 -39.597893 0.000000 0.000000 1.000000 0.000000
0.909794 0.415059 0.000000 152.426933 -0.415059 0.909794 0.000000 -39.787739 0.000000 0.000000 1.000000 0.000000
0.908899 0.417016 0.000000 152.883458 -0.417016 0.908899 0.000000 -40.078956 0.000000 0.000000 1.000000 0.000000
0.910260 0.414037 0.000000 153.440065 -0.414037 0.910260 0.000000 -40.243577 0.000000 0.000000 1.000000 0.000000
0.909674 0.415323 0.000000 153.889687 -0.415323 0.909674 0.000000 -40.404752 0.000000 0.000000 1.000000 0.000000
0.909094 0.416592 0.000000 154.418509 -0.416592 0.909094 0.000000 -40.591182 0.000000 0.000000 1.000000 0.000000
0.907717 0.419583 0.000000 155.190069 -0.419583 0.907717 0.000000 -41.019775 0.000000 0.000000 1.000000 0.000000
0.907381 0.420310 0.000000 155.616852 -0.420310 0.907381 0.000000 -41.198326 0.000000 0.000000 1.000000 0.000000
0.905830 0.423642 0.000000 156.111946 -0.423642 0.905830 0.000000 -41.491042 0.000000 0.000000 1.000000 0.000000
0.905811 0.423682 0.000000 156.588031 -0.423682 0.905811 0.000000 -41.674806 0.000000 0.000000 1.000000 0.000000
0.905464 0.424424 0.000000 157.127056 -0.424424 0.905464 0.000000 -41.952744 0.000000 0.000000 1.000000 0.000000
0.905693 0.423933 0.000000 157.662238 -0.423933 0.905693 0.000000 -42.185920 0.000000 0.000000 1.000000 0.000000
0.904470 0.426537 0.000000 158.283180 -0.426537 0.904470 0.000000 -42.597637 0.000000 0.000000 1.000000 0.000000
0.903844 0.427862 0.000000 158.841383 -0.427862 0.903844 0.000000 -42.808131 0.000000 0.000000 1.000000 0.000000
0.902155 0.431413 0.000000 159.377461 -0.431413 0.902155 0.000000 -42.993558 0.000000 0.000000 1.000000 0.000000
0.901950 0.431840 0.000000 159.867731 -0.431840 0.901950 0.000000 -43.245230 0.000000 0.000000 1.000000 0.000000
0.900688 0.434466 0.000000 160.312054 -0.434466 0.900688 0.000000 -43.525018 0.000000 0.000000 1.000000 0.000000
0.900558 0.434736 0.000000 160.777607 -0.434736 0.900558 0.000000 -43.737052 0.000000 0.000000 1.000000 0.000000
0.900408 0.435046 0.000000 161.518221 -0.435046 0.900408 0.000000 -44.074952 0.000000 0.000000 1.000000 0.000000
0.899021 0.437905 0.000000 161.933153 -0.437905 0.899021 0.000000 -44.256290 0.000000 0.000000 1.000000 0.000000
0.899577 0.436762 0.000000 162.343762 -0.436762 0.899577 0.000000 -44.429212 0.000000 0.000000 1.000000 0.000000
0.898496 0.438981 0.000000 162.812575 -0.438981 0.898496 0.000000 -44.669923 0.000000 0.000000 1.000000 0.000000
0.898599 0.438770 0.000000 163.326712 -0.438770 0.898599 0.000000 -44.836806 0.000000 0.000000 1.000000 0.000000
0.897437 0.441142 0.000000 163.802700 -0.441142 0.897437 0.000000 -45.188847 0.000000 0.000000 1.000000 0.000000
0.896599 0.442843 0.000000 164.322186 -0.442843 0.896599 0.000000 -45.439922 0.000000 0.000000 1.000000 0.000000
0.895382 0.445299 0.000000 164.844517 -0.445299 0.895382 0.000000 -45.704370 0.000000 0.000000 1.000000 0.000000
0.894507 0.447054 0.000000 165.286159 -0.447054 0.894507 0.000000 -45.935187 0.000000 0.000000 1.000000 0.000000
0.894838 0.446390 0.000000 165.911517 -0.446390 0.894838 0.000000 -46.068547 0.000000 0.000000 1.000000 0.000000
0.894047 0.447972 0.000000 166.281225 -0.447972 0.894047 0.000000 -46.408342 0.000000 0.000000 1.000000 0.000000
0.893154 0.449751 0.000000 166.722173 -0.449751 0.893154 0.000000 -46.765632 0.000000 0.000000 1.000000 0.000000
0.890692 0.454607 0.000000 167.159228 -0.454607 0.890692 0.000000 -47.025151 0.000000 0.000000 1.000000 0.000000
0.889398 0.457134 0.000000 167.469459 -0.457134 0.889398 0.000000 -47.203250 0.000000 0.000000 1.000000 0.000000
0.889056 0.457798 0.000000 167.941502 -0.457798 0.889056 0.000000 -47.474174 0.000000 0.000000 1.000000 0.000000
0.888285 0.459292 0.000000 168.405046 -0.459292 0.888285 0.000000 -47.781690 0.000000 0.000000 1.000000 0.000000
0.889679 0.456587 0.000000 168.799928 -0.456587 0.889679 0.000000 -47.868825 0.000000 0.000000 1.000000 0.000000
0.888223 0.459413 0.000000 169.223509 -0.459413 0.888223 0.000000 -48.076073 0.000000 0.000000 1.000000 0.000000
0.886825 0.462105 0.000000 169.654397 -0.462105 0.886825 0.000000 -48.334895 0.000000 0.000000 1.000000 0.000000
0.888971 0.457964 0.000000 170.141806 -0.457964 0.888971 0.000000 -48.678281 0.000000 0.000000 1.000000 0.000000
0.888442 0.458989 0.000000 170.821002 -0.458989 0.888442 0.000000 -49.039096 0.000000 0.000000 1.000000 0.000000
0.887589 0.460636 0.000000 171.412522 -0.460636 0.887589 0.000000 -49.264273 0.000000 0.000000 1.000000 0.000000
0.887413 0.460975 0.000000 171.722659 -0.460975 0.887413 0.000000 -49.568878 0.000000 0.000000 1.000000 0.000000
0.884910 0.465761 0.000000 172.286588 -0.465761 0.884910 0.000000 -49.982453 0.000000 0.000000 1.000000 0.000000
0.885180 0.465249 0.000000 172.869655 -0.465249 0.885180 0.000000 -50.268493 0.000000 0.000000 1.000000 0.000000
0.886200 0.463302 0.000000 173.807278 -0.463302 0.886200 0.000000 -50.632453 0.000000 0.000000 1.000000 0.000000
0.885205 0.465201 0.000000 174.412730 -0.465201 0.885205 0.000000 -50.973098 0.000000 0.000000 1.000000 0.000000
0.885050 0.465496 0.000000 174.890923 -0.465496 0.885050 0.000000 -51.247307 0.000000 0.000000 1.000000 0.000000
0.884743 0.466080 0.000000 175.418959 -0.466080 0.884743 0.000000 -51.559835 0.000000 0.000000 1.000000 0.000000
0.882828 0.469696 0.000000 176.069264 -0.469696 0.882828 0.000000 -51.843323 0.000000 0.000000 1.000000 0.000000
0.883314 0.468782 0.000000 176.664603 -0.468782 0.883314 0.000000 -52.089098 0.000000 0.000000 1.000000 0.000000
0.883736 0.467987 0.000000 177.097142 -0.467987 0.883736 0.000000 -52.370010 0.000000 0.000000 1.000000 0.000000
0.884423 0.466686 0.000000 177.657557 -0.466686 0.884423 0.000000 -52.631982 0.000000 0.000000 1.000000 0.000000
0.884273 0.466971 0.000000 177.978675 -0.466971 0.884273 0.000000 -52.955113 0.000000 0.000000 1.000000 0.000000
0.885339 0.464946 0.000000 178.465598 -0.464946 0.885339 0.000000 -53.145362 0.000000 0.000000 1.000000 0.000000
0.885388 0.464853 0.000000 179.026263 -0.464853 0.885388 0.000000 -53.487392 0.000000 0.000000 1.000000 0.000000
0.884653 0.466251 0.000000 179.492592 -0.466251 0.884653 0.000000 -53.639758 0.000000 0.000000 1.000000 0.000000
0.884146 0.467211 0.000000 179.906283 -0.467211 0.884146 0.000000 -53.943651 0.000000 0.000000 1.000000 0.000000
0.883413 0.468594 0.000000 180.450434 -0.468594 0.883413 0.000000 -54.128088 0.000000 0.000000 1.000000 0.000000
0.883748 0.467963 0.000000 180.907745 -0.467963 0.883748 0.000000 -54.382887 0.000000 0.000000 1.000000 0.000000
0.883954 0.467575 0.000000 181.244122 -0.467575 0.883954 0.000000 -54.617265 0.000000 0.000000 1.000000 0.000000
0.883806 0.467854 0.000000 181.750624 -0.467854 0.883806 0.000000 -54.722726 0.000000 0.000000 1.000000 0.000000
0.884097 0.467304 0.000000 182.192170 -0.467304 0.884097 0.000000 -54.943320 0.000000 0.000000 1.000000 0.000000
0.884278 0.466962 0.000000 182.553026 -0.466962 0.884278 0.000000 -55.061151 0.000000 0.000000 1.000000 0.000000
0.885369 0.464889 0.000000 183.093292 -0.464889 0.885369 0.000000 -55.215663 0.000000 0.000000 1.000000 0.000000
0.884854 0.465869 0.000000 183.504144 -0.465869 0.884854 0.000000 -55.614295 0.000000 0.000000 1.000000 0.000000
0.886644 0.462452 0.000000 184.059688 -0.462452 0.886644 0.000000 -55.951418 0.000000 0.000000 1.000000 0.000000
0.887287 0.461218 0.000000 184.656430 -0.461218 0.887287 0.000000 -56.164122 0.000000 0.000000 1.000000 0.000000
0.888622 0.458641 0.000000 185.160990 -0.458641 0.888622 0.000000 -56.333769 0.000000 0.000000 1.000000 0.000000
0.888981 0.457945 0.000000 185.653799 -0.457945 0.888981 0.000000 -56.444886 0.000000 0.000000 1.000000 0.000000
0.891580 0.452862 0.000000 186.332087 -0.452862 0.891580 0.000000 -56.683871 0.000000 0.000000 1.000000 0.000000
0.891130 0.453748 0.000000 186.761645 -0.453748 0.891130 0.000000 -56.977524 0.000000 0.000000 1.000000 0.000000
0.892363 0.451318 0.000000 187.230868 -0.451318 0.892363 0.000000 -57.226659 0.000000 0.000000 1.000000 0.000000
0.894878 0.446311 0.000000 187.707103 -0.446311 0.894878 0.000000 -57.334976 0.000000 0.000000 1.000000 0.000000
0.896702 0.442635 0.000000 188.128126 -0.442635 0.896702 0.000000 -57.586777 0.000000 0.000000 1.000000 0.000000
0.901174 0.433458 0.000000 188.944062 -0.433458 0.901174 0.000000 -57.963836 0.000000 0.000000 1.000000 0.000000
0.904006 0.427520 0.000000 189.353363 -0.427520 0.904006 0.000000 -58.233693 0.000000 0.000000 1.000000 0.000000
0.907207 0.420685 0.000000 189.875814 -0.420685 0.907207 0.000000 -58.490214 0.000000 0.000000 1.000000 0.000000
0.909584 0.415520 0.000000 190.150369 -0.415520 0.909584 0.000000 -58.575404 0.000000 0.000000 1.000000 0.000000
0.911646 0.410975 0.000000 190.528122 -0.410975 0.911646 0.000000 -58.816929 0.000000 0.000000 1.000000 0.000000
0.914692 0.404151 0.000000 191.017234 -0.404151 0.914692 0.000000 -58.999664 0.000000 0.000000 1.000000 0.000000
0.920240 0.391355 0.000000 191.818975 -0.391355 0.920240 0.000000 -59.348138 0.000000 0.000000 1.000000 0.000000
0.923103 0.384554 0.000000 192.394363 -0.384554 0.923103 0.000000 -59.523151 0.000000 0.000000 1.000000 0.000000
0.925861 0.377864 0.000000 192.789579 -0.377864 0.925861 0.000000 -59.657217 0.000000 0.000000 1.000000 0.000000
0.929958 0.367666 0.000000 193.459204 -0.367666 0.929958 0.000000 -59.933197 0.000000 0.000000 1.000000 0.000000
0.932940 0.360031 0.000000 193.889009 -0.360031 0.932940 0.000000 -60.183256 0.000000 0.000000 1.000000 0.000000
