0.999997 0.002492 0.000000 0.773233 -0.002492 0.999997 0.000000 -0.005559 0.000000 0.000000 1.000000 0.000000
0.999990 0.004301 0.000000 1.364097 -0.004301 0.999991 0.000000 -0.010611 0.000000 0.000000 1.000000 0.000000
0.999972 0.007018 0.000000 1.960456 -0.007016 0.999975 0.000000 -0.017748 0.000000 0.000000 1.000000 0.000000
0.999950 0.009131 0.000000 2.531371 -0.009127 0.999958 0.000000 -0.026049 0.000000 0.000000 1.000000 0.000000
0.999906 0.012816 0.000000 3.718567 -0.012812 0.999918 0.000000 -0.044514 0.000000 0.000000 1.000000 0.000000
0.999871 0.015222 0.000000 4.295138 -0.015220 0.999884 0.000000 -0.057954 0.000000 0.000000 1.000000 0.000000
0.999754 0.021899 0.000000 5.491479 -0.021895 0.999759 0.000000 -0.090664 0.000000 0.000000 1.000000 0.000000
0.999689 0.024868 0.000000 6.102000 -0.024864 0.999688 0.000000 -0.110047 0.000000 0.000000 1.000000 0.000000
0.999603 0.028161 0.000000 6.658033 -0.028160 0.999602 0.000000 -0.129092 0.000000 0.000000 1.000000 0.000000
0.999494 0.031805 0.000000 7.262856 -0.031806 0.999491 0.000000 -0.153597 0.000000 0.000000 1.000000 0.000000
0.999303 0.037269 0.000000 8.071948 -0.037263 0.999301 0.000000 -0.188806 0.000000 0.000000 1.000000 0.000000
0.999114 0.041887 0.000000 8.658061 -0.041878 0.999120 0.000000 -0.217357 0.000000 0.000000 1.000000 0.000000
0.998934 0.045924 0.000000 9.216535 -0.045911 0.998941 0.000000 -0.244873 0.000000 0.000000 1.000000 0.000000
0.998694 0.050885 0.000000 9.809009 -0.050867 0.998698 0.000000 -0.278222 0.000000 0.000000 1.000000 0.000000
0.998432 0.055758 0.000000 10.353439 -0.055740 0.998438 0.000000 -0.311338 0.000000 0.000000 1.000000 0.000000
0.998042 0.062235 0.000000 10.937532 -0.062220 0.998059 0.000000 -0.350894 0.000000 0.000000 1.000000 0.000000
0.997644 0.068229 0.000000 11.475587 -0.068211 0.997667 0.000000 -0.389418 0.000000 0.000000 1.000000 0.000000
0.997055 0.076318 0.000000 12.212980 -0.076300 0.997081 0.000000 -0.448394 0.000000 0.000000 1.000000 0.000000
0.996581 0.082269 0.000000 12.806309 -0.082262 0.996610 0.000000 -0.498046 0.000000 0.000000 1.000000 0.000000
0.996012 0.088832 0.000000 13.391653 -0.088836 0.996046 0.000000 -0.553081 0.000000 0.000000 1.000000 0.000000
0.995357 0.095848 0.000000 13.960417 -0.095846 0.995396 0.000000 -0.610540 0.000000 0.000000 1.000000 0.000000
0.993898 0.109629 0.000000 15.119699 -0.109612 0.993972 0.000000 -0.736531 0.000000 0.000000 1.000000 0.000000
0.993015 0.117346 0.000000 15.660876 -0.117342 0.993091 0.000000 -0.802451 0.000000 0.000000 1.000000 0.000000
0.992045 0.125308 0.000000 16.233216 -0.125291 0.992118 0.000000 -0.877311 0.000000 0.000000 1.000000 0.000000
0.990944 0.133631 0.000000 16.762626 -0.133606 0.991031 0.000000 -0.950864 0.000000 0.000000 1.000000 0.000000
0.989831 0.141512 0.000000 17.319694 -0.141502 0.989936 0.000000 -1.032765 0.000000 0.000000 1.000000 0.000000
0.988803 0.148349 0.000000 17.844772 -0.148371 0.988932 0.000000 -1.113108 0.000000 0.000000 1.000000 0.000000
0.987809 0.154613 0.000000 18.417323 -0.154682 0.987961 0.000000 -1.203355 0.000000 0.000000 1.000000 0.000000
0.986703 0.161520 0.000000 18.946540 -0.161596 0.986853 0.000000 -1.290884 0.000000 0.000000 1.000000 0.000000
0.985275 0.170211 0.000000 19.689424 -0.170271 0.985395 0.000000 -1.416401 0.000000 0.000000 1.000000 0.000000
0.984071 0.177144 0.000000 20.269834 -0.177206 0.984169 0.000000 -1.519060 0.000000 0.000000 1.000000 0.000000
0.982645 0.184869 0.000000 20.821489 -0.184943 0.982743 0.000000 -1.622452 0.000000 0.000000 1.000000 0.000000
0.981303 0.191736 0.000000 21.377833 -0.191825 0.981422 0.000000 -1.731873 0.000000 0.000000 1.000000 0.000000
0.980076 0.197755 0.000000 21.940969 -0.197863 0.980221 0.000000 -1.845756 0.000000 0.000000 1.000000 0.000000
0.978716 0.204260 0.000000 22.464953 -0.204388 0.978879 0.000000 -1.954390 0.000000 0.000000 1.000000 0.000000
0.977157 0.211509 0.000000 23.001719 -0.211655 0.977331 0.000000 -2.069673 0.000000 0.000000 1.000000 0.000000
0.975412 0.219433 0.000000 23.568614 -0.219571 0.975585 0.000000 -2.198881 0.000000 0.000000 1.000000 0.000000
0.973716 0.226836 0.000000 24.104345 -0.226969 0.973892 0.000000 -2.325370 0.000000 0.000000 1.000000 0.000000
0.971918 0.234290 0.000000 24.682002 -0.234451 0.972115 0.000000 -2.466010 0.000000 0.000000 1.000000 0.000000
0.969432 0.244294 0.000000 25.440408 -0.244468 0.969644 0.000000 -2.658599 0.000000 0.000000 1.000000 0.000000
0.967592 0.251353 0.000000 26.002112 -0.251545 0.967832 0.000000 -2.804872 0.000000 0.000000 1.000000 0.000000
0.965421 0.259416 0.000000 26.594686 -0.259641 0.965689 0.000000 -2.965221 0.000000 0.000000 1.000000 0.000000
0.963238 0.267398 0.000000 27.135388 -0.267638 0.963499 0.000000 -3.118638 0.000000 0.000000 1.000000 0.000000
0.961460 0.273662 0.000000 27.668714 -0.273918 0.961731 0.000000 -3.271641 0.000000 0.000000 1.000000 0.000000
0.959420 0.280621 0.000000 28.168263 -0.280904 0.959711 0.000000 -3.416078 0.000000 0.000000 1.000000 0.000000
0.957119 0.288217 0.000000 28.732038 -0.288542 0.957438 0.000000 -3.585728 0.000000 0.000000 1.000000 0.000000
0.954964 0.295214 0.000000 29.233774 -0.295541 0.955303 0.000000 -3.741424 0.000000 0.000000 1.000000 0.000000
0.952796 0.302122 0.000000 29.755048 -0.302447 0.953142 0.000000 -3.907740 0.000000 0.000000 1.000000 0.000000
0.948312 0.315949 0.000000 30.781932 -0.316295 0.948630 0.000000 -4.245402 0.000000 0.000000 1.000000 0.000000
0.946367 0.321844 0.000000 31.261718 -0.322158 0.946659 0.000000 -4.410222 0.000000 0.000000 1.000000 0.000000
0.944135 0.328410 0.000000 31.771228 -0.328685 0.944420 0.000000 -4.589247 0.000000 0.000000 1.000000 0.000000
0.940988 0.337376 0.000000 32.415472 -0.337635 0.941260 0.000000 -4.821970 0.000000 0.000000 1.000000 0.000000
0.938876 0.343146 0.000000 32.885073 -0.343408 0.939172 0.000000 -4.994504 0.000000 0.000000 1.000000 0.000000
0.936765 0.348649 0.000000 33.347926 -0.348930 0.937139 0.000000 -5.168141 0.000000 0.000000 1.000000 0.000000
0.934347 0.354940 0.000000 33.836488 -0.355242 0.934765 0.000000 -5.355890 0.000000 0.000000 1.000000 0.000000
0.932308 0.360277 0.000000 34.292549 -0.360593 0.932711 0.000000 -5.532978 0.000000 0.000000 1.000000 0.000000
0.929603 0.367225 0.000000 34.949488 -0.367537 0.929997 0.000000 -5.791180 0.000000 0.000000 1.000000 0.000000
0.927440 0.372776 0.000000 35.453316 -0.373076 0.927788 0.000000 -5.995085 0.000000 0.000000 1.000000 0.000000
0.925079 0.378651 0.000000 35.972114 -0.378973 0.925387 0.000000 -6.210675 0.000000 0.000000 1.000000 0.000000
0.922863 0.384045 0.000000 36.454896 -0.384369 0.923157 0.000000 -6.414464 0.000000 0.000000 1.000000 0.000000
0.920586 0.389461 0.000000 36.951023 -0.389773 0.920893 0.000000 -6.627675 0.000000 0.000000 1.000000 0.000000
0.917890 0.395700 0.000000 37.444284 -0.395986 0.918248 0.000000 -6.842357 0.000000 0.000000 1.000000 0.000000
0.915036 0.402319 0.000000 37.895583 -0.402521 0.915410 0.000000 -7.042397 0.000000 0.000000 1.000000 0.000000
0.912187 0.408688 0.000000 38.378080 -0.408880 0.912588 0.000000 -7.258090 0.000000 0.000000 1.000000 0.000000
0.909150 0.415283 0.000000 38.831228 -0.415499 0.909594 0.000000 -7.465574 0.000000 0.000000 1.000000 0.000000
0.906018 0.422037 0.000000 39.309044 -0.422235 0.906486 0.000000 -7.689920 0.000000 0.000000 1.000000 0.000000
0.903040 0.428367 0.000000 39.766457 -0.428551 0.903517 0.000000 -7.908843 0.000000 0.000000 1.000000 0.000000
0.899874 0.435010 0.000000 40.258742 -0.435148 0.900355 0.000000 -8.145920 0.000000 0.000000 1.000000 0.000000
0.896720 0.441457 0.000000 40.727347 -0.441612 0.897203 0.000000 -8.375941 0.000000 0.000000 1.000000 0.000000
0.893277 0.448334 0.000000 41.203713 -0.448526 0.893769 0.000000 -8.617449 0.000000 0.000000 1.000000 0.000000
0.890852 0.453077 0.000000 41.644514 -0.453285 0.891365 0.000000 -8.841691 0.000000 0.000000 1.000000 0.000000
0.886890 0.460734 0.000000 42.307818 -0.460999 0.887401 0.000000 -9.186668 0.000000 0.000000 1.000000 0.000000
0.882959 0.468225 0.000000 42.995344 -0.468488 0.883470 0.000000 -9.546602 0.000000 0.000000 1.000000 0.000000
0.879980 0.473857 0.000000 43.468396 -0.474118 0.880462 0.000000 -9.800121 0.000000 0.000000 1.000000 0.000000
0.874841 0.483503 0.000000 44.276771 -0.483747 0.875207 0.000000 -10.247295 0.000000 0.000000 1.000000 0.000000
0.871885 0.488785 0.000000 44.731897 -0.489021 0.872272 0.000000 -10.504355 0.000000 0.000000 1.000000 0.000000
0.868960 0.493918 0.000000 45.177501 -0.494151 0.869376 0.000000 -10.761531 0.000000 0.000000 1.000000 0.000000
0.865878 0.499302 0.000000 45.631639 -0.499524 0.866300 0.000000 -11.024612 0.000000 0.000000 1.000000 0.000000
0.862724 0.504716 0.000000 46.084332 -0.504943 0.863152 0.000000 -11.292413 0.000000 0.000000 1.000000 0.000000
0.859286 0.510519 0.000000 46.558030 -0.510754 0.859727 0.000000 -11.576812 0.000000 0.000000 1.000000 0.000000
0.856509 0.515199 0.000000 46.976042 -0.515427 0.856933 0.000000 -11.831151 0.000000 0.000000 1.000000 0.000000
0.853815 0.519649 0.000000 47.403649 -0.519877 0.854241 0.000000 -12.092578 0.000000 0.000000 1.000000 0.000000
0.850704 0.524678 0.000000 47.836739 -0.524911 0.851156 0.000000 -12.360074 0.000000 0.000000 1.000000 0.000000
0.847851 0.529249 0.000000 48.262135 -0.529480 0.848321 0.000000 -12.627817 0.000000 0.000000 1.000000 0.000000
0.845221 0.533428 0.000000 48.674541 -0.533676 0.845688 0.000000 -12.889352 0.000000 0.000000 1.000000 0.000000
0.842288 0.538011 0.000000 49.091770 -0.538254 0.842781 0.000000 -13.158332 0.000000 0.000000 1.000000 0.000000
0.839686 0.541996 0.000000 49.476187 -0.542267 0.840205 0.000000 -13.408250 0.000000 0.000000 1.000000 0.000000
0.837258 0.545766 0.000000 49.877609 -0.546027 0.837766 0.000000 -13.670691 0.000000 0.000000 1.000000 0.000000
0.834650 0.549809 0.000000 50.246220 -0.550061 0.835123 0.000000 -13.915761 0.000000 0.000000 1.000000 0.000000
0.831833 0.553990 0.000000 50.651412 -0.554274 0.832333 0.000000 -14.187850 0.000000 0.000000 1.000000 0.000000
0.829082 0.558000 0.000000 51.026938 -0.558304 0.829635 0.000000 -14.444476 0.000000 0.000000 1.000000 0.000000
0.826165 0.562246 0.000000 51.398061 -0.562544 0.826764 0.000000 -14.698998 0.000000 0.000000 1.000000 0.000000
0.823510 0.566129 0.000000 51.760034 -0.566418 0.824113 0.000000 -14.950028 0.000000 0.000000 1.000000 0.000000
0.820459 0.570573 0.000000 52.123279 -0.570832 0.821059 0.000000 -15.205182 0.000000 0.000000 1.000000 0.000000
0.817518 0.574815 0.000000 52.482122 -0.575066 0.818099 0.000000 -15.458232 0.000000 0.000000 1.000000 0.000000
0.814505 0.579125 0.000000 52.831627 -0.579381 0.815051 0.000000 -15.706482 0.000000 0.000000 1.000000 0.000000
0.811186 0.583783 0.000000 53.202485 -0.584053 0.811711 0.000000 -15.975690 0.000000 0.000000 1.000000 0.000000
0.806441 0.590324 0.000000 53.715819 -0.590668 0.806914 0.000000 -16.354783 0.000000 0.000000 1.000000 0.000000
0.802840 0.595173 0.000000 54.081808 -0.595543 0.803323 0.000000 -16.629645 0.000000 0.000000 1.000000 0.000000
0.799395 0.599739 0.000000 54.414886 -0.600117 0.799912 0.000000 -16.882828 0.000000 0.000000 1.000000 0.000000
0.796582 0.603380 0.000000 54.747520 -0.603762 0.797164 0.000000 -17.134108 0.000000 0.000000 1.000000 0.000000
0.793103 0.607927 0.000000 55.075397 -0.608305 0.793702 0.000000 -17.387985 0.000000 0.000000 1.000000 0.000000
0.789996 0.611965 0.000000 55.400410 -0.612363 0.790576 0.000000 -17.640493 0.000000 0.000000 1.000000 0.000000
0.787209 0.615511 0.000000 55.732624 -0.615915 0.787811 0.000000 -17.900568 0.000000 0.000000 1.000000 0.000000
0.783763 0.619878 0.000000 56.049751 -0.620294 0.784369 0.000000 -18.153162 0.000000 0.000000 1.000000 0.000000
0.780174 0.624389 0.000000 56.355639 -0.624833 0.780758 0.000000 -18.399845 0.000000 0.000000 1.000000 0.000000
0.777232 0.628077 0.000000 56.658209 -0.628569 0.777752 0.000000 -18.647242 0.000000 0.000000 1.000000 0.000000
0.774288 0.631632 0.000000 56.945434 -0.632167 0.774830 0.000000 -18.884870 0.000000 0.000000 1.000000 0.000000
0.768332 0.638744 0.000000 57.510070 -0.639341 0.768921 0.000000 -19.360849 0.000000 0.000000 1.000000 0.000000
0.765782 0.641748 0.000000 57.776947 -0.642363 0.766398 0.000000 -19.586725 0.000000 0.000000 1.000000 0.000000
0.763434 0.644487 0.000000 58.033182 -0.645100 0.764097 0.000000 -19.804878 0.000000 0.000000 1.000000 0.000000
0.760973 0.647332 0.000000 58.287497 -0.647958 0.761676 0.000000 -20.022519 0.000000 0.000000 1.000000 0.000000
0.758526 0.650163 0.000000 58.553748 -0.650819 0.759232 0.000000 -20.254792 0.000000 0.000000 1.000000 0.000000
0.756464 0.652507 0.000000 58.802472 -0.653206 0.757179 0.000000 -20.471113 0.000000 0.000000 1.000000 0.000000
0.754179 0.655148 0.000000 59.062451 -0.655870 0.754871 0.000000 -20.698969 0.000000 0.000000 1.000000 0.000000
0.751642 0.658027 0.000000 59.302554 -0.658777 0.752335 0.000000 -20.912388 0.000000 0.000000 1.000000 0.000000
0.748951 0.661028 0.000000 59.544686 -0.661806 0.749672 0.000000 -21.129483 0.000000 0.000000 1.000000 0.000000
0.746868 0.663334 0.000000 59.758453 -0.664152 0.747592 0.000000 -21.321051 0.000000 0.000000 1.000000 0.000000
0.744216 0.666284 0.000000 59.981358 -0.667116 0.744949 0.000000 -21.521789 0.000000 0.000000 1.000000 0.000000
0.741640 0.669153 0.000000 60.216717 -0.669997 0.742357 0.000000 -21.735511 0.000000 0.000000 1.000000 0.000000
0.738113 0.673007 0.000000 60.547159 -0.673868 0.738846 0.000000 -22.036606 0.000000 0.000000 1.000000 0.000000
0.735494 0.675823 0.000000 60.780769 -0.676712 0.736241 0.000000 -22.253416 0.000000 0.000000 1.000000 0.000000
0.733039 0.678483 0.000000 60.998890 -0.679361 0.733799 0.000000 -22.456804 0.000000 0.000000 1.000000 0.000000
0.730119 0.681632 0.000000 61.217737 -0.682506 0.730875 0.000000 -22.664327 0.000000 0.000000 1.000000 0.000000
0.727501 0.684441 0.000000 61.432020 -0.685309 0.728248 0.000000 -22.868384 0.000000 0.000000 1.000000 0.000000
0.725140 0.686955 0.000000 61.629818 -0.687806 0.725891 0.000000 -23.058273 0.000000 0.000000 1.000000 0.000000
0.722759 0.689455 0.000000 61.811121 -0.690288 0.723534 0.000000 -23.235139 0.000000 0.000000 1.000000 0.000000
0.720539 0.691758 0.000000 61.994487 -0.692617 0.721303 0.000000 -23.414479 0.000000 0.000000 1.000000 0.000000
0.718479 0.693889 0.000000 62.170988 -0.694751 0.719248 0.000000 -23.586683 0.000000 0.000000 1.000000 0.000000
0.716140 0.696353 0.000000 62.343058 -0.697154 0.716922 0.000000 -23.756838 0.000000 0.000000 1.000000 0.000000
0.711518 0.701101 0.000000 62.691722 -0.701873 0.712303 0.000000 -24.102960 0.000000 0.000000 1.000000 0.000000
0.709480 0.703169 0.000000 62.851852 -0.703939 0.710261 0.000000 -24.263013 0.000000 0.000000 1.000000 0.000000
0.707602 0.705105 0.000000 63.003763 -0.705863 0.708348 0.000000 -24.416499 0.000000 0.000000 1.000000 0.000000
0.705660 0.707030 0.000000 63.156468 -0.707829 0.706383 0.000000 -24.571719 0.000000 0.000000 1.000000 0.000000
0.704030 0.708608 0.000000 63.299038 -0.709430 0.704775 0.000000 -24.717021 0.000000 0.000000 1.000000 0.000000
0.702013 0.710554 0.000000 63.441364 -0.711390 0.702798 0.000000 -24.863966 0.000000 0.000000 1.000000 0.000000
0.700018 0.712501 0.000000 63.589182 -0.713334 0.700825 0.000000 -25.017526 0.000000 0.000000 1.000000 0.000000
0.698144 0.714347 0.000000 63.721639 -0.715167 0.698953 0.000000 -25.155696 0.000000 0.000000 1.000000 0.000000
0.696505 0.715985 0.000000 63.864635 -0.716770 0.697309 0.000000 -25.303502 0.000000 0.000000 1.000000 0.000000
0.692864 0.719743 0.000000 64.112885 -0.720359 0.693598 0.000000 -25.564914 0.000000 0.000000 1.000000 0.000000
0.690953 0.721663 0.000000 64.238145 -0.722224 0.691653 0.000000 -25.698901 0.000000 0.000000 1.000000 0.000000
0.689390 0.723208 0.000000 64.365025 -0.723735 0.690071 0.000000 -25.833460 0.000000 0.000000 1.000000 0.000000
0.686033 0.726341 0.000000 64.566270 -0.726873 0.686761 0.000000 -26.050630 0.000000 0.000000 1.000000 0.000000
0.683709 0.728462 0.000000 64.698283 -0.729005 0.684493 0.000000 -26.193120 0.000000 0.000000 1.000000 0.000000
0.681589 0.730377 0.000000 64.827643 -0.730956 0.682409 0.000000 -26.332110 0.000000 0.000000 1.000000 0.000000
0.678825 0.732885 0.000000 64.963465 -0.733531 0.679646 0.000000 -26.480208 0.000000 0.000000 1.000000 0.000000
0.676422 0.735133 0.000000 65.095534 -0.735770 0.677222 0.000000 -26.625972 0.000000 0.000000 1.000000 0.000000
0.673800 0.737590 0.000000 65.225948 -0.738170 0.674599 0.000000 -26.770673 0.000000 0.000000 1.000000 0.000000
0.671058 0.740068 0.000000 65.361747 -0.740635 0.671887 0.000000 -26.922210 0.000000 0.000000 1.000000 0.000000
0.664152 0.746407 0.000000 65.654113 -0.746802 0.664990 0.000000 -27.254821 0.000000 0.000000 1.000000 0.000000
0.660840 0.749349 0.000000 65.794449 -0.749683 0.661716 0.000000 -27.416101 0.000000 0.000000 1.000000 0.000000
0.657518 0.752222 0.000000 65.927711 -0.752514 0.658465 0.000000 -27.572377 0.000000 0.000000 1.000000 0.000000
0.654165 0.755140 0.000000 66.062112 -0.755394 0.655137 0.000000 -27.731361 0.000000 0.000000 1.000000 0.000000
0.650664 0.758200 0.000000 66.197553 -0.758454 0.651599 0.000000 -27.892128 0.000000 0.000000 1.000000 0.000000
0.647523 0.760911 0.000000 66.332281 -0.761194 0.648415 0.000000 -28.052689 0.000000 0.000000 1.000000 0.000000
0.644090 0.763785 0.000000 66.463812 -0.764117 0.644982 0.000000 -28.211451 0.000000 0.000000 1.000000 0.000000
0.640326 0.766909 0.000000 66.603428 -0.767277 0.641227 0.000000 -28.381586 0.000000 0.000000 1.000000 0.000000
0.636855 0.769782 0.000000 66.739500 -0.770151 0.637768 0.000000 -28.547253 0.000000 0.000000 1.000000 0.000000
0.632831 0.773118 0.000000 66.880680 -0.773456 0.633744 0.000000 -28.722598 0.000000 0.000000 1.000000 0.000000
0.629010 0.776188 0.000000 67.027989 -0.776624 0.629893 0.000000 -28.906622 0.000000 0.000000 1.000000 0.000000
0.625824 0.778764 0.000000 67.156663 -0.779261 0.626652 0.000000 -29.069092 0.000000 0.000000 1.000000 0.000000
0.622024 0.781895 0.000000 67.305589 -0.782348 0.622794 0.000000 -29.258217 0.000000 0.000000 1.000000 0.000000
0.618255 0.784832 0.000000 67.447605 -0.785382 0.618987 0.000000 -29.440860 0.000000 0.000000 1.000000 0.000000
0.614110 0.788045 0.000000 67.600399 -0.788647 0.614829 0.000000 -29.640558 0.000000 0.000000 1.000000 0.000000
0.610535 0.790823 0.000000 67.749905 -0.791343 0.611330 0.000000 -29.836386 0.000000 0.000000 1.000000 0.000000
0.605105 0.794877 0.000000 67.976618 -0.795307 0.606094 0.000000 -30.137150 0.000000 0.000000 1.000000 0.000000
0.601429 0.797681 0.000000 68.131861 -0.797991 0.602488 0.000000 -30.345864 0.000000 0.000000 1.000000 0.000000
0.597740 0.800419 0.000000 68.298188 -0.800717 0.598841 0.000000 -30.570426 0.000000 0.000000 1.000000 0.000000
0.594732 0.802664 0.000000 68.453988 -0.802994 0.595804 0.000000 -30.781368 0.000000 0.000000 1.000000 0.000000
0.588279 0.807132 0.000000 68.782284 -0.807757 0.589413 0.000000 -31.231115 0.000000 0.000000 1.000000 0.000000
0.585149 0.809267 0.000000 68.941033 -0.809982 0.586356 0.000000 -31.450027 0.000000 0.000000 1.000000 0.000000
0.582186 0.811299 0.000000 69.096743 -0.812108 0.583422 0.000000 -31.666810 0.000000 0.000000 1.000000 0.000000
0.578532 0.813962 0.000000 69.262308 -0.814782 0.579697 0.000000 -31.902574 0.000000 0.000000 1.000000 0.000000
0.574369 0.817092 0.000000 69.478546 -0.817840 0.575388 0.000000 -32.209965 0.000000 0.000000 1.000000 0.000000
0.571714 0.819104 0.000000 69.631188 -0.819743 0.572664 0.000000 -32.429205 0.000000 0.000000 1.000000 0.000000
0.568250 0.821518 0.000000 69.780930 -0.822149 0.569201 0.000000 -32.646586 0.000000 0.000000 1.000000 0.000000
0.565428 0.823434 0.000000 69.928840 -0.824082 0.566397 0.000000 -32.862144 0.000000 0.000000 1.000000 0.000000
0.562064 0.825698 0.000000 70.063564 -0.826377 0.563046 0.000000 -33.063420 0.000000 0.000000 1.000000 0.000000
0.559188 0.827586 0.000000 70.206886 -0.828326 0.560184 0.000000 -33.277259 0.000000 0.000000 1.000000 0.000000
0.556315 0.829471 0.000000 70.360793 -0.830256 0.557325 0.000000 -33.509684 0.000000 0.000000 1.000000 0.000000
0.554433 0.830729 0.000000 70.501728 -0.831497 0.555462 0.000000 -33.722856 0.000000 0.000000 1.000000 0.000000
0.552377 0.832121 0.000000 70.636906 -0.832848 0.553422 0.000000 -33.928272 0.000000 0.000000 1.000000 0.000000
0.550334 0.833502 0.000000 70.782507 -0.834210 0.551364 0.000000 -34.149220 0.000000 0.000000 1.000000 0.000000
0.547984 0.835096 0.000000 70.917434 -0.835785 0.548977 0.000000 -34.357424 0.000000 0.000000 1.000000 0.000000
0.545350 0.836812 0.000000 71.102426 -0.837507 0.546346 0.000000 -34.644744 0.000000 0.000000 1.000000 0.000000
0.543838 0.837753 0.000000 71.252278 -0.838465 0.544869 0.000000 -34.879424 0.000000 0.000000 1.000000 0.000000
0.542656 0.838480 0.000000 71.392984 -0.839179 0.543748 0.000000 -35.099858 0.000000 0.000000 1.000000 0.000000
0.541542 0.839169 0.000000 71.529881 -0.839841 0.542699 0.000000 -35.314686 0.000000 0.000000 1.000000 0.000000
0.540880 0.839576 0.000000 71.665129 -0.840220 0.542086 0.000000 -35.527304 0.000000 0.000000 1.000000 0.000000
0.540974 0.839527 0.000000 71.801160 -0.840146 0.542190 0.000000 -35.739418 0.000000 0.000000 1.000000 0.000000
0.541109 0.839474 0.000000 71.939537 -0.840087 0.542290 0.000000 -35.954546 0.000000 0.000000 1.000000 0.000000
0.541165 0.839487 0.000000 72.069210 -0.840097 0.542291 0.000000 -36.157331 0.000000 0.000000 1.000000 0.000000
0.541037 0.839596 0.000000 72.197988 -0.840221 0.542118 0.000000 -36.361989 0.000000 0.000000 1.000000 0.000000
0.541376 0.839416 0.000000 72.314197 -0.840033 0.542418 0.000000 -36.545421 0.000000 0.000000 1.000000 0.000000
0.541917 0.839154 0.000000 72.550790 -0.839709 0.542913 0.000000 -36.921654 0.000000 0.000000 1.000000 0.000000
0.541960 0.839148 0.000000 72.677802 -0.839678 0.542954 0.000000 -37.122085 0.000000 0.000000 1.000000 0.000000
0.542727 0.838655 0.000000 72.800651 -0.839174 0.543728 0.000000 -37.315387 0.000000 0.000000 1.000000 0.000000
0.542770 0.838626 0.000000 72.912168 -0.839152 0.543766 0.000000 -37.491099 0.000000 0.000000 1.000000 0.000000
0.542901 0.838516 0.000000 73.032292 -0.839067 0.543903 0.000000 -37.679919 0.000000 0.000000 1.000000 0.000000
0.543288 0.838202 0.000000 73.146657 -0.838793 0.544327 0.000000 -37.859291 0.000000 0.000000 1.000000 0.000000
0.543923 0.837702 0.000000 73.270642 -0.838347 0.545016 0.000000 -38.053610 0.000000 0.000000 1.000000 0.000000
0.545595 0.836611 0.000000 73.467861 -0.837210 0.546733 0.000000 -38.362870 0.000000 0.000000 1.000000 0.000000
0.546756 0.835854 0.000000 73.582030 -0.836408 0.547932 0.000000 -38.540390 0.000000 0.000000 1.000000 0.000000
0.547972 0.835078 0.000000 73.693880 -0.835570 0.549176 0.000000 -38.714841 0.000000 0.000000 1.000000 0.000000
0.549843 0.833938 0.000000 73.803708 -0.834356 0.551004 0.000000 -38.884470 0.000000 0.000000 1.000000 0.000000
0.552036 0.832565 0.000000 73.911780 -0.832966 0.553122 0.000000 -39.050419 0.000000 0.000000 1.000000 0.000000
0.553897 0.831324 0.000000 74.022171 -0.831773 0.554948 0.000000 -39.219438 0.000000 0.000000 1.000000 0.000000
0.559347 0.827610 0.000000 74.253022 -0.828123 0.560406 0.000000 -39.571486 0.000000 0.000000 1.000000 0.000000
0.561945 0.825828 0.000000 74.351232 -0.826386 0.562986 0.000000 -39.719601 0.000000 0.000000 1.000000 0.000000
0.564951 0.823849 0.000000 74.451486 -0.824392 0.565919 0.000000 -39.869099 0.000000 0.000000 1.000000 0.000000
0.570969 0.819776 0.000000 74.629377 -0.820298 0.571855 0.000000 -40.129420 0.000000 0.000000 1.000000 0.000000
0.579992 0.813535 0.000000 74.861455 -0.813939 0.580847 0.000000 -40.462508 0.000000 0.000000 1.000000 0.000000
0.586027 0.809213 0.000000 75.002531 -0.809626 0.586856 0.000000 -40.660123 0.000000 0.000000 1.000000 0.000000
0.590355 0.806067 0.000000 75.094370 -0.806488 0.591169 0.000000 -40.788759 0.000000 0.000000 1.000000 0.000000
0.599069 0.799626 0.000000 75.269966 -0.799996 0.599907 0.000000 -41.028437 0.000000 0.000000 1.000000 0.000000
0.603403 0.796370 0.000000 75.354057 -0.796700 0.604261 0.000000 -41.139910 0.000000 0.000000 1.000000 0.000000
0.607767 0.793072 0.000000 75.435882 -0.793360 0.608626 0.000000 -41.248203 0.000000 0.000000 1.000000 0.000000
0.612214 0.789687 0.000000 75.520968 -0.789938 0.613054 0.000000 -41.360422 0.000000 0.000000 1.000000 0.000000
0.617714 0.785445 0.000000 75.642905 -0.785674 0.618514 0.000000 -41.520011 0.000000 0.000000 1.000000 0.000000
0.624236 0.780316 0.000000 75.783141 -0.780541 0.624992 0.000000 -41.700723 0.000000 0.000000 1.000000 0.000000
0.628112 0.777229 0.000000 75.856480 -0.777431 0.628853 0.000000 -41.793395 0.000000 0.000000 1.000000 0.000000
0.631788 0.774275 0.000000 75.930945 -0.774455 0.632511 0.000000 -41.886538 0.000000 0.000000 1.000000 0.000000
0.635256 0.771461 0.000000 76.005269 -0.771623 0.635962 0.000000 -41.979410 0.000000 0.000000 1.000000 0.000000
0.639083 0.768333 0.000000 76.082819 -0.768477 0.639761 0.000000 -42.075719 0.000000 0.000000 1.000000 0.000000
0.642721 0.765337 0.000000 76.153377 -0.765468 0.643364 0.000000 -42.162328 0.000000 0.000000 1.000000 0.000000
0.648609 0.760415 0.000000 76.287078 -0.760536 0.649198 0.000000 -42.325036 0.000000 0.000000 1.000000 0.000000
0.650714 0.758639 0.000000 76.343813 -0.758750 0.651285 0.000000 -42.393608 0.000000 0.000000 1.000000 0.000000
0.653128 0.756577 0.000000 76.395443 -0.756693 0.653681 0.000000 -42.455887 0.000000 0.000000 1.000000 0.000000
0.655541 0.754507 0.000000 76.441378 -0.754632 0.656070 0.000000 -42.510844 0.000000 0.000000 1.000000 0.000000
0.657776 0.752578 0.000000 76.486669 -0.752707 0.658285 0.000000 -42.564885 0.000000 0.000000 1.000000 0.000000
0.659331 0.751216 0.000000 76.526479 -0.751360 0.659830 0.000000 -42.612857 0.000000 0.000000 1.000000 0.000000
0.660498 0.750175 0.000000 76.562205 -0.750343 0.660996 0.000000 -42.655226 0.000000 0.000000 1.000000 0.000000
0.662833 0.748088 0.000000 76.616619 -0.748290 0.663330 0.000000 -42.719037 0.000000 0.000000 1.000000 0.000000
0.664355 0.746721 0.000000 76.646131 -0.746932 0.664860 0.000000 -42.754040 0.000000 0.000000 1.000000 0.000000
0.665738 0.745490 0.000000 76.675775 -0.745696 0.666244 0.000000 -42.788767 0.000000 0.000000 1.000000 0.000000
0.666833 0.744523 0.000000 76.701320 -0.744719 0.667335 0.000000 -42.818492 0.000000 0.000000 1.000000 0.000000
0.667968 0.743508 0.000000 76.726504 -0.743700 0.668469 0.000000 -42.847841 0.000000 0.000000 1.000000 0.000000
0.668976 0.742593 0.000000 76.744918 -0.742785 0.669485 0.000000 -42.869289 0.000000 0.000000 1.000000 0.000000
0.670035 0.741633 0.000000 76.762080 -0.741825 0.670548 0.000000 -42.889394 0.000000 0.000000 1.000000 0.000000
0.670833 0.740911 0.000000 76.777850 -0.741104 0.671345 0.000000 -42.907887 0.000000 0.000000 1.000000 0.000000
0.671277 0.740507 0.000000 76.794713 -0.740699 0.671792 0.000000 -42.928052 0.000000 0.000000 1.000000 0.000000
0.671526 0.740281 0.000000 76.801660 -0.740470 0.672043 0.000000 -42.936715 0.000000 0.000000 1.000000 0.000000
0.672120 0.739742 0.000000 76.815632 -0.739925 0.672640 0.000000 -42.953876 0.000000 0.000000 1.000000 0.000000
0.672145 0.739716 0.000000 76.821019 -0.739893 0.672672 0.000000 -42.960711 0.000000 0.000000 1.000000 0.000000
0.671914 0.739913 0.000000 76.823012 -0.740087 0.672455 0.000000 -42.963895 0.000000 0.000000 1.000000 0.000000
0.671805 0.739983 0.000000 76.822387 -0.740155 0.672373 0.000000 -42.964070 0.000000 0.000000 1.000000 0.000000
0.671955 0.739814 0.000000 76.820925 -0.739972 0.672562 0.000000 -42.963169 0.000000 0.000000 1.000000 0.000000
0.672202 0.739573 0.000000 76.818713 -0.739709 0.672836 0.000000 -42.961571 0.000000 0.000000 1.000000 0.000000
0.672262 0.739517 0.000000 76.816502 -0.739642 0.672904 0.000000 -42.959973 0.000000 0.000000 1.000000 0.000000
0.672204 0.739577 0.000000 76.814652 -0.739704 0.672838 0.000000 -42.958751 0.000000 0.000000 1.000000 0.000000
0.672277 0.739517 0.000000 76.812996 -0.739650 0.672902 0.000000 -42.957689 0.000000 0.000000 1.000000 0.000000
0.672489 0.739317 0.000000 76.811701 -0.739461 0.673114 0.000000 -42.957002 0.000000 0.000000 1.000000 0.000000
0.672584 0.739216 0.000000 76.810600 -0.739379 0.673211 0.000000 -42.956476 0.000000 0.000000 1.000000 0.000000
0.672658 0.739142 0.000000 76.809667 -0.739314 0.673286 0.000000 -42.956165 0.000000 0.000000 1.000000 0.000000
0.672762 0.739040 0.000000 76.808927 -0.739217 0.673393 0.000000 -42.956015 0.000000 0.000000 1.000000 0.000000
0.672848 0.738952 0.000000 76.807862 -0.739127 0.673489 0.000000 -42.955979 0.000000 0.000000 1.000000 0.000000
0.672917 0.738912 0.000000 76.807290 -0.739065 0.673551 0.000000 -42.956044 0.000000 0.000000 1.000000 0.000000
0.672991 0.738858 0.000000 76.806938 -0.738997 0.673621 0.000000 -42.956214 0.000000 0.000000 1.000000 0.000000
0.673006 0.738848 0.000000 76.806366 -0.738981 0.673636 0.000000 -42.956279 0.000000 0.000000 1.000000 0.000000
0.673044 0.738808 0.000000 76.805988 -0.738944 0.673677 0.000000 -42.956504 0.000000 0.000000 1.000000 0.000000
0.673109 0.738739 0.000000 76.805636 -0.738885 0.673745 0.000000 -42.956674 0.000000 0.000000 1.000000 0.000000
0.673162 0.738686 0.000000 76.805284 -0.738838 0.673799 0.000000 -42.956844 0.000000 0.000000 1.000000 0.000000
0.673205 0.738649 0.000000 76.805126 -0.738798 0.673842 0.000000 -42.957174 0.000000 0.000000 1.000000 0.000000
0.673235 0.738627 0.000000 76.804774 -0.738769 0.673871 0.000000 -42.957344 0.000000 0.000000 1.000000 0.000000
0.673292 0.738582 0.000000 76.804123 -0.738717 0.673926 0.000000 -42.957574 0.000000 0.000000 1.000000 0.000000
0.673299 0.738573 0.000000 76.804018 -0.738708 0.673935 0.000000 -42.957795 0.000000 0.000000 1.000000 0.000000
0.673309 0.738557 0.000000 76.803666 -0.738699 0.673947 0.000000 -42.957965 0.000000 0.000000 1.000000 0.000000
0.673370 0.738498 0.000000 76.803314 -0.738644 0.674009 0.000000 -42.958135 0.000000 0.000000 1.000000 0.000000
0.673414 0.738462 0.000000 76.803208 -0.738606 0.674051 0.000000 -42.958355 0.000000 0.000000 1.000000 0.000000
0.673385 0.738490 0.000000 76.802883 -0.738630 0.674022 0.000000 -42.958470 0.000000 0.000000 1.000000 0.000000
0.673373 0.738507 0.000000 76.802751 -0.738642 0.674008 0.000000 -42.958745 0.000000 0.000000 1.000000 0.000000
0.673415 0.738470 0.000000 76.802426 -0.738602 0.674050 0.000000 -42.958860 0.000000 0.000000 1.000000 0.000000
0.673432 0.738454 0.000000 76.802100 -0.738590 0.674065 0.000000 -42.958975 0.000000 0.000000 1.000000 0.000000
0.673442 0.738445 0.000000 76.802021 -0.738583 0.674074 0.000000 -42.959140 0.000000 0.000000 1.000000 0.000000
0.673450 0.738435 0.000000 76.801695 -0.738575 0.674084 0.000000 -42.959255 0.000000 0.000000 1.000000 0.000000
0.673457 0.738427 0.000000 76.801590 -0.738567 0.674092 0.000000 -42.959475 0.000000 0.000000 1.000000 0.000000
0.673466 0.738421 0.000000 76.801485 -0.738557 0.674102 0.000000 -42.959695 0.000000 0.000000 1.000000 0.000000
0.673473 0.738418 0.000000 76.801186 -0.738551 0.674107 0.000000 -42.959755 0.000000 0.000000 1.000000 0.000000
0.673477 0.738416 0.000000 76.801107 -0.738548 0.674110 0.000000 -42.959921 0.000000 0.000000 1.000000 0.000000
0.673455 0.738432 0.000000 76.800755 -0.738565 0.674091 0.000000 -42.960091 0.000000 0.000000 1.000000 0.000000
0.673440 0.738438 0.000000 76.800676 -0.738573 0.674082 0.000000 -42.960256 0.000000 0.000000 1.000000 0.000000
0.673457 0.738421 0.000000 76.800570 -0.738555 0.674101 0.000000 -42.960476 0.000000 0.000000 1.000000 0.000000
0.673471 0.738409 0.000000 76.800271 -0.738539 0.674116 0.000000 -42.960536 0.000000 0.000000 1.000000 0.000000
0.673553 0.738337 0.000000 76.800192 -0.738463 0.674198 0.000000 -42.960701 0.000000 0.000000 1.000000 0.000000
0.673597 0.738300 0.000000 76.799919 -0.738425 0.674240 0.000000 -42.960706 0.000000 0.000000 1.000000 0.000000
0.673679 0.738225 0.000000 76.799840 -0.738348 0.674323 0.000000 -42.960871 0.000000 0.000000 1.000000 0.000000
0.673786 0.738126 0.000000 76.799567 -0.738248 0.674431 0.000000 -42.960876 0.000000 0.000000 1.000000 0.000000
0.673992 0.737937 0.000000 76.799268 -0.738057 0.674639 0.000000 -42.960936 0.000000 0.000000 1.000000 0.000000
0.674163 0.737786 0.000000 76.798995 -0.737904 0.674807 0.000000 -42.960941 0.000000 0.000000 1.000000 0.000000
0.674245 0.737728 0.000000 76.798476 -0.737850 0.674872 0.000000 -42.960895 0.000000 0.000000 1.000000 0.000000
0.674286 0.737693 0.000000 76.798229 -0.737818 0.674909 0.000000 -42.960845 0.000000 0.000000 1.000000 0.000000
0.674362 0.737626 0.000000 76.798177 -0.737752 0.674982 0.000000 -42.960955 0.000000 0.000000 1.000000 0.000000
0.674396 0.737595 0.000000 76.797904 -0.737723 0.675015 0.000000 -42.960960 0.000000 0.000000 1.000000 0.000000
0.674250 0.737728 0.000000 76.797578 -0.737857 0.674869 0.000000 -42.961075 0.000000 0.000000 1.000000 0.000000
0.674197 0.737772 0.000000 76.797499 -0.737899 0.674821 0.000000 -42.961240 0.000000 0.000000 1.000000 0.000000
0.674179 0.737786 0.000000 76.797446 -0.737912 0.674806 0.000000 -42.961350 0.000000 0.000000 1.000000 0.000000
0.674107 0.737850 0.000000 76.797341 -0.737978 0.674734 0.000000 -42.961571 0.000000 0.000000 1.000000 0.000000
0.673990 0.737956 0.000000 76.797262 -0.738084 0.674618 0.000000 -42.961736 0.000000 0.000000 1.000000 0.000000
0.673920 0.738018 0.000000 76.797209 -0.738146 0.674550 0.000000 -42.961846 0.000000 0.000000 1.000000 0.000000
0.673913 0.738025 0.000000 76.797351 -0.738152 0.674543 0.000000 -42.962116 0.000000 0.000000 1.000000 0.000000
0.673867 0.738068 0.000000 76.797298 -0.738194 0.674496 0.000000 -42.962226 0.000000 0.000000 1.000000 0.000000
0.673775 0.738153 0.000000 76.797219 -0.738276 0.674405 0.000000 -42.962391 0.000000 0.000000 1.000000 0.000000
0.673724 0.738198 0.000000 76.797166 -0.738321 0.674356 0.000000 -42.962502 0.000000 0.000000 1.000000 0.000000
0.673701 0.738217 0.000000 76.797087 -0.738340 0.674334 0.000000 -42.962667 0.000000 0.000000 1.000000 0.000000
0.673695 0.738220 0.000000 76.797034 -0.738345 0.674329 0.000000 -42.962777 0.000000 0.000000 1.000000 0.000000
0.673695 0.738215 0.000000 76.796982 -0.738340 0.674334 0.000000 -42.962887 0.000000 0.000000 1.000000 0.000000
0.673739 0.738167 0.000000 76.796929 -0.738292 0.674385 0.000000 -42.962997 0.000000 0.000000 1.000000 0.000000
0.673763 0.738142 0.000000 76.796903 -0.738264 0.674413 0.000000 -42.963052 0.000000 0.000000 1.000000 0.000000
0.673797 0.738111 0.000000 76.796850 -0.738230 0.674449 0.000000 -42.963162 0.000000 0.000000 1.000000 0.000000
0.673835 0.738074 0.000000 76.796604 -0.738193 0.674489 0.000000 -42.963112 0.000000 0.000000 1.000000 0.000000
0.673903 0.738009 0.000000 76.796577 -0.738126 0.674561 0.000000 -42.963167 0.000000 0.000000 1.000000 0.000000
0.674157 0.737778 0.000000 76.796304 -0.737893 0.674815 0.000000 -42.963172 0.000000 0.000000 1.000000 0.000000
0.674423 0.737547 0.000000 76.795864 -0.737660 0.675071 0.000000 -42.962961 0.000000 0.000000 1.000000 0.000000
0.674530 0.737460 0.000000 76.795838 -0.737573 0.675168 0.000000 -42.963016 0.000000 0.000000 1.000000 0.000000
0.674637 0.737364 0.000000 76.795617 -0.737483 0.675271 0.000000 -42.962911 0.000000 0.000000 1.000000 0.000000
0.674742 0.737273 0.000000 76.795397 -0.737394 0.675370 0.000000 -42.962806 0.000000 0.000000 1.000000 0.000000
0.674919 0.737106 0.000000 76.795873 -0.737227 0.675551 0.000000 -42.963507 0.000000 0.000000 1.000000 0.000000
0.675143 0.736889 0.000000 76.797266 -0.737009 0.675786 0.000000 -42.965119 0.000000 0.000000 1.000000 0.000000
0.675620 0.736447 0.000000 76.797319 -0.736564 0.676268 0.000000 -42.965009 0.000000 0.000000 1.000000 0.000000
0.676077 0.736031 0.000000 76.798094 -0.736143 0.676725 0.000000 -42.965650 0.000000 0.000000 1.000000 0.000000
0.676492 0.735642 0.000000 76.799733 -0.735757 0.677145 0.000000 -42.967313 0.000000 0.000000 1.000000 0.000000
0.677045 0.735129 0.000000 76.803321 -0.735242 0.677702 0.000000 -42.971124 0.000000 0.000000 1.000000 0.000000
0.677761 0.734471 0.000000 76.809076 -0.734581 0.678418 0.000000 -42.977188 0.000000 0.000000 1.000000 0.000000
0.678597 0.733696 0.000000 76.817114 -0.733807 0.679255 0.000000 -42.985832 0.000000 0.000000 1.000000 0.000000
0.679417 0.732938 0.000000 76.827681 -0.733046 0.680076 0.000000 -42.997104 0.000000 0.000000 1.000000 0.000000
0.680156 0.732257 0.000000 76.838275 -0.732361 0.680813 0.000000 -43.008322 0.000000 0.000000 1.000000 0.000000
0.680963 0.731510 0.000000 76.850095 -0.731616 0.681616 0.000000 -43.020936 0.000000 0.000000 1.000000 0.000000
0.681672 0.730860 0.000000 76.861940 -0.730970 0.682312 0.000000 -43.033496 0.000000 0.000000 1.000000 0.000000
0.682524 0.730071 0.000000 76.874508 -0.730186 0.683156 0.000000 -43.046806 0.000000 0.000000 1.000000 0.000000
0.684232 0.728477 0.000000 76.899671 -0.728603 0.684852 0.000000 -43.073373 0.000000 0.000000 1.000000 0.000000
0.685139 0.727626 0.000000 76.914072 -0.727754 0.685755 0.000000 -43.088506 0.000000 0.000000 1.000000 0.000000
0.685946 0.726869 0.000000 76.928086 -0.726998 0.686559 0.000000 -43.103319 0.000000 0.000000 1.000000 0.000000
0.686691 0.726173 0.000000 76.943068 -0.726300 0.687297 0.000000 -43.118933 0.000000 0.000000 1.000000 0.000000
0.687256 0.725649 0.000000 76.954438 -0.725779 0.687852 0.000000 -43.130792 0.000000 0.000000 1.000000 0.000000
0.687841 0.725102 0.000000 76.966723 -0.725239 0.688425 0.000000 -43.143562 0.000000 0.000000 1.000000 0.000000
0.688364 0.724611 0.000000 76.978093 -0.724755 0.688940 0.000000 -43.155420 0.000000 0.000000 1.000000 0.000000
0.688818 0.724179 0.000000 76.989630 -0.724329 0.689390 0.000000 -43.167494 0.000000 0.000000 1.000000 0.000000
0.689149 0.723862 0.000000 77.000496 -0.724013 0.689722 0.000000 -43.178707 0.000000 0.000000 1.000000 0.000000
0.689520 0.723507 0.000000 77.010605 -0.723658 0.690095 0.000000 -43.188678 0.000000 0.000000 1.000000 0.000000
0.690007 0.723041 0.000000 77.025181 -0.723192 0.690583 0.000000 -43.202880 0.000000 0.000000 1.000000 0.000000
0.690230 0.722825 0.000000 77.032231 -0.722975 0.690809 0.000000 -43.209631 0.000000 0.000000 1.000000 0.000000
0.690359 0.722704 0.000000 77.038946 -0.722854 0.690936 0.000000 -43.215951 0.000000 0.000000 1.000000 0.000000
0.690315 0.722746 0.000000 77.042021 -0.722898 0.690891 0.000000 -43.218570 0.000000 0.000000 1.000000 0.000000
0.690236 0.722819 0.000000 77.042981 -0.722973 0.690813 0.000000 -43.218826 0.000000 0.000000 1.000000 0.000000
0.690201 0.722847 0.000000 77.042830 -0.723002 0.690782 0.000000 -43.218010 0.000000 0.000000 1.000000 0.000000
0.690235 0.722803 0.000000 77.042292 -0.722960 0.690825 0.000000 -43.216874 0.000000 0.000000 1.000000 0.000000
0.690316 0.722717 0.000000 77.041586 -0.722871 0.690916 0.000000 -43.215522 0.000000 0.000000 1.000000 0.000000
0.690374 0.722659 0.000000 77.040854 -0.722807 0.690979 0.000000 -43.214225 0.000000 0.000000 1.000000 0.000000
0.690430 0.722608 0.000000 77.040315 -0.722753 0.691035 0.000000 -43.213089 0.000000 0.000000 1.000000 0.000000
0.690503 0.722542 0.000000 77.039945 -0.722686 0.691105 0.000000 -43.212167 0.000000 0.000000 1.000000 0.000000
0.690616 0.722432 0.000000 77.039564 -0.722580 0.691218 0.000000 -43.210701 0.000000 0.000000 1.000000 0.000000
0.690698 0.722352 0.000000 77.039335 -0.722502 0.691300 0.000000 -43.210050 0.000000 0.000000 1.000000 0.000000
0.690739 0.722309 0.000000 77.039493 -0.722458 0.691345 0.000000 -43.209719 0.000000 0.000000 1.000000 0.000000
0.690778 0.722272 0.000000 77.039457 -0.722419 0.691384 0.000000 -43.209229 0.000000 0.000000 1.000000 0.000000
0.690828 0.722228 0.000000 77.039615 -0.722373 0.691432 0.000000 -43.208899 0.000000 0.000000 1.000000 0.000000
0.690866 0.722196 0.000000 77.039747 -0.722342 0.691466 0.000000 -43.208623 0.000000 0.000000 1.000000 0.000000
0.690897 0.722161 0.000000 77.039878 -0.722308 0.691501 0.000000 -43.208348 0.000000 0.000000 1.000000 0.000000
