0.999997 0.002551 0.000000 0.579446 -0.002551 0.999997 0.000000 -0.014574 0.000000 0.000000 1.000000 0.000000
0.999998 0.002114 0.000000 1.131667 -0.002114 0.999998 0.000000 -0.009019 0.000000 0.000000 1.000000 0.000000
0.999996 0.002761 0.000000 1.720176 -0.002761 0.999996 0.000000 -0.022856 0.000000 0.000000 1.000000 0.000000
0.999998 0.001949 0.000000 2.298381 -0.001949 0.999998 0.000000 -0.029303 0.000000 0.000000 1.000000 0.000000
0.999983 0.005831 0.000000 2.844125 -0.005831 0.999983 0.000000 -0.040804 0.000000 0.000000 1.000000 0.000000
0.999942 0.010751 0.000000 3.430737 -0.010751 0.999942 0.000000 -0.041153 0.000000 0.000000 1.000000 0.000000
0.999855 0.017024 0.000000 4.561483 -0.017024 0.999855 0.000000 -0.075140 0.000000 0.000000 1.000000 0.000000
0.999859 0.016778 0.000000 5.147792 -0.016778 0.999859 0.000000 -0.097987 0.000000 0.000000 1.000000 0.000000
0.999820 0.018969 0.000000 5.955096 -0.018969 0.999820 0.000000 -0.109568 0.000000 0.000000 1.000000 0.000000
0.999807 0.019652 0.000000 6.532520 -0.019652 0.999807 0.000000 -0.118586 0.000000 0.000000 1.000000 0.000000
0.999791 0.020446 0.000000 7.118057 -0.020446 0.999791 0.000000 -0.135656 0.000000 0.000000 1.000000 0.000000
0.999773 0.021311 0.000000 7.704997 -0.021311 0.999773 0.000000 -0.142391 0.000000 0.000000 1.000000 0.000000
0.999750 0.022361 0.000000 8.245803 -0.022361 0.999750 0.000000 -0.166437 0.000000 0.000000 1.000000 0.000000
0.999682 0.025223 0.000000 8.834661 -0.025223 0.999682 0.000000 -0.197220 0.000000 0.000000 1.000000 0.000000
0.999642 0.026744 0.000000 9.377860 -0.026744 0.999642 0.000000 -0.243637 0.000000 0.000000 1.000000 0.000000
0.999638 0.026897 0.000000 9.958919 -0.026897 0.999638 0.000000 -0.266314 0.000000 0.000000 1.000000 0.000000
0.999593 0.028534 0.000000 10.516004 -0.028534 0.999593 0.000000 -0.275181 0.000000 0.000000 1.000000 0.000000
0.999601 0.028259 0.000000 11.082637 -0.028259 0.999601 0.000000 -0.303541 0.000000 0.000000 1.000000 0.000000
0.999548 0.030062 0.000000 11.655297 -0.030062 0.999548 0.000000 -0.330992 0.000000 0.000000 1.000000 0.000000
0.999467 0.032654 0.000000 12.410894 -0.032654 0.999467 0.000000 -0.377088 0.000000 0.000000 1.000000 0.000000
0.999420 0.034044 0.000000 13.020017 -0.034044 0.999420 0.000000 -0.396685 0.000000 0.000000 1.000000 0.000000
0.999400 0.034642 0.000000 13.561948 -0.034642 0.999400 0.000000 -0.418189 0.000000 0.000000 1.000000 0.000000
0.999319 0.036900 0.000000 14.190513 -0.036900 0.999319 0.000000 -0.436322 0.000000 0.000000 1.000000 0.000000
0.999185 0.040363 0.000000 14.761932 -0.040363 0.999185 0.000000 -0.448549 0.000000 0.000000 1.000000 0.000000
0.999154 0.041117 0.000000 15.332914 -0.041117 0.999154 0.000000 -0.479412 0.000000 0.000000 1.000000 0.000000
0.998997 0.044766 0.000000 15.910564 -0.044766 0.998997 0.000000 -0.503720 0.000000 0.000000 1.000000 0.000000
0.998943 0.045961 0.000000 16.489187 -0.045961 0.998943 0.000000 -0.534416 0.000000 0.000000 1.000000 0.000000
0.998888 0.047140 0.000000 17.072857 -0.047140 0.998888 0.000000 -0.551803 0.000000 0.000000 1.000000 0.000000
0.998842 0.048119 0.000000 17.644941 -0.048119 0.998842 0.000000 -0.590468 0.000000 0.000000 1.000000 0.000000
0.998716 0.050661 0.000000 18.227809 -0.050661 0.998716 0.000000 -0.608554 0.000000 0.000000 1.000000 0.000000
0.998572 0.053417 0.000000 18.803971 -0.053417 0.998572 0.000000 -0.639531 0.000000 0.000000 1.000000 0.000000
0.998543 0.053965 0.000000 19.362140 -0.053965 0.998543 0.000000 -0.675956 0.000000 0.000000 1.000000 0.000000
0.998390 0.056724 0.000000 19.933639 -0.056724 0.998390 0.000000 -0.704243 0.000000 0.000000 1.000000 0.000000
0.998295 0.058371 0.000000 21.023969 -0.058371 0.998295 0.000000 -0.766262 0.000000 0.000000 1.000000 0.000000
0.998377 0.056953 0.000000 21.959957 -0.056953 0.998377 0.000000 -0.835430 0.000000 0.000000 1.000000 0.000000
0.998476 0.055180 0.000000 22.521836 -0.055180 0.998476 0.000000 -0.892774 0.000000 0.000000 1.000000 0.000000
0.998390 0.056723 0.000000 23.091347 -0.056723 0.998390 0.000000 -0.935308 0.000000 0.000000 1.000000 0.000000
0.998267 0.058855 0.000000 23.656615 -0.058855 0.998267 0.000000 -0.980847 0.000000 0.000000 1.000000 0.000000
0.998266 0.058869 0.000000 24.213624 -0.058869 0.998266 0.000000 -1.035266 0.000000 0.000000 1.000000 0.000000
0.998268 0.058830 0.000000 24.815078 -0.058830 0.998268 0.000000 -1.093471 0.000000 0.000000 1.000000 0.000000
0.997673 0.068187 0.000000 25.386461 -0.068187 0.997673 0.000000 -1.138701 0.000000 0.000000 1.000000 0.000000
0.996659 0.081679 0.000000 26.504169 -0.081679 0.996659 0.000000 -1.227802 0.000000 0.000000 1.000000 0.000000
0.996762 0.080402 0.000000 27.057299 -0.080402 0.996762 0.000000 -1.296457 0.000000 0.000000 1.000000 0.000000
0.996622 0.082123 0.000000 27.624563 -0.082123 0.996622 0.000000 -1.356436 0.000000 0.000000 1.000000 0.000000
0.996717 0.080961 0.000000 28.154995 -0.080961 0.996717 0.000000 -1.424335 0.000000 0.000000 1.000000 0.000000
0.996859 0.079195 0.000000 28.716203 -0.079195 0.996859 0.000000 -1.492173 0.000000 0.000000 1.000000 0.000000
0.996350 0.085360 0.000000 29.614445 -0.085360 0.996350 0.000000 -1.572232 0.000000 0.000000 1.000000 0.000000
0.996364 0.085200 0.000000 30.202177 -0.085200 0.996364 0.000000 -1.640215 0.000000 0.000000 1.000000 0.000000
0.996143 0.087743 0.000000 30.753702 -0.087743 0.996143 0.000000 -1.696513 0.000000 0.000000 1.000000 0.000000
0.996108 0.088144 0.000000 31.310832 -0.088144 0.996108 0.000000 -1.743389 0.000000 0.000000 1.000000 0.000000
0.996003 0.089319 0.000000 31.881882 -0.089319 0.996003 0.000000 -1.807406 0.000000 0.000000 1.000000 0.000000
0.995893 0.090540 0.000000 32.443030 -0.090540 0.995893 0.000000 -1.872000 0.000000 0.000000 1.000000 0.000000
0.995702 0.092616 0.000000 32.996674 -0.092616 0.995702 0.000000 -1.922003 0.000000 0.000000 1.000000 0.000000
0.995791 0.091649 0.000000 33.571245 -0.091649 0.995791 0.000000 -1.983907 0.000000 0.000000 1.000000 0.000000
0.995711 0.092518 0.000000 34.126899 -0.092518 0.995711 0.000000 -2.045082 0.000000 0.000000 1.000000 0.000000
0.995629 0.093399 0.000000 34.648024 -0.093399 0.995629 0.000000 -2.108520 0.000000 0.000000 1.000000 0.000000
0.995385 0.095965 0.000000 35.588631 -0.095965 0.995385 0.000000 -2.208592 0.000000 0.000000 1.000000 0.000000
0.994948 0.100387 0.000000 36.144498 -0.100387 0.994948 0.000000 -2.285029 0.000000 0.000000 1.000000 0.000000
0.994800 0.101847 0.000000 36.702049 -0.101847 0.994800 0.000000 -2.339157 0.000000 0.000000 1.000000 0.000000
0.994719 0.102639 0.000000 37.252743 -0.102639 0.994719 0.000000 -2.394387 0.000000 0.000000 1.000000 0.000000
0.994467 0.105053 0.000000 37.809906 -0.105053 0.994467 0.000000 -2.456589 0.000000 0.000000 1.000000 0.000000
0.994396 0.105719 0.000000 38.364306 -0.105719 0.994396 0.000000 -2.524154 0.000000 0.000000 1.000000 0.000000
0.994293 0.106686 0.000000 38.942416 -0.106686 0.994293 0.000000 -2.603332 0.000000 0.000000 1.000000 0.000000
0.994293 0.106687 0.000000 39.458356 -0.106687 0.994293 0.000000 -2.666674 0.000000 0.000000 1.000000 0.000000
0.994359 0.106072 0.000000 40.002621 -0.106072 0.994359 0.000000 -2.737783 0.000000 0.000000 1.000000 0.000000
0.994468 0.105038 0.000000 40.558837 -0.105038 0.994468 0.000000 -2.811726 0.000000 0.000000 1.000000 0.000000
0.994085 0.108608 0.000000 41.112615 -0.108608 0.994085 0.000000 -2.866957 0.000000 0.000000 1.000000 0.000000
0.993901 0.110277 0.000000 41.626545 -0.110277 0.993901 0.000000 -2.930078 0.000000 0.000000 1.000000 0.000000
0.993769 0.111457 0.000000 42.170331 -0.111457 0.993769 0.000000 -3.010177 0.000000 0.000000 1.000000 0.000000
0.993708 0.112003 0.000000 42.698731 -0.112003 0.993708 0.000000 -3.076289 0.000000 0.000000 1.000000 0.000000
0.993861 0.110633 0.000000 43.647185 -0.110633 0.993861 0.000000 -3.203726 0.000000 0.000000 1.000000 0.000000
0.993848 0.110754 0.000000 44.194808 -0.110754 0.993848 0.000000 -3.288157 0.000000 0.000000 1.000000 0.000000
0.993582 0.113117 0.000000 44.740009 -0.113117 0.993582 0.000000 -3.366301 0.000000 0.000000 1.000000 0.000000
0.993170 0.116674 0.000000 45.832726 -0.116674 0.993170 0.000000 -3.492480 0.000000 0.000000 1.000000 0.000000
0.992777 0.119970 0.000000 46.411808 -0.119970 0.992777 0.000000 -3.569735 0.000000 0.000000 1.000000 0.000000
0.992596 0.121464 0.000000 46.904554 -0.121464 0.992596 0.000000 -3.630533 0.000000 0.000000 1.000000 0.000000
0.992474 0.122459 0.000000 47.937144 -0.122459 0.992474 0.000000 -3.758652 0.000000 0.000000 1.000000 0.000000
0.992427 0.122834 0.000000 48.453902 -0.122834 0.992427 0.000000 -3.824979 0.000000 0.000000 1.000000 0.000000
0.992606 0.121381 0.000000 48.971765 -0.121381 0.992606 0.000000 -3.903774 0.000000 0.000000 1.000000 0.000000
0.992649 0.121027 0.000000 49.463058 -0.121027 0.992649 0.000000 -3.979488 0.000000 0.000000 1.000000 0.000000
0.992379 0.123223 0.000000 50.365717 -0.123223 0.992379 0.000000 -4.093129 0.000000 0.000000 1.000000 0.000000
0.992581 0.121584 0.000000 50.875781 -0.121584 0.992581 0.000000 -4.177700 0.000000 0.000000 1.000000 0.000000
0.992086 0.125562 0.000000 51.374543 -0.125562 0.992086 0.000000 -4.234711 0.000000 0.000000 1.000000 0.000000
0.991354 0.131217 0.000000 51.866521 -0.131217 0.991354 0.000000 -4.303097 0.000000 0.000000 1.000000 0.000000
0.991263 0.131897 0.000000 52.348445 -0.131897 0.991263 0.000000 -4.371694 0.000000 0.000000 1.000000 0.000000
0.991125 0.132936 0.000000 52.823014 -0.132936 0.991125 0.000000 -4.435194 0.000000 0.000000 1.000000 0.000000
0.990775 0.135515 0.000000 53.301477 -0.135515 0.990775 0.000000 -4.489029 0.000000 0.000000 1.000000 0.000000
0.990189 0.139735 0.000000 54.023052 -0.139735 0.990189 0.000000 -4.583742 0.000000 0.000000 1.000000 0.000000
0.990236 0.139404 0.000000 54.452762 -0.139404 0.990236 0.000000 -4.648828 0.000000 0.000000 1.000000 0.000000
0.989998 0.141082 0.000000 54.908153 -0.141082 0.989998 0.000000 -4.721324 0.000000 0.000000 1.000000 0.000000
0.990089 0.140442 0.000000 55.347278 -0.140442 0.990089 0.000000 -4.794880 0.000000 0.000000 1.000000 0.000000
0.989999 0.141078 0.000000 55.770521 -0.141078 0.989999 0.000000 -4.855373 0.000000 0.000000 1.000000 0.000000
0.990484 0.137630 0.000000 56.204084 -0.137630 0.990484 0.000000 -4.926125 0.000000 0.000000 1.000000 0.000000
0.990590 0.136866 0.000000 56.942051 -0.136866 0.990590 0.000000 -5.043718 0.000000 0.000000 1.000000 0.000000
0.990340 0.138662 0.000000 57.324404 -0.138662 0.990340 0.000000 -5.099201 0.000000 0.000000 1.000000 0.000000
0.990192 0.139712 0.000000 57.751343 -0.139712 0.990192 0.000000 -5.164175 0.000000 0.000000 1.000000 0.000000
0.990085 0.140467 0.000000 58.144999 -0.140467 0.990085 0.000000 -5.230954 0.000000 0.000000 1.000000 0.000000
0.990086 0.140465 0.000000 58.536523 -0.140465 0.990086 0.000000 -5.295611 0.000000 0.000000 1.000000 0.000000
0.990067 0.140596 0.000000 58.911818 -0.140596 0.990067 0.000000 -5.347072 0.000000 0.000000 1.000000 0.000000
0.989875 0.141944 0.000000 59.299413 -0.141944 0.989875 0.000000 -5.407269 0.000000 0.000000 1.000000 0.000000
0.989811 0.142389 0.000000 59.679584 -0.142389 0.989811 0.000000 -5.474160 0.000000 0.000000 1.000000 0.000000
0.989597 0.143868 0.000000 60.040341 -0.143868 0.989597 0.000000 -5.517512 0.000000 0.000000 1.000000 0.000000
0.989389 0.145294 0.000000 60.407020 -0.145294 0.989389 0.000000 -5.570423 0.000000 0.000000 1.000000 0.000000
0.988929 0.148391 0.000000 61.089900 -0.148391 0.988929 0.000000 -5.680263 0.000000 0.000000 1.000000 0.000000
0.989076 0.147409 0.000000 61.439450 -0.147409 0.989076 0.000000 -5.732469 0.000000 0.000000 1.000000 0.000000
0.989155 0.146874 0.000000 61.748520 -0.146874 0.989155 0.000000 -5.783437 0.000000 0.000000 1.000000 0.000000
0.989126 0.147073 0.000000 62.080403 -0.147073 0.989126 0.000000 -5.848651 0.000000 0.000000 1.000000 0.000000
0.988963 0.148164 0.000000 62.404666 -0.148164 0.988963 0.000000 -5.907064 0.000000 0.000000 1.000000 0.000000
0.988783 0.149361 0.000000 62.716216 -0.149361 0.988783 0.000000 -5.956542 0.000000 0.000000 1.000000 0.000000
0.987844 0.155450 0.000000 63.032805 -0.155450 0.987844 0.000000 -5.995325 0.000000 0.000000 1.000000 0.000000
0.987725 0.156205 0.000000 63.364193 -0.156205 0.987725 0.000000 -6.044622 0.000000 0.000000 1.000000 0.000000
0.988154 0.153465 0.000000 63.881889 -0.153465 0.988154 0.000000 -6.151000 0.000000 0.000000 1.000000 0.000000
0.988265 0.152751 0.000000 64.190602 -0.152751 0.988265 0.000000 -6.206982 0.000000 0.000000 1.000000 0.000000
0.988075 0.153975 0.000000 64.492347 -0.153975 0.988075 0.000000 -6.256152 0.000000 0.000000 1.000000 0.000000
0.987775 0.155886 0.000000 64.814754 -0.155886 0.987775 0.000000 -6.309369 0.000000 0.000000 1.000000 0.000000
0.987704 0.156336 0.000000 65.101914 -0.156336 0.987704 0.000000 -6.374949 0.000000 0.000000 1.000000 0.000000
0.987368 0.158443 0.000000 65.366826 -0.158443 0.987368 0.000000 -6.435985 0.000000 0.000000 1.000000 0.000000
0.987425 0.158086 0.000000 65.660507 -0.158086 0.987425 0.000000 -6.490718 0.000000 0.000000 1.000000 0.000000
0.987525 0.157462 0.000000 65.943662 -0.157462 0.987525 0.000000 -6.541225 0.000000 0.000000 1.000000 0.000000
0.987461 0.157861 0.000000 66.209387 -0.157861 0.987461 0.000000 -6.593239 0.000000 0.000000 1.000000 0.000000
0.986920 0.161212 0.000000 66.675618 -0.161212 0.986920 0.000000 -6.685663 0.000000 0.000000 1.000000 0.000000
0.986655 0.162824 0.000000 66.924135 -0.162824 0.986655 0.000000 -6.736094 0.000000 0.000000 1.000000 0.000000
0.986684 0.162648 0.000000 67.211011 -0.162648 0.986684 0.000000 -6.786661 0.000000 0.000000 1.000000 0.000000
0.986597 0.163177 0.000000 67.470584 -0.163177 0.986597 0.000000 -6.829542 0.000000 0.000000 1.000000 0.000000
0.986461 0.163995 0.000000 67.729477 -0.163995 0.986461 0.000000 -6.875459 0.000000 0.000000 1.000000 0.000000
0.986358 0.164615 0.000000 67.997358 -0.164615 0.986358 0.000000 -6.926202 0.000000 0.000000 1.000000 0.000000
0.986119 0.166039 0.000000 68.256027 -0.166039 0.986119 0.000000 -6.976024 0.000000 0.000000 1.000000 0.000000
0.986019 0.166635 0.000000 68.517944 -0.166635 0.986019 0.000000 -7.026593 0.000000 0.000000 1.000000 0.000000
0.985876 0.167476 0.000000 68.757477 -0.167476 0.985876 0.000000 -7.065895 0.000000 0.000000 1.000000 0.000000
0.985886 0.167419 0.000000 69.023435 -0.167419 0.985886 0.000000 -7.118154 0.000000 0.000000 1.000000 0.000000
0.985740 0.168276 0.000000 69.269731 -0.168276 0.985740 0.000000 -7.161096 0.000000 0.000000 1.000000 0.000000
0.985576 0.169232 0.000000 69.528315 -0.169232 0.985576 0.000000 -7.208381 0.000000 0.000000 1.000000 0.000000
0.985272 0.170995 0.000000 69.953724 -0.170995 0.985272 0.000000 -7.291537 0.000000 0.000000 1.000000 0.000000
0.985011 0.172494 0.000000 70.231183 -0.172494 0.985011 0.000000 -7.351785 0.000000 0.000000 1.000000 0.000000
0.984919 0.173018 0.000000 70.501951 -0.173018 0.984919 0.000000 -7.400023 0.000000 0.000000 1.000000 0.000000
0.984705 0.174227 0.000000 70.771553 -0.174227 0.984705 0.000000 -7.449883 0.000000 0.000000 1.000000 0.000000
0.984679 0.174378 0.000000 71.039684 -0.174378 0.984679 0.000000 -7.505021 0.000000 0.000000 1.000000 0.000000
0.984358 0.176180 0.000000 71.321982 -0.176180 0.984358 0.000000 -7.552251 0.000000 0.000000 1.000000 0.000000
0.984257 0.176744 0.000000 71.583694 -0.176744 0.984257 0.000000 -7.601702 0.000000 0.000000 1.000000 0.000000
0.984312 0.176437 0.000000 71.873180 -0.176437 0.984312 0.000000 -7.662820 0.000000 0.000000 1.000000 0.000000
0.983856 0.178961 0.000000 72.143946 -0.178961 0.983856 0.000000 -7.712315 0.000000 0.000000 1.000000 0.000000
0.983329 0.181835 0.000000 72.399611 -0.181835 0.983329 0.000000 -7.773928 0.000000 0.000000 1.000000 0.000000
0.983244 0.182296 0.000000 72.685483 -0.182296 0.983244 0.000000 -7.831492 0.000000 0.000000 1.000000 0.000000
0.983357 0.181683 0.000000 72.957767 -0.181683 0.983357 0.000000 -7.890376 0.000000 0.000000 1.000000 0.000000
0.982882 0.184236 0.000000 73.736028 -0.184236 0.982882 0.000000 -8.050664 0.000000 0.000000 1.000000 0.000000
0.982168 0.188004 0.000000 74.035546 -0.188004 0.982168 0.000000 -8.094526 0.000000 0.000000 1.000000 0.000000
0.981612 0.190886 0.000000 74.319698 -0.190886 0.981612 0.000000 -8.145337 0.000000 0.000000 1.000000 0.000000
0.981161 0.193193 0.000000 74.613335 -0.193193 0.981161 0.000000 -8.201453 0.000000 0.000000 1.000000 0.000000
0.981557 0.191171 0.000000 74.895847 -0.191171 0.981557 0.000000 -8.258869 0.000000 0.000000 1.000000 0.000000
0.981077 0.193619 0.000000 75.474428 -0.193619 0.981077 0.000000 -8.386690 0.000000 0.000000 1.000000 0.000000
0.981055 0.193731 0.000000 75.768573 -0.193731 0.981055 0.000000 -8.458080 0.000000 0.000000 1.000000 0.000000
0.980770 0.195165 0.000000 76.047820 -0.195165 0.980770 0.000000 -8.521997 0.000000 0.000000 1.000000 0.000000
0.980520 0.196417 0.000000 76.510490 -0.196417 0.980520 0.000000 -8.632572 0.000000 0.000000 1.000000 0.000000
0.979857 0.199702 0.000000 76.819132 -0.199702 0.979857 0.000000 -8.705464 0.000000 0.000000 1.000000 0.000000
0.978725 0.205178 0.000000 77.342195 -0.205178 0.978725 0.000000 -8.820359 0.000000 0.000000 1.000000 0.000000
0.978571 0.205908 0.000000 77.658503 -0.205908 0.978571 0.000000 -8.887930 0.000000 0.000000 1.000000 0.000000
0.978578 0.205874 0.000000 77.986588 -0.205874 0.978578 0.000000 -8.952114 0.000000 0.000000 1.000000 0.000000
0.976928 0.213567 0.000000 78.304590 -0.213567 0.976928 0.000000 -8.998350 0.000000 0.000000 1.000000 0.000000
0.976883 0.213773 0.000000 78.652551 -0.213773 0.976883 0.000000 -9.074333 0.000000 0.000000 1.000000 0.000000
0.976238 0.216703 0.000000 79.215984 -0.216703 0.976238 0.000000 -9.199258 0.000000 0.000000 1.000000 0.000000
0.976878 0.213797 0.000000 79.553744 -0.213797 0.976878 0.000000 -9.263866 0.000000 0.000000 1.000000 0.000000
0.976629 0.214931 0.000000 79.927682 -0.214931 0.976629 0.000000 -9.360836 0.000000 0.000000 1.000000 0.000000
0.976565 0.215223 0.000000 80.278575 -0.215223 0.976565 0.000000 -9.436708 0.000000 0.000000 1.000000 0.000000
0.976447 0.215756 0.000000 80.931653 -0.215756 0.976447 0.000000 -9.588122 0.000000 0.000000 1.000000 0.000000
0.976603 0.215052 0.000000 81.582079 -0.215052 0.976603 0.000000 -9.743834 0.000000 0.000000 1.000000 0.000000
0.977009 0.213197 0.000000 81.960060 -0.213197 0.977009 0.000000 -9.838418 0.000000 0.000000 1.000000 0.000000
0.977285 0.211931 0.000000 82.379255 -0.211931 0.977285 0.000000 -9.933148 0.000000 0.000000 1.000000 0.000000
0.976919 0.213611 0.000000 82.773024 -0.213611 0.976919 0.000000 -10.024223 0.000000 0.000000 1.000000 0.000000
0.977408 0.211362 0.000000 83.202405 -0.211362 0.977408 0.000000 -10.131673 0.000000 0.000000 1.000000 0.000000
0.976932 0.213550 0.000000 83.598859 -0.213550 0.976932 0.000000 -10.228441 0.000000 0.000000 1.000000 0.000000
0.977149 0.212554 0.000000 84.047269 -0.212554 0.977149 0.000000 -10.343313 0.000000 0.000000 1.000000 0.000000
0.978091 0.208178 0.000000 84.728459 -0.208178 0.978091 0.000000 -10.495338 0.000000 0.000000 1.000000 0.000000
0.978182 0.207748 0.000000 85.528317 -0.207748 0.978182 0.000000 -10.672176 0.000000 0.000000 1.000000 0.000000
0.978444 0.206512 0.000000 85.994275 -0.206512 0.978444 0.000000 -10.775098 0.000000 0.000000 1.000000 0.000000
0.977749 0.209780 0.000000 86.469425 -0.209780 0.977749 0.000000 -10.894599 0.000000 0.000000 1.000000 0.000000
0.977645 0.210262 0.000000 86.929154 -0.210262 0.977645 0.000000 -11.015819 0.000000 0.000000 1.000000 0.000000
0.977525 0.210818 0.000000 87.432329 -0.210818 0.977525 0.000000 -11.150011 0.000000 0.000000 1.000000 0.000000
0.977516 0.210863 0.000000 87.876181 -0.210863 0.977516 0.000000 -11.250669 0.000000 0.000000 1.000000 0.000000
0.976081 0.217409 0.000000 88.386676 -0.217409 0.976081 0.000000 -11.351810 0.000000 0.000000 1.000000 0.000000
0.975552 0.219768 0.000000 88.898202 -0.219768 0.975552 0.000000 -11.466442 0.000000 0.000000 1.000000 0.000000
0.974652 0.223725 0.000000 89.415917 -0.223725 0.974652 0.000000 -11.577524 0.000000 0.000000 1.000000 0.000000
0.974130 0.225990 0.000000 89.900700 -0.225990 0.974130 0.000000 -11.676720 0.000000 0.000000 1.000000 0.000000
0.973766 0.227553 0.000000 90.430713 -0.227553 0.973766 0.000000 -11.807227 0.000000 0.000000 1.000000 0.000000
0.972559 0.232658 0.000000 91.377021 -0.232658 0.972559 0.000000 -12.040698 0.000000 0.000000 1.000000 0.000000
0.972639 0.232320 0.000000 91.921223 -0.232320 0.972639 0.000000 -12.171392 0.000000 0.000000 1.000000 0.000000
0.972525 0.232799 0.000000 92.465688 -0.232799 0.972525 0.000000 -12.290547 0.000000 0.000000 1.000000 0.000000
0.971359 0.237616 0.000000 93.007308 -0.237616 0.971359 0.000000 -12.417522 0.000000 0.000000 1.000000 0.000000
0.969984 0.243170 0.000000 93.556010 -0.243170 0.969984 0.000000 -12.555912 0.000000 0.000000 1.000000 0.000000
0.969819 0.243827 0.000000 94.391891 -0.243827 0.969819 0.000000 -12.777831 0.000000 0.000000 1.000000 0.000000
0.969363 0.245634 0.000000 94.912735 -0.245634 0.969363 0.000000 -12.904560 0.000000 0.000000 1.000000 0.000000
0.966572 0.256394 0.000000 96.005526 -0.256394 0.966572 0.000000 -13.196716 0.000000 0.000000 1.000000 0.000000
0.965450 0.260590 0.000000 96.740811 -0.260590 0.965450 0.000000 -13.395438 0.000000 0.000000 1.000000 0.000000
0.964463 0.264217 0.000000 97.320082 -0.264217 0.964463 0.000000 -13.545370 0.000000 0.000000 1.000000 0.000000
0.963136 0.269015 0.000000 97.892936 -0.269015 0.963136 0.000000 -13.722542 0.000000 0.000000 1.000000 0.000000
0.961503 0.274796 0.000000 98.472727 -0.274796 0.961503 0.000000 -13.892422 0.000000 0.000000 1.000000 0.000000
0.961115 0.276147 0.000000 99.066213 -0.276147 0.961115 0.000000 -14.055165 0.000000 0.000000 1.000000 0.000000
0.960849 0.277073 0.000000 99.693165 -0.277073 0.960849 0.000000 -14.220735 0.000000 0.000000 1.000000 0.000000
0.960180 0.279381 0.000000 100.255129 -0.279381 0.960180 0.000000 -14.388546 0.000000 0.000000 1.000000 0.000000
0.959198 0.282735 0.000000 100.832205 -0.282735 0.959198 0.000000 -14.571821 0.000000 0.000000 1.000000 0.000000
0.958703 0.284408 0.000000 101.422376 -0.284408 0.958703 0.000000 -14.753798 0.000000 0.000000 1.000000 0.000000
0.959669 0.281132 0.000000 101.968078 -0.281132 0.959669 0.000000 -14.922347 0.000000 0.000000 1.000000 0.000000
0.960423 0.278546 0.000000 102.569794 -0.278546 0.960423 0.000000 -15.106536 0.000000 0.000000 1.000000 0.000000
0.960343 0.278822 0.000000 103.166336 -0.278822 0.960343 0.000000 -15.281474 0.000000 0.000000 1.000000 0.000000
0.959797 0.280695 0.000000 103.723101 -0.280695 0.959797 0.000000 -15.449253 0.000000 0.000000 1.000000 0.000000
0.959570 0.281469 0.000000 104.790501 -0.281469 0.959570 0.000000 -15.787467 0.000000 0.000000 1.000000 0.000000
0.959237 0.282601 0.000000 105.441692 -0.282601 0.959237 0.000000 -15.997963 0.000000 0.000000 1.000000 0.000000
0.959098 0.283075 0.000000 106.061259 -0.283075 0.959098 0.000000 -16.203780 0.000000 0.000000 1.000000 0.000000
0.958351 0.285592 0.000000 106.669079 -0.285592 0.958351 0.000000 -16.387983 0.000000 0.000000 1.000000 0.000000
0.957435 0.288649 0.000000 107.260012 -0.288649 0.957435 0.000000 -16.572422 0.000000 0.000000 1.000000 0.000000
0.958009 0.286739 0.000000 107.876946 -0.286739 0.958009 0.000000 -16.774709 0.000000 0.000000 1.000000 0.000000
0.957919 0.287038 0.000000 108.458446 -0.287038 0.957919 0.000000 -16.949102 0.000000 0.000000 1.000000 0.000000
0.957908 0.287075 0.000000 109.079351 -0.287075 0.957908 0.000000 -17.141580 0.000000 0.000000 1.000000 0.000000
0.957796 0.287449 0.000000 109.660873 -0.287449 0.957796 0.000000 -17.326861 0.000000 0.000000 1.000000 0.000000
0.956989 0.290124 0.000000 110.281515 -0.290124 0.956989 0.000000 -17.528001 0.000000 0.000000 1.000000 0.000000
0.956315 0.292338 0.000000 110.894118 -0.292338 0.956315 0.000000 -17.732758 0.000000 0.000000 1.000000 0.000000
0.956012 0.293327 0.000000 111.532209 -0.293327 0.956012 0.000000 -17.928825 0.000000 0.000000 1.000000 0.000000
0.956371 0.292154 0.000000 112.316502 -0.292154 0.956371 0.000000 -18.186527 0.000000 0.000000 1.000000 0.000000
0.956379 0.292128 0.000000 112.902661 -0.292128 0.956379 0.000000 -18.362276 0.000000 0.000000 1.000000 0.000000
0.954535 0.298098 0.000000 113.538500 -0.298098 0.954535 0.000000 -18.569173 0.000000 0.000000 1.000000 0.000000
0.955268 0.295741 0.000000 114.532856 -0.295741 0.955268 0.000000 -18.881335 0.000000 0.000000 1.000000 0.000000
0.955173 0.296049 0.000000 115.164514 -0.296049 0.955173 0.000000 -19.104871 0.000000 0.000000 1.000000 0.000000
0.955094 0.296302 0.000000 115.803327 -0.296302 0.955094 0.000000 -19.312597 0.000000 0.000000 1.000000 0.000000
0.954279 0.298918 0.000000 116.446754 -0.298918 0.954279 0.000000 -19.537714 0.000000 0.000000 1.000000 0.000000
0.954261 0.298974 0.000000 117.071946 -0.298974 0.954261 0.000000 -19.752192 0.000000 0.000000 1.000000 0.000000
0.954156 0.299309 0.000000 117.718316 -0.299309 0.954156 0.000000 -19.965476 0.000000 0.000000 1.000000 0.000000
0.954587 0.297932 0.000000 118.306263 -0.297932 0.954587 0.000000 -20.169155 0.000000 0.000000 1.000000 0.000000
0.954649 0.297733 0.000000 119.433346 -0.297733 0.954649 0.000000 -20.545972 0.000000 0.000000 1.000000 0.000000
0.954878 0.296998 0.000000 120.072769 -0.296998 0.954878 0.000000 -20.765293 0.000000 0.000000 1.000000 0.000000
0.955313 0.295595 0.000000 120.720499 -0.295595 0.955313 0.000000 -20.993484 0.000000 0.000000 1.000000 0.000000
0.955509 0.294961 0.000000 121.354078 -0.294961 0.955509 0.000000 -21.208462 0.000000 0.000000 1.000000 0.000000
0.955265 0.295752 0.000000 122.660433 -0.295752 0.955265 0.000000 -21.629502 0.000000 0.000000 1.000000 0.000000
0.955772 0.294109 0.000000 123.254178 -0.294109 0.955772 0.000000 -21.831216 0.000000 0.000000 1.000000 0.000000
0.955137 0.296165 0.000000 123.893996 -0.296165 0.955137 0.000000 -22.044550 0.000000 0.000000 1.000000 0.000000
0.955404 0.295302 0.000000 124.490155 -0.295302 0.955404 0.000000 -22.249362 0.000000 0.000000 1.000000 0.000000
0.955509 0.294961 0.000000 125.087354 -0.294961 0.955509 0.000000 -22.441813 0.000000 0.000000 1.000000 0.000000
0.949576 0.313536 0.000000 129.715068 -0.313536 0.949576 0.000000 -24.022977 0.000000 0.000000 1.000000 0.000000
0.951358 0.308089 0.000000 130.340182 -0.308089 0.951358 0.000000 -24.232597 0.000000 0.000000 1.000000 0.000000
0.951345 0.308129 0.000000 130.934598 -0.308129 0.951345 0.000000 -24.440688 0.000000 0.000000 1.000000 0.000000
0.952966 0.303077 0.000000 131.555968 -0.303077 0.952966 0.000000 -24.657399 0.000000 0.000000 1.000000 0.000000
0.952879 0.303350 0.000000 132.148355 -0.303350 0.952879 0.000000 -24.852786 0.000000 0.000000 1.000000 0.000000
0.954231 0.299070 0.000000 132.770559 -0.299070 0.954231 0.000000 -25.056196 0.000000 0.000000 1.000000 0.000000
0.953047 0.302823 0.000000 133.383804 -0.302823 0.953047 0.000000 -25.273468 0.000000 0.000000 1.000000 0.000000
0.953786 0.300486 0.000000 134.178781 -0.300486 0.953786 0.000000 -25.548732 0.000000 0.000000 1.000000 0.000000
0.953527 0.301309 0.000000 134.799670 -0.301309 0.953527 0.000000 -25.770685 0.000000 0.000000 1.000000 0.000000
0.952463 0.304655 0.000000 135.426706 -0.304655 0.952463 0.000000 -25.959160 0.000000 0.000000 1.000000 0.000000
0.952600 0.304227 0.000000 136.333006 -0.304227 0.952600 0.000000 -26.268060 0.000000 0.000000 1.000000 0.000000
0.952927 0.303199 0.000000 136.956543 -0.303199 0.952927 0.000000 -26.476995 0.000000 0.000000 1.000000 0.000000
0.952985 0.303017 0.000000 137.575929 -0.303017 0.952985 0.000000 -26.686165 0.000000 0.000000 1.000000 0.000000
0.953272 0.302112 0.000000 138.184143 -0.302112 0.953272 0.000000 -26.890594 0.000000 0.000000 1.000000 0.000000
0.953329 0.301935 0.000000 138.791859 -0.301935 0.953329 0.000000 -27.100930 0.000000 0.000000 1.000000 0.000000
0.952960 0.303095 0.000000 139.699939 -0.303095 0.952960 0.000000 -27.401933 0.000000 0.000000 1.000000 0.000000
0.952764 0.303713 0.000000 140.283207 -0.303713 0.952764 0.000000 -27.600972 0.000000 0.000000 1.000000 0.000000
0.952474 0.304620 0.000000 140.893328 -0.304620 0.952474 0.000000 -27.798917 0.000000 0.000000 1.000000 0.000000
0.951949 0.306258 0.000000 141.452290 -0.306258 0.951949 0.000000 -28.004591 0.000000 0.000000 1.000000 0.000000
0.951187 0.308616 0.000000 142.232654 -0.308616 0.951187 0.000000 -28.280234 0.000000 0.000000 1.000000 0.000000
0.950596 0.310432 0.000000 142.823368 -0.310432 0.950596 0.000000 -28.486259 0.000000 0.000000 1.000000 0.000000
0.950321 0.311270 0.000000 143.425195 -0.311270 0.950321 0.000000 -28.691152 0.000000 0.000000 1.000000 0.000000
0.950701 0.310109 0.000000 144.014906 -0.310109 0.950701 0.000000 -28.898912 0.000000 0.000000 1.000000 0.000000
0.951679 0.307093 0.000000 144.613125 -0.307093 0.951679 0.000000 -29.099338 0.000000 0.000000 1.000000 0.000000
0.951607 0.307317 0.000000 145.753411 -0.307317 0.951607 0.000000 -29.502727 0.000000 0.000000 1.000000 0.000000
0.952448 0.304702 0.000000 146.295201 -0.304702 0.952448 0.000000 -29.692634 0.000000 0.000000 1.000000 0.000000
0.950152 0.311788 0.000000 146.869462 -0.311788 0.950152 0.000000 -29.877150 0.000000 0.000000 1.000000 0.000000
0.950747 0.309967 0.000000 147.431193 -0.309967 0.950747 0.000000 -30.090165 0.000000 0.000000 1.000000 0.000000
0.949745 0.313025 0.000000 147.972206 -0.313025 0.949745 0.000000 -30.283754 0.000000 0.000000 1.000000 0.000000
0.950070 0.312037 0.000000 148.544694 -0.312037 0.950070 0.000000 -30.490655 0.000000 0.000000 1.000000 0.000000
0.952003 0.306089 0.000000 149.249467 -0.306089 0.952003 0.000000 -30.747341 0.000000 0.000000 1.000000 0.000000
0.952908 0.303258 0.000000 149.824665 -0.303258 0.952908 0.000000 -30.949862 0.000000 0.000000 1.000000 0.000000
0.953045 0.302829 0.000000 150.348467 -0.302829 0.953045 0.000000 -31.141249 0.000000 0.000000 1.000000 0.000000
0.953080 0.302718 0.000000 150.914495 -0.302718 0.953080 0.000000 -31.337250 0.000000 0.000000 1.000000 0.000000
0.952849 0.303444 0.000000 151.485571 -0.303444 0.952849 0.000000 -31.534846 0.000000 0.000000 1.000000 0.000000
0.952799 0.303603 0.000000 152.007757 -0.303603 0.952799 0.000000 -31.712449 0.000000 0.000000 1.000000 0.000000
0.952484 0.304587 0.000000 152.565202 -0.304587 0.952484 0.000000 -31.902381 0.000000 0.000000 1.000000 0.000000
0.953572 0.301167 0.000000 153.099233 -0.301167 0.953572 0.000000 -32.079098 0.000000 0.000000 1.000000 0.000000
0.953337 0.301909 0.000000 153.665695 -0.301909 0.953337 0.000000 -32.272627 0.000000 0.000000 1.000000 0.000000
0.952737 0.303797 0.000000 154.219845 -0.303797 0.952737 0.000000 -32.460292 0.000000 0.000000 1.000000 0.000000
0.952898 0.303292 0.000000 154.941747 -0.303292 0.952898 0.000000 -32.700886 0.000000 0.000000 1.000000 0.000000
0.952324 0.305088 0.000000 155.465285 -0.305088 0.952324 0.000000 -32.863784 0.000000 0.000000 1.000000 0.000000
0.951846 0.306576 0.000000 156.022027 -0.306576 0.951846 0.000000 -33.047643 0.000000 0.000000 1.000000 0.000000
0.951247 0.308431 0.000000 156.548663 -0.308431 0.951247 0.000000 -33.243542 0.000000 0.000000 1.000000 0.000000
0.951006 0.309172 0.000000 157.099069 -0.309172 0.951006 0.000000 -33.431759 0.000000 0.000000 1.000000 0.000000
0.950951 0.309341 0.000000 157.610117 -0.309341 0.950951 0.000000 -33.603892 0.000000 0.000000 1.000000 0.000000
0.950919 0.309441 0.000000 158.310591 -0.309441 0.950919 0.000000 -33.839251 0.000000 0.000000 1.000000 0.000000
0.950949 0.309347 0.000000 158.818636 -0.309347 0.950949 0.000000 -34.013827 0.000000 0.000000 1.000000 0.000000
0.948677 0.316246 0.000000 159.360223 -0.316246 0.948677 0.000000 -34.215903 0.000000 0.000000 1.000000 0.000000
0.948647 0.316335 0.000000 159.867966 -0.316335 0.948647 0.000000 -34.393505 0.000000 0.000000 1.000000 0.000000
0.948129 0.317886 0.000000 160.417531 -0.317886 0.948129 0.000000 -34.585724 0.000000 0.000000 1.000000 0.000000
0.948180 0.317733 0.000000 160.927319 -0.317733 0.948180 0.000000 -34.754448 0.000000 0.000000 1.000000 0.000000
0.948094 0.317989 0.000000 161.660370 -0.317989 0.948094 0.000000 -35.005105 0.000000 0.000000 1.000000 0.000000
0.948074 0.318049 0.000000 162.212489 -0.318049 0.948074 0.000000 -35.182739 0.000000 0.000000 1.000000 0.000000
0.948954 0.315414 0.000000 162.750787 -0.315414 0.948954 0.000000 -35.374685 0.000000 0.000000 1.000000 0.000000
0.949915 0.312508 0.000000 163.292504 -0.312508 0.949915 0.000000 -35.559177 0.000000 0.000000 1.000000 0.000000
0.950891 0.309526 0.000000 163.837462 -0.309526 0.950891 0.000000 -35.743218 0.000000 0.000000 1.000000 0.000000
0.950096 0.311957 0.000000 164.356020 -0.311957 0.950096 0.000000 -35.940222 0.000000 0.000000 1.000000 0.000000
0.950889 0.309531 0.000000 164.882736 -0.309531 0.950889 0.000000 -36.129555 0.000000 0.000000 1.000000 0.000000
0.952009 0.306069 0.000000 165.389530 -0.306069 0.952009 0.000000 -36.303315 0.000000 0.000000 1.000000 0.000000
0.953167 0.302444 0.000000 165.921690 -0.302444 0.953167 0.000000 -36.483436 0.000000 0.000000 1.000000 0.000000
0.953497 0.301402 0.000000 166.471176 -0.301402 0.953497 0.000000 -36.672135 0.000000 0.000000 1.000000 0.000000
0.953837 0.300325 0.000000 166.971402 -0.300325 0.953837 0.000000 -36.852660 0.000000 0.000000 1.000000 0.000000
0.954310 0.298817 0.000000 167.527111 -0.298817 0.954310 0.000000 -37.042198 0.000000 0.000000 1.000000 0.000000
0.955478 0.295064 0.000000 168.036617 -0.295064 0.955478 0.000000 -37.204705 0.000000 0.000000 1.000000 0.000000
0.956179 0.292784 0.000000 168.578064 -0.292784 0.956179 0.000000 -37.391339 0.000000 0.000000 1.000000 0.000000
0.957833 0.287327 0.000000 169.111056 -0.287327 0.957833 0.000000 -37.582703 0.000000 0.000000 1.000000 0.000000
0.959386 0.282097 0.000000 169.657058 -0.282097 0.959386 0.000000 -37.761569 0.000000 0.000000 1.000000 0.000000
0.960338 0.278840 0.000000 170.172589 -0.278840 0.960338 0.000000 -37.918469 0.000000 0.000000 1.000000 0.000000
0.961748 0.273935 0.000000 170.717445 -0.273935 0.961748 0.000000 -38.087245 0.000000 0.000000 1.000000 0.000000
0.962786 0.270265 0.000000 171.224469 -0.270265 0.962786 0.000000 -38.244634 0.000000 0.000000 1.000000 0.000000
0.964570 0.263828 0.000000 171.765061 -0.263828 0.964570 0.000000 -38.407146 0.000000 0.000000 1.000000 0.000000
0.965999 0.258546 0.000000 172.475013 -0.258546 0.965999 0.000000 -38.612678 0.000000 0.000000 1.000000 0.000000
0.966570 0.256403 0.000000 173.022338 -0.256403 0.966570 0.000000 -38.766126 0.000000 0.000000 1.000000 0.000000
0.967306 0.253612 0.000000 173.511644 -0.253612 0.967306 0.000000 -38.926488 0.000000 0.000000 1.000000 0.000000
0.967087 0.254445 0.000000 174.057976 -0.254445 0.967087 0.000000 -39.092943 0.000000 0.000000 1.000000 0.000000
0.967596 0.252502 0.000000 174.755490 -0.252502 0.967596 0.000000 -39.278340 0.000000 0.000000 1.000000 0.000000
0.968786 0.247897 0.000000 175.849327 -0.247897 0.968786 0.000000 -39.576210 0.000000 0.000000 1.000000 0.000000
0.968826 0.247741 0.000000 176.388441 -0.247741 0.968826 0.000000 -39.732494 0.000000 0.000000 1.000000 0.000000
0.969519 0.245017 0.000000 176.930924 -0.245017 0.969519 0.000000 -39.876967 0.000000 0.000000 1.000000 0.000000
0.969435 0.245348 0.000000 177.460120 -0.245348 0.969435 0.000000 -40.028738 0.000000 0.000000 1.000000 0.000000
0.969823 0.243812 0.000000 178.004141 -0.243812 0.969823 0.000000 -40.173910 0.000000 0.000000 1.000000 0.000000
0.970107 0.242679 0.000000 178.548142 -0.242679 0.970107 0.000000 -40.305483 0.000000 0.000000 1.000000 0.000000
0.969789 0.243943 0.000000 179.104487 -0.243943 0.969789 0.000000 -40.460667 0.000000 0.000000 1.000000 0.000000
0.969947 0.243316 0.000000 179.645257 -0.243316 0.969947 0.000000 -40.602523 0.000000 0.000000 1.000000 0.000000
0.969456 0.245265 0.000000 180.137974 -0.245265 0.969456 0.000000 -40.728464 0.000000 0.000000 1.000000 0.000000
0.968970 0.247178 0.000000 180.628450 -0.247178 0.968970 0.000000 -40.867878 0.000000 0.000000 1.000000 0.000000
0.969021 0.246977 0.000000 181.155749 -0.246977 0.969021 0.000000 -40.998825 0.000000 0.000000 1.000000 0.000000
0.969435 0.245349 0.000000 181.642917 -0.245349 0.969435 0.000000 -41.126750 0.000000 0.000000 1.000000 0.000000
0.970142 0.242540 0.000000 182.166268 -0.242540 0.970142 0.000000 -41.260348 0.000000 0.000000 1.000000 0.000000
0.970605 0.240676 0.000000 182.668252 -0.240676 0.970605 0.000000 -41.382681 0.000000 0.000000 1.000000 0.000000
0.970703 0.240282 0.000000 183.192193 -0.240282 0.970703 0.000000 -41.526127 0.000000 0.000000 1.000000 0.000000
0.970820 0.239809 0.000000 183.682616 -0.239809 0.970820 0.000000 -41.659994 0.000000 0.000000 1.000000 0.000000
0.971813 0.235754 0.000000 184.210548 -0.235754 0.971813 0.000000 -41.801733 0.000000 0.000000 1.000000 0.000000
0.972369 0.233450 0.000000 184.706019 -0.233450 0.972369 0.000000 -41.924113 0.000000 0.000000 1.000000 0.000000
0.972486 0.232959 0.000000 185.230155 -0.232959 0.972486 0.000000 -42.055660 0.000000 0.000000 1.000000 0.000000
0.972570 0.232611 0.000000 185.709945 -0.232611 0.972570 0.000000 -42.178922 0.000000 0.000000 1.000000 0.000000
0.972279 0.233824 0.000000 186.229279 -0.233824 0.972279 0.000000 -42.296093 0.000000 0.000000 1.000000 0.000000
0.973200 0.229959 0.000000 186.874863 -0.229959 0.973200 0.000000 -42.469312 0.000000 0.000000 1.000000 0.000000
0.974236 0.225533 0.000000 187.395096 -0.225533 0.974236 0.000000 -42.596616 0.000000 0.000000 1.000000 0.000000
0.975262 0.221051 0.000000 187.898000 -0.221051 0.975262 0.000000 -42.717470 0.000000 0.000000 1.000000 0.000000
0.975491 0.220041 0.000000 188.373090 -0.220041 0.975491 0.000000 -42.827808 0.000000 0.000000 1.000000 0.000000
0.977062 0.212954 0.000000 189.085278 -0.212954 0.977062 0.000000 -43.002731 0.000000 0.000000 1.000000 0.000000
0.977579 0.210571 0.000000 189.594800 -0.210571 0.977579 0.000000 -43.112182 0.000000 0.000000 1.000000 0.000000
0.978073 0.208263 0.000000 190.103874 -0.208263 0.978073 0.000000 -43.221904 0.000000 0.000000 1.000000 0.000000
0.978651 0.205528 0.000000 190.611625 -0.205528 0.978651 0.000000 -43.339761 0.000000 0.000000 1.000000 0.000000
0.980048 0.198762 0.000000 191.123854 -0.198762 0.980048 0.000000 -43.449703 0.000000 0.000000 1.000000 0.000000
0.982371 0.186942 0.000000 192.139111 -0.186942 0.982371 0.000000 -43.660598 0.000000 0.000000 1.000000 0.000000
0.983602 0.180350 0.000000 192.635122 -0.180350 0.983602 0.000000 -43.745687 0.000000 0.000000 1.000000 0.000000
0.984946 0.172862 0.000000 193.134071 -0.172862 0.984946 0.000000 -43.833688 0.000000 0.000000 1.000000 0.000000
0.986368 0.164556 0.000000 193.598276 -0.164556 0.986368 0.000000 -43.918378 0.000000 0.000000 1.000000 0.000000
0.987547 0.157324 0.000000 194.099098 -0.157324 0.987547 0.000000 -44.000676 0.000000 0.000000 1.000000 0.000000
0.988947 0.148268 0.000000 194.562559 -0.148268 0.988947 0.000000 -44.074595 0.000000 0.000000 1.000000 0.000000
0.991729 0.128349 0.000000 195.506296 -0.128349 0.991729 0.000000 -44.212095 0.000000 0.000000 1.000000 0.000000
0.992894 0.119005 0.000000 195.990392 -0.119005 0.992894 0.000000 -44.276423 0.000000 0.000000 1.000000 0.000000
0.994208 0.107471 0.000000 196.443077 -0.107471 0.994208 0.000000 -44.330864 0.000000 0.000000 1.000000 0.000000
0.995403 0.095779 0.000000 197.123782 -0.095779 0.995403 0.000000 -44.406678 0.000000 0.000000 1.000000 0.000000
0.996417 0.084574 0.000000 197.601073 -0.084574 0.996417 0.000000 -44.458995 0.000000 0.000000 1.000000 0.000000
0.997293 0.073532 0.000000 198.079991 -0.073532 0.997293 0.000000 -44.514622 0.000000 0.000000 1.000000 0.000000
0.998021 0.062877 0.000000 198.519260 -0.062877 0.998021 0.000000 -44.559849 0.000000 0.000000 1.000000 0.000000
0.998564 0.053565 0.000000 198.986268 -0.053565 0.998564 0.000000 -44.594381 0.000000 0.000000 1.000000 0.000000
0.999324 0.036754 0.000000 199.458850 -0.036754 0.999324 0.000000 -44.632329 0.000000 0.000000 1.000000 0.000000
