0.999998 0.001871 0.000000 0.829541 -0.001871 0.999998 0.000000 -0.024400 0.000000 0.000000 1.000000 0.000000
1.000000 0.000311 0.000000 1.410769 -0.000311 1.000000 0.000000 -0.039615 0.000000 0.000000 1.000000 0.000000
0.999998 0.002016 0.000000 2.041679 -0.002016 0.999998 0.000000 -0.042806 0.000000 0.000000 1.000000 0.000000
1.000000 0.000490 0.000000 2.972167 -0.000490 1.000000 0.000000 -0.072480 0.000000 0.000000 1.000000 0.000000
0.999997 -0.002613 0.000000 3.594376 0.002613 0.999997 0.000000 -0.098300 0.000000 0.000000 1.000000 0.000000
0.999994 -0.003393 0.000000 4.222249 0.003393 0.999994 0.000000 -0.114473 0.000000 0.000000 1.000000 0.000000
0.999972 -0.007481 0.000000 4.847283 0.007481 0.999972 0.000000 -0.134462 0.000000 0.000000 1.000000 0.000000
0.999923 -0.012446 0.000000 6.100441 0.012446 0.999923 0.000000 -0.150184 0.000000 0.000000 1.000000 0.000000
0.999904 -0.013877 0.000000 6.731875 0.013877 0.999904 0.000000 -0.162822 0.000000 0.000000 1.000000 0.000000
0.999899 -0.014215 0.000000 7.358330 0.014215 0.999899 0.000000 -0.168456 0.000000 0.000000 1.000000 0.000000
0.999912 -0.013248 0.000000 7.986914 0.013248 0.999912 0.000000 -0.176611 0.000000 0.000000 1.000000 0.000000
0.999887 -0.015027 0.000000 8.653759 0.015027 0.999887 0.000000 -0.183359 0.000000 0.000000 1.000000 0.000000
0.999876 -0.015725 0.000000 9.277123 0.015725 0.999876 0.000000 -0.201081 0.000000 0.000000 1.000000 0.000000
0.999869 -0.016158 0.000000 9.898205 0.016158 0.999869 0.000000 -0.204602 0.000000 0.000000 1.000000 0.000000
0.999838 -0.018020 0.000000 10.516780 0.018020 0.999838 0.000000 -0.216742 0.000000 0.000000 1.000000 0.000000
0.999798 -0.020108 0.000000 11.131530 0.020108 0.999798 0.000000 -0.222231 0.000000 0.000000 1.000000 0.000000
0.999784 -0.020804 0.000000 11.747317 0.020804 0.999784 0.000000 -0.217210 0.000000 0.000000 1.000000 0.000000
0.999797 -0.020132 0.000000 12.370361 0.020132 0.999797 0.000000 -0.213582 0.000000 0.000000 1.000000 0.000000
0.999770 -0.021457 0.000000 12.983931 0.021457 0.999770 0.000000 -0.219818 0.000000 0.000000 1.000000 0.000000
0.999785 -0.020722 0.000000 13.639486 0.020722 0.999785 0.000000 -0.232001 0.000000 0.000000 1.000000 0.000000
0.999759 -0.021968 0.000000 14.225969 0.021968 0.999759 0.000000 -0.234396 0.000000 0.000000 1.000000 0.000000
0.999751 -0.022295 0.000000 14.848417 0.022295 0.999751 0.000000 -0.230553 0.000000 0.000000 1.000000 0.000000
0.999765 -0.021682 0.000000 15.465721 0.021682 0.999765 0.000000 -0.233983 0.000000 0.000000 1.000000 0.000000
0.999722 -0.023566 0.000000 16.124562 0.023566 0.999722 0.000000 -0.233482 0.000000 0.000000 1.000000 0.000000
0.999688 -0.024984 0.000000 16.750894 0.024984 0.999688 0.000000 -0.226793 0.000000 0.000000 1.000000 0.000000
0.999665 -0.025893 0.000000 17.368572 0.025893 0.999665 0.000000 -0.223011 0.000000 0.000000 1.000000 0.000000
0.999639 -0.026874 0.000000 17.987527 0.026874 0.999639 0.000000 -0.224211 0.000000 0.000000 1.000000 0.000000
0.999666 -0.025847 0.000000 18.609476 0.025847 0.999666 0.000000 -0.227922 0.000000 0.000000 1.000000 0.000000
0.999595 -0.028473 0.000000 19.236464 0.028473 0.999595 0.000000 -0.233236 0.000000 0.000000 1.000000 0.000000
0.999581 -0.028955 0.000000 19.835623 0.028955 0.999581 0.000000 -0.236512 0.000000 0.000000 1.000000 0.000000
0.999515 -0.031135 0.000000 20.459697 0.031135 0.999515 0.000000 -0.234073 0.000000 0.000000 1.000000 0.000000
0.999552 -0.029932 0.000000 21.089430 0.029932 0.999552 0.000000 -0.224782 0.000000 0.000000 1.000000 0.000000
0.999610 -0.027932 0.000000 21.665740 0.027932 0.999610 0.000000 -0.224284 0.000000 0.000000 1.000000 0.000000
0.999536 -0.030454 0.000000 22.294185 0.030454 0.999536 0.000000 -0.229984 0.000000 0.000000 1.000000 0.000000
0.999448 -0.033236 0.000000 22.891591 0.033236 0.999448 0.000000 -0.229675 0.000000 0.000000 1.000000 0.000000
0.999367 -0.035586 0.000000 23.484763 0.035586 0.999367 0.000000 -0.236912 0.000000 0.000000 1.000000 0.000000
0.999348 -0.036102 0.000000 24.104386 0.036102 0.999348 0.000000 -0.221830 0.000000 0.000000 1.000000 0.000000
0.999366 -0.035613 0.000000 24.727408 0.035613 0.999366 0.000000 -0.227590 0.000000 0.000000 1.000000 0.000000
0.999367 -0.035589 0.000000 25.345066 0.035589 0.999367 0.000000 -0.220459 0.000000 0.000000 1.000000 0.000000
0.999418 -0.034113 0.000000 25.930675 0.034113 0.999418 0.000000 -0.215766 0.000000 0.000000 1.000000 0.000000
0.999565 -0.029485 0.000000 26.552056 0.029485 0.999565 0.000000 -0.215333 0.000000 0.000000 1.000000 0.000000
0.999628 -0.027258 0.000000 27.144439 0.027258 0.999628 0.000000 -0.206559 0.000000 0.000000 1.000000 0.000000
0.999638 -0.026891 0.000000 27.763878 0.026891 0.999638 0.000000 -0.201231 0.000000 0.000000 1.000000 0.000000
0.999608 -0.028009 0.000000 28.400363 0.028009 0.999608 0.000000 -0.197679 0.000000 0.000000 1.000000 0.000000
0.999584 -0.028826 0.000000 29.221383 0.028826 0.999584 0.000000 -0.192842 0.000000 0.000000 1.000000 0.000000
0.999627 -0.027312 0.000000 29.851253 0.027312 0.999627 0.000000 -0.177821 0.000000 0.000000 1.000000 0.000000
0.999674 -0.025535 0.000000 30.488108 0.025535 0.999674 0.000000 -0.181631 0.000000 0.000000 1.000000 0.000000
0.999717 -0.023778 0.000000 31.115384 0.023778 0.999717 0.000000 -0.172871 0.000000 0.000000 1.000000 0.000000
0.999757 -0.022054 0.000000 31.746507 0.022054 0.999757 0.000000 -0.167174 0.000000 0.000000 1.000000 0.000000
0.999735 -0.023003 0.000000 32.381410 0.023003 0.999735 0.000000 -0.165172 0.000000 0.000000 1.000000 0.000000
0.999794 -0.020290 0.000000 33.012012 0.020290 0.999794 0.000000 -0.166973 0.000000 0.000000 1.000000 0.000000
0.999838 -0.017999 0.000000 33.658012 0.017999 0.999838 0.000000 -0.170309 0.000000 0.000000 1.000000 0.000000
0.999890 -0.014850 0.000000 34.295771 0.014850 0.999890 0.000000 -0.166404 0.000000 0.000000 1.000000 0.000000
0.999906 -0.013677 0.000000 34.924274 0.013677 0.999906 0.000000 -0.181026 0.000000 0.000000 1.000000 0.000000
0.999943 -0.010647 0.000000 35.551968 0.010647 0.999943 0.000000 -0.188583 0.000000 0.000000 1.000000 0.000000
0.999933 -0.011616 0.000000 36.184911 0.011616 0.999933 0.000000 -0.195163 0.000000 0.000000 1.000000 0.000000
0.999949 -0.010086 0.000000 36.820524 0.010086 0.999949 0.000000 -0.198027 0.000000 0.000000 1.000000 0.000000
0.999965 -0.008312 0.000000 37.451559 0.008312 0.999965 0.000000 -0.197967 0.000000 0.000000 1.000000 0.000000
0.999961 -0.008788 0.000000 38.046216 0.008788 0.999961 0.000000 -0.206804 0.000000 0.000000 1.000000 0.000000
0.999977 -0.006764 0.000000 38.693508 0.006764 0.999977 0.000000 -0.221777 0.000000 0.000000 1.000000 0.000000
0.999995 -0.003231 0.000000 39.311808 0.003231 0.999995 0.000000 -0.232547 0.000000 0.000000 1.000000 0.000000
0.999995 -0.003070 0.000000 39.949178 0.003070 0.999995 0.000000 -0.242110 0.000000 0.000000 1.000000 0.000000
0.999991 -0.004349 0.000000 40.590022 0.004349 0.999991 0.000000 -0.262967 0.000000 0.000000 1.000000 0.000000
0.999994 -0.003349 0.000000 41.215700 0.003349 0.999994 0.000000 -0.273764 0.000000 0.000000 1.000000 0.000000
0.999999 -0.001218 0.000000 41.862210 0.001218 0.999999 0.000000 -0.281877 0.000000 0.000000 1.000000 0.000000
1.000000 -0.000161 0.000000 42.509445 0.000161 1.000000 0.000000 -0.292486 0.000000 0.000000 1.000000 0.000000
1.000000 0.000717 0.000000 43.154483 -0.000717 1.000000 0.000000 -0.299986 0.000000 0.000000 1.000000 0.000000
0.999994 0.003321 0.000000 43.798662 -0.003321 0.999994 0.000000 -0.316352 0.000000 0.000000 1.000000 0.000000
0.999991 0.004134 0.000000 44.450897 -0.004134 0.999991 0.000000 -0.331905 0.000000 0.000000 1.000000 0.000000
0.999996 0.002903 0.000000 45.061758 -0.002903 0.999996 0.000000 -0.349739 0.000000 0.000000 1.000000 0.000000
0.999983 0.005890 0.000000 45.706461 -0.005890 0.999983 0.000000 -0.350273 0.000000 0.000000 1.000000 0.000000
0.999971 0.007552 0.000000 46.347171 -0.007552 0.999971 0.000000 -0.361544 0.000000 0.000000 1.000000 0.000000
0.999945 0.010515 0.000000 47.010094 -0.010515 0.999945 0.000000 -0.387815 0.000000 0.000000 1.000000 0.000000
0.999976 0.006879 0.000000 47.663148 -0.006879 0.999976 0.000000 -0.419706 0.000000 0.000000 1.000000 0.000000
0.999990 0.004462 0.000000 48.307047 -0.004462 0.999990 0.000000 -0.444545 0.000000 0.000000 1.000000 0.000000
0.999989 0.004684 0.000000 48.924445 -0.004684 0.999989 0.000000 -0.456666 0.000000 0.000000 1.000000 0.000000
0.999982 0.005985 0.000000 49.579212 -0.005985 0.999982 0.000000 -0.472956 0.000000 0.000000 1.000000 0.000000
0.999959 0.009063 0.000000 50.242830 -0.009063 0.999959 0.000000 -0.480422 0.000000 0.000000 1.000000 0.000000
0.999945 0.010509 0.000000 50.901669 -0.010509 0.999945 0.000000 -0.499424 0.000000 0.000000 1.000000 0.000000
0.999951 0.009946 0.000000 51.558743 -0.009946 0.999951 0.000000 -0.523346 0.000000 0.000000 1.000000 0.000000
0.999975 0.007047 0.000000 52.228797 -0.007047 0.999975 0.000000 -0.541033 0.000000 0.000000 1.000000 0.000000
0.999960 0.008905 0.000000 53.255442 -0.008905 0.999960 0.000000 -0.576966 0.000000 0.000000 1.000000 0.000000
0.999979 0.006524 0.000000 53.941173 -0.006524 0.999979 0.000000 -0.603906 0.000000 0.000000 1.000000 0.000000
0.999949 0.010083 0.000000 54.570088 -0.010083 0.999949 0.000000 -0.624590 0.000000 0.000000 1.000000 0.000000
0.999949 0.010093 0.000000 55.224335 -0.010093 0.999949 0.000000 -0.656557 0.000000 0.000000 1.000000 0.000000
0.999944 0.010625 0.000000 55.886049 -0.010625 0.999944 0.000000 -0.677415 0.000000 0.000000 1.000000 0.000000
0.999948 0.010207 0.000000 56.547489 -0.010207 0.999948 0.000000 -0.696806 0.000000 0.000000 1.000000 0.000000
0.999935 0.011372 0.000000 57.205010 -0.011372 0.999935 0.000000 -0.716488 0.000000 0.000000 1.000000 0.000000
0.999942 0.010738 0.000000 57.852966 -0.010738 0.999942 0.000000 -0.744980 0.000000 0.000000 1.000000 0.000000
0.999958 0.009124 0.000000 59.197175 -0.009124 0.999958 0.000000 -0.786035 0.000000 0.000000 1.000000 0.000000
0.999957 0.009267 0.000000 59.842369 -0.009267 0.999957 0.000000 -0.800958 0.000000 0.000000 1.000000 0.000000
0.999985 0.005429 0.000000 60.471652 -0.005429 0.999985 0.000000 -0.814834 0.000000 0.000000 1.000000 0.000000
0.999983 0.005837 0.000000 61.116182 -0.005837 0.999983 0.000000 -0.836276 0.000000 0.000000 1.000000 0.000000
0.999968 0.008025 0.000000 61.759255 -0.008025 0.999968 0.000000 -0.866977 0.000000 0.000000 1.000000 0.000000
0.999946 0.010358 0.000000 62.434154 -0.010358 0.999946 0.000000 -0.893135 0.000000 0.000000 1.000000 0.000000
0.999941 0.010870 0.000000 63.067739 -0.010870 0.999941 0.000000 -0.918950 0.000000 0.000000 1.000000 0.000000
0.999930 0.011861 0.000000 63.672678 -0.011861 0.999930 0.000000 -0.936470 0.000000 0.000000 1.000000 0.000000
0.999935 0.011359 0.000000 64.307766 -0.011359 0.999935 0.000000 -0.958338 0.000000 0.000000 1.000000 0.000000
0.999932 0.011656 0.000000 64.895025 -0.011656 0.999932 0.000000 -0.980192 0.000000 0.000000 1.000000 0.000000
0.999918 0.012793 0.000000 65.527769 -0.012793 0.999918 0.000000 -1.017043 0.000000 0.000000 1.000000 0.000000
0.999902 0.014009 0.000000 66.159398 -0.014009 0.999902 0.000000 -1.048316 0.000000 0.000000 1.000000 0.000000
0.999894 0.014591 0.000000 66.739809 -0.014591 0.999894 0.000000 -1.072181 0.000000 0.000000 1.000000 0.000000
0.999866 0.016354 0.000000 67.362873 -0.016354 0.999866 0.000000 -1.096069 0.000000 0.000000 1.000000 0.000000
0.999893 0.014654 0.000000 67.987940 -0.014654 0.999893 0.000000 -1.132858 0.000000 0.000000 1.000000 0.000000
0.999888 0.014951 0.000000 68.566996 -0.014951 0.999888 0.000000 -1.157477 0.000000 0.000000 1.000000 0.000000
0.999905 0.013785 0.000000 69.187032 -0.013785 0.999905 0.000000 -1.194386 0.000000 0.000000 1.000000 0.000000
0.999900 0.014164 0.000000 69.752335 -0.014164 0.999900 0.000000 -1.217806 0.000000 0.000000 1.000000 0.000000
0.999834 0.018212 0.000000 70.366340 -0.018212 0.999834 0.000000 -1.238771 0.000000 0.000000 1.000000 0.000000
0.999807 0.019636 0.000000 70.981377 -0.019636 0.999807 0.000000 -1.265752 0.000000 0.000000 1.000000 0.000000
0.999789 0.020549 0.000000 71.822730 -0.020549 0.999789 0.000000 -1.311426 0.000000 0.000000 1.000000 0.000000
0.999747 0.022500 0.000000 72.428658 -0.022500 0.999747 0.000000 -1.338005 0.000000 0.000000 1.000000 0.000000
0.999706 0.024251 0.000000 73.033256 -0.024251 0.999706 0.000000 -1.371880 0.000000 0.000000 1.000000 0.000000
0.999721 0.023600 0.000000 73.639425 -0.023600 0.999721 0.000000 -1.408460 0.000000 0.000000 1.000000 0.000000
0.999718 0.023751 0.000000 74.242369 -0.023751 0.999718 0.000000 -1.442125 0.000000 0.000000 1.000000 0.000000
0.999769 0.021507 0.000000 74.839822 -0.021507 0.999769 0.000000 -1.464862 0.000000 0.000000 1.000000 0.000000
0.999792 0.020413 0.000000 75.472685 -0.020413 0.999792 0.000000 -1.487753 0.000000 0.000000 1.000000 0.000000
0.999787 0.020644 0.000000 76.075508 -0.020644 0.999787 0.000000 -1.510601 0.000000 0.000000 1.000000 0.000000
0.999799 0.020064 0.000000 76.665032 -0.020064 0.999799 0.000000 -1.544953 0.000000 0.000000 1.000000 0.000000
0.999716 0.023843 0.000000 77.847108 -0.023843 0.999716 0.000000 -1.614542 0.000000 0.000000 1.000000 0.000000
0.999744 0.022605 0.000000 78.435643 -0.022605 0.999744 0.000000 -1.649037 0.000000 0.000000 1.000000 0.000000
0.999679 0.025322 0.000000 79.021108 -0.025322 0.999679 0.000000 -1.677177 0.000000 0.000000 1.000000 0.000000
0.999666 0.025839 0.000000 79.600260 -0.025839 0.999666 0.000000 -1.712713 0.000000 0.000000 1.000000 0.000000
0.999672 0.025596 0.000000 80.181884 -0.025596 0.999672 0.000000 -1.743326 0.000000 0.000000 1.000000 0.000000
0.999607 0.028029 0.000000 80.757502 -0.028029 0.999607 0.000000 -1.774856 0.000000 0.000000 1.000000 0.000000
0.999632 0.027123 0.000000 81.326548 -0.027123 0.999632 0.000000 -1.809802 0.000000 0.000000 1.000000 0.000000
0.999681 0.025252 0.000000 81.890701 -0.025252 0.999681 0.000000 -1.831125 0.000000 0.000000 1.000000 0.000000
0.999687 0.025013 0.000000 82.446049 -0.025013 0.999687 0.000000 -1.854399 0.000000 0.000000 1.000000 0.000000
0.999634 0.027058 0.000000 83.007132 -0.027058 0.999634 0.000000 -1.880882 0.000000 0.000000 1.000000 0.000000
0.999631 0.027156 0.000000 83.563451 -0.027156 0.999631 0.000000 -1.911648 0.000000 0.000000 1.000000 0.000000
0.999634 0.027052 0.000000 84.122802 -0.027052 0.999634 0.000000 -1.947848 0.000000 0.000000 1.000000 0.000000
0.999632 0.027115 0.000000 84.673575 -0.027115 0.999632 0.000000 -1.988699 0.000000 0.000000 1.000000 0.000000
0.999578 0.029065 0.000000 85.188404 -0.029065 0.999578 0.000000 -2.020875 0.000000 0.000000 1.000000 0.000000
0.999524 0.030856 0.000000 85.725650 -0.030856 0.999524 0.000000 -2.056346 0.000000 0.000000 1.000000 0.000000
0.999432 0.033706 0.000000 86.247240 -0.033706 0.999432 0.000000 -2.093845 0.000000 0.000000 1.000000 0.000000
0.999337 0.036400 0.000000 86.753377 -0.036400 0.999337 0.000000 -2.110663 0.000000 0.000000 1.000000 0.000000
0.999319 0.036888 0.000000 87.292238 -0.036888 0.999319 0.000000 -2.147162 0.000000 0.000000 1.000000 0.000000
0.999335 0.036453 0.000000 87.819353 -0.036453 0.999335 0.000000 -2.182870 0.000000 0.000000 1.000000 0.000000
0.999336 0.036441 0.000000 88.310793 -0.036441 0.999336 0.000000 -2.218267 0.000000 0.000000 1.000000 0.000000
0.999301 0.037395 0.000000 88.844330 -0.037395 0.999301 0.000000 -2.260856 0.000000 0.000000 1.000000 0.000000
0.999188 0.040289 0.000000 89.354172 -0.040289 0.999188 0.000000 -2.298304 0.000000 0.000000 1.000000 0.000000
0.999228 0.039297 0.000000 89.841511 -0.039297 0.999228 0.000000 -2.324143 0.000000 0.000000 1.000000 0.000000
0.999218 0.039529 0.000000 90.365804 -0.039529 0.999218 0.000000 -2.362159 0.000000 0.000000 1.000000 0.000000
0.999172 0.040677 0.000000 90.875522 -0.040677 0.999172 0.000000 -2.386739 0.000000 0.000000 1.000000 0.000000
0.999107 0.042262 0.000000 91.359678 -0.042262 0.999107 0.000000 -2.421481 0.000000 0.000000 1.000000 0.000000
0.999084 0.042803 0.000000 91.879124 -0.042803 0.999084 0.000000 -2.460772 0.000000 0.000000 1.000000 0.000000
0.999086 0.042745 0.000000 92.355137 -0.042745 0.999086 0.000000 -2.499485 0.000000 0.000000 1.000000 0.000000
0.998997 0.044774 0.000000 92.859849 -0.044774 0.998997 0.000000 -2.540904 0.000000 0.000000 1.000000 0.000000
0.998996 0.044796 0.000000 93.518048 -0.044796 0.998996 0.000000 -2.594258 0.000000 0.000000 1.000000 0.000000
0.998842 0.048114 0.000000 94.020088 -0.048114 0.998842 0.000000 -2.625771 0.000000 0.000000 1.000000 0.000000
0.998771 0.049562 0.000000 94.524373 -0.049562 0.998771 0.000000 -2.669087 0.000000 0.000000 1.000000 0.000000
0.998747 0.050050 0.000000 95.026569 -0.050050 0.998747 0.000000 -2.704969 0.000000 0.000000 1.000000 0.000000
0.998798 0.049007 0.000000 95.519018 -0.049007 0.998798 0.000000 -2.733754 0.000000 0.000000 1.000000 0.000000
0.998889 0.047125 0.000000 96.006793 -0.047125 0.998889 0.000000 -2.769624 0.000000 0.000000 1.000000 0.000000
0.998855 0.047833 0.000000 96.482967 -0.047833 0.998855 0.000000 -2.805153 0.000000 0.000000 1.000000 0.000000
0.998713 0.050717 0.000000 97.434653 -0.050717 0.998713 0.000000 -2.886307 0.000000 0.000000 1.000000 0.000000
0.998650 0.051945 0.000000 97.903946 -0.051945 0.998650 0.000000 -2.936021 0.000000 0.000000 1.000000 0.000000
0.998483 0.055059 0.000000 98.380147 -0.055059 0.998483 0.000000 -2.981660 0.000000 0.000000 1.000000 0.000000
0.998400 0.056546 0.000000 98.856267 -0.056546 0.998400 0.000000 -3.036311 0.000000 0.000000 1.000000 0.000000
0.998373 0.057013 0.000000 99.344972 -0.057013 0.998373 0.000000 -3.081091 0.000000 0.000000 1.000000 0.000000
0.998230 0.059463 0.000000 99.828618 -0.059463 0.998230 0.000000 -3.124027 0.000000 0.000000 1.000000 0.000000
0.998170 0.060475 0.000000 100.297404 -0.060475 0.998170 0.000000 -3.175809 0.000000 0.000000 1.000000 0.000000
0.997954 0.063942 0.000000 100.762979 -0.063942 0.997954 0.000000 -3.229988 0.000000 0.000000 1.000000 0.000000
0.997767 0.066784 0.000000 101.224178 -0.066784 0.997767 0.000000 -3.277238 0.000000 0.000000 1.000000 0.000000
0.997589 0.069396 0.000000 101.677541 -0.069396 0.997589 0.000000 -3.324980 0.000000 0.000000 1.000000 0.000000
0.997429 0.071665 0.000000 102.099993 -0.071665 0.997429 0.000000 -3.373792 0.000000 0.000000 1.000000 0.000000
0.997310 0.073297 0.000000 102.546748 -0.073297 0.997310 0.000000 -3.426978 0.000000 0.000000 1.000000 0.000000
0.997108 0.075998 0.000000 102.991220 -0.075998 0.997108 0.000000 -3.467827 0.000000 0.000000 1.000000 0.000000
0.997114 0.075918 0.000000 103.431355 -0.075918 0.997114 0.000000 -3.523890 0.000000 0.000000 1.000000 0.000000
0.996907 0.078586 0.000000 103.857450 -0.078586 0.996907 0.000000 -3.578335 0.000000 0.000000 1.000000 0.000000
0.996809 0.079819 0.000000 104.288118 -0.079819 0.996809 0.000000 -3.626681 0.000000 0.000000 1.000000 0.000000
0.996146 0.087706 0.000000 104.704785 -0.087706 0.996146 0.000000 -3.672532 0.000000 0.000000 1.000000 0.000000
0.995929 0.090137 0.000000 105.122409 -0.090137 0.995929 0.000000 -3.716955 0.000000 0.000000 1.000000 0.000000
0.995692 0.092723 0.000000 105.538706 -0.092723 0.995692 0.000000 -3.777055 0.000000 0.000000 1.000000 0.000000
0.995798 0.091579 0.000000 105.950931 -0.091579 0.995798 0.000000 -3.829677 0.000000 0.000000 1.000000 0.000000
0.995606 0.093641 0.000000 106.345955 -0.093641 0.995606 0.000000 -3.882936 0.000000 0.000000 1.000000 0.000000
0.995782 0.091754 0.000000 106.741164 -0.091754 0.995782 0.000000 -3.956739 0.000000 0.000000 1.000000 0.000000
0.995203 0.097832 0.000000 107.115961 -0.097832 0.995203 0.000000 -4.010856 0.000000 0.000000 1.000000 0.000000
0.994891 0.100957 0.000000 107.516931 -0.100957 0.994891 0.000000 -4.067768 0.000000 0.000000 1.000000 0.000000
0.995015 0.099726 0.000000 107.910693 -0.099726 0.995015 0.000000 -4.132136 0.000000 0.000000 1.000000 0.000000
0.994727 0.102559 0.000000 108.284959 -0.102559 0.994727 0.000000 -4.177333 0.000000 0.000000 1.000000 0.000000
0.994363 0.106033 0.000000 108.699022 -0.106033 0.994363 0.000000 -4.231183 0.000000 0.000000 1.000000 0.000000
0.993877 0.110491 0.000000 109.102800 -0.110491 0.993877 0.000000 -4.283322 0.000000 0.000000 1.000000 0.000000
0.993516 0.113693 0.000000 109.662958 -0.113693 0.993516 0.000000 -4.362419 0.000000 0.000000 1.000000 0.000000
0.993293 0.115625 0.000000 110.076287 -0.115625 0.993293 0.000000 -4.423189 0.000000 0.000000 1.000000 0.000000
0.993091 0.117343 0.000000 110.488358 -0.117343 0.993091 0.000000 -4.488009 0.000000 0.000000 1.000000 0.000000
0.992837 0.119475 0.000000 110.901836 -0.119475 0.992837 0.000000 -4.550569 0.000000 0.000000 1.000000 0.000000
0.992543 0.121894 0.000000 111.309218 -0.121894 0.992543 0.000000 -4.628020 0.000000 0.000000 1.000000 0.000000
0.992533 0.121974 0.000000 111.736381 -0.121974 0.992533 0.000000 -4.692597 0.000000 0.000000 1.000000 0.000000
0.992469 0.122497 0.000000 112.158048 -0.122497 0.992469 0.000000 -4.759838 0.000000 0.000000 1.000000 0.000000
0.992144 0.125099 0.000000 112.589328 -0.125099 0.992144 0.000000 -4.822723 0.000000 0.000000 1.000000 0.000000
0.991203 0.132351 0.000000 113.323627 -0.132351 0.991203 0.000000 -4.933684 0.000000 0.000000 1.000000 0.000000
0.991138 0.132837 0.000000 113.752451 -0.132837 0.991138 0.000000 -5.005543 0.000000 0.000000 1.000000 0.000000
0.991264 0.131893 0.000000 114.192833 -0.131893 0.991264 0.000000 -5.076749 0.000000 0.000000 1.000000 0.000000
0.991371 0.131082 0.000000 114.623211 -0.131082 0.991371 0.000000 -5.149189 0.000000 0.000000 1.000000 0.000000
0.991497 0.130133 0.000000 115.066308 -0.130133 0.991497 0.000000 -5.220831 0.000000 0.000000 1.000000 0.000000
0.990976 0.134041 0.000000 115.500993 -0.134041 0.990976 0.000000 -5.268549 0.000000 0.000000 1.000000 0.000000
0.991113 0.133025 0.000000 115.943310 -0.133025 0.991113 0.000000 -5.332871 0.000000 0.000000 1.000000 0.000000
0.991169 0.132605 0.000000 116.389948 -0.132605 0.991169 0.000000 -5.403552 0.000000 0.000000 1.000000 0.000000
0.991138 0.132840 0.000000 116.831625 -0.132840 0.991138 0.000000 -5.470268 0.000000 0.000000 1.000000 0.000000
0.990942 0.134293 0.000000 117.275983 -0.134293 0.990942 0.000000 -5.543809 0.000000 0.000000 1.000000 0.000000
0.990338 0.138672 0.000000 117.717928 -0.138672 0.990338 0.000000 -5.621197 0.000000 0.000000 1.000000 0.000000
0.990338 0.138675 0.000000 118.539919 -0.138675 0.990338 0.000000 -5.759633 0.000000 0.000000 1.000000 0.000000
0.990428 0.138027 0.000000 118.991049 -0.138027 0.990428 0.000000 -5.838066 0.000000 0.000000 1.000000 0.000000
0.990298 0.138964 0.000000 119.448421 -0.138964 0.990298 0.000000 -5.911653 0.000000 0.000000 1.000000 0.000000
0.990105 0.140331 0.000000 119.907426 -0.140331 0.990105 0.000000 -6.002027 0.000000 0.000000 1.000000 0.000000
0.989767 0.142694 0.000000 120.382710 -0.142694 0.989767 0.000000 -6.091255 0.000000 0.000000 1.000000 0.000000
0.989630 0.143640 0.000000 120.840928 -0.143640 0.989630 0.000000 -6.184609 0.000000 0.000000 1.000000 0.000000
0.989493 0.144581 0.000000 121.306851 -0.144581 0.989493 0.000000 -6.272928 0.000000 0.000000 1.000000 0.000000
0.988929 0.148390 0.000000 121.779098 -0.148390 0.988929 0.000000 -6.361537 0.000000 0.000000 1.000000 0.000000
0.988301 0.152518 0.000000 122.282672 -0.152518 0.988301 0.000000 -6.457317 0.000000 0.000000 1.000000 0.000000
0.987748 0.156056 0.000000 122.728311 -0.156056 0.987748 0.000000 -6.533513 0.000000 0.000000 1.000000 0.000000
0.987764 0.155956 0.000000 123.237862 -0.155956 0.987764 0.000000 -6.633644 0.000000 0.000000 1.000000 0.000000
0.987536 0.157394 0.000000 123.723898 -0.157394 0.987536 0.000000 -6.720899 0.000000 0.000000 1.000000 0.000000
0.987162 0.159721 0.000000 124.200722 -0.159721 0.987162 0.000000 -6.797999 0.000000 0.000000 1.000000 0.000000
0.987486 0.157705 0.000000 124.674981 -0.157705 0.987486 0.000000 -6.904958 0.000000 0.000000 1.000000 0.000000
0.986885 0.161428 0.000000 125.143785 -0.161428 0.986885 0.000000 -6.993577 0.000000 0.000000 1.000000 0.000000
0.986449 0.164066 0.000000 125.617094 -0.164066 0.986449 0.000000 -7.086013 0.000000 0.000000 1.000000 0.000000
0.985735 0.168303 0.000000 126.088704 -0.168303 0.985735 0.000000 -7.176018 0.000000 0.000000 1.000000 0.000000
0.984507 0.175344 0.000000 126.567198 -0.175344 0.984507 0.000000 -7.268076 0.000000 0.000000 1.000000 0.000000
0.984072 0.177769 0.000000 127.014346 -0.177769 0.984072 0.000000 -7.360964 0.000000 0.000000 1.000000 0.000000
0.983849 0.178999 0.000000 127.496893 -0.178999 0.983849 0.000000 -7.451866 0.000000 0.000000 1.000000 0.000000
0.983431 0.181283 0.000000 127.976823 -0.181283 0.983431 0.000000 -7.556002 0.000000 0.000000 1.000000 0.000000
0.983249 0.182270 0.000000 128.761817 -0.182270 0.983249 0.000000 -7.721564 0.000000 0.000000 1.000000 0.000000
0.983105 0.183041 0.000000 129.245757 -0.183041 0.983105 0.000000 -7.828999 0.000000 0.000000 1.000000 0.000000
0.985281 0.170943 0.000000 130.214956 -0.170943 0.985281 0.000000 -8.043793 0.000000 0.000000 1.000000 0.000000
0.985244 0.171158 0.000000 130.702462 -0.171158 0.985244 0.000000 -8.143321 0.000000 0.000000 1.000000 0.000000
0.985438 0.170035 0.000000 131.201779 -0.170035 0.985438 0.000000 -8.247511 0.000000 0.000000 1.000000 0.000000
0.985295 0.170860 0.000000 131.692237 -0.170860 0.985295 0.000000 -8.355248 0.000000 0.000000 1.000000 0.000000
0.985430 0.170081 0.000000 132.196183 -0.170081 0.985430 0.000000 -8.461701 0.000000 0.000000 1.000000 0.000000
0.985268 0.171016 0.000000 132.688781 -0.171016 0.985268 0.000000 -8.556515 0.000000 0.000000 1.000000 0.000000
0.985305 0.170806 0.000000 133.224023 -0.170806 0.985305 0.000000 -8.664175 0.000000 0.000000 1.000000 0.000000
0.984837 0.173480 0.000000 133.717313 -0.173480 0.984837 0.000000 -8.760552 0.000000 0.000000 1.000000 0.000000
0.984558 0.175060 0.000000 134.229537 -0.175060 0.984558 0.000000 -8.857035 0.000000 0.000000 1.000000 0.000000
0.984767 0.173878 0.000000 134.740574 -0.173878 0.984767 0.000000 -8.950284 0.000000 0.000000 1.000000 0.000000
0.985475 0.169821 0.000000 135.218002 -0.169821 0.985475 0.000000 -9.062232 0.000000 0.000000 1.000000 0.000000
0.985468 0.169861 0.000000 135.727509 -0.169861 0.985468 0.000000 -9.168155 0.000000 0.000000 1.000000 0.000000
0.985436 0.170046 0.000000 136.251985 -0.170046 0.985436 0.000000 -9.274035 0.000000 0.000000 1.000000 0.000000
0.985022 0.172431 0.000000 136.739238 -0.172431 0.985022 0.000000 -9.369888 0.000000 0.000000 1.000000 0.000000
0.985662 0.168732 0.000000 137.259595 -0.168732 0.985662 0.000000 -9.473707 0.000000 0.000000 1.000000 0.000000
0.985045 0.172295 0.000000 137.792838 -0.172295 0.985045 0.000000 -9.585147 0.000000 0.000000 1.000000 0.000000
0.984658 0.174496 0.000000 138.424397 -0.174496 0.984658 0.000000 -9.711609 0.000000 0.000000 1.000000 0.000000
0.984425 0.175803 0.000000 138.989793 -0.175803 0.984425 0.000000 -9.829809 0.000000 0.000000 1.000000 0.000000
0.983998 0.178180 0.000000 139.490332 -0.178180 0.983998 0.000000 -9.914767 0.000000 0.000000 1.000000 0.000000
0.983990 0.178226 0.000000 140.023460 -0.178226 0.983990 0.000000 -10.024804 0.000000 0.000000 1.000000 0.000000
0.983071 0.183227 0.000000 140.565074 -0.183227 0.983071 0.000000 -10.137931 0.000000 0.000000 1.000000 0.000000
0.982621 0.185622 0.000000 141.100327 -0.185622 0.982621 0.000000 -10.251055 0.000000 0.000000 1.000000 0.000000
0.981623 0.190832 0.000000 144.906447 -0.190832 0.981623 0.000000 -11.094980 0.000000 0.000000 1.000000 0.000000
0.981941 0.189188 0.000000 145.424474 -0.189188 0.981941 0.000000 -11.196530 0.000000 0.000000 1.000000 0.000000
0.982920 0.184033 0.000000 146.574906 -0.184033 0.982920 0.000000 -11.453196 0.000000 0.000000 1.000000 0.000000
0.981874 0.189532 0.000000 147.690861 -0.189532 0.981874 0.000000 -11.717248 0.000000 0.000000 1.000000 0.000000
0.981620 0.190844 0.000000 148.243997 -0.190844 0.981620 0.000000 -11.852983 0.000000 0.000000 1.000000 0.000000
0.981418 0.191882 0.000000 148.803820 -0.191882 0.981418 0.000000 -11.993233 0.000000 0.000000 1.000000 0.000000
0.981250 0.192737 0.000000 149.369752 -0.192737 0.981250 0.000000 -12.124731 0.000000 0.000000 1.000000 0.000000
0.981506 0.191434 0.000000 149.931290 -0.191434 0.981506 0.000000 -12.263551 0.000000 0.000000 1.000000 0.000000
0.982329 0.187161 0.000000 150.498238 -0.187161 0.982329 0.000000 -12.394086 0.000000 0.000000 1.000000 0.000000
0.981706 0.190401 0.000000 151.070457 -0.190401 0.981706 0.000000 -12.514684 0.000000 0.000000 1.000000 0.000000
0.981586 0.191021 0.000000 151.641995 -0.191021 0.981586 0.000000 -12.645499 0.000000 0.000000 1.000000 0.000000
0.981685 0.190509 0.000000 152.219194 -0.190509 0.981685 0.000000 -12.791698 0.000000 0.000000 1.000000 0.000000
0.981356 0.192199 0.000000 153.132114 -0.192199 0.981356 0.000000 -13.009804 0.000000 0.000000 1.000000 0.000000
0.980394 0.197049 0.000000 153.704869 -0.197049 0.980394 0.000000 -13.137579 0.000000 0.000000 1.000000 0.000000
0.980504 0.196499 0.000000 154.272052 -0.196499 0.980504 0.000000 -13.293229 0.000000 0.000000 1.000000 0.000000
0.979706 0.200441 0.000000 154.854369 -0.200441 0.979706 0.000000 -13.421906 0.000000 0.000000 1.000000 0.000000
0.979052 0.203612 0.000000 155.474952 -0.203612 0.979052 0.000000 -13.572966 0.000000 0.000000 1.000000 0.000000
0.978279 0.207293 0.000000 156.010073 -0.207293 0.978279 0.000000 -13.700566 0.000000 0.000000 1.000000 0.000000
0.977885 0.209142 0.000000 156.618005 -0.209142 0.977885 0.000000 -13.850773 0.000000 0.000000 1.000000 0.000000
0.977814 0.209475 0.000000 157.188361 -0.209475 0.977814 0.000000 -13.996702 0.000000 0.000000 1.000000 0.000000
0.977761 0.209722 0.000000 157.761307 -0.209722 0.977761 0.000000 -14.118962 0.000000 0.000000 1.000000 0.000000
0.977819 0.209453 0.000000 158.324435 -0.209453 0.977819 0.000000 -14.247019 0.000000 0.000000 1.000000 0.000000
0.977778 0.209645 0.000000 158.894138 -0.209645 0.977778 0.000000 -14.370492 0.000000 0.000000 1.000000 0.000000
0.978062 0.208314 0.000000 159.461545 -0.208314 0.978062 0.000000 -14.493835 0.000000 0.000000 1.000000 0.000000
0.978273 0.207321 0.000000 160.027200 -0.207321 0.978273 0.000000 -14.626523 0.000000 0.000000 1.000000 0.000000
0.978134 0.207974 0.000000 160.594406 -0.207974 0.978134 0.000000 -14.752255 0.000000 0.000000 1.000000 0.000000
0.978416 0.206644 0.000000 161.165902 -0.206644 0.978416 0.000000 -14.886851 0.000000 0.000000 1.000000 0.000000
0.977568 0.210620 0.000000 161.737535 -0.210620 0.977568 0.000000 -15.017965 0.000000 0.000000 1.000000 0.000000
0.976865 0.213857 0.000000 162.872369 -0.213857 0.976865 0.000000 -15.290454 0.000000 0.000000 1.000000 0.000000
0.976495 0.215540 0.000000 163.441121 -0.215540 0.976495 0.000000 -15.421341 0.000000 0.000000 1.000000 0.000000
0.976424 0.215859 0.000000 163.963810 -0.215859 0.976424 0.000000 -15.545964 0.000000 0.000000 1.000000 0.000000
0.975948 0.218002 0.000000 164.537324 -0.218002 0.975948 0.000000 -15.680122 0.000000 0.000000 1.000000 0.000000
0.975448 0.220228 0.000000 165.088588 -0.220228 0.975448 0.000000 -15.800796 0.000000 0.000000 1.000000 0.000000
0.975715 0.219043 0.000000 166.179671 -0.219043 0.975715 0.000000 -16.069847 0.000000 0.000000 1.000000 0.000000
0.975857 0.218409 0.000000 166.737388 -0.218409 0.975857 0.000000 -16.202755 0.000000 0.000000 1.000000 0.000000
0.975438 0.220276 0.000000 167.271029 -0.220276 0.975438 0.000000 -16.336991 0.000000 0.000000 1.000000 0.000000
0.975134 0.221614 0.000000 167.823265 -0.221614 0.975134 0.000000 -16.474991 0.000000 0.000000 1.000000 0.000000
0.975377 0.220543 0.000000 168.379069 -0.220543 0.975377 0.000000 -16.614791 0.000000 0.000000 1.000000 0.000000
0.974968 0.222345 0.000000 168.917289 -0.222345 0.974968 0.000000 -16.727526 0.000000 0.000000 1.000000 0.000000
0.974328 0.225134 0.000000 169.674875 -0.225134 0.974328 0.000000 -16.901238 0.000000 0.000000 1.000000 0.000000
0.973090 0.230424 0.000000 170.242075 -0.230424 0.973090 0.000000 -17.031265 0.000000 0.000000 1.000000 0.000000
0.972638 0.232325 0.000000 170.807900 -0.232325 0.972638 0.000000 -17.170743 0.000000 0.000000 1.000000 0.000000
0.971110 0.238631 0.000000 171.403483 -0.238631 0.971110 0.000000 -17.313253 0.000000 0.000000 1.000000 0.000000
0.970874 0.239592 0.000000 171.926231 -0.239592 0.970874 0.000000 -17.445974 0.000000 0.000000 1.000000 0.000000
0.971384 0.237515 0.000000 172.524733 -0.237515 0.971384 0.000000 -17.606118 0.000000 0.000000 1.000000 0.000000
0.970192 0.242337 0.000000 173.089181 -0.242337 0.970192 0.000000 -17.752624 0.000000 0.000000 1.000000 0.000000
0.970620 0.240616 0.000000 173.656278 -0.240616 0.970620 0.000000 -17.899610 0.000000 0.000000 1.000000 0.000000
0.969293 0.245908 0.000000 174.238991 -0.245908 0.969293 0.000000 -18.042370 0.000000 0.000000 1.000000 0.000000
0.969840 0.243741 0.000000 174.793508 -0.243741 0.969840 0.000000 -18.209338 0.000000 0.000000 1.000000 0.000000
0.970072 0.242818 0.000000 175.360877 -0.242818 0.970072 0.000000 -18.352461 0.000000 0.000000 1.000000 0.000000
0.969971 0.243222 0.000000 175.923779 -0.243222 0.969971 0.000000 -18.510623 0.000000 0.000000 1.000000 0.000000
0.971381 0.237529 0.000000 176.491348 -0.237529 0.971381 0.000000 -18.670551 0.000000 0.000000 1.000000 0.000000
0.972585 0.232547 0.000000 177.057462 -0.232547 0.972585 0.000000 -18.837229 0.000000 0.000000 1.000000 0.000000
0.972506 0.232877 0.000000 177.628241 -0.232877 0.972506 0.000000 -18.992742 0.000000 0.000000 1.000000 0.000000
0.971989 0.235024 0.000000 178.205513 -0.235024 0.971989 0.000000 -19.154022 0.000000 0.000000 1.000000 0.000000
0.971726 0.236110 0.000000 178.775319 -0.236110 0.971726 0.000000 -19.309587 0.000000 0.000000 1.000000 0.000000
0.971397 0.237463 0.000000 179.312339 -0.237463 0.971397 0.000000 -19.451080 0.000000 0.000000 1.000000 0.000000
0.971277 0.237952 0.000000 179.930021 -0.237952 0.971277 0.000000 -19.611150 0.000000 0.000000 1.000000 0.000000
0.971764 0.235954 0.000000 180.458117 -0.235954 0.971764 0.000000 -19.744902 0.000000 0.000000 1.000000 0.000000
0.971482 0.237112 0.000000 181.035735 -0.237112 0.971482 0.000000 -19.901265 0.000000 0.000000 1.000000 0.000000
0.971212 0.238215 0.000000 181.606806 -0.238215 0.971212 0.000000 -20.053637 0.000000 0.000000 1.000000 0.000000
0.970388 0.241552 0.000000 182.180638 -0.241552 0.970388 0.000000 -20.204271 0.000000 0.000000 1.000000 0.000000
0.968128 0.250457 0.000000 182.750246 -0.250457 0.968128 0.000000 -20.369612 0.000000 0.000000 1.000000 0.000000
0.967847 0.251540 0.000000 183.324008 -0.251540 0.967847 0.000000 -20.530891 0.000000 0.000000 1.000000 0.000000
0.967802 0.251714 0.000000 183.893586 -0.251714 0.967802 0.000000 -20.692511 0.000000 0.000000 1.000000 0.000000
0.967803 0.251709 0.000000 184.460728 -0.251709 0.967803 0.000000 -20.855925 0.000000 0.000000 1.000000 0.000000
0.967612 0.252442 0.000000 185.027886 -0.252442 0.967612 0.000000 -21.004888 0.000000 0.000000 1.000000 0.000000
0.966899 0.255161 0.000000 185.602822 -0.255161 0.966899 0.000000 -21.160124 0.000000 0.000000 1.000000 0.000000
0.967142 0.254239 0.000000 186.160617 -0.254239 0.967142 0.000000 -21.320142 0.000000 0.000000 1.000000 0.000000
0.967146 0.254222 0.000000 186.731366 -0.254222 0.967146 0.000000 -21.487584 0.000000 0.000000 1.000000 0.000000
0.966491 0.256702 0.000000 187.299031 -0.256702 0.966491 0.000000 -21.645222 0.000000 0.000000 1.000000 0.000000
0.966136 0.258032 0.000000 187.835926 -0.258032 0.966136 0.000000 -21.799060 0.000000 0.000000 1.000000 0.000000
0.966123 0.258081 0.000000 188.400127 -0.258081 0.966123 0.000000 -21.959006 0.000000 0.000000 1.000000 0.000000
0.965984 0.258601 0.000000 188.970512 -0.258601 0.965984 0.000000 -22.114202 0.000000 0.000000 1.000000 0.000000
0.965803 0.259278 0.000000 189.519363 -0.259278 0.965803 0.000000 -22.268693 0.000000 0.000000 1.000000 0.000000
0.966456 0.256831 0.000000 190.083790 -0.256831 0.966456 0.000000 -22.434385 0.000000 0.000000 1.000000 0.000000
0.965869 0.259032 0.000000 190.641105 -0.259032 0.965869 0.000000 -22.599847 0.000000 0.000000 1.000000 0.000000
0.966740 0.255762 0.000000 191.175332 -0.255762 0.966740 0.000000 -22.758306 0.000000 0.000000 1.000000 0.000000
0.966740 0.255760 0.000000 191.729955 -0.255760 0.966740 0.000000 -22.920730 0.000000 0.000000 1.000000 0.000000
0.965731 0.259546 0.000000 192.295984 -0.259546 0.965731 0.000000 -23.086565 0.000000 0.000000 1.000000 0.000000
0.965701 0.259655 0.000000 192.820121 -0.259655 0.965701 0.000000 -23.239056 0.000000 0.000000 1.000000 0.000000
0.965037 0.262114 0.000000 193.378337 -0.262114 0.965037 0.000000 -23.401628 0.000000 0.000000 1.000000 0.000000
0.964536 0.263950 0.000000 193.933391 -0.263950 0.964536 0.000000 -23.560864 0.000000 0.000000 1.000000 0.000000
0.964122 0.265459 0.000000 194.748474 -0.265459 0.964122 0.000000 -23.805154 0.000000 0.000000 1.000000 0.000000
0.963349 0.268253 0.000000 195.309395 -0.268253 0.963349 0.000000 -23.971704 0.000000 0.000000 1.000000 0.000000
0.962787 0.270262 0.000000 195.864625 -0.270262 0.962787 0.000000 -24.150863 0.000000 0.000000 1.000000 0.000000
0.962817 0.270155 0.000000 196.428814 -0.270155 0.962817 0.000000 -24.312711 0.000000 0.000000 1.000000 0.000000
0.962432 0.271523 0.000000 196.986051 -0.271523 0.962432 0.000000 -24.475163 0.000000 0.000000 1.000000 0.000000
0.962792 0.270245 0.000000 197.540522 -0.270245 0.962792 0.000000 -24.618778 0.000000 0.000000 1.000000 0.000000
0.963791 0.266659 0.000000 198.097653 -0.266659 0.963791 0.000000 -24.787436 0.000000 0.000000 1.000000 0.000000
0.963656 0.267146 0.000000 198.676454 -0.267146 0.963656 0.000000 -24.964687 0.000000 0.000000 1.000000 0.000000
0.963668 0.267103 0.000000 199.176600 -0.267103 0.963668 0.000000 -25.116352 0.000000 0.000000 1.000000 0.000000
0.963193 0.268811 0.000000 200.144278 -0.268811 0.963193 0.000000 -25.408752 0.000000 0.000000 1.000000 0.000000
0.963020 0.269431 0.000000 200.708415 -0.269431 0.963020 0.000000 -25.570529 0.000000 0.000000 1.000000 0.000000
0.962710 0.270535 0.000000 201.412276 -0.270535 0.962710 0.000000 -25.789026 0.000000 0.000000 1.000000 0.000000
0.962443 0.271485 0.000000 202.123795 -0.271485 0.962443 0.000000 -26.002492 0.000000 0.000000 1.000000 0.000000
0.961690 0.274139 0.000000 203.077755 -0.274139 0.961690 0.000000 -26.292492 0.000000 0.000000 1.000000 0.000000
0.961658 0.274251 0.000000 203.624482 -0.274251 0.961658 0.000000 -26.455097 0.000000 0.000000 1.000000 0.000000
0.961564 0.274582 0.000000 204.182011 -0.274582 0.961564 0.000000 -26.624803 0.000000 0.000000 1.000000 0.000000
0.961314 0.275456 0.000000 204.726818 -0.275456 0.961314 0.000000 -26.783070 0.000000 0.000000 1.000000 0.000000
0.961051 0.276371 0.000000 205.252564 -0.276371 0.961051 0.000000 -26.940462 0.000000 0.000000 1.000000 0.000000
0.961795 0.273770 0.000000 205.804761 -0.273770 0.961795 0.000000 -27.116576 0.000000 0.000000 1.000000 0.000000
0.960820 0.277174 0.000000 206.363018 -0.277174 0.960820 0.000000 -27.285852 0.000000 0.000000 1.000000 0.000000
0.960623 0.277854 0.000000 207.138972 -0.277854 0.960623 0.000000 -27.541563 0.000000 0.000000 1.000000 0.000000
0.961122 0.276125 0.000000 207.692893 -0.276125 0.961122 0.000000 -27.709234 0.000000 0.000000 1.000000 0.000000
0.961291 0.275534 0.000000 208.246118 -0.275534 0.961291 0.000000 -27.874306 0.000000 0.000000 1.000000 0.000000
0.961237 0.275723 0.000000 208.797141 -0.275723 0.961237 0.000000 -28.049618 0.000000 0.000000 1.000000 0.000000
0.962540 0.271141 0.000000 209.381914 -0.271141 0.962540 0.000000 -28.233840 0.000000 0.000000 1.000000 0.000000
0.962662 0.270706 0.000000 209.900220 -0.270706 0.962662 0.000000 -28.393854 0.000000 0.000000 1.000000 0.000000
0.962550 0.271105 0.000000 210.480646 -0.271105 0.962550 0.000000 -28.577476 0.000000 0.000000 1.000000 0.000000
0.962796 0.270231 0.000000 210.992166 -0.270231 0.962796 0.000000 -28.740118 0.000000 0.000000 1.000000 0.000000
