0.999977 0.004278 0.005276 1.982793 -0.004283 0.999991 0.000809 -0.015600 -0.005272 -0.000831 0.999986 0.028514
0.999974 0.006089 0.003858 2.573694 -0.006091 0.999981 0.000594 -0.021708 -0.003854 -0.000617 0.999992 0.037054
0.999959 0.008804 0.002041 3.170089 -0.008806 0.999961 0.001069 -0.029911 -0.002031 -0.001087 0.999997 0.045732
0.999940 0.010916 0.000671 3.741034 -0.010916 0.999940 0.001243 -0.039232 -0.000657 -0.001251 0.999999 0.054081
0.999893 0.014602 -0.000002 4.928292 -0.014602 0.999893 0.001048 -0.059819 0.000017 -0.001048 0.999999 0.071478
0.999855 0.017010 -0.000256 5.504886 -0.017010 0.999855 0.000596 -0.074288 0.000266 -0.000592 1.000000 0.080056
0.999719 0.023682 0.001237 6.701266 -0.023684 0.999718 0.001552 -0.109137 -0.001199 -0.001581 0.999998 0.097992
0.999640 0.026647 0.002988 7.311802 -0.026654 0.999642 0.002430 -0.129610 -0.002922 -0.002509 0.999993 0.107222
0.999543 0.029940 0.004165 7.867847 -0.029949 0.999549 0.002128 -0.149649 -0.004099 -0.002252 0.999989 0.115669
0.999424 0.033581 0.004992 8.472676 -0.033595 0.999432 0.002757 -0.175235 -0.004897 -0.002923 0.999984 0.124965
0.999234 0.039043 0.002621 9.281774 -0.039052 0.999232 0.003312 -0.211889 -0.002490 -0.003411 0.999991 0.137471
0.999046 0.043665 0.000697 9.867885 -0.043666 0.999043 0.002380 -0.241487 -0.000593 -0.002409 0.999997 0.146618
0.998862 0.047699 0.000133 10.426357 -0.047699 0.998857 0.003050 -0.270001 0.000013 -0.003053 0.999995 0.155343
0.998613 0.052654 0.000173 11.018822 -0.052654 0.998604 0.004127 -0.304409 0.000044 -0.004131 0.999991 0.164718
0.998344 0.057528 -0.000152 11.563240 -0.057526 0.998336 0.003911 -0.338497 0.000377 -0.003896 0.999992 0.173404
0.997948 0.064010 -0.001434 12.147312 -0.064006 0.997946 0.002705 -0.379097 0.001604 -0.002608 0.999995 0.182838
0.997544 0.070003 -0.002306 12.685346 -0.069995 0.997543 0.003056 -0.418582 0.002514 -0.002887 0.999993 0.191589
0.996942 0.078092 -0.002775 13.422699 -0.078084 0.996943 0.002921 -0.478876 0.002995 -0.002695 0.999992 0.203759
0.996457 0.084049 -0.002877 14.015992 -0.084045 0.996461 0.001458 -0.529588 0.002989 -0.001211 0.999995 0.213614
0.995879 0.090618 -0.003543 14.601291 -0.090618 0.995886 0.000156 -0.585668 0.003543 0.000166 0.999994 0.223511
0.995215 0.097629 -0.004008 15.170003 -0.097626 0.995223 0.000876 -0.644143 0.004075 -0.000481 0.999992 0.233241
0.993748 0.111403 -0.007365 16.329168 -0.111389 0.993774 0.002273 -0.772205 0.007572 -0.001439 0.999970 0.253329
0.992851 0.119123 -0.007506 16.870278 -0.119117 0.992879 0.001268 -0.839092 0.007603 -0.000365 0.999971 0.262911
0.991866 0.127079 -0.007267 17.442539 -0.127065 0.991892 0.002343 -0.914974 0.007506 -0.001400 0.999971 0.273192
0.990756 0.135398 -0.008343 17.971868 -0.135377 0.990790 0.003003 -0.989473 0.008673 -0.001846 0.999961 0.282826
0.989635 0.143284 -0.009647 18.528845 -0.143272 0.989682 0.001889 -1.072369 0.009818 -0.000488 0.999952 0.293092
0.988601 0.150130 -0.011354 19.053831 -0.150139 0.988665 0.000040 -1.153650 0.011231 0.001665 0.999936 0.302860
0.987603 0.156404 -0.013354 19.626277 -0.156447 0.987684 -0.002186 -1.244919 0.012848 0.004248 0.999908 0.313586
0.986484 0.163311 -0.013341 20.155390 -0.163359 0.986563 -0.002570 -1.333393 0.012742 0.004714 0.999908 0.323618
0.985032 0.171997 -0.011354 20.898124 -0.172032 0.985089 -0.002153 -1.460237 0.010815 0.004074 0.999933 0.337777
0.983809 0.178930 -0.010186 21.478410 -0.178965 0.983852 -0.002712 -1.563933 0.009536 0.004491 0.999944 0.348971
0.982370 0.186656 -0.010476 22.029937 -0.186700 0.982411 -0.003390 -1.668310 0.009659 0.005286 0.999939 0.359777
0.981022 0.193523 -0.011983 22.586143 -0.193579 0.981078 -0.003648 -1.778724 0.011050 0.005899 0.999922 0.370824
0.979792 0.199544 -0.013795 23.149135 -0.199615 0.979866 -0.003963 -1.893613 0.012726 0.006637 0.999897 0.382095
0.978426 0.206050 -0.015055 23.672980 -0.206137 0.978513 -0.004423 -2.003183 0.013820 0.007431 0.999877 0.392659
0.976857 0.213300 -0.015921 24.209598 -0.213400 0.976953 -0.004863 -2.119424 0.014517 0.008148 0.999861 0.403595
0.975097 0.221220 -0.015726 24.776323 -0.221313 0.975193 -0.004471 -2.249643 0.014346 0.007840 0.999866 0.415360
0.973388 0.228618 -0.015774 25.311887 -0.228708 0.973486 -0.004121 -2.377089 0.014414 0.007619 0.999867 0.426604
0.971582 0.236075 -0.017225 25.889357 -0.236187 0.971696 -0.004789 -2.518761 0.015607 0.008721 0.999840 0.438849
0.969082 0.246077 -0.018078 26.647503 -0.246199 0.969207 -0.004857 -2.712703 0.016326 0.009157 0.999825 0.455155
0.967235 0.253135 -0.019460 27.209009 -0.253273 0.967382 -0.004948 -2.859980 0.017573 0.009715 0.999798 0.467336
0.965056 0.261200 -0.021038 27.801364 -0.261364 0.965225 -0.005460 -3.021386 0.018881 0.010768 0.999764 0.480359
0.962858 0.269181 -0.021144 28.341854 -0.269358 0.963021 -0.005987 -3.175768 0.018751 0.011460 0.999759 0.492447
0.961071 0.275444 -0.021761 28.874969 -0.275635 0.961242 -0.006242 -3.329723 0.019198 0.011997 0.999744 0.504418
0.959022 0.282404 -0.022894 29.374319 -0.282617 0.959210 -0.006605 -3.475052 0.020095 0.012804 0.999716 0.515663
0.956713 0.290002 -0.024468 29.937856 -0.290250 0.956923 -0.007230 -3.645709 0.021317 0.014019 0.999674 0.528544
0.954549 0.296995 -0.025096 30.439374 -0.297246 0.954776 -0.006862 -3.802300 0.021923 0.014010 0.999661 0.540144
0.952370 0.303899 -0.025244 30.960413 -0.304148 0.952602 -0.006600 -3.969547 0.022042 0.013963 0.999660 0.552326
0.947857 0.317723 -0.024904 31.986820 -0.317988 0.948066 -0.007421 -4.309041 0.021253 0.014954 0.999662 0.576612
0.945895 0.323611 -0.023621 32.466371 -0.323848 0.946084 -0.006919 -4.474717 0.020108 0.014194 0.999697 0.588161
0.943649 0.330166 -0.022717 32.975624 -0.330370 0.943834 -0.005793 -4.654651 0.019528 0.012972 0.999725 0.600541
0.940483 0.339125 -0.022038 33.619534 -0.339315 0.940657 -0.005443 -4.888525 0.018885 0.012597 0.999742 0.616377
0.938365 0.344891 -0.022846 34.088886 -0.345084 0.938558 -0.004999 -5.061896 0.019718 0.012575 0.999726 0.628004
0.936257 0.350392 -0.025468 34.551488 -0.350601 0.936516 -0.004141 -5.236359 0.022400 0.012806 0.999667 0.639566
0.933834 0.356681 -0.027072 35.039777 -0.356909 0.934131 -0.003958 -5.424980 0.023878 0.013358 0.999626 0.651899
0.931784 0.362017 -0.026874 35.495581 -0.362257 0.932068 -0.004478 -5.602882 0.023427 0.013908 0.999629 0.663463
0.929064 0.368961 -0.026601 36.152145 -0.369196 0.929341 -0.004371 -5.862256 0.023108 0.013882 0.999637 0.680212
0.926884 0.374507 -0.025092 36.655675 -0.374731 0.927122 -0.004713 -6.067060 0.021499 0.013771 0.999674 0.693225
0.924507 0.380383 -0.024430 37.174157 -0.380625 0.924710 -0.005983 -6.283575 0.020314 0.014830 0.999684 0.706787
0.922279 0.385774 -0.024082 37.656639 -0.386017 0.922471 -0.006238 -6.488226 0.019808 0.015049 0.999691 0.719498
0.919993 0.391183 -0.024240 38.152453 -0.391416 0.920197 -0.005535 -6.702322 0.020140 0.014580 0.999691 0.732670
0.917293 0.397413 -0.025221 38.645398 -0.397624 0.917541 -0.003759 -6.917884 0.021647 0.013476 0.999675 0.745843
0.914429 0.404014 -0.024348 39.096401 -0.404154 0.914690 -0.000932 -7.118729 0.021894 0.010693 0.999703 0.757999
0.911572 0.410376 -0.025040 39.578579 -0.410507 0.911857 -0.000114 -7.335283 0.022786 0.010383 0.999686 0.771048
0.908530 0.416970 -0.026629 40.031419 -0.417121 0.908851 -0.000114 -7.543576 0.024154 0.011211 0.999645 0.783444
0.905390 0.423716 -0.027088 40.508901 -0.423851 0.905732 0.000810 -7.768773 0.024877 0.010747 0.999633 0.796675
0.902402 0.430039 -0.027149 40.965988 -0.430162 0.902751 0.001434 -7.988513 0.025126 0.010384 0.999630 0.809461
0.899225 0.436670 -0.026737 41.457919 -0.436753 0.899577 0.002952 -8.226467 0.025341 0.009023 0.999638 0.823263
0.896060 0.443114 -0.026966 41.926180 -0.443211 0.896414 0.002586 -8.457324 0.025319 0.009635 0.999633 0.836526
0.892604 0.449991 -0.027666 42.402184 -0.450119 0.892967 0.001759 -8.699682 0.025496 0.010883 0.999616 0.850229
0.890174 0.454732 -0.028442 42.842649 -0.454873 0.890555 0.001669 -8.924710 0.026088 0.011452 0.999594 0.862932
0.886197 0.462391 -0.029146 43.505434 -0.462581 0.886577 0.000255 -9.270870 0.025958 0.013256 0.999575 0.882262
0.882252 0.469876 -0.029113 44.192419 -0.470062 0.882633 0.000492 -9.632030 0.025927 0.013251 0.999576 0.902366
0.879260 0.475501 -0.028301 44.665089 -0.475687 0.879615 0.000199 -9.886393 0.024988 0.013287 0.999599 0.916367
0.874085 0.485137 -0.024849 45.472787 -0.485307 0.874343 -0.000980 -10.335008 0.021251 0.012916 0.999691 0.940694
0.871123 0.490413 -0.025315 45.927524 -0.490576 0.871398 -0.000288 -10.592879 0.021919 0.012670 0.999679 0.954542
0.868193 0.495540 -0.026078 46.372737 -0.495701 0.868493 0.000351 -10.850850 0.022822 0.012622 0.999660 0.968258
0.865102 0.500917 -0.026085 46.826476 -0.501069 0.865407 0.000833 -11.114741 0.022991 0.012350 0.999659 0.982265
0.861939 0.506327 -0.026351 47.278761 -0.506482 0.862250 0.000899 -11.383349 0.023176 0.012572 0.999652 0.996387
0.858493 0.512125 -0.026790 47.752026 -0.512287 0.858814 0.000962 -11.668593 0.023501 0.012898 0.999641 1.011284
0.855705 0.516799 -0.026230 48.169650 -0.516955 0.856012 0.000982 -11.923677 0.022961 0.012719 0.999655 1.024527
0.853002 0.521245 -0.026273 48.596858 -0.521400 0.853312 0.001116 -12.185866 0.023001 0.012747 0.999654 1.038110
0.849886 0.526270 -0.027094 49.029540 -0.526428 0.850218 0.001472 -12.454135 0.023811 0.013013 0.999632 1.051944
0.847028 0.530836 -0.027531 49.454526 -0.530992 0.847375 0.001892 -12.722635 0.024333 0.013016 0.999619 1.065677
0.844390 0.535013 -0.027693 49.866532 -0.535183 0.844735 0.001484 -12.984906 0.024187 0.013567 0.999615 1.079047
0.841451 0.539590 -0.028315 50.283348 -0.539756 0.841819 0.002073 -13.254629 0.024955 0.013539 0.999597 1.092699
0.838846 0.543575 -0.029385 50.667383 -0.543764 0.839236 0.001825 -13.505233 0.025653 0.014448 0.999566 1.105337
0.836410 0.547340 -0.028942 51.068402 -0.547520 0.836790 0.001993 -13.768389 0.025309 0.014180 0.999579 1.118577
0.833789 0.551376 -0.027933 51.436636 -0.551550 0.834140 0.001758 -14.014117 0.024269 0.013940 0.999608 1.130851
0.830969 0.555558 -0.029101 51.841410 -0.555757 0.831343 0.001449 -14.286927 0.024998 0.014969 0.999575 1.144422
0.828217 0.559566 -0.030692 52.216541 -0.559782 0.828638 0.001837 -14.544223 0.026460 0.015659 0.999527 1.157126
0.825298 0.563807 -0.031689 52.587272 -0.564016 0.825759 0.002736 -14.799407 0.027710 0.015615 0.999494 1.169708
0.822637 0.567684 -0.031674 52.948858 -0.567886 0.823102 0.003107 -15.051081 0.027835 0.015431 0.999493 1.182060
0.819578 0.572119 -0.031183 53.311710 -0.572294 0.820039 0.003856 -15.306883 0.027777 0.014686 0.999506 1.194548
0.816627 0.576355 -0.030597 53.670162 -0.576523 0.817072 0.003877 -15.560573 0.027235 0.014474 0.999524 1.206913
0.813601 0.580660 -0.029783 54.019284 -0.580833 0.814016 0.003388 -15.809445 0.026211 0.014543 0.999551 1.219007
0.810270 0.585314 -0.029499 54.389726 -0.585499 0.810668 0.002797 -16.079314 0.025551 0.015005 0.999561 1.232007
0.805506 0.591857 -0.029425 54.902473 -0.592106 0.805860 0.000310 -16.459321 0.023896 0.017173 0.999567 1.250187
0.801897 0.596704 -0.030088 55.268036 -0.596975 0.802260 -0.000029 -16.734836 0.024122 0.017985 0.999547 1.263280
0.798448 0.601264 -0.031014 55.600721 -0.601542 0.798841 0.000487 -16.988612 0.025068 0.018267 0.999519 1.275283
0.795637 0.604902 -0.032493 55.932967 -0.605182 0.796086 0.001502 -17.240485 0.026776 0.018469 0.999471 1.287224
0.792152 0.609442 -0.032803 56.260449 -0.609718 0.792616 0.001965 -17.494946 0.027198 0.018444 0.999460 1.299173
0.789035 0.613478 -0.032695 56.585070 -0.613771 0.789483 0.001336 -17.748032 0.026632 0.019012 0.999464 1.311042
0.786244 0.617020 -0.033271 56.916880 -0.617318 0.786712 0.001618 -18.008699 0.027172 0.019267 0.999445 1.323231
0.782790 0.621383 -0.033509 57.233614 -0.621690 0.783262 0.001561 -18.261859 0.027216 0.019610 0.999437 1.334990
0.779190 0.625891 -0.033528 57.539118 -0.626224 0.779643 0.000722 -18.509086 0.026592 0.020434 0.999438 1.346420
0.776233 0.629580 -0.033045 57.841302 -0.629955 0.776631 -0.001221 -18.757022 0.024895 0.021764 0.999453 1.357823
0.773286 0.633135 -0.034197 58.128157 -0.633547 0.773703 -0.001593 -18.995163 0.025450 0.022897 0.999414 1.368728
0.767322 0.640245 -0.036110 58.692050 -0.640710 0.767781 -0.001728 -19.472147 0.026619 0.024462 0.999346 1.390418
0.764770 0.643246 -0.036904 58.958574 -0.643728 0.765253 -0.001569 -19.698498 0.027232 0.024956 0.999318 1.400697
0.762422 0.645981 -0.037709 59.214468 -0.646460 0.762947 -0.000692 -19.917107 0.028323 0.024905 0.999289 1.410602
0.759960 0.648823 -0.038594 59.468443 -0.649313 0.760521 -0.000220 -20.135201 0.029209 0.025227 0.999255 1.420465
0.757508 0.651654 -0.039104 59.734332 -0.652170 0.758072 -0.000605 -20.367949 0.029249 0.025961 0.999235 1.430918
0.755443 0.653999 -0.039894 59.982717 -0.654554 0.756015 -0.001134 -20.584713 0.029419 0.026969 0.999203 1.440664
0.753150 0.656638 -0.039890 60.242339 -0.657214 0.753702 -0.001789 -20.813031 0.028890 0.027564 0.999202 1.450901
0.750608 0.659516 -0.040332 60.482108 -0.660116 0.751161 -0.002112 -21.026878 0.028903 0.028209 0.999184 1.460441
0.747915 0.662515 -0.041198 60.723900 -0.663140 0.748493 -0.002044 -21.244404 0.029482 0.028849 0.999149 1.470115
0.745828 0.664821 -0.041875 60.937367 -0.665482 0.746409 -0.002537 -21.436353 0.029570 0.029759 0.999120 1.478653
0.743171 0.667769 -0.042214 61.159958 -0.668441 0.743761 -0.002510 -21.637488 0.029721 0.030083 0.999105 1.487585
0.740588 0.670635 -0.042172 61.394982 -0.671318 0.741164 -0.002846 -21.851630 0.029348 0.030418 0.999106 1.497066
0.737055 0.674485 -0.042659 61.724952 -0.675182 0.737646 -0.002718 -22.153312 0.029633 0.030806 0.999086 1.510407
0.734433 0.677299 -0.043301 61.958222 -0.678022 0.735036 -0.002834 -22.370538 0.029908 0.031441 0.999058 1.519953
0.731974 0.679953 -0.043333 62.176023 -0.680666 0.732590 -0.002391 -22.574315 0.030120 0.031245 0.999058 1.528892
0.729047 0.683097 -0.043226 62.394544 -0.683806 0.729660 -0.002274 -22.782228 0.029987 0.031216 0.999063 1.537961
0.726423 0.685901 -0.042999 62.608507 -0.686605 0.727028 -0.002242 -22.986666 0.029724 0.031152 0.999073 1.546865
0.724058 0.688409 -0.042809 62.806006 -0.689097 0.724667 -0.001857 -23.176907 0.029744 0.030844 0.999082 1.555128
0.721674 0.690904 -0.042876 62.987031 -0.691575 0.722304 -0.001136 -23.354096 0.030185 0.030472 0.999080 1.562783
0.719449 0.693206 -0.043113 63.170115 -0.693900 0.720070 -0.001613 -23.533762 0.029926 0.031077 0.999069 1.570539
0.717386 0.695333 -0.043233 63.346344 -0.696030 0.718011 -0.001505 -23.706281 0.029995 0.031171 0.999064 1.577992
0.715043 0.697787 -0.042505 63.518147 -0.698428 0.715680 -0.000351 -23.876741 0.030175 0.029937 0.999096 1.585323
0.710413 0.702524 -0.042111 63.866265 -0.703139 0.711052 0.000299 -24.223485 0.030153 0.029398 0.999113 1.600216
0.708370 0.704589 -0.042024 64.026144 -0.705202 0.709007 0.000338 -24.383822 0.030034 0.029395 0.999117 1.607087
0.706485 0.706520 -0.041322 64.177813 -0.707123 0.707090 0.000038 -24.537579 0.029245 0.029193 0.999146 1.613653
0.704537 0.708446 -0.041622 64.330273 -0.709085 0.705123 -0.000856 -24.693070 0.028742 0.030117 0.999133 1.620280
0.702907 0.710024 -0.042291 64.472614 -0.710683 0.703512 -0.000804 -24.838627 0.029181 0.030621 0.999105 1.626478
0.700889 0.711967 -0.043088 64.614708 -0.712639 0.701531 -0.000335 -24.985825 0.029989 0.030941 0.999071 1.632720
0.698893 0.713911 -0.043357 64.762284 -0.714579 0.699554 0.000114 -25.139648 0.030412 0.030902 0.999060 1.639230
0.697016 0.715753 -0.043196 64.894522 -0.716410 0.697680 0.000394 -25.278054 0.030419 0.030672 0.999067 1.645080
0.695374 0.717384 -0.042609 65.037285 -0.718010 0.696032 0.000871 -25.426115 0.030282 0.029988 0.999091 1.651356
0.691719 0.721118 -0.038903 65.285122 -0.721592 0.692314 0.002602 -25.687968 0.028810 0.026273 0.999240 1.662390
0.689801 0.723028 -0.037486 65.410170 -0.723454 0.690365 0.003040 -25.822178 0.028077 0.025022 0.999293 1.668017
0.688233 0.724567 -0.036574 65.536838 -0.724963 0.688780 0.003374 -25.956963 0.027636 0.024192 0.999325 1.673684
0.684875 0.727695 -0.037499 65.737740 -0.728094 0.685465 0.004142 -26.174491 0.028718 0.024466 0.999288 1.682780
0.682554 0.729814 -0.038620 65.869528 -0.730222 0.683193 0.004872 -26.317216 0.029940 0.024875 0.999242 1.688747
0.680433 0.731730 -0.039771 65.998667 -0.732169 0.681106 0.004862 -26.456436 0.030646 0.025810 0.999197 1.694576
0.677664 0.734240 -0.040765 66.134255 -0.734739 0.678339 0.003854 -26.604775 0.030483 0.027340 0.999161 1.700759
0.675254 0.736483 -0.040300 66.266094 -0.736974 0.675911 0.003774 -26.750774 0.030019 0.027151 0.999181 1.706821
0.672629 0.738929 -0.039421 66.396278 -0.739369 0.673283 0.004766 -26.895708 0.030063 0.025941 0.999211 1.712829
0.669886 0.741402 -0.039710 66.531838 -0.741829 0.670566 0.005502 -27.047486 0.030707 0.025772 0.999196 1.719110
0.662972 0.747711 -0.037374 66.823677 -0.747984 0.663658 0.008886 -27.380617 0.031448 0.022064 0.999262 1.732816
0.659660 0.750642 -0.037235 66.963757 -0.750859 0.660378 0.010626 -27.542147 0.032566 0.020949 0.999250 1.739441
0.656342 0.753506 -0.038001 67.096771 -0.753683 0.657121 0.012412 -27.698660 0.034324 0.020494 0.999201 1.745822
0.652987 0.756416 -0.037984 67.230919 -0.756557 0.653788 0.013530 -27.857883 0.035068 0.019902 0.999187 1.752297
0.649476 0.759469 -0.037253 67.366105 -0.759610 0.650245 0.013186 -28.018891 0.034238 0.019734 0.999219 1.758838
0.646324 0.762176 -0.036768 67.500578 -0.762345 0.647056 0.012199 -28.179691 0.033089 0.020145 0.999249 1.765363
0.642885 0.765049 -0.037405 67.631857 -0.765263 0.643618 0.011338 -28.338688 0.032749 0.021336 0.999236 1.771791
0.639115 0.768171 -0.038017 67.771203 -0.768416 0.639858 0.010902 -28.509070 0.032700 0.022245 0.999218 1.778661
0.635640 0.771039 -0.038221 67.907011 -0.771284 0.636394 0.011141 -28.674980 0.032914 0.022398 0.999207 1.785351
0.631611 0.774365 -0.037772 68.047913 -0.774581 0.632364 0.011832 -28.850576 0.033048 0.021784 0.999216 1.792393
0.627778 0.777438 -0.038539 68.194929 -0.777742 0.628508 0.009773 -29.034862 0.031820 0.023839 0.999209 1.799770
0.624579 0.780014 -0.038463 68.323344 -0.780374 0.625262 0.007983 -29.197560 0.030276 0.025030 0.999228 1.806264
0.620768 0.783132 -0.036754 68.471969 -0.783455 0.621398 0.007962 -29.386950 0.029075 0.023853 0.999293 1.813811
0.616988 0.786073 -0.037620 68.613694 -0.786482 0.617586 0.005793 -29.569846 0.027787 0.026014 0.999275 1.821073
0.612834 0.789284 -0.038267 68.766170 -0.789740 0.613423 0.004849 -29.769816 0.027301 0.027249 0.999256 1.828979
0.609264 0.792049 -0.038164 68.915364 -0.792429 0.609918 0.007517 -29.965909 0.029231 0.025662 0.999243 1.836727
0.603848 0.796088 -0.040133 69.141598 -0.796383 0.604675 0.011967 -30.267076 0.033795 0.024735 0.999123 1.848585
0.600178 0.798877 -0.039779 69.296508 -0.799059 0.601064 0.015046 -30.476066 0.035929 0.022756 0.999095 1.856784
0.596488 0.801609 -0.040325 69.462476 -0.801778 0.597411 0.015850 -30.700924 0.036796 0.022877 0.999061 1.865596
0.593472 0.803851 -0.040188 69.617939 -0.804050 0.594371 0.015051 -30.912143 0.035985 0.023380 0.999079 1.873867
0.587009 0.808337 -0.044860 69.945517 -0.808801 0.587973 0.011303 -31.362473 0.035513 0.029648 0.998929 1.891447
0.583879 0.810477 -0.047029 70.103917 -0.811021 0.584912 0.011046 -31.581667 0.036460 0.031692 0.998832 1.899989
0.580912 0.812513 -0.048621 70.259281 -0.813141 0.581976 0.010258 -31.798728 0.036631 0.033577 0.998765 1.908426
0.577247 0.815169 -0.047808 70.424469 -0.815809 0.578246 0.009297 -32.034785 0.035224 0.033636 0.998813 1.917549
0.573066 0.818283 -0.044805 70.640216 -0.818861 0.573931 0.008400 -32.342561 0.032588 0.031875 0.998960 1.929449
0.570403 0.820279 -0.042223 70.792507 -0.820759 0.571203 0.009051 -32.562072 0.031542 0.029492 0.999067 1.937913
0.566935 0.822686 -0.042101 70.941901 -0.823159 0.567735 0.009277 -32.779719 0.031534 0.029397 0.999070 1.946283
0.564110 0.824599 -0.042613 71.089466 -0.825086 0.564928 0.009394 -32.995540 0.031819 0.029860 0.999048 1.954575
0.560742 0.826861 -0.043242 71.223868 -0.827376 0.561573 0.009217 -33.197055 0.031905 0.030608 0.999022 1.962269
0.557863 0.828750 -0.044299 71.366848 -0.829319 0.558708 0.008660 -33.411149 0.031927 0.031907 0.998981 1.970446
0.554987 0.830635 -0.045125 71.520382 -0.831244 0.555846 0.008320 -33.643848 0.031993 0.032892 0.998947 1.979307
0.553105 0.831889 -0.045126 71.660976 -0.832482 0.553981 0.008877 -33.857270 0.032384 0.032656 0.998942 1.987431
0.551048 0.833273 -0.044745 71.795825 -0.833829 0.551937 0.009708 -34.062926 0.032786 0.031960 0.998951 1.995251
0.549002 0.834649 -0.044256 71.941072 -0.835188 0.549877 0.009823 -34.284132 0.032534 0.031569 0.998972 2.003664
0.546645 0.836236 -0.043457 72.075665 -0.836759 0.547487 0.009633 -34.492576 0.031847 0.031097 0.999009 2.011560
0.544008 0.837948 -0.043561 72.260197 -0.838475 0.544853 0.009677 -34.780225 0.031843 0.031260 0.999004 2.022440
0.542497 0.838889 -0.044292 72.409672 -0.839431 0.543374 0.009975 -35.015171 0.032435 0.031769 0.998969 2.031308
0.541319 0.839614 -0.044956 72.550025 -0.840143 0.542253 0.011070 -35.235855 0.033671 0.031777 0.998928 2.039637
0.540211 0.840300 -0.045465 72.686577 -0.840802 0.541202 0.012344 -35.450926 0.034979 0.031559 0.998890 2.047751
0.539553 0.840704 -0.045809 72.821485 -0.841180 0.540589 0.013400 -35.663785 0.036030 0.031304 0.998860 2.055779
0.539649 0.840654 -0.045600 72.957176 -0.841106 0.540693 0.013891 -35.876140 0.036333 0.030858 0.998863 2.063803
0.539781 0.840600 -0.045034 73.095207 -0.841047 0.540792 0.013520 -36.091514 0.035719 0.030577 0.998894 2.071946
0.539832 0.840611 -0.044217 73.224555 -0.841058 0.540793 0.012832 -36.294529 0.034698 0.030262 0.998940 2.079612
0.539700 0.840721 -0.043740 73.353005 -0.841181 0.540620 0.012009 -36.499415 0.033743 0.030312 0.998971 2.087319
0.540035 0.840539 -0.043084 73.468920 -0.840994 0.540920 0.011557 -36.683054 0.033019 0.029992 0.999005 2.094238
0.540574 0.840271 -0.041524 73.704909 -0.840671 0.541416 0.011839 -37.059707 0.032430 0.028508 0.999067 2.108403
0.540617 0.840263 -0.041135 73.831600 -0.840641 0.541456 0.012177 -37.260364 0.032505 0.027997 0.999079 2.115964
0.541386 0.839770 -0.041067 73.954139 -0.840137 0.542231 0.012430 -37.453883 0.032706 0.027773 0.999079 2.123260
0.541429 0.839741 -0.041107 74.065374 -0.840116 0.542269 0.012245 -37.629794 0.032573 0.027905 0.999080 2.129890
0.541560 0.839635 -0.041550 74.185195 -0.840031 0.542407 0.011948 -37.818827 0.032569 0.028433 0.999065 2.137019
0.541950 0.839326 -0.042689 74.299272 -0.839758 0.542832 0.011861 -37.998403 0.033128 0.029420 0.999018 2.143795
0.542589 0.838833 -0.044226 74.422946 -0.839312 0.543521 0.011802 -38.192941 0.033938 0.030716 0.998952 2.151137
0.544269 0.837742 -0.044274 74.619669 -0.838179 0.545240 0.013016 -38.502552 0.035044 0.030025 0.998935 2.162820
0.545436 0.836984 -0.044236 74.733553 -0.837378 0.546441 0.014155 -38.680274 0.036020 0.029321 0.998921 2.169540
0.546658 0.836205 -0.043884 74.845123 -0.836543 0.547686 0.015373 -38.854924 0.036890 0.028307 0.998918 2.176139
0.548530 0.835060 -0.042310 74.954680 -0.835332 0.549515 0.015935 -39.024748 0.036557 0.026602 0.998977 2.182570
0.550719 0.833687 -0.040921 75.062486 -0.833946 0.551636 0.015208 -39.190889 0.035252 0.025751 0.999047 2.188871
0.552577 0.832453 -0.041002 75.172606 -0.832756 0.553465 0.013929 -39.360104 0.034289 0.026448 0.999062 2.195294
0.558033 0.828754 -0.042016 75.402893 -0.829116 0.558929 0.012858 -39.712562 0.034140 0.027661 0.999034 2.208683
0.560632 0.826980 -0.042373 75.500866 -0.827384 0.561512 0.011844 -39.860852 0.033588 0.028418 0.999032 2.214332
0.563635 0.825003 -0.041053 75.600880 -0.825395 0.564449 0.010963 -40.010528 0.032217 0.027706 0.999097 2.220049
0.569653 0.820936 -0.039497 75.778355 -0.821313 0.570392 0.009926 -40.271165 0.030678 0.026785 0.999170 2.230052
0.578687 0.814697 -0.037280 76.009901 -0.814970 0.579394 0.011213 -40.604666 0.030735 0.023893 0.999242 2.242915
0.584728 0.810386 -0.036985 76.150660 -0.810668 0.585412 0.010537 -40.802532 0.030190 0.023821 0.999260 2.250594
0.589060 0.807248 -0.036878 76.242295 -0.807538 0.589730 0.010052 -40.931330 0.029863 0.023859 0.999269 2.255593
0.597790 0.800817 -0.036594 76.417508 -0.801062 0.598479 0.011087 -41.171320 0.030779 0.022687 0.999269 2.264971
0.602134 0.797564 -0.036425 76.501421 -0.797772 0.602839 0.012012 -41.282943 0.031539 0.021826 0.999264 2.269367
0.606505 0.794269 -0.035903 76.583073 -0.794441 0.607209 0.012694 -41.391381 0.031882 0.020824 0.999275 2.273639
0.610957 0.790887 -0.035055 76.667980 -0.791026 0.611643 0.013040 -41.503752 0.031754 0.019763 0.999300 2.278071
0.616462 0.786650 -0.034006 76.789663 -0.786772 0.617111 0.012807 -41.663558 0.031060 0.018860 0.999340 2.284386
0.622989 0.781530 -0.033100 76.929612 -0.781651 0.623598 0.012114 -41.844518 0.030108 0.018326 0.999379 2.291568
0.626870 0.778447 -0.032468 77.002802 -0.778549 0.627464 0.012293 -41.937321 0.029942 0.017571 0.999397 2.295271
0.630550 0.775496 -0.031819 77.077119 -0.775579 0.631128 0.012433 -42.030596 0.029724 0.016838 0.999416 2.299004
0.634022 0.772685 -0.031215 77.151296 -0.772753 0.634583 0.012521 -42.123601 0.029483 0.016183 0.999434 2.302727
0.637852 0.769560 -0.030361 77.228693 -0.769614 0.638388 0.012446 -42.220047 0.028959 0.015427 0.999462 2.306594
0.641492 0.766567 -0.029368 77.299113 -0.766611 0.641996 0.012186 -42.306782 0.028195 0.014697 0.999494 2.310084
0.647382 0.761651 -0.027990 77.432556 -0.761690 0.647839 0.011511 -42.469728 0.026900 0.013868 0.999542 2.316656
0.649489 0.759877 -0.027408 77.489181 -0.759908 0.649929 0.011480 -42.538401 0.026537 0.013371 0.999558 2.319431
0.651904 0.757819 -0.027046 77.540712 -0.757856 0.652329 0.011017 -42.600771 0.025991 0.013315 0.999573 2.321953
0.654317 0.755753 -0.026567 77.586560 -0.755799 0.654721 0.010372 -42.655811 0.025232 0.013292 0.999593 2.324184
0.656553 0.753828 -0.026125 77.631766 -0.753878 0.656940 0.009883 -42.709932 0.024612 0.013206 0.999610 2.326379
0.658108 0.752470 -0.026135 77.671499 -0.752534 0.658487 0.009333 -42.757975 0.024233 0.013525 0.999615 2.328323
0.659275 0.751434 -0.026513 77.707158 -0.751519 0.659655 0.008645 -42.800407 0.023986 0.014225 0.999611 2.330047
0.661613 0.749356 -0.027099 77.761471 -0.749470 0.661993 0.007710 -42.864315 0.023717 0.015209 0.999603 2.332652
0.663139 0.747994 -0.027434 77.790927 -0.748116 0.663525 0.007582 -42.899370 0.023874 0.015496 0.999595 2.334077
0.664524 0.746764 -0.027417 77.820516 -0.746882 0.664912 0.007706 -42.934150 0.023985 0.015356 0.999594 2.335495
0.665621 0.745797 -0.027128 77.846014 -0.745907 0.666004 0.007833 -42.963921 0.023909 0.015021 0.999601 2.336712
0.666758 0.744784 -0.027039 77.871151 -0.744890 0.667140 0.007926 -42.993315 0.023942 0.014856 0.999603 2.337912
0.667768 0.743871 -0.027241 77.889531 -0.743976 0.668158 0.008053 -43.014795 0.024192 0.014889 0.999596 2.338790
0.668830 0.742912 -0.027348 77.906661 -0.743018 0.669223 0.008090 -43.034931 0.024312 0.014909 0.999593 2.339611
0.669629 0.742192 -0.027357 77.922402 -0.742299 0.670021 0.008018 -43.053452 0.024281 0.014938 0.999594 2.340366
0.670074 0.741788 -0.027396 77.939233 -0.741894 0.670468 0.008081 -43.073647 0.024363 0.014910 0.999592 2.341185
0.670324 0.741563 -0.027398 77.946166 -0.741666 0.670719 0.008187 -43.082322 0.024447 0.014832 0.999591 2.341532
0.670919 0.741024 -0.027404 77.960111 -0.741122 0.671318 0.008382 -43.099508 0.024608 0.014686 0.999589 2.342224
0.670946 0.740997 -0.027474 77.965487 -0.741090 0.671350 0.008645 -43.106353 0.024851 0.014560 0.999585 2.342497
0.670716 0.741194 -0.027769 77.967474 -0.741284 0.671132 0.008921 -43.109541 0.025249 0.014601 0.999575 2.342616
0.670611 0.741265 -0.028408 77.966849 -0.741352 0.671050 0.009431 -43.109714 0.026054 0.014736 0.999552 2.342612
0.670767 0.741095 -0.029138 77.965388 -0.741169 0.671239 0.010325 -43.108810 0.027210 0.014670 0.999522 2.342566
0.671019 0.740854 -0.029491 77.963179 -0.740906 0.671514 0.011260 -43.107208 0.028146 0.014295 0.999502 2.342488
0.671080 0.740797 -0.029526 77.960971 -0.740839 0.671582 0.011641 -43.105607 0.028453 0.014062 0.999496 2.342411
0.671021 0.740857 -0.029368 77.959123 -0.740901 0.671516 0.011489 -43.104381 0.028233 0.014049 0.999503 2.342350
0.671093 0.740797 -0.029215 77.957468 -0.740847 0.671581 0.011224 -43.103316 0.027935 0.014111 0.999510 2.342296
0.671305 0.740599 -0.029369 77.956174 -0.740658 0.671793 0.010948 -43.102627 0.027838 0.014403 0.999509 2.342258
0.671400 0.740500 -0.029699 77.955074 -0.740576 0.671890 0.010504 -43.102099 0.027732 0.014942 0.999504 2.342227
0.671473 0.740428 -0.029837 77.954141 -0.740512 0.671964 0.010295 -43.101787 0.027672 0.015182 0.999502 2.342205
0.671578 0.740327 -0.029993 77.953402 -0.740414 0.672073 0.010257 -43.101635 0.027751 0.015319 0.999497 2.342190
0.671666 0.740239 -0.030194 77.952337 -0.740324 0.672169 0.010431 -43.101598 0.028017 0.015347 0.999490 2.342174
0.671734 0.740196 -0.029710 77.951764 -0.740263 0.672230 0.010847 -43.101661 0.028001 0.014707 0.999500 2.342167
0.671809 0.740140 -0.029432 77.951412 -0.740195 0.672301 0.011106 -43.101831 0.028007 0.014324 0.999505 2.342167
0.671824 0.740129 -0.029354 77.950840 -0.740179 0.672315 0.011260 -43.101895 0.028069 0.014162 0.999506 2.342161
0.671862 0.740090 -0.029458 77.950461 -0.740142 0.672357 0.011225 -43.102119 0.028114 0.014262 0.999503 2.342162
0.671927 0.740023 -0.029676 77.950109 -0.740083 0.672425 0.011037 -43.102288 0.028123 0.014547 0.999499 2.342162
0.671980 0.739970 -0.029786 77.949757 -0.740036 0.672478 0.010899 -43.102458 0.028095 0.014719 0.999497 2.342162
0.672023 0.739933 -0.029729 77.949598 -0.739996 0.672522 0.010985 -43.102788 0.028122 0.014617 0.999498 2.342169
0.672053 0.739910 -0.029627 77.949246 -0.739967 0.672551 0.011112 -43.102957 0.028147 0.014455 0.999499 2.342169
0.672111 0.739864 -0.029463 77.948595 -0.739915 0.672606 0.011263 -43.103186 0.028150 0.014230 0.999502 2.342166
0.672118 0.739855 -0.029526 77.948489 -0.739907 0.672615 0.011281 -43.103406 0.028206 0.014264 0.999500 2.342171
0.672128 0.739841 -0.029664 77.948137 -0.739898 0.672627 0.011157 -43.103575 0.028207 0.014449 0.999498 2.342171
0.672189 0.739782 -0.029742 77.947785 -0.739842 0.672689 0.011063 -43.103745 0.028191 0.014568 0.999496 2.342171
0.672233 0.739745 -0.029667 77.947679 -0.739804 0.672731 0.011084 -43.103965 0.028157 0.014497 0.999498 2.342176
0.672204 0.739773 -0.029625 77.947353 -0.739829 0.672702 0.011167 -43.104079 0.028190 0.014411 0.999499 2.342174
0.672192 0.739789 -0.029494 77.947221 -0.739840 0.672688 0.011283 -43.104354 0.028187 0.014236 0.999501 2.342181
0.672234 0.739752 -0.029459 77.946895 -0.739801 0.672730 0.011334 -43.104468 0.028202 0.014175 0.999502 2.342179
0.672250 0.739737 -0.029480 77.946569 -0.739789 0.672745 0.011226 -43.104583 0.028137 0.014263 0.999502 2.342178
0.672261 0.739728 -0.029463 77.946490 -0.739782 0.672754 0.011167 -43.104748 0.028082 0.014289 0.999504 2.342181
0.672269 0.739718 -0.029534 77.946164 -0.739774 0.672764 0.011110 -43.104862 0.028088 0.014380 0.999502 2.342180
0.672276 0.739710 -0.029570 77.946059 -0.739766 0.672772 0.011139 -43.105082 0.028134 0.014386 0.999501 2.342185
0.672285 0.739704 -0.029500 77.945953 -0.739755 0.672782 0.011271 -43.105302 0.028184 0.014246 0.999501 2.342190
0.672292 0.739700 -0.029442 77.945653 -0.739750 0.672787 0.011289 -43.105362 0.028158 0.014191 0.999503 2.342187
0.672296 0.739698 -0.029400 77.945574 -0.739747 0.672790 0.011300 -43.105527 0.028138 0.014152 0.999504 2.342191
0.672275 0.739714 -0.029491 77.945222 -0.739763 0.672771 0.011343 -43.105696 0.028231 0.014191 0.999501 2.342191
0.672260 0.739721 -0.029659 77.945143 -0.739772 0.672762 0.011381 -43.105861 0.028372 0.014290 0.999495 2.342194
0.672278 0.739703 -0.029694 77.945037 -0.739754 0.672781 0.011404 -43.106081 0.028414 0.014300 0.999494 2.342199
0.672292 0.739691 -0.029677 77.944738 -0.739738 0.672796 0.011522 -43.106140 0.028489 0.014207 0.999493 2.342197
0.672374 0.739619 -0.029622 77.944658 -0.739662 0.672878 0.011611 -43.106305 0.028519 0.014103 0.999494 2.342200
0.672417 0.739582 -0.029543 77.944385 -0.739624 0.672920 0.011625 -43.106310 0.028478 0.014034 0.999496 2.342197
0.672500 0.739507 -0.029549 77.944306 -0.739547 0.673003 0.011670 -43.106475 0.028517 0.014005 0.999495 2.342200
0.672607 0.739408 -0.029579 77.944033 -0.739448 0.673112 0.011720 -43.106479 0.028576 0.013989 0.999494 2.342196
0.672814 0.739219 -0.029589 77.943734 -0.739257 0.673320 0.011784 -43.106539 0.028634 0.013946 0.999493 2.342194
0.672985 0.739068 -0.029493 77.943461 -0.739104 0.673488 0.011776 -43.106543 0.028567 0.013874 0.999496 2.342190
0.673065 0.739010 -0.029119 77.942942 -0.739050 0.673553 0.011468 -43.106497 0.028088 0.013801 0.999510 2.342182
0.673105 0.738976 -0.029061 77.942695 -0.739018 0.673590 0.011353 -43.106446 0.027965 0.013834 0.999513 2.342177
0.673181 0.738908 -0.029015 77.942642 -0.738952 0.673664 0.011261 -43.106556 0.027868 0.013860 0.999516 2.342179
0.673215 0.738878 -0.029001 77.942369 -0.738924 0.673696 0.011190 -43.106561 0.027806 0.013897 0.999517 2.342175
0.673069 0.739011 -0.029009 77.942044 -0.739058 0.673550 0.011168 -43.106675 0.027793 0.013923 0.999517 2.342174
0.673016 0.739055 -0.029107 77.941964 -0.739099 0.673502 0.011303 -43.106840 0.027957 0.013906 0.999512 2.342178
0.672999 0.739068 -0.029170 77.941911 -0.739112 0.673487 0.011365 -43.106950 0.028045 0.013911 0.999510 2.342180
0.672926 0.739133 -0.029203 77.941806 -0.739178 0.673415 0.011326 -43.107170 0.028038 0.013965 0.999509 2.342185
0.672810 0.739238 -0.029235 77.941726 -0.739283 0.673299 0.011334 -43.107335 0.028062 0.013987 0.999508 2.342188
0.672739 0.739300 -0.029277 77.941674 -0.739346 0.673230 0.011354 -43.107445 0.028105 0.014007 0.999507 2.342191
0.672733 0.739307 -0.029253 77.941814 -0.739352 0.673223 0.011387 -43.107716 0.028112 0.013968 0.999507 2.342201
0.672687 0.739350 -0.029224 77.941761 -0.739393 0.673177 0.011421 -43.107826 0.028117 0.013926 0.999508 2.342203
0.672594 0.739434 -0.029225 77.941682 -0.739476 0.673085 0.011469 -43.107991 0.028151 0.013897 0.999507 2.342207
0.672543 0.739479 -0.029256 77.941629 -0.739520 0.673036 0.011513 -43.108101 0.028204 0.013893 0.999506 2.342209
0.672521 0.739498 -0.029299 77.941550 -0.739539 0.673015 0.011517 -43.108266 0.028235 0.013922 0.999504 2.342213
0.672515 0.739502 -0.029330 77.941497 -0.739545 0.673009 0.011490 -43.108376 0.028236 0.013964 0.999504 2.342215
0.672516 0.739497 -0.029442 77.941444 -0.739539 0.673014 0.011571 -43.108486 0.028371 0.013992 0.999500 2.342217
0.672560 0.739449 -0.029634 77.941391 -0.739491 0.673065 0.011645 -43.108596 0.028557 0.014082 0.999493 2.342220
0.672585 0.739424 -0.029685 77.941365 -0.739464 0.673094 0.011777 -43.108651 0.028689 0.014030 0.999490 2.342221
0.672620 0.739393 -0.029688 77.941312 -0.739429 0.673130 0.011869 -43.108761 0.028760 0.013969 0.999489 2.342224
0.672657 0.739356 -0.029737 77.941066 -0.739392 0.673170 0.011928 -43.108710 0.028837 0.013965 0.999487 2.342219
0.672726 0.739291 -0.029796 77.941039 -0.739325 0.673241 0.012002 -43.108765 0.028933 0.013955 0.999484 2.342220
0.672981 0.739060 -0.029769 77.940766 -0.739093 0.673496 0.012049 -43.108769 0.028954 0.013893 0.999484 2.342216
0.673246 0.738829 -0.029503 77.940326 -0.738861 0.673752 0.011948 -43.108558 0.028705 0.013755 0.999493 2.342204
0.673352 0.738742 -0.029294 77.940300 -0.738774 0.673850 0.011810 -43.108613 0.028464 0.013690 0.999501 2.342205
0.673459 0.738646 -0.029243 77.940080 -0.738683 0.673952 0.011615 -43.108508 0.028288 0.013779 0.999505 2.342199
0.673563 0.738556 -0.029117 77.939860 -0.738595 0.674052 0.011489 -43.108402 0.028111 0.013767 0.999510 2.342193
0.673741 0.738389 -0.029230 77.940335 -0.738429 0.674233 0.011531 -43.109104 0.028223 0.013815 0.999506 2.342220
0.673967 0.738173 -0.029487 77.941725 -0.738211 0.674469 0.011697 -43.110719 0.028522 0.013884 0.999497 2.342286
0.674445 0.737732 -0.029596 77.941778 -0.737767 0.674952 0.011846 -43.110609 0.028715 0.013845 0.999492 2.342283
0.674903 0.737315 -0.029532 77.942552 -0.737347 0.675409 0.011929 -43.111251 0.028742 0.013725 0.999493 2.342313
0.675319 0.736928 -0.029673 77.944189 -0.736961 0.675830 0.011927 -43.112917 0.028843 0.013813 0.999489 2.342384
0.675874 0.736416 -0.029752 77.947770 -0.736447 0.676388 0.012015 -43.116734 0.028972 0.013790 0.999485 2.342544
0.676591 0.735759 -0.029722 77.953515 -0.735788 0.677105 0.012057 -43.122809 0.028996 0.013711 0.999485 2.342800
0.677428 0.734986 -0.029781 77.961540 -0.735015 0.677944 0.012055 -43.131466 0.029051 0.013723 0.999484 2.343162
0.678251 0.734228 -0.029750 77.972090 -0.734255 0.678766 0.012101 -43.142758 0.029078 0.013637 0.999484 2.343636
0.678990 0.733548 -0.029649 77.982666 -0.733571 0.679504 0.012168 -43.153994 0.029073 0.013487 0.999486 2.344109
0.679799 0.732802 -0.029576 77.994465 -0.732828 0.680308 0.012034 -43.166629 0.028939 0.013493 0.999490 2.344639
0.680506 0.732154 -0.029355 78.006291 -0.732183 0.681006 0.011771 -43.179210 0.028609 0.013483 0.999500 2.345168
0.681359 0.731366 -0.029209 78.018838 -0.731401 0.681851 0.011505 -43.192543 0.028331 0.013524 0.999507 2.345729
0.683068 0.729776 -0.029064 78.043959 -0.729821 0.683549 0.011023 -43.219154 0.027911 0.013682 0.999517 2.346849
0.683976 0.728927 -0.029032 78.058336 -0.728974 0.684454 0.010899 -43.234313 0.027816 0.013708 0.999519 2.347488
0.684784 0.728171 -0.028952 78.072326 -0.728219 0.685259 0.010818 -43.249151 0.027717 0.013676 0.999522 2.348113
0.685529 0.727476 -0.028787 78.087284 -0.727523 0.685999 0.010756 -43.264792 0.027573 0.013570 0.999528 2.348774
0.686093 0.726952 -0.028565 78.098635 -0.727002 0.686554 0.010530 -43.276671 0.027266 0.013542 0.999536 2.349276
0.686677 0.726408 -0.028392 78.110900 -0.726464 0.687129 0.010193 -43.289463 0.026914 0.013627 0.999545 2.349818
0.687200 0.725917 -0.028276 78.122251 -0.725980 0.687645 0.009874 -43.301341 0.026612 0.013742 0.999551 2.350320
0.687655 0.725487 -0.028270 78.133769 -0.725555 0.688096 0.009674 -43.313436 0.026471 0.013859 0.999554 2.350830
0.687987 0.725171 -0.028307 78.144618 -0.725241 0.688428 0.009628 -43.324668 0.026469 0.013905 0.999553 2.351307
0.688358 0.724817 -0.028346 78.154710 -0.724886 0.688801 0.009651 -43.334656 0.026520 0.013904 0.999552 2.351737
0.688846 0.724351 -0.028408 78.169264 -0.724421 0.689290 0.009644 -43.348885 0.026567 0.013936 0.999550 2.352352
0.689070 0.724136 -0.028459 78.176304 -0.724205 0.689517 0.009708 -43.355648 0.026653 0.013921 0.999548 2.352646
0.689199 0.724015 -0.028427 78.183009 -0.724083 0.689644 0.009687 -43.361980 0.026618 0.013907 0.999549 2.352922
0.689155 0.724057 -0.028408 78.186080 -0.724127 0.689599 0.009620 -43.364605 0.026556 0.013941 0.999550 2.353041
0.689075 0.724130 -0.028481 78.187039 -0.724202 0.689521 0.009585 -43.364863 0.026579 0.014021 0.999548 2.353062
0.689041 0.724159 -0.028573 78.186890 -0.724231 0.689490 0.009620 -43.364046 0.026668 0.014065 0.999545 2.353037
0.689076 0.724115 -0.028835 78.186353 -0.724190 0.689533 0.009690 -43.362909 0.026899 0.014205 0.999537 2.352996
0.689159 0.724029 -0.029031 78.185650 -0.724100 0.689624 0.009907 -43.361556 0.027193 0.014194 0.999529 2.352948
0.689217 0.723971 -0.029074 78.184920 -0.724037 0.689687 0.010139 -43.360258 0.027393 0.014063 0.999526 2.352900
0.689273 0.723920 -0.029030 78.184383 -0.723983 0.689743 0.010210 -43.359120 0.027415 0.013980 0.999526 2.352860
0.689346 0.723854 -0.028938 78.184014 -0.723916 0.689813 0.010189 -43.358199 0.027337 0.013925 0.999529 2.352828
0.689460 0.723744 -0.028979 78.183636 -0.723809 0.689926 0.010089 -43.356731 0.027296 0.014019 0.999529 2.352780
0.689541 0.723664 -0.029031 78.183407 -0.723732 0.690008 0.010041 -43.356080 0.027298 0.014087 0.999528 2.352759
0.689584 0.723621 -0.029101 78.183566 -0.723688 0.690053 0.010100 -43.355750 0.027389 0.014095 0.999525 2.352751
