1.000000 0.000129 0.000000 0.775249 -0.000129 1.000000 -0.000000 0.047855 -0.000000 0.000000 1.000000 0.000000
0.999997 0.002434 0.000000 1.349564 -0.002434 0.999997 -0.000000 0.047731 -0.000000 0.000000 1.000000 0.000000
0.999986 0.005251 0.000000 1.967748 -0.005251 0.999986 -0.000000 0.019464 -0.000000 0.000000 1.000000 0.000000
0.999968 0.008035 0.000000 2.588143 -0.008035 0.999968 -0.000000 0.043102 -0.000000 0.000000 1.000000 0.000000
0.999926 0.012132 0.000000 3.694888 -0.012132 0.999926 -0.000000 -0.005957 -0.000000 0.000000 1.000000 0.000000
0.999886 0.015130 0.000000 4.361256 -0.015130 0.999886 -0.000000 -0.014483 -0.000000 0.000000 1.000000 0.000000
0.999792 0.020396 0.000000 5.380022 -0.020396 0.999792 -0.000000 -0.027783 -0.000000 0.000000 1.000000 0.000000
0.999739 0.022847 0.000000 5.988580 -0.022847 0.999739 -0.000000 -0.044481 -0.000000 0.000000 1.000000 0.000000
0.999716 0.023851 0.000000 6.463050 -0.023851 0.999716 -0.000000 0.002152 -0.000000 0.000000 1.000000 0.000000
0.999706 0.024256 0.000000 6.880253 -0.024256 0.999706 -0.000000 0.123220 -0.000000 0.000000 1.000000 0.000000
0.999599 0.028318 0.000000 8.050902 -0.028318 0.999599 -0.000000 0.184837 -0.000000 0.000000 1.000000 0.000000
0.999437 0.033541 0.000000 8.468694 -0.033541 0.999437 -0.000000 0.134950 -0.000000 0.000000 1.000000 0.000000
0.999398 0.034703 0.000000 8.753596 -0.034703 0.999398 -0.000000 0.202615 -0.000000 0.000000 1.000000 0.000000
0.999232 0.039172 0.000000 9.375407 -0.039172 0.999232 -0.000000 0.167611 -0.000000 0.000000 1.000000 0.000000
0.999030 0.044024 0.000000 9.816815 -0.044024 0.999030 -0.000000 0.189530 -0.000000 0.000000 1.000000 0.000000
0.998694 0.051090 0.000000 10.537711 -0.051090 0.998694 -0.000000 0.086070 -0.000000 0.000000 1.000000 0.000000
0.998353 0.057369 0.000000 11.044690 -0.057369 0.998353 -0.000000 -0.000814 -0.000000 0.000000 1.000000 0.000000
0.997751 0.067033 0.000000 12.032976 -0.067033 0.997751 -0.000000 -0.114179 -0.000000 0.000000 1.000000 0.000000
0.997210 0.074642 0.000000 12.773302 -0.074642 0.997210 -0.000000 -0.203989 -0.000000 0.000000 1.000000 0.000000
0.996831 0.079548 0.000000 13.249074 -0.079548 0.996831 -0.000000 -0.214680 -0.000000 0.000000 1.000000 0.000000
0.996443 0.084267 0.000000 13.489270 -0.084267 0.996443 -0.000000 -0.173013 -0.000000 0.000000 1.000000 0.000000
0.995201 0.097855 0.000000 14.524462 -0.097855 0.995201 -0.000000 -0.196266 -0.000000 0.000000 1.000000 0.000000
0.994359 0.106069 0.000000 15.161827 -0.106069 0.994359 -0.000000 -0.316892 -0.000000 0.000000 1.000000 0.000000
0.993525 0.113614 0.000000 15.764234 -0.113614 0.993525 -0.000000 -0.392266 -0.000000 0.000000 1.000000 0.000000
0.992578 0.121611 0.000000 16.452592 -0.121611 0.992578 -0.000000 -0.446659 -0.000000 0.000000 1.000000 0.000000
0.991985 0.126359 0.000000 16.640019 -0.126359 0.991985 -0.000000 -0.435978 -0.000000 0.000000 1.000000 0.000000
0.991265 0.131883 0.000000 17.142820 -0.131883 0.991265 -0.000000 -0.490405 -0.000000 0.000000 1.000000 0.000000
0.990580 0.136932 0.000000 17.582446 -0.136932 0.990580 -0.000000 -0.570684 -0.000000 0.000000 1.000000 0.000000
0.989684 0.143266 0.000000 18.232896 -0.143266 0.989684 -0.000000 -0.738960 -0.000000 0.000000 1.000000 0.000000
0.988681 0.150035 0.000000 18.873605 -0.150035 0.988681 -0.000000 -0.814571 -0.000000 0.000000 1.000000 0.000000
0.986900 0.161331 0.000000 19.623958 -0.161331 0.986900 -0.000000 -1.050960 -0.000000 0.000000 1.000000 0.000000
0.985645 0.168834 0.000000 20.059413 -0.168834 0.985645 -0.000000 -1.232793 -0.000000 0.000000 1.000000 0.000000
0.984519 0.175276 0.000000 20.809260 -0.175276 0.984519 -0.000000 -1.366892 -0.000000 0.000000 1.000000 0.000000
0.983438 0.181245 0.000000 21.409903 -0.181245 0.983438 -0.000000 -1.416174 -0.000000 0.000000 1.000000 0.000000
0.982167 0.188013 0.000000 22.164204 -0.188013 0.982167 -0.000000 -1.544655 -0.000000 0.000000 1.000000 0.000000
0.980870 0.194663 0.000000 22.717191 -0.194663 0.980870 -0.000000 -1.585368 -0.000000 0.000000 1.000000 0.000000
0.979849 0.199740 0.000000 23.041045 -0.199740 0.979849 -0.000000 -1.576079 -0.000000 0.000000 1.000000 0.000000
0.978377 0.206830 0.000000 23.586473 -0.206830 0.978377 -0.000000 -1.695520 -0.000000 0.000000 1.000000 0.000000
0.976546 0.215309 0.000000 24.161060 -0.215309 0.976546 -0.000000 -1.896974 -0.000000 0.000000 1.000000 0.000000
0.974821 0.222991 0.000000 24.708747 -0.222991 0.974821 -0.000000 -1.999930 -0.000000 0.000000 1.000000 0.000000
0.972902 0.231220 0.000000 25.415152 -0.231220 0.972902 -0.000000 -2.160759 -0.000000 0.000000 1.000000 0.000000
0.971498 0.237046 0.000000 25.773116 -0.237046 0.971498 -0.000000 -2.161011 -0.000000 0.000000 1.000000 0.000000
0.969920 0.243424 0.000000 26.285067 -0.243424 0.969920 -0.000000 -2.287997 -0.000000 0.000000 1.000000 0.000000
0.968191 0.250214 0.000000 26.869402 -0.250214 0.968191 -0.000000 -2.429800 -0.000000 0.000000 1.000000 0.000000
0.966701 0.255909 0.000000 27.374073 -0.255909 0.966701 -0.000000 -2.559888 -0.000000 0.000000 1.000000 0.000000
0.963227 0.268689 0.000000 28.145652 -0.268689 0.963227 -0.000000 -2.813577 -0.000000 0.000000 1.000000 0.000000
0.961652 0.274273 0.000000 28.667713 -0.274273 0.961652 -0.000000 -3.018270 -0.000000 0.000000 1.000000 0.000000
0.959811 0.280649 0.000000 29.309763 -0.280649 0.959811 -0.000000 -3.181721 -0.000000 0.000000 1.000000 0.000000
0.956194 0.292734 0.000000 29.934676 -0.292734 0.956194 -0.000000 -3.436656 -0.000000 0.000000 1.000000 0.000000
0.954691 0.297599 0.000000 30.308887 -0.297599 0.954691 -0.000000 -3.672430 -0.000000 0.000000 1.000000 0.000000
0.953000 0.302969 0.000000 30.804243 -0.302969 0.953000 -0.000000 -3.757511 -0.000000 0.000000 1.000000 0.000000
0.949902 0.312547 0.000000 31.587152 -0.312547 0.949902 -0.000000 -4.021414 -0.000000 0.000000 1.000000 0.000000
0.948145 0.317837 0.000000 32.060360 -0.317837 0.948145 -0.000000 -4.183042 -0.000000 0.000000 1.000000 0.000000
0.948223 0.317606 0.000000 32.133551 -0.317606 0.948223 -0.000000 -4.236568 -0.000000 0.000000 1.000000 0.000000
0.946954 0.321369 0.000000 32.355382 -0.321369 0.946954 -0.000000 -4.349473 -0.000000 0.000000 1.000000 0.000000
0.946705 0.322103 0.000000 32.662024 -0.322103 0.946705 -0.000000 -4.381358 -0.000000 0.000000 1.000000 0.000000
0.943677 0.330868 0.000000 33.492564 -0.330868 0.943677 -0.000000 -4.648348 -0.000000 0.000000 1.000000 0.000000
0.942395 0.334503 0.000000 33.780847 -0.334503 0.942395 -0.000000 -4.775664 -0.000000 0.000000 1.000000 0.000000
0.940351 0.340205 0.000000 34.350163 -0.340205 0.940351 -0.000000 -5.089623 -0.000000 0.000000 1.000000 0.000000
0.938654 0.344861 0.000000 34.923330 -0.344861 0.938654 -0.000000 -5.306263 -0.000000 0.000000 1.000000 0.000000
0.936168 0.351552 0.000000 35.675038 -0.351552 0.936168 -0.000000 -5.541575 -0.000000 0.000000 1.000000 0.000000
0.933307 0.359079 0.000000 36.201723 -0.359079 0.933307 -0.000000 -5.746593 -0.000000 0.000000 1.000000 0.000000
0.931582 0.363532 0.000000 36.667230 -0.363532 0.931582 -0.000000 -5.976417 -0.000000 0.000000 1.000000 0.000000
0.929934 0.367728 0.000000 37.165207 -0.367728 0.929934 -0.000000 -6.183725 -0.000000 0.000000 1.000000 0.000000
0.927135 0.374727 0.000000 37.762672 -0.374727 0.927135 -0.000000 -6.415057 -0.000000 0.000000 1.000000 0.000000
0.924975 0.380028 0.000000 38.252762 -0.380028 0.924975 -0.000000 -6.612156 -0.000000 0.000000 1.000000 0.000000
0.921613 0.388109 0.000000 38.684034 -0.388109 0.921613 -0.000000 -6.859662 -0.000000 0.000000 1.000000 0.000000
0.919501 0.393088 0.000000 39.245466 -0.393088 0.919501 -0.000000 -6.951746 -0.000000 0.000000 1.000000 0.000000
0.917527 0.397674 0.000000 39.720419 -0.397674 0.917527 -0.000000 -7.056304 -0.000000 0.000000 1.000000 0.000000
0.916162 0.400808 0.000000 40.070824 -0.400808 0.916162 -0.000000 -7.159767 -0.000000 0.000000 1.000000 0.000000
0.914554 0.404464 0.000000 40.519642 -0.404464 0.914554 -0.000000 -7.193210 -0.000000 0.000000 1.000000 0.000000
0.911355 0.411622 0.000000 41.236047 -0.411622 0.911355 -0.000000 -7.477529 -0.000000 0.000000 1.000000 0.000000
0.907113 0.420886 0.000000 41.992438 -0.420886 0.907113 -0.000000 -7.766845 -0.000000 0.000000 1.000000 0.000000
0.905043 0.425319 0.000000 42.452173 -0.425319 0.905043 -0.000000 -7.901344 -0.000000 0.000000 1.000000 0.000000
0.900229 0.435418 0.000000 43.311281 -0.435418 0.900229 -0.000000 -8.420653 -0.000000 0.000000 1.000000 0.000000
0.897060 0.441910 0.000000 44.169210 -0.441910 0.897060 -0.000000 -8.651663 -0.000000 0.000000 1.000000 0.000000
0.893591 0.448882 0.000000 44.811192 -0.448882 0.893591 -0.000000 -8.856643 -0.000000 0.000000 1.000000 0.000000
0.894044 0.447980 0.000000 45.033310 -0.447980 0.894044 -0.000000 -8.943913 -0.000000 0.000000 1.000000 0.000000
0.891521 0.452980 0.000000 45.277243 -0.452980 0.891521 -0.000000 -9.175664 -0.000000 0.000000 1.000000 0.000000
0.889398 0.457135 0.000000 45.809253 -0.457135 0.889398 -0.000000 -9.449058 -0.000000 0.000000 1.000000 0.000000
0.886307 0.463098 0.000000 46.560689 -0.463098 0.886307 -0.000000 -9.921586 -0.000000 0.000000 1.000000 0.000000
0.884798 0.465975 0.000000 46.990953 -0.465975 0.884798 -0.000000 -10.107922 -0.000000 0.000000 1.000000 0.000000
0.884033 0.467424 0.000000 47.513261 -0.467424 0.884033 -0.000000 -10.293946 -0.000000 0.000000 1.000000 0.000000
0.881562 0.472068 0.000000 48.003746 -0.472068 0.881562 -0.000000 -10.575280 -0.000000 0.000000 1.000000 0.000000
0.879183 0.476484 0.000000 48.556685 -0.476484 0.879183 -0.000000 -10.890586 -0.000000 0.000000 1.000000 0.000000
0.877207 0.480113 0.000000 49.020164 -0.480113 0.877207 -0.000000 -10.985411 -0.000000 0.000000 1.000000 0.000000
0.875007 0.484110 0.000000 49.488756 -0.484110 0.875007 -0.000000 -11.234010 -0.000000 0.000000 1.000000 0.000000
0.873189 0.487381 0.000000 49.917417 -0.487381 0.873189 -0.000000 -11.472946 -0.000000 0.000000 1.000000 0.000000
0.871906 0.489672 0.000000 50.316814 -0.489672 0.871906 -0.000000 -11.643913 -0.000000 0.000000 1.000000 0.000000
0.870066 0.492936 0.000000 50.867548 -0.492936 0.870066 -0.000000 -11.820637 -0.000000 0.000000 1.000000 0.000000
0.866646 0.498924 0.000000 51.228508 -0.498924 0.866646 -0.000000 -12.028206 -0.000000 0.000000 1.000000 0.000000
0.865806 0.500379 0.000000 51.593204 -0.500379 0.865806 -0.000000 -12.267453 -0.000000 0.000000 1.000000 0.000000
0.865517 0.500880 0.000000 51.960225 -0.500880 0.865517 -0.000000 -12.451448 -0.000000 0.000000 1.000000 0.000000
0.858628 0.512600 0.000000 52.621910 -0.512600 0.858628 -0.000000 -12.925030 -0.000000 0.000000 1.000000 0.000000
0.858176 0.513356 0.000000 52.864911 -0.513356 0.858176 -0.000000 -12.969603 -0.000000 0.000000 1.000000 0.000000
0.856937 0.515421 0.000000 53.163189 -0.515421 0.856937 -0.000000 -13.216928 -0.000000 0.000000 1.000000 0.000000
0.853538 0.521030 0.000000 53.334410 -0.521030 0.853538 -0.000000 -13.410177 -0.000000 0.000000 1.000000 0.000000
0.849525 0.527549 0.000000 53.807509 -0.527549 0.849525 -0.000000 -13.763966 -0.000000 0.000000 1.000000 0.000000
0.846211 0.532848 0.000000 54.002834 -0.532848 0.846211 -0.000000 -13.894469 -0.000000 0.000000 1.000000 0.000000
0.843083 0.537783 0.000000 54.349034 -0.537783 0.843083 -0.000000 -14.122752 -0.000000 0.000000 1.000000 0.000000
0.840551 0.541732 0.000000 54.509328 -0.541732 0.840551 -0.000000 -14.264859 -0.000000 0.000000 1.000000 0.000000
0.838457 0.544967 0.000000 54.777547 -0.544967 0.838457 -0.000000 -14.443133 -0.000000 0.000000 1.000000 0.000000
0.835535 0.549437 0.000000 55.110301 -0.549437 0.835535 -0.000000 -14.665474 -0.000000 0.000000 1.000000 0.000000
0.831956 0.554842 0.000000 55.544685 -0.554842 0.831956 -0.000000 -14.920476 -0.000000 0.000000 1.000000 0.000000
0.829687 0.558228 0.000000 55.888700 -0.558228 0.829687 -0.000000 -15.126961 -0.000000 0.000000 1.000000 0.000000
0.827330 0.561716 0.000000 56.161633 -0.561716 0.827330 -0.000000 -15.261082 -0.000000 0.000000 1.000000 0.000000
0.824977 0.565167 0.000000 56.445218 -0.565167 0.824977 -0.000000 -15.575609 -0.000000 0.000000 1.000000 0.000000
0.822698 0.568479 0.000000 56.778250 -0.568479 0.822698 -0.000000 -15.715274 -0.000000 0.000000 1.000000 0.000000
0.818573 0.574403 0.000000 57.302897 -0.574403 0.818573 -0.000000 -16.092961 -0.000000 0.000000 1.000000 0.000000
0.815826 0.578298 0.000000 57.683268 -0.578298 0.815826 -0.000000 -16.408567 -0.000000 0.000000 1.000000 0.000000
0.815703 0.578470 0.000000 57.931370 -0.578470 0.815703 -0.000000 -16.577813 -0.000000 0.000000 1.000000 0.000000
0.813007 0.582253 0.000000 58.227187 -0.582253 0.813007 -0.000000 -16.907483 -0.000000 0.000000 1.000000 0.000000
0.809734 0.586797 0.000000 58.407215 -0.586797 0.809734 -0.000000 -17.108144 -0.000000 0.000000 1.000000 0.000000
0.808811 0.588068 0.000000 58.657926 -0.588068 0.808811 -0.000000 -17.295073 -0.000000 0.000000 1.000000 0.000000
0.805885 0.592073 0.000000 59.053574 -0.592073 0.805885 -0.000000 -17.569829 -0.000000 0.000000 1.000000 0.000000
0.804677 0.593713 0.000000 59.322942 -0.593713 0.804677 -0.000000 -17.723686 -0.000000 0.000000 1.000000 0.000000
0.799940 0.600080 0.000000 59.679890 -0.600080 0.799940 -0.000000 -18.147451 -0.000000 0.000000 1.000000 0.000000
0.799684 0.600421 0.000000 59.876430 -0.600421 0.799684 -0.000000 -18.324145 -0.000000 0.000000 1.000000 0.000000
0.796432 0.604728 0.000000 60.114867 -0.604728 0.796432 -0.000000 -18.520486 -0.000000 0.000000 1.000000 0.000000
0.794234 0.607612 0.000000 60.349640 -0.607612 0.794234 -0.000000 -18.707663 -0.000000 0.000000 1.000000 0.000000
0.791706 0.610902 0.000000 60.871088 -0.610902 0.791706 -0.000000 -19.042517 -0.000000 0.000000 1.000000 0.000000
0.790078 0.613006 0.000000 60.961571 -0.613006 0.790078 -0.000000 -19.165223 -0.000000 0.000000 1.000000 0.000000
0.788164 0.615466 0.000000 61.270532 -0.615466 0.788164 -0.000000 -19.371347 -0.000000 0.000000 1.000000 0.000000
0.784750 0.619813 0.000000 61.686490 -0.619813 0.784750 -0.000000 -19.613527 -0.000000 0.000000 1.000000 0.000000
0.782848 0.622213 0.000000 62.025636 -0.622213 0.782848 -0.000000 -19.775925 -0.000000 0.000000 1.000000 0.000000
0.782029 0.623242 0.000000 62.241225 -0.623242 0.782029 -0.000000 -20.001239 -0.000000 0.000000 1.000000 0.000000
0.781315 0.624136 0.000000 62.423058 -0.624136 0.781315 -0.000000 -20.176185 -0.000000 0.000000 1.000000 0.000000
0.779400 0.626526 0.000000 62.689414 -0.626526 0.779400 -0.000000 -20.339112 -0.000000 0.000000 1.000000 0.000000
0.778525 0.627614 0.000000 62.876296 -0.627614 0.778525 -0.000000 -20.506650 -0.000000 0.000000 1.000000 0.000000
0.780363 0.625327 0.000000 62.974583 -0.625327 0.780363 -0.000000 -20.620951 -0.000000 0.000000 1.000000 0.000000
0.774149 0.633004 0.000000 63.308564 -0.633004 0.774149 -0.000000 -20.838313 -0.000000 0.000000 1.000000 0.000000
0.774241 0.632890 0.000000 63.484233 -0.632890 0.774241 -0.000000 -20.926198 -0.000000 0.000000 1.000000 0.000000
0.774537 0.632529 0.000000 63.733006 -0.632529 0.774537 -0.000000 -21.141421 -0.000000 0.000000 1.000000 0.000000
0.774127 0.633030 0.000000 63.931266 -0.633030 0.774127 -0.000000 -21.261522 -0.000000 0.000000 1.000000 0.000000
0.773085 0.634302 0.000000 64.083157 -0.634302 0.773085 -0.000000 -21.393249 -0.000000 0.000000 1.000000 0.000000
0.772835 0.634607 0.000000 64.035133 -0.634607 0.772835 -0.000000 -21.353665 -0.000000 0.000000 1.000000 0.000000
0.772080 0.635525 0.000000 64.190334 -0.635525 0.772080 -0.000000 -21.493656 -0.000000 0.000000 1.000000 0.000000
0.770297 0.637685 0.000000 64.753186 -0.637685 0.770297 -0.000000 -21.752318 -0.000000 0.000000 1.000000 0.000000
0.768375 0.640000 0.000000 64.911057 -0.640000 0.768375 -0.000000 -21.883003 -0.000000 0.000000 1.000000 0.000000
0.765114 0.643894 0.000000 65.270605 -0.643894 0.765114 -0.000000 -22.133300 -0.000000 0.000000 1.000000 0.000000
0.765399 0.643556 0.000000 65.419309 -0.643556 0.765399 -0.000000 -22.295961 -0.000000 0.000000 1.000000 0.000000
0.764600 0.644506 0.000000 65.601270 -0.644506 0.764600 -0.000000 -22.413721 -0.000000 0.000000 1.000000 0.000000
0.762687 0.646767 0.000000 65.736461 -0.646767 0.762687 -0.000000 -22.561781 -0.000000 0.000000 1.000000 0.000000
0.762358 0.647155 0.000000 65.854192 -0.647155 0.762358 -0.000000 -22.653375 -0.000000 0.000000 1.000000 0.000000
0.756729 0.653728 0.000000 65.845897 -0.653728 0.756729 -0.000000 -22.839654 -0.000000 0.000000 1.000000 0.000000
0.757939 0.652325 0.000000 65.965877 -0.652325 0.757939 -0.000000 -22.834558 -0.000000 0.000000 1.000000 0.000000
0.756622 0.653852 0.000000 66.140673 -0.653852 0.756622 -0.000000 -22.918354 -0.000000 0.000000 1.000000 0.000000
0.754563 0.656228 0.000000 66.410972 -0.656228 0.754563 -0.000000 -23.071161 -0.000000 0.000000 1.000000 0.000000
0.752582 0.658499 0.000000 66.570715 -0.658499 0.752582 -0.000000 -23.189222 -0.000000 0.000000 1.000000 0.000000
0.747159 0.664645 0.000000 66.830116 -0.664645 0.747159 -0.000000 -23.431874 -0.000000 0.000000 1.000000 0.000000
0.742866 0.669440 0.000000 67.070274 -0.669440 0.742866 -0.000000 -23.621794 -0.000000 0.000000 1.000000 0.000000
0.741279 0.671197 0.000000 67.228132 -0.671197 0.741279 -0.000000 -23.757218 -0.000000 0.000000 1.000000 0.000000
0.738746 0.673984 0.000000 67.295046 -0.673984 0.738746 -0.000000 -23.809592 -0.000000 0.000000 1.000000 0.000000
0.738835 0.673886 0.000000 67.441331 -0.673886 0.738835 -0.000000 -23.953193 -0.000000 0.000000 1.000000 0.000000
0.737283 0.675584 0.000000 67.685967 -0.675584 0.737283 -0.000000 -24.080701 -0.000000 0.000000 1.000000 0.000000
0.735622 0.677392 0.000000 67.844895 -0.677392 0.735622 -0.000000 -24.248582 -0.000000 0.000000 1.000000 0.000000
0.730797 0.682594 0.000000 67.768935 -0.682594 0.730797 -0.000000 -24.329221 -0.000000 0.000000 1.000000 0.000000
0.728987 0.684528 0.000000 67.885550 -0.684528 0.728987 -0.000000 -24.378739 -0.000000 0.000000 1.000000 0.000000
0.726370 0.687303 0.000000 68.047755 -0.687303 0.726370 -0.000000 -24.500670 -0.000000 0.000000 1.000000 0.000000
0.724099 0.689696 0.000000 68.066770 -0.689696 0.724099 -0.000000 -24.546131 -0.000000 0.000000 1.000000 0.000000
0.723303 0.690530 0.000000 68.279150 -0.690530 0.723303 -0.000000 -24.584021 -0.000000 0.000000 1.000000 0.000000
0.721454 0.692462 0.000000 68.456935 -0.692462 0.721454 -0.000000 -24.762566 -0.000000 0.000000 1.000000 0.000000
0.719311 0.694689 0.000000 68.646557 -0.694689 0.719311 -0.000000 -25.073080 -0.000000 0.000000 1.000000 0.000000
0.716073 0.698026 0.000000 68.962388 -0.698026 0.716073 -0.000000 -25.332593 -0.000000 0.000000 1.000000 0.000000
0.713947 0.700199 0.000000 69.014047 -0.700199 0.713947 -0.000000 -25.466465 -0.000000 0.000000 1.000000 0.000000
0.710630 0.703566 0.000000 69.341580 -0.703566 0.710630 -0.000000 -25.811208 -0.000000 0.000000 1.000000 0.000000
0.707669 0.706544 0.000000 69.604601 -0.706544 0.707669 -0.000000 -25.967492 -0.000000 0.000000 1.000000 0.000000
0.704621 0.709583 0.000000 69.773440 -0.709583 0.704621 -0.000000 -26.150224 -0.000000 0.000000 1.000000 0.000000
0.702635 0.711551 0.000000 69.959116 -0.711551 0.702635 -0.000000 -26.341563 -0.000000 0.000000 1.000000 0.000000
0.698703 0.715412 0.000000 70.245920 -0.715412 0.698703 -0.000000 -26.637392 -0.000000 0.000000 1.000000 0.000000
0.696248 0.717801 0.000000 70.425314 -0.717801 0.696248 -0.000000 -26.833742 -0.000000 0.000000 1.000000 0.000000
0.696969 0.717101 0.000000 70.645794 -0.717101 0.696969 -0.000000 -26.920677 -0.000000 0.000000 1.000000 0.000000
0.693946 0.720027 0.000000 70.768392 -0.720027 0.693946 -0.000000 -27.152299 -0.000000 0.000000 1.000000 0.000000
0.695936 0.718104 0.000000 71.095721 -0.718104 0.695936 -0.000000 -27.223910 -0.000000 0.000000 1.000000 0.000000
0.692885 0.721048 0.000000 71.245832 -0.721048 0.692885 -0.000000 -27.389640 -0.000000 0.000000 1.000000 0.000000
0.688311 0.725416 0.000000 71.268483 -0.725416 0.688311 -0.000000 -27.593735 -0.000000 0.000000 1.000000 0.000000
0.681618 0.731709 0.000000 71.365090 -0.731709 0.681618 -0.000000 -28.041339 -0.000000 0.000000 1.000000 0.000000
0.678867 0.734262 0.000000 71.593685 -0.734262 0.678867 -0.000000 -28.282364 -0.000000 0.000000 1.000000 0.000000
0.676161 0.736754 0.000000 71.759545 -0.736754 0.676161 -0.000000 -28.466642 -0.000000 0.000000 1.000000 0.000000
0.674577 0.738205 0.000000 71.792470 -0.738205 0.674577 -0.000000 -28.703310 -0.000000 0.000000 1.000000 0.000000
0.672261 0.740314 0.000000 71.970140 -0.740314 0.672261 -0.000000 -28.907653 -0.000000 0.000000 1.000000 0.000000
0.673616 0.739081 0.000000 72.117563 -0.739081 0.673616 -0.000000 -28.964784 -0.000000 0.000000 1.000000 0.000000
0.672147 0.740418 0.000000 72.244319 -0.740418 0.672147 -0.000000 -29.179785 -0.000000 0.000000 1.000000 0.000000
0.669034 0.743232 0.000000 72.253659 -0.743232 0.669034 -0.000000 -29.405995 -0.000000 0.000000 1.000000 0.000000
0.667994 0.744166 0.000000 72.221751 -0.744166 0.667994 -0.000000 -29.564379 -0.000000 0.000000 1.000000 0.000000
0.667405 0.744695 0.000000 72.537055 -0.744695 0.667405 -0.000000 -29.828071 -0.000000 0.000000 1.000000 0.000000
0.667842 0.744303 0.000000 72.697808 -0.744303 0.667842 -0.000000 -30.028840 -0.000000 0.000000 1.000000 0.000000
0.668810 0.743433 0.000000 72.853887 -0.743433 0.668810 -0.000000 -30.281598 -0.000000 0.000000 1.000000 0.000000
0.666892 0.745154 0.000000 73.051333 -0.745154 0.666892 -0.000000 -30.676531 -0.000000 0.000000 1.000000 0.000000
0.670009 0.742353 0.000000 73.216014 -0.742353 0.670009 -0.000000 -30.826630 -0.000000 0.000000 1.000000 0.000000
0.672275 0.740301 0.000000 73.358610 -0.740301 0.672275 -0.000000 -30.950555 -0.000000 0.000000 1.000000 0.000000
0.673600 0.739096 0.000000 73.529986 -0.739096 0.673600 -0.000000 -31.146422 -0.000000 0.000000 1.000000 0.000000
0.675166 0.737665 0.000000 73.515474 -0.737665 0.675166 -0.000000 -31.191939 -0.000000 0.000000 1.000000 0.000000
0.675664 0.737210 0.000000 73.662377 -0.737210 0.675664 -0.000000 -31.359455 -0.000000 0.000000 1.000000 0.000000
0.676178 0.736738 0.000000 74.080350 -0.736738 0.676178 -0.000000 -31.699681 -0.000000 0.000000 1.000000 0.000000
0.678466 0.734632 0.000000 74.273573 -0.734632 0.678466 -0.000000 -31.853911 -0.000000 0.000000 1.000000 0.000000
0.680929 0.732350 0.000000 74.365368 -0.732350 0.680929 -0.000000 -31.942558 -0.000000 0.000000 1.000000 0.000000
0.681964 0.731386 0.000000 74.599425 -0.731386 0.681964 -0.000000 -32.096031 -0.000000 0.000000 1.000000 0.000000
0.684585 0.728933 0.000000 74.785444 -0.728933 0.684585 -0.000000 -32.200741 -0.000000 0.000000 1.000000 0.000000
0.683532 0.729921 0.000000 74.846797 -0.729921 0.683532 -0.000000 -32.449482 -0.000000 0.000000 1.000000 0.000000
0.685331 0.728231 0.000000 75.061466 -0.728231 0.685331 -0.000000 -32.699272 -0.000000 0.000000 1.000000 0.000000
0.688798 0.724953 0.000000 75.234798 -0.724953 0.688798 -0.000000 -32.872668 -0.000000 0.000000 1.000000 0.000000
0.688329 0.725399 0.000000 75.373782 -0.725399 0.688329 -0.000000 -33.033169 -0.000000 0.000000 1.000000 0.000000
0.689909 0.723896 0.000000 75.562888 -0.723896 0.689909 -0.000000 -33.264284 -0.000000 0.000000 1.000000 0.000000
0.692216 0.721690 0.000000 75.671534 -0.721690 0.692216 -0.000000 -33.347066 -0.000000 0.000000 1.000000 0.000000
0.695448 0.718577 0.000000 75.783850 -0.718577 0.695448 -0.000000 -33.454382 -0.000000 0.000000 1.000000 0.000000
0.698203 0.715900 0.000000 75.901372 -0.715900 0.698203 -0.000000 -33.586975 -0.000000 0.000000 1.000000 0.000000
0.704768 0.709438 0.000000 76.146185 -0.709438 0.704768 -0.000000 -33.885112 -0.000000 0.000000 1.000000 0.000000
0.708756 0.705453 0.000000 76.189194 -0.705453 0.708756 -0.000000 -33.986491 -0.000000 0.000000 1.000000 0.000000
0.711677 0.702507 0.000000 76.384839 -0.702507 0.711677 -0.000000 -34.139936 -0.000000 0.000000 1.000000 0.000000
0.716544 0.697542 0.000000 76.732902 -0.697542 0.716544 -0.000000 -34.454688 -0.000000 0.000000 1.000000 0.000000
0.724658 0.689109 0.000000 76.955797 -0.689109 0.724658 -0.000000 -34.677701 -0.000000 0.000000 1.000000 0.000000
0.729960 0.683490 0.000000 77.169446 -0.683490 0.729960 -0.000000 -34.772563 -0.000000 0.000000 1.000000 0.000000
0.736967 0.675928 0.000000 77.232769 -0.675928 0.736967 -0.000000 -34.795998 -0.000000 0.000000 1.000000 0.000000
0.742868 0.669437 0.000000 77.416890 -0.669437 0.742868 -0.000000 -35.072813 -0.000000 0.000000 1.000000 0.000000
0.747480 0.664284 0.000000 77.433036 -0.664284 0.747480 -0.000000 -35.171575 -0.000000 0.000000 1.000000 0.000000
0.754441 0.656368 0.000000 77.600792 -0.656368 0.754441 -0.000000 -35.121589 -0.000000 0.000000 1.000000 0.000000
0.757282 0.653088 0.000000 77.792541 -0.653088 0.757282 -0.000000 -35.183541 -0.000000 0.000000 1.000000 0.000000
0.762740 0.646705 0.000000 77.836606 -0.646705 0.762740 -0.000000 -35.236785 -0.000000 0.000000 1.000000 0.000000
0.768470 0.639886 0.000000 78.148939 -0.639886 0.768470 -0.000000 -35.486101 -0.000000 0.000000 1.000000 0.000000
0.771896 0.635749 0.000000 78.292170 -0.635749 0.771896 -0.000000 -35.473810 -0.000000 0.000000 1.000000 0.000000
0.776088 0.630625 0.000000 78.336596 -0.630625 0.776088 -0.000000 -35.484299 -0.000000 0.000000 1.000000 0.000000
0.779682 0.626176 0.000000 78.577132 -0.626176 0.779682 -0.000000 -35.670893 -0.000000 0.000000 1.000000 0.000000
0.784160 0.620558 0.000000 78.706798 -0.620558 0.784160 -0.000000 -35.746282 -0.000000 0.000000 1.000000 0.000000
0.784594 0.620010 0.000000 78.739260 -0.620010 0.784594 -0.000000 -35.922311 -0.000000 0.000000 1.000000 0.000000
0.789826 0.613331 0.000000 78.876569 -0.613331 0.789826 -0.000000 -36.038012 -0.000000 0.000000 1.000000 0.000000
0.791301 0.611426 0.000000 78.945400 -0.611426 0.791301 -0.000000 -36.195997 -0.000000 0.000000 1.000000 0.000000
0.795324 0.606184 0.000000 79.028527 -0.606184 0.795324 -0.000000 -36.199551 -0.000000 0.000000 1.000000 0.000000
0.795778 0.605588 0.000000 79.045012 -0.605588 0.795778 -0.000000 -36.349134 -0.000000 0.000000 1.000000 0.000000
0.796562 0.604557 0.000000 79.035892 -0.604557 0.796562 -0.000000 -36.320768 -0.000000 0.000000 1.000000 0.000000
0.799715 0.600380 0.000000 79.255386 -0.600380 0.799715 -0.000000 -36.405697 -0.000000 0.000000 1.000000 0.000000
0.800769 0.598973 0.000000 79.290346 -0.598973 0.800769 -0.000000 -36.440845 -0.000000 0.000000 1.000000 0.000000
0.802942 0.596058 0.000000 79.347672 -0.596058 0.802942 -0.000000 -36.465946 -0.000000 0.000000 1.000000 0.000000
0.804539 0.593900 0.000000 79.519592 -0.593900 0.804539 -0.000000 -36.538840 -0.000000 0.000000 1.000000 0.000000
0.807012 0.590535 0.000000 79.416061 -0.590535 0.807012 -0.000000 -36.450232 -0.000000 0.000000 1.000000 0.000000
0.808794 0.588092 0.000000 79.473327 -0.588092 0.808794 -0.000000 -36.406229 -0.000000 0.000000 1.000000 0.000000
0.810024 0.586397 0.000000 79.495647 -0.586397 0.810024 -0.000000 -36.421127 -0.000000 0.000000 1.000000 0.000000
0.810702 0.585458 0.000000 79.515951 -0.585458 0.810702 -0.000000 -36.425701 -0.000000 0.000000 1.000000 0.000000
0.810380 0.585904 0.000000 79.559162 -0.585904 0.810380 -0.000000 -36.435159 -0.000000 0.000000 1.000000 0.000000
0.810301 0.586014 0.000000 79.557333 -0.586014 0.810301 -0.000000 -36.453424 -0.000000 0.000000 1.000000 0.000000
0.811069 0.584950 0.000000 79.642148 -0.584950 0.811069 -0.000000 -36.566784 -0.000000 0.000000 1.000000 0.000000
0.811042 0.584988 0.000000 79.621806 -0.584988 0.811042 -0.000000 -36.571482 -0.000000 0.000000 1.000000 0.000000
0.811096 0.584913 0.000000 79.621916 -0.584913 0.811096 -0.000000 -36.571303 -0.000000 0.000000 1.000000 0.000000
0.811075 0.584943 0.000000 79.648797 -0.584943 0.811075 -0.000000 -36.573494 -0.000000 0.000000 1.000000 0.000000
0.808993 0.587819 0.000000 79.508688 -0.587819 0.808993 -0.000000 -36.643091 -0.000000 0.000000 1.000000 0.000000
0.808933 0.587902 0.000000 79.520997 -0.587902 0.808933 -0.000000 -36.696917 -0.000000 0.000000 1.000000 0.000000
0.808349 0.588704 0.000000 79.538978 -0.588704 0.808349 -0.000000 -36.700429 -0.000000 0.000000 1.000000 0.000000
0.808440 0.588579 0.000000 79.558701 -0.588579 0.808440 -0.000000 -36.696078 -0.000000 0.000000 1.000000 0.000000
0.808399 0.588635 0.000000 79.528247 -0.588635 0.808399 -0.000000 -36.721081 -0.000000 0.000000 1.000000 0.000000
0.808152 0.588974 0.000000 79.524313 -0.588974 0.808152 -0.000000 -36.707801 -0.000000 0.000000 1.000000 0.000000
0.807571 0.589770 0.000000 79.549170 -0.589770 0.807571 -0.000000 -36.678459 -0.000000 0.000000 1.000000 0.000000
0.808042 0.589125 0.000000 79.587662 -0.589125 0.808042 -0.000000 -36.710462 -0.000000 0.000000 1.000000 0.000000
0.807578 0.589761 0.000000 79.579073 -0.589761 0.807578 -0.000000 -36.718273 -0.000000 0.000000 1.000000 0.000000
0.807182 0.590302 0.000000 79.521954 -0.590302 0.807182 -0.000000 -36.704880 -0.000000 0.000000 1.000000 0.000000
0.807558 0.589789 0.000000 79.518840 -0.589789 0.807558 -0.000000 -36.699906 -0.000000 0.000000 1.000000 0.000000
0.807937 0.589268 0.000000 79.534647 -0.589268 0.807937 -0.000000 -36.710292 -0.000000 0.000000 1.000000 0.000000
0.807911 0.589304 0.000000 79.535018 -0.589304 0.807911 -0.000000 -36.709597 -0.000000 0.000000 1.000000 0.000000
0.808377 0.588665 0.000000 79.545953 -0.588665 0.808377 -0.000000 -36.713021 -0.000000 0.000000 1.000000 0.000000
0.808334 0.588725 0.000000 79.546111 -0.588725 0.808334 -0.000000 -36.712807 -0.000000 0.000000 1.000000 0.000000
0.808495 0.588503 0.000000 79.507250 -0.588503 0.808495 -0.000000 -36.731065 -0.000000 0.000000 1.000000 0.000000
0.808507 0.588486 0.000000 79.507020 -0.588486 0.808507 -0.000000 -36.731600 -0.000000 0.000000 1.000000 0.000000
0.808501 0.588495 0.000000 79.507984 -0.588495 0.808501 -0.000000 -36.733566 -0.000000 0.000000 1.000000 0.000000
0.808482 0.588521 0.000000 79.514427 -0.588521 0.808482 -0.000000 -36.738411 -0.000000 0.000000 1.000000 0.000000
0.809086 0.587691 0.000000 79.490350 -0.587691 0.809086 -0.000000 -36.724990 -0.000000 0.000000 1.000000 0.000000
0.808841 0.588027 0.000000 79.490401 -0.588027 0.808841 -0.000000 -36.725019 -0.000000 0.000000 1.000000 0.000000
0.808829 0.588044 0.000000 79.471704 -0.588044 0.808829 -0.000000 -36.722779 -0.000000 0.000000 1.000000 0.000000
0.808433 0.588589 0.000000 79.467004 -0.588589 0.808433 -0.000000 -36.762737 -0.000000 0.000000 1.000000 0.000000
0.808736 0.588172 0.000000 79.485144 -0.588172 0.808736 -0.000000 -36.745495 -0.000000 0.000000 1.000000 0.000000
0.809011 0.587793 0.000000 79.471456 -0.587793 0.809011 -0.000000 -36.725227 -0.000000 0.000000 1.000000 0.000000
0.809814 0.586687 0.000000 79.582456 -0.586687 0.809814 -0.000000 -36.771120 -0.000000 0.000000 1.000000 0.000000
0.809947 0.586503 0.000000 79.578624 -0.586503 0.809947 -0.000000 -36.766392 -0.000000 0.000000 1.000000 0.000000
0.811051 0.584976 0.000000 79.564304 -0.584976 0.811051 -0.000000 -36.731434 -0.000000 0.000000 1.000000 0.000000
0.811556 0.584275 0.000000 79.565797 -0.584275 0.811556 -0.000000 -36.715377 -0.000000 0.000000 1.000000 0.000000
0.812114 0.583499 0.000000 79.530926 -0.583499 0.812114 -0.000000 -36.680056 -0.000000 0.000000 1.000000 0.000000
0.811948 0.583730 0.000000 79.544622 -0.583730 0.811948 -0.000000 -36.711469 -0.000000 0.000000 1.000000 0.000000
0.810094 0.586300 0.000000 79.556752 -0.586300 0.810094 -0.000000 -36.769227 -0.000000 0.000000 1.000000 0.000000
0.811789 0.583950 0.000000 79.604632 -0.583950 0.811789 -0.000000 -36.723543 -0.000000 0.000000 1.000000 0.000000
0.812110 0.583505 0.000000 79.592948 -0.583505 0.812110 -0.000000 -36.703050 -0.000000 0.000000 1.000000 0.000000
0.812007 0.583648 0.000000 79.545188 -0.583648 0.812007 -0.000000 -36.701945 -0.000000 0.000000 1.000000 0.000000
0.811929 0.583757 0.000000 79.545527 -0.583757 0.811929 -0.000000 -36.701148 -0.000000 0.000000 1.000000 0.000000
0.812374 0.583136 0.000000 79.563293 -0.583136 0.812374 -0.000000 -36.677611 -0.000000 0.000000 1.000000 0.000000
0.812233 0.583333 0.000000 79.568499 -0.583333 0.812233 -0.000000 -36.687600 -0.000000 0.000000 1.000000 0.000000
0.811597 0.584218 0.000000 79.550550 -0.584218 0.811597 -0.000000 -36.753251 -0.000000 0.000000 1.000000 0.000000
0.811334 0.584583 0.000000 79.628148 -0.584583 0.811334 -0.000000 -36.838276 -0.000000 0.000000 1.000000 0.000000
0.811795 0.583942 0.000000 79.606736 -0.583942 0.811795 -0.000000 -36.803830 -0.000000 0.000000 1.000000 0.000000
0.810628 0.585562 0.000000 79.637094 -0.585562 0.810628 -0.000000 -36.841402 -0.000000 0.000000 1.000000 0.000000
0.811304 0.584624 0.000000 79.646043 -0.584624 0.811304 -0.000000 -36.824950 -0.000000 0.000000 1.000000 0.000000
0.810990 0.585060 0.000000 79.664649 -0.585060 0.810990 -0.000000 -36.822225 -0.000000 0.000000 1.000000 0.000000
0.811206 0.584760 0.000000 79.626762 -0.584760 0.811206 -0.000000 -36.845257 -0.000000 0.000000 1.000000 0.000000
0.812145 0.583456 0.000000 79.424887 -0.583456 0.812145 -0.000000 -36.722965 -0.000000 0.000000 1.000000 0.000000
0.812002 0.583655 0.000000 79.434974 -0.583655 0.812002 -0.000000 -36.729721 -0.000000 0.000000 1.000000 0.000000
0.812028 0.583618 0.000000 79.442248 -0.583618 0.812028 -0.000000 -36.741249 -0.000000 0.000000 1.000000 0.000000
0.812301 0.583238 0.000000 79.438474 -0.583238 0.812301 -0.000000 -36.736593 -0.000000 0.000000 1.000000 0.000000
0.811862 0.583850 0.000000 79.425410 -0.583850 0.811862 -0.000000 -36.729498 -0.000000 0.000000 1.000000 0.000000
0.812218 0.583353 0.000000 79.406967 -0.583353 0.812218 -0.000000 -36.686860 -0.000000 0.000000 1.000000 0.000000
0.812419 0.583075 0.000000 79.418922 -0.583075 0.812419 -0.000000 -36.696870 -0.000000 0.000000 1.000000 0.000000
0.812561 0.582876 0.000000 79.417897 -0.582876 0.812561 -0.000000 -36.697493 -0.000000 0.000000 1.000000 0.000000
0.811714 0.584055 0.000000 79.483929 -0.584055 0.811714 -0.000000 -36.791053 -0.000000 0.000000 1.000000 0.000000
0.811723 0.584042 0.000000 79.483601 -0.584042 0.811723 -0.000000 -36.791136 -0.000000 0.000000 1.000000 0.000000
0.811855 0.583859 0.000000 79.482513 -0.583859 0.811855 -0.000000 -36.784232 -0.000000 0.000000 1.000000 0.000000
0.811792 0.583947 0.000000 79.488943 -0.583947 0.811792 -0.000000 -36.794544 -0.000000 0.000000 1.000000 0.000000
0.812739 0.582628 0.000000 79.423243 -0.582628 0.812739 -0.000000 -36.698413 -0.000000 0.000000 1.000000 0.000000
0.815406 0.578890 0.000000 79.323447 -0.578890 0.815406 -0.000000 -36.477696 -0.000000 0.000000 1.000000 0.000000
0.817074 0.576532 0.000000 79.309355 -0.576532 0.817074 -0.000000 -36.360434 -0.000000 0.000000 1.000000 0.000000
0.817114 0.576476 0.000000 79.308489 -0.576476 0.817114 -0.000000 -36.359956 -0.000000 0.000000 1.000000 0.000000
0.817356 0.576133 0.000000 79.307527 -0.576133 0.817356 -0.000000 -36.361795 -0.000000 0.000000 1.000000 0.000000
0.819076 0.573686 0.000000 79.287134 -0.573686 0.819076 -0.000000 -36.245088 -0.000000 0.000000 1.000000 0.000000
0.819938 0.572453 0.000000 79.282976 -0.572453 0.819938 -0.000000 -36.179837 -0.000000 0.000000 1.000000 0.000000
0.820453 0.571715 0.000000 79.284609 -0.571715 0.820453 -0.000000 -36.186086 -0.000000 0.000000 1.000000 0.000000
0.820099 0.572222 0.000000 79.273556 -0.572222 0.820099 -0.000000 -36.203593 -0.000000 0.000000 1.000000 0.000000
0.819325 0.573329 0.000000 79.330046 -0.573329 0.819325 -0.000000 -36.246771 -0.000000 0.000000 1.000000 0.000000
0.822894 0.568194 0.000000 79.356447 -0.568194 0.822894 -0.000000 -36.038362 -0.000000 0.000000 1.000000 0.000000
0.827376 0.561648 0.000000 79.423718 -0.561648 0.827376 -0.000000 -36.102890 -0.000000 0.000000 1.000000 0.000000
0.826157 0.563440 0.000000 79.458579 -0.563440 0.826157 -0.000000 -36.098770 -0.000000 0.000000 1.000000 0.000000
0.824439 0.565950 0.000000 79.460015 -0.565950 0.824439 -0.000000 -36.141762 -0.000000 0.000000 1.000000 0.000000
0.823722 0.566995 0.000000 79.453451 -0.566995 0.823722 -0.000000 -36.145266 -0.000000 0.000000 1.000000 0.000000
0.825461 0.564459 0.000000 79.438540 -0.564459 0.825461 -0.000000 -36.130128 -0.000000 0.000000 1.000000 0.000000
0.824871 0.565322 0.000000 79.431708 -0.565322 0.824871 -0.000000 -36.142218 -0.000000 0.000000 1.000000 0.000000
0.827424 0.561577 0.000000 79.361461 -0.561577 0.827424 -0.000000 -35.903029 -0.000000 0.000000 1.000000 0.000000
0.826311 0.563214 0.000000 79.335822 -0.563214 0.826311 -0.000000 -35.956951 -0.000000 0.000000 1.000000 0.000000
0.826730 0.562599 0.000000 79.343907 -0.562599 0.826730 -0.000000 -35.962139 -0.000000 0.000000 1.000000 0.000000
0.829131 0.559054 0.000000 79.294673 -0.559054 0.829131 -0.000000 -35.864076 -0.000000 0.000000 1.000000 0.000000
0.831420 0.555645 0.000000 79.397348 -0.555645 0.831420 -0.000000 -35.882600 -0.000000 0.000000 1.000000 0.000000
0.831970 0.554821 0.000000 79.407502 -0.554821 0.831970 -0.000000 -35.890707 -0.000000 0.000000 1.000000 0.000000
0.831823 0.555041 0.000000 79.420598 -0.555041 0.831823 -0.000000 -35.900384 -0.000000 0.000000 1.000000 0.000000
0.832916 0.553399 0.000000 79.483322 -0.553399 0.832916 -0.000000 -35.927124 -0.000000 0.000000 1.000000 0.000000
0.832986 0.553294 0.000000 79.455533 -0.553294 0.832986 -0.000000 -35.900766 -0.000000 0.000000 1.000000 0.000000
0.832153 0.554546 0.000000 79.452287 -0.554546 0.832153 -0.000000 -35.949372 -0.000000 0.000000 1.000000 0.000000
0.832903 0.553419 0.000000 79.591653 -0.553419 0.832903 -0.000000 -35.981867 -0.000000 0.000000 1.000000 0.000000
0.833584 0.552392 0.000000 79.440766 -0.552392 0.833584 -0.000000 -35.879923 -0.000000 0.000000 1.000000 0.000000
0.834499 0.551009 0.000000 79.507796 -0.551009 0.834499 -0.000000 -35.929529 -0.000000 0.000000 1.000000 0.000000
0.833854 0.551986 0.000000 79.452290 -0.551986 0.833854 -0.000000 -35.918665 -0.000000 0.000000 1.000000 0.000000
0.834976 0.550286 0.000000 79.352465 -0.550286 0.834976 -0.000000 -35.890474 -0.000000 0.000000 1.000000 0.000000
0.836433 0.548069 0.000000 79.516733 -0.548069 0.836433 -0.000000 -35.859730 -0.000000 0.000000 1.000000 0.000000
0.837362 0.546649 0.000000 79.526551 -0.546649 0.837362 -0.000000 -35.870873 -0.000000 0.000000 1.000000 0.000000
0.837733 0.546080 0.000000 79.578055 -0.546080 0.837733 -0.000000 -35.866076 -0.000000 0.000000 1.000000 0.000000
0.837750 0.546054 0.000000 79.556337 -0.546054 0.837750 -0.000000 -35.853364 -0.000000 0.000000 1.000000 0.000000
0.838454 0.544972 0.000000 79.554530 -0.544972 0.838454 -0.000000 -35.854397 -0.000000 0.000000 1.000000 0.000000
0.837903 0.545820 0.000000 79.567266 -0.545820 0.837903 -0.000000 -35.878485 -0.000000 0.000000 1.000000 0.000000
0.838970 0.544177 0.000000 79.595413 -0.544177 0.838970 -0.000000 -35.920563 -0.000000 0.000000 1.000000 0.000000
0.838982 0.544159 0.000000 79.597930 -0.544159 0.838982 -0.000000 -35.924192 -0.000000 0.000000 1.000000 0.000000
0.838733 0.544543 0.000000 79.597425 -0.544543 0.838733 -0.000000 -35.934188 -0.000000 0.000000 1.000000 0.000000
0.839061 0.544037 0.000000 79.609774 -0.544037 0.839061 -0.000000 -35.903883 -0.000000 0.000000 1.000000 0.000000
0.839184 0.543848 0.000000 79.639616 -0.543848 0.839184 -0.000000 -35.837453 -0.000000 0.000000 1.000000 0.000000
0.838159 0.545426 0.000000 79.645853 -0.545426 0.838159 -0.000000 -35.890287 -0.000000 0.000000 1.000000 0.000000
0.837735 0.546078 0.000000 79.669351 -0.546078 0.837735 -0.000000 -35.939892 -0.000000 0.000000 1.000000 0.000000
0.837737 0.546073 0.000000 79.668564 -0.546073 0.837737 -0.000000 -35.939335 -0.000000 0.000000 1.000000 0.000000
0.837273 0.546785 0.000000 79.695839 -0.546785 0.837273 -0.000000 -35.942065 -0.000000 0.000000 1.000000 0.000000
0.837513 0.546418 0.000000 79.694459 -0.546418 0.837513 -0.000000 -35.942616 -0.000000 0.000000 1.000000 0.000000
0.837733 0.546080 0.000000 79.693603 -0.546080 0.837733 -0.000000 -35.930557 -0.000000 0.000000 1.000000 0.000000
0.837873 0.545865 0.000000 79.691406 -0.545865 0.837873 -0.000000 -35.938232 -0.000000 0.000000 1.000000 0.000000
