0.999999 -0.001653 0.000000 0.631979 0.001653 0.999999 0.000000 -0.013629 0.000000 0.000000 1.000000 0.000000
0.999999 -0.001266 0.000000 0.918727 0.001266 0.999999 0.000000 -0.013223 0.000000 0.000000 1.000000 0.000000
0.999995 -0.003110 0.000000 1.691000 0.003110 0.999995 0.000000 -0.024976 0.000000 0.000000 1.000000 0.000000
0.999996 -0.002795 0.000000 2.320755 0.002795 0.999996 0.000000 -0.026399 0.000000 0.000000 1.000000 0.000000
0.999999 -0.001370 0.000000 2.926783 0.001370 0.999999 0.000000 -0.038795 0.000000 0.000000 1.000000 0.000000
0.999998 -0.002165 0.000000 3.630485 0.002165 0.999998 0.000000 -0.055791 0.000000 0.000000 1.000000 0.000000
0.999998 -0.002201 0.000000 4.402610 0.002201 0.999998 0.000000 -0.081273 0.000000 0.000000 1.000000 0.000000
0.999999 -0.001686 0.000000 5.457580 0.001686 0.999999 0.000000 -0.049625 0.000000 0.000000 1.000000 0.000000
0.999995 -0.003228 0.000000 5.955202 0.003228 0.999995 0.000000 -0.053575 0.000000 0.000000 1.000000 0.000000
0.999988 -0.004921 0.000000 6.656670 0.004921 0.999988 0.000000 -0.032803 0.000000 0.000000 1.000000 0.000000
0.999984 -0.005592 0.000000 7.434743 0.005592 0.999984 0.000000 -0.070915 0.000000 0.000000 1.000000 0.000000
0.999981 -0.006194 0.000000 8.440383 0.006194 0.999981 0.000000 -0.070922 0.000000 0.000000 1.000000 0.000000
0.999980 -0.006370 0.000000 8.920661 0.006370 0.999980 0.000000 -0.116451 0.000000 0.000000 1.000000 0.000000
0.999976 -0.006897 0.000000 9.466065 0.006897 0.999976 0.000000 -0.153773 0.000000 0.000000 1.000000 0.000000
0.999973 -0.007397 0.000000 10.438127 0.007397 0.999973 0.000000 -0.148564 0.000000 0.000000 1.000000 0.000000
0.999969 -0.007897 0.000000 11.227686 0.007897 0.999969 0.000000 -0.201125 0.000000 0.000000 1.000000 0.000000
0.999962 -0.008694 0.000000 11.909347 0.008694 0.999962 0.000000 -0.214981 0.000000 0.000000 1.000000 0.000000
0.999962 -0.008723 0.000000 12.429006 0.008723 0.999962 0.000000 -0.223317 0.000000 0.000000 1.000000 0.000000
0.999953 -0.009701 0.000000 12.768648 0.009701 0.999953 0.000000 -0.236412 0.000000 0.000000 1.000000 0.000000
0.999949 -0.010077 0.000000 13.249942 0.010077 0.999949 0.000000 -0.266839 0.000000 0.000000 1.000000 0.000000
0.999954 -0.009599 0.000000 13.729208 0.009599 0.999954 0.000000 -0.276168 0.000000 0.000000 1.000000 0.000000
0.999938 -0.011177 0.000000 14.353787 0.011177 0.999938 0.000000 -0.293682 0.000000 0.000000 1.000000 0.000000
0.999930 -0.011863 0.000000 14.883912 0.011863 0.999930 0.000000 -0.313496 0.000000 0.000000 1.000000 0.000000
0.999918 -0.012835 0.000000 15.444451 0.012835 0.999918 0.000000 -0.302664 0.000000 0.000000 1.000000 0.000000
0.999920 -0.012672 0.000000 15.649258 0.012672 0.999920 0.000000 -0.292098 0.000000 0.000000 1.000000 0.000000
0.999897 -0.014333 0.000000 16.269495 0.014333 0.999897 0.000000 -0.297334 0.000000 0.000000 1.000000 0.000000
0.999854 -0.017099 0.000000 17.067529 0.017099 0.999854 0.000000 -0.294122 0.000000 0.000000 1.000000 0.000000
0.999823 -0.018813 0.000000 17.473592 0.018813 0.999823 0.000000 -0.269687 0.000000 0.000000 1.000000 0.000000
0.999810 -0.019491 0.000000 18.171173 0.019491 0.999810 0.000000 -0.271096 0.000000 0.000000 1.000000 0.000000
0.999782 -0.020864 0.000000 18.833569 0.020864 0.999782 0.000000 -0.294489 0.000000 0.000000 1.000000 0.000000
0.999788 -0.020610 0.000000 19.313201 0.020610 0.999788 0.000000 -0.279333 0.000000 0.000000 1.000000 0.000000
0.999727 -0.023366 0.000000 19.937527 0.023366 0.999727 0.000000 -0.285883 0.000000 0.000000 1.000000 0.000000
0.999707 -0.024223 0.000000 20.372354 0.024223 0.999707 0.000000 -0.313508 0.000000 0.000000 1.000000 0.000000
0.999710 -0.024081 0.000000 20.954799 0.024081 0.999710 0.000000 -0.302068 0.000000 0.000000 1.000000 0.000000
0.999686 -0.025043 0.000000 21.695269 0.025043 0.999686 0.000000 -0.321611 0.000000 0.000000 1.000000 0.000000
0.999682 -0.025231 0.000000 22.274686 0.025231 0.999682 0.000000 -0.349623 0.000000 0.000000 1.000000 0.000000
0.999660 -0.026084 0.000000 23.106728 0.026084 0.999660 0.000000 -0.356042 0.000000 0.000000 1.000000 0.000000
0.999595 -0.028462 0.000000 23.716966 0.028462 0.999595 0.000000 -0.352150 0.000000 0.000000 1.000000 0.000000
0.999521 -0.030956 0.000000 24.329090 0.030956 0.999521 0.000000 -0.357351 0.000000 0.000000 1.000000 0.000000
0.999485 -0.032091 0.000000 24.791647 0.032091 0.999485 0.000000 -0.389110 0.000000 0.000000 1.000000 0.000000
0.999480 -0.032235 0.000000 25.489001 0.032235 0.999480 0.000000 -0.362686 0.000000 0.000000 1.000000 0.000000
0.999471 -0.032537 0.000000 26.150637 0.032537 0.999471 0.000000 -0.355471 0.000000 0.000000 1.000000 0.000000
0.999425 -0.033919 0.000000 26.568936 0.033919 0.999425 0.000000 -0.370609 0.000000 0.000000 1.000000 0.000000
0.999409 -0.034370 0.000000 27.153930 0.034370 0.999409 0.000000 -0.332062 0.000000 0.000000 1.000000 0.000000
0.999433 -0.033659 0.000000 27.807100 0.033659 0.999433 0.000000 -0.327032 0.000000 0.000000 1.000000 0.000000
0.999450 -0.033155 0.000000 28.626547 0.033155 0.999450 0.000000 -0.305417 0.000000 0.000000 1.000000 0.000000
0.999428 -0.033813 0.000000 28.870058 0.033813 0.999428 0.000000 -0.319947 0.000000 0.000000 1.000000 0.000000
0.999418 -0.034102 0.000000 29.592905 0.034102 0.999418 0.000000 -0.307533 0.000000 0.000000 1.000000 0.000000
0.999308 -0.037208 0.000000 30.483069 0.037208 0.999308 0.000000 -0.281000 0.000000 0.000000 1.000000 0.000000
0.999293 -0.037605 0.000000 31.217315 0.037605 0.999293 0.000000 -0.248993 0.000000 0.000000 1.000000 0.000000
0.999323 -0.036803 0.000000 32.008995 0.036803 0.999323 0.000000 -0.234344 0.000000 0.000000 1.000000 0.000000
0.999383 -0.035123 0.000000 32.644724 0.035123 0.999383 0.000000 -0.224955 0.000000 0.000000 1.000000 0.000000
0.999380 -0.035216 0.000000 33.281641 0.035216 0.999380 0.000000 -0.212229 0.000000 0.000000 1.000000 0.000000
0.999367 -0.035566 0.000000 33.708598 0.035566 0.999367 0.000000 -0.203328 0.000000 0.000000 1.000000 0.000000
0.999399 -0.034657 0.000000 34.232400 0.034657 0.999399 0.000000 -0.201856 0.000000 0.000000 1.000000 0.000000
0.999447 -0.033265 0.000000 34.908311 0.033265 0.999447 0.000000 -0.169816 0.000000 0.000000 1.000000 0.000000
0.999503 -0.031520 0.000000 35.051841 0.031520 0.999503 0.000000 -0.150613 0.000000 0.000000 1.000000 0.000000
0.999496 -0.031736 0.000000 35.292364 0.031736 0.999496 0.000000 -0.153152 0.000000 0.000000 1.000000 0.000000
0.999432 -0.033697 0.000000 35.930223 0.033697 0.999432 0.000000 -0.143044 0.000000 0.000000 1.000000 0.000000
0.999489 -0.031977 0.000000 36.567870 0.031977 0.999489 0.000000 -0.137054 0.000000 0.000000 1.000000 0.000000
0.999447 -0.033245 0.000000 36.861176 0.033245 0.999447 0.000000 -0.139688 0.000000 0.000000 1.000000 0.000000
0.999455 -0.032996 0.000000 37.446769 0.032996 0.999455 0.000000 -0.136735 0.000000 0.000000 1.000000 0.000000
0.999464 -0.032723 0.000000 38.283763 0.032723 0.999464 0.000000 -0.082892 0.000000 0.000000 1.000000 0.000000
0.999553 -0.029907 0.000000 38.980753 0.029907 0.999553 0.000000 -0.073338 0.000000 0.000000 1.000000 0.000000
0.999543 -0.030228 0.000000 39.458023 0.030228 0.999543 0.000000 -0.067077 0.000000 0.000000 1.000000 0.000000
0.999548 -0.030079 0.000000 40.069390 0.030079 0.999548 0.000000 -0.082278 0.000000 0.000000 1.000000 0.000000
0.999522 -0.030909 0.000000 40.760159 0.030909 0.999522 0.000000 -0.035314 0.000000 0.000000 1.000000 0.000000
0.999507 -0.031382 0.000000 41.324984 0.031382 0.999507 0.000000 -0.008709 0.000000 0.000000 1.000000 0.000000
0.999544 -0.030181 0.000000 41.973155 0.030181 0.999544 0.000000 -0.002559 0.000000 0.000000 1.000000 0.000000
0.999566 -0.029475 0.000000 42.586181 0.029475 0.999566 0.000000 0.027854 0.000000 0.000000 1.000000 0.000000
0.999561 -0.029641 0.000000 43.580365 0.029641 0.999561 0.000000 0.087854 0.000000 0.000000 1.000000 0.000000
0.999563 -0.029549 0.000000 43.919490 0.029549 0.999563 0.000000 0.117906 0.000000 0.000000 1.000000 0.000000
0.999562 -0.029582 0.000000 44.916867 0.029582 0.999562 0.000000 0.120133 0.000000 0.000000 1.000000 0.000000
0.999638 -0.026914 0.000000 45.525527 0.026914 0.999638 0.000000 0.129576 0.000000 0.000000 1.000000 0.000000
0.999642 -0.026751 0.000000 46.396094 0.026751 0.999642 0.000000 0.175942 0.000000 0.000000 1.000000 0.000000
0.999625 -0.027377 0.000000 47.039964 0.027377 0.999625 0.000000 0.172710 0.000000 0.000000 1.000000 0.000000
0.999681 -0.025265 0.000000 47.587641 0.025265 0.999681 0.000000 0.181666 0.000000 0.000000 1.000000 0.000000
0.999642 -0.026751 0.000000 48.162859 0.026751 0.999642 0.000000 0.191556 0.000000 0.000000 1.000000 0.000000
0.999573 -0.029211 0.000000 48.242988 0.029211 0.999573 0.000000 0.166169 0.000000 0.000000 1.000000 0.000000
0.999560 -0.029665 0.000000 48.549452 0.029665 0.999560 0.000000 0.176897 0.000000 0.000000 1.000000 0.000000
0.999569 -0.029350 0.000000 48.793182 0.029350 0.999569 0.000000 0.226075 0.000000 0.000000 1.000000 0.000000
0.999600 -0.028268 0.000000 49.418849 0.028268 0.999600 0.000000 0.247527 0.000000 0.000000 1.000000 0.000000
0.999584 -0.028851 0.000000 50.052449 0.028851 0.999584 0.000000 0.247975 0.000000 0.000000 1.000000 0.000000
0.999513 -0.031206 0.000000 50.963480 0.031206 0.999513 0.000000 0.279672 0.000000 0.000000 1.000000 0.000000
0.999473 -0.032470 0.000000 51.352366 0.032470 0.999473 0.000000 0.285041 0.000000 0.000000 1.000000 0.000000
0.999457 -0.032954 0.000000 52.349033 0.032954 0.999457 0.000000 0.293054 0.000000 0.000000 1.000000 0.000000
0.999481 -0.032229 0.000000 52.732122 0.032229 0.999481 0.000000 0.301230 0.000000 0.000000 1.000000 0.000000
0.999446 -0.033295 0.000000 52.973421 0.033295 0.999446 0.000000 0.285489 0.000000 0.000000 1.000000 0.000000
0.999449 -0.033198 0.000000 53.554872 0.033198 0.999449 0.000000 0.287065 0.000000 0.000000 1.000000 0.000000
0.999433 -0.033658 0.000000 54.212220 0.033658 0.999433 0.000000 0.293820 0.000000 0.000000 1.000000 0.000000
0.999456 -0.032981 0.000000 54.732617 0.032981 0.999456 0.000000 0.280534 0.000000 0.000000 1.000000 0.000000
0.999427 -0.033846 0.000000 55.387940 0.033846 0.999427 0.000000 0.281054 0.000000 0.000000 1.000000 0.000000
0.999382 -0.035151 0.000000 55.874690 0.035151 0.999382 0.000000 0.295997 0.000000 0.000000 1.000000 0.000000
0.999370 -0.035495 0.000000 57.217307 0.035495 0.999370 0.000000 0.326882 0.000000 0.000000 1.000000 0.000000
0.999385 -0.035071 0.000000 57.761537 0.035071 0.999385 0.000000 0.384244 0.000000 0.000000 1.000000 0.000000
0.999391 -0.034896 0.000000 58.418446 0.034896 0.999391 0.000000 0.393217 0.000000 0.000000 1.000000 0.000000
0.999457 -0.032960 0.000000 59.059215 0.032960 0.999457 0.000000 0.395969 0.000000 0.000000 1.000000 0.000000
0.999484 -0.032132 0.000000 59.608342 0.032132 0.999484 0.000000 0.401902 0.000000 0.000000 1.000000 0.000000
0.999475 -0.032391 0.000000 60.084763 0.032391 0.999475 0.000000 0.410159 0.000000 0.000000 1.000000 0.000000
0.999458 -0.032933 0.000000 60.627955 0.032933 0.999458 0.000000 0.429191 0.000000 0.000000 1.000000 0.000000
0.999433 -0.033661 0.000000 61.256261 0.033661 0.999433 0.000000 0.432957 0.000000 0.000000 1.000000 0.000000
0.999441 -0.033426 0.000000 61.690084 0.033426 0.999441 0.000000 0.428693 0.000000 0.000000 1.000000 0.000000
0.999383 -0.035113 0.000000 62.064191 0.035113 0.999383 0.000000 0.436145 0.000000 0.000000 1.000000 0.000000
0.999415 -0.034186 0.000000 62.641215 0.034186 0.999415 0.000000 0.435882 0.000000 0.000000 1.000000 0.000000
0.999410 -0.034355 0.000000 63.245519 0.034355 0.999410 0.000000 0.446546 0.000000 0.000000 1.000000 0.000000
0.999420 -0.034061 0.000000 64.003616 0.034061 0.999420 0.000000 0.455506 0.000000 0.000000 1.000000 0.000000
0.999374 -0.035381 0.000000 64.447996 0.035381 0.999374 0.000000 0.444910 0.000000 0.000000 1.000000 0.000000
0.999333 -0.036520 0.000000 65.035948 0.036520 0.999333 0.000000 0.455245 0.000000 0.000000 1.000000 0.000000
0.999323 -0.036780 0.000000 65.722507 0.036780 0.999323 0.000000 0.448140 0.000000 0.000000 1.000000 0.000000
0.999298 -0.037457 0.000000 66.267466 0.037457 0.999298 0.000000 0.457936 0.000000 0.000000 1.000000 0.000000
0.999340 -0.036319 0.000000 66.861137 0.036319 0.999340 0.000000 0.479472 0.000000 0.000000 1.000000 0.000000
0.999367 -0.035589 0.000000 67.454866 0.035589 0.999367 0.000000 0.504628 0.000000 0.000000 1.000000 0.000000
0.999331 -0.036567 0.000000 68.083875 0.036567 0.999331 0.000000 0.514177 0.000000 0.000000 1.000000 0.000000
0.999250 -0.038728 0.000000 69.010992 0.038728 0.999250 0.000000 0.517917 0.000000 0.000000 1.000000 0.000000
0.999229 -0.039264 0.000000 69.652910 0.039264 0.999229 0.000000 0.519668 0.000000 0.000000 1.000000 0.000000
0.999227 -0.039303 0.000000 70.252013 0.039303 0.999227 0.000000 0.534188 0.000000 0.000000 1.000000 0.000000
0.999224 -0.039380 0.000000 70.863805 0.039380 0.999224 0.000000 0.553372 0.000000 0.000000 1.000000 0.000000
0.999209 -0.039772 0.000000 71.521268 0.039772 0.999209 0.000000 0.564661 0.000000 0.000000 1.000000 0.000000
0.999093 -0.042586 0.000000 72.168702 0.042586 0.999093 0.000000 0.602889 0.000000 0.000000 1.000000 0.000000
0.999068 -0.043171 0.000000 72.527177 0.043171 0.999068 0.000000 0.601833 0.000000 0.000000 1.000000 0.000000
0.999051 -0.043552 0.000000 73.150967 0.043552 0.999051 0.000000 0.611426 0.000000 0.000000 1.000000 0.000000
0.999027 -0.044113 0.000000 73.720649 0.044113 0.999027 0.000000 0.638500 0.000000 0.000000 1.000000 0.000000
0.998943 -0.045968 0.000000 74.942088 0.045968 0.998943 0.000000 0.657961 0.000000 0.000000 1.000000 0.000000
0.999024 -0.044162 0.000000 75.535180 0.044162 0.999024 0.000000 0.652210 0.000000 0.000000 1.000000 0.000000
0.999077 -0.042957 0.000000 76.135711 0.042957 0.999077 0.000000 0.649104 0.000000 0.000000 1.000000 0.000000
0.999058 -0.043384 0.000000 76.790713 0.043384 0.999058 0.000000 0.658631 0.000000 0.000000 1.000000 0.000000
0.999142 -0.041405 0.000000 77.368238 0.041405 0.999142 0.000000 0.654334 0.000000 0.000000 1.000000 0.000000
0.999082 -0.042836 0.000000 77.868452 0.042836 0.999082 0.000000 0.675103 0.000000 0.000000 1.000000 0.000000
0.999140 -0.041466 0.000000 78.278318 0.041466 0.999140 0.000000 0.658884 0.000000 0.000000 1.000000 0.000000
0.999141 -0.041439 0.000000 78.859140 0.041439 0.999141 0.000000 0.695395 0.000000 0.000000 1.000000 0.000000
0.999153 -0.041154 0.000000 79.495672 0.041154 0.999153 0.000000 0.709739 0.000000 0.000000 1.000000 0.000000
0.999136 -0.041570 0.000000 80.024673 0.041570 0.999136 0.000000 0.725261 0.000000 0.000000 1.000000 0.000000
0.999060 -0.043355 0.000000 80.668794 0.043355 0.999060 0.000000 0.799128 0.000000 0.000000 1.000000 0.000000
0.999058 -0.043391 0.000000 81.210387 0.043391 0.999058 0.000000 0.798773 0.000000 0.000000 1.000000 0.000000
0.999116 -0.042050 0.000000 81.746253 0.042050 0.999116 0.000000 0.804598 0.000000 0.000000 1.000000 0.000000
0.999990 0.004431 0.000000 0.264069 -0.004431 0.999990 -0.000000 -0.010444 -0.000000 0.000000 1.000000 0.000000
0.999985 0.005535 0.000000 0.581335 -0.005535 0.999985 -0.000000 -0.035732 -0.000000 0.000000 1.000000 0.000000
0.999985 0.005529 0.000000 0.992868 -0.005529 0.999985 -0.000000 -0.050452 -0.000000 0.000000 1.000000 0.000000
0.999973 0.007319 0.000000 1.468916 -0.007319 0.999973 -0.000000 -0.133073 -0.000000 0.000000 1.000000 0.000000
0.999979 0.006556 0.000000 1.956649 -0.006556 0.999979 -0.000000 -0.175951 -0.000000 0.000000 1.000000 0.000000
0.999952 0.009774 0.000000 2.527142 -0.009774 0.999952 -0.000000 -0.260675 -0.000000 0.000000 1.000000 0.000000
0.999952 0.009816 0.000000 2.990773 -0.009816 0.999952 -0.000000 -0.259287 -0.000000 0.000000 1.000000 0.000000
0.999950 0.010001 0.000000 3.439742 -0.010001 0.999950 -0.000000 -0.274611 -0.000000 0.000000 1.000000 0.000000
0.999937 0.011225 0.000000 3.888646 -0.011225 0.999937 -0.000000 -0.293208 -0.000000 0.000000 1.000000 0.000000
0.999962 0.008772 0.000000 4.344432 -0.008772 0.999962 -0.000000 -0.360612 -0.000000 0.000000 1.000000 0.000000
0.999953 0.009650 0.000000 4.714787 -0.009650 0.999953 -0.000000 -0.364518 -0.000000 0.000000 1.000000 0.000000
0.999956 0.009426 0.000000 5.519175 -0.009426 0.999956 -0.000000 -0.400291 -0.000000 0.000000 1.000000 0.000000
0.999962 0.008774 0.000000 5.987745 -0.008774 0.999962 -0.000000 -0.546095 -0.000000 0.000000 1.000000 0.000000
0.999961 0.008791 0.000000 6.447138 -0.008791 0.999961 -0.000000 -0.544007 -0.000000 0.000000 1.000000 0.000000
0.999938 0.011139 0.000000 6.843377 -0.011139 0.999938 -0.000000 -0.556468 -0.000000 0.000000 1.000000 0.000000
0.999920 0.012628 0.000000 7.207672 -0.012628 0.999920 -0.000000 -0.540176 -0.000000 0.000000 1.000000 0.000000
0.999887 0.015019 0.000000 7.627083 -0.015019 0.999887 -0.000000 -0.579110 -0.000000 0.000000 1.000000 0.000000
0.999857 0.016933 0.000000 8.227417 -0.016933 0.999857 -0.000000 -0.709046 -0.000000 0.000000 1.000000 0.000000
0.999821 0.018931 0.000000 8.801872 -0.018931 0.999821 -0.000000 -0.730103 -0.000000 0.000000 1.000000 0.000000
0.999763 0.021776 0.000000 9.368851 -0.021776 0.999763 -0.000000 -0.810699 -0.000000 0.000000 1.000000 0.000000
0.999692 0.024829 0.000000 9.846439 -0.024829 0.999692 -0.000000 -0.824412 -0.000000 0.000000 1.000000 0.000000
0.999646 0.026590 0.000000 10.379415 -0.026590 0.999646 -0.000000 -0.841120 -0.000000 0.000000 1.000000 0.000000
0.999999 -0.001653 0.000000 0.631979 0.001653 0.999999 0.000000 -0.013629 0.000000 0.000000 1.000000 0.000000
0.999999 -0.001266 0.000000 0.918727 0.001266 0.999999 0.000000 -0.013223 0.000000 0.000000 1.000000 0.000000
0.999995 -0.003110 0.000000 1.691000 0.003110 0.999995 0.000000 -0.024976 0.000000 0.000000 1.000000 0.000000
0.999996 -0.002795 0.000000 2.320755 0.002795 0.999996 0.000000 -0.026399 0.000000 0.000000 1.000000 0.000000
0.999999 -0.001370 0.000000 2.926783 0.001370 0.999999 0.000000 -0.038795 0.000000 0.000000 1.000000 0.000000
0.999998 -0.002165 0.000000 3.630485 0.002165 0.999998 0.000000 -0.055791 0.000000 0.000000 1.000000 0.000000
0.999998 -0.002201 0.000000 4.402610 0.002201 0.999998 0.000000 -0.081273 0.000000 0.000000 1.000000 0.000000
0.999999 -0.001686 0.000000 5.457580 0.001686 0.999999 0.000000 -0.049625 0.000000 0.000000 1.000000 0.000000
0.999995 -0.003228 0.000000 5.955202 0.003228 0.999995 0.000000 -0.053575 0.000000 0.000000 1.000000 0.000000
0.999988 -0.004921 0.000000 6.656670 0.004921 0.999988 0.000000 -0.032803 0.000000 0.000000 1.000000 0.000000
0.999984 -0.005592 0.000000 7.434743 0.005592 0.999984 0.000000 -0.070915 0.000000 0.000000 1.000000 0.000000
0.999981 -0.006194 0.000000 8.440383 0.006194 0.999981 0.000000 -0.070922 0.000000 0.000000 1.000000 0.000000
0.999980 -0.006370 0.000000 8.920661 0.006370 0.999980 0.000000 -0.116451 0.000000 0.000000 1.000000 0.000000
0.999976 -0.006897 0.000000 9.466065 0.006897 0.999976 0.000000 -0.153773 0.000000 0.000000 1.000000 0.000000
0.999973 -0.007397 0.000000 10.438127 0.007397 0.999973 0.000000 -0.148564 0.000000 0.000000 1.000000 0.000000
0.999969 -0.007897 0.000000 11.227686 0.007897 0.999969 0.000000 -0.201125 0.000000 0.000000 1.000000 0.000000
0.999962 -0.008694 0.000000 11.909347 0.008694 0.999962 0.000000 -0.214981 0.000000 0.000000 1.000000 0.000000
0.999962 -0.008723 0.000000 12.429006 0.008723 0.999962 0.000000 -0.223317 0.000000 0.000000 1.000000 0.000000
0.999953 -0.009701 0.000000 12.768648 0.009701 0.999953 0.000000 -0.236412 0.000000 0.000000 1.000000 0.000000
0.999949 -0.010077 0.000000 13.249942 0.010077 0.999949 0.000000 -0.266839 0.000000 0.000000 1.000000 0.000000
0.999954 -0.009599 0.000000 13.729208 0.009599 0.999954 0.000000 -0.276168 0.000000 0.000000 1.000000 0.000000
0.999938 -0.011177 0.000000 14.353787 0.011177 0.999938 0.000000 -0.293682 0.000000 0.000000 1.000000 0.000000
0.999930 -0.011863 0.000000 14.883912 0.011863 0.999930 0.000000 -0.313496 0.000000 0.000000 1.000000 0.000000
0.999918 -0.012835 0.000000 15.444451 0.012835 0.999918 0.000000 -0.302664 0.000000 0.000000 1.000000 0.000000
0.999920 -0.012672 0.000000 15.649258 0.012672 0.999920 0.000000 -0.292098 0.000000 0.000000 1.000000 0.000000
0.999897 -0.014333 0.000000 16.269495 0.014333 0.999897 0.000000 -0.297334 0.000000 0.000000 1.000000 0.000000
0.999854 -0.017099 0.000000 17.067529 0.017099 0.999854 0.000000 -0.294122 0.000000 0.000000 1.000000 0.000000
0.999823 -0.018813 0.000000 17.473592 0.018813 0.999823 0.000000 -0.269687 0.000000 0.000000 1.000000 0.000000
0.999810 -0.019491 0.000000 18.171173 0.019491 0.999810 0.000000 -0.271096 0.000000 0.000000 1.000000 0.000000
0.999782 -0.020864 0.000000 18.833569 0.020864 0.999782 0.000000 -0.294489 0.000000 0.000000 1.000000 0.000000
0.999788 -0.020610 0.000000 19.313201 0.020610 0.999788 0.000000 -0.279333 0.000000 0.000000 1.000000 0.000000
0.999727 -0.023366 0.000000 19.937527 0.023366 0.999727 0.000000 -0.285883 0.000000 0.000000 1.000000 0.000000
0.999707 -0.024223 0.000000 20.372354 0.024223 0.999707 0.000000 -0.313508 0.000000 0.000000 1.000000 0.000000
0.999710 -0.024081 0.000000 20.954799 0.024081 0.999710 0.000000 -0.302068 0.000000 0.000000 1.000000 0.000000
0.999686 -0.025043 0.000000 21.695269 0.025043 0.999686 0.000000 -0.321611 0.000000 0.000000 1.000000 0.000000
0.999682 -0.025231 0.000000 22.274686 0.025231 0.999682 0.000000 -0.349623 0.000000 0.000000 1.000000 0.000000
0.999660 -0.026084 0.000000 23.106728 0.026084 0.999660 0.000000 -0.356042 0.000000 0.000000 1.000000 0.000000
0.999595 -0.028462 0.000000 23.716966 0.028462 0.999595 0.000000 -0.352150 0.000000 0.000000 1.000000 0.000000
0.999521 -0.030956 0.000000 24.329090 0.030956 0.999521 0.000000 -0.357351 0.000000 0.000000 1.000000 0.000000
0.999485 -0.032091 0.000000 24.791647 0.032091 0.999485 0.000000 -0.389110 0.000000 0.000000 1.000000 0.000000
0.999480 -0.032235 0.000000 25.489001 0.032235 0.999480 0.000000 -0.362686 0.000000 0.000000 1.000000 0.000000
0.999471 -0.032537 0.000000 26.150637 0.032537 0.999471 0.000000 -0.355471 0.000000 0.000000 1.000000 0.000000
0.999425 -0.033919 0.000000 26.568936 0.033919 0.999425 0.000000 -0.370609 0.000000 0.000000 1.000000 0.000000
0.999409 -0.034370 0.000000 27.153930 0.034370 0.999409 0.000000 -0.332062 0.000000 0.000000 1.000000 0.000000
0.999433 -0.033659 0.000000 27.807100 0.033659 0.999433 0.000000 -0.327032 0.000000 0.000000 1.000000 0.000000
0.999450 -0.033155 0.000000 28.626547 0.033155 0.999450 0.000000 -0.305417 0.000000 0.000000 1.000000 0.000000
0.999428 -0.033813 0.000000 28.870058 0.033813 0.999428 0.000000 -0.319947 0.000000 0.000000 1.000000 0.000000
0.999418 -0.034102 0.000000 29.592905 0.034102 0.999418 0.000000 -0.307533 0.000000 0.000000 1.000000 0.000000
0.999308 -0.037208 0.000000 30.483069 0.037208 0.999308 0.000000 -0.281000 0.000000 0.000000 1.000000 0.000000
0.999293 -0.037605 0.000000 31.217315 0.037605 0.999293 0.000000 -0.248993 0.000000 0.000000 1.000000 0.000000
0.999323 -0.036803 0.000000 32.008995 0.036803 0.999323 0.000000 -0.234344 0.000000 0.000000 1.000000 0.000000
0.999383 -0.035123 0.000000 32.644724 0.035123 0.999383 0.000000 -0.224955 0.000000 0.000000 1.000000 0.000000
0.999380 -0.035216 0.000000 33.281641 0.035216 0.999380 0.000000 -0.212229 0.000000 0.000000 1.000000 0.000000
0.999367 -0.035566 0.000000 33.708598 0.035566 0.999367 0.000000 -0.203328 0.000000 0.000000 1.000000 0.000000
0.999399 -0.034657 0.000000 34.232400 0.034657 0.999399 0.000000 -0.201856 0.000000 0.000000 1.000000 0.000000
0.999447 -0.033265 0.000000 34.908311 0.033265 0.999447 0.000000 -0.169816 0.000000 0.000000 1.000000 0.000000
0.999503 -0.031520 0.000000 35.051841 0.031520 0.999503 0.000000 -0.150613 0.000000 0.000000 1.000000 0.000000
0.999496 -0.031736 0.000000 35.292364 0.031736 0.999496 0.000000 -0.153152 0.000000 0.000000 1.000000 0.000000
0.999432 -0.033697 0.000000 35.930223 0.033697 0.999432 0.000000 -0.143044 0.000000 0.000000 1.000000 0.000000
0.999489 -0.031977 0.000000 36.567870 0.031977 0.999489 0.000000 -0.137054 0.000000 0.000000 1.000000 0.000000
0.999447 -0.033245 0.000000 36.861176 0.033245 0.999447 0.000000 -0.139688 0.000000 0.000000 1.000000 0.000000
0.999455 -0.032996 0.000000 37.446769 0.032996 0.999455 0.000000 -0.136735 0.000000 0.000000 1.000000 0.000000
0.999464 -0.032723 0.000000 38.283763 0.032723 0.999464 0.000000 -0.082892 0.000000 0.000000 1.000000 0.000000
0.999553 -0.029907 0.000000 38.980753 0.029907 0.999553 0.000000 -0.073338 0.000000 0.000000 1.000000 0.000000
0.999543 -0.030228 0.000000 39.458023 0.030228 0.999543 0.000000 -0.067077 0.000000 0.000000 1.000000 0.000000
0.999548 -0.030079 0.000000 40.069390 0.030079 0.999548 0.000000 -0.082278 0.000000 0.000000 1.000000 0.000000
0.999522 -0.030909 0.000000 40.760159 0.030909 0.999522 0.000000 -0.035314 0.000000 0.000000 1.000000 0.000000
0.999507 -0.031382 0.000000 41.324984 0.031382 0.999507 0.000000 -0.008709 0.000000 0.000000 1.000000 0.000000
0.999544 -0.030181 0.000000 41.973155 0.030181 0.999544 0.000000 -0.002559 0.000000 0.000000 1.000000 0.000000
0.999566 -0.029475 0.000000 42.586181 0.029475 0.999566 0.000000 0.027854 0.000000 0.000000 1.000000 0.000000
0.999561 -0.029641 0.000000 43.580365 0.029641 0.999561 0.000000 0.087854 0.000000 0.000000 1.000000 0.000000
0.999563 -0.029549 0.000000 43.919490 0.029549 0.999563 0.000000 0.117906 0.000000 0.000000 1.000000 0.000000
0.999562 -0.029582 0.000000 44.916867 0.029582 0.999562 0.000000 0.120133 0.000000 0.000000 1.000000 0.000000
0.999638 -0.026914 0.000000 45.525527 0.026914 0.999638 0.000000 0.129576 0.000000 0.000000 1.000000 0.000000
0.999642 -0.026751 0.000000 46.396094 0.026751 0.999642 0.000000 0.175942 0.000000 0.000000 1.000000 0.000000
0.999625 -0.027377 0.000000 47.039964 0.027377 0.999625 0.000000 0.172710 0.000000 0.000000 1.000000 0.000000
0.999681 -0.025265 0.000000 47.587641 0.025265 0.999681 0.000000 0.181666 0.000000 0.000000 1.000000 0.000000
0.999642 -0.026751 0.000000 48.162859 0.026751 0.999642 0.000000 0.191556 0.000000 0.000000 1.000000 0.000000
0.999573 -0.029211 0.000000 48.242988 0.029211 0.999573 0.000000 0.166169 0.000000 0.000000 1.000000 0.000000
0.999560 -0.029665 0.000000 48.549452 0.029665 0.999560 0.000000 0.176897 0.000000 0.000000 1.000000 0.000000
0.999569 -0.029350 0.000000 48.793182 0.029350 0.999569 0.000000 0.226075 0.000000 0.000000 1.000000 0.000000
0.999600 -0.028268 0.000000 49.418849 0.028268 0.999600 0.000000 0.247527 0.000000 0.000000 1.000000 0.000000
0.999584 -0.028851 0.000000 50.052449 0.028851 0.999584 0.000000 0.247975 0.000000 0.000000 1.000000 0.000000
0.999513 -0.031206 0.000000 50.963480 0.031206 0.999513 0.000000 0.279672 0.000000 0.000000 1.000000 0.000000
0.999473 -0.032470 0.000000 51.352366 0.032470 0.999473 0.000000 0.285041 0.000000 0.000000 1.000000 0.000000
0.999457 -0.032954 0.000000 52.349033 0.032954 0.999457 0.000000 0.293054 0.000000 0.000000 1.000000 0.000000
0.999481 -0.032229 0.000000 52.732122 0.032229 0.999481 0.000000 0.301230 0.000000 0.000000 1.000000 0.000000
0.999446 -0.033295 0.000000 52.973421 0.033295 0.999446 0.000000 0.285489 0.000000 0.000000 1.000000 0.000000
0.999449 -0.033198 0.000000 53.554872 0.033198 0.999449 0.000000 0.287065 0.000000 0.000000 1.000000 0.000000
0.999433 -0.033658 0.000000 54.212220 0.033658 0.999433 0.000000 0.293820 0.000000 0.000000 1.000000 0.000000
0.999456 -0.032981 0.000000 54.732617 0.032981 0.999456 0.000000 0.280534 0.000000 0.000000 1.000000 0.000000
0.999427 -0.033846 0.000000 55.387940 0.033846 0.999427 0.000000 0.281054 0.000000 0.000000 1.000000 0.000000
0.999382 -0.035151 0.000000 55.874690 0.035151 0.999382 0.000000 0.295997 0.000000 0.000000 1.000000 0.000000
0.999370 -0.035495 0.000000 57.217307 0.035495 0.999370 0.000000 0.326882 0.000000 0.000000 1.000000 0.000000
0.999385 -0.035071 0.000000 57.761537 0.035071 0.999385 0.000000 0.384244 0.000000 0.000000 1.000000 0.000000
0.999391 -0.034896 0.000000 58.418446 0.034896 0.999391 0.000000 0.393217 0.000000 0.000000 1.000000 0.000000
0.999457 -0.032960 0.000000 59.059215 0.032960 0.999457 0.000000 0.395969 0.000000 0.000000 1.000000 0.000000
0.999484 -0.032132 0.000000 59.608342 0.032132 0.999484 0.000000 0.401902 0.000000 0.000000 1.000000 0.000000
0.999475 -0.032391 0.000000 60.084763 0.032391 0.999475 0.000000 0.410159 0.000000 0.000000 1.000000 0.000000
0.999458 -0.032933 0.000000 60.627955 0.032933 0.999458 0.000000 0.429191 0.000000 0.000000 1.000000 0.000000
0.999433 -0.033661 0.000000 61.256261 0.033661 0.999433 0.000000 0.432957 0.000000 0.000000 1.000000 0.000000
0.999441 -0.033426 0.000000 61.690084 0.033426 0.999441 0.000000 0.428693 0.000000 0.000000 1.000000 0.000000
0.999383 -0.035113 0.000000 62.064191 0.035113 0.999383 0.000000 0.436145 0.000000 0.000000 1.000000 0.000000
0.999415 -0.034186 0.000000 62.641215 0.034186 0.999415 0.000000 0.435882 0.000000 0.000000 1.000000 0.000000
0.999410 -0.034355 0.000000 63.245519 0.034355 0.999410 0.000000 0.446546 0.000000 0.000000 1.000000 0.000000
0.999420 -0.034061 0.000000 64.003616 0.034061 0.999420 0.000000 0.455506 0.000000 0.000000 1.000000 0.000000
0.999374 -0.035381 0.000000 64.447996 0.035381 0.999374 0.000000 0.444910 0.000000 0.000000 1.000000 0.000000
0.999333 -0.036520 0.000000 65.035948 0.036520 0.999333 0.000000 0.455245 0.000000 0.000000 1.000000 0.000000
0.999323 -0.036780 0.000000 65.722507 0.036780 0.999323 0.000000 0.448140 0.000000 0.000000 1.000000 0.000000
0.999298 -0.037457 0.000000 66.267466 0.037457 0.999298 0.000000 0.457936 0.000000 0.000000 1.000000 0.000000
0.999340 -0.036319 0.000000 66.861137 0.036319 0.999340 0.000000 0.479472 0.000000 0.000000 1.000000 0.000000
0.999999 -0.001653 0.000000 0.631979 0.001653 0.999999 0.000000 -0.013629 0.000000 0.000000 1.000000 0.000000
0.999999 -0.001266 0.000000 0.918727 0.001266 0.999999 0.000000 -0.013223 0.000000 0.000000 1.000000 0.000000
0.999995 -0.003110 0.000000 1.691000 0.003110 0.999995 0.000000 -0.024976 0.000000 0.000000 1.000000 0.000000
0.999996 -0.002795 0.000000 2.320755 0.002795 0.999996 0.000000 -0.026399 0.000000 0.000000 1.000000 0.000000
0.999999 -0.001370 0.000000 2.926783 0.001370 0.999999 0.000000 -0.038795 0.000000 0.000000 1.000000 0.000000
0.999998 -0.002165 0.000000 3.630485 0.002165 0.999998 0.000000 -0.055791 0.000000 0.000000 1.000000 0.000000
0.999998 -0.002201 0.000000 4.402610 0.002201 0.999998 0.000000 -0.081273 0.000000 0.000000 1.000000 0.000000
0.999999 -0.001686 0.000000 5.457580 0.001686 0.999999 0.000000 -0.049625 0.000000 0.000000 1.000000 0.000000
0.999995 -0.003228 0.000000 5.955202 0.003228 0.999995 0.000000 -0.053575 0.000000 0.000000 1.000000 0.000000
0.999988 -0.004921 0.000000 6.656670 0.004921 0.999988 0.000000 -0.032803 0.000000 0.000000 1.000000 0.000000
0.999984 -0.005592 0.000000 7.434743 0.005592 0.999984 0.000000 -0.070915 0.000000 0.000000 1.000000 0.000000
0.999981 -0.006194 0.000000 8.440383 0.006194 0.999981 0.000000 -0.070922 0.000000 0.000000 1.000000 0.000000
0.999980 -0.006370 0.000000 8.920661 0.006370 0.999980 0.000000 -0.116451 0.000000 0.000000 1.000000 0.000000
0.999976 -0.006897 0.000000 9.466065 0.006897 0.999976 0.000000 -0.153773 0.000000 0.000000 1.000000 0.000000
0.999973 -0.007397 0.000000 10.438127 0.007397 0.999973 0.000000 -0.148564 0.000000 0.000000 1.000000 0.000000
0.999969 -0.007897 0.000000 11.227686 0.007897 0.999969 0.000000 -0.201125 0.000000 0.000000 1.000000 0.000000
0.999962 -0.008694 0.000000 11.909347 0.008694 0.999962 0.000000 -0.214981 0.000000 0.000000 1.000000 0.000000
0.999962 -0.008723 0.000000 12.429006 0.008723 0.999962 0.000000 -0.223317 0.000000 0.000000 1.000000 0.000000
0.999953 -0.009701 0.000000 12.768648 0.009701 0.999953 0.000000 -0.236412 0.000000 0.000000 1.000000 0.000000
0.999949 -0.010077 0.000000 13.249942 0.010077 0.999949 0.000000 -0.266839 0.000000 0.000000 1.000000 0.000000
0.999954 -0.009599 0.000000 13.729208 0.009599 0.999954 0.000000 -0.276168 0.000000 0.000000 1.000000 0.000000
0.999938 -0.011177 0.000000 14.353787 0.011177 0.999938 0.000000 -0.293682 0.000000 0.000000 1.000000 0.000000
0.999930 -0.011863 0.000000 14.883912 0.011863 0.999930 0.000000 -0.313496 0.000000 0.000000 1.000000 0.000000
0.999918 -0.012835 0.000000 15.444451 0.012835 0.999918 0.000000 -0.302664 0.000000 0.000000 1.000000 0.000000
0.999920 -0.012672 0.000000 15.649258 0.012672 0.999920 0.000000 -0.292098 0.000000 0.000000 1.000000 0.000000
0.999897 -0.014333 0.000000 16.269495 0.014333 0.999897 0.000000 -0.297334 0.000000 0.000000 1.000000 0.000000
0.999854 -0.017099 0.000000 17.067529 0.017099 0.999854 0.000000 -0.294122 0.000000 0.000000 1.000000 0.000000
0.999823 -0.018813 0.000000 17.473592 0.018813 0.999823 0.000000 -0.269687 0.000000 0.000000 1.000000 0.000000
0.999810 -0.019491 0.000000 18.171173 0.019491 0.999810 0.000000 -0.271096 0.000000 0.000000 1.000000 0.000000
0.999782 -0.020864 0.000000 18.833569 0.020864 0.999782 0.000000 -0.294489 0.000000 0.000000 1.000000 0.000000
0.999788 -0.020610 0.000000 19.313201 0.020610 0.999788 0.000000 -0.279333 0.000000 0.000000 1.000000 0.000000
0.999727 -0.023366 0.000000 19.937527 0.023366 0.999727 0.000000 -0.285883 0.000000 0.000000 1.000000 0.000000
0.999707 -0.024223 0.000000 20.372354 0.024223 0.999707 0.000000 -0.313508 0.000000 0.000000 1.000000 0.000000
0.999710 -0.024081 0.000000 20.954799 0.024081 0.999710 0.000000 -0.302068 0.000000 0.000000 1.000000 0.000000
0.999686 -0.025043 0.000000 21.695269 0.025043 0.999686 0.000000 -0.321611 0.000000 0.000000 1.000000 0.000000
0.999682 -0.025231 0.000000 22.274686 0.025231 0.999682 0.000000 -0.349623 0.000000 0.000000 1.000000 0.000000
0.999660 -0.026084 0.000000 23.106728 0.026084 0.999660 0.000000 -0.356042 0.000000 0.000000 1.000000 0.000000
0.999595 -0.028462 0.000000 23.716966 0.028462 0.999595 0.000000 -0.352150 0.000000 0.000000 1.000000 0.000000
0.999521 -0.030956 0.000000 24.329090 0.030956 0.999521 0.000000 -0.357351 0.000000 0.000000 1.000000 0.000000
0.999485 -0.032091 0.000000 24.791647 0.032091 0.999485 0.000000 -0.389110 0.000000 0.000000 1.000000 0.000000
0.999480 -0.032235 0.000000 25.489001 0.032235 0.999480 0.000000 -0.362686 0.000000 0.000000 1.000000 0.000000
0.999471 -0.032537 0.000000 26.150637 0.032537 0.999471 0.000000 -0.355471 0.000000 0.000000 1.000000 0.000000
0.999425 -0.033919 0.000000 26.568936 0.033919 0.999425 0.000000 -0.370609 0.000000 0.000000 1.000000 0.000000
0.999409 -0.034370 0.000000 27.153930 0.034370 0.999409 0.000000 -0.332062 0.000000 0.000000 1.000000 0.000000
0.999433 -0.033659 0.000000 27.807100 0.033659 0.999433 0.000000 -0.327032 0.000000 0.000000 1.000000 0.000000
0.999450 -0.033155 0.000000 28.626547 0.033155 0.999450 0.000000 -0.305417 0.000000 0.000000 1.000000 0.000000
0.999428 -0.033813 0.000000 28.870058 0.033813 0.999428 0.000000 -0.319947 0.000000 0.000000 1.000000 0.000000
0.999418 -0.034102 0.000000 29.592905 0.034102 0.999418 0.000000 -0.307533 0.000000 0.000000 1.000000 0.000000
0.999308 -0.037208 0.000000 30.483069 0.037208 0.999308 0.000000 -0.281000 0.000000 0.000000 1.000000 0.000000
0.999293 -0.037605 0.000000 31.217315 0.037605 0.999293 0.000000 -0.248993 0.000000 0.000000 1.000000 0.000000
0.999323 -0.036803 0.000000 32.008995 0.036803 0.999323 0.000000 -0.234344 0.000000 0.000000 1.000000 0.000000
0.999383 -0.035123 0.000000 32.644724 0.035123 0.999383 0.000000 -0.224955 0.000000 0.000000 1.000000 0.000000
0.999380 -0.035216 0.000000 33.281641 0.035216 0.999380 0.000000 -0.212229 0.000000 0.000000 1.000000 0.000000
0.999367 -0.035566 0.000000 33.708598 0.035566 0.999367 0.000000 -0.203328 0.000000 0.000000 1.000000 0.000000
0.999399 -0.034657 0.000000 34.232400 0.034657 0.999399 0.000000 -0.201856 0.000000 0.000000 1.000000 0.000000
0.999447 -0.033265 0.000000 34.908311 0.033265 0.999447 0.000000 -0.169816 0.000000 0.000000 1.000000 0.000000
0.999503 -0.031520 0.000000 35.051841 0.031520 0.999503 0.000000 -0.150613 0.000000 0.000000 1.000000 0.000000
0.999496 -0.031736 0.000000 35.292364 0.031736 0.999496 0.000000 -0.153152 0.000000 0.000000 1.000000 0.000000
0.999432 -0.033697 0.000000 35.930223 0.033697 0.999432 0.000000 -0.143044 0.000000 0.000000 1.000000 0.000000
0.999489 -0.031977 0.000000 36.567870 0.031977 0.999489 0.000000 -0.137054 0.000000 0.000000 1.000000 0.000000
0.999447 -0.033245 0.000000 36.861176 0.033245 0.999447 0.000000 -0.139688 0.000000 0.000000 1.000000 0.000000
0.999455 -0.032996 0.000000 37.446769 0.032996 0.999455 0.000000 -0.136735 0.000000 0.000000 1.000000 0.000000
0.999464 -0.032723 0.000000 38.283763 0.032723 0.999464 0.000000 -0.082892 0.000000 0.000000 1.000000 0.000000
0.999553 -0.029907 0.000000 38.980753 0.029907 0.999553 0.000000 -0.073338 0.000000 0.000000 1.000000 0.000000
0.999543 -0.030228 0.000000 39.458023 0.030228 0.999543 0.000000 -0.067077 0.000000 0.000000 1.000000 0.000000
0.999548 -0.030079 0.000000 40.069390 0.030079 0.999548 0.000000 -0.082278 0.000000 0.000000 1.000000 0.000000
0.999522 -0.030909 0.000000 40.760159 0.030909 0.999522 0.000000 -0.035314 0.000000 0.000000 1.000000 0.000000
0.999507 -0.031382 0.000000 41.324984 0.031382 0.999507 0.000000 -0.008709 0.000000 0.000000 1.000000 0.000000
0.999544 -0.030181 0.000000 41.973155 0.030181 0.999544 0.000000 -0.002559 0.000000 0.000000 1.000000 0.000000
0.999566 -0.029475 0.000000 42.586181 0.029475 0.999566 0.000000 0.027854 0.000000 0.000000 1.000000 0.000000
0.999561 -0.029641 0.000000 43.580365 0.029641 0.999561 0.000000 0.087854 0.000000 0.000000 1.000000 0.000000
0.999563 -0.029549 0.000000 43.919490 0.029549 0.999563 0.000000 0.117906 0.000000 0.000000 1.000000 0.000000
0.999562 -0.029582 0.000000 44.916867 0.029582 0.999562 0.000000 0.120133 0.000000 0.000000 1.000000 0.000000
0.999638 -0.026914 0.000000 45.525527 0.026914 0.999638 0.000000 0.129576 0.000000 0.000000 1.000000 0.000000
0.999642 -0.026751 0.000000 46.396094 0.026751 0.999642 0.000000 0.175942 0.000000 0.000000 1.000000 0.000000
0.999625 -0.027377 0.000000 47.039964 0.027377 0.999625 0.000000 0.172710 0.000000 0.000000 1.000000 0.000000
0.999681 -0.025265 0.000000 47.587641 0.025265 0.999681 0.000000 0.181666 0.000000 0.000000 1.000000 0.000000
0.999642 -0.026751 0.000000 48.162859 0.026751 0.999642 0.000000 0.191556 0.000000 0.000000 1.000000 0.000000
0.999573 -0.029211 0.000000 48.242988 0.029211 0.999573 0.000000 0.166169 0.000000 0.000000 1.000000 0.000000
0.999560 -0.029665 0.000000 48.549452 0.029665 0.999560 0.000000 0.176897 0.000000 0.000000 1.000000 0.000000
0.999569 -0.029350 0.000000 48.793182 0.029350 0.999569 0.000000 0.226075 0.000000 0.000000 1.000000 0.000000
0.999600 -0.028268 0.000000 49.418849 0.028268 0.999600 0.000000 0.247527 0.000000 0.000000 1.000000 0.000000
0.999584 -0.028851 0.000000 50.052449 0.028851 0.999584 0.000000 0.247975 0.000000 0.000000 1.000000 0.000000
0.999513 -0.031206 0.000000 50.963480 0.031206 0.999513 0.000000 0.279672 0.000000 0.000000 1.000000 0.000000
0.999473 -0.032470 0.000000 51.352366 0.032470 0.999473 0.000000 0.285041 0.000000 0.000000 1.000000 0.000000
0.999457 -0.032954 0.000000 52.349033 0.032954 0.999457 0.000000 0.293054 0.000000 0.000000 1.000000 0.000000
0.999481 -0.032229 0.000000 52.732122 0.032229 0.999481 0.000000 0.301230 0.000000 0.000000 1.000000 0.000000
0.999446 -0.033295 0.000000 52.973421 0.033295 0.999446 0.000000 0.285489 0.000000 0.000000 1.000000 0.000000
0.999449 -0.033198 0.000000 53.554872 0.033198 0.999449 0.000000 0.287065 0.000000 0.000000 1.000000 0.000000
0.999433 -0.033658 0.000000 54.212220 0.033658 0.999433 0.000000 0.293820 0.000000 0.000000 1.000000 0.000000
0.999456 -0.032981 0.000000 54.732617 0.032981 0.999456 0.000000 0.280534 0.000000 0.000000 1.000000 0.000000
0.999427 -0.033846 0.000000 55.387940 0.033846 0.999427 0.000000 0.281054 0.000000 0.000000 1.000000 0.000000
0.999382 -0.035151 0.000000 55.874690 0.035151 0.999382 0.000000 0.295997 0.000000 0.000000 1.000000 0.000000
