1.000000 -0.000125 0.000000 0.613035 0.000125 1.000000 0.000000 -0.061435 0.000000 0.000000 1.000000 0.000000
0.999999 0.001347 0.000000 1.309083 -0.001347 0.999999 -0.000000 -0.025319 -0.000000 0.000000 1.000000 0.000000
0.999999 0.001353 0.000000 1.888293 -0.001353 0.999999 -0.000000 -0.044999 -0.000000 0.000000 1.000000 0.000000
0.999990 0.004405 0.000000 2.413551 -0.004405 0.999990 -0.000000 -0.104606 -0.000000 0.000000 1.000000 0.000000
0.999977 0.006798 0.000000 3.157307 -0.006798 0.999977 -0.000000 -0.022450 -0.000000 0.000000 1.000000 0.000000
0.999968 0.007987 0.000000 3.632012 -0.007987 0.999968 -0.000000 0.026954 -0.000000 0.000000 1.000000 0.000000
0.999969 0.007871 0.000000 4.090259 -0.007871 0.999969 -0.000000 0.006490 -0.000000 0.000000 1.000000 0.000000
0.999947 0.010285 0.000000 4.705536 -0.010285 0.999947 -0.000000 0.035888 -0.000000 0.000000 1.000000 0.000000
0.999925 0.012209 0.000000 5.289332 -0.012209 0.999925 -0.000000 -0.059369 -0.000000 0.000000 1.000000 0.000000
0.999911 0.013377 0.000000 5.855444 -0.013377 0.999911 -0.000000 -0.021442 -0.000000 0.000000 1.000000 0.000000
0.999857 0.016905 0.000000 6.942915 -0.016905 0.999857 -0.000000 -0.084134 -0.000000 0.000000 1.000000 0.000000
0.999821 0.018910 0.000000 7.643312 -0.018910 0.999821 -0.000000 -0.229265 -0.000000 0.000000 1.000000 0.000000
0.999829 0.018498 0.000000 8.427000 -0.018498 0.999829 -0.000000 -0.165377 -0.000000 0.000000 1.000000 0.000000
0.999804 0.019810 0.000000 8.967395 -0.019810 0.999804 -0.000000 -0.130242 -0.000000 0.000000 1.000000 0.000000
0.999787 0.020662 0.000000 9.551977 -0.020662 0.999787 -0.000000 -0.142660 -0.000000 0.000000 1.000000 0.000000
0.999790 0.020470 0.000000 10.111594 -0.020470 0.999790 -0.000000 -0.059417 -0.000000 0.000000 1.000000 0.000000
0.999733 0.023121 0.000000 10.696158 -0.023121 0.999733 -0.000000 -0.105916 -0.000000 0.000000 1.000000 0.000000
0.999699 0.024530 0.000000 11.278948 -0.024530 0.999699 -0.000000 -0.123252 -0.000000 0.000000 1.000000 0.000000
0.999656 0.026210 0.000000 11.748174 -0.026210 0.999656 -0.000000 0.066166 -0.000000 0.000000 1.000000 0.000000
0.999609 0.027945 0.000000 12.301839 -0.027945 0.999609 -0.000000 0.060150 -0.000000 0.000000 1.000000 0.000000
0.999592 0.028578 0.000000 12.887136 -0.028578 0.999592 -0.000000 0.054548 -0.000000 0.000000 1.000000 0.000000
0.999626 0.027330 0.000000 13.461997 -0.027330 0.999626 -0.000000 0.014107 -0.000000 0.000000 1.000000 0.000000
0.999548 0.030077 0.000000 14.024811 -0.030077 0.999548 -0.000000 0.085696 -0.000000 0.000000 1.000000 0.000000
0.999559 0.029697 0.000000 14.736551 -0.029697 0.999559 -0.000000 0.150076 -0.000000 0.000000 1.000000 0.000000
0.999523 0.030887 0.000000 15.274016 -0.030887 0.999523 -0.000000 0.176208 -0.000000 0.000000 1.000000 0.000000
0.999544 0.030200 0.000000 15.743446 -0.030200 0.999544 -0.000000 0.215561 -0.000000 0.000000 1.000000 0.000000
0.999394 0.034822 0.000000 16.378554 -0.034822 0.999394 -0.000000 0.071896 -0.000000 0.000000 1.000000 0.000000
0.999354 0.035939 0.000000 16.882345 -0.035939 0.999354 -0.000000 -0.026447 -0.000000 0.000000 1.000000 0.000000
0.999329 0.036637 0.000000 17.497657 -0.036637 0.999329 -0.000000 -0.028501 -0.000000 0.000000 1.000000 0.000000
0.999375 0.035341 0.000000 18.180115 -0.035341 0.999375 -0.000000 -0.019498 -0.000000 0.000000 1.000000 0.000000
0.999328 0.036649 0.000000 18.754821 -0.036649 0.999328 -0.000000 -0.039718 -0.000000 0.000000 1.000000 0.000000
0.999274 0.038103 0.000000 19.317420 -0.038103 0.999274 -0.000000 -0.038671 -0.000000 0.000000 1.000000 0.000000
0.999186 0.040329 0.000000 19.891839 -0.040329 0.999186 -0.000000 -0.060560 -0.000000 0.000000 1.000000 0.000000
0.999074 0.043028 0.000000 20.438380 -0.043028 0.999074 -0.000000 -0.071060 -0.000000 0.000000 1.000000 0.000000
0.999045 0.043683 0.000000 20.815801 -0.043683 0.999045 -0.000000 -0.091395 -0.000000 0.000000 1.000000 0.000000
0.998930 0.046256 0.000000 21.365332 -0.046256 0.998930 -0.000000 -0.115625 -0.000000 0.000000 1.000000 0.000000
0.998936 0.046114 0.000000 21.875140 -0.046114 0.998936 -0.000000 -0.062962 -0.000000 0.000000 1.000000 0.000000
0.998932 0.046214 0.000000 22.959320 -0.046214 0.998932 -0.000000 -0.117049 -0.000000 0.000000 1.000000 0.000000
0.998735 0.050275 0.000000 23.849361 -0.050275 0.998735 -0.000000 -0.125086 -0.000000 0.000000 1.000000 0.000000
0.998631 0.052317 0.000000 24.419220 -0.052317 0.998631 -0.000000 -0.168115 -0.000000 0.000000 1.000000 0.000000
0.998504 0.054678 0.000000 25.069015 -0.054678 0.998504 -0.000000 -0.324366 -0.000000 0.000000 1.000000 0.000000
0.998528 0.054234 0.000000 25.676973 -0.054234 0.998528 -0.000000 -0.302198 -0.000000 0.000000 1.000000 0.000000
0.998533 0.054151 0.000000 26.238845 -0.054151 0.998533 -0.000000 -0.347209 -0.000000 0.000000 1.000000 0.000000
0.997911 0.064599 0.000000 26.723733 -0.064599 0.997911 -0.000000 -0.393506 -0.000000 0.000000 1.000000 0.000000
0.997563 0.069770 0.000000 27.269790 -0.069770 0.997563 -0.000000 -0.471442 -0.000000 0.000000 1.000000 0.000000
0.997375 0.072410 0.000000 28.384701 -0.072410 0.997375 -0.000000 -0.755195 -0.000000 0.000000 1.000000 0.000000
0.997245 0.074174 0.000000 28.942262 -0.074174 0.997245 -0.000000 -0.814316 -0.000000 0.000000 1.000000 0.000000
0.997186 0.074974 0.000000 29.520645 -0.074974 0.997186 -0.000000 -0.871104 -0.000000 0.000000 1.000000 0.000000
0.997295 0.073498 0.000000 30.040948 -0.073498 0.997295 -0.000000 -0.927536 -0.000000 0.000000 1.000000 0.000000
0.997001 0.077386 0.000000 30.633805 -0.077386 0.997001 -0.000000 -0.835745 -0.000000 0.000000 1.000000 0.000000
0.996355 0.085303 0.000000 31.448518 -0.085303 0.996355 -0.000000 -0.958319 -0.000000 0.000000 1.000000 0.000000
0.996140 0.087780 0.000000 32.015833 -0.087780 0.996140 -0.000000 -1.015525 -0.000000 0.000000 1.000000 0.000000
0.995767 0.091918 0.000000 32.504618 -0.091918 0.995767 -0.000000 -0.959147 -0.000000 0.000000 1.000000 0.000000
0.995642 0.093255 0.000000 33.042362 -0.093255 0.995642 -0.000000 -0.990037 -0.000000 0.000000 1.000000 0.000000
0.995362 0.096197 0.000000 33.677341 -0.096197 0.995362 -0.000000 -0.964091 -0.000000 0.000000 1.000000 0.000000
0.995231 0.097550 0.000000 34.354652 -0.097550 0.995231 -0.000000 -1.040829 -0.000000 0.000000 1.000000 0.000000
0.995078 0.099098 0.000000 34.891845 -0.099098 0.995078 -0.000000 -1.011618 -0.000000 0.000000 1.000000 0.000000
0.994848 0.101373 0.000000 35.341453 -0.101373 0.994848 -0.000000 -1.050162 -0.000000 0.000000 1.000000 0.000000
0.994765 0.102186 0.000000 35.897664 -0.102186 0.994765 -0.000000 -1.117462 -0.000000 0.000000 1.000000 0.000000
0.994305 0.106572 0.000000 36.265412 -0.106572 0.994305 -0.000000 -1.131566 -0.000000 0.000000 1.000000 0.000000
0.994155 0.107965 0.000000 37.247365 -0.107965 0.994155 -0.000000 -1.104796 -0.000000 0.000000 1.000000 0.000000
0.993658 0.112447 0.000000 37.655438 -0.112447 0.993658 -0.000000 -0.985115 -0.000000 0.000000 1.000000 0.000000
0.993525 0.113615 0.000000 38.238498 -0.113615 0.993525 -0.000000 -1.033051 -0.000000 0.000000 1.000000 0.000000
0.993495 0.113878 0.000000 38.798034 -0.113878 0.993495 -0.000000 -1.066701 -0.000000 0.000000 1.000000 0.000000
0.993447 0.114295 0.000000 39.350087 -0.114295 0.993447 -0.000000 -1.133281 -0.000000 0.000000 1.000000 0.000000
0.993463 0.114153 0.000000 39.806206 -0.114153 0.993463 -0.000000 -1.326514 -0.000000 0.000000 1.000000 0.000000
0.993467 0.114117 0.000000 40.396396 -0.114117 0.993467 -0.000000 -1.398662 -0.000000 0.000000 1.000000 0.000000
0.993257 0.115934 0.000000 40.954453 -0.115934 0.993257 -0.000000 -1.617034 -0.000000 0.000000 1.000000 0.000000
0.992978 0.118303 0.000000 41.464569 -0.118303 0.992978 -0.000000 -1.521151 -0.000000 0.000000 1.000000 0.000000
0.993292 0.115631 0.000000 42.091961 -0.115631 0.993292 -0.000000 -1.594290 -0.000000 0.000000 1.000000 0.000000
0.993114 0.117156 0.000000 42.645036 -0.117156 0.993114 -0.000000 -1.658817 -0.000000 0.000000 1.000000 0.000000
0.992922 0.118764 0.000000 43.172881 -0.118764 0.992922 -0.000000 -1.713589 -0.000000 0.000000 1.000000 0.000000
0.992766 0.120069 0.000000 43.696907 -0.120069 0.992766 -0.000000 -1.780465 -0.000000 0.000000 1.000000 0.000000
0.992828 0.119556 0.000000 44.197553 -0.119556 0.992828 -0.000000 -1.871060 -0.000000 0.000000 1.000000 0.000000
0.992604 0.121401 0.000000 45.207433 -0.121401 0.992604 -0.000000 -1.881232 -0.000000 0.000000 1.000000 0.000000
0.992305 0.123817 0.000000 45.693413 -0.123817 0.992305 -0.000000 -1.965894 -0.000000 0.000000 1.000000 0.000000
0.992097 0.125474 0.000000 46.237790 -0.125474 0.992097 -0.000000 -2.033506 -0.000000 0.000000 1.000000 0.000000
0.992023 0.126057 0.000000 47.099664 -0.126057 0.992023 -0.000000 -2.129006 -0.000000 0.000000 1.000000 0.000000
0.991805 0.127757 0.000000 47.669709 -0.127757 0.991805 -0.000000 -2.202195 -0.000000 0.000000 1.000000 0.000000
0.991741 0.128253 0.000000 48.160799 -0.128253 0.991741 -0.000000 -2.265662 -0.000000 0.000000 1.000000 0.000000
0.991403 0.130845 0.000000 49.178333 -0.130845 0.991403 -0.000000 -2.392665 -0.000000 0.000000 1.000000 0.000000
0.991368 0.131112 0.000000 49.678928 -0.131112 0.991368 -0.000000 -2.416483 -0.000000 0.000000 1.000000 0.000000
0.990961 0.134149 0.000000 50.093704 -0.134149 0.990961 -0.000000 -2.479031 -0.000000 0.000000 1.000000 0.000000
0.990867 0.134845 0.000000 50.566981 -0.134845 0.990867 -0.000000 -2.563045 -0.000000 0.000000 1.000000 0.000000
0.990559 0.137087 0.000000 51.592444 -0.137087 0.990559 -0.000000 -2.708906 -0.000000 0.000000 1.000000 0.000000
0.990359 0.138524 0.000000 52.192580 -0.138524 0.990359 -0.000000 -2.805834 -0.000000 0.000000 1.000000 0.000000
0.990084 0.140480 0.000000 52.857420 -0.140480 0.990084 -0.000000 -2.794360 -0.000000 0.000000 1.000000 0.000000
0.989877 0.141930 0.000000 53.287431 -0.141930 0.989877 -0.000000 -2.849530 -0.000000 0.000000 1.000000 0.000000
0.989654 0.143474 0.000000 53.574410 -0.143474 0.989654 -0.000000 -2.949909 -0.000000 0.000000 1.000000 0.000000
0.989813 0.142376 0.000000 54.109428 -0.142376 0.989813 -0.000000 -2.960470 -0.000000 0.000000 1.000000 0.000000
0.989415 0.145115 0.000000 54.577702 -0.145115 0.989415 -0.000000 -3.026541 -0.000000 0.000000 1.000000 0.000000
0.989580 0.143986 0.000000 55.250581 -0.143986 0.989580 -0.000000 -3.073827 -0.000000 0.000000 1.000000 0.000000
0.989447 0.144894 0.000000 55.622805 -0.144894 0.989447 -0.000000 -3.082999 -0.000000 0.000000 1.000000 0.000000
0.989584 0.143954 0.000000 56.069707 -0.143954 0.989584 -0.000000 -3.150724 -0.000000 0.000000 1.000000 0.000000
0.989513 0.144447 0.000000 56.501898 -0.144447 0.989513 -0.000000 -3.209338 -0.000000 0.000000 1.000000 0.000000
0.989540 0.144259 0.000000 57.046836 -0.144259 0.989540 -0.000000 -3.232400 -0.000000 0.000000 1.000000 0.000000
0.988722 0.149766 0.000000 57.404911 -0.149766 0.988722 -0.000000 -3.327603 -0.000000 0.000000 1.000000 0.000000
0.988114 0.153720 0.000000 57.954671 -0.153720 0.988114 -0.000000 -3.488033 -0.000000 0.000000 1.000000 0.000000
0.987732 0.156157 0.000000 58.358019 -0.156157 0.987732 -0.000000 -3.384512 -0.000000 0.000000 1.000000 0.000000
0.987195 0.159515 0.000000 58.759997 -0.159515 0.987195 -0.000000 -3.467170 -0.000000 0.000000 1.000000 0.000000
0.986367 0.164561 0.000000 59.017976 -0.164561 0.986367 -0.000000 -3.584907 -0.000000 0.000000 1.000000 0.000000
0.986399 0.164366 0.000000 59.394077 -0.164366 0.986399 -0.000000 -3.731071 -0.000000 0.000000 1.000000 0.000000
0.986122 0.166021 0.000000 59.862640 -0.166021 0.986122 -0.000000 -3.831690 -0.000000 0.000000 1.000000 0.000000
0.986068 0.166344 0.000000 60.232352 -0.166344 0.986068 -0.000000 -3.897902 -0.000000 0.000000 1.000000 0.000000
0.986150 0.165856 0.000000 60.594849 -0.165856 0.986150 -0.000000 -3.953484 -0.000000 0.000000 1.000000 0.000000
0.986258 0.165215 0.000000 60.931823 -0.165215 0.986258 -0.000000 -3.944710 -0.000000 0.000000 1.000000 0.000000
0.985835 0.167715 0.000000 61.153366 -0.167715 0.985835 -0.000000 -4.071482 -0.000000 0.000000 1.000000 0.000000
0.984586 0.174903 0.000000 61.646338 -0.174903 0.984586 -0.000000 -4.077266 -0.000000 0.000000 1.000000 0.000000
0.985102 0.171974 0.000000 61.955148 -0.171974 0.985102 -0.000000 -4.176578 -0.000000 0.000000 1.000000 0.000000
0.985081 0.172090 0.000000 62.265990 -0.172090 0.985081 -0.000000 -4.238201 -0.000000 0.000000 1.000000 0.000000
0.984940 0.172899 0.000000 62.595034 -0.172899 0.984940 -0.000000 -4.298612 -0.000000 0.000000 1.000000 0.000000
0.984238 0.176852 0.000000 62.768505 -0.176852 0.984238 -0.000000 -4.241797 -0.000000 0.000000 1.000000 0.000000
0.984244 0.176817 0.000000 63.025048 -0.176817 0.984244 -0.000000 -4.380578 -0.000000 0.000000 1.000000 0.000000
0.983652 0.180079 0.000000 63.307370 -0.180079 0.983652 -0.000000 -4.375152 -0.000000 0.000000 1.000000 0.000000
0.983716 0.179730 0.000000 63.819533 -0.179730 0.983716 -0.000000 -4.436470 -0.000000 0.000000 1.000000 0.000000
0.983511 0.180849 0.000000 64.415977 -0.180849 0.983511 -0.000000 -4.572164 -0.000000 0.000000 1.000000 0.000000
0.983292 0.182033 0.000000 64.715809 -0.182033 0.983292 -0.000000 -4.630976 -0.000000 0.000000 1.000000 0.000000
0.982924 0.184014 0.000000 64.997939 -0.184014 0.982924 -0.000000 -4.668918 -0.000000 0.000000 1.000000 0.000000
0.982747 0.184955 0.000000 65.311127 -0.184955 0.982747 -0.000000 -4.604589 -0.000000 0.000000 1.000000 0.000000
0.981441 0.191762 0.000000 65.651524 -0.191762 0.981441 -0.000000 -4.727227 -0.000000 0.000000 1.000000 0.000000
0.981383 0.192062 0.000000 65.921320 -0.192062 0.981383 -0.000000 -4.798904 -0.000000 0.000000 1.000000 0.000000
0.981780 0.190022 0.000000 66.076160 -0.190022 0.981780 -0.000000 -4.806529 -0.000000 0.000000 1.000000 0.000000
0.981168 0.193155 0.000000 66.224572 -0.193155 0.981168 -0.000000 -4.903795 -0.000000 0.000000 1.000000 0.000000
0.980704 0.195501 0.000000 66.377797 -0.195501 0.980704 -0.000000 -4.992770 -0.000000 0.000000 1.000000 0.000000
0.979551 0.201197 0.000000 66.764767 -0.201197 0.979551 -0.000000 -5.121808 -0.000000 0.000000 1.000000 0.000000
0.979595 0.200981 0.000000 67.007955 -0.200981 0.979595 -0.000000 -5.170722 -0.000000 0.000000 1.000000 0.000000
0.979548 0.201209 0.000000 67.338338 -0.201209 0.979548 -0.000000 -5.283272 -0.000000 0.000000 1.000000 0.000000
0.979496 0.201463 0.000000 67.466428 -0.201463 0.979496 -0.000000 -5.250342 -0.000000 0.000000 1.000000 0.000000
0.978725 0.205174 0.000000 67.748157 -0.205174 0.978725 -0.000000 -5.276793 -0.000000 0.000000 1.000000 0.000000
0.978369 0.206868 0.000000 67.858877 -0.206868 0.978369 -0.000000 -5.402401 -0.000000 0.000000 1.000000 0.000000
0.977867 0.209229 0.000000 67.992691 -0.209229 0.977867 -0.000000 -5.517787 -0.000000 0.000000 1.000000 0.000000
0.977912 0.209017 0.000000 68.374408 -0.209017 0.977912 -0.000000 -5.601358 -0.000000 0.000000 1.000000 0.000000
0.977941 0.208882 0.000000 68.617507 -0.208882 0.977941 -0.000000 -5.656716 -0.000000 0.000000 1.000000 0.000000
0.977636 0.210306 0.000000 68.830760 -0.210306 0.977636 -0.000000 -5.660048 -0.000000 0.000000 1.000000 0.000000
0.976924 0.213588 0.000000 69.183267 -0.213588 0.976924 -0.000000 -5.892649 -0.000000 0.000000 1.000000 0.000000
0.976686 0.214673 0.000000 69.392839 -0.214673 0.976686 -0.000000 -5.921849 -0.000000 0.000000 1.000000 0.000000
0.976343 0.216225 0.000000 69.672077 -0.216225 0.976343 -0.000000 -6.002201 -0.000000 0.000000 1.000000 0.000000
0.975615 0.219489 0.000000 69.894266 -0.219489 0.975615 -0.000000 -6.113231 -0.000000 0.000000 1.000000 0.000000
0.975647 0.219348 0.000000 70.009592 -0.219348 0.975647 -0.000000 -6.325399 -0.000000 0.000000 1.000000 0.000000
0.975724 0.219005 0.000000 70.327801 -0.219005 0.975724 -0.000000 -6.303789 -0.000000 0.000000 1.000000 0.000000
0.975356 0.220635 0.000000 70.600602 -0.220635 0.975356 -0.000000 -6.366467 -0.000000 0.000000 1.000000 0.000000
0.975089 0.221816 0.000000 70.846969 -0.221816 0.975089 -0.000000 -6.387418 -0.000000 0.000000 1.000000 0.000000
0.975238 0.221157 0.000000 71.047580 -0.221157 0.975238 -0.000000 -6.448808 -0.000000 0.000000 1.000000 0.000000
0.974360 0.224995 0.000000 71.320407 -0.224995 0.974360 -0.000000 -6.533306 -0.000000 0.000000 1.000000 0.000000
0.974195 0.225707 0.000000 71.523342 -0.225707 0.974195 -0.000000 -6.605167 -0.000000 0.000000 1.000000 0.000000
0.974064 0.226273 0.000000 71.814489 -0.226273 0.974064 -0.000000 -6.652720 -0.000000 0.000000 1.000000 0.000000
0.974248 0.225480 0.000000 72.094387 -0.225480 0.974248 -0.000000 -6.727484 -0.000000 0.000000 1.000000 0.000000
0.974426 0.224708 0.000000 72.239672 -0.224708 0.974426 -0.000000 -6.925024 -0.000000 0.000000 1.000000 0.000000
0.972221 0.234064 0.000000 73.009081 -0.234064 0.972221 -0.000000 -7.084402 -0.000000 0.000000 1.000000 0.000000
0.972183 0.234224 0.000000 73.223759 -0.234224 0.972183 -0.000000 -7.154549 -0.000000 0.000000 1.000000 0.000000
0.971496 0.237055 0.000000 73.472895 -0.237055 0.971496 -0.000000 -7.170042 -0.000000 0.000000 1.000000 0.000000
0.971107 0.238643 0.000000 73.699016 -0.238643 0.971107 -0.000000 -7.044399 -0.000000 0.000000 1.000000 0.000000
0.970983 0.239150 0.000000 73.924123 -0.239150 0.970983 -0.000000 -7.052408 -0.000000 0.000000 1.000000 0.000000
0.970328 0.241794 0.000000 74.691928 -0.241794 0.970328 -0.000000 -7.302565 -0.000000 0.000000 1.000000 0.000000
0.970077 0.242797 0.000000 74.998888 -0.242797 0.970077 -0.000000 -7.337071 -0.000000 0.000000 1.000000 0.000000
0.968761 0.247997 0.000000 75.156361 -0.247997 0.968761 -0.000000 -7.432083 -0.000000 0.000000 1.000000 0.000000
0.967502 0.252864 0.000000 75.621687 -0.252864 0.967502 -0.000000 -7.553375 -0.000000 0.000000 1.000000 0.000000
0.966618 0.256224 0.000000 75.948615 -0.256224 0.966618 -0.000000 -7.632244 -0.000000 0.000000 1.000000 0.000000
0.966547 0.256489 0.000000 76.251632 -0.256489 0.966547 -0.000000 -7.780614 -0.000000 0.000000 1.000000 0.000000
0.965859 0.259069 0.000000 76.636528 -0.259069 0.965859 -0.000000 -7.863767 -0.000000 0.000000 1.000000 0.000000
0.965040 0.262104 0.000000 76.845118 -0.262104 0.965040 -0.000000 -7.826368 -0.000000 0.000000 1.000000 0.000000
0.965107 0.261857 0.000000 76.901087 -0.261857 0.965107 -0.000000 -7.850875 -0.000000 0.000000 1.000000 0.000000
0.964468 0.264201 0.000000 77.168127 -0.264201 0.964468 -0.000000 -8.016631 -0.000000 0.000000 1.000000 0.000000
0.965485 0.260460 0.000000 77.810567 -0.260460 0.965485 -0.000000 -8.100137 -0.000000 0.000000 1.000000 0.000000
0.965199 0.261518 0.000000 78.156020 -0.261518 0.965199 -0.000000 -8.198562 -0.000000 0.000000 1.000000 0.000000
0.964952 0.262425 0.000000 78.624549 -0.262425 0.964952 -0.000000 -8.338046 -0.000000 0.000000 1.000000 0.000000
0.965408 0.260745 0.000000 78.824905 -0.260745 0.965408 -0.000000 -8.436560 -0.000000 0.000000 1.000000 0.000000
0.965696 0.259676 0.000000 79.476207 -0.259676 0.965696 -0.000000 -8.609108 -0.000000 0.000000 1.000000 0.000000
0.965034 0.262125 0.000000 80.171744 -0.262125 0.965034 -0.000000 -8.820670 -0.000000 0.000000 1.000000 0.000000
0.964934 0.262494 0.000000 80.531523 -0.262494 0.964934 -0.000000 -8.884462 -0.000000 0.000000 1.000000 0.000000
0.965245 0.261347 0.000000 80.925705 -0.261347 0.965245 -0.000000 -9.005662 -0.000000 0.000000 1.000000 0.000000
0.965442 0.260618 0.000000 81.275939 -0.260618 0.965442 -0.000000 -9.126243 -0.000000 0.000000 1.000000 0.000000
0.965567 0.260156 0.000000 81.432879 -0.260156 0.965567 -0.000000 -9.267240 -0.000000 0.000000 1.000000 0.000000
0.964504 0.264070 0.000000 81.895859 -0.264070 0.964504 -0.000000 -9.484902 -0.000000 0.000000 1.000000 0.000000
0.964548 0.263907 0.000000 82.215194 -0.263907 0.964548 -0.000000 -9.547792 -0.000000 0.000000 1.000000 0.000000
0.963808 0.266596 0.000000 83.134636 -0.266596 0.963808 -0.000000 -9.672993 -0.000000 0.000000 1.000000 0.000000
0.964543 0.263927 0.000000 83.878016 -0.263927 0.964543 -0.000000 -9.879133 -0.000000 0.000000 1.000000 0.000000
0.963764 0.266757 0.000000 84.345117 -0.266757 0.963764 -0.000000 -10.011379 -0.000000 0.000000 1.000000 0.000000
0.964153 0.265347 0.000000 84.789529 -0.265347 0.964153 -0.000000 -10.132223 -0.000000 0.000000 1.000000 0.000000
0.963785 0.266679 0.000000 85.156645 -0.266679 0.963785 -0.000000 -10.343773 -0.000000 0.000000 1.000000 0.000000
0.964171 0.265282 0.000000 85.703325 -0.265282 0.964171 -0.000000 -10.375523 -0.000000 0.000000 1.000000 0.000000
0.962737 0.270438 0.000000 86.182605 -0.270438 0.962737 -0.000000 -10.583147 -0.000000 0.000000 1.000000 0.000000
0.961945 0.273242 0.000000 86.681631 -0.273242 0.961945 -0.000000 -10.722563 -0.000000 0.000000 1.000000 0.000000
0.960415 0.278575 0.000000 87.357014 -0.278575 0.960415 -0.000000 -10.929657 -0.000000 0.000000 1.000000 0.000000
0.959095 0.283084 0.000000 87.750839 -0.283084 0.959095 -0.000000 -11.001589 -0.000000 0.000000 1.000000 0.000000
0.958739 0.284287 0.000000 88.215768 -0.284287 0.958739 -0.000000 -11.195389 -0.000000 0.000000 1.000000 0.000000
0.957866 0.287214 0.000000 88.736876 -0.287214 0.957866 -0.000000 -11.352162 -0.000000 0.000000 1.000000 0.000000
0.957781 0.287500 0.000000 89.626375 -0.287500 0.957781 -0.000000 -11.592331 -0.000000 0.000000 1.000000 0.000000
0.957143 0.289617 0.000000 90.186575 -0.289617 0.957143 -0.000000 -11.748620 -0.000000 0.000000 1.000000 0.000000
0.956468 0.291838 0.000000 90.729509 -0.291838 0.956468 -0.000000 -11.927281 -0.000000 0.000000 1.000000 0.000000
0.956680 0.291140 0.000000 91.074724 -0.291140 0.956680 -0.000000 -12.080955 -0.000000 0.000000 1.000000 0.000000
0.956473 0.291820 0.000000 91.483352 -0.291820 0.956473 -0.000000 -12.210015 -0.000000 0.000000 1.000000 0.000000
0.955348 0.295482 0.000000 92.226411 -0.295482 0.955348 -0.000000 -12.481427 -0.000000 0.000000 1.000000 0.000000
0.954698 0.297578 0.000000 92.739744 -0.297578 0.954698 -0.000000 -12.649299 -0.000000 0.000000 1.000000 0.000000
0.952563 0.304343 0.000000 93.837003 -0.304343 0.952563 -0.000000 -12.991368 -0.000000 0.000000 1.000000 0.000000
0.952501 0.304535 0.000000 94.489435 -0.304535 0.952501 -0.000000 -13.241533 -0.000000 0.000000 1.000000 0.000000
0.952075 0.305865 0.000000 95.107918 -0.305865 0.952075 -0.000000 -13.288836 -0.000000 0.000000 1.000000 0.000000
0.950688 0.310148 0.000000 95.631781 -0.310148 0.950688 -0.000000 -13.563144 -0.000000 0.000000 1.000000 0.000000
0.949422 0.314003 0.000000 96.196269 -0.314003 0.949422 -0.000000 -13.626906 -0.000000 0.000000 1.000000 0.000000
0.948885 0.315623 0.000000 96.768032 -0.315623 0.948885 -0.000000 -13.850333 -0.000000 0.000000 1.000000 0.000000
0.947605 0.319444 0.000000 97.304703 -0.319444 0.947605 -0.000000 -14.120520 -0.000000 0.000000 1.000000 0.000000
0.946324 0.323220 0.000000 97.898518 -0.323220 0.946324 -0.000000 -14.307358 -0.000000 0.000000 1.000000 0.000000
0.945764 0.324855 0.000000 98.474230 -0.324855 0.945764 -0.000000 -14.510250 -0.000000 0.000000 1.000000 0.000000
0.945179 0.326553 0.000000 99.132148 -0.326553 0.945179 -0.000000 -14.630606 -0.000000 0.000000 1.000000 0.000000
0.946091 0.323900 0.000000 99.645499 -0.323900 0.946091 -0.000000 -14.812657 -0.000000 0.000000 1.000000 0.000000
0.946069 0.323965 0.000000 100.235849 -0.323965 0.946069 -0.000000 -15.023136 -0.000000 0.000000 1.000000 0.000000
0.945342 0.326082 0.000000 100.834932 -0.326082 0.945342 -0.000000 -15.218749 -0.000000 0.000000 1.000000 0.000000
0.944711 0.327904 0.000000 101.378910 -0.327904 0.944711 -0.000000 -15.461380 -0.000000 0.000000 1.000000 0.000000
0.944144 0.329533 0.000000 102.371202 -0.329533 0.944144 -0.000000 -15.808379 -0.000000 0.000000 1.000000 0.000000
0.942477 0.334271 0.000000 103.063909 -0.334271 0.942477 -0.000000 -15.984571 -0.000000 0.000000 1.000000 0.000000
0.941975 0.335684 0.000000 103.622824 -0.335684 0.941975 -0.000000 -16.151383 -0.000000 0.000000 1.000000 0.000000
0.941334 0.337475 0.000000 104.262511 -0.337475 0.941334 -0.000000 -16.382579 -0.000000 0.000000 1.000000 0.000000
0.941652 0.336589 0.000000 104.886794 -0.336589 0.941652 -0.000000 -16.566035 -0.000000 0.000000 1.000000 0.000000
0.942152 0.335187 0.000000 105.486903 -0.335187 0.942152 -0.000000 -16.717617 -0.000000 0.000000 1.000000 0.000000
0.942162 0.335157 0.000000 106.056384 -0.335157 0.942162 -0.000000 -16.923458 -0.000000 0.000000 1.000000 0.000000
0.942104 0.335322 0.000000 106.667979 -0.335322 0.942104 -0.000000 -17.143560 -0.000000 0.000000 1.000000 0.000000
0.942536 0.334103 0.000000 107.263175 -0.334103 0.942536 -0.000000 -17.324879 -0.000000 0.000000 1.000000 0.000000
0.941992 0.335636 0.000000 107.945329 -0.335636 0.941992 -0.000000 -17.493119 -0.000000 0.000000 1.000000 0.000000
0.942463 0.334310 0.000000 108.664276 -0.334310 0.942463 -0.000000 -17.749944 -0.000000 0.000000 1.000000 0.000000
0.942118 0.335282 0.000000 109.443489 -0.335282 0.942118 -0.000000 -17.870386 -0.000000 0.000000 1.000000 0.000000
0.940618 0.339466 0.000000 110.236363 -0.339466 0.940618 -0.000000 -18.246720 -0.000000 0.000000 1.000000 0.000000
0.939524 0.342482 0.000000 110.846878 -0.342482 0.939524 -0.000000 -18.385946 -0.000000 0.000000 1.000000 0.000000
0.938999 0.343919 0.000000 111.407228 -0.343919 0.938999 -0.000000 -18.606876 -0.000000 0.000000 1.000000 0.000000
0.938803 0.344454 0.000000 112.400471 -0.344454 0.938803 -0.000000 -18.913200 -0.000000 0.000000 1.000000 0.000000
0.938567 0.345096 0.000000 113.046725 -0.345096 0.938567 -0.000000 -19.147098 -0.000000 0.000000 1.000000 0.000000
0.937858 0.347019 0.000000 113.599637 -0.347019 0.937858 -0.000000 -19.287662 -0.000000 0.000000 1.000000 0.000000
0.937463 0.348084 0.000000 114.193366 -0.348084 0.937463 -0.000000 -19.553155 -0.000000 0.000000 1.000000 0.000000
0.937110 0.349035 0.000000 114.814250 -0.349035 0.937110 -0.000000 -19.809836 -0.000000 0.000000 1.000000 0.000000
0.937371 0.348333 0.000000 115.441340 -0.348333 0.937371 -0.000000 -20.036237 -0.000000 0.000000 1.000000 0.000000
0.936280 0.351256 0.000000 115.977761 -0.351256 0.936280 -0.000000 -20.329269 -0.000000 0.000000 1.000000 0.000000
0.936843 0.349751 0.000000 117.103849 -0.349751 0.936843 -0.000000 -20.745974 -0.000000 0.000000 1.000000 0.000000
0.936886 0.349635 0.000000 117.696771 -0.349635 0.936886 -0.000000 -20.984374 -0.000000 0.000000 1.000000 0.000000
0.936950 0.349463 0.000000 118.210128 -0.349463 0.936950 -0.000000 -21.174020 -0.000000 0.000000 1.000000 0.000000
0.936171 0.351545 0.000000 118.754695 -0.351545 0.936171 -0.000000 -21.434048 -0.000000 0.000000 1.000000 0.000000
0.935024 0.354585 0.000000 119.946020 -0.354585 0.935024 -0.000000 -21.714704 -0.000000 0.000000 1.000000 0.000000
0.934241 0.356642 0.000000 120.519361 -0.356642 0.934241 -0.000000 -21.879341 -0.000000 0.000000 1.000000 0.000000
0.934814 0.355137 0.000000 121.196181 -0.355137 0.934814 -0.000000 -22.117776 -0.000000 0.000000 1.000000 0.000000
0.935047 0.354525 0.000000 121.780615 -0.354525 0.935047 -0.000000 -22.351089 -0.000000 0.000000 1.000000 0.000000
0.935362 0.353691 0.000000 122.414368 -0.353691 0.935362 -0.000000 -22.633325 -0.000000 0.000000 1.000000 0.000000
0.929333 0.369244 0.000000 126.676912 -0.369244 0.929333 -0.000000 -24.422672 -0.000000 0.000000 1.000000 0.000000
0.929392 0.369093 0.000000 127.272113 -0.369093 0.929392 -0.000000 -24.674981 -0.000000 0.000000 1.000000 0.000000
0.928805 0.370568 0.000000 127.994839 -0.370568 0.928805 -0.000000 -24.998761 -0.000000 0.000000 1.000000 0.000000
0.928072 0.372402 0.000000 128.480715 -0.372402 0.928072 -0.000000 -25.207320 -0.000000 0.000000 1.000000 0.000000
0.927273 0.374386 0.000000 129.019744 -0.374386 0.927273 -0.000000 -25.474025 -0.000000 0.000000 1.000000 0.000000
0.926664 0.375890 0.000000 129.671753 -0.375890 0.926664 -0.000000 -25.656847 -0.000000 0.000000 1.000000 0.000000
0.921659 0.388000 0.000000 130.770335 -0.388000 0.921659 -0.000000 -26.010265 -0.000000 0.000000 1.000000 0.000000
0.921457 0.388480 0.000000 131.537381 -0.388480 0.921457 -0.000000 -26.356160 -0.000000 0.000000 1.000000 0.000000
0.920575 0.390567 0.000000 132.239007 -0.390567 0.920575 -0.000000 -26.626252 -0.000000 0.000000 1.000000 0.000000
0.920290 0.391237 0.000000 132.839383 -0.391237 0.920290 -0.000000 -26.889962 -0.000000 0.000000 1.000000 0.000000
0.917538 0.397648 0.000000 133.649370 -0.397648 0.917538 -0.000000 -27.358235 -0.000000 0.000000 1.000000 0.000000
0.917738 0.397186 0.000000 134.218644 -0.397186 0.917738 -0.000000 -27.608438 -0.000000 0.000000 1.000000 0.000000
0.917834 0.396964 0.000000 134.670480 -0.396964 0.917834 -0.000000 -27.873472 -0.000000 0.000000 1.000000 0.000000
0.917142 0.398560 0.000000 135.298183 -0.398560 0.917142 -0.000000 -28.061559 -0.000000 0.000000 1.000000 0.000000
0.917099 0.398659 0.000000 135.880923 -0.398659 0.917099 -0.000000 -28.379740 -0.000000 0.000000 1.000000 0.000000
0.916827 0.399286 0.000000 136.737718 -0.399286 0.916827 -0.000000 -28.779069 -0.000000 0.000000 1.000000 0.000000
0.916134 0.400871 0.000000 137.370972 -0.400871 0.916134 -0.000000 -28.902522 -0.000000 0.000000 1.000000 0.000000
0.915675 0.401919 0.000000 137.930161 -0.401919 0.915675 -0.000000 -29.159536 -0.000000 0.000000 1.000000 0.000000
0.914993 0.403470 0.000000 138.467874 -0.403470 0.914993 -0.000000 -29.409301 -0.000000 0.000000 1.000000 0.000000
0.913361 0.407151 0.000000 139.210468 -0.407151 0.913361 -0.000000 -29.749097 -0.000000 0.000000 1.000000 0.000000
0.912949 0.408073 0.000000 139.783053 -0.408073 0.912949 -0.000000 -30.013054 -0.000000 0.000000 1.000000 0.000000
0.912997 0.407966 0.000000 140.350719 -0.407966 0.912997 -0.000000 -30.254138 -0.000000 0.000000 1.000000 0.000000
0.913317 0.407250 0.000000 140.825102 -0.407250 0.913317 -0.000000 -30.441452 -0.000000 0.000000 1.000000 0.000000
0.913654 0.406493 0.000000 141.343981 -0.406493 0.913654 -0.000000 -30.706984 -0.000000 0.000000 1.000000 0.000000
0.912781 0.408450 0.000000 142.393957 -0.408450 0.912781 -0.000000 -31.310827 -0.000000 0.000000 1.000000 0.000000
0.911539 0.411214 0.000000 142.847407 -0.411214 0.911539 -0.000000 -31.622305 -0.000000 0.000000 1.000000 0.000000
0.911426 0.411464 0.000000 143.389965 -0.411464 0.911426 -0.000000 -31.924718 -0.000000 0.000000 1.000000 0.000000
0.909878 0.414875 0.000000 143.872022 -0.414875 0.909878 -0.000000 -32.244524 -0.000000 0.000000 1.000000 0.000000
0.908771 0.417294 0.000000 144.354016 -0.417294 0.908771 -0.000000 -32.603667 -0.000000 0.000000 1.000000 0.000000
0.910865 0.412705 0.000000 144.899208 -0.412705 0.910865 -0.000000 -32.869681 -0.000000 0.000000 1.000000 0.000000
0.912070 0.410035 0.000000 145.623024 -0.410035 0.912070 -0.000000 -33.144772 -0.000000 0.000000 1.000000 0.000000
0.911889 0.410438 0.000000 146.158577 -0.410438 0.911889 -0.000000 -33.461436 -0.000000 0.000000 1.000000 0.000000
0.912066 0.410043 0.000000 146.661805 -0.410043 0.912066 -0.000000 -33.700383 -0.000000 0.000000 1.000000 0.000000
0.911440 0.411433 0.000000 147.203430 -0.411433 0.911440 -0.000000 -33.993925 -0.000000 0.000000 1.000000 0.000000
0.911527 0.411241 0.000000 147.778081 -0.411241 0.911527 -0.000000 -34.265560 -0.000000 0.000000 1.000000 0.000000
0.911306 0.411729 0.000000 148.285385 -0.411729 0.911306 -0.000000 -34.481738 -0.000000 0.000000 1.000000 0.000000
0.910952 0.412513 0.000000 148.841957 -0.412513 0.910952 -0.000000 -34.710561 -0.000000 0.000000 1.000000 0.000000
0.910819 0.412805 0.000000 149.341048 -0.412805 0.910819 -0.000000 -34.971973 -0.000000 0.000000 1.000000 0.000000
0.908829 0.417169 0.000000 149.763700 -0.417169 0.908829 -0.000000 -35.303025 -0.000000 0.000000 1.000000 0.000000
0.908912 0.416988 0.000000 150.326971 -0.416988 0.908912 -0.000000 -35.553476 -0.000000 0.000000 1.000000 0.000000
0.907822 0.419356 0.000000 150.959683 -0.419356 0.907822 -0.000000 -35.886088 -0.000000 0.000000 1.000000 0.000000
0.907249 0.420593 0.000000 151.459867 -0.420593 0.907249 -0.000000 -36.119093 -0.000000 0.000000 1.000000 0.000000
0.905461 0.424430 0.000000 151.927106 -0.424430 0.905461 -0.000000 -36.510238 -0.000000 0.000000 1.000000 0.000000
0.905253 0.424874 0.000000 152.422922 -0.424874 0.905253 -0.000000 -36.746994 -0.000000 0.000000 1.000000 0.000000
0.905175 0.425039 0.000000 152.945653 -0.425039 0.905175 -0.000000 -36.999193 -0.000000 0.000000 1.000000 0.000000
0.904558 0.426351 0.000000 153.345614 -0.426351 0.904558 -0.000000 -37.282123 -0.000000 0.000000 1.000000 0.000000
0.904607 0.426246 0.000000 154.019258 -0.426246 0.904607 -0.000000 -37.610872 -0.000000 0.000000 1.000000 0.000000
0.903275 0.429062 0.000000 154.573040 -0.429062 0.903275 -0.000000 -37.875556 -0.000000 0.000000 1.000000 0.000000
0.902610 0.430460 0.000000 155.141273 -0.430460 0.902610 -0.000000 -38.079883 -0.000000 0.000000 1.000000 0.000000
0.901803 0.432147 0.000000 155.583212 -0.432147 0.901803 -0.000000 -38.332489 -0.000000 0.000000 1.000000 0.000000
0.900348 0.435170 0.000000 156.130463 -0.435170 0.900348 -0.000000 -38.563318 -0.000000 0.000000 1.000000 0.000000
0.900077 0.435731 0.000000 156.651482 -0.435731 0.900077 -0.000000 -38.809888 -0.000000 0.000000 1.000000 0.000000
0.899858 0.436184 0.000000 157.364112 -0.436184 0.899858 -0.000000 -39.181795 -0.000000 0.000000 1.000000 0.000000
0.899910 0.436075 0.000000 157.962931 -0.436075 0.899910 -0.000000 -39.467099 -0.000000 0.000000 1.000000 0.000000
0.898562 0.438846 0.000000 158.424127 -0.438846 0.898562 -0.000000 -39.542546 -0.000000 0.000000 1.000000 0.000000
0.899141 0.437659 0.000000 159.064551 -0.437659 0.899141 -0.000000 -39.927410 -0.000000 0.000000 1.000000 0.000000
0.897518 0.440978 0.000000 159.643011 -0.440978 0.897518 -0.000000 -40.285998 -0.000000 0.000000 1.000000 0.000000
0.896870 0.442295 0.000000 160.287485 -0.442295 0.896870 -0.000000 -40.552307 -0.000000 0.000000 1.000000 0.000000
0.898684 0.438597 0.000000 160.795273 -0.438597 0.898684 -0.000000 -40.821358 -0.000000 0.000000 1.000000 0.000000
0.898458 0.439060 0.000000 161.488405 -0.439060 0.898458 -0.000000 -41.046256 -0.000000 0.000000 1.000000 0.000000
0.898280 0.439424 0.000000 161.827848 -0.439424 0.898280 -0.000000 -41.291666 -0.000000 0.000000 1.000000 0.000000
0.898317 0.439348 0.000000 162.506337 -0.439348 0.898317 -0.000000 -41.659035 -0.000000 0.000000 1.000000 0.000000
0.898282 0.439418 0.000000 163.135076 -0.439418 0.898282 -0.000000 -41.972724 -0.000000 0.000000 1.000000 0.000000
0.896063 0.443927 0.000000 163.698122 -0.443927 0.896063 -0.000000 -42.322745 -0.000000 0.000000 1.000000 0.000000
0.893669 0.448728 0.000000 164.311619 -0.448728 0.893669 -0.000000 -42.690699 -0.000000 0.000000 1.000000 0.000000
0.892578 0.450892 0.000000 164.780517 -0.450892 0.892578 -0.000000 -43.025418 -0.000000 0.000000 1.000000 0.000000
0.894987 0.446092 0.000000 165.461215 -0.446092 0.894987 -0.000000 -43.348720 -0.000000 0.000000 1.000000 0.000000
0.896335 0.443378 0.000000 165.954167 -0.443378 0.896335 -0.000000 -43.654993 -0.000000 0.000000 1.000000 0.000000
0.895212 0.445641 0.000000 166.401723 -0.445641 0.895212 -0.000000 -43.894615 -0.000000 0.000000 1.000000 0.000000
0.894784 0.446499 0.000000 166.992655 -0.446499 0.894784 -0.000000 -44.118399 -0.000000 0.000000 1.000000 0.000000
0.896744 0.442550 0.000000 167.440340 -0.442550 0.896744 -0.000000 -44.330350 -0.000000 0.000000 1.000000 0.000000
0.897807 0.440389 0.000000 168.097757 -0.440389 0.897807 -0.000000 -44.700360 -0.000000 0.000000 1.000000 0.000000
0.897958 0.440082 0.000000 168.731925 -0.440082 0.897958 -0.000000 -45.005352 -0.000000 0.000000 1.000000 0.000000
0.894768 0.446531 0.000000 169.161342 -0.446531 0.894768 -0.000000 -45.272684 -0.000000 0.000000 1.000000 0.000000
0.894272 0.447524 0.000000 169.710996 -0.447524 0.894272 -0.000000 -45.564325 -0.000000 0.000000 1.000000 0.000000
0.893220 0.449620 0.000000 170.025149 -0.449620 0.893220 -0.000000 -45.750396 -0.000000 0.000000 1.000000 0.000000
0.894808 0.446452 0.000000 170.658154 -0.446452 0.894808 -0.000000 -46.088782 -0.000000 0.000000 1.000000 0.000000
0.895218 0.445629 0.000000 171.653896 -0.445629 0.895218 -0.000000 -46.616777 -0.000000 0.000000 1.000000 0.000000
0.895730 0.444598 0.000000 172.018279 -0.444598 0.895730 -0.000000 -46.704195 -0.000000 0.000000 1.000000 0.000000
0.896134 0.443783 0.000000 172.465029 -0.443783 0.896134 -0.000000 -46.826894 -0.000000 0.000000 1.000000 0.000000
0.897018 0.441994 0.000000 172.967426 -0.441994 0.897018 -0.000000 -47.012529 -0.000000 0.000000 1.000000 0.000000
0.896425 0.443196 0.000000 173.464928 -0.443196 0.896425 -0.000000 -47.262918 -0.000000 0.000000 1.000000 0.000000
0.895875 0.444306 0.000000 173.967950 -0.444306 0.895875 -0.000000 -47.495609 -0.000000 0.000000 1.000000 0.000000
0.896217 0.443616 0.000000 174.483552 -0.443616 0.896217 -0.000000 -47.762159 -0.000000 0.000000 1.000000 0.000000
0.896703 0.442632 0.000000 174.823968 -0.442632 0.896703 -0.000000 -47.915945 -0.000000 0.000000 1.000000 0.000000
0.896291 0.443466 0.000000 175.361871 -0.443466 0.896291 -0.000000 -48.142072 -0.000000 0.000000 1.000000 0.000000
0.896126 0.443800 0.000000 175.798986 -0.443800 0.896126 -0.000000 -48.359150 -0.000000 0.000000 1.000000 0.000000
0.896889 0.442256 0.000000 176.285985 -0.442256 0.896889 -0.000000 -48.607074 -0.000000 0.000000 1.000000 0.000000
0.896421 0.443204 0.000000 176.703815 -0.443204 0.896421 -0.000000 -48.736456 -0.000000 0.000000 1.000000 0.000000
0.897170 0.441685 0.000000 177.097109 -0.441685 0.897170 -0.000000 -48.948720 -0.000000 0.000000 1.000000 0.000000
0.896947 0.442138 0.000000 177.527587 -0.442138 0.896947 -0.000000 -49.177135 -0.000000 0.000000 1.000000 0.000000
0.897478 0.441058 0.000000 178.017106 -0.441058 0.897478 -0.000000 -49.400366 -0.000000 0.000000 1.000000 0.000000
0.899251 0.437433 0.000000 178.468209 -0.437433 0.899251 -0.000000 -49.629374 -0.000000 0.000000 1.000000 0.000000
0.899728 0.436452 0.000000 178.980672 -0.436452 0.899728 -0.000000 -49.887125 -0.000000 0.000000 1.000000 0.000000
0.900003 0.435884 0.000000 179.428500 -0.435884 0.900003 -0.000000 -50.104550 -0.000000 0.000000 1.000000 0.000000
0.900377 0.435111 0.000000 180.037082 -0.435111 0.900377 -0.000000 -50.362471 -0.000000 0.000000 1.000000 0.000000
0.900247 0.435381 0.000000 180.503797 -0.435381 0.900247 -0.000000 -50.563163 -0.000000 0.000000 1.000000 0.000000
0.900777 0.434282 0.000000 181.040540 -0.434282 0.900777 -0.000000 -50.855183 -0.000000 0.000000 1.000000 0.000000
0.902008 0.431720 0.000000 181.707053 -0.431720 0.902008 -0.000000 -51.159186 -0.000000 0.000000 1.000000 0.000000
0.904072 0.427381 0.000000 182.182912 -0.427381 0.904072 -0.000000 -51.400476 -0.000000 0.000000 1.000000 0.000000
0.904751 0.425942 0.000000 182.825448 -0.425942 0.904751 -0.000000 -51.569235 -0.000000 0.000000 1.000000 0.000000
0.905425 0.424506 0.000000 183.442336 -0.424506 0.905425 -0.000000 -51.738834 -0.000000 0.000000 1.000000 0.000000
0.907123 0.420865 0.000000 184.088702 -0.420865 0.907123 -0.000000 -52.051418 -0.000000 0.000000 1.000000 0.000000
0.908795 0.417244 0.000000 184.575631 -0.417244 0.908795 -0.000000 -52.298022 -0.000000 0.000000 1.000000 0.000000
0.911066 0.412260 0.000000 185.024734 -0.412260 0.911066 -0.000000 -52.474242 -0.000000 0.000000 1.000000 0.000000
0.913191 0.407532 0.000000 185.341651 -0.407532 0.913191 -0.000000 -52.620405 -0.000000 0.000000 1.000000 0.000000
0.915502 0.402314 0.000000 185.753845 -0.402314 0.915502 -0.000000 -52.822731 -0.000000 0.000000 1.000000 0.000000
0.918902 0.394487 0.000000 186.588375 -0.394487 0.918902 -0.000000 -53.183518 -0.000000 0.000000 1.000000 0.000000
0.921735 0.387821 0.000000 187.024511 -0.387821 0.921735 -0.000000 -53.409224 -0.000000 0.000000 1.000000 0.000000
0.925110 0.379700 0.000000 187.493316 -0.379700 0.925110 -0.000000 -53.583797 -0.000000 0.000000 1.000000 0.000000
0.926668 0.375881 0.000000 187.965784 -0.375881 0.926668 -0.000000 -53.791914 -0.000000 0.000000 1.000000 0.000000
0.930214 0.367018 0.000000 188.405846 -0.367018 0.930214 -0.000000 -53.954783 -0.000000 0.000000 1.000000 0.000000
