1.000000 -0.000361 0.000000 0.629706 0.000361 1.000000 0.000000 -0.016842 0.000000 0.000000 1.000000 0.000000
0.999993 -0.003810 0.000000 1.255106 0.003810 0.999993 0.000000 -0.033067 0.000000 0.000000 1.000000 0.000000
0.999964 -0.008484 0.000000 2.512721 0.008484 0.999964 0.000000 -0.049803 0.000000 0.000000 1.000000 0.000000
0.999959 -0.009096 0.000000 3.136137 0.009096 0.999959 0.000000 -0.055543 0.000000 0.000000 1.000000 0.000000
0.999964 -0.008493 0.000000 3.765790 0.008493 0.999964 0.000000 -0.065328 0.000000 0.000000 1.000000 0.000000
0.999974 -0.007248 0.000000 4.400182 0.007248 0.999974 0.000000 -0.068869 0.000000 0.000000 1.000000 0.000000
0.999964 -0.008536 0.000000 5.074243 0.008536 0.999964 0.000000 -0.081758 0.000000 0.000000 1.000000 0.000000
0.999964 -0.008477 0.000000 5.702007 0.008477 0.999964 0.000000 -0.098457 0.000000 0.000000 1.000000 0.000000
0.999965 -0.008361 0.000000 6.332869 0.008361 0.999965 0.000000 -0.105231 0.000000 0.000000 1.000000 0.000000
0.999955 -0.009494 0.000000 6.960918 0.009494 0.999955 0.000000 -0.113324 0.000000 0.000000 1.000000 0.000000
0.999942 -0.010777 0.000000 7.588593 0.010777 0.999942 0.000000 -0.122158 0.000000 0.000000 1.000000 0.000000
0.999945 -0.010469 0.000000 8.207852 0.010469 0.999945 0.000000 -0.126762 0.000000 0.000000 1.000000 0.000000
0.999956 -0.009362 0.000000 8.834306 0.009362 0.999956 0.000000 -0.132727 0.000000 0.000000 1.000000 0.000000
0.999946 -0.010396 0.000000 9.451350 0.010396 0.999946 0.000000 -0.147974 0.000000 0.000000 1.000000 0.000000
0.999954 -0.009570 0.000000 10.104638 0.009570 0.999954 0.000000 -0.154439 0.000000 0.000000 1.000000 0.000000
0.999948 -0.010159 0.000000 10.690253 0.010159 0.999948 0.000000 -0.163610 0.000000 0.000000 1.000000 0.000000
0.999950 -0.009952 0.000000 11.311008 0.009952 0.999950 0.000000 -0.170906 0.000000 0.000000 1.000000 0.000000
0.999957 -0.009285 0.000000 11.932366 0.009285 0.999957 0.000000 -0.185298 0.000000 0.000000 1.000000 0.000000
0.999941 -0.010905 0.000000 12.582373 0.010905 0.999941 0.000000 -0.196161 0.000000 0.000000 1.000000 0.000000
0.999926 -0.012167 0.000000 13.202587 0.012167 0.999926 0.000000 -0.203938 0.000000 0.000000 1.000000 0.000000
0.999915 -0.013040 0.000000 13.824651 0.013040 0.999915 0.000000 -0.210618 0.000000 0.000000 1.000000 0.000000
0.999903 -0.013923 0.000000 14.448993 0.013923 0.999903 0.000000 -0.221842 0.000000 0.000000 1.000000 0.000000
0.999917 -0.012899 0.000000 15.078359 0.012899 0.999917 0.000000 -0.231550 0.000000 0.000000 1.000000 0.000000
0.999883 -0.015283 0.000000 15.702170 0.015283 0.999883 0.000000 -0.237090 0.000000 0.000000 1.000000 0.000000
0.999880 -0.015488 0.000000 16.310483 0.015488 0.999880 0.000000 -0.243448 0.000000 0.000000 1.000000 0.000000
0.999855 -0.017034 0.000000 16.942020 0.017034 0.999855 0.000000 -0.247484 0.000000 0.000000 1.000000 0.000000
0.999882 -0.015357 0.000000 17.570273 0.015357 0.999882 0.000000 -0.247937 0.000000 0.000000 1.000000 0.000000
0.999911 -0.013378 0.000000 18.155505 0.013378 0.999911 0.000000 -0.249814 0.000000 0.000000 1.000000 0.000000
0.999876 -0.015742 0.000000 18.784593 0.015742 0.999876 0.000000 -0.262882 0.000000 0.000000 1.000000 0.000000
0.999836 -0.018088 0.000000 19.397103 0.018088 0.999836 0.000000 -0.267628 0.000000 0.000000 1.000000 0.000000
0.999805 -0.019738 0.000000 19.995365 0.019738 0.999805 0.000000 -0.273753 0.000000 0.000000 1.000000 0.000000
0.999808 -0.019595 0.000000 20.620190 0.019595 0.999808 0.000000 -0.276085 0.000000 0.000000 1.000000 0.000000
0.999818 -0.019080 0.000000 21.252966 0.019080 0.999818 0.000000 -0.284766 0.000000 0.000000 1.000000 0.000000
0.999822 -0.018877 0.000000 21.876924 0.018877 0.999822 0.000000 -0.292925 0.000000 0.000000 1.000000 0.000000
0.999850 -0.017305 0.000000 22.464836 0.017305 0.999850 0.000000 -0.295557 0.000000 0.000000 1.000000 0.000000
0.999915 -0.013004 0.000000 23.100329 0.013004 0.999915 0.000000 -0.305577 0.000000 0.000000 1.000000 0.000000
0.999939 -0.011074 0.000000 23.691111 0.011074 0.999939 0.000000 -0.315583 0.000000 0.000000 1.000000 0.000000
0.999942 -0.010767 0.000000 24.322836 0.010767 0.999942 0.000000 -0.326165 0.000000 0.000000 1.000000 0.000000
0.999930 -0.011864 0.000000 24.960445 0.011864 0.999930 0.000000 -0.336765 0.000000 0.000000 1.000000 0.000000
0.999917 -0.012909 0.000000 25.790319 0.012909 0.999917 0.000000 -0.355019 0.000000 0.000000 1.000000 0.000000
0.999926 -0.012155 0.000000 26.422208 0.012155 0.999926 0.000000 -0.359486 0.000000 0.000000 1.000000 0.000000
0.999936 -0.011321 0.000000 27.061270 0.011321 0.999936 0.000000 -0.356614 0.000000 0.000000 1.000000 0.000000
0.999946 -0.010427 0.000000 27.696512 0.010427 0.999946 0.000000 -0.360476 0.000000 0.000000 1.000000 0.000000
0.999953 -0.009650 0.000000 28.327252 0.009650 0.999953 0.000000 -0.367872 0.000000 0.000000 1.000000 0.000000
0.999937 -0.011210 0.000000 28.969751 0.011210 0.999937 0.000000 -0.377732 0.000000 0.000000 1.000000 0.000000
0.999956 -0.009336 0.000000 29.609586 0.009336 0.999956 0.000000 -0.381250 0.000000 0.000000 1.000000 0.000000
0.999970 -0.007771 0.000000 30.256067 0.007771 0.999970 0.000000 -0.391380 0.000000 0.000000 1.000000 0.000000
0.999985 -0.005401 0.000000 30.890454 0.005401 0.999985 0.000000 -0.395124 0.000000 0.000000 1.000000 0.000000
0.999986 -0.005250 0.000000 31.533380 0.005250 0.999986 0.000000 -0.405954 0.000000 0.000000 1.000000 0.000000
0.999995 -0.003086 0.000000 32.169648 0.003086 0.999995 0.000000 -0.410625 0.000000 0.000000 1.000000 0.000000
0.999990 -0.004539 0.000000 32.802624 0.004539 0.999990 0.000000 -0.424493 0.000000 0.000000 1.000000 0.000000
0.999993 -0.003643 0.000000 33.439041 0.003643 0.999993 0.000000 -0.435325 0.000000 0.000000 1.000000 0.000000
0.999996 -0.002712 0.000000 34.078556 0.002712 0.999996 0.000000 -0.444453 0.000000 0.000000 1.000000 0.000000
0.999993 -0.003810 0.000000 34.682084 0.003810 0.999993 0.000000 -0.461432 0.000000 0.000000 1.000000 0.000000
0.999997 -0.002479 0.000000 35.329230 0.002479 0.999997 0.000000 -0.473843 0.000000 0.000000 1.000000 0.000000
1.000000 0.000385 0.000000 35.960381 -0.000385 1.000000 0.000000 -0.477013 0.000000 0.000000 1.000000 0.000000
1.000000 0.000146 0.000000 36.603155 -0.000146 1.000000 0.000000 -0.491353 0.000000 0.000000 1.000000 0.000000
0.999999 -0.001710 0.000000 37.241467 0.001710 0.999999 0.000000 -0.502476 0.000000 0.000000 1.000000 0.000000
1.000000 -0.000988 0.000000 37.874543 0.000988 1.000000 0.000000 -0.507451 0.000000 0.000000 1.000000 0.000000
1.000000 0.000634 0.000000 38.517274 -0.000634 1.000000 0.000000 -0.518793 0.000000 0.000000 1.000000 0.000000
0.999999 0.001254 0.000000 39.164234 -0.001254 0.999999 0.000000 -0.524003 0.000000 0.000000 1.000000 0.000000
0.999999 0.001655 0.000000 39.815400 -0.001655 0.999999 0.000000 -0.527696 0.000000 0.000000 1.000000 0.000000
0.999993 0.003826 0.000000 40.455067 -0.003826 0.999993 0.000000 -0.536524 0.000000 0.000000 1.000000 0.000000
0.999992 0.004006 0.000000 41.103780 -0.004006 0.999992 0.000000 -0.548173 0.000000 0.000000 1.000000 0.000000
0.999998 0.002186 0.000000 41.715263 -0.002186 0.999998 0.000000 -0.563674 0.000000 0.000000 1.000000 0.000000
0.999989 0.004769 0.000000 42.373472 -0.004769 0.999989 0.000000 -0.563726 0.000000 0.000000 1.000000 0.000000
0.999983 0.005814 0.000000 43.034804 -0.005814 0.999983 0.000000 -0.570791 0.000000 0.000000 1.000000 0.000000
0.999968 0.007965 0.000000 43.698710 -0.007965 0.999968 0.000000 -0.585337 0.000000 0.000000 1.000000 0.000000
0.999993 0.003839 0.000000 44.356883 -0.003839 0.999993 0.000000 -0.599265 0.000000 0.000000 1.000000 0.000000
0.999999 0.001216 0.000000 45.011340 -0.001216 0.999999 0.000000 -0.616984 0.000000 0.000000 1.000000 0.000000
0.999999 0.001183 0.000000 45.626689 -0.001183 0.999999 0.000000 -0.625697 0.000000 0.000000 1.000000 0.000000
0.999998 0.001794 0.000000 46.284581 -0.001794 0.999998 0.000000 -0.630755 0.000000 0.000000 1.000000 0.000000
0.999991 0.004181 0.000000 46.938861 -0.004181 0.999991 0.000000 -0.636745 0.000000 0.000000 1.000000 0.000000
0.999987 0.005081 0.000000 47.597735 -0.005081 0.999987 0.000000 -0.645737 0.000000 0.000000 1.000000 0.000000
0.999992 0.003882 0.000000 48.252820 -0.003882 0.999992 0.000000 -0.654428 0.000000 0.000000 1.000000 0.000000
1.000000 0.000674 0.000000 48.907684 -0.000674 1.000000 0.000000 -0.657354 0.000000 0.000000 1.000000 0.000000
0.999997 0.002353 0.000000 49.931950 -0.002353 0.999997 0.000000 -0.677984 0.000000 0.000000 1.000000 0.000000
1.000000 -0.000198 0.000000 50.614659 0.000198 1.000000 0.000000 -0.683971 0.000000 0.000000 1.000000 0.000000
0.999996 0.002711 0.000000 51.247332 -0.002711 0.999996 0.000000 -0.689699 0.000000 0.000000 1.000000 0.000000
0.999998 0.001869 0.000000 51.907220 -0.001869 0.999998 0.000000 -0.695264 0.000000 0.000000 1.000000 0.000000
0.999999 0.001710 0.000000 52.569875 -0.001710 0.999999 0.000000 -0.703192 0.000000 0.000000 1.000000 0.000000
1.000000 0.000817 0.000000 53.227728 -0.000817 1.000000 0.000000 -0.713418 0.000000 0.000000 1.000000 0.000000
0.999998 0.002036 0.000000 53.880356 -0.002036 0.999998 0.000000 -0.720947 0.000000 0.000000 1.000000 0.000000
1.000000 0.000990 0.000000 54.527972 -0.000990 1.000000 0.000000 -0.732198 0.000000 0.000000 1.000000 0.000000
1.000000 -0.000597 0.000000 55.866978 0.000597 1.000000 0.000000 -0.744265 0.000000 0.000000 1.000000 0.000000
1.000000 -0.000895 0.000000 56.512082 0.000895 1.000000 0.000000 -0.742556 0.000000 0.000000 1.000000 0.000000
0.999990 -0.004514 0.000000 57.148998 0.004514 0.999990 0.000000 -0.742668 0.000000 0.000000 1.000000 0.000000
0.999991 -0.004148 0.000000 57.789188 0.004148 0.999991 0.000000 -0.741919 0.000000 0.000000 1.000000 0.000000
0.999998 -0.001901 0.000000 58.427393 0.001901 0.999998 0.000000 -0.743419 0.000000 0.000000 1.000000 0.000000
1.000000 0.000222 0.000000 59.096089 -0.000222 1.000000 0.000000 -0.747573 0.000000 0.000000 1.000000 0.000000
1.000000 0.000756 0.000000 59.732748 -0.000756 1.000000 0.000000 -0.746737 0.000000 0.000000 1.000000 0.000000
0.999998 0.001966 0.000000 60.341542 -0.001966 0.999998 0.000000 -0.747560 0.000000 0.000000 1.000000 0.000000
0.999999 0.001618 0.000000 60.964655 -0.001618 0.999999 0.000000 -0.754737 0.000000 0.000000 1.000000 0.000000
0.999998 0.002133 0.000000 61.551283 -0.002133 0.999998 0.000000 -0.763666 0.000000 0.000000 1.000000 0.000000
0.999995 0.003081 0.000000 62.178496 -0.003081 0.999995 0.000000 -0.776697 0.000000 0.000000 1.000000 0.000000
0.999991 0.004236 0.000000 62.805588 -0.004236 0.999991 0.000000 -0.793327 0.000000 0.000000 1.000000 0.000000
0.999990 0.004504 0.000000 63.385503 -0.004504 0.999990 0.000000 -0.806839 0.000000 0.000000 1.000000 0.000000
0.999983 0.005803 0.000000 64.001465 -0.005803 0.999983 0.000000 -0.821367 0.000000 0.000000 1.000000 0.000000
0.999993 0.003816 0.000000 64.610019 -0.003816 0.999993 0.000000 -0.841873 0.000000 0.000000 1.000000 0.000000
0.999992 0.003955 0.000000 65.180918 -0.003955 0.999992 0.000000 -0.863701 0.000000 0.000000 1.000000 0.000000
0.999996 0.002685 0.000000 65.789058 -0.002685 0.999996 0.000000 -0.884476 0.000000 0.000000 1.000000 0.000000
0.999996 0.002834 0.000000 66.359188 -0.002834 0.999996 0.000000 -0.894898 0.000000 0.000000 1.000000 0.000000
0.999980 0.006289 0.000000 66.969200 -0.006289 0.999980 0.000000 -0.906146 0.000000 0.000000 1.000000 0.000000
0.999976 0.006931 0.000000 67.575317 -0.006931 0.999976 0.000000 -0.920552 0.000000 0.000000 1.000000 0.000000
0.999974 0.007249 0.000000 68.413262 -0.007249 0.999974 0.000000 -0.944556 0.000000 0.000000 1.000000 0.000000
0.999963 0.008621 0.000000 69.009064 -0.008621 0.999963 0.000000 -0.958092 0.000000 0.000000 1.000000 0.000000
0.999953 0.009738 0.000000 69.609017 -0.009738 0.999953 0.000000 -0.976525 0.000000 0.000000 1.000000 0.000000
0.999963 0.008559 0.000000 70.204983 -0.008559 0.999963 0.000000 -0.988436 0.000000 0.000000 1.000000 0.000000
0.999966 0.008185 0.000000 70.800722 -0.008185 0.999966 0.000000 -0.997931 0.000000 0.000000 1.000000 0.000000
0.999983 0.005894 0.000000 71.390575 -0.005894 0.999983 0.000000 -1.004726 0.000000 0.000000 1.000000 0.000000
0.999991 0.004196 0.000000 72.022866 -0.004196 0.999991 0.000000 -1.015184 0.000000 0.000000 1.000000 0.000000
0.999992 0.003945 0.000000 72.615116 -0.003945 0.999992 0.000000 -1.021947 0.000000 0.000000 1.000000 0.000000
0.999995 0.003015 0.000000 73.208201 -0.003015 0.999995 0.000000 -1.033454 0.000000 0.000000 1.000000 0.000000
0.999982 0.006014 0.000000 74.391596 -0.006014 0.999982 0.000000 -1.065842 0.000000 0.000000 1.000000 0.000000
0.999990 0.004491 0.000000 74.975576 -0.004491 0.999990 0.000000 -1.077219 0.000000 0.000000 1.000000 0.000000
0.999977 0.006789 0.000000 75.559242 -0.006789 0.999977 0.000000 -1.087849 0.000000 0.000000 1.000000 0.000000
0.999975 0.007106 0.000000 76.140421 -0.007106 0.999975 0.000000 -1.111136 0.000000 0.000000 1.000000 0.000000
0.999975 0.007115 0.000000 76.726524 -0.007115 0.999975 0.000000 -1.124932 0.000000 0.000000 1.000000 0.000000
0.999959 0.009014 0.000000 77.308798 -0.009014 0.999959 0.000000 -1.139015 0.000000 0.000000 1.000000 0.000000
0.999968 0.007957 0.000000 77.882663 -0.007957 0.999968 0.000000 -1.160439 0.000000 0.000000 1.000000 0.000000
0.999982 0.005995 0.000000 78.450726 -0.005995 0.999982 0.000000 -1.170809 0.000000 0.000000 1.000000 0.000000
0.999984 0.005609 0.000000 79.012360 -0.005609 0.999984 0.000000 -1.185477 0.000000 0.000000 1.000000 0.000000
0.999973 0.007370 0.000000 79.569050 -0.007370 0.999973 0.000000 -1.201258 0.000000 0.000000 1.000000 0.000000
0.999974 0.007173 0.000000 80.121251 -0.007173 0.999974 0.000000 -1.216647 0.000000 0.000000 1.000000 0.000000
0.999977 0.006810 0.000000 80.664837 -0.006810 0.999977 0.000000 -1.233278 0.000000 0.000000 1.000000 0.000000
0.999976 0.006958 0.000000 81.201679 -0.006958 0.999976 0.000000 -1.251401 0.000000 0.000000 1.000000 0.000000
0.999961 0.008865 0.000000 81.712410 -0.008865 0.999961 0.000000 -1.264596 0.000000 0.000000 1.000000 0.000000
0.999945 0.010520 0.000000 82.255151 -0.010520 0.999945 0.000000 -1.273513 0.000000 0.000000 1.000000 0.000000
0.999911 0.013307 0.000000 82.776628 -0.013307 0.999911 0.000000 -1.287432 0.000000 0.000000 1.000000 0.000000
0.999874 0.015904 0.000000 83.282986 -0.015904 0.999874 0.000000 -1.295286 0.000000 0.000000 1.000000 0.000000
0.999869 0.016199 0.000000 83.821008 -0.016199 0.999869 0.000000 -1.318194 0.000000 0.000000 1.000000 0.000000
0.999876 0.015763 0.000000 84.347024 -0.015763 0.999876 0.000000 -1.340770 0.000000 0.000000 1.000000 0.000000
0.999875 0.015806 0.000000 84.837005 -0.015806 0.999875 0.000000 -1.360192 0.000000 0.000000 1.000000 0.000000
0.999862 0.016639 0.000000 85.365602 -0.016639 0.999862 0.000000 -1.388533 0.000000 0.000000 1.000000 0.000000
0.999816 0.019163 0.000000 85.879651 -0.019163 0.999816 0.000000 -1.415084 0.000000 0.000000 1.000000 0.000000
0.999834 0.018202 0.000000 86.363674 -0.018202 0.999834 0.000000 -1.436243 0.000000 0.000000 1.000000 0.000000
0.999829 0.018492 0.000000 86.881803 -0.018492 0.999829 0.000000 -1.456788 0.000000 0.000000 1.000000 0.000000
0.999805 0.019745 0.000000 87.391714 -0.019745 0.999805 0.000000 -1.475621 0.000000 0.000000 1.000000 0.000000
0.999767 0.021605 0.000000 87.870109 -0.021605 0.999767 0.000000 -1.497893 0.000000 0.000000 1.000000 0.000000
0.999751 0.022319 0.000000 88.379316 -0.022319 0.999751 0.000000 -1.528510 0.000000 0.000000 1.000000 0.000000
0.999740 0.022804 0.000000 88.860085 -0.022804 0.999740 0.000000 -1.554006 0.000000 0.000000 1.000000 0.000000
0.999687 0.025013 0.000000 89.369335 -0.025013 0.999687 0.000000 -1.580667 0.000000 0.000000 1.000000 0.000000
0.999678 0.025392 0.000000 90.036234 -0.025392 0.999678 0.000000 -1.614723 0.000000 0.000000 1.000000 0.000000
0.999580 0.028990 0.000000 90.532605 -0.028990 0.999580 0.000000 -1.628747 0.000000 0.000000 1.000000 0.000000
0.999522 0.030912 0.000000 91.029931 -0.030912 0.999522 0.000000 -1.647938 0.000000 0.000000 1.000000 0.000000
0.999491 0.031905 0.000000 91.520297 -0.031905 0.999491 0.000000 -1.666943 0.000000 0.000000 1.000000 0.000000
0.999507 0.031401 0.000000 92.003328 -0.031401 0.999507 0.000000 -1.692271 0.000000 0.000000 1.000000 0.000000
0.999535 0.030498 0.000000 92.485446 -0.030498 0.999535 0.000000 -1.721983 0.000000 0.000000 1.000000 0.000000
0.999491 0.031901 0.000000 92.957068 -0.031901 0.999491 0.000000 -1.749460 0.000000 0.000000 1.000000 0.000000
0.999370 0.035481 0.000000 93.914882 -0.035481 0.999370 0.000000 -1.815161 0.000000 0.000000 1.000000 0.000000
0.999310 0.037136 0.000000 94.382874 -0.037136 0.999310 0.000000 -1.852288 0.000000 0.000000 1.000000 0.000000
0.999179 0.040506 0.000000 94.846903 -0.040506 0.999179 0.000000 -1.883044 0.000000 0.000000 1.000000 0.000000
0.999098 0.042457 0.000000 95.313689 -0.042457 0.999098 0.000000 -1.925319 0.000000 0.000000 1.000000 0.000000
0.999044 0.043718 0.000000 95.784598 -0.043718 0.999044 0.000000 -1.967825 0.000000 0.000000 1.000000 0.000000
0.998897 0.046966 0.000000 96.246672 -0.046966 0.998897 0.000000 -2.003005 0.000000 0.000000 1.000000 0.000000
0.998808 0.048812 0.000000 96.714029 -0.048812 0.998808 0.000000 -2.049849 0.000000 0.000000 1.000000 0.000000
0.998607 0.052761 0.000000 97.175897 -0.052761 0.998607 0.000000 -2.089661 0.000000 0.000000 1.000000 0.000000
0.998448 0.055686 0.000000 97.633734 -0.055686 0.998448 0.000000 -2.129051 0.000000 0.000000 1.000000 0.000000
0.998282 0.058592 0.000000 98.089318 -0.058592 0.998282 0.000000 -2.171227 0.000000 0.000000 1.000000 0.000000
0.998124 0.061222 0.000000 98.512157 -0.061222 0.998124 0.000000 -2.213879 0.000000 0.000000 1.000000 0.000000
0.997990 0.063371 0.000000 98.955265 -0.063371 0.997990 0.000000 -2.256204 0.000000 0.000000 1.000000 0.000000
0.997776 0.066655 0.000000 99.395697 -0.066655 0.997776 0.000000 -2.298482 0.000000 0.000000 1.000000 0.000000
0.997727 0.067391 0.000000 99.833483 -0.067391 0.997727 0.000000 -2.350983 0.000000 0.000000 1.000000 0.000000
0.997490 0.070812 0.000000 100.256955 -0.070812 0.997490 0.000000 -2.399284 0.000000 0.000000 1.000000 0.000000
0.997342 0.072861 0.000000 100.681367 -0.072861 0.997342 0.000000 -2.437534 0.000000 0.000000 1.000000 0.000000
0.996734 0.080752 0.000000 101.106153 -0.080752 0.996734 0.000000 -2.478114 0.000000 0.000000 1.000000 0.000000
0.996514 0.083423 0.000000 101.515211 -0.083423 0.996514 0.000000 -2.519705 0.000000 0.000000 1.000000 0.000000
0.996234 0.086704 0.000000 101.921364 -0.086704 0.996234 0.000000 -2.565201 0.000000 0.000000 1.000000 0.000000
0.996237 0.086667 0.000000 102.332321 -0.086667 0.996237 0.000000 -2.612402 0.000000 0.000000 1.000000 0.000000
0.995948 0.089927 0.000000 102.722411 -0.089927 0.995948 0.000000 -2.661783 0.000000 0.000000 1.000000 0.000000
0.996031 0.089012 0.000000 103.118279 -0.089012 0.996031 0.000000 -2.717389 0.000000 0.000000 1.000000 0.000000
0.995407 0.095732 0.000000 103.502961 -0.095732 0.995407 0.000000 -2.762255 0.000000 0.000000 1.000000 0.000000
0.995049 0.099386 0.000000 103.903732 -0.099386 0.995049 0.000000 -2.811414 0.000000 0.000000 1.000000 0.000000
0.995103 0.098842 0.000000 104.292366 -0.098842 0.995103 0.000000 -2.864271 0.000000 0.000000 1.000000 0.000000
0.994766 0.102176 0.000000 104.666463 -0.102176 0.994766 0.000000 -2.908523 0.000000 0.000000 1.000000 0.000000
0.994330 0.106336 0.000000 105.071877 -0.106336 0.994330 0.000000 -2.961743 0.000000 0.000000 1.000000 0.000000
0.993820 0.111002 0.000000 105.469719 -0.111002 0.993820 0.000000 -3.013360 0.000000 0.000000 1.000000 0.000000
0.993406 0.114645 0.000000 106.032220 -0.114645 0.993406 0.000000 -3.100877 0.000000 0.000000 1.000000 0.000000
0.993115 0.117144 0.000000 106.440240 -0.117144 0.993115 0.000000 -3.160909 0.000000 0.000000 1.000000 0.000000
0.992846 0.119403 0.000000 106.846574 -0.119403 0.992846 0.000000 -3.226377 0.000000 0.000000 1.000000 0.000000
0.992574 0.121643 0.000000 107.263607 -0.121643 0.992574 0.000000 -3.289533 0.000000 0.000000 1.000000 0.000000
0.992269 0.124107 0.000000 107.677622 -0.124107 0.992269 0.000000 -3.360709 0.000000 0.000000 1.000000 0.000000
0.992210 0.124577 0.000000 108.092901 -0.124577 0.992210 0.000000 -3.425948 0.000000 0.000000 1.000000 0.000000
0.992120 0.125290 0.000000 108.513480 -0.125290 0.992120 0.000000 -3.495238 0.000000 0.000000 1.000000 0.000000
0.991768 0.128051 0.000000 108.932584 -0.128051 0.991768 0.000000 -3.565043 0.000000 0.000000 1.000000 0.000000
0.990840 0.135043 0.000000 109.664719 -0.135043 0.990840 0.000000 -3.688076 0.000000 0.000000 1.000000 0.000000
0.990781 0.135476 0.000000 110.085936 -0.135476 0.990781 0.000000 -3.768338 0.000000 0.000000 1.000000 0.000000
0.990898 0.134618 0.000000 110.513535 -0.134618 0.990898 0.000000 -3.845517 0.000000 0.000000 1.000000 0.000000
0.990975 0.134046 0.000000 110.937541 -0.134046 0.990975 0.000000 -3.922302 0.000000 0.000000 1.000000 0.000000
0.991082 0.133250 0.000000 111.371713 -0.133250 0.991082 0.000000 -3.988276 0.000000 0.000000 1.000000 0.000000
0.990598 0.136804 0.000000 111.806640 -0.136804 0.990598 0.000000 -4.047097 0.000000 0.000000 1.000000 0.000000
0.990747 0.135719 0.000000 112.240992 -0.135719 0.990747 0.000000 -4.120927 0.000000 0.000000 1.000000 0.000000
0.990813 0.135235 0.000000 112.681969 -0.135235 0.990813 0.000000 -4.190166 0.000000 0.000000 1.000000 0.000000
0.990766 0.135584 0.000000 113.125414 -0.135584 0.990766 0.000000 -4.261965 0.000000 0.000000 1.000000 0.000000
0.990568 0.137019 0.000000 113.574559 -0.137019 0.990568 0.000000 -4.337553 0.000000 0.000000 1.000000 0.000000
0.989984 0.141181 0.000000 114.020303 -0.141181 0.989984 0.000000 -4.416266 0.000000 0.000000 1.000000 0.000000
0.989941 0.141482 0.000000 114.845242 -0.141482 0.989941 0.000000 -4.556649 0.000000 0.000000 1.000000 0.000000
0.989984 0.141181 0.000000 115.298864 -0.141181 0.989984 0.000000 -4.636729 0.000000 0.000000 1.000000 0.000000
0.989814 0.142369 0.000000 115.755441 -0.142369 0.989814 0.000000 -4.714016 0.000000 0.000000 1.000000 0.000000
0.989555 0.144154 0.000000 116.216887 -0.144154 0.989555 0.000000 -4.802878 0.000000 0.000000 1.000000 0.000000
0.989218 0.146449 0.000000 116.676241 -0.146449 0.989218 0.000000 -4.891305 0.000000 0.000000 1.000000 0.000000
0.989051 0.147573 0.000000 117.136368 -0.147573 0.989051 0.000000 -4.981763 0.000000 0.000000 1.000000 0.000000
0.988886 0.148675 0.000000 117.598825 -0.148675 0.988886 0.000000 -5.069524 0.000000 0.000000 1.000000 0.000000
0.988339 0.152268 0.000000 118.064240 -0.152268 0.988339 0.000000 -5.157081 0.000000 0.000000 1.000000 0.000000
0.987729 0.156179 0.000000 118.562599 -0.156179 0.987729 0.000000 -5.249359 0.000000 0.000000 1.000000 0.000000
0.987191 0.159541 0.000000 119.003001 -0.159541 0.987191 0.000000 -5.333425 0.000000 0.000000 1.000000 0.000000
0.987196 0.159512 0.000000 119.501926 -0.159512 0.987196 0.000000 -5.433451 0.000000 0.000000 1.000000 0.000000
0.986982 0.160831 0.000000 119.975046 -0.160831 0.986982 0.000000 -5.527864 0.000000 0.000000 1.000000 0.000000
0.986629 0.162984 0.000000 120.445603 -0.162984 0.986629 0.000000 -5.620928 0.000000 0.000000 1.000000 0.000000
0.986979 0.160849 0.000000 120.914459 -0.160849 0.986979 0.000000 -5.722147 0.000000 0.000000 1.000000 0.000000
0.986460 0.164001 0.000000 121.387544 -0.164001 0.986460 0.000000 -5.807560 0.000000 0.000000 1.000000 0.000000
0.986121 0.166030 0.000000 121.858324 -0.166030 0.986121 0.000000 -5.902778 0.000000 0.000000 1.000000 0.000000
0.985547 0.169401 0.000000 122.329488 -0.169401 0.985547 0.000000 -6.000304 0.000000 0.000000 1.000000 0.000000
0.984484 0.175476 0.000000 122.804363 -0.175476 0.984484 0.000000 -6.094697 0.000000 0.000000 1.000000 0.000000
0.984196 0.177085 0.000000 123.254383 -0.177085 0.984196 0.000000 -6.188758 0.000000 0.000000 1.000000 0.000000
0.984094 0.177647 0.000000 123.731915 -0.177647 0.984094 0.000000 -6.287327 0.000000 0.000000 1.000000 0.000000
0.983752 0.179531 0.000000 124.206926 -0.179531 0.983752 0.000000 -6.389125 0.000000 0.000000 1.000000 0.000000
0.983631 0.180196 0.000000 124.994603 -0.180196 0.983631 0.000000 -6.555561 0.000000 0.000000 1.000000 0.000000
0.983605 0.180335 0.000000 125.480407 -0.180335 0.983605 0.000000 -6.659369 0.000000 0.000000 1.000000 0.000000
0.985728 0.168348 0.000000 126.450054 -0.168348 0.985728 0.000000 -6.867413 0.000000 0.000000 1.000000 0.000000
0.985732 0.168324 0.000000 126.947016 -0.168324 0.985732 0.000000 -6.962918 0.000000 0.000000 1.000000 0.000000
0.985877 0.167472 0.000000 127.444230 -0.167472 0.985877 0.000000 -7.061720 0.000000 0.000000 1.000000 0.000000
0.985768 0.168111 0.000000 127.943331 -0.168111 0.985768 0.000000 -7.154379 0.000000 0.000000 1.000000 0.000000
0.986003 0.166726 0.000000 128.440689 -0.166726 0.986003 0.000000 -7.251934 0.000000 0.000000 1.000000 0.000000
0.985775 0.168072 0.000000 128.942840 -0.168072 0.985775 0.000000 -7.344618 0.000000 0.000000 1.000000 0.000000
0.985757 0.168173 0.000000 129.479671 -0.168173 0.985757 0.000000 -7.450447 0.000000 0.000000 1.000000 0.000000
0.985283 0.170932 0.000000 129.966913 -0.170932 0.985283 0.000000 -7.543468 0.000000 0.000000 1.000000 0.000000
0.984969 0.172732 0.000000 130.476698 -0.172732 0.984969 0.000000 -7.642202 0.000000 0.000000 1.000000 0.000000
0.985088 0.172053 0.000000 130.994791 -0.172053 0.985088 0.000000 -7.738121 0.000000 0.000000 1.000000 0.000000
0.985691 0.168564 0.000000 131.479269 -0.168564 0.985691 0.000000 -7.842640 0.000000 0.000000 1.000000 0.000000
0.985634 0.168898 0.000000 131.996339 -0.168898 0.985634 0.000000 -7.940272 0.000000 0.000000 1.000000 0.000000
0.985607 0.169052 0.000000 132.522309 -0.169052 0.985607 0.000000 -8.040199 0.000000 0.000000 1.000000 0.000000
0.985187 0.171484 0.000000 133.015077 -0.171484 0.985187 0.000000 -8.128009 0.000000 0.000000 1.000000 0.000000
0.985804 0.167898 0.000000 133.536131 -0.167898 0.985804 0.000000 -8.225150 0.000000 0.000000 1.000000 0.000000
0.985187 0.171481 0.000000 134.067521 -0.171481 0.985187 0.000000 -8.333296 0.000000 0.000000 1.000000 0.000000
0.984798 0.173704 0.000000 134.690471 -0.173704 0.984798 0.000000 -8.451142 0.000000 0.000000 1.000000 0.000000
0.984504 0.175362 0.000000 135.251329 -0.175362 0.984504 0.000000 -8.557053 0.000000 0.000000 1.000000 0.000000
0.984017 0.178076 0.000000 135.743577 -0.178076 0.984017 0.000000 -8.646390 0.000000 0.000000 1.000000 0.000000
0.983913 0.178648 0.000000 136.271762 -0.178648 0.983913 0.000000 -8.755271 0.000000 0.000000 1.000000 0.000000
0.982976 0.183733 0.000000 136.802712 -0.183733 0.982976 0.000000 -8.865335 0.000000 0.000000 1.000000 0.000000
0.982503 0.186246 0.000000 137.337748 -0.186246 0.982503 0.000000 -8.977394 0.000000 0.000000 1.000000 0.000000
0.981444 0.191747 0.000000 141.139548 -0.191747 0.981444 0.000000 -9.820562 0.000000 0.000000 1.000000 0.000000
0.981662 0.190628 0.000000 141.655691 -0.190628 0.981662 0.000000 -9.930849 0.000000 0.000000 1.000000 0.000000
0.982503 0.186249 0.000000 142.806391 -0.186249 0.982503 0.000000 -10.182949 0.000000 0.000000 1.000000 0.000000
0.981434 0.191799 0.000000 143.922774 -0.191799 0.981434 0.000000 -10.440807 0.000000 0.000000 1.000000 0.000000
0.981241 0.192786 0.000000 144.483398 -0.192786 0.981241 0.000000 -10.569766 0.000000 0.000000 1.000000 0.000000
0.981039 0.193808 0.000000 145.043511 -0.193808 0.981039 0.000000 -10.701125 0.000000 0.000000 1.000000 0.000000
0.980878 0.194626 0.000000 145.614434 -0.194626 0.980878 0.000000 -10.830760 0.000000 0.000000 1.000000 0.000000
0.981016 0.193924 0.000000 146.178443 -0.193924 0.981016 0.000000 -10.973572 0.000000 0.000000 1.000000 0.000000
0.981702 0.190425 0.000000 146.751784 -0.190425 0.981702 0.000000 -11.110193 0.000000 0.000000 1.000000 0.000000
0.981007 0.193975 0.000000 147.327988 -0.193975 0.981007 0.000000 -11.242093 0.000000 0.000000 1.000000 0.000000
0.980917 0.194427 0.000000 147.903129 -0.194427 0.980917 0.000000 -11.374594 0.000000 0.000000 1.000000 0.000000
0.981077 0.193617 0.000000 148.474243 -0.193617 0.981077 0.000000 -11.519838 0.000000 0.000000 1.000000 0.000000
0.980907 0.194478 0.000000 149.385980 -0.194478 0.980907 0.000000 -11.738998 0.000000 0.000000 1.000000 0.000000
0.980078 0.198611 0.000000 149.962993 -0.198611 0.980078 0.000000 -11.871601 0.000000 0.000000 1.000000 0.000000
0.980318 0.197426 0.000000 150.526081 -0.197426 0.980318 0.000000 -12.022828 0.000000 0.000000 1.000000 0.000000
0.979706 0.200439 0.000000 151.103072 -0.200439 0.979706 0.000000 -12.157689 0.000000 0.000000 1.000000 0.000000
0.979186 0.202967 0.000000 151.717329 -0.202967 0.979186 0.000000 -12.306500 0.000000 0.000000 1.000000 0.000000
0.978652 0.205526 0.000000 152.242838 -0.205526 0.978652 0.000000 -12.435647 0.000000 0.000000 1.000000 0.000000
0.978474 0.206368 0.000000 152.849709 -0.206368 0.978474 0.000000 -12.590144 0.000000 0.000000 1.000000 0.000000
0.978526 0.206123 0.000000 153.414987 -0.206123 0.978526 0.000000 -12.734760 0.000000 0.000000 1.000000 0.000000
0.978554 0.205990 0.000000 153.990262 -0.205990 0.978554 0.000000 -12.872794 0.000000 0.000000 1.000000 0.000000
0.978626 0.205650 0.000000 154.558988 -0.205650 0.978626 0.000000 -13.003391 0.000000 0.000000 1.000000 0.000000
0.978688 0.205355 0.000000 155.124868 -0.205355 0.978688 0.000000 -13.136705 0.000000 0.000000 1.000000 0.000000
0.979071 0.203520 0.000000 155.684084 -0.203520 0.979071 0.000000 -13.272911 0.000000 0.000000 1.000000 0.000000
0.979361 0.202117 0.000000 156.251295 -0.202117 0.979361 0.000000 -13.401615 0.000000 0.000000 1.000000 0.000000
0.979360 0.202122 0.000000 156.813090 -0.202122 0.979360 0.000000 -13.524645 0.000000 0.000000 1.000000 0.000000
0.979751 0.200220 0.000000 157.383827 -0.200220 0.979751 0.000000 -13.657402 0.000000 0.000000 1.000000 0.000000
0.979114 0.203311 0.000000 157.950414 -0.203311 0.979114 0.000000 -13.781463 0.000000 0.000000 1.000000 0.000000
0.978634 0.205609 0.000000 159.085677 -0.205609 0.978634 0.000000 -14.044507 0.000000 0.000000 1.000000 0.000000
0.978424 0.206609 0.000000 159.648101 -0.206609 0.978424 0.000000 -14.175711 0.000000 0.000000 1.000000 0.000000
0.978489 0.206300 0.000000 160.177786 -0.206300 0.978489 0.000000 -14.300592 0.000000 0.000000 1.000000 0.000000
0.978131 0.207989 0.000000 160.764540 -0.207989 0.978131 0.000000 -14.434190 0.000000 0.000000 1.000000 0.000000
0.977716 0.209932 0.000000 161.318691 -0.209932 0.977716 0.000000 -14.561690 0.000000 0.000000 1.000000 0.000000
0.978045 0.208394 0.000000 162.421686 -0.208394 0.978045 0.000000 -14.825616 0.000000 0.000000 1.000000 0.000000
0.978225 0.207547 0.000000 162.984760 -0.207547 0.978225 0.000000 -14.957606 0.000000 0.000000 1.000000 0.000000
0.977956 0.208811 0.000000 163.516941 -0.208811 0.977956 0.000000 -15.089698 0.000000 0.000000 1.000000 0.000000
0.977823 0.209431 0.000000 164.083152 -0.209431 0.977823 0.000000 -15.222927 0.000000 0.000000 1.000000 0.000000
0.978214 0.207599 0.000000 164.656240 -0.207599 0.978214 0.000000 -15.357270 0.000000 0.000000 1.000000 0.000000
0.977978 0.208709 0.000000 165.193956 -0.208709 0.977978 0.000000 -15.475174 0.000000 0.000000 1.000000 0.000000
0.977498 0.210945 0.000000 165.952729 -0.210945 0.977498 0.000000 -15.641326 0.000000 0.000000 1.000000 0.000000
0.976555 0.215270 0.000000 166.519603 -0.215270 0.976555 0.000000 -15.762158 0.000000 0.000000 1.000000 0.000000
0.976304 0.216402 0.000000 167.088447 -0.216402 0.976304 0.000000 -15.892020 0.000000 0.000000 1.000000 0.000000
0.975159 0.221508 0.000000 167.695916 -0.221508 0.975159 0.000000 -16.026054 0.000000 0.000000 1.000000 0.000000
0.975156 0.221517 0.000000 168.231859 -0.221517 0.975156 0.000000 -16.151894 0.000000 0.000000 1.000000 0.000000
0.975754 0.218872 0.000000 168.839526 -0.218872 0.975754 0.000000 -16.307482 0.000000 0.000000 1.000000 0.000000
0.974898 0.222651 0.000000 169.413731 -0.222651 0.974898 0.000000 -16.437089 0.000000 0.000000 1.000000 0.000000
0.975399 0.220445 0.000000 169.990109 -0.220445 0.975399 0.000000 -16.571556 0.000000 0.000000 1.000000 0.000000
0.974410 0.224780 0.000000 170.573498 -0.224780 0.974410 0.000000 -16.705310 0.000000 0.000000 1.000000 0.000000
0.975099 0.221769 0.000000 171.139584 -0.221769 0.975099 0.000000 -16.853859 0.000000 0.000000 1.000000 0.000000
0.975428 0.220318 0.000000 171.714943 -0.220318 0.975428 0.000000 -16.989886 0.000000 0.000000 1.000000 0.000000
0.975421 0.220352 0.000000 172.283967 -0.220352 0.975421 0.000000 -17.132402 0.000000 0.000000 1.000000 0.000000
0.976697 0.214623 0.000000 172.858840 -0.214623 0.976697 0.000000 -17.285340 0.000000 0.000000 1.000000 0.000000
0.977766 0.209701 0.000000 173.434203 -0.209701 0.977766 0.000000 -17.434069 0.000000 0.000000 1.000000 0.000000
0.977733 0.209854 0.000000 174.011923 -0.209854 0.977733 0.000000 -17.567215 0.000000 0.000000 1.000000 0.000000
0.977354 0.211611 0.000000 174.583594 -0.211611 0.977354 0.000000 -17.707852 0.000000 0.000000 1.000000 0.000000
0.977162 0.212494 0.000000 175.162328 -0.212494 0.977162 0.000000 -17.847119 0.000000 0.000000 1.000000 0.000000
0.976896 0.213713 0.000000 175.703123 -0.213713 0.976896 0.000000 -17.977754 0.000000 0.000000 1.000000 0.000000
0.976765 0.214311 0.000000 176.316145 -0.214311 0.976765 0.000000 -18.126762 0.000000 0.000000 1.000000 0.000000
0.977095 0.212805 0.000000 176.852928 -0.212805 0.977095 0.000000 -18.251171 0.000000 0.000000 1.000000 0.000000
0.976855 0.213904 0.000000 177.429006 -0.213904 0.976855 0.000000 -18.391993 0.000000 0.000000 1.000000 0.000000
0.976566 0.215216 0.000000 178.006831 -0.215216 0.976566 0.000000 -18.525997 0.000000 0.000000 1.000000 0.000000
0.975901 0.218215 0.000000 178.586703 -0.218215 0.975901 0.000000 -18.670161 0.000000 0.000000 1.000000 0.000000
0.974177 0.225786 0.000000 179.164675 -0.225786 0.974177 0.000000 -18.814553 0.000000 0.000000 1.000000 0.000000
0.974102 0.226108 0.000000 179.741026 -0.226108 0.974102 0.000000 -18.956041 0.000000 0.000000 1.000000 0.000000
0.974231 0.225554 0.000000 180.325059 -0.225554 0.974231 0.000000 -19.098154 0.000000 0.000000 1.000000 0.000000
0.974327 0.225139 0.000000 180.906494 -0.225139 0.974327 0.000000 -19.238706 0.000000 0.000000 1.000000 0.000000
0.974242 0.225506 0.000000 181.494009 -0.225506 0.974242 0.000000 -19.376281 0.000000 0.000000 1.000000 0.000000
0.973867 0.227118 0.000000 182.082627 -0.227118 0.973867 0.000000 -19.513721 0.000000 0.000000 1.000000 0.000000
0.974291 0.225291 0.000000 182.656174 -0.225291 0.974291 0.000000 -19.658243 0.000000 0.000000 1.000000 0.000000
0.974402 0.224812 0.000000 183.233700 -0.224812 0.974402 0.000000 -19.805575 0.000000 0.000000 1.000000 0.000000
0.973902 0.226971 0.000000 183.810140 -0.226971 0.973902 0.000000 -19.949335 0.000000 0.000000 1.000000 0.000000
0.973777 0.227506 0.000000 184.354094 -0.227506 0.973777 0.000000 -20.082843 0.000000 0.000000 1.000000 0.000000
0.973903 0.226964 0.000000 184.925227 -0.226964 0.973903 0.000000 -20.231035 0.000000 0.000000 1.000000 0.000000
0.973865 0.227128 0.000000 185.503436 -0.227128 0.973865 0.000000 -20.377987 0.000000 0.000000 1.000000 0.000000
0.973816 0.227336 0.000000 186.056842 -0.227336 0.973816 0.000000 -20.519702 0.000000 0.000000 1.000000 0.000000
0.974432 0.224681 0.000000 186.623406 -0.224681 0.974432 0.000000 -20.665082 0.000000 0.000000 1.000000 0.000000
0.974074 0.226230 0.000000 187.194567 -0.226230 0.974074 0.000000 -20.813734 0.000000 0.000000 1.000000 0.000000
0.974900 0.222644 0.000000 187.730881 -0.222644 0.974900 0.000000 -20.956155 0.000000 0.000000 1.000000 0.000000
0.974988 0.222257 0.000000 188.297142 -0.222257 0.974988 0.000000 -21.102302 0.000000 0.000000 1.000000 0.000000
0.974233 0.225545 0.000000 188.870224 -0.225545 0.974233 0.000000 -21.242257 0.000000 0.000000 1.000000 0.000000
0.974276 0.225359 0.000000 189.406734 -0.225359 0.974276 0.000000 -21.375405 0.000000 0.000000 1.000000 0.000000
0.973802 0.227396 0.000000 189.984709 -0.227396 0.973802 0.000000 -21.521896 0.000000 0.000000 1.000000 0.000000
0.973462 0.228847 0.000000 190.551554 -0.228847 0.973462 0.000000 -21.663546 0.000000 0.000000 1.000000 0.000000
0.973203 0.229946 0.000000 191.374625 -0.229946 0.973203 0.000000 -21.888411 0.000000 0.000000 1.000000 0.000000
0.972730 0.231939 0.000000 191.941429 -0.231939 0.972730 0.000000 -22.029416 0.000000 0.000000 1.000000 0.000000
0.972462 0.233061 0.000000 192.511692 -0.233061 0.972462 0.000000 -22.172874 0.000000 0.000000 1.000000 0.000000
0.972703 0.232055 0.000000 193.078105 -0.232055 0.972703 0.000000 -22.314384 0.000000 0.000000 1.000000 0.000000
0.972562 0.232646 0.000000 193.641843 -0.232646 0.972562 0.000000 -22.461069 0.000000 0.000000 1.000000 0.000000
0.973063 0.230541 0.000000 194.206398 -0.230541 0.973063 0.000000 -22.600983 0.000000 0.000000 1.000000 0.000000
0.974044 0.226357 0.000000 194.766617 -0.226357 0.974044 0.000000 -22.751070 0.000000 0.000000 1.000000 0.000000
0.974090 0.226162 0.000000 195.348210 -0.226162 0.974090 0.000000 -22.894577 0.000000 0.000000 1.000000 0.000000
0.974225 0.225579 0.000000 195.847375 -0.225579 0.974225 0.000000 -23.024500 0.000000 0.000000 1.000000 0.000000
0.974018 0.226471 0.000000 196.821008 -0.226471 0.974018 0.000000 -23.273666 0.000000 0.000000 1.000000 0.000000
0.974021 0.226457 0.000000 197.382215 -0.226457 0.974021 0.000000 -23.410945 0.000000 0.000000 1.000000 0.000000
0.973816 0.227338 0.000000 198.091860 -0.227338 0.973816 0.000000 -23.589779 0.000000 0.000000 1.000000 0.000000
0.973620 0.228176 0.000000 198.807002 -0.228176 0.973620 0.000000 -23.777135 0.000000 0.000000 1.000000 0.000000
0.973037 0.230650 0.000000 199.765484 -0.230650 0.973037 0.000000 -24.030904 0.000000 0.000000 1.000000 0.000000
0.973133 0.230244 0.000000 200.325378 -0.230244 0.973133 0.000000 -24.182055 0.000000 0.000000 1.000000 0.000000
0.973179 0.230050 0.000000 200.894519 -0.230050 0.973179 0.000000 -24.330951 0.000000 0.000000 1.000000 0.000000
0.973114 0.230325 0.000000 201.450185 -0.230325 0.973114 0.000000 -24.476565 0.000000 0.000000 1.000000 0.000000
0.973030 0.230680 0.000000 201.980239 -0.230680 0.973030 0.000000 -24.609646 0.000000 0.000000 1.000000 0.000000
0.973730 0.227704 0.000000 202.545953 -0.227704 0.973730 0.000000 -24.758757 0.000000 0.000000 1.000000 0.000000
0.973099 0.230387 0.000000 203.101563 -0.230387 0.973099 0.000000 -24.906920 0.000000 0.000000 1.000000 0.000000
0.973062 0.230546 0.000000 203.896532 -0.230546 0.973062 0.000000 -25.128751 0.000000 0.000000 1.000000 0.000000
0.973518 0.228610 0.000000 204.461359 -0.228610 0.973518 0.000000 -25.279023 0.000000 0.000000 1.000000 0.000000
0.973717 0.227760 0.000000 205.030690 -0.227760 0.973717 0.000000 -25.423105 0.000000 0.000000 1.000000 0.000000
0.973675 0.227943 0.000000 205.589722 -0.227943 0.973675 0.000000 -25.566143 0.000000 0.000000 1.000000 0.000000
0.974685 0.223584 0.000000 206.181508 -0.223584 0.974685 0.000000 -25.715141 0.000000 0.000000 1.000000 0.000000
0.974775 0.223192 0.000000 206.706240 -0.223192 0.974775 0.000000 -25.845862 0.000000 0.000000 1.000000 0.000000
0.974747 0.223312 0.000000 207.302720 -0.223312 0.974747 0.000000 -25.995131 0.000000 0.000000 1.000000 0.000000
0.974941 0.222465 0.000000 207.829904 -0.222465 0.974941 0.000000 -26.130199 0.000000 0.000000 1.000000 0.000000
0.975016 0.222134 0.000000 208.422705 -0.222134 0.975016 0.000000 -26.282512 0.000000 0.000000 1.000000 0.000000
0.975110 0.221724 0.000000 208.975764 -0.221724 0.975110 0.000000 -26.422238 0.000000 0.000000 1.000000 0.000000
0.974905 0.222623 0.000000 209.535823 -0.222623 0.974905 0.000000 -26.556405 0.000000 0.000000 1.000000 0.000000
0.975487 0.220055 0.000000 210.098720 -0.220055 0.975487 0.000000 -26.700958 0.000000 0.000000 1.000000 0.000000
0.975272 0.221009 0.000000 210.643795 -0.221009 0.975272 0.000000 -26.834404 0.000000 0.000000 1.000000 0.000000
