0.999998 0.001822 0.000000 0.596633 -0.001822 0.999998 0.000000 -0.008514 0.000000 0.000000 1.000000 0.000000
0.999991 0.004180 0.000000 1.417331 -0.004180 0.999991 0.000000 -0.020206 0.000000 0.000000 1.000000 0.000000
0.999975 0.007016 0.000000 1.995729 -0.007016 0.999975 0.000000 -0.029019 0.000000 0.000000 1.000000 0.000000
0.999965 0.008362 0.000000 2.562954 -0.008362 0.999965 0.000000 -0.044470 0.000000 0.000000 1.000000 0.000000
0.999901 0.014088 0.000000 3.145783 -0.014088 0.999901 0.000000 -0.039244 0.000000 0.000000 1.000000 0.000000
0.999801 0.019934 0.000000 3.684061 -0.019934 0.999801 0.000000 -0.047612 0.000000 0.000000 1.000000 0.000000
0.999656 0.026246 0.000000 4.259732 -0.026246 0.999656 0.000000 -0.071642 0.000000 0.000000 1.000000 0.000000
0.999474 0.032436 0.000000 4.797612 -0.032436 0.999474 0.000000 -0.090158 0.000000 0.000000 1.000000 0.000000
0.999175 0.040617 0.000000 5.516004 -0.040617 0.999175 0.000000 -0.120955 0.000000 0.000000 1.000000 0.000000
0.998962 0.045549 0.000000 6.085910 -0.045549 0.998962 0.000000 -0.158024 0.000000 0.000000 1.000000 0.000000
0.998760 0.049775 0.000000 6.661838 -0.049775 0.998760 0.000000 -0.189458 0.000000 0.000000 1.000000 0.000000
0.998481 0.055098 0.000000 7.229880 -0.055098 0.998481 0.000000 -0.216055 0.000000 0.000000 1.000000 0.000000
0.997658 0.068402 0.000000 8.373532 -0.068402 0.997658 0.000000 -0.291373 0.000000 0.000000 1.000000 0.000000
0.997363 0.072576 0.000000 8.911138 -0.072576 0.997363 0.000000 -0.314840 0.000000 0.000000 1.000000 0.000000
0.996798 0.079963 0.000000 9.487650 -0.079963 0.996798 0.000000 -0.354189 0.000000 0.000000 1.000000 0.000000
0.996085 0.088395 0.000000 10.031266 -0.088395 0.996085 0.000000 -0.400888 0.000000 0.000000 1.000000 0.000000
0.995387 0.095941 0.000000 10.595817 -0.095941 0.995387 0.000000 -0.456335 0.000000 0.000000 1.000000 0.000000
0.994688 0.102937 0.000000 11.124479 -0.102937 0.994688 0.000000 -0.508481 0.000000 0.000000 1.000000 0.000000
0.994121 0.108276 0.000000 11.701171 -0.108276 0.994121 0.000000 -0.579981 0.000000 0.000000 1.000000 0.000000
0.993382 0.114861 0.000000 12.235073 -0.114861 0.993382 0.000000 -0.651014 0.000000 0.000000 1.000000 0.000000
0.992163 0.124949 0.000000 12.985979 -0.124949 0.992163 0.000000 -0.742493 0.000000 0.000000 1.000000 0.000000
0.990721 0.135909 0.000000 13.557588 -0.135909 0.990721 0.000000 -0.812359 0.000000 0.000000 1.000000 0.000000
0.989811 0.142384 0.000000 14.112149 -0.142384 0.989811 0.000000 -0.892346 0.000000 0.000000 1.000000 0.000000
0.989083 0.147362 0.000000 14.663541 -0.147362 0.989083 0.000000 -0.974699 0.000000 0.000000 1.000000 0.000000
0.988308 0.152471 0.000000 15.230472 -0.152471 0.988308 0.000000 -1.065549 0.000000 0.000000 1.000000 0.000000
0.987293 0.158910 0.000000 15.754471 -0.158910 0.987293 0.000000 -1.156549 0.000000 0.000000 1.000000 0.000000
0.986202 0.165549 0.000000 16.276751 -0.165549 0.986202 0.000000 -1.246690 0.000000 0.000000 1.000000 0.000000
0.985127 0.171830 0.000000 16.834472 -0.171830 0.985127 0.000000 -1.343813 0.000000 0.000000 1.000000 0.000000
0.983496 0.180931 0.000000 17.348674 -0.180931 0.983496 0.000000 -1.444388 0.000000 0.000000 1.000000 0.000000
0.982104 0.188341 0.000000 17.903152 -0.188341 0.982104 0.000000 -1.546977 0.000000 0.000000 1.000000 0.000000
0.980468 0.196680 0.000000 18.638612 -0.196680 0.980468 0.000000 -1.689079 0.000000 0.000000 1.000000 0.000000
0.978711 0.205246 0.000000 19.183550 -0.205246 0.978711 0.000000 -1.807497 0.000000 0.000000 1.000000 0.000000
0.976897 0.213709 0.000000 19.772078 -0.213709 0.976897 0.000000 -1.929124 0.000000 0.000000 1.000000 0.000000
0.975295 0.220904 0.000000 20.318147 -0.220904 0.975295 0.000000 -2.055956 0.000000 0.000000 1.000000 0.000000
0.973628 0.228143 0.000000 20.860440 -0.228143 0.973628 0.000000 -2.184197 0.000000 0.000000 1.000000 0.000000
0.972177 0.234247 0.000000 21.366011 -0.234247 0.972177 0.000000 -2.304608 0.000000 0.000000 1.000000 0.000000
0.970622 0.240611 0.000000 21.914307 -0.240611 0.970622 0.000000 -2.434124 0.000000 0.000000 1.000000 0.000000
0.971018 0.239007 0.000000 22.415749 -0.239007 0.971018 0.000000 -2.553681 0.000000 0.000000 1.000000 0.000000
0.969651 0.244494 0.000000 22.947915 -0.244494 0.969651 0.000000 -2.684761 0.000000 0.000000 1.000000 0.000000
0.966793 0.255559 0.000000 23.976059 -0.255559 0.966793 0.000000 -2.958577 0.000000 0.000000 1.000000 0.000000
0.965486 0.260454 0.000000 24.460131 -0.260454 0.965486 0.000000 -3.090061 0.000000 0.000000 1.000000 0.000000
0.963668 0.267103 0.000000 24.986155 -0.267103 0.963668 0.000000 -3.229456 0.000000 0.000000 1.000000 0.000000
0.961670 0.274211 0.000000 25.652262 -0.274211 0.961670 0.000000 -3.417750 0.000000 0.000000 1.000000 0.000000
0.960159 0.279455 0.000000 26.135957 -0.279455 0.960159 0.000000 -3.558047 0.000000 0.000000 1.000000 0.000000
0.958601 0.284754 0.000000 26.619290 -0.284754 0.958601 0.000000 -3.698933 0.000000 0.000000 1.000000 0.000000
0.956392 0.292086 0.000000 27.133233 -0.292086 0.956392 0.000000 -3.856166 0.000000 0.000000 1.000000 0.000000
0.955439 0.295189 0.000000 27.612956 -0.295189 0.955439 0.000000 -4.003253 0.000000 0.000000 1.000000 0.000000
0.952502 0.304532 0.000000 28.281939 -0.304532 0.952502 0.000000 -4.225068 0.000000 0.000000 1.000000 0.000000
0.950741 0.309986 0.000000 28.791708 -0.309986 0.950741 0.000000 -4.398665 0.000000 0.000000 1.000000 0.000000
0.949547 0.313624 0.000000 29.303989 -0.313624 0.949547 0.000000 -4.581437 0.000000 0.000000 1.000000 0.000000
0.947862 0.318682 0.000000 29.791372 -0.318682 0.947862 0.000000 -4.764836 0.000000 0.000000 1.000000 0.000000
0.946326 0.323214 0.000000 30.299619 -0.323214 0.946326 0.000000 -4.955672 0.000000 0.000000 1.000000 0.000000
0.944677 0.328002 0.000000 30.803968 -0.328002 0.944677 0.000000 -5.145339 0.000000 0.000000 1.000000 0.000000
0.942343 0.334648 0.000000 31.270951 -0.334648 0.942343 0.000000 -5.313163 0.000000 0.000000 1.000000 0.000000
0.940936 0.338583 0.000000 31.770277 -0.338583 0.940936 0.000000 -5.508107 0.000000 0.000000 1.000000 0.000000
0.939264 0.343197 0.000000 32.241464 -0.343197 0.939264 0.000000 -5.689412 0.000000 0.000000 1.000000 0.000000
0.936833 0.349776 0.000000 32.740618 -0.349776 0.936833 0.000000 -5.878453 0.000000 0.000000 1.000000 0.000000
0.934551 0.355830 0.000000 33.214171 -0.355830 0.934551 0.000000 -6.052952 0.000000 0.000000 1.000000 0.000000
0.931901 0.362713 0.000000 33.711010 -0.362713 0.931901 0.000000 -6.248895 0.000000 0.000000 1.000000 0.000000
0.929131 0.369752 0.000000 34.182461 -0.369752 0.929131 0.000000 -6.430527 0.000000 0.000000 1.000000 0.000000
0.926734 0.375718 0.000000 34.679802 -0.375718 0.926734 0.000000 -6.637311 0.000000 0.000000 1.000000 0.000000
0.925339 0.379140 0.000000 35.136870 -0.379140 0.925339 0.000000 -6.824840 0.000000 0.000000 1.000000 0.000000
0.922029 0.387121 0.000000 35.816208 -0.387121 0.922029 0.000000 -7.120840 0.000000 0.000000 1.000000 0.000000
0.917642 0.397407 0.000000 36.520475 -0.397407 0.917642 0.000000 -7.426261 0.000000 0.000000 1.000000 0.000000
0.914329 0.404973 0.000000 37.009809 -0.404973 0.914329 0.000000 -7.639983 0.000000 0.000000 1.000000 0.000000
0.908454 0.417984 0.000000 37.846352 -0.417984 0.908454 0.000000 -8.033322 0.000000 0.000000 1.000000 0.000000
0.906064 0.423142 0.000000 38.320667 -0.423142 0.906064 0.000000 -8.262366 0.000000 0.000000 1.000000 0.000000
0.903936 0.427668 0.000000 38.796164 -0.427668 0.903936 0.000000 -8.494785 0.000000 0.000000 1.000000 0.000000
0.902366 0.430971 0.000000 39.266153 -0.430971 0.902366 0.000000 -8.728479 0.000000 0.000000 1.000000 0.000000
0.898059 0.439875 0.000000 39.729129 -0.439875 0.898059 0.000000 -8.946472 0.000000 0.000000 1.000000 0.000000
0.897432 0.441153 0.000000 40.224238 -0.441153 0.897432 0.000000 -9.192804 0.000000 0.000000 1.000000 0.000000
0.896812 0.442412 0.000000 40.651500 -0.442412 0.896812 0.000000 -9.410919 0.000000 0.000000 1.000000 0.000000
0.894296 0.447476 0.000000 41.106968 -0.447476 0.894296 0.000000 -9.632509 0.000000 0.000000 1.000000 0.000000
0.892673 0.450704 0.000000 41.556024 -0.450704 0.892673 0.000000 -9.858830 0.000000 0.000000 1.000000 0.000000
0.892155 0.451729 0.000000 42.005097 -0.451729 0.892155 0.000000 -10.086376 0.000000 0.000000 1.000000 0.000000
0.889817 0.456317 0.000000 42.433052 -0.456317 0.889817 0.000000 -10.305692 0.000000 0.000000 1.000000 0.000000
0.888206 0.459445 0.000000 42.870678 -0.459445 0.888206 0.000000 -10.532514 0.000000 0.000000 1.000000 0.000000
0.886374 0.462969 0.000000 43.270549 -0.462969 0.886374 0.000000 -10.749876 0.000000 0.000000 1.000000 0.000000
0.886083 0.463527 0.000000 43.691877 -0.463527 0.886083 0.000000 -10.989518 0.000000 0.000000 1.000000 0.000000
0.884026 0.467438 0.000000 44.088900 -0.467438 0.884026 0.000000 -11.194166 0.000000 0.000000 1.000000 0.000000
0.882893 0.469575 0.000000 44.508696 -0.469575 0.882893 0.000000 -11.426767 0.000000 0.000000 1.000000 0.000000
0.882279 0.470726 0.000000 44.911040 -0.470726 0.882279 0.000000 -11.640506 0.000000 0.000000 1.000000 0.000000
0.879747 0.475441 0.000000 45.301408 -0.475441 0.879747 0.000000 -11.856153 0.000000 0.000000 1.000000 0.000000
0.879396 0.476092 0.000000 45.695131 -0.476092 0.879396 0.000000 -12.066817 0.000000 0.000000 1.000000 0.000000
0.874130 0.485691 0.000000 46.087068 -0.485691 0.874130 0.000000 -12.262227 0.000000 0.000000 1.000000 0.000000
0.871305 0.490743 0.000000 46.462302 -0.490743 0.871305 0.000000 -12.472837 0.000000 0.000000 1.000000 0.000000
0.869363 0.494174 0.000000 46.825398 -0.494174 0.869363 0.000000 -12.678268 0.000000 0.000000 1.000000 0.000000
0.866819 0.498623 0.000000 47.200157 -0.498623 0.866819 0.000000 -12.896664 0.000000 0.000000 1.000000 0.000000
0.862778 0.505583 0.000000 47.736341 -0.505583 0.862778 0.000000 -13.224407 0.000000 0.000000 1.000000 0.000000
0.857999 0.513651 0.000000 48.114346 -0.513651 0.857999 0.000000 -13.467095 0.000000 0.000000 1.000000 0.000000
0.852727 0.522358 0.000000 48.461744 -0.522358 0.852727 0.000000 -13.691743 0.000000 0.000000 1.000000 0.000000
0.849806 0.527095 0.000000 48.812411 -0.527095 0.849806 0.000000 -13.922250 0.000000 0.000000 1.000000 0.000000
0.847202 0.531271 0.000000 49.155920 -0.531271 0.847202 0.000000 -14.141919 0.000000 0.000000 1.000000 0.000000
0.843579 0.537004 0.000000 49.496045 -0.537004 0.843579 0.000000 -14.360834 0.000000 0.000000 1.000000 0.000000
0.841010 0.541020 0.000000 49.822316 -0.541020 0.841010 0.000000 -14.582042 0.000000 0.000000 1.000000 0.000000
0.837771 0.546022 0.000000 50.159320 -0.546022 0.837771 0.000000 -14.800537 0.000000 0.000000 1.000000 0.000000
0.835712 0.549169 0.000000 50.479377 -0.549169 0.835712 0.000000 -15.016619 0.000000 0.000000 1.000000 0.000000
0.834047 0.551694 0.000000 50.798045 -0.551694 0.834047 0.000000 -15.236062 0.000000 0.000000 1.000000 0.000000
0.831732 0.555177 0.000000 51.105183 -0.555177 0.831732 0.000000 -15.450081 0.000000 0.000000 1.000000 0.000000
0.829118 0.559074 0.000000 51.710987 -0.559074 0.829118 0.000000 -15.879220 0.000000 0.000000 1.000000 0.000000
0.827976 0.560763 0.000000 52.002014 -0.560763 0.827976 0.000000 -16.078605 0.000000 0.000000 1.000000 0.000000
0.827117 0.562029 0.000000 52.275290 -0.562029 0.827117 0.000000 -16.268718 0.000000 0.000000 1.000000 0.000000
0.826727 0.562604 0.000000 52.547629 -0.562604 0.826727 0.000000 -16.454668 0.000000 0.000000 1.000000 0.000000
0.826631 0.562744 0.000000 52.826941 -0.562744 0.826631 0.000000 -16.659245 0.000000 0.000000 1.000000 0.000000
0.824881 0.565306 0.000000 53.085254 -0.565306 0.824881 0.000000 -16.833807 0.000000 0.000000 1.000000 0.000000
0.823617 0.567147 0.000000 53.356579 -0.567147 0.823617 0.000000 -17.023806 0.000000 0.000000 1.000000 0.000000
0.822529 0.568723 0.000000 53.607057 -0.568723 0.822529 0.000000 -17.203197 0.000000 0.000000 1.000000 0.000000
0.822211 0.569182 0.000000 53.876647 -0.569182 0.822211 0.000000 -17.378937 0.000000 0.000000 1.000000 0.000000
0.822227 0.569160 0.000000 54.122253 -0.569160 0.822227 0.000000 -17.547685 0.000000 0.000000 1.000000 0.000000
0.819908 0.572496 0.000000 54.367216 -0.572496 0.819908 0.000000 -17.703925 0.000000 0.000000 1.000000 0.000000
0.818260 0.574848 0.000000 54.619906 -0.574848 0.818260 0.000000 -17.870186 0.000000 0.000000 1.000000 0.000000
0.814716 0.579860 0.000000 54.980674 -0.579860 0.814716 0.000000 -18.119565 0.000000 0.000000 1.000000 0.000000
0.813177 0.582016 0.000000 55.244528 -0.582016 0.813177 0.000000 -18.298435 0.000000 0.000000 1.000000 0.000000
0.809083 0.587695 0.000000 55.484013 -0.587695 0.809083 0.000000 -18.465078 0.000000 0.000000 1.000000 0.000000
0.806120 0.591752 0.000000 55.716595 -0.591752 0.806120 0.000000 -18.628969 0.000000 0.000000 1.000000 0.000000
0.802540 0.596599 0.000000 55.948203 -0.596599 0.802540 0.000000 -18.788382 0.000000 0.000000 1.000000 0.000000
0.799517 0.600644 0.000000 56.164417 -0.600644 0.799517 0.000000 -18.947474 0.000000 0.000000 1.000000 0.000000
0.799094 0.601207 0.000000 56.377788 -0.601207 0.799094 0.000000 -19.111907 0.000000 0.000000 1.000000 0.000000
0.798629 0.601824 0.000000 56.589989 -0.601824 0.798629 0.000000 -19.276312 0.000000 0.000000 1.000000 0.000000
0.800897 0.598802 0.000000 56.794951 -0.598802 0.800897 0.000000 -19.438822 0.000000 0.000000 1.000000 0.000000
0.799689 0.600414 0.000000 56.985106 -0.600414 0.799689 0.000000 -19.597203 0.000000 0.000000 1.000000 0.000000
0.795772 0.605597 0.000000 57.369106 -0.605597 0.795772 0.000000 -19.895062 0.000000 0.000000 1.000000 0.000000
0.792117 0.610370 0.000000 57.549453 -0.610370 0.792117 0.000000 -20.021969 0.000000 0.000000 1.000000 0.000000
0.791320 0.611402 0.000000 57.711248 -0.611402 0.791320 0.000000 -20.162634 0.000000 0.000000 1.000000 0.000000
0.791593 0.611049 0.000000 57.879567 -0.611049 0.791593 0.000000 -20.311989 0.000000 0.000000 1.000000 0.000000
0.790641 0.612280 0.000000 58.039696 -0.612280 0.790641 0.000000 -20.441649 0.000000 0.000000 1.000000 0.000000
0.789263 0.614056 0.000000 58.193454 -0.614056 0.789263 0.000000 -20.565901 0.000000 0.000000 1.000000 0.000000
0.788999 0.614395 0.000000 58.354964 -0.614395 0.788999 0.000000 -20.698354 0.000000 0.000000 1.000000 0.000000
0.787961 0.615725 0.000000 58.500278 -0.615725 0.787961 0.000000 -20.815123 0.000000 0.000000 1.000000 0.000000
0.786203 0.617969 0.000000 58.662223 -0.617969 0.786203 0.000000 -20.939905 0.000000 0.000000 1.000000 0.000000
0.782519 0.622626 0.000000 58.968977 -0.622626 0.782519 0.000000 -21.180634 0.000000 0.000000 1.000000 0.000000
0.781049 0.624470 0.000000 59.115461 -0.624470 0.781049 0.000000 -21.293297 0.000000 0.000000 1.000000 0.000000
0.780310 0.625393 0.000000 59.261901 -0.625393 0.780310 0.000000 -21.406545 0.000000 0.000000 1.000000 0.000000
0.778578 0.627548 0.000000 59.508519 -0.627548 0.778578 0.000000 -21.593195 0.000000 0.000000 1.000000 0.000000
0.777331 0.629092 0.000000 59.659830 -0.629092 0.777331 0.000000 -21.720988 0.000000 0.000000 1.000000 0.000000
0.774953 0.632019 0.000000 59.813312 -0.632019 0.774953 0.000000 -21.844842 0.000000 0.000000 1.000000 0.000000
0.772913 0.634512 0.000000 59.967384 -0.634512 0.772913 0.000000 -21.971341 0.000000 0.000000 1.000000 0.000000
0.773601 0.633673 0.000000 60.121581 -0.633673 0.773601 0.000000 -22.094603 0.000000 0.000000 1.000000 0.000000
0.772127 0.635469 0.000000 60.273580 -0.635469 0.772127 0.000000 -22.220154 0.000000 0.000000 1.000000 0.000000
0.770831 0.637040 0.000000 60.427459 -0.637040 0.770831 0.000000 -22.348555 0.000000 0.000000 1.000000 0.000000
0.767627 0.640897 0.000000 60.740228 -0.640897 0.767627 0.000000 -22.612810 0.000000 0.000000 1.000000 0.000000
0.765419 0.643532 0.000000 60.899535 -0.643532 0.765419 0.000000 -22.746322 0.000000 0.000000 1.000000 0.000000
0.763558 0.645740 0.000000 61.061493 -0.645740 0.763558 0.000000 -22.882996 0.000000 0.000000 1.000000 0.000000
0.761279 0.648425 0.000000 61.217455 -0.648425 0.761279 0.000000 -23.014005 0.000000 0.000000 1.000000 0.000000
0.758994 0.651097 0.000000 61.381527 -0.651097 0.758994 0.000000 -23.155372 0.000000 0.000000 1.000000 0.000000
0.757820 0.652464 0.000000 61.538095 -0.652464 0.757820 0.000000 -23.297466 0.000000 0.000000 1.000000 0.000000
0.755828 0.654771 0.000000 61.693119 -0.654771 0.755828 0.000000 -23.437034 0.000000 0.000000 1.000000 0.000000
0.753914 0.656973 0.000000 61.862824 -0.656973 0.753914 0.000000 -23.590039 0.000000 0.000000 1.000000 0.000000
0.750852 0.660470 0.000000 62.029623 -0.660470 0.750852 0.000000 -23.731916 0.000000 0.000000 1.000000 0.000000
0.746830 0.665014 0.000000 62.202731 -0.665014 0.746830 0.000000 -23.872664 0.000000 0.000000 1.000000 0.000000
0.742956 0.669340 0.000000 62.378525 -0.669340 0.742956 0.000000 -24.031689 0.000000 0.000000 1.000000 0.000000
0.740696 0.671841 0.000000 62.542523 -0.671841 0.740696 0.000000 -24.185815 0.000000 0.000000 1.000000 0.000000
0.738387 0.674377 0.000000 62.727870 -0.674377 0.738387 0.000000 -24.352034 0.000000 0.000000 1.000000 0.000000
0.736487 0.676452 0.000000 62.901621 -0.676452 0.736487 0.000000 -24.510572 0.000000 0.000000 1.000000 0.000000
0.732695 0.680558 0.000000 63.094133 -0.680558 0.732695 0.000000 -24.679321 0.000000 0.000000 1.000000 0.000000
0.730225 0.683207 0.000000 63.272065 -0.683207 0.730225 0.000000 -24.848112 0.000000 0.000000 1.000000 0.000000
0.724871 0.688885 0.000000 63.543944 -0.688885 0.724871 0.000000 -25.097211 0.000000 0.000000 1.000000 0.000000
0.723194 0.690645 0.000000 63.720364 -0.690645 0.723194 0.000000 -25.268258 0.000000 0.000000 1.000000 0.000000
0.721607 0.692303 0.000000 63.909288 -0.692303 0.721607 0.000000 -25.455652 0.000000 0.000000 1.000000 0.000000
0.720035 0.693938 0.000000 64.087001 -0.693938 0.720035 0.000000 -25.633862 0.000000 0.000000 1.000000 0.000000
0.715974 0.698127 0.000000 64.461042 -0.698127 0.715974 0.000000 -26.019180 0.000000 0.000000 1.000000 0.000000
0.714053 0.700092 0.000000 64.644851 -0.700092 0.714053 0.000000 -26.206621 0.000000 0.000000 1.000000 0.000000
0.712215 0.701961 0.000000 64.821896 -0.701961 0.712215 0.000000 -26.386652 0.000000 0.000000 1.000000 0.000000
0.710599 0.703597 0.000000 65.014542 -0.703597 0.710599 0.000000 -26.579201 0.000000 0.000000 1.000000 0.000000
0.707754 0.706459 0.000000 65.283102 -0.706459 0.707754 0.000000 -26.830249 0.000000 0.000000 1.000000 0.000000
0.702669 0.711517 0.000000 65.478793 -0.711517 0.702669 0.000000 -27.012277 0.000000 0.000000 1.000000 0.000000
0.698975 0.715147 0.000000 65.661576 -0.715147 0.698975 0.000000 -27.193206 0.000000 0.000000 1.000000 0.000000
0.694787 0.719215 0.000000 65.846528 -0.719215 0.694787 0.000000 -27.385427 0.000000 0.000000 1.000000 0.000000
0.692033 0.721866 0.000000 66.015200 -0.721866 0.692033 0.000000 -27.565139 0.000000 0.000000 1.000000 0.000000
0.689943 0.723863 0.000000 66.187308 -0.723863 0.689943 0.000000 -27.743407 0.000000 0.000000 1.000000 0.000000
0.687135 0.726530 0.000000 66.363017 -0.726530 0.687135 0.000000 -27.935530 0.000000 0.000000 1.000000 0.000000
0.686100 0.727507 0.000000 66.529876 -0.727507 0.686100 0.000000 -28.120615 0.000000 0.000000 1.000000 0.000000
0.684420 0.729088 0.000000 66.693264 -0.729088 0.684420 0.000000 -28.306594 0.000000 0.000000 1.000000 0.000000
0.682170 0.731194 0.000000 66.870023 -0.731194 0.682170 0.000000 -28.502430 0.000000 0.000000 1.000000 0.000000
0.682239 0.731129 0.000000 67.026790 -0.731129 0.682239 0.000000 -28.686017 0.000000 0.000000 1.000000 0.000000
0.683160 0.730268 0.000000 67.246706 -0.730268 0.683160 0.000000 -28.942459 0.000000 0.000000 1.000000 0.000000
0.682740 0.730661 0.000000 67.425327 -0.730661 0.682740 0.000000 -29.145778 0.000000 0.000000 1.000000 0.000000
0.682127 0.731233 0.000000 67.592964 -0.731233 0.682127 0.000000 -29.336444 0.000000 0.000000 1.000000 0.000000
0.682686 0.730712 0.000000 67.757136 -0.730712 0.682686 0.000000 -29.530037 0.000000 0.000000 1.000000 0.000000
0.681136 0.732157 0.000000 67.923162 -0.732157 0.681136 0.000000 -29.718593 0.000000 0.000000 1.000000 0.000000
0.680638 0.732620 0.000000 68.089169 -0.732620 0.680638 0.000000 -29.903545 0.000000 0.000000 1.000000 0.000000
0.684296 0.729204 0.000000 68.244673 -0.729204 0.684296 0.000000 -30.092508 0.000000 0.000000 1.000000 0.000000
0.684346 0.729158 0.000000 68.411735 -0.729158 0.684346 0.000000 -30.265189 0.000000 0.000000 1.000000 0.000000
0.686356 0.727266 0.000000 68.573864 -0.727266 0.686356 0.000000 -30.442089 0.000000 0.000000 1.000000 0.000000
0.687044 0.726616 0.000000 68.720392 -0.726616 0.687044 0.000000 -30.605253 0.000000 0.000000 1.000000 0.000000
0.687779 0.725920 0.000000 69.030203 -0.725920 0.687779 0.000000 -30.947386 0.000000 0.000000 1.000000 0.000000
0.688136 0.725582 0.000000 69.185613 -0.725582 0.688136 0.000000 -31.119510 0.000000 0.000000 1.000000 0.000000
0.690636 0.723202 0.000000 69.341744 -0.723202 0.690636 0.000000 -31.291783 0.000000 0.000000 1.000000 0.000000
0.692690 0.721235 0.000000 69.479358 -0.721235 0.692690 0.000000 -31.448852 0.000000 0.000000 1.000000 0.000000
0.694110 0.719869 0.000000 69.633506 -0.719869 0.694110 0.000000 -31.604411 0.000000 0.000000 1.000000 0.000000
0.694950 0.719058 0.000000 69.777825 -0.719058 0.694950 0.000000 -31.756406 0.000000 0.000000 1.000000 0.000000
0.695221 0.718796 0.000000 69.931405 -0.718796 0.695221 0.000000 -31.912291 0.000000 0.000000 1.000000 0.000000
0.696470 0.717586 0.000000 70.185791 -0.717586 0.696470 0.000000 -32.174634 0.000000 0.000000 1.000000 0.000000
0.698096 0.716004 0.000000 70.327901 -0.716004 0.698096 0.000000 -32.325418 0.000000 0.000000 1.000000 0.000000
0.700573 0.713580 0.000000 70.468380 -0.713580 0.700573 0.000000 -32.477367 0.000000 0.000000 1.000000 0.000000
0.700994 0.713167 0.000000 70.611679 -0.713167 0.700994 0.000000 -32.623951 0.000000 0.000000 1.000000 0.000000
0.703590 0.710606 0.000000 70.754746 -0.710606 0.703590 0.000000 -32.770115 0.000000 0.000000 1.000000 0.000000
0.706096 0.708116 0.000000 70.893523 -0.708116 0.706096 0.000000 -32.918955 0.000000 0.000000 1.000000 0.000000
0.711602 0.702583 0.000000 71.164172 -0.702583 0.711602 0.000000 -33.199015 0.000000 0.000000 1.000000 0.000000
0.714903 0.699224 0.000000 71.284979 -0.699224 0.714903 0.000000 -33.322182 0.000000 0.000000 1.000000 0.000000
0.718178 0.695859 0.000000 71.408284 -0.695859 0.718178 0.000000 -33.445128 0.000000 0.000000 1.000000 0.000000
0.724327 0.689457 0.000000 71.623621 -0.689457 0.724327 0.000000 -33.660051 0.000000 0.000000 1.000000 0.000000
0.728586 0.684955 0.000000 71.915291 -0.684955 0.728586 0.000000 -33.928659 0.000000 0.000000 1.000000 0.000000
0.735387 0.677648 0.000000 72.085439 -0.677648 0.735387 0.000000 -34.090963 0.000000 0.000000 1.000000 0.000000
0.738436 0.674323 0.000000 72.195669 -0.674323 0.738436 0.000000 -34.185767 0.000000 0.000000 1.000000 0.000000
0.747278 0.664512 0.000000 72.403245 -0.664512 0.747278 0.000000 -34.380765 0.000000 0.000000 1.000000 0.000000
0.751413 0.659832 0.000000 72.505254 -0.659832 0.751413 0.000000 -34.473622 0.000000 0.000000 1.000000 0.000000
0.755272 0.655412 0.000000 72.600207 -0.655412 0.755272 0.000000 -34.555830 0.000000 0.000000 1.000000 0.000000
0.758250 0.651964 0.000000 72.696370 -0.651964 0.758250 0.000000 -34.639744 0.000000 0.000000 1.000000 0.000000
0.763213 0.646146 0.000000 72.845733 -0.646146 0.763213 0.000000 -34.767196 0.000000 0.000000 1.000000 0.000000
0.769965 0.638087 0.000000 73.029194 -0.638087 0.769965 0.000000 -34.926816 0.000000 0.000000 1.000000 0.000000
0.773752 0.633488 0.000000 73.119924 -0.633488 0.773752 0.000000 -34.999990 0.000000 0.000000 1.000000 0.000000
0.777402 0.629004 0.000000 73.208742 -0.629004 0.777402 0.000000 -35.068668 0.000000 0.000000 1.000000 0.000000
0.781107 0.624397 0.000000 73.289759 -0.624397 0.781107 0.000000 -35.137163 0.000000 0.000000 1.000000 0.000000
0.784843 0.619695 0.000000 73.377690 -0.619695 0.784843 0.000000 -35.204765 0.000000 0.000000 1.000000 0.000000
0.787351 0.616505 0.000000 73.457713 -0.616505 0.787351 0.000000 -35.261611 0.000000 0.000000 1.000000 0.000000
0.794460 0.607317 0.000000 73.609801 -0.607317 0.794460 0.000000 -35.381458 0.000000 0.000000 1.000000 0.000000
0.796866 0.604156 0.000000 73.677154 -0.604156 0.796866 0.000000 -35.431792 0.000000 0.000000 1.000000 0.000000
0.799608 0.600523 0.000000 73.742838 -0.600523 0.799608 0.000000 -35.482514 0.000000 0.000000 1.000000 0.000000
0.801234 0.598351 0.000000 73.800797 -0.598351 0.801234 0.000000 -35.525505 0.000000 0.000000 1.000000 0.000000
0.804621 0.593789 0.000000 73.858354 -0.593789 0.804621 0.000000 -35.566338 0.000000 0.000000 1.000000 0.000000
0.806272 0.591545 0.000000 73.901328 -0.591545 0.806272 0.000000 -35.595131 0.000000 0.000000 1.000000 0.000000
0.808027 0.589146 0.000000 73.946841 -0.589146 0.808027 0.000000 -35.628196 0.000000 0.000000 1.000000 0.000000
0.809550 0.587052 0.000000 74.017337 -0.587052 0.809550 0.000000 -35.674401 0.000000 0.000000 1.000000 0.000000
0.811040 0.584991 0.000000 74.049683 -0.584991 0.811040 0.000000 -35.696676 0.000000 0.000000 1.000000 0.000000
0.811630 0.584172 0.000000 74.079884 -0.584172 0.811630 0.000000 -35.716316 0.000000 0.000000 1.000000 0.000000
0.812258 0.583298 0.000000 74.105080 -0.583298 0.812258 0.000000 -35.732318 0.000000 0.000000 1.000000 0.000000
0.813339 0.581790 0.000000 74.126402 -0.581790 0.813339 0.000000 -35.747092 0.000000 0.000000 1.000000 0.000000
0.814213 0.580566 0.000000 74.143107 -0.580566 0.814213 0.000000 -35.757988 0.000000 0.000000 1.000000 0.000000
0.814504 0.580158 0.000000 74.160910 -0.580158 0.814504 0.000000 -35.768864 0.000000 0.000000 1.000000 0.000000
0.814730 0.579841 0.000000 74.174950 -0.579841 0.814730 0.000000 -35.776835 0.000000 0.000000 1.000000 0.000000
0.816349 0.577559 0.000000 74.187819 -0.577559 0.816349 0.000000 -35.791328 0.000000 0.000000 1.000000 0.000000
0.815798 0.578337 0.000000 74.196039 -0.578337 0.815798 0.000000 -35.787723 0.000000 0.000000 1.000000 0.000000
0.816741 0.577004 0.000000 74.200429 -0.577004 0.816741 0.000000 -35.789244 0.000000 0.000000 1.000000 0.000000
0.816685 0.577084 0.000000 74.201283 -0.577084 0.816685 0.000000 -35.786756 0.000000 0.000000 1.000000 0.000000
0.815968 0.578098 0.000000 74.202011 -0.578098 0.815968 0.000000 -35.782238 0.000000 0.000000 1.000000 0.000000
0.815851 0.578262 0.000000 74.200750 -0.578262 0.815851 0.000000 -35.780589 0.000000 0.000000 1.000000 0.000000
0.815616 0.578594 0.000000 74.200389 -0.578594 0.815616 0.000000 -35.778463 0.000000 0.000000 1.000000 0.000000
0.816618 0.577178 0.000000 74.197837 -0.577178 0.816618 0.000000 -35.782305 0.000000 0.000000 1.000000 0.000000
0.816655 0.577126 0.000000 74.197132 -0.577126 0.816655 0.000000 -35.784142 0.000000 0.000000 1.000000 0.000000
0.815916 0.578170 0.000000 74.197773 -0.578170 0.815916 0.000000 -35.782551 0.000000 0.000000 1.000000 0.000000
0.815778 0.578366 0.000000 74.196953 -0.578366 0.815778 0.000000 -35.783048 0.000000 0.000000 1.000000 0.000000
0.815863 0.578246 0.000000 74.195496 -0.578246 0.815863 0.000000 -35.783412 0.000000 0.000000 1.000000 0.000000
0.815805 0.578327 0.000000 74.195306 -0.578327 0.815805 0.000000 -35.783211 0.000000 0.000000 1.000000 0.000000
0.815805 0.578327 0.000000 74.195343 -0.578327 0.815805 0.000000 -35.782010 0.000000 0.000000 1.000000 0.000000
0.815741 0.578418 0.000000 74.195943 -0.578418 0.815741 0.000000 -35.780244 0.000000 0.000000 1.000000 0.000000
0.815589 0.578631 0.000000 74.197003 -0.578631 0.815589 0.000000 -35.777548 0.000000 0.000000 1.000000 0.000000
0.815541 0.578699 0.000000 74.197421 -0.578699 0.815541 0.000000 -35.776747 0.000000 0.000000 1.000000 0.000000
0.815549 0.578688 0.000000 74.198125 -0.578688 0.815549 0.000000 -35.776382 0.000000 0.000000 1.000000 0.000000
0.815584 0.578639 0.000000 74.198716 -0.578639 0.815584 0.000000 -35.776292 0.000000 0.000000 1.000000 0.000000
0.815581 0.578643 0.000000 74.199022 -0.578643 0.815581 0.000000 -35.776592 0.000000 0.000000 1.000000 0.000000
0.815601 0.578615 0.000000 74.199135 -0.578615 0.815601 0.000000 -35.777669 0.000000 0.000000 1.000000 0.000000
0.815606 0.578608 0.000000 74.198944 -0.578608 0.815606 0.000000 -35.778446 0.000000 0.000000 1.000000 0.000000
0.815587 0.578634 0.000000 74.198826 -0.578634 0.815587 0.000000 -35.778961 0.000000 0.000000 1.000000 0.000000
0.815556 0.578678 0.000000 74.199066 -0.578678 0.815556 0.000000 -35.779303 0.000000 0.000000 1.000000 0.000000
0.815396 0.578903 0.000000 74.199383 -0.578903 0.815396 0.000000 -35.779743 0.000000 0.000000 1.000000 0.000000
0.815314 0.579018 0.000000 74.199495 -0.579018 0.815314 0.000000 -35.779550 0.000000 0.000000 1.000000 0.000000
0.815274 0.579076 0.000000 74.199683 -0.579076 0.815274 0.000000 -35.779133 0.000000 0.000000 1.000000 0.000000
0.815274 0.579076 0.000000 74.200073 -0.579076 0.815274 0.000000 -35.779138 0.000000 0.000000 1.000000 0.000000
0.815304 0.579032 0.000000 74.200098 -0.579032 0.815304 0.000000 -35.779165 0.000000 0.000000 1.000000 0.000000
0.815299 0.579041 0.000000 74.200153 -0.579041 0.815299 0.000000 -35.778998 0.000000 0.000000 1.000000 0.000000
0.815276 0.579073 0.000000 74.200139 -0.579073 0.815276 0.000000 -35.778819 0.000000 0.000000 1.000000 0.000000
0.815278 0.579069 0.000000 74.200102 -0.579069 0.815278 0.000000 -35.778523 0.000000 0.000000 1.000000 0.000000
0.815280 0.579067 0.000000 74.199909 -0.579067 0.815280 0.000000 -35.778357 0.000000 0.000000 1.000000 0.000000
0.815255 0.579103 0.000000 74.199895 -0.579103 0.815255 0.000000 -35.777938 0.000000 0.000000 1.000000 0.000000
0.815304 0.579033 0.000000 74.199775 -0.579033 0.815304 0.000000 -35.777417 0.000000 0.000000 1.000000 0.000000
0.815312 0.579022 0.000000 74.199596 -0.579022 0.815312 0.000000 -35.776927 0.000000 0.000000 1.000000 0.000000
0.815303 0.579034 0.000000 74.199426 -0.579034 0.815303 0.000000 -35.776569 0.000000 0.000000 1.000000 0.000000
0.815325 0.579003 0.000000 74.199100 -0.579003 0.815325 0.000000 -35.776229 0.000000 0.000000 1.000000 0.000000
0.815442 0.578839 0.000000 74.198417 -0.578839 0.815442 0.000000 -35.775941 0.000000 0.000000 1.000000 0.000000
0.815807 0.578324 0.000000 74.197021 -0.578324 0.815807 0.000000 -35.775569 0.000000 0.000000 1.000000 0.000000
0.815750 0.578405 0.000000 74.196916 -0.578405 0.815750 0.000000 -35.775154 0.000000 0.000000 1.000000 0.000000
0.815691 0.578488 0.000000 74.196869 -0.578488 0.815691 0.000000 -35.774219 0.000000 0.000000 1.000000 0.000000
0.815668 0.578520 0.000000 74.196894 -0.578520 0.815668 0.000000 -35.773863 0.000000 0.000000 1.000000 0.000000
0.815722 0.578444 0.000000 74.196492 -0.578444 0.815722 0.000000 -35.774090 0.000000 0.000000 1.000000 0.000000
0.815839 0.578279 0.000000 74.195641 -0.578279 0.815839 0.000000 -35.774456 0.000000 0.000000 1.000000 0.000000
0.815812 0.578317 0.000000 74.194824 -0.578317 0.815812 0.000000 -35.774575 0.000000 0.000000 1.000000 0.000000
0.815651 0.578544 0.000000 74.193491 -0.578544 0.815651 0.000000 -35.775081 0.000000 0.000000 1.000000 0.000000
0.815132 0.579275 0.000000 74.192873 -0.579275 0.815132 0.000000 -35.774680 0.000000 0.000000 1.000000 0.000000
0.814796 0.579747 0.000000 74.192193 -0.579747 0.814796 0.000000 -35.774551 0.000000 0.000000 1.000000 0.000000
0.813639 0.581370 0.000000 74.193351 -0.581370 0.813639 0.000000 -35.774174 0.000000 0.000000 1.000000 0.000000
0.813735 0.581235 0.000000 74.192839 -0.581235 0.813735 0.000000 -35.777214 0.000000 0.000000 1.000000 0.000000
0.813905 0.580998 0.000000 74.195166 -0.580998 0.813905 0.000000 -35.782766 0.000000 0.000000 1.000000 0.000000
0.814194 0.580592 0.000000 74.194830 -0.580592 0.814194 0.000000 -35.788818 0.000000 0.000000 1.000000 0.000000
0.815091 0.579333 0.000000 74.191402 -0.579333 0.815091 0.000000 -35.792715 0.000000 0.000000 1.000000 0.000000
0.815779 0.578363 0.000000 74.190770 -0.578363 0.815779 0.000000 -35.795797 0.000000 0.000000 1.000000 0.000000
0.816312 0.577611 0.000000 74.189893 -0.577611 0.816312 0.000000 -35.798313 0.000000 0.000000 1.000000 0.000000
0.816583 0.577228 0.000000 74.188466 -0.577228 0.816583 0.000000 -35.799654 0.000000 0.000000 1.000000 0.000000
0.816722 0.577031 0.000000 74.187856 -0.577031 0.816722 0.000000 -35.799889 0.000000 0.000000 1.000000 0.000000
0.816920 0.576751 0.000000 74.186755 -0.576751 0.816920 0.000000 -35.799666 0.000000 0.000000 1.000000 0.000000
0.816940 0.576723 0.000000 74.186177 -0.576723 0.816940 0.000000 -35.799001 0.000000 0.000000 1.000000 0.000000
0.816974 0.576674 0.000000 74.186051 -0.576674 0.816974 0.000000 -35.799033 0.000000 0.000000 1.000000 0.000000
0.817024 0.576603 0.000000 74.184261 -0.576603 0.817024 0.000000 -35.799480 0.000000 0.000000 1.000000 0.000000
0.816946 0.576714 0.000000 74.182355 -0.576714 0.816946 0.000000 -35.799544 0.000000 0.000000 1.000000 0.000000
0.817077 0.576528 0.000000 74.180681 -0.576528 0.817077 0.000000 -35.799264 0.000000 0.000000 1.000000 0.000000
0.817116 0.576473 0.000000 74.179869 -0.576473 0.817116 0.000000 -35.798846 0.000000 0.000000 1.000000 0.000000
0.817156 0.576417 0.000000 74.178933 -0.576417 0.817156 0.000000 -35.798258 0.000000 0.000000 1.000000 0.000000
0.817371 0.576112 0.000000 74.177306 -0.576112 0.817371 0.000000 -35.797924 0.000000 0.000000 1.000000 0.000000
0.817730 0.575602 0.000000 74.176807 -0.575602 0.817730 0.000000 -35.797958 0.000000 0.000000 1.000000 0.000000
0.818377 0.574681 0.000000 74.175459 -0.574681 0.818377 0.000000 -35.799092 0.000000 0.000000 1.000000 0.000000
0.818922 0.573905 0.000000 74.174251 -0.573905 0.818922 0.000000 -35.800507 0.000000 0.000000 1.000000 0.000000
0.818688 0.574239 0.000000 74.173798 -0.574239 0.818688 0.000000 -35.799087 0.000000 0.000000 1.000000 0.000000
0.817588 0.575804 0.000000 74.177437 -0.575804 0.817588 0.000000 -35.797442 0.000000 0.000000 1.000000 0.000000
0.815498 0.578760 0.000000 74.187548 -0.578760 0.815498 0.000000 -35.796450 0.000000 0.000000 1.000000 0.000000
0.814066 0.580773 0.000000 74.197166 -0.580773 0.814066 0.000000 -35.799474 0.000000 0.000000 1.000000 0.000000
0.812912 0.582387 0.000000 74.202286 -0.582387 0.812912 0.000000 -35.801006 0.000000 0.000000 1.000000 0.000000
0.811495 0.584360 0.000000 74.206217 -0.584360 0.811495 0.000000 -35.800540 0.000000 0.000000 1.000000 0.000000
0.810387 0.585895 0.000000 74.208599 -0.585895 0.810387 0.000000 -35.800007 0.000000 0.000000 1.000000 0.000000
0.809296 0.587401 0.000000 74.212501 -0.587401 0.809296 0.000000 -35.800074 0.000000 0.000000 1.000000 0.000000
0.808367 0.588679 0.000000 74.217497 -0.588679 0.808367 0.000000 -35.802596 0.000000 0.000000 1.000000 0.000000
0.808142 0.588988 0.000000 74.222065 -0.588988 0.808142 0.000000 -35.809473 0.000000 0.000000 1.000000 0.000000
0.808172 0.588947 0.000000 74.225182 -0.588947 0.808172 0.000000 -35.816513 0.000000 0.000000 1.000000 0.000000
0.808702 0.588218 0.000000 74.232612 -0.588218 0.808702 0.000000 -35.824912 0.000000 0.000000 1.000000 0.000000
0.809454 0.587183 0.000000 74.236722 -0.587183 0.809454 0.000000 -35.832684 0.000000 0.000000 1.000000 0.000000
0.810681 0.585487 0.000000 74.244295 -0.585487 0.810681 0.000000 -35.840861 0.000000 0.000000 1.000000 0.000000
0.811315 0.584609 0.000000 74.255136 -0.584609 0.811315 0.000000 -35.847180 0.000000 0.000000 1.000000 0.000000
0.811334 0.584583 0.000000 74.265993 -0.584583 0.811334 0.000000 -35.855359 0.000000 0.000000 1.000000 0.000000
0.811316 0.584608 0.000000 74.278880 -0.584608 0.811316 0.000000 -35.864969 0.000000 0.000000 1.000000 0.000000
0.810966 0.585093 0.000000 74.293015 -0.585093 0.810966 0.000000 -35.870761 0.000000 0.000000 1.000000 0.000000
0.810524 0.585706 0.000000 74.310883 -0.585706 0.810524 0.000000 -35.879465 0.000000 0.000000 1.000000 0.000000
0.810231 0.586110 0.000000 74.340697 -0.586110 0.810231 0.000000 -35.896189 0.000000 0.000000 1.000000 0.000000
0.811382 0.584516 0.000000 74.352355 -0.584516 0.811382 0.000000 -35.907246 0.000000 0.000000 1.000000 0.000000
0.811615 0.584193 0.000000 74.365668 -0.584193 0.811615 0.000000 -35.916199 0.000000 0.000000 1.000000 0.000000
0.812440 0.583044 0.000000 74.378242 -0.583044 0.812440 0.000000 -35.928653 0.000000 0.000000 1.000000 0.000000
0.813094 0.582132 0.000000 74.388943 -0.582132 0.813094 0.000000 -35.940353 0.000000 0.000000 1.000000 0.000000
0.814876 0.579636 0.000000 74.395605 -0.579636 0.814876 0.000000 -35.953885 0.000000 0.000000 1.000000 0.000000
0.815789 0.578350 0.000000 74.404520 -0.578350 0.815789 0.000000 -35.968742 0.000000 0.000000 1.000000 0.000000
0.816251 0.577697 0.000000 74.409409 -0.577697 0.816251 0.000000 -35.974834 0.000000 0.000000 1.000000 0.000000
0.816536 0.577294 0.000000 74.416622 -0.577294 0.816536 0.000000 -35.977684 0.000000 0.000000 1.000000 0.000000
0.816029 0.578012 0.000000 74.422043 -0.578012 0.816029 0.000000 -35.977619 0.000000 0.000000 1.000000 0.000000
0.815650 0.578546 0.000000 74.429976 -0.578546 0.815650 0.000000 -35.975861 0.000000 0.000000 1.000000 0.000000
0.814926 0.579564 0.000000 74.435149 -0.579564 0.814926 0.000000 -35.975517 0.000000 0.000000 1.000000 0.000000
0.814848 0.579675 0.000000 74.437845 -0.579675 0.814848 0.000000 -35.976010 0.000000 0.000000 1.000000 0.000000
0.814656 0.579944 0.000000 74.439999 -0.579944 0.814656 0.000000 -35.975501 0.000000 0.000000 1.000000 0.000000
0.814842 0.579683 0.000000 74.439093 -0.579683 0.814842 0.000000 -35.977117 0.000000 0.000000 1.000000 0.000000
0.815414 0.578878 0.000000 74.436912 -0.578878 0.815414 0.000000 -35.977463 0.000000 0.000000 1.000000 0.000000
0.815814 0.578315 0.000000 74.434376 -0.578315 0.815814 0.000000 -35.977329 0.000000 0.000000 1.000000 0.000000
0.815917 0.578169 0.000000 74.432895 -0.578169 0.815917 0.000000 -35.976182 0.000000 0.000000 1.000000 0.000000
0.815970 0.578094 0.000000 74.432889 -0.578094 0.815970 0.000000 -35.974615 0.000000 0.000000 1.000000 0.000000
0.816415 0.577466 0.000000 74.432171 -0.577466 0.816415 0.000000 -35.974362 0.000000 0.000000 1.000000 0.000000
0.816622 0.577173 0.000000 74.430500 -0.577173 0.816622 0.000000 -35.974850 0.000000 0.000000 1.000000 0.000000
0.817652 0.575712 0.000000 74.427904 -0.575712 0.817652 0.000000 -35.978798 0.000000 0.000000 1.000000 0.000000
0.817743 0.575583 0.000000 74.427751 -0.575583 0.817743 0.000000 -35.978393 0.000000 0.000000 1.000000 0.000000
0.818051 0.575146 0.000000 74.426335 -0.575146 0.818051 0.000000 -35.978361 0.000000 0.000000 1.000000 0.000000
0.818740 0.574164 0.000000 74.424074 -0.574164 0.818740 0.000000 -35.980012 0.000000 0.000000 1.000000 0.000000
0.818824 0.574045 0.000000 74.424052 -0.574045 0.818824 0.000000 -35.979011 0.000000 0.000000 1.000000 0.000000
0.819140 0.573594 0.000000 74.423757 -0.573594 0.819140 0.000000 -35.978867 0.000000 0.000000 1.000000 0.000000
0.819264 0.573416 0.000000 74.423656 -0.573416 0.819264 0.000000 -35.978237 0.000000 0.000000 1.000000 0.000000
0.819299 0.573367 0.000000 74.424036 -0.573367 0.819299 0.000000 -35.978426 0.000000 0.000000 1.000000 0.000000
0.819533 0.573032 0.000000 74.423346 -0.573032 0.819533 0.000000 -35.978284 0.000000 0.000000 1.000000 0.000000
0.819456 0.573142 0.000000 74.423467 -0.573142 0.819456 0.000000 -35.977930 0.000000 0.000000 1.000000 0.000000
0.820282 0.571959 0.000000 74.421647 -0.571959 0.820282 0.000000 -35.980669 0.000000 0.000000 1.000000 0.000000
0.820507 0.571637 0.000000 74.420035 -0.571637 0.820507 0.000000 -35.980888 0.000000 0.000000 1.000000 0.000000
0.820821 0.571185 0.000000 74.418409 -0.571185 0.820821 0.000000 -35.980584 0.000000 0.000000 1.000000 0.000000
0.821175 0.570677 0.000000 74.416430 -0.570677 0.821175 0.000000 -35.980576 0.000000 0.000000 1.000000 0.000000
0.821260 0.570554 0.000000 74.416172 -0.570554 0.821260 0.000000 -35.980500 0.000000 0.000000 1.000000 0.000000
0.821175 0.570677 0.000000 74.417850 -0.570677 0.821175 0.000000 -35.980431 0.000000 0.000000 1.000000 0.000000
