0.999990 0.004483 0.000000 0.588367 -0.004483 0.999990 0.000000 0.007111 0.000000 0.000000 1.000000 0.000000
0.999946 0.010392 0.000000 1.726537 -0.010392 0.999946 0.000000 -0.016395 0.000000 0.000000 1.000000 0.000000
0.999951 0.009901 0.000000 2.313750 -0.009901 0.999951 0.000000 -0.022244 0.000000 0.000000 1.000000 0.000000
0.999930 0.011803 0.000000 3.119270 -0.011803 0.999930 0.000000 -0.035685 0.000000 0.000000 1.000000 0.000000
0.999925 0.012244 0.000000 3.695402 -0.012244 0.999925 0.000000 -0.040191 0.000000 0.000000 1.000000 0.000000
0.999917 0.012909 0.000000 4.280721 -0.012909 0.999917 0.000000 -0.054796 0.000000 0.000000 1.000000 0.000000
0.999910 0.013416 0.000000 4.868662 -0.013416 0.999910 0.000000 -0.063823 0.000000 0.000000 1.000000 0.000000
0.999899 0.014194 0.000000 5.419108 -0.014194 0.999899 0.000000 -0.076241 0.000000 0.000000 1.000000 0.000000
0.999862 0.016622 0.000000 6.002050 -0.016622 0.999862 0.000000 -0.093887 0.000000 0.000000 1.000000 0.000000
0.999844 0.017659 0.000000 6.547716 -0.017659 0.999844 0.000000 -0.101314 0.000000 0.000000 1.000000 0.000000
0.999838 0.017993 0.000000 7.123645 -0.017993 0.999838 0.000000 -0.103670 0.000000 0.000000 1.000000 0.000000
0.999805 0.019744 0.000000 7.685114 -0.019744 0.999805 0.000000 -0.106471 0.000000 0.000000 1.000000 0.000000
0.999810 0.019495 0.000000 8.250670 -0.019495 0.999810 0.000000 -0.127316 0.000000 0.000000 1.000000 0.000000
0.999773 0.021307 0.000000 8.831786 -0.021307 0.999773 0.000000 -0.135793 0.000000 0.000000 1.000000 0.000000
0.999720 0.023654 0.000000 9.585350 -0.023654 0.999720 0.000000 -0.156857 0.000000 0.000000 1.000000 0.000000
0.999684 0.025132 0.000000 10.205665 -0.025132 0.999684 0.000000 -0.171250 0.000000 0.000000 1.000000 0.000000
0.999663 0.025952 0.000000 10.747527 -0.025952 0.999663 0.000000 -0.173930 0.000000 0.000000 1.000000 0.000000
0.999600 0.028297 0.000000 11.360071 -0.028297 0.999600 0.000000 -0.177680 0.000000 0.000000 1.000000 0.000000
0.999499 0.031654 0.000000 11.939734 -0.031654 0.999499 0.000000 -0.185778 0.000000 0.000000 1.000000 0.000000
0.999482 0.032192 0.000000 12.517944 -0.032192 0.999482 0.000000 -0.209940 0.000000 0.000000 1.000000 0.000000
0.999368 0.035541 0.000000 13.096495 -0.035541 0.999368 0.000000 -0.223855 0.000000 0.000000 1.000000 0.000000
0.999335 0.036462 0.000000 13.677991 -0.036462 0.999335 0.000000 -0.252450 0.000000 0.000000 1.000000 0.000000
0.999295 0.037549 0.000000 14.251629 -0.037549 0.999295 0.000000 -0.273295 0.000000 0.000000 1.000000 0.000000
0.999268 0.038244 0.000000 14.827956 -0.038244 0.999268 0.000000 -0.297601 0.000000 0.000000 1.000000 0.000000
0.999177 0.040569 0.000000 15.398956 -0.040569 0.999177 0.000000 -0.321228 0.000000 0.000000 1.000000 0.000000
0.999083 0.042812 0.000000 15.968798 -0.042812 0.999083 0.000000 -0.355234 0.000000 0.000000 1.000000 0.000000
0.999079 0.042920 0.000000 16.513732 -0.042920 0.999079 0.000000 -0.392635 0.000000 0.000000 1.000000 0.000000
0.998971 0.045358 0.000000 17.080983 -0.045358 0.998971 0.000000 -0.429549 0.000000 0.000000 1.000000 0.000000
0.998903 0.046825 0.000000 18.180077 -0.046825 0.998903 0.000000 -0.485871 0.000000 0.000000 1.000000 0.000000
0.998971 0.045354 0.000000 19.110958 -0.045354 0.998971 0.000000 -0.541501 0.000000 0.000000 1.000000 0.000000
0.999033 0.043969 0.000000 19.675620 -0.043969 0.999033 0.000000 -0.586103 0.000000 0.000000 1.000000 0.000000
0.998958 0.045641 0.000000 20.242287 -0.045641 0.998958 0.000000 -0.626006 0.000000 0.000000 1.000000 0.000000
0.998861 0.047716 0.000000 20.805757 -0.047716 0.998861 0.000000 -0.662266 0.000000 0.000000 1.000000 0.000000
0.998853 0.047876 0.000000 21.367501 -0.047876 0.998853 0.000000 -0.698033 0.000000 0.000000 1.000000 0.000000
0.998837 0.048212 0.000000 21.968381 -0.048212 0.998837 0.000000 -0.744197 0.000000 0.000000 1.000000 0.000000
0.998324 0.057872 0.000000 22.532444 -0.057872 0.998324 0.000000 -0.780445 0.000000 0.000000 1.000000 0.000000
0.997443 0.071464 0.000000 23.656877 -0.071464 0.997443 0.000000 -0.858357 0.000000 0.000000 1.000000 0.000000
0.997487 0.070846 0.000000 24.217861 -0.070846 0.997487 0.000000 -0.917931 0.000000 0.000000 1.000000 0.000000
0.997335 0.072961 0.000000 24.780803 -0.072961 0.997335 0.000000 -0.972975 0.000000 0.000000 1.000000 0.000000
0.997372 0.072447 0.000000 25.307275 -0.072447 0.997372 0.000000 -1.028620 0.000000 0.000000 1.000000 0.000000
0.997454 0.071315 0.000000 25.868005 -0.071315 0.997454 0.000000 -1.082892 0.000000 0.000000 1.000000 0.000000
0.997008 0.077293 0.000000 26.766337 -0.077293 0.997008 0.000000 -1.164927 0.000000 0.000000 1.000000 0.000000
0.997005 0.077336 0.000000 27.364732 -0.077336 0.997005 0.000000 -1.217757 0.000000 0.000000 1.000000 0.000000
0.996830 0.079566 0.000000 27.920807 -0.079566 0.996830 0.000000 -1.259557 0.000000 0.000000 1.000000 0.000000
0.996782 0.080166 0.000000 28.485858 -0.080166 0.996782 0.000000 -1.308913 0.000000 0.000000 1.000000 0.000000
0.996679 0.081430 0.000000 29.050820 -0.081430 0.996679 0.000000 -1.363317 0.000000 0.000000 1.000000 0.000000
0.996552 0.082976 0.000000 29.615487 -0.082976 0.996552 0.000000 -1.418862 0.000000 0.000000 1.000000 0.000000
0.996340 0.085480 0.000000 30.178980 -0.085480 0.996340 0.000000 -1.473623 0.000000 0.000000 1.000000 0.000000
0.996368 0.085156 0.000000 30.749097 -0.085156 0.996368 0.000000 -1.531557 0.000000 0.000000 1.000000 0.000000
0.996261 0.086396 0.000000 31.308096 -0.086396 0.996261 0.000000 -1.581169 0.000000 0.000000 1.000000 0.000000
0.996140 0.087778 0.000000 31.835327 -0.087778 0.996140 0.000000 -1.638714 0.000000 0.000000 1.000000 0.000000
0.995867 0.090827 0.000000 32.777219 -0.090827 0.995867 0.000000 -1.736993 0.000000 0.000000 1.000000 0.000000
0.995442 0.095370 0.000000 33.339503 -0.095370 0.995442 0.000000 -1.797312 0.000000 0.000000 1.000000 0.000000
0.995263 0.097224 0.000000 33.897666 -0.097224 0.995263 0.000000 -1.851442 0.000000 0.000000 1.000000 0.000000
0.995155 0.098320 0.000000 34.460630 -0.098320 0.995155 0.000000 -1.911787 0.000000 0.000000 1.000000 0.000000
0.994895 0.100915 0.000000 35.013955 -0.100915 0.994895 0.000000 -1.969461 0.000000 0.000000 1.000000 0.000000
0.994786 0.101985 0.000000 35.575095 -0.101985 0.994786 0.000000 -2.038967 0.000000 0.000000 1.000000 0.000000
0.994651 0.103289 0.000000 36.167349 -0.103289 0.994651 0.000000 -2.107138 0.000000 0.000000 1.000000 0.000000
0.994636 0.103436 0.000000 36.687835 -0.103436 0.994636 0.000000 -2.166278 0.000000 0.000000 1.000000 0.000000
0.994668 0.103133 0.000000 37.240174 -0.103133 0.994668 0.000000 -2.226767 0.000000 0.000000 1.000000 0.000000
0.994757 0.102267 0.000000 37.796022 -0.102267 0.994757 0.000000 -2.286808 0.000000 0.000000 1.000000 0.000000
0.994366 0.105997 0.000000 38.349512 -0.105997 0.994366 0.000000 -2.342558 0.000000 0.000000 1.000000 0.000000
0.994187 0.107667 0.000000 38.866064 -0.107667 0.994187 0.000000 -2.400001 0.000000 0.000000 1.000000 0.000000
0.994047 0.108953 0.000000 39.420152 -0.108953 0.994047 0.000000 -2.467744 0.000000 0.000000 1.000000 0.000000
0.993985 0.109516 0.000000 39.937577 -0.109516 0.993985 0.000000 -2.529609 0.000000 0.000000 1.000000 0.000000
0.994055 0.108883 0.000000 40.893651 -0.108883 0.994055 0.000000 -2.643333 0.000000 0.000000 1.000000 0.000000
0.993985 0.109520 0.000000 41.441738 -0.109520 0.993985 0.000000 -2.711437 0.000000 0.000000 1.000000 0.000000
0.993702 0.112058 0.000000 41.997743 -0.112058 0.993702 0.000000 -2.773835 0.000000 0.000000 1.000000 0.000000
0.993253 0.115967 0.000000 43.094079 -0.115967 0.993253 0.000000 -2.896600 0.000000 0.000000 1.000000 0.000000
0.992873 0.119175 0.000000 43.670641 -0.119175 0.992873 0.000000 -2.972025 0.000000 0.000000 1.000000 0.000000
0.992696 0.120645 0.000000 44.161777 -0.120645 0.992696 0.000000 -3.033122 0.000000 0.000000 1.000000 0.000000
0.992534 0.121966 0.000000 45.184316 -0.121966 0.992534 0.000000 -3.161682 0.000000 0.000000 1.000000 0.000000
0.992443 0.122709 0.000000 45.706655 -0.122709 0.992443 0.000000 -3.229467 0.000000 0.000000 1.000000 0.000000
0.992532 0.121982 0.000000 46.214864 -0.121982 0.992532 0.000000 -3.297018 0.000000 0.000000 1.000000 0.000000
0.992508 0.122178 0.000000 46.706784 -0.122178 0.992508 0.000000 -3.353948 0.000000 0.000000 1.000000 0.000000
0.992189 0.124746 0.000000 47.604470 -0.124746 0.992189 0.000000 -3.473471 0.000000 0.000000 1.000000 0.000000
0.992353 0.123434 0.000000 48.106500 -0.123434 0.992353 0.000000 -3.553914 0.000000 0.000000 1.000000 0.000000
0.991787 0.127897 0.000000 48.602089 -0.127897 0.991787 0.000000 -3.606556 0.000000 0.000000 1.000000 0.000000
0.991037 0.133591 0.000000 49.094512 -0.133591 0.991037 0.000000 -3.673628 0.000000 0.000000 1.000000 0.000000
0.990919 0.134458 0.000000 49.580666 -0.134458 0.990919 0.000000 -3.738138 0.000000 0.000000 1.000000 0.000000
0.990720 0.135918 0.000000 50.052829 -0.135918 0.990720 0.000000 -3.798706 0.000000 0.000000 1.000000 0.000000
0.990306 0.138904 0.000000 50.526730 -0.138904 0.990306 0.000000 -3.861908 0.000000 0.000000 1.000000 0.000000
0.989662 0.143420 0.000000 51.239953 -0.143420 0.989662 0.000000 -3.962528 0.000000 0.000000 1.000000 0.000000
0.989662 0.143417 0.000000 51.662746 -0.143417 0.989662 0.000000 -4.024994 0.000000 0.000000 1.000000 0.000000
0.989424 0.145053 0.000000 52.115426 -0.145053 0.989424 0.000000 -4.093686 0.000000 0.000000 1.000000 0.000000
0.989515 0.144432 0.000000 52.554984 -0.144432 0.989515 0.000000 -4.159600 0.000000 0.000000 1.000000 0.000000
0.989437 0.144964 0.000000 52.973399 -0.144964 0.989437 0.000000 -4.220076 0.000000 0.000000 1.000000 0.000000
0.989878 0.141921 0.000000 53.398362 -0.141921 0.989878 0.000000 -4.286630 0.000000 0.000000 1.000000 0.000000
0.989913 0.141677 0.000000 54.132430 -0.141677 0.989913 0.000000 -4.397396 0.000000 0.000000 1.000000 0.000000
0.989612 0.143764 0.000000 54.514404 -0.143764 0.989612 0.000000 -4.449299 0.000000 0.000000 1.000000 0.000000
0.989412 0.145137 0.000000 54.947537 -0.145137 0.989412 0.000000 -4.507994 0.000000 0.000000 1.000000 0.000000
0.989291 0.145957 0.000000 55.342027 -0.145957 0.989291 0.000000 -4.569904 0.000000 0.000000 1.000000 0.000000
0.989198 0.146584 0.000000 55.738610 -0.146584 0.989198 0.000000 -4.629406 0.000000 0.000000 1.000000 0.000000
0.989125 0.147078 0.000000 56.126249 -0.147078 0.989125 0.000000 -4.686981 0.000000 0.000000 1.000000 0.000000
0.988874 0.148758 0.000000 56.504884 -0.148758 0.988874 0.000000 -4.750648 0.000000 0.000000 1.000000 0.000000
0.988777 0.149398 0.000000 56.874864 -0.149398 0.988777 0.000000 -4.814017 0.000000 0.000000 1.000000 0.000000
0.988516 0.151116 0.000000 57.236797 -0.151116 0.988516 0.000000 -4.866181 0.000000 0.000000 1.000000 0.000000
0.988279 0.152657 0.000000 57.597973 -0.152657 0.988279 0.000000 -4.921467 0.000000 0.000000 1.000000 0.000000
0.987766 0.155946 0.000000 58.273505 -0.155946 0.987766 0.000000 -5.035688 0.000000 0.000000 1.000000 0.000000
0.987898 0.155104 0.000000 58.612567 -0.155104 0.987898 0.000000 -5.098281 0.000000 0.000000 1.000000 0.000000
0.987943 0.154816 0.000000 58.926564 -0.154816 0.987943 0.000000 -5.154564 0.000000 0.000000 1.000000 0.000000
0.987884 0.155195 0.000000 59.261216 -0.155195 0.987884 0.000000 -5.214352 0.000000 0.000000 1.000000 0.000000
0.987716 0.156261 0.000000 59.584506 -0.156261 0.987716 0.000000 -5.273338 0.000000 0.000000 1.000000 0.000000
0.987552 0.157291 0.000000 59.885163 -0.157291 0.987552 0.000000 -5.314188 0.000000 0.000000 1.000000 0.000000
0.986606 0.163119 0.000000 60.210757 -0.163119 0.986606 0.000000 -5.350471 0.000000 0.000000 1.000000 0.000000
0.986528 0.163595 0.000000 60.529967 -0.163595 0.986528 0.000000 -5.408598 0.000000 0.000000 1.000000 0.000000
0.986930 0.161148 0.000000 61.044399 -0.161148 0.986930 0.000000 -5.506521 0.000000 0.000000 1.000000 0.000000
0.986946 0.161051 0.000000 61.346003 -0.161051 0.986946 0.000000 -5.558808 0.000000 0.000000 1.000000 0.000000
0.986689 0.162619 0.000000 61.647385 -0.162619 0.986689 0.000000 -5.613497 0.000000 0.000000 1.000000 0.000000
0.986365 0.164574 0.000000 61.960448 -0.164574 0.986365 0.000000 -5.667610 0.000000 0.000000 1.000000 0.000000
0.986279 0.165089 0.000000 62.255815 -0.165089 0.986279 0.000000 -5.722501 0.000000 0.000000 1.000000 0.000000
0.985947 0.167057 0.000000 62.529183 -0.167057 0.985947 0.000000 -5.772714 0.000000 0.000000 1.000000 0.000000
0.985985 0.166832 0.000000 62.828629 -0.166832 0.985985 0.000000 -5.826069 0.000000 0.000000 1.000000 0.000000
0.986011 0.166681 0.000000 63.107919 -0.166681 0.986011 0.000000 -5.878408 0.000000 0.000000 1.000000 0.000000
0.985845 0.167658 0.000000 63.381688 -0.167658 0.985845 0.000000 -5.926474 0.000000 0.000000 1.000000 0.000000
0.985190 0.171469 0.000000 63.843039 -0.171469 0.985190 0.000000 -6.011597 0.000000 0.000000 1.000000 0.000000
0.984897 0.173141 0.000000 64.090613 -0.173141 0.984897 0.000000 -6.050725 0.000000 0.000000 1.000000 0.000000
0.984840 0.173463 0.000000 64.370178 -0.173463 0.984840 0.000000 -6.098907 0.000000 0.000000 1.000000 0.000000
0.984688 0.174326 0.000000 64.633172 -0.174326 0.984688 0.000000 -6.145142 0.000000 0.000000 1.000000 0.000000
0.984494 0.175421 0.000000 64.894343 -0.175421 0.984494 0.000000 -6.194963 0.000000 0.000000 1.000000 0.000000
0.984340 0.176283 0.000000 65.154707 -0.176283 0.984340 0.000000 -6.244894 0.000000 0.000000 1.000000 0.000000
0.984075 0.177756 0.000000 65.407096 -0.177756 0.984075 0.000000 -6.291583 0.000000 0.000000 1.000000 0.000000
0.983950 0.178447 0.000000 65.668185 -0.178447 0.983950 0.000000 -6.341961 0.000000 0.000000 1.000000 0.000000
0.983786 0.179347 0.000000 65.909225 -0.179347 0.983786 0.000000 -6.387520 0.000000 0.000000 1.000000 0.000000
0.983780 0.179378 0.000000 66.176340 -0.179378 0.983780 0.000000 -6.439562 0.000000 0.000000 1.000000 0.000000
0.983603 0.180345 0.000000 66.424603 -0.180345 0.983603 0.000000 -6.491253 0.000000 0.000000 1.000000 0.000000
0.983407 0.181414 0.000000 66.681946 -0.181414 0.983407 0.000000 -6.539831 0.000000 0.000000 1.000000 0.000000
0.983063 0.183266 0.000000 67.115054 -0.183266 0.983063 0.000000 -6.627239 0.000000 0.000000 1.000000 0.000000
0.982775 0.184804 0.000000 67.379929 -0.184804 0.982775 0.000000 -6.677610 0.000000 0.000000 1.000000 0.000000
0.982640 0.185521 0.000000 67.654441 -0.185521 0.982640 0.000000 -6.734758 0.000000 0.000000 1.000000 0.000000
0.982413 0.186722 0.000000 67.923549 -0.186722 0.982413 0.000000 -6.791370 0.000000 0.000000 1.000000 0.000000
0.982336 0.187128 0.000000 68.198351 -0.187128 0.982336 0.000000 -6.847485 0.000000 0.000000 1.000000 0.000000
0.981981 0.188979 0.000000 68.485448 -0.188979 0.981981 0.000000 -6.906870 0.000000 0.000000 1.000000 0.000000
0.981821 0.189807 0.000000 68.741381 -0.189807 0.981821 0.000000 -6.965722 0.000000 0.000000 1.000000 0.000000
0.981831 0.189759 0.000000 69.030422 -0.189759 0.981831 0.000000 -7.031659 0.000000 0.000000 1.000000 0.000000
0.981289 0.192542 0.000000 69.307351 -0.192542 0.981289 0.000000 -7.090237 0.000000 0.000000 1.000000 0.000000
0.980766 0.195186 0.000000 69.569790 -0.195186 0.980766 0.000000 -7.148189 0.000000 0.000000 1.000000 0.000000
0.980691 0.195563 0.000000 69.846744 -0.195563 0.980691 0.000000 -7.211164 0.000000 0.000000 1.000000 0.000000
0.980832 0.194855 0.000000 70.109609 -0.194855 0.980832 0.000000 -7.276515 0.000000 0.000000 1.000000 0.000000
0.980264 0.197693 0.000000 70.881601 -0.197693 0.980264 0.000000 -7.443589 0.000000 0.000000 1.000000 0.000000
0.979556 0.201170 0.000000 71.167633 -0.201170 0.979556 0.000000 -7.498122 0.000000 0.000000 1.000000 0.000000
0.978991 0.203905 0.000000 71.455857 -0.203905 0.978991 0.000000 -7.553714 0.000000 0.000000 1.000000 0.000000
0.978589 0.205826 0.000000 71.746630 -0.205826 0.978589 0.000000 -7.614986 0.000000 0.000000 1.000000 0.000000
0.978998 0.203869 0.000000 72.033500 -0.203869 0.978998 0.000000 -7.681309 0.000000 0.000000 1.000000 0.000000
0.978489 0.206301 0.000000 72.612824 -0.206301 0.978489 0.000000 -7.812428 0.000000 0.000000 1.000000 0.000000
0.978504 0.206228 0.000000 72.909402 -0.206228 0.978504 0.000000 -7.877776 0.000000 0.000000 1.000000 0.000000
0.978223 0.207556 0.000000 73.195245 -0.207556 0.978223 0.000000 -7.938490 0.000000 0.000000 1.000000 0.000000
0.977951 0.208834 0.000000 73.655239 -0.208834 0.977951 0.000000 -8.042119 0.000000 0.000000 1.000000 0.000000
0.977264 0.212025 0.000000 73.973506 -0.212025 0.977264 0.000000 -8.112436 0.000000 0.000000 1.000000 0.000000
0.976142 0.217135 0.000000 74.501232 -0.217135 0.976142 0.000000 -8.233871 0.000000 0.000000 1.000000 0.000000
0.975964 0.217931 0.000000 74.826463 -0.217931 0.975964 0.000000 -8.306597 0.000000 0.000000 1.000000 0.000000
0.976001 0.217766 0.000000 75.158526 -0.217766 0.976001 0.000000 -8.381870 0.000000 0.000000 1.000000 0.000000
0.974312 0.225200 0.000000 75.478631 -0.225200 0.974312 0.000000 -8.438127 0.000000 0.000000 1.000000 0.000000
0.974280 0.225340 0.000000 75.829076 -0.225340 0.974280 0.000000 -8.519507 0.000000 0.000000 1.000000 0.000000
0.973666 0.227978 0.000000 76.389874 -0.227978 0.973666 0.000000 -8.653360 0.000000 0.000000 1.000000 0.000000
0.974317 0.225182 0.000000 76.735286 -0.225182 0.974317 0.000000 -8.737934 0.000000 0.000000 1.000000 0.000000
0.974044 0.226359 0.000000 77.110925 -0.226359 0.974044 0.000000 -8.825657 0.000000 0.000000 1.000000 0.000000
0.974064 0.226274 0.000000 77.462684 -0.226274 0.974064 0.000000 -8.903963 0.000000 0.000000 1.000000 0.000000
0.974004 0.226531 0.000000 78.105208 -0.226531 0.974004 0.000000 -9.062787 0.000000 0.000000 1.000000 0.000000
0.974122 0.226021 0.000000 78.757069 -0.226021 0.974122 0.000000 -9.207332 0.000000 0.000000 1.000000 0.000000
0.974453 0.224591 0.000000 79.139323 -0.224591 0.974453 0.000000 -9.305383 0.000000 0.000000 1.000000 0.000000
0.974646 0.223751 0.000000 79.556574 -0.223751 0.974646 0.000000 -9.397607 0.000000 0.000000 1.000000 0.000000
0.974131 0.225984 0.000000 79.953187 -0.225984 0.974131 0.000000 -9.489147 0.000000 0.000000 1.000000 0.000000
0.974521 0.224298 0.000000 80.377679 -0.224298 0.974521 0.000000 -9.597002 0.000000 0.000000 1.000000 0.000000
0.973962 0.226711 0.000000 80.779376 -0.226711 0.973962 0.000000 -9.698715 0.000000 0.000000 1.000000 0.000000
0.974158 0.225868 0.000000 81.224513 -0.225868 0.974158 0.000000 -9.804047 0.000000 0.000000 1.000000 0.000000
0.975018 0.222127 0.000000 81.903252 -0.222127 0.975018 0.000000 -9.960666 0.000000 0.000000 1.000000 0.000000
0.974987 0.222264 0.000000 82.704284 -0.222264 0.974987 0.000000 -10.147494 0.000000 0.000000 1.000000 0.000000
0.975129 0.221639 0.000000 83.168137 -0.221639 0.975129 0.000000 -10.258651 0.000000 0.000000 1.000000 0.000000
0.974291 0.225294 0.000000 83.637593 -0.225294 0.974291 0.000000 -10.374261 0.000000 0.000000 1.000000 0.000000
0.974154 0.225886 0.000000 84.093198 -0.225886 0.974154 0.000000 -10.484314 0.000000 0.000000 1.000000 0.000000
0.973931 0.226844 0.000000 84.592989 -0.226844 0.973931 0.000000 -10.606014 0.000000 0.000000 1.000000 0.000000
0.973834 0.227260 0.000000 85.037362 -0.227260 0.973834 0.000000 -10.712321 0.000000 0.000000 1.000000 0.000000
0.972284 0.233801 0.000000 85.537197 -0.233801 0.972284 0.000000 -10.828471 0.000000 0.000000 1.000000 0.000000
0.971718 0.236145 0.000000 86.040261 -0.236145 0.971718 0.000000 -10.954123 0.000000 0.000000 1.000000 0.000000
0.970797 0.239902 0.000000 86.549588 -0.239902 0.970797 0.000000 -11.078049 0.000000 0.000000 1.000000 0.000000
0.970323 0.241811 0.000000 87.032336 -0.241811 0.970323 0.000000 -11.202282 0.000000 0.000000 1.000000 0.000000
0.969970 0.243225 0.000000 87.553810 -0.243225 0.969970 0.000000 -11.340254 0.000000 0.000000 1.000000 0.000000
0.968835 0.247708 0.000000 88.493212 -0.247708 0.968835 0.000000 -11.583432 0.000000 0.000000 1.000000 0.000000
0.968952 0.247251 0.000000 89.027803 -0.247251 0.968952 0.000000 -11.730211 0.000000 0.000000 1.000000 0.000000
0.968879 0.247536 0.000000 89.570532 -0.247536 0.968879 0.000000 -11.873934 0.000000 0.000000 1.000000 0.000000
0.967736 0.251965 0.000000 90.117918 -0.251965 0.967736 0.000000 -12.010211 0.000000 0.000000 1.000000 0.000000
0.966458 0.256825 0.000000 90.667541 -0.256825 0.966458 0.000000 -12.155666 0.000000 0.000000 1.000000 0.000000
0.966400 0.257044 0.000000 91.503064 -0.257044 0.966400 0.000000 -12.393145 0.000000 0.000000 1.000000 0.000000
0.965979 0.258620 0.000000 92.024816 -0.258620 0.965979 0.000000 -12.531308 0.000000 0.000000 1.000000 0.000000
0.963311 0.268388 0.000000 93.113298 -0.268388 0.963311 0.000000 -12.837457 0.000000 0.000000 1.000000 0.000000
0.962301 0.271986 0.000000 93.839123 -0.271986 0.962301 0.000000 -13.036333 0.000000 0.000000 1.000000 0.000000
0.961489 0.274843 0.000000 94.416967 -0.274843 0.961489 0.000000 -13.188572 0.000000 0.000000 1.000000 0.000000
0.960240 0.279175 0.000000 94.996122 -0.279175 0.960240 0.000000 -13.360995 0.000000 0.000000 1.000000 0.000000
0.958722 0.284345 0.000000 95.574104 -0.284345 0.958722 0.000000 -13.534988 0.000000 0.000000 1.000000 0.000000
0.958488 0.285133 0.000000 96.157079 -0.285133 0.958488 0.000000 -13.702159 0.000000 0.000000 1.000000 0.000000
0.958312 0.285722 0.000000 96.769235 -0.285722 0.958312 0.000000 -13.890045 0.000000 0.000000 1.000000 0.000000
0.957684 0.287820 0.000000 97.328503 -0.287820 0.957684 0.000000 -14.061821 0.000000 0.000000 1.000000 0.000000
0.956821 0.290679 0.000000 97.907539 -0.290679 0.956821 0.000000 -14.242672 0.000000 0.000000 1.000000 0.000000
0.956488 0.291773 0.000000 98.500193 -0.291773 0.956488 0.000000 -14.427011 0.000000 0.000000 1.000000 0.000000
0.957514 0.288387 0.000000 99.057694 -0.288387 0.957514 0.000000 -14.596618 0.000000 0.000000 1.000000 0.000000
0.958271 0.285860 0.000000 99.661761 -0.285860 0.958271 0.000000 -14.780331 0.000000 0.000000 1.000000 0.000000
0.958198 0.286106 0.000000 100.264824 -0.286106 0.958198 0.000000 -14.966231 0.000000 0.000000 1.000000 0.000000
0.957718 0.287708 0.000000 100.822061 -0.287708 0.957718 0.000000 -15.138101 0.000000 0.000000 1.000000 0.000000
0.957495 0.288449 0.000000 101.888040 -0.288449 0.957495 0.000000 -15.462126 0.000000 0.000000 1.000000 0.000000
0.957072 0.289851 0.000000 102.539683 -0.289851 0.957072 0.000000 -15.668983 0.000000 0.000000 1.000000 0.000000
0.956839 0.290619 0.000000 103.144169 -0.290619 0.956839 0.000000 -15.867492 0.000000 0.000000 1.000000 0.000000
0.955966 0.293478 0.000000 103.757618 -0.293478 0.955966 0.000000 -16.062442 0.000000 0.000000 1.000000 0.000000
0.954880 0.296991 0.000000 104.353997 -0.296991 0.954880 0.000000 -16.253028 0.000000 0.000000 1.000000 0.000000
0.955342 0.295501 0.000000 104.965669 -0.295501 0.955342 0.000000 -16.456823 0.000000 0.000000 1.000000 0.000000
0.955147 0.296130 0.000000 105.539633 -0.296130 0.955147 0.000000 -16.636733 0.000000 0.000000 1.000000 0.000000
0.955098 0.296289 0.000000 106.156187 -0.296289 0.955098 0.000000 -16.830372 0.000000 0.000000 1.000000 0.000000
0.954938 0.296806 0.000000 106.736322 -0.296806 0.954938 0.000000 -17.011119 0.000000 0.000000 1.000000 0.000000
0.954112 0.299450 0.000000 107.358372 -0.299450 0.954112 0.000000 -17.221574 0.000000 0.000000 1.000000 0.000000
0.953478 0.301463 0.000000 107.975732 -0.301463 0.953478 0.000000 -17.426006 0.000000 0.000000 1.000000 0.000000
0.953140 0.302530 0.000000 108.605662 -0.302530 0.953140 0.000000 -17.624110 0.000000 0.000000 1.000000 0.000000
0.953465 0.301505 0.000000 109.385662 -0.301505 0.953465 0.000000 -17.883848 0.000000 0.000000 1.000000 0.000000
0.953297 0.302035 0.000000 109.979057 -0.302035 0.953297 0.000000 -18.068098 0.000000 0.000000 1.000000 0.000000
0.951431 0.307862 0.000000 110.611391 -0.307862 0.951431 0.000000 -18.279070 0.000000 0.000000 1.000000 0.000000
0.952090 0.305818 0.000000 111.612697 -0.305818 0.952090 0.000000 -18.604141 0.000000 0.000000 1.000000 0.000000
0.951969 0.306195 0.000000 112.247035 -0.306195 0.951969 0.000000 -18.813572 0.000000 0.000000 1.000000 0.000000
0.951773 0.306804 0.000000 112.888006 -0.306804 0.951773 0.000000 -19.028214 0.000000 0.000000 1.000000 0.000000
0.950889 0.309531 0.000000 113.530017 -0.309531 0.950889 0.000000 -19.244028 0.000000 0.000000 1.000000 0.000000
0.950815 0.309761 0.000000 114.154628 -0.309761 0.950815 0.000000 -19.463326 0.000000 0.000000 1.000000 0.000000
0.950542 0.310597 0.000000 114.792822 -0.310597 0.950542 0.000000 -19.683990 0.000000 0.000000 1.000000 0.000000
0.950792 0.309831 0.000000 115.390648 -0.309831 0.950792 0.000000 -19.891041 0.000000 0.000000 1.000000 0.000000
0.950765 0.309913 0.000000 116.519398 -0.309913 0.950765 0.000000 -20.273021 0.000000 0.000000 1.000000 0.000000
0.950829 0.309717 0.000000 117.162190 -0.309717 0.950829 0.000000 -20.487063 0.000000 0.000000 1.000000 0.000000
0.951045 0.309051 0.000000 117.803833 -0.309051 0.951045 0.000000 -20.704541 0.000000 0.000000 1.000000 0.000000
0.950966 0.309297 0.000000 118.442474 -0.309297 0.950966 0.000000 -20.921436 0.000000 0.000000 1.000000 0.000000
0.950432 0.310932 0.000000 119.750449 -0.310932 0.950432 0.000000 -21.358720 0.000000 0.000000 1.000000 0.000000
0.950553 0.310564 0.000000 120.340749 -0.310564 0.950553 0.000000 -21.556473 0.000000 0.000000 1.000000 0.000000
0.949568 0.313560 0.000000 120.984202 -0.313560 0.949568 0.000000 -21.775096 0.000000 0.000000 1.000000 0.000000
0.949575 0.313541 0.000000 121.579907 -0.313541 0.949575 0.000000 -21.987712 0.000000 0.000000 1.000000 0.000000
0.949350 0.314220 0.000000 122.176012 -0.314220 0.949350 0.000000 -22.189044 0.000000 0.000000 1.000000 0.000000
0.942896 0.333086 0.000000 126.780688 -0.333086 0.942896 0.000000 -23.866806 0.000000 0.000000 1.000000 0.000000
0.944390 0.328827 0.000000 127.416349 -0.328827 0.944390 0.000000 -24.094460 0.000000 0.000000 1.000000 0.000000
0.943991 0.329972 0.000000 128.012238 -0.329972 0.943991 0.000000 -24.317425 0.000000 0.000000 1.000000 0.000000
0.945203 0.326483 0.000000 128.632506 -0.326483 0.945203 0.000000 -24.556025 0.000000 0.000000 1.000000 0.000000
0.944586 0.328265 0.000000 129.225119 -0.328265 0.944586 0.000000 -24.778745 0.000000 0.000000 1.000000 0.000000
0.945785 0.324792 0.000000 129.832984 -0.324792 0.945785 0.000000 -25.004580 0.000000 0.000000 1.000000 0.000000
0.944245 0.329245 0.000000 130.454614 -0.329245 0.944245 0.000000 -25.240787 0.000000 0.000000 1.000000 0.000000
0.944685 0.327979 0.000000 131.246835 -0.327979 0.944685 0.000000 -25.544469 0.000000 0.000000 1.000000 0.000000
0.944154 0.329504 0.000000 131.859964 -0.329504 0.944154 0.000000 -25.779493 0.000000 0.000000 1.000000 0.000000
0.942904 0.333066 0.000000 132.476423 -0.333066 0.942904 0.000000 -25.987141 0.000000 0.000000 1.000000 0.000000
0.942859 0.333193 0.000000 133.367888 -0.333193 0.942859 0.000000 -26.311453 0.000000 0.000000 1.000000 0.000000
0.942982 0.332844 0.000000 133.976591 -0.332844 0.942982 0.000000 -26.540731 0.000000 0.000000 1.000000 0.000000
0.942787 0.333396 0.000000 134.588614 -0.333396 0.942787 0.000000 -26.761734 0.000000 0.000000 1.000000 0.000000
0.942804 0.333348 0.000000 135.189186 -0.333348 0.942804 0.000000 -26.982505 0.000000 0.000000 1.000000 0.000000
0.942673 0.333718 0.000000 135.792011 -0.333718 0.942673 0.000000 -27.208759 0.000000 0.000000 1.000000 0.000000
0.942091 0.335358 0.000000 136.683865 -0.335358 0.942091 0.000000 -27.535280 0.000000 0.000000 1.000000 0.000000
0.941740 0.336341 0.000000 137.263871 -0.336341 0.941740 0.000000 -27.755086 0.000000 0.000000 1.000000 0.000000
0.941259 0.337686 0.000000 137.862331 -0.337686 0.941259 0.000000 -27.975102 0.000000 0.000000 1.000000 0.000000
0.940546 0.339666 0.000000 138.420083 -0.339666 0.940546 0.000000 -28.187966 0.000000 0.000000 1.000000 0.000000
0.939623 0.342211 0.000000 139.189563 -0.342211 0.939623 0.000000 -28.484175 0.000000 0.000000 1.000000 0.000000
0.939009 0.343894 0.000000 139.779239 -0.343894 0.939009 0.000000 -28.714208 0.000000 0.000000 1.000000 0.000000
0.938659 0.344846 0.000000 140.372667 -0.344846 0.938659 0.000000 -28.940081 0.000000 0.000000 1.000000 0.000000
0.939022 0.343858 0.000000 140.958686 -0.343858 0.939022 0.000000 -29.169531 0.000000 0.000000 1.000000 0.000000
0.939965 0.341272 0.000000 141.547564 -0.341272 0.939965 0.000000 -29.390940 0.000000 0.000000 1.000000 0.000000
0.939824 0.341660 0.000000 142.676907 -0.341660 0.939824 0.000000 -29.826167 0.000000 0.000000 1.000000 0.000000
0.940694 0.339255 0.000000 143.217307 -0.339255 0.940694 0.000000 -30.026941 0.000000 0.000000 1.000000 0.000000
0.938224 0.346028 0.000000 143.787474 -0.346028 0.938224 0.000000 -30.232416 0.000000 0.000000 1.000000 0.000000
0.938867 0.344280 0.000000 144.352997 -0.344280 0.938867 0.000000 -30.451344 0.000000 0.000000 1.000000 0.000000
0.937715 0.347405 0.000000 144.889741 -0.347405 0.937715 0.000000 -30.660730 0.000000 0.000000 1.000000 0.000000
0.938022 0.346575 0.000000 145.459603 -0.346575 0.938022 0.000000 -30.887591 0.000000 0.000000 1.000000 0.000000
0.939811 0.341694 0.000000 146.156116 -0.341694 0.939811 0.000000 -31.157579 0.000000 0.000000 1.000000 0.000000
0.940530 0.339710 0.000000 146.715475 -0.339710 0.940530 0.000000 -31.382190 0.000000 0.000000 1.000000 0.000000
0.940457 0.339913 0.000000 147.237943 -0.339913 0.940457 0.000000 -31.585776 0.000000 0.000000 1.000000 0.000000
0.940384 0.340115 0.000000 147.805199 -0.340115 0.940384 0.000000 -31.802412 0.000000 0.000000 1.000000 0.000000
0.940169 0.340707 0.000000 148.365662 -0.340707 0.940169 0.000000 -32.019572 0.000000 0.000000 1.000000 0.000000
0.939996 0.341186 0.000000 148.888048 -0.341186 0.939996 0.000000 -32.220757 0.000000 0.000000 1.000000 0.000000
0.939501 0.342547 0.000000 149.444296 -0.342547 0.939501 0.000000 -32.436402 0.000000 0.000000 1.000000 0.000000
0.940498 0.339799 0.000000 149.968658 -0.339799 0.940498 0.000000 -32.636590 0.000000 0.000000 1.000000 0.000000
0.940051 0.341035 0.000000 150.515895 -0.341035 0.940051 0.000000 -32.847039 0.000000 0.000000 1.000000 0.000000
0.939280 0.343153 0.000000 151.061081 -0.343153 0.939280 0.000000 -33.062691 0.000000 0.000000 1.000000 0.000000
0.939192 0.343393 0.000000 151.764021 -0.343393 0.939192 0.000000 -33.335333 0.000000 0.000000 1.000000 0.000000
0.938393 0.345571 0.000000 152.280852 -0.345571 0.938393 0.000000 -33.529445 0.000000 0.000000 1.000000 0.000000
0.937679 0.347502 0.000000 152.830841 -0.347502 0.937679 0.000000 -33.740718 0.000000 0.000000 1.000000 0.000000
0.936980 0.349383 0.000000 153.345124 -0.349383 0.936980 0.000000 -33.941050 0.000000 0.000000 1.000000 0.000000
0.936583 0.350447 0.000000 153.889795 -0.350447 0.936583 0.000000 -34.145842 0.000000 0.000000 1.000000 0.000000
0.936387 0.350969 0.000000 154.403075 -0.350969 0.936387 0.000000 -34.340175 0.000000 0.000000 1.000000 0.000000
0.936167 0.351556 0.000000 155.107010 -0.351556 0.936167 0.000000 -34.605146 0.000000 0.000000 1.000000 0.000000
0.936077 0.351795 0.000000 155.612421 -0.351795 0.936077 0.000000 -34.799343 0.000000 0.000000 1.000000 0.000000
0.933608 0.358297 0.000000 156.144779 -0.358297 0.933608 0.000000 -35.014729 0.000000 0.000000 1.000000 0.000000
0.933519 0.358529 0.000000 156.649111 -0.358529 0.933519 0.000000 -35.212094 0.000000 0.000000 1.000000 0.000000
0.932920 0.360085 0.000000 157.192681 -0.360085 0.932920 0.000000 -35.427930 0.000000 0.000000 1.000000 0.000000
0.932843 0.360282 0.000000 157.696592 -0.360282 0.932843 0.000000 -35.628769 0.000000 0.000000 1.000000 0.000000
0.932578 0.360968 0.000000 158.423246 -0.360968 0.932578 0.000000 -35.922889 0.000000 0.000000 1.000000 0.000000
0.932412 0.361397 0.000000 158.965903 -0.361397 0.932412 0.000000 -36.142725 0.000000 0.000000 1.000000 0.000000
0.933312 0.359066 0.000000 159.502284 -0.359066 0.933312 0.000000 -36.364544 0.000000 0.000000 1.000000 0.000000
0.934246 0.356629 0.000000 160.037020 -0.356629 0.934246 0.000000 -36.580198 0.000000 0.000000 1.000000 0.000000
0.935127 0.354313 0.000000 160.571486 -0.354313 0.935127 0.000000 -36.793645 0.000000 0.000000 1.000000 0.000000
0.934162 0.356849 0.000000 161.101647 -0.356849 0.934162 0.000000 -37.014016 0.000000 0.000000 1.000000 0.000000
0.935036 0.354552 0.000000 161.636977 -0.354552 0.935036 0.000000 -37.226988 0.000000 0.000000 1.000000 0.000000
0.936188 0.351500 0.000000 162.140874 -0.351500 0.936188 0.000000 -37.432266 0.000000 0.000000 1.000000 0.000000
0.937294 0.348540 0.000000 162.669156 -0.348540 0.937294 0.000000 -37.647002 0.000000 0.000000 1.000000 0.000000
0.937406 0.348239 0.000000 163.208781 -0.348239 0.937406 0.000000 -37.866671 0.000000 0.000000 1.000000 0.000000
0.937638 0.347612 0.000000 163.709279 -0.347612 0.937638 0.000000 -38.066747 0.000000 0.000000 1.000000 0.000000
0.938018 0.346586 0.000000 164.250277 -0.346586 0.938018 0.000000 -38.282233 0.000000 0.000000 1.000000 0.000000
0.939104 0.343633 0.000000 164.758387 -0.343633 0.939104 0.000000 -38.467882 0.000000 0.000000 1.000000 0.000000
0.939561 0.342382 0.000000 165.295949 -0.342382 0.939561 0.000000 -38.676343 0.000000 0.000000 1.000000 0.000000
0.941322 0.337511 0.000000 165.826253 -0.337511 0.941322 0.000000 -38.888237 0.000000 0.000000 1.000000 0.000000
0.942871 0.333157 0.000000 166.373151 -0.333157 0.942871 0.000000 -39.098048 0.000000 0.000000 1.000000 0.000000
0.943769 0.330605 0.000000 166.876810 -0.330605 0.943769 0.000000 -39.292621 0.000000 0.000000 1.000000 0.000000
0.945184 0.326537 0.000000 167.411763 -0.326537 0.945184 0.000000 -39.491004 0.000000 0.000000 1.000000 0.000000
0.946376 0.323066 0.000000 167.901083 -0.323066 0.946376 0.000000 -39.681322 0.000000 0.000000 1.000000 0.000000
0.948345 0.317241 0.000000 168.442129 -0.317241 0.948345 0.000000 -39.884737 0.000000 0.000000 1.000000 0.000000
0.949871 0.312643 0.000000 169.144597 -0.312643 0.949871 0.000000 -40.145654 0.000000 0.000000 1.000000 0.000000
0.950391 0.311057 0.000000 169.685867 -0.311057 0.950391 0.000000 -40.331774 0.000000 0.000000 1.000000 0.000000
0.951114 0.308841 0.000000 170.182256 -0.308841 0.951114 0.000000 -40.508309 0.000000 0.000000 1.000000 0.000000
0.950707 0.310090 0.000000 170.726964 -0.310090 0.950707 0.000000 -40.698753 0.000000 0.000000 1.000000 0.000000
0.951232 0.308477 0.000000 171.405338 -0.308477 0.951232 0.000000 -40.928382 0.000000 0.000000 1.000000 0.000000
0.952664 0.304025 0.000000 172.476727 -0.304025 0.952664 0.000000 -41.296580 0.000000 0.000000 1.000000 0.000000
0.952570 0.304319 0.000000 173.011940 -0.304319 0.952570 0.000000 -41.484674 0.000000 0.000000 1.000000 0.000000
0.953206 0.302322 0.000000 173.548982 -0.302322 0.953206 0.000000 -41.660738 0.000000 0.000000 1.000000 0.000000
0.953070 0.302750 0.000000 174.083531 -0.302750 0.953070 0.000000 -41.840126 0.000000 0.000000 1.000000 0.000000
0.953460 0.301519 0.000000 174.615540 -0.301519 0.953460 0.000000 -42.008965 0.000000 0.000000 1.000000 0.000000
0.953698 0.300766 0.000000 175.146727 -0.300766 0.953698 0.000000 -42.172900 0.000000 0.000000 1.000000 0.000000
0.953210 0.302308 0.000000 175.697050 -0.302308 0.953210 0.000000 -42.358440 0.000000 0.000000 1.000000 0.000000
0.953311 0.301991 0.000000 176.223206 -0.301991 0.953311 0.000000 -42.531303 0.000000 0.000000 1.000000 0.000000
0.952640 0.304100 0.000000 176.711180 -0.304100 0.952640 0.000000 -42.690607 0.000000 0.000000 1.000000 0.000000
0.952019 0.306040 0.000000 177.194842 -0.306040 0.952019 0.000000 -42.866614 0.000000 0.000000 1.000000 0.000000
0.952045 0.305958 0.000000 177.715103 -0.305958 0.952045 0.000000 -43.039860 0.000000 0.000000 1.000000 0.000000
0.952441 0.304723 0.000000 178.201098 -0.304723 0.952441 0.000000 -43.193480 0.000000 0.000000 1.000000 0.000000
0.953223 0.302269 0.000000 178.726107 -0.302269 0.953223 0.000000 -43.356864 0.000000 0.000000 1.000000 0.000000
0.953672 0.300849 0.000000 179.218517 -0.300849 0.953672 0.000000 -43.508207 0.000000 0.000000 1.000000 0.000000
0.953768 0.300545 0.000000 179.737027 -0.300545 0.953768 0.000000 -43.678425 0.000000 0.000000 1.000000 0.000000
0.953953 0.299955 0.000000 180.223572 -0.299955 0.953953 0.000000 -43.838902 0.000000 0.000000 1.000000 0.000000
0.955013 0.296565 0.000000 180.743608 -0.296565 0.955013 0.000000 -44.010235 0.000000 0.000000 1.000000 0.000000
0.955521 0.294925 0.000000 181.219870 -0.294925 0.955521 0.000000 -44.158367 0.000000 0.000000 1.000000 0.000000
0.955584 0.294718 0.000000 181.738308 -0.294718 0.955584 0.000000 -44.315573 0.000000 0.000000 1.000000 0.000000
0.955547 0.294839 0.000000 182.221043 -0.294839 0.955547 0.000000 -44.461153 0.000000 0.000000 1.000000 0.000000
0.955073 0.296370 0.000000 182.733877 -0.296370 0.955073 0.000000 -44.610499 0.000000 0.000000 1.000000 0.000000
0.956150 0.292877 0.000000 183.360657 -0.292877 0.956150 0.000000 -44.821722 0.000000 0.000000 1.000000 0.000000
0.957306 0.289076 0.000000 183.869244 -0.289076 0.957306 0.000000 -44.978358 0.000000 0.000000 1.000000 0.000000
0.958491 0.285122 0.000000 184.366746 -0.285122 0.958491 0.000000 -45.136726 0.000000 0.000000 1.000000 0.000000
0.958651 0.284583 0.000000 184.843125 -0.284583 0.958651 0.000000 -45.280271 0.000000 0.000000 1.000000 0.000000
0.960532 0.278171 0.000000 185.542433 -0.278171 0.960532 0.000000 -45.496215 0.000000 0.000000 1.000000 0.000000
0.961168 0.275965 0.000000 186.048637 -0.275965 0.961168 0.000000 -45.646618 0.000000 0.000000 1.000000 0.000000
0.961805 0.273735 0.000000 186.555947 -0.273735 0.961805 0.000000 -45.793105 0.000000 0.000000 1.000000 0.000000
0.962564 0.271056 0.000000 187.060626 -0.271056 0.962564 0.000000 -45.937781 0.000000 0.000000 1.000000 0.000000
0.964351 0.264628 0.000000 187.560859 -0.264628 0.964351 0.000000 -46.078075 0.000000 0.000000 1.000000 0.000000
0.967415 0.253198 0.000000 188.553303 -0.253198 0.967415 0.000000 -46.359701 0.000000 0.000000 1.000000 0.000000
0.969024 0.246969 0.000000 189.041521 -0.246969 0.969024 0.000000 -46.484766 0.000000 0.000000 1.000000 0.000000
0.970848 0.239696 0.000000 189.530746 -0.239696 0.970848 0.000000 -46.621748 0.000000 0.000000 1.000000 0.000000
0.972806 0.231622 0.000000 189.982353 -0.231622 0.972806 0.000000 -46.740187 0.000000 0.000000 1.000000 0.000000
0.974464 0.224542 0.000000 190.472775 -0.224542 0.974464 0.000000 -46.856516 0.000000 0.000000 1.000000 0.000000
0.976469 0.215659 0.000000 190.933062 -0.215659 0.976469 0.000000 -46.961472 0.000000 0.000000 1.000000 0.000000
0.980547 0.196286 0.000000 191.866625 -0.196286 0.980547 0.000000 -47.164281 0.000000 0.000000 1.000000 0.000000
0.982308 0.187274 0.000000 192.347076 -0.187274 0.982308 0.000000 -47.262817 0.000000 0.000000 1.000000 0.000000
0.984270 0.176668 0.000000 192.794640 -0.176668 0.984270 0.000000 -47.346594 0.000000 0.000000 1.000000 0.000000
0.986259 0.165204 0.000000 193.470879 -0.165204 0.986259 0.000000 -47.466069 0.000000 0.000000 1.000000 0.000000
0.987988 0.154531 0.000000 193.940905 -0.154531 0.987988 0.000000 -47.549972 0.000000 0.000000 1.000000 0.000000
0.989588 0.143930 0.000000 194.410276 -0.143930 0.989588 0.000000 -47.631498 0.000000 0.000000 1.000000 0.000000
0.990983 0.133989 0.000000 194.846195 -0.133989 0.990983 0.000000 -47.702069 0.000000 0.000000 1.000000 0.000000
0.992087 0.125552 0.000000 195.309726 -0.125552 0.992087 0.000000 -47.769626 0.000000 0.000000 1.000000 0.000000
0.993961 0.109730 0.000000 195.774953 -0.109730 0.993961 0.000000 -47.842346 0.000000 0.000000 1.000000 0.000000
0.994883 0.101034 0.000000 196.203190 -0.101034 0.994883 0.000000 -47.908645 0.000000 0.000000 1.000000 0.000000
0.995905 0.090408 0.000000 196.660920 -0.090408 0.995905 0.000000 -47.966584 0.000000 0.000000 1.000000 0.000000
0.996530 0.083233 0.000000 197.078774 -0.083233 0.996530 0.000000 -48.013691 0.000000 0.000000 1.000000 0.000000
0.997328 0.073053 0.000000 197.530418 -0.073053 0.997328 0.000000 -48.060119 0.000000 0.000000 1.000000 0.000000
0.997985 0.063449 0.000000 197.950746 -0.063449 0.997985 0.000000 -48.101701 0.000000 0.000000 1.000000 0.000000
