0.999996 0.000925 0.000000 0.824530 -0.000925 1.000000 0.000000 -0.006219 0.000000 0.000000 1.000000 0.000000
0.999995 0.000962 0.000000 1.407639 -0.000964 0.999999 0.000000 -0.010648 0.000000 0.000000 1.000000 0.000000
0.999996 0.000540 0.000000 2.033743 -0.000543 0.999999 0.000000 -0.016411 0.000000 0.000000 1.000000 0.000000
0.999994 0.000473 0.000000 2.956097 -0.000476 1.000000 0.000000 -0.021450 0.000000 0.000000 1.000000 0.000000
0.999993 0.000725 0.000000 3.572036 -0.000725 1.000000 0.000000 -0.026747 0.000000 0.000000 1.000000 0.000000
0.999994 0.001140 0.000000 4.188524 -0.001137 0.999999 0.000000 -0.032169 0.000000 0.000000 1.000000 0.000000
0.999996 0.001876 0.000000 4.820270 -0.001874 0.999998 0.000000 -0.038975 0.000000 0.000000 1.000000 0.000000
0.999995 0.002756 0.000000 6.082845 -0.002755 0.999996 0.000000 -0.053067 0.000000 0.000000 1.000000 0.000000
0.999994 0.003062 0.000000 6.718608 -0.003061 0.999995 0.000000 -0.061491 0.000000 0.000000 1.000000 0.000000
0.999995 0.003090 0.000000 7.348203 -0.003089 0.999993 0.000000 -0.070110 0.000000 0.000000 1.000000 0.000000
0.999989 0.004648 0.000000 7.974911 -0.004649 0.999986 0.000000 -0.079001 0.000000 0.000000 1.000000 0.000000
0.999987 0.004658 0.000000 8.640803 -0.004663 0.999985 0.000000 -0.086814 0.000000 0.000000 1.000000 0.000000
0.999989 0.004048 0.000000 9.258000 -0.004054 0.999989 0.000000 -0.092278 0.000000 0.000000 1.000000 0.000000
0.999982 0.005625 0.000000 9.870690 -0.005629 0.999982 0.000000 -0.101892 0.000000 0.000000 1.000000 0.000000
0.999978 0.006297 0.000000 10.492424 -0.006300 0.999979 0.000000 -0.113522 0.000000 0.000000 1.000000 0.000000
0.999975 0.006700 0.000000 11.118037 -0.006706 0.999973 0.000000 -0.125190 0.000000 0.000000 1.000000 0.000000
0.999979 0.005939 0.000000 11.731917 -0.005951 0.999970 0.000000 -0.134319 0.000000 0.000000 1.000000 0.000000
0.999983 0.005351 0.000000 12.348864 -0.005364 0.999969 0.000000 -0.143909 0.000000 0.000000 1.000000 0.000000
0.999984 0.004705 0.000000 12.955620 -0.004723 0.999971 0.000000 -0.151531 0.000000 0.000000 1.000000 0.000000
0.999981 0.004559 0.000000 13.596353 -0.004588 0.999964 0.000000 -0.160108 0.000000 0.000000 1.000000 0.000000
0.999975 0.005312 0.000000 14.175127 -0.005345 0.999961 0.000000 -0.169285 0.000000 0.000000 1.000000 0.000000
0.999973 0.005934 0.000000 14.797689 -0.005966 0.999955 0.000000 -0.178416 0.000000 0.000000 1.000000 0.000000
0.999965 0.006674 0.000000 15.416175 -0.006716 0.999941 0.000000 -0.188578 0.000000 0.000000 1.000000 0.000000
0.999976 0.006207 0.000000 16.065349 -0.006234 0.999944 0.000000 -0.198801 0.000000 0.000000 1.000000 0.000000
0.999985 0.005360 0.000000 16.688867 -0.005369 0.999957 0.000000 -0.206468 0.000000 0.000000 1.000000 0.000000
0.999987 0.005063 0.000000 17.309303 -0.005069 0.999965 0.000000 -0.212855 0.000000 0.000000 1.000000 0.000000
0.999987 0.004937 0.000000 17.927918 -0.004942 0.999968 0.000000 -0.218129 0.000000 0.000000 1.000000 0.000000
0.999985 0.005130 0.000000 18.554598 -0.005143 0.999966 0.000000 -0.225520 0.000000 0.000000 1.000000 0.000000
0.999978 0.005129 0.000000 19.183950 -0.005160 0.999960 0.000000 -0.232752 0.000000 0.000000 1.000000 0.000000
0.999975 0.005108 0.000000 19.789058 -0.005144 0.999959 0.000000 -0.239858 0.000000 0.000000 1.000000 0.000000
0.999972 0.005275 0.000000 20.421469 -0.005311 0.999962 0.000000 -0.247143 0.000000 0.000000 1.000000 0.000000
0.999984 0.004405 0.000000 21.061712 -0.004429 0.999968 0.000000 -0.252809 0.000000 0.000000 1.000000 0.000000
0.999983 0.004826 0.000000 21.662187 -0.004847 0.999968 0.000000 -0.260411 0.000000 0.000000 1.000000 0.000000
0.999986 0.004621 0.000000 22.309546 -0.004637 0.999970 0.000000 -0.267037 0.000000 0.000000 1.000000 0.000000
0.999987 0.004121 0.000000 22.934121 -0.004139 0.999974 0.000000 -0.272774 0.000000 0.000000 1.000000 0.000000
0.999980 0.004605 0.000000 23.536392 -0.004627 0.999976 0.000000 -0.279988 0.000000 0.000000 1.000000 0.000000
0.999980 0.004301 0.000000 24.156348 -0.004320 0.999983 0.000000 -0.287039 0.000000 0.000000 1.000000 0.000000
0.999975 0.004403 0.000000 24.785801 -0.004430 0.999977 0.000000 -0.293805 0.000000 0.000000 1.000000 0.000000
0.999978 0.004943 0.000000 25.408328 -0.004968 0.999972 0.000000 -0.301026 0.000000 0.000000 1.000000 0.000000
0.999974 0.005318 0.000000 25.988487 -0.005343 0.999973 0.000000 -0.308376 0.000000 0.000000 1.000000 0.000000
0.999968 0.004844 0.000000 26.622882 -0.004872 0.999978 0.000000 -0.316552 0.000000 0.000000 1.000000 0.000000
0.999976 0.004095 0.000000 27.206220 -0.004123 0.999979 0.000000 -0.321686 0.000000 0.000000 1.000000 0.000000
0.999977 0.004635 0.000000 27.814551 -0.004662 0.999974 0.000000 -0.328897 0.000000 0.000000 1.000000 0.000000
0.999974 0.005355 0.000000 28.440856 -0.005379 0.999973 0.000000 -0.336622 0.000000 0.000000 1.000000 0.000000
0.999975 0.004697 0.000000 29.252718 -0.004724 0.999976 0.000000 -0.345750 0.000000 0.000000 1.000000 0.000000
0.999976 0.004323 0.000000 29.873632 -0.004346 0.999982 0.000000 -0.351336 0.000000 0.000000 1.000000 0.000000
0.999972 0.004213 0.000000 30.498110 -0.004241 0.999981 0.000000 -0.357812 0.000000 0.000000 1.000000 0.000000
0.999955 0.004325 0.000000 31.129804 -0.004366 0.999979 0.000000 -0.364646 0.000000 0.000000 1.000000 0.000000
0.999965 0.005013 0.000000 31.763589 -0.005043 0.999977 0.000000 -0.372451 0.000000 0.000000 1.000000 0.000000
0.999976 0.005888 0.000000 32.402752 -0.005902 0.999974 0.000000 -0.381713 0.000000 0.000000 1.000000 0.000000
0.999972 0.007108 0.000000 33.035659 -0.007118 0.999964 0.000000 -0.392181 0.000000 0.000000 1.000000 0.000000
0.999970 0.007641 0.000000 33.676528 -0.007649 0.999958 0.000000 -0.402203 0.000000 0.000000 1.000000 0.000000
0.999960 0.008755 0.000000 34.310011 -0.008763 0.999951 0.000000 -0.414299 0.000000 0.000000 1.000000 0.000000
0.999961 0.008165 0.000000 34.945936 -0.008178 0.999959 0.000000 -0.422637 0.000000 0.000000 1.000000 0.000000
0.999954 0.008439 0.000000 35.572399 -0.008458 0.999956 0.000000 -0.433034 0.000000 0.000000 1.000000 0.000000
0.999949 0.009232 0.000000 36.206734 -0.009255 0.999942 0.000000 -0.443995 0.000000 0.000000 1.000000 0.000000
0.999946 0.008747 0.000000 36.851274 -0.008778 0.999947 0.000000 -0.451683 0.000000 0.000000 1.000000 0.000000
0.999945 0.009409 0.000000 37.505696 -0.009432 0.999944 0.000000 -0.462328 0.000000 0.000000 1.000000 0.000000
0.999952 0.009437 0.000000 38.109583 -0.009450 0.999944 0.000000 -0.474206 0.000000 0.000000 1.000000 0.000000
0.999947 0.009818 0.000000 38.755572 -0.009833 0.999939 0.000000 -0.486508 0.000000 0.000000 1.000000 0.000000
0.999949 0.009640 0.000000 39.387131 -0.009656 0.999938 0.000000 -0.494927 0.000000 0.000000 1.000000 0.000000
0.999914 0.010450 0.000000 40.043198 -0.010508 0.999919 0.000000 -0.505951 0.000000 0.000000 1.000000 0.000000
0.999780 0.010698 0.000000 40.687763 -0.010905 0.999875 0.000000 -0.517896 0.000000 0.000000 1.000000 0.000000
0.999485 0.010490 0.000000 41.320535 -0.010957 0.999823 0.000000 -0.529951 0.000000 0.000000 1.000000 0.000000
0.998967 0.011295 0.000000 41.959986 -0.012035 0.999790 0.000000 -0.542919 0.000000 0.000000 1.000000 0.000000
0.998699 0.011556 0.000000 42.596913 -0.012427 0.999774 0.000000 -0.555278 0.000000 0.000000 1.000000 0.000000
0.998896 0.012578 0.000000 43.242449 -0.013452 0.999728 0.000000 -0.569608 0.000000 0.000000 1.000000 0.000000
0.999304 0.013877 0.000000 43.896121 -0.014644 0.999651 0.000000 -0.583951 0.000000 0.000000 1.000000 0.000000
0.999573 0.014949 0.000000 44.556192 -0.015519 0.999623 0.000000 -0.598803 0.000000 0.000000 1.000000 0.000000
0.999644 0.015868 0.000000 45.172934 -0.016334 0.999629 0.000000 -0.612082 0.000000 0.000000 1.000000 0.000000
0.999601 0.015316 0.000000 45.822855 -0.015797 0.999670 0.000000 -0.627286 0.000000 0.000000 1.000000 0.000000
0.999530 0.015408 0.000000 46.466756 -0.015944 0.999670 0.000000 -0.644675 0.000000 0.000000 1.000000 0.000000
0.999533 0.015366 0.000000 47.112847 -0.015903 0.999668 0.000000 -0.659540 0.000000 0.000000 1.000000 0.000000
0.999555 0.015941 0.000000 47.759071 -0.016486 0.999631 0.000000 -0.675576 0.000000 0.000000 1.000000 0.000000
0.999586 0.016073 0.000000 48.401152 -0.016592 0.999627 0.000000 -0.691989 0.000000 0.000000 1.000000 0.000000
0.999605 0.015771 0.000000 49.024251 -0.016260 0.999647 0.000000 -0.706488 0.000000 0.000000 1.000000 0.000000
0.999582 0.015595 0.000000 49.678603 -0.016125 0.999635 0.000000 -0.722128 0.000000 0.000000 1.000000 0.000000
0.999550 0.015768 0.000000 50.338234 -0.016339 0.999617 0.000000 -0.736934 0.000000 0.000000 1.000000 0.000000
0.999532 0.015710 0.000000 51.010124 -0.016283 0.999631 0.000000 -0.753179 0.000000 0.000000 1.000000 0.000000
0.999510 0.015555 0.000000 51.677352 -0.016147 0.999634 0.000000 -0.768281 0.000000 0.000000 1.000000 0.000000
0.999542 0.014624 0.000000 52.344659 -0.015184 0.999662 0.000000 -0.781826 0.000000 0.000000 1.000000 0.000000
0.999624 0.013749 0.000000 53.395860 -0.014206 0.999715 0.000000 -0.804027 0.000000 0.000000 1.000000 0.000000
0.999703 0.013115 0.000000 54.110682 -0.013491 0.999742 0.000000 -0.818196 0.000000 0.000000 1.000000 0.000000
0.999732 0.012947 0.000000 54.775934 -0.013256 0.999783 0.000000 -0.829786 0.000000 0.000000 1.000000 0.000000
0.999763 0.011955 0.000000 55.454584 -0.012228 0.999813 0.000000 -0.839601 0.000000 0.000000 1.000000 0.000000
0.999728 0.011271 0.000000 56.130565 -0.011561 0.999833 0.000000 -0.849847 0.000000 0.000000 1.000000 0.000000
0.999673 0.010650 0.000000 56.806096 -0.010937 0.999865 0.000000 -0.859228 0.000000 0.000000 1.000000 0.000000
0.999691 0.010410 0.000000 57.474498 -0.010615 0.999903 0.000000 -0.869997 0.000000 0.000000 1.000000 0.000000
0.999801 0.009801 0.000000 58.120554 -0.009935 0.999922 0.000000 -0.877029 0.000000 0.000000 1.000000 0.000000
0.999892 0.010801 0.000000 59.478380 -0.010888 0.999902 0.000000 -0.898450 0.000000 0.000000 1.000000 0.000000
0.999801 0.012063 0.000000 60.150968 -0.012210 0.999883 0.000000 -0.911161 0.000000 0.000000 1.000000 0.000000
0.999592 0.012329 0.000000 60.806602 -0.012545 0.999887 0.000000 -0.922411 0.000000 0.000000 1.000000 0.000000
0.999299 0.013010 0.000000 61.460950 -0.013304 0.999878 0.000000 -0.934885 0.000000 0.000000 1.000000 0.000000
0.999106 0.013995 0.000000 62.110233 -0.014352 0.999859 0.000000 -0.948081 0.000000 0.000000 1.000000 0.000000
0.999106 0.014260 0.000000 62.788055 -0.014660 0.999845 0.000000 -0.960395 0.000000 0.000000 1.000000 0.000000
0.999187 0.015204 0.000000 63.422737 -0.015594 0.999827 0.000000 -0.972414 0.000000 0.000000 1.000000 0.000000
0.999284 0.015249 0.000000 64.025220 -0.015652 0.999812 0.000000 -0.985164 0.000000 0.000000 1.000000 0.000000
0.999329 0.015666 0.000000 64.660707 -0.016065 0.999801 0.000000 -0.999379 0.000000 0.000000 1.000000 0.000000
0.999334 0.016528 0.000000 65.248717 -0.016922 0.999786 0.000000 -1.014881 0.000000 0.000000 1.000000 0.000000
0.999343 0.017164 0.000000 65.871344 -0.017581 0.999763 0.000000 -1.030452 0.000000 0.000000 1.000000 0.000000
0.999384 0.017377 0.000000 66.485425 -0.017806 0.999746 0.000000 -1.044435 0.000000 0.000000 1.000000 0.000000
0.999411 0.017994 0.000000 67.066140 -0.018421 0.999726 0.000000 -1.058243 0.000000 0.000000 1.000000 0.000000
0.999420 0.017755 0.000000 67.687859 -0.018179 0.999731 0.000000 -1.071948 0.000000 0.000000 1.000000 0.000000
0.999413 0.017006 0.000000 68.298917 -0.017445 0.999742 0.000000 -1.084895 0.000000 0.000000 1.000000 0.000000
0.999367 0.017571 0.000000 68.865929 -0.018029 0.999731 0.000000 -1.098710 0.000000 0.000000 1.000000 0.000000
0.999352 0.017249 0.000000 69.486011 -0.017735 0.999728 0.000000 -1.112582 0.000000 0.000000 1.000000 0.000000
0.999330 0.017510 0.000000 70.067248 -0.018001 0.999725 0.000000 -1.127908 0.000000 0.000000 1.000000 0.000000
0.999321 0.018443 0.000000 70.685013 -0.018942 0.999702 0.000000 -1.143406 0.000000 0.000000 1.000000 0.000000
0.999356 0.017676 0.000000 71.312340 -0.018160 0.999718 0.000000 -1.156243 0.000000 0.000000 1.000000 0.000000
0.999371 0.017024 0.000000 72.180755 -0.017480 0.999743 0.000000 -1.176417 0.000000 0.000000 1.000000 0.000000
0.999335 0.017888 0.000000 72.779965 -0.018364 0.999722 0.000000 -1.192257 0.000000 0.000000 1.000000 0.000000
0.999309 0.017954 0.000000 73.393509 -0.018468 0.999709 0.000000 -1.206796 0.000000 0.000000 1.000000 0.000000
0.999313 0.017659 0.000000 73.995620 -0.018162 0.999719 0.000000 -1.220154 0.000000 0.000000 1.000000 0.000000
0.999313 0.017919 0.000000 74.594556 -0.018457 0.999696 0.000000 -1.235999 0.000000 0.000000 1.000000 0.000000
0.999355 0.018089 0.000000 75.200120 -0.018633 0.999676 0.000000 -1.253060 0.000000 0.000000 1.000000 0.000000
0.999392 0.018247 0.000000 75.837600 -0.018719 0.999702 0.000000 -1.271605 0.000000 0.000000 1.000000 0.000000
0.999397 0.018595 0.000000 76.428570 -0.019023 0.999715 0.000000 -1.287761 0.000000 0.000000 1.000000 0.000000
0.999395 0.019131 0.000000 77.015620 -0.019556 0.999705 0.000000 -1.304591 0.000000 0.000000 1.000000 0.000000
0.999334 0.019746 0.000000 78.192841 -0.020215 0.999683 0.000000 -1.335654 0.000000 0.000000 1.000000 0.000000
0.999363 0.019904 0.000000 78.790745 -0.020357 0.999679 0.000000 -1.351900 0.000000 0.000000 1.000000 0.000000
0.999402 0.019662 0.000000 79.376754 -0.020092 0.999687 0.000000 -1.368449 0.000000 0.000000 1.000000 0.000000
0.999412 0.019824 0.000000 79.947230 -0.020270 0.999671 0.000000 -1.383619 0.000000 0.000000 1.000000 0.000000
0.999405 0.020032 0.000000 80.518682 -0.020511 0.999647 0.000000 -1.398417 0.000000 0.000000 1.000000 0.000000
0.999380 0.020730 0.000000 81.093169 -0.021231 0.999623 0.000000 -1.414932 0.000000 0.000000 1.000000 0.000000
0.999333 0.021351 0.000000 81.665071 -0.021886 0.999601 0.000000 -1.430459 0.000000 0.000000 1.000000 0.000000
0.999352 0.020425 0.000000 82.238624 -0.020981 0.999607 0.000000 -1.440714 0.000000 0.000000 1.000000 0.000000
0.999330 0.020330 0.000000 82.794824 -0.020900 0.999610 0.000000 -1.454538 0.000000 0.000000 1.000000 0.000000
0.999313 0.020804 0.000000 83.334085 -0.021392 0.999591 0.000000 -1.470613 0.000000 0.000000 1.000000 0.000000
0.999305 0.021139 0.000000 83.883717 -0.021740 0.999576 0.000000 -1.486496 0.000000 0.000000 1.000000 0.000000
0.999282 0.022286 0.000000 84.429678 -0.022864 0.999565 0.000000 -1.504712 0.000000 0.000000 1.000000 0.000000
0.999275 0.023024 0.000000 84.984244 -0.023575 0.999561 0.000000 -1.521596 0.000000 0.000000 1.000000 0.000000
0.999277 0.024115 0.000000 85.501402 -0.024621 0.999552 0.000000 -1.538215 0.000000 0.000000 1.000000 0.000000
0.999276 0.025164 0.000000 86.047630 -0.025635 0.999539 0.000000 -1.556017 0.000000 0.000000 1.000000 0.000000
0.999285 0.026223 0.000000 86.575696 -0.026672 0.999512 0.000000 -1.572026 0.000000 0.000000 1.000000 0.000000
0.999313 0.027086 0.000000 87.097996 -0.027514 0.999481 0.000000 -1.589124 0.000000 0.000000 1.000000 0.000000
0.999329 0.027474 0.000000 87.642616 -0.027898 0.999461 0.000000 -1.605563 0.000000 0.000000 1.000000 0.000000
0.999311 0.028275 0.000000 88.157501 -0.028690 0.999442 0.000000 -1.623371 0.000000 0.000000 1.000000 0.000000
0.999294 0.029011 0.000000 88.645244 -0.029411 0.999430 0.000000 -1.640780 0.000000 0.000000 1.000000 0.000000
0.999289 0.029487 0.000000 89.171398 -0.029878 0.999418 0.000000 -1.659580 0.000000 0.000000 1.000000 0.000000
0.999255 0.029835 0.000000 89.692180 -0.030265 0.999391 0.000000 -1.677334 0.000000 0.000000 1.000000 0.000000
0.999193 0.030926 0.000000 90.185977 -0.031378 0.999355 0.000000 -1.694331 0.000000 0.000000 1.000000 0.000000
0.999110 0.032725 0.000000 90.736831 -0.033175 0.999311 0.000000 -1.717287 0.000000 0.000000 1.000000 0.000000
0.999053 0.034288 0.000000 91.279152 -0.034739 0.999259 0.000000 -1.739338 0.000000 0.000000 1.000000 0.000000
0.999040 0.035155 0.000000 91.770558 -0.035592 0.999231 0.000000 -1.759926 0.000000 0.000000 1.000000 0.000000
0.998988 0.037311 0.000000 92.287828 -0.037738 0.999147 0.000000 -1.782549 0.000000 0.000000 1.000000 0.000000
0.998930 0.038768 0.000000 92.769017 -0.039176 0.999106 0.000000 -1.802835 0.000000 0.000000 1.000000 0.000000
0.998826 0.040410 0.000000 93.273504 -0.040781 0.999077 0.000000 -1.825120 0.000000 0.000000 1.000000 0.000000
0.998690 0.042482 0.000000 93.952120 -0.042830 0.999014 0.000000 -1.856716 0.000000 0.000000 1.000000 0.000000
0.998624 0.043945 0.000000 94.461643 -0.044236 0.998975 0.000000 -1.879672 0.000000 0.000000 1.000000 0.000000
0.998580 0.045866 0.000000 94.954875 -0.046120 0.998897 0.000000 -1.904540 0.000000 0.000000 1.000000 0.000000
0.998496 0.048496 0.000000 95.452751 -0.048726 0.998777 0.000000 -1.932488 0.000000 0.000000 1.000000 0.000000
0.998377 0.050479 0.000000 95.952523 -0.050728 0.998673 0.000000 -1.959718 0.000000 0.000000 1.000000 0.000000
0.998231 0.052162 0.000000 96.440356 -0.052446 0.998581 0.000000 -1.987824 0.000000 0.000000 1.000000 0.000000
0.998037 0.053799 0.000000 96.916325 -0.054110 0.998495 0.000000 -2.015112 0.000000 0.000000 1.000000 0.000000
0.997712 0.057362 0.000000 97.867248 -0.057708 0.998296 0.000000 -2.073938 0.000000 0.000000 1.000000 0.000000
0.997636 0.058672 0.000000 98.335788 -0.059030 0.998215 0.000000 -2.104011 0.000000 0.000000 1.000000 0.000000
0.997464 0.061188 0.000000 98.802837 -0.061567 0.998059 0.000000 -2.136104 0.000000 0.000000 1.000000 0.000000
0.997269 0.063912 0.000000 99.272325 -0.064305 0.997885 0.000000 -2.167333 0.000000 0.000000 1.000000 0.000000
0.997030 0.066982 0.000000 99.746158 -0.067426 0.997669 0.000000 -2.200146 0.000000 0.000000 1.000000 0.000000
0.996747 0.070079 0.000000 100.219529 -0.070513 0.997465 0.000000 -2.234579 0.000000 0.000000 1.000000 0.000000
0.996473 0.072843 0.000000 100.701890 -0.073298 0.997265 0.000000 -2.270920 0.000000 0.000000 1.000000 0.000000
0.996160 0.076027 0.000000 101.172654 -0.076543 0.997013 0.000000 -2.309058 0.000000 0.000000 1.000000 0.000000
0.995801 0.079065 0.000000 101.642676 -0.079575 0.996785 0.000000 -2.348410 0.000000 0.000000 1.000000 0.000000
0.995441 0.082492 0.000000 102.091684 -0.083030 0.996503 0.000000 -2.388151 0.000000 0.000000 1.000000 0.000000
0.995197 0.084692 0.000000 102.522712 -0.085268 0.996310 0.000000 -2.426969 0.000000 0.000000 1.000000 0.000000
0.994863 0.087435 0.000000 102.978190 -0.088077 0.996059 0.000000 -2.468146 0.000000 0.000000 1.000000 0.000000
0.994375 0.090530 0.000000 103.434274 -0.091342 0.995742 0.000000 -2.512587 0.000000 0.000000 1.000000 0.000000
0.993836 0.093518 0.000000 103.885104 -0.094364 0.995471 0.000000 -2.556334 0.000000 0.000000 1.000000 0.000000
0.993256 0.097467 0.000000 104.316796 -0.098236 0.995120 0.000000 -2.601553 0.000000 0.000000 1.000000 0.000000
0.992724 0.100951 0.000000 104.750511 -0.101787 0.994761 0.000000 -2.646954 0.000000 0.000000 1.000000 0.000000
0.992192 0.104970 0.000000 105.192952 -0.105922 0.994317 0.000000 -2.694676 0.000000 0.000000 1.000000 0.000000
0.991525 0.109798 0.000000 105.621786 -0.110937 0.993746 0.000000 -2.741805 0.000000 0.000000 1.000000 0.000000
0.990836 0.115664 0.000000 106.048024 -0.116965 0.993025 0.000000 -2.790291 0.000000 0.000000 1.000000 0.000000
0.990200 0.121794 0.000000 106.470834 -0.123020 0.992305 0.000000 -2.842361 0.000000 0.000000 1.000000 0.000000
0.989559 0.126456 0.000000 106.868256 -0.127691 0.991719 0.000000 -2.894491 0.000000 0.000000 1.000000 0.000000
0.988997 0.130885 0.000000 107.283119 -0.132001 0.991179 0.000000 -2.950857 0.000000 0.000000 1.000000 0.000000
0.988543 0.135009 0.000000 107.676627 -0.136053 0.990639 0.000000 -3.006826 0.000000 0.000000 1.000000 0.000000
0.988102 0.139191 0.000000 108.087821 -0.140322 0.990021 0.000000 -3.068555 0.000000 0.000000 1.000000 0.000000
0.987944 0.141775 0.000000 108.481477 -0.142912 0.989633 0.000000 -3.126650 0.000000 0.000000 1.000000 0.000000
0.987824 0.144684 0.000000 108.847684 -0.145779 0.989197 0.000000 -3.182577 0.000000 0.000000 1.000000 0.000000
0.987665 0.148059 0.000000 109.241669 -0.148999 0.988721 0.000000 -3.246698 0.000000 0.000000 1.000000 0.000000
0.987443 0.151483 0.000000 109.639458 -0.152267 0.988232 0.000000 -3.309793 0.000000 0.000000 1.000000 0.000000
0.987070 0.155489 0.000000 110.183554 -0.156021 0.987692 0.000000 -3.398134 0.000000 0.000000 1.000000 0.000000
0.986776 0.158056 0.000000 110.597113 -0.158330 0.987374 0.000000 -3.466615 0.000000 0.000000 1.000000 0.000000
0.986338 0.160834 0.000000 111.005411 -0.160994 0.986954 0.000000 -3.537022 0.000000 0.000000 1.000000 0.000000
0.985725 0.163799 0.000000 111.405932 -0.163961 0.986466 0.000000 -3.606126 0.000000 0.000000 1.000000 0.000000
0.985206 0.166407 0.000000 111.807039 -0.166525 0.986037 0.000000 -3.677403 0.000000 0.000000 1.000000 0.000000
0.984897 0.167791 0.000000 112.211599 -0.167941 0.985797 0.000000 -3.749353 0.000000 0.000000 1.000000 0.000000
0.984646 0.169383 0.000000 112.615714 -0.169565 0.985519 0.000000 -3.823740 0.000000 0.000000 1.000000 0.000000
0.984622 0.169970 0.000000 113.038953 -0.170101 0.985427 0.000000 -3.899002 0.000000 0.000000 1.000000 0.000000
0.984556 0.170971 0.000000 113.777716 -0.171001 0.985268 0.000000 -4.035359 0.000000 0.000000 1.000000 0.000000
0.984474 0.171718 0.000000 114.206520 -0.171711 0.985142 0.000000 -4.116250 0.000000 0.000000 1.000000 0.000000
0.984384 0.172384 0.000000 114.646842 -0.172397 0.985024 0.000000 -4.196901 0.000000 0.000000 1.000000 0.000000
0.984113 0.173906 0.000000 115.080787 -0.174014 0.984743 0.000000 -4.278270 0.000000 0.000000 1.000000 0.000000
0.983893 0.175076 0.000000 115.512331 -0.175272 0.984517 0.000000 -4.359656 0.000000 0.000000 1.000000 0.000000
0.983805 0.175719 0.000000 115.948678 -0.175955 0.984392 0.000000 -4.441008 0.000000 0.000000 1.000000 0.000000
0.983840 0.175901 0.000000 116.390448 -0.176139 0.984356 0.000000 -4.523242 0.000000 0.000000 1.000000 0.000000
0.983723 0.176927 0.000000 116.835659 -0.177147 0.984175 0.000000 -4.605604 0.000000 0.000000 1.000000 0.000000
0.983521 0.178412 0.000000 117.276123 -0.178613 0.983910 0.000000 -4.688108 0.000000 0.000000 1.000000 0.000000
0.983272 0.180169 0.000000 117.723518 -0.180352 0.983591 0.000000 -4.773323 0.000000 0.000000 1.000000 0.000000
0.983036 0.181758 0.000000 118.174774 -0.181975 0.983279 0.000000 -4.857757 0.000000 0.000000 1.000000 0.000000
0.982785 0.183757 0.000000 119.003261 -0.183983 0.982870 0.000000 -5.015491 0.000000 0.000000 1.000000 0.000000
0.982456 0.185709 0.000000 119.451062 -0.185900 0.982514 0.000000 -5.105038 0.000000 0.000000 1.000000 0.000000
0.982167 0.187350 0.000000 119.897361 -0.187522 0.982207 0.000000 -5.193030 0.000000 0.000000 1.000000 0.000000
0.981846 0.189211 0.000000 120.355428 -0.189368 0.981835 0.000000 -5.285471 0.000000 0.000000 1.000000 0.000000
0.981467 0.191293 0.000000 120.812481 -0.191451 0.981388 0.000000 -5.379268 0.000000 0.000000 1.000000 0.000000
0.981011 0.193689 0.000000 121.270990 -0.193846 0.980868 0.000000 -5.472029 0.000000 0.000000 1.000000 0.000000
0.980827 0.194723 0.000000 121.728202 -0.194843 0.980631 0.000000 -5.568498 0.000000 0.000000 1.000000 0.000000
0.980605 0.195887 0.000000 122.190252 -0.195978 0.980402 0.000000 -5.666707 0.000000 0.000000 1.000000 0.000000
0.980432 0.196750 0.000000 122.692532 -0.196845 0.980215 0.000000 -5.773207 0.000000 0.000000 1.000000 0.000000
0.980108 0.198346 0.000000 123.129604 -0.198448 0.979889 0.000000 -5.867128 0.000000 0.000000 1.000000 0.000000
0.979573 0.200953 0.000000 123.625196 -0.201067 0.979351 0.000000 -5.975061 0.000000 0.000000 1.000000 0.000000
0.979311 0.202191 0.000000 124.089496 -0.202328 0.979068 0.000000 -6.076912 0.000000 0.000000 1.000000 0.000000
0.979168 0.202894 0.000000 124.564991 -0.203030 0.978886 0.000000 -6.178830 0.000000 0.000000 1.000000 0.000000
0.978894 0.204247 0.000000 125.039062 -0.204364 0.978545 0.000000 -6.283422 0.000000 0.000000 1.000000 0.000000
0.979092 0.203321 0.000000 125.517022 -0.203419 0.978713 0.000000 -6.376887 0.000000 0.000000 1.000000 0.000000
0.978927 0.204133 0.000000 125.989350 -0.204212 0.978517 0.000000 -6.478809 0.000000 0.000000 1.000000 0.000000
0.978813 0.204674 0.000000 126.457403 -0.204758 0.978410 0.000000 -6.576771 0.000000 0.000000 1.000000 0.000000
0.978596 0.205693 0.000000 126.931317 -0.205787 0.978257 0.000000 -6.678827 0.000000 0.000000 1.000000 0.000000
0.978342 0.206864 0.000000 127.384287 -0.206980 0.978066 0.000000 -6.779168 0.000000 0.000000 1.000000 0.000000
0.978050 0.208196 0.000000 127.854131 -0.208332 0.977844 0.000000 -6.882528 0.000000 0.000000 1.000000 0.000000
0.977613 0.210192 0.000000 128.334970 -0.210347 0.977420 0.000000 -6.989915 0.000000 0.000000 1.000000 0.000000
0.977231 0.212054 0.000000 129.131861 -0.212171 0.976901 0.000000 -7.169277 0.000000 0.000000 1.000000 0.000000
0.977227 0.212136 0.000000 129.616245 -0.212195 0.976866 0.000000 -7.276461 0.000000 0.000000 1.000000 0.000000
0.977197 0.212281 0.000000 130.600765 -0.212336 0.976981 0.000000 -7.495262 0.000000 0.000000 1.000000 0.000000
0.977013 0.213096 0.000000 131.089941 -0.213168 0.976863 0.000000 -7.604760 0.000000 0.000000 1.000000 0.000000
0.976674 0.214541 0.000000 131.591149 -0.214665 0.976546 0.000000 -7.718158 0.000000 0.000000 1.000000 0.000000
0.976319 0.216029 0.000000 132.090374 -0.216218 0.976160 0.000000 -7.830664 0.000000 0.000000 1.000000 0.000000
0.976161 0.216698 0.000000 132.586571 -0.216917 0.975972 0.000000 -7.941861 0.000000 0.000000 1.000000 0.000000
0.976131 0.216845 0.000000 133.079256 -0.217044 0.975982 0.000000 -8.052140 0.000000 0.000000 1.000000 0.000000
0.976012 0.217327 0.000000 133.620626 -0.217525 0.975918 0.000000 -8.176068 0.000000 0.000000 1.000000 0.000000
0.975868 0.217934 0.000000 134.105660 -0.218119 0.975822 0.000000 -8.288836 0.000000 0.000000 1.000000 0.000000
0.975291 0.220498 0.000000 134.620280 -0.220678 0.975255 0.000000 -8.410092 0.000000 0.000000 1.000000 0.000000
0.974981 0.221962 0.000000 135.142127 -0.222123 0.974915 0.000000 -8.535281 0.000000 0.000000 1.000000 0.000000
0.974637 0.223563 0.000000 135.616454 -0.223700 0.974538 0.000000 -8.653787 0.000000 0.000000 1.000000 0.000000
0.974560 0.223951 0.000000 136.128497 -0.224071 0.974436 0.000000 -8.777356 0.000000 0.000000 1.000000 0.000000
0.974383 0.224740 0.000000 136.649573 -0.224855 0.974243 0.000000 -8.902259 0.000000 0.000000 1.000000 0.000000
0.974460 0.224432 0.000000 137.132029 -0.224532 0.974318 0.000000 -9.014447 0.000000 0.000000 1.000000 0.000000
0.974317 0.225071 0.000000 137.657901 -0.225161 0.974168 0.000000 -9.138770 0.000000 0.000000 1.000000 0.000000
0.974166 0.225717 0.000000 138.190392 -0.225812 0.974008 0.000000 -9.266792 0.000000 0.000000 1.000000 0.000000
0.973820 0.227205 0.000000 138.808187 -0.227301 0.973651 0.000000 -9.416438 0.000000 0.000000 1.000000 0.000000
0.973670 0.227839 0.000000 139.370168 -0.227941 0.973499 0.000000 -9.550656 0.000000 0.000000 1.000000 0.000000
0.973440 0.228816 0.000000 139.868937 -0.228918 0.973280 0.000000 -9.670977 0.000000 0.000000 1.000000 0.000000
0.972888 0.231149 0.000000 140.399429 -0.231251 0.972742 0.000000 -9.803075 0.000000 0.000000 1.000000 0.000000
0.972079 0.234529 0.000000 140.928962 -0.234628 0.971939 0.000000 -9.936501 0.000000 0.000000 1.000000 0.000000
0.971256 0.237930 0.000000 141.464169 -0.238016 0.971136 0.000000 -10.072606 0.000000 0.000000 1.000000 0.000000
0.968041 0.250788 0.000000 145.326477 -0.250786 0.967945 0.000000 -11.095722 0.000000 0.000000 1.000000 0.000000
0.967923 0.251248 0.000000 145.848431 -0.251233 0.967825 0.000000 -11.235592 0.000000 0.000000 1.000000 0.000000
0.967673 0.252209 0.000000 147.010662 -0.252197 0.967612 0.000000 -11.550813 0.000000 0.000000 1.000000 0.000000
0.967810 0.251681 0.000000 148.131287 -0.251673 0.967782 0.000000 -11.851300 0.000000 0.000000 1.000000 0.000000
0.967794 0.251744 0.000000 148.697435 -0.251736 0.967773 0.000000 -12.004138 0.000000 0.000000 1.000000 0.000000
0.967960 0.251100 0.000000 149.259268 -0.251089 0.967947 0.000000 -12.153862 0.000000 0.000000 1.000000 0.000000
0.968074 0.250651 0.000000 149.824839 -0.250641 0.968073 0.000000 -12.305073 0.000000 0.000000 1.000000 0.000000
0.968278 0.249865 0.000000 150.382821 -0.249863 0.968280 0.000000 -12.456260 0.000000 0.000000 1.000000 0.000000
0.968410 0.249356 0.000000 150.943441 -0.249357 0.968411 0.000000 -12.608408 0.000000 0.000000 1.000000 0.000000
0.968451 0.249199 0.000000 151.515684 -0.249202 0.968448 0.000000 -12.763017 0.000000 0.000000 1.000000 0.000000
0.968532 0.248887 0.000000 152.082694 -0.248891 0.968524 0.000000 -12.915265 0.000000 0.000000 1.000000 0.000000
0.968791 0.247878 0.000000 152.650854 -0.247880 0.968781 0.000000 -13.067602 0.000000 0.000000 1.000000 0.000000
0.969238 0.246116 0.000000 153.561144 -0.246124 0.969222 0.000000 -13.314358 0.000000 0.000000 1.000000 0.000000
0.969479 0.245173 0.000000 154.148647 -0.245175 0.969449 0.000000 -13.473379 0.000000 0.000000 1.000000 0.000000
0.969818 0.243827 0.000000 154.719430 -0.243828 0.969785 0.000000 -13.625859 0.000000 0.000000 1.000000 0.000000
0.970213 0.242251 0.000000 155.305953 -0.242254 0.970186 0.000000 -13.776300 0.000000 0.000000 1.000000 0.000000
0.970412 0.241439 0.000000 155.932001 -0.241452 0.970394 0.000000 -13.941050 0.000000 0.000000 1.000000 0.000000
0.970787 0.239891 0.000000 156.458867 -0.239914 0.970782 0.000000 -14.077801 0.000000 0.000000 1.000000 0.000000
0.971038 0.238875 0.000000 157.069142 -0.238897 0.971035 0.000000 -14.237029 0.000000 0.000000 1.000000 0.000000
0.971270 0.237951 0.000000 157.640516 -0.237966 0.971265 0.000000 -14.386031 0.000000 0.000000 1.000000 0.000000
0.971489 0.237073 0.000000 158.209337 -0.237081 0.971481 0.000000 -14.535817 0.000000 0.000000 1.000000 0.000000
0.971715 0.236149 0.000000 158.776314 -0.236156 0.971705 0.000000 -14.680369 0.000000 0.000000 1.000000 0.000000
0.971786 0.235839 0.000000 159.343707 -0.235853 0.971778 0.000000 -14.826634 0.000000 0.000000 1.000000 0.000000
0.971951 0.235121 0.000000 159.908714 -0.235146 0.971948 0.000000 -14.970977 0.000000 0.000000 1.000000 0.000000
0.971987 0.234906 0.000000 160.481369 -0.234948 0.971995 0.000000 -15.118481 0.000000 0.000000 1.000000 0.000000
0.971897 0.235196 0.000000 161.048709 -0.235262 0.971913 0.000000 -15.267803 0.000000 0.000000 1.000000 0.000000
0.972082 0.234363 0.000000 161.614940 -0.234438 0.972114 0.000000 -15.413298 0.000000 0.000000 1.000000 0.000000
0.972266 0.233593 0.000000 162.166746 -0.233663 0.972304 0.000000 -15.555319 0.000000 0.000000 1.000000 0.000000
0.972607 0.232141 0.000000 163.259171 -0.232178 0.972672 0.000000 -15.830889 0.000000 0.000000 1.000000 0.000000
0.972840 0.231166 0.000000 163.827435 -0.231184 0.972910 0.000000 -15.971187 0.000000 0.000000 1.000000 0.000000
0.972905 0.230893 0.000000 164.359691 -0.230897 0.972978 0.000000 -16.104154 0.000000 0.000000 1.000000 0.000000
0.972985 0.230603 0.000000 164.944061 -0.230606 0.973047 0.000000 -16.250350 0.000000 0.000000 1.000000 0.000000
0.972973 0.230724 0.000000 165.499273 -0.230724 0.973019 0.000000 -16.387559 0.000000 0.000000 1.000000 0.000000
0.972984 0.230825 0.000000 166.596491 -0.230815 0.972994 0.000000 -16.653598 0.000000 0.000000 1.000000 0.000000
0.972981 0.230827 0.000000 167.154886 -0.230823 0.972995 0.000000 -16.788729 0.000000 0.000000 1.000000 0.000000
0.973123 0.230223 0.000000 167.695188 -0.230217 0.973138 0.000000 -16.922856 0.000000 0.000000 1.000000 0.000000
0.973244 0.229727 0.000000 168.262167 -0.229712 0.973253 0.000000 -17.061622 0.000000 0.000000 1.000000 0.000000
0.973367 0.229190 0.000000 168.829912 -0.229168 0.973377 0.000000 -17.200402 0.000000 0.000000 1.000000 0.000000
0.973379 0.229139 0.000000 169.360117 -0.229126 0.973392 0.000000 -17.325900 0.000000 0.000000 1.000000 0.000000
0.973552 0.228416 0.000000 170.126544 -0.228399 0.973560 0.000000 -17.508390 0.000000 0.000000 1.000000 0.000000
0.973671 0.227913 0.000000 170.695719 -0.227900 0.973680 0.000000 -17.644769 0.000000 0.000000 1.000000 0.000000
0.973524 0.228539 0.000000 171.269069 -0.228529 0.973533 0.000000 -17.785573 0.000000 0.000000 1.000000 0.000000
0.973497 0.228658 0.000000 171.881182 -0.228645 0.973505 0.000000 -17.937917 0.000000 0.000000 1.000000 0.000000
0.973406 0.229046 0.000000 172.416780 -0.229038 0.973415 0.000000 -18.071477 0.000000 0.000000 1.000000 0.000000
0.973494 0.228650 0.000000 173.030157 -0.228653 0.973508 0.000000 -18.224261 0.000000 0.000000 1.000000 0.000000
0.973587 0.228246 0.000000 173.602134 -0.228253 0.973602 0.000000 -18.364681 0.000000 0.000000 1.000000 0.000000
0.973697 0.227785 0.000000 174.169136 -0.227792 0.973709 0.000000 -18.504675 0.000000 0.000000 1.000000 0.000000
0.973649 0.228003 0.000000 174.744107 -0.228010 0.973658 0.000000 -18.647387 0.000000 0.000000 1.000000 0.000000
0.973681 0.227866 0.000000 175.302643 -0.227871 0.973691 0.000000 -18.787265 0.000000 0.000000 1.000000 0.000000
0.973731 0.227656 0.000000 175.873123 -0.227656 0.973741 0.000000 -18.929296 0.000000 0.000000 1.000000 0.000000
0.973862 0.227116 0.000000 176.442541 -0.227115 0.973868 0.000000 -19.067062 0.000000 0.000000 1.000000 0.000000
0.973920 0.226881 0.000000 177.022615 -0.226880 0.973923 0.000000 -19.208206 0.000000 0.000000 1.000000 0.000000
0.974044 0.226353 0.000000 177.599246 -0.226352 0.974045 0.000000 -19.346330 0.000000 0.000000 1.000000 0.000000
0.974108 0.226082 0.000000 178.175944 -0.226079 0.974106 0.000000 -19.488001 0.000000 0.000000 1.000000 0.000000
0.974188 0.225736 0.000000 178.753775 -0.225732 0.974183 0.000000 -19.628941 0.000000 0.000000 1.000000 0.000000
0.974243 0.225498 0.000000 179.329471 -0.225487 0.974232 0.000000 -19.769620 0.000000 0.000000 1.000000 0.000000
0.974264 0.225402 0.000000 179.878833 -0.225386 0.974250 0.000000 -19.903417 0.000000 0.000000 1.000000 0.000000
0.974339 0.225077 0.000000 180.505149 -0.225060 0.974321 0.000000 -20.053287 0.000000 0.000000 1.000000 0.000000
0.974397 0.224829 0.000000 181.038183 -0.224817 0.974382 0.000000 -20.181162 0.000000 0.000000 1.000000 0.000000
0.974485 0.224451 0.000000 181.609078 -0.224443 0.974472 0.000000 -20.322012 0.000000 0.000000 1.000000 0.000000
0.974267 0.225397 0.000000 182.201773 -0.225393 0.974256 0.000000 -20.469502 0.000000 0.000000 1.000000 0.000000
0.974224 0.225581 0.000000 182.781415 -0.225578 0.974216 0.000000 -20.613902 0.000000 0.000000 1.000000 0.000000
0.974268 0.225392 0.000000 183.366199 -0.225389 0.974264 0.000000 -20.755887 0.000000 0.000000 1.000000 0.000000
0.974325 0.225143 0.000000 183.948888 -0.225140 0.974324 0.000000 -20.899658 0.000000 0.000000 1.000000 0.000000
0.974533 0.224242 0.000000 184.529308 -0.224241 0.974533 0.000000 -21.038967 0.000000 0.000000 1.000000 0.000000
0.974555 0.224148 0.000000 185.103212 -0.224147 0.974555 0.000000 -21.177142 0.000000 0.000000 1.000000 0.000000
0.974741 0.223335 0.000000 185.689439 -0.223333 0.974740 0.000000 -21.314515 0.000000 0.000000 1.000000 0.000000
0.974828 0.222957 0.000000 186.268921 -0.222956 0.974827 0.000000 -21.450321 0.000000 0.000000 1.000000 0.000000
0.974871 0.222770 0.000000 186.837125 -0.222769 0.974870 0.000000 -21.587345 0.000000 0.000000 1.000000 0.000000
0.974881 0.222724 0.000000 187.409029 -0.222726 0.974879 0.000000 -21.726702 0.000000 0.000000 1.000000 0.000000
0.974880 0.222712 0.000000 187.982999 -0.222722 0.974876 0.000000 -21.865530 0.000000 0.000000 1.000000 0.000000
0.974814 0.222987 0.000000 188.527573 -0.223002 0.974810 0.000000 -21.997423 0.000000 0.000000 1.000000 0.000000
0.975011 0.222122 0.000000 189.091780 -0.222137 0.975008 0.000000 -22.130891 0.000000 0.000000 1.000000 0.000000
0.975102 0.221733 0.000000 189.664833 -0.221745 0.975096 0.000000 -22.267443 0.000000 0.000000 1.000000 0.000000
0.975018 0.222119 0.000000 190.220967 -0.222125 0.975004 0.000000 -22.401415 0.000000 0.000000 1.000000 0.000000
0.974924 0.222539 0.000000 190.785230 -0.222537 0.974903 0.000000 -22.540913 0.000000 0.000000 1.000000 0.000000
0.974976 0.222308 0.000000 191.361255 -0.222294 0.974943 0.000000 -22.678667 0.000000 0.000000 1.000000 0.000000
0.975185 0.221385 0.000000 191.907111 -0.221363 0.975145 0.000000 -22.806032 0.000000 0.000000 1.000000 0.000000
0.975162 0.221490 0.000000 192.475732 -0.221468 0.975112 0.000000 -22.942011 0.000000 0.000000 1.000000 0.000000
0.975214 0.221262 0.000000 193.056272 -0.221249 0.975158 0.000000 -23.078917 0.000000 0.000000 1.000000 0.000000
0.975317 0.220809 0.000000 193.597627 -0.220802 0.975250 0.000000 -23.207948 0.000000 0.000000 1.000000 0.000000
0.975276 0.220992 0.000000 194.160702 -0.220969 0.975189 0.000000 -23.342283 0.000000 0.000000 1.000000 0.000000
0.975234 0.221149 0.000000 194.731570 -0.221077 0.975147 0.000000 -23.478739 0.000000 0.000000 1.000000 0.000000
0.975458 0.220097 0.000000 195.563124 -0.220001 0.975410 0.000000 -23.672336 0.000000 0.000000 1.000000 0.000000
0.975646 0.219274 0.000000 196.121633 -0.219206 0.975622 0.000000 -23.801897 0.000000 0.000000 1.000000 0.000000
0.975462 0.220161 0.000000 196.691024 -0.220144 0.975442 0.000000 -23.938162 0.000000 0.000000 1.000000 0.000000
0.975207 0.221274 0.000000 197.255635 -0.221284 0.975202 0.000000 -24.072932 0.000000 0.000000 1.000000 0.000000
0.975222 0.221167 0.000000 197.826854 -0.221179 0.975232 0.000000 -24.207690 0.000000 0.000000 1.000000 0.000000
0.975396 0.220441 0.000000 198.408551 -0.220444 0.975399 0.000000 -24.345092 0.000000 0.000000 1.000000 0.000000
0.975520 0.219908 0.000000 198.978622 -0.219907 0.975521 0.000000 -24.479898 0.000000 0.000000 1.000000 0.000000
0.975650 0.219270 0.000000 199.566453 -0.219269 0.975664 0.000000 -24.621254 0.000000 0.000000 1.000000 0.000000
0.975681 0.219103 0.000000 200.066307 -0.219088 0.975700 0.000000 -24.738252 0.000000 0.000000 1.000000 0.000000
0.975861 0.218328 0.000000 201.047845 -0.218287 0.975858 0.000000 -24.967015 0.000000 0.000000 1.000000 0.000000
0.975981 0.217796 0.000000 201.605549 -0.217743 0.975962 0.000000 -25.097273 0.000000 0.000000 1.000000 0.000000
0.976051 0.217472 0.000000 202.333773 -0.217391 0.976005 0.000000 -25.266004 0.000000 0.000000 1.000000 0.000000
0.976122 0.217098 0.000000 203.074408 -0.216965 0.976054 0.000000 -25.438572 0.000000 0.000000 1.000000 0.000000
0.975910 0.218023 0.000000 204.069603 -0.217861 0.975826 0.000000 -25.670522 0.000000 0.000000 1.000000 0.000000
0.975916 0.218020 0.000000 204.636750 -0.217851 0.975800 0.000000 -25.800660 0.000000 0.000000 1.000000 0.000000
0.975857 0.218341 0.000000 205.216347 -0.218193 0.975696 0.000000 -25.936818 0.000000 0.000000 1.000000 0.000000
0.975872 0.218303 0.000000 205.766973 -0.218170 0.975682 0.000000 -26.065269 0.000000 0.000000 1.000000 0.000000
0.975878 0.218298 0.000000 206.291747 -0.218191 0.975684 0.000000 -26.186311 0.000000 0.000000 1.000000 0.000000
0.975943 0.218013 0.000000 206.864547 -0.217915 0.975736 0.000000 -26.318037 0.000000 0.000000 1.000000 0.000000
0.975976 0.217875 0.000000 207.423037 -0.217796 0.975753 0.000000 -26.446642 0.000000 0.000000 1.000000 0.000000
0.975692 0.219145 0.000000 208.216125 -0.219106 0.975461 0.000000 -26.632816 0.000000 0.000000 1.000000 0.000000
0.975587 0.219599 0.000000 208.774658 -0.219596 0.975340 0.000000 -26.766634 0.000000 0.000000 1.000000 0.000000
0.975664 0.219251 0.000000 209.336546 -0.219265 0.975414 0.000000 -26.895805 0.000000 0.000000 1.000000 0.000000
0.975693 0.219121 0.000000 209.904596 -0.219130 0.975444 0.000000 -27.027537 0.000000 0.000000 1.000000 0.000000
0.975776 0.218759 0.000000 210.510599 -0.218762 0.975529 0.000000 -27.168339 0.000000 0.000000 1.000000 0.000000
0.975783 0.218728 0.000000 211.036524 -0.218722 0.975523 0.000000 -27.289741 0.000000 0.000000 1.000000 0.000000
0.975674 0.219222 0.000000 211.628951 -0.219200 0.975407 0.000000 -27.425798 0.000000 0.000000 1.000000 0.000000
0.975692 0.219145 0.000000 212.165185 -0.219112 0.975439 0.000000 -27.549521 0.000000 0.000000 1.000000 0.000000
