0.999997 0.002245 0.000000 0.580571 -0.002245 0.999997 0.000000 -0.006832 0.000000 0.000000 1.000000 0.000000
0.999998 0.001856 0.000000 1.128059 -0.001856 0.999998 0.000000 -0.014190 0.000000 0.000000 1.000000 0.000000
0.999997 0.002331 0.000000 1.707327 -0.002331 0.999997 0.000000 -0.023880 0.000000 0.000000 1.000000 0.000000
0.999999 0.001660 0.000000 2.292729 -0.001660 0.999999 0.000000 -0.034154 0.000000 0.000000 1.000000 0.000000
0.999985 0.005439 0.000000 2.838861 -0.005439 0.999985 0.000000 -0.046670 0.000000 0.000000 1.000000 0.000000
0.999951 0.009913 0.000000 3.425024 -0.009913 0.999951 0.000000 -0.049799 0.000000 0.000000 1.000000 0.000000
0.999879 0.015534 0.000000 4.562416 -0.015534 0.999879 0.000000 -0.079478 0.000000 0.000000 1.000000 0.000000
0.999889 0.014879 0.000000 5.151661 -0.014879 0.999889 0.000000 -0.091375 0.000000 0.000000 1.000000 0.000000
0.999865 0.016424 0.000000 5.956652 -0.016424 0.999865 0.000000 -0.117398 0.000000 0.000000 1.000000 0.000000
0.999863 0.016565 0.000000 6.531177 -0.016565 0.999863 0.000000 -0.120141 0.000000 0.000000 1.000000 0.000000
0.999848 0.017445 0.000000 7.117714 -0.017445 0.999848 0.000000 -0.143610 0.000000 0.000000 1.000000 0.000000
0.999832 0.018351 0.000000 7.703791 -0.018351 0.999832 0.000000 -0.155683 0.000000 0.000000 1.000000 0.000000
0.999809 0.019522 0.000000 8.250686 -0.019522 0.999809 0.000000 -0.166860 0.000000 0.000000 1.000000 0.000000
0.999749 0.022409 0.000000 8.836382 -0.022409 0.999749 0.000000 -0.182542 0.000000 0.000000 1.000000 0.000000
0.999715 0.023859 0.000000 9.381258 -0.023859 0.999715 0.000000 -0.196585 0.000000 0.000000 1.000000 0.000000
0.999706 0.024228 0.000000 9.960893 -0.024228 0.999706 0.000000 -0.197105 0.000000 0.000000 1.000000 0.000000
0.999662 0.026008 0.000000 10.523801 -0.026008 0.999662 0.000000 -0.197335 0.000000 0.000000 1.000000 0.000000
0.999671 0.025660 0.000000 11.091642 -0.025660 0.999671 0.000000 -0.218927 0.000000 0.000000 1.000000 0.000000
0.999623 0.027469 0.000000 11.672616 -0.027469 0.999623 0.000000 -0.232605 0.000000 0.000000 1.000000 0.000000
0.999565 0.029509 0.000000 12.428696 -0.029509 0.999565 0.000000 -0.253422 0.000000 0.000000 1.000000 0.000000
0.999524 0.030861 0.000000 13.047773 -0.030861 0.999524 0.000000 -0.275827 0.000000 0.000000 1.000000 0.000000
0.999503 0.031520 0.000000 13.592232 -0.031520 0.999503 0.000000 -0.289981 0.000000 0.000000 1.000000 0.000000
0.999431 0.033727 0.000000 14.207380 -0.033727 0.999431 0.000000 -0.294575 0.000000 0.000000 1.000000 0.000000
0.999325 0.036734 0.000000 14.787248 -0.036734 0.999325 0.000000 -0.303780 0.000000 0.000000 1.000000 0.000000
0.999303 0.037339 0.000000 15.364137 -0.037339 0.999303 0.000000 -0.328208 0.000000 0.000000 1.000000 0.000000
0.999184 0.040391 0.000000 15.946042 -0.040391 0.999184 0.000000 -0.351652 0.000000 0.000000 1.000000 0.000000
0.999151 0.041209 0.000000 16.525970 -0.041209 0.999151 0.000000 -0.390876 0.000000 0.000000 1.000000 0.000000
0.999114 0.042075 0.000000 17.101753 -0.042075 0.999114 0.000000 -0.416997 0.000000 0.000000 1.000000 0.000000
0.999082 0.042848 0.000000 17.680071 -0.042848 0.999082 0.000000 -0.449233 0.000000 0.000000 1.000000 0.000000
0.998975 0.045260 0.000000 18.250045 -0.045260 0.998975 0.000000 -0.473294 0.000000 0.000000 1.000000 0.000000
0.998859 0.047751 0.000000 18.824363 -0.047751 0.998859 0.000000 -0.512384 0.000000 0.000000 1.000000 0.000000
0.998843 0.048089 0.000000 19.372783 -0.048089 0.998843 0.000000 -0.551238 0.000000 0.000000 1.000000 0.000000
0.998720 0.050585 0.000000 19.942679 -0.050585 0.998720 0.000000 -0.585581 0.000000 0.000000 1.000000 0.000000
0.998629 0.052353 0.000000 21.042025 -0.052353 0.998629 0.000000 -0.637984 0.000000 0.000000 1.000000 0.000000
0.998679 0.051380 0.000000 21.971855 -0.051380 0.998679 0.000000 -0.693007 0.000000 0.000000 1.000000 0.000000
0.998731 0.050355 0.000000 22.537108 -0.050355 0.998731 0.000000 -0.734521 0.000000 0.000000 1.000000 0.000000
0.998628 0.052356 0.000000 23.104165 -0.052356 0.998628 0.000000 -0.771601 0.000000 0.000000 1.000000 0.000000
0.998493 0.054875 0.000000 23.667613 -0.054875 0.998493 0.000000 -0.809534 0.000000 0.000000 1.000000 0.000000
0.998463 0.055422 0.000000 24.227792 -0.055422 0.998463 0.000000 -0.849237 0.000000 0.000000 1.000000 0.000000
0.998428 0.056042 0.000000 24.825820 -0.056042 0.998428 0.000000 -0.896095 0.000000 0.000000 1.000000 0.000000
0.997866 0.065294 0.000000 25.388325 -0.065294 0.997866 0.000000 -0.940365 0.000000 0.000000 1.000000 0.000000
0.996940 0.078176 0.000000 26.503885 -0.078176 0.996940 0.000000 -1.025473 0.000000 0.000000 1.000000 0.000000
0.997038 0.076905 0.000000 27.062405 -0.076905 0.997038 0.000000 -1.088266 0.000000 0.000000 1.000000 0.000000
0.996913 0.078517 0.000000 27.619033 -0.078517 0.996913 0.000000 -1.144478 0.000000 0.000000 1.000000 0.000000
0.996973 0.077751 0.000000 28.145573 -0.077751 0.996973 0.000000 -1.205849 0.000000 0.000000 1.000000 0.000000
0.997062 0.076604 0.000000 28.709482 -0.076604 0.997062 0.000000 -1.255064 0.000000 0.000000 1.000000 0.000000
0.996542 0.083089 0.000000 29.610904 -0.083089 0.996542 0.000000 -1.337352 0.000000 0.000000 1.000000 0.000000
0.996509 0.083491 0.000000 30.213683 -0.083491 0.996509 0.000000 -1.397189 0.000000 0.000000 1.000000 0.000000
0.996302 0.085917 0.000000 30.771997 -0.085917 0.996302 0.000000 -1.439498 0.000000 0.000000 1.000000 0.000000
0.996241 0.086629 0.000000 31.341780 -0.086629 0.996241 0.000000 -1.491677 0.000000 0.000000 1.000000 0.000000
0.996131 0.087882 0.000000 31.910265 -0.087882 0.996131 0.000000 -1.553853 0.000000 0.000000 1.000000 0.000000
0.996010 0.089245 0.000000 32.470985 -0.089245 0.996010 0.000000 -1.619238 0.000000 0.000000 1.000000 0.000000
0.995799 0.091566 0.000000 33.033599 -0.091566 0.995799 0.000000 -1.670644 0.000000 0.000000 1.000000 0.000000
0.995841 0.091106 0.000000 33.606169 -0.091106 0.995841 0.000000 -1.725260 0.000000 0.000000 1.000000 0.000000
0.995739 0.092212 0.000000 34.163621 -0.092212 0.995739 0.000000 -1.778572 0.000000 0.000000 1.000000 0.000000
0.995621 0.093480 0.000000 34.679604 -0.093480 0.995621 0.000000 -1.837568 0.000000 0.000000 1.000000 0.000000
0.995350 0.096323 0.000000 35.611692 -0.096323 0.995350 0.000000 -1.940326 0.000000 0.000000 1.000000 0.000000
0.994921 0.100657 0.000000 36.169339 -0.100657 0.994921 0.000000 -2.008162 0.000000 0.000000 1.000000 0.000000
0.994750 0.102332 0.000000 36.724168 -0.102332 0.994750 0.000000 -2.069856 0.000000 0.000000 1.000000 0.000000
0.994643 0.103368 0.000000 37.286612 -0.103368 0.994643 0.000000 -2.132481 0.000000 0.000000 1.000000 0.000000
0.994395 0.105733 0.000000 37.843805 -0.105733 0.994395 0.000000 -2.186286 0.000000 0.000000 1.000000 0.000000
0.994304 0.106580 0.000000 38.405191 -0.106580 0.994304 0.000000 -2.252296 0.000000 0.000000 1.000000 0.000000
0.994155 0.107961 0.000000 38.999804 -0.107961 0.994155 0.000000 -2.320414 0.000000 0.000000 1.000000 0.000000
0.994111 0.108370 0.000000 39.528958 -0.108370 0.994111 0.000000 -2.378799 0.000000 0.000000 1.000000 0.000000
0.994123 0.108258 0.000000 40.078438 -0.108258 0.994123 0.000000 -2.438226 0.000000 0.000000 1.000000 0.000000
0.994198 0.107568 0.000000 40.631441 -0.107568 0.994198 0.000000 -2.507115 0.000000 0.000000 1.000000 0.000000
0.993797 0.111209 0.000000 41.186385 -0.111209 0.993797 0.000000 -2.564960 0.000000 0.000000 1.000000 0.000000
0.993632 0.112676 0.000000 41.704450 -0.112676 0.993632 0.000000 -2.623125 0.000000 0.000000 1.000000 0.000000
0.993474 0.114059 0.000000 42.256855 -0.114059 0.993474 0.000000 -2.693008 0.000000 0.000000 1.000000 0.000000
0.993417 0.114558 0.000000 42.776848 -0.114558 0.993417 0.000000 -2.757205 0.000000 0.000000 1.000000 0.000000
0.993490 0.113917 0.000000 43.729852 -0.113917 0.993490 0.000000 -2.880179 0.000000 0.000000 1.000000 0.000000
0.993410 0.114618 0.000000 44.279775 -0.114618 0.993410 0.000000 -2.948319 0.000000 0.000000 1.000000 0.000000
0.993084 0.117404 0.000000 44.836868 -0.117404 0.993084 0.000000 -3.016205 0.000000 0.000000 1.000000 0.000000
0.992598 0.121449 0.000000 45.928508 -0.121449 0.992598 0.000000 -3.140736 0.000000 0.000000 1.000000 0.000000
0.992160 0.124971 0.000000 46.508482 -0.124971 0.992160 0.000000 -3.218793 0.000000 0.000000 1.000000 0.000000
0.991976 0.126424 0.000000 47.001666 -0.126424 0.991976 0.000000 -3.275948 0.000000 0.000000 1.000000 0.000000
0.991813 0.127702 0.000000 48.022497 -0.127702 0.991813 0.000000 -3.407038 0.000000 0.000000 1.000000 0.000000
0.991713 0.128475 0.000000 48.541602 -0.128475 0.991713 0.000000 -3.474744 0.000000 0.000000 1.000000 0.000000
0.991811 0.127711 0.000000 49.053796 -0.127711 0.991811 0.000000 -3.548009 0.000000 0.000000 1.000000 0.000000
0.991794 0.127843 0.000000 49.538483 -0.127843 0.991794 0.000000 -3.615629 0.000000 0.000000 1.000000 0.000000
0.991420 0.130712 0.000000 50.430224 -0.130712 0.991420 0.000000 -3.741976 0.000000 0.000000 1.000000 0.000000
0.991545 0.129761 0.000000 50.932972 -0.129761 0.991545 0.000000 -3.826875 0.000000 0.000000 1.000000 0.000000
0.990965 0.134119 0.000000 51.437700 -0.134119 0.990965 0.000000 -3.886578 0.000000 0.000000 1.000000 0.000000
0.990202 0.139646 0.000000 51.933100 -0.139646 0.990202 0.000000 -3.959278 0.000000 0.000000 1.000000 0.000000
0.990094 0.140408 0.000000 52.424127 -0.140408 0.990094 0.000000 -4.023792 0.000000 0.000000 1.000000 0.000000
0.989974 0.141252 0.000000 52.895406 -0.141252 0.989974 0.000000 -4.087167 0.000000 0.000000 1.000000 0.000000
0.989635 0.143605 0.000000 53.368943 -0.143605 0.989635 0.000000 -4.154506 0.000000 0.000000 1.000000 0.000000
0.989032 0.147704 0.000000 54.076132 -0.147704 0.989032 0.000000 -4.259574 0.000000 0.000000 1.000000 0.000000
0.989070 0.147449 0.000000 54.503280 -0.147449 0.989070 0.000000 -4.326931 0.000000 0.000000 1.000000 0.000000
0.988855 0.148884 0.000000 54.961920 -0.148884 0.988855 0.000000 -4.401494 0.000000 0.000000 1.000000 0.000000
0.988947 0.148272 0.000000 55.407723 -0.148272 0.988947 0.000000 -4.468708 0.000000 0.000000 1.000000 0.000000
0.988828 0.149063 0.000000 55.828708 -0.149063 0.988828 0.000000 -4.529782 0.000000 0.000000 1.000000 0.000000
0.989213 0.146484 0.000000 56.250545 -0.146484 0.989213 0.000000 -4.596077 0.000000 0.000000 1.000000 0.000000
0.989224 0.146408 0.000000 56.983682 -0.146408 0.989224 0.000000 -4.717127 0.000000 0.000000 1.000000 0.000000
0.988872 0.148768 0.000000 57.364146 -0.148768 0.988872 0.000000 -4.770351 0.000000 0.000000 1.000000 0.000000
0.988680 0.150042 0.000000 57.800712 -0.150042 0.988680 0.000000 -4.823291 0.000000 0.000000 1.000000 0.000000
0.988555 0.150863 0.000000 58.193601 -0.150863 0.988555 0.000000 -4.886840 0.000000 0.000000 1.000000 0.000000
0.988477 0.151369 0.000000 58.589769 -0.151369 0.988477 0.000000 -4.953022 0.000000 0.000000 1.000000 0.000000
0.988434 0.151652 0.000000 58.974507 -0.151652 0.988434 0.000000 -5.008105 0.000000 0.000000 1.000000 0.000000
0.988221 0.153032 0.000000 59.352598 -0.153032 0.988221 0.000000 -5.078746 0.000000 0.000000 1.000000 0.000000
0.988150 0.153489 0.000000 59.720053 -0.153489 0.988150 0.000000 -5.139860 0.000000 0.000000 1.000000 0.000000
0.987930 0.154899 0.000000 60.081183 -0.154899 0.987930 0.000000 -5.188177 0.000000 0.000000 1.000000 0.000000
0.987714 0.156274 0.000000 60.443062 -0.156274 0.987714 0.000000 -5.243519 0.000000 0.000000 1.000000 0.000000
0.987218 0.159376 0.000000 61.120738 -0.159376 0.987218 0.000000 -5.357399 0.000000 0.000000 1.000000 0.000000
0.987355 0.158528 0.000000 61.460218 -0.158528 0.987355 0.000000 -5.418800 0.000000 0.000000 1.000000 0.000000
0.987409 0.158186 0.000000 61.776958 -0.158186 0.987409 0.000000 -5.474295 0.000000 0.000000 1.000000 0.000000
0.987341 0.158611 0.000000 62.112170 -0.158611 0.987341 0.000000 -5.533589 0.000000 0.000000 1.000000 0.000000
0.987158 0.159749 0.000000 62.436177 -0.159749 0.987158 0.000000 -5.585585 0.000000 0.000000 1.000000 0.000000
0.986983 0.160823 0.000000 62.736017 -0.160823 0.986983 0.000000 -5.632335 0.000000 0.000000 1.000000 0.000000
0.986014 0.166665 0.000000 63.059977 -0.166665 0.986014 0.000000 -5.674445 0.000000 0.000000 1.000000 0.000000
0.985947 0.167061 0.000000 63.382856 -0.167061 0.985947 0.000000 -5.739441 0.000000 0.000000 1.000000 0.000000
0.986373 0.164523 0.000000 63.896279 -0.164523 0.986373 0.000000 -5.840117 0.000000 0.000000 1.000000 0.000000
0.986385 0.164453 0.000000 64.198581 -0.164453 0.986385 0.000000 -5.894794 0.000000 0.000000 1.000000 0.000000
0.986101 0.166145 0.000000 64.499044 -0.166145 0.986101 0.000000 -5.948102 0.000000 0.000000 1.000000 0.000000
0.985782 0.168028 0.000000 64.812206 -0.168028 0.985782 0.000000 -6.001271 0.000000 0.000000 1.000000 0.000000
0.985667 0.168700 0.000000 65.104319 -0.168700 0.985667 0.000000 -6.053168 0.000000 0.000000 1.000000 0.000000
0.985324 0.170695 0.000000 65.376136 -0.170695 0.985324 0.000000 -6.103864 0.000000 0.000000 1.000000 0.000000
0.985395 0.170286 0.000000 65.675845 -0.170286 0.985395 0.000000 -6.162289 0.000000 0.000000 1.000000 0.000000
0.985431 0.170075 0.000000 65.954152 -0.170075 0.985431 0.000000 -6.213389 0.000000 0.000000 1.000000 0.000000
0.985254 0.171100 0.000000 66.227614 -0.171100 0.985254 0.000000 -6.259048 0.000000 0.000000 1.000000 0.000000
0.984641 0.174591 0.000000 66.683692 -0.174591 0.984641 0.000000 -6.342562 0.000000 0.000000 1.000000 0.000000
0.984370 0.176111 0.000000 66.924375 -0.176111 0.984370 0.000000 -6.382281 0.000000 0.000000 1.000000 0.000000
0.984316 0.176415 0.000000 67.201407 -0.176415 0.984316 0.000000 -6.432255 0.000000 0.000000 1.000000 0.000000
0.984181 0.177166 0.000000 67.463086 -0.177166 0.984181 0.000000 -6.483327 0.000000 0.000000 1.000000 0.000000
0.984019 0.178063 0.000000 67.725681 -0.178063 0.984019 0.000000 -6.535476 0.000000 0.000000 1.000000 0.000000
0.983899 0.178723 0.000000 67.986913 -0.178723 0.983899 0.000000 -6.591182 0.000000 0.000000 1.000000 0.000000
0.983638 0.180159 0.000000 68.244563 -0.180159 0.983638 0.000000 -6.641388 0.000000 0.000000 1.000000 0.000000
0.983517 0.180816 0.000000 68.502645 -0.180816 0.983517 0.000000 -6.694393 0.000000 0.000000 1.000000 0.000000
0.983350 0.181722 0.000000 68.743300 -0.181722 0.983350 0.000000 -6.744041 0.000000 0.000000 1.000000 0.000000
0.983350 0.181721 0.000000 69.008436 -0.181721 0.983350 0.000000 -6.796939 0.000000 0.000000 1.000000 0.000000
0.983163 0.182728 0.000000 69.256631 -0.182728 0.983163 0.000000 -6.845741 0.000000 0.000000 1.000000 0.000000
0.982975 0.183740 0.000000 69.510894 -0.183740 0.982975 0.000000 -6.889062 0.000000 0.000000 1.000000 0.000000
0.982616 0.185647 0.000000 69.943294 -0.185647 0.982616 0.000000 -6.973500 0.000000 0.000000 1.000000 0.000000
0.982322 0.187200 0.000000 70.211606 -0.187200 0.982322 0.000000 -7.019901 0.000000 0.000000 1.000000 0.000000
0.982187 0.187905 0.000000 70.481607 -0.187905 0.982187 0.000000 -7.073644 0.000000 0.000000 1.000000 0.000000
0.981974 0.189018 0.000000 70.749858 -0.189018 0.981974 0.000000 -7.126827 0.000000 0.000000 1.000000 0.000000
0.981921 0.189291 0.000000 71.024904 -0.189291 0.981921 0.000000 -7.185112 0.000000 0.000000 1.000000 0.000000
0.981598 0.190961 0.000000 71.309806 -0.190961 0.981598 0.000000 -7.245190 0.000000 0.000000 1.000000 0.000000
0.981469 0.191620 0.000000 71.562280 -0.191620 0.981469 0.000000 -7.304350 0.000000 0.000000 1.000000 0.000000
0.981485 0.191538 0.000000 71.846412 -0.191538 0.981485 0.000000 -7.368879 0.000000 0.000000 1.000000 0.000000
0.980944 0.194291 0.000000 72.117705 -0.194291 0.980944 0.000000 -7.422917 0.000000 0.000000 1.000000 0.000000
0.980418 0.196927 0.000000 72.376287 -0.196927 0.980418 0.000000 -7.481006 0.000000 0.000000 1.000000 0.000000
0.980333 0.197349 0.000000 72.656033 -0.197349 0.980333 0.000000 -7.541356 0.000000 0.000000 1.000000 0.000000
0.980448 0.196780 0.000000 72.913912 -0.196780 0.980448 0.000000 -7.605002 0.000000 0.000000 1.000000 0.000000
0.979881 0.199585 0.000000 73.688425 -0.199585 0.979881 0.000000 -7.770649 0.000000 0.000000 1.000000 0.000000
0.979158 0.203098 0.000000 73.979998 -0.203098 0.979158 0.000000 -7.822255 0.000000 0.000000 1.000000 0.000000
0.978594 0.205802 0.000000 74.270975 -0.205802 0.978594 0.000000 -7.875512 0.000000 0.000000 1.000000 0.000000
0.978168 0.207814 0.000000 74.556088 -0.207814 0.978168 0.000000 -7.935485 0.000000 0.000000 1.000000 0.000000
0.978606 0.205745 0.000000 74.845342 -0.205745 0.978606 0.000000 -7.998619 0.000000 0.000000 1.000000 0.000000
0.978084 0.208209 0.000000 75.423447 -0.208209 0.978084 0.000000 -8.129513 0.000000 0.000000 1.000000 0.000000
0.978114 0.208072 0.000000 75.719639 -0.208072 0.978114 0.000000 -8.197449 0.000000 0.000000 1.000000 0.000000
0.977788 0.209597 0.000000 76.002971 -0.209597 0.977788 0.000000 -8.257465 0.000000 0.000000 1.000000 0.000000
0.977479 0.211031 0.000000 76.466525 -0.211031 0.977479 0.000000 -8.364359 0.000000 0.000000 1.000000 0.000000
0.976798 0.214162 0.000000 76.785871 -0.214162 0.976798 0.000000 -8.435576 0.000000 0.000000 1.000000 0.000000
0.975641 0.219372 0.000000 77.319990 -0.219372 0.975641 0.000000 -8.559092 0.000000 0.000000 1.000000 0.000000
0.975439 0.220271 0.000000 77.651834 -0.220271 0.975439 0.000000 -8.635553 0.000000 0.000000 1.000000 0.000000
0.991593 0.129394 0.000000 77.412101 -0.129394 0.991593 0.000000 -8.323048 0.000000 0.000000 1.000000 0.000000
0.990632 0.136559 0.000000 77.737757 -0.136559 0.990632 0.000000 -8.353520 0.000000 0.000000 1.000000 0.000000
0.990619 0.136653 0.000000 78.094876 -0.136653 0.990619 0.000000 -8.403212 0.000000 0.000000 1.000000 0.000000
0.990240 0.139370 0.000000 78.664882 -0.139370 0.990240 0.000000 -8.484444 0.000000 0.000000 1.000000 0.000000
0.990636 0.136529 0.000000 79.014023 -0.136529 0.990636 0.000000 -8.537836 0.000000 0.000000 1.000000 0.000000
0.990420 0.138086 0.000000 79.399101 -0.138086 0.990420 0.000000 -8.592714 0.000000 0.000000 1.000000 0.000000
0.990346 0.138617 0.000000 79.756515 -0.138617 0.990346 0.000000 -8.639285 0.000000 0.000000 1.000000 0.000000
0.990240 0.139372 0.000000 80.410102 -0.139372 0.990240 0.000000 -8.742020 0.000000 0.000000 1.000000 0.000000
0.990264 0.139205 0.000000 81.077716 -0.139205 0.990264 0.000000 -8.835548 0.000000 0.000000 1.000000 0.000000
0.990419 0.138098 0.000000 81.466752 -0.138098 0.990419 0.000000 -8.904538 0.000000 0.000000 1.000000 0.000000
0.990520 0.137369 0.000000 81.885856 -0.137369 0.990520 0.000000 -8.957016 0.000000 0.000000 1.000000 0.000000
0.990205 0.139620 0.000000 82.284951 -0.139620 0.990205 0.000000 -9.014680 0.000000 0.000000 1.000000 0.000000
0.990462 0.137787 0.000000 82.717799 -0.137787 0.990462 0.000000 -9.086703 0.000000 0.000000 1.000000 0.000000
0.990141 0.140075 0.000000 83.123076 -0.140075 0.990141 0.000000 -9.150466 0.000000 0.000000 1.000000 0.000000
0.990273 0.139136 0.000000 83.575788 -0.139136 0.990273 0.000000 -9.215841 0.000000 0.000000 1.000000 0.000000
0.990806 0.135292 0.000000 84.264449 -0.135292 0.990806 0.000000 -9.316135 0.000000 0.000000 1.000000 0.000000
0.990762 0.135611 0.000000 85.074494 -0.135611 0.990762 0.000000 -9.433426 0.000000 0.000000 1.000000 0.000000
0.990860 0.134896 0.000000 85.548956 -0.134896 0.990860 0.000000 -9.507335 0.000000 0.000000 1.000000 0.000000
0.990394 0.138276 0.000000 86.024161 -0.138276 0.990394 0.000000 -9.586217 0.000000 0.000000 1.000000 0.000000
0.990307 0.138893 0.000000 86.490718 -0.138893 0.990307 0.000000 -9.657118 0.000000 0.000000 1.000000 0.000000
0.990191 0.139717 0.000000 87.001870 -0.139717 0.990191 0.000000 -9.732815 0.000000 0.000000 1.000000 0.000000
0.990138 0.140096 0.000000 87.455648 -0.140096 0.990138 0.000000 -9.799080 0.000000 0.000000 1.000000 0.000000
0.989265 0.146130 0.000000 87.961046 -0.146130 0.989265 0.000000 -9.867387 0.000000 0.000000 1.000000 0.000000
0.988981 0.148039 0.000000 88.477012 -0.148039 0.988981 0.000000 -9.943613 0.000000 0.000000 1.000000 0.000000
0.988464 0.151453 0.000000 89.003307 -0.151453 0.988464 0.000000 -10.018647 0.000000 0.000000 1.000000 0.000000
0.988214 0.153078 0.000000 89.493159 -0.153078 0.988214 0.000000 -10.095659 0.000000 0.000000 1.000000 0.000000
0.988014 0.154367 0.000000 90.023434 -0.154367 0.988014 0.000000 -10.186771 0.000000 0.000000 1.000000 0.000000
0.987283 0.158973 0.000000 90.978145 -0.158973 0.987283 0.000000 -10.348550 0.000000 0.000000 1.000000 0.000000
0.987340 0.158617 0.000000 91.519587 -0.158617 0.987340 0.000000 -10.449499 0.000000 0.000000 1.000000 0.000000
0.987281 0.158984 0.000000 92.069923 -0.158984 0.987281 0.000000 -10.539371 0.000000 0.000000 1.000000 0.000000
0.986500 0.163759 0.000000 92.622752 -0.163759 0.986500 0.000000 -10.625653 0.000000 0.000000 1.000000 0.000000
0.985628 0.168929 0.000000 93.181454 -0.168929 0.985628 0.000000 -10.724106 0.000000 0.000000 1.000000 0.000000
0.985533 0.169481 0.000000 94.033919 -0.169481 0.985533 0.000000 -10.886615 0.000000 0.000000 1.000000 0.000000
0.985224 0.171269 0.000000 94.568378 -0.171269 0.985224 0.000000 -10.981561 0.000000 0.000000 1.000000 0.000000
0.983476 0.181041 0.000000 95.682846 -0.181041 0.983476 0.000000 -11.193385 0.000000 0.000000 1.000000 0.000000
0.982846 0.184426 0.000000 96.417867 -0.184426 0.982846 0.000000 -11.337487 0.000000 0.000000 1.000000 0.000000
0.982286 0.187389 0.000000 97.005242 -0.187389 0.982286 0.000000 -11.438749 0.000000 0.000000 1.000000 0.000000
0.981479 0.191570 0.000000 97.594361 -0.191570 0.981479 0.000000 -11.559107 0.000000 0.000000 1.000000 0.000000
0.980471 0.196664 0.000000 98.185537 -0.196664 0.980471 0.000000 -11.682856 0.000000 0.000000 1.000000 0.000000
0.980279 0.197617 0.000000 98.777807 -0.197617 0.980279 0.000000 -11.802605 0.000000 0.000000 1.000000 0.000000
0.980129 0.198361 0.000000 99.403935 -0.198361 0.980129 0.000000 -11.931480 0.000000 0.000000 1.000000 0.000000
0.979690 0.200518 0.000000 99.977308 -0.200518 0.979690 0.000000 -12.048466 0.000000 0.000000 1.000000 0.000000
0.979037 0.203683 0.000000 100.566348 -0.203683 0.979037 0.000000 -12.177722 0.000000 0.000000 1.000000 0.000000
0.978659 0.205490 0.000000 101.171472 -0.205490 0.978659 0.000000 -12.306241 0.000000 0.000000 1.000000 0.000000
0.979273 0.202543 0.000000 101.742814 -0.202543 0.979273 0.000000 -12.434413 0.000000 0.000000 1.000000 0.000000
0.979706 0.200438 0.000000 102.355144 -0.200438 0.979706 0.000000 -12.569278 0.000000 0.000000 1.000000 0.000000
0.979563 0.201136 0.000000 102.965392 -0.201136 0.979563 0.000000 -12.706293 0.000000 0.000000 1.000000 0.000000
0.979145 0.203163 0.000000 103.532731 -0.203163 0.979145 0.000000 -12.832899 0.000000 0.000000 1.000000 0.000000
0.978936 0.204169 0.000000 104.623551 -0.204169 0.978936 0.000000 -13.060832 0.000000 0.000000 1.000000 0.000000
0.978618 0.205688 0.000000 105.284016 -0.205688 0.978618 0.000000 -13.207224 0.000000 0.000000 1.000000 0.000000
0.978498 0.206257 0.000000 105.898973 -0.206257 0.978498 0.000000 -13.352187 0.000000 0.000000 1.000000 0.000000
0.977972 0.208735 0.000000 106.524571 -0.208735 0.977972 0.000000 -13.492152 0.000000 0.000000 1.000000 0.000000
0.977275 0.211976 0.000000 107.128440 -0.211976 0.977275 0.000000 -13.626146 0.000000 0.000000 1.000000 0.000000
0.977682 0.210088 0.000000 107.749432 -0.210088 0.977682 0.000000 -13.779911 0.000000 0.000000 1.000000 0.000000
0.977593 0.210503 0.000000 108.336268 -0.210503 0.977593 0.000000 -13.908613 0.000000 0.000000 1.000000 0.000000
0.977579 0.210569 0.000000 108.964764 -0.210569 0.977579 0.000000 -14.044201 0.000000 0.000000 1.000000 0.000000
0.977455 0.211145 0.000000 109.557160 -0.211145 0.977455 0.000000 -14.173221 0.000000 0.000000 1.000000 0.000000
0.976889 0.213745 0.000000 110.198327 -0.213745 0.976889 0.000000 -14.330750 0.000000 0.000000 1.000000 0.000000
0.976445 0.215768 0.000000 110.833446 -0.215768 0.976445 0.000000 -14.480196 0.000000 0.000000 1.000000 0.000000
0.976202 0.216863 0.000000 111.479441 -0.216863 0.976202 0.000000 -14.627390 0.000000 0.000000 1.000000 0.000000
0.976426 0.215853 0.000000 112.277529 -0.215853 0.976426 0.000000 -14.815343 0.000000 0.000000 1.000000 0.000000
0.976348 0.216206 0.000000 112.884116 -0.216206 0.976348 0.000000 -14.942149 0.000000 0.000000 1.000000 0.000000
0.975014 0.222145 0.000000 113.534577 -0.222145 0.975014 0.000000 -15.096134 0.000000 0.000000 1.000000 0.000000
0.975425 0.220334 0.000000 114.563456 -0.220334 0.975425 0.000000 -15.331705 0.000000 0.000000 1.000000 0.000000
0.975283 0.220960 0.000000 115.213760 -0.220960 0.975283 0.000000 -15.483710 0.000000 0.000000 1.000000 0.000000
0.975125 0.221656 0.000000 115.871623 -0.221656 0.975125 0.000000 -15.638765 0.000000 0.000000 1.000000 0.000000
0.974460 0.224560 0.000000 116.530289 -0.224560 0.974460 0.000000 -15.803961 0.000000 0.000000 1.000000 0.000000
0.974369 0.224957 0.000000 117.174273 -0.224957 0.974369 0.000000 -15.968938 0.000000 0.000000 1.000000 0.000000
0.974206 0.225659 0.000000 117.833029 -0.225659 0.974206 0.000000 -16.132137 0.000000 0.000000 1.000000 0.000000
0.974427 0.224704 0.000000 118.445987 -0.224704 0.974427 0.000000 -16.289142 0.000000 0.000000 1.000000 0.000000
0.974354 0.225021 0.000000 119.599458 -0.225021 0.974354 0.000000 -16.571737 0.000000 0.000000 1.000000 0.000000
0.974311 0.225207 0.000000 120.257548 -0.225207 0.974311 0.000000 -16.732743 0.000000 0.000000 1.000000 0.000000
0.974434 0.224674 0.000000 120.915281 -0.224674 0.974434 0.000000 -16.898149 0.000000 0.000000 1.000000 0.000000
0.974334 0.225108 0.000000 121.569299 -0.225108 0.974334 0.000000 -17.060753 0.000000 0.000000 1.000000 0.000000
0.973881 0.227058 0.000000 122.901269 -0.227058 0.973881 0.000000 -17.378962 0.000000 0.000000 1.000000 0.000000
0.973979 0.226638 0.000000 123.506992 -0.226638 0.973979 0.000000 -17.523865 0.000000 0.000000 1.000000 0.000000
0.973284 0.229606 0.000000 124.169239 -0.229606 0.973284 0.000000 -17.692472 0.000000 0.000000 1.000000 0.000000
0.973273 0.229651 0.000000 124.779501 -0.229651 0.973273 0.000000 -17.850682 0.000000 0.000000 1.000000 0.000000
0.973138 0.230223 0.000000 125.389328 -0.230223 0.973138 0.000000 -17.995256 0.000000 0.000000 1.000000 0.000000
0.968331 0.249668 0.000000 130.130745 -0.249668 0.968331 0.000000 -19.272252 0.000000 0.000000 1.000000 0.000000
0.969523 0.245002 0.000000 130.786151 -0.245002 0.969523 0.000000 -19.442896 0.000000 0.000000 1.000000 0.000000
0.969246 0.246092 0.000000 131.400850 -0.246092 0.969246 0.000000 -19.612914 0.000000 0.000000 1.000000 0.000000
0.970165 0.242444 0.000000 132.031501 -0.242444 0.970165 0.000000 -19.792949 0.000000 0.000000 1.000000 0.000000
0.969729 0.244182 0.000000 132.639127 -0.244182 0.969729 0.000000 -19.964545 0.000000 0.000000 1.000000 0.000000
0.970573 0.240807 0.000000 133.261510 -0.240807 0.970573 0.000000 -20.130358 0.000000 0.000000 1.000000 0.000000
0.969435 0.245349 0.000000 133.896814 -0.245349 0.969435 0.000000 -20.307260 0.000000 0.000000 1.000000 0.000000
0.969749 0.244104 0.000000 134.714239 -0.244104 0.969749 0.000000 -20.520892 0.000000 0.000000 1.000000 0.000000
0.969350 0.245683 0.000000 135.337722 -0.245683 0.969350 0.000000 -20.687548 0.000000 0.000000 1.000000 0.000000
0.968418 0.249333 0.000000 135.973805 -0.249333 0.968418 0.000000 -20.840930 0.000000 0.000000 1.000000 0.000000
0.968417 0.249336 0.000000 136.889722 -0.249336 0.968417 0.000000 -21.080084 0.000000 0.000000 1.000000 0.000000
0.968526 0.248911 0.000000 137.518497 -0.248911 0.968526 0.000000 -21.250018 0.000000 0.000000 1.000000 0.000000
0.968420 0.249323 0.000000 138.151447 -0.249323 0.968420 0.000000 -21.418113 0.000000 0.000000 1.000000 0.000000
0.968517 0.248947 0.000000 138.770287 -0.248947 0.968517 0.000000 -21.585793 0.000000 0.000000 1.000000 0.000000
0.968476 0.249109 0.000000 139.391068 -0.249109 0.968476 0.000000 -21.759586 0.000000 0.000000 1.000000 0.000000
0.968108 0.250533 0.000000 140.314562 -0.250533 0.968108 0.000000 -22.008279 0.000000 0.000000 1.000000 0.000000
0.967891 0.251370 0.000000 140.913197 -0.251370 0.967891 0.000000 -22.177445 0.000000 0.000000 1.000000 0.000000
0.967580 0.252565 0.000000 141.528849 -0.252565 0.967580 0.000000 -22.340731 0.000000 0.000000 1.000000 0.000000
0.967120 0.254320 0.000000 142.103157 -0.254320 0.967120 0.000000 -22.503729 0.000000 0.000000 1.000000 0.000000
0.966520 0.256593 0.000000 142.895857 -0.256593 0.966520 0.000000 -22.729764 0.000000 0.000000 1.000000 0.000000
0.966137 0.258029 0.000000 143.501307 -0.258029 0.966137 0.000000 -22.907146 0.000000 0.000000 1.000000 0.000000
0.965962 0.258684 0.000000 144.107820 -0.258684 0.965962 0.000000 -23.077056 0.000000 0.000000 1.000000 0.000000
0.966271 0.257527 0.000000 144.713027 -0.257527 0.966271 0.000000 -23.248872 0.000000 0.000000 1.000000 0.000000
0.966984 0.254836 0.000000 145.319797 -0.254836 0.966984 0.000000 -23.414608 0.000000 0.000000 1.000000 0.000000
0.966828 0.255427 0.000000 146.487222 -0.255427 0.966828 0.000000 -23.746639 0.000000 0.000000 1.000000 0.000000
0.967339 0.253486 0.000000 147.046361 -0.253486 0.967339 0.000000 -23.890855 0.000000 0.000000 1.000000 0.000000
0.965464 0.260536 0.000000 147.630160 -0.260536 0.965464 0.000000 -24.041361 0.000000 0.000000 1.000000 0.000000
0.965935 0.258784 0.000000 148.212124 -0.258784 0.965935 0.000000 -24.210641 0.000000 0.000000 1.000000 0.000000
0.965128 0.261780 0.000000 148.766433 -0.261780 0.965128 0.000000 -24.371352 0.000000 0.000000 1.000000 0.000000
0.965432 0.260656 0.000000 149.351043 -0.260656 0.965432 0.000000 -24.545874 0.000000 0.000000 1.000000 0.000000
0.966856 0.255322 0.000000 150.064837 -0.255322 0.966856 0.000000 -24.755810 0.000000 0.000000 1.000000 0.000000
0.967356 0.253421 0.000000 150.643274 -0.253421 0.967356 0.000000 -24.924325 0.000000 0.000000 1.000000 0.000000
0.967265 0.253768 0.000000 151.182645 -0.253768 0.967265 0.000000 -25.076566 0.000000 0.000000 1.000000 0.000000
0.967199 0.254020 0.000000 151.762348 -0.254020 0.967199 0.000000 -25.240117 0.000000 0.000000 1.000000 0.000000
0.966969 0.254894 0.000000 152.337189 -0.254894 0.966969 0.000000 -25.405632 0.000000 0.000000 1.000000 0.000000
0.966800 0.255535 0.000000 152.877183 -0.255535 0.966800 0.000000 -25.559022 0.000000 0.000000 1.000000 0.000000
0.966431 0.256928 0.000000 153.450671 -0.256928 0.966431 0.000000 -25.725465 0.000000 0.000000 1.000000 0.000000
0.967198 0.254024 0.000000 153.995157 -0.254024 0.967198 0.000000 -25.876359 0.000000 0.000000 1.000000 0.000000
0.966927 0.255054 0.000000 154.566274 -0.255054 0.966927 0.000000 -26.035500 0.000000 0.000000 1.000000 0.000000
0.966407 0.257016 0.000000 155.132124 -0.257016 0.966407 0.000000 -26.196345 0.000000 0.000000 1.000000 0.000000
0.966373 0.257143 0.000000 155.859142 -0.257143 0.966373 0.000000 -26.404451 0.000000 0.000000 1.000000 0.000000
0.965791 0.259322 0.000000 156.397971 -0.259322 0.965791 0.000000 -26.545730 0.000000 0.000000 1.000000 0.000000
0.965349 0.260964 0.000000 156.962757 -0.260964 0.965349 0.000000 -26.703309 0.000000 0.000000 1.000000 0.000000
0.964913 0.262569 0.000000 157.491885 -0.262569 0.964913 0.000000 -26.854393 0.000000 0.000000 1.000000 0.000000
0.964707 0.263327 0.000000 158.054719 -0.263327 0.964707 0.000000 -27.007099 0.000000 0.000000 1.000000 0.000000
0.964615 0.263661 0.000000 158.587276 -0.263661 0.964615 0.000000 -27.150323 0.000000 0.000000 1.000000 0.000000
0.964506 0.264062 0.000000 159.311643 -0.264062 0.964506 0.000000 -27.350865 0.000000 0.000000 1.000000 0.000000
0.964471 0.264188 0.000000 159.837665 -0.264188 0.964471 0.000000 -27.498608 0.000000 0.000000 1.000000 0.000000
0.962600 0.270928 0.000000 160.394250 -0.270928 0.962600 0.000000 -27.666112 0.000000 0.000000 1.000000 0.000000
0.962552 0.271097 0.000000 160.912544 -0.271097 0.962552 0.000000 -27.818376 0.000000 0.000000 1.000000 0.000000
0.962096 0.272711 0.000000 161.467656 -0.272711 0.962096 0.000000 -27.982618 0.000000 0.000000 1.000000 0.000000
0.962046 0.272888 0.000000 161.988719 -0.272888 0.962046 0.000000 -28.133406 0.000000 0.000000 1.000000 0.000000
0.961840 0.273611 0.000000 162.735475 -0.273611 0.961840 0.000000 -28.358899 0.000000 0.000000 1.000000 0.000000
0.961683 0.274164 0.000000 163.295940 -0.274164 0.961683 0.000000 -28.524941 0.000000 0.000000 1.000000 0.000000
0.962296 0.272003 0.000000 163.850916 -0.272003 0.962296 0.000000 -28.695925 0.000000 0.000000 1.000000 0.000000
0.962854 0.270022 0.000000 164.402750 -0.270022 0.962854 0.000000 -28.857510 0.000000 0.000000 1.000000 0.000000
0.963433 0.267950 0.000000 164.948537 -0.267950 0.963433 0.000000 -29.022344 0.000000 0.000000 1.000000 0.000000
0.962671 0.270675 0.000000 165.493353 -0.270675 0.962671 0.000000 -29.187184 0.000000 0.000000 1.000000 0.000000
0.963277 0.268510 0.000000 166.046194 -0.268510 0.963277 0.000000 -29.350229 0.000000 0.000000 1.000000 0.000000
0.964099 0.265543 0.000000 166.571329 -0.265543 0.964099 0.000000 -29.505882 0.000000 0.000000 1.000000 0.000000
0.964907 0.262592 0.000000 167.120176 -0.262592 0.964907 0.000000 -29.667528 0.000000 0.000000 1.000000 0.000000
0.964964 0.262383 0.000000 167.682718 -0.262383 0.964964 0.000000 -29.836413 0.000000 0.000000 1.000000 0.000000
0.965153 0.261686 0.000000 168.201665 -0.261686 0.965153 0.000000 -29.985322 0.000000 0.000000 1.000000 0.000000
0.965420 0.260700 0.000000 168.757544 -0.260700 0.965420 0.000000 -30.155133 0.000000 0.000000 1.000000 0.000000
0.966235 0.257661 0.000000 169.280941 -0.257661 0.966235 0.000000 -30.299244 0.000000 0.000000 1.000000 0.000000
0.966598 0.256299 0.000000 169.836462 -0.256299 0.966598 0.000000 -30.458512 0.000000 0.000000 1.000000 0.000000
0.967881 0.251410 0.000000 170.381827 -0.251410 0.967881 0.000000 -30.623221 0.000000 0.000000 1.000000 0.000000
0.968996 0.247075 0.000000 170.946922 -0.247075 0.968996 0.000000 -30.784104 0.000000 0.000000 1.000000 0.000000
0.969667 0.244429 0.000000 171.464304 -0.244429 0.969667 0.000000 -30.931329 0.000000 0.000000 1.000000 0.000000
0.970641 0.240534 0.000000 172.018899 -0.240534 0.970641 0.000000 -31.081056 0.000000 0.000000 1.000000 0.000000
0.971455 0.237223 0.000000 172.521138 -0.237223 0.971455 0.000000 -31.230786 0.000000 0.000000 1.000000 0.000000
0.972883 0.231297 0.000000 173.082513 -0.231297 0.972883 0.000000 -31.382170 0.000000 0.000000 1.000000 0.000000
0.973994 0.226574 0.000000 173.807561 -0.226574 0.973994 0.000000 -31.570902 0.000000 0.000000 1.000000 0.000000
0.974331 0.225122 0.000000 174.360758 -0.225122 0.974331 0.000000 -31.697633 0.000000 0.000000 1.000000 0.000000
0.974847 0.222873 0.000000 174.869489 -0.222873 0.974847 0.000000 -31.829157 0.000000 0.000000 1.000000 0.000000
0.974591 0.223990 0.000000 175.430208 -0.223990 0.974591 0.000000 -31.968760 0.000000 0.000000 1.000000 0.000000
0.974963 0.222369 0.000000 176.127152 -0.222369 0.974963 0.000000 -32.127711 0.000000 0.000000 1.000000 0.000000
0.975914 0.218155 0.000000 177.223827 -0.218155 0.975914 0.000000 -32.391034 0.000000 0.000000 1.000000 0.000000
0.975791 0.218704 0.000000 177.770171 -0.218704 0.975791 0.000000 -32.530436 0.000000 0.000000 1.000000 0.000000
0.976279 0.216515 0.000000 178.324048 -0.216515 0.976279 0.000000 -32.653081 0.000000 0.000000 1.000000 0.000000
0.976158 0.217061 0.000000 178.871935 -0.217061 0.976158 0.000000 -32.785121 0.000000 0.000000 1.000000 0.000000
0.976454 0.215724 0.000000 179.423849 -0.215724 0.976454 0.000000 -32.912124 0.000000 0.000000 1.000000 0.000000
0.976653 0.214824 0.000000 179.965549 -0.214824 0.976653 0.000000 -33.026879 0.000000 0.000000 1.000000 0.000000
0.976322 0.216320 0.000000 180.531638 -0.216320 0.976322 0.000000 -33.154911 0.000000 0.000000 1.000000 0.000000
0.976439 0.215795 0.000000 181.072375 -0.215795 0.976439 0.000000 -33.282075 0.000000 0.000000 1.000000 0.000000
0.976013 0.217714 0.000000 181.573241 -0.217714 0.976013 0.000000 -33.396438 0.000000 0.000000 1.000000 0.000000
0.975674 0.219224 0.000000 182.068966 -0.219224 0.975674 0.000000 -33.524482 0.000000 0.000000 1.000000 0.000000
0.975760 0.218843 0.000000 182.606916 -0.218843 0.975760 0.000000 -33.652995 0.000000 0.000000 1.000000 0.000000
0.976061 0.217495 0.000000 183.114977 -0.217495 0.976061 0.000000 -33.767985 0.000000 0.000000 1.000000 0.000000
0.976645 0.214859 0.000000 183.651644 -0.214859 0.976645 0.000000 -33.878669 0.000000 0.000000 1.000000 0.000000
0.976952 0.213461 0.000000 184.160225 -0.213461 0.976952 0.000000 -33.983241 0.000000 0.000000 1.000000 0.000000
0.976944 0.213494 0.000000 184.696765 -0.213494 0.976944 0.000000 -34.102418 0.000000 0.000000 1.000000 0.000000
0.976994 0.213267 0.000000 185.193064 -0.213267 0.976994 0.000000 -34.209920 0.000000 0.000000 1.000000 0.000000
0.977693 0.210040 0.000000 185.722892 -0.210040 0.977693 0.000000 -34.330082 0.000000 0.000000 1.000000 0.000000
0.977992 0.208642 0.000000 186.211940 -0.208642 0.977992 0.000000 -34.437554 0.000000 0.000000 1.000000 0.000000
0.978030 0.208463 0.000000 186.744378 -0.208463 0.978030 0.000000 -34.548715 0.000000 0.000000 1.000000 0.000000
0.978050 0.208373 0.000000 187.238152 -0.208373 0.978050 0.000000 -34.649526 0.000000 0.000000 1.000000 0.000000
0.977753 0.209762 0.000000 187.763623 -0.209762 0.977753 0.000000 -34.757637 0.000000 0.000000 1.000000 0.000000
0.978546 0.206028 0.000000 188.410748 -0.206028 0.978546 0.000000 -34.916500 0.000000 0.000000 1.000000 0.000000
0.979385 0.202003 0.000000 188.927204 -0.202003 0.979385 0.000000 -35.023919 0.000000 0.000000 1.000000 0.000000
0.980227 0.197874 0.000000 189.435468 -0.197874 0.980227 0.000000 -35.142194 0.000000 0.000000 1.000000 0.000000
0.980335 0.197340 0.000000 189.923648 -0.197340 0.980335 0.000000 -35.242789 0.000000 0.000000 1.000000 0.000000
0.981685 0.190512 0.000000 190.641379 -0.190512 0.981685 0.000000 -35.396248 0.000000 0.000000 1.000000 0.000000
0.982124 0.188233 0.000000 191.160984 -0.188233 0.982124 0.000000 -35.502919 0.000000 0.000000 1.000000 0.000000
0.982579 0.185846 0.000000 191.680641 -0.185846 0.982579 0.000000 -35.602841 0.000000 0.000000 1.000000 0.000000
0.983136 0.182878 0.000000 192.192912 -0.182878 0.983136 0.000000 -35.703535 0.000000 0.000000 1.000000 0.000000
0.984374 0.176089 0.000000 192.704504 -0.176089 0.984374 0.000000 -35.800239 0.000000 0.000000 1.000000 0.000000
0.986422 0.164230 0.000000 193.719095 -0.164230 0.986422 0.000000 -35.983355 0.000000 0.000000 1.000000 0.000000
0.987486 0.157709 0.000000 194.215483 -0.157709 0.987486 0.000000 -36.049722 0.000000 0.000000 1.000000 0.000000
0.988643 0.150281 0.000000 194.709925 -0.150281 0.988643 0.000000 -36.134915 0.000000 0.000000 1.000000 0.000000
0.989839 0.142194 0.000000 195.173395 -0.142194 0.989839 0.000000 -36.210258 0.000000 0.000000 1.000000 0.000000
0.990824 0.135161 0.000000 195.673592 -0.135161 0.990824 0.000000 -36.278640 0.000000 0.000000 1.000000 0.000000
0.991996 0.126268 0.000000 196.143582 -0.126268 0.991996 0.000000 -36.345080 0.000000 0.000000 1.000000 0.000000
0.994275 0.106848 0.000000 197.093635 -0.106848 0.994275 0.000000 -36.464516 0.000000 0.000000 1.000000 0.000000
0.995180 0.098064 0.000000 197.582121 -0.098064 0.995180 0.000000 -36.516400 0.000000 0.000000 1.000000 0.000000
0.996174 0.087393 0.000000 198.033824 -0.087393 0.996174 0.000000 -36.566098 0.000000 0.000000 1.000000 0.000000
0.997122 0.075809 0.000000 198.712031 -0.075809 0.997122 0.000000 -36.630169 0.000000 0.000000 1.000000 0.000000
0.997869 0.065257 0.000000 199.185342 -0.065257 0.997869 0.000000 -36.669174 0.000000 0.000000 1.000000 0.000000
0.998506 0.054647 0.000000 199.654720 -0.054647 0.998506 0.000000 -36.710509 0.000000 0.000000 1.000000 0.000000
0.999010 0.044489 0.000000 200.101542 -0.044489 0.999010 0.000000 -36.740630 0.000000 0.000000 1.000000 0.000000
0.999356 0.035880 0.000000 200.574067 -0.035880 0.999356 0.000000 -36.761096 0.000000 0.000000 1.000000 0.000000
0.999794 0.020301 0.000000 201.044444 -0.020301 0.999794 0.000000 -36.792070 0.000000 0.000000 1.000000 0.000000
