0.999971 0.007607 0.000000 1.174491 -0.007607 0.999971 0.000000 -0.012481 0.000000 0.000000 1.000000 0.000000
0.999960 0.008920 0.000000 1.727980 -0.008920 0.999960 0.000000 -0.028438 0.000000 0.000000 1.000000 0.000000
0.999901 0.014057 0.000000 2.876164 -0.014057 0.999901 0.000000 -0.077907 0.000000 0.000000 1.000000 0.000000
0.999883 0.015283 0.000000 3.470428 -0.015283 0.999883 0.000000 -0.089140 0.000000 0.000000 1.000000 0.000000
0.999834 0.018245 0.000000 4.027874 -0.018245 0.999834 0.000000 -0.102857 0.000000 0.000000 1.000000 0.000000
0.999788 0.020597 0.000000 4.619070 -0.020597 0.999788 0.000000 -0.120088 0.000000 0.000000 1.000000 0.000000
0.999716 0.023836 0.000000 5.436019 -0.023836 0.999716 0.000000 -0.134125 0.000000 0.000000 1.000000 0.000000
0.999619 0.027612 0.000000 6.004327 -0.027612 0.999619 0.000000 -0.150939 0.000000 0.000000 1.000000 0.000000
0.999561 0.029625 0.000000 6.571452 -0.029625 0.999561 0.000000 -0.170370 0.000000 0.000000 1.000000 0.000000
0.999365 0.035640 0.000000 7.154044 -0.035640 0.999365 0.000000 -0.182163 0.000000 0.000000 1.000000 0.000000
0.999150 0.041221 0.000000 7.700796 -0.041221 0.999150 0.000000 -0.199761 0.000000 0.000000 1.000000 0.000000
0.998880 0.047316 0.000000 8.277140 -0.047316 0.998880 0.000000 -0.241809 0.000000 0.000000 1.000000 0.000000
0.998574 0.053385 0.000000 8.819166 -0.053385 0.998574 0.000000 -0.272146 0.000000 0.000000 1.000000 0.000000
0.998118 0.061327 0.000000 9.540231 -0.061327 0.998118 0.000000 -0.320862 0.000000 0.000000 1.000000 0.000000
0.997813 0.066099 0.000000 10.108402 -0.066099 0.997813 0.000000 -0.366958 0.000000 0.000000 1.000000 0.000000
0.997534 0.070183 0.000000 10.690246 -0.070183 0.997534 0.000000 -0.408690 0.000000 0.000000 1.000000 0.000000
0.997157 0.075351 0.000000 11.262220 -0.075351 0.997157 0.000000 -0.439742 0.000000 0.000000 1.000000 0.000000
0.996032 0.089001 0.000000 12.407687 -0.089001 0.996032 0.000000 -0.533887 0.000000 0.000000 1.000000 0.000000
0.995583 0.093890 0.000000 12.944243 -0.093890 0.995583 0.000000 -0.570734 0.000000 0.000000 1.000000 0.000000
0.994825 0.101601 0.000000 13.523511 -0.101601 0.994825 0.000000 -0.622326 0.000000 0.000000 1.000000 0.000000
0.993946 0.109870 0.000000 14.070626 -0.109870 0.993946 0.000000 -0.677067 0.000000 0.000000 1.000000 0.000000
0.993093 0.117329 0.000000 14.634618 -0.117329 0.993093 0.000000 -0.741264 0.000000 0.000000 1.000000 0.000000
0.992268 0.124117 0.000000 15.156845 -0.124117 0.992268 0.000000 -0.807503 0.000000 0.000000 1.000000 0.000000
0.991648 0.128976 0.000000 15.730648 -0.128976 0.991648 0.000000 -0.893557 0.000000 0.000000 1.000000 0.000000
0.990842 0.135029 0.000000 16.263308 -0.135029 0.990842 0.000000 -0.973831 0.000000 0.000000 1.000000 0.000000
0.989495 0.144569 0.000000 17.006042 -0.144569 0.989495 0.000000 -1.082083 0.000000 0.000000 1.000000 0.000000
0.987925 0.154934 0.000000 17.571229 -0.154934 0.987925 0.000000 -1.169067 0.000000 0.000000 1.000000 0.000000
0.986965 0.160932 0.000000 18.126110 -0.160932 0.986965 0.000000 -1.262085 0.000000 0.000000 1.000000 0.000000
0.986193 0.165600 0.000000 18.668940 -0.165600 0.986193 0.000000 -1.359986 0.000000 0.000000 1.000000 0.000000
0.985345 0.170571 0.000000 19.233141 -0.170571 0.985345 0.000000 -1.456250 0.000000 0.000000 1.000000 0.000000
0.984195 0.177088 0.000000 19.760433 -0.177088 0.984195 0.000000 -1.553471 0.000000 0.000000 1.000000 0.000000
0.982898 0.184148 0.000000 20.283260 -0.184148 0.982898 0.000000 -1.653718 0.000000 0.000000 1.000000 0.000000
0.981656 0.190658 0.000000 20.836603 -0.190658 0.981656 0.000000 -1.757232 0.000000 0.000000 1.000000 0.000000
0.979796 0.199998 0.000000 21.357358 -0.199998 0.979796 0.000000 -1.866576 0.000000 0.000000 1.000000 0.000000
0.978264 0.207361 0.000000 21.915972 -0.207361 0.978264 0.000000 -1.986531 0.000000 0.000000 1.000000 0.000000
0.976464 0.215683 0.000000 22.654813 -0.215683 0.976464 0.000000 -2.154977 0.000000 0.000000 1.000000 0.000000
0.974612 0.223899 0.000000 23.195526 -0.223899 0.974612 0.000000 -2.286780 0.000000 0.000000 1.000000 0.000000
0.972739 0.231902 0.000000 23.777411 -0.231902 0.972739 0.000000 -2.421759 0.000000 0.000000 1.000000 0.000000
0.971042 0.238909 0.000000 24.319744 -0.238909 0.971042 0.000000 -2.557237 0.000000 0.000000 1.000000 0.000000
0.969258 0.246045 0.000000 24.862449 -0.246045 0.969258 0.000000 -2.696887 0.000000 0.000000 1.000000 0.000000
0.967727 0.252000 0.000000 25.363096 -0.252000 0.967727 0.000000 -2.828434 0.000000 0.000000 1.000000 0.000000
0.966016 0.258481 0.000000 25.911291 -0.258481 0.966016 0.000000 -2.961456 0.000000 0.000000 1.000000 0.000000
0.966301 0.257416 0.000000 26.409399 -0.257416 0.966301 0.000000 -3.086216 0.000000 0.000000 1.000000 0.000000
0.964691 0.263386 0.000000 26.942538 -0.263386 0.964691 0.000000 -3.221857 0.000000 0.000000 1.000000 0.000000
0.961368 0.275266 0.000000 27.964683 -0.275266 0.961368 0.000000 -3.511527 0.000000 0.000000 1.000000 0.000000
0.959888 0.280384 0.000000 28.448987 -0.280384 0.959888 0.000000 -3.653898 0.000000 0.000000 1.000000 0.000000
0.957997 0.286779 0.000000 28.974554 -0.286779 0.957997 0.000000 -3.808257 0.000000 0.000000 1.000000 0.000000
0.955895 0.293708 0.000000 29.641459 -0.293708 0.955895 0.000000 -4.009995 0.000000 0.000000 1.000000 0.000000
0.954264 0.298966 0.000000 30.123633 -0.298966 0.954264 0.000000 -4.165607 0.000000 0.000000 1.000000 0.000000
0.952670 0.304008 0.000000 30.605492 -0.304008 0.952670 0.000000 -4.322502 0.000000 0.000000 1.000000 0.000000
0.950388 0.311068 0.000000 31.112992 -0.311068 0.950388 0.000000 -4.492877 0.000000 0.000000 1.000000 0.000000
0.949482 0.313821 0.000000 31.586690 -0.313821 0.949482 0.000000 -4.651608 0.000000 0.000000 1.000000 0.000000
0.946503 0.322695 0.000000 32.246704 -0.322695 0.946503 0.000000 -4.886897 0.000000 0.000000 1.000000 0.000000
0.944777 0.327713 0.000000 32.752645 -0.327713 0.944777 0.000000 -5.073154 0.000000 0.000000 1.000000 0.000000
0.943542 0.331252 0.000000 33.257149 -0.331252 0.943542 0.000000 -5.262732 0.000000 0.000000 1.000000 0.000000
0.941741 0.336339 0.000000 33.735196 -0.336339 0.941741 0.000000 -5.453403 0.000000 0.000000 1.000000 0.000000
0.940175 0.340693 0.000000 34.239986 -0.340693 0.940175 0.000000 -5.650657 0.000000 0.000000 1.000000 0.000000
0.938360 0.345660 0.000000 34.739018 -0.345660 0.938360 0.000000 -5.844314 0.000000 0.000000 1.000000 0.000000
0.935934 0.352174 0.000000 35.204675 -0.352174 0.935934 0.000000 -6.014227 0.000000 0.000000 1.000000 0.000000
0.934411 0.356196 0.000000 35.702037 -0.356196 0.934411 0.000000 -6.214298 0.000000 0.000000 1.000000 0.000000
0.932622 0.360854 0.000000 36.172847 -0.360854 0.932622 0.000000 -6.401619 0.000000 0.000000 1.000000 0.000000
0.929984 0.367599 0.000000 36.666678 -0.367599 0.929984 0.000000 -6.597693 0.000000 0.000000 1.000000 0.000000
0.927633 0.373494 0.000000 37.140897 -0.373494 0.927633 0.000000 -6.790446 0.000000 0.000000 1.000000 0.000000
0.924791 0.380475 0.000000 37.635167 -0.380475 0.924791 0.000000 -6.993915 0.000000 0.000000 1.000000 0.000000
0.921968 0.387267 0.000000 38.103485 -0.387267 0.921968 0.000000 -7.183414 0.000000 0.000000 1.000000 0.000000
0.919618 0.392813 0.000000 38.596190 -0.392813 0.919618 0.000000 -7.403248 0.000000 0.000000 1.000000 0.000000
0.918278 0.395936 0.000000 39.049614 -0.395936 0.918278 0.000000 -7.602026 0.000000 0.000000 1.000000 0.000000
0.914991 0.403475 0.000000 39.725062 -0.403475 0.914991 0.000000 -7.907682 0.000000 0.000000 1.000000 0.000000
0.910665 0.413145 0.000000 40.418383 -0.413145 0.910665 0.000000 -8.223391 0.000000 0.000000 1.000000 0.000000
0.907416 0.420233 0.000000 40.895087 -0.420233 0.907416 0.000000 -8.442542 0.000000 0.000000 1.000000 0.000000
0.901531 0.432714 0.000000 41.728107 -0.432714 0.901531 0.000000 -8.837982 0.000000 0.000000 1.000000 0.000000
0.899262 0.437409 0.000000 42.200879 -0.437409 0.899262 0.000000 -9.068440 0.000000 0.000000 1.000000 0.000000
0.897193 0.441638 0.000000 42.672677 -0.441638 0.897193 0.000000 -9.302846 0.000000 0.000000 1.000000 0.000000
0.895714 0.444630 0.000000 43.140038 -0.444630 0.895714 0.000000 -9.536889 0.000000 0.000000 1.000000 0.000000
0.891382 0.453253 0.000000 43.602346 -0.453253 0.891382 0.000000 -9.763630 0.000000 0.000000 1.000000 0.000000
0.890467 0.455048 0.000000 44.090467 -0.455048 0.890467 0.000000 -10.017315 0.000000 0.000000 1.000000 0.000000
0.889425 0.457080 0.000000 44.507512 -0.457080 0.889425 0.000000 -10.249372 0.000000 0.000000 1.000000 0.000000
0.886475 0.462777 0.000000 44.956070 -0.462777 0.886475 0.000000 -10.493083 0.000000 0.000000 1.000000 0.000000
0.884502 0.466537 0.000000 45.401119 -0.466537 0.884502 0.000000 -10.725643 0.000000 0.000000 1.000000 0.000000
0.883644 0.468160 0.000000 45.845259 -0.468160 0.883644 0.000000 -10.958504 0.000000 0.000000 1.000000 0.000000
0.881131 0.472872 0.000000 46.269995 -0.472872 0.881131 0.000000 -11.185533 0.000000 0.000000 1.000000 0.000000
0.879491 0.475915 0.000000 46.698910 -0.475915 0.879491 0.000000 -11.421027 0.000000 0.000000 1.000000 0.000000
0.877530 0.479521 0.000000 47.091556 -0.479521 0.877530 0.000000 -11.639163 0.000000 0.000000 1.000000 0.000000
0.877123 0.480266 0.000000 47.509526 -0.480266 0.877123 0.000000 -11.881912 0.000000 0.000000 1.000000 0.000000
0.875078 0.483982 0.000000 47.896896 -0.483982 0.875078 0.000000 -12.098476 0.000000 0.000000 1.000000 0.000000
0.873721 0.486427 0.000000 48.313182 -0.486427 0.873721 0.000000 -12.340410 0.000000 0.000000 1.000000 0.000000
0.873062 0.487610 0.000000 48.710590 -0.487610 0.873062 0.000000 -12.563435 0.000000 0.000000 1.000000 0.000000
0.870335 0.492460 0.000000 49.098475 -0.492460 0.870335 0.000000 -12.788148 0.000000 0.000000 1.000000 0.000000
0.870048 0.492967 0.000000 49.487828 -0.492967 0.870048 0.000000 -13.009618 0.000000 0.000000 1.000000 0.000000
0.864759 0.502187 0.000000 49.878666 -0.502187 0.864759 0.000000 -13.215081 0.000000 0.000000 1.000000 0.000000
0.861974 0.506952 0.000000 50.242718 -0.506952 0.861974 0.000000 -13.433071 0.000000 0.000000 1.000000 0.000000
0.860181 0.509989 0.000000 50.596702 -0.509989 0.860181 0.000000 -13.653394 0.000000 0.000000 1.000000 0.000000
0.857776 0.514023 0.000000 50.966429 -0.514023 0.857776 0.000000 -13.887602 0.000000 0.000000 1.000000 0.000000
0.853993 0.520285 0.000000 51.492829 -0.520285 0.853993 0.000000 -14.238204 0.000000 0.000000 1.000000 0.000000
0.849511 0.527571 0.000000 51.871276 -0.527571 0.849511 0.000000 -14.493647 0.000000 0.000000 1.000000 0.000000
0.844451 0.535633 0.000000 52.220586 -0.535633 0.844451 0.000000 -14.725868 0.000000 0.000000 1.000000 0.000000
0.841682 0.539973 0.000000 52.562887 -0.539973 0.841682 0.000000 -14.958399 0.000000 0.000000 1.000000 0.000000
0.839091 0.543991 0.000000 52.895124 -0.543991 0.839091 0.000000 -15.184793 0.000000 0.000000 1.000000 0.000000
0.835329 0.549750 0.000000 53.230254 -0.549750 0.835329 0.000000 -15.411310 0.000000 0.000000 1.000000 0.000000
0.832713 0.553704 0.000000 53.553761 -0.553704 0.832713 0.000000 -15.635960 0.000000 0.000000 1.000000 0.000000
0.829274 0.558842 0.000000 53.889504 -0.558842 0.829274 0.000000 -15.854397 0.000000 0.000000 1.000000 0.000000
0.827014 0.562181 0.000000 54.215969 -0.562181 0.827014 0.000000 -16.072045 0.000000 0.000000 1.000000 0.000000
0.825188 0.564859 0.000000 54.539369 -0.564859 0.825188 0.000000 -16.299726 0.000000 0.000000 1.000000 0.000000
0.822639 0.568564 0.000000 54.851249 -0.568564 0.822639 0.000000 -16.519634 0.000000 0.000000 1.000000 0.000000
0.819762 0.572704 0.000000 55.455322 -0.572704 0.819762 0.000000 -16.956323 0.000000 0.000000 1.000000 0.000000
0.818258 0.574851 0.000000 55.742581 -0.574851 0.818258 0.000000 -17.162026 0.000000 0.000000 1.000000 0.000000
0.816965 0.576687 0.000000 56.013710 -0.576687 0.816965 0.000000 -17.353083 0.000000 0.000000 1.000000 0.000000
0.816404 0.577481 0.000000 56.279261 -0.577481 0.816404 0.000000 -17.539841 0.000000 0.000000 1.000000 0.000000
0.816081 0.577937 0.000000 56.561461 -0.577937 0.816081 0.000000 -17.745009 0.000000 0.000000 1.000000 0.000000
0.814120 0.580697 0.000000 56.819405 -0.580697 0.814120 0.000000 -17.926590 0.000000 0.000000 1.000000 0.000000
0.812766 0.582590 0.000000 57.089226 -0.582590 0.812766 0.000000 -18.117985 0.000000 0.000000 1.000000 0.000000
0.811619 0.584188 0.000000 57.345712 -0.584188 0.811619 0.000000 -18.301350 0.000000 0.000000 1.000000 0.000000
0.811202 0.584765 0.000000 57.609725 -0.584765 0.811202 0.000000 -18.487271 0.000000 0.000000 1.000000 0.000000
0.811351 0.584559 0.000000 57.846757 -0.584559 0.811351 0.000000 -18.663906 0.000000 0.000000 1.000000 0.000000
0.809045 0.587747 0.000000 58.084945 -0.587747 0.809045 0.000000 -18.826633 0.000000 0.000000 1.000000 0.000000
0.807481 0.589893 0.000000 58.335491 -0.589893 0.807481 0.000000 -19.001308 0.000000 0.000000 1.000000 0.000000
0.803838 0.594848 0.000000 58.688111 -0.594848 0.803838 0.000000 -19.261968 0.000000 0.000000 1.000000 0.000000
0.802448 0.596722 0.000000 58.945123 -0.596722 0.802448 0.000000 -19.444979 0.000000 0.000000 1.000000 0.000000
0.798545 0.601936 0.000000 59.182936 -0.601936 0.798545 0.000000 -19.621698 0.000000 0.000000 1.000000 0.000000
0.795896 0.605433 0.000000 59.407659 -0.605433 0.795896 0.000000 -19.792066 0.000000 0.000000 1.000000 0.000000
0.792581 0.609767 0.000000 59.628424 -0.609767 0.792581 0.000000 -19.957806 0.000000 0.000000 1.000000 0.000000
0.789893 0.613244 0.000000 59.838362 -0.613244 0.789893 0.000000 -20.120070 0.000000 0.000000 1.000000 0.000000
0.789807 0.613355 0.000000 60.047145 -0.613355 0.789807 0.000000 -20.289550 0.000000 0.000000 1.000000 0.000000
0.789286 0.614026 0.000000 60.251929 -0.614026 0.789286 0.000000 -20.455049 0.000000 0.000000 1.000000 0.000000
0.791325 0.611396 0.000000 60.456877 -0.611396 0.791325 0.000000 -20.614887 0.000000 0.000000 1.000000 0.000000
0.789824 0.613334 0.000000 60.637855 -0.613334 0.789824 0.000000 -20.775001 0.000000 0.000000 1.000000 0.000000
0.785320 0.619090 0.000000 61.010220 -0.619090 0.785320 0.000000 -21.081418 0.000000 0.000000 1.000000 0.000000
0.781468 0.623945 0.000000 61.179582 -0.623945 0.781468 0.000000 -21.207268 0.000000 0.000000 1.000000 0.000000
0.780765 0.624825 0.000000 61.336159 -0.624825 0.780765 0.000000 -21.347574 0.000000 0.000000 1.000000 0.000000
0.781257 0.624210 0.000000 61.502742 -0.624210 0.781257 0.000000 -21.498426 0.000000 0.000000 1.000000 0.000000
0.780514 0.625138 0.000000 61.657342 -0.625138 0.780514 0.000000 -21.629338 0.000000 0.000000 1.000000 0.000000
0.779224 0.626746 0.000000 61.806038 -0.626746 0.779224 0.000000 -21.752656 0.000000 0.000000 1.000000 0.000000
0.779081 0.626923 0.000000 61.964723 -0.626923 0.779081 0.000000 -21.882594 0.000000 0.000000 1.000000 0.000000
0.778022 0.628236 0.000000 62.108789 -0.628236 0.778022 0.000000 -22.000591 0.000000 0.000000 1.000000 0.000000
0.776176 0.630517 0.000000 62.266799 -0.630517 0.776176 0.000000 -22.127478 0.000000 0.000000 1.000000 0.000000
0.772293 0.635266 0.000000 62.569983 -0.635266 0.772293 0.000000 -22.375021 0.000000 0.000000 1.000000 0.000000
0.770775 0.637107 0.000000 62.714455 -0.637107 0.770775 0.000000 -22.494104 0.000000 0.000000 1.000000 0.000000
0.770045 0.637990 0.000000 62.859747 -0.637990 0.770045 0.000000 -22.611956 0.000000 0.000000 1.000000 0.000000
0.768375 0.640000 0.000000 63.105723 -0.640000 0.768375 0.000000 -22.812752 0.000000 0.000000 1.000000 0.000000
0.767256 0.641341 0.000000 63.260639 -0.641341 0.767256 0.000000 -22.950150 0.000000 0.000000 1.000000 0.000000
0.764824 0.644239 0.000000 63.414421 -0.644239 0.764824 0.000000 -23.081120 0.000000 0.000000 1.000000 0.000000
0.762777 0.646662 0.000000 63.568721 -0.646662 0.762777 0.000000 -23.215647 0.000000 0.000000 1.000000 0.000000
0.763547 0.645752 0.000000 63.722255 -0.645752 0.763547 0.000000 -23.344117 0.000000 0.000000 1.000000 0.000000
0.762035 0.647536 0.000000 63.877397 -0.647536 0.762035 0.000000 -23.468841 0.000000 0.000000 1.000000 0.000000
0.760634 0.649181 0.000000 64.029021 -0.649181 0.760634 0.000000 -23.594315 0.000000 0.000000 1.000000 0.000000
0.757244 0.653132 0.000000 64.338638 -0.653132 0.757244 0.000000 -23.863058 0.000000 0.000000 1.000000 0.000000
0.754848 0.655899 0.000000 64.493790 -0.655899 0.754848 0.000000 -23.999280 0.000000 0.000000 1.000000 0.000000
0.753082 0.657927 0.000000 64.656728 -0.657927 0.753082 0.000000 -24.135514 0.000000 0.000000 1.000000 0.000000
0.750875 0.660444 0.000000 64.811937 -0.660444 0.750875 0.000000 -24.272139 0.000000 0.000000 1.000000 0.000000
0.748762 0.662839 0.000000 64.977947 -0.662839 0.748762 0.000000 -24.417852 0.000000 0.000000 1.000000 0.000000
0.747824 0.663898 0.000000 65.134264 -0.663898 0.747824 0.000000 -24.562420 0.000000 0.000000 1.000000 0.000000
0.745882 0.666078 0.000000 65.288190 -0.666078 0.745882 0.000000 -24.703728 0.000000 0.000000 1.000000 0.000000
0.744119 0.668047 0.000000 65.453685 -0.668047 0.744119 0.000000 -24.857576 0.000000 0.000000 1.000000 0.000000
0.740944 0.671567 0.000000 65.622564 -0.671567 0.740944 0.000000 -24.996345 0.000000 0.000000 1.000000 0.000000
0.736801 0.676110 0.000000 65.793685 -0.676110 0.736801 0.000000 -25.140592 0.000000 0.000000 1.000000 0.000000
0.732943 0.680290 0.000000 65.964694 -0.680290 0.732943 0.000000 -25.296645 0.000000 0.000000 1.000000 0.000000
0.730682 0.682718 0.000000 66.129613 -0.682718 0.730682 0.000000 -25.446214 0.000000 0.000000 1.000000 0.000000
0.728378 0.685175 0.000000 66.309711 -0.685175 0.728378 0.000000 -25.610774 0.000000 0.000000 1.000000 0.000000
0.726626 0.687033 0.000000 66.467474 -0.687033 0.726626 0.000000 -25.776251 0.000000 0.000000 1.000000 0.000000
0.722937 0.690914 0.000000 66.657302 -0.690914 0.722937 0.000000 -25.952901 0.000000 0.000000 1.000000 0.000000
0.720439 0.693518 0.000000 66.831046 -0.693518 0.720439 0.000000 -26.124681 0.000000 0.000000 1.000000 0.000000
0.715035 0.699088 0.000000 67.097127 -0.699088 0.715035 0.000000 -26.381039 0.000000 0.000000 1.000000 0.000000
0.713246 0.700914 0.000000 67.269578 -0.700914 0.713246 0.000000 -26.552951 0.000000 0.000000 1.000000 0.000000
0.711507 0.702679 0.000000 67.456072 -0.702679 0.711507 0.000000 -26.740141 0.000000 0.000000 1.000000 0.000000
0.709846 0.704357 0.000000 67.631161 -0.704357 0.709846 0.000000 -26.925326 0.000000 0.000000 1.000000 0.000000
0.705453 0.708756 0.000000 68.003243 -0.708756 0.705453 0.000000 -27.315967 0.000000 0.000000 1.000000 0.000000
0.703139 0.711052 0.000000 68.180749 -0.711052 0.703139 0.000000 -27.507253 0.000000 0.000000 1.000000 0.000000
0.700984 0.713177 0.000000 68.355848 -0.713177 0.700984 0.000000 -27.688598 0.000000 0.000000 1.000000 0.000000
0.699358 0.714772 0.000000 68.540371 -0.714772 0.699358 0.000000 -27.885845 0.000000 0.000000 1.000000 0.000000
0.696471 0.717585 0.000000 68.807546 -0.717585 0.696471 0.000000 -28.142606 0.000000 0.000000 1.000000 0.000000
0.691318 0.722550 0.000000 69.002363 -0.722550 0.691318 0.000000 -28.329653 0.000000 0.000000 1.000000 0.000000
0.687825 0.725877 0.000000 69.177613 -0.725877 0.687825 0.000000 -28.513185 0.000000 0.000000 1.000000 0.000000
0.683870 0.729604 0.000000 69.357798 -0.729604 0.683870 0.000000 -28.706345 0.000000 0.000000 1.000000 0.000000
0.681343 0.731964 0.000000 69.517753 -0.731964 0.681343 0.000000 -28.893297 0.000000 0.000000 1.000000 0.000000
0.679477 0.733697 0.000000 69.683355 -0.733697 0.679477 0.000000 -29.075767 0.000000 0.000000 1.000000 0.000000
0.676764 0.736200 0.000000 69.855083 -0.736200 0.676764 0.000000 -29.272619 0.000000 0.000000 1.000000 0.000000
0.675869 0.737022 0.000000 70.021393 -0.737022 0.675869 0.000000 -29.460523 0.000000 0.000000 1.000000 0.000000
0.674185 0.738563 0.000000 70.185244 -0.738563 0.674185 0.000000 -29.647350 0.000000 0.000000 1.000000 0.000000
0.671659 0.740861 0.000000 70.360228 -0.740861 0.671659 0.000000 -29.845786 0.000000 0.000000 1.000000 0.000000
0.671555 0.740954 0.000000 70.516720 -0.740954 0.671555 0.000000 -30.029096 0.000000 0.000000 1.000000 0.000000
0.672130 0.740434 0.000000 70.737851 -0.740434 0.672130 0.000000 -30.284288 0.000000 0.000000 1.000000 0.000000
0.671625 0.740891 0.000000 70.915164 -0.740891 0.671625 0.000000 -30.486068 0.000000 0.000000 1.000000 0.000000
0.670894 0.741553 0.000000 71.078388 -0.741553 0.670894 0.000000 -30.674117 0.000000 0.000000 1.000000 0.000000
0.671391 0.741104 0.000000 71.238371 -0.741104 0.671391 0.000000 -30.865000 0.000000 0.000000 1.000000 0.000000
0.669904 0.742448 0.000000 71.401573 -0.742448 0.669904 0.000000 -31.052907 0.000000 0.000000 1.000000 0.000000
0.669575 0.742744 0.000000 71.562414 -0.742744 0.669575 0.000000 -31.239063 0.000000 0.000000 1.000000 0.000000
0.673257 0.739408 0.000000 71.711011 -0.739408 0.673257 0.000000 -31.428587 0.000000 0.000000 1.000000 0.000000
0.673393 0.739285 0.000000 71.874274 -0.739285 0.673393 0.000000 -31.606477 0.000000 0.000000 1.000000 0.000000
0.675450 0.737405 0.000000 72.034418 -0.737405 0.675450 0.000000 -31.793198 0.000000 0.000000 1.000000 0.000000
0.676103 0.736807 0.000000 72.181740 -0.736807 0.676103 0.000000 -31.959577 0.000000 0.000000 1.000000 0.000000
0.676697 0.736262 0.000000 72.485693 -0.736262 0.676697 0.000000 -32.305461 0.000000 0.000000 1.000000 0.000000
0.676988 0.735994 0.000000 72.644301 -0.735994 0.676988 0.000000 -32.481346 0.000000 0.000000 1.000000 0.000000
0.679335 0.733829 0.000000 72.798503 -0.733829 0.679335 0.000000 -32.654061 0.000000 0.000000 1.000000 0.000000
0.681289 0.732014 0.000000 72.930859 -0.732014 0.681289 0.000000 -32.810194 0.000000 0.000000 1.000000 0.000000
0.682638 0.730757 0.000000 73.084345 -0.730757 0.682638 0.000000 -32.968123 0.000000 0.000000 1.000000 0.000000
0.683649 0.729811 0.000000 73.231399 -0.729811 0.683649 0.000000 -33.125998 0.000000 0.000000 1.000000 0.000000
0.684020 0.729463 0.000000 73.378895 -0.729463 0.684020 0.000000 -33.287748 0.000000 0.000000 1.000000 0.000000
0.685423 0.728145 0.000000 73.626754 -0.728145 0.685423 0.000000 -33.556371 0.000000 0.000000 1.000000 0.000000
0.687113 0.726550 0.000000 73.765716 -0.726550 0.687113 0.000000 -33.712990 0.000000 0.000000 1.000000 0.000000
0.689655 0.724138 0.000000 73.901029 -0.724138 0.689655 0.000000 -33.867427 0.000000 0.000000 1.000000 0.000000
0.690218 0.723602 0.000000 74.039858 -0.723602 0.690218 0.000000 -34.018331 0.000000 0.000000 1.000000 0.000000
0.692976 0.720961 0.000000 74.178049 -0.720961 0.692976 0.000000 -34.171627 0.000000 0.000000 1.000000 0.000000
0.695512 0.718515 0.000000 74.311937 -0.718515 0.695512 0.000000 -34.322561 0.000000 0.000000 1.000000 0.000000
0.701156 0.713008 0.000000 74.584386 -0.713008 0.701156 0.000000 -34.604782 0.000000 0.000000 1.000000 0.000000
0.704586 0.709619 0.000000 74.705659 -0.709619 0.704586 0.000000 -34.734050 0.000000 0.000000 1.000000 0.000000
0.707878 0.706335 0.000000 74.824412 -0.706335 0.707878 0.000000 -34.858593 0.000000 0.000000 1.000000 0.000000
0.714162 0.699980 0.000000 75.035434 -0.699980 0.714162 0.000000 -35.075102 0.000000 0.000000 1.000000 0.000000
0.718578 0.695447 0.000000 75.322737 -0.695447 0.718578 0.000000 -35.349242 0.000000 0.000000 1.000000 0.000000
0.725492 0.688231 0.000000 75.490461 -0.688231 0.725492 0.000000 -35.512270 0.000000 0.000000 1.000000 0.000000
0.728647 0.684889 0.000000 75.599423 -0.684889 0.728647 0.000000 -35.606772 0.000000 0.000000 1.000000 0.000000
0.737599 0.675239 0.000000 75.802195 -0.675239 0.737599 0.000000 -35.809418 0.000000 0.000000 1.000000 0.000000
0.741763 0.670662 0.000000 75.900987 -0.670662 0.741763 0.000000 -35.904254 0.000000 0.000000 1.000000 0.000000
0.745418 0.666597 0.000000 75.996589 -0.666597 0.745418 0.000000 -35.984725 0.000000 0.000000 1.000000 0.000000
0.748356 0.663297 0.000000 76.091557 -0.663297 0.748356 0.000000 -36.069333 0.000000 0.000000 1.000000 0.000000
0.753243 0.657742 0.000000 76.242884 -0.657742 0.753243 0.000000 -36.202869 0.000000 0.000000 1.000000 0.000000
0.760077 0.649833 0.000000 76.421719 -0.649833 0.760077 0.000000 -36.369976 0.000000 0.000000 1.000000 0.000000
0.763834 0.645413 0.000000 76.510723 -0.645413 0.763834 0.000000 -36.448896 0.000000 0.000000 1.000000 0.000000
0.767623 0.640901 0.000000 76.598223 -0.640901 0.767623 0.000000 -36.527682 0.000000 0.000000 1.000000 0.000000
0.771252 0.636530 0.000000 76.681180 -0.636530 0.771252 0.000000 -36.601413 0.000000 0.000000 1.000000 0.000000
0.775063 0.631885 0.000000 76.765862 -0.631885 0.775063 0.000000 -36.670907 0.000000 0.000000 1.000000 0.000000
0.777554 0.628816 0.000000 76.844154 -0.628816 0.777554 0.000000 -36.727470 0.000000 0.000000 1.000000 0.000000
0.784629 0.619965 0.000000 76.992293 -0.619965 0.784629 0.000000 -36.850638 0.000000 0.000000 1.000000 0.000000
0.787063 0.616872 0.000000 77.059698 -0.616872 0.787063 0.000000 -36.903918 0.000000 0.000000 1.000000 0.000000
0.790045 0.613048 0.000000 77.126543 -0.613048 0.790045 0.000000 -36.960646 0.000000 0.000000 1.000000 0.000000
0.791734 0.610866 0.000000 77.184962 -0.610866 0.791734 0.000000 -37.007009 0.000000 0.000000 1.000000 0.000000
0.795161 0.606399 0.000000 77.241503 -0.606399 0.795161 0.000000 -37.049300 0.000000 0.000000 1.000000 0.000000
0.796883 0.604134 0.000000 77.283270 -0.604134 0.796883 0.000000 -37.081009 0.000000 0.000000 1.000000 0.000000
0.798681 0.601754 0.000000 77.327060 -0.601754 0.798681 0.000000 -37.117305 0.000000 0.000000 1.000000 0.000000
0.800270 0.599640 0.000000 77.395306 -0.599640 0.800270 0.000000 -37.164455 0.000000 0.000000 1.000000 0.000000
0.801834 0.597546 0.000000 77.426889 -0.597546 0.801834 0.000000 -37.188408 0.000000 0.000000 1.000000 0.000000
0.802456 0.596712 0.000000 77.461084 -0.596712 0.802456 0.000000 -37.212972 0.000000 0.000000 1.000000 0.000000
0.803117 0.595822 0.000000 77.486753 -0.595822 0.803117 0.000000 -37.227823 0.000000 0.000000 1.000000 0.000000
0.804269 0.594265 0.000000 77.507601 -0.594265 0.804269 0.000000 -37.244899 0.000000 0.000000 1.000000 0.000000
0.805239 0.592951 0.000000 77.528047 -0.592951 0.805239 0.000000 -37.258855 0.000000 0.000000 1.000000 0.000000
0.805641 0.592404 0.000000 77.545017 -0.592404 0.805641 0.000000 -37.270919 0.000000 0.000000 1.000000 0.000000
0.805883 0.592074 0.000000 77.555482 -0.592074 0.805883 0.000000 -37.280737 0.000000 0.000000 1.000000 0.000000
0.807615 0.589711 0.000000 77.565856 -0.589711 0.807615 0.000000 -37.295600 0.000000 0.000000 1.000000 0.000000
0.807005 0.590544 0.000000 77.570606 -0.590544 0.807005 0.000000 -37.288528 0.000000 0.000000 1.000000 0.000000
0.807883 0.589343 0.000000 77.571469 -0.589343 0.807883 0.000000 -37.288203 0.000000 0.000000 1.000000 0.000000
0.807862 0.589372 0.000000 77.569664 -0.589372 0.807862 0.000000 -37.286875 0.000000 0.000000 1.000000 0.000000
0.807119 0.590389 0.000000 77.569439 -0.590389 0.807119 0.000000 -37.283742 0.000000 0.000000 1.000000 0.000000
0.807050 0.590483 0.000000 77.565250 -0.590483 0.807050 0.000000 -37.283442 0.000000 0.000000 1.000000 0.000000
0.806755 0.590886 0.000000 77.562670 -0.590886 0.806755 0.000000 -37.282753 0.000000 0.000000 1.000000 0.000000
0.807758 0.589514 0.000000 77.559687 -0.589514 0.807758 0.000000 -37.287679 0.000000 0.000000 1.000000 0.000000
0.807771 0.589496 0.000000 77.558467 -0.589496 0.807771 0.000000 -37.288550 0.000000 0.000000 1.000000 0.000000
0.807012 0.590536 0.000000 77.559827 -0.590536 0.807012 0.000000 -37.286673 0.000000 0.000000 1.000000 0.000000
0.806863 0.590739 0.000000 77.559922 -0.590739 0.806863 0.000000 -37.286357 0.000000 0.000000 1.000000 0.000000
0.806911 0.590673 0.000000 77.559125 -0.590673 0.806911 0.000000 -37.286305 0.000000 0.000000 1.000000 0.000000
0.806858 0.590745 0.000000 77.559247 -0.590745 0.806858 0.000000 -37.285282 0.000000 0.000000 1.000000 0.000000
0.806861 0.590742 0.000000 77.559953 -0.590742 0.806861 0.000000 -37.283778 0.000000 0.000000 1.000000 0.000000
0.806797 0.590828 0.000000 77.560991 -0.590828 0.806797 0.000000 -37.282427 0.000000 0.000000 1.000000 0.000000
0.806662 0.591013 0.000000 77.562009 -0.591013 0.806662 0.000000 -37.280821 0.000000 0.000000 1.000000 0.000000
0.806617 0.591074 0.000000 77.562375 -0.591074 0.806617 0.000000 -37.280896 0.000000 0.000000 1.000000 0.000000
0.806631 0.591055 0.000000 77.563047 -0.591055 0.806631 0.000000 -37.281253 0.000000 0.000000 1.000000 0.000000
0.806659 0.591017 0.000000 77.563281 -0.591017 0.806659 0.000000 -37.281125 0.000000 0.000000 1.000000 0.000000
0.806652 0.591027 0.000000 77.563258 -0.591027 0.806652 0.000000 -37.281258 0.000000 0.000000 1.000000 0.000000
0.806661 0.591014 0.000000 77.563226 -0.591014 0.806661 0.000000 -37.281747 0.000000 0.000000 1.000000 0.000000
0.806627 0.591061 0.000000 77.563007 -0.591061 0.806627 0.000000 -37.282291 0.000000 0.000000 1.000000 0.000000
0.806605 0.591090 0.000000 77.562823 -0.591090 0.806605 0.000000 -37.282701 0.000000 0.000000 1.000000 0.000000
0.806558 0.591155 0.000000 77.562685 -0.591155 0.806558 0.000000 -37.283255 0.000000 0.000000 1.000000 0.000000
0.806379 0.591400 0.000000 77.562268 -0.591400 0.806379 0.000000 -37.283872 0.000000 0.000000 1.000000 0.000000
0.806299 0.591508 0.000000 77.562168 -0.591508 0.806299 0.000000 -37.283615 0.000000 0.000000 1.000000 0.000000
0.806273 0.591544 0.000000 77.562063 -0.591544 0.806273 0.000000 -37.283070 0.000000 0.000000 1.000000 0.000000
0.806305 0.591500 0.000000 77.561908 -0.591500 0.806305 0.000000 -37.283084 0.000000 0.000000 1.000000 0.000000
0.806368 0.591414 0.000000 77.561356 -0.591414 0.806368 0.000000 -37.283079 0.000000 0.000000 1.000000 0.000000
0.806359 0.591426 0.000000 77.561395 -0.591426 0.806359 0.000000 -37.282941 0.000000 0.000000 1.000000 0.000000
0.806324 0.591474 0.000000 77.561397 -0.591474 0.806324 0.000000 -37.282794 0.000000 0.000000 1.000000 0.000000
0.806331 0.591465 0.000000 77.561365 -0.591465 0.806331 0.000000 -37.282583 0.000000 0.000000 1.000000 0.000000
0.806311 0.591492 0.000000 77.561105 -0.591492 0.806311 0.000000 -37.282620 0.000000 0.000000 1.000000 0.000000
0.806291 0.591519 0.000000 77.561047 -0.591519 0.806291 0.000000 -37.282476 0.000000 0.000000 1.000000 0.000000
0.806334 0.591460 0.000000 77.561018 -0.591460 0.806334 0.000000 -37.282195 0.000000 0.000000 1.000000 0.000000
0.806322 0.591477 0.000000 77.560989 -0.591477 0.806322 0.000000 -37.282009 0.000000 0.000000 1.000000 0.000000
0.806302 0.591504 0.000000 77.561018 -0.591504 0.806302 0.000000 -37.281861 0.000000 0.000000 1.000000 0.000000
0.806334 0.591460 0.000000 77.560819 -0.591460 0.806334 0.000000 -37.281662 0.000000 0.000000 1.000000 0.000000
0.806429 0.591331 0.000000 77.560419 -0.591331 0.806429 0.000000 -37.281389 0.000000 0.000000 1.000000 0.000000
0.806745 0.590900 0.000000 77.558911 -0.590900 0.806745 0.000000 -37.280971 0.000000 0.000000 1.000000 0.000000
0.806666 0.591008 0.000000 77.558765 -0.591008 0.806666 0.000000 -37.280535 0.000000 0.000000 1.000000 0.000000
0.806587 0.591115 0.000000 77.558600 -0.591115 0.806587 0.000000 -37.280151 0.000000 0.000000 1.000000 0.000000
0.806555 0.591159 0.000000 77.558249 -0.591159 0.806555 0.000000 -37.280005 0.000000 0.000000 1.000000 0.000000
0.806637 0.591047 0.000000 77.557222 -0.591047 0.806637 0.000000 -37.279848 0.000000 0.000000 1.000000 0.000000
0.806804 0.590820 0.000000 77.556145 -0.590820 0.806804 0.000000 -37.279493 0.000000 0.000000 1.000000 0.000000
0.806812 0.590809 0.000000 77.554379 -0.590809 0.806812 0.000000 -37.280221 0.000000 0.000000 1.000000 0.000000
0.806707 0.590952 0.000000 77.552220 -0.590952 0.806707 0.000000 -37.280904 0.000000 0.000000 1.000000 0.000000
0.806200 0.591643 0.000000 77.552560 -0.591643 0.806200 0.000000 -37.281766 0.000000 0.000000 1.000000 0.000000
0.805984 0.591937 0.000000 77.553120 -0.591937 0.805984 0.000000 -37.282656 0.000000 0.000000 1.000000 0.000000
0.804976 0.593307 0.000000 77.556032 -0.593307 0.804976 0.000000 -37.285867 0.000000 0.000000 1.000000 0.000000
0.805167 0.593048 0.000000 77.557190 -0.593048 0.805167 0.000000 -37.289391 0.000000 0.000000 1.000000 0.000000
0.805310 0.592854 0.000000 77.560764 -0.592854 0.805310 0.000000 -37.296433 0.000000 0.000000 1.000000 0.000000
0.805533 0.592551 0.000000 77.560620 -0.592551 0.805533 0.000000 -37.301462 0.000000 0.000000 1.000000 0.000000
0.806305 0.591500 0.000000 77.556622 -0.591500 0.806305 0.000000 -37.302798 0.000000 0.000000 1.000000 0.000000
0.806818 0.590800 0.000000 77.555324 -0.590800 0.806818 0.000000 -37.301253 0.000000 0.000000 1.000000 0.000000
0.807176 0.590310 0.000000 77.554600 -0.590310 0.807176 0.000000 -37.300575 0.000000 0.000000 1.000000 0.000000
0.807301 0.590140 0.000000 77.553156 -0.590140 0.807301 0.000000 -37.301031 0.000000 0.000000 1.000000 0.000000
0.807276 0.590174 0.000000 77.553364 -0.590174 0.807276 0.000000 -37.302054 0.000000 0.000000 1.000000 0.000000
0.807334 0.590095 0.000000 77.552703 -0.590095 0.807334 0.000000 -37.302007 0.000000 0.000000 1.000000 0.000000
0.807262 0.590193 0.000000 77.552084 -0.590193 0.807262 0.000000 -37.301562 0.000000 0.000000 1.000000 0.000000
0.807208 0.590267 0.000000 77.551726 -0.590267 0.807208 0.000000 -37.300867 0.000000 0.000000 1.000000 0.000000
0.807194 0.590287 0.000000 77.550167 -0.590287 0.807194 0.000000 -37.300611 0.000000 0.000000 1.000000 0.000000
0.807114 0.590396 0.000000 77.548522 -0.590396 0.807114 0.000000 -37.300284 0.000000 0.000000 1.000000 0.000000
0.807273 0.590178 0.000000 77.546932 -0.590178 0.807273 0.000000 -37.300232 0.000000 0.000000 1.000000 0.000000
0.807342 0.590084 0.000000 77.545883 -0.590084 0.807342 0.000000 -37.300180 0.000000 0.000000 1.000000 0.000000
0.807422 0.589975 0.000000 77.544701 -0.589975 0.807422 0.000000 -37.300264 0.000000 0.000000 1.000000 0.000000
0.807652 0.589660 0.000000 77.543850 -0.589660 0.807652 0.000000 -37.300834 0.000000 0.000000 1.000000 0.000000
0.807995 0.589190 0.000000 77.543974 -0.589190 0.807995 0.000000 -37.300244 0.000000 0.000000 1.000000 0.000000
0.808610 0.588345 0.000000 77.542871 -0.588345 0.808610 0.000000 -37.300708 0.000000 0.000000 1.000000 0.000000
0.809113 0.587653 0.000000 77.541858 -0.587653 0.809113 0.000000 -37.300208 0.000000 0.000000 1.000000 0.000000
0.808861 0.587999 0.000000 77.541707 -0.587999 0.808861 0.000000 -37.297760 0.000000 0.000000 1.000000 0.000000
0.807797 0.589461 0.000000 77.544081 -0.589461 0.807797 0.000000 -37.296876 0.000000 0.000000 1.000000 0.000000
0.805875 0.592085 0.000000 77.552706 -0.592085 0.805875 0.000000 -37.299893 0.000000 0.000000 1.000000 0.000000
0.804843 0.593488 0.000000 77.558812 -0.593488 0.804843 0.000000 -37.302364 0.000000 0.000000 1.000000 0.000000
0.803919 0.594739 0.000000 77.559330 -0.594739 0.803919 0.000000 -37.305047 0.000000 0.000000 1.000000 0.000000
0.802524 0.596620 0.000000 77.563522 -0.596620 0.802524 0.000000 -37.304327 0.000000 0.000000 1.000000 0.000000
0.801324 0.598230 0.000000 77.565663 -0.598230 0.801324 0.000000 -37.304388 0.000000 0.000000 1.000000 0.000000
0.800325 0.599567 0.000000 77.566240 -0.599567 0.800325 0.000000 -37.306432 0.000000 0.000000 1.000000 0.000000
0.799510 0.600653 0.000000 77.570264 -0.600653 0.799510 0.000000 -37.310734 0.000000 0.000000 1.000000 0.000000
0.799401 0.600797 0.000000 77.574895 -0.600797 0.799401 0.000000 -37.320775 0.000000 0.000000 1.000000 0.000000
0.799542 0.600610 0.000000 77.577103 -0.600610 0.799542 0.000000 -37.328207 0.000000 0.000000 1.000000 0.000000
0.800105 0.599860 0.000000 77.583919 -0.599860 0.800105 0.000000 -37.337678 0.000000 0.000000 1.000000 0.000000
0.800885 0.598818 0.000000 77.587712 -0.598818 0.800885 0.000000 -37.342920 0.000000 0.000000 1.000000 0.000000
0.802032 0.597281 0.000000 77.593828 -0.597281 0.802032 0.000000 -37.352242 0.000000 0.000000 1.000000 0.000000
0.802615 0.596498 0.000000 77.603191 -0.596498 0.802615 0.000000 -37.358265 0.000000 0.000000 1.000000 0.000000
0.802580 0.596545 0.000000 77.614300 -0.596545 0.802580 0.000000 -37.365996 0.000000 0.000000 1.000000 0.000000
0.802516 0.596631 0.000000 77.625086 -0.596631 0.802516 0.000000 -37.373728 0.000000 0.000000 1.000000 0.000000
0.802112 0.597173 0.000000 77.635323 -0.597173 0.802112 0.000000 -37.378214 0.000000 0.000000 1.000000 0.000000
0.801682 0.597750 0.000000 77.649744 -0.597750 0.801682 0.000000 -37.386022 0.000000 0.000000 1.000000 0.000000
0.801557 0.597918 0.000000 77.675001 -0.597918 0.801557 0.000000 -37.405098 0.000000 0.000000 1.000000 0.000000
0.802829 0.596209 0.000000 77.682360 -0.596209 0.802829 0.000000 -37.420732 0.000000 0.000000 1.000000 0.000000
0.803076 0.595876 0.000000 77.690979 -0.595876 0.803076 0.000000 -37.430112 0.000000 0.000000 1.000000 0.000000
0.803938 0.594713 0.000000 77.702550 -0.594713 0.803938 0.000000 -37.444170 0.000000 0.000000 1.000000 0.000000
0.804560 0.593871 0.000000 77.710861 -0.593871 0.804560 0.000000 -37.454164 0.000000 0.000000 1.000000 0.000000
0.806198 0.591645 0.000000 77.715088 -0.591645 0.806198 0.000000 -37.464833 0.000000 0.000000 1.000000 0.000000
0.806967 0.590597 0.000000 77.723342 -0.590597 0.806967 0.000000 -37.474139 0.000000 0.000000 1.000000 0.000000
0.807332 0.590097 0.000000 77.729209 -0.590097 0.807332 0.000000 -37.478161 0.000000 0.000000 1.000000 0.000000
0.807553 0.589796 0.000000 77.736850 -0.589796 0.807553 0.000000 -37.478904 0.000000 0.000000 1.000000 0.000000
0.807026 0.590516 0.000000 77.740944 -0.590516 0.807026 0.000000 -37.478883 0.000000 0.000000 1.000000 0.000000
0.806703 0.590957 0.000000 77.745984 -0.590957 0.806703 0.000000 -37.478409 0.000000 0.000000 1.000000 0.000000
0.806146 0.591717 0.000000 77.748932 -0.591717 0.806146 0.000000 -37.477022 0.000000 0.000000 1.000000 0.000000
0.806170 0.591684 0.000000 77.750280 -0.591684 0.806170 0.000000 -37.476731 0.000000 0.000000 1.000000 0.000000
0.806096 0.591785 0.000000 77.751229 -0.591785 0.806096 0.000000 -37.476056 0.000000 0.000000 1.000000 0.000000
0.806352 0.591436 0.000000 77.749429 -0.591436 0.806352 0.000000 -37.479204 0.000000 0.000000 1.000000 0.000000
0.806906 0.590680 0.000000 77.746473 -0.590680 0.806906 0.000000 -37.479683 0.000000 0.000000 1.000000 0.000000
0.807253 0.590205 0.000000 77.743821 -0.590205 0.807253 0.000000 -37.479346 0.000000 0.000000 1.000000 0.000000
0.807271 0.590181 0.000000 77.741862 -0.590181 0.807271 0.000000 -37.478883 0.000000 0.000000 1.000000 0.000000
0.807251 0.590208 0.000000 77.741667 -0.590208 0.807251 0.000000 -37.478222 0.000000 0.000000 1.000000 0.000000
0.807576 0.589764 0.000000 77.740577 -0.589764 0.807576 0.000000 -37.477799 0.000000 0.000000 1.000000 0.000000
0.807706 0.589585 0.000000 77.739648 -0.589585 0.807706 0.000000 -37.478393 0.000000 0.000000 1.000000 0.000000
0.808663 0.588272 0.000000 77.737160 -0.588272 0.808663 0.000000 -37.483473 0.000000 0.000000 1.000000 0.000000
0.808649 0.588292 0.000000 77.737416 -0.588292 0.808649 0.000000 -37.483812 0.000000 0.000000 1.000000 0.000000
0.808854 0.588009 0.000000 77.736009 -0.588009 0.808854 0.000000 -37.484026 0.000000 0.000000 1.000000 0.000000
0.809469 0.587162 0.000000 77.734284 -0.587162 0.809469 0.000000 -37.485827 0.000000 0.000000 1.000000 0.000000
0.809507 0.587110 0.000000 77.734545 -0.587110 0.809507 0.000000 -37.485067 0.000000 0.000000 1.000000 0.000000
0.809775 0.586740 0.000000 77.734168 -0.586740 0.809775 0.000000 -37.485305 0.000000 0.000000 1.000000 0.000000
0.809922 0.586537 0.000000 77.734388 -0.586537 0.809922 0.000000 -37.485008 0.000000 0.000000 1.000000 0.000000
0.809915 0.586547 0.000000 77.734880 -0.586547 0.809915 0.000000 -37.485499 0.000000 0.000000 1.000000 0.000000
0.810119 0.586265 0.000000 77.734633 -0.586265 0.810119 0.000000 -37.485950 0.000000 0.000000 1.000000 0.000000
0.810020 0.586403 0.000000 77.734576 -0.586403 0.810020 0.000000 -37.485798 0.000000 0.000000 1.000000 0.000000
0.810777 0.585356 0.000000 77.733632 -0.585356 0.810777 0.000000 -37.488403 0.000000 0.000000 1.000000 0.000000
