0.999998 0.001905 0.000000 0.829945 -0.001905 0.999998 0.000000 -0.022211 0.000000 0.000000 1.000000 0.000000
1.000000 0.000059 0.000000 1.410709 -0.000059 1.000000 0.000000 -0.033477 0.000000 0.000000 1.000000 0.000000
0.999999 0.001453 0.000000 2.037239 -0.001453 0.999999 0.000000 -0.043787 0.000000 0.000000 1.000000 0.000000
1.000000 -0.000181 0.000000 2.968704 0.000181 1.000000 0.000000 -0.067096 0.000000 0.000000 1.000000 0.000000
0.999996 -0.002753 0.000000 3.588999 0.002753 0.999996 0.000000 -0.090562 0.000000 0.000000 1.000000 0.000000
0.999996 -0.002990 0.000000 4.229667 0.002990 0.999996 0.000000 -0.103910 0.000000 0.000000 1.000000 0.000000
0.999983 -0.005821 0.000000 4.861567 0.005821 0.999983 0.000000 -0.123378 0.000000 0.000000 1.000000 0.000000
0.999958 -0.009213 0.000000 6.117493 0.009213 0.999958 0.000000 -0.144884 0.000000 0.000000 1.000000 0.000000
0.999960 -0.008964 0.000000 6.745842 0.008964 0.999960 0.000000 -0.155993 0.000000 0.000000 1.000000 0.000000
0.999966 -0.008288 0.000000 7.384658 0.008288 0.999966 0.000000 -0.164515 0.000000 0.000000 1.000000 0.000000
0.999974 -0.007146 0.000000 8.019936 0.007146 0.999974 0.000000 -0.170221 0.000000 0.000000 1.000000 0.000000
0.999964 -0.008444 0.000000 8.689309 0.008444 0.999964 0.000000 -0.185045 0.000000 0.000000 1.000000 0.000000
0.999961 -0.008793 0.000000 9.310803 0.008793 0.999961 0.000000 -0.210196 0.000000 0.000000 1.000000 0.000000
0.999958 -0.009113 0.000000 9.937680 0.009113 0.999958 0.000000 -0.217763 0.000000 0.000000 1.000000 0.000000
0.999947 -0.010329 0.000000 10.565232 0.010329 0.999947 0.000000 -0.221194 0.000000 0.000000 1.000000 0.000000
0.999933 -0.011578 0.000000 11.189917 0.011578 0.999933 0.000000 -0.230397 0.000000 0.000000 1.000000 0.000000
0.999935 -0.011367 0.000000 11.806469 0.011367 0.999935 0.000000 -0.232935 0.000000 0.000000 1.000000 0.000000
0.999946 -0.010344 0.000000 12.432613 0.010344 0.999946 0.000000 -0.242665 0.000000 0.000000 1.000000 0.000000
0.999934 -0.011457 0.000000 13.048997 0.011457 0.999934 0.000000 -0.261619 0.000000 0.000000 1.000000 0.000000
0.999941 -0.010822 0.000000 13.691239 0.010822 0.999941 0.000000 -0.271808 0.000000 0.000000 1.000000 0.000000
0.999931 -0.011735 0.000000 14.272592 0.011735 0.999931 0.000000 -0.275392 0.000000 0.000000 1.000000 0.000000
0.999930 -0.011809 0.000000 14.891313 0.011809 0.999930 0.000000 -0.285822 0.000000 0.000000 1.000000 0.000000
0.999935 -0.011436 0.000000 15.506775 0.011436 0.999935 0.000000 -0.299556 0.000000 0.000000 1.000000 0.000000
0.999911 -0.013305 0.000000 16.152031 0.013305 0.999911 0.000000 -0.308068 0.000000 0.000000 1.000000 0.000000
0.999894 -0.014539 0.000000 16.770364 0.014539 0.999894 0.000000 -0.310398 0.000000 0.000000 1.000000 0.000000
0.999880 -0.015507 0.000000 17.392000 0.015507 0.999880 0.000000 -0.317931 0.000000 0.000000 1.000000 0.000000
0.999865 -0.016402 0.000000 18.013109 0.016402 0.999865 0.000000 -0.325080 0.000000 0.000000 1.000000 0.000000
0.999884 -0.015255 0.000000 18.640873 0.015255 0.999884 0.000000 -0.332610 0.000000 0.000000 1.000000 0.000000
0.999848 -0.017449 0.000000 19.260028 0.017449 0.999848 0.000000 -0.336821 0.000000 0.000000 1.000000 0.000000
0.999843 -0.017717 0.000000 19.859116 0.017717 0.999843 0.000000 -0.344285 0.000000 0.000000 1.000000 0.000000
0.999819 -0.019007 0.000000 20.487163 0.019007 0.999819 0.000000 -0.347345 0.000000 0.000000 1.000000 0.000000
0.999847 -0.017473 0.000000 21.113653 0.017473 0.999847 0.000000 -0.350884 0.000000 0.000000 1.000000 0.000000
0.999876 -0.015726 0.000000 21.692255 0.015726 0.999876 0.000000 -0.352876 0.000000 0.000000 1.000000 0.000000
0.999833 -0.018266 0.000000 22.318597 0.018266 0.999833 0.000000 -0.364229 0.000000 0.000000 1.000000 0.000000
0.999788 -0.020608 0.000000 22.927959 0.020608 0.999788 0.000000 -0.368885 0.000000 0.000000 1.000000 0.000000
0.999750 -0.022374 0.000000 23.519985 0.022374 0.999750 0.000000 -0.376496 0.000000 0.000000 1.000000 0.000000
0.999758 -0.022006 0.000000 24.141067 0.022006 0.999758 0.000000 -0.376833 0.000000 0.000000 1.000000 0.000000
0.999774 -0.021260 0.000000 24.767387 0.021260 0.999774 0.000000 -0.382704 0.000000 0.000000 1.000000 0.000000
0.999779 -0.021042 0.000000 25.384814 0.021042 0.999779 0.000000 -0.387803 0.000000 0.000000 1.000000 0.000000
0.999805 -0.019722 0.000000 25.970042 0.019722 0.999805 0.000000 -0.386783 0.000000 0.000000 1.000000 0.000000
0.999871 -0.016061 0.000000 26.601664 0.016061 0.999871 0.000000 -0.394644 0.000000 0.000000 1.000000 0.000000
0.999886 -0.015100 0.000000 27.190184 0.015100 0.999886 0.000000 -0.403147 0.000000 0.000000 1.000000 0.000000
0.999877 -0.015715 0.000000 27.826845 0.015715 0.999877 0.000000 -0.407764 0.000000 0.000000 1.000000 0.000000
0.999849 -0.017351 0.000000 28.461351 0.017351 0.999849 0.000000 -0.415023 0.000000 0.000000 1.000000 0.000000
0.999824 -0.018775 0.000000 29.285945 0.018775 0.999824 0.000000 -0.428643 0.000000 0.000000 1.000000 0.000000
0.999838 -0.018022 0.000000 29.933619 0.018022 0.999838 0.000000 -0.424486 0.000000 0.000000 1.000000 0.000000
0.999858 -0.016852 0.000000 30.572231 0.016852 0.999858 0.000000 -0.420395 0.000000 0.000000 1.000000 0.000000
0.999875 -0.015828 0.000000 31.207334 0.015828 0.999875 0.000000 -0.419229 0.000000 0.000000 1.000000 0.000000
0.999890 -0.014832 0.000000 31.832090 0.014832 0.999890 0.000000 -0.420918 0.000000 0.000000 1.000000 0.000000
0.999869 -0.016193 0.000000 32.476015 0.016193 0.999869 0.000000 -0.426901 0.000000 0.000000 1.000000 0.000000
0.999899 -0.014238 0.000000 33.117294 0.014238 0.999899 0.000000 -0.432050 0.000000 0.000000 1.000000 0.000000
0.999918 -0.012780 0.000000 33.764459 0.012780 0.999918 0.000000 -0.434354 0.000000 0.000000 1.000000 0.000000
0.999946 -0.010360 0.000000 34.400769 0.010360 0.999946 0.000000 -0.434072 0.000000 0.000000 1.000000 0.000000
0.999950 -0.010045 0.000000 35.041878 0.010045 0.999950 0.000000 -0.442062 0.000000 0.000000 1.000000 0.000000
0.999970 -0.007798 0.000000 35.681413 0.007798 0.999970 0.000000 -0.444408 0.000000 0.000000 1.000000 0.000000
0.999959 -0.009014 0.000000 36.312645 0.009014 0.999959 0.000000 -0.455885 0.000000 0.000000 1.000000 0.000000
0.999967 -0.008067 0.000000 36.946241 0.008067 0.999967 0.000000 -0.464104 0.000000 0.000000 1.000000 0.000000
0.999976 -0.006951 0.000000 37.576150 0.006951 0.999976 0.000000 -0.470213 0.000000 0.000000 1.000000 0.000000
0.999969 -0.007831 0.000000 38.176611 0.007831 0.999969 0.000000 -0.481519 0.000000 0.000000 1.000000 0.000000
0.999981 -0.006156 0.000000 38.819372 0.006156 0.999981 0.000000 -0.489340 0.000000 0.000000 1.000000 0.000000
0.999994 -0.003360 0.000000 39.446449 0.003360 0.999994 0.000000 -0.493410 0.000000 0.000000 1.000000 0.000000
0.999994 -0.003508 0.000000 40.093135 0.003508 0.999994 0.000000 -0.502951 0.000000 0.000000 1.000000 0.000000
0.999987 -0.005095 0.000000 40.723242 0.005095 0.999987 0.000000 -0.512649 0.000000 0.000000 1.000000 0.000000
0.999990 -0.004490 0.000000 41.360053 0.004490 0.999990 0.000000 -0.518336 0.000000 0.000000 1.000000 0.000000
0.999996 -0.002939 0.000000 42.001971 0.002939 0.999996 0.000000 -0.531334 0.000000 0.000000 1.000000 0.000000
0.999998 -0.001968 0.000000 42.647205 0.001968 0.999998 0.000000 -0.539732 0.000000 0.000000 1.000000 0.000000
0.999999 -0.001357 0.000000 43.293799 0.001357 0.999999 0.000000 -0.541990 0.000000 0.000000 1.000000 0.000000
1.000000 0.000680 0.000000 43.932752 -0.000680 1.000000 0.000000 -0.547725 0.000000 0.000000 1.000000 0.000000
1.000000 0.000855 0.000000 44.582276 -0.000855 1.000000 0.000000 -0.559994 0.000000 0.000000 1.000000 0.000000
1.000000 -0.000885 0.000000 45.193160 0.000885 1.000000 0.000000 -0.575082 0.000000 0.000000 1.000000 0.000000
0.999999 0.001497 0.000000 45.850425 -0.001497 0.999999 0.000000 -0.570960 0.000000 0.000000 1.000000 0.000000
0.999998 0.002086 0.000000 46.508277 -0.002086 0.999998 0.000000 -0.576645 0.000000 0.000000 1.000000 0.000000
0.999991 0.004227 0.000000 47.169675 -0.004227 0.999991 0.000000 -0.590211 0.000000 0.000000 1.000000 0.000000
1.000000 0.000211 0.000000 47.839210 -0.000211 1.000000 0.000000 -0.606076 0.000000 0.000000 1.000000 0.000000
0.999997 -0.002285 0.000000 48.485207 0.002285 0.999997 0.000000 -0.621650 0.000000 0.000000 1.000000 0.000000
0.999998 -0.002160 0.000000 49.099745 0.002160 0.999998 0.000000 -0.631676 0.000000 0.000000 1.000000 0.000000
0.999999 -0.001230 0.000000 49.750583 0.001230 0.999999 0.000000 -0.635869 0.000000 0.000000 1.000000 0.000000
0.999999 0.001361 0.000000 50.404438 -0.001361 0.999999 0.000000 -0.638399 0.000000 0.000000 1.000000 0.000000
0.999998 0.002100 0.000000 51.070037 -0.002100 0.999998 0.000000 -0.647408 0.000000 0.000000 1.000000 0.000000
1.000000 0.000820 0.000000 51.732694 -0.000820 1.000000 0.000000 -0.660321 0.000000 0.000000 1.000000 0.000000
0.999997 -0.002491 0.000000 52.391947 0.002491 0.999997 0.000000 -0.668331 0.000000 0.000000 1.000000 0.000000
1.000000 -0.000974 0.000000 53.420878 0.000974 1.000000 0.000000 -0.690457 0.000000 0.000000 1.000000 0.000000
0.999994 -0.003433 0.000000 54.107228 0.003433 0.999994 0.000000 -0.704889 0.000000 0.000000 1.000000 0.000000
1.000000 -0.000358 0.000000 54.743694 0.000358 1.000000 0.000000 -0.718078 0.000000 0.000000 1.000000 0.000000
1.000000 -0.000992 0.000000 55.400447 0.000992 1.000000 0.000000 -0.730351 0.000000 0.000000 1.000000 0.000000
0.999999 -0.001088 0.000000 56.067021 0.001088 0.999999 0.000000 -0.741028 0.000000 0.000000 1.000000 0.000000
0.999998 -0.001866 0.000000 56.722064 0.001866 0.999998 0.000000 -0.753608 0.000000 0.000000 1.000000 0.000000
1.000000 -0.000827 0.000000 57.375065 0.000827 1.000000 0.000000 -0.765157 0.000000 0.000000 1.000000 0.000000
0.999998 -0.001815 0.000000 58.024764 0.001815 0.999998 0.000000 -0.780470 0.000000 0.000000 1.000000 0.000000
0.999995 -0.003316 0.000000 59.366747 0.003316 0.999995 0.000000 -0.788080 0.000000 0.000000 1.000000 0.000000
0.999996 -0.002988 0.000000 60.012042 0.002988 0.999996 0.000000 -0.782093 0.000000 0.000000 1.000000 0.000000
0.999983 -0.005760 0.000000 60.650986 0.005760 0.999983 0.000000 -0.778499 0.000000 0.000000 1.000000 0.000000
0.999989 -0.004635 0.000000 61.289382 0.004635 0.999989 0.000000 -0.779147 0.000000 0.000000 1.000000 0.000000
0.999998 -0.001947 0.000000 61.923314 0.001947 0.999998 0.000000 -0.779211 0.000000 0.000000 1.000000 0.000000
1.000000 0.000273 0.000000 62.588337 -0.000273 1.000000 0.000000 -0.786744 0.000000 0.000000 1.000000 0.000000
1.000000 0.000755 0.000000 63.221240 -0.000755 1.000000 0.000000 -0.793712 0.000000 0.000000 1.000000 0.000000
0.999999 0.001571 0.000000 63.824487 -0.001571 0.999999 0.000000 -0.798347 0.000000 0.000000 1.000000 0.000000
1.000000 0.000694 0.000000 64.452759 -0.000694 1.000000 0.000000 -0.811036 0.000000 0.000000 1.000000 0.000000
1.000000 0.000828 0.000000 65.044841 -0.000828 1.000000 0.000000 -0.822138 0.000000 0.000000 1.000000 0.000000
0.999999 0.001654 0.000000 65.674554 -0.001654 0.999999 0.000000 -0.842314 0.000000 0.000000 1.000000 0.000000
0.999997 0.002605 0.000000 66.298694 -0.002605 0.999997 0.000000 -0.858917 0.000000 0.000000 1.000000 0.000000
0.999996 0.002831 0.000000 66.879533 -0.002831 0.999996 0.000000 -0.870747 0.000000 0.000000 1.000000 0.000000
0.999992 0.003979 0.000000 67.497246 -0.003979 0.999992 0.000000 -0.882411 0.000000 0.000000 1.000000 0.000000
0.999998 0.001963 0.000000 68.105551 -0.001963 0.999998 0.000000 -0.901017 0.000000 0.000000 1.000000 0.000000
0.999998 0.002062 0.000000 68.670036 -0.002062 0.999998 0.000000 -0.920711 0.000000 0.000000 1.000000 0.000000
1.000000 0.000775 0.000000 69.276026 -0.000775 1.000000 0.000000 -0.939190 0.000000 0.000000 1.000000 0.000000
1.000000 0.000840 0.000000 69.844693 -0.000840 1.000000 0.000000 -0.946398 0.000000 0.000000 1.000000 0.000000
0.999991 0.004309 0.000000 70.456601 -0.004309 0.999991 0.000000 -0.954547 0.000000 0.000000 1.000000 0.000000
0.999988 0.004910 0.000000 71.061409 -0.004910 0.999988 0.000000 -0.964906 0.000000 0.000000 1.000000 0.000000
0.999988 0.004893 0.000000 71.899818 -0.004893 0.999988 0.000000 -0.984895 0.000000 0.000000 1.000000 0.000000
0.999982 0.005919 0.000000 72.502360 -0.005919 0.999982 0.000000 -0.996845 0.000000 0.000000 1.000000 0.000000
0.999978 0.006651 0.000000 73.100172 -0.006651 0.999978 0.000000 -1.012314 0.000000 0.000000 1.000000 0.000000
0.999986 0.005254 0.000000 73.693167 -0.005254 0.999986 0.000000 -1.024854 0.000000 0.000000 1.000000 0.000000
0.999988 0.004935 0.000000 74.286802 -0.004935 0.999988 0.000000 -1.034617 0.000000 0.000000 1.000000 0.000000
0.999996 0.002838 0.000000 74.876779 -0.002838 0.999996 0.000000 -1.041882 0.000000 0.000000 1.000000 0.000000
0.999998 0.001820 0.000000 75.509207 -0.001820 0.999998 0.000000 -1.054792 0.000000 0.000000 1.000000 0.000000
0.999997 0.002442 0.000000 76.107994 -0.002442 0.999997 0.000000 -1.066995 0.000000 0.000000 1.000000 0.000000
0.999998 0.002182 0.000000 76.703447 -0.002182 0.999998 0.000000 -1.083742 0.000000 0.000000 1.000000 0.000000
0.999985 0.005456 0.000000 77.894754 -0.005456 0.999985 0.000000 -1.121150 0.000000 0.000000 1.000000 0.000000
0.999992 0.004071 0.000000 78.483447 -0.004071 0.999992 0.000000 -1.135216 0.000000 0.000000 1.000000 0.000000
0.999982 0.006074 0.000000 79.069268 -0.006074 0.999982 0.000000 -1.149113 0.000000 0.000000 1.000000 0.000000
0.999981 0.006121 0.000000 79.648171 -0.006121 0.999981 0.000000 -1.171188 0.000000 0.000000 1.000000 0.000000
0.999984 0.005705 0.000000 80.232125 -0.005705 0.999984 0.000000 -1.188215 0.000000 0.000000 1.000000 0.000000
0.999972 0.007472 0.000000 80.812842 -0.007472 0.999972 0.000000 -1.206387 0.000000 0.000000 1.000000 0.000000
0.999980 0.006357 0.000000 81.389308 -0.006357 0.999980 0.000000 -1.232522 0.000000 0.000000 1.000000 0.000000
0.999989 0.004723 0.000000 81.957515 -0.004723 0.999989 0.000000 -1.243511 0.000000 0.000000 1.000000 0.000000
0.999989 0.004678 0.000000 82.523295 -0.004678 0.999989 0.000000 -1.253444 0.000000 0.000000 1.000000 0.000000
0.999977 0.006747 0.000000 83.073904 -0.006747 0.999977 0.000000 -1.267389 0.000000 0.000000 1.000000 0.000000
0.999976 0.006894 0.000000 83.629285 -0.006894 0.999976 0.000000 -1.277630 0.000000 0.000000 1.000000 0.000000
0.999976 0.006898 0.000000 84.167960 -0.006898 0.999976 0.000000 -1.289352 0.000000 0.000000 1.000000 0.000000
0.999976 0.006918 0.000000 84.702867 -0.006918 0.999976 0.000000 -1.307011 0.000000 0.000000 1.000000 0.000000
0.999962 0.008666 0.000000 85.219444 -0.008666 0.999962 0.000000 -1.324816 0.000000 0.000000 1.000000 0.000000
0.999946 0.010365 0.000000 85.765413 -0.010365 0.999946 0.000000 -1.339906 0.000000 0.000000 1.000000 0.000000
0.999916 0.012930 0.000000 86.292040 -0.012930 0.999916 0.000000 -1.358039 0.000000 0.000000 1.000000 0.000000
0.999885 0.015138 0.000000 86.800344 -0.015138 0.999885 0.000000 -1.370001 0.000000 0.000000 1.000000 0.000000
0.999884 0.015254 0.000000 87.338999 -0.015254 0.999884 0.000000 -1.394064 0.000000 0.000000 1.000000 0.000000
0.999892 0.014716 0.000000 87.860821 -0.014716 0.999892 0.000000 -1.415323 0.000000 0.000000 1.000000 0.000000
0.999891 0.014785 0.000000 88.347122 -0.014785 0.999891 0.000000 -1.434424 0.000000 0.000000 1.000000 0.000000
0.999877 0.015700 0.000000 88.875310 -0.015700 0.999877 0.000000 -1.462135 0.000000 0.000000 1.000000 0.000000
0.999827 0.018623 0.000000 89.394369 -0.018623 0.999827 0.000000 -1.486307 0.000000 0.000000 1.000000 0.000000
0.999835 0.018150 0.000000 89.880155 -0.018150 0.999835 0.000000 -1.509866 0.000000 0.000000 1.000000 0.000000
0.999828 0.018530 0.000000 90.403514 -0.018530 0.999828 0.000000 -1.531117 0.000000 0.000000 1.000000 0.000000
0.999801 0.019929 0.000000 90.924692 -0.019929 0.999801 0.000000 -1.547465 0.000000 0.000000 1.000000 0.000000
0.999759 0.021965 0.000000 91.413434 -0.021965 0.999759 0.000000 -1.571328 0.000000 0.000000 1.000000 0.000000
0.999741 0.022747 0.000000 91.920265 -0.022747 0.999741 0.000000 -1.599102 0.000000 0.000000 1.000000 0.000000
0.999733 0.023087 0.000000 92.404097 -0.023087 0.999733 0.000000 -1.620439 0.000000 0.000000 1.000000 0.000000
0.999683 0.025185 0.000000 92.912673 -0.025185 0.999683 0.000000 -1.645201 0.000000 0.000000 1.000000 0.000000
0.999673 0.025577 0.000000 93.576082 -0.025577 0.999673 0.000000 -1.674935 0.000000 0.000000 1.000000 0.000000
0.999577 0.029092 0.000000 94.076584 -0.029092 0.999577 0.000000 -1.687382 0.000000 0.000000 1.000000 0.000000
0.999521 0.030950 0.000000 94.574632 -0.030950 0.999521 0.000000 -1.707007 0.000000 0.000000 1.000000 0.000000
0.999487 0.032030 0.000000 95.070500 -0.032030 0.999487 0.000000 -1.729162 0.000000 0.000000 1.000000 0.000000
0.999495 0.031772 0.000000 95.558609 -0.031772 0.999495 0.000000 -1.756671 0.000000 0.000000 1.000000 0.000000
0.999525 0.030808 0.000000 96.037176 -0.030808 0.999525 0.000000 -1.785819 0.000000 0.000000 1.000000 0.000000
0.999486 0.032067 0.000000 96.501632 -0.032067 0.999486 0.000000 -1.810950 0.000000 0.000000 1.000000 0.000000
0.999363 0.035688 0.000000 97.460654 -0.035688 0.999363 0.000000 -1.875098 0.000000 0.000000 1.000000 0.000000
0.999299 0.037450 0.000000 97.931066 -0.037450 0.999299 0.000000 -1.912504 0.000000 0.000000 1.000000 0.000000
0.999167 0.040807 0.000000 98.400682 -0.040807 0.999167 0.000000 -1.940597 0.000000 0.000000 1.000000 0.000000
0.999085 0.042769 0.000000 98.870581 -0.042769 0.999085 0.000000 -1.980567 0.000000 0.000000 1.000000 0.000000
0.999033 0.043969 0.000000 99.349051 -0.043969 0.999033 0.000000 -2.019831 0.000000 0.000000 1.000000 0.000000
0.998883 0.047242 0.000000 99.807131 -0.047242 0.998883 0.000000 -2.051692 0.000000 0.000000 1.000000 0.000000
0.998792 0.049134 0.000000 100.273198 -0.049134 0.998792 0.000000 -2.093833 0.000000 0.000000 1.000000 0.000000
0.998593 0.053038 0.000000 100.734012 -0.053038 0.998593 0.000000 -2.131632 0.000000 0.000000 1.000000 0.000000
0.998433 0.055956 0.000000 101.196978 -0.055956 0.998433 0.000000 -2.171916 0.000000 0.000000 1.000000 0.000000
0.998280 0.058630 0.000000 101.657312 -0.058630 0.998280 0.000000 -2.208975 0.000000 0.000000 1.000000 0.000000
0.998137 0.061016 0.000000 102.082726 -0.061016 0.998137 0.000000 -2.249139 0.000000 0.000000 1.000000 0.000000
0.998029 0.062760 0.000000 102.529805 -0.062760 0.998029 0.000000 -2.287392 0.000000 0.000000 1.000000 0.000000
0.997816 0.066056 0.000000 102.973963 -0.066056 0.997816 0.000000 -2.329138 0.000000 0.000000 1.000000 0.000000
0.997759 0.066913 0.000000 103.415587 -0.066913 0.997759 0.000000 -2.376812 0.000000 0.000000 1.000000 0.000000
0.997510 0.070527 0.000000 103.839575 -0.070527 0.997510 0.000000 -2.423413 0.000000 0.000000 1.000000 0.000000
0.997350 0.072749 0.000000 104.263253 -0.072749 0.997350 0.000000 -2.459599 0.000000 0.000000 1.000000 0.000000
0.996728 0.080825 0.000000 104.684921 -0.080825 0.996728 0.000000 -2.499531 0.000000 0.000000 1.000000 0.000000
0.996491 0.083696 0.000000 105.100553 -0.083696 0.996491 0.000000 -2.538874 0.000000 0.000000 1.000000 0.000000
0.996200 0.087101 0.000000 105.512952 -0.087101 0.996200 0.000000 -2.586622 0.000000 0.000000 1.000000 0.000000
0.996190 0.087204 0.000000 105.927844 -0.087204 0.996190 0.000000 -2.631275 0.000000 0.000000 1.000000 0.000000
0.995892 0.090544 0.000000 106.326229 -0.090544 0.995892 0.000000 -2.682410 0.000000 0.000000 1.000000 0.000000
0.995954 0.089864 0.000000 106.721390 -0.089864 0.995954 0.000000 -2.737241 0.000000 0.000000 1.000000 0.000000
0.995340 0.096428 0.000000 107.106296 -0.096428 0.995340 0.000000 -2.775427 0.000000 0.000000 1.000000 0.000000
0.994986 0.100018 0.000000 107.512143 -0.100018 0.994986 0.000000 -2.818577 0.000000 0.000000 1.000000 0.000000
0.995055 0.099324 0.000000 107.896896 -0.099324 0.995055 0.000000 -2.868498 0.000000 0.000000 1.000000 0.000000
0.994717 0.102655 0.000000 108.273848 -0.102655 0.994717 0.000000 -2.906895 0.000000 0.000000 1.000000 0.000000
0.994321 0.106427 0.000000 108.688580 -0.106427 0.994321 0.000000 -2.960586 0.000000 0.000000 1.000000 0.000000
0.993826 0.110950 0.000000 109.086147 -0.110950 0.993826 0.000000 -3.010327 0.000000 0.000000 1.000000 0.000000
0.993462 0.114167 0.000000 109.654232 -0.114167 0.993462 0.000000 -3.096405 0.000000 0.000000 1.000000 0.000000
0.993217 0.116278 0.000000 110.069633 -0.116278 0.993217 0.000000 -3.155002 0.000000 0.000000 1.000000 0.000000
0.992994 0.118165 0.000000 110.481207 -0.118165 0.992994 0.000000 -3.221312 0.000000 0.000000 1.000000 0.000000
0.992742 0.120261 0.000000 110.902002 -0.120261 0.992742 0.000000 -3.277818 0.000000 0.000000 1.000000 0.000000
0.992470 0.122485 0.000000 111.320549 -0.122485 0.992470 0.000000 -3.346955 0.000000 0.000000 1.000000 0.000000
0.992416 0.122926 0.000000 111.739158 -0.122926 0.992416 0.000000 -3.407767 0.000000 0.000000 1.000000 0.000000
0.992329 0.123625 0.000000 112.156393 -0.123625 0.992329 0.000000 -3.477037 0.000000 0.000000 1.000000 0.000000
0.992011 0.126152 0.000000 112.579364 -0.126152 0.992011 0.000000 -3.541434 0.000000 0.000000 1.000000 0.000000
0.991162 0.132656 0.000000 113.310941 -0.132656 0.991162 0.000000 -3.661717 0.000000 0.000000 1.000000 0.000000
0.991149 0.132752 0.000000 113.729113 -0.132752 0.991149 0.000000 -3.741824 0.000000 0.000000 1.000000 0.000000
0.991293 0.131676 0.000000 114.161879 -0.131676 0.991293 0.000000 -3.817425 0.000000 0.000000 1.000000 0.000000
0.991382 0.131003 0.000000 114.589387 -0.131003 0.991382 0.000000 -3.889059 0.000000 0.000000 1.000000 0.000000
0.991498 0.130121 0.000000 115.025114 -0.130121 0.991498 0.000000 -3.953981 0.000000 0.000000 1.000000 0.000000
0.990966 0.134110 0.000000 115.462622 -0.134110 0.990966 0.000000 -4.010137 0.000000 0.000000 1.000000 0.000000
0.991071 0.133338 0.000000 115.903975 -0.133338 0.991071 0.000000 -4.079777 0.000000 0.000000 1.000000 0.000000
0.991107 0.133066 0.000000 116.346462 -0.133066 0.991107 0.000000 -4.146803 0.000000 0.000000 1.000000 0.000000
0.991023 0.133691 0.000000 116.790017 -0.133691 0.991023 0.000000 -4.216783 0.000000 0.000000 1.000000 0.000000
0.990800 0.135333 0.000000 117.239666 -0.135333 0.990800 0.000000 -4.290069 0.000000 0.000000 1.000000 0.000000
0.990216 0.139546 0.000000 117.686103 -0.139546 0.990216 0.000000 -4.366550 0.000000 0.000000 1.000000 0.000000
0.990174 0.139839 0.000000 118.509282 -0.139839 0.990174 0.000000 -4.504745 0.000000 0.000000 1.000000 0.000000
0.990225 0.139478 0.000000 118.961539 -0.139478 0.990225 0.000000 -4.583897 0.000000 0.000000 1.000000 0.000000
0.990081 0.140495 0.000000 119.415062 -0.140495 0.990081 0.000000 -4.657375 0.000000 0.000000 1.000000 0.000000
0.989828 0.142271 0.000000 119.871364 -0.142271 0.989828 0.000000 -4.744731 0.000000 0.000000 1.000000 0.000000
0.989487 0.144624 0.000000 120.329584 -0.144624 0.989487 0.000000 -4.830430 0.000000 0.000000 1.000000 0.000000
0.989330 0.145693 0.000000 120.786880 -0.145693 0.989330 0.000000 -4.915330 0.000000 0.000000 1.000000 0.000000
0.989178 0.146717 0.000000 121.252457 -0.146717 0.989178 0.000000 -5.002465 0.000000 0.000000 1.000000 0.000000
0.988662 0.150158 0.000000 121.717232 -0.150158 0.988662 0.000000 -5.086822 0.000000 0.000000 1.000000 0.000000
0.988103 0.153791 0.000000 122.221018 -0.153791 0.988103 0.000000 -5.176801 0.000000 0.000000 1.000000 0.000000
0.987655 0.156644 0.000000 122.664506 -0.156644 0.987655 0.000000 -5.258439 0.000000 0.000000 1.000000 0.000000
0.987725 0.156201 0.000000 123.172100 -0.156201 0.987725 0.000000 -5.359633 0.000000 0.000000 1.000000 0.000000
0.987565 0.157209 0.000000 123.647009 -0.157209 0.987565 0.000000 -5.452760 0.000000 0.000000 1.000000 0.000000
0.987223 0.159342 0.000000 124.114405 -0.159342 0.987223 0.000000 -5.543328 0.000000 0.000000 1.000000 0.000000
0.987539 0.157375 0.000000 124.580450 -0.157375 0.987539 0.000000 -5.643115 0.000000 0.000000 1.000000 0.000000
0.986979 0.160850 0.000000 125.057065 -0.160850 0.986979 0.000000 -5.728017 0.000000 0.000000 1.000000 0.000000
0.986643 0.162899 0.000000 125.523127 -0.162899 0.986643 0.000000 -5.821434 0.000000 0.000000 1.000000 0.000000
0.986045 0.166481 0.000000 125.994535 -0.166481 0.986045 0.000000 -5.918096 0.000000 0.000000 1.000000 0.000000
0.985047 0.172286 0.000000 126.471049 -0.172286 0.985047 0.000000 -6.014360 0.000000 0.000000 1.000000 0.000000
0.984857 0.173370 0.000000 126.920393 -0.173370 0.984857 0.000000 -6.103751 0.000000 0.000000 1.000000 0.000000
0.984790 0.173751 0.000000 127.399928 -0.173751 0.984790 0.000000 -6.196077 0.000000 0.000000 1.000000 0.000000
0.984491 0.175438 0.000000 127.876173 -0.175438 0.984491 0.000000 -6.293694 0.000000 0.000000 1.000000 0.000000
0.984427 0.175791 0.000000 128.664760 -0.175791 0.984427 0.000000 -6.452621 0.000000 0.000000 1.000000 0.000000
0.984345 0.176254 0.000000 129.149608 -0.176254 0.984345 0.000000 -6.553636 0.000000 0.000000 1.000000 0.000000
0.986173 0.165719 0.000000 130.124934 -0.165719 0.986173 0.000000 -6.762343 0.000000 0.000000 1.000000 0.000000
0.985933 0.167141 0.000000 130.616107 -0.167141 0.985933 0.000000 -6.857204 0.000000 0.000000 1.000000 0.000000
0.985915 0.167245 0.000000 131.114194 -0.167245 0.985915 0.000000 -6.955441 0.000000 0.000000 1.000000 0.000000
0.985746 0.168239 0.000000 131.617926 -0.168239 0.985746 0.000000 -7.053803 0.000000 0.000000 1.000000 0.000000
0.985982 0.166853 0.000000 132.116112 -0.166853 0.985982 0.000000 -7.153076 0.000000 0.000000 1.000000 0.000000
0.985779 0.168048 0.000000 132.614531 -0.168048 0.985779 0.000000 -7.244167 0.000000 0.000000 1.000000 0.000000
0.985782 0.168027 0.000000 133.150937 -0.168027 0.985782 0.000000 -7.348037 0.000000 0.000000 1.000000 0.000000
0.985355 0.170516 0.000000 133.635910 -0.170516 0.985355 0.000000 -7.439214 0.000000 0.000000 1.000000 0.000000
0.985089 0.172047 0.000000 134.147575 -0.172047 0.985089 0.000000 -7.537582 0.000000 0.000000 1.000000 0.000000
0.985300 0.170832 0.000000 134.660350 -0.170832 0.985300 0.000000 -7.632099 0.000000 0.000000 1.000000 0.000000
0.985909 0.167281 0.000000 135.141564 -0.167281 0.985909 0.000000 -7.733558 0.000000 0.000000 1.000000 0.000000
0.985851 0.167624 0.000000 135.652830 -0.167624 0.985851 0.000000 -7.829821 0.000000 0.000000 1.000000 0.000000
0.985801 0.167917 0.000000 136.174842 -0.167917 0.985801 0.000000 -7.926244 0.000000 0.000000 1.000000 0.000000
0.985327 0.170679 0.000000 136.660947 -0.170679 0.985327 0.000000 -8.010096 0.000000 0.000000 1.000000 0.000000
0.985921 0.167209 0.000000 137.182164 -0.167209 0.985921 0.000000 -8.097967 0.000000 0.000000 1.000000 0.000000
0.985341 0.170597 0.000000 137.715320 -0.170597 0.985341 0.000000 -8.205820 0.000000 0.000000 1.000000 0.000000
0.984978 0.172681 0.000000 138.348193 -0.172681 0.984978 0.000000 -8.322922 0.000000 0.000000 1.000000 0.000000
0.984742 0.174022 0.000000 138.911513 -0.174022 0.984742 0.000000 -8.430625 0.000000 0.000000 1.000000 0.000000
0.984331 0.176329 0.000000 139.400030 -0.176329 0.984331 0.000000 -8.522215 0.000000 0.000000 1.000000 0.000000
0.984283 0.176598 0.000000 139.924791 -0.176598 0.984283 0.000000 -8.632586 0.000000 0.000000 1.000000 0.000000
0.983393 0.181488 0.000000 140.461094 -0.181488 0.983393 0.000000 -8.742964 0.000000 0.000000 1.000000 0.000000
0.982910 0.184086 0.000000 140.998187 -0.184086 0.982910 0.000000 -8.856403 0.000000 0.000000 1.000000 0.000000
0.981767 0.190090 0.000000 144.808234 -0.190090 0.981767 0.000000 -9.693204 0.000000 0.000000 1.000000 0.000000
0.981978 0.188993 0.000000 145.330295 -0.188993 0.981978 0.000000 -9.800282 0.000000 0.000000 1.000000 0.000000
0.982710 0.185154 0.000000 146.484898 -0.185154 0.982710 0.000000 -10.046419 0.000000 0.000000 1.000000 0.000000
0.981573 0.191086 0.000000 147.601474 -0.191086 0.981573 0.000000 -10.300725 0.000000 0.000000 1.000000 0.000000
0.981372 0.192117 0.000000 148.164791 -0.192117 0.981372 0.000000 -10.427910 0.000000 0.000000 1.000000 0.000000
0.981195 0.193019 0.000000 148.726502 -0.193019 0.981195 0.000000 -10.558594 0.000000 0.000000 1.000000 0.000000
0.981105 0.193475 0.000000 149.295344 -0.193475 0.981105 0.000000 -10.686148 0.000000 0.000000 1.000000 0.000000
0.981397 0.191988 0.000000 149.865125 -0.191988 0.981397 0.000000 -10.830261 0.000000 0.000000 1.000000 0.000000
0.982159 0.188050 0.000000 150.440755 -0.188050 0.982159 0.000000 -10.965545 0.000000 0.000000 1.000000 0.000000
0.981523 0.191345 0.000000 151.015204 -0.191345 0.981523 0.000000 -11.096555 0.000000 0.000000 1.000000 0.000000
0.981491 0.191507 0.000000 151.594703 -0.191507 0.981491 0.000000 -11.226518 0.000000 0.000000 1.000000 0.000000
0.981670 0.190589 0.000000 152.165527 -0.190589 0.981670 0.000000 -11.369835 0.000000 0.000000 1.000000 0.000000
0.981549 0.191213 0.000000 153.082449 -0.191213 0.981549 0.000000 -11.588156 0.000000 0.000000 1.000000 0.000000
0.980910 0.194462 0.000000 153.660562 -0.194462 0.980910 0.000000 -11.720968 0.000000 0.000000 1.000000 0.000000
0.981294 0.192517 0.000000 154.219564 -0.192517 0.981294 0.000000 -11.866814 0.000000 0.000000 1.000000 0.000000
0.980815 0.194941 0.000000 154.794828 -0.194941 0.980815 0.000000 -12.003116 0.000000 0.000000 1.000000 0.000000
0.980463 0.196706 0.000000 155.408766 -0.196706 0.980463 0.000000 -12.149325 0.000000 0.000000 1.000000 0.000000
0.980035 0.198824 0.000000 155.936815 -0.198824 0.980035 0.000000 -12.274409 0.000000 0.000000 1.000000 0.000000
0.979905 0.199467 0.000000 156.540218 -0.199467 0.979905 0.000000 -12.432042 0.000000 0.000000 1.000000 0.000000
0.980010 0.198950 0.000000 157.107588 -0.198950 0.980010 0.000000 -12.575187 0.000000 0.000000 1.000000 0.000000
0.980064 0.198680 0.000000 157.686812 -0.198680 0.980064 0.000000 -12.710946 0.000000 0.000000 1.000000 0.000000
0.980165 0.198182 0.000000 158.258259 -0.198182 0.980165 0.000000 -12.835638 0.000000 0.000000 1.000000 0.000000
0.980205 0.197984 0.000000 158.823802 -0.197984 0.980205 0.000000 -12.964467 0.000000 0.000000 1.000000 0.000000
0.980546 0.196289 0.000000 159.391815 -0.196289 0.980546 0.000000 -13.092905 0.000000 0.000000 1.000000 0.000000
0.980782 0.195105 0.000000 159.962864 -0.195105 0.980782 0.000000 -13.215518 0.000000 0.000000 1.000000 0.000000
0.980722 0.195408 0.000000 160.529548 -0.195408 0.980722 0.000000 -13.334778 0.000000 0.000000 1.000000 0.000000
0.981059 0.193709 0.000000 161.104438 -0.193709 0.981059 0.000000 -13.466487 0.000000 0.000000 1.000000 0.000000
0.980410 0.196968 0.000000 161.676479 -0.196968 0.980410 0.000000 -13.589054 0.000000 0.000000 1.000000 0.000000
0.980001 0.198991 0.000000 162.808547 -0.198991 0.980001 0.000000 -13.844691 0.000000 0.000000 1.000000 0.000000
0.979895 0.199515 0.000000 163.380195 -0.199515 0.979895 0.000000 -13.973537 0.000000 0.000000 1.000000 0.000000
0.980007 0.198962 0.000000 163.911023 -0.198962 0.980007 0.000000 -14.096435 0.000000 0.000000 1.000000 0.000000
0.979778 0.200085 0.000000 164.500536 -0.200085 0.979778 0.000000 -14.229306 0.000000 0.000000 1.000000 0.000000
0.979475 0.201564 0.000000 165.062050 -0.201564 0.979475 0.000000 -14.351038 0.000000 0.000000 1.000000 0.000000
0.979773 0.200113 0.000000 166.170934 -0.200113 0.979773 0.000000 -14.606267 0.000000 0.000000 1.000000 0.000000
0.979942 0.199283 0.000000 166.737518 -0.199283 0.979942 0.000000 -14.732230 0.000000 0.000000 1.000000 0.000000
0.979661 0.200660 0.000000 167.271216 -0.200660 0.979661 0.000000 -14.860144 0.000000 0.000000 1.000000 0.000000
0.979494 0.201472 0.000000 167.834354 -0.201472 0.979494 0.000000 -14.988394 0.000000 0.000000 1.000000 0.000000
0.979775 0.200101 0.000000 168.405378 -0.200101 0.979775 0.000000 -15.118634 0.000000 0.000000 1.000000 0.000000
0.979543 0.201234 0.000000 168.943049 -0.201234 0.979543 0.000000 -15.229109 0.000000 0.000000 1.000000 0.000000
0.979131 0.203229 0.000000 169.701843 -0.203229 0.979131 0.000000 -15.390739 0.000000 0.000000 1.000000 0.000000
0.978259 0.207386 0.000000 170.274313 -0.207386 0.978259 0.000000 -15.505674 0.000000 0.000000 1.000000 0.000000
0.978093 0.208171 0.000000 170.844346 -0.208171 0.978093 0.000000 -15.629189 0.000000 0.000000 1.000000 0.000000
0.977123 0.212674 0.000000 171.455716 -0.212674 0.977123 0.000000 -15.756339 0.000000 0.000000 1.000000 0.000000
0.977180 0.212411 0.000000 171.995329 -0.212411 0.977180 0.000000 -15.875721 0.000000 0.000000 1.000000 0.000000
0.977801 0.209535 0.000000 172.604736 -0.209535 0.977801 0.000000 -16.026120 0.000000 0.000000 1.000000 0.000000
0.977031 0.213097 0.000000 173.178592 -0.213097 0.977031 0.000000 -16.154152 0.000000 0.000000 1.000000 0.000000
0.977553 0.210687 0.000000 173.754067 -0.210687 0.977553 0.000000 -16.286924 0.000000 0.000000 1.000000 0.000000
0.976596 0.215083 0.000000 174.338654 -0.215083 0.976596 0.000000 -16.415145 0.000000 0.000000 1.000000 0.000000
0.977210 0.212275 0.000000 174.906073 -0.212275 0.977210 0.000000 -16.552935 0.000000 0.000000 1.000000 0.000000
0.977464 0.211104 0.000000 175.486851 -0.211104 0.977464 0.000000 -16.686465 0.000000 0.000000 1.000000 0.000000
0.977332 0.211713 0.000000 176.060263 -0.211713 0.977332 0.000000 -16.826550 0.000000 0.000000 1.000000 0.000000
0.978396 0.206738 0.000000 176.640030 -0.206738 0.978396 0.000000 -16.973409 0.000000 0.000000 1.000000 0.000000
0.979180 0.202994 0.000000 177.210776 -0.202994 0.979180 0.000000 -17.115108 0.000000 0.000000 1.000000 0.000000
0.978993 0.203892 0.000000 177.786881 -0.203892 0.978993 0.000000 -17.244241 0.000000 0.000000 1.000000 0.000000
0.978530 0.206104 0.000000 178.358429 -0.206104 0.978530 0.000000 -17.381030 0.000000 0.000000 1.000000 0.000000
0.978349 0.206962 0.000000 178.928398 -0.206962 0.978349 0.000000 -17.511446 0.000000 0.000000 1.000000 0.000000
0.978110 0.208091 0.000000 179.465031 -0.208091 0.978110 0.000000 -17.643911 0.000000 0.000000 1.000000 0.000000
0.978145 0.207922 0.000000 180.079593 -0.207922 0.978145 0.000000 -17.790016 0.000000 0.000000 1.000000 0.000000
0.978620 0.205678 0.000000 180.611105 -0.205678 0.978620 0.000000 -17.913582 0.000000 0.000000 1.000000 0.000000
0.978476 0.206361 0.000000 181.191647 -0.206361 0.978476 0.000000 -18.049423 0.000000 0.000000 1.000000 0.000000
0.978337 0.207019 0.000000 181.776678 -0.207019 0.978337 0.000000 -18.181198 0.000000 0.000000 1.000000 0.000000
0.977759 0.209732 0.000000 182.360611 -0.209732 0.977759 0.000000 -18.318949 0.000000 0.000000 1.000000 0.000000
0.976176 0.216980 0.000000 182.938012 -0.216980 0.976176 0.000000 -18.453431 0.000000 0.000000 1.000000 0.000000
0.976196 0.216890 0.000000 183.510674 -0.216890 0.976196 0.000000 -18.585906 0.000000 0.000000 1.000000 0.000000
0.976307 0.216390 0.000000 184.086749 -0.216390 0.976307 0.000000 -18.724642 0.000000 0.000000 1.000000 0.000000
0.976348 0.216207 0.000000 184.664661 -0.216207 0.976348 0.000000 -18.865644 0.000000 0.000000 1.000000 0.000000
0.976248 0.216654 0.000000 185.246498 -0.216654 0.976248 0.000000 -19.010762 0.000000 0.000000 1.000000 0.000000
0.975856 0.218414 0.000000 185.831994 -0.218414 0.975856 0.000000 -19.152544 0.000000 0.000000 1.000000 0.000000
0.976225 0.216760 0.000000 186.406515 -0.216760 0.976225 0.000000 -19.295418 0.000000 0.000000 1.000000 0.000000
0.976293 0.216451 0.000000 186.985819 -0.216451 0.976293 0.000000 -19.437139 0.000000 0.000000 1.000000 0.000000
0.975768 0.218807 0.000000 187.566119 -0.218807 0.975768 0.000000 -19.571696 0.000000 0.000000 1.000000 0.000000
0.975586 0.219617 0.000000 188.112670 -0.219617 0.975586 0.000000 -19.701260 0.000000 0.000000 1.000000 0.000000
0.975670 0.219246 0.000000 188.682532 -0.219246 0.975670 0.000000 -19.845533 0.000000 0.000000 1.000000 0.000000
0.975645 0.219354 0.000000 189.261352 -0.219354 0.975645 0.000000 -19.983970 0.000000 0.000000 1.000000 0.000000
0.975618 0.219478 0.000000 189.815305 -0.219478 0.975618 0.000000 -20.121050 0.000000 0.000000 1.000000 0.000000
0.976218 0.216789 0.000000 190.382364 -0.216789 0.976218 0.000000 -20.264601 0.000000 0.000000 1.000000 0.000000
0.975825 0.218553 0.000000 190.959305 -0.218553 0.975825 0.000000 -20.411705 0.000000 0.000000 1.000000 0.000000
0.976596 0.215081 0.000000 191.502672 -0.215081 0.976596 0.000000 -20.547599 0.000000 0.000000 1.000000 0.000000
0.976604 0.215044 0.000000 192.067073 -0.215044 0.976604 0.000000 -20.690043 0.000000 0.000000 1.000000 0.000000
0.975858 0.218408 0.000000 192.638842 -0.218408 0.975858 0.000000 -20.827974 0.000000 0.000000 1.000000 0.000000
0.975918 0.218139 0.000000 193.176953 -0.218139 0.975918 0.000000 -20.955484 0.000000 0.000000 1.000000 0.000000
0.975516 0.219928 0.000000 193.752953 -0.219928 0.975516 0.000000 -21.092303 0.000000 0.000000 1.000000 0.000000
0.975255 0.221085 0.000000 194.316906 -0.221085 0.975255 0.000000 -21.227965 0.000000 0.000000 1.000000 0.000000
0.975130 0.221632 0.000000 195.140324 -0.221632 0.975130 0.000000 -21.445068 0.000000 0.000000 1.000000 0.000000
0.974791 0.223119 0.000000 195.703168 -0.223119 0.974791 0.000000 -21.577184 0.000000 0.000000 1.000000 0.000000
0.974625 0.223845 0.000000 196.272786 -0.223845 0.974625 0.000000 -21.712947 0.000000 0.000000 1.000000 0.000000
0.974865 0.222794 0.000000 196.839752 -0.222794 0.974865 0.000000 -21.854233 0.000000 0.000000 1.000000 0.000000
0.974703 0.223504 0.000000 197.408133 -0.223504 0.974703 0.000000 -22.000381 0.000000 0.000000 1.000000 0.000000
0.975072 0.221889 0.000000 197.979645 -0.221889 0.975072 0.000000 -22.130867 0.000000 0.000000 1.000000 0.000000
0.975854 0.218425 0.000000 198.540478 -0.218425 0.975854 0.000000 -22.275701 0.000000 0.000000 1.000000 0.000000
0.975737 0.218945 0.000000 199.123733 -0.218945 0.975737 0.000000 -22.416102 0.000000 0.000000 1.000000 0.000000
0.975704 0.219092 0.000000 199.627765 -0.219092 0.975704 0.000000 -22.540882 0.000000 0.000000 1.000000 0.000000
0.975446 0.220238 0.000000 200.613331 -0.220238 0.975446 0.000000 -22.787595 0.000000 0.000000 1.000000 0.000000
0.975394 0.220467 0.000000 201.182219 -0.220467 0.975394 0.000000 -22.923371 0.000000 0.000000 1.000000 0.000000
0.975280 0.220973 0.000000 201.899518 -0.220973 0.975280 0.000000 -23.103128 0.000000 0.000000 1.000000 0.000000
0.975166 0.221475 0.000000 202.618320 -0.221475 0.975166 0.000000 -23.283160 0.000000 0.000000 1.000000 0.000000
0.974737 0.223357 0.000000 203.583210 -0.223357 0.974737 0.000000 -23.532609 0.000000 0.000000 1.000000 0.000000
0.974899 0.222649 0.000000 204.144698 -0.222649 0.974899 0.000000 -23.673813 0.000000 0.000000 1.000000 0.000000
0.974998 0.222213 0.000000 204.720427 -0.222213 0.974998 0.000000 -23.822452 0.000000 0.000000 1.000000 0.000000
0.974923 0.222544 0.000000 205.280773 -0.222544 0.974923 0.000000 -23.965780 0.000000 0.000000 1.000000 0.000000
0.974798 0.223088 0.000000 205.814238 -0.223088 0.974798 0.000000 -24.098665 0.000000 0.000000 1.000000 0.000000
0.975338 0.220718 0.000000 206.382541 -0.220718 0.975338 0.000000 -24.240669 0.000000 0.000000 1.000000 0.000000
0.974656 0.223708 0.000000 206.938514 -0.223708 0.974656 0.000000 -24.381452 0.000000 0.000000 1.000000 0.000000
0.974580 0.224040 0.000000 207.738006 -0.224040 0.974580 0.000000 -24.595777 0.000000 0.000000 1.000000 0.000000
0.974961 0.222375 0.000000 208.303373 -0.222375 0.974961 0.000000 -24.739651 0.000000 0.000000 1.000000 0.000000
0.975048 0.221993 0.000000 208.867881 -0.221993 0.975048 0.000000 -24.881356 0.000000 0.000000 1.000000 0.000000
0.974969 0.222343 0.000000 209.427471 -0.222343 0.974969 0.000000 -25.019998 0.000000 0.000000 1.000000 0.000000
0.975807 0.218635 0.000000 210.020496 -0.218635 0.975807 0.000000 -25.163883 0.000000 0.000000 1.000000 0.000000
0.975762 0.218835 0.000000 210.543281 -0.218835 0.975762 0.000000 -25.291842 0.000000 0.000000 1.000000 0.000000
0.975656 0.219306 0.000000 211.145473 -0.219306 0.975656 0.000000 -25.438699 0.000000 0.000000 1.000000 0.000000
0.975809 0.218625 0.000000 211.678564 -0.218625 0.975809 0.000000 -25.571582 0.000000 0.000000 1.000000 0.000000
