1.000000 0.000501 0.000000 0.578446 -0.000502 0.999999 0.000000 -0.000146 0.000000 0.000000 1.000000 0.000000
0.999997 0.002382 0.000000 1.127454 -0.002384 0.999995 0.000000 -0.004084 0.000000 0.000000 1.000000 0.000000
0.999994 0.003143 0.000000 1.714163 -0.003145 0.999993 0.000000 -0.007050 0.000000 0.000000 1.000000 0.000000
0.999987 0.004692 0.000000 2.303510 -0.004697 0.999986 0.000000 -0.012999 0.000000 0.000000 1.000000 0.000000
0.999975 0.006535 0.000000 2.838762 -0.006542 0.999975 0.000000 -0.018024 0.000000 0.000000 1.000000 0.000000
0.999955 0.009214 0.000000 3.429035 -0.009222 0.999952 0.000000 -0.028145 0.000000 0.000000 1.000000 0.000000
0.999931 0.011787 0.000000 4.570813 -0.011786 0.999922 0.000000 -0.045350 0.000000 0.000000 1.000000 0.000000
0.999905 0.013716 0.000000 5.174113 -0.013709 0.999895 0.000000 -0.057214 0.000000 0.000000 1.000000 0.000000
0.999872 0.015911 0.000000 6.010108 -0.015902 0.999857 0.000000 -0.073561 0.000000 0.000000 1.000000 0.000000
0.999829 0.018443 0.000000 6.598650 -0.018433 0.999809 0.000000 -0.089281 0.000000 0.000000 1.000000 0.000000
0.999797 0.019978 0.000000 7.191924 -0.019959 0.999778 0.000000 -0.103554 0.000000 0.000000 1.000000 0.000000
0.999782 0.020379 0.000000 7.785371 -0.020345 0.999765 0.000000 -0.116524 0.000000 0.000000 1.000000 0.000000
0.999748 0.021749 0.000000 8.334785 -0.021704 0.999733 0.000000 -0.129801 0.000000 0.000000 1.000000 0.000000
0.999675 0.024775 0.000000 8.941230 -0.024724 0.999659 0.000000 -0.145401 0.000000 0.000000 1.000000 0.000000
0.999642 0.026100 0.000000 9.501692 -0.026049 0.999625 0.000000 -0.162808 0.000000 0.000000 1.000000 0.000000
0.999632 0.026427 0.000000 10.088701 -0.026373 0.999613 0.000000 -0.181183 0.000000 0.000000 1.000000 0.000000
0.999609 0.027134 0.000000 10.649166 -0.027071 0.999590 0.000000 -0.200100 0.000000 0.000000 1.000000 0.000000
0.999589 0.027587 0.000000 11.218836 -0.027518 0.999583 0.000000 -0.219334 0.000000 0.000000 1.000000 0.000000
0.999539 0.028912 0.000000 11.798242 -0.028837 0.999551 0.000000 -0.239001 0.000000 0.000000 1.000000 0.000000
0.999458 0.031099 0.000000 12.563125 -0.031027 0.999495 0.000000 -0.267538 0.000000 0.000000 1.000000 0.000000
0.999416 0.032295 0.000000 13.196103 -0.032224 0.999460 0.000000 -0.291284 0.000000 0.000000 1.000000 0.000000
0.999368 0.033826 0.000000 13.744619 -0.033748 0.999404 0.000000 -0.313223 0.000000 0.000000 1.000000 0.000000
0.999353 0.034490 0.000000 14.357709 -0.034415 0.999380 0.000000 -0.336207 0.000000 0.000000 1.000000 0.000000
0.999310 0.035780 0.000000 14.941420 -0.035710 0.999337 0.000000 -0.361710 0.000000 0.000000 1.000000 0.000000
0.999227 0.037367 0.000000 15.531939 -0.037296 0.999286 0.000000 -0.388009 0.000000 0.000000 1.000000 0.000000
0.999080 0.039547 0.000000 16.108309 -0.039454 0.999204 0.000000 -0.413101 0.000000 0.000000 1.000000 0.000000
0.998971 0.040271 0.000000 16.678046 -0.040179 0.999181 0.000000 -0.436598 0.000000 0.000000 1.000000 0.000000
0.998898 0.041527 0.000000 17.248199 -0.041444 0.999132 0.000000 -0.460493 0.000000 0.000000 1.000000 0.000000
0.998940 0.042021 0.000000 17.834157 -0.041949 0.999111 0.000000 -0.484673 0.000000 0.000000 1.000000 0.000000
0.998983 0.043296 0.000000 18.415470 -0.043244 0.999055 0.000000 -0.510153 0.000000 0.000000 1.000000 0.000000
0.998944 0.045647 0.000000 18.989007 -0.045616 0.998941 0.000000 -0.538480 0.000000 0.000000 1.000000 0.000000
0.998917 0.046481 0.000000 19.537211 -0.046464 0.998894 0.000000 -0.566162 0.000000 0.000000 1.000000 0.000000
0.998845 0.047729 0.000000 20.104067 -0.047690 0.998838 0.000000 -0.598193 0.000000 0.000000 1.000000 0.000000
0.998591 0.050428 0.000000 21.208033 -0.050303 0.998703 0.000000 -0.658319 0.000000 0.000000 1.000000 0.000000
0.998338 0.053910 0.000000 22.146974 -0.053704 0.998501 0.000000 -0.711077 0.000000 0.000000 1.000000 0.000000
0.998217 0.056953 0.000000 22.698951 -0.056753 0.998322 0.000000 -0.745485 0.000000 0.000000 1.000000 0.000000
0.998194 0.058125 0.000000 23.247374 -0.057948 0.998249 0.000000 -0.778274 0.000000 0.000000 1.000000 0.000000
0.998015 0.061408 0.000000 23.802933 -0.061229 0.998040 0.000000 -0.813161 0.000000 0.000000 1.000000 0.000000
0.997773 0.065070 0.000000 24.365994 -0.064869 0.997799 0.000000 -0.854334 0.000000 0.000000 1.000000 0.000000
0.997615 0.066950 0.000000 24.961580 -0.066718 0.997673 0.000000 -0.897479 0.000000 0.000000 1.000000 0.000000
0.997348 0.070455 0.000000 25.520916 -0.070191 0.997425 0.000000 -0.940350 0.000000 0.000000 1.000000 0.000000
0.996860 0.077154 0.000000 26.635273 -0.076868 0.996909 0.000000 -1.029195 0.000000 0.000000 1.000000 0.000000
0.996675 0.079676 0.000000 27.195089 -0.079395 0.996706 0.000000 -1.075217 0.000000 0.000000 1.000000 0.000000
0.996494 0.081931 0.000000 27.763522 -0.081649 0.996521 0.000000 -1.123467 0.000000 0.000000 1.000000 0.000000
0.996216 0.085216 0.000000 28.288750 -0.084931 0.996245 0.000000 -1.172066 0.000000 0.000000 1.000000 0.000000
0.996001 0.087579 0.000000 28.859059 -0.087289 0.996045 0.000000 -1.226009 0.000000 0.000000 1.000000 0.000000
0.995534 0.092554 0.000000 29.753953 -0.092265 0.995609 0.000000 -1.312438 0.000000 0.000000 1.000000 0.000000
0.995244 0.095522 0.000000 30.350644 -0.095218 0.995324 0.000000 -1.372426 0.000000 0.000000 1.000000 0.000000
0.994951 0.098347 0.000000 30.915669 -0.097994 0.995026 0.000000 -1.432111 0.000000 0.000000 1.000000 0.000000
0.994775 0.099963 0.000000 31.486852 -0.099586 0.994857 0.000000 -1.493009 0.000000 0.000000 1.000000 0.000000
0.994590 0.101790 0.000000 32.060373 -0.101392 0.994657 0.000000 -1.553694 0.000000 0.000000 1.000000 0.000000
0.994345 0.104012 0.000000 32.620047 -0.103548 0.994388 0.000000 -1.615362 0.000000 0.000000 1.000000 0.000000
0.994106 0.106131 0.000000 33.186498 -0.105630 0.994146 0.000000 -1.677960 0.000000 0.000000 1.000000 0.000000
0.993830 0.108730 0.000000 33.758043 -0.108226 0.993860 0.000000 -1.741284 0.000000 0.000000 1.000000 0.000000
0.993623 0.110566 0.000000 34.321037 -0.110076 0.993674 0.000000 -1.805889 0.000000 0.000000 1.000000 0.000000
0.993395 0.112462 0.000000 34.849166 -0.111966 0.993468 0.000000 -1.868232 0.000000 0.000000 1.000000 0.000000
0.992841 0.116551 0.000000 35.809911 -0.116002 0.993013 0.000000 -1.984212 0.000000 0.000000 1.000000 0.000000
0.992466 0.119204 0.000000 36.378751 -0.118617 0.992705 0.000000 -2.056025 0.000000 0.000000 1.000000 0.000000
0.992204 0.121193 0.000000 36.954634 -0.120611 0.992477 0.000000 -2.127820 0.000000 0.000000 1.000000 0.000000
0.991980 0.122789 0.000000 37.523056 -0.122313 0.992342 0.000000 -2.197976 0.000000 0.000000 1.000000 0.000000
0.991732 0.124612 0.000000 38.080978 -0.124233 0.992155 0.000000 -2.270159 0.000000 0.000000 1.000000 0.000000
0.991473 0.126559 0.000000 38.639345 -0.126221 0.991922 0.000000 -2.343110 0.000000 0.000000 1.000000 0.000000
0.991135 0.128654 0.000000 39.233117 -0.128346 0.991665 0.000000 -2.421208 0.000000 0.000000 1.000000 0.000000
0.990886 0.130146 0.000000 39.768397 -0.129824 0.991472 0.000000 -2.492191 0.000000 0.000000 1.000000 0.000000
0.990690 0.131452 0.000000 40.331562 -0.131191 0.991310 0.000000 -2.566950 0.000000 0.000000 1.000000 0.000000
0.990585 0.132393 0.000000 40.895234 -0.132095 0.991179 0.000000 -2.643217 0.000000 0.000000 1.000000 0.000000
0.990442 0.134305 0.000000 41.455034 -0.133956 0.990902 0.000000 -2.721597 0.000000 0.000000 1.000000 0.000000
0.990335 0.135726 0.000000 41.977270 -0.135361 0.990692 0.000000 -2.795501 0.000000 0.000000 1.000000 0.000000
0.990197 0.137026 0.000000 42.543025 -0.136643 0.990499 0.000000 -2.877284 0.000000 0.000000 1.000000 0.000000
0.989936 0.139083 0.000000 43.069443 -0.138718 0.990214 0.000000 -2.954537 0.000000 0.000000 1.000000 0.000000
0.989436 0.142403 0.000000 44.038359 -0.142011 0.989738 0.000000 -3.098916 0.000000 0.000000 1.000000 0.000000
0.989126 0.144203 0.000000 44.581829 -0.143750 0.989465 0.000000 -3.179913 0.000000 0.000000 1.000000 0.000000
0.988633 0.147290 0.000000 45.109770 -0.146760 0.988987 0.000000 -3.263453 0.000000 0.000000 1.000000 0.000000
0.988023 0.150299 0.000000 46.182897 -0.149724 0.988554 0.000000 -3.428060 0.000000 0.000000 1.000000 0.000000
0.987576 0.152971 0.000000 46.761046 -0.152367 0.988142 0.000000 -3.520054 0.000000 0.000000 1.000000 0.000000
0.987314 0.154837 0.000000 47.266222 -0.154213 0.987839 0.000000 -3.600915 0.000000 0.000000 1.000000 0.000000
0.986997 0.157547 0.000000 48.330875 -0.156982 0.987408 0.000000 -3.774085 0.000000 0.000000 1.000000 0.000000
0.986685 0.159833 0.000000 48.867322 -0.159294 0.987038 0.000000 -3.863154 0.000000 0.000000 1.000000 0.000000
0.986402 0.161566 0.000000 49.381745 -0.161037 0.986761 0.000000 -3.949986 0.000000 0.000000 1.000000 0.000000
0.986130 0.163103 0.000000 49.873882 -0.162549 0.986503 0.000000 -4.034774 0.000000 0.000000 1.000000 0.000000
0.985468 0.166917 0.000000 50.786418 -0.166289 0.985840 0.000000 -4.190135 0.000000 0.000000 1.000000 0.000000
0.985247 0.168150 0.000000 51.307386 -0.167493 0.985621 0.000000 -4.278459 0.000000 0.000000 1.000000 0.000000
0.984915 0.170080 0.000000 51.820247 -0.169408 0.985284 0.000000 -4.367826 0.000000 0.000000 1.000000 0.000000
0.984720 0.171206 0.000000 52.318778 -0.170493 0.985069 0.000000 -4.454019 0.000000 0.000000 1.000000 0.000000
0.984372 0.173141 0.000000 52.820388 -0.172370 0.984704 0.000000 -4.540943 0.000000 0.000000 1.000000 0.000000
0.983958 0.175266 0.000000 53.303091 -0.174447 0.984320 0.000000 -4.628494 0.000000 0.000000 1.000000 0.000000
0.983456 0.177794 0.000000 53.774402 -0.176893 0.983845 0.000000 -4.716786 0.000000 0.000000 1.000000 0.000000
0.982767 0.181251 0.000000 54.463544 -0.180270 0.983198 0.000000 -4.845169 0.000000 0.000000 1.000000 0.000000
0.982456 0.182991 0.000000 54.863954 -0.182062 0.982899 0.000000 -4.921301 0.000000 0.000000 1.000000 0.000000
0.982336 0.183994 0.000000 55.310402 -0.183160 0.982734 0.000000 -5.007319 0.000000 0.000000 1.000000 0.000000
0.982110 0.185442 0.000000 55.748887 -0.184609 0.982445 0.000000 -5.092454 0.000000 0.000000 1.000000 0.000000
0.981602 0.187904 0.000000 56.162568 -0.187018 0.981967 0.000000 -5.175301 0.000000 0.000000 1.000000 0.000000
0.981236 0.189342 0.000000 56.573321 -0.188378 0.981688 0.000000 -5.257756 0.000000 0.000000 1.000000 0.000000
0.980624 0.191708 0.000000 57.297064 -0.190706 0.981264 0.000000 -5.402820 0.000000 0.000000 1.000000 0.000000
0.980194 0.193534 0.000000 57.687270 -0.192514 0.980919 0.000000 -5.481657 0.000000 0.000000 1.000000 0.000000
0.979965 0.194475 0.000000 58.113861 -0.193501 0.980761 0.000000 -5.567534 0.000000 0.000000 1.000000 0.000000
0.979994 0.194428 0.000000 58.507382 -0.193546 0.980797 0.000000 -5.646038 0.000000 0.000000 1.000000 0.000000
0.979858 0.195451 0.000000 58.899780 -0.194614 0.980597 0.000000 -5.725832 0.000000 0.000000 1.000000 0.000000
0.979733 0.196456 0.000000 59.290551 -0.195532 0.980346 0.000000 -5.806163 0.000000 0.000000 1.000000 0.000000
0.979452 0.197972 0.000000 59.670693 -0.196954 0.979993 0.000000 -5.883769 0.000000 0.000000 1.000000 0.000000
0.979131 0.199709 0.000000 60.024788 -0.198660 0.979614 0.000000 -5.958897 0.000000 0.000000 1.000000 0.000000
0.978907 0.200856 0.000000 60.378261 -0.199820 0.979383 0.000000 -6.034307 0.000000 0.000000 1.000000 0.000000
0.978552 0.202511 0.000000 60.731178 -0.201504 0.979063 0.000000 -6.111747 0.000000 0.000000 1.000000 0.000000
0.977716 0.206182 0.000000 61.390147 -0.205207 0.978336 0.000000 -6.257958 0.000000 0.000000 1.000000 0.000000
0.977283 0.208250 0.000000 61.735102 -0.207220 0.977874 0.000000 -6.335019 0.000000 0.000000 1.000000 0.000000
0.977009 0.209541 0.000000 62.059507 -0.208469 0.977579 0.000000 -6.406198 0.000000 0.000000 1.000000 0.000000
0.976887 0.210027 0.000000 62.401498 -0.208885 0.977448 0.000000 -6.481239 0.000000 0.000000 1.000000 0.000000
0.976576 0.211282 0.000000 62.739288 -0.210138 0.977192 0.000000 -6.556839 0.000000 0.000000 1.000000 0.000000
0.976193 0.212850 0.000000 63.043920 -0.211712 0.976869 0.000000 -6.625465 0.000000 0.000000 1.000000 0.000000
0.975594 0.215403 0.000000 63.381419 -0.214329 0.976349 0.000000 -6.703404 0.000000 0.000000 1.000000 0.000000
0.975194 0.217167 0.000000 63.701809 -0.216114 0.975969 0.000000 -6.778620 0.000000 0.000000 1.000000 0.000000
0.974582 0.219939 0.000000 64.206719 -0.218788 0.975309 0.000000 -6.898826 0.000000 0.000000 1.000000 0.000000
0.974446 0.220603 0.000000 64.517214 -0.219418 0.975141 0.000000 -6.969494 0.000000 0.000000 1.000000 0.000000
0.974085 0.222371 0.000000 64.817440 -0.221137 0.974704 0.000000 -7.039611 0.000000 0.000000 1.000000 0.000000
0.973678 0.224380 0.000000 65.122760 -0.223172 0.974238 0.000000 -7.111714 0.000000 0.000000 1.000000 0.000000
0.973269 0.226366 0.000000 65.420000 -0.225219 0.973789 0.000000 -7.183216 0.000000 0.000000 1.000000 0.000000
0.972911 0.228070 0.000000 65.683043 -0.226966 0.973397 0.000000 -7.247376 0.000000 0.000000 1.000000 0.000000
0.972426 0.230288 0.000000 65.974958 -0.229238 0.972888 0.000000 -7.319721 0.000000 0.000000 1.000000 0.000000
0.972088 0.231745 0.000000 66.246825 -0.230674 0.972530 0.000000 -7.386183 0.000000 0.000000 1.000000 0.000000
0.971724 0.233242 0.000000 66.505756 -0.232131 0.972154 0.000000 -7.450502 0.000000 0.000000 1.000000 0.000000
0.971039 0.235862 0.000000 66.946608 -0.234684 0.971513 0.000000 -7.561979 0.000000 0.000000 1.000000 0.000000
0.970465 0.238090 0.000000 67.192812 -0.236881 0.970969 0.000000 -7.624985 0.000000 0.000000 1.000000 0.000000
0.970030 0.239875 0.000000 67.472417 -0.238675 0.970533 0.000000 -7.697673 0.000000 0.000000 1.000000 0.000000
0.969673 0.241435 0.000000 67.729758 -0.240267 0.970151 0.000000 -7.765416 0.000000 0.000000 1.000000 0.000000
0.969400 0.242602 0.000000 67.980643 -0.241441 0.969856 0.000000 -7.831769 0.000000 0.000000 1.000000 0.000000
0.969036 0.244018 0.000000 68.231088 -0.242821 0.969488 0.000000 -7.899116 0.000000 0.000000 1.000000 0.000000
0.968587 0.245675 0.000000 68.478720 -0.244422 0.969055 0.000000 -7.965789 0.000000 0.000000 1.000000 0.000000
0.968190 0.247128 0.000000 68.721762 -0.245821 0.968672 0.000000 -8.031230 0.000000 0.000000 1.000000 0.000000
0.967884 0.248269 0.000000 68.968090 -0.246958 0.968386 0.000000 -8.097477 0.000000 0.000000 1.000000 0.000000
0.967537 0.249680 0.000000 69.238432 -0.248379 0.968022 0.000000 -8.169864 0.000000 0.000000 1.000000 0.000000
0.967518 0.249803 0.000000 69.478512 -0.248536 0.968002 0.000000 -8.234040 0.000000 0.000000 1.000000 0.000000
0.967197 0.251005 0.000000 69.724636 -0.249766 0.967710 0.000000 -8.301472 0.000000 0.000000 1.000000 0.000000
0.966635 0.253081 0.000000 70.149846 -0.251861 0.967189 0.000000 -8.417786 0.000000 0.000000 1.000000 0.000000
0.966326 0.254213 0.000000 70.417173 -0.253020 0.966910 0.000000 -8.491941 0.000000 0.000000 1.000000 0.000000
0.966062 0.255340 0.000000 70.689000 -0.254165 0.966610 0.000000 -8.566722 0.000000 0.000000 1.000000 0.000000
0.965780 0.256577 0.000000 70.942593 -0.255423 0.966275 0.000000 -8.639315 0.000000 0.000000 1.000000 0.000000
0.965569 0.257462 0.000000 71.202165 -0.256323 0.966037 0.000000 -8.712159 0.000000 0.000000 1.000000 0.000000
0.965359 0.258333 0.000000 71.482818 -0.257169 0.965782 0.000000 -8.790750 0.000000 0.000000 1.000000 0.000000
0.965036 0.259586 0.000000 71.737532 -0.258422 0.965440 0.000000 -8.861297 0.000000 0.000000 1.000000 0.000000
0.964842 0.260459 0.000000 72.034263 -0.259303 0.965190 0.000000 -8.944006 0.000000 0.000000 1.000000 0.000000
0.964603 0.261696 0.000000 72.317080 -0.260546 0.964800 0.000000 -9.023435 0.000000 0.000000 1.000000 0.000000
0.964219 0.263391 0.000000 72.565551 -0.262313 0.964331 0.000000 -9.094931 0.000000 0.000000 1.000000 0.000000
0.963752 0.265160 0.000000 72.837417 -0.264103 0.963846 0.000000 -9.173604 0.000000 0.000000 1.000000 0.000000
0.963403 0.266300 0.000000 73.096756 -0.265191 0.963526 0.000000 -9.248521 0.000000 0.000000 1.000000 0.000000
0.962682 0.269576 0.000000 73.848754 -0.268640 0.962558 0.000000 -9.469905 0.000000 0.000000 1.000000 0.000000
0.962351 0.271183 0.000000 74.132027 -0.270466 0.962126 0.000000 -9.554884 0.000000 0.000000 1.000000 0.000000
0.962121 0.272291 0.000000 74.417045 -0.271763 0.961832 0.000000 -9.640051 0.000000 0.000000 1.000000 0.000000
0.961792 0.273598 0.000000 74.703899 -0.273187 0.961467 0.000000 -9.725508 0.000000 0.000000 1.000000 0.000000
0.961630 0.274208 0.000000 74.990306 -0.273865 0.961344 0.000000 -9.808940 0.000000 0.000000 1.000000 0.000000
0.960885 0.276885 0.000000 75.548087 -0.276653 0.960627 0.000000 -9.977085 0.000000 0.000000 1.000000 0.000000
0.960500 0.278208 0.000000 75.831093 -0.277975 0.960264 0.000000 -10.062257 0.000000 0.000000 1.000000 0.000000
0.960072 0.279587 0.000000 76.115580 -0.279265 0.959862 0.000000 -10.147810 0.000000 0.000000 1.000000 0.000000
0.959315 0.281645 0.000000 76.569692 -0.281000 0.959235 0.000000 -10.286148 0.000000 0.000000 1.000000 0.000000
0.958638 0.283350 0.000000 76.877933 -0.282454 0.958721 0.000000 -10.380801 0.000000 0.000000 1.000000 0.000000
0.957519 0.286105 0.000000 77.399919 -0.284872 0.957899 0.000000 -10.541002 0.000000 0.000000 1.000000 0.000000
0.956644 0.288403 0.000000 77.713469 -0.287015 0.957222 0.000000 -10.640734 0.000000 0.000000 1.000000 0.000000
0.955716 0.290704 0.000000 78.042711 -0.289145 0.956541 0.000000 -10.744554 0.000000 0.000000 1.000000 0.000000
0.954822 0.292659 0.000000 78.363543 -0.290914 0.955965 0.000000 -10.845717 0.000000 0.000000 1.000000 0.000000
0.953847 0.294447 0.000000 78.714312 -0.292496 0.955448 0.000000 -10.957310 0.000000 0.000000 1.000000 0.000000
0.952366 0.297140 0.000000 79.280263 -0.294714 0.954601 0.000000 -11.137617 0.000000 0.000000 1.000000 0.000000
0.951519 0.299152 0.000000 79.612410 -0.296465 0.953942 0.000000 -11.243472 0.000000 0.000000 1.000000 0.000000
0.950718 0.301495 0.000000 80.005918 -0.298735 0.953198 0.000000 -11.369062 0.000000 0.000000 1.000000 0.000000
0.950150 0.303577 0.000000 80.357408 -0.300806 0.952519 0.000000 -11.483747 0.000000 0.000000 1.000000 0.000000
0.949747 0.306516 0.000000 80.985592 -0.304256 0.951625 0.000000 -11.692503 0.000000 0.000000 1.000000 0.000000
0.949646 0.309164 0.000000 81.634987 -0.307706 0.950854 0.000000 -11.911254 0.000000 0.000000 1.000000 0.000000
0.949546 0.310448 0.000000 82.016071 -0.309308 0.950466 0.000000 -12.038978 0.000000 0.000000 1.000000 0.000000
0.949296 0.311730 0.000000 82.428722 -0.310767 0.950065 0.000000 -12.177098 0.000000 0.000000 1.000000 0.000000
0.949052 0.312881 0.000000 82.817269 -0.312023 0.949689 0.000000 -12.307970 0.000000 0.000000 1.000000 0.000000
0.948565 0.314643 0.000000 83.248139 -0.313845 0.949105 0.000000 -12.454451 0.000000 0.000000 1.000000 0.000000
0.948191 0.315723 0.000000 83.650223 -0.315007 0.948776 0.000000 -12.591089 0.000000 0.000000 1.000000 0.000000
0.947742 0.316803 0.000000 84.083523 -0.316136 0.948443 0.000000 -12.739222 0.000000 0.000000 1.000000 0.000000
0.947431 0.317424 0.000000 84.740212 -0.316840 0.948262 0.000000 -12.963934 0.000000 0.000000 1.000000 0.000000
0.946776 0.319367 0.000000 85.533607 -0.318876 0.947621 0.000000 -13.237165 0.000000 0.000000 1.000000 0.000000
0.946294 0.320843 0.000000 85.988562 -0.320360 0.947122 0.000000 -13.395055 0.000000 0.000000 1.000000 0.000000
0.945880 0.322071 0.000000 86.454561 -0.321564 0.946703 0.000000 -13.555817 0.000000 0.000000 1.000000 0.000000
0.945575 0.322789 0.000000 86.906194 -0.322178 0.946449 0.000000 -13.711021 0.000000 0.000000 1.000000 0.000000
0.945179 0.323494 0.000000 87.405066 -0.322798 0.946207 0.000000 -13.882858 0.000000 0.000000 1.000000 0.000000
0.944645 0.324693 0.000000 87.840862 -0.323958 0.945799 0.000000 -14.035646 0.000000 0.000000 1.000000 0.000000
0.944100 0.326285 0.000000 88.330709 -0.325593 0.945256 0.000000 -14.208380 0.000000 0.000000 1.000000 0.000000
0.943982 0.326984 0.000000 88.826301 -0.326382 0.945018 0.000000 -14.382179 0.000000 0.000000 1.000000 0.000000
0.943677 0.328300 0.000000 89.329030 -0.327758 0.944561 0.000000 -14.559586 0.000000 0.000000 1.000000 0.000000
0.943064 0.330318 0.000000 89.801797 -0.329848 0.943860 0.000000 -14.729715 0.000000 0.000000 1.000000 0.000000
0.942839 0.331086 0.000000 90.301787 -0.330646 0.943592 0.000000 -14.911718 0.000000 0.000000 1.000000 0.000000
0.941662 0.334103 0.000000 91.239393 -0.333534 0.942520 0.000000 -15.253980 0.000000 0.000000 1.000000 0.000000
0.941062 0.335606 0.000000 91.769301 -0.334983 0.941984 0.000000 -15.449567 0.000000 0.000000 1.000000 0.000000
0.940418 0.337327 0.000000 92.291714 -0.336704 0.941371 0.000000 -15.641384 0.000000 0.000000 1.000000 0.000000
0.939720 0.339209 0.000000 92.830714 -0.338550 0.940692 0.000000 -15.840840 0.000000 0.000000 1.000000 0.000000
0.938915 0.341410 0.000000 93.377656 -0.340690 0.939888 0.000000 -16.044081 0.000000 0.000000 1.000000 0.000000
0.938191 0.343486 0.000000 94.218961 -0.342714 0.939120 0.000000 -16.356560 0.000000 0.000000 1.000000 0.000000
0.937705 0.344907 0.000000 94.728086 -0.344097 0.938589 0.000000 -16.547584 0.000000 0.000000 1.000000 0.000000
0.935940 0.349876 0.000000 95.807621 -0.349008 0.936726 0.000000 -16.956810 0.000000 0.000000 1.000000 0.000000
0.935119 0.352037 0.000000 96.519312 -0.351129 0.935909 0.000000 -17.230683 0.000000 0.000000 1.000000 0.000000
0.934334 0.354059 0.000000 97.075722 -0.353109 0.935140 0.000000 -17.446510 0.000000 0.000000 1.000000 0.000000
0.933375 0.356433 0.000000 97.664094 -0.355412 0.934230 0.000000 -17.677543 0.000000 0.000000 1.000000 0.000000
0.932280 0.359153 0.000000 98.231119 -0.358067 0.933182 0.000000 -17.902520 0.000000 0.000000 1.000000 0.000000
0.931812 0.360456 0.000000 98.802879 -0.359380 0.932676 0.000000 -18.128061 0.000000 0.000000 1.000000 0.000000
0.931213 0.362211 0.000000 99.395903 -0.361151 0.931985 0.000000 -18.361820 0.000000 0.000000 1.000000 0.000000
0.930514 0.364112 0.000000 99.945604 -0.363053 0.931235 0.000000 -18.582238 0.000000 0.000000 1.000000 0.000000
0.929709 0.366249 0.000000 100.510327 -0.365181 0.930386 0.000000 -18.810062 0.000000 0.000000 1.000000 0.000000
0.928692 0.368785 0.000000 101.095819 -0.367688 0.929379 0.000000 -19.049378 0.000000 0.000000 1.000000 0.000000
0.927831 0.370808 0.000000 101.636203 -0.369675 0.928579 0.000000 -19.271522 0.000000 0.000000 1.000000 0.000000
0.927257 0.372142 0.000000 102.214204 -0.370994 0.928051 0.000000 -19.509081 0.000000 0.000000 1.000000 0.000000
0.926685 0.373494 0.000000 102.810275 -0.372363 0.927520 0.000000 -19.755163 0.000000 0.000000 1.000000 0.000000
0.926468 0.373989 0.000000 103.369822 -0.372882 0.927331 0.000000 -19.984924 0.000000 0.000000 1.000000 0.000000
0.925062 0.377366 0.000000 104.430018 -0.376216 0.925959 0.000000 -20.426988 0.000000 0.000000 1.000000 0.000000
0.924361 0.379064 0.000000 105.062445 -0.377911 0.925267 0.000000 -20.693461 0.000000 0.000000 1.000000 0.000000
0.923730 0.380564 0.000000 105.648070 -0.379431 0.924660 0.000000 -20.939540 0.000000 0.000000 1.000000 0.000000
0.923032 0.382269 0.000000 106.246108 -0.381157 0.923962 0.000000 -21.191671 0.000000 0.000000 1.000000 0.000000
0.922417 0.383722 0.000000 106.815370 -0.382599 0.923359 0.000000 -21.437484 0.000000 0.000000 1.000000 0.000000
0.921774 0.385197 0.000000 107.412625 -0.384043 0.922743 0.000000 -21.696736 0.000000 0.000000 1.000000 0.000000
0.921167 0.386530 0.000000 107.966099 -0.385383 0.922196 0.000000 -21.937097 0.000000 0.000000 1.000000 0.000000
0.920426 0.388251 0.000000 108.572508 -0.387105 0.921477 0.000000 -22.200456 0.000000 0.000000 1.000000 0.000000
0.920196 0.388889 0.000000 109.134681 -0.387803 0.921215 0.000000 -22.439625 0.000000 0.000000 1.000000 0.000000
0.919555 0.390467 0.000000 109.746209 -0.389491 0.920566 0.000000 -22.703074 0.000000 0.000000 1.000000 0.000000
0.919412 0.390714 0.000000 110.347608 -0.389850 0.920483 0.000000 -22.962539 0.000000 0.000000 1.000000 0.000000
0.918595 0.392479 0.000000 110.960210 -0.391613 0.919737 0.000000 -23.230247 0.000000 0.000000 1.000000 0.000000
0.917589 0.394401 0.000000 111.723861 -0.393530 0.918925 0.000000 -23.567398 0.000000 0.000000 1.000000 0.000000
0.916571 0.396558 0.000000 112.304719 -0.395722 0.918003 0.000000 -23.825761 0.000000 0.000000 1.000000 0.000000
0.915868 0.398075 0.000000 112.921986 -0.397301 0.917351 0.000000 -24.100475 0.000000 0.000000 1.000000 0.000000
0.914574 0.400940 0.000000 113.899928 -0.400243 0.916104 0.000000 -24.535766 0.000000 0.000000 1.000000 0.000000
0.913838 0.402613 0.000000 114.522916 -0.401921 0.915370 0.000000 -24.815201 0.000000 0.000000 1.000000 0.000000
0.913157 0.404291 0.000000 115.136378 -0.403558 0.914629 0.000000 -25.096541 0.000000 0.000000 1.000000 0.000000
0.912680 0.405519 0.000000 115.749333 -0.404774 0.914085 0.000000 -25.376624 0.000000 0.000000 1.000000 0.000000
0.911903 0.407397 0.000000 116.358883 -0.406668 0.913249 0.000000 -25.655176 0.000000 0.000000 1.000000 0.000000
0.910928 0.409700 0.000000 116.983312 -0.408952 0.912216 0.000000 -25.944317 0.000000 0.000000 1.000000 0.000000
0.910392 0.410894 0.000000 117.562948 -0.410157 0.911679 0.000000 -26.212053 0.000000 0.000000 1.000000 0.000000
0.909411 0.413020 0.000000 118.650718 -0.412230 0.910716 0.000000 -26.716761 0.000000 0.000000 1.000000 0.000000
0.908871 0.414251 0.000000 119.272515 -0.413361 0.910149 0.000000 -27.006443 0.000000 0.000000 1.000000 0.000000
0.908020 0.416201 0.000000 119.891651 -0.415306 0.909256 0.000000 -27.298054 0.000000 0.000000 1.000000 0.000000
0.907597 0.417306 0.000000 120.501103 -0.416389 0.908742 0.000000 -27.585193 0.000000 0.000000 1.000000 0.000000
0.905749 0.421357 0.000000 121.747551 -0.420275 0.906845 0.000000 -28.184856 0.000000 0.000000 1.000000 0.000000
0.905215 0.422416 0.000000 122.314389 -0.421269 0.906346 0.000000 -28.458221 0.000000 0.000000 1.000000 0.000000
0.904195 0.424649 0.000000 122.943614 -0.423468 0.905293 0.000000 -28.761634 0.000000 0.000000 1.000000 0.000000
0.903434 0.426453 0.000000 123.515549 -0.425305 0.904440 0.000000 -29.039500 0.000000 0.000000 1.000000 0.000000
0.902538 0.428435 0.000000 124.076788 -0.427312 0.903501 0.000000 -29.310881 0.000000 0.000000 1.000000 0.000000
0.895982 0.442386 0.000000 128.494579 -0.441289 0.896729 0.000000 -31.494626 0.000000 0.000000 1.000000 0.000000
0.895635 0.443155 0.000000 129.101024 -0.442050 0.896339 0.000000 -31.800778 0.000000 0.000000 1.000000 0.000000
0.894592 0.445287 0.000000 129.667748 -0.444114 0.895259 0.000000 -32.089405 0.000000 0.000000 1.000000 0.000000
0.893983 0.446483 0.000000 130.250198 -0.445285 0.894661 0.000000 -32.385005 0.000000 0.000000 1.000000 0.000000
0.893091 0.448256 0.000000 130.805192 -0.447073 0.893780 0.000000 -32.669547 0.000000 0.000000 1.000000 0.000000
0.891817 0.450827 0.000000 131.374886 -0.449640 0.892481 0.000000 -32.962962 0.000000 0.000000 1.000000 0.000000
0.891276 0.451948 0.000000 131.956932 -0.450755 0.891905 0.000000 -33.262694 0.000000 0.000000 1.000000 0.000000
0.889392 0.455634 0.000000 132.692928 -0.454430 0.890029 0.000000 -33.645611 0.000000 0.000000 1.000000 0.000000
0.888424 0.457447 0.000000 133.269564 -0.456169 0.889088 0.000000 -33.947341 0.000000 0.000000 1.000000 0.000000
0.888438 0.457322 0.000000 133.870335 -0.455969 0.889144 0.000000 -34.257696 0.000000 0.000000 1.000000 0.000000
0.887776 0.458513 0.000000 134.748807 -0.457090 0.888525 0.000000 -34.714489 0.000000 0.000000 1.000000 0.000000
0.886695 0.460526 0.000000 135.336314 -0.459102 0.887496 0.000000 -35.020646 0.000000 0.000000 1.000000 0.000000
0.885627 0.462607 0.000000 135.914462 -0.461169 0.886406 0.000000 -35.323881 0.000000 0.000000 1.000000 0.000000
0.885096 0.463724 0.000000 136.491280 -0.462300 0.885811 0.000000 -35.627830 0.000000 0.000000 1.000000 0.000000
0.884081 0.465754 0.000000 137.068610 -0.464367 0.884742 0.000000 -35.935554 0.000000 0.000000 1.000000 0.000000
0.883592 0.466742 0.000000 137.903262 -0.465408 0.884228 0.000000 -36.382277 0.000000 0.000000 1.000000 0.000000
0.883458 0.467072 0.000000 138.452089 -0.465686 0.884020 0.000000 -36.674044 0.000000 0.000000 1.000000 0.000000
0.883245 0.467397 0.000000 139.022809 -0.466013 0.883866 0.000000 -36.977521 0.000000 0.000000 1.000000 0.000000
0.883331 0.467333 0.000000 139.554715 -0.465886 0.883856 0.000000 -37.259088 0.000000 0.000000 1.000000 0.000000
0.883044 0.467987 0.000000 140.309843 -0.466520 0.883474 0.000000 -37.661466 0.000000 0.000000 1.000000 0.000000
0.882851 0.468311 0.000000 140.881808 -0.466852 0.883317 0.000000 -37.965886 0.000000 0.000000 1.000000 0.000000
0.882411 0.469121 0.000000 141.441392 -0.467708 0.882910 0.000000 -38.264878 0.000000 0.000000 1.000000 0.000000
0.882179 0.469608 0.000000 142.001126 -0.468260 0.882665 0.000000 -38.564461 0.000000 0.000000 1.000000 0.000000
0.882101 0.470008 0.000000 142.559644 -0.468705 0.882401 0.000000 -38.863721 0.000000 0.000000 1.000000 0.000000
0.881090 0.472536 0.000000 143.624053 -0.471445 0.880849 0.000000 -39.441939 0.000000 0.000000 1.000000 0.000000
0.880812 0.473177 0.000000 144.131890 -0.472179 0.880455 0.000000 -39.719395 0.000000 0.000000 1.000000 0.000000
0.879778 0.475168 0.000000 144.655977 -0.474157 0.879276 0.000000 -40.011123 0.000000 0.000000 1.000000 0.000000
0.879427 0.475838 0.000000 145.182215 -0.474723 0.878772 0.000000 -40.299159 0.000000 0.000000 1.000000 0.000000
0.879156 0.476343 0.000000 145.690561 -0.475121 0.878377 0.000000 -40.579130 0.000000 0.000000 1.000000 0.000000
0.878746 0.477099 0.000000 146.224130 -0.475741 0.877820 0.000000 -40.876014 0.000000 0.000000 1.000000 0.000000
0.878399 0.477698 0.000000 146.874116 -0.476160 0.877395 0.000000 -41.240269 0.000000 0.000000 1.000000 0.000000
0.877698 0.478899 0.000000 147.404336 -0.477257 0.876813 0.000000 -41.534601 0.000000 0.000000 1.000000 0.000000
0.877478 0.479220 0.000000 147.897628 -0.477496 0.876695 0.000000 -41.805286 0.000000 0.000000 1.000000 0.000000
0.876884 0.480253 0.000000 148.429000 -0.478464 0.876151 0.000000 -42.100206 0.000000 0.000000 1.000000 0.000000
0.876012 0.481812 0.000000 148.951582 -0.480007 0.875326 0.000000 -42.393700 0.000000 0.000000 1.000000 0.000000
0.875332 0.483025 0.000000 149.445755 -0.481251 0.874713 0.000000 -42.674108 0.000000 0.000000 1.000000 0.000000
0.874413 0.484682 0.000000 149.968222 -0.482958 0.873850 0.000000 -42.969392 0.000000 0.000000 1.000000 0.000000
0.873670 0.485994 0.000000 150.446718 -0.484296 0.873174 0.000000 -43.240042 0.000000 0.000000 1.000000 0.000000
0.873254 0.486705 0.000000 150.949565 -0.485004 0.872816 0.000000 -43.522159 0.000000 0.000000 1.000000 0.000000
0.872438 0.488120 0.000000 151.463321 -0.486415 0.872069 0.000000 -43.812597 0.000000 0.000000 1.000000 0.000000
0.871261 0.490169 0.000000 152.129590 -0.488460 0.870963 0.000000 -44.192751 0.000000 0.000000 1.000000 0.000000
0.870332 0.491779 0.000000 152.620598 -0.490088 0.870102 0.000000 -44.473581 0.000000 0.000000 1.000000 0.000000
0.869833 0.492696 0.000000 153.145738 -0.491049 0.869589 0.000000 -44.773225 0.000000 0.000000 1.000000 0.000000
0.869185 0.493858 0.000000 153.639915 -0.492253 0.868946 0.000000 -45.055647 0.000000 0.000000 1.000000 0.000000
0.868833 0.494469 0.000000 154.158181 -0.492879 0.868615 0.000000 -45.350987 0.000000 0.000000 1.000000 0.000000
0.867635 0.496579 0.000000 154.633644 -0.494995 0.867411 0.000000 -45.628824 0.000000 0.000000 1.000000 0.000000
0.866505 0.498550 0.000000 155.292648 -0.496927 0.866256 0.000000 -46.014844 0.000000 0.000000 1.000000 0.000000
0.866025 0.499401 0.000000 155.759372 -0.497799 0.865768 0.000000 -46.287716 0.000000 0.000000 1.000000 0.000000
0.865042 0.501180 0.000000 156.258077 -0.499660 0.864732 0.000000 -46.584098 0.000000 0.000000 1.000000 0.000000
0.864602 0.502004 0.000000 156.718853 -0.500571 0.864256 0.000000 -46.856837 0.000000 0.000000 1.000000 0.000000
0.864019 0.503039 0.000000 157.210302 -0.501680 0.863678 0.000000 -47.150145 0.000000 0.000000 1.000000 0.000000
0.863127 0.504578 0.000000 157.672065 -0.503263 0.862805 0.000000 -47.427545 0.000000 0.000000 1.000000 0.000000
0.862751 0.505191 0.000000 158.316298 -0.503857 0.862463 0.000000 -47.811886 0.000000 0.000000 1.000000 0.000000
0.862351 0.505827 0.000000 158.792810 -0.504453 0.862107 0.000000 -48.095375 0.000000 0.000000 1.000000 0.000000
0.861448 0.507320 0.000000 159.273299 -0.505924 0.861253 0.000000 -48.383649 0.000000 0.000000 1.000000 0.000000
0.860481 0.508913 0.000000 159.753882 -0.507490 0.860334 0.000000 -48.674040 0.000000 0.000000 1.000000 0.000000
0.859941 0.509799 0.000000 160.228685 -0.508352 0.859815 0.000000 -48.960227 0.000000 0.000000 1.000000 0.000000
0.859424 0.510673 0.000000 160.706330 -0.509243 0.859306 0.000000 -49.247709 0.000000 0.000000 1.000000 0.000000
0.858645 0.512034 0.000000 161.182712 -0.510602 0.858458 0.000000 -49.538156 0.000000 0.000000 1.000000 0.000000
0.858252 0.512712 0.000000 161.633373 -0.511281 0.858038 0.000000 -49.814458 0.000000 0.000000 1.000000 0.000000
0.857198 0.514465 0.000000 162.114541 -0.513042 0.857004 0.000000 -50.115150 0.000000 0.000000 1.000000 0.000000
0.855906 0.516594 0.000000 162.614289 -0.515160 0.855733 0.000000 -50.427383 0.000000 0.000000 1.000000 0.000000
0.854900 0.518225 0.000000 163.068855 -0.516769 0.854761 0.000000 -50.715415 0.000000 0.000000 1.000000 0.000000
0.854095 0.519534 0.000000 163.562953 -0.518057 0.853967 0.000000 -51.028698 0.000000 0.000000 1.000000 0.000000
0.852979 0.521347 0.000000 164.023056 -0.519874 0.852879 0.000000 -51.318477 0.000000 0.000000 1.000000 0.000000
0.851436 0.523850 0.000000 164.511561 -0.522400 0.851372 0.000000 -51.631287 0.000000 0.000000 1.000000 0.000000
0.850295 0.525663 0.000000 164.990645 -0.524228 0.850290 0.000000 -51.939429 0.000000 0.000000 1.000000 0.000000
0.849848 0.526364 0.000000 165.476749 -0.524976 0.849897 0.000000 -52.250706 0.000000 0.000000 1.000000 0.000000
0.849591 0.526787 0.000000 165.931617 -0.525441 0.849652 0.000000 -52.542185 0.000000 0.000000 1.000000 0.000000
0.848760 0.528137 0.000000 166.420566 -0.526775 0.848800 0.000000 -52.855009 0.000000 0.000000 1.000000 0.000000
0.848023 0.529343 0.000000 166.859704 -0.527948 0.848018 0.000000 -53.139261 0.000000 0.000000 1.000000 0.000000
0.846701 0.531492 0.000000 167.345291 -0.530076 0.846642 0.000000 -53.456964 0.000000 0.000000 1.000000 0.000000
0.845739 0.533050 0.000000 167.986429 -0.531623 0.845636 0.000000 -53.873686 0.000000 0.000000 1.000000 0.000000
0.844922 0.534393 0.000000 168.462651 -0.532989 0.844767 0.000000 -54.185951 0.000000 0.000000 1.000000 0.000000
0.844385 0.535262 0.000000 168.908792 -0.533888 0.844219 0.000000 -54.478001 0.000000 0.000000 1.000000 0.000000
0.843881 0.536077 0.000000 169.399357 -0.534675 0.843668 0.000000 -54.799479 0.000000 0.000000 1.000000 0.000000
0.843194 0.537146 0.000000 170.006804 -0.535684 0.842960 0.000000 -55.195641 0.000000 0.000000 1.000000 0.000000
0.841607 0.539635 0.000000 170.950062 -0.538164 0.841363 0.000000 -55.814939 0.000000 0.000000 1.000000 0.000000
0.841031 0.540571 0.000000 171.414316 -0.539102 0.840728 0.000000 -56.120915 0.000000 0.000000 1.000000 0.000000
0.840216 0.541811 0.000000 171.874632 -0.540302 0.839930 0.000000 -56.426502 0.000000 0.000000 1.000000 0.000000
0.839949 0.542204 0.000000 172.336691 -0.540663 0.839677 0.000000 -56.730766 0.000000 0.000000 1.000000 0.000000
0.839342 0.543195 0.000000 172.813244 -0.541647 0.838979 0.000000 -57.045339 0.000000 0.000000 1.000000 0.000000
0.839643 0.542817 0.000000 173.276639 -0.541338 0.839161 0.000000 -57.351909 0.000000 0.000000 1.000000 0.000000
0.840298 0.541877 0.000000 173.769670 -0.540547 0.839776 0.000000 -57.676920 0.000000 0.000000 1.000000 0.000000
0.840973 0.540903 0.000000 174.233892 -0.539703 0.840376 0.000000 -57.982274 0.000000 0.000000 1.000000 0.000000
0.840815 0.541155 0.000000 174.668481 -0.539966 0.840210 0.000000 -58.269943 0.000000 0.000000 1.000000 0.000000
0.841123 0.540656 0.000000 175.098475 -0.539439 0.840545 0.000000 -58.553361 0.000000 0.000000 1.000000 0.000000
0.840302 0.541893 0.000000 175.546100 -0.540618 0.839772 0.000000 -58.848307 0.000000 0.000000 1.000000 0.000000
0.840539 0.541465 0.000000 175.961689 -0.540162 0.840119 0.000000 -59.121269 0.000000 0.000000 1.000000 0.000000
0.840994 0.540732 0.000000 176.416099 -0.539471 0.840652 0.000000 -59.419410 0.000000 0.000000 1.000000 0.000000
0.841179 0.540421 0.000000 176.839806 -0.539208 0.840914 0.000000 -59.697116 0.000000 0.000000 1.000000 0.000000
0.841460 0.539984 0.000000 177.296908 -0.538801 0.841213 0.000000 -59.994954 0.000000 0.000000 1.000000 0.000000
0.841757 0.539521 0.000000 177.719903 -0.538356 0.841524 0.000000 -60.271079 0.000000 0.000000 1.000000 0.000000
0.841722 0.539548 0.000000 178.172588 -0.538453 0.841576 0.000000 -60.565878 0.000000 0.000000 1.000000 0.000000
0.841457 0.539913 0.000000 178.587727 -0.538897 0.841428 0.000000 -60.836058 0.000000 0.000000 1.000000 0.000000
0.841699 0.539490 0.000000 179.044444 -0.538543 0.841765 0.000000 -61.134119 0.000000 0.000000 1.000000 0.000000
0.841370 0.539941 0.000000 179.465577 -0.539077 0.841543 0.000000 -61.412098 0.000000 0.000000 1.000000 0.000000
0.841742 0.539319 0.000000 179.914890 -0.538490 0.841971 0.000000 -61.706242 0.000000 0.000000 1.000000 0.000000
0.842367 0.538239 0.000000 180.485676 -0.537441 0.842700 0.000000 -62.078564 0.000000 0.000000 1.000000 0.000000
0.843245 0.536754 0.000000 180.937208 -0.535980 0.843675 0.000000 -62.373027 0.000000 0.000000 1.000000 0.000000
0.844310 0.534949 0.000000 181.389266 -0.534216 0.844847 0.000000 -62.664839 0.000000 0.000000 1.000000 0.000000
0.845648 0.532703 0.000000 181.808815 -0.531985 0.846279 0.000000 -62.935289 0.000000 0.000000 1.000000 0.000000
0.847684 0.529347 0.000000 182.425465 -0.528641 0.848390 0.000000 -63.332520 0.000000 0.000000 1.000000 0.000000
0.848954 0.527248 0.000000 182.881337 -0.526626 0.849706 0.000000 -63.622236 0.000000 0.000000 1.000000 0.000000
0.851097 0.523839 0.000000 183.335929 -0.523261 0.851813 0.000000 -63.908876 0.000000 0.000000 1.000000 0.000000
0.852926 0.520946 0.000000 183.790015 -0.520388 0.853584 0.000000 -64.194259 0.000000 0.000000 1.000000 0.000000
0.855348 0.517118 0.000000 184.234164 -0.516612 0.855906 0.000000 -64.469439 0.000000 0.000000 1.000000 0.000000
0.861265 0.507419 0.000000 185.117701 -0.507044 0.861693 0.000000 -65.007660 0.000000 0.000000 1.000000 0.000000
0.864419 0.502151 0.000000 185.544313 -0.501808 0.864771 0.000000 -65.260964 0.000000 0.000000 1.000000 0.000000
0.868068 0.495904 0.000000 185.984818 -0.495597 0.868368 0.000000 -65.520701 0.000000 0.000000 1.000000 0.000000
0.871605 0.489688 0.000000 186.417078 -0.489436 0.871893 0.000000 -65.772200 0.000000 0.000000 1.000000 0.000000
0.875378 0.482922 0.000000 186.862454 -0.482728 0.875663 0.000000 -66.026802 0.000000 0.000000 1.000000 0.000000
0.878930 0.476418 0.000000 187.283611 -0.476256 0.879219 0.000000 -66.263231 0.000000 0.000000 1.000000 0.000000
0.886508 0.462051 0.000000 188.121119 -0.461946 0.886850 0.000000 -66.716031 0.000000 0.000000 1.000000 0.000000
0.890746 0.453808 0.000000 188.559513 -0.453698 0.891097 0.000000 -66.945207 0.000000 0.000000 1.000000 0.000000
0.894845 0.445680 0.000000 188.977301 -0.445580 0.895189 0.000000 -67.156807 0.000000 0.000000 1.000000 0.000000
0.900126 0.434904 0.000000 189.603141 -0.434832 0.900471 0.000000 -67.468502 0.000000 0.000000 1.000000 0.000000
0.903683 0.427385 0.000000 190.035754 -0.427350 0.904057 0.000000 -67.679753 0.000000 0.000000 1.000000 0.000000
0.907278 0.419551 0.000000 190.459502 -0.419568 0.907706 0.000000 -67.883300 0.000000 0.000000 1.000000 0.000000
0.910594 0.412110 0.000000 190.868072 -0.412201 0.911085 0.000000 -68.075326 0.000000 0.000000 1.000000 0.000000
0.913914 0.404588 0.000000 191.282911 -0.404721 0.914436 0.000000 -68.264761 0.000000 0.000000 1.000000 0.000000
0.917658 0.396248 0.000000 191.693888 -0.396289 0.918113 0.000000 -68.447618 0.000000 0.000000 1.000000 0.000000
