1.000000 -0.000283 0.000000 0.824949 0.000283 1.000000 0.000000 -0.072011 0.000000 0.000000 1.000000 0.000000
0.999999 -0.001443 0.000000 1.262890 0.001443 0.999999 0.000000 -0.083640 0.000000 0.000000 1.000000 0.000000
0.999992 -0.003984 0.000000 2.029236 0.003984 0.999992 0.000000 -0.083022 0.000000 0.000000 1.000000 0.000000
0.999994 -0.003358 0.000000 2.731085 0.003358 0.999994 0.000000 -0.087618 0.000000 0.000000 1.000000 0.000000
0.999995 0.003055 0.000000 3.222975 -0.003055 0.999995 0.000000 -0.203665 0.000000 0.000000 1.000000 0.000000
0.999994 0.003472 0.000000 3.851839 -0.003472 0.999994 0.000000 -0.222582 0.000000 0.000000 1.000000 0.000000
0.999997 0.002591 0.000000 4.649544 -0.002591 0.999997 0.000000 -0.252175 0.000000 0.000000 1.000000 0.000000
0.999994 0.003593 0.000000 5.756234 -0.003593 0.999994 0.000000 -0.215642 0.000000 0.000000 1.000000 0.000000
0.999998 0.002042 0.000000 6.325074 -0.002042 0.999998 0.000000 -0.237000 0.000000 0.000000 1.000000 0.000000
0.999990 0.004463 0.000000 6.960308 -0.004463 0.999990 0.000000 -0.244981 0.000000 0.000000 1.000000 0.000000
0.999993 0.003663 0.000000 7.606628 -0.003663 0.999993 0.000000 -0.294014 0.000000 0.000000 1.000000 0.000000
0.999994 0.003546 0.000000 8.816276 -0.003546 0.999994 0.000000 -0.321076 0.000000 0.000000 1.000000 0.000000
0.999993 0.003611 0.000000 9.391303 -0.003611 0.999993 0.000000 -0.387297 0.000000 0.000000 1.000000 0.000000
0.999995 0.003080 0.000000 9.879797 -0.003080 0.999995 0.000000 -0.432619 0.000000 0.000000 1.000000 0.000000
0.999998 0.002035 0.000000 10.807308 -0.002035 0.999998 0.000000 -0.445865 0.000000 0.000000 1.000000 0.000000
0.999998 0.001858 0.000000 11.675340 -0.001858 0.999998 0.000000 -0.491856 0.000000 0.000000 1.000000 0.000000
0.999999 0.001134 0.000000 12.334104 -0.001134 0.999999 0.000000 -0.508308 0.000000 0.000000 1.000000 0.000000
0.999999 0.001146 0.000000 12.868523 -0.001146 0.999999 0.000000 -0.517793 0.000000 0.000000 1.000000 0.000000
1.000000 0.000951 0.000000 13.526276 -0.000951 1.000000 0.000000 -0.548837 0.000000 0.000000 1.000000 0.000000
1.000000 -0.000134 0.000000 14.155714 0.000134 1.000000 0.000000 -0.575799 0.000000 0.000000 1.000000 0.000000
1.000000 0.000389 0.000000 14.654936 -0.000389 1.000000 0.000000 -0.593705 0.000000 0.000000 1.000000 0.000000
1.000000 -0.000823 0.000000 15.254189 0.000823 1.000000 0.000000 -0.603748 0.000000 0.000000 1.000000 0.000000
1.000000 -0.000895 0.000000 15.976621 0.000895 1.000000 0.000000 -0.628902 0.000000 0.000000 1.000000 0.000000
0.999998 -0.001954 0.000000 16.545443 0.001954 0.999998 0.000000 -0.627016 0.000000 0.000000 1.000000 0.000000
0.999998 -0.001777 0.000000 16.823379 0.001777 0.999998 0.000000 -0.621119 0.000000 0.000000 1.000000 0.000000
0.999996 -0.002938 0.000000 17.419514 0.002938 0.999996 0.000000 -0.629000 0.000000 0.000000 1.000000 0.000000
0.999978 -0.006577 0.000000 18.115422 0.006577 0.999978 0.000000 -0.642888 0.000000 0.000000 1.000000 0.000000
0.999962 -0.008700 0.000000 18.539778 0.008700 0.999962 0.000000 -0.648695 0.000000 0.000000 1.000000 0.000000
0.999941 -0.010874 0.000000 19.144223 0.010874 0.999941 0.000000 -0.606449 0.000000 0.000000 1.000000 0.000000
0.999929 -0.011920 0.000000 19.760011 0.011920 0.999929 0.000000 -0.633009 0.000000 0.000000 1.000000 0.000000
0.999944 -0.010613 0.000000 20.497922 0.010613 0.999944 0.000000 -0.627852 0.000000 0.000000 1.000000 0.000000
0.999941 -0.010886 0.000000 21.126442 0.010886 0.999941 0.000000 -0.687657 0.000000 0.000000 1.000000 0.000000
0.999937 -0.011243 0.000000 21.673166 0.011243 0.999937 0.000000 -0.712658 0.000000 0.000000 1.000000 0.000000
0.999936 -0.011338 0.000000 22.306772 0.011338 0.999936 0.000000 -0.705535 0.000000 0.000000 1.000000 0.000000
0.999934 -0.011486 0.000000 22.886605 0.011486 0.999934 0.000000 -0.719076 0.000000 0.000000 1.000000 0.000000
0.999933 -0.011534 0.000000 23.468492 0.011534 0.999933 0.000000 -0.743830 0.000000 0.000000 1.000000 0.000000
0.999918 -0.012779 0.000000 24.241105 0.012779 0.999918 0.000000 -0.761154 0.000000 0.000000 1.000000 0.000000
0.999899 -0.014207 0.000000 24.853985 0.014207 0.999899 0.000000 -0.773851 0.000000 0.000000 1.000000 0.000000
0.999868 -0.016234 0.000000 25.466658 0.016234 0.999868 0.000000 -0.786237 0.000000 0.000000 1.000000 0.000000
0.999855 -0.017019 0.000000 26.025093 0.017019 0.999855 0.000000 -0.804305 0.000000 0.000000 1.000000 0.000000
0.999855 -0.017006 0.000000 26.611939 0.017006 0.999855 0.000000 -0.796403 0.000000 0.000000 1.000000 0.000000
0.999857 -0.016924 0.000000 27.302867 0.016924 0.999857 0.000000 -0.790281 0.000000 0.000000 1.000000 0.000000
0.999832 -0.018342 0.000000 27.908986 0.018342 0.999832 0.000000 -0.790133 0.000000 0.000000 1.000000 0.000000
0.999804 -0.019777 0.000000 28.498520 0.019777 0.999804 0.000000 -0.747852 0.000000 0.000000 1.000000 0.000000
0.999792 -0.020387 0.000000 29.129082 0.020387 0.999792 0.000000 -0.771641 0.000000 0.000000 1.000000 0.000000
0.999808 -0.019591 0.000000 29.701653 0.019591 0.999808 0.000000 -0.763141 0.000000 0.000000 1.000000 0.000000
0.999801 -0.019969 0.000000 30.131371 0.019969 0.999801 0.000000 -0.771962 0.000000 0.000000 1.000000 0.000000
0.999796 -0.020176 0.000000 30.834889 0.020176 0.999796 0.000000 -0.770334 0.000000 0.000000 1.000000 0.000000
0.999744 -0.022605 0.000000 31.636852 0.022605 0.999744 0.000000 -0.774635 0.000000 0.000000 1.000000 0.000000
0.999762 -0.021826 0.000000 32.309520 0.021826 0.999762 0.000000 -0.753295 0.000000 0.000000 1.000000 0.000000
0.999781 -0.020933 0.000000 33.127285 0.020933 0.999781 0.000000 -0.753839 0.000000 0.000000 1.000000 0.000000
0.999815 -0.019214 0.000000 33.816243 0.019214 0.999815 0.000000 -0.742013 0.000000 0.000000 1.000000 0.000000
0.999817 -0.019116 0.000000 34.460831 0.019116 0.999817 0.000000 -0.738286 0.000000 0.000000 1.000000 0.000000
0.999775 -0.021209 0.000000 34.988408 0.021209 0.999775 0.000000 -0.765267 0.000000 0.000000 1.000000 0.000000
0.999814 -0.019261 0.000000 35.609656 0.019261 0.999814 0.000000 -0.768454 0.000000 0.000000 1.000000 0.000000
0.999856 -0.016954 0.000000 36.284292 0.016954 0.999856 0.000000 -0.752796 0.000000 0.000000 1.000000 0.000000
0.999878 -0.015612 0.000000 36.821693 0.015612 0.999878 0.000000 -0.740119 0.000000 0.000000 1.000000 0.000000
0.999871 -0.016038 0.000000 37.485381 0.016038 0.999871 0.000000 -0.743206 0.000000 0.000000 1.000000 0.000000
0.999829 -0.018479 0.000000 38.210897 0.018479 0.999829 0.000000 -0.735480 0.000000 0.000000 1.000000 0.000000
0.999852 -0.017180 0.000000 38.642524 0.017180 0.999852 0.000000 -0.753977 0.000000 0.000000 1.000000 0.000000
0.999831 -0.018407 0.000000 38.917376 0.018407 0.999831 0.000000 -0.764329 0.000000 0.000000 1.000000 0.000000
0.999842 -0.017789 0.000000 39.468427 0.017789 0.999842 0.000000 -0.761456 0.000000 0.000000 1.000000 0.000000
0.999858 -0.016880 0.000000 40.139915 0.016880 0.999858 0.000000 -0.745799 0.000000 0.000000 1.000000 0.000000
0.999904 -0.013831 0.000000 40.853905 0.013831 0.999904 0.000000 -0.749907 0.000000 0.000000 1.000000 0.000000
0.999909 -0.013474 0.000000 41.445613 0.013474 0.999909 0.000000 -0.743301 0.000000 0.000000 1.000000 0.000000
0.999920 -0.012665 0.000000 42.004267 0.012665 0.999920 0.000000 -0.747961 0.000000 0.000000 1.000000 0.000000
0.999923 -0.012423 0.000000 42.905429 0.012423 0.999923 0.000000 -0.772208 0.000000 0.000000 1.000000 0.000000
0.999929 -0.011893 0.000000 43.486302 0.011893 0.999929 0.000000 -0.777518 0.000000 0.000000 1.000000 0.000000
0.999931 -0.011734 0.000000 44.113751 0.011734 0.999931 0.000000 -0.791489 0.000000 0.000000 1.000000 0.000000
0.999935 -0.011388 0.000000 44.782882 0.011388 0.999935 0.000000 -0.785342 0.000000 0.000000 1.000000 0.000000
0.999934 -0.011521 0.000000 45.642890 0.011521 0.999934 0.000000 -0.727672 0.000000 0.000000 1.000000 0.000000
0.999934 -0.011489 0.000000 46.176679 0.011489 0.999934 0.000000 -0.726622 0.000000 0.000000 1.000000 0.000000
0.999929 -0.011926 0.000000 46.953678 0.011926 0.999929 0.000000 -0.742933 0.000000 0.000000 1.000000 0.000000
0.999925 -0.012251 0.000000 47.647145 0.012251 0.999925 0.000000 -0.741396 0.000000 0.000000 1.000000 0.000000
0.999913 -0.013160 0.000000 48.428842 0.013160 0.999913 0.000000 -0.727538 0.000000 0.000000 1.000000 0.000000
0.999879 -0.015565 0.000000 49.052490 0.015565 0.999879 0.000000 -0.733815 0.000000 0.000000 1.000000 0.000000
0.999923 -0.012441 0.000000 49.609461 0.012441 0.999923 0.000000 -0.738573 0.000000 0.000000 1.000000 0.000000
0.999903 -0.013907 0.000000 50.349803 0.013907 0.999903 0.000000 -0.730896 0.000000 0.000000 1.000000 0.000000
0.999884 -0.015216 0.000000 50.654846 0.015216 0.999884 0.000000 -0.747624 0.000000 0.000000 1.000000 0.000000
0.999885 -0.015192 0.000000 51.068411 0.015192 0.999885 0.000000 -0.746012 0.000000 0.000000 1.000000 0.000000
0.999903 -0.013922 0.000000 51.324778 0.013922 0.999903 0.000000 -0.730423 0.000000 0.000000 1.000000 0.000000
0.999919 -0.012716 0.000000 51.966664 0.012716 0.999919 0.000000 -0.726396 0.000000 0.000000 1.000000 0.000000
0.999924 -0.012311 0.000000 52.593631 0.012311 0.999924 0.000000 -0.727443 0.000000 0.000000 1.000000 0.000000
0.999901 -0.014094 0.000000 53.497317 0.014094 0.999901 0.000000 -0.725088 0.000000 0.000000 1.000000 0.000000
0.999909 -0.013514 0.000000 54.065797 0.013514 0.999909 0.000000 -0.725154 0.000000 0.000000 1.000000 0.000000
0.999907 -0.013671 0.000000 55.040381 0.013671 0.999907 0.000000 -0.744115 0.000000 0.000000 1.000000 0.000000
0.999896 -0.014402 0.000000 55.575462 0.014402 0.999896 0.000000 -0.743950 0.000000 0.000000 1.000000 0.000000
0.999886 -0.015089 0.000000 56.092984 0.015089 0.999886 0.000000 -0.755883 0.000000 0.000000 1.000000 0.000000
0.999891 -0.014778 0.000000 56.672103 0.014778 0.999891 0.000000 -0.759926 0.000000 0.000000 1.000000 0.000000
0.999892 -0.014684 0.000000 57.326819 0.014684 0.999892 0.000000 -0.760774 0.000000 0.000000 1.000000 0.000000
0.999887 -0.015040 0.000000 58.013436 0.015040 0.999887 0.000000 -0.782448 0.000000 0.000000 1.000000 0.000000
0.999862 -0.016588 0.000000 58.676069 0.016588 0.999862 0.000000 -0.793586 0.000000 0.000000 1.000000 0.000000
0.999839 -0.017931 0.000000 59.153359 0.017931 0.999839 0.000000 -0.794254 0.000000 0.000000 1.000000 0.000000
0.999820 -0.018956 0.000000 60.500676 0.018956 0.999820 0.000000 -0.786027 0.000000 0.000000 1.000000 0.000000
0.999793 -0.020349 0.000000 61.817820 0.020349 0.999793 0.000000 -0.718529 0.000000 0.000000 1.000000 0.000000
0.999783 -0.020841 0.000000 62.552419 0.020841 0.999783 0.000000 -0.723915 0.000000 0.000000 1.000000 0.000000
0.999791 -0.020444 0.000000 62.992609 0.020444 0.999791 0.000000 -0.723764 0.000000 0.000000 1.000000 0.000000
0.999806 -0.019718 0.000000 63.564807 0.019718 0.999806 0.000000 -0.725546 0.000000 0.000000 1.000000 0.000000
0.999787 -0.020652 0.000000 64.050853 0.020652 0.999787 0.000000 -0.733785 0.000000 0.000000 1.000000 0.000000
0.999772 -0.021334 0.000000 64.590854 0.021334 0.999772 0.000000 -0.719541 0.000000 0.000000 1.000000 0.000000
0.999782 -0.020862 0.000000 65.197310 0.020862 0.999782 0.000000 -0.722949 0.000000 0.000000 1.000000 0.000000
0.999788 -0.020608 0.000000 65.783619 0.020608 0.999788 0.000000 -0.723964 0.000000 0.000000 1.000000 0.000000
0.999788 -0.020586 0.000000 66.349807 0.020586 0.999788 0.000000 -0.726531 0.000000 0.000000 1.000000 0.000000
0.999798 -0.020122 0.000000 66.992073 0.020122 0.999798 0.000000 -0.735339 0.000000 0.000000 1.000000 0.000000
0.999794 -0.020276 0.000000 67.593902 0.020276 0.999794 0.000000 -0.737072 0.000000 0.000000 1.000000 0.000000
0.999785 -0.020755 0.000000 68.288942 0.020755 0.999785 0.000000 -0.741684 0.000000 0.000000 1.000000 0.000000
0.999753 -0.022240 0.000000 68.810747 0.022240 0.999753 0.000000 -0.754927 0.000000 0.000000 1.000000 0.000000
0.999734 -0.023055 0.000000 69.421041 0.023055 0.999734 0.000000 -0.754780 0.000000 0.000000 1.000000 0.000000
0.999743 -0.022691 0.000000 70.115318 0.022691 0.999743 0.000000 -0.779209 0.000000 0.000000 1.000000 0.000000
0.999734 -0.023077 0.000000 70.660147 0.023077 0.999734 0.000000 -0.777004 0.000000 0.000000 1.000000 0.000000
0.999698 -0.024586 0.000000 71.481930 0.024586 0.999698 0.000000 -0.759847 0.000000 0.000000 1.000000 0.000000
0.999713 -0.023960 0.000000 72.094173 0.023960 0.999713 0.000000 -0.754788 0.000000 0.000000 1.000000 0.000000
0.999705 -0.024276 0.000000 72.632886 0.024276 0.999705 0.000000 -0.762833 0.000000 0.000000 1.000000 0.000000
0.999666 -0.025824 0.000000 73.667702 0.025824 0.999666 0.000000 -0.758928 0.000000 0.000000 1.000000 0.000000
0.999691 -0.024859 0.000000 74.168276 0.024859 0.999691 0.000000 -0.769699 0.000000 0.000000 1.000000 0.000000
0.999681 -0.025272 0.000000 74.772521 0.025272 0.999681 0.000000 -0.775182 0.000000 0.000000 1.000000 0.000000
0.999677 -0.025432 0.000000 75.384555 0.025432 0.999677 0.000000 -0.770180 0.000000 0.000000 1.000000 0.000000
0.999686 -0.025074 0.000000 76.065202 0.025074 0.999686 0.000000 -0.758386 0.000000 0.000000 1.000000 0.000000
0.999641 -0.026787 0.000000 76.683811 0.026787 0.999641 0.000000 -0.758256 0.000000 0.000000 1.000000 0.000000
0.999623 -0.027461 0.000000 77.217676 0.027461 0.999623 0.000000 -0.758619 0.000000 0.000000 1.000000 0.000000
0.999614 -0.027798 0.000000 77.841384 0.027798 0.999614 0.000000 -0.764223 0.000000 0.000000 1.000000 0.000000
0.999627 -0.027309 0.000000 78.414093 0.027309 0.999627 0.000000 -0.757878 0.000000 0.000000 1.000000 0.000000
0.999761 -0.021871 0.000000 79.705853 0.021871 0.999761 0.000000 -0.824395 0.000000 0.000000 1.000000 0.000000
0.999743 -0.022651 0.000000 80.265785 0.022651 0.999743 0.000000 -0.804988 0.000000 0.000000 1.000000 0.000000
0.999779 -0.021035 0.000000 80.860227 0.021035 0.999779 0.000000 -0.817699 0.000000 0.000000 1.000000 0.000000
0.999768 -0.021546 0.000000 81.482371 0.021546 0.999768 0.000000 -0.826555 0.000000 0.000000 1.000000 0.000000
0.999803 -0.019830 0.000000 82.098687 0.019830 0.999803 0.000000 -0.831048 0.000000 0.000000 1.000000 0.000000
0.999778 -0.021091 0.000000 82.608585 0.021091 0.999778 0.000000 -0.821928 0.000000 0.000000 1.000000 0.000000
0.999776 -0.021166 0.000000 83.202184 0.021166 0.999776 0.000000 -0.843923 0.000000 0.000000 1.000000 0.000000
0.999774 -0.021264 0.000000 83.782705 0.021264 0.999774 0.000000 -0.835933 0.000000 0.000000 1.000000 0.000000
0.999790 -0.020517 0.000000 84.450923 0.020517 0.999790 0.000000 -0.824628 0.000000 0.000000 1.000000 0.000000
0.999781 -0.020942 0.000000 84.986144 0.020942 0.999781 0.000000 -0.824658 0.000000 0.000000 1.000000 0.000000
0.999770 -0.021454 0.000000 85.345217 0.021454 0.999770 0.000000 -0.798436 0.000000 0.000000 1.000000 0.000000
0.999778 -0.021091 0.000000 85.899646 0.021091 0.999778 0.000000 -0.816076 0.000000 0.000000 1.000000 0.000000
0.999809 -0.019552 0.000000 86.438319 0.019552 0.999809 0.000000 -0.820758 0.000000 0.000000 1.000000 0.000000
0.999830 -0.018445 0.000000 86.937721 0.018445 0.999830 0.000000 -0.825399 0.000000 0.000000 1.000000 0.000000
0.999874 -0.015847 0.000000 87.537405 0.015847 0.999874 0.000000 -0.840957 0.000000 0.000000 1.000000 0.000000
0.999932 -0.011628 0.000000 88.116109 0.011628 0.999932 0.000000 -0.889537 0.000000 0.000000 1.000000 0.000000
0.999942 -0.010766 0.000000 88.597584 0.010766 0.999942 0.000000 -0.900409 0.000000 0.000000 1.000000 0.000000
0.999936 -0.011280 0.000000 89.133070 0.011280 0.999936 0.000000 -0.893799 0.000000 0.000000 1.000000 0.000000
0.999952 -0.009837 0.000000 89.556222 0.009837 0.999952 0.000000 -0.911048 0.000000 0.000000 1.000000 0.000000
0.999958 -0.009189 0.000000 90.015901 0.009189 0.999958 0.000000 -0.930025 0.000000 0.000000 1.000000 0.000000
0.999984 -0.005722 0.000000 90.515192 0.005722 0.999984 0.000000 -0.953662 0.000000 0.000000 1.000000 0.000000
0.999990 -0.004371 0.000000 91.061066 0.004371 0.999990 0.000000 -0.976585 0.000000 0.000000 1.000000 0.000000
0.999994 -0.003477 0.000000 91.575126 0.003477 0.999994 0.000000 -0.985974 0.000000 0.000000 1.000000 0.000000
0.999995 -0.003316 0.000000 92.112643 0.003316 0.999995 0.000000 -0.982578 0.000000 0.000000 1.000000 0.000000
0.999999 -0.001520 0.000000 92.606005 0.001520 0.999999 0.000000 -0.998807 0.000000 0.000000 1.000000 0.000000
1.000000 -0.000771 0.000000 93.091436 0.000771 1.000000 0.000000 -0.994794 0.000000 0.000000 1.000000 0.000000
0.999999 -0.001235 0.000000 93.590823 0.001235 0.999999 0.000000 -0.970045 0.000000 0.000000 1.000000 0.000000
1.000000 -0.000009 0.000000 94.131493 0.000009 1.000000 0.000000 -0.987438 0.000000 0.000000 1.000000 0.000000
0.999999 -0.001105 0.000000 94.707164 0.001105 0.999999 0.000000 -0.968905 0.000000 0.000000 1.000000 0.000000
0.999999 -0.001119 0.000000 95.379336 0.001119 0.999999 0.000000 -0.968167 0.000000 0.000000 1.000000 0.000000
0.999999 -0.001081 0.000000 95.871254 0.001081 0.999999 0.000000 -0.979126 0.000000 0.000000 1.000000 0.000000
1.000000 -0.000587 0.000000 96.266373 0.000587 1.000000 0.000000 -0.975622 0.000000 0.000000 1.000000 0.000000
1.000000 -0.000996 0.000000 96.700873 0.000996 1.000000 0.000000 -0.982946 0.000000 0.000000 1.000000 0.000000
1.000000 0.000984 0.000000 97.059763 -0.000984 1.000000 0.000000 -1.044934 0.000000 0.000000 1.000000 0.000000
1.000000 0.000783 0.000000 97.537918 -0.000783 1.000000 0.000000 -1.054068 0.000000 0.000000 1.000000 0.000000
0.999997 0.002244 0.000000 98.027441 -0.002244 0.999997 0.000000 -1.097911 0.000000 0.000000 1.000000 0.000000
0.999972 0.007463 0.000000 99.110202 -0.007463 0.999972 0.000000 -1.135623 0.000000 0.000000 1.000000 0.000000
0.999959 0.009054 0.000000 99.538357 -0.009054 0.999959 0.000000 -1.141408 0.000000 0.000000 1.000000 0.000000
0.999930 0.011849 0.000000 100.037402 -0.011849 0.999930 0.000000 -1.165111 0.000000 0.000000 1.000000 0.000000
0.999857 0.016921 0.000000 100.529812 -0.016921 0.999857 0.000000 -1.233587 0.000000 0.000000 1.000000 0.000000
0.999821 0.018915 0.000000 101.027956 -0.018915 0.999821 0.000000 -1.247611 0.000000 0.000000 1.000000 0.000000
0.999708 0.024149 0.000000 101.437451 -0.024149 0.999708 0.000000 -1.345419 0.000000 0.000000 1.000000 0.000000
0.999678 0.025393 0.000000 101.939865 -0.025393 0.999678 0.000000 -1.374191 0.000000 0.000000 1.000000 0.000000
0.999568 0.029405 0.000000 102.457074 -0.029405 0.999568 0.000000 -1.370053 0.000000 0.000000 1.000000 0.000000
0.999437 0.033553 0.000000 102.789689 -0.033553 0.999437 0.000000 -1.436293 0.000000 0.000000 1.000000 0.000000
0.999332 0.036545 0.000000 103.363533 -0.036545 0.999332 0.000000 -1.480027 0.000000 0.000000 1.000000 0.000000
0.999187 0.040324 0.000000 104.053488 -0.040324 0.999187 0.000000 -1.552688 0.000000 0.000000 1.000000 0.000000
0.999145 0.041345 0.000000 104.350412 -0.041345 0.999145 0.000000 -1.577689 0.000000 0.000000 1.000000 0.000000
0.999019 0.044281 0.000000 104.714641 -0.044281 0.999019 0.000000 -1.634282 0.000000 0.000000 1.000000 0.000000
0.998844 0.048069 0.000000 105.169272 -0.048069 0.998844 0.000000 -1.670212 0.000000 0.000000 1.000000 0.000000
0.998800 0.048983 0.000000 105.611025 -0.048983 0.998800 0.000000 -1.705516 0.000000 0.000000 1.000000 0.000000
0.998617 0.052572 0.000000 106.041084 -0.052572 0.998617 0.000000 -1.763101 0.000000 0.000000 1.000000 0.000000
0.998339 0.057616 0.000000 106.545797 -0.057616 0.998339 0.000000 -1.790906 0.000000 0.000000 1.000000 0.000000
0.998059 0.062274 0.000000 106.918803 -0.062274 0.998059 0.000000 -1.846339 0.000000 0.000000 1.000000 0.000000
0.997723 0.067440 0.000000 107.166194 -0.067440 0.997723 0.000000 -1.903744 0.000000 0.000000 1.000000 0.000000
0.997599 0.069259 0.000000 107.568497 -0.069259 0.997599 0.000000 -1.926103 0.000000 0.000000 1.000000 0.000000
0.996996 0.077455 0.000000 108.124959 -0.077455 0.996996 0.000000 -2.068829 0.000000 0.000000 1.000000 0.000000
0.996613 0.082230 0.000000 108.572692 -0.082230 0.996613 0.000000 -2.121236 0.000000 0.000000 1.000000 0.000000
0.996328 0.085619 0.000000 108.892625 -0.085619 0.996328 0.000000 -2.154886 0.000000 0.000000 1.000000 0.000000
0.995893 0.090538 0.000000 109.374828 -0.090538 0.995893 0.000000 -2.243366 0.000000 0.000000 1.000000 0.000000
0.995805 0.091499 0.000000 109.770735 -0.091499 0.995805 0.000000 -2.263772 0.000000 0.000000 1.000000 0.000000
0.995645 0.093221 0.000000 110.156697 -0.093221 0.995645 0.000000 -2.288636 0.000000 0.000000 1.000000 0.000000
0.995261 0.097240 0.000000 110.558200 -0.097240 0.995261 0.000000 -2.336199 0.000000 0.000000 1.000000 0.000000
0.994931 0.100561 0.000000 111.182163 -0.100561 0.994931 0.000000 -2.398776 0.000000 0.000000 1.000000 0.000000
0.994651 0.103294 0.000000 111.789061 -0.103294 0.994651 0.000000 -2.482223 0.000000 0.000000 1.000000 0.000000
0.994491 0.104824 0.000000 112.192652 -0.104824 0.994491 0.000000 -2.553251 0.000000 0.000000 1.000000 0.000000
0.994173 0.107800 0.000000 112.492562 -0.107800 0.994173 0.000000 -2.684492 0.000000 0.000000 1.000000 0.000000
0.993882 0.110446 0.000000 112.999428 -0.110446 0.993882 0.000000 -2.746132 0.000000 0.000000 1.000000 0.000000
0.993599 0.112968 0.000000 113.449788 -0.112968 0.993599 0.000000 -2.813360 0.000000 0.000000 1.000000 0.000000
0.993342 0.115203 0.000000 113.913772 -0.115203 0.993342 0.000000 -2.896514 0.000000 0.000000 1.000000 0.000000
0.993376 0.114908 0.000000 114.459502 -0.114908 0.993376 0.000000 -2.986576 0.000000 0.000000 1.000000 0.000000
0.993311 0.115473 0.000000 114.768574 -0.115473 0.993311 0.000000 -3.034534 0.000000 0.000000 1.000000 0.000000
0.992993 0.118177 0.000000 115.588650 -0.118177 0.992993 0.000000 -3.175953 0.000000 0.000000 1.000000 0.000000
0.992981 0.118275 0.000000 115.952762 -0.118275 0.992981 0.000000 -3.228187 0.000000 0.000000 1.000000 0.000000
0.992918 0.118804 0.000000 116.349063 -0.118804 0.992918 0.000000 -3.302477 0.000000 0.000000 1.000000 0.000000
0.992837 0.119479 0.000000 116.787242 -0.119479 0.992837 0.000000 -3.380867 0.000000 0.000000 1.000000 0.000000
0.992827 0.119559 0.000000 117.294233 -0.119559 0.992827 0.000000 -3.459647 0.000000 0.000000 1.000000 0.000000
0.992661 0.120927 0.000000 117.729341 -0.120927 0.992661 0.000000 -3.561306 0.000000 0.000000 1.000000 0.000000
0.992479 0.122414 0.000000 118.190618 -0.122414 0.992479 0.000000 -3.609357 0.000000 0.000000 1.000000 0.000000
0.992193 0.124715 0.000000 118.651548 -0.124715 0.992193 0.000000 -3.719249 0.000000 0.000000 1.000000 0.000000
0.992184 0.124784 0.000000 119.051702 -0.124784 0.992184 0.000000 -3.783802 0.000000 0.000000 1.000000 0.000000
0.992220 0.124500 0.000000 119.397496 -0.124500 0.992220 0.000000 -3.897751 0.000000 0.000000 1.000000 0.000000
0.992124 0.125261 0.000000 119.827586 -0.125261 0.992124 0.000000 -3.955052 0.000000 0.000000 1.000000 0.000000
0.992151 0.125043 0.000000 120.644661 -0.125043 0.992151 0.000000 -4.079831 0.000000 0.000000 1.000000 0.000000
0.991968 0.126490 0.000000 121.044108 -0.126490 0.991968 0.000000 -4.190366 0.000000 0.000000 1.000000 0.000000
0.991975 0.126432 0.000000 121.485950 -0.126432 0.991975 0.000000 -4.239280 0.000000 0.000000 1.000000 0.000000
0.991628 0.129125 0.000000 121.891334 -0.129125 0.991628 0.000000 -4.309635 0.000000 0.000000 1.000000 0.000000
0.991466 0.130364 0.000000 122.341755 -0.130364 0.991466 0.000000 -4.369140 0.000000 0.000000 1.000000 0.000000
0.991131 0.132888 0.000000 122.742962 -0.132888 0.991131 0.000000 -4.447193 0.000000 0.000000 1.000000 0.000000
0.990683 0.136190 0.000000 123.325076 -0.136190 0.990683 0.000000 -4.936460 0.000000 0.000000 1.000000 0.000000
0.990494 0.137553 0.000000 123.905595 -0.137553 0.990494 0.000000 -5.035023 0.000000 0.000000 1.000000 0.000000
0.989890 0.141840 0.000000 124.433461 -0.141840 0.989890 0.000000 -5.175385 0.000000 0.000000 1.000000 0.000000
0.989642 0.143555 0.000000 124.847664 -0.143555 0.989642 0.000000 -5.270454 0.000000 0.000000 1.000000 0.000000
0.989365 0.145456 0.000000 125.379773 -0.145456 0.989365 0.000000 -5.359431 0.000000 0.000000 1.000000 0.000000
0.989403 0.145192 0.000000 125.703635 -0.145192 0.989403 0.000000 -5.406365 0.000000 0.000000 1.000000 0.000000
0.989033 0.147696 0.000000 126.358342 -0.147696 0.989033 0.000000 -5.418761 0.000000 0.000000 1.000000 0.000000
0.988761 0.149502 0.000000 126.793016 -0.149502 0.988761 0.000000 -5.510975 0.000000 0.000000 1.000000 0.000000
0.988429 0.151681 0.000000 127.399640 -0.151681 0.988429 0.000000 -5.612348 0.000000 0.000000 1.000000 0.000000
0.988519 0.151095 0.000000 127.859056 -0.151095 0.988519 0.000000 -5.691257 0.000000 0.000000 1.000000 0.000000
0.988140 0.153559 0.000000 128.341851 -0.153559 0.988140 0.000000 -5.792887 0.000000 0.000000 1.000000 0.000000
0.987684 0.156465 0.000000 128.800896 -0.156465 0.987684 0.000000 -5.887757 0.000000 0.000000 1.000000 0.000000
0.987485 0.157715 0.000000 129.176490 -0.157715 0.987485 0.000000 -5.955390 0.000000 0.000000 1.000000 0.000000
0.987239 0.159248 0.000000 129.718882 -0.159248 0.987239 0.000000 -6.063505 0.000000 0.000000 1.000000 0.000000
0.987076 0.160254 0.000000 130.048221 -0.160254 0.987076 0.000000 -6.122357 0.000000 0.000000 1.000000 0.000000
0.987035 0.160507 0.000000 130.898083 -0.160507 0.987035 0.000000 -6.244375 0.000000 0.000000 1.000000 0.000000
0.987026 0.160559 0.000000 131.294157 -0.160559 0.987026 0.000000 -6.342140 0.000000 0.000000 1.000000 0.000000
0.986942 0.161079 0.000000 132.246598 -0.161079 0.986942 0.000000 -6.481624 0.000000 0.000000 1.000000 0.000000
0.987011 0.160650 0.000000 132.643673 -0.160650 0.987011 0.000000 -6.570324 0.000000 0.000000 1.000000 0.000000
0.987055 0.160383 0.000000 133.080880 -0.160383 0.987055 0.000000 -6.628107 0.000000 0.000000 1.000000 0.000000
0.987078 0.160238 0.000000 133.519354 -0.160238 0.987078 0.000000 -6.849122 0.000000 0.000000 1.000000 0.000000
0.988587 0.150649 0.000000 134.034891 -0.150649 0.988587 0.000000 -6.505883 0.000000 0.000000 1.000000 0.000000
0.988454 0.151523 0.000000 134.509946 -0.151523 0.988454 0.000000 -6.582823 0.000000 0.000000 1.000000 0.000000
0.988586 0.150654 0.000000 134.976534 -0.150654 0.988586 0.000000 -6.643089 0.000000 0.000000 1.000000 0.000000
0.988382 0.151989 0.000000 135.451527 -0.151989 0.988382 0.000000 -6.726398 0.000000 0.000000 1.000000 0.000000
0.988748 0.149592 0.000000 135.640866 -0.149592 0.988748 0.000000 -6.886228 0.000000 0.000000 1.000000 0.000000
0.988566 0.150790 0.000000 136.152532 -0.150790 0.988566 0.000000 -6.850254 0.000000 0.000000 1.000000 0.000000
0.988581 0.150688 0.000000 136.577885 -0.150688 0.988581 0.000000 -6.881377 0.000000 0.000000 1.000000 0.000000
0.988516 0.151119 0.000000 137.076509 -0.151119 0.988516 0.000000 -6.964957 0.000000 0.000000 1.000000 0.000000
0.988492 0.151275 0.000000 137.446480 -0.151275 0.988492 0.000000 -6.952783 0.000000 0.000000 1.000000 0.000000
0.987920 0.154963 0.000000 137.915205 -0.154963 0.987920 0.000000 -7.097839 0.000000 0.000000 1.000000 0.000000
0.988050 0.154136 0.000000 138.503877 -0.154136 0.988050 0.000000 -7.059597 0.000000 0.000000 1.000000 0.000000
0.987641 0.156733 0.000000 138.891471 -0.156733 0.987641 0.000000 -7.159680 0.000000 0.000000 1.000000 0.000000
0.987451 0.157923 0.000000 139.552218 -0.157923 0.987451 0.000000 -7.276453 0.000000 0.000000 1.000000 0.000000
0.987907 0.155048 0.000000 140.060603 -0.155048 0.987907 0.000000 -7.538388 0.000000 0.000000 1.000000 0.000000
0.985933 0.167141 0.000000 140.577578 -0.167141 0.985933 0.000000 -7.695448 0.000000 0.000000 1.000000 0.000000
0.986041 0.166500 0.000000 141.067475 -0.166500 0.986041 0.000000 -7.847099 0.000000 0.000000 1.000000 0.000000
0.985628 0.168930 0.000000 141.611208 -0.168930 0.985628 0.000000 -7.949779 0.000000 0.000000 1.000000 0.000000
0.985455 0.169937 0.000000 142.275059 -0.169937 0.985455 0.000000 -8.045491 0.000000 0.000000 1.000000 0.000000
0.984043 0.177931 0.000000 146.182402 -0.177931 0.984043 0.000000 -8.855280 0.000000 0.000000 1.000000 0.000000
0.983731 0.179649 0.000000 146.698106 -0.179649 0.983731 0.000000 -8.996618 0.000000 0.000000 1.000000 0.000000
0.984806 0.173657 0.000000 147.927969 -0.173657 0.984806 0.000000 -9.156508 0.000000 0.000000 1.000000 0.000000
0.984507 0.175345 0.000000 149.095538 -0.175345 0.984507 0.000000 -9.397912 0.000000 0.000000 1.000000 0.000000
0.984623 0.174691 0.000000 149.735344 -0.174691 0.984623 0.000000 -9.559285 0.000000 0.000000 1.000000 0.000000
0.984643 0.174582 0.000000 150.320515 -0.174582 0.984643 0.000000 -9.680159 0.000000 0.000000 1.000000 0.000000
0.984663 0.174467 0.000000 150.836961 -0.174467 0.984663 0.000000 -9.842327 0.000000 0.000000 1.000000 0.000000
0.984968 0.172739 0.000000 151.401115 -0.172739 0.984968 0.000000 -9.982147 0.000000 0.000000 1.000000 0.000000
0.985235 0.171207 0.000000 152.044825 -0.171207 0.985235 0.000000 -9.984175 0.000000 0.000000 1.000000 0.000000
0.984674 0.174404 0.000000 152.578978 -0.174404 0.984674 0.000000 -10.170869 0.000000 0.000000 1.000000 0.000000
0.984804 0.173670 0.000000 152.939034 -0.173670 0.984804 0.000000 -10.324876 0.000000 0.000000 1.000000 0.000000
0.984725 0.174115 0.000000 153.502317 -0.174115 0.984725 0.000000 -10.460608 0.000000 0.000000 1.000000 0.000000
0.985169 0.171586 0.000000 154.404953 -0.171586 0.985169 0.000000 -10.689442 0.000000 0.000000 1.000000 0.000000
0.985118 0.171881 0.000000 155.034165 -0.171881 0.985118 0.000000 -10.818072 0.000000 0.000000 1.000000 0.000000
0.985828 0.167760 0.000000 155.645427 -0.167760 0.985828 0.000000 -10.951306 0.000000 0.000000 1.000000 0.000000
0.986101 0.166146 0.000000 156.264813 -0.166146 0.986101 0.000000 -10.997438 0.000000 0.000000 1.000000 0.000000
0.986377 0.164499 0.000000 156.968167 -0.164499 0.986377 0.000000 -11.160479 0.000000 0.000000 1.000000 0.000000
0.986140 0.165917 0.000000 157.517848 -0.165917 0.986140 0.000000 -11.256007 0.000000 0.000000 1.000000 0.000000
0.985948 0.167053 0.000000 158.100042 -0.167053 0.985948 0.000000 -11.267533 0.000000 0.000000 1.000000 0.000000
0.985770 0.168100 0.000000 158.706084 -0.168100 0.985770 0.000000 -11.382973 0.000000 0.000000 1.000000 0.000000
0.985470 0.169847 0.000000 159.373164 -0.169847 0.985470 0.000000 -11.542304 0.000000 0.000000 1.000000 0.000000
0.985324 0.170695 0.000000 159.916934 -0.170695 0.985324 0.000000 -11.683956 0.000000 0.000000 1.000000 0.000000
0.985444 0.170000 0.000000 160.481057 -0.170000 0.985444 0.000000 -11.814303 0.000000 0.000000 1.000000 0.000000
0.985482 0.169778 0.000000 161.064042 -0.169778 0.985482 0.000000 -11.972905 0.000000 0.000000 1.000000 0.000000
0.985345 0.170572 0.000000 161.691618 -0.170572 0.985345 0.000000 -12.059339 0.000000 0.000000 1.000000 0.000000
0.985339 0.170605 0.000000 162.264256 -0.170605 0.985339 0.000000 -12.166958 0.000000 0.000000 1.000000 0.000000
0.985856 0.167595 0.000000 162.788796 -0.167595 0.985856 0.000000 -12.281127 0.000000 0.000000 1.000000 0.000000
0.985655 0.168775 0.000000 163.385138 -0.168775 0.985655 0.000000 -12.399971 0.000000 0.000000 1.000000 0.000000
0.986111 0.166085 0.000000 164.586959 -0.166085 0.986111 0.000000 -12.524629 0.000000 0.000000 1.000000 0.000000
0.986351 0.164657 0.000000 165.069413 -0.164657 0.986351 0.000000 -12.645413 0.000000 0.000000 1.000000 0.000000
0.986918 0.161223 0.000000 165.641258 -0.161223 0.986918 0.000000 -12.724330 0.000000 0.000000 1.000000 0.000000
0.986389 0.164429 0.000000 166.245702 -0.164429 0.986389 0.000000 -12.848214 0.000000 0.000000 1.000000 0.000000
0.986359 0.164609 0.000000 166.792827 -0.164609 0.986359 0.000000 -12.938491 0.000000 0.000000 1.000000 0.000000
0.985948 0.167052 0.000000 167.885848 -0.167052 0.985948 0.000000 -13.144421 0.000000 0.000000 1.000000 0.000000
0.985929 0.167162 0.000000 168.450662 -0.167162 0.985929 0.000000 -13.322193 0.000000 0.000000 1.000000 0.000000
0.985718 0.168405 0.000000 168.973347 -0.168405 0.985718 0.000000 -13.439181 0.000000 0.000000 1.000000 0.000000
0.985637 0.168876 0.000000 169.660722 -0.168876 0.985637 0.000000 -13.541270 0.000000 0.000000 1.000000 0.000000
0.985692 0.168556 0.000000 170.318813 -0.168556 0.985692 0.000000 -13.753059 0.000000 0.000000 1.000000 0.000000
0.985177 0.171541 0.000000 170.865534 -0.171541 0.985177 0.000000 -13.848500 0.000000 0.000000 1.000000 0.000000
0.984799 0.173696 0.000000 171.557294 -0.173696 0.984799 0.000000 -14.071266 0.000000 0.000000 1.000000 0.000000
0.984572 0.174982 0.000000 172.149707 -0.174982 0.984572 0.000000 -14.153489 0.000000 0.000000 1.000000 0.000000
0.984374 0.176091 0.000000 172.655471 -0.176091 0.984374 0.000000 -14.265773 0.000000 0.000000 1.000000 0.000000
0.984306 0.176470 0.000000 173.313178 -0.176470 0.984306 0.000000 -14.351002 0.000000 0.000000 1.000000 0.000000
0.984495 0.175411 0.000000 173.842970 -0.175411 0.984495 0.000000 -14.470225 0.000000 0.000000 1.000000 0.000000
0.984851 0.173404 0.000000 174.458450 -0.173404 0.984851 0.000000 -14.568999 0.000000 0.000000 1.000000 0.000000
0.984896 0.173147 0.000000 174.994211 -0.173147 0.984896 0.000000 -14.644395 0.000000 0.000000 1.000000 0.000000
0.985698 0.168522 0.000000 175.584523 -0.168522 0.985698 0.000000 -14.788226 0.000000 0.000000 1.000000 0.000000
0.985276 0.170971 0.000000 176.338905 -0.170971 0.985276 0.000000 -14.950122 0.000000 0.000000 1.000000 0.000000
0.985408 0.170209 0.000000 176.927305 -0.170209 0.985408 0.000000 -15.111098 0.000000 0.000000 1.000000 0.000000
0.985627 0.168935 0.000000 177.492509 -0.168935 0.985627 0.000000 -15.236176 0.000000 0.000000 1.000000 0.000000
0.985947 0.167061 0.000000 178.063557 -0.167061 0.985947 0.000000 -15.230536 0.000000 0.000000 1.000000 0.000000
0.986250 0.165261 0.000000 178.668258 -0.165261 0.986250 0.000000 -15.359591 0.000000 0.000000 1.000000 0.000000
0.986609 0.163104 0.000000 179.228811 -0.163104 0.986609 0.000000 -15.510068 0.000000 0.000000 1.000000 0.000000
0.986599 0.163162 0.000000 179.858107 -0.163162 0.986599 0.000000 -15.623816 0.000000 0.000000 1.000000 0.000000
0.986903 0.161315 0.000000 180.373766 -0.161315 0.986903 0.000000 -15.721548 0.000000 0.000000 1.000000 0.000000
0.986849 0.161645 0.000000 181.047130 -0.161645 0.986849 0.000000 -15.826806 0.000000 0.000000 1.000000 0.000000
0.986647 0.162872 0.000000 181.762015 -0.162872 0.986647 0.000000 -15.874259 0.000000 0.000000 1.000000 0.000000
0.986846 0.161664 0.000000 182.418808 -0.161664 0.986846 0.000000 -16.196946 0.000000 0.000000 1.000000 0.000000
0.986881 0.161451 0.000000 183.039421 -0.161451 0.986881 0.000000 -16.298410 0.000000 0.000000 1.000000 0.000000
0.986663 0.162778 0.000000 183.631073 -0.162778 0.986663 0.000000 -16.442223 0.000000 0.000000 1.000000 0.000000
0.986791 0.161996 0.000000 184.163523 -0.161996 0.986791 0.000000 -16.555898 0.000000 0.000000 1.000000 0.000000
0.987460 0.157872 0.000000 184.787406 -0.157872 0.987460 0.000000 -16.684471 0.000000 0.000000 1.000000 0.000000
0.987049 0.160416 0.000000 185.393607 -0.160416 0.987049 0.000000 -16.809040 0.000000 0.000000 1.000000 0.000000
0.987062 0.160340 0.000000 185.933876 -0.160340 0.987062 0.000000 -16.915574 0.000000 0.000000 1.000000 0.000000
0.986904 0.161310 0.000000 186.572325 -0.161310 0.986904 0.000000 -16.977807 0.000000 0.000000 1.000000 0.000000
0.986913 0.161254 0.000000 187.083774 -0.161254 0.986913 0.000000 -17.096769 0.000000 0.000000 1.000000 0.000000
0.986617 0.163055 0.000000 187.749078 -0.163055 0.986617 0.000000 -17.160903 0.000000 0.000000 1.000000 0.000000
0.986725 0.162398 0.000000 188.499035 -0.162398 0.986725 0.000000 -17.290580 0.000000 0.000000 1.000000 0.000000
0.986803 0.161922 0.000000 189.155356 -0.161922 0.986803 0.000000 -17.408608 0.000000 0.000000 1.000000 0.000000
0.986898 0.161348 0.000000 189.755383 -0.161348 0.986898 0.000000 -17.514568 0.000000 0.000000 1.000000 0.000000
0.986556 0.163423 0.000000 190.411753 -0.163423 0.986556 0.000000 -17.606255 0.000000 0.000000 1.000000 0.000000
0.986670 0.162732 0.000000 191.065942 -0.162732 0.986670 0.000000 -17.737980 0.000000 0.000000 1.000000 0.000000
0.986573 0.163319 0.000000 191.765451 -0.163319 0.986573 0.000000 -17.840248 0.000000 0.000000 1.000000 0.000000
0.986963 0.160945 0.000000 192.278301 -0.160945 0.986963 0.000000 -18.014649 0.000000 0.000000 1.000000 0.000000
0.986690 0.162612 0.000000 192.861353 -0.162612 0.986690 0.000000 -18.103328 0.000000 0.000000 1.000000 0.000000
0.986948 0.161038 0.000000 193.474288 -0.161038 0.986948 0.000000 -18.200943 0.000000 0.000000 1.000000 0.000000
0.987113 0.160025 0.000000 193.990767 -0.160025 0.987113 0.000000 -18.313815 0.000000 0.000000 1.000000 0.000000
0.987652 0.156661 0.000000 194.616373 -0.156661 0.987652 0.000000 -18.481265 0.000000 0.000000 1.000000 0.000000
0.987554 0.157278 0.000000 195.230806 -0.157278 0.987554 0.000000 -18.525643 0.000000 0.000000 1.000000 0.000000
0.987333 0.158663 0.000000 195.871017 -0.158663 0.987333 0.000000 -18.652108 0.000000 0.000000 1.000000 0.000000
0.987826 0.155566 0.000000 196.523845 -0.155566 0.987826 0.000000 -18.699296 0.000000 0.000000 1.000000 0.000000
0.987694 0.156396 0.000000 197.155296 -0.156396 0.987694 0.000000 -18.883160 0.000000 0.000000 1.000000 0.000000
0.987265 0.159083 0.000000 197.782649 -0.159083 0.987265 0.000000 -19.011357 0.000000 0.000000 1.000000 0.000000
0.987025 0.160568 0.000000 198.741931 -0.160568 0.987025 0.000000 -19.231130 0.000000 0.000000 1.000000 0.000000
0.986509 0.163704 0.000000 199.339411 -0.163704 0.986509 0.000000 -19.334752 0.000000 0.000000 1.000000 0.000000
0.986291 0.165014 0.000000 199.657604 -0.165014 0.986291 0.000000 -19.377175 0.000000 0.000000 1.000000 0.000000
0.986082 0.166257 0.000000 200.158360 -0.166257 0.986082 0.000000 -19.472966 0.000000 0.000000 1.000000 0.000000
0.985676 0.168649 0.000000 201.069311 -0.168649 0.985676 0.000000 -19.585335 0.000000 0.000000 1.000000 0.000000
0.985985 0.166836 0.000000 201.699356 -0.166836 0.985985 0.000000 -19.714305 0.000000 0.000000 1.000000 0.000000
0.986093 0.166197 0.000000 202.394397 -0.166197 0.986093 0.000000 -19.808646 0.000000 0.000000 1.000000 0.000000
0.986286 0.165046 0.000000 203.001176 -0.165046 0.986286 0.000000 -19.926751 0.000000 0.000000 1.000000 0.000000
0.986064 0.166363 0.000000 203.542500 -0.166363 0.986064 0.000000 -20.045701 0.000000 0.000000 1.000000 0.000000
0.986073 0.166314 0.000000 204.611662 -0.166314 0.986073 0.000000 -20.231636 0.000000 0.000000 1.000000 0.000000
0.986116 0.166058 0.000000 205.264810 -0.166058 0.986116 0.000000 -20.308806 0.000000 0.000000 1.000000 0.000000
0.986093 0.166197 0.000000 206.185840 -0.166197 0.986093 0.000000 -20.511475 0.000000 0.000000 1.000000 0.000000
0.985762 0.168147 0.000000 206.963450 -0.168147 0.985762 0.000000 -20.661255 0.000000 0.000000 1.000000 0.000000
0.986109 0.166099 0.000000 207.951755 -0.166099 0.986109 0.000000 -20.834292 0.000000 0.000000 1.000000 0.000000
0.986133 0.165955 0.000000 208.606131 -0.165955 0.986133 0.000000 -21.033350 0.000000 0.000000 1.000000 0.000000
0.985996 0.166767 0.000000 209.221291 -0.166767 0.985996 0.000000 -21.151106 0.000000 0.000000 1.000000 0.000000
0.985849 0.167634 0.000000 209.793597 -0.167634 0.985849 0.000000 -21.273562 0.000000 0.000000 1.000000 0.000000
0.985477 0.169811 0.000000 210.490823 -0.169811 0.985477 0.000000 -21.406105 0.000000 0.000000 1.000000 0.000000
0.985816 0.167830 0.000000 211.149097 -0.167830 0.985816 0.000000 -21.524335 0.000000 0.000000 1.000000 0.000000
0.985700 0.168510 0.000000 211.781978 -0.168510 0.985700 0.000000 -21.648148 0.000000 0.000000 1.000000 0.000000
0.985816 0.167832 0.000000 212.812446 -0.167832 0.985816 0.000000 -21.884090 0.000000 0.000000 1.000000 0.000000
0.985887 0.167413 0.000000 213.361297 -0.167413 0.985887 0.000000 -21.999517 0.000000 0.000000 1.000000 0.000000
0.985868 0.167525 0.000000 213.913070 -0.167525 0.985868 0.000000 -22.109434 0.000000 0.000000 1.000000 0.000000
0.986056 0.166416 0.000000 214.399253 -0.166416 0.986056 0.000000 -22.176421 0.000000 0.000000 1.000000 0.000000
